"Time","Fp1","AF3","F7","F3","FC1","FC5","T7","C3","CP1","CP5","P7","P3","Pz","PO3","O1","Oz","O2","PO4","P4","P8","CP6","CP2","C4","T8","FC6","FC2","F4","F8","AF4","Fp2","Fz","Cz"
0.0078125,1.825533711e-13,1.583657528e-14,5.668332953e-13,1.246953411e-13,6.453297515e-14,7.024332869e-14,7.647448888e-14,1.562388329e-13,7.312409429e-14,8.909178966e-14,3.283321126e-13,1.24252963e-13,4.615702926e-14,1.09231764e-13,2.031760862e-13,4.640558416e-13,2.34902607e-13,1.811066052e-13,7.715523301e-14,3.012308473e-13,9.912185657e-14,4.571787413e-14,2.835415862e-14,3.380931664e-13,5.326502377e-14,3.52289907e-14,7.738885077e-14,8.648811961e-14,7.650326683e-13,4.570011472e-14,2.898022625e-13,1.179620557e-14
0.015625,1.861458754e-13,1.643432883e-14,5.7132318e-13,1.257959271e-13,6.570010957e-14,7.190689393e-14,7.733911518e-14,1.576058102e-13,7.388392749e-14,9.077839174e-14,3.319477298e-13,1.254188684e-13,4.736145843e-14,1.108170339e-13,2.102008653e-13,4.77904902e-13,2.417503654e-13,1.875586345e-13,7.853257359e-14,3.073698706e-13,1.003261192e-13,4.609291544e-14,2.88213401e-14,3.422419877e-13,5.49253583e-14,3.654466597e-14,7.914401525e-14,8.780994495e-14,7.713574975e-13,4.620157189e-14,2.921379125e-13,1.2163687e-14
0.0234375,1.898152844e-13,1.706749974e-14,5.755606298e-13,1.267938984e-13,6.691799562e-14,7.365228189e-14,7.815166034e-14,1.58941971e-13,7.465224325e-14,9.240823072e-14,3.353890352e-13,1.265712624e-13,4.860880066e-14,1.124672443e-13,2.173620103e-13,4.920303745e-13,2.488099638e-13,1.942157515e-13,7.98929055e-14,3.135422659e-13,1.015068346e-13,4.646260679e-14,2.92654811e-14,3.463991851e-13,5.659462782e-14,3.791155146e-14,8.090711743e-14,8.908963384e-14,7.771778832e-13,4.668353396e-14,2.943601224e-13,1.253590458e-14
0.03125,1.934262207e-13,1.774298421e-14,5.796239995e-13,1.27856171e-13,6.817382077e-14,7.543676478e-14,7.888526464e-14,1.603021251e-13,7.543870213e-14,9.399223591e-14,3.387794328e-13,1.277496855e-13,4.986242353e-14,1.14166477e-13,2.245711379e-13,5.062916292e-13,2.559751846e-13,2.009769327e-13,8.127933029e-14,3.197750664e-13,1.027190248e-13,4.682432028e-14,2.970346435e-14,3.50463117e-13,5.825287619e-14,3.932730092e-14,8.268982456e-14,9.035144178e-14,7.827757251e-13,4.71612139e-14,2.964662768e-13,1.29082284e-14
0.0390625,1.970451199e-13,1.842492693e-14,5.834346906e-13,1.290376039e-13,6.937890572e-14,7.714187258e-14,7.952529623e-14,1.616500258e-13,7.617876749e-14,9.554267513e-14,3.421925589e-13,1.288619847e-13,5.108883353e-14,1.157878427e-13,2.317471879e-13,5.206804555e-13,2.632397905e-13,2.07753974e-13,8.261990776e-14,3.259921725e-13,1.039391438e-13,4.713332013e-14,3.013331497e-14,3.543795261e-13,5.990063605e-14,4.07804334e-14,8.45079486e-14,9.157471655e-14,7.880185935e-13,4.764028846e-14,2.983231791e-13,1.327899748e-14
0.046875,2.007616134e-13,1.917280642e-14,5.86983877e-13,1.300912312e-13,7.05593385e-14,7.887224768e-14,8.010044829e-14,1.629057088e-13,7.6883867e-14,9.706486386e-14,3.456190913e-13,1.299208115e-13,5.237313417e-14,1.173938332e-13,2.390770879e-13,5.354118365e-13,2.707413483e-13,2.146709013e-13,8.394434694e-14,3.322307902e-13,1.051488494e-13,4.742637207e-14,3.053405574e-14,3.582215195e-13,6.156310742e-14,4.227370103e-14,8.641666697e-14,9.277447011e-14,7.92859232e-13,4.810884284e-14,3.000127922e-13,1.365229089e-14
0.0546875,2.044411203e-13,1.996106981e-14,5.901492971e-13,1.310407867e-13,7.177565729e-14,8.069177434e-14,8.062646484e-14,1.640943375e-13,7.760131721e-14,9.855210933e-14,3.489190843e-13,1.309379887e-13,5.371283475e-14,1.190462954e-13,2.46534883e-13,5.503200139e-13,2.7837256e-13,2.21738373e-13,8.528829121e-14,3.385873464e-13,1.063348304e-13,4.773582029e-14,3.092175724e-14,3.620048535e-13,6.324706486e-14,4.380737768e-14,8.838516497e-14,9.399542072e-14,7.974192329e-13,4.854041143e-14,3.01541312e-13,1.404269998e-14
0.0625,2.08008931e-13,2.065756734e-14,5.928336214e-13,1.320646278e-13,7.301953931e-14,8.249682623e-14,8.108773104e-14,1.652904769e-13,7.830002001e-14,9.99458521e-14,3.520028681e-13,1.318518547e-13,5.502041681e-14,1.206651786e-13,2.539428e-13,5.651943473e-13,2.860053191e-13,2.288710192e-13,8.658591384e-14,3.449822981e-13,1.074692841e-13,4.800851272e-14,3.131083259e-14,3.656329247e-13,6.494394132e-14,4.537814369e-14,9.030435736e-14,9.514357097e-14,8.015218107e-13,4.893740036e-14,3.02766763e-13,1.444947961e-14
0.0703125,2.116127826e-13,2.133839801e-14,5.951567805e-13,1.330994854e-13,7.426998842e-14,8.424381392e-14,8.147810543e-14,1.664835194e-13,7.895986481e-14,1.012419234e-13,3.549655188e-13,1.327000482e-13,5.631852297e-14,1.222254952e-13,2.61352153e-13,5.802255008e-13,2.937569642e-13,2.361314131e-13,8.783757231e-14,3.513433783e-13,1.085554636e-13,4.823676869e-14,3.1689911e-14,3.691216513e-13,6.664768654e-14,4.69844198e-14,9.220168262e-14,9.620598631e-14,8.050741074e-13,4.932364726e-14,3.037642663e-13,1.484557757e-14
0.078125,2.153203746e-13,2.211500867e-14,5.971393845e-13,1.340534238e-13,7.552185485e-14,8.594962472e-14,8.180369152e-14,1.676331997e-13,7.9616166e-14,1.02504724e-13,3.578662494e-13,1.335413196e-13,5.764430055e-14,1.237667684e-13,2.687731087e-13,5.954501645e-13,3.016417247e-13,2.435075785e-13,8.908088141e-14,3.57792816e-13,1.096155891e-13,4.846096013e-14,3.206059942e-14,3.725894948e-13,6.834278403e-14,4.861289636e-14,9.418942308e-14,9.729729822e-14,8.082778385e-13,4.968972173e-14,3.046414286e-13,1.522996175e-14
0.0859375,2.18995384e-13,2.286760952e-14,5.987316263e-13,1.349576418e-13,7.676005111e-14,8.765260686e-14,8.207558757e-14,1.687409639e-13,8.026454323e-14,1.037215752e-13,3.606796505e-13,1.34331182e-13,5.896941702e-14,1.252830071e-13,2.761272435e-13,6.106986984e-13,3.095432038e-13,2.508514869e-13,9.028184745e-14,3.64361381e-13,1.106562362e-13,4.866094664e-14,3.241808605e-14,3.759969551e-13,7.002453424e-14,5.026844452e-14,9.626134969e-14,9.835819411e-14,8.111592632e-13,5.002355298e-14,3.052978779e-13,1.562935026e-14
0.09375,2.225830105e-13,2.35864274e-14,6.000134771e-13,1.3589765e-13,7.797628811e-14,8.940315943e-14,8.229848578e-14,1.698127772e-13,8.087947763e-14,1.048595146e-13,3.634267725e-13,1.350448275e-13,6.02931348e-14,1.267724585e-13,2.834906169e-13,6.260379114e-13,3.175042369e-13,2.581669174e-13,9.143215486e-14,3.709184919e-13,1.116759278e-13,4.881565329e-14,3.274915102e-14,3.792429148e-13,7.170587387e-14,5.198222104e-14,9.833997352e-14,9.932920141e-14,8.136040652e-13,5.034286666e-14,3.056784362e-13,1.604328185e-14
0.1015625,2.26257175e-13,2.443671719e-14,6.010121784e-13,1.369135929e-13,7.921443095e-14,9.117708464e-14,8.245277512e-14,1.70851517e-13,8.146450587e-14,1.059509014e-13,3.660875195e-13,1.357026283e-13,6.162748086e-14,1.282709222e-13,2.909401291e-13,6.415676922e-13,3.256130472e-13,2.655836582e-13,9.255822166e-14,3.774706204e-13,1.126686556e-13,4.894737694e-14,3.306894194e-14,3.823695613e-13,7.338447166e-14,5.374921213e-14,1.003945703e-13,1.003259879e-13,8.156104291e-13,5.064925744e-14,3.058616549e-13,1.645966499e-14
0.109375,2.301158136e-13,2.537533861e-14,6.017330176e-13,1.379115005e-13,8.051384362e-14,9.297261364e-14,8.251578251e-14,1.718536445e-13,8.201171156e-14,1.070039873e-13,3.686338499e-13,1.363070352e-13,6.298446936e-14,1.297997073e-13,2.984328476e-13,6.572194204e-13,3.338687294e-13,2.731522368e-13,9.365768167e-14,3.840528853e-13,1.136324923e-13,4.905932024e-14,3.338283795e-14,3.853819582e-13,7.505045764e-14,5.5546846e-14,1.024777946e-13,1.013678275e-13,8.17209007e-13,5.0937663e-14,3.059074911e-13,1.688238063e-14
0.1171875,2.339893263e-13,2.625688386e-14,6.021493621e-13,1.389025252e-13,8.181435736e-14,9.481143941e-14,8.248927299e-14,1.728016098e-13,8.251825587e-14,1.080220911e-13,3.711337041e-13,1.368605995e-13,6.437191016e-14,1.31334361e-13,3.058289759e-13,6.728726314e-13,3.422593387e-13,2.808077528e-13,9.472502057e-14,3.90516745e-13,1.145692465e-13,4.914420824e-14,3.367608443e-14,3.88193271e-13,7.6704811e-14,5.739061218e-14,1.046726003e-13,1.024166806e-13,8.183716412e-13,5.123268045e-14,3.057576591e-13,1.731022528e-14
0.125,2.377615994e-13,2.709740101e-14,6.020893515e-13,1.400177395e-13,8.307387911e-14,9.66074206e-14,8.240186678e-14,1.737096237e-13,8.301200029e-14,1.090268323e-13,3.735772979e-13,1.373525651e-13,6.574317967e-14,1.328480996e-13,3.130019221e-13,6.884181731e-13,3.507426758e-13,2.884543302e-13,9.574666643e-14,3.968199078e-13,1.154759189e-13,4.920433221e-14,3.395965582e-14,3.908579893e-13,7.835285336e-14,5.9278141e-14,1.069223588e-13,1.034978169e-13,8.19014875e-13,5.154178514e-14,3.052801728e-13,1.7739653e-14
0.1328125,2.41520561e-13,2.794899945e-14,6.016621029e-13,1.411143358e-13,8.436563606e-14,9.837642104e-14,8.228054763e-14,1.745873024e-13,8.349497544e-14,1.099661862e-13,3.75891466e-13,1.37779202e-13,6.708937176e-14,1.343582094e-13,3.201014646e-13,7.038656256e-13,3.592273695e-13,2.960788982e-13,9.672227171e-14,4.031307524e-13,1.16363169e-13,4.923519805e-14,3.423224957e-14,3.934704336e-13,7.999940518e-14,6.117537541e-14,1.090872036e-13,1.045130173e-13,8.192158497e-13,5.183275121e-14,3.04526841e-13,1.816979429e-14
0.140625,2.453001136e-13,2.883914572e-14,6.011894043e-13,1.420195874e-13,8.569115692e-14,1.002740556e-13,8.210487589e-14,1.753923218e-13,8.3936629e-14,1.107995095e-13,3.781242632e-13,1.381597546e-13,6.846562581e-14,1.35857284e-13,3.273562901e-13,7.193338719e-13,3.676839621e-13,3.037222664e-13,9.767885218e-14,4.095264272e-13,1.172296962e-13,4.9238437e-14,3.446640139e-14,3.959541762e-13,8.163321636e-14,6.309178297e-14,1.112160179e-13,1.053899672e-13,8.192027638e-13,5.208165702e-14,3.036848151e-13,1.85966839e-14
0.1484375,2.490786989e-13,2.979042515e-14,6.005438934e-13,1.429174641e-13,8.696999197e-14,1.022627724e-13,8.184724197e-14,1.761417649e-13,8.43264464e-14,1.115709888e-13,3.803090697e-13,1.384710161e-13,6.986412769e-14,1.373070971e-13,3.347290276e-13,7.349366098e-13,3.762153281e-13,3.114132188e-13,9.859941649e-14,4.159936001e-13,1.180436578e-13,4.92140944e-14,3.467593984e-14,3.982553393e-13,8.324397335e-14,6.505530364e-14,1.134546762e-13,1.062688959e-13,8.1889298e-13,5.229684005e-14,3.027339396e-13,1.902990501e-14
0.15625,2.528552098e-13,3.075435448e-14,5.994959467e-13,1.439371496e-13,8.826229947e-14,1.042332254e-13,8.153500019e-14,1.769089928e-13,8.468730115e-14,1.122675235e-13,3.824140538e-13,1.387174357e-13,7.126917385e-14,1.387567305e-13,3.420916993e-13,7.506286817e-13,3.848886315e-13,3.19188795e-13,9.948031599e-14,4.225056841e-13,1.188233597e-13,4.916150536e-14,3.488688315e-14,4.004393481e-13,8.485175086e-14,6.706080803e-14,1.15771105e-13,1.071811819e-13,8.18043699e-13,5.24991649e-14,3.015764484e-13,1.947108673e-14
0.1640625,2.565253938e-13,3.170400297e-14,5.981142369e-13,1.449808735e-13,8.965359836e-14,1.062278321e-13,8.1179087e-14,1.776631292e-13,8.504109687e-14,1.128455437e-13,3.844636712e-13,1.38964827e-13,7.270730332e-14,1.402654438e-13,3.493031474e-13,7.660555461e-13,3.935636584e-13,3.269961477e-13,1.003775086e-13,4.289132393e-13,1.196190107e-13,4.909877997e-14,3.508497996e-14,4.024659708e-13,8.64559713e-14,6.91099297e-14,1.180691652e-13,1.079836154e-13,8.167028404e-13,5.268690982e-14,3.002150702e-13,1.989658549e-14
0.171875,2.600641841e-13,3.268446211e-14,5.962806413e-13,1.460651126e-13,9.105694601e-14,1.081989826e-13,8.073715064e-14,1.783379452e-13,8.536554109e-14,1.133552032e-13,3.863976782e-13,1.391669958e-13,7.413934475e-14,1.417537476e-13,3.562161303e-13,7.809936768e-13,4.021204304e-13,3.346971612e-13,1.012540365e-13,4.351765624e-13,1.203900592e-13,4.901317074e-14,3.526598338e-14,4.042565984e-13,8.802235327e-14,7.121420738e-14,1.20380503e-13,1.086901532e-13,8.149333544e-13,5.283700795e-14,2.985696012e-13,2.031350204e-14
0.1796875,2.636264525e-13,3.367685251e-14,5.939423997e-13,1.471934133e-13,9.238869218e-14,1.1005438e-13,8.020730075e-14,1.78963436e-13,8.564114825e-14,1.138281693e-13,3.881203194e-13,1.39244713e-13,7.551594207e-14,1.431326399e-13,3.628939254e-13,7.956547285e-13,4.106141181e-13,3.422585661e-13,1.020171829e-13,4.415045302e-13,1.210769148e-13,4.887003196e-14,3.544360602e-14,4.059210503e-13,8.954969681e-14,7.335300682e-14,1.227257444e-13,1.094220582e-13,8.127459121e-13,5.295424628e-14,2.966207179e-13,2.075573852e-14
0.1875,2.671937162e-13,3.461892856e-14,5.915137449e-13,1.482374077e-13,9.369931754e-14,1.119223846e-13,7.962158989e-14,1.795573879e-13,8.591054272e-14,1.14232394e-13,3.897736282e-13,1.392836148e-13,7.686345119e-14,1.4444737e-13,3.69403355e-13,8.100657999e-13,4.190291603e-13,3.496810934e-13,1.027022041e-13,4.479093889e-13,1.217227391e-13,4.869791211e-14,3.560931697e-14,4.075484832e-13,9.104553036e-14,7.549147734e-14,1.250071154e-13,1.101569422e-13,8.103173202e-13,5.306483547e-14,2.945478133e-13,2.121532583e-14
0.1953125,2.706564377e-13,3.552693301e-14,5.890722578e-13,1.492945778e-13,9.504520069e-14,1.139004507e-13,7.897358369e-14,1.800834315e-13,8.616942206e-14,1.145982769e-13,3.915074806e-13,1.393324615e-13,7.821604768e-14,1.457779193e-13,3.756931593e-13,8.240857364e-13,4.273255169e-13,3.569506017e-13,1.033704649e-13,4.541570785e-13,1.223702808e-13,4.852536962e-14,3.576016574e-14,4.090046526e-13,9.24936881e-14,7.762843684e-14,1.272117137e-13,1.108267689e-13,8.076415898e-13,5.316676598e-14,2.923747205e-13,2.166120679e-14
0.203125,2.741214086e-13,3.647752623e-14,5.862275515e-13,1.505801527e-13,9.643278837e-14,1.158911275e-13,7.826295906e-14,1.805447971e-13,8.634100189e-14,1.149659106e-13,3.932249158e-13,1.392942515e-13,7.959219234e-14,1.47135138e-13,3.818791537e-13,8.379162248e-13,4.356068836e-13,3.641982818e-13,1.039988544e-13,4.602342233e-13,1.229867789e-13,4.831518068e-14,3.590933955e-14,4.102084971e-13,9.390592849e-14,7.980575475e-14,1.29503315e-13,1.114965165e-13,8.045594137e-13,5.325289581e-14,2.899727073e-13,2.208788598e-14
0.2109375,2.776075655e-13,3.751557338e-14,5.830149666e-13,1.51950943e-13,9.784866033e-14,1.17886089e-13,7.751633081e-14,1.809517889e-13,8.646279016e-14,1.152828356e-13,3.948589445e-13,1.3918837e-13,8.097740296e-14,1.484999964e-13,3.879857557e-13,8.515786938e-13,4.438677041e-13,3.714772576e-13,1.045949061e-13,4.662941404e-13,1.235670594e-13,4.807307455e-14,3.604692363e-14,4.112716823e-13,9.52897032e-14,8.204443268e-14,1.319503912e-13,1.122313194e-13,8.011355293e-13,5.333764495e-14,2.873983759e-13,2.2507798e-14
0.21875,2.809310182e-13,3.858903797e-14,5.796889523e-13,1.531649015e-13,9.926581662e-14,1.199594607e-13,7.672684201e-14,1.812979071e-13,8.663420772e-14,1.155147857e-13,3.964490235e-13,1.39113191e-13,8.232647898e-14,1.498690331e-13,3.937939758e-13,8.64800044e-13,4.519930806e-13,3.785730918e-13,1.051937882e-13,4.723856287e-13,1.241454134e-13,4.785034474e-14,3.615412995e-14,4.122336882e-13,9.661024768e-14,8.429456871e-14,1.344145847e-13,1.129229662e-13,7.973621762e-13,5.341412615e-14,2.847637026e-13,2.293434316e-14
0.2265625,2.840599447e-13,3.960199663e-14,5.761297102e-13,1.543656651e-13,1.006779862e-13,1.220616699e-13,7.587498152e-14,1.816031461e-13,8.680044869e-14,1.157173337e-13,3.979346316e-13,1.390105247e-13,8.365806399e-14,1.512182256e-13,3.993266268e-13,8.776102136e-13,4.600028533e-13,3.853997217e-13,1.057704809e-13,4.785142115e-13,1.247076576e-13,4.762664068e-14,3.624324227e-14,4.130025691e-13,9.787995057e-14,8.652495882e-14,1.368251547e-13,1.134663495e-13,7.931524991e-13,5.345239096e-14,2.820335721e-13,2.336373135e-14
0.234375,2.870669552e-13,4.053993829e-14,5.723005712e-13,1.55738559e-13,1.021128267e-13,1.241539077e-13,7.497795516e-14,1.818546776e-13,8.688225678e-14,1.159108633e-13,3.993009253e-13,1.388190948e-13,8.501506773e-14,1.525236253e-13,4.047448058e-13,8.900134157e-13,4.679094925e-13,3.921159865e-13,1.063181043e-13,4.846010934e-13,1.252244949e-13,4.736591477e-14,3.633829205e-14,4.135448794e-13,9.915877096e-14,8.878554983e-14,1.392657258e-13,1.139569111e-13,7.887165156e-13,5.345635953e-14,2.791609324e-13,2.378150372e-14
0.2421875,2.900010416e-13,4.148094584e-14,5.684630354e-13,1.571403393e-13,1.035966164e-13,1.263177714e-13,7.405204309e-14,1.820055265e-13,8.693969592e-14,1.16037069e-13,4.007096484e-13,1.386240623e-13,8.639383442e-14,1.538614501e-13,4.099927274e-13,9.018788613e-13,4.756932334e-13,3.987507825e-13,1.068878772e-13,4.905189246e-13,1.257256815e-13,4.709914665e-14,3.642930861e-14,4.139118197e-13,1.004364367e-13,9.10970843e-14,1.4176241e-13,1.145061565e-13,7.841815683e-13,5.346166861e-14,2.761784068e-13,2.419546508e-14
0.25,2.929898606e-13,4.249334207e-14,5.646308625e-13,1.584622595e-13,1.05119432e-13,1.285821856e-13,7.307976447e-14,1.820809698e-13,8.700986799e-14,1.160911692e-13,4.022388247e-13,1.384565206e-13,8.77938375e-14,1.552951454e-13,4.149801534e-13,9.133566586e-13,4.83429742e-13,4.051749275e-13,1.074725579e-13,4.963293889e-13,1.262459571e-13,4.684275399e-14,3.648496814e-14,4.141708886e-13,1.016372798e-13,9.340185896e-14,1.442415897e-13,1.150726194e-13,7.793446858e-13,5.347961544e-14,2.731153435e-13,2.461279861e-14
0.2578125,2.960253207e-13,4.353181395e-14,5.605506259e-13,1.598076623e-13,1.066291988e-13,1.308581695e-13,7.20454308e-14,1.821420508e-13,8.704418372e-14,1.161501291e-13,4.03759228e-13,1.382301456e-13,8.916074484e-14,1.566982139e-13,4.196350729e-13,9.244380843e-13,4.910969765e-13,4.113410526e-13,1.079918122e-13,5.020990672e-13,1.267521314e-13,4.656346624e-14,3.650922574e-14,4.143516204e-13,1.027306255e-13,9.566624642e-14,1.4666262e-13,1.155989944e-13,7.74091275e-13,5.34887576e-14,2.69914832e-13,2.501946827e-14
0.265625,2.98884329e-13,4.450239024e-14,5.561846362e-13,1.612245372e-13,1.081082335e-13,1.330724201e-13,7.0961591e-14,1.821876064e-13,8.703904843e-14,1.162422391e-13,4.051473381e-13,1.379276361e-13,9.040766271e-14,1.579654179e-13,4.239958217e-13,9.349760061e-13,4.985979641e-13,4.173256889e-13,1.084287357e-13,5.077402742e-13,1.271965909e-13,4.625054069e-14,3.653201293e-14,4.144001443e-13,1.037679581e-13,9.792523063e-14,1.490873426e-13,1.160994352e-13,7.685020443e-13,5.347482284e-14,2.665246166e-13,2.541975194e-14
0.2734375,3.015373551e-13,4.546964576e-14,5.517342779e-13,1.627058817e-13,1.096306666e-13,1.352687974e-13,6.985001465e-14,1.821804858e-13,8.701472638e-14,1.16325272e-13,4.06449536e-13,1.376228877e-13,9.161223768e-14,1.592297106e-13,4.283533668e-13,9.452026978e-13,5.059775215e-13,4.23240348e-13,1.08863443e-13,5.13306919e-13,1.275994523e-13,4.592432592e-14,3.65547648e-14,4.142771162e-13,1.048071828e-13,1.002367754e-13,1.51613965e-13,1.165918457e-13,7.627427427e-13,5.344484887e-14,2.630562719e-13,2.582655749e-14
0.28125,3.041634646e-13,4.655558948e-14,5.473062032e-13,1.642614128e-13,1.112311441e-13,1.37566292e-13,6.87233213e-14,1.820981251e-13,8.695175277e-14,1.163780207e-13,4.078124145e-13,1.373437316e-13,9.290061072e-14,1.606051871e-13,4.327635593e-13,9.55121369e-13,5.132928554e-13,4.29113563e-13,1.093474837e-13,5.188724074e-13,1.280150083e-13,4.55920525e-14,3.656628373e-14,4.140168484e-13,1.058380755e-13,1.026195796e-13,1.542162036e-13,1.170823881e-13,7.569319372e-13,5.341373123e-14,2.596357379e-13,2.622685665e-14
0.2890625,3.067781651e-13,4.765901324e-14,5.42819941e-13,1.658557199e-13,1.128111269e-13,1.400179107e-13,6.758888116e-14,1.819404789e-13,8.684218456e-14,1.164062603e-13,4.092923425e-13,1.370431798e-13,9.421189264e-14,1.619842667e-13,4.369060028e-13,9.643620245e-13,5.205272306e-13,4.348520993e-13,1.098372097e-13,5.242826031e-13,1.284400688e-13,4.524684492e-14,3.657198858e-14,4.136008724e-13,1.068240791e-13,1.050040727e-13,1.567615228e-13,1.175842889e-13,7.50924957e-13,5.33922784e-14,2.561994895e-13,2.66088136e-14
0.296875,3.092693056e-13,4.861158141e-14,5.38178843e-13,1.674662342e-13,1.143140739e-13,1.425846621e-13,6.645836104e-14,1.817118753e-13,8.670272794e-14,1.1641389e-13,4.10786414e-13,1.366691623e-13,9.544806629e-14,1.632508523e-13,4.406505906e-13,9.728992325e-13,5.276116376e-13,4.403381094e-13,1.102681745e-13,5.295575478e-13,1.288171944e-13,4.489005001e-14,3.657103868e-14,4.129819592e-13,1.077650474e-13,1.073042722e-13,1.592055792e-13,1.180833008e-13,7.446025835e-13,5.336475577e-14,2.526590881e-13,2.697219855e-14
0.3046875,3.116114491e-13,4.945373422e-14,5.333968683e-13,1.690671854e-13,1.15819778e-13,1.452286176e-13,6.534644182e-14,1.814005547e-13,8.653716805e-14,1.164194331e-13,4.121856782e-13,1.362198905e-13,9.664064003e-14,1.644369255e-13,4.441072234e-13,9.808171431e-13,5.344010627e-13,4.455309531e-13,1.106421254e-13,5.349126387e-13,1.291329686e-13,4.452614644e-14,3.656432568e-14,4.122028738e-13,1.086708963e-13,1.095449486e-13,1.616022124e-13,1.185260812e-13,7.381345765e-13,5.330059946e-14,2.490422972e-13,2.731609278e-14
0.3125,3.138070524e-13,5.031059872e-14,5.28588612e-13,1.706323328e-13,1.173554677e-13,1.47890057e-13,6.424525787e-14,1.810140079e-13,8.633394028e-14,1.164461488e-13,4.135031284e-13,1.357431402e-13,9.783771866e-14,1.655937756e-13,4.473748705e-13,9.880879053e-13,5.408870023e-13,4.504753104e-13,1.110155532e-13,5.40250412e-13,1.294370186e-13,4.414578544e-14,3.656869346e-14,4.112955204e-13,1.095346189e-13,1.118086367e-13,1.640167912e-13,1.189064498e-13,7.315889994e-13,5.32153357e-14,2.453911351e-13,2.765405604e-14
0.3203125,3.158410839e-13,5.122040602e-14,5.238831499e-13,1.722440687e-13,1.188695311e-13,1.505215611e-13,6.312240668e-14,1.805864363e-13,8.609276594e-14,1.165053504e-13,4.148133512e-13,1.352803582e-13,9.902324979e-14,1.667119732e-13,4.504984837e-13,9.948159002e-13,5.472164409e-13,4.551995483e-13,1.11408288e-13,5.453560356e-13,1.297450449e-13,4.374883478e-14,3.657642434e-14,4.1023851e-13,1.103433374e-13,1.140940907e-13,1.665100018e-13,1.192986542e-13,7.248795939e-13,5.315342887e-14,2.417399367e-13,2.799671384e-14
0.328125,3.177961208e-13,5.214694066e-14,5.192750635e-13,1.739142661e-13,1.204221479e-13,1.532284023e-13,6.198140661e-14,1.801104068e-13,8.584126693e-14,1.165994094e-13,4.161655967e-13,1.348325799e-13,1.001791981e-13,1.678331303e-13,4.533849315e-13,1.000946855e-12,5.534336338e-13,4.596958107e-13,1.117914439e-13,5.502565051e-13,1.300181115e-13,4.336365224e-14,3.655973042e-14,4.090650963e-13,1.110917844e-13,1.163447416e-13,1.690611801e-13,1.197295915e-13,7.180650255e-13,5.31050473e-14,2.381183901e-13,2.832801577e-14
0.3359375,3.197481506e-13,5.304532926e-14,5.145902723e-13,1.755518544e-13,1.22100398e-13,1.56092355e-13,6.086752367e-14,1.79548344e-13,8.559065254e-14,1.16707268e-13,4.175531498e-13,1.343853866e-13,1.013311993e-13,1.690476027e-13,4.559917961e-13,1.00637593e-12,5.595510706e-13,4.640129022e-13,1.12172903e-13,5.550034156e-13,1.302442155e-13,4.29991583e-14,3.652383033e-14,4.0778168e-13,1.117975044e-13,1.185534788e-13,1.715855836e-13,1.201481672e-13,7.111687596e-13,5.302915321e-14,2.344999104e-13,2.863604746e-14
0.34375,3.215448345e-13,5.391894054e-14,5.097352087e-13,1.772455571e-13,1.238373448e-13,1.590030735e-13,5.97908922e-14,1.789018382e-13,8.531147209e-14,1.168130588e-13,4.189053681e-13,1.339283625e-13,1.025011735e-13,1.703288403e-13,4.584387494e-13,1.011225314e-12,5.655460984e-13,4.681573207e-13,1.125713177e-13,5.596171068e-13,1.304480432e-13,4.262762794e-14,3.649102242e-14,4.062981919e-13,1.124729674e-13,1.207465131e-13,1.740779903e-13,1.205501848e-13,7.040813618e-13,5.292947465e-14,2.308745787e-13,2.892870544e-14
0.3515625,3.230676226e-13,5.477924697e-14,5.048635269e-13,1.79061079e-13,1.255565033e-13,1.619330979e-13,5.873265566e-14,1.782027654e-13,8.500175335e-14,1.169595562e-13,4.201757383e-13,1.334575953e-13,1.036639932e-13,1.715869788e-13,4.607202387e-13,1.015481374e-12,5.712695746e-13,4.720497084e-13,1.129512823e-13,5.641303856e-13,1.306438333e-13,4.224307098e-14,3.645994523e-14,4.046123907e-13,1.131049665e-13,1.229305857e-13,1.765723629e-13,1.209674569e-13,6.968015557e-13,5.283005512e-14,2.272940369e-13,2.921630741e-14
0.359375,3.245052655e-13,5.561352001e-14,5.001393808e-13,1.808572522e-13,1.272840389e-13,1.649817132e-13,5.76949646e-14,1.774900351e-13,8.469677609e-14,1.171869066e-13,4.214495297e-13,1.329822211e-13,1.047910284e-13,1.728313552e-13,4.628280524e-13,1.019158376e-12,5.767612114e-13,4.75712147e-13,1.133083534e-13,5.684692991e-13,1.308302855e-13,4.186734833e-14,3.641933481e-14,4.028526297e-13,1.136962774e-13,1.250972978e-13,1.790351421e-13,1.213938118e-13,6.894138271e-13,5.272942272e-14,2.23766316e-13,2.950498225e-14
0.3671875,3.259114311e-13,5.641306735e-14,4.955372342e-13,1.826700074e-13,1.290360323e-13,1.681076631e-13,5.666494007e-14,1.767831652e-13,8.439915121e-14,1.174529236e-13,4.228363519e-13,1.32510033e-13,1.058718917e-13,1.740883732e-13,4.648613859e-13,1.022394425e-12,5.821512108e-13,4.791524806e-13,1.136860451e-13,5.726546862e-13,1.309985543e-13,4.150436963e-14,3.636701578e-14,4.010474753e-13,1.142496016e-13,1.272287511e-13,1.814235799e-13,1.218177555e-13,6.819474779e-13,5.262424122e-14,2.202519476e-13,2.978965393e-14
0.375,3.270933278e-13,5.715243131e-14,4.909997335e-13,1.846521926e-13,1.308183173e-13,1.712740831e-13,5.5619411e-14,1.760287641e-13,8.407432521e-14,1.177084526e-13,4.242872587e-13,1.320340362e-13,1.069308897e-13,1.753617951e-13,4.667584413e-13,1.025016558e-12,5.87326812e-13,4.823043191e-13,1.140791349e-13,5.768097423e-13,1.311493945e-13,4.114042207e-14,3.630866374e-14,3.99066564e-13,1.147481534e-13,1.29327265e-13,1.837738296e-13,1.222421624e-13,6.743665734e-13,5.252700003e-14,2.167718826e-13,3.005970533e-14
0.3828125,3.282144228e-13,5.790078554e-14,4.865505609e-13,1.867148068e-13,1.326405502e-13,1.745762549e-13,5.458376067e-14,1.751562013e-13,8.369416111e-14,1.179637642e-13,4.256735281e-13,1.315479045e-13,1.080431109e-13,1.766904793e-13,4.685426375e-13,1.027055159e-12,5.923039442e-13,4.853367288e-13,1.144800061e-13,5.808456086e-13,1.312956863e-13,4.076370427e-14,3.625192358e-14,3.968668228e-13,1.152148487e-13,1.314341111e-13,1.861719651e-13,1.226942401e-13,6.666301858e-13,5.243769126e-14,2.133673447e-13,3.031475916e-14
0.390625,3.295196264e-13,5.880734171e-14,4.821918521e-13,1.887301868e-13,1.344522466e-13,1.779880973e-13,5.358354592e-14,1.741829548e-13,8.328399646e-14,1.182061972e-13,4.269813974e-13,1.310580027e-13,1.091855866e-13,1.780149746e-13,4.7028614e-13,1.028723495e-12,5.9714024e-13,4.883159348e-13,1.149094607e-13,5.84716296e-13,1.314281763e-13,4.037840363e-14,3.619312434e-14,3.945800702e-13,1.156546714e-13,1.335152447e-13,1.885687063e-13,1.231823653e-13,6.587980107e-13,5.232912656e-14,2.099794811e-13,3.055377575e-14
0.3984375,3.307163001e-13,5.972508438e-14,4.778677475e-13,1.907055743e-13,1.362479585e-13,1.814182569e-13,5.259791356e-14,1.731569706e-13,8.290761949e-14,1.184083672e-13,4.282749648e-13,1.305791284e-13,1.102269118e-13,1.79227152e-13,4.716028741e-13,1.029475705e-12,6.014973637e-13,4.908360576e-13,1.15328303e-13,5.88527481e-13,1.315422999e-13,4.000703272e-14,3.612345761e-14,3.922479619e-13,1.159948428e-13,1.354393128e-13,1.907603583e-13,1.236054023e-13,6.509466614e-13,5.218110185e-14,2.065357598e-13,3.076726124e-14
0.40625,3.316538607e-13,6.037903781e-14,4.735287762e-13,1.926934183e-13,1.38107142e-13,1.849141267e-13,5.162483663e-14,1.720602242e-13,8.254075722e-14,1.186496031e-13,4.295467232e-13,1.301152061e-13,1.112044752e-13,1.804096141e-13,4.723629321e-13,1.029052018e-12,6.054014182e-13,4.928580626e-13,1.157066408e-13,5.921170843e-13,1.316626785e-13,3.964777812e-14,3.60500354e-14,3.897664008e-13,1.162430651e-13,1.372006715e-13,1.927600811e-13,1.239322103e-13,6.430528561e-13,5.201224444e-14,2.031175077e-13,3.094920837e-14
0.4140625,3.326564101e-13,6.092815712e-14,4.692096735e-13,1.947943282e-13,1.400319493e-13,1.885163057e-13,5.069688355e-14,1.708667659e-13,8.209494313e-14,1.190135647e-13,4.307578549e-13,1.296496595e-13,1.122512731e-13,1.81668895e-13,4.731843974e-13,1.028325015e-12,6.094458432e-13,4.949094351e-13,1.161055577e-13,5.954134518e-13,1.317697209e-13,3.927429808e-14,3.598074112e-14,3.871579968e-13,1.165014807e-13,1.389347314e-13,1.948323389e-13,1.243379235e-13,6.351248195e-13,5.18492303e-14,1.998471847e-13,3.110643237e-14
0.421875,3.336214005e-13,6.159762529e-14,4.650446485e-13,1.97015371e-13,1.419847641e-13,1.921975816e-13,4.982046669e-14,1.696038377e-13,8.160236766e-14,1.194252073e-13,4.319643756e-13,1.291829264e-13,1.132924205e-13,1.829494397e-13,4.742034219e-13,1.027459917e-12,6.135610739e-13,4.969489798e-13,1.165551543e-13,5.987448727e-13,1.318302421e-13,3.889982127e-14,3.590460071e-14,3.844932778e-13,1.167589726e-13,1.406541281e-13,1.96979196e-13,1.248586364e-13,6.272017385e-13,5.168706445e-14,1.966937964e-13,3.126175883e-14
0.4296875,3.342114761e-13,6.223928416e-14,4.610947611e-13,1.992199509e-13,1.439795544e-13,1.959480274e-13,4.897283424e-14,1.682800276e-13,8.113469825e-14,1.198174058e-13,4.33241938e-13,1.287373327e-13,1.142211098e-13,1.842192717e-13,4.748851591e-13,1.025608244e-12,6.171809042e-13,4.984851053e-13,1.170224911e-13,6.020482158e-13,1.318964064e-13,3.855012492e-14,3.581693535e-14,3.816672476e-13,1.169375804e-13,1.422802198e-13,1.989293168e-13,1.253060336e-13,6.192667195e-13,5.151176465e-14,1.935786186e-13,3.142353477e-14
0.4375,3.346909094e-13,6.281157703e-14,4.572656881e-13,2.013459448e-13,1.459853487e-13,1.997280335e-13,4.814087913e-14,1.668519134e-13,8.064074122e-14,1.202700921e-13,4.345416034e-13,1.28312167e-13,1.151149039e-13,1.854943396e-13,4.751936957e-13,1.022715717e-12,6.203739139e-13,4.996097206e-13,1.175015734e-13,6.049204189e-13,1.320078546e-13,3.820589826e-14,3.573225265e-14,3.786668753e-13,1.170586479e-13,1.438503517e-13,2.006593166e-13,1.256761981e-13,6.113772819e-13,5.13287189e-14,1.905298443e-13,3.156085886e-14
0.4453125,3.352961217e-13,6.345015806e-14,4.535201185e-13,2.033989374e-13,1.479846148e-13,2.035134878e-13,4.732741058e-14,1.653139155e-13,8.009600657e-14,1.208190769e-13,4.357866911e-13,1.279048355e-13,1.160427956e-13,1.867592937e-13,4.753970321e-13,1.019290781e-12,6.233943668e-13,5.006222468e-13,1.179913118e-13,6.07506997e-13,1.321188493e-13,3.785837675e-14,3.565550649e-14,3.756540501e-13,1.171585347e-13,1.454038279e-13,2.02397137e-13,1.261098597e-13,6.035903712e-13,5.114441373e-14,1.875977702e-13,3.165717559e-14
0.453125,3.35790248e-13,6.405527514e-14,4.499210543e-13,2.054086452e-13,1.500343849e-13,2.07365995e-13,4.654166377e-14,1.637111062e-13,7.956100132e-14,1.214047136e-13,4.369851504e-13,1.275209585e-13,1.169772107e-13,1.880363659e-13,4.754542452e-13,1.015354493e-12,6.26120715e-13,5.014318344e-13,1.184718608e-13,6.100137101e-13,1.322189028e-13,3.752560113e-14,3.557559628e-14,3.725762258e-13,1.172126877e-13,1.468780519e-13,2.042116175e-13,1.265799287e-13,5.95780721e-13,5.095464329e-14,1.847706223e-13,3.174058395e-14
0.4609375,3.361797819e-13,6.456357826e-14,4.464907715e-13,2.074741428e-13,1.520851555e-13,2.113297064e-13,4.58020978e-14,1.620500491e-13,7.901239773e-14,1.220378818e-13,4.381423628e-13,1.271324159e-13,1.178952659e-13,1.892985547e-13,4.754010054e-13,1.010849965e-12,6.285506071e-13,5.019733062e-13,1.189429015e-13,6.121117947e-13,1.323419582e-13,3.718893278e-14,3.548604194e-14,3.692899563e-13,1.1721223e-13,1.482766855e-13,2.059769998e-13,1.270316124e-13,5.878804457e-13,5.076268038e-14,1.820329993e-13,3.18251769e-14
0.46875,3.366137543e-13,6.512209268e-14,4.432908351e-13,2.095921869e-13,1.540912944e-13,2.153747821e-13,4.512065112e-14,1.603234212e-13,7.841844703e-14,1.227623595e-13,4.393051614e-13,1.267587854e-13,1.187998278e-13,1.90519315e-13,4.753314538e-13,1.005844641e-12,6.30803257e-13,5.023299708e-13,1.194362392e-13,6.137417432e-13,1.324926085e-13,3.683921234e-14,3.538842936e-14,3.659311801e-13,1.17176589e-13,1.496727879e-13,2.076463615e-13,1.274982382e-13,5.800467954e-13,5.058315385e-14,1.79423006e-13,3.189547941e-14
0.4765625,3.3692766e-13,6.570995407e-14,4.403441419e-13,2.116802435e-13,1.562102503e-13,2.194288219e-13,4.44744206e-14,1.585673961e-13,7.784624362e-14,1.235600805e-13,4.405862283e-13,1.264842697e-13,1.197216019e-13,1.918506196e-13,4.751182357e-13,1.000308123e-12,6.328616156e-13,5.024937309e-13,1.19997302e-13,6.153023902e-13,1.326700897e-13,3.651731781e-14,3.528987796e-14,3.626164535e-13,1.171215748e-13,1.51051075e-13,2.09295078e-13,1.27962066e-13,5.723891804e-13,5.042005886e-14,1.769831969e-13,3.194812237e-14
0.484375,3.370994306e-13,6.620191484e-14,4.3741932e-13,2.137698391e-13,1.584523249e-13,2.234569486e-13,4.384640649e-14,1.567773146e-13,7.728342421e-14,1.244166462e-13,4.418552037e-13,1.262404793e-13,1.206609167e-13,1.932718029e-13,4.747587816e-13,9.943041594e-13,6.347625001e-13,5.024770773e-13,1.205895995e-13,6.168283308e-13,1.328236662e-13,3.621138903e-14,3.519948615e-14,3.592003166e-13,1.170532357e-13,1.52353608e-13,2.109174988e-13,1.284039384e-13,5.647940624e-13,5.02550626e-14,1.746513913e-13,3.198965683e-14
0.4921875,3.37275036e-13,6.661792661e-14,4.344172554e-13,2.158680242e-13,1.605647198e-13,2.275407813e-13,4.327207243e-14,1.549012939e-13,7.663539867e-14,1.253333491e-13,4.428494156e-13,1.258500844e-13,1.215571583e-13,1.944615061e-13,4.744029146e-13,9.879306069e-13,6.364951013e-13,5.022928198e-13,1.210997495e-13,6.180734264e-13,1.328584029e-13,3.585976812e-14,3.511660944e-14,3.556067676e-13,1.169570965e-13,1.535533135e-13,2.124373088e-13,1.288636869e-13,5.570984067e-13,5.006979088e-14,1.723311286e-13,3.201708671e-14
0.5,3.373751555e-13,6.700957797e-14,4.316890044e-13,2.179430761e-13,1.625613812e-13,2.317484658e-13,4.276917393e-14,1.529646515e-13,7.594320286e-14,1.26299051e-13,4.437311656e-13,1.253680183e-13,1.224193017e-13,1.954487461e-13,4.740530182e-13,9.81187006e-13,6.379564243e-13,5.018738264e-13,1.215649163e-13,6.191047754e-13,1.328313859e-13,3.548803169e-14,3.504025793e-14,3.519308287e-13,1.168258288e-13,1.546120198e-13,2.138642657e-13,1.293710582e-13,5.49332562e-13,4.987228798e-14,1.70104259e-13,3.202471223e-14
0.5078125,3.373866614e-13,6.741135135e-14,4.294161039e-13,2.200678777e-13,1.647030924e-13,2.360245616e-13,4.22968167e-14,1.510140699e-13,7.53101989e-14,1.273265654e-13,4.447961783e-13,1.249960651e-13,1.23305053e-13,1.965979687e-13,4.736712291e-13,9.740692395e-13,6.391919114e-13,5.012263436e-13,1.221297807e-13,6.201209118e-13,1.329021626e-13,3.516651224e-14,3.497787041e-14,3.48226739e-13,1.166712058e-13,1.555459232e-13,2.151975236e-13,1.299525503e-13,5.416478621e-13,4.968284883e-14,1.681099181e-13,3.201706192e-14
0.515625,3.373700152e-13,6.781666394e-14,4.272950732e-13,2.222468171e-13,1.669475827e-13,2.403096319e-13,4.184248426e-14,1.490040355e-13,7.470833258e-14,1.284288975e-13,4.458724584e-13,1.247297333e-13,1.241908134e-13,1.978955611e-13,4.732315362e-13,9.664658725e-13,6.401801154e-13,5.003765246e-13,1.227392111e-13,6.210575689e-13,1.330556298e-13,3.487217548e-14,3.492160147e-14,3.444848532e-13,1.164804746e-13,1.564673225e-13,2.164020914e-13,1.305783254e-13,5.340284277e-13,4.950910756e-14,1.662663855e-13,3.20055494e-14
0.5234375,3.372399978e-13,6.815967728e-14,4.252151824e-13,2.244141823e-13,1.691089825e-13,2.445841914e-13,4.14400463e-14,1.469100959e-13,7.406166529e-14,1.295830216e-13,4.467886887e-13,1.244603495e-13,1.250723956e-13,1.991434997e-13,4.727126016e-13,9.583481505e-13,6.408845982e-13,4.993516818e-13,1.232832181e-13,6.216969215e-13,1.331765696e-13,3.455118343e-14,3.48559227e-14,3.406907604e-13,1.162425643e-13,1.574107919e-13,2.175845508e-13,1.311661339e-13,5.26423505e-13,4.935813719e-14,1.644688685e-13,3.197864074e-14
0.53125,3.371705141e-13,6.850376794e-14,4.234564721e-13,2.266260255e-13,1.712816663e-13,2.488574491e-13,4.109770156e-14,1.447890103e-13,7.337884222e-14,1.307716145e-13,4.477539407e-13,1.242057449e-13,1.260053531e-13,2.004523395e-13,4.722522546e-13,9.500548721e-13,6.41651627e-13,4.983132801e-13,1.238697849e-13,6.219897013e-13,1.332751298e-13,3.42250582e-14,3.479411176e-14,3.36848198e-13,1.159977078e-13,1.582801649e-13,2.188272862e-13,1.317637051e-13,5.189736087e-13,4.923774299e-14,1.628338765e-13,3.190686825e-14
0.5390625,3.373334241e-13,6.89257777e-14,4.220824725e-13,2.289048465e-13,1.735826911e-13,2.531758451e-13,4.079771539e-14,1.42647514e-13,7.270556741e-14,1.320120217e-13,4.487918603e-13,1.239890378e-13,1.269492983e-13,2.018846563e-13,4.719136093e-13,9.417226344e-13,6.425906853e-13,4.972567427e-13,1.245627409e-13,6.220954383e-13,1.333943868e-13,3.392579182e-14,3.475071578e-14,3.329693639e-13,1.157736181e-13,1.590346389e-13,2.199862711e-13,1.324451316e-13,5.116667394e-13,4.912780211e-14,1.614190493e-13,3.179933705e-14
0.546875,3.373339521e-13,6.92913461e-14,4.208534504e-13,2.31158705e-13,1.759004858e-13,2.574924372e-13,4.052873718e-14,1.404515953e-13,7.205323901e-14,1.333346869e-13,4.49697266e-13,1.237648241e-13,1.278197771e-13,2.032684942e-13,4.714736355e-13,9.329461447e-13,6.43140165e-13,4.958964774e-13,1.252326751e-13,6.221347431e-13,1.335114464e-13,3.36387088e-14,3.470301267e-14,3.290284123e-13,1.155237946e-13,1.597191777e-13,2.209509058e-13,1.331243862e-13,5.042868014e-13,4.900509265e-14,1.600937345e-13,3.169118506e-14
0.5546875,3.370287227e-13,6.959532505e-14,4.196546785e-13,2.333250781e-13,1.781459984e-13,2.617137773e-13,4.0290163e-14,1.382116526e-13,7.140212456e-14,1.34715091e-13,4.505070484e-13,1.235367596e-13,1.286482265e-13,2.045795463e-13,4.708149212e-13,9.235501474e-13,6.430825584e-13,4.942174718e-13,1.258601616e-13,6.220826063e-13,1.336289038e-13,3.335433058e-14,3.463208918e-14,3.250452452e-13,1.151946592e-13,1.603357091e-13,2.218075603e-13,1.337822734e-13,4.969297127e-13,4.888704826e-14,1.588415039e-13,3.157910863e-14
0.5625,3.368344761e-13,7.002080813e-14,4.185558587e-13,2.354020146e-13,1.803494188e-13,2.659005297e-13,4.009494758e-14,1.359124632e-13,7.073157096e-14,1.360818075e-13,4.512905402e-13,1.233261798e-13,1.295098248e-13,2.058900814e-13,4.700845974e-13,9.138846773e-13,6.428503649e-13,4.92483459e-13,1.265354044e-13,6.218646391e-13,1.33758003e-13,3.307713372e-14,3.455892182e-14,3.210857248e-13,1.148145989e-13,1.608653515e-13,2.22659247e-13,1.345054623e-13,4.898094028e-13,4.878745197e-14,1.577412425e-13,3.14406274e-14
0.5703125,3.366806345e-13,7.044603143e-14,4.176548206e-13,2.375162471e-13,1.825136629e-13,2.701319138e-13,3.995134104e-14,1.335338375e-13,7.004906076e-14,1.374780338e-13,4.519635213e-13,1.231109235e-13,1.303993103e-13,2.071512141e-13,4.694162854e-13,9.041834818e-13,6.426498229e-13,4.906807723e-13,1.272288341e-13,6.214359031e-13,1.338651393e-13,3.279951807e-14,3.45076816e-14,3.170852578e-13,1.144578984e-13,1.613202346e-13,2.23504853e-13,1.352199277e-13,4.827476756e-13,4.868062092e-14,1.567529016e-13,3.128056702e-14
0.578125,3.363139246e-13,7.066248958e-14,4.170205895e-13,2.397714505e-13,1.846657033e-13,2.743872576e-13,3.985423191e-14,1.311619038e-13,6.93819019e-14,1.390184716e-13,4.525613222e-13,1.229000881e-13,1.312727138e-13,2.084162513e-13,4.688924557e-13,8.944265069e-13,6.424512793e-13,4.886748872e-13,1.279018958e-13,6.208541368e-13,1.339538046e-13,3.252707621e-14,3.447141438e-14,3.130056174e-13,1.141319471e-13,1.616865567e-13,2.242468897e-13,1.358615367e-13,4.755782459e-13,4.855909545e-14,1.558704199e-13,3.111547496e-14
0.5859375,3.361627485e-13,7.086151041e-14,4.165964622e-13,2.419913839e-13,1.869254142e-13,2.786741219e-13,3.980217316e-14,1.288477512e-13,6.872936815e-14,1.406261382e-13,4.531370755e-13,1.227241163e-13,1.321298984e-13,2.098533099e-13,4.685356816e-13,8.846056379e-13,6.422997529e-13,4.866136827e-13,1.286083865e-13,6.20185647e-13,1.340641508e-13,3.227577967e-14,3.443044978e-14,3.089864309e-13,1.137815673e-13,1.619458851e-13,2.248359374e-13,1.365592656e-13,4.684919252e-13,4.844647423e-14,1.551781476e-13,3.095257436e-14
0.59375,3.364350891e-13,7.123374725e-14,4.16253659e-13,2.441470191e-13,1.893521084e-13,2.829585888e-13,3.978421574e-14,1.264817713e-13,6.806226362e-14,1.42123299e-13,4.536355675e-13,1.225717603e-13,1.329832903e-13,2.114285787e-13,4.682533997e-13,8.746460226e-13,6.420211579e-13,4.846708703e-13,1.293660334e-13,6.193396653e-13,1.34190423e-13,3.203710624e-14,3.438425114e-14,3.049748298e-13,1.133980587e-13,1.621348311e-13,2.253759411e-13,1.373415524e-13,4.615795158e-13,4.834620791e-14,1.546374674e-13,3.078686955e-14
0.6015625,3.366222508e-13,7.165800897e-14,4.160309037e-13,2.46553725e-13,1.918356042e-13,2.871415103e-13,3.978012818e-14,1.240073759e-13,6.738159663e-14,1.435226684e-13,4.541014568e-13,1.224365163e-13,1.338028403e-13,2.129811747e-13,4.680309021e-13,8.645216979e-13,6.414436911e-13,4.827499412e-13,1.30144542e-13,6.182911873e-13,1.343277199e-13,3.179981482e-14,3.434554509e-14,3.007432605e-13,1.130147587e-13,1.62282952e-13,2.259119408e-13,1.381091609e-13,4.547215034e-13,4.825163395e-14,1.541710758e-13,3.060319721e-14
0.609375,3.365379812e-13,7.204395278e-14,4.160535506e-13,2.491224322e-13,1.942208216e-13,2.912392311e-13,3.979310371e-14,1.215169551e-13,6.671551647e-14,1.449448918e-13,4.545227473e-13,1.223216954e-13,1.345888773e-13,2.144934199e-13,4.678965896e-13,8.544157169e-13,6.407180803e-13,4.806306775e-13,1.309069413e-13,6.171847849e-13,1.345099296e-13,3.156791873e-14,3.431201232e-14,2.964018505e-13,1.126241312e-13,1.623736154e-13,2.263440817e-13,1.388625924e-13,4.47927127e-13,4.81671777e-14,1.538309601e-13,3.039581515e-14
0.6171875,3.364860203e-13,7.238124539e-14,4.16228075e-13,2.513947452e-13,1.964828561e-13,2.952974491e-13,3.984078625e-14,1.190406762e-13,6.605617267e-14,1.464230354e-13,4.546849584e-13,1.221901241e-13,1.354145832e-13,2.160266554e-13,4.677323727e-13,8.44367702e-13,6.399105835e-13,4.78235348e-13,1.316019648e-13,6.159477624e-13,1.347307599e-13,3.133279956e-14,3.427587731e-14,2.921911516e-13,1.12203971e-13,1.623972918e-13,2.266561874e-13,1.395896931e-13,4.412282177e-13,4.808625375e-14,1.536385188e-13,3.017454397e-14
0.625,3.365892196e-13,7.264198414e-14,4.163550273e-13,2.534443397e-13,1.987139832e-13,2.992898949e-13,3.993204273e-14,1.165245896e-13,6.537917997e-14,1.479144039e-13,4.545507903e-13,1.220154142e-13,1.362958996e-13,2.175854485e-13,4.675350986e-13,8.34265137e-13,6.38985499e-13,4.757195158e-13,1.322429141e-13,6.144094229e-13,1.349386727e-13,3.108335459e-14,3.424756449e-14,2.880367258e-13,1.117701243e-13,1.623574075e-13,2.269030135e-13,1.402321489e-13,4.345168702e-13,4.800026577e-14,1.535105616e-13,2.99461682e-14
0.6328125,3.367706183e-13,7.291939421e-14,4.164797784e-13,2.556510029e-13,2.009693573e-13,3.032298988e-13,4.006302057e-14,1.139854277e-13,6.470642925e-14,1.493602541e-13,4.543122667e-13,1.218278301e-13,1.371506673e-13,2.191454765e-13,4.674895015e-13,8.24212524e-13,6.380634696e-13,4.732271354e-13,1.328979778e-13,6.127580713e-13,1.351207156e-13,3.083462088e-14,3.423420301e-14,2.83839608e-13,1.113360697e-13,1.622385244e-13,2.270523545e-13,1.408396833e-13,4.277744522e-13,4.791606416e-14,1.534264949e-13,2.970285569e-14
0.640625,3.369213775e-13,7.326484683e-14,4.168168916e-13,2.579674587e-13,2.032299184e-13,3.071053612e-13,4.021310318e-14,1.114615065e-13,6.407074954e-14,1.507743632e-13,4.540539588e-13,1.216654915e-13,1.379449807e-13,2.206904704e-13,4.675574244e-13,8.142702339e-13,6.371023103e-13,4.706766907e-13,1.335740404e-13,6.11156745e-13,1.353151255e-13,3.060683782e-14,3.42220568e-14,2.79661258e-13,1.108819264e-13,1.620238137e-13,2.270689515e-13,1.414624603e-13,4.211167285e-13,4.78432583e-14,1.534638898e-13,2.943112413e-14
0.6484375,3.369935519e-13,7.356800735e-14,4.17386445e-13,2.602069079e-13,2.054806109e-13,3.108457112e-13,4.036665579e-14,1.089398971e-13,6.345653107e-14,1.522395699e-13,4.537596748e-13,1.215329684e-13,1.387329045e-13,2.222238179e-13,4.675402e-13,8.042782255e-13,6.35926475e-13,4.679761051e-13,1.342517435e-13,6.093944411e-13,1.355509336e-13,3.03980445e-14,3.420170872e-14,2.75480719e-13,1.103937696e-13,1.617375417e-13,2.270043218e-13,1.420938162e-13,4.145644441e-13,4.779474761e-14,1.536640845e-13,2.914386197e-14
0.65625,3.37087611e-13,7.384722339e-14,4.180122878e-13,2.62430649e-13,2.077142952e-13,3.144643365e-13,4.052521667e-14,1.064292903e-13,6.283486538e-14,1.537277229e-13,4.533860458e-13,1.214021926e-13,1.39552918e-13,2.237618563e-13,4.674688167e-13,7.94301021e-13,6.346123122e-13,4.651758321e-13,1.349281541e-13,6.074287772e-13,1.358128246e-13,3.018993417e-14,3.417894462e-14,2.712666945e-13,1.098907083e-13,1.614389878e-13,2.269406951e-13,1.42755198e-13,4.080548528e-13,4.777340574e-14,1.539520439e-13,2.887802565e-14
0.6640625,3.372098716e-13,7.417900208e-14,4.186531238e-13,2.647005887e-13,2.099174641e-13,3.179994998e-13,4.069230114e-14,1.039471617e-13,6.221421481e-14,1.551401863e-13,4.528426413e-13,1.212571389e-13,1.403957029e-13,2.253106104e-13,4.67478183e-13,7.845297371e-13,6.332468442e-13,4.623201504e-13,1.355739399e-13,6.054514462e-13,1.36076645e-13,2.997198904e-14,3.415854984e-14,2.670875445e-13,1.093924698e-13,1.611468663e-13,2.268733775e-13,1.433845104e-13,4.016074324e-13,4.775385459e-14,1.542407284e-13,2.862871618e-14
0.671875,3.3729617e-13,7.447451604e-14,4.194524658e-13,2.669604332e-13,2.121024192e-13,3.214606134e-13,4.089012428e-14,1.014653325e-13,6.162061481e-14,1.565118163e-13,4.521545865e-13,1.211302464e-13,1.412438804e-13,2.268945788e-13,4.675531934e-13,7.748725711e-13,6.31754834e-13,4.594241142e-13,1.361945661e-13,6.033316581e-13,1.363474605e-13,2.975667348e-14,3.413882355e-14,2.629512388e-13,1.088872676e-13,1.608139436e-13,2.266916394e-13,1.439085179e-13,3.952886774e-13,4.772712993e-14,1.545832381e-13,2.835179451e-14
0.6796875,3.374567382e-13,7.471970775e-14,4.2046058e-13,2.691977588e-13,2.142713563e-13,3.248783347e-13,4.113592287e-14,9.897915691e-14,6.105689989e-14,1.579072771e-13,4.514151269e-13,1.210348858e-13,1.420926867e-13,2.285396773e-13,4.676309801e-13,7.652465457e-13,6.301485549e-13,4.564945309e-13,1.368306101e-13,6.008645325e-13,1.366308461e-13,2.95547279e-14,3.41179965e-14,2.588132153e-13,1.083677616e-13,1.604145303e-13,2.264012704e-13,1.44449485e-13,3.890824169e-13,4.772141173e-14,1.550738973e-13,2.805056784e-14
0.6875,3.37669042e-13,7.501000379e-14,4.215677596e-13,2.71461137e-13,2.164044037e-13,3.281804326e-13,4.13855352e-14,9.652948593e-14,6.050965409e-14,1.592798864e-13,4.505748393e-13,1.209430749e-13,1.429534465e-13,2.302201998e-13,4.677471158e-13,7.558333831e-13,6.284928247e-13,4.535100618e-13,1.374574573e-13,5.98260979e-13,1.369284321e-13,2.935575217e-14,3.410050189e-14,2.546677237e-13,1.078604403e-13,1.599801157e-13,2.261540978e-13,1.4507833e-13,3.829176043e-13,4.774667171e-14,1.556787982e-13,2.776231104e-14
0.6953125,3.377616061e-13,7.534118562e-14,4.226970676e-13,2.737647559e-13,2.185419005e-13,3.3124783e-13,4.160624276e-14,9.412778929e-14,5.998598692e-14,1.605946674e-13,4.496058039e-13,1.208762971e-13,1.438400314e-13,2.319331775e-13,4.679835318e-13,7.467807117e-13,6.268339509e-13,4.50533726e-13,1.380695786e-13,5.957851557e-13,1.372628264e-13,2.91617814e-14,3.409210857e-14,2.505411868e-13,1.073682768e-13,1.595282074e-13,2.259474859e-13,1.456597977e-13,3.768073993e-13,4.778696707e-14,1.563371711e-13,2.748187626e-14
0.703125,3.378472263e-13,7.571313278e-14,4.238719806e-13,2.760889896e-13,2.207101402e-13,3.34142299e-13,4.184222484e-14,9.175577745e-14,5.949970902e-14,1.618802755e-13,4.48585277e-13,1.208552553e-13,1.447488821e-13,2.336974091e-13,4.683127075e-13,7.380121169e-13,6.251703942e-13,4.476015845e-13,1.387137286e-13,5.93399382e-13,1.376238035e-13,2.899076559e-14,3.408876153e-14,2.464940154e-13,1.068531992e-13,1.590397804e-13,2.25658198e-13,1.461684998e-13,3.70839155e-13,4.78355878e-14,1.570742628e-13,2.719227466e-14
0.7109375,3.380259164e-13,7.613527028e-14,4.251230701e-13,2.784310738e-13,2.22787101e-13,3.369540221e-13,4.211242934e-14,8.940120984e-14,5.902562766e-14,1.63164866e-13,4.474564765e-13,1.208000446e-13,1.456644325e-13,2.354233116e-13,4.686185426e-13,7.29372824e-13,6.233133807e-13,4.445474953e-13,1.393299443e-13,5.909692273e-13,1.379621793e-13,2.883180087e-14,3.408357329e-14,2.425069524e-13,1.063102816e-13,1.585029238e-13,2.252821297e-13,1.467072064e-13,3.65001836e-13,4.788724122e-14,1.579289611e-13,2.690926388e-14
0.71875,3.381879452e-13,7.653930295e-14,4.264177155e-13,2.807611315e-13,2.246924e-13,3.396330573e-13,4.237374253e-14,8.7048909e-14,5.853505896e-14,1.644652542e-13,4.461251182e-13,1.206675746e-13,1.465798825e-13,2.370631333e-13,4.689022526e-13,7.208760296e-13,6.212399034e-13,4.41343759e-13,1.398554831e-13,5.883810394e-13,1.382887557e-13,2.866428013e-14,3.407613464e-14,2.384674661e-13,1.057701534e-13,1.579205658e-13,2.248412957e-13,1.472707405e-13,3.591868419e-13,4.794218575e-14,1.589168637e-13,2.663801991e-14
0.7265625,3.384840099e-13,7.695454588e-14,4.27730545e-13,2.83053251e-13,2.265835812e-13,3.421524644e-13,4.261754947e-14,8.469162717e-14,5.805089392e-14,1.657331955e-13,4.446826139e-13,1.205456194e-13,1.475137243e-13,2.387916037e-13,4.692515836e-13,7.126655091e-13,6.192766726e-13,4.382343472e-13,1.403973254e-13,5.855451297e-13,1.386463413e-13,2.850363033e-14,3.406639436e-14,2.343866883e-13,1.05241276e-13,1.57294892e-13,2.243217487e-13,1.478306894e-13,3.533890875e-13,4.80233749e-14,1.600322124e-13,2.635776276e-14
0.734375,3.390278116e-13,7.743056576e-14,4.291584743e-13,2.854038465e-13,2.285881233e-13,3.445432012e-13,4.287192365e-14,8.234718749e-14,5.759175862e-14,1.668842898e-13,4.432078475e-13,1.204800915e-13,1.484888844e-13,2.406848141e-13,4.69653961e-13,7.046735102e-13,6.174016934e-13,4.352394352e-13,1.41002276e-13,5.824698847e-13,1.390145173e-13,2.836445032e-14,3.405721503e-14,2.30336109e-13,1.047198752e-13,1.566533396e-13,2.237520302e-13,1.484058147e-13,3.477147594e-13,4.814126902e-14,1.612434435e-13,2.606513188e-14
0.7421875,3.394614005e-13,7.789461391e-14,4.307435872e-13,2.878272237e-13,2.305523589e-13,3.467846335e-13,4.313545347e-14,8.003746876e-14,5.713350367e-14,1.67967071e-13,4.416278967e-13,1.204064392e-13,1.494659783e-13,2.424984571e-13,4.70021361e-13,6.966958963e-13,6.152063599e-13,4.321069054e-13,1.415397418e-13,5.792000675e-13,1.393673586e-13,2.822716498e-14,3.405541053e-14,2.262790483e-13,1.04194497e-13,1.560532931e-13,2.231201592e-13,1.489645162e-13,3.421955349e-13,4.82740059e-14,1.625356974e-13,2.577654709e-14
0.75,3.395996026e-13,7.838878677e-14,4.322721645e-13,2.901422595e-13,2.323061346e-13,3.488334485e-13,4.338887245e-14,7.777463659e-14,5.668359608e-14,1.691161176e-13,4.398907731e-13,1.202919882e-13,1.503857155e-13,2.440972612e-13,4.702786863e-13,6.887750128e-13,6.127241919e-13,4.287628098e-13,1.419745419e-13,5.758074135e-13,1.397167309e-13,2.808331023e-14,3.4057112e-14,2.222309599e-13,1.036385971e-13,1.554820815e-13,2.223852236e-13,1.494641812e-13,3.367738507e-13,4.839897784e-14,1.638843725e-13,2.549657424e-14
0.7578125,3.396660279e-13,7.896622326e-14,4.336312941e-13,2.924159039e-13,2.339219953e-13,3.507072173e-13,4.363466665e-14,7.5559681e-14,5.627989408e-14,1.703477604e-13,4.380233208e-13,1.201714581e-13,1.51326452e-13,2.457131137e-13,4.704689364e-13,6.811237174e-13,6.103380583e-13,4.253341699e-13,1.424000477e-13,5.724532603e-13,1.400567812e-13,2.795138809e-14,3.405182121e-14,2.182621424e-13,1.030752972e-13,1.548402099e-13,2.215870135e-13,1.499015878e-13,3.31435362e-13,4.851056859e-14,1.652396244e-13,2.521821285e-14
0.765625,3.397802591e-13,7.947897245e-14,4.350542989e-13,2.949253792e-13,2.355141942e-13,3.524950254e-13,4.389270336e-14,7.338352487e-14,5.590948803e-14,1.715750372e-13,4.360477527e-13,1.200639783e-13,1.524085038e-13,2.475260508e-13,4.708144766e-13,6.73903304e-13,6.081456187e-13,4.219337797e-13,1.428257222e-13,5.691907014e-13,1.403905729e-13,2.783614477e-14,3.403836771e-14,2.143264814e-13,1.025651426e-13,1.541268032e-13,2.207797692e-13,1.503089464e-13,3.262189156e-13,4.862764544e-14,1.666346306e-13,2.494249849e-14
0.7734375,3.400000236e-13,7.994309471e-14,4.366470998e-13,2.975419386e-13,2.370538227e-13,3.541950188e-13,4.416346906e-14,7.125624824e-14,5.555013482e-14,1.727331104e-13,4.339597782e-13,1.199600793e-13,1.535401089e-13,2.49406478e-13,4.714143899e-13,6.671735519e-13,6.060049314e-13,4.185997147e-13,1.432163579e-13,5.658648503e-13,1.407573789e-13,2.773000343e-14,3.402084321e-14,2.1039782e-13,1.020920663e-13,1.534547281e-13,2.199699151e-13,1.507509971e-13,3.21124276e-13,4.878220163e-14,1.681560839e-13,2.467836138e-14
0.78125,3.403782372e-13,8.053934433e-14,4.382337412e-13,2.999798292e-13,2.385080366e-13,3.556460631e-13,4.441889019e-14,6.920324483e-14,5.522148532e-14,1.738228665e-13,4.317823572e-13,1.198466113e-13,1.545893005e-13,2.51218089e-13,4.720852642e-13,6.608265345e-13,6.03788339e-13,4.152837056e-13,1.435964194e-13,5.623788845e-13,1.411585138e-13,2.76377774e-14,3.400411785e-14,2.065382734e-13,1.016033575e-13,1.528258144e-13,2.191119791e-13,1.512162431e-13,3.161260486e-13,4.896874518e-14,1.698063214e-13,2.44300992e-14
0.7890625,3.407389952e-13,8.119181479e-14,4.397720255e-13,3.023212031e-13,2.398954971e-13,3.568211765e-13,4.464722895e-14,6.720160187e-14,5.490956455e-14,1.74912033e-13,4.295897481e-13,1.196918053e-13,1.556482879e-13,2.529816647e-13,4.727384281e-13,6.547610528e-13,6.014778612e-13,4.119504428e-13,1.439705478e-13,5.58803744e-13,1.415476322e-13,2.7558946e-14,3.399540676e-14,2.027421339e-13,1.011201878e-13,1.52171204e-13,2.181606277e-13,1.516109271e-13,3.112603987e-13,4.915257615e-14,1.715274183e-13,2.419406526e-14
0.796875,3.409648927e-13,8.176854995e-14,4.412842135e-13,3.046160251e-13,2.411879634e-13,3.578592597e-13,4.487148197e-14,6.52015085e-14,5.457820756e-14,1.760463023e-13,4.273502105e-13,1.194581144e-13,1.567733512e-13,2.547002686e-13,4.734443275e-13,6.490341031e-13,5.991343607e-13,4.085930234e-13,1.442944097e-13,5.552291503e-13,1.418989197e-13,2.748195509e-14,3.399824577e-14,1.989826581e-13,1.006698537e-13,1.515446986e-13,2.172144815e-13,1.519008115e-13,3.065531952e-13,4.933260989e-14,1.732573437e-13,2.396352642e-14
0.8046875,3.411526052e-13,8.228952301e-14,4.426782441e-13,3.067466762e-13,2.423812945e-13,3.587417092e-13,4.511549865e-14,6.323324654e-14,5.426644023e-14,1.77176853e-13,4.248782535e-13,1.19173272e-13,1.578439225e-13,2.563692828e-13,4.741545629e-13,6.436357542e-13,5.967258765e-13,4.051221337e-13,1.445589082e-13,5.516744441e-13,1.422238946e-13,2.741074903e-14,3.401113668e-14,1.95279249e-13,1.002223555e-13,1.509947738e-13,2.163595144e-13,1.520851462e-13,3.019225155e-13,4.952626194e-14,1.749745594e-13,2.373930057e-14
0.8125,3.412919432e-13,8.273503619e-14,4.440486378e-13,3.088678233e-13,2.435339764e-13,3.593999031e-13,4.537886142e-14,6.13707041e-14,5.402074191e-14,1.782721592e-13,4.221429048e-13,1.189154937e-13,1.588770967e-13,2.580714696e-13,4.74855089e-13,6.38533018e-13,5.942502427e-13,4.015239753e-13,1.447956592e-13,5.481057193e-13,1.425519977e-13,2.735178059e-14,3.402898889e-14,1.916187231e-13,9.976635073e-14,1.504468705e-13,2.154378661e-13,1.521745505e-13,2.973026148e-13,4.97330977e-14,1.767647225e-13,2.35325765e-14
0.8203125,3.413415534e-13,8.31832839e-14,4.455499001e-13,3.111226133e-13,2.446375177e-13,3.59902464e-13,4.56325337e-14,5.959662509e-14,5.381042996e-14,1.793695441e-13,4.193398484e-13,1.18695019e-13,1.599778102e-13,2.598259374e-13,4.756470171e-13,6.338173916e-13,5.918412656e-13,3.979392862e-13,1.450104077e-13,5.445751969e-13,1.429087269e-13,2.729413098e-14,3.404122852e-14,1.879758579e-13,9.93152737e-14,1.498701288e-13,2.143425344e-13,1.522734563e-13,2.927070992e-13,4.995821205e-14,1.786814063e-13,2.3342603e-14
0.828125,3.41410438e-13,8.381681984e-14,4.470270873e-13,3.133437671e-13,2.456621842e-13,3.602588214e-13,4.585425098e-14,5.784606464e-14,5.361023346e-14,1.804657716e-13,4.16576737e-13,1.184544298e-13,1.610899797e-13,2.61558824e-13,4.764903246e-13,6.294382335e-13,5.894623484e-13,3.944002976e-13,1.451908843e-13,5.411963021e-13,1.432955943e-13,2.724011608e-14,3.404021351e-14,1.843516238e-13,9.885981493e-14,1.493131546e-13,2.132086978e-13,1.524529316e-13,2.881362676e-13,5.020555687e-14,1.806383702e-13,2.315673532e-14
0.8359375,3.415525607e-13,8.457196222e-14,4.483851954e-13,3.155175788e-13,2.46634916e-13,3.604694126e-13,4.60747395e-14,5.61240044e-14,5.343006964e-14,1.815361374e-13,4.138305383e-13,1.181778153e-13,1.621997271e-13,2.632869534e-13,4.773608458e-13,6.253302566e-13,5.870108737e-13,3.908622622e-13,1.453602416e-13,5.378748078e-13,1.436914023e-13,2.720833369e-14,3.402898059e-14,1.807645057e-13,9.840836963e-14,1.487916154e-13,2.12110632e-13,1.526355652e-13,2.836565547e-13,5.0461741e-14,1.826235047e-13,2.298737341e-14
0.84375,3.416854829e-13,8.527202311e-14,4.498042263e-13,3.177830613e-13,2.475405619e-13,3.606178681e-13,4.633080629e-14,5.445310189e-14,5.326415489e-14,1.826057917e-13,4.110663852e-13,1.178843672e-13,1.633850794e-13,2.650735351e-13,4.7838941e-13,6.217046484e-13,5.846005507e-13,3.873642391e-13,1.45529029e-13,5.344858777e-13,1.440658187e-13,2.719592876e-14,3.401401751e-14,1.772466473e-13,9.799178203e-14,1.483019801e-13,2.110037734e-13,1.527195136e-13,2.793857453e-13,5.072694259e-14,1.847182557e-13,2.285089401e-14
0.8515625,3.417547158e-13,8.590708312e-14,4.512493405e-13,3.200348518e-13,2.483662876e-13,3.606331789e-13,4.660090303e-14,5.282591532e-14,5.31274033e-14,1.836796286e-13,4.081819775e-13,1.175704169e-13,1.64577183e-13,2.669054427e-13,4.795008813e-13,6.185620943e-13,5.822314939e-13,3.838583519e-13,1.456424022e-13,5.311624319e-13,1.444092729e-13,2.719052377e-14,3.399857842e-14,1.737805395e-13,9.760515334e-14,1.478244894e-13,2.098486897e-13,1.526642707e-13,2.752450538e-13,5.099846849e-14,1.868724924e-13,2.272098466e-14
0.859375,3.418519386e-13,8.655594216e-14,4.524825309e-13,3.22167348e-13,2.491262812e-13,3.604284854e-13,4.684720538e-14,5.1276716e-14,5.304154052e-14,1.847368491e-13,4.051002708e-13,1.172227303e-13,1.657333827e-13,2.687252594e-13,4.80492908e-13,6.15595405e-13,5.797765236e-13,3.802563416e-13,1.456759934e-13,5.27883507e-13,1.447391035e-13,2.719147327e-14,3.398190298e-14,1.70350494e-13,9.722472287e-14,1.473200615e-13,2.085776807e-13,1.525169143e-13,2.710953416e-13,5.124595215e-14,1.890288377e-13,2.258304058e-14
0.8671875,3.420673417e-13,8.731703217e-14,4.535352639e-13,3.242878021e-13,2.497541352e-13,3.601143138e-13,4.706787399e-14,4.984082696e-14,5.296298287e-14,1.857822909e-13,4.018837397e-13,1.168340778e-13,1.669665357e-13,2.704327034e-13,4.814630159e-13,6.12879677e-13,5.773429763e-13,3.766497769e-13,1.456859984e-13,5.244405532e-13,1.450539223e-13,2.719119806e-14,3.396235077e-14,1.670183846e-13,9.684941121e-14,1.468181959e-13,2.072471828e-13,1.523569765e-13,2.670179848e-13,5.146807608e-14,1.912630598e-13,2.24693424e-14
0.875,3.422689046e-13,8.816870118e-14,4.546100199e-13,3.264957603e-13,2.503190101e-13,3.596955275e-13,4.728208923e-14,4.846363403e-14,5.286642147e-14,1.867847447e-13,3.986318648e-13,1.164382377e-13,1.682597832e-13,2.720087508e-13,4.825892475e-13,6.107170026e-13,5.750152432e-13,3.731609321e-13,1.457178989e-13,5.210647594e-13,1.453520068e-13,2.719329165e-14,3.39428002e-14,1.637561393e-13,9.648921935e-14,1.463720482e-13,2.060546999e-13,1.521514223e-13,2.631083655e-13,5.170391383e-14,1.935730013e-13,2.23745255e-14
0.8828125,3.423539962e-13,8.895359544e-14,4.557324788e-13,3.288319448e-13,2.51011027e-13,3.590658685e-13,4.750071317e-14,4.709565642e-14,5.280412337e-14,1.877097764e-13,3.954465209e-13,1.160988317e-13,1.695189046e-13,2.736147909e-13,4.837968708e-13,6.090381554e-13,5.727103201e-13,3.697892975e-13,1.457693253e-13,5.180608656e-13,1.45666088e-13,2.722598152e-14,3.392589975e-14,1.604591144e-13,9.61489898e-14,1.459596863e-13,2.04996554e-13,1.518731203e-13,2.593297384e-13,5.196736296e-14,1.958946427e-13,2.226127322e-14
0.890625,3.423959836e-13,8.970925863e-14,4.567270054e-13,3.312120047e-13,2.516370691e-13,3.582388469e-13,4.771193942e-14,4.577859007e-14,5.278953892e-14,1.88623116e-13,3.923184245e-13,1.157741026e-13,1.707975423e-13,2.752597272e-13,4.849307584e-13,6.076311163e-13,5.703941533e-13,3.664148017e-13,1.457906186e-13,5.151614916e-13,1.459745507e-13,2.728198905e-14,3.390839669e-14,1.571861646e-13,9.581977828e-14,1.455693077e-13,2.039105173e-13,1.515895679e-13,2.556743207e-13,5.223306575e-14,1.98266641e-13,2.215989311e-14
0.8984375,3.423140041e-13,9.053408993e-14,4.574513563e-13,3.334119187e-13,2.519716026e-13,3.571926006e-13,4.790940384e-14,4.45552933e-14,5.279174069e-14,1.895825741e-13,3.890291393e-13,1.153678797e-13,1.721125051e-13,2.76777666e-13,4.859495624e-13,6.064160711e-13,5.679419744e-13,3.628794245e-13,1.457191694e-13,5.121348696e-13,1.462155859e-13,2.73275554e-14,3.3887542e-14,1.540315334e-13,9.549158639e-14,1.452271557e-13,2.027694838e-13,1.512253577e-13,2.521281875e-13,5.247008882e-14,2.006665187e-13,2.211455564e-14
0.90625,3.421484763e-13,9.132518484e-14,4.581120111e-13,3.354673922e-13,2.523890004e-13,3.559928579e-13,4.81212232e-14,4.342175559e-14,5.282448029e-14,1.905371582e-13,3.855747578e-13,1.149411095e-13,1.733942897e-13,2.783059306e-13,4.870361874e-13,6.054441134e-13,5.653734727e-13,3.593392425e-13,1.456187959e-13,5.090952892e-13,1.464446818e-13,2.738589338e-14,3.386387759e-14,1.50943285e-13,9.518697856e-14,1.449125943e-13,2.016015715e-13,1.506938776e-13,2.486592202e-13,5.268094119e-14,2.030374795e-13,2.209801461e-14
0.9140625,3.422456234e-13,9.213985743e-14,4.590573675e-13,3.376557367e-13,2.531049221e-13,3.549054401e-13,4.836419468e-14,4.23687578e-14,5.288432044e-14,1.914342628e-13,3.822860867e-13,1.145848452e-13,1.746822429e-13,2.800403316e-13,4.885199585e-13,6.04985757e-13,5.631110186e-13,3.561592577e-13,1.456098988e-13,5.059520657e-13,1.467440098e-13,2.749146141e-14,3.383740384e-14,1.47885025e-13,9.493714716e-14,1.44619583e-13,2.004219381e-13,1.501534815e-13,2.453190948e-13,5.29074806e-14,2.055250724e-13,2.208700138e-14
0.921875,3.424367449e-13,9.311759632e-14,4.601349904e-13,3.399682597e-13,2.536977257e-13,3.538414376e-13,4.861757609e-14,4.138143087e-14,5.293236413e-14,1.922846957e-13,3.791851231e-13,1.142195607e-13,1.760247312e-13,2.817647013e-13,4.903590368e-13,6.051336802e-13,5.611772943e-13,3.532385656e-13,1.456229871e-13,5.026528276e-13,1.470425718e-13,2.761161339e-14,3.380812143e-14,1.4488181e-13,9.473392516e-14,1.443905517e-13,1.993012086e-13,1.49628136e-13,2.421158046e-13,5.315361315e-14,2.081951414e-13,2.209947598e-14
0.9296875,3.422634943e-13,9.405453149e-14,4.608896857e-13,3.42212309e-13,2.540570446e-13,3.524375515e-13,4.886356033e-14,4.044615823e-14,5.299577558e-14,1.931343321e-13,3.759832541e-13,1.137850808e-13,1.773796803e-13,2.833256797e-13,4.920873422e-13,6.054978311e-13,5.59072808e-13,3.502022342e-13,1.455233856e-13,4.994807956e-13,1.4725225e-13,2.772150098e-14,3.377737898e-14,1.419418722e-13,9.455000331e-14,1.442083987e-13,1.98227559e-13,1.48920312e-13,2.390066389e-13,5.336687713e-14,2.108084978e-13,2.213188597e-14
0.9375,3.41934007e-13,9.485092693e-14,4.61362022e-13,3.444125932e-13,2.544451496e-13,3.507872071e-13,4.908585712e-14,3.957872808e-14,5.31142132e-14,1.940249508e-13,3.726892184e-13,1.133412996e-13,1.787371551e-13,2.848470353e-13,4.935547093e-13,6.058682262e-13,5.567511911e-13,3.470416413e-13,1.453548887e-13,4.96484199e-13,1.474010475e-13,2.784810284e-14,3.37471613e-14,1.39094324e-13,9.436919239e-14,1.440361422e-13,1.970787948e-13,1.481167265e-13,2.36034744e-13,5.354394573e-14,2.132732956e-13,2.21749961e-14
0.9453125,3.416067864e-13,9.574684772e-14,4.619276332e-13,3.466659568e-13,2.547312015e-13,3.491547136e-13,4.926905138e-14,3.879987301e-14,5.325478552e-14,1.949113937e-13,3.694491412e-13,1.128966093e-13,1.801022893e-13,2.862727141e-13,4.950716127e-13,6.064940925e-13,5.544218498e-13,3.43836914e-13,1.452019108e-13,4.935186503e-13,1.475451873e-13,2.799213565e-14,3.371558054e-14,1.36331675e-13,9.418449037e-14,1.439071474e-13,1.958207835e-13,1.474318444e-13,2.33182999e-13,5.373803985e-14,2.157991652e-13,2.223931649e-14
0.953125,3.410095778e-13,9.677486652e-14,4.626074114e-13,3.489734613e-13,2.548127495e-13,3.474490104e-13,4.943836642e-14,3.810800858e-14,5.340752386e-14,1.957004833e-13,3.662232193e-13,1.124470999e-13,1.814663443e-13,2.875956539e-13,4.967911839e-13,6.074894716e-13,5.519902591e-13,3.405622689e-13,1.450692822e-13,4.906632372e-13,1.477309166e-13,2.813615684e-14,3.367593048e-14,1.335921761e-13,9.400702456e-14,1.438436855e-13,1.945290418e-13,1.467756199e-13,2.303782404e-13,5.395889738e-14,2.184762095e-13,2.232040569e-14
0.9609375,3.404093796e-13,9.781427542e-14,4.631608707e-13,3.512958536e-13,2.549513123e-13,3.45586333e-13,4.962139147e-14,3.748958771e-14,5.360773862e-14,1.964048368e-13,3.630045377e-13,1.120295213e-13,1.828637548e-13,2.890250808e-13,4.985731778e-13,6.087554504e-13,5.495400072e-13,3.37387395e-13,1.449530105e-13,4.878770473e-13,1.479442526e-13,2.830000097e-14,3.363186579e-14,1.3088258e-13,9.38592294e-14,1.438331135e-13,1.93283111e-13,1.460171299e-13,2.276911327e-13,5.417056162e-14,2.212137333e-13,2.241732947e-14
0.96875,3.400516266e-13,9.883234994e-14,4.635755342e-13,3.535165585e-13,2.551183191e-13,3.435940007e-13,4.978672811e-14,3.692462571e-14,5.383283529e-14,1.971200118e-13,3.598144231e-13,1.115846419e-13,1.842888421e-13,2.904025373e-13,5.003373187e-13,6.103400852e-13,5.472986939e-13,3.34359618e-13,1.448144396e-13,4.851077861e-13,1.480785879e-13,2.849060513e-14,3.359868892e-14,1.28286622e-13,9.374203732e-14,1.438776244e-13,1.920554186e-13,1.452108328e-13,2.251406123e-13,5.43772959e-14,2.239482787e-13,2.254563869e-14
0.9765625,3.393487203e-13,9.978182791e-14,4.639220207e-13,3.55636965e-13,2.551222429e-13,3.415075444e-13,4.994709726e-14,3.644097511e-14,5.404798285e-14,1.978034209e-13,3.565746142e-13,1.110578714e-13,1.856773653e-13,2.91464657e-13,5.020076767e-13,6.120764001e-13,5.450029602e-13,3.312496288e-13,1.446086042e-13,4.824506451e-13,1.481357393e-13,2.86823729e-14,3.358048632e-14,1.257151331e-13,9.364321674e-14,1.439658003e-13,1.908845345e-13,1.442871664e-13,2.226262351e-13,5.455407751e-14,2.266101853e-13,2.268709002e-14
0.984375,3.382206897e-13,1.005586437e-13,4.642604705e-13,3.578051771e-13,2.550907763e-13,3.393547692e-13,5.010880496e-14,3.602700768e-14,5.427251098e-14,1.984455243e-13,3.533738312e-13,1.105419793e-13,1.870765451e-13,2.924675534e-13,5.036653906e-13,6.139076977e-13,5.425757331e-13,3.280834534e-13,1.444072827e-13,4.800118335e-13,1.48235145e-13,2.887526027e-14,3.355712786e-14,1.231864454e-13,9.356023958e-14,1.440440546e-13,1.897082367e-13,1.433047249e-13,2.201963231e-13,5.471963143e-14,2.292223694e-13,2.282065057e-14
0.9921875,3.371916878e-13,1.013144706e-13,4.644753214e-13,3.600350497e-13,2.551395383e-13,3.371429385e-13,5.026444246e-14,3.566408571e-14,5.452351491e-14,1.99056229e-13,3.502860302e-13,1.100508075e-13,1.885193066e-13,2.935980369e-13,5.054146189e-13,6.15981092e-13,5.401679137e-13,3.250071663e-13,1.442141479e-13,4.775792464e-13,1.483458394e-13,2.908283316e-14,3.351993174e-14,1.207371801e-13,9.349476468e-14,1.441526244e-13,1.885069159e-13,1.423266706e-13,2.179545345e-13,5.48721693e-14,2.318896853e-13,2.297120888e-14
1,3.361922381e-13,1.021519864e-13,4.645224031e-13,3.622698461e-13,2.55168413e-13,3.348481169e-13,5.039413553e-14,3.537765673e-14,5.479386106e-14,1.996479719e-13,3.471864746e-13,1.095202624e-13,1.899483726e-13,2.946543917e-13,5.072386483e-13,6.183936808e-13,5.377649864e-13,3.219312607e-13,1.439750025e-13,4.750799538e-13,1.4838401e-13,2.929750175e-14,3.347869882e-14,1.183019586e-13,9.345059816e-14,1.443552229e-13,1.873358982e-13,1.413243196e-13,2.158212682e-13,5.50063517e-14,2.346142584e-13,2.315097001e-14
1.0078125,3.350056686e-13,1.030630121e-13,4.645037356e-13,3.645349198e-13,2.551737124e-13,3.324319975e-13,5.048922112e-14,3.520234652e-14,5.508435639e-14,2.002239244e-13,3.440720771e-13,1.089971567e-13,1.913917154e-13,2.956181298e-13,5.091201994e-13,6.211174922e-13,5.354477168e-13,3.189172206e-13,1.437595068e-13,4.726698212e-13,1.48418702e-13,2.951803029e-14,3.344883224e-14,1.158710302e-13,9.344384733e-14,1.446214975e-13,1.862462724e-13,1.402599616e-13,2.137513561e-13,5.51359247e-14,2.373342026e-13,2.334565555e-14
1.015625,3.338189094e-13,1.040189502e-13,4.645020049e-13,3.668076069e-13,2.551985798e-13,3.299247505e-13,5.057248131e-14,3.511727739e-14,5.539285354e-14,2.007947094e-13,3.410892475e-13,1.085066901e-13,1.928872962e-13,2.965888524e-13,5.110802104e-13,6.240540159e-13,5.333206006e-13,3.161242616e-13,1.435960393e-13,4.704168315e-13,1.484605431e-13,2.975177623e-14,3.343684896e-14,1.134933107e-13,9.34826999e-14,1.449176836e-13,1.851952166e-13,1.391652171e-13,2.117889571e-13,5.526138764e-14,2.400778791e-13,2.355223197e-14
1.0234375,3.326389773e-13,1.048591237e-13,4.644296992e-13,3.690064265e-13,2.55195983e-13,3.273918435e-13,5.066350122e-14,3.508771773e-14,5.572131929e-14,2.013590153e-13,3.382201745e-13,1.079829073e-13,1.943818974e-13,2.975149505e-13,5.130226816e-13,6.270283696e-13,5.311455004e-13,3.133846945e-13,1.433836563e-13,4.683570742e-13,1.484302444e-13,2.999822518e-14,3.342640021e-14,1.111779778e-13,9.354637149e-14,1.452684792e-13,1.841163592e-13,1.380702657e-13,2.098796728e-13,5.536947468e-14,2.428742879e-13,2.375870071e-14
1.03125,3.313560764e-13,1.056196125e-13,4.642181991e-13,3.711656411e-13,2.551739122e-13,3.248104376e-13,5.074640865e-14,3.511155321e-14,5.608304416e-14,2.018661661e-13,3.353897329e-13,1.074470526e-13,1.958821466e-13,2.984178227e-13,5.148971955e-13,6.300122778e-13,5.287693658e-13,3.105685442e-13,1.431350878e-13,4.664706761e-13,1.483710781e-13,3.026073691e-14,3.339904936e-14,1.089295428e-13,9.361516846e-14,1.456773642e-13,1.830573662e-13,1.369434222e-13,2.079923599e-13,5.545090279e-14,2.457024217e-13,2.395810715e-14
1.0390625,3.300158963e-13,1.0653926e-13,4.640519164e-13,3.734006946e-13,2.551695074e-13,3.221828524e-13,5.082028418e-14,3.519255295e-14,5.646595769e-14,2.022841943e-13,3.326027434e-13,1.069417171e-13,1.974159922e-13,2.9930664e-13,5.168691805e-13,6.331792012e-13,5.263877174e-13,3.078200663e-13,1.429231844e-13,4.645845922e-13,1.483115768e-13,3.053427556e-14,3.336113922e-14,1.067217403e-13,9.370424751e-14,1.461153679e-13,1.820833653e-13,1.357397031e-13,2.061969944e-13,5.550044932e-14,2.485603343e-13,2.417616398e-14
1.046875,3.285864545e-13,1.074765745e-13,4.64050749e-13,3.757367514e-13,2.551801911e-13,3.196045831e-13,5.09010474e-14,3.533197789e-14,5.685157214e-14,2.026612624e-13,3.298478182e-13,1.064264346e-13,1.989380248e-13,3.000813968e-13,5.19018064e-13,6.366131113e-13,5.241528401e-13,3.051710938e-13,1.42709394e-13,4.626690727e-13,1.481934204e-13,3.080695294e-14,3.33273382e-14,1.045480282e-13,9.383030939e-14,1.465784206e-13,1.81159923e-13,1.344982492e-13,2.045101746e-13,5.554756154e-14,2.514408287e-13,2.441730007e-14
1.0546875,3.270696889e-13,1.082520454e-13,4.64064772e-13,3.780826939e-13,2.55217951e-13,3.17028767e-13,5.096348653e-14,3.55254429e-14,5.724896328e-14,2.030353125e-13,3.271683286e-13,1.05915582e-13,2.004776342e-13,3.007768519e-13,5.211895527e-13,6.402362275e-13,5.220361616e-13,3.0256443e-13,1.425015464e-13,4.608676211e-13,1.480694544e-13,3.109106335e-14,3.330241341e-14,1.024722837e-13,9.397331235e-14,1.470848678e-13,1.802780597e-13,1.333176916e-13,2.029397859e-13,5.562758772e-14,2.543621163e-13,2.465407496e-14
1.0625,3.254748854e-13,1.091107754e-13,4.640280783e-13,3.803602851e-13,2.552205486e-13,3.143266743e-13,5.099758462e-14,3.575944473e-14,5.765335414e-14,2.033657936e-13,3.246184783e-13,1.054334246e-13,2.020927634e-13,3.014057355e-13,5.233008134e-13,6.439662437e-13,5.199143649e-13,3.000265565e-13,1.423465095e-13,4.591984672e-13,1.479777007e-13,3.139250595e-14,3.32855144e-14,1.004642631e-13,9.411425848e-14,1.476525579e-13,1.794765678e-13,1.321718484e-13,2.015305754e-13,5.569957501e-14,2.573481696e-13,2.489120299e-14
1.0703125,3.236311699e-13,1.100974816e-13,4.639068893e-13,3.825746814e-13,2.551172444e-13,3.114937833e-13,5.10442249e-14,3.605371978e-14,5.804942345e-14,2.036039401e-13,3.221031978e-13,1.049010678e-13,2.036998727e-13,3.018369369e-13,5.254083821e-13,6.477879297e-13,5.176583798e-13,2.975084423e-13,1.421575185e-13,4.576098922e-13,1.478202144e-13,3.16864355e-14,3.326789637e-14,9.846345058e-14,9.42643084e-14,1.482962074e-13,1.787306972e-13,1.308963263e-13,2.002273194e-13,5.571157242e-14,2.602795506e-13,2.516198871e-14
1.078125,3.215624775e-13,1.109795583e-13,4.6354636e-13,3.847390784e-13,2.55034676e-13,3.084998675e-13,5.110177029e-14,3.643267566e-14,5.845477627e-14,2.037674355e-13,3.195690541e-13,1.04312544e-13,2.052384568e-13,3.021442936e-13,5.274807948e-13,6.516646689e-13,5.152476797e-13,2.949703099e-13,1.418828225e-13,4.560458848e-13,1.476165576e-13,3.196519397e-14,3.323469514e-14,9.653088633e-14,9.442591734e-14,1.490023804e-13,1.780231698e-13,1.294758708e-13,1.989618933e-13,5.570157466e-14,2.630655283e-13,2.546519816e-14
1.0859375,3.194808913e-13,1.117744506e-13,4.630955253e-13,3.868804679e-13,2.550636449e-13,3.05416423e-13,5.113993586e-14,3.685877718e-14,5.887778849e-14,2.038955776e-13,3.171002269e-13,1.037547221e-13,2.067765847e-13,3.024814286e-13,5.294548357e-13,6.554766632e-13,5.127278095e-13,2.924863722e-13,1.416123848e-13,4.544392197e-13,1.47463879e-13,3.224263997e-14,3.318468021e-14,9.463875141e-14,9.458721017e-14,1.497215397e-13,1.773702142e-13,1.281029823e-13,1.97784166e-13,5.571364008e-14,2.658405411e-13,2.575807773e-14
1.09375,3.17327538e-13,1.124825598e-13,4.627918522e-13,3.890426286e-13,2.550288318e-13,3.02512566e-13,5.11741786e-14,3.730427458e-14,5.929745277e-14,2.039603756e-13,3.146764915e-13,1.031908617e-13,2.083115884e-13,3.026799911e-13,5.313801361e-13,6.592331169e-13,5.101959367e-13,2.90008088e-13,1.413574124e-13,4.529068244e-13,1.472783251e-13,3.251947338e-14,3.313932103e-14,9.269753715e-14,9.475653886e-14,1.50434321e-13,1.766977896e-13,1.268087394e-13,1.966803846e-13,5.5719634e-14,2.686465375e-13,2.602684394e-14
1.1015625,3.149157079e-13,1.130096689e-13,4.623760778e-13,3.911349639e-13,2.548107329e-13,2.996543076e-13,5.120530041e-14,3.779593634e-14,5.971380606e-14,2.039136619e-13,3.122012621e-13,1.025516384e-13,2.097718105e-13,3.025392107e-13,5.332414726e-13,6.630254067e-13,5.07675803e-13,2.874134307e-13,1.41037127e-13,4.515328368e-13,1.46963809e-13,3.279471818e-14,3.311826117e-14,9.081569693e-14,9.494357577e-14,1.511855521e-13,1.759387105e-13,1.253862448e-13,1.955744691e-13,5.569458659e-14,2.713523077e-13,2.631036729e-14
1.109375,3.122513601e-13,1.135194536e-13,4.616612959e-13,3.930717944e-13,2.545829718e-13,2.964493043e-13,5.120649325e-14,3.833357519e-14,6.014671084e-14,2.037397072e-13,3.097201548e-13,1.019239097e-13,2.112088796e-13,3.022420163e-13,5.349240485e-13,6.666918814e-13,5.049699478e-13,2.848120696e-13,1.406740623e-13,4.501313957e-13,1.465964026e-13,3.307922035e-14,3.311004407e-14,8.908121945e-14,9.513662025e-14,1.520054916e-13,1.752011818e-13,1.238023801e-13,1.945706574e-13,5.565771827e-14,2.740573697e-13,2.661620505e-14
1.1171875,3.095643052e-13,1.141376303e-13,4.609440967e-13,3.950499622e-13,2.545479524e-13,2.931262439e-13,5.118917903e-14,3.891026499e-14,6.061453108e-14,2.033777724e-13,3.073620386e-13,1.014044237e-13,2.127465801e-13,3.021094317e-13,5.365343843e-13,6.702044269e-13,5.021357727e-13,2.824279148e-13,1.403742804e-13,4.487346152e-13,1.462508806e-13,3.339038689e-14,3.309065096e-14,8.739817695e-14,9.533560089e-14,1.528712273e-13,1.746276015e-13,1.222555908e-13,1.937814485e-13,5.562372362e-14,2.769791695e-13,2.69085347e-14
1.125,3.07063317e-13,1.148033751e-13,4.603147311e-13,3.972209876e-13,2.546243048e-13,2.90054821e-13,5.115782312e-14,3.954801858e-14,6.110805781e-14,2.028198348e-13,3.051673454e-13,1.009362747e-13,2.143966857e-13,3.02104378e-13,5.38306835e-13,6.739332834e-13,4.995591606e-13,2.802506644e-13,1.401709474e-13,4.475763839e-13,1.459154053e-13,3.373301912e-14,3.305997896e-14,8.573326702e-14,9.555746102e-14,1.537704746e-13,1.741872354e-13,1.208102958e-13,1.930911957e-13,5.558781508e-14,2.800404246e-13,2.719067561e-14
1.1328125,3.045229622e-13,1.15502146e-13,4.595715813e-13,3.993959467e-13,2.545897969e-13,2.869707162e-13,5.108621594e-14,4.021875869e-14,6.157140005e-14,2.022226106e-13,3.03064935e-13,1.004267116e-13,2.16061873e-13,3.019055073e-13,5.401448129e-13,6.778357231e-13,4.971053754e-13,2.780751339e-13,1.399915325e-13,4.464928557e-13,1.455814209e-13,3.407895092e-14,3.302990794e-14,8.41208554e-14,9.579625781e-14,1.547131751e-13,1.737501954e-13,1.193889706e-13,1.924293598e-13,5.554739463e-14,2.830766721e-13,2.747783379e-14
1.140625,3.016961731e-13,1.161285134e-13,4.586907391e-13,4.014302029e-13,2.544954538e-13,2.836457913e-13,5.098749627e-14,4.088591113e-14,6.200478913e-14,2.016223815e-13,3.009998514e-13,9.989926138e-14,2.176832257e-13,3.015030115e-13,5.417822385e-13,6.814496539e-13,4.943391339e-13,2.758425712e-13,1.397701769e-13,4.453070779e-13,1.452505079e-13,3.441233428e-14,3.300426632e-14,8.254284599e-14,9.603115161e-14,1.556978647e-13,1.732843537e-13,1.179770729e-13,1.918891146e-13,5.550372256e-14,2.861203858e-13,2.775171267e-14
1.1484375,2.989065442e-13,1.166386289e-13,4.577142657e-13,4.034035468e-13,2.545399243e-13,2.802983116e-13,5.089213233e-14,4.158398393e-14,6.249003178e-14,2.008633008e-13,2.990114222e-13,9.942899477e-14,2.193017965e-13,3.012089604e-13,5.432516245e-13,6.848291793e-13,4.914419263e-13,2.736732959e-13,1.395329204e-13,4.442364225e-13,1.44903092e-13,3.475978189e-14,3.298718337e-14,8.099805957e-14,9.626773629e-14,1.567284783e-13,1.728557928e-13,1.165716935e-13,1.914627718e-13,5.545398752e-14,2.892098878e-13,2.801832474e-14
1.15625,2.962223013e-13,1.171942322e-13,4.56629733e-13,4.053839981e-13,2.546254361e-13,2.770773352e-13,5.080690307e-14,4.233426395e-14,6.30251554e-14,2.00012127e-13,2.970722381e-13,9.89900689e-14,2.20956394e-13,3.009721032e-13,5.446544075e-13,6.88175099e-13,4.886169817e-13,2.715605414e-13,1.393018576e-13,4.433087618e-13,1.445127468e-13,3.511769388e-14,3.297754483e-14,7.946807308e-14,9.651738665e-14,1.578268315e-13,1.726074026e-13,1.151449225e-13,1.910845211e-13,5.538731068e-14,2.922365942e-13,2.829285257e-14
1.1640625,2.933983009e-13,1.178961679e-13,4.555710392e-13,4.073754372e-13,2.544867413e-13,2.73842956e-13,5.067232044e-14,4.307317713e-14,6.347053103e-14,1.990967294e-13,2.952138365e-13,9.852447522e-14,2.22626342e-13,3.005217329e-13,5.460890645e-13,6.915556009e-13,4.859362136e-13,2.694236049e-13,1.390972758e-13,4.422366743e-13,1.440859119e-13,3.54464336e-14,3.2964629e-14,7.797652265e-14,9.676514911e-14,1.589636787e-13,1.724119096e-13,1.137643169e-13,1.907989506e-13,5.532537965e-14,2.952045413e-13,2.854605024e-14
1.171875,2.903922693e-13,1.184689019e-13,4.545513093e-13,4.093771263e-13,2.542868709e-13,2.705601738e-13,5.051256337e-14,4.383449977e-14,6.387997227e-14,1.980754299e-13,2.934280471e-13,9.803316615e-14,2.243101848e-13,2.999418735e-13,5.474660751e-13,6.948232847e-13,4.832180118e-13,2.672822472e-13,1.388846057e-13,4.411272521e-13,1.436530335e-13,3.57507406e-14,3.295869622e-14,7.653181647e-14,9.700144761e-14,1.601468625e-13,1.722770832e-13,1.124117703e-13,1.906040153e-13,5.526990374e-14,2.981243688e-13,2.878993893e-14
1.1796875,2.874857894e-13,1.189590499e-13,4.53556696e-13,4.113172615e-13,2.542229648e-13,2.672545258e-13,5.035414451e-14,4.469361298e-14,6.439448008e-14,1.968378352e-13,2.917086192e-13,9.757541045e-14,2.260537831e-13,2.99451557e-13,5.488121841e-13,6.980959696e-13,4.80463025e-13,2.652390969e-13,1.386698329e-13,4.402232194e-13,1.431985042e-13,3.607919872e-14,3.297170732e-14,7.511834676e-14,9.725505753e-14,1.613991942e-13,1.722110477e-13,1.110333917e-13,1.904632238e-13,5.521486253e-14,3.010970606e-13,2.908416852e-14
1.1875,2.845840889e-13,1.195132304e-13,4.526289382e-13,4.132477122e-13,2.541317251e-13,2.639858598e-13,5.020210786e-14,4.564076982e-14,6.495222266e-14,1.954457622e-13,2.900203268e-13,9.713141234e-14,2.27828199e-13,2.9889021e-13,5.502736021e-13,7.015201689e-13,4.777756609e-13,2.632963609e-13,1.384711886e-13,4.394548895e-13,1.427040394e-13,3.641917625e-14,3.29985184e-14,7.374316284e-14,9.754760033e-14,1.627090959e-13,1.721835727e-13,1.09664321e-13,1.903943607e-13,5.51587047e-14,3.041388303e-13,2.940164083e-14
1.1953125,2.815513144e-13,1.200307812e-13,4.517648476e-13,4.152446982e-13,2.539288727e-13,2.608378267e-13,5.003183102e-14,4.661613294e-14,6.545118976e-14,1.939808286e-13,2.884342796e-13,9.668142563e-14,2.295468142e-13,2.981220255e-13,5.518707509e-13,7.050985798e-13,4.752891596e-13,2.614297785e-13,1.383074664e-13,4.38721293e-13,1.422213335e-13,3.674589204e-14,3.302918354e-14,7.246489511e-14,9.786414849e-14,1.640647474e-13,1.72173e-13,1.083748505e-13,1.903889019e-13,5.511221764e-14,3.071023157e-13,2.968229905e-14
1.203125,2.784408281e-13,1.205021303e-13,4.508810574e-13,4.171743293e-13,2.537213093e-13,2.576350632e-13,4.981983266e-14,4.758148399e-14,6.591937124e-14,1.924250446e-13,2.869986141e-13,9.624991664e-14,2.312228459e-13,2.972699631e-13,5.534148609e-13,7.086432758e-13,4.728560566e-13,2.596110612e-13,1.381598617e-13,4.38001987e-13,1.417692287e-13,3.706654654e-14,3.305970576e-14,7.125887008e-14,9.81893361e-14,1.654751106e-13,1.721872793e-13,1.071203323e-13,1.90443598e-13,5.507753824e-14,3.099332465e-13,2.995305591e-14
1.2109375,2.752666387e-13,1.20975292e-13,4.4992826e-13,4.190458271e-13,2.535258186e-13,2.542493037e-13,4.95941971e-14,4.854203628e-14,6.63757897e-14,1.907478728e-13,2.856196685e-13,9.583239425e-14,2.329303501e-13,2.963716153e-13,5.548075798e-13,7.120254414e-13,4.702833493e-13,2.578283277e-13,1.379892643e-13,4.372861142e-13,1.412908615e-13,3.738679662e-14,3.309601455e-14,7.002044252e-14,9.852738044e-14,1.669400702e-13,1.722611972e-13,1.05837568e-13,1.905920507e-13,5.503865171e-14,3.127995225e-13,3.024656705e-14
1.21875,2.721217629e-13,1.213513907e-13,4.48930615e-13,4.209894898e-13,2.532893907e-13,2.509406947e-13,4.938586102e-14,4.952583921e-14,6.680389551e-14,1.889619517e-13,2.842447954e-13,9.541343059e-14,2.346825404e-13,2.953980603e-13,5.561581476e-13,7.153998043e-13,4.677682438e-13,2.56104608e-13,1.378101269e-13,4.367248754e-13,1.40796744e-13,3.770391779e-14,3.314687707e-14,6.875959247e-14,9.888141736e-14,1.684411787e-13,1.724081725e-13,1.045894081e-13,1.907873551e-13,5.498942145e-14,3.157563164e-13,3.053317942e-14
1.2265625,2.690428732e-13,1.21641061e-13,4.479801295e-13,4.228531919e-13,2.529745529e-13,2.47818051e-13,4.916506908e-14,5.052573945e-14,6.721001682e-14,1.870824354e-13,2.828872337e-13,9.498732887e-14,2.364767622e-13,2.94400186e-13,5.575457111e-13,7.188430274e-13,4.654143438e-13,2.54399703e-13,1.3765819e-13,4.363891968e-13,1.403414394e-13,3.80053527e-14,3.320149346e-14,6.757421499e-14,9.924507064e-14,1.699502939e-13,1.726006678e-13,1.034369893e-13,1.909915945e-13,5.494590132e-14,3.186536112e-13,3.079504223e-14
1.234375,2.659000316e-13,1.220104017e-13,4.471362967e-13,4.24513972e-13,2.526056147e-13,2.446358625e-13,4.889080391e-14,5.151447385e-14,6.760281728e-14,1.850435875e-13,2.815519795e-13,9.455383439e-14,2.383124833e-13,2.933766274e-13,5.588868369e-13,7.221444666e-13,4.629745222e-13,2.526896452e-13,1.375262977e-13,4.36007504e-13,1.399006263e-13,3.829306771e-14,3.324851738e-14,6.645909948e-14,9.960434729e-14,1.714653153e-13,1.728376791e-13,1.023245555e-13,1.912646296e-13,5.492230114e-14,3.215164898e-13,3.105439046e-14
1.2421875,2.627055295e-13,1.225089719e-13,4.46272099e-13,4.260806031e-13,2.521805197e-13,2.413299689e-13,4.856496307e-14,5.248588408e-14,6.799439872e-14,1.828030736e-13,2.802890576e-13,9.411711627e-14,2.40143453e-13,2.922381e-13,5.599198894e-13,7.250395966e-13,4.603279584e-13,2.509954539e-13,1.373503881e-13,4.35405338e-13,1.39446645e-13,3.858577519e-14,3.330443909e-14,6.532242508e-14,9.993627585e-14,1.730307967e-13,1.731241407e-13,1.012050606e-13,1.915937827e-13,5.492395785e-14,3.244540388e-13,3.131962417e-14
1.25,2.594638713e-13,1.230020266e-13,4.452497789e-13,4.276118158e-13,2.515417232e-13,2.38035443e-13,4.820673603e-14,5.342611361e-14,6.836062388e-14,1.804620965e-13,2.791082275e-13,9.364334864e-14,2.419679605e-13,2.908949097e-13,5.604457354e-13,7.273968366e-13,4.575223195e-13,2.492252265e-13,1.370700107e-13,4.347510964e-13,1.389876519e-13,3.885591742e-14,3.337641289e-14,6.414759902e-14,1.002347727e-13,1.746812257e-13,1.734414391e-13,1.001044881e-13,1.919317247e-13,5.495418156e-14,3.272898591e-13,3.157155373e-14
1.2578125,2.560684559e-13,1.23365095e-13,4.44192721e-13,4.291646261e-13,2.507188119e-13,2.347577118e-13,4.783227293e-14,5.434205135e-14,6.865860711e-14,1.780510615e-13,2.77917992e-13,9.312358313e-14,2.438588451e-13,2.893649465e-13,5.607513593e-13,7.29458592e-13,4.546736288e-13,2.473867701e-13,1.36763198e-13,4.341721729e-13,1.384838191e-13,3.907826984e-14,3.344978789e-14,6.301154411e-14,1.005376036e-13,1.76411058e-13,1.738292745e-13,9.903433743e-14,1.923461888e-13,5.499311459e-14,3.298984875e-13,3.180971119e-14
1.265625,2.52638191e-13,1.236771951e-13,4.432502002e-13,4.306802742e-13,2.499932893e-13,2.314574867e-13,4.746391886e-14,5.529331041e-14,6.893446607e-14,1.754909151e-13,2.766812637e-13,9.262304087e-14,2.458202352e-13,2.877968093e-13,5.612407725e-13,7.316367533e-13,4.52002227e-13,2.456806208e-13,1.365559933e-13,4.336518415e-13,1.379105847e-13,3.929748154e-14,3.353218797e-14,6.195717724e-14,1.008861018e-13,1.781957044e-13,1.743211154e-13,9.797105679e-14,1.928635955e-13,5.500651954e-14,3.324647424e-13,3.206355446e-14
1.2734375,2.49252396e-13,1.240420322e-13,4.422970074e-13,4.319077202e-13,2.493164434e-13,2.281288071e-13,4.711104358e-14,5.629503047e-14,6.923024543e-14,1.728570825e-13,2.754604173e-13,9.213711538e-14,2.477986948e-13,2.862233774e-13,5.61756776e-13,7.338696627e-13,4.495053718e-13,2.440453143e-13,1.363866337e-13,4.332332718e-13,1.37326265e-13,3.95228432e-14,3.363561097e-14,6.095753056e-14,1.012668111e-13,1.799978878e-13,1.748609689e-13,9.688450601e-14,1.934008951e-13,5.500184405e-14,3.350196984e-13,3.234403143e-14
1.28125,2.45764461e-13,1.243741603e-13,4.412396384e-13,4.329712624e-13,2.484738627e-13,2.247611663e-13,4.675659888e-14,5.729026595e-14,6.949661238e-14,1.702288923e-13,2.743297637e-13,9.162160794e-14,2.497999651e-13,2.845285922e-13,5.620150439e-13,7.358748068e-13,4.46970891e-13,2.4227276e-13,1.361477681e-13,4.329209689e-13,1.367677244e-13,3.971455697e-14,3.374098532e-14,5.99858488e-14,1.016403496e-13,1.818165541e-13,1.754577889e-13,9.577946326e-14,1.939369568e-13,5.501291252e-14,3.374442662e-13,3.262886719e-14
1.2890625,2.422936438e-13,1.246290678e-13,4.402702304e-13,4.341598632e-13,2.476192096e-13,2.214494672e-13,4.639747337e-14,5.824267983e-14,6.973779157e-14,1.674831358e-13,2.733108998e-13,9.114247919e-14,2.518226889e-13,2.827678897e-13,5.621360055e-13,7.376459109e-13,4.443604097e-13,2.405083542e-13,1.359044058e-13,4.325702112e-13,1.362170123e-13,3.989830474e-14,3.383918072e-14,5.901345437e-14,1.020039729e-13,1.836900837e-13,1.761608463e-13,9.472238798e-14,1.945099285e-13,5.503890325e-14,3.398921795e-13,3.289509792e-14
1.296875,2.390339268e-13,1.249029015e-13,4.395003919e-13,4.352022671e-13,2.468853012e-13,2.182770622e-13,4.605412447e-14,5.914952042e-14,6.999830987e-14,1.645873183e-13,2.723459923e-13,9.073452762e-14,2.538304298e-13,2.810907923e-13,5.622159656e-13,7.391026283e-13,4.416698058e-13,2.389378733e-13,1.357272619e-13,4.320923062e-13,1.356802042e-13,4.010989835e-14,3.39497005e-14,5.802001143e-14,1.023786593e-13,1.855881981e-13,1.768644823e-13,9.37311254e-14,1.951321791e-13,5.506975447e-14,3.425092779e-13,3.313989422e-14
1.3046875,2.357856172e-13,1.252171314e-13,4.388208499e-13,4.359104053e-13,2.461358663e-13,2.151307108e-13,4.572886452e-14,6.001465951e-14,7.023605407e-14,1.616663299e-13,2.714030954e-13,9.033183647e-14,2.558644345e-13,2.794513597e-13,5.622183539e-13,7.40195829e-13,4.388728732e-13,2.3746898e-13,1.355870716e-13,4.315898498e-13,1.351782898e-13,4.032207126e-14,3.407711357e-14,5.704180777e-14,1.027731101e-13,1.874625272e-13,1.774989189e-13,9.275099577e-14,1.958120512e-13,5.512424e-14,3.451526408e-13,3.33842291e-14
1.3125,2.323651211e-13,1.2549943e-13,4.382316681e-13,4.367253003e-13,2.453161635e-13,2.11961639e-13,4.54186187e-14,6.085700248e-14,7.040845681e-14,1.587230712e-13,2.705140341e-13,8.992128027e-14,2.579809219e-13,2.777413823e-13,5.622787757e-13,7.41313657e-13,4.361741785e-13,2.360287982e-13,1.354546778e-13,4.312223997e-13,1.346944654e-13,4.050894148e-14,3.420609465e-14,5.609291818e-14,1.031879859e-13,1.893900219e-13,1.782246806e-13,9.181345132e-14,1.965549836e-13,5.52118592e-14,3.477132673e-13,3.364262936e-14
1.3203125,2.288929846e-13,1.256708478e-13,4.377618911e-13,4.377772914e-13,2.44418937e-13,2.08897276e-13,4.513616159e-14,6.169455238e-14,7.053728548e-14,1.557018836e-13,2.69644901e-13,8.950137747e-14,2.601314189e-13,2.759367513e-13,5.624047354e-13,7.426382715e-13,4.337341285e-13,2.345914508e-13,1.352997926e-13,4.309993314e-13,1.341868827e-13,4.066503339e-14,3.433813809e-14,5.513920742e-14,1.036152655e-13,1.914475459e-13,1.791552458e-13,9.097655792e-14,1.973782544e-13,5.531631552e-14,3.501947899e-13,3.389765829e-14
1.328125,2.254913467e-13,1.257802588e-13,4.372337806e-13,4.385614906e-13,2.433963763e-13,2.058942087e-13,4.486859372e-14,6.252672219e-14,7.064766049e-14,1.526216218e-13,2.687550496e-13,8.904330937e-14,2.622663096e-13,2.740258357e-13,5.623668639e-13,7.43824161e-13,4.314077541e-13,2.33086039e-13,1.351230055e-13,4.306792281e-13,1.336385657e-13,4.079477118e-14,3.449521037e-14,5.420318402e-14,1.040432106e-13,1.935636245e-13,1.802021579e-13,9.017432409e-14,1.983137005e-13,5.542618828e-14,3.525822306e-13,3.414088435e-14
1.3359375,2.221389816e-13,1.260322144e-13,4.365750512e-13,4.389004126e-13,2.422471355e-13,2.028085017e-13,4.458861674e-14,6.333392252e-14,7.074141043e-14,1.494696886e-13,2.679201836e-13,8.859079442e-14,2.644053337e-13,2.720371425e-13,5.621560372e-13,7.446931842e-13,4.290561767e-13,2.315640191e-13,1.349779354e-13,4.300356635e-13,1.330914049e-13,4.091165073e-14,3.467593524e-14,5.330563752e-14,1.044755031e-13,1.956557406e-13,1.813012871e-13,8.937201561e-14,1.993312243e-13,5.554631032e-14,3.549332574e-13,3.438063469e-14
1.34375,2.187166201e-13,1.26405042e-13,4.35982083e-13,4.392382855e-13,2.40929494e-13,1.997420601e-13,4.430378615e-14,6.411664788e-14,7.07949698e-14,1.462417648e-13,2.672138353e-13,8.817189936e-14,2.665383184e-13,2.700329638e-13,5.619497783e-13,7.453724497e-13,4.26697374e-13,2.300818407e-13,1.348483758e-13,4.292873351e-13,1.326027341e-13,4.100302997e-14,3.483610571e-14,5.240686936e-14,1.049057107e-13,1.977473816e-13,1.824971315e-13,8.865986359e-14,2.003792891e-13,5.569536295e-14,3.572955565e-13,3.4605216e-14
1.3515625,2.151710095e-13,1.266341207e-13,4.355325312e-13,4.398270069e-13,2.395050782e-13,1.96793423e-13,4.402849446e-14,6.494743937e-14,7.082661145e-14,1.430191318e-13,2.665967117e-13,8.774011884e-14,2.686236326e-13,2.680247811e-13,5.617915606e-13,7.459847548e-13,4.243707276e-13,2.285656643e-13,1.346849193e-13,4.288335404e-13,1.321571503e-13,4.106829677e-14,3.495608834e-14,5.153534805e-14,1.053172877e-13,1.999006109e-13,1.837958162e-13,8.806637198e-14,2.014674024e-13,5.58855294e-14,3.595810369e-13,3.482129067e-14
1.359375,2.11676297e-13,1.26685811e-13,4.350696304e-13,4.403500788e-13,2.38168208e-13,1.938403226e-13,4.376906463e-14,6.586044387e-14,7.089875691e-14,1.398335381e-13,2.659438644e-13,8.72892892e-14,2.70669084e-13,2.660083535e-13,5.616329407e-13,7.466166519e-13,4.221170588e-13,2.270393018e-13,1.345121021e-13,4.285913179e-13,1.31688957e-13,4.114382311e-14,3.508176728e-14,5.073318219e-14,1.057437684e-13,2.021440896e-13,1.851085051e-13,8.751143803e-14,2.025731326e-13,5.609896765e-14,3.617378892e-13,3.505923441e-14
1.3671875,2.084109902e-13,1.266678241e-13,4.345216875e-13,4.406145866e-13,2.368688344e-13,1.90879282e-13,4.353258824e-14,6.673978516e-14,7.096550016e-14,1.366282137e-13,2.651825248e-13,8.68277567e-14,2.727194488e-13,2.639856352e-13,5.613370103e-13,7.471028172e-13,4.199279744e-13,2.256081852e-13,1.343471907e-13,4.282213366e-13,1.311945179e-13,4.122414907e-14,3.524487084e-14,4.991472591e-14,1.062214422e-13,2.044573602e-13,1.86381161e-13,8.695303916e-14,2.036421025e-13,5.631997389e-14,3.638178237e-13,3.530460921e-14
1.375,2.052545808e-13,1.265964342e-13,4.339879216e-13,4.408358909e-13,2.354532303e-13,1.879762286e-13,4.328145178e-14,6.749956381e-14,7.094250494e-14,1.333653195e-13,2.644258111e-13,8.633910182e-14,2.74831516e-13,2.619385757e-13,5.607028072e-13,7.471270643e-13,4.176781885e-13,2.242168446e-13,1.341775247e-13,4.277545594e-13,1.307163849e-13,4.127618566e-14,3.542362541e-14,4.902857314e-14,1.067031263e-13,2.068207959e-13,1.877196466e-13,8.643637242e-14,2.047399338e-13,5.655713696e-14,3.658399157e-13,3.55348608e-14
1.3828125,2.019053997e-13,1.265530959e-13,4.334903213e-13,4.409721655e-13,2.339469447e-13,1.849377387e-13,4.297517443e-14,6.820566567e-14,7.08759959e-14,1.300331817e-13,2.637384864e-13,8.583433557e-14,2.770375015e-13,2.598396645e-13,5.597609163e-13,7.468227307e-13,4.152819554e-13,2.22739504e-13,1.339901281e-13,4.273842421e-13,1.30235267e-13,4.129114804e-14,3.561255007e-14,4.816195691e-14,1.071501637e-13,2.09254881e-13,1.892505917e-13,8.599318431e-14,2.059541072e-13,5.680901071e-14,3.677691236e-13,3.577079691e-14
1.390625,1.983672469e-13,1.265577328e-13,4.329377334e-13,4.407939727e-13,2.32343003e-13,1.816935181e-13,4.266326983e-14,6.890184046e-14,7.080932082e-14,1.266354211e-13,2.629715585e-13,8.531980335e-14,2.792586846e-13,2.576744792e-13,5.587396718e-13,7.465465616e-13,4.128820681e-13,2.212014249e-13,1.337450015e-13,4.270911208e-13,1.297249236e-13,4.12629926e-14,3.582958264e-14,4.735496596e-14,1.076040855e-13,2.117477301e-13,1.909162257e-13,8.558082528e-14,2.072039685e-13,5.707216299e-14,3.696133799e-13,3.601424249e-14
1.3984375,1.95046127e-13,1.264983334e-13,4.32418574e-13,4.404925391e-13,2.306708234e-13,1.785717426e-13,4.239470091e-14,6.956332133e-14,7.071331555e-14,1.232158801e-13,2.62146402e-13,8.480741076e-14,2.813940092e-13,2.555059283e-13,5.577117547e-13,7.462298139e-13,4.106984396e-13,2.197260706e-13,1.334708228e-13,4.267977563e-13,1.292512217e-13,4.122451519e-14,3.60628273e-14,4.655308013e-14,1.080747041e-13,2.142512083e-13,1.926214893e-13,8.519169179e-14,2.083923029e-13,5.73667252e-14,3.714384822e-13,3.624359024e-14
1.40625,1.919930898e-13,1.263660005e-13,4.320798792e-13,4.402482349e-13,2.290280667e-13,1.756763417e-13,4.213121353e-14,7.019779127e-14,7.058816216e-14,1.197977567e-13,2.614482948e-13,8.43133012e-14,2.835049673e-13,2.5338736e-13,5.566031821e-13,7.456904764e-13,4.08694354e-13,2.183082303e-13,1.332428517e-13,4.264721278e-13,1.288459585e-13,4.120835198e-14,3.629314227e-14,4.573656894e-14,1.085264444e-13,2.167823543e-13,1.944259829e-13,8.487730633e-14,2.095730327e-13,5.769120096e-14,3.731852647e-13,3.646819707e-14
1.4140625,1.887654713e-13,1.261648454e-13,4.317043921e-13,4.399033319e-13,2.27284236e-13,1.727009052e-13,4.185819418e-14,7.081011938e-14,7.041797606e-14,1.163532467e-13,2.607530935e-13,8.378058135e-14,2.856863849e-13,2.51203382e-13,5.553774314e-13,7.450193395e-13,4.066422598e-13,2.168363588e-13,1.330008669e-13,4.261639134e-13,1.284412864e-13,4.115170012e-14,3.652597905e-14,4.492827495e-14,1.089773235e-13,2.193840179e-13,1.963441881e-13,8.4616031e-14,2.107852006e-13,5.80179121e-14,3.746831794e-13,3.670476102e-14
1.421875,1.854451303e-13,1.259073206e-13,4.311218851e-13,4.394858617e-13,2.254351121e-13,1.696217774e-13,4.161717564e-14,7.139980686e-14,7.020873426e-14,1.128822982e-13,2.599031315e-13,8.321273305e-14,2.878764308e-13,2.489403441e-13,5.540683927e-13,7.442688774e-13,4.045050202e-13,2.153610074e-13,1.326916779e-13,4.260317189e-13,1.28064471e-13,4.103996791e-14,3.676372635e-14,4.413389815e-14,1.094517142e-13,2.220401847e-13,1.982355862e-13,8.439249682e-14,2.119670703e-13,5.83615347e-14,3.760307366e-13,3.69584535e-14
1.4296875,1.82481471e-13,1.25712478e-13,4.306859301e-13,4.391028934e-13,2.237163224e-13,1.667461287e-13,4.140887658e-14,7.199244807e-14,7.002546121e-14,1.094235969e-13,2.590888592e-13,8.271247892e-14,2.900533328e-13,2.468199691e-13,5.528482636e-13,7.434956134e-13,4.024720053e-13,2.140093762e-13,1.324210834e-13,4.25986699e-13,1.278083774e-13,4.095742184e-14,3.700187271e-14,4.334471905e-14,1.099314465e-13,2.247257488e-13,2.001028396e-13,8.427849792e-14,2.131386028e-13,5.87568016e-14,3.774988974e-13,3.723028794e-14
1.4375,1.796626493e-13,1.255409546e-13,4.305393355e-13,4.386072448e-13,2.219454909e-13,1.640620895e-13,4.121854315e-14,7.255930125e-14,6.980854375e-14,1.060141039e-13,2.583789487e-13,8.223082484e-14,2.923452174e-13,2.448209122e-13,5.518742935e-13,7.429643303e-13,4.006765471e-13,2.127121787e-13,1.322202096e-13,4.25703484e-13,1.275896518e-13,4.087357946e-14,3.724764768e-14,4.256878509e-14,1.104290315e-13,2.274286866e-13,2.021240246e-13,8.42565646e-14,2.144095675e-13,5.91856553e-14,3.790263551e-13,3.750060634e-14
1.4453125,1.76738868e-13,1.253251778e-13,4.302654623e-13,4.379672389e-13,2.199419724e-13,1.61325121e-13,4.10661674e-14,7.30547277e-14,6.949199924e-14,1.026672056e-13,2.575689007e-13,8.168198636e-14,2.947458405e-13,2.427496578e-13,5.509158167e-13,7.426016559e-13,3.990863049e-13,2.113976289e-13,1.320027258e-13,4.253284157e-13,1.272924547e-13,4.072359746e-14,3.750586998e-14,4.180948161e-14,1.109648348e-13,2.301332617e-13,2.043029685e-13,8.426017727e-14,2.157848664e-13,5.959824516e-14,3.80415576e-13,3.775177586e-14
1.453125,1.740044677e-13,1.251545939e-13,4.298183141e-13,4.37270151e-13,2.180712736e-13,1.585472592e-13,4.093927554e-14,7.355659361e-14,6.924668297e-14,9.935516631e-14,2.567033604e-13,8.117036413e-14,2.971279387e-13,2.407069453e-13,5.497456838e-13,7.421394046e-13,3.975118432e-13,2.1011736e-13,1.317645823e-13,4.252720343e-13,1.26991504e-13,4.058766044e-14,3.77810882e-14,4.11070265e-14,1.115011871e-13,2.328696255e-13,2.064863915e-13,8.432957415e-14,2.171649206e-13,6.001162661e-14,3.816840622e-13,3.802807274e-14
1.4609375,1.714347165e-13,1.25012263e-13,4.294976275e-13,4.364420888e-13,2.162887416e-13,1.558329598e-13,4.080999473e-14,7.40880663e-14,6.909675745e-14,9.599313339e-14,2.558997301e-13,8.06975657e-14,2.994546137e-13,2.38719872e-13,5.48451387e-13,7.415180791e-13,3.958936901e-13,2.087916835e-13,1.314990017e-13,4.255258688e-13,1.267582319e-13,4.048252706e-14,3.806003261e-14,4.04274797e-14,1.120155682e-13,2.35666985e-13,2.087396009e-13,8.444612329e-14,2.185198402e-13,6.044010289e-14,3.82867541e-13,3.834642707e-14
1.46875,1.686676803e-13,1.248221666e-13,4.292653504e-13,4.354856575e-13,2.141455019e-13,1.531186643e-13,4.069762368e-14,7.458216753e-14,6.884292317e-14,9.262209154e-14,2.551040324e-13,8.01200897e-14,3.017807396e-13,2.365296822e-13,5.471224889e-13,7.408498397e-13,3.942611617e-13,2.073172067e-13,1.311697791e-13,4.257531992e-13,1.265627497e-13,4.03065236e-14,3.834000801e-14,3.973712321e-14,1.125316023e-13,2.384790959e-13,2.111634592e-13,8.456849197e-14,2.198955091e-13,6.089304336e-14,3.839240457e-13,3.867542754e-14
1.4765625,1.658657161e-13,1.247725066e-13,4.289684271e-13,4.345184387e-13,2.118116943e-13,1.5039767e-13,4.062702723e-14,7.501671332e-14,6.847760028e-14,8.932935949e-14,2.542924266e-13,7.950567795e-14,3.041329869e-13,2.342058677e-13,5.45684766e-13,7.400527551e-13,3.926532433e-13,2.058262846e-13,1.308418229e-13,4.258337647e-13,1.264160771e-13,4.007362371e-14,3.862516951e-14,3.905749432e-14,1.130530477e-13,2.412922061e-13,2.1366367e-13,8.478425492e-14,2.213112839e-13,6.137284936e-14,3.849339892e-13,3.900900593e-14
1.484375,1.632514668e-13,1.248270177e-13,4.287421497e-13,4.335283089e-13,2.096030542e-13,1.477792274e-13,4.058241922e-14,7.539473851e-14,6.810337308e-14,8.611707263e-14,2.535261573e-13,7.896919223e-14,3.064992336e-13,2.320022724e-13,5.442610921e-13,7.391607928e-13,3.911612995e-13,2.044372823e-13,1.305668949e-13,4.258014365e-13,1.262729456e-13,3.9853529e-14,3.892295226e-14,3.839383985e-14,1.135831736e-13,2.441507475e-13,2.161841872e-13,8.510022477e-14,2.227506713e-13,6.186070616e-14,3.859438328e-13,3.935451963e-14
1.4921875,1.606414089e-13,1.247213298e-13,4.286266239e-13,4.32447329e-13,2.072980019e-13,1.452248167e-13,4.054958128e-14,7.570472698e-14,6.768234319e-14,8.298245285e-14,2.52802446e-13,7.842814197e-14,3.088502027e-13,2.297978103e-13,5.429493698e-13,7.382858177e-13,3.898514717e-13,2.030959409e-13,1.302859402e-13,4.255902013e-13,1.260344163e-13,3.961739821e-14,3.923004374e-14,3.772959673e-14,1.141451151e-13,2.470291739e-13,2.187687554e-13,8.542858523e-14,2.242267061e-13,6.235445566e-14,3.86876558e-13,3.969702957e-14
1.5,1.579727833e-13,1.24577938e-13,4.284751787e-13,4.312228856e-13,2.047917626e-13,1.426244645e-13,4.05388836e-14,7.598320527e-14,6.721956655e-14,7.993016728e-14,2.521117794e-13,7.785269125e-14,3.111751274e-13,2.274727162e-13,5.415556909e-13,7.372896678e-13,3.885953227e-13,2.017567158e-13,1.299748918e-13,4.251914556e-13,1.257807074e-13,3.934080374e-14,3.953678101e-14,3.709608222e-14,1.147206543e-13,2.49894507e-13,2.213780683e-13,8.582390586e-14,2.25774531e-13,6.288782506e-14,3.877102064e-13,4.00347676e-14
1.5078125,1.553821138e-13,1.246059083e-13,4.283204872e-13,4.298110473e-13,2.023222934e-13,1.400520951e-13,4.056836654e-14,7.62612565e-14,6.679420416e-14,7.69268057e-14,2.514688691e-13,7.733143237e-14,3.135030368e-13,2.251876732e-13,5.400724805e-13,7.361494056e-13,3.87243794e-13,2.00412052e-13,1.296726257e-13,4.248429125e-13,1.256451927e-13,3.906387434e-14,3.984213441e-14,3.653119229e-14,1.152708732e-13,2.528079999e-13,2.240094219e-13,8.634742453e-14,2.273996736e-13,6.346322189e-14,3.885056449e-13,4.038915587e-14
1.515625,1.528623852e-13,1.247258912e-13,4.282582574e-13,4.282537149e-13,1.999407096e-13,1.375992553e-13,4.06485241e-14,7.652036707e-14,6.638522754e-14,7.400376529e-14,2.508383941e-13,7.684340237e-14,3.158265826e-13,2.229708792e-13,5.386550899e-13,7.349886885e-13,3.85801167e-13,1.990254941e-13,1.293618456e-13,4.247390623e-13,1.255766783e-13,3.880509036e-14,4.014534667e-14,3.600823365e-14,1.15798705e-13,2.557593168e-13,2.267328039e-13,8.693203607e-14,2.290776253e-13,6.403103972e-14,3.893059639e-13,4.076485435e-14
1.5234375,1.503126597e-13,1.248573502e-13,4.281930765e-13,4.265739901e-13,1.97551973e-13,1.35140611e-13,4.07567615e-14,7.675590348e-14,6.593835984e-14,7.122050508e-14,2.501780877e-13,7.631796391e-14,3.181186846e-13,2.20767473e-13,5.37148602e-13,7.336673197e-13,3.84329379e-13,1.975979958e-13,1.29001274e-13,4.247240946e-13,1.254846147e-13,3.85310628e-14,4.045086751e-14,3.548496092e-14,1.163225141e-13,2.586311472e-13,2.29506207e-13,8.755889791e-14,2.307681459e-13,6.457296434e-14,3.900627942e-13,4.114200689e-14
1.53125,1.47767458e-13,1.249474381e-13,4.280650739e-13,4.24748761e-13,1.951735303e-13,1.325792998e-13,4.086455279e-14,7.695903573e-14,6.545976553e-14,6.853866171e-14,2.495081948e-13,7.57973155e-14,3.204264863e-13,2.187112836e-13,5.354841651e-13,7.322253517e-13,3.830075953e-13,1.962338516e-13,1.286354614e-13,4.246036126e-13,1.253690665e-13,3.821402254e-14,4.077691826e-14,3.496883757e-14,1.168656669e-13,2.614545791e-13,2.323167874e-13,8.826743925e-14,2.324642636e-13,6.513307066e-14,3.90727568e-13,4.151256027e-14
1.5390625,1.454546206e-13,1.249599934e-13,4.280138458e-13,4.228779367e-13,1.928323585e-13,1.300774611e-13,4.100115386e-14,7.711763235e-14,6.498391863e-14,6.594543632e-14,2.489044924e-13,7.532885553e-14,3.227720454e-13,2.168131637e-13,5.339574853e-13,7.310544942e-13,3.820202031e-13,1.950352239e-13,1.283264279e-13,4.244514329e-13,1.252606606e-13,3.788778059e-14,4.112396181e-14,3.44849626e-14,1.174663086e-13,2.643754201e-13,2.352517797e-13,8.904103276e-14,2.342428005e-13,6.573908568e-14,3.913992129e-13,4.189953252e-14
1.546875,1.43450241e-13,1.249729326e-13,4.280830884e-13,4.21052511e-13,1.904506265e-13,1.277450223e-13,4.120293284e-14,7.727637794e-14,6.452956312e-14,6.351014412e-14,2.483922903e-13,7.484358073e-14,3.250869403e-13,2.148199411e-13,5.326280048e-13,7.301278614e-13,3.811844602e-13,1.939151491e-13,1.280181293e-13,4.243636549e-13,1.251961982e-13,3.758731652e-14,4.147223302e-14,3.40404814e-14,1.181150169e-13,2.673779302e-13,2.382339225e-13,8.985821409e-14,2.361273502e-13,6.636830033e-14,3.921124269e-13,4.232617147e-14
1.5546875,1.414982605e-13,1.249788355e-13,4.28114658e-13,4.192187444e-13,1.879579484e-13,1.25439176e-13,4.144270462e-14,7.746404252e-14,6.407562012e-14,6.123374556e-14,2.4785554e-13,7.429311278e-14,3.273751563e-13,2.126618551e-13,5.312837881e-13,7.291493231e-13,3.80249727e-13,1.927257663e-13,1.276382084e-13,4.243467807e-13,1.251686477e-13,3.727974912e-14,4.182561651e-14,3.365450852e-14,1.187606262e-13,2.703611771e-13,2.411442997e-13,9.075542506e-14,2.379987765e-13,6.701202382e-14,3.927327759e-13,4.278416061e-14
1.5625,1.395526896e-13,1.249783488e-13,4.280992643e-13,4.174050492e-13,1.854958115e-13,1.231095794e-13,4.169477594e-14,7.764843888e-14,6.363377715e-14,5.906696387e-14,2.472427003e-13,7.378756028e-14,3.297349579e-13,2.106212842e-13,5.299353136e-13,7.282062097e-13,3.793726221e-13,1.915672095e-13,1.272648179e-13,4.244184595e-13,1.251476447e-13,3.69607613e-14,4.219835657e-14,3.33493198e-14,1.194072861e-13,2.733386586e-13,2.440954475e-13,9.17950216e-14,2.398468727e-13,6.769016765e-14,3.933352688e-13,4.324878591e-14
1.5703125,1.378765727e-13,1.25165642e-13,4.281646555e-13,4.156975532e-13,1.832330937e-13,1.208887096e-13,4.196980266e-14,7.782440633e-14,6.325306666e-14,5.699772477e-14,2.467012582e-13,7.341470962e-14,3.321831298e-13,2.088690706e-13,5.286451906e-13,7.273768241e-13,3.787056249e-13,1.905976316e-13,1.269886632e-13,4.244899427e-13,1.251613856e-13,3.668189703e-14,4.257842737e-14,3.308857597e-14,1.20084876e-13,2.76354593e-13,2.472141168e-13,9.297959331e-14,2.418277496e-13,6.839163479e-14,3.941138544e-13,4.371660417e-14
1.578125,1.364155224e-13,1.255550041e-13,4.281946164e-13,4.139327e-13,1.809894498e-13,1.187318063e-13,4.226025576e-14,7.800648949e-14,6.289093241e-14,5.501653326e-14,2.462304843e-13,7.305347604e-14,3.345931186e-13,2.071514463e-13,5.272926972e-13,7.26488982e-13,3.780503405e-13,1.89670508e-13,1.26724069e-13,4.24511396e-13,1.251835492e-13,3.641875296e-14,4.295434512e-14,3.280587235e-14,1.207587906e-13,2.794061266e-13,2.504672812e-13,9.422053092e-14,2.439206061e-13,6.908767315e-14,3.94887425e-13,4.421599793e-14
1.5859375,1.349394817e-13,1.259100789e-13,4.280591333e-13,4.118692898e-13,1.785502928e-13,1.164790714e-13,4.257045671e-14,7.817568707e-14,6.248483665e-14,5.312639205e-14,2.456276648e-13,7.257658498e-14,3.368252319e-13,2.052199971e-13,5.258359895e-13,7.255347222e-13,3.772749962e-13,1.885845117e-13,1.263478608e-13,4.24681623e-13,1.251301495e-13,3.61097536e-14,4.332745294e-14,3.24999761e-14,1.213883992e-13,2.824728915e-13,2.537672783e-13,9.545945337e-14,2.459603909e-13,6.978962872e-14,3.953794432e-13,4.476347905e-14
1.59375,1.335403571e-13,1.261972102e-13,4.279602963e-13,4.096415264e-13,1.760515062e-13,1.142103691e-13,4.294292179e-14,7.831242856e-14,6.206487927e-14,5.135961065e-14,2.44934291e-13,7.204797454e-14,3.389306495e-13,2.032310725e-13,5.244000929e-13,7.246010048e-13,3.765202292e-13,1.874333074e-13,1.258968062e-13,4.25019041e-13,1.250464565e-13,3.577656039e-14,4.36883146e-14,3.221822972e-14,1.220030175e-13,2.854949465e-13,2.570157472e-13,9.675817427e-14,2.479767897e-13,7.051677673e-14,3.957000811e-13,4.532522725e-14
1.6015625,1.3231734e-13,1.26563775e-13,4.279966725e-13,4.075796023e-13,1.736084164e-13,1.120896576e-13,4.338118641e-14,7.841717269e-14,6.163114999e-14,4.973172532e-14,2.443144632e-13,7.155256867e-14,3.410921415e-13,2.013647603e-13,5.231043326e-13,7.237309209e-13,3.759316655e-13,1.863879702e-13,1.254844427e-13,4.252147382e-13,1.249815322e-13,3.54445396e-14,4.404013803e-14,3.196664231e-14,1.226500044e-13,2.884460841e-13,2.602360942e-13,9.818720912e-14,2.500650933e-13,7.124871393e-14,3.960385697e-13,4.586541059e-14
1.609375,1.311505371e-13,1.269610476e-13,4.279772191e-13,4.056487829e-13,1.711838706e-13,1.10050096e-13,4.384863655e-14,7.851665324e-14,6.11545972e-14,4.823286386e-14,2.436698226e-13,7.106699321e-14,3.432930284e-13,1.995380202e-13,5.219528894e-13,7.230141083e-13,3.754674298e-13,1.85415023e-13,1.251102637e-13,4.252155257e-13,1.248603617e-13,3.508144501e-14,4.440616006e-14,3.171876359e-14,1.23333169e-13,2.914018241e-13,2.635898869e-13,9.969271813e-14,2.521623259e-13,7.196347343e-14,3.963096098e-13,4.640193898e-14
1.6171875,1.300436549e-13,1.272292781e-13,4.279041861e-13,4.035935609e-13,1.688271425e-13,1.079363144e-13,4.433468144e-14,7.864912741e-14,6.068980013e-14,4.684090149e-14,2.429555618e-13,7.057415139e-14,3.453654915e-13,1.976992939e-13,5.207943302e-13,7.223239092e-13,3.74927135e-13,1.843857517e-13,1.24675734e-13,4.252795524e-13,1.247010992e-13,3.468186539e-14,4.477925981e-14,3.14833085e-14,1.24010131e-13,2.943963159e-13,2.670590394e-13,1.011883136e-13,2.542221138e-13,7.267210672e-14,3.963888879e-13,4.696972581e-14
1.625,1.291299651e-13,1.274813481e-13,4.278912206e-13,4.014738876e-13,1.664593503e-13,1.057570614e-13,4.484399677e-14,7.880224182e-14,6.027526908e-14,4.555567694e-14,2.423326867e-13,7.009661771e-14,3.47325588e-13,1.9584182e-13,5.19494052e-13,7.214222393e-13,3.742271957e-13,1.832712127e-13,1.241566971e-13,4.255140454e-13,1.245890559e-13,3.428489554e-14,4.513588572e-14,3.129108827e-14,1.246336856e-13,2.973806537e-13,2.704724609e-13,1.02726076e-13,2.562823448e-13,7.338978128e-14,3.963617918e-13,4.757625081e-14
1.6328125,1.283901488e-13,1.279349193e-13,4.278213775e-13,3.994232881e-13,1.639359765e-13,1.036140802e-13,4.538831185e-14,7.893124045e-14,5.98787006e-14,4.440818905e-14,2.417473019e-13,6.962361107e-14,3.49260962e-13,1.938767905e-13,5.181548268e-13,7.204948363e-13,3.735724048e-13,1.821438011e-13,1.236143876e-13,4.258420006e-13,1.244805306e-13,3.391202026e-14,4.54937786e-14,3.114065674e-14,1.252289519e-13,3.00345544e-13,2.738423706e-13,1.043703165e-13,2.583504418e-13,7.411130671e-14,3.963488313e-13,4.821287484e-14
1.640625,1.277288362e-13,1.28452801e-13,4.276767189e-13,3.972349372e-13,1.614420474e-13,1.015354957e-13,4.599434963e-14,7.901194084e-14,5.948456935e-14,4.338429781e-14,2.410630577e-13,6.914046437e-14,3.511369348e-13,1.91894678e-13,5.169508765e-13,7.198415067e-13,3.731393876e-13,1.810727041e-13,1.230789457e-13,4.261373028e-13,1.243520368e-13,3.354790154e-14,4.587996697e-14,3.100545954e-14,1.258720857e-13,3.032759188e-13,2.772513288e-13,1.060364902e-13,2.604614155e-13,7.482137174e-14,3.963109687e-13,4.886755816e-14
1.6484375,1.272003955e-13,1.28884069e-13,4.276534333e-13,3.948237167e-13,1.591329817e-13,9.951267714e-14,4.66560883e-14,7.904358241e-14,5.909489383e-14,4.245411136e-14,2.404241465e-13,6.867929853e-14,3.529627516e-13,1.900881304e-13,5.158688083e-13,7.193266826e-13,3.728315124e-13,1.800638043e-13,1.225720985e-13,4.263390008e-13,1.242677269e-13,3.318005454e-14,4.628007907e-14,3.087473216e-14,1.265614097e-13,3.061045611e-13,2.806443607e-13,1.077110523e-13,2.626629868e-13,7.551336018e-14,3.962374489e-13,4.95382846e-14
1.65625,1.269039725e-13,1.294471514e-13,4.27733726e-13,3.924691038e-13,1.568634406e-13,9.754297098e-14,4.73375444e-14,7.908803556e-14,5.873745857e-14,4.165682592e-14,2.399282524e-13,6.826133645e-14,3.547769153e-13,1.88400319e-13,5.147864581e-13,7.1871024e-13,3.72474094e-13,1.790648792e-13,1.221136316e-13,4.266115121e-13,1.242065288e-13,3.283132383e-14,4.66719918e-14,3.076531457e-14,1.272268861e-13,3.088485424e-13,2.839993584e-13,1.09507839e-13,2.648919992e-13,7.619807807e-14,3.96220576e-13,5.024363885e-14
1.6640625,1.267600608e-13,1.301875298e-13,4.277685906e-13,3.902168517e-13,1.546413859e-13,9.556041132e-14,4.803750096e-14,7.921238346e-14,5.845266454e-14,4.100747509e-14,2.394318023e-13,6.785877756e-14,3.565239995e-13,1.867393177e-13,5.136680275e-13,7.179982295e-13,3.719868195e-13,1.780315306e-13,1.216331136e-13,4.271001215e-13,1.241099282e-13,3.250724892e-14,4.705960821e-14,3.07049893e-14,1.278575551e-13,3.116070661e-13,2.874016433e-13,1.114021713e-13,2.670824146e-13,7.689413078e-14,3.961763023e-13,5.099112532e-14
1.671875,1.266788407e-13,1.308799544e-13,4.278449526e-13,3.878795713e-13,1.525432306e-13,9.355603942e-14,4.878066669e-14,7.93490505e-14,5.819509336e-14,4.046361493e-14,2.38887912e-13,6.745955474e-14,3.581994842e-13,1.851402838e-13,5.126059184e-13,7.172987052e-13,3.714321475e-13,1.770038133e-13,1.210793054e-13,4.276992427e-13,1.239807638e-13,3.217013981e-14,4.745214012e-14,3.06933225e-14,1.284896464e-13,3.144066377e-13,2.908843497e-13,1.133472544e-13,2.692824226e-13,7.761193833e-14,3.959659625e-13,5.176079329e-14
1.6796875,1.267545957e-13,1.315510976e-13,4.280780552e-13,3.855709621e-13,1.503596617e-13,9.166865848e-14,4.957251837e-14,7.9416053e-14,5.790839576e-14,4.003379026e-14,2.383729816e-13,6.707471309e-14,3.59817449e-13,1.834718501e-13,5.116915107e-13,7.16759158e-13,3.709876793e-13,1.760339138e-13,1.205211627e-13,4.283481272e-13,1.238272923e-13,3.181977863e-14,4.785160196e-14,3.068449862e-14,1.291303966e-13,3.172018047e-13,2.944020684e-13,1.154209783e-13,2.715520381e-13,7.834724061e-14,3.957011029e-13,5.254289131e-14
1.6875,1.270067898e-13,1.322804392e-13,4.28338631e-13,3.834151157e-13,1.479942595e-13,8.989957348e-14,5.040333925e-14,7.947218172e-14,5.763199332e-14,3.973247898e-14,2.378803224e-13,6.667594383e-14,3.613013767e-13,1.815964123e-13,5.108686951e-13,7.164679685e-13,3.70697735e-13,1.750929697e-13,1.199722639e-13,4.290831673e-13,1.236806139e-13,3.148432931e-14,4.825842723e-14,3.064855016e-14,1.297844929e-13,3.199590436e-13,2.9792898e-13,1.175760563e-13,2.738929934e-13,7.908761622e-14,3.954464385e-13,5.335009236e-14
1.6953125,1.273254228e-13,1.330305774e-13,4.285330708e-13,3.812186137e-13,1.45656972e-13,8.809646238e-14,5.126918326e-14,7.956486043e-14,5.738614903e-14,3.953310562e-14,2.373894564e-13,6.625282686e-14,3.6271e-13,1.797301031e-13,5.100614467e-13,7.163007292e-13,3.704388952e-13,1.741980246e-13,1.193770431e-13,4.298062842e-13,1.235902412e-13,3.114656463e-14,4.866729043e-14,3.061656608e-14,1.304703739e-13,3.226525789e-13,3.014867559e-13,1.197387595e-13,2.762753493e-13,7.982791566e-14,3.951041412e-13,5.418525007e-14
1.703125,1.278057287e-13,1.339114149e-13,4.288346266e-13,3.789241814e-13,1.434390663e-13,8.631086568e-14,5.217685564e-14,7.966086182e-14,5.714444944e-14,3.945602071e-14,2.369473087e-13,6.586578295e-14,3.641891676e-13,1.780954973e-13,5.09356088e-13,7.161573131e-13,3.702188486e-13,1.734353877e-13,1.187926546e-13,4.304786581e-13,1.235288793e-13,3.080358752e-14,4.907109264e-14,3.06114987e-14,1.311824531e-13,3.252703038e-13,3.050873431e-13,1.220337926e-13,2.78661262e-13,8.057165844e-14,3.947810316e-13,5.503799466e-14
1.7109375,1.286058625e-13,1.34914555e-13,4.293245007e-13,3.766675348e-13,1.412619475e-13,8.46468982e-14,5.312440512e-14,7.976230088e-14,5.692938475e-14,3.952161793e-14,2.365801713e-13,6.552412446e-14,3.656393588e-13,1.76550789e-13,5.087841167e-13,7.161185854e-13,3.700969718e-13,1.727453493e-13,1.182766974e-13,4.311994104e-13,1.234227529e-13,3.049092986e-14,4.947465031e-14,3.06057174e-14,1.319008818e-13,3.278433861e-13,3.087089453e-13,1.244754161e-13,2.810509037e-13,8.131430619e-14,3.94590956e-13,5.591019762e-14
1.71875,1.29580763e-13,1.358718141e-13,4.297642433e-13,3.743764842e-13,1.391209236e-13,8.298228311e-14,5.409103695e-14,7.985881715e-14,5.676334922e-14,3.968818178e-14,2.362274688e-13,6.517312735e-14,3.669208929e-13,1.749092911e-13,5.081461121e-13,7.16143139e-13,3.699259879e-13,1.719901534e-13,1.177469105e-13,4.319527606e-13,1.232508698e-13,3.020038091e-14,4.988674565e-14,3.060669532e-14,1.326154579e-13,3.303709251e-13,3.123428873e-13,1.269235557e-13,2.835014748e-13,8.20456191e-14,3.943813637e-13,5.680648396e-14
1.7265625,1.305352415e-13,1.368565052e-13,4.300492547e-13,3.719467017e-13,1.370642777e-13,8.126727737e-14,5.506821886e-14,7.990443486e-14,5.664719794e-14,3.996288144e-14,2.358271618e-13,6.484185324e-14,3.681293649e-13,1.732194461e-13,5.073299751e-13,7.160594591e-13,3.696023219e-13,1.711918475e-13,1.171553759e-13,4.327340169e-13,1.230640011e-13,2.991537443e-14,5.030369072e-14,3.068273066e-14,1.333189492e-13,3.327712015e-13,3.159846239e-13,1.294215489e-13,2.860723322e-13,8.276653343e-14,3.941232834e-13,5.771228976e-14
1.734375,1.315393115e-13,1.379087965e-13,4.304038974e-13,3.694887322e-13,1.350628434e-13,7.961678048e-14,5.606608605e-14,7.993068865e-14,5.659006908e-14,4.039493564e-14,2.35454112e-13,6.457113741e-14,3.693081781e-13,1.715417138e-13,5.065011294e-13,7.159316687e-13,3.692639458e-13,1.70401962e-13,1.165461513e-13,4.336172107e-13,1.229200983e-13,2.964717816e-14,5.07217575e-14,3.083693876e-14,1.340112658e-13,3.35032901e-13,3.196006731e-13,1.320372542e-13,2.8874197e-13,8.34827654e-14,3.939029321e-13,5.862357594e-14
1.7421875,1.32704745e-13,1.388690403e-13,4.309205308e-13,3.671464781e-13,1.329979368e-13,7.801761071e-14,5.708872056e-14,7.998551957e-14,5.652760059e-14,4.094624427e-14,2.352088988e-13,6.428459693e-14,3.703389454e-13,1.698215757e-13,5.058357768e-13,7.159598189e-13,3.690088493e-13,1.695730371e-13,1.159159221e-13,4.344669947e-13,1.227885911e-13,2.936411365e-14,5.114870089e-14,3.097450093e-14,1.347021203e-13,3.372797788e-13,3.231847386e-13,1.346675074e-13,2.914240339e-13,8.419529586e-14,3.935702545e-13,5.956791463e-14
1.75,1.340248424e-13,1.397540875e-13,4.31493151e-13,3.649629644e-13,1.308650741e-13,7.642386724e-14,5.814486032e-14,8.005422709e-14,5.639970352e-14,4.155289532e-14,2.350169061e-13,6.394721592e-14,3.712130716e-13,1.680930961e-13,5.053157981e-13,7.161034142e-13,3.687793652e-13,1.687283923e-13,1.152447473e-13,4.351687852e-13,1.225967979e-13,2.905008638e-14,5.158017432e-14,3.1059489e-14,1.353930719e-13,3.395613128e-13,3.267596701e-13,1.372838873e-13,2.941186915e-13,8.490942596e-14,3.930777118e-13,6.055557358e-14
1.7578125,1.355333343e-13,1.406520848e-13,4.321383414e-13,3.628044809e-13,1.288685207e-13,7.489422583e-14,5.924396243e-14,8.014465807e-14,5.631210808e-14,4.224103733e-14,2.347832371e-13,6.364320478e-14,3.720087938e-13,1.664972791e-13,5.047939623e-13,7.16188427e-13,3.685106544e-13,1.679494432e-13,1.145595312e-13,4.359460605e-13,1.223552166e-13,2.877327451e-14,5.200435718e-14,3.116446205e-14,1.36074814e-13,3.41786537e-13,3.30303669e-13,1.399580898e-13,2.968949375e-13,8.562557089e-14,3.926532334e-13,6.156378901e-14
1.765625,1.372765385e-13,1.416144282e-13,4.328931647e-13,3.604868563e-13,1.270558154e-13,7.341889723e-14,6.037033724e-14,8.025397968e-14,5.633849367e-14,4.305244874e-14,2.345763082e-13,6.339495297e-14,3.727479429e-13,1.650417844e-13,5.042023039e-13,7.162237251e-13,3.681891165e-13,1.672255528e-13,1.138716208e-13,4.368932364e-13,1.220967785e-13,2.855069073e-14,5.244350241e-14,3.132230936e-14,1.367491462e-13,3.439148118e-13,3.338145163e-13,1.426865607e-13,2.997325924e-13,8.632539232e-14,3.923309318e-13,6.25873303e-14
1.7734375,1.392019505e-13,1.427691653e-13,4.33703831e-13,3.581280674e-13,1.252154522e-13,7.194808505e-14,6.151246916e-14,8.030869675e-14,5.636375572e-14,4.396087502e-14,2.344473911e-13,6.315701231e-14,3.734555002e-13,1.636074361e-13,5.036504144e-13,7.163273323e-13,3.678775693e-13,1.665170459e-13,1.131790176e-13,4.377664735e-13,1.217900481e-13,2.831843152e-14,5.29156341e-14,3.149634955e-14,1.374294229e-13,3.459752474e-13,3.373695103e-13,1.454562037e-13,3.026170474e-13,8.700229532e-14,3.919761187e-13,6.363679181e-14
1.78125,1.412857567e-13,1.439851469e-13,4.345751381e-13,3.559189075e-13,1.233323473e-13,7.05053251e-14,6.267566538e-14,8.031181266e-14,5.634772305e-14,4.493487707e-14,2.343319131e-13,6.293645487e-14,3.741074269e-13,1.621739292e-13,5.032120164e-13,7.165203647e-13,3.676371596e-13,1.658057435e-13,1.124895542e-13,4.385107541e-13,1.214255569e-13,2.807634872e-14,5.336933454e-14,3.168761177e-14,1.381069479e-13,3.479581354e-13,3.409671119e-13,1.482818523e-13,3.055831635e-13,8.768055782e-14,3.916006261e-13,6.470447995e-14
1.7890625,1.43494479e-13,1.449741459e-13,4.355146388e-13,3.537571399e-13,1.215602115e-13,6.909806694e-14,6.384453997e-14,8.036336152e-14,5.638266138e-14,4.598489544e-14,2.342198997e-13,6.273431665e-14,3.745954792e-13,1.60798474e-13,5.028440861e-13,7.167960435e-13,3.67417396e-13,1.650761111e-13,1.117821774e-13,4.392847425e-13,1.210490918e-13,2.785774861e-14,5.376548214e-14,3.190863257e-14,1.387624128e-13,3.49863672e-13,3.44481305e-13,1.511316915e-13,3.085555598e-13,8.837464656e-14,3.912115492e-13,6.577926698e-14
1.796875,1.457046942e-13,1.458519073e-13,4.365036423e-13,3.515678096e-13,1.198149076e-13,6.77121114e-14,6.5012848e-14,8.045861789e-14,5.644996015e-14,4.712959812e-14,2.341680006e-13,6.252047068e-14,3.749057722e-13,1.594482795e-13,5.025574395e-13,7.171608276e-13,3.671712401e-13,1.643587601e-13,1.110360941e-13,4.400304885e-13,1.2067299e-13,2.763872019e-14,5.416360439e-14,3.21280564e-14,1.394144696e-13,3.517375611e-13,3.479109334e-13,1.539849607e-13,3.115232382e-13,8.907453069e-14,3.907628404e-13,6.685890537e-14
1.8046875,1.480415756e-13,1.468381998e-13,4.375944947e-13,3.493510519e-13,1.180101557e-13,6.635008743e-14,6.621679049e-14,8.049522206e-14,5.650762312e-14,4.83846105e-14,2.341601173e-13,6.231123772e-14,3.750967911e-13,1.580788349e-13,5.023139043e-13,7.174850917e-13,3.668815436e-13,1.636610194e-13,1.102630301e-13,4.406407468e-13,1.202740423e-13,2.741730259e-14,5.460803447e-14,3.234467713e-14,1.400783993e-13,3.536044146e-13,3.513960405e-13,1.568744202e-13,3.146260458e-13,8.977866958e-14,3.902829535e-13,6.79554866e-14
1.8125,1.507434144e-13,1.478643293e-13,4.388084637e-13,3.469873189e-13,1.162865747e-13,6.499952364e-14,6.746772634e-14,8.046545718e-14,5.661839622e-14,4.974978661e-14,2.341677451e-13,6.212865441e-14,3.751690432e-13,1.567537652e-13,5.020209841e-13,7.176783323e-13,3.665075233e-13,1.629416449e-13,1.094715986e-13,4.412508891e-13,1.19868076e-13,2.722209027e-14,5.504524229e-14,3.258550698e-14,1.407245403e-13,3.554318023e-13,3.549249676e-13,1.598023702e-13,3.17821117e-13,9.04850558e-14,3.89778469e-13,6.909635479e-14
1.8203125,1.535550529e-13,1.489185445e-13,4.401458765e-13,3.446842624e-13,1.146386562e-13,6.369219742e-14,6.873465333e-14,8.045054681e-14,5.676059567e-14,5.120135164e-14,2.34260205e-13,6.1966254e-14,3.751803393e-13,1.555028979e-13,5.018066149e-13,7.179766671e-13,3.661758999e-13,1.622640091e-13,1.086809002e-13,4.419577001e-13,1.194940862e-13,2.702826168e-14,5.545243601e-14,3.283494894e-14,1.413631666e-13,3.571300299e-13,3.583988039e-13,1.6276319e-13,3.210372163e-13,9.117413527e-14,3.8928776e-13,7.027103276e-14
1.828125,1.562202279e-13,1.501286011e-13,4.41671276e-13,3.427958962e-13,1.129476869e-13,6.246767355e-14,7.001722733e-14,8.049327398e-14,5.687206436e-14,5.27438313e-14,2.344754119e-13,6.18250114e-14,3.751847714e-13,1.542414669e-13,5.017462102e-13,7.185604477e-13,3.66043128e-13,1.616783904e-13,1.079050816e-13,4.426563396e-13,1.191323355e-13,2.682228665e-14,5.588723876e-14,3.308748588e-14,1.420389146e-13,3.586574567e-13,3.618787687e-13,1.658205661e-13,3.244167698e-13,9.184719191e-14,3.888957354e-13,7.144136356e-14
1.8359375,1.590889691e-13,1.514725382e-13,4.433376797e-13,3.410375523e-13,1.113406894e-13,6.12441772e-14,7.132604654e-14,8.05811751e-14,5.702435742e-14,5.438479136e-14,2.347400393e-13,6.167535975e-14,3.750349935e-13,1.529521423e-13,5.01619141e-13,7.192226943e-13,3.659303057e-13,1.610371025e-13,1.070915723e-13,4.433545583e-13,1.187307305e-13,2.66442254e-14,5.635547295e-14,3.335592693e-14,1.427049298e-13,3.601243513e-13,3.654213377e-13,1.689687532e-13,3.278899735e-13,9.252972146e-14,3.884624416e-13,7.263158954e-14
1.84375,1.623155931e-13,1.527734436e-13,4.450339861e-13,3.390537871e-13,1.09891129e-13,5.996606797e-14,7.262745481e-14,8.066785876e-14,5.723421114e-14,5.607489811e-14,2.350336044e-13,6.148429963e-14,3.746397312e-13,1.51703641e-13,5.014094583e-13,7.198438389e-13,3.656747821e-13,1.602721921e-13,1.062089966e-13,4.441982963e-13,1.182901558e-13,2.64872625e-14,5.680028069e-14,3.360178283e-14,1.432940327e-13,3.61608714e-13,3.689879691e-13,1.72064879e-13,3.312634618e-13,9.321689298e-14,3.878426661e-13,7.387235772e-14
1.8515625,1.655731082e-13,1.539097298e-13,4.467913464e-13,3.370586106e-13,1.084041372e-13,5.873131752e-14,7.391383247e-14,8.070281505e-14,5.742332104e-14,5.781474153e-14,2.353672058e-13,6.129685891e-14,3.74148637e-13,1.504791365e-13,5.012860046e-13,7.205191925e-13,3.654310976e-13,1.595168974e-13,1.053178196e-13,4.451084162e-13,1.178194239e-13,2.631707455e-14,5.721801368e-14,3.38176349e-14,1.438525435e-13,3.630026228e-13,3.726235642e-13,1.750894056e-13,3.346719861e-13,9.38771931e-14,3.87228623e-13,7.511066287e-14
1.859375,1.688625844e-13,1.550071451e-13,4.485990533e-13,3.351109991e-13,1.068703674e-13,5.756461523e-14,7.523537625e-14,8.07041808e-14,5.762736264e-14,5.96829215e-14,2.356311815e-13,6.114309026e-14,3.736276207e-13,1.492662764e-13,5.011291209e-13,7.211494741e-13,3.652349624e-13,1.587808346e-13,1.044477437e-13,4.458607703e-13,1.172891824e-13,2.615180791e-14,5.76407849e-14,3.406713418e-14,1.444311918e-13,3.642255598e-13,3.76304712e-13,1.781841147e-13,3.381300899e-13,9.450345329e-14,3.867127701e-13,7.631351386e-14
1.8671875,1.724103466e-13,1.56298459e-13,4.503453877e-13,3.330469089e-13,1.054816848e-13,5.635987971e-14,7.659395783e-14,8.072666834e-14,5.787412425e-14,6.16610524e-14,2.357773546e-13,6.098425051e-14,3.729990489e-13,1.481691067e-13,5.008788349e-13,7.216863239e-13,3.650007605e-13,1.579890772e-13,1.035744145e-13,4.464750362e-13,1.167098505e-13,2.599606767e-14,5.806332711e-14,3.433956994e-14,1.449990354e-13,3.653314155e-13,3.798634789e-13,1.813756553e-13,3.414163844e-13,9.511353318e-14,3.861077537e-13,7.752311659e-14
1.875,1.762097386e-13,1.577526218e-13,4.520393595e-13,3.310348786e-13,1.041929244e-13,5.513475496e-14,7.793809261e-14,8.075827557e-14,5.810337152e-14,6.365943153e-14,2.359247988e-13,6.081763904e-14,3.722335094e-13,1.471749264e-13,5.006934113e-13,7.223150655e-13,3.648058184e-13,1.572009477e-13,1.026998983e-13,4.470785333e-13,1.161263539e-13,2.582817072e-14,5.848161256e-14,3.457313509e-14,1.455422335e-13,3.66321631e-13,3.832998456e-13,1.845915247e-13,3.446583717e-13,9.571671562e-14,3.854180316e-13,7.875932803e-14
1.8828125,1.802032963e-13,1.591630274e-13,4.537541193e-13,3.290853994e-13,1.028735594e-13,5.399492587e-14,7.927394713e-14,8.076362118e-14,5.835718758e-14,6.570110392e-14,2.361189233e-13,6.065582533e-14,3.71262175e-13,1.461023374e-13,5.004555332e-13,7.229412455e-13,3.645607351e-13,1.56411478e-13,1.017973382e-13,4.476531024e-13,1.155392208e-13,2.567378775e-14,5.891537468e-14,3.479532749e-14,1.460703655e-13,3.67141152e-13,3.867046135e-13,1.877987619e-13,3.48019691e-13,9.630411903e-14,3.847255693e-13,8.002298286e-14
1.890625,1.842805515e-13,1.605073134e-13,4.555274388e-13,3.269496456e-13,1.015983085e-13,5.290008454e-14,8.063904869e-14,8.076856044e-14,5.867856223e-14,6.785804787e-14,2.36334787e-13,6.047589682e-14,3.700597012e-13,1.449468251e-13,5.000324305e-13,7.233662013e-13,3.6408339e-13,1.555421172e-13,1.008253633e-13,4.482430694e-13,1.149367459e-13,2.55487606e-14,5.935735723e-14,3.504106088e-14,1.465656331e-13,3.678224569e-13,3.900349069e-13,1.909686081e-13,3.513562892e-13,9.68688054e-14,3.839294756e-13,8.133375808e-14
1.8984375,1.884203721e-13,1.618600754e-13,4.573558121e-13,3.247923019e-13,1.004368589e-13,5.177898717e-14,8.201134141e-14,8.081472006e-14,5.900294673e-14,7.010291887e-14,2.36595889e-13,6.02889357e-14,3.687652695e-13,1.439165877e-13,4.996414432e-13,7.237917027e-13,3.635863169e-13,1.546587625e-13,9.982703814e-14,4.489102476e-13,1.143247836e-13,2.542233959e-14,5.978214328e-14,3.528233959e-14,1.470347906e-13,3.684413846e-13,3.932893657e-13,1.941333098e-13,3.546614681e-13,9.742743208e-14,3.83068437e-13,8.267883324e-14
1.90625,1.92862872e-13,1.631834638e-13,4.591344873e-13,3.228587694e-13,9.933086862e-14,5.068764776e-14,8.335789062e-14,8.090098944e-14,5.933978155e-14,7.238126269e-14,2.368510264e-13,6.011798702e-14,3.673858012e-13,1.430718657e-13,4.993608534e-13,7.243425062e-13,3.632556251e-13,1.537768253e-13,9.883739237e-14,4.494663902e-13,1.136964169e-13,2.529514588e-14,6.019015663e-14,3.5522879e-14,1.475012823e-13,3.690399165e-13,3.964836481e-13,1.973855504e-13,3.579447533e-13,9.800713722e-14,3.822276079e-13,8.403038731e-14
1.9140625,1.975603995e-13,1.644923007e-13,4.608996732e-13,3.210600557e-13,9.825685076e-14,4.96557522e-14,8.469724288e-14,8.099110049e-14,5.971848587e-14,7.473770543e-14,2.370752633e-13,5.996443912e-14,3.658703548e-13,1.422979811e-13,4.990830745e-13,7.248711771e-13,3.628956431e-13,1.528213985e-13,9.78390317e-14,4.49891645e-13,1.13035983e-13,2.517988045e-14,6.059507681e-14,3.578229869e-14,1.479511539e-13,3.696384326e-13,3.995933201e-13,2.007538657e-13,3.611034194e-13,9.861310575e-14,3.81284427e-13,8.539687739e-14
1.921875,2.023149246e-13,1.6589204e-13,4.628188189e-13,3.194350512e-13,9.726195597e-14,4.866349424e-14,8.606319158e-14,8.101950275e-14,6.007505361e-14,7.722588745e-14,2.373166919e-13,5.985661433e-14,3.644323601e-13,1.41574582e-13,4.987904897e-13,7.251923194e-13,3.622592273e-13,1.519000641e-13,9.685002854e-14,4.504264452e-13,1.123352372e-13,2.506651438e-14,6.101099957e-14,3.605351655e-14,1.483751696e-13,3.701064138e-13,4.025557529e-13,2.041908945e-13,3.643579452e-13,9.916653608e-14,3.802660508e-13,8.67519587e-14
1.9296875,2.071909523e-13,1.673516533e-13,4.649156343e-13,3.177755222e-13,9.64331181e-14,4.772343042e-14,8.745075793e-14,8.107267147e-14,6.046276984e-14,7.979235052e-14,2.376694898e-13,5.977899533e-14,3.62979065e-13,1.409579548e-13,4.98708639e-13,7.25984217e-13,3.618082498e-13,1.511006069e-13,9.590598642e-14,4.512746463e-13,1.116219645e-13,2.496626476e-14,6.142168529e-14,3.629047897e-14,1.487975591e-13,3.704874415e-13,4.056858627e-13,2.076232626e-13,3.678785736e-13,9.971187374e-14,3.794160976e-13,8.814628725e-14
1.9375,2.121866973e-13,1.686198895e-13,4.669720131e-13,3.157917479e-13,9.572413012e-14,4.681875578e-14,8.886164687e-14,8.112323293e-14,6.087973759e-14,8.236043058e-14,2.379722661e-13,5.961753197e-14,3.611646652e-13,1.403578882e-13,4.985950809e-13,7.26819316e-13,3.613848394e-13,1.501820763e-13,9.489340539e-14,4.519445216e-13,1.109507759e-13,2.487461214e-14,6.184884573e-14,3.648830433e-14,1.49213042e-13,3.707149356e-13,4.08686906e-13,2.108943671e-13,3.713072615e-13,1.002436126e-13,3.785450685e-13,8.958516651e-14
1.9453125,2.171235502e-13,1.698505081e-13,4.691512001e-13,3.137784577e-13,9.499496577e-14,4.590381294e-14,9.028284264e-14,8.109262111e-14,6.123113764e-14,8.499590263e-14,2.382891484e-13,5.941154534e-14,3.59097854e-13,1.397508899e-13,4.982608998e-13,7.272368609e-13,3.608534515e-13,1.491079475e-13,9.383162706e-14,4.522340422e-13,1.103136041e-13,2.475939698e-14,6.227936877e-14,3.666893023e-14,1.496060608e-13,3.708234695e-13,4.11473538e-13,2.141360458e-13,3.745658253e-13,1.007847083e-13,3.775427765e-13,9.101116463e-14
1.953125,2.222698919e-13,1.712489435e-13,4.714879172e-13,3.118655776e-13,9.42637098e-14,4.501762221e-14,9.169663447e-14,8.103164975e-14,6.158776085e-14,8.771040387e-14,2.386907627e-13,5.926128877e-14,3.570243599e-13,1.392416844e-13,4.979154065e-13,7.276302935e-13,3.6034986e-13,1.480557506e-13,9.282608884e-14,4.525517242e-13,1.096618501e-13,2.465360272e-14,6.27057485e-14,3.685859839e-14,1.499809946e-13,3.708945696e-13,4.143488457e-13,2.174445947e-13,3.779589519e-13,1.013309644e-13,3.766372073e-13,9.244208084e-14
1.9609375,2.276561923e-13,1.724973201e-13,4.738154577e-13,3.09756717e-13,9.364106457e-14,4.420803599e-14,9.311947684e-14,8.104747542e-14,6.203013601e-14,9.044368394e-14,2.39111209e-13,5.914467804e-14,3.548400356e-13,1.388284807e-13,4.978436913e-13,7.284360873e-13,3.598850116e-13,1.470401246e-13,9.184430773e-14,4.530565368e-13,1.089971214e-13,2.457924977e-14,6.312249417e-14,3.704810933e-14,1.503503628e-13,3.709162682e-13,4.17355138e-13,2.206413091e-13,3.814714259e-13,1.018587936e-13,3.758706212e-13,9.390888944e-14
1.96875,2.32862621e-13,1.73545515e-13,4.762858315e-13,3.075684722e-13,9.311623802e-14,4.341797433e-14,9.456497373e-14,8.111660584e-14,6.247735798e-14,9.328788095e-14,2.39592578e-13,5.904996952e-14,3.525323636e-13,1.384365897e-13,4.979664065e-13,7.294369501e-13,3.594169299e-13,1.460410104e-13,9.08512138e-14,4.535388975e-13,1.083334076e-13,2.44922167e-14,6.352918066e-14,3.722525324e-14,1.50726538e-13,3.708583182e-13,4.203189983e-13,2.237728594e-13,3.849401215e-13,1.023844288e-13,3.750788234e-13,9.537093704e-14
1.9765625,2.380223902e-13,1.748245825e-13,4.790594818e-13,3.055749731e-13,9.264869634e-14,4.259779957e-14,9.600653892e-14,8.118619387e-14,6.293023696e-14,9.630879948e-14,2.401924574e-13,5.900029226e-14,3.502445621e-13,1.381066419e-13,4.97983262e-13,7.303145608e-13,3.589919269e-13,1.450960079e-13,8.989071002e-14,4.539460206e-13,1.076756655e-13,2.439628615e-14,6.395653826e-14,3.74249884e-14,1.511121847e-13,3.707698708e-13,4.232242056e-13,2.270305148e-13,3.884212186e-13,1.029318406e-13,3.742379917e-13,9.684580855e-14
1.984375,2.434313755e-13,1.762284843e-13,4.819677305e-13,3.036098166e-13,9.225274242e-14,4.17688524e-14,9.744021645e-14,8.127094438e-14,6.341705911e-14,9.938057284e-14,2.408124859e-13,5.894199779e-14,3.478933966e-13,1.378976484e-13,4.978485831e-13,7.309973644e-13,3.584823089e-13,1.441207504e-13,8.892906087e-14,4.541999206e-13,1.070466559e-13,2.431535669e-14,6.440917681e-14,3.76607097e-14,1.514908877e-13,3.706825801e-13,4.260997074e-13,2.303089413e-13,3.919734233e-13,1.034972774e-13,3.733777689e-13,9.836947248e-14
1.9921875,2.488671199e-13,1.77482812e-13,4.848731883e-13,3.016243611e-13,9.191578196e-14,4.095696511e-14,9.890414873e-14,8.137431687e-14,6.386333291e-14,1.024850648e-13,2.413735181e-13,5.886300971e-14,3.454076154e-13,1.378059049e-13,4.977443193e-13,7.315238851e-13,3.577898357e-13,1.430636614e-13,8.793157966e-14,4.541355823e-13,1.064133673e-13,2.421966249e-14,6.484262638e-14,3.789970441e-14,1.518509596e-13,3.705326976e-13,4.289866686e-13,2.335858771e-13,3.955349168e-13,1.040683278e-13,3.725110463e-13,9.987020235e-14
2,2.542874946e-13,1.788407615e-13,4.877555457e-13,2.997845482e-13,9.162958987e-14,4.018002854e-14,1.003819165e-13,8.149931126e-14,6.43024621e-14,1.057012581e-13,2.418926531e-13,5.881373258e-14,3.428619179e-13,1.378375352e-13,4.977309779e-13,7.321049195e-13,3.571428075e-13,1.420191487e-13,8.696460703e-14,4.539837724e-13,1.057100337e-13,2.411423411e-14,6.525057713e-14,3.812657627e-14,1.521950949e-13,3.702604656e-13,4.319350441e-13,2.369440935e-13,3.99004376e-13,1.046157047e-13,3.716741676e-13,1.013300316e-13
2.0078125,2.599066646e-13,1.80228962e-13,4.905985835e-13,2.9791523e-13,9.142985265e-14,3.942720828e-14,1.018105318e-13,8.16600866e-14,6.480206845e-14,1.089381916e-13,2.423863865e-13,5.875799773e-14,3.402246063e-13,1.379859181e-13,4.977776459e-13,7.329292213e-13,3.566921928e-13,1.410154387e-13,8.604660339e-14,4.541184619e-13,1.049520445e-13,2.403032671e-14,6.566563212e-14,3.832768195e-14,1.525252874e-13,3.698939375e-13,4.348685802e-13,2.401374717e-13,4.023417981e-13,1.051063757e-13,3.708467308e-13,1.028397682e-13
2.015625,2.656589212e-13,1.812948654e-13,4.934807506e-13,2.958224897e-13,9.132288645e-14,3.866787941e-14,1.032082673e-13,8.18381749e-14,6.530631408e-14,1.121693414e-13,2.428767139e-13,5.867218184e-14,3.375004281e-13,1.382231471e-13,4.978956424e-13,7.338704952e-13,3.563163646e-13,1.400219408e-13,8.513736274e-14,4.544203328e-13,1.041917703e-13,2.394648129e-14,6.608186105e-14,3.851027847e-14,1.528534427e-13,3.694831597e-13,4.377424076e-13,2.430999657e-13,4.056075006e-13,1.055595885e-13,3.700242872e-13,1.043989649e-13
2.0234375,2.713989117e-13,1.822733443e-13,4.964443817e-13,2.936748764e-13,9.126855038e-14,3.792400149e-14,1.04627437e-13,8.203248446e-14,6.582008715e-14,1.155803122e-13,2.434083757e-13,5.862487003e-14,3.347700677e-13,1.384997029e-13,4.980123221e-13,7.34762033e-13,3.55921102e-13,1.390401746e-13,8.423980173e-14,4.545288047e-13,1.034705091e-13,2.384988959e-14,6.647478101e-14,3.873358642e-14,1.531868707e-13,3.690306236e-13,4.405870843e-13,2.461743344e-13,4.088268109e-13,1.060381893e-13,3.692252896e-13,1.059330463e-13
2.03125,2.769988514e-13,1.833500238e-13,4.993873176e-13,2.916754072e-13,9.12524885e-14,3.723089179e-14,1.060341305e-13,8.225562999e-14,6.637185483e-14,1.192198996e-13,2.43988269e-13,5.861262986e-14,3.319267548e-13,1.387453252e-13,4.979967054e-13,7.35590908e-13,3.554373653e-13,1.380267978e-13,8.334354636e-14,4.544296756e-13,1.027982266e-13,2.375618802e-14,6.684137488e-14,3.897653929e-14,1.534881506e-13,3.68518785e-13,4.43289951e-13,2.494069829e-13,4.11982821e-13,1.065789007e-13,3.68357806e-13,1.074254098e-13
2.0390625,2.823949261e-13,1.843431871e-13,5.022241936e-13,2.898291866e-13,9.131969543e-14,3.659192967e-14,1.074114462e-13,8.249210304e-14,6.689336717e-14,1.229405366e-13,2.445313392e-13,5.85652309e-14,3.288715074e-13,1.390392879e-13,4.979071757e-13,7.363794768e-13,3.548411637e-13,1.369516652e-13,8.242673392e-14,4.544065269e-13,1.020738689e-13,2.367046452e-14,6.718392889e-14,3.914014655e-14,1.537245315e-13,3.679448135e-13,4.457770008e-13,2.525924458e-13,4.150655592e-13,1.07151109e-13,3.673901242e-13,1.088840573e-13
2.046875,2.878561591e-13,1.853322738e-13,5.049541793e-13,2.8789726e-13,9.148642979e-14,3.60126752e-14,1.088172606e-13,8.276378342e-14,6.739401592e-14,1.266669008e-13,2.449544449e-13,5.847559045e-14,3.257058143e-13,1.395185548e-13,4.979065591e-13,7.372303304e-13,3.543116594e-13,1.358464625e-13,8.151650656e-14,4.545528408e-13,1.012305132e-13,2.361086458e-14,6.751530385e-14,3.924738086e-14,1.539283218e-13,3.673153667e-13,4.4820973e-13,2.556870726e-13,4.179981686e-13,1.076984078e-13,3.664170433e-13,1.103219609e-13
2.0546875,2.935423528e-13,1.863082219e-13,5.076835653e-13,2.856956315e-13,9.16870091e-14,3.545759108e-14,1.102318915e-13,8.311148474e-14,6.792695443e-14,1.304356924e-13,2.453485146e-13,5.836704449e-14,3.224781583e-13,1.40060729e-13,4.979614259e-13,7.381838206e-13,3.53934891e-13,1.347125387e-13,8.061946899e-14,4.546229052e-13,1.003956428e-13,2.356563942e-14,6.785411761e-14,3.938689422e-14,1.541330407e-13,3.666291852e-13,4.506978696e-13,2.586621947e-13,4.207865254e-13,1.082154188e-13,3.653792998e-13,1.117586307e-13
2.0625,2.991570964e-13,1.871147516e-13,5.105310794e-13,2.835376154e-13,9.190302492e-14,3.487119989e-14,1.115904664e-13,8.353376894e-14,6.845328511e-14,1.342949634e-13,2.458716513e-13,5.825739825e-14,3.191485482e-13,1.40534324e-13,4.979870451e-13,7.391441735e-13,3.535942311e-13,1.335375026e-13,7.970119967e-14,4.545672201e-13,9.966456765e-14,2.3474441e-14,6.81895016e-14,3.954261533e-14,1.54320426e-13,3.658797162e-13,4.531652843e-13,2.615617106e-13,4.235417709e-13,1.087301745e-13,3.641423514e-13,1.131841756e-13
2.0703125,3.04515419e-13,1.879685253e-13,5.133850876e-13,2.816114232e-13,9.220797464e-14,3.428257591e-14,1.129193863e-13,8.402629268e-14,6.896688336e-14,1.382457825e-13,2.46505801e-13,5.816103452e-14,3.157109183e-13,1.410803325e-13,4.980427314e-13,7.401555532e-13,3.532929194e-13,1.323043392e-13,7.875447129e-14,4.546956266e-13,9.898393819e-14,2.334096093e-14,6.849721116e-14,3.967114177e-14,1.544627372e-13,3.65100827e-13,4.555114526e-13,2.644973681e-13,4.261532158e-13,1.092561186e-13,3.627669878e-13,1.145881249e-13
2.078125,3.097833416e-13,1.888254284e-13,5.16068052e-13,2.794746415e-13,9.262274167e-14,3.371936831e-14,1.142222263e-13,8.454591478e-14,6.949274423e-14,1.422484347e-13,2.471185357e-13,5.80706233e-14,3.121557038e-13,1.417642106e-13,4.98042086e-13,7.41151395e-13,3.530166478e-13,1.31001471e-13,7.78109741e-14,4.549029536e-13,9.832628795e-14,2.322027514e-14,6.877540864e-14,3.977704885e-14,1.545475653e-13,3.643244943e-13,4.576684605e-13,2.673791207e-13,4.284568628e-13,1.098181162e-13,3.613954761e-13,1.159519554e-13
2.0859375,3.150757125e-13,1.893385568e-13,5.186241031e-13,2.770846026e-13,9.309246498e-14,3.31497554e-14,1.154477901e-13,8.502860267e-14,7.001217297e-14,1.462931389e-13,2.476257751e-13,5.79905548e-14,3.085347833e-13,1.424880005e-13,4.978217771e-13,7.418436307e-13,3.52626994e-13,1.29720048e-13,7.691695619e-14,4.547207783e-13,9.765997154e-14,2.311072156e-14,6.904022744e-14,3.987158401e-14,1.545885578e-13,3.634484657e-13,4.59655796e-13,2.701856407e-13,4.306056196e-13,1.104129644e-13,3.601010799e-13,1.172274634e-13
2.09375,3.20323768e-13,1.897949953e-13,5.211402161e-13,2.749751963e-13,9.358096339e-14,3.259800303e-14,1.166553483e-13,8.552797261e-14,7.055148428e-14,1.503971334e-13,2.480360697e-13,5.791509889e-14,3.049084412e-13,1.432402844e-13,4.975651751e-13,7.424013551e-13,3.52210291e-13,1.284928075e-13,7.605750836e-14,4.543481612e-13,9.69283221e-14,2.299241478e-14,6.930661837e-14,3.997422665e-14,1.546188971e-13,3.623686569e-13,4.615748486e-13,2.730785881e-13,4.327342697e-13,1.109769703e-13,3.588594782e-13,1.18438422e-13
2.1015625,3.255167189e-13,1.904916532e-13,5.236750729e-13,2.730432466e-13,9.410377207e-14,3.208887884e-14,1.179207583e-13,8.61114429e-14,7.113716022e-14,1.545939927e-13,2.484696918e-13,5.780955331e-14,3.011805923e-13,1.440050793e-13,4.97449606e-13,7.431839032e-13,3.518829028e-13,1.271700282e-13,7.514659226e-14,4.542884851e-13,9.620923492e-14,2.287614178e-14,6.95668518e-14,4.009304319e-14,1.546253849e-13,3.612380737e-13,4.634380896e-13,2.760039889e-13,4.346571651e-13,1.115297334e-13,3.575579593e-13,1.196795132e-13
2.109375,3.30741788e-13,1.91046081e-13,5.263902979e-13,2.708415528e-13,9.469354892e-14,3.157046304e-14,1.191781453e-13,8.673010767e-14,7.171460507e-14,1.589358232e-13,2.490059465e-13,5.770915048e-14,2.973327229e-13,1.447685751e-13,4.973424084e-13,7.440394284e-13,3.515272502e-13,1.257465166e-13,7.418363228e-14,4.543446017e-13,9.559255e-14,2.275677902e-14,6.979963571e-14,4.021546041e-14,1.545826494e-13,3.60252929e-13,4.651917406e-13,2.788004233e-13,4.362561437e-13,1.121641174e-13,3.562044609e-13,1.209625169e-13
2.1171875,3.358956584e-13,1.913106198e-13,5.293021028e-13,2.685397481e-13,9.53234653e-14,3.104918828e-14,1.203763991e-13,8.737289214e-14,7.224410945e-14,1.633684566e-13,2.495592155e-13,5.766198991e-14,2.935554875e-13,1.456437502e-13,4.973357864e-13,7.449353183e-13,3.512165397e-13,1.243956573e-13,7.325077722e-14,4.542497517e-13,9.502110883e-14,2.261101869e-14,7.000993802e-14,4.034901891e-14,1.545500014e-13,3.593252789e-13,4.668916116e-13,2.814439842e-13,4.377563834e-13,1.128341186e-13,3.54942463e-13,1.22213268e-13
2.125,3.408288808e-13,1.915653748e-13,5.321484307e-13,2.663246319e-13,9.59707064e-14,3.058701419e-14,1.215669938e-13,8.809341902e-14,7.275219513e-14,1.677856418e-13,2.500865412e-13,5.760818946e-14,2.89880258e-13,1.46663981e-13,4.976701275e-13,7.461534541e-13,3.511572274e-13,1.23092087e-13,7.235561338e-14,4.54275474e-13,9.445791876e-14,2.24425833e-14,7.02096632e-14,4.047780471e-14,1.545687776e-13,3.583191287e-13,4.686351731e-13,2.839572445e-13,4.393467387e-13,1.134428519e-13,3.537455272e-13,1.23393794e-13
2.1328125,3.45692111e-13,1.918699936e-13,5.347303453e-13,2.640129961e-13,9.673591978e-14,3.017213641e-14,1.227635075e-13,8.888266855e-14,7.330087009e-14,1.722648882e-13,2.506244588e-13,5.752338447e-14,2.861312101e-13,1.47748858e-13,4.981294077e-13,7.474967294e-13,3.511965299e-13,1.217078727e-13,7.148800568e-14,4.544210106e-13,9.392441776e-14,2.228576018e-14,7.038530651e-14,4.055944546e-14,1.54561166e-13,3.572893767e-13,4.703608103e-13,2.864834009e-13,4.408042617e-13,1.140400016e-13,3.524868378e-13,1.245363441e-13
2.140625,3.50483257e-13,1.921881932e-13,5.37094934e-13,2.616745966e-13,9.766392487e-14,2.977393953e-14,1.239365821e-13,8.971983698e-14,7.39073912e-14,1.769156467e-13,2.511005205e-13,5.747328381e-14,2.822711104e-13,1.48884966e-13,4.984184606e-13,7.486377648e-13,3.511433456e-13,1.202910395e-13,7.067665971e-14,4.543117259e-13,9.339183326e-14,2.215261908e-14,7.053238793e-14,4.062615937e-14,1.544749205e-13,3.562421456e-13,4.71871837e-13,2.891444945e-13,4.41886425e-13,1.146789334e-13,3.511950297e-13,1.256710138e-13
2.1484375,3.54947773e-13,1.925047586e-13,5.393976336e-13,2.594707506e-13,9.863411632e-14,2.939947715e-14,1.250937276e-13,9.059920439e-14,7.448193898e-14,1.816458518e-13,2.51486226e-13,5.744268965e-14,2.783768949e-13,1.500772776e-13,4.986757252e-13,7.497286427e-13,3.511249818e-13,1.189014646e-13,6.988042953e-14,4.54041193e-13,9.286677842e-14,2.200515701e-14,7.06558022e-14,4.073719572e-14,1.543509669e-13,3.550869588e-13,4.731207048e-13,2.91758116e-13,4.427961008e-13,1.15320871e-13,3.498845175e-13,1.267590349e-13
2.15625,3.592736294e-13,1.926888483e-13,5.416731156e-13,2.572180415e-13,9.961882198e-14,2.904742492e-14,1.262437392e-13,9.149013245e-14,7.498877485e-14,1.863900529e-13,2.518721511e-13,5.738233017e-14,2.744397663e-13,1.513172084e-13,4.990589252e-13,7.508855048e-13,3.51187933e-13,1.174892206e-13,6.904224712e-14,4.539507181e-13,9.239507743e-14,2.182788597e-14,7.075210701e-14,4.08745231e-14,1.542038001e-13,3.538897971e-13,4.74304027e-13,2.941842234e-13,4.437161371e-13,1.159675955e-13,3.484506637e-13,1.277703053e-13
2.1640625,3.636889864e-13,1.927153534e-13,5.437669918e-13,2.547876911e-13,1.006981028e-13,2.872367851e-14,1.273746521e-13,9.240730747e-14,7.552296438e-14,1.912530341e-13,2.522120414e-13,5.733755866e-14,2.704677788e-13,1.525802098e-13,4.994300735e-13,7.51970733e-13,3.511731588e-13,1.160501983e-13,6.82073822e-14,4.539106682e-13,9.194785541e-14,2.166128014e-14,7.0848599e-14,4.100841591e-14,1.540227359e-13,3.527784539e-13,4.755039446e-13,2.965937791e-13,4.444376231e-13,1.166401309e-13,3.469288208e-13,1.287531022e-13
2.171875,3.678429136e-13,1.926730357e-13,5.457273638e-13,2.523284092e-13,1.018169144e-13,2.844670741e-14,1.284858886e-13,9.33981758e-14,7.609589675e-14,1.962791584e-13,2.524781172e-13,5.735303476e-14,2.665726889e-13,1.537975408e-13,4.99754619e-13,7.530524707e-13,3.511504684e-13,1.146616594e-13,6.744421468e-14,4.536783274e-13,9.149951707e-14,2.151248205e-14,7.096182387e-14,4.11578446e-14,1.538443345e-13,3.517107866e-13,4.765969804e-13,2.990989288e-13,4.449327176e-13,1.173195558e-13,3.455368575e-13,1.297136245e-13
2.1796875,3.715411355e-13,1.925396449e-13,5.47887568e-13,2.499136926e-13,1.028831305e-13,2.820453034e-14,1.295829029e-13,9.447097834e-14,7.66343062e-14,2.013751107e-13,2.528712287e-13,5.739790141e-14,2.627606051e-13,1.549944603e-13,5.003235006e-13,7.54446576e-13,3.514196103e-13,1.133403251e-13,6.674090794e-14,4.534663766e-13,9.108732271e-14,2.134317893e-14,7.103425655e-14,4.13363343e-14,1.53697053e-13,3.505925186e-13,4.776716617e-13,3.015408048e-13,4.454806217e-13,1.1801058e-13,3.44370005e-13,1.306020666e-13
2.1875,3.749543531e-13,1.922332283e-13,5.501387713e-13,2.474488865e-13,1.039455957e-13,2.796915293e-14,1.30654014e-13,9.562701502e-14,7.716061257e-14,2.064664076e-13,2.534079956e-13,5.741094927e-14,2.588209249e-13,1.562100145e-13,5.011895327e-13,7.561580551e-13,3.519508083e-13,1.119578996e-13,6.601392548e-14,4.534667859e-13,9.072210603e-14,2.115221671e-14,7.104398815e-14,4.151906968e-14,1.535382831e-13,3.494034738e-13,4.788767329e-13,3.037269619e-13,4.46018587e-13,1.186972111e-13,3.432235336e-13,1.314368154e-13
2.1953125,3.780914062e-13,1.917451896e-13,5.519089204e-13,2.448902264e-13,1.050742408e-13,2.774236654e-14,1.316805737e-13,9.68327892e-14,7.769926521e-14,2.115699039e-13,2.538201809e-13,5.735802118e-14,2.546490646e-13,1.573585009e-13,5.018714923e-13,7.576156372e-13,3.523639384e-13,1.104152841e-13,6.522359612e-14,4.533290091e-13,9.038459784e-14,2.095992681e-14,7.104825278e-14,4.167006986e-14,1.533000017e-13,3.481095398e-13,4.799169791e-13,3.057238069e-13,4.46179892e-13,1.193294524e-13,3.418630928e-13,1.322045464e-13
2.203125,3.810502421e-13,1.91219531e-13,5.531268463e-13,2.422660079e-13,1.062503366e-13,2.755896547e-14,1.326770352e-13,9.800957558e-14,7.819045028e-14,2.167159813e-13,2.54060598e-13,5.728275853e-14,2.504586127e-13,1.58493895e-13,5.021532178e-13,7.585058274e-13,3.526049828e-13,1.088335902e-13,6.445187626e-14,4.52767473e-13,9.006348739e-14,2.075533452e-14,7.104484923e-14,4.178617752e-14,1.529791597e-13,3.466969352e-13,4.805110197e-13,3.077936538e-13,4.458808047e-13,1.199495513e-13,3.403820325e-13,1.328053066e-13
2.2109375,3.83978345e-13,1.908260546e-13,5.542197274e-13,2.395577775e-13,1.074652948e-13,2.741831086e-14,1.336758713e-13,9.917660785e-14,7.864717752e-14,2.218941172e-13,2.542904223e-13,5.724729646e-14,2.464028836e-13,1.59730737e-13,5.023890436e-13,7.592762519e-13,3.529252071e-13,1.073391461e-13,6.375367183e-14,4.520961356e-13,8.975979279e-14,2.053284666e-14,7.100009483e-14,4.190280998e-14,1.526467062e-13,3.452834205e-13,4.809164133e-13,3.10015635e-13,4.453144258e-13,1.20625777e-13,3.389719066e-13,1.332747354e-13
2.21875,3.867030057e-13,1.90475967e-13,5.553429267e-13,2.368058465e-13,1.087939716e-13,2.725821342e-14,1.346597701e-13,1.004469595e-13,7.916766972e-14,2.271481134e-13,2.545230549e-13,5.724707566e-14,2.423618559e-13,1.60915849e-13,5.027296986e-13,7.602141038e-13,3.532890774e-13,1.058772289e-13,6.308471845e-14,4.516448365e-13,8.949873074e-14,2.031799371e-14,7.095676326e-14,4.20523908e-14,1.523394004e-13,3.439834078e-13,4.813452334e-13,3.122564399e-13,4.446299693e-13,1.213097646e-13,3.37535004e-13,1.337535275e-13
2.2265625,3.892006365e-13,1.899277209e-13,5.564585286e-13,2.341714324e-13,1.102440053e-13,2.707628045e-14,1.355991565e-13,1.01841421e-13,7.97421236e-14,2.325623944e-13,2.54730884e-13,5.725583753e-14,2.382925658e-13,1.619847636e-13,5.031145552e-13,7.61206684e-13,3.536619871e-13,1.044403321e-13,6.245055974e-14,4.513704562e-13,8.927308276e-14,2.011795699e-14,7.092117401e-14,4.223565938e-14,1.520178506e-13,3.427438677e-13,4.816162042e-13,3.144223537e-13,4.438878132e-13,1.219460461e-13,3.359499286e-13,1.342346562e-13
2.234375,3.916590228e-13,1.891405474e-13,5.575727488e-13,2.316815751e-13,1.116773809e-13,2.694925675e-14,1.365281862e-13,1.032693776e-13,8.025589046e-14,2.380829371e-13,2.549368901e-13,5.725531191e-14,2.342769293e-13,1.631491474e-13,5.036546141e-13,7.623335573e-13,3.54292532e-13,1.030894255e-13,6.186573156e-14,4.511863166e-13,8.903831136e-14,1.990634953e-14,7.083166503e-14,4.24168687e-14,1.516576692e-13,3.414781409e-13,4.816460521e-13,3.164915497e-13,4.430530614e-13,1.225762276e-13,3.34349122e-13,1.346490692e-13
2.2421875,3.939585212e-13,1.882986309e-13,5.584974787e-13,2.292221591e-13,1.130501901e-13,2.68838415e-14,1.374790515e-13,1.046783451e-13,8.069217049e-14,2.436085288e-13,2.55084459e-13,5.723134785e-14,2.302658306e-13,1.644315457e-13,5.042305961e-13,7.634657618e-13,3.551103308e-13,1.01749439e-13,6.127882778e-14,4.509758065e-13,8.881109856e-14,1.967942576e-14,7.071128843e-14,4.256510101e-14,1.512738875e-13,3.402054099e-13,4.815382588e-13,3.185564873e-13,4.419919017e-13,1.232383252e-13,3.328493943e-13,1.350149138e-13
2.25,3.959143005e-13,1.875444897e-13,5.590669835e-13,2.26743609e-13,1.144347699e-13,2.683953154e-14,1.38422588e-13,1.0610669e-13,8.112506805e-14,2.491750983e-13,2.551457204e-13,5.721356208e-14,2.262262273e-13,1.656920108e-13,5.046309333e-13,7.642302737e-13,3.557852222e-13,1.003692384e-13,6.07246157e-14,4.504950445e-13,8.861124984e-14,1.946311565e-14,7.060846144e-14,4.272101251e-14,1.508627747e-13,3.389135115e-13,4.813149457e-13,3.207203752e-13,4.406836082e-13,1.239055125e-13,3.314602692e-13,1.353050378e-13
2.2578125,3.975676404e-13,1.867854389e-13,5.594318022e-13,2.241738056e-13,1.157865088e-13,2.683004163e-14,1.393278737e-13,1.075914892e-13,8.156087487e-14,2.548164491e-13,2.551767076e-13,5.722966681e-14,2.22230741e-13,1.669570892e-13,5.050235638e-13,7.647115355e-13,3.563166526e-13,9.902475233e-14,6.02641094e-14,4.496640818e-13,8.838813982e-14,1.925902795e-14,7.046979791e-14,4.293937921e-14,1.50402857e-13,3.375091958e-13,4.809283358e-13,3.228328841e-13,4.392392993e-13,1.245477334e-13,3.301953324e-13,1.354459309e-13
2.265625,3.989995837e-13,1.858725706e-13,5.597240858e-13,2.215091877e-13,1.17110539e-13,2.685297223e-14,1.401896334e-13,1.091215967e-13,8.19945679e-14,2.604966777e-13,2.551635832e-13,5.725614732e-14,2.182391226e-13,1.682590497e-13,5.055061228e-13,7.65114308e-13,3.568015666e-13,9.769153809e-14,5.98279952e-14,4.486723191e-13,8.815509298e-14,1.905285301e-14,7.026095145e-14,4.319133266e-14,1.498913313e-13,3.360191755e-13,4.802800089e-13,3.247830884e-13,4.376223679e-13,1.251770169e-13,3.289506879e-13,1.354907869e-13
2.2734375,4.002271136e-13,1.848153764e-13,5.599277017e-13,2.189041185e-13,1.185809269e-13,2.687816206e-14,1.410160354e-13,1.107056561e-13,8.246750512e-14,2.66221935e-13,2.550924099e-13,5.72801213e-14,2.14197362e-13,1.694932531e-13,5.060037049e-13,7.655224445e-13,3.572681215e-13,9.630485339e-14,5.937990496e-14,4.4775533e-13,8.798625356e-14,1.884532477e-14,7.003248858e-14,4.343151994e-14,1.493577251e-13,3.345803505e-13,4.793522051e-13,3.267061158e-13,4.357777333e-13,1.258167998e-13,3.276184156e-13,1.355295877e-13
2.28125,4.011125074e-13,1.836102529e-13,5.600635222e-13,2.162509546e-13,1.201988381e-13,2.690513167e-14,1.41824752e-13,1.123768068e-13,8.295350814e-14,2.719807567e-13,2.55028802e-13,5.730685455e-14,2.10175581e-13,1.705645357e-13,5.065925011e-13,7.661595066e-13,3.578551503e-13,9.49400983e-14,5.896394232e-14,4.4694374e-13,8.786814419e-14,1.862797299e-14,6.980691734e-14,4.36828644e-14,1.488325714e-13,3.332040711e-13,4.783556501e-13,3.285786244e-13,4.338681612e-13,1.264573281e-13,3.262944939e-13,1.35518598e-13
2.2890625,4.015774989e-13,1.822332304e-13,5.60085528e-13,2.133647032e-13,1.218210081e-13,2.690972491e-14,1.426038194e-13,1.14116668e-13,8.340974167e-14,2.7774263e-13,2.54988492e-13,5.733860726e-14,2.061928562e-13,1.715226865e-13,5.071949781e-13,7.668850365e-13,3.585561768e-13,9.364684154e-14,5.856214867e-14,4.460575159e-13,8.777910141e-14,1.838948465e-14,6.956950155e-14,4.398093233e-14,1.48301817e-13,3.318066298e-13,4.773891292e-13,3.303569955e-13,4.319162296e-13,1.270817717e-13,3.25013821e-13,1.353966462e-13
2.296875,4.018495583e-13,1.808088565e-13,5.599078065e-13,2.105193887e-13,1.234565514e-13,2.688901057e-14,1.43323804e-13,1.158778034e-13,8.387068496e-14,2.835376453e-13,2.549710343e-13,5.739793997e-14,2.022603358e-13,1.72529697e-13,5.077520054e-13,7.674428952e-13,3.593222599e-13,9.240052219e-14,5.818910117e-14,4.450850048e-13,8.775681491e-14,1.814330505e-14,6.931050666e-14,4.431030066e-14,1.477542378e-13,3.303887651e-13,4.763092482e-13,3.322572854e-13,4.297474966e-13,1.277022348e-13,3.236965035e-13,1.352021807e-13
2.3046875,4.02029189e-13,1.793741115e-13,5.596012827e-13,2.078451961e-13,1.25133792e-13,2.693278342e-14,1.440067568e-13,1.176616447e-13,8.435218651e-14,2.893567598e-13,2.550276789e-13,5.748664574e-14,1.984640933e-13,1.736031954e-13,5.085491035e-13,7.682091224e-13,3.60345663e-13,9.125183778e-14,5.790718579e-14,4.442351694e-13,8.7776944e-14,1.790346735e-14,6.900843504e-14,4.462757227e-14,1.472221585e-13,3.290066979e-13,4.75125098e-13,3.342688751e-13,4.274280627e-13,1.283353686e-13,3.224547868e-13,1.3496452e-13
2.3125,4.020389686e-13,1.778662247e-13,5.592444885e-13,2.050482708e-13,1.268251358e-13,2.707175492e-14,1.446951348e-13,1.195082125e-13,8.485392155e-14,2.951903612e-13,2.551320085e-13,5.758883012e-14,1.94757599e-13,1.746174595e-13,5.095663651e-13,7.693269205e-13,3.615851439e-13,9.021587966e-14,5.766730004e-14,4.435325357e-13,8.779222322e-14,1.767547654e-14,6.866621216e-14,4.493511212e-14,1.466958468e-13,3.277143004e-13,4.739325878e-13,3.362035669e-13,4.250334387e-13,1.28996938e-13,3.213822799e-13,1.346665277e-13
2.3203125,4.020055104e-13,1.764013427e-13,5.587964996e-13,2.022261609e-13,1.285411141e-13,2.722914125e-14,1.453870534e-13,1.214287763e-13,8.539299672e-14,3.011209159e-13,2.551982251e-13,5.772762585e-14,1.910338102e-13,1.756172585e-13,5.105082864e-13,7.703457711e-13,3.627703828e-13,8.919451469e-14,5.741529037e-14,4.4285504e-13,8.783422172e-14,1.746067397e-14,6.831644091e-14,4.528506917e-14,1.461294696e-13,3.265318366e-13,4.726347762e-13,3.382012164e-13,4.224106916e-13,1.296977342e-13,3.203270361e-13,1.343178759e-13
2.328125,4.019028077e-13,1.750004485e-13,5.582101757e-13,1.996140586e-13,1.30220721e-13,2.739344642e-14,1.460648199e-13,1.233872836e-13,8.592368743e-14,3.071260199e-13,2.551966742e-13,5.789149916e-14,1.873406254e-13,1.766855043e-13,5.11491193e-13,7.712311509e-13,3.639866223e-13,8.814996906e-14,5.719304062e-14,4.421251114e-13,8.791684633e-14,1.7242768e-14,6.795297337e-14,4.56735753e-14,1.455467933e-13,3.25353989e-13,4.711828906e-13,3.403195324e-13,4.196230889e-13,1.304071331e-13,3.192497091e-13,1.339061508e-13
2.3359375,4.015565792e-13,1.734960907e-13,5.574636976e-13,1.969424023e-13,1.318556052e-13,2.761090992e-14,1.467174211e-13,1.253665349e-13,8.643085372e-14,3.130803285e-13,2.550979426e-13,5.803169246e-14,1.837208968e-13,1.77717285e-13,5.126100957e-13,7.721215869e-13,3.653324441e-13,8.712097061e-14,5.701187787e-14,4.412812882e-13,8.800222944e-14,1.702270504e-14,6.756069392e-14,4.605849599e-14,1.449711783e-13,3.240878579e-13,4.696609585e-13,3.423344645e-13,4.168058219e-13,1.310927304e-13,3.182706706e-13,1.333733635e-13
2.34375,4.011438528e-13,1.71953904e-13,5.565601703e-13,1.940948727e-13,1.336117846e-13,2.78598274e-14,1.473279767e-13,1.273952038e-13,8.69816152e-14,3.189703633e-13,2.548775112e-13,5.817729801e-14,1.801326717e-13,1.786683966e-13,5.136675661e-13,7.728295331e-13,3.66610708e-13,8.611873575e-14,5.686236869e-14,4.40447428e-13,8.809146369e-14,1.682504866e-14,6.716202323e-14,4.647818412e-14,1.443495755e-13,3.228368736e-13,4.680363147e-13,3.442926712e-13,4.137760953e-13,1.31757409e-13,3.173499217e-13,1.327255937e-13
2.3515625,4.006982492e-13,1.704821573e-13,5.554741611e-13,1.913132096e-13,1.35459936e-13,2.810547587e-14,1.479078391e-13,1.294738383e-13,8.754851217e-14,3.24803211e-13,2.545773756e-13,5.834557553e-14,1.765546409e-13,1.795720548e-13,5.147318957e-13,7.734724502e-13,3.678506749e-13,8.5128016e-14,5.674771907e-14,4.397226313e-13,8.821098244e-14,1.663411763e-14,6.67597788e-14,4.696412609e-14,1.436756241e-13,3.216557947e-13,4.662469878e-13,3.463544404e-13,4.104860726e-13,1.323867854e-13,3.163725387e-13,1.32027739e-13
2.359375,3.999574693e-13,1.689377104e-13,5.541013269e-13,1.886023362e-13,1.371920653e-13,2.838324423e-14,1.484959676e-13,1.315589524e-13,8.80649461e-14,3.305883536e-13,2.542245281e-13,5.846350503e-14,1.729388982e-13,1.803414492e-13,5.159196994e-13,7.743002111e-13,3.692299384e-13,8.410548345e-14,5.661426567e-14,4.388448223e-13,8.837545593e-14,1.642360558e-14,6.633177651e-14,4.744666261e-14,1.430006482e-13,3.204157466e-13,4.643490711e-13,3.484305469e-13,4.071174179e-13,1.329822689e-13,3.152940552e-13,1.313021563e-13
2.3671875,3.990627114e-13,1.67300038e-13,5.524278701e-13,1.859313891e-13,1.388723695e-13,2.873614275e-14,1.49075837e-13,1.336252352e-13,8.856703398e-14,3.364242194e-13,2.537988006e-13,5.853676902e-14,1.693020647e-13,1.80992056e-13,5.170452457e-13,7.750914911e-13,3.706532123e-13,8.306098825e-14,5.645564439e-14,4.37783467e-13,8.859778901e-14,1.621587521e-14,6.587781721e-14,4.79043923e-14,1.422977947e-13,3.191031153e-13,4.623415498e-13,3.504752487e-13,4.036072892e-13,1.336003741e-13,3.141112878e-13,1.305243759e-13
2.375,3.980885167e-13,1.657083291e-13,5.505008504e-13,1.8336945e-13,1.406517571e-13,2.912417429e-14,1.495823088e-13,1.356869275e-13,8.906669204e-14,3.422423385e-13,2.532890042e-13,5.864635751e-14,1.657857142e-13,1.817052455e-13,5.1806024e-13,7.756300371e-13,3.720477811e-13,8.210797626e-14,5.636254095e-14,4.368554099e-13,8.886244519e-14,1.601950052e-14,6.53983774e-14,4.839956067e-14,1.415232491e-13,3.1779624e-13,4.600857105e-13,3.52474975e-13,3.998529684e-13,1.342358107e-13,3.129307831e-13,1.296591765e-13
2.3828125,3.966505974e-13,1.641477707e-13,5.482958114e-13,1.807904434e-13,1.424740888e-13,2.94678321e-14,1.500145241e-13,1.377842933e-13,8.955004909e-14,3.478667195e-13,2.527245528e-13,5.877964004e-14,1.62379631e-13,1.824761972e-13,5.191225198e-13,7.760584598e-13,3.735135365e-13,8.124610604e-14,5.63546496e-14,4.359362328e-13,8.914222927e-14,1.581152539e-14,6.489174459e-14,4.892798428e-14,1.407304955e-13,3.164526524e-13,4.575500658e-13,3.543481604e-13,3.959602609e-13,1.348238016e-13,3.118386861e-13,1.287107667e-13
2.390625,3.948817558e-13,1.625489056e-13,5.460019938e-13,1.781755643e-13,1.443652137e-13,2.976826456e-14,1.504174512e-13,1.399249337e-13,9.00857663e-14,3.534302631e-13,2.522159956e-13,5.891443244e-14,1.58959331e-13,1.830891533e-13,5.202332828e-13,7.765024327e-13,3.750002222e-13,8.035152285e-14,5.639188999e-14,4.348554268e-13,8.945517369e-14,1.560834493e-14,6.437665235e-14,4.945104791e-14,1.399553026e-13,3.151222328e-13,4.549744985e-13,3.562617448e-13,3.919924345e-13,1.353819198e-13,3.107314213e-13,1.277484373e-13
2.3984375,3.93237372e-13,1.608296132e-13,5.438816506e-13,1.756459823e-13,1.464297624e-13,3.008653634e-14,1.507787197e-13,1.420518301e-13,9.068470178e-14,3.590950497e-13,2.518254247e-13,5.909589377e-14,1.555707598e-13,1.834494206e-13,5.212678538e-13,7.768268993e-13,3.763243158e-13,7.945809998e-14,5.647758057e-14,4.339658479e-13,8.982659578e-14,1.543311485e-14,6.385161357e-14,4.999253768e-14,1.391276952e-13,3.139081483e-13,4.525161326e-13,3.58342486e-13,3.879530562e-13,1.359511094e-13,3.095402229e-13,1.26792998e-13
2.40625,3.914516557e-13,1.588758212e-13,5.416672251e-13,1.730602654e-13,1.484865886e-13,3.045364674e-14,1.510937874e-13,1.441463634e-13,9.123649401e-14,3.646826533e-13,2.513951876e-13,5.9285516e-14,1.522688734e-13,1.837045016e-13,5.22174465e-13,7.768152202e-13,3.774593206e-13,7.865704815e-14,5.659137014e-14,4.332358852e-13,9.023171012e-14,1.525544432e-14,6.32884967e-14,5.057085282e-14,1.382058998e-13,3.126003834e-13,4.499285764e-13,3.60310388e-13,3.837937398e-13,1.365045813e-13,3.083406448e-13,1.257609893e-13
2.4140625,3.891914086e-13,1.568358577e-13,5.389584213e-13,1.703419715e-13,1.50309095e-13,3.089372571e-14,1.51420874e-13,1.462538054e-13,9.169287301e-14,3.700994033e-13,2.507823802e-13,5.940229938e-14,1.490108386e-13,1.84006924e-13,5.230556322e-13,7.765717467e-13,3.78617081e-13,7.789106225e-14,5.671221688e-14,4.321597396e-13,9.063701542e-14,1.505159473e-14,6.268472515e-14,5.116655767e-14,1.372560687e-13,3.110088059e-13,4.470374594e-13,3.621064371e-13,3.793954278e-13,1.370327319e-13,3.071860787e-13,1.245975076e-13
2.421875,3.867644464e-13,1.550029072e-13,5.35865774e-13,1.676815859e-13,1.520774041e-13,3.140257105e-14,1.517364268e-13,1.483695138e-13,9.213390402e-14,3.754893858e-13,2.500968415e-13,5.949659818e-14,1.458434275e-13,1.843018877e-13,5.240329011e-13,7.763914274e-13,3.79954834e-13,7.713948617e-14,5.688818918e-14,4.308627813e-13,9.105732379e-14,1.485034599e-14,6.20546187e-14,5.177338934e-14,1.36336758e-13,3.093832811e-13,4.440669473e-13,3.640425107e-13,3.748525576e-13,1.375450144e-13,3.060803376e-13,1.233345573e-13
2.4296875,3.844207335e-13,1.533160695e-13,5.326057308e-13,1.651163001e-13,1.540614979e-13,3.190020308e-14,1.519359168e-13,1.504560277e-13,9.263608259e-14,3.808193488e-13,2.494713443e-13,5.963200712e-14,1.427746373e-13,1.845115086e-13,5.24990381e-13,7.76125441e-13,3.812757114e-13,7.646011281e-14,5.712758067e-14,4.297461819e-13,9.153271488e-14,1.467330887e-14,6.140658859e-14,5.239209628e-14,1.354141275e-13,3.079315789e-13,4.410617224e-13,3.660742506e-13,3.703134318e-13,1.38026018e-13,3.049710079e-13,1.220251192e-13
2.4375,3.820832459e-13,1.515261268e-13,5.29273764e-13,1.625895931e-13,1.56129028e-13,3.236345878e-14,1.520348524e-13,1.525195633e-13,9.316254311e-14,3.859616484e-13,2.488903347e-13,5.977048389e-14,1.397095294e-13,1.847018573e-13,5.257679757e-13,7.754769403e-13,3.824151945e-13,7.584614076e-14,5.73881513e-14,4.285961738e-13,9.207285004e-14,1.450082251e-14,6.075816828e-14,5.303278269e-14,1.344436704e-13,3.065137831e-13,4.378135745e-13,3.679616987e-13,3.656655507e-13,1.385060689e-13,3.038396543e-13,1.207017416e-13
2.4453125,3.79662059e-13,1.496508874e-13,5.260332806e-13,1.601298456e-13,1.580665186e-13,3.286271252e-14,1.521444029e-13,1.545870259e-13,9.364168345e-14,3.909950154e-13,2.483015525e-13,5.991297553e-14,1.367207736e-13,1.848720953e-13,5.265914845e-13,7.748497787e-13,3.836648053e-13,7.532551689e-14,5.769275785e-14,4.272564437e-13,9.265172445e-14,1.431934496e-14,6.012008862e-14,5.372570659e-14,1.334691578e-13,3.050803722e-13,4.344947357e-13,3.698147542e-13,3.609574161e-13,1.390200491e-13,3.028568284e-13,1.193526728e-13
2.453125,3.770372407e-13,1.478188082e-13,5.227803817e-13,1.576780676e-13,1.600150956e-13,3.340197812e-14,1.522968314e-13,1.566845208e-13,9.409902672e-14,3.960434868e-13,2.476486627e-13,6.009973807e-14,1.339250212e-13,1.849300602e-13,5.278072176e-13,7.748207096e-13,3.852139228e-13,7.494689378e-14,5.807122608e-14,4.261217832e-13,9.324123975e-14,1.414519867e-14,5.948638581e-14,5.446378645e-14,1.32561782e-13,3.037400409e-13,4.313696389e-13,3.717682998e-13,3.56423195e-13,1.39527559e-13,3.020723824e-13,1.179631935e-13
2.4609375,3.742297284e-13,1.460100108e-13,5.192622584e-13,1.552061811e-13,1.620992653e-13,3.394932606e-14,1.524503473e-13,1.58785691e-13,9.457175577e-14,4.011218823e-13,2.469163943e-13,6.029816863e-14,1.312306519e-13,1.849069727e-13,5.292338544e-13,7.750357452e-13,3.867388146e-13,7.465089574e-14,5.849207005e-14,4.252204976e-13,9.383499489e-14,1.398371263e-14,5.885847462e-14,5.52058302e-14,1.316935046e-13,3.024430545e-13,4.282148274e-13,3.737969295e-13,3.519026938e-13,1.400171095e-13,3.012496971e-13,1.165565122e-13
2.46875,3.714177888e-13,1.441948916e-13,5.156239093e-13,1.527995912e-13,1.641303772e-13,3.453719686e-14,1.525591409e-13,1.608048243e-13,9.50153778e-14,4.061808519e-13,2.461955368e-13,6.048608897e-14,1.285637003e-13,1.848589545e-13,5.303994353e-13,7.748178425e-13,3.88055551e-13,7.441019605e-14,5.89340652e-14,4.240479829e-13,9.445329905e-14,1.38162469e-14,5.822716233e-14,5.595369756e-14,1.307841817e-13,3.010944595e-13,4.248466214e-13,3.759344182e-13,3.472031688e-13,1.405232561e-13,3.003547825e-13,1.151080666e-13
2.4765625,3.68578802e-13,1.424020172e-13,5.119811414e-13,1.504908404e-13,1.660632217e-13,3.517648948e-14,1.526042287e-13,1.627620567e-13,9.543334333e-14,4.111223219e-13,2.455315412e-13,6.068429888e-14,1.259719054e-13,1.847783405e-13,5.313634269e-13,7.744029193e-13,3.894186883e-13,7.426229446e-14,5.940505156e-14,4.226473269e-13,9.512099434e-14,1.3644528e-14,5.756823468e-14,5.673227524e-14,1.298438282e-13,2.997451932e-13,4.214754802e-13,3.781431944e-13,3.425692803e-13,1.410240181e-13,2.995667239e-13,1.135743624e-13
2.484375,3.657379211e-13,1.406154914e-13,5.081060893e-13,1.483067716e-13,1.681219389e-13,3.584346321e-14,1.526196652e-13,1.647792155e-13,9.590334736e-14,4.158874096e-13,2.448376577e-13,6.087496687e-14,1.234389154e-13,1.84747537e-13,5.325142487e-13,7.742895419e-13,3.909270101e-13,7.417700415e-14,5.991578305e-14,4.215157805e-13,9.583311915e-14,1.349555509e-14,5.689452404e-14,5.75380656e-14,1.289319603e-13,2.984468195e-13,4.181337348e-13,3.803616821e-13,3.380673308e-13,1.415073189e-13,2.98824413e-13,1.120279839e-13
2.4921875,3.631279368e-13,1.388219457e-13,5.040257983e-13,1.461626249e-13,1.703037458e-13,3.653617751e-14,1.526280531e-13,1.668473144e-13,9.641883275e-14,4.204774887e-13,2.440591073e-13,6.105536406e-14,1.209529244e-13,1.848146115e-13,5.337650537e-13,7.741731033e-13,3.923700084e-13,7.414816204e-14,6.046872124e-14,4.205074169e-13,9.655804937e-14,1.337004854e-14,5.623804875e-14,5.836093204e-14,1.280365509e-13,2.97156038e-13,4.146374979e-13,3.826527365e-13,3.334403254e-13,1.420074081e-13,2.980526591e-13,1.105336951e-13
2.5,3.606577302e-13,1.370398322e-13,4.999914632e-13,1.43839151e-13,1.723960073e-13,3.724631734e-14,1.525910469e-13,1.688477645e-13,9.689431574e-14,4.248463127e-13,2.432712149e-13,6.124328243e-14,1.185804361e-13,1.848267476e-13,5.348584093e-13,7.737723111e-13,3.936996489e-13,7.421969498e-14,6.103818777e-14,4.192127637e-13,9.726974982e-14,1.324236882e-14,5.558981667e-14,5.918539158e-14,1.271202477e-13,2.958188453e-13,4.110864786e-13,3.848955185e-13,3.287561758e-13,1.42495134e-13,2.974079352e-13,1.090256704e-13
2.5078125,3.581237239e-13,1.352689051e-13,4.960347605e-13,1.414785262e-13,1.744309199e-13,3.79968388e-14,1.524968548e-13,1.70760103e-13,9.732120053e-14,4.290163761e-13,2.426011165e-13,6.140897145e-14,1.163138385e-13,1.847012851e-13,5.359514134e-13,7.734694779e-13,3.951134455e-13,7.437885123e-14,6.163121265e-14,4.179096218e-13,9.797200742e-14,1.311490691e-14,5.493042398e-14,6.000565963e-14,1.261904265e-13,2.944232054e-13,4.076710532e-13,3.869341729e-13,3.242590075e-13,1.429262155e-13,2.969131494e-13,1.074801815e-13
2.515625,3.556938415e-13,1.335511402e-13,4.921376034e-13,1.39398752e-13,1.765939395e-13,3.88099394e-14,1.523782908e-13,1.726400425e-13,9.777769909e-14,4.331639575e-13,2.420574833e-13,6.156731606e-14,1.140879542e-13,1.845580083e-13,5.371544976e-13,7.73325479e-13,3.966659718e-13,7.463240339e-14,6.230442975e-14,4.169898019e-13,9.869366607e-14,1.300750298e-14,5.426337658e-14,6.087553349e-14,1.252428446e-13,2.929773686e-13,4.042866606e-13,3.88997404e-13,3.198810611e-13,1.433282018e-13,2.964153241e-13,1.059470052e-13
2.5234375,3.533630771e-13,1.31932069e-13,4.8822017e-13,1.373925703e-13,1.788489971e-13,3.958529835e-14,1.522287835e-13,1.744821426e-13,9.828441027e-14,4.373281938e-13,2.414415044e-13,6.177632295e-14,1.118987204e-13,1.844236665e-13,5.382270528e-13,7.729029909e-13,3.981334965e-13,7.499860692e-14,6.302793857e-14,4.162821788e-13,9.945222648e-14,1.2906624e-14,5.35887983e-14,6.182875057e-14,1.242475607e-13,2.914764381e-13,4.007730228e-13,3.912410009e-13,3.154337446e-13,1.437164961e-13,2.958815258e-13,1.04395533e-13
2.53125,3.508956984e-13,1.303568997e-13,4.840514819e-13,1.351682794e-13,1.810401985e-13,4.027900898e-14,1.520255383e-13,1.762386306e-13,9.877928648e-14,4.413433945e-13,2.406095301e-13,6.199611789e-14,1.09749567e-13,1.841951081e-13,5.390604361e-13,7.7212984e-13,3.993864396e-13,7.540756751e-14,6.371765654e-14,4.154909412e-13,1.002385615e-13,1.279723051e-14,5.291771408e-14,6.279831065e-14,1.23220366e-13,2.899345461e-13,3.971814236e-13,3.934680204e-13,3.108521742e-13,1.440841551e-13,2.95343762e-13,1.027918723e-13
2.5390625,3.485072371e-13,1.288265563e-13,4.796660344e-13,1.329558788e-13,1.831877143e-13,4.104173325e-14,1.517984599e-13,1.779183309e-13,9.92462287e-14,4.451881867e-13,2.397312573e-13,6.216823878e-14,1.076239227e-13,1.839243848e-13,5.39839231e-13,7.71244364e-13,4.006372005e-13,7.584274691e-14,6.441122385e-14,4.14530104e-13,1.010342786e-13,1.270210387e-14,5.227466314e-14,6.3733086e-14,1.222179364e-13,2.883912791e-13,3.936214261e-13,3.956756046e-13,3.062122441e-13,1.44460236e-13,2.948150066e-13,1.011921641e-13
2.546875,3.464655621e-13,1.274482835e-13,4.752866259e-13,1.309503812e-13,1.854053925e-13,4.193126057e-14,1.515871659e-13,1.795493566e-13,9.970904406e-14,4.489934217e-13,2.390024761e-13,6.231619002e-14,1.055559762e-13,1.837645239e-13,5.407234909e-13,7.703586715e-13,4.02048282e-13,7.639489101e-14,6.518453886e-14,4.135173225e-13,1.018277272e-13,1.263268467e-14,5.163572891e-14,6.465371118e-14,1.212557961e-13,2.868104628e-13,3.900863696e-13,3.980483142e-13,3.016721202e-13,1.448450492e-13,2.94362686e-13,9.96205358e-14
2.5546875,3.445715105e-13,1.261929712e-13,4.708734313e-13,1.290029585e-13,1.87687817e-13,4.284589421e-14,1.513630489e-13,1.810802354e-13,1.001476758e-13,4.527154995e-13,2.383344617e-13,6.245768642e-14,1.035938426e-13,1.836688662e-13,5.416145916e-13,7.694229425e-13,4.034086556e-13,7.707626062e-14,6.600547352e-14,4.126944204e-13,1.026374403e-13,1.25729748e-14,5.0959515e-14,6.556512331e-14,1.202813402e-13,2.851305524e-13,3.865091768e-13,4.005204511e-13,2.972128067e-13,1.452062027e-13,2.940182205e-13,9.803946387e-14
2.5625,3.426784371e-13,1.249378135e-13,4.663370933e-13,1.270595278e-13,1.899680627e-13,4.377798928e-14,1.510668523e-13,1.82490947e-13,1.005554821e-13,4.561938907e-13,2.37597595e-13,6.258646585e-14,1.017068759e-13,1.834488539e-13,5.422861763e-13,7.682461848e-13,4.045265155e-13,7.780410056e-14,6.683104628e-14,4.119902205e-13,1.034835756e-13,1.252267234e-14,5.027765648e-14,6.648101293e-14,1.192481324e-13,2.834079567e-13,3.828868719e-13,4.02916724e-13,2.926962142e-13,1.455507015e-13,2.937246674e-13,9.643098407e-14
2.5703125,3.407837724e-13,1.236861194e-13,4.617471766e-13,1.251966269e-13,1.922080546e-13,4.477512168e-14,1.507238359e-13,1.839084114e-13,1.009431738e-13,4.594409277e-13,2.368462701e-13,6.270403192e-14,9.985200201e-14,1.830611781e-13,5.428273895e-13,7.668402148e-13,4.055615546e-13,7.854827365e-14,6.769171899e-14,4.110774587e-13,1.043335412e-13,1.248429162e-14,4.963650518e-14,6.744684189e-14,1.18188662e-13,2.816738011e-13,3.792684801e-13,4.052083818e-13,2.882193189e-13,1.45876062e-13,2.934941905e-13,9.478656667e-14
2.578125,3.387447297e-13,1.224391538e-13,4.571422706e-13,1.234140245e-13,1.943704714e-13,4.581334453e-14,1.504006179e-13,1.854017723e-13,1.012889446e-13,4.625843788e-13,2.361193635e-13,6.280696125e-14,9.808336543e-14,1.825918174e-13,5.435181418e-13,7.655220172e-13,4.066917506e-13,7.937099356e-14,6.861938417e-14,4.100413212e-13,1.051722933e-13,1.244395781e-14,4.900901087e-14,6.845788232e-14,1.171573784e-13,2.798342495e-13,3.756677961e-13,4.074860305e-13,2.839075243e-13,1.461604478e-13,2.933884837e-13,9.310774051e-14
2.5859375,3.366737287e-13,1.211380581e-13,4.525881798e-13,1.216941461e-13,1.965036603e-13,4.685659006e-14,1.500503167e-13,1.86841312e-13,1.016262102e-13,4.656421755e-13,2.353693057e-13,6.292308729e-14,9.644747607e-14,1.82085184e-13,5.442246895e-13,7.643191103e-13,4.078391443e-13,8.03321223e-14,6.958969903e-14,4.092136171e-13,1.060491113e-13,1.240117874e-14,4.836461337e-14,6.950090963e-14,1.16140102e-13,2.779112637e-13,3.720700618e-13,4.098317473e-13,2.796479433e-13,1.464420074e-13,2.933287393e-13,9.143863086e-14
2.59375,3.349497196e-13,1.199019544e-13,4.481784911e-13,1.200424886e-13,1.98740686e-13,4.787702105e-14,1.496036513e-13,1.881165162e-13,1.020120659e-13,4.685361248e-13,2.346390414e-13,6.307081403e-14,9.487081651e-14,1.81604833e-13,5.447118133e-13,7.630153424e-13,4.089257687e-13,8.140907124e-14,7.05504555e-14,4.085638018e-13,1.069670826e-13,1.236823608e-14,4.772738502e-14,7.059072446e-14,1.151048796e-13,2.760382241e-13,3.684426471e-13,4.121901004e-13,2.753770798e-13,1.46750531e-13,2.932054718e-13,8.982085019e-14
2.6015625,3.335979863e-13,1.18894665e-13,4.438421677e-13,1.1848258e-13,2.010669908e-13,4.892207897e-14,1.491392178e-13,1.892831985e-13,1.024019739e-13,4.712368871e-13,2.33989451e-13,6.320123296e-14,9.332042738e-14,1.812639141e-13,5.452465929e-13,7.617135083e-13,4.100821578e-13,8.258109823e-14,7.151330829e-14,4.07929822e-13,1.078946345e-13,1.235164647e-14,4.710994473e-14,7.166943041e-14,1.140805018e-13,2.742017221e-13,3.64751798e-13,4.145074164e-13,2.711443344e-13,1.470387925e-13,2.93095863e-13,8.825196906e-14
2.609375,3.323517026e-13,1.18005684e-13,4.395131994e-13,1.170219258e-13,2.033438888e-13,5.010574765e-14,1.487216344e-13,1.904375784e-13,1.027591742e-13,4.737990766e-13,2.333641172e-13,6.330387965e-14,9.188334853e-14,1.810180784e-13,5.460578785e-13,7.605616987e-13,4.114147813e-13,8.389861667e-14,7.255094862e-14,4.073701089e-13,1.0886382e-13,1.235279496e-14,4.649820222e-14,7.268984769e-14,1.130949612e-13,2.723426012e-13,3.610798029e-13,4.168706076e-13,2.669280488e-13,1.473073336e-13,2.930956461e-13,8.670524151e-14
2.6171875,3.311609578e-13,1.171104821e-13,4.35257259e-13,1.156211278e-13,2.055863173e-13,5.137395824e-14,1.4825704e-13,1.916014809e-13,1.031222035e-13,4.762637907e-13,2.327607461e-13,6.342317173e-14,9.056529151e-14,1.807097047e-13,5.468440508e-13,7.594198598e-13,4.127983365e-13,8.537892114e-14,7.365165797e-14,4.069597202e-13,1.098759207e-13,1.23628695e-14,4.590078424e-14,7.375061907e-14,1.121110792e-13,2.704966746e-13,3.57556995e-13,4.192796493e-13,2.627562015e-13,1.476284903e-13,2.931471062e-13,8.516460715e-14
2.625,3.30200204e-13,1.163187459e-13,4.310116026e-13,1.143172323e-13,2.079447827e-13,5.259793243e-14,1.476972019e-13,1.927280594e-13,1.034862613e-13,4.785536632e-13,2.322635206e-13,6.35425243e-14,8.927621021e-14,1.803729112e-13,5.473961406e-13,7.582230922e-13,4.140887514e-13,8.698309434e-14,7.474015252e-14,4.067089865e-13,1.108624529e-13,1.237748828e-14,4.532073052e-14,7.491133672e-14,1.110968083e-13,2.686543635e-13,3.541648349e-13,4.216088515e-13,2.5873089e-13,1.479869467e-13,2.932051466e-13,8.365422178e-14
2.6328125,3.295391741e-13,1.156558547e-13,4.265976219e-13,1.13156465e-13,2.104776517e-13,5.386092894e-14,1.471225635e-13,1.937501449e-13,1.038276154e-13,4.80567376e-13,2.31810008e-13,6.362502708e-14,8.802814534e-14,1.801406715e-13,5.479521655e-13,7.570869469e-13,4.15325352e-13,8.869482082e-14,7.584152932e-14,4.066712231e-13,1.118228785e-13,1.240906399e-14,4.472920648e-14,7.607663103e-14,1.100828952e-13,2.668024578e-13,3.508367818e-13,4.238497258e-13,2.548812707e-13,1.482892004e-13,2.932900712e-13,8.220353821e-14
2.640625,3.290573242e-13,1.150439877e-13,4.220591238e-13,1.12024993e-13,2.130847926e-13,5.524061089e-14,1.465615796e-13,1.946437072e-13,1.041582747e-13,4.824007135e-13,2.312837416e-13,6.369386567e-14,8.689485097e-14,1.799930592e-13,5.486433561e-13,7.560078667e-13,4.165958588e-13,9.051262308e-14,7.701138141e-14,4.067875887e-13,1.128128106e-13,1.245860097e-14,4.412779629e-14,7.720750756e-14,1.091002825e-13,2.649913195e-13,3.475439203e-13,4.261130332e-13,2.511568812e-13,1.485325169e-13,2.934213026e-13,8.079199857e-14
2.6484375,3.2873141e-13,1.145596913e-13,4.176569962e-13,1.108938985e-13,2.156236402e-13,5.662848914e-14,1.459810638e-13,1.954727128e-13,1.044736262e-13,4.842477125e-13,2.307631502e-13,6.378117203e-14,8.585785819e-14,1.799063081e-13,5.492634795e-13,7.548675687e-13,4.179397446e-13,9.243057021e-14,7.820697359e-14,4.068619935e-13,1.138537075e-13,1.251649383e-14,4.355593193e-14,7.837515663e-14,1.081369152e-13,2.63149141e-13,3.441851017e-13,4.284907004e-13,2.47443177e-13,1.487966285e-13,2.936679376e-13,7.939814881e-14
2.65625,3.287328533e-13,1.14184305e-13,4.134738694e-13,1.099021574e-13,2.181281832e-13,5.800978128e-14,1.453793931e-13,1.963233014e-13,1.047864735e-13,4.860631975e-13,2.303618142e-13,6.387942199e-14,8.484531709e-14,1.799124602e-13,5.497222084e-13,7.536459678e-13,4.193622093e-13,9.443810481e-14,7.940440265e-14,4.069127888e-13,1.149465912e-13,1.258809243e-14,4.301634926e-14,7.959153957e-14,1.071758776e-13,2.611760198e-13,3.407469259e-13,4.309527037e-13,2.437099257e-13,1.490988102e-13,2.94034971e-13,7.804128482e-14
2.6640625,3.291140274e-13,1.137860146e-13,4.092699287e-13,1.090465047e-13,2.207959278e-13,5.948846851e-14,1.44741648e-13,1.971693345e-13,1.051296698e-13,4.876512456e-13,2.300129979e-13,6.395994682e-14,8.383211795e-14,1.799450056e-13,5.50173443e-13,7.524009219e-13,4.207795982e-13,9.654548194e-14,8.066433025e-14,4.071176555e-13,1.160631581e-13,1.267916136e-14,4.24790051e-14,8.080740606e-14,1.062031514e-13,2.591501429e-13,3.373456277e-13,4.333933226e-13,2.400671909e-13,1.493833461e-13,2.943898251e-13,7.671673103e-14
2.671875,3.297647001e-13,1.134925788e-13,4.048574332e-13,1.0826595e-13,2.235962465e-13,6.105923697e-14,1.440611072e-13,1.979285588e-13,1.05473657e-13,4.890372745e-13,2.296017205e-13,6.401322801e-14,8.285893024e-14,1.799920629e-13,5.506368266e-13,7.510915753e-13,4.221317853e-13,9.880132268e-14,8.198784325e-14,4.073377592e-13,1.171589373e-13,1.278158701e-14,4.194501381e-14,8.200132248e-14,1.052070172e-13,2.570840702e-13,3.339045754e-13,4.358620531e-13,2.364461617e-13,1.496128955e-13,2.946871334e-13,7.5395176e-14
2.6796875,3.306432275e-13,1.133713625e-13,4.003235563e-13,1.0758706e-13,2.262632095e-13,6.265418703e-14,1.43400604e-13,1.986344939e-13,1.057849927e-13,4.903861822e-13,2.291390407e-13,6.404078706e-14,8.197097471e-14,1.801099548e-13,5.509869666e-13,7.496343231e-13,4.23494865e-13,1.01163238e-13,8.329764755e-14,4.073717104e-13,1.182275577e-13,1.288437055e-14,4.144133262e-14,8.317315454e-14,1.042234609e-13,2.548562763e-13,3.303469913e-13,4.384260855e-13,2.32717061e-13,1.497844405e-13,2.9497645e-13,7.40961666e-14
2.6875,3.317167412e-13,1.132001199e-13,3.957806578e-13,1.069450335e-13,2.288469891e-13,6.424909631e-14,1.427714185e-13,1.993491082e-13,1.060964517e-13,4.91700525e-13,2.287368927e-13,6.403155446e-14,8.115316134e-14,1.80176698e-13,5.512788297e-13,7.481079824e-13,4.248975204e-13,1.035235611e-13,8.458253167e-14,4.075318494e-13,1.192720736e-13,1.298910135e-14,4.097865861e-14,8.434548133e-14,1.032959629e-13,2.525494068e-13,3.269167731e-13,4.409129862e-13,2.290906313e-13,1.499085351e-13,2.952569865e-13,7.285935116e-14
2.6953125,3.328722083e-13,1.130445167e-13,3.912848533e-13,1.063210835e-13,2.31638544e-13,6.586053369e-14,1.420888492e-13,2.000130465e-13,1.064267451e-13,4.928918732e-13,2.28444166e-13,6.40213288e-14,8.039200357e-14,1.801617337e-13,5.516439147e-13,7.466631413e-13,4.263142798e-13,1.059470724e-13,8.589792122e-14,4.081399412e-13,1.203213503e-13,1.311209677e-14,4.054024294e-14,8.556155696e-14,1.023846081e-13,2.503422947e-13,3.236912008e-13,4.432653537e-13,2.257302684e-13,1.500243943e-13,2.955673618e-13,7.167517136e-14
2.703125,3.34087259e-13,1.131398553e-13,3.869387025e-13,1.058139784e-13,2.345534848e-13,6.752859605e-14,1.413371514e-13,2.00566985e-13,1.067442443e-13,4.93919041e-13,2.281691901e-13,6.406085082e-14,7.972540328e-14,1.80300858e-13,5.519928263e-13,7.452658518e-13,4.277849588e-13,1.085453085e-13,8.725344624e-14,4.088704371e-13,1.214422131e-13,1.325392839e-14,4.00998956e-14,8.68230607e-14,1.014300693e-13,2.481634895e-13,3.203657277e-13,4.456734577e-13,2.22453897e-13,1.501625247e-13,2.959329802e-13,7.05136379e-14
2.7109375,3.355184604e-13,1.132666438e-13,3.827713314e-13,1.053508497e-13,2.373992236e-13,6.925133504e-14,1.405716583e-13,2.010509669e-13,1.070488892e-13,4.947333352e-13,2.278700057e-13,6.409983324e-14,7.915068758e-14,1.805766472e-13,5.521432969e-13,7.437278863e-13,4.291823466e-13,1.112659712e-13,8.863812822e-14,4.093816743e-13,1.225904086e-13,1.340614128e-14,3.965902387e-14,8.808709924e-14,1.004458473e-13,2.458704846e-13,3.168622153e-13,4.481025082e-13,2.192099027e-13,1.502847452e-13,2.962627447e-13,6.939213416e-14
2.71875,3.372606475e-13,1.131709019e-13,3.787380209e-13,1.048604121e-13,2.403654729e-13,7.099907541e-14,1.397849584e-13,2.015161742e-13,1.073881002e-13,4.953438083e-13,2.276502256e-13,6.409414768e-14,7.861732981e-14,1.807212277e-13,5.521183009e-13,7.4199795e-13,4.30286163e-13,1.140663839e-13,9.007556064e-14,4.09947751e-13,1.236326107e-13,1.358676015e-14,3.924332642e-14,8.933764752e-14,9.946165233e-14,2.434967168e-13,3.134370153e-13,4.50364138e-13,2.161028344e-13,1.50348567e-13,2.965537607e-13,6.836364942e-14
2.7265625,3.391213892e-13,1.130936072e-13,3.748299439e-13,1.044483856e-13,2.434666467e-13,7.276674632e-14,1.389703073e-13,2.019590567e-13,1.077463666e-13,4.958941711e-13,2.275390093e-13,6.410589702e-14,7.811861153e-14,1.807697494e-13,5.521117971e-13,7.402670647e-13,4.312604338e-13,1.169476732e-13,9.154352491e-14,4.108062324e-13,1.245926308e-13,1.379014679e-14,3.885426452e-14,9.060736239e-14,9.848916058e-14,2.411094778e-13,3.102242732e-13,4.525445834e-13,2.130793122e-13,1.503819513e-13,2.969160966e-13,6.742323717e-14
2.734375,3.40976635e-13,1.133222457e-13,3.709944228e-13,1.040901358e-13,2.463520883e-13,7.452478242e-14,1.381793212e-13,2.023224024e-13,1.080457169e-13,4.964554348e-13,2.274591929e-13,6.415725246e-14,7.767171425e-14,1.809000039e-13,5.521699901e-13,7.386356311e-13,4.324004797e-13,1.198852724e-13,9.297665914e-14,4.116316595e-13,1.256060551e-13,1.397618654e-14,3.847548581e-14,9.19299994e-14,9.754865915e-14,2.387030805e-13,3.071376596e-13,4.548341587e-13,2.10115097e-13,1.504173089e-13,2.973667774e-13,6.650260854e-14
2.7421875,3.430427053e-13,1.137382493e-13,3.672264702e-13,1.037618833e-13,2.490829192e-13,7.628056726e-14,1.373988686e-13,2.025912493e-13,1.082982276e-13,4.968696571e-13,2.274204526e-13,6.420240329e-14,7.728180124e-14,1.810844521e-13,5.521752681e-13,7.369770126e-13,4.336373379e-13,1.229495224e-13,9.439239095e-14,4.122078918e-13,1.266623346e-13,1.416277876e-14,3.810811152e-14,9.329624706e-14,9.662969877e-14,2.362712639e-13,3.040161287e-13,4.571447057e-13,2.072571022e-13,1.504437548e-13,2.978845365e-13,6.559570519e-14
2.75,3.453066914e-13,1.140332066e-13,3.635817859e-13,1.035674941e-13,2.519437446e-13,7.810961228e-14,1.365743219e-13,2.028503578e-13,1.085528381e-13,4.969982987e-13,2.274331261e-13,6.421018633e-14,7.693929618e-14,1.812923442e-13,5.521866934e-13,7.353165935e-13,4.348739106e-13,1.261285587e-13,9.583225427e-14,4.12832373e-13,1.276491413e-13,1.43839023e-14,3.775559386e-14,9.466875499e-14,9.570232203e-14,2.33814133e-13,3.007963076e-13,4.59143219e-13,2.044400783e-13,1.504478256e-13,2.984901884e-13,6.475020977e-14
2.7578125,3.47514167e-13,1.141748976e-13,3.59894052e-13,1.033581802e-13,2.547649565e-13,7.996910654e-14,1.35742188e-13,2.031014623e-13,1.087604681e-13,4.970073832e-13,2.274118169e-13,6.415297312e-14,7.659510637e-14,1.815584148e-13,5.522699323e-13,7.336929095e-13,4.361776108e-13,1.292448596e-13,9.725591769e-14,4.136008224e-13,1.285764294e-13,1.4605887e-14,3.742129554e-14,9.604386579e-14,9.478028021e-14,2.313100169e-13,2.976009187e-13,4.607736763e-13,2.016270191e-13,1.504122107e-13,2.991457949e-13,6.394023193e-14
2.765625,3.498826054e-13,1.144054073e-13,3.561005703e-13,1.030297609e-13,2.574577646e-13,8.177443844e-14,1.349298771e-13,2.032372005e-13,1.089204049e-13,4.971198351e-13,2.273962467e-13,6.406958555e-14,7.625388566e-14,1.818481418e-13,5.521600984e-13,7.317671189e-13,4.374207775e-13,1.323607391e-13,9.867882495e-14,4.142248532e-13,1.295489687e-13,1.481818361e-14,3.712386921e-14,9.745742058e-14,9.386893769e-14,2.28757547e-13,2.945145079e-13,4.624883785e-13,1.98872722e-13,1.503261806e-13,2.997722155e-13,6.31321345e-14
2.7734375,3.525936177e-13,1.14761535e-13,3.52600533e-13,1.028805084e-13,2.602879807e-13,8.363553012e-14,1.340664193e-13,2.032994046e-13,1.091120594e-13,4.971830945e-13,2.275514176e-13,6.403151314e-14,7.601917119e-14,1.821533678e-13,5.518528709e-13,7.295305249e-13,4.385424847e-13,1.356667289e-13,1.002137911e-13,4.14854233e-13,1.305676205e-13,1.505782484e-14,3.687208743e-14,9.892197209e-14,9.294689033e-14,2.261976556e-13,2.915079688e-13,4.644129596e-13,1.962712081e-13,1.50223271e-13,3.003854879e-13,6.238004867e-14
2.78125,3.552631587e-13,1.150908352e-13,3.495216459e-13,1.029494776e-13,2.632155085e-13,8.565624924e-14,1.331469624e-13,2.034124335e-13,1.092976946e-13,4.969818125e-13,2.278600665e-13,6.398086267e-14,7.588124559e-14,1.825183664e-13,5.518387079e-13,7.276463602e-13,4.398895961e-13,1.390786669e-13,1.018410739e-13,4.159352448e-13,1.315544311e-13,1.531254199e-14,3.665838163e-14,1.004189419e-13,9.204445123e-14,2.236320294e-13,2.886036267e-13,4.66047685e-13,1.939228028e-13,1.501262564e-13,3.01069363e-13,6.170904729e-14
2.7890625,3.578609933e-13,1.154384114e-13,3.46475322e-13,1.029458628e-13,2.660590013e-13,8.771735961e-14,1.322612652e-13,2.035377749e-13,1.094337165e-13,4.967900536e-13,2.281861187e-13,6.38833708e-14,7.570962771e-14,1.829252867e-13,5.520669258e-13,7.261893495e-13,4.415755111e-13,1.425133435e-13,1.034157375e-13,4.172500452e-13,1.325374164e-13,1.556003873e-14,3.647747714e-14,1.019550294e-13,9.118413171e-14,2.210012136e-13,2.857714918e-13,4.67428106e-13,1.916959479e-13,1.500315952e-13,3.017938688e-13,6.107286715e-14
2.796875,3.607106682e-13,1.158905375e-13,3.434246713e-13,1.029409882e-13,2.689229881e-13,8.970173566e-14,1.314081473e-13,2.035924526e-13,1.095911533e-13,4.968715734e-13,2.285942809e-13,6.384250845e-14,7.553217079e-14,1.833584655e-13,5.519697066e-13,7.244592175e-13,4.432136658e-13,1.460502069e-13,1.049542393e-13,4.18289162e-13,1.335729024e-13,1.58246446e-14,3.631963823e-14,1.035321689e-13,9.03157268e-14,2.183266915e-13,2.829428573e-13,4.691147857e-13,1.893872604e-13,1.499718018e-13,3.024822174e-13,6.046534358e-14
2.8046875,3.636904217e-13,1.164339421e-13,3.405662947e-13,1.031239812e-13,2.718315385e-13,9.168386132e-14,1.305257427e-13,2.035725947e-13,1.097429835e-13,4.968512633e-13,2.292018838e-13,6.382147767e-14,7.545857318e-14,1.838995339e-13,5.516915534e-13,7.224202718e-13,4.447137033e-13,1.496974068e-13,1.06593648e-13,4.192118187e-13,1.34568535e-13,1.611923171e-14,3.618591085e-14,1.050751082e-13,8.943326391e-14,2.156998506e-13,2.802308985e-13,4.708910375e-13,1.871398928e-13,1.499315008e-13,3.032388432e-13,5.991394107e-14
2.8125,3.66761457e-13,1.170919042e-13,3.376806766e-13,1.03406488e-13,2.747391534e-13,9.378080576e-14,1.296398036e-13,2.034915505e-13,1.098157881e-13,4.96410908e-13,2.298511529e-13,6.368461531e-14,7.542958011e-14,1.845897845e-13,5.516898989e-13,7.206050764e-13,4.463679269e-13,1.534669597e-13,1.082821297e-13,4.204507424e-13,1.354461642e-13,1.64340716e-14,3.608977016e-14,1.065408763e-13,8.858082735e-14,2.130707686e-13,2.776595093e-13,4.722343879e-13,1.850512598e-13,1.498038491e-13,3.041323165e-13,5.942206798e-14
2.8203125,3.700497983e-13,1.177747461e-13,3.347020771e-13,1.037270189e-13,2.7775951e-13,9.59528419e-14,1.2878208e-13,2.034201785e-13,1.098998865e-13,4.95892108e-13,2.303545169e-13,6.352021411e-14,7.536969841e-14,1.853016282e-13,5.516863308e-13,7.189545029e-13,4.481175986e-13,1.573396986e-13,1.098531557e-13,4.219480749e-13,1.363130802e-13,1.676063678e-14,3.600935367e-14,1.080484164e-13,8.773398535e-14,2.103380649e-13,2.750058018e-13,4.734033802e-13,1.829081325e-13,1.495864507e-13,3.049991008e-13,5.898609515e-14
2.828125,3.732301566e-13,1.183250744e-13,3.319861991e-13,1.040656469e-13,2.808648038e-13,9.808681691e-14,1.279137066e-13,2.034085666e-13,1.10057691e-13,4.955542336e-13,2.308419753e-13,6.346905426e-14,7.533122669e-14,1.859491311e-13,5.513864781e-13,7.172081248e-13,4.497226568e-13,1.611734951e-13,1.11338945e-13,4.233845939e-13,1.372588182e-13,1.708852904e-14,3.591767684e-14,1.096989231e-13,8.686945347e-14,2.07603245e-13,2.722949329e-13,4.74699485e-13,1.807730317e-13,1.493986294e-13,3.058159695e-13,5.859676312e-14
2.8359375,3.762568721e-13,1.18807533e-13,3.295072652e-13,1.043739292e-13,2.839674692e-13,1.002252443e-13,1.270376441e-13,2.033430743e-13,1.102041764e-13,4.951718984e-13,2.314454762e-13,6.346197155e-14,7.533295089e-14,1.866381589e-13,5.510848019e-13,7.155055608e-13,4.512770389e-13,1.650127781e-13,1.128795988e-13,4.246731688e-13,1.382089655e-13,1.742424994e-14,3.584122725e-14,1.113870283e-13,8.603320748e-14,2.049779487e-13,2.697906633e-13,4.759197864e-13,1.788771988e-13,1.49242488e-13,3.067005602e-13,5.825063755e-14
2.84375,3.794853809e-13,1.192850431e-13,3.269084719e-13,1.047381852e-13,2.871045605e-13,1.024509775e-13,1.262010769e-13,2.031680464e-13,1.103045741e-13,4.94654163e-13,2.319852541e-13,6.339584363e-14,7.535285203e-14,1.873803377e-13,5.508940731e-13,7.138631991e-13,4.528584015e-13,1.689750093e-13,1.144649605e-13,4.259504873e-13,1.390877267e-13,1.777689351e-14,3.58031498e-14,1.129963954e-13,8.523322183e-14,2.023248575e-13,2.674455482e-13,4.770050471e-13,1.770491805e-13,1.490064818e-13,3.075474903e-13,5.796447969e-14
2.8515625,3.827196471e-13,1.196757791e-13,3.241770413e-13,1.051609484e-13,2.901446039e-13,1.046756188e-13,1.253784208e-13,2.030265482e-13,1.103970719e-13,4.941382173e-13,2.323498015e-13,6.327749058e-14,7.542020492e-14,1.880371794e-13,5.505975453e-13,7.12091232e-13,4.543453048e-13,1.729170426e-13,1.160245474e-13,4.273174341e-13,1.399132496e-13,1.813610066e-14,3.578878972e-14,1.145885224e-13,8.444037597e-14,1.995145711e-13,2.65037212e-13,4.780240823e-13,1.75124988e-13,1.486652511e-13,3.083011971e-13,5.773126964e-14
2.859375,3.857995553e-13,1.200299253e-13,3.214792062e-13,1.055423689e-13,2.93014468e-13,1.068125848e-13,1.245128336e-13,2.02975893e-13,1.105058098e-13,4.935785875e-13,2.327405445e-13,6.31476264e-14,7.551793261e-14,1.886368783e-13,5.501151849e-13,7.101741139e-13,4.55737107e-13,1.767554711e-13,1.175443695e-13,4.287762964e-13,1.407211138e-13,1.850210697e-14,3.579701905e-14,1.162399033e-13,8.365458454e-14,1.966552269e-13,2.625802979e-13,4.788609757e-13,1.732653822e-13,1.482892991e-13,3.090979046e-13,5.753156179e-14
2.8671875,3.889262693e-13,1.204272986e-13,3.188670552e-13,1.059800412e-13,2.959248436e-13,1.088538565e-13,1.236125098e-13,2.02914303e-13,1.106395811e-13,4.929104662e-13,2.332689728e-13,6.303663015e-14,7.558378201e-14,1.892377032e-13,5.494091989e-13,7.081054741e-13,4.569836852e-13,1.805294376e-13,1.189916243e-13,4.303562134e-13,1.415254019e-13,1.887081877e-14,3.583300733e-14,1.17913591e-13,8.284628071e-14,1.938626172e-13,2.601820203e-13,4.795141822e-13,1.715028332e-13,1.479348852e-13,3.098671012e-13,5.737554787e-14
2.875,3.917895777e-13,1.208137296e-13,3.163906187e-13,1.064968077e-13,2.988510915e-13,1.10760303e-13,1.227125098e-13,2.02805601e-13,1.107545233e-13,4.92248153e-13,2.337887203e-13,6.29385508e-14,7.563151947e-14,1.89714561e-13,5.485477261e-13,7.05887595e-13,4.579437283e-13,1.841337978e-13,1.203735273e-13,4.320101093e-13,1.42329727e-13,1.922371348e-14,3.588856103e-14,1.195646926e-13,8.198799506e-14,1.910983564e-13,2.57846479e-13,4.800998373e-13,1.697262505e-13,1.475992264e-13,3.105018582e-13,5.726191962e-14
2.8828125,3.94291754e-13,1.211841255e-13,3.14048582e-13,1.069365558e-13,3.016643542e-13,1.126245447e-13,1.218184698e-13,2.026784188e-13,1.108219705e-13,4.916266779e-13,2.342504833e-13,6.282892561e-14,7.568939741e-14,1.9007991e-13,5.478008799e-13,7.036861859e-13,4.587898728e-13,1.876615225e-13,1.217796173e-13,4.335541138e-13,1.431398715e-13,1.958572762e-14,3.596917562e-14,1.212048255e-13,8.113925457e-14,1.883106196e-13,2.555516032e-13,4.806246718e-13,1.679495536e-13,1.472482203e-13,3.11136933e-13,5.71797333e-14
2.890625,3.97043668e-13,1.215521238e-13,3.117680898e-13,1.073696968e-13,3.04583844e-13,1.146031706e-13,1.209169356e-13,2.025408375e-13,1.109176426e-13,4.909553019e-13,2.347879167e-13,6.272522824e-14,7.573933602e-14,1.905066709e-13,5.471934585e-13,7.015374804e-13,4.597326718e-13,1.913841977e-13,1.232262957e-13,4.350613154e-13,1.439529155e-13,1.99900391e-14,3.607755895e-14,1.22877846e-13,8.034173485e-14,1.85523212e-13,2.533279311e-13,4.81062522e-13,1.662500122e-13,1.468620155e-13,3.118306462e-13,5.715629393e-14
2.8984375,4.00081809e-13,1.218629136e-13,3.095174029e-13,1.078849829e-13,3.076526601e-13,1.166087312e-13,1.200009762e-13,2.024159984e-13,1.110684925e-13,4.9020275e-13,2.354362336e-13,6.262919573e-14,7.578869862e-14,1.909749611e-13,5.465555434e-13,6.993923734e-13,4.606804659e-13,1.951998073e-13,1.246654143e-13,4.368253782e-13,1.447000571e-13,2.040928794e-14,3.61997154e-14,1.246323539e-13,7.956316528e-14,1.827795304e-13,2.512312563e-13,4.813580989e-13,1.647315632e-13,1.464202352e-13,3.125367309e-13,5.721002254e-14
2.90625,4.030820196e-13,1.220949064e-13,3.072877837e-13,1.083631792e-13,3.106063862e-13,1.185586699e-13,1.190877932e-13,2.02295851e-13,1.11194587e-13,4.893571809e-13,2.36086275e-13,6.24906958e-14,7.585272993e-14,1.913762703e-13,5.458939275e-13,6.973152628e-13,4.615991897e-13,1.989359714e-13,1.26072918e-13,4.387453515e-13,1.452961129e-13,2.081764333e-14,3.633338925e-14,1.264458115e-13,7.879532695e-14,1.800735566e-13,2.491748775e-13,4.814695516e-13,1.63353259e-13,1.458999033e-13,3.132430347e-13,5.731687593e-14
2.9140625,4.061133612e-13,1.222433329e-13,3.051374414e-13,1.088783658e-13,3.135067605e-13,1.205564267e-13,1.181993407e-13,2.021433572e-13,1.112882079e-13,4.884100741e-13,2.366755664e-13,6.231964249e-14,7.592786761e-14,1.916978258e-13,5.451598307e-13,6.951598673e-13,4.624664219e-13,2.027118592e-13,1.273924479e-13,4.405672351e-13,1.457967557e-13,2.122734451e-14,3.64848261e-14,1.282142655e-13,7.80377546e-14,1.773462901e-13,2.469884941e-13,4.81459693e-13,1.618694131e-13,1.453291863e-13,3.138218679e-13,5.745797638e-14
2.921875,4.088746117e-13,1.223148357e-13,3.031126344e-13,1.095862268e-13,3.165125482e-13,1.225435316e-13,1.173355951e-13,2.020216357e-13,1.114049499e-13,4.87475493e-13,2.372174828e-13,6.218107007e-14,7.604781891e-14,1.919416779e-13,5.44322266e-13,6.927972338e-13,4.631220961e-13,2.064940002e-13,1.286202157e-13,4.42513807e-13,1.46339166e-13,2.163555854e-14,3.666269714e-14,1.299036744e-13,7.72710341e-14,1.745788663e-13,2.448094769e-13,4.813304583e-13,1.603328752e-13,1.447396476e-13,3.142566993e-13,5.762797498e-14
2.9296875,4.110713295e-13,1.223476339e-13,3.010335696e-13,1.103642057e-13,3.194146156e-13,1.243940734e-13,1.165027387e-13,2.02016649e-13,1.115373963e-13,4.866816633e-13,2.377037338e-13,6.206136277e-14,7.62189363e-14,1.921697539e-13,5.436111318e-13,6.905248776e-13,4.636649576e-13,2.101013738e-13,1.298573453e-13,4.447183394e-13,1.469338068e-13,2.203305209e-14,3.686819654e-14,1.315966025e-13,7.65267989e-14,1.718196917e-13,2.428811042e-13,4.810805717e-13,1.590030707e-13,1.441100519e-13,3.147450753e-13,5.782056338e-14
2.9375,4.131839461e-13,1.223267073e-13,2.988044092e-13,1.110971151e-13,3.220804928e-13,1.26202164e-13,1.157129513e-13,2.020720898e-13,1.116647714e-13,4.859355995e-13,2.381499725e-13,6.189868348e-14,7.63606361e-14,1.9244578e-13,5.42966015e-13,6.883683035e-13,4.642275221e-13,2.135919005e-13,1.311028513e-13,4.467709374e-13,1.474981038e-13,2.243266391e-14,3.706904355e-14,1.333261208e-13,7.582567816e-14,1.690860582e-13,2.409842346e-13,4.808043766e-13,1.576998816e-13,1.434481563e-13,3.152057712e-13,5.803766823e-14
2.9453125,4.154524316e-13,1.223081739e-13,2.966971814e-13,1.117896139e-13,3.247617553e-13,1.280283231e-13,1.149304182e-13,2.02093778e-13,1.117853067e-13,4.849970624e-13,2.386777838e-13,6.170664648e-14,7.646290221e-14,1.926869885e-13,5.420706557e-13,6.860408098e-13,4.646896954e-13,2.17114255e-13,1.323057795e-13,4.486329955e-13,1.479985459e-13,2.284201355e-14,3.725803919e-14,1.350439026e-13,7.511909825e-14,1.663627202e-13,2.388863888e-13,4.803994151e-13,1.562617729e-13,1.427805117e-13,3.154365177e-13,5.828689416e-14
2.953125,4.176865524e-13,1.224309892e-13,2.948620892e-13,1.124339257e-13,3.276783341e-13,1.298247072e-13,1.14113204e-13,2.020903275e-13,1.118841403e-13,4.8384913e-13,2.393436856e-13,6.154450879e-14,7.66302622e-14,1.928435136e-13,5.410953209e-13,6.83844502e-13,4.651808598e-13,2.20741969e-13,1.335304062e-13,4.508182107e-13,1.484416345e-13,2.325185197e-14,3.748794717e-14,1.367537828e-13,7.440766402e-14,1.636584131e-13,2.369131439e-13,4.79770529e-13,1.550446036e-13,1.42064559e-13,3.156115091e-13,5.85868045e-14
2.9609375,4.199191387e-13,1.22578986e-13,2.931058673e-13,1.131701835e-13,3.307021149e-13,1.316287989e-13,1.133052402e-13,2.021164761e-13,1.119935455e-13,4.828052252e-13,2.399636329e-13,6.142691835e-14,7.686731637e-14,1.929696658e-13,5.402361118e-13,6.819324461e-13,4.657624868e-13,2.244195683e-13,1.347342405e-13,4.532550732e-13,1.488709386e-13,2.365191656e-14,3.776383854e-14,1.384828407e-13,7.3734206e-14,1.609583743e-13,2.352257333e-13,4.792050067e-13,1.541046397e-13,1.412783684e-13,3.158382689e-13,5.895484082e-14
2.96875,4.219704296e-13,1.224923291e-13,2.913196843e-13,1.140698546e-13,3.336193519e-13,1.33426245e-13,1.125609476e-13,2.022041846e-13,1.121715442e-13,4.820168456e-13,2.403587736e-13,6.133030666e-14,7.706286374e-14,1.930572384e-13,5.391926937e-13,6.795971789e-13,4.659899828e-13,2.279142684e-13,1.357853318e-13,4.554295859e-13,1.493402179e-13,2.404445996e-14,3.804052804e-14,1.402228884e-13,7.306887961e-14,1.582485279e-13,2.334135022e-13,4.787343751e-13,1.530123598e-13,1.404752285e-13,3.158775208e-13,5.936582738e-14
2.9765625,4.236665677e-13,1.221921095e-13,2.89559285e-13,1.149033969e-13,3.365116828e-13,1.351196653e-13,1.118174596e-13,2.023414529e-13,1.123793433e-13,4.811683981e-13,2.406421858e-13,6.123232529e-14,7.721362631e-14,1.931047555e-13,5.379554431e-13,6.767881666e-13,4.658758893e-13,2.311801784e-13,1.367998633e-13,4.575969393e-13,1.497905086e-13,2.444715755e-14,3.833617659e-14,1.419984164e-13,7.238291639e-14,1.555943583e-13,2.313904516e-13,4.778777237e-13,1.517853452e-13,1.396614356e-13,3.15716129e-13,5.979369854e-14
2.984375,4.252779552e-13,1.218861569e-13,2.878966974e-13,1.15658919e-13,3.395095697e-13,1.367218207e-13,1.109990819e-13,2.024720531e-13,1.125374993e-13,4.800701786e-13,2.410341843e-13,6.112439139e-14,7.739163238e-14,1.931237228e-13,5.368890126e-13,6.743594961e-13,4.658965931e-13,2.34419202e-13,1.379273762e-13,4.60315137e-13,1.50142687e-13,2.487268122e-14,3.867247893e-14,1.437812756e-13,7.171697965e-14,1.530332866e-13,2.295739222e-13,4.766154842e-13,1.507990584e-13,1.387957476e-13,3.155970484e-13,6.027820026e-14
2.9921875,4.267402471e-13,1.217300535e-13,2.863883125e-13,1.16563198e-13,3.423902175e-13,1.38264163e-13,1.101743301e-13,2.025628439e-13,1.126532764e-13,4.79035018e-13,2.41559141e-13,6.100875907e-14,7.754905935e-14,1.930081639e-13,5.358734202e-13,6.722248592e-13,4.658546702e-13,2.375969551e-13,1.390364069e-13,4.632411152e-13,1.504669657e-13,2.530982002e-14,3.899951908e-14,1.454483648e-13,7.10885618e-14,1.504872786e-13,2.280072096e-13,4.754657581e-13,1.500151259e-13,1.378874357e-13,3.155345882e-13,6.084333022e-14
3,4.278826343e-13,1.216982824e-13,2.848571413e-13,1.174404849e-13,3.449777651e-13,1.39668544e-13,1.094227261e-13,2.026368003e-13,1.127779708e-13,4.782044478e-13,2.420285947e-13,6.087698934e-14,7.762126578e-14,1.927504094e-13,5.345080038e-13,6.695467304e-13,4.653603451e-13,2.405700584e-13,1.400038136e-13,4.657799409e-13,1.508186493e-13,2.573221137e-14,3.930807092e-14,1.470346208e-13,7.046850834e-14,1.478988736e-13,2.263544643e-13,4.744508755e-13,1.491575657e-13,1.369633289e-13,3.154151528e-13,6.141912765e-14
3.0078125,4.290445439e-13,1.215391338e-13,2.830856888e-13,1.180215739e-13,3.475341158e-13,1.408822546e-13,1.086792052e-13,2.027438798e-13,1.129420651e-13,4.772869619e-13,2.422558337e-13,6.072712689e-14,7.768819344e-14,1.925574096e-13,5.32809759e-13,6.663316011e-13,4.645805783e-13,2.434478268e-13,1.408890987e-13,4.681802214e-13,1.511198944e-13,2.613108721e-14,3.965430783e-14,1.486969054e-13,6.983784835e-14,1.453134742e-13,2.245821902e-13,4.731371704e-13,1.482106674e-13,1.36019957e-13,3.152576181e-13,6.195875006e-14
3.015625,4.301923064e-13,1.211720403e-13,2.813513026e-13,1.185427668e-13,3.502763542e-13,1.42010167e-13,1.078930112e-13,2.029473591e-13,1.131506242e-13,4.762276144e-13,2.423398925e-13,6.060069083e-14,7.782817822e-14,1.925050417e-13,5.311179113e-13,6.631876187e-13,4.637134208e-13,2.463581484e-13,1.417203411e-13,4.708832514e-13,1.513446906e-13,2.653092615e-14,4.004035925e-14,1.50402011e-13,6.920395817e-14,1.427962182e-13,2.229105687e-13,4.714620238e-13,1.473510056e-13,1.350530867e-13,3.151113178e-13,6.252278088e-14
3.0234375,4.309959613e-13,1.208099381e-13,2.799485641e-13,1.192551523e-13,3.530487646e-13,1.431919424e-13,1.071286336e-13,2.032398401e-13,1.133526928e-13,4.752030582e-13,2.425323126e-13,6.05119452e-14,7.79904778e-14,1.924338731e-13,5.296463064e-13,6.603682253e-13,4.628876239e-13,2.493385353e-13,1.424650571e-13,4.736998936e-13,1.51518214e-13,2.693912387e-14,4.042204897e-14,1.520462465e-13,6.859462146e-14,1.403622671e-13,2.213905777e-13,4.696691004e-13,1.466211724e-13,1.340663541e-13,3.149664669e-13,6.315872973e-14
3.03125,4.317032624e-13,1.204289905e-13,2.785286969e-13,1.20023072e-13,3.556876689e-13,1.443606892e-13,1.06394619e-13,2.035113112e-13,1.135006487e-13,4.74100744e-13,2.427470725e-13,6.039437104e-14,7.81139626e-14,1.922231481e-13,5.282257084e-13,6.576996642e-13,4.621832785e-13,2.52364783e-13,1.431174771e-13,4.763845816e-13,1.515849694e-13,2.732830211e-14,4.079686956e-14,1.536562219e-13,6.801394725e-14,1.379706279e-13,2.199256092e-13,4.677975274e-13,1.458418194e-13,1.330507109e-13,3.147597525e-13,6.383672773e-14
3.0390625,4.324066602e-13,1.198897561e-13,2.768010532e-13,1.207634276e-13,3.582546847e-13,1.453579452e-13,1.056327521e-13,2.037469824e-13,1.13652059e-13,4.728275335e-13,2.427421901e-13,6.022249209e-14,7.819704877e-14,1.918634403e-13,5.265555505e-13,6.549065828e-13,4.612643176e-13,2.551945247e-13,1.43699348e-13,4.791195318e-13,1.515448324e-13,2.770663398e-14,4.118857678e-14,1.552420508e-13,6.742462243e-14,1.355846904e-13,2.184870236e-13,4.657778932e-13,1.449501768e-13,1.319861228e-13,3.144163172e-13,6.453604793e-14
3.046875,4.328201048e-13,1.1940925e-13,2.751016836e-13,1.215576735e-13,3.609041606e-13,1.462235887e-13,1.048640314e-13,2.040661504e-13,1.138780687e-13,4.715743079e-13,2.426741706e-13,6.007319014e-14,7.826890333e-14,1.913770236e-13,5.246393713e-13,6.51945637e-13,4.599018955e-13,2.577053742e-13,1.442599608e-13,4.820450541e-13,1.515251892e-13,2.810412813e-14,4.159621206e-14,1.567856239e-13,6.681807555e-14,1.33238606e-13,2.171100162e-13,4.637208638e-13,1.441633953e-13,1.308828513e-13,3.139761917e-13,6.52546318e-14
3.0546875,4.331569799e-13,1.191289857e-13,2.736605984e-13,1.223465255e-13,3.636861302e-13,1.470516743e-13,1.041228159e-13,2.04466838e-13,1.141496749e-13,4.703374778e-13,2.42762112e-13,5.999227083e-14,7.837916732e-14,1.908642111e-13,5.225927547e-13,6.488842816e-13,4.583061338e-13,2.601698572e-13,1.448060372e-13,4.850367224e-13,1.515825932e-13,2.849994797e-14,4.200739163e-14,1.583025626e-13,6.622157765e-14,1.309658068e-13,2.157727233e-13,4.617267382e-13,1.435584164e-13,1.297822517e-13,3.135509123e-13,6.597193994e-14
3.0625,4.33617372e-13,1.188278548e-13,2.72274635e-13,1.230533158e-13,3.664682517e-13,1.47853419e-13,1.033787494e-13,2.04843289e-13,1.144130094e-13,4.689157257e-13,2.428458941e-13,5.993631247e-14,7.852251178e-14,1.904662577e-13,5.204671758e-13,6.456722874e-13,4.565608461e-13,2.627024275e-13,1.452924038e-13,4.880174423e-13,1.516516067e-13,2.887426581e-14,4.242772808e-14,1.597576428e-13,6.564301628e-14,1.287270485e-13,2.144495738e-13,4.596066288e-13,1.4298307e-13,1.286730731e-13,3.131360278e-13,6.669118081e-14
3.0703125,4.338700104e-13,1.183755673e-13,2.708477676e-13,1.23769295e-13,3.691591158e-13,1.486683763e-13,1.026162946e-13,2.052106265e-13,1.146520508e-13,4.67328078e-13,2.428046847e-13,5.985540326e-14,7.861579818e-14,1.901444065e-13,5.184422866e-13,6.424628874e-13,4.546970378e-13,2.650817543e-13,1.457244235e-13,4.910370036e-13,1.516757427e-13,2.924248902e-14,4.285894993e-14,1.611573209e-13,6.508384701e-14,1.265122575e-13,2.132120829e-13,4.571180789e-13,1.424355012e-13,1.275049316e-13,3.126294447e-13,6.742901803e-14
3.078125,4.338504404e-13,1.178282268e-13,2.694316526e-13,1.245100173e-13,3.718568591e-13,1.493764345e-13,1.018339155e-13,2.055969726e-13,1.148711923e-13,4.65672429e-13,2.427279793e-13,5.97399555e-14,7.864122036e-14,1.897028633e-13,5.164519886e-13,6.394192547e-13,4.527922908e-13,2.672578541e-13,1.46094486e-13,4.941035072e-13,1.5163404e-13,2.959057021e-14,4.327824665e-14,1.625534405e-13,6.453931614e-14,1.243802596e-13,2.120863267e-13,4.543462628e-13,1.419586607e-13,1.262951624e-13,3.119930171e-13,6.817100166e-14
3.0859375,4.337334257e-13,1.172780834e-13,2.679833597e-13,1.251446276e-13,3.745418251e-13,1.497688008e-13,1.010327629e-13,2.059405074e-13,1.150960023e-13,4.639559725e-13,2.425943448e-13,5.961791668e-14,7.866841676e-14,1.891147952e-13,5.140898384e-13,6.362450516e-13,4.50654756e-13,2.693727656e-13,1.463322104e-13,4.971267153e-13,1.51510219e-13,2.990356958e-14,4.368121296e-14,1.638612169e-13,6.398589335e-14,1.223149779e-13,2.10971579e-13,4.515407261e-13,1.414548877e-13,1.250821706e-13,3.113284635e-13,6.892189978e-14
3.09375,4.333382356e-13,1.167787353e-13,2.665365419e-13,1.256978547e-13,3.770304747e-13,1.500318845e-13,1.002728395e-13,2.062647073e-13,1.15319808e-13,4.622225571e-13,2.423673277e-13,5.951640188e-14,7.87128739e-14,1.885068323e-13,5.11415318e-13,6.328204878e-13,4.482402528e-13,2.714500306e-13,1.464560055e-13,5.000269741e-13,1.513098633e-13,3.020775173e-14,4.409301733e-14,1.650408349e-13,6.343366028e-14,1.202312151e-13,2.098457416e-13,4.486913275e-13,1.409690237e-13,1.23849282e-13,3.107670401e-13,6.970520042e-14
3.1015625,4.325749288e-13,1.161533672e-13,2.651764523e-13,1.263152167e-13,3.794273278e-13,1.504234009e-13,9.958302613e-14,2.066171663e-13,1.154918568e-13,4.604689668e-13,2.420538439e-13,5.94171354e-14,7.874120263e-14,1.878612253e-13,5.088053645e-13,6.294190688e-13,4.457051774e-13,2.734102184e-13,1.465527402e-13,5.028437679e-13,1.510731828e-13,3.050687661e-14,4.451510732e-14,1.662023628e-13,6.291159931e-14,1.181613219e-13,2.087867174e-13,4.456154803e-13,1.406367586e-13,1.225940181e-13,3.102466651e-13,7.049164025e-14
3.109375,4.317585566e-13,1.152921948e-13,2.638258383e-13,1.269649354e-13,3.820108191e-13,1.507646503e-13,9.889486213e-14,2.069189438e-13,1.1564112e-13,4.586333714e-13,2.415381625e-13,5.93110593e-14,7.875769408e-14,1.871481727e-13,5.061556112e-13,6.259236227e-13,4.428856542e-13,2.752114918e-13,1.466162308e-13,5.056132615e-13,1.50846183e-13,3.078900463e-14,4.493414465e-14,1.673181933e-13,6.240283759e-14,1.162058368e-13,2.077669253e-13,4.423717918e-13,1.4035416e-13,1.213322198e-13,3.095937613e-13,7.124883842e-14
3.1171875,4.310922992e-13,1.144709408e-13,2.624546858e-13,1.275697805e-13,3.846945518e-13,1.509353555e-13,9.81783512e-14,2.071727007e-13,1.158501751e-13,4.567339285e-13,2.40870067e-13,5.923418208e-14,7.875631903e-14,1.864938775e-13,5.03299331e-13,6.221583721e-13,4.397877376e-13,2.769314866e-13,1.465997862e-13,5.082952994e-13,1.506137016e-13,3.107472216e-14,4.53552291e-14,1.683271742e-13,6.188202368e-14,1.143253778e-13,2.067087696e-13,4.391649291e-13,1.399668431e-13,1.200528347e-13,3.088455834e-13,7.200495721e-14
3.125,4.304160988e-13,1.13786405e-13,2.61173726e-13,1.282220396e-13,3.872371971e-13,1.511089993e-13,9.746176046e-14,2.074908038e-13,1.160855851e-13,4.547327794e-13,2.403290657e-13,5.917465763e-14,7.868624421e-14,1.858505618e-13,5.004071405e-13,6.184232167e-13,4.36701021e-13,2.786363764e-13,1.464990425e-13,5.109780378e-13,1.502977577e-13,3.136304497e-14,4.57665974e-14,1.69334818e-13,6.13434673e-14,1.124257312e-13,2.056606524e-13,4.359275237e-13,1.395385627e-13,1.187724193e-13,3.081369778e-13,7.277725727e-14
3.1328125,4.294382173e-13,1.129902932e-13,2.599200767e-13,1.289531042e-13,3.896184365e-13,1.512381781e-13,9.673484719e-14,2.078284837e-13,1.162602408e-13,4.525584113e-13,2.398971769e-13,5.907801998e-14,7.854455066e-14,1.84982032e-13,4.97463059e-13,6.147453789e-13,4.334104631e-13,2.801599253e-13,1.463077399e-13,5.137378564e-13,1.498848288e-13,3.161603628e-14,4.61443934e-14,1.703313639e-13,6.077869156e-14,1.105347945e-13,2.047129639e-13,4.324783037e-13,1.391951422e-13,1.175074701e-13,3.073938551e-13,7.352868346e-14
3.140625,4.280404148e-13,1.121144689e-13,2.585771879e-13,1.296497174e-13,3.918010756e-13,1.511536379e-13,9.600132855e-14,2.081169423e-13,1.163929441e-13,4.50337432e-13,2.393401129e-13,5.896768662e-14,7.840960792e-14,1.839477016e-13,4.943430929e-13,6.108351324e-13,4.297065347e-13,2.813488782e-13,1.46039591e-13,5.163336313e-13,1.494693931e-13,3.182536514e-14,4.650468123e-14,1.712161262e-13,6.021171062e-14,1.087025507e-13,2.038541266e-13,4.289194849e-13,1.389497468e-13,1.162243445e-13,3.065265985e-13,7.423960797e-14
3.1484375,4.264641724e-13,1.113747117e-13,2.573236841e-13,1.30320497e-13,3.937960191e-13,1.509531788e-13,9.529120575e-14,2.084467091e-13,1.165380221e-13,4.48147641e-13,2.38716871e-13,5.890465178e-14,7.833111496e-14,1.830396192e-13,4.911993805e-13,6.068376948e-13,4.260057663e-13,2.824118325e-13,1.457637991e-13,5.186780311e-13,1.491011506e-13,3.201963318e-14,4.688205304e-14,1.720686584e-13,5.968436008e-14,1.069246395e-13,2.03048574e-13,4.2540842e-13,1.387323861e-13,1.149423027e-13,3.05656224e-13,7.495024183e-14
3.15625,4.250113504e-13,1.106939569e-13,2.562826181e-13,1.310446717e-13,3.959047239e-13,1.507474537e-13,9.457089824e-14,2.087957876e-13,1.166828549e-13,4.458109249e-13,2.38158872e-13,5.886883199e-14,7.826773906e-14,1.822636964e-13,4.880840516e-13,6.029607459e-13,4.224446507e-13,2.836084616e-13,1.455089351e-13,5.211731447e-13,1.487032577e-13,3.222572533e-14,4.728808607e-14,1.729153643e-13,5.917909543e-14,1.052281386e-13,2.023413635e-13,4.218460255e-13,1.384994191e-13,1.137066561e-13,3.048649624e-13,7.569110218e-14
3.1640625,4.235708926e-13,1.098629215e-13,2.551833136e-13,1.317727014e-13,3.982057208e-13,1.504548989e-13,9.381064892e-14,2.090291604e-13,1.16807748e-13,4.43295406e-13,2.375355663e-13,5.880277764e-14,7.816154056e-14,1.81346482e-13,4.847940821e-13,5.99008349e-13,4.186270885e-13,2.848105169e-13,1.451955319e-13,5.239258732e-13,1.48197918e-13,3.243931729e-14,4.770539216e-14,1.736572364e-13,5.865724606e-14,1.03604358e-13,2.017207758e-13,4.181225272e-13,1.382667462e-13,1.124513634e-13,3.04036759e-13,7.64171995e-14
3.171875,4.218610437e-13,1.088411424e-13,2.53880689e-13,1.324579102e-13,4.003475566e-13,1.499967695e-13,9.306348738e-14,2.092308693e-13,1.169252385e-13,4.408185733e-13,2.36760546e-13,5.870540438e-14,7.798340835e-14,1.801865113e-13,4.813161854e-13,5.948675838e-13,4.14454496e-13,2.857288029e-13,1.447458093e-13,5.264909706e-13,1.476071065e-13,3.26246861e-14,4.808846946e-14,1.743685084e-13,5.813124744e-14,1.019644159e-13,2.010426274e-13,4.142631613e-13,1.380411734e-13,1.111183115e-13,3.031132424e-13,7.708029677e-14
3.1796875,4.19950623e-13,1.078197829e-13,2.526801734e-13,1.331275434e-13,4.022215836e-13,1.493903783e-13,9.236365878e-14,2.095448386e-13,1.170366927e-13,4.384145676e-13,2.359624126e-13,5.86191164e-14,7.773812601e-14,1.790122588e-13,4.778756895e-13,5.907389017e-13,4.101824636e-13,2.863745063e-13,1.441895028e-13,5.287998161e-13,1.470044996e-13,3.27683186e-14,4.84157723e-14,1.751381927e-13,5.763037806e-14,1.003287567e-13,2.003111184e-13,4.102525056e-13,1.378592826e-13,1.097789158e-13,3.022380186e-13,7.771645005e-14
3.1875,4.180682086e-13,1.0700253e-13,2.517773472e-13,1.337698526e-13,4.04099333e-13,1.487367609e-13,9.167258566e-14,2.098941941e-13,1.171351327e-13,4.358995552e-13,2.351835204e-13,5.857314099e-14,7.752358788e-14,1.780507342e-13,4.745113799e-13,5.867750144e-13,4.05987891e-13,2.869889849e-13,1.435921425e-13,5.312223853e-13,1.464417315e-13,3.289758527e-14,4.873279686e-14,1.758656987e-13,5.715170711e-14,9.882353629e-14,1.997357874e-13,4.061288982e-13,1.377974394e-13,1.084893511e-13,3.014915925e-13,7.837792037e-14
3.1953125,4.162154406e-13,1.062735165e-13,2.509509204e-13,1.343930128e-13,4.061302544e-13,1.481488861e-13,9.095165435e-14,2.101778426e-13,1.172250782e-13,4.332061732e-13,2.343255858e-13,5.855941736e-14,7.743572832e-14,1.77218308e-13,4.709686827e-13,5.827910083e-13,4.018367992e-13,2.876491602e-13,1.429796909e-13,5.336945567e-13,1.459051569e-13,3.302681205e-14,4.907633776e-14,1.765052586e-13,5.666956764e-14,9.743438522e-14,1.993320243e-13,4.020563567e-13,1.378017207e-13,1.072198585e-13,3.007227701e-13,7.904326076e-14
3.203125,4.14269444e-13,1.05422369e-13,2.500330488e-13,1.350795826e-13,4.082143518e-13,1.475922017e-13,9.020132454e-14,2.104206429e-13,1.172915598e-13,4.304068703e-13,2.333979997e-13,5.855014771e-14,7.736519969e-14,1.76323095e-13,4.671747902e-13,5.784727735e-13,3.975494429e-13,2.882422057e-13,1.423714673e-13,5.359119292e-13,1.453213558e-13,3.314359796e-14,4.941976212e-14,1.770752591e-13,5.617884567e-14,9.602171042e-14,1.989160595e-13,3.979977459e-13,1.37761079e-13,1.059349701e-13,2.998274464e-13,7.965403785e-14
3.2109375,4.121980865e-13,1.045122521e-13,2.491526038e-13,1.358804648e-13,4.102434851e-13,1.469561327e-13,8.943901873e-14,2.106572792e-13,1.173231151e-13,4.275207091e-13,2.324740616e-13,5.854325335e-14,7.716127347e-14,1.753849402e-13,4.63395623e-13,5.738995489e-13,3.930538446e-13,2.887371034e-13,1.417710337e-13,5.380366576e-13,1.446664832e-13,3.324346274e-14,4.973704757e-14,1.775016316e-13,5.569690672e-14,9.454811986e-14,1.984762451e-13,3.937583743e-13,1.377074194e-13,1.046182988e-13,2.988733292e-13,8.019803882e-14
3.21875,4.101922115e-13,1.036603432e-13,2.483982501e-13,1.367577355e-13,4.123417703e-13,1.462458814e-13,8.865470551e-14,2.10891795e-13,1.173661446e-13,4.244795576e-13,2.31510009e-13,5.857085351e-14,7.692094707e-14,1.745248287e-13,4.595944318e-13,5.69346933e-13,3.88427837e-13,2.892482544e-13,1.411513012e-13,5.403041561e-13,1.440120631e-13,3.333412075e-14,5.003801001e-14,1.778175919e-13,5.52043052e-14,9.311236228e-14,1.980772225e-13,3.894427075e-13,1.376916561e-13,1.032940362e-13,2.978384517e-13,8.07286862e-14
3.2265625,4.084988082e-13,1.028684836e-13,2.477221465e-13,1.376072256e-13,4.146533469e-13,1.454956884e-13,8.782566478e-14,2.110861103e-13,1.174270072e-13,4.212370483e-13,2.30504413e-13,5.862997305e-14,7.677952463e-14,1.737619917e-13,4.55441391e-13,5.64766948e-13,3.837590756e-13,2.89898327e-13,1.405110646e-13,5.425193961e-13,1.433732889e-13,3.341407222e-14,5.03377961e-14,1.781719625e-13,5.468092235e-14,9.17965928e-14,1.976661554e-13,3.852506989e-13,1.377410549e-13,1.020170134e-13,2.966989859e-13,8.128125752e-14
3.234375,4.069286504e-13,1.021479338e-13,2.472055979e-13,1.383930632e-13,4.169499745e-13,1.446870956e-13,8.699412667e-14,2.111941802e-13,1.174127938e-13,4.178427171e-13,2.296267845e-13,5.866546559e-14,7.665536613e-14,1.730778736e-13,4.511685276e-13,5.60208197e-13,3.792526538e-13,2.906883888e-13,1.398677258e-13,5.444737405e-13,1.426828425e-13,3.347005107e-14,5.06438539e-14,1.785181209e-13,5.419137092e-14,9.057092964e-14,1.972749357e-13,3.810435574e-13,1.37951852e-13,1.007972395e-13,2.956466885e-13,8.181203379e-14
3.2421875,4.051252755e-13,1.014884545e-13,2.46944793e-13,1.392052721e-13,4.190998216e-13,1.43844264e-13,8.620779945e-14,2.112791066e-13,1.173354369e-13,4.144034867e-13,2.289243592e-13,5.869091741e-14,7.648715975e-14,1.72488323e-13,4.471937131e-13,5.559262573e-13,3.749819277e-13,2.914789178e-13,1.392225864e-13,5.462279013e-13,1.41987445e-13,3.350445484e-14,5.09499878e-14,1.78722308e-13,5.377347978e-14,8.936524728e-14,1.969871032e-13,3.767599498e-13,1.382753693e-13,9.961646306e-14,2.947193021e-13,8.229006613e-14
3.25,4.032565832e-13,1.008650319e-13,2.467134703e-13,1.400349189e-13,4.213797537e-13,1.429272901e-13,8.540695358e-14,2.114156184e-13,1.17338973e-13,4.109948901e-13,2.281448526e-13,5.879510699e-14,7.637310425e-14,1.719810449e-13,4.431764846e-13,5.515992742e-13,3.70486885e-13,2.92107608e-13,1.385774369e-13,5.47872068e-13,1.413898202e-13,3.353720004e-14,5.124086707e-14,1.788374289e-13,5.333645015e-14,8.817875681e-14,1.967045142e-13,3.726635541e-13,1.385287342e-13,9.845565767e-14,2.936827722e-13,8.274893127e-14
3.2578125,4.015454112e-13,1.002806154e-13,2.46238517e-13,1.407973908e-13,4.236492316e-13,1.418024359e-13,8.453714026e-14,2.115501255e-13,1.173884389e-13,4.07602371e-13,2.270802917e-13,5.894662044e-14,7.631551856e-14,1.714546812e-13,4.387524913e-13,5.467607869e-13,3.654114422e-13,2.924616223e-13,1.37900306e-13,5.494894155e-13,1.408060979e-13,3.356183977e-14,5.151639143e-14,1.789115342e-13,5.282514098e-14,8.705039486e-14,1.963495076e-13,3.686924564e-13,1.387390852e-13,9.726470341e-14,2.925676387e-13,8.318947169e-14
3.265625,3.997699502e-13,9.96827273e-14,2.456967611e-13,1.415798327e-13,4.254978858e-13,1.405717558e-13,8.364778305e-14,2.11639696e-13,1.173168473e-13,4.041217216e-13,2.259040345e-13,5.902848615e-14,7.618498812e-14,1.708124885e-13,4.342964332e-13,5.417560655e-13,3.601502831e-13,2.92539581e-13,1.371420577e-13,5.511173576e-13,1.401069666e-13,3.355639898e-14,5.177966994e-14,1.788609532e-13,5.230670867e-14,8.598601029e-14,1.960512404e-13,3.644621421e-13,1.390119716e-13,9.603846009e-14,2.916151889e-13,8.356778095e-14
3.2734375,3.979122845e-13,9.904806436e-14,2.454594041e-13,1.424036455e-13,4.272996024e-13,1.3947884e-13,8.275555007e-14,2.117227506e-13,1.17190998e-13,4.004451493e-13,2.249393136e-13,5.909378597e-14,7.596611945e-14,1.701625054e-13,4.300334617e-13,5.36968566e-13,3.551073517e-13,2.925415198e-13,1.363510769e-13,5.526101571e-13,1.393520122e-13,3.353749659e-14,5.202006316e-14,1.787150244e-13,5.182066298e-14,8.496817314e-14,1.958823232e-13,3.600274606e-13,1.39319392e-13,9.484295761e-14,2.907712746e-13,8.387736541e-14
3.28125,3.962152958e-13,9.843719616e-14,2.455572675e-13,1.431502741e-13,4.295030156e-13,1.384787353e-13,8.183444066e-14,2.118034186e-13,1.171577667e-13,3.965741401e-13,2.242092286e-13,5.926263596e-14,7.575728275e-14,1.697110399e-13,4.25750984e-13,5.321575385e-13,3.501149903e-13,2.926459167e-13,1.356149615e-13,5.539275887e-13,1.386023815e-13,3.352976444e-14,5.223802576e-14,1.785704204e-13,5.134805256e-14,8.397768194e-14,1.95729704e-13,3.556781547e-13,1.397170012e-13,9.36789606e-14,2.899065198e-13,8.414315457e-14
3.2890625,3.945321795e-13,9.780952865e-14,2.458055543e-13,1.439655844e-13,4.316633523e-13,1.374460788e-13,8.094168048e-14,2.118636509e-13,1.170994181e-13,3.92622588e-13,2.235137803e-13,5.945760336e-14,7.557438762e-14,1.693971146e-13,4.215876113e-13,5.273073532e-13,3.450893226e-13,2.927751118e-13,1.348917786e-13,5.552334901e-13,1.377795936e-13,3.350996483e-14,5.244403767e-14,1.783811821e-13,5.09025054e-14,8.301120302e-14,1.955242484e-13,3.513077819e-13,1.402719996e-13,9.250094658e-14,2.891242417e-13,8.437819783e-14
3.296875,3.92649103e-13,9.710255715e-14,2.461769041e-13,1.449527949e-13,4.334329042e-13,1.364348147e-13,8.011070795e-14,2.118955655e-13,1.168937998e-13,3.887021444e-13,2.228229967e-13,5.957754818e-14,7.534375604e-14,1.689924425e-13,4.176959229e-13,5.226742493e-13,3.40224906e-13,2.928517675e-13,1.340793515e-13,5.564688906e-13,1.368842575e-13,3.345215908e-14,5.263511238e-14,1.781450228e-13,5.049243181e-14,8.208455826e-14,1.953494573e-13,3.467742758e-13,1.408728686e-13,9.133085195e-14,2.884730398e-13,8.457454405e-14
3.3046875,3.907503615e-13,9.643097973e-14,2.467213998e-13,1.458028758e-13,4.351749597e-13,1.353921944e-13,7.926219606e-14,2.118736804e-13,1.166842116e-13,3.848368688e-13,2.222105361e-13,5.971287292e-14,7.503272603e-14,1.685235474e-13,4.136784745e-13,5.180271295e-13,3.353981655e-13,2.929564081e-13,1.332022612e-13,5.575093919e-13,1.360366136e-13,3.338351061e-14,5.281184033e-14,1.779685825e-13,5.007880993e-14,8.117799223e-14,1.952523988e-13,3.422780028e-13,1.415013724e-13,9.018862642e-14,2.878709519e-13,8.471640574e-14
3.3125,3.889591321e-13,9.587747537e-14,2.473978107e-13,1.464634009e-13,4.37098221e-13,1.342300944e-13,7.837817297e-14,2.118323041e-13,1.16570762e-13,3.809908961e-13,2.216256509e-13,5.993207177e-14,7.468717931e-14,1.681761461e-13,4.093775795e-13,5.131244224e-13,3.304019746e-13,2.931168242e-13,1.323630983e-13,5.585520313e-13,1.352547111e-13,3.332974389e-14,5.29860465e-14,1.77798513e-13,4.965064628e-14,8.025024032e-14,1.951020434e-13,3.379157749e-13,1.422493606e-13,8.906115105e-14,2.873070398e-13,8.48033969e-14
3.3203125,3.870783946e-13,9.533902338e-14,2.482227479e-13,1.472650287e-13,4.389926448e-13,1.330813015e-13,7.752889935e-14,2.11846794e-13,1.164410324e-13,3.771073955e-13,2.210598117e-13,6.014956338e-14,7.437492551e-14,1.679738945e-13,4.051940234e-13,5.082585434e-13,3.254564682e-13,2.932811483e-13,1.31574888e-13,5.596212685e-13,1.344538899e-13,3.325990851e-14,5.31615935e-14,1.775094795e-13,4.924683243e-14,7.931976901e-14,1.948018252e-13,3.335041591e-13,1.430287366e-13,8.797584878e-14,2.867780272e-13,8.483760809e-14
3.328125,3.850562806e-13,9.480778377e-14,2.493109377e-13,1.482031554e-13,4.407337977e-13,1.32019409e-13,7.671159298e-14,2.118869886e-13,1.162385589e-13,3.731143976e-13,2.206086509e-13,6.032860994e-14,7.410707393e-14,1.678701092e-13,4.012798343e-13,5.036254893e-13,3.207176992e-13,2.933869179e-13,1.308071007e-13,5.60419112e-13,1.336128656e-13,3.316073346e-14,5.333941713e-14,1.771412882e-13,4.88781716e-14,7.842858061e-14,1.945131388e-13,3.290140092e-13,1.437540772e-13,8.693988087e-14,2.862780982e-13,8.483972225e-14
3.3359375,3.83161543e-13,9.440404537e-14,2.506226888e-13,1.491350915e-13,4.423734535e-13,1.309865805e-13,7.589092929e-14,2.118757749e-13,1.160151402e-13,3.690068447e-13,2.202688331e-13,6.052076423e-14,7.381680656e-14,1.678345873e-13,3.974831408e-13,4.990736802e-13,3.159929746e-13,2.933680413e-13,1.300743439e-13,5.61064656e-13,1.327663603e-13,3.307493165e-14,5.351164869e-14,1.767615167e-13,4.850888287e-14,7.7583482e-14,1.944026058e-13,3.246109177e-13,1.445059728e-13,8.590767749e-14,2.858439932e-13,8.487387179e-14
3.34375,3.814236968e-13,9.402746235e-14,2.519906843e-13,1.501834648e-13,4.438982259e-13,1.299932674e-13,7.509014216e-14,2.118075616e-13,1.157527302e-13,3.648779117e-13,2.200088722e-13,6.070248031e-14,7.347597546e-14,1.677557732e-13,3.938055909e-13,4.945259726e-13,3.112523779e-13,2.932351076e-13,1.293325793e-13,5.61919747e-13,1.319154991e-13,3.298991711e-14,5.365575406e-14,1.763739773e-13,4.812742625e-14,7.679052151e-14,1.94362811e-13,3.202583618e-13,1.453071788e-13,8.488371759e-14,2.854024459e-13,8.49238194e-14
3.3515625,3.794396227e-13,9.353413555e-14,2.534361538e-13,1.513486982e-13,4.451853244e-13,1.289569616e-13,7.430990436e-14,2.116942047e-13,1.154183357e-13,3.60733581e-13,2.198851656e-13,6.082477797e-14,7.315705502e-14,1.676163788e-13,3.90217337e-13,4.89941523e-13,3.06591962e-13,2.929991223e-13,1.285256641e-13,5.628273728e-13,1.310520896e-13,3.284719361e-14,5.37839915e-14,1.759681119e-13,4.776502055e-14,7.605131388e-14,1.942498659e-13,3.157980878e-13,1.461565006e-13,8.390714988e-14,2.84903243e-13,8.486788077e-14
3.359375,3.77161785e-13,9.314114174e-14,2.550984182e-13,1.525230017e-13,4.46308355e-13,1.277967998e-13,7.351621906e-14,2.115445354e-13,1.150573848e-13,3.564374276e-13,2.198770956e-13,6.095009732e-14,7.287500309e-14,1.675968906e-13,3.865755856e-13,4.852128197e-13,3.018856877e-13,2.926360985e-13,1.27761693e-13,5.634890998e-13,1.30205627e-13,3.268478936e-14,5.393655382e-14,1.754635769e-13,4.742494864e-14,7.53468036e-14,1.940937765e-13,3.113364378e-13,1.470936468e-13,8.297342883e-14,2.845118657e-13,8.470343495e-14
3.3671875,3.750832864e-13,9.30516488e-14,2.569616357e-13,1.537815154e-13,4.475763021e-13,1.267032668e-13,7.272085475e-14,2.113777192e-13,1.146921008e-13,3.519597589e-13,2.198840607e-13,6.116016905e-14,7.256184084e-14,1.677641683e-13,3.82893525e-13,4.803716483e-13,2.970845194e-13,2.922548282e-13,1.271325735e-13,5.639744879e-13,1.294001726e-13,3.256742989e-14,5.409752732e-14,1.748447917e-13,4.706836134e-14,7.467012868e-14,1.93909002e-13,3.070687911e-13,1.480149151e-13,8.20614933e-14,2.842719723e-13,8.453642065e-14
3.375,3.73289919e-13,9.311661219e-14,2.589686394e-13,1.551299631e-13,4.489726397e-13,1.257781491e-13,7.194814776e-14,2.111665586e-13,1.142909825e-13,3.474278258e-13,2.199097365e-13,6.143166188e-14,7.226152425e-14,1.680063754e-13,3.792947536e-13,4.755466596e-13,2.92392602e-13,2.919258464e-13,1.265376519e-13,5.643603674e-13,1.286054166e-13,3.245535885e-14,5.422456367e-14,1.74250644e-13,4.669172575e-14,7.401359097e-14,1.93673593e-13,3.029210815e-13,1.488820163e-13,8.115043751e-14,2.84028119e-13,8.435394864e-14
3.3828125,3.713913253e-13,9.319063857e-14,2.611552768e-13,1.564979068e-13,4.501341354e-13,1.248588089e-13,7.118578825e-14,2.108822651e-13,1.138424949e-13,3.428894496e-13,2.200350749e-13,6.169175854e-14,7.205066179e-14,1.682773572e-13,3.75877792e-13,4.708296765e-13,2.879458888e-13,2.915261365e-13,1.259088174e-13,5.646209565e-13,1.277613725e-13,3.230564074e-14,5.433243413e-14,1.736772364e-13,4.633858552e-14,7.337603925e-14,1.93492888e-13,2.987255006e-13,1.499219106e-13,8.022558823e-14,2.838157485e-13,8.41044959e-14
3.390625,3.693727494e-13,9.321988028e-14,2.635192603e-13,1.579659741e-13,4.510560135e-13,1.23932058e-13,7.042173277e-14,2.105598868e-13,1.133489174e-13,3.383016739e-13,2.203206005e-13,6.19120117e-14,7.184349105e-14,1.685726165e-13,3.726497629e-13,4.662589037e-13,2.83718146e-13,2.910734251e-13,1.252975573e-13,5.648084505e-13,1.268385079e-13,3.214434716e-14,5.444373591e-14,1.730020798e-13,4.602286879e-14,7.279291587e-14,1.934186434e-13,2.94481133e-13,1.51157168e-13,7.931999699e-14,2.837115232e-13,8.382806817e-14
3.3984375,3.675432283e-13,9.318690229e-14,2.66052752e-13,1.595772401e-13,4.52085449e-13,1.2312383e-13,6.966222104e-14,2.102159988e-13,1.128285643e-13,3.336806131e-13,2.207872168e-13,6.213508015e-14,7.158068074e-14,1.688964172e-13,3.694710557e-13,4.617365741e-13,2.79635733e-13,2.907097851e-13,1.247432732e-13,5.649002631e-13,1.258866496e-13,3.199146928e-14,5.454657676e-14,1.723232735e-13,4.571158871e-14,7.226074541e-14,1.93300132e-13,2.903050836e-13,1.523043451e-13,7.847510668e-14,2.835888455e-13,8.352574608e-14
3.40625,3.65927696e-13,9.329953707e-14,2.688378771e-13,1.612684195e-13,4.532793777e-13,1.224075658e-13,6.891345906e-14,2.098326988e-13,1.123278914e-13,3.29049505e-13,2.213791021e-13,6.241658831e-14,7.136160413e-14,1.693479776e-13,3.66266082e-13,4.571345441e-13,2.755829455e-13,2.90348615e-13,1.242790009e-13,5.648519578e-13,1.249963299e-13,3.185175282e-14,5.464490846e-14,1.717398315e-13,4.538181124e-14,7.173739533e-14,1.930994612e-13,2.86311354e-13,1.533721012e-13,7.769045796e-14,2.834596075e-13,8.31568695e-14
3.4140625,3.642650281e-13,9.363527684e-14,2.71911089e-13,1.629822467e-13,4.543392435e-13,1.216898111e-13,6.81737673e-14,2.094258447e-13,1.118327811e-13,3.243772345e-13,2.220466825e-13,6.272391648e-14,7.12062346e-14,1.699316788e-13,3.6313203e-13,4.524841426e-13,2.714814528e-13,2.89856591e-13,1.238768428e-13,5.647149487e-13,1.241702581e-13,3.171603872e-14,5.474768634e-14,1.710881346e-13,4.504787113e-14,7.126074517e-14,1.929871097e-13,2.824554346e-13,1.546267746e-13,7.696516616e-14,2.834859453e-13,8.275685391e-14
3.421875,3.624134767e-13,9.39519917e-14,2.752335436e-13,1.64620456e-13,4.550671749e-13,1.209415488e-13,6.744186208e-14,2.089926518e-13,1.112682712e-13,3.196614077e-13,2.228769893e-13,6.299824323e-14,7.102840879e-14,1.70518283e-13,3.601785926e-13,4.479087742e-13,2.674675223e-13,2.893127761e-13,1.234544254e-13,5.64452761e-13,1.2332937e-13,3.155339208e-14,5.485147306e-14,1.702953523e-13,4.474387183e-14,7.087880255e-14,1.929710034e-13,2.785666255e-13,1.560544774e-13,7.629827677e-14,2.836503724e-13,8.236042596e-14
3.4296875,3.605525684e-13,9.428221272e-14,2.788028781e-13,1.661998206e-13,4.55628572e-13,1.202142253e-13,6.673207929e-14,2.08485359e-13,1.106315484e-13,3.149234055e-13,2.239554407e-13,6.327839473e-14,7.085055984e-14,1.711575112e-13,3.575325509e-13,4.435359448e-13,2.637933488e-13,2.888565471e-13,1.230841082e-13,5.640995776e-13,1.22461328e-13,3.138192359e-14,5.498045107e-14,1.695012106e-13,4.44939439e-14,7.054057834e-14,1.929118542e-13,2.746411335e-13,1.575034448e-13,7.565500265e-14,2.839137195e-13,8.19403646e-14
3.4375,3.588514563e-13,9.479047742e-14,2.826362106e-13,1.679295706e-13,4.562912666e-13,1.196204356e-13,6.604847306e-14,2.079009972e-13,1.099752928e-13,3.1014473e-13,2.252380156e-13,6.360062228e-14,7.075345784e-14,1.719986049e-13,3.552061078e-13,4.393583127e-13,2.604370304e-13,2.885428661e-13,1.228683018e-13,5.638349746e-13,1.216061667e-13,3.124311842e-14,5.513499097e-14,1.687273005e-13,4.428218039e-14,7.020862342e-14,1.928675912e-13,2.708121e-13,1.59030024e-13,7.501933042e-14,2.843231241e-13,8.147754882e-14
3.4453125,3.571949815e-13,9.528302309e-14,2.867694009e-13,1.698580205e-13,4.570233453e-13,1.191934517e-13,6.536595569e-14,2.072869867e-13,1.093086742e-13,3.053325617e-13,2.267176476e-13,6.393647307e-14,7.072594448e-14,1.730319122e-13,3.529790997e-13,4.351597803e-13,2.571603647e-13,2.883144896e-13,1.227125402e-13,5.634943049e-13,1.207575009e-13,3.111351383e-14,5.525159106e-14,1.679114391e-13,4.407293867e-14,6.990524361e-14,1.929373503e-13,2.671102111e-13,1.607099918e-13,7.442365482e-14,2.84840458e-13,8.09736676e-14
3.453125,3.555140637e-13,9.571291733e-14,2.912477553e-13,1.718049348e-13,4.576845008e-13,1.188688008e-13,6.469488441e-14,2.066876739e-13,1.086507156e-13,3.005630422e-13,2.284189373e-13,6.432959807e-14,7.072724711e-14,1.742651798e-13,3.508554536e-13,4.309395088e-13,2.539924629e-13,2.88087271e-13,1.225607707e-13,5.628234477e-13,1.199295776e-13,3.097768378e-14,5.531870344e-14,1.671052258e-13,4.387611661e-14,6.962670865e-14,1.930135209e-13,2.635383342e-13,1.62458751e-13,7.388370875e-14,2.85461772e-13,8.045096731e-14
3.4609375,3.538777233e-13,9.627649997e-14,2.960026512e-13,1.737203997e-13,4.583944134e-13,1.186323827e-13,6.407493179e-14,2.061228918e-13,1.080504293e-13,2.958743804e-13,2.302215874e-13,6.484141802e-14,7.080733125e-14,1.757907993e-13,3.490895243e-13,4.270189287e-13,2.511204415e-13,2.879079492e-13,1.225084245e-13,5.621415463e-13,1.191732083e-13,3.087578753e-14,5.540116578e-14,1.663349355e-13,4.373430645e-14,6.937689827e-14,1.93051181e-13,2.601103218e-13,1.641757717e-13,7.337516826e-14,2.862278337e-13,7.994608558e-14
3.46875,3.522114117e-13,9.686437988e-14,3.009315961e-13,1.757443332e-13,4.591973079e-13,1.184981263e-13,6.34706615e-14,2.055409499e-13,1.074615344e-13,2.91200813e-13,2.320807714e-13,6.539526523e-14,7.105973451e-14,1.775260352e-13,3.475947505e-13,4.234214907e-13,2.485084015e-13,2.878160009e-13,1.225552334e-13,5.617068535e-13,1.184487069e-13,3.080177214e-14,5.552071328e-14,1.655445822e-13,4.36371823e-14,6.91862221e-14,1.931872944e-13,2.567413403e-13,1.658971958e-13,7.288627452e-14,2.870405024e-13,7.943426702e-14
3.4765625,3.504760769e-13,9.737167126e-14,3.061007389e-13,1.778918409e-13,4.597697105e-13,1.184118278e-13,6.28286765e-14,2.048579801e-13,1.067593882e-13,2.864481454e-13,2.342084023e-13,6.588623335e-14,7.141287463e-14,1.792596684e-13,3.461815958e-13,4.198582455e-13,2.460939233e-13,2.876629749e-13,1.226111637e-13,5.611341975e-13,1.17666966e-13,3.070300803e-14,5.565527028e-14,1.647323113e-13,4.35323746e-14,6.905132157e-14,1.934557062e-13,2.533318365e-13,1.677958044e-13,7.244214166e-14,2.878906626e-13,7.885826561e-14
3.484375,3.488281449e-13,9.798391638e-14,3.116808143e-13,1.79950441e-13,4.60008125e-13,1.183509717e-13,6.220140383e-14,2.040940639e-13,1.05939884e-13,2.81597493e-13,2.367179592e-13,6.632411955e-14,7.164964637e-14,1.809857634e-13,3.449951996e-13,4.162525609e-13,2.438984005e-13,2.873679261e-13,1.226661092e-13,5.602475448e-13,1.168527043e-13,3.058574701e-14,5.579504564e-14,1.639065921e-13,4.341633836e-14,6.896515697e-14,1.937621385e-13,2.498730715e-13,1.699594889e-13,7.207060168e-14,2.88976427e-13,7.823702562e-14
3.4921875,3.473763985e-13,9.874202025e-14,3.177519209e-13,1.818476239e-13,4.603430947e-13,1.184232549e-13,6.164398907e-14,2.033328207e-13,1.051425517e-13,2.767360344e-13,2.394674187e-13,6.679676633e-14,7.17747856e-14,1.829530994e-13,3.440644222e-13,4.126133657e-13,2.418558406e-13,2.871323919e-13,1.227848202e-13,5.59395882e-13,1.161179592e-13,3.0508716e-14,5.592087681e-14,1.630380607e-13,4.333013884e-14,6.891947978e-14,1.940391372e-13,2.46477443e-13,1.722519587e-13,7.176535226e-14,2.903411895e-13,7.762035162e-14
3.5,3.461148651e-13,9.954822399e-14,3.24176346e-13,1.838134177e-13,4.609924349e-13,1.186817241e-13,6.111212627e-14,2.02572081e-13,1.044351119e-13,2.719555634e-13,2.423259592e-13,6.73636209e-14,7.202899566e-14,1.852879466e-13,3.431870216e-13,4.088597301e-13,2.399432854e-13,2.871163168e-13,1.230338876e-13,5.586898593e-13,1.154971656e-13,3.048462742e-14,5.602570898e-14,1.621610327e-13,4.328179906e-14,6.886978304e-14,1.942282645e-13,2.433016192e-13,1.745525891e-13,7.1488872e-14,2.91815217e-13,7.700458801e-14
3.5078125,3.448994729e-13,1.004113037e-13,3.307175286e-13,1.859559343e-13,4.615785559e-13,1.189940619e-13,6.057953746e-14,2.017580789e-13,1.037282749e-13,2.672177617e-13,2.452645017e-13,6.796664295e-14,7.246466709e-14,1.877564209e-13,3.424162473e-13,4.051404528e-13,2.382158961e-13,2.871375959e-13,1.233888779e-13,5.580199372e-13,1.148963439e-13,3.046054837e-14,5.613501042e-14,1.613371363e-13,4.324161562e-14,6.882277087e-14,1.94359909e-13,2.402530103e-13,1.769018957e-13,7.120736145e-14,2.932992707e-13,7.636978839e-14
3.515625,3.435097294e-13,1.012884195e-13,3.374424844e-13,1.881702222e-13,4.618285888e-13,1.19327891e-13,6.008437516e-14,2.008826691e-13,1.029401954e-13,2.624282046e-13,2.4835696e-13,6.852688253e-14,7.294672479e-14,1.901522695e-13,3.419909541e-13,4.018064039e-13,2.367205985e-13,2.869964719e-13,1.237634271e-13,5.574595676e-13,1.142218882e-13,3.04109058e-14,5.624853238e-14,1.605408059e-13,4.32056258e-14,6.883956998e-14,1.946187581e-13,2.370804898e-13,1.793484037e-13,7.092483485e-14,2.94821951e-13,7.570766586e-14
3.5234375,3.419849208e-13,1.020766674e-13,3.446602257e-13,1.904917184e-13,4.618970054e-13,1.198388161e-13,5.963697191e-14,1.999641354e-13,1.020904306e-13,2.575993932e-13,2.517531796e-13,6.908285224e-14,7.346047962e-14,1.925986294e-13,3.420118635e-13,3.989665977e-13,2.355805882e-13,2.867984002e-13,1.241653744e-13,5.569351775e-13,1.134922185e-13,3.036939589e-14,5.635417577e-14,1.597105376e-13,4.321013464e-14,6.891454727e-14,1.950870915e-13,2.338427146e-13,1.819134755e-13,7.068062316e-14,2.964512635e-13,7.500919292e-14
3.53125,3.40518388e-13,1.02816042e-13,3.523449531e-13,1.929288116e-13,4.618977166e-13,1.205084929e-13,5.922059094e-14,1.990304422e-13,1.012183483e-13,2.527834469e-13,2.554573997e-13,6.966203521e-14,7.404526488e-14,1.952222411e-13,3.424287255e-13,3.963743867e-13,2.347898721e-13,2.866574229e-13,1.246525804e-13,5.562375817e-13,1.127771349e-13,3.034722224e-14,5.647135179e-14,1.588341108e-13,4.326858456e-14,6.901670634e-14,1.956133257e-13,2.307599351e-13,1.845869956e-13,7.050128627e-14,2.982470697e-13,7.42878362e-14
3.5390625,3.390966735e-13,1.03688183e-13,3.602539753e-13,1.953161012e-13,4.618310126e-13,1.212173354e-13,5.882797597e-14,1.981255542e-13,1.003491898e-13,2.47973555e-13,2.593846942e-13,7.022960567e-14,7.46875684e-14,1.979930744e-13,3.431222003e-13,3.938431106e-13,2.341703959e-13,2.865179819e-13,1.252172841e-13,5.555735706e-13,1.121333751e-13,3.032869533e-14,5.659271129e-14,1.579628428e-13,4.335145593e-14,6.916881323e-14,1.960794261e-13,2.278233179e-13,1.87302507e-13,7.036952631e-14,3.002175236e-13,7.357141108e-14
3.546875,3.376740585e-13,1.04771198e-13,3.684514716e-13,1.977322088e-13,4.617711691e-13,1.220654378e-13,5.845678348e-14,1.972650846e-13,9.95093962e-14,2.431988706e-13,2.635581073e-13,7.084204799e-14,7.542331147e-14,2.008905478e-13,3.440630985e-13,3.915643147e-13,2.337987141e-13,2.864052334e-13,1.258438385e-13,5.55262257e-13,1.11601317e-13,3.032131187e-14,5.668293202e-14,1.571766688e-13,4.345834915e-14,6.93831677e-14,1.965680139e-13,2.249811506e-13,1.900997074e-13,7.025382873e-14,3.022830344e-13,7.285998351e-14
3.5546875,3.363151579e-13,1.058896295e-13,3.770293816e-13,2.00354395e-13,4.616863075e-13,1.231078091e-13,5.813323022e-14,1.964219298e-13,9.868931704e-14,2.385140107e-13,2.679177118e-13,7.154225194e-14,7.627484744e-14,2.038689737e-13,3.453116152e-13,3.896786671e-13,2.338035555e-13,2.863516995e-13,1.265251765e-13,5.550695629e-13,1.11123544e-13,3.032366242e-14,5.676342513e-14,1.564667648e-13,4.362648136e-14,6.964248524e-14,1.971782274e-13,2.2225577e-13,1.93070631e-13,7.013888137e-14,3.043380243e-13,7.214353424e-14
3.5625,3.34986967e-13,1.069175468e-13,3.858433893e-13,2.030217285e-13,4.614520405e-13,1.242280395e-13,5.78812964e-14,1.955561449e-13,9.785451318e-14,2.338713321e-13,2.723578202e-13,7.22475995e-14,7.719743444e-14,2.069309425e-13,3.468419673e-13,3.879330126e-13,2.339889962e-13,2.862523494e-13,1.272438139e-13,5.546094386e-13,1.105729987e-13,3.033219179e-14,5.687926281e-14,1.557212011e-13,4.385167372e-14,6.993140037e-14,1.97861374e-13,2.19563447e-13,1.961538035e-13,7.002371557e-14,3.064546627e-13,7.143214215e-14
3.5703125,3.335524641e-13,1.079472027e-13,3.949611899e-13,2.056483495e-13,4.610641535e-13,1.254726932e-13,5.767011309e-14,1.946277324e-13,9.699641838e-14,2.292140279e-13,2.770309058e-13,7.294808115e-14,7.820929111e-14,2.102004593e-13,3.486381221e-13,3.862118325e-13,2.342604202e-13,2.860814158e-13,1.280147454e-13,5.539967427e-13,1.099561312e-13,3.03751408e-14,5.701779456e-14,1.549155402e-13,4.410034739e-14,7.023500878e-14,1.985414936e-13,2.168201006e-13,1.993447412e-13,6.992607322e-14,3.088385045e-13,7.073558994e-14
3.578125,3.319690708e-13,1.089917571e-13,4.046482353e-13,2.083709385e-13,4.605924048e-13,1.269109645e-13,5.748447038e-14,1.936377663e-13,9.611738363e-14,2.246024521e-13,2.820881729e-13,7.370751934e-14,7.934292538e-14,2.136677242e-13,3.507398494e-13,3.847226839e-13,2.347701435e-13,2.85902441e-13,1.288401618e-13,5.535231643e-13,1.093887294e-13,3.044936405e-14,5.714874436e-14,1.541571184e-13,4.437237776e-14,7.057450423e-14,1.992574175e-13,2.140827872e-13,2.027715259e-13,6.987686904e-14,3.114747378e-13,7.005826158e-14
3.5859375,3.304394972e-13,1.100406664e-13,4.149370076e-13,2.110177882e-13,4.601896278e-13,1.284269866e-13,5.736085383e-14,1.92650784e-13,9.522964185e-14,2.201111198e-13,2.874479374e-13,7.449896905e-14,8.055881088e-14,2.173183315e-13,3.53117925e-13,3.835012227e-13,2.355944638e-13,2.857982921e-13,1.297004579e-13,5.532049384e-13,1.088970969e-13,3.052572831e-14,5.728603579e-14,1.534862535e-13,4.468076568e-14,7.09764943e-14,2.000720355e-13,2.114627772e-13,2.063780874e-13,6.988998686e-14,3.142232623e-13,6.941673046e-14
3.59375,3.291931578e-13,1.112131718e-13,4.258236946e-13,2.134747609e-13,4.599946337e-13,1.300700181e-13,5.730654204e-14,1.917010885e-13,9.436806313e-14,2.157224313e-13,2.931314081e-13,7.53097908e-14,8.18869299e-14,2.213690429e-13,3.558716354e-13,3.825029297e-13,2.368047351e-13,2.859419959e-13,1.306353656e-13,5.52979381e-13,1.084505245e-13,3.062807882e-14,5.745926169e-14,1.528117489e-13,4.503935776e-14,7.140202578e-14,2.009916787e-13,2.090446325e-13,2.10058486e-13,6.996503129e-14,3.171995201e-13,6.881236386e-14
3.6015625,3.280420724e-13,1.124252197e-13,4.373550926e-13,2.161548086e-13,4.598193837e-13,1.320264286e-13,5.729985564e-14,1.90729415e-13,9.352263889e-14,2.113559149e-13,2.992403374e-13,7.618197948e-14,8.339325604e-14,2.257875931e-13,3.592038849e-13,3.818251588e-13,2.383860869e-13,2.863118713e-13,1.316622362e-13,5.528309594e-13,1.080440323e-13,3.076993445e-14,5.765685442e-14,1.520570944e-13,4.546904858e-14,7.184377219e-14,2.020142247e-13,2.067759227e-13,2.139238366e-13,7.009947601e-14,3.205091247e-13,6.820774805e-14
3.609375,3.266782704e-13,1.134968527e-13,4.492209038e-13,2.191500551e-13,4.594231951e-13,1.341725064e-13,5.73417726e-14,1.896766917e-13,9.263449511e-14,2.069747898e-13,3.056104976e-13,7.707835942e-14,8.497957782e-14,2.302201793e-13,3.629902657e-13,3.813656413e-13,2.40098166e-13,2.866349359e-13,1.327129962e-13,5.526897186e-13,1.076369959e-13,3.090448144e-14,5.783255643e-14,1.512418459e-13,4.595131861e-14,7.236901293e-14,2.030961191e-13,2.044936167e-13,2.180364647e-13,7.025751487e-14,3.239066635e-13,6.75796457e-14
3.6171875,3.252296928e-13,1.146032576e-13,4.61119879e-13,2.219932517e-13,4.589187033e-13,1.362725823e-13,5.743938463e-14,1.885765177e-13,9.170812995e-14,2.02670428e-13,3.120489823e-13,7.796856751e-14,8.654084655e-14,2.346915961e-13,3.670182378e-13,3.809900315e-13,2.419480545e-13,2.86909844e-13,1.337795565e-13,5.525919819e-13,1.07196623e-13,3.102801148e-14,5.797865833e-14,1.504187465e-13,4.646111583e-14,7.296812526e-14,2.041839409e-13,2.021867953e-13,2.223327906e-13,7.039691724e-14,3.272339835e-13,6.696429715e-14
3.625,3.238857957e-13,1.158945442e-13,4.734238361e-13,2.246599137e-13,4.584244603e-13,1.384252716e-13,5.760242388e-14,1.875098348e-13,9.079701354e-14,1.985261868e-13,3.187216241e-13,7.890793006e-14,8.816555468e-14,2.394925522e-13,3.714667561e-13,3.809641477e-13,2.442635863e-13,2.873637463e-13,1.34912306e-13,5.527199959e-13,1.067799989e-13,3.11890011e-14,5.815013406e-14,1.49609323e-13,4.704340259e-14,7.358582966e-14,2.053404473e-13,1.999538764e-13,2.2686244e-13,7.055794743e-14,3.307331805e-13,6.641019349e-14
3.6328125,3.226054631e-13,1.17097855e-13,4.865616358e-13,2.274456975e-13,4.579108443e-13,1.408719761e-13,5.784896694e-14,1.864907186e-13,8.98962488e-14,1.944703431e-13,3.258809735e-13,7.990086058e-14,8.991469398e-14,2.445941467e-13,3.765279467e-13,3.814780338e-13,2.47124246e-13,2.880330657e-13,1.360937335e-13,5.530958008e-13,1.06438095e-13,3.139313365e-14,5.838211315e-14,1.488175032e-13,4.773178966e-14,7.426121472e-14,2.066050192e-13,1.977573087e-13,2.316646525e-13,7.080374236e-14,3.345732071e-13,6.591265422e-14
3.640625,3.21463303e-13,1.180868836e-13,5.002725552e-13,2.302313102e-13,4.575131111e-13,1.436387962e-13,5.818316527e-14,1.854337091e-13,8.898746797e-14,1.904566055e-13,3.3342628e-13,8.091826433e-14,9.173246686e-14,2.499156398e-13,3.820840194e-13,3.822836908e-13,2.503639295e-13,2.889007799e-13,1.373375176e-13,5.535145962e-13,1.061474738e-13,3.162449193e-14,5.863906542e-14,1.480369565e-13,4.848673301e-14,7.500229705e-14,2.078843952e-13,1.955812181e-13,2.366511965e-13,7.109088596e-14,3.38578399e-13,6.541889194e-14
3.6484375,3.204075197e-13,1.191730026e-13,5.142261238e-13,2.329271631e-13,4.572499298e-13,1.465819404e-13,5.860015779e-14,1.842773104e-13,8.809151526e-14,1.865649899e-13,3.411257715e-13,8.198795229e-14,9.36613973e-14,2.555442628e-13,3.880378174e-13,3.832390513e-13,2.539054368e-13,2.899342785e-13,1.387207113e-13,5.537951025e-13,1.058700541e-13,3.188839605e-14,5.887545961e-14,1.472305092e-13,4.929365445e-14,7.571032175e-14,2.0918457e-13,1.935335908e-13,2.418107438e-13,7.13592165e-14,3.426287501e-13,6.489232397e-14
3.65625,3.190535185e-13,1.204369482e-13,5.285517912e-13,2.356495231e-13,4.567547542e-13,1.495426342e-13,5.908901833e-14,1.830931717e-13,8.718439554e-14,1.827982456e-13,3.490353589e-13,8.307226865e-14,9.571510282e-14,2.613432601e-13,3.943469908e-13,3.844812586e-13,2.576807738e-13,2.909167531e-13,1.401582767e-13,5.539625834e-13,1.055831264e-13,3.216598703e-14,5.90946787e-14,1.464095929e-13,5.016819962e-14,7.638549306e-14,2.106053515e-13,1.915319918e-13,2.472327775e-13,7.165252325e-14,3.468593718e-13,6.436431771e-14
3.6640625,3.174082447e-13,1.215860016e-13,5.433570281e-13,2.382395813e-13,4.558857572e-13,1.524635867e-13,5.96410271e-14,1.819861068e-13,8.622909008e-14,1.790912402e-13,3.572464714e-13,8.409185111e-14,9.774819628e-14,2.670974788e-13,4.0091191e-13,3.860460473e-13,2.616011153e-13,2.917746958e-13,1.414844335e-13,5.542255983e-13,1.053075525e-13,3.243051047e-14,5.933251556e-14,1.456869088e-13,5.108994822e-14,7.714503985e-14,2.12109585e-13,1.893895078e-13,2.529591689e-13,7.199798629e-14,3.513540303e-13,6.389497327e-14
3.671875,3.159423582e-13,1.226925077e-13,5.586076577e-13,2.407175309e-13,4.550034371e-13,1.555395965e-13,6.028299585e-14,1.809430111e-13,8.529114666e-14,1.754752083e-13,3.656059098e-13,8.514816084e-14,9.981682803e-14,2.729595679e-13,4.078398978e-13,3.879378717e-13,2.657473144e-13,2.927271603e-13,1.427918406e-13,5.547331231e-13,1.051143108e-13,3.270996917e-14,5.960589187e-14,1.450977881e-13,5.205633248e-14,7.800497895e-14,2.13646082e-13,1.87281804e-13,2.589572384e-13,7.23357195e-14,3.559912327e-13,6.348423017e-14
3.6796875,3.147051045e-13,1.240785368e-13,5.743747262e-13,2.434901564e-13,4.543107369e-13,1.590130426e-13,6.103912479e-14,1.798638397e-13,8.442349408e-14,1.719831501e-13,3.740563976e-13,8.636883496e-14,1.021349544e-13,2.79118093e-13,4.153219798e-13,3.902382345e-13,2.702776292e-13,2.938453777e-13,1.442569307e-13,5.554168987e-13,1.05002585e-13,3.302985157e-14,5.988888747e-14,1.444958222e-13,5.308909084e-14,7.888594942e-14,2.152474466e-13,1.855023922e-13,2.65141471e-13,7.264673587e-14,3.60618424e-13,6.307962072e-14
3.6875,3.133326394e-13,1.255329103e-13,5.906460265e-13,2.46482054e-13,4.536204293e-13,1.627817384e-13,6.189904053e-14,1.787000517e-13,8.355677738e-14,1.685861932e-13,3.827478207e-13,8.76435186e-14,1.046123804e-13,2.855213028e-13,4.232765778e-13,3.928642513e-13,2.752022822e-13,2.950066589e-13,1.457883316e-13,5.561587569e-13,1.048792311e-13,3.336471594e-14,6.015455287e-14,1.437780134e-13,5.418207125e-14,7.97655525e-14,2.168926841e-13,1.838961764e-13,2.714655938e-13,7.297032417e-14,3.652789328e-13,6.266284217e-14
3.6953125,3.117938647e-13,1.266975619e-13,6.074419401e-13,2.492533192e-13,4.528921095e-13,1.666563236e-13,6.287630676e-14,1.775010926e-13,8.265610918e-14,1.652827596e-13,3.917651788e-13,8.88763491e-14,1.071026859e-13,2.922802081e-13,4.316343536e-13,3.957166556e-13,2.804822141e-13,2.962794192e-13,1.472671194e-13,5.569155153e-13,1.047259765e-13,3.372180018e-14,6.042111247e-14,1.430354495e-13,5.535858138e-14,8.06614679e-14,2.186254189e-13,1.821427196e-13,2.78007866e-13,7.332615275e-14,3.702669327e-13,6.22607714e-14
3.703125,3.103378505e-13,1.276906788e-13,6.24991996e-13,2.518391562e-13,4.522691649e-13,1.707471905e-13,6.398114994e-14,1.763170558e-13,8.176869737e-14,1.62054497e-13,4.011215707e-13,9.016538091e-14,1.097147107e-13,2.995283669e-13,4.404878752e-13,3.988904267e-13,2.861223867e-13,2.977942975e-13,1.487692796e-13,5.576974624e-13,1.045933106e-13,3.413720871e-14,6.071550449e-14,1.423706135e-13,5.665065334e-14,8.157203174e-14,2.205788178e-13,1.802582693e-13,2.848310547e-13,7.372581096e-14,3.757329582e-13,6.189554845e-14
3.7109375,3.089337936e-13,1.286395354e-13,6.43155489e-13,2.544667502e-13,4.516420494e-13,1.751031704e-13,6.51591062e-14,1.751114754e-13,8.088530331e-14,1.588659369e-13,4.107380457e-13,9.151544927e-14,1.124320343e-13,3.069356244e-13,4.497240462e-13,4.023518894e-13,2.9199233e-13,2.993917559e-13,1.503034445e-13,5.585905786e-13,1.044687721e-13,3.457866029e-14,6.102515397e-14,1.417417257e-13,5.800044743e-14,8.250803276e-14,2.22670669e-13,1.783853818e-13,2.918648272e-13,7.415863531e-14,3.813807655e-13,6.156820053e-14
3.71875,3.073458757e-13,1.295726037e-13,6.614911835e-13,2.571008503e-13,4.508782945e-13,1.795440802e-13,6.637887775e-14,1.738425508e-13,7.999153976e-14,1.557794578e-13,4.204656599e-13,9.286291138e-14,1.151406463e-13,3.142692835e-13,4.591927033e-13,4.059417961e-13,2.979548043e-13,3.009266767e-13,1.518038952e-13,5.596229274e-13,1.04364966e-13,3.500908796e-14,6.132722094e-14,1.41073795e-13,5.936020899e-14,8.348926596e-14,2.247177894e-13,1.765827792e-13,2.990553114e-13,7.458510952e-14,3.869693207e-13,6.126049339e-14
3.7265625,3.056755819e-13,1.307415528e-13,6.800928683e-13,2.596789495e-13,4.501717934e-13,1.84073478e-13,6.767679609e-14,1.725586369e-13,7.914920396e-14,1.528740859e-13,4.303797086e-13,9.429525037e-14,1.179577817e-13,3.21867796e-13,4.69020105e-13,4.097319022e-13,3.041600003e-13,3.025997013e-13,1.533555554e-13,5.606651549e-13,1.043645756e-13,3.546671988e-14,6.161903328e-14,1.403987678e-13,6.077736858e-14,8.45056202e-14,2.267779091e-13,1.749724558e-13,3.064555202e-13,7.502245812e-14,3.926244776e-13,6.095972203e-14
3.734375,3.043050481e-13,1.32146628e-13,6.992495465e-13,2.621796227e-13,4.496159666e-13,1.8877561e-13,6.90689464e-14,1.713105131e-13,7.837099026e-14,1.501214412e-13,4.406060685e-13,9.581510547e-14,1.208976902e-13,3.298984198e-13,4.792794815e-13,4.138255343e-13,3.107294143e-13,3.045104662e-13,1.550172685e-13,5.617577794e-13,1.044361261e-13,3.597200908e-14,6.190334893e-14,1.397852168e-13,6.227098517e-14,8.555005946e-14,2.289666686e-13,1.735876035e-13,3.141017316e-13,7.551553693e-14,3.983845846e-13,6.069645548e-14
3.7421875,3.032145243e-13,1.334066915e-13,7.188400976e-13,2.645933884e-13,4.49050558e-13,1.935595352e-13,7.053668421e-14,1.700570553e-13,7.759342717e-14,1.474616856e-13,4.510196448e-13,9.728802186e-14,1.237921741e-13,3.381086639e-13,4.898939092e-13,4.181606652e-13,3.174889089e-13,3.064501166e-13,1.566689451e-13,5.631975874e-13,1.044588738e-13,3.649434586e-14,6.219734376e-14,1.392018229e-13,6.380821699e-14,8.665498677e-14,2.312479621e-13,1.722023052e-13,3.219791338e-13,7.603839634e-14,4.041912361e-13,6.049559632e-14
3.75,3.020132936e-13,1.344047119e-13,7.38829856e-13,2.670306071e-13,4.485327887e-13,1.984708402e-13,7.206945527e-14,1.687330637e-13,7.679811898e-14,1.44882162e-13,4.615993937e-13,9.877438088e-14,1.267283901e-13,3.464772342e-13,5.008699662e-13,4.227032556e-13,3.243780836e-13,3.084363595e-13,1.582569544e-13,5.648864482e-13,1.044420492e-13,3.702850128e-14,6.254137106e-14,1.385716441e-13,6.539412315e-14,8.782942297e-14,2.336080107e-13,1.706933781e-13,3.300915671e-13,7.655811411e-14,4.101931184e-13,6.030812008e-14
3.7578125,3.006982167e-13,1.353409463e-13,7.593768318e-13,2.695235976e-13,4.481676972e-13,2.036689234e-13,7.367249509e-14,1.673338828e-13,7.6008074e-14,1.424020162e-13,4.725118006e-13,1.00406558e-13,1.298638598e-13,3.551465633e-13,5.121716115e-13,4.274099477e-13,3.315651225e-13,3.106923996e-13,1.598886296e-13,5.662005469e-13,1.044817629e-13,3.758568531e-14,6.294636046e-14,1.379053155e-13,6.705175025e-14,8.902418201e-14,2.360969636e-13,1.692583845e-13,3.384737143e-13,7.710114917e-14,4.164774682e-13,6.008781762e-14
3.765625,2.994740703e-13,1.363568132e-13,7.803913227e-13,2.718549681e-13,4.476859148e-13,2.090364558e-13,7.536338523e-14,1.65917482e-13,7.523010899e-14,1.400256198e-13,4.836960775e-13,1.02101799e-13,1.33084661e-13,3.639832272e-13,5.237041589e-13,4.322637543e-13,3.390726619e-13,3.130714697e-13,1.615863006e-13,5.670688008e-13,1.045836353e-13,3.816059686e-14,6.336942483e-14,1.372777711e-13,6.878454622e-14,9.02272907e-14,2.386983083e-13,1.680108059e-13,3.471842298e-13,7.768470005e-14,4.22958025e-13,5.988410081e-14
3.7734375,2.981306801e-13,1.374088011e-13,8.017287657e-13,2.738761956e-13,4.468904511e-13,2.143918839e-13,7.714487111e-14,1.645507334e-13,7.446562432e-14,1.377214708e-13,4.949620124e-13,1.037370458e-13,1.36241838e-13,3.72828852e-13,5.354724665e-13,4.374238606e-13,3.467949231e-13,3.152385229e-13,1.631913859e-13,5.682587537e-13,1.046840698e-13,3.875018058e-14,6.37780548e-14,1.367220986e-13,7.057074195e-14,9.147816404e-14,2.413568862e-13,1.667574876e-13,3.562061229e-13,7.827579707e-14,4.295607081e-13,5.975755234e-14
3.78125,2.965955437e-13,1.383643224e-13,8.234007648e-13,2.757962866e-13,4.459982096e-13,2.198241265e-13,7.90153713e-14,1.632342393e-13,7.371355087e-14,1.355143529e-13,5.062985924e-13,1.0533767e-13,1.393483685e-13,3.818099549e-13,5.475208528e-13,4.429478462e-13,3.547544111e-13,3.172311375e-13,1.646339053e-13,5.699722905e-13,1.047805854e-13,3.935538956e-14,6.418838999e-14,1.361931985e-13,7.237319155e-14,9.275470646e-14,2.440852693e-13,1.653889611e-13,3.654179639e-13,7.883578309e-14,4.361722593e-13,5.968336674e-14
3.7890625,2.952225548e-13,1.393067765e-13,8.454828379e-13,2.778683331e-13,4.45163422e-13,2.254521736e-13,8.100497281e-14,1.619276666e-13,7.297260128e-14,1.335102866e-13,5.177952672e-13,1.070091877e-13,1.425342129e-13,3.911085034e-13,5.599865622e-13,4.487763953e-13,3.630503331e-13,3.193152936e-13,1.66070566e-13,5.716144827e-13,1.049375461e-13,3.997657149e-14,6.462637338e-14,1.356374829e-13,7.421217128e-14,9.40286795e-14,2.469887441e-13,1.640506962e-13,3.748693984e-13,7.937135723e-14,4.427952573e-13,5.963053391e-14
3.796875,2.939670927e-13,1.403835657e-13,8.679888378e-13,2.799450592e-13,4.443327055e-13,2.311776275e-13,8.311033685e-14,1.606404044e-13,7.226024314e-14,1.317166669e-13,5.294340737e-13,1.087918877e-13,1.458895899e-13,4.006382858e-13,5.729565373e-13,4.550148185e-13,3.716538616e-13,3.21547205e-13,1.675717397e-13,5.73319646e-13,1.051390458e-13,4.061600405e-14,6.509917096e-14,1.350963716e-13,7.613997084e-14,9.537311723e-14,2.501291717e-13,1.627694516e-13,3.847211328e-13,7.990580781e-14,4.495943835e-13,5.963607829e-14
3.8046875,2.925579751e-13,1.414264758e-13,8.907011285e-13,2.817602923e-13,4.43541266e-13,2.368846784e-13,8.527550085e-14,1.593626942e-13,7.158432962e-14,1.299929818e-13,5.410890519e-13,1.105799022e-13,1.492804009e-13,4.10173811e-13,5.861528491e-13,4.616244603e-13,3.803893446e-13,3.238328685e-13,1.690046527e-13,5.75633138e-13,1.052941035e-13,4.127448691e-14,6.559690267e-14,1.346240005e-13,7.813157944e-14,9.681082114e-14,2.533867373e-13,1.614062489e-13,3.948462191e-13,8.041107075e-14,4.565113111e-13,5.971369842e-14
3.8125,2.911708392e-13,1.423270545e-13,9.136746141e-13,2.834231524e-13,4.427467807e-13,2.426843277e-13,8.749990147e-14,1.579960339e-13,7.090050964e-14,1.282436359e-13,5.528980195e-13,1.12307603e-13,1.5258948e-13,4.197078859e-13,5.994435339e-13,4.683571541e-13,3.891887484e-13,3.26189412e-13,1.703565952e-13,5.780440882e-13,1.054501327e-13,4.194752724e-14,6.609439369e-14,1.341335499e-13,8.01510908e-14,9.824623312e-14,2.566484297e-13,1.600053826e-13,4.051515561e-13,8.088302516e-14,4.634318018e-13,5.980312136e-14
3.8203125,2.898386157e-13,1.431693983e-13,9.374447695e-13,2.850946216e-13,4.417789821e-13,2.487364406e-13,8.982844981e-14,1.565308403e-13,7.016375258e-14,1.265247719e-13,5.651861976e-13,1.140761906e-13,1.559513147e-13,4.293894485e-13,6.131852179e-13,4.752898732e-13,3.982279999e-13,3.286441265e-13,1.717395047e-13,5.800036859e-13,1.057163159e-13,4.261844905e-14,6.657719114e-14,1.335613729e-13,8.223379e-14,9.96610833e-14,2.600041358e-13,1.586937357e-13,4.158652734e-13,8.140215463e-14,4.70519977e-13,5.987844775e-14
3.828125,2.883086413e-13,1.438443418e-13,9.618011107e-13,2.86620739e-13,4.407420333e-13,2.549613255e-13,9.226713312e-14,1.551047381e-13,6.942342804e-14,1.24957936e-13,5.77661518e-13,1.15921771e-13,1.594129131e-13,4.392476906e-13,6.273798704e-13,4.826114884e-13,4.076183262e-13,3.3110889e-13,1.731280343e-13,5.819970176e-13,1.060087894e-13,4.328827511e-14,6.706560621e-14,1.330319997e-13,8.439588583e-14,1.011003405e-13,2.635070317e-13,1.574072629e-13,4.26890883e-13,8.196442453e-14,4.778441661e-13,5.998434729e-14
3.8359375,2.867041988e-13,1.443952067e-13,9.85895776e-13,2.879386752e-13,4.397434883e-13,2.611960153e-13,9.480612492e-14,1.537627424e-13,6.875047654e-14,1.235846297e-13,5.897258557e-13,1.177595179e-13,1.62805069e-13,4.490932239e-13,6.415258071e-13,4.901231642e-13,4.171487623e-13,3.335344527e-13,1.744292795e-13,5.842642015e-13,1.062149929e-13,4.397744772e-14,6.757962587e-14,1.32612794e-13,8.65964405e-14,1.025379425e-13,2.670082209e-13,1.560605912e-13,4.379040665e-13,8.245737906e-14,4.851845078e-13,6.013939313e-14
3.84375,2.851791922e-13,1.451350924e-13,1.009886426e-12,2.89219984e-13,4.385226066e-13,2.674145086e-13,9.742388044e-14,1.524248235e-13,6.809459642e-14,1.223311351e-13,6.01599521e-13,1.195522829e-13,1.660475648e-13,4.586054032e-13,6.555293283e-13,4.976184602e-13,4.26560049e-13,3.359100364e-13,1.756199654e-13,5.86535808e-13,1.064121696e-13,4.46559177e-14,6.810853926e-14,1.322082024e-13,8.879689232e-14,1.039886152e-13,2.704379678e-13,1.547028573e-13,4.491088542e-13,8.28867802e-14,4.923211557e-13,6.031899702e-14
3.8515625,2.836766106e-13,1.460183876e-13,1.034356406e-12,2.904400509e-13,4.371627312e-13,2.736317046e-13,1.000768327e-13,1.510683698e-13,6.739377888e-14,1.211387352e-13,6.137888998e-13,1.21298894e-13,1.692249059e-13,4.678890916e-13,6.69668621e-13,5.051803983e-13,4.358997779e-13,3.382337057e-13,1.767682366e-13,5.888830109e-13,1.06686087e-13,4.530457401e-14,6.864371053e-14,1.317810993e-13,9.099301948e-14,1.054955915e-13,2.739065648e-13,1.534045425e-13,4.606725293e-13,8.33445763e-14,4.992727368e-13,6.051125178e-14
3.859375,2.823015199e-13,1.467947001e-13,1.059066844e-12,2.914439862e-13,4.361272343e-13,2.798752323e-13,1.027645461e-13,1.496987592e-13,6.670491343e-14,1.200138613e-13,6.261105316e-13,1.230304961e-13,1.724503256e-13,4.774751826e-13,6.839337813e-13,5.128472102e-13,4.453181956e-13,3.405940498e-13,1.779765829e-13,5.912415883e-13,1.069984455e-13,4.599128173e-14,6.918779605e-14,1.313300462e-13,9.321294516e-14,1.069838534e-13,2.774363399e-13,1.521573937e-13,4.722940085e-13,8.381088595e-14,5.063210617e-13,6.072038118e-14
3.8671875,2.809214063e-13,1.474205586e-13,1.08381383e-12,2.923100689e-13,4.351756188e-13,2.861675394e-13,1.055167604e-13,1.483159327e-13,6.605316732e-14,1.189509231e-13,6.382881322e-13,1.247928594e-13,1.75677059e-13,4.872044393e-13,6.981096001e-13,5.205495098e-13,4.547070373e-13,3.429126565e-13,1.791359486e-13,5.934815246e-13,1.072766588e-13,4.67142411e-14,6.972431288e-14,1.308330726e-13,9.545288246e-14,1.084237048e-13,2.809466104e-13,1.508436369e-13,4.840670171e-13,8.422336387e-14,5.135227133e-13,6.095710156e-14
3.875,2.792710655e-13,1.47911718e-13,1.108787897e-12,2.931328895e-13,4.338626117e-13,2.924315359e-13,1.083308573e-13,1.469792528e-13,6.53878993e-14,1.179637424e-13,6.504480586e-13,1.265494428e-13,1.78721492e-13,4.965628342e-13,7.121470116e-13,5.282977959e-13,4.639975836e-13,3.450400117e-13,1.800690167e-13,5.959189007e-13,1.075018601e-13,4.739432944e-14,7.025247452e-14,1.303959296e-13,9.767733608e-14,1.099001477e-13,2.844567192e-13,1.49401098e-13,4.962853264e-13,8.459574417e-14,5.205853044e-13,6.12251532e-14
3.8828125,2.77649065e-13,1.484105866e-13,1.1339856e-12,2.938011934e-13,4.325967909e-13,2.986872363e-13,1.112114077e-13,1.456657504e-13,6.473199248e-14,1.170966048e-13,6.626526721e-13,1.283096414e-13,1.81650455e-13,5.059997947e-13,7.26246218e-13,5.361230202e-13,4.734440221e-13,3.473044659e-13,1.809646589e-13,5.983795659e-13,1.077535071e-13,4.807205379e-14,7.082320403e-14,1.300670168e-13,9.992874328e-14,1.113896947e-13,2.880136166e-13,1.479705729e-13,5.086281342e-13,8.497626581e-14,5.275955782e-13,6.150765795e-14
3.890625,2.761950523e-13,1.490562194e-13,1.15943008e-12,2.942915091e-13,4.315985125e-13,3.0502818e-13,1.14173701e-13,1.442530413e-13,6.411042944e-14,1.163184465e-13,6.747688558e-13,1.301243713e-13,1.846597729e-13,5.15824052e-13,7.405773348e-13,5.440370795e-13,4.830543467e-13,3.499224347e-13,1.819954464e-13,6.004605677e-13,1.080804614e-13,4.878771112e-14,7.145644991e-14,1.296761755e-13,1.022541683e-13,1.128565768e-13,2.915946069e-13,1.466259048e-13,5.209023315e-13,8.539453966e-14,5.347835662e-13,6.181431276e-14
3.8984375,2.745348859e-13,1.496786505e-13,1.184971273e-12,2.946527635e-13,4.303399754e-13,3.112614839e-13,1.171758862e-13,1.427766563e-13,6.347011569e-14,1.155726877e-13,6.867203743e-13,1.318887588e-13,1.876151564e-13,5.253417078e-13,7.548825691e-13,5.520259592e-13,4.924235333e-13,3.523476942e-13,1.829102514e-13,6.026070413e-13,1.084050472e-13,4.946217718e-14,7.209225207e-14,1.292032969e-13,1.04578165e-13,1.143914591e-13,2.95215158e-13,1.452548244e-13,5.334843447e-13,8.581726288e-14,5.418628223e-13,6.217163654e-14
3.90625,2.727072493e-13,1.501882407e-13,1.210197128e-12,2.947130368e-13,4.28786266e-13,3.172476987e-13,1.201673651e-13,1.413536282e-13,6.281606981e-14,1.148899881e-13,6.986190351e-13,1.335678458e-13,1.903932497e-13,5.345696147e-13,7.688036463e-13,5.599339302e-13,5.015301596e-13,3.543137929e-13,1.836284119e-13,6.048766503e-13,1.087188489e-13,5.01140863e-14,7.269535944e-14,1.287857366e-13,1.06849338e-13,1.159451763e-13,2.988699215e-13,1.438324806e-13,5.463515247e-13,8.618311646e-14,5.487499391e-13,6.253502414e-14
3.9140625,2.708822619e-13,1.506699036e-13,1.235307268e-12,2.944505809e-13,4.272800732e-13,3.232888597e-13,1.231782948e-13,1.399540518e-13,6.219692691e-14,1.143205358e-13,7.1057983e-13,1.353029816e-13,1.931526053e-13,5.441231961e-13,7.825239835e-13,5.677036233e-13,5.108011873e-13,3.562427636e-13,1.843804633e-13,6.067484548e-13,1.090870406e-13,5.081923582e-14,7.330601802e-14,1.28343561e-13,1.091235675e-13,1.173825814e-13,3.024657402e-13,1.423834247e-13,5.590815648e-13,8.651927332e-14,5.557080903e-13,6.285522897e-14
3.921875,2.68943665e-13,1.510751182e-13,1.260639618e-12,2.942428781e-13,4.256821173e-13,3.295043763e-13,1.262553991e-13,1.385308641e-13,6.159882784e-14,1.138587732e-13,7.223754206e-13,1.370745109e-13,1.958927866e-13,5.536561735e-13,7.964045597e-13,5.756300835e-13,5.203108681e-13,3.582002615e-13,1.851199278e-13,6.087085789e-13,1.09455896e-13,5.15127807e-14,7.394825832e-14,1.27827045e-13,1.114130521e-13,1.188377462e-13,3.060442963e-13,1.408703408e-13,5.717854239e-13,8.688286893e-14,5.625546406e-13,6.318009957e-14
3.9296875,2.671422039e-13,1.515064318e-13,1.285879252e-12,2.941931635e-13,4.239524142e-13,3.356145866e-13,1.293724452e-13,1.37088339e-13,6.100107331e-14,1.134560711e-13,7.3378456e-13,1.388184538e-13,1.985165427e-13,5.628330103e-13,8.103238887e-13,5.837987392e-13,5.297236479e-13,3.599832878e-13,1.85728083e-13,6.110146075e-13,1.097783807e-13,5.21550419e-14,7.459920146e-14,1.274037398e-13,1.136814728e-13,1.204665243e-13,3.097521198e-13,1.393845796e-13,5.84872377e-13,8.723721079e-14,5.691756021e-13,6.353711104e-14
3.9375,2.656112509e-13,1.520775326e-13,1.310826038e-12,2.939756875e-13,4.222566638e-13,3.415664011e-13,1.324948355e-13,1.356071843e-13,6.039159567e-14,1.130610192e-13,7.449662806e-13,1.406091511e-13,2.01079536e-13,5.71915628e-13,8.239599281e-13,5.917897899e-13,5.388353559e-13,3.617029354e-13,1.863348413e-13,6.127466828e-13,1.100860921e-13,5.279048307e-14,7.525030798e-14,1.270164452e-13,1.15921507e-13,1.221111773e-13,3.135226575e-13,1.380063122e-13,5.98200385e-13,8.753088702e-14,5.757491097e-13,6.387351236e-14
3.9453125,2.638533539e-13,1.525051596e-13,1.335392601e-12,2.934933521e-13,4.20380783e-13,3.474254752e-13,1.356326318e-13,1.341494534e-13,5.975789584e-14,1.126935126e-13,7.558859913e-13,1.423476018e-13,2.034858059e-13,5.806815131e-13,8.372274285e-13,5.994383973e-13,5.476322605e-13,3.633209149e-13,1.868970239e-13,6.13978001e-13,1.10363264e-13,5.338485888e-14,7.590855564e-14,1.264805157e-13,1.181036635e-13,1.236237232e-13,3.171752599e-13,1.365780869e-13,6.112928759e-13,8.777207728e-14,5.819509208e-13,6.418905612e-14
3.953125,2.617743986e-13,1.527328911e-13,1.35933195e-12,2.928445559e-13,4.182434753e-13,3.53079552e-13,1.387601547e-13,1.327871515e-13,5.913489207e-14,1.1240704e-13,7.663598879e-13,1.439006193e-13,2.056190632e-13,5.890292938e-13,8.50181241e-13,6.069787425e-13,5.56107045e-13,3.646619333e-13,1.87251347e-13,6.154737235e-13,1.106507394e-13,5.393215252e-14,7.655746457e-14,1.259307687e-13,1.202015835e-13,1.250970198e-13,3.206872571e-13,1.350005535e-13,6.24153637e-13,8.797415727e-14,5.876148069e-13,6.451527149e-14
3.9609375,2.596939802e-13,1.53090351e-13,1.383048523e-12,2.919724878e-13,4.16069588e-13,3.586236487e-13,1.418339408e-13,1.314317915e-13,5.852221941e-14,1.121876028e-13,7.767012621e-13,1.454102527e-13,2.076408442e-13,5.973613221e-13,8.629248867e-13,6.144428727e-13,5.643562339e-13,3.658636376e-13,1.875173799e-13,6.168106416e-13,1.110123085e-13,5.449610893e-14,7.718002335e-14,1.255046634e-13,1.22264222e-13,1.266119729e-13,3.241157936e-13,1.333641812e-13,6.371266959e-13,8.814521924e-14,5.932256339e-13,6.482054792e-14
3.96875,2.575692131e-13,1.535331512e-13,1.406772245e-12,2.908621937e-13,4.137575843e-13,3.641328893e-13,1.448962445e-13,1.300283029e-13,5.785899067e-14,1.120360275e-13,7.869922725e-13,1.469138636e-13,2.095671952e-13,6.053729216e-13,8.754405957e-13,6.21759468e-13,5.724924708e-13,3.669992847e-13,1.877761773e-13,6.176999635e-13,1.113429194e-13,5.502327546e-14,7.780538778e-14,1.250709256e-13,1.243306489e-13,1.281380904e-13,3.274558539e-13,1.317029766e-13,6.501100552e-13,8.829005657e-14,5.987326535e-13,6.51077214e-14
3.9765625,2.554581981e-13,1.538499002e-13,1.429665072e-12,2.895656394e-13,4.112077162e-13,3.692378081e-13,1.479926598e-13,1.286441266e-13,5.716969162e-14,1.120068196e-13,7.966242094e-13,1.482657419e-13,2.112158643e-13,6.126828808e-13,8.87385325e-13,6.288353166e-13,5.80273531e-13,3.679203168e-13,1.87871848e-13,6.18597642e-13,1.115765586e-13,5.54499749e-14,7.847882349e-14,1.245773189e-13,1.263633573e-13,1.296456359e-13,3.306449728e-13,1.300069948e-13,6.627583645e-13,8.839526242e-14,6.037464338e-13,6.543016878e-14
3.984375,2.535268453e-13,1.541203842e-13,1.451680027e-12,2.880871248e-13,4.086527591e-13,3.738609636e-13,1.510871824e-13,1.272742108e-13,5.651381005e-14,1.120517331e-13,8.055815036e-13,1.495431351e-13,2.126993805e-13,6.198559449e-13,8.986702055e-13,6.355009995e-13,5.874762559e-13,3.686575933e-13,1.878006346e-13,6.193707294e-13,1.117987135e-13,5.585913818e-14,7.918172978e-14,1.240910691e-13,1.283385509e-13,1.311327866e-13,3.336919122e-13,1.2829395e-13,6.752276304e-13,8.847755846e-14,6.08597552e-13,6.576083307e-14
3.9921875,2.514969545e-13,1.543839352e-13,1.473815234e-12,2.865275602e-13,4.060951361e-13,3.784712536e-13,1.541613533e-13,1.258979026e-13,5.58644284e-14,1.120752565e-13,8.145948042e-13,1.508789871e-13,2.142156007e-13,6.271967691e-13,9.098860964e-13,6.421128817e-13,5.945284577e-13,3.693517816e-13,1.876973454e-13,6.199913945e-13,1.120348402e-13,5.630289458e-14,7.984736807e-14,1.235974504e-13,1.302921346e-13,1.32644619e-13,3.367859184e-13,1.265476427e-13,6.878842777e-13,8.858224126e-14,6.135961233e-13,6.605387093e-14
4,2.492625101e-13,1.546645835e-13,1.496011503e-12,2.84936549e-13,4.033686608e-13,3.831516126e-13,1.572288906e-13,1.245682401e-13,5.520726944e-14,1.121462326e-13,8.237321409e-13,1.522122401e-13,2.156591954e-13,6.343176944e-13,9.213205373e-13,6.491414815e-13,6.018058837e-13,3.700131946e-13,1.875589355e-13,6.208073562e-13,1.123051734e-13,5.672538894e-14,8.045876457e-14,1.230854294e-13,1.322302132e-13,1.342292325e-13,3.400174033e-13,1.248197077e-13,7.006316939e-13,8.870459375e-14,6.184713671e-13,6.634311148e-14
4.0078125,2.471126679e-13,1.550476485e-13,1.517634138e-12,2.83175756e-13,4.005774116e-13,3.876139618e-13,1.602702962e-13,1.232890954e-13,5.456602542e-14,1.1236665e-13,8.324665577e-13,1.535021245e-13,2.169160756e-13,6.41130891e-13,9.32419979e-13,6.561311975e-13,6.089834635e-13,3.705676346e-13,1.873628964e-13,6.213235607e-13,1.126306589e-13,5.709939655e-14,8.105401084e-14,1.225561885e-13,1.341054709e-13,1.358260481e-13,3.43182234e-13,1.232098016e-13,7.131404315e-13,8.880667094e-14,6.23090132e-13,6.663092955e-14
4.015625,2.450124781e-13,1.553353024e-13,1.538831665e-12,2.812512408e-13,3.978191573e-13,3.919022559e-13,1.632715403e-13,1.220548977e-13,5.392256671e-14,1.126448415e-13,8.407559982e-13,1.547672601e-13,2.180742992e-13,6.477619836e-13,9.428769523e-13,6.62658982e-13,6.158902743e-13,3.709486359e-13,1.871545708e-13,6.21295898e-13,1.128975526e-13,5.744396155e-14,8.16583817e-14,1.219801826e-13,1.359150346e-13,1.373559553e-13,3.461970852e-13,1.216694774e-13,7.254165537e-13,8.889004437e-14,6.275403086e-13,6.686736656e-14
4.0234375,2.428471548e-13,1.554048617e-13,1.559677947e-12,2.79328189e-13,3.950168023e-13,3.961206837e-13,1.662293231e-13,1.209038683e-13,5.328236561e-14,1.128662897e-13,8.488098124e-13,1.559927714e-13,2.191663851e-13,6.54154571e-13,9.53039602e-13,6.691778449e-13,6.227374757e-13,3.711923426e-13,1.869229363e-13,6.21559746e-13,1.130913898e-13,5.777686557e-14,8.226989974e-14,1.213977478e-13,1.376887067e-13,1.388579432e-13,3.492167775e-13,1.201078287e-13,7.376861423e-13,8.897145848e-14,6.317880686e-13,6.70782581e-14
4.03125,2.408088319e-13,1.555588833e-13,1.579778512e-12,2.773763087e-13,3.921388897e-13,4.001153814e-13,1.691320288e-13,1.19788588e-13,5.268158399e-14,1.130964485e-13,8.564164389e-13,1.571735796e-13,2.200628398e-13,6.602428675e-13,9.629956557e-13,6.757884928e-13,6.293555726e-13,3.713687733e-13,1.866291973e-13,6.222047662e-13,1.133095353e-13,5.809900011e-14,8.287025755e-14,1.208462848e-13,1.393944215e-13,1.403739634e-13,3.52208489e-13,1.185538282e-13,7.498470358e-13,8.903295752e-14,6.357312235e-13,6.731988613e-14
4.0390625,2.38856049e-13,1.558760738e-13,1.598909979e-12,2.752404285e-13,3.891624942e-13,4.037713687e-13,1.719797308e-13,1.186255395e-13,5.209334393e-14,1.133985022e-13,8.633075558e-13,1.582693349e-13,2.206729907e-13,6.658727133e-13,9.723616643e-13,6.819933396e-13,6.354804921e-13,3.714193289e-13,1.862698769e-13,6.224733735e-13,1.134629098e-13,5.837930486e-14,8.344422294e-14,1.202995403e-13,1.409962834e-13,1.418637315e-13,3.550133546e-13,1.170379338e-13,7.615913886e-13,8.906096323e-14,6.392732869e-13,6.756022273e-14
4.046875,2.367449525e-13,1.561072801e-13,1.617035425e-12,2.729096673e-13,3.860663007e-13,4.07064439e-13,1.747340346e-13,1.174365596e-13,5.149217744e-14,1.13717618e-13,8.696486891e-13,1.592553282e-13,2.210556825e-13,6.709082603e-13,9.809125931e-13,6.876909827e-13,6.411784201e-13,3.712628789e-13,1.858560544e-13,6.222021358e-13,1.135087894e-13,5.860654678e-14,8.401204282e-14,1.197747252e-13,1.425203397e-13,1.433169845e-13,3.57644488e-13,1.155416705e-13,7.730302784e-13,8.908167555e-14,6.424978274e-13,6.774047375e-14
4.0546875,2.345657928e-13,1.563158995e-13,1.634388703e-12,2.704359645e-13,3.829294367e-13,4.100316491e-13,1.77361898e-13,1.162812364e-13,5.091066075e-14,1.140683357e-13,8.757022336e-13,1.602056263e-13,2.212870119e-13,6.75522089e-13,9.888143003e-13,6.930330352e-13,6.464655795e-13,3.70918e-13,1.85412026e-13,6.214617506e-13,1.136041338e-13,5.881119151e-14,8.459429217e-14,1.192487241e-13,1.439825905e-13,1.447539088e-13,3.601480753e-13,1.140483702e-13,7.843979411e-13,8.91065454e-14,6.456174225e-13,6.787331455e-14
4.0625,2.324398804e-13,1.566877144e-13,1.651309003e-12,2.678030226e-13,3.796887869e-13,4.128174722e-13,1.799339199e-13,1.151818085e-13,5.033647829e-14,1.14516665e-13,8.814261533e-13,1.611013917e-13,2.213614948e-13,6.798611745e-13,9.963299988e-13,6.981287279e-13,6.513643098e-13,3.703982918e-13,1.848909259e-13,6.202611405e-13,1.137383854e-13,5.898031893e-14,8.516028956e-14,1.186458298e-13,1.453696783e-13,1.46147404e-13,3.625243857e-13,1.12507044e-13,7.954205842e-13,8.911793104e-14,6.485442751e-13,6.80078768e-14
4.0703125,2.301996285e-13,1.571290319e-13,1.667575768e-12,2.650962331e-13,3.760969872e-13,4.154490629e-13,1.824675207e-13,1.141385823e-13,4.971451255e-14,1.150005288e-13,8.866452232e-13,1.618425135e-13,2.212815473e-13,6.838020993e-13,1.003486101e-12,7.032033239e-13,6.559810699e-13,3.696572012e-13,1.841812782e-13,6.190083431e-13,1.138035304e-13,5.906830926e-14,8.566579215e-14,1.180380939e-13,1.466674854e-13,1.474953112e-13,3.648010543e-13,1.109017754e-13,8.058794586e-13,8.912052941e-14,6.51038384e-13,6.814455687e-14
4.078125,2.278037365e-13,1.575536382e-13,1.682875258e-12,2.625133991e-13,3.722248423e-13,4.178440539e-13,1.848645857e-13,1.131165266e-13,4.906104882e-14,1.154499719e-13,8.91289918e-13,1.625038179e-13,2.210975017e-13,6.873083321e-13,1.010170744e-12,7.082281861e-13,6.601921543e-13,3.686957803e-13,1.833405949e-13,6.179142102e-13,1.138489683e-13,5.909679677e-14,8.610486269e-14,1.175096673e-13,1.478517261e-13,1.48847101e-13,3.669725557e-13,1.093238835e-13,8.16103573e-13,8.911437839e-14,6.531536236e-13,6.823642838e-14
4.0859375,2.253973619e-13,1.579774505e-13,1.697424797e-12,2.599898921e-13,3.684135653e-13,4.19966723e-13,1.87125749e-13,1.1206562e-13,4.843483634e-14,1.159059222e-13,8.954401715e-13,1.631919465e-13,2.208060391e-13,6.904781415e-13,1.016355079e-12,7.12860251e-13,6.638777228e-13,3.676119688e-13,1.825130142e-13,6.16721359e-13,1.13891659e-13,5.911570259e-14,8.651267951e-14,1.169793093e-13,1.489270785e-13,1.502202964e-13,3.690471747e-13,1.078223054e-13,8.262712448e-13,8.908566004e-14,6.550550468e-13,6.827196998e-14
4.09375,2.229409614e-13,1.583775883e-13,1.711210089e-12,2.572586823e-13,3.646276127e-13,4.216586789e-13,1.893055009e-13,1.109863136e-13,4.78341845e-14,1.164033021e-13,8.9924671e-13,1.63825973e-13,2.203190296e-13,6.932366506e-13,1.021899868e-12,7.169591427e-13,6.670925014e-13,3.664368689e-13,1.816153287e-13,6.153262756e-13,1.13901875e-13,5.911467768e-14,8.693024118e-14,1.164112085e-13,1.499217389e-13,1.516116125e-13,3.710543597e-13,1.063413385e-13,8.361504781e-13,8.907328076e-14,6.567373905e-13,6.828325078e-14
4.1015625,2.20422823e-13,1.588017806e-13,1.723755073e-12,2.543548818e-13,3.606891672e-13,4.228275295e-13,1.913620451e-13,1.099292517e-13,4.722398271e-14,1.169759252e-13,9.026596308e-13,1.643185515e-13,2.195877572e-13,6.955179727e-13,1.02667933e-12,7.206763942e-13,6.698616996e-13,3.651069009e-13,1.805594473e-13,6.136730229e-13,1.139036011e-13,5.907063479e-14,8.734843935e-14,1.158375916e-13,1.508235282e-13,1.5299147e-13,3.729157665e-13,1.048625555e-13,8.456194828e-13,8.909258964e-14,6.581069988e-13,6.82722435e-14
4.109375,2.181088058e-13,1.592553251e-13,1.735065753e-12,2.51522919e-13,3.568458887e-13,4.237458738e-13,1.932847848e-13,1.089222248e-13,4.661190721e-14,1.17664465e-13,9.054684405e-13,1.646948518e-13,2.186886225e-13,6.97526565e-13,1.031005278e-12,7.242471214e-13,6.723192172e-13,3.637157733e-13,1.795177595e-13,6.116510819e-13,1.138359384e-13,5.900149281e-14,8.772726151e-14,1.152193867e-13,1.516282091e-13,1.542792958e-13,3.745835477e-13,1.034128458e-13,8.546258961e-13,8.906286838e-14,6.591131148e-13,6.822677808e-14
4.1171875,2.160447276e-13,1.596312799e-13,1.745581811e-12,2.487850643e-13,3.531788973e-13,4.245278277e-13,1.950874408e-13,1.079308922e-13,4.60211354e-14,1.183918149e-13,9.07715764e-13,1.649912826e-13,2.176807301e-13,6.993215262e-13,1.035145685e-12,7.277587697e-13,6.745314309e-13,3.623653847e-13,1.785455256e-13,6.094594234e-13,1.136775474e-13,5.891402034e-14,8.806082758e-14,1.146046482e-13,1.523555462e-13,1.555026946e-13,3.761564703e-13,1.019655577e-13,8.63005295e-13,8.897566433e-14,6.598240738e-13,6.816704612e-14
4.125,2.138717258e-13,1.600057457e-13,1.755341216e-12,2.459810403e-13,3.49275145e-13,4.249023537e-13,1.96711734e-13,1.069223468e-13,4.543652493e-14,1.190779693e-13,9.095815589e-13,1.652400955e-13,2.165052819e-13,7.006999197e-13,1.038855615e-12,7.310734753e-13,6.762862841e-13,3.608559514e-13,1.774579556e-13,6.071808086e-13,1.135616895e-13,5.87877041e-14,8.83592002e-14,1.140913706e-13,1.529848826e-13,1.568059055e-13,3.776714478e-13,1.004725463e-13,8.70826715e-13,8.893916197e-14,6.603776194e-13,6.809030407e-14
4.1328125,2.114254601e-13,1.605111846e-13,1.764226226e-12,2.430464323e-13,3.451277287e-13,4.249063549e-13,1.981912547e-13,1.059253234e-13,4.483728012e-14,1.197819473e-13,9.110897095e-13,1.654736071e-13,2.151976335e-13,7.018272334e-13,1.042098514e-12,7.342110975e-13,6.777068584e-13,3.591183988e-13,1.762715092e-13,6.044788003e-13,1.135196113e-13,5.863067014e-14,8.86340996e-14,1.135858928e-13,1.535290494e-13,1.581824885e-13,3.790773461e-13,9.895340614e-14,8.784310471e-13,8.898501936e-14,6.608427651e-13,6.79592573e-14
4.140625,2.08870519e-13,1.610489386e-13,1.772438496e-12,2.401539325e-13,3.411262503e-13,4.248721363e-13,1.996321004e-13,1.049795413e-13,4.42343527e-14,1.205334253e-13,9.122898899e-13,1.656824842e-13,2.13888657e-13,7.029712335e-13,1.045274446e-12,7.374175018e-13,6.791593786e-13,3.574294203e-13,1.751483531e-13,6.013334125e-13,1.134871749e-13,5.846230216e-14,8.890963871e-14,1.129973531e-13,1.54053009e-13,1.595280907e-13,3.803856079e-13,9.748362812e-14,8.85937742e-13,8.906199149e-14,6.611428253e-13,6.778291017e-14
4.1484375,2.062914761e-13,1.615510529e-13,1.779808525e-12,2.374182177e-13,3.371607109e-13,4.246741823e-13,2.009863201e-13,1.040638515e-13,4.363696336e-14,1.212903707e-13,9.130712839e-13,1.658149976e-13,2.124557137e-13,7.036936668e-13,1.048266382e-12,7.406060527e-13,6.80386455e-13,3.557594599e-13,1.740218936e-13,5.981199343e-13,1.134343882e-13,5.82535194e-14,8.915968538e-14,1.124070393e-13,1.545246003e-13,1.608882141e-13,3.815914256e-13,9.607696397e-14,8.930188598e-13,8.91470416e-14,6.610421069e-13,6.760310995e-14
4.15625,2.037149956e-13,1.620584892e-13,1.785555242e-12,2.345286802e-13,3.329754622e-13,4.239104918e-13,2.021590854e-13,1.031273319e-13,4.302816895e-14,1.220846558e-13,9.129628782e-13,1.658020428e-13,2.106831329e-13,7.035736154e-13,1.050406366e-12,7.433264177e-13,6.8094528e-13,3.538271628e-13,1.727829691e-13,5.948238681e-13,1.132531564e-13,5.79680207e-14,8.933754577e-14,1.118304839e-13,1.548669277e-13,1.622993665e-13,3.825976883e-13,9.464131781e-14,8.992758868e-13,8.921473413e-14,6.603663829e-13,6.740795884e-14
4.1640625,2.012208576e-13,1.625531051e-13,1.789552408e-12,2.313445702e-13,3.287602437e-13,4.22669765e-13,2.031659576e-13,1.021912286e-13,4.239812341e-14,1.229552411e-13,9.119338761e-13,1.656531774e-13,2.087210249e-13,7.030281258e-13,1.051621981e-12,7.45485203e-13,6.810689622e-13,3.517869109e-13,1.715100704e-13,5.911727986e-13,1.129216349e-13,5.762832625e-14,8.948622917e-14,1.112108434e-13,1.551072169e-13,1.636504127e-13,3.833473535e-13,9.314423203e-14,9.047861015e-13,8.924286636e-14,6.592383839e-13,6.714612105e-14
4.171875,1.987542478e-13,1.631523071e-13,1.79268519e-12,2.2836844e-13,3.246346096e-13,4.21390747e-13,2.040279508e-13,1.013272829e-13,4.176845416e-14,1.238664474e-13,9.106174495e-13,1.654886263e-13,2.068024594e-13,7.023764031e-13,1.052532055e-12,7.475343193e-13,6.81200608e-13,3.498714132e-13,1.702695125e-13,5.872884659e-13,1.12630918e-13,5.727488959e-14,8.964961331e-14,1.105772939e-13,1.552720925e-13,1.649174325e-13,3.839326085e-13,9.17095916e-14,9.099847308e-13,8.925682188e-14,6.578210082e-13,6.681112679e-14
4.1796875,1.96241261e-13,1.640182267e-13,1.795430262e-12,2.257808e-13,3.204895254e-13,4.201425957e-13,2.047470165e-13,1.005077692e-13,4.116115935e-14,1.24796267e-13,9.092100716e-13,1.653357858e-13,2.048154637e-13,7.013353878e-13,1.053329848e-12,7.49641764e-13,6.8128762e-13,3.478659326e-13,1.690298811e-13,5.833792184e-13,1.124213629e-13,5.69058021e-14,8.978767979e-14,1.099277991e-13,1.553156148e-13,1.661821194e-13,3.844876711e-13,9.042440148e-14,9.14878052e-13,8.927872171e-14,6.560880491e-13,6.644600694e-14
4.1875,1.937707864e-13,1.649739751e-13,1.797281253e-12,2.23095071e-13,3.164131541e-13,4.185999389e-13,2.053375133e-13,9.964611869e-14,4.056763794e-14,1.257489624e-13,9.072880114e-13,1.650759225e-13,2.026173926e-13,6.998663529e-13,1.053574142e-12,7.513243504e-13,6.809205595e-13,3.456379777e-13,1.677793248e-13,5.792056857e-13,1.121612059e-13,5.650739926e-14,8.98979115e-14,1.092189469e-13,1.55240964e-13,1.674180824e-13,3.849580916e-13,8.921808999e-14,9.189773154e-13,8.932101727e-14,6.540713247e-13,6.606274969e-14
4.1953125,1.913222612e-13,1.657610943e-13,1.797688486e-12,2.202417957e-13,3.124807381e-13,4.165976959e-13,2.057472589e-13,9.877195096e-14,3.997601569e-14,1.267033419e-13,9.047498225e-13,1.646877584e-13,2.002949403e-13,6.981674017e-13,1.053044515e-12,7.523250021e-13,6.79827055e-13,3.433807793e-13,1.665213508e-13,5.744920111e-13,1.11886302e-13,5.609046621e-14,9.000420062e-14,1.085051826e-13,1.550776834e-13,1.685587907e-13,3.85157642e-13,8.802282093e-14,9.222085888e-13,8.939978656e-14,6.518614003e-13,6.562881046e-14
4.203125,1.887949584e-13,1.66437082e-13,1.796635791e-12,2.176151956e-13,3.085073087e-13,4.142534783e-13,2.059187297e-13,9.795418417e-14,3.939641365e-14,1.276561511e-13,9.01817327e-13,1.642436173e-13,1.979134421e-13,6.960908267e-13,1.051981108e-12,7.529977523e-13,6.781545073e-13,3.411132402e-13,1.65243108e-13,5.695052961e-13,1.116708564e-13,5.565443818e-14,9.00592359e-14,1.078410866e-13,1.547971972e-13,1.696461365e-13,3.851225583e-13,8.686114691e-14,9.250152789e-13,8.948167659e-14,6.493463828e-13,6.514806844e-14
4.2109375,1.863554014e-13,1.671730624e-13,1.79443184e-12,2.151878186e-13,3.043868917e-13,4.116836005e-13,2.059228556e-13,9.715631077e-14,3.882622563e-14,1.286574816e-13,8.984341532e-13,1.637047837e-13,1.954542926e-13,6.935474436e-13,1.050638276e-12,7.53607418e-13,6.762714418e-13,3.387432782e-13,1.639346223e-13,5.646678156e-13,1.11444478e-13,5.517780101e-14,9.006242674e-14,1.072018171e-13,1.544178997e-13,1.707480463e-13,3.85064709e-13,8.574213351e-14,9.274822464e-13,8.953012151e-14,6.46431336e-13,6.465969435e-14
4.21875,1.84069148e-13,1.679808471e-13,1.79140879e-12,2.127072085e-13,3.001938141e-13,4.089344799e-13,2.058400278e-13,9.632521977e-14,3.82372124e-14,1.297030865e-13,8.945239417e-13,1.630357447e-13,1.92927887e-13,6.90772171e-13,1.049017402e-12,7.540892938e-13,6.74258103e-13,3.363664394e-13,1.625986059e-13,5.598126339e-13,1.11193287e-13,5.466951475e-14,9.007628502e-14,1.065665451e-13,1.540091012e-13,1.718578172e-13,3.849359629e-13,8.464040819e-14,9.29361867e-13,8.959242214e-14,6.433076789e-13,6.415658931e-14
4.2265625,1.816175251e-13,1.687951308e-13,1.787699332e-12,2.10262066e-13,2.959592736e-13,4.060271013e-13,2.056063025e-13,9.548453544e-14,3.76241066e-14,1.306916203e-13,8.903404838e-13,1.623353343e-13,1.903146753e-13,6.878192751e-13,1.046947634e-12,7.543217912e-13,6.71819137e-13,3.339613488e-13,1.612667142e-13,5.544787636e-13,1.109919987e-13,5.416099567e-14,9.004993184e-14,1.059058321e-13,1.535288652e-13,1.729390802e-13,3.845207707e-13,8.356480962e-14,9.307599083e-13,8.972460133e-14,6.401397014e-13,6.360788168e-14
4.234375,1.789915526e-13,1.696550829e-13,1.783187416e-12,2.080349926e-13,2.917479426e-13,4.029512975e-13,2.051626099e-13,9.469384017e-14,3.70175385e-14,1.316698272e-13,8.859791842e-13,1.616418058e-13,1.875948279e-13,6.845962556e-13,1.044504567e-12,7.542796206e-13,6.688793041e-13,3.313791344e-13,1.599650669e-13,5.487561782e-13,1.108325631e-13,5.365090135e-14,8.990300586e-14,1.051893465e-13,1.529095293e-13,1.739926933e-13,3.839083738e-13,8.25348465e-14,9.318538343e-13,8.989652422e-14,6.368036169e-13,6.30227014e-14
4.2421875,1.76575751e-13,1.70633185e-13,1.777714888e-12,2.059451053e-13,2.877622951e-13,3.997539729e-13,2.046018493e-13,9.396735015e-14,3.64367121e-14,1.328550704e-13,8.811931957e-13,1.60873035e-13,1.848134889e-13,6.812346486e-13,1.042023758e-12,7.541415146e-13,6.658515087e-13,3.287654718e-13,1.586877443e-13,5.429377911e-13,1.106585546e-13,5.312720038e-14,8.969956574e-14,1.04447887e-13,1.522240637e-13,1.750068656e-13,3.833077637e-13,8.155597157e-14,9.324108832e-13,9.005228515e-14,6.331930339e-13,6.240867726e-14
4.25,1.743224963e-13,1.716769388e-13,1.771348424e-12,2.038583293e-13,2.840454411e-13,3.965064579e-13,2.039824851e-13,9.323679234e-14,3.587325084e-14,1.342006363e-13,8.760587331e-13,1.60022326e-13,1.819807437e-13,6.778138719e-13,1.039479464e-12,7.540087503e-13,6.62964068e-13,3.263220262e-13,1.574592212e-13,5.368505594e-13,1.104755415e-13,5.260510883e-14,8.951451203e-14,1.037084745e-13,1.51534243e-13,1.75933961e-13,3.826252099e-13,8.068231283e-14,9.322480704e-13,9.021189587e-14,6.294530593e-13,6.174335696e-14
4.2578125,1.719035317e-13,1.727521546e-13,1.764246813e-12,2.018935362e-13,2.802967078e-13,3.931201729e-13,2.032132855e-13,9.247375069e-14,3.532264637e-14,1.354536561e-13,8.709084434e-13,1.591443045e-13,1.790626067e-13,6.740999803e-13,1.036656229e-12,7.537742234e-13,6.599383472e-13,3.239020047e-13,1.562864314e-13,5.305283419e-13,1.10312444e-13,5.208225286e-14,8.931970919e-14,1.029727487e-13,1.507832037e-13,1.76826498e-13,3.817853326e-13,7.995300038e-14,9.315585905e-13,9.04366766e-14,6.256728493e-13,6.103496551e-14
4.265625,1.693812905e-13,1.738500285e-13,1.756267294e-12,2.001806353e-13,2.762765631e-13,3.894364049e-13,2.022485695e-13,9.17488211e-14,3.478137627e-14,1.36671467e-13,8.655625709e-13,1.581921379e-13,1.760416064e-13,6.698861094e-13,1.033649196e-12,7.534862748e-13,6.565821334e-13,3.213125876e-13,1.550659748e-13,5.244185716e-13,1.101466489e-13,5.151881803e-14,8.909289932e-14,1.02247983e-13,1.499446286e-13,1.777844207e-13,3.809641216e-13,7.926941721e-14,9.304625595e-13,9.072006182e-14,6.216631175e-13,6.032047388e-14
4.2734375,1.669350056e-13,1.7479168e-13,1.747254924e-12,1.985662361e-13,2.721599426e-13,3.855136645e-13,2.011270353e-13,9.106298975e-14,3.422615764e-14,1.380048539e-13,8.597390104e-13,1.571045038e-13,1.729119883e-13,6.653194741e-13,1.030386208e-12,7.531050084e-13,6.530161417e-13,3.186176811e-13,1.537504959e-13,5.183419822e-13,1.099569068e-13,5.091170068e-14,8.884257953e-14,1.014952421e-13,1.490266004e-13,1.787224471e-13,3.801282215e-13,7.854735448e-14,9.288269589e-13,9.102270689e-14,6.17321234e-13,5.959355983e-14
4.28125,1.645023046e-13,1.755806602e-13,1.737448521e-12,1.969370277e-13,2.682222882e-13,3.815793011e-13,1.998547368e-13,9.035797492e-14,3.366201697e-14,1.393289102e-13,8.536677946e-13,1.55968859e-13,1.697446684e-13,6.607192689e-13,1.026687128e-12,7.524047579e-13,6.493860017e-13,3.15993747e-13,1.524742624e-13,5.118499164e-13,1.097866058e-13,5.031556514e-14,8.856526703e-14,1.007039735e-13,1.480117378e-13,1.79530469e-13,3.790764376e-13,7.787144517e-14,9.266382673e-13,9.135676638e-14,6.128709401e-13,5.882452724e-14
4.2890625,1.619964071e-13,1.765445609e-13,1.726857961e-12,1.954171194e-13,2.644597143e-13,3.776475047e-13,1.984711272e-13,8.966010136e-14,3.313924881e-14,1.406395315e-13,8.473462208e-13,1.548797475e-13,1.666160945e-13,6.560663566e-13,1.022808777e-12,7.514979359e-13,6.456478402e-13,3.13486528e-13,1.513130947e-13,5.052164295e-13,1.096470449e-13,4.974916359e-14,8.828118307e-14,9.994669628e-14,1.469352409e-13,1.803090261e-13,3.778718736e-13,7.729201512e-14,9.240099139e-13,9.171550706e-14,6.084202134e-13,5.802734695e-14
4.296875,1.594527729e-13,1.77664926e-13,1.715152422e-12,1.940929706e-13,2.607265948e-13,3.734850036e-13,1.97011682e-13,8.896749581e-14,3.265018272e-14,1.421279472e-13,8.404546063e-13,1.537501779e-13,1.634501434e-13,6.510248791e-13,1.018772935e-12,7.503582425e-13,6.414684349e-13,3.109173679e-13,1.501539956e-13,4.986031891e-13,1.09497604e-13,4.91638355e-14,8.800253389e-14,9.919366797e-14,1.458167144e-13,1.811126373e-13,3.765629842e-13,7.673456152e-14,9.20822307e-13,9.206741759e-14,6.037372194e-13,5.722687355e-14
4.3046875,1.569498248e-13,1.786382046e-13,1.702640305e-12,1.929970114e-13,2.570199526e-13,3.690948218e-13,1.953935254e-13,8.823135253e-14,3.212892356e-14,1.437201695e-13,8.333217958e-13,1.525024094e-13,1.602400503e-13,6.457124086e-13,1.01434483e-12,7.487638708e-13,6.368506267e-13,3.082479736e-13,1.48935908e-13,4.916624875e-13,1.093808165e-13,4.85455147e-14,8.769456205e-14,9.836115528e-14,1.446111841e-13,1.818466049e-13,3.750930739e-13,7.621100729e-14,9.170028196e-13,9.246311326e-14,5.987928432e-13,5.641014865e-14
4.3125,1.544518098e-13,1.795930388e-13,1.689819078e-12,1.921287099e-13,2.534853183e-13,3.647654933e-13,1.936118623e-13,8.75194927e-14,3.159691867e-14,1.452576354e-13,8.263512016e-13,1.51250938e-13,1.571663127e-13,6.406498646e-13,1.009964045e-12,7.473567858e-13,6.325294926e-13,3.058200129e-13,1.477527352e-13,4.845668693e-13,1.093416765e-13,4.794762429e-14,8.736047856e-14,9.753215842e-14,1.433828805e-13,1.825511378e-13,3.736679015e-13,7.579460744e-14,9.129457497e-13,9.293780025e-14,5.939032092e-13,5.556767809e-14
4.3203125,1.519004919e-13,1.808147895e-13,1.676183946e-12,1.913328942e-13,2.501711327e-13,3.605032458e-13,1.91794623e-13,8.688015424e-14,3.11222691e-14,1.46831515e-13,8.190843412e-13,1.50039383e-13,1.542155566e-13,6.35739697e-13,1.005925361e-12,7.466432101e-13,6.286863005e-13,3.037502129e-13,1.466519145e-13,4.776486938e-13,1.092827982e-13,4.738201632e-14,8.704125033e-14,9.676716087e-14,1.4222342e-13,1.833149949e-13,3.723438595e-13,7.546437725e-14,9.087899199e-13,9.3409239e-14,5.890442564e-13,5.472120004e-14
4.328125,1.495053839e-13,1.822467599e-13,1.661178393e-12,1.905795501e-13,2.469255053e-13,3.560584405e-13,1.899289467e-13,8.622138032e-14,3.066676644e-14,1.485053629e-13,8.111766923e-13,1.487211733e-13,1.511897848e-13,6.304843209e-13,1.001711526e-12,7.458199433e-13,6.245502642e-13,3.017162882e-13,1.455620463e-13,4.705970714e-13,1.091376135e-13,4.679730016e-14,8.67234051e-14,9.597066392e-14,1.410454118e-13,1.840622166e-13,3.708275247e-13,7.520319141e-14,9.039776441e-13,9.384710666e-14,5.838269831e-13,5.388856348e-14
4.3359375,1.473779208e-13,1.837481051e-13,1.64534817e-12,1.900755756e-13,2.436883168e-13,3.514646924e-13,1.879178074e-13,8.552898218e-14,3.017638984e-14,1.501920068e-13,8.030644766e-13,1.472947549e-13,1.481096008e-13,6.250162291e-13,9.972510211e-13,7.445103795e-13,6.200212927e-13,2.996406673e-13,1.444444201e-13,4.632520363e-13,1.089954275e-13,4.619401064e-14,8.638692273e-14,9.516525446e-14,1.397717828e-13,1.847530554e-13,3.69217189e-13,7.502358024e-14,8.983933146e-13,9.432964378e-14,5.783096192e-13,5.306587034e-14
4.34375,1.451723742e-13,1.852659043e-13,1.629270425e-12,1.898545642e-13,2.405537928e-13,3.468804275e-13,1.857979799e-13,8.488015464e-14,2.969434215e-14,1.518697119e-13,7.950230108e-13,1.45910981e-13,1.450608602e-13,6.196345578e-13,9.929163682e-13,7.432906618e-13,6.156947045e-13,2.976899783e-13,1.433342994e-13,4.559460252e-13,1.089165577e-13,4.562309275e-14,8.606638762e-14,9.445610557e-14,1.384672273e-13,1.854464803e-13,3.677966823e-13,7.486995415e-14,8.926018988e-13,9.487338969e-14,5.728859414e-13,5.223846853e-14
4.3515625,1.427800462e-13,1.868238153e-13,1.612662779e-12,1.89766828e-13,2.374149278e-13,3.422048171e-13,1.836073008e-13,8.424492354e-14,2.923765721e-14,1.535822345e-13,7.868105441e-13,1.44519343e-13,1.419530555e-13,6.140740315e-13,9.885137501e-13,7.420876212e-13,6.114964456e-13,2.957734834e-13,1.422314655e-13,4.487738846e-13,1.088422004e-13,4.507117423e-14,8.578477024e-14,9.376686958e-14,1.37143109e-13,1.861104287e-13,3.663359756e-13,7.472784649e-14,8.865472076e-13,9.542209962e-14,5.674580607e-13,5.139419603e-14
4.359375,1.405400082e-13,1.885225591e-13,1.595196227e-12,1.897862054e-13,2.341902453e-13,3.373427108e-13,1.81288183e-13,8.357102566e-14,2.876663782e-14,1.553464463e-13,7.782699784e-13,1.429971911e-13,1.387972953e-13,6.08257226e-13,9.83852085e-13,7.405725429e-13,6.070669822e-13,2.937984287e-13,1.411191105e-13,4.415441294e-13,1.087332572e-13,4.450313384e-14,8.552176135e-14,9.301137148e-14,1.357467674e-13,1.866965029e-13,3.646869799e-13,7.466123757e-14,8.797464587e-13,9.596570131e-14,5.617314788e-13,5.0529199e-14
4.3671875,1.384493211e-13,1.902761106e-13,1.577055503e-12,1.899673935e-13,2.312232944e-13,3.324423753e-13,1.788214056e-13,8.291430744e-14,2.830960438e-14,1.57128133e-13,7.695296392e-13,1.414574531e-13,1.357505488e-13,6.026853449e-13,9.791713479e-13,7.389834709e-13,6.025156566e-13,2.919119466e-13,1.400580063e-13,4.341378395e-13,1.086389961e-13,4.396967639e-14,8.524020986e-14,9.226209193e-14,1.34283209e-13,1.872286996e-13,3.631239381e-13,7.4655401e-14,8.724237312e-13,9.653888712e-14,5.559187064e-13,4.964165344e-14
4.375,1.362594605e-13,1.91897307e-13,1.558497124e-12,1.903361331e-13,2.286312252e-13,3.276603107e-13,1.762678054e-13,8.230533181e-14,2.790255218e-14,1.588664635e-13,7.607231499e-13,1.400064038e-13,1.328041024e-13,5.974724801e-13,9.746166969e-13,7.374304019e-13,5.980661738e-13,2.901750945e-13,1.390868073e-13,4.266751058e-13,1.085798374e-13,4.350823664e-14,8.491576941e-14,9.153730313e-14,1.327847505e-13,1.87708689e-13,3.616822966e-13,7.466348991e-14,8.649497338e-13,9.714331221e-14,5.502330081e-13,4.874015787e-14
4.3828125,1.340317153e-13,1.934879235e-13,1.539516897e-12,1.908930972e-13,2.259554423e-13,3.229591901e-13,1.736858845e-13,8.167412783e-14,2.749605514e-14,1.605971145e-13,7.518151974e-13,1.38532385e-13,1.298444259e-13,5.920948854e-13,9.702273458e-13,7.358778415e-13,5.938252622e-13,2.884667285e-13,1.381392533e-13,4.194195438e-13,1.084953953e-13,4.305016074e-14,8.459118396e-14,9.076180121e-14,1.312835974e-13,1.881551677e-13,3.602529359e-13,7.472581523e-14,8.571642735e-13,9.773967949e-14,5.444298956e-13,4.784079998e-14
4.390625,1.318489654e-13,1.952008874e-13,1.520041507e-12,1.916257343e-13,2.231222893e-13,3.181870687e-13,1.710366085e-13,8.099752845e-14,2.707044124e-14,1.624156559e-13,7.428557527e-13,1.36997894e-13,1.268850822e-13,5.863951365e-13,9.659298057e-13,7.343532429e-13,5.897198587e-13,2.867300787e-13,1.372099367e-13,4.12252791e-13,1.084140262e-13,4.256715505e-14,8.433415381e-14,8.997364201e-14,1.297822835e-13,1.886156384e-13,3.589212436e-13,7.488562162e-14,8.49004255e-13,9.833868926e-14,5.384888769e-13,4.694074349e-14
4.3984375,1.29648287e-13,1.96965197e-13,1.500118298e-12,1.925502308e-13,2.205304354e-13,3.133208262e-13,1.682460837e-13,8.034722956e-14,2.666342235e-14,1.643195563e-13,7.340741543e-13,1.355023268e-13,1.239708782e-13,5.807664768e-13,9.615850512e-13,7.327728535e-13,5.856381388e-13,2.851028854e-13,1.363654352e-13,4.049083652e-13,1.084418398e-13,4.211882997e-14,8.412086667e-14,8.928405065e-14,1.282438103e-13,1.890633669e-13,3.576086357e-13,7.513088677e-14,8.406482551e-13,9.90059253e-14,5.327060771e-13,4.604522808e-14
4.40625,1.274439464e-13,1.987459595e-13,1.479766127e-12,1.936607267e-13,2.180695561e-13,3.085087876e-13,1.653861859e-13,7.972723248e-14,2.625305391e-14,1.662744692e-13,7.253727238e-13,1.339816003e-13,1.210612467e-13,5.752283831e-13,9.574247398e-13,7.31372068e-13,5.817858464e-13,2.837172512e-13,1.355330621e-13,3.977089331e-13,1.085024893e-13,4.168837885e-14,8.387007772e-14,8.865814053e-14,1.267022349e-13,1.894906744e-13,3.561727138e-13,7.542428769e-14,8.320394141e-13,9.972872322e-14,5.269126936e-13,4.517966335e-14
4.4140625,1.25241801e-13,2.006202255e-13,1.458986181e-12,1.94955824e-13,2.154813113e-13,3.038106234e-13,1.625499257e-13,7.904872076e-14,2.581190716e-14,1.682762883e-13,7.164663351e-13,1.323258059e-13,1.18170602e-13,5.695269931e-13,9.535962944e-13,7.302886568e-13,5.781681696e-13,2.824723891e-13,1.346277727e-13,3.908372025e-13,1.084834731e-13,4.122381363e-14,8.355997673e-14,8.795066592e-14,1.25217581e-13,1.899507579e-13,3.547452093e-13,7.574372962e-14,8.230396816e-13,1.004504919e-13,5.208182834e-13,4.432388887e-14
4.421875,1.230252701e-13,2.026863809e-13,1.438059116e-12,1.965233895e-13,2.130911394e-13,2.9920259e-13,1.596655878e-13,7.831402608e-14,2.53937695e-14,1.702922581e-13,7.07563306e-13,1.306846343e-13,1.154246027e-13,5.640013631e-13,9.497596175e-13,7.289594666e-13,5.743817218e-13,2.812805164e-13,1.337896264e-13,3.837588557e-13,1.085290702e-13,4.079502209e-14,8.325248957e-14,8.715537525e-14,1.23736234e-13,1.903859563e-13,3.534038484e-13,7.615442119e-14,8.137078339e-13,1.012059791e-13,5.148111508e-13,4.344387092e-14
4.4296875,1.20822841e-13,2.049575997e-13,1.417221169e-12,1.983172615e-13,2.110613867e-13,2.947462629e-13,1.56707873e-13,7.761670783e-14,2.502908835e-14,1.723124408e-13,6.988313678e-13,1.291998057e-13,1.12847383e-13,5.589623291e-13,9.458333037e-13,7.272801592e-13,5.705335588e-13,2.802083825e-13,1.33123088e-13,3.764072029e-13,1.087257857e-13,4.046195088e-14,8.303669443e-14,8.64011392e-14,1.222128367e-13,1.907067728e-13,3.520594588e-13,7.66934186e-14,8.041472826e-13,1.020186488e-13,5.092392228e-13,4.257752727e-14
4.4375,1.186135501e-13,2.071383098e-13,1.396105136e-12,2.001443353e-13,2.090274453e-13,2.903664044e-13,1.537571957e-13,7.696686924e-14,2.467480837e-14,1.743301062e-13,6.898735021e-13,1.277168279e-13,1.103004256e-13,5.538737199e-13,9.419533807e-13,7.257732257e-13,5.669904733e-13,2.791604534e-13,1.324716387e-13,3.692947798e-13,1.088969043e-13,4.014413524e-14,8.292286616e-14,8.570162268e-14,1.206917104e-13,1.909673358e-13,3.507382782e-13,7.724199935e-14,7.943600279e-13,1.028215429e-13,5.036678512e-13,4.17556625e-14
4.4453125,1.164554077e-13,2.090629923e-13,1.37433119e-12,2.020695673e-13,2.069035345e-13,2.85865272e-13,1.507681861e-13,7.630917917e-14,2.431003173e-14,1.76282642e-13,6.806429399e-13,1.261187243e-13,1.077320933e-13,5.484008884e-13,9.379531749e-13,7.24335601e-13,5.635440464e-13,2.780457002e-13,1.317450704e-13,3.623194907e-13,1.090238378e-13,3.979045051e-14,8.282926587e-14,8.497761329e-14,1.191632312e-13,1.912113706e-13,3.495141213e-13,7.780271742e-14,7.843373339e-13,1.036011839e-13,4.977422004e-13,4.093953357e-14
4.453125,1.144735108e-13,2.111959814e-13,1.352295464e-12,2.043116954e-13,2.049320114e-13,2.813876231e-13,1.476966888e-13,7.563849933e-14,2.395923273e-14,1.781869555e-13,6.716334574e-13,1.245435921e-13,1.052424816e-13,5.430367078e-13,9.340034764e-13,7.227896999e-13,5.600792372e-13,2.770830729e-13,1.310996279e-13,3.552192667e-13,1.092826411e-13,3.946863895e-14,8.27219317e-14,8.426437685e-14,1.175919048e-13,1.913924811e-13,3.483892575e-13,7.860653077e-14,7.742127561e-13,1.044109397e-13,4.91809838e-13,4.012270953e-14
4.4609375,1.125395877e-13,2.137671228e-13,1.330544368e-12,2.068280793e-13,2.03133818e-13,2.772374671e-13,1.44649383e-13,7.496981187e-14,2.363568882e-14,1.801114189e-13,6.629420736e-13,1.230755972e-13,1.028750817e-13,5.380224981e-13,9.305718662e-13,7.214437475e-13,5.568280633e-13,2.763488461e-13,1.306238402e-13,3.482969091e-13,1.096527438e-13,3.922248329e-14,8.263981703e-14,8.363629192e-14,1.160210529e-13,1.915155022e-13,3.473031849e-13,7.967789978e-14,7.641230873e-13,1.052646056e-13,4.862375188e-13,3.934115576e-14
4.46875,1.104502864e-13,2.162926546e-13,1.308994533e-12,2.094354404e-13,2.013479579e-13,2.733325198e-13,1.41654063e-13,7.42883383e-14,2.332042484e-14,1.820309615e-13,6.543439791e-13,1.216418399e-13,1.005846816e-13,5.330634114e-13,9.274217528e-13,7.200964988e-13,5.536232828e-13,2.755903406e-13,1.301915007e-13,3.415535063e-13,1.1002371e-13,3.902044726e-14,8.259189682e-14,8.306139301e-14,1.14479743e-13,1.915872793e-13,3.461416796e-13,8.077095366e-14,7.539924208e-13,1.061371191e-13,4.809671438e-13,3.857920034e-14
4.4765625,1.082665571e-13,2.186210042e-13,1.287382764e-12,2.120368004e-13,1.994629029e-13,2.694513017e-13,1.386506097e-13,7.358125018e-14,2.29914498e-14,1.839694822e-13,6.457853273e-13,1.202230231e-13,9.83635332e-14,5.280479533e-13,9.241092146e-13,7.184073342e-13,5.502933698e-13,2.747099167e-13,1.296907855e-13,3.346160457e-13,1.10415903e-13,3.883302055e-14,8.256996076e-14,8.247978151e-14,1.129561295e-13,1.915718422e-13,3.449509877e-13,8.176522178e-14,7.437625695e-13,1.069710026e-13,4.758242219e-13,3.779798304e-14
4.484375,1.061430035e-13,2.210143893e-13,1.265724134e-12,2.146500748e-13,1.975881512e-13,2.655911957e-13,1.356604342e-13,7.284973891e-14,2.266291926e-14,1.860053068e-13,6.372123284e-13,1.188415109e-13,9.624274597e-14,5.230894793e-13,9.208606827e-13,7.16737392e-13,5.471422163e-13,2.738690042e-13,1.291737189e-13,3.276847182e-13,1.108235369e-13,3.865824223e-14,8.258458315e-14,8.187781889e-14,1.114744467e-13,1.915240419e-13,3.43927894e-13,8.269459293e-14,7.335120717e-13,1.077418145e-13,4.707450199e-13,3.701093183e-14
4.4921875,1.042064846e-13,2.233667091e-13,1.243990382e-12,2.174383273e-13,1.959781426e-13,2.616990123e-13,1.326743268e-13,7.208726628e-14,2.235150804e-14,1.88072015e-13,6.286128893e-13,1.17456495e-13,9.420974236e-14,5.182766743e-13,9.179137717e-13,7.152366229e-13,5.442646413e-13,2.732367661e-13,1.287354005e-13,3.210965323e-13,1.112052339e-13,3.849585932e-14,8.264037463e-14,8.126902201e-14,1.100403284e-13,1.91524179e-13,3.430671892e-13,8.364140551e-14,7.23131224e-13,1.085434432e-13,4.657053378e-13,3.626160838e-14
4.5,1.025545888e-13,2.256978083e-13,1.22205893e-12,2.20488607e-13,1.945589922e-13,2.576562479e-13,1.296455018e-13,7.129770364e-14,2.20356985e-14,1.900907623e-13,6.200846148e-13,1.160482785e-13,9.219538904e-14,5.136266215e-13,9.150771147e-13,7.135832822e-13,5.414543065e-13,2.728410172e-13,1.283504263e-13,3.146393195e-13,1.115969382e-13,3.833982512e-14,8.274250146e-14,8.06840643e-14,1.086119622e-13,1.915409964e-13,3.422607498e-13,8.47348556e-14,7.124477213e-13,1.094178644e-13,4.606451361e-13,3.556055919e-14
4.5078125,1.010498808e-13,2.283235001e-13,1.20006977e-12,2.236357272e-13,1.930739525e-13,2.536337165e-13,1.266422121e-13,7.050833049e-14,2.171503614e-14,1.920640805e-13,6.115767075e-13,1.146772874e-13,9.018378084e-14,5.090878653e-13,9.122805375e-13,7.118360753e-13,5.387729722e-13,2.725713589e-13,1.2793403e-13,3.081817406e-13,1.119917961e-13,3.819996291e-14,8.28676355e-14,8.013489423e-14,1.071879634e-13,1.915149661e-13,3.415543607e-13,8.592376048e-14,7.0161534e-13,1.102592522e-13,4.556181081e-13,3.487012901e-14
4.515625,9.943346245e-14,2.310514961e-13,1.178279013e-12,2.267876604e-13,1.916188478e-13,2.498949227e-13,1.237249245e-13,6.971358434e-14,2.141388147e-14,1.939509086e-13,6.030581238e-13,1.133900333e-13,8.825762974e-14,5.046818985e-13,9.096106846e-13,7.10194258e-13,5.363738581e-13,2.723946802e-13,1.275122784e-13,3.018736533e-13,1.123403319e-13,3.809699537e-14,8.296510383e-14,7.959876571e-14,1.057964766e-13,1.914199184e-13,3.409283666e-13,8.704754597e-14,6.908342232e-13,1.110561826e-13,4.508347745e-13,3.415756743e-14
4.5234375,9.768320682e-14,2.336579303e-13,1.156689727e-12,2.300950744e-13,1.902733067e-13,2.463933665e-13,1.208509364e-13,6.888116614e-14,2.110830895e-14,1.958107678e-13,5.946635272e-13,1.121449709e-13,8.644162244e-14,5.003778116e-13,9.070601532e-13,7.086219805e-13,5.341656651e-13,2.723197796e-13,1.271545609e-13,2.955685556e-13,1.126988979e-13,3.801669848e-14,8.305757392e-14,7.906006432e-14,1.044334045e-13,1.912647161e-13,3.402677307e-13,8.821623992e-14,6.80056013e-13,1.119010692e-13,4.462960351e-13,3.343764178e-14
4.53125,9.595829381e-14,2.363854994e-13,1.135215904e-12,2.336144774e-13,1.888063699e-13,2.429657028e-13,1.180201305e-13,6.804163865e-14,2.078244724e-14,1.977680968e-13,5.86398257e-13,1.108836374e-13,8.467804388e-14,4.960289305e-13,9.046810924e-13,7.07160163e-13,5.320453382e-13,2.722087412e-13,1.268253455e-13,2.891254063e-13,1.131176806e-13,3.793141843e-14,8.31973849e-14,7.853668141e-14,1.030983639e-13,1.911025576e-13,3.396366869e-13,8.955042366e-14,6.692678802e-13,1.127479585e-13,4.417923726e-13,3.273968258e-14
4.5390625,9.440697315e-14,2.39099059e-13,1.113895403e-12,2.371557909e-13,1.872158211e-13,2.395945629e-13,1.152616027e-13,6.724526271e-14,2.048295556e-14,1.997018993e-13,5.782019509e-13,1.096197175e-13,8.297979719e-14,4.917856252e-13,9.025068672e-13,7.057829992e-13,5.300906961e-13,2.720683284e-13,1.264808829e-13,2.828772148e-13,1.135264e-13,3.786106109e-14,8.336106209e-14,7.806211383e-14,1.018055189e-13,1.909195381e-13,3.391502164e-13,9.0895514e-14,6.5855132e-13,1.135217578e-13,4.373469145e-13,3.207591313e-14
4.546875,9.309496144e-14,2.416020114e-13,1.092664075e-12,2.405949934e-13,1.857120115e-13,2.362453005e-13,1.125389831e-13,6.648369346e-14,2.022273353e-14,2.015090666e-13,5.701070873e-13,1.083697473e-13,8.135799835e-14,4.87826268e-13,9.004392076e-13,7.043742561e-13,5.283396435e-13,2.720728673e-13,1.261511074e-13,2.770558435e-13,1.139087637e-13,3.782675695e-14,8.354761487e-14,7.761899052e-14,1.005380383e-13,1.90654627e-13,3.387866074e-13,9.224185509e-14,6.4785307e-13,1.14285363e-13,4.330420774e-13,3.145274947e-14
4.5546875,9.18941938e-14,2.444099968e-13,1.071393057e-12,2.440973725e-13,1.842717574e-13,2.328744915e-13,1.098360408e-13,6.574675813e-14,1.99652426e-14,2.033471687e-13,5.620751484e-13,1.071075076e-13,7.975267688e-14,4.838605815e-13,8.984743284e-13,7.030067437e-13,5.265847037e-13,2.721126265e-13,1.25843801e-13,2.713922405e-13,1.143634765e-13,3.780713374e-14,8.381374425e-14,7.714217933e-14,9.927535216e-14,1.903580959e-13,3.385159627e-13,9.374423049e-14,6.371387283e-13,1.150587421e-13,4.287554905e-13,3.086995651e-14
4.5625,9.064238291e-14,2.476221908e-13,1.050304924e-12,2.478390149e-13,1.828126518e-13,2.296393892e-13,1.071829693e-13,6.500857699e-14,1.97101653e-14,2.052071179e-13,5.541052977e-13,1.058730204e-13,7.820434441e-14,4.797735095e-13,8.965876365e-13,7.015257952e-13,5.246345772e-13,2.720042394e-13,1.255537738e-13,2.656713745e-13,1.149089487e-13,3.780762818e-14,8.413142355e-14,7.664432181e-14,9.802729508e-14,1.900589872e-13,3.38281405e-13,9.531232473e-14,6.265060774e-13,1.157719268e-13,4.245522672e-13,3.031611583e-14
4.5703125,8.940983976e-14,2.505687396e-13,1.029759244e-12,2.517507737e-13,1.813610918e-13,2.266464861e-13,1.045795228e-13,6.420644183e-14,1.947712288e-14,2.069078545e-13,5.463482668e-13,1.047314286e-13,7.679355275e-14,4.758565009e-13,8.946483311e-13,6.996327989e-13,5.226439571e-13,2.718458925e-13,1.253090802e-13,2.600942788e-13,1.154482537e-13,3.785831479e-14,8.441577263e-14,7.619110943e-14,9.67982852e-14,1.896778741e-13,3.379892194e-13,9.684580147e-14,6.159354139e-13,1.164466884e-13,4.20619004e-13,2.978342117e-14
4.578125,8.828318672e-14,2.532282743e-13,1.009647018e-12,2.557310002e-13,1.799083307e-13,2.237135299e-13,1.020250755e-13,6.337299608e-14,1.925668091e-14,2.084936334e-13,5.388655136e-13,1.036221592e-13,7.546338908e-14,4.720782651e-13,8.928089003e-13,6.976985347e-13,5.208843833e-13,2.717121546e-13,1.250855931e-13,2.548525557e-13,1.1594186e-13,3.793080377e-14,8.466809205e-14,7.576316141e-14,9.558807965e-14,1.892483671e-13,3.377627811e-13,9.845016378e-14,6.054089204e-13,1.17140083e-13,4.168203371e-13,2.926974757e-14
4.5859375,8.71766821e-14,2.560992464e-13,9.895913971e-13,2.596927699e-13,1.784125173e-13,2.207570497e-13,9.953805378e-14,6.25876284e-14,1.902668369e-14,2.100329182e-13,5.3157222e-13,1.024679598e-13,7.417904214e-14,4.682629384e-13,8.912232932e-13,6.961285696e-13,5.193642576e-13,2.715450855e-13,1.248248191e-13,2.497799659e-13,1.164404306e-13,3.79817064e-14,8.494398912e-14,7.533893609e-14,9.440879489e-14,1.888445058e-13,3.378095679e-13,1.00110703e-13,5.951371996e-13,1.17810239e-13,4.130256957e-13,2.876798437e-14
4.59375,8.60747655e-14,2.59130036e-13,9.695202402e-13,2.634230722e-13,1.768213971e-13,2.179507603e-13,9.710657668e-14,6.18241888e-14,1.878649302e-14,2.11465692e-13,5.242877922e-13,1.013192035e-13,7.299337872e-14,4.645097554e-13,8.895521967e-13,6.944528655e-13,5.178834006e-13,2.71333133e-13,1.24547647e-13,2.44679361e-13,1.169748369e-13,3.803091908e-14,8.525047935e-14,7.496131533e-14,9.324538777e-14,1.883685612e-13,3.379982269e-13,1.017235619e-13,5.850956631e-13,1.184105207e-13,4.09342153e-13,2.827668626e-14
4.6015625,8.509579526e-14,2.620830487e-13,9.496481532e-13,2.669421079e-13,1.751786909e-13,2.153299222e-13,9.472655401e-14,6.106650985e-14,1.856925028e-14,2.128244192e-13,5.168435335e-13,1.002388723e-13,7.186939398e-14,4.608360343e-13,8.876191512e-13,6.923264078e-13,5.163160264e-13,2.710904802e-13,1.243259995e-13,2.395968737e-13,1.175280052e-13,3.811229396e-14,8.555105725e-14,7.459803425e-14,9.207260229e-14,1.877399065e-13,3.380705111e-13,1.033578405e-13,5.748981137e-13,1.18962647e-13,4.057416104e-13,2.781265312e-14
4.609375,8.434749378e-14,2.649844585e-13,9.302593995e-13,2.706210819e-13,1.73685398e-13,2.127972709e-13,9.242252494e-14,6.034534856e-14,1.839287468e-14,2.140875527e-13,5.094557363e-13,9.922139111e-14,7.076220563e-14,4.57249497e-13,8.857388062e-13,6.901562184e-13,5.147601682e-13,2.709127434e-13,1.242028232e-13,2.345886624e-13,1.180792737e-13,3.82284365e-14,8.583373885e-14,7.419348341e-14,9.090939209e-14,1.870111529e-13,3.3807652e-13,1.051270863e-13,5.645590646e-13,1.194955233e-13,4.021574337e-13,2.738329429e-14
4.6171875,8.386532832e-14,2.678959716e-13,9.115359349e-13,2.745900638e-13,1.723435137e-13,2.103805286e-13,9.017773954e-14,5.96145727e-14,1.822844116e-14,2.151353161e-13,5.02507152e-13,9.826293015e-14,6.972935786e-14,4.538884251e-13,8.840015821e-13,6.881569168e-13,5.133736318e-13,2.708988493e-13,1.24146725e-13,2.297497577e-13,1.186236035e-13,3.836931212e-14,8.61210798e-14,7.381332618e-14,8.977418427e-14,1.86234994e-13,3.381676076e-13,1.070457056e-13,5.544850126e-13,1.200216092e-13,3.98708114e-13,2.697042852e-14
4.625,8.351921185e-14,2.708716933e-13,8.932754996e-13,2.786177613e-13,1.709288856e-13,2.080487781e-13,8.797191759e-14,5.885973671e-14,1.806653293e-14,2.160699136e-13,4.958464936e-13,9.735661614e-14,6.877354163e-14,4.506255047e-13,8.823025872e-13,6.861801119e-13,5.121182903e-13,2.709498786e-13,1.240528102e-13,2.253448299e-13,1.19164134e-13,3.850775363e-14,8.641854236e-14,7.349680109e-14,8.865833332e-14,1.854742111e-13,3.383294596e-13,1.090299063e-13,5.446945255e-13,1.205309655e-13,3.954103284e-13,2.657399038e-14
4.6328125,8.315625067e-14,2.738701325e-13,8.751039989e-13,2.825169023e-13,1.694612218e-13,2.056838426e-13,8.584853823e-14,5.813851236e-14,1.792818847e-14,2.170521673e-13,4.890924447e-13,9.646157264e-14,6.785106493e-14,4.473169242e-13,8.806840917e-13,6.841772479e-13,5.108884904e-13,2.709968195e-13,1.238930248e-13,2.213103463e-13,1.197021377e-13,3.862723553e-14,8.671744966e-14,7.316945222e-14,8.75751305e-14,1.847440832e-13,3.385253132e-13,1.109561326e-13,5.349816931e-13,1.209866362e-13,3.921741652e-13,2.62169696e-14
4.640625,8.284753564e-14,2.768355726e-13,8.570511968e-13,2.862834149e-13,1.68114694e-13,2.033851275e-13,8.382538332e-14,5.742791347e-14,1.780490976e-14,2.18017845e-13,4.823408743e-13,9.556999038e-14,6.701561743e-14,4.441460654e-13,8.790595444e-13,6.821048794e-13,5.097499602e-13,2.71129479e-13,1.237852794e-13,2.172909929e-13,1.202456002e-13,3.876721327e-14,8.701810837e-14,7.283186086e-14,8.653335276e-14,1.839363855e-13,3.387387426e-13,1.128517043e-13,5.254309818e-13,1.213736642e-13,3.890569357e-13,2.589275826e-14
4.6484375,8.265297603e-14,2.799295446e-13,8.394320586e-13,2.901124387e-13,1.668586217e-13,2.013344137e-13,8.187049726e-14,5.67029232e-14,1.768353782e-14,2.189082132e-13,4.758455372e-13,9.473316215e-14,6.631772281e-14,4.411673452e-13,8.774637599e-13,6.800940258e-13,5.088172361e-13,2.713457146e-13,1.237787278e-13,2.13402033e-13,1.208104777e-13,3.895749859e-14,8.730091893e-14,7.257421177e-14,8.551779522e-14,1.830340637e-13,3.389874055e-13,1.148343407e-13,5.16198813e-13,1.216990609e-13,3.861315575e-13,2.557589711e-14
4.65625,8.249688702e-14,2.830375523e-13,8.223161708e-13,2.941033542e-13,1.655860796e-13,1.994809876e-13,7.999870263e-14,5.599591035e-14,1.756989437e-14,2.197596969e-13,4.695143075e-13,9.395542048e-14,6.569753787e-14,4.382455346e-13,8.761216818e-13,6.783162259e-13,5.080509172e-13,2.715585382e-13,1.237577461e-13,2.098244288e-13,1.213905228e-13,3.91562258e-14,8.756026944e-14,7.237426559e-14,8.454758824e-14,1.821220906e-13,3.394101871e-13,1.168424894e-13,5.072698737e-13,1.219500203e-13,3.833117432e-13,2.526553758e-14
4.6640625,8.243822437e-14,2.857197622e-13,8.055403344e-13,2.979248921e-13,1.642622896e-13,1.976856163e-13,7.821734553e-14,5.52755071e-14,1.745892143e-14,2.2053775e-13,4.631508956e-13,9.31665611e-14,6.508128594e-14,4.353545121e-13,8.747061324e-13,6.763442934e-13,5.072426101e-13,2.717078236e-13,1.236538125e-13,2.061792762e-13,1.219671143e-13,3.932597354e-14,8.783770808e-14,7.211594685e-14,8.362937174e-14,1.811508867e-13,3.399685636e-13,1.187575019e-13,4.984508849e-13,1.22134244e-13,3.804426961e-13,2.497588291e-14
4.671875,8.250814568e-14,2.881889854e-13,7.891085547e-13,3.014580077e-13,1.629368675e-13,1.959894254e-13,7.647762583e-14,5.45422854e-14,1.736093424e-14,2.211970767e-13,4.568123028e-13,9.238894737e-14,6.448756861e-14,4.324798589e-13,8.729151816e-13,6.739142908e-13,5.062513622e-13,2.717875357e-13,1.235551819e-13,2.024275051e-13,1.225587123e-13,3.949719061e-14,8.813081003e-14,7.180976075e-14,8.270853556e-14,1.800703192e-13,3.403830448e-13,1.206432851e-13,4.895846297e-13,1.222939903e-13,3.775683801e-13,2.471616364e-14
4.6796875,8.256482878e-14,2.910358609e-13,7.732834048e-13,3.051540124e-13,1.617008516e-13,1.945730928e-13,7.480500659e-14,5.387039361e-14,1.72970895e-14,2.21726824e-13,4.507139852e-13,9.17444798e-14,6.401812019e-14,4.297203224e-13,8.71345666e-13,6.716473382e-13,5.052981398e-13,2.719203831e-13,1.235589704e-13,1.990774844e-13,1.232033732e-13,3.971146052e-14,8.838933379e-14,7.159055692e-14,8.178455762e-14,1.789819721e-13,3.407294303e-13,1.226261664e-13,4.810029954e-13,1.224270329e-13,3.750077292e-13,2.447765912e-14
4.6875,8.266854288e-14,2.940457029e-13,7.580930172e-13,3.090094781e-13,1.604590259e-13,1.934181409e-13,7.325646836e-14,5.322265157e-14,1.724776938e-14,2.221025862e-13,4.448310816e-13,9.120235362e-14,6.370280295e-14,4.272034519e-13,8.702106215e-13,6.697110003e-13,5.045850018e-13,2.721296759e-13,1.236356175e-13,1.960340688e-13,1.238911088e-13,3.995158815e-14,8.860956322e-14,7.147537874e-14,8.091301654e-14,1.779301015e-13,3.413330201e-13,1.246910983e-13,4.730383441e-13,1.224929346e-13,3.727810873e-13,2.424117582e-14
4.6953125,8.298951356e-14,2.966748896e-13,7.43072082e-13,3.123927713e-13,1.591136168e-13,1.921755046e-13,7.175283357e-14,5.253331533e-14,1.71972852e-14,2.223731204e-13,4.388840815e-13,9.061627044e-14,6.341420588e-14,4.246605652e-13,8.686934205e-13,6.673999194e-13,5.037605668e-13,2.722455076e-13,1.236935068e-13,1.928473505e-13,1.245609851e-13,4.016047264e-14,8.879331604e-14,7.133529204e-14,8.006739785e-14,1.768561897e-13,3.420400576e-13,1.266937459e-13,4.65225778e-13,1.224915133e-13,3.704050214e-13,2.400745695e-14
4.703125,8.347457308e-14,2.990691789e-13,7.280227328e-13,3.152585531e-13,1.579109636e-13,1.907214732e-13,7.022225417e-14,5.184941537e-14,1.716665566e-14,2.226331975e-13,4.32865752e-13,9.001492601e-14,6.308928795e-14,4.219367029e-13,8.66546082e-13,6.645914762e-13,5.025439526e-13,2.723238097e-13,1.237386885e-13,1.896455084e-13,1.251716815e-13,4.033626662e-14,8.892498552e-14,7.113320234e-14,7.920484192e-14,1.757285239e-13,3.425653393e-13,1.286033751e-13,4.572042722e-13,1.224399133e-13,3.678186685e-13,2.37799978e-14
4.7109375,8.409562097e-14,3.016503326e-13,7.134096571e-13,3.181800347e-13,1.569466795e-13,1.894504984e-13,6.876866949e-14,5.120163239e-14,1.715611807e-14,2.228465522e-13,4.270312915e-13,8.950008798e-14,6.283771268e-14,4.194438989e-13,8.644411319e-13,6.618003931e-13,5.013241173e-13,2.725488887e-13,1.238514463e-13,1.866250927e-13,1.257370003e-13,4.055035642e-14,8.9043355e-14,7.095816808e-14,7.837468722e-14,1.745181547e-13,3.431187793e-13,1.30578797e-13,4.494635078e-13,1.22324756e-13,3.655640508e-13,2.355863256e-14
4.71875,8.491431961e-14,3.044682395e-13,6.994559031e-13,3.212922916e-13,1.558956909e-13,1.885486621e-13,6.747832336e-14,5.059402051e-14,1.715571549e-14,2.228901973e-13,4.213818329e-13,8.902206356e-14,6.268443522e-14,4.17326778e-13,8.627073269e-13,6.59218059e-13,5.003770673e-13,2.728159012e-13,1.240227959e-13,1.836586116e-13,1.262878194e-13,4.082546584e-14,8.917179474e-14,7.083465503e-14,7.76046032e-14,1.732382882e-13,3.43897235e-13,1.326239313e-13,4.42200097e-13,1.221435322e-13,3.637229015e-13,2.337227481e-14
4.7265625,8.585178576e-14,3.072863234e-13,6.858687485e-13,3.242985546e-13,1.547260369e-13,1.876942053e-13,6.627689855e-14,5.005361418e-14,1.717725921e-14,2.227753599e-13,4.158446864e-13,8.854464978e-14,6.253443447e-14,4.152413043e-13,8.61127058e-13,6.567926457e-13,4.994351896e-13,2.730347408e-13,1.241820111e-13,1.807572329e-13,1.268645573e-13,4.109703802e-14,8.926294675e-14,7.070947674e-14,7.685472851e-14,1.719835853e-13,3.447342093e-13,1.345843991e-13,4.350414869e-13,1.219313977e-13,3.618951093e-13,2.321830033e-14
4.734375,8.685736329e-14,3.098688089e-13,6.726043099e-13,3.271409048e-13,1.536962202e-13,1.86744281e-13,6.508951766e-14,4.953549494e-14,1.721339724e-14,2.226494415e-13,4.105275759e-13,8.812505188e-14,6.240652375e-14,4.131085576e-13,8.59439912e-13,6.543850755e-13,4.983736954e-13,2.733109677e-13,1.243238208e-13,1.780002504e-13,1.275013702e-13,4.132813724e-14,8.931451151e-14,7.057366203e-14,7.612191523e-14,1.707755841e-13,3.455809813e-13,1.365528225e-13,4.280561423e-13,1.21713762e-13,3.600268614e-13,2.30373508e-14
4.7421875,8.797709457e-14,3.122919315e-13,6.597864362e-13,3.29932352e-13,1.52681967e-13,1.858660085e-13,6.393096696e-14,4.900494669e-14,1.725014659e-14,2.22543436e-13,4.053409284e-13,8.773677201e-14,6.235154277e-14,4.110271693e-13,8.575489651e-13,6.518499882e-13,4.973303515e-13,2.73602164e-13,1.244664169e-13,1.753590792e-13,1.281227971e-13,4.154256229e-14,8.935234272e-14,7.045320852e-14,7.541192721e-14,1.695567994e-13,3.465643373e-13,1.386466311e-13,4.214430393e-13,1.214774831e-13,3.582400435e-13,2.283178078e-14
4.75,8.918239524e-14,3.148588735e-13,6.47310882e-13,3.325991504e-13,1.514940075e-13,1.851088553e-13,6.282012664e-14,4.852032084e-14,1.730573452e-14,2.2232186e-13,4.001320291e-13,8.733948903e-14,6.230392017e-14,4.089491255e-13,8.55625055e-13,6.493906377e-13,4.963133498e-13,2.738237655e-13,1.245986664e-13,1.728484693e-13,1.286026818e-13,4.175953056e-14,8.933632402e-14,7.033191464e-14,7.469333244e-14,1.68317242e-13,3.476659508e-13,1.406747294e-13,4.149613439e-13,1.211951766e-13,3.564922144e-13,2.264924842e-14
4.7578125,9.048752551e-14,3.175230098e-13,6.352320804e-13,3.350560774e-13,1.502988038e-13,1.84481025e-13,6.175655338e-14,4.807362672e-14,1.738666479e-14,2.219564626e-13,3.950776683e-13,8.700050394e-14,6.226415453e-14,4.069472445e-13,8.537930207e-13,6.471186872e-13,4.953179874e-13,2.740637271e-13,1.24733133e-13,1.704113811e-13,1.289829188e-13,4.198874019e-14,8.926273137e-14,7.017626314e-14,7.39839638e-14,1.670345358e-13,3.488115879e-13,1.425506891e-13,4.085706433e-13,1.208462419e-13,3.548620205e-13,2.247503907e-14
4.765625,9.197215335e-14,3.199749613e-13,6.236804954e-13,3.374012612e-13,1.491724347e-13,1.840172809e-13,6.075756479e-14,4.76223335e-14,1.747561908e-14,2.215917903e-13,3.902172127e-13,8.673756065e-14,6.233231836e-14,4.051059613e-13,8.51934793e-13,6.448082851e-13,4.944438399e-13,2.743828514e-13,1.248935745e-13,1.680399608e-13,1.293937968e-13,4.223383312e-14,8.91925219e-14,7.00180226e-14,7.333936834e-14,1.656789221e-13,3.500157434e-13,1.444222623e-13,4.025294873e-13,1.204190962e-13,3.534341219e-13,2.230212373e-14
4.7734375,9.361945805e-14,3.222347374e-13,6.124341638e-13,3.396742818e-13,1.480131118e-13,1.836207553e-13,5.983690749e-14,4.722364472e-14,1.757738151e-14,2.213030033e-13,3.852951997e-13,8.648283718e-14,6.249569437e-14,4.033215006e-13,8.501048632e-13,6.426086119e-13,4.937584026e-13,2.747720916e-13,1.250715296e-13,1.659258846e-13,1.298199597e-13,4.247191286e-14,8.910325863e-14,6.991681785e-14,7.275505872e-14,1.643334737e-13,3.512926166e-13,1.463021311e-13,3.968251659e-13,1.19924092e-13,3.520487914e-13,2.216444962e-14
4.78125,9.53812675e-14,3.244438285e-13,6.013980571e-13,3.417860259e-13,1.468729801e-13,1.832514028e-13,5.897520898e-14,4.688673937e-14,1.770284918e-14,2.210094776e-13,3.803739662e-13,8.623573206e-14,6.268787668e-14,4.015526659e-13,8.48388268e-13,6.406863319e-13,4.932051127e-13,2.751986934e-13,1.252650492e-13,1.639905536e-13,1.301843979e-13,4.268740742e-14,8.893638965e-14,6.984564344e-14,7.219658844e-14,1.630657911e-13,3.526083725e-13,1.481705563e-13,3.913288033e-13,1.193932646e-13,3.506163688e-13,2.204583719e-14
4.7890625,9.722140276e-14,3.265181988e-13,5.908179092e-13,3.436825756e-13,1.458058192e-13,1.829773818e-13,5.815152601e-14,4.652777654e-14,1.784435976e-14,2.20588968e-13,3.756632926e-13,8.60316031e-14,6.293546194e-14,3.997935134e-13,8.464898426e-13,6.385562518e-13,4.92550236e-13,2.755659956e-13,1.254843702e-13,1.619783448e-13,1.304866237e-13,4.2897062e-14,8.873868399e-14,6.973628026e-14,7.165280175e-14,1.618032176e-13,3.539503915e-13,1.500570899e-13,3.860748069e-13,1.188285646e-13,3.492206478e-13,2.192020757e-14
4.796875,9.909906228e-14,3.284874488e-13,5.80654748e-13,3.452676633e-13,1.447553778e-13,1.827438143e-13,5.738138031e-14,4.61443143e-14,1.799555304e-14,2.200132245e-13,3.710009791e-13,8.584755784e-14,6.323871519e-14,3.979786173e-13,8.442509543e-13,6.360598885e-13,4.916454873e-13,2.7588255e-13,1.256940516e-13,1.600394325e-13,1.307416094e-13,4.310663841e-14,8.856296333e-14,6.959336552e-14,7.111579781e-14,1.604886291e-13,3.553421358e-13,1.51815207e-13,3.810880734e-13,1.181784131e-13,3.47845824e-13,2.18040705e-14
4.8046875,1.010355822e-13,3.30461368e-13,5.70713423e-13,3.464791305e-13,1.437386007e-13,1.825129908e-13,5.669307224e-14,4.578613393e-14,1.814635596e-14,2.194047788e-13,3.662560286e-13,8.565966228e-14,6.354083694e-14,3.961582262e-13,8.419076865e-13,6.336675601e-13,4.906336968e-13,2.762627525e-13,1.258425294e-13,1.583577282e-13,1.309683708e-13,4.329138507e-14,8.835958786e-14,6.945118616e-14,7.058533427e-14,1.591347693e-13,3.567292694e-13,1.533710499e-13,3.763078078e-13,1.174234185e-13,3.464003987e-13,2.169309579e-14
4.8125,1.030286252e-13,3.322713071e-13,5.611871559e-13,3.474731603e-13,1.428004005e-13,1.823810273e-13,5.608211259e-14,4.545755701e-14,1.828812414e-14,2.188727319e-13,3.616291396e-13,8.549879201e-14,6.387728814e-14,3.943814451e-13,8.395181722e-13,6.313438695e-13,4.895983666e-13,2.767140477e-13,1.259589601e-13,1.56792198e-13,1.311976491e-13,4.344059951e-14,8.808089004e-14,6.930666657e-14,7.008101137e-14,1.577440937e-13,3.580841527e-13,1.549053646e-13,3.717133786e-13,1.166312662e-13,3.448930913e-13,2.156974374e-14
4.8203125,1.050529921e-13,3.337938993e-13,5.522510913e-13,3.483206845e-13,1.419463063e-13,1.823667348e-13,5.551645315e-14,4.516071609e-14,1.844164742e-14,2.183823518e-13,3.572133878e-13,8.540597138e-14,6.431965468e-14,3.926535603e-13,8.369866994e-13,6.287878719e-13,4.885556525e-13,2.772320633e-13,1.261236249e-13,1.552594563e-13,1.314129052e-13,4.358676845e-14,8.775628243e-14,6.914353103e-14,6.962078651e-14,1.563491073e-13,3.595977519e-13,1.564591755e-13,3.674245023e-13,1.158466434e-13,3.434424106e-13,2.143775999e-14
4.828125,1.072264219e-13,3.351992831e-13,5.43683526e-13,3.489018789e-13,1.411574415e-13,1.824502885e-13,5.498153194e-14,4.489199955e-14,1.862051916e-14,2.178836212e-13,3.528682491e-13,8.536503379e-14,6.483677759e-14,3.911034772e-13,8.344224602e-13,6.262764884e-13,4.877349668e-13,2.778436265e-13,1.263468223e-13,1.537368582e-13,1.31588222e-13,4.375684301e-14,8.742099212e-14,6.896686962e-14,6.9202285e-14,1.549776554e-13,3.613003196e-13,1.579286436e-13,3.635340015e-13,1.150159287e-13,3.421325918e-13,2.129746836e-14
4.8359375,1.096334932e-13,3.366542234e-13,5.353152902e-13,3.492562137e-13,1.403361978e-13,1.826552445e-13,5.449340467e-14,4.465184577e-14,1.881243068e-14,2.173492916e-13,3.485192392e-13,8.5326791e-14,6.536868019e-14,3.8967096e-13,8.31911573e-13,6.240973658e-13,4.871543212e-13,2.78463473e-13,1.265884145e-13,1.522553103e-13,1.317340281e-13,4.39220423e-14,8.7067533e-14,6.882381167e-14,6.880028871e-14,1.536041754e-13,3.629118617e-13,1.594003768e-13,3.599115794e-13,1.141058312e-13,3.408365824e-13,2.116661112e-14
4.84375,1.121648026e-13,3.382587751e-13,5.27201671e-13,3.494684664e-13,1.394818664e-13,1.829198642e-13,5.405860186e-14,4.448695512e-14,1.903155288e-14,2.167392601e-13,3.441981176e-13,8.530527023e-14,6.591964956e-14,3.881007467e-13,8.29397159e-13,6.221040749e-13,4.864696939e-13,2.790679639e-13,1.268636104e-13,1.510410696e-13,1.318642149e-13,4.40572509e-14,8.668229795e-14,6.872886347e-14,6.840449297e-14,1.522621497e-13,3.645272035e-13,1.60981792e-13,3.564934706e-13,1.131531064e-13,3.393864981e-13,2.107354901e-14
4.8515625,1.148127164e-13,3.399211943e-13,5.193363858e-13,3.494384414e-13,1.387724791e-13,1.832226207e-13,5.366302097e-14,4.438987956e-14,1.928903254e-14,2.161195617e-13,3.398870211e-13,8.533748584e-14,6.651479204e-14,3.865545156e-13,8.268449799e-13,6.200949334e-13,4.856277878e-13,2.797689504e-13,1.272096569e-13,1.499754212e-13,1.319791697e-13,4.419575185e-14,8.627341411e-14,6.85960423e-14,6.804383561e-14,1.509566605e-13,3.664863173e-13,1.625600608e-13,3.533955947e-13,1.121370029e-13,3.378619914e-13,2.099746717e-14
4.859375,1.177215379e-13,3.412201624e-13,5.117621959e-13,3.491129103e-13,1.382003312e-13,1.836832677e-13,5.331648364e-14,4.428489884e-14,1.954545427e-14,2.155659416e-13,3.355316748e-13,8.538755497e-14,6.716485347e-14,3.853358157e-13,8.242719271e-13,6.180095965e-13,4.848907182e-13,2.80540955e-13,1.276167966e-13,1.486817807e-13,1.320340015e-13,4.4351301e-14,8.583768279e-14,6.839780292e-14,6.772616698e-14,1.49570476e-13,3.685894372e-13,1.639853724e-13,3.505324781e-13,1.110108582e-13,3.363835969e-13,2.090532209e-14
4.8671875,1.208148021e-13,3.421248325e-13,5.047152161e-13,3.486084672e-13,1.375631486e-13,1.843051681e-13,5.30331035e-14,4.417568807e-14,1.978879023e-14,2.14970805e-13,3.312248758e-13,8.545107243e-14,6.788037786e-14,3.842477276e-13,8.218232224e-13,6.160548777e-13,4.843131115e-13,2.812812865e-13,1.280753459e-13,1.473981171e-13,1.319979936e-13,4.448423861e-14,8.534879264e-14,6.82170084e-14,6.742583631e-14,1.481717646e-13,3.7063934e-13,1.652851854e-13,3.478014117e-13,1.098588163e-13,3.349227647e-13,2.080073615e-14
4.875,1.238376849e-13,3.432753775e-13,4.982456505e-13,3.481580425e-13,1.368565996e-13,1.849706512e-13,5.277428149e-14,4.409623766e-14,2.004834498e-14,2.142877987e-13,3.271505389e-13,8.56070045e-14,6.867558282e-14,3.830714852e-13,8.196431422e-13,6.145060073e-13,4.837276575e-13,2.820190203e-13,1.285951076e-13,1.464550869e-13,1.319682389e-13,4.459226776e-14,8.481142176e-14,6.80291671e-14,6.714780261e-14,1.469817909e-13,3.729502352e-13,1.666261415e-13,3.454352864e-13,1.087730541e-13,3.335247804e-13,2.068225997e-14
4.8828125,1.26834439e-13,3.448594375e-13,4.920239855e-13,3.479198065e-13,1.361974059e-13,1.856907376e-13,5.251474711e-14,4.401990325e-14,2.031674614e-14,2.136903517e-13,3.232332304e-13,8.583126654e-14,6.954544181e-14,3.819482689e-13,8.175531302e-13,6.132148859e-13,4.830087703e-13,2.827650431e-13,1.291530768e-13,1.455584547e-13,1.319918963e-13,4.470845625e-14,8.424904754e-14,6.776390743e-14,6.690142327e-14,1.459047466e-13,3.754752592e-13,1.681094713e-13,3.43512468e-13,1.076690889e-13,3.32213915e-13,2.054019287e-14
4.890625,1.301059826e-13,3.462913305e-13,4.857624832e-13,3.475927877e-13,1.356256063e-13,1.865120119e-13,5.230126265e-14,4.396909606e-14,2.059467687e-14,2.132259631e-13,3.192143124e-13,8.600053786e-14,7.043537066e-14,3.80885297e-13,8.15265419e-13,6.119283686e-13,4.822568706e-13,2.834785796e-13,1.297102287e-13,1.445810443e-13,1.319190875e-13,4.481593477e-14,8.36356648e-14,6.750726967e-14,6.666743472e-14,1.447182347e-13,3.778108612e-13,1.696394003e-13,3.417309761e-13,1.06451357e-13,3.307580087e-13,2.039387295e-14
4.8984375,1.33655903e-13,3.473260849e-13,4.795459901e-13,3.467496743e-13,1.352315779e-13,1.873639925e-13,5.215153609e-14,4.398959475e-14,2.09219801e-14,2.12733811e-13,3.151101415e-13,8.612838995e-14,7.129157539e-14,3.797699216e-13,8.127458281e-13,6.107156326e-13,4.816837685e-13,2.842615257e-13,1.302733632e-13,1.437561234e-13,1.316892436e-13,4.488941135e-14,8.295479231e-14,6.729859836e-14,6.645747736e-14,1.435074611e-13,3.801068016e-13,1.71044927e-13,3.399843921e-13,1.051761422e-13,3.290652858e-13,2.02654765e-14
4.90625,1.372660254e-13,3.483166328e-13,4.736624561e-13,3.455016626e-13,1.350567755e-13,1.882469606e-13,5.201987388e-14,4.404345031e-14,2.129018033e-14,2.121815754e-13,3.11128671e-13,8.634417967e-14,7.215879397e-14,3.787685794e-13,8.101425221e-13,6.096559966e-13,4.812891225e-13,2.852596873e-13,1.308974257e-13,1.43034587e-13,1.314361884e-13,4.496800308e-14,8.226282664e-14,6.703279666e-14,6.629753573e-14,1.423755765e-13,3.826919118e-13,1.722797108e-13,3.384957281e-13,1.038988194e-13,3.274640683e-13,2.014716292e-14
4.9140625,1.409906929e-13,3.493973949e-13,4.682802956e-13,3.440977681e-13,1.349482609e-13,1.892900237e-13,5.190082647e-14,4.411991719e-14,2.166619732e-14,2.116747124e-13,3.072914545e-13,8.668337768e-14,7.311837974e-14,3.78050113e-13,8.076559639e-13,6.087780638e-13,4.809937056e-13,2.864280516e-13,1.316114699e-13,1.423671935e-13,1.312125408e-13,4.508865694e-14,8.158445579e-14,6.673611557e-14,6.616607422e-14,1.412349488e-13,3.854801592e-13,1.734338219e-13,3.374006436e-13,1.025911902e-13,3.261917106e-13,2.002394774e-14
4.921875,1.448779776e-13,3.503492911e-13,4.633308072e-13,3.424526529e-13,1.348345084e-13,1.904594682e-13,5.182601174e-14,4.424822429e-14,2.206243821e-14,2.112103625e-13,3.03535078e-13,8.708445765e-14,7.414947603e-14,3.775033695e-13,8.053724383e-13,6.081500039e-13,4.80809056e-13,2.876208644e-13,1.323583676e-13,1.418504213e-13,1.309908584e-13,4.522328651e-14,8.087868565e-14,6.651304664e-14,6.604539497e-14,1.400877589e-13,3.883590055e-13,1.745529511e-13,3.366216582e-13,1.01254985e-13,3.25091519e-13,1.989421971e-14
4.9296875,1.487034224e-13,3.511653796e-13,4.586894713e-13,3.405708139e-13,1.34834868e-13,1.91593142e-13,5.179483161e-14,4.438302149e-14,2.247700465e-14,2.107139746e-13,2.999018512e-13,8.750726624e-14,7.519554438e-14,3.770174242e-13,8.031723217e-13,6.077011941e-13,4.806518521e-13,2.888543111e-13,1.330910593e-13,1.413604053e-13,1.307978777e-13,4.534300307e-14,8.014904612e-14,6.628960715e-14,6.595656889e-14,1.389960056e-13,3.91345743e-13,1.755671401e-13,3.361092898e-13,9.991257183e-14,3.239811197e-13,1.975510904e-14
4.9375,1.525234577e-13,3.520796384e-13,4.543337086e-13,3.385904495e-13,1.349955358e-13,1.927748365e-13,5.179396997e-14,4.451428806e-14,2.28856132e-14,2.101838031e-13,2.964320702e-13,8.79565505e-14,7.62935629e-14,3.766235778e-13,8.009866373e-13,6.074312437e-13,4.805685446e-13,2.902780642e-13,1.338773594e-13,1.408815483e-13,1.305923458e-13,4.546322528e-14,7.941865556e-14,6.597663048e-14,6.590340341e-14,1.379152178e-13,3.94443416e-13,1.764781562e-13,3.359864805e-13,9.853424698e-14,3.228358399e-13,1.960202602e-14
4.9453125,1.566349824e-13,3.530600571e-13,4.501882357e-13,3.364496814e-13,1.352258668e-13,1.941278247e-13,5.180652604e-14,4.470997775e-14,2.330208841e-14,2.096568371e-13,2.930823969e-13,8.842981642e-14,7.748283659e-14,3.762951014e-13,7.987687523e-13,6.074219712e-13,4.807976713e-13,2.918568514e-13,1.347540263e-13,1.405877093e-13,1.302871304e-13,4.558753444e-14,7.865279996e-14,6.565099591e-14,6.586067201e-14,1.368185765e-13,3.976784831e-13,1.773922873e-13,3.362807819e-13,9.710856413e-14,3.216111582e-13,1.944561196e-14
4.953125,1.60971588e-13,3.538972958e-13,4.461295778e-13,3.3411801e-13,1.354383677e-13,1.954638221e-13,5.181483549e-14,4.495223867e-14,2.373892174e-14,2.091672566e-13,2.897572885e-13,8.889054581e-14,7.870215621e-14,3.759344508e-13,7.963486502e-13,6.074882638e-13,4.812173524e-13,2.933617875e-13,1.356218598e-13,1.403925439e-13,1.299286153e-13,4.569180676e-14,7.784629916e-14,6.537880945e-14,6.581225544e-14,1.357289345e-13,4.009706313e-13,1.783382253e-13,3.36780481e-13,9.569040229e-14,3.202876461e-13,1.929384774e-14
4.9609375,1.654215427e-13,3.546899099e-13,4.42308612e-13,3.316664228e-13,1.356464043e-13,1.967722425e-13,5.185263871e-14,4.518361841e-14,2.41799782e-14,2.087763905e-13,2.863991462e-13,8.933620546e-14,7.990611127e-14,3.756212345e-13,7.938400218e-13,6.075688124e-13,4.815759014e-13,2.947769009e-13,1.364587285e-13,1.401587686e-13,1.296006234e-13,4.578650552e-14,7.70495187e-14,6.51071083e-14,6.577175495e-14,1.346565043e-13,4.042462662e-13,1.793310954e-13,3.374056785e-13,9.431324612e-14,3.190045235e-13,1.913628636e-14
4.96875,1.701531594e-13,3.555436776e-13,4.389941463e-13,3.290187132e-13,1.359889912e-13,1.983819585e-13,5.196156871e-14,4.542323271e-14,2.462582722e-14,2.085379197e-13,2.830951515e-13,8.984328681e-14,8.114400475e-14,3.756005697e-13,7.915937376e-13,6.079425826e-13,4.820424139e-13,2.963435047e-13,1.373944945e-13,1.399007662e-13,1.292789055e-13,4.590884944e-14,7.624935066e-14,6.478760543e-14,6.576801804e-14,1.336140411e-13,4.076744761e-13,1.804391941e-13,3.382717979e-13,9.293943096e-14,3.178729243e-13,1.897223149e-14
4.9765625,1.751202985e-13,3.562842791e-13,4.360991124e-13,3.261519977e-13,1.365290266e-13,2.002148866e-13,5.211021021e-14,4.568968769e-14,2.508350505e-14,2.084447744e-13,2.799469677e-13,9.04551263e-14,8.245382606e-14,3.758994808e-13,7.896022167e-13,6.086670799e-13,4.827870307e-13,2.981275095e-13,1.384666368e-13,1.396627753e-13,1.289257187e-13,4.605185413e-14,7.540042893e-14,6.445619877e-14,6.580243936e-14,1.325854494e-13,4.113248655e-13,1.815945654e-13,3.394125517e-13,9.15304757e-14,3.16818871e-13,1.881166455e-14
4.984375,1.800715281e-13,3.570102377e-13,4.334266753e-13,3.231853931e-13,1.371034419e-13,2.019430467e-13,5.225915495e-14,4.598144153e-14,2.554658438e-14,2.084657375e-13,2.768754204e-13,9.11253871e-14,8.383687313e-14,3.762876894e-13,7.877339026e-13,6.097052057e-13,4.83778666e-13,2.999643464e-13,1.39590291e-13,1.396712496e-13,1.285692136e-13,4.61823141e-14,7.454755783e-14,6.415423895e-14,6.586209048e-14,1.315888455e-13,4.150912325e-13,1.826718756e-13,3.409000294e-13,9.01089455e-14,3.157905466e-13,1.86485419e-14
4.9921875,1.850563226e-13,3.579739547e-13,4.310904447e-13,3.201154945e-13,1.37626089e-13,2.037821518e-13,5.241676381e-14,4.63035376e-14,2.602101299e-14,2.085739184e-13,2.737749424e-13,9.183344723e-14,8.53350843e-14,3.76718297e-13,7.860928665e-13,6.112327851e-13,4.851244871e-13,3.018280439e-13,1.407697696e-13,1.400124903e-13,1.282283857e-13,4.630664966e-14,7.375298285e-14,6.384745337e-14,6.596680989e-14,1.307096189e-13,4.190290281e-13,1.837245728e-13,3.428064267e-13,8.870825957e-14,3.148845071e-13,1.847548502e-14
5,1.903093158e-13,3.589597453e-13,4.291472663e-13,3.169511242e-13,1.382389986e-13,2.060137418e-13,5.258271765e-14,4.662668161e-14,2.651658553e-14,2.087228706e-13,2.707163017e-13,9.259726909e-14,8.695873788e-14,3.773284909e-13,7.846330204e-13,6.131798457e-13,4.868416393e-13,3.038152356e-13,1.420680041e-13,1.403328477e-13,1.278629284e-13,4.644999558e-14,7.298244168e-14,6.351005417e-14,6.61174586e-14,1.298991708e-13,4.230888798e-13,1.848578385e-13,3.449473232e-13,8.730537245e-14,3.141362786e-13,1.829591289e-14
5.0078125,1.958207186e-13,3.598121995e-13,4.273421034e-13,3.138117904e-13,1.389497071e-13,2.08358902e-13,5.274918833e-14,4.693711072e-14,2.702286068e-14,2.088991777e-13,2.677910295e-13,9.338382026e-14,8.860495815e-14,3.780105856e-13,7.831184796e-13,6.152445475e-13,4.88671711e-13,3.058199001e-13,1.434327445e-13,1.405580361e-13,1.274460405e-13,4.660340646e-14,7.218207013e-14,6.319450368e-14,6.625771875e-14,1.290272713e-13,4.270423439e-13,1.86055842e-13,3.472060312e-13,8.586683681e-14,3.134318599e-13,1.810652509e-14
5.015625,2.013408849e-13,3.607717668e-13,4.255726903e-13,3.106317906e-13,1.396129573e-13,2.105639368e-13,5.293554143e-14,4.727165659e-14,2.753045172e-14,2.091766287e-13,2.649364696e-13,9.416759457e-14,9.02190199e-14,3.785752579e-13,7.81450423e-13,6.173449202e-13,4.904401887e-13,3.076644305e-13,1.447630137e-13,1.409687471e-13,1.27023376e-13,4.674298041e-14,7.136739871e-14,6.291145113e-14,6.637434701e-14,1.281473406e-13,4.310117721e-13,1.872322841e-13,3.497204895e-13,8.441086918e-14,3.126979593e-13,1.790107593e-14
5.0234375,2.068323676e-13,3.618102363e-13,4.240390252e-13,3.073092036e-13,1.402995367e-13,2.127876545e-13,5.315211486e-14,4.764748246e-14,2.805361328e-14,2.096054518e-13,2.620812201e-13,9.49969655e-14,9.190508238e-14,3.792183258e-13,7.79699748e-13,6.195849281e-13,4.922628001e-13,3.094594237e-13,1.460862011e-13,1.414483808e-13,1.266306833e-13,4.687676494e-14,7.056658678e-14,6.260900585e-14,6.652508578e-14,1.273603568e-13,4.35236435e-13,1.883671863e-13,3.525486596e-13,8.296873648e-14,3.11999791e-13,1.768409722e-14
5.03125,2.12577723e-13,3.628340099e-13,4.228681434e-13,3.039598846e-13,1.411374427e-13,2.151894416e-13,5.338576012e-14,4.805846388e-14,2.86024119e-14,2.101437129e-13,2.593035438e-13,9.590766516e-14,9.373566e-14,3.802302335e-13,7.78153334e-13,6.221900911e-13,4.944353846e-13,3.114385699e-13,1.475209559e-13,1.418228728e-13,1.262363748e-13,4.703324599e-14,6.977234404e-14,6.229759832e-14,6.672847458e-14,1.2662486e-13,4.396272453e-13,1.896025168e-13,3.557166365e-13,8.154917625e-14,3.114377819e-13,1.746575732e-14
5.0390625,2.186100326e-13,3.641336079e-13,4.219558985e-13,3.005668793e-13,1.420298228e-13,2.17692928e-13,5.362197313e-14,4.848946821e-14,2.915469968e-14,2.107744764e-13,2.566900165e-13,9.687073629e-14,9.563733099e-14,3.814823578e-13,7.770553094e-13,6.253151168e-13,4.970536032e-13,3.136086994e-13,1.490983439e-13,1.423221895e-13,1.258221973e-13,4.721464637e-14,6.898028839e-14,6.199759074e-14,6.695351911e-14,1.258999351e-13,4.441864888e-13,1.910126581e-13,3.592729839e-13,8.014868516e-14,3.110119565e-13,1.725022118e-14
5.046875,2.246744669e-13,3.657307271e-13,4.210599705e-13,2.969701542e-13,1.42939287e-13,2.201081947e-13,5.385096525e-14,4.891206744e-14,2.969513897e-14,2.115103866e-13,2.541631549e-13,9.783705185e-14,9.754660825e-14,3.827045358e-13,7.761539016e-13,6.287084472e-13,4.997837219e-13,3.158248922e-13,1.50736906e-13,1.429947913e-13,1.254050447e-13,4.739781192e-14,6.820431636e-14,6.167015072e-14,6.719029135e-14,1.251873175e-13,4.490222308e-13,1.924037129e-13,3.630382706e-13,7.874497102e-14,3.106013538e-13,1.703431968e-14
5.0546875,2.307433011e-13,3.672410655e-13,4.20089139e-13,2.932979305e-13,1.439907411e-13,2.223898345e-13,5.408803455e-14,4.9329802e-14,3.024244015e-14,2.123077341e-13,2.515994754e-13,9.878634193e-14,9.947134661e-14,3.839252532e-13,7.750939319e-13,6.320434472e-13,5.023262674e-13,3.179549566e-13,1.523650546e-13,1.435749878e-13,1.249847625e-13,4.75720511e-14,6.745526003e-14,6.13154041e-14,6.742963986e-14,1.2445365e-13,4.538687595e-13,1.936746525e-13,3.668504578e-13,7.732891716e-14,3.101392718e-13,1.682091879e-14
5.0625,2.368121133e-13,3.685719904e-13,4.193387127e-13,2.897298549e-13,1.451613934e-13,2.247408692e-13,5.435822682e-14,4.976288552e-14,3.080349187e-14,2.131832405e-13,2.490227159e-13,9.976372565e-14,1.014093225e-13,3.852853741e-13,7.739650216e-13,6.353626846e-13,5.048253891e-13,3.199363058e-13,1.539895954e-13,1.440042867e-13,1.245652708e-13,4.774662869e-14,6.673886694e-14,6.095686955e-14,6.765607531e-14,1.236964801e-13,4.585384323e-13,1.949880112e-13,3.708004186e-13,7.593609701e-14,3.097157905e-13,1.661326491e-14
5.0703125,2.427928106e-13,3.699609168e-13,4.190307401e-13,2.862034588e-13,1.463393054e-13,2.272888106e-13,5.464137772e-14,5.022092218e-14,3.136831332e-14,2.142200109e-13,2.465632945e-13,1.008298855e-13,1.033858339e-13,3.868055286e-13,7.730399801e-13,6.389731693e-13,5.076668362e-13,3.219026887e-13,1.55690442e-13,1.444774187e-13,1.241600416e-13,4.793586924e-14,6.605005623e-14,6.05728323e-14,6.789882189e-14,1.22969464e-13,4.633503704e-13,1.964162132e-13,3.74949998e-13,7.457688868e-14,3.09396281e-13,1.63993199e-14
5.078125,2.489156771e-13,3.715946141e-13,4.189318173e-13,2.826685383e-13,1.475163381e-13,2.298988384e-13,5.490137485e-14,5.072592787e-14,3.193810688e-14,2.153284653e-13,2.442900328e-13,1.019671668e-13,1.054636618e-13,3.884556604e-13,7.723953171e-13,6.431185302e-13,5.11054684e-13,3.240326685e-13,1.575274666e-13,1.45147839e-13,1.237612587e-13,4.813754779e-14,6.536046094e-14,6.017902491e-14,6.818375684e-14,1.223171186e-13,4.684709392e-13,1.979178336e-13,3.793386723e-13,7.32237716e-14,3.091410891e-13,1.61779209e-14
5.0859375,2.553178482e-13,3.733512592e-13,4.188743803e-13,2.789798517e-13,1.486916261e-13,2.324311822e-13,5.514848966e-14,5.125045813e-14,3.249497807e-14,2.163486815e-13,2.42156462e-13,1.03116892e-13,1.076342873e-13,3.901588298e-13,7.718211229e-13,6.475579411e-13,5.146989875e-13,3.262514689e-13,1.594310412e-13,1.459028039e-13,1.233513179e-13,4.832156125e-14,6.464497882e-14,5.980589354e-14,6.847932768e-14,1.217219937e-13,4.736450608e-13,1.994710643e-13,3.840785635e-13,7.188914241e-14,3.089494517e-13,1.596632993e-14
5.09375,2.617768323e-13,3.74891819e-13,4.189715392e-13,2.748855348e-13,1.499054673e-13,2.349184126e-13,5.541630819e-14,5.17263015e-14,3.30208008e-14,2.173599607e-13,2.401071183e-13,1.042600088e-13,1.098609549e-13,3.918745851e-13,7.710628709e-13,6.51837903e-13,5.182555909e-13,3.284410329e-13,1.613393329e-13,1.465229418e-13,1.228862199e-13,4.848392441e-14,6.392332083e-14,5.940345221e-14,6.877433589e-14,1.210914355e-13,4.787821259e-13,2.00966519e-13,3.891287741e-13,7.058356712e-14,3.088338e-13,1.576106431e-14
5.1015625,2.683249492e-13,3.762649857e-13,4.192169512e-13,2.705915805e-13,1.512486761e-13,2.375148286e-13,5.57167242e-14,5.217268633e-14,3.35528429e-14,2.185302355e-13,2.381546795e-13,1.054034235e-13,1.121585206e-13,3.93744195e-13,7.702498004e-13,6.561328334e-13,5.219930541e-13,3.306595505e-13,1.633476856e-13,1.471027264e-13,1.223405641e-13,4.867736762e-14,6.324076797e-14,5.895623573e-14,6.9095494e-14,1.203826763e-13,4.840268317e-13,2.023926615e-13,3.943494777e-13,6.927338372e-14,3.087482734e-13,1.555229134e-14
5.109375,2.750632248e-13,3.778122452e-13,4.196338572e-13,2.664908579e-13,1.526683321e-13,2.403242658e-13,5.603039276e-14,5.263959325e-14,3.412192592e-14,2.198561878e-13,2.363077991e-13,1.065716809e-13,1.144970668e-13,3.958736502e-13,7.696253324e-13,6.608112193e-13,5.262170547e-13,3.329042673e-13,1.655092569e-13,1.478044486e-13,1.21819288e-13,4.892613175e-14,6.260129171e-14,5.853066093e-14,6.942915972e-14,1.196690754e-13,4.89353884e-13,2.039779158e-13,3.996778289e-13,6.797808443e-14,3.087258164e-13,1.535720896e-14
5.1171875,2.818072828e-13,3.795150849e-13,4.20379473e-13,2.625002992e-13,1.541237928e-13,2.432429449e-13,5.633046662e-14,5.311796713e-14,3.470456071e-14,2.212688076e-13,2.345420792e-13,1.078034002e-13,1.168301001e-13,3.981859219e-13,7.691139862e-13,6.656621652e-13,5.306597359e-13,3.351306067e-13,1.677423532e-13,1.48462769e-13,1.214112452e-13,4.91976222e-14,6.197158048e-14,5.811263425e-14,6.975710498e-14,1.189856025e-13,4.94644837e-13,2.058116178e-13,4.051432173e-13,6.67500363e-14,3.088810865e-13,1.518362698e-14
5.125,2.885667706e-13,3.813304085e-13,4.213029203e-13,2.584707156e-13,1.557107301e-13,2.461246636e-13,5.662322693e-14,5.361220161e-14,3.528632064e-14,2.2273547e-13,2.328433328e-13,1.090937965e-13,1.192180635e-13,4.006281375e-13,7.686895199e-13,6.705441655e-13,5.351158404e-13,3.374067402e-13,1.70022629e-13,1.490223303e-13,1.210076277e-13,4.947761624e-14,6.135367178e-14,5.763381565e-14,7.010208759e-14,1.18308454e-13,4.999580865e-13,2.077145181e-13,4.109189902e-13,6.55571388e-14,3.092095934e-13,1.501028211e-14
5.1328125,2.953546965e-13,3.833384903e-13,4.221770038e-13,2.544433797e-13,1.573260383e-13,2.489671191e-13,5.691911726e-14,5.411310478e-14,3.587176838e-14,2.242380475e-13,2.311684743e-13,1.103964745e-13,1.216969701e-13,4.031386268e-13,7.683802825e-13,6.755863503e-13,5.396605954e-13,3.396571131e-13,1.723464292e-13,1.496687665e-13,1.205319287e-13,4.976255446e-14,6.076558701e-14,5.712654823e-14,7.045741122e-14,1.176528134e-13,5.053463249e-13,2.095441951e-13,4.17006808e-13,6.434958254e-14,3.095869407e-13,1.482820417e-14
5.140625,3.019387119e-13,3.852414223e-13,4.232047319e-13,2.503063781e-13,1.587959296e-13,2.518001471e-13,5.718846776e-14,5.456555323e-14,3.645800734e-14,2.258246544e-13,2.295179136e-13,1.116980826e-13,1.242033982e-13,4.055880907e-13,7.679021184e-13,6.805477891e-13,5.442378839e-13,3.417187361e-13,1.746694812e-13,1.503420645e-13,1.200934223e-13,5.003771723e-14,6.017560309e-14,5.663513674e-14,7.079264522e-14,1.169854685e-13,5.106154825e-13,2.113565254e-13,4.230807154e-13,6.315085331e-14,3.099780807e-13,1.465381698e-14
5.1484375,3.084855206e-13,3.870062208e-13,4.246419032e-13,2.461036302e-13,1.603200146e-13,2.546674379e-13,5.742869015e-14,5.499819387e-14,3.706153747e-14,2.27571944e-13,2.280517088e-13,1.130494697e-13,1.267560511e-13,4.08074978e-13,7.672305462e-13,6.853302995e-13,5.488898699e-13,3.437247453e-13,1.770783047e-13,1.509331403e-13,1.197403662e-13,5.033261715e-14,5.956974193e-14,5.613122607e-14,7.111974352e-14,1.162402901e-13,5.156602542e-13,2.133487206e-13,4.291759757e-13,6.199786005e-14,3.105144258e-13,1.449615055e-14
5.15625,3.152888409e-13,3.891410187e-13,4.263682062e-13,2.420654479e-13,1.620955156e-13,2.576246429e-13,5.768580167e-14,5.548043611e-14,3.768858092e-14,2.294523942e-13,2.268205953e-13,1.144887262e-13,1.29401944e-13,4.107858589e-13,7.667462488e-13,6.903275462e-13,5.537957201e-13,3.458113855e-13,1.796542409e-13,1.515493871e-13,1.194025933e-13,5.066907801e-14,5.899901261e-14,5.563866467e-14,7.144576313e-14,1.1547687e-13,5.207454963e-13,2.155792809e-13,4.356141571e-13,6.08986035e-14,3.112385256e-13,1.43380678e-14
5.1640625,3.221201601e-13,3.915257575e-13,4.280842684e-13,2.38024131e-13,1.638973808e-13,2.60556961e-13,5.794693163e-14,5.596633925e-14,3.829338012e-14,2.313813711e-13,2.255875173e-13,1.1593935e-13,1.320521126e-13,4.135385642e-13,7.663332063e-13,6.955501623e-13,5.58841279e-13,3.477686754e-13,1.822525418e-13,1.521479814e-13,1.19051e-13,5.098597962e-14,5.845932465e-14,5.521131149e-14,7.174553825e-14,1.147714975e-13,5.259839799e-13,2.178376099e-13,4.421262321e-13,5.984015994e-14,3.119330935e-13,1.416658263e-14
5.171875,3.288268902e-13,3.937167039e-13,4.296747844e-13,2.338336242e-13,1.655281162e-13,2.633325935e-13,5.815314244e-14,5.639263447e-14,3.885919355e-14,2.333816487e-13,2.242360593e-13,1.17316012e-13,1.34674876e-13,4.161028546e-13,7.65622411e-13,7.006950469e-13,5.638130147e-13,3.495004518e-13,1.847794352e-13,1.52635857e-13,1.18668676e-13,5.125632822e-14,5.788195778e-14,5.478053489e-14,7.202843992e-14,1.140800808e-13,5.310760765e-13,2.200771913e-13,4.484106711e-13,5.879576775e-14,3.125317451e-13,1.400512462e-14
5.1796875,3.355940243e-13,3.959547947e-13,4.313613038e-13,2.297553651e-13,1.6712433e-13,2.661013986e-13,5.832822997e-14,5.680038987e-14,3.944150298e-14,2.355438813e-13,2.229264497e-13,1.187001892e-13,1.373806892e-13,4.18675604e-13,7.648008287e-13,7.058192879e-13,5.687404416e-13,3.512321179e-13,1.873404836e-13,1.531373814e-13,1.182651286e-13,5.154825832e-14,5.728739828e-14,5.426813948e-14,7.233183535e-14,1.13352249e-13,5.35904129e-13,2.22501868e-13,4.548562835e-13,5.776243637e-14,3.133101459e-13,1.387503796e-14
5.1875,3.424311536e-13,3.983640294e-13,4.333268156e-13,2.257462803e-13,1.688264608e-13,2.690478106e-13,5.854356132e-14,5.723332599e-14,4.006147668e-14,2.378239444e-13,2.217307792e-13,1.20183769e-13,1.401589887e-13,4.214800841e-13,7.640710993e-13,7.109576852e-13,5.737188779e-13,3.530060445e-13,1.899607903e-13,1.536278811e-13,1.179350714e-13,5.188725442e-14,5.675270305e-14,5.373454902e-14,7.265234558e-14,1.125823603e-13,5.405913033e-13,2.250698026e-13,4.61599049e-13,5.675816827e-14,3.143002427e-13,1.375543319e-14
5.1953125,3.492480678e-13,4.008237512e-13,4.353952821e-13,2.216043405e-13,1.705943897e-13,2.720596403e-13,5.878727665e-14,5.766771585e-14,4.067190657e-14,2.401086236e-13,2.206233046e-13,1.21702822e-13,1.429237593e-13,4.244121248e-13,7.633185306e-13,7.160377177e-13,5.787709309e-13,3.546669048e-13,1.925938162e-13,1.539990073e-13,1.176923903e-13,5.223189489e-14,5.626517566e-14,5.323915985e-14,7.295221138e-14,1.117783796e-13,5.450972503e-13,2.276565233e-13,4.683080325e-13,5.57880827e-14,3.152533645e-13,1.362793554e-14
5.203125,3.560651831e-13,4.037123626e-13,4.374565694e-13,2.176148429e-13,1.723570463e-13,2.749498762e-13,5.899313148e-14,5.808927348e-14,4.126424087e-14,2.424587803e-13,2.196408947e-13,1.232310866e-13,1.457610865e-13,4.274059501e-13,7.626732059e-13,7.213265477e-13,5.839548465e-13,3.563049778e-13,1.953007188e-13,1.544272891e-13,1.174445231e-13,5.258008379e-14,5.57853771e-14,5.276730565e-14,7.322581835e-14,1.10982173e-13,5.494901325e-13,2.304258021e-13,4.751166138e-13,5.485986948e-14,3.162584144e-13,1.350991979e-14
5.2109375,3.62919895e-13,4.068701091e-13,4.396142513e-13,2.138832185e-13,1.741219764e-13,2.777584076e-13,5.915444889e-14,5.85160739e-14,4.18734811e-14,2.449883493e-13,2.187201587e-13,1.248075141e-13,1.487403682e-13,4.305255189e-13,7.622027597e-13,7.268792792e-13,5.893437358e-13,3.580258858e-13,1.980855796e-13,1.549350424e-13,1.171827958e-13,5.294651366e-14,5.534288211e-14,5.232627502e-14,7.351094619e-14,1.101937361e-13,5.539206999e-13,2.333873778e-13,4.821614957e-13,5.397496969e-14,3.174633228e-13,1.341525885e-14
5.21875,3.697903903e-13,4.094962418e-13,4.417990616e-13,2.100377215e-13,1.75884801e-13,2.806038078e-13,5.931127997e-14,5.893878438e-14,4.24875408e-14,2.476749328e-13,2.177777009e-13,1.263539309e-13,1.51725127e-13,4.336171971e-13,7.615580632e-13,7.322519393e-13,5.948105909e-13,3.59587002e-13,2.008256224e-13,1.552436571e-13,1.169488972e-13,5.330613303e-14,5.49554971e-14,5.190056112e-14,7.381622784e-14,1.093569617e-13,5.581104901e-13,2.363145021e-13,4.890541482e-13,5.311262434e-14,3.186479497e-13,1.333901503e-14
5.2265625,3.765317982e-13,4.119507246e-13,4.439368758e-13,2.060753287e-13,1.775587457e-13,2.834437643e-13,5.94702928e-14,5.934936666e-14,4.309379392e-14,2.505159442e-13,2.169098191e-13,1.278477436e-13,1.546504964e-13,4.364922982e-13,7.607334439e-13,7.374355211e-13,6.00120291e-13,3.608619346e-13,2.03526347e-13,1.554080574e-13,1.167430155e-13,5.364817337e-14,5.459272784e-14,5.14526726e-14,7.411218328e-14,1.085003607e-13,5.618372953e-13,2.392874727e-13,4.958072218e-13,5.226628455e-14,3.197826402e-13,1.328131267e-14
5.234375,3.830917209e-13,4.150358267e-13,4.461632935e-13,2.022544448e-13,1.791861356e-13,2.862014264e-13,5.962510954e-14,5.978466538e-14,4.373368031e-14,2.535209141e-13,2.161478941e-13,1.294335676e-13,1.576371436e-13,4.393117467e-13,7.600763045e-13,7.428219655e-13,6.053096468e-13,3.621223096e-13,2.063246422e-13,1.55686665e-13,1.165762235e-13,5.399419441e-14,5.424808798e-14,5.10320847e-14,7.440602648e-14,1.076873817e-13,5.654159505e-13,2.424450332e-13,5.028259175e-13,5.143530591e-14,3.211110246e-13,1.323799195e-14
5.2421875,3.895881688e-13,4.183079873e-13,4.485532323e-13,1.984570087e-13,1.809521999e-13,2.889282662e-13,5.979582227e-14,6.023596957e-14,4.440127039e-14,2.565864678e-13,2.153976494e-13,1.311306197e-13,1.607106533e-13,4.423027974e-13,7.594603388e-13,7.482314355e-13,6.105378479e-13,3.634671167e-13,2.092131476e-13,1.559959454e-13,1.164423474e-13,5.434590064e-14,5.393184403e-14,5.064458219e-14,7.47094044e-14,1.068801494e-13,5.689604644e-13,2.456045089e-13,5.100248251e-13,5.061365119e-14,3.225675831e-13,1.31871327e-14
5.25,3.959710444e-13,4.21213484e-13,4.511020266e-13,1.945456703e-13,1.827843515e-13,2.916413256e-13,5.997953488e-14,6.065014506e-14,4.503551723e-14,2.597102225e-13,2.14710018e-13,1.328131973e-13,1.637612172e-13,4.453917877e-13,7.586118292e-13,7.532948814e-13,6.157703767e-13,3.646814951e-13,2.120539544e-13,1.56179375e-13,1.163106357e-13,5.468464824e-14,5.363553174e-14,5.018972772e-14,7.498932028e-14,1.060436135e-13,5.721325512e-13,2.487053991e-13,5.171571999e-13,4.982854043e-14,3.239804618e-13,1.312499434e-14
5.2578125,4.020925872e-13,4.23876807e-13,4.537495191e-13,1.906582507e-13,1.844196614e-13,2.94230814e-13,6.014314879e-14,6.106270342e-14,4.56375813e-14,2.629789396e-13,2.141519112e-13,1.344395423e-13,1.667518355e-13,4.483454342e-13,7.576349431e-13,7.581815629e-13,6.209618731e-13,3.656929866e-13,2.147913761e-13,1.562638496e-13,1.161860912e-13,5.498744608e-14,5.336199607e-14,4.969175278e-14,7.525405383e-14,1.052284888e-13,5.748741313e-13,2.518483571e-13,5.241754587e-13,4.909991902e-14,3.253559368e-13,1.307845265e-14
5.265625,4.078487374e-13,4.263340945e-13,4.563372198e-13,1.868852076e-13,1.858725849e-13,2.966551638e-13,6.027748743e-14,6.152026786e-14,4.624494047e-14,2.663082186e-13,2.136496348e-13,1.360174922e-13,1.697194876e-13,4.510058567e-13,7.565310522e-13,7.630214375e-13,6.259968168e-13,3.664893834e-13,2.174408433e-13,1.562795179e-13,1.160625002e-13,5.523713563e-14,5.311724591e-14,4.923781331e-14,7.553281288e-14,1.044566573e-13,5.775014477e-13,2.549444423e-13,5.310195938e-13,4.839919069e-14,3.266329366e-13,1.305318191e-14
5.2734375,4.131860005e-13,4.288787439e-13,4.588884634e-13,1.83228043e-13,1.873094313e-13,2.990111068e-13,6.037879157e-14,6.196105134e-14,4.686428371e-14,2.696467749e-13,2.131892934e-13,1.375848557e-13,1.72701645e-13,4.534369695e-13,7.551425037e-13,7.675493994e-13,6.305991676e-13,3.669662005e-13,2.200413125e-13,1.563044648e-13,1.159366945e-13,5.546865032e-14,5.28860497e-14,4.877261447e-14,7.576271745e-14,1.036652631e-13,5.800627852e-13,2.580425164e-13,5.378604404e-13,4.770735122e-14,3.278343133e-13,1.302957192e-14
5.28125,4.184597812e-13,4.318383481e-13,4.614874583e-13,1.796839835e-13,1.887673727e-13,3.013525725e-13,6.043696258e-14,6.236181919e-14,4.749609827e-14,2.730992671e-13,2.127988022e-13,1.392170092e-13,1.75735737e-13,4.558487337e-13,7.535358243e-13,7.716073521e-13,6.348095868e-13,3.67254189e-13,2.226898957e-13,1.563702397e-13,1.158411157e-13,5.573464434e-14,5.267340135e-14,4.828555767e-14,7.590276136e-14,1.027768451e-13,5.821846551e-13,2.613406672e-13,5.448090907e-13,4.702082029e-14,3.291335629e-13,1.301458554e-14
5.2890625,4.239403023e-13,4.346275874e-13,4.640186345e-13,1.76181395e-13,1.903255868e-13,3.035964027e-13,6.047583199e-14,6.279814734e-14,4.812336246e-14,2.766623193e-13,2.124566076e-13,1.408631686e-13,1.787959132e-13,4.582646252e-13,7.517973962e-13,7.75308637e-13,6.389171671e-13,3.676065627e-13,2.254208186e-13,1.562786577e-13,1.157478313e-13,5.601774769e-14,5.250121855e-14,4.785121256e-14,7.604816393e-14,1.017976876e-13,5.837820473e-13,2.646842144e-13,5.51487745e-13,4.633705781e-14,3.304996274e-13,1.302497926e-14
5.296875,4.291435464e-13,4.369999809e-13,4.665589788e-13,1.726852819e-13,1.920594438e-13,3.056965173e-13,6.051199041e-14,6.329218154e-14,4.873162449e-14,2.803286555e-13,2.121969013e-13,1.424461635e-13,1.818269973e-13,4.60611543e-13,7.500189213e-13,7.789601992e-13,6.429892661e-13,3.680014645e-13,2.281768574e-13,1.560017169e-13,1.156456943e-13,5.629389741e-14,5.235544553e-14,4.739595202e-14,7.626892379e-14,1.00836858e-13,5.853642924e-13,2.679400561e-13,5.579099975e-13,4.568667273e-14,3.318871203e-13,1.304982349e-14
5.3046875,4.338657845e-13,4.396749022e-13,4.692397605e-13,1.692421594e-13,1.937798313e-13,3.077379325e-13,6.051476637e-14,6.380709384e-14,4.93591152e-14,2.841721879e-13,2.119891558e-13,1.440382435e-13,1.848623002e-13,4.629429733e-13,7.483618914e-13,7.828025276e-13,6.470292033e-13,3.682952839e-13,2.309584331e-13,1.558018665e-13,1.156131499e-13,5.658240575e-14,5.221554917e-14,4.686170608e-14,7.651030502e-14,9.995908706e-14,5.870875555e-13,2.713463821e-13,5.645398218e-13,4.508128254e-14,3.333667209e-13,1.308266895e-14
5.3125,4.385302066e-13,4.426168795e-13,4.717663425e-13,1.65848089e-13,1.952446485e-13,3.096930923e-13,6.047037927e-14,6.43241914e-14,5.000561055e-14,2.880500414e-13,2.117280064e-13,1.456343539e-13,1.879147456e-13,4.651138203e-13,7.466337875e-13,7.865936745e-13,6.510046215e-13,3.684147354e-13,2.337231109e-13,1.556855369e-13,1.156035004e-13,5.684030263e-14,5.20869133e-14,4.63734458e-14,7.671565894e-14,9.91085055e-14,5.884764293e-13,2.748845439e-13,5.711620224e-13,4.449074844e-14,3.347625279e-13,1.313321381e-14
5.3203125,4.430724763e-13,4.452668871e-13,4.740646922e-13,1.624781709e-13,1.964935493e-13,3.114553722e-13,6.040912704e-14,6.482597381e-14,5.061481275e-14,2.91812285e-13,2.115181397e-13,1.471368836e-13,1.909088058e-13,4.669375647e-13,7.446343539e-13,7.901485765e-13,6.54824316e-13,3.683372429e-13,2.363522497e-13,1.554501746e-13,1.155022038e-13,5.701480201e-14,5.196493487e-14,4.595887661e-14,7.690252684e-14,9.824981809e-14,5.894783695e-13,2.78283599e-13,5.774264903e-13,4.39269968e-14,3.359848559e-13,1.319649579e-14
5.328125,4.473012645e-13,4.478206046e-13,4.765343578e-13,1.591645349e-13,1.97751694e-13,3.13187019e-13,6.036287784e-14,6.531035705e-14,5.121367713e-14,2.956448014e-13,2.114740261e-13,1.486311193e-13,1.93867747e-13,4.687323097e-13,7.426857409e-13,7.937835661e-13,6.586179208e-13,3.681570772e-13,2.389109301e-13,1.551379477e-13,1.153839591e-13,5.71789703e-14,5.184218346e-14,4.551108171e-14,7.710933742e-14,9.741726443e-14,5.903737306e-13,2.816337352e-13,5.83658592e-13,4.340751303e-14,3.373375652e-13,1.326449893e-14
5.3359375,4.514099151e-13,4.503652251e-13,4.791109351e-13,1.559464888e-13,1.991314869e-13,3.149946388e-13,6.032887997e-14,6.580350975e-14,5.185855674e-14,2.996839203e-13,2.114366964e-13,1.50197471e-13,1.968706882e-13,4.70715544e-13,7.408219609e-13,7.973775297e-13,6.622814579e-13,3.679190376e-13,2.415067482e-13,1.548288268e-13,1.153255207e-13,5.738672831e-14,5.17253968e-14,4.503081528e-14,7.7325297e-14,9.661327814e-14,5.909593034e-13,2.850968234e-13,5.899371611e-13,4.289101424e-14,3.388239299e-13,1.334865417e-14
5.34375,4.552866057e-13,4.5271892e-13,4.813523977e-13,1.528253479e-13,2.005543822e-13,3.165669431e-13,6.026079785e-14,6.632373529e-14,5.251765122e-14,3.038131599e-13,2.11312727e-13,1.517181892e-13,1.998533905e-13,4.725125423e-13,7.385571061e-13,8.003742097e-13,6.653452507e-13,3.675033893e-13,2.440380589e-13,1.544060276e-13,1.152560992e-13,5.7569625e-14,5.160446476e-14,4.456677793e-14,7.750684448e-14,9.581280093e-14,5.910742943e-13,2.885742654e-13,5.959169852e-13,4.235850669e-14,3.400947209e-13,1.346547004e-14
5.3515625,4.589037361e-13,4.551953757e-13,4.833288012e-13,1.497534009e-13,2.019608878e-13,3.178236061e-13,6.013516816e-14,6.688688833e-14,5.317474078e-14,3.079992537e-13,2.111707462e-13,1.531663268e-13,2.027669191e-13,4.739947496e-13,7.359228464e-13,8.029809548e-13,6.679339732e-13,3.669249928e-13,2.464821224e-13,1.538320819e-13,1.151587427e-13,5.77072662e-14,5.147999474e-14,4.41177797e-14,7.76629979e-14,9.501443544e-14,5.909228072e-13,2.920332048e-13,6.016289488e-13,4.182642352e-14,3.411878746e-13,1.361327818e-14
5.359375,4.625566142e-13,4.577217572e-13,4.853999517e-13,1.466843732e-13,2.033891469e-13,3.191159363e-13,5.998801884e-14,6.749521513e-14,5.385954931e-14,3.122695425e-13,2.10958351e-13,1.546297615e-13,2.057095482e-13,4.754279917e-13,7.332966749e-13,8.056884854e-13,6.7050063e-13,3.662876787e-13,2.489447663e-13,1.532377013e-13,1.150410037e-13,5.784364437e-14,5.138793046e-14,4.370852833e-14,7.782689399e-14,9.423169406e-14,5.904885255e-13,2.954803384e-13,6.07222702e-13,4.12933291e-14,3.423232866e-13,1.377332112e-14
5.3671875,4.659878426e-13,4.598278775e-13,4.875921663e-13,1.436367079e-13,2.0477839e-13,3.204375982e-13,5.982440842e-14,6.811688664e-14,5.454551897e-14,3.165588845e-13,2.106705742e-13,1.560774933e-13,2.087052198e-13,4.76768433e-13,7.305739065e-13,8.082486837e-13,6.728715914e-13,3.655078338e-13,2.513642544e-13,1.526880518e-13,1.148605421e-13,5.79639774e-14,5.13276194e-14,4.334800485e-14,7.796947441e-14,9.347439456e-14,5.896444941e-13,2.988528304e-13,6.126666076e-13,4.077906247e-14,3.434100377e-13,1.394019526e-14
5.375,4.689344206e-13,4.618100564e-13,4.897053174e-13,1.406483446e-13,2.060273759e-13,3.21511648e-13,5.961570318e-14,6.874164897e-14,5.521154945e-14,3.208802244e-13,2.104593516e-13,1.574877173e-13,2.116625833e-13,4.778731345e-13,7.275360503e-13,8.10302387e-13,6.747816343e-13,3.645124743e-13,2.536910427e-13,1.521036893e-13,1.14675362e-13,5.805206752e-14,5.126204051e-14,4.299358429e-14,7.806289453e-14,9.270666493e-14,5.883749096e-13,3.022733916e-13,6.179910121e-13,4.030778829e-14,3.443532514e-13,1.412414574e-14
5.3828125,4.715861897e-13,4.639162808e-13,4.916882735e-13,1.377479871e-13,2.071791502e-13,3.224168139e-13,5.938726882e-14,6.938477158e-14,5.589543006e-14,3.25305743e-13,2.103182311e-13,1.589209245e-13,2.145545415e-13,4.787579198e-13,7.24206743e-13,8.119219342e-13,6.76274363e-13,3.632979491e-13,2.559754628e-13,1.514398529e-13,1.145475337e-13,5.812090567e-14,5.119523554e-14,4.262770701e-14,7.812977288e-14,9.189437253e-14,5.866710689e-13,3.058427058e-13,6.231457796e-13,3.985028842e-14,3.452082027e-13,1.432101227e-14
5.390625,4.736720626e-13,4.657086016e-13,4.935829524e-13,1.349346487e-13,2.082327778e-13,3.232388102e-13,5.916383399e-14,7.003268249e-14,5.658867878e-14,3.298040086e-13,2.100878236e-13,1.603168491e-13,2.173798375e-13,4.792799218e-13,7.206141867e-13,8.13246414e-13,6.772864458e-13,3.617515771e-13,2.580813547e-13,1.508324624e-13,1.143984261e-13,5.813899246e-14,5.114529629e-14,4.225190705e-14,7.817101444e-14,9.111158305e-14,5.847405624e-13,3.093273493e-13,6.279756076e-13,3.937908093e-14,3.458976014e-13,1.452796365e-14
5.3984375,4.750688266e-13,4.671885083e-13,4.952123401e-13,1.32094001e-13,2.091094198e-13,3.238069954e-13,5.891571363e-14,7.06829731e-14,5.724741181e-14,3.343532175e-13,2.097259599e-13,1.615719827e-13,2.200948411e-13,4.79382915e-13,7.167903208e-13,8.143364727e-13,6.778703759e-13,3.599098708e-13,2.599310606e-13,1.503561756e-13,1.141978919e-13,5.808370411e-14,5.110528018e-14,4.188294252e-14,7.818122202e-14,9.040426726e-14,5.826823444e-13,3.125773358e-13,6.323921192e-13,3.890181356e-14,3.462954472e-13,1.4754414e-14
5.40625,4.765079322e-13,4.687450209e-13,4.964935832e-13,1.291521068e-13,2.099544734e-13,3.241755463e-13,5.862230491e-14,7.136572908e-14,5.789827096e-14,3.390141576e-13,2.093804839e-13,1.627614337e-13,2.227328168e-13,4.793418761e-13,7.127248953e-13,8.151324244e-13,6.782611824e-13,3.580483503e-13,2.617921958e-13,1.497895783e-13,1.140255507e-13,5.800941174e-14,5.107745178e-14,4.156975949e-14,7.819228319e-14,8.965780186e-14,5.802183607e-13,3.158358145e-13,6.364334605e-13,3.842778293e-14,3.465481041e-13,1.498870866e-14
5.4140625,4.782423029e-13,4.70414891e-13,4.977827351e-13,1.262724958e-13,2.109523821e-13,3.24591228e-13,5.8274188e-14,7.207737183e-14,5.859426134e-14,3.437884507e-13,2.09253435e-13,1.640157964e-13,2.254159211e-13,4.793234107e-13,7.083575782e-13,8.15509612e-13,6.784718719e-13,3.562501232e-13,2.638318074e-13,1.490005482e-13,1.138900049e-13,5.797785554e-14,5.105554643e-14,4.130517989e-14,7.820696386e-14,8.88316514e-14,5.774355703e-13,3.193368334e-13,6.404237702e-13,3.796697968e-14,3.46952003e-13,1.522438744e-14
5.421875,4.797535394e-13,4.721163081e-13,4.99114791e-13,1.235778375e-13,2.119468947e-13,3.250030381e-13,5.786961189e-14,7.280672223e-14,5.932083199e-14,3.485900491e-13,2.092698104e-13,1.65290533e-13,2.281805486e-13,4.792075936e-13,7.037937521e-13,8.155258341e-13,6.78398485e-13,3.543149746e-13,2.658570412e-13,1.482165125e-13,1.137106061e-13,5.796794259e-14,5.101278422e-14,4.103537786e-14,7.819702453e-14,8.806671765e-14,5.746571256e-13,3.229549428e-13,6.44489691e-13,3.751734657e-14,3.474582198e-13,1.549129948e-14
5.4296875,4.807405272e-13,4.736117558e-13,5.00015708e-13,1.209151415e-13,2.127287906e-13,3.251439887e-13,5.74514373e-14,7.358187172e-14,6.002799982e-14,3.533818421e-13,2.091284744e-13,1.664323012e-13,2.309038105e-13,4.787890769e-13,6.990970882e-13,8.152683571e-13,6.778752995e-13,3.520562248e-13,2.676564565e-13,1.475481015e-13,1.13448863e-13,5.788988287e-14,5.096423643e-14,4.077552156e-14,7.817209771e-14,8.741976838e-14,5.717135613e-13,3.264139959e-13,6.481599161e-13,3.706646144e-14,3.47702192e-13,1.580006457e-14
5.4375,4.811463407e-13,4.746246417e-13,5.006116203e-13,1.181743736e-13,2.134001397e-13,3.249968797e-13,5.704167884e-14,7.439568288e-14,6.07241056e-14,3.582412593e-13,2.088516278e-13,1.674428953e-13,2.33471887e-13,4.779711936e-13,6.941432971e-13,8.147186578e-13,6.767474339e-13,3.494809649e-13,2.692320774e-13,1.468044176e-13,1.131712056e-13,5.772784871e-14,5.094491996e-14,4.05474323e-14,7.815156453e-14,8.680578815e-14,5.685046364e-13,3.297046382e-13,6.513541024e-13,3.662764494e-14,3.476765405e-13,1.612930384e-14
5.4453125,4.812335097e-13,4.753985781e-13,5.014343223e-13,1.154798456e-13,2.141733175e-13,3.248553097e-13,5.661151965e-14,7.520829249e-14,6.147568429e-14,3.63238122e-13,2.086716798e-13,1.685088659e-13,2.359506487e-13,4.769791461e-13,6.889675667e-13,8.139196006e-13,6.752649097e-13,3.468028519e-13,2.707549425e-13,1.4593439e-13,1.129369093e-13,5.758434481e-14,5.09330488e-14,4.03014382e-14,7.812220457e-14,8.618734016e-14,5.652042881e-13,3.330792524e-13,6.545441725e-13,3.620800694e-14,3.47748467e-13,1.647093606e-14
5.453125,4.815623732e-13,4.761924058e-13,5.023436768e-13,1.129307333e-13,2.151394625e-13,3.248691658e-13,5.616822855e-14,7.604607488e-14,6.229932098e-14,3.683359675e-13,2.085132527e-13,1.697056209e-13,2.384575433e-13,4.761416822e-13,6.837360389e-13,8.12916481e-13,6.73711083e-13,3.44199841e-13,2.723664021e-13,1.450657216e-13,1.126899033e-13,5.749589324e-14,5.088984161e-14,4.002544758e-14,7.807234913e-14,8.559606284e-14,5.616560811e-13,3.366341649e-13,6.575989315e-13,3.579481439e-14,3.479630151e-13,1.682182761e-14
5.4609375,4.820512969e-13,4.76835441e-13,5.030779519e-13,1.104783454e-13,2.162358263e-13,3.248352541e-13,5.574141134e-14,7.694910699e-14,6.313450457e-14,3.735117718e-13,2.082786812e-13,1.709011191e-13,2.409574114e-13,4.754402323e-13,6.785193296e-13,8.117759522e-13,6.719681297e-13,3.415908422e-13,2.739894362e-13,1.442171603e-13,1.124154336e-13,5.73846537e-14,5.082804342e-14,3.977874438e-14,7.802189967e-14,8.506824711e-14,5.577826965e-13,3.402349625e-13,6.602084697e-13,3.541004135e-14,3.480700855e-13,1.717642812e-14
5.46875,4.820687999e-13,4.772584492e-13,5.038443728e-13,1.080730475e-13,2.172401064e-13,3.245924087e-13,5.53169135e-14,7.788968909e-14,6.395113974e-14,3.787797545e-13,2.081077402e-13,1.72011817e-13,2.433672153e-13,4.746271237e-13,6.733749326e-13,8.106149839e-13,6.699906536e-13,3.388041592e-13,2.754794382e-13,1.434056231e-13,1.122009835e-13,5.722546693e-14,5.078329226e-14,3.958643682e-14,7.799593266e-14,8.462182714e-14,5.538018234e-13,3.437985531e-13,6.626948449e-13,3.507429611e-14,3.48021853e-13,1.754492624e-14
5.4765625,4.814778684e-13,4.774865304e-13,5.046290855e-13,1.057335301e-13,2.180122355e-13,3.241997434e-13,5.487022769e-14,7.885100338e-14,6.47764177e-14,3.840409799e-13,2.080066069e-13,1.730727816e-13,2.457182891e-13,4.735638569e-13,6.682503345e-13,8.093356668e-13,6.67852157e-13,3.357719006e-13,2.768350147e-13,1.427379651e-13,1.120042292e-13,5.704532526e-14,5.075878522e-14,3.943445763e-14,7.797666378e-14,8.423279666e-14,5.496745882e-13,3.472950338e-13,6.651624343e-13,3.475603485e-14,3.47890271e-13,1.793734448e-14
5.484375,4.806311598e-13,4.775005294e-13,5.052209582e-13,1.034896185e-13,2.187265761e-13,3.237020174e-13,5.439627507e-14,7.986195636e-14,6.561784597e-14,3.892229404e-13,2.078861445e-13,1.740870737e-13,2.480422127e-13,4.72278599e-13,6.629652144e-13,8.07829783e-13,6.654496464e-13,3.325563171e-13,2.781026689e-13,1.421869034e-13,1.117053142e-13,5.683855141e-14,5.072981353e-14,3.932121514e-14,7.792589491e-14,8.387779359e-14,5.454093912e-13,3.506682229e-13,6.673061482e-13,3.4434854e-14,3.476904555e-13,1.835388239e-14
5.4921875,4.797667877e-13,4.774521332e-13,5.057408095e-13,1.013515185e-13,2.19574018e-13,3.23141502e-13,5.390276604e-14,8.092919607e-14,6.646864433e-14,3.94463618e-13,2.07774902e-13,1.750528455e-13,2.502554663e-13,4.708681123e-13,6.574892569e-13,8.061753531e-13,6.627466209e-13,3.292914132e-13,2.792825465e-13,1.416153099e-13,1.113460092e-13,5.661865473e-14,5.069337613e-14,3.922471358e-14,7.784888236e-14,8.35522455e-14,5.411545272e-13,3.539646586e-13,6.691583293e-13,3.412224145e-14,3.474213942e-13,1.87891221e-14
5.5,4.787595333e-13,4.772768892e-13,5.06206144e-13,9.932301294e-14,2.204566864e-13,3.225840293e-13,5.34030453e-14,8.202952362e-14,6.734309021e-14,3.998366836e-13,2.076035471e-13,1.759992341e-13,2.522851702e-13,4.692796158e-13,6.51841848e-13,8.041712071e-13,6.596659021e-13,3.259246286e-13,2.803712719e-13,1.410502331e-13,1.109793448e-13,5.640589873e-14,5.066782202e-14,3.90967703e-14,7.775998911e-14,8.323673649e-14,5.366274404e-13,3.572682422e-13,6.7080067e-13,3.381059199e-14,3.469960252e-13,1.923015897e-14
5.5078125,4.773342447e-13,4.767620085e-13,5.063406283e-13,9.737285898e-14,2.212230425e-13,3.219527684e-13,5.289262316e-14,8.314294312e-14,6.824455952e-14,4.05229979e-13,2.073069747e-13,1.768943994e-13,2.542102061e-13,4.673443493e-13,6.459716197e-13,8.016490203e-13,6.55999234e-13,3.222539376e-13,2.81380633e-13,1.406455639e-13,1.105414099e-13,5.617293573e-14,5.063563344e-14,3.894545494e-14,7.764762169e-14,8.295748792e-14,5.316882492e-13,3.605532983e-13,6.721245486e-13,3.348566552e-14,3.463836215e-13,1.968128776e-14
5.515625,4.755557323e-13,4.761782732e-13,5.061553578e-13,9.54363211e-14,2.219185309e-13,3.211654804e-13,5.23635192e-14,8.429898598e-14,6.916782155e-14,4.106674031e-13,2.070281047e-13,1.777167015e-13,2.561691079e-13,4.65138223e-13,6.399880758e-13,7.990769967e-13,6.519173382e-13,3.183606213e-13,2.823450846e-13,1.404049934e-13,1.100472805e-13,5.591035779e-14,5.056694346e-14,3.884660313e-14,7.752979368e-14,8.277335657e-14,5.267842758e-13,3.638087086e-13,6.731940327e-13,3.315595765e-14,3.457483084e-13,2.016245403e-14
5.5234375,4.736350964e-13,4.756370713e-13,5.059108988e-13,9.35137174e-14,2.226500576e-13,3.202808705e-13,5.181975725e-14,8.557132402e-14,7.01234472e-14,4.162473521e-13,2.067710591e-13,1.785323378e-13,2.581222971e-13,4.628565862e-13,6.339840793e-13,7.966285327e-13,6.476575792e-13,3.144235702e-13,2.832556773e-13,1.401414437e-13,1.095737987e-13,5.563524056e-14,5.048356029e-14,3.883098165e-14,7.741426581e-14,8.264113422e-14,5.220010247e-13,3.670488716e-13,6.739838418e-13,3.283573703e-14,3.450783144e-13,2.066820495e-14
5.53125,4.714435329e-13,4.746734163e-13,5.056039473e-13,9.165427714e-14,2.234021342e-13,3.19321623e-13,5.125327511e-14,8.694137812e-14,7.110084352e-14,4.218307129e-13,2.063523471e-13,1.793340894e-13,2.598638913e-13,4.604222303e-13,6.277912079e-13,7.937065044e-13,6.429986138e-13,3.103048882e-13,2.84018631e-13,1.397416004e-13,1.090759798e-13,5.533817307e-14,5.040952989e-14,3.883950242e-14,7.724152047e-14,8.247951596e-14,5.169597884e-13,3.701837268e-13,6.742885655e-13,3.252584533e-14,3.441313096e-13,2.11824052e-14
5.5390625,4.689533961e-13,4.733480373e-13,5.050634991e-13,8.985051288e-14,2.240796281e-13,3.182772971e-13,5.067426026e-14,8.832052502e-14,7.207344724e-14,4.272836521e-13,2.057959179e-13,1.800263821e-13,2.613517716e-13,4.577138296e-13,6.213803246e-13,7.902646283e-13,6.379701568e-13,3.059780406e-13,2.846294672e-13,1.3936544e-13,1.084844645e-13,5.502094769e-14,5.033190497e-14,3.883377842e-14,7.70090852e-14,8.230875872e-14,5.116785212e-13,3.732006671e-13,6.742294695e-13,3.221400026e-14,3.429377771e-13,2.170674774e-14
5.546875,4.664787993e-13,4.721681455e-13,5.043140718e-13,8.810538869e-14,2.246820109e-13,3.172038612e-13,5.011078185e-14,8.974365395e-14,7.305855675e-14,4.327277275e-13,2.052425146e-13,1.806171325e-13,2.627636484e-13,4.548147979e-13,6.149366486e-13,7.869232956e-13,6.329558727e-13,3.016930242e-13,2.852090924e-13,1.392357881e-13,1.078413277e-13,5.469770157e-14,5.026216497e-14,3.885299982e-14,7.67920933e-14,8.217404947e-14,5.064273555e-13,3.762435202e-13,6.740379218e-13,3.189922773e-14,3.417107127e-13,2.224057785e-14
5.5546875,4.640358342e-13,4.708897161e-13,5.034474963e-13,8.645189309e-14,2.25321025e-13,3.160987344e-13,4.95329241e-14,9.126172057e-14,7.408478114e-14,4.382312459e-13,2.046768169e-13,1.811632489e-13,2.641647654e-13,4.517533903e-13,6.083323727e-13,7.83556284e-13,6.277154151e-13,2.973503744e-13,2.857679482e-13,1.392625082e-13,1.071990199e-13,5.4356233e-14,5.021224189e-14,3.8924692e-14,7.65706265e-14,8.205265123e-14,5.012077498e-13,3.792831206e-13,6.735531244e-13,3.159493851e-14,3.403891644e-13,2.278025849e-14
5.5625,4.614216441e-13,4.690991151e-13,5.023774661e-13,8.48259744e-14,2.260536204e-13,3.149225834e-13,4.8911145e-14,9.277164636e-14,7.513426113e-14,4.43683266e-13,2.040310406e-13,1.816493504e-13,2.654962669e-13,4.485441619e-13,6.013423659e-13,7.795812572e-13,6.217817399e-13,2.927112281e-13,2.862233322e-13,1.391671192e-13,1.065365658e-13,5.40090404e-14,5.012732299e-14,3.903114906e-14,7.627334528e-14,8.190499719e-14,4.958862175e-13,3.821576798e-13,6.725954031e-13,3.128946427e-14,3.388821071e-13,2.332653453e-14
5.5703125,4.587545675e-13,4.671939947e-13,5.010862953e-13,8.315916196e-14,2.268631629e-13,3.137254154e-13,4.829697662e-14,9.421955243e-14,7.61860039e-14,4.490830905e-13,2.033174462e-13,1.821022096e-13,2.668221052e-13,4.454113121e-13,5.942956611e-13,7.75298988e-13,6.154931456e-13,2.880565184e-13,2.866015688e-13,1.389878258e-13,1.058452769e-13,5.368707147e-14,4.997130122e-14,3.916695653e-14,7.594760157e-14,8.176290242e-14,4.904318049e-13,3.849704393e-13,6.713795711e-13,3.096735184e-14,3.373437399e-13,2.386754652e-14
5.578125,4.560607963e-13,4.65517696e-13,4.99788684e-13,8.153807503e-14,2.277140299e-13,3.125359224e-13,4.77105185e-14,9.569035332e-14,7.724604853e-14,4.545518681e-13,2.026357571e-13,1.825729493e-13,2.681718022e-13,4.423992087e-13,5.876056756e-13,7.713491921e-13,6.093752461e-13,2.836410826e-13,2.869452171e-13,1.390137877e-13,1.051642145e-13,5.336169208e-14,4.979560734e-14,3.934104096e-14,7.56638138e-14,8.172401377e-14,4.849803948e-13,3.879169976e-13,6.701217375e-13,3.066152502e-14,3.358025822e-13,2.43949253e-14
5.5859375,4.530436699e-13,4.636969504e-13,4.985012392e-13,8.007016602e-14,2.285089266e-13,3.112852257e-13,4.709770494e-14,9.720965497e-14,7.83118232e-14,4.600850916e-13,2.020671105e-13,1.829944272e-13,2.693859499e-13,4.391978009e-13,5.810008667e-13,7.674904252e-13,6.033003511e-13,2.791607552e-13,2.872071005e-13,1.392347218e-13,1.044659217e-13,5.300004897e-14,4.963924675e-14,3.956465515e-14,7.538185912e-14,8.179058022e-14,4.7970396e-13,3.908909855e-13,6.687080292e-13,3.039641398e-14,3.340688017e-13,2.491999194e-14
5.59375,4.497554904e-13,4.61485725e-13,4.969282608e-13,7.873305272e-14,2.292351012e-13,3.099124877e-13,4.645334132e-14,9.87593403e-14,7.937983005e-14,4.655642375e-13,2.015066401e-13,1.833145969e-13,2.704060949e-13,4.357519106e-13,5.740884476e-13,7.63158878e-13,5.969752909e-13,2.744126166e-13,2.873807448e-13,1.39414503e-13,1.036575883e-13,5.263341627e-14,4.947578061e-14,3.985189715e-14,7.504875602e-14,8.184348594e-14,4.745523418e-13,3.936858504e-13,6.670240044e-13,3.013190732e-14,3.321031663e-13,2.545003106e-14
5.6015625,4.465073651e-13,4.591640669e-13,4.950243653e-13,7.744024172e-14,2.300172958e-13,3.084508405e-13,4.581726504e-14,1.003615265e-13,8.045923227e-14,4.709558288e-13,2.008200244e-13,1.836030493e-13,2.713158269e-13,4.323153807e-13,5.671000337e-13,7.585074621e-13,5.904157939e-13,2.695949908e-13,2.874946541e-13,1.396127161e-13,1.027624288e-13,5.228079097e-14,4.927894562e-14,4.016804718e-14,7.468017754e-14,8.187696655e-14,4.693459113e-13,3.963169428e-13,6.651419926e-13,2.984049834e-14,3.299874546e-13,2.598968427e-14
5.609375,4.432179608e-13,4.569529791e-13,4.931295949e-13,7.617182203e-14,2.308089983e-13,3.070344653e-13,4.518841045e-14,1.019868293e-13,8.154170472e-14,4.763448098e-13,2.00085831e-13,1.839018435e-13,2.720950044e-13,4.288731739e-13,5.603918437e-13,7.540235917e-13,5.837571873e-13,2.648092095e-13,2.875292193e-13,1.400584999e-13,1.019072784e-13,5.192214257e-14,4.904341445e-14,4.04584162e-14,7.430749251e-14,8.200068441e-14,4.640916894e-13,3.989410315e-13,6.631288425e-13,2.955676126e-14,3.277684878e-13,2.654996927e-14
5.6171875,4.397854288e-13,4.547462148e-13,4.913986809e-13,7.499613099e-14,2.315208048e-13,3.057373318e-13,4.45516849e-14,1.035954221e-13,8.262207473e-14,4.817641969e-13,1.993883322e-13,1.842007853e-13,2.72755534e-13,4.253293143e-13,5.538747104e-13,7.497375599e-13,5.770982433e-13,2.600235765e-13,2.875136296e-13,1.407031298e-13,1.010990907e-13,5.156325405e-14,4.877522382e-14,4.07578448e-14,7.394338547e-14,8.220750418e-14,4.589485665e-13,4.016333571e-13,6.610168391e-13,2.930417231e-14,3.255475505e-13,2.712468361e-14
5.625,4.363860555e-13,4.523240234e-13,4.895300154e-13,7.389594044e-14,2.323380721e-13,3.043981295e-13,4.39141213e-14,1.052340197e-13,8.371980072e-14,4.871028329e-13,1.986394103e-13,1.844702521e-13,2.733980304e-13,4.218156927e-13,5.472790549e-13,7.452964626e-13,5.703622093e-13,2.552689831e-13,2.874824615e-13,1.413396953e-13,1.002253055e-13,5.120880483e-14,4.850441392e-14,4.113754988e-14,7.357693721e-14,8.241424812e-14,4.539289023e-13,4.042620022e-13,6.587127234e-13,2.906005821e-14,3.232972119e-13,2.769683985e-14
5.6328125,4.329333081e-13,4.496201919e-13,4.872968576e-13,7.274487913e-14,2.332866228e-13,3.028655592e-13,4.328880489e-14,1.069395758e-13,8.482437496e-14,4.922858959e-13,1.978124944e-13,1.846243576e-13,2.739475071e-13,4.18285636e-13,5.405154354e-13,7.405047874e-13,5.633662257e-13,2.505215601e-13,2.873487834e-13,1.419533739e-13,9.926067897e-14,5.083404503e-14,4.824825472e-14,4.158605477e-14,7.318645753e-14,8.259590627e-14,4.488793668e-13,4.066790577e-13,6.560457858e-13,2.881197128e-14,3.208491054e-13,2.8264045e-14
5.640625,4.293115758e-13,4.467797287e-13,4.85054419e-13,7.156555481e-14,2.341350936e-13,3.013513872e-13,4.269294458e-14,1.08677857e-13,8.591466754e-14,4.973937161e-13,1.970086135e-13,1.846892141e-13,2.74356003e-13,4.146520467e-13,5.337662297e-13,7.35565885e-13,5.562584739e-13,2.457820523e-13,2.871271317e-13,1.426765681e-13,9.828098748e-14,5.046138129e-14,4.798135024e-14,4.205653059e-14,7.278195954e-14,8.274310041e-14,4.438156981e-13,4.090232818e-13,6.532789094e-13,2.857586016e-14,3.183593995e-13,2.882432096e-14
5.6484375,4.258265409e-13,4.43872906e-13,4.831745238e-13,7.047369568e-14,2.350334134e-13,3.001345569e-13,4.213863058e-14,1.104158014e-13,8.70242324e-14,5.024379321e-13,1.962384223e-13,1.848231766e-13,2.748164996e-13,4.11207208e-13,5.272612101e-13,7.307149362e-13,5.493331334e-13,2.411574892e-13,2.870067983e-13,1.435631591e-13,9.730628224e-14,5.014217375e-14,4.76852976e-14,4.254213293e-14,7.237652486e-14,8.287372993e-14,4.389324546e-13,4.114464267e-13,6.507801259e-13,2.835437524e-14,3.16042993e-13,2.937475062e-14
5.65625,4.225122087e-13,4.409002914e-13,4.812946858e-13,6.944608765e-14,2.361816545e-13,2.990123755e-13,4.160479827e-14,1.121658544e-13,8.815977256e-14,5.073134305e-13,1.954230051e-13,1.849843342e-13,2.753105647e-13,4.080053461e-13,5.209417557e-13,7.258788284e-13,5.424497222e-13,2.366183738e-13,2.869524155e-13,1.445934664e-13,9.629381401e-14,4.984587406e-14,4.736790453e-14,4.30537994e-14,7.194279726e-14,8.305047118e-14,4.342241931e-13,4.137675903e-13,6.482082487e-13,2.813265676e-14,3.136282196e-13,2.993015697e-14
5.6640625,4.190052904e-13,4.380239955e-13,4.789515767e-13,6.849329083e-14,2.372520985e-13,2.975896957e-13,4.104685456e-14,1.139693981e-13,8.92725381e-14,5.121218329e-13,1.945404567e-13,1.850153945e-13,2.755816863e-13,4.046392323e-13,5.146823093e-13,7.210212485e-13,5.353761446e-13,2.320284651e-13,2.867248113e-13,1.458063686e-13,9.524783177e-14,4.951503282e-14,4.70287558e-14,4.359362902e-14,7.148290136e-14,8.329770909e-14,4.296168825e-13,4.158893247e-13,6.451942652e-13,2.79072937e-14,3.10946555e-13,3.049973975e-14
5.671875,4.153158013e-13,4.351398838e-13,4.763582909e-13,6.76877744e-14,2.381233529e-13,2.959732426e-13,4.046373389e-14,1.158392611e-13,9.039215221e-14,5.170529266e-13,1.935857707e-13,1.849843099e-13,2.756560375e-13,4.010744963e-13,5.085292676e-13,7.162426476e-13,5.282160043e-13,2.273755967e-13,2.863266489e-13,1.472152597e-13,9.419259593e-14,4.917227608e-14,4.666775513e-14,4.416379758e-14,7.103454989e-14,8.359218379e-14,4.252382069e-13,4.179976619e-13,6.420034611e-13,2.768111396e-14,3.082288121e-13,3.107137269e-14
5.6796875,4.116394725e-13,4.318397299e-13,4.737629813e-13,6.693367202e-14,2.39148512e-13,2.945074046e-13,3.992170071e-14,1.177440366e-13,9.157402763e-14,5.219207686e-13,1.925039853e-13,1.84962886e-13,2.756697163e-13,3.97586291e-13,5.023693901e-13,7.113385327e-13,5.20990625e-13,2.226999247e-13,2.858918206e-13,1.486930683e-13,9.309812085e-14,4.88491575e-14,4.629642376e-14,4.478670326e-14,7.05645872e-14,8.387702359e-14,4.210129549e-13,4.200540693e-13,6.387137311e-13,2.745097127e-14,3.053915485e-13,3.164073865e-14
5.6875,4.080173982e-13,4.283141834e-13,4.710208314e-13,6.620237068e-14,2.403459784e-13,2.931425181e-13,3.944556841e-14,1.196720633e-13,9.275851193e-14,5.264455127e-13,1.91290169e-13,1.848547098e-13,2.755696458e-13,3.941568503e-13,4.960668066e-13,7.061437778e-13,5.136354283e-13,2.180402409e-13,2.854119475e-13,1.501981038e-13,9.194964399e-14,4.853149426e-14,4.59127067e-14,4.547097803e-14,7.002241496e-14,8.409286931e-14,4.166964912e-13,4.21883439e-13,6.351516522e-13,2.721918508e-14,3.022861787e-13,3.22143034e-14
5.6953125,4.046219216e-13,4.25019598e-13,4.681732663e-13,6.562983896e-14,2.415237326e-13,2.917400261e-13,3.896434051e-14,1.216286503e-13,9.390429262e-14,5.307490953e-13,1.900285388e-13,1.846835325e-13,2.753976412e-13,3.907656606e-13,4.898570502e-13,7.010180097e-13,5.06379079e-13,2.134651815e-13,2.84913055e-13,1.518700234e-13,9.077880688e-14,4.822691115e-14,4.550448083e-14,4.616769449e-14,6.945148198e-14,8.428840532e-14,4.125138833e-13,4.236325772e-13,6.314666352e-13,2.699341507e-14,2.992593811e-13,3.279121577e-14
5.703125,4.014574901e-13,4.216308129e-13,4.653384162e-13,6.512032444e-14,2.427390183e-13,2.903930615e-13,3.844929126e-14,1.235913222e-13,9.506377831e-14,5.349725973e-13,1.887558744e-13,1.845214927e-13,2.752099551e-13,3.874739322e-13,4.838718572e-13,6.961670007e-13,4.993440573e-13,2.089685177e-13,2.844241552e-13,1.536834071e-13,8.958568996e-14,4.794317095e-14,4.507021182e-14,4.68569917e-14,6.88969167e-14,8.453792925e-14,4.08753709e-13,4.253948555e-13,6.276062158e-13,2.678016148e-14,2.964097823e-13,3.336904665e-14
5.7109375,3.982417095e-13,4.178469494e-13,4.623086201e-13,6.454516164e-14,2.439385945e-13,2.890480867e-13,3.795945929e-14,1.255544006e-13,9.622859886e-14,5.389883435e-13,1.874261765e-13,1.842883652e-13,2.748572653e-13,3.841306223e-13,4.779047664e-13,6.913068284e-13,4.923259501e-13,2.045368854e-13,2.838267802e-13,1.554520005e-13,8.837673482e-14,4.764910502e-14,4.462201403e-14,4.759028736e-14,6.83351007e-14,8.477840416e-14,4.051461867e-13,4.269799079e-13,6.233599522e-13,2.658329409e-14,2.933913188e-13,3.394270938e-14
5.71875,3.950291982e-13,4.141571438e-13,4.590629038e-13,6.408860817e-14,2.450800082e-13,2.876067383e-13,3.749656358e-14,1.275624886e-13,9.738125931e-14,5.428549843e-13,1.860229395e-13,1.840122847e-13,2.74360524e-13,3.807371401e-13,4.719473408e-13,6.863264902e-13,4.852615191e-13,2.002357845e-13,2.83152901e-13,1.572551258e-13,8.719835542e-14,4.735642143e-14,4.417959352e-14,4.837731494e-14,6.774790801e-14,8.495531175e-14,4.015010012e-13,4.284408359e-13,6.190827033e-13,2.638699748e-14,2.902186894e-13,3.450941479e-14
5.7265625,3.919445551e-13,4.107632133e-13,4.558277762e-13,6.379909098e-14,2.464071624e-13,2.862450654e-13,3.700770582e-14,1.296604843e-13,9.858933244e-14,5.467876863e-13,1.84563213e-13,1.838114424e-13,2.738913122e-13,3.774772334e-13,4.661254908e-13,6.813320521e-13,4.78176514e-13,1.960053805e-13,2.825599507e-13,1.593242029e-13,8.602059865e-14,4.710207247e-14,4.373762549e-14,4.920169618e-14,6.712470699e-14,8.51358528e-14,3.980089665e-13,4.299938412e-13,6.149951978e-13,2.616866981e-14,2.870398413e-13,3.509010354e-14
5.734375,3.88790618e-13,4.073484364e-13,4.524553346e-13,6.349626484e-14,2.478676531e-13,2.849904735e-13,3.651448076e-14,1.318317702e-13,9.98388442e-14,5.506936335e-13,1.830503303e-13,1.835832947e-13,2.733398756e-13,3.742602564e-13,4.60431349e-13,6.763429337e-13,4.71044896e-13,1.917405886e-13,2.819397981e-13,1.616101386e-13,8.476264073e-14,4.685533989e-14,4.326011417e-14,5.0082183e-14,6.64591523e-14,8.53411754e-14,3.946470777e-13,4.31551828e-13,6.106844227e-13,2.594572617e-14,2.837369327e-13,3.570173434e-14
5.7421875,3.857714846e-13,4.039678907e-13,4.488045963e-13,6.324565375e-14,2.492236905e-13,2.836895617e-13,3.606266417e-14,1.339808884e-13,1.010503216e-13,5.543718656e-13,1.815179217e-13,1.832444951e-13,2.726225761e-13,3.711146042e-13,4.549965359e-13,6.714783665e-13,4.64147633e-13,1.876004558e-13,2.812165468e-13,1.639348227e-13,8.344467388e-14,4.660880062e-14,4.274404026e-14,5.097899068e-14,6.579886128e-14,8.553852534e-14,3.913263456e-13,4.33023259e-13,6.060849193e-13,2.575520968e-14,2.804304451e-13,3.632028867e-14
5.75,3.833031984e-13,4.007200219e-13,4.45220237e-13,6.316090743e-14,2.507134333e-13,2.824683349e-13,3.56274042e-14,1.360264392e-13,1.022561557e-13,5.578135913e-13,1.800094951e-13,1.82938868e-13,2.719468303e-13,3.683691523e-13,4.499056973e-13,6.667852339e-13,4.5772147e-13,1.837335966e-13,2.806162235e-13,1.663194728e-13,8.214183421e-14,4.642520487e-14,4.222604302e-14,5.184575599e-14,6.516823405e-14,8.575808118e-14,3.882543835e-13,4.344889953e-13,6.015714934e-13,2.559564139e-14,2.773173843e-13,3.691256126e-14
5.7578125,3.809807257e-13,3.973870535e-13,4.417814148e-13,6.31419624e-14,2.524335332e-13,2.813506967e-13,3.51755297e-14,1.380116863e-13,1.034728097e-13,5.610463484e-13,1.784979343e-13,1.826818911e-13,2.713255551e-13,3.658815219e-13,4.448768489e-13,6.620209766e-13,4.514206522e-13,1.799330468e-13,2.801325436e-13,1.688205815e-13,8.087450518e-14,4.628257567e-14,4.171229256e-14,5.27490018e-14,6.451027912e-14,8.599067965e-14,3.855167311e-13,4.358361013e-13,5.971604879e-13,2.544140874e-14,2.741624259e-13,3.746630364e-14
5.765625,3.782758171e-13,3.940679662e-13,4.380843531e-13,6.319738544e-14,2.539328117e-13,2.800454554e-13,3.472029317e-14,1.400391764e-13,1.046216895e-13,5.641086328e-13,1.769266735e-13,1.823199221e-13,2.705392469e-13,3.632133692e-13,4.397652589e-13,6.571456103e-13,4.449903873e-13,1.760241463e-13,2.794864172e-13,1.713798869e-13,7.963035396e-14,4.60940681e-14,4.118337171e-14,5.372357427e-14,6.379635796e-14,8.615263795e-14,3.829299501e-13,4.36927977e-13,5.926978054e-13,2.528319428e-14,2.707768333e-13,3.798373389e-14
5.7734375,3.755218692e-13,3.909318142e-13,4.34139735e-13,6.340501811e-14,2.551596277e-13,2.786160226e-13,3.428382796e-14,1.421392437e-13,1.057143363e-13,5.670418469e-13,1.752932e-13,1.818608814e-13,2.695985323e-13,3.604793654e-13,4.348143756e-13,6.524430188e-13,4.387089946e-13,1.721882928e-13,2.786901733e-13,1.740573668e-13,7.839515956e-14,4.587303309e-14,4.064333666e-14,5.471282444e-14,6.306026949e-14,8.6258759e-14,3.803911341e-13,4.378900815e-13,5.881946302e-13,2.512811166e-14,2.673134023e-13,3.848159216e-14
5.78125,3.730054351e-13,3.876676163e-13,4.303405576e-13,6.368506238e-14,2.565317929e-13,2.773553149e-13,3.387088697e-14,1.442666953e-13,1.068183973e-13,5.697409244e-13,1.736389081e-13,1.814060378e-13,2.686445211e-13,3.579776126e-13,4.301888777e-13,6.48040886e-13,4.327109659e-13,1.685891759e-13,2.778994542e-13,1.770070116e-13,7.715966254e-14,4.567026543e-14,4.009723595e-14,5.57161057e-14,6.232623138e-14,8.64077023e-14,3.779947999e-13,4.387743391e-13,5.83596505e-13,2.498924727e-14,2.638690709e-13,3.897222307e-14
5.7890625,3.70461167e-13,3.842330481e-13,4.266678965e-13,6.401479333e-14,2.58103199e-13,2.761917024e-13,3.346824236e-14,1.463636091e-13,1.079210579e-13,5.721425123e-13,1.719748048e-13,1.809586926e-13,2.676762795e-13,3.556500836e-13,4.258291957e-13,6.43849434e-13,4.268338084e-13,1.65128105e-13,2.770992954e-13,1.801414513e-13,7.592029676e-14,4.548345559e-14,3.952345854e-14,5.676127127e-14,6.159228156e-14,8.660198448e-14,3.75938642e-13,4.39493912e-13,5.788902932e-13,2.486789154e-14,2.604426973e-13,3.945017695e-14
5.796875,3.679583039e-13,3.810478907e-13,4.228388096e-13,6.444106448e-14,2.597485298e-13,2.750140091e-13,3.306476905e-14,1.484126447e-13,1.090151635e-13,5.74387966e-13,1.702396214e-13,1.805003688e-13,2.666634346e-13,3.534459991e-13,4.216056389e-13,6.397098919e-13,4.210073795e-13,1.617191003e-13,2.763294802e-13,1.832422552e-13,7.466367603e-14,4.53276594e-14,3.890913507e-14,5.783658411e-14,6.08336125e-14,8.676724772e-14,3.742204991e-13,4.401184861e-13,5.741767869e-13,2.474597311e-14,2.570306646e-13,3.99279005e-14
5.8046875,3.657905593e-13,3.780081118e-13,4.18818375e-13,6.490035588e-14,2.615206524e-13,2.738847725e-13,3.267891668e-14,1.504503996e-13,1.101167499e-13,5.765903195e-13,1.68385626e-13,1.800312433e-13,2.656112422e-13,3.514088565e-13,4.173768267e-13,6.35453323e-13,4.151989393e-13,1.584168771e-13,2.756359981e-13,1.862757682e-13,7.340253108e-14,4.521579423e-14,3.827871843e-14,5.893825892e-14,6.003924278e-14,8.687853836e-14,3.725759901e-13,4.40743207e-13,5.693464243e-13,2.46166138e-14,2.535766957e-13,4.043008634e-14
5.8125,3.637861984e-13,3.748159954e-13,4.147114681e-13,6.536008438e-14,2.633198419e-13,2.727725989e-13,3.232476574e-14,1.524873303e-13,1.111942858e-13,5.787702585e-13,1.664619642e-13,1.795526013e-13,2.645193315e-13,3.494433281e-13,4.131379665e-13,6.31116456e-13,4.094936855e-13,1.552649997e-13,2.74903658e-13,1.893128923e-13,7.216661539e-14,4.511435762e-14,3.765891233e-14,6.004825955e-14,5.924804373e-14,8.695170727e-14,3.710037301e-13,4.413690865e-13,5.643511352e-13,2.448983106e-14,2.50112404e-13,4.093748911e-14
5.8203125,3.617595644e-13,3.719157523e-13,4.105972488e-13,6.589221755e-14,2.6496162e-13,2.717124084e-13,3.197914618e-14,1.544697681e-13,1.122312806e-13,5.809038188e-13,1.645319257e-13,1.790847174e-13,2.634250048e-13,3.474952599e-13,4.090554683e-13,6.26909647e-13,4.0415896e-13,1.522794055e-13,2.741167581e-13,1.925003724e-13,7.092268374e-14,4.5021404e-14,3.704163521e-14,6.115426188e-14,5.846995859e-14,8.702013017e-14,3.697366673e-13,4.420193026e-13,5.595789844e-13,2.436975512e-14,2.467081142e-13,4.140629637e-14
5.828125,3.597841527e-13,3.69525021e-13,4.065296542e-13,6.6573627e-14,2.664756372e-13,2.707633206e-13,3.163249445e-14,1.56389252e-13,1.132359752e-13,5.827984938e-13,1.626187913e-13,1.785990043e-13,2.623401893e-13,3.456221532e-13,4.052974644e-13,6.229617188e-13,3.992122376e-13,1.494730903e-13,2.733480043e-13,1.960344088e-13,6.963632198e-14,4.494856922e-14,3.641843229e-14,6.229515472e-14,5.768022735e-14,8.7154929e-14,3.687218005e-13,4.42580352e-13,5.551555584e-13,2.426930233e-14,2.433042024e-13,4.183680639e-14
5.8359375,3.578033146e-13,3.669005992e-13,4.024539748e-13,6.744011905e-14,2.679625784e-13,2.697302032e-13,3.13081196e-14,1.583130245e-13,1.141938293e-13,5.842818458e-13,1.607296632e-13,1.780386447e-13,2.611970879e-13,3.43888005e-13,4.01926349e-13,6.193387388e-13,3.944962887e-13,1.467993795e-13,2.725351125e-13,1.997573293e-13,6.834912044e-14,4.486274805e-14,3.580858167e-14,6.345805383e-14,5.691955837e-14,8.737024307e-14,3.67889937e-13,4.428349116e-13,5.505833058e-13,2.420244258e-14,2.398918034e-13,4.226264925e-14
5.84375,3.558438669e-13,3.638196898e-13,3.982841717e-13,6.840861519e-14,2.695356335e-13,2.685536774e-13,3.100178785e-14,1.602624992e-13,1.151173012e-13,5.854844333e-13,1.587831661e-13,1.774474776e-13,2.599943098e-13,3.424313613e-13,3.988508081e-13,6.160387636e-13,3.900481844e-13,1.442475611e-13,2.716807477e-13,2.033545433e-13,6.708025616e-14,4.476765507e-14,3.521136992e-14,6.458979892e-14,5.621338977e-14,8.756821874e-14,3.673524477e-13,4.428396692e-13,5.457151006e-13,2.414387133e-14,2.365423528e-13,4.26901142e-14
5.8515625,3.540905679e-13,3.611233799e-13,3.940545838e-13,6.939280981e-14,2.712794482e-13,2.674325604e-13,3.068427635e-14,1.621982237e-13,1.160192086e-13,5.865859296e-13,1.566832181e-13,1.768884383e-13,2.588295548e-13,3.413043671e-13,3.959881592e-13,6.129827909e-13,3.858392769e-13,1.419250696e-13,2.709072946e-13,2.070359288e-13,6.581986031e-14,4.470515141e-14,3.460167155e-14,6.571845379e-14,5.549352185e-14,8.77124598e-14,3.67000976e-13,4.427922428e-13,5.41005709e-13,2.407186753e-14,2.332469623e-13,4.309999262e-14
5.859375,3.5245621e-13,3.591419284e-13,3.898537598e-13,7.044773725e-14,2.730118451e-13,2.66346663e-13,3.036816362e-14,1.640957863e-13,1.168522301e-13,5.875640403e-13,1.545438153e-13,1.763306565e-13,2.577252061e-13,3.403342095e-13,3.934740661e-13,6.102256759e-13,3.818042435e-13,1.398661747e-13,2.702194883e-13,2.110538598e-13,6.460963002e-14,4.466395105e-14,3.398283382e-14,6.686911793e-14,5.47505416e-14,8.789204446e-14,3.667694951e-13,4.427120158e-13,5.365774515e-13,2.402193247e-14,2.30072996e-13,4.349249446e-14
5.8671875,3.50838924e-13,3.57271218e-13,3.857222509e-13,7.156529449e-14,2.7452188e-13,2.652376063e-13,3.009913695e-14,1.659324704e-13,1.176076919e-13,5.8837123e-13,1.525078142e-13,1.757586589e-13,2.565976106e-13,3.394411055e-13,3.913738915e-13,6.078010544e-13,3.78129693e-13,1.379362636e-13,2.695758815e-13,2.15044054e-13,6.343983638e-14,4.462405307e-14,3.336486934e-14,6.800204703e-14,5.405020279e-14,8.812386982e-14,3.668880898e-13,4.425884269e-13,5.321456068e-13,2.40173693e-14,2.271297322e-13,4.387584072e-14
5.875,3.493445739e-13,3.551305009e-13,3.816102631e-13,7.270186007e-14,2.759485072e-13,2.642417827e-13,2.988776415e-14,1.677048387e-13,1.183435257e-13,5.890048805e-13,1.504569113e-13,1.751922508e-13,2.553894206e-13,3.387031775e-13,3.894762367e-13,6.054968094e-13,3.748242812e-13,1.360515514e-13,2.689541765e-13,2.188134435e-13,6.222325706e-14,4.459602817e-14,3.273526709e-14,6.911978648e-14,5.337478369e-14,8.832337064e-14,3.672987173e-13,4.423755904e-13,5.27605182e-13,2.401883665e-14,2.242625194e-13,4.423621676e-14
5.8828125,3.47893692e-13,3.529398183e-13,3.77440539e-13,7.399135706e-14,2.774836176e-13,2.632864972e-13,2.970122268e-14,1.69460029e-13,1.190596553e-13,5.894191029e-13,1.482920194e-13,1.745920487e-13,2.541238068e-13,3.380969435e-13,3.877026565e-13,6.032523909e-13,3.716682862e-13,1.343084087e-13,2.682716322e-13,2.227506781e-13,6.097437576e-14,4.457197784e-14,3.209638494e-14,7.025441622e-14,5.267818227e-14,8.848335746e-14,3.677117827e-13,4.419093808e-13,5.230355593e-13,2.400503559e-14,2.212992684e-13,4.456894994e-14
5.890625,3.463988129e-13,3.510344073e-13,3.732866849e-13,7.543911436e-14,2.790411017e-13,2.622234046e-13,2.951194221e-14,1.711892278e-13,1.197120051e-13,5.89617547e-13,1.461604325e-13,1.739480742e-13,2.528668939e-13,3.375856213e-13,3.861817044e-13,6.012419188e-13,3.687514252e-13,1.327955541e-13,2.675500893e-13,2.269266944e-13,5.978862863e-14,4.455115798e-14,3.145897992e-14,7.139256271e-14,5.199200687e-14,8.866002569e-14,3.682122977e-13,4.412892155e-13,5.185972588e-13,2.401398349e-14,2.184040391e-13,4.489102661e-14
5.8984375,3.450005788e-13,3.495101388e-13,3.692439711e-13,7.684189872e-14,2.804636732e-13,2.611750943e-13,2.932035676e-14,1.728340079e-13,1.203138084e-13,5.896885043e-13,1.441122532e-13,1.733268796e-13,2.516473729e-13,3.37195101e-13,3.848763106e-13,5.994244913e-13,3.661733308e-13,1.314212149e-13,2.668954009e-13,2.310436676e-13,5.867441749e-14,4.45512182e-14,3.08187401e-14,7.250852889e-14,5.133157578e-14,8.88459235e-14,3.689859284e-13,4.408154716e-13,5.14365357e-13,2.406769139e-14,2.157441021e-13,4.52043906e-14
5.90625,3.436834652e-13,3.48189072e-13,3.651804865e-13,7.823359013e-14,2.817382774e-13,2.60162913e-13,2.913779447e-14,1.7442147e-13,1.208858545e-13,5.896291554e-13,1.41991733e-13,1.727251205e-13,2.504129432e-13,3.368653909e-13,3.836789111e-13,5.976729629e-13,3.637381388e-13,1.300724295e-13,2.662455719e-13,2.351655945e-13,5.758613421e-14,4.455278738e-14,3.018526403e-14,7.359371819e-14,5.065916306e-14,8.899865706e-14,3.699221792e-13,4.403853925e-13,5.100869497e-13,2.413724248e-14,2.132202249e-13,4.550003696e-14
5.9140625,3.42381382e-13,3.468958302e-13,3.610110407e-13,7.974363901e-14,2.829734211e-13,2.590784364e-13,2.897208064e-14,1.759605356e-13,1.213925285e-13,5.893242127e-13,1.397530592e-13,1.720818059e-13,2.491477056e-13,3.366035909e-13,3.825968567e-13,5.960056951e-13,3.614436812e-13,1.288134208e-13,2.655418745e-13,2.3940178e-13,5.650657273e-14,4.453990078e-14,2.956496546e-14,7.465780636e-14,4.997193084e-14,8.910146086e-14,3.708979911e-13,4.397011884e-13,5.056597725e-13,2.419610034e-14,2.107643175e-13,4.577021701e-14
5.921875,3.412375632e-13,3.456071574e-13,3.569117889e-13,8.127333001e-14,2.842770641e-13,2.580628275e-13,2.88281944e-14,1.773636157e-13,1.218205392e-13,5.88758891e-13,1.374868153e-13,1.714153648e-13,2.47936455e-13,3.365825247e-13,3.816118103e-13,5.943649613e-13,3.594514683e-13,1.277226024e-13,2.64887477e-13,2.43507588e-13,5.542995203e-14,4.454583442e-14,2.893421679e-14,7.571813302e-14,4.929706768e-14,8.916976042e-14,3.719675535e-13,4.38819372e-13,5.014088658e-13,2.424705988e-14,2.084436138e-13,4.60023918e-14
5.9296875,3.402227849e-13,3.44356384e-13,3.529663266e-13,8.281538732e-14,2.856217542e-13,2.572187026e-13,2.87101616e-14,1.786494856e-13,1.222176891e-13,5.880583341e-13,1.352448543e-13,1.70775495e-13,2.467973154e-13,3.368163871e-13,3.807349825e-13,5.927532334e-13,3.577141969e-13,1.267313234e-13,2.642856194e-13,2.474762412e-13,5.436817169e-14,4.458616632e-14,2.829527389e-14,7.676283854e-14,4.863986115e-14,8.925520616e-14,3.73191846e-13,4.378952201e-13,4.973923042e-13,2.430099155e-14,2.062463047e-13,4.620890974e-14
5.9375,3.391519532e-13,3.432783622e-13,3.490580838e-13,8.450483468e-14,2.869109458e-13,2.564013777e-13,2.86208056e-14,1.799259316e-13,1.225998827e-13,5.872750185e-13,1.330236616e-13,1.701589077e-13,2.456506857e-13,3.3713328e-13,3.80066387e-13,5.913590909e-13,3.561738145e-13,1.258095951e-13,2.636547508e-13,2.516176722e-13,5.333769197e-14,4.463606041e-14,2.768216237e-14,7.776816593e-14,4.799614758e-14,8.937621452e-14,3.745365143e-13,4.369345934e-13,4.933393569e-13,2.436865754e-14,2.04136505e-13,4.641328704e-14
5.9453125,3.380921083e-13,3.424898181e-13,3.451142861e-13,8.626374019e-14,2.881543058e-13,2.555422588e-13,2.856094833e-14,1.811876668e-13,1.229417665e-13,5.863498601e-13,1.307562036e-13,1.695453348e-13,2.44493421e-13,3.375285968e-13,3.796252144e-13,5.901845141e-13,3.548283341e-13,1.250293974e-13,2.630465228e-13,2.558973275e-13,5.23152039e-14,4.468711031e-14,2.708996437e-14,7.873992836e-14,4.737061819e-14,8.947770979e-14,3.759672677e-13,4.35958165e-13,4.892801625e-13,2.445380097e-14,2.021590078e-13,4.66035193e-14
5.953125,3.371632991e-13,3.418994718e-13,3.411124251e-13,8.796028744e-14,2.894101156e-13,2.546351367e-13,2.852466149e-14,1.824045846e-13,1.232699468e-13,5.852825677e-13,1.28381535e-13,1.689306501e-13,2.433635537e-13,3.381262005e-13,3.793965054e-13,5.891206926e-13,3.536035146e-13,1.243810055e-13,2.624958512e-13,2.601115058e-13,5.129576323e-14,4.475668636e-14,2.64860759e-14,7.969424677e-14,4.676602978e-14,8.956361961e-14,3.774935346e-13,4.349250841e-13,4.853871319e-13,2.454711145e-14,2.002773118e-13,4.67863159e-14
5.9609375,3.362601583e-13,3.414345152e-13,3.370904443e-13,8.968400997e-14,2.906479612e-13,2.536761059e-13,2.849803816e-14,1.835946952e-13,1.236161993e-13,5.840951353e-13,1.259649448e-13,1.683336832e-13,2.422434749e-13,3.388947599e-13,3.793963514e-13,5.882511728e-13,3.525385286e-13,1.238039846e-13,2.619331873e-13,2.643861914e-13,5.032651331e-14,4.485187048e-14,2.58710293e-14,8.06303205e-14,4.617279612e-14,8.972194662e-14,3.790771838e-13,4.337342146e-13,4.816329415e-13,2.46510345e-14,1.98424567e-13,4.700324147e-14
5.96875,3.352640816e-13,3.410583081e-13,3.33139013e-13,9.156843734e-14,2.917877395e-13,2.527840159e-13,2.847725834e-14,1.847225296e-13,1.239111828e-13,5.827063848e-13,1.235671363e-13,1.677486938e-13,2.411494049e-13,3.3971601e-13,3.795958836e-13,5.876579833e-13,3.517901856e-13,1.233161639e-13,2.61349203e-13,2.687994946e-13,4.939907345e-14,4.495041977e-14,2.527096371e-14,8.152545258e-14,4.559187364e-14,8.993844137e-14,3.8076331e-13,4.323842787e-13,4.779502017e-13,2.477267021e-14,1.967188808e-13,4.723122034e-14
5.9765625,3.342662285e-13,3.405678291e-13,3.291622952e-13,9.35878343e-14,2.927880566e-13,2.519418599e-13,2.847866681e-14,1.857668438e-13,1.240773024e-13,5.810854812e-13,1.21137205e-13,1.670854384e-13,2.400803008e-13,3.405529739e-13,3.799979807e-13,5.873529414e-13,3.513917763e-13,1.229474212e-13,2.607553533e-13,2.731321292e-13,4.843746772e-14,4.502467368e-14,2.469807874e-14,8.235141502e-14,4.505212816e-14,9.010285868e-14,3.827030646e-13,4.308445123e-13,4.742161162e-13,2.48902492e-14,1.952267167e-13,4.741257123e-14
5.984375,3.334417378e-13,3.399666323e-13,3.250610856e-13,9.560236826e-14,2.937033663e-13,2.510130807e-13,2.850082019e-14,1.867433366e-13,1.241606529e-13,5.793627603e-13,1.186586577e-13,1.663178681e-13,2.389438299e-13,3.414156255e-13,3.805522093e-13,5.872862897e-13,3.512040098e-13,1.226768606e-13,2.601278495e-13,2.772926859e-13,4.745040421e-14,4.508650747e-14,2.413691754e-14,8.311319881e-14,4.455196779e-14,9.021134155e-14,3.847512845e-13,4.291504929e-13,4.70311952e-13,2.499947299e-14,1.937555179e-13,4.756233145e-14
5.9921875,3.327423129e-13,3.39707286e-13,3.210510612e-13,9.758979099e-14,2.946808392e-13,2.501353226e-13,2.850899477e-14,1.87594858e-13,1.242505809e-13,5.776108891e-13,1.161735009e-13,1.656021969e-13,2.377782383e-13,3.4236037e-13,3.8108953e-13,5.87232628e-13,3.510392316e-13,1.224635857e-13,2.59533539e-13,2.814133153e-13,4.653806476e-14,4.517559001e-14,2.356831712e-14,8.38359013e-14,4.40428059e-14,9.036153593e-14,3.866978602e-13,4.275802139e-13,4.66475972e-13,2.514070079e-14,1.922512151e-13,4.771487565e-14
6,3.319441793e-13,3.401392362e-13,3.172227088e-13,9.972817397e-14,2.957718277e-13,2.493948839e-13,2.850224876e-14,1.883143701e-13,1.243483779e-13,5.757298599e-13,1.137133778e-13,1.650185751e-13,2.36754755e-13,3.434729755e-13,3.81707547e-13,5.871795328e-13,3.508965193e-13,1.222923627e-13,2.590443782e-13,2.856210373e-13,4.571770771e-14,4.529746514e-14,2.300217453e-14,8.452012393e-14,4.352983082e-14,9.059394259e-14,3.888208938e-13,4.261811361e-13,4.630393163e-13,2.531252741e-14,1.909511057e-13,4.78626926e-14
6.0078125,3.310304368e-13,3.409931051e-13,3.133257657e-13,1.020353542e-13,2.968242332e-13,2.485542792e-13,2.852555201e-14,1.890129077e-13,1.243975848e-13,5.736214168e-13,1.113290725e-13,1.644300339e-13,2.358514241e-13,3.447236604e-13,3.826589882e-13,5.874269748e-13,3.509893771e-13,1.222191099e-13,2.585757618e-13,2.89923825e-13,4.4907174e-14,4.541700514e-14,2.245730178e-14,8.51737129e-14,4.306960392e-14,9.084626339e-14,3.912610605e-13,4.246116452e-13,4.598282934e-13,2.547319262e-14,1.899366042e-13,4.800073859e-14
6.015625,3.301727191e-13,3.416326917e-13,3.093682522e-13,1.042806886e-13,2.977602967e-13,2.476073227e-13,2.857720461e-14,1.897031263e-13,1.243787057e-13,5.712763819e-13,1.090084266e-13,1.637736919e-13,2.349242875e-13,3.460413126e-13,3.837987985e-13,5.879767179e-13,3.514604641e-13,1.223148233e-13,2.580574471e-13,2.941647956e-13,4.407749007e-14,4.551860132e-14,2.19291389e-14,8.584011634e-14,4.265279995e-14,9.103345057e-14,3.936001416e-13,4.227562789e-13,4.564772019e-13,2.563850025e-14,1.890648582e-13,4.812275311e-14
6.0234375,3.294316785e-13,3.419828115e-13,3.055743097e-13,1.064706586e-13,2.987235225e-13,2.467381593e-13,2.860893945e-14,1.90278118e-13,1.243057056e-13,5.687091845e-13,1.066614013e-13,1.631416529e-13,2.339960058e-13,3.474716617e-13,3.849589821e-13,5.886959389e-13,3.523182917e-13,1.225764576e-13,2.575663995e-13,2.983552121e-13,4.326469063e-14,4.562766618e-14,2.141070216e-14,8.650408188e-14,4.223802752e-14,9.118486777e-14,3.95802996e-13,4.208047453e-13,4.530983291e-13,2.584063245e-14,1.883238213e-13,4.821077358e-14
6.03125,3.287453853e-13,3.427170486e-13,3.017949703e-13,1.088053973e-13,2.997393578e-13,2.457973118e-13,2.863157494e-14,1.906853154e-13,1.241722223e-13,5.659608538e-13,1.043169741e-13,1.625294875e-13,2.331213606e-13,3.490165783e-13,3.863689983e-13,5.897511829e-13,3.534825439e-13,1.229553685e-13,2.57116611e-13,3.027510048e-13,4.247771844e-14,4.575567577e-14,2.090436882e-14,8.704675331e-14,4.184923582e-14,9.142868765e-14,3.983308469e-13,4.188178222e-13,4.499585226e-13,2.605698361e-14,1.878061717e-13,4.828002399e-14
6.0390625,3.280364901e-13,3.439456784e-13,2.978256578e-13,1.111983411e-13,3.006423419e-13,2.4468896e-13,2.870797992e-14,1.909593564e-13,1.239787492e-13,5.631091117e-13,1.020576162e-13,1.618676366e-13,2.322282707e-13,3.505939972e-13,3.880669608e-13,5.910797725e-13,3.547325245e-13,1.233885235e-13,2.56592816e-13,3.071851036e-13,4.171352197e-14,4.587741572e-14,2.040331698e-14,8.74233009e-14,4.151719397e-14,9.176733967e-14,4.01157693e-13,4.16739642e-13,4.469206336e-13,2.627280405e-14,1.87483228e-13,4.835263725e-14
6.046875,3.272629929e-13,3.449837392e-13,2.938923059e-13,1.135262474e-13,3.014514277e-13,2.436897278e-13,2.884866502e-14,1.911879564e-13,1.237774499e-13,5.601920162e-13,9.981821918e-14,1.612128113e-13,2.313037642e-13,3.522590763e-13,3.897806487e-13,5.923487264e-13,3.559788327e-13,1.238118569e-13,2.560018057e-13,3.113275121e-13,4.098933874e-14,4.599042803e-14,1.990234092e-14,8.777480751e-14,4.120932958e-14,9.208041463e-14,4.038621123e-13,4.145737352e-13,4.438787561e-13,2.650317953e-14,1.872410523e-13,4.841139364e-14
6.0546875,3.264457463e-13,3.458472568e-13,2.902305099e-13,1.159454174e-13,3.022944367e-13,2.429116552e-13,2.900387662e-14,1.914014092e-13,1.235966253e-13,5.571590575e-13,9.753317467e-14,1.606318244e-13,2.304543849e-13,3.540807373e-13,3.915187888e-13,5.936567198e-13,3.574270958e-13,1.242396704e-13,2.555006715e-13,3.155113353e-13,4.030962846e-14,4.612455084e-14,1.940701415e-14,8.821938927e-14,4.088244081e-14,9.236892884e-14,4.063698156e-13,4.123604663e-13,4.410866272e-13,2.674659993e-14,1.870223106e-13,4.844434873e-14
6.0625,3.256212451e-13,3.470914754e-13,2.867222802e-13,1.184639825e-13,3.030721192e-13,2.421638489e-13,2.915296677e-14,1.914807885e-13,1.233659893e-13,5.539247054e-13,9.526966372e-14,1.600531046e-13,2.297014883e-13,3.559310811e-13,3.934291229e-13,5.952651495e-13,3.591768122e-13,1.247506011e-13,2.551226826e-13,3.199296731e-13,3.966798371e-14,4.627583795e-14,1.891440574e-14,8.868378809e-14,4.054852498e-14,9.270283636e-14,4.089034895e-13,4.101132058e-13,4.385782529e-13,2.700603463e-14,1.869065734e-13,4.846565902e-14
6.0703125,3.248360163e-13,3.485649608e-13,2.831837239e-13,1.208637478e-13,3.037056967e-13,2.413242611e-13,2.932503972e-14,1.913625806e-13,1.230244272e-13,5.504748851e-13,9.308255072e-14,1.593974887e-13,2.289275889e-13,3.576996494e-13,3.953921049e-13,5.970220879e-13,3.610677647e-13,1.253682347e-13,2.547489877e-13,3.240941897e-13,3.906751544e-14,4.642022968e-14,1.841888873e-14,8.903840124e-14,4.025781829e-14,9.304684694e-14,4.115877491e-13,4.077938596e-13,4.360805854e-13,2.729036145e-14,1.870109822e-13,4.848074552e-14
6.078125,3.24113094e-13,3.500810163e-13,2.796024538e-13,1.231891268e-13,3.04353744e-13,2.404198418e-13,2.952103859e-14,1.911774922e-13,1.226354633e-13,5.468831034e-13,9.093245949e-14,1.587062268e-13,2.280685347e-13,3.594547958e-13,3.972890988e-13,5.987511965e-13,3.630202814e-13,1.260538674e-13,2.543388738e-13,3.281148823e-13,3.850993004e-14,4.657396634e-14,1.79300976e-14,8.925582082e-14,4.002448423e-14,9.339569057e-14,4.143639607e-13,4.054245832e-13,4.335862395e-13,2.757398014e-14,1.872856311e-13,4.849594465e-14
6.0859375,3.233348399e-13,3.519243518e-13,2.76059398e-13,1.256522428e-13,3.05046135e-13,2.395537109e-13,2.971029305e-14,1.910171221e-13,1.222763577e-13,5.431614857e-13,8.87426479e-14,1.580465069e-13,2.27210082e-13,3.612812909e-13,3.992692276e-13,6.0064733e-13,3.651485887e-13,1.267665366e-13,2.53927144e-13,3.32653996e-13,3.798737616e-14,4.675033958e-14,1.745979676e-14,8.942122872e-14,3.982007963e-14,9.384092974e-14,4.171319249e-13,4.030647134e-13,4.312880282e-13,2.783615884e-14,1.876245336e-13,4.852579071e-14
6.09375,3.223681189e-13,3.53915662e-13,2.725928347e-13,1.28230422e-13,3.056476132e-13,2.387603642e-13,2.991403918e-14,1.908261503e-13,1.219161614e-13,5.392368955e-13,8.651291772e-14,1.574089072e-13,2.264256963e-13,3.631668194e-13,4.01501711e-13,6.029065057e-13,3.67504128e-13,1.274666394e-13,2.534797055e-13,3.375193776e-13,3.748055117e-14,4.691837869e-14,1.700556179e-14,8.962647003e-14,3.96461831e-14,9.439563612e-14,4.198281033e-13,4.005942981e-13,4.292142577e-13,2.810208413e-14,1.880976882e-13,4.856621798e-14
6.1015625,3.212543693e-13,3.557117467e-13,2.691583723e-13,1.307526484e-13,3.062226029e-13,2.379040584e-13,3.016480855e-14,1.905691752e-13,1.215208381e-13,5.351727518e-13,8.434935006e-14,1.567609997e-13,2.256692234e-13,3.650409092e-13,4.038527725e-13,6.053172843e-13,3.699055378e-13,1.281354899e-13,2.529719819e-13,3.42139547e-13,3.69857403e-14,4.706963876e-14,1.655668954e-14,8.984903099e-14,3.951438611e-14,9.499036448e-14,4.223911778e-13,3.978859531e-13,4.272851238e-13,2.839090991e-14,1.887770624e-13,4.861075902e-14
6.109375,3.200775409e-13,3.575569154e-13,2.657447199e-13,1.331389407e-13,3.069014796e-13,2.369560256e-13,3.042946263e-14,1.902649956e-13,1.211255976e-13,5.311289768e-13,8.226470249e-14,1.561056588e-13,2.249208103e-13,3.668770147e-13,4.060541972e-13,6.075749905e-13,3.721835547e-13,1.288109968e-13,2.524705632e-13,3.466006913e-13,3.654411022e-14,4.72344979e-14,1.611086341e-14,9.004463427e-14,3.939033361e-14,9.557160195e-14,4.248484445e-13,3.95064512e-13,4.254166794e-13,2.86788201e-14,1.895704814e-13,4.86632381e-14
6.1171875,3.18860765e-13,3.595676981e-13,2.624693315e-13,1.354867958e-13,3.076658111e-13,2.360853892e-13,3.069537048e-14,1.899003061e-13,1.207268334e-13,5.270557204e-13,8.016631806e-14,1.55460693e-13,2.242540377e-13,3.68736895e-13,4.081704939e-13,6.097896817e-13,3.744339849e-13,1.295485967e-13,2.520342918e-13,3.51136573e-13,3.617819186e-14,4.741641844e-14,1.567979744e-14,9.024356893e-14,3.926321452e-14,9.609704695e-14,4.272856826e-13,3.922813015e-13,4.236238793e-13,2.894540146e-14,1.904510067e-13,4.870177549e-14
6.125,3.176788563e-13,3.614767497e-13,2.594568761e-13,1.379425205e-13,3.085587099e-13,2.353533226e-13,3.10017555e-14,1.894298937e-13,1.202880339e-13,5.227996938e-13,7.809346405e-14,1.548602864e-13,2.236947264e-13,3.70688035e-13,4.104316965e-13,6.121463231e-13,3.76787258e-13,1.303649296e-13,2.516894303e-13,3.556793724e-13,3.584350648e-14,4.760826953e-14,1.52739182e-14,9.039510095e-14,3.91716348e-14,9.658874765e-14,4.296518012e-13,3.895436543e-13,4.220698946e-13,2.921301319e-14,1.915304194e-13,4.870137318e-14
6.1328125,3.165820436e-13,3.632827397e-13,2.566387676e-13,1.404210454e-13,3.095729814e-13,2.346840365e-13,3.133465082e-14,1.888283222e-13,1.198223381e-13,5.183982053e-13,7.608389986e-14,1.54320862e-13,2.231724492e-13,3.727364788e-13,4.127291315e-13,6.144944133e-13,3.792509105e-13,1.312484794e-13,2.514235649e-13,3.60101164e-13,3.55098892e-14,4.782135382e-14,1.489535994e-14,9.041379117e-14,3.911704502e-14,9.713262945e-14,4.319168353e-13,3.867840658e-13,4.207852945e-13,2.950789047e-14,1.928270536e-13,4.868591178e-14
6.140625,3.154388805e-13,3.651828337e-13,2.537679131e-13,1.427858569e-13,3.104525171e-13,2.33959674e-13,3.16575572e-14,1.881368086e-13,1.193257901e-13,5.139466225e-13,7.400266274e-14,1.537756525e-13,2.226128658e-13,3.74788717e-13,4.148876912e-13,6.168209386e-13,3.818326888e-13,1.321706287e-13,2.511137398e-13,3.643425857e-13,3.520676764e-14,4.803265588e-14,1.454414953e-14,9.03889408e-14,3.907548143e-14,9.77518158e-14,4.342094771e-13,3.839045303e-13,4.195996013e-13,2.982455258e-14,1.942374378e-13,4.868860126e-14
6.1484375,3.141271089e-13,3.672404499e-13,2.507429153e-13,1.451661012e-13,3.111832667e-13,2.330690338e-13,3.1988298e-14,1.874453541e-13,1.187990104e-13,5.094709202e-13,7.184058462e-14,1.531792811e-13,2.220075041e-13,3.766994578e-13,4.170219357e-13,6.193169452e-13,3.844027092e-13,1.330668856e-13,2.506812674e-13,3.685320711e-13,3.496186024e-14,4.821666586e-14,1.421048937e-14,9.040066639e-14,3.905500983e-14,9.842509319e-14,4.365692051e-13,3.809560008e-13,4.184549823e-13,3.015336569e-14,1.957113853e-13,4.871095509e-14
6.15625,3.127334815e-13,3.693062191e-13,2.47753795e-13,1.475881906e-13,3.120910452e-13,2.321454601e-13,3.234012453e-14,1.867989511e-13,1.183356977e-13,5.050180633e-13,6.976125429e-14,1.525950642e-13,2.214091041e-13,3.784736623e-13,4.191862608e-13,6.218293596e-13,3.867583312e-13,1.338775238e-13,2.5023228e-13,3.727826856e-13,3.476651254e-14,4.841528849e-14,1.388047075e-14,9.040104545e-14,3.906087516e-14,9.913113898e-14,4.389091837e-13,3.780513344e-13,4.174093612e-13,3.047902606e-14,1.973004745e-13,4.874821384e-14
6.1640625,3.113206168e-13,3.711491908e-13,2.449070333e-13,1.498475431e-13,3.131296495e-13,2.313703103e-13,3.2709024e-14,1.861473336e-13,1.179403937e-13,5.005332008e-13,6.779900979e-14,1.520369971e-13,2.208470488e-13,3.802289023e-13,4.213211931e-13,6.242079963e-13,3.890317094e-13,1.346090071e-13,2.498214502e-13,3.769057224e-13,3.459417594e-14,4.864470543e-14,1.355851154e-14,9.041411868e-14,3.908124505e-14,9.979428384e-14,4.411314975e-13,3.750379964e-13,4.164280654e-13,3.077494881e-14,1.990889589e-13,4.87838737e-14
6.171875,3.098297153e-13,3.730017392e-13,2.420675808e-13,1.520601625e-13,3.139928088e-13,2.305762267e-13,3.310680268e-14,1.853957246e-13,1.174597667e-13,4.958789975e-13,6.592755896e-14,1.514390134e-13,2.203024535e-13,3.819736402e-13,4.235721197e-13,6.267505849e-13,3.914743407e-13,1.353236258e-13,2.49380111e-13,3.808576273e-13,3.444228582e-14,4.885252843e-14,1.325190458e-14,9.041383292e-14,3.911679739e-14,1.004004283e-13,4.431643515e-13,3.718451938e-13,4.154613519e-13,3.106569437e-14,2.011245966e-13,4.879063354e-14
6.1796875,3.083673502e-13,3.752731566e-13,2.392214632e-13,1.545093728e-13,3.147852637e-13,2.297123411e-13,3.352920811e-14,1.845203502e-13,1.168845547e-13,4.91141406e-13,6.415186086e-14,1.508220058e-13,2.197701628e-13,3.836920372e-13,4.260100973e-13,6.295845975e-13,3.940277897e-13,1.360721805e-13,2.489378831e-13,3.848835215e-13,3.433961157e-14,4.904715837e-14,1.295258218e-14,9.024853203e-14,3.916959178e-14,1.01056408e-13,4.450979836e-13,3.68760718e-13,4.145262229e-13,3.139395343e-14,2.033520079e-13,4.87839973e-14
6.1875,3.070761153e-13,3.775989157e-13,2.364758556e-13,1.570530527e-13,3.157113148e-13,2.290703151e-13,3.39770436e-14,1.836083854e-13,1.16362539e-13,4.864679248e-13,6.237819317e-14,1.502375199e-13,2.192077371e-13,3.853926064e-13,4.283589961e-13,6.323662736e-13,3.965497338e-13,1.368222483e-13,2.485280786e-13,3.889230977e-13,3.427768687e-14,4.9279273e-14,1.265883842e-14,8.999623038e-14,3.922731719e-14,1.017609317e-13,4.469856837e-13,3.658086561e-13,4.13614701e-13,3.172439341e-14,2.05630076e-13,4.879734962e-14
6.1953125,3.058243664e-13,3.79504857e-13,2.337703821e-13,1.59377915e-13,3.16708102e-13,2.285467128e-13,3.446485676e-14,1.827023271e-13,1.159015372e-13,4.817508962e-13,6.057347841e-14,1.496604727e-13,2.185337839e-13,3.869916836e-13,4.304189075e-13,6.348639238e-13,3.990212641e-13,1.37503952e-13,2.480672162e-13,3.927462049e-13,3.422562862e-14,4.952494452e-14,1.237526059e-14,8.984890986e-14,3.927309448e-14,1.024110919e-13,4.486089839e-13,3.626849186e-13,4.127481351e-13,3.20275309e-14,2.079156219e-13,4.88160037e-14
6.203125,3.044887682e-13,3.81409726e-13,2.310640973e-13,1.614750388e-13,3.177813665e-13,2.277839257e-13,3.4960647e-14,1.817118688e-13,1.154280856e-13,4.768916516e-13,5.885309812e-14,1.49094145e-13,2.178064026e-13,3.884735988e-13,4.323137763e-13,6.371932855e-13,4.013769857e-13,1.381372906e-13,2.475683489e-13,3.964973521e-13,3.422189253e-14,4.975772393e-14,1.209544995e-14,8.971059303e-14,3.930532401e-14,1.030379645e-13,4.498867128e-13,3.594490746e-13,4.120676062e-13,3.235056262e-14,2.103326444e-13,4.881729485e-14
6.2109375,3.031364773e-13,3.837043402e-13,2.284402378e-13,1.635613239e-13,3.189566449e-13,2.269590874e-13,3.544480682e-14,1.806059872e-13,1.149735841e-13,4.719934016e-13,5.722055106e-14,1.485648513e-13,2.171610662e-13,3.89912789e-13,4.341610523e-13,6.394792623e-13,4.035015188e-13,1.387640828e-13,2.471208202e-13,4.003720675e-13,3.430407846e-14,5.000598007e-14,1.182098628e-14,8.946290224e-14,3.934643346e-14,1.037049559e-13,4.510040195e-13,3.563633292e-13,4.116145387e-13,3.269511738e-14,2.129256992e-13,4.881365962e-14
6.21875,3.017839181e-13,3.860174822e-13,2.258167045e-13,1.657423785e-13,3.201424033e-13,2.262986837e-13,3.595471152e-14,1.795105253e-13,1.145774333e-13,4.671262053e-13,5.561490311e-14,1.480385813e-13,2.165703896e-13,3.912504346e-13,4.358777343e-13,6.416502133e-13,4.05402001e-13,1.393382737e-13,2.467042384e-13,4.041882494e-13,3.442669608e-14,5.02735275e-14,1.1564167e-14,8.921028259e-14,3.941166582e-14,1.043556218e-13,4.520330109e-13,3.533840323e-13,4.111994046e-13,3.301152131e-14,2.155869849e-13,4.88203935e-14
6.2265625,3.004203765e-13,3.88005108e-13,2.230883341e-13,1.678206795e-13,3.214317895e-13,2.255555456e-13,3.648531407e-14,1.785037354e-13,1.142172749e-13,4.622703914e-13,5.407884029e-14,1.475135021e-13,2.159456185e-13,3.924710405e-13,4.373810044e-13,6.436189222e-13,4.072302258e-13,1.398575852e-13,2.462933126e-13,4.076902147e-13,3.456936376e-14,5.054879872e-14,1.132129804e-14,8.89821584e-14,3.949062628e-14,1.049658764e-13,4.529592692e-13,3.503773246e-13,4.107445972e-13,3.331558513e-14,2.18314626e-13,4.884718704e-14
6.234375,2.990391545e-13,3.897748787e-13,2.204100378e-13,1.696747616e-13,3.228835332e-13,2.246927362e-13,3.702173419e-14,1.775066909e-13,1.138616607e-13,4.573919512e-13,5.25892618e-14,1.470199832e-13,2.153284326e-13,3.9369976e-13,4.387574095e-13,6.454722623e-13,4.090789706e-13,1.403699722e-13,2.458948601e-13,4.109787225e-13,3.47720468e-14,5.083602388e-14,1.108367572e-14,8.870932122e-14,3.957486787e-14,1.055889324e-13,4.537252887e-13,3.47299562e-13,4.104290921e-13,3.363586918e-14,2.211861022e-13,4.889667714e-14
6.2421875,2.975977941e-13,3.915529975e-13,2.178894258e-13,1.715503833e-13,3.24302579e-13,2.240231196e-13,3.761419916e-14,1.764439657e-13,1.134930847e-13,4.524521752e-13,5.108164202e-14,1.465199152e-13,2.147731313e-13,3.949052815e-13,4.401310835e-13,6.473296271e-13,4.109047794e-13,1.408259117e-13,2.454730192e-13,4.144103591e-13,3.504030033e-14,5.112199481e-14,1.085504718e-14,8.842963963e-14,3.966924037e-14,1.062334211e-13,4.542117097e-13,3.441233768e-13,4.103108716e-13,3.394358715e-14,2.241663744e-13,4.89548963e-14
6.25,2.962194974e-13,3.934004055e-13,2.154145582e-13,1.734946513e-13,3.257851866e-13,2.235378234e-13,3.825872662e-14,1.753610814e-13,1.131525723e-13,4.474942448e-13,4.963450669e-14,1.459895238e-13,2.142202365e-13,3.959953251e-13,4.41472266e-13,6.492359655e-13,4.127347088e-13,1.412244908e-13,2.450339636e-13,4.180968281e-13,3.536523629e-14,5.141358258e-14,1.063175451e-14,8.8174e-14,3.978089962e-14,1.068813921e-13,4.545364639e-13,3.409496837e-13,4.102167042e-13,3.4229481e-14,2.272398287e-13,4.902947797e-14
6.2578125,2.949478406e-13,3.950989497e-13,2.129681789e-13,1.752886577e-13,3.275609741e-13,2.230099614e-13,3.888479571e-14,1.743196676e-13,1.128788408e-13,4.425525431e-13,4.828679493e-14,1.454549183e-13,2.135920767e-13,3.97026314e-13,4.427058941e-13,6.51219135e-13,4.145779204e-13,1.416640667e-13,2.445754289e-13,4.217386295e-13,3.576262176e-14,5.173504977e-14,1.040446038e-14,8.789851204e-14,3.99090316e-14,1.075246259e-13,4.548550404e-13,3.378681313e-13,4.100675857e-13,3.45277784e-14,2.304423288e-13,4.913430983e-14
6.265625,2.935142189e-13,3.965410489e-13,2.10637032e-13,1.771051375e-13,3.293533373e-13,2.224492344e-13,3.950144782e-14,1.73286637e-13,1.126071205e-13,4.375448154e-13,4.695431943e-14,1.449099046e-13,2.129317259e-13,3.980404287e-13,4.439318494e-13,6.532148604e-13,4.162521646e-13,1.421043925e-13,2.440417146e-13,4.250556504e-13,3.622752414e-14,5.205746659e-14,1.018294441e-14,8.760904348e-14,4.004464124e-14,1.081392332e-13,4.550470363e-13,3.347591834e-13,4.099937288e-13,3.484492698e-14,2.337460585e-13,4.922794615e-14
6.2734375,2.919427079e-13,3.980170403e-13,2.083509529e-13,1.79123378e-13,3.309906537e-13,2.219153814e-13,4.01515622e-14,1.722245605e-13,1.123245408e-13,4.325291002e-13,4.564934557e-14,1.443761743e-13,2.123345631e-13,3.990287445e-13,4.452432376e-13,6.55108766e-13,4.176809116e-13,1.424696967e-13,2.434894161e-13,4.281225043e-13,3.674459089e-14,5.236791214e-14,9.975967094e-15,8.735627089e-14,4.018740947e-14,1.087150452e-13,4.550775967e-13,3.316005067e-13,4.100773915e-13,3.514673904e-14,2.371863132e-13,4.929034052e-14
6.28125,2.905351898e-13,3.996185423e-13,2.05965629e-13,1.810105416e-13,3.328727042e-13,2.213152309e-13,4.081023832e-14,1.711655161e-13,1.121278335e-13,4.276751136e-13,4.442508511e-14,1.4389078e-13,2.117119243e-13,3.999045073e-13,4.463990592e-13,6.568219287e-13,4.188691267e-13,1.428031306e-13,2.429480307e-13,4.311956163e-13,3.731503216e-14,5.270698738e-14,9.767371396e-15,8.716680155e-14,4.032253177e-14,1.092548886e-13,4.549032786e-13,3.285353283e-13,4.101224956e-13,3.541566901e-14,2.407562922e-13,4.939059613e-14
6.2890625,2.891841571e-13,4.010241231e-13,2.034951618e-13,1.826144965e-13,3.350605043e-13,2.206032631e-13,4.145899041e-14,1.700865542e-13,1.119759699e-13,4.22865864e-13,4.321580873e-14,1.433746586e-13,2.109033309e-13,4.004756996e-13,4.471155903e-13,6.581920808e-13,4.19672271e-13,1.43062326e-13,2.422752159e-13,4.34308416e-13,3.793194593e-14,5.305198104e-14,9.552394727e-15,8.70029296e-14,4.041164751e-14,1.097263023e-13,4.542485996e-13,3.255081348e-13,4.099579681e-13,3.567055245e-14,2.442271724e-13,4.955176439e-14
6.296875,2.877370587e-13,4.020932804e-13,2.010905484e-13,1.841277615e-13,3.371316601e-13,2.198958134e-13,4.213307864e-14,1.689226016e-13,1.117494051e-13,4.179039528e-13,4.197982589e-14,1.427677999e-13,2.100346043e-13,4.008227072e-13,4.475337418e-13,6.591807525e-13,4.202141681e-13,1.432025684e-13,2.414963482e-13,4.371239419e-13,3.859254804e-14,5.335826814e-14,9.355207893e-15,8.679171447e-14,4.047682419e-14,1.100877749e-13,4.532342028e-13,3.223868978e-13,4.09857917e-13,3.591498859e-14,2.475788665e-13,4.96967861e-14
6.3046875,2.863143909e-13,4.02866579e-13,1.988301954e-13,1.85505762e-13,3.390804253e-13,2.192888037e-13,4.285216971e-14,1.677484498e-13,1.115161005e-13,4.129141046e-13,4.079037832e-14,1.421602926e-13,2.092640329e-13,4.01185794e-13,4.47863893e-13,6.600277939e-13,4.207791487e-13,1.433336873e-13,2.407767252e-13,4.394337853e-13,3.930993161e-14,5.366684112e-14,9.178654679e-15,8.657709906e-14,4.057580822e-14,1.103591098e-13,4.522425531e-13,3.192266591e-13,4.100374233e-13,3.61383271e-14,2.510797941e-13,4.98062736e-14
6.3125,2.847839928e-13,4.033455627e-13,1.966350159e-13,1.867518797e-13,3.411520136e-13,2.18725314e-13,4.358759222e-14,1.666558565e-13,1.113598554e-13,4.080344853e-13,3.971523116e-14,1.415934652e-13,2.083954702e-13,4.013984279e-13,4.479964059e-13,6.607880429e-13,4.211578909e-13,1.434212919e-13,2.400236836e-13,4.415841468e-13,4.008902268e-14,5.399501963e-14,8.996336781e-15,8.645769122e-14,4.067102225e-14,1.106293758e-13,4.511055181e-13,3.160720284e-13,4.101263986e-13,3.637366193e-14,2.546711968e-13,4.994104407e-14
6.3203125,2.830600465e-13,4.037820866e-13,1.944414325e-13,1.881227496e-13,3.43244349e-13,2.181434159e-13,4.430948932e-14,1.655391495e-13,1.111952108e-13,4.031540143e-13,3.876295169e-14,1.410017359e-13,2.073294612e-13,4.013316956e-13,4.479473153e-13,6.613106471e-13,4.211579932e-13,1.433353725e-13,2.391249939e-13,4.438971202e-13,4.093070046e-14,5.429695568e-14,8.803971893e-15,8.634565106e-14,4.07051785e-14,1.109470881e-13,4.495559397e-13,3.129216032e-13,4.099061729e-13,3.663887022e-14,2.581276246e-13,5.009953964e-14
6.328125,2.814543957e-13,4.043857568e-13,1.92267596e-13,1.895574639e-13,3.45276606e-13,2.175501691e-13,4.503024638e-14,1.642991965e-13,1.109834911e-13,3.982104546e-13,3.790032631e-14,1.403785612e-13,2.063260117e-13,4.01307091e-13,4.47896123e-13,6.616008975e-13,4.210202076e-13,1.431859481e-13,2.382074066e-13,4.461138873e-13,4.182391254e-14,5.459189502e-14,8.615501523e-15,8.612867701e-14,4.071976525e-14,1.112226406e-13,4.477539251e-13,3.098077873e-13,4.097419091e-13,3.687288483e-14,2.616113617e-13,5.022891989e-14
6.3359375,2.799712317e-13,4.048332272e-13,1.900642067e-13,1.90788329e-13,3.473967614e-13,2.169048218e-13,4.577177665e-14,1.630505863e-13,1.108039106e-13,3.932760302e-13,3.708394111e-14,1.397485873e-13,2.054132635e-13,4.013271931e-13,4.476510998e-13,6.616106186e-13,4.206951467e-13,1.430509767e-13,2.373038343e-13,4.479795859e-13,4.273657987e-14,5.492735667e-14,8.432275268e-15,8.593097132e-14,4.074767483e-14,1.113594567e-13,4.457906229e-13,3.066114577e-13,4.097914188e-13,3.704535602e-14,2.653100026e-13,5.033902473e-14
6.34375,2.783742056e-13,4.048306938e-13,1.878143127e-13,1.918786935e-13,3.496379019e-13,2.162414042e-13,4.653072299e-14,1.619191664e-13,1.107010598e-13,3.88365548e-13,3.630522451e-14,1.391122618e-13,2.043823503e-13,4.010799341e-13,4.470520958e-13,6.613244643e-13,4.199547386e-13,1.428206189e-13,2.363510287e-13,4.497122289e-13,4.366506654e-14,5.529060298e-14,8.260055198e-15,8.587261756e-14,4.076478083e-14,1.114175211e-13,4.436092754e-13,3.032275967e-13,4.098285623e-13,3.720158362e-14,2.691157229e-13,5.048146733e-14
6.3515625,2.768083516e-13,4.044993528e-13,1.856806782e-13,1.929476737e-13,3.52027485e-13,2.157143964e-13,4.730825994e-14,1.608677277e-13,1.106742797e-13,3.834834913e-13,3.555437074e-14,1.385128064e-13,2.033517946e-13,4.007698935e-13,4.464020411e-13,6.609918622e-13,4.189383627e-13,1.42552045e-13,2.354310168e-13,4.51409989e-13,4.464153303e-14,5.566888453e-14,8.107584314e-15,8.586599611e-14,4.077648383e-14,1.11487361e-13,4.412677236e-13,2.998110025e-13,4.098107045e-13,3.73490864e-14,2.729349885e-13,5.066064889e-14
6.359375,2.753507396e-13,4.039442615e-13,1.83716305e-13,1.938503873e-13,3.546226088e-13,2.152417222e-13,4.81035898e-14,1.598061305e-13,1.10673875e-13,3.786878927e-13,3.480131287e-14,1.379610268e-13,2.024608499e-13,4.006365681e-13,4.457594227e-13,6.605555821e-13,4.177182826e-13,1.423608747e-13,2.345518184e-13,4.528067245e-13,4.567723862e-14,5.605360645e-14,7.964699572e-15,8.582401644e-14,4.078897411e-14,1.11531984e-13,4.387967491e-13,2.964360437e-13,4.097931935e-13,3.746075587e-14,2.76727937e-13,5.083740565e-14
6.3671875,2.738469384e-13,4.032681656e-13,1.817364509e-13,1.9453916e-13,3.571964384e-13,2.146078038e-13,4.889821956e-14,1.587112028e-13,1.106268129e-13,3.739796421e-13,3.407673341e-14,1.373826096e-13,2.014876533e-13,4.003654729e-13,4.448474327e-13,6.597364323e-13,4.162741589e-13,1.421639551e-13,2.33601652e-13,4.539072113e-13,4.675271469e-14,5.64183683e-14,7.823940795e-15,8.575006892e-14,4.078604045e-14,1.114861945e-13,4.362220607e-13,2.930206368e-13,4.097148801e-13,3.755101114e-14,2.804810423e-13,5.099903134e-14
6.375,2.724224959e-13,4.02603819e-13,1.796899476e-13,1.952163361e-13,3.596071394e-13,2.139379378e-13,4.970367993e-14,1.576205585e-13,1.105892864e-13,3.693188624e-13,3.343770142e-14,1.367636656e-13,2.003686121e-13,3.998383894e-13,4.437288644e-13,6.587081386e-13,4.147617119e-13,1.419202594e-13,2.326026827e-13,4.5494711e-13,4.784717295e-14,5.679334706e-14,7.690109425e-15,8.566876831e-14,4.078553104e-14,1.113502209e-13,4.335642534e-13,2.896240957e-13,4.096077549e-13,3.762402252e-14,2.843478529e-13,5.117343008e-14
6.3828125,2.711287555e-13,4.017644617e-13,1.777285584e-13,1.959379216e-13,3.62070166e-13,2.134210055e-13,5.053190694e-14,1.565694871e-13,1.106542718e-13,3.647192446e-13,3.285535844e-14,1.361590524e-13,1.993218388e-13,3.993064015e-13,4.425049392e-13,6.575726125e-13,4.130603628e-13,1.416596341e-13,2.315763071e-13,4.557865183e-13,4.897672138e-14,5.721743413e-14,7.560687625e-15,8.565176061e-14,4.079891634e-14,1.111312651e-13,4.306769351e-13,2.862590988e-13,4.095770579e-13,3.764844291e-14,2.884021986e-13,5.137006759e-14
6.390625,2.697221948e-13,4.006120365e-13,1.75884833e-13,1.965425803e-13,3.645226897e-13,2.129246014e-13,5.134876185e-14,1.555644166e-13,1.107589324e-13,3.601821735e-13,3.22883793e-14,1.355703042e-13,1.983300755e-13,3.987234084e-13,4.410576396e-13,6.561271016e-13,4.110144012e-13,1.413109441e-13,2.304580985e-13,4.562882954e-13,5.019755337e-14,5.764296423e-14,7.435818182e-15,8.573244103e-14,4.080420599e-14,1.108369603e-13,4.275049992e-13,2.828156605e-13,4.096097286e-13,3.76342083e-14,2.925092821e-13,5.157150546e-14
6.3984375,2.682951487e-13,3.992958266e-13,1.740493714e-13,1.969938727e-13,3.667488136e-13,2.123683518e-13,5.216571638e-14,1.546064237e-13,1.108488171e-13,3.556751117e-13,3.178088076e-14,1.349835297e-13,1.972526815e-13,3.979616295e-13,4.395273555e-13,6.545492136e-13,4.088789922e-13,1.408795413e-13,2.293231622e-13,4.567192575e-13,5.150037313e-14,5.804491002e-14,7.320129225e-15,8.583933488e-14,4.080067475e-14,1.10490975e-13,4.241821757e-13,2.793446734e-13,4.095742384e-13,3.761641308e-14,2.966191995e-13,5.17827646e-14
6.40625,2.670653606e-13,3.977086755e-13,1.721728762e-13,1.973502456e-13,3.690917812e-13,2.118835087e-13,5.303590728e-14,1.536749729e-13,1.109887853e-13,3.512491266e-13,3.136549783e-14,1.344131772e-13,1.961425858e-13,3.971461069e-13,4.379806128e-13,6.529032077e-13,4.065891589e-13,1.404356281e-13,2.282471964e-13,4.571116234e-13,5.278321596e-14,5.847422795e-14,7.204347271e-15,8.596003611e-14,4.077803687e-14,1.100692398e-13,4.206808071e-13,2.759000481e-13,4.09353221e-13,3.758044074e-14,3.007326875e-13,5.200990402e-14
6.4140625,2.658844771e-13,3.958145203e-13,1.703160222e-13,1.975841455e-13,3.71807976e-13,2.115065454e-13,5.392677424e-14,1.527310362e-13,1.111759362e-13,3.469614236e-13,3.099473226e-14,1.338431983e-13,1.950224532e-13,3.963060809e-13,4.361229709e-13,6.507947741e-13,4.038489967e-13,1.399287777e-13,2.271274455e-13,4.572597232e-13,5.403334401e-14,5.893592178e-14,7.083580687e-15,8.614970223e-14,4.070227691e-14,1.095220385e-13,4.169124753e-13,2.724467461e-13,4.090210564e-13,3.750457863e-14,3.047972075e-13,5.222742458e-14
6.421875,2.647789766e-13,3.939880168e-13,1.685679274e-13,1.977369751e-13,3.744950512e-13,2.11200493e-13,5.47912396e-14,1.517922602e-13,1.113575575e-13,3.427139058e-13,3.063464235e-14,1.332534952e-13,1.93848178e-13,3.954437078e-13,4.340451792e-13,6.483757036e-13,4.01001204e-13,1.394051601e-13,2.259495803e-13,4.572765738e-13,5.536364622e-14,5.940418801e-14,6.969528908e-15,8.638158344e-14,4.059879802e-14,1.088751531e-13,4.130247877e-13,2.690780855e-13,4.087328186e-13,3.741701513e-14,3.089136465e-13,5.243237437e-14
6.4296875,2.639437228e-13,3.920701056e-13,1.669244241e-13,1.978971238e-13,3.76980919e-13,2.109275063e-13,5.567238239e-14,1.50906327e-13,1.115619418e-13,3.384272088e-13,3.031238089e-14,1.326655388e-13,1.926947978e-13,3.947077675e-13,4.320861047e-13,6.460861494e-13,3.982928618e-13,1.390174437e-13,2.248059394e-13,4.570799135e-13,5.68007114e-14,5.989086366e-14,6.865626633e-15,8.662224743e-14,4.052242322e-14,1.081963448e-13,4.09181838e-13,2.657768795e-13,4.084502649e-13,3.733920137e-14,3.131865478e-13,5.265358228e-14
6.4375,2.630784642e-13,3.89528718e-13,1.653173293e-13,1.980212162e-13,3.795064676e-13,2.105847507e-13,5.658972032e-14,1.500620387e-13,1.117949093e-13,3.342047327e-13,3.003910468e-14,1.320854014e-13,1.915844419e-13,3.940252289e-13,4.300989963e-13,6.43726609e-13,3.953130153e-13,1.386750422e-13,2.236307164e-13,4.562903149e-13,5.826716388e-14,6.037815376e-14,6.764724557e-15,8.691285865e-14,4.046404482e-14,1.074896328e-13,4.053196952e-13,2.623475532e-13,4.080606953e-13,3.724526281e-14,3.174656418e-13,5.288638716e-14
6.4453125,2.619357799e-13,3.865946759e-13,1.637747137e-13,1.98044066e-13,3.819879591e-13,2.101913085e-13,5.749878002e-14,1.492284043e-13,1.120156645e-13,3.301143321e-13,2.977553401e-14,1.314897355e-13,1.90428073e-13,3.932074121e-13,4.27892843e-13,6.410662184e-13,3.919749853e-13,1.38221365e-13,2.223389938e-13,4.551022968e-13,5.976239834e-14,6.083745692e-14,6.662473735e-15,8.726631748e-14,4.038630919e-14,1.06695291e-13,4.012777248e-13,2.588498076e-13,4.07535325e-13,3.711291485e-14,3.216253137e-13,5.310166095e-14
6.453125,2.608342336e-13,3.836584974e-13,1.623432406e-13,1.978825524e-13,3.84289621e-13,2.098890244e-13,5.839460805e-14,1.483964962e-13,1.122422565e-13,3.260830297e-13,2.950609604e-14,1.308783559e-13,1.892334587e-13,3.922948334e-13,4.254970123e-13,6.381101622e-13,3.884712978e-13,1.377278334e-13,2.209926962e-13,4.538854709e-13,6.133969561e-14,6.130022266e-14,6.557297225e-15,8.764323338e-14,4.027255856e-14,1.057730254e-13,3.969950388e-13,2.554426606e-13,4.068310614e-13,3.695182675e-14,3.257360344e-13,5.329813547e-14
6.4609375,2.598341929e-13,3.805370659e-13,1.609201907e-13,1.974386382e-13,3.866095493e-13,2.096403529e-13,5.92870931e-14,1.475510594e-13,1.124931273e-13,3.220704122e-13,2.92630255e-14,1.302538725e-13,1.880328454e-13,3.912085206e-13,4.227345155e-13,6.346504873e-13,3.845230146e-13,1.372055518e-13,2.196108245e-13,4.524861671e-13,6.299323792e-14,6.177274727e-14,6.45639072e-15,8.802312363e-14,4.011277413e-14,1.047556828e-13,3.925255919e-13,2.520260752e-13,4.059486099e-13,3.677201743e-14,3.298192778e-13,5.349581899e-14
6.46875,2.586505913e-13,3.771258338e-13,1.593995953e-13,1.968788878e-13,3.890446882e-13,2.093155026e-13,6.015744076e-14,1.466998467e-13,1.1274666e-13,3.180959106e-13,2.904880587e-14,1.295932353e-13,1.867827573e-13,3.89760616e-13,4.195851494e-13,6.307749151e-13,3.799787171e-13,1.365507078e-13,2.181490472e-13,4.508690121e-13,6.470092713e-14,6.221569666e-14,6.372039688e-15,8.842560671e-14,3.991998176e-14,1.036904453e-13,3.87937755e-13,2.485218267e-13,4.049250868e-13,3.656084839e-14,3.338083856e-13,5.370369243e-14
6.4765625,2.574293082e-13,3.73478519e-13,1.578547833e-13,1.964427314e-13,3.915036248e-13,2.089423488e-13,6.102158754e-14,1.458798634e-13,1.130058972e-13,3.141886696e-13,2.884562532e-14,1.289015804e-13,1.854865948e-13,3.881762062e-13,4.163955952e-13,6.268365458e-13,3.751904078e-13,1.358663722e-13,2.166506231e-13,4.491985906e-13,6.644560294e-14,6.264390106e-14,6.304120582e-15,8.887423454e-14,3.972216381e-14,1.025685473e-13,3.833052456e-13,2.450255132e-13,4.036771657e-13,3.631126404e-14,3.376959944e-13,5.390322746e-14
6.484375,2.564002494e-13,3.695566478e-13,1.564162361e-13,1.960545399e-13,3.938804182e-13,2.086046635e-13,6.190356886e-14,1.450950956e-13,1.132686152e-13,3.103898501e-13,2.868435695e-14,1.282158847e-13,1.841655336e-13,3.867312595e-13,4.132422757e-13,6.227109845e-13,3.703520684e-13,1.352742892e-13,2.151677593e-13,4.473650303e-13,6.81940873e-14,6.308732587e-14,6.242964838e-15,8.935184535e-14,3.95126606e-14,1.01395414e-13,3.786922723e-13,2.415897033e-13,4.022136359e-13,3.606110922e-14,3.415272468e-13,5.407802726e-14
6.4921875,2.554093329e-13,3.655154859e-13,1.550832858e-13,1.955809467e-13,3.960641294e-13,2.082938197e-13,6.276699543e-14,1.443346086e-13,1.135301456e-13,3.066860727e-13,2.858493687e-14,1.27537483e-13,1.828016713e-13,3.852565582e-13,4.099757227e-13,6.183341534e-13,3.654335369e-13,1.346707259e-13,2.136849466e-13,4.45424963e-13,6.996918135e-14,6.353253983e-14,6.181777557e-15,8.984714884e-14,3.927990503e-14,1.002140948e-13,3.740289988e-13,2.382153158e-13,4.007193041e-13,3.583656628e-14,3.453139787e-13,5.425534057e-14
6.5,2.544129074e-13,3.614134958e-13,1.537435469e-13,1.95015465e-13,3.982038037e-13,2.079141806e-13,6.358664817e-14,1.436197632e-13,1.138335659e-13,3.030551898e-13,2.851379623e-14,1.268589647e-13,1.814356749e-13,3.836103425e-13,4.066110532e-13,6.14008953e-13,3.604326128e-13,1.340209363e-13,2.121993461e-13,4.435160396e-13,7.182220484e-14,6.398021209e-14,6.118563517e-15,9.038344759e-14,3.904607564e-14,9.899316627e-14,3.692278101e-13,2.349025507e-13,3.991718008e-13,3.558104415e-14,3.489874525e-13,5.445776793e-14
6.5078125,2.53503316e-13,3.570985959e-13,1.523502679e-13,1.943211427e-13,4.005078814e-13,2.074011931e-13,6.440327294e-14,1.429730022e-13,1.141733596e-13,2.995345955e-13,2.847477669e-14,1.262015789e-13,1.801177512e-13,3.819274617e-13,4.031495417e-13,6.09647278e-13,3.552627329e-13,1.334210833e-13,2.107085952e-13,4.413297313e-13,7.370936895e-14,6.443433289e-14,6.055614285e-15,9.093165014e-14,3.881893038e-14,9.767464506e-14,3.644195099e-13,2.316095047e-13,3.974193246e-13,3.525064408e-14,3.525292205e-13,5.466154046e-14
6.515625,2.525839539e-13,3.527339393e-13,1.509863189e-13,1.935401765e-13,4.027066311e-13,2.068628857e-13,6.524136577e-14,1.423803716e-13,1.144830012e-13,2.960827872e-13,2.849698013e-14,1.255417699e-13,1.788182795e-13,3.802335124e-13,3.996329074e-13,6.051240153e-13,3.499408884e-13,1.328433718e-13,2.091611983e-13,4.387950144e-13,7.556814051e-14,6.48788193e-14,5.994607191e-15,9.146616962e-14,3.858317419e-14,9.629321218e-14,3.597635129e-13,2.282859509e-13,3.955425221e-13,3.489567102e-14,3.561008743e-13,5.486409921e-14
6.5234375,2.516974553e-13,3.484259984e-13,1.497377684e-13,1.927579709e-13,4.046066661e-13,2.064518354e-13,6.606352683e-14,1.417943764e-13,1.147915632e-13,2.926454172e-13,2.855148166e-14,1.248497943e-13,1.775080594e-13,3.784591239e-13,3.961753034e-13,6.00738459e-13,3.446545132e-13,1.322569105e-13,2.075450794e-13,4.363242901e-13,7.743424046e-14,6.53404874e-14,5.93561675e-15,9.205097295e-14,3.83396008e-14,9.489236865e-14,3.551690714e-13,2.24979933e-13,3.936302746e-13,3.455337294e-14,3.597663456e-13,5.509178942e-14
6.53125,2.510740015e-13,3.438976696e-13,1.486198198e-13,1.919141572e-13,4.06569429e-13,2.061635091e-13,6.683902057e-14,1.411835459e-13,1.151670252e-13,2.893293366e-13,2.860340347e-14,1.241987975e-13,1.76180782e-13,3.766567134e-13,3.92627775e-13,5.964191861e-13,3.393776524e-13,1.317559562e-13,2.059546341e-13,4.339076119e-13,7.935178375e-14,6.584635801e-14,5.884093233e-15,9.266604375e-14,3.808280493e-14,9.346456659e-14,3.504625726e-13,2.218472822e-13,3.916032689e-13,3.42026018e-14,3.632991897e-13,5.532730221e-14
6.5390625,2.507026685e-13,3.3914402e-13,1.475753514e-13,1.909953849e-13,4.086895554e-13,2.059129367e-13,6.759366457e-14,1.405846068e-13,1.155608491e-13,2.861476446e-13,2.865873885e-14,1.236197288e-13,1.748414384e-13,3.748934976e-13,3.88907925e-13,5.918830561e-13,3.339738052e-13,1.313645032e-13,2.044598961e-13,4.31198291e-13,8.130927025e-14,6.635188459e-14,5.843308896e-15,9.320034914e-14,3.780358858e-14,9.199858321e-14,3.456475583e-13,2.188607206e-13,3.894555337e-13,3.383546906e-14,3.665941259e-13,5.554213785e-14
6.546875,2.503668487e-13,3.343466437e-13,1.464847734e-13,1.900521801e-13,4.105980458e-13,2.05612485e-13,6.836176626e-14,1.400493518e-13,1.159247824e-13,2.82942569e-13,2.873164351e-14,1.229884796e-13,1.735382282e-13,3.731487928e-13,3.853148112e-13,5.874107283e-13,3.284536527e-13,1.309940941e-13,2.029592619e-13,4.282000189e-13,8.329592272e-14,6.683378979e-14,5.805916605e-15,9.370502129e-14,3.752648437e-14,9.046266048e-14,3.408397628e-13,2.157343938e-13,3.871981298e-13,3.344620327e-14,3.698288157e-13,5.575733745e-14
6.5546875,2.499531503e-13,3.29456929e-13,1.453232011e-13,1.890212459e-13,4.122748624e-13,2.052293763e-13,6.912957561e-14,1.395684641e-13,1.163250288e-13,2.797608282e-13,2.883633942e-14,1.222629325e-13,1.722824965e-13,3.713520394e-13,3.818979972e-13,5.831536985e-13,3.227530333e-13,1.305720712e-13,2.01335872e-13,4.251031281e-13,8.529507483e-14,6.733415732e-14,5.768112367e-15,9.429884704e-14,3.726100906e-14,8.88552367e-14,3.360423784e-13,2.124744816e-13,3.847658689e-13,3.302614175e-14,3.730203458e-13,5.600867669e-14
6.5625,2.496079876e-13,3.24553519e-13,1.442285911e-13,1.879426659e-13,4.13965661e-13,2.049032294e-13,6.986521569e-14,1.391054326e-13,1.168034255e-13,2.767405625e-13,2.897123555e-14,1.215822569e-13,1.710571924e-13,3.695371331e-13,3.783717381e-13,5.78743521e-13,3.168429814e-13,1.30131459e-13,1.997020887e-13,4.219510752e-13,8.726757714e-14,6.786732201e-14,5.738210532e-15,9.4926868e-14,3.698216858e-14,8.724465771e-14,3.311616427e-13,2.094262201e-13,3.822409958e-13,3.260207132e-14,3.760376824e-13,5.630327781e-14
6.5703125,2.495243684e-13,3.196597657e-13,1.432745491e-13,1.869953311e-13,4.155945715e-13,2.04713969e-13,7.056427248e-14,1.386559698e-13,1.172969205e-13,2.737685919e-13,2.912391897e-14,1.210040991e-13,1.699203954e-13,3.678999908e-13,3.747504757e-13,5.741111025e-13,3.109489941e-13,1.298060521e-13,1.981964242e-13,4.186207263e-13,8.920747497e-14,6.840519194e-14,5.722400617e-15,9.550664088e-14,3.669882319e-14,8.563386374e-14,3.262723456e-13,2.065643382e-13,3.797047669e-13,3.218646054e-14,3.789809916e-13,5.660695721e-14
6.578125,2.494621451e-13,3.144065936e-13,1.423992667e-13,1.861773135e-13,4.16962465e-13,2.044789012e-13,7.123535013e-14,1.382587837e-13,1.177442594e-13,2.707673411e-13,2.93106365e-14,1.204162264e-13,1.688526151e-13,3.664184565e-13,3.711793045e-13,5.694731177e-13,3.050978986e-13,1.295892037e-13,1.966809527e-13,4.150505309e-13,9.11544746e-14,6.89182383e-14,5.718132093e-15,9.609186652e-14,3.642684005e-14,8.398216418e-14,3.21554527e-13,2.035798309e-13,3.769673409e-13,3.175960997e-14,3.819139105e-13,5.68824632e-14
6.5859375,2.491273604e-13,3.087213775e-13,1.415558943e-13,1.85305505e-13,4.181849659e-13,2.041046158e-13,7.18869038e-14,1.379568352e-13,1.181620189e-13,2.678836765e-13,2.953756388e-14,1.197529157e-13,1.677174678e-13,3.647697979e-13,3.675442445e-13,5.648668321e-13,2.990761926e-13,1.293234311e-13,1.950177163e-13,4.115192902e-13,9.312693684e-14,6.939098149e-14,5.724749135e-15,9.673472054e-14,3.614010385e-14,8.233990271e-14,3.169479379e-13,2.00515991e-13,3.739174271e-13,3.132069733e-14,3.846089419e-13,5.716447999e-14
6.59375,2.488696199e-13,3.029477023e-13,1.406886614e-13,1.842129733e-13,4.196026223e-13,2.036845922e-13,7.251616964e-14,1.377198136e-13,1.186077702e-13,2.651540688e-13,2.977784574e-14,1.190753966e-13,1.665458084e-13,3.629330879e-13,3.637322549e-13,5.603071289e-13,2.929710305e-13,1.290649563e-13,1.933492719e-13,4.08202884e-13,9.508781486e-14,6.986044745e-14,5.743241986e-15,9.738659304e-14,3.583717534e-14,8.072704551e-14,3.123173758e-13,1.975357934e-13,3.707094778e-13,3.086189668e-14,3.870229155e-13,5.7505569e-14
6.6015625,2.489356865e-13,2.971028968e-13,1.397470185e-13,1.829116908e-13,4.212286741e-13,2.031864609e-13,7.309019262e-14,1.374711967e-13,1.190898692e-13,2.624971151e-13,3.001173098e-14,1.184080672e-13,1.654460552e-13,3.611708913e-13,3.597557539e-13,5.556780334e-13,2.868609503e-13,1.289053208e-13,1.91744322e-13,4.047597272e-13,9.702714027e-14,7.037193763e-14,5.763341623e-15,9.800146366e-14,3.554186752e-14,7.907746726e-14,3.077575945e-13,1.94544572e-13,3.673589697e-13,3.036583932e-14,3.893794235e-13,5.787113746e-14
6.609375,2.48898167e-13,2.910691423e-13,1.388502505e-13,1.816556896e-13,4.226315211e-13,2.026077062e-13,7.360459485e-14,1.372087818e-13,1.195557833e-13,2.599642696e-13,3.021503757e-14,1.176945081e-13,1.643478316e-13,3.594411493e-13,3.556938157e-13,5.507914984e-13,2.804933633e-13,1.286622251e-13,1.900377763e-13,4.009987494e-13,9.900849454e-14,7.088801453e-14,5.773808364e-15,9.861183539e-14,3.523667699e-14,7.740825475e-14,3.032874846e-13,1.915237936e-13,3.6376968e-13,2.986145343e-14,3.916558569e-13,5.821921159e-14
6.6171875,2.487306066e-13,2.850476505e-13,1.381643455e-13,1.805900986e-13,4.237475242e-13,2.021349002e-13,7.410810704e-14,1.36983407e-13,1.200129495e-13,2.576209648e-13,3.038315726e-14,1.169814431e-13,1.632609259e-13,3.576771353e-13,3.517592121e-13,5.459488489e-13,2.739844291e-13,1.283742388e-13,1.882504762e-13,3.971896109e-13,1.010391203e-13,7.137834906e-14,5.788338375e-15,9.925157659e-14,3.491791544e-14,7.578904062e-14,2.987581173e-13,1.886735079e-13,3.60086001e-13,2.937929334e-14,3.937328571e-13,5.858638276e-14
6.625,2.489203499e-13,2.791304203e-13,1.376558656e-13,1.795117183e-13,4.249935483e-13,2.017753309e-13,7.459010652e-14,1.367920583e-13,1.205248804e-13,2.55405367e-13,3.055588941e-14,1.163834326e-13,1.623499452e-13,3.561085779e-13,3.480501295e-13,5.41532441e-13,2.677902774e-13,1.283635395e-13,1.865843574e-13,3.934519821e-13,1.030504458e-13,7.189848483e-14,5.830789405e-15,9.990162911e-14,3.463131378e-14,7.422754069e-14,2.943070364e-13,1.860535801e-13,3.564388702e-13,2.890403143e-14,3.957702574e-13,5.900291224e-14
6.6328125,2.493187584e-13,2.731630934e-13,1.371716888e-13,1.78293878e-13,4.262278567e-13,2.013503642e-13,7.499024888e-14,1.365934046e-13,1.210416381e-13,2.532475117e-13,3.07405455e-14,1.158134139e-13,1.615465622e-13,3.546637634e-13,3.444062917e-13,5.373749788e-13,2.618564101e-13,1.285174613e-13,1.849973204e-13,3.897210992e-13,1.050603169e-13,7.244896276e-14,5.897627865e-15,1.00532209e-13,3.438565491e-14,7.27249888e-14,2.901861024e-13,1.835127643e-13,3.526887548e-13,2.842406845e-14,3.978127664e-13,5.945129638e-14
6.640625,2.495273976e-13,2.671677406e-13,1.366246178e-13,1.771506363e-13,4.269491423e-13,2.00865903e-13,7.533503731e-14,1.363793054e-13,1.214680736e-13,2.511155411e-13,3.094787747e-14,1.151216635e-13,1.60668485e-13,3.529961221e-13,3.407830366e-13,5.333029627e-13,2.55914979e-13,1.285126519e-13,1.833402888e-13,3.860255899e-13,1.071024302e-13,7.295617973e-14,5.967379903e-15,1.010978795e-13,3.414334732e-14,7.125775116e-14,2.862263616e-13,1.809570768e-13,3.48757562e-13,2.793995976e-14,3.996139842e-13,5.991376918e-14
6.6484375,2.497524022e-13,2.612139634e-13,1.360376888e-13,1.762289116e-13,4.274161544e-13,2.004120385e-13,7.567818421e-14,1.361863632e-13,1.218715055e-13,2.489740513e-13,3.12224177e-14,1.144134307e-13,1.597786688e-13,3.512380867e-13,3.372921131e-13,5.293969706e-13,2.500441155e-13,1.284756177e-13,1.816731403e-13,3.823231127e-13,1.090856897e-13,7.343670667e-14,6.035502238e-15,1.015896359e-13,3.389314139e-14,6.976073838e-14,2.821663473e-13,1.784009139e-13,3.447503651e-13,2.743985954e-14,4.011263839e-13,6.037232702e-14
6.65625,2.501402916e-13,2.552242898e-13,1.355166951e-13,1.753284416e-13,4.281115899e-13,1.999428931e-13,7.600210586e-14,1.360410309e-13,1.223480382e-13,2.468434093e-13,3.14979943e-14,1.138181636e-13,1.589725299e-13,3.496998445e-13,3.339122069e-13,5.256245341e-13,2.442409758e-13,1.285906492e-13,1.800497989e-13,3.786273992e-13,1.109654298e-13,7.394544581e-14,6.109253043e-15,1.021154697e-13,3.365182279e-14,6.827717244e-14,2.781423122e-13,1.758527575e-13,3.407161462e-13,2.692871431e-14,4.024871468e-13,6.08187209e-14
6.6640625,2.504803416e-13,2.493407405e-13,1.351167098e-13,1.742552192e-13,4.287987426e-13,1.994163723e-13,7.630214152e-14,1.359139957e-13,1.228390352e-13,2.448121519e-13,3.170167657e-14,1.132381928e-13,1.582074851e-13,3.482368566e-13,3.306227357e-13,5.220784066e-13,2.384006692e-13,1.28761065e-13,1.783886985e-13,3.750888937e-13,1.128012725e-13,7.444640367e-14,6.187738773e-15,1.027113866e-13,3.343103008e-14,6.690929664e-14,2.743477778e-13,1.733613027e-13,3.366416581e-13,2.643000734e-14,4.03687092e-13,6.128022147e-14
6.671875,2.508803871e-13,2.43783622e-13,1.34740345e-13,1.731555846e-13,4.29167262e-13,1.988841153e-13,7.659475131e-14,1.357937734e-13,1.232982209e-13,2.429008329e-13,3.193284616e-14,1.126012745e-13,1.574944807e-13,3.466841141e-13,3.275224373e-13,5.189847676e-13,2.326957122e-13,1.289871639e-13,1.766973173e-13,3.715868459e-13,1.145811996e-13,7.492378894e-14,6.272681415e-15,1.032449125e-13,3.323451819e-14,6.560569385e-14,2.706605847e-13,1.709957639e-13,3.324915015e-13,2.59391002e-14,4.047567471e-13,6.17867763e-14
6.6796875,2.515798321e-13,2.383053586e-13,1.343272194e-13,1.722121304e-13,4.294426022e-13,1.983878376e-13,7.684968295e-14,1.357310785e-13,1.237751108e-13,2.410431992e-13,3.222241697e-14,1.119593181e-13,1.568799824e-13,3.452059048e-13,3.246397782e-13,5.162539021e-13,2.272453809e-13,1.293832393e-13,1.750460322e-13,3.679793771e-13,1.163090208e-13,7.542914417e-14,6.378421887e-15,1.036870666e-13,3.307089993e-14,6.427831651e-14,2.669325533e-13,1.686942135e-13,3.282053997e-13,2.543234853e-14,4.057905302e-13,6.233866878e-14
6.6875,2.524465287e-13,2.326107631e-13,1.340214394e-13,1.713645441e-13,4.298439343e-13,1.979198289e-13,7.705256883e-14,1.357256491e-13,1.242584972e-13,2.392596416e-13,3.246260669e-14,1.113239969e-13,1.563521325e-13,3.439023737e-13,3.219654225e-13,5.137719344e-13,2.219812479e-13,1.299281862e-13,1.734135987e-13,3.645513372e-13,1.1809861e-13,7.594931369e-14,6.51076736e-15,1.04126281e-13,3.295600461e-14,6.300837519e-14,2.632751936e-13,1.663946475e-13,3.238581366e-13,2.492471019e-14,4.066823821e-13,6.291310994e-14
6.6953125,2.53313037e-13,2.268789817e-13,1.339215486e-13,1.705775535e-13,4.301984506e-13,1.97463114e-13,7.721973175e-14,1.35715719e-13,1.247123607e-13,2.376307954e-13,3.268808661e-14,1.107104106e-13,1.55890057e-13,3.426895947e-13,3.194939576e-13,5.115888101e-13,2.169011572e-13,1.305238288e-13,1.717743887e-13,3.613873717e-13,1.1995759e-13,7.644408044e-14,6.656320394e-15,1.045541737e-13,3.28799568e-14,6.187210507e-14,2.597896822e-13,1.641883692e-13,3.195472634e-13,2.445395066e-14,4.073633779e-13,6.349451341e-14
6.703125,2.542083322e-13,2.212233353e-13,1.338715151e-13,1.698643715e-13,4.303180222e-13,1.97007265e-13,7.734618639e-14,1.356941126e-13,1.251735358e-13,2.360912e-13,3.297446249e-14,1.101451406e-13,1.554401999e-13,3.414812289e-13,3.170824367e-13,5.095152793e-13,2.118604032e-13,1.31114344e-13,1.701555496e-13,3.581049638e-13,1.217710458e-13,7.694235251e-14,6.806943385e-15,1.049670863e-13,3.280663778e-14,6.078550794e-14,2.563344222e-13,1.620968096e-13,3.151468287e-13,2.400564526e-14,4.079509602e-13,6.409978242e-14
6.7109375,2.551474478e-13,2.154574717e-13,1.337413778e-13,1.691004945e-13,4.303601906e-13,1.965343996e-13,7.745355852e-14,1.356873868e-13,1.256497021e-13,2.345607934e-13,3.324713819e-14,1.095791581e-13,1.549641735e-13,3.402150546e-13,3.146351677e-13,5.074162017e-13,2.066738715e-13,1.317672408e-13,1.685726555e-13,3.546438159e-13,1.235288235e-13,7.745100354e-14,6.969510853e-15,1.054096528e-13,3.27376309e-14,5.970287852e-14,2.528495194e-13,1.600369864e-13,3.105755556e-13,2.353582183e-14,4.083686485e-13,6.473855695e-14
6.71875,2.561304202e-13,2.09623074e-13,1.336593511e-13,1.683338223e-13,4.304797967e-13,1.960608401e-13,7.756669127e-14,1.357075338e-13,1.261085124e-13,2.331481323e-13,3.347321596e-14,1.089934524e-13,1.545202042e-13,3.389293827e-13,3.123351823e-13,5.055965082e-13,2.015758415e-13,1.325894743e-13,1.669949029e-13,3.512877121e-13,1.253096658e-13,7.793078891e-14,7.148840751e-15,1.058383269e-13,3.270870772e-14,5.870396323e-14,2.495040715e-13,1.580515158e-13,3.059855586e-13,2.305833519e-14,4.084653216e-13,6.539083336e-14
6.7265625,2.571790481e-13,2.039584425e-13,1.337611684e-13,1.67778882e-13,4.304554424e-13,1.956371601e-13,7.764254496e-14,1.357776944e-13,1.265670816e-13,2.318809027e-13,3.369688318e-14,1.084264896e-13,1.541531661e-13,3.377415195e-13,3.103626859e-13,5.042989771e-13,1.96857595e-13,1.335271066e-13,1.653574204e-13,3.481063147e-13,1.271291291e-13,7.838899515e-14,7.348277665e-15,1.062143481e-13,3.272712065e-14,5.782685416e-14,2.463155807e-13,1.561793766e-13,3.014775209e-13,2.261714465e-14,4.084380845e-13,6.60602454e-14
6.734375,2.582991295e-13,1.985379209e-13,1.339655343e-13,1.673099843e-13,4.302095386e-13,1.952109246e-13,7.765861439e-14,1.358966993e-13,1.2704397e-13,2.305575812e-13,3.391411547e-14,1.078770618e-13,1.538630496e-13,3.366465981e-13,3.085961694e-13,5.033846305e-13,1.924249519e-13,1.345043556e-13,1.636903493e-13,3.451238703e-13,1.289251413e-13,7.884886538e-14,7.568704431e-15,1.065481435e-13,3.277959404e-14,5.702960388e-14,2.431555746e-13,1.543265987e-13,2.97076431e-13,2.220453209e-14,4.084714499e-13,6.676448272e-14
6.7421875,2.595236919e-13,1.932877154e-13,1.341505418e-13,1.667417132e-13,4.300381914e-13,1.946946918e-13,7.763890892e-14,1.360404836e-13,1.275268308e-13,2.29129516e-13,3.414153804e-14,1.073519852e-13,1.536420589e-13,3.35563159e-13,3.06819698e-13,5.026074318e-13,1.881211042e-13,1.355552648e-13,1.62123953e-13,3.423641775e-13,1.306297114e-13,7.930712094e-14,7.794244995e-15,1.068220554e-13,3.285087779e-14,5.625605479e-14,2.400590291e-13,1.524892785e-13,2.927842129e-13,2.178214434e-14,4.083423051e-13,6.749602896e-14
6.75,2.608273286e-13,1.880643757e-13,1.343568902e-13,1.663044229e-13,4.299191586e-13,1.941788406e-13,7.756792463e-14,1.362028863e-13,1.279971868e-13,2.277883726e-13,3.438751015e-14,1.068413766e-13,1.534153396e-13,3.34482225e-13,3.050912902e-13,5.019098985e-13,1.83921448e-13,1.366619578e-13,1.606269733e-13,3.396381554e-13,1.322433602e-13,7.97679738e-14,8.019207842e-15,1.070685224e-13,3.292399775e-14,5.549524646e-14,2.370511933e-13,1.507484115e-13,2.88413654e-13,2.135076801e-14,4.078281282e-13,6.826051134e-14
6.7578125,2.621445483e-13,1.828546312e-13,1.346893028e-13,1.661336862e-13,4.296437373e-13,1.937390952e-13,7.745218158e-14,1.363530013e-13,1.28422159e-13,2.26609559e-13,3.460746316e-14,1.062811963e-13,1.531710722e-13,3.334453115e-13,3.03659738e-13,5.015086499e-13,1.79821233e-13,1.378596722e-13,1.590759866e-13,3.369324909e-13,1.338139637e-13,8.022745999e-14,8.268775181e-15,1.073025472e-13,3.302279811e-14,5.485659282e-14,2.340700883e-13,1.491138552e-13,2.838857302e-13,2.095195022e-14,4.070274672e-13,6.9072865e-14
6.765625,2.635740838e-13,1.778363346e-13,1.351438834e-13,1.65957437e-13,4.294165945e-13,1.932433963e-13,7.734789305e-14,1.364908264e-13,1.288316537e-13,2.255323066e-13,3.483154607e-14,1.057198312e-13,1.530301719e-13,3.325262127e-13,3.025188345e-13,5.015169121e-13,1.758658724e-13,1.39281649e-13,1.575643368e-13,3.3446655e-13,1.353581146e-13,8.068427285e-14,8.55257063e-15,1.074527863e-13,3.318397952e-14,5.441016638e-14,2.311877031e-13,1.4761129e-13,2.794547954e-13,2.059814972e-14,4.061195608e-13,6.992338764e-14
6.7734375,2.651587595e-13,1.72961094e-13,1.356844086e-13,1.656702016e-13,4.292959813e-13,1.926675185e-13,7.724443844e-14,1.366958333e-13,1.293069787e-13,2.245287458e-13,3.50906058e-14,1.052451773e-13,1.529878167e-13,3.317447384e-13,3.014597538e-13,5.017279789e-13,1.720936488e-13,1.408302481e-13,1.561648391e-13,3.32191559e-13,1.368743866e-13,8.116671308e-14,8.854024584e-15,1.075712337e-13,3.338079564e-14,5.401367085e-14,2.284019989e-13,1.462314615e-13,2.751684201e-13,2.024586707e-14,4.051538952e-13,7.080878082e-14
6.78125,2.66668689e-13,1.680321054e-13,1.363554276e-13,1.655066946e-13,4.289466893e-13,1.921757534e-13,7.710195038e-14,1.369525451e-13,1.297996671e-13,2.235394475e-13,3.5295547e-14,1.047664263e-13,1.529419242e-13,3.309800843e-13,3.005408756e-13,5.020956888e-13,1.684565999e-13,1.423167533e-13,1.54694306e-13,3.299599664e-13,1.383649596e-13,8.165924831e-14,9.169466919e-15,1.077379238e-13,3.358392727e-14,5.359789366e-14,2.255783094e-13,1.448263775e-13,2.70815454e-13,1.987453498e-14,4.040604726e-13,7.172405788e-14
6.7890625,2.680858512e-13,1.632143332e-13,1.371589829e-13,1.65576345e-13,4.283903205e-13,1.918018907e-13,7.694809689e-14,1.371750415e-13,1.302238137e-13,2.225496963e-13,3.540878734e-14,1.042307871e-13,1.529432232e-13,3.302090059e-13,2.999474745e-13,5.027873368e-13,1.649439619e-13,1.43824299e-13,1.53130367e-13,3.278029619e-13,1.3981465e-13,8.212226091e-14,9.494939215e-15,1.078555103e-13,3.381856313e-14,5.332234574e-14,2.228750076e-13,1.43402998e-13,2.665268759e-13,1.951867935e-14,4.027710043e-13,7.264987728e-14
6.796875,2.697661407e-13,1.586995361e-13,1.38020458e-13,1.657174318e-13,4.27899439e-13,1.914983728e-13,7.680436281e-14,1.374179124e-13,1.306642628e-13,2.216882142e-13,3.550478983e-14,1.037678484e-13,1.530625481e-13,3.296488785e-13,2.996182866e-13,5.037848712e-13,1.616628009e-13,1.454778826e-13,1.517227624e-13,3.256877219e-13,1.412021475e-13,8.26000742e-14,9.824905952e-15,1.079139056e-13,3.409661654e-14,5.3225348e-14,2.205408578e-13,1.421816532e-13,2.625288587e-13,1.918858834e-14,4.013303055e-13,7.360015122e-14
6.8046875,2.717707982e-13,1.542804649e-13,1.389174954e-13,1.657601023e-13,4.274335966e-13,1.912502045e-13,7.663915891e-14,1.377278477e-13,1.311826085e-13,2.209521849e-13,3.562539329e-14,1.03379206e-13,1.532534631e-13,3.29375757e-13,2.994694555e-13,5.051361577e-13,1.587552902e-13,1.472503043e-13,1.504880208e-13,3.236343733e-13,1.42492823e-13,8.312878965e-14,1.018232711e-14,1.080098486e-13,3.44184548e-14,5.319306731e-14,2.183997507e-13,1.411107778e-13,2.585994881e-13,1.88619986e-14,3.997758137e-13,7.459433214e-14
6.8125,2.737061538e-13,1.498241244e-13,1.398080635e-13,1.657581145e-13,4.267937294e-13,1.909068634e-13,7.641966999e-14,1.380231312e-13,1.316612309e-13,2.201925373e-13,3.578067246e-14,1.029139836e-13,1.534440841e-13,3.290592595e-13,2.995585589e-13,5.070924863e-13,1.562422329e-13,1.490904617e-13,1.491668468e-13,3.21871275e-13,1.436644675e-13,8.363568974e-14,1.057203916e-14,1.080602056e-13,3.480381544e-14,5.326820254e-14,2.161573688e-13,1.399147819e-13,2.544980381e-13,1.855031922e-14,3.980222676e-13,7.563418128e-14
6.8203125,2.753634143e-13,1.455473216e-13,1.406222673e-13,1.659746093e-13,4.258418354e-13,1.903758989e-13,7.613606908e-14,1.383286111e-13,1.320475953e-13,2.194919699e-13,3.598053619e-14,1.023738736e-13,1.535574301e-13,3.284050034e-13,2.999082521e-13,5.096412307e-13,1.54011529e-13,1.50920485e-13,1.476925505e-13,3.20471585e-13,1.447646426e-13,8.407355881e-14,1.096633994e-14,1.080095588e-13,3.524282893e-14,5.354883541e-14,2.138567888e-13,1.387048383e-13,2.504145534e-13,1.828013595e-14,3.960426121e-13,7.674849389e-14
6.828125,2.770275738e-13,1.416280204e-13,1.414717919e-13,1.665593463e-13,4.248115131e-13,1.898817576e-13,7.582240654e-14,1.387381994e-13,1.324566589e-13,2.190010158e-13,3.620072675e-14,1.018889043e-13,1.536327426e-13,3.277143957e-13,3.005533114e-13,5.12556635e-13,1.520156256e-13,1.527700162e-13,1.462798541e-13,3.193579728e-13,1.45811071e-13,8.451000274e-14,1.1381978e-14,1.079726091e-13,3.572409369e-14,5.399474443e-14,2.117150535e-13,1.378038391e-13,2.465720889e-13,1.804580031e-14,3.939764703e-13,7.793230821e-14
6.8359375,2.790775817e-13,1.38010748e-13,1.425118331e-13,1.673329105e-13,4.242999137e-13,1.895754448e-13,7.552675298e-14,1.392061458e-13,1.3298335e-13,2.185690946e-13,3.643072003e-14,1.015161761e-13,1.538620452e-13,3.275350354e-13,3.015592552e-13,5.158001044e-13,1.502657443e-13,1.548528103e-13,1.450765404e-13,3.185685812e-13,1.467397969e-13,8.502500723e-14,1.185090634e-14,1.079532726e-13,3.626774959e-14,5.456874261e-14,2.098459057e-13,1.371071576e-13,2.42895853e-13,1.782930449e-14,3.919380115e-13,7.913415577e-14
6.84375,2.814196294e-13,1.345015221e-13,1.436635443e-13,1.680961454e-13,4.241960604e-13,1.892595605e-13,7.522816439e-14,1.396908269e-13,1.335931905e-13,2.180515649e-13,3.668304853e-14,1.012094168e-13,1.542576176e-13,3.277662322e-13,3.02863065e-13,5.194003926e-13,1.486925657e-13,1.571881503e-13,1.439633748e-13,3.180208401e-13,1.475755708e-13,8.560376292e-14,1.234692157e-14,1.078989073e-13,3.685646399e-14,5.528732019e-14,2.082170594e-13,1.363215403e-13,2.392880645e-13,1.762188853e-14,3.898628017e-13,8.037507894e-14
6.8515625,2.835958377e-13,1.309521879e-13,1.447866419e-13,1.689278984e-13,4.237159968e-13,1.887758241e-13,7.487998425e-14,1.402199346e-13,1.341680522e-13,2.175461681e-13,3.692953582e-14,1.008829894e-13,1.546483521e-13,3.278282109e-13,3.043489669e-13,5.232697561e-13,1.472918456e-13,1.595864854e-13,1.427672736e-13,3.174994348e-13,1.484281768e-13,8.614805053e-14,1.284589483e-14,1.078452502e-13,3.746769259e-14,5.610680234e-14,2.067365304e-13,1.354771437e-13,2.358070694e-13,1.741861955e-14,3.876246111e-13,8.168047035e-14
6.859375,2.855880874e-13,1.275023382e-13,1.458900633e-13,1.699829842e-13,4.229414964e-13,1.882646959e-13,7.450627114e-14,1.407556122e-13,1.346621686e-13,2.170852522e-13,3.714812461e-14,1.005231615e-13,1.550421421e-13,3.276801196e-13,3.060269538e-13,5.274144114e-13,1.46167442e-13,1.620543887e-13,1.415223843e-13,3.171673431e-13,1.492973869e-13,8.662125581e-14,1.336121107e-14,1.077492986e-13,3.81321712e-14,5.699605122e-14,2.053059276e-13,1.34732455e-13,2.324353844e-13,1.722629181e-14,3.852454605e-13,8.299434551e-14
6.8671875,2.87819615e-13,1.243930552e-13,1.470636968e-13,1.712884176e-13,4.22485183e-13,1.879266697e-13,7.415837822e-14,1.412932311e-13,1.351603154e-13,2.16621668e-13,3.737592762e-14,1.001927023e-13,1.555158927e-13,3.277106219e-13,3.080401279e-13,5.320281399e-13,1.452990001e-13,1.646636482e-13,1.403471399e-13,3.173868567e-13,1.500915573e-13,8.710515591e-14,1.389597472e-14,1.075572335e-13,3.885261654e-14,5.803934664e-14,2.038212317e-13,1.341323519e-13,2.290738017e-13,1.706472689e-14,3.828132002e-13,8.432565537e-14
6.875,2.902848854e-13,1.215344816e-13,1.48388074e-13,1.727579292e-13,4.221693324e-13,1.877425898e-13,7.382968724e-14,1.418997516e-13,1.356906358e-13,2.162079119e-13,3.762694955e-14,9.989501818e-14,1.559917137e-13,3.279071825e-13,3.104409351e-13,5.371166371e-13,1.44599165e-13,1.673488765e-13,1.392478291e-13,3.179709117e-13,1.507700472e-13,8.76309482e-14,1.445506172e-14,1.073405078e-13,3.960428714e-14,5.928337272e-14,2.023084045e-13,1.33679608e-13,2.257943496e-13,1.693822796e-14,3.802275626e-13,8.573302311e-14
6.8828125,2.927253947e-13,1.187105547e-13,1.498317556e-13,1.742531278e-13,4.218126052e-13,1.875474806e-13,7.347135723e-14,1.425520169e-13,1.361983426e-13,2.158229566e-13,3.78664305e-14,9.960921327e-14,1.564624741e-13,3.281234874e-13,3.130332457e-13,5.424063339e-13,1.441349344e-13,1.701697354e-13,1.382111227e-13,3.185161864e-13,1.513782755e-13,8.814155435e-14,1.504901803e-14,1.07123099e-13,4.040374255e-14,6.061143794e-14,2.009449179e-13,1.333208185e-13,2.226897805e-13,1.682612178e-14,3.773845914e-13,8.717522703e-14
6.890625,2.95292085e-13,1.159986873e-13,1.512755104e-13,1.758103898e-13,4.217630136e-13,1.873486917e-13,7.307839284e-14,1.432128309e-13,1.36719924e-13,2.153781284e-13,3.810064032e-14,9.936827096e-14,1.570432465e-13,3.285153497e-13,3.157595072e-13,5.479146593e-13,1.440095055e-13,1.732093707e-13,1.37235796e-13,3.192803594e-13,1.519753162e-13,8.864457357e-14,1.566372358e-14,1.068847774e-13,4.125577337e-14,6.195719548e-14,1.997562254e-13,1.329903518e-13,2.19696061e-13,1.671686805e-14,3.744484584e-13,8.862577203e-14
6.8984375,2.980140852e-13,1.134880785e-13,1.527122152e-13,1.775904653e-13,4.217636836e-13,1.872802354e-13,7.271051315e-14,1.439288463e-13,1.372832717e-13,2.149471572e-13,3.834975187e-14,9.913595156e-14,1.577028284e-13,3.290352839e-13,3.188455477e-13,5.538886529e-13,1.441482694e-13,1.762630883e-13,1.36232363e-13,3.205695401e-13,1.525216742e-13,8.916564231e-14,1.629333526e-14,1.066924151e-13,4.214353661e-14,6.343309235e-14,1.985754656e-13,1.326858869e-13,2.168180863e-13,1.661957924e-14,3.715205023e-13,9.014363714e-14
6.90625,3.006225439e-13,1.110728715e-13,1.5420764e-13,1.794609593e-13,4.213383899e-13,1.872780241e-13,7.237590811e-14,1.446867421e-13,1.378061919e-13,2.14620856e-13,3.858492043e-14,9.884583167e-14,1.583154753e-13,3.294504766e-13,3.222346975e-13,5.601358645e-13,1.444088437e-13,1.792165876e-13,1.351649118e-13,3.219457769e-13,1.529648291e-13,8.966747259e-14,1.694893802e-14,1.065460661e-13,4.306977145e-14,6.507493938e-14,1.973576003e-13,1.324106681e-13,2.140682711e-13,1.654267408e-14,3.684706753e-13,9.172661823e-14
6.9140625,3.033703956e-13,1.088618456e-13,1.557539731e-13,1.812286947e-13,4.209687468e-13,1.87230829e-13,7.199579286e-14,1.454261934e-13,1.383017233e-13,2.143482441e-13,3.882896375e-14,9.857198483e-14,1.589012636e-13,3.299657199e-13,3.257088179e-13,5.664000493e-13,1.448222639e-13,1.823256773e-13,1.341610132e-13,3.232079232e-13,1.533852753e-13,9.017505334e-14,1.762156841e-14,1.063263864e-13,4.4019891e-14,6.678172756e-14,1.962157891e-13,1.322392279e-13,2.113285372e-13,1.649260923e-14,3.653636713e-13,9.333319226e-14
6.921875,3.065648906e-13,1.070271211e-13,1.573314153e-13,1.830441163e-13,4.210927587e-13,1.871990721e-13,7.15597629e-14,1.461846651e-13,1.388648744e-13,2.141053079e-13,3.915171573e-14,9.837139897e-14,1.59540286e-13,3.307900841e-13,3.294092786e-13,5.728628393e-13,1.454905767e-13,1.856812771e-13,1.332665453e-13,3.248049121e-13,1.537964427e-13,9.074483615e-14,1.82988549e-14,1.060214868e-13,4.499093736e-14,6.85448729e-14,1.952136506e-13,1.322412075e-13,2.086882357e-13,1.646506096e-14,3.62371074e-13,9.496952359e-14
6.9296875,3.096957124e-13,1.052711453e-13,1.589034008e-13,1.849938508e-13,4.212026235e-13,1.871801095e-13,7.11505829e-14,1.470253373e-13,1.394515922e-13,2.139080768e-13,3.951159215e-14,9.814448611e-14,1.601753892e-13,3.315619076e-13,3.334168009e-13,5.796280931e-13,1.4638144e-13,1.890448126e-13,1.323535749e-13,3.266986542e-13,1.540411863e-13,9.13131698e-14,1.897922526e-14,1.057497288e-13,4.602571251e-14,7.039618571e-14,1.943022768e-13,1.322348763e-13,2.063088793e-13,1.643568993e-14,3.592910438e-13,9.662612961e-14
6.9375,3.124176109e-13,1.033207153e-13,1.604489892e-13,1.870438081e-13,4.209840426e-13,1.871640642e-13,7.079367927e-14,1.479323445e-13,1.399831167e-13,2.137009699e-13,3.984698728e-14,9.785672167e-14,1.607165338e-13,3.320531385e-13,3.376777431e-13,5.867801583e-13,1.475141374e-13,1.924032589e-13,1.31388075e-13,3.286070382e-13,1.541222101e-13,9.18204879e-14,1.967220742e-14,1.055353295e-13,4.713482975e-14,7.233044751e-14,1.934410482e-13,1.320816777e-13,2.04008328e-13,1.640346227e-14,3.558889947e-13,9.830151228e-14
6.9453125,3.152279627e-13,1.015072552e-13,1.621287971e-13,1.893863294e-13,4.208147547e-13,1.873265268e-13,7.045312364e-14,1.488576765e-13,1.405074153e-13,2.134853448e-13,4.020362464e-14,9.760894851e-14,1.612343169e-13,3.326314448e-13,3.424363135e-13,5.946164973e-13,1.489972055e-13,1.959636324e-13,1.304868832e-13,3.308545332e-13,1.542213701e-13,9.234070635e-14,2.041126073e-14,1.052831395e-13,4.830235698e-14,7.442962872e-14,1.927148774e-13,1.319979607e-13,2.017512711e-13,1.639731624e-14,3.524124348e-13,1.000406707e-13
6.953125,3.183663322e-13,1.001704038e-13,1.640222976e-13,1.91939143e-13,4.208846316e-13,1.876388468e-13,7.01088128e-14,1.497874897e-13,1.410817283e-13,2.133590248e-13,4.057841216e-14,9.742844564e-14,1.618362594e-13,3.335193863e-13,3.475949506e-13,6.028240338e-13,1.507075126e-13,1.996811023e-13,1.296857788e-13,3.335102452e-13,1.543340384e-13,9.29312738e-14,2.120061105e-14,1.049843494e-13,4.952150363e-14,7.669440534e-14,1.921517104e-13,1.3212688e-13,1.998258072e-13,1.64138749e-14,3.491605289e-13,1.018205781e-13
6.9609375,3.215365984e-13,9.913122725e-14,1.658326348e-13,1.942970719e-13,4.210424652e-13,1.878394477e-13,6.974630228e-14,1.507463111e-13,1.416805256e-13,2.132833607e-13,4.092187386e-14,9.72335051e-14,1.624545188e-13,3.344414139e-13,3.525788333e-13,6.107354673e-13,1.524737263e-13,2.033963034e-13,1.289072192e-13,3.361824585e-13,1.543028728e-13,9.354195989e-14,2.199329047e-14,1.047112264e-13,5.075169879e-14,7.895281757e-14,1.915646494e-13,1.322889381e-13,1.980901069e-13,1.642528956e-14,3.459557614e-13,1.035795751e-13
6.96875,3.247549277e-13,9.807427329e-14,1.673882179e-13,1.965979489e-13,4.212571867e-13,1.880012307e-13,6.93673037e-14,1.517242184e-13,1.4226291e-13,2.131023119e-13,4.128246522e-14,9.698168363e-14,1.629853895e-13,3.352249423e-13,3.574477253e-13,6.185452568e-13,1.543872753e-13,2.071161995e-13,1.281172734e-13,3.390335336e-13,1.540993967e-13,9.413208952e-14,2.2779633e-14,1.044315099e-13,5.197415746e-14,8.123014393e-14,1.908992437e-13,1.323470134e-13,1.962148621e-13,1.643888895e-14,3.425143957e-13,1.053598041e-13
6.9765625,3.28208819e-13,9.700026764e-14,1.690084747e-13,1.99214564e-13,4.21581217e-13,1.883524187e-13,6.897873679e-14,1.526537014e-13,1.428443247e-13,2.128594797e-13,4.16623364e-14,9.674300882e-14,1.634990425e-13,3.360934125e-13,3.626617913e-13,6.266886546e-13,1.564899619e-13,2.108415001e-13,1.273584229e-13,3.423088342e-13,1.538427803e-13,9.474143262e-14,2.359371668e-14,1.041058716e-13,5.321911124e-14,8.370361415e-14,1.90381176e-13,1.324163028e-13,1.944442585e-13,1.648031874e-14,3.389688536e-13,1.071995608e-13
6.984375,3.317515204e-13,9.615050434e-14,1.708641062e-13,2.019795323e-13,4.220008962e-13,1.887751362e-13,6.854797499e-14,1.535435511e-13,1.434716541e-13,2.127209687e-13,4.199435337e-14,9.658971271e-14,1.6406581e-13,3.371916339e-13,3.681240135e-13,6.349663789e-13,1.587003798e-13,2.145207034e-13,1.266663545e-13,3.457294174e-13,1.536590497e-13,9.540494188e-14,2.443834847e-14,1.038089155e-13,5.446937318e-14,8.630409179e-14,1.900858795e-13,1.326783718e-13,1.930042963e-13,1.654496948e-14,3.35558757e-13,1.090284439e-13
6.9921875,3.352672721e-13,9.555716381e-14,1.726358847e-13,2.046556301e-13,4.224921581e-13,1.891115378e-13,6.808322445e-14,1.545015618e-13,1.441159642e-13,2.126026719e-13,4.236782791e-14,9.644390826e-14,1.645894968e-13,3.382883458e-13,3.73634101e-13,6.432972765e-13,1.611007124e-13,2.182093862e-13,1.260104002e-13,3.492813275e-13,1.535229308e-13,9.606903534e-14,2.529007065e-14,1.035249167e-13,5.571680274e-14,8.891970469e-14,1.898564343e-13,1.330678427e-13,1.915940373e-13,1.660998116e-14,3.321511144e-13,1.108398237e-13
7,3.389699667e-13,9.502443336e-14,1.742130952e-13,2.073125869e-13,4.230643217e-13,1.894834041e-13,6.766650549e-14,1.555550529e-13,1.447151671e-13,2.123470655e-13,4.289578577e-14,9.621713462e-14,1.650744702e-13,3.392502089e-13,3.793356068e-13,6.519565827e-13,1.637699299e-13,2.220393755e-13,1.253488812e-13,3.531804083e-13,1.532811715e-13,9.668286028e-14,2.612928982e-14,1.031564993e-13,5.702609921e-14,9.164010183e-14,1.896156039e-13,1.333522495e-13,1.9009063e-13,1.667463924e-14,3.285963162e-13,1.127237009e-13
7.0078125,3.429997995e-13,9.460895959e-14,1.759579875e-13,2.100563152e-13,4.237601338e-13,1.90033238e-13,6.732034174e-14,1.566446718e-13,1.453258373e-13,2.120976388e-13,4.350179678e-14,9.601183775e-14,1.657190216e-13,3.403448132e-13,3.853963806e-13,6.610448977e-13,1.666904937e-13,2.261150598e-13,1.247322058e-13,3.572696175e-13,1.529090793e-13,9.730689e-14,2.696163136e-14,1.027670916e-13,5.841037865e-14,9.448233225e-14,1.893726624e-13,1.336217748e-13,1.887402739e-13,1.675610709e-14,3.250877743e-13,1.146736182e-13
7.015625,3.471017388e-13,9.443066044e-14,1.779805127e-13,2.129789501e-13,4.245493368e-13,1.90705428e-13,6.699665804e-14,1.577831077e-13,1.460226015e-13,2.119850311e-13,4.41032722e-14,9.590600415e-14,1.664872829e-13,3.416763759e-13,3.918811319e-13,6.705727776e-13,1.699116293e-13,2.303882019e-13,1.242166069e-13,3.615103782e-13,1.524933941e-13,9.799789482e-14,2.782884576e-14,1.024450144e-13,5.982883367e-14,9.738117522e-14,1.891592954e-13,1.340961326e-13,1.876266639e-13,1.685483041e-14,3.216920222e-13,1.166318341e-13
7.0234375,3.510319851e-13,9.433454909e-14,1.799381382e-13,2.160317698e-13,4.25329136e-13,1.91321815e-13,6.667422109e-14,1.590014337e-13,1.467575701e-13,2.118242278e-13,4.471527796e-14,9.580019607e-14,1.670980803e-13,3.429997201e-13,3.986051842e-13,6.803856074e-13,1.73367963e-13,2.346697463e-13,1.237476386e-13,3.66116743e-13,1.51999395e-13,9.871721537e-14,2.873861996e-14,1.021432683e-13,6.127594329e-14,1.004023794e-13,1.890692088e-13,1.34595125e-13,1.867185998e-13,1.696189311e-14,3.182250038e-13,1.186302017e-13
7.03125,3.550663994e-13,9.437578599e-14,1.816766943e-13,2.190432041e-13,4.261629896e-13,1.918362927e-13,6.634682217e-14,1.602363461e-13,1.474960562e-13,2.115199571e-13,4.532314867e-14,9.56778747e-14,1.675689151e-13,3.443312685e-13,4.052544153e-13,6.900799506e-13,1.769071126e-13,2.389246746e-13,1.232957912e-13,3.709952747e-13,1.513808903e-13,9.944985517e-14,2.963968393e-14,1.018485993e-13,6.273312354e-14,1.035635618e-13,1.891164565e-13,1.349860085e-13,1.860429758e-13,1.707660634e-14,3.147388021e-13,1.206730135e-13
7.0390625,3.595247747e-13,9.472668977e-14,1.833668803e-13,2.220966745e-13,4.271812014e-13,1.924495707e-13,6.601801027e-14,1.614670067e-13,1.482723147e-13,2.112226532e-13,4.590564281e-14,9.560993229e-14,1.681311647e-13,3.458658569e-13,4.119062366e-13,6.996440468e-13,1.805893387e-13,2.432477774e-13,1.229055418e-13,3.759855181e-13,1.507104669e-13,1.002185942e-13,3.050918525e-14,1.015858122e-13,6.41766162e-14,1.067464197e-13,1.891676808e-13,1.354835654e-13,1.854731714e-13,1.718879368e-14,3.113404956e-13,1.226957179e-13
7.046875,3.641616303e-13,9.513065251e-14,1.851033932e-13,2.253096822e-13,4.282899867e-13,1.933042064e-13,6.571768178e-14,1.627796642e-13,1.490757428e-13,2.109450755e-13,4.649791179e-14,9.552213536e-14,1.68741737e-13,3.474860579e-13,4.187939708e-13,7.094004918e-13,1.844364644e-13,2.475407248e-13,1.22538553e-13,3.812050643e-13,1.500243551e-13,1.009956623e-13,3.136581494e-14,1.013140992e-13,6.562780283e-14,1.099238683e-13,1.891139118e-13,1.36065295e-13,1.84855296e-13,1.729066379e-14,3.078923511e-13,1.247153688e-13
7.0546875,3.687500426e-13,9.548616362e-14,1.868895034e-13,2.285241034e-13,4.294178148e-13,1.942983425e-13,6.544305765e-14,1.641612355e-13,1.498833855e-13,2.105968863e-13,4.713702897e-14,9.535109967e-14,1.692799237e-13,3.491083927e-13,4.258486733e-13,7.192456802e-13,1.882507722e-13,2.516788007e-13,1.221481231e-13,3.866864189e-13,1.49318257e-13,1.017708565e-13,3.222371546e-14,1.010237133e-13,6.708943652e-14,1.131538438e-13,1.889908168e-13,1.365860785e-13,1.843076089e-13,1.739973297e-14,3.044293158e-13,1.267810203e-13
7.0625,3.735683977e-13,9.607152521e-14,1.887612375e-13,2.316539696e-13,4.307291563e-13,1.953176463e-13,6.517340378e-14,1.655077506e-13,1.507073268e-13,2.102640232e-13,4.783335685e-14,9.519254551e-14,1.698322713e-13,3.50903018e-13,4.329800322e-13,7.289366557e-13,1.920468765e-13,2.557973048e-13,1.218145628e-13,3.922580083e-13,1.486136602e-13,1.025816861e-13,3.309881943e-14,1.007394878e-13,6.855519685e-14,1.16442137e-13,1.889197164e-13,1.37232272e-13,1.839612489e-13,1.753224066e-14,3.011436924e-13,1.28854591e-13
7.0703125,3.787987902e-13,9.680925479e-14,1.906915889e-13,2.347429102e-13,4.323008675e-13,1.96392733e-13,6.49350287e-14,1.668692686e-13,1.515569173e-13,2.100123092e-13,4.857662883e-14,9.509534359e-14,1.704723217e-13,3.529276379e-13,4.40261566e-13,7.38699505e-13,1.961296569e-13,2.601064883e-13,1.21599406e-13,3.978630786e-13,1.478570531e-13,1.034330738e-13,3.398912333e-14,1.004624524e-13,7.005988591e-14,1.197769552e-13,1.889330091e-13,1.38077637e-13,1.837043455e-13,1.768839191e-14,2.979747582e-13,1.309007797e-13
7.078125,3.842751323e-13,9.75689865e-14,1.926310715e-13,2.377919478e-13,4.340458349e-13,1.976311515e-13,6.474355767e-14,1.683416858e-13,1.524592435e-13,2.097159826e-13,4.93551702e-14,9.501746197e-14,1.71194354e-13,3.551612014e-13,4.477872586e-13,7.487733539e-13,2.006183186e-13,2.64659201e-13,1.214636163e-13,4.036209062e-13,1.470032275e-13,1.043295754e-13,3.486509705e-14,1.002289597e-13,7.160042567e-14,1.231446598e-13,1.889736297e-13,1.389166208e-13,1.835053488e-13,1.78529795e-14,2.948779195e-13,1.329404001e-13
7.0859375,3.898014473e-13,9.855307838e-14,1.945715343e-13,2.408780722e-13,4.358797251e-13,1.990070277e-13,6.455390415e-14,1.698377363e-13,1.534126303e-13,2.093331111e-13,5.018340651e-14,9.494609696e-14,1.719623825e-13,3.57508348e-13,4.555288105e-13,7.589396402e-13,2.052771516e-13,2.693204183e-13,1.213532466e-13,4.095865419e-13,1.461230964e-13,1.052753684e-13,3.572672073e-14,1.000508667e-13,7.312483752e-14,1.265220356e-13,1.891100227e-13,1.397056129e-13,1.835090808e-13,1.799858831e-14,2.919362267e-13,1.349817207e-13
7.09375,3.951993658e-13,9.971372381e-14,1.964457873e-13,2.440157311e-13,4.376664862e-13,2.002894906e-13,6.43217259e-14,1.712820934e-13,1.543490463e-13,2.089947783e-13,5.108105456e-14,9.486845869e-14,1.726458375e-13,3.596733208e-13,4.632390451e-13,7.689880998e-13,2.09887685e-13,2.739473478e-13,1.212306974e-13,4.156802915e-13,1.452162206e-13,1.062060418e-13,3.659974212e-14,9.985945519e-14,7.462759852e-14,1.29914339e-13,1.894306432e-13,1.405162229e-13,1.836269886e-13,1.813438721e-14,2.889995212e-13,1.370127088e-13
7.1015625,4.005336799e-13,1.009236593e-13,1.982036041e-13,2.471520735e-13,4.394343345e-13,2.014627888e-13,6.405393e-14,1.727496888e-13,1.552758929e-13,2.086993044e-13,5.20520019e-14,9.477500287e-14,1.732233575e-13,3.616797566e-13,4.708434107e-13,7.790858982e-13,2.145432236e-13,2.786141575e-13,1.211132418e-13,4.219123467e-13,1.442087657e-13,1.071002393e-13,3.748598065e-14,9.962683444e-14,7.613277158e-14,1.333287635e-13,1.897973435e-13,1.4136178e-13,1.836294194e-13,1.829407238e-14,2.859188172e-13,1.390241365e-13
7.109375,4.062076677e-13,1.023103142e-13,1.998838406e-13,2.504480666e-13,4.415271895e-13,2.028079298e-13,6.379405045e-14,1.742517498e-13,1.562672504e-13,2.082728907e-13,5.30766567e-14,9.467722312e-14,1.738119285e-13,3.638804338e-13,4.785659177e-13,7.893054195e-13,2.193573334e-13,2.833616384e-13,1.210343721e-13,4.284285201e-13,1.431455768e-13,1.080368132e-13,3.837213892e-14,9.939493585e-14,7.762749485e-14,1.367676713e-13,1.900668777e-13,1.422306485e-13,1.835975631e-13,1.845715063e-14,2.828078623e-13,1.410210287e-13
7.1171875,4.123474289e-13,1.037598868e-13,2.014310952e-13,2.539013432e-13,4.440576421e-13,2.04294707e-13,6.35662596e-14,1.757548509e-13,1.573126928e-13,2.077061359e-13,5.412580676e-14,9.45545241e-14,1.7436437e-13,3.662179193e-13,4.862768479e-13,7.993239866e-13,2.242116567e-13,2.880100042e-13,1.209635308e-13,4.352700379e-13,1.420571256e-13,1.090380726e-13,3.924544855e-14,9.923522791e-14,7.908987543e-14,1.402524669e-13,1.902837568e-13,1.430323643e-13,1.837083208e-13,1.859362215e-14,2.797531086e-13,1.430243348e-13
7.125,4.187022757e-13,1.051696222e-13,2.027811555e-13,2.571637781e-13,4.467672874e-13,2.056640475e-13,6.334813798e-14,1.773332234e-13,1.583955285e-13,2.071898236e-13,5.523123083e-14,9.443945683e-14,1.74849446e-13,3.685352734e-13,4.936922665e-13,8.08945831e-13,2.290780451e-13,2.925853238e-13,1.209406423e-13,4.423268897e-13,1.408634515e-13,1.100730901e-13,4.010102716e-14,9.921028477e-14,8.053092418e-14,1.437642635e-13,1.904922012e-13,1.437863082e-13,1.839167495e-13,1.872759315e-14,2.76829076e-13,1.450406595e-13
7.1328125,4.252328892e-13,1.068197743e-13,2.04082507e-13,2.602246741e-13,4.495849072e-13,2.070110861e-13,6.311488407e-14,1.789924881e-13,1.595358984e-13,2.067912673e-13,5.644105169e-14,9.441632509e-14,1.754140299e-13,3.710575799e-13,5.010169434e-13,8.183460695e-13,2.340724106e-13,2.972899933e-13,1.21065018e-13,4.494258248e-13,1.395909044e-13,1.111556964e-13,4.095958445e-14,9.923353709e-14,8.196383056e-14,1.472461987e-13,1.90704428e-13,1.446909511e-13,1.841728319e-13,1.887014784e-14,2.741166607e-13,1.470671219e-13
7.140625,4.320802427e-13,1.087468421e-13,2.053854927e-13,2.633430393e-13,4.525792469e-13,2.084835767e-13,6.286058639e-14,1.806142086e-13,1.606809894e-13,2.063973619e-13,5.769654331e-14,9.440636917e-14,1.759968323e-13,3.737797531e-13,5.083708654e-13,8.276188295e-13,2.391456256e-13,3.020281155e-13,1.212501081e-13,4.56402231e-13,1.383506742e-13,1.122709463e-13,4.184210309e-14,9.915183991e-14,8.337529194e-14,1.506762956e-13,1.909232365e-13,1.457405938e-13,1.844360502e-13,1.900336383e-14,2.714230503e-13,1.490955229e-13
7.1484375,4.392476431e-13,1.107598481e-13,2.064881965e-13,2.664241813e-13,4.556649996e-13,2.099743698e-13,6.259394334e-14,1.821910521e-13,1.618098406e-13,2.059211468e-13,5.894378006e-14,9.427538732e-14,1.764561498e-13,3.764849328e-13,5.155459873e-13,8.367393443e-13,2.442661945e-13,3.066730359e-13,1.213706947e-13,4.633289452e-13,1.371380425e-13,1.133825925e-13,4.273460511e-14,9.9007383e-14,8.477024371e-14,1.5406149e-13,1.910693218e-13,1.467829295e-13,1.845950584e-13,1.912946541e-14,2.686289825e-13,1.510907857e-13
7.15625,4.466620794e-13,1.12893483e-13,2.074455383e-13,2.694105132e-13,4.58890475e-13,2.115210985e-13,6.235777154e-14,1.838022609e-13,1.629979265e-13,2.053542431e-13,6.025183491e-14,9.411996612e-14,1.769692931e-13,3.793170169e-13,5.227047931e-13,8.459019472e-13,2.49566757e-13,3.113659007e-13,1.215150417e-13,4.704739576e-13,1.359044851e-13,1.145186594e-13,4.360845825e-14,9.891136372e-14,8.618065712e-14,1.574539117e-13,1.911646561e-13,1.478422321e-13,1.847556104e-13,1.924912957e-14,2.65985178e-13,1.530558023e-13
7.1640625,4.542179522e-13,1.151333243e-13,2.08556262e-13,2.726215943e-13,4.624242366e-13,2.132598773e-13,6.218251532e-14,1.854549716e-13,1.64236956e-13,2.04732846e-13,6.16393048e-14,9.407955951e-14,1.776578557e-13,3.823463646e-13,5.301244138e-13,8.552932417e-13,2.550302074e-13,3.161682288e-13,1.217698461e-13,4.778974891e-13,1.346469015e-13,1.156882363e-13,4.44547626e-14,9.883983742e-14,8.760259807e-14,1.609334632e-13,1.913414925e-13,1.489575733e-13,1.851005199e-13,1.936424043e-14,2.635459639e-13,1.550399595e-13
7.171875,4.618597536e-13,1.174198965e-13,2.097859958e-13,2.761185661e-13,4.661876743e-13,2.151145014e-13,6.20346612e-14,1.871413619e-13,1.654688209e-13,2.041117281e-13,6.302038681e-14,9.408125746e-14,1.783871612e-13,3.853820928e-13,5.376538102e-13,8.647586633e-13,2.605222698e-13,3.210015647e-13,1.22078965e-13,4.85447847e-13,1.333569384e-13,1.168565744e-13,4.528441144e-14,9.878061923e-14,8.901078362e-14,1.644715078e-13,1.915326621e-13,1.500951608e-13,1.855166212e-13,1.949781835e-14,2.611111525e-13,1.570261241e-13
7.1796875,4.697002596e-13,1.197940799e-13,2.109020706e-13,2.795168714e-13,4.700525692e-13,2.170021907e-13,6.18772591e-14,1.888413358e-13,1.667203499e-13,2.034678107e-13,6.439162585e-14,9.402916577e-14,1.791517591e-13,3.884953222e-13,5.450613456e-13,8.739869665e-13,2.659971877e-13,3.258287352e-13,1.224093731e-13,4.930218991e-13,1.320449703e-13,1.180363774e-13,4.610094858e-14,9.876482225e-14,9.039737188e-14,1.679746872e-13,1.916266886e-13,1.51251043e-13,1.859197478e-13,1.964115156e-14,2.587232146e-13,1.589705309e-13
7.1875,4.778200214e-13,1.221594568e-13,2.118324798e-13,2.825693045e-13,4.740764114e-13,2.189106784e-13,6.170353041e-14,1.90478331e-13,1.679973591e-13,2.027062124e-13,6.58093474e-14,9.394340824e-14,1.79975145e-13,3.917754828e-13,5.522072304e-13,8.827522959e-13,2.713987102e-13,3.305935486e-13,1.227673995e-13,5.005584454e-13,1.307214631e-13,1.192446122e-13,4.689127086e-14,9.874644409e-14,9.173298752e-14,1.714462766e-13,1.917130165e-13,1.523394597e-13,1.864181612e-13,1.975709353e-14,2.564230177e-13,1.608879654e-13
7.1953125,4.861336159e-13,1.245335196e-13,2.125411404e-13,2.853735462e-13,4.782690883e-13,2.207698649e-13,6.150545569e-14,1.920473326e-13,1.692692869e-13,2.018111881e-13,6.726000601e-14,9.383779617e-14,1.807191039e-13,3.950330052e-13,5.590239395e-13,8.91038791e-13,2.767256428e-13,3.353005181e-13,1.231493671e-13,5.080852985e-13,1.293391642e-13,1.204612823e-13,4.765758179e-14,9.870225601e-14,9.299909349e-14,1.749102726e-13,1.91812452e-13,1.533002842e-13,1.869455708e-13,1.984548271e-14,2.540587231e-13,1.627728781e-13
7.203125,4.945777451e-13,1.271040307e-13,2.131423388e-13,2.880759618e-13,4.825912143e-13,2.225946499e-13,6.129435017e-14,1.936335863e-13,1.705699254e-13,2.008949554e-13,6.874220539e-14,9.373017054e-14,1.813895167e-13,3.982513998e-13,5.656628265e-13,8.990703627e-13,2.820902027e-13,3.40045932e-13,1.235770074e-13,5.157084545e-13,1.27899031e-13,1.216890704e-13,4.842453676e-14,9.867858343e-14,9.424854846e-14,1.783308307e-13,1.918638232e-13,1.542979828e-13,1.874420862e-13,1.99312107e-14,2.517109315e-13,1.646123315e-13
7.2109375,5.032395885e-13,1.297813924e-13,2.139198522e-13,2.906949034e-13,4.871590493e-13,2.24502362e-13,6.109832408e-14,1.952677555e-13,1.71931433e-13,2.000712625e-13,7.030178011e-14,9.368657421e-14,1.821147371e-13,4.016316297e-13,5.721952615e-13,9.069894791e-13,2.875057323e-13,3.448549063e-13,1.240714189e-13,5.233407499e-13,1.264760782e-13,1.22947421e-13,4.919429478e-14,9.868451118e-14,9.551842244e-14,1.817080329e-13,1.919492898e-13,1.554780896e-13,1.880813727e-13,2.002769198e-14,2.495925741e-13,1.664602626e-13
7.21875,5.122134811e-13,1.325270553e-13,2.148424299e-13,2.932339764e-13,4.920351848e-13,2.265531776e-13,6.091300953e-14,1.969225779e-13,1.733435411e-13,1.993027507e-13,7.192229027e-14,9.370847028e-14,1.828985698e-13,4.052427412e-13,5.785353887e-13,9.146856528e-13,2.929455581e-13,3.497537582e-13,1.246413473e-13,5.308428333e-13,1.250855648e-13,1.242454065e-13,4.993541386e-14,9.870873733e-14,9.677123832e-14,1.850719294e-13,1.920796581e-13,1.567793292e-13,1.888732029e-13,2.01356991e-14,2.476746963e-13,1.683251276e-13
7.2265625,5.213766776e-13,1.355240752e-13,2.157318489e-13,2.957934558e-13,4.970326938e-13,2.287434672e-13,6.072121423e-14,1.985581814e-13,1.747850497e-13,1.98468569e-13,7.35696454e-14,9.373911344e-14,1.837643607e-13,4.090359672e-13,5.848279697e-13,9.221102622e-13,2.984402703e-13,3.547484607e-13,1.252875371e-13,5.383110666e-13,1.237133567e-13,1.255752951e-13,5.063366166e-14,9.873570815e-14,9.797709737e-14,1.884222602e-13,1.921748968e-13,1.581128368e-13,1.896807178e-13,2.024726854e-14,2.458631537e-13,1.701256832e-13
7.234375,5.305823134e-13,1.386011257e-13,2.166710702e-13,2.984405336e-13,5.020647989e-13,2.310049748e-13,6.052743707e-14,2.001179419e-13,1.762200551e-13,1.975974431e-13,7.527235258e-14,9.377305246e-14,1.847436997e-13,4.129369681e-13,5.91118711e-13,9.292339155e-13,3.038378654e-13,3.596212536e-13,1.259687622e-13,5.457661175e-13,1.223674774e-13,1.269155046e-13,5.131680772e-14,9.872467742e-14,9.913801136e-14,1.917591605e-13,1.923165455e-13,1.594835077e-13,1.905331009e-13,2.036023152e-14,2.441398329e-13,1.718352137e-13
7.2421875,5.400075943e-13,1.415488975e-13,2.175904351e-13,3.011028019e-13,5.073546149e-13,2.33282992e-13,6.033074595e-14,2.016195378e-13,1.77684237e-13,1.967864303e-13,7.701750145e-14,9.381107814e-14,1.857147554e-13,4.169111171e-13,5.970089486e-13,9.357746182e-13,3.088995366e-13,3.641616925e-13,1.26649251e-13,5.530923517e-13,1.209896372e-13,1.283019765e-13,5.200401589e-14,9.869106505e-14,1.002346092e-13,1.950599515e-13,1.924730576e-13,1.609321522e-13,1.913682081e-13,2.047034324e-14,2.424923337e-13,1.735146698e-13
7.25,5.498468858e-13,1.445762568e-13,2.182837044e-13,3.036992095e-13,5.130268574e-13,2.356565157e-13,6.011041408e-14,2.031625023e-13,1.792563015e-13,1.959473909e-13,7.875388596e-14,9.382978981e-14,1.866659681e-13,4.210233308e-13,6.023196969e-13,9.416537046e-13,3.137286072e-13,3.685136779e-13,1.27350489e-13,5.604075075e-13,1.195409385e-13,1.297914951e-13,5.267136819e-14,9.868714171e-14,1.012480175e-13,1.98271911e-13,1.924268532e-13,1.62448373e-13,1.920071361e-13,2.055717165e-14,2.409756781e-13,1.752095363e-13
7.2578125,5.600095133e-13,1.477271842e-13,2.189139281e-13,3.062003422e-13,5.189463637e-13,2.381564795e-13,5.986283447e-14,2.047679286e-13,1.808836548e-13,1.949729097e-13,8.053006482e-14,9.385125671e-14,1.877796582e-13,4.253103406e-13,6.073713599e-13,9.472911536e-13,3.186603969e-13,3.729988634e-13,1.28107918e-13,5.677795515e-13,1.180968107e-13,1.313324234e-13,5.331102772e-14,9.872747451e-14,1.022216793e-13,2.014085842e-13,1.92305925e-13,1.639862645e-13,1.925420509e-13,2.062051412e-14,2.396156561e-13,1.76905215e-13
7.265625,5.70419749e-13,1.507893056e-13,2.195718564e-13,3.085470647e-13,5.250540882e-13,2.406504075e-13,5.961957458e-14,2.063740845e-13,1.824950316e-13,1.939522469e-13,8.237791751e-14,9.38796137e-14,1.890206061e-13,4.296913708e-13,6.122964159e-13,9.528572496e-13,3.23743831e-13,3.776619712e-13,1.289164857e-13,5.749902417e-13,1.166528139e-13,1.328542405e-13,5.395810361e-14,9.884167942e-14,1.032081674e-13,2.045241641e-13,1.924028917e-13,1.65547776e-13,1.931380203e-13,2.068502929e-14,2.382886871e-13,1.78567582e-13
7.2734375,5.810452127e-13,1.537990078e-13,2.200149445e-13,3.10695447e-13,5.313382715e-13,2.430857316e-13,5.939705453e-14,2.079534866e-13,1.841366684e-13,1.929795018e-13,8.418370594e-14,9.385006513e-14,1.901594163e-13,4.340469831e-13,6.168379063e-13,9.579378797e-13,3.286760166e-13,3.821840991e-13,1.297146147e-13,5.820248551e-13,1.151278635e-13,1.343711987e-13,5.461120926e-14,9.900872421e-14,1.04158379e-13,2.075864168e-13,1.925287208e-13,1.671522566e-13,1.937005661e-13,2.075362628e-14,2.369228152e-13,1.801798296e-13
7.28125,5.918289994e-13,1.568943953e-13,2.202974185e-13,3.126985274e-13,5.377044622e-13,2.455836432e-13,5.917417164e-14,2.094921458e-13,1.858085512e-13,1.920400024e-13,8.591284683e-14,9.377386842e-14,1.912184326e-13,4.383929725e-13,6.209042381e-13,9.623111663e-13,3.332617121e-13,3.863752873e-13,1.304814689e-13,5.890441576e-13,1.13615262e-13,1.35894335e-13,5.522540852e-14,9.908684332e-14,1.049909444e-13,2.105371428e-13,1.923306259e-13,1.688156235e-13,1.941115304e-13,2.081472432e-14,2.355837207e-13,1.817407152e-13
7.2890625,6.029670454e-13,1.600750468e-13,2.206585375e-13,3.146367957e-13,5.442727638e-13,2.482557408e-13,5.89552711e-14,2.109718409e-13,1.874763941e-13,1.910972022e-13,8.770535066e-14,9.374771524e-14,1.923836682e-13,4.429504011e-13,6.247331949e-13,9.663094272e-13,3.376588694e-13,3.90427379e-13,1.313114017e-13,5.960421808e-13,1.12237024e-13,1.374482077e-13,5.58031914e-14,9.905276791e-14,1.057417763e-13,2.134543665e-13,1.918923095e-13,1.705606897e-13,1.944332394e-13,2.086612273e-14,2.343215672e-13,1.832938552e-13
7.296875,6.146350073e-13,1.633003706e-13,2.21041105e-13,3.165236759e-13,5.512588772e-13,2.510493432e-13,5.876629686e-14,2.124179391e-13,1.891839918e-13,1.900785891e-13,8.961128411e-14,9.377818255e-14,1.936490747e-13,4.478016602e-13,6.284898899e-13,9.70243749e-13,3.421166125e-13,3.94522453e-13,1.322524683e-13,6.030829833e-13,1.108942684e-13,1.390816037e-13,5.637940662e-14,9.906650051e-14,1.064986989e-13,2.164642297e-13,1.915266569e-13,1.722825468e-13,1.94815208e-13,2.090015698e-14,2.331727989e-13,1.849059395e-13
7.3046875,6.265677916e-13,1.664991219e-13,2.213805566e-13,3.18335463e-13,5.585113213e-13,2.537675401e-13,5.859045507e-14,2.138456153e-13,1.90907569e-13,1.889577785e-13,9.153301648e-14,9.380570253e-14,1.949434393e-13,4.527313056e-13,6.321295205e-13,9.740742752e-13,3.467145727e-13,3.987152417e-13,1.332217464e-13,6.101737851e-13,1.094798084e-13,1.407327018e-13,5.694759446e-14,9.916727678e-14,1.072821037e-13,2.195234826e-13,1.913792079e-13,1.738154548e-13,1.953507486e-13,2.091093023e-14,2.321995204e-13,1.865380188e-13
7.3125,6.384668935e-13,1.696346471e-13,2.217141648e-13,3.200933394e-13,5.657636793e-13,2.563394675e-13,5.841066161e-14,2.152255153e-13,1.925981951e-13,1.878302839e-13,9.34367961e-14,9.383413131e-14,1.963096736e-13,4.57653338e-13,6.355814741e-13,9.776803409e-13,3.513240088e-13,4.030244814e-13,1.341617808e-13,6.170551358e-13,1.080422455e-13,1.423359088e-13,5.749684768e-14,9.92596182e-14,1.080723137e-13,2.225193743e-13,1.913647214e-13,1.752453537e-13,1.959485624e-13,2.091427263e-14,2.31377488e-13,1.88098897e-13
7.3203125,6.504934615e-13,1.72815047e-13,2.219853492e-13,3.218085799e-13,5.731154127e-13,2.589767303e-13,5.824457855e-14,2.165521709e-13,1.943570208e-13,1.867186402e-13,9.538914426e-14,9.389508109e-14,1.977658004e-13,4.62731072e-13,6.387283436e-13,9.809508215e-13,3.557182764e-13,4.072791929e-13,1.351167019e-13,6.237913111e-13,1.06602934e-13,1.439867239e-13,5.804614185e-14,9.933409152e-14,1.088269422e-13,2.254844637e-13,1.912884442e-13,1.768298829e-13,1.964913504e-13,2.092751145e-14,2.305988441e-13,1.896142031e-13
7.328125,6.630805583e-13,1.761761921e-13,2.222120547e-13,3.234155989e-13,5.808492152e-13,2.61847759e-13,5.808810753e-14,2.178427901e-13,1.962462055e-13,1.855577883e-13,9.743572093e-14,9.400376161e-14,1.993011553e-13,4.680889194e-13,6.414673631e-13,9.836948385e-13,3.59874685e-13,4.114234848e-13,1.361827753e-13,6.306717868e-13,1.051188644e-13,1.457549346e-13,5.858629879e-14,9.940901814e-14,1.095054349e-13,2.284623814e-13,1.910994116e-13,1.786407609e-13,1.971003336e-13,2.094254638e-14,2.298671974e-13,1.911293946e-13
7.3359375,6.761757205e-13,1.796713611e-13,2.224471128e-13,3.249049744e-13,5.889306629e-13,2.648009636e-13,5.792542102e-14,2.191078336e-13,1.981862351e-13,1.843934507e-13,9.953109896e-14,9.415781661e-14,2.00929763e-13,4.736812508e-13,6.439062064e-13,9.85910608e-13,3.639481273e-13,4.156326854e-13,1.373757206e-13,6.374993437e-13,1.036041032e-13,1.475644146e-13,5.907899881e-14,9.947169955e-14,1.101295801e-13,2.313752482e-13,1.909059421e-13,1.805327795e-13,1.979017732e-13,2.094055975e-14,2.293002751e-13,1.92611824e-13
7.34375,6.890903003e-13,1.830794247e-13,2.226143137e-13,3.263327444e-13,5.970044166e-13,2.676187687e-13,5.775636481e-14,2.203663607e-13,2.001484618e-13,1.832714504e-13,1.015667002e-13,9.430102007e-14,2.025733124e-13,4.792563733e-13,6.460772046e-13,9.877956165e-13,3.678458153e-13,4.196925861e-13,1.385411477e-13,6.440688456e-13,1.021084747e-13,1.493499509e-13,5.952837933e-14,9.956038659e-14,1.107131755e-13,2.341949926e-13,1.906911124e-13,1.823455386e-13,1.987219431e-13,2.092608714e-14,2.288795197e-13,1.940637665e-13
7.3515625,7.017550263e-13,1.863584978e-13,2.227460372e-13,3.276519271e-13,6.050486105e-13,2.703515871e-13,5.757240573e-14,2.216021422e-13,2.021269211e-13,1.821009944e-13,1.035185211e-13,9.439982325e-14,2.041910501e-13,4.847011975e-13,6.478303105e-13,9.892842149e-13,3.714154915e-13,4.233866588e-13,1.396206263e-13,6.506021285e-13,1.006591586e-13,1.51118638e-13,5.997376216e-14,9.966353027e-14,1.112312262e-13,2.369912506e-13,1.903715943e-13,1.840434829e-13,1.993769685e-13,2.091498296e-14,2.284943191e-13,1.95504711e-13
7.359375,7.14836864e-13,1.897114139e-13,2.229910869e-13,3.288553888e-13,6.134136016e-13,2.731843464e-13,5.738939687e-14,2.227554336e-13,2.040587191e-13,1.808195669e-13,1.055055742e-13,9.451100515e-14,2.059107872e-13,4.90274627e-13,6.49336128e-13,9.90291797e-13,3.74860247e-13,4.271293956e-13,1.407738819e-13,6.571439925e-13,9.924915723e-14,1.528955384e-13,6.042712053e-14,9.969592089e-14,1.117192658e-13,2.398015841e-13,1.900240775e-13,1.857046343e-13,1.999716802e-13,2.09010581e-14,2.282037063e-13,1.969224527e-13
7.3671875,7.281326553e-13,1.931060304e-13,2.233259427e-13,3.300486231e-13,6.219810027e-13,2.760848828e-13,5.723587049e-14,2.238155581e-13,2.059617323e-13,1.794665308e-13,1.075783312e-13,9.464289418e-14,2.077210127e-13,4.959488871e-13,6.507877911e-13,9.910581883e-13,3.782638418e-13,4.3095647e-13,1.420000706e-13,6.635868251e-13,9.784172607e-14,1.546901083e-13,6.086803266e-14,9.969260963e-14,1.122014788e-13,2.426160858e-13,1.896976435e-13,1.87381344e-13,2.006335562e-13,2.087837345e-14,2.280576238e-13,1.983400937e-13
7.375,7.411157843e-13,1.963054021e-13,2.236015843e-13,3.311181701e-13,6.304662326e-13,2.789063915e-13,5.707245004e-14,2.248334416e-13,2.079368047e-13,1.780962993e-13,1.096021127e-13,9.473807485e-14,2.094444574e-13,5.014295592e-13,6.517506177e-13,9.914632906e-13,3.813325601e-13,4.343095032e-13,1.431455913e-13,6.700680521e-13,9.641843865e-14,1.564960767e-13,6.127038795e-14,9.974505748e-14,1.126012261e-13,2.453950476e-13,1.893049327e-13,1.890697223e-13,2.012761134e-13,2.085767461e-14,2.279151104e-13,1.997435539e-13
7.3828125,7.543116463e-13,1.993907055e-13,2.237641845e-13,3.319005894e-13,6.392150836e-13,2.817208232e-13,5.686374341e-14,2.258541558e-13,2.100149461e-13,1.767383907e-13,1.115052526e-13,9.483622984e-14,2.111100072e-13,5.069863224e-13,6.519633965e-13,9.911125506e-13,3.840557218e-13,4.373270386e-13,1.442679108e-13,6.766408244e-13,9.498861313e-14,1.583361869e-13,6.161887634e-14,9.981872849e-14,1.128947809e-13,2.481206653e-13,1.888461943e-13,1.90781938e-13,2.018399826e-13,2.08354893e-14,2.27776865e-13,2.010772911e-13
7.390625,7.679408144e-13,2.025330347e-13,2.239527384e-13,3.326352753e-13,6.48371243e-13,2.846270246e-13,5.666427665e-14,2.268712544e-13,2.121292329e-13,1.753643794e-13,1.134075518e-13,9.501258422e-14,2.128879003e-13,5.129149402e-13,6.519515264e-13,9.902939702e-13,3.867038739e-13,4.404840458e-13,1.454735527e-13,6.831159227e-13,9.355726161e-14,1.602222265e-13,6.192357026e-14,9.986481897e-14,1.131582464e-13,2.508419919e-13,1.883742842e-13,1.925095879e-13,2.024542571e-13,2.080544313e-14,2.278388877e-13,2.023860473e-13
7.3984375,7.814814622e-13,2.055404601e-13,2.243464376e-13,3.335658589e-13,6.575524916e-13,2.875433037e-13,5.651636505e-14,2.278246019e-13,2.142331826e-13,1.73943502e-13,1.153545276e-13,9.525369858e-14,2.148565602e-13,5.189698029e-13,6.519309373e-13,9.893030032e-13,3.89215692e-13,4.436055149e-13,1.46740587e-13,6.892883184e-13,9.214634839e-14,1.621170106e-13,6.221043316e-14,9.991590237e-14,1.134187761e-13,2.535298579e-13,1.878492163e-13,1.942399883e-13,2.031949047e-13,2.077488693e-14,2.281536172e-13,2.036998616e-13
7.40625,7.951997241e-13,2.083012308e-13,2.248261702e-13,3.345151456e-13,6.668818229e-13,2.90494939e-13,5.639056324e-14,2.287099188e-13,2.164003749e-13,1.725206201e-13,1.172332649e-13,9.553747093e-14,2.170137748e-13,5.251431099e-13,6.514455889e-13,9.876926591e-13,3.914311728e-13,4.464982505e-13,1.480850496e-13,6.951096882e-13,9.078037504e-14,1.640407469e-13,6.249972997e-14,9.999688765e-14,1.136464502e-13,2.560895419e-13,1.872488457e-13,1.960338874e-13,2.039672045e-13,2.073133442e-14,2.286483534e-13,2.049660167e-13
7.4140625,8.093743664e-13,2.111536767e-13,2.250984233e-13,3.352777809e-13,6.765208213e-13,2.935375121e-13,5.625603092e-14,2.296257844e-13,2.18681288e-13,1.711121964e-13,1.190190034e-13,9.583259493e-14,2.192033606e-13,5.314863216e-13,6.503898287e-13,9.854097153e-13,3.934513344e-13,4.492290977e-13,1.494608265e-13,7.008918921e-13,8.942038871e-14,1.660249051e-13,6.280301798e-14,1.000946787e-13,1.138258058e-13,2.586058628e-13,1.865675385e-13,1.978930291e-13,2.046730779e-13,2.066229959e-14,2.292211996e-13,2.062501604e-13
7.421875,8.234664062e-13,2.142386549e-13,2.251753968e-13,3.35849209e-13,6.860625714e-13,2.964838623e-13,5.611296712e-14,2.305909422e-13,2.209660841e-13,1.696721271e-13,1.207544399e-13,9.606391449e-14,2.212488301e-13,5.376213056e-13,6.490338548e-13,9.829675588e-13,3.953118496e-13,4.517110327e-13,1.507343036e-13,7.069135756e-13,8.800142272e-14,1.679955897e-13,6.310946418e-14,1.001612805e-13,1.139519885e-13,2.6122714e-13,1.857701476e-13,1.996923185e-13,2.052591981e-13,2.059151322e-14,2.297391907e-13,2.076365295e-13
7.4296875,8.375200743e-13,2.171465231e-13,2.252882577e-13,3.362715143e-13,6.955749496e-13,2.993092905e-13,5.599423023e-14,2.314976998e-13,2.231955788e-13,1.682073112e-13,1.223688551e-13,9.6251992e-14,2.232615493e-13,5.436392181e-13,6.473749809e-13,9.80269879e-13,3.969066133e-13,4.540009099e-13,1.519542183e-13,7.128319462e-13,8.653602641e-14,1.699265606e-13,6.33818797e-14,1.001514452e-13,1.140308661e-13,2.638797099e-13,1.849258819e-13,2.014016919e-13,2.057131733e-13,2.05239277e-14,2.302433507e-13,2.09022796e-13
7.4375,8.519246959e-13,2.197255299e-13,2.255101547e-13,3.36645742e-13,7.054054054e-13,3.022871295e-13,5.593074491e-14,2.323051724e-13,2.254473347e-13,1.667375665e-13,1.238336796e-13,9.648924701e-14,2.254066642e-13,5.499705558e-13,6.45344437e-13,9.769337701e-13,3.982279099e-13,4.562104499e-13,1.532343195e-13,7.182698404e-13,8.510927283e-14,1.718833633e-13,6.360167043e-14,1.00101335e-13,1.140652762e-13,2.664000178e-13,1.840974388e-13,2.031271616e-13,2.061522397e-13,2.042592913e-14,2.308675521e-13,2.103206344e-13
7.4453125,8.664650792e-13,2.223613598e-13,2.258295552e-13,3.370611126e-13,7.153143124e-13,3.054298131e-13,5.588133316e-14,2.330655797e-13,2.277363187e-13,1.652505515e-13,1.252805114e-13,9.677700332e-14,2.276441936e-13,5.564206442e-13,6.430186811e-13,9.730779039e-13,3.993225998e-13,4.581916609e-13,1.545540997e-13,7.234795856e-13,8.376518557e-14,1.738587004e-13,6.379372091e-14,1.00064738e-13,1.140429496e-13,2.687766621e-13,1.832038338e-13,2.049322866e-13,2.067271938e-13,2.029603064e-14,2.316010657e-13,2.115887812e-13
7.453125,8.811072684e-13,2.251075996e-13,2.262883926e-13,3.375218634e-13,7.252389566e-13,3.085057488e-13,5.579363993e-14,2.338336565e-13,2.300537723e-13,1.637884746e-13,1.267812915e-13,9.709569511e-14,2.29938258e-13,5.627726769e-13,6.40424048e-13,9.689978361e-13,4.002579045e-13,4.60021629e-13,1.558978246e-13,7.287516288e-13,8.246559859e-14,1.758312071e-13,6.398876442e-14,1.000536042e-13,1.139831155e-13,2.711369735e-13,1.822842735e-13,2.068507175e-13,2.074511352e-13,2.017230265e-14,2.324959277e-13,2.128904755e-13
7.4609375,8.957635604e-13,2.27670149e-13,2.268421293e-13,3.380554042e-13,7.352853081e-13,3.114486422e-13,5.570490884e-14,2.346613947e-13,2.324258346e-13,1.623803272e-13,1.282385939e-13,9.744634216e-14,2.322440183e-13,5.690943472e-13,6.376115317e-13,9.648910147e-13,4.010511362e-13,4.618528138e-13,1.572250892e-13,7.339506837e-13,8.11731373e-14,1.778122476e-13,6.417664965e-14,1.000882115e-13,1.139189311e-13,2.735989272e-13,1.814710245e-13,2.088590128e-13,2.082574884e-13,2.007244277e-14,2.33620851e-13,2.142423429e-13
7.46875,9.099300174e-13,2.30136789e-13,2.273786977e-13,3.386173947e-13,7.451360628e-13,3.143218869e-13,5.566401026e-14,2.355321517e-13,2.347938148e-13,1.609513239e-13,1.295565264e-13,9.776173953e-14,2.344571587e-13,5.752041286e-13,6.346164132e-13,9.606901725e-13,4.015169995e-13,4.634117461e-13,1.584389937e-13,7.389963217e-13,7.987562357e-14,1.797591945e-13,6.431530132e-14,1.001335557e-13,1.138273436e-13,2.761313641e-13,1.806551228e-13,2.107895838e-13,2.090931768e-13,1.997982459e-14,2.347919356e-13,2.15601987e-13
7.4765625,9.239968699e-13,2.326399793e-13,2.27938898e-13,3.390059657e-13,7.549955939e-13,3.172506554e-13,5.565388479e-14,2.363467463e-13,2.37144813e-13,1.594588614e-13,1.308041746e-13,9.802652959e-14,2.366793969e-13,5.812081259e-13,6.312554758e-13,9.559804317e-13,4.01580153e-13,4.646295841e-13,1.596049289e-13,7.440595222e-13,7.855416814e-14,1.816885547e-13,6.440939791e-14,1.001063926e-13,1.136735458e-13,2.786205072e-13,1.797109086e-13,2.126219961e-13,2.099162763e-13,1.987479702e-14,2.359479449e-13,2.169011752e-13
7.484375,9.386159721e-13,2.350003138e-13,2.286473754e-13,3.391146572e-13,7.653544891e-13,3.202982445e-13,5.566071016e-14,2.370639208e-13,2.395619202e-13,1.579667712e-13,1.321165849e-13,9.833011734e-14,2.390632929e-13,5.874835604e-13,6.273896013e-13,9.506211605e-13,4.0142799e-13,4.657997111e-13,1.608274375e-13,7.491045981e-13,7.723658003e-14,1.836699655e-13,6.452689544e-14,1.000214415e-13,1.134836948e-13,2.810508932e-13,1.78745149e-13,2.145567318e-13,2.107199626e-13,1.975829431e-14,2.372753699e-13,2.181849393e-13
7.4921875,9.530799283e-13,2.372152398e-13,2.294452156e-13,3.391444082e-13,7.75724784e-13,3.232392785e-13,5.568924791e-14,2.377266769e-13,2.419943942e-13,1.565352355e-13,1.334328272e-13,9.866175088e-14,2.414756454e-13,5.937698989e-13,6.231402554e-13,9.44885318e-13,4.010018667e-13,4.668145094e-13,1.619819787e-13,7.539181201e-13,7.597577329e-14,1.856394675e-13,6.469456593e-14,9.991311235e-14,1.13290807e-13,2.834635381e-13,1.77791004e-13,2.165206655e-13,2.115364193e-13,1.964205037e-14,2.386996558e-13,2.195428605e-13
7.5,9.666885751e-13,2.393581276e-13,2.301799001e-13,3.393693807e-13,7.856539366e-13,3.258785604e-13,5.572097835e-14,2.383888555e-13,2.443769532e-13,1.55150163e-13,1.345712441e-13,9.89379345e-14,2.437397649e-13,5.997154555e-13,6.18633125e-13,9.388917264e-13,4.001015196e-13,4.674198676e-13,1.629467599e-13,7.586407978e-13,7.474541867e-14,1.875353174e-13,6.488059576e-14,9.97824833e-14,1.130697605e-13,2.858585561e-13,1.767654299e-13,2.182524129e-13,2.123827277e-13,1.952775302e-14,2.400176361e-13,2.209550606e-13
7.5078125,9.799858974e-13,2.413315513e-13,2.308888312e-13,3.396198701e-13,7.954868437e-13,3.283744685e-13,5.576338521e-14,2.390618616e-13,2.467730811e-13,1.537345457e-13,1.355270415e-13,9.919321211e-14,2.458884436e-13,6.054873829e-13,6.139113116e-13,9.326581022e-13,3.989745803e-13,4.67782305e-13,1.638590149e-13,7.634424643e-13,7.352121432e-14,1.894112397e-13,6.507670463e-14,9.972338791e-14,1.127925479e-13,2.882151205e-13,1.756952512e-13,2.198536391e-13,2.132483932e-13,1.94122358e-14,2.413115389e-13,2.223615633e-13
7.515625,9.934855906e-13,2.432459541e-13,2.317193011e-13,3.395292771e-13,8.052474319e-13,3.309451619e-13,5.585704635e-14,2.396508428e-13,2.491428903e-13,1.522377701e-13,1.363774715e-13,9.949404285e-14,2.480555292e-13,6.111640038e-13,6.090509398e-13,9.262444912e-13,3.978873279e-13,4.68055863e-13,1.648861592e-13,7.679752174e-13,7.235154041e-14,1.912653457e-13,6.527561495e-14,9.976110766e-14,1.124805661e-13,2.904776912e-13,1.745977255e-13,2.215401505e-13,2.141601205e-13,1.929515298e-14,2.427198352e-13,2.237191499e-13
7.5234375,1.007018466e-12,2.451932224e-13,2.326804925e-13,3.394172397e-13,8.147646753e-13,3.336428217e-13,5.598686232e-14,2.400804196e-13,2.514223605e-13,1.507265063e-13,1.371213578e-13,9.980515679e-14,2.503463293e-13,6.166940564e-13,6.040330667e-13,9.195624957e-13,3.965812374e-13,4.680808437e-13,1.659555725e-13,7.721488113e-13,7.122550367e-14,1.930807112e-13,6.545267053e-14,9.973676914e-14,1.121495382e-13,2.92635433e-13,1.734495555e-13,2.232628832e-13,2.151743961e-13,1.917329604e-14,2.442228373e-13,2.2500752e-13
7.53125,1.020271004e-12,2.46904806e-13,2.336460206e-13,3.39767562e-13,8.242224267e-13,3.363255932e-13,5.610594277e-14,2.404555044e-13,2.536987819e-13,1.492622161e-13,1.377969483e-13,1.000494248e-13,2.526871476e-13,6.2206417e-13,5.986667997e-13,9.125540483e-13,3.947733014e-13,4.677079768e-13,1.66872017e-13,7.764565694e-13,7.007706062e-14,1.948813407e-13,6.562728114e-14,9.959850477e-14,1.117817224e-13,2.948164425e-13,1.722977674e-13,2.249494668e-13,2.162003568e-13,1.90455502e-14,2.456854589e-13,2.26301061e-13
7.5390625,1.03310845e-12,2.483086616e-13,2.345143892e-13,3.401862863e-13,8.335643688e-13,3.38754827e-13,5.623056661e-14,2.408558074e-13,2.559659515e-13,1.477689067e-13,1.384163784e-13,1.00211801e-13,2.548989191e-13,6.270962409e-13,5.928559615e-13,9.052576218e-13,3.925159576e-13,4.670165959e-13,1.676091304e-13,7.807921637e-13,6.890220769e-14,1.966048659e-13,6.581922416e-14,9.943651066e-14,1.11379076e-13,2.970880854e-13,1.711122501e-13,2.265803007e-13,2.170332837e-13,1.891372561e-14,2.469792967e-13,2.27669518e-13
7.546875,1.045782524e-12,2.496427101e-13,2.353356544e-13,3.403261056e-13,8.427749653e-13,3.410393425e-13,5.640487141e-14,2.411883632e-13,2.581670434e-13,1.462067197e-13,1.389010112e-13,1.003765239e-13,2.570287983e-13,6.318947448e-13,5.867996179e-13,8.976821253e-13,3.899978716e-13,4.662632603e-13,1.683359711e-13,7.845973145e-13,6.769748687e-14,1.982536141e-13,6.601266218e-14,9.927734071e-14,1.109700944e-13,2.993472494e-13,1.698315882e-13,2.281711528e-13,2.177392396e-13,1.877531103e-14,2.482582409e-13,2.290545388e-13
7.5546875,1.058586195e-12,2.509582977e-13,2.362856323e-13,3.406265643e-13,8.522175814e-13,3.435248948e-13,5.663752762e-14,2.414141046e-13,2.604113669e-13,1.447005497e-13,1.392852095e-13,1.006223843e-13,2.592499303e-13,6.368434225e-13,5.807956177e-13,8.900312953e-13,3.87482288e-13,4.656009506e-13,1.691679181e-13,7.881403606e-13,6.6445447e-14,1.999672896e-13,6.622921035e-14,9.914979052e-14,1.105803472e-13,3.015515865e-13,1.685667513e-13,2.298841362e-13,2.186493162e-13,1.863388412e-14,2.497380894e-13,2.304083092e-13
7.5625,1.07124957e-12,2.522011226e-13,2.374845947e-13,3.41173086e-13,8.617560958e-13,3.460971999e-13,5.6931089e-14,2.416008708e-13,2.62684446e-13,1.433059843e-13,1.396437332e-13,1.009082979e-13,2.615226125e-13,6.418278178e-13,5.74943434e-13,8.825581153e-13,3.850754776e-13,4.648972451e-13,1.700346309e-13,7.919247331e-13,6.521453107e-14,2.017054481e-13,6.647745362e-14,9.906924645e-14,1.102232617e-13,3.037730365e-13,1.674137645e-13,2.316944143e-13,2.198703891e-13,1.850236284e-14,2.512659993e-13,2.317661862e-13
7.5703125,1.083429298e-12,2.534386694e-13,2.388768396e-13,3.415720608e-13,8.709551312e-13,3.483924584e-13,5.729251205e-14,2.41750715e-13,2.648006995e-13,1.418854478e-13,1.399129318e-13,1.011658583e-13,2.637099733e-13,6.465178574e-13,5.691027801e-13,8.751067194e-13,3.825146902e-13,4.639930467e-13,1.708205545e-13,7.95778388e-13,6.40681855e-14,2.033046547e-13,6.670016259e-14,9.895552306e-14,1.098717491e-13,3.060288482e-13,1.663077497e-13,2.333250828e-13,2.212093498e-13,1.838074427e-14,2.527039325e-13,2.331357052e-13
7.578125,1.095333064e-12,2.547351019e-13,2.40297875e-13,3.418680887e-13,8.79895361e-13,3.504309342e-13,5.770773526e-14,2.418238605e-13,2.667946683e-13,1.403824982e-13,1.400634447e-13,1.013962622e-13,2.658099085e-13,6.509143413e-13,5.630715506e-13,8.673570673e-13,3.796026332e-13,4.628638362e-13,1.715271614e-13,7.995075372e-13,6.295070842e-14,2.048043333e-13,6.690755485e-14,9.881271614e-14,1.094843033e-13,3.082842351e-13,1.651530496e-13,2.348113481e-13,2.225121144e-13,1.825087688e-14,2.542015439e-13,2.34487384e-13
7.5859375,1.107066712e-12,2.559656741e-13,2.416484602e-13,3.422037656e-13,8.885510575e-13,3.523634968e-13,5.815619864e-14,2.418307304e-13,2.687978921e-13,1.389335004e-13,1.401334968e-13,1.016045507e-13,2.678807075e-13,6.549661976e-13,5.56801583e-13,8.592998289e-13,3.764756744e-13,4.614407262e-13,1.721929271e-13,8.03092734e-13,6.180193955e-14,2.06282206e-13,6.717228351e-14,9.870270551e-14,1.090838024e-13,3.105197934e-13,1.638540683e-13,2.3635581e-13,2.237599879e-13,1.810535348e-14,2.557363043e-13,2.357936816e-13
7.59375,1.118173601e-12,2.568457556e-13,2.429620982e-13,3.424727476e-13,8.966181991e-13,3.541266885e-13,5.862468507e-14,2.418076286e-13,2.707552481e-13,1.375786711e-13,1.4007349e-13,1.017635467e-13,2.69876501e-13,6.585643447e-13,5.503724985e-13,8.511556666e-13,3.73213e-13,4.596123191e-13,1.727438865e-13,8.064237083e-13,6.063995963e-14,2.076791025e-13,6.747937992e-14,9.856443249e-14,1.087034071e-13,3.127393781e-13,1.624238447e-13,2.378155229e-13,2.249852551e-13,1.796200079e-14,2.571388597e-13,2.370541913e-13
7.6015625,1.128555049e-12,2.574125866e-13,2.44279387e-13,3.426637216e-13,9.044356718e-13,3.55648084e-13,5.910719496e-14,2.417402817e-13,2.72636288e-13,1.361835873e-13,1.398471248e-13,1.018652244e-13,2.716794276e-13,6.61926813e-13,5.437044922e-13,8.429305075e-13,3.696352152e-13,4.573955399e-13,1.731300007e-13,8.097754426e-13,5.948315452e-14,2.090122421e-13,6.7786514e-14,9.836441156e-14,1.082976034e-13,3.149853943e-13,1.610564772e-13,2.390560424e-13,2.262621576e-13,1.783370241e-14,2.584895399e-13,2.38333981e-13
7.609375,1.138773877e-12,2.580170267e-13,2.45650382e-13,3.427499341e-13,9.125326271e-13,3.569957637e-13,5.962675747e-14,2.415396357e-13,2.745187557e-13,1.347185914e-13,1.395141308e-13,1.019567085e-13,2.733205689e-13,6.65316454e-13,5.36652074e-13,8.34257278e-13,3.655642562e-13,4.549240058e-13,1.734550741e-13,8.134129969e-13,5.832063911e-14,2.103711278e-13,6.811844673e-14,9.814936754e-14,1.078328262e-13,3.172528578e-13,1.598341628e-13,2.402503793e-13,2.276982826e-13,1.77086657e-14,2.599654433e-13,2.396592118e-13
7.6171875,1.148944365e-12,2.585757797e-13,2.472190862e-13,3.42717578e-13,9.205607013e-13,3.58302117e-13,6.022739992e-14,2.412160735e-13,2.763766428e-13,1.333024043e-13,1.391205087e-13,1.020736254e-13,2.749315091e-13,6.686536595e-13,5.294245253e-13,8.250469837e-13,3.610972946e-13,4.523091324e-13,1.737629883e-13,8.168465343e-13,5.715300688e-14,2.117143932e-13,6.84872546e-14,9.790732613e-14,1.073666483e-13,3.194433845e-13,1.58638783e-13,2.41504494e-13,2.29324278e-13,1.757672329e-14,2.615728839e-13,2.409632986e-13
7.625,1.15872567e-12,2.588724679e-13,2.490161298e-13,3.427431184e-13,9.28000802e-13,3.596196387e-13,6.091783759e-14,2.409441531e-13,2.781464646e-13,1.319714858e-13,1.386485765e-13,1.021554759e-13,2.764804586e-13,6.71687889e-13,5.223490885e-13,8.158792896e-13,3.565540257e-13,4.495721965e-13,1.739805917e-13,8.198608807e-13,5.59935914e-14,2.12970115e-13,6.887174704e-14,9.767681266e-14,1.069434823e-13,3.215623659e-13,1.573990112e-13,2.427485373e-13,2.310122689e-13,1.744114389e-14,2.631789999e-13,2.42266418e-13
7.6328125,1.168227699e-12,2.592232006e-13,2.509220874e-13,3.42892765e-13,9.350827461e-13,3.608964983e-13,6.165589044e-14,2.407448729e-13,2.798726834e-13,1.306451989e-13,1.380574343e-13,1.021859362e-13,2.779552448e-13,6.743886264e-13,5.153730909e-13,8.070875047e-13,3.520826874e-13,4.46720564e-13,1.741288056e-13,8.23010903e-13,5.485300399e-14,2.141728003e-13,6.927159294e-14,9.754602152e-14,1.065293998e-13,3.237414068e-13,1.561051587e-13,2.439373427e-13,2.32696264e-13,1.730463803e-14,2.647448526e-13,2.436429129e-13
7.640625,1.177426545e-12,2.597085479e-13,2.52953833e-13,3.431453885e-13,9.419910765e-13,3.621124181e-13,6.240773222e-14,2.404233989e-13,2.815535065e-13,1.292667386e-13,1.373585747e-13,1.022695685e-13,2.794962257e-13,6.768835482e-13,5.083256884e-13,7.98281971e-13,3.475214068e-13,4.437771305e-13,1.742518307e-13,8.262579341e-13,5.372797382e-14,2.153337584e-13,6.969001366e-14,9.745721249e-14,1.060947299e-13,3.259490766e-13,1.547752263e-13,2.450429476e-13,2.345346087e-13,1.717111469e-14,2.664428161e-13,2.450081909e-13
7.6484375,1.185916392e-12,2.599130942e-13,2.551271107e-13,3.43529544e-13,9.483938394e-13,3.632223745e-13,6.319576106e-14,2.399611023e-13,2.830994436e-13,1.278710125e-13,1.36576676e-13,1.023710224e-13,2.809993019e-13,6.790698385e-13,5.012608071e-13,7.893065113e-13,3.427286718e-13,4.406577532e-13,1.742951747e-13,8.291373595e-13,5.259438741e-14,2.163981246e-13,7.012550787e-14,9.733691998e-14,1.056602369e-13,3.280510791e-13,1.53506167e-13,2.460305735e-13,2.365906731e-13,1.703806221e-14,2.68281531e-13,2.462886928e-13
7.65625,1.193991184e-12,2.59845634e-13,2.573081018e-13,3.439491265e-13,9.543591192e-13,3.641127629e-13,6.405995461e-14,2.395474337e-13,2.845708223e-13,1.26537901e-13,1.356549888e-13,1.023542567e-13,2.822250024e-13,6.808432325e-13,4.942731857e-13,7.805627184e-13,3.377177209e-13,4.372278471e-13,1.742485849e-13,8.32088762e-13,5.145395162e-14,2.173875941e-13,7.05812373e-14,9.724675365e-14,1.05248603e-13,3.301444367e-13,1.523387963e-13,2.469253149e-13,2.387542894e-13,1.689601959e-14,2.700272086e-13,2.476139857e-13
7.6640625,1.20191313e-12,2.59750448e-13,2.595660968e-13,3.443922784e-13,9.602045989e-13,3.647872134e-13,6.500256966e-14,2.392205304e-13,2.860794272e-13,1.252737822e-13,1.345979195e-13,1.023010136e-13,2.832684927e-13,6.823509162e-13,4.874103273e-13,7.722123652e-13,3.325250622e-13,4.335237269e-13,1.741271873e-13,8.355292829e-13,5.035684164e-14,2.18340295e-13,7.104938173e-14,9.721428909e-14,1.04860794e-13,3.323713343e-13,1.512298123e-13,2.477617501e-13,2.410718949e-13,1.676285174e-14,2.717154761e-13,2.490427374e-13
7.671875,1.208939459e-12,2.596078856e-13,2.620375227e-13,3.449464512e-13,9.655784653e-13,3.652777187e-13,6.600883329e-14,2.388354816e-13,2.87463181e-13,1.240296551e-13,1.334925252e-13,1.022906752e-13,2.842470975e-13,6.834597536e-13,4.806936043e-13,7.640517179e-13,3.272354955e-13,4.296953537e-13,1.738740251e-13,8.388246138e-13,4.930807567e-14,2.19159954e-13,7.153199524e-14,9.717957811e-14,1.044987638e-13,3.345884465e-13,1.501585094e-13,2.484944776e-13,2.435794967e-13,1.665948469e-14,2.734495511e-13,2.504277437e-13
7.6796875,1.215044829e-12,2.594684413e-13,2.645483137e-13,3.454859092e-13,9.703294557e-13,3.655701845e-13,6.707576679e-14,2.383341527e-13,2.885616553e-13,1.228525609e-13,1.322946333e-13,1.02188493e-13,2.850539743e-13,6.839500433e-13,4.740396261e-13,7.560021036e-13,3.219658125e-13,4.258361467e-13,1.735093484e-13,8.41604774e-13,4.824890771e-14,2.197921986e-13,7.204358752e-14,9.711682669e-14,1.041673205e-13,3.366430184e-13,1.490542075e-13,2.491094321e-13,2.461020039e-13,1.655402493e-14,2.750073146e-13,2.517063529e-13
7.6875,1.221232353e-12,2.592713437e-13,2.670704604e-13,3.45963468e-13,9.751351829e-13,3.658312151e-13,6.818789018e-14,2.378279793e-13,2.895776817e-13,1.218013863e-13,1.309969251e-13,1.020086014e-13,2.857469341e-13,6.842251943e-13,4.673988911e-13,7.480843941e-13,3.167117514e-13,4.220156648e-13,1.731326959e-13,8.442871532e-13,4.718559763e-14,2.203787219e-13,7.257392696e-14,9.704823067e-14,1.038633174e-13,3.38631565e-13,1.47867016e-13,2.497252322e-13,2.486555084e-13,1.64136411e-14,2.764403284e-13,2.529840813e-13
7.6953125,1.227370612e-12,2.588262062e-13,2.698876685e-13,3.464838691e-13,9.799667689e-13,3.661433596e-13,6.932756177e-14,2.373945194e-13,2.906540718e-13,1.207920137e-13,1.297554512e-13,1.019031823e-13,2.864234519e-13,6.845253354e-13,4.608643026e-13,7.402903361e-13,3.113838358e-13,4.182304063e-13,1.727274584e-13,8.469523065e-13,4.617686183e-14,2.209951323e-13,7.311635274e-14,9.700600394e-14,1.035889239e-13,3.406553102e-13,1.467307951e-13,2.503834196e-13,2.514623244e-13,1.626494839e-14,2.781195876e-13,2.54328335e-13
7.703125,1.232680827e-12,2.58357197e-13,2.729233143e-13,3.470012023e-13,9.839434483e-13,3.662136977e-13,7.052213285e-14,2.369477833e-13,2.916052715e-13,1.197607186e-13,1.285134632e-13,1.018021471e-13,2.869169174e-13,6.843543217e-13,4.545148289e-13,7.327497006e-13,3.059672323e-13,4.143233581e-13,1.722154132e-13,8.4941569e-13,4.519867311e-14,2.215188615e-13,7.369157298e-14,9.700165751e-14,1.033592243e-13,3.427115611e-13,1.45736748e-13,2.509718921e-13,2.545211255e-13,1.613802914e-14,2.799117876e-13,2.557248671e-13
7.7109375,1.237495004e-12,2.579987601e-13,2.758603414e-13,3.475676441e-13,9.871726131e-13,3.659226812e-13,7.181571222e-14,2.364295401e-13,2.92372204e-13,1.187750433e-13,1.270728741e-13,1.016100623e-13,2.871573581e-13,6.836143314e-13,4.483533433e-13,7.25576399e-13,3.005404782e-13,4.102340621e-13,1.716063025e-13,8.518312839e-13,4.419920243e-14,2.218964214e-13,7.430596808e-14,9.701714006e-14,1.031831041e-13,3.447965693e-13,1.447689362e-13,2.514853644e-13,2.577004586e-13,1.602125183e-14,2.814752769e-13,2.571599836e-13
7.71875,1.242282572e-12,2.57532546e-13,2.788295788e-13,3.482334212e-13,9.904822572e-13,3.655739081e-13,7.31982701e-14,2.359047558e-13,2.930982218e-13,1.178701203e-13,1.255230268e-13,1.014160331e-13,2.87296181e-13,6.827839383e-13,4.42323103e-13,7.186033616e-13,2.951839193e-13,4.061255993e-13,1.709590302e-13,8.542826575e-13,4.321345879e-14,2.222263521e-13,7.49570784e-14,9.705826455e-14,1.030475075e-13,3.468606012e-13,1.437606515e-13,2.520091641e-13,2.610245578e-13,1.58927079e-14,2.829788928e-13,2.586218754e-13
7.7265625,1.246825538e-12,2.571011479e-13,2.820964974e-13,3.487704537e-13,9.938144471e-13,3.653275293e-13,7.461436755e-14,2.353397055e-13,2.937693367e-13,1.17011999e-13,1.240006313e-13,1.012529679e-13,2.874016143e-13,6.818870349e-13,4.363368545e-13,7.116604259e-13,2.899126193e-13,4.020420996e-13,1.703096873e-13,8.566542468e-13,4.22888756e-14,2.225540376e-13,7.564672735e-14,9.713907823e-14,1.02926227e-13,3.488640805e-13,1.427984829e-13,2.525104141e-13,2.646108432e-13,1.574920606e-14,2.846489993e-13,2.600810134e-13
7.734375,1.2510695e-12,2.56741235e-13,2.854929888e-13,3.492038516e-13,9.96626205e-13,3.649737828e-13,7.603763659e-14,2.346193075e-13,2.942717725e-13,1.161695823e-13,1.224191752e-13,1.010439278e-13,2.874503368e-13,6.806402247e-13,4.304001266e-13,7.047762769e-13,2.846421843e-13,3.978087143e-13,1.696386253e-13,8.588786572e-13,4.139386827e-14,2.228163688e-13,7.635542844e-14,9.721407573e-14,1.02806806e-13,3.508536864e-13,1.419401319e-13,2.529179531e-13,2.684610751e-13,1.561327456e-14,2.863172801e-13,2.615089748e-13
7.7421875,1.254952271e-12,2.560448152e-13,2.887560647e-13,3.497289366e-13,9.988508412e-13,3.642566256e-13,7.750099737e-14,2.338054173e-13,2.945830596e-13,1.153174571e-13,1.20751251e-13,1.007374724e-13,2.873412289e-13,6.789875991e-13,4.245828594e-13,6.979736453e-13,2.792394285e-13,3.934002942e-13,1.688637259e-13,8.60843049e-13,4.046548335e-14,2.229541606e-13,7.707809876e-14,9.723991604e-14,1.027061919e-13,3.528004042e-13,1.411732244e-13,2.532035693e-13,2.723903588e-13,1.550611439e-14,2.877809124e-13,2.629079271e-13
7.75,1.25810849e-12,2.551988058e-13,2.919772557e-13,3.502018746e-13,1.000671978e-12,3.632287733e-13,7.90384434e-14,2.33045832e-13,2.947507711e-13,1.144796579e-13,1.190745085e-13,1.003320471e-13,2.869561239e-13,6.7693192e-13,4.189691032e-13,6.914035132e-13,2.737663099e-13,3.890518672e-13,1.679497449e-13,8.626369192e-13,3.950119446e-14,2.229831397e-13,7.782840076e-14,9.726640862e-14,1.026482102e-13,3.546315856e-13,1.405063392e-13,2.533863656e-13,2.763471033e-13,1.540775984e-14,2.890872174e-13,2.643001276e-13
7.7578125,1.260721463e-12,2.546630402e-13,2.953847907e-13,3.506965302e-13,1.00226049e-12,3.622285698e-13,8.063010134e-14,2.323334463e-13,2.948422033e-13,1.136849827e-13,1.173818057e-13,9.9912432e-14,2.864674726e-13,6.745800811e-13,4.137318184e-13,6.853961953e-13,2.685331206e-13,3.849744164e-13,1.66999231e-13,8.645977365e-13,3.858276757e-14,2.229520848e-13,7.85758682e-14,9.736960541e-14,1.026357199e-13,3.564235536e-13,1.399480388e-13,2.535757008e-13,2.805643618e-13,1.52902819e-14,2.904232705e-13,2.656839964e-13
7.765625,1.263289235e-12,2.542106553e-13,2.990146402e-13,3.515245962e-13,1.003676494e-12,3.613291127e-13,8.225970247e-14,2.315653535e-13,2.948335917e-13,1.128996351e-13,1.15655616e-13,9.955169173e-14,2.860919961e-13,6.72108617e-13,4.089426856e-13,6.799402099e-13,2.636483919e-13,3.81139978e-13,1.661025482e-13,8.666992716e-13,3.777806751e-14,2.228548253e-13,7.93221896e-14,9.753552764e-14,1.026732048e-13,3.582682432e-13,1.394501647e-13,2.537947187e-13,2.851004481e-13,1.516906992e-14,2.918670001e-13,2.670646156e-13
7.7734375,1.265612244e-12,2.535975688e-13,3.027961086e-13,3.52440037e-13,1.004730982e-12,3.602337862e-13,8.398056831e-14,2.307044855e-13,2.946326337e-13,1.121634344e-13,1.139102108e-13,9.916738988e-14,2.855975938e-13,6.693973159e-13,4.044298562e-13,6.747406421e-13,2.588569572e-13,3.773463293e-13,1.651676389e-13,8.687065054e-13,3.703740011e-14,2.226644578e-13,8.01566214e-14,9.770012707e-14,1.027886653e-13,3.601404135e-13,1.389978391e-13,2.538798454e-13,2.898089437e-13,1.506942609e-14,2.933156555e-13,2.684910423e-13
7.78125,1.267283787e-12,2.528673499e-13,3.067008113e-13,3.530524108e-13,1.005352611e-12,3.588691728e-13,8.582675605e-14,2.297925962e-13,2.942628065e-13,1.115469155e-13,1.121358639e-13,9.867773877e-14,2.846945076e-13,6.662713371e-13,4.000743865e-13,6.697566472e-13,2.540288939e-13,3.735105738e-13,1.640719676e-13,8.706991401e-13,3.626656455e-14,2.22404527e-13,8.1083753e-14,9.787230469e-14,1.029788419e-13,3.619892938e-13,1.386585225e-13,2.537585311e-13,2.947323103e-13,1.49920572e-14,2.947049972e-13,2.699606879e-13
7.7890625,1.268438946e-12,2.519592714e-13,3.106509238e-13,3.534491596e-13,1.005679511e-12,3.573544716e-13,8.772935088e-14,2.288593516e-13,2.937884361e-13,1.109565542e-13,1.103408607e-13,9.813094375e-14,2.835279507e-13,6.628297885e-13,3.959047208e-13,6.65036187e-13,2.492899427e-13,3.69756857e-13,1.628618302e-13,8.726520552e-13,3.546473243e-14,2.220772484e-13,8.200003628e-14,9.810336625e-14,1.031920807e-13,3.637392876e-13,1.384282503e-13,2.535694475e-13,2.998693347e-13,1.493575118e-14,2.960538122e-13,2.713833734e-13
7.796875,1.269330655e-12,2.509787352e-13,3.145477896e-13,3.538181027e-13,1.005605514e-12,3.55638494e-13,8.963005942e-14,2.278862235e-13,2.932095269e-13,1.103381941e-13,1.085054295e-13,9.758029398e-14,2.82329609e-13,6.591664437e-13,3.919307298e-13,6.605527529e-13,2.446874918e-13,3.661011637e-13,1.61625332e-13,8.742765641e-13,3.469143446e-14,2.216463566e-13,8.289277495e-14,9.837437017e-14,1.034264627e-13,3.653661206e-13,1.382313396e-13,2.534276086e-13,3.050734291e-13,1.489256078e-14,2.973385728e-13,2.727257266e-13
7.8046875,1.270051056e-12,2.499896077e-13,3.184724566e-13,3.542398847e-13,1.005062807e-12,3.537941095e-13,9.156401866e-14,2.268834283e-13,2.925652601e-13,1.098192049e-13,1.065765543e-13,9.703632041e-14,2.81080405e-13,6.552800296e-13,3.882005123e-13,6.563984618e-13,2.401970077e-13,3.624092201e-13,1.603649776e-13,8.756058506e-13,3.395381185e-14,2.211433447e-13,8.380705803e-14,9.864807551e-14,1.037246125e-13,3.670098131e-13,1.38104806e-13,2.532682228e-13,3.104364056e-13,1.483916778e-14,2.985820104e-13,2.740490408e-13
7.8125,1.270660943e-12,2.488491459e-13,3.225618585e-13,3.546759204e-13,1.004365791e-12,3.520114977e-13,9.35458713e-14,2.258831247e-13,2.918665315e-13,1.094045959e-13,1.046443073e-13,9.648861908e-14,2.79693242e-13,6.512232412e-13,3.847668234e-13,6.525326269e-13,2.358169259e-13,3.587253795e-13,1.590910976e-13,8.769383576e-13,3.32307883e-14,2.206304743e-13,8.470930769e-14,9.896636338e-14,1.040505967e-13,3.68721997e-13,1.381272085e-13,2.529764804e-13,3.161126292e-13,1.478162655e-14,2.998558978e-13,2.753788895e-13
7.8203125,1.271003053e-12,2.477961371e-13,3.267696018e-13,3.549397577e-13,1.00355777e-12,3.501796085e-13,9.553507234e-14,2.248645365e-13,2.91043016e-13,1.089736959e-13,1.028624444e-13,9.590319173e-14,2.781819016e-13,6.46981027e-13,3.815898254e-13,6.488388514e-13,2.31515154e-13,3.552373815e-13,1.578151837e-13,8.783719846e-13,3.254586979e-14,2.200950862e-13,8.558421687e-14,9.937567811e-14,1.043585563e-13,3.703527058e-13,1.382791136e-13,2.526010981e-13,3.220998139e-13,1.475069565e-14,3.011669642e-13,2.766844828e-13
7.828125,1.270851794e-12,2.469878256e-13,3.310165797e-13,3.55103885e-13,1.002340882e-12,3.48153782e-13,9.754816357e-14,2.238174366e-13,2.900934807e-13,1.085544262e-13,1.01166453e-13,9.529645243e-14,2.766143503e-13,6.424613657e-13,3.786908508e-13,6.455804137e-13,2.273524945e-13,3.520201216e-13,1.564975443e-13,8.797885514e-13,3.191666319e-14,2.194824132e-13,8.648323336e-14,9.982414369e-14,1.04718139e-13,3.718818071e-13,1.385291574e-13,2.522668952e-13,3.284276554e-13,1.473804492e-14,3.025182725e-13,2.7794841e-13
7.8359375,1.27023369e-12,2.460912535e-13,3.353428096e-13,3.554477709e-13,1.000776416e-12,3.460092578e-13,9.963401754e-14,2.227535067e-13,2.890128916e-13,1.082161895e-13,9.939288022e-14,9.471822717e-14,2.749950927e-13,6.376476625e-13,3.761161043e-13,6.429161306e-13,2.23436491e-13,3.490253975e-13,1.551384663e-13,8.809850388e-13,3.131359648e-14,2.187501282e-13,8.741182962e-14,1.002280475e-13,1.051819753e-13,3.734164864e-13,1.388701637e-13,2.519409883e-13,3.350215574e-13,1.47175003e-14,3.03879968e-13,2.791467764e-13
7.84375,1.269154375e-12,2.451412569e-13,3.39749959e-13,3.558668257e-13,9.989591455e-13,3.437467919e-13,1.017730663e-13,2.216252363e-13,2.877274803e-13,1.079310386e-13,9.758694088e-14,9.414405079e-14,2.732558021e-13,6.32577586e-13,3.738219622e-13,6.405478342e-13,2.197271545e-13,3.461437482e-13,1.537630804e-13,8.819243792e-13,3.0729123e-14,2.178972864e-13,8.834582256e-14,1.006004348e-13,1.056964921e-13,3.749306018e-13,1.393238651e-13,2.514992084e-13,3.417891659e-13,1.470191038e-14,3.051930449e-13,2.802590884e-13
7.8515625,1.267725297e-12,2.443246322e-13,3.44196154e-13,3.56087086e-13,9.967036355e-13,3.413947017e-13,1.039429397e-13,2.204346981e-13,2.863089146e-13,1.076907224e-13,9.588437678e-14,9.353947929e-14,2.714077859e-13,6.273761007e-13,3.718845637e-13,6.385007551e-13,2.162417188e-13,3.433464969e-13,1.52356151e-13,8.829502381e-13,3.018201484e-14,2.170002592e-13,8.930541385e-14,1.010186135e-13,1.062558561e-13,3.764354681e-13,1.399768657e-13,2.508990619e-13,3.489251874e-13,1.470453625e-14,3.065972905e-13,2.813695155e-13
7.859375,1.266527344e-12,2.434432176e-13,3.487627857e-13,3.562124768e-13,9.942954056e-13,3.391540731e-13,1.061838335e-13,2.192811938e-13,2.849041815e-13,1.075059631e-13,9.426442574e-14,9.294029418e-14,2.695324843e-13,6.222683195e-13,3.704492366e-13,6.371617236e-13,2.131355567e-13,3.407753759e-13,1.509544641e-13,8.843681152e-13,2.967167378e-14,2.161364548e-13,9.030248917e-14,1.014940238e-13,1.069174845e-13,3.780483163e-13,1.407991412e-13,2.502351152e-13,3.564433315e-13,1.470853572e-14,3.082673959e-13,2.825988162e-13
7.8671875,1.265704399e-12,2.425969103e-13,3.535383381e-13,3.564312716e-13,9.921213901e-13,3.369847311e-13,1.08500388e-13,2.181674005e-13,2.834658972e-13,1.07359186e-13,9.265544096e-14,9.235525688e-14,2.675765567e-13,6.172494453e-13,3.694383415e-13,6.365034705e-13,2.103685617e-13,3.384387956e-13,1.496066678e-13,8.85983896e-13,2.920933411e-14,2.152756319e-13,9.12961082e-14,1.020001314e-13,1.076556787e-13,3.796547757e-13,1.41606962e-13,2.496435256e-13,3.640663622e-13,1.471196493e-14,3.100885488e-13,2.838824312e-13
7.875,1.264505522e-12,2.419315739e-13,3.584453952e-13,3.56577229e-13,9.895702928e-13,3.346473334e-13,1.10832147e-13,2.170126839e-13,2.818795967e-13,1.07270896e-13,9.106649298e-14,9.173355075e-14,2.654022376e-13,6.119934666e-13,3.687028776e-13,6.362321705e-13,2.077483771e-13,3.36121199e-13,1.482383619e-13,8.873224999e-13,2.879780434e-14,2.143472903e-13,9.225018894e-14,1.025681411e-13,1.083984098e-13,3.810217482e-13,1.424054652e-13,2.490698177e-13,3.718831274e-13,1.472686201e-14,3.119394309e-13,2.850322989e-13
7.8828125,1.262706509e-12,2.411540245e-13,3.634046335e-13,3.564516623e-13,9.860131624e-13,3.322036308e-13,1.131676558e-13,2.158307727e-13,2.801811105e-13,1.072822705e-13,8.950517402e-14,9.107851095e-14,2.630395207e-13,6.063834587e-13,3.682219471e-13,6.362179504e-13,2.052556826e-13,3.33816839e-13,1.467868338e-13,8.880637892e-13,2.840000695e-14,2.133545268e-13,9.318583352e-14,1.032182879e-13,1.091555949e-13,3.822200115e-13,1.433874278e-13,2.484294814e-13,3.800944942e-13,1.474532376e-14,3.139070983e-13,2.860353532e-13
7.890625,1.260947188e-12,2.403963524e-13,3.68466387e-13,3.562390699e-13,9.820212743e-13,3.298144334e-13,1.155556578e-13,2.146676899e-13,2.78437708e-13,1.073791446e-13,8.797977353e-14,9.044848139e-14,2.606465816e-13,6.006942613e-13,3.680447672e-13,6.364946345e-13,2.030346825e-13,3.317910014e-13,1.45318356e-13,8.883674686e-13,2.802587232e-14,2.123283164e-13,9.413825062e-14,1.038938577e-13,1.099887259e-13,3.834643094e-13,1.4455607e-13,2.478705537e-13,3.885210184e-13,1.476379165e-14,3.159724373e-13,2.87026837e-13
7.8984375,1.259358203e-12,2.400190923e-13,3.736399564e-13,3.561524342e-13,9.782021585e-13,3.273692837e-13,1.180160686e-13,2.134983601e-13,2.765860288e-13,1.075069078e-13,8.654733231e-14,8.982950423e-14,2.582468388e-13,5.950426918e-13,3.683166773e-13,6.37336432e-13,2.012358374e-13,3.301679073e-13,1.438832345e-13,8.887980504e-13,2.771288828e-14,2.11255029e-13,9.510085448e-14,1.04553241e-13,1.109076576e-13,3.84772534e-13,1.457590234e-13,2.473783658e-13,3.970486864e-13,1.47952878e-14,3.180134436e-13,2.880346698e-13
7.90625,1.257588967e-12,2.397146056e-13,3.788532317e-13,3.559945842e-13,9.742794767e-13,3.248449723e-13,1.20535487e-13,2.122747157e-13,2.745489883e-13,1.076506341e-13,8.521336965e-14,8.916325719e-14,2.557350112e-13,5.892800247e-13,3.691064187e-13,6.388949161e-13,1.998613792e-13,3.288381795e-13,1.424605473e-13,8.895198426e-13,2.743134291e-14,2.101378123e-13,9.606971366e-14,1.052342985e-13,1.118704602e-13,3.860553789e-13,1.469728176e-13,2.467228327e-13,4.057718959e-13,1.483611845e-14,3.200898461e-13,2.890201856e-13
7.9140625,1.255671352e-12,2.391774044e-13,3.841159691e-13,3.555257574e-13,9.700387518e-13,3.224852815e-13,1.23087114e-13,2.109760381e-13,2.724218295e-13,1.078685908e-13,8.392390083e-14,8.849064313e-14,2.531157541e-13,5.834608586e-13,3.701941496e-13,6.408171602e-13,1.987229661e-13,3.276916764e-13,1.410332178e-13,8.900262716e-13,2.717639313e-14,2.090390884e-13,9.707117305e-14,1.06002821e-13,1.128644626e-13,3.872497555e-13,1.482529803e-13,2.460043316e-13,4.14736585e-13,1.487077342e-14,3.223240079e-13,2.900035412e-13
7.921875,1.253644788e-12,2.385930432e-13,3.894589194e-13,3.548963162e-13,9.656337678e-13,3.202748913e-13,1.256394507e-13,2.096454274e-13,2.703223335e-13,1.081874226e-13,8.267985245e-14,8.78765249e-14,2.504873419e-13,5.777024893e-13,3.714841728e-13,6.4297386e-13,1.977354037e-13,3.267387378e-13,1.395910384e-13,8.901349381e-13,2.699224274e-14,2.079788693e-13,9.809358295e-14,1.068727493e-13,1.13923464e-13,3.883454292e-13,1.495767828e-13,2.453759457e-13,4.240314205e-13,1.490520898e-14,3.247134261e-13,2.909652364e-13
7.9296875,1.251351668e-12,2.38162719e-13,3.948235611e-13,3.543616245e-13,9.609477451e-13,3.178758084e-13,1.282116096e-13,2.083478299e-13,2.681518172e-13,1.085368966e-13,8.150448341e-14,8.726363848e-14,2.478400047e-13,5.718194161e-13,3.732402405e-13,6.457554016e-13,1.970342093e-13,3.26011616e-13,1.381463746e-13,8.902356536e-13,2.684776503e-14,2.06885778e-13,9.909023104e-14,1.077855671e-13,1.150661339e-13,3.894360658e-13,1.509083292e-13,2.446838297e-13,4.336152388e-13,1.495807339e-14,3.272026985e-13,2.918500017e-13
7.9375,1.248886861e-12,2.379790231e-13,4.002063719e-13,3.538768904e-13,9.558180255e-13,3.152410315e-13,1.308230497e-13,2.070568336e-13,2.657909416e-13,1.088819673e-13,8.038825733e-14,8.660408556e-14,2.451281799e-13,5.657077669e-13,3.755342863e-13,6.491733889e-13,1.966895475e-13,3.254674351e-13,1.367387936e-13,8.903340624e-13,2.671676921e-14,2.057098411e-13,1.000551503e-13,1.087004443e-13,1.162709474e-13,3.905713235e-13,1.522983846e-13,2.439251805e-13,4.432625354e-13,1.503110959e-14,3.297329988e-13,2.926788191e-13
7.9453125,1.246361765e-12,2.378865952e-13,4.056345103e-13,3.532410659e-13,9.504903123e-13,3.126271086e-13,1.33400332e-13,2.057211555e-13,2.633351087e-13,1.093027376e-13,7.934402161e-14,8.595914418e-14,2.42401869e-13,5.595824205e-13,3.781132273e-13,6.528976741e-13,1.966682156e-13,3.251034993e-13,1.353600464e-13,8.901616197e-13,2.665179116e-14,2.044914952e-13,1.010233187e-13,1.096653228e-13,1.175033812e-13,3.916423795e-13,1.538158724e-13,2.431936442e-13,4.53017616e-13,1.511534084e-14,3.322591178e-13,2.934602185e-13
7.953125,1.243776382e-12,2.376306243e-13,4.109569079e-13,3.524286435e-13,9.452721361e-13,3.100697249e-13,1.359031813e-13,2.043668204e-13,2.608846171e-13,1.098760575e-13,7.838341261e-14,8.532403019e-14,2.39657193e-13,5.535512595e-13,3.809044576e-13,6.56987628e-13,1.96981056e-13,3.249869722e-13,1.33981173e-13,8.899229411e-13,2.663911989e-14,2.032933359e-13,1.020190443e-13,1.107375265e-13,1.187484978e-13,3.926093491e-13,1.554355131e-13,2.423945381e-13,4.629702858e-13,1.52122353e-14,3.347783397e-13,2.941509603e-13
7.9609375,1.241350765e-12,2.374071969e-13,4.160537557e-13,3.514527817e-13,9.401306237e-13,3.07469415e-13,1.383920261e-13,2.029904474e-13,2.583796668e-13,1.105449549e-13,7.747757816e-14,8.462467537e-14,2.368012242e-13,5.475519133e-13,3.840001547e-13,6.615189807e-13,1.976103801e-13,3.251079641e-13,1.326440828e-13,8.897284009e-13,2.663544998e-14,2.021262015e-13,1.030109645e-13,1.118775666e-13,1.20015455e-13,3.93536713e-13,1.570797249e-13,2.41581651e-13,4.728520127e-13,1.531795894e-14,3.372834997e-13,2.947774685e-13
7.96875,1.239139571e-12,2.374402936e-13,4.211001041e-13,3.502190493e-13,9.348011567e-13,3.049245796e-13,1.408554556e-13,2.015522189e-13,2.557767687e-13,1.111603176e-13,7.663073694e-14,8.392070849e-14,2.338709511e-13,5.416131491e-13,3.873613442e-13,6.662904722e-13,1.985377949e-13,3.254720216e-13,1.314051054e-13,8.891657179e-13,2.669412247e-14,2.009537244e-13,1.039369475e-13,1.129876307e-13,1.213017793e-13,3.943671867e-13,1.587402135e-13,2.408291696e-13,4.82572196e-13,1.541178583e-14,3.398219952e-13,2.953697434e-13
7.9765625,1.236806879e-12,2.375897875e-13,4.262677913e-13,3.488990538e-13,9.291901984e-13,3.025250975e-13,1.432413523e-13,2.001202881e-13,2.53151605e-13,1.116999504e-13,7.588338819e-14,8.332665675e-14,2.309961525e-13,5.357573907e-13,3.909818015e-13,6.713900037e-13,1.99841345e-13,3.261615399e-13,1.302372515e-13,8.881675053e-13,2.683431029e-14,1.997608493e-13,1.048066279e-13,1.140871652e-13,1.226015053e-13,3.950488476e-13,1.604683231e-13,2.399857607e-13,4.924386751e-13,1.549076295e-14,3.42568566e-13,2.958700965e-13
7.984375,1.234227917e-12,2.379157525e-13,4.314974827e-13,3.47727082e-13,9.234750326e-13,3.001472361e-13,1.456040179e-13,1.987610858e-13,2.505575546e-13,1.123059265e-13,7.525238148e-14,8.281132085e-14,2.281618837e-13,5.299181864e-13,3.949695015e-13,6.77085725e-13,2.015633724e-13,3.271281853e-13,1.290504353e-13,8.871250924e-13,2.700737548e-14,1.985682159e-13,1.056829927e-13,1.15334033e-13,1.239382751e-13,3.956885266e-13,1.622758968e-13,2.390670612e-13,5.026128859e-13,1.557400392e-14,3.455783552e-13,2.962728131e-13
7.9921875,1.231531548e-12,2.38531028e-13,4.367252677e-13,3.463703932e-13,9.176589447e-13,2.976668427e-13,1.479725515e-13,1.973647902e-13,2.479052504e-13,1.129962426e-13,7.474803312e-14,8.228491016e-14,2.25268163e-13,5.240583198e-13,3.99331509e-13,6.832910348e-13,2.036659575e-13,3.283182397e-13,1.277915684e-13,8.860732191e-13,2.724200262e-14,1.973581846e-13,1.065661413e-13,1.167481791e-13,1.253151839e-13,3.963099915e-13,1.641519136e-13,2.381309313e-13,5.130428693e-13,1.566128013e-14,3.486411751e-13,2.966490473e-13
8,1.22886602e-12,2.391852009e-13,4.41953671e-13,3.445907992e-13,9.116126342e-13,2.951718305e-13,1.503015263e-13,1.958272512e-13,2.451153205e-13,1.13634037e-13,7.435295777e-14,8.174952766e-14,2.223244531e-13,5.18226838e-13,4.040168572e-13,6.898340378e-13,2.061302979e-13,3.29881627e-13,1.265318188e-13,8.848860683e-13,2.75694974e-14,1.961125297e-13,1.074228414e-13,1.181659924e-13,1.267028609e-13,3.968383225e-13,1.661452236e-13,2.370415791e-13,5.236799651e-13,1.573995718e-14,3.516465874e-13,2.969991096e-13
8.0078125,1.226523091e-12,2.398054886e-13,4.471500763e-13,3.42840001e-13,9.055674427e-13,2.92856997e-13,1.526240698e-13,1.942461661e-13,2.422980857e-13,1.142336583e-13,7.398807355e-14,8.124424569e-14,2.194093598e-13,5.125655924e-13,4.090403572e-13,6.968049306e-13,2.089471356e-13,3.318527025e-13,1.25379686e-13,8.837848019e-13,2.793199182e-14,1.948912234e-13,1.082600194e-13,1.195721165e-13,1.281139989e-13,3.973418273e-13,1.68285078e-13,2.359157744e-13,5.344024846e-13,1.581685968e-14,3.547398514e-13,2.972745454e-13
8.015625,1.224414239e-12,2.406128461e-13,4.523085066e-13,3.41306981e-13,8.995828786e-13,2.906657961e-13,1.549742147e-13,1.927445506e-13,2.395306185e-13,1.14923385e-13,7.362154199e-14,8.076330447e-14,2.165637199e-13,5.07087507e-13,4.143993847e-13,7.043430279e-13,2.121274346e-13,3.340265598e-13,1.242969535e-13,8.82814581e-13,2.831731271e-14,1.936969809e-13,1.090872314e-13,1.21078659e-13,1.295775717e-13,3.978913129e-13,1.70472505e-13,2.349192163e-13,5.450891721e-13,1.590341031e-14,3.57955872e-13,2.974669707e-13
8.0234375,1.22193608e-12,2.416000114e-13,4.574283413e-13,3.39667528e-13,8.931642771e-13,2.883118631e-13,1.572743187e-13,1.912819885e-13,2.366756864e-13,1.156807464e-13,7.33406994e-14,8.028259798e-14,2.137795505e-13,5.01554477e-13,4.200811751e-13,7.12430145e-13,2.156781114e-13,3.363293703e-13,1.231800646e-13,8.815773472e-13,2.877833196e-14,1.924358548e-13,1.098869507e-13,1.226331091e-13,1.310651946e-13,3.98391096e-13,1.726195881e-13,2.338049025e-13,5.557490998e-13,1.599912642e-14,3.611952025e-13,2.975827315e-13
8.03125,1.21918117e-12,2.426180752e-13,4.624249778e-13,3.378517361e-13,8.86410486e-13,2.858513676e-13,1.594705168e-13,1.897675298e-13,2.337020374e-13,1.164253811e-13,7.32376332e-14,7.97992747e-14,2.109957336e-13,4.959687782e-13,4.260763928e-13,7.209103344e-13,2.194996492e-13,3.388575414e-13,1.22065568e-13,8.799383032e-13,2.931574201e-14,1.911555161e-13,1.10642817e-13,1.241535182e-13,1.325252273e-13,3.987935536e-13,1.747729911e-13,2.325151617e-13,5.663850926e-13,1.610524472e-14,3.645250262e-13,2.976432812e-13
8.0390625,1.216828567e-12,2.43689482e-13,4.672636613e-13,3.358835698e-13,8.800433973e-13,2.836219266e-13,1.616048695e-13,1.881936016e-13,2.307795798e-13,1.171809125e-13,7.329487961e-14,7.932609376e-14,2.081829783e-13,4.906702035e-13,4.323036303e-13,7.296716829e-13,2.235413187e-13,3.416484481e-13,1.21024571e-13,8.78226856e-13,2.9912441e-14,1.899939575e-13,1.113833234e-13,1.257053465e-13,1.339575602e-13,3.991745541e-13,1.769775753e-13,2.313985035e-13,5.769320214e-13,1.622575996e-14,3.680121317e-13,2.976916615e-13
8.046875,1.214715112e-12,2.450050395e-13,4.720772007e-13,3.336568514e-13,8.738858301e-13,2.815788914e-13,1.637281207e-13,1.865923814e-13,2.279139538e-13,1.179596361e-13,7.341900407e-14,7.887656443e-14,2.054431974e-13,4.8565389e-13,4.387501414e-13,7.388070682e-13,2.279455593e-13,3.447013114e-13,1.200112261e-13,8.765819552e-13,3.058829324e-14,1.888859349e-13,1.121592733e-13,1.273366363e-13,1.354209847e-13,3.995572258e-13,1.792197792e-13,2.30448451e-13,5.873859646e-13,1.6357011e-14,3.715476442e-13,2.977153725e-13
8.0546875,1.21238087e-12,2.467201777e-13,4.769831137e-13,3.312198336e-13,8.67332335e-13,2.795308023e-13,1.658318064e-13,1.849955696e-13,2.249732122e-13,1.187348586e-13,7.357627189e-14,7.845846044e-14,2.028393131e-13,4.806473092e-13,4.455165849e-13,7.484100303e-13,2.327957979e-13,3.480421051e-13,1.190012978e-13,8.747769134e-13,3.133923515e-14,1.877154037e-13,1.129350402e-13,1.290300314e-13,1.369346657e-13,3.999058306e-13,1.815152514e-13,2.293288293e-13,5.978096834e-13,1.64939591e-14,3.751356403e-13,2.976415575e-13
8.0625,1.210160186e-12,2.486129863e-13,4.818677566e-13,3.286011347e-13,8.60683673e-13,2.776187665e-13,1.678658183e-13,1.834484084e-13,2.219948281e-13,1.195693753e-13,7.383090756e-14,7.806654202e-14,2.002745317e-13,4.757307921e-13,4.525850932e-13,7.584208881e-13,2.380038227e-13,3.516874318e-13,1.180511922e-13,8.726949653e-13,3.213525431e-14,1.865624526e-13,1.136382821e-13,1.307539147e-13,1.384424173e-13,4.002129822e-13,1.838673612e-13,2.280865296e-13,6.081584109e-13,1.663747497e-14,3.788779629e-13,2.974562308e-13
8.0703125,1.208279198e-12,2.503113065e-13,4.865333986e-13,3.258512238e-13,8.541965017e-13,2.758588554e-13,1.698275327e-13,1.819656704e-13,2.190806337e-13,1.205119849e-13,7.420041623e-14,7.769631763e-14,1.977347052e-13,4.710102238e-13,4.599058782e-13,7.688654103e-13,2.435146869e-13,3.555829959e-13,1.171492628e-13,8.704457492e-13,3.298790108e-14,1.854794146e-13,1.143105907e-13,1.324560299e-13,1.39951027e-13,4.005071958e-13,1.862365977e-13,2.270351359e-13,6.18274527e-13,1.677915517e-14,3.826842112e-13,2.972407177e-13
8.078125,1.206420184e-12,2.519991272e-13,4.909984836e-13,3.231903108e-13,8.47436354e-13,2.740283706e-13,1.717376746e-13,1.804988674e-13,2.162162783e-13,1.214560174e-13,7.463361083e-14,7.735905262e-14,1.953176536e-13,4.663018571e-13,4.675177351e-13,7.797605473e-13,2.492939346e-13,3.595671533e-13,1.162343729e-13,8.680964769e-13,3.393413722e-14,1.843802733e-13,1.15001571e-13,1.341883e-13,1.415063576e-13,4.008492828e-13,1.885898679e-13,2.261453965e-13,6.281449591e-13,1.690751345e-14,3.864479502e-13,2.970400542e-13
8.0859375,1.204645772e-12,2.541253898e-13,4.953834123e-13,3.205623166e-13,8.404512971e-13,2.722048746e-13,1.735523484e-13,1.789973352e-13,2.133593403e-13,1.223183377e-13,7.51472669e-14,7.704376583e-14,1.929597967e-13,4.616472754e-13,4.75277717e-13,7.907890559e-13,2.552547981e-13,3.635445069e-13,1.153136268e-13,8.65679313e-13,3.496445339e-14,1.832756805e-13,1.156549272e-13,1.360519399e-13,1.430299889e-13,4.012663773e-13,1.908685218e-13,2.251366107e-13,6.378946048e-13,1.704076263e-14,3.902144058e-13,2.967794698e-13
8.09375,1.203183356e-12,2.565619638e-13,4.996700079e-13,3.177841959e-13,8.336361863e-13,2.705613513e-13,1.752450464e-13,1.774613276e-13,2.104918878e-13,1.231428376e-13,7.577334339e-14,7.671866403e-14,1.905619932e-13,4.572544993e-13,4.830136998e-13,8.017334249e-13,2.614245177e-13,3.67653094e-13,1.144155255e-13,8.632838447e-13,3.603600026e-14,1.822319216e-13,1.162466527e-13,1.379745119e-13,1.444542296e-13,4.016814781e-13,1.930590669e-13,2.239701375e-13,6.474961977e-13,1.719877087e-14,3.939757176e-13,2.963822703e-13
8.1015625,1.201811893e-12,2.590173762e-13,5.037878331e-13,3.149358665e-13,8.268251404e-13,2.689916565e-13,1.768217625e-13,1.759242366e-13,2.076281326e-13,1.239382675e-13,7.647646728e-14,7.640249928e-14,1.882083884e-13,4.530268509e-13,4.908687263e-13,8.128675234e-13,2.67916706e-13,3.720672617e-13,1.135440433e-13,8.608574639e-13,3.715087248e-14,1.812081047e-13,1.168070882e-13,1.398776626e-13,1.458416027e-13,4.019801064e-13,1.952845692e-13,2.228247076e-13,6.568183081e-13,1.736318175e-14,3.977007855e-13,2.958694113e-13
8.109375,1.200477662e-12,2.617165457e-13,5.076253633e-13,3.119533615e-13,8.199658425e-13,2.67447463e-13,1.782482152e-13,1.744052398e-13,2.048450113e-13,1.246975257e-13,7.725743977e-14,7.612188345e-14,1.859179877e-13,4.489360828e-13,4.988818237e-13,8.242464689e-13,2.746781109e-13,3.767573419e-13,1.12723738e-13,8.581708113e-13,3.834748517e-14,1.802005817e-13,1.173232761e-13,1.418350054e-13,1.471962287e-13,4.020950886e-13,1.975587391e-13,2.218215777e-13,6.65806397e-13,1.753086647e-14,4.0145561e-13,2.952762085e-13
8.1171875,1.199501378e-12,2.647333653e-13,5.111028559e-13,3.087335579e-13,8.133391642e-13,2.660473796e-13,1.795701436e-13,1.728652047e-13,2.021539421e-13,1.254705742e-13,7.81411852e-14,7.584054769e-14,1.835810201e-13,4.451965514e-13,5.068070731e-13,8.354274907e-13,2.815683213e-13,3.81549324e-13,1.119732371e-13,8.551121891e-13,3.96209051e-14,1.792712225e-13,1.177864002e-13,1.438541396e-13,1.484649844e-13,4.020352533e-13,1.996845075e-13,2.209588637e-13,6.74423541e-13,1.773007495e-14,4.052391392e-13,2.945921407e-13
8.125,1.198831196e-12,2.676453509e-13,5.144125474e-13,3.054741841e-13,8.066663961e-13,2.647567172e-13,1.80858217e-13,1.71248889e-13,1.994257391e-13,1.26236626e-13,7.90759077e-14,7.555572002e-14,1.812372969e-13,4.416376397e-13,5.146449345e-13,8.463977643e-13,2.886233838e-13,3.863061061e-13,1.112544078e-13,8.517342166e-13,4.09255232e-14,1.783617151e-13,1.182029007e-13,1.458979167e-13,1.496751993e-13,4.018940053e-13,2.016449035e-13,2.200503811e-13,6.826921696e-13,1.79438387e-14,4.089693462e-13,2.93819917e-13
8.1328125,1.198048385e-12,2.704778435e-13,5.17646106e-13,3.022030738e-13,7.995589e-13,2.633962763e-13,1.819980107e-13,1.6960529e-13,1.96608888e-13,1.269498816e-13,8.00058609e-14,7.531697827e-14,1.789710101e-13,4.378670717e-13,5.225647612e-13,8.576410938e-13,2.959402082e-13,3.910201896e-13,1.105170319e-13,8.481672688e-13,4.225267165e-14,1.773877427e-13,1.185671878e-13,1.480306655e-13,1.508349237e-13,4.017765295e-13,2.036405781e-13,2.189302686e-13,6.906787329e-13,1.813594819e-14,4.126123731e-13,2.930010255e-13
8.140625,1.197111004e-12,2.736620696e-13,5.206367405e-13,2.988600734e-13,7.92340992e-13,2.619386749e-13,1.829229806e-13,1.68037076e-13,1.938345839e-13,1.276479506e-13,8.09579702e-14,7.510618808e-14,1.767316725e-13,4.340361114e-13,5.305358184e-13,8.691672454e-13,3.034398367e-13,3.957488825e-13,1.097561277e-13,8.446981208e-13,4.365127157e-14,1.764149095e-13,1.189191818e-13,1.502439802e-13,1.519169348e-13,4.017243541e-13,2.05643404e-13,2.17776734e-13,6.982813204e-13,1.832955308e-14,4.161511614e-13,2.921711579e-13
8.1484375,1.196397635e-12,2.770748767e-13,5.236035885e-13,2.956018615e-13,7.853813252e-13,2.605915988e-13,1.837737444e-13,1.665020629e-13,1.911738603e-13,1.28338971e-13,8.200241892e-14,7.488771939e-14,1.745355596e-13,4.305064617e-13,5.385302736e-13,8.806360767e-13,3.110178693e-13,4.005298473e-13,1.09003264e-13,8.414478972e-13,4.514820705e-14,1.755175596e-13,1.192956147e-13,1.524449338e-13,1.529606482e-13,4.01725745e-13,2.075005782e-13,2.167379295e-13,7.054324016e-13,1.854471528e-14,4.196208695e-13,2.913051382e-13
8.15625,1.195995338e-12,2.804246107e-13,5.266745678e-13,2.923022163e-13,7.786151638e-13,2.594303939e-13,1.845636982e-13,1.648918755e-13,1.885404024e-13,1.290258906e-13,8.314657859e-14,7.467046494e-14,1.724544569e-13,4.271955917e-13,5.465268966e-13,8.920934013e-13,3.187416078e-13,4.054344088e-13,1.082864422e-13,8.38075315e-13,4.6693528e-14,1.746530891e-13,1.196656367e-13,1.546313995e-13,1.539919333e-13,4.017027378e-13,2.093145057e-13,2.156446716e-13,7.122839754e-13,1.874786502e-14,4.230768725e-13,2.9033998e-13
8.1640625,1.195568636e-12,2.838837291e-13,5.29167285e-13,2.887570481e-13,7.719651577e-13,2.582049342e-13,1.851732876e-13,1.632767571e-13,1.859238042e-13,1.297520153e-13,8.431639997e-14,7.441630715e-14,1.703994069e-13,4.239139046e-13,5.544111334e-13,9.037247369e-13,3.266726075e-13,4.105146573e-13,1.075947141e-13,8.344559339e-13,4.82575331e-14,1.737867242e-13,1.200023997e-13,1.56822065e-13,1.549756906e-13,4.015601065e-13,2.111483681e-13,2.145216101e-13,7.187441894e-13,1.893521295e-14,4.263906424e-13,2.892957398e-13
8.171875,1.195021078e-12,2.875439662e-13,5.309065074e-13,2.851491109e-13,7.65294643e-13,2.568321493e-13,1.85630998e-13,1.617742178e-13,1.834286774e-13,1.304541208e-13,8.552817868e-14,7.411197036e-14,1.682882745e-13,4.206784774e-13,5.622764181e-13,9.15477439e-13,3.346986013e-13,4.156540134e-13,1.06890866e-13,8.309213781e-13,4.989684504e-14,1.729541819e-13,1.202883648e-13,1.590302833e-13,1.558858812e-13,4.013377194e-13,2.128473049e-13,2.135772694e-13,7.245199853e-13,1.914866874e-14,4.294587639e-13,2.882463205e-13
8.1796875,1.194531925e-12,2.912696812e-13,5.326777227e-13,2.815335292e-13,7.583637231e-13,2.555166182e-13,1.860083558e-13,1.603143433e-13,1.810335951e-13,1.310732376e-13,8.68640878e-14,7.384747647e-14,1.662152783e-13,4.174790066e-13,5.702824033e-13,9.272298949e-13,3.426938935e-13,4.207432936e-13,1.061759993e-13,8.273252778e-13,5.163784346e-14,1.721637108e-13,1.205106816e-13,1.613124983e-13,1.567212851e-13,4.011287645e-13,2.144988858e-13,2.126954669e-13,7.29800645e-13,1.939019e-14,4.32517025e-13,2.87140791e-13
8.1875,1.194094721e-12,2.951030965e-13,5.345075542e-13,2.779349015e-13,7.513559062e-13,2.542609955e-13,1.863018595e-13,1.588111513e-13,1.786204789e-13,1.316673838e-13,8.823563955e-14,7.363115556e-14,1.642576995e-13,4.144064264e-13,5.782590498e-13,9.387911738e-13,3.506640601e-13,4.258651759e-13,1.054817514e-13,8.232314081e-13,5.345984741e-14,1.713811838e-13,1.207203305e-13,1.636377187e-13,1.57500304e-13,4.00870257e-13,2.162695972e-13,2.11747482e-13,7.348800396e-13,1.962903219e-14,4.357120138e-13,2.858818126e-13
8.1953125,1.193750296e-12,2.99083223e-13,5.357592068e-13,2.746120026e-13,7.446697032e-13,2.529885534e-13,1.865048429e-13,1.573036783e-13,1.762163855e-13,1.321955787e-13,8.954572333e-14,7.337988888e-14,1.623856547e-13,4.117080184e-13,5.85958851e-13,9.499558968e-13,3.586417276e-13,4.310213643e-13,1.047740654e-13,8.189338184e-13,5.539232707e-14,1.706156525e-13,1.209459392e-13,1.659196588e-13,1.582081212e-13,4.004893651e-13,2.1786083e-13,2.108870876e-13,7.394078507e-13,1.986740356e-14,4.387208466e-13,2.845281405e-13
8.203125,1.193618563e-12,3.031726955e-13,5.365779266e-13,2.712799957e-13,7.381532272e-13,2.51802705e-13,1.865746837e-13,1.557929441e-13,1.739169516e-13,1.326177914e-13,9.089026118e-14,7.311716812e-14,1.605534357e-13,4.092656134e-13,5.93368546e-13,9.60854879e-13,3.665950017e-13,4.360265292e-13,1.039972333e-13,8.147865039e-13,5.741768012e-14,1.699039877e-13,1.211325305e-13,1.681682574e-13,1.587922912e-13,4.000939591e-13,2.19041177e-13,2.101065235e-13,7.430762672e-13,2.011342104e-14,4.413208837e-13,2.831737617e-13
8.2109375,1.193446138e-12,3.074127169e-13,5.373654892e-13,2.675097886e-13,7.314443696e-13,2.506881841e-13,1.864814353e-13,1.542614184e-13,1.716979753e-13,1.33064786e-13,9.230885964e-14,7.289409141e-14,1.587050442e-13,4.067106015e-13,6.006541158e-13,9.718274858e-13,3.745706113e-13,4.409018769e-13,1.032152751e-13,8.10454169e-13,5.94330213e-14,1.692314195e-13,1.212614104e-13,1.704157881e-13,1.592892672e-13,3.997486039e-13,2.201365587e-13,2.092381357e-13,7.462006596e-13,2.035019517e-14,4.437636413e-13,2.817811229e-13
8.21875,1.193081731e-12,3.116983286e-13,5.380089651e-13,2.637575846e-13,7.247337374e-13,2.495708683e-13,1.862708632e-13,1.527770955e-13,1.69512961e-13,1.335204764e-13,9.376867611e-14,7.266318398e-14,1.568265831e-13,4.041169112e-13,6.08001714e-13,9.829558865e-13,3.827667198e-13,4.459344363e-13,1.025131977e-13,8.058188935e-13,6.144919226e-14,1.68560213e-13,1.213559704e-13,1.726823873e-13,1.597679772e-13,3.993268783e-13,2.213313895e-13,2.083526546e-13,7.488712643e-13,2.059178405e-14,4.461867647e-13,2.802922054e-13
8.2265625,1.192837932e-12,3.159102355e-13,5.383720826e-13,2.603591488e-13,7.183289655e-13,2.484972357e-13,1.859457481e-13,1.51334216e-13,1.673774489e-13,1.338377745e-13,9.535277224e-14,7.239685709e-14,1.549913648e-13,4.017879888e-13,6.15343828e-13,9.940224675e-13,3.911946778e-13,4.511937727e-13,1.018291125e-13,8.011676968e-13,6.356523015e-14,1.678832707e-13,1.214020118e-13,1.74976936e-13,1.601862312e-13,3.987499923e-13,2.22423431e-13,2.075640775e-13,7.508010878e-13,2.087549864e-14,4.483726985e-13,2.787128302e-13
8.234375,1.192691517e-12,3.202423084e-13,5.384717378e-13,2.568549024e-13,7.12029878e-13,2.473905921e-13,1.854916233e-13,1.498335978e-13,1.652759638e-13,1.341040298e-13,9.706269751e-14,7.212347851e-14,1.532113006e-13,3.996588229e-13,6.224271247e-13,1.004738767e-12,3.99502148e-13,4.56400378e-13,1.010912179e-13,7.964240408e-13,6.577380708e-14,1.671974416e-13,1.213905325e-13,1.771873907e-13,1.604965408e-13,3.980802556e-13,2.23386066e-13,2.067910093e-13,7.521425122e-13,2.118226379e-14,4.502568647e-13,2.770589879e-13
8.2421875,1.192254459e-12,3.248148212e-13,5.383168694e-13,2.53152271e-13,7.055782522e-13,2.461791873e-13,1.849386147e-13,1.482692447e-13,1.631760968e-13,1.34402929e-13,9.877390712e-14,7.18465551e-14,1.5140879e-13,3.974946237e-13,6.292242254e-13,1.015002315e-12,4.074879871e-13,4.613636698e-13,1.003388953e-13,7.914663267e-13,6.802334345e-14,1.664914525e-13,1.213376926e-13,1.792414378e-13,1.607047833e-13,3.973560113e-13,2.242874941e-13,2.059725758e-13,7.531034296e-13,2.147305985e-14,4.519313979e-13,2.753348473e-13
8.25,1.191563103e-12,3.294466998e-13,5.379189359e-13,2.495728676e-13,6.990536349e-13,2.44963419e-13,1.842380582e-13,1.46677947e-13,1.610946793e-13,1.345670594e-13,1.004703661e-13,7.15645432e-14,1.495891167e-13,3.952672877e-13,6.358394331e-13,1.025005527e-12,4.153744374e-13,4.661976664e-13,9.95739785e-14,7.864519824e-13,7.031604656e-14,1.657632244e-13,1.21254501e-13,1.812641333e-13,1.607915248e-13,3.965572966e-13,2.25060778e-13,2.051298221e-13,7.533675321e-13,2.176010092e-14,4.533367821e-13,2.735142298e-13
8.2578125,1.190942867e-12,3.340384985e-13,5.372283893e-13,2.460240797e-13,6.925773231e-13,2.437274466e-13,1.833467498e-13,1.450624258e-13,1.590654445e-13,1.345517228e-13,1.021715148e-13,7.127821638e-14,1.47796762e-13,3.931017432e-13,6.421827498e-13,1.034772812e-12,4.232339118e-13,4.709889885e-13,9.874250875e-14,7.813439921e-13,7.266216178e-14,1.650288948e-13,1.211567958e-13,1.832999212e-13,1.607610927e-13,3.956799218e-13,2.25751465e-13,2.042588849e-13,7.528136232e-13,2.206054315e-14,4.545105388e-13,2.715851715e-13
8.265625,1.190533233e-12,3.385880118e-13,5.36222302e-13,2.423910264e-13,6.862018613e-13,2.424155529e-13,1.823534122e-13,1.434754075e-13,1.571134415e-13,1.345413633e-13,1.038564999e-13,7.095521345e-14,1.459726625e-13,3.910561962e-13,6.480911918e-13,1.043912399e-12,4.307799012e-13,4.755709443e-13,9.785934247e-14,7.760884173e-13,7.507568776e-14,1.643219708e-13,1.210411565e-13,1.852651662e-13,1.606336439e-13,3.947662816e-13,2.263995016e-13,2.033949343e-13,7.516451891e-13,2.237099373e-14,4.555542898e-13,2.696352883e-13
8.2734375,1.190131805e-12,3.430275668e-13,5.349316196e-13,2.388268659e-13,6.799405817e-13,2.410884553e-13,1.812726318e-13,1.419361747e-13,1.552144677e-13,1.345809174e-13,1.055654576e-13,7.058489836e-14,1.440920357e-13,3.89011846e-13,6.536145997e-13,1.052423169e-12,4.380002029e-13,4.798590717e-13,9.695728232e-14,7.708924266e-13,7.756607476e-14,1.636301833e-13,1.208784699e-13,1.872092925e-13,1.603916178e-13,3.938758156e-13,2.269243658e-13,2.025572509e-13,7.497791282e-13,2.270107259e-14,4.562784389e-13,2.677186698e-13
8.28125,1.189406756e-12,3.47437811e-13,5.333923982e-13,2.353122379e-13,6.737284204e-13,2.397553641e-13,1.800332444e-13,1.403640496e-13,1.533043457e-13,1.345502455e-13,1.073308919e-13,7.02207343e-14,1.42256341e-13,3.869560949e-13,6.590407588e-13,1.060900225e-12,4.452965943e-13,4.841209796e-13,9.605904849e-14,7.657649658e-13,8.01144214e-14,1.629043263e-13,1.20675905e-13,1.891767807e-13,1.600782983e-13,3.929697712e-13,2.274293899e-13,2.016774355e-13,7.472883953e-13,2.304657377e-14,4.566374103e-13,2.65743841e-13
8.2890625,1.188627199e-12,3.519654569e-13,5.317242852e-13,2.317546116e-13,6.676466306e-13,2.384997123e-13,1.787087627e-13,1.387532701e-13,1.514181272e-13,1.344408578e-13,1.091222301e-13,6.988709023e-14,1.404802701e-13,3.851522631e-13,6.644641937e-13,1.069388632e-12,4.528199134e-13,4.885673271e-13,9.521060829e-14,7.605497967e-13,8.26977426e-14,1.621847921e-13,1.204671598e-13,1.910653949e-13,1.597487978e-13,3.919480922e-13,2.279760165e-13,2.0080789e-13,7.445166073e-13,2.3386097e-14,4.569105279e-13,2.63681258e-13
8.296875,1.188188435e-12,3.564669436e-13,5.298531009e-13,2.282290552e-13,6.617616493e-13,2.373928959e-13,1.773672277e-13,1.371655783e-13,1.496148243e-13,1.343170809e-13,1.1088867e-13,6.95170435e-14,1.386498418e-13,3.835851399e-13,6.695589573e-13,1.077353949e-12,4.602782413e-13,4.929480194e-13,9.434986304e-14,7.552854715e-13,8.528758966e-14,1.615032916e-13,1.202420287e-13,1.928349669e-13,1.593319467e-13,3.908498206e-13,2.283275792e-13,2.000480652e-13,7.41199693e-13,2.372491396e-14,4.569613055e-13,2.616060981e-13
8.3046875,1.187369677e-12,3.607080742e-13,5.275760101e-13,2.247673593e-13,6.557196447e-13,2.361753609e-13,1.759007325e-13,1.355665223e-13,1.477892893e-13,1.341278854e-13,1.126039499e-13,6.906978726e-14,1.367595461e-13,3.818255359e-13,6.742087901e-13,1.084810153e-12,4.674296189e-13,4.969185563e-13,9.334386159e-14,7.499058863e-13,8.789354175e-14,1.607320961e-13,1.199590736e-13,1.945070571e-13,1.587754928e-13,3.897449132e-13,2.284687207e-13,1.992389893e-13,7.369388084e-13,2.406427401e-14,4.564506706e-13,2.594585264e-13
8.3125,1.185582589e-12,3.647541327e-13,5.251451283e-13,2.212528329e-13,6.493613887e-13,2.347318987e-13,1.742631598e-13,1.339142162e-13,1.458925563e-13,1.338307553e-13,1.143607237e-13,6.860255477e-14,1.348997265e-13,3.798039211e-13,6.786442555e-13,1.091959427e-12,4.742598109e-13,5.005054602e-13,9.225514615e-14,7.441973538e-13,9.058090045e-14,1.598394165e-13,1.196144511e-13,1.961010787e-13,1.581391172e-13,3.885435611e-13,2.286403017e-13,1.982657657e-13,7.321179242e-13,2.438999725e-14,4.556277237e-13,2.571371604e-13
8.3203125,1.183779156e-12,3.688188519e-13,5.227291968e-13,2.175894899e-13,6.43180876e-13,2.333564597e-13,1.725130621e-13,1.322494991e-13,1.44087687e-13,1.334882305e-13,1.1622859e-13,6.814174038e-14,1.330362331e-13,3.778712426e-13,6.826898118e-13,1.098434887e-12,4.807719472e-13,5.039017409e-13,9.125238651e-14,7.382359162e-13,9.333639281e-14,1.590149259e-13,1.192322138e-13,1.977268116e-13,1.574122772e-13,3.872018446e-13,2.28774822e-13,1.973489464e-13,7.270438657e-13,2.473279611e-14,4.547729894e-13,2.54726565e-13
8.328125,1.182627089e-12,3.729324231e-13,5.199053779e-13,2.139240234e-13,6.374000716e-13,2.321110101e-13,1.70600693e-13,1.305840697e-13,1.424079771e-13,1.330707276e-13,1.180835322e-13,6.765171288e-14,1.310781734e-13,3.761070267e-13,6.860119749e-13,1.104050688e-12,4.869821148e-13,5.07140203e-13,9.03307741e-14,7.322359321e-13,9.609654923e-14,1.583040636e-13,1.187963753e-13,1.993911994e-13,1.564993799e-13,3.858017287e-13,2.287170942e-13,1.96577616e-13,7.213641592e-13,2.512719921e-14,4.536757704e-13,2.523185433e-13
8.3359375,1.181523243e-12,3.769393682e-13,5.166611035e-13,2.105103878e-13,6.316794355e-13,2.307917197e-13,1.684946152e-13,1.288976989e-13,1.407076174e-13,1.324862929e-13,1.198557342e-13,6.715046705e-14,1.290697845e-13,3.743636503e-13,6.888444094e-13,1.109116582e-12,4.929434492e-13,5.101644941e-13,8.938877476e-14,7.262826934e-13,9.890020698e-14,1.575486265e-13,1.182853651e-13,2.009161469e-13,1.554101475e-13,3.843449392e-13,2.28611598e-13,1.957278919e-13,7.149586299e-13,2.553050658e-14,4.522494383e-13,2.498907686e-13
8.34375,1.180143611e-12,3.807466879e-13,5.134438241e-13,2.072166332e-13,6.259103919e-13,2.294118748e-13,1.663286649e-13,1.27215245e-13,1.390064357e-13,1.317810876e-13,1.216032295e-13,6.665910482e-14,1.270982336e-13,3.726261479e-13,6.914755369e-13,1.113721287e-12,4.98598166e-13,5.128903005e-13,8.83820017e-14,7.204838864e-13,1.017723076e-13,1.567262084e-13,1.177456298e-13,2.022911272e-13,1.542521644e-13,3.828430197e-13,2.28545458e-13,1.947358623e-13,7.080712373e-13,2.589832692e-14,4.506305384e-13,2.474837418e-13
8.3515625,1.178462962e-12,3.844195849e-13,5.100884079e-13,2.037184904e-13,6.20104768e-13,2.280635467e-13,1.641697892e-13,1.255591109e-13,1.37410657e-13,1.310297501e-13,1.23279352e-13,6.611983451e-14,1.251358332e-13,3.708508449e-13,6.937497e-13,1.117751007e-12,5.038562783e-13,5.151725652e-13,8.729446697e-14,7.147620788e-13,1.046258498e-13,1.559292047e-13,1.172221853e-13,2.036373246e-13,1.530608434e-13,3.813732553e-13,2.283638861e-13,1.937848228e-13,7.006489801e-13,2.627077865e-14,4.487838764e-13,2.451401089e-13
8.359375,1.176185604e-12,3.879547541e-13,5.062426522e-13,2.001652513e-13,6.140591471e-13,2.266992012e-13,1.619416167e-13,1.239168759e-13,1.358670693e-13,1.302541348e-13,1.248430132e-13,6.550646285e-14,1.231300026e-13,3.689253574e-13,6.955053173e-13,1.12120041e-12,5.088084715e-13,5.170229071e-13,8.614740678e-14,7.087622696e-13,1.074208231e-13,1.551434531e-13,1.166891296e-13,2.049053475e-13,1.517998816e-13,3.798589589e-13,2.279828708e-13,1.929676928e-13,6.925412455e-13,2.668670884e-14,4.466760575e-13,2.427576523e-13
8.3671875,1.173693663e-12,3.91247978e-13,5.0214209e-13,1.968601201e-13,6.07892591e-13,2.25258637e-13,1.59619607e-13,1.222674848e-13,1.342998627e-13,1.294715945e-13,1.263731044e-13,6.48818724e-14,1.211361252e-13,3.669374841e-13,6.968488443e-13,1.124121329e-12,5.136233974e-13,5.18722066e-13,8.499733097e-14,7.02524652e-13,1.102285954e-13,1.543028785e-13,1.161126546e-13,2.060470486e-13,1.504806188e-13,3.782265687e-13,2.275131116e-13,1.921787746e-13,6.839755621e-13,2.711096495e-14,4.443501243e-13,2.402726873e-13
8.375,1.171643752e-12,3.943848963e-13,4.980964211e-13,1.936714815e-13,6.019958341e-13,2.237750374e-13,1.57215411e-13,1.205848601e-13,1.327351972e-13,1.286047865e-13,1.279123162e-13,6.429750254e-14,1.19212799e-13,3.651042723e-13,6.979646752e-13,1.126646514e-12,5.182887046e-13,5.204412839e-13,8.386760992e-14,6.96476106e-13,1.131276128e-13,1.534112593e-13,1.154881254e-13,2.071164898e-13,1.491168084e-13,3.765960413e-13,2.270914822e-13,1.91293582e-13,6.752625833e-13,2.751658981e-14,4.417777746e-13,2.377664389e-13
8.3828125,1.169744656e-12,3.975365676e-13,4.940129915e-13,1.904453596e-13,5.963692299e-13,2.223290045e-13,1.547018406e-13,1.188828895e-13,1.312234513e-13,1.276047935e-13,1.294515713e-13,6.371743282e-14,1.172563353e-13,3.634054543e-13,6.987750559e-13,1.12868439e-12,5.225672687e-13,5.219619867e-13,8.275839821e-14,6.906249483e-13,1.160814892e-13,1.525354442e-13,1.148273375e-13,2.080818841e-13,1.476405136e-13,3.749719278e-13,2.26656546e-13,1.903801698e-13,6.662362603e-13,2.792483297e-14,4.38959116e-13,2.352979155e-13
8.390625,1.16753176e-12,4.006621287e-13,4.895664272e-13,1.872894949e-13,5.907469503e-13,2.208615216e-13,1.520954991e-13,1.172244049e-13,1.2979642e-13,1.265826139e-13,1.309250131e-13,6.3056513e-14,1.151404762e-13,3.615481404e-13,6.989581502e-13,1.12991054e-12,5.262547709e-13,5.229611944e-13,8.164443017e-14,6.847206672e-13,1.189619694e-13,1.517095423e-13,1.141623086e-13,2.089432376e-13,1.46007773e-13,3.732317353e-13,2.260357203e-13,1.895908535e-13,6.564186121e-13,2.833677926e-14,4.35839392e-13,2.328454451e-13
8.3984375,1.164973667e-12,4.036536337e-13,4.846674633e-13,1.841654585e-13,5.849968502e-13,2.192568645e-13,1.494361811e-13,1.156175701e-13,1.284374893e-13,1.255205011e-13,1.322561757e-13,6.231504231e-14,1.129757334e-13,3.594159579e-13,6.985888849e-13,1.130533579e-12,5.294773955e-13,5.234281874e-13,8.046877982e-14,6.787721443e-13,1.217816762e-13,1.508650014e-13,1.135171766e-13,2.097915396e-13,1.442812277e-13,3.714472412e-13,2.25319632e-13,1.888827297e-13,6.458375853e-13,2.874675627e-14,4.323078398e-13,2.303673893e-13
8.40625,1.161949087e-12,4.063980293e-13,4.79761122e-13,1.809683706e-13,5.791687378e-13,2.176463231e-13,1.467374872e-13,1.140063021e-13,1.270961995e-13,1.242884665e-13,1.335584695e-13,6.160071225e-14,1.109586979e-13,3.573205273e-13,6.980873336e-13,1.130983393e-12,5.325459893e-13,5.237151293e-13,7.925414258e-14,6.727392066e-13,1.246707531e-13,1.499491848e-13,1.128894065e-13,2.105816796e-13,1.425466935e-13,3.697001634e-13,2.246981607e-13,1.881056001e-13,6.350957837e-13,2.918896122e-14,4.285587304e-13,2.278299485e-13
8.4140625,1.15858594e-12,4.088267542e-13,4.751912567e-13,1.778155933e-13,5.734827827e-13,2.16161694e-13,1.440235901e-13,1.123745132e-13,1.257599722e-13,1.229687369e-13,1.34947608e-13,6.095839715e-14,1.090508184e-13,3.555622184e-13,6.973875926e-13,1.13095657e-12,5.355263206e-13,5.241007128e-13,7.809300167e-14,6.664943047e-13,1.276146661e-13,1.490138598e-13,1.122554225e-13,2.112308949e-13,1.408210361e-13,3.678669932e-13,2.240268339e-13,1.872403577e-13,6.244198311e-13,2.967473534e-14,4.248753169e-13,2.2524629e-13
8.421875,1.155258715e-12,4.112459091e-13,4.706729919e-13,1.747094219e-13,5.680556977e-13,2.14639569e-13,1.41263473e-13,1.107372084e-13,1.244249463e-13,1.216600274e-13,1.36317368e-13,6.033018419e-14,1.071009802e-13,3.539855904e-13,6.961420434e-13,1.130030956e-12,5.382075777e-13,5.243471497e-13,7.698092677e-14,6.601595601e-13,1.305651092e-13,1.48074853e-13,1.11563633e-13,2.117806085e-13,1.390273831e-13,3.658758876e-13,2.231731572e-13,1.863871522e-13,6.1344309e-13,3.017101133e-14,4.210874909e-13,2.226530586e-13
8.4296875,1.151758422e-12,4.138202223e-13,4.659352724e-13,1.715008231e-13,5.627081272e-13,2.129837756e-13,1.383969819e-13,1.090838975e-13,1.230787689e-13,1.202995602e-13,1.3763212e-13,5.967421566e-14,1.051160628e-13,3.522570614e-13,6.944209338e-13,1.128456388e-12,5.404401949e-13,5.240890179e-13,7.58457605e-14,6.539094964e-13,1.335497709e-13,1.470848309e-13,1.107949164e-13,2.122305791e-13,1.371080893e-13,3.638162087e-13,2.223846236e-13,1.856369873e-13,6.020277194e-13,3.067091251e-14,4.168920542e-13,2.200515523e-13
8.4375,1.147721311e-12,4.15930009e-13,4.610806874e-13,1.683439713e-13,5.573220511e-13,2.113140878e-13,1.354936421e-13,1.074300291e-13,1.21766666e-13,1.188990728e-13,1.3895515e-13,5.897944002e-14,1.031613258e-13,3.503409636e-13,6.924441549e-13,1.126584632e-12,5.423104217e-13,5.234884963e-13,7.468548326e-14,6.478323456e-13,1.364748811e-13,1.460687937e-13,1.100025757e-13,2.125541209e-13,1.351512265e-13,3.617824582e-13,2.218149647e-13,1.849205137e-13,5.904297722e-13,3.118346704e-14,4.12402438e-13,2.174470395e-13
8.4453125,1.143243258e-12,4.172189927e-13,4.561340727e-13,1.654387608e-13,5.519623974e-13,2.096433236e-13,1.326234894e-13,1.058268049e-13,1.205361609e-13,1.175047358e-13,1.40182374e-13,5.82593921e-14,1.012094383e-13,3.484038629e-13,6.902076215e-13,1.124395057e-12,5.439776267e-13,5.228628514e-13,7.353327825e-14,6.419195174e-13,1.39261317e-13,1.450712409e-13,1.092161867e-13,2.128156668e-13,1.33237981e-13,3.597929608e-13,2.21270449e-13,1.840601441e-13,5.787010202e-13,3.169283082e-14,4.078528717e-13,2.148597441e-13
8.453125,1.138410064e-12,4.183392324e-13,4.510215616e-13,1.625812573e-13,5.466728676e-13,2.078643383e-13,1.297086697e-13,1.042627299e-13,1.193421188e-13,1.160741625e-13,1.412744917e-13,5.756228013e-14,9.922630313e-14,3.464762717e-13,6.875997052e-13,1.121661251e-12,5.453828298e-13,5.220966467e-13,7.239287217e-14,6.358978622e-13,1.420206232e-13,1.440484271e-13,1.084112461e-13,2.130062524e-13,1.312967573e-13,3.577640566e-13,2.206097715e-13,1.830843117e-13,5.66688286e-13,3.219838666e-14,4.031495071e-13,2.122721906e-13
8.4609375,1.133257843e-12,4.197127993e-13,4.458237774e-13,1.59609606e-13,5.415508654e-13,2.059452495e-13,1.267241056e-13,1.026767674e-13,1.181203558e-13,1.146162428e-13,1.423997847e-13,5.687917585e-14,9.721643253e-14,3.444912097e-13,6.844967961e-13,1.118182828e-12,5.462640029e-13,5.209568022e-13,7.124555988e-14,6.297034944e-13,1.447886885e-13,1.429609045e-13,1.075827296e-13,2.130236107e-13,1.292722546e-13,3.556412768e-13,2.198988692e-13,1.821876502e-13,5.544385309e-13,3.272336238e-14,3.981293854e-13,2.096716007e-13
8.46875,1.127905677e-12,4.209230477e-13,4.406190872e-13,1.56736196e-13,5.366492096e-13,2.039588522e-13,1.23742933e-13,1.010944325e-13,1.169006726e-13,1.131627761e-13,1.435580993e-13,5.614632167e-14,9.516816895e-14,3.424095045e-13,6.808862594e-13,1.114060337e-12,5.465507889e-13,5.193818281e-13,7.005518959e-14,6.237771394e-13,1.474939081e-13,1.418581668e-13,1.06734836e-13,2.128836826e-13,1.272033558e-13,3.535504907e-13,2.192141419e-13,1.813767328e-13,5.420238548e-13,3.326014917e-14,3.929059394e-13,2.071006359e-13
8.4765625,1.122307663e-12,4.216255662e-13,4.353734095e-13,1.540539349e-13,5.318298901e-13,2.020089844e-13,1.207562147e-13,9.960439289e-14,1.157584984e-13,1.116905564e-13,1.445699155e-13,5.537320698e-14,9.308052504e-14,3.40189398e-13,6.769237324e-13,1.10960603e-12,5.465376697e-13,5.174353132e-13,6.882733129e-14,6.182515841e-13,1.501559812e-13,1.407871087e-13,1.058569221e-13,2.126963307e-13,1.251044384e-13,3.515753733e-13,2.185201519e-13,1.805151726e-13,5.293198034e-13,3.377860901e-14,3.876276543e-13,2.045981151e-13
8.484375,1.116567483e-12,4.219482144e-13,4.301006102e-13,1.513680015e-13,5.270674099e-13,2.001038447e-13,1.177479804e-13,9.819104644e-14,1.146679419e-13,1.101867997e-13,1.454491308e-13,5.461279766e-14,9.099719979e-14,3.379361303e-13,6.727760589e-13,1.104958243e-12,5.465355167e-13,5.154022541e-13,6.762870084e-14,6.12824938e-13,1.528051396e-13,1.397001414e-13,1.049534659e-13,2.124824177e-13,1.229844997e-13,3.495635662e-13,2.177365864e-13,1.795836334e-13,5.16382417e-13,3.428914973e-14,3.822568406e-13,2.021429604e-13
8.4921875,1.110743471e-12,4.221352976e-13,4.248376211e-13,1.486571816e-13,5.223310021e-13,1.981531164e-13,1.147715823e-13,9.676230188e-14,1.135310488e-13,1.086118796e-13,1.463135469e-13,5.386132747e-14,8.895626067e-14,3.358180214e-13,6.684904596e-13,1.100048099e-12,5.464623837e-13,5.133645129e-13,6.646130251e-14,6.074903145e-13,1.554426794e-13,1.385295729e-13,1.040343042e-13,2.121572335e-13,1.20869306e-13,3.474041165e-13,2.169225287e-13,1.786167895e-13,5.0351781e-13,3.482077404e-14,3.767627143e-13,1.996815017e-13
8.5,1.104230824e-12,4.222002858e-13,4.195335777e-13,1.460955781e-13,5.173703849e-13,1.961216724e-13,1.118234265e-13,9.532958464e-14,1.123827669e-13,1.069565765e-13,1.470829165e-13,5.311064437e-14,8.696968366e-14,3.336490421e-13,6.639141493e-13,1.094729667e-12,5.459529082e-13,5.108950661e-13,6.526434661e-14,6.023298497e-13,1.580446813e-13,1.373080516e-13,1.031036491e-13,2.116893785e-13,1.187417685e-13,3.452172221e-13,2.16200886e-13,1.775515571e-13,4.907950864e-13,3.534396819e-14,3.711686695e-13,1.972007399e-13
8.5078125,1.096870338e-12,4.219085918e-13,4.142203184e-13,1.43610065e-13,5.123745515e-13,1.940727315e-13,1.088780524e-13,9.397623281e-14,1.11354457e-13,1.053360126e-13,1.476695276e-13,5.239422331e-14,8.504532834e-14,3.312491717e-13,6.588915281e-13,1.088926184e-12,5.448850674e-13,5.079132028e-13,6.407687652e-14,5.972340411e-13,1.605120713e-13,1.361207748e-13,1.02161657e-13,2.111599641e-13,1.166015918e-13,3.430990286e-13,2.155182716e-13,1.763643111e-13,4.780806991e-13,3.581940108e-14,3.654829306e-13,1.947508984e-13
8.515625,1.089533054e-12,4.212946877e-13,4.089899377e-13,1.41017034e-13,5.07831085e-13,1.920750002e-13,1.05950863e-13,9.270175279e-14,1.104234317e-13,1.037605876e-13,1.482229854e-13,5.170401595e-14,8.314420666e-14,3.289385705e-13,6.535916455e-13,1.082770472e-12,5.434717218e-13,5.048332738e-13,6.297873463e-14,5.923040088e-13,1.628904152e-13,1.349745126e-13,1.011829285e-13,2.105542849e-13,1.144747198e-13,3.409684619e-13,2.147923398e-13,1.752130052e-13,4.653659163e-13,3.628496677e-14,3.597761056e-13,1.923669616e-13
8.5234375,1.082368835e-12,4.207241778e-13,4.037382719e-13,1.385078303e-13,5.034601355e-13,1.901190623e-13,1.030075993e-13,9.144993789e-14,1.094532668e-13,1.020782594e-13,1.48858626e-13,5.098416315e-14,8.119562586e-14,3.268541208e-13,6.482238411e-13,1.076369328e-12,5.418221002e-13,5.016258359e-13,6.192454872e-14,5.875957609e-13,1.653640635e-13,1.338017465e-13,1.001542531e-13,2.097363123e-13,1.123326868e-13,3.387738994e-13,2.14069748e-13,1.741887768e-13,4.526441277e-13,3.678149252e-14,3.540553145e-13,1.900243218e-13
8.53125,1.074681812e-12,4.201444832e-13,3.98473535e-13,1.363158997e-13,4.988175756e-13,1.881563437e-13,1.000437121e-13,9.019765158e-14,1.084244857e-13,1.002911146e-13,1.49465719e-13,5.025799112e-14,7.924220421e-14,3.246818681e-13,6.427123054e-13,1.069680148e-12,5.399266932e-13,4.981171127e-13,6.085539663e-14,5.828470167e-13,1.678617738e-13,1.325628835e-13,9.911376248e-14,2.087446739e-13,1.101800488e-13,3.365851051e-13,2.13355574e-13,1.731611596e-13,4.399415221e-13,3.728877184e-14,3.482266059e-13,1.876926062e-13
8.5390625,1.066625246e-12,4.190866507e-13,3.934319422e-13,1.341978714e-13,4.942556813e-13,1.86208826e-13,9.71610304e-14,8.8936149e-14,1.074141468e-13,9.854373016e-14,1.49944331e-13,4.959904306e-14,7.738015552e-14,3.224505083e-13,6.370007072e-13,1.062767402e-12,5.379119102e-13,4.945759958e-13,5.982801688e-14,5.780884023e-13,1.701745105e-13,1.31295349e-13,9.807928055e-14,2.077221493e-13,1.080863844e-13,3.34401775e-13,2.126489701e-13,1.720967053e-13,4.274485358e-13,3.778747992e-14,3.423742822e-13,1.853623151e-13
8.546875,1.058722435e-12,4.174938178e-13,3.884597741e-13,1.319263207e-13,4.900186332e-13,1.843367887e-13,9.436936221e-14,8.766858084e-14,1.064599527e-13,9.684632493e-14,1.503183407e-13,4.897109036e-14,7.55504924e-14,3.203899158e-13,6.310876323e-13,1.055616857e-12,5.357767651e-13,4.910337567e-13,5.888572139e-14,5.735805085e-13,1.723278102e-13,1.300638039e-13,9.70164272e-14,2.066298527e-13,1.060249947e-13,3.321253355e-13,2.12012991e-13,1.711180519e-13,4.151837761e-13,3.82619309e-14,3.366271147e-13,1.830412534e-13
8.5546875,1.05064064e-12,4.157663151e-13,3.833237239e-13,1.296465252e-13,4.858086428e-13,1.825362144e-13,9.15792785e-14,8.643517717e-14,1.055581084e-13,9.512632984e-14,1.506729126e-13,4.830714139e-14,7.367943451e-14,3.183280059e-13,6.247970618e-13,1.047926339e-12,5.332347964e-13,4.871887336e-13,5.797662992e-14,5.691810965e-13,1.744407769e-13,1.288696548e-13,9.591946976e-14,2.05427038e-13,1.039241947e-13,3.297684291e-13,2.113750376e-13,1.701931552e-13,4.029764805e-13,3.870013988e-14,3.3088356e-13,1.80760173e-13
8.5625,1.041799051e-12,4.140272709e-13,3.783556976e-13,1.273884416e-13,4.814516286e-13,1.807074524e-13,8.880938211e-14,8.527065797e-14,1.046839375e-13,9.339131932e-14,1.510598008e-13,4.765034651e-14,7.185489089e-14,3.160480916e-13,6.180955894e-13,1.039665093e-12,5.301611744e-13,4.829733272e-13,5.704771106e-14,5.647021609e-13,1.765365704e-13,1.27648735e-13,9.482216429e-14,2.042000655e-13,1.018312406e-13,3.274544422e-13,2.106426136e-13,1.691922956e-13,3.908259531e-13,3.914313274e-14,3.250563526e-13,1.785264914e-13
8.5703125,1.032184016e-12,4.11985834e-13,3.736139218e-13,1.251294749e-13,4.767491776e-13,1.787141341e-13,8.608901871e-14,8.416697762e-14,1.037989114e-13,9.166556299e-14,1.513310096e-13,4.702480864e-14,7.009459071e-14,3.135313219e-13,6.112568033e-13,1.03126954e-12,5.268011966e-13,4.783674357e-13,5.610424659e-14,5.602581021e-13,1.785877025e-13,1.263644318e-13,9.372320031e-14,2.029223225e-13,9.978890428e-14,3.252160943e-13,2.099241525e-13,1.680784447e-13,3.787415214e-13,3.960937925e-14,3.191638982e-13,1.763029236e-13
8.578125,1.022339426e-12,4.096356524e-13,3.686398959e-13,1.231064014e-13,4.716671529e-13,1.765897926e-13,8.334766969e-14,8.311660865e-14,1.029153795e-13,8.994188795e-14,1.513685264e-13,4.6381771e-14,6.82967312e-14,3.108600604e-13,6.044720865e-13,1.02301648e-12,5.234369107e-13,4.734743272e-13,5.519562751e-14,5.558600696e-13,1.805252292e-13,1.250508069e-13,9.259407813e-14,2.015319426e-13,9.774757942e-14,3.229784564e-13,2.092922931e-13,1.669015065e-13,3.666517151e-13,4.005956632e-14,3.132090311e-13,1.740787846e-13
8.5859375,1.01268641e-12,4.073482582e-13,3.635318788e-13,1.213565556e-13,4.667683874e-13,1.744991937e-13,8.059958949e-14,8.215657974e-14,1.020954161e-13,8.826340413e-14,1.513708282e-13,4.572935447e-14,6.649257723e-14,3.082464923e-13,5.977184143e-13,1.014864959e-12,5.200797882e-13,4.68609214e-13,5.434291411e-14,5.515434996e-13,1.822966194e-13,1.237540603e-13,9.144302905e-14,2.001303709e-13,9.571514314e-14,3.206987934e-13,2.086835111e-13,1.658023173e-13,3.546619709e-13,4.0502091e-14,3.072987845e-13,1.718954659e-13
8.59375,1.002835056e-12,4.049881338e-13,3.586068139e-13,1.196489222e-13,4.621375865e-13,1.724103153e-13,7.792368205e-14,8.13042029e-14,1.013345044e-13,8.66754174e-14,1.514259895e-13,4.50778008e-14,6.473321047e-14,3.056191117e-13,5.908914525e-13,1.00675171e-12,5.165279242e-13,4.635745738e-13,5.348464936e-14,5.475799425e-13,1.839387931e-13,1.224673229e-13,9.029414928e-14,1.987597743e-13,9.372519515e-14,3.184302702e-13,2.080820147e-13,1.647929493e-13,3.428376074e-13,4.09577059e-14,3.014508363e-13,1.697989742e-13
8.6015625,9.924352978e-13,4.020393386e-13,3.536802178e-13,1.17955085e-13,4.572437354e-13,1.702623196e-13,7.528117092e-14,8.047448258e-14,1.005572232e-13,8.510177087e-14,1.513525664e-13,4.439756451e-14,6.294766018e-14,3.027079983e-13,5.838839947e-13,9.985470342e-13,5.12704512e-13,4.580413452e-13,5.259943703e-14,5.438954115e-13,1.855406746e-13,1.211607864e-13,8.914301206e-14,1.973017896e-13,9.17319536e-14,3.162602657e-13,2.074766259e-13,1.636468336e-13,3.311006956e-13,4.140171723e-14,2.954712403e-13,1.678054639e-13
8.609375,9.818837303e-13,3.986895528e-13,3.487616229e-13,1.163119537e-13,4.522840576e-13,1.68200905e-13,7.264221789e-14,7.958570525e-14,9.974366608e-14,8.347422631e-14,1.511743524e-13,4.374306963e-14,6.117410905e-14,2.997452396e-13,5.767209255e-13,9.901384248e-13,5.087432809e-13,4.524365249e-13,5.178443315e-14,5.401020009e-13,1.871350916e-13,1.198419663e-13,8.798835971e-14,1.957133797e-13,8.976143344e-14,3.141868187e-13,2.068570288e-13,1.623386154e-13,3.196088553e-13,4.184787285e-14,2.894487573e-13,1.658696973e-13
8.6171875,9.71217822e-13,3.954093308e-13,3.440438343e-13,1.14674518e-13,4.476125512e-13,1.662006143e-13,7.007811283e-14,7.869711413e-14,9.892981478e-14,8.188012757e-14,1.50968456e-13,4.316328607e-14,5.952983755e-14,2.96939975e-13,5.695058446e-13,9.816564194e-13,5.046891837e-13,4.470320316e-13,5.108337273e-14,5.362300534e-13,1.886064982e-13,1.185181176e-13,8.684807199e-14,1.940549216e-13,8.792296551e-14,3.121235763e-13,2.062868349e-13,1.610930993e-13,3.085248454e-13,4.230837697e-14,2.836183972e-13,1.639267035e-13
8.625,9.601414608e-13,3.919603233e-13,3.393406737e-13,1.130785732e-13,4.428769107e-13,1.641284074e-13,6.759823778e-14,7.789053705e-14,9.81371684e-14,8.036133878e-14,1.506065111e-13,4.258849085e-14,5.798150113e-14,2.94014587e-13,5.622696425e-13,9.732430035e-13,5.005119224e-13,4.414723301e-13,5.04198369e-14,5.325505523e-13,1.898878431e-13,1.17174239e-13,8.572051873e-14,1.923626546e-13,8.619426012e-14,3.100684808e-13,2.057557203e-13,1.599287754e-13,2.976596467e-13,4.274172735e-14,2.778008578e-13,1.620047935e-13
8.6328125,9.490331387e-13,3.880669254e-13,3.346614463e-13,1.115435319e-13,4.380448481e-13,1.621693335e-13,6.516357017e-14,7.714307996e-14,9.73899718e-14,7.880994017e-14,1.501668849e-13,4.199546676e-14,5.64722787e-14,2.910505035e-13,5.551047106e-13,9.649187001e-13,4.963416096e-13,4.35859019e-13,4.975644264e-14,5.290400012e-13,1.911289417e-13,1.158320393e-13,8.458799353e-14,1.90649569e-13,8.449301214e-14,3.081115129e-13,2.052175383e-13,1.587388212e-13,2.869205164e-13,4.316230169e-14,2.718821726e-13,1.601758442e-13
8.640625,9.380498908e-13,3.840970241e-13,3.302143795e-13,1.101058712e-13,4.333454383e-13,1.603904498e-13,6.279356933e-14,7.64298637e-14,9.667889631e-14,7.722875072e-14,1.498262963e-13,4.14376256e-14,5.500939496e-14,2.882729915e-13,5.480898986e-13,9.567103966e-13,4.922292138e-13,4.304865608e-13,4.912342393e-14,5.255106883e-13,1.923452915e-13,1.145070493e-13,8.344650042e-14,1.889028714e-13,8.284654954e-14,3.062497423e-13,2.047479581e-13,1.575445731e-13,2.764763464e-13,4.359976883e-14,2.661562625e-13,1.584221866e-13
8.6484375,9.267223741e-13,3.803202615e-13,3.257582991e-13,1.08827199e-13,4.284549273e-13,1.584980018e-13,6.049485575e-14,7.576874177e-14,9.594109845e-14,7.57513005e-14,1.494372742e-13,4.090155219e-14,5.355421663e-14,2.853290248e-13,5.41030363e-13,9.485110849e-13,4.879648184e-13,4.250006445e-13,4.852580041e-14,5.218720334e-13,1.933487227e-13,1.13160325e-13,8.230616202e-14,1.870812231e-13,8.127485735e-14,3.043964528e-13,2.043761576e-13,1.563574385e-13,2.66342021e-13,4.400395179e-14,2.606537188e-13,1.567063102e-13
8.65625,9.151037882e-13,3.764774045e-13,3.211803654e-13,1.075843176e-13,4.233249175e-13,1.564690623e-13,5.825356459e-14,7.514549981e-14,9.518541808e-14,7.437218097e-14,1.488978977e-13,4.036173898e-14,5.210572896e-14,2.821263306e-13,5.338673203e-13,9.40302443e-13,4.835044987e-13,4.192351092e-13,4.796275812e-14,5.183086894e-13,1.942028318e-13,1.117965799e-13,8.117968708e-14,1.851722315e-13,7.974475321e-14,3.025380805e-13,2.040605112e-13,1.551360698e-13,2.564558996e-13,4.435990212e-14,2.551271535e-13,1.550477163e-13
8.6640625,9.033880275e-13,3.723564909e-13,3.168369283e-13,1.063562129e-13,4.183598816e-13,1.54533577e-13,5.608961485e-14,7.455439139e-14,9.446923994e-14,7.299793442e-14,1.483566428e-13,3.983887378e-14,5.071847993e-14,2.790511772e-13,5.269626937e-13,9.324462788e-13,4.790984106e-13,4.136080874e-13,4.746317569e-14,5.151340869e-13,1.950822935e-13,1.104541889e-13,8.005354932e-14,1.831830713e-13,7.828280801e-14,3.006889039e-13,2.038360541e-13,1.53882237e-13,2.469038977e-13,4.47193055e-14,2.496510783e-13,1.534325037e-13
8.671875,8.913056302e-13,3.680904122e-13,3.12804803e-13,1.05293449e-13,4.13490639e-13,1.526743324e-13,5.399657097e-14,7.40333198e-14,9.376818737e-14,7.164216466e-14,1.478449615e-13,3.934081307e-14,4.937617959e-14,2.760636257e-13,5.203663842e-13,9.249199747e-13,4.747702331e-13,4.081867045e-13,4.704007377e-14,5.122376026e-13,1.958934875e-13,1.091062647e-13,7.888862923e-14,1.811168116e-13,7.690879539e-14,2.988016236e-13,2.036469697e-13,1.526437464e-13,2.377163829e-13,4.509213723e-14,2.444455545e-13,1.518221268e-13
8.6796875,8.789290003e-13,3.637554798e-13,3.088978752e-13,1.04246639e-13,4.085247802e-13,1.508037456e-13,5.1946962e-14,7.35819329e-14,9.306508626e-14,7.03460209e-14,1.472870991e-13,3.889217859e-14,4.808279665e-14,2.729952349e-13,5.136404714e-13,9.171168619e-13,4.702365013e-13,4.026400882e-13,4.667458696e-14,5.092911077e-13,1.965551455e-13,1.077383771e-13,7.76861407e-14,1.790058625e-13,7.557198259e-14,2.968629863e-13,2.033767904e-13,1.514384919e-13,2.288208121e-13,4.544431318e-14,2.394984455e-13,1.502320809e-13
8.6875,8.664837611e-13,3.591892559e-13,3.050949751e-13,1.031136255e-13,4.035602808e-13,1.489584991e-13,4.99432631e-14,7.315630521e-14,9.239395089e-14,6.910351961e-14,1.466609298e-13,3.851115635e-14,4.687772571e-14,2.699473845e-13,5.067095608e-13,9.090046387e-13,4.654518688e-13,3.968910786e-13,4.63559571e-14,5.063161471e-13,1.971317714e-13,1.063876582e-13,7.649178396e-14,1.768731406e-13,7.425364498e-14,2.949223819e-13,2.031098724e-13,1.501814538e-13,2.20164894e-13,4.573935831e-14,2.346579067e-13,1.486788632e-13
8.6953125,8.537928441e-13,3.544178433e-13,3.013091046e-13,1.021746696e-13,3.985379837e-13,1.471260797e-13,4.797462511e-14,7.274883545e-14,9.17273668e-14,6.790879386e-14,1.459510019e-13,3.812895851e-14,4.568255803e-14,2.668404186e-13,4.998239463e-13,9.010678616e-13,4.606839058e-13,3.911121845e-13,4.608008398e-14,5.033075628e-13,1.975864121e-13,1.050407927e-13,7.532024768e-14,1.746872568e-13,7.297774141e-14,2.929917157e-13,2.029032205e-13,1.488581923e-13,2.116761588e-13,4.599575124e-14,2.297863439e-13,1.471656765e-13
8.703125,8.408682958e-13,3.49651226e-13,2.974321612e-13,1.014426135e-13,3.933725546e-13,1.452451785e-13,4.604275404e-14,7.240283932e-14,9.104861909e-14,6.673754456e-14,1.451907971e-13,3.770443913e-14,4.444723939e-14,2.636480445e-13,4.929660354e-13,8.933344473e-13,4.560531521e-13,3.854727748e-13,4.582224795e-14,5.001501849e-13,1.978969046e-13,1.0366844e-13,7.414946287e-14,1.724601486e-13,7.176144767e-14,2.910738729e-13,2.0263515e-13,1.475859924e-13,2.033438908e-13,4.629747397e-14,2.248933977e-13,1.457107714e-13
8.7109375,8.279277181e-13,3.447622897e-13,2.936292251e-13,1.006806298e-13,3.881759895e-13,1.433123433e-13,4.419587793e-14,7.21559195e-14,9.041458178e-14,6.558426052e-14,1.444181071e-13,3.73035447e-14,4.327388601e-14,2.605992501e-13,4.861627914e-13,8.857248869e-13,4.514526255e-13,3.799834026e-13,4.55883447e-14,4.971540259e-13,1.981590168e-13,1.022991445e-13,7.297015573e-14,1.702816112e-13,7.06265362e-14,2.892102941e-13,2.023317313e-13,1.463334273e-13,1.952930333e-13,4.66450198e-14,2.201164526e-13,1.442936263e-13
8.71875,8.150036901e-13,3.395664803e-13,2.900633138e-13,9.993300152e-14,3.830440902e-13,1.414189426e-13,4.242664676e-14,7.1986161e-14,8.982732888e-14,6.449863438e-14,1.436038299e-13,3.696382655e-14,4.218094007e-14,2.576586218e-13,4.795630086e-13,8.782724772e-13,4.467694962e-13,3.744661518e-13,4.543715509e-14,4.94556003e-13,1.983812391e-13,1.009629056e-13,7.179061074e-14,1.681608247e-13,6.955278928e-14,2.873889089e-13,2.020924597e-13,1.450386329e-13,1.875667389e-13,4.694882074e-14,2.154928428e-13,1.428965854e-13
8.7265625,8.020818172e-13,3.342341779e-13,2.866562332e-13,9.924499986e-14,3.780341519e-13,1.396432256e-13,4.068158394e-14,7.184080254e-14,8.92523567e-14,6.347284347e-14,1.427624625e-13,3.665704533e-14,4.108482662e-14,2.546586145e-13,4.729452295e-13,8.706051632e-13,4.418963548e-13,3.688207672e-13,4.53641661e-14,4.920306504e-13,1.984925713e-13,9.966220617e-14,7.061991607e-14,1.659909501e-13,6.847804183e-14,2.855517958e-13,2.018273649e-13,1.437805629e-13,1.800788715e-13,4.720983909e-14,2.109684902e-13,1.415537008e-13
8.734375,7.889632712e-13,3.288161339e-13,2.832807071e-13,9.854237382e-14,3.730400937e-13,1.378649142e-13,3.898070187e-14,7.170436455e-14,8.869599263e-14,6.246157546e-14,1.418860989e-13,3.635971244e-14,4.000772296e-14,2.51617388e-13,4.661093207e-13,8.625524145e-13,4.367939702e-13,3.631001065e-13,4.528728885e-14,4.893952477e-13,1.984764434e-13,9.83779385e-14,6.94627607e-14,1.637393257e-13,6.741196432e-14,2.837221462e-13,2.014798246e-13,1.42451247e-13,1.728136667e-13,4.748774489e-14,2.064865444e-13,1.402408383e-13
8.7421875,7.755060877e-13,3.232620964e-13,2.798791092e-13,9.789400295e-14,3.678170746e-13,1.35968682e-13,3.736354332e-14,7.158921406e-14,8.814290212e-14,6.149810545e-14,1.408640629e-13,3.604361775e-14,3.899115163e-14,2.484880058e-13,4.593106598e-13,8.546407254e-13,4.316311154e-13,3.573249571e-13,4.519496752e-14,4.868039016e-13,1.983544611e-13,9.70718192e-14,6.832116221e-14,1.614944164e-13,6.64151525e-14,2.819631541e-13,2.010887825e-13,1.409523807e-13,1.657945391e-13,4.777715564e-14,2.019451838e-13,1.389132646e-13
8.75,7.620294278e-13,3.177862686e-13,2.764946606e-13,9.732288874e-14,3.623902177e-13,1.340829961e-13,3.581215743e-14,7.151358076e-14,8.758461575e-14,6.062435343e-14,1.396910884e-13,3.571529579e-14,3.800437227e-14,2.452437579e-13,4.527058375e-13,8.471465371e-13,4.265838009e-13,3.515766861e-13,4.515193018e-14,4.842381987e-13,1.981295919e-13,9.574753809e-14,6.719245017e-14,1.592871539e-13,6.54981486e-14,2.802532792e-13,2.006140229e-13,1.395199512e-13,1.5900152e-13,4.80459149e-14,1.973904904e-13,1.376284939e-13
8.7578125,7.486304923e-13,3.122540041e-13,2.732841975e-13,9.675351398e-14,3.56958691e-13,1.322847829e-13,3.432153479e-14,7.151243792e-14,8.706318308e-14,5.986886154e-14,1.384920687e-13,3.54472555e-14,3.706707751e-14,2.420339952e-13,4.461885493e-13,8.397929593e-13,4.216041108e-13,3.460394286e-13,4.518446394e-14,4.81613196e-13,1.977545227e-13,9.444949214e-14,6.606361661e-14,1.57048505e-13,6.465927457e-14,2.785461879e-13,2.001088354e-13,1.381535039e-13,1.524800997e-13,4.827746301e-14,1.93068873e-13,1.364195001e-13
8.765625,7.351588091e-13,3.062506831e-13,2.702983426e-13,9.61993944e-14,3.516585805e-13,1.304874024e-13,3.290704964e-14,7.159467535e-14,8.658951555e-14,5.926220836e-14,1.373350609e-13,3.525156031e-14,3.620660332e-14,2.389555932e-13,4.398022552e-13,8.324927661e-13,4.16622062e-13,3.407549205e-13,4.526609512e-14,4.790041625e-13,1.972388378e-13,9.318867658e-14,6.493403706e-14,1.547601644e-13,6.390749287e-14,2.76873186e-13,1.997234311e-13,1.366300274e-13,1.46290301e-13,4.848968202e-14,1.890276511e-13,1.352377835e-13
8.7734375,7.219223132e-13,3.001300131e-13,2.673591209e-13,9.566873963e-14,3.465758988e-13,1.287345503e-13,3.153947694e-14,7.172038653e-14,8.614971719e-14,5.872458344e-14,1.36235106e-13,3.505432444e-14,3.536068254e-14,2.359896872e-13,4.336094721e-13,8.254125285e-13,4.117158375e-13,3.356140201e-13,4.536821218e-14,4.765070301e-13,1.967098546e-13,9.195554825e-14,6.382518357e-14,1.524733147e-13,6.321108066e-14,2.752547557e-13,1.994111214e-13,1.351963329e-13,1.403748932e-13,4.872342107e-14,1.850920841e-13,1.340915173e-13
8.78125,7.090105843e-13,2.944312717e-13,2.643544273e-13,9.514451762e-14,3.415018179e-13,1.27099522e-13,3.018545503e-14,7.185649764e-14,8.573535356e-14,5.820049913e-14,1.351781938e-13,3.483722735e-14,3.449356254e-14,2.329579652e-13,4.274695249e-13,8.185117151e-13,4.068726016e-13,3.305251783e-13,4.553002094e-14,4.741364798e-13,1.961753962e-13,9.075340169e-14,6.273178524e-14,1.501934919e-13,6.254177385e-14,2.736269852e-13,1.990637177e-13,1.340972479e-13,1.347015201e-13,4.895795141e-14,1.81232403e-13,1.330015384e-13
8.7890625,6.960308506e-13,2.888033287e-13,2.613903603e-13,9.463400739e-14,3.362323213e-13,1.254645422e-13,2.886546539e-14,7.199440499e-14,8.531225017e-14,5.78057555e-14,1.340927996e-13,3.463995285e-14,3.365417203e-14,2.296922457e-13,4.212771561e-13,8.115578491e-13,4.019531118e-13,3.254865968e-13,4.582877757e-14,4.718281488e-13,1.954800008e-13,8.958157751e-14,6.162627128e-14,1.479134507e-13,6.192184711e-14,2.719665057e-13,1.987207137e-13,1.330291433e-13,1.29338215e-13,4.914935094e-14,1.774992371e-13,1.319249876e-13
8.796875,6.830162286e-13,2.828721215e-13,2.585499386e-13,9.414001771e-14,3.310968119e-13,1.237603174e-13,2.761555432e-14,7.213769376e-14,8.488521972e-14,5.753566077e-14,1.329532877e-13,3.447964987e-14,3.288534071e-14,2.265162824e-13,4.151355695e-13,8.045139812e-13,3.970411588e-13,3.206235821e-13,4.620358489e-14,4.696002679e-13,1.946018703e-13,8.843239067e-14,6.052077488e-14,1.456757201e-13,6.136629755e-14,2.703026897e-13,1.983883871e-13,1.317851392e-13,1.242864864e-13,4.931166715e-14,1.738741151e-13,1.308349138e-13
8.8046875,6.700183182e-13,2.769181464e-13,2.558358313e-13,9.374890298e-14,3.262068448e-13,1.221135234e-13,2.643822088e-14,7.230043764e-14,8.448847817e-14,5.72538164e-14,1.318291466e-13,3.436789085e-14,3.218339526e-14,2.237556024e-13,4.091706324e-13,7.975373916e-13,3.923145943e-13,3.159469443e-13,4.651475191e-14,4.675376808e-13,1.936591261e-13,8.728715056e-14,5.94331686e-14,1.434559212e-13,6.085072845e-14,2.685826398e-13,1.98009315e-13,1.305131509e-13,1.194943982e-13,4.945742437e-14,1.70422485e-13,1.297245944e-13
8.8125,6.56781374e-13,2.710331233e-13,2.532404592e-13,9.351091957e-14,3.210698457e-13,1.205880501e-13,2.530811747e-14,7.248002348e-14,8.4079969e-14,5.703635051e-14,1.307577579e-13,3.428937563e-14,3.150288988e-14,2.210016648e-13,4.032825111e-13,7.905471859e-13,3.875833812e-13,3.111594398e-13,4.680432849e-14,4.654639315e-13,1.926780365e-13,8.61343971e-14,5.833965885e-14,1.411739091e-13,6.034286628e-14,2.668048037e-13,1.975930654e-13,1.29280971e-13,1.149560021e-13,4.959980837e-14,1.671835844e-13,1.28613927e-13
8.8203125,6.436856152e-13,2.64989383e-13,2.506558541e-13,9.3283719e-14,3.156780335e-13,1.190716099e-13,2.420894563e-14,7.267569066e-14,8.364735089e-14,5.69765583e-14,1.296841398e-13,3.41850699e-14,3.080962247e-14,2.179444255e-13,3.973442011e-13,7.833976655e-13,3.826157536e-13,3.061723349e-13,4.719294352e-14,4.631917615e-13,1.915996318e-13,8.50034947e-14,5.723856466e-14,1.388800957e-13,5.984995023e-14,2.651390067e-13,1.971543322e-13,1.28067572e-13,1.106277504e-13,4.97758129e-14,1.640046601e-13,1.275818352e-13
8.828125,6.311677899e-13,2.589059809e-13,2.480668499e-13,9.29739187e-14,3.105607386e-13,1.174884355e-13,2.315065282e-14,7.291960928e-14,8.328139166e-14,5.6934279e-14,1.285833678e-13,3.406460736e-14,3.014619286e-14,2.150140565e-13,3.915084495e-13,7.762876577e-13,3.776121203e-13,3.013600876e-13,4.76374106e-14,4.609885855e-13,1.904132898e-13,8.391706824e-14,5.616300875e-14,1.366606117e-13,5.94203051e-14,2.636082111e-13,1.966880324e-13,1.268881491e-13,1.064697255e-13,4.996096685e-14,1.608613646e-13,1.266294101e-13
8.8359375,6.187638938e-13,2.530644045e-13,2.456748636e-13,9.265741435e-14,3.057256103e-13,1.158985804e-13,2.213958083e-14,7.320432883e-14,8.298911741e-14,5.683761675e-14,1.275267863e-13,3.399626733e-14,2.954155849e-14,2.123694011e-13,3.858073809e-13,7.692234688e-13,3.727151744e-13,2.968484039e-13,4.806307495e-14,4.590886188e-13,1.891722e-13,8.285761196e-14,5.511233166e-14,1.344601295e-13,5.904138388e-14,2.620024092e-13,1.961790906e-13,1.257459907e-13,1.025495052e-13,5.011675679e-14,1.579359205e-13,1.256628671e-13
8.84375,6.062225368e-13,2.473955515e-13,2.434602729e-13,9.241777034e-14,3.008422584e-13,1.143636903e-13,2.116457155e-14,7.34637095e-14,8.266867647e-14,5.679050289e-14,1.265391067e-13,3.395445014e-14,2.89387218e-14,2.095791727e-13,3.799339459e-13,7.61835921e-13,3.677208568e-13,2.9234898e-13,4.850800356e-14,4.572520388e-13,1.878798127e-13,8.18160179e-14,5.407580728e-14,1.322281257e-13,5.863921536e-14,2.602829005e-13,1.955717056e-13,1.246523788e-13,9.887440879e-14,5.026970394e-14,1.551878889e-13,1.246761763e-13
8.8515625,5.938809036e-13,2.415814151e-13,2.412064404e-13,9.226710788e-14,2.959214184e-13,1.12904222e-13,2.022877807e-14,7.368436538e-14,8.229597183e-14,5.685998017e-14,1.255340694e-13,3.387488723e-14,2.832145467e-14,2.06578161e-13,3.739195516e-13,7.5422995e-13,3.626422734e-13,2.878433616e-13,4.899685477e-14,4.553197267e-13,1.864684098e-13,8.078849391e-14,5.306348339e-14,1.299930371e-13,5.823466169e-14,2.58579595e-13,1.949054028e-13,1.235857844e-13,9.53478171e-14,5.04158628e-14,1.524313464e-13,1.237065488e-13
8.859375,5.816193313e-13,2.354913009e-13,2.390130251e-13,9.211002532e-14,2.910624794e-13,1.115147592e-13,1.93479335e-14,7.392335119e-14,8.193938396e-14,5.705046105e-14,1.244853169e-13,3.379619355e-14,2.774854673e-14,2.036975647e-13,3.681633642e-13,7.468513647e-13,3.576883471e-13,2.835145627e-13,4.949663105e-14,4.53469791e-13,1.849809501e-13,7.97629233e-14,5.205072938e-14,1.277523127e-13,5.789829678e-14,2.568694274e-13,1.943029576e-13,1.225134954e-13,9.20068382e-14,5.053338653e-14,1.497576125e-13,1.227236638e-13
8.8671875,5.692569942e-13,2.294059118e-13,2.370384073e-13,9.187830205e-14,2.862141758e-13,1.101130579e-13,1.852041441e-14,7.421442616e-14,8.164406571e-14,5.732064312e-14,1.234740128e-13,3.377065387e-14,2.723383579e-14,2.009936813e-13,3.626877906e-13,7.396604962e-13,3.527660631e-13,2.792824401e-13,5.001272574e-14,4.51707723e-13,1.835376867e-13,7.875615168e-14,5.100487277e-14,1.255393674e-13,5.760199187e-14,2.551196277e-13,1.937270497e-13,1.214943649e-13,8.897687066e-14,5.066714387e-14,1.473212851e-13,1.217324091e-13
8.875,5.571260719e-13,2.236338648e-13,2.351467924e-13,9.164789249e-14,2.814028672e-13,1.086728336e-13,1.773754357e-14,7.453498166e-14,8.138852755e-14,5.760726658e-14,1.225459372e-13,3.377042762e-14,2.675694928e-14,1.983696048e-13,3.572762754e-13,7.324394756e-13,3.47752464e-13,2.750973185e-13,5.058382245e-14,4.498444065e-13,1.820991981e-13,7.778708051e-14,4.995700262e-14,1.234107982e-13,5.732121214e-14,2.534296279e-13,1.930988764e-13,1.205601308e-13,8.623840594e-14,5.083084005e-14,1.450596806e-13,1.207679683e-13
8.8828125,5.452524834e-13,2.180055016e-13,2.33248467e-13,9.141719907e-14,2.767056493e-13,1.073025623e-13,1.699170992e-14,7.484733421e-14,8.113427411e-14,5.79123835e-14,1.216716147e-13,3.376949209e-14,2.631657738e-14,1.958507123e-13,3.519300273e-13,7.252034553e-13,3.427640323e-13,2.710814339e-13,5.119589947e-14,4.479940667e-13,1.805696876e-13,7.684586398e-14,4.894495469e-14,1.21301979e-13,5.70903059e-14,2.517936873e-13,1.925000232e-13,1.196122942e-13,8.369397165e-14,5.096839956e-14,1.429272407e-13,1.197969753e-13
8.890625,5.33381563e-13,2.121669336e-13,2.31360157e-13,9.112188542e-14,2.72085302e-13,1.059724619e-13,1.626844036e-14,7.51504255e-14,8.090459758e-14,5.826147595e-14,1.207953067e-13,3.377996199e-14,2.58912275e-14,1.934082489e-13,3.466152397e-13,7.178864764e-13,3.377986778e-13,2.671681703e-13,5.178017527e-14,4.464031887e-13,1.789596236e-13,7.593352366e-14,4.796331065e-14,1.19163354e-13,5.688357964e-14,2.501247495e-13,1.919315222e-13,1.185681011e-13,8.129593302e-14,5.106364465e-14,1.409062567e-13,1.188053332e-13
8.8984375,5.217231333e-13,2.061428125e-13,2.294314326e-13,9.08427872e-14,2.67499943e-13,1.045301865e-13,1.557047103e-14,7.546750586e-14,8.073506474e-14,5.865511817e-14,1.198828193e-13,3.380446654e-14,2.546989349e-14,1.909926155e-13,3.412258358e-13,7.104035477e-13,3.327578253e-13,2.632816467e-13,5.231994478e-14,4.449094128e-13,1.772570202e-13,7.504738546e-14,4.700895814e-14,1.170464469e-13,5.668202254e-14,2.484355117e-13,1.912623408e-13,1.174695875e-13,7.901241047e-14,5.114591423e-14,1.38874429e-13,1.178391707e-13
8.90625,5.104305939e-13,2.001885923e-13,2.274832288e-13,9.059552247e-14,2.629796022e-13,1.030512703e-13,1.491613431e-14,7.578822811e-14,8.058041534e-14,5.908459975e-14,1.189601049e-13,3.382684846e-14,2.508614796e-14,1.886558376e-13,3.358609576e-13,7.028671017e-13,3.277192869e-13,2.595778731e-13,5.289122609e-14,4.432366022e-13,1.754449178e-13,7.416262214e-14,4.607564821e-14,1.149375798e-13,5.653262347e-14,2.467041108e-13,1.905270613e-13,1.164231044e-13,7.684030712e-14,5.122026199e-14,1.36867053e-13,1.168951667e-13
8.9140625,4.991661761e-13,1.943701412e-13,2.255407e-13,9.024122415e-14,2.585357514e-13,1.016873284e-13,1.42968942e-14,7.609200979e-14,8.040276324e-14,5.953328826e-14,1.180596481e-13,3.383130941e-14,2.474320796e-14,1.863658306e-13,3.306045627e-13,6.95324972e-13,3.226934014e-13,2.560452352e-13,5.354527094e-14,4.415265898e-13,1.736047111e-13,7.328730368e-14,4.513231539e-14,1.128169593e-13,5.640759617e-14,2.448628463e-13,1.898443563e-13,1.154676428e-13,7.482138165e-14,5.126895398e-14,1.35048993e-13,1.159258452e-13
8.921875,4.878087845e-13,1.885093782e-13,2.236218356e-13,8.977508276e-14,2.541716561e-13,1.003727749e-13,1.36922323e-14,7.637584849e-14,8.022815726e-14,6.0032665e-14,1.171834835e-13,3.38367694e-14,2.442158536e-14,1.840127763e-13,3.253582044e-13,6.876788846e-13,3.17547393e-13,2.524745543e-13,5.424877113e-14,4.399870113e-13,1.717841504e-13,7.244099166e-14,4.416305779e-14,1.107315427e-13,5.624302527e-14,2.42969853e-13,1.891850824e-13,1.145160954e-13,7.297344621e-14,5.130381196e-14,1.333582063e-13,1.149131951e-13
8.9296875,4.766143003e-13,1.824554693e-13,2.219005113e-13,8.933558026e-14,2.498740219e-13,9.903352316e-14,1.311325028e-14,7.661453799e-14,8.004149237e-14,6.061353497e-14,1.163442583e-13,3.387755933e-14,2.41377814e-14,1.816199359e-13,3.201081194e-13,6.798834458e-13,3.123544129e-13,2.489233342e-13,5.496924158e-14,4.384869498e-13,1.699415049e-13,7.159948583e-14,4.317737959e-14,1.086441228e-13,5.607077285e-14,2.410811779e-13,1.88508486e-13,1.134876614e-13,7.129550546e-14,5.135626349e-14,1.316874246e-13,1.138627364e-13
8.9375,4.656389491e-13,1.764192644e-13,2.203512538e-13,8.896100051e-14,2.455788594e-13,9.767987245e-14,1.258438683e-14,7.681514925e-14,7.983060432e-14,6.12279316e-14,1.155240952e-13,3.393024452e-14,2.389323546e-14,1.792985901e-13,3.149092124e-13,6.719569632e-13,3.072747085e-13,2.455992383e-13,5.569985295e-14,4.368727602e-13,1.680250701e-13,7.075426937e-14,4.220320271e-14,1.065294999e-13,5.59358383e-14,2.391490042e-13,1.878511691e-13,1.12447407e-13,6.981559407e-14,5.140581415e-14,1.30117293e-13,1.127885241e-13
8.9453125,4.54744238e-13,1.707566913e-13,2.187131683e-13,8.853345137e-14,2.413460385e-13,9.624350234e-14,1.210387988e-14,7.705547464e-14,7.967491172e-14,6.186988787e-14,1.146805592e-13,3.397065687e-14,2.367101219e-14,1.771511149e-13,3.096791454e-13,6.639429903e-13,3.022325893e-13,2.425031966e-13,5.641612639e-14,4.35193766e-13,1.660252951e-13,6.993986568e-14,4.12807134e-14,1.045007823e-13,5.583589057e-14,2.371882952e-13,1.871835368e-13,1.114963916e-13,6.854696535e-14,5.143413553e-14,1.286688478e-13,1.116995756e-13
8.953125,4.439991535e-13,1.653493702e-13,2.170886822e-13,8.801442635e-14,2.373006003e-13,9.475201911e-14,1.164543633e-14,7.733926068e-14,7.959325217e-14,6.25516959e-14,1.138600672e-13,3.404229565e-14,2.34770131e-14,1.751794883e-13,3.04384975e-13,6.559064794e-13,2.971450829e-13,2.395348309e-13,5.711796157e-14,4.335098102e-13,1.640311188e-13,6.916767835e-14,4.039711683e-14,1.025862224e-13,5.575046503e-14,2.352430955e-13,1.864286998e-13,1.106030337e-13,6.745284702e-14,5.149169037e-14,1.27300934e-13,1.105957637e-13
8.9609375,4.336455102e-13,1.598380435e-13,2.157176786e-13,8.757957327e-14,2.333310954e-13,9.342272918e-14,1.119592705e-14,7.757339188e-14,7.949321458e-14,6.322918244e-14,1.131260705e-13,3.414418513e-14,2.328181266e-14,1.731971234e-13,2.991675102e-13,6.478487529e-13,2.920972447e-13,2.366142383e-13,5.785825093e-14,4.318012692e-13,1.620761275e-13,6.842570083e-14,3.949215283e-14,1.006839747e-13,5.562977989e-14,2.332471383e-13,1.856222269e-13,1.097375784e-13,6.651355664e-14,5.157056125e-14,1.260996196e-13,1.094942457e-13
8.96875,4.237049652e-13,1.543182029e-13,2.144973954e-13,8.726228181e-14,2.293572236e-13,9.227857987e-14,1.07738013e-14,7.772747552e-14,7.935551975e-14,6.397019296e-14,1.124543749e-13,3.422384077e-14,2.305962388e-14,1.711481673e-13,2.940564747e-13,6.396873577e-13,2.870881598e-13,2.33708306e-13,5.865464216e-14,4.301209639e-13,1.6000134e-13,6.770964433e-14,3.856472302e-14,9.877303442e-14,5.546477972e-14,2.311316167e-13,1.848831844e-13,1.090016353e-13,6.576231804e-14,5.160945216e-14,1.251057053e-13,1.08385298e-13
8.9765625,4.139225994e-13,1.490281996e-13,2.13337512e-13,8.686740311e-14,2.255646226e-13,9.106356511e-14,1.038515905e-14,7.783031321e-14,7.922706857e-14,6.48289205e-14,1.118473692e-13,3.430310083e-14,2.287330937e-14,1.692450475e-13,2.88950391e-13,6.314104617e-13,2.820598961e-13,2.309326121e-13,5.946509421e-14,4.286800478e-13,1.577691438e-13,6.700861922e-14,3.765687226e-14,9.690588006e-14,5.531638415e-14,2.289141085e-13,1.84226912e-13,1.083538363e-13,6.519621954e-14,5.165707672e-14,1.242257978e-13,1.072055268e-13
8.984375,4.041942584e-13,1.438286117e-13,2.122457778e-13,8.643489596e-14,2.21920742e-13,8.968957026e-14,1.000529483e-14,7.789423189e-14,7.909806191e-14,6.566045312e-14,1.113428045e-13,3.441114905e-14,2.274403381e-14,1.674674103e-13,2.839068534e-13,6.23160012e-13,2.770930548e-13,2.283839203e-13,6.027630721e-14,4.274854543e-13,1.555783953e-13,6.631886525e-14,3.676997485e-14,9.510513776e-14,5.519621377e-14,2.266542839e-13,1.835541109e-13,1.075781982e-13,6.476180662e-14,5.176068681e-14,1.234086284e-13,1.059603046e-13
8.9921875,3.946198751e-13,1.385733235e-13,2.111365017e-13,8.609052333e-14,2.182135432e-13,8.833160809e-14,9.634612409e-15,7.794576119e-14,7.896219701e-14,6.645043024e-14,1.108907847e-13,3.452638258e-14,2.261279875e-14,1.656088856e-13,2.790035449e-13,6.149827731e-13,2.721884336e-13,2.259762843e-13,6.108692107e-14,4.260923164e-13,1.534903453e-13,6.565028947e-14,3.589972462e-14,9.3337184e-14,5.507671701e-14,2.244277403e-13,1.828365942e-13,1.066962763e-13,6.448012726e-14,5.185268221e-14,1.226733873e-13,1.047384397e-13
9,3.851810738e-13,1.333712487e-13,2.100591179e-13,8.566347712e-14,2.145863709e-13,8.705549142e-14,9.298677472e-15,7.799656606e-14,7.884041811e-14,6.734317893e-14,1.104406425e-13,3.466161887e-14,2.249683354e-14,1.637888768e-13,2.740997377e-13,6.066663806e-13,2.671730925e-13,2.236498535e-13,6.18490552e-14,4.243088631e-13,1.513951447e-13,6.499750566e-14,3.50608068e-14,9.152862581e-14,5.497154908e-14,2.222555362e-13,1.821060831e-13,1.058897748e-13,6.439185857e-14,5.191855639e-14,1.220479519e-13,1.035560556e-13
9.0078125,3.759106034e-13,1.283211413e-13,2.090265553e-13,8.510290146e-14,2.111944124e-13,8.578083754e-14,8.989677349e-15,7.801119283e-14,7.871426692e-14,6.829300203e-14,1.100251361e-13,3.48014612e-14,2.242176301e-14,1.621543831e-13,2.690998815e-13,5.980813992e-13,2.620264787e-13,2.213916964e-13,6.256389584e-14,4.225811481e-13,1.492488274e-13,6.436206992e-14,3.424026553e-14,8.967743919e-14,5.487149415e-14,2.200662193e-13,1.813222801e-13,1.051765625e-13,6.440424517e-14,5.200394318e-14,1.215393261e-13,1.023630604e-13
9.015625,3.669274852e-13,1.234278706e-13,2.078574309e-13,8.459768333e-14,2.078311232e-13,8.451832062e-14,8.684635486e-15,7.796531839e-14,7.856665507e-14,6.922027538e-14,1.096430814e-13,3.487619521e-14,2.232374241e-14,1.605594062e-13,2.640837884e-13,5.893380329e-13,2.568936516e-13,2.190788233e-13,6.32972029e-14,4.210870882e-13,1.470291399e-13,6.375533798e-14,3.341071385e-14,8.785022247e-14,5.473211213e-14,2.177714203e-13,1.804889081e-13,1.04538975e-13,6.444160636e-14,5.209236794e-14,1.211209081e-13,1.011320888e-13
9.0234375,3.580697387e-13,1.186249439e-13,2.066664552e-13,8.412172175e-14,2.043875652e-13,8.329427225e-14,8.390431363e-15,7.784876704e-14,7.840894503e-14,7.017534743e-14,1.092502163e-13,3.49138872e-14,2.220144202e-14,1.58933323e-13,2.590434323e-13,5.804287016e-13,2.517787959e-13,2.166415553e-13,6.403276888e-14,4.194960465e-13,1.447268878e-13,6.315586064e-14,3.256750451e-14,8.605571501e-14,5.454504187e-14,2.153186089e-13,1.79675634e-13,1.039391954e-13,6.456997222e-14,5.217853376e-14,1.208006167e-13,9.982394657e-14
9.03125,3.492665926e-13,1.138596838e-13,2.056419541e-13,8.357765938e-14,2.009883145e-13,8.204926772e-14,8.118843999e-15,7.767748671e-14,7.825845085e-14,7.116291709e-14,1.088657482e-13,3.498263727e-14,2.210685024e-14,1.573171226e-13,2.539068554e-13,5.712490837e-13,2.465616301e-13,2.141475912e-13,6.471054427e-14,4.178331883e-13,1.424140598e-13,6.255789611e-14,3.172632476e-14,8.429541937e-14,5.432620906e-14,2.127553511e-13,1.788110171e-13,1.032877739e-13,6.479965643e-14,5.228130263e-14,1.205794074e-13,9.843362705e-14
9.0390625,3.408187674e-13,1.092452502e-13,2.045649968e-13,8.302507462e-14,1.977395135e-13,8.078170346e-14,7.862088562e-15,7.75161663e-14,7.814925306e-14,7.217847056e-14,1.085540445e-13,3.506228742e-14,2.202246697e-14,1.557196398e-13,2.487580166e-13,5.619523524e-13,2.41250293e-13,2.117238918e-13,6.536660928e-14,4.16328773e-13,1.401163962e-13,6.199915291e-14,3.091190683e-14,8.2587888e-14,5.410925775e-14,2.102170101e-13,1.778433703e-13,1.026744907e-13,6.510467146e-14,5.236789199e-14,1.203937155e-13,9.703506132e-14
9.046875,3.327276878e-13,1.048295635e-13,2.034033824e-13,8.244772608e-14,1.947675551e-13,7.95313919e-14,7.617812901e-15,7.736643118e-14,7.806799882e-14,7.322034443e-14,1.083592294e-13,3.513841056e-14,2.195845771e-14,1.542673057e-13,2.437456526e-13,5.527560423e-13,2.360268116e-13,2.09595331e-13,6.606916628e-14,4.148338435e-13,1.377737643e-13,6.14747896e-14,3.012520812e-14,8.08696294e-14,5.394056244e-14,2.077130655e-13,1.769595805e-13,1.021472859e-13,6.559138583e-14,5.242493813e-14,1.202859282e-13,9.563715123e-14
9.0546875,3.247961332e-13,1.004704968e-13,2.024468994e-13,8.180486188e-14,1.921060966e-13,7.828730478e-14,7.400023991e-15,7.716258552e-14,7.796206688e-14,7.422586181e-14,1.08284743e-13,3.522036652e-14,2.195183023e-14,1.530142872e-13,2.388638756e-13,5.436067717e-13,2.31011628e-13,2.078296219e-13,6.682677412e-14,4.133260058e-13,1.353570357e-13,6.096252952e-14,2.933972784e-14,7.912439685e-14,5.380666248e-14,2.051218809e-13,1.762167344e-13,1.015531337e-13,6.627998225e-14,5.248798218e-14,1.203705909e-13,9.418668221e-14
9.0625,3.172003841e-13,9.617089395e-14,2.016209901e-13,8.117012829e-14,1.895791704e-13,7.707329574e-14,7.208528086e-15,7.690821334e-14,7.786994325e-14,7.520827448e-14,1.082832657e-13,3.529789169e-14,2.196815154e-14,1.518482654e-13,2.339841365e-13,5.34389594e-13,2.261081891e-13,2.061792742e-13,6.75950771e-14,4.119951371e-13,1.329174364e-13,6.048670357e-14,2.85599445e-14,7.747702075e-14,5.365660865e-14,2.024476277e-13,1.753882816e-13,1.009654077e-13,6.702777202e-14,5.256870781e-14,1.205893385e-13,9.270984426e-14
9.0703125,3.099017875e-13,9.201932263e-14,2.007483801e-13,8.058091367e-14,1.870965923e-13,7.589330769e-14,7.023424678e-15,7.661107565e-14,7.781854731e-14,7.61907673e-14,1.083034876e-13,3.540819115e-14,2.201304544e-14,1.508400283e-13,2.291350647e-13,5.252009626e-13,2.212185482e-13,2.045750629e-13,6.82961955e-14,4.10588679e-13,1.30544764e-13,6.00214465e-14,2.781471637e-14,7.595059852e-14,5.349292454e-14,1.997814324e-13,1.744492169e-13,1.005004232e-13,6.785566577e-14,5.265755766e-14,1.20848841e-13,9.122513978e-14
9.078125,3.024950282e-13,8.79717759e-14,1.999640835e-13,8.002883657e-14,1.847355672e-13,7.466108847e-14,6.846995671e-15,7.622507688e-14,7.772071649e-14,7.712919313e-14,1.083423056e-13,3.556565958e-14,2.213244332e-14,1.500542558e-13,2.244709319e-13,5.161428208e-13,2.163548955e-13,2.031617315e-13,6.891517928e-14,4.088458293e-13,1.282133564e-13,5.950686917e-14,2.709681499e-14,7.440592365e-14,5.33357135e-14,1.971010626e-13,1.735923207e-13,9.997317701e-14,6.88786161e-14,5.274461738e-14,1.211769836e-13,8.968341485e-14
9.0859375,2.950895341e-13,8.407835744e-14,1.992218333e-13,7.948338733e-14,1.825089807e-13,7.338263331e-14,6.694592739e-15,7.57758847e-14,7.757432704e-14,7.807866364e-14,1.083953153e-13,3.569185619e-14,2.227648228e-14,1.492276569e-13,2.198283011e-13,5.070134951e-13,2.114132593e-13,2.017838896e-13,6.954788332e-14,4.070615043e-13,1.257874384e-13,5.899257033e-14,2.638269371e-14,7.27988274e-14,5.315989751e-14,1.943519589e-13,1.727551066e-13,9.936506113e-14,7.001235095e-14,5.282151359e-14,1.215166783e-13,8.809472748e-14
9.09375,2.881324565e-13,8.040499144e-14,1.983034057e-13,7.887431234e-14,1.803601877e-13,7.214654502e-14,6.548032633e-15,7.531223378e-14,7.74444773e-14,7.905468266e-14,1.084264291e-13,3.576679422e-14,2.240413122e-14,1.482044602e-13,2.149348613e-13,4.976077991e-13,2.063187342e-13,2.002745777e-13,7.02667279e-14,4.054009148e-13,1.232949059e-13,5.853869866e-14,2.566893284e-14,7.121390338e-14,5.294489673e-14,1.915586562e-13,1.717804427e-13,9.880730133e-14,7.116658903e-14,5.288523626e-14,1.217744397e-13,8.649963407e-14
9.1015625,2.816075949e-13,7.680450074e-14,1.973473842e-13,7.826565174e-14,1.782836028e-13,7.09278311e-14,6.397174823e-15,7.481546366e-14,7.72744943e-14,7.995301543e-14,1.084501611e-13,3.585147327e-14,2.255743146e-14,1.471847816e-13,2.100420194e-13,4.8820447e-13,2.013116225e-13,1.988682077e-13,7.104228199e-14,4.036407475e-13,1.208762318e-13,5.809107896e-14,2.49596433e-14,6.96740405e-14,5.27218703e-14,1.887572483e-13,1.707944102e-13,9.819270576e-14,7.241529208e-14,5.292067954e-14,1.220504348e-13,8.488500805e-14
9.109375,2.75174455e-13,7.323817407e-14,1.96588421e-13,7.778140459e-14,1.763491024e-13,6.967710308e-14,6.272867091e-15,7.430051038e-14,7.70577455e-14,8.083308229e-14,1.085530066e-13,3.597601321e-14,2.274802504e-14,1.463468255e-13,2.054635641e-13,4.791004021e-13,1.965328439e-13,1.977437518e-13,7.179402631e-14,4.017754248e-13,1.185097688e-13,5.762199992e-14,2.427498647e-14,6.814457022e-14,5.25255071e-14,1.859473193e-13,1.699071727e-13,9.754273524e-14,7.379684768e-14,5.294083972e-14,1.224765409e-13,8.32423314e-14
9.1171875,2.687698437e-13,6.984823772e-14,1.959449725e-13,7.733349819e-14,1.746325155e-13,6.845009293e-14,6.172754303e-15,7.377824586e-14,7.690963239e-14,8.178577931e-14,1.087704206e-13,3.615131425e-14,2.297248212e-14,1.456804287e-13,2.009396784e-13,4.699971692e-13,1.917474105e-13,1.967823342e-13,7.246438864e-14,3.999596793e-13,1.161458222e-13,5.719731307e-14,2.364353828e-14,6.665165996e-14,5.234095923e-14,1.831341365e-13,1.689783561e-13,9.701532777e-14,7.528364426e-14,5.300325138e-14,1.230544935e-13,8.158579431e-14
9.125,2.627931887e-13,6.664880597e-14,1.952796066e-13,7.682285536e-14,1.731024638e-13,6.730218409e-14,6.05981593e-15,7.317705015e-14,7.681032608e-14,8.272659582e-14,1.090376751e-13,3.634806721e-14,2.323038731e-14,1.451050169e-13,1.962646309e-13,4.606322267e-13,1.86858802e-13,1.958757553e-13,7.309295144e-14,3.981888854e-13,1.138290443e-13,5.684584944e-14,2.304803419e-14,6.521237795e-14,5.21323925e-14,1.803547406e-13,1.679797301e-13,9.650320288e-14,7.687742792e-14,5.310591215e-14,1.237630759e-13,7.993440626e-14
9.1328125,2.574488003e-13,6.359630435e-14,1.946473487e-13,7.636833245e-14,1.716757651e-13,6.620041002e-14,5.942671929e-15,7.24800022e-14,7.664887092e-14,8.362353071e-14,1.093149543e-13,3.650887557e-14,2.348606284e-14,1.445650996e-13,1.916889558e-13,4.513128959e-13,1.820692678e-13,1.950283611e-13,7.374696681e-14,3.964318138e-13,1.115275467e-13,5.651735284e-14,2.244193551e-14,6.375966069e-14,5.189385214e-14,1.775921918e-13,1.670829151e-13,9.592363738e-14,7.855324383e-14,5.319199226e-14,1.24565338e-13,7.829022755e-14
9.140625,2.522411508e-13,6.06830398e-14,1.941178788e-13,7.601388083e-14,1.703183608e-13,6.506690553e-14,5.845372207e-15,7.174332217e-14,7.643712923e-14,8.448315031e-14,1.096503167e-13,3.667348848e-14,2.375490878e-14,1.440761993e-13,1.873138451e-13,4.422260746e-13,1.774477186e-13,1.943103522e-13,7.439486942e-14,3.945973109e-13,1.092033426e-13,5.616000669e-14,2.182247019e-14,6.229639841e-14,5.164089348e-14,1.747448138e-13,1.662779701e-13,9.534566409e-14,8.027731189e-14,5.326372949e-14,1.254041925e-13,7.65962349e-14
9.1484375,2.469144282e-13,5.788260653e-14,1.936237175e-13,7.562240283e-14,1.689841619e-13,6.390549687e-14,5.756815227e-15,7.099762703e-14,7.624112126e-14,8.527650138e-14,1.100823644e-13,3.688465476e-14,2.406132627e-14,1.436516804e-13,1.829958478e-13,4.331792984e-13,1.728861794e-13,1.937237066e-13,7.499843911e-14,3.925371451e-13,1.069162569e-13,5.579279088e-14,2.122294309e-14,6.091387561e-14,5.138148884e-14,1.718145358e-13,1.653784421e-13,9.478287476e-14,8.20593336e-14,5.33500058e-14,1.263081838e-13,7.484776411e-14
9.15625,2.419203796e-13,5.52250866e-14,1.930785717e-13,7.519180329e-14,1.676283847e-13,6.282353546e-14,5.672713116e-15,7.026524514e-14,7.60689466e-14,8.610024881e-14,1.105813069e-13,3.705693353e-14,2.432133347e-14,1.432502385e-13,1.787385371e-13,4.241666479e-13,1.683332508e-13,1.931059932e-13,7.559293559e-14,3.902804876e-13,1.046571069e-13,5.547453896e-14,2.065777208e-14,5.95640687e-14,5.111839072e-14,1.689349187e-13,1.643921371e-13,9.431571032e-14,8.387042533e-14,5.344103409e-14,1.273105205e-13,7.314459331e-14
9.1640625,2.373259266e-13,5.270996665e-14,1.924908608e-13,7.482154545e-14,1.662924759e-13,6.183735453e-14,5.603735987e-15,6.950815762e-14,7.587029204e-14,8.697791483e-14,1.110912806e-13,3.715371452e-14,2.451982063e-14,1.428341626e-13,1.74591833e-13,4.15326121e-13,1.638251805e-13,1.924465737e-13,7.617753034e-14,3.879265946e-13,1.023712817e-13,5.518760339e-14,2.012188908e-14,5.814211599e-14,5.085913484e-14,1.661299095e-13,1.635093552e-13,9.392876759e-14,8.564955319e-14,5.352559639e-14,1.283250328e-13,7.148403407e-14
9.171875,2.327674636e-13,5.02733754e-14,1.918871543e-13,7.44363233e-14,1.650689762e-13,6.083886342e-14,5.547713754e-15,6.86533331e-14,7.562097121e-14,8.776750829e-14,1.115777876e-13,3.726861001e-14,2.478389579e-14,1.424128587e-13,1.704960139e-13,4.06591429e-13,1.594321564e-13,1.919374195e-13,7.670488437e-14,3.855579841e-13,1.000984715e-13,5.487567978e-14,1.961411434e-14,5.674849462e-14,5.060934339e-14,1.633285658e-13,1.627570512e-13,9.344952707e-14,8.741376381e-14,5.360547978e-14,1.292929055e-13,6.977239377e-14
9.1796875,2.282929086e-13,4.796485445e-14,1.912586309e-13,7.395681545e-14,1.640253574e-13,5.97882224e-14,5.505235993e-15,6.777612754e-14,7.540192774e-14,8.850602996e-14,1.120596798e-13,3.744806021e-14,2.512842915e-14,1.420396523e-13,1.664062854e-13,3.978430532e-13,1.551356623e-13,1.915625686e-13,7.717315256e-14,3.832798384e-13,9.788162383e-14,5.456611539e-14,1.913413798e-14,5.549802207e-14,5.036124532e-14,1.605453231e-13,1.619606471e-13,9.297009222e-14,8.923910807e-14,5.369628622e-14,1.302861018e-13,6.80383381e-14
9.1875,2.240212849e-13,4.581266765e-14,1.905893136e-13,7.349520977e-14,1.631175014e-13,5.872082197e-14,5.480493483e-15,6.695141283e-14,7.522702957e-14,8.929766406e-14,1.125792249e-13,3.764754458e-14,2.545298689e-14,1.417179537e-13,1.623675674e-13,3.890815896e-13,1.5082433e-13,1.912290861e-13,7.764071358e-14,3.809521098e-13,9.570462256e-14,5.428898367e-14,1.868016534e-14,5.427875781e-14,5.010617619e-14,1.578101142e-13,1.610799906e-13,9.258819991e-14,9.116926532e-14,5.382455608e-14,1.313296508e-13,6.63358301e-14
9.1953125,2.199267708e-13,4.376635716e-14,1.898621025e-13,7.312965078e-14,1.622200335e-13,5.768002533e-14,5.467697739e-15,6.606020469e-14,7.497528945e-14,9.004395802e-14,1.131401107e-13,3.781738763e-14,2.57541468e-14,1.41391944e-13,1.584710893e-13,3.804153958e-13,1.465288452e-13,1.910241504e-13,7.816384619e-14,3.783720203e-13,9.353276894e-14,5.400843466e-14,1.825692248e-14,5.299177809e-14,4.985435352e-14,1.550995667e-13,1.603010552e-13,9.212277771e-14,9.320109159e-14,5.396864704e-14,1.323452769e-13,6.462656921e-14
9.203125,2.16198066e-13,4.188901817e-14,1.891175594e-13,7.283169297e-14,1.613188863e-13,5.672463274e-14,5.45951729e-15,6.506691368e-14,7.467329104e-14,9.067580069e-14,1.137404543e-13,3.794511015e-14,2.60700199e-14,1.41103158e-13,1.547160555e-13,3.71972979e-13,1.423815967e-13,1.908821185e-13,7.868452047e-14,3.757231472e-13,9.133902236e-14,5.372510937e-14,1.78616376e-14,5.172433675e-14,4.960971732e-14,1.523982975e-13,1.596849983e-13,9.162086369e-14,9.53050732e-14,5.408480336e-14,1.333525607e-13,6.292011574e-14
9.2109375,2.128397984e-13,4.015846482e-14,1.884517371e-13,7.259419755e-14,1.605023812e-13,5.584192704e-14,5.449455556e-15,6.410944056e-14,7.444245137e-14,9.124971624e-14,1.14392658e-13,3.807628179e-14,2.638974383e-14,1.409048358e-13,1.510337403e-13,3.637620244e-13,1.383823278e-13,1.906599316e-13,7.910337531e-14,3.730744085e-13,8.916224663e-14,5.346399196e-14,1.747746136e-14,5.05427774e-14,4.935490663e-14,1.496963875e-13,1.590697979e-13,9.124715985e-14,9.743431695e-14,5.420004698e-14,1.344735035e-13,6.127312483e-14
9.21875,2.095565409e-13,3.848010474e-14,1.878960916e-13,7.237517665e-14,1.598298422e-13,5.495227079e-14,5.448848933e-15,6.318339224e-14,7.421074646e-14,9.180171013e-14,1.150700623e-13,3.825897284e-14,2.67451618e-14,1.407521913e-13,1.475124727e-13,3.557891557e-13,1.345208855e-13,1.905825406e-13,7.949936978e-14,3.701537651e-13,8.703428706e-14,5.321077966e-14,1.711707757e-14,4.940573364e-14,4.909758559e-14,1.47015274e-13,1.584193813e-13,9.086441749e-14,9.958304941e-14,5.434986217e-14,1.357099879e-13,5.966050279e-14
9.2265625,2.063354554e-13,3.703249101e-14,1.874484956e-13,7.21556847e-14,1.593434731e-13,5.404271583e-14,5.488241969e-15,6.218480096e-14,7.390536967e-14,9.236089956e-14,1.157697681e-13,3.847688047e-14,2.718236465e-14,1.40728214e-13,1.442607559e-13,3.48124029e-13,1.308578309e-13,1.908709198e-13,7.999170079e-14,3.670977845e-13,8.489098943e-14,5.29747031e-14,1.682396957e-14,4.829363723e-14,4.886528709e-14,1.444069454e-13,1.578461253e-13,9.042096613e-14,1.018130297e-13,5.450093081e-14,1.369590106e-13,5.802230085e-14
9.234375,2.034282608e-13,3.589730625e-14,1.871095054e-13,7.200328177e-14,1.590142313e-13,5.316899958e-14,5.561400082e-15,6.115539296e-14,7.362183001e-14,9.291826949e-14,1.16556303e-13,3.870509796e-14,2.766254232e-14,1.40963929e-13,1.411582386e-13,3.406172343e-13,1.273215102e-13,1.913296115e-13,8.050490411e-14,3.641756065e-13,8.273347912e-14,5.278369896e-14,1.659409436e-14,4.722225446e-14,4.864724555e-14,1.418520028e-13,1.573031282e-13,9.005683138e-14,1.041258572e-13,5.464427665e-14,1.382241182e-13,5.636857874e-14
9.2421875,2.009967545e-13,3.481693601e-14,1.867758925e-13,7.186635665e-14,1.587359824e-13,5.239869765e-14,5.632265602e-15,6.016752417e-14,7.338777423e-14,9.341955445e-14,1.174192684e-13,3.895084121e-14,2.814358338e-14,1.413159427e-13,1.380994226e-13,3.330728519e-13,1.237863108e-13,1.917884575e-13,8.09501208e-14,3.61092898e-13,8.065263636e-14,5.262646146e-14,1.637816293e-14,4.618739886e-14,4.841783367e-14,1.393175992e-13,1.566823909e-13,8.97676893e-14,1.064248162e-13,5.482485504e-14,1.395934205e-13,5.47657526e-14
9.25,1.98907656e-13,3.379496688e-14,1.863642682e-13,7.168713876e-14,1.584867746e-13,5.170712059e-14,5.702332948e-15,5.919078873e-14,7.31392811e-14,9.385123758e-14,1.182832206e-13,3.921438524e-14,2.864349837e-14,1.415978e-13,1.351760582e-13,3.257065682e-13,1.202935974e-13,1.923194232e-13,8.134568923e-14,3.577499981e-13,7.864314133e-14,5.247913644e-14,1.616909998e-14,4.519657258e-14,4.817894267e-14,1.368503304e-13,1.560541877e-13,8.94735633e-14,1.086876387e-13,5.503645701e-14,1.410397462e-13,5.322450687e-14
9.2578125,1.967946582e-13,3.303423752e-14,1.859641096e-13,7.161647416e-14,1.582890371e-13,5.094638581e-14,5.788121909e-15,5.818837544e-14,7.286917025e-14,9.419625003e-14,1.191568748e-13,3.949434258e-14,2.916550454e-14,1.418412625e-13,1.324597861e-13,3.188099356e-13,1.169363427e-13,1.929336557e-13,8.167682029e-14,3.545195967e-13,7.665743231e-14,5.231256326e-14,1.599308019e-14,4.426811599e-14,4.793803426e-14,1.344680461e-13,1.555296926e-13,8.909494e-14,1.109914901e-13,5.523376607e-14,1.424352758e-13,5.167575938e-14
9.265625,1.946893489e-13,3.243172321e-14,1.856366939e-13,7.168173861e-14,1.581780668e-13,5.013378358e-14,5.885073956e-15,5.717336643e-14,7.259607381e-14,9.447846957e-14,1.200537662e-13,3.980964876e-14,2.971323688e-14,1.421262453e-13,1.299275927e-13,3.122874674e-13,1.137324815e-13,1.936595098e-13,8.19529652e-14,3.512948893e-13,7.469088675e-14,5.212399131e-14,1.585620449e-14,4.337909198e-14,4.771112031e-14,1.321337542e-13,1.551233824e-13,8.864716776e-14,1.133933718e-13,5.541229359e-14,1.437921179e-13,5.011738407e-14
9.2734375,1.929927701e-13,3.187490498e-14,1.853143227e-13,7.174649377e-14,1.582766899e-13,4.944820357e-14,5.996987659e-15,5.618254813e-14,7.234863316e-14,9.481141091e-14,1.209230042e-13,4.016188952e-14,3.031215078e-14,1.425122407e-13,1.275687226e-13,3.059981722e-13,1.106926566e-13,1.946223732e-13,8.225422001e-14,3.477753138e-13,7.272682215e-14,5.197600159e-14,1.576399604e-14,4.250837326e-14,4.752600857e-14,1.298419967e-13,1.548125775e-13,8.831301127e-14,1.158982004e-13,5.557094143e-14,1.45256556e-13,4.861487239e-14
9.28125,1.916388511e-13,3.140979355e-14,1.849431516e-13,7.190208568e-14,1.585257386e-13,4.881145277e-14,6.126406107e-15,5.523998447e-14,7.213457724e-14,9.518164677e-14,1.217641802e-13,4.05041557e-14,3.090159636e-14,1.429838696e-13,1.25414475e-13,3.000413229e-13,1.078271567e-13,1.956854365e-13,8.257196816e-14,3.442165233e-13,7.082076076e-14,5.187312287e-14,1.571820058e-14,4.168462065e-14,4.737365619e-14,1.275901229e-13,1.545573005e-13,8.803748392e-14,1.183965416e-13,5.56900878e-14,1.467845632e-13,4.714430317e-14
9.2890625,1.903778879e-13,3.101458345e-14,1.845285139e-13,7.224431693e-14,1.586630729e-13,4.807530999e-14,6.260990111e-15,5.431945954e-14,7.189201342e-14,9.546481544e-14,1.226117906e-13,4.079556313e-14,3.140242065e-14,1.433919563e-13,1.23475038e-13,2.944498403e-13,1.05133992e-13,1.965811971e-13,8.283998239e-14,3.407888083e-13,6.905173316e-14,5.173929432e-14,1.56999281e-14,4.09168205e-14,4.722409744e-14,1.253778367e-13,1.543163364e-13,8.76270205e-14,1.207565443e-13,5.579230149e-14,1.481822532e-13,4.566398261e-14
9.296875,1.894297325e-13,3.080715183e-14,1.841851178e-13,7.261932061e-14,1.587576071e-13,4.74090091e-14,6.404444697e-15,5.337115454e-14,7.161291399e-14,9.567494231e-14,1.235118583e-13,4.107682683e-14,3.189940666e-14,1.437508183e-13,1.216643892e-13,2.890790931e-13,1.026538103e-13,1.97485316e-13,8.307758785e-14,3.373234009e-13,6.731544959e-14,5.160330861e-14,1.571449229e-14,4.016979593e-14,4.708010176e-14,1.232325672e-13,1.540745915e-13,8.729310099e-14,1.231080616e-13,5.592252011e-14,1.495298734e-13,4.421537055e-14
9.3046875,1.889221615e-13,3.094875825e-14,1.840488426e-13,7.29789986e-14,1.590888924e-13,4.692247e-14,6.562259395e-15,5.23727366e-14,7.135329174e-14,9.58612258e-14,1.245754685e-13,4.140727156e-14,3.249003726e-14,1.442626272e-13,1.199609256e-13,2.83925763e-13,1.004500247e-13,1.987444255e-13,8.334126573e-14,3.339155313e-13,6.550563504e-14,5.154419578e-14,1.578041718e-14,3.943601948e-14,4.694595724e-14,1.211331431e-13,1.538612937e-13,8.719276994e-14,1.256561265e-13,5.608150289e-14,1.510736802e-13,4.280050997e-14
9.3125,1.885791476e-13,3.125738237e-14,1.839993834e-13,7.339464613e-14,1.595811333e-13,4.645760761e-14,6.729783949e-15,5.134326281e-14,7.109494788e-14,9.598923795e-14,1.257931301e-13,4.17587683e-14,3.310027732e-14,1.449190416e-13,1.185284692e-13,2.79204249e-13,9.852437072e-14,2.002025895e-13,8.362932402e-14,3.306547668e-13,6.372219511e-14,5.150352424e-14,1.587518372e-14,3.874364423e-14,4.68100297e-14,1.190379195e-13,1.53790313e-13,8.705133414e-14,1.282919325e-13,5.624732892e-14,1.527673022e-13,4.138597137e-14
9.3203125,1.882941078e-13,3.158356874e-14,1.838537145e-13,7.384224212e-14,1.600511131e-13,4.597812556e-14,6.918476526e-15,5.03381076e-14,7.081750399e-14,9.608917394e-14,1.269828132e-13,4.209655846e-14,3.367232092e-14,1.455582422e-13,1.173965332e-13,2.75000451e-13,9.680684001e-14,2.015371408e-13,8.388248283e-14,3.273036455e-13,6.204897723e-14,5.141145166e-14,1.598298096e-14,3.81103384e-14,4.668702095e-14,1.169947873e-13,1.539241874e-13,8.682336588e-14,1.308344215e-13,5.641455888e-14,1.544193219e-13,4.001181195e-14
9.328125,1.882728997e-13,3.208466665e-14,1.83699403e-13,7.438245111e-14,1.60552173e-13,4.556876182e-14,7.133498481e-15,4.938820974e-14,7.054915187e-14,9.620546082e-14,1.281286571e-13,4.245799021e-14,3.426028592e-14,1.461389229e-13,1.164130688e-13,2.711557648e-13,9.526128384e-14,2.028777221e-13,8.408410581e-14,3.237823124e-13,6.045498688e-14,5.132058161e-14,1.613210726e-14,3.752093007e-14,4.659977863e-14,1.150785229e-13,1.54138923e-13,8.67193806e-14,1.333416022e-13,5.657662429e-14,1.56029188e-13,3.870676624e-14
9.3359375,1.886714975e-13,3.277699137e-14,1.835765078e-13,7.507330548e-14,1.610914601e-13,4.521063247e-14,7.364554046e-15,4.845089194e-14,7.025465186e-14,9.62739758e-14,1.293384216e-13,4.282387821e-14,3.484848631e-14,1.466574827e-13,1.156189029e-13,2.675667655e-13,9.392941601e-14,2.044128931e-13,8.430550346e-14,3.20245896e-13,5.892879301e-14,5.126568396e-14,1.633420034e-14,3.693956943e-14,4.653980478e-14,1.132806478e-13,1.54344531e-13,8.666238943e-14,1.358915055e-13,5.671469808e-14,1.576133733e-13,3.744227647e-14
9.34375,1.894040968e-13,3.352909138e-14,1.833494027e-13,7.57954491e-14,1.616133559e-13,4.488366687e-14,7.616280247e-15,4.750808605e-14,6.991345156e-14,9.62562668e-14,1.305292073e-13,4.31146407e-14,3.538104383e-14,1.471644817e-13,1.151099713e-13,2.642839833e-13,9.281783548e-14,2.059752649e-13,8.457037182e-14,3.167699402e-13,5.74567991e-14,5.121464956e-14,1.657625624e-14,3.636386069e-14,4.649043595e-14,1.115271447e-13,1.546024943e-13,8.655671393e-14,1.384300729e-13,5.683749418e-14,1.591271249e-13,3.621952419e-14
9.3515625,1.903289282e-13,3.441271354e-14,1.831444962e-13,7.656476825e-14,1.621982482e-13,4.460652229e-14,7.883619878e-15,4.663798867e-14,6.959974393e-14,9.620153378e-14,1.316566224e-13,4.337071328e-14,3.590699716e-14,1.478234394e-13,1.147798795e-13,2.613520103e-13,9.189230836e-14,2.075036563e-13,8.482389602e-14,3.132810653e-13,5.601970467e-14,5.117195336e-14,1.686138037e-14,3.582119953e-14,4.644817885e-14,1.09778012e-13,1.549274692e-13,8.653372774e-14,1.409145399e-13,5.700084362e-14,1.606991099e-13,3.505215794e-14
9.359375,1.91495325e-13,3.553496722e-14,1.832093048e-13,7.748537722e-14,1.628374667e-13,4.440220204e-14,8.155901352e-15,4.586968796e-14,6.932364859e-14,9.614688609e-14,1.328709308e-13,4.369356996e-14,3.646633331e-14,1.486476181e-13,1.146060134e-13,2.588030142e-13,9.119420284e-14,2.091753141e-13,8.505224064e-14,3.09585917e-13,5.463542396e-14,5.115292116e-14,1.718884438e-14,3.531331022e-14,4.641598963e-14,1.080949109e-13,1.553053128e-13,8.662140528e-14,1.434149514e-13,5.722471048e-14,1.62481707e-13,3.392790512e-14
9.3671875,1.929349931e-13,3.68469782e-14,1.834542861e-13,7.840965556e-14,1.634054842e-13,4.430579984e-14,8.462780141e-15,4.509896733e-14,6.902277685e-14,9.611078319e-14,1.341465616e-13,4.406779e-14,3.700289861e-14,1.49495701e-13,1.146990246e-13,2.566427954e-13,9.076471522e-14,2.109387118e-13,8.52529788e-14,3.056928122e-13,5.328585701e-14,5.113243894e-14,1.754178739e-14,3.48539522e-14,4.639634686e-14,1.065290791e-13,1.557686816e-13,8.675098616e-14,1.460373141e-13,5.743896978e-14,1.643685353e-13,3.283656769e-14
9.375,1.945486449e-13,3.828764807e-14,1.837145631e-13,7.925166905e-14,1.6395564e-13,4.425325172e-14,8.820714383e-15,4.428026422e-14,6.871503829e-14,9.609361954e-14,1.353489197e-13,4.443876153e-14,3.749378034e-14,1.50410674e-13,1.15060615e-13,2.548094967e-13,9.056691121e-14,2.126511643e-13,8.542432274e-14,3.018995304e-13,5.196317521e-14,5.110869273e-14,1.79171398e-14,3.447355738e-14,4.638352109e-14,1.050121621e-13,1.562755456e-13,8.694045144e-14,1.487275136e-13,5.760460425e-14,1.662422411e-13,3.176808076e-14
9.3828125,1.964196345e-13,3.985151233e-14,1.840496068e-13,8.021411771e-14,1.645863964e-13,4.416695943e-14,9.193829822e-15,4.352192602e-14,6.843597296e-14,9.604669004e-14,1.366068215e-13,4.481621123e-14,3.798043429e-14,1.515111327e-13,1.156942195e-13,2.533383044e-13,9.059840298e-14,2.143905088e-13,8.563350278e-14,2.982191327e-13,5.0739344e-14,5.110459873e-14,1.832588666e-14,3.413893493e-14,4.63745043e-14,1.035223303e-13,1.568228406e-13,8.718512907e-14,1.513385743e-13,5.779112452e-14,1.681803935e-13,3.073887029e-14
9.390625,1.986703723e-13,4.156266753e-14,1.844886209e-13,8.139488229e-14,1.652475469e-13,4.412573057e-14,9.568760942e-15,4.287701919e-14,6.814123382e-14,9.595422799e-14,1.380450837e-13,4.520824346e-14,3.847937824e-14,1.526667012e-13,1.166390856e-13,2.523555379e-13,9.088013395e-14,2.161605575e-13,8.589639846e-14,2.944431664e-13,4.96253165e-14,5.109847184e-14,1.878224895e-14,3.381595442e-14,4.638185681e-14,1.021580748e-13,1.575303277e-13,8.74647108e-14,1.539043289e-13,5.804850017e-14,1.701550985e-13,2.98043547e-14
9.3984375,2.01203789e-13,4.345216127e-14,1.84945577e-13,8.269601099e-14,1.659538543e-13,4.417610871e-14,9.970088756e-15,4.226542065e-14,6.781501007e-14,9.586546475e-14,1.395192329e-13,4.560537423e-14,3.898745968e-14,1.53744485e-13,1.178359648e-13,2.518452614e-13,9.141300978e-14,2.178841493e-13,8.614602609e-14,2.906594514e-13,4.855627697e-14,5.107201345e-14,1.93053074e-14,3.353517078e-14,4.642056151e-14,1.009151685e-13,1.583406343e-13,8.784643806e-14,1.565050579e-13,5.833981303e-14,1.719975872e-13,2.89632459e-14
9.40625,2.04013559e-13,4.549526671e-14,1.854041786e-13,8.405113843e-14,1.667742396e-13,4.427065996e-14,1.040167532e-14,4.165772502e-14,6.750852651e-14,9.577422536e-14,1.409420489e-13,4.601253001e-14,3.950365497e-14,1.548935352e-13,1.192533853e-13,2.516956692e-13,9.225532933e-14,2.196913505e-13,8.639734004e-14,2.868901645e-13,4.753185395e-14,5.106832972e-14,1.989639026e-14,3.329195937e-14,4.650043206e-14,9.970116016e-14,1.590651443e-13,8.835777737e-14,1.590710772e-13,5.862998071e-14,1.737575653e-13,2.81526302e-14
9.4140625,2.071622222e-13,4.764804495e-14,1.858810863e-13,8.544382355e-14,1.676280436e-13,4.446343685e-14,1.084500702e-14,4.110758154e-14,6.721492605e-14,9.563113077e-14,1.423741848e-13,4.642991847e-14,4.001190248e-14,1.561991186e-13,1.20906959e-13,2.518689282e-13,9.340515287e-14,2.216615624e-13,8.668712792e-14,2.829399448e-13,4.65691787e-14,5.109900807e-14,2.05287561e-14,3.305961998e-14,4.661445018e-14,9.855296308e-14,1.597718978e-13,8.892062102e-14,1.616179813e-13,5.89177541e-14,1.756173505e-13,2.736744569e-14
9.421875,2.104973058e-13,4.994416884e-14,1.863662588e-13,8.689931412e-14,1.684414496e-13,4.477912678e-14,1.128974997e-14,4.063131919e-14,6.688418349e-14,9.545341278e-14,1.437702163e-13,4.686216538e-14,4.05083831e-14,1.575128773e-13,1.227514276e-13,2.523791805e-13,9.475192235e-14,2.23680854e-13,8.696844889e-14,2.789464519e-13,4.564146249e-14,5.111079852e-14,2.118383511e-14,3.287941019e-14,4.672877392e-14,9.751448685e-14,1.606167595e-13,8.952541843e-14,1.642538157e-13,5.920915089e-14,1.77588413e-13,2.664544161e-14
9.4296875,2.140011344e-13,5.245876381e-14,1.869190894e-13,8.843846385e-14,1.692536881e-13,4.512974129e-14,1.174703553e-14,4.021635083e-14,6.654960258e-14,9.525423289e-14,1.450669234e-13,4.731110661e-14,4.0989943e-14,1.588582619e-13,1.248233933e-13,2.532866237e-13,9.636554078e-14,2.25714277e-13,8.722934003e-14,2.751935198e-13,4.474597575e-14,5.110437586e-14,2.186595793e-14,3.278599483e-14,4.683066239e-14,9.649780784e-14,1.615120499e-13,9.025722059e-14,1.669031249e-13,5.95145314e-14,1.796351997e-13,2.597254724e-14
9.4375,2.179387821e-13,5.517266211e-14,1.876300421e-13,9.002725983e-14,1.700891788e-13,4.555842987e-14,1.22335437e-14,3.9860445e-14,6.626898392e-14,9.501681264e-14,1.463603831e-13,4.77521408e-14,4.142185801e-14,1.604049494e-13,1.272356333e-13,2.547081821e-13,9.844044381e-14,2.277714727e-13,8.751240341e-14,2.716577678e-13,4.389365068e-14,5.113070403e-14,2.257908207e-14,3.276469467e-14,4.695276776e-14,9.54914067e-14,1.623623351e-13,9.110920316e-14,1.694605066e-13,5.98374789e-14,1.817778165e-13,2.532657095e-14
9.4453125,2.223010193e-13,5.796881204e-14,1.885183099e-13,9.171421943e-14,1.709507784e-13,4.615948547e-14,1.274572238e-14,3.955472345e-14,6.600909536e-14,9.480758888e-14,1.477676038e-13,4.819144878e-14,4.18093843e-14,1.620376101e-13,1.299803891e-13,2.567274622e-13,1.00954982e-13,2.298656233e-13,8.781239513e-14,2.681808955e-13,4.308456704e-14,5.117519437e-14,2.332756917e-14,3.279911836e-14,4.711302497e-14,9.460571208e-14,1.632904493e-13,9.20270651e-14,1.720170817e-13,6.019610674e-14,1.839957006e-13,2.473738868e-14
9.453125,2.267642068e-13,6.081721118e-14,1.895613816e-13,9.3560344e-14,1.717701533e-13,4.685566278e-14,1.327655622e-14,3.929698792e-14,6.572790802e-14,9.465485477e-14,1.492705407e-13,4.865691466e-14,4.218991344e-14,1.635743866e-13,1.329934962e-13,2.593201201e-13,1.037981004e-13,2.320860281e-13,8.807240377e-14,2.646204069e-13,4.234485719e-14,5.119328013e-14,2.412157598e-14,3.285273152e-14,4.729454381e-14,9.38505489e-14,1.643935117e-13,9.30748583e-14,1.746323955e-13,6.062380231e-14,1.863012733e-13,2.422256775e-14
9.4609375,2.313751825e-13,6.384615048e-14,1.906626075e-13,9.547216753e-14,1.724935224e-13,4.75882745e-14,1.383007547e-14,3.908496978e-14,6.54615562e-14,9.443529466e-14,1.507434906e-13,4.911870095e-14,4.253218169e-14,1.65184975e-13,1.362583731e-13,2.623735122e-13,1.069520244e-13,2.343907356e-13,8.826535389e-14,2.610186957e-13,4.16846001e-14,5.120285964e-14,2.4954738e-14,3.290273322e-14,4.748221418e-14,9.314013391e-14,1.655622519e-13,9.428596528e-14,1.771841494e-13,6.107774749e-14,1.886832113e-13,2.375201629e-14
9.46875,2.365642729e-13,6.712374558e-14,1.916615677e-13,9.740749846e-14,1.733564297e-13,4.844210214e-14,1.440677996e-14,3.890944524e-14,6.524402702e-14,9.411950186e-14,1.520993171e-13,4.955566238e-14,4.282427278e-14,1.670909483e-13,1.397818564e-13,2.658327688e-13,1.10383728e-13,2.367030704e-13,8.849581067e-14,2.576492395e-13,4.106294873e-14,5.124609451e-14,2.580987677e-14,3.298794522e-14,4.767259432e-14,9.244000589e-14,1.666736815e-13,9.555500455e-14,1.796182972e-13,6.147815122e-14,1.909783079e-13,2.33151016e-14
9.4765625,2.422973122e-13,7.054508497e-14,1.925961956e-13,9.94269009e-14,1.745155528e-13,4.944860532e-14,1.501215529e-14,3.879066107e-14,6.505039714e-14,9.381691828e-14,1.53399588e-13,5.00014794e-14,4.31301454e-14,1.691985035e-13,1.435950894e-13,2.69761415e-13,1.140933937e-13,2.391213758e-13,8.887258907e-14,2.544974698e-13,4.045756539e-14,5.132139297e-14,2.668735733e-14,3.312310979e-14,4.787860176e-14,9.176691767e-14,1.677787404e-13,9.685519159e-14,1.82044021e-13,6.1868679e-14,1.931551339e-13,2.29358125e-14
9.484375,2.481271048e-13,7.403051764e-14,1.93685233e-13,1.015070182e-13,1.756502123e-13,5.052339587e-14,1.564593249e-14,3.874677095e-14,6.485602412e-14,9.352172223e-14,1.547316875e-13,5.044943737e-14,4.341988622e-14,1.713491201e-13,1.477011692e-13,2.741675084e-13,1.181314911e-13,2.415823018e-13,8.928505798e-14,2.513249852e-13,3.989669631e-14,5.139630892e-14,2.759413495e-14,3.32834766e-14,4.811207925e-14,9.11649933e-14,1.690014312e-13,9.827309643e-14,1.844711832e-13,6.233388483e-14,1.954034356e-13,2.261413789e-14
9.4921875,2.541486152e-13,7.765614191e-14,1.949444147e-13,1.036786308e-13,1.765689905e-13,5.161953483e-14,1.629287164e-14,3.875987332e-14,6.467754904e-14,9.319365967e-14,1.560760172e-13,5.087176696e-14,4.361112807e-14,1.735656988e-13,1.520688366e-13,2.790088622e-13,1.224944034e-13,2.439322506e-13,8.963193757e-14,2.48215835e-13,3.940813545e-14,5.146247857e-14,2.852730551e-14,3.347799594e-14,4.83518364e-14,9.067411635e-14,1.703757038e-13,9.98449135e-14,1.868054818e-13,6.283160665e-14,1.977434795e-13,2.232438877e-14
9.5,2.606869803e-13,8.150948875e-14,1.962358569e-13,1.059845967e-13,1.774812341e-13,5.280211828e-14,1.696774907e-14,3.881965352e-14,6.453119054e-14,9.289618415e-14,1.5741351e-13,5.128749808e-14,4.377210447e-14,1.758333092e-13,1.566549683e-13,2.843198318e-13,1.272510321e-13,2.463571916e-13,9.004444379e-14,2.452130467e-13,3.897248186e-14,5.153624649e-14,2.948436205e-14,3.371156859e-14,4.859263991e-14,9.025971407e-14,1.718379999e-13,1.015674442e-13,1.891304908e-13,6.330950157e-14,2.00031319e-13,2.206135653e-14
9.5078125,2.674703639e-13,8.553565859e-14,1.97573551e-13,1.082446984e-13,1.784287688e-13,5.411733048e-14,1.768397329e-14,3.892075529e-14,6.438845807e-14,9.260730455e-14,1.58777079e-13,5.171107156e-14,4.399248294e-14,1.780177311e-13,1.613445826e-13,2.900581797e-13,1.324709922e-13,2.49002132e-13,9.056820092e-14,2.421035537e-13,3.854418441e-14,5.160188264e-14,3.046080407e-14,3.396284904e-14,4.886993656e-14,8.987244452e-14,1.732734463e-13,1.034002363e-13,1.915709603e-13,6.38140042e-14,2.022790826e-13,2.18441423e-14
9.515625,2.743950493e-13,8.962352051e-14,1.990413831e-13,1.10425293e-13,1.793643693e-13,5.552442804e-14,1.840207427e-14,3.907578896e-14,6.423066744e-14,9.223830342e-14,1.601682203e-13,5.215934152e-14,4.421181472e-14,1.802352062e-13,1.661696491e-13,2.961567545e-13,1.380248731e-13,2.517234055e-13,9.109831534e-14,2.389590552e-13,3.813318002e-14,5.164985126e-14,3.144670683e-14,3.424156935e-14,4.917987632e-14,8.953694752e-14,1.746127117e-13,1.053007485e-13,1.940259107e-13,6.437064081e-14,2.046144367e-13,2.168686553e-14
9.5234375,2.818936565e-13,9.377983775e-14,2.006966886e-13,1.128149122e-13,1.804163912e-13,5.706860358e-14,1.911844436e-14,3.935396364e-14,6.410243275e-14,9.182955164e-14,1.615882355e-13,5.265550009e-14,4.435200446e-14,1.828215831e-13,1.714487857e-13,3.027783801e-13,1.438855381e-13,2.545030774e-13,9.166239271e-14,2.359756316e-13,3.780480554e-14,5.173962909e-14,3.244877437e-14,3.456763332e-14,4.949119844e-14,8.928937608e-14,1.759819487e-13,1.073639643e-13,1.964030679e-13,6.496082485e-14,2.071141409e-13,2.158242373e-14
9.53125,2.898136985e-13,9.808334676e-14,2.025802383e-13,1.154572176e-13,1.815307453e-13,5.883529787e-14,1.988340353e-14,3.976476244e-14,6.402802589e-14,9.143467512e-14,1.630587705e-13,5.315541481e-14,4.442974553e-14,1.857399879e-13,1.772680523e-13,3.100436685e-13,1.50220391e-13,2.573679382e-13,9.227405616e-14,2.331405426e-13,3.756697979e-14,5.189012624e-14,3.349237501e-14,3.494780371e-14,4.98256744e-14,8.912276285e-14,1.775942456e-13,1.096330978e-13,1.98792164e-13,6.559438266e-14,2.097659978e-13,2.151651135e-14
9.5390625,2.97720634e-13,1.025887156e-13,2.045992884e-13,1.180885014e-13,1.825453533e-13,6.070044768e-14,2.069175036e-14,4.02118989e-14,6.396478056e-14,9.103843749e-14,1.645662822e-13,5.36371748e-14,4.450040942e-14,1.88660001e-13,1.833199384e-13,3.178040615e-13,1.570227886e-13,2.602559402e-13,9.284434598e-14,2.30487086e-13,3.735974292e-14,5.202383128e-14,3.458001505e-14,3.540578725e-14,5.02042784e-14,8.900675788e-14,1.794171132e-13,1.119622818e-13,2.012555281e-13,6.626147495e-14,2.124807339e-13,2.148658033e-14
9.546875,3.059962039e-13,1.073652257e-13,2.066601804e-13,1.206126633e-13,1.8354096e-13,6.256241016e-14,2.151479193e-14,4.066815437e-14,6.390756385e-14,9.068161972e-14,1.660884575e-13,5.416800077e-14,4.459384637e-14,1.916121956e-13,1.895140004e-13,3.259918696e-13,1.64220819e-13,2.632701366e-13,9.345471446e-14,2.279442323e-13,3.717151977e-14,5.211970246e-14,3.567417434e-14,3.594128181e-14,5.060141396e-14,8.89081613e-14,1.812020303e-13,1.143895184e-13,2.037573157e-13,6.693324577e-14,2.151833802e-13,2.149689596e-14
9.5546875,3.149194305e-13,1.123490419e-13,2.088352092e-13,1.231314831e-13,1.845988101e-13,6.457855778e-14,2.236210386e-14,4.117709683e-14,6.389962951e-14,9.03823894e-14,1.676000101e-13,5.473567898e-14,4.468772069e-14,1.947931821e-13,1.959918944e-13,3.346538895e-13,1.718203321e-13,2.664305525e-13,9.418060122e-14,2.25297931e-13,3.704834499e-14,5.223172828e-14,3.675405862e-14,3.650796502e-14,5.100668366e-14,8.885124052e-14,1.828918911e-13,1.170830225e-13,2.062365266e-13,6.762755168e-14,2.178430253e-13,2.155575163e-14
9.5625,3.240111867e-13,1.172862046e-13,2.111508008e-13,1.257561352e-13,1.856571847e-13,6.679603048e-14,2.321714359e-14,4.172780606e-14,6.392765499e-14,9.004520393e-14,1.690803169e-13,5.526262689e-14,4.476069144e-14,1.980668234e-13,2.026789293e-13,3.437146039e-13,1.797071711e-13,2.69594901e-13,9.486952965e-14,2.22667523e-13,3.699942513e-14,5.236260867e-14,3.784639361e-14,3.710341741e-14,5.142356847e-14,8.889630502e-14,1.846768491e-13,1.198820068e-13,2.086809535e-13,6.834741676e-14,2.204734168e-13,2.166937002e-14
9.5703125,3.332770908e-13,1.221646712e-13,2.135394898e-13,1.284732859e-13,1.867159747e-13,6.90798824e-14,2.405852658e-14,4.233542226e-14,6.395966422e-14,8.9626059e-14,1.705713758e-13,5.578146739e-14,4.483780728e-14,2.013643393e-13,2.09500215e-13,3.531633937e-13,1.879041172e-13,2.72923935e-13,9.551814836e-14,2.202123417e-13,3.698788897e-14,5.250539665e-14,3.89631058e-14,3.777191929e-14,5.18528858e-14,8.901394752e-14,1.866012713e-13,1.226285097e-13,2.111916165e-13,6.905287841e-14,2.231742759e-13,2.182314786e-14
9.578125,3.432150911e-13,1.272576963e-13,2.159521303e-13,1.311682742e-13,1.878309794e-13,7.148198302e-14,2.491949774e-14,4.305059925e-14,6.402526577e-14,8.919143252e-14,1.720494857e-13,5.633867477e-14,4.491696027e-14,2.049209976e-13,2.165786617e-13,3.630931002e-13,1.966229279e-13,2.765733502e-13,9.630880006e-14,2.177749097e-13,3.698935655e-14,5.269229887e-14,4.008796993e-14,3.848493909e-14,5.232310572e-14,8.913437568e-14,1.884815899e-13,1.25551129e-13,2.137774382e-13,6.97506935e-14,2.259659208e-13,2.20065259e-14
9.5859375,3.536023568e-13,1.325617894e-13,2.183502649e-13,1.339626631e-13,1.890219195e-13,7.410714972e-14,2.581695934e-14,4.383046384e-14,6.413079051e-14,8.878545534e-14,1.734094492e-13,5.69062186e-14,4.495586307e-14,2.087313002e-13,2.239379342e-13,3.734754639e-13,2.057703213e-13,2.803125611e-13,9.719189678e-14,2.153745218e-13,3.701377601e-14,5.290310463e-14,4.122849294e-14,3.91650177e-14,5.283501515e-14,8.927062997e-14,1.902810111e-13,1.287616231e-13,2.162777768e-13,7.04869847e-14,2.287369838e-13,2.223412324e-14
9.59375,3.64018431e-13,1.378930619e-13,2.208795238e-13,1.370116908e-13,1.902533066e-13,7.686982262e-14,2.673020113e-14,4.462187214e-14,6.422235478e-14,8.838676915e-14,1.747478007e-13,5.750172481e-14,4.496248528e-14,2.125678141e-13,2.315331655e-13,3.843357979e-13,2.15234208e-13,2.841178269e-13,9.803528324e-14,2.132000269e-13,3.709043502e-14,5.308685045e-14,4.237614266e-14,3.983966705e-14,5.33467631e-14,8.946266717e-14,1.921922984e-13,1.320697339e-13,2.187464102e-13,7.127575615e-14,2.315257926e-13,2.250603715e-14
9.6015625,3.747507644e-13,1.433648745e-13,2.237291023e-13,1.399996332e-13,1.914769255e-13,7.970155956e-14,2.765811054e-14,4.545597569e-14,6.431358298e-14,8.795682441e-14,1.762164501e-13,5.815610372e-14,4.498226166e-14,2.164929084e-13,2.394207814e-13,3.958252425e-13,2.252469201e-13,2.882237399e-13,9.892113374e-14,2.112155105e-13,3.723256879e-14,5.326392302e-14,4.349388721e-14,4.060898966e-14,5.387821296e-14,8.973065498e-14,1.94280064e-13,1.354294885e-13,2.21438999e-13,7.209586562e-14,2.34459076e-13,2.281970856e-14
9.609375,3.860282244e-13,1.490848685e-13,2.267154502e-13,1.42746717e-13,1.926852311e-13,8.264815831e-14,2.860041903e-14,4.635926066e-14,6.447561025e-14,8.749603646e-14,1.776798042e-13,5.88349902e-14,4.50147217e-14,2.206409004e-13,2.475737165e-13,4.078535896e-13,2.357994005e-13,2.925173369e-13,9.991309552e-14,2.093422663e-13,3.741695394e-14,5.347521769e-14,4.461672411e-14,4.147142515e-14,5.446833139e-14,9.007874725e-14,1.963746818e-13,1.389389363e-13,2.243231705e-13,7.291749763e-14,2.374871546e-13,2.31999308e-14
9.6171875,3.97565446e-13,1.54895647e-13,2.296683169e-13,1.456443028e-13,1.93839387e-13,8.576314085e-14,2.954943883e-14,4.733768126e-14,6.468751399e-14,8.705204567e-14,1.790492361e-13,5.95286755e-14,4.502189614e-14,2.248920007e-13,2.558672243e-13,4.201451604e-13,2.466407347e-13,2.968315571e-13,1.009426911e-13,2.075141485e-13,3.762045945e-14,5.370412408e-14,4.579104228e-14,4.234404237e-14,5.507876004e-14,9.045449851e-14,1.983715558e-13,1.426371835e-13,2.271525801e-13,7.374746048e-14,2.405494439e-13,2.363597658e-14
9.625,4.09360515e-13,1.608000984e-13,2.327625105e-13,1.487528558e-13,1.949700942e-13,8.906920566e-14,3.051766007e-14,4.837639899e-14,6.489011555e-14,8.663750115e-14,1.804877051e-13,6.025331732e-14,4.500499715e-14,2.292132894e-13,2.642830097e-13,4.32677886e-13,2.578437534e-13,3.013418326e-13,1.02012292e-13,2.056726228e-13,3.784409385e-14,5.392508202e-14,4.694530323e-14,4.321692636e-14,5.569420663e-14,9.084636766e-14,2.003662432e-13,1.465663216e-13,2.299050588e-13,7.462585329e-14,2.436832161e-13,2.40927524e-14
9.6328125,4.217228111e-13,1.66956114e-13,2.359997757e-13,1.517307359e-13,1.96260787e-13,9.250245947e-14,3.150388452e-14,4.942223932e-14,6.511609777e-14,8.622445427e-14,1.819769182e-13,6.099381402e-14,4.500434702e-14,2.337533757e-13,2.728909019e-13,4.456325251e-13,2.694789676e-13,3.061132619e-13,1.031760036e-13,2.039664915e-13,3.808339626e-14,5.414784985e-14,4.80337204e-14,4.41467639e-14,5.635693608e-14,9.133610098e-14,2.024529555e-13,1.506977273e-13,2.32719846e-13,7.554110694e-14,2.468904709e-13,2.459824048e-14
9.640625,4.344889098e-13,1.732475834e-13,2.392601443e-13,1.547059162e-13,1.97678756e-13,9.59841471e-14,3.248523369e-14,5.051276786e-14,6.539956179e-14,8.58315225e-14,1.833860735e-13,6.176137637e-14,4.502077987e-14,2.384713777e-13,2.817404273e-13,4.590373014e-13,2.813616211e-13,3.109659074e-13,1.044049895e-13,2.024236121e-13,3.833085002e-14,5.437785439e-14,4.914245143e-14,4.515654171e-14,5.705415956e-14,9.190286571e-14,2.045876039e-13,1.549020536e-13,2.356231901e-13,7.645491152e-14,2.501933281e-13,2.517942531e-14
9.6484375,4.472619852e-13,1.794857006e-13,2.426935013e-13,1.578914228e-13,1.99023446e-13,9.95463351e-14,3.346223099e-14,5.172289227e-14,6.570671892e-14,8.547615241e-14,1.848386742e-13,6.257922727e-14,4.503703554e-14,2.432412653e-13,2.907697558e-13,4.727100442e-13,2.934349607e-13,3.158978711e-13,1.056348622e-13,2.008614435e-13,3.859979253e-14,5.46123516e-14,5.02956197e-14,4.622256647e-14,5.775397451e-14,9.243584561e-14,2.066660149e-13,1.591577503e-13,2.385560858e-13,7.739052147e-14,2.536201426e-13,2.580189105e-14
9.65625,4.601741384e-13,1.857748582e-13,2.463510119e-13,1.610169014e-13,2.003985908e-13,1.032318428e-13,3.444862777e-14,5.294593919e-14,6.603240011e-14,8.511221764e-14,1.864234492e-13,6.342380388e-14,4.507427362e-14,2.481661765e-13,2.998238425e-13,4.864505351e-13,3.057423333e-13,3.210780131e-13,1.068783569e-13,1.99373752e-13,3.890650872e-14,5.488310717e-14,5.140921073e-14,4.730186624e-14,5.847240814e-14,9.293945142e-14,2.086289894e-13,1.635547198e-13,2.414895824e-13,7.835812898e-14,2.571358484e-13,2.645289756e-14
9.6640625,4.735529877e-13,1.922315299e-13,2.500890698e-13,1.639123677e-13,2.018843297e-13,1.070158703e-13,3.544278668e-14,5.408834518e-14,6.638644892e-14,8.474240028e-14,1.879988307e-13,6.427512481e-14,4.510891554e-14,2.533070443e-13,3.088884228e-13,5.002502876e-13,3.183060358e-13,3.26511714e-13,1.082123853e-13,1.980515448e-13,3.925028851e-14,5.520089191e-14,5.247430251e-14,4.836990857e-14,5.921112102e-14,9.345280712e-14,2.105474436e-13,1.681208714e-13,2.444284205e-13,7.929639186e-14,2.60738814e-13,2.713759412e-14
9.671875,4.872788799e-13,1.987303757e-13,2.538362233e-13,1.66738202e-13,2.032467715e-13,1.108685041e-13,3.643488846e-14,5.529201838e-14,6.673998819e-14,8.443840109e-14,1.894697811e-13,6.51334671e-14,4.507916995e-14,2.584637278e-13,3.180116149e-13,5.142238528e-13,3.31175813e-13,3.319924339e-13,1.096198192e-13,1.966940055e-13,3.960687671e-14,5.550154857e-14,5.354512263e-14,4.946887252e-14,5.995189838e-14,9.396275826e-14,2.12565526e-13,1.7279742e-13,2.473771405e-13,8.018980502e-14,2.643420592e-13,2.783667409e-14
9.6796875,5.011159544e-13,2.052303143e-13,2.574650181e-13,1.696098471e-13,2.044656632e-13,1.14798941e-13,3.741623715e-14,5.663090962e-14,6.710788654e-14,8.417753438e-14,1.908337753e-13,6.599643176e-14,4.501575675e-14,2.635645787e-13,3.270569153e-13,5.283318287e-13,3.442568224e-13,3.373740567e-13,1.109920968e-13,1.953134278e-13,3.994533717e-14,5.576470547e-14,5.46108776e-14,5.064210534e-14,6.068690255e-14,9.450046504e-14,2.146321707e-13,1.7755949e-13,2.502747749e-13,8.110177422e-14,2.677775581e-13,2.856907345e-14
9.6875,5.151238736e-13,2.119204954e-13,2.609922603e-13,1.725143138e-13,2.057201607e-13,1.188765853e-13,3.839768809e-14,5.796895162e-14,6.752469948e-14,8.385742858e-14,1.921365264e-13,6.688033671e-14,4.496184667e-14,2.687928448e-13,3.360808403e-13,5.425862576e-13,3.575487734e-13,3.428013194e-13,1.123562859e-13,1.940107518e-13,4.028048208e-14,5.605438466e-14,5.562604884e-14,5.183443999e-14,6.141395679e-14,9.508239443e-14,2.165649934e-13,1.82484352e-13,2.530507924e-13,8.205464291e-14,2.711648488e-13,2.936108753e-14
9.6953125,5.294724357e-13,2.188098293e-13,2.646822293e-13,1.753058448e-13,2.070471531e-13,1.231234249e-13,3.940314497e-14,5.926933074e-14,6.795083341e-14,8.349121136e-14,1.934593512e-13,6.779644688e-14,4.489062557e-14,2.742153591e-13,3.454326057e-13,5.573213777e-13,3.713769794e-13,3.485213581e-13,1.138363968e-13,1.926979552e-13,4.064453685e-14,5.637388328e-14,5.658746172e-14,5.300724561e-14,6.216852628e-14,9.565964061e-14,2.184447322e-13,1.875835444e-13,2.558125531e-13,8.299715426e-14,2.746969793e-13,3.017530422e-14
9.703125,5.443236064e-13,2.256612987e-13,2.684757176e-13,1.779883846e-13,2.085836512e-13,1.27491864e-13,4.041803173e-14,6.065062154e-14,6.837044686e-14,8.318236158e-14,1.947429973e-13,6.87402128e-14,4.484471557e-14,2.797682306e-13,3.550305049e-13,5.726265586e-13,3.857613685e-13,3.545785746e-13,1.154163437e-13,1.915332156e-13,4.101093094e-14,5.668267864e-14,5.754289656e-14,5.424332685e-14,6.297383656e-14,9.622021327e-14,2.204187245e-13,1.927545486e-13,2.586712493e-13,8.389262825e-14,2.782031669e-13,3.099905463e-14
9.7109375,5.596002716e-13,2.325121844e-13,2.72179375e-13,1.809079839e-13,2.103676385e-13,1.320334376e-13,4.140568711e-14,6.215391399e-14,6.883546535e-14,8.292980135e-14,1.959272187e-13,6.973231184e-14,4.489655825e-14,2.854373446e-13,3.645007875e-13,5.88120843e-13,4.003049875e-13,3.608830855e-13,1.170045998e-13,1.906490476e-13,4.135935333e-14,5.700619576e-14,5.852368473e-14,5.556563735e-14,6.377538152e-14,9.677956197e-14,2.223116251e-13,1.980544483e-13,2.614632521e-13,8.476470184e-14,2.815362921e-13,3.187348203e-14
9.71875,5.748042803e-13,2.396382163e-13,2.759558247e-13,1.840029677e-13,2.120325219e-13,1.367168275e-13,4.237552688e-14,6.369226703e-14,6.934155076e-14,8.265967038e-14,1.971519797e-13,7.077468365e-14,4.498552264e-14,2.911275851e-13,3.739185729e-13,6.03694075e-13,4.149060106e-13,3.673358211e-13,1.18569892e-13,1.897560824e-13,4.173288815e-14,5.734576893e-14,5.945922274e-14,5.688555644e-14,6.455122802e-14,9.734967942e-14,2.239982638e-13,2.035800669e-13,2.64092255e-13,8.56457499e-14,2.848418325e-13,3.278983682e-14
9.7265625,5.89807402e-13,2.469618431e-13,2.797718336e-13,1.867406036e-13,2.134945156e-13,1.413134926e-13,4.335278698e-14,6.518122327e-14,6.985980207e-14,8.237592227e-14,1.984386971e-13,7.182589438e-14,4.503787123e-14,2.967678425e-13,3.833929682e-13,6.194887783e-13,4.296948032e-13,3.738292416e-13,1.201119293e-13,1.888313835e-13,4.214378282e-14,5.765627725e-14,6.026483218e-14,5.82213833e-14,6.53377076e-14,9.793077898e-14,2.256280023e-13,2.09141378e-13,2.667397993e-13,8.651881067e-14,2.881693745e-13,3.370900749e-14
9.734375,6.051476843e-13,2.541521346e-13,2.833139601e-13,1.892267077e-13,2.150988254e-13,1.458683037e-13,4.432550186e-14,6.664123277e-14,7.041364358e-14,8.210593583e-14,1.99628551e-13,7.286969874e-14,4.508207895e-14,3.025185242e-13,3.927240725e-13,6.353522155e-13,4.446570733e-13,3.803686162e-13,1.216720471e-13,1.880855207e-13,4.256398187e-14,5.796505457e-14,6.0985359e-14,5.963750003e-14,6.611900648e-14,9.844519759e-14,2.272272111e-13,2.146161154e-13,2.694040526e-13,8.734068257e-14,2.914315321e-13,3.464149989e-14
9.7421875,6.209633209e-13,2.611884513e-13,2.866527475e-13,1.918976802e-13,2.168221051e-13,1.506157546e-13,4.528639605e-14,6.812420768e-14,7.099194329e-14,8.182722056e-14,2.00727249e-13,7.390582957e-14,4.514559979e-14,3.084491021e-13,4.019512386e-13,6.511650826e-13,4.598013261e-13,3.870426873e-13,1.232911526e-13,1.872373136e-13,4.299074623e-14,5.830779453e-14,6.169582631e-14,6.106133439e-14,6.68882493e-14,9.886395031e-14,2.287563326e-13,2.20199367e-13,2.719214011e-13,8.810796048e-14,2.946197143e-13,3.560908093e-14
9.75,6.369325454e-13,2.682702e-13,2.900215639e-13,1.945266827e-13,2.184334292e-13,1.554446717e-13,4.625118872e-14,6.960986391e-14,7.156083088e-14,8.154123827e-14,2.018175162e-13,7.493100381e-14,4.523582429e-14,3.144269724e-13,4.111942005e-13,6.669899266e-13,4.75092751e-13,3.938490031e-13,1.249408239e-13,1.860915442e-13,4.340003002e-14,5.865777386e-14,6.237860381e-14,6.246253528e-14,6.769094638e-14,9.931337056e-14,2.303187235e-13,2.259198172e-13,2.743910049e-13,8.886546513e-14,2.977809923e-13,3.660387819e-14
9.7578125,6.529854068e-13,2.754393442e-13,2.934458764e-13,1.969592427e-13,2.200410681e-13,1.602482985e-13,4.721780288e-14,7.11034627e-14,7.214791592e-14,8.126660371e-14,2.02905136e-13,7.598610061e-14,4.53701458e-14,3.204425885e-13,4.203775288e-13,6.828303554e-13,4.903780753e-13,4.007887204e-13,1.266067854e-13,1.850608435e-13,4.376013202e-14,5.901643392e-14,6.301853812e-14,6.391083898e-14,6.851884579e-14,9.985442436e-14,2.318952787e-13,2.315982742e-13,2.76949835e-13,8.963804011e-14,3.010024151e-13,3.762238735e-14
9.765625,6.689390637e-13,2.82616871e-13,2.969350875e-13,1.99566596e-13,2.21726618e-13,1.65205568e-13,4.818417265e-14,7.264346072e-14,7.276940795e-14,8.100039322e-14,2.039933755e-13,7.709486266e-14,4.552492047e-14,3.264866821e-13,4.296244059e-13,6.988430791e-13,5.056871431e-13,4.078675202e-13,1.282752001e-13,1.843714675e-13,4.410401674e-14,5.939352183e-14,6.365483215e-14,6.536686595e-14,6.935157748e-14,1.004239452e-13,2.333975971e-13,2.373018412e-13,2.795203781e-13,9.039311515e-14,3.042649889e-13,3.867492649e-14
9.7734375,6.847213871e-13,2.897422418e-13,3.003842644e-13,2.022880354e-13,2.234249892e-13,1.70290681e-13,4.91669462e-14,7.416306781e-14,7.342023447e-14,8.077929012e-14,2.049770605e-13,7.82048212e-14,4.567276809e-14,3.324779881e-13,4.389021043e-13,7.149741184e-13,5.210780274e-13,4.14942313e-13,1.298958237e-13,1.837886338e-13,4.445208907e-14,5.97708154e-14,6.429822278e-14,6.680458188e-14,7.020437356e-14,1.009860208e-13,2.348722699e-13,2.431979274e-13,2.820101788e-13,9.110797293e-14,3.073874669e-13,3.974895721e-14
9.78125,7.009237111e-13,2.968218465e-13,3.036434457e-13,2.047506084e-13,2.2523181e-13,1.753472495e-13,5.015095839e-14,7.562294583e-14,7.413771703e-14,8.061018412e-14,2.058000927e-13,7.929749499e-14,4.58364482e-14,3.385870679e-13,4.477876594e-13,7.306726235e-13,5.363913566e-13,4.219661649e-13,1.315348817e-13,1.831628299e-13,4.479520157e-14,6.018095611e-14,6.490575477e-14,6.83202251e-14,7.103574873e-14,1.014862442e-13,2.362879596e-13,2.492219719e-13,2.844159316e-13,9.180820741e-14,3.104132856e-13,4.081339958e-14
9.7890625,7.176307747e-13,3.039963003e-13,3.068132501e-13,2.070330911e-13,2.271307425e-13,1.804016209e-13,5.109465439e-14,7.711510353e-14,7.48994951e-14,8.03988378e-14,2.066966416e-13,8.041543446e-14,4.602569966e-14,3.449290796e-13,4.563296354e-13,7.458983359e-13,5.515848605e-13,4.291244943e-13,1.332879746e-13,1.824669482e-13,4.517579397e-14,6.063450865e-14,6.54269834e-14,6.987702943e-14,7.181904789e-14,1.018985655e-13,2.375865824e-13,2.55242783e-13,2.868370605e-13,9.249730137e-14,3.135378344e-13,4.187409657e-14
9.796875,7.342061814e-13,3.113486339e-13,3.098647029e-13,2.092591418e-13,2.289174681e-13,1.853951632e-13,5.199554997e-14,7.865014406e-14,7.562267541e-14,8.013686037e-14,2.077289344e-13,8.154439021e-14,4.622549033e-14,3.511909459e-13,4.648485528e-13,7.611040381e-13,5.6677753e-13,4.364655035e-13,1.350529559e-13,1.816669054e-13,4.558054138e-14,6.105008814e-14,6.58699438e-14,7.137864466e-14,7.262408068e-14,1.023375524e-13,2.388444766e-13,2.612405057e-13,2.893127395e-13,9.313791364e-14,3.165926058e-13,4.297326198e-14
9.8046875,7.506642596e-13,3.185755762e-13,3.125651751e-13,2.11367833e-13,2.306350302e-13,1.90303625e-13,5.28787263e-14,8.015570379e-14,7.633335075e-14,7.993795657e-14,2.086243746e-13,8.263921288e-14,4.644712491e-14,3.571662207e-13,4.73131447e-13,7.76145233e-13,5.818905965e-13,4.438041821e-13,1.367158029e-13,1.808703966e-13,4.590891517e-14,6.141727569e-14,6.629192388e-14,7.291190831e-14,7.3462997e-14,1.028357523e-13,2.40042889e-13,2.672404912e-13,2.916449647e-13,9.370775368e-14,3.193209181e-13,4.412221904e-14
9.8125,7.671660745e-13,3.253803926e-13,3.150564535e-13,2.134832283e-13,2.324606262e-13,1.95343659e-13,5.374823613e-14,8.16198779e-14,7.709852901e-14,7.982397772e-14,2.093823397e-13,8.374308213e-14,4.6707924e-14,3.630495203e-13,4.810252319e-13,7.907135466e-13,5.967178722e-13,4.509837599e-13,1.383437646e-13,1.801860684e-13,4.619689445e-14,6.181819756e-14,6.668289566e-14,7.450763673e-14,7.426372765e-14,1.032633576e-13,2.411105056e-13,2.733022803e-13,2.93781211e-13,9.421389463e-14,3.218402794e-13,4.528952028e-14
9.8203125,7.833592993e-13,3.321627329e-13,3.175537149e-13,2.156639343e-13,2.343901333e-13,2.004707748e-13,5.459425211e-14,8.30225746e-14,7.789155585e-14,7.97452061e-14,2.101940226e-13,8.49215276e-14,4.700883389e-14,3.690135364e-13,4.886974985e-13,8.048816525e-13,6.112036966e-13,4.57990252e-13,1.400060271e-13,1.795166436e-13,4.657254829e-14,6.225950673e-14,6.699979291e-14,7.605408856e-14,7.501687647e-14,1.035966356e-13,2.420791515e-13,2.795300362e-13,2.958810971e-13,9.469860403e-14,3.242981929e-13,4.645951583e-14
9.828125,7.994065803e-13,3.393904886e-13,3.198264368e-13,2.17738338e-13,2.363581939e-13,2.054016964e-13,5.541260776e-14,8.439346869e-14,7.869663614e-14,7.969152804e-14,2.109286521e-13,8.61255601e-14,4.734426596e-14,3.750233577e-13,4.96034635e-13,8.186463701e-13,6.254907719e-13,4.649559387e-13,1.416585899e-13,1.787855031e-13,4.699229641e-14,6.269049561e-14,6.729544543e-14,7.759264124e-14,7.575673289e-14,1.039194854e-13,2.429054896e-13,2.859151795e-13,2.977975516e-13,9.520012395e-14,3.266166887e-13,4.766057624e-14
9.8359375,8.156149359e-13,3.466016935e-13,3.217361191e-13,2.196443199e-13,2.38311335e-13,2.101996108e-13,5.620360285e-14,8.583277647e-14,7.953008745e-14,7.962768644e-14,2.114540456e-13,8.727004377e-14,4.76941913e-14,3.809525881e-13,5.029475043e-13,8.320643472e-13,6.397147098e-13,4.719812649e-13,1.432384121e-13,1.78073802e-13,4.73381168e-14,6.309573541e-14,6.760309094e-14,7.921031126e-14,7.64856166e-14,1.042396931e-13,2.435868058e-13,2.922419843e-13,2.993780862e-13,9.566605937e-14,3.287464759e-13,4.891732662e-14
9.84375,8.316728418e-13,3.533083779e-13,3.234793381e-13,2.214055908e-13,2.402798033e-13,2.15051142e-13,5.696651443e-14,8.72560775e-14,8.035711624e-14,7.953881377e-14,2.119450526e-13,8.838272184e-14,4.80524366e-14,3.867722485e-13,5.095595757e-13,8.451665279e-13,6.537005876e-13,4.789587273e-13,1.447594603e-13,1.774148842e-13,4.762783793e-14,6.348431613e-14,6.784690944e-14,8.081247231e-14,7.718882915e-14,1.045277024e-13,2.442686884e-13,2.983826066e-13,3.008990268e-13,9.603646895e-14,3.307318144e-13,5.020083356e-14
9.8515625,8.475813113e-13,3.599668885e-13,3.250791446e-13,2.230407299e-13,2.424158524e-13,2.19908702e-13,5.769575571e-14,8.852659986e-14,8.117606054e-14,7.947816171e-14,2.124979216e-13,8.952383576e-14,4.845185908e-14,3.926081664e-13,5.157386738e-13,8.575857176e-13,6.671920752e-13,4.858072208e-13,1.462814288e-13,1.767838707e-13,4.79160845e-14,6.38866921e-14,6.800297095e-14,8.233178123e-14,7.784366311e-14,1.047705828e-13,2.44899536e-13,3.045079118e-13,3.0245726e-13,9.636023793e-14,3.325964654e-13,5.147456634e-14
9.859375,8.634676132e-13,3.667454856e-13,3.264588925e-13,2.246207015e-13,2.446273193e-13,2.247308394e-13,5.838752934e-14,8.976942899e-14,8.20317702e-14,7.942517905e-14,2.129873427e-13,9.065926485e-14,4.889199751e-14,3.983874835e-13,5.214052387e-13,8.692853047e-13,6.802972813e-13,4.925753556e-13,1.477610092e-13,1.761893771e-13,4.819381496e-14,6.430955564e-14,6.810224651e-14,8.382787892e-14,7.844754284e-14,1.04947346e-13,2.453054116e-13,3.10707691e-13,3.037799827e-13,9.666829596e-14,3.342988837e-13,5.275400956e-14
9.8671875,8.788525253e-13,3.730568685e-13,3.277081692e-13,2.261285486e-13,2.466364436e-13,2.294808275e-13,5.904088275e-14,9.10895121e-14,8.290282794e-14,7.933306963e-14,2.133349534e-13,9.174998294e-14,4.931934762e-14,4.038562082e-13,5.267358648e-13,8.805792765e-13,6.931062473e-13,4.99183277e-13,1.491064957e-13,1.755847928e-13,4.845701768e-14,6.469422931e-14,6.812522393e-14,8.532239412e-14,7.902384784e-14,1.050620383e-13,2.455267248e-13,3.168025626e-13,3.048253809e-13,9.690753116e-14,3.357534083e-13,5.405898559e-14
9.875,8.937297138e-13,3.790238676e-13,3.288335508e-13,2.275843261e-13,2.485542027e-13,2.340768225e-13,5.965480702e-14,9.23587003e-14,8.376250036e-14,7.927104725e-14,2.13579945e-13,9.283682738e-14,4.974641495e-14,4.091215727e-13,5.317286875e-13,8.913462763e-13,7.053985783e-13,5.05547944e-13,1.503736768e-13,1.749321743e-13,4.871867283e-14,6.503324046e-14,6.809979563e-14,8.680151279e-14,7.956541319e-14,1.051320509e-13,2.456656422e-13,3.227881317e-13,3.057792034e-13,9.707924812e-14,3.370060407e-13,5.537266056e-14
9.8828125,9.087394432e-13,3.852831668e-13,3.297644992e-13,2.291351732e-13,2.506524939e-13,2.386681975e-13,6.025097369e-14,9.352781764e-14,8.463897035e-14,7.926979459e-14,2.137585665e-13,9.3958044e-14,5.026600307e-14,4.145009085e-13,5.364105216e-13,9.015985105e-13,7.172665681e-13,5.118474829e-13,1.516537292e-13,1.742601222e-13,4.897136956e-14,6.540449436e-14,6.809042191e-14,8.826363321e-14,8.006910745e-14,1.051296936e-13,2.4577272e-13,3.288753124e-13,3.067123088e-13,9.721645346e-14,3.382221048e-13,5.668030921e-14
9.890625,9.238808895e-13,3.916650459e-13,3.304887477e-13,2.30643133e-13,2.528020558e-13,2.433657937e-13,6.085940825e-14,9.468288087e-14,8.552758378e-14,7.924990107e-14,2.138414786e-13,9.508163745e-14,5.089005259e-14,4.199452257e-13,5.409093378e-13,9.116012295e-13,7.290229056e-13,5.181684922e-13,1.529044544e-13,1.735153827e-13,4.919124485e-14,6.581098116e-14,6.805392491e-14,8.970703966e-14,8.057032604e-14,1.05032507e-13,2.458668797e-13,3.350058089e-13,3.075431063e-13,9.729080489e-14,3.393394397e-13,5.798799855e-14
9.8984375,9.386251747e-13,3.977743562e-13,3.308343487e-13,2.318585765e-13,2.547740149e-13,2.47863005e-13,6.145146719e-14,9.583430864e-14,8.640935158e-14,7.922011701e-14,2.138017186e-13,9.613645236e-14,5.151583422e-14,4.251494803e-13,5.449436955e-13,9.209478353e-13,7.403789807e-13,5.241940502e-13,1.540665905e-13,1.726947639e-13,4.935100181e-14,6.617935882e-14,6.793951191e-14,9.116606985e-14,8.104842153e-14,1.048880541e-13,2.45817402e-13,3.409553923e-13,3.080783427e-13,9.730031182e-14,3.401226345e-13,5.93151498e-14
9.90625,9.52815172e-13,4.037067467e-13,3.30661523e-13,2.329640719e-13,2.566497967e-13,2.520152015e-13,6.196749653e-14,9.695424816e-14,8.730833213e-14,7.925370704e-14,2.136837542e-13,9.710270658e-14,5.209301299e-14,4.300128202e-13,5.482192291e-13,9.291850961e-13,7.509102797e-13,5.297189197e-13,1.551706616e-13,1.719145563e-13,4.945040255e-14,6.651887473e-14,6.778580561e-14,9.265065818e-14,8.144604379e-14,1.047164434e-13,2.455422044e-13,3.467956718e-13,3.082353711e-13,9.72783929e-14,3.406164329e-13,6.066488068e-14
9.9140625,9.667789363e-13,4.095623678e-13,3.302186407e-13,2.341324535e-13,2.585895964e-13,2.561616934e-13,6.242069864e-14,9.804101157e-14,8.822643232e-14,7.929844956e-14,2.135211201e-13,9.80520404e-14,5.267651e-14,4.347478543e-13,5.510140152e-13,9.366465766e-13,7.608862108e-13,5.350522766e-13,1.562822671e-13,1.710867129e-13,4.952673613e-14,6.688564269e-14,6.758967364e-14,9.409908159e-14,8.178512481e-14,1.044376477e-13,2.45176269e-13,3.527123979e-13,3.081904051e-13,9.720015926e-14,3.410367547e-13,6.199353717e-14
9.921875,9.807778436e-13,4.153953166e-13,3.297401877e-13,2.351305342e-13,2.605536694e-13,2.60399386e-13,6.288034872e-14,9.907405735e-14,8.913428327e-14,7.926570865e-14,2.132916298e-13,9.90244767e-14,5.329523416e-14,4.395333109e-13,5.536324093e-13,9.436951285e-13,7.706392014e-13,5.40386816e-13,1.573904238e-13,1.700816363e-13,4.960761524e-14,6.725273745e-14,6.729680297e-14,9.549655561e-14,8.210235423e-14,1.040298909e-13,2.447627538e-13,3.586188073e-13,3.080652578e-13,9.704766402e-14,3.413310416e-13,6.328641111e-14
9.9296875,9.94441175e-13,4.212448952e-13,3.291714129e-13,2.359087434e-13,2.624493536e-13,2.644422364e-13,6.336536506e-14,1.000321299e-13,9.003296506e-14,7.920863537e-14,2.130158673e-13,9.997918515e-14,5.391961494e-14,4.442582308e-13,5.55973709e-13,9.502692608e-13,7.799429908e-13,5.454032501e-13,1.584049982e-13,1.690871652e-13,4.969938906e-14,6.758180818e-14,6.691587307e-14,9.687217545e-14,8.237063485e-14,1.035980008e-13,2.442103274e-13,3.64380255e-13,3.077814033e-13,9.687121165e-14,3.413928254e-13,6.459184145e-14
9.9375,1.007372932e-12,4.269284286e-13,3.285135556e-13,2.366948532e-13,2.643761116e-13,2.682798882e-13,6.382134422e-14,1.009197058e-13,9.094672273e-14,7.922538391e-14,2.127592469e-13,1.009281231e-13,5.455196061e-14,4.488585475e-13,5.578649571e-13,9.561517128e-13,7.885433865e-13,5.499730952e-13,1.593352955e-13,1.682387854e-13,4.981545638e-14,6.791760883e-14,6.648286672e-14,9.820415494e-14,8.256984829e-14,1.031745906e-13,2.435411039e-13,3.700967432e-13,3.073482625e-13,9.669780859e-14,3.413981038e-13,6.5904946e-14
9.9453125,1.019861837e-12,4.324092103e-13,3.277603133e-13,2.37450059e-13,2.66410098e-13,2.721030362e-13,6.419375754e-14,1.017524275e-13,9.188856721e-14,7.929342447e-14,2.125151204e-13,1.018970105e-13,5.521861784e-14,4.534068676e-13,5.592222405e-13,9.610948532e-13,7.964543833e-13,5.543061996e-13,1.602440022e-13,1.6737391e-13,4.995677811e-14,6.828684996e-14,6.599896274e-14,9.947657603e-14,8.27030264e-14,1.026712897e-13,2.42794859e-13,3.758231513e-13,3.068832586e-13,9.648430968e-14,3.414066839e-13,6.718090959e-14
9.953125,1.032060906e-12,4.377751806e-13,3.266931209e-13,2.380408034e-13,2.683573259e-13,2.758603314e-13,6.450280699e-14,1.025253631e-13,9.283955496e-14,7.93534731e-14,2.121719892e-13,1.028021015e-13,5.591058059e-14,4.577417755e-13,5.600107668e-13,9.650636859e-13,8.036865387e-13,5.582817054e-13,1.610447975e-13,1.663995906e-13,5.009125083e-14,6.863858792e-14,6.547093406e-14,1.006927631e-13,8.276679031e-14,1.02047151e-13,2.419122913e-13,3.814187873e-13,3.062885896e-13,9.617761479e-14,3.411288099e-13,6.845044529e-14
9.9609375,1.043691291e-12,4.428504479e-13,3.252181327e-13,2.385925001e-13,2.701384891e-13,2.794370453e-13,6.481602375e-14,1.03223394e-13,9.37641977e-14,7.943929905e-14,2.116219887e-13,1.035931902e-13,5.66076973e-14,4.617356267e-13,5.603094265e-13,9.682336182e-13,8.102734355e-13,5.617249573e-13,1.616900558e-13,1.654246866e-13,5.018976148e-14,6.89471241e-14,6.492792794e-14,1.018359067e-13,8.27781859e-14,1.013492677e-13,2.408565272e-13,3.868574687e-13,3.053220115e-13,9.578248707e-14,3.404341843e-13,6.975403032e-14
9.96875,1.05482423e-12,4.475895002e-13,3.234478944e-13,2.391799176e-13,2.719310476e-13,2.828255839e-13,6.513735117e-14,1.038845434e-13,9.466133983e-14,7.957323603e-14,2.108776551e-13,1.043476384e-13,5.730620571e-14,4.655528191e-13,5.601748715e-13,9.706912617e-13,8.163189619e-13,5.64901619e-13,1.622751803e-13,1.645369489e-13,5.025878139e-14,6.922587967e-14,6.437831108e-14,1.029266278e-13,8.275071928e-14,1.006377055e-13,2.396640504e-13,3.921951698e-13,3.04030128e-13,9.534789605e-14,3.394696302e-13,7.106667656e-14
9.9765625,1.065598007e-12,4.521751254e-13,3.214043176e-13,2.397021682e-13,2.73732358e-13,2.860152788e-13,6.539849932e-14,1.045262445e-13,9.555405622e-14,7.968674954e-14,2.100239557e-13,1.051135068e-13,5.801155718e-14,4.691959886e-13,5.594766456e-13,9.72384954e-13,8.217560583e-13,5.679569704e-13,1.627796931e-13,1.636266372e-13,5.03211119e-14,6.947256884e-14,6.379553403e-14,1.039749999e-13,8.2668954e-14,9.990642789e-14,2.383864671e-13,3.97339811e-13,3.026476868e-13,9.487194363e-14,3.382798607e-13,7.235401804e-14
9.984375,1.075834812e-12,4.566210559e-13,3.190530605e-13,2.401902688e-13,2.754430009e-13,2.890464906e-13,6.557164274e-14,1.050738148e-13,9.64520851e-14,7.976000353e-14,2.091164262e-13,1.058587503e-13,5.872836731e-14,4.72560809e-13,5.581259344e-13,9.731532881e-13,8.263820634e-13,5.706698437e-13,1.631530009e-13,1.625431189e-13,5.037300662e-14,6.971021667e-14,6.315624472e-14,1.049423164e-13,8.252588262e-14,9.907578303e-14,2.370114235e-13,4.023001024e-13,3.011475478e-13,9.430891558e-14,3.368735905e-13,7.35957065e-14
9.9921875,1.085539214e-12,4.609298572e-13,3.163823849e-13,2.406898817e-13,2.771230066e-13,2.919678657e-13,6.570161767e-14,1.055295273e-13,9.734970423e-14,7.985921251e-14,2.081623324e-13,1.065446032e-13,5.943948078e-14,4.757337073e-13,5.562557834e-13,9.729424586e-13,8.302055148e-13,5.729230167e-13,1.634634635e-13,1.614206727e-13,5.038049928e-14,6.995850232e-14,6.246891892e-14,1.058804354e-13,8.231419904e-14,9.814037278e-14,2.354821183e-13,4.072102804e-13,2.99388535e-13,9.36725102e-14,3.353123307e-13,7.479487359e-14
10,1.094863002e-12,4.650966001e-13,3.133773521e-13,2.410241775e-13,2.787749014e-13,2.947169486e-13,6.582954571e-14,1.059756458e-13,9.821614809e-14,8.000660605e-14,2.070956744e-13,1.071596462e-13,6.014852794e-14,4.787390052e-13,5.539711431e-13,9.719415739e-13,8.334683403e-13,5.748042551e-13,1.636955873e-13,1.603948653e-13,5.034179429e-14,7.017071205e-14,6.175872826e-14,1.068503546e-13,8.203066832e-14,9.717280979e-14,2.338219652e-13,4.11978652e-13,2.974266971e-13,9.300321197e-14,3.335213518e-13,7.598004773e-14
10.0078125,1.103790066e-12,4.690006846e-13,3.101379739e-13,2.411038641e-13,2.803960734e-13,2.972734059e-13,6.594880432e-14,1.063683615e-13,9.904743877e-14,8.016570603e-14,2.058660737e-13,1.077447101e-13,6.090802082e-14,4.816036272e-13,5.512341634e-13,9.701584506e-13,8.362254101e-13,5.764316516e-13,1.638206584e-13,1.592987177e-13,5.031789169e-14,7.034147817e-14,6.1037611e-14,1.077581641e-13,8.170064604e-14,9.614506797e-14,2.320715049e-13,4.165224867e-13,2.953209282e-13,9.229201421e-14,3.314479525e-13,7.715527312e-14
10.015625,1.112124261e-12,4.726924487e-13,3.067574083e-13,2.410968743e-13,2.82047363e-13,2.996968741e-13,6.602994949e-14,1.066617816e-13,9.991248272e-14,8.030398778e-14,2.045745324e-13,1.083159638e-13,6.169545345e-14,4.843582468e-13,5.480224856e-13,9.674491202e-13,8.381702325e-13,5.777162542e-13,1.638939624e-13,1.581667653e-13,5.034046092e-14,7.052538326e-14,6.029385778e-14,1.085634366e-13,8.130987461e-14,9.501990203e-14,2.301875385e-13,4.209798898e-13,2.930009993e-13,9.152006325e-14,3.29147002e-13,7.832163936e-14
10.0234375,1.119670955e-12,4.762186817e-13,3.031747321e-13,2.411358015e-13,2.83611095e-13,3.020180044e-13,6.606164264e-14,1.069404557e-13,1.008251826e-13,8.04101728e-14,2.032931956e-13,1.088199371e-13,6.243053258e-14,4.867380356e-13,5.44347854e-13,9.640006934e-13,8.391955873e-13,5.784464302e-13,1.638424237e-13,1.571910262e-13,5.035078032e-14,7.070188182e-14,5.951685226e-14,1.093527109e-13,8.082506236e-14,9.387968226e-14,2.28203738e-13,4.253166413e-13,2.904498381e-13,9.068064249e-14,3.265917926e-13,7.949167323e-14
10.03125,1.126876172e-12,4.796078393e-13,2.994329492e-13,2.412294887e-13,2.85064067e-13,3.043090455e-13,6.60526552e-14,1.071893463e-13,1.017101049e-13,8.051718833e-14,2.019522014e-13,1.09291964e-13,6.317198099e-14,4.888030259e-13,5.402993463e-13,9.600291787e-13,8.397994157e-13,5.789020334e-13,1.636556986e-13,1.561227343e-13,5.031607827e-14,7.084818763e-14,5.871408687e-14,1.101002211e-13,8.029839816e-14,9.273526765e-14,2.262458164e-13,4.294719063e-13,2.877993444e-13,8.977970263e-14,3.238855978e-13,8.063102272e-14
10.0390625,1.134317327e-12,4.831207434e-13,2.95610806e-13,2.413018006e-13,2.86620047e-13,3.065586257e-13,6.601052822e-14,1.073128176e-13,1.025715775e-13,8.067661663e-14,2.005501613e-13,1.098078246e-13,6.399325868e-14,4.910634881e-13,5.35999544e-13,9.554094298e-13,8.40285903e-13,5.794092346e-13,1.635222584e-13,1.548278424e-13,5.02959672e-14,7.101729494e-14,5.788885802e-14,1.107664638e-13,7.97652795e-14,9.150561192e-14,2.242707797e-13,4.336571477e-13,2.851430261e-13,8.885979201e-14,3.211912778e-13,8.172559504e-14
10.046875,1.14128489e-12,4.86540251e-13,2.915535868e-13,2.412080448e-13,2.882213067e-13,3.085336015e-13,6.595225182e-14,1.07385647e-13,1.034665954e-13,8.088297465e-14,1.990899873e-13,1.102699972e-13,6.478365647e-14,4.933303294e-13,5.313536437e-13,9.500262152e-13,8.400768452e-13,5.79423494e-13,1.63378644e-13,1.537229653e-13,5.03194309e-14,7.118468413e-14,5.70420294e-14,1.114361841e-13,7.916529788e-14,9.023219479e-14,2.221211853e-13,4.378311151e-13,2.822866324e-13,8.794237254e-14,3.182383187e-13,8.283076818e-14
10.0546875,1.14698254e-12,4.893602975e-13,2.872931627e-13,2.409825862e-13,2.896955242e-13,3.101884732e-13,6.589846233e-14,1.074894898e-13,1.043667533e-13,8.108685983e-14,1.974925895e-13,1.106184841e-13,6.54966119e-14,4.951392653e-13,5.263369518e-13,9.44060727e-13,8.387921682e-13,5.786316178e-13,1.630329932e-13,1.528708982e-13,5.035123244e-14,7.128714886e-14,5.618026344e-14,1.120582194e-13,7.849785142e-14,8.900240778e-14,2.198599414e-13,4.417235365e-13,2.791074886e-13,8.701421815e-14,3.148552083e-13,8.394171459e-14
10.0625,1.152190904e-12,4.920171219e-13,2.831848884e-13,2.407765309e-13,2.911513692e-13,3.118102769e-13,6.583484807e-14,1.075169539e-13,1.052446638e-13,8.128281813e-14,1.958796018e-13,1.11021882e-13,6.626342002e-14,4.968956635e-13,5.212634923e-13,9.378101944e-13,8.371244449e-13,5.777977416e-13,1.626474224e-13,1.518572638e-13,5.038678635e-14,7.138871255e-14,5.529768503e-14,1.124729508e-13,7.783150525e-14,8.778955304e-14,2.177145435e-13,4.454892409e-13,2.760038473e-13,8.611098022e-14,3.115573125e-13,8.500227905e-14
10.0703125,1.157436513e-12,4.94942655e-13,2.791991238e-13,2.405474323e-13,2.925698102e-13,3.134689666e-13,6.573264735e-14,1.074016519e-13,1.061203853e-13,8.152900857e-14,1.944106004e-13,1.115212947e-13,6.708665739e-14,4.988432676e-13,5.161230574e-13,9.312487488e-13,8.354904603e-13,5.77148293e-13,1.623339151e-13,1.507245458e-13,5.042597988e-14,7.153304056e-14,5.441373933e-14,1.127403076e-13,7.715715323e-14,8.655190135e-14,2.157104014e-13,4.493165919e-13,2.731901181e-13,8.524884209e-14,3.085836096e-13,8.603080734e-14
10.078125,1.161941298e-12,4.976251111e-13,2.749194217e-13,2.402756921e-13,2.938000869e-13,3.149188381e-13,6.559114389e-14,1.072390833e-13,1.069699815e-13,8.184149372e-14,1.929129713e-13,1.119144719e-13,6.78593294e-14,5.004381879e-13,5.104943143e-13,9.240069106e-13,8.332204367e-13,5.759687536e-13,1.61862634e-13,1.498500935e-13,5.043710093e-14,7.164242304e-14,5.357050352e-14,1.13015863e-13,7.642566777e-14,8.529109804e-14,2.13665371e-13,4.529985901e-13,2.70179369e-13,8.434130514e-14,3.05382592e-13,8.705876162e-14
10.0859375,1.165683417e-12,4.999718775e-13,2.702642604e-13,2.400217431e-13,2.949905644e-13,3.160882121e-13,6.542646917e-14,1.070847181e-13,1.077705917e-13,8.213463905e-14,1.912497028e-13,1.121379947e-13,6.861296388e-14,5.016131916e-13,5.043657481e-13,9.159807587e-13,8.300490196e-13,5.741995276e-13,1.611878374e-13,1.491767987e-13,5.043108303e-14,7.169949378e-14,5.273079475e-14,1.132954319e-13,7.563590894e-14,8.397406767e-14,2.114933426e-13,4.564777074e-13,2.667263161e-13,8.334654115e-14,3.016905365e-13,8.806336396e-14
10.09375,1.169382595e-12,5.022074619e-13,2.654598014e-13,2.396328874e-13,2.962477654e-13,3.17130737e-13,6.525961951e-14,1.068937151e-13,1.0855507e-13,8.23693999e-14,1.89546272e-13,1.123060601e-13,6.939147123e-14,5.027648405e-13,4.979642782e-13,9.073316059e-13,8.265384994e-13,5.722436421e-13,1.604945921e-13,1.483857338e-13,5.044445092e-14,7.175553044e-14,5.183900196e-14,1.135177247e-13,7.480644918e-14,8.256722843e-14,2.092511217e-13,4.598502171e-13,2.631750656e-13,8.233204602e-14,2.978727713e-13,8.902863889e-14
10.1015625,1.172726335e-12,5.040108213e-13,2.606510825e-13,2.391265609e-13,2.974321317e-13,3.181324539e-13,6.510358071e-14,1.066414187e-13,1.093520404e-13,8.263784444e-14,1.878303699e-13,1.12477383e-13,7.01573359e-14,5.038443294e-13,4.912517412e-13,8.980393251e-13,8.226806025e-13,5.698987208e-13,1.597846482e-13,1.475014046e-13,5.048516318e-14,7.181105148e-14,5.094485897e-14,1.13653581e-13,7.39447062e-14,8.110973905e-14,2.070046679e-13,4.6305317e-13,2.596796852e-13,8.133030005e-14,2.941163187e-13,8.994720231e-14
10.109375,1.175271186e-12,5.057822072e-13,2.558968876e-13,2.388301879e-13,2.985601229e-13,3.190689309e-13,6.49375097e-14,1.063407778e-13,1.101804496e-13,8.300066282e-14,1.861100583e-13,1.126897879e-13,7.094921175e-14,5.047807894e-13,4.84283731e-13,8.881508016e-13,8.180591559e-13,5.670330545e-13,1.589994987e-13,1.467669127e-13,5.056947667e-14,7.1871927e-14,5.008094383e-14,1.136872608e-13,7.303840522e-14,7.964326472e-14,2.04816707e-13,4.662540931e-13,2.5623112e-13,8.03172784e-14,2.903368618e-13,9.080642163e-14
10.1171875,1.177461872e-12,5.081969619e-13,2.511349388e-13,2.386818031e-13,2.996885467e-13,3.198829066e-13,6.473364994e-14,1.060012342e-13,1.110377951e-13,8.34202251e-14,1.845079445e-13,1.129442667e-13,7.181134e-14,5.056725876e-13,4.771583339e-13,8.777857576e-13,8.128646873e-13,5.639788788e-13,1.581791954e-13,1.461627085e-13,5.068497712e-14,7.194818395e-14,4.918844244e-14,1.136700327e-13,7.20739433e-14,7.814738673e-14,2.026892638e-13,4.696472976e-13,2.529346885e-13,7.929033887e-14,2.865548845e-13,9.162859658e-14
10.125,1.17933871e-12,5.103996164e-13,2.46204789e-13,2.383608223e-13,3.00699477e-13,3.205204887e-13,6.450033566e-14,1.056306283e-13,1.118647382e-13,8.385149327e-14,1.829107708e-13,1.131049818e-13,7.267694236e-14,5.063154654e-13,4.697302972e-13,8.668162261e-13,8.072773299e-13,5.606973022e-13,1.57280699e-13,1.455716795e-13,5.075754679e-14,7.198421387e-14,4.82571742e-14,1.136452358e-13,7.106876748e-14,7.661274977e-14,2.005110447e-13,4.728648355e-13,2.496295356e-13,7.824475863e-14,2.827155671e-13,9.244743225e-14
10.1328125,1.180343901e-12,5.117171203e-13,2.410685688e-13,2.379192235e-13,3.015600165e-13,3.209563364e-13,6.427926496e-14,1.052112771e-13,1.126102708e-13,8.425071337e-14,1.811084422e-13,1.131004889e-13,7.351712267e-14,5.066034731e-13,4.620715736e-13,8.553556914e-13,8.011140088e-13,5.569139539e-13,1.562391749e-13,1.450882797e-13,5.077270274e-14,7.194604293e-14,4.732657364e-14,1.135238213e-13,7.004777049e-14,7.506604828e-14,1.9823877e-13,4.756091953e-13,2.460911534e-13,7.716340665e-14,2.786132934e-13,9.324662915e-14
10.140625,1.180555647e-12,5.130186443e-13,2.358369469e-13,2.374990469e-13,3.022947082e-13,3.212236215e-13,6.410501513e-14,1.047123589e-13,1.132801626e-13,8.462476392e-14,1.792202542e-13,1.130497311e-13,7.438075856e-14,5.068092131e-13,4.544706229e-13,8.438430636e-13,7.946129085e-13,5.528174555e-13,1.551264778e-13,1.447015067e-13,5.080190809e-14,7.186965036e-14,4.640422892e-14,1.13236836e-13,6.902012214e-14,7.350062793e-14,1.960200008e-13,4.781880197e-13,2.425282103e-13,7.606389186e-14,2.742889743e-13,9.397631098e-14
10.1484375,1.180512678e-12,5.145611678e-13,2.306981723e-13,2.370872503e-13,3.029290812e-13,3.214556222e-13,6.394646867e-14,1.041673164e-13,1.139241972e-13,8.506727297e-14,1.774147418e-13,1.130417698e-13,7.526926434e-14,5.070859413e-13,4.468984808e-13,8.322981004e-13,7.881525524e-13,5.486634386e-13,1.540250725e-13,1.442646324e-13,5.087944802e-14,7.178995047e-14,4.550344302e-14,1.129016104e-13,6.798180482e-14,7.190013732e-14,1.940068209e-13,4.808263151e-13,2.391726187e-13,7.497763449e-14,2.700203815e-13,9.463315632e-14
10.15625,1.180407329e-12,5.157481818e-13,2.257554348e-13,2.366935079e-13,3.036856784e-13,3.217682651e-13,6.375520491e-14,1.036170699e-13,1.146094151e-13,8.557604952e-14,1.756138814e-13,1.130532534e-13,7.615512012e-14,5.07434301e-13,4.392101894e-13,8.204829581e-13,7.815811821e-13,5.443596329e-13,1.529342092e-13,1.439031769e-13,5.099126155e-14,7.173111285e-14,4.463323195e-14,1.126282658e-13,6.691877696e-14,7.028872168e-14,1.921381528e-13,4.833707885e-13,2.358879085e-13,7.389515009e-14,2.65842107e-13,9.527687474e-14
10.1640625,1.179956414e-12,5.167876485e-13,2.207968858e-13,2.362484514e-13,3.045772617e-13,3.220610406e-13,6.357353342e-14,1.03018485e-13,1.153163119e-13,8.603195298e-14,1.737406189e-13,1.130569195e-13,7.703700813e-14,5.077875395e-13,4.314034376e-13,8.083953151e-13,7.746195743e-13,5.397846331e-13,1.517922986e-13,1.437383094e-13,5.113342848e-14,7.168103551e-14,4.377269045e-14,1.123146713e-13,6.583417313e-14,6.869229958e-14,1.901891796e-13,4.856953439e-13,2.325144e-13,7.278547744e-14,2.615315628e-13,9.593076396e-14
10.171875,1.178572949e-12,5.180137191e-13,2.15629615e-13,2.357180733e-13,3.051667182e-13,3.221367777e-13,6.34304719e-14,1.02359788e-13,1.159530316e-13,8.643741381e-14,1.71824397e-13,1.130343819e-13,7.790499951e-14,5.078457102e-13,4.233790242e-13,7.959226657e-13,7.670785304e-13,5.348192147e-13,1.505007759e-13,1.436257191e-13,5.130885319e-14,7.157259204e-14,4.291968081e-14,1.118412211e-13,6.471620338e-14,6.711025151e-14,1.880581608e-13,4.877995581e-13,2.291116607e-13,7.165846493e-14,2.5703483e-13,9.654350305e-14
10.1796875,1.176261868e-12,5.19148463e-13,2.104523294e-13,2.352455273e-13,3.054142993e-13,3.219900162e-13,6.323741501e-14,1.01707018e-13,1.165346668e-13,8.688028372e-14,1.698749514e-13,1.129984386e-13,7.874100576e-14,5.075460714e-13,4.15037963e-13,7.828138335e-13,7.588836019e-13,5.293896625e-13,1.490962791e-13,1.43563526e-13,5.151040347e-14,7.140650967e-14,4.20772993e-14,1.112833009e-13,6.351959289e-14,6.550176375e-14,1.858769545e-13,4.897735956e-13,2.25772564e-13,7.05520291e-14,2.525342959e-13,9.708390579e-14
10.1875,1.173986882e-12,5.200823293e-13,2.053956047e-13,2.348150789e-13,3.058170214e-13,3.218036226e-13,6.297792168e-14,1.010475962e-13,1.171384017e-13,8.733530587e-14,1.678795065e-13,1.129942119e-13,7.956432667e-14,5.072925133e-13,4.0655357e-13,7.692600406e-13,7.505259847e-13,5.238561562e-13,1.477659207e-13,1.435973498e-13,5.17005418e-14,7.126845524e-14,4.124070104e-14,1.107258187e-13,6.22889197e-14,6.382578532e-14,1.837671098e-13,4.916917823e-13,2.224626535e-13,6.945881143e-14,2.481804384e-13,9.756934776e-14
10.1953125,1.172026079e-12,5.209004467e-13,2.003037861e-13,2.343346563e-13,3.064246485e-13,3.217093322e-13,6.275890241e-14,1.003286345e-13,1.177503001e-13,8.775290172e-14,1.658407563e-13,1.130020972e-13,8.042415094e-14,5.071847594e-13,3.982194788e-13,7.558487863e-13,7.425276052e-13,5.185277252e-13,1.465176207e-13,1.436042606e-13,5.183714954e-14,7.116747008e-14,4.042537144e-14,1.101108854e-13,6.112090544e-14,6.215453693e-14,1.817132391e-13,4.934438158e-13,2.191213847e-13,6.83489737e-14,2.439303993e-13,9.801318744e-14
10.203125,1.169460926e-12,5.216391009e-13,1.952207143e-13,2.339102069e-13,3.069152776e-13,3.216226564e-13,6.258641274e-14,9.960390138e-14,1.18348009e-13,8.817512334e-14,1.638140025e-13,1.129865016e-13,8.131583364e-14,5.06924641e-13,3.901666094e-13,7.428383183e-13,7.345665222e-13,5.130793891e-13,1.451975738e-13,1.437417974e-13,5.195538903e-14,7.103727392e-14,3.962221862e-14,1.094304657e-13,5.997260626e-14,6.057888965e-14,1.796838988e-13,4.950018893e-13,2.158092824e-13,6.725242342e-14,2.396340823e-13,9.842474806e-14
10.2109375,1.166058772e-12,5.223884949e-13,1.90343807e-13,2.335242745e-13,3.073275974e-13,3.213718341e-13,6.239683512e-14,9.892783853e-14,1.189458799e-13,8.863476633e-14,1.618882979e-13,1.129791861e-13,8.218875203e-14,5.065415106e-13,3.823133255e-13,7.299050522e-13,7.262295328e-13,5.073745836e-13,1.438345078e-13,1.4421043e-13,5.212826238e-14,7.086616421e-14,3.880297596e-14,1.08767055e-13,5.877915545e-14,5.902530469e-14,1.776428726e-13,4.964929228e-13,2.126192776e-13,6.621022211e-14,2.353370443e-13,9.880962087e-14
10.21875,1.162397025e-12,5.230434363e-13,1.856411941e-13,2.330537089e-13,3.077669215e-13,3.209510335e-13,6.221629577e-14,9.825653885e-14,1.19510929e-13,8.909180845e-14,1.600476217e-13,1.129767587e-13,8.309214904e-14,5.062496574e-13,3.7453115e-13,7.167848033e-13,7.177191126e-13,5.018045402e-13,1.425100097e-13,1.446956267e-13,5.235431562e-14,7.0679825e-14,3.798453386e-14,1.080710479e-13,5.760475303e-14,5.74046865e-14,1.755745857e-13,4.978058475e-13,2.095525909e-13,6.51903055e-14,2.312563536e-13,9.915067055e-14
10.2265625,1.158398378e-12,5.234978529e-13,1.809938173e-13,2.326033501e-13,3.081269654e-13,3.204490575e-13,6.205563362e-14,9.753712106e-14,1.200044676e-13,8.950676747e-14,1.581913692e-13,1.129328038e-13,8.409491823e-14,5.059548151e-13,3.667441701e-13,7.036027158e-13,7.09153106e-13,4.962874526e-13,1.411453058e-13,1.450446666e-13,5.259749831e-14,7.047212677e-14,3.718081875e-14,1.072309089e-13,5.645524338e-14,5.57633518e-14,1.735693891e-13,4.988244639e-13,2.065573488e-13,6.415545594e-14,2.272895751e-13,9.942799072e-14
10.234375,1.153849664e-12,5.238600488e-13,1.763397581e-13,2.321637107e-13,3.084044287e-13,3.198459262e-13,6.187051552e-14,9.674969525e-14,1.204170888e-13,8.98952276e-14,1.563088954e-13,1.128460019e-13,8.506981661e-14,5.054927727e-13,3.588840856e-13,6.903520125e-13,7.003815024e-13,4.903848708e-13,1.397260507e-13,1.455646887e-13,5.286289326e-14,7.022277133e-14,3.63795291e-14,1.063289578e-13,5.524736214e-14,5.413609708e-14,1.716602252e-13,4.997233395e-13,2.035603915e-13,6.312791285e-14,2.231045741e-13,9.964037033e-14
10.2421875,1.149006564e-12,5.241010822e-13,1.716161201e-13,2.315199103e-13,3.086030714e-13,3.190908264e-13,6.168129241e-14,9.591595002e-14,1.207560576e-13,9.029591246e-14,1.54441709e-13,1.127101012e-13,8.591014987e-14,5.048575571e-13,3.509838493e-13,6.769123955e-13,6.91458069e-13,4.841983827e-13,1.383156498e-13,1.462152873e-13,5.314345206e-14,6.993385354e-14,3.559514163e-14,1.054952165e-13,5.400398301e-14,5.251477128e-14,1.697454115e-13,5.004771352e-13,2.005355809e-13,6.211090566e-14,2.18744405e-13,9.981099314e-14
10.25,1.143700699e-12,5.242582272e-13,1.668803041e-13,2.307916889e-13,3.086741544e-13,3.181974195e-13,6.152374559e-14,9.509478907e-14,1.210883243e-13,9.074184753e-14,1.5258556e-13,1.125520946e-13,8.676324118e-14,5.041219578e-13,3.432227539e-13,6.635488481e-13,6.824848427e-13,4.780061645e-13,1.368767153e-13,1.467905605e-13,5.340690495e-14,6.963427753e-14,3.482924874e-14,1.046493854e-13,5.278943305e-14,5.092526426e-14,1.678492653e-13,5.009249403e-13,1.975823346e-13,6.10806754e-14,2.144627328e-13,9.995339949e-14
10.2578125,1.137737482e-12,5.243221259e-13,1.62306859e-13,2.301966756e-13,3.087662748e-13,3.172236045e-13,6.138486857e-14,9.428141705e-14,1.214376987e-13,9.125311285e-14,1.507734097e-13,1.124715729e-13,8.76948614e-14,5.034469879e-13,3.356769307e-13,6.505000595e-13,6.735467282e-13,4.718261889e-13,1.354304181e-13,1.474461483e-13,5.367212133e-14,6.933807572e-14,3.405014585e-14,1.03693865e-13,5.158842643e-14,4.935750243e-14,1.661113225e-13,5.012421725e-13,1.947633889e-13,6.008326296e-14,2.102489464e-13,1.000214218e-13
10.265625,1.13173909e-12,5.238382587e-13,1.579250906e-13,2.295247262e-13,3.089797932e-13,3.162621818e-13,6.125714308e-14,9.342130424e-14,1.217091104e-13,9.17633234e-14,1.490382403e-13,1.124230566e-13,8.855300625e-14,5.029085288e-13,3.282417742e-13,6.375655562e-13,6.647914232e-13,4.656796286e-13,1.340448476e-13,1.481842399e-13,5.398004485e-14,6.901807951e-14,3.325944749e-14,1.027203477e-13,5.038046395e-14,4.780382769e-14,1.644959415e-13,5.014673751e-13,1.920116759e-13,5.916164017e-14,2.060296469e-13,1.000025385e-13
10.2734375,1.126054495e-12,5.231003976e-13,1.535499798e-13,2.286593196e-13,3.0917214e-13,3.15308148e-13,6.112259901e-14,9.252814936e-14,1.218967092e-13,9.216349009e-14,1.472902285e-13,1.122575432e-13,8.934291528e-14,5.023554334e-13,3.208613075e-13,6.246395096e-13,6.560756999e-13,4.59512319e-13,1.326266777e-13,1.488620561e-13,5.431506613e-14,6.866956387e-14,3.247855351e-14,1.017754395e-13,4.916538074e-14,4.633490781e-14,1.62898224e-13,5.014243029e-13,1.893346911e-13,5.824435185e-14,2.018686231e-13,9.999685164e-14
10.28125,1.120149905e-12,5.231137679e-13,1.490832812e-13,2.279100853e-13,3.092580681e-13,3.142238928e-13,6.095680638e-14,9.163430316e-14,1.22103773e-13,9.251948301e-14,1.454756638e-13,1.120467089e-13,9.018965042e-14,5.016837501e-13,3.136111686e-13,6.119099205e-13,6.472188748e-13,4.532773539e-13,1.311378345e-13,1.49669488e-13,5.464421805e-14,6.832776586e-14,3.171007713e-14,1.007619799e-13,4.79555843e-14,4.494603817e-14,1.613886947e-13,5.013558483e-13,1.868038876e-13,5.729680669e-14,1.978175753e-13,1.000244205e-13
10.2890625,1.113706841e-12,5.233805647e-13,1.447229533e-13,2.273072726e-13,3.09255958e-13,3.129544993e-13,6.077965196e-14,9.072539144e-14,1.223024209e-13,9.298186741e-14,1.436775389e-13,1.119156921e-13,9.103096201e-14,5.009175807e-13,3.065695773e-13,5.994638465e-13,6.384835711e-13,4.472012087e-13,1.297019865e-13,1.507071234e-13,5.495490468e-14,6.79820624e-14,3.09598243e-14,9.969595389e-14,4.679009979e-14,4.353673177e-14,1.600322089e-13,5.013831787e-13,1.843557891e-13,5.640623068e-14,1.938887143e-13,9.994741912e-14
10.296875,1.107050238e-12,5.227771261e-13,1.406435094e-13,2.265677979e-13,3.092356887e-13,3.115943491e-13,6.060640025e-14,8.979576394e-14,1.224097251e-13,9.350525277e-14,1.419180649e-13,1.117684929e-13,9.181033505e-14,5.000530857e-13,2.997213595e-13,5.872379427e-13,6.299977299e-13,4.413315489e-13,1.283172893e-13,1.518189535e-13,5.524068434e-14,6.759539545e-14,3.022776417e-14,9.86704733e-14,4.565296022e-14,4.21093154e-14,1.587151093e-13,5.01106633e-13,1.819362384e-13,5.558132432e-14,1.900287357e-13,9.97402286e-14
10.3046875,1.100546738e-12,5.219509156e-13,1.367224831e-13,2.257699875e-13,3.093247387e-13,3.102679059e-13,6.044590267e-14,8.885063026e-14,1.224730919e-13,9.40070128e-14,1.401772441e-13,1.11561682e-13,9.26307663e-14,4.99181899e-13,2.930414166e-13,5.751622794e-13,6.21518491e-13,4.354439666e-13,1.269303434e-13,1.529481629e-13,5.555401154e-14,6.719257811e-14,2.949768825e-14,9.763213041e-14,4.448616683e-14,4.073406038e-14,1.573673958e-13,5.006058098e-13,1.796628454e-13,5.474607866e-14,1.861478195e-13,9.952445471e-14
10.3125,1.094072744e-12,5.217436957e-13,1.328745468e-13,2.250501938e-13,3.094194715e-13,3.08983669e-13,6.032706304e-14,8.79033681e-14,1.225310141e-13,9.454951809e-14,1.385221557e-13,1.113940581e-13,9.348802904e-14,4.984188322e-13,2.866095133e-13,5.63255356e-13,6.13059022e-13,4.295618423e-13,1.255949548e-13,1.540554211e-13,5.597368982e-14,6.679545732e-14,2.877126882e-14,9.652027658e-14,4.331962871e-14,3.940896576e-14,1.560946075e-13,5.002698081e-13,1.776173562e-13,5.393299017e-14,1.823024431e-13,9.93072959e-14
10.3203125,1.087072281e-12,5.215505437e-13,1.292132452e-13,2.242232201e-13,3.092939113e-13,3.075787254e-13,6.021367937e-14,8.698316773e-14,1.225386018e-13,9.510813691e-14,1.369367793e-13,1.112201624e-13,9.427570459e-14,4.976307487e-13,2.804547888e-13,5.516564465e-13,6.047193657e-13,4.237266847e-13,1.242474845e-13,1.552171664e-13,5.645006227e-14,6.636765544e-14,2.807143945e-14,9.539154458e-14,4.2209517e-14,3.813148036e-14,1.54981161e-13,4.997911501e-13,1.75745466e-13,5.319336624e-14,1.785817052e-13,9.903835951e-14
10.328125,1.079434866e-12,5.209421409e-13,1.257318931e-13,2.233007238e-13,3.090715105e-13,3.059931591e-13,6.006212546e-14,8.605764842e-14,1.22504931e-13,9.557953727e-14,1.353376135e-13,1.109768248e-13,9.502425995e-14,4.967148899e-13,2.744382257e-13,5.403533429e-13,5.96374399e-13,4.1780801e-13,1.227841617e-13,1.566024801e-13,5.687526451e-14,6.591134135e-14,2.740870422e-14,9.42590755e-14,4.112677024e-14,3.69354001e-14,1.539871177e-13,4.988883521e-13,1.740149955e-13,5.246986013e-14,1.749551046e-13,9.877981739e-14
10.3359375,1.071671987e-12,5.202370356e-13,1.22310706e-13,2.224163497e-13,3.089626296e-13,3.043493516e-13,5.993801827e-14,8.508398639e-14,1.224580491e-13,9.601351757e-14,1.337774141e-13,1.107595513e-13,9.58030361e-14,4.958249841e-13,2.685196032e-13,5.291578868e-13,5.880971658e-13,4.119399665e-13,1.213209411e-13,1.579857255e-13,5.727051047e-14,6.546468124e-14,2.676165616e-14,9.308906216e-14,4.003903715e-14,3.58051047e-14,1.530676354e-13,4.978507171e-13,1.724236505e-13,5.173447471e-14,1.714297356e-13,9.854440509e-14
10.34375,1.063812903e-12,5.194870869e-13,1.189311889e-13,2.214449727e-13,3.088625419e-13,3.025941517e-13,5.98666396e-14,8.412878399e-14,1.223549417e-13,9.646155996e-14,1.322532213e-13,1.105588232e-13,9.657386144e-14,4.949729532e-13,2.628385415e-13,5.181231859e-13,5.799933256e-13,4.062435816e-13,1.199405071e-13,1.591899604e-13,5.769097634e-14,6.50053008e-14,2.611227981e-14,9.190286137e-14,3.896981527e-14,3.470928639e-14,1.522507964e-13,4.966863235e-13,1.709402919e-13,5.10170756e-14,1.679969444e-13,9.824618673e-14
10.3515625,1.055516176e-12,5.185947124e-13,1.156119339e-13,2.204619634e-13,3.086577796e-13,3.006541253e-13,5.978230254e-14,8.323709141e-14,1.221843744e-13,9.68849184e-14,1.306475417e-13,1.10261862e-13,9.728960852e-14,4.939737486e-13,2.574128065e-13,5.074167275e-13,5.718676665e-13,4.00489001e-13,1.185406754e-13,1.605068013e-13,5.811002522e-14,6.451089356e-14,2.549351803e-14,9.071158147e-14,3.794470385e-14,3.366297275e-14,1.51588347e-13,4.953044578e-13,1.695764649e-13,5.029500605e-14,1.645220317e-13,9.791244444e-14
10.359375,1.047089578e-12,5.176782168e-13,1.123773042e-13,2.196415963e-13,3.084086904e-13,2.987374945e-13,5.970647698e-14,8.235222882e-14,1.219999921e-13,9.734494855e-14,1.290478243e-13,1.099223313e-13,9.796026935e-14,4.928435804e-13,2.521616384e-13,4.969702002e-13,5.637386227e-13,3.946700973e-13,1.171197428e-13,1.619517064e-13,5.853258472e-14,6.401728203e-14,2.493038404e-14,8.949894133e-14,3.697448314e-14,3.267344989e-14,1.510653565e-13,4.940452718e-13,1.683576029e-13,4.955500865e-14,1.609915749e-13,9.762300813e-14
10.3671875,1.038857284e-12,5.168950731e-13,1.092793327e-13,2.18746702e-13,3.081343413e-13,2.969071077e-13,5.96748149e-14,8.148068044e-14,1.218089328e-13,9.788970667e-14,1.275968732e-13,1.096286676e-13,9.863547197e-14,4.917421168e-13,2.47162323e-13,4.868262083e-13,5.558691474e-13,3.890416033e-13,1.157617999e-13,1.633494962e-13,5.899972816e-14,6.353188661e-14,2.437810513e-14,8.827624838e-14,3.604932193e-14,3.173085081e-14,1.505956891e-13,4.929124478e-13,1.672474584e-13,4.884359011e-14,1.575459357e-13,9.733079192e-14
10.375,1.030443317e-12,5.162465634e-13,1.063312976e-13,2.177250094e-13,3.078077543e-13,2.949649689e-13,5.961944942e-14,8.065772255e-14,1.215761542e-13,9.840893233e-14,1.262094196e-13,1.093438548e-13,9.935672291e-14,4.907061025e-13,2.424851685e-13,4.77201088e-13,5.48239075e-13,3.835898272e-13,1.144373546e-13,1.648682517e-13,5.948496016e-14,6.303040785e-14,2.38179832e-14,8.705392426e-14,3.514238059e-14,3.084213261e-14,1.501583894e-13,4.914942183e-13,1.662704112e-13,4.817535306e-14,1.542465211e-13,9.69773603e-14
10.3828125,1.021620867e-12,5.154944742e-13,1.035509934e-13,2.168473487e-13,3.074498909e-13,2.928753817e-13,5.953003976e-14,7.981377952e-14,1.212912481e-13,9.885954305e-14,1.248547719e-13,1.090514147e-13,1.000688066e-13,4.896799731e-13,2.379842711e-13,4.679354689e-13,5.407485678e-13,3.782336098e-13,1.131199818e-13,1.664167045e-13,5.996335839e-14,6.251758227e-14,2.330170723e-14,8.583316155e-14,3.426027717e-14,2.999321801e-14,1.498594957e-13,4.898146428e-13,1.655559365e-13,4.752543728e-14,1.510890007e-13,9.657801436e-14
10.390625,1.012608829e-12,5.146054373e-13,1.009540365e-13,2.159521598e-13,3.0707194e-13,2.906665698e-13,5.945690061e-14,7.89231905e-14,1.209553255e-13,9.930546162e-14,1.236366049e-13,1.087706689e-13,1.00707143e-13,4.885900137e-13,2.335596231e-13,4.587456691e-13,5.334464547e-13,3.729920981e-13,1.118489907e-13,1.677565509e-13,6.04694895e-14,6.19929233e-14,2.28238236e-14,8.461316769e-14,3.341759393e-14,2.91671621e-14,1.497890786e-13,4.881038632e-13,1.651171972e-13,4.689058107e-14,1.480370468e-13,9.612669005e-14
10.3984375,1.003420934e-12,5.138381021e-13,9.846025559e-14,2.14823506e-13,3.066484927e-13,2.882801583e-13,5.935722826e-14,7.806510318e-14,1.205703478e-13,9.971912228e-14,1.224700612e-13,1.084669768e-13,1.013254084e-13,4.874032412e-13,2.293311877e-13,4.497866522e-13,5.262651986e-13,3.67742711e-13,1.106044461e-13,1.691899021e-13,6.10097423e-14,6.144018538e-14,2.232133719e-14,8.337961088e-14,3.258217543e-14,2.840039932e-14,1.49900075e-13,4.862484238e-13,1.647850036e-13,4.628244525e-14,1.449914699e-13,9.5615507e-14
10.40625,9.939739514e-13,5.129907164e-13,9.599863739e-14,2.136481456e-13,3.062096648e-13,2.85726115e-13,5.92006372e-14,7.724221061e-14,1.201296767e-13,1.000660599e-13,1.211979792e-13,1.081107916e-13,1.019481145e-13,4.861890129e-13,2.25380054e-13,4.412192405e-13,5.191186855e-13,3.624938555e-13,1.093519084e-13,1.708424788e-13,6.155154836e-14,6.085814227e-14,2.181292121e-14,8.214525435e-14,3.175062199e-14,2.771505066e-14,1.500748594e-13,4.840808214e-13,1.644517649e-13,4.57043583e-14,1.419121604e-13,9.507303562e-14
10.4140625,9.844410263e-13,5.11683336e-13,9.360095578e-14,2.124007129e-13,3.058428597e-13,2.8301408e-13,5.90569191e-14,7.640566157e-14,1.196155889e-13,1.004297379e-13,1.19897908e-13,1.077228426e-13,1.025098521e-13,4.850007414e-13,2.216484273e-13,4.329076462e-13,5.121087069e-13,3.574952594e-13,1.0812916e-13,1.723503148e-13,6.209667832e-14,6.025139295e-14,2.135724124e-14,8.093275811e-14,3.098171316e-14,2.709112115e-14,1.502873826e-13,4.816828522e-13,1.641832974e-13,4.515192342e-14,1.388479283e-13,9.45078467e-14
10.421875,9.748446738e-13,5.101806897e-13,9.130606224e-14,2.109619789e-13,3.054909194e-13,2.80171567e-13,5.894725791e-14,7.557990916e-14,1.190519618e-13,1.008566802e-13,1.187265876e-13,1.073429853e-13,1.030187465e-13,4.83742653e-13,2.181056415e-13,4.248544578e-13,5.052849514e-13,3.526807381e-13,1.069635301e-13,1.737065659e-13,6.267191273e-14,5.963722081e-14,2.093495329e-14,7.972404703e-14,3.027539606e-14,2.653710007e-14,1.506367304e-13,4.792478445e-13,1.640507389e-13,4.461680586e-14,1.358337525e-13,9.392000233e-14
10.4296875,9.648511116e-13,5.087893312e-13,8.910102578e-14,2.095901811e-13,3.049716236e-13,2.77287929e-13,5.88137526e-14,7.477917544e-14,1.184680591e-13,1.012698214e-13,1.176568838e-13,1.06974397e-13,1.035072293e-13,4.82286076e-13,2.147305667e-13,4.171194515e-13,4.98518825e-13,3.477596303e-13,1.058077266e-13,1.751054809e-13,6.326787506e-14,5.902245846e-14,2.051244138e-14,7.852577512e-14,2.956630875e-14,2.605126399e-14,1.511643569e-13,4.76777256e-13,1.640356612e-13,4.408784516e-14,1.328532756e-13,9.33120871e-14
10.4375,9.545056866e-13,5.07285905e-13,8.695099458e-14,2.083792929e-13,3.043354904e-13,2.743578624e-13,5.864631719e-14,7.397291735e-14,1.178404047e-13,1.016157718e-13,1.165605793e-13,1.065596982e-13,1.039599397e-13,4.807347372e-13,2.11481416e-13,4.095555066e-13,4.917790061e-13,3.428400707e-13,1.046158384e-13,1.763990364e-13,6.384277941e-14,5.83813229e-14,2.010789445e-14,7.737815631e-14,2.885284483e-14,2.56020236e-14,1.517801299e-13,4.741062967e-13,1.641262268e-13,4.356284883e-14,1.298624817e-13,9.26671904e-14
10.4453125,9.444152361e-13,5.055286242e-13,8.486181654e-14,2.070982197e-13,3.038236981e-13,2.714267634e-13,5.849041578e-14,7.316914824e-14,1.171800284e-13,1.019387027e-13,1.154275763e-13,1.060862918e-13,1.044246925e-13,4.793573909e-13,2.084112956e-13,4.021695887e-13,4.852379315e-13,3.381698986e-13,1.034260349e-13,1.77480767e-13,6.439524309e-14,5.773185606e-14,1.972592153e-14,7.626937281e-14,2.817738441e-14,2.521108872e-14,1.524391983e-13,4.713063599e-13,1.643567963e-13,4.305788701e-14,1.268845692e-13,9.199612916e-14
10.453125,9.345612879e-13,5.036834143e-13,8.285645592e-14,2.057227877e-13,3.034384547e-13,2.68558472e-13,5.835096296e-14,7.238415996e-14,1.16511859e-13,1.022614459e-13,1.14321264e-13,1.056137816e-13,1.049149338e-13,4.781146606e-13,2.055857106e-13,3.951428256e-13,4.789299876e-13,3.336212637e-13,1.022912462e-13,1.785513534e-13,6.497270632e-14,5.709962399e-14,1.93483968e-14,7.516602237e-14,2.753149566e-14,2.489112189e-14,1.531762468e-13,4.68491252e-13,1.647140101e-13,4.256530335e-14,1.239763394e-13,9.131629487e-14
10.4609375,9.242462816e-13,5.018306584e-13,8.089270855e-14,2.043668178e-13,3.029968502e-13,2.655595597e-13,5.818821095e-14,7.161557058e-14,1.157859459e-13,1.025480488e-13,1.132143003e-13,1.051564743e-13,1.053451435e-13,4.767330376e-13,2.029863001e-13,3.884810064e-13,4.72701846e-13,3.290783985e-13,1.01173427e-13,1.797877293e-13,6.559207902e-14,5.642504013e-14,1.897992213e-14,7.406724102e-14,2.68999229e-14,2.458744512e-14,1.539998502e-13,4.654530746e-13,1.651425446e-13,4.204980533e-14,1.21091705e-13,9.060235355e-14
10.46875,9.136174182e-13,4.999922885e-13,7.898393259e-14,2.030329326e-13,3.024888684e-13,2.623904738e-13,5.800308893e-14,7.087910887e-14,1.15009824e-13,1.028168352e-13,1.120995642e-13,1.047045538e-13,1.057540993e-13,4.75306421e-13,2.006444113e-13,3.82190313e-13,4.666684699e-13,3.247586575e-13,1.000349605e-13,1.810417859e-13,6.62325378e-14,5.570428021e-14,1.862367423e-14,7.297848374e-14,2.630340948e-14,2.430633975e-14,1.549479469e-13,4.622076023e-13,1.656715436e-13,4.153317195e-14,1.182457785e-13,8.986789434e-14
10.4765625,9.03254108e-13,4.982751623e-13,7.721127152e-14,2.016726369e-13,3.019784249e-13,2.59267076e-13,5.781783376e-14,7.015891932e-14,1.142331236e-13,1.030999616e-13,1.110461891e-13,1.042450817e-13,1.062161289e-13,4.740094338e-13,1.985853581e-13,3.763048571e-13,4.609826611e-13,3.206842818e-13,9.891164975e-14,1.820822004e-13,6.68750784e-14,5.501363782e-14,1.82753749e-14,7.191171276e-14,2.574386486e-14,2.410862743e-14,1.560773125e-13,4.590419245e-13,1.663418248e-13,4.105852655e-14,1.155370219e-13,8.914995723e-14
10.484375,8.9278203e-13,4.965611476e-13,7.54801116e-14,2.001813291e-13,3.013882082e-13,2.560522853e-13,5.760205381e-14,6.942231477e-14,1.133829922e-13,1.033483168e-13,1.099993758e-13,1.037026621e-13,1.066198561e-13,4.725731131e-13,1.966837484e-13,3.705841611e-13,4.552516351e-13,3.16551827e-13,9.77845638e-14,1.830555323e-13,6.749162809e-14,5.431126023e-14,1.794710662e-14,7.087016838e-14,2.520258129e-14,2.399579532e-14,1.573394487e-13,4.557535953e-13,1.670550257e-13,4.058745993e-14,1.128326511e-13,8.841863594e-14
10.4921875,8.819014179e-13,4.944798507e-13,7.368169991e-14,1.985385018e-13,3.00692619e-13,2.525563829e-13,5.734614716e-14,6.871748528e-14,1.124509692e-13,1.035693959e-13,1.088954784e-13,1.03080859e-13,1.069089044e-13,4.708823775e-13,1.948501325e-13,3.648300667e-13,4.491591506e-13,3.123467611e-13,9.660820883e-14,1.841312681e-13,6.808148395e-14,5.354795207e-14,1.763691464e-14,6.982162105e-14,2.468320333e-14,2.396333314e-14,1.586607868e-13,4.520691302e-13,1.677704872e-13,4.008852213e-14,1.100110393e-13,8.767535559e-14
10.5,8.710550693e-13,4.920736194e-13,7.19301928e-14,1.969269209e-13,3.000104773e-13,2.489580719e-13,5.709572415e-14,6.8075912e-14,1.115438991e-13,1.038315682e-13,1.07841739e-13,1.024776446e-13,1.071898851e-13,4.692138287e-13,1.931524576e-13,3.592051962e-13,4.430728048e-13,3.08311384e-13,9.545134843e-14,1.850980077e-13,6.868074074e-14,5.280798031e-14,1.733055652e-14,6.875356427e-14,2.41938251e-14,2.40143253e-14,1.600468707e-13,4.482558776e-13,1.686218213e-13,3.959995111e-14,1.072737706e-13,8.696428263e-14
10.5078125,8.601929471e-13,4.897367178e-13,7.024666009e-14,1.954253715e-13,2.99338333e-13,2.452950741e-13,5.683511259e-14,6.742713813e-14,1.106015749e-13,1.040597208e-13,1.068292972e-13,1.018581139e-13,1.074745467e-13,4.675600451e-13,1.916734772e-13,3.53888343e-13,4.373098766e-13,3.044383629e-13,9.436289304e-14,1.85911106e-13,6.926275743e-14,5.20882122e-14,1.703785169e-14,6.770285287e-14,2.372930147e-14,2.410651742e-14,1.615227065e-13,4.444245924e-13,1.695768992e-13,3.911989681e-14,1.046632093e-13,8.622809365e-14
10.515625,8.490409157e-13,4.87331441e-13,6.853428507e-14,1.939215032e-13,2.985704556e-13,2.415234709e-13,5.651830952e-14,6.676499916e-14,1.095592052e-13,1.041895692e-13,1.057198185e-13,1.011822275e-13,1.077148537e-13,4.657660006e-13,1.904481399e-13,3.489354443e-13,4.317597323e-13,3.00643905e-13,9.327376142e-14,1.867508273e-13,6.9784423e-14,5.130415742e-14,1.676157003e-14,6.671224575e-14,2.328633575e-14,2.423418095e-14,1.630890846e-13,4.404037686e-13,1.704514559e-13,3.862944767e-14,1.019696068e-13,8.540911987e-14
10.5234375,8.378183313e-13,4.845401955e-13,6.690144435e-14,1.924391468e-13,2.977323788e-13,2.378146298e-13,5.617221917e-14,6.61595741e-14,1.08541848e-13,1.043484853e-13,1.045938176e-13,1.005551617e-13,1.079421732e-13,4.639004491e-13,1.894103706e-13,3.443265878e-13,4.2630827e-13,2.969657361e-13,9.21644966e-14,1.875234654e-13,7.02932372e-14,5.050650954e-14,1.648693529e-14,6.578928932e-14,2.285922281e-14,2.443143298e-14,1.647017092e-13,4.363201088e-13,1.7133406e-13,3.816319015e-14,9.925194537e-14,8.457271165e-14
10.53125,8.265466962e-13,4.817236947e-13,6.541968238e-14,1.910840632e-13,2.968552573e-13,2.341154554e-13,5.581162422e-14,6.55865883e-14,1.0754859e-13,1.045592632e-13,1.035572868e-13,9.99506911e-14,1.081773219e-13,4.619437786e-13,1.884394396e-13,3.398558986e-13,4.208688819e-13,2.933587913e-13,9.108556619e-14,1.881714547e-13,7.079961643e-14,4.974821621e-14,1.621884989e-14,6.487386128e-14,2.244055363e-14,2.468487314e-14,1.66336926e-13,4.322316582e-13,1.724097958e-13,3.771324467e-14,9.667080693e-14,8.376722761e-14
10.5390625,8.153164196e-13,4.792743074e-13,6.397749622e-14,1.897309558e-13,2.95936243e-13,2.302754358e-13,5.5402535e-14,6.502360494e-14,1.064833298e-13,1.046957955e-13,1.025153653e-13,9.924926052e-14,1.08424725e-13,4.599359338e-13,1.876187149e-13,3.354688148e-13,4.154455149e-13,2.898451184e-13,9.004495992e-14,1.88813357e-13,7.12473464e-14,4.898848946e-14,1.596040475e-14,6.391037305e-14,2.203437211e-14,2.499637278e-14,1.680945973e-13,4.279863355e-13,1.736087775e-13,3.724356457e-14,9.417031583e-14,8.298995628e-14
10.546875,8.044847424e-13,4.770193725e-13,6.260002216e-14,1.882200469e-13,2.950824416e-13,2.264000886e-13,5.495916297e-14,6.454489556e-14,1.054215944e-13,1.048133537e-13,1.014841628e-13,9.853187123e-14,1.086745496e-13,4.580787449e-13,1.871251998e-13,3.314580571e-13,4.102237432e-13,2.8655151e-13,8.903617672e-14,1.893710455e-13,7.170541873e-14,4.823191321e-14,1.570453513e-14,6.297068431e-14,2.164653752e-14,2.539371166e-14,1.700186273e-13,4.237295117e-13,1.748495106e-13,3.679492954e-14,9.169783703e-14,8.224989996e-14
10.5546875,7.936416584e-13,4.748070834e-13,6.13081451e-14,1.866876432e-13,2.942716457e-13,2.224406536e-13,5.452101633e-14,6.412846443e-14,1.043875987e-13,1.050024023e-13,1.005708852e-13,9.787714256e-14,1.088642081e-13,4.562304239e-13,1.869088131e-13,3.279012033e-13,4.051712769e-13,2.833718185e-13,8.805219053e-14,1.898060729e-13,7.227114945e-14,4.747935322e-14,1.5468668e-14,6.215232415e-14,2.127981195e-14,2.584164646e-14,1.719856658e-13,4.195641431e-13,1.761380867e-13,3.638539314e-14,8.92304307e-14,8.14881294e-14
10.5625,7.823991339e-13,4.726211572e-13,5.996326761e-14,1.853198046e-13,2.933543953e-13,2.183115408e-13,5.408610717e-14,6.366833984e-14,1.033062267e-13,1.051405666e-13,9.967831733e-14,9.720911377e-14,1.090143584e-13,4.542472832e-13,1.868843242e-13,3.245820275e-13,4.00132679e-13,2.801914951e-13,8.707511611e-14,1.90209404e-13,7.285733038e-14,4.669790495e-14,1.525919288e-14,6.140257035e-14,2.093811674e-14,2.631571164e-14,1.739646269e-13,4.152581168e-13,1.773978717e-13,3.595187435e-14,8.675856177e-14,8.064066602e-14
10.5703125,7.712787304e-13,4.702436366e-13,5.86125994e-14,1.840660487e-13,2.924299772e-13,2.142499339e-13,5.363515509e-14,6.319200759e-14,1.022158296e-13,1.051533165e-13,9.871374062e-14,9.651085477e-14,1.092073202e-13,4.52370153e-13,1.871193318e-13,3.214813937e-13,3.952009434e-13,2.771205836e-13,8.611946529e-14,1.905345729e-13,7.336557918e-14,4.592344648e-14,1.505198801e-14,6.062051365e-14,2.062232937e-14,2.685791824e-14,1.760558036e-13,4.107293875e-13,1.786531909e-13,3.548454381e-14,8.437804449e-14,7.977393208e-14
10.578125,7.602579794e-13,4.675659267e-13,5.739379699e-14,1.828569916e-13,2.91580539e-13,2.102964551e-13,5.315204602e-14,6.27745194e-14,1.011053051e-13,1.05121365e-13,9.775027707e-14,9.577914506e-14,1.094088321e-13,4.505448578e-13,1.876332834e-13,3.187133138e-13,3.903858094e-13,2.741295837e-13,8.518186171e-14,1.90855947e-13,7.384996213e-14,4.516671895e-14,1.485513506e-14,5.982195346e-14,2.034319814e-14,2.748788329e-14,1.783180841e-13,4.060294505e-13,1.800271184e-13,3.50306878e-14,8.201109222e-14,7.893843351e-14
10.5859375,7.489204867e-13,4.6487977e-13,5.622185673e-14,1.817137609e-13,2.906535263e-13,2.062379826e-13,5.264246719e-14,6.239855548e-14,9.991532204e-14,1.050798523e-13,9.681016205e-14,9.496269677e-14,1.095917978e-13,4.485350729e-13,1.884091186e-13,3.163408113e-13,3.855819715e-13,2.711406734e-13,8.423501681e-14,1.912909509e-13,7.435651973e-14,4.438540123e-14,1.469542905e-14,5.90548476e-14,2.011260547e-14,2.820143925e-14,1.807924303e-13,4.012217779e-13,1.814415887e-13,3.459660138e-14,7.948966287e-14,7.808338534e-14
10.59375,7.377278741e-13,4.624086777e-13,5.50303067e-14,1.805665654e-13,2.897085796e-13,2.021193842e-13,5.214341189e-14,6.205709935e-14,9.874971511e-14,1.050379201e-13,9.58818307e-14,9.412231331e-14,1.09815365e-13,4.465499225e-13,1.894553452e-13,3.143679289e-13,3.808745193e-13,2.682701953e-13,8.332107611e-14,1.916716679e-13,7.484250829e-14,4.361748738e-14,1.455440966e-14,5.829549899e-14,1.990269401e-14,2.898766633e-14,1.834123789e-13,3.96537055e-13,1.828047024e-13,3.416783087e-14,7.699516358e-14,7.721843382e-14
10.6015625,7.268037462e-13,4.598224724e-13,5.386828801e-14,1.793659135e-13,2.888912512e-13,1.980113592e-13,5.16644336e-14,6.177270082e-14,9.764736221e-14,1.049997654e-13,9.499757712e-14,9.330988581e-14,1.100564697e-13,4.446893789e-13,1.907052165e-13,3.126086101e-13,3.762336773e-13,2.654861277e-13,8.245564703e-14,1.920251745e-13,7.526647799e-14,4.288733271e-14,1.440454102e-14,5.754296209e-14,1.968236432e-14,2.980780396e-14,1.860018659e-13,3.918978363e-13,1.842096985e-13,3.373008092e-14,7.468152541e-14,7.639977736e-14
10.609375,7.156169009e-13,4.568229129e-13,5.271522317e-14,1.78244621e-13,2.880765091e-13,1.938412697e-13,5.116872685e-14,6.15211074e-14,9.649403961e-14,1.049027851e-13,9.410954123e-14,9.245117933e-14,1.102874955e-13,4.427537615e-13,1.921941079e-13,3.110071213e-13,3.71592398e-13,2.62718084e-13,8.155994675e-14,1.9261157e-13,7.562882171e-14,4.213869184e-14,1.425732885e-14,5.686439027e-14,1.947994566e-14,3.067276919e-14,1.886028179e-13,3.869347806e-13,1.856132353e-13,3.326398781e-14,7.235616027e-14,7.560061387e-14
10.6171875,7.044237707e-13,4.538464184e-13,5.15873348e-14,1.77290951e-13,2.872173593e-13,1.896758794e-13,5.064052064e-14,6.128210208e-14,9.529006534e-14,1.047562165e-13,9.31769228e-14,9.154554635e-14,1.10576925e-13,4.408280249e-13,1.940742464e-13,3.098543009e-13,3.671973051e-13,2.601375643e-13,8.064476323e-14,1.932857336e-13,7.597484291e-14,4.137947328e-14,1.412917072e-14,5.626807139e-14,1.932674094e-14,3.163345953e-14,1.913726405e-13,3.818321486e-13,1.868391856e-13,3.279523643e-14,6.999038435e-14,7.477815325e-14
10.625,6.934862798e-13,4.51147004e-13,5.053004941e-14,1.764122779e-13,2.863888065e-13,1.855535307e-13,5.010562251e-14,6.106908787e-14,9.407943429e-14,1.046387571e-13,9.226556441e-14,9.064963028e-14,1.109113405e-13,4.389933945e-13,1.962703204e-13,3.091589867e-13,3.630469077e-13,2.57687259e-13,7.979980569e-14,1.937945842e-13,7.634089694e-14,4.064068437e-14,1.401375445e-14,5.56900014e-14,1.919894756e-14,3.266470621e-14,1.942632417e-13,3.769151484e-13,1.879692167e-13,3.236542523e-14,6.771765005e-14,7.394769844e-14
10.6328125,6.822994209e-13,4.481585155e-13,4.94719445e-14,1.755467501e-13,2.855295176e-13,1.813828663e-13,4.957511815e-14,6.088459333e-14,9.285079893e-14,1.045125302e-13,9.137094833e-14,8.974094087e-14,1.112117453e-13,4.370859031e-13,1.986224764e-13,3.086220975e-13,3.587850609e-13,2.551083309e-13,7.899749937e-14,1.942394118e-13,7.669099626e-14,3.98923986e-14,1.390336012e-14,5.511420798e-14,1.907585127e-14,3.37326456e-14,1.972347588e-13,3.719018952e-13,1.89193728e-13,3.194759176e-14,6.545424614e-14,7.313219271e-14
10.640625,6.708603603e-13,4.448116931e-13,4.840200641e-14,1.747469075e-13,2.8463108e-13,1.771705611e-13,4.902409404e-14,6.073010045e-14,9.166166117e-14,1.043231395e-13,9.042842198e-14,8.882004022e-14,1.114908818e-13,4.351285381e-13,2.011748809e-13,3.082837896e-13,3.544429129e-13,2.525173885e-13,7.8171703e-14,1.947030158e-13,7.699600039e-14,3.914575415e-14,1.380908901e-14,5.455353475e-14,1.897502647e-14,3.487122604e-14,2.003502285e-13,3.666413474e-13,1.904514839e-13,3.150510333e-14,6.317531137e-14,7.23334408e-14
10.6484375,6.595432236e-13,4.417907945e-13,4.739160048e-14,1.740291123e-13,2.836954185e-13,1.729163861e-13,4.844640126e-14,6.06214678e-14,9.052958961e-14,1.041194615e-13,8.94684894e-14,8.791358787e-14,1.117807862e-13,4.332052347e-13,2.039760313e-13,3.082992071e-13,3.502319686e-13,2.50093998e-13,7.734667068e-14,1.951429509e-13,7.728879621e-14,3.842795132e-14,1.374683454e-14,5.40042833e-14,1.890893655e-14,3.608747847e-14,2.035848309e-13,3.614294893e-13,1.916666237e-13,3.106367922e-14,6.100427026e-14,7.154252128e-14
10.65625,6.482540991e-13,4.390713224e-13,4.639525015e-14,1.733530923e-13,2.826466916e-13,1.686105725e-13,4.787331754e-14,6.05753474e-14,8.93795197e-14,1.039142375e-13,8.852244045e-14,8.699327749e-14,1.120898117e-13,4.31272283e-13,2.070433856e-13,3.086236074e-13,3.461018227e-13,2.4774275e-13,7.654910881e-14,1.956068399e-13,7.757883254e-14,3.770351047e-14,1.371184397e-14,5.351249977e-14,1.887365179e-14,3.735340715e-14,2.069113872e-13,3.562785091e-13,1.929583747e-13,3.063619205e-14,5.889058975e-14,7.076214357e-14
10.6640625,6.369887439e-13,4.360594689e-13,4.537873933e-14,1.727097777e-13,2.815886621e-13,1.643872676e-13,4.730894778e-14,6.059196259e-14,8.82078502e-14,1.036673912e-13,8.75580585e-14,8.604977755e-14,1.124301508e-13,4.293354191e-13,2.104458148e-13,3.092999913e-13,3.420916222e-13,2.45435669e-13,7.576229167e-14,1.961227619e-13,7.784977578e-14,3.696028349e-14,1.368655679e-14,5.311410573e-14,1.88663503e-14,3.866460689e-14,2.102763176e-13,3.510116262e-13,1.942868689e-13,3.019108398e-14,5.675414581e-14,7.001208025e-14
10.671875,6.259066521e-13,4.328267926e-13,4.439555783e-14,1.721179894e-13,2.806198485e-13,1.602605521e-13,4.672857857e-14,6.064538402e-14,8.703720088e-14,1.03376586e-13,8.657286885e-14,8.509372583e-14,1.127714982e-13,4.273672293e-13,2.141282064e-13,3.103644035e-13,3.382761654e-13,2.431918438e-13,7.497799217e-14,1.966804089e-13,7.812230494e-14,3.622501825e-14,1.36631601e-14,5.274299796e-14,1.88780972e-14,4.001396223e-14,2.135653302e-13,3.456750242e-13,1.954500011e-13,2.972625872e-14,5.465216035e-14,6.928576423e-14
10.6796875,6.150389368e-13,4.298338923e-13,4.341759575e-14,1.716092141e-13,2.79691767e-13,1.561185099e-13,4.61468485e-14,6.073014421e-14,8.588011516e-14,1.030533105e-13,8.55844274e-14,8.413230506e-14,1.131142987e-13,4.254528833e-13,2.180401079e-13,3.117318907e-13,3.345586392e-13,2.409766057e-13,7.421305905e-14,1.972904384e-13,7.840503322e-14,3.551097743e-14,1.364111714e-14,5.236032148e-14,1.889949021e-14,4.141112522e-14,2.168779991e-13,3.403373174e-13,1.965149596e-13,2.926594614e-14,5.259583273e-14,6.856700537e-14
10.6875,6.044932815e-13,4.269822457e-13,4.24235993e-14,1.711568443e-13,2.788600097e-13,1.520407656e-13,4.558930937e-14,6.087232954e-14,8.479258849e-14,1.027269127e-13,8.459774573e-14,8.321240794e-14,1.135040231e-13,4.23795677e-13,2.222398334e-13,3.133998934e-13,3.30982461e-13,2.388756539e-13,7.348939055e-14,1.97911588e-13,7.866425935e-14,3.483542623e-14,1.362607158e-14,5.202628762e-14,1.893870647e-14,4.289331684e-14,2.203529023e-13,3.350154417e-13,1.976164538e-13,2.881908598e-14,5.057149286e-14,6.78810639e-14
10.6953125,5.940066334e-13,4.237796624e-13,4.14873226e-14,1.706321958e-13,2.780247818e-13,1.480674352e-13,4.503661486e-14,6.105452469e-14,8.372808232e-14,1.024193323e-13,8.361220786e-14,8.231195261e-14,1.138947537e-13,4.221593999e-13,2.266334275e-13,3.153317882e-13,3.275977957e-13,2.36876909e-13,7.278110072e-14,1.985251234e-13,7.888728532e-14,3.417807924e-14,1.362964092e-14,5.17626782e-14,1.900386271e-14,4.444748274e-14,2.239000742e-13,3.296689746e-13,1.986420365e-13,2.839607453e-14,4.860608012e-14,6.722665256e-14
10.703125,5.831324912e-13,4.202815273e-13,4.060870628e-14,1.70079923e-13,2.769285001e-13,1.440818786e-13,4.447608414e-14,6.12407268e-14,8.258265928e-14,1.020766309e-13,8.261149583e-14,8.13358519e-14,1.142618962e-13,4.202542015e-13,2.311806262e-13,3.174979795e-13,3.242578615e-13,2.348560495e-13,7.204405008e-14,1.991269105e-13,7.907488178e-14,3.348579475e-14,1.364554151e-14,5.15113126e-14,1.908813864e-14,4.603213573e-14,2.275347239e-13,3.242034076e-13,1.995807025e-13,2.799290757e-14,4.667985054e-14,6.654370076e-14
10.7109375,5.722143422e-13,4.169949233e-13,3.974504612e-14,1.697624258e-13,2.757038148e-13,1.401598676e-13,4.392454732e-14,6.144658017e-14,8.142152903e-14,1.016686172e-13,8.162619143e-14,8.031487362e-14,1.1467203e-13,4.183360138e-13,2.360387811e-13,3.199944372e-13,3.20947034e-13,2.329166384e-13,7.131276332e-14,1.996582805e-13,7.91903387e-14,3.278556991e-14,1.365626061e-14,5.122841723e-14,1.919093755e-14,4.764935609e-14,2.313194653e-13,3.187296018e-13,2.005325566e-13,2.758011483e-14,4.4793221e-14,6.582556577e-14
10.71875,5.61596164e-13,4.137548404e-13,3.893581591e-14,1.696612574e-13,2.745810039e-13,1.363680353e-13,4.336438404e-14,6.168325412e-14,8.032079281e-14,1.012298122e-13,8.072229678e-14,7.932379908e-14,1.150698559e-13,4.164893247e-13,2.411048263e-13,3.227020703e-13,3.176971406e-13,2.311237086e-13,7.063458982e-14,2.001712504e-13,7.922205481e-14,3.212962833e-14,1.367255124e-14,5.092913401e-14,1.9316347e-14,4.931126554e-14,2.351017103e-13,3.133295001e-13,2.013845137e-13,2.716314115e-14,4.297790959e-14,6.512246031e-14
10.7265625,5.50931105e-13,4.101357565e-13,3.819685512e-14,1.695395954e-13,2.735161902e-13,1.325394786e-13,4.276632863e-14,6.194926445e-14,7.922131834e-14,1.007330067e-13,7.986820305e-14,7.833494515e-14,1.154183034e-13,4.145617892e-13,2.462770455e-13,3.255270691e-13,3.144868239e-13,2.293790591e-13,6.999287134e-14,2.007286899e-13,7.924696585e-14,3.148723881e-14,1.371801877e-14,5.06684129e-14,1.945961505e-14,5.102944379e-14,2.389330149e-13,3.077896886e-13,2.021209259e-13,2.676689348e-14,4.118487692e-14,6.443817918e-14
10.734375,5.403119461e-13,4.065948967e-13,3.748149597e-14,1.694651766e-13,2.725111167e-13,1.287018167e-13,4.216620593e-14,6.229063299e-14,7.813014103e-14,1.001523718e-13,7.898716664e-14,7.736366525e-14,1.158868758e-13,4.128318555e-13,2.51883484e-13,3.288355382e-13,3.115267568e-13,2.278063289e-13,6.938625851e-14,2.012032745e-13,7.931797914e-14,3.083363431e-14,1.378579151e-14,5.048702804e-14,1.96293241e-14,5.283199293e-14,2.429976608e-13,3.021454895e-13,2.028871675e-13,2.637226505e-14,3.93905226e-14,6.375797134e-14
10.7421875,5.301321297e-13,4.0342978e-13,3.677176517e-14,1.695258933e-13,2.715177099e-13,1.25008023e-13,4.160716201e-14,6.273018507e-14,7.711264136e-14,9.956762361e-14,7.808336503e-14,7.644174544e-14,1.164735901e-13,4.113228041e-13,2.579581733e-13,3.327402064e-13,3.088353684e-13,2.264457931e-13,6.880973528e-14,2.016107435e-13,7.936016656e-14,3.020127154e-14,1.385407295e-14,5.03608706e-14,1.983532285e-14,5.47100537e-14,2.470908383e-13,2.966640921e-13,2.035290137e-13,2.596830358e-14,3.76636535e-14,6.31040185e-14
10.75,5.201128404e-13,4.000293377e-13,3.607334957e-14,1.695539287e-13,2.704471957e-13,1.213301833e-13,4.106150629e-14,6.321852675e-14,7.61325984e-14,9.902851263e-14,7.718586358e-14,7.548099121e-14,1.16966561e-13,4.095959897e-13,2.641140357e-13,3.368288376e-13,3.060152854e-13,2.25006264e-13,6.820951653e-14,2.021694665e-13,7.930209632e-14,2.960089095e-14,1.392062988e-14,5.022620531e-14,2.005769061e-14,5.661988507e-14,2.510659019e-13,2.9121276e-13,2.03897727e-13,2.557737374e-14,3.599740281e-14,6.248958485e-14
10.7578125,5.100258873e-13,3.963558044e-13,3.539155483e-14,1.695985796e-13,2.695015889e-13,1.175983776e-13,4.050453015e-14,6.371757615e-14,7.514715801e-14,9.849530471e-14,7.629381339e-14,7.446115359e-14,1.174137241e-13,4.077933525e-13,2.704498345e-13,3.410781378e-13,3.030873343e-13,2.23491614e-13,6.75976313e-14,2.028258344e-13,7.92012155e-14,2.901605544e-14,1.399999355e-14,5.006857326e-14,2.02963178e-14,5.856555517e-14,2.551570418e-13,2.856344353e-13,2.042015244e-13,2.518699917e-14,3.431867112e-14,6.189983519e-14
10.765625,5.000748869e-13,3.929868613e-13,3.473573262e-14,1.698458212e-13,2.686826682e-13,1.139879334e-13,3.996646224e-14,6.421725212e-14,7.417138324e-14,9.793742672e-14,7.538018906e-14,7.347544338e-14,1.179766851e-13,4.06239338e-13,2.773063806e-13,3.458398772e-13,3.004288883e-13,2.221817637e-13,6.703591832e-14,2.033961896e-13,7.912547946e-14,2.843707922e-14,1.41043928e-14,4.994682636e-14,2.058802884e-14,6.06040973e-14,2.594438694e-13,2.801477416e-13,2.044526949e-13,2.47820164e-14,3.266232353e-14,6.131717314e-14
10.7734375,4.90281725e-13,3.897675329e-13,3.411600111e-14,1.701915316e-13,2.677129568e-13,1.105282256e-13,3.945880674e-14,6.471319377e-14,7.320887285e-14,9.735377851e-14,7.442589008e-14,7.250887181e-14,1.185879414e-13,4.047003552e-13,2.845236448e-13,3.510329094e-13,2.979265227e-13,2.210062286e-13,6.651999233e-14,2.039949659e-13,7.905886004e-14,2.786656088e-14,1.422573994e-14,4.9874642e-14,2.092621791e-14,6.275589574e-14,2.638299806e-13,2.748042267e-13,2.044371594e-13,2.439170385e-14,3.111390211e-14,6.073995351e-14
10.78125,4.806749025e-13,3.863338364e-13,3.354780892e-14,1.705594832e-13,2.667814596e-13,1.071492096e-13,3.896458586e-14,6.523678659e-14,7.227704624e-14,9.676950801e-14,7.34978923e-14,7.151397955e-14,1.191797274e-13,4.031191109e-13,2.918221885e-13,3.562690617e-13,2.952886374e-13,2.197301849e-13,6.604137632e-14,2.047440019e-13,7.897880381e-14,2.732704382e-14,1.434198747e-14,4.977401926e-14,2.126621624e-14,6.494372689e-14,2.682634386e-13,2.694277541e-13,2.04312468e-13,2.401087048e-14,2.964222162e-14,6.019917812e-14
10.7890625,4.712633188e-13,3.827879706e-13,3.30206207e-14,1.710471345e-13,2.661087158e-13,1.038847614e-13,3.849103679e-14,6.581437296e-14,7.139703776e-14,9.620605007e-14,7.263316947e-14,7.052901654e-14,1.197660687e-13,4.016701853e-13,2.992358085e-13,3.614772535e-13,2.925875958e-13,2.183483255e-13,6.560166104e-14,2.055073294e-13,7.886362867e-14,2.682560519e-14,1.445458102e-14,4.963287773e-14,2.160826435e-14,6.708924065e-14,2.7259929e-13,2.63984773e-13,2.043026732e-13,2.359938904e-14,2.817230991e-14,5.970817276e-14
10.796875,4.617765494e-13,3.791398707e-13,3.249319646e-14,1.715722337e-13,2.653848355e-13,1.007321456e-13,3.804872053e-14,6.641526239e-14,7.053607006e-14,9.5608576e-14,7.17106273e-14,6.953888536e-14,1.202980583e-13,4.002023333e-13,3.069452269e-13,3.669909943e-13,2.900261283e-13,2.170232944e-13,6.515387172e-14,2.062194121e-13,7.866953125e-14,2.634078189e-14,1.458927212e-14,4.953316524e-14,2.198551641e-14,6.925504987e-14,2.76861389e-13,2.584578081e-13,2.042249478e-13,2.317498714e-14,2.674640443e-14,5.922441035e-14
10.8046875,4.523588733e-13,3.754888231e-13,3.197294094e-14,1.720379426e-13,2.645313926e-13,9.768407236e-14,3.763069432e-14,6.700995949e-14,6.96771912e-14,9.493591244e-14,7.06926449e-14,6.852562384e-14,1.208141975e-13,3.987474715e-13,3.150648961e-13,3.73043776e-13,2.877851141e-13,2.159606142e-13,6.470737101e-14,2.069953553e-13,7.84335254e-14,2.587434442e-14,1.475256059e-14,4.948813546e-14,2.240539158e-14,7.154154352e-14,2.813163133e-13,2.528928675e-13,2.039754821e-13,2.27787207e-14,2.542988544e-14,5.873980715e-14
10.8125,4.43426668e-13,3.721787561e-13,3.151162405e-14,1.725976306e-13,2.638227092e-13,9.479362827e-14,3.723470508e-14,6.761296952e-14,6.885068746e-14,9.4256186e-14,6.971521678e-14,6.756115735e-14,1.214138687e-13,3.975616265e-13,3.23457598e-13,3.793840231e-13,2.858890014e-13,2.151620714e-13,6.432645257e-14,2.078178386e-13,7.823307733e-14,2.543485098e-14,1.493369244e-14,4.945428899e-14,2.285082781e-14,7.38904219e-14,2.859296819e-13,2.47495394e-13,2.037526834e-13,2.240595636e-14,2.417340393e-14,5.829333454e-14
10.8203125,4.347524486e-13,3.690137235e-13,3.109462819e-14,1.73321434e-13,2.63221901e-13,9.202213894e-14,3.686165887e-14,6.824762357e-14,6.805927452e-14,9.361375441e-14,6.878983257e-14,6.662624618e-14,1.220315335e-13,3.964712342e-13,3.318720499e-13,3.857013934e-13,2.840731766e-13,2.143865949e-13,6.397634503e-14,2.085179295e-13,7.799506443e-14,2.50064712e-14,1.513535269e-14,4.942574357e-14,2.331286629e-14,7.618162425e-14,2.904540417e-13,2.422228639e-13,2.035242923e-13,2.203837085e-14,2.293579196e-14,5.787003518e-14
10.828125,4.260339462e-13,3.655734417e-13,3.064099648e-14,1.740334119e-13,2.625795253e-13,8.929182816e-14,3.650217443e-14,6.890745653e-14,6.728949962e-14,9.294795374e-14,6.781577159e-14,6.563592558e-14,1.225822023e-13,3.952210167e-13,3.402165591e-13,3.919906706e-13,2.821563935e-13,2.135512713e-13,6.359895498e-14,2.09144025e-13,7.762044629e-14,2.459529183e-14,1.535491662e-14,4.938629641e-14,2.378893212e-14,7.842076512e-14,2.948698388e-13,2.368476978e-13,2.030766628e-13,2.166969843e-14,2.175308558e-14,5.745127042e-14
10.8359375,4.174551217e-13,3.620674847e-13,3.015586217e-14,1.74699965e-13,2.619054652e-13,8.663422898e-14,3.613568636e-14,6.955497553e-14,6.654377725e-14,9.220878393e-14,6.680249504e-14,6.464045566e-14,1.231240581e-13,3.939014905e-13,3.484717806e-13,3.982330048e-13,2.80217218e-13,2.12755774e-13,6.323701581e-14,2.099192107e-13,7.722481394e-14,2.421586205e-14,1.557125143e-14,4.93122891e-14,2.425733177e-14,8.067826225e-14,2.992360023e-13,2.314403559e-13,2.024915039e-13,2.131013231e-14,2.062863012e-14,5.707876583e-14
10.84375,4.090213577e-13,3.587569349e-13,2.975732926e-14,1.755128014e-13,2.611878345e-13,8.411656097e-14,3.576351529e-14,7.018661129e-14,6.58148852e-14,9.14423325e-14,6.578169312e-14,6.370083807e-14,1.237277117e-13,3.926528725e-13,3.567791984e-13,4.044828818e-13,2.783576349e-13,2.120126941e-13,6.293195266e-14,2.107842157e-13,7.693518049e-14,2.385124474e-14,1.578643891e-14,4.922957509e-14,2.471858533e-14,8.298568428e-14,3.036079882e-13,2.261691393e-13,2.019082016e-13,2.099291267e-14,1.956965948e-14,5.67524258e-14
10.8515625,4.006032442e-13,3.554811437e-13,2.947935411e-14,1.764587752e-13,2.605126887e-13,8.173827677e-14,3.54294354e-14,7.086124384e-14,6.511302517e-14,9.073905659e-14,6.475912899e-14,6.278509179e-14,1.244026072e-13,3.915834355e-13,3.654560069e-13,4.110579904e-13,2.766590322e-13,2.113260696e-13,6.267077084e-14,2.115415333e-13,7.666549412e-14,2.350378936e-14,1.603061844e-14,4.916847202e-14,2.522450263e-14,8.535223113e-14,3.080741861e-13,2.210051896e-13,2.012337038e-13,2.072418402e-14,1.861603762e-14,5.643086969e-14
10.859375,3.923581857e-13,3.522608339e-13,2.92367991e-14,1.773695827e-13,2.599851661e-13,7.945889405e-14,3.51416265e-14,7.160115406e-14,6.446383277e-14,9.009246365e-14,6.378228595e-14,6.190418226e-14,1.2511572e-13,3.907070895e-13,3.744719856e-13,4.179916303e-13,2.75100484e-13,2.10723972e-13,6.24507203e-14,2.122999829e-13,7.63467995e-14,2.319062249e-14,1.630799206e-14,4.91277705e-14,2.578148871e-14,8.776641989e-14,3.125377168e-13,2.15913219e-13,2.004410486e-13,2.046816184e-14,1.772775234e-14,5.612822445e-14
10.8671875,3.843009603e-13,3.492224182e-13,2.902026425e-14,1.783255193e-13,2.594259121e-13,7.727304737e-14,3.485259334e-14,7.23542221e-14,6.384357312e-14,8.939163077e-14,6.281969529e-14,6.107053814e-14,1.258210855e-13,3.898159031e-13,3.835540508e-13,4.250155869e-13,2.735410754e-13,2.10165383e-13,6.226257388e-14,2.131685882e-13,7.603627125e-14,2.288564218e-14,1.659353915e-14,4.909091264e-14,2.633800194e-14,9.020661135e-14,3.168827029e-13,2.108532079e-13,1.995674712e-13,2.021682123e-14,1.687498395e-14,5.586417678e-14
10.875,3.762583999e-13,3.460912595e-13,2.885816993e-14,1.793396528e-13,2.587325247e-13,7.516110049e-14,3.456604237e-14,7.308522098e-14,6.322287757e-14,8.862266146e-14,6.178426312e-14,6.022062264e-14,1.265148967e-13,3.888276098e-13,3.926870119e-13,4.321041416e-13,2.720073874e-13,2.096340487e-13,6.207690626e-14,2.13973414e-13,7.570220433e-14,2.257381254e-14,1.688601149e-14,4.904631972e-14,2.689677571e-14,9.267469363e-14,3.2120878e-13,2.057262773e-13,1.984957622e-13,1.998941783e-14,1.611829649e-14,5.562572976e-14
10.8828125,3.683236007e-13,3.426830966e-13,2.870509956e-14,1.801887416e-13,2.581468615e-13,7.306171591e-14,3.431299916e-14,7.380577587e-14,6.262730078e-14,8.787389998e-14,6.072383268e-14,5.934870367e-14,1.272045539e-13,3.878885825e-13,4.018407713e-13,4.392642148e-13,2.70625615e-13,2.091507867e-13,6.19025945e-14,2.146926326e-13,7.527892043e-14,2.229084071e-14,1.720717698e-14,4.900511392e-14,2.748288787e-14,9.515807576e-14,3.255223946e-13,2.005838858e-13,1.972537604e-13,1.977800174e-14,1.543302123e-14,5.541295769e-14
10.890625,3.606317259e-13,3.392819998e-13,2.857845587e-14,1.810441006e-13,2.576856246e-13,7.105193643e-14,3.407077813e-14,7.454826688e-14,6.207511799e-14,8.714229423e-14,5.972531543e-14,5.850879279e-14,1.278876088e-13,3.869820415e-13,4.10944776e-13,4.464380107e-13,2.693700097e-13,2.087112469e-13,6.17718313e-14,2.155625285e-13,7.484680869e-14,2.204754714e-14,1.7553573e-14,4.895711926e-14,2.808213502e-14,9.763404139e-14,3.297237384e-13,1.955347459e-13,1.960642618e-13,1.956677938e-14,1.475172979e-14,5.521419164e-14
10.8984375,3.530244982e-13,3.360481657e-13,2.851936663e-14,1.821921885e-13,2.570203036e-13,6.925025962e-14,3.384162143e-14,7.53448568e-14,6.154843064e-14,8.639094548e-14,5.876320259e-14,5.769201133e-14,1.28587012e-13,3.859579094e-13,4.201910316e-13,4.537876236e-13,2.681728866e-13,2.083044251e-13,6.167323053e-14,2.166233976e-13,7.447501507e-14,2.181130791e-14,1.790360856e-14,4.88713362e-14,2.87050211e-14,1.001311637e-13,3.339005294e-13,1.9051471e-13,1.948787787e-13,1.935602858e-14,1.413543958e-14,5.500909184e-14
10.90625,3.453471833e-13,3.328224744e-13,2.846384207e-14,1.833003822e-13,2.561845719e-13,6.755105847e-14,3.36608485e-14,7.617256567e-14,6.103145151e-14,8.564571724e-14,5.77852379e-14,5.687300438e-14,1.292974194e-13,3.848558373e-13,4.295705303e-13,4.612458008e-13,2.669857061e-13,2.079060666e-13,6.158554298e-14,2.176270289e-13,7.409288505e-14,2.157025206e-14,1.825934344e-14,4.87731151e-14,2.936563579e-14,1.026683701e-13,3.381047081e-13,1.854633033e-13,1.934681523e-13,1.914883132e-14,1.363238101e-14,5.481869762e-14
10.9140625,3.377530462e-13,3.295648836e-13,2.842257939e-14,1.841243048e-13,2.555478261e-13,6.587894198e-14,3.350322636e-14,7.698514153e-14,6.052055754e-14,8.488744528e-14,5.677218652e-14,5.60667341e-14,1.29970919e-13,3.838383719e-13,4.387818691e-13,4.684259747e-13,2.657861411e-13,2.0754351e-13,6.152045135e-14,2.18440632e-13,7.363571877e-14,2.134650839e-14,1.863529007e-14,4.868246229e-14,3.003351924e-14,1.052102203e-13,3.421886142e-13,1.804403283e-13,1.918551791e-13,1.895593917e-14,1.319779112e-14,5.467286265e-14
10.921875,3.30472989e-13,3.263620723e-13,2.848160428e-14,1.850169424e-13,2.551301163e-13,6.433917441e-14,3.333793197e-14,7.780497452e-14,6.003718539e-14,8.40949414e-14,5.57333655e-14,5.529659716e-14,1.306081708e-13,3.829616298e-13,4.478086255e-13,4.753599063e-13,2.646575225e-13,2.072772359e-13,6.146705232e-14,2.192738074e-13,7.312995281e-14,2.115634681e-14,1.902915425e-14,4.855825495e-14,3.069524734e-14,1.077472015e-13,3.46085306e-13,1.754835922e-13,1.90197198e-13,1.878779523e-14,1.28227312e-14,5.458146549e-14
10.9296875,3.234509049e-13,3.232252613e-13,2.862184967e-14,1.861074227e-13,2.54748007e-13,6.290830874e-14,3.318498996e-14,7.866164181e-14,5.960312736e-14,8.333000469e-14,5.472517683e-14,5.459022212e-14,1.312698636e-13,3.821992895e-13,4.567917955e-13,4.823422339e-13,2.636399524e-13,2.070603569e-13,6.141243421e-14,2.202612776e-13,7.264407295e-14,2.098770358e-14,1.943390928e-14,4.841067479e-14,3.135853291e-14,1.10276421e-13,3.498588319e-13,1.706255607e-13,1.885472713e-13,1.86473399e-14,1.251035349e-14,5.453441559e-14
10.9375,3.165094732e-13,3.201575412e-13,2.885200938e-14,1.871745889e-13,2.544389419e-13,6.153364554e-14,3.305077941e-14,7.951948861e-14,5.919756906e-14,8.258615928e-14,5.378762196e-14,5.395125e-14,1.319997305e-13,3.815402613e-13,4.657282035e-13,4.893315575e-13,2.626877223e-13,2.068675048e-13,6.14180704e-14,2.211934258e-13,7.221876936e-14,2.0830521e-14,1.984855539e-14,4.827352102e-14,3.202394327e-14,1.127646045e-13,3.535876586e-13,1.659027867e-13,1.869217024e-13,1.854759879e-14,1.225131878e-14,5.449969691e-14
10.9453125,3.096602714e-13,3.171139799e-13,2.918262133e-14,1.881729552e-13,2.541796421e-13,6.028817295e-14,3.29182178e-14,8.03393845e-14,5.880460641e-14,8.178234646e-14,5.288660461e-14,5.333621059e-14,1.327380675e-13,3.808590267e-13,4.745068388e-13,4.960883281e-13,2.617463696e-13,2.067230477e-13,6.150928801e-14,2.220281006e-13,7.180906688e-14,2.070281607e-14,2.026855762e-14,4.810748257e-14,3.269392308e-14,1.152371933e-13,3.573251426e-13,1.61232966e-13,1.852942336e-13,1.84804253e-14,1.207047499e-14,5.447896435e-14
10.953125,3.028926617e-13,3.139708678e-13,2.94753768e-14,1.89110352e-13,2.537965136e-13,5.913551376e-14,3.278594928e-14,8.110609029e-14,5.842689008e-14,8.094779824e-14,5.197561989e-14,5.271065809e-14,1.333691038e-13,3.799318394e-13,4.829402279e-13,5.024364569e-13,2.606652221e-13,2.064995946e-13,6.159701204e-14,2.229238453e-13,7.135239734e-14,2.060559548e-14,2.069513919e-14,4.79156209e-14,3.334989594e-14,1.177283149e-13,3.609725265e-13,1.565178468e-13,1.835362366e-13,1.840256487e-14,1.197023526e-14,5.449396449e-14
10.9609375,2.960990852e-13,3.107547931e-13,2.972164023e-14,1.899816826e-13,2.533237222e-13,5.805243544e-14,3.267704717e-14,8.183153909e-14,5.804534217e-14,8.016856687e-14,5.105344423e-14,5.207753628e-14,1.33925972e-13,3.78825027e-13,4.911735667e-13,5.085364006e-13,2.594336742e-13,2.061717772e-13,6.164035827e-14,2.237432152e-13,7.086567279e-14,2.050850164e-14,2.113913632e-14,4.775596601e-14,3.399910675e-14,1.201739793e-13,3.643892202e-13,1.518057667e-13,1.815893119e-13,1.830881514e-14,1.194232311e-14,5.452380398e-14
10.96875,2.894174517e-13,3.076210743e-13,3.007160522e-14,1.908697622e-13,2.529853559e-13,5.714163325e-14,3.261259009e-14,8.256093942e-14,5.767027494e-14,7.943068657e-14,5.013928341e-14,5.146569059e-14,1.345525006e-13,3.778792308e-13,4.995584509e-13,5.147780936e-13,2.583081897e-13,2.059663677e-13,6.169766134e-14,2.244331498e-13,7.038187475e-14,2.041852467e-14,2.159786996e-14,4.758712399e-14,3.469393948e-14,1.225412349e-13,3.676541273e-13,1.471861654e-13,1.795532441e-13,1.823212167e-14,1.199972819e-14,5.458002745e-14
10.9765625,2.830474385e-13,3.045842985e-13,3.050103081e-14,1.917579142e-13,2.528757865e-13,5.636210484e-14,3.256739423e-14,8.329476909e-14,5.733180583e-14,7.866070249e-14,4.921839381e-14,5.090115981e-14,1.352368832e-13,3.771620344e-13,5.078483115e-13,5.209961381e-13,2.573041244e-13,2.058926718e-13,6.179790717e-14,2.252227671e-13,6.989051094e-14,2.037099556e-14,2.206149236e-14,4.735223024e-14,3.54105494e-14,1.249013632e-13,3.708880204e-13,1.426666069e-13,1.774550864e-13,1.817457018e-14,1.211449639e-14,5.470038614e-14
10.984375,2.768884773e-13,3.016120214e-13,3.095301305e-14,1.925953526e-13,2.527715299e-13,5.566858328e-14,3.251485246e-14,8.400331912e-14,5.700672927e-14,7.783922433e-14,4.826757589e-14,5.035628196e-14,1.358586885e-13,3.764089413e-13,5.157515658e-13,5.268119352e-13,2.562597869e-13,2.057480372e-13,6.192881021e-14,2.259982628e-13,6.939760329e-14,2.035205603e-14,2.253864656e-14,4.711033075e-14,3.609694834e-14,1.273030888e-13,3.740512751e-13,1.38224391e-13,1.752268665e-13,1.813138227e-14,1.22827621e-14,5.483391158e-14
10.9921875,2.708698852e-13,2.987987385e-13,3.149792572e-14,1.934009175e-13,2.524420547e-13,5.513358891e-14,3.247684972e-14,8.47049591e-14,5.669333008e-14,7.701869813e-14,4.734568389e-14,4.981644878e-14,1.364214347e-13,3.755303879e-13,5.236033514e-13,5.325334812e-13,2.553416922e-13,2.055785223e-13,6.208987534e-14,2.265798542e-13,6.893356779e-14,2.033212395e-14,2.303615954e-14,4.689987912e-14,3.679360632e-14,1.297369901e-13,3.771276594e-13,1.338850714e-13,1.729644469e-13,1.811703798e-14,1.25497998e-14,5.494553743e-14
11,2.651010289e-13,2.961175774e-13,3.211624592e-14,1.941016425e-13,2.521427798e-13,5.466906486e-14,3.245205253e-14,8.53818949e-14,5.64236682e-14,7.622982062e-14,4.652397827e-14,4.934696731e-14,1.370072504e-13,3.747146499e-13,5.313825806e-13,5.383188655e-13,2.546631268e-13,2.055476998e-13,6.229213243e-14,2.271456386e-13,6.848519045e-14,2.032774984e-14,2.353985542e-14,4.666651704e-14,3.751350958e-14,1.321535078e-13,3.801536596e-13,1.296852857e-13,1.707975371e-13,1.812364726e-14,1.28839012e-14,5.508649832e-14
11.0078125,2.594988594e-13,2.933529936e-13,3.272788576e-14,1.946474904e-13,2.521212553e-13,5.42025459e-14,3.24157664e-14,8.599451348e-14,5.617018922e-14,7.543106285e-14,4.575146531e-14,4.895244369e-14,1.375996895e-13,3.739821854e-13,5.386002742e-13,5.436576155e-13,2.53967998e-13,2.056085654e-13,6.252693794e-14,2.276653534e-13,6.800138038e-14,2.035745768e-14,2.404480855e-14,4.640635117e-14,3.820556383e-14,1.344814873e-13,3.830606429e-13,1.255750957e-13,1.686665318e-13,1.813043027e-14,1.323838814e-14,5.523951063e-14
11.015625,2.539355687e-13,2.905344898e-13,3.33357887e-14,1.951274065e-13,2.520479488e-13,5.386447671e-14,3.237989603e-14,8.660278827e-14,5.592931868e-14,7.460780037e-14,4.497921794e-14,4.855812553e-14,1.381108632e-13,3.731080759e-13,5.45275378e-13,5.484241165e-13,2.531168311e-13,2.056044483e-13,6.274952757e-14,2.280018586e-13,6.747904036e-14,2.041460634e-14,2.456232956e-14,4.616682296e-14,3.886846856e-14,1.367218334e-13,3.857492103e-13,1.21506255e-13,1.665851167e-13,1.813635274e-14,1.362982423e-14,5.535333464e-14
11.0234375,2.48489081e-13,2.879375998e-13,3.399900343e-14,1.956096603e-13,2.517419179e-13,5.367476094e-14,3.233852101e-14,8.722484408e-14,5.573780572e-14,7.379608134e-14,4.427258983e-14,4.818765905e-14,1.385659938e-13,3.720979374e-13,5.516141264e-13,5.528334951e-13,2.522003609e-13,2.055060198e-13,6.296786451e-14,2.283291704e-13,6.697496465e-14,2.049725193e-14,2.50925819e-14,4.590343031e-14,3.95106333e-14,1.389093628e-13,3.882173984e-13,1.175502094e-13,1.646660041e-13,1.814857958e-14,1.406547669e-14,5.546373728e-14
11.03125,2.430825565e-13,2.855574136e-13,3.478416467e-14,1.961215466e-13,2.5145856e-13,5.3553794e-14,3.227042691e-14,8.778111745e-14,5.55422236e-14,7.297723035e-14,4.36363631e-14,4.788852103e-14,1.390687971e-13,3.711508013e-13,5.575794551e-13,5.568006444e-13,2.512321979e-13,2.054122379e-13,6.323932777e-14,2.286612543e-13,6.651971384e-14,2.059565796e-14,2.563013536e-14,4.554308712e-14,4.01285575e-14,1.41033559e-13,3.905167038e-13,1.137111608e-13,1.627829346e-13,1.817570187e-14,1.458179367e-14,5.559873529e-14
11.0390625,2.375845477e-13,2.831522906e-13,3.561167384e-14,1.9662101e-13,2.512402549e-13,5.348358516e-14,3.219443231e-14,8.830297256e-14,5.531251763e-14,7.211408379e-14,4.299168958e-14,4.760717509e-14,1.39572186e-13,3.702042531e-13,5.632077661e-13,5.603460539e-13,2.501596844e-13,2.053307811e-13,6.351043505e-14,2.288877698e-13,6.610644984e-14,2.069356712e-14,2.617624775e-14,4.513950226e-14,4.074167063e-14,1.431312845e-13,3.926552993e-13,1.098561143e-13,1.607748008e-13,1.821774915e-14,1.520309379e-14,5.57515662e-14
11.046875,2.322562931e-13,2.806846783e-13,3.636709522e-14,1.969950426e-13,2.510757348e-13,5.343254297e-14,3.211709994e-14,8.884944597e-14,5.51258835e-14,7.125251002e-14,4.236160715e-14,4.734658139e-14,1.400006186e-13,3.692036758e-13,5.685217979e-13,5.635968373e-13,2.490185715e-13,2.052229573e-13,6.372836347e-14,2.291232855e-13,6.572856928e-14,2.080270845e-14,2.67287171e-14,4.476918693e-14,4.134509039e-14,1.452429905e-13,3.946002904e-13,1.059796606e-13,1.587498045e-13,1.826506167e-14,1.586295672e-14,5.59377824e-14
11.0546875,2.272738043e-13,2.782527535e-13,3.72032988e-14,1.972649055e-13,2.510448019e-13,5.34667629e-14,3.203542447e-14,8.934868536e-14,5.498618832e-14,7.044682192e-14,4.180454635e-14,4.717521506e-14,1.40434523e-13,3.683105077e-13,5.735322697e-13,5.664811652e-13,2.479116653e-13,2.0518065e-13,6.399687135e-14,2.293810839e-13,6.534360139e-14,2.093693504e-14,2.728551786e-14,4.439711076e-14,4.194391109e-14,1.472966632e-13,3.96351143e-13,1.021901875e-13,1.568158181e-13,1.832752196e-14,1.658325184e-14,5.614485185e-14
11.0625,2.224293191e-13,2.759106468e-13,3.822641856e-14,1.974882626e-13,2.509722667e-13,5.36899943e-14,3.196464137e-14,8.979466667e-14,5.486465058e-14,6.966681098e-14,4.130018998e-14,4.707024551e-14,1.408410682e-13,3.674097596e-13,5.782278913e-13,5.689474274e-13,2.467852847e-13,2.051706177e-13,6.434061257e-14,2.297068095e-13,6.49226602e-14,2.109962293e-14,2.784501425e-14,4.400051508e-14,4.254156356e-14,1.492477708e-13,3.978843728e-13,9.851884832e-14,1.54920304e-13,1.841400409e-14,1.743496375e-14,5.635834239e-14
11.0703125,2.177750636e-13,2.737546472e-13,3.925480705e-14,1.97588996e-13,2.508573353e-13,5.400583447e-14,3.188800613e-14,9.028261165e-14,5.481527172e-14,6.887270745e-14,4.084190632e-14,4.700151141e-14,1.410815304e-13,3.663042747e-13,5.823433799e-13,5.709011752e-13,2.454782115e-13,2.050247916e-13,6.465009295e-14,2.302858411e-13,6.4534881e-14,2.130273574e-14,2.839782606e-14,4.362465787e-14,4.306462488e-14,1.511155073e-13,3.991324493e-13,9.500300677e-14,1.530009078e-13,1.850302824e-14,1.832541982e-14,5.660807338e-14
11.078125,2.134464978e-13,2.718024328e-13,4.026473346e-14,1.97603459e-13,2.508984131e-13,5.433037466e-14,3.181587585e-14,9.080249967e-14,5.480571871e-14,6.810736289e-14,4.040940524e-14,4.697928375e-14,1.412750793e-13,3.651831945e-13,5.859807581e-13,5.724005147e-13,2.441081353e-13,2.04829651e-13,6.49290115e-14,2.308719949e-13,6.421506879e-14,2.151700662e-14,2.894712297e-14,4.324700342e-14,4.352956808e-14,1.52868094e-13,4.001909077e-13,9.164759628e-14,1.51026841e-13,1.858901221e-14,1.922101553e-14,5.689276076e-14
11.0859375,2.090965185e-13,2.698813124e-13,4.14024715e-14,1.976838011e-13,2.508940572e-13,5.472338339e-14,3.180313161e-14,9.128014975e-14,5.473486579e-14,6.741893398e-14,3.99440662e-14,4.695701584e-14,1.415591581e-13,3.641499593e-13,5.896788411e-13,5.738825839e-13,2.428668969e-13,2.047009788e-13,6.524083301e-14,2.311852971e-13,6.390232625e-14,2.169814783e-14,2.950901475e-14,4.280632559e-14,4.406482441e-14,1.54541847e-13,4.012609572e-13,8.832013833e-14,1.490439037e-13,1.869539964e-14,2.025539363e-14,5.718915077e-14
11.09375,2.04593259e-13,2.678845768e-13,4.265162644e-14,1.977809292e-13,2.507502617e-13,5.520182718e-14,3.181260203e-14,9.169012168e-14,5.463918999e-14,6.674904229e-14,3.951930738e-14,4.692974896e-14,1.417979089e-13,3.630687533e-13,5.933130652e-13,5.753535671e-13,2.416274322e-13,2.045399528e-13,6.559425424e-14,2.315165854e-13,6.361744872e-14,2.189449014e-14,3.008350344e-14,4.232955642e-14,4.464172769e-14,1.562532844e-13,4.023142644e-13,8.49997886e-14,1.471281538e-13,1.883283406e-14,2.143603584e-14,5.750643575e-14
11.1015625,2.003141545e-13,2.659066397e-13,4.39707692e-14,1.977078878e-13,2.506834068e-13,5.577729637e-14,3.178027102e-14,9.203632177e-14,5.45904974e-14,6.603026112e-14,3.924634297e-14,4.69708002e-14,1.419236332e-13,3.619330447e-13,5.963805975e-13,5.763841098e-13,2.403264053e-13,2.043501838e-13,6.598675675e-14,2.320289165e-13,6.342471327e-14,2.215803235e-14,3.06727123e-14,4.187056219e-14,4.515999615e-14,1.579843826e-13,4.032003837e-13,8.182571261e-14,1.452279029e-13,1.899892211e-14,2.267226967e-14,5.784827071e-14
11.109375,1.96317106e-13,2.640569217e-13,4.533491688e-14,1.973864222e-13,2.505748731e-13,5.644811222e-14,3.173616918e-14,9.234123396e-14,5.457125725e-14,6.531535651e-14,3.906017706e-14,4.706770089e-14,1.420173336e-13,3.606974291e-13,5.988375074e-13,5.769694199e-13,2.390930276e-13,2.041559291e-13,6.635058305e-14,2.32463834e-13,6.325005185e-14,2.243958294e-14,3.129303671e-14,4.142178997e-14,4.564942193e-14,1.596356878e-13,4.039360848e-13,7.880831334e-14,1.433142815e-13,1.918035106e-14,2.394926622e-14,5.820614174e-14
11.1171875,1.924298661e-13,2.623028994e-13,4.669589448e-14,1.96900247e-13,2.504087497e-13,5.713247908e-14,3.168846367e-14,9.260943723e-14,5.456986219e-14,6.467570663e-14,3.88959776e-14,4.717497586e-14,1.420639225e-13,3.593538751e-13,6.006948568e-13,5.771430598e-13,2.378578232e-13,2.038803273e-13,6.664397419e-14,2.326923513e-13,6.301484702e-14,2.271326829e-14,3.19317556e-14,4.095561465e-14,4.61203071e-14,1.611772918e-13,4.04576355e-13,7.587511874e-14,1.414955095e-13,1.93563528e-14,2.52586571e-14,5.856519286e-14
11.125,1.887300292e-13,2.605407794e-13,4.813904483e-14,1.963963222e-13,2.504319453e-13,5.784701529e-14,3.161132769e-14,9.283719891e-14,5.459368588e-14,6.410028157e-14,3.879083321e-14,4.733039345e-14,1.420564897e-13,3.580936049e-13,6.020421131e-13,5.767970087e-13,2.365515619e-13,2.036061136e-13,6.695678205e-14,2.327781022e-13,6.27917922e-14,2.300632874e-14,3.255619022e-14,4.047079859e-14,4.654413548e-14,1.626176723e-13,4.050840592e-13,7.303348693e-14,1.397663208e-13,1.953187454e-14,2.661854054e-14,5.890608731e-14
11.1328125,1.851624418e-13,2.588262861e-13,4.964606877e-14,1.959113266e-13,2.503776389e-13,5.864566319e-14,3.1537434e-14,9.306145854e-14,5.463100925e-14,6.355525518e-14,3.870540611e-14,4.755034601e-14,1.42039174e-13,3.568125313e-13,6.031635443e-13,5.761780459e-13,2.352657951e-13,2.033425076e-13,6.729014066e-14,2.328696323e-13,6.265673457e-14,2.329457573e-14,3.316749023e-14,3.997653755e-14,4.695978359e-14,1.640042734e-13,4.054469174e-13,7.027529822e-14,1.38044209e-13,1.971139229e-14,2.806606601e-14,5.925173172e-14
11.140625,1.815955038e-13,2.573297389e-13,5.103970287e-14,1.953856416e-13,2.50060687e-13,5.946462561e-14,3.147033094e-14,9.327645806e-14,5.467768397e-14,6.300829866e-14,3.86112262e-14,4.781213015e-14,1.419876501e-13,3.553450009e-13,6.038954719e-13,5.752829653e-13,2.339470607e-13,2.029365066e-13,6.756049758e-14,2.330825431e-13,6.258484255e-14,2.356865189e-14,3.378433442e-14,3.946224495e-14,4.735930227e-14,1.653671045e-13,4.056963851e-13,6.757808779e-14,1.364230955e-13,1.987187581e-14,2.955730809e-14,5.961369741e-14
11.1484375,1.782016387e-13,2.559983592e-13,5.242891687e-14,1.947912428e-13,2.498954415e-13,6.031926745e-14,3.137288353e-14,9.344712588e-14,5.473407255e-14,6.243669258e-14,3.859308183e-14,4.813024002e-14,1.419005613e-13,3.539585998e-13,6.040023526e-13,5.737611242e-13,2.325338379e-13,2.02505775e-13,6.78126612e-14,2.332732957e-13,6.254636393e-14,2.387527508e-14,3.441041429e-14,3.892332447e-14,4.769769158e-14,1.666222003e-13,4.05791139e-13,6.497058877e-14,1.349675673e-13,2.001861273e-14,3.107915727e-14,5.99406822e-14
11.15625,1.750204623e-13,2.546892129e-13,5.398177069e-14,1.940831576e-13,2.498605091e-13,6.129848603e-14,3.12719693e-14,9.36131479e-14,5.480466141e-14,6.187877137e-14,3.865992482e-14,4.850246716e-14,1.417819908e-13,3.526458254e-13,6.036168103e-13,5.716915735e-13,2.310951443e-13,2.021355672e-13,6.807310666e-14,2.333240567e-13,6.254624522e-14,2.421158641e-14,3.50490852e-14,3.839634799e-14,4.799770249e-14,1.677099471e-13,4.055830191e-13,6.246535026e-14,1.3354835e-13,2.017696816e-14,3.26760017e-14,6.02351888e-14
11.1640625,1.71853913e-13,2.535120307e-13,5.556493326e-14,1.932603863e-13,2.49609336e-13,6.235277032e-14,3.119627781e-14,9.376631672e-14,5.488405776e-14,6.13833553e-14,3.876984122e-14,4.890836478e-14,1.415881685e-13,3.510950712e-13,6.026349823e-13,5.691620472e-13,2.29610191e-13,2.016175268e-13,6.82902449e-14,2.333414362e-13,6.257431238e-14,2.454622851e-14,3.570656011e-14,3.788988801e-14,4.8264625e-14,1.686933073e-13,4.050510468e-13,6.006757443e-14,1.321345564e-13,2.033897146e-14,3.432539054e-14,6.056524847e-14
11.171875,1.687700342e-13,2.5250318e-13,5.71478541e-14,1.924779088e-13,2.493817327e-13,6.340812979e-14,3.111846081e-14,9.383785634e-14,5.494908536e-14,6.094807174e-14,3.896585723e-14,4.93748643e-14,1.413861691e-13,3.495455854e-13,6.010961663e-13,5.661572497e-13,2.280932588e-13,2.010315911e-13,6.851297432e-14,2.333899947e-13,6.262523398e-14,2.488769097e-14,3.637873249e-14,3.734378949e-14,4.849500777e-14,1.696392062e-13,4.04493518e-13,5.780145357e-14,1.30803527e-13,2.050570938e-14,3.601962689e-14,6.09413792e-14
11.1796875,1.659230331e-13,2.514183671e-13,5.884098384e-14,1.917870683e-13,2.494171845e-13,6.450149092e-14,3.103414802e-14,9.389736937e-14,5.503753774e-14,6.056825263e-14,3.925735418e-14,4.992575757e-14,1.412387062e-13,3.482283191e-13,5.994933335e-13,5.630991605e-13,2.266531362e-13,2.005990281e-13,6.878270615e-14,2.335105262e-13,6.274202826e-14,2.524926231e-14,3.705300505e-14,3.674933974e-14,4.873806783e-14,1.705611517e-13,4.040934975e-13,5.565814996e-14,1.295020402e-13,2.069253417e-14,3.779859155e-14,6.132925192e-14
11.1875,1.632309708e-13,2.502859537e-13,6.05594925e-14,1.909650801e-13,2.494954484e-13,6.566794335e-14,3.096692834e-14,9.40313827e-14,5.520597863e-14,6.023610377e-14,3.961640135e-14,5.053826141e-14,1.410136379e-13,3.46807608e-13,5.976528869e-13,5.599597391e-13,2.252534645e-13,2.001508804e-13,6.903418233e-14,2.336922385e-13,6.294234472e-14,2.563635397e-14,3.772456734e-14,3.618681708e-14,4.898606934e-14,1.714127624e-13,4.03543982e-13,5.361942122e-14,1.282503744e-13,2.08708993e-14,3.96350355e-14,6.170226075e-14
11.1953125,1.606394648e-13,2.493895586e-13,6.225568483e-14,1.898280637e-13,2.4950415e-13,6.684546663e-14,3.090557868e-14,9.415922694e-14,5.540736803e-14,5.990909563e-14,4.007659136e-14,5.118081876e-14,1.40649208e-13,3.452104261e-13,5.949569064e-13,5.560662614e-13,2.238196618e-13,1.995534139e-13,6.923490196e-14,2.337189675e-13,6.316515961e-14,2.603811819e-14,3.841480207e-14,3.567510039e-14,4.918153791e-14,1.721297447e-13,4.026141674e-13,5.167239545e-14,1.272368708e-13,2.102126512e-14,4.149357619e-14,6.204245251e-14
11.203125,1.581396993e-13,2.486031487e-13,6.405571102e-14,1.884916596e-13,2.49429948e-13,6.798829176e-14,3.081803193e-14,9.421033064e-14,5.558375964e-14,5.958047341e-14,4.064262512e-14,5.18273542e-14,1.402674036e-13,3.436275059e-13,5.915999999e-13,5.515364944e-13,2.223492046e-13,1.989062096e-13,6.939757676e-14,2.335058998e-13,6.33830375e-14,2.642532156e-14,3.914119396e-14,3.513883067e-14,4.933131955e-14,1.727650283e-13,4.015860932e-13,4.979476646e-14,1.264352779e-13,2.118164213e-14,4.340889463e-14,6.236708372e-14
11.2109375,1.556056203e-13,2.476885439e-13,6.602527347e-14,1.872140851e-13,2.491616309e-13,6.922118913e-14,3.071613349e-14,9.42251322e-14,5.575202122e-14,5.929483907e-14,4.129025979e-14,5.247176652e-14,1.399013681e-13,3.418731659e-13,5.881339731e-13,5.470676264e-13,2.20838223e-13,1.98189284e-13,6.954158061e-14,2.332467777e-13,6.36387827e-14,2.680967329e-14,3.987588924e-14,3.45585398e-14,4.947169827e-14,1.734212232e-13,4.00723414e-13,4.801449263e-14,1.256535639e-13,2.136977182e-14,4.542753795e-14,6.270870833e-14
11.21875,1.530582204e-13,2.468871809e-13,6.813248241e-14,1.86032692e-13,2.488383798e-13,7.062240318e-14,3.064696738e-14,9.423634096e-14,5.593262253e-14,5.904584187e-14,4.204051252e-14,5.315329796e-14,1.394949804e-13,3.398899338e-13,5.846137514e-13,5.427239371e-13,2.193588208e-13,1.974240643e-13,6.969162921e-14,2.330769585e-13,6.393822828e-14,2.721880286e-14,4.05967579e-14,3.399700517e-14,4.962152489e-14,1.740784663e-13,3.999009538e-13,4.63773306e-14,1.249076705e-13,2.156228741e-14,4.755081917e-14,6.308096768e-14
11.2265625,1.506711141e-13,2.463213299e-13,7.025743174e-14,1.846901719e-13,2.487269288e-13,7.200695023e-14,3.059953664e-14,9.423508402e-14,5.615241591e-14,5.87823098e-14,4.288530827e-14,5.391186159e-14,1.390444048e-13,3.379639144e-13,5.80723994e-13,5.381263754e-13,2.178880069e-13,1.966861531e-13,6.982152217e-14,2.329518592e-13,6.426385216e-14,2.764184749e-14,4.132598964e-14,3.347183995e-14,4.977150464e-14,1.746522688e-13,3.988958668e-13,4.486177438e-14,1.242523616e-13,2.175149955e-14,4.971965722e-14,6.348319856e-14
11.234375,1.483309742e-13,2.455958447e-13,7.230769221e-14,1.830915972e-13,2.486604683e-13,7.328626208e-14,3.051020008e-14,9.41876923e-14,5.641291697e-14,5.85229195e-14,4.378788887e-14,5.471386759e-14,1.385186947e-13,3.359908303e-13,5.760972145e-13,5.329110322e-13,2.16161465e-13,1.957624775e-13,6.990109073e-14,2.327134334e-13,6.461542291e-14,2.807582195e-14,4.206330901e-14,3.294764289e-14,4.986055552e-14,1.750847658e-13,3.976028742e-13,4.343284631e-14,1.236201831e-13,2.194001777e-14,5.189808328e-14,6.387345831e-14
11.2421875,1.458301641e-13,2.446268814e-13,7.43905827e-14,1.815095597e-13,2.482659915e-13,7.461250256e-14,3.037073539e-14,9.407446657e-14,5.663215189e-14,5.83306689e-14,4.472553434e-14,5.549164536e-14,1.378895466e-13,3.336696053e-13,5.707416771e-13,5.269404839e-13,2.141198086e-13,1.944833364e-13,6.994460337e-14,2.322929558e-13,6.496954977e-14,2.851532511e-14,4.278622368e-14,3.242522913e-14,4.985386425e-14,1.753804166e-13,3.960629935e-13,4.20724189e-14,1.230597757e-13,2.21231461e-14,5.412804366e-14,6.420832149e-14
11.25,1.433737199e-13,2.438776161e-13,7.656669001e-14,1.800765659e-13,2.47672685e-13,7.597598647e-14,3.022208573e-14,9.392951461e-14,5.67858908e-14,5.819241076e-14,4.56672151e-14,5.625778398e-14,1.372503258e-13,3.312477613e-13,5.650497278e-13,5.205788694e-13,2.120509431e-13,1.930729254e-13,6.994795138e-14,2.31855372e-13,6.536346617e-14,2.892990334e-14,4.35146794e-14,3.191145685e-14,4.98028067e-14,1.756509235e-13,3.944600594e-13,4.076367754e-14,1.226616777e-13,2.230401888e-14,5.641622641e-14,6.451498167e-14
11.2578125,1.411930851e-13,2.434796445e-13,7.873138195e-14,1.786002721e-13,2.472972926e-13,7.724194059e-14,3.007785864e-14,9.37718412e-14,5.694694577e-14,5.805256177e-14,4.664721794e-14,5.707098231e-14,1.36683916e-13,3.290979423e-13,5.591346252e-13,5.141959669e-13,2.101146581e-13,1.917156092e-13,6.990225037e-14,2.314772446e-13,6.589196941e-14,2.93339946e-14,4.426170662e-14,3.137543198e-14,4.9748721e-14,1.759671539e-13,3.929241459e-13,3.953573887e-14,1.223780673e-13,2.249191354e-14,5.870845889e-14,6.482295987e-14
11.265625,1.391253089e-13,2.430664765e-13,8.088931129e-14,1.770017842e-13,2.470907057e-13,7.844598834e-14,2.992450881e-14,9.359606105e-14,5.713200175e-14,5.792434567e-14,4.772283288e-14,5.792532955e-14,1.361311764e-13,3.270498843e-13,5.527844986e-13,5.076414497e-13,2.082119589e-13,1.90321674e-13,6.980825659e-14,2.310766844e-13,6.648871806e-14,2.975313774e-14,4.499491411e-14,3.082249464e-14,4.966470706e-14,1.762424138e-13,3.913823837e-13,3.842198036e-14,1.22189087e-13,2.269590498e-14,6.09881811e-14,6.513072117e-14
11.2734375,1.370846336e-13,2.42509723e-13,8.311905182e-14,1.753463169e-13,2.467571872e-13,7.967668726e-14,2.975745728e-14,9.342880139e-14,5.732251369e-14,5.785387426e-14,4.884641345e-14,5.880589531e-14,1.355224213e-13,3.248321774e-13,5.459615458e-13,5.006842614e-13,2.062558945e-13,1.888580803e-13,6.967756942e-14,2.306797818e-13,6.701098065e-14,3.016577695e-14,4.571149426e-14,3.029775858e-14,4.953396112e-14,1.764074082e-13,3.897212855e-13,3.740645351e-14,1.220995518e-13,2.290954377e-14,6.330085936e-14,6.545598683e-14
11.28125,1.351885111e-13,2.421031868e-13,8.54589966e-14,1.735931723e-13,2.463447379e-13,8.097045855e-14,2.960182076e-14,9.326831805e-14,5.752368506e-14,5.78385989e-14,5.002613616e-14,5.974262291e-14,1.348823428e-13,3.225435309e-13,5.38808998e-13,4.933665521e-13,2.042673021e-13,1.87426797e-13,6.95829815e-14,2.30249882e-13,6.751660024e-14,3.058326681e-14,4.644081411e-14,2.979431486e-14,4.939436497e-14,1.764799184e-13,3.879479406e-13,3.650391235e-14,1.220368353e-13,2.310842433e-14,6.574396657e-14,6.57931013e-14
11.2890625,1.33340594e-13,2.420110871e-13,8.797157975e-14,1.717781677e-13,2.459532624e-13,8.230331735e-14,2.946652184e-14,9.307940303e-14,5.771209095e-14,5.785346164e-14,5.136568684e-14,6.072480003e-14,1.342308156e-13,3.202517495e-13,5.314072092e-13,4.858159257e-13,2.022542872e-13,1.860495989e-13,6.952869134e-14,2.297340457e-13,6.812664828e-14,3.103242707e-14,4.718898573e-14,2.927410687e-14,4.925948985e-14,1.764857361e-13,3.861154605e-13,3.573979309e-14,1.220392374e-13,2.330398533e-14,6.835305294e-14,6.61222391e-14
11.296875,1.314570994e-13,2.420343452e-13,9.058440009e-14,1.700463596e-13,2.454566125e-13,8.356200485e-14,2.931047889e-14,9.286861515e-14,5.787869337e-14,5.788948727e-14,5.281128132e-14,6.171452599e-14,1.335305292e-13,3.178272231e-13,5.237514948e-13,4.781789706e-13,2.001904997e-13,1.846693257e-13,6.938682728e-14,2.293325493e-13,6.882304846e-14,3.146922864e-14,4.795798415e-14,2.874666199e-14,4.90906926e-14,1.764932894e-13,3.842321532e-13,3.506596843e-14,1.222337067e-13,2.353428053e-14,7.100908968e-14,6.646721344e-14
11.3046875,1.297049201e-13,2.42049919e-13,9.313686536e-14,1.683341561e-13,2.448521333e-13,8.474848809e-14,2.914395454e-14,9.265039933e-14,5.804818703e-14,5.795075273e-14,5.424662833e-14,6.272460272e-14,1.327820631e-13,3.15339973e-13,5.159197873e-13,4.706115303e-13,1.981810335e-13,1.832703343e-13,6.915167369e-14,2.290596823e-13,6.957251217e-14,3.186501395e-14,4.874507912e-14,2.825603207e-14,4.890136228e-14,1.765287588e-13,3.822953158e-13,3.445860623e-14,1.225723484e-13,2.377294141e-14,7.36631287e-14,6.681825474e-14
11.3125,1.281248341e-13,2.421927777e-13,9.568433996e-14,1.665177877e-13,2.442889859e-13,8.598032001e-14,2.902361652e-14,9.243658959e-14,5.821709893e-14,5.805678414e-14,5.571737926e-14,6.377125721e-14,1.320389493e-13,3.129664483e-13,5.080596969e-13,4.631060471e-13,1.963421046e-13,1.818625844e-13,6.894176919e-14,2.286372313e-13,7.036361154e-14,3.226473903e-14,4.952733113e-14,2.782172675e-14,4.873884603e-14,1.764865939e-13,3.803169394e-13,3.397252942e-14,1.229140033e-13,2.396993064e-14,7.643718947e-14,6.713949207e-14
11.3203125,1.26609623e-13,2.423550152e-13,9.832460323e-14,1.647200474e-13,2.437951776e-13,8.722481975e-14,2.891326779e-14,9.225070375e-14,5.83761721e-14,5.822230071e-14,5.727042729e-14,6.482842845e-14,1.313129335e-13,3.106502734e-13,5.001120618e-13,4.555077371e-13,1.945272638e-13,1.804452938e-13,6.874427256e-14,2.280928229e-13,7.113910576e-14,3.268730662e-14,5.031362666e-14,2.740234467e-14,4.856627336e-14,1.763417479e-13,3.783100039e-13,3.360584643e-14,1.232299646e-13,2.415528871e-14,7.93364002e-14,6.7458601e-14
11.328125,1.251600144e-13,2.422342419e-13,1.010142339e-13,1.630431984e-13,2.433340116e-13,8.843585697e-14,2.877865526e-14,9.206131255e-14,5.851357438e-14,5.843849276e-14,5.887038945e-14,6.586805543e-14,1.305739999e-13,3.083105199e-13,4.919413503e-13,4.477782353e-13,1.926396523e-13,1.790123087e-13,6.849685341e-14,2.276252936e-13,7.189936344e-14,3.310235398e-14,5.113207299e-14,2.694390439e-14,4.835300578e-14,1.761976381e-13,3.762908475e-13,3.328519781e-14,1.235743965e-13,2.437318608e-14,8.223309349e-14,6.77783356e-14
11.3359375,1.238016187e-13,2.420284591e-13,1.037887599e-13,1.613428192e-13,2.428907499e-13,8.967448509e-14,2.868811053e-14,9.183391609e-14,5.862924744e-14,5.871426286e-14,6.053565986e-14,6.69144493e-14,1.298167013e-13,3.059965454e-13,4.835996101e-13,4.399844986e-13,1.908712204e-13,1.775388387e-13,6.823672518e-14,2.272401184e-13,7.270923719e-14,3.351144898e-14,5.196436321e-14,2.647429369e-14,4.815965847e-14,1.760692212e-13,3.742489993e-13,3.300850042e-14,1.240226384e-13,2.46049217e-14,8.51569937e-14,6.806377353e-14
11.34375,1.225334766e-13,2.420956712e-13,1.067058099e-13,1.594995903e-13,2.424265095e-13,9.087707285e-14,2.863720068e-14,9.160636662e-14,5.878965674e-14,5.908134389e-14,6.229536755e-14,6.802317645e-14,1.290520811e-13,3.036620916e-13,4.750672651e-13,4.32088671e-13,1.892240098e-13,1.760175915e-13,6.797646717e-14,2.269680081e-13,7.355935509e-14,3.394560588e-14,5.279011548e-14,2.604778626e-14,4.799232516e-14,1.759376092e-13,3.721512325e-13,3.284325104e-14,1.246170862e-13,2.483130271e-14,8.821492306e-14,6.836160798e-14
11.3515625,1.213268184e-13,2.421783041e-13,1.096496171e-13,1.575873751e-13,2.419176725e-13,9.194752243e-14,2.85516306e-14,9.138422133e-14,5.899691457e-14,5.952424884e-14,6.410292681e-14,6.915020071e-14,1.282782621e-13,3.011958114e-13,4.662435473e-13,4.240647071e-13,1.874454452e-13,1.744695534e-13,6.764265279e-14,2.267846238e-13,7.440577838e-14,3.437636597e-14,5.362202704e-14,2.563369394e-14,4.778541445e-14,1.758383308e-13,3.70000606e-13,3.278851791e-14,1.252893521e-13,2.505060294e-14,9.130853135e-14,6.870563838e-14
11.359375,1.200866712e-13,2.420446732e-13,1.125435952e-13,1.55708307e-13,2.413458223e-13,9.295323986e-14,2.846406078e-14,9.113524266e-14,5.914991809e-14,5.999430126e-14,6.592345199e-14,7.020100368e-14,1.274772997e-13,2.986266075e-13,4.572260185e-13,4.159618088e-13,1.855403523e-13,1.728577656e-13,6.72040262e-14,2.26488553e-13,7.52740496e-14,3.474425732e-14,5.445183286e-14,2.520185572e-14,4.754173083e-14,1.756977542e-13,3.677841271e-13,3.279237209e-14,1.259831376e-13,2.524844452e-14,9.429193286e-14,6.903688259e-14
11.3671875,1.188117975e-13,2.420933124e-13,1.155519047e-13,1.538582263e-13,2.40659508e-13,9.396190101e-14,2.841849209e-14,9.089362227e-14,5.927013689e-14,6.05071254e-14,6.783511109e-14,7.125480816e-14,1.266308989e-13,2.960735601e-13,4.481350569e-13,4.077882398e-13,1.837206342e-13,1.711299409e-13,6.675748218e-14,2.261103408e-13,7.620581143e-14,3.509498566e-14,5.526643166e-14,2.4807818e-14,4.730045055e-14,1.754165324e-13,3.654831215e-13,3.288931695e-14,1.268192166e-13,2.544235136e-14,9.73049677e-14,6.934583559e-14
11.375,1.175985358e-13,2.424110766e-13,1.188379046e-13,1.519914101e-13,2.399163938e-13,9.498150197e-14,2.83771551e-14,9.068958167e-14,5.944238269e-14,6.110446063e-14,6.992887693e-14,7.241883445e-14,1.257719499e-13,2.936199798e-13,4.390503187e-13,3.997150706e-13,1.820678105e-13,1.693450291e-13,6.638851656e-14,2.259197279e-13,7.71765892e-14,3.550686685e-14,5.608432709e-14,2.447767148e-14,4.706409206e-14,1.751000268e-13,3.632302118e-13,3.312218148e-14,1.27886567e-13,2.5669345e-14,1.005418584e-13,6.967602367e-14
11.3828125,1.164706337e-13,2.424403391e-13,1.222281163e-13,1.501410272e-13,2.392943824e-13,9.59961191e-14,2.833339157e-14,9.049492125e-14,5.961085682e-14,6.174510266e-14,7.209573334e-14,7.35742552e-14,1.249563687e-13,2.912470285e-13,4.300560704e-13,3.919499477e-13,1.805293214e-13,1.675779055e-13,6.599896285e-14,2.25957646e-13,7.812421509e-14,3.592042004e-14,5.690748013e-14,2.416237949e-14,4.683298773e-14,1.748796116e-13,3.611266566e-13,3.340070659e-14,1.28998234e-13,2.590992952e-14,1.038447887e-13,7.001259994e-14
11.390625,1.154103107e-13,2.420754774e-13,1.254677758e-13,1.483556153e-13,2.387650333e-13,9.693960129e-14,2.830970675e-14,9.029869091e-14,5.974168967e-14,6.23898858e-14,7.417900101e-14,7.462552984e-14,1.241418683e-13,2.888021561e-13,4.209850956e-13,3.842645373e-13,1.789719701e-13,1.657705347e-13,6.54942627e-14,2.259759615e-13,7.904736789e-14,3.627194931e-14,5.771893029e-14,2.384282576e-14,4.660778256e-14,1.74698032e-13,3.58962516e-13,3.36819873e-14,1.299783621e-13,2.613514855e-14,1.070215325e-13,7.032149882e-14
11.3984375,1.143403538e-13,2.418218163e-13,1.287444854e-13,1.465929556e-13,2.380600427e-13,9.78482507e-14,2.830306357e-14,9.009053269e-14,5.988848633e-14,6.310398371e-14,7.629402623e-14,7.56828084e-14,1.232448413e-13,2.861548867e-13,4.116627449e-13,3.763887176e-13,1.772994412e-13,1.638281273e-13,6.497480995e-14,2.257732871e-13,8.000991462e-14,3.662858514e-14,5.852811963e-14,2.35341528e-14,4.63804676e-14,1.744610142e-13,3.565652795e-13,3.409555214e-14,1.309686784e-13,2.636800985e-14,1.102410645e-13,7.059740651e-14
11.40625,1.131588901e-13,2.41859948e-13,1.322888898e-13,1.448235346e-13,2.371092663e-13,9.878028705e-14,2.831506076e-14,8.984129367e-14,5.999299718e-14,6.391893509e-14,7.856903265e-14,7.677791969e-14,1.223066261e-13,2.833835771e-13,4.022547857e-13,3.684808601e-13,1.755758669e-13,1.617701009e-13,6.448654288e-14,2.254341908e-13,8.102851451e-14,3.699970316e-14,5.934597935e-14,2.322700539e-14,4.614934532e-14,1.741576131e-13,3.541332866e-13,3.466961134e-14,1.321423791e-13,2.66160826e-14,1.136241715e-13,7.08532915e-14
11.4140625,1.120155384e-13,2.419516983e-13,1.358077882e-13,1.43072074e-13,2.361587571e-13,9.956617876e-14,2.833978223e-14,8.958191669e-14,5.999243037e-14,6.475585049e-14,8.084859501e-14,7.781987629e-14,1.214166424e-13,2.80698336e-13,3.929561292e-13,3.607672945e-13,1.739025833e-13,1.597015443e-13,6.394332031e-14,2.251917462e-13,8.207708251e-14,3.730488797e-14,6.016013661e-14,2.292309599e-14,4.591380671e-14,1.738071211e-13,3.518837665e-13,3.527012039e-14,1.334427837e-13,2.685117798e-14,1.17008144e-13,7.112496074e-14
11.421875,1.111170454e-13,2.419573192e-13,1.391677937e-13,1.413140358e-13,2.353707671e-13,1.001541036e-13,2.83832577e-14,8.938323806e-14,5.999065925e-14,6.559346842e-14,8.305079998e-14,7.88235554e-14,1.205575069e-13,2.781849203e-13,3.839132798e-13,3.534009837e-13,1.723338547e-13,1.576828433e-13,6.338326389e-14,2.251255777e-13,8.315757469e-14,3.757523548e-14,6.096070709e-14,2.265639698e-14,4.569116907e-14,1.734621634e-13,3.498218871e-13,3.588763321e-14,1.347804964e-13,2.707900352e-14,1.20390725e-13,7.142831168e-14
11.4296875,1.10296434e-13,2.418840157e-13,1.428075118e-13,1.395490665e-13,2.34593406e-13,1.008455202e-13,2.848702952e-14,8.925519619e-14,6.006197077e-14,6.65225299e-14,8.53202546e-14,7.984540627e-14,1.196796666e-13,2.756661075e-13,3.751916955e-13,3.464064323e-13,1.708857321e-13,1.556638139e-13,6.287151144e-14,2.251380563e-13,8.423454624e-14,3.788553039e-14,6.175481506e-14,2.244242965e-14,4.55062242e-14,1.731865244e-13,3.478804621e-13,3.660423625e-14,1.361520791e-13,2.732799454e-14,1.23917849e-13,7.173657769e-14
11.4375,1.092848083e-13,2.417049163e-13,1.46831275e-13,1.378783984e-13,2.335773296e-13,1.017282825e-13,2.86345195e-14,8.914712466e-14,6.012653887e-14,6.759199736e-14,8.769404468e-14,8.084285246e-14,1.187796613e-13,2.728960924e-13,3.664578494e-13,3.394635738e-13,1.694813178e-13,1.535289989e-13,6.232550349e-14,2.250842138e-13,8.526003164e-14,3.820050183e-14,6.256314849e-14,2.22597407e-14,4.534226118e-14,1.729750982e-13,3.458869863e-13,3.739900618e-14,1.375611608e-13,2.760099571e-14,1.274888524e-13,7.202964714e-14
11.4453125,1.081454563e-13,2.412776738e-13,1.508560123e-13,1.36370399e-13,2.323640395e-13,1.025147252e-13,2.876067712e-14,8.901811635e-14,6.012000359e-14,6.875296825e-14,9.01168747e-14,8.176384317e-14,1.178528357e-13,2.699265122e-13,3.575317101e-13,3.324839297e-13,1.68088709e-13,1.512336314e-13,6.172674968e-14,2.249480026e-13,8.629024762e-14,3.848211759e-14,6.339432899e-14,2.208056332e-14,4.517652919e-14,1.727767682e-13,3.437143906e-13,3.825522833e-14,1.390102463e-13,2.78917285e-14,1.309759229e-13,7.230267441e-14
11.453125,1.070920076e-13,2.405258627e-13,1.548245688e-13,1.349255914e-13,2.312644365e-13,1.030819124e-13,2.886537125e-14,8.886187055e-14,6.008121242e-14,6.995108826e-14,9.261018784e-14,8.263259131e-14,1.169092822e-13,2.670344269e-13,3.487367723e-13,3.257699879e-13,1.668006909e-13,1.489001325e-13,6.115145391e-14,2.249194657e-13,8.73557553e-14,3.875502618e-14,6.422974406e-14,2.190365346e-14,4.501430907e-14,1.725595065e-13,3.415414666e-13,3.920258181e-14,1.404804666e-13,2.81969593e-14,1.344976239e-13,7.255826994e-14
11.4609375,1.061496712e-13,2.398068874e-13,1.589146627e-13,1.333220833e-13,2.302991346e-13,1.03547546e-13,2.897758702e-14,8.867694719e-14,6.005229381e-14,7.118224581e-14,9.515871528e-14,8.350206726e-14,1.159785196e-13,2.642543993e-13,3.40008646e-13,3.19144383e-13,1.655972373e-13,1.466481512e-13,6.057119819e-14,2.249752366e-13,8.838700803e-14,3.902235887e-14,6.506583893e-14,2.17507879e-14,4.484678971e-14,1.723239126e-13,3.395015504e-13,4.020635685e-14,1.419892263e-13,2.850962283e-14,1.381291246e-13,7.28073902e-14
11.46875,1.051875688e-13,2.395245146e-13,1.630976794e-13,1.315178841e-13,2.291883743e-13,1.039935539e-13,2.910676406e-14,8.847427876e-14,6.001522712e-14,7.245044829e-14,9.771679249e-14,8.439068623e-14,1.150490927e-13,2.614168208e-13,3.310317022e-13,3.12288152e-13,1.643781103e-13,1.443721341e-13,5.995886625e-14,2.247984948e-13,8.941722279e-14,3.928076566e-14,6.591527227e-14,2.162631585e-14,4.46732013e-14,1.720959046e-13,3.374643024e-13,4.124341901e-14,1.436649841e-13,2.882693751e-14,1.4181426e-13,7.303844436e-14
11.4765625,1.041728905e-13,2.393509898e-13,1.673855691e-13,1.298214175e-13,2.280195261e-13,1.044828111e-13,2.927376257e-14,8.831775807e-14,5.996528097e-14,7.374131226e-14,1.00308559e-13,8.530191116e-14,1.141202361e-13,2.585682777e-13,3.221495853e-13,3.05571525e-13,1.631915812e-13,1.419647717e-13,5.938690357e-14,2.244816884e-13,9.052580006e-14,3.955299166e-14,6.676941696e-14,2.151752745e-14,4.452470878e-14,1.718966167e-13,3.354706469e-13,4.236188183e-14,1.455190657e-13,2.914563688e-14,1.456096896e-13,7.323846907e-14
11.484375,1.031970761e-13,2.387395464e-13,1.719219176e-13,1.284271958e-13,2.270648109e-13,1.050407891e-13,2.947617856e-14,8.825427327e-14,5.994862759e-14,7.507653687e-14,1.029734219e-13,8.62523242e-14,1.132483377e-13,2.558231451e-13,3.136975925e-13,2.992955997e-13,1.621078585e-13,1.395989803e-13,5.885740529e-14,2.243685351e-13,9.162512454e-14,3.983320891e-14,6.763939615e-14,2.142434839e-14,4.440471005e-14,1.717421455e-13,3.336860371e-13,4.359901086e-14,1.473872162e-13,2.947306266e-14,1.495631264e-13,7.343187549e-14
11.4921875,1.022535673e-13,2.378559581e-13,1.767141264e-13,1.270870436e-13,2.261026773e-13,1.05548895e-13,2.969032666e-14,8.82164601e-14,5.994331424e-14,7.64964247e-14,1.057505774e-13,8.718416896e-14,1.124437878e-13,2.530578456e-13,3.054481996e-13,2.932568792e-13,1.611514179e-13,1.374235227e-13,5.830955109e-14,2.242959464e-13,9.263358805e-14,4.009233739e-14,6.854781976e-14,2.134450126e-14,4.430827096e-14,1.716723205e-13,3.320241399e-13,4.495211979e-14,1.492766211e-13,2.984705774e-14,1.53551396e-13,7.363818075e-14
11.5,1.012791819e-13,2.370690106e-13,1.816098019e-13,1.255819154e-13,2.248512639e-13,1.058776198e-13,2.992893416e-14,8.811394132e-14,5.985040126e-14,7.797337206e-14,1.086386332e-13,8.796893566e-14,1.116371913e-13,2.501846688e-13,2.973944473e-13,2.875115888e-13,1.604143661e-13,1.352992586e-13,5.775872828e-14,2.241044505e-13,9.361387778e-14,4.032782347e-14,6.944665562e-14,2.127923744e-14,4.426831309e-14,1.717016914e-13,3.304347413e-13,4.634329655e-14,1.512869672e-13,3.028554692e-14,1.575091849e-13,7.385428732e-14
11.5078125,1.003773166e-13,2.363069359e-13,1.864929151e-13,1.240388136e-13,2.235697522e-13,1.060836431e-13,3.019792929e-14,8.796081227e-14,5.96875613e-14,7.947186512e-14,1.11550451e-13,8.862608889e-14,1.107855741e-13,2.473432478e-13,2.897180065e-13,2.822493752e-13,1.598815033e-13,1.331367967e-13,5.724257017e-14,2.240897339e-13,9.458972769e-14,4.055947478e-14,7.029948343e-14,2.12521512e-14,4.428196918e-14,1.717920172e-13,3.290195091e-13,4.769611425e-14,1.533172702e-13,3.075370942e-14,1.614803808e-13,7.407914752e-14
11.515625,9.963710335e-14,2.354424158e-13,1.915108226e-13,1.226485008e-13,2.225081758e-13,1.063630977e-13,3.048022746e-14,8.781047241e-14,5.957356528e-14,8.103208895e-14,1.144852452e-13,8.934075416e-14,1.099299723e-13,2.44630719e-13,2.822758732e-13,2.772607036e-13,1.593953023e-13,1.310475938e-13,5.677582253e-14,2.242355563e-13,9.553644388e-14,4.0810534e-14,7.116975454e-14,2.125559856e-14,4.430364184e-14,1.719179533e-13,3.276565478e-13,4.911538011e-14,1.553680558e-13,3.123217902e-14,1.654941039e-13,7.430101846e-14
11.5234375,9.888513112e-14,2.344175979e-13,1.969145942e-13,1.214630766e-13,2.214759823e-13,1.067579264e-13,3.079224337e-14,8.767860163e-14,5.950718638e-14,8.268693443e-14,1.175258259e-13,9.017411284e-14,1.091441497e-13,2.420068587e-13,2.75036003e-13,2.723954625e-13,1.589781023e-13,1.290562306e-13,5.637898016e-14,2.242448075e-13,9.647094556e-14,4.107955763e-14,7.208895306e-14,2.125310391e-14,4.434338408e-14,1.72076404e-13,3.262249605e-13,5.069868742e-14,1.576434559e-13,3.173981553e-14,1.696537368e-13,7.45041455e-14
11.53125,9.797757438e-14,2.331579808e-13,2.025386555e-13,1.203946286e-13,2.203386761e-13,1.07061881e-13,3.113759108e-14,8.759355116e-14,5.940456859e-14,8.441501577e-14,1.205755378e-13,9.098550969e-14,1.084325434e-13,2.394214605e-13,2.681552989e-13,2.678481385e-13,1.587725686e-13,1.271050766e-13,5.601005142e-14,2.242581388e-13,9.737284937e-14,4.132494206e-14,7.301874147e-14,2.125991297e-14,4.44359557e-14,1.722905892e-13,3.249174487e-13,5.230026927e-14,1.60115752e-13,3.227442254e-14,1.739429782e-13,7.468429046e-14
11.5390625,9.703941544e-14,2.318495089e-13,2.08056697e-13,1.193489409e-13,2.191976364e-13,1.072216084e-13,3.148112446e-14,8.757907814e-14,5.926326956e-14,8.620723911e-14,1.235104351e-13,9.168471731e-14,1.077254667e-13,2.36834232e-13,2.615525784e-13,2.637346484e-13,1.587455303e-13,1.252095346e-13,5.560170016e-14,2.244448013e-13,9.822529354e-14,4.152833044e-14,7.396814634e-14,2.130439454e-14,4.45671896e-14,1.726337577e-13,3.238336598e-13,5.381642851e-14,1.626346425e-13,3.282034686e-14,1.780730955e-13,7.483629369e-14
11.546875,9.613285522e-14,2.305811117e-13,2.13728841e-13,1.183807483e-13,2.180335466e-13,1.074528068e-13,3.183983105e-14,8.759075176e-14,5.910754042e-14,8.80928998e-14,1.265145163e-13,9.235788479e-14,1.0700143e-13,2.342359346e-13,2.551840518e-13,2.59967788e-13,1.588086178e-13,1.233273659e-13,5.522173261e-14,2.246313252e-13,9.908928346e-14,4.173147127e-14,7.49421526e-14,2.137126642e-14,4.473241949e-14,1.731014758e-13,3.228219899e-13,5.538940467e-14,1.652398043e-13,3.339679836e-14,1.820905038e-13,7.497592475e-14
11.5546875,9.517454307e-14,2.290395921e-13,2.199674166e-13,1.175067353e-13,2.168317093e-13,1.077550353e-13,3.225865225e-14,8.760429337e-14,5.894521475e-14,9.011228952e-14,1.298012309e-13,9.309607249e-14,1.062841408e-13,2.316702488e-13,2.491846316e-13,2.564786703e-13,1.589845505e-13,1.213929495e-13,5.497720824e-14,2.248204018e-13,9.997508348e-14,4.196559087e-14,7.588751862e-14,2.146034036e-14,4.495740746e-14,1.735815514e-13,3.218204193e-13,5.71466394e-14,1.679038602e-13,3.403276856e-14,1.864067045e-13,7.513938909e-14
11.5625,9.427001274e-14,2.272893531e-13,2.264925242e-13,1.166606769e-13,2.157610131e-13,1.079212904e-13,3.271036453e-14,8.766458763e-14,5.881399032e-14,9.223837044e-14,1.332206566e-13,9.384950588e-14,1.055627248e-13,2.291821851e-13,2.435082295e-13,2.533066593e-13,1.593310377e-13,1.195296916e-13,5.480643694e-14,2.251537392e-13,1.008187068e-13,4.220434233e-14,7.680602883e-14,2.157133078e-14,4.523245343e-14,1.740858187e-13,3.209009242e-13,5.904399232e-14,1.705575575e-13,3.471758275e-14,1.908951242e-13,7.532627574e-14
11.5703125,9.350332682e-14,2.257049191e-13,2.328454677e-13,1.159508668e-13,2.147634248e-13,1.079853105e-13,3.315203587e-14,8.776112382e-14,5.868829582e-14,9.436962332e-14,1.365356427e-13,9.452240647e-14,1.048649518e-13,2.267679944e-13,2.380349905e-13,2.505045619e-13,1.598794819e-13,1.178588504e-13,5.457380403e-14,2.255410418e-13,1.015946215e-13,4.239610205e-14,7.774287068e-14,2.165768595e-14,4.553656396e-14,1.747400644e-13,3.201392096e-13,6.0956812e-14,1.733518045e-13,3.54119626e-14,1.950980818e-13,7.550382891e-14
11.578125,9.267842544e-14,2.24033807e-13,2.391454665e-13,1.154221785e-13,2.13610186e-13,1.08040169e-13,3.360447612e-14,8.784521654e-14,5.849066404e-14,9.650980417e-14,1.397835895e-13,9.510365445e-14,1.042293368e-13,2.243463822e-13,2.32735245e-13,2.47979598e-13,1.605528699e-13,1.162662661e-13,5.427133969e-14,2.259570197e-13,1.023216312e-13,4.253003342e-14,7.870633945e-14,2.172524618e-14,4.588485092e-14,1.755365694e-13,3.195693344e-13,6.28301064e-14,1.763167403e-13,3.610509146e-14,1.990994721e-13,7.566376819e-14
11.5859375,9.179220556e-14,2.219634278e-13,2.456798056e-13,1.148683668e-13,2.124371185e-13,1.080103216e-13,3.409247344e-14,8.795749358e-14,5.827675056e-14,9.876497875e-14,1.430835025e-13,9.56387285e-14,1.03565187e-13,2.218479661e-13,2.275748599e-13,2.455949614e-13,1.612069381e-13,1.146228826e-13,5.40058667e-14,2.265298889e-13,1.030430588e-13,4.267945061e-14,7.971880956e-14,2.184706112e-14,4.628244733e-14,1.763944269e-13,3.191286355e-13,6.475257119e-14,1.792678218e-13,3.682416423e-14,2.031870218e-13,7.582905559e-14
11.59375,9.102374835e-14,2.198118551e-13,2.524609688e-13,1.142954894e-13,2.114137065e-13,1.079549638e-13,3.459577208e-14,8.813655901e-14,5.813478783e-14,1.01105017e-13,1.464344807e-13,9.616511228e-14,1.02819762e-13,2.193487724e-13,2.22701073e-13,2.434432578e-13,1.618874613e-13,1.129619984e-13,5.386690604e-14,2.271502658e-13,1.037808088e-13,4.290401954e-14,8.077779708e-14,2.202692466e-14,4.670917924e-14,1.773038618e-13,3.187441119e-13,6.676955636e-14,1.822478306e-13,3.757442623e-14,2.073976546e-13,7.599423657e-14
11.6015625,9.021433257e-14,2.177041294e-13,2.594535774e-13,1.138640065e-13,2.103215747e-13,1.079951805e-13,3.509657301e-14,8.833620913e-14,5.799723825e-14,1.034434112e-13,1.498252621e-13,9.668637236e-14,1.021118877e-13,2.169337502e-13,2.183071656e-13,2.416748038e-13,1.627422907e-13,1.113400161e-13,5.382186685e-14,2.275964321e-13,1.044800042e-13,4.313237714e-14,8.179686259e-14,2.220724106e-14,4.716286716e-14,1.782453552e-13,3.184117459e-13,6.878669299e-14,1.854037914e-13,3.833244512e-14,2.117290356e-13,7.609916354e-14
11.609375,8.926450662e-14,2.154375945e-13,2.666433604e-13,1.134439665e-13,2.090538053e-13,1.079886466e-13,3.560661296e-14,8.854629931e-14,5.780786715e-14,1.058415626e-13,1.532480795e-13,9.716210028e-14,1.01470482e-13,2.145352726e-13,2.141962822e-13,2.401803133e-13,1.637300489e-13,1.09747531e-13,5.375087408e-14,2.279328237e-13,1.051159457e-13,4.328460052e-14,8.275958923e-14,2.238384096e-14,4.765187104e-14,1.792203168e-13,3.181565513e-13,7.078132318e-14,1.887259645e-13,3.910337605e-14,2.160388714e-13,7.613042161e-14
11.6171875,8.844864753e-14,2.131447873e-13,2.740086224e-13,1.129535431e-13,2.077943165e-13,1.078124024e-13,3.613344263e-14,8.879928381e-14,5.762569116e-14,1.083427937e-13,1.56708977e-13,9.758863123e-14,1.008036349e-13,2.12110167e-13,2.101648924e-13,2.388372434e-13,1.647827701e-13,1.081696015e-13,5.363795129e-14,2.283518602e-13,1.057410569e-13,4.340939044e-14,8.375532782e-14,2.258459886e-14,4.817179723e-14,1.80333232e-13,3.180923222e-13,7.281647948e-14,1.92252882e-13,3.99159e-14,2.201684802e-13,7.616271896e-14
11.625,8.780423525e-14,2.10897513e-13,2.816779357e-13,1.125818016e-13,2.066531226e-13,1.076269284e-13,3.666325747e-14,8.908435108e-14,5.746902959e-14,1.108762315e-13,1.603273182e-13,9.805226726e-14,1.001585801e-13,2.097539905e-13,2.063965008e-13,2.377564169e-13,1.659722512e-13,1.066655574e-13,5.360505907e-14,2.288724172e-13,1.063650421e-13,4.35674835e-14,8.480378364e-14,2.27994566e-14,4.871938782e-14,1.816340966e-13,3.183185494e-13,7.492060925e-14,1.959757223e-13,4.078714397e-14,2.243546676e-13,7.622883033e-14
11.6328125,8.711759636e-14,2.085004459e-13,2.897268921e-13,1.123695244e-13,2.056520634e-13,1.07564894e-13,3.718997987e-14,8.93999781e-14,5.732506136e-14,1.134219054e-13,1.641313135e-13,9.859473353e-14,9.961859379e-14,2.075070346e-13,2.029774283e-13,2.370232626e-13,1.673378249e-13,1.05332399e-13,5.370680609e-14,2.29476432e-13,1.069727322e-13,4.374364817e-14,8.587079901e-14,2.301490147e-14,4.930928401e-14,1.830383869e-13,3.186892252e-13,7.713221002e-14,1.997469367e-13,4.172080707e-14,2.287678294e-13,7.630721799e-14
11.640625,8.636980408e-14,2.06063755e-13,2.979926393e-13,1.12234893e-13,2.046499963e-13,1.075428923e-13,3.773646684e-14,8.977682385e-14,5.720814174e-14,1.159838189e-13,1.679476571e-13,9.914579392e-14,9.913562826e-14,2.052884242e-13,1.998003315e-13,2.366167695e-13,1.689051686e-13,1.041537868e-13,5.388813064e-14,2.302058658e-13,1.075698195e-13,4.391948615e-14,8.697072227e-14,2.326314821e-14,4.997796311e-14,1.844889087e-13,3.190359744e-13,7.941759471e-14,2.036700951e-13,4.270010364e-14,2.331938357e-13,7.640511468e-14
11.6484375,8.556242608e-14,2.037289351e-13,3.064465287e-13,1.12215686e-13,2.033819127e-13,1.074570774e-13,3.832673273e-14,9.022828082e-14,5.708043201e-14,1.18555958e-13,1.717549228e-13,9.96596242e-14,9.867975019e-14,2.030422115e-13,1.96948256e-13,2.365572731e-13,1.707167236e-13,1.030501461e-13,5.412310535e-14,2.309618262e-13,1.081092147e-13,4.408195989e-14,8.810178671e-14,2.356925754e-14,5.074644904e-14,1.860312401e-13,3.194538433e-13,8.168316543e-14,2.079416502e-13,4.371690831e-14,2.37592222e-13,7.650521615e-14
11.65625,8.471234859e-14,2.012579597e-13,3.152295446e-13,1.123400547e-13,2.020099021e-13,1.073253664e-13,3.894724276e-14,9.075597042e-14,5.692305361e-14,1.212276678e-13,1.75675988e-13,1.001652002e-13,9.825793437e-14,2.008113649e-13,1.944677408e-13,2.36789003e-13,1.726748661e-13,1.020554978e-13,5.442132555e-14,2.316139008e-13,1.085468387e-13,4.42186326e-14,8.92359289e-14,2.389184407e-14,5.157541382e-14,1.877132272e-13,3.20088553e-13,8.401247083e-14,2.123872638e-13,4.479651383e-14,2.42077432e-13,7.659806663e-14
11.6640625,8.40020201e-14,1.985174332e-13,3.242771945e-13,1.126038798e-13,2.009708905e-13,1.072117321e-13,3.956277825e-14,9.133862097e-14,5.681189117e-14,1.240317729e-13,1.796528626e-13,1.006863985e-13,9.78367123e-14,1.987240989e-13,1.922016039e-13,2.372212554e-13,1.747276618e-13,1.012191117e-13,5.479520554e-14,2.323145885e-13,1.089106175e-13,4.436745358e-14,9.038202875e-14,2.418992439e-14,5.242331026e-14,1.895054498e-13,3.209479837e-13,8.647043777e-14,2.168642457e-13,4.592778377e-14,2.465575919e-13,7.675595807e-14
11.671875,8.344693736e-14,1.956795188e-13,3.335085388e-13,1.12960525e-13,2.002259338e-13,1.071064724e-13,4.01707802e-14,9.195523042e-14,5.677164883e-14,1.268537637e-13,1.836568346e-13,1.012246817e-13,9.743414675e-14,1.968600285e-13,1.901316839e-13,2.37934417e-13,1.770076501e-13,1.004730729e-13,5.526685017e-14,2.332330262e-13,1.092297687e-13,4.456335072e-14,9.154167792e-14,2.448209315e-14,5.331211954e-14,1.913610672e-13,3.220121931e-13,8.889379276e-14,2.216108403e-13,4.707101469e-14,2.509875782e-13,7.696721932e-14
11.6796875,8.290816454e-14,1.928980778e-13,3.430528853e-13,1.132881069e-13,1.994373398e-13,1.069721589e-13,4.079967254e-14,9.264148668e-14,5.675240655e-14,1.297055739e-13,1.87849867e-13,1.017849619e-13,9.707356105e-14,1.951013379e-13,1.883501857e-13,2.389514594e-13,1.79491061e-13,9.976014496e-14,5.580525084e-14,2.341683192e-13,1.095536641e-13,4.477783842e-14,9.269855728e-14,2.478476095e-14,5.42635897e-14,1.932945391e-13,3.232572862e-13,9.128043996e-14,2.267307582e-13,4.825358079e-14,2.554346361e-13,7.711287282e-14
11.6875,8.239138549e-14,1.901756276e-13,3.529593632e-13,1.136742188e-13,1.985517893e-13,1.068347276e-13,4.144756001e-14,9.339615159e-14,5.674605771e-14,1.327001473e-13,1.922546325e-13,1.023875284e-13,9.671174998e-14,1.933337996e-13,1.868600688e-13,2.401260456e-13,1.820403954e-13,9.913876986e-14,5.637553783e-14,2.34896122e-13,1.099366578e-13,4.498715357e-14,9.386828322e-14,2.509810492e-14,5.526030868e-14,1.953305756e-13,3.246029746e-13,9.380926016e-14,2.320226063e-13,4.950490314e-14,2.599427614e-13,7.718717622e-14
11.6953125,8.186616997e-14,1.873457296e-13,3.631384008e-13,1.143218619e-13,1.97669335e-13,1.066822926e-13,4.208361969e-14,9.414305769e-14,5.67347882e-14,1.357650931e-13,1.967312445e-13,1.030214727e-13,9.637622464e-14,1.916461352e-13,1.856976793e-13,2.41494187e-13,1.847546691e-13,9.868973571e-14,5.703089973e-14,2.355816277e-13,1.103042801e-13,4.519149096e-14,9.506535487e-14,2.543895601e-14,5.630507716e-14,1.974866944e-13,3.259969851e-13,9.637305892e-14,2.374200604e-13,5.078781564e-14,2.646018362e-13,7.725428204e-14
11.703125,8.126968619e-14,1.843076932e-13,3.735223884e-13,1.150816139e-13,1.967659925e-13,1.064527974e-13,4.271803946e-14,9.488903405e-14,5.667031529e-14,1.388011944e-13,2.012077574e-13,1.035996765e-13,9.611267677e-14,1.900804146e-13,1.849095311e-13,2.432400945e-13,1.877569472e-13,9.838241248e-14,5.777390961e-14,2.36461453e-13,1.105628243e-13,4.537260344e-14,9.62802651e-14,2.578249842e-14,5.741418147e-14,1.998099563e-13,3.275420161e-13,9.878294361e-14,2.430303249e-13,5.20944608e-14,2.693100542e-13,7.731522421e-14
11.7109375,8.07285782e-14,1.812996783e-13,3.840891045e-13,1.15750089e-13,1.958504553e-13,1.062296843e-13,4.338859759e-14,9.571309892e-14,5.660179057e-14,1.418875411e-13,2.056970039e-13,1.041174507e-13,9.585934444e-14,1.885600024e-13,1.844402385e-13,2.45372736e-13,1.910021468e-13,9.813599921e-14,5.854628932e-14,2.374492652e-13,1.107731696e-13,4.554224807e-14,9.749981522e-14,2.607764941e-14,5.857917518e-14,2.022642299e-13,3.294086201e-13,1.011945036e-13,2.489048776e-13,5.344256002e-14,2.738583908e-13,7.738049489e-14
11.71875,8.02986204e-14,1.785021582e-13,3.949308767e-13,1.165058026e-13,1.950627552e-13,1.061381246e-13,4.408185574e-14,9.66132052e-14,5.661907493e-14,1.45072906e-13,2.102825477e-13,1.047270588e-13,9.560011757e-14,1.871266755e-13,1.842368067e-13,2.478125554e-13,1.944753409e-13,9.79841763e-14,5.941404466e-14,2.383792752e-13,1.110083878e-13,4.574858645e-14,9.869801714e-14,2.635886123e-14,5.979599182e-14,2.047494127e-13,3.315535159e-13,1.037850314e-13,2.550362027e-13,5.48173029e-14,2.784489427e-13,7.745584241e-14
11.7265625,7.984208341e-14,1.756474912e-13,4.060592196e-13,1.175032481e-13,1.943567595e-13,1.060756861e-13,4.476324749e-14,9.754548989e-14,5.667741674e-14,1.483021643e-13,2.149859873e-13,1.054483585e-13,9.537679857e-14,1.858104441e-13,1.842907726e-13,2.505245749e-13,1.9813392e-13,9.793716018e-14,6.042311535e-14,2.393440037e-13,1.11233402e-13,4.597889912e-14,9.987255732e-14,2.668140179e-14,6.106185877e-14,2.073224971e-13,3.337352393e-13,1.064225694e-13,2.613489498e-13,5.62452051e-14,2.832738505e-13,7.750828462e-14
11.734375,7.933524266e-14,1.72495362e-13,4.172520201e-13,1.186415293e-13,1.934698167e-13,1.058994266e-13,4.545347557e-14,9.850504016e-14,5.668000127e-14,1.515776457e-13,2.196887435e-13,1.061329712e-13,9.516784292e-14,1.84546269e-13,1.846166627e-13,2.53446123e-13,2.019013572e-13,9.788804586e-14,6.146634769e-14,2.40430905e-13,1.114091412e-13,4.618312517e-14,1.010668585e-13,2.701055295e-14,6.236597427e-14,2.10065771e-13,3.3590079e-13,1.089748474e-13,2.67779292e-13,5.774834064e-14,2.880761138e-13,7.75475592e-14
11.7421875,7.887127495e-14,1.693082718e-13,4.284937766e-13,1.199038355e-13,1.924537747e-13,1.056777735e-13,4.617819185e-14,9.950515886e-14,5.665174127e-14,1.549213086e-13,2.2436431e-13,1.067834514e-13,9.500673762e-14,1.834133821e-13,1.852444778e-13,2.565424109e-13,2.058730755e-13,9.791222939e-14,6.252261324e-14,2.414480377e-13,1.115344623e-13,4.636862983e-14,1.022920675e-13,2.730802298e-14,6.373389573e-14,2.128766254e-13,3.382279127e-13,1.115197289e-13,2.744229628e-13,5.924801894e-14,2.927887213e-13,7.757594859e-14
11.75,7.846320027e-14,1.663933346e-13,4.399676295e-13,1.213571072e-13,1.916094489e-13,1.05480869e-13,4.690453102e-14,1.005760276e-13,5.666431018e-14,1.582882549e-13,2.290502678e-13,1.074795114e-13,9.495309451e-14,1.824780269e-13,1.861630869e-13,2.599026112e-13,2.101256969e-13,9.817174753e-14,6.365297744e-14,2.42346368e-13,1.116212896e-13,4.655684518e-14,1.035186146e-13,2.75984872e-14,6.51867353e-14,2.157225148e-13,3.407796191e-13,1.140549343e-13,2.813528778e-13,6.0713145e-14,2.975837991e-13,7.756364709e-14
11.7578125,7.811672948e-14,1.635352635e-13,4.51649915e-13,1.229413378e-13,1.909171572e-13,1.05255718e-13,4.76054016e-14,1.01736448e-13,5.671910982e-14,1.616462092e-13,2.337570979e-13,1.082005795e-13,9.493309884e-14,1.816570561e-13,1.873902486e-13,2.6364736e-13,2.146036212e-13,9.855328845e-14,6.4836142e-14,2.434384105e-13,1.11707759e-13,4.674483392e-14,1.047402719e-13,2.790141687e-14,6.668380595e-14,2.18736748e-13,3.43527652e-13,1.164498192e-13,2.885757548e-13,6.222623871e-14,3.024030398e-13,7.756080283e-14
11.765625,7.789160927e-14,1.604449468e-13,4.636070099e-13,1.245765374e-13,1.902463059e-13,1.050174389e-13,4.830374938e-14,1.029655885e-13,5.680790226e-14,1.650136036e-13,2.386511349e-13,1.089871411e-13,9.490653117e-14,1.809721191e-13,1.889596506e-13,2.677242757e-13,2.193013873e-13,9.896085592e-14,6.609763608e-14,2.447784353e-13,1.118152962e-13,4.695285284e-14,1.059628201e-13,2.82086208e-14,6.820689817e-14,2.219261805e-13,3.465549187e-13,1.187975239e-13,2.96187852e-13,6.380463884e-14,3.07293972e-13,7.761277847e-14
11.7734375,7.777062137e-14,1.573712576e-13,4.759214174e-13,1.262955239e-13,1.896477126e-13,1.048373516e-13,4.901228944e-14,1.042571556e-13,5.693327872e-14,1.683856959e-13,2.437391998e-13,1.098532183e-13,9.493488189e-14,1.80398209e-13,1.907478573e-13,2.719197492e-13,2.241135757e-13,9.950162739e-14,6.746940417e-14,2.460271739e-13,1.119095126e-13,4.718998303e-14,1.071961009e-13,2.85041337e-14,6.978850033e-14,2.251999479e-13,3.498414259e-13,1.212851101e-13,3.040327144e-13,6.538234172e-14,3.123574065e-13,7.765437725e-14
11.78125,7.765044503e-14,1.545544448e-13,4.882758261e-13,1.281491663e-13,1.890463295e-13,1.047145048e-13,4.971300656e-14,1.056030717e-13,5.706183024e-14,1.717332234e-13,2.487283482e-13,1.106656069e-13,9.500292133e-14,1.798092542e-13,1.926683143e-13,2.761944317e-13,2.289300547e-13,1.00141653e-13,6.886514641e-14,2.471454578e-13,1.119623521e-13,4.743306489e-14,1.084595201e-13,2.8784645e-14,7.142515812e-14,2.285486791e-13,3.532000778e-13,1.237867696e-13,3.117878475e-13,6.693751356e-14,3.173716553e-13,7.765656785e-14
11.7890625,7.750397954e-14,1.516734135e-13,5.006677435e-13,1.300936748e-13,1.883543834e-13,1.046317631e-13,5.040184071e-14,1.069570433e-13,5.718186367e-14,1.751273064e-13,2.537087047e-13,1.114549054e-13,9.510294532e-14,1.793879173e-13,1.948461646e-13,2.806972105e-13,2.339764157e-13,1.008380869e-13,7.029431226e-14,2.483719789e-13,1.11996738e-13,4.769069028e-14,1.097381433e-13,2.90833586e-14,7.31034852e-14,2.319471208e-13,3.566439334e-13,1.261582714e-13,3.197228315e-13,6.849632804e-14,3.223504094e-13,7.767025212e-14
11.796875,7.737246783e-14,1.485099911e-13,5.134841431e-13,1.320904966e-13,1.876911451e-13,1.045404816e-13,5.108846163e-14,1.083283211e-13,5.731320108e-14,1.786831154e-13,2.589172025e-13,1.123505437e-13,9.529467793e-14,1.792819763e-13,1.972890218e-13,2.854045231e-13,2.393665388e-13,1.017248889e-13,7.182386703e-14,2.496499872e-13,1.120325368e-13,4.795248094e-14,1.110101417e-13,2.9401198e-14,7.484311053e-14,2.353694394e-13,3.603351228e-13,1.285281156e-13,3.281938628e-13,7.008443787e-14,3.274894406e-13,7.768790739e-14
11.8046875,7.722099481e-14,1.45367272e-13,5.26486953e-13,1.34220018e-13,1.870569116e-13,1.043547815e-13,5.177115792e-14,1.097750303e-13,5.743415438e-14,1.822919075e-13,2.640780384e-13,1.132504108e-13,9.553950536e-14,1.791972771e-13,1.998973374e-13,2.902809556e-13,2.448812782e-13,1.027676827e-13,7.335831397e-14,2.508870107e-13,1.120511128e-13,4.815993955e-14,1.122951554e-13,2.968378766e-14,7.663543409e-14,2.389046225e-13,3.642789082e-13,1.308961052e-13,3.368524701e-13,7.169946171e-14,3.325116226e-13,7.766632745e-14
11.8125,7.702120269e-14,1.424599678e-13,5.394358643e-13,1.36544436e-13,1.863950035e-13,1.041439941e-13,5.245139863e-14,1.112816929e-13,5.754430393e-14,1.857632487e-13,2.691266438e-13,1.141201204e-13,9.578563243e-14,1.790567875e-13,2.027838289e-13,2.955127751e-13,2.505580696e-13,1.038412919e-13,7.488590356e-14,2.522685469e-13,1.120531816e-13,4.834305865e-14,1.135976256e-13,2.9962183e-14,7.846759194e-14,2.426211207e-13,3.68513067e-13,1.331365378e-13,3.456022269e-13,7.33183808e-14,3.374023215e-13,7.763568048e-14
11.8203125,7.689060712e-14,1.396682373e-13,5.527343832e-13,1.390630678e-13,1.858386738e-13,1.040503726e-13,5.314366026e-14,1.128256569e-13,5.770947811e-14,1.89204335e-13,2.743632764e-13,1.151329966e-13,9.606904632e-14,1.791558474e-13,2.060163408e-13,3.010615343e-13,2.565366212e-13,1.050279038e-13,7.654485532e-14,2.538075929e-13,1.120698885e-13,4.858241457e-14,1.149080464e-13,3.031620935e-14,8.037266472e-14,2.464709376e-13,3.731399525e-13,1.353666719e-13,3.549213545e-13,7.493762018e-14,3.426921851e-13,7.764288109e-14
11.828125,7.695408271e-14,1.369106602e-13,5.662681852e-13,1.417736078e-13,1.853956577e-13,1.039895709e-13,5.384986788e-14,1.144526555e-13,5.794242333e-14,1.927608142e-13,2.795625377e-13,1.162560883e-13,9.636922553e-14,1.795372366e-13,2.094350293e-13,3.066334371e-13,2.626731706e-13,1.063580068e-13,7.82989787e-14,2.553106565e-13,1.120890387e-13,4.884909352e-14,1.162579569e-13,3.068715613e-14,8.235257315e-14,2.503945323e-13,3.77982501e-13,1.376354025e-13,3.646798324e-13,7.654801366e-14,3.482647607e-13,7.766384444e-14
11.8359375,7.716784879e-14,1.342181385e-13,5.796703659e-13,1.444978129e-13,1.849317661e-13,1.038252833e-13,5.455290263e-14,1.161533868e-13,5.81880174e-14,1.96313603e-13,2.845749735e-13,1.173626391e-13,9.666104894e-14,1.800860404e-13,2.1298716e-13,3.122556337e-13,2.689807134e-13,1.077287607e-13,8.006686978e-14,2.568230642e-13,1.120822326e-13,4.910542701e-14,1.176529235e-13,3.099783158e-14,8.436448126e-14,2.543465724e-13,3.827831891e-13,1.397708445e-13,3.74420035e-13,7.813425517e-14,3.536569732e-13,7.767216226e-14
11.84375,7.73992894e-14,1.315964625e-13,5.934205306e-13,1.470661427e-13,1.845169561e-13,1.036858703e-13,5.524184343e-14,1.178794785e-13,5.844234908e-14,1.998526812e-13,2.899168289e-13,1.185552313e-13,9.699673594e-14,1.807665961e-13,2.167418496e-13,3.181490103e-13,2.755789057e-13,1.091647982e-13,8.194950615e-14,2.584605423e-13,1.120809465e-13,4.94086072e-14,1.190429499e-13,3.131425725e-14,8.639740002e-14,2.582761361e-13,3.876047313e-13,1.418607559e-13,3.842953521e-13,7.972902108e-14,3.591514487e-13,7.769768871e-14
11.8515625,7.760759696e-14,1.290611386e-13,6.077037102e-13,1.497454754e-13,1.842060666e-13,1.037217914e-13,5.592275167e-14,1.196743212e-13,5.874832976e-14,2.03504045e-13,2.956603954e-13,1.198930789e-13,9.734811401e-14,1.814668242e-13,2.207161975e-13,3.243200948e-13,2.823141995e-13,1.107350901e-13,8.39750926e-14,2.601419019e-13,1.121171383e-13,4.977259125e-14,1.204182475e-13,3.166493713e-14,8.846431681e-14,2.622037912e-13,3.926727112e-13,1.44111522e-13,3.944944274e-13,8.134325743e-14,3.650037217e-13,7.774703848e-14
11.859375,7.784581939e-14,1.266456961e-13,6.219187098e-13,1.52760263e-13,1.838024894e-13,1.037999978e-13,5.660696288e-14,1.21557011e-13,5.909623373e-14,2.071198769e-13,3.013413722e-13,1.212535741e-13,9.767469795e-14,1.821740505e-13,2.2494037e-13,3.306905714e-13,2.890975909e-13,1.124063497e-13,8.600925133e-14,2.617687064e-13,1.121711199e-13,5.012502596e-14,1.217990864e-13,3.198391866e-14,9.057843613e-14,2.662268062e-13,3.980684264e-13,1.463809656e-13,4.049252137e-13,8.293971782e-14,3.708376526e-13,7.779254539e-14
11.8671875,7.813248506e-14,1.242782927e-13,6.359805247e-13,1.558439816e-13,1.832044745e-13,1.037360896e-13,5.729818499e-14,1.234533351e-13,5.941637846e-14,2.105637427e-13,3.069200074e-13,1.22565815e-13,9.806150306e-14,1.829976761e-13,2.294256951e-13,3.37203045e-13,2.959712473e-13,1.141079422e-13,8.79971894e-14,2.633115643e-13,1.122237565e-13,5.042093036e-14,1.231505034e-13,3.229095273e-14,9.274421273e-14,2.70371059e-13,4.03639341e-13,1.484729787e-13,4.156334107e-13,8.453881635e-14,3.764858383e-13,7.783068625e-14
11.875,7.845827135e-14,1.21849887e-13,6.501058619e-13,1.58899334e-13,1.825984524e-13,1.036018596e-13,5.79889479e-14,1.253922689e-13,5.969475108e-14,2.140135262e-13,3.124855936e-13,1.238417119e-13,9.851748199e-14,1.839268907e-13,2.341952644e-13,3.439047853e-13,3.029637531e-13,1.157777152e-13,9.000747158e-14,2.648737803e-13,1.122684104e-13,5.068487992e-14,1.24438827e-13,3.262593372e-14,9.492702551e-14,2.745550607e-13,4.092426982e-13,1.504429572e-13,4.265474231e-13,8.615293885e-14,3.821452115e-13,7.784688285e-14
11.8828125,7.883888771e-14,1.194742931e-13,6.641697157e-13,1.621681102e-13,1.82138893e-13,1.035686825e-13,5.867653497e-14,1.274966161e-13,6.002971067e-14,2.175371097e-13,3.178959634e-13,1.251501131e-13,9.895418528e-14,1.850193275e-13,2.393588943e-13,3.510252178e-13,3.103137504e-13,1.174407543e-13,9.210674797e-14,2.666614886e-13,1.123039268e-13,5.097774914e-14,1.257208516e-13,3.294266225e-14,9.711994859e-14,2.787645092e-13,4.150421365e-13,1.523718784e-13,4.374464452e-13,8.771963555e-14,3.879099836e-13,7.784023731e-14
11.890625,7.927661388e-14,1.17325465e-13,6.782548589e-13,1.655555431e-13,1.817587826e-13,1.036014303e-13,5.937496092e-14,1.29767354e-13,6.048320383e-14,2.210210874e-13,3.231868757e-13,1.265726042e-13,9.941502197e-14,1.863785693e-13,2.448676775e-13,3.585754973e-13,3.180830433e-13,1.192082018e-13,9.428494574e-14,2.686185558e-13,1.123426616e-13,5.132310182e-14,1.270556918e-13,3.324590222e-14,9.938249189e-14,2.830729676e-13,4.211503692e-13,1.542624663e-13,4.484062825e-13,8.924783787e-14,3.937893771e-13,7.786832786e-14
11.8984375,7.978951619e-14,1.15279812e-13,6.924342629e-13,1.688004374e-13,1.813694945e-13,1.035608951e-13,6.009423216e-14,1.321007002e-13,6.096944929e-14,2.244905563e-13,3.285108881e-13,1.280464903e-13,9.995827083e-14,1.878500817e-13,2.505267467e-13,3.662506353e-13,3.258934301e-13,1.210976239e-13,9.647508527e-14,2.705218887e-13,1.123757238e-13,5.167787043e-14,1.283916566e-13,3.35899848e-14,1.017046394e-13,2.874391575e-13,4.273756352e-13,1.560932306e-13,4.596191325e-13,9.078412087e-14,3.997105466e-13,7.791949391e-14
11.90625,8.038547644e-14,1.132153684e-13,7.064666355e-13,1.720512051e-13,1.809482062e-13,1.035030509e-13,6.082936777e-14,1.344231095e-13,6.140217873e-14,2.279464238e-13,3.339189491e-13,1.294937659e-13,1.005023685e-13,1.893069376e-13,2.563082613e-13,3.739307752e-13,3.336391437e-13,1.230233147e-13,9.864571059e-14,2.72408363e-13,1.124078412e-13,5.201983678e-14,1.296743525e-13,3.396033292e-14,1.040045453e-13,2.917281529e-13,4.336846568e-13,1.578102819e-13,4.710966575e-13,9.227211095e-14,4.055986249e-13,7.791620795e-14
11.9140625,8.094593733e-14,1.113149469e-13,7.203764039e-13,1.755998649e-13,1.804382709e-13,1.035651046e-13,6.157398991e-14,1.367418888e-13,6.181877866e-14,2.312657282e-13,3.393633716e-13,1.309788582e-13,1.010087543e-13,1.908280856e-13,2.622525012e-13,3.817540964e-13,3.415085871e-13,1.249633799e-13,1.007955714e-13,2.743681435e-13,1.12503613e-13,5.236611205e-14,1.309518731e-13,3.434591496e-14,1.062921112e-13,2.959286059e-13,4.400833098e-13,1.59391023e-13,4.826967681e-13,9.368046488e-14,4.115429112e-13,7.788635875e-14
11.921875,8.140252113e-14,1.096208813e-13,7.341997805e-13,1.794109705e-13,1.798367814e-13,1.036715254e-13,6.230977215e-14,1.391329749e-13,6.227481747e-14,2.344585072e-13,3.446502492e-13,1.325044263e-13,1.015219466e-13,1.923663663e-13,2.683513602e-13,3.898730758e-13,3.494579784e-13,1.269630604e-13,1.029037572e-13,2.763430523e-13,1.126652392e-13,5.27065262e-14,1.322364693e-13,3.476461779e-14,1.086191141e-13,3.001523499e-13,4.463091526e-13,1.608608152e-13,4.942229282e-13,9.506580174e-14,4.175472331e-13,7.789761063e-14
11.9296875,8.189807651e-14,1.078997283e-13,7.476962523e-13,1.832349545e-13,1.792275564e-13,1.036766258e-13,6.300533467e-14,1.416244212e-13,6.275403024e-14,2.376207483e-13,3.497266854e-13,1.340084687e-13,1.020443203e-13,1.938701974e-13,2.746065965e-13,3.982762283e-13,3.574164266e-13,1.290185391e-13,1.049823354e-13,2.783552873e-13,1.128078999e-13,5.303487666e-14,1.334657005e-13,3.519212364e-14,1.109575893e-13,3.044817374e-13,4.52441387e-13,1.622410869e-13,5.057173522e-13,9.643600763e-14,4.235612008e-13,7.794270482e-14
11.9375,8.251284199e-14,1.06147707e-13,7.60980897e-13,1.87052704e-13,1.786286906e-13,1.03617275e-13,6.365950329e-14,1.441838274e-13,6.324202554e-14,2.407736664e-13,3.54789552e-13,1.355620569e-13,1.026074203e-13,1.955327556e-13,2.809307617e-13,4.067015504e-13,3.653847139e-13,1.311110173e-13,1.070683064e-13,2.804958028e-13,1.129473416e-13,5.337449256e-14,1.346566224e-13,3.563530431e-14,1.132977189e-13,3.088815628e-13,4.588380629e-13,1.63541267e-13,5.173768935e-13,9.776530718e-14,4.297223587e-13,7.800877686e-14
11.9453125,8.315800224e-14,1.046070499e-13,7.742967657e-13,1.910338108e-13,1.780597144e-13,1.035601635e-13,6.43050317e-14,1.468403739e-13,6.377987728e-14,2.439138177e-13,3.598923892e-13,1.372031441e-13,1.032477351e-13,1.974550818e-13,2.873129003e-13,4.151217961e-13,3.733916456e-13,1.332954938e-13,1.091599557e-13,2.828400977e-13,1.131709644e-13,5.373329919e-14,1.358478025e-13,3.613001855e-14,1.156895992e-13,3.132235454e-13,4.653868408e-13,1.647269491e-13,5.291078328e-13,9.905311772e-14,4.359567553e-13,7.807855208e-14
11.953125,8.380185969e-14,1.03312412e-13,7.874748002e-13,1.950461707e-13,1.775821285e-13,1.034685297e-13,6.49573619e-14,1.495944995e-13,6.439172644e-14,2.470180075e-13,3.649853384e-13,1.388318709e-13,1.038553889e-13,1.994576404e-13,2.938753238e-13,4.238291532e-13,3.815772176e-13,1.35559552e-13,1.112432707e-13,2.854146748e-13,1.134443007e-13,5.411873844e-14,1.369942543e-13,3.663521731e-14,1.181075849e-13,3.174407118e-13,4.719044746e-13,1.657978433e-13,5.407390662e-13,1.002875089e-13,4.419693964e-13,7.812083009e-14
11.9609375,8.44869252e-14,1.020501217e-13,8.003857993e-13,1.989332006e-13,1.77111528e-13,1.033757454e-13,6.560636076e-14,1.523632558e-13,6.504240679e-14,2.500781773e-13,3.700636474e-13,1.404312537e-13,1.043520491e-13,2.013961674e-13,3.004934333e-13,4.326714909e-13,3.897804572e-13,1.377720724e-13,1.132991883e-13,2.880611693e-13,1.136867919e-13,5.45392787e-14,1.380914322e-13,3.712955958e-14,1.204750176e-13,3.215844006e-13,4.78509904e-13,1.668676108e-13,5.523507364e-13,1.014625376e-13,4.478859649e-13,7.814963261e-14
11.96875,8.522148355e-14,1.007475673e-13,8.130832725e-13,2.029518504e-13,1.764988065e-13,1.03360254e-13,6.624951904e-14,1.551628804e-13,6.570037906e-14,2.531284482e-13,3.749917437e-13,1.420551098e-13,1.048642523e-13,2.03342601e-13,3.070796132e-13,4.414017314e-13,3.977531452e-13,1.399742083e-13,1.153066429e-13,2.906181602e-13,1.139184112e-13,5.496535126e-14,1.391716079e-13,3.76651129e-14,1.228221601e-13,3.256837787e-13,4.851633367e-13,1.679349639e-13,5.640037429e-13,1.025813314e-13,4.540163066e-13,7.81650655e-14
11.9765625,8.595804072e-14,9.961393669e-14,8.254937118e-13,2.071436186e-13,1.757305137e-13,1.0334607e-13,6.689174426e-14,1.580512255e-13,6.636214979e-14,2.561190649e-13,3.797049578e-13,1.436893986e-13,1.054608328e-13,2.053941851e-13,3.139089939e-13,4.503434522e-13,4.057719216e-13,1.423135272e-13,1.172873053e-13,2.931245386e-13,1.141973316e-13,5.537272059e-14,1.40198034e-13,3.823783603e-14,1.252163109e-13,3.297154276e-13,4.918000727e-13,1.688355008e-13,5.756110395e-13,1.036465475e-13,4.603017265e-13,7.814879578e-14
11.984375,8.663096195e-14,9.870608734e-14,8.375609696e-13,2.112678301e-13,1.748913588e-13,1.032730978e-13,6.752462407e-14,1.609991613e-13,6.702584966e-14,2.59002362e-13,3.843114172e-13,1.453301814e-13,1.060367258e-13,2.07478508e-13,3.20997812e-13,4.595528275e-13,4.138618749e-13,1.44679806e-13,1.192506014e-13,2.957091438e-13,1.145466756e-13,5.577425583e-14,1.411589454e-13,3.88391683e-14,1.275956503e-13,3.336726188e-13,4.984991743e-13,1.695700181e-13,5.870837248e-13,1.046927792e-13,4.666033912e-13,7.814055933e-14
11.9921875,8.7290878e-14,9.776149147e-14,8.493143376e-13,2.155354103e-13,1.741119044e-13,1.032602769e-13,6.813556084e-14,1.640107778e-13,6.77014117e-14,2.618820664e-13,3.887883834e-13,1.469770611e-13,1.06568419e-13,2.095170264e-13,3.281281577e-13,4.687144815e-13,4.216333767e-13,1.469689706e-13,1.211752009e-13,2.985221841e-13,1.149332407e-13,5.618005625e-14,1.420780878e-13,3.951060335e-14,1.298890538e-13,3.375320705e-13,5.051506378e-13,1.70257157e-13,5.983851911e-13,1.057106613e-13,4.728770587e-13,7.81364684e-14
12,8.804984434e-14,9.675735029e-14,8.60662885e-13,2.201024003e-13,1.734184323e-13,1.033128975e-13,6.872920377e-14,1.670705265e-13,6.839584192e-14,2.647916365e-13,3.931245411e-13,1.485551635e-13,1.071034993e-13,2.116128037e-13,3.353948906e-13,4.779982224e-13,4.29398099e-13,1.493405517e-13,1.230905121e-13,3.015119971e-13,1.152755472e-13,5.659733816e-14,1.429365268e-13,4.019536907e-14,1.321755779e-13,3.412791351e-13,5.116394081e-13,1.708637045e-13,6.095591571e-13,1.066213559e-13,4.789924688e-13,7.80779987e-14
12.0078125,8.88875396e-14,9.597920037e-14,8.713458524e-13,2.246532655e-13,1.726051311e-13,1.03270878e-13,6.931384555e-14,1.7010067e-13,6.909878731e-14,2.676044734e-13,3.97416394e-13,1.500312541e-13,1.075895654e-13,2.137834052e-13,3.427432922e-13,4.874581406e-13,4.374646153e-13,1.517732194e-13,1.249920429e-13,3.04427221e-13,1.15571666e-13,5.703151308e-14,1.437715972e-13,4.082634611e-14,1.345063127e-13,3.449624628e-13,5.179981293e-13,1.71344765e-13,6.206028972e-13,1.074215681e-13,4.849078332e-13,7.801489428e-14
12.015625,8.978639802e-14,9.542343263e-14,8.812480136e-13,2.291816181e-13,1.715927708e-13,1.031803302e-13,6.987551678e-14,1.731655057e-13,6.983069604e-14,2.702990803e-13,4.015726499e-13,1.514928866e-13,1.080393042e-13,2.158828526e-13,3.499248393e-13,4.967187986e-13,4.452408962e-13,1.540751213e-13,1.268050917e-13,3.073218786e-13,1.159234235e-13,5.747421321e-14,1.446323913e-13,4.149911375e-14,1.367870296e-13,3.485800628e-13,5.24243166e-13,1.717499818e-13,6.314214214e-13,1.0816112e-13,4.907676904e-13,7.800489119e-14
12.0234375,9.080197031e-14,9.491098161e-14,8.907873484e-13,2.337793382e-13,1.706428369e-13,1.032056828e-13,7.039502994e-14,1.763314041e-13,7.062791236e-14,2.729707747e-13,4.055082913e-13,1.530422038e-13,1.085706841e-13,2.179937177e-13,3.571135466e-13,5.058937937e-13,4.525478704e-13,1.563719899e-13,1.285746011e-13,3.103653004e-13,1.163596085e-13,5.793908805e-14,1.454241888e-13,4.227992658e-14,1.389921047e-13,3.520390433e-13,5.305092251e-13,1.72108659e-13,6.420673578e-13,1.088303392e-13,4.967256347e-13,7.797684961e-14
12.03125,9.185877704e-14,9.450331242e-14,9.003870651e-13,2.38183493e-13,1.69899295e-13,1.032739639e-13,7.088312215e-14,1.794937117e-13,7.148102936e-14,2.756459544e-13,4.093478348e-13,1.546751132e-13,1.091312121e-13,2.202821407e-13,3.644401055e-13,5.152471981e-13,4.59880268e-13,1.588264724e-13,1.303787407e-13,3.134533421e-13,1.168177516e-13,5.843985073e-14,1.460699954e-13,4.309881706e-14,1.411943542e-13,3.553212956e-13,5.367803035e-13,1.724618666e-13,6.526444209e-13,1.094409492e-13,5.028143481e-13,7.791486647e-14
12.0390625,9.288294686e-14,9.425470654e-14,9.097664854e-13,2.424987009e-13,1.691638709e-13,1.032500395e-13,7.136813396e-14,1.826519943e-13,7.2351432e-14,2.782884204e-13,4.131328321e-13,1.562827751e-13,1.095964445e-13,2.225911376e-13,3.717067167e-13,5.245908425e-13,4.672122999e-13,1.61282274e-13,1.321018882e-13,3.166243032e-13,1.172751188e-13,5.893754139e-14,1.466381916e-13,4.392113703e-14,1.43368558e-13,3.585225846e-13,5.427251092e-13,1.727855846e-13,6.630466727e-13,1.100289341e-13,5.088373812e-13,7.790484348e-14
12.046875,9.39442122e-14,9.409406475e-14,9.185747614e-13,2.469901809e-13,1.682679669e-13,1.031602104e-13,7.185029373e-14,1.859113649e-13,7.321421398e-14,2.808337183e-13,4.168343523e-13,1.578270401e-13,1.100528746e-13,2.247984987e-13,3.789761625e-13,5.338766986e-13,4.743120048e-13,1.636368744e-13,1.336509876e-13,3.199931944e-13,1.177566134e-13,5.940902187e-14,1.471829321e-13,4.476047604e-14,1.454575808e-13,3.616852082e-13,5.4842562e-13,1.729095184e-13,6.732058843e-13,1.105499472e-13,5.146534743e-13,7.793501097e-14
12.0546875,9.502456937e-14,9.405088788e-14,9.268976449e-13,2.514319249e-13,1.672771143e-13,1.030444218e-13,7.230436117e-14,1.892623492e-13,7.409515324e-14,2.832113544e-13,4.204809949e-13,1.593972939e-13,1.10587802e-13,2.270450927e-13,3.863348473e-13,5.432180919e-13,4.812628894e-13,1.65968648e-13,1.351355627e-13,3.234538534e-13,1.18300142e-13,5.989470678e-14,1.477075855e-13,4.563513569e-14,1.474980684e-13,3.647267307e-13,5.542446133e-13,1.728362607e-13,6.832452513e-13,1.109658181e-13,5.205062644e-13,7.794538729e-14
12.0625,9.61288744e-14,9.413945556e-14,9.346858135e-13,2.55773066e-13,1.663399766e-13,1.02931584e-13,7.27361914e-14,1.926907364e-13,7.505081542e-14,2.854232096e-13,4.240071926e-13,1.609761937e-13,1.110932487e-13,2.292991472e-13,3.936070442e-13,5.525298319e-13,4.87994145e-13,1.682971587e-13,1.366206828e-13,3.270669289e-13,1.189072342e-13,6.042075133e-14,1.482135374e-13,4.657981404e-14,1.495071972e-13,3.675692305e-13,5.599761868e-13,1.72794549e-13,6.930952278e-13,1.113096017e-13,5.264874923e-13,7.797516922e-14
12.0703125,9.745504812e-14,9.431055187e-14,9.418090374e-13,2.602116409e-13,1.655073692e-13,1.02883982e-13,7.317683261e-14,1.9614807e-13,7.606005064e-14,2.87499583e-13,4.273333816e-13,1.6243799e-13,1.115151444e-13,2.3139929e-13,4.007817671e-13,5.617342965e-13,4.943420522e-13,1.706265581e-13,1.38045785e-13,3.308433709e-13,1.195009254e-13,6.09733766e-14,1.486612413e-13,4.755737581e-14,1.514422361e-13,3.702447663e-13,5.652546284e-13,1.728185975e-13,7.024227209e-13,1.115824895e-13,5.322696298e-13,7.804817614e-14
12.078125,9.896668758e-14,9.4628363e-14,9.484033326e-13,2.646288162e-13,1.646303996e-13,1.028885399e-13,7.361323457e-14,1.994971214e-13,7.704523243e-14,2.894411238e-13,4.304856578e-13,1.638259599e-13,1.119435572e-13,2.334001752e-13,4.07848119e-13,5.707175228e-13,5.003039883e-13,1.729597402e-13,1.393757932e-13,3.344790273e-13,1.200679321e-13,6.153518063e-14,1.490380633e-13,4.852556385e-14,1.53297956e-13,3.728055717e-13,5.701526512e-13,1.727639333e-13,7.11167344e-13,1.117603385e-13,5.378498603e-13,7.810404345e-14
12.0859375,1.003361651e-13,9.511081644e-14,9.544731614e-13,2.69018325e-13,1.635448898e-13,1.028929127e-13,7.400031721e-14,2.02767504e-13,7.800157625e-14,2.912784817e-13,4.334971706e-13,1.652656197e-13,1.124155214e-13,2.353823387e-13,4.146205768e-13,5.793651463e-13,5.058880995e-13,1.752646007e-13,1.406005736e-13,3.379650368e-13,1.207099543e-13,6.20856731e-14,1.493870732e-13,4.954701715e-14,1.55086566e-13,3.751849192e-13,5.748410291e-13,1.726280766e-13,7.196300846e-13,1.118621409e-13,5.435220835e-13,7.812500007e-14
12.09375,1.015312796e-13,9.563558764e-14,9.598668903e-13,2.734719023e-13,1.623962393e-13,1.028685743e-13,7.431804799e-14,2.060828901e-13,7.898239751e-14,2.930266123e-13,4.364034049e-13,1.667215726e-13,1.128597342e-13,2.372778495e-13,4.210808828e-13,5.87757138e-13,5.110737608e-13,1.775824566e-13,1.417130061e-13,3.415048708e-13,1.214320997e-13,6.262692769e-14,1.496750557e-13,5.063139503e-14,1.56766433e-13,3.772556968e-13,5.792895294e-13,1.724776874e-13,7.278094997e-13,1.119050711e-13,5.491578073e-13,7.814664654e-14
12.1015625,1.028171456e-13,9.622035868e-14,9.646060847e-13,2.777787168e-13,1.614190313e-13,1.027729587e-13,7.45678636e-14,2.094411116e-13,8.004524302e-14,2.946300951e-13,4.391958158e-13,1.68118668e-13,1.131989761e-13,2.390018615e-13,4.272552358e-13,5.959005517e-13,5.157556637e-13,1.799044024e-13,1.42726708e-13,3.451586514e-13,1.221437948e-13,6.319649904e-14,1.498216748e-13,5.173916743e-14,1.582933945e-13,3.790258737e-13,5.832889892e-13,1.723238407e-13,7.35385367e-13,1.118809824e-13,5.545716354e-13,7.818458607e-14
12.109375,1.042388203e-13,9.696311746e-14,9.687410097e-13,2.819710013e-13,1.604662422e-13,1.026391688e-13,7.477675281e-14,2.128281398e-13,8.119368953e-14,2.960982478e-13,4.417805951e-13,1.694567291e-13,1.134804872e-13,2.405610311e-13,4.331977563e-13,6.038092195e-13,5.199348912e-13,1.821396769e-13,1.436626253e-13,3.490122764e-13,1.228287004e-13,6.3790319e-14,1.498434962e-13,5.291239622e-14,1.597213433e-13,3.806311108e-13,5.867958439e-13,1.721519476e-13,7.424670665e-13,1.117820962e-13,5.599358902e-13,7.823578554e-14
12.1171875,1.056003878e-13,9.774762244e-14,9.722624854e-13,2.862304289e-13,1.592877121e-13,1.025343539e-13,7.498762907e-14,2.161813651e-13,8.23055869e-14,2.975179353e-13,4.441054032e-13,1.707089816e-13,1.138321088e-13,2.420740052e-13,4.391277435e-13,6.116435161e-13,5.238870525e-13,1.84355473e-13,1.445542137e-13,3.528673879e-13,1.234726458e-13,6.435384211e-14,1.498106705e-13,5.411287532e-14,1.611362449e-13,3.820953702e-13,5.901557378e-13,1.718617488e-13,7.493248741e-13,1.115896079e-13,5.652143946e-13,7.82654807e-14
12.125,1.068722991e-13,9.848842374e-14,9.751912146e-13,2.903219552e-13,1.57990393e-13,1.024167598e-13,7.519150416e-14,2.194060919e-13,8.333689815e-14,2.989020652e-13,4.461865891e-13,1.718641226e-13,1.142035793e-13,2.435416805e-13,4.449731244e-13,6.193190148e-13,5.276170638e-13,1.865866388e-13,1.453796883e-13,3.56504351e-13,1.240556801e-13,6.490053424e-14,1.497378326e-13,5.52705211e-14,1.62498814e-13,3.83313631e-13,5.934182266e-13,1.713941945e-13,7.556936986e-13,1.112954965e-13,5.702255627e-13,7.825228548e-14
12.1328125,1.083095388e-13,9.941094357e-14,9.776452643e-13,2.941400175e-13,1.567520496e-13,1.023195117e-13,7.535065006e-14,2.226258309e-13,8.447237319e-14,3.002344332e-13,4.48160092e-13,1.730368451e-13,1.144389468e-13,2.448387398e-13,4.505210341e-13,6.267444656e-13,5.308977268e-13,1.886931424e-13,1.460944996e-13,3.603065717e-13,1.246772501e-13,6.552530731e-14,1.49595268e-13,5.651184324e-14,1.63735431e-13,3.843034644e-13,5.962093568e-13,1.709391051e-13,7.614385232e-13,1.109414873e-13,5.752793836e-13,7.826478236e-14
12.140625,1.100212105e-13,1.005885878e-13,9.797997202e-13,2.978657687e-13,1.555906562e-13,1.023487747e-13,7.546499766e-14,2.259527021e-13,8.578268148e-14,3.015247555e-13,4.501734693e-13,1.743259367e-13,1.146048884e-13,2.461335359e-13,4.559571834e-13,6.341192311e-13,5.339287317e-13,1.907717415e-13,1.467865543e-13,3.644330195e-13,1.253846524e-13,6.624801752e-14,1.49375634e-13,5.789944721e-14,1.648930953e-13,3.851882533e-13,5.986313557e-13,1.70622011e-13,7.669510765e-13,1.105673898e-13,5.806927197e-13,7.833918352e-14
12.1484375,1.117191422e-13,1.017277305e-13,9.814705293e-13,3.015211881e-13,1.545153017e-13,1.023759478e-13,7.553531485e-14,2.292430948e-13,8.708546018e-14,3.026886838e-13,4.51951681e-13,1.755935481e-13,1.148355038e-13,2.475612654e-13,4.613727375e-13,6.414572278e-13,5.368693066e-13,1.930434044e-13,1.474666934e-13,3.685891581e-13,1.260394709e-13,6.695953462e-14,1.491104313e-13,5.928335243e-14,1.660112108e-13,3.859747879e-13,6.009612683e-13,1.702043327e-13,7.721522868e-13,1.10155431e-13,5.86115275e-13,7.84036754e-14
12.15625,1.13240334e-13,1.028678157e-13,9.82258528e-13,3.05167902e-13,1.533890692e-13,1.022552445e-13,7.55622719e-14,2.324061976e-13,8.83056294e-14,3.036496013e-13,4.531668795e-13,1.766168472e-13,1.150541564e-13,2.487332417e-13,4.665549293e-13,6.486437655e-13,5.394071042e-13,1.953823348e-13,1.479223614e-13,3.727975915e-13,1.265852219e-13,6.759334123e-14,1.488094747e-13,6.064071326e-14,1.670486714e-13,3.865949989e-13,6.029048822e-13,1.695348968e-13,7.765219111e-13,1.096847299e-13,5.911561504e-13,7.843238692e-14
12.1640625,1.148037253e-13,1.043829623e-13,9.823099672e-13,3.087516375e-13,1.520778311e-13,1.021222564e-13,7.557599718e-14,2.354870652e-13,8.955374192e-14,3.045292605e-13,4.542051798e-13,1.774813505e-13,1.151705768e-13,2.495334534e-13,4.714734258e-13,6.556346652e-13,5.414616663e-13,1.976228697e-13,1.481602568e-13,3.769462628e-13,1.271525569e-13,6.823205799e-14,1.484225725e-13,6.206809244e-14,1.679923287e-13,3.869893012e-13,6.042765248e-13,1.688867208e-13,7.801801185e-13,1.091779814e-13,5.960203095e-13,7.844500808e-14
12.171875,1.164599079e-13,1.06066022e-13,9.819627436e-13,3.120228163e-13,1.508318679e-13,1.020635906e-13,7.556174433e-14,2.385111246e-13,9.087474156e-14,3.054226939e-13,4.555219812e-13,1.784554056e-13,1.152352649e-13,2.504200696e-13,4.76115762e-13,6.621879785e-13,5.432404139e-13,1.998812087e-13,1.484529995e-13,3.808519544e-13,1.277879721e-13,6.894563223e-14,1.479070323e-13,6.352667077e-14,1.688179709e-13,3.870784339e-13,6.053324369e-13,1.684368444e-13,7.835589461e-13,1.086426992e-13,6.009998268e-13,7.839969697e-14
12.1796875,1.180473865e-13,1.074564375e-13,9.810873758e-13,3.152176296e-13,1.497780805e-13,1.019837907e-13,7.546780542e-14,2.415163579e-13,9.220051111e-14,3.062049304e-13,4.568604571e-13,1.795087814e-13,1.153063388e-13,2.513845585e-13,4.80419357e-13,6.682801247e-13,5.446838647e-13,2.022572123e-13,1.488136859e-13,3.848963015e-13,1.28381083e-13,6.967049734e-14,1.472938554e-13,6.495715255e-14,1.694903831e-13,3.869003275e-13,6.061347865e-13,1.679519616e-13,7.865586294e-13,1.080492864e-13,6.060444416e-13,7.829193513e-14
12.1875,1.196437677e-13,1.08799514e-13,9.795801285e-13,3.185339638e-13,1.48591622e-13,1.018811691e-13,7.53155212e-14,2.444756805e-13,9.348278216e-14,3.067967094e-13,4.579172728e-13,1.804524394e-13,1.153854982e-13,2.520104406e-13,4.844971485e-13,6.742139558e-13,5.456451024e-13,2.047112465e-13,1.490566304e-13,3.890706625e-13,1.288937648e-13,7.035728198e-14,1.466392364e-13,6.640963966e-14,1.700660543e-13,3.865864254e-13,6.06603683e-13,1.673054228e-13,7.889238607e-13,1.073961345e-13,6.11080418e-13,7.818718224e-14
12.1953125,1.21343572e-13,1.104822008e-13,9.775577954e-13,3.214659356e-13,1.472358132e-13,1.018007546e-13,7.515669607e-14,2.472935065e-13,9.477659248e-14,3.072617646e-13,4.587791895e-13,1.813181469e-13,1.154292431e-13,2.52374278e-13,4.882893635e-13,6.798409775e-13,5.461348554e-13,2.071919865e-13,1.491666958e-13,3.929533923e-13,1.293966898e-13,7.106393843e-14,1.459426683e-13,6.793097906e-14,1.705768108e-13,3.860796468e-13,6.067409094e-13,1.66682382e-13,7.907052373e-13,1.067022229e-13,6.161090227e-13,7.809157061e-14
12.203125,1.230355217e-13,1.123902515e-13,9.749655138e-13,3.239548532e-13,1.460227303e-13,1.017195656e-13,7.496789836e-14,2.499533366e-13,9.613066018e-14,3.075693198e-13,4.595100311e-13,1.821624341e-13,1.154192223e-13,2.527483827e-13,4.916618362e-13,6.848913988e-13,5.461913139e-13,2.096989431e-13,1.492090672e-13,3.967866841e-13,1.298880122e-13,7.182378333e-14,1.451756759e-13,6.946584734e-14,1.709623402e-13,3.852830675e-13,6.064658334e-13,1.661112566e-13,7.920263869e-13,1.059551499e-13,6.210550842e-13,7.795963892e-14
12.2109375,1.247136224e-13,1.144622762e-13,9.717600878e-13,3.265640343e-13,1.449406957e-13,1.016481576e-13,7.46916562e-14,2.524631537e-13,9.747203654e-14,3.076606957e-13,4.601132261e-13,1.829368312e-13,1.154166637e-13,2.531092549e-13,4.947915905e-13,6.896030398e-13,5.458583805e-13,2.123070289e-13,1.492051301e-13,4.007238145e-13,1.303332767e-13,7.259491875e-14,1.443543786e-13,7.093314411e-14,1.712144085e-13,3.843180908e-13,6.057925187e-13,1.654441771e-13,7.928710229e-13,1.051524693e-13,6.259706674e-13,7.777135832e-14
12.21875,1.264309284e-13,1.167200238e-13,9.680692953e-13,3.291929422e-13,1.438315828e-13,1.015904515e-13,7.434609774e-14,2.548841139e-13,9.877995088e-14,3.076561114e-13,4.606077272e-13,1.836941359e-13,1.154287617e-13,2.534020914e-13,4.976914766e-13,6.940862419e-13,5.451858531e-13,2.149998391e-13,1.4914654e-13,4.044912563e-13,1.308046304e-13,7.335698687e-14,1.434884044e-13,7.239900995e-14,1.713660113e-13,3.83203764e-13,6.048080121e-13,1.647594961e-13,7.931290005e-13,1.043313848e-13,6.310071743e-13,7.75368502e-14
12.2265625,1.281157311e-13,1.189078799e-13,9.640723452e-13,3.314378018e-13,1.427214313e-13,1.015197056e-13,7.401636833e-14,2.573229205e-13,1.001319321e-13,3.076531164e-13,4.609591865e-13,1.844793901e-13,1.15399609e-13,2.536595414e-13,5.002074495e-13,6.981688785e-13,5.442259974e-13,2.176572146e-13,1.490129576e-13,4.08257385e-13,1.313208748e-13,7.412263593e-14,1.425258418e-13,7.396641668e-14,1.714266663e-13,3.817593922e-13,6.03429359e-13,1.641828452e-13,7.928329008e-13,1.035094193e-13,6.360753538e-13,7.728134094e-14
12.234375,1.297977849e-13,1.209793248e-13,9.598822747e-13,3.334540351e-13,1.416284544e-13,1.014732661e-13,7.370072632e-14,2.596770046e-13,1.014913015e-13,3.075291356e-13,4.612199194e-13,1.852358422e-13,1.153632536e-13,2.539310807e-13,5.025716344e-13,7.019796825e-13,5.430364616e-13,2.203663704e-13,1.488794183e-13,4.121014963e-13,1.317504652e-13,7.48961684e-14,1.414518527e-13,7.553652398e-14,1.714149855e-13,3.800438685e-13,6.017349356e-13,1.635746384e-13,7.922085947e-13,1.026716039e-13,6.410909328e-13,7.701400706e-14
12.2421875,1.315645971e-13,1.231923722e-13,9.552605684e-13,3.354099635e-13,1.40581022e-13,1.014604554e-13,7.330248168e-14,2.618070123e-13,1.028061098e-13,3.071771624e-13,4.614241399e-13,1.859841238e-13,1.153476695e-13,2.542242807e-13,5.049139687e-13,7.056802831e-13,5.415813764e-13,2.232838762e-13,1.487845839e-13,4.157433831e-13,1.320568601e-13,7.568096467e-14,1.403284866e-13,7.701127119e-14,1.713158445e-13,3.782667545e-13,5.999292015e-13,1.628325402e-13,7.912416235e-13,1.018169883e-13,6.462105538e-13,7.67362997e-14
12.25,1.33333691e-13,1.25531546e-13,9.499934403e-13,3.371980522e-13,1.395922367e-13,1.014195912e-13,7.283129945e-14,2.637908818e-13,1.041351773e-13,3.066762141e-13,4.614667953e-13,1.867162642e-13,1.152822044e-13,2.543751184e-13,5.069082887e-13,7.090698357e-13,5.39754702e-13,2.262644088e-13,1.485530937e-13,4.192534653e-13,1.323441026e-13,7.646904996e-14,1.391735695e-13,7.84792383e-14,1.711010315e-13,3.76379388e-13,5.977898846e-13,1.620774381e-13,7.896491524e-13,1.009588799e-13,6.513864789e-13,7.646001333e-14
12.2578125,1.350604341e-13,1.278472375e-13,9.443727195e-13,3.388106081e-13,1.385396344e-13,1.013717992e-13,7.236106159e-14,2.65650803e-13,1.05461671e-13,3.060831852e-13,4.613468501e-13,1.873323694e-13,1.151453907e-13,2.542654109e-13,5.084120997e-13,7.119344806e-13,5.374898058e-13,2.291439709e-13,1.481241736e-13,4.226807349e-13,1.32635095e-13,7.724458218e-14,1.379507149e-13,7.997541493e-14,1.707944607e-13,3.742614633e-13,5.95064055e-13,1.613546706e-13,7.874050464e-13,1.001010474e-13,6.564176919e-13,7.615754942e-14
12.265625,1.368490373e-13,1.302273801e-13,9.384133657e-13,3.40364122e-13,1.374889788e-13,1.013628288e-13,7.183430917e-14,2.673563082e-13,1.067546749e-13,3.053258918e-13,4.610761939e-13,1.878921901e-13,1.149834994e-13,2.540418139e-13,5.095349009e-13,7.143354688e-13,5.347780536e-13,2.320850875e-13,1.477000832e-13,4.258993814e-13,1.328763857e-13,7.802299669e-14,1.366819941e-13,8.145119312e-14,1.703888577e-13,3.719418326e-13,5.920012673e-13,1.606245913e-13,7.846665727e-13,9.924129028e-14,6.614643994e-13,7.579566137e-14
12.2734375,1.387276309e-13,1.328011019e-13,9.317647278e-13,3.419012804e-13,1.366478682e-13,1.013442245e-13,7.119850129e-14,2.68982281e-13,1.080866189e-13,3.043834947e-13,4.605853631e-13,1.885008565e-13,1.148241023e-13,2.538014989e-13,5.102741078e-13,7.164133966e-13,5.316428912e-13,2.352430573e-13,1.473428036e-13,4.290633721e-13,1.33059743e-13,7.88233587e-14,1.354056842e-13,8.293693332e-14,1.698532691e-13,3.694315418e-13,5.887451828e-13,1.599621699e-13,7.814403181e-13,9.837452539e-14,6.666888365e-13,7.540822257e-14
12.28125,1.406436457e-13,1.355507089e-13,9.247071834e-13,3.43191904e-13,1.358374094e-13,1.013467138e-13,7.053149911e-14,2.7043929e-13,1.094176504e-13,3.033094586e-13,4.600492662e-13,1.890908804e-13,1.146715311e-13,2.534429857e-13,5.106862177e-13,7.181541305e-13,5.28114449e-13,2.384820572e-13,1.469467961e-13,4.321409867e-13,1.332168767e-13,7.963089852e-14,1.340743331e-13,8.446055274e-14,1.692228814e-13,3.667351105e-13,5.85083377e-13,1.59381344e-13,7.777817807e-13,9.748976803e-14,6.718698502e-13,7.501909368e-14
12.2890625,1.425974267e-13,1.383348078e-13,9.174921474e-13,3.4403449e-13,1.347963214e-13,1.014834161e-13,6.985764856e-14,2.716114462e-13,1.106546061e-13,3.020702095e-13,4.596107974e-13,1.896260279e-13,1.144892257e-13,2.529274088e-13,5.109154578e-13,7.195436655e-13,5.243494838e-13,2.417334972e-13,1.465588628e-13,4.348543869e-13,1.333640815e-13,8.043293983e-14,1.326551081e-13,8.600275307e-14,1.685375939e-13,3.639218182e-13,5.81104195e-13,1.587586005e-13,7.738132319e-13,9.659063627e-14,6.769282128e-13,7.459753923e-14
12.296875,1.445822618e-13,1.410530511e-13,9.096871989e-13,3.447626228e-13,1.337149848e-13,1.016456472e-13,6.911808106e-14,2.726652244e-13,1.11863008e-13,3.006190076e-13,4.589902384e-13,1.901272491e-13,1.142508906e-13,2.523036742e-13,5.10945687e-13,7.207415803e-13,5.205906731e-13,2.451801393e-13,1.462539212e-13,4.372830686e-13,1.33432936e-13,8.122223774e-14,1.312146221e-13,8.752462404e-14,1.678069362e-13,3.609725809e-13,5.770558844e-13,1.580780721e-13,7.695062549e-13,9.570983392e-14,6.820309121e-13,7.413058532e-14
12.3046875,1.465096371e-13,1.438231628e-13,9.0153358e-13,3.455387575e-13,1.327673807e-13,1.01647525e-13,6.831189461e-14,2.736581909e-13,1.130757969e-13,2.990551702e-13,4.58093548e-13,1.905424314e-13,1.140020106e-13,2.516021471e-13,5.106852821e-13,7.21765688e-13,5.167779594e-13,2.488118603e-13,1.459406854e-13,4.395675069e-13,1.333509731e-13,8.19830466e-14,1.297685003e-13,8.89623518e-14,1.670266314e-13,3.578011297e-13,5.727569276e-13,1.573779514e-13,7.648230772e-13,9.487378805e-14,6.871552918e-13,7.362646462e-14
12.3125,1.483493759e-13,1.467682006e-13,8.938437512e-13,3.458206029e-13,1.318170108e-13,1.016377392e-13,6.747579411e-14,2.744312509e-13,1.142525938e-13,2.974884787e-13,4.572614767e-13,1.909375001e-13,1.13775973e-13,2.509336246e-13,5.101287422e-13,7.223680085e-13,5.126770821e-13,2.524401905e-13,1.455883079e-13,4.415806798e-13,1.332088246e-13,8.275441519e-14,1.282497335e-13,9.035031955e-14,1.661633822e-13,3.544296671e-13,5.680424851e-13,1.566315084e-13,7.597862576e-13,9.407514206e-14,6.92355919e-13,7.308870923e-14
12.3203125,1.502851313e-13,1.49823693e-13,8.863281139e-13,3.455748095e-13,1.309438521e-13,1.018229528e-13,6.66296406e-14,2.750229499e-13,1.154658152e-13,2.958709021e-13,4.565681326e-13,1.914425922e-13,1.135543788e-13,2.504074555e-13,5.092916432e-13,7.224549792e-13,5.082998391e-13,2.562129847e-13,1.4530732e-13,4.433257397e-13,1.331137915e-13,8.360939132e-14,1.266772191e-13,9.176387391e-14,1.652118803e-13,3.509655166e-13,5.631553134e-13,1.559408376e-13,7.544272421e-13,9.329931703e-14,6.979214354e-13,7.252602541e-14
12.328125,1.524747216e-13,1.529290231e-13,8.782984508e-13,3.454862446e-13,1.303209531e-13,1.02079172e-13,6.576666174e-14,2.755112682e-13,1.167080292e-13,2.941052848e-13,4.557855388e-13,1.919483859e-13,1.133017667e-13,2.498798965e-13,5.081660141e-13,7.22193972e-13,5.037037869e-13,2.602790746e-13,1.450682708e-13,4.450334191e-13,1.330158483e-13,8.450671336e-14,1.250913823e-13,9.313066599e-14,1.641800233e-13,3.474514847e-13,5.581560867e-13,1.554022563e-13,7.488561323e-13,9.253794162e-14,7.037271164e-13,7.193509088e-14
12.3359375,1.547255434e-13,1.560910213e-13,8.700253818e-13,3.454903772e-13,1.296673896e-13,1.02307642e-13,6.485393079e-14,2.757620574e-13,1.178092535e-13,2.921932839e-13,4.549328482e-13,1.923223547e-13,1.129909822e-13,2.491832796e-13,5.067891722e-13,7.216886346e-13,4.989547067e-13,2.643587887e-13,1.447393414e-13,4.466951781e-13,1.32881673e-13,8.533608023e-14,1.234350283e-13,9.440872905e-14,1.630423132e-13,3.437888437e-13,5.528419421e-13,1.548525084e-13,7.430725237e-13,9.17843554e-14,7.093169151e-13,7.129335808e-14
12.34375,1.568175918e-13,1.593617997e-13,8.617719894e-13,3.450529189e-13,1.287906714e-13,1.026135565e-13,6.390377256e-14,2.757426829e-13,1.187996952e-13,2.901934342e-13,4.541245108e-13,1.926737336e-13,1.126577522e-13,2.484507673e-13,5.05203424e-13,7.208481457e-13,4.942281858e-13,2.683735541e-13,1.443925972e-13,4.480277582e-13,1.327396765e-13,8.613293092e-14,1.217226477e-13,9.568024822e-14,1.618403087e-13,3.398977576e-13,5.472964125e-13,1.54253977e-13,7.369068654e-13,9.104913449e-14,7.147380516e-13,7.059177964e-14
12.3515625,1.589001264e-13,1.62792983e-13,8.531126605e-13,3.444331658e-13,1.28019227e-13,1.029539777e-13,6.295205416e-14,2.756127786e-13,1.198705875e-13,2.880956545e-13,4.531990232e-13,1.930623412e-13,1.123288866e-13,2.477208927e-13,5.033507657e-13,7.195602491e-13,4.89317834e-13,2.725999244e-13,1.441355539e-13,4.491556235e-13,1.325227923e-13,8.699810788e-14,1.200442719e-13,9.691224395e-14,1.606238183e-13,3.35908396e-13,5.416205473e-13,1.538051603e-13,7.303185264e-13,9.034069993e-14,7.20320789e-13,6.986458032e-14
12.359375,1.61079718e-13,1.661790445e-13,8.439310927e-13,3.439660579e-13,1.273919741e-13,1.032422431e-13,6.196046698e-14,2.75404619e-13,1.209494221e-13,2.858139391e-13,4.519799672e-13,1.933538185e-13,1.119712743e-13,2.467524716e-13,5.012174568e-13,7.178953894e-13,4.839130342e-13,2.770044074e-13,1.438588692e-13,4.503989596e-13,1.321833114e-13,8.785619225e-14,1.183547712e-13,9.80277101e-14,1.593343198e-13,3.319423166e-13,5.356007745e-13,1.533712401e-13,7.23331723e-13,8.96446271e-14,7.25967005e-13,6.914778027e-14
12.3671875,1.631483619e-13,1.693000997e-13,8.346382155e-13,3.433217726e-13,1.266050897e-13,1.035693372e-13,6.089572194e-14,2.75005258e-13,1.218458896e-13,2.833364472e-13,4.506097007e-13,1.935263355e-13,1.116663553e-13,2.45663203e-13,4.989679205e-13,7.160502287e-13,4.783639825e-13,2.814255889e-13,1.435265426e-13,4.514567734e-13,1.318056794e-13,8.860361482e-14,1.165947588e-13,9.909208835e-14,1.579794699e-13,3.279399945e-13,5.293065291e-13,1.526505351e-13,7.160172664e-13,8.896549365e-14,7.315227604e-13,6.840725603e-14
12.375,1.650834301e-13,1.724647293e-13,8.254342089e-13,3.424290073e-13,1.25841133e-13,1.039296031e-13,5.980455268e-14,2.7441592e-13,1.226526999e-13,2.807942706e-13,4.492932526e-13,1.937327398e-13,1.115225676e-13,2.44817198e-13,4.967279071e-13,7.141786207e-13,4.730111448e-13,2.859875342e-13,1.432851162e-13,4.521975434e-13,1.314334225e-13,8.933310136e-14,1.14840151e-13,1.001559233e-13,1.566495969e-13,3.23932439e-13,5.231644315e-13,1.518200961e-13,7.086954547e-13,8.832444613e-14,7.371908391e-13,6.761238483e-14
12.3828125,1.671174905e-13,1.760213482e-13,8.162659062e-13,3.415987283e-13,1.25332122e-13,1.042328963e-13,5.872157129e-14,2.73718749e-13,1.235201082e-13,2.783081179e-13,4.479868553e-13,1.940085499e-13,1.114189817e-13,2.440604976e-13,4.944538794e-13,7.123393814e-13,4.676772062e-13,2.907678067e-13,1.43150193e-13,4.530897708e-13,1.310157496e-13,9.01266922e-14,1.131324043e-13,1.011785477e-13,1.553280929e-13,3.20001756e-13,5.171981622e-13,1.511864322e-13,7.014368487e-13,8.771880814e-14,7.430402363e-13,6.681433838e-14
12.390625,1.692485051e-13,1.797206685e-13,8.071336918e-13,3.406305642e-13,1.248221679e-13,1.045626509e-13,5.764447384e-14,2.728773399e-13,1.243695129e-13,2.758500196e-13,4.466234189e-13,1.942399204e-13,1.112311411e-13,2.431204497e-13,4.920750904e-13,7.103980037e-13,4.623753608e-13,2.957068056e-13,1.430619484e-13,4.538924475e-13,1.305303731e-13,9.09133867e-14,1.114462934e-13,1.021449444e-13,1.539914892e-13,3.159985683e-13,5.111141037e-13,1.506697008e-13,6.938331939e-13,8.715658408e-14,7.489263139e-13,6.602592349e-14
12.3984375,1.713299061e-13,1.832766731e-13,7.980690244e-13,3.392100048e-13,1.242588103e-13,1.049865614e-13,5.657484217e-14,2.718554856e-13,1.251396179e-13,2.73292624e-13,4.452727784e-13,1.944155185e-13,1.110364304e-13,2.421506248e-13,4.896394586e-13,7.082225951e-13,4.572009443e-13,3.007946094e-13,1.430572553e-13,4.541443865e-13,1.299867638e-13,9.166364302e-14,1.097738528e-13,1.030585176e-13,1.526689185e-13,3.118494998e-13,5.049078388e-13,1.501273507e-13,6.858244074e-13,8.666290522e-14,7.548871819e-13,6.520008249e-14
12.40625,1.733654378e-13,1.868173744e-13,7.891551282e-13,3.376486017e-13,1.238233083e-13,1.054389546e-13,5.549250572e-14,2.707140603e-13,1.258644031e-13,2.705573061e-13,4.439143507e-13,1.94617904e-13,1.108603083e-13,2.41208104e-13,4.873021703e-13,7.060110755e-13,4.519301134e-13,3.059572392e-13,1.431054647e-13,4.543746122e-13,1.293957902e-13,9.239691641e-14,1.080589646e-13,1.039111803e-13,1.513031547e-13,3.077719787e-13,4.986775503e-13,1.495596566e-13,6.777971946e-13,8.622984492e-14,7.609059178e-13,6.435202671e-14
12.4140625,1.753454404e-13,1.90416511e-13,7.805016419e-13,3.361628152e-13,1.234593072e-13,1.05895424e-13,5.436800741e-14,2.694183442e-13,1.265199354e-13,2.677149245e-13,4.424998399e-13,1.948554875e-13,1.106496719e-13,2.402468105e-13,4.849741323e-13,7.037655622e-13,4.465240261e-13,3.111058461e-13,1.431576587e-13,4.547702888e-13,1.288050066e-13,9.309975532e-14,1.062777389e-13,1.047263606e-13,1.498556041e-13,3.038170977e-13,4.92380549e-13,1.489290821e-13,6.698881782e-13,8.583417011e-14,7.669144037e-13,6.34943093e-14
12.421875,1.772517093e-13,1.939573549e-13,7.720005319e-13,3.343679196e-13,1.232084713e-13,1.063575996e-13,5.322350911e-14,2.679173592e-13,1.271620081e-13,2.649013213e-13,4.410879546e-13,1.951329446e-13,1.104745679e-13,2.395157072e-13,4.823291625e-13,7.010554867e-13,4.411899552e-13,3.163045775e-13,1.43307779e-13,4.546895081e-13,1.282444708e-13,9.382919916e-14,1.045232888e-13,1.05549682e-13,1.484079076e-13,2.997781729e-13,4.860751032e-13,1.482427397e-13,6.620050856e-13,8.545452182e-14,7.732303021e-13,6.258166393e-14
12.4296875,1.791821699e-13,1.974574482e-13,7.633719572e-13,3.322169024e-13,1.230285516e-13,1.068276242e-13,5.211469723e-14,2.663050994e-13,1.278367697e-13,2.621488513e-13,4.39550566e-13,1.954314949e-13,1.104073182e-13,2.389784518e-13,4.79585431e-13,6.980908481e-13,4.360854384e-13,3.216854588e-13,1.435778706e-13,4.541403355e-13,1.276330409e-13,9.459858399e-14,1.028180605e-13,1.063587146e-13,1.470187302e-13,2.956268478e-13,4.79827447e-13,1.475836478e-13,6.539711988e-13,8.506939845e-14,7.798788689e-13,6.162204888e-14
12.4375,1.811404221e-13,2.00989343e-13,7.544933552e-13,3.30289717e-13,1.225354511e-13,1.073335819e-13,5.104722409e-14,2.646039717e-13,1.283565953e-13,2.593966276e-13,4.37642068e-13,1.955764651e-13,1.103721112e-13,2.382123936e-13,4.773152442e-13,6.956543627e-13,4.313301722e-13,3.273115751e-13,1.438374172e-13,4.536113684e-13,1.268848108e-13,9.525593132e-14,1.01102845e-13,1.070381671e-13,1.456811884e-13,2.91537488e-13,4.735466246e-13,1.469363588e-13,6.455301788e-13,8.471302576e-14,7.861579329e-13,6.066362127e-14
12.4453125,1.830534465e-13,2.045405602e-13,7.4551897e-13,3.286826902e-13,1.218804218e-13,1.078291374e-13,4.9970378e-14,2.627658099e-13,1.286868387e-13,2.565927249e-13,4.354928714e-13,1.95525961e-13,1.102819592e-13,2.372847551e-13,4.753190919e-13,6.936277564e-13,4.267332838e-13,3.331107917e-13,1.440586159e-13,4.531896378e-13,1.260715682e-13,9.578638221e-14,9.940580291e-14,1.075665959e-13,1.443663775e-13,2.876052638e-13,4.6728327e-13,1.462693588e-13,6.368516579e-13,8.443898869e-14,7.920009244e-13,5.972435938e-14
12.453125,1.849638096e-13,2.081830337e-13,7.367340056e-13,3.267893001e-13,1.215647233e-13,1.082786495e-13,4.887429612e-14,2.608288082e-13,1.290585572e-13,2.537252231e-13,4.334466653e-13,1.95531471e-13,1.10185619e-13,2.365439592e-13,4.730694251e-13,6.912933525e-13,4.2202376e-13,3.390112735e-13,1.443466589e-13,4.527064861e-13,1.252947016e-13,9.636287362e-14,9.775605936e-14,1.080961165e-13,1.430468376e-13,2.837843884e-13,4.61201054e-13,1.456430826e-13,6.284233565e-13,8.421943956e-14,7.981983505e-13,5.880125978e-14
12.4609375,1.86852657e-13,2.119560739e-13,7.281911244e-13,3.243753608e-13,1.213429913e-13,1.087554302e-13,4.779390564e-14,2.587188407e-13,1.294285078e-13,2.50851838e-13,4.315419541e-13,1.956477856e-13,1.101869195e-13,2.358768866e-13,4.706824047e-13,6.886045743e-13,4.174425065e-13,3.450696191e-13,1.447606142e-13,4.518341793e-13,1.244965012e-13,9.69866869e-14,9.612490314e-14,1.086683486e-13,1.417557118e-13,2.799803813e-13,4.552183916e-13,1.450646655e-13,6.202009887e-13,8.401365297e-14,8.047283244e-13,5.785601262e-14
12.46875,1.886204734e-13,2.156336661e-13,7.195998676e-13,3.217986085e-13,1.20869385e-13,1.092423934e-13,4.670862718e-14,2.563211077e-13,1.295945254e-13,2.480329285e-13,4.295946849e-13,1.95623561e-13,1.102649136e-13,2.35091127e-13,4.683002543e-13,6.857892411e-13,4.131292696e-13,3.512296637e-13,1.452559433e-13,4.504667545e-13,1.235933568e-13,9.753563273e-14,9.45377949e-14,1.091153319e-13,1.405172824e-13,2.7618452e-13,4.492208183e-13,1.444498105e-13,6.117971632e-13,8.384152245e-14,8.108926909e-13,5.68748192e-14
12.4765625,1.903153571e-13,2.190990292e-13,7.109507775e-13,3.19304855e-13,1.204231461e-13,1.096712729e-13,4.55810619e-14,2.537396767e-13,1.296253256e-13,2.452040602e-13,4.275757491e-13,1.954186648e-13,1.103320318e-13,2.342577648e-13,4.65809725e-13,6.828421135e-13,4.087518812e-13,3.573894341e-13,1.457450537e-13,4.489780175e-13,1.226223684e-13,9.801610785e-14,9.300204807e-14,1.093669505e-13,1.392723184e-13,2.724803172e-13,4.43307946e-13,1.437779957e-13,6.032703976e-13,8.371315499e-14,8.167719037e-13,5.591086791e-14
12.484375,1.920396912e-13,2.226424309e-13,7.026722148e-13,3.169256648e-13,1.201530346e-13,1.101387723e-13,4.44493884e-14,2.510445959e-13,1.296063002e-13,2.423093499e-13,4.256262985e-13,1.95225748e-13,1.104060141e-13,2.333947071e-13,4.634434783e-13,6.799300416e-13,4.043313755e-13,3.637495836e-13,1.462124991e-13,4.475061571e-13,1.216436374e-13,9.846966644e-14,9.144837791e-14,1.095356449e-13,1.379997601e-13,2.68866265e-13,4.374744932e-13,1.43139563e-13,5.949038425e-13,8.362838295e-14,8.228227213e-13,5.495890095e-14
12.4921875,1.938202105e-13,2.263906786e-13,6.947297068e-13,3.146560447e-13,1.199344105e-13,1.106816856e-13,4.336090919e-14,2.481937465e-13,1.295126192e-13,2.394299615e-13,4.237549208e-13,1.950933988e-13,1.105017147e-13,2.325359139e-13,4.613372901e-13,6.771685004e-13,4.001405627e-13,3.704069537e-13,1.467320153e-13,4.459040865e-13,1.206845436e-13,9.889724962e-14,8.987727849e-14,1.096983282e-13,1.367518405e-13,2.652695388e-13,4.315781959e-13,1.425764196e-13,5.866462752e-13,8.360716061e-14,8.289785742e-13,5.396993486e-14
12.5,1.95622096e-13,2.300590729e-13,6.866270289e-13,3.123544022e-13,1.197337763e-13,1.111296158e-13,4.231243396e-14,2.45285232e-13,1.293903025e-13,2.365734464e-13,4.21759133e-13,1.949415611e-13,1.105652055e-13,2.31816019e-13,4.592590516e-13,6.744378597e-13,3.961166032e-13,3.770704906e-13,1.473245213e-13,4.442495131e-13,1.197476665e-13,9.930007403e-14,8.835082765e-14,1.098607352e-13,1.355643626e-13,2.617118827e-13,4.256784734e-13,1.419737628e-13,5.78312805e-13,8.361979309e-14,8.350141356e-13,5.297055345e-14
12.5078125,1.97324305e-13,2.336255123e-13,6.784094628e-13,3.09926358e-13,1.194083587e-13,1.114636208e-13,4.130093001e-14,2.423591857e-13,1.292055568e-13,2.336365033e-13,4.195849408e-13,1.947297591e-13,1.106636803e-13,2.312047246e-13,4.573742729e-13,6.719133455e-13,3.923196535e-13,3.837117914e-13,1.479489386e-13,4.425265687e-13,1.187752588e-13,9.964020994e-14,8.687573043e-14,1.100286543e-13,1.344678476e-13,2.58233538e-13,4.199266646e-13,1.412413569e-13,5.69960318e-13,8.360454784e-14,8.408881076e-13,5.197391091e-14
12.515625,1.988980982e-13,2.373417912e-13,6.704514829e-13,3.074729297e-13,1.189368558e-13,1.118915957e-13,4.032813262e-14,2.392812738e-13,1.288691289e-13,2.306457597e-13,4.1744871e-13,1.944681075e-13,1.10900401e-13,2.3061811e-13,4.55972652e-13,6.697786045e-13,3.889934488e-13,3.905898746e-13,1.486441421e-13,4.405399311e-13,1.1772549e-13,9.991346286e-14,8.544552596e-14,1.101393777e-13,1.334742942e-13,2.548191286e-13,4.143723393e-13,1.404739579e-13,5.617569185e-13,8.357186545e-14,8.466504909e-13,5.095067105e-14
12.5234375,2.004753002e-13,2.410255681e-13,6.627405368e-13,3.050043893e-13,1.185807005e-13,1.124652899e-13,3.936825895e-14,2.360383473e-13,1.28444805e-13,2.276905209e-13,4.154422215e-13,1.941811588e-13,1.111980711e-13,2.300610812e-13,4.547649071e-13,6.677105644e-13,3.860131348e-13,3.976113507e-13,1.494842017e-13,4.383197197e-13,1.166219704e-13,1.001883175e-13,8.406757758e-14,1.100850567e-13,1.32530796e-13,2.515212644e-13,4.090839623e-13,1.397795799e-13,5.537488958e-13,8.358364453e-14,8.523848748e-13,4.993254646e-14
12.53125,2.020282142e-13,2.443930877e-13,6.552494817e-13,3.024649485e-13,1.183249699e-13,1.130478079e-13,3.840457175e-14,2.326983347e-13,1.279616015e-13,2.247829799e-13,4.134025107e-13,1.93861348e-13,1.114880243e-13,2.294701944e-13,4.535161954e-13,6.655255867e-13,3.831691966e-13,4.046194601e-13,1.504370645e-13,4.35977694e-13,1.154540495e-13,1.004529262e-13,8.272622955e-14,1.099143663e-13,1.31605045e-13,2.483865409e-13,4.0404771e-13,1.39141855e-13,5.459103282e-13,8.365882507e-14,8.580943836e-13,4.892892852e-14
12.5390625,2.034237574e-13,2.476847647e-13,6.480250665e-13,2.99962352e-13,1.179763335e-13,1.136064219e-13,3.746687438e-14,2.292639718e-13,1.273529105e-13,2.219958924e-13,4.11211423e-13,1.934939145e-13,1.118532975e-13,2.288456896e-13,4.524726868e-13,6.635156895e-13,3.805163586e-13,4.117851e-13,1.514242984e-13,4.335160695e-13,1.142132936e-13,1.006462225e-13,8.142121502e-14,1.097868189e-13,1.307362365e-13,2.45333685e-13,3.990979024e-13,1.38510557e-13,5.381876537e-13,8.375179788e-14,8.637434067e-13,4.788158966e-14
12.546875,2.047339009e-13,2.51071301e-13,6.407522952e-13,2.975594797e-13,1.176033361e-13,1.141799192e-13,3.657731192e-14,2.257759684e-13,1.266603989e-13,2.193921336e-13,4.089038956e-13,1.930810669e-13,1.122998192e-13,2.282813827e-13,4.517463515e-13,6.618079934e-13,3.780761506e-13,4.191077559e-13,1.52427446e-13,4.310046366e-13,1.12974313e-13,1.007951513e-13,8.017030974e-14,1.096757703e-13,1.299412123e-13,2.423646947e-13,3.942683306e-13,1.378546202e-13,5.305022655e-13,8.381997457e-14,8.692561629e-13,4.681381788e-14
12.5546875,2.060643269e-13,2.543176591e-13,6.333277679e-13,2.951518313e-13,1.17270309e-13,1.147218048e-13,3.570828929e-14,2.222233005e-13,1.25925402e-13,2.168423883e-13,4.065675863e-13,1.925918459e-13,1.127312161e-13,2.277152323e-13,4.511736433e-13,6.602137702e-13,3.757874589e-13,4.263734817e-13,1.534728596e-13,4.285352102e-13,1.117554255e-13,1.009301729e-13,7.896991691e-14,1.094313861e-13,1.291886032e-13,2.395971838e-13,3.897413409e-13,1.371927241e-13,5.228758382e-13,8.388263455e-14,8.744593871e-13,4.579563301e-14
12.5625,2.073646662e-13,2.575448658e-13,6.262723713e-13,2.926698088e-13,1.169446975e-13,1.152152703e-13,3.485734734e-14,2.184995575e-13,1.250883532e-13,2.142407549e-13,4.042939106e-13,1.920525123e-13,1.131804838e-13,2.271510819e-13,4.507292511e-13,6.586202146e-13,3.73697484e-13,4.336955341e-13,1.546085596e-13,4.2597098e-13,1.104793296e-13,1.010303467e-13,7.782201579e-14,1.090837976e-13,1.284835261e-13,2.369722286e-13,3.854327785e-13,1.366019229e-13,5.154065248e-13,8.397093911e-14,8.794821767e-13,4.479260207e-14
12.5703125,2.086064985e-13,2.611157218e-13,6.197869624e-13,2.901373599e-13,1.166847374e-13,1.157289473e-13,3.406465041e-14,2.146335859e-13,1.241476001e-13,2.116665419e-13,4.021011631e-13,1.915731634e-13,1.137570963e-13,2.267618359e-13,4.505692672e-13,6.571275666e-13,3.719204494e-13,4.412934288e-13,1.558638371e-13,4.231135104e-13,1.091619219e-13,1.010987403e-13,7.672392042e-14,1.087380999e-13,1.27865879e-13,2.343743746e-13,3.812256409e-13,1.360821315e-13,5.08149976e-13,8.408724263e-14,8.846689206e-13,4.374493621e-14
12.578125,2.098661568e-13,2.647807145e-13,6.134268404e-13,2.876382038e-13,1.164623505e-13,1.162902718e-13,3.331159078e-14,2.107439043e-13,1.231495693e-13,2.091977439e-13,3.999000645e-13,1.911149609e-13,1.144174038e-13,2.26447395e-13,4.507325616e-13,6.55858101e-13,3.704899772e-13,4.490526027e-13,1.571902034e-13,4.201112561e-13,1.079193481e-13,1.011445048e-13,7.56480169e-14,1.083628282e-13,1.273249995e-13,2.3190926e-13,3.772435523e-13,1.355556472e-13,5.01157223e-13,8.424717759e-14,8.898136592e-13,4.268444788e-14
12.5859375,2.111146439e-13,2.680951477e-13,6.07001725e-13,2.852452505e-13,1.161477665e-13,1.168630362e-13,3.255248046e-14,2.068390652e-13,1.220740577e-13,2.06840656e-13,3.976370665e-13,1.905187993e-13,1.150342389e-13,2.259774554e-13,4.509765387e-13,6.546615982e-13,3.692430571e-13,4.567718439e-13,1.585010589e-13,4.171782473e-13,1.067772895e-13,1.011388236e-13,7.461683273e-14,1.079284851e-13,1.268181886e-13,2.296471205e-13,3.734617369e-13,1.350089711e-13,4.943892948e-13,8.445239819e-14,8.944836434e-13,4.165757273e-14
12.59375,2.120601481e-13,2.711153404e-13,6.007090652e-13,2.82938183e-13,1.157082227e-13,1.173666851e-13,3.181325488e-14,2.029087628e-13,1.208657825e-13,2.045602278e-13,3.953329349e-13,1.8976932e-13,1.156481634e-13,2.254379807e-13,4.511466907e-13,6.534190661e-13,3.680616177e-13,4.644109999e-13,1.5973535e-13,4.141798484e-13,1.05629518e-13,1.010312319e-13,7.368758734e-14,1.074846893e-13,1.263548304e-13,2.274686061e-13,3.697388644e-13,1.343915036e-13,4.876745661e-13,8.465198847e-14,8.987680581e-13,4.064808723e-14
12.6015625,2.125291174e-13,2.739866709e-13,5.944766046e-13,2.807245519e-13,1.151510661e-13,1.177120408e-13,3.112437072e-14,1.989972419e-13,1.195068553e-13,2.022790575e-13,3.928703222e-13,1.889197733e-13,1.164137027e-13,2.249203388e-13,4.515353668e-13,6.525238678e-13,3.67176136e-13,4.720114956e-13,1.608794603e-13,4.110750234e-13,1.0438457e-13,1.00785015e-13,7.284193114e-14,1.070412706e-13,1.25976958e-13,2.253757005e-13,3.662556009e-13,1.335634906e-13,4.809728199e-13,8.48132678e-14,9.027669212e-13,3.963184253e-14
12.609375,2.128913461e-13,2.767303417e-13,5.881030625e-13,2.7859074e-13,1.145343303e-13,1.179428217e-13,3.046950986e-14,1.951108107e-13,1.180652934e-13,2.00025359e-13,3.900592004e-13,1.879753914e-13,1.173002994e-13,2.243170968e-13,4.523341076e-13,6.521410367e-13,3.666845993e-13,4.796031105e-13,1.619959964e-13,4.080598093e-13,1.030886277e-13,1.004401554e-13,7.203408065e-14,1.065680219e-13,1.256839213e-13,2.23478454e-13,3.631483564e-13,1.325807994e-13,4.743444375e-13,8.494549542e-14,9.062566637e-13,3.862440384e-14
12.6171875,2.13510912e-13,2.794596005e-13,5.817970531e-13,2.763704313e-13,1.140230094e-13,1.181934083e-13,2.984084202e-14,1.912262686e-13,1.166394204e-13,1.979187486e-13,3.870380137e-13,1.870250117e-13,1.181267882e-13,2.23705341e-13,4.531940625e-13,6.51630576e-13,3.662030744e-13,4.870909025e-13,1.631636928e-13,4.050645772e-13,1.018535616e-13,1.000901506e-13,7.127825007e-14,1.060323981e-13,1.254254082e-13,2.217297948e-13,3.601821947e-13,1.316932184e-13,4.677693401e-13,8.506100336e-14,9.093371742e-13,3.764503048e-14
12.625,2.142417676e-13,2.821746974e-13,5.75854269e-13,2.740994376e-13,1.136882797e-13,1.185011331e-13,2.923750611e-14,1.873350208e-13,1.152203902e-13,1.959110377e-13,3.841357411e-13,1.861744678e-13,1.189118973e-13,2.233144716e-13,4.539478984e-13,6.507093645e-13,3.656486647e-13,4.944471323e-13,1.644113335e-13,4.019068258e-13,1.00678721e-13,9.977512662e-14,7.059166295e-14,1.054254042e-13,1.251830681e-13,2.200512256e-13,3.573303399e-13,1.309560983e-13,4.613936159e-13,8.517878594e-14,9.124310766e-13,3.669028428e-14
12.6328125,2.14977927e-13,2.84875452e-13,5.700756526e-13,2.720566494e-13,1.134155439e-13,1.188258854e-13,2.865822316e-14,1.834228476e-13,1.137302253e-13,1.938644686e-13,3.813489516e-13,1.853568387e-13,1.198412617e-13,2.231075768e-13,4.549613919e-13,6.499603641e-13,3.654742954e-13,5.019606525e-13,1.657637896e-13,3.985863836e-13,9.946184979e-14,9.947841373e-14,6.997239532e-14,1.048071785e-13,1.250214748e-13,2.184919115e-13,3.548191391e-13,1.302205271e-13,4.554062203e-13,8.529447444e-14,9.15621018e-13,3.575875287e-14
12.640625,2.157245349e-13,2.877340219e-13,5.640958023e-13,2.70173175e-13,1.130891258e-13,1.191082754e-13,2.811061068e-14,1.795069337e-13,1.121679383e-13,1.918138279e-13,3.784775115e-13,1.844391702e-13,1.208985023e-13,2.228010296e-13,4.563231851e-13,6.496126106e-13,3.656916032e-13,5.097437689e-13,1.671738174e-13,3.951538629e-13,9.817754179e-14,9.915873595e-14,6.94337565e-14,1.042034662e-13,1.249685186e-13,2.170762051e-13,3.524684428e-13,1.294390759e-13,4.495367919e-13,8.537407295e-14,9.185787164e-13,3.485796834e-14
12.6484375,2.161503038e-13,2.904942711e-13,5.579652421e-13,2.681656978e-13,1.126979679e-13,1.192778256e-13,2.758664947e-14,1.756510432e-13,1.105682704e-13,1.898677214e-13,3.754733387e-13,1.833960607e-13,1.219152926e-13,2.222469725e-13,4.576707746e-13,6.492421825e-13,3.658383763e-13,5.174469836e-13,1.684795092e-13,3.916999903e-13,9.689387895e-14,9.87425073e-14,6.895375133e-14,1.03556056e-13,1.249457215e-13,2.15715168e-13,3.499369569e-13,1.286319635e-13,4.434483605e-13,8.542260879e-14,9.21005101e-13,3.397525677e-14
12.65625,2.161616073e-13,2.926537025e-13,5.518968862e-13,2.661194717e-13,1.122579716e-13,1.193513994e-13,2.709327846e-14,1.718626286e-13,1.089019075e-13,1.880630708e-13,3.722873261e-13,1.822750063e-13,1.228932296e-13,2.215685138e-13,4.589540263e-13,6.487205526e-13,3.659242681e-13,5.24919891e-13,1.696466444e-13,3.881658473e-13,9.564126576e-14,9.820253982e-14,6.848003288e-14,1.028883518e-13,1.249367171e-13,2.143350709e-13,3.473573381e-13,1.277313168e-13,4.373246438e-13,8.545636288e-14,9.228941854e-13,3.308301105e-14
12.6640625,2.162192048e-13,2.944738881e-13,5.458585932e-13,2.642414815e-13,1.117799993e-13,1.193981043e-13,2.665291115e-14,1.680804914e-13,1.071520871e-13,1.864354435e-13,3.688756936e-13,1.811091233e-13,1.239285143e-13,2.209074601e-13,4.604823613e-13,6.483723574e-13,3.66310059e-13,5.323633899e-13,1.708184459e-13,3.844341762e-13,9.43971895e-14,9.760997453e-14,6.802644972e-14,1.02279433e-13,1.250152767e-13,2.129983939e-13,3.450121616e-13,1.267374113e-13,4.314221158e-13,8.546025153e-14,9.243956677e-13,3.219000642e-14
12.671875,2.164451058e-13,2.965250158e-13,5.398246728e-13,2.624939452e-13,1.113031708e-13,1.194193059e-13,2.623662888e-14,1.642856436e-13,1.053645594e-13,1.850010275e-13,3.653698997e-13,1.799055562e-13,1.24996466e-13,2.202535855e-13,4.623585327e-13,6.483769517e-13,3.669852325e-13,5.398015898e-13,1.720375623e-13,3.808379217e-13,9.314988082e-14,9.701336122e-14,6.764058975e-14,1.016876565e-13,1.251626558e-13,2.118361384e-13,3.428646893e-13,1.257986584e-13,4.256426021e-13,8.545737529e-14,9.255868769e-13,3.133848729e-14
12.6796875,2.165219647e-13,2.987064617e-13,5.339384577e-13,2.607922915e-13,1.10833803e-13,1.194181495e-13,2.582013957e-14,1.604894765e-13,1.035310809e-13,1.836668935e-13,3.618528799e-13,1.78662974e-13,1.260423568e-13,2.195419883e-13,4.644438968e-13,6.485431615e-13,3.676812986e-13,5.471581487e-13,1.732269072e-13,3.776027824e-13,9.189936811e-14,9.637055449e-14,6.731235042e-14,1.010442813e-13,1.253148622e-13,2.108759235e-13,3.407702466e-13,1.249583343e-13,4.198427755e-13,8.548662031e-14,9.264560774e-13,3.053789627e-14
12.6875,2.164368911e-13,3.007203924e-13,5.281772721e-13,2.591712483e-13,1.103245985e-13,1.194199186e-13,2.543524395e-14,1.566769564e-13,1.01594683e-13,1.82291223e-13,3.582903191e-13,1.773623606e-13,1.270921442e-13,2.187097181e-13,4.666315454e-13,6.48664381e-13,3.683431394e-13,5.54489356e-13,1.743732024e-13,3.743491268e-13,9.064586395e-14,9.565285583e-14,6.702418599e-14,1.003710543e-13,1.255007932e-13,2.100391352e-13,3.387173387e-13,1.240856464e-13,4.140070453e-13,8.550912921e-14,9.269259526e-13,2.976444145e-14
12.6953125,2.163454146e-13,3.026127716e-13,5.223311508e-13,2.577338316e-13,1.097828838e-13,1.193917482e-13,2.509139865e-14,1.52873056e-13,9.95895047e-14,1.808287321e-13,3.546909545e-13,1.759773109e-13,1.281885014e-13,2.177563347e-13,4.689133369e-13,6.488834627e-13,3.691986098e-13,5.617844423e-13,1.755151606e-13,3.710127561e-13,8.938704493e-14,9.489417415e-14,6.680201388e-14,9.969937664e-14,1.257529547e-13,2.09262988e-13,3.367750502e-13,1.231395194e-13,4.081856273e-13,8.546660606e-14,9.269133246e-13,2.900828392e-14
12.703125,2.161546663e-13,3.04413621e-13,5.164189819e-13,2.564598128e-13,1.09230044e-13,1.193042406e-13,2.478353624e-14,1.491378905e-13,9.758099612e-14,1.794108133e-13,3.510198257e-13,1.745293487e-13,1.293332443e-13,2.168051065e-13,4.713253961e-13,6.493971317e-13,3.704075172e-13,5.689412725e-13,1.76663297e-13,3.679069643e-13,8.811659066e-14,9.411027964e-14,6.664658228e-14,9.905125137e-14,1.260482657e-13,2.085264544e-13,3.350108581e-13,1.222155151e-13,4.0252259e-13,8.537660296e-14,9.264622222e-13,2.826270119e-14
12.7109375,2.157716298e-13,3.059926227e-13,5.10700931e-13,2.551653783e-13,1.086513099e-13,1.19174892e-13,2.452809395e-14,1.454741269e-13,9.554236063e-14,1.782192643e-13,3.472764548e-13,1.730647424e-13,1.304971552e-13,2.159241925e-13,4.738811471e-13,6.500636459e-13,3.717702363e-13,5.759689242e-13,1.777966103e-13,3.648145853e-13,8.686030866e-14,9.327415547e-14,6.652072355e-14,9.842785411e-14,1.263828253e-13,2.078394305e-13,3.334365617e-13,1.213306085e-13,3.971102193e-13,8.529844702e-14,9.256638463e-13,2.751721775e-14
12.71875,2.152839923e-13,3.072972482e-13,5.052392789e-13,2.538835936e-13,1.081325662e-13,1.190063338e-13,2.430899477e-14,1.418553845e-13,9.343267811e-14,1.772433635e-13,3.435747875e-13,1.715746006e-13,1.316691178e-13,2.150475154e-13,4.766058175e-13,6.507464891e-13,3.730991032e-13,5.830695358e-13,1.789034408e-13,3.614494767e-13,8.565083473e-14,9.237723547e-14,6.642326327e-14,9.775280316e-14,1.267768922e-13,2.072363262e-13,3.320085758e-13,1.204126745e-13,3.918579801e-13,8.524179593e-14,9.245170386e-13,2.678201924e-14
12.7265625,2.147530948e-13,3.084357951e-13,4.99865095e-13,2.527799573e-13,1.07744955e-13,1.187857564e-13,2.410621823e-14,1.382696501e-13,9.126885702e-14,1.763143811e-13,3.398392451e-13,1.700279178e-13,1.328543999e-13,2.141228969e-13,4.795594475e-13,6.515879507e-13,3.745540422e-13,5.903995224e-13,1.799991575e-13,3.581306799e-13,8.444257479e-14,9.143699324e-14,6.63738596e-14,9.702344228e-14,1.272285425e-13,2.067446198e-13,3.306712815e-13,1.194512474e-13,3.86647127e-13,8.515859966e-14,9.229887211e-13,2.607264895e-14
12.734375,2.141474845e-13,3.095177924e-13,4.945493516e-13,2.516798087e-13,1.073447173e-13,1.185344154e-13,2.393612234e-14,1.347023321e-13,8.908506747e-14,1.75396036e-13,3.359429834e-13,1.684432892e-13,1.340234653e-13,2.131141036e-13,4.82707022e-13,6.526457095e-13,3.762148346e-13,5.977321115e-13,1.810722271e-13,3.551290008e-13,8.318745487e-14,9.046819988e-14,6.636283498e-14,9.638003511e-14,1.27712476e-13,2.063787965e-13,3.293761637e-13,1.185039377e-13,3.814335119e-13,8.504240489e-14,9.210893951e-13,2.539556042e-14
12.7421875,2.134899981e-13,3.105049749e-13,4.893212412e-13,2.50513165e-13,1.068556641e-13,1.183136504e-13,2.380185452e-14,1.311858226e-13,8.691762732e-14,1.746140754e-13,3.320395337e-13,1.668682235e-13,1.351772323e-13,2.120406046e-13,4.859796918e-13,6.538084617e-13,3.779459945e-13,6.048392708e-13,1.82110027e-13,3.522537041e-13,8.195976444e-14,8.949039482e-14,6.639454073e-14,9.584292619e-14,1.282301576e-13,2.061187564e-13,3.281194711e-13,1.176120868e-13,3.762323823e-13,8.493144077e-14,9.189134126e-13,2.475270845e-14
12.75,2.128822965e-13,3.114316746e-13,4.840085391e-13,2.496306773e-13,1.06441942e-13,1.181045947e-13,2.37041689e-14,1.277962812e-13,8.479234089e-14,1.739923254e-13,3.281658573e-13,1.653290925e-13,1.363700273e-13,2.11051145e-13,4.894232932e-13,6.551075968e-13,3.797829101e-13,6.119643617e-13,1.831528327e-13,3.494732568e-13,8.084279597e-14,8.851206617e-14,6.649149946e-14,9.530180216e-14,1.28813195e-13,2.059264568e-13,3.269449572e-13,1.167586685e-13,3.711057834e-13,8.479921793e-14,9.165800585e-13,2.413263408e-14
12.7578125,2.123387583e-13,3.12450418e-13,4.785715242e-13,2.490252475e-13,1.061441819e-13,1.177707223e-13,2.364692686e-14,1.245284267e-13,8.269176158e-14,1.734104994e-13,3.241378817e-13,1.637978697e-13,1.375785773e-13,2.101626974e-13,4.930186771e-13,6.566202052e-13,3.817983571e-13,6.192605018e-13,1.841939748e-13,3.470435125e-13,7.979207955e-14,8.75026929e-14,6.662996221e-14,9.477419182e-14,1.294389522e-13,2.058188212e-13,3.258759363e-13,1.159075708e-13,3.660529409e-13,8.461524195e-14,9.140484097e-13,2.352737927e-14
12.765625,2.117344315e-13,3.134279426e-13,4.732701889e-13,2.484092795e-13,1.05815536e-13,1.173254777e-13,2.360382123e-14,1.212952424e-13,8.055373454e-14,1.728206273e-13,3.200566699e-13,1.622149505e-13,1.387515392e-13,2.091794515e-13,4.966623479e-13,6.582089262e-13,3.839006268e-13,6.264854654e-13,1.851805379e-13,3.447797202e-13,7.872761667e-14,8.642628693e-14,6.678446382e-14,9.427680412e-14,1.300644267e-13,2.057925656e-13,3.248857465e-13,1.150751832e-13,3.609993358e-13,8.443480572e-14,9.111488355e-13,2.29412464e-14
12.7734375,2.109279383e-13,3.141578662e-13,4.681681957e-13,2.479889588e-13,1.054503197e-13,1.169253748e-13,2.357897865e-14,1.180793111e-13,7.833470174e-14,1.722710953e-13,3.161116112e-13,1.605802026e-13,1.399158891e-13,2.080470381e-13,5.004255209e-13,6.59739316e-13,3.860628874e-13,6.335388126e-13,1.861223339e-13,3.423207412e-13,7.764434431e-14,8.527964738e-14,6.698090753e-14,9.37035972e-14,1.307148829e-13,2.057858487e-13,3.239284334e-13,1.142633094e-13,3.559406192e-13,8.426842168e-14,9.077777863e-13,2.23688164e-14
12.78125,2.098761474e-13,3.147971403e-13,4.630787781e-13,2.478599038e-13,1.051248485e-13,1.164891641e-13,2.36047395e-14,1.149571363e-13,7.609801138e-14,1.717701506e-13,3.121967497e-13,1.589506358e-13,1.410649529e-13,2.069263478e-13,5.043876154e-13,6.613146081e-13,3.882996916e-13,6.404161959e-13,1.87029523e-13,3.400337169e-13,7.659885717e-14,8.409654569e-14,6.72207826e-14,9.311551154e-14,1.313951625e-13,2.058376393e-13,3.230272567e-13,1.133810208e-13,3.509156329e-13,8.405334852e-14,9.039932381e-13,2.181368887e-14
12.7890625,2.087068823e-13,3.154163854e-13,4.579623176e-13,2.475422662e-13,1.047831347e-13,1.158750263e-13,2.365751804e-14,1.119548848e-13,7.392823028e-14,1.713237981e-13,3.082338196e-13,1.573292654e-13,1.421690515e-13,2.059003172e-13,5.084156689e-13,6.630258499e-13,3.905763744e-13,6.470274326e-13,1.878937651e-13,3.382369083e-13,7.565786929e-14,8.292638689e-14,6.748424356e-14,9.26780498e-14,1.320766568e-13,2.060174983e-13,3.223010317e-13,1.124025135e-13,3.459667685e-13,8.379227447e-14,8.999582234e-13,2.129141071e-14
12.796875,2.07567179e-13,3.157758648e-13,4.528158216e-13,2.469687992e-13,1.043759957e-13,1.152312847e-13,2.371562817e-14,1.090166861e-13,7.178065525e-14,1.709785259e-13,3.042552075e-13,1.556525241e-13,1.432440634e-13,2.048265619e-13,5.124220519e-13,6.647790296e-13,3.92924004e-13,6.534878827e-13,1.887162723e-13,3.364587846e-13,7.483031968e-14,8.17660328e-14,6.780842329e-14,9.232031549e-14,1.327928098e-13,2.062474646e-13,3.217363645e-13,1.114275565e-13,3.41165181e-13,8.350721013e-14,8.956073342e-13,2.079333361e-14
12.8046875,2.064057492e-13,3.158213818e-13,4.475944548e-13,2.465985035e-13,1.039709962e-13,1.146464898e-13,2.380164857e-14,1.061361822e-13,6.960507387e-14,1.707210557e-13,3.001819591e-13,1.538990124e-13,1.442418751e-13,2.035638949e-13,5.16455988e-13,6.665037426e-13,3.953393906e-13,6.59879639e-13,1.894349004e-13,3.345778051e-13,7.405708967e-14,8.056435356e-14,6.820458927e-14,9.193390497e-14,1.335411298e-13,2.064666559e-13,3.21122052e-13,1.104780426e-13,3.364101856e-13,8.317760814e-14,8.9069339e-13,2.030884624e-14
12.8125,2.052143043e-13,3.157275182e-13,4.425191857e-13,2.465007014e-13,1.036706544e-13,1.140063327e-13,2.390783651e-14,1.033625743e-13,6.74735682e-14,1.70522914e-13,2.96063475e-13,1.521677231e-13,1.451906542e-13,2.023224387e-13,5.205730519e-13,6.682458705e-13,3.978181483e-13,6.661632163e-13,1.901006369e-13,3.329605089e-13,7.330148314e-14,7.933906086e-14,6.859912918e-14,9.159639749e-14,1.342772613e-13,2.067295066e-13,3.204563961e-13,1.095414533e-13,3.315203709e-13,8.284176556e-14,8.855018691e-13,1.984200702e-14
12.8203125,2.041748756e-13,3.156907393e-13,4.378468672e-13,2.464943066e-13,1.035749246e-13,1.133801547e-13,2.40211351e-14,1.006868054e-13,6.542199762e-14,1.704209389e-13,2.921367727e-13,1.505912606e-13,1.46294807e-13,2.014077733e-13,5.249130192e-13,6.701143619e-13,4.005125112e-13,6.726363254e-13,1.909470597e-13,3.315244926e-13,7.258158252e-14,7.815516235e-14,6.896459915e-14,9.132981728e-14,1.350661714e-13,2.070563072e-13,3.1999405e-13,1.087395272e-13,3.267088974e-13,8.255461984e-14,8.805989927e-13,1.938759719e-14
12.828125,2.032552341e-13,3.158023062e-13,4.333795568e-13,2.466128633e-13,1.036513507e-13,1.12891992e-13,2.416246518e-14,9.80804772e-14,6.339316925e-14,1.703677133e-13,2.883955338e-13,1.491340654e-13,1.475330726e-13,2.006742334e-13,5.295639272e-13,6.722345795e-13,4.034362317e-13,6.794277281e-13,1.919413454e-13,3.302510977e-13,7.190448399e-14,7.699247751e-14,6.934535783e-14,9.107279828e-14,1.359437483e-13,2.074459257e-13,3.197018008e-13,1.080784943e-13,3.222852492e-13,8.226799502e-14,8.757628929e-13,1.895637197e-14
12.8359375,2.022464721e-13,3.158082109e-13,4.287413208e-13,2.468486109e-13,1.037166563e-13,1.124279466e-13,2.433392319e-14,9.557896691e-14,6.137577152e-14,1.702414568e-13,2.845816297e-13,1.476295675e-13,1.486727424e-13,1.998341098e-13,5.343452997e-13,6.745791733e-13,4.064159616e-13,6.860660934e-13,1.928106704e-13,3.293404806e-13,7.125509412e-14,7.579908631e-14,6.974850385e-14,9.086467337e-14,1.368175347e-13,2.078876679e-13,3.192881547e-13,1.073332507e-13,3.180096721e-13,8.191831032e-14,8.704142082e-13,1.857009575e-14
12.84375,2.011992563e-13,3.155151046e-13,4.239369328e-13,2.471252856e-13,1.037691236e-13,1.118861037e-13,2.452758253e-14,9.320744476e-14,5.940852694e-14,1.700961948e-13,2.806279973e-13,1.460646126e-13,1.497631252e-13,1.989351682e-13,5.39110342e-13,6.770166697e-13,4.094835525e-13,6.924287411e-13,1.9358128e-13,3.285270241e-13,7.064094187e-14,7.459307293e-14,7.01658163e-14,9.075227774e-14,1.376836149e-13,2.083124408e-13,3.187646684e-13,1.064670664e-13,3.135443e-13,8.152111556e-14,8.64621472e-13,1.821327114e-14
12.8515625,2.001699215e-13,3.152180579e-13,4.192484813e-13,2.474708189e-13,1.039293427e-13,1.113091204e-13,2.474100852e-14,9.091037996e-14,5.749473923e-14,1.700577333e-13,2.767036081e-13,1.445620487e-13,1.509440377e-13,1.980165514e-13,5.439247684e-13,6.795149337e-13,4.126647527e-13,6.988472339e-13,1.943910926e-13,3.276778241e-13,7.007731625e-14,7.338714557e-14,7.062185294e-14,9.072169919e-14,1.385888227e-13,2.087542782e-13,3.183146873e-13,1.056836603e-13,3.090241689e-13,8.111088485e-14,8.585974135e-13,1.786769029e-14
12.859375,1.990039775e-13,3.150097058e-13,4.147711373e-13,2.478629706e-13,1.040937516e-13,1.107211292e-13,2.495839323e-14,8.86430762e-14,5.560295351e-14,1.70045251e-13,2.728515363e-13,1.43121134e-13,1.521017171e-13,1.97005487e-13,5.487767322e-13,6.819857947e-13,4.157387833e-13,7.051925862e-13,1.951481419e-13,3.270808538e-13,6.955126001e-14,7.215375518e-14,7.112171887e-14,9.077794842e-14,1.394687426e-13,2.093315399e-13,3.178736623e-13,1.049862847e-13,3.045992241e-13,8.069842568e-14,8.522236507e-13,1.754277045e-14
12.8671875,1.977563533e-13,3.145249231e-13,4.104084464e-13,2.482567747e-13,1.042463956e-13,1.101272639e-13,2.520349307e-14,8.647007795e-14,5.372823175e-14,1.699552718e-13,2.689541921e-13,1.416718855e-13,1.531856127e-13,1.960624726e-13,5.536282131e-13,6.843320613e-13,4.187479781e-13,7.11269162e-13,1.958530167e-13,3.266932268e-13,6.905828345e-14,7.090091254e-14,7.164997193e-14,9.092026306e-14,1.403322043e-13,2.09987126e-13,3.17385457e-13,1.042110802e-13,3.001904474e-13,8.028466255e-14,8.455964306e-13,1.72351749e-14
12.875,1.966002231e-13,3.136739976e-13,4.061419609e-13,2.486804136e-13,1.045796138e-13,1.09529722e-13,2.551589569e-14,8.44363414e-14,5.189850524e-14,1.698850283e-13,2.650258712e-13,1.402192135e-13,1.542953071e-13,1.952830493e-13,5.586107423e-13,6.867440139e-13,4.220018565e-13,7.173674438e-13,1.965991275e-13,3.26288837e-13,6.862393245e-14,6.964561273e-14,7.219468873e-14,9.11368238e-14,1.412858028e-13,2.105952411e-13,3.169927284e-13,1.03355302e-13,2.958406941e-13,7.985928536e-14,8.389253368e-13,1.692771167e-14
12.8828125,1.95396511e-13,3.127038484e-13,4.019133026e-13,2.491361403e-13,1.049547793e-13,1.088989416e-13,2.585125615e-14,8.242892329e-14,5.00955823e-14,1.69893705e-13,2.611465935e-13,1.38764658e-13,1.554091156e-13,1.944579912e-13,5.637608935e-13,6.893549846e-13,4.254161051e-13,7.235481415e-13,1.972713928e-13,3.258545365e-13,6.824221273e-14,6.836892164e-14,7.272431084e-14,9.142018396e-14,1.422786814e-13,2.111911018e-13,3.166687192e-13,1.024928094e-13,2.915877707e-13,7.941162497e-14,8.320329624e-13,1.661529323e-14
12.890625,1.940470855e-13,3.117852521e-13,3.97622928e-13,2.496778281e-13,1.051941097e-13,1.082504172e-13,2.616127367e-14,8.039848945e-14,4.829659162e-14,1.698874664e-13,2.572656811e-13,1.373286674e-13,1.564759678e-13,1.93592452e-13,5.689777162e-13,6.920306088e-13,4.287360415e-13,7.29549432e-13,1.978354079e-13,3.25565788e-13,6.789431618e-14,6.707982674e-14,7.322846301e-14,9.171824341e-14,1.431980813e-13,2.118414288e-13,3.162215096e-13,1.016438969e-13,2.872816201e-13,7.896061878e-14,8.247911683e-13,1.631124163e-14
12.8984375,1.92817238e-13,3.108531397e-13,3.934665645e-13,2.503131467e-13,1.055935523e-13,1.076512238e-13,2.647912089e-14,7.848910168e-14,4.657314379e-14,1.698680068e-13,2.534031525e-13,1.359805011e-13,1.574879647e-13,1.929353317e-13,5.742798107e-13,6.947738204e-13,4.321211863e-13,7.354376462e-13,1.984578975e-13,3.256647502e-13,6.762986294e-14,6.582177185e-14,7.374779472e-14,9.201884592e-14,1.440842498e-13,2.125131879e-13,3.156701442e-13,1.008387034e-13,2.829198819e-13,7.853831854e-14,8.17460858e-13,1.603864971e-14
12.90625,1.918001953e-13,3.096395592e-13,3.895430846e-13,2.508076693e-13,1.062247249e-13,1.070889193e-13,2.68129293e-14,7.672187224e-14,4.495677582e-14,1.699218284e-13,2.496693892e-13,1.346720677e-13,1.58388173e-13,1.923956941e-13,5.795916614e-13,6.975264862e-13,4.356658151e-13,7.4125865e-13,1.991026964e-13,3.259039204e-13,6.747154399e-14,6.459607957e-14,7.428922959e-14,9.242161571e-14,1.449751584e-13,2.131454332e-13,3.151380492e-13,1.000509435e-13,2.786514228e-13,7.813031499e-14,8.10151882e-13,1.578782038e-14
12.9140625,1.906371109e-13,3.082816523e-13,3.854642091e-13,2.51179366e-13,1.067068775e-13,1.064380302e-13,2.713612679e-14,7.497386899e-14,4.336424881e-14,1.700151428e-13,2.45995941e-13,1.333166747e-13,1.592106088e-13,1.916873473e-13,5.847284781e-13,7.000314059e-13,4.390089624e-13,7.467126188e-13,1.99608995e-13,3.25965674e-13,6.733063219e-14,6.336259155e-14,7.481630233e-14,9.296146417e-14,1.458080458e-13,2.137343948e-13,3.146221857e-13,9.920553282e-14,2.744401187e-13,7.769157555e-14,8.026795943e-13,1.552767846e-14
12.921875,1.891421885e-13,3.072267534e-13,3.812353932e-13,2.518067908e-13,1.070558568e-13,1.056790523e-13,2.748600672e-14,7.329634924e-14,4.178701477e-14,1.701132087e-13,2.423006425e-13,1.320005808e-13,1.60057142e-13,1.909093241e-13,5.898903936e-13,7.024873262e-13,4.420694106e-13,7.518386107e-13,2.000213358e-13,3.263530895e-13,6.719031048e-14,6.211170161e-14,7.534060975e-14,9.353931067e-14,1.466069519e-13,2.143647721e-13,3.141149716e-13,9.833361871e-14,2.701902521e-13,7.722666707e-14,7.950635306e-13,1.527854924e-14
12.9296875,1.876416505e-13,3.061367763e-13,3.774342572e-13,2.525449257e-13,1.075942109e-13,1.050013098e-13,2.788986257e-14,7.177056763e-14,4.029460324e-14,1.70283855e-13,2.386813184e-13,1.30798286e-13,1.608993219e-13,1.903440491e-13,5.953292909e-13,7.052179671e-13,4.452415645e-13,7.570301229e-13,2.004373885e-13,3.272621624e-13,6.716409872e-14,6.088682297e-14,7.589251439e-14,9.41239107e-14,1.474714929e-13,2.15090648e-13,3.13619238e-13,9.749191941e-14,2.659563117e-13,7.676761657e-14,7.874797366e-13,1.507756942e-14
12.9375,1.863697926e-13,3.045338773e-13,3.739868093e-13,2.529237808e-13,1.083107157e-13,1.044434837e-13,2.829727369e-14,7.032062907e-14,3.88798858e-14,1.704850472e-13,2.351768812e-13,1.296222908e-13,1.617150668e-13,1.899306661e-13,6.007817216e-13,7.079151264e-13,4.485987934e-13,7.622754538e-13,2.008614804e-13,3.280729697e-13,6.725257042e-14,5.970900001e-14,7.643465485e-14,9.479655011e-14,1.483669611e-13,2.158271201e-13,3.131028674e-13,9.664917093e-14,2.617677045e-13,7.630180405e-14,7.79882548e-13,1.490451116e-14
12.9453125,1.850949487e-13,3.028689043e-13,3.703381006e-13,2.532203381e-13,1.090799621e-13,1.037946871e-13,2.869222941e-14,6.895145312e-14,3.751307098e-14,1.705771288e-13,2.317282733e-13,1.284331272e-13,1.625505359e-13,1.894774922e-13,6.061136582e-13,7.104118857e-13,4.519098811e-13,7.673219765e-13,2.012782045e-13,3.288839664e-13,6.734067854e-14,5.852779418e-14,7.69235708e-14,9.556539822e-14,1.491952393e-13,2.165026518e-13,3.126110821e-13,9.577814987e-14,2.575372582e-13,7.580318398e-14,7.721691452e-13,1.473116305e-14
12.953125,1.836575446e-13,3.012711668e-13,3.665703635e-13,2.539050893e-13,1.099243945e-13,1.030734826e-13,2.911441435e-14,6.7731381e-14,3.620490287e-14,1.70594383e-13,2.283205894e-13,1.272811174e-13,1.63335734e-13,1.890811946e-13,6.116211324e-13,7.130989148e-13,4.552365196e-13,7.722434464e-13,2.0163751e-13,3.301536907e-13,6.743893929e-14,5.732106752e-14,7.740662269e-14,9.636028056e-14,1.499938016e-13,2.171521868e-13,3.121299386e-13,9.486325266e-14,2.532029997e-13,7.527179499e-14,7.64347328e-13,1.457322556e-14
12.9609375,1.822866891e-13,2.994076401e-13,3.629786251e-13,2.547159665e-13,1.108772229e-13,1.024800615e-13,2.955774062e-14,6.660316184e-14,3.496000648e-14,1.706640326e-13,2.249757606e-13,1.261995999e-13,1.640262378e-13,1.888909114e-13,6.172921923e-13,7.160258681e-13,4.587424523e-13,7.77252209e-13,2.019440561e-13,3.3156167e-13,6.761698258e-14,5.614792628e-14,7.795243621e-14,9.719595811e-14,1.508347545e-13,2.178128485e-13,3.115594493e-13,9.39274046e-14,2.48843266e-13,7.472251218e-14,7.564453016e-13,1.444729739e-14
12.96875,1.811522401e-13,2.978286179e-13,3.595396423e-13,2.553865579e-13,1.119900577e-13,1.019277256e-13,2.998904705e-14,6.554164779e-14,3.379421237e-14,1.707717311e-13,2.218081007e-13,1.25264065e-13,1.647576242e-13,1.888645135e-13,6.229799867e-13,7.189896791e-13,4.624129178e-13,7.824286129e-13,2.023317936e-13,3.330149979e-13,6.783895155e-14,5.503610588e-14,7.852659112e-14,9.814149093e-14,1.516866272e-13,2.185283572e-13,3.110838416e-13,9.310846035e-14,2.446850038e-13,7.418485393e-14,7.486751513e-13,1.434077046e-14
12.9765625,1.801402888e-13,2.966351723e-13,3.563159743e-13,2.560931349e-13,1.133003765e-13,1.012786799e-13,3.041430348e-14,6.460281889e-14,3.273287532e-14,1.708815198e-13,2.188666592e-13,1.245055988e-13,1.655813763e-13,1.889815663e-13,6.288656021e-13,7.221030865e-13,4.662128296e-13,7.877546026e-13,2.028348706e-13,3.347807755e-13,6.809861175e-14,5.395391308e-14,7.904577685e-14,9.918798525e-14,1.525423233e-13,2.193232917e-13,3.109114134e-13,9.241345903e-14,2.408267214e-13,7.366645434e-14,7.412469296e-13,1.424004715e-14
12.984375,1.791388563e-13,2.947725438e-13,3.532616579e-13,2.567682042e-13,1.147096998e-13,1.006121476e-13,3.084830007e-14,6.378359715e-14,3.175524179e-14,1.710371766e-13,2.159424743e-13,1.237638345e-13,1.663608148e-13,1.892087921e-13,6.348928544e-13,7.253965406e-13,4.700963644e-13,7.930882642e-13,2.03319437e-13,3.365600333e-13,6.846469523e-14,5.287399998e-14,7.95116938e-14,1.002873088e-13,1.534624039e-13,2.201107345e-13,3.107240027e-13,9.161378797e-14,2.369804892e-13,7.313765974e-14,7.338576075e-13,1.415427371e-14
12.9921875,1.781557139e-13,2.924846298e-13,3.501543743e-13,2.572755347e-13,1.160831919e-13,9.994254931e-14,3.129080012e-14,6.307664539e-14,3.081929323e-14,1.711980366e-13,2.130146173e-13,1.229476051e-13,1.670341007e-13,1.894158142e-13,6.409065125e-13,7.2884886e-13,4.740615699e-13,7.982897133e-13,2.037355595e-13,3.383252029e-13,6.889543157e-14,5.177217146e-14,7.99730206e-14,1.014319807e-13,1.544241255e-13,2.208699823e-13,3.102601615e-13,9.066878923e-14,2.329534296e-13,7.260738425e-14,7.262225831e-13,1.409502545e-14
13,1.771842607e-13,2.90914938e-13,3.472297954e-13,2.579851389e-13,1.174624146e-13,9.928320291e-14,3.175176052e-14,6.247925062e-14,2.992782315e-14,1.712785332e-13,2.103794264e-13,1.22246608e-13,1.677132739e-13,1.897157821e-13,6.472980311e-13,7.327049124e-13,4.78198135e-13,8.033753692e-13,2.041724473e-13,3.405978552e-13,6.927974804e-14,5.067534675e-14,8.042590787e-14,1.026539438e-13,1.553538162e-13,2.217277652e-13,3.098802778e-13,8.979600648e-14,2.291070378e-13,7.210851621e-14,7.187285272e-13,1.4053711e-14
13.0078125,1.762036847e-13,2.896312446e-13,3.447801134e-13,2.59162543e-13,1.190449759e-13,9.879423679e-14,3.224698831e-14,6.195205102e-14,2.911986012e-14,1.713171549e-13,2.079963867e-13,1.217888694e-13,1.684874693e-13,1.903456884e-13,6.542678547e-13,7.369623323e-13,4.824701554e-13,8.084063665e-13,2.046811104e-13,3.432594538e-13,6.962027566e-14,4.965568859e-14,8.08490684e-14,1.03991626e-13,1.562583303e-13,2.226660351e-13,3.098194416e-13,8.905010332e-14,2.256792013e-13,7.162093821e-14,7.116478538e-13,1.401882007e-14
13.015625,1.752935858e-13,2.879281083e-13,3.425202073e-13,2.604194921e-13,1.208434356e-13,9.843931112e-14,3.277050186e-14,6.151421772e-14,2.840368204e-14,1.713432963e-13,2.055759282e-13,1.21405363e-13,1.69263803e-13,1.911659515e-13,6.613637899e-13,7.413884919e-13,4.868573515e-13,8.134666569e-13,2.051865195e-13,3.459349536e-13,6.998694881e-14,4.868143682e-14,8.124491219e-14,1.05428152e-13,1.571617023e-13,2.235276886e-13,3.097589846e-13,8.832195842e-14,2.222819802e-13,7.11295276e-14,7.046409734e-13,1.39892699e-14
13.0234375,1.74521457e-13,2.861993456e-13,3.402242741e-13,2.613528201e-13,1.226362823e-13,9.801750997e-14,3.32973609e-14,6.118787989e-14,2.775718023e-14,1.712886563e-13,2.031667366e-13,1.20957859e-13,1.698995493e-13,1.919385654e-13,6.683060653e-13,7.459905907e-13,4.914798414e-13,8.186038866e-13,2.055830994e-13,3.48797176e-13,7.041213645e-14,4.768024139e-14,8.161737003e-14,1.069084153e-13,1.580494028e-13,2.243142642e-13,3.094649058e-13,8.756799794e-14,2.187139735e-13,7.064629602e-14,6.97536976e-13,1.396713956e-14
13.03125,1.737520843e-13,2.844487819e-13,3.38007332e-13,2.621415957e-13,1.243902741e-13,9.755901532e-14,3.381609249e-14,6.09279797e-14,2.717786439e-14,1.711708062e-13,2.008659867e-13,1.205332087e-13,1.7042772e-13,1.927106751e-13,6.751113775e-13,7.506048124e-13,4.961898184e-13,8.236133053e-13,2.05908777e-13,3.518578354e-13,7.089230046e-14,4.669159098e-14,8.197278935e-14,1.084237137e-13,1.589270816e-13,2.250973988e-13,3.090526593e-13,8.677663863e-14,2.15312871e-13,7.014057739e-14,6.904636019e-13,1.396019552e-14
13.0390625,1.728994791e-13,2.824100349e-13,3.358664951e-13,2.631507357e-13,1.262404297e-13,9.717637573e-14,3.433131902e-14,6.076019142e-14,2.665694906e-14,1.710716084e-13,1.98598454e-13,1.201953535e-13,1.709651634e-13,1.935369066e-13,6.817721376e-13,7.549455379e-13,5.00734123e-13,8.282913669e-13,2.062855892e-13,3.548821564e-13,7.139361324e-14,4.574025687e-14,8.229544677e-14,1.099876679e-13,1.597839721e-13,2.258497031e-13,3.08678415e-13,8.599951952e-14,2.1213231e-13,6.960916431e-14,6.833889963e-13,1.397263586e-14
13.046875,1.721714594e-13,2.804996195e-13,3.338144833e-13,2.643217036e-13,1.281649681e-13,9.681677525e-14,3.483761664e-14,6.072405918e-14,2.618175654e-14,1.709622462e-13,1.964659163e-13,1.199042184e-13,1.715047018e-13,1.944395447e-13,6.884353644e-13,7.592119367e-13,5.052205433e-13,8.327700495e-13,2.06692146e-13,3.579609867e-13,7.188184264e-14,4.479791268e-14,8.254400325e-14,1.115980325e-13,1.605713543e-13,2.26555258e-13,3.083620585e-13,8.53331684e-14,2.0887463e-13,6.9111462e-14,6.764057271e-13,1.399453556e-14
13.0546875,1.716823376e-13,2.787881429e-13,3.319371743e-13,2.6538377e-13,1.301615936e-13,9.644552622e-14,3.534026821e-14,6.074259343e-14,2.577653781e-14,1.707652287e-13,1.945467961e-13,1.196622418e-13,1.719897311e-13,1.95542749e-13,6.951636205e-13,7.635562722e-13,5.097460173e-13,8.371975737e-13,2.070441178e-13,3.610572512e-13,7.23666154e-14,4.390471238e-14,8.273240782e-14,1.132334711e-13,1.613103535e-13,2.272133726e-13,3.079917607e-13,8.469886076e-14,2.055888716e-13,6.863381225e-14,6.69722905e-13,1.401972873e-14
13.0625,1.712343029e-13,2.768760936e-13,3.301681387e-13,2.664218684e-13,1.322974997e-13,9.614605935e-14,3.58654929e-14,6.080259826e-14,2.543533403e-14,1.704587506e-13,1.92683995e-13,1.194784687e-13,1.72421264e-13,1.968088078e-13,7.018475056e-13,7.67810002e-13,5.142336199e-13,8.41511536e-13,2.073704508e-13,3.640165473e-13,7.29062825e-14,4.305886362e-14,8.290519067e-14,1.1486093e-13,1.620632679e-13,2.278082465e-13,3.075309059e-13,8.397869326e-14,2.024847736e-13,6.813223604e-14,6.631648637e-13,1.404995615e-14
13.0703125,1.706986163e-13,2.748420678e-13,3.285535143e-13,2.676201377e-13,1.344523121e-13,9.595811324e-14,3.640365168e-14,6.099789651e-14,2.51323001e-14,1.700909653e-13,1.908740499e-13,1.193194933e-13,1.727905187e-13,1.980818162e-13,7.086177841e-13,7.721429058e-13,5.187605061e-13,8.456629834e-13,2.076802005e-13,3.672010199e-13,7.357152674e-14,4.219376545e-14,8.304635572e-14,1.1655252e-13,1.628019466e-13,2.283985209e-13,3.070862404e-13,8.325679031e-14,1.994833495e-13,6.766116329e-14,6.565546708e-13,1.408462323e-14
13.078125,1.701667125e-13,2.728258923e-13,3.271568525e-13,2.687756831e-13,1.365600597e-13,9.582050497e-14,3.692461488e-14,6.131113881e-14,2.491143951e-14,1.697477744e-13,1.892082765e-13,1.191939439e-13,1.730761457e-13,1.99394418e-13,7.154592183e-13,7.766120154e-13,5.232977206e-13,8.496656332e-13,2.079250576e-13,3.707575619e-13,7.432272312e-14,4.135928594e-14,8.314499811e-14,1.184043737e-13,1.634729406e-13,2.290048732e-13,3.066181342e-13,8.258642923e-14,1.965032906e-13,6.723914627e-14,6.501263682e-13,1.412684157e-14
13.0859375,1.697719779e-13,2.707835152e-13,3.25735902e-13,2.697075611e-13,1.388089933e-13,9.568991293e-14,3.744334858e-14,6.166876418e-14,2.478076404e-14,1.693876532e-13,1.875817439e-13,1.191388005e-13,1.733175035e-13,2.008355531e-13,7.220558552e-13,7.807723123e-13,5.276869596e-13,8.535760613e-13,2.081681915e-13,3.741804589e-13,7.501911839e-14,4.060710518e-14,8.324058456e-14,1.202954167e-13,1.64103741e-13,2.295379822e-13,3.060131044e-13,8.187992861e-14,1.936053464e-13,6.678240767e-14,6.440051856e-13,1.418000825e-14
13.09375,1.695464848e-13,2.688106945e-13,3.242624914e-13,2.705935699e-13,1.412610791e-13,9.560828481e-14,3.797503576e-14,6.210695324e-14,2.467898536e-14,1.689064292e-13,1.859363111e-13,1.191690856e-13,1.735782543e-13,2.024172667e-13,7.285275353e-13,7.846658029e-13,5.320685356e-13,8.574470142e-13,2.08474692e-13,3.774357599e-13,7.566584169e-14,3.985908091e-14,8.333549795e-14,1.221362267e-13,1.647235281e-13,2.299960838e-13,3.053602705e-13,8.114679306e-14,1.907546471e-13,6.62823501e-14,6.38057646e-13,1.424092778e-14
13.1015625,1.69327341e-13,2.667635719e-13,3.229880254e-13,2.715069935e-13,1.437322629e-13,9.560097783e-14,3.849981081e-14,6.265305788e-14,2.462765653e-14,1.68437891e-13,1.843058616e-13,1.192690641e-13,1.738299421e-13,2.041017709e-13,7.350457616e-13,7.88633882e-13,5.364797136e-13,8.610613303e-13,2.087379083e-13,3.809165081e-13,7.638548911e-14,3.909900834e-14,8.339792678e-14,1.240673796e-13,1.652932871e-13,2.304377809e-13,3.047067639e-13,8.043912792e-14,1.879240645e-13,6.579945564e-14,6.322295039e-13,1.43122055e-14
13.109375,1.690141707e-13,2.644750594e-13,3.217887486e-13,2.723189751e-13,1.461156913e-13,9.562070697e-14,3.901257992e-14,6.324147802e-14,2.466251429e-14,1.681184378e-13,1.826834971e-13,1.193731404e-13,1.73971269e-13,2.057552597e-13,7.412536666e-13,7.923883923e-13,5.406242986e-13,8.641725314e-13,2.088826178e-13,3.844538887e-13,7.71471618e-14,3.839711666e-14,8.341340089e-14,1.260650919e-13,1.657791703e-13,2.308316355e-13,3.039725886e-13,7.971910901e-14,1.852113948e-13,6.533521662e-14,6.264878881e-13,1.440114553e-14
13.1171875,1.687992013e-13,2.622411765e-13,3.205419045e-13,2.730872997e-13,1.485144993e-13,9.564345668e-14,3.951082841e-14,6.38560999e-14,2.473609156e-14,1.677390263e-13,1.812086775e-13,1.194817117e-13,1.740281746e-13,2.073850053e-13,7.471829179e-13,7.95805587e-13,5.445628082e-13,8.670455111e-13,2.090391916e-13,3.877762846e-13,7.788137112e-14,3.775165942e-14,8.336813776e-14,1.279992659e-13,1.662182294e-13,2.311761403e-13,3.032450718e-13,7.90010291e-14,1.826189807e-13,6.489066409e-14,6.209100144e-13,1.450096173e-14
13.125,1.687767133e-13,2.601843772e-13,3.195256214e-13,2.739473159e-13,1.510725137e-13,9.56940667e-14,3.998777506e-14,6.456025925e-14,2.484874075e-14,1.671646632e-13,1.799643527e-13,1.197112784e-13,1.741436296e-13,2.092520587e-13,7.533109312e-13,7.993166006e-13,5.486026655e-13,8.700092122e-13,2.093165635e-13,3.910002006e-13,7.864799808e-14,3.713463898e-14,8.327681271e-14,1.300010628e-13,1.666594298e-13,2.315165414e-13,3.026037442e-13,7.833961075e-14,1.800369545e-13,6.449016475e-14,6.157678409e-13,1.459553941e-14
13.1328125,1.688119713e-13,2.580927901e-13,3.187269584e-13,2.748181249e-13,1.537681945e-13,9.577187305e-14,4.047752244e-14,6.536967502e-14,2.503981033e-14,1.666080413e-13,1.787145576e-13,1.200618732e-13,1.743070465e-13,2.114259047e-13,7.595157844e-13,8.029128004e-13,5.526858798e-13,8.72852868e-13,2.096204608e-13,3.942232645e-13,7.943768414e-14,3.655020404e-14,8.318619842e-14,1.321335023e-13,1.670803018e-13,2.318267493e-13,3.019231266e-13,7.769672819e-14,1.77460897e-13,6.411368986e-14,6.110354569e-13,1.468727853e-14
13.140625,1.68933954e-13,2.5591408e-13,3.178752698e-13,2.755675376e-13,1.564955273e-13,9.584824549e-14,4.099829507e-14,6.6250672e-14,2.528466595e-14,1.661872714e-13,1.773936091e-13,1.204055337e-13,1.744104997e-13,2.1369519e-13,7.655351181e-13,8.063597477e-13,5.567324376e-13,8.754076725e-13,2.098490474e-13,3.974775886e-13,8.016269564e-14,3.598978179e-14,8.308880599e-14,1.34266713e-13,1.674546918e-13,2.320869008e-13,3.011628377e-13,7.701965444e-14,1.749758329e-13,6.37381533e-14,6.064151239e-13,1.479106107e-14
13.1484375,1.692049071e-13,2.53594758e-13,3.170770594e-13,2.762925986e-13,1.59289742e-13,9.594333832e-14,4.151195733e-14,6.721793226e-14,2.556638307e-14,1.658061038e-13,1.762260389e-13,1.207422115e-13,1.744974756e-13,2.159618998e-13,7.716088619e-13,8.098281369e-13,5.608303594e-13,8.779117892e-13,2.100492245e-13,4.007447324e-13,8.084757636e-14,3.544477135e-14,8.293705697e-14,1.364309512e-13,1.678252926e-13,2.322892563e-13,3.004018751e-13,7.631085378e-14,1.726049997e-13,6.335153874e-14,6.018950576e-13,1.490120645e-14
13.15625,1.694435313e-13,2.51268639e-13,3.164941189e-13,2.771905762e-13,1.621999018e-13,9.611910702e-14,4.201211959e-14,6.831631305e-14,2.590768736e-14,1.653994546e-13,1.752141958e-13,1.211401868e-13,1.746049829e-13,2.182766328e-13,7.777672681e-13,8.133649609e-13,5.648337426e-13,8.80319527e-13,2.102680762e-13,4.040641572e-13,8.154806086e-14,3.491769944e-14,8.272678416e-14,1.386288204e-13,1.68178975e-13,2.323833767e-13,2.996590201e-13,7.561632402e-14,1.703067989e-13,6.293818368e-14,5.975830678e-13,1.501210556e-14
13.1640625,1.695749534e-13,2.493544247e-13,3.161158948e-13,2.781569551e-13,1.651399051e-13,9.634203625e-14,4.252944983e-14,6.953494514e-14,2.631304496e-14,1.649260816e-13,1.742747664e-13,1.215854287e-13,1.746251918e-13,2.207053583e-13,7.838016441e-13,8.168343175e-13,5.686493873e-13,8.823406581e-13,2.104859441e-13,4.076686955e-13,8.227673847e-14,3.441378595e-14,8.247267417e-14,1.407529207e-13,1.684384393e-13,2.32403965e-13,2.989540511e-13,7.500364867e-14,1.680700475e-13,6.255105959e-14,5.934760309e-13,1.513834987e-14
13.171875,1.698170408e-13,2.475868684e-13,3.159944793e-13,2.789451253e-13,1.681050321e-13,9.653948717e-14,4.306601563e-14,7.082550617e-14,2.676171963e-14,1.644022925e-13,1.734874571e-13,1.220762603e-13,1.745389334e-13,2.233137345e-13,7.898787815e-13,8.203179262e-13,5.725588378e-13,8.841539908e-13,2.107172819e-13,4.112727565e-13,8.304011153e-14,3.394501334e-14,8.216507977e-14,1.429055433e-13,1.686486148e-13,2.324306147e-13,2.982687847e-13,7.442574902e-14,1.65938081e-13,6.223128563e-14,5.896547123e-13,1.527046549e-14
13.1796875,1.702829366e-13,2.453677808e-13,3.159504416e-13,2.79741264e-13,1.711599004e-13,9.680715284e-14,4.361155712e-14,7.218072683e-14,2.722083009e-14,1.639145805e-13,1.727681844e-13,1.226151807e-13,1.74448162e-13,2.260321661e-13,7.961361735e-13,8.238694875e-13,5.766728755e-13,8.859821328e-13,2.109595491e-13,4.144359825e-13,8.376844697e-14,3.349959065e-14,8.180506429e-14,1.45141507e-13,1.688878948e-13,2.324462819e-13,2.975347918e-13,7.376278881e-14,1.639095738e-13,6.188920635e-14,5.860693729e-13,1.539770869e-14
13.1875,1.708037249e-13,2.430822676e-13,3.156943918e-13,2.807899082e-13,1.742067385e-13,9.721831564e-14,4.415114426e-14,7.361483206e-14,2.770093438e-14,1.634421502e-13,1.719788242e-13,1.231673055e-13,1.743832587e-13,2.286975696e-13,8.023008668e-13,8.274166073e-13,5.807000594e-13,8.875235389e-13,2.111593696e-13,4.177379913e-13,8.440114533e-14,3.306472975e-14,8.142993053e-14,1.473145331e-13,1.69085679e-13,2.324476386e-13,2.967946555e-13,7.308352405e-14,1.619170721e-13,6.147750635e-14,5.825225092e-13,1.556027268e-14
13.1953125,1.712776579e-13,2.412049022e-13,3.154036273e-13,2.817493771e-13,1.771829045e-13,9.762360063e-14,4.466551797e-14,7.509496929e-14,2.824757633e-14,1.629600693e-13,1.712415241e-13,1.237700816e-13,1.743055058e-13,2.313135207e-13,8.081099909e-13,8.307677984e-13,5.844116496e-13,8.88576374e-13,2.113424833e-13,4.213819416e-13,8.501344728e-14,3.266878553e-14,8.106004226e-14,1.494605422e-13,1.691808016e-13,2.324218569e-13,2.960535323e-13,7.252161461e-14,1.599729428e-13,6.10682535e-14,5.791014572e-13,1.576535509e-14
13.203125,1.71828927e-13,2.392567319e-13,3.152814887e-13,2.823965592e-13,1.802133157e-13,9.799767407e-14,4.517441421e-14,7.659952262e-14,2.882945229e-14,1.625309907e-13,1.706124511e-13,1.24447689e-13,1.741826813e-13,2.339990462e-13,8.135924734e-13,8.336195174e-13,5.878529412e-13,8.893135533e-13,2.115531676e-13,4.243976427e-13,8.564188377e-14,3.23143421e-14,8.064516776e-14,1.516636987e-13,1.692180893e-13,2.322373154e-13,2.951874315e-13,7.197546531e-14,1.581661579e-13,6.065918267e-14,5.759021948e-13,1.595148021e-14
13.2109375,1.724547765e-13,2.370013587e-13,3.151698138e-13,2.831171773e-13,1.832858743e-13,9.849245026e-14,4.570700046e-14,7.819280303e-14,2.940294101e-14,1.620963861e-13,1.69978251e-13,1.251005765e-13,1.740225076e-13,2.367780326e-13,8.189908832e-13,8.361658371e-13,5.912031806e-13,8.897971867e-13,2.117101854e-13,4.269523119e-13,8.622927006e-14,3.196031215e-14,8.014376811e-14,1.538453186e-13,1.692154434e-13,2.319057077e-13,2.942429348e-13,7.131403028e-14,1.564953799e-13,6.021140562e-14,5.727651862e-13,1.610882691e-14
13.21875,1.729963545e-13,2.349002798e-13,3.151230638e-13,2.839803146e-13,1.862696046e-13,9.903697215e-14,4.625089614e-14,7.991847744e-14,3.002402042e-14,1.616142132e-13,1.69391516e-13,1.257177492e-13,1.738702209e-13,2.396210467e-13,8.244222823e-13,8.389013111e-13,5.945587462e-13,8.900905727e-13,2.11757559e-13,4.30036465e-13,8.680664944e-14,3.161173564e-14,7.962208777e-14,1.560166232e-13,1.691935105e-13,2.316488144e-13,2.933710463e-13,7.063942331e-14,1.549183353e-13,5.978723111e-14,5.697889478e-13,1.628643835e-14
13.2265625,1.735555576e-13,2.330432143e-13,3.153615391e-13,2.846348605e-13,1.892840687e-13,9.949823935e-14,4.678384888e-14,8.172289335e-14,3.071813992e-14,1.612114052e-13,1.689633732e-13,1.264322675e-13,1.737508981e-13,2.42556948e-13,8.29713558e-13,8.416810467e-13,5.978749956e-13,8.90454575e-13,2.118194927e-13,4.331352115e-13,8.743730916e-14,3.130762335e-14,7.915287081e-14,1.581998533e-13,1.692126533e-13,2.315164203e-13,2.925593671e-13,7.008103599e-14,1.534641676e-13,5.942558776e-14,5.672587533e-13,1.648944194e-14
13.234375,1.74359886e-13,2.311813478e-13,3.157854628e-13,2.852207153e-13,1.924959732e-13,9.999335786e-14,4.730191432e-14,8.356879679e-14,3.141392972e-14,1.608427522e-13,1.68660352e-13,1.272604565e-13,1.737152502e-13,2.456326926e-13,8.349309338e-13,8.443142829e-13,6.01272376e-13,8.910062417e-13,2.12039572e-13,4.356691196e-13,8.807977077e-14,3.10363566e-14,7.869219853e-14,1.603242735e-13,1.692687738e-13,2.31370081e-13,2.918006858e-13,6.96215707e-14,1.521159304e-13,5.909289597e-14,5.651029752e-13,1.668879879e-14
13.2421875,1.7537243e-13,2.293596039e-13,3.162533107e-13,2.860695521e-13,1.957605753e-13,1.006251952e-13,4.782170779e-14,8.547945341e-14,3.208521217e-14,1.603443007e-13,1.684230829e-13,1.280925297e-13,1.738133635e-13,2.48794455e-13,8.403627876e-13,8.471473456e-13,6.049137812e-13,8.915814087e-13,2.12371429e-13,4.383746178e-13,8.867313695e-14,3.075976846e-14,7.817107129e-14,1.624395088e-13,1.693169167e-13,2.311783599e-13,2.911136531e-13,6.920979257e-14,1.508177456e-13,5.877365945e-14,5.630732948e-13,1.687895294e-14
13.25,1.764293874e-13,2.276505208e-13,3.167322725e-13,2.86992626e-13,1.988633481e-13,1.013267186e-13,4.835860101e-14,8.746665116e-14,3.277797127e-14,1.598094606e-13,1.681746065e-13,1.288941473e-13,1.739061126e-13,2.518693304e-13,8.456969583e-13,8.500002798e-13,6.084314457e-13,8.917668278e-13,2.126340478e-13,4.414084641e-13,8.922011876e-14,3.048457851e-14,7.759262881e-14,1.645724297e-13,1.693103454e-13,2.309667428e-13,2.903547525e-13,6.8808032e-14,1.496216687e-13,5.843316951e-14,5.61022222e-13,1.707920111e-14
13.2578125,1.774036729e-13,2.2590233e-13,3.171246389e-13,2.877053591e-13,2.018018038e-13,1.020264446e-13,4.888004003e-14,8.952181132e-14,3.351613455e-14,1.593321901e-13,1.678561352e-13,1.297007236e-13,1.738325523e-13,2.547794327e-13,8.504251313e-13,8.522269326e-13,6.113607399e-13,8.911682798e-13,2.12754329e-13,4.441010664e-13,8.975879621e-14,3.023992537e-14,7.697353526e-14,1.666203212e-13,1.691862156e-13,2.306863559e-13,2.894478386e-13,6.835895453e-14,1.485402143e-13,5.804169306e-14,5.589395754e-13,1.729873229e-14
13.265625,1.782469819e-13,2.240096769e-13,3.175208391e-13,2.882512021e-13,2.046879786e-13,1.027117558e-13,4.936503521e-14,9.161861007e-14,3.428805511e-14,1.58796471e-13,1.675511307e-13,1.305319253e-13,1.736766831e-13,2.576830748e-13,8.54765895e-13,8.538945737e-13,6.138701507e-13,8.899530569e-13,2.12813651e-13,4.464188477e-13,9.031828942e-14,3.002306165e-14,7.630471347e-14,1.68595419e-13,1.689613299e-13,2.302911353e-13,2.88494332e-13,6.784519205e-14,1.474694947e-13,5.764383422e-14,5.570531057e-13,1.750839832e-14
13.2734375,1.790872702e-13,2.220215221e-13,3.181002688e-13,2.887482482e-13,2.075775124e-13,1.034453138e-13,4.986295835e-14,9.3737288e-14,3.50788094e-14,1.581988989e-13,1.672881178e-13,1.313732463e-13,1.735042373e-13,2.606709023e-13,8.589832341e-13,8.553196328e-13,6.162155329e-13,8.884449428e-13,2.128438416e-13,4.486328611e-13,9.089405816e-14,2.981894634e-14,7.55837056e-14,1.705545348e-13,1.686923862e-13,2.297623866e-13,2.874975424e-13,6.730457622e-14,1.464349244e-13,5.725027136e-14,5.554148219e-13,1.768680137e-14
13.28125,1.800534881e-13,2.199813702e-13,3.186958606e-13,2.892176688e-13,2.104328059e-13,1.042614186e-13,5.03832239e-14,9.592151741e-14,3.587185846e-14,1.576273448e-13,1.669488306e-13,1.321632555e-13,1.732271797e-13,2.635752312e-13,8.627838388e-13,8.56367298e-13,6.183539791e-13,8.865146977e-13,2.128196592e-13,4.507226859e-13,9.146214286e-14,2.962019034e-14,7.482082389e-14,1.724763478e-13,1.683435502e-13,2.290988206e-13,2.864123246e-13,6.675864514e-14,1.455060784e-13,5.683315324e-14,5.536385091e-13,1.786096701e-14
13.2890625,1.811584856e-13,2.17948209e-13,3.191650805e-13,2.896499477e-13,2.132893773e-13,1.050711877e-13,5.086867944e-14,9.819326027e-14,3.665700824e-14,1.57033435e-13,1.665868077e-13,1.328998066e-13,1.729154087e-13,2.663716923e-13,8.661205062e-13,8.570473039e-13,6.204035246e-13,8.842562311e-13,2.128116747e-13,4.526711574e-13,9.199695815e-14,2.942003755e-14,7.403720992e-14,1.743709035e-13,1.679120259e-13,2.283575505e-13,2.852955415e-13,6.624052704e-14,1.445966705e-13,5.643780819e-14,5.517326669e-13,1.804748699e-14
13.296875,1.823798321e-13,2.161156225e-13,3.197371225e-13,2.900955488e-13,2.1624396e-13,1.058711575e-13,5.131829112e-14,1.005003156e-13,3.746778006e-14,1.564000172e-13,1.663921782e-13,1.33715901e-13,1.727257716e-13,2.692751422e-13,8.693524611e-13,8.576368455e-13,6.224098306e-13,8.820763412e-13,2.128823185e-13,4.544968368e-13,9.250618264e-14,2.925243867e-14,7.326275271e-14,1.762285364e-13,1.67480552e-13,2.275966693e-13,2.84170106e-13,6.582440852e-14,1.437619046e-13,5.607992391e-14,5.502952021e-13,1.823282315e-14
13.3046875,1.835786207e-13,2.14486716e-13,3.204902821e-13,2.905929938e-13,2.19165742e-13,1.06761411e-13,5.177294948e-14,1.028563474e-13,3.835000196e-14,1.558029009e-13,1.662890856e-13,1.346519451e-13,1.726080039e-13,2.722405125e-13,8.72532109e-13,8.581655862e-13,6.241427431e-13,8.79751847e-13,2.1296443e-13,4.562667356e-13,9.30413604e-14,2.915973801e-14,7.249698171e-14,1.780405856e-13,1.670462732e-13,2.268111883e-13,2.830215383e-13,6.54732046e-14,1.43194107e-13,5.568918627e-14,5.49372104e-13,1.842166834e-14
13.3125,1.84689395e-13,2.126901925e-13,3.211795715e-13,2.910411744e-13,2.219152749e-13,1.077222906e-13,5.224067266e-14,1.053060424e-13,3.926833024e-14,1.552314676e-13,1.660359876e-13,1.355589423e-13,1.724587588e-13,2.750388284e-13,8.754501568e-13,8.584328572e-13,6.256733509e-13,8.769051376e-13,2.129935106e-13,4.580558452e-13,9.35802899e-14,2.908937923e-14,7.170692605e-14,1.798635317e-13,1.665628027e-13,2.259866413e-13,2.818350865e-13,6.503209753e-14,1.427516477e-13,5.525597182e-14,5.483578829e-13,1.862495162e-14
13.3203125,1.858803624e-13,2.106391443e-13,3.217276089e-13,2.914264687e-13,2.246495654e-13,1.087231269e-13,5.271669886e-14,1.077774529e-13,4.014958638e-14,1.546313217e-13,1.656408176e-13,1.363912883e-13,1.723049224e-13,2.777176363e-13,8.780426165e-13,8.582999711e-13,6.271712423e-13,8.737792163e-13,2.129861999e-13,4.597162989e-13,9.403701481e-14,2.897763473e-14,7.088815146e-14,1.816358611e-13,1.660483986e-13,2.251311477e-13,2.805464662e-13,6.450192873e-14,1.421926194e-13,5.481538215e-14,5.471247762e-13,1.883403614e-14
13.328125,1.871336399e-13,2.087033492e-13,3.223294062e-13,2.918886204e-13,2.27401857e-13,1.098056503e-13,5.318673531e-14,1.10230447e-13,4.100902582e-14,1.540139134e-13,1.652999976e-13,1.372630181e-13,1.72196895e-13,2.80397864e-13,8.803746738e-13,8.579024582e-13,6.284771368e-13,8.704909732e-13,2.129919674e-13,4.612115618e-13,9.446461099e-14,2.887720891e-14,7.006125961e-14,1.832611162e-13,1.655066776e-13,2.242575823e-13,2.792168517e-13,6.403981142e-14,1.416523705e-13,5.43603388e-14,5.460561217e-13,1.904214169e-14
13.3359375,1.882909601e-13,2.069640479e-13,3.231233808e-13,2.923435627e-13,2.300016486e-13,1.109259748e-13,5.364248924e-14,1.12741751e-13,4.190849957e-14,1.534098011e-13,1.650621067e-13,1.381944721e-13,1.721359611e-13,2.830272109e-13,8.824895699e-13,8.574579898e-13,6.295750431e-13,8.667871845e-13,2.130476369e-13,4.628029859e-13,9.496192551e-14,2.883960729e-14,6.921842881e-14,1.84815533e-13,1.649264145e-13,2.233830168e-13,2.779715911e-13,6.366980625e-14,1.412792463e-13,5.390428524e-14,5.452225964e-13,1.925819099e-14
13.34375,1.894274531e-13,2.052304318e-13,3.239847657e-13,2.926312373e-13,2.324709249e-13,1.120242579e-13,5.411001831e-14,1.152947388e-13,4.283386552e-14,1.528267192e-13,1.648088347e-13,1.391183899e-13,1.720986086e-13,2.855378484e-13,8.843267177e-13,8.568211403e-13,6.305613349e-13,8.627005773e-13,2.131071716e-13,4.644522164e-13,9.543985692e-14,2.881146056e-14,6.8357749e-14,1.863386558e-13,1.643252668e-13,2.225045305e-13,2.76686365e-13,6.329644854e-14,1.409580543e-13,5.345662497e-14,5.444209122e-13,1.949674926e-14
13.3515625,1.905571849e-13,2.034660333e-13,3.246529317e-13,2.928779622e-13,2.348196925e-13,1.13101332e-13,5.459332215e-14,1.178211772e-13,4.372497983e-14,1.522661759e-13,1.644427735e-13,1.399871334e-13,1.720859874e-13,2.878716284e-13,8.858952295e-13,8.558691222e-13,6.313296187e-13,8.583889984e-13,2.131123803e-13,4.658432778e-13,9.581389848e-14,2.874995115e-14,6.751356168e-14,1.877687861e-13,1.637170277e-13,2.215962177e-13,2.752785862e-13,6.287355405e-14,1.406548761e-13,5.296560474e-14,5.436146868e-13,1.975861714e-14
13.359375,1.915837214e-13,2.015868407e-13,3.251276738e-13,2.931675781e-13,2.369889004e-13,1.141402634e-13,5.507293106e-14,1.204117786e-13,4.460122237e-14,1.517463116e-13,1.639606774e-13,1.407665926e-13,1.721444734e-13,2.90069604e-13,8.873736785e-13,8.549379611e-13,6.319527183e-13,8.537926143e-13,2.131180184e-13,4.671218601e-13,9.620198883e-14,2.869178221e-14,6.668731413e-14,1.891385288e-13,1.631293268e-13,2.20665668e-13,2.739565619e-13,6.237934628e-14,1.404279744e-13,5.242921119e-14,5.428644296e-13,2.003460189e-14
13.3671875,1.925582713e-13,1.995610535e-13,3.256999065e-13,2.934008576e-13,2.390971273e-13,1.151713708e-13,5.556331577e-14,1.23138522e-13,4.553342675e-14,1.512638896e-13,1.634217668e-13,1.415220387e-13,1.722613909e-13,2.92252339e-13,8.886611835e-13,8.540455399e-13,6.324737567e-13,8.487775622e-13,2.131294347e-13,4.686247716e-13,9.666326037e-14,2.866273683e-14,6.584294977e-14,1.904823812e-13,1.625454862e-13,2.197389534e-13,2.726996093e-13,6.183720743e-14,1.402323297e-13,5.190917958e-14,5.421636107e-13,2.03239154e-14
13.375,1.934969995e-13,1.975730746e-13,3.264698843e-13,2.935915221e-13,2.411285115e-13,1.162611483e-13,5.60646455e-14,1.258737524e-13,4.647722961e-14,1.507316843e-13,1.628984442e-13,1.423485971e-13,1.723691619e-13,2.943037643e-13,8.894041376e-13,8.526922987e-13,6.326428041e-13,8.433034152e-13,2.13056895e-13,4.700836485e-13,9.705298182e-14,2.862979143e-14,6.497871692e-14,1.917610442e-13,1.618670042e-13,2.187943821e-13,2.712547763e-13,6.134216682e-14,1.400858258e-13,5.140118875e-14,5.414895104e-13,2.061423498e-14
13.3828125,1.944976611e-13,1.956329984e-13,3.272919141e-13,2.937411632e-13,2.430150184e-13,1.174028422e-13,5.654299777e-14,1.285445951e-13,4.733756345e-14,1.500841903e-13,1.624435845e-13,1.431820255e-13,1.725186298e-13,2.961692066e-13,8.897404594e-13,8.509322048e-13,6.326324118e-13,8.376027799e-13,2.129861548e-13,4.71114581e-13,9.730811955e-14,2.858181093e-14,6.410909156e-14,1.92986903e-13,1.611039772e-13,2.177945429e-13,2.697570666e-13,6.092067172e-14,1.400880686e-13,5.086294093e-14,5.408896607e-13,2.088956332e-14
13.390625,1.956978877e-13,1.937332809e-13,3.281397877e-13,2.937847308e-13,2.449182035e-13,1.185649899e-13,5.699924855e-14,1.312739029e-13,4.818467144e-14,1.494265858e-13,1.620484736e-13,1.439649977e-13,1.727957749e-13,2.98080083e-13,8.900558772e-13,8.492484176e-13,6.327158412e-13,8.317819926e-13,2.130250276e-13,4.719763246e-13,9.75736154e-14,2.856132769e-14,6.322498006e-14,1.941944285e-13,1.603515181e-13,2.16747008e-13,2.684591347e-13,6.051986081e-14,1.402190159e-13,5.030856715e-14,5.404350431e-13,2.117237336e-14
13.3984375,1.9673289e-13,1.920009755e-13,3.290065479e-13,2.938123627e-13,2.466477535e-13,1.196909788e-13,5.745778186e-14,1.341304919e-13,4.911672163e-14,1.488878426e-13,1.6159705e-13,1.447454422e-13,1.731015649e-13,2.998663092e-13,8.901637994e-13,8.474838793e-13,6.324110117e-13,8.253419464e-13,2.129762199e-13,4.730158664e-13,9.792229558e-14,2.856351169e-14,6.231879236e-14,1.953573002e-13,1.595546032e-13,2.156968274e-13,2.671897083e-13,6.009993637e-14,1.403845834e-13,4.97664731e-14,5.399813301e-13,2.148595808e-14
13.40625,1.973462105e-13,1.902030291e-13,3.297719419e-13,2.93872479e-13,2.478915024e-13,1.207376362e-13,5.791752529e-14,1.370305354e-13,5.005053157e-14,1.483624528e-13,1.610158118e-13,1.454600172e-13,1.733257027e-13,3.011727397e-13,8.897500647e-13,8.45245215e-13,6.314403889e-13,8.180958488e-13,2.127061738e-13,4.741871226e-13,9.824821652e-14,2.853634313e-14,6.139428134e-14,1.964050264e-13,1.586549943e-13,2.146956655e-13,2.65769257e-13,5.962750769e-14,1.405373468e-13,4.923178312e-14,5.392597221e-13,2.181921888e-14
13.4140625,1.980110409e-13,1.881672149e-13,3.305061733e-13,2.938602791e-13,2.490468446e-13,1.218066403e-13,5.835274354e-14,1.399293974e-13,5.092272398e-14,1.476338077e-13,1.604240151e-13,1.460668157e-13,1.735874916e-13,3.023249071e-13,8.889985332e-13,8.427193253e-13,6.303339755e-13,8.107126735e-13,2.12442235e-13,4.754896527e-13,9.853357269e-14,2.849678502e-14,6.047354452e-14,1.972964029e-13,1.577572557e-13,2.137646051e-13,2.643649845e-13,5.912803925e-14,1.406972177e-13,4.869192995e-14,5.38389231e-13,2.217162814e-14
13.421875,1.988811014e-13,1.862359042e-13,3.313812996e-13,2.937550404e-13,2.504372267e-13,1.22963312e-13,5.874884526e-14,1.428905347e-13,5.181970889e-14,1.467450349e-13,1.598771778e-13,1.467298722e-13,1.740269651e-13,3.036434753e-13,8.880540513e-13,8.401370661e-13,6.292911587e-13,8.034831638e-13,2.123274846e-13,4.769770791e-13,9.887575368e-14,2.84858084e-14,5.959951547e-14,1.981143585e-13,1.569056648e-13,2.128859461e-13,2.631169711e-13,5.866833216e-14,1.409420151e-13,4.814854571e-14,5.377463602e-13,2.255507252e-14
13.4296875,1.995537818e-13,1.844030859e-13,3.322817289e-13,2.935728774e-13,2.517186783e-13,1.241010432e-13,5.91405395e-14,1.459586686e-13,5.276559228e-14,1.459276723e-13,1.59215998e-13,1.474910958e-13,1.745982689e-13,3.047767467e-13,8.867369952e-13,8.373572943e-13,6.280329944e-13,7.959901668e-13,2.122352369e-13,4.785018006e-13,9.923454669e-14,2.847870741e-14,5.877138575e-14,1.989741541e-13,1.560376536e-13,2.12032531e-13,2.619480026e-13,5.819783692e-14,1.412807399e-13,4.760914209e-14,5.372876683e-13,2.296342786e-14
13.4375,2.001396595e-13,1.824272676e-13,3.330465663e-13,2.933584615e-13,2.527481368e-13,1.251999974e-13,5.954423572e-14,1.490898838e-13,5.368698533e-14,1.451748235e-13,1.584304207e-13,1.481937809e-13,1.752322606e-13,3.055390328e-13,8.850514254e-13,8.344355184e-13,6.266027613e-13,7.881336003e-13,2.120760893e-13,4.800092319e-13,9.954317891e-14,2.845855416e-14,5.793183667e-14,1.998508093e-13,1.551423355e-13,2.11162418e-13,2.60764668e-13,5.767119814e-14,1.416367468e-13,4.705912257e-14,5.366821216e-13,2.338743345e-14
13.4453125,2.010692805e-13,1.805889638e-13,3.338276977e-13,2.932674619e-13,2.537159305e-13,1.263810104e-13,5.991151147e-14,1.522249495e-13,5.458029042e-14,1.44305321e-13,1.577096175e-13,1.488359e-13,1.759304518e-13,3.062427244e-13,8.831824623e-13,8.316282486e-13,6.251926783e-13,7.801360889e-13,2.118457439e-13,4.815779183e-13,9.990888355e-14,2.845383856e-14,5.706094563e-14,2.006367955e-13,1.542188884e-13,2.102373867e-13,2.595563751e-13,5.71967512e-14,1.42044535e-13,4.64746721e-14,5.359212448e-13,2.382834158e-14
13.453125,2.023070961e-13,1.788512821e-13,3.348069558e-13,2.932517031e-13,2.547344625e-13,1.276950228e-13,6.026134723e-14,1.553775819e-13,5.549748629e-14,1.433519652e-13,1.570470641e-13,1.494984906e-13,1.766781676e-13,3.071007971e-13,8.811342127e-13,8.288463794e-13,6.238259344e-13,7.720852429e-13,2.115716139e-13,4.831677207e-13,1.003786362e-13,2.847095212e-14,5.620117017e-14,2.01261964e-13,1.532897775e-13,2.092950338e-13,2.583458141e-13,5.679320224e-14,1.42566463e-13,4.588652894e-14,5.351960723e-13,2.429584723e-14
13.4609375,2.035286878e-13,1.767428724e-13,3.358292923e-13,2.930711944e-13,2.558300856e-13,1.290497681e-13,6.066299425e-14,1.585890101e-13,5.642600724e-14,1.424344235e-13,1.562889352e-13,1.500887387e-13,1.774563594e-13,3.079596026e-13,8.788331469e-13,8.258876511e-13,6.224370135e-13,7.640158582e-13,2.113154291e-13,4.84776114e-13,1.008394958e-13,2.847203221e-14,5.538122501e-14,2.017203115e-13,1.524334885e-13,2.084142478e-13,2.571060695e-13,5.633532596e-14,1.430657768e-13,4.534623355e-14,5.344429295e-13,2.479008658e-14
13.46875,2.045477224e-13,1.745614956e-13,3.365983629e-13,2.927774464e-13,2.56728403e-13,1.302997553e-13,6.106041235e-14,1.618327749e-13,5.731388584e-14,1.414776657e-13,1.554139642e-13,1.505492146e-13,1.782827746e-13,3.0849094e-13,8.762280219e-13,8.227705401e-13,6.208021764e-13,7.557500699e-13,2.110379999e-13,4.86485029e-13,1.012775577e-13,2.842450221e-14,5.457997878e-14,2.020775958e-13,1.516049615e-13,2.076087251e-13,2.557978805e-13,5.583099631e-14,1.434828531e-13,4.482057444e-14,5.334883498e-13,2.529422849e-14
13.4765625,2.054801061e-13,1.727605999e-13,3.371984806e-13,2.925987404e-13,2.572328191e-13,1.315030216e-13,6.138780976e-14,1.65061452e-13,5.81946339e-14,1.403969792e-13,1.544761956e-13,1.510443485e-13,1.792295041e-13,3.087168409e-13,8.732500411e-13,8.194714651e-13,6.187874653e-13,7.470292789e-13,2.106942487e-13,4.882460314e-13,1.017572044e-13,2.837781957e-14,5.376874642e-14,2.024359061e-13,1.506939473e-13,2.068355746e-13,2.545113413e-13,5.537784481e-14,1.440834572e-13,4.424070671e-14,5.324879824e-13,2.5817235e-14
13.484375,2.065000799e-13,1.709986383e-13,3.380237099e-13,2.924878734e-13,2.576850183e-13,1.328858847e-13,6.171882638e-14,1.682892415e-13,5.913683954e-14,1.392642611e-13,1.535293818e-13,1.516643268e-13,1.80370689e-13,3.089939333e-13,8.700004471e-13,8.160394729e-13,6.166371228e-13,7.38039733e-13,2.103836646e-13,4.899809519e-13,1.02253341e-13,2.840640221e-14,5.296085318e-14,2.028547447e-13,1.497606822e-13,2.060683093e-13,2.533518068e-13,5.495733814e-14,1.449576498e-13,4.362475253e-14,5.317105115e-13,2.638142633e-14
13.4921875,2.074934426e-13,1.690383843e-13,3.390407616e-13,2.922481252e-13,2.581359353e-13,1.344115697e-13,6.209606376e-14,1.71547029e-13,6.007790286e-14,1.381332496e-13,1.526040426e-13,1.522179122e-13,1.816043947e-13,3.092299322e-13,8.666427733e-13,8.127451256e-13,6.145568997e-13,7.289987367e-13,2.101042045e-13,4.917135306e-13,1.027665003e-13,2.846090005e-14,5.219305942e-14,2.032306138e-13,1.488841219e-13,2.053047103e-13,2.522295977e-13,5.451222062e-14,1.45742501e-13,4.302676623e-14,5.30949439e-13,2.696914313e-14
13.5,2.083890266e-13,1.670374798e-13,3.398750436e-13,2.919186083e-13,2.582537183e-13,1.359142058e-13,6.246148064e-14,1.748452262e-13,6.09428932e-14,1.369434275e-13,1.516367665e-13,1.525624512e-13,1.827787786e-13,3.090981847e-13,8.630663228e-13,8.095525803e-13,6.124125326e-13,7.196852926e-13,2.097307763e-13,4.934868317e-13,1.033544165e-13,2.846304271e-14,5.146906393e-14,2.033667624e-13,1.48002053e-13,2.045295222e-13,2.510281371e-13,5.404683069e-14,1.462825888e-13,4.243650553e-14,5.298479733e-13,2.757150799e-14
13.5078125,2.093715051e-13,1.649556687e-13,3.406402843e-13,2.916824948e-13,2.581838772e-13,1.374705384e-13,6.279490977e-14,1.782048518e-13,6.18239409e-14,1.35654979e-13,1.505871333e-13,1.528471262e-13,1.839890678e-13,3.087477398e-13,8.592045878e-13,8.062942519e-13,6.101040588e-13,7.100307584e-13,2.092977845e-13,4.954104062e-13,1.039779863e-13,2.845150559e-14,5.076023754e-14,2.033535954e-13,1.470874435e-13,2.03740251e-13,2.498149272e-13,5.35947751e-14,1.469032853e-13,4.183128894e-14,5.285600096e-13,2.821616533e-14
13.515625,2.104405739e-13,1.628172069e-13,3.416229352e-13,2.914377652e-13,2.580499652e-13,1.390935391e-13,6.311784408e-14,1.816202673e-13,6.27747957e-14,1.343308705e-13,1.495028695e-13,1.531763926e-13,1.853256221e-13,3.082851026e-13,8.553155501e-13,8.032992035e-13,6.078093357e-13,7.003277952e-13,2.088822324e-13,4.976042327e-13,1.045664426e-13,2.844796796e-14,5.005024026e-14,2.034704919e-13,1.461859906e-13,2.030065441e-13,2.486749187e-13,5.317345304e-14,1.477324402e-13,4.123402618e-14,5.272811731e-13,2.89039013e-14
13.5234375,2.11449945e-13,1.607215277e-13,3.426283088e-13,2.910076451e-13,2.576509013e-13,1.406906904e-13,6.343735621e-14,1.850303499e-13,6.368801286e-14,1.32988443e-13,1.483942692e-13,1.534385202e-13,1.866851575e-13,3.075629807e-13,8.514558906e-13,8.007178097e-13,6.057049748e-13,6.907084076e-13,2.084720324e-13,4.999126722e-13,1.051758465e-13,2.841511701e-14,4.93525471e-14,2.036073304e-13,1.453047017e-13,2.023646205e-13,2.475740833e-13,5.277286335e-14,1.485285656e-13,4.065919978e-14,5.258119674e-13,2.961424068e-14
13.53125,2.12439926e-13,1.585870891e-13,3.435353722e-13,2.906893158e-13,2.571890453e-13,1.423950628e-13,6.3745843e-14,1.884282192e-13,6.454487913e-14,1.315094729e-13,1.472646766e-13,1.536201016e-13,1.881343082e-13,3.067554397e-13,8.473395896e-13,7.981364177e-13,6.037020233e-13,6.810777293e-13,2.080828948e-13,5.021708476e-13,1.058864812e-13,2.83848257e-14,4.868806633e-14,2.034920027e-13,1.444410445e-13,2.017208196e-13,2.46493534e-13,5.240994465e-14,1.492528189e-13,4.008656468e-14,5.241401129e-13,3.034424655e-14
13.5390625,2.134690404e-13,1.565338206e-13,3.444863774e-13,2.906976469e-13,2.567759848e-13,1.441963707e-13,6.402148221e-14,1.918988083e-13,6.544521023e-14,1.298685832e-13,1.461112298e-13,1.537986688e-13,1.897898018e-13,3.059451336e-13,8.428061769e-13,7.955120397e-13,6.015945085e-13,6.712686923e-13,2.076501955e-13,5.046828042e-13,1.066322773e-13,2.838166669e-14,4.80565904e-14,2.032586936e-13,1.435817476e-13,2.010527307e-13,2.45448404e-13,5.209307358e-14,1.500901699e-13,3.950181431e-14,5.224432091e-13,3.110843606e-14
13.546875,2.144823577e-13,1.546105908e-13,3.453502949e-13,2.906096302e-13,2.560415692e-13,1.458447705e-13,6.427592817e-14,1.954594915e-13,6.638886597e-14,1.28206489e-13,1.448318166e-13,1.539104908e-13,1.914656445e-13,3.048248249e-13,8.377906917e-13,7.930036203e-13,5.992827809e-13,6.611185017e-13,2.070563125e-13,5.076592591e-13,1.073111407e-13,2.836255413e-14,4.745042737e-14,2.030812577e-13,1.426867101e-13,2.004783847e-13,2.443651257e-13,5.173538357e-14,1.510139836e-13,3.890884044e-14,5.205479608e-13,3.193323176e-14
13.5546875,2.154245959e-13,1.524533009e-13,3.461322789e-13,2.902864669e-13,2.551004456e-13,1.474613176e-13,6.454803092e-14,1.990447369e-13,6.733373784e-14,1.26565001e-13,1.434367123e-13,1.539443437e-13,1.930824839e-13,3.034795925e-13,8.323172456e-13,7.90346668e-13,5.967703888e-13,6.507378997e-13,2.063841071e-13,5.107180107e-13,1.079906465e-13,2.834027355e-14,4.688181285e-14,2.028571112e-13,1.417725345e-13,2.000026856e-13,2.431718102e-13,5.13246644e-14,1.518608214e-13,3.832652706e-14,5.18358567e-13,3.281189298e-14
13.5625,2.163206305e-13,1.501226376e-13,3.47218378e-13,2.90129798e-13,2.543193423e-13,1.492963794e-13,6.482717657e-14,2.02685375e-13,6.832199552e-14,1.248875326e-13,1.421489811e-13,1.540222999e-13,1.948391311e-13,3.02281899e-13,8.268304496e-13,7.877513338e-13,5.942241133e-13,6.403979519e-13,2.057405866e-13,5.137312124e-13,1.087898594e-13,2.835346342e-14,4.636254811e-14,2.025885646e-13,1.408967935e-13,1.99544924e-13,2.419574539e-13,5.098747604e-14,1.526878766e-13,3.777789587e-14,5.162199388e-13,3.370795151e-14
13.5703125,2.172821494e-13,1.480387929e-13,3.485778428e-13,2.901140274e-13,2.53444674e-13,1.512124365e-13,6.510143109e-14,2.064317201e-13,6.933879993e-14,1.232007422e-13,1.410420018e-13,1.541052109e-13,1.967243262e-13,3.010782687e-13,8.216965159e-13,7.858959863e-13,5.919634386e-13,6.301660714e-13,2.050619807e-13,5.171071589e-13,1.096535247e-13,2.836945064e-14,4.588813035e-14,2.023534973e-13,1.400782647e-13,1.991335572e-13,2.408290326e-13,5.070675645e-14,1.536785085e-13,3.724388963e-14,5.142430125e-13,3.463277756e-14
13.578125,2.183419225e-13,1.459980133e-13,3.498250912e-13,2.900525559e-13,2.522576505e-13,1.531085783e-13,6.540312327e-14,2.101749482e-13,7.027259431e-14,1.215089817e-13,1.399060095e-13,1.540478365e-13,1.985673958e-13,2.99497671e-13,8.165614275e-13,7.845759402e-13,5.900689386e-13,6.200426861e-13,2.043051053e-13,5.208707311e-13,1.104886053e-13,2.834853399e-14,4.545260616e-14,2.020648659e-13,1.393021537e-13,1.98771804e-13,2.397112138e-13,5.037089134e-14,1.547531869e-13,3.668350259e-14,5.120538433e-13,3.561411181e-14
13.5859375,2.194608577e-13,1.436929663e-13,3.509534008e-13,2.901739129e-13,2.510192802e-13,1.551233896e-13,6.572820097e-14,2.138480399e-13,7.114665e-14,1.19748745e-13,1.385750325e-13,1.538958755e-13,2.004041361e-13,2.976379645e-13,8.109627736e-13,7.831849718e-13,5.882912381e-13,6.100101646e-13,2.034904548e-13,5.246994084e-13,1.113635698e-13,2.830614978e-14,4.5042578e-14,2.017353517e-13,1.385310039e-13,1.983890828e-13,2.384987089e-13,5.005034267e-14,1.556980348e-13,3.61164043e-14,5.09484559e-13,3.663967179e-14
13.59375,2.206837728e-13,1.413935008e-13,3.521677114e-13,2.904607416e-13,2.498099623e-13,1.572749645e-13,6.603446388e-14,2.175825345e-13,7.211516042e-14,1.179416706e-13,1.371532651e-13,1.537977861e-13,2.023633124e-13,2.95818155e-13,8.050195723e-13,7.818936476e-13,5.865149563e-13,5.99857586e-13,2.026509381e-13,5.286284941e-13,1.123472912e-13,2.828920402e-14,4.464664313e-14,2.015258813e-13,1.377416615e-13,1.980076743e-13,2.372585082e-13,4.98110889e-14,1.566503998e-13,3.557996854e-14,5.068599257e-13,3.770431539e-14
13.6015625,2.219396095e-13,1.392907704e-13,3.53500996e-13,2.906539963e-13,2.48454434e-13,1.594972417e-13,6.630724179e-14,2.214576137e-13,7.31719748e-14,1.161560005e-13,1.358549464e-13,1.537422867e-13,2.044644962e-13,2.939833039e-13,7.990937442e-13,7.81087753e-13,5.848657186e-13,5.895323067e-13,2.018410308e-13,5.328610158e-13,1.13363333e-13,2.830935102e-14,4.428302385e-14,2.014294259e-13,1.369592842e-13,1.976629943e-13,2.360827921e-13,4.957111346e-14,1.578261438e-13,3.504104964e-14,5.043805724e-13,3.881113231e-14
13.609375,2.230617872e-13,1.372966835e-13,3.548466813e-13,2.908910926e-13,2.469365058e-13,1.617847938e-13,6.656321726e-14,2.254004155e-13,7.418029174e-14,1.143724227e-13,1.34695172e-13,1.535830059e-13,2.066145405e-13,2.91862499e-13,7.933702034e-13,7.807806656e-13,5.833885663e-13,5.793057143e-13,2.01022666e-13,5.373611305e-13,1.14354864e-13,2.83160242e-14,4.396876244e-14,2.012937511e-13,1.361972231e-13,1.97315167e-13,2.34940368e-13,4.934111483e-14,1.590065629e-13,3.447158763e-14,5.017813307e-13,3.994793237e-14
13.6171875,2.241360743e-13,1.354104674e-13,3.56159181e-13,2.913833969e-13,2.453785895e-13,1.641662624e-13,6.683461013e-14,2.293520038e-13,7.514130028e-14,1.124942398e-13,1.33556795e-13,1.533025978e-13,2.087688614e-13,2.895839348e-13,7.879014291e-13,7.809139647e-13,5.820279374e-13,5.692759733e-13,2.001668655e-13,5.419748374e-13,1.153780774e-13,2.829958579e-14,4.36880986e-14,2.010520903e-13,1.354572596e-13,1.969839313e-13,2.33809775e-13,4.920463487e-14,1.600341241e-13,3.391985599e-14,4.989438071e-13,4.11166441e-14
13.625,2.253067447e-13,1.335610681e-13,3.576696509e-13,2.921262668e-13,2.438233428e-13,1.667061657e-13,6.712410677e-14,2.332838487e-13,7.611819998e-14,1.104808127e-13,1.324892657e-13,1.530464558e-13,2.110335752e-13,2.874333432e-13,7.826765267e-13,7.814516665e-13,5.80806793e-13,5.593104751e-13,1.993718771e-13,5.467728019e-13,1.164668865e-13,2.830559587e-14,4.342701334e-14,2.007724104e-13,1.34767077e-13,1.967540378e-13,2.327378053e-13,4.914577343e-14,1.61177268e-13,3.341970934e-14,4.961161452e-13,4.23245167e-14
13.6328125,2.265928803e-13,1.316520835e-13,3.594853602e-13,2.929900767e-13,2.42176632e-13,1.693637814e-13,6.740111228e-14,2.371861328e-13,7.707725092e-14,1.084624719e-13,1.315334379e-13,1.528178152e-13,2.134030594e-13,2.852281381e-13,7.775680384e-13,7.823760648e-13,5.798094806e-13,5.493830841e-13,1.985940676e-13,5.519268206e-13,1.175924008e-13,2.831332855e-14,4.319473576e-14,2.005152064e-13,1.341221098e-13,1.966452076e-13,2.317419863e-13,4.911649066e-14,1.624965529e-13,3.293805313e-14,4.932493422e-13,4.3579927e-14
13.640625,2.280770596e-13,1.297668408e-13,3.612527019e-13,2.937139394e-13,2.403895183e-13,1.720418473e-13,6.767939201e-14,2.4111551e-13,7.801550433e-14,1.065594183e-13,1.305338647e-13,1.524812529e-13,2.157480548e-13,2.827472597e-13,7.723783205e-13,7.836694007e-13,5.790686975e-13,5.395003235e-13,1.977059775e-13,5.571692218e-13,1.187488607e-13,2.829161372e-14,4.299595045e-14,2.002161357e-13,1.335066073e-13,1.965752895e-13,2.308127647e-13,4.906253472e-14,1.637841163e-13,3.243507851e-14,4.901131145e-13,4.489684424e-14
13.6484375,2.296459405e-13,1.278881035e-13,3.628802146e-13,2.943696693e-13,2.385107873e-13,1.748022034e-13,6.797796473e-14,2.451186368e-13,7.898359587e-14,1.046530055e-13,1.294788029e-13,1.520677827e-13,2.181297488e-13,2.801518758e-13,7.670656303e-13,7.852885251e-13,5.785087357e-13,5.296018782e-13,1.967785822e-13,5.623421563e-13,1.199247134e-13,2.827669593e-14,4.281686677e-14,1.998680402e-13,1.329360237e-13,1.964777589e-13,2.299137219e-13,4.894488734e-14,1.650914259e-13,3.190939422e-14,4.868662293e-13,4.626306735e-14
13.65625,2.310062595e-13,1.259129888e-13,3.647235067e-13,2.952891993e-13,2.36499237e-13,1.776766661e-13,6.825622696e-14,2.491731811e-13,7.994899661e-14,1.02609777e-13,1.28519802e-13,1.516647001e-13,2.205867625e-13,2.774765137e-13,7.618040918e-13,7.874058977e-13,5.780802314e-13,5.197190684e-13,1.958423061e-13,5.679878975e-13,1.210719787e-13,2.826060955e-14,4.26514568e-14,1.995984911e-13,1.323807741e-13,1.964405622e-13,2.289895801e-13,4.885055875e-14,1.664916969e-13,3.140204048e-14,4.835942693e-13,4.76684463e-14
13.6640625,2.323259118e-13,1.239243398e-13,3.668095294e-13,2.96305553e-13,2.343973963e-13,1.806335099e-13,6.851382948e-14,2.532229291e-13,8.086160483e-14,1.005000637e-13,1.276459002e-13,1.512246591e-13,2.230068697e-13,2.746631299e-13,7.567399023e-13,7.901675788e-13,5.779315251e-13,5.100404312e-13,1.94849042e-13,5.740171625e-13,1.222209285e-13,2.820845257e-14,4.251671881e-14,1.993659604e-13,1.318262555e-13,1.965225777e-13,2.280809117e-13,4.886090377e-14,1.678577219e-13,3.094158361e-14,4.801113936e-13,4.910689234e-14
13.671875,2.339744278e-13,1.219892228e-13,3.689327847e-13,2.972574968e-13,2.324486245e-13,1.837959592e-13,6.879306958e-14,2.572246531e-13,8.176056855e-14,9.839779412e-14,1.268233096e-13,1.507567466e-13,2.254892997e-13,2.719442342e-13,7.51867758e-13,7.933172744e-13,5.781649645e-13,5.007208561e-13,1.939311714e-13,5.796182477e-13,1.234782894e-13,2.816453343e-14,4.241623565e-14,1.990370139e-13,1.313418356e-13,1.965690711e-13,2.272186861e-13,4.8930781e-14,1.692039479e-13,3.04928266e-14,4.765385546e-13,5.053903125e-14
13.6796875,2.35860964e-13,1.200937387e-13,3.710667167e-13,2.984339314e-13,2.305994484e-13,1.871546522e-13,6.90584806e-14,2.612229478e-13,8.270297712e-14,9.629500267e-14,1.261112066e-13,1.503127255e-13,2.28125903e-13,2.693290974e-13,7.471263748e-13,7.967838722e-13,5.786035019e-13,4.916027275e-13,1.930974715e-13,5.85141946e-13,1.24867788e-13,2.815478461e-14,4.232334327e-14,1.987520199e-13,1.309139224e-13,1.96551085e-13,2.262987924e-13,4.905221101e-14,1.706097634e-13,3.003632656e-14,4.729978643e-13,5.199115975e-14
13.6875,2.377900735e-13,1.183131419e-13,3.732055239e-13,2.997262345e-13,2.285206892e-13,1.905334362e-13,6.927046569e-14,2.652911503e-13,8.36731789e-14,9.422129399e-14,1.255048972e-13,1.498207922e-13,2.307441961e-13,2.664887916e-13,7.425682987e-13,8.009754018e-13,5.79255017e-13,4.824894606e-13,1.921483321e-13,5.912947098e-13,1.26326495e-13,2.813172493e-14,4.223051785e-14,1.986463016e-13,1.304764307e-13,1.966947244e-13,2.253782796e-13,4.925658168e-14,1.720226637e-13,2.961623086e-14,4.692525301e-13,5.354617035e-14
13.6953125,2.397706363e-13,1.165959127e-13,3.755063328e-13,3.009065543e-13,2.262821877e-13,1.940362075e-13,6.948663116e-14,2.694052233e-13,8.460623255e-14,9.217566655e-14,1.250266123e-13,1.492701565e-13,2.333400823e-13,2.634934843e-13,7.384167553e-13,8.060773708e-13,5.805039128e-13,4.736352429e-13,1.911398393e-13,5.97563186e-13,1.277978479e-13,2.808079886e-14,4.216794621e-14,1.985364292e-13,1.301050276e-13,1.970277607e-13,2.246627387e-13,4.947531546e-14,1.734492826e-13,2.923645845e-14,4.653188318e-13,5.517107772e-14
13.703125,2.417573017e-13,1.147646528e-13,3.781658356e-13,3.023010466e-13,2.242105398e-13,1.977529699e-13,6.975842798e-14,2.735347728e-13,8.550825935e-14,9.008380444e-14,1.246664538e-13,1.487622275e-13,2.360303911e-13,2.606701084e-13,7.346416543e-13,8.118091046e-13,5.82344386e-13,4.652345002e-13,1.902186566e-13,6.036835334e-13,1.292440476e-13,2.803061726e-14,4.216333622e-14,1.983270261e-13,1.298475442e-13,1.973609855e-13,2.240273504e-13,4.96541299e-14,1.749304238e-13,2.885203684e-14,4.614191959e-13,5.680490306e-14
13.7109375,2.437674605e-13,1.128875195e-13,3.809656345e-13,3.039100656e-13,2.222887284e-13,2.014507406e-13,7.00556598e-14,2.776922009e-13,8.64664923e-14,8.793881405e-14,1.242565312e-13,1.482956773e-13,2.387459398e-13,2.579762242e-13,7.308022204e-13,8.178390785e-13,5.842994135e-13,4.569569448e-13,1.892871427e-13,6.101295136e-13,1.306826598e-13,2.800039593e-14,4.221738809e-14,1.982040279e-13,1.295961253e-13,1.976763235e-13,2.23260918e-13,4.98538358e-14,1.76472821e-13,2.84692093e-14,4.574805427e-13,5.84872494e-14
13.71875,2.458998723e-13,1.111317653e-13,3.837528818e-13,3.053583998e-13,2.203057729e-13,2.051007275e-13,7.033260868e-14,2.818512778e-13,8.747587645e-14,8.57998536e-14,1.238413289e-13,1.478058642e-13,2.414860526e-13,2.552252142e-13,7.268222152e-13,8.241707062e-13,5.863580715e-13,4.487156317e-13,1.882886237e-13,6.167429072e-13,1.321710483e-13,2.798986529e-14,4.23037772e-14,1.982232153e-13,1.293289304e-13,1.980320448e-13,2.225381384e-13,5.011372333e-14,1.781576394e-13,2.81221532e-14,4.534755615e-13,6.022290035e-14
13.7265625,2.480326462e-13,1.094501192e-13,3.867018287e-13,3.068488288e-13,2.18210106e-13,2.089255142e-13,7.058583436e-14,2.860401729e-13,8.843623775e-14,8.365688423e-14,1.236549248e-13,1.472624355e-13,2.442419337e-13,2.523897981e-13,7.231427391e-13,8.311615465e-13,5.888979483e-13,4.408258481e-13,1.87272996e-13,6.232620505e-13,1.336813078e-13,2.797087086e-14,4.239407239e-14,1.982203988e-13,1.291222298e-13,1.983582722e-13,2.219408458e-13,5.039649425e-14,1.799405538e-13,2.780863001e-14,4.49478869e-13,6.198151673e-14
13.734375,2.501095012e-13,1.077901952e-13,3.897551683e-13,3.086646756e-13,2.16067816e-13,2.129878411e-13,7.08405505e-14,2.903048618e-13,8.933054068e-14,8.146316383e-14,1.236384997e-13,1.466544153e-13,2.468764996e-13,2.495180349e-13,7.199011992e-13,8.389457708e-13,5.919306168e-13,4.332338271e-13,1.862481601e-13,6.298761145e-13,1.351331161e-13,2.793296279e-14,4.248808642e-14,1.981488987e-13,1.289566197e-13,1.986122316e-13,2.212223174e-13,5.071689013e-14,1.816189135e-13,2.750837583e-14,4.453454249e-13,6.378833191e-14
13.7421875,2.523497708e-13,1.06221949e-13,3.928357867e-13,3.106345857e-13,2.139535689e-13,2.172974753e-13,7.110487057e-14,2.94510128e-13,9.019711266e-14,7.925728866e-14,1.23671717e-13,1.460532364e-13,2.495350668e-13,2.467512595e-13,7.169926219e-13,8.473064475e-13,5.953863246e-13,4.257984753e-13,1.853002722e-13,6.364209626e-13,1.36541306e-13,2.791025695e-14,4.259210318e-14,1.981234289e-13,1.288097898e-13,1.988667875e-13,2.204195882e-13,5.115496732e-14,1.832360101e-13,2.720969087e-14,4.411016169e-13,6.5618791e-14
13.75,2.547693912e-13,1.047218842e-13,3.960959149e-13,3.126878078e-13,2.118733426e-13,2.21807717e-13,7.137512159e-14,2.985600271e-13,9.103770449e-14,7.709473374e-14,1.238339716e-13,1.455112666e-13,2.52352458e-13,2.441538449e-13,7.145124209e-13,8.56286182e-13,5.993716684e-13,4.187222729e-13,1.844422682e-13,6.427167896e-13,1.379868269e-13,2.790463868e-14,4.270479378e-14,1.981602215e-13,1.28733256e-13,1.992091286e-13,2.197966876e-13,5.168500146e-14,1.849851326e-13,2.692327509e-14,4.369659498e-13,6.742721119e-14
13.7578125,2.57202415e-13,1.032048966e-13,3.994881676e-13,3.14902462e-13,2.097730261e-13,2.263343173e-13,7.166820097e-14,3.026107126e-13,9.188124056e-14,7.494436962e-14,1.240770829e-13,1.449297804e-13,2.55014632e-13,2.415417006e-13,7.123950214e-13,8.660168196e-13,6.037264034e-13,4.11959222e-13,1.834863943e-13,6.490828999e-13,1.395010438e-13,2.788434189e-14,4.284257663e-14,1.981729904e-13,1.287119337e-13,1.996587081e-13,2.19299571e-13,5.219505234e-14,1.867930206e-13,2.66662327e-14,4.328048812e-13,6.927110396e-14
13.765625,2.597286387e-13,1.016915376e-13,4.029925729e-13,3.172424002e-13,2.076749398e-13,2.308931474e-13,7.198573535e-14,3.067436472e-13,9.275523173e-14,7.28063226e-14,1.243315151e-13,1.442659846e-13,2.57421867e-13,2.388366244e-13,7.104529991e-13,8.763153803e-13,6.082793974e-13,4.052725931e-13,1.824100279e-13,6.556926572e-13,1.410597496e-13,2.785607958e-14,4.301015661e-14,1.981981673e-13,1.28688842e-13,2.001487016e-13,2.187462594e-13,5.270513005e-14,1.885236309e-13,2.642543352e-14,4.284561879e-13,7.118593346e-14
13.7734375,2.624400371e-13,1.001942913e-13,4.06761848e-13,3.19655426e-13,2.056439269e-13,2.356360274e-13,7.230709327e-14,3.108469819e-13,9.360315719e-14,7.074953237e-14,1.247140726e-13,1.436008057e-13,2.598995768e-13,2.361803646e-13,7.087741283e-13,8.87130549e-13,6.132582963e-13,3.988325226e-13,1.81373943e-13,6.622637235e-13,1.426474544e-13,2.783245048e-14,4.317552686e-14,1.983284437e-13,1.286955708e-13,2.005953941e-13,2.181204554e-13,5.329204778e-14,1.902989538e-13,2.618602047e-14,4.240885415e-13,7.310687933e-14
13.78125,2.65246435e-13,9.865481737e-14,4.106473095e-13,3.221147433e-13,2.036572884e-13,2.4053884e-13,7.264448735e-14,3.14902905e-13,9.43806304e-14,6.874187683e-14,1.252310093e-13,1.429259248e-13,2.625296561e-13,2.335801296e-13,7.0744037e-13,8.98596279e-13,6.188008523e-13,3.928198646e-13,1.803929947e-13,6.684329755e-13,1.442628663e-13,2.779865285e-14,4.33314676e-14,1.985196595e-13,1.287849707e-13,2.009800242e-13,2.174784103e-13,5.390672067e-14,1.922524976e-13,2.59558427e-14,4.197398827e-13,7.500699295e-14
13.7890625,2.68117812e-13,9.714006054e-14,4.145573036e-13,3.246807989e-13,2.016612595e-13,2.455730927e-13,7.30105884e-14,3.189693284e-13,9.512795911e-14,6.67137291e-14,1.258377432e-13,1.421990485e-13,2.651863325e-13,2.309748264e-13,7.064617016e-13,9.107106923e-13,6.247754743e-13,3.870633081e-13,1.794237113e-13,6.742981828e-13,1.45858666e-13,2.775882629e-14,4.350949349e-14,1.987453419e-13,1.289375543e-13,2.013746978e-13,2.169448569e-13,5.451908649e-14,1.942862495e-13,2.573798682e-14,4.1530525e-13,7.694028978e-14
13.796875,2.710322014e-13,9.580671162e-14,4.187202751e-13,3.273894833e-13,1.99634955e-13,2.507547217e-13,7.338747986e-14,3.23013483e-13,9.587933988e-14,6.472822193e-14,1.266100242e-13,1.414697758e-13,2.678283547e-13,2.284486678e-13,7.059794279e-13,9.235246481e-13,6.311667908e-13,3.814741316e-13,1.784866399e-13,6.803090459e-13,1.473998789e-13,2.772640326e-14,4.371834329e-14,1.990853864e-13,1.291253428e-13,2.018849624e-13,2.165822085e-13,5.518746381e-14,1.962934553e-13,2.554739951e-14,4.108707509e-13,7.894182365e-14
13.8046875,2.73959722e-13,9.460599955e-14,4.230837042e-13,3.301339304e-13,1.975808987e-13,2.560607816e-13,7.379118143e-14,3.270131966e-13,9.662148234e-14,6.282686967e-14,1.274890747e-13,1.407630956e-13,2.703585846e-13,2.260352115e-13,7.059827966e-13,9.370644425e-13,6.380168913e-13,3.761530494e-13,1.775537055e-13,6.864070307e-13,1.48971596e-13,2.769083203e-14,4.393954565e-14,1.995032224e-13,1.293606505e-13,2.024858368e-13,2.162266213e-13,5.590228752e-14,1.983262205e-13,2.540134394e-14,4.064653042e-13,8.097327351e-14
13.8125,2.770006804e-13,9.336938344e-14,4.274786514e-13,3.329855348e-13,1.955309148e-13,2.615468251e-13,7.424048148e-14,3.310181701e-13,9.734522326e-14,6.093456262e-14,1.284019284e-13,1.4004744e-13,2.727512063e-13,2.2364337e-13,7.063468267e-13,9.512592297e-13,6.45322308e-13,3.711238253e-13,1.765823895e-13,6.922947657e-13,1.506424636e-13,2.764538632e-14,4.4158442e-14,1.999074048e-13,1.296428804e-13,2.030385466e-13,2.157813439e-13,5.662672549e-14,2.00395486e-13,2.526579013e-14,4.019660757e-13,8.299954033e-14
13.8203125,2.801345388e-13,9.213147175e-14,4.319428883e-13,3.36066267e-13,1.935038577e-13,2.671646746e-13,7.468288099e-14,3.350546285e-13,9.804988684e-14,5.90551117e-14,1.29464751e-13,1.393021267e-13,2.751512572e-13,2.212217685e-13,7.070732432e-13,9.662376067e-13,6.531581432e-13,3.663556622e-13,1.755850824e-13,6.98102522e-13,1.523190488e-13,2.759653301e-14,4.436831049e-14,2.003601939e-13,1.299563422e-13,2.035297111e-13,2.153778567e-13,5.736782193e-14,2.024268745e-13,2.511457636e-14,3.973768634e-13,8.505087349e-14
13.828125,2.832450923e-13,9.097592872e-14,4.363770727e-13,3.392383265e-13,1.91489679e-13,2.727499077e-13,7.508889543e-14,3.390918073e-13,9.871158338e-14,5.727086616e-14,1.306781215e-13,1.385234156e-13,2.775969287e-13,2.187860517e-13,7.080824452e-13,9.819674724e-13,6.61535615e-13,3.618681127e-13,1.746082322e-13,7.03731689e-13,1.538933826e-13,2.754400072e-14,4.457629579e-14,2.009173081e-13,1.303154857e-13,2.040594636e-13,2.150898951e-13,5.812391348e-14,2.044564887e-13,2.498434384e-14,3.927550944e-13,8.712706235e-14
13.8359375,2.864489145e-13,8.981192675e-14,4.408530746e-13,3.424979858e-13,1.895056909e-13,2.78400453e-13,7.551730531e-14,3.430783997e-13,9.931428938e-14,5.556244928e-14,1.31999089e-13,1.377503932e-13,2.799840114e-13,2.164062422e-13,7.094425824e-13,9.982247375e-13,6.703860383e-13,3.577079639e-13,1.737115116e-13,7.090164131e-13,1.55379431e-13,2.748900914e-14,4.479637096e-14,2.015464848e-13,1.307277015e-13,2.046644169e-13,2.148799451e-13,5.892672929e-14,2.06556235e-13,2.489619021e-14,3.88107973e-13,8.919762178e-14
13.84375,2.89802712e-13,8.866462032e-14,4.457062179e-13,3.458812998e-13,1.875987453e-13,2.842345794e-13,7.599874468e-14,3.470117733e-13,9.989960317e-14,5.385148784e-14,1.335819479e-13,1.370127109e-13,2.822363207e-13,2.14169655e-13,7.115376016e-13,1.015319581e-12,6.797890545e-13,3.538951961e-13,1.729000788e-13,7.144365069e-13,1.568772415e-13,2.744347976e-14,4.503090192e-14,2.022902553e-13,1.3117807e-13,2.053349847e-13,2.147553066e-13,5.981644679e-14,2.087110509e-13,2.483374222e-14,3.835232966e-13,9.132107457e-14
13.8515625,2.932004428e-13,8.772868703e-14,4.507409476e-13,3.491928005e-13,1.858347293e-13,2.90126308e-13,7.6493797e-14,3.509525321e-13,1.005142115e-13,5.212535561e-14,1.353977968e-13,1.362770998e-13,2.844022237e-13,2.120982602e-13,7.142901202e-13,1.033428948e-12,6.897849588e-13,3.504057518e-13,1.721507812e-13,7.200230801e-13,1.584882261e-13,2.742045999e-14,4.528255594e-14,2.03185984e-13,1.316819378e-13,2.060199949e-13,2.147031295e-13,6.076350018e-14,2.109174975e-13,2.479099824e-14,3.790819111e-13,9.352912795e-14
13.859375,2.967776546e-13,8.696940074e-14,4.556219897e-13,3.526312304e-13,1.842371379e-13,2.961121265e-13,7.698889414e-14,3.549230944e-13,1.011265482e-13,5.041084331e-14,1.372012642e-13,1.35567095e-13,2.866577525e-13,2.101767029e-13,7.171928233e-13,1.051896354e-12,7.001425879e-13,3.472083058e-13,1.714740657e-13,7.251575682e-13,1.601680306e-13,2.741453512e-14,4.555534612e-14,2.041503104e-13,1.322444989e-13,2.066559752e-13,2.14648872e-13,6.175399528e-14,2.131490939e-13,2.475674123e-14,3.747301351e-13,9.574227642e-14
13.8671875,3.005884513e-13,8.622162147e-14,4.606646895e-13,3.565124851e-13,1.826848086e-13,3.023129222e-13,7.751031685e-14,3.589070428e-13,1.016792143e-13,4.870977078e-14,1.390388396e-13,1.3494108e-13,2.890688876e-13,2.083608211e-13,7.20338101e-13,1.070659136e-12,7.107769916e-13,3.443109258e-13,1.708299566e-13,7.300199501e-13,1.617637444e-13,2.73945481e-14,4.583472851e-14,2.051214037e-13,1.328452145e-13,2.073377166e-13,2.145971895e-13,6.278431074e-14,2.153859398e-13,2.471947641e-14,3.704010327e-13,9.796271809e-14
13.875,3.043334601e-13,8.551604843e-14,4.660662637e-13,3.604323027e-13,1.810735771e-13,3.085986426e-13,7.805826992e-14,3.62916798e-13,1.02187542e-13,4.700869339e-14,1.410944428e-13,1.343339625e-13,2.915022675e-13,2.065850026e-13,7.241584044e-13,1.090493247e-12,7.219795482e-13,3.417834947e-13,1.701818522e-13,7.350073213e-13,1.632991659e-13,2.734932431e-14,4.610906521e-14,2.061297784e-13,1.335229944e-13,2.081742813e-13,2.146553281e-13,6.38152122e-14,2.177463213e-13,2.469975633e-14,3.660968442e-13,1.002482537e-13
13.8828125,3.079704649e-13,8.485113585e-14,4.71477212e-13,3.640756416e-13,1.795131301e-13,3.14889497e-13,7.86049259e-14,3.668784457e-13,1.026929619e-13,4.533265382e-14,1.432723519e-13,1.336663492e-13,2.938585341e-13,2.048729574e-13,7.284512264e-13,1.111100214e-12,7.336974925e-13,3.396063358e-13,1.695846091e-13,7.396191109e-13,1.649355087e-13,2.73116526e-14,4.638555182e-14,2.071996455e-13,1.342858078e-13,2.090155635e-13,2.148556394e-13,6.487872962e-14,2.202064571e-13,2.471867789e-14,3.618326888e-13,1.025312406e-13
13.890625,3.117109232e-13,8.411570925e-14,4.768144057e-13,3.678039745e-13,1.781305365e-13,3.212410993e-13,7.913961116e-14,3.706516994e-13,1.031731713e-13,4.3740312e-14,1.454652694e-13,1.329752745e-13,2.960948632e-13,2.032703683e-13,7.327617943e-13,1.131491477e-12,7.453543589e-13,3.375495941e-13,1.690120755e-13,7.435909937e-13,1.666496377e-13,2.729226374e-14,4.665544357e-14,2.082805948e-13,1.350179559e-13,2.09699416e-13,2.150776576e-13,6.601258717e-14,2.225642154e-13,2.477280425e-14,3.575769784e-13,1.047541646e-13
13.8984375,3.154749515e-13,8.339951681e-14,4.823331209e-13,3.718159267e-13,1.768896636e-13,3.27642392e-13,7.967761067e-14,3.743220894e-13,1.03606183e-13,4.223721991e-14,1.478008383e-13,1.323065881e-13,2.981906766e-13,2.017311297e-13,7.37212312e-13,1.152012442e-12,7.569643215e-13,3.355403865e-13,1.683868103e-13,7.47474362e-13,1.682881998e-13,2.726412854e-14,4.69005343e-14,2.09320875e-13,1.356882316e-13,2.103409885e-13,2.152332032e-13,6.715574719e-14,2.249164828e-13,2.48512851e-14,3.532841445e-13,1.069808424e-13
13.90625,3.190927244e-13,8.281170372e-14,4.880172181e-13,3.759888253e-13,1.75696002e-13,3.340882261e-13,8.022380143e-14,3.780884487e-13,1.0404145e-13,4.076652542e-14,1.50307383e-13,1.316670134e-13,3.002363834e-13,2.002296866e-13,7.421167994e-13,1.173488112e-12,7.691239503e-13,3.338200873e-13,1.677671676e-13,7.514269314e-13,1.69834979e-13,2.723079303e-14,4.713048677e-14,2.10401287e-13,1.364071384e-13,2.110917732e-13,2.153748389e-13,6.828688792e-14,2.274172121e-13,2.495102736e-14,3.489985695e-13,1.092547263e-13
13.9140625,3.226352523e-13,8.222616282e-14,4.93656144e-13,3.802129632e-13,1.744720583e-13,3.404922554e-13,8.075980507e-14,3.818509953e-13,1.044850244e-13,3.931717428e-14,1.528174332e-13,1.310456244e-13,3.022603137e-13,1.987811707e-13,7.473290431e-13,1.195515493e-12,7.817114911e-13,3.324315831e-13,1.67181733e-13,7.54887422e-13,1.714000994e-13,2.721094405e-14,4.735293286e-14,2.11607874e-13,1.371919799e-13,2.119117895e-13,2.155446791e-13,6.943354457e-14,2.298512721e-13,2.50874796e-14,3.447683993e-13,1.115605409e-13
13.921875,3.263694591e-13,8.160739073e-14,4.993099013e-13,3.843388104e-13,1.732622299e-13,3.468038643e-13,8.128993228e-14,3.854070698e-13,1.048582643e-13,3.793675736e-14,1.553583399e-13,1.304094815e-13,3.04180734e-13,1.974312223e-13,7.527037914e-13,1.217580941e-12,7.943494008e-13,3.312525722e-13,1.665912358e-13,7.575728832e-13,1.730855591e-13,2.719138656e-14,4.755894125e-14,2.1285094e-13,1.379904363e-13,2.127076267e-13,2.157173187e-13,7.06046257e-14,2.321721604e-13,2.526928883e-14,3.405277577e-13,1.138763705e-13
13.9296875,3.305154255e-13,8.110663186e-14,5.052679827e-13,3.883910546e-13,1.722834815e-13,3.532879114e-13,8.18469287e-14,3.888616493e-13,1.051759336e-13,3.662880285e-14,1.581202656e-13,1.298005457e-13,3.060738441e-13,1.963595419e-13,7.585459116e-13,1.240157427e-12,8.074362269e-13,3.304613474e-13,1.661125446e-13,7.598582899e-13,1.749210593e-13,2.717495125e-14,4.777401834e-14,2.140862748e-13,1.388411203e-13,2.134636963e-13,2.159289323e-13,7.186533733e-14,2.346621884e-13,2.54761851e-14,3.363550428e-13,1.161804226e-13
13.9375,3.348273648e-13,8.076316233e-14,5.11495524e-13,3.925042982e-13,1.716218866e-13,3.599691816e-13,8.242384843e-14,3.923773385e-13,1.055265062e-13,3.536218927e-14,1.610442028e-13,1.293068535e-13,3.080536002e-13,1.956420153e-13,7.649571833e-13,1.263484355e-12,8.211189541e-13,3.301755253e-13,1.658435748e-13,7.61979002e-13,1.768182208e-13,2.718483073e-14,4.803303065e-14,2.154064975e-13,1.397729017e-13,2.142121895e-13,2.162822766e-13,7.322836895e-14,2.373306047e-13,2.570106194e-14,3.325067243e-13,1.184857603e-13
13.9453125,3.388984131e-13,8.051490876e-14,5.175615962e-13,3.966237115e-13,1.71063692e-13,3.664699734e-13,8.298465708e-14,3.958545199e-13,1.058547084e-13,3.416151038e-14,1.639550803e-13,1.288567837e-13,3.099999359e-13,1.950235447e-13,7.716016215e-13,1.287125773e-12,8.348984589e-13,3.301725496e-13,1.656452069e-13,7.636523448e-13,1.786339156e-13,2.719803383e-14,4.830316146e-14,2.167654292e-13,1.407381885e-13,2.149765114e-13,2.167739035e-13,7.459798407e-14,2.400069997e-13,2.595988035e-14,3.288628446e-13,1.208131478e-13
13.953125,3.428669938e-13,8.027548378e-14,5.233630762e-13,4.008203595e-13,1.704161562e-13,3.728927414e-13,8.354888653e-14,3.991483863e-13,1.060655432e-13,3.307424564e-14,1.668753303e-13,1.283083166e-13,3.117670207e-13,1.943101615e-13,7.784204283e-13,1.311037231e-12,8.488687504e-13,3.303646149e-13,1.653731564e-13,7.648408985e-13,1.803460292e-13,2.718009636e-14,4.85257505e-14,2.181035738e-13,1.417152872e-13,2.157499218e-13,2.172466913e-13,7.597773681e-14,2.426719148e-13,2.625392456e-14,3.249873007e-13,1.23132714e-13
13.9609375,3.469602752e-13,7.991338277e-14,5.29307519e-13,4.052095321e-13,1.697231004e-13,3.795956893e-13,8.416930308e-14,4.022585244e-13,1.062133825e-13,3.209743868e-14,1.698675942e-13,1.277007523e-13,3.134292485e-13,1.936271537e-13,7.856662826e-13,1.335525971e-12,8.634521552e-13,3.308477021e-13,1.650381729e-13,7.658947243e-13,1.82067786e-13,2.714361946e-14,4.871182215e-14,2.195651251e-13,1.427356192e-13,2.165431386e-13,2.176824908e-13,7.738538398e-14,2.453026387e-13,2.658323296e-14,3.209396071e-13,1.254236889e-13
13.96875,3.509907767e-13,7.945370252e-14,5.3560933e-13,4.095640885e-13,1.690790708e-13,3.863580076e-13,8.485032085e-14,4.052329338e-13,1.063309885e-13,3.119729112e-14,1.729394808e-13,1.271542414e-13,3.151414002e-13,1.931142949e-13,7.93432667e-13,1.360639504e-12,8.785181469e-13,3.316434643e-13,1.647210651e-13,7.667759201e-13,1.838582676e-13,2.710274504e-14,4.892072995e-14,2.211533165e-13,1.438435556e-13,2.17419173e-13,2.183211078e-13,7.873175241e-14,2.479143237e-13,2.695713948e-14,3.171699023e-13,1.277163296e-13
13.9765625,3.548893746e-13,7.910054084e-14,5.420561311e-13,4.138285815e-13,1.684770489e-13,3.929584831e-13,8.555260422e-14,4.081243898e-13,1.063619204e-13,3.034672858e-14,1.76113618e-13,1.266721904e-13,3.168948547e-13,1.927587697e-13,8.016740302e-13,1.386314584e-12,8.938230569e-13,3.32752741e-13,1.644963216e-13,7.672431602e-13,1.856799929e-13,2.705294348e-14,4.915586007e-14,2.226757977e-13,1.450178281e-13,2.183801895e-13,2.191852393e-13,8.008262836e-14,2.505543974e-13,2.73706044e-14,3.13686586e-13,1.300322361e-13
13.984375,3.58754406e-13,7.894794202e-14,5.484390518e-13,4.182992806e-13,1.679384422e-13,3.995934538e-13,8.623106501e-14,4.110002224e-13,1.063580662e-13,2.95582355e-14,1.793503922e-13,1.262072001e-13,3.185599241e-13,1.924925938e-13,8.102041251e-13,1.412342846e-12,9.091691217e-13,3.341125264e-13,1.643514785e-13,7.67465594e-13,1.87531681e-13,2.700607954e-14,4.935155105e-14,2.241869809e-13,1.461533374e-13,2.192938047e-13,2.199817548e-13,8.158775378e-14,2.531339535e-13,2.781457117e-14,3.10203548e-13,1.323451286e-13
13.9921875,3.625273062e-13,7.892627733e-14,5.546951464e-13,4.22940887e-13,1.675624535e-13,4.062152759e-13,8.686749412e-14,4.138968822e-13,1.063944275e-13,2.888595671e-14,1.826259447e-13,1.257342184e-13,3.201146164e-13,1.922483897e-13,8.187831568e-13,1.438417177e-12,9.244004215e-13,3.356467051e-13,1.642056846e-13,7.67557603e-13,1.894113776e-13,2.696328503e-14,4.949181372e-14,2.258795201e-13,1.472382269e-13,2.200836437e-13,2.207101504e-13,8.313284804e-14,2.556631938e-13,2.82810716e-14,3.067101579e-13,1.346122551e-13
14,3.662285934e-13,7.892213025e-14,5.60784631e-13,4.274504446e-13,1.672708209e-13,4.126305661e-13,8.750203901e-14,4.167693718e-13,1.063993232e-13,2.832990752e-14,1.859763465e-13,1.252176656e-13,3.215728697e-13,1.919977162e-13,8.274779009e-13,1.464608483e-12,9.397939304e-13,3.373587634e-13,1.640171824e-13,7.672319866e-13,1.912519386e-13,2.689752724e-14,4.964331423e-14,2.276950925e-13,1.483664075e-13,2.208582555e-13,2.21574761e-13,8.455820092e-14,2.582386034e-13,2.87584502e-14,3.032430274e-13,1.368407768e-13
14.0078125,3.698664936e-13,7.887909029e-14,5.66872553e-13,4.318421312e-13,1.668684788e-13,4.190345578e-13,8.818786589e-14,4.194699632e-13,1.063063887e-13,2.782319029e-14,1.89361834e-13,1.246722778e-13,3.229047039e-13,1.917974099e-13,8.365023443e-13,1.491101253e-12,9.555024694e-13,3.391800178e-13,1.638210461e-13,7.663948931e-13,1.930769597e-13,2.681031226e-14,4.98257436e-14,2.294601712e-13,1.495247314e-13,2.217055116e-13,2.224637036e-13,8.59818256e-14,2.608027437e-13,2.926886587e-14,2.997594134e-13,1.390680165e-13
14.015625,3.733078248e-13,7.889756355e-14,5.733629957e-13,4.363564398e-13,1.664672637e-13,4.256448917e-13,8.891826834e-14,4.218589209e-13,1.061303285e-13,2.736051994e-14,1.928264929e-13,1.242016187e-13,3.242717554e-13,1.917938655e-13,8.459127237e-13,1.517839134e-12,9.712982053e-13,3.412104135e-13,1.637248715e-13,7.65311997e-13,1.949955384e-13,2.673445264e-14,4.999467033e-14,2.311245991e-13,1.506633593e-13,2.225723734e-13,2.233769424e-13,8.757142627e-14,2.634455638e-13,2.985540482e-14,2.964538173e-13,1.412735147e-13
14.0234375,3.766156495e-13,7.905412337e-14,5.801964832e-13,4.410616872e-13,1.662728828e-13,4.322731653e-13,8.963332045e-14,4.239957017e-13,1.05878715e-13,2.698482127e-14,1.964725637e-13,1.238392316e-13,3.257853735e-13,1.920054842e-13,8.555954841e-13,1.544795335e-12,9.872511512e-13,3.436748165e-13,1.637419736e-13,7.64116511e-13,1.969773355e-13,2.666967559e-14,5.015180046e-14,2.3274057e-13,1.518201881e-13,2.234325928e-13,2.246232413e-13,8.926951349e-14,2.662553623e-13,3.050729629e-14,2.934120776e-13,1.434334196e-13
14.03125,3.798212418e-13,7.922083094e-14,5.866862207e-13,4.457962651e-13,1.661516623e-13,4.385760227e-13,9.027518193e-14,4.260894786e-13,1.05604941e-13,2.668971303e-14,2.001227022e-13,1.234797254e-13,3.271632712e-13,1.921696564e-13,8.651889169e-13,1.571799361e-12,1.003297485e-12,3.462385975e-13,1.636907206e-13,7.627418541e-13,1.989200285e-13,2.658637944e-14,5.031896105e-14,2.343882049e-13,1.529638165e-13,2.243354119e-13,2.260936415e-13,9.089800033e-14,2.688875762e-13,3.117553271e-14,2.902863516e-13,1.455847329e-13
14.0390625,3.828139555e-13,7.935263205e-14,5.926829579e-13,4.504353946e-13,1.659989772e-13,4.445247946e-13,9.085758221e-14,4.282185651e-13,1.05368268e-13,2.647899557e-14,2.036570269e-13,1.230690148e-13,3.283384705e-13,1.922223813e-13,8.745339995e-13,1.598599114e-12,1.019071747e-12,3.485997068e-13,1.635432656e-13,7.611093376e-13,2.008595696e-13,2.648415137e-14,5.048372712e-14,2.360727983e-13,1.540552199e-13,2.252872135e-13,2.274664572e-13,9.242554043e-14,2.712938181e-13,3.185162363e-14,2.869833553e-13,1.477102344e-13
14.046875,3.858383858e-13,7.958569943e-14,5.987716349e-13,4.550823959e-13,1.659484716e-13,4.504418521e-13,9.145672295e-14,4.302667465e-13,1.051046581e-13,2.638369143e-14,2.07320383e-13,1.226600401e-13,3.296500334e-13,1.924860214e-13,8.840851669e-13,1.625455001e-12,1.034862842e-12,3.512678373e-13,1.635104248e-13,7.590664204e-13,2.028655486e-13,2.638778866e-14,5.064819504e-14,2.37731535e-13,1.552016395e-13,2.262343795e-13,2.289497113e-13,9.400832278e-14,2.739648836e-13,3.256026436e-14,2.838515246e-13,1.497403899e-13
14.0546875,3.890383224e-13,7.990794453e-14,6.049631671e-13,4.598758766e-13,1.659900377e-13,4.563859857e-13,9.207402381e-14,4.321581383e-13,1.047571709e-13,2.636672095e-14,2.111623941e-13,1.22240156e-13,3.310165344e-13,1.929373854e-13,8.940187523e-13,1.652535337e-12,1.050915285e-12,3.543687143e-13,1.635882174e-13,7.565522805e-13,2.04895351e-13,2.629732276e-14,5.081067391e-14,2.393743131e-13,1.564082906e-13,2.271276792e-13,2.307506291e-13,9.569742886e-14,2.76807882e-13,3.329946106e-14,2.808733792e-13,1.517134929e-13
14.0625,3.920284169e-13,8.020603391e-14,6.108025119e-13,4.647468664e-13,1.660921014e-13,4.61983671e-13,9.26359946e-14,4.339416685e-13,1.043774568e-13,2.637717937e-14,2.149464604e-13,1.21769454e-13,3.321161682e-13,1.932423252e-13,9.038679661e-13,1.679381801e-12,1.06665604e-12,3.573213052e-13,1.636062751e-13,7.537913825e-13,2.069180454e-13,2.619087139e-14,5.095111243e-14,2.410388162e-13,1.575355528e-13,2.280047128e-13,2.326249749e-13,9.73447606e-14,2.79328867e-13,3.404887718e-14,2.777528647e-13,1.537194792e-13
14.0703125,3.947371838e-13,8.054048259e-14,6.164384504e-13,4.695278049e-13,1.663378886e-13,4.67163903e-13,9.31494199e-14,4.356438733e-13,1.039956717e-13,2.644675115e-14,2.186634261e-13,1.213328076e-13,3.331579424e-13,1.93536103e-13,9.135361739e-13,1.705918972e-12,1.082016162e-12,3.602421181e-13,1.635994031e-13,7.509089183e-13,2.090137355e-13,2.606375867e-14,5.109919444e-14,2.426843134e-13,1.586250903e-13,2.289788127e-13,2.345414042e-13,9.892740519e-14,2.817321664e-13,3.48247601e-14,2.746463845e-13,1.55739107e-13
14.078125,3.974070204e-13,8.100451888e-14,6.220583999e-13,4.742641977e-13,1.665834715e-13,4.722208799e-13,9.365563991e-14,4.37252982e-13,1.035999283e-13,2.661113787e-14,2.224173472e-13,1.209852754e-13,3.343799738e-13,1.940006138e-13,9.232694191e-13,1.732507193e-12,1.097424945e-12,3.635367776e-13,1.636258249e-13,7.477698126e-13,2.112147422e-13,2.592664998e-14,5.127731816e-14,2.442674907e-13,1.59790639e-13,2.30055807e-13,2.367102227e-13,1.005785103e-13,2.843366596e-13,3.565830195e-14,2.718037258e-13,1.576974344e-13
14.0859375,3.998566581e-13,8.152621558e-14,6.273734024e-13,4.791709684e-13,1.667127577e-13,4.771547316e-13,9.413446305e-14,4.387886628e-13,1.031901427e-13,2.684632091e-14,2.261508996e-13,1.206221437e-13,3.355658845e-13,1.943607881e-13,9.329483411e-13,1.758977333e-12,1.112585992e-12,3.668758468e-13,1.636114572e-13,7.444137534e-13,2.134032537e-13,2.578425186e-14,5.144077822e-14,2.457852826e-13,1.609558513e-13,2.311293599e-13,2.38986957e-13,1.022478607e-13,2.868499221e-13,3.652764803e-14,2.690338698e-13,1.595890061e-13
14.09375,4.019604601e-13,8.201917739e-14,6.324788288e-13,4.841885691e-13,1.669309415e-13,4.818447906e-13,9.460894535e-14,4.402720034e-13,1.027656078e-13,2.713534675e-14,2.297956549e-13,1.202002439e-13,3.366056712e-13,1.946225489e-13,9.425918514e-13,1.785203218e-12,1.12735617e-12,3.700964201e-13,1.635488673e-13,7.410631237e-13,2.155326477e-13,2.563781788e-14,5.15848568e-14,2.472540311e-13,1.620598596e-13,2.322038875e-13,2.411756398e-13,1.03812083e-13,2.891076976e-13,3.740055285e-14,2.661823275e-13,1.614700495e-13
14.1015625,4.039761658e-13,8.257653006e-14,6.377864074e-13,4.891277079e-13,1.672804987e-13,4.864184895e-13,9.511390508e-14,4.417284723e-13,1.02351808e-13,2.74905659e-14,2.334127124e-13,1.198290897e-13,3.376886168e-13,1.951320597e-13,9.526092781e-13,1.81171206e-12,1.142354546e-12,3.735690149e-13,1.635111712e-13,7.377742896e-13,2.177490754e-13,2.548823489e-14,5.174300012e-14,2.487165717e-13,1.631863518e-13,2.333641481e-13,2.434741475e-13,1.054176002e-13,2.91372332e-13,3.830780535e-14,2.634465248e-13,1.633660323e-13
14.109375,4.06001734e-13,8.331941465e-14,6.43221551e-13,4.941833819e-13,1.676747112e-13,4.90890119e-13,9.557321235e-14,4.431543569e-13,1.019449341e-13,2.791234929e-14,2.371834495e-13,1.195496156e-13,3.389218903e-13,1.958416553e-13,9.629887101e-13,1.838630743e-12,1.15766076e-12,3.773653359e-13,1.63582541e-13,7.344437972e-13,2.20105033e-13,2.534046277e-14,5.189042078e-14,2.501662064e-13,1.643633474e-13,2.346019395e-13,2.46072381e-13,1.072157372e-13,2.937301723e-13,3.927518223e-14,2.609572041e-13,1.652385625e-13
14.1171875,4.079997963e-13,8.408483709e-14,6.485124759e-13,4.994564627e-13,1.682739565e-13,4.951065584e-13,9.596016433e-14,4.444437456e-13,1.014695483e-13,2.841031106e-14,2.411024984e-13,1.192825988e-13,3.401905149e-13,1.965491346e-13,9.731938189e-13,1.865269712e-12,1.172716158e-12,3.812889809e-13,1.637651431e-13,7.309307285e-13,2.224273298e-13,2.520678087e-14,5.200841049e-14,2.515571809e-13,1.655204797e-13,2.358656226e-13,2.488369129e-13,1.090106517e-13,2.960184565e-13,4.026241804e-14,2.585935004e-13,1.670626963e-13
14.125,4.098804856e-13,8.463774194e-14,6.535280371e-13,5.045630778e-13,1.69044189e-13,4.990564719e-13,9.636597238e-14,4.455448392e-13,1.009405199e-13,2.901663435e-14,2.448096205e-13,1.189762163e-13,3.412609942e-13,1.972264235e-13,9.829593498e-13,1.891340416e-12,1.187383866e-12,3.851943746e-13,1.638514049e-13,7.272357723e-13,2.246047855e-13,2.507480618e-14,5.212467699e-14,2.529307698e-13,1.666125813e-13,2.371237437e-13,2.516163198e-13,1.106046375e-13,2.981436091e-13,4.124608651e-14,2.561891344e-13,1.68848776e-13
14.1328125,4.114020398e-13,8.518105958e-14,6.581597316e-13,5.094748541e-13,1.696836277e-13,5.027299374e-13,9.677797044e-14,4.465498786e-13,1.004437807e-13,2.971728754e-14,2.482193578e-13,1.186225643e-13,3.420782547e-13,1.977596594e-13,9.926310993e-13,1.917539021e-12,1.201942198e-12,3.890458388e-13,1.637209845e-13,7.236089248e-13,2.267389321e-13,2.490772661e-14,5.224308697e-14,2.543099314e-13,1.676726497e-13,2.38377331e-13,2.544786464e-13,1.121507552e-13,3.001773771e-13,4.226297355e-14,2.536805135e-13,1.70581681e-13
14.140625,4.126452767e-13,8.60423427e-14,6.625879782e-13,5.146242748e-13,1.702180431e-13,5.060932679e-13,9.710745871e-14,4.474831763e-13,9.994653669e-14,3.047034732e-14,2.517216724e-13,1.182311925e-13,3.428586527e-13,1.981640249e-13,1.002599085e-12,1.944313641e-12,1.216472067e-12,3.930240899e-13,1.635656415e-13,7.201382814e-13,2.289793029e-13,2.471257507e-14,5.235316208e-14,2.556116965e-13,1.687456535e-13,2.397107869e-13,2.575063538e-13,1.138545304e-13,3.02218298e-13,4.334647897e-14,2.511655677e-13,1.722713681e-13
14.1484375,4.13874762e-13,8.706086977e-14,6.671084635e-13,5.200006664e-13,1.70809805e-13,5.092945707e-13,9.737830554e-14,4.482794001e-13,9.94038664e-14,3.129619846e-14,2.55399183e-13,1.178537231e-13,3.436799902e-13,1.986721082e-13,1.012638717e-12,1.970864684e-12,1.23060614e-12,3.970729127e-13,1.634790185e-13,7.165573102e-13,2.313645031e-13,2.453220915e-14,5.244020355e-14,2.56841978e-13,1.697641506e-13,2.411507705e-13,2.605778675e-13,1.156761428e-13,3.041359795e-13,4.449157447e-14,2.48782317e-13,1.739710547e-13
14.15625,4.148846404e-13,8.798059111e-14,6.715508506e-13,5.252936864e-13,1.714107715e-13,5.124102901e-13,9.762653055e-14,4.489285406e-13,9.885344637e-14,3.220508891e-14,2.589977569e-13,1.175135926e-13,3.444142172e-13,1.992615098e-13,1.022279766e-12,1.996362155e-12,1.243995507e-12,4.008435825e-13,1.633472193e-13,7.127166275e-13,2.338103384e-13,2.43629619e-14,5.246877199e-14,2.580583528e-13,1.706322732e-13,2.425359924e-13,2.635774608e-13,1.175004941e-13,3.057527804e-13,4.566607763e-14,2.465111895e-13,1.756329503e-13
14.1640625,4.155171152e-13,8.892721397e-14,6.756364982e-13,5.304589361e-13,1.720725252e-13,5.153013932e-13,9.781955153e-14,4.49431176e-13,9.827945421e-14,3.314120966e-14,2.625007083e-13,1.171657623e-13,3.45087477e-13,1.998153821e-13,1.031512661e-12,2.021118902e-12,1.256889025e-12,4.044412901e-13,1.631945529e-13,7.086887958e-13,2.362221502e-13,2.417581946e-14,5.245256128e-14,2.591712324e-13,1.714081549e-13,2.437597189e-13,2.666089488e-13,1.193104382e-13,3.072266925e-13,4.684208464e-14,2.44293496e-13,1.771509456e-13
14.171875,4.160561368e-13,8.994047673e-14,6.794386786e-13,5.355539539e-13,1.728964688e-13,5.179285832e-13,9.797464534e-14,4.498059112e-13,9.766765432e-14,3.412836819e-14,2.65904342e-13,1.168051108e-13,3.457808705e-13,2.00438433e-13,1.040425188e-12,2.045368682e-12,1.269476981e-12,4.08098421e-13,1.630647449e-13,7.044853632e-13,2.385675483e-13,2.398009751e-14,5.244875511e-14,2.601313657e-13,1.721690703e-13,2.449313606e-13,2.69718562e-13,1.21100387e-13,3.087058319e-13,4.802945569e-14,2.421905916e-13,1.785512314e-13
14.1796875,4.16504108e-13,9.083324526e-14,6.830361388e-13,5.406857487e-13,1.737543514e-13,5.203200409e-13,9.812410207e-14,4.501079696e-13,9.707322209e-14,3.524804395e-14,2.69085432e-13,1.164683571e-13,3.464161425e-13,2.010816855e-13,1.048817715e-12,2.068615378e-12,1.281325236e-12,4.115802066e-13,1.628379776e-13,7.002026765e-13,2.408509438e-13,2.378595147e-14,5.245311819e-14,2.610481014e-13,1.728613363e-13,2.461653885e-13,2.727899094e-13,1.228361281e-13,3.100536868e-13,4.924854519e-14,2.401885738e-13,1.799092142e-13
14.1875,4.166406587e-13,9.173309787e-14,6.863884032e-13,5.459830489e-13,1.745539088e-13,5.223829618e-13,9.821826236e-14,4.502988507e-13,9.64828515e-14,3.645409553e-14,2.72163994e-13,1.161403803e-13,3.46955268e-13,2.01564003e-13,1.056777241e-12,2.091060481e-12,1.292379387e-12,4.148628809e-13,1.624953492e-13,6.960913858e-13,2.431420969e-13,2.358146777e-14,5.242495893e-14,2.619491248e-13,1.734640071e-13,2.474601823e-13,2.759026651e-13,1.245763338e-13,3.113181381e-13,5.049752038e-14,2.381629603e-13,1.812186831e-13
14.1953125,4.16573357e-13,9.285083255e-14,6.894838012e-13,5.51300949e-13,1.753690365e-13,5.240964028e-13,9.822442041e-14,4.503327238e-13,9.586278344e-14,3.766825102e-14,2.752467441e-13,1.158020189e-13,3.474406478e-13,2.019881255e-13,1.064672548e-12,2.113453854e-12,1.303203669e-12,4.182382639e-13,1.621469246e-13,6.921510738e-13,2.4550876e-13,2.337384891e-14,5.236652386e-14,2.62786903e-13,1.740320283e-13,2.487754947e-13,2.792244961e-13,1.264066114e-13,3.126077245e-13,5.177459846e-14,2.361481886e-13,1.824803572e-13
14.203125,4.162892898e-13,9.394502561e-14,6.922635199e-13,5.564628397e-13,1.76171475e-13,5.255549136e-13,9.819435267e-14,4.502915334e-13,9.524671839e-14,3.892556291e-14,2.781782575e-13,1.154533929e-13,3.478137377e-13,2.024532956e-13,1.07245508e-12,2.135635403e-12,1.313858416e-12,4.216085159e-13,1.617740857e-13,6.881050857e-13,2.478700203e-13,2.316551331e-14,5.230361504e-14,2.635882965e-13,1.745529911e-13,2.500670441e-13,2.826237432e-13,1.282355983e-13,3.136405457e-13,5.30779989e-14,2.342175048e-13,1.836984552e-13
14.2109375,4.155578696e-13,9.48408153e-14,6.948126175e-13,5.615879644e-13,1.768734853e-13,5.268174115e-13,9.816595229e-14,4.502183618e-13,9.461393343e-14,4.025368367e-14,2.809793429e-13,1.150555622e-13,3.480373726e-13,2.028203648e-13,1.079933252e-12,2.157233919e-12,1.324056669e-12,4.248262532e-13,1.612888919e-13,6.839089969e-13,2.501574944e-13,2.292564957e-14,5.224672398e-14,2.643479726e-13,1.750009163e-13,2.51323073e-13,2.859641383e-13,1.299798479e-13,3.143435734e-13,5.439997076e-14,2.322587362e-13,1.848199604e-13
14.21875,4.145749197e-13,9.582845675e-14,6.973943199e-13,5.667564433e-13,1.775737749e-13,5.279191881e-13,9.811610673e-14,4.500569975e-13,9.393406531e-14,4.163254992e-14,2.838298442e-13,1.146237258e-13,3.482434797e-13,2.031320215e-13,1.087269085e-12,2.178501862e-12,1.333947292e-12,4.280984063e-13,1.607292829e-13,6.798198242e-13,2.52441343e-13,2.265403106e-14,5.218035451e-14,2.650335599e-13,1.754151486e-13,2.525822319e-13,2.893968457e-13,1.317832021e-13,3.150947166e-13,5.575610664e-14,2.303039693e-13,1.858472182e-13
14.2265625,4.136181342e-13,9.700439588e-14,6.999425965e-13,5.718189239e-13,1.784288852e-13,5.287716605e-13,9.80200317e-14,4.497702293e-13,9.327126376e-14,4.308690748e-14,2.866509833e-13,1.142531707e-13,3.48504777e-13,2.035823906e-13,1.094489145e-12,2.199332342e-12,1.34360832e-12,4.314722664e-13,1.601883648e-13,6.759665882e-13,2.546890484e-13,2.239433752e-14,5.208549075e-14,2.656716275e-13,1.758083825e-13,2.538767712e-13,2.930217662e-13,1.336824682e-13,3.15902007e-13,5.716416031e-14,2.286189829e-13,1.86841878e-13
14.234375,4.124569929e-13,9.814366449e-14,7.021428902e-13,5.767507173e-13,1.793863621e-13,5.292100105e-13,9.787811791e-14,4.493383582e-13,9.264585197e-14,4.464277855e-14,2.892976792e-13,1.139399052e-13,3.487039859e-13,2.040819592e-13,1.101335628e-12,2.219351311e-12,1.352740856e-12,4.347327394e-13,1.596441533e-13,6.723091724e-13,2.568062593e-13,2.215667745e-14,5.197594444e-14,2.662167802e-13,1.761378631e-13,2.552324853e-13,2.967600955e-13,1.355086652e-13,3.16514147e-13,5.861156536e-14,2.272038812e-13,1.877864721e-13
14.2421875,4.109639006e-13,9.930859546e-14,7.039655774e-13,5.817831777e-13,1.803177108e-13,5.293666192e-13,9.769144651e-14,4.487610921e-13,9.200221682e-14,4.628586964e-14,2.917910938e-13,1.135960596e-13,3.487964427e-13,2.044531544e-13,1.10779299e-12,2.238776929e-12,1.361271217e-12,4.37798653e-13,1.589995159e-13,6.688228283e-13,2.588954116e-13,2.191192427e-14,5.186221774e-14,2.666016337e-13,1.763698853e-13,2.566537387e-13,3.005293779e-13,1.373217132e-13,3.170216419e-13,6.008528517e-14,2.258072179e-13,1.886159656e-13
14.25,4.094558115e-13,1.006379421e-13,7.055434167e-13,5.869721659e-13,1.812189763e-13,5.294599249e-13,9.745288803e-14,4.480428265e-13,9.132413243e-14,4.799887775e-14,2.941459442e-13,1.132051874e-13,3.488597555e-13,2.047362151e-13,1.113899987e-12,2.257639738e-12,1.36936203e-12,4.407454956e-13,1.582398329e-13,6.653737242e-13,2.610263669e-13,2.164998909e-14,5.172205374e-14,2.669088965e-13,1.765045481e-13,2.580613172e-13,3.042530935e-13,1.392908797e-13,3.174186619e-13,6.158272347e-14,2.243827201e-13,1.893006733e-13
14.2578125,4.079739733e-13,1.019123146e-13,7.069724583e-13,5.920100354e-13,1.820455858e-13,5.293134023e-13,9.715537394e-14,4.471544143e-13,9.061549731e-14,4.976447319e-14,2.964009776e-13,1.127924465e-13,3.488539992e-13,2.049660289e-13,1.119457247e-12,2.275526699e-12,1.377027027e-12,4.436361134e-13,1.574048915e-13,6.61813317e-13,2.630567734e-13,2.137805013e-14,5.156428554e-14,2.67184284e-13,1.765744485e-13,2.594177848e-13,3.079854696e-13,1.413022331e-13,3.175210349e-13,6.311441549e-14,2.230473897e-13,1.898594816e-13
14.265625,4.061861179e-13,1.030178006e-13,7.084225046e-13,5.968589763e-13,1.827612231e-13,5.287459144e-13,9.67999465e-14,4.46144006e-13,8.98906261e-14,5.159340188e-14,2.986787726e-13,1.124080413e-13,3.487633109e-13,2.051212806e-13,1.124534692e-12,2.292635982e-12,1.384178895e-12,4.4643372e-13,1.565071017e-13,6.582383431e-13,2.649704261e-13,2.109713053e-14,5.142492343e-14,2.67317832e-13,1.766103409e-13,2.608450137e-13,3.119079152e-13,1.432531279e-13,3.175012528e-13,6.471265588e-14,2.218897118e-13,1.903745206e-13
14.2734375,4.040211007e-13,1.042244091e-13,7.098889365e-13,6.019396495e-13,1.835588153e-13,5.279200474e-13,9.639754501e-14,4.451099166e-13,8.918848769e-14,5.352014781e-14,3.00970276e-13,1.121356821e-13,3.487505642e-13,2.052841387e-13,1.129513651e-12,2.309456425e-12,1.390759206e-12,4.490794801e-13,1.556002287e-13,6.547628605e-13,2.669347267e-13,2.081107426e-14,5.128087148e-14,2.672959237e-13,1.766062819e-13,2.624197511e-13,3.159972462e-13,1.452578813e-13,3.175287072e-13,6.636595081e-14,2.209793707e-13,1.908815075e-13
14.28125,4.016150258e-13,1.056872432e-13,7.110446784e-13,6.071983754e-13,1.844933619e-13,5.268471358e-13,9.594736738e-14,4.440510567e-13,8.851170003e-14,5.552396152e-14,3.031266656e-13,1.11947115e-13,3.487849637e-13,2.054379068e-13,1.134447178e-12,2.325929346e-12,1.396808083e-12,4.516306735e-13,1.547233081e-13,6.51389619e-13,2.689335452e-13,2.0521139e-14,5.108739623e-14,2.672633646e-13,1.765462825e-13,2.640383908e-13,3.201329424e-13,1.47317598e-13,3.174105201e-13,6.801015353e-14,2.202573971e-13,1.913100863e-13
14.2890625,3.989764682e-13,1.071954727e-13,7.1170584e-13,6.120652412e-13,1.853015856e-13,5.25361673e-13,9.543951059e-14,4.429684951e-13,8.785554171e-14,5.755272305e-14,3.050575034e-13,1.117206597e-13,3.486312338e-13,2.054393425e-13,1.139042732e-12,2.341798472e-12,1.402368507e-12,4.540943711e-13,1.53772008e-13,6.481799328e-13,2.707764937e-13,2.021818647e-14,5.086747462e-14,2.672855209e-13,1.764153766e-13,2.656094287e-13,3.243494364e-13,1.493212214e-13,3.169872019e-13,6.963700504e-14,2.195734446e-13,1.916682342e-13
14.296875,3.96174872e-13,1.085351803e-13,7.121480529e-13,6.166218436e-13,1.85939334e-13,5.236862563e-13,9.490301486e-14,4.418646988e-13,8.722917483e-14,5.959511309e-14,3.068129615e-13,1.114570727e-13,3.48360728e-13,2.053803616e-13,1.143156929e-12,2.356890453e-12,1.407342806e-12,4.563581315e-13,1.526812138e-13,6.450722536e-13,2.724539535e-13,1.990813232e-14,5.065066509e-14,2.672485004e-13,1.761942081e-13,2.671651612e-13,3.286051164e-13,1.51309633e-13,3.162995977e-13,7.129137765e-14,2.189399799e-13,1.92019456e-13
14.3046875,3.93356134e-13,1.098923305e-13,7.12763047e-13,6.214939174e-13,1.865921672e-13,5.221606806e-13,9.437690919e-14,4.405784681e-13,8.657370672e-14,6.167051265e-14,3.085493563e-13,1.112618859e-13,3.482268352e-13,2.054852895e-13,1.147005928e-12,2.371298557e-12,1.411887715e-12,4.585098565e-13,1.515728814e-13,6.419377146e-13,2.741162276e-13,1.960701742e-14,5.04066917e-14,2.67016143e-13,1.759005923e-13,2.68772435e-13,3.328477572e-13,1.534309655e-13,3.156167239e-13,7.299049372e-14,2.184987738e-13,1.922727243e-13
14.3125,3.904516274e-13,1.115728256e-13,7.13432403e-13,6.267404146e-13,1.872763876e-13,5.20601959e-13,9.382868314e-14,4.389961456e-13,8.582954401e-14,6.379253272e-14,3.102782463e-13,1.111606145e-13,3.481833639e-13,2.056938559e-13,1.150828058e-12,2.385431478e-12,1.416375088e-12,4.607206163e-13,1.505143286e-13,6.389750438e-13,2.757296454e-13,1.930233622e-14,5.012724874e-14,2.666182448e-13,1.755628629e-13,2.704542262e-13,3.372188746e-13,1.557270908e-13,3.151704217e-13,7.472780234e-14,2.182770816e-13,1.923460167e-13
14.3203125,3.873310575e-13,1.133668069e-13,7.135819819e-13,6.32018596e-13,1.879743274e-13,5.186556265e-13,9.320697168e-14,4.372639187e-13,8.504724478e-14,6.592461494e-14,3.117825098e-13,1.110590823e-13,3.480399189e-13,2.057630647e-13,1.15435087e-12,2.399037353e-12,1.420500952e-12,4.628059887e-13,1.494025057e-13,6.363783048e-13,2.771487508e-13,1.897965022e-14,4.984873287e-14,2.661680427e-13,1.751437029e-13,2.721601397e-13,3.416750202e-13,1.580284458e-13,3.145640437e-13,7.646579437e-14,2.181154456e-13,1.923383458e-13
14.328125,3.84098499e-13,1.149214517e-13,7.131510459e-13,6.372636837e-13,1.886275151e-13,5.164232713e-13,9.25304469e-14,4.355229814e-13,8.42976593e-14,6.803442289e-14,3.130345741e-13,1.108817775e-13,3.477869647e-13,2.056416269e-13,1.157172188e-12,2.41139368e-12,1.423732511e-12,4.645423401e-13,1.481860235e-13,6.339353046e-13,2.784611836e-13,1.866298498e-14,4.95595168e-14,2.656714307e-13,1.746153887e-13,2.738573252e-13,3.46051323e-13,1.601893349e-13,3.134513079e-13,7.816428044e-14,2.17915176e-13,1.922999861e-13
14.3359375,3.808486236e-13,1.164381089e-13,7.127554397e-13,6.424006155e-13,1.890268858e-13,5.14140981e-13,9.18320941e-14,4.336991644e-13,8.357991548e-14,7.019065434e-14,3.142298665e-13,1.107166602e-13,3.475094694e-13,2.054923261e-13,1.159497406e-12,2.422749587e-12,1.426427604e-12,4.661354069e-13,1.469202406e-13,6.314407687e-13,2.797839652e-13,1.836138825e-14,4.923663085e-14,2.651167294e-13,1.740388473e-13,2.756230179e-13,3.505075293e-13,1.623298934e-13,3.123113164e-13,7.987360043e-14,2.178872165e-13,1.921742695e-13
14.34375,3.773627569e-13,1.180972861e-13,7.125974879e-13,6.471904621e-13,1.892209549e-13,5.116675762e-13,9.110076063e-14,4.316889511e-13,8.285147442e-14,7.242482904e-14,3.153674737e-13,1.10670858e-13,3.472109141e-13,2.053770206e-13,1.161593623e-12,2.433567871e-12,1.428899894e-12,4.677846851e-13,1.456121578e-13,6.28971059e-13,2.809676604e-13,1.804010516e-14,4.891937999e-14,2.645380447e-13,1.734414073e-13,2.774987342e-13,3.550845496e-13,1.645333854e-13,3.113194985e-13,8.165128478e-14,2.181653499e-13,1.91991107e-13
14.3515625,3.734992211e-13,1.19689158e-13,7.122764799e-13,6.517874608e-13,1.894890559e-13,5.088271124e-13,9.032560247e-14,4.295597415e-13,8.208376061e-14,7.465722075e-14,3.163800099e-13,1.106611563e-13,3.468448824e-13,2.051710384e-13,1.163286418e-12,2.44351541e-12,1.430686648e-12,4.693173476e-13,1.442458443e-13,6.266690863e-13,2.819476638e-13,1.769548227e-14,4.862129048e-14,2.638608705e-13,1.727736048e-13,2.794251523e-13,3.595173125e-13,1.667028256e-13,3.099966307e-13,8.344956176e-14,2.184741045e-13,1.917982685e-13
14.359375,3.696124512e-13,1.213009477e-13,7.115978505e-13,6.565285093e-13,1.898650999e-13,5.057800471e-13,8.952262514e-14,4.273916198e-13,8.12910541e-14,7.689940415e-14,3.172905687e-13,1.106141566e-13,3.464781268e-13,2.04933647e-13,1.164613334e-12,2.45265762e-12,1.431853186e-12,4.706656735e-13,1.428818422e-13,6.245116696e-13,2.828943369e-13,1.736198954e-14,4.831430318e-14,2.630053029e-13,1.720523006e-13,2.813966214e-13,3.639006112e-13,1.688904051e-13,3.084410261e-13,8.523406762e-14,2.187345523e-13,1.915376158e-13
14.3671875,3.659359208e-13,1.231082065e-13,7.106652476e-13,6.611657947e-13,1.902350198e-13,5.026755379e-13,8.871086417e-14,4.250579188e-13,8.048144429e-14,7.920152405e-14,3.180118045e-13,1.106141259e-13,3.462266276e-13,2.048872836e-13,1.165767147e-12,2.46134102e-12,1.432936477e-12,4.720095769e-13,1.415521768e-13,6.222790587e-13,2.838216704e-13,1.70366324e-14,4.801756144e-14,2.620421969e-13,1.713274187e-13,2.834016021e-13,3.684544693e-13,1.711584723e-13,3.06978555e-13,8.703441092e-14,2.192435837e-13,1.911574304e-13
14.375,3.620171714e-13,1.248657339e-13,7.096279574e-13,6.654208834e-13,1.904747695e-13,4.994624591e-13,8.788585242e-14,4.224995346e-13,7.96454544e-14,8.149339231e-14,3.186078423e-13,1.106569272e-13,3.460026754e-13,2.048883422e-13,1.166617345e-12,2.469182172e-12,1.433676202e-12,4.73268639e-13,1.401731339e-13,6.200346923e-13,2.846225825e-13,1.669692107e-14,4.77273712e-14,2.610007332e-13,1.705413106e-13,2.853538438e-13,3.729907137e-13,1.733905263e-13,3.053639023e-13,8.884339128e-14,2.199654724e-13,1.90687796e-13
14.3828125,3.575600012e-13,1.265431897e-13,7.085971741e-13,6.697467908e-13,1.904394061e-13,4.961209774e-13,8.702657802e-14,4.199168566e-13,7.882558091e-14,8.376974526e-14,3.19291021e-13,1.106666875e-13,3.456693868e-13,2.046439926e-13,1.167141904e-12,2.476104757e-12,1.433712062e-12,4.741713825e-13,1.386840844e-13,6.181745719e-13,2.853051638e-13,1.635156738e-14,4.738917124e-14,2.598435002e-13,1.696391285e-13,2.873023416e-13,3.774603883e-13,1.756380765e-13,3.035389362e-13,9.065180734e-14,2.206948513e-13,1.901692238e-13
14.390625,3.530214463e-13,1.28323486e-13,7.074083037e-13,6.743374686e-13,1.902964256e-13,4.926527155e-13,8.614922471e-14,4.173263342e-13,7.803724869e-14,8.608198126e-14,3.19842587e-13,1.106981193e-13,3.453363287e-13,2.043010608e-13,1.1673887e-12,2.482454995e-12,1.43334292e-12,4.747819406e-13,1.37142439e-13,6.165549014e-13,2.85831866e-13,1.600938257e-14,4.703529834e-14,2.586380462e-13,1.686926435e-13,2.893735566e-13,3.820688868e-13,1.779755816e-13,3.016906155e-13,9.247752306e-14,2.215741846e-13,1.895897233e-13
14.3984375,3.487482892e-13,1.300465333e-13,7.058933436e-13,6.786743569e-13,1.903589872e-13,4.890846466e-13,8.529049809e-14,4.145604401e-13,7.720807718e-14,8.835239092e-14,3.200377237e-13,1.107679758e-13,3.451388196e-13,2.041005561e-13,1.16724131e-12,2.48806861e-12,1.432760832e-12,4.753960818e-13,1.356198726e-13,6.148264362e-13,2.861567724e-13,1.567150116e-14,4.672465611e-14,2.574151146e-13,1.677651729e-13,2.915219842e-13,3.867212651e-13,1.80233222e-13,2.996913819e-13,9.429498039e-14,2.2262293e-13,1.889224321e-13
14.40625,3.445479764e-13,1.31753995e-13,7.042297912e-13,6.828069841e-13,1.905092794e-13,4.855174971e-13,8.441083892e-14,4.117746219e-13,7.635002309e-14,9.058450973e-14,3.202092477e-13,1.10800949e-13,3.450220671e-13,2.039535193e-13,1.166953027e-12,2.493128827e-12,1.431883771e-12,4.760799728e-13,1.341203956e-13,6.134354235e-13,2.863757185e-13,1.535130269e-14,4.640335076e-14,2.5609861e-13,1.668153648e-13,2.93673423e-13,3.913086029e-13,1.824581268e-13,2.975777901e-13,9.608629044e-14,2.236598897e-13,1.882044654e-13
14.4140625,3.401846381e-13,1.336822964e-13,7.024050814e-13,6.871249754e-13,1.904589673e-13,4.817820152e-13,8.343678383e-14,4.091199783e-13,7.55433616e-14,9.290491263e-14,3.204739798e-13,1.108357412e-13,3.449089159e-13,2.037161459e-13,1.166608516e-12,2.49779446e-12,1.430505381e-12,4.766245338e-13,1.326075851e-13,6.125305736e-13,2.864910906e-13,1.503414998e-14,4.603162529e-14,2.546983532e-13,1.657950358e-13,2.958500602e-13,3.959479551e-13,1.847957953e-13,2.954961925e-13,9.787359844e-14,2.248023249e-13,1.874709345e-13
14.421875,3.35472408e-13,1.355249481e-13,7.002110965e-13,6.912025228e-13,1.902261992e-13,4.775887268e-13,8.239985266e-14,4.063616949e-13,7.473903652e-14,9.527499216e-14,3.205176457e-13,1.109155515e-13,3.44761608e-13,2.03337412e-13,1.165544051e-12,2.50109154e-12,1.428247892e-12,4.768605523e-13,1.310442844e-13,6.113129956e-13,2.864165799e-13,1.468599252e-14,4.566497312e-14,2.532449327e-13,1.647175529e-13,2.9803127e-13,4.005398388e-13,1.869881067e-13,2.932442425e-13,9.964413755e-14,2.261081264e-13,1.86674532e-13
14.4296875,3.304268956e-13,1.371010064e-13,6.979275997e-13,6.948715331e-13,1.899534485e-13,4.732160856e-13,8.139326894e-14,4.034523594e-13,7.388047429e-14,9.76069423e-14,3.203743213e-13,1.10982677e-13,3.445954541e-13,2.028752415e-13,1.163790345e-12,2.503060259e-12,1.425393436e-12,4.768815001e-13,1.294326842e-13,6.098627124e-13,2.862321985e-13,1.433050241e-14,4.531799056e-14,2.516973709e-13,1.636141261e-13,3.002125099e-13,4.04954698e-13,1.88984489e-13,2.908328621e-13,1.013954153e-13,2.273944302e-13,1.858126556e-13
14.4375,3.254895463e-13,1.388074024e-13,6.958273025e-13,6.987759235e-13,1.896803596e-13,4.69088627e-13,8.042498658e-14,4.006088074e-13,7.302765689e-14,9.992750021e-14,3.202228211e-13,1.110638427e-13,3.445435447e-13,2.025317535e-13,1.162185929e-12,2.505098285e-12,1.422709079e-12,4.768596272e-13,1.278216635e-13,6.090824223e-13,2.860082905e-13,1.401134287e-14,4.495541908e-14,2.501088189e-13,1.624780646e-13,3.02452562e-13,4.093888917e-13,1.911793645e-13,2.884897501e-13,1.031583777e-13,2.287737789e-13,1.849444497e-13
14.4453125,3.208188021e-13,1.406915816e-13,6.935883969e-13,7.027776181e-13,1.893517179e-13,4.649553046e-13,7.943285536e-14,3.97736613e-13,7.218249873e-14,1.02240245e-13,3.199388426e-13,1.112153417e-13,3.446364895e-13,2.02285659e-13,1.160549263e-12,2.506824103e-12,1.419947932e-12,4.767863626e-13,1.262284559e-13,6.086929452e-13,2.856647706e-13,1.370380505e-14,4.458636371e-14,2.485741392e-13,1.612858554e-13,3.047387818e-13,4.139558537e-13,1.93554095e-13,2.860871489e-13,1.049080393e-13,2.303803428e-13,1.840335593e-13
14.453125,3.160233071e-13,1.425084697e-13,6.910288137e-13,7.062092019e-13,1.889280739e-13,4.604460067e-13,7.839693095e-14,3.946922639e-13,7.130917045e-14,1.045802967e-13,3.194634954e-13,1.113786758e-13,3.447115513e-13,2.018893201e-13,1.158218604e-12,2.507086834e-12,1.416419272e-12,4.766103498e-13,1.24601382e-13,6.080135327e-13,2.851684742e-13,1.336878505e-14,4.423490445e-14,2.470449794e-13,1.600584849e-13,3.070757021e-13,4.185234232e-13,1.95811418e-13,2.835583456e-13,1.06632244e-13,2.319942644e-13,1.830478888e-13
14.4609375,3.110376022e-13,1.443061749e-13,6.883776007e-13,7.093155175e-13,1.884842311e-13,4.557071976e-13,7.734222489e-14,3.916361084e-13,7.046871399e-14,1.069923698e-13,3.188630787e-13,1.115416201e-13,3.44756306e-13,2.014154276e-13,1.155447929e-12,2.506532455e-12,1.412352456e-12,4.763550176e-13,1.229289978e-13,6.073501978e-13,2.84542394e-13,1.302839963e-14,4.390001071e-14,2.454229896e-13,1.588281218e-13,3.095254795e-13,4.230066553e-13,1.980230927e-13,2.810262472e-13,1.083833004e-13,2.336106578e-13,1.820660441e-13
14.46875,3.061103791e-13,1.460584796e-13,6.857272788e-13,7.125226508e-13,1.879969112e-13,4.509703918e-13,7.627115125e-14,3.885972603e-13,6.965849121e-14,1.093513932e-13,3.181761376e-13,1.117735032e-13,3.449365899e-13,2.010578099e-13,1.152512859e-12,2.505525817e-12,1.408066337e-12,4.759973301e-13,1.212978806e-13,6.068414452e-13,2.838231306e-13,1.270818192e-14,4.357430763e-14,2.436635188e-13,1.575756768e-13,3.119997635e-13,4.273728242e-13,2.002638861e-13,2.783918671e-13,1.101322936e-13,2.354523291e-13,1.810641729e-13
14.4765625,3.011712096e-13,1.477782035e-13,6.8309071e-13,7.158245286e-13,1.873250996e-13,4.463119647e-13,7.517240408e-14,3.854426119e-13,6.878339126e-14,1.115984124e-13,3.175382245e-13,1.120596205e-13,3.452495002e-13,2.006834219e-13,1.149305906e-12,2.503406968e-12,1.403377524e-12,4.755800232e-13,1.19753635e-13,6.062021898e-13,2.830899628e-13,1.238622563e-14,4.324279286e-14,2.417830532e-13,1.56281543e-13,3.143628159e-13,4.316548053e-13,2.024821784e-13,2.757021208e-13,1.118097145e-13,2.374278662e-13,1.79921157e-13
14.484375,2.961685136e-13,1.497522958e-13,6.80435015e-13,7.193348293e-13,1.865648788e-13,4.417219192e-13,7.406101915e-14,3.822658804e-13,6.787569509e-14,1.138563115e-13,3.169341468e-13,1.123374282e-13,3.455610178e-13,2.001999896e-13,1.146056724e-12,2.500694511e-12,1.398377208e-12,4.752454663e-13,1.18215258e-13,6.057335521e-13,2.822864481e-13,1.204536243e-14,4.289612842e-14,2.398940465e-13,1.549718491e-13,3.166788342e-13,4.359947354e-13,2.047988806e-13,2.731295302e-13,1.134676028e-13,2.394039182e-13,1.786858458e-13
14.4921875,2.912492036e-13,1.518353187e-13,6.774525342e-13,7.22826664e-13,1.858378821e-13,4.36959323e-13,7.295215214e-14,3.791805432e-13,6.702177942e-14,1.161173471e-13,3.161203729e-13,1.125804175e-13,3.458685742e-13,1.997037249e-13,1.142828019e-12,2.497995999e-12,1.393268394e-12,4.749391985e-13,1.166162937e-13,6.056136313e-13,2.812375451e-13,1.170351575e-14,4.255588621e-14,2.38079044e-13,1.53680113e-13,3.190798347e-13,4.403873344e-13,2.071521661e-13,2.704281696e-13,1.151574658e-13,2.414296952e-13,1.774907656e-13
14.5,2.863628329e-13,1.536060154e-13,6.741020999e-13,7.257570294e-13,1.85009281e-13,4.318921075e-13,7.18531739e-14,3.761154712e-13,6.619112507e-14,1.183124052e-13,3.151200997e-13,1.1277801e-13,3.462655739e-13,1.991759855e-13,1.139347072e-12,2.494689915e-12,1.387970296e-12,4.745263763e-13,1.150208842e-13,6.054669684e-13,2.799469154e-13,1.137886943e-14,4.224045201e-14,2.36262869e-13,1.524284934e-13,3.215720252e-13,4.4469912e-13,2.092768924e-13,2.674584481e-13,1.168095783e-13,2.434313817e-13,1.763368572e-13
14.5078125,2.81447188e-13,1.551946743e-13,6.708903969e-13,7.283420882e-13,1.841226864e-13,4.268259788e-13,7.079607083e-14,3.730583937e-13,6.535589246e-14,1.205029724e-13,3.14172389e-13,1.129692745e-13,3.467958697e-13,1.986720138e-13,1.135793105e-12,2.490696402e-12,1.382490701e-12,4.740932403e-13,1.135184522e-13,6.05333597e-13,2.785381578e-13,1.107310814e-14,4.19292208e-14,2.343549444e-13,1.512174235e-13,3.240506987e-13,4.48975381e-13,2.112308926e-13,2.645644762e-13,1.183748008e-13,2.454070734e-13,1.751869716e-13
14.515625,2.765579981e-13,1.568734909e-13,6.679866343e-13,7.310504932e-13,1.833139565e-13,4.219380113e-13,6.97862067e-14,3.700548888e-13,6.45503946e-14,1.22681173e-13,3.132583254e-13,1.132148509e-13,3.47406479e-13,1.983303034e-13,1.132349433e-12,2.486435187e-12,1.376795785e-12,4.736670344e-13,1.120735098e-13,6.05449791e-13,2.770413591e-13,1.0776616e-14,4.160110584e-14,2.323572028e-13,1.50005741e-13,3.264415063e-13,4.532963035e-13,2.132046719e-13,2.618417698e-13,1.198977447e-13,2.475626895e-13,1.740534049e-13
14.5234375,2.716609034e-13,1.586213635e-13,6.649394483e-13,7.337089947e-13,1.823333921e-13,4.17016981e-13,6.876458487e-14,3.670752225e-13,6.376544108e-14,1.247892919e-13,3.12192282e-13,1.135047811e-13,3.479974052e-13,1.980052087e-13,1.128692987e-12,2.481602567e-12,1.370746713e-12,4.731022066e-13,1.105915201e-13,6.05688889e-13,2.754595837e-13,1.047441193e-14,4.127734555e-14,2.303275991e-13,1.487586556e-13,3.288647785e-13,4.575342419e-13,2.152112334e-13,2.590332426e-13,1.214254026e-13,2.498725063e-13,1.729278252e-13
14.53125,2.668741474e-13,1.604603039e-13,6.615958817e-13,7.360919314e-13,1.811113592e-13,4.120077806e-13,6.771163055e-14,3.641004178e-13,6.296392702e-14,1.268984481e-13,3.10973308e-13,1.138165882e-13,3.485847328e-13,1.975920161e-13,1.124731568e-12,2.476067105e-12,1.364543979e-12,4.724807506e-13,1.091100038e-13,6.059750068e-13,2.738099768e-13,1.016999935e-14,4.098508694e-14,2.283600744e-13,1.474969441e-13,3.314634056e-13,4.615738355e-13,2.172647813e-13,2.560930149e-13,1.229508684e-13,2.521794447e-13,1.717759857e-13
14.5390625,2.623510225e-13,1.623012513e-13,6.583541634e-13,7.382757823e-13,1.800296973e-13,4.070983663e-13,6.668451352e-14,3.610979767e-13,6.212820619e-14,1.290387938e-13,3.097921458e-13,1.141552661e-13,3.492965218e-13,1.973012799e-13,1.120682317e-12,2.470003212e-12,1.358320449e-12,4.71977275e-13,1.077260952e-13,6.061798011e-13,2.720808924e-13,9.886345398e-15,4.070680409e-14,2.264573916e-13,1.462584989e-13,3.341069377e-13,4.654703954e-13,2.192962272e-13,2.531528264e-13,1.244280133e-13,2.545498483e-13,1.705803784e-13
14.546875,2.578528629e-13,1.639041459e-13,6.553343342e-13,7.40420036e-13,1.790712468e-13,4.023384704e-13,6.570665198e-14,3.580051557e-13,6.125941577e-14,1.311164056e-13,3.087081215e-13,1.144785897e-13,3.501394593e-13,1.971421551e-13,1.116514448e-12,2.463159335e-12,1.351760991e-12,4.714316712e-13,1.063772876e-13,6.061445484e-13,2.702625132e-13,9.625701409e-15,4.041318563e-14,2.244779864e-13,1.450486742e-13,3.366353811e-13,4.692691967e-13,2.211426817e-13,2.502800919e-13,1.258374393e-13,2.569766132e-13,1.693623466e-13
14.5546875,2.532491379e-13,1.654252077e-13,6.521692033e-13,7.426547001e-13,1.779269585e-13,3.976113644e-13,6.475006135e-14,3.548658312e-13,6.0402723e-14,1.330950658e-13,3.075195277e-13,1.147727181e-13,3.510222335e-13,1.969300754e-13,1.112106712e-12,2.455503771e-12,1.344746106e-12,4.706492402e-13,1.04988777e-13,6.062237064e-13,2.683369787e-13,9.370245704e-15,4.012414799e-14,2.223778461e-13,1.438402323e-13,3.391543008e-13,4.729904756e-13,2.228973601e-13,2.474680481e-13,1.272161764e-13,2.593482029e-13,1.681595622e-13
14.5625,2.487784627e-13,1.671686101e-13,6.487452948e-13,7.447122109e-13,1.76747732e-13,3.928165125e-13,6.380947346e-14,3.517238396e-13,5.958530907e-14,1.350334122e-13,3.061412317e-13,1.151281541e-13,3.519601234e-13,1.967529977e-13,1.107402718e-12,2.447183876e-12,1.337437932e-12,4.697697271e-13,1.036775296e-13,6.066109769e-13,2.663056672e-13,9.121523343e-15,3.988424631e-14,2.202643753e-13,1.426062446e-13,3.417672632e-13,4.76742174e-13,2.247528272e-13,2.446395739e-13,1.285838551e-13,2.618286022e-13,1.669508887e-13
14.5703125,2.444420749e-13,1.689770062e-13,6.452797163e-13,7.462568129e-13,1.756902e-13,3.879683645e-13,6.289074963e-14,3.485116927e-13,5.876173751e-14,1.369609825e-13,3.047062833e-13,1.155469496e-13,3.529729338e-13,1.966980756e-13,1.102343815e-12,2.437938859e-12,1.329831387e-12,4.689611073e-13,1.025029046e-13,6.068633134e-13,2.642152166e-13,8.893354831e-15,3.969117668e-14,2.181626721e-13,1.413579763e-13,3.443741315e-13,4.805128491e-13,2.266083401e-13,2.417283865e-13,1.299088777e-13,2.645380703e-13,1.656914475e-13
14.578125,2.401132427e-13,1.705907648e-13,6.416855995e-13,7.475731603e-13,1.745550326e-13,3.831349586e-13,6.198148795e-14,3.452510569e-13,5.7918011e-14,1.388174997e-13,3.031887532e-13,1.158902527e-13,3.539796739e-13,1.966331027e-13,1.097037344e-12,2.427830877e-12,1.321971719e-12,4.681657789e-13,1.013232427e-13,6.068690522e-13,2.62037537e-13,8.680185095e-15,3.95046708e-14,2.160341675e-13,1.401311998e-13,3.468549714e-13,4.840756334e-13,2.282656377e-13,2.387816949e-13,1.31158422e-13,2.672314411e-13,1.644024025e-13
14.5859375,2.358536203e-13,1.721453959e-13,6.378333205e-13,7.489279881e-13,1.733055663e-13,3.78298286e-13,6.107947985e-14,3.420362746e-13,5.708820968e-14,1.405820723e-13,3.015228701e-13,1.161572228e-13,3.549826303e-13,1.965496218e-13,1.09162989e-12,2.417273105e-12,1.314002419e-12,4.672750896e-13,1.000865185e-13,6.068973233e-13,2.597274501e-13,8.466644028e-15,3.931407521e-14,2.139098018e-13,1.389255118e-13,3.492126923e-13,4.87404838e-13,2.297844818e-13,2.35955735e-13,1.323359225e-13,2.698097666e-13,1.631086386e-13
14.59375,2.315861723e-13,1.738394028e-13,6.340212152e-13,7.501250095e-13,1.720240434e-13,3.734267572e-13,6.020190073e-14,3.388277742e-13,5.62607348e-14,1.423479403e-13,2.998625124e-13,1.164924701e-13,3.560729375e-13,1.96498243e-13,1.086062339e-12,2.406180054e-12,1.305827515e-12,4.662566766e-13,9.889241235e-14,6.069161118e-13,2.573788386e-13,8.253996535e-15,3.913688382e-14,2.117982694e-13,1.37705071e-13,3.515664998e-13,4.907264561e-13,2.313632539e-13,2.333445093e-13,1.334856246e-13,2.724561049e-13,1.618049524e-13
14.6015625,2.272675782e-13,1.755062164e-13,6.302750722e-13,7.511142152e-13,1.706910529e-13,3.685366266e-13,5.935971147e-14,3.355751511e-13,5.542230029e-14,1.44098966e-13,2.982274797e-13,1.168698584e-13,3.572410193e-13,1.963783308e-13,1.080152275e-12,2.394166567e-12,1.29721157e-12,4.651189812e-13,9.776660924e-14,6.068297627e-13,2.550235929e-13,8.057815652e-15,3.897196645e-14,2.096639523e-13,1.364630713e-13,3.539583371e-13,4.939656105e-13,2.329392204e-13,2.307562005e-13,1.346079098e-13,2.751257244e-13,1.605123956e-13
14.609375,2.23075841e-13,1.769024965e-13,6.261982491e-13,7.518761503e-13,1.693959081e-13,3.635960069e-13,5.853390615e-14,3.323211825e-13,5.459484654e-14,1.457117225e-13,2.964252131e-13,1.171461346e-13,3.584450853e-13,1.961527152e-13,1.073725025e-12,2.380981534e-12,1.287993731e-12,4.63876271e-13,9.666098852e-14,6.065675004e-13,2.52530555e-13,7.87923577e-15,3.88081083e-14,2.075144509e-13,1.352230343e-13,3.562074488e-13,4.968749776e-13,2.342641374e-13,2.279848393e-13,1.356131953e-13,2.776625931e-13,1.592107555e-13
14.6171875,2.189575451e-13,1.782130203e-13,6.220024348e-13,7.523133859e-13,1.681183718e-13,3.586703555e-13,5.76959274e-14,3.290573582e-13,5.376719026e-14,1.47257251e-13,2.94472462e-13,1.173719516e-13,3.597458357e-13,1.959156484e-13,1.066966417e-12,2.366939805e-12,1.278358499e-12,4.626198224e-13,9.556414638e-14,6.060876826e-13,2.499077162e-13,7.697357935e-15,3.864769409e-14,2.053548762e-13,1.34000782e-13,3.582584265e-13,4.996676088e-13,2.354625773e-13,2.25243743e-13,1.365061165e-13,2.802386179e-13,1.578349307e-13
14.625,2.148580471e-13,1.797620543e-13,6.18161151e-13,7.526893983e-13,1.667029768e-13,3.53953873e-13,5.687115498e-14,3.257604209e-13,5.292238509e-14,1.488563473e-13,2.92527434e-13,1.176778717e-13,3.611874237e-13,1.957642081e-13,1.060424157e-12,2.353015056e-12,1.268919739e-12,4.615720397e-13,9.450035701e-14,6.057171056e-13,2.472767207e-13,7.509185798e-15,3.850750607e-14,2.031844202e-13,1.328261499e-13,3.603616514e-13,5.026725145e-13,2.368645127e-13,2.227812783e-13,1.374247052e-13,2.830471208e-13,1.564240096e-13
14.6328125,2.109980353e-13,1.813783073e-13,6.143095289e-13,7.530234157e-13,1.653240589e-13,3.493801295e-13,5.610635312e-14,3.22494424e-13,5.208302455e-14,1.504296079e-13,2.905777532e-13,1.18001893e-13,3.626841134e-13,1.95720084e-13,1.054039525e-12,2.339230331e-12,1.259813973e-12,4.607800864e-13,9.351883383e-14,6.055331168e-13,2.44581043e-13,7.344725174e-15,3.841657141e-14,2.010628858e-13,1.317245066e-13,3.625679262e-13,5.056842815e-13,2.383072827e-13,2.204019349e-13,1.383640126e-13,2.858964204e-13,1.550677954e-13
14.640625,2.072580093e-13,1.827493358e-13,6.100630506e-13,7.528954456e-13,1.641236787e-13,3.446754378e-13,5.536506403e-14,3.192971465e-13,5.125850862e-14,1.51926443e-13,2.88590419e-13,1.182511927e-13,3.641515709e-13,1.956280441e-13,1.047143511e-12,2.32438089e-12,1.250379093e-12,4.59944412e-13,9.265380123e-14,6.05097163e-13,2.417698493e-13,7.212716297e-15,3.837421585e-14,1.990158646e-13,1.306480146e-13,3.646367315e-13,5.083716803e-13,2.394814916e-13,2.179034934e-13,1.391986733e-13,2.885698842e-13,1.537587508e-13
14.6484375,2.033726531e-13,1.841317655e-13,6.058565338e-13,7.525466941e-13,1.628571369e-13,3.398489273e-13,5.458658061e-14,3.161144567e-13,5.043170397e-14,1.533753786e-13,2.866943545e-13,1.185123221e-13,3.656550101e-13,1.953791776e-13,1.039796931e-12,2.308451055e-12,1.240441848e-12,4.589929742e-13,9.188103511e-14,6.045038131e-13,2.389857526e-13,7.082195386e-15,3.833104697e-14,1.969649265e-13,1.295483482e-13,3.665773545e-13,5.108215729e-13,2.405836273e-13,2.15450606e-13,1.399569763e-13,2.912232396e-13,1.52454081e-13
14.65625,1.995808733e-13,1.858327825e-13,6.01902818e-13,7.524623462e-13,1.615095195e-13,3.351353907e-13,5.380929239e-14,3.128895365e-13,4.958134913e-14,1.546944881e-13,2.849679247e-13,1.188469492e-13,3.672933047e-13,1.951596291e-13,1.032618267e-12,2.292505392e-12,1.230570466e-12,4.582973081e-13,9.117287749e-14,6.040905527e-13,2.36234227e-13,6.941123451e-15,3.827087273e-14,1.948655501e-13,1.284771353e-13,3.685693367e-13,5.132609641e-13,2.418172159e-13,2.131837713e-13,1.406998841e-13,2.940468691e-13,1.51131566e-13
14.6640625,1.960922637e-13,1.874977425e-13,5.978376085e-13,7.522320961e-13,1.602802397e-13,3.306015501e-13,5.309177932e-14,3.096410521e-13,4.870119309e-14,1.558691913e-13,2.832481896e-13,1.191469673e-13,3.690232634e-13,1.950949087e-13,1.025547445e-12,2.27639274e-12,1.220882847e-12,4.579554386e-13,9.054678572e-14,6.034494847e-13,2.333135251e-13,6.811758799e-15,3.823047641e-14,1.92787703e-13,1.274909184e-13,3.705125386e-13,5.157065864e-13,2.429715255e-13,2.109941911e-13,1.413626796e-13,2.969172656e-13,1.497693783e-13
14.671875,1.927040851e-13,1.887847239e-13,5.936117042e-13,7.514043518e-13,1.590347975e-13,3.260802578e-13,5.240708006e-14,3.064551287e-13,4.783953265e-14,1.570378544e-13,2.813611492e-13,1.193523126e-13,3.707441063e-13,1.950161275e-13,1.018197353e-12,2.259499657e-12,1.21100115e-12,4.576250432e-13,9.000166792e-14,6.0232557e-13,2.302197634e-13,6.697912193e-15,3.821232905e-14,1.907992209e-13,1.265615699e-13,3.722819959e-13,5.180410418e-13,2.439265905e-13,2.087974761e-13,1.419594291e-13,2.996980459e-13,1.484062433e-13
14.6796875,1.89225704e-13,1.900098704e-13,5.893942984e-13,7.503293357e-13,1.576462144e-13,3.214252312e-13,5.172025888e-14,3.033824493e-13,4.703855064e-14,1.582289477e-13,2.794013372e-13,1.195312752e-13,3.724438556e-13,1.947687146e-13,1.010624139e-12,2.24222258e-12,1.200810711e-12,4.571524049e-13,8.948367323e-14,6.01262489e-13,2.271252343e-13,6.586533963e-15,3.819547529e-14,1.888690828e-13,1.256522289e-13,3.740513835e-13,5.202478522e-13,2.448283248e-13,2.066727651e-13,1.425821506e-13,3.024503447e-13,1.471079504e-13
14.6875,1.856091602e-13,1.914391345e-13,5.851195503e-13,7.494325253e-13,1.562593783e-13,3.167786795e-13,5.104974092e-14,3.003830812e-13,4.62474265e-14,1.593577249e-13,2.775270412e-13,1.197114118e-13,3.741896828e-13,1.943897458e-13,1.00303429e-12,2.224930527e-12,1.190516229e-12,4.567048467e-13,8.899514061e-14,6.005952209e-13,2.240172153e-13,6.488130479e-15,3.819584088e-14,1.869453779e-13,1.247702158e-13,3.759388969e-13,5.224857935e-13,2.457587845e-13,2.047018073e-13,1.431885858e-13,3.051872756e-13,1.458432869e-13
14.6953125,1.820330544e-13,1.928845847e-13,5.80796387e-13,7.487175682e-13,1.549559182e-13,3.123315588e-13,5.040780471e-14,2.973873109e-13,4.541915641e-14,1.603869678e-13,2.756708151e-13,1.198897132e-13,3.76066474e-13,1.940745305e-13,9.955469924e-13,2.207383121e-12,1.180347862e-12,4.564532286e-13,8.862479083e-14,6.000510731e-13,2.208191641e-13,6.408934364e-15,3.821594161e-14,1.850456544e-13,1.239326024e-13,3.777756831e-13,5.248096296e-13,2.466938404e-13,2.028258446e-13,1.437134769e-13,3.079221433e-13,1.445405181e-13
14.703125,1.787565636e-13,1.943265122e-13,5.765117157e-13,7.479288247e-13,1.537508688e-13,3.07924082e-13,4.97832323e-14,2.943453717e-13,4.459436358e-14,1.612978529e-13,2.737442231e-13,1.200988136e-13,3.780493926e-13,1.939623847e-13,9.881643772e-13,2.189384556e-12,1.17018668e-12,4.563772964e-13,8.836929652e-14,5.992801331e-13,2.17638118e-13,6.328083931e-15,3.822394125e-14,1.831722026e-13,1.231329128e-13,3.794550952e-13,5.270088879e-13,2.475782166e-13,2.009228293e-13,1.441949361e-13,3.108029203e-13,1.432048316e-13
14.7109375,1.755834119e-13,1.959175647e-13,5.722118402e-13,7.468278948e-13,1.526163961e-13,3.034133827e-13,4.917552184e-14,2.912708245e-13,4.379772652e-14,1.62097259e-13,2.718603408e-13,1.202904679e-13,3.799825792e-13,1.938457373e-13,9.806714161e-13,2.170859147e-12,1.159638232e-12,4.562701679e-13,8.812560989e-14,5.982353977e-13,2.145514929e-13,6.248698453e-15,3.822562429e-14,1.812525949e-13,1.223439699e-13,3.810795937e-13,5.289557799e-13,2.483573542e-13,1.990146154e-13,1.446422151e-13,3.137461023e-13,1.418787561e-13
14.71875,1.723024605e-13,1.974473708e-13,5.678800855e-13,7.454495243e-13,1.514249035e-13,2.990019297e-13,4.858604385e-14,2.882320596e-13,4.29934936e-14,1.628339318e-13,2.700665118e-13,1.203738969e-13,3.818270768e-13,1.935125014e-13,9.729566762e-13,2.151843429e-12,1.148738242e-12,4.560761264e-13,8.789914183e-14,5.971252439e-13,2.114609273e-13,6.193323179e-15,3.825018877e-14,1.792893762e-13,1.215593339e-13,3.82658328e-13,5.307556487e-13,2.490426835e-13,1.972399231e-13,1.450237717e-13,3.164312134e-13,1.405586893e-13
14.7265625,1.692343506e-13,1.987410145e-13,5.634567062e-13,7.438702677e-13,1.502236276e-13,2.947234883e-13,4.801054739e-14,2.852321032e-13,4.217658427e-14,1.634945379e-13,2.681851621e-13,1.203900952e-13,3.836676739e-13,1.931281659e-13,9.651104212e-13,2.132483327e-12,1.137820134e-12,4.559750116e-13,8.773931268e-14,5.959251339e-13,2.083096224e-13,6.144285784e-15,3.82804934e-14,1.774202539e-13,1.20788647e-13,3.840811044e-13,5.324585405e-13,2.496250094e-13,1.955721955e-13,1.453417954e-13,3.188673656e-13,1.392071596e-13
14.734375,1.664691094e-13,2.001487805e-13,5.588259512e-13,7.420946667e-13,1.491315e-13,2.903890697e-13,4.745915981e-14,2.822115885e-13,4.138811814e-14,1.640401634e-13,2.661889521e-13,1.204180935e-13,3.854583609e-13,1.92793632e-13,9.571272524e-13,2.112843578e-12,1.126887653e-12,4.559711125e-13,8.75911169e-14,5.944840059e-13,2.051665679e-13,6.080014726e-15,3.829828971e-14,1.757125739e-13,1.200228504e-13,3.853946462e-13,5.340318729e-13,2.500919307e-13,1.938582717e-13,1.455865564e-13,3.213187247e-13,1.37831068e-13
14.7421875,1.636524579e-13,2.019092434e-13,5.541930304e-13,7.403467653e-13,1.48012103e-13,2.861038914e-13,4.693933197e-14,2.79165774e-13,4.063955238e-14,1.645132423e-13,2.64322599e-13,1.204491653e-13,3.87159012e-13,1.923923819e-13,9.490724213e-13,2.093110644e-12,1.115916312e-12,4.55978047e-13,8.744836612e-14,5.930237087e-13,2.021069577e-13,6.022463627e-15,3.833723582e-14,1.740307702e-13,1.19284552e-13,3.867068557e-13,5.355110888e-13,2.505685109e-13,1.921794287e-13,1.45753006e-13,3.238240547e-13,1.364869741e-13
14.75,1.607440262e-13,2.036634684e-13,5.497632986e-13,7.386748989e-13,1.467960362e-13,2.81986656e-13,4.642747245e-14,2.761251791e-13,3.990015802e-14,1.649498399e-13,2.626296028e-13,1.204751685e-13,3.888901087e-13,1.919794779e-13,9.410750803e-13,2.073350253e-12,1.104933698e-12,4.560827886e-13,8.738292075e-14,5.915747105e-13,1.991353305e-13,5.985181734e-15,3.840499568e-14,1.722263562e-13,1.186156576e-13,3.879526377e-13,5.369049614e-13,2.510768087e-13,1.907385227e-13,1.458701022e-13,3.262917472e-13,1.351810157e-13
14.7578125,1.579205416e-13,2.051139311e-13,5.452514577e-13,7.367227768e-13,1.456768089e-13,2.778217633e-13,4.590623448e-14,2.731020864e-13,3.915850483e-14,1.653308111e-13,2.608960668e-13,1.204843863e-13,3.906560315e-13,1.915936574e-13,9.32939603e-13,2.053095741e-12,1.093658809e-12,4.562124184e-13,8.736519041e-14,5.898201768e-13,1.961636256e-13,5.956436909e-15,3.84538167e-14,1.703882012e-13,1.179658096e-13,3.890666753e-13,5.381450144e-13,2.514161093e-13,1.894527646e-13,1.45933997e-13,3.286701901e-13,1.338568038e-13
14.765625,1.55221239e-13,2.065138164e-13,5.404107553e-13,7.344881436e-13,1.447180843e-13,2.735430128e-13,4.540497613e-14,2.700858772e-13,3.84322861e-14,1.656747354e-13,2.591148231e-13,1.204158339e-13,3.923182239e-13,1.910856265e-13,9.244836054e-13,2.032118995e-12,1.082014133e-12,4.562024634e-13,8.733419408e-14,5.879562307e-13,1.931158083e-13,5.936265733e-15,3.848390063e-14,1.687070052e-13,1.172621488e-13,3.90107511e-13,5.391955862e-13,2.515988594e-13,1.88129296e-13,1.459347083e-13,3.308882427e-13,1.324934603e-13
14.7734375,1.526488861e-13,2.080890305e-13,5.354411755e-13,7.322306363e-13,1.437734552e-13,2.693762947e-13,4.495279312e-14,2.670356143e-13,3.771859327e-14,1.659802515e-13,2.574149965e-13,1.202729846e-13,3.938554884e-13,1.904722704e-13,9.158940208e-13,2.010778193e-12,1.070316904e-12,4.562141878e-13,8.732152928e-14,5.862183845e-13,1.900419593e-13,5.923442677e-15,3.85436957e-14,1.671352438e-13,1.165457103e-13,3.910706487e-13,5.400753072e-13,2.518265359e-13,1.867813496e-13,1.458971925e-13,3.329694217e-13,1.311160956e-13
14.78125,1.500419852e-13,2.09637168e-13,5.305627341e-13,7.297969329e-13,1.427400329e-13,2.654073412e-13,4.45303308e-14,2.639458481e-13,3.699970246e-14,1.661776913e-13,2.55755915e-13,1.201177849e-13,3.953124253e-13,1.898590541e-13,9.072956166e-13,1.989201973e-12,1.058615277e-12,4.563678705e-13,8.736793332e-14,5.842418935e-13,1.870166253e-13,5.912978675e-15,3.863045614e-14,1.655062142e-13,1.158825039e-13,3.919057781e-13,5.407856018e-13,2.520237224e-13,1.854769926e-13,1.458139905e-13,3.349927772e-13,1.297403065e-13
14.7890625,1.473025539e-13,2.110743448e-13,5.257827394e-13,7.271234674e-13,1.416763871e-13,2.615327217e-13,4.410709474e-14,2.608523365e-13,3.627607077e-14,1.663049628e-13,2.541122658e-13,1.199578763e-13,3.967376863e-13,1.892362721e-13,8.986413943e-13,1.967320792e-12,1.046829086e-12,4.565349528e-13,8.747849761e-14,5.819592275e-13,1.840697371e-13,5.913871005e-15,3.871462516e-14,1.63868663e-13,1.152641109e-13,3.92653014e-13,5.412931023e-13,2.520879322e-13,1.842632074e-13,1.456709505e-13,3.369414483e-13,1.283624839e-13
14.796875,1.447053416e-13,2.126543173e-13,5.209878338e-13,7.245057002e-13,1.407647994e-13,2.576396574e-13,4.36789149e-14,2.577598713e-13,3.555444528e-14,1.664735922e-13,2.525371621e-13,1.197951847e-13,3.982557572e-13,1.886696888e-13,8.899461161e-13,1.945269754e-12,1.035062239e-12,4.567985173e-13,8.763964179e-14,5.796205677e-13,1.812276392e-13,5.922800168e-15,3.879329642e-14,1.623258197e-13,1.146689134e-13,3.93341737e-13,5.416792786e-13,2.521775994e-13,1.831880346e-13,1.454926282e-13,3.38887152e-13,1.269750483e-13
14.8046875,1.42277472e-13,2.144046342e-13,5.16008172e-13,7.219281029e-13,1.400433218e-13,2.536912295e-13,4.32580611e-14,2.547124392e-13,3.484857972e-14,1.666392995e-13,2.509815898e-13,1.196313317e-13,3.99881306e-13,1.881394346e-13,8.811493883e-13,1.923010615e-12,1.023165682e-12,4.572798272e-13,8.782410631e-14,5.770747886e-13,1.78428587e-13,5.932427047e-15,3.886365424e-14,1.608106952e-13,1.140947755e-13,3.939436287e-13,5.421385365e-13,2.522768805e-13,1.821693826e-13,1.452595218e-13,3.409163442e-13,1.25595224e-13
14.8125,1.396835222e-13,2.161019338e-13,5.107613312e-13,7.191271909e-13,1.392844172e-13,2.497527292e-13,4.286490658e-14,2.51770464e-13,3.418145216e-14,1.667374977e-13,2.493902003e-13,1.193940052e-13,4.014115984e-13,1.873835903e-13,8.721033022e-13,1.900324637e-12,1.010850065e-12,4.577169625e-13,8.802401722e-14,5.742766378e-13,1.755578575e-13,5.960540994e-15,3.892939139e-14,1.592895217e-13,1.135239091e-13,3.944299024e-13,5.425828901e-13,2.521912905e-13,1.811918869e-13,1.449308421e-13,3.428165898e-13,1.24251296e-13
14.8203125,1.369614608e-13,2.176826374e-13,5.052890579e-13,7.159708601e-13,1.383674655e-13,2.457894378e-13,4.2506188e-14,2.488698611e-13,3.355727052e-14,1.668458565e-13,2.477319501e-13,1.190435636e-13,4.026886058e-13,1.863498529e-13,8.627170493e-13,1.877138514e-12,9.981795259e-13,4.578722619e-13,8.822290372e-14,5.71425604e-13,1.726420042e-13,6.008239763e-15,3.899668386e-14,1.578295106e-13,1.129263421e-13,3.947323322e-13,5.426819433e-13,2.519674219e-13,1.804052518e-13,1.445418554e-13,3.444214145e-13,1.229285279e-13
14.828125,1.343205712e-13,2.191174415e-13,4.997170967e-13,7.12418649e-13,1.374404671e-13,2.416799587e-13,4.215952755e-14,2.459599197e-13,3.296623936e-14,1.669664596e-13,2.459443462e-13,1.186369989e-13,4.03764028e-13,1.852517421e-13,8.530179827e-13,1.853536123e-12,9.853799623e-13,4.579033045e-13,8.839313775e-14,5.685142012e-13,1.69767265e-13,6.052642507e-15,3.904636785e-14,1.564252764e-13,1.123068177e-13,3.948521197e-13,5.424922609e-13,2.51671077e-13,1.797091317e-13,1.441364835e-13,3.459263217e-13,1.216143708e-13
14.8359375,1.317256509e-13,2.204501298e-13,4.942150437e-13,7.087360101e-13,1.365922083e-13,2.375621906e-13,4.18191424e-14,2.43083394e-13,3.239300865e-14,1.670225612e-13,2.440996204e-13,1.182152208e-13,4.048079795e-13,1.841600591e-13,8.433084381e-13,1.829868627e-12,9.725873822e-13,4.580614356e-13,8.857729552e-14,5.656033577e-13,1.669508016e-13,6.095968933e-15,3.908704803e-14,1.550416113e-13,1.117159817e-13,3.94964762e-13,5.423427165e-13,2.512704871e-13,1.789247877e-13,1.437111832e-13,3.474684198e-13,1.203321631e-13
14.84375,1.292594666e-13,2.220275194e-13,4.887917184e-13,7.052340079e-13,1.357604963e-13,2.336318816e-13,4.150979098e-14,2.401919789e-13,3.181141226e-14,1.670712556e-13,2.423566905e-13,1.178116032e-13,4.05953699e-13,1.830974348e-13,8.33872729e-13,1.806452293e-12,9.598794894e-13,4.584235791e-13,8.883761395e-14,5.626556107e-13,1.642294406e-13,6.143296505e-15,3.914241407e-14,1.536765824e-13,1.111790324e-13,3.951376481e-13,5.422129442e-13,2.509449887e-13,1.78266962e-13,1.432695353e-13,3.490175742e-13,1.190490338e-13
14.8515625,1.269644235e-13,2.238861695e-13,4.834007921e-13,7.01676338e-13,1.349296328e-13,2.297837812e-13,4.122685881e-14,2.37237011e-13,3.122512993e-14,1.671318249e-13,2.407693407e-13,1.174686587e-13,4.071366277e-13,1.821271755e-13,8.245423144e-13,1.78312028e-12,9.472558014e-13,4.589527028e-13,8.917247543e-14,5.593773142e-13,1.615878365e-13,6.183376172e-15,3.91745551e-14,1.523156239e-13,1.106696878e-13,3.95204034e-13,5.419618239e-13,2.507583902e-13,1.778735957e-13,1.428159865e-13,3.506364557e-13,1.177136964e-13
14.859375,1.245638879e-13,2.255212695e-13,4.781655597e-13,6.978991967e-13,1.341085041e-13,2.259445602e-13,4.094465482e-14,2.34285583e-13,3.066599215e-14,1.670800855e-13,2.393037434e-13,1.171130591e-13,4.081448043e-13,1.810735154e-13,8.151201835e-13,1.759707169e-12,9.346455227e-13,4.595679128e-13,8.956100082e-14,5.559804728e-13,1.589006915e-13,6.230065729e-15,3.91712566e-14,1.509887947e-13,1.101768315e-13,3.951172285e-13,5.416663194e-13,2.504149033e-13,1.775189666e-13,1.423455529e-13,3.522401292e-13,1.163767766e-13
14.8671875,1.22049983e-13,2.268234822e-13,4.729760037e-13,6.942234554e-13,1.332544697e-13,2.221999253e-13,4.067668984e-14,2.313217749e-13,3.013452943e-14,1.669472598e-13,2.378055463e-13,1.166381e-13,4.089272994e-13,1.797474115e-13,8.056373139e-13,1.736232684e-12,9.21909785e-13,4.601609202e-13,8.9974621e-14,5.52756488e-13,1.561814204e-13,6.300864645e-15,3.919402742e-14,1.497407811e-13,1.097001669e-13,3.950212074e-13,5.412933835e-13,2.498764097e-13,1.771601505e-13,1.418685718e-13,3.535715508e-13,1.150837555e-13
14.875,1.196823839e-13,2.28199352e-13,4.675151908e-13,6.905945642e-13,1.324213136e-13,2.184549003e-13,4.044167364e-14,2.283066304e-13,2.961916653e-14,1.669039489e-13,2.361752159e-13,1.161071004e-13,4.096813345e-13,1.783436028e-13,7.959873189e-13,1.712468425e-12,9.089553247e-13,4.607266806e-13,9.039537368e-14,5.49280818e-13,1.535752284e-13,6.379328665e-15,3.924078544e-14,1.485279697e-13,1.092196607e-13,3.949189062e-13,5.407307215e-13,2.494205968e-13,1.769096528e-13,1.413726727e-13,3.547268147e-13,1.137855657e-13
14.8828125,1.173672858e-13,2.298092195e-13,4.619650237e-13,6.866985057e-13,1.317683124e-13,2.146292418e-13,4.02138485e-14,2.253242263e-13,2.912111454e-14,1.669198164e-13,2.346311894e-13,1.15635528e-13,4.105362511e-13,1.771039041e-13,7.862259568e-13,1.688446619e-12,8.959203844e-13,4.614091337e-13,9.086415465e-14,5.454263077e-13,1.510755421e-13,6.454054211e-15,3.92581121e-14,1.47307212e-13,1.087438271e-13,3.946989833e-13,5.400980456e-13,2.490497095e-13,1.767022457e-13,1.408322287e-13,3.56027418e-13,1.124677264e-13
14.890625,1.15005453e-13,2.316365903e-13,4.565934426e-13,6.827472139e-13,1.312881707e-13,2.108709221e-13,3.997303836e-14,2.223643068e-13,2.862740079e-14,1.668308979e-13,2.332728062e-13,1.152018096e-13,4.113617192e-13,1.759685015e-13,7.767449548e-13,1.664768204e-12,8.83010709e-13,4.622567282e-13,9.139306272e-14,5.416519184e-13,1.485920015e-13,6.529650583e-15,3.926440691e-14,1.460888098e-13,1.083009048e-13,3.944090262e-13,5.394925044e-13,2.486281379e-13,1.765306533e-13,1.402700811e-13,3.574281223e-13,1.11162139e-13
14.8984375,1.128176487e-13,2.336525197e-13,4.51086187e-13,6.789284215e-13,1.308190165e-13,2.071970275e-13,3.974499332e-14,2.193616193e-13,2.81402966e-14,1.666500436e-13,2.318331063e-13,1.147428608e-13,4.120070193e-13,1.748195745e-13,7.675209359e-13,1.641663002e-12,8.703068732e-13,4.631860008e-13,9.19322254e-14,5.378810415e-13,1.461236606e-13,6.59691604e-15,3.928962014e-14,1.448737935e-13,1.078928961e-13,3.941500168e-13,5.388218222e-13,2.481795047e-13,1.76440916e-13,1.397020902e-13,3.586675394e-13,1.09862559e-13
14.90625,1.107606564e-13,2.355472346e-13,4.453322345e-13,6.750683573e-13,1.303670818e-13,2.0350686e-13,3.955174866e-14,2.16432646e-13,2.767990143e-14,1.665132635e-13,2.303001678e-13,1.142643126e-13,4.125064962e-13,1.736310018e-13,7.581870325e-13,1.618762136e-12,8.577674648e-13,4.642179638e-13,9.247404777e-14,5.338478947e-13,1.436835933e-13,6.652175437e-15,3.930552327e-14,1.436948883e-13,1.075105035e-13,3.938491159e-13,5.380327945e-13,2.476591856e-13,1.763559025e-13,1.390916669e-13,3.59733046e-13,1.085893267e-13
14.9140625,1.085553747e-13,2.372020259e-13,4.397421298e-13,6.712948188e-13,1.300332288e-13,1.998809993e-13,3.937298706e-14,2.136291606e-13,2.722627467e-14,1.664198416e-13,2.289547699e-13,1.137863857e-13,4.129329699e-13,1.723699765e-13,7.488051351e-13,1.595827958e-12,8.45208407e-13,4.653903098e-13,9.303314903e-14,5.298424506e-13,1.412887752e-13,6.711051909e-15,3.929349447e-14,1.425964477e-13,1.071268999e-13,3.933938675e-13,5.371145845e-13,2.470284693e-13,1.763153507e-13,1.38430652e-13,3.607682788e-13,1.073787007e-13
14.921875,1.062614487e-13,2.390209775e-13,4.343232933e-13,6.677451702e-13,1.297354432e-13,1.963762096e-13,3.918932216e-14,2.107850321e-13,2.676356527e-14,1.662594524e-13,2.277828307e-13,1.133067431e-13,4.132837154e-13,1.71042002e-13,7.39622027e-13,1.572952133e-12,8.326083064e-13,4.666817073e-13,9.361024107e-14,5.260337946e-13,1.389643174e-13,6.780807641e-15,3.927828812e-14,1.415465867e-13,1.067281728e-13,3.928381637e-13,5.360828449e-13,2.464407308e-13,1.764108923e-13,1.377545165e-13,3.617961702e-13,1.061750771e-13
14.9296875,1.040486691e-13,2.410756076e-13,4.287307665e-13,6.639754525e-13,1.293976414e-13,1.928715502e-13,3.902087512e-14,2.078340353e-13,2.632036185e-14,1.660201426e-13,2.265798121e-13,1.128068992e-13,4.135640206e-13,1.696910234e-13,7.305731604e-13,1.550281841e-12,8.20194522e-13,4.681431169e-13,9.423241566e-14,5.221465478e-13,1.366392473e-13,6.853425857e-15,3.927884984e-14,1.40502548e-13,1.063636986e-13,3.922790066e-13,5.350323898e-13,2.459040025e-13,1.765327897e-13,1.370679287e-13,3.627317001e-13,1.0492306e-13
14.9375,1.018775434e-13,2.42871827e-13,4.229807351e-13,6.597094037e-13,1.291412475e-13,1.892806226e-13,3.888259424e-14,2.048563664e-13,2.5894468e-14,1.657723158e-13,2.252802671e-13,1.122534876e-13,4.137768441e-13,1.683026546e-13,7.214195081e-13,1.527661712e-12,8.077879721e-13,4.696482755e-13,9.488249522e-14,5.179627879e-13,1.342675346e-13,6.916895427e-15,3.926621751e-14,1.394373067e-13,1.060390444e-13,3.916575221e-13,5.339132308e-13,2.452026854e-13,1.76612516e-13,1.363446704e-13,3.635184148e-13,1.036591941e-13
14.9453125,9.973650489e-14,2.443173092e-13,4.17237691e-13,6.553987619e-13,1.290264928e-13,1.856365287e-13,3.875085192e-14,2.018554782e-13,2.54541955e-14,1.655435473e-13,2.239219123e-13,1.116488749e-13,4.138812984e-13,1.668632434e-13,7.119863244e-13,1.504726708e-12,7.950022863e-13,4.709334121e-13,9.549926872e-14,5.134646252e-13,1.319639972e-13,6.967391543e-15,3.921205296e-14,1.383085655e-13,1.056803808e-13,3.908757957e-13,5.325870089e-13,2.443252297e-13,1.76738807e-13,1.355789664e-13,3.641976483e-13,1.024033544e-13
14.953125,9.764720757e-14,2.458849772e-13,4.114932996e-13,6.514284358e-13,1.289684373e-13,1.820463691e-13,3.861683742e-14,1.987967418e-13,2.500656649e-14,1.653363242e-13,2.22615875e-13,1.110535408e-13,4.138800456e-13,1.654074393e-13,7.024311578e-13,1.481636603e-12,7.821220133e-13,4.721828958e-13,9.610215124e-14,5.087861691e-13,1.297888347e-13,7.019978819e-15,3.916017757e-14,1.371613734e-13,1.052973582e-13,3.900078113e-13,5.311855147e-13,2.43475196e-13,1.769542332e-13,1.347941849e-13,3.648547185e-13,1.01146616e-13
14.9609375,9.555107881e-14,2.47767382e-13,4.056922761e-13,6.475165519e-13,1.289570358e-13,1.78531024e-13,3.85054643e-14,1.957142216e-13,2.457493842e-14,1.651428708e-13,2.214018935e-13,1.104917473e-13,4.138151712e-13,1.639490341e-13,6.931044849e-13,1.458883895e-12,7.695334916e-13,4.737123106e-13,9.672413729e-14,5.040599961e-13,1.276475031e-13,7.084340712e-15,3.914202322e-14,1.360812713e-13,1.049605553e-13,3.891802222e-13,5.298689083e-13,2.426906645e-13,1.772608579e-13,1.340096125e-13,3.654790282e-13,9.992706779e-14
14.96875,9.3475998e-14,2.496668138e-13,3.997645873e-13,6.43254655e-13,1.29015391e-13,1.749249489e-13,3.841753492e-14,1.926639772e-13,2.41715176e-14,1.649240621e-13,2.20163361e-13,1.099006091e-13,4.136568793e-13,1.624732489e-13,6.839426537e-13,1.436395264e-12,7.570092042e-13,4.753474426e-13,9.732512115e-14,4.992135107e-13,1.254927191e-13,7.145932916e-15,3.910434869e-14,1.350225812e-13,1.046536173e-13,3.883563372e-13,5.284783429e-13,2.418093133e-13,1.776353691e-13,1.332115513e-13,3.659632841e-13,9.875062579e-14
14.9765625,9.148212104e-14,2.513806126e-13,3.93735266e-13,6.387131872e-13,1.29088022e-13,1.712364733e-13,3.833692151e-14,1.896516555e-13,2.38033685e-14,1.646626596e-13,2.188953459e-13,1.092346027e-13,4.133437261e-13,1.609553982e-13,6.747180683e-13,1.41395884e-12,7.444507156e-13,4.769711387e-13,9.788796021e-14,4.942418521e-13,1.23350542e-13,7.198408184e-15,3.903809583e-14,1.339251861e-13,1.043453235e-13,3.874453279e-13,5.268769915e-13,2.407463638e-13,1.780078441e-13,1.323750392e-13,3.662817165e-13,9.755347106e-14
14.984375,8.952868592e-14,2.530546715e-13,3.87806134e-13,6.341930023e-13,1.291835371e-13,1.677576759e-13,3.828474116e-14,1.866202714e-13,2.344925761e-14,1.643961084e-13,2.177226262e-13,1.085359359e-13,4.129009597e-13,1.593911215e-13,6.656334323e-13,1.391816119e-12,7.321204235e-13,4.787973827e-13,9.843189144e-14,4.892943397e-13,1.212362968e-13,7.252070805e-15,3.899666098e-14,1.328273884e-13,1.040565665e-13,3.864561145e-13,5.251699366e-13,2.396142083e-13,1.783919585e-13,1.315024455e-13,3.665232111e-13,9.6313249e-14
14.9921875,8.761673644e-14,2.548147774e-13,3.820632093e-13,6.297479709e-13,1.293485106e-13,1.645167886e-13,3.827754492e-14,1.835519542e-13,2.308233927e-14,1.641958601e-13,2.16660112e-13,1.078462262e-13,4.123766253e-13,1.578208395e-13,6.568127743e-13,1.370033254e-12,7.199722871e-13,4.807072924e-13,9.896964416e-14,4.842872621e-13,1.191965109e-13,7.307182269e-15,3.89484137e-14,1.317406629e-13,1.037742211e-13,3.853912507e-13,5.234279493e-13,2.38547247e-13,1.78884011e-13,1.306166133e-13,3.667274569e-13,9.506927749e-14
15,8.576095535e-14,2.565625887e-13,3.763426829e-13,6.252533191e-13,1.294955961e-13,1.612376025e-13,3.827037875e-14,1.805262038e-13,2.272200322e-14,1.640764612e-13,2.156330596e-13,1.071368053e-13,4.117008461e-13,1.562335777e-13,6.479732386e-13,1.348426672e-12,7.07809609e-13,4.823813207e-13,9.953011409e-14,4.791232032e-13,1.17247659e-13,7.367236428e-15,3.883105075e-14,1.306868289e-13,1.03463347e-13,3.842187648e-13,5.21606299e-13,2.375014276e-13,1.795456935e-13,1.297315975e-13,3.668327209e-13,9.386512495e-14
15.0078125,8.38844938e-14,2.582348101e-13,3.705072697e-13,6.206394323e-13,1.295830754e-13,1.578775198e-13,3.822904542e-14,1.775720996e-13,2.239474696e-14,1.63913165e-13,2.145514656e-13,1.063798102e-13,4.107973116e-13,1.545771532e-13,6.390597966e-13,1.327080143e-12,6.95660103e-13,4.838871634e-13,1.000878136e-13,4.740170632e-13,1.153292e-13,7.442014088e-15,3.867906605e-14,1.297282403e-13,1.031340485e-13,3.829883956e-13,5.196327482e-13,2.363508541e-13,1.802949944e-13,1.288413819e-13,3.667756102e-13,9.272363718e-14
15.015625,8.200839634e-14,2.598936063e-13,3.646338952e-13,6.159111125e-13,1.297771895e-13,1.545898114e-13,3.820309092e-14,1.746048016e-13,2.208434522e-14,1.636489102e-13,2.133843203e-13,1.056221055e-13,4.097988746e-13,1.529402689e-13,6.302614514e-13,1.305980858e-12,6.83543679e-13,4.854531703e-13,1.005674133e-13,4.689562524e-13,1.134555461e-13,7.513559808e-15,3.854346785e-14,1.28765275e-13,1.028117149e-13,3.817518732e-13,5.174759239e-13,2.351143761e-13,1.808889953e-13,1.279366903e-13,3.666030328e-13,9.160939121e-14
15.0234375,8.022582345e-14,2.614949778e-13,3.588484616e-13,6.111439402e-13,1.301793845e-13,1.513664861e-13,3.823253338e-14,1.715890235e-13,2.17720758e-14,1.634355785e-13,2.12231293e-13,1.049227912e-13,4.088781917e-13,1.514539365e-13,6.215321513e-13,1.284883384e-12,6.714285298e-13,4.871961224e-13,1.010031345e-13,4.636054408e-13,1.116734683e-13,7.561145225e-15,3.841479761e-14,1.276611903e-13,1.025094389e-13,3.804624698e-13,5.15271935e-13,2.338646536e-13,1.813012437e-13,1.270228147e-13,3.664606022e-13,9.046722479e-14
15.03125,7.844478005e-14,2.629096598e-13,3.530816908e-13,6.063994246e-13,1.30682534e-13,1.481149208e-13,3.826485636e-14,1.685861586e-13,2.146584232e-14,1.633110901e-13,2.111185783e-13,1.042418174e-13,4.079391095e-13,1.500288182e-13,6.127746637e-13,1.26382319e-12,6.593421061e-13,4.891379766e-13,1.014613862e-13,4.580139227e-13,1.098938303e-13,7.601913031e-15,3.826946601e-14,1.265241168e-13,1.022289325e-13,3.790877471e-13,5.131167977e-13,2.325149656e-13,1.818578585e-13,1.260936741e-13,3.663293437e-13,8.931790893e-14
15.0390625,7.656758744e-14,2.642338132e-13,3.472005851e-13,6.016027525e-13,1.31190097e-13,1.448509113e-13,3.82727873e-14,1.656171723e-13,2.116203245e-14,1.631394874e-13,2.099743306e-13,1.034929694e-13,4.067959509e-13,1.484863837e-13,6.040109854e-13,1.242893364e-12,6.472957702e-13,4.91113018e-13,1.018829197e-13,4.524502704e-13,1.080659034e-13,7.652103817e-15,3.810309597e-14,1.254687708e-13,1.019519337e-13,3.776710905e-13,5.108521354e-13,2.309923021e-13,1.8264126e-13,1.251316261e-13,3.659719624e-13,8.820325395e-14
15.046875,7.472759127e-14,2.657495854e-13,3.412771656e-13,5.96621091e-13,1.317121826e-13,1.416433382e-13,3.832302272e-14,1.626300927e-13,2.084637165e-14,1.629525114e-13,2.088694942e-13,1.027060671e-13,4.054782578e-13,1.468421754e-13,5.952238412e-13,1.221997589e-12,6.353433667e-13,4.930059432e-13,1.022384975e-13,4.468612641e-13,1.062973609e-13,7.701460789e-15,3.793901965e-14,1.244157831e-13,1.016631223e-13,3.762784514e-13,5.084654445e-13,2.294289501e-13,1.83404341e-13,1.24165214e-13,3.653727354e-13,8.710505585e-14
15.0546875,7.302828326e-14,2.674140798e-13,3.354174996e-13,5.914397224e-13,1.322840034e-13,1.384850584e-13,3.842768607e-14,1.595992691e-13,2.053701055e-14,1.628134087e-13,2.078339451e-13,1.019698472e-13,4.040843939e-13,1.452279956e-13,5.86502619e-13,1.201335161e-12,6.235974638e-13,4.949614554e-13,1.026089486e-13,4.412341879e-13,1.045996843e-13,7.744283045e-15,3.779599948e-14,1.233408705e-13,1.013739281e-13,3.749437793e-13,5.061325199e-13,2.278989147e-13,1.841299303e-13,1.232311495e-13,3.64749756e-13,8.600631556e-14
15.0625,7.137950027e-14,2.688576927e-13,3.295927865e-13,5.86296507e-13,1.329229976e-13,1.353511586e-13,3.851430191e-14,1.565539389e-13,2.025890098e-14,1.626002733e-13,2.067359706e-13,1.012532367e-13,4.026281149e-13,1.436839588e-13,5.780361792e-13,1.181199472e-12,6.120479649e-13,4.969985793e-13,1.030030421e-13,4.356830602e-13,1.028724958e-13,7.783433946e-15,3.764417002e-14,1.222897337e-13,1.010999674e-13,3.73585776e-13,5.036988313e-13,2.263144659e-13,1.84913401e-13,1.222908852e-13,3.64069319e-13,8.491172379e-14
15.0703125,6.97407651e-14,2.701792955e-13,3.238177862e-13,5.814280373e-13,1.336192792e-13,1.32300671e-13,3.858390284e-14,1.535013992e-13,1.999470965e-14,1.623117193e-13,2.056383562e-13,1.00504257e-13,4.011456493e-13,1.42192108e-13,5.697635209e-13,1.161358068e-12,6.005722327e-13,4.989991082e-13,1.033747951e-13,4.300474738e-13,1.011583453e-13,7.818260908e-15,3.746546741e-14,1.212217507e-13,1.008419995e-13,3.721210746e-13,5.010412677e-13,2.247125467e-13,1.856930219e-13,1.213120416e-13,3.632367526e-13,8.380974643e-14
15.078125,6.816904717e-14,2.718142759e-13,3.181141629e-13,5.765422417e-13,1.343819491e-13,1.293095482e-13,3.868891598e-14,1.504166642e-13,1.971944062e-14,1.620880243e-13,2.046848113e-13,9.979146605e-14,3.996396103e-13,1.407770565e-13,5.615176412e-13,1.141534856e-12,5.891373891e-13,5.011134454e-13,1.037440174e-13,4.242457079e-13,9.954934456e-14,7.844427235e-15,3.729054942e-14,1.201270157e-13,1.006069056e-13,3.706692776e-13,4.985350071e-13,2.231411981e-13,1.865084127e-13,1.20340095e-13,3.624375079e-13,8.271013274e-14
15.0859375,6.664667047e-14,2.734654249e-13,3.124629389e-13,5.712741009e-13,1.352317153e-13,1.262576239e-13,3.88065409e-14,1.473357592e-13,1.944235953e-14,1.619182539e-13,2.037651664e-13,9.914450718e-14,3.98047718e-13,1.394534677e-13,5.533957702e-13,1.121936829e-12,5.778621462e-13,5.034558873e-13,1.041107112e-13,4.184833987e-13,9.7988339e-14,7.854164724e-15,3.711408363e-14,1.190336833e-13,1.004108912e-13,3.693134309e-13,4.962816652e-13,2.214449839e-13,1.874118377e-13,1.19389765e-13,3.617139997e-13,8.163971972e-14
15.09375,6.514316171e-14,2.746675807e-13,3.070225918e-13,5.660644013e-13,1.361106973e-13,1.232494956e-13,3.890359706e-14,1.443261852e-13,1.917784641e-14,1.617658069e-13,2.02853217e-13,9.849939199e-14,3.964778223e-13,1.382005105e-13,5.455794859e-13,1.10277436e-12,5.668662015e-13,5.058031753e-13,1.04460394e-13,4.127732359e-13,9.641099606e-14,7.859718762e-15,3.690109247e-14,1.179162536e-13,1.002379806e-13,3.678784142e-13,4.939055106e-13,2.196718742e-13,1.883149711e-13,1.184239284e-13,3.609096596e-13,8.058773511e-14
15.1015625,6.369384187e-14,2.759487464e-13,3.018846688e-13,5.613790152e-13,1.36985563e-13,1.204531771e-13,3.900712456e-14,1.41353021e-13,1.892325854e-14,1.61657561e-13,2.021193243e-13,9.787535056e-14,3.950853755e-13,1.370340799e-13,5.380650176e-13,1.08407079e-12,5.561691124e-13,5.081295359e-13,1.04845505e-13,4.070469592e-13,9.485804664e-14,7.889730702e-15,3.667716895e-14,1.167913562e-13,1.000584489e-13,3.663154662e-13,4.914780981e-13,2.181234854e-13,1.892842375e-13,1.174571528e-13,3.601208375e-13,7.954640637e-14
15.109375,6.228617743e-14,2.776706607e-13,2.967897219e-13,5.567671151e-13,1.379361403e-13,1.177294702e-13,3.913691982e-14,1.383504537e-13,1.867303773e-14,1.615311343e-13,2.01490868e-13,9.730332506e-14,3.936919756e-13,1.359476666e-13,5.307528643e-13,1.065903261e-12,5.457634889e-13,5.107157404e-13,1.052313337e-13,4.013810502e-13,9.33476715e-14,7.933076563e-15,3.648066391e-14,1.156648516e-13,9.989568391e-14,3.648170538e-13,4.892776052e-13,2.167059325e-13,1.903777749e-13,1.165204875e-13,3.594045559e-13,7.85386401e-14
15.1171875,6.088240828e-14,2.791490714e-13,2.91629194e-13,5.51900828e-13,1.389669598e-13,1.149605372e-13,3.928585466e-14,1.353496859e-13,1.842304162e-14,1.613623417e-13,2.008159441e-13,9.670201754e-14,3.920492588e-13,1.348540274e-13,5.23539869e-13,1.048086956e-12,5.355322224e-13,5.135213513e-13,1.0547954e-13,3.956753903e-13,9.184392586e-14,7.954448652e-15,3.628884052e-14,1.144673833e-13,9.977111382e-14,3.633590804e-13,4.870113628e-13,2.15072248e-13,1.914113654e-13,1.155907018e-13,3.585333584e-13,7.755506409e-14
15.125,5.952442543e-14,2.802315653e-13,2.865784781e-13,5.471199361e-13,1.400159185e-13,1.122649884e-13,3.944951449e-14,1.323558122e-13,1.817337233e-14,1.612109393e-13,2.002064668e-13,9.605468682e-14,3.902645577e-13,1.337348641e-13,5.163291582e-13,1.030213719e-12,5.251791336e-13,5.162073429e-13,1.056012184e-13,3.898645958e-13,9.033679845e-14,7.958815437e-15,3.607876035e-14,1.132302345e-13,9.963077431e-14,3.617631179e-13,4.844676369e-13,2.1329182e-13,1.923952051e-13,1.146384972e-13,3.575095715e-13,7.655717078e-14
15.1328125,5.823456454e-14,2.815526106e-13,2.815411903e-13,5.423019181e-13,1.411474749e-13,1.096159902e-13,3.962739949e-14,1.293072098e-13,1.79325455e-14,1.610354807e-13,1.996856258e-13,9.542583903e-14,3.884855414e-13,1.326641443e-13,5.090753544e-13,1.012334849e-12,5.146524337e-13,5.187009038e-13,1.056975086e-13,3.841402372e-13,8.88353609e-14,7.963298777e-15,3.586849009e-14,1.120067017e-13,9.944090748e-14,3.60074763e-13,4.819596428e-13,2.115422184e-13,1.934718767e-13,1.136523061e-13,3.565091076e-13,7.554269323e-14
15.140625,5.698017483e-14,2.83010309e-13,2.764007404e-13,5.370334606e-13,1.424016371e-13,1.069388301e-13,3.983558664e-14,1.262687555e-13,1.770739156e-14,1.60817705e-13,1.991040381e-13,9.478248746e-14,3.866213713e-13,1.316583123e-13,5.018179576e-13,9.947381311e-13,5.043419726e-13,5.21219891e-13,1.057559513e-13,3.784238076e-13,8.734991555e-14,7.964263356e-15,3.566702011e-14,1.107297555e-13,9.925269702e-14,3.583434539e-13,4.795398346e-13,2.096900879e-13,1.944911796e-13,1.126356867e-13,3.55442537e-13,7.45450699e-14
15.1484375,5.577217531e-14,2.841875904e-13,2.714630108e-13,5.317422925e-13,1.436486061e-13,1.044041748e-13,4.007592508e-14,1.233544602e-13,1.74930661e-14,1.606387797e-13,1.98543928e-13,9.410764404e-14,3.846539397e-13,1.306925808e-13,4.947395573e-13,9.774000723e-13,4.944920872e-13,5.239365449e-13,1.057882337e-13,3.725175877e-13,8.590429259e-14,7.970010603e-15,3.546268228e-14,1.094255906e-13,9.911024328e-14,3.564921742e-13,4.769544079e-13,2.077192964e-13,1.954512477e-13,1.116283486e-13,3.542520226e-13,7.359025906e-14
15.15625,5.460576481e-14,2.853349582e-13,2.668066304e-13,5.269645909e-13,1.448268483e-13,1.020449889e-13,4.030497413e-14,1.205042435e-13,1.728523205e-14,1.604706832e-13,1.98142277e-13,9.348011517e-14,3.826682157e-13,1.297489101e-13,4.880663602e-13,9.604175707e-13,4.849162813e-13,5.268148616e-13,1.058641207e-13,3.667163215e-13,8.450196678e-14,7.988744635e-15,3.525406856e-14,1.081832734e-13,9.900815106e-14,3.546374754e-13,4.743006119e-13,2.057928031e-13,1.966357594e-13,1.106447112e-13,3.53046421e-13,7.267774646e-14
15.1640625,5.344796874e-14,2.866262039e-13,2.620483332e-13,5.222960564e-13,1.460587276e-13,9.962471681e-14,4.051950252e-14,1.176486946e-13,1.71008827e-14,1.602695609e-13,1.977898902e-13,9.288257762e-14,3.806042311e-13,1.288183143e-13,4.81760033e-13,9.440486363e-13,4.75461884e-13,5.296920479e-13,1.059144723e-13,3.612929223e-13,8.311711853e-14,8.004243992e-15,3.504802699e-14,1.069432864e-13,9.892412529e-14,3.529278425e-13,4.717881182e-13,2.03831132e-13,1.979509933e-13,1.096422698e-13,3.517555312e-13,7.179426843e-14
15.171875,5.236326222e-14,2.878653517e-13,2.571836839e-13,5.172410512e-13,1.474428294e-13,9.712764847e-14,4.077414934e-14,1.148620652e-13,1.694812502e-14,1.600851134e-13,1.974336251e-13,9.225421164e-14,3.784323408e-13,1.279900639e-13,4.755958205e-13,9.281115337e-13,4.662271884e-13,5.325483145e-13,1.05849848e-13,3.559692676e-13,8.175259128e-14,8.007363583e-15,3.484496732e-14,1.056702854e-13,9.883702393e-14,3.512105846e-13,4.693121645e-13,2.017227955e-13,1.991327069e-13,1.086214421e-13,3.50329086e-13,7.094049097e-14
15.1796875,5.141172528e-14,2.889753817e-13,2.525878515e-13,5.120795864e-13,1.489256485e-13,9.474848261e-14,4.106101161e-14,1.121596384e-13,1.678739585e-14,1.598472448e-13,1.971568682e-13,9.16451614e-14,3.762675777e-13,1.273431795e-13,4.695700399e-13,9.124137779e-13,4.57306041e-13,5.35535544e-13,1.057222345e-13,3.505254001e-13,8.04464332e-14,8.00125566e-15,3.46386245e-14,1.043884147e-13,9.875795685e-14,3.493524235e-13,4.667359088e-13,1.995931318e-13,2.00279423e-13,1.076264035e-13,3.489350786e-13,7.013104027e-14
15.1875,5.052506243e-14,2.898783556e-13,2.482338999e-13,5.072126402e-13,1.504046537e-13,9.249156785e-14,4.13318174e-14,1.094842432e-13,1.659952271e-14,1.594762086e-13,1.968939225e-13,9.106449825e-14,3.740987607e-13,1.267663456e-13,4.638109733e-13,8.972089578e-13,4.486549715e-13,5.386447795e-13,1.055577303e-13,3.451324059e-13,7.920188589e-14,7.986543121e-15,3.442149023e-14,1.030368078e-13,9.870547045e-14,3.47450979e-13,4.64083243e-13,1.975047626e-13,2.014322841e-13,1.066462894e-13,3.475707548e-13,6.93669975e-14
15.1953125,4.964343631e-14,2.906335494e-13,2.43849876e-13,5.024855103e-13,1.518479186e-13,9.027868734e-14,4.161082394e-14,1.068831954e-13,1.643678198e-14,1.590940561e-13,1.965592933e-13,9.044422806e-14,3.718009991e-13,1.26154831e-13,4.582685183e-13,8.824993954e-13,4.401604133e-13,5.416756902e-13,1.053339835e-13,3.398655665e-13,7.795778686e-14,7.976334959e-15,3.419495107e-14,1.016626493e-13,9.864758258e-14,3.455282576e-13,4.613652943e-13,1.953773337e-13,2.024747587e-13,1.056482185e-13,3.460678119e-13,6.863280947e-14
15.203125,4.875800632e-14,2.915335788e-13,2.394657173e-13,4.975944447e-13,1.532803974e-13,8.816314788e-14,4.19298256e-14,1.043964978e-13,1.632223584e-14,1.587370876e-13,1.962531256e-13,8.980710872e-14,3.693740094e-13,1.255513413e-13,4.528792579e-13,8.679793666e-13,4.317372008e-13,5.445832296e-13,1.050942418e-13,3.346290156e-13,7.667123647e-14,7.981396635e-15,3.396875426e-14,1.003774315e-13,9.856580303e-14,3.435291084e-13,4.585753936e-13,1.931826238e-13,2.035662552e-13,1.046377755e-13,3.444540557e-13,6.793240357e-14
15.2109375,4.786222493e-14,2.924881478e-13,2.352330482e-13,4.926429669e-13,1.547901816e-13,8.615726322e-14,4.226564197e-14,1.019624851e-13,1.621197693e-14,1.582907234e-13,1.960725986e-13,8.920700092e-14,3.669043747e-13,1.25002193e-13,4.477200523e-13,8.537457801e-13,4.234194635e-13,5.475545396e-13,1.048275282e-13,3.295075198e-13,7.540611835e-14,7.989965299e-15,3.37441649e-14,9.907004046e-14,9.849739616e-14,3.415122939e-13,4.557747519e-13,1.909250198e-13,2.047948574e-13,1.036245584e-13,3.428371951e-13,6.729527373e-14
15.21875,4.702478741e-14,2.932370386e-13,2.311482018e-13,4.878637282e-13,1.565007261e-13,8.416584759e-14,4.26232727e-14,9.956835485e-14,1.609049803e-14,1.578169469e-13,1.959701789e-13,8.863175572e-14,3.644472378e-13,1.245645915e-13,4.428056809e-13,8.40013951e-13,4.15367223e-13,5.507303057e-13,1.044665313e-13,3.246076941e-13,7.423578917e-14,7.994068511e-15,3.351224179e-14,9.767187602e-14,9.844014193e-14,3.394915768e-13,4.529958134e-13,1.886368441e-13,2.059272381e-13,1.026169331e-13,3.412124476e-13,6.672016421e-14
15.2265625,4.630343211e-14,2.938651898e-13,2.27147526e-13,4.831346706e-13,1.58331933e-13,8.218843731e-14,4.302534895e-14,9.72480413e-14,1.59755135e-14,1.574244725e-13,1.958192351e-13,8.807035604e-14,3.619850025e-13,1.242682959e-13,4.380601024e-13,8.266339451e-13,4.077100807e-13,5.539972933e-13,1.040547941e-13,3.197950467e-13,7.309209187e-14,7.997693601e-15,3.32734049e-14,9.635420339e-14,9.835752785e-14,3.373816749e-13,4.50160427e-13,1.863488766e-13,2.06955588e-13,1.016273924e-13,3.395454909e-13,6.616743438e-14
15.234375,4.561043377e-14,2.943120626e-13,2.232050786e-13,4.782752059e-13,1.600634346e-13,8.032075978e-14,4.344320351e-14,9.499242356e-14,1.587316634e-14,1.570297199e-13,1.955385219e-13,8.751699943e-14,3.594341775e-13,1.23999792e-13,4.334516753e-13,8.134153309e-13,4.003050807e-13,5.571261981e-13,1.036410793e-13,3.150058614e-13,7.188355725e-14,8.002168062e-15,3.304091285e-14,9.515888666e-14,9.82700866e-14,3.351875091e-13,4.471976417e-13,1.83971484e-13,2.080633619e-13,1.006404432e-13,3.378018328e-13,6.563441641e-14
15.2421875,4.488246888e-14,2.945193396e-13,2.193504173e-13,4.734436452e-13,1.617641598e-13,7.857578722e-14,4.386576898e-14,9.280389222e-14,1.579826177e-14,1.565797216e-13,1.952292676e-13,8.696691583e-14,3.567800358e-13,1.237398897e-13,4.289363733e-13,8.002766922e-13,3.928253073e-13,5.600598821e-13,1.03169626e-13,3.103844848e-13,7.067188473e-14,8.010293336e-15,3.282007678e-14,9.394243299e-14,9.819671797e-14,3.329684752e-13,4.441459998e-13,1.814850946e-13,2.091851022e-13,9.964310494e-14,3.359806364e-13,6.515023366e-14
15.25,4.41859338e-14,2.949096429e-13,2.156419093e-13,4.687355678e-13,1.636367452e-13,7.689988792e-14,4.432981193e-14,9.066997331e-14,1.574995931e-14,1.561238491e-13,1.950557868e-13,8.644317221e-14,3.54082411e-13,1.236335192e-13,4.244427388e-13,7.871452566e-13,3.852320467e-13,5.62889642e-13,1.026316078e-13,3.05877809e-13,6.953663488e-14,8.018970793e-15,3.26019855e-14,9.264308131e-14,9.809603831e-14,3.3071847e-13,4.410508625e-13,1.790446011e-13,2.102422316e-13,9.86579726e-14,3.341257042e-13,6.469416926e-14
15.2578125,4.356610084e-14,2.955165795e-13,2.120994248e-13,4.639131838e-13,1.655945193e-13,7.527917907e-14,4.48329625e-14,8.851904492e-14,1.569336099e-14,1.556417534e-13,1.949828242e-13,8.5944081e-14,3.513353117e-13,1.236749379e-13,4.200037348e-13,7.740605644e-13,3.778043164e-13,5.656550763e-13,1.020919295e-13,3.012387585e-13,6.843513779e-14,8.017208152e-15,3.237915612e-14,9.126824834e-14,9.795498182e-14,3.283987577e-13,4.378634359e-13,1.766586809e-13,2.113018012e-13,9.769201449e-14,3.322113585e-13,6.422139085e-14
15.265625,4.30033417e-14,2.958260312e-13,2.087112736e-13,4.589271588e-13,1.675328017e-13,7.370998331e-14,4.533638828e-14,8.634409863e-14,1.562215944e-14,1.551123765e-13,1.94869404e-13,8.546157882e-14,3.485364428e-13,1.237805029e-13,4.157408421e-13,7.610927067e-13,3.706223053e-13,5.683638175e-13,1.015663251e-13,2.964823302e-13,6.733141161e-14,8.008100972e-15,3.214897373e-14,8.987688268e-14,9.78091037e-14,3.259783761e-13,4.345050212e-13,1.742054861e-13,2.123532438e-13,9.672577161e-14,3.302018757e-13,6.373547698e-14
15.2734375,4.247265441e-14,2.958785704e-13,2.05441752e-13,4.540357798e-13,1.695343728e-13,7.217476326e-14,4.582910013e-14,8.42080267e-14,1.555393967e-14,1.54570411e-13,1.94702623e-13,8.501134935e-14,3.457145496e-13,1.239866043e-13,4.117286718e-13,7.483162328e-13,3.635480415e-13,5.710332296e-13,1.010065438e-13,2.918623755e-13,6.625147556e-14,7.999495775e-15,3.191167866e-14,8.858160403e-14,9.766713848e-14,3.234832622e-13,4.309754623e-13,1.717090693e-13,2.134011879e-13,9.575571249e-14,3.281324129e-13,6.326389766e-14
15.28125,4.199068408e-14,2.960149698e-13,2.022492709e-13,4.492332366e-13,1.715852048e-13,7.068925675e-14,4.633103297e-14,8.211467806e-14,1.548671685e-14,1.540285868e-13,1.945514848e-13,8.456594515e-14,3.428250244e-13,1.243001378e-13,4.079670728e-13,7.359039334e-13,3.566289647e-13,5.736905805e-13,1.003556931e-13,2.874610242e-13,6.520058415e-14,7.987095639e-15,3.167800291e-14,8.73548868e-14,9.752561565e-14,3.209859478e-13,4.274061993e-13,1.692023892e-13,2.144815364e-13,9.478596465e-14,3.260214405e-13,6.282301515e-14
15.2890625,4.165457383e-14,2.962064842e-13,1.991957202e-13,4.443429718e-13,1.736546414e-13,6.928484511e-14,4.687041808e-14,8.004458486e-14,1.542484877e-14,1.535009549e-13,1.9447443e-13,8.413538362e-14,3.399285699e-13,1.247434647e-13,4.044388982e-13,7.238341307e-13,3.500009257e-13,5.764564623e-13,9.964206958e-14,2.831326317e-13,6.42015447e-14,7.974301617e-15,3.145604877e-14,8.607020135e-14,9.740200857e-14,3.184761265e-13,4.239571076e-13,1.666856213e-13,2.155137166e-13,9.382258387e-14,3.239721991e-13,6.242506803e-14
15.296875,4.147684364e-14,2.964845499e-13,1.963645125e-13,4.395313431e-13,1.75805149e-13,6.796565563e-14,4.744602638e-14,7.801704113e-14,1.537365867e-14,1.529626381e-13,1.945049409e-13,8.379385859e-14,3.37177123e-13,1.253892442e-13,4.011327814e-13,7.119241515e-13,3.436348186e-13,5.793634232e-13,9.894988219e-14,2.788175397e-13,6.330005556e-14,7.969921087e-15,3.124116967e-14,8.473940906e-14,9.728980378e-14,3.158951679e-13,4.206195689e-13,1.642628236e-13,2.165025864e-13,9.288383878e-14,3.221099776e-13,6.207006152e-14
15.3046875,4.127434452e-14,2.967769508e-13,1.936574555e-13,4.349037822e-13,1.779566959e-13,6.672255192e-14,4.803210779e-14,7.604245477e-14,1.531886866e-14,1.523336161e-13,1.945577375e-13,8.346529668e-14,3.344379797e-13,1.261263034e-13,3.980137703e-13,7.002963389e-13,3.37455905e-13,5.821735651e-13,9.821904756e-14,2.746233468e-13,6.245513369e-14,7.963454635e-15,3.104295355e-14,8.342236246e-14,9.716147059e-14,3.132667535e-13,4.172802684e-13,1.618627996e-13,2.174975693e-13,9.196064288e-14,3.202023669e-13,6.174857094e-14
15.3125,4.097325207e-14,2.966648882e-13,1.909426139e-13,4.301376997e-13,1.800631274e-13,6.553085373e-14,4.863594923e-14,7.41250372e-14,1.526332227e-14,1.516409068e-13,1.944672396e-13,8.303528297e-14,3.315553232e-13,1.268835876e-13,3.950397747e-13,6.890915324e-13,3.314347205e-13,5.848057224e-13,9.734836573e-14,2.705600412e-13,6.158672916e-14,7.9404849e-15,3.087828033e-14,8.209008669e-14,9.702808022e-14,3.106174559e-13,4.13933658e-13,1.592423434e-13,2.183335757e-13,9.101569017e-14,3.179959789e-13,6.144944313e-14
15.3203125,4.073626667e-14,2.962499743e-13,1.882740316e-13,4.251979541e-13,1.82255619e-13,6.434615722e-14,4.926375684e-14,7.227098488e-14,1.521464126e-14,1.509664112e-13,1.942325268e-13,8.262072306e-14,3.287334929e-13,1.278059927e-13,3.922366341e-13,6.781070105e-13,3.255684059e-13,5.875379197e-13,9.644900601e-14,2.665429232e-13,6.069426221e-14,7.904845569e-15,3.072728856e-14,8.076364787e-14,9.691974011e-14,3.079219205e-13,4.105972253e-13,1.5648992e-13,2.18984943e-13,9.004777348e-14,3.157612569e-13,6.115513515e-14
15.328125,4.061323863e-14,2.960423824e-13,1.85735427e-13,4.204430519e-13,1.844405101e-13,6.318106456e-14,4.989738111e-14,7.045881238e-14,1.515733945e-14,1.502979428e-13,1.94019303e-13,8.231106573e-14,3.259811721e-13,1.287791104e-13,3.896405419e-13,6.672406615e-13,3.198735838e-13,5.90410761e-13,9.561793634e-14,2.626303041e-13,5.980602175e-14,7.87079253e-15,3.055880136e-14,7.951329441e-14,9.682297812e-14,3.051974428e-13,4.071954277e-13,1.538487151e-13,2.197112016e-13,8.908779413e-14,3.13717041e-13,6.088234265e-14
15.3359375,4.048218829e-14,2.960031318e-13,1.833077944e-13,4.157303423e-13,1.864499757e-13,6.212309316e-14,5.057093553e-14,6.867906904e-14,1.509732179e-14,1.49645152e-13,1.93898576e-13,8.199005749e-14,3.229814222e-13,1.295823432e-13,3.871751533e-13,6.565620688e-13,3.142865171e-13,5.931478052e-13,9.47508211e-14,2.588878211e-13,5.892822987e-14,7.851204573e-15,3.038483418e-14,7.828370666e-14,9.669788953e-14,3.024654188e-13,4.037222698e-13,1.512616644e-13,2.205519819e-13,8.815453704e-14,3.116378626e-13,6.067763431e-14
15.34375,4.034258378e-14,2.958609036e-13,1.810134826e-13,4.106891035e-13,1.885186122e-13,6.120186884e-14,5.130677615e-14,6.694271132e-14,1.505251707e-14,1.490207599e-13,1.938173864e-13,8.16483326e-14,3.198726375e-13,1.305014059e-13,3.848124083e-13,6.460488809e-13,3.087985775e-13,5.958384226e-13,9.383405506e-14,2.552091433e-13,5.809530322e-14,7.842861013e-15,3.02382664e-14,7.698309566e-14,9.655339032e-14,2.996823749e-13,4.002686717e-13,1.486509751e-13,2.21400684e-13,8.725710002e-14,3.09504261e-13,6.051541074e-14
15.3515625,4.029087857e-14,2.955579203e-13,1.789372084e-13,4.056193894e-13,1.908696332e-13,6.036523788e-14,5.204343495e-14,6.523769672e-14,1.500891398e-14,1.483176611e-13,1.937524301e-13,8.136999174e-14,3.170334393e-13,1.318303693e-13,3.82747826e-13,6.358345656e-13,3.036063995e-13,5.987932962e-13,9.294720293e-14,2.515177592e-13,5.735371402e-14,7.827102319e-15,3.012493219e-14,7.565503694e-14,9.64485458e-14,2.968410363e-13,3.968381949e-13,1.460749973e-13,2.223177882e-13,8.638182395e-14,3.074752237e-13,6.033263986e-14
15.359375,4.033825185e-14,2.950446213e-13,1.770700071e-13,4.00880872e-13,1.933108125e-13,5.961396998e-14,5.278371792e-14,6.357749049e-14,1.496395802e-14,1.475164798e-13,1.937133039e-13,8.109039164e-14,3.14319358e-13,1.33312472e-13,3.810969591e-13,6.260375708e-13,2.986886873e-13,6.018250963e-13,9.20097067e-14,2.478973899e-13,5.669714448e-14,7.803063386e-15,3.002148905e-14,7.437652044e-14,9.638659292e-14,2.940065285e-13,3.933640578e-13,1.43459653e-13,2.232043734e-13,8.549234562e-14,3.053754524e-13,6.01643939e-14
15.3671875,4.044677578e-14,2.944960825e-13,1.753308831e-13,3.961875827e-13,1.956806294e-13,5.897491186e-14,5.359060939e-14,6.200485545e-14,1.493467323e-14,1.467335204e-13,1.937253618e-13,8.078071566e-14,3.115013147e-13,1.347422806e-13,3.796880079e-13,6.163973658e-13,2.937394602e-13,6.046204914e-13,9.097736377e-14,2.444718474e-13,5.607860732e-14,7.787285408e-15,2.990277889e-14,7.314778163e-14,9.629302027e-14,2.911856447e-13,3.898446543e-13,1.407608767e-13,2.238876155e-13,8.45890616e-14,3.031491315e-13,6.005900447e-14
15.375,4.057866136e-14,2.94116674e-13,1.737407029e-13,3.913360666e-13,1.980891029e-13,5.841965449e-14,5.442640735e-14,6.049877025e-14,1.490324065e-14,1.459487676e-13,1.938097601e-13,8.054695587e-14,3.086991432e-13,1.363002485e-13,3.784445264e-13,6.068187441e-13,2.888246086e-13,6.073874066e-13,8.998070635e-14,2.412794923e-13,5.546571563e-14,7.778381854e-15,2.976983302e-14,7.194517453e-14,9.61532055e-14,2.883041066e-13,3.863032431e-13,1.380917949e-13,2.245844e-13,8.36974368e-14,3.010588113e-13,5.996678903e-14
15.3828125,4.068443838e-14,2.936190664e-13,1.72408529e-13,3.865970648e-13,2.005753019e-13,5.796948235e-14,5.525622187e-14,5.90189012e-14,1.485174256e-14,1.450859585e-13,1.93883745e-13,8.039822739e-14,3.059153688e-13,1.380717924e-13,3.775012221e-13,5.975234972e-13,2.84226685e-13,6.102524959e-13,8.904248798e-14,2.382515138e-13,5.487030602e-14,7.769168127e-15,2.96415279e-14,7.074416013e-14,9.602349743e-14,2.853746367e-13,3.826994259e-13,1.354335067e-13,2.254765649e-13,8.28182518e-14,2.990494803e-13,5.987852251e-14
15.390625,4.076926779e-14,2.928276426e-13,1.713526411e-13,3.821348311e-13,2.029996634e-13,5.768811241e-14,5.613032099e-14,5.758654109e-14,1.48066148e-14,1.442186262e-13,1.938914745e-13,8.027878896e-14,3.03060502e-13,1.399324823e-13,3.768344571e-13,5.884652935e-13,2.7983457e-13,6.128920183e-13,8.807370472e-14,2.353325437e-13,5.432671921e-14,7.768662921e-15,2.952061944e-14,6.95515768e-14,9.589187177e-14,2.825152429e-13,3.790106923e-13,1.327296392e-13,2.263332095e-13,8.19695095e-14,2.969081944e-13,5.9858444e-14
15.3984375,4.089071856e-14,2.920020755e-13,1.704882464e-13,3.778414909e-13,2.053364511e-13,5.754365007e-14,5.703935942e-14,5.621247481e-14,1.478271944e-14,1.434137777e-13,1.939497022e-13,8.020804101e-14,3.002657844e-13,1.41823409e-13,3.763587625e-13,5.795857182e-13,2.755683641e-13,6.154095971e-13,8.709131624e-14,2.325182968e-13,5.383773501e-14,7.773711154e-15,2.93992312e-14,6.842856899e-14,9.573214512e-14,2.797156456e-13,3.753440487e-13,1.300711403e-13,2.270642414e-13,8.116927718e-14,2.947722182e-13,5.987016362e-14
15.40625,4.106194476e-14,2.911554648e-13,1.697413206e-13,3.735051026e-13,2.077632972e-13,5.748348453e-14,5.795327225e-14,5.488034535e-14,1.475755271e-14,1.426365321e-13,1.940619861e-13,8.016103215e-14,2.975439478e-13,1.437890533e-13,3.761783433e-13,5.710709749e-13,2.716172564e-13,6.18250753e-13,8.611538319e-14,2.2981395e-13,5.33760437e-14,7.766170928e-15,2.928336851e-14,6.736752736e-14,9.560379467e-14,2.768473393e-13,3.717791067e-13,1.274189329e-13,2.278737961e-13,8.035434426e-14,2.927261204e-13,5.983544072e-14
15.4140625,4.126544544e-14,2.901646889e-13,1.690693203e-13,3.689026754e-13,2.102795965e-13,5.749218965e-14,5.891098936e-14,5.360895309e-14,1.472221062e-14,1.418666073e-13,1.940419329e-13,8.005569391e-14,2.94722472e-13,1.458422405e-13,3.762434712e-13,5.627522185e-13,2.678008419e-13,6.210551794e-13,8.508355928e-14,2.273021613e-13,5.294259804e-14,7.750611578e-15,2.91815214e-14,6.629180858e-14,9.550528043e-14,2.739429518e-13,3.681727504e-13,1.246405608e-13,2.287789002e-13,7.947824289e-14,2.905832995e-13,5.980306815e-14
15.421875,4.148585903e-14,2.890760992e-13,1.684963378e-13,3.641458569e-13,2.12591441e-13,5.752556184e-14,5.990561412e-14,5.239206755e-14,1.469133238e-14,1.411226294e-13,1.938908399e-13,7.991268602e-14,2.918311432e-13,1.479303688e-13,3.763171603e-13,5.543190692e-13,2.638053957e-13,6.232030317e-13,8.401112296e-14,2.249628298e-13,5.255761914e-14,7.743682443e-15,2.908863652e-14,6.52218803e-14,9.534519765e-14,2.711078302e-13,3.643869095e-13,1.218458592e-13,2.296120772e-13,7.861800544e-14,2.883276706e-13,5.982993077e-14
15.4296875,4.166965045e-14,2.877776987e-13,1.680946093e-13,3.595911543e-13,2.146564476e-13,5.76169139e-14,6.090338786e-14,5.118967615e-14,1.466947624e-14,1.404228984e-13,1.937438452e-13,7.981018236e-14,2.889951122e-13,1.50080065e-13,3.765092873e-13,5.45999195e-13,2.598626066e-13,6.250529996e-13,8.2984716e-14,2.22560377e-13,5.220472559e-14,7.741122046e-15,2.899668126e-14,6.422724808e-14,9.514042528e-14,2.682726303e-13,3.605310144e-13,1.191659637e-13,2.302979249e-13,7.782911025e-14,2.860866882e-13,5.986460788e-14
15.4375,4.180899947e-14,2.863095209e-13,1.678088779e-13,3.551872684e-13,2.167740521e-13,5.78606452e-14,6.194522209e-14,5.003912061e-14,1.465229995e-14,1.397369723e-13,1.935775649e-13,7.97413315e-14,2.862125963e-13,1.523833042e-13,3.770754323e-13,5.380297296e-13,2.562318052e-13,6.271298771e-13,8.198869035e-14,2.200944849e-13,5.186526704e-14,7.735726832e-15,2.890529603e-14,6.330027065e-14,9.496352719e-14,2.65367985e-13,3.567213257e-13,1.164858811e-13,2.308594187e-13,7.704171089e-14,2.838247823e-13,5.987843191e-14
15.4453125,4.200272294e-14,2.849868739e-13,1.675417101e-13,3.506197417e-13,2.18988335e-13,5.820472516e-14,6.305079026e-14,4.899239563e-14,1.464287413e-14,1.390146898e-13,1.933741177e-13,7.965943764e-14,2.834672066e-13,1.547712084e-13,3.778768899e-13,5.301754822e-13,2.527183653e-13,6.291459312e-13,8.09367903e-14,2.177860867e-13,5.156698777e-14,7.737607494e-15,2.881299833e-14,6.240967634e-14,9.477656425e-14,2.624465627e-13,3.528823829e-13,1.137237265e-13,2.313804406e-13,7.620231174e-14,2.814656251e-13,5.991429941e-14
15.453125,4.226536741e-14,2.836622676e-13,1.674015064e-13,3.459644121e-13,2.2113886e-13,5.859502993e-14,6.419326636e-14,4.800409339e-14,1.464102364e-14,1.383390984e-13,1.931823044e-13,7.957453313e-14,2.807336734e-13,1.571772115e-13,3.787755958e-13,5.223126723e-13,2.492028912e-13,6.308386453e-13,7.984410621e-14,2.155982534e-13,5.132837431e-14,7.74967718e-15,2.871430563e-14,6.153430144e-14,9.454566047e-14,2.594966682e-13,3.489138051e-13,1.109789828e-13,2.319199246e-13,7.536260048e-14,2.790158255e-13,5.998524462e-14
15.4609375,4.252032754e-14,2.820800025e-13,1.674978911e-13,3.414427754e-13,2.233157003e-13,5.914653447e-14,6.53907074e-14,4.705101849e-14,1.464262536e-14,1.378139636e-13,1.929404257e-13,7.950893274e-14,2.779791597e-13,1.597594163e-13,3.799882149e-13,5.146663658e-13,2.458420116e-13,6.32458014e-13,7.879325205e-14,2.135455619e-13,5.112837545e-14,7.757108509e-15,2.861727723e-14,6.067551578e-14,9.431831718e-14,2.565048465e-13,3.448148128e-13,1.082995842e-13,2.324209172e-13,7.457457615e-14,2.764802701e-13,6.007758222e-14
15.46875,4.282019881e-14,2.804901676e-13,1.677389957e-13,3.369660776e-13,2.256166895e-13,5.989520021e-14,6.665284897e-14,4.61946346e-14,1.466117123e-14,1.37312116e-13,1.92625448e-13,7.944174254e-14,2.752544109e-13,1.625335039e-13,3.815749805e-13,5.073750484e-13,2.426885543e-13,6.34106374e-13,7.775796638e-14,2.118417161e-13,5.096126563e-14,7.758240172e-15,2.853646186e-14,5.988395075e-14,9.410064386e-14,2.535582358e-13,3.406791996e-13,1.056142906e-13,2.328308542e-13,7.380907523e-14,2.738616395e-13,6.019997404e-14
15.4765625,4.321424179e-14,2.788813234e-13,1.680988935e-13,3.32463466e-13,2.278921938e-13,6.073176629e-14,6.793843218e-14,4.542635435e-14,1.47017383e-14,1.367004215e-13,1.923171817e-13,7.936392378e-14,2.725805495e-13,1.652856086e-13,3.833358044e-13,5.003435536e-13,2.396392143e-13,6.356700478e-13,7.665670131e-14,2.102923973e-13,5.08245585e-14,7.765306532e-15,2.8462547e-14,5.914377715e-14,9.38597103e-14,2.506266799e-13,3.365895099e-13,1.028930347e-13,2.331439016e-13,7.301994338e-14,2.711698071e-13,6.034105875e-14
15.484375,4.36047976e-14,2.769596652e-13,1.686272104e-13,3.280620689e-13,2.300166741e-13,6.163433975e-14,6.923804864e-14,4.466276146e-14,1.471951014e-14,1.360998021e-13,1.919937688e-13,7.928513808e-14,2.699183809e-13,1.680323389e-13,3.852501252e-13,4.934153978e-13,2.366102712e-13,6.371127098e-13,7.552270152e-14,2.085596136e-13,5.068669818e-14,7.768199535e-15,2.837882761e-14,5.836987566e-14,9.359173161e-14,2.475898694e-13,3.324585572e-13,1.001861583e-13,2.333058268e-13,7.222274959e-14,2.684171047e-13,6.046013732e-14
15.4921875,4.400850162e-14,2.750224993e-13,1.69209841e-13,3.236854151e-13,2.320075724e-13,6.264099455e-14,7.057984943e-14,4.390746e-14,1.467965589e-14,1.355989994e-13,1.916279539e-13,7.917380508e-14,2.672989315e-13,1.70909105e-13,3.87350298e-13,4.865212219e-13,2.336045866e-13,6.383434792e-13,7.4424174e-14,2.06814767e-13,5.055624598e-14,7.752754106e-15,2.829013521e-14,5.76007293e-14,9.32947354e-14,2.44520416e-13,3.28216881e-13,9.750651625e-14,2.333402591e-13,7.145452318e-14,2.65673632e-13,6.056114694e-14
15.5,4.450103867e-14,2.733723901e-13,1.69791469e-13,3.191129973e-13,2.339656745e-13,6.373140291e-14,7.196347215e-14,4.323510549e-14,1.463164079e-14,1.35095576e-13,1.912751837e-13,7.902610725e-14,2.647388014e-13,1.738390623e-13,3.895205326e-13,4.796992055e-13,2.306749786e-13,6.39309582e-13,7.334949812e-14,2.053106445e-13,5.048404931e-14,7.74251217e-15,2.820159203e-14,5.693603942e-14,9.29773409e-14,2.415653167e-13,3.240129538e-13,9.481892146e-14,2.334227815e-13,7.071448412e-14,2.62983846e-13,6.068478133e-14
15.5078125,4.492882322e-14,2.716767948e-13,1.705064706e-13,3.144562317e-13,2.359914857e-13,6.489277265e-14,7.336960983e-14,4.266057567e-14,1.463618123e-14,1.345691796e-13,1.908773212e-13,7.89136214e-14,2.62177536e-13,1.767760562e-13,3.917741967e-13,4.72963452e-13,2.277941036e-13,6.401053027e-13,7.229328714e-14,2.039945278e-13,5.045695323e-14,7.758779166e-15,2.811198345e-14,5.634901065e-14,9.265470456e-14,2.386661889e-13,3.198611383e-13,9.215450414e-14,2.336029767e-13,6.998921071e-14,2.60235303e-13,6.082229833e-14
15.515625,4.521089411e-14,2.697275963e-13,1.713571837e-13,3.099848511e-13,2.379966495e-13,6.614966573e-14,7.481249974e-14,4.214312072e-14,1.467288466e-14,1.341076922e-13,1.903439323e-13,7.884300646e-14,2.595931915e-13,1.797762344e-13,3.942180801e-13,4.662635653e-13,2.248904285e-13,6.406849621e-13,7.12720471e-14,2.027888133e-13,5.043380071e-14,7.782639435e-15,2.803175146e-14,5.578353237e-14,9.229946887e-14,2.356638021e-13,3.155335419e-13,8.9551575e-14,2.336987324e-13,6.926143177e-14,2.573279368e-13,6.094491111e-14
15.5234375,4.555390478e-14,2.676437004e-13,1.722384833e-13,3.056325848e-13,2.398693885e-13,6.751114389e-14,7.631143742e-14,4.1666762e-14,1.469749777e-14,1.337060987e-13,1.897044523e-13,7.873856323e-14,2.569876118e-13,1.828100789e-13,3.967982024e-13,4.596014646e-13,2.220196126e-13,6.40958674e-13,7.025574736e-14,2.016819323e-13,5.044438197e-14,7.799407542e-15,2.796412503e-14,5.525145651e-14,9.190579933e-14,2.325621679e-13,3.110391739e-13,8.693650862e-14,2.335841317e-13,6.850820511e-14,2.543675429e-13,6.108149377e-14
15.53125,4.604302329e-14,2.654058066e-13,1.731894935e-13,3.011495085e-13,2.417350864e-13,6.893739426e-14,7.782472751e-14,4.124683931e-14,1.471265519e-14,1.333197694e-13,1.889555381e-13,7.86013348e-14,2.543650845e-13,1.859155268e-13,3.994496426e-13,4.530229053e-13,2.192675622e-13,6.411007693e-13,6.923161629e-14,2.007164234e-13,5.050682869e-14,7.811095683e-15,2.789947745e-14,5.473420219e-14,9.15238326e-14,2.295294788e-13,3.065928085e-13,8.42799185e-14,2.333268163e-13,6.775999842e-14,2.514753249e-13,6.12551905e-14
15.5390625,4.65779457e-14,2.631186854e-13,1.742706824e-13,2.965350729e-13,2.436432358e-13,7.040331048e-14,7.932452598e-14,4.088117544e-14,1.472752421e-14,1.329578663e-13,1.88135565e-13,7.848945272e-14,2.517782357e-13,1.891771512e-13,4.022267936e-13,4.465627074e-13,2.166341162e-13,6.412937201e-13,6.824382478e-14,1.999199019e-13,5.05745122e-14,7.811849001e-15,2.783742894e-14,5.419179179e-14,9.115102666e-14,2.26641354e-13,3.02207841e-13,8.169874109e-14,2.330518379e-13,6.707299285e-14,2.48622072e-13,6.14327135e-14
15.546875,4.716228615e-14,2.610976262e-13,1.754837322e-13,2.920240834e-13,2.454339597e-13,7.199175273e-14,8.08725849e-14,4.055250376e-14,1.473285381e-14,1.32608044e-13,1.87449298e-13,7.840687888e-14,2.49250381e-13,1.924935094e-13,4.052026821e-13,4.402884422e-13,2.141456857e-13,6.414822452e-13,6.731556228e-14,1.991284812e-13,5.06655836e-14,7.812312835e-15,2.776999157e-14,5.366637402e-14,9.073800292e-14,2.237891315e-13,2.978617953e-13,7.92463873e-14,2.328412535e-13,6.643397008e-14,2.457955969e-13,6.160145359e-14
15.5546875,4.780490464e-14,2.592723736e-13,1.768770006e-13,2.877589642e-13,2.471283668e-13,7.374119973e-14,8.247501111e-14,4.02690929e-14,1.473484025e-14,1.32234278e-13,1.869018918e-13,7.83471972e-14,2.467999061e-13,1.95805447e-13,4.083963981e-13,4.341993837e-13,2.11801333e-13,6.415628132e-13,6.643246893e-14,1.982635263e-13,5.086093357e-14,7.828875112e-15,2.767974101e-14,5.322694104e-14,9.030046788e-14,2.209266715e-13,2.936254086e-13,7.685531567e-14,2.326454078e-13,6.581119905e-14,2.430539022e-13,6.176757646e-14
15.5625,4.844461879e-14,2.572055065e-13,1.784583135e-13,2.835839508e-13,2.488625788e-13,7.552130334e-14,8.404408327e-14,4.003453909e-14,1.47422718e-14,1.318604744e-13,1.862186628e-13,7.831889722e-14,2.445298668e-13,1.992776031e-13,4.117354426e-13,4.281712862e-13,2.095180801e-13,6.415263893e-13,6.559398227e-14,1.975093487e-13,5.114362947e-14,7.841541459e-15,2.758440137e-14,5.28678178e-14,8.989727104e-14,2.181315353e-13,2.893720036e-13,7.450178695e-14,2.323203142e-13,6.521346479e-14,2.404125005e-13,6.19036707e-14
15.5703125,4.912748734e-14,2.548295614e-13,1.801592034e-13,2.792645335e-13,2.505890088e-13,7.731387397e-14,8.560298992e-14,3.982108206e-14,1.474286181e-14,1.31552814e-13,1.853747089e-13,7.830242564e-14,2.424422258e-13,2.029962885e-13,4.15240011e-13,4.222865387e-13,2.073951934e-13,6.414909288e-13,6.483212319e-14,1.96879676e-13,5.143184834e-14,7.843092689e-15,2.752221206e-14,5.254975786e-14,8.95528799e-14,2.153767623e-13,2.849616376e-13,7.220847681e-14,2.319371794e-13,6.462589108e-14,2.378865025e-13,6.201487773e-14
15.578125,4.991639717e-14,2.525649815e-13,1.819712016e-13,2.748764007e-13,2.522938763e-13,7.927774753e-14,8.724169864e-14,3.963415067e-14,1.473815159e-14,1.313241312e-13,1.846234752e-13,7.829509563e-14,2.403497882e-13,2.068238576e-13,4.19113331e-13,4.168338393e-13,2.056148493e-13,6.416111321e-13,6.415942801e-14,1.96236815e-13,5.17248274e-14,7.867025297e-15,2.749201507e-14,5.22514354e-14,8.924191235e-14,2.126065858e-13,2.805951247e-13,6.997083008e-14,2.317382071e-13,6.403419657e-14,2.3544993e-13,6.215325433e-14
15.5859375,5.074594121e-14,2.505186029e-13,1.839597301e-13,2.706606797e-13,2.541136081e-13,8.138971011e-14,8.890626245e-14,3.950097557e-14,1.47496451e-14,1.311150337e-13,1.840015678e-13,7.833672595e-14,2.381498037e-13,2.106268863e-13,4.233390554e-13,4.117449246e-13,2.040190078e-13,6.418504232e-13,6.351642018e-14,1.956674767e-13,5.20666286e-14,7.914649178e-15,2.746222293e-14,5.195138846e-14,8.890913538e-14,2.099136984e-13,2.764164349e-13,6.777757496e-14,2.316566889e-13,6.348850921e-14,2.329659483e-13,6.231985678e-14
15.59375,5.155796561e-14,2.482557311e-13,1.861936321e-13,2.666352008e-13,2.560362207e-13,8.351542759e-14,9.053002539e-14,3.939362217e-14,1.477106465e-14,1.308980665e-13,1.833377364e-13,7.843465262e-14,2.359499481e-13,2.144916179e-13,4.277108896e-13,4.067300098e-13,2.024046682e-13,6.420611054e-13,6.286028796e-14,1.952385523e-13,5.245609033e-14,7.95337656e-15,2.741904364e-14,5.167528427e-14,8.854419483e-14,2.073358008e-13,2.721984426e-13,6.562442475e-14,2.314459139e-13,6.301013844e-14,2.304323009e-13,6.247100488e-14
15.6015625,5.237523818e-14,2.456724609e-13,1.886142296e-13,2.627026467e-13,2.578213401e-13,8.573560316e-14,9.217397188e-14,3.929536621e-14,1.47723132e-14,1.307074766e-13,1.825425385e-13,7.853008687e-14,2.338743371e-13,2.185522744e-13,4.322802786e-13,4.018830274e-13,2.00922909e-13,6.421411636e-13,6.223873722e-14,1.948702465e-13,5.286920462e-14,7.978115134e-15,2.737168882e-14,5.149476953e-14,8.820001478e-14,2.047903961e-13,2.678191656e-13,6.349970074e-14,2.311582994e-13,6.253979123e-14,2.279754841e-13,6.259443775e-14
15.609375,5.322990956e-14,2.431402408e-13,1.909960623e-13,2.587848226e-13,2.592990448e-13,8.814758593e-14,9.384535497e-14,3.925164235e-14,1.475396626e-14,1.305275677e-13,1.816023722e-13,7.855588565e-14,2.318907765e-13,2.226154757e-13,4.370233629e-13,3.972917604e-13,1.996063602e-13,6.419121619e-13,6.167041138e-14,1.946565795e-13,5.329010974e-14,7.99899673e-15,2.73283019e-14,5.138221011e-14,8.787593509e-14,2.022919547e-13,2.634352767e-13,6.137183055e-14,2.308737625e-13,6.204382813e-14,2.255011143e-13,6.2708139e-14
15.6171875,5.414703296e-14,2.406802711e-13,1.93279939e-13,2.547228499e-13,2.606292548e-13,9.064751365e-14,9.548384397e-14,3.926652867e-14,1.474785578e-14,1.303376701e-13,1.805831138e-13,7.851979323e-14,2.298749248e-13,2.264384671e-13,4.416463542e-13,3.926331264e-13,1.982007106e-13,6.412884735e-13,6.111694233e-14,1.946575518e-13,5.372248829e-14,8.02007319e-15,2.728405783e-14,5.126424013e-14,8.750796717e-14,1.998440134e-13,2.59033423e-13,5.922907493e-14,2.304463033e-13,6.154611301e-14,2.229014906e-13,6.28246907e-14
15.625,5.512757088e-14,2.381072309e-13,1.956778255e-13,2.505262839e-13,2.620720716e-13,9.314966899e-14,9.714153493e-14,3.930143307e-14,1.476368851e-14,1.302450793e-13,1.796074403e-13,7.850711596e-14,2.278324438e-13,2.302678525e-13,4.462302911e-13,3.878399368e-13,1.967255643e-13,6.404867802e-13,6.060391008e-14,1.946427577e-13,5.420371721e-14,8.046474098e-15,2.723261176e-14,5.120305418e-14,8.709689904e-14,1.973321481e-13,2.54505031e-13,5.715979787e-14,2.2991561e-13,6.10603443e-14,2.203681713e-13,6.293427186e-14
15.6328125,5.615311645e-14,2.356236524e-13,1.982393458e-13,2.464459597e-13,2.635568782e-13,9.56895934e-14,9.887179065e-14,3.936022107e-14,1.477488367e-14,1.30313899e-13,1.786290685e-13,7.855246514e-14,2.258802392e-13,2.34388381e-13,4.510691725e-13,3.832548903e-13,1.953909534e-13,6.396429778e-13,6.016454697e-14,1.945479873e-13,5.476217507e-14,8.071311757e-15,2.71811026e-14,5.124262874e-14,8.668799552e-14,1.948070908e-13,2.500429994e-13,5.525079242e-14,2.294569405e-13,6.059139499e-14,2.179948522e-13,6.303240547e-14
15.640625,5.723423255e-14,2.333583321e-13,2.008592999e-13,2.424837487e-13,2.648869446e-13,9.832430073e-14,1.006011326e-13,3.944716354e-14,1.476352556e-14,1.304208315e-13,1.775321355e-13,7.859256323e-14,2.240002448e-13,2.386129055e-13,4.560632152e-13,3.789780803e-13,1.941887371e-13,6.386889285e-13,5.975739582e-14,1.945878871e-13,5.537647022e-14,8.090457242e-15,2.713824631e-14,5.126642273e-14,8.627838969e-14,1.924424008e-13,2.45795362e-13,5.344579574e-14,2.289892451e-13,6.016688776e-14,2.156336065e-13,6.314978895e-14
15.6484375,5.833591326e-14,2.310226697e-13,2.036208374e-13,2.384494267e-13,2.661047236e-13,1.010925061e-13,1.023046863e-13,3.955869477e-14,1.474077996e-14,1.305172175e-13,1.764026498e-13,7.858889383e-14,2.221075649e-13,2.427477559e-13,4.611304467e-13,3.748908934e-13,1.930937666e-13,6.376506306e-13,5.936564355e-14,1.947779146e-13,5.600510925e-14,8.116526932e-15,2.70962365e-14,5.124526908e-14,8.58610081e-14,1.901790009e-13,2.415127115e-13,5.168152745e-14,2.284132044e-13,5.980097849e-14,2.1328165e-13,6.32935604e-14
15.65625,5.936793648e-14,2.284325446e-13,2.06504319e-13,2.344141982e-13,2.672070086e-13,1.039184215e-13,1.040346508e-13,3.973941564e-14,1.471714525e-14,1.307172875e-13,1.753074633e-13,7.855080213e-14,2.202389978e-13,2.467664212e-13,4.663545286e-13,3.709509127e-13,1.92129446e-13,6.364677544e-13,5.900550745e-14,1.950242258e-13,5.661767994e-14,8.141942465e-15,2.705135994e-14,5.130764994e-14,8.544642763e-14,1.878781792e-13,2.370548193e-13,4.997434687e-14,2.277592416e-13,5.945469716e-14,2.109614103e-13,6.343077143e-14
15.6640625,6.039136178e-14,2.257143838e-13,2.092620425e-13,2.304772537e-13,2.680778899e-13,1.066653966e-13,1.057501597e-13,3.999326633e-14,1.469305715e-14,1.310079466e-13,1.741257257e-13,7.846452929e-14,2.184325602e-13,2.505814904e-13,4.715518238e-13,3.671166672e-13,1.912417898e-13,6.349799305e-13,5.865561996e-14,1.953692092e-13,5.722187475e-14,8.151130455e-15,2.702150247e-14,5.147631097e-14,8.501900425e-14,1.855930936e-13,2.326451018e-13,4.828702556e-14,2.26965413e-13,5.908120806e-14,2.085356639e-13,6.356943464e-14
15.671875,6.153924806e-14,2.230230915e-13,2.119668363e-13,2.265791811e-13,2.688626676e-13,1.094058477e-13,1.073925704e-13,4.02399206e-14,1.467563335e-14,1.312603628e-13,1.728456992e-13,7.834720165e-14,2.166890923e-13,2.543738192e-13,4.766618947e-13,3.634373846e-13,1.904715329e-13,6.333549597e-13,5.831691076e-14,1.957005196e-13,5.787414118e-14,8.160783726e-15,2.700705484e-14,5.16524849e-14,8.457448364e-14,1.833658498e-13,2.283517832e-13,4.659368627e-14,2.260425147e-13,5.86949808e-14,2.06045219e-13,6.371673193e-14
15.6796875,6.271554108e-14,2.203502344e-13,2.14883489e-13,2.227740841e-13,2.697186101e-13,1.122952641e-13,1.090023249e-13,4.046357296e-14,1.467109893e-14,1.314875087e-13,1.715706989e-13,7.825499819e-14,2.150365675e-13,2.584532737e-13,4.819397559e-13,3.60004891e-13,1.898254224e-13,6.317702362e-13,5.802096366e-14,1.959176708e-13,5.859472896e-14,8.180927298e-15,2.697640706e-14,5.180304416e-14,8.412804948e-14,1.811279499e-13,2.240057464e-13,4.498160378e-14,2.251033103e-13,5.834375389e-14,2.036780947e-13,6.381630357e-14
15.6875,6.383472057e-14,2.175833717e-13,2.178896109e-13,2.190212579e-13,2.705169427e-13,1.152536551e-13,1.10607402e-13,4.073376972e-14,1.467272956e-14,1.317737249e-13,1.702703599e-13,7.817571121e-14,2.133857301e-13,2.626022776e-13,4.873202714e-13,3.567109609e-13,1.891753599e-13,6.300253416e-13,5.777090887e-14,1.963110362e-13,5.932097418e-14,8.198629944e-15,2.692412037e-14,5.196979184e-14,8.3667647e-14,1.788866881e-13,2.196549444e-13,4.34689625e-14,2.240764826e-13,5.802895996e-14,2.014565161e-13,6.387112022e-14
15.6953125,6.508068889e-14,2.147783005e-13,2.207980912e-13,2.150763667e-13,2.71203213e-13,1.181778663e-13,1.121880428e-13,4.106061421e-14,1.466549018e-14,1.321133086e-13,1.688929311e-13,7.806669442e-14,2.116218613e-13,2.664844052e-13,4.925960679e-13,3.534794171e-13,1.886365757e-13,6.280701984e-13,5.758085387e-14,1.970013036e-13,6.001477714e-14,8.219679281e-15,2.687765096e-14,5.219600218e-14,8.320037293e-14,1.766850666e-13,2.154851735e-13,4.197284478e-14,2.229417038e-13,5.770966772e-14,1.993429787e-13,6.395919817e-14
15.703125,6.646248001e-14,2.120939731e-13,2.237210562e-13,2.110562122e-13,2.71827339e-13,1.211587688e-13,1.137494192e-13,4.139596637e-14,1.46391642e-14,1.324654937e-13,1.674721341e-13,7.793639544e-14,2.098543763e-13,2.702309677e-13,4.97899654e-13,3.504074823e-13,1.883433983e-13,6.260776555e-13,5.745622363e-14,1.976902495e-13,6.07127395e-14,8.247354576e-15,2.683801036e-14,5.248886998e-14,8.275153132e-14,1.744982214e-13,2.114455906e-13,4.051016072e-14,2.21855485e-13,5.736722874e-14,1.972538837e-13,6.40692935e-14
15.7109375,6.7739771e-14,2.094705745e-13,2.266997217e-13,2.072911072e-13,2.723037603e-13,1.242232818e-13,1.152912617e-13,4.173452006e-14,1.460832864e-14,1.327982397e-13,1.660232324e-13,7.77818127e-14,2.081845922e-13,2.740046353e-13,5.032507197e-13,3.474857539e-13,1.880669276e-13,6.239272237e-13,5.733915241e-14,1.983442771e-13,6.144335782e-14,8.261115922e-15,2.679169439e-14,5.280347876e-14,8.22884066e-14,1.723263272e-13,2.073923449e-13,3.914455263e-14,2.207425499e-13,5.702449716e-14,1.950230118e-13,6.414012324e-14
15.71875,6.899856172e-14,2.068265294e-13,2.296548393e-13,2.036434281e-13,2.726446671e-13,1.272853542e-13,1.167893521e-13,4.209377355e-14,1.459610382e-14,1.331119454e-13,1.6456639e-13,7.759052632e-14,2.065387297e-13,2.777882215e-13,5.084284544e-13,3.446370435e-13,1.877507321e-13,6.214988879e-13,5.722440259e-14,1.990939494e-13,6.219987526e-14,8.266232201e-15,2.674777298e-14,5.310612223e-14,8.179577473e-14,1.70199573e-13,2.033679047e-13,3.784777039e-14,2.194614795e-13,5.670860957e-14,1.927550386e-13,6.419890295e-14
15.7265625,7.046098366e-14,2.042194234e-13,2.326292942e-13,1.998643863e-13,2.72943171e-13,1.303326203e-13,1.18225842e-13,4.24499348e-14,1.4583199e-14,1.334864795e-13,1.631026773e-13,7.739455352e-14,2.049365107e-13,2.816014501e-13,5.134295659e-13,3.418594815e-13,1.875957348e-13,6.189734418e-13,5.718882771e-14,1.997789304e-13,6.29670426e-14,8.285300881e-15,2.670450277e-14,5.342465767e-14,8.132814843e-14,1.68110387e-13,1.994558031e-13,3.660084123e-14,2.181456959e-13,5.641386653e-14,1.907110038e-13,6.428043386e-14
15.734375,7.196328968e-14,2.01574774e-13,2.356502131e-13,1.961085187e-13,2.731413858e-13,1.33347991e-13,1.195920653e-13,4.277490818e-14,1.454203119e-14,1.339497817e-13,1.615756771e-13,7.721396433e-14,2.034347668e-13,2.853633595e-13,5.183324036e-13,3.391349291e-13,1.874917457e-13,6.163926553e-13,5.723177348e-14,2.003811881e-13,6.373586795e-14,8.310321395e-15,2.664825042e-14,5.378110359e-14,8.088492981e-14,1.660639931e-13,1.956159252e-13,3.543475726e-14,2.168273062e-13,5.611698229e-14,1.888234126e-13,6.434768728e-14
15.7421875,7.335728056e-14,1.988459362e-13,2.387213618e-13,1.925354708e-13,2.732949178e-13,1.363309123e-13,1.209176298e-13,4.308737005e-14,1.450475234e-14,1.343896874e-13,1.60038317e-13,7.705121792e-14,2.019302864e-13,2.889969536e-13,5.231703067e-13,3.365661095e-13,1.873795148e-13,6.137033561e-13,5.729184061e-14,2.010340794e-13,6.453158354e-14,8.332123166e-15,2.659406036e-14,5.415556097e-14,8.042710586e-14,1.640839715e-13,1.918508835e-13,3.432429396e-14,2.153581667e-13,5.581837268e-14,1.869567967e-13,6.437282651e-14
15.75,7.48098441e-14,1.962019513e-13,2.418771431e-13,1.89086427e-13,2.735097909e-13,1.394158707e-13,1.222478093e-13,4.340842196e-14,1.449670983e-14,1.34776874e-13,1.585650314e-13,7.690725695e-14,2.003893466e-13,2.926061909e-13,5.281446516e-13,3.343924371e-13,1.875492226e-13,6.110317877e-13,5.736862236e-14,2.015911029e-13,6.537049948e-14,8.360686835e-15,2.655356056e-14,5.454034711e-14,7.998422044e-14,1.621555851e-13,1.882660434e-13,3.323210132e-14,2.137898867e-13,5.552767469e-14,1.851782204e-13,6.437430071e-14
15.7578125,7.638256709e-14,1.936645275e-13,2.449849715e-13,1.85698809e-13,2.735829102e-13,1.426179421e-13,1.235671671e-13,4.37342455e-14,1.447783205e-14,1.352411053e-13,1.570352717e-13,7.672758031e-14,1.988735038e-13,2.961422515e-13,5.332731532e-13,3.3257898e-13,1.879844126e-13,6.083109971e-13,5.747540586e-14,2.020772104e-13,6.620814635e-14,8.391894173e-15,2.650770287e-14,5.494461595e-14,7.956270027e-14,1.602581075e-13,1.848433918e-13,3.219605502e-14,2.12229021e-13,5.523713794e-14,1.834248493e-13,6.438772894e-14
15.765625,7.802737984e-14,1.91138598e-13,2.479956712e-13,1.823282787e-13,2.734654299e-13,1.457620056e-13,1.248258662e-13,4.408888328e-14,1.444400506e-14,1.357930603e-13,1.553989493e-13,7.651008463e-14,1.973188235e-13,2.995465332e-13,5.382727352e-13,3.308850662e-13,1.884534426e-13,6.053945174e-13,5.762654383e-14,2.028181787e-13,6.704052481e-14,8.421827547e-15,2.645158879e-14,5.537084544e-14,7.911387516e-14,1.584021496e-13,1.814410045e-13,3.1253874e-14,2.10663868e-13,5.495789761e-14,1.816447296e-13,6.443993088e-14
15.7734375,7.985036336e-14,1.886832028e-13,2.511665399e-13,1.790424554e-13,2.73507445e-13,1.488469321e-13,1.259933775e-13,4.449388599e-14,1.444624342e-14,1.362960857e-13,1.538036208e-13,7.636337864e-14,1.957408976e-13,3.031293959e-13,5.432188721e-13,3.293770562e-13,1.891194838e-13,6.025951293e-13,5.787461574e-14,2.03773922e-13,6.793142781e-14,8.466385165e-15,2.639646418e-14,5.583849027e-14,7.866175546e-14,1.565973565e-13,1.780535456e-13,3.040019748e-14,2.091117336e-13,5.471724188e-14,1.800661936e-13,6.450827816e-14
15.78125,8.185145078e-14,1.862917867e-13,2.544837803e-13,1.759640228e-13,2.73715118e-13,1.52003618e-13,1.27086457e-13,4.489869548e-14,1.446457456e-14,1.367567813e-13,1.522337451e-13,7.625331008e-14,1.943081483e-13,3.069522448e-13,5.48339626e-13,3.282329016e-13,1.901125615e-13,6.001070298e-13,5.818306368e-14,2.046846388e-13,6.886333156e-14,8.522591762e-15,2.633713971e-14,5.635622103e-14,7.825244663e-14,1.548256799e-13,1.748137248e-13,2.963778427e-14,2.075153541e-13,5.449137696e-14,1.786953832e-13,6.455503306e-14
15.7890625,8.379828165e-14,1.83892525e-13,2.576292229e-13,1.729585362e-13,2.737317269e-13,1.551762993e-13,1.281790341e-13,4.527048293e-14,1.444341786e-14,1.372860955e-13,1.505612182e-13,7.603195752e-14,1.929722783e-13,3.105402681e-13,5.533259853e-13,3.272750552e-13,1.911658212e-13,5.974961464e-13,5.84325132e-14,2.055620289e-13,6.976458215e-14,8.56921669e-15,2.627255065e-14,5.688967564e-14,7.784774327e-14,1.530747558e-13,1.718007256e-13,2.895283751e-14,2.057962681e-13,5.423760578e-14,1.772349463e-13,6.459864028e-14
15.796875,8.563140682e-14,1.815307655e-13,2.606730077e-13,1.699218547e-13,2.735666236e-13,1.582644732e-13,1.292755937e-13,4.566047883e-14,1.441743908e-14,1.378392995e-13,1.488422688e-13,7.577133872e-14,1.915810558e-13,3.137983537e-13,5.579798777e-13,3.263692802e-13,1.921857086e-13,5.945775965e-13,5.865488005e-14,2.064902232e-13,7.065601786e-14,8.609823765e-15,2.621432359e-14,5.743645818e-14,7.74241363e-14,1.513857257e-13,1.68990592e-13,2.830665433e-14,2.04085715e-13,5.397476468e-14,1.757461074e-13,6.465830712e-14
15.8046875,8.757783532e-14,1.791760588e-13,2.638051908e-13,1.670267171e-13,2.733906655e-13,1.613204408e-13,1.302799383e-13,4.609603295e-14,1.443096983e-14,1.383234847e-13,1.471147848e-13,7.559697395e-14,1.902260661e-13,3.17098088e-13,5.626640487e-13,3.257495879e-13,1.93379495e-13,5.916763083e-13,5.897506171e-14,2.074815877e-13,7.158372718e-14,8.658903871e-15,2.616304725e-14,5.801618761e-14,7.70221547e-14,1.497834151e-13,1.662868369e-13,2.770519768e-14,2.02418485e-13,5.373280264e-14,1.745264992e-13,6.471114872e-14
15.8125,8.97396951e-14,1.768000992e-13,2.668375723e-13,1.641961229e-13,2.730775912e-13,1.643911367e-13,1.311822054e-13,4.655165107e-14,1.44474969e-14,1.387936478e-13,1.453060849e-13,7.541180872e-14,1.889586063e-13,3.203962496e-13,5.673455095e-13,3.254238327e-13,1.947741267e-13,5.887769129e-13,5.93705249e-14,2.085439606e-13,7.253648635e-14,8.714778613e-15,2.612215685e-14,5.857696265e-14,7.663873224e-14,1.481954778e-13,1.636352227e-13,2.717591503e-14,2.006247799e-13,5.350130197e-14,1.735072727e-13,6.476850104e-14
15.8203125,9.196908006e-14,1.745270973e-13,2.697004036e-13,1.612066149e-13,2.725573834e-13,1.674261133e-13,1.320194814e-13,4.700042988e-14,1.444315745e-14,1.393096052e-13,1.43484367e-13,7.516230655e-14,1.876328919e-13,3.234443314e-13,5.715912894e-13,3.251093882e-13,1.962718813e-13,5.856788345e-13,5.977819456e-14,2.096337895e-13,7.350550799e-14,8.77359953e-15,2.610318613e-14,5.90813737e-14,7.623454387e-14,1.465796064e-13,1.611284302e-13,2.672491985e-14,1.987625629e-13,5.328203569e-14,1.724710355e-13,6.485190919e-14
15.828125,9.419717729e-14,1.723147057e-13,2.725486904e-13,1.58269842e-13,2.719784544e-13,1.703678546e-13,1.327473122e-13,4.739583355e-14,1.444074327e-14,1.398382234e-13,1.417206122e-13,7.492672191e-14,1.862960968e-13,3.263913334e-13,5.755026469e-13,3.248435957e-13,1.978986922e-13,5.824994351e-13,6.022434881e-14,2.106992261e-13,7.448589859e-14,8.832349536e-15,2.609461346e-14,5.957876029e-14,7.582719816e-14,1.450024573e-13,1.588005974e-13,2.635575123e-14,1.969523967e-13,5.306831312e-14,1.714311633e-13,6.491819105e-14
15.8359375,9.645798464e-14,1.700479536e-13,2.752669525e-13,1.555634903e-13,2.713719481e-13,1.731901435e-13,1.33397701e-13,4.774595206e-14,1.444447138e-14,1.403911707e-13,1.399065326e-13,7.465743886e-14,1.850944094e-13,3.292733331e-13,5.792763118e-13,3.246899772e-13,1.995640692e-13,5.791587474e-13,6.067220072e-14,2.116967076e-13,7.546998721e-14,8.884887582e-15,2.607812926e-14,6.008956298e-14,7.543454487e-14,1.434712817e-13,1.565154622e-13,2.603732187e-14,1.950418617e-13,5.280619036e-14,1.704201614e-13,6.495431261e-14
15.84375,9.869954523e-14,1.678564217e-13,2.777791746e-13,1.528740647e-13,2.706982094e-13,1.759241966e-13,1.34053554e-13,4.815718953e-14,1.44590922e-14,1.410063648e-13,1.380298621e-13,7.432375827e-14,1.839100766e-13,3.318156076e-13,5.826871325e-13,3.244156009e-13,2.010911854e-13,5.754402394e-13,6.105679167e-14,2.12669487e-13,7.648998167e-14,8.937592003e-15,2.606367182e-14,6.061253326e-14,7.499992516e-14,1.419022395e-13,1.543174119e-13,2.575260149e-14,1.930152551e-13,5.249640169e-14,1.69403262e-13,6.501659218e-14
15.8515625,1.009866694e-13,1.658084924e-13,2.803910236e-13,1.501721554e-13,2.700607819e-13,1.786875031e-13,1.346443485e-13,4.862461589e-14,1.45000493e-14,1.416261314e-13,1.362201998e-13,7.406121971e-14,1.826663194e-13,3.341811712e-13,5.857762936e-13,3.241053787e-13,2.026551908e-13,5.71645348e-13,6.146425799e-14,2.137777316e-13,7.756390136e-14,9.00464009e-15,2.605871272e-14,6.118648551e-14,7.449959866e-14,1.402780491e-13,1.524558671e-13,2.558767143e-14,1.910970187e-13,5.220910574e-14,1.684923599e-13,6.508714679e-14
15.859375,1.034888239e-13,1.638194433e-13,2.832321716e-13,1.475977042e-13,2.695451766e-13,1.815542552e-13,1.351146977e-13,4.901387424e-14,1.455055311e-14,1.421924853e-13,1.34477086e-13,7.388762284e-14,1.815243676e-13,3.367701276e-13,5.888012472e-13,3.240427785e-13,2.045257251e-13,5.680653456e-13,6.198176879e-14,2.148909905e-13,7.864816903e-14,9.087840309e-15,2.604619715e-14,6.178453751e-14,7.400215347e-14,1.386373004e-13,1.508957012e-13,2.556862102e-14,1.892797236e-13,5.195058897e-14,1.678218822e-13,6.509240209e-14
15.8671875,1.061030234e-13,1.619409604e-13,2.859985999e-13,1.450826279e-13,2.690607709e-13,1.843650201e-13,1.355270819e-13,4.934144365e-14,1.459988893e-14,1.427547142e-13,1.327396565e-13,7.36914315e-14,1.804839917e-13,3.393653399e-13,5.916032207e-13,3.240926989e-13,2.065730746e-13,5.6453608e-13,6.255039013e-14,2.157007212e-13,7.969854603e-14,9.178986142e-15,2.602937512e-14,6.233625986e-14,7.353468108e-14,1.370030246e-13,1.493926859e-13,2.559429005e-14,1.874087296e-13,5.168482006e-14,1.673227939e-13,6.506592126e-14
15.875,1.086993552e-13,1.601980752e-13,2.884524247e-13,1.425881583e-13,2.684755317e-13,1.868825209e-13,1.35852714e-13,4.971795756e-14,1.466857333e-14,1.43365864e-13,1.310295684e-13,7.348211055e-14,1.794223288e-13,3.415947524e-13,5.940104287e-13,3.241653117e-13,2.086682442e-13,5.610687156e-13,6.312586361e-14,2.163755049e-13,8.071043547e-14,9.272237474e-15,2.604168242e-14,6.286208163e-14,7.306472707e-14,1.354093682e-13,1.480138734e-13,2.567271365e-14,1.855058795e-13,5.142387611e-14,1.669130474e-13,6.50871535e-14
15.8828125,1.114567634e-13,1.584975699e-13,2.907043648e-13,1.401425393e-13,2.677781769e-13,1.891749397e-13,1.360410774e-13,5.009184706e-14,1.475263092e-14,1.440000368e-13,1.293251183e-13,7.33002162e-14,1.784462421e-13,3.436923738e-13,5.961735765e-13,3.244597282e-13,2.109647026e-13,5.577674248e-13,6.373655902e-14,2.171435984e-13,8.172441496e-14,9.373022817e-15,2.609145026e-14,6.340156238e-14,7.261174965e-14,1.338722107e-13,1.46977276e-13,2.588576069e-14,1.836336898e-13,5.116664673e-14,1.666379619e-13,6.513038577e-14
15.890625,1.144385685e-13,1.568166576e-13,2.929589934e-13,1.377068023e-13,2.670260327e-13,1.914906915e-13,1.361483959e-13,5.03866174e-14,1.483521873e-14,1.446364878e-13,1.275790013e-13,7.31220269e-14,1.776559555e-13,3.459308941e-13,5.981963097e-13,3.249510623e-13,2.134544625e-13,5.543678792e-13,6.438409828e-14,2.177605547e-13,8.278882582e-14,9.487344765e-15,2.615031711e-14,6.396167453e-14,7.218797878e-14,1.323743262e-13,1.462224998e-13,2.618149025e-14,1.817897026e-13,5.088524164e-14,1.664502804e-13,6.512830803e-14
15.8984375,1.174589429e-13,1.551532316e-13,2.952280814e-13,1.353919323e-13,2.662054658e-13,1.938107658e-13,1.361944201e-13,5.066999665e-14,1.492459471e-14,1.45324234e-13,1.258392838e-13,7.296495196e-14,1.769278118e-13,3.480873098e-13,6.001001977e-13,3.256049828e-13,2.160577665e-13,5.507817079e-13,6.505874124e-14,2.182110735e-13,8.387841751e-14,9.599800048e-15,2.620069602e-14,6.45817537e-14,7.175105781e-14,1.309161357e-13,1.456288124e-13,2.652442849e-14,1.799739652e-13,5.059465812e-14,1.662473284e-13,6.508913026e-14
15.90625,1.20474945e-13,1.535888583e-13,2.97414648e-13,1.332800194e-13,2.653001167e-13,1.959962007e-13,1.361918472e-13,5.099123859e-14,1.502232512e-14,1.461082725e-13,1.241336569e-13,7.282655894e-14,1.762107789e-13,3.499824541e-13,6.018741082e-13,3.265729601e-13,2.189304013e-13,5.472759045e-13,6.574958607e-14,2.188133063e-13,8.493542433e-14,9.698410049e-15,2.625535695e-14,6.52555346e-14,7.132196875e-14,1.294802105e-13,1.452889778e-13,2.697805959e-14,1.781775453e-13,5.030739884e-14,1.661417248e-13,6.506142018e-14
15.9140625,1.235441273e-13,1.522464601e-13,2.994827374e-13,1.311648428e-13,2.64405489e-13,1.981225327e-13,1.361912452e-13,5.130612437e-14,1.512472478e-14,1.469686221e-13,1.223900802e-13,7.265533028e-14,1.755986422e-13,3.518101479e-13,6.033435217e-13,3.276946754e-13,2.220440402e-13,5.438265558e-13,6.642501849e-14,2.194726351e-13,8.596369004e-14,9.806124729e-15,2.633173728e-14,6.589824142e-14,7.094150679e-14,1.280253463e-13,1.452700819e-13,2.752477829e-14,1.764167308e-13,4.999804911e-14,1.662732034e-13,6.50545935e-14
15.921875,1.266943821e-13,1.509228553e-13,3.013814689e-13,1.289927428e-13,2.635660436e-13,2.002253007e-13,1.361065905e-13,5.159262128e-14,1.524185958e-14,1.478676678e-13,1.205717525e-13,7.249196446e-14,1.751118323e-13,3.536938309e-13,6.043967219e-13,3.287351654e-13,2.251529077e-13,5.402232173e-13,6.710268442e-14,2.199860964e-13,8.699056291e-14,9.936648818e-15,2.642548328e-14,6.64852428e-14,7.055536998e-14,1.2656252e-13,1.454744542e-13,2.813015245e-14,1.747137675e-13,4.966205107e-14,1.66548367e-13,6.504318023e-14
15.9296875,1.299757428e-13,1.494466447e-13,3.031400191e-13,1.27016696e-13,2.626978278e-13,2.021631467e-13,1.358473232e-13,5.186766615e-14,1.536750559e-14,1.487751058e-13,1.187483135e-13,7.24077956e-14,1.747022219e-13,3.554605719e-13,6.051733784e-13,3.298949794e-13,2.283167626e-13,5.365727897e-13,6.78337937e-14,2.20524333e-13,8.803177911e-14,1.006836446e-14,2.651885462e-14,6.706263761e-14,7.013734978e-14,1.251228275e-13,1.458569218e-13,2.885983926e-14,1.730470967e-13,4.931398502e-14,1.668839323e-13,6.502084984e-14
15.9375,1.332946607e-13,1.481326436e-13,3.049624605e-13,1.252903777e-13,2.618119865e-13,2.039349841e-13,1.355282859e-13,5.214026955e-14,1.549131528e-14,1.496696597e-13,1.169994708e-13,7.237377498e-14,1.743413911e-13,3.570141015e-13,6.058553725e-13,3.313621788e-13,2.31700056e-13,5.33083228e-13,6.860819306e-14,2.211226933e-13,8.910694368e-14,1.019239863e-14,2.661261975e-14,6.766139649e-14,6.975390523e-14,1.237141232e-13,1.464955233e-13,2.972817641e-14,1.714786419e-13,4.896064896e-14,1.673322738e-13,6.50022712e-14
15.9453125,1.365538319e-13,1.470846125e-13,3.067940136e-13,1.236036234e-13,2.609834393e-13,2.056254215e-13,1.352112467e-13,5.239993296e-14,1.562626152e-14,1.505905486e-13,1.152906926e-13,7.234554227e-14,1.740538214e-13,3.585154373e-13,6.064260878e-13,3.329882747e-13,2.352107635e-13,5.297054634e-13,6.939346155e-14,2.215608582e-13,9.01964889e-14,1.03203527e-14,2.672109878e-14,6.829687803e-14,6.941679445e-14,1.223556015e-13,1.474338501e-13,3.066371495e-14,1.700724546e-13,4.860123547e-14,1.678925548e-13,6.498614572e-14
15.953125,1.399497933e-13,1.459598303e-13,3.083490213e-13,1.218974195e-13,2.601135867e-13,2.072064066e-13,1.347821607e-13,5.263168996e-14,1.576997366e-14,1.51574394e-13,1.135314068e-13,7.232425454e-14,1.739199866e-13,3.600036976e-13,6.066756901e-13,3.346764344e-13,2.387926187e-13,5.262452711e-13,7.019184598e-14,2.218819048e-13,9.124808955e-14,1.045502028e-14,2.684129414e-14,6.896428972e-14,6.906460016e-14,1.210326792e-13,1.486220187e-13,3.165496096e-14,1.686644047e-13,4.82158052e-14,1.685708587e-13,6.497048018e-14
15.9609375,1.435654743e-13,1.447861834e-13,3.097989778e-13,1.203265224e-13,2.591188185e-13,2.087561157e-13,1.342293357e-13,5.285485477e-14,1.590287902e-14,1.525510755e-13,1.117741815e-13,7.232149934e-14,1.739166779e-13,3.613198147e-13,6.066031221e-13,3.365398172e-13,2.425536807e-13,5.226744588e-13,7.10184229e-14,2.222915102e-13,9.225218747e-14,1.060207227e-14,2.696606861e-14,6.964221603e-14,6.867332561e-14,1.196828153e-13,1.500210611e-13,3.273874308e-14,1.671554847e-13,4.780822588e-14,1.694017869e-13,6.496456551e-14
15.96875,1.471383508e-13,1.438423203e-13,3.114814638e-13,1.189322142e-13,2.581529365e-13,2.103762733e-13,1.33641555e-13,5.309103798e-14,1.602988063e-14,1.534961031e-13,1.101405352e-13,7.236779288e-14,1.738871803e-13,3.625052084e-13,6.065658888e-13,3.387069606e-13,2.465570943e-13,5.191884242e-13,7.190093967e-14,2.227585012e-13,9.324366069e-14,1.076609719e-14,2.710105222e-14,7.033763628e-14,6.827507958e-14,1.183213242e-13,1.516878859e-13,3.390784213e-14,1.657804194e-13,4.742158334e-14,1.702548808e-13,6.496417633e-14
15.9765625,1.506204006e-13,1.430065819e-13,3.131880381e-13,1.175738132e-13,2.57280437e-13,2.118664572e-13,1.329966431e-13,5.331672643e-14,1.616285922e-14,1.545263833e-13,1.085929424e-13,7.247401436e-14,1.738439566e-13,3.636502045e-13,6.066589711e-13,3.411900811e-13,2.507881931e-13,5.158660376e-13,7.284250724e-14,2.232257653e-13,9.42537192e-14,1.093326758e-14,2.724199386e-14,7.107365723e-14,6.790648112e-14,1.170450043e-13,1.536785883e-13,3.515145486e-14,1.646395498e-13,4.705075097e-14,1.710554103e-13,6.498877873e-14
15.984375,1.542623689e-13,1.421266794e-13,3.14643109e-13,1.162333863e-13,2.562895049e-13,2.130748156e-13,1.32244016e-13,5.353624028e-14,1.630124786e-14,1.556639097e-13,1.070354938e-13,7.258953369e-14,1.739966462e-13,3.645903811e-13,6.065462539e-13,3.438682136e-13,2.551726839e-13,5.125094678e-13,7.378271304e-14,2.238380835e-13,9.527017147e-14,1.110121693e-14,2.738271553e-14,7.185309848e-14,6.755504205e-14,1.158786377e-13,1.559170328e-13,3.650698382e-14,1.634790758e-13,4.666100107e-14,1.720115415e-13,6.508332609e-14
15.9921875,1.581159116e-13,1.413800189e-13,3.15971386e-13,1.15016003e-13,2.551075361e-13,2.142091406e-13,1.314305795e-13,5.378691226e-14,1.64489942e-14,1.568039277e-13,1.054469484e-13,7.268879386e-14,1.743796004e-13,3.653529337e-13,6.061128392e-13,3.466146856e-13,2.596539916e-13,5.090016954e-13,7.469883545e-14,2.245896186e-13,9.625459794e-14,1.128444925e-14,2.753700729e-14,7.264514069e-14,6.718779444e-14,1.147513024e-13,1.583047387e-13,3.798793708e-14,1.622373708e-13,4.626952359e-14,1.732045859e-13,6.52141631e-14
16,1.620481563e-13,1.408495502e-13,3.172522497e-13,1.138975371e-13,2.539314662e-13,2.153692567e-13,1.305995423e-13,5.403127439e-14,1.660447709e-14,1.579613555e-13,1.03780827e-13,7.281620353e-14,1.748212615e-13,3.661866493e-13,6.055074072e-13,3.494538219e-13,2.64311747e-13,5.055017638e-13,7.565053805e-14,2.252642462e-13,9.721007438e-14,1.14774482e-14,2.770746461e-14,7.34010528e-14,6.683457137e-14,1.136253285e-13,1.608738958e-13,3.95446552e-14,1.611389168e-13,4.588111183e-14,1.744217327e-13,6.530857893e-14
16.0078125,1.660144499e-13,1.403596078e-13,3.184019079e-13,1.128551457e-13,2.528274906e-13,2.163696068e-13,1.297013483e-13,5.421076165e-14,1.675937993e-14,1.591990911e-13,1.020419062e-13,7.300711636e-14,1.752667257e-13,3.669112105e-13,6.04669982e-13,3.52489349e-13,2.692072934e-13,5.021818794e-13,7.665505443e-14,2.258976713e-13,9.8148321e-14,1.166577361e-14,2.787897808e-14,7.413005771e-14,6.652505857e-14,1.12534586e-13,1.636983461e-13,4.116034799e-14,1.601543386e-13,4.5464159e-14,1.755715845e-13,6.539366273e-14
16.015625,1.700042079e-13,1.398402635e-13,3.194021636e-13,1.119343541e-13,2.517322977e-13,2.171309735e-13,1.286628731e-13,5.434772987e-14,1.692164457e-14,1.604534716e-13,1.003840789e-13,7.326194499e-14,1.757991849e-13,3.672459893e-13,6.034235734e-13,3.55703017e-13,2.742898018e-13,4.990726849e-13,7.76672861e-14,2.266011476e-13,9.904417715e-14,1.185328368e-14,2.806151816e-14,7.489670359e-14,6.620835465e-14,1.114771773e-13,1.668056211e-13,4.286810759e-14,1.59076929e-13,4.502879725e-14,1.767283281e-13,6.551373184e-14
16.0234375,1.739848729e-13,1.394282191e-13,3.202543255e-13,1.110214547e-13,2.507437787e-13,2.177422969e-13,1.274946726e-13,5.44677201e-14,1.709705883e-14,1.616994728e-13,9.886673053e-14,7.357753521e-14,1.764322179e-13,3.674444588e-13,6.017725975e-13,3.590031534e-13,2.795686132e-13,4.96118688e-13,7.868425806e-14,2.271682812e-13,9.991260247e-14,1.204781233e-14,2.827588206e-14,7.570744791e-14,6.586257401e-14,1.103988624e-13,1.702026791e-13,4.466320257e-14,1.579869846e-13,4.458757323e-14,1.778864453e-13,6.562307027e-14
16.03125,1.77967294e-13,1.391050983e-13,3.210282227e-13,1.100399356e-13,2.498852923e-13,2.183176891e-13,1.262858819e-13,5.456492741e-14,1.727049124e-14,1.630443557e-13,9.735629251e-14,7.392474454e-14,1.771296635e-13,3.677311444e-13,5.99887439e-13,3.624337155e-13,2.850553858e-13,4.9313527e-13,7.973322037e-14,2.275461668e-13,1.00777787e-13,1.224932425e-14,2.850703358e-14,7.651917316e-14,6.55328489e-14,1.093108808e-13,1.738310996e-13,4.654006901e-14,1.570050109e-13,4.411792359e-14,1.79023382e-13,6.57008075e-14
16.0390625,1.819938562e-13,1.386614766e-13,3.218117545e-13,1.091640053e-13,2.489418154e-13,2.189303797e-13,1.250790233e-13,5.466626757e-14,1.743762451e-14,1.645499274e-13,9.577418996e-14,7.425268241e-14,1.779549336e-13,3.679420758e-13,5.979111536e-13,3.660579142e-13,2.906262108e-13,4.899082303e-13,8.080733427e-14,2.280104238e-13,1.015854857e-13,1.245615689e-14,2.872085246e-14,7.732056384e-14,6.521274606e-14,1.082622403e-13,1.776099823e-13,4.85414725e-14,1.56003015e-13,4.363257501e-14,1.801505877e-13,6.579512753e-14
16.046875,1.861236393e-13,1.382200882e-13,3.225162143e-13,1.084693648e-13,2.479107803e-13,2.194679068e-13,1.238277571e-13,5.478473093e-14,1.761921642e-14,1.661560864e-13,9.418622721e-14,7.457774107e-14,1.79015671e-13,3.680939379e-13,5.958344514e-13,3.698194098e-13,2.962513416e-13,4.86561014e-13,8.189600117e-14,2.285818289e-13,1.023313211e-13,1.267337453e-14,2.891082745e-14,7.810903596e-14,6.487249474e-14,1.072333917e-13,1.815867522e-13,5.068359751e-14,1.550077619e-13,4.315836598e-14,1.812880088e-13,6.591884767e-14
16.0546875,1.904148232e-13,1.381343566e-13,3.231175298e-13,1.078195665e-13,2.470511262e-13,2.198061178e-13,1.225094846e-13,5.490170167e-14,1.782647759e-14,1.677493697e-13,9.26692379e-14,7.498716776e-14,1.802543689e-13,3.683397826e-13,5.936628717e-13,3.737779893e-13,3.021063477e-13,4.834726558e-13,8.301737907e-14,2.291140644e-13,1.031066794e-13,1.291206664e-14,2.910774579e-14,7.889156813e-14,6.454609963e-14,1.062177846e-13,1.858614808e-13,5.291605424e-14,1.542508838e-13,4.267960895e-14,1.825227501e-13,6.605497381e-14
16.0625,1.948650409e-13,1.38300376e-13,3.237417456e-13,1.071778089e-13,2.463830047e-13,2.200884422e-13,1.211561485e-13,5.504733181e-14,1.804781155e-14,1.692681247e-13,9.12388841e-14,7.551452615e-14,1.814905783e-13,3.685323675e-13,5.9147804e-13,3.780459595e-13,3.082536699e-13,4.807072309e-13,8.419074103e-14,2.296663865e-13,1.039173903e-13,1.317032398e-14,2.934094847e-14,7.969811522e-14,6.425191616e-14,1.052517586e-13,1.904307085e-13,5.518248274e-14,1.536983668e-13,4.218206851e-14,1.838732986e-13,6.619942331e-14
16.0703125,1.994416923e-13,1.384538434e-13,3.243004167e-13,1.066338951e-13,2.457260635e-13,2.204193443e-13,1.197642716e-13,5.52322253e-14,1.82790472e-14,1.707965131e-13,8.987271782e-14,7.610070018e-14,1.827298781e-13,3.685155853e-13,5.891696964e-13,3.824421388e-13,3.145203246e-13,4.780233834e-13,8.540496984e-14,2.302384944e-13,1.046855788e-13,1.343804055e-14,2.959504444e-14,8.049702453e-14,6.394981564e-14,1.042897845e-13,1.952222296e-13,5.751652392e-14,1.532059384e-13,4.166251342e-14,1.85195604e-13,6.633326889e-14
16.078125,2.040902373e-13,1.387769667e-13,3.24627746e-13,1.062073204e-13,2.450207355e-13,2.206550716e-13,1.183103084e-13,5.537463219e-14,1.852064162e-14,1.724515737e-13,8.855065717e-14,7.667675088e-14,1.841337133e-13,3.683526763e-13,5.865469872e-13,3.867608437e-13,3.207847049e-13,4.75336145e-13,8.661088948e-14,2.307341404e-13,1.053923404e-13,1.371480384e-14,2.984198528e-14,8.121648968e-14,6.363226653e-14,1.032864423e-13,2.001692136e-13,6.000362103e-14,1.528492423e-13,4.110700096e-14,1.863803791e-13,6.644446061e-14
16.0859375,2.086917452e-13,1.393668929e-13,3.248220555e-13,1.058127185e-13,2.4426514e-13,2.207291424e-13,1.168053204e-13,5.544656034e-14,1.875098745e-14,1.74211646e-13,8.725831534e-14,7.723229332e-14,1.857082195e-13,3.68085698e-13,5.836545756e-13,3.911227822e-13,3.27131933e-13,4.72688967e-13,8.777631678e-14,2.311776634e-13,1.060573032e-13,1.398947506e-14,3.010068432e-14,8.187561592e-14,6.333899579e-14,1.023205063e-13,2.052883485e-13,6.259181568e-14,1.526287087e-13,4.053335312e-14,1.874569484e-13,6.654753985e-14
16.09375,2.132342405e-13,1.399065808e-13,3.25046301e-13,1.054199393e-13,2.435237577e-13,2.206839899e-13,1.152425082e-13,5.550940676e-14,1.897068217e-14,1.760072337e-13,8.599120671e-14,7.783643967e-14,1.87413964e-13,3.677687299e-13,5.80603354e-13,3.956975166e-13,3.33713535e-13,4.70138362e-13,8.895881503e-14,2.315720622e-13,1.066895627e-13,1.425213849e-14,3.039878143e-14,8.255518022e-14,6.30927747e-14,1.014317251e-13,2.106780467e-13,6.517205568e-14,1.524306945e-13,3.998374506e-14,1.886066229e-13,6.664316399e-14
16.1015625,2.17869769e-13,1.403158849e-13,3.253558096e-13,1.051450415e-13,2.42950172e-13,2.205136119e-13,1.136114896e-13,5.555754123e-14,1.922770287e-14,1.778540837e-13,8.476761783e-14,7.855915282e-14,1.893281531e-13,3.675082451e-13,5.774698341e-13,4.005232087e-13,3.406012931e-13,4.678221267e-13,9.023610275e-14,2.319259378e-13,1.072999301e-13,1.452817476e-14,3.071122091e-14,8.329137859e-14,6.288938376e-14,1.005569603e-13,2.163234567e-13,6.782043392e-14,1.523518835e-13,3.945781854e-14,1.900310727e-13,6.673127809e-14
16.109375,2.225702301e-13,1.408175579e-13,3.257106417e-13,1.050200761e-13,2.424951514e-13,2.202783485e-13,1.119574695e-13,5.556357579e-14,1.952788396e-14,1.797959715e-13,8.357072313e-14,7.936597681e-14,1.913703344e-13,3.672344618e-13,5.743946606e-13,4.055998212e-13,3.47722716e-13,4.656999338e-13,9.158652558e-14,2.323441782e-13,1.078868727e-13,1.482322154e-14,3.100563137e-14,8.406888635e-14,6.271179711e-14,9.97026349e-14,2.221105756e-13,7.062196575e-14,1.52470984e-13,3.892577588e-14,1.91578057e-13,6.683087459e-14
16.1171875,2.271574351e-13,1.41407867e-13,3.259433524e-13,1.049195939e-13,2.419635883e-13,2.200246313e-13,1.10287353e-13,5.559108918e-14,1.982153848e-14,1.818373865e-13,8.236112844e-14,8.020844427e-14,1.933653823e-13,3.668324338e-13,5.713444703e-13,4.108375439e-13,3.549245714e-13,4.635521511e-13,9.295411947e-14,2.328015233e-13,1.084425355e-13,1.510332219e-14,3.12965138e-14,8.485673418e-14,6.253717635e-14,9.891674792e-14,2.280422137e-13,7.350058769e-14,1.526440951e-13,3.837977018e-14,1.929687798e-13,6.694111969e-14
16.125,2.317712775e-13,1.419805655e-13,3.260042993e-13,1.048541079e-13,2.41385896e-13,2.196775313e-13,1.085527292e-13,5.565543586e-14,2.010653937e-14,1.839466777e-13,8.118019301e-14,8.111550368e-14,1.954194198e-13,3.664005519e-13,5.681422232e-13,4.161712666e-13,3.62187324e-13,4.614473176e-13,9.434781106e-14,2.332303359e-13,1.089644931e-13,1.538152163e-14,3.160394406e-14,8.56377513e-14,6.236237481e-14,9.815990013e-14,2.341520955e-13,7.645557774e-14,1.528684085e-13,3.782216929e-14,1.943540705e-13,6.704792891e-14
16.1328125,2.366803675e-13,1.426424922e-13,3.26053298e-13,1.049025369e-13,2.408887363e-13,2.192651087e-13,1.067918415e-13,5.566242202e-14,2.04082396e-14,1.860998783e-13,8.00710559e-14,8.206718633e-14,1.976855218e-13,3.660178287e-13,5.648257127e-13,4.216781993e-13,3.696213228e-13,4.595851725e-13,9.57660059e-14,2.337193625e-13,1.094363675e-13,1.569616766e-14,3.191717796e-14,8.638342916e-14,6.220654598e-14,9.738619849e-14,2.404150623e-13,7.954051916e-14,1.532955936e-13,3.724244792e-14,1.959136902e-13,6.715747865e-14
16.140625,2.41775376e-13,1.435124475e-13,3.260952037e-13,1.049802955e-13,2.404401837e-13,2.188767644e-13,1.050654403e-13,5.559471367e-14,2.071276738e-14,1.883368941e-13,7.898362257e-14,8.300124604e-14,2.000875677e-13,3.655638955e-13,5.614344378e-13,4.273214345e-13,3.771839184e-13,4.578447065e-13,9.716027447e-14,2.342923699e-13,1.098409386e-13,1.60272806e-14,3.222375966e-14,8.705514739e-14,6.206863584e-14,9.660572728e-14,2.46874961e-13,8.267669991e-14,1.538702703e-13,3.664071154e-14,1.974707897e-13,6.727799879e-14
16.1484375,2.468300887e-13,1.445434811e-13,3.260566668e-13,1.050697839e-13,2.399741622e-13,2.18453301e-13,1.033237918e-13,5.554205572e-14,2.102250379e-14,1.906989587e-13,7.789855861e-14,8.396150578e-14,2.025837419e-13,3.649822692e-13,5.578741414e-13,4.329919793e-13,3.847534358e-13,4.56041482e-13,9.854032156e-14,2.349052835e-13,1.10177221e-13,1.635267332e-14,3.252729781e-14,8.773250918e-14,6.192068744e-14,9.583734995e-14,2.535486095e-13,8.585582653e-14,1.544534959e-13,3.604218355e-14,1.989846599e-13,6.740529616e-14
16.15625,2.519053398e-13,1.456535014e-13,3.261240358e-13,1.05276754e-13,2.394940912e-13,2.179816979e-13,1.015368607e-13,5.554168517e-14,2.135235913e-14,1.931546287e-13,7.686986639e-14,8.499742843e-14,2.051942038e-13,3.644226571e-13,5.543419971e-13,4.388495078e-13,3.924703373e-13,4.542481277e-13,9.997892935e-14,2.356377419e-13,1.104547139e-13,1.668969489e-14,3.283318629e-14,8.854703033e-14,6.176677517e-14,9.512398719e-14,2.603501888e-13,8.917798305e-14,1.55114408e-13,3.546775962e-14,2.005405137e-13,6.753596871e-14
16.1640625,2.571208176e-13,1.468062423e-13,3.264195727e-13,1.055567738e-13,2.390589201e-13,2.175705753e-13,9.976207804e-14,5.555213293e-14,2.167058401e-14,1.956804448e-13,7.592466583e-14,8.606900911e-14,2.078394357e-13,3.640163913e-13,5.510860697e-13,4.450602072e-13,4.005151421e-13,4.526172305e-13,1.015006765e-13,2.364673868e-13,1.10690149e-13,1.703921258e-14,3.313919699e-14,8.941765395e-14,6.165052799e-14,9.449064428e-14,2.672545058e-13,9.25960525e-14,1.559809701e-13,3.49202723e-14,2.020154911e-13,6.768011927e-14
16.171875,2.624028503e-13,1.479727525e-13,3.267118634e-13,1.058556432e-13,2.387372723e-13,2.17196735e-13,9.800563412e-14,5.553766607e-14,2.197125477e-14,1.982836291e-13,7.503856772e-14,8.717736793e-14,2.105089167e-13,3.636731763e-13,5.478690928e-13,4.514642792e-13,4.087373101e-13,4.511884635e-13,1.030597113e-13,2.371963155e-13,1.108689445e-13,1.739475622e-14,3.343669242e-14,9.017731661e-14,6.157877238e-14,9.387201733e-14,2.742621649e-13,9.602560286e-14,1.570138332e-13,3.43909023e-14,2.034015183e-13,6.785016783e-14
16.1796875,2.676137476e-13,1.491553667e-13,3.268307926e-13,1.06291875e-13,2.384693524e-13,2.167512322e-13,9.623034256e-14,5.550763433e-14,2.229327715e-14,2.009386623e-13,7.414730389e-14,8.835506884e-14,2.132906499e-13,3.632256787e-13,5.444830174e-13,4.579890752e-13,4.17014472e-13,4.498954159e-13,1.046195235e-13,2.378245688e-13,1.109419533e-13,1.776199842e-14,3.37291821e-14,9.087108541e-14,6.152074595e-14,9.324669205e-14,2.813829701e-13,9.951879973e-14,1.581203434e-13,3.385623442e-14,2.047941825e-13,6.801837783e-14
16.1875,2.727442663e-13,1.504456088e-13,3.269195709e-13,1.069066624e-13,2.381235973e-13,2.162392732e-13,9.443814957e-14,5.549783071e-14,2.262207154e-14,2.036481017e-13,7.323443617e-14,8.957740637e-14,2.162082235e-13,3.627045786e-13,5.411755329e-13,4.648484517e-13,4.255415277e-13,4.48665466e-13,1.061923567e-13,2.386047495e-13,1.109280133e-13,1.812833333e-14,3.403900099e-14,9.160871184e-14,6.148132187e-14,9.272353837e-14,2.887291786e-13,1.031216645e-13,1.593391194e-13,3.331153699e-14,2.061102433e-13,6.814874239e-14
16.1953125,2.779193853e-13,1.519410544e-13,3.270977646e-13,1.075814916e-13,2.376738684e-13,2.156997863e-13,9.262911772e-14,5.552255139e-14,2.293458994e-14,2.064364276e-13,7.238781022e-14,9.0829557e-14,2.192468351e-13,3.622254505e-13,5.380571112e-13,4.720363767e-13,4.343480508e-13,4.474393697e-13,1.077799585e-13,2.396842649e-13,1.109177448e-13,1.849010319e-14,3.436626103e-14,9.23876354e-14,6.146722332e-14,9.234276333e-14,2.962873065e-13,1.068173733e-13,1.607319485e-13,3.278765291e-14,2.073865179e-13,6.828495643e-14
16.203125,2.831924635e-13,1.535733699e-13,3.272596438e-13,1.082565583e-13,2.371614554e-13,2.151373727e-13,9.080873012e-14,5.557328526e-14,2.326762815e-14,2.092346505e-13,7.160748086e-14,9.210347536e-14,2.223665701e-13,3.617412126e-13,5.349213013e-13,4.792771034e-13,4.431371917e-13,4.461199362e-13,1.093476706e-13,2.409330547e-13,1.10909289e-13,1.886835703e-14,3.468166167e-14,9.319913697e-14,6.143723763e-14,9.19845177e-14,3.038835301e-13,1.105566784e-13,1.62233482e-13,3.228037225e-14,2.087090517e-13,6.847916114e-14
16.2109375,2.884336138e-13,1.551554142e-13,3.273334973e-13,1.089821521e-13,2.366722636e-13,2.14610589e-13,8.901326599e-14,5.565228387e-14,2.362644539e-14,2.119989221e-13,7.079548502e-14,9.336828662e-14,2.255213237e-13,3.612058704e-13,5.317273095e-13,4.865015094e-13,4.517933103e-13,4.447288638e-13,1.108993672e-13,2.421465116e-13,1.10798205e-13,1.926146891e-14,3.498324052e-14,9.402020443e-14,6.138597562e-14,9.155490642e-14,3.114818784e-13,1.14254824e-13,1.637925451e-13,3.174791463e-14,2.09881103e-13,6.867870069e-14
16.21875,2.935542192e-13,1.566811131e-13,3.274345152e-13,1.098131837e-13,2.363150077e-13,2.141613659e-13,8.723646585e-14,5.574898356e-14,2.39799684e-14,2.148534425e-13,7.001477919e-14,9.467491757e-14,2.287400061e-13,3.606975107e-13,5.285990525e-13,4.938439305e-13,4.604968227e-13,4.434988276e-13,1.124799431e-13,2.43319123e-13,1.105823452e-13,1.965178956e-14,3.529164505e-14,9.480354378e-14,6.136816446e-14,9.108961035e-14,3.190894259e-13,1.179576057e-13,1.654745518e-13,3.120273854e-14,2.108416469e-13,6.88262655e-14
16.2265625,2.986924341e-13,1.583351759e-13,3.276186094e-13,1.107356923e-13,2.3603766e-13,2.13675664e-13,8.543534173e-14,5.583490327e-14,2.434790873e-14,2.179041645e-13,6.935490597e-14,9.610958174e-14,2.320342705e-13,3.602166598e-13,5.255830766e-13,5.014049953e-13,4.694145806e-13,4.425935463e-13,1.141145403e-13,2.445814258e-13,1.103490327e-13,2.003903777e-14,3.559951806e-14,9.559065756e-14,6.14045335e-14,9.067273524e-14,3.267130245e-13,1.21841732e-13,1.673267834e-13,3.068306333e-14,2.11837283e-13,6.895393322e-14
16.234375,3.03982243e-13,1.600953641e-13,3.278122511e-13,1.116651063e-13,2.357179914e-13,2.130414309e-13,8.360912244e-14,5.591237023e-14,2.474155491e-14,2.210874897e-13,6.871744222e-14,9.763369923e-14,2.353590321e-13,3.597032083e-13,5.226512053e-13,5.091852702e-13,4.785328299e-13,4.419184529e-13,1.158351131e-13,2.459339876e-13,1.100545019e-13,2.043635455e-14,3.590023722e-14,9.640772729e-14,6.148081656e-14,9.034423301e-14,3.345220712e-13,1.258777458e-13,1.693359069e-13,3.017798797e-14,2.129549645e-13,6.908899141e-14
16.2421875,3.092730267e-13,1.618318632e-13,3.280491129e-13,1.125432544e-13,2.35395401e-13,2.123609558e-13,8.178544361e-14,5.599371895e-14,2.512178449e-14,2.242956081e-13,6.80871859e-14,9.916230992e-14,2.38705293e-13,3.591646678e-13,5.19717712e-13,5.169711626e-13,4.87626335e-13,4.412792081e-13,1.176482135e-13,2.472675922e-13,1.096243476e-13,2.085738644e-14,3.621608464e-14,9.717961732e-14,6.158592436e-14,9.007206527e-14,3.42500055e-13,1.298478582e-13,1.714901127e-13,2.967346297e-14,2.140563939e-13,6.921772575e-14
16.25,3.143650568e-13,1.63801208e-13,3.283897138e-13,1.134568353e-13,2.351280702e-13,2.117577161e-13,7.998483045e-14,5.606974073e-14,2.549498601e-14,2.27502728e-13,6.757303741e-14,1.007181069e-13,2.420861798e-13,3.58613825e-13,5.167814117e-13,5.246063728e-13,4.965634038e-13,4.406720247e-13,1.194612761e-13,2.485714593e-13,1.091815916e-13,2.128355101e-14,3.654640686e-14,9.789972645e-14,6.169887697e-14,8.982625461e-14,3.504060772e-13,1.337536896e-13,1.738094488e-13,2.917477216e-14,2.149995409e-13,6.935110434e-14
16.2578125,3.194109192e-13,1.662063359e-13,3.287506143e-13,1.145791473e-13,2.349027981e-13,2.11160268e-13,7.8209936e-14,5.615519886e-14,2.59068516e-14,2.307726728e-13,6.709333963e-14,1.023705362e-13,2.455607671e-13,3.581016179e-13,5.139765155e-13,5.323842436e-13,5.05624026e-13,4.403470346e-13,1.21222529e-13,2.499790838e-13,1.088266062e-13,2.168127043e-14,3.686059499e-14,9.863868019e-14,6.183254876e-14,8.963326147e-14,3.582799177e-13,1.377966147e-13,1.763390392e-13,2.867487976e-14,2.157967063e-13,6.951270997e-14
16.265625,3.246418993e-13,1.68610765e-13,3.291210964e-13,1.159208846e-13,2.347712271e-13,2.105043316e-13,7.643401816e-14,5.627128639e-14,2.634807123e-14,2.34149815e-13,6.655111025e-14,1.041020512e-13,2.491761418e-13,3.576824697e-13,5.112728297e-13,5.405191384e-13,5.150219829e-13,4.403857159e-13,1.230188665e-13,2.515944514e-13,1.084170266e-13,2.207371805e-14,3.715869372e-14,9.940722238e-14,6.202673135e-14,8.94883186e-14,3.661819216e-13,1.419945372e-13,1.790118054e-13,2.818444076e-14,2.166304613e-13,6.969347235e-14
16.2734375,3.298915424e-13,1.707430403e-13,3.295575146e-13,1.172907701e-13,2.34730505e-13,2.098563691e-13,7.464339459e-14,5.637350418e-14,2.678215076e-14,2.37560772e-13,6.606642316e-14,1.058396287e-13,2.528199009e-13,3.572365482e-13,5.085004262e-13,5.487009465e-13,5.244620331e-13,4.405360923e-13,1.248983371e-13,2.532414411e-13,1.078449992e-13,2.249422277e-14,3.746761792e-14,1.001629738e-13,6.224985978e-14,8.933335342e-14,3.739663645e-13,1.461988113e-13,1.816880478e-13,2.772082563e-14,2.175167477e-13,6.985485628e-14
16.28125,3.3490261e-13,1.730217408e-13,3.299411616e-13,1.186124104e-13,2.346289451e-13,2.09231087e-13,7.285640304e-14,5.641912054e-14,2.721307277e-14,2.409877411e-13,6.567131605e-14,1.075820124e-13,2.564212496e-13,3.566148598e-13,5.056547859e-13,5.56753525e-13,5.336552877e-13,4.407005396e-13,1.268032813e-13,2.546987896e-13,1.071981845e-13,2.291626556e-14,3.778280442e-14,1.008559123e-13,6.245034218e-14,8.916309505e-14,3.817999408e-13,1.504067304e-13,1.844567597e-13,2.726192492e-14,2.183024303e-13,6.997057374e-14
16.2890625,3.397613604e-13,1.756397271e-13,3.302406411e-13,1.199901562e-13,2.343913051e-13,2.085815498e-13,7.107181113e-14,5.646726161e-14,2.76624101e-14,2.445737086e-13,6.525952278e-14,1.09368549e-13,2.600366639e-13,3.558503547e-13,5.028034978e-13,5.648840861e-13,5.426807665e-13,4.409571339e-13,1.287017097e-13,2.562287028e-13,1.06533653e-13,2.332701167e-14,3.807679762e-14,1.01499566e-13,6.26441057e-14,8.901924419e-14,3.898360736e-13,1.547187325e-13,1.874777465e-13,2.68033569e-14,2.190156684e-13,7.007452323e-14
16.296875,3.446459142e-13,1.783294625e-13,3.306670455e-13,1.214299636e-13,2.340984597e-13,2.0791054e-13,6.928202748e-14,5.657922624e-14,2.812821202e-14,2.483298032e-13,6.488427324e-14,1.111652053e-13,2.636033493e-13,3.550751994e-13,4.999724328e-13,5.730951256e-13,5.516244091e-13,4.411804524e-13,1.306043668e-13,2.581121697e-13,1.058072765e-13,2.375215164e-14,3.83559947e-14,1.021742097e-13,6.284276078e-14,8.890333751e-14,3.977004551e-13,1.590862265e-13,1.906278411e-13,2.637687152e-14,2.196903269e-13,7.021008625e-14
16.3046875,3.495375524e-13,1.809891342e-13,3.31210739e-13,1.228755595e-13,2.338095646e-13,2.072381581e-13,6.750266765e-14,5.670480624e-14,2.859637184e-14,2.520932988e-13,6.460675406e-14,1.129329747e-13,2.67124766e-13,3.543687523e-13,4.971829587e-13,5.812254572e-13,5.60459366e-13,4.41286515e-13,1.325245231e-13,2.599598071e-13,1.049806463e-13,2.41883782e-14,3.864759278e-14,1.02871412e-13,6.304824943e-14,8.878141236e-14,4.052578769e-13,1.634013321e-13,1.93783748e-13,2.597536696e-14,2.202847005e-13,7.03514476e-14
16.3125,3.543262573e-13,1.835605863e-13,3.316356695e-13,1.243777741e-13,2.334539831e-13,2.065977586e-13,6.573446095e-14,5.679705074e-14,2.906627136e-14,2.558744681e-13,6.430431266e-14,1.147067181e-13,2.707390199e-13,3.53590991e-13,4.943690049e-13,5.893430732e-13,5.692468149e-13,4.413778521e-13,1.344964641e-13,2.615067306e-13,1.040454236e-13,2.462247715e-14,3.894423128e-14,1.035352713e-13,6.329986797e-14,8.863466566e-14,4.128372572e-13,1.6772004e-13,1.970366468e-13,2.557924426e-14,2.208728657e-13,7.04736014e-14
16.3203125,3.589593749e-13,1.859942678e-13,3.319797857e-13,1.259179497e-13,2.329549556e-13,2.060198224e-13,6.39857909e-14,5.689913514e-14,2.953750327e-14,2.597607107e-13,6.394594092e-14,1.16503695e-13,2.742671972e-13,3.52547948e-13,4.915507237e-13,5.975102998e-13,5.78037494e-13,4.414280971e-13,1.365460761e-13,2.631466528e-13,1.03037433e-13,2.505046482e-14,3.922143301e-14,1.041823541e-13,6.358224634e-14,8.848690242e-14,4.204085288e-13,1.721174211e-13,2.004015876e-13,2.520647574e-14,2.213253923e-13,7.06096457e-14
16.328125,3.634439335e-13,1.885604269e-13,3.324190435e-13,1.273910379e-13,2.324235287e-13,2.054505415e-13,6.229677078e-14,5.703265474e-14,3.000328344e-14,2.63620129e-13,6.365397024e-14,1.18299186e-13,2.775042879e-13,3.514242474e-13,4.889178084e-13,6.055768158e-13,5.866809633e-13,4.414066642e-13,1.386420809e-13,2.649552732e-13,1.019971007e-13,2.545535928e-14,3.948113878e-14,1.047943251e-13,6.383151225e-14,8.836791044e-14,4.277154041e-13,1.764863455e-13,2.038404863e-13,2.485531752e-14,2.21442013e-13,7.076929669e-14
16.3359375,3.67767645e-13,1.913569152e-13,3.329174264e-13,1.288678444e-13,2.320239637e-13,2.048745162e-13,6.06601057e-14,5.718354839e-14,3.049276848e-14,2.673704479e-13,6.343621587e-14,1.20102945e-13,2.807350636e-13,3.504738816e-13,4.864450917e-13,6.135242401e-13,5.950669188e-13,4.414407403e-13,1.407313572e-13,2.66693051e-13,1.00912043e-13,2.585251617e-14,3.973619087e-14,1.053965898e-13,6.406792867e-14,8.826282643e-14,4.348460643e-13,1.807718295e-13,2.074041455e-13,2.450602101e-14,2.215259656e-13,7.093514351e-14
16.34375,3.719516915e-13,1.941797872e-13,3.334544664e-13,1.304876261e-13,2.31676346e-13,2.044149443e-13,5.903495555e-14,5.73711151e-14,3.103731025e-14,2.711897239e-13,6.32221998e-14,1.219442764e-13,2.841596506e-13,3.495349318e-13,4.839929468e-13,6.21606563e-13,6.03439425e-13,4.415809017e-13,1.428258549e-13,2.68589582e-13,9.978823755e-14,2.628026048e-14,3.999050728e-14,1.061184691e-13,6.434631496e-14,8.81757232e-14,4.420017855e-13,1.851509532e-13,2.111045893e-13,2.417323171e-14,2.21814051e-13,7.111422598e-14
16.3515625,3.760871444e-13,1.971669617e-13,3.34113664e-13,1.322147852e-13,2.311918283e-13,2.040956388e-13,5.743959261e-14,5.757168428e-14,3.158044099e-14,2.751655747e-13,6.302883868e-14,1.238092418e-13,2.875622873e-13,3.484738451e-13,4.816358891e-13,6.298630135e-13,6.119682798e-13,4.417836754e-13,1.44975384e-13,2.706937459e-13,9.864490008e-14,2.67216747e-14,4.024231876e-14,1.068489188e-13,6.465637415e-14,8.814781979e-14,4.49231532e-13,1.89679548e-13,2.149714346e-13,2.38567549e-14,2.219740193e-13,7.128542384e-14
16.359375,3.801190949e-13,2.004622311e-13,3.348106499e-13,1.339717421e-13,2.305551261e-13,2.037498002e-13,5.589289742e-14,5.774632933e-14,3.207303951e-14,2.791753423e-13,6.288468686e-14,1.256502724e-13,2.908858229e-13,3.474237556e-13,4.793516754e-13,6.379834303e-13,6.203182618e-13,4.419925621e-13,1.471287527e-13,2.726537061e-13,9.743553037e-14,2.714575651e-14,4.048488494e-14,1.073873963e-13,6.497200073e-14,8.81486231e-14,4.564360779e-13,1.941538548e-13,2.190252226e-13,2.352962013e-14,2.2188066e-13,7.141561566e-14
16.3671875,3.839868391e-13,2.03776344e-13,3.354265298e-13,1.357650623e-13,2.298629065e-13,2.033247867e-13,5.435772525e-14,5.796957453e-14,3.259260064e-14,2.83170995e-13,6.27717128e-14,1.274735927e-13,2.942654481e-13,3.464066889e-13,4.77067217e-13,6.460002496e-13,6.283579859e-13,4.422031011e-13,1.492189676e-13,2.746605856e-13,9.614362663e-14,2.756948408e-14,4.072101117e-14,1.079251467e-13,6.529119873e-14,8.813215538e-14,4.634591951e-13,1.985348439e-13,2.2313623e-13,2.321064577e-14,2.218219784e-13,7.154582347e-14
16.375,3.879297753e-13,2.070531962e-13,3.360520064e-13,1.376146513e-13,2.291924096e-13,2.029755367e-13,5.282968515e-14,5.828181453e-14,3.318142506e-14,2.871899648e-13,6.269440773e-14,1.293402074e-13,2.976412494e-13,3.454276517e-13,4.750247991e-13,6.54295065e-13,6.365394359e-13,4.426009858e-13,1.513465883e-13,2.769513332e-13,9.482925969e-14,2.800900718e-14,4.095916764e-14,1.086056894e-13,6.563101583e-14,8.814446832e-14,4.70322517e-13,2.029843875e-13,2.273191684e-13,2.292981608e-14,2.218207392e-13,7.171404891e-14
16.3828125,3.919686541e-13,2.105073639e-13,3.367287015e-13,1.395485975e-13,2.285242978e-13,2.027550588e-13,5.134795984e-14,5.858869374e-14,3.374977112e-14,2.911930291e-13,6.268451004e-14,1.312076679e-13,3.008813448e-13,3.445032296e-13,4.732977048e-13,6.627387462e-13,6.44956868e-13,4.432316566e-13,1.535658515e-13,2.791315716e-13,9.351360866e-14,2.844537635e-14,4.11914877e-14,1.091742539e-13,6.60209204e-14,8.819431129e-14,4.770825135e-13,2.074525349e-13,2.317280297e-13,2.266161825e-14,2.216320709e-13,7.187898308e-14
16.390625,3.956598198e-13,2.140595298e-13,3.372827887e-13,1.415300774e-13,2.277045182e-13,2.024896053e-13,4.991265864e-14,5.887567995e-14,3.428742055e-14,2.951656221e-13,6.273633666e-14,1.329717357e-13,3.039864952e-13,3.434126076e-13,4.715594045e-13,6.709327543e-13,6.531627022e-13,4.437857185e-13,1.557191237e-13,2.811198546e-13,9.218197066e-14,2.8857151e-14,4.141413727e-14,1.096195014e-13,6.645458889e-14,8.820987895e-14,4.836146689e-13,2.117677702e-13,2.362657297e-13,2.238193426e-14,2.212136991e-13,7.201752343e-14
16.3984375,3.989049463e-13,2.176217839e-13,3.376679077e-13,1.434233148e-13,2.266775807e-13,2.020690054e-13,4.850123382e-14,5.920387351e-14,3.488949564e-14,2.992161889e-13,6.279066817e-14,1.346981709e-13,3.07014101e-13,3.420918405e-13,4.697167018e-13,6.789551749e-13,6.609938449e-13,4.441651323e-13,1.577694842e-13,2.832010976e-13,9.082098696e-14,2.925398821e-14,4.162910506e-14,1.102008788e-13,6.689244608e-14,8.818706226e-14,4.899143148e-13,2.159587115e-13,2.408768825e-13,2.211087245e-14,2.207687682e-13,7.215035764e-14
16.40625,4.020192943e-13,2.212290378e-13,3.381194862e-13,1.452535637e-13,2.256412585e-13,2.016494073e-13,4.712305774e-14,5.953561901e-14,3.553963088e-14,3.034013323e-13,6.28299053e-14,1.365012522e-13,3.099626273e-13,3.407956751e-13,4.67968301e-13,6.869542226e-13,6.685894299e-13,4.446034329e-13,1.598714689e-13,2.85212239e-13,8.938903774e-14,2.966483109e-14,4.182633218e-14,1.108318203e-13,6.732415272e-14,8.816399178e-14,4.960895711e-13,2.201367432e-13,2.45692045e-13,2.186597256e-14,2.203755086e-13,7.226223374e-14
16.4140625,4.050857996e-13,2.248217563e-13,3.387779748e-13,1.471871109e-13,2.247490029e-13,2.014023324e-13,4.579797824e-14,5.986049316e-14,3.616917843e-14,3.076009353e-13,6.293609701e-14,1.383372341e-13,3.128361149e-13,3.395889008e-13,4.664563139e-13,6.949618825e-13,6.761520564e-13,4.452209372e-13,1.620397413e-13,2.870608529e-13,8.789524929e-14,3.008182789e-14,4.203290424e-14,1.11356464e-13,6.777267159e-14,8.814600084e-14,5.021037222e-13,2.243400659e-13,2.505982419e-13,2.163763976e-14,2.198716638e-13,7.233548352e-14
16.421875,4.080874372e-13,2.285965301e-13,3.394698192e-13,1.491938985e-13,2.239166829e-13,2.012346851e-13,4.45115253e-14,6.024893427e-14,3.68268567e-14,3.117101639e-13,6.314896912e-14,1.402045177e-13,3.158094377e-13,3.384126866e-13,4.652379023e-13,7.032363759e-13,6.839167725e-13,4.460841586e-13,1.642088254e-13,2.890116091e-13,8.642798674e-14,3.047765878e-14,4.22998013e-14,1.119049755e-13,6.827223819e-14,8.816636574e-14,5.0803315e-13,2.285583052e-13,2.556118426e-13,2.140537024e-14,2.193092543e-13,7.239955539e-14
16.4296875,4.109785107e-13,2.327681014e-13,3.400411582e-13,1.512022777e-13,2.230220719e-13,2.009933192e-13,4.322645239e-14,6.06764439e-14,3.755620866e-14,3.15822486e-13,6.339092234e-14,1.421871146e-13,3.189893064e-13,3.37271449e-13,4.641314725e-13,7.116730503e-13,6.916311411e-13,4.471579075e-13,1.664088458e-13,2.91034218e-13,8.501842956e-14,3.087209116e-14,4.260151332e-14,1.124899205e-13,6.883371247e-14,8.824178564e-14,5.139761355e-13,2.327310396e-13,2.610648645e-13,2.116250867e-14,2.189077298e-13,7.247206051e-14
16.4375,4.135721848e-13,2.369584201e-13,3.405645138e-13,1.532825973e-13,2.220277203e-13,2.007589268e-13,4.194165346e-14,6.109257764e-14,3.828839103e-14,3.200511614e-13,6.36484264e-14,1.441738035e-13,3.221076754e-13,3.359838043e-13,4.628955965e-13,7.197480783e-13,6.988613129e-13,4.481123896e-13,1.68615114e-13,2.929962311e-13,8.361050586e-14,3.128296736e-14,4.288357149e-14,1.129860672e-13,6.940951366e-14,8.8308759e-14,5.196792524e-13,2.368315964e-13,2.667374458e-13,2.092631088e-14,2.184586712e-13,7.25421856e-14
16.4453125,4.160514484e-13,2.409372942e-13,3.410511963e-13,1.553222914e-13,2.20907731e-13,2.006413761e-13,4.068844229e-14,6.154579862e-14,3.89716069e-14,3.243378522e-13,6.401901057e-14,1.459860259e-13,3.249443928e-13,3.344474073e-13,4.617276128e-13,7.276251035e-13,7.059899379e-13,4.488722229e-13,1.707881381e-13,2.949559831e-13,8.21456805e-14,3.168093949e-14,4.316405724e-14,1.134588054e-13,6.997451425e-14,8.833332045e-14,5.250645934e-13,2.409019291e-13,2.722099882e-13,2.070584482e-14,2.177196818e-13,7.261056032e-14
16.453125,4.186882938e-13,2.451093082e-13,3.414166507e-13,1.572068569e-13,2.196497217e-13,2.005437245e-13,3.946995693e-14,6.206683036e-14,3.96464804e-14,3.286296379e-13,6.449927014e-14,1.477121362e-13,3.276829303e-13,3.328714893e-13,4.608808165e-13,7.358336602e-13,7.134738858e-13,4.497741486e-13,1.73011837e-13,2.96819711e-13,8.061242272e-14,3.205944768e-14,4.346268363e-14,1.139848141e-13,7.057889693e-14,8.834699104e-14,5.304901403e-13,2.449665777e-13,2.77841423e-13,2.049244713e-14,2.169701918e-13,7.266756366e-14
16.4609375,4.211023863e-13,2.495676013e-13,3.417460156e-13,1.592311112e-13,2.183062227e-13,2.003972268e-13,3.828045064e-14,6.264716348e-14,4.037626203e-14,3.330012219e-13,6.497262595e-14,1.495295431e-13,3.304803328e-13,3.313150938e-13,4.601649033e-13,7.441626166e-13,7.208564134e-13,4.508445985e-13,1.753057429e-13,2.985680835e-13,7.906316086e-14,3.243732744e-14,4.374955991e-14,1.145223752e-13,7.12251635e-14,8.835925455e-14,5.359479689e-13,2.491050026e-13,2.838700448e-13,2.029013548e-14,2.163733978e-13,7.269185239e-14
16.46875,4.230674591e-13,2.540043466e-13,3.420963497e-13,1.614967464e-13,2.169393308e-13,2.002924864e-13,3.713916368e-14,6.329960373e-14,4.117128462e-14,3.37438845e-13,6.542353199e-14,1.513888738e-13,3.332277714e-13,3.296548829e-13,4.593936555e-13,7.522199863e-13,7.278073237e-13,4.518615083e-13,1.775724663e-13,3.004578263e-13,7.754065386e-14,3.281046632e-14,4.402729778e-14,1.150809447e-13,7.185314622e-14,8.836536335e-14,5.410441613e-13,2.533740032e-13,2.898257805e-13,2.010184108e-14,2.157079156e-13,7.27052364e-14
16.4765625,4.25039376e-13,2.584670301e-13,3.423053278e-13,1.63602307e-13,2.155702667e-13,2.002491192e-13,3.604361281e-14,6.398388765e-14,4.198323299e-14,3.417934401e-13,6.591577076e-14,1.53156481e-13,3.358358557e-13,3.279120698e-13,4.58626535e-13,7.601238085e-13,7.3471764e-13,4.529662684e-13,1.797931309e-13,3.024921684e-13,7.601691322e-14,3.318286207e-14,4.433214709e-14,1.156487046e-13,7.24847642e-14,8.837213675e-14,5.457961873e-13,2.575830693e-13,2.956909561e-13,1.991273957e-14,2.149425329e-13,7.27383477e-14
16.484375,4.271428445e-13,2.631298097e-13,3.423321403e-13,1.655200287e-13,2.142181513e-13,2.001958734e-13,3.496515994e-14,6.463983258e-14,4.278802865e-14,3.460149758e-13,6.643096915e-14,1.548763808e-13,3.383398783e-13,3.260942476e-13,4.578300657e-13,7.679551826e-13,7.416962953e-13,4.543839687e-13,1.820125613e-13,3.043596208e-13,7.448580967e-14,3.356048861e-14,4.465533627e-14,1.161383604e-13,7.317744277e-14,8.83533791e-14,5.504614825e-13,2.616135714e-13,3.018575804e-13,1.971924679e-14,2.141762872e-13,7.276294255e-14
16.4921875,4.290993802e-13,2.679581249e-13,3.422910704e-13,1.676309072e-13,2.128471449e-13,2.000984135e-13,3.389377755e-14,6.529496422e-14,4.360842628e-14,3.501906491e-13,6.694256263e-14,1.56653773e-13,3.407779809e-13,3.241225669e-13,4.56906842e-13,7.755554287e-13,7.484142172e-13,4.559482375e-13,1.842476268e-13,3.059093883e-13,7.297490161e-14,3.391545852e-14,4.495569382e-14,1.16551999e-13,7.389001585e-14,8.82728013e-14,5.549522675e-13,2.656585912e-13,3.081274162e-13,1.95289113e-14,2.133854684e-13,7.275041934e-14
16.5,4.308768653e-13,2.729198708e-13,3.42191932e-13,1.698650127e-13,2.113280138e-13,1.999213407e-13,3.2842827e-14,6.597331029e-14,4.442758532e-14,3.544322121e-13,6.749048698e-14,1.584415663e-13,3.431227239e-13,3.220059692e-13,4.55902074e-13,7.829185634e-13,7.54775504e-13,4.573746279e-13,1.864958927e-13,3.072645721e-13,7.144971296e-14,3.423686583e-14,4.522965267e-14,1.169465115e-13,7.457775065e-14,8.816142219e-14,5.590758976e-13,2.697391289e-13,3.14244939e-13,1.934958252e-14,2.12618494e-13,7.272531074e-14
16.5078125,4.324139372e-13,2.779450692e-13,3.420812808e-13,1.720004738e-13,2.096680446e-13,1.997116653e-13,3.184532755e-14,6.663391162e-14,4.52228629e-14,3.588219341e-13,6.807085109e-14,1.601830679e-13,3.453737782e-13,3.198053398e-13,4.549336075e-13,7.902028853e-13,7.60920393e-13,4.587127866e-13,1.88737404e-13,3.086369005e-13,6.988204027e-14,3.455221462e-14,4.551803413e-14,1.173277007e-13,7.529119844e-14,8.807949563e-14,5.629227866e-13,2.737019716e-13,3.204528907e-13,1.919679016e-14,2.119339897e-13,7.270136807e-14
16.515625,4.337001477e-13,2.830559024e-13,3.42015347e-13,1.742388919e-13,2.080402411e-13,1.996361797e-13,3.091711666e-14,6.728352988e-14,4.604482774e-14,3.632763624e-13,6.866759209e-14,1.619557428e-13,3.476485295e-13,3.175934439e-13,4.540959982e-13,7.975233354e-13,7.670017305e-13,4.60269625e-13,1.909949454e-13,3.101212985e-13,6.832528118e-14,3.487797559e-14,4.584408987e-14,1.17716728e-13,7.606398004e-14,8.802004148e-14,5.666807698e-13,2.777152259e-13,3.268580616e-13,1.906202666e-14,2.112923071e-13,7.266949624e-14
16.5234375,4.350447467e-13,2.88484216e-13,3.41872058e-13,1.766629322e-13,2.06435999e-13,1.996889146e-13,3.002617492e-14,6.797507553e-14,4.691807471e-14,3.675702815e-13,6.93300874e-14,1.637723339e-13,3.499512826e-13,3.154177519e-13,4.534201705e-13,8.048009372e-13,7.730275739e-13,4.621148458e-13,1.933059117e-13,3.116798159e-13,6.681779917e-14,3.521251613e-14,4.618345701e-14,1.181314249e-13,7.685596498e-14,8.795505246e-14,5.703058659e-13,2.818837679e-13,3.333345453e-13,1.891708043e-14,2.106930437e-13,7.264843855e-14
16.53125,4.364126511e-13,2.941010364e-13,3.416658247e-13,1.790190233e-13,2.047567369e-13,1.997009803e-13,2.916780446e-14,6.869649446e-14,4.780130476e-14,3.716716141e-13,7.004498685e-14,1.655540455e-13,3.521062908e-13,3.132400487e-13,4.528479632e-13,8.117847638e-13,7.787665911e-13,4.640006332e-13,1.955906352e-13,3.132585432e-13,6.534218024e-14,3.555173968e-14,4.651309372e-14,1.185139939e-13,7.76462649e-14,8.790991957e-14,5.73590905e-13,2.85887154e-13,3.399186945e-13,1.87742834e-14,2.101312552e-13,7.264502784e-14
16.5390625,4.375074621e-13,2.994942123e-13,3.415091285e-13,1.812856322e-13,2.031593043e-13,1.996942336e-13,2.837264876e-14,6.940513401e-14,4.869720075e-14,3.757451407e-13,7.075288363e-14,1.673473374e-13,3.541555482e-13,3.110696278e-13,4.522758241e-13,8.184135546e-13,7.841864142e-13,4.658721165e-13,1.977983422e-13,3.147070362e-13,6.388007263e-14,3.58916016e-14,4.684429886e-14,1.188144645e-13,7.845436869e-14,8.78713191e-14,5.765250998e-13,2.896250233e-13,3.466205825e-13,1.864790464e-14,2.095884716e-13,7.263116094e-14
16.546875,4.384924046e-13,3.048030303e-13,3.411707002e-13,1.836287317e-13,2.017180639e-13,1.99770889e-13,2.761099145e-14,7.012858698e-14,4.962253334e-14,3.798194491e-13,7.149266337e-14,1.692181674e-13,3.56304223e-13,3.089269474e-13,4.516704591e-13,8.250067139e-13,7.896304004e-13,4.679189435e-13,2.000374414e-13,3.159075908e-13,6.243718748e-14,3.622732208e-14,4.719424119e-14,1.19053502e-13,7.929555521e-14,8.777617013e-14,5.793275661e-13,2.93359171e-13,3.53322129e-13,1.850484481e-14,2.091113038e-13,7.261685377e-14
16.5546875,4.394630172e-13,3.103984163e-13,3.405398033e-13,1.860417839e-13,2.001477163e-13,1.998573865e-13,2.684187189e-14,7.091597437e-14,5.054944826e-14,3.838601521e-13,7.229407542e-14,1.711052343e-13,3.585052637e-13,3.066824087e-13,4.511477738e-13,8.318840776e-13,7.952050332e-13,4.70140241e-13,2.023375762e-13,3.171023045e-13,6.104982249e-14,3.654544127e-14,4.756535157e-14,1.192832374e-13,8.018478435e-14,8.767610268e-14,5.821238921e-13,2.971446042e-13,3.600281042e-13,1.83470555e-14,2.086994122e-13,7.26335535e-14
16.5625,4.401780155e-13,3.161652305e-13,3.400321163e-13,1.885215696e-13,1.983598926e-13,1.999257236e-13,2.609005249e-14,7.173397104e-14,5.149777114e-14,3.87947101e-13,7.313013551e-14,1.730054989e-13,3.606621105e-13,3.043044918e-13,4.507940368e-13,8.389327814e-13,8.006571344e-13,4.724257523e-13,2.046301271e-13,3.185499674e-13,5.972903035e-14,3.685672314e-14,4.794660912e-14,1.195657081e-13,8.11168778e-14,8.76678421e-14,5.848765727e-13,3.009401155e-13,3.668505116e-13,1.822753766e-14,2.083561966e-13,7.265713534e-14
16.5703125,4.407970395e-13,3.219909968e-13,3.398099094e-13,1.911031793e-13,1.966273103e-13,2.000800605e-13,2.537435089e-14,7.253018178e-14,5.25139132e-14,3.920371172e-13,7.403863097e-14,1.749656054e-13,3.628257057e-13,3.019631465e-13,4.505083204e-13,8.45801746e-13,8.058912991e-13,4.747759165e-13,2.069621741e-13,3.201142132e-13,5.84149582e-14,3.720398589e-14,4.8320354e-14,1.199243844e-13,8.204301566e-14,8.769626129e-14,5.874986028e-13,3.048205627e-13,3.738131717e-13,1.815012789e-14,2.081481039e-13,7.266043821e-14
16.578125,4.415624717e-13,3.280701008e-13,3.395360415e-13,1.936201511e-13,1.949916158e-13,2.00293515e-13,2.469376592e-14,7.335452934e-14,5.356046832e-14,3.959536598e-13,7.502688264e-14,1.76903505e-13,3.649137108e-13,2.9966505e-13,4.502665594e-13,8.525374563e-13,8.110574459e-13,4.771687811e-13,2.093628627e-13,3.216681517e-13,5.707556526e-14,3.757118203e-14,4.869131439e-14,1.203093177e-13,8.29493303e-14,8.769560797e-14,5.898708706e-13,3.08683783e-13,3.80805311e-13,1.808281749e-14,2.079784431e-13,7.267133359e-14
16.5859375,4.422510989e-13,3.342966896e-13,3.391412759e-13,1.959547326e-13,1.932839228e-13,2.00482948e-13,2.406202741e-14,7.426921603e-14,5.458917314e-14,3.997315584e-13,7.60238799e-14,1.787837765e-13,3.668707024e-13,2.972983117e-13,4.502483714e-13,8.595545623e-13,8.163480041e-13,4.796786355e-13,2.117677888e-13,3.233366513e-13,5.575165575e-14,3.789786555e-14,4.909159836e-14,1.206689142e-13,8.390352868e-14,8.774993583e-14,5.920448558e-13,3.124099362e-13,3.877685747e-13,1.803040102e-14,2.077474952e-13,7.270201498e-14
16.59375,4.427841878e-13,3.40389618e-13,3.387966108e-13,1.983625882e-13,1.915592479e-13,2.007024393e-13,2.345963625e-14,7.521234193e-14,5.561244815e-14,4.035261699e-13,7.7039782e-14,1.807193872e-13,3.689031809e-13,2.949231467e-13,4.504903086e-13,8.668672176e-13,8.218066742e-13,4.824876365e-13,2.142140861e-13,3.251584102e-13,5.445753071e-14,3.820676915e-14,4.952710802e-14,1.209885551e-13,8.494583658e-14,8.791022427e-14,5.942978079e-13,3.161560716e-13,3.948265109e-13,1.799850715e-14,2.076404587e-13,7.271640209e-14
16.6015625,4.432613019e-13,3.465448085e-13,3.38314066e-13,2.010839172e-13,1.898550205e-13,2.00942085e-13,2.286250011e-14,7.612357982e-14,5.664055097e-14,4.07298882e-13,7.809589688e-14,1.827055506e-13,3.710176255e-13,2.925086543e-13,4.50769843e-13,8.740441073e-13,8.271540592e-13,4.854130223e-13,2.167098741e-13,3.270472909e-13,5.317064711e-14,3.85451318e-14,4.995996465e-14,1.212760544e-13,8.601460924e-14,8.808590723e-14,5.966139141e-13,3.199830767e-13,4.019805417e-13,1.795874728e-14,2.077049766e-13,7.27011524e-14
16.609375,4.434559607e-13,3.530340266e-13,3.374552335e-13,2.038932297e-13,1.880348808e-13,2.010758685e-13,2.229982746e-14,7.70741853e-14,5.768451346e-14,4.109442317e-13,7.913313206e-14,1.8463523e-13,3.729564872e-13,2.898421405e-13,4.508888599e-13,8.808750797e-13,8.321064266e-13,4.881205248e-13,2.191112357e-13,3.289303173e-13,5.18997111e-14,3.887181106e-14,5.037769906e-14,1.215780104e-13,8.705135688e-14,8.820460687e-14,5.985820953e-13,3.236906257e-13,4.090437256e-13,1.789369448e-14,2.076758942e-13,7.268658844e-14
16.6171875,4.433090955e-13,3.596233033e-13,3.365126153e-13,2.064972283e-13,1.862253314e-13,2.011664654e-13,2.178530892e-14,7.811172676e-14,5.877690727e-14,4.144882494e-13,8.017976911e-14,1.865814209e-13,3.748194526e-13,2.870494131e-13,4.508898507e-13,8.874260033e-13,8.367444511e-13,4.908123019e-13,2.214447013e-13,3.307222487e-13,5.067773238e-14,3.916706132e-14,5.082264263e-14,1.219013553e-13,8.809510419e-14,8.830782134e-14,6.00119511e-13,3.272307808e-13,4.161494726e-13,1.782347443e-14,2.07604955e-13,7.269647393e-14
16.625,4.431566153e-13,3.661016754e-13,3.359029441e-13,2.090756623e-13,1.846751737e-13,2.013993634e-13,2.129799455e-14,7.91751042e-14,5.991891616e-14,4.179768534e-13,8.132110761e-14,1.886763478e-13,3.769219579e-13,2.844970178e-13,4.510503034e-13,8.938764964e-13,8.412836621e-13,4.938517126e-13,2.239140922e-13,3.3244735e-13,4.952793829e-14,3.949288423e-14,5.131923144e-14,1.221608675e-13,8.920293002e-14,8.847790618e-14,6.016069673e-13,3.307821751e-13,4.23593222e-13,1.777837448e-14,2.078422123e-13,7.272957798e-14
16.6328125,4.430814933e-13,3.72675031e-13,3.35462207e-13,2.118793914e-13,1.832051967e-13,2.017344216e-13,2.083967972e-14,8.025969437e-14,6.108285228e-14,4.213977874e-13,8.250179802e-14,1.908336138e-13,3.791304226e-13,2.820826421e-13,4.515769751e-13,9.006189003e-13,8.459253478e-13,4.971073298e-13,2.265128556e-13,3.342325859e-13,4.844393798e-14,3.984911309e-14,5.183892899e-14,1.223623397e-13,9.036076949e-14,8.872734294e-14,6.031701909e-13,3.344219811e-13,4.311326549e-13,1.776386015e-14,2.083085465e-13,7.277562887e-14
16.640625,4.429413573e-13,3.794574073e-13,3.347753516e-13,2.14684776e-13,1.815409724e-13,2.020039735e-13,2.041399108e-14,8.143471292e-14,6.225082142e-14,4.247572053e-13,8.363660375e-14,1.929033831e-13,3.81116415e-13,2.794553363e-13,4.523413611e-13,9.078260703e-13,8.508103542e-13,5.003485102e-13,2.290903847e-13,3.361232791e-13,4.740084756e-14,4.016955539e-14,5.235484624e-14,1.226499451e-13,9.153496508e-14,8.900004425e-14,6.04555008e-13,3.38061669e-13,4.383742262e-13,1.776422607e-14,2.086616966e-13,7.282913191e-14
16.6484375,4.427982195e-13,3.863127087e-13,3.339184351e-13,2.172497927e-13,1.798544801e-13,2.022125361e-13,2.001684563e-14,8.270215639e-14,6.343382209e-14,4.280718958e-13,8.478286168e-14,1.949399035e-13,3.829929671e-13,2.767601039e-13,4.531693661e-13,9.151351329e-13,8.557254816e-13,5.037231603e-13,2.316533417e-13,3.381997356e-13,4.640134091e-14,4.046895985e-14,5.287379315e-14,1.230648099e-13,9.27341254e-14,8.929812298e-14,6.056456538e-13,3.416767656e-13,4.455213972e-13,1.777542719e-14,2.09005097e-13,7.290329301e-14
16.65625,4.427910804e-13,3.931692542e-13,3.331839269e-13,2.197568128e-13,1.784211009e-13,2.024816687e-13,1.966117518e-14,8.401999876e-14,6.467803328e-14,4.312989729e-13,8.600479911e-14,1.970726363e-13,3.850716237e-13,2.743433198e-13,4.540917075e-13,9.222647417e-13,8.60408254e-13,5.074498884e-13,2.342783173e-13,3.405156232e-13,4.545975327e-14,4.081039702e-14,5.342014351e-14,1.235122655e-13,9.397791502e-14,8.965656278e-14,6.065049551e-13,3.453494376e-13,4.528932416e-13,1.780028385e-14,2.096664558e-13,7.300955396e-14
16.6640625,4.4294625e-13,3.999746102e-13,3.324970731e-13,2.223357266e-13,1.771928519e-13,2.028573541e-13,1.934729205e-14,8.536403588e-14,6.598209964e-14,4.343751948e-13,8.722760946e-14,1.992703362e-13,3.872918926e-13,2.721073167e-13,4.550873779e-13,9.292698112e-13,8.650023267e-13,5.114376567e-13,2.369377097e-13,3.428050013e-13,4.456162689e-14,4.118267552e-14,5.401010487e-14,1.239371561e-13,9.525527078e-14,9.001008615e-14,6.07133822e-13,3.490376326e-13,4.603259891e-13,1.782874106e-14,2.105998181e-13,7.311936606e-14
16.671875,4.43145273e-13,4.067029894e-13,3.317142256e-13,2.248542305e-13,1.759991973e-13,2.03287578e-13,1.906333418e-14,8.670972077e-14,6.727564642e-14,4.372866791e-13,8.838784899e-14,2.014446919e-13,3.89392001e-13,2.697985634e-13,4.560648168e-13,9.361571577e-13,8.695858353e-13,5.154307507e-13,2.395674633e-13,3.448714059e-13,4.369230332e-14,4.154573895e-14,5.4631599e-14,1.243344488e-13,9.653008483e-14,9.032076707e-14,6.075788044e-13,3.525991837e-13,4.676220793e-13,1.785905711e-14,2.115914676e-13,7.321667091e-14
16.6796875,4.432331081e-13,4.134903924e-13,3.309339596e-13,2.273168564e-13,1.748277487e-13,2.037155008e-13,1.88110411e-14,8.806818404e-14,6.856226613e-14,4.400385353e-13,8.956003341e-14,2.036376434e-13,3.914004745e-13,2.674768947e-13,4.571228641e-13,9.430063524e-13,8.740238734e-13,5.1939684e-13,2.42183349e-13,3.469377463e-13,4.285292755e-14,4.191163518e-14,5.526759186e-14,1.247255727e-13,9.77913911e-14,9.069876659e-14,6.08001682e-13,3.560535032e-13,4.749023947e-13,1.790273192e-14,2.126711295e-13,7.335624477e-14
16.6875,4.432745901e-13,4.203701409e-13,3.302253574e-13,2.298200552e-13,1.737759995e-13,2.041563233e-13,1.85810164e-14,8.946511656e-14,6.988933091e-14,4.426412481e-13,9.079543624e-14,2.059166957e-13,3.935167399e-13,2.653033921e-13,4.584090235e-13,9.500630676e-13,8.784819346e-13,5.234956199e-13,2.448615326e-13,3.491273797e-13,4.20511842e-14,4.22935861e-14,5.591535612e-14,1.251615989e-13,9.908193256e-14,9.119454571e-14,6.084882184e-13,3.594937051e-13,4.822473023e-13,1.796169027e-14,2.138987835e-13,7.35603985e-14
16.6953125,4.433732442e-13,4.272163026e-13,3.295824815e-13,2.323486846e-13,1.728554275e-13,2.046526891e-13,1.836254864e-14,9.087392872e-14,7.121328627e-14,4.451417135e-13,9.207518312e-14,2.082507058e-13,3.95712934e-13,2.632402797e-13,4.599009485e-13,9.573234932e-13,8.831142478e-13,5.277394658e-13,2.476171089e-13,3.513688255e-13,4.130299229e-14,4.267253081e-14,5.656153699e-14,1.256393153e-13,1.004244623e-13,9.172964239e-14,6.089765894e-13,3.629149223e-13,4.895578708e-13,1.803629083e-14,2.151734121e-13,7.375506885e-14
16.703125,4.43375271e-13,4.340211138e-13,3.289948201e-13,2.349162453e-13,1.719646409e-13,2.051823451e-13,1.817432922e-14,9.229377403e-14,7.25219101e-14,4.475610162e-13,9.343672446e-14,2.105988473e-13,3.978332758e-13,2.611530047e-13,4.614922292e-13,9.645603588e-13,8.876821245e-13,5.320731436e-13,2.503586522e-13,3.537913469e-13,4.060104996e-14,4.305139441e-14,5.720752024e-14,1.261214264e-13,1.017787565e-13,9.22872295e-14,6.093258291e-13,3.663043225e-13,4.967883288e-13,1.812475864e-14,2.164945165e-13,7.390895574e-14
16.7109375,4.431742954e-13,4.407999899e-13,3.283212994e-13,2.374906088e-13,1.710693028e-13,2.056719297e-13,1.80309335e-14,9.375996231e-14,7.387782034e-14,4.499045764e-13,9.483807808e-14,2.129571472e-13,3.99852463e-13,2.590126849e-13,4.630786847e-13,9.716775003e-13,8.920591069e-13,5.365253443e-13,2.529956447e-13,3.564096185e-13,3.994056273e-14,4.34427617e-14,5.789006883e-14,1.2660477e-13,1.031316941e-13,9.289671844e-14,6.094312794e-13,3.696304645e-13,5.039405769e-13,1.821312945e-14,2.179451176e-13,7.407130318e-14
16.71875,4.428953915e-13,4.475408266e-13,3.275469446e-13,2.39961691e-13,1.7026057e-13,2.061022109e-13,1.792078368e-14,9.524403535e-14,7.525078709e-14,4.522613598e-13,9.612256151e-14,2.153425963e-13,4.018228186e-13,2.569267181e-13,4.646780396e-13,9.787516068e-13,8.963717485e-13,5.410314669e-13,2.555519135e-13,3.590230244e-13,3.937583589e-14,4.382602407e-14,5.860346353e-14,1.270593555e-13,1.045193649e-13,9.353594778e-14,6.093901662e-13,3.72867642e-13,5.109835307e-13,1.830904869e-14,2.194599926e-13,7.424500481e-14
16.7265625,4.426239522e-13,4.54302617e-13,3.269269e-13,2.424063174e-13,1.696195493e-13,2.065625113e-13,1.782686398e-14,9.673212786e-14,7.660527486e-14,4.546438822e-13,9.732555214e-14,2.177990018e-13,4.038262788e-13,2.550086043e-13,4.664754325e-13,9.859333061e-13,9.006344618e-13,5.455385255e-13,2.581311349e-13,3.616929091e-13,3.89170008e-14,4.420196007e-14,5.929441372e-14,1.274697723e-13,1.059392474e-13,9.420276451e-14,6.093603798e-13,3.760950547e-13,5.179237111e-13,1.843703751e-14,2.210624624e-13,7.440553205e-14
16.734375,4.423697481e-13,4.609857779e-13,3.264505816e-13,2.448894384e-13,1.691301667e-13,2.071096765e-13,1.774267585e-14,9.827109617e-14,7.800949802e-14,4.568914548e-13,9.859303266e-14,2.202909372e-13,4.0592883e-13,2.532373026e-13,4.684819012e-13,9.931863224e-13,9.047722856e-13,5.501352694e-13,2.607572138e-13,3.644663263e-13,3.84738912e-14,4.460496551e-14,5.995568772e-14,1.279097685e-13,1.073579596e-13,9.490830923e-14,6.092333026e-13,3.792872307e-13,5.247362547e-13,1.858746575e-14,2.229359355e-13,7.457072454e-14
16.7421875,4.42163944e-13,4.67520705e-13,3.258622999e-13,2.472416879e-13,1.687384015e-13,2.076592116e-13,1.768146446e-14,9.984622949e-14,7.946038154e-14,4.589815487e-13,9.988290032e-14,2.227405544e-13,4.080374511e-13,2.515192183e-13,4.704683958e-13,1.00026664e-12,9.088114007e-13,5.54808112e-13,2.633626897e-13,3.672193465e-13,3.802025947e-14,4.502730619e-14,6.061949943e-14,1.284109555e-13,1.087775697e-13,9.563169194e-14,6.088422145e-13,3.823586021e-13,5.313731849e-13,1.874224297e-14,2.250153759e-13,7.473911671e-14
16.75,4.420248102e-13,4.741815196e-13,3.252896231e-13,2.494728981e-13,1.684714815e-13,2.082017395e-13,1.765295169e-14,1.014318651e-13,8.089311671e-14,4.610185888e-13,1.011370908e-13,2.252382066e-13,4.100908862e-13,2.498779766e-13,4.724465024e-13,1.00727487e-12,9.129272078e-13,5.595324324e-13,2.659740347e-13,3.702357558e-13,3.761552401e-14,4.544611949e-14,6.130172544e-14,1.289259589e-13,1.102222051e-13,9.640043712e-14,6.083271789e-13,3.854642414e-13,5.379696366e-13,1.891059886e-14,2.271422976e-13,7.489948035e-14
16.7578125,4.418908754e-13,4.809332656e-13,3.249174691e-13,2.517640069e-13,1.683433142e-13,2.088344016e-13,1.764408449e-14,1.030780069e-13,8.232731825e-14,4.628885095e-13,1.023872422e-13,2.278507755e-13,4.122300128e-13,2.483677325e-13,4.746205531e-13,1.014533474e-12,9.171632393e-13,5.643629887e-13,2.686414141e-13,3.737350704e-13,3.725728797e-14,4.587325552e-14,6.200631127e-14,1.294495151e-13,1.116938634e-13,9.726361107e-14,6.07843307e-13,3.886287952e-13,5.446308679e-13,1.909460492e-14,2.294242821e-13,7.508977852e-14
16.765625,4.415827495e-13,4.873101145e-13,3.244681219e-13,2.540058034e-13,1.682040843e-13,2.094411704e-13,1.765636292e-14,1.048041234e-13,8.37756183e-14,4.645167972e-13,1.035818579e-13,2.304190688e-13,4.144400724e-13,2.468678896e-13,4.768967543e-13,1.021853688e-12,9.211674253e-13,5.69120284e-13,2.712476602e-13,3.772439736e-13,3.692537483e-14,4.629771043e-14,6.272616702e-14,1.300030376e-13,1.131623737e-13,9.819535934e-14,6.072653572e-13,3.915702418e-13,5.511668969e-13,1.929206991e-14,2.318584078e-13,7.532707201e-14
16.7734375,4.410872179e-13,4.933862207e-13,3.238112411e-13,2.560478266e-13,1.680265595e-13,2.098715087e-13,1.770604344e-14,1.065798504e-13,8.521602011e-14,4.661547066e-13,1.04693848e-13,2.329229862e-13,4.165055456e-13,2.453061754e-13,4.791025831e-13,1.028926984e-12,9.247764367e-13,5.736677845e-13,2.737327677e-13,3.805891806e-13,3.666221144e-14,4.669945848e-14,6.344592525e-14,1.305898474e-13,1.146038424e-13,9.916654623e-14,6.064977292e-13,3.943407707e-13,5.574522255e-13,1.951878831e-14,2.342296332e-13,7.557953163e-14
16.78125,4.406854986e-13,4.99561735e-13,3.232722068e-13,2.580237897e-13,1.680347428e-13,2.102923084e-13,1.778614771e-14,1.083806412e-13,8.665919486e-14,4.679043793e-13,1.058007238e-13,2.355328625e-13,4.184557223e-13,2.438508535e-13,4.813607008e-13,1.035939405e-12,9.283418801e-13,5.782457169e-13,2.762229751e-13,3.842200202e-13,3.648263202e-14,4.71056776e-14,6.416146824e-14,1.311895128e-13,1.160353309e-13,1.001983986e-13,6.056182762e-13,3.972499275e-13,5.635317733e-13,1.977798284e-14,2.365826457e-13,7.583013258e-14
16.7890625,4.40435815e-13,5.057801841e-13,3.22975762e-13,2.60035385e-13,1.682591686e-13,2.108224432e-13,1.78893603e-14,1.101804149e-13,8.808443643e-14,4.695481912e-13,1.06914979e-13,2.382147188e-13,4.205065883e-13,2.425665383e-13,4.83780216e-13,1.043058523e-12,9.319833018e-13,5.829874439e-13,2.787424642e-13,3.881518736e-13,3.635638535e-14,4.752120251e-14,6.488115832e-14,1.317366164e-13,1.174769012e-13,1.012987908e-13,6.046715047e-13,4.002771863e-13,5.693512787e-13,2.006257923e-14,2.390984542e-13,7.607524209e-14
16.796875,4.40201828e-13,5.120009695e-13,3.227796578e-13,2.620547371e-13,1.685998701e-13,2.113382576e-13,1.802059232e-14,1.120163593e-13,8.949647698e-14,4.710204484e-13,1.080108362e-13,2.409049275e-13,4.22751159e-13,2.413673606e-13,4.863318496e-13,1.050276704e-12,9.355595625e-13,5.878856667e-13,2.812532017e-13,3.921591114e-13,3.628318384e-14,4.792559892e-14,6.562277122e-14,1.322387143e-13,1.189316195e-13,1.024718656e-13,6.037346249e-13,4.033234184e-13,5.750266754e-13,2.037682172e-14,2.418042482e-13,7.633228786e-14
16.8046875,4.400995432e-13,5.182491577e-13,3.22683547e-13,2.640801976e-13,1.692009849e-13,2.118398887e-13,1.817176836e-14,1.13956398e-13,9.097110531e-14,4.723942579e-13,1.090835471e-13,2.437055685e-13,4.251579197e-13,2.403392251e-13,4.891026625e-13,1.057748448e-12,9.39169858e-13,5.930621448e-13,2.838153189e-13,3.964276049e-13,3.62662897e-14,4.834810128e-14,6.63908561e-14,1.328131798e-13,1.204108574e-13,1.037571974e-13,6.029490249e-13,4.063631382e-13,5.807813439e-13,2.07153401e-14,2.447086556e-13,7.664767487e-14
16.8125,4.400012472e-13,5.240772005e-13,3.226711537e-13,2.660056725e-13,1.700727199e-13,2.123425009e-13,1.834625319e-14,1.159595072e-13,9.247958959e-14,4.735972737e-13,1.100822025e-13,2.465450464e-13,4.275186283e-13,2.395016579e-13,4.920696434e-13,1.065316206e-12,9.426646212e-13,5.983015153e-13,2.863408595e-13,4.009824832e-13,3.628004713e-14,4.878871147e-14,6.716551587e-14,1.334726077e-13,1.218977687e-13,1.051745253e-13,6.022020186e-13,4.091817886e-13,5.863506826e-13,2.107124525e-14,2.477056555e-13,7.70193673e-14
16.8203125,4.395307069e-13,5.294167312e-13,3.226190358e-13,2.677137059e-13,1.709802956e-13,2.127335234e-13,1.856044331e-14,1.17972199e-13,9.394578418e-14,4.745970251e-13,1.110091397e-13,2.492853077e-13,4.29617011e-13,2.3864963e-13,4.949533063e-13,1.072511607e-12,9.456886213e-13,6.032117561e-13,2.886813489e-13,4.056212072e-13,3.631575211e-14,4.919734017e-14,6.79382224e-14,1.341274615e-13,1.233411074e-13,1.06661495e-13,6.01167694e-13,4.117447888e-13,5.91462621e-13,2.144579296e-14,2.506010747e-13,7.741328187e-14
16.828125,4.389990802e-13,5.349588358e-13,3.225483562e-13,2.693648171e-13,1.719581799e-13,2.131250505e-13,1.880249796e-14,1.200124898e-13,9.540943598e-14,4.754774389e-13,1.119527894e-13,2.52024277e-13,4.315956222e-13,2.378081925e-13,4.977314277e-13,1.079458119e-12,9.485000159e-13,6.079704008e-13,2.909403012e-13,4.104676214e-13,3.639873042e-14,4.959902365e-14,6.870187293e-14,1.347701055e-13,1.247381303e-13,1.081444205e-13,5.997744246e-13,4.14346801e-13,5.963979614e-13,2.182468354e-14,2.534751518e-13,7.78457354e-14
16.8359375,4.387817711e-13,5.40694179e-13,3.225778554e-13,2.711109476e-13,1.731208466e-13,2.136569914e-13,1.906077559e-14,1.220500606e-13,9.687496675e-14,4.762139771e-13,1.129143297e-13,2.548052426e-13,4.336200858e-13,2.371575814e-13,5.006829948e-13,1.086576556e-12,9.514529498e-13,6.128543966e-13,2.931713401e-13,4.156451993e-13,3.655189155e-14,5.002359345e-14,6.944219435e-14,1.354242557e-13,1.26126464e-13,1.096725783e-13,5.98242227e-13,4.169982671e-13,6.012390278e-13,2.221093119e-14,2.564920025e-13,7.831775389e-14
16.84375,4.383703325e-13,5.458517836e-13,3.227625763e-13,2.727554118e-13,1.743623107e-13,2.141225247e-13,1.934934865e-14,1.24069298e-13,9.829691428e-14,4.767564935e-13,1.138156719e-13,2.575522802e-13,4.355172671e-13,2.366063019e-13,5.037980372e-13,1.093723448e-12,9.542904683e-13,6.176806252e-13,2.952329569e-13,4.210461071e-13,3.677068593e-14,5.040991654e-14,7.018479988e-14,1.360966003e-13,1.275117878e-13,1.113307639e-13,5.966873297e-13,4.194433562e-13,6.057203548e-13,2.263655593e-14,2.596144043e-13,7.878243945e-14
16.8515625,4.37503233e-13,5.504886339e-13,3.230782933e-13,2.741766265e-13,1.757021638e-13,2.144148224e-13,1.966476476e-14,1.261405244e-13,9.973997879e-14,4.771967484e-13,1.146397136e-13,2.603254304e-13,4.372524481e-13,2.360525419e-13,5.068514608e-13,1.100647225e-12,9.567618585e-13,6.223462969e-13,2.971853624e-13,4.265777856e-13,3.703674246e-14,5.075966094e-14,7.093686051e-14,1.368021153e-13,1.288888304e-13,1.130531455e-13,5.950367215e-13,4.217029411e-13,6.099405211e-13,2.309632662e-14,2.628360947e-13,7.924153521e-14
16.859375,4.367102929e-13,5.553181734e-13,3.234398631e-13,2.756328908e-13,1.772263373e-13,2.147200942e-13,1.998747727e-14,1.282468006e-13,1.012342733e-13,4.776022859e-13,1.154358179e-13,2.631516702e-13,4.390539827e-13,2.356107135e-13,5.099026923e-13,1.107479886e-12,9.58930581e-13,6.270340506e-13,2.992050497e-13,4.320548494e-13,3.733695513e-14,5.115648927e-14,7.164648943e-14,1.37477447e-13,1.302747138e-13,1.147738116e-13,5.932859129e-13,4.239593081e-13,6.140764109e-13,2.356642856e-14,2.662182645e-13,7.972049169e-14
16.8671875,4.361424539e-13,5.603847723e-13,3.238419035e-13,2.771910459e-13,1.788711893e-13,2.150602141e-13,2.031418265e-14,1.30305372e-13,1.026958308e-13,4.779074419e-13,1.162393044e-13,2.659574835e-13,4.408886924e-13,2.353540315e-13,5.131261856e-13,1.114302032e-12,9.608556118e-13,6.318383337e-13,3.012514701e-13,4.374146419e-13,3.766345548e-14,5.159400153e-14,7.232970113e-14,1.380703925e-13,1.316813945e-13,1.165964559e-13,5.915484435e-13,4.261876435e-13,6.180218031e-13,2.406393295e-14,2.697665763e-13,8.019912799e-14
16.875,4.355536745e-13,5.651604037e-13,3.243579312e-13,2.784986748e-13,1.80640281e-13,2.153446272e-13,2.064959903e-14,1.323291059e-13,1.041038061e-13,4.78079323e-13,1.169952718e-13,2.687468222e-13,4.425316635e-13,2.352472695e-13,5.164551494e-13,1.12102482e-12,9.626529958e-13,6.366867379e-13,3.032155751e-13,4.428971129e-13,3.802783636e-14,5.201782318e-14,7.304928146e-14,1.386737806e-13,1.330965506e-13,1.185618257e-13,5.898296825e-13,4.282295479e-13,6.217674006e-13,2.460543573e-14,2.734243302e-13,8.067720177e-14
16.8828125,4.34994201e-13,5.694162482e-13,3.249295856e-13,2.795181739e-13,1.824965448e-13,2.156524458e-13,2.100750559e-14,1.343373734e-13,1.054785185e-13,4.781653661e-13,1.176128851e-13,2.714835314e-13,4.440054471e-13,2.352215751e-13,5.198047653e-13,1.127688752e-12,9.644605759e-13,6.414445712e-13,3.050603944e-13,4.484981372e-13,3.845541769e-14,5.242939214e-14,7.377774039e-14,1.393394279e-13,1.345053083e-13,1.205572707e-13,5.879998e-13,4.300548987e-13,6.253112858e-13,2.517538982e-14,2.770011618e-13,8.117959316e-14
16.890625,4.344690839e-13,5.734321019e-13,3.254628727e-13,2.806297445e-13,1.843481524e-13,2.160214451e-13,2.140643275e-14,1.363102518e-13,1.068166728e-13,4.781308779e-13,1.181074766e-13,2.741236283e-13,4.455113167e-13,2.352687645e-13,5.233338329e-13,1.134470045e-12,9.662816359e-13,6.461206716e-13,3.067868044e-13,4.541881084e-13,3.893422903e-14,5.282929584e-14,7.448504595e-14,1.400146243e-13,1.359167325e-13,1.225715105e-13,5.860477437e-13,4.317840241e-13,6.285370457e-13,2.5754732e-14,2.804919559e-13,8.168057208e-14
16.8984375,4.337900509e-13,5.774522531e-13,3.26026182e-13,2.818315104e-13,1.863689766e-13,2.163415771e-13,2.184347161e-14,1.382803728e-13,1.081555319e-13,4.7788039e-13,1.185565039e-13,2.767754904e-13,4.471081561e-13,2.355216773e-13,5.271743797e-13,1.141451585e-12,9.680428954e-13,6.508346264e-13,3.08440739e-13,4.603133594e-13,3.943893169e-14,5.320996773e-14,7.519929608e-14,1.40699772e-13,1.373293087e-13,1.24686311e-13,5.840834508e-13,4.334409308e-13,6.315247374e-13,2.634100423e-14,2.842380433e-13,8.215737433e-14
16.90625,4.328746018e-13,5.81209336e-13,3.266957875e-13,2.828354569e-13,1.885976423e-13,2.165693536e-13,2.230898253e-14,1.402579268e-13,1.094894554e-13,4.774456424e-13,1.189662098e-13,2.794411486e-13,4.486058031e-13,2.359448954e-13,5.311271539e-13,1.148377069e-12,9.69507505e-13,6.553798635e-13,3.099845872e-13,4.66735812e-13,3.999019356e-14,5.357973543e-14,7.589636321e-14,1.413673087e-13,1.386925258e-13,1.268924242e-13,5.820605021e-13,4.349046814e-13,6.343205274e-13,2.695750594e-14,2.881835393e-13,8.26514949e-14
16.9140625,4.3171353e-13,5.844854509e-13,3.274085444e-13,2.83746848e-13,1.907328514e-13,2.167525392e-13,2.280329438e-14,1.421785157e-13,1.107481266e-13,4.769200089e-13,1.192932526e-13,2.819782421e-13,4.498382603e-13,2.362920155e-13,5.349415216e-13,1.154910826e-12,9.704832198e-13,6.594796994e-13,3.113218729e-13,4.729540655e-13,4.059590958e-14,5.392111297e-14,7.654305722e-14,1.419354385e-13,1.39988137e-13,1.291590189e-13,5.79844161e-13,4.361679128e-13,6.367472067e-13,2.761389121e-14,2.918551123e-13,8.318366313e-14
16.921875,4.305107489e-13,5.87647139e-13,3.280907047e-13,2.847089805e-13,1.928576448e-13,2.168949887e-13,2.331926942e-14,1.440109542e-13,1.119531757e-13,4.763156962e-13,1.195100968e-13,2.844424569e-13,4.509593984e-13,2.366649729e-13,5.386861574e-13,1.16117824e-12,9.712094162e-13,6.634252871e-13,3.125368424e-13,4.792344898e-13,4.122282125e-14,5.422995264e-14,7.717251698e-14,1.424539454e-13,1.41280408e-13,1.315058659e-13,5.775007467e-13,4.373659093e-13,6.3882061e-13,2.828259617e-14,2.953503602e-13,8.371453878e-14
16.9296875,4.295708763e-13,5.908952509e-13,3.288175998e-13,2.85456096e-13,1.953089683e-13,2.169690386e-13,2.385486342e-14,1.457680798e-13,1.131630928e-13,4.756624112e-13,1.196262612e-13,2.869697796e-13,4.521541594e-13,2.373837242e-13,5.424955004e-13,1.167413257e-12,9.719214363e-13,6.675866025e-13,3.137579724e-13,4.858872493e-13,4.188329706e-14,5.454963038e-14,7.780208435e-14,1.429961534e-13,1.426014267e-13,1.339352113e-13,5.751680185e-13,4.385726744e-13,6.407500469e-13,2.896837965e-14,2.991161276e-13,8.423288359e-14
16.9375,4.287349934e-13,5.938932139e-13,3.296824003e-13,2.858760836e-13,1.979633284e-13,2.170126893e-13,2.442022285e-14,1.474662119e-13,1.143418519e-13,4.749848178e-13,1.19683127e-13,2.89487751e-13,4.533103186e-13,2.383443393e-13,5.463054422e-13,1.173470743e-12,9.724877576e-13,6.717725348e-13,3.149350927e-13,4.925502737e-13,4.260880401e-14,5.488363201e-14,7.842591321e-14,1.435044341e-13,1.439040651e-13,1.364196621e-13,5.727915971e-13,4.397332595e-13,6.425773562e-13,2.969388513e-14,3.030313799e-13,8.476919766e-14
16.9453125,4.276750393e-13,5.964525874e-13,3.305072902e-13,2.86242286e-13,2.006020423e-13,2.170460216e-13,2.500742446e-14,1.491450689e-13,1.154474175e-13,4.741614654e-13,1.196918202e-13,2.918540012e-13,4.542994054e-13,2.392504596e-13,5.501192111e-13,1.179307405e-12,9.728616939e-13,6.757103299e-13,3.159951621e-13,4.992001986e-13,4.336212935e-14,5.518366132e-14,7.905354723e-14,1.439834328e-13,1.451636544e-13,1.389249882e-13,5.702465267e-13,4.406921897e-13,6.440873826e-13,3.042196655e-14,3.067201211e-13,8.532027404e-14
16.953125,4.264175414e-13,5.985981376e-13,3.310620703e-13,2.866355621e-13,2.032478542e-13,2.169433096e-13,2.560497654e-14,1.508153428e-13,1.164881804e-13,4.731257242e-13,1.196236942e-13,2.940327784e-13,4.551308231e-13,2.40058335e-13,5.539911882e-13,1.185031056e-12,9.730476598e-13,6.79394682e-13,3.169064973e-13,5.060767127e-13,4.410446537e-14,5.543252485e-14,7.966519821e-14,1.445220649e-13,1.463963303e-13,1.414453091e-13,5.675046002e-13,4.413423496e-13,6.449950359e-13,3.112859532e-14,3.10168335e-13,8.586919549e-14
16.9609375,4.249717196e-13,6.003990463e-13,3.315238103e-13,2.868728644e-13,2.058089653e-13,2.166404849e-13,2.622511576e-14,1.524293506e-13,1.174626215e-13,4.720110164e-13,1.194764336e-13,2.960922605e-13,4.557383241e-13,2.408071833e-13,5.577508691e-13,1.19039471e-12,9.727879813e-13,6.827730877e-13,3.176105469e-13,5.129773291e-13,4.486043396e-14,5.564802409e-14,8.023483043e-14,1.450692676e-13,1.475903703e-13,1.440296738e-13,5.645777849e-13,4.418015811e-13,6.454209846e-13,3.185715416e-14,3.135592668e-13,8.643686257e-14
16.96875,4.233113161e-13,6.020825585e-13,3.322243834e-13,2.86945122e-13,2.082782279e-13,2.163211261e-13,2.687347796e-14,1.539928513e-13,1.183781825e-13,4.708804392e-13,1.192428037e-13,2.981613532e-13,4.561052916e-13,2.415731819e-13,5.613490406e-13,1.195303548e-12,9.720698812e-13,6.858731838e-13,3.181614003e-13,5.1991564e-13,4.566091748e-14,5.584619934e-14,8.077946965e-14,1.45531605e-13,1.48727256e-13,1.467083488e-13,5.614900981e-13,4.422399848e-13,6.457682091e-13,3.263850693e-14,3.170159948e-13,8.702252582e-14
16.9765625,4.217223007e-13,6.035138987e-13,3.331964374e-13,2.870024386e-13,2.109644914e-13,2.16114659e-13,2.753973862e-14,1.555834366e-13,1.192813685e-13,4.696505035e-13,1.188783326e-13,3.00306628e-13,4.5643862e-13,2.425342367e-13,5.650831423e-13,1.200185828e-12,9.712877314e-13,6.890369781e-13,3.187184595e-13,5.271232413e-13,4.651232503e-14,5.603501035e-14,8.132554533e-14,1.459737154e-13,1.498442058e-13,1.494729623e-13,5.583321666e-13,4.426401219e-13,6.459607413e-13,3.347573938e-14,3.205969213e-13,8.758928317e-14
16.984375,4.203217263e-13,6.04427053e-13,3.342992479e-13,2.871027807e-13,2.13953046e-13,2.159122981e-13,2.82239517e-14,1.572056439e-13,1.201971395e-13,4.683012886e-13,1.184161458e-13,3.024611222e-13,4.568788165e-13,2.437123285e-13,5.690536208e-13,1.205201109e-12,9.705602816e-13,6.924160612e-13,3.193155609e-13,5.344570807e-13,4.740716983e-14,5.621949911e-14,8.188333561e-14,1.46466317e-13,1.509885112e-13,1.523391374e-13,5.552464733e-13,4.429528306e-13,6.458269594e-13,3.435523138e-14,3.243191283e-13,8.814614254e-14
16.9921875,4.188472825e-13,6.054118119e-13,3.354237123e-13,2.872406645e-13,2.16984929e-13,2.156444177e-13,2.891974119e-14,1.587522812e-13,1.210789203e-13,4.668487127e-13,1.179750879e-13,3.045477094e-13,4.57289768e-13,2.449813372e-13,5.730137867e-13,1.210036374e-12,9.69685073e-13,6.957173065e-13,3.198661218e-13,5.419209837e-13,4.832915288e-14,5.640526189e-14,8.243229907e-14,1.469369443e-13,1.521269897e-13,1.552875749e-13,5.522638322e-13,4.432438168e-13,6.4572852e-13,3.52355231e-14,3.281301365e-13,8.870211921e-14
17,4.172302714e-13,6.067890826e-13,3.365461396e-13,2.873929625e-13,2.20007914e-13,2.153392706e-13,2.960839747e-14,1.601295576e-13,1.218637287e-13,4.65248914e-13,1.175565551e-13,3.065974385e-13,4.574889014e-13,2.463486156e-13,5.767742181e-13,1.214418753e-12,9.685632504e-13,6.98776954e-13,3.202989268e-13,5.495785995e-13,4.928716531e-14,5.656913987e-14,8.294070279e-14,1.473140475e-13,1.531908415e-13,1.582442333e-13,5.491703831e-13,4.435078988e-13,6.456394908e-13,3.611938194e-14,3.318882055e-13,8.919723498e-14
17.0078125,4.155464164e-13,6.076097538e-13,3.377371483e-13,2.874353971e-13,2.231798844e-13,2.149345345e-13,3.030438914e-14,1.613573012e-13,1.22561062e-13,4.635180094e-13,1.170278259e-13,3.086538705e-13,4.575208995e-13,2.478383142e-13,5.80246418e-13,1.218185256e-12,9.670814362e-13,7.016921861e-13,3.205643155e-13,5.570721922e-13,5.032305272e-14,5.666291993e-14,8.343970932e-14,1.476281357e-13,1.541847587e-13,1.612129617e-13,5.457864723e-13,4.436169685e-13,6.449461771e-13,3.705204969e-14,3.355233104e-13,8.962371991e-14
17.015625,4.137369735e-13,6.075870774e-13,3.389713374e-13,2.872290877e-13,2.264551978e-13,2.144012917e-13,3.104499043e-14,1.625486341e-13,1.232307741e-13,4.617578137e-13,1.163537783e-13,3.106528242e-13,4.575739501e-13,2.49334305e-13,5.834217196e-13,1.221360262e-12,9.651102691e-13,7.043835089e-13,3.206674102e-13,5.643721074e-13,5.145697241e-14,5.670004401e-14,8.397082706e-14,1.479244736e-13,1.55152848e-13,1.642378839e-13,5.42243735e-13,4.435349487e-13,6.437518187e-13,3.802007357e-14,3.391483971e-13,9.006219049e-14
17.0234375,4.118881776e-13,6.075819951e-13,3.401150605e-13,2.868071908e-13,2.297167511e-13,2.138424378e-13,3.182901684e-14,1.637778432e-13,1.238969742e-13,4.599665337e-13,1.156071248e-13,3.125525601e-13,4.576115194e-13,2.508273255e-13,5.864399851e-13,1.224151197e-12,9.627692532e-13,7.06734781e-13,3.206615973e-13,5.717363676e-13,5.265329656e-14,5.674582952e-14,8.448230236e-14,1.482096156e-13,1.560882634e-13,1.672606642e-13,5.386277891e-13,4.433126122e-13,6.426109938e-13,3.898582614e-14,3.428447551e-13,9.05298301e-14
17.03125,4.100718425e-13,6.076408041e-13,3.411365442e-13,2.863254813e-13,2.330151467e-13,2.132401637e-13,3.262738004e-14,1.649909048e-13,1.245358135e-13,4.580063506e-13,1.147924323e-13,3.144026788e-13,4.573447007e-13,2.524433047e-13,5.893864321e-13,1.226635462e-12,9.60220104e-13,7.088488879e-13,3.204943968e-13,5.790336304e-13,5.384935923e-14,5.679420881e-14,8.492302959e-14,1.484673018e-13,1.569608299e-13,1.702490795e-13,5.348029281e-13,4.429171451e-13,6.413643961e-13,3.99544674e-14,3.465079429e-13,9.099019712e-14
17.0390625,4.080687182e-13,6.073542684e-13,3.420811495e-13,2.858800213e-13,2.362968654e-13,2.124774458e-13,3.342972495e-14,1.661189768e-13,1.251088601e-13,4.55842873e-13,1.139108225e-13,3.161599754e-13,4.567142018e-13,2.541565995e-13,5.923516891e-13,1.228981093e-12,9.575666951e-13,7.108365624e-13,3.20090474e-13,5.864245354e-13,5.5023363e-14,5.678609729e-14,8.534566137e-14,1.486719317e-13,1.577812863e-13,1.733344123e-13,5.308857233e-13,4.423530154e-13,6.397537314e-13,4.093957845e-14,3.500434516e-13,9.144990695e-14
17.046875,4.058964095e-13,6.068956619e-13,3.430643973e-13,2.854303869e-13,2.394406065e-13,2.116477819e-13,3.424503069e-14,1.671799628e-13,1.256029234e-13,4.535891306e-13,1.130446662e-13,3.177660263e-13,4.559986008e-13,2.559110498e-13,5.955536352e-13,1.231442319e-12,9.550549471e-13,7.128558836e-13,3.195976381e-13,5.942289019e-13,5.621468583e-14,5.672206071e-14,8.581597241e-14,1.48831747e-13,1.586028529e-13,1.765902441e-13,5.271514076e-13,4.417205537e-13,6.380131407e-13,4.195332434e-14,3.535684709e-13,9.189431304e-14
17.0546875,4.038314102e-13,6.060123175e-13,3.442382073e-13,2.848617169e-13,2.426744022e-13,2.108850501e-13,3.509407943e-14,1.681849517e-13,1.260550233e-13,4.51263343e-13,1.121940316e-13,3.193353116e-13,4.553330219e-13,2.578318154e-13,5.989046935e-13,1.233728763e-12,9.526659257e-13,7.150747428e-13,3.191627387e-13,6.020005981e-13,5.745357862e-14,5.663692305e-14,8.632438172e-14,1.489905702e-13,1.594702813e-13,1.798789028e-13,5.235036984e-13,4.409577916e-13,6.361184378e-13,4.299937698e-14,3.572397759e-13,9.229328195e-14
17.0625,4.017274349e-13,6.044106595e-13,3.454689634e-13,2.841525547e-13,2.461625849e-13,2.100554343e-13,3.598879291e-14,1.690935341e-13,1.264829139e-13,4.488258367e-13,1.112499997e-13,3.209008209e-13,4.545978379e-13,2.599071621e-13,6.020633649e-13,1.235449578e-12,9.49885976e-13,7.172706838e-13,3.186342864e-13,6.094926001e-13,5.872490406e-14,5.653011437e-14,8.680961522e-14,1.491352884e-13,1.603570348e-13,1.831075949e-13,5.197761356e-13,4.3993823e-13,6.338517713e-13,4.405586399e-14,3.609629882e-13,9.267956837e-14
17.0703125,3.99379461e-13,6.028324366e-13,3.464893419e-13,2.833943058e-13,2.49565229e-13,2.090440209e-13,3.690099091e-14,1.698707304e-13,1.268374825e-13,4.463464875e-13,1.101908356e-13,3.223369201e-13,4.537559815e-13,2.619365002e-13,6.050314794e-13,1.236765231e-12,9.46510067e-13,7.191939448e-13,3.179115232e-13,6.170833794e-13,6.001495481e-14,5.63913515e-14,8.7222828e-14,1.491905527e-13,1.611954406e-13,1.863678581e-13,5.160541243e-13,4.387931916e-13,6.314417397e-13,4.511892945e-14,3.646191959e-13,9.304946186e-14
17.078125,3.971150256e-13,6.015584598e-13,3.474014864e-13,2.825980199e-13,2.528183673e-13,2.079781556e-13,3.780666264e-14,1.7049866e-13,1.271212319e-13,4.438334316e-13,1.090821879e-13,3.237273943e-13,4.528599476e-13,2.64004168e-13,6.078747555e-13,1.237630918e-12,9.42888562e-13,7.210281168e-13,3.171736751e-13,6.245625771e-13,6.133059692e-14,5.623106096e-14,8.758762516e-14,1.491640335e-13,1.61966636e-13,1.897072086e-13,5.122758366e-13,4.376912268e-13,6.290445945e-13,4.619942194e-14,3.684032606e-13,9.334600751e-14
17.0859375,3.950749804e-13,5.998243296e-13,3.484538185e-13,2.817081856e-13,2.563332198e-13,2.069123256e-13,3.872798429e-14,1.710186225e-13,1.274238065e-13,4.412351166e-13,1.079257874e-13,3.252498037e-13,4.51870942e-13,2.663099647e-13,6.103886598e-13,1.237702113e-12,9.391469234e-13,7.227881522e-13,3.164604505e-13,6.316086986e-13,6.268163072e-14,5.605896184e-14,8.796898849e-14,1.491617218e-13,1.626879988e-13,1.930676622e-13,5.082727269e-13,4.365774202e-13,6.263777675e-13,4.728887669e-14,3.724168073e-13,9.360481965e-14
17.09375,3.928614833e-13,5.975081803e-13,3.495969423e-13,2.807430406e-13,2.599814279e-13,2.05767331e-13,3.967799475e-14,1.71493147e-13,1.277214181e-13,4.38632867e-13,1.066763718e-13,3.267551941e-13,4.507453966e-13,2.686818041e-13,6.126678436e-13,1.237247456e-12,9.351089834e-13,7.242124812e-13,3.155898153e-13,6.385744683e-13,6.406502506e-14,5.585651893e-14,8.837105878e-14,1.491638147e-13,1.633653755e-13,1.964437418e-13,5.041298918e-13,4.353403893e-13,6.233626899e-13,4.838864983e-14,3.763500598e-13,9.388145567e-14
17.1015625,3.904095535e-13,5.950268484e-13,3.506376383e-13,2.797092609e-13,2.632712023e-13,2.045813371e-13,4.064967969e-14,1.718660699e-13,1.278451893e-13,4.35992592e-13,1.053416896e-13,3.279678131e-13,4.494964818e-13,2.709373781e-13,6.150603145e-13,1.236679969e-12,9.308339958e-13,7.254425561e-13,3.145287237e-13,6.455065856e-13,6.544583018e-14,5.559072733e-14,8.874181727e-14,1.489884946e-13,1.640139945e-13,1.998560349e-13,4.999354979e-13,4.338891758e-13,6.201722247e-13,4.949747462e-14,3.8002279e-13,9.415342182e-14
17.109375,3.880388686e-13,5.923042685e-13,3.515315906e-13,2.786024424e-13,2.663108227e-13,2.034223661e-13,4.165852776e-14,1.720815045e-13,1.277688517e-13,4.331479767e-13,1.039737412e-13,3.289055617e-13,4.481136781e-13,2.732114928e-13,6.175209817e-13,1.235882109e-12,9.264926502e-13,7.267044335e-13,3.133750673e-13,6.521492385e-13,6.679255463e-14,5.527264081e-14,8.906953761e-14,1.486280159e-13,1.646535926e-13,2.033002929e-13,4.95670436e-13,4.322261501e-13,6.167896134e-13,5.05992535e-14,3.836243858e-13,9.444277216e-14
17.1171875,3.856536354e-13,5.893137654e-13,3.52421601e-13,2.774806695e-13,2.693973019e-13,2.022350545e-13,4.270741185e-14,1.722218709e-13,1.276648564e-13,4.302608122e-13,1.026010528e-13,3.298202332e-13,4.46608452e-13,2.755573393e-13,6.198962171e-13,1.234845862e-12,9.220505489e-13,7.278236916e-13,3.121890973e-13,6.586777084e-13,6.813097158e-14,5.494731719e-14,8.938938535e-14,1.48323985e-13,1.652864406e-13,2.068040548e-13,4.914307941e-13,4.305623253e-13,6.132663371e-13,5.171134501e-14,3.87287012e-13,9.476296197e-14
17.125,3.829826138e-13,5.862599582e-13,3.534272656e-13,2.763263088e-13,2.724635112e-13,2.009477021e-13,4.378111746e-14,1.72307658e-13,1.276051898e-13,4.275691903e-13,1.01205733e-13,3.308731468e-13,4.450524204e-13,2.779171264e-13,6.222870972e-13,1.233711073e-12,9.174031359e-13,7.287416341e-13,3.110085226e-13,6.651402822e-13,6.949906096e-14,5.460690932e-14,8.970848761e-14,1.481665822e-13,1.659105626e-13,2.103565793e-13,4.872208491e-13,4.289987837e-13,6.098158722e-13,5.283995224e-14,3.909878262e-13,9.500066459e-14
17.1328125,3.802365445e-13,5.831282839e-13,3.544301694e-13,2.751172383e-13,2.754962249e-13,1.995514071e-13,4.48954204e-14,1.722681348e-13,1.275054811e-13,4.248890192e-13,9.974590763e-14,3.319818312e-13,4.434704522e-13,2.803821121e-13,6.246358289e-13,1.232197485e-12,9.125249817e-13,7.296206541e-13,3.097782046e-13,6.713821877e-13,7.08836485e-14,5.42174154e-14,8.999652022e-14,1.479857295e-13,1.664988923e-13,2.138864573e-13,4.828880659e-13,4.273797486e-13,6.063484583e-13,5.394504296e-14,3.946709462e-13,9.513089163e-14
17.140625,3.777116077e-13,5.799151748e-13,3.552626651e-13,2.739545369e-13,2.78551587e-13,1.981003803e-13,4.605292992e-14,1.72118751e-13,1.27321846e-13,4.220039794e-13,9.819844328e-14,3.329693912e-13,4.418190377e-13,2.829180775e-13,6.267060498e-13,1.230040696e-12,9.074256751e-13,7.304040533e-13,3.084198618e-13,6.775014687e-13,7.224963297e-14,5.380215864e-14,9.024358764e-14,1.476590884e-13,1.670114098e-13,2.173918089e-13,4.784293979e-13,4.25658864e-13,6.026398027e-13,5.502837673e-14,3.982070877e-13,9.527668144e-14
17.1484375,3.752348045e-13,5.765304027e-13,3.559649523e-13,2.727797159e-13,2.815016268e-13,1.966460774e-13,4.722136227e-14,1.718470837e-13,1.270359282e-13,4.189713899e-13,9.660624899e-14,3.33778994e-13,4.400560601e-13,2.853316898e-13,6.284892665e-13,1.227340113e-12,9.021050483e-13,7.309865128e-13,3.069910338e-13,6.834333476e-13,7.359563067e-14,5.337597313e-14,9.047245923e-14,1.471913759e-13,1.674707899e-13,2.209018124e-13,4.738932089e-13,4.238512849e-13,5.98781935e-13,5.61203846e-14,4.015564487e-13,9.543205482e-14
17.15625,3.725100743e-13,5.72621126e-13,3.566775664e-13,2.714063888e-13,2.843202683e-13,1.951269505e-13,4.840782436e-14,1.713845263e-13,1.266082112e-13,4.158270466e-13,9.504472131e-14,3.344620193e-13,4.381477336e-13,2.877033808e-13,6.301011269e-13,1.224174075e-12,8.966047778e-13,7.313957722e-13,3.054946005e-13,6.890290077e-13,7.496092685e-14,5.289466128e-14,9.070084455e-14,1.466210995e-13,1.679223232e-13,2.243968037e-13,4.692916908e-13,4.218061944e-13,5.94925975e-13,5.720995373e-14,4.048537808e-13,9.550336576e-14
17.1640625,3.695944486e-13,5.681849217e-13,3.574810978e-13,2.69872665e-13,2.871023936e-13,1.934979608e-13,4.964575362e-14,1.707979944e-13,1.260800427e-13,4.125924402e-13,9.351758779e-14,3.350653345e-13,4.360943389e-13,2.902568268e-13,6.315814028e-13,1.220605957e-12,8.910310579e-13,7.315994114e-13,3.038264665e-13,6.94414152e-13,7.637240205e-14,5.235743239e-14,9.093221427e-14,1.460105355e-13,1.683541616e-13,2.279019329e-13,4.647851431e-13,4.19516457e-13,5.910679836e-13,5.82960781e-14,4.081474767e-13,9.553438506e-14
17.171875,3.667461303e-13,5.636171012e-13,3.583573559e-13,2.682659232e-13,2.898383262e-13,1.918751622e-13,5.094182387e-14,1.701660636e-13,1.255216691e-13,4.093660239e-13,9.198020585e-14,3.356217957e-13,4.339774052e-13,2.929994137e-13,6.330098079e-13,1.216749424e-12,8.853891682e-13,7.316182502e-13,3.020747935e-13,6.995424469e-13,7.779645703e-14,5.181861989e-14,9.11602595e-14,1.453570818e-13,1.687571001e-13,2.314575074e-13,4.604274275e-13,4.172262044e-13,5.872662291e-13,5.939485109e-14,4.114150071e-13,9.558113793e-14
17.1796875,3.640636931e-13,5.591077888e-13,3.592421918e-13,2.666560423e-13,2.925887859e-13,1.903441735e-13,5.229923146e-14,1.694533606e-13,1.249396929e-13,4.061331358e-13,9.044003199e-14,3.361760874e-13,4.318699658e-13,2.958663555e-13,6.344595432e-13,1.212499798e-12,8.795522418e-13,7.316062014e-13,3.004104095e-13,7.043568837e-13,7.918919073e-14,5.128274146e-14,9.135609852e-14,1.446079149e-13,1.691412312e-13,2.349953374e-13,4.559955657e-13,4.150792819e-13,5.835027287e-13,6.049000283e-14,4.147661977e-13,9.558856503e-14
17.1875,3.614066331e-13,5.545185136e-13,3.600870025e-13,2.6525097e-13,2.954057761e-13,1.888336189e-13,5.370657563e-14,1.686520193e-13,1.243315162e-13,4.028254691e-13,8.889521484e-14,3.367104356e-13,4.296870508e-13,2.987552239e-13,6.357651346e-13,1.207670004e-12,8.734786408e-13,7.315240784e-13,2.987268284e-13,7.090782194e-13,8.055925114e-14,5.071136174e-14,9.149578506e-14,1.438237344e-13,1.694605484e-13,2.384220081e-13,4.513743904e-13,4.129731819e-13,5.795083628e-13,6.156479705e-14,4.181814452e-13,9.551385261e-14
17.1953125,3.58578643e-13,5.49556217e-13,3.607507886e-13,2.639311422e-13,2.980306188e-13,1.872532233e-13,5.512449226e-14,1.677321534e-13,1.236564707e-13,3.994651557e-13,8.728763548e-14,3.370754823e-13,4.272743902e-13,3.014116631e-13,6.366387124e-13,1.202251834e-12,8.6718593e-13,7.311126706e-13,2.968076923e-13,7.135751667e-13,8.192971657e-14,5.009078711e-14,9.160540557e-14,1.430735523e-13,1.696790816e-13,2.417406026e-13,4.466474443e-13,4.106780219e-13,5.752427466e-13,6.260409882e-14,4.213322392e-13,9.536417525e-14
17.203125,3.555857692e-13,5.442490654e-13,3.611345472e-13,2.622972892e-13,3.002700499e-13,1.855769853e-13,5.654558863e-14,1.666370081e-13,1.22853834e-13,3.960992002e-13,8.565433653e-14,3.372111433e-13,4.246914963e-13,3.038121393e-13,6.371320996e-13,1.196323407e-12,8.606228705e-13,7.302983931e-13,2.947018192e-13,7.175999285e-13,8.329316884e-14,4.943919257e-14,9.171782222e-14,1.422825436e-13,1.698486878e-13,2.450229559e-13,4.419443788e-13,4.081394806e-13,5.711451161e-13,6.358479281e-14,4.241167712e-13,9.516243469e-14
17.2109375,3.525994822e-13,5.390616296e-13,3.614935795e-13,2.604795672e-13,3.023658934e-13,1.838315625e-13,5.799942587e-14,1.654723533e-13,1.219989932e-13,3.928023199e-13,8.411031919e-14,3.37337365e-13,4.221494208e-13,3.063270101e-13,6.37580659e-13,1.189906113e-12,8.537343844e-13,7.292509971e-13,2.926178069e-13,7.21321502e-13,8.46297449e-14,4.878738007e-14,9.180865998e-14,1.414057386e-13,1.699977986e-13,2.483181126e-13,4.373682961e-13,4.056063403e-13,5.674270291e-13,6.453933613e-14,4.269331919e-13,9.495485588e-14
17.21875,3.496255459e-13,5.339196456e-13,3.62066273e-13,2.587861906e-13,3.045334517e-13,1.820612622e-13,5.951695018e-14,1.642973648e-13,1.211846993e-13,3.896243221e-13,8.261414812e-14,3.376097393e-13,4.196460587e-13,3.091278224e-13,6.379424197e-13,1.182840176e-12,8.464470914e-13,7.280591647e-13,2.905737564e-13,7.246170729e-13,8.593310998e-14,4.813718297e-14,9.184796298e-14,1.405180365e-13,1.700878076e-13,2.515937626e-13,4.327085201e-13,4.032023495e-13,5.636953473e-13,6.552418918e-14,4.30026968e-13,9.474059273e-14
17.2265625,3.466126967e-13,5.28316552e-13,3.626797103e-13,2.570943669e-13,3.06672338e-13,1.80313314e-13,6.113297465e-14,1.629359683e-13,1.203327329e-13,3.864887678e-13,8.105272275e-14,3.378991788e-13,4.170819876e-13,3.120436017e-13,6.379723704e-13,1.175100279e-12,8.38920389e-13,7.268132483e-13,2.884684974e-13,7.272723794e-13,8.721990318e-14,4.745963347e-14,9.18674893e-14,1.39634192e-13,1.701379499e-13,2.548097503e-13,4.277301449e-13,4.008217729e-13,5.597881867e-13,6.652429905e-14,4.331842872e-13,9.445646076e-14
17.234375,3.437701903e-13,5.225702174e-13,3.632122496e-13,2.554217724e-13,3.087580017e-13,1.786508377e-13,6.284616064e-14,1.61369257e-13,1.193783004e-13,3.833261662e-13,7.950493229e-14,3.381516563e-13,4.145760376e-13,3.150961652e-13,6.380209966e-13,1.16731514e-12,8.317880157e-13,7.257794373e-13,2.863763766e-13,7.298889537e-13,8.851317964e-14,4.676124102e-14,9.190617701e-14,1.386676657e-13,1.702204478e-13,2.580094578e-13,4.228517293e-13,3.984902014e-13,5.561408858e-13,6.749252125e-14,4.36309038e-13,9.410638437e-14
17.2421875,3.411295088e-13,5.170501648e-13,3.637909865e-13,2.539087002e-13,3.108808901e-13,1.770555079e-13,6.461108251e-14,1.598121892e-13,1.183936637e-13,3.801479255e-13,7.808670707e-14,3.384427789e-13,4.121561341e-13,3.184118519e-13,6.384722678e-13,1.159936133e-12,8.252336697e-13,7.248696972e-13,2.843673261e-13,7.328140938e-13,8.981467272e-14,4.607105712e-14,9.194655644e-14,1.375973686e-13,1.703265958e-13,2.612354525e-13,4.184251153e-13,3.961806945e-13,5.52831199e-13,6.842023559e-14,4.395171743e-13,9.376884322e-14
17.25,3.383263861e-13,5.112328365e-13,3.643651023e-13,2.523167288e-13,3.128943636e-13,1.754375775e-13,6.643130073e-14,1.582591323e-13,1.174119007e-13,3.769873338e-13,7.672908227e-14,3.386921209e-13,4.095975956e-13,3.217797983e-13,6.388657016e-13,1.152266666e-12,8.184496536e-13,7.235549696e-13,2.822919687e-13,7.353125078e-13,9.110501721e-14,4.53819827e-14,9.194964245e-14,1.365173958e-13,1.7038063e-13,2.64453822e-13,4.139229511e-13,3.937743247e-13,5.494147191e-13,6.932153402e-14,4.426659449e-13,9.345976861e-14
17.2578125,3.354304332e-13,5.05169441e-13,3.647637471e-13,2.506212025e-13,3.146370002e-13,1.738349688e-13,6.834185001e-14,1.565411019e-13,1.163899421e-13,3.73936727e-13,7.53754882e-14,3.388246484e-13,4.06924252e-13,3.249952816e-13,6.388138767e-13,1.143746325e-12,8.110553932e-13,7.218239942e-13,2.801260549e-13,7.370377493e-13,9.236053167e-14,4.468583011e-14,9.189729654e-14,1.354728045e-13,1.703572521e-13,2.676160365e-13,4.090456225e-13,3.915267782e-13,5.459305546e-13,7.021188188e-14,4.455938915e-13,9.312182155e-14
17.265625,3.328756786e-13,4.995608643e-13,3.649947432e-13,2.490969479e-13,3.162323135e-13,1.722830343e-13,7.031196396e-14,1.547005263e-13,1.153073087e-13,3.710479775e-13,7.409055005e-14,3.389118568e-13,4.043467988e-13,3.281941018e-13,6.387044451e-13,1.134953817e-12,8.036124409e-13,7.200887184e-13,2.780267073e-13,7.385467932e-13,9.357927921e-14,4.398460769e-14,9.178953614e-14,1.343832812e-13,1.702827123e-13,2.706980698e-13,4.043119494e-13,3.89637772e-13,5.427396049e-13,7.109628039e-14,4.484839727e-13,9.273231976e-14
17.2734375,3.303961785e-13,4.940463162e-13,3.651369017e-13,2.476001522e-13,3.177285888e-13,1.706414747e-13,7.23189889e-14,1.528330753e-13,1.141553187e-13,3.6824388e-13,7.286155118e-14,3.389460867e-13,4.017615321e-13,3.314437491e-13,6.387123701e-13,1.126192627e-12,7.962326044e-13,7.181871009e-13,2.759155276e-13,7.399942981e-13,9.478288905e-14,4.325435856e-14,9.164801742e-14,1.331987994e-13,1.70174428e-13,2.737261031e-13,3.998556446e-13,3.877365106e-13,5.396762172e-13,7.195703556e-14,4.514149367e-13,9.231436331e-14
17.28125,3.275512114e-13,4.880347067e-13,3.652442644e-13,2.459821971e-13,3.190323666e-13,1.689022798e-13,7.442052391e-14,1.508766922e-13,1.12933216e-13,3.655033071e-13,7.161144518e-14,3.388925973e-13,3.990678215e-13,3.346795163e-13,6.386293893e-13,1.117124043e-12,7.886740505e-13,7.159515275e-13,2.736503057e-13,7.410604342e-13,9.595831026e-14,4.249343579e-14,9.15194615e-14,1.319749656e-13,1.700691363e-13,2.76783294e-13,3.953329544e-13,3.856011583e-13,5.365508565e-13,7.277578955e-14,4.542462383e-13,9.186998035e-14
17.2890625,3.247372191e-13,4.818993841e-13,3.653369912e-13,2.444372749e-13,3.202913901e-13,1.672119316e-13,7.663436757e-14,1.488102861e-13,1.116709144e-13,3.628403799e-13,7.033761173e-14,3.388211779e-13,3.964535983e-13,3.380220557e-13,6.386125202e-13,1.107957724e-12,7.81316695e-13,7.138807083e-13,2.713582593e-13,7.417959101e-13,9.706224457e-14,4.173333234e-14,9.143485997e-14,1.30773609e-13,1.700243968e-13,2.798920901e-13,3.908771485e-13,3.834227701e-13,5.336459614e-13,7.355516326e-14,4.570891434e-13,9.13948087e-14
17.296875,3.223026142e-13,4.758124352e-13,3.653225309e-13,2.429063179e-13,3.216113583e-13,1.655229647e-13,7.890591049e-14,1.46689665e-13,1.10387432e-13,3.601668346e-13,6.905136612e-14,3.387306528e-13,3.939154345e-13,3.414893213e-13,6.387224999e-13,1.098863483e-12,7.742516929e-13,7.120388258e-13,2.691127453e-13,7.422798345e-13,9.810159525e-14,4.096894519e-14,9.135867415e-14,1.295901846e-13,1.700074603e-13,2.829690718e-13,3.866589271e-13,3.812616633e-13,5.310121168e-13,7.430791666e-14,4.600304084e-13,9.091827504e-14
17.3046875,3.198924407e-13,4.69668416e-13,3.651181704e-13,2.413125942e-13,3.2276937e-13,1.637771273e-13,8.123236211e-14,1.444918495e-13,1.090695324e-13,3.574951869e-13,6.77647746e-14,3.385617434e-13,3.912861452e-13,3.448582037e-13,6.386361109e-13,1.089337531e-12,7.668599522e-13,7.098575498e-13,2.668130879e-13,7.422902058e-13,9.909627234e-14,4.018872439e-14,9.122536967e-14,1.283355354e-13,1.699222298e-13,2.859661769e-13,3.823735653e-13,3.791971023e-13,5.283742697e-13,7.50391976e-14,4.627890059e-13,9.046167202e-14
17.3125,3.173158763e-13,4.637917618e-13,3.647907889e-13,2.39895783e-13,3.236998953e-13,1.620651433e-13,8.364525404e-14,1.422296872e-13,1.076971268e-13,3.549423871e-13,6.652718923e-14,3.383410363e-13,3.886495891e-13,3.481399428e-13,6.384361006e-13,1.079433318e-12,7.590933748e-13,7.073397532e-13,2.644571761e-13,7.419530498e-13,1.000177941e-13,3.940605569e-14,9.103481536e-14,1.269642736e-13,1.697824482e-13,2.889180275e-13,3.779730456e-13,3.773268444e-13,5.257760168e-13,7.573613967e-14,4.653450014e-13,9.00125125e-14
17.3203125,3.146594433e-13,4.579163285e-13,3.643884723e-13,2.385805747e-13,3.245210843e-13,1.603188014e-13,8.611567617e-14,1.39982686e-13,1.062579386e-13,3.524571604e-13,6.53398358e-14,3.380645747e-13,3.860366145e-13,3.514353979e-13,6.383167749e-13,1.06956171e-12,7.513276466e-13,7.047375874e-13,2.620350282e-13,7.415947871e-13,1.008694334e-13,3.859669704e-14,9.082826194e-14,1.256090355e-13,1.696453506e-13,2.918089248e-13,3.737117761e-13,3.753564474e-13,5.233390128e-13,7.637287574e-14,4.679939051e-13,8.954986441e-14
17.328125,3.118442486e-13,4.514378074e-13,3.638338931e-13,2.371205328e-13,3.251505463e-13,1.584754319e-13,8.861535608e-14,1.376837739e-13,1.047695594e-13,3.499831116e-13,6.417940295e-14,3.377003339e-13,3.832924912e-13,3.545663603e-13,6.379295218e-13,1.059283114e-12,7.433892878e-13,7.017766788e-13,2.595062506e-13,7.409529288e-13,1.016966723e-13,3.774712154e-14,9.059034296e-14,1.243502483e-13,1.694418596e-13,2.945438674e-13,3.694630958e-13,3.731810169e-13,5.209008931e-13,7.694444053e-14,4.705950999e-13,8.904514989e-14
17.3359375,3.090332384e-13,4.449066045e-13,3.631490135e-13,2.35726894e-13,3.256098743e-13,1.567439144e-13,9.11890164e-14,1.352508088e-13,1.032866103e-13,3.476506614e-13,6.307550243e-14,3.373467255e-13,3.805354775e-13,3.575738297e-13,6.372301511e-13,1.048404427e-12,7.352074298e-13,6.984337934e-13,2.570368823e-13,7.397123869e-13,1.024968693e-13,3.692675342e-14,9.030147857e-14,1.230880451e-13,1.691340302e-13,2.971325798e-13,3.650804159e-13,3.712333867e-13,5.185019235e-13,7.748926311e-14,4.729500279e-13,8.849323966e-14
17.34375,3.065651688e-13,4.389383012e-13,3.625178845e-13,2.345975199e-13,3.260999465e-13,1.551885837e-13,9.389247851e-14,1.328209815e-13,1.018354721e-13,3.455021859e-13,6.203220981e-14,3.370792645e-13,3.779709938e-13,3.608079972e-13,6.367662244e-13,1.037711386e-12,7.272093898e-13,6.951475259e-13,2.54722181e-13,7.382430123e-13,1.032595035e-13,3.616685274e-14,9.001438031e-14,1.218359078e-13,1.688492543e-13,2.997393596e-13,3.608490071e-13,3.696167535e-13,5.164268043e-13,7.803835782e-14,4.753723454e-13,8.794295816e-14
17.3515625,3.0432746e-13,4.330493008e-13,3.619387721e-13,2.335447088e-13,3.265287545e-13,1.536248663e-13,9.671950674e-14,1.305002346e-13,1.003657148e-13,3.434190501e-13,6.101437441e-14,3.367678659e-13,3.754388189e-13,3.642080603e-13,6.366162177e-13,1.027442619e-12,7.195129514e-13,6.919108017e-13,2.523488149e-13,7.369246296e-13,1.039987044e-13,3.539855176e-14,8.975515542e-14,1.206725848e-13,1.686416174e-13,3.024128101e-13,3.569052299e-13,3.679781557e-13,5.146306606e-13,7.855833372e-14,4.778909316e-13,8.742699549e-14
17.359375,3.020523396e-13,4.2690814e-13,3.611712616e-13,2.32442208e-13,3.267059138e-13,1.520482125e-13,9.962324344e-14,1.281801922e-13,9.882876017e-14,3.413803834e-13,6.002079511e-14,3.362731459e-13,3.727718336e-13,3.674393109e-13,6.364497507e-13,1.017150626e-12,7.119196712e-13,6.884051286e-13,2.498091076e-13,7.35614746e-13,1.046617404e-13,3.45908817e-14,8.947558182e-14,1.194962784e-13,1.68410915e-13,3.050089314e-13,3.530303748e-13,3.662125457e-13,5.1297839e-13,7.90061499e-14,4.800686415e-13,8.693321885e-14
17.3671875,2.997336417e-13,4.207307355e-13,3.601695904e-13,2.313866008e-13,3.266529539e-13,1.50563158e-13,1.026004234e-13,1.25783076e-13,9.724482411e-14,3.394938543e-13,5.906311993e-14,3.356261056e-13,3.701005169e-13,3.704781981e-13,6.363058085e-13,1.006874132e-12,7.043758454e-13,6.846268748e-13,2.472201938e-13,7.340138178e-13,1.051756282e-13,3.378538577e-14,8.916582312e-14,1.182700714e-13,1.681370069e-13,3.074852553e-13,3.491693475e-13,3.644767441e-13,5.116877006e-13,7.940189562e-14,4.819372402e-13,8.645478745e-14
17.375,2.974030879e-13,4.145854738e-13,3.591159345e-13,2.304776414e-13,3.263766155e-13,1.491345219e-13,1.056877472e-13,1.233453119e-13,9.563197578e-14,3.378310189e-13,5.815653909e-14,3.349069083e-13,3.674928254e-13,3.734184735e-13,6.362398038e-13,9.966622915e-13,6.968103999e-13,6.806824035e-13,2.446198757e-13,7.318624477e-13,1.055898245e-13,3.300068734e-14,8.886539516e-14,1.170683229e-13,1.678699042e-13,3.098986598e-13,3.453857395e-13,3.629241759e-13,5.107675904e-13,7.978421418e-14,4.837824515e-13,8.596031918e-14
17.3828125,2.950838703e-13,4.086089727e-13,3.580943815e-13,2.296105183e-13,3.259565356e-13,1.477189854e-13,1.088602157e-13,1.208830469e-13,9.398325288e-14,3.363143409e-13,5.731144344e-14,3.341637423e-13,3.648367787e-13,3.76338676e-13,6.360051557e-13,9.860735353e-13,6.891226732e-13,6.765679289e-13,2.420257797e-13,7.291729163e-13,1.060228435e-13,3.223207405e-14,8.857649048e-14,1.157722998e-13,1.675697442e-13,3.121885698e-13,3.415695574e-13,3.615780808e-13,5.097874884e-13,8.015723506e-14,4.855434423e-13,8.540222542e-14
17.390625,2.928152132e-13,4.028160976e-13,3.571520759e-13,2.285626153e-13,3.256029442e-13,1.463095209e-13,1.120715977e-13,1.184127967e-13,9.23390044e-14,3.348284645e-13,5.649593122e-14,3.334659896e-13,3.621327689e-13,3.794248393e-13,6.355900761e-13,9.750946621e-13,6.813851856e-13,6.722728319e-13,2.394890591e-13,7.263705922e-13,1.065196426e-13,3.148296415e-14,8.828200448e-14,1.14323348e-13,1.672202104e-13,3.143805035e-13,3.377130099e-13,3.60236921e-13,5.086802782e-13,8.05118041e-14,4.872793988e-13,8.481986055e-14
17.3984375,2.905712575e-13,3.967817158e-13,3.563268549e-13,2.274713394e-13,3.252752961e-13,1.449127539e-13,1.153602577e-13,1.159947213e-13,9.07486612e-14,3.334755865e-13,5.569915075e-14,3.328362238e-13,3.595300298e-13,3.82690069e-13,6.353206009e-13,9.643288587e-13,6.738028429e-13,6.678123439e-13,2.369220316e-13,7.236666138e-13,1.070293439e-13,3.07471428e-14,8.798819168e-14,1.129555306e-13,1.669049891e-13,3.166603013e-13,3.340369628e-13,3.58825398e-13,5.07800153e-13,8.083242211e-14,4.891476143e-13,8.428406119e-14
17.40625,2.884203071e-13,3.905561778e-13,3.554587098e-13,2.266995291e-13,3.248067244e-13,1.436287857e-13,1.187674485e-13,1.136762867e-13,8.919790755e-14,3.324075772e-13,5.495078493e-14,3.321920787e-13,3.570947037e-13,3.859611897e-13,6.354028871e-13,9.541235146e-13,6.665822423e-13,6.632688449e-13,2.342817752e-13,7.20868613e-13,1.074575377e-13,3.002223924e-14,8.769393791e-14,1.117617236e-13,1.666423295e-13,3.189787821e-13,3.306411422e-13,3.575706077e-13,5.072765862e-13,8.109730354e-14,4.909155478e-13,8.377313465e-14
17.4140625,2.863932908e-13,3.847013414e-13,3.544494642e-13,2.261618565e-13,3.241893145e-13,1.425086308e-13,1.222916373e-13,1.11443015e-13,8.765001421e-14,3.315030308e-13,5.425482735e-14,3.314724689e-13,3.54696725e-13,3.891612495e-13,6.357543319e-13,9.442617609e-13,6.596274154e-13,6.586566402e-13,2.317008166e-13,7.179442979e-13,1.077393055e-13,2.931387522e-14,8.737852822e-14,1.105997061e-13,1.663657801e-13,3.211277964e-13,3.273875573e-13,3.56565255e-13,5.071539159e-13,8.131340565e-14,4.924088388e-13,8.324397761e-14
17.421875,2.842338663e-13,3.790778165e-13,3.534490462e-13,2.25540767e-13,3.233689171e-13,1.414417929e-13,1.259630057e-13,1.092265607e-13,8.60752536e-14,3.306389786e-13,5.362267204e-14,3.306745398e-13,3.521690677e-13,3.921909116e-13,6.361464803e-13,9.343394146e-13,6.525694876e-13,6.537951149e-13,2.291586549e-13,7.149114129e-13,1.078929582e-13,2.860269037e-14,8.703906052e-14,1.094492846e-13,1.660648577e-13,3.231612977e-13,3.240891816e-13,3.55678523e-13,5.074514758e-13,8.151511417e-14,4.937224763e-13,8.271642025e-14
17.4296875,2.818410375e-13,3.731255376e-13,3.524600716e-13,2.24832714e-13,3.223345259e-13,1.403497359e-13,1.297692436e-13,1.070062942e-13,8.446108637e-14,3.299060665e-13,5.305328445e-14,3.297833876e-13,3.495444193e-13,3.950003057e-13,6.364742655e-13,9.242392128e-13,6.453846629e-13,6.486231286e-13,2.265075437e-13,7.116125738e-13,1.07984694e-13,2.786865657e-14,8.670325972e-14,1.083441869e-13,1.657786174e-13,3.251938756e-13,3.207067564e-13,3.547981472e-13,5.078054263e-13,8.171222149e-14,4.94815018e-13,8.221618855e-14
17.4375,2.794999946e-13,3.67027972e-13,3.513429712e-13,2.242005339e-13,3.212726648e-13,1.392623428e-13,1.336267277e-13,1.048431418e-13,8.285467749e-14,3.293380619e-13,5.249279895e-14,3.288358859e-13,3.46988722e-13,3.977598228e-13,6.368722903e-13,9.14216818e-13,6.38291271e-13,6.432673167e-13,2.238278168e-13,7.08141996e-13,1.080563414e-13,2.71334807e-14,8.637425243e-14,1.072180653e-13,1.655082627e-13,3.271218137e-13,3.174114539e-13,3.539348013e-13,5.080451882e-13,8.186853378e-14,4.957266816e-13,8.17456402e-14
17.4453125,2.773555086e-13,3.613193565e-13,3.501921651e-13,2.238011e-13,3.202125299e-13,1.382287605e-13,1.375122459e-13,1.027419404e-13,8.130988429e-14,3.289306728e-13,5.197881676e-14,3.279058109e-13,3.445239012e-13,4.004543204e-13,6.373657317e-13,9.043831253e-13,6.311550081e-13,6.376986659e-13,2.212447398e-13,7.047072154e-13,1.080974307e-13,2.643367654e-14,8.600249991e-14,1.060712964e-13,1.652016623e-13,3.288739832e-13,3.142991138e-13,3.533158407e-13,5.085659659e-13,8.195291642e-14,4.966190645e-13,8.129889613e-14
17.453125,2.752959949e-13,3.558803754e-13,3.491120565e-13,2.236300924e-13,3.190365489e-13,1.372936698e-13,1.414361944e-13,1.006457281e-13,7.980234854e-14,3.286976378e-13,5.15942448e-14,3.269577287e-13,3.420400873e-13,4.029270692e-13,6.377458542e-13,8.945301994e-13,6.238994628e-13,6.318939523e-13,2.186621586e-13,7.01151859e-13,1.080589743e-13,2.577630226e-14,8.559149361e-14,1.049747766e-13,1.648266704e-13,3.305464368e-13,3.112254052e-13,3.529864729e-13,5.095035161e-13,8.199061329e-14,4.973707131e-13,8.085915142e-14
17.4609375,2.733028927e-13,3.503467077e-13,3.480420574e-13,2.233900733e-13,3.177927059e-13,1.364432961e-13,1.454283073e-13,9.858271145e-14,7.82829256e-14,3.284820276e-13,5.126074173e-14,3.259650229e-13,3.39579818e-13,4.054620276e-13,6.381944837e-13,8.84804473e-13,6.169086422e-13,6.261470994e-13,2.160575707e-13,6.973485597e-13,1.07920564e-13,2.513830624e-14,8.523840749e-14,1.039311026e-13,1.64482205e-13,3.322827812e-13,3.082056664e-13,3.525569625e-13,5.107414808e-13,8.202070019e-14,4.980233586e-13,8.043780969e-14
17.46875,2.714628003e-13,3.449384151e-13,3.471284407e-13,2.230638646e-13,3.165661869e-13,1.356457126e-13,1.496140278e-13,9.66234897e-14,7.677184763e-14,3.282671765e-13,5.091817534e-14,3.250828351e-13,3.373519053e-13,4.08445427e-13,6.39332937e-13,8.757666092e-13,6.104026173e-13,6.207116821e-13,2.136171698e-13,6.934939261e-13,1.077552742e-13,2.451117953e-14,8.495598355e-14,1.029197869e-13,1.643018737e-13,3.341860521e-13,3.054937475e-13,3.52068795e-13,5.124775655e-13,8.204338819e-14,4.989980666e-13,8.008035975e-14
17.4765625,2.698092554e-13,3.399193272e-13,3.465326695e-13,2.230187068e-13,3.153806173e-13,1.349607485e-13,1.539936546e-13,9.476281606e-14,7.534163768e-14,3.283190059e-13,5.066167384e-14,3.243893204e-13,3.353619653e-13,4.117035641e-13,6.410883077e-13,8.67328754e-13,6.041346888e-13,6.153668384e-13,2.113436683e-13,6.896549168e-13,1.076446257e-13,2.39230914e-14,8.462943378e-14,1.019536454e-13,1.642116958e-13,3.361362041e-13,3.03057759e-13,3.520191273e-13,5.146192637e-13,8.20498219e-14,5.002059199e-13,7.978862642e-14
17.484375,2.682286882e-13,3.348919303e-13,3.458885893e-13,2.231407823e-13,3.141854458e-13,1.343780724e-13,1.58351534e-13,9.297938022e-14,7.399956173e-14,3.286019354e-13,5.046255786e-14,3.236413809e-13,3.333013112e-13,4.14773537e-13,6.425612209e-13,8.58693328e-13,5.978089788e-13,6.096279396e-13,2.089553552e-13,6.857345629e-13,1.075300554e-13,2.337204247e-14,8.424277477e-14,1.01054079e-13,1.640322204e-13,3.378700607e-13,3.005989569e-13,3.52143637e-13,5.167075487e-13,8.202344159e-14,5.010605563e-13,7.952227393e-14
17.4921875,2.665336711e-13,3.295374792e-13,3.447825393e-13,2.230136474e-13,3.127586015e-13,1.337487365e-13,1.626422355e-13,9.12808796e-14,7.264505091e-14,3.28864093e-13,5.018833915e-14,3.22614379e-13,3.3100976e-13,4.174628496e-13,6.435394071e-13,8.497448452e-13,5.913741961e-13,6.033553792e-13,2.063215246e-13,6.818071525e-13,1.072864166e-13,2.280228463e-14,8.389977684e-14,1.002200014e-13,1.637729984e-13,3.39400812e-13,2.980798164e-13,3.518406051e-13,5.188366055e-13,8.191697235e-14,5.014855425e-13,7.927086241e-14
17.5,2.647617819e-13,3.241946388e-13,3.434303048e-13,2.227438913e-13,3.110287654e-13,1.330718444e-13,1.670210009e-13,8.963889149e-14,7.122308488e-14,3.29159423e-13,4.987631884e-14,3.214451065e-13,3.286935723e-13,4.199607185e-13,6.447517684e-13,8.411728678e-13,5.85053557e-13,5.969096623e-13,2.036264044e-13,6.778969585e-13,1.069289682e-13,2.220532752e-14,8.360195171e-14,9.939486956e-14,1.635471e-13,3.409401512e-13,2.956999128e-13,3.51338472e-13,5.213191841e-13,8.172233453e-14,5.018307169e-13,7.904303688e-14
17.5078125,2.631001222e-13,3.191444463e-13,3.421700301e-13,2.226254459e-13,3.092002593e-13,1.324817688e-13,1.714903197e-13,8.802742178e-14,6.980367588e-14,3.295647997e-13,4.959533385e-14,3.203157078e-13,3.264763436e-13,4.224992505e-13,6.464474184e-13,8.331647817e-13,5.790516504e-13,5.90526004e-13,2.009994737e-13,6.738550148e-13,1.065681475e-13,2.16344972e-14,8.327305312e-14,9.855182749e-14,1.6335847e-13,3.424987971e-13,2.935409677e-13,3.510178552e-13,5.240163666e-13,8.149565383e-14,5.021334971e-13,7.883966035e-14
17.515625,2.615224379e-13,3.142716779e-13,3.409134221e-13,2.227632468e-13,3.07280588e-13,1.319878305e-13,1.759858103e-13,8.6503965e-14,6.842719873e-14,3.300500175e-13,4.932051592e-14,3.191232964e-13,3.242353214e-13,4.249855915e-13,6.482496595e-13,8.25405147e-13,5.732855327e-13,5.840408361e-13,1.983646144e-13,6.698080066e-13,1.062008378e-13,2.110376686e-14,8.293247292e-14,9.778222581e-14,1.631749591e-13,3.439833957e-13,2.915488748e-13,3.508087273e-13,5.268364057e-13,8.126725448e-14,5.02227905e-13,7.866972376e-14
17.5234375,2.599456389e-13,3.094537775e-13,3.39579388e-13,2.232010415e-13,3.052040693e-13,1.31563957e-13,1.805475151e-13,8.511590248e-14,6.705871688e-14,3.307358095e-13,4.909032622e-14,3.177725762e-13,3.219657973e-13,4.27268629e-13,6.500823474e-13,8.179067037e-13,5.676887566e-13,5.774248629e-13,1.957046456e-13,6.661043145e-13,1.057480305e-13,2.058867685e-14,8.263497938e-14,9.713355923e-14,1.630058521e-13,3.454070233e-13,2.896836764e-13,3.50746042e-13,5.298993989e-13,8.102959356e-14,5.02153628e-13,7.853336635e-14
17.53125,2.584216233e-13,3.046151416e-13,3.383280613e-13,2.236592416e-13,3.031819678e-13,1.312134691e-13,1.851638543e-13,8.38166484e-14,6.570431524e-14,3.316075063e-13,4.893376226e-14,3.163808776e-13,3.197692897e-13,4.294559811e-13,6.52047488e-13,8.107675976e-13,5.623420234e-13,5.708182644e-13,1.930606763e-13,6.626853801e-13,1.052205752e-13,2.008150314e-14,8.236831039e-14,9.651182399e-14,1.628562746e-13,3.468055827e-13,2.879704097e-13,3.508181598e-13,5.3318687e-13,8.078387613e-14,5.020358439e-13,7.841818262e-14
17.5390625,2.568962459e-13,2.997586359e-13,3.37184141e-13,2.238351095e-13,3.012317435e-13,1.308620556e-13,1.897980196e-13,8.256396025e-14,6.438855918e-14,3.325018624e-13,4.877960035e-14,3.150167838e-13,3.176256222e-13,4.316154324e-13,6.541080552e-13,8.039125983e-13,5.571745577e-13,5.641549154e-13,1.903657524e-13,6.59105447e-13,1.046666828e-13,1.957929804e-14,8.210633855e-14,9.587426056e-14,1.627381118e-13,3.481785535e-13,2.864180976e-13,3.507835238e-13,5.366501611e-13,8.05185744e-14,5.018803334e-13,7.83207531e-14
17.546875,2.553033906e-13,2.950731721e-13,3.360533727e-13,2.24028818e-13,2.990927028e-13,1.305184395e-13,1.945012401e-13,8.135557943e-14,6.308977773e-14,3.334962689e-13,4.863099252e-14,3.13663439e-13,3.155288108e-13,4.337167064e-13,6.563578589e-13,7.973787913e-13,5.521192708e-13,5.574173368e-13,1.876419843e-13,6.55183437e-13,1.040699104e-13,1.908655677e-14,8.184101243e-14,9.52615944e-14,1.626575244e-13,3.49493409e-13,2.849539835e-13,3.507363055e-13,5.402448211e-13,8.021382692e-14,5.016697063e-13,7.823020797e-14
17.5546875,2.537754617e-13,2.906399474e-13,3.349584871e-13,2.245136483e-13,2.968047454e-13,1.30294914e-13,1.992799764e-13,8.018057231e-14,6.179003617e-14,3.346693962e-13,4.853520008e-14,3.123504433e-13,3.135048785e-13,4.358183537e-13,6.589019867e-13,7.912264874e-13,5.473379335e-13,5.507132084e-13,1.850387922e-13,6.512727026e-13,1.034161652e-13,1.861801307e-14,8.157965702e-14,9.465083466e-14,1.625988556e-13,3.507589301e-13,2.836029365e-13,3.508767161e-13,5.439810174e-13,7.988104401e-14,5.014107723e-13,7.81481177e-14
17.5625,2.522902375e-13,2.863179236e-13,3.339052618e-13,2.25119373e-13,2.945031741e-13,1.301636943e-13,2.040918731e-13,7.908538981e-14,6.050415492e-14,3.359416816e-13,4.844496098e-14,3.110376374e-13,3.11485817e-13,4.378764104e-13,6.616988871e-13,7.855218525e-13,5.429370903e-13,5.439244826e-13,1.825088718e-13,6.477832655e-13,1.02735739e-13,1.816871434e-14,8.13518764e-14,9.405537988e-14,1.625839959e-13,3.520786401e-13,2.825443831e-13,3.51040013e-13,5.480661797e-13,7.953551781e-14,5.010673567e-13,7.810048396e-14
17.5703125,2.506546319e-13,2.820343404e-13,3.328301849e-13,2.258456602e-13,2.92043002e-13,1.300822718e-13,2.089521995e-13,7.815233626e-14,5.925644667e-14,3.373010735e-13,4.834492781e-14,3.096557193e-13,3.094678878e-13,4.398214708e-13,6.647357427e-13,7.803473414e-13,5.388437648e-13,5.369683112e-13,1.799153743e-13,6.44581735e-13,1.020461487e-13,1.773498674e-14,8.113828509e-14,9.357515259e-14,1.626201141e-13,3.533995707e-13,2.817394918e-13,3.511375526e-13,5.524705719e-13,7.917016574e-14,5.006475998e-13,7.806246134e-14
17.578125,2.490108374e-13,2.778112261e-13,3.317069095e-13,2.266706118e-13,2.894071075e-13,1.300913328e-13,2.138413959e-13,7.735867739e-14,5.803954391e-14,3.386751963e-13,4.828039336e-14,3.082115784e-13,3.074681387e-13,4.416804468e-13,6.678881201e-13,7.754545174e-13,5.349227511e-13,5.299581798e-13,1.773105418e-13,6.413389024e-13,1.013389033e-13,1.732102835e-14,8.087361449e-14,9.317529969e-14,1.626384204e-13,3.545167506e-13,2.808991871e-13,3.512711339e-13,5.568740915e-13,7.878260326e-14,5.001486848e-13,7.800771189e-14
17.5859375,2.475732574e-13,2.736121019e-13,3.305172078e-13,2.272610102e-13,2.867852903e-13,1.300757682e-13,2.186890996e-13,7.664311111e-14,5.680097238e-14,3.399927364e-13,4.82362287e-14,3.066274543e-13,3.053300949e-13,4.432311172e-13,6.709347021e-13,7.705950898e-13,5.309990707e-13,5.227712173e-13,1.74718608e-13,6.382038883e-13,1.005902426e-13,1.690161761e-14,8.058629714e-14,9.273516e-14,1.626244633e-13,3.55514287e-13,2.800026325e-13,3.513883987e-13,5.612730672e-13,7.838127501e-14,4.993786862e-13,7.801381065e-14
17.59375,2.461322068e-13,2.694160785e-13,3.293581687e-13,2.276783515e-13,2.841997043e-13,1.299593995e-13,2.234951686e-13,7.601078461e-14,5.555543631e-14,3.413458249e-13,4.819549821e-14,3.048965954e-13,3.030574378e-13,4.443833907e-13,6.739099906e-13,7.659397603e-13,5.270303746e-13,5.152992879e-13,1.720874707e-13,6.352140725e-13,9.97764937e-14,1.647551643e-14,8.035734605e-14,9.22969966e-14,1.626444815e-13,3.565855597e-13,2.792706695e-13,3.514472724e-13,5.658618049e-13,7.796590135e-14,4.983214878e-13,7.811727836e-14
17.6015625,2.445694236e-13,2.653142758e-13,3.284210492e-13,2.28294948e-13,2.816319909e-13,1.299490672e-13,2.28300298e-13,7.545550905e-14,5.441064501e-14,3.426777976e-13,4.816047758e-14,3.032902824e-13,3.009464482e-13,4.456933607e-13,6.769542138e-13,7.615201628e-13,5.231824909e-13,5.078585075e-13,1.695383064e-13,6.318504944e-13,9.892370414e-14,1.609874444e-14,8.015733434e-14,9.195527045e-14,1.627049038e-13,3.575798535e-13,2.786744401e-13,3.515163161e-13,5.707380752e-13,7.752208631e-14,4.973745622e-13,7.822277609e-14
17.609375,2.431560469e-13,2.614146799e-13,3.275810841e-13,2.290909359e-13,2.791249378e-13,1.301159291e-13,2.331120208e-13,7.495998709e-14,5.337075265e-14,3.439280688e-13,4.809588444e-14,3.018675076e-13,2.990189932e-13,4.473651946e-13,6.800581284e-13,7.572038652e-13,5.195600126e-13,5.00587339e-13,1.671250219e-13,6.281888588e-13,9.808204045e-14,1.577747397e-14,7.991959773e-14,9.167694528e-14,1.62763359e-13,3.583943783e-13,2.78095876e-13,3.516134806e-13,5.75981252e-13,7.703615824e-14,4.966115369e-13,7.830099301e-14
17.6171875,2.418705867e-13,2.577027423e-13,3.265453971e-13,2.299275838e-13,2.765265644e-13,1.302601288e-13,2.378992668e-13,7.454952835e-14,5.230987083e-14,3.453133993e-13,4.801252506e-14,3.002972993e-13,2.969587546e-13,4.486934667e-13,6.832117611e-13,7.53212512e-13,5.161026048e-13,4.931711729e-13,1.646373265e-13,6.250517628e-13,9.724994705e-14,1.544915095e-14,7.966423262e-14,9.139373133e-14,1.627989782e-13,3.592514785e-13,2.776456756e-13,3.517542186e-13,5.813394002e-13,7.652223669e-14,4.955212088e-13,7.842811659e-14
17.625,2.404188742e-13,2.540283558e-13,3.25457918e-13,2.307788067e-13,2.736756487e-13,1.303287641e-13,2.426136629e-13,7.423993544e-14,5.118395362e-14,3.468617535e-13,4.794695641e-14,2.984669659e-13,2.946989156e-13,4.493113427e-13,6.86449588e-13,7.497077176e-13,5.12744295e-13,4.855124673e-13,1.620122008e-13,6.225403756e-13,9.639865851e-14,1.50943947e-14,7.94159561e-14,9.108070217e-14,1.628142195e-13,3.602022449e-13,2.773535348e-13,3.519147832e-13,5.8649294e-13,7.601331114e-14,4.939484035e-13,7.863381887e-14
17.6328125,2.389321689e-13,2.502060741e-13,3.245877551e-13,2.315048717e-13,2.707338144e-13,1.304176929e-13,2.472762144e-13,7.404252077e-14,5.005940378e-14,3.484272915e-13,4.786651069e-14,2.965387226e-13,2.924429485e-13,4.496722311e-13,6.897884273e-13,7.465265501e-13,5.095063039e-13,4.778510375e-13,1.594222468e-13,6.200818667e-13,9.551066121e-14,1.474567587e-14,7.915303914e-14,9.076686187e-14,1.628672833e-13,3.610342606e-13,2.770529457e-13,3.520340836e-13,5.917203824e-13,7.550667625e-14,4.923035057e-13,7.890860154e-14
17.640625,2.376182738e-13,2.461825097e-13,3.237466238e-13,2.32109431e-13,2.679048113e-13,1.305521125e-13,2.519384989e-13,7.397277887e-14,4.898708857e-14,3.500922322e-13,4.776264298e-14,2.945321648e-13,2.902477188e-13,4.500999856e-13,6.931888551e-13,7.435584529e-13,5.064293146e-13,4.702352543e-13,1.569011894e-13,6.175715876e-13,9.456752692e-14,1.442509995e-14,7.887521905e-14,9.052239489e-14,1.629915812e-13,3.616372356e-13,2.767169851e-13,3.521630813e-13,5.971803022e-13,7.496484783e-14,4.907034104e-13,7.923104995e-14
17.6484375,2.362709881e-13,2.421704077e-13,3.227272214e-13,2.328098251e-13,2.651240287e-13,1.307459878e-13,2.565275617e-13,7.399427683e-14,4.797945124e-14,3.517964379e-13,4.765329508e-14,2.924456477e-13,2.880347634e-13,4.505024214e-13,6.965513355e-13,7.407324186e-13,5.034667691e-13,4.625053346e-13,1.543776457e-13,6.15151369e-13,9.358476505e-14,1.414032779e-14,7.860070351e-14,9.033468291e-14,1.630935104e-13,3.620393868e-13,2.764580209e-13,3.522880663e-13,6.025148443e-13,7.438653646e-14,4.889170375e-13,7.955052409e-14
17.65625,2.348692807e-13,2.383996129e-13,3.217092752e-13,2.336368439e-13,2.622701421e-13,1.309920338e-13,2.60965583e-13,7.407456109e-14,4.701435924e-14,3.533485655e-13,4.75070408e-14,2.903764199e-13,2.857851534e-13,4.507473393e-13,6.999341206e-13,7.381030848e-13,5.006117415e-13,4.546770797e-13,1.518785458e-13,6.127173214e-13,9.261082559e-14,1.387963267e-14,7.832254073e-14,9.013424816e-14,1.631207512e-13,3.623464774e-13,2.763647469e-13,3.523108783e-13,6.078039518e-13,7.380568356e-14,4.86975383e-13,7.986756645e-14
17.6640625,2.337116814e-13,2.347619212e-13,3.208335237e-13,2.344083777e-13,2.593765853e-13,1.312228095e-13,2.653153582e-13,7.421726156e-14,4.605071171e-14,3.548934155e-13,4.735840118e-14,2.883048965e-13,2.834782348e-13,4.507078109e-13,7.034340169e-13,7.358579188e-13,4.979833668e-13,4.46910704e-13,1.494240796e-13,6.102822231e-13,9.164565312e-14,1.361353752e-14,7.802070074e-14,8.996150875e-14,1.631478634e-13,3.62659013e-13,2.764886608e-13,3.523397805e-13,6.133115789e-13,7.321984413e-14,4.850323421e-13,8.022336593e-14
17.671875,2.327113652e-13,2.310639708e-13,3.200359192e-13,2.349768714e-13,2.565074717e-13,1.314279578e-13,2.695931397e-13,7.440001137e-14,4.510161735e-14,3.565135803e-13,4.727490565e-14,2.86166453e-13,2.810640135e-13,4.503443407e-13,7.0685805e-13,7.338291162e-13,4.955599211e-13,4.391916406e-13,1.469989548e-13,6.080481333e-13,9.065389314e-14,1.334000796e-14,7.769551439e-14,8.987715233e-14,1.631860153e-13,3.629186213e-13,2.767415835e-13,3.524377718e-13,6.187982188e-13,7.261527786e-14,4.830174251e-13,8.060798762e-14
17.6796875,2.315512287e-13,2.274282463e-13,3.193328125e-13,2.354784792e-13,2.536367204e-13,1.316732657e-13,2.737449827e-13,7.463420467e-14,4.421493169e-14,3.580515988e-13,4.720498368e-14,2.840165347e-13,2.786174356e-13,4.498711743e-13,7.101741531e-13,7.31850314e-13,4.932190992e-13,4.31441468e-13,1.446523035e-13,6.060235488e-13,8.962886255e-14,1.308530097e-14,7.737526986e-14,8.983965167e-14,1.631951686e-13,3.630830431e-13,2.769952214e-13,3.524392165e-13,6.242433843e-13,7.203152989e-14,4.809266469e-13,8.100812327e-14
17.6875,2.302940742e-13,2.24098056e-13,3.187597719e-13,2.36250323e-13,2.507267439e-13,1.320229023e-13,2.778409272e-13,7.497389612e-14,4.338289446e-14,3.596038305e-13,4.711159756e-14,2.819092542e-13,2.762876503e-13,4.494997783e-13,7.137573286e-13,7.302462234e-13,4.910362852e-13,4.237859609e-13,1.424125249e-13,6.040302385e-13,8.856651264e-14,1.285775176e-14,7.706598799e-14,8.981492637e-14,1.63218091e-13,3.63257285e-13,2.773098771e-13,3.523972519e-13,6.298496573e-13,7.14917482e-14,4.78939976e-13,8.143796746e-14
17.6953125,2.29144382e-13,2.211025434e-13,3.182081002e-13,2.372298001e-13,2.477695676e-13,1.32490595e-13,2.819370113e-13,7.538668851e-14,4.256280458e-14,3.612972313e-13,4.702168903e-14,2.79809747e-13,2.740637614e-13,4.491443656e-13,7.176761539e-13,7.291344106e-13,4.890910288e-13,4.162874644e-13,1.402088859e-13,6.020216331e-13,8.746481761e-14,1.264775759e-14,7.673525218e-14,8.979770688e-14,1.632812605e-13,3.634301335e-13,2.777613781e-13,3.524647613e-13,6.354309723e-13,7.094313152e-14,4.770477e-13,8.18820309e-14
17.703125,2.280697981e-13,2.182274298e-13,3.176015642e-13,2.38061189e-13,2.447148478e-13,1.330218626e-13,2.859237952e-13,7.581486151e-14,4.174912196e-14,3.629722631e-13,4.687966711e-14,2.77665515e-13,2.718352006e-13,4.486143961e-13,7.215749494e-13,7.28247901e-13,4.873490904e-13,4.087897876e-13,1.379896656e-13,6.000240176e-13,8.635985532e-14,1.245503903e-14,7.638980907e-14,8.977081558e-14,1.633530976e-13,3.634600784e-13,2.783155205e-13,3.524561986e-13,6.410203308e-13,7.035446721e-14,4.750826649e-13,8.230861081e-14
17.7109375,2.269619403e-13,2.152015125e-13,3.169985377e-13,2.387751721e-13,2.415753923e-13,1.335421354e-13,2.897074682e-13,7.630667338e-14,4.096588883e-14,3.645468352e-13,4.667739006e-14,2.754520504e-13,2.695668231e-13,4.478146013e-13,7.251937035e-13,7.274731471e-13,4.858065014e-13,4.012757779e-13,1.35794525e-13,5.979143714e-13,8.528165221e-14,1.228003483e-14,7.605801388e-14,8.97692554e-14,1.634173209e-13,3.633240037e-13,2.789639215e-13,3.522524542e-13,6.467816365e-13,6.976343709e-14,4.729916462e-13,8.270931792e-14
17.71875,2.258263795e-13,2.120013991e-13,3.163807701e-13,2.394457901e-13,2.385556922e-13,1.339866818e-13,2.932754184e-13,7.692674797e-14,4.022329408e-14,3.660767174e-13,4.653441415e-14,2.731359668e-13,2.672173171e-13,4.466363339e-13,7.284360974e-13,7.267161179e-13,4.842717937e-13,3.938077577e-13,1.336473236e-13,5.958174699e-13,8.4231261e-14,1.211157128e-14,7.570212073e-14,8.9810861e-14,1.634303931e-13,3.630804082e-13,2.796451958e-13,3.520405664e-13,6.522519069e-13,6.919639471e-14,4.707088641e-13,8.31185007e-14
17.7265625,2.24710917e-13,2.088454415e-13,3.156281666e-13,2.399215166e-13,2.357405818e-13,1.343392356e-13,2.966342637e-13,7.764718396e-14,3.951406968e-14,3.67527749e-13,4.646414851e-14,2.706855884e-13,2.647595962e-13,4.450981574e-13,7.314472531e-13,7.259673425e-13,4.825473141e-13,3.863026094e-13,1.315076316e-13,5.941753242e-13,8.321134379e-14,1.194849344e-14,7.529364368e-14,8.984203084e-14,1.633684361e-13,3.62750202e-13,2.802895136e-13,3.518294518e-13,6.572494279e-13,6.865022423e-14,4.682244246e-13,8.358064435e-14
17.734375,2.235693677e-13,2.058228997e-13,3.148184728e-13,2.40429538e-13,2.328997798e-13,1.346753093e-13,2.998386683e-13,7.838981932e-14,3.883516446e-14,3.688364975e-13,4.639088231e-14,2.681891472e-13,2.622907527e-13,4.434984968e-13,7.345065113e-13,7.254534997e-13,4.809057952e-13,3.788457881e-13,1.29388348e-13,5.928289399e-13,8.219947564e-14,1.180123746e-14,7.487344323e-14,8.987957415e-14,1.632973458e-13,3.623466318e-13,2.80999758e-13,3.514926395e-13,6.622545849e-13,6.812539666e-14,4.657867227e-13,8.405914524e-14
17.7421875,2.223707909e-13,2.028415336e-13,3.141527956e-13,2.411690049e-13,2.299315371e-13,1.350134993e-13,3.029177796e-13,7.913239273e-14,3.817914509e-14,3.700152985e-13,4.634125889e-14,2.65749297e-13,2.598216188e-13,4.419290515e-13,7.375262441e-13,7.251177065e-13,4.795467674e-13,3.716063234e-13,1.273453505e-13,5.911759209e-13,8.116387789e-14,1.165881954e-14,7.444727449e-14,8.996273532e-14,1.632321298e-13,3.618968137e-13,2.818027185e-13,3.511383618e-13,6.671537975e-13,6.76118178e-14,4.634668447e-13,8.450880965e-14
17.75,2.212382871e-13,1.998930045e-13,3.135447042e-13,2.41722661e-13,2.269804001e-13,1.352891035e-13,3.058409329e-13,7.994615643e-14,3.751944857e-14,3.711874703e-13,4.634910484e-14,2.632429281e-13,2.572330061e-13,4.400794642e-13,7.403252678e-13,7.247952969e-13,4.781983417e-13,3.643925451e-13,1.253386835e-13,5.893287061e-13,8.013761083e-14,1.150642753e-14,7.398728504e-14,9.003117544e-14,1.631268304e-13,3.613935516e-13,2.825448166e-13,3.508723029e-13,6.715495e-13,6.709707614e-14,4.609871356e-13,8.498814361e-14
17.7578125,2.202000589e-13,1.970872072e-13,3.128182389e-13,2.420403317e-13,2.240398177e-13,1.355850674e-13,3.085878179e-13,8.087045534e-14,3.685543613e-14,3.724066323e-13,4.637754871e-14,2.605593565e-13,2.545950133e-13,4.378444754e-13,7.430065204e-13,7.246112478e-13,4.767802012e-13,3.570649394e-13,1.233411584e-13,5.877313457e-13,7.915772158e-14,1.136601201e-14,7.350896259e-14,9.008082115e-14,1.62994938e-13,3.60742134e-13,2.831929293e-13,3.506203899e-13,6.757392276e-13,6.659252136e-14,4.583127358e-13,8.551368525e-14
17.765625,2.19183835e-13,1.944482254e-13,3.120948464e-13,2.426609046e-13,2.211317877e-13,1.360087716e-13,3.110689469e-13,8.18266812e-14,3.623556484e-14,3.73455718e-13,4.640496009e-14,2.57867346e-13,2.520823151e-13,4.354594429e-13,7.454696671e-13,7.244184959e-13,4.754414998e-13,3.499267392e-13,1.214530591e-13,5.863194187e-13,7.819076925e-14,1.125838401e-14,7.301748474e-14,9.018496204e-14,1.628218958e-13,3.598878078e-13,2.837998785e-13,3.503313361e-13,6.798424996e-13,6.610250793e-14,4.556596129e-13,8.600508211e-14
17.7734375,2.183252478e-13,1.918395076e-13,3.11432021e-13,2.434853379e-13,2.184631977e-13,1.364517577e-13,3.132146352e-13,8.275999764e-14,3.568286248e-14,3.742043872e-13,4.639722803e-14,2.552614535e-13,2.496479386e-13,4.330548663e-13,7.475242856e-13,7.239669877e-13,4.74124905e-13,3.431118776e-13,1.196708869e-13,5.849762271e-13,7.722471223e-14,1.116706422e-14,7.249933761e-14,9.03249928e-14,1.625686424e-13,3.589449842e-13,2.843778888e-13,3.498923526e-13,6.835084846e-13,6.560147751e-14,4.530418781e-13,8.645647232e-14
17.78125,2.176076699e-13,1.892348745e-13,3.106144732e-13,2.440166694e-13,2.158853938e-13,1.368287893e-13,3.151882913e-13,8.374180138e-14,3.516326101e-14,3.748525446e-13,4.631106634e-14,2.525930104e-13,2.471647258e-13,4.305722604e-13,7.494614495e-13,7.23601053e-13,4.728303212e-13,3.363110128e-13,1.178398357e-13,5.838179191e-13,7.629378205e-14,1.107717271e-14,7.197128654e-14,9.047122583e-14,1.622998942e-13,3.579711573e-13,2.849728811e-13,3.49111964e-13,6.86942098e-13,6.507367733e-14,4.503770606e-13,8.690806074e-14
17.7890625,2.166936225e-13,1.868174542e-13,3.096357755e-13,2.444362129e-13,2.130944348e-13,1.372101869e-13,3.171017182e-13,8.484365095e-14,3.465304245e-14,3.755340409e-13,4.620022133e-14,2.498072999e-13,2.446364289e-13,4.278411359e-13,7.515161348e-13,7.235962719e-13,4.716213838e-13,3.293533986e-13,1.159576386e-13,5.829071055e-13,7.538216527e-14,1.099028003e-14,7.142445205e-14,9.061949136e-14,1.620363593e-13,3.568605249e-13,2.855420257e-13,3.481453985e-13,6.904414641e-13,6.454016157e-14,4.475675867e-13,8.735607208e-14
17.796875,2.156627404e-13,1.845158602e-13,3.086749444e-13,2.450218996e-13,2.103054009e-13,1.375937856e-13,3.187903088e-13,8.600984116e-14,3.415740389e-14,3.762064167e-13,4.614113302e-14,2.469270578e-13,2.420482801e-13,4.247061406e-13,7.533221495e-13,7.234995213e-13,4.70310774e-13,3.2235669e-13,1.141439914e-13,5.820917369e-13,7.446614431e-14,1.090650893e-14,7.083695841e-14,9.067124989e-14,1.616760401e-13,3.555771033e-13,2.859525403e-13,3.474024791e-13,6.935128844e-13,6.402180179e-14,4.444625515e-13,8.781779546e-14
17.8046875,2.148638317e-13,1.820122711e-13,3.07638802e-13,2.454406182e-13,2.077461047e-13,1.37902089e-13,3.201943542e-13,8.713195779e-14,3.36835954e-14,3.76870042e-13,4.610852853e-14,2.43886162e-13,2.392935301e-13,4.213038877e-13,7.54463075e-13,7.227349866e-13,4.68712403e-13,3.153285575e-13,1.123820224e-13,5.808879404e-13,7.357805164e-14,1.083390051e-14,7.024015238e-14,9.062041439e-14,1.612044981e-13,3.540988169e-13,2.861765704e-13,3.468740451e-13,6.958080194e-13,6.350616343e-14,4.411499589e-13,8.827833023e-14
17.8125,2.141086073e-13,1.793845083e-13,3.063937679e-13,2.454984388e-13,2.052050871e-13,1.381225854e-13,3.214421833e-13,8.821007016e-14,3.324981604e-14,3.774666839e-13,4.605359306e-14,2.407540592e-13,2.36374186e-13,4.178524978e-13,7.550334573e-13,7.213366497e-13,4.668397527e-13,3.081912943e-13,1.106187982e-13,5.791143785e-13,7.272224112e-14,1.077676536e-14,6.962567223e-14,9.066192162e-14,1.606847233e-13,3.523522642e-13,2.862549698e-13,3.461733187e-13,6.978279642e-13,6.297811503e-14,4.37824816e-13,8.866274102e-14
17.8203125,2.131586885e-13,1.76906097e-13,3.051228222e-13,2.455304323e-13,2.026116881e-13,1.38320811e-13,3.225006986e-13,8.93282143e-14,3.285712596e-14,3.778425696e-13,4.597882916e-14,2.377111657e-13,2.334550198e-13,4.142592539e-13,7.554907947e-13,7.199858244e-13,4.648699056e-13,3.010692516e-13,1.089018901e-13,5.774360914e-13,7.187462256e-14,1.072139692e-14,6.892827719e-14,9.084835934e-14,1.6010842e-13,3.504984988e-13,2.863277439e-13,3.451414692e-13,6.999474366e-13,6.244387777e-14,4.344048344e-13,8.899015292e-14
17.828125,2.12209169e-13,1.745189294e-13,3.039534026e-13,2.456842855e-13,2.000545727e-13,1.385712715e-13,3.232620057e-13,9.050033368e-14,3.245837922e-14,3.779694449e-13,4.589028472e-14,2.346899306e-13,2.305985376e-13,4.103276513e-13,7.560638073e-13,7.19155468e-13,4.630942917e-13,2.94099517e-13,1.072428658e-13,5.763249264e-13,7.105380103e-14,1.066548892e-14,6.817268697e-14,9.101196762e-14,1.594690023e-13,3.487624632e-13,2.865527422e-13,3.438860611e-13,7.018462277e-13,6.190205231e-14,4.307826809e-13,8.934564557e-14
17.8359375,2.113112015e-13,1.722115105e-13,3.02679803e-13,2.457574418e-13,1.974369514e-13,1.388211704e-13,3.23792267e-13,9.169092374e-14,3.203625585e-14,3.779880131e-13,4.579388777e-14,2.315016392e-13,2.276827504e-13,4.06068271e-13,7.565120282e-13,7.18476084e-13,4.614936457e-13,2.871869466e-13,1.05597376e-13,5.754929551e-13,7.025959115e-14,1.061771001e-14,6.743642424e-14,9.107941819e-14,1.587953637e-13,3.470174746e-13,2.867366946e-13,3.425572809e-13,7.032439502e-13,6.134170379e-14,4.270269464e-13,8.974003284e-14
17.84375,2.103653364e-13,1.701124782e-13,3.012168439e-13,2.457565566e-13,1.948005063e-13,1.389818848e-13,3.241851377e-13,9.290872297e-14,3.164469494e-14,3.780025121e-13,4.570669273e-14,2.282129237e-13,2.246938347e-13,4.016841663e-13,7.566514964e-13,7.175452253e-13,4.597532521e-13,2.80284371e-13,1.03987635e-13,5.746544331e-13,6.947381406e-14,1.057768166e-14,6.671155995e-14,9.110416376e-14,1.580781707e-13,3.450548532e-13,2.866530467e-13,3.413080202e-13,7.043219023e-13,6.076874178e-14,4.232047053e-13,9.014005538e-14
17.8515625,2.094101812e-13,1.680439637e-13,2.998084642e-13,2.45863852e-13,1.922912161e-13,1.391260819e-13,3.244066452e-13,9.416370784e-14,3.1311685e-14,3.779027495e-13,4.562253854e-14,2.249963277e-13,2.21752957e-13,3.973652999e-13,7.565802549e-13,7.164949488e-13,4.57894237e-13,2.7349743e-13,1.024517725e-13,5.736315759e-13,6.875309457e-14,1.055169827e-14,6.595643789e-14,9.11140179e-14,1.573061151e-13,3.429071773e-13,2.865284084e-13,3.400734429e-13,7.052096006e-13,6.019517899e-14,4.193985894e-13,9.050785026e-14
17.859375,2.083318053e-13,1.658678789e-13,2.984899621e-13,2.460345703e-13,1.898172978e-13,1.392868832e-13,3.243797e-13,9.543858013e-14,3.100757032e-14,3.775653865e-13,4.553274723e-14,2.218167892e-13,2.188497858e-13,3.929978855e-13,7.562724965e-13,7.153715816e-13,4.560780676e-13,2.667590899e-13,1.009598014e-13,5.723537774e-13,6.814046876e-14,1.054224083e-14,6.517236372e-14,9.113622103e-14,1.564943963e-13,3.406638996e-13,2.865108236e-13,3.386072398e-13,7.057248585e-13,5.962464544e-14,4.156303538e-13,9.082133785e-14
17.8671875,2.070734195e-13,1.637792009e-13,2.969614997e-13,2.460914175e-13,1.873240232e-13,1.393388976e-13,3.24072283e-13,9.671457025e-14,3.071885522e-14,3.771201835e-13,4.544380354e-14,2.185524124e-13,2.15896167e-13,3.883068626e-13,7.555714733e-13,7.140183e-13,4.541331554e-13,2.599251772e-13,9.948189848e-14,5.711154518e-13,6.757668696e-14,1.053059364e-14,6.437127879e-14,9.120198726e-14,1.556402381e-13,3.38344423e-13,2.863948751e-13,3.369418919e-13,7.057615812e-13,5.904588452e-14,4.117390991e-13,9.110532244e-14
17.875,2.058685305e-13,1.618192071e-13,2.95148601e-13,2.459286861e-13,1.848740459e-13,1.392678329e-13,3.234883297e-13,9.796410958e-14,3.044841757e-14,3.766724278e-13,4.534362832e-14,2.151700945e-13,2.128546446e-13,3.832659392e-13,7.544020483e-13,7.123333942e-13,4.519145002e-13,2.530574158e-13,9.803633879e-14,5.699143135e-13,6.700500912e-14,1.051303841e-14,6.355216693e-14,9.127815651e-14,1.547171443e-13,3.35883051e-13,2.861431839e-13,3.35260325e-13,7.053678519e-13,5.843276869e-14,4.07609883e-13,9.135746262e-14
17.8828125,2.046913841e-13,1.598962656e-13,2.932162067e-13,2.455433191e-13,1.824101023e-13,1.391554852e-13,3.226487874e-13,9.916555389e-14,3.018217409e-14,3.76106882e-13,4.524641595e-14,2.116506083e-13,2.096895328e-13,3.779947356e-13,7.527569317e-13,7.101942878e-13,4.495151245e-13,2.462568268e-13,9.664757869e-14,5.683715536e-13,6.640381557e-14,1.050639969e-14,6.270415795e-14,9.130152213e-14,1.537063318e-13,3.331611355e-13,2.857911649e-13,3.334849526e-13,7.045014595e-13,5.779531218e-14,4.032702207e-13,9.154539623e-14
17.890625,2.033539227e-13,1.580683224e-13,2.911907652e-13,2.451015653e-13,1.799297897e-13,1.390008663e-13,3.216147776e-13,1.003122277e-13,2.992258885e-14,3.754096554e-13,4.520716683e-14,2.080344603e-13,2.064786069e-13,3.72593959e-13,7.508083342e-13,7.077684315e-13,4.470785595e-13,2.395963075e-13,9.533570585e-14,5.665269245e-13,6.576411439e-14,1.051415889e-14,6.182586043e-14,9.126065078e-14,1.526340477e-13,3.302337773e-13,2.852171373e-13,3.315495864e-13,7.031668692e-13,5.718286251e-14,3.988307288e-13,9.169293262e-14
17.8984375,2.020369619e-13,1.562885546e-13,2.891136745e-13,2.447727847e-13,1.775203693e-13,1.388245362e-13,3.204397386e-13,1.014329332e-13,2.969303759e-14,3.746598516e-13,4.519956509e-14,2.044761593e-13,2.033755468e-13,3.672150723e-13,7.48816429e-13,7.05511956e-13,4.447661775e-13,2.331893449e-13,9.410728902e-14,5.645676462e-13,6.515260311e-14,1.053314376e-14,6.094249962e-14,9.119275698e-14,1.515417164e-13,3.272788122e-13,2.845050729e-13,3.295668274e-13,7.014813157e-13,5.658858256e-14,3.944584682e-13,9.18226486e-14
17.90625,2.00874142e-13,1.544906172e-13,2.871279039e-13,2.445378148e-13,1.751949207e-13,1.386747927e-13,3.190914766e-13,1.026169388e-13,2.949362004e-14,3.73800323e-13,4.513261273e-14,2.010169904e-13,2.003470343e-13,3.618705782e-13,7.467997631e-13,7.034719911e-13,4.425704014e-13,2.26996662e-13,9.29258559e-14,5.62564401e-13,6.463080121e-14,1.056007731e-14,6.005945479e-14,9.111149195e-14,1.504165071e-13,3.24288206e-13,2.837940306e-13,3.275067923e-13,6.994415972e-13,5.596065501e-14,3.901240774e-13,9.19199002e-14
17.9140625,1.996854546e-13,1.528374996e-13,2.852040969e-13,2.443101694e-13,1.729878306e-13,1.384984479e-13,3.175373179e-13,1.038655779e-13,2.930508501e-14,3.728482269e-13,4.50246728e-14,1.975554792e-13,1.973028469e-13,3.564265545e-13,7.445407784e-13,7.012894925e-13,4.402829424e-13,2.208864573e-13,9.17667137e-14,5.607008591e-13,6.414392495e-14,1.058149039e-14,5.915057789e-14,9.100324407e-14,1.492333283e-13,3.211635687e-13,2.829160615e-13,3.253230887e-13,6.970160766e-13,5.531684675e-14,3.856661699e-13,9.199774385e-14
17.921875,1.984120846e-13,1.513457604e-13,2.831675271e-13,2.439329253e-13,1.70844672e-13,1.381828648e-13,3.157904169e-13,1.050422945e-13,2.910811837e-14,3.719505743e-13,4.497994001e-14,1.940393163e-13,1.942383127e-13,3.5079583e-13,7.417066558e-13,6.986573702e-13,4.377642605e-13,2.148177823e-13,9.064486123e-14,5.587095742e-13,6.365773529e-14,1.058660594e-14,5.822640676e-14,9.088279903e-14,1.479915095e-13,3.179336217e-13,2.817565763e-13,3.231814754e-13,6.941485226e-13,5.471327222e-14,3.811129578e-13,9.206019522e-14
17.9296875,1.971227078e-13,1.49800603e-13,2.80874644e-13,2.432819825e-13,1.686079471e-13,1.377014075e-13,3.137980978e-13,1.061380567e-13,2.889201056e-14,3.710892955e-13,4.500634648e-14,1.903958251e-13,1.910605728e-13,3.448226365e-13,7.381007877e-13,6.954036203e-13,4.348919112e-13,2.086924335e-13,8.953452424e-14,5.561325922e-13,6.322427482e-14,1.05804285e-14,5.731621568e-14,9.075821962e-14,1.466608292e-13,3.146154582e-13,2.803609905e-13,3.21103705e-13,6.905401916e-13,5.413772225e-14,3.764199344e-13,9.208320472e-14
17.9375,1.958311205e-13,1.481858901e-13,2.783268122e-13,2.426066848e-13,1.663747867e-13,1.372041757e-13,3.115014519e-13,1.072651362e-13,2.868838321e-14,3.701075237e-13,4.501071322e-14,1.865824439e-13,1.877665487e-13,3.385302656e-13,7.340025507e-13,6.916449368e-13,4.316513398e-13,2.025093665e-13,8.841161753e-14,5.533020778e-13,6.284510149e-14,1.058420151e-14,5.639239104e-14,9.062107255e-14,1.452278331e-13,3.111059169e-13,2.786612732e-13,3.188494917e-13,6.86150773e-13,5.354564665e-14,3.714716718e-13,9.205786627e-14
17.9453125,1.945717439e-13,1.466019985e-13,2.757059217e-13,2.421188575e-13,1.643014649e-13,1.367964906e-13,3.089659479e-13,1.083855689e-13,2.854508001e-14,3.689677385e-13,4.4978917e-14,1.827768565e-13,1.845579747e-13,3.323097729e-13,7.297158173e-13,6.876796688e-13,4.28333541e-13,1.965499393e-13,8.733982692e-14,5.505573951e-13,6.248879349e-14,1.061182076e-14,5.541610783e-14,9.051444189e-14,1.437470201e-13,3.073534276e-13,2.767392067e-13,3.163877098e-13,6.814667318e-13,5.295045727e-14,3.665219046e-13,9.196972714e-14
17.953125,1.933377633e-13,1.449998283e-13,2.730240222e-13,2.41516522e-13,1.622678783e-13,1.362955214e-13,3.062770105e-13,1.094360128e-13,2.84329922e-14,3.677927674e-13,4.501871933e-14,1.790483473e-13,1.813869687e-13,3.261332635e-13,7.250267331e-13,6.834925678e-13,4.250219431e-13,1.908722419e-13,8.633956928e-14,5.476114928e-13,6.217960866e-14,1.063708144e-14,5.441851923e-14,9.042923457e-14,1.42241854e-13,3.034845726e-13,2.748328172e-13,3.139980832e-13,6.765412985e-13,5.239850764e-14,3.616695805e-13,9.184233968e-14
17.9609375,1.92099721e-13,1.433895702e-13,2.700983612e-13,2.406523994e-13,1.602245629e-13,1.3560018e-13,3.03441326e-13,1.104833481e-13,2.828664529e-14,3.666506389e-13,4.515482885e-14,1.751890299e-13,1.780320492e-13,3.19560761e-13,7.197805484e-13,6.788874924e-13,4.21450421e-13,1.85206974e-13,8.534668962e-14,5.44498972e-13,6.192922575e-14,1.063972226e-14,5.345757863e-14,9.025079508e-14,1.406795727e-13,2.996327121e-13,2.728272526e-13,3.117683337e-13,6.708962992e-13,5.18771537e-14,3.565160773e-13,9.173976125e-14
17.96875,1.908740416e-13,1.419701858e-13,2.670941761e-13,2.39854076e-13,1.583000344e-13,1.349445275e-13,3.004496298e-13,1.115318403e-13,2.813602501e-14,3.654132526e-13,4.527601534e-14,1.712161018e-13,1.746521318e-13,3.128290925e-13,7.143339699e-13,6.73987418e-13,4.176832943e-13,1.795460196e-13,8.43852385e-14,5.415500176e-13,6.17135191e-14,1.065374708e-14,5.253210901e-14,9.000669706e-14,1.39062571e-13,2.957503469e-13,2.705510205e-13,3.094350697e-13,6.647061057e-13,5.132333641e-14,3.511044957e-13,9.162400876e-14
17.9765625,1.895885125e-13,1.407960099e-13,2.642682502e-13,2.39255212e-13,1.564775216e-13,1.344282559e-13,2.973172697e-13,1.125351452e-13,2.804485776e-14,3.640034706e-13,4.536144479e-14,1.673662194e-13,1.714955647e-13,3.064454848e-13,7.089702977e-13,6.691182783e-13,4.140141281e-13,1.740692771e-13,8.351635153e-14,5.386888266e-13,6.153711692e-14,1.069735722e-14,5.15961849e-14,8.984966364e-14,1.374318438e-13,2.917784816e-13,2.682664338e-13,3.068841945e-13,6.585243647e-13,5.073546852e-14,3.459075662e-13,9.14310864e-14
17.984375,1.882149192e-13,1.396401313e-13,2.614084645e-13,2.386989393e-13,1.546547912e-13,1.338881538e-13,2.94052519e-13,1.135317617e-13,2.796858734e-14,3.625184493e-13,4.548931315e-14,1.63597813e-13,1.684024695e-13,3.001425427e-13,7.034853112e-13,6.643231685e-13,4.103947813e-13,1.68727828e-13,8.269007036e-14,5.356956698e-13,6.141306122e-14,1.074076573e-14,5.063666771e-14,8.972093891e-14,1.357949109e-13,2.877870528e-13,2.660950401e-13,3.043059312e-13,6.521402055e-13,5.017082632e-14,3.408030112e-13,9.123113315e-14
17.9921875,1.868853825e-13,1.384128532e-13,2.583487445e-13,2.380047784e-13,1.528233229e-13,1.332509927e-13,2.906145823e-13,1.145292816e-13,2.784404403e-14,3.609654502e-13,4.563155942e-14,1.597568889e-13,1.651558837e-13,2.935112235e-13,6.975307766e-13,6.593170861e-13,4.066240912e-13,1.634156126e-13,8.184798607e-14,5.324843238e-13,6.132484632e-14,1.077065883e-14,4.967690115e-14,8.947292593e-14,1.340943106e-13,2.837714057e-13,2.636998989e-13,3.017335483e-13,6.451567672e-13,4.963273381e-14,3.35398689e-13,9.10712403e-14
18,1.855861715e-13,1.372862702e-13,2.552989661e-13,2.370334994e-13,1.510624647e-13,1.325428759e-13,2.869874241e-13,1.155120889e-13,2.77180647e-14,3.593353105e-13,4.572839703e-14,1.558987639e-13,1.618463552e-13,2.867352268e-13,6.911226562e-13,6.539945574e-13,4.026445779e-13,1.581654649e-13,8.100304424e-14,5.29131033e-13,6.125874421e-14,1.079187928e-14,4.871717962e-14,8.9192835e-14,1.322893977e-13,2.796413902e-13,2.609698244e-13,2.990681541e-13,6.377956926e-13,4.909677503e-14,3.297866174e-13,9.088403648e-14
18.0078125,1.842088486e-13,1.362806236e-13,2.523046262e-13,2.360344188e-13,1.494475283e-13,1.318473844e-13,2.832727546e-13,1.165242428e-13,2.764319821e-14,3.57748107e-13,4.583431975e-14,1.520976724e-13,1.586540761e-13,2.801290468e-13,6.846443619e-13,6.485954898e-13,3.985814225e-13,1.531014667e-13,8.020205717e-14,5.257665109e-13,6.123396213e-14,1.081205632e-14,4.773995139e-14,8.899174369e-14,1.304533285e-13,2.754075989e-13,2.581279155e-13,2.964323629e-13,6.302063197e-13,4.858069966e-14,3.241815291e-13,9.064342055e-14
18.015625,1.8280148e-13,1.353213636e-13,2.49189038e-13,2.353456931e-13,1.478782099e-13,1.312455268e-13,2.795179472e-13,1.175347589e-13,2.758544136e-14,3.561437113e-13,4.598830699e-14,1.483271061e-13,1.555992462e-13,2.737284598e-13,6.782425721e-13,6.432287531e-13,3.946644527e-13,1.483265913e-13,7.949877599e-14,5.222081189e-13,6.128045866e-14,1.085154413e-14,4.675583874e-14,8.877693265e-14,1.286652574e-13,2.711061912e-13,2.55226863e-13,2.938768462e-13,6.221662962e-13,4.806690516e-14,3.185734063e-13,9.036948299e-14
18.0234375,1.813412784e-13,1.344377734e-13,2.458725475e-13,2.346194555e-13,1.462363883e-13,1.305576303e-13,2.756303791e-13,1.184718292e-13,2.751398678e-14,3.54403921e-13,4.613112497e-14,1.445244103e-13,1.525364236e-13,2.672975972e-13,6.715874539e-13,6.377159396e-13,3.907881399e-13,1.436821644e-13,7.883094086e-14,5.183130133e-13,6.140148638e-14,1.089192276e-14,4.578581006e-14,8.848351758e-14,1.268799651e-13,2.667465282e-13,2.522224715e-13,2.912339749e-13,6.136982927e-13,4.750295329e-14,3.128456439e-13,9.007244056e-14
18.03125,1.797421318e-13,1.334291304e-13,2.423990013e-13,2.334843806e-13,1.446430258e-13,1.296573382e-13,2.716427454e-13,1.193719824e-13,2.744518354e-14,3.527161292e-13,4.623672058e-14,1.406413069e-13,1.493635361e-13,2.606455333e-13,6.644242388e-13,6.318380376e-13,3.865677335e-13,1.389417051e-13,7.807173646e-14,5.14330474e-13,6.158131374e-14,1.089610315e-14,4.482650109e-14,8.818339905e-14,1.250401456e-13,2.623557587e-13,2.490926529e-13,2.885490921e-13,6.049723619e-13,4.692043744e-14,3.068899522e-13,8.977984293e-14
18.0390625,1.781321903e-13,1.321679719e-13,2.389467578e-13,2.323434302e-13,1.432030587e-13,1.288458578e-13,2.676709177e-13,1.202547305e-13,2.739428449e-14,3.511605808e-13,4.636398511e-14,1.367711525e-13,1.46205311e-13,2.540315711e-13,6.569446107e-13,6.255466904e-13,3.82089984e-13,1.342817977e-13,7.730024822e-14,5.103678058e-13,6.18122049e-14,1.090002502e-14,4.386995467e-14,8.790353888e-14,1.231673402e-13,2.579056642e-13,2.457290282e-13,2.859370926e-13,5.959521089e-13,4.636991029e-14,3.00843333e-13,8.94836119e-14
18.046875,1.766358379e-13,1.310994012e-13,2.356094664e-13,2.315152612e-13,1.418962135e-13,1.282690978e-13,2.636212169e-13,1.210785654e-13,2.736741905e-14,3.495331956e-13,4.654229065e-14,1.33031749e-13,1.431991544e-13,2.477028094e-13,6.495134567e-13,6.192121543e-13,3.777624958e-13,1.299524716e-13,7.665952461e-14,5.065091888e-13,6.209601737e-14,1.093659134e-14,4.292789523e-14,8.759654585e-14,1.212861416e-13,2.534402538e-13,2.422345448e-13,2.832628305e-13,5.866559188e-13,4.581589267e-14,2.949263268e-13,8.91681233e-14
18.0546875,1.752002545e-13,1.303625402e-13,2.322223431e-13,2.307482747e-13,1.407574624e-13,1.276443021e-13,2.594133922e-13,1.218580934e-13,2.73529987e-14,3.478681967e-13,4.672894598e-14,1.293344627e-13,1.402804148e-13,2.413882901e-13,6.421987035e-13,6.131896305e-13,3.73554807e-13,1.258270642e-13,7.607074728e-14,5.029676649e-13,6.244148928e-14,1.095681039e-14,4.201168274e-14,8.724777587e-14,1.194078257e-13,2.49116442e-13,2.388652282e-13,2.805394683e-13,5.771596494e-13,4.524343043e-14,2.889922542e-13,8.887978768e-14
18.0625,1.737453188e-13,1.294669081e-13,2.287669838e-13,2.298863721e-13,1.396741663e-13,1.268800862e-13,2.552003552e-13,1.225884153e-13,2.732091798e-14,3.463010134e-13,4.691936274e-14,1.25598234e-13,1.373859899e-13,2.349262969e-13,6.346852275e-13,6.071172078e-13,3.692264823e-13,1.217794876e-13,7.544659745e-14,4.993312916e-13,6.283113292e-14,1.094392913e-14,4.110430357e-14,8.689733984e-14,1.175370692e-13,2.448371412e-13,2.354778642e-13,2.779443318e-13,5.673700096e-13,4.469458354e-14,2.829102919e-13,8.859028897e-14
18.0703125,1.721906523e-13,1.284264598e-13,2.253684743e-13,2.289454326e-13,1.384728227e-13,1.261187698e-13,2.510248126e-13,1.232448504e-13,2.728415045e-14,3.446818607e-13,4.714786818e-14,1.219110362e-13,1.345529257e-13,2.285527367e-13,6.268051203e-13,6.006645525e-13,3.648518163e-13,1.178892914e-13,7.483823841e-14,4.951515166e-13,6.321317049e-14,1.094129784e-14,4.018382481e-14,8.65859942e-14,1.156429133e-13,2.403717997e-13,2.318384016e-13,2.753389311e-13,5.572814434e-13,4.415267327e-14,2.769387035e-13,8.821645254e-14
18.078125,1.705806804e-13,1.276141142e-13,2.218781877e-13,2.278470131e-13,1.373361042e-13,1.253413598e-13,2.467474317e-13,1.239035068e-13,2.729177935e-14,3.429562923e-13,4.736894459e-14,1.182799501e-13,1.317677046e-13,2.223307661e-13,6.187460997e-13,5.942010625e-13,3.605856345e-13,1.141423704e-13,7.424120067e-14,4.908762835e-13,6.359806363e-14,1.094925805e-14,3.927098415e-14,8.629611393e-14,1.137220674e-13,2.358328587e-13,2.281327701e-13,2.725489508e-13,5.470806163e-13,4.358698276e-14,2.711319989e-13,8.782713233e-14
18.0859375,1.690530831e-13,1.268413842e-13,2.182544335e-13,2.26593086e-13,1.364282492e-13,1.245304313e-13,2.423853017e-13,1.245917669e-13,2.73446855e-14,3.41294423e-13,4.755389172e-14,1.146497726e-13,1.290382081e-13,2.161986885e-13,6.104949989e-13,5.877399633e-13,3.563484373e-13,1.104758788e-13,7.363948461e-14,4.867127127e-13,6.405697771e-14,1.094839513e-14,3.840502859e-14,8.599047413e-14,1.118181768e-13,2.313858037e-13,2.244902968e-13,2.697214696e-13,5.368352873e-13,4.303936523e-14,2.652506907e-13,8.749287143e-14
18.09375,1.674608086e-13,1.258907478e-13,2.148186408e-13,2.252950303e-13,1.355306367e-13,1.237772845e-13,2.380438012e-13,1.252099483e-13,2.740718738e-14,3.396844393e-13,4.778710088e-14,1.111040166e-13,1.264572443e-13,2.102302929e-13,6.018423962e-13,5.807791167e-13,3.519578939e-13,1.069277742e-13,7.308440088e-14,4.822295823e-13,6.459479041e-14,1.094902854e-14,3.758166245e-14,8.568155024e-14,1.099211292e-13,2.26902838e-13,2.207232787e-13,2.669419223e-13,5.26459385e-13,4.253141213e-14,2.59353795e-13,8.710818147e-14
18.1015625,1.656707477e-13,1.249219947e-13,2.11596842e-13,2.240551315e-13,1.345490879e-13,1.230905099e-13,2.337031591e-13,1.257526126e-13,2.747331444e-14,3.380192763e-13,4.807083572e-14,1.07697302e-13,1.240331537e-13,2.043904147e-13,5.929501073e-13,5.734850549e-13,3.473777339e-13,1.035520685e-13,7.255152984e-14,4.774813427e-13,6.518341821e-14,1.095029518e-14,3.67669143e-14,8.538404644e-14,1.079937667e-13,2.223222358e-13,2.167613579e-13,2.641509212e-13,5.158814466e-13,4.203157229e-14,2.535959365e-13,8.663366968e-14
18.109375,1.640231461e-13,1.239781084e-13,2.082493201e-13,2.228900842e-13,1.33654816e-13,1.224384712e-13,2.293541387e-13,1.262938202e-13,2.755173161e-14,3.363511057e-13,4.830577815e-14,1.043370797e-13,1.216952704e-13,1.986181394e-13,5.840579837e-13,5.663295569e-13,3.427178253e-13,1.003877788e-13,7.199550285e-14,4.726587588e-13,6.581893835e-14,1.094640865e-14,3.59489365e-14,8.51015176e-14,1.060693455e-13,2.177507985e-13,2.126970235e-13,2.614400418e-13,5.051069813e-13,4.153624976e-14,2.478739649e-13,8.618229691e-14
18.1171875,1.626918034e-13,1.230379484e-13,2.046970258e-13,2.216582171e-13,1.328735232e-13,1.217846267e-13,2.250290168e-13,1.268198845e-13,2.762766939e-14,3.34723989e-13,4.851037422e-14,1.009609004e-13,1.193970164e-13,1.929626277e-13,5.749953927e-13,5.59148499e-13,3.380090408e-13,9.737835156e-14,7.143782578e-14,4.676201038e-13,6.644953044e-14,1.094291064e-14,3.514423904e-14,8.485906294e-14,1.041791804e-13,2.132110165e-13,2.086148667e-13,2.588645175e-13,4.942212092e-13,4.104788353e-14,2.421351915e-13,8.578903371e-14
18.125,1.613414855e-13,1.221450485e-13,2.011294096e-13,2.203407436e-13,1.321299257e-13,1.210781659e-13,2.206829021e-13,1.273345358e-13,2.768388355e-14,3.33122535e-13,4.875799935e-14,9.759262165e-14,1.170867973e-13,1.873284209e-13,5.656369163e-13,5.517376105e-13,3.332273969e-13,9.440018158e-14,7.08599462e-14,4.626311455e-13,6.705612482e-14,1.092562045e-14,3.437262627e-14,8.462478706e-14,1.022835067e-13,2.087112143e-13,2.045794913e-13,2.562976528e-13,4.832468339e-13,4.055393142e-14,2.364028282e-13,8.540971235e-14
18.1328125,1.598770231e-13,1.212861992e-13,1.976966876e-13,2.191198061e-13,1.314377978e-13,1.203972295e-13,2.163301033e-13,1.278900848e-13,2.773357307e-14,3.316100961e-13,4.903675692e-14,9.428091317e-14,1.147895274e-13,1.816801067e-13,5.562753303e-13,5.443401477e-13,3.284924977e-13,9.151684445e-14,7.026291474e-14,4.57976513e-13,6.772715339e-14,1.088801994e-14,3.362315868e-14,8.434702583e-14,1.003661074e-13,2.042618422e-13,2.004881592e-13,2.537101035e-13,4.72137674e-13,4.00755109e-14,2.306451643e-13,8.504101853e-14
18.140625,1.585104782e-13,1.205284463e-13,1.944347428e-13,2.179056818e-13,1.308227619e-13,1.198275348e-13,2.121028892e-13,1.284342138e-13,2.780206328e-14,3.302042406e-13,4.932105538e-14,9.107194228e-14,1.126249025e-13,1.76275216e-13,5.471645718e-13,5.371285383e-13,3.238899267e-13,8.88450703e-14,6.97171073e-14,4.533585949e-13,6.848178246e-14,1.085452815e-14,3.28626415e-14,8.408442811e-14,9.847350118e-14,1.997943182e-13,1.962048054e-13,2.511552629e-13,4.60991974e-13,3.961915626e-14,2.249993342e-13,8.467796924e-14
18.1484375,1.571912167e-13,1.197972178e-13,1.911959354e-13,2.165234883e-13,1.302760542e-13,1.192839789e-13,2.080158307e-13,1.288957833e-13,2.788341412e-14,3.287698932e-13,4.958696658e-14,8.794551089e-14,1.10588973e-13,1.711619641e-13,5.381740845e-13,5.300170587e-13,3.193380225e-13,8.630480599e-14,6.920390436e-14,4.486734059e-13,6.925413815e-14,1.08281889e-14,3.210616292e-14,8.386797325e-14,9.663313741e-14,1.953506747e-13,1.918617315e-13,2.485680547e-13,4.498788122e-13,3.914618857e-14,2.19580136e-13,8.431060261e-14
18.15625,1.557928994e-13,1.18831395e-13,1.87817777e-13,2.152076341e-13,1.29741708e-13,1.187281714e-13,2.039465741e-13,1.293181531e-13,2.795227505e-14,3.27259022e-13,4.981597496e-14,8.484002008e-14,1.085812673e-13,1.660703124e-13,5.290831546e-13,5.228927121e-13,3.1483438e-13,8.385079528e-14,6.867012516e-14,4.440758508e-13,7.004286548e-14,1.079040964e-14,3.140236332e-14,8.362882428e-14,9.483633808e-14,1.910343149e-13,1.875822672e-13,2.459123826e-13,4.386364887e-13,3.866333273e-14,2.142060847e-13,8.395215657e-14
18.1640625,1.543923011e-13,1.177827918e-13,1.843926521e-13,2.140293423e-13,1.291943331e-13,1.182220372e-13,1.998715987e-13,1.297365471e-13,2.800927738e-14,3.258130756e-13,5.004465205e-14,8.175827433e-14,1.065981145e-13,1.60968537e-13,5.198814335e-13,5.157207148e-13,3.104026184e-13,8.154656953e-14,6.8142307e-14,4.393720842e-13,7.084817813e-14,1.074231125e-14,3.073223735e-14,8.339182332e-14,9.306960924e-14,1.867438814e-13,1.832486645e-13,2.43279535e-13,4.272429071e-13,3.820773172e-14,2.087936344e-13,8.358937943e-14
18.171875,1.53085126e-13,1.168873646e-13,1.810749169e-13,2.125974722e-13,1.287663467e-13,1.177499135e-13,1.958844114e-13,1.301217081e-13,2.806813575e-14,3.244640252e-13,5.027620082e-14,7.872940928e-14,1.046408967e-13,1.560459902e-13,5.106376968e-13,5.085441618e-13,3.059229811e-13,7.938748431e-14,6.760499393e-14,4.344281551e-13,7.166070755e-14,1.068771995e-14,3.004460497e-14,8.319992006e-14,9.13118499e-14,1.82376045e-13,1.788130907e-13,2.40716873e-13,4.158654588e-13,3.775612719e-14,2.034621905e-13,8.321125327e-14
18.1796875,1.519742448e-13,1.159151209e-13,1.778638399e-13,2.109313757e-13,1.285756048e-13,1.17343151e-13,1.920255793e-13,1.304721646e-13,2.812679827e-14,3.230561732e-13,5.048405964e-14,7.575645822e-14,1.026697559e-13,1.513378589e-13,5.013799224e-13,5.013937727e-13,3.014167527e-13,7.742559155e-14,6.702559603e-14,4.294745446e-13,7.255053631e-14,1.062680743e-14,2.936485724e-14,8.296941664e-14,8.956368225e-14,1.780573283e-13,1.743648979e-13,2.381995361e-13,4.044443536e-13,3.727815288e-14,1.981990243e-13,8.285794219e-14
18.1875,1.510955199e-13,1.148766032e-13,1.747502974e-13,2.094801986e-13,1.285453632e-13,1.170902706e-13,1.882414255e-13,1.308017938e-13,2.819177935e-14,3.215618969e-13,5.071133018e-14,7.288187224e-14,1.00738961e-13,1.468228213e-13,4.921928118e-13,4.943244148e-13,2.970476621e-13,7.572356465e-14,6.643777898e-14,4.247076493e-13,7.352741188e-14,1.05719643e-14,2.874361607e-14,8.270137372e-14,8.785485747e-14,1.739070374e-13,1.69925553e-13,2.357135928e-13,3.929388549e-13,3.680028703e-14,1.930104899e-13,8.255295961e-14
18.1953125,1.502124113e-13,1.140638363e-13,1.717630834e-13,2.081920005e-13,1.285462085e-13,1.169194462e-13,1.845018519e-13,1.311148411e-13,2.828167575e-14,3.201297924e-13,5.095338657e-14,7.016031397e-14,9.891837878e-14,1.425396665e-13,4.830945115e-13,4.874563894e-13,2.927610372e-13,7.414607538e-14,6.580923262e-14,4.200740906e-13,7.45026104e-14,1.051932656e-14,2.816766943e-14,8.250075803e-14,8.618233454e-14,1.698973018e-13,1.654759668e-13,2.332519104e-13,3.816551684e-13,3.635311586e-14,1.880154118e-13,8.227033759e-14
18.203125,1.491446309e-13,1.13216569e-13,1.688907159e-13,2.067326707e-13,1.285016212e-13,1.167730755e-13,1.808700399e-13,1.314343005e-13,2.8385936e-14,3.188528723e-13,5.113764896e-14,6.75638218e-14,9.719998765e-14,1.384494449e-13,4.739648778e-13,4.807316308e-13,2.885134855e-13,7.263516295e-14,6.511416285e-14,4.152714773e-13,7.54741148e-14,1.045237668e-14,2.760522048e-14,8.234939833e-14,8.453786275e-14,1.659820218e-13,1.609978203e-13,2.308423301e-13,3.707207998e-13,3.593561822e-14,1.831591394e-13,8.198123138e-14
18.2109375,1.480812267e-13,1.120632151e-13,1.661201707e-13,2.052413236e-13,1.28402785e-13,1.167460157e-13,1.773693392e-13,1.317649936e-13,2.847678903e-14,3.177183819e-13,5.130161647e-14,6.503970953e-14,9.559916516e-14,1.344793751e-13,4.648716262e-13,4.73986874e-13,2.84498873e-13,7.134002783e-14,6.448157744e-14,4.101785708e-13,7.647601959e-14,1.038400639e-14,2.705474415e-14,8.219625424e-14,8.296284485e-14,1.621426735e-13,1.565011498e-13,2.285188051e-13,3.599083542e-13,3.553315327e-14,1.783424832e-13,8.167804262e-14
18.21875,1.47204601e-13,1.109312383e-13,1.634223186e-13,2.039768458e-13,1.283600809e-13,1.168011643e-13,1.738964023e-13,1.320926092e-13,2.856253158e-14,3.166214137e-13,5.15042943e-14,6.259472084e-14,9.411635821e-14,1.306432167e-13,4.559805666e-13,4.673088737e-13,2.80676433e-13,7.026651281e-14,6.39445474e-14,4.05242585e-13,7.748683158e-14,1.032499198e-14,2.651718582e-14,8.20663415e-14,8.145721096e-14,1.583883332e-13,1.520940138e-13,2.262189322e-13,3.492183012e-13,3.513858228e-14,1.736146676e-13,8.138159645e-14
18.2265625,1.464254081e-13,1.099607964e-13,1.607497988e-13,2.028191796e-13,1.284628585e-13,1.168214253e-13,1.704165082e-13,1.324196335e-13,2.866951599e-14,3.154301825e-13,5.169075263e-14,6.023454723e-14,9.26578779e-14,1.269587532e-13,4.471261189e-13,4.607963993e-13,2.767569006e-13,6.929929293e-14,6.334274118e-14,4.007436547e-13,7.854090228e-14,1.025369079e-14,2.598182679e-14,8.194768135e-14,7.995158991e-14,1.547214868e-13,1.47807877e-13,2.238905718e-13,3.387907529e-13,3.476534444e-14,1.689720336e-13,8.110191309e-14
18.234375,1.456434173e-13,1.089730388e-13,1.581461763e-13,2.016218468e-13,1.286414585e-13,1.169040348e-13,1.670420885e-13,1.327219006e-13,2.878360079e-14,3.141815754e-13,5.183752076e-14,5.793214743e-14,9.120080428e-14,1.234178145e-13,4.38161759e-13,4.543495351e-13,2.728115838e-13,6.847326283e-14,6.2657262e-14,3.963077687e-13,7.9665836e-14,1.017143514e-14,2.544610471e-14,8.181794746e-14,7.844096953e-14,1.510839038e-13,1.435188408e-13,2.216046544e-13,3.284547323e-13,3.441983298e-14,1.64407434e-13,8.080358431e-14
18.2421875,1.448932035e-13,1.081142192e-13,1.556756753e-13,2.00492162e-13,1.288235263e-13,1.171596288e-13,1.638034402e-13,1.329931719e-13,2.887377431e-14,3.129951728e-13,5.200051879e-14,5.570545535e-14,8.986167733e-14,1.200641813e-13,4.293763679e-13,4.480850353e-13,2.691628699e-13,6.785513837e-14,6.204020861e-14,3.917358816e-13,8.077450357e-14,1.01068608e-14,2.492657745e-14,8.169715819e-14,7.699033152e-14,1.474947755e-13,1.392425799e-13,2.194129576e-13,3.181278456e-13,3.408126914e-14,1.600445584e-13,8.049992209e-14
18.25,1.442419467e-13,1.07494442e-13,1.532906862e-13,1.995045659e-13,1.290307247e-13,1.175074742e-13,1.606208675e-13,1.333118169e-13,2.894873047e-14,3.118492118e-13,5.219726138e-14,5.360134505e-14,8.868567774e-14,1.169320501e-13,4.209762561e-13,4.4225908e-13,2.658598301e-13,6.740435518e-14,6.150694036e-14,3.873007882e-13,8.183339465e-14,1.004862589e-14,2.444008631e-14,8.158794959e-14,7.562172504e-14,1.440954131e-13,1.351499465e-13,2.172871313e-13,3.080715331e-13,3.374054692e-14,1.558849749e-13,8.027252713e-14
18.2578125,1.436879864e-13,1.06785845e-13,1.509603591e-13,1.985292077e-13,1.292786812e-13,1.179184063e-13,1.575059742e-13,1.336751783e-13,2.903233261e-14,3.106992596e-13,5.238784069e-14,5.160763729e-14,8.758335309e-14,1.139964453e-13,4.127933613e-13,4.367507782e-13,2.627654634e-13,6.708715766e-14,6.093639498e-14,3.831001995e-13,8.29171921e-14,9.964936504e-15,2.397501601e-14,8.14928216e-14,7.431582003e-14,1.408821747e-13,1.31239496e-13,2.151746972e-13,2.983311107e-13,3.340868673e-14,1.517868453e-13,8.010557472e-14
18.265625,1.431379734e-13,1.058623028e-13,1.487570727e-13,1.974797847e-13,1.295876387e-13,1.184929854e-13,1.54521379e-13,1.339555148e-13,2.912185854e-14,3.095711323e-13,5.251231146e-14,4.969116135e-14,8.652565909e-14,1.112606182e-13,4.047510716e-13,4.313409849e-13,2.598147234e-13,6.692074156e-14,6.030549424e-14,3.790323889e-13,8.403821711e-14,9.868566797e-15,2.351009476e-14,8.139451368e-14,7.305491452e-14,1.376995394e-13,1.273712005e-13,2.129951899e-13,2.886932355e-13,3.308549992e-14,1.477583448e-13,7.990488862e-14
18.2734375,1.42573615e-13,1.050055932e-13,1.467124518e-13,1.965180349e-13,1.300119831e-13,1.192430757e-13,1.516456629e-13,1.341557183e-13,2.920452619e-14,3.084698816e-13,5.256996493e-14,4.785282841e-14,8.55890842e-14,1.087207661e-13,3.969528466e-13,4.261460261e-13,2.570270724e-13,6.688723177e-14,5.971147393e-14,3.751753688e-13,8.516108416e-14,9.78653809e-15,2.305468433e-14,8.124599538e-14,7.182679741e-14,1.345478253e-13,1.235347379e-13,2.108023687e-13,2.79158556e-13,3.276969584e-14,1.438893254e-13,7.969732372e-14
18.28125,1.421178388e-13,1.042323679e-13,1.447887729e-13,1.957733469e-13,1.305169223e-13,1.200789786e-13,1.488461368e-13,1.343870384e-13,2.92787476e-14,3.074206069e-13,5.264362712e-14,4.609391543e-14,8.47953117e-14,1.063278064e-13,3.89370282e-13,4.212762525e-13,2.544862976e-13,6.692506436e-14,5.919560666e-14,3.715790507e-13,8.631237246e-14,9.711492463e-15,2.262821462e-14,8.110068842e-14,7.064340702e-14,1.315449921e-13,1.198199049e-13,2.088064719e-13,2.69838345e-13,3.247057942e-14,1.401580556e-13,7.956025206e-14
18.2890625,1.417469627e-13,1.032767968e-13,1.429523781e-13,1.950112663e-13,1.30968655e-13,1.209588399e-13,1.461459137e-13,1.346053124e-13,2.935169178e-14,3.063817734e-13,5.27398164e-14,4.442950461e-14,8.407339018e-14,1.041185843e-13,3.818918396e-13,4.165928087e-13,2.521944279e-13,6.703039912e-14,5.869042748e-14,3.679409143e-13,8.750480476e-14,9.63104881e-15,2.22243876e-14,8.104161978e-14,6.952238902e-14,1.286930779e-13,1.162466083e-13,2.069435121e-13,2.607703593e-13,3.218778843e-14,1.365618398e-13,7.944335908e-14
18.296875,1.413196469e-13,1.022360949e-13,1.411408316e-13,1.940050834e-13,1.31343524e-13,1.218845138e-13,1.43565115e-13,1.347139143e-13,2.942414275e-14,3.051483638e-13,5.277943892e-14,4.288675233e-14,8.335994893e-14,1.021452069e-13,3.745385076e-13,4.120284214e-13,2.500196535e-13,6.72642153e-14,5.816650534e-14,3.640044555e-13,8.867624386e-14,9.553608803e-15,2.182972438e-14,8.100102493e-14,6.845040637e-14,1.259380042e-13,1.127620436e-13,2.048860606e-13,2.520094493e-13,3.190796152e-14,1.331859105e-13,7.928301445e-14
18.3046875,1.409582481e-13,1.014170509e-13,1.393133719e-13,1.929705125e-13,1.317790188e-13,1.228212911e-13,1.410910518e-13,1.347721019e-13,2.947690566e-14,3.03715795e-13,5.277737287e-14,4.142417815e-14,8.264520067e-14,1.003012564e-13,3.67433627e-13,4.07684554e-13,2.479382475e-13,6.762434e-14,5.765804525e-14,3.601299273e-13,8.980820179e-14,9.480423081e-15,2.144313803e-14,8.089325911e-14,6.741614232e-14,1.232693234e-13,1.093352205e-13,2.026310141e-13,2.434915039e-13,3.162198552e-14,1.300087719e-13,7.912348767e-14
18.3125,1.408213815e-13,1.00703755e-13,1.37526081e-13,1.921145831e-13,1.323505293e-13,1.237397092e-13,1.387061251e-13,1.348589058e-13,2.950123169e-14,3.023855504e-13,5.278415366e-14,3.997744125e-14,8.196405144e-14,9.850080364e-14,3.605622351e-13,4.035374084e-13,2.460001364e-13,6.803872032e-14,5.71273965e-14,3.567554294e-13,9.097513432e-14,9.394210692e-15,2.106580047e-14,8.074538403e-14,6.64289454e-14,1.206792339e-13,1.059752213e-13,2.004442166e-13,2.350901653e-13,3.133891337e-14,1.268790115e-13,7.899423658e-14
18.3203125,1.407841887e-13,9.980415432e-14,1.357936326e-13,1.91276841e-13,1.330152277e-13,1.247238375e-13,1.364129312e-13,1.349469122e-13,2.951990252e-14,3.012238971e-13,5.277398523e-14,3.855764804e-14,8.13455662e-14,9.68232514e-14,3.537179449e-13,3.994144705e-13,2.441362029e-13,6.848361031e-14,5.652511302e-14,3.53613065e-13,9.219549116e-14,9.290641387e-15,2.070344588e-14,8.058718577e-14,6.548261505e-14,1.18175123e-13,1.026865679e-13,1.983768466e-13,2.268912674e-13,3.107368761e-14,1.23763476e-13,7.886757663e-14
18.328125,1.408525225e-13,9.879699278e-14,1.340707215e-13,1.904295978e-13,1.337811299e-13,1.259149689e-13,1.3421216e-13,1.350095973e-13,2.954378695e-14,2.999815836e-13,5.274485801e-14,3.719996615e-14,8.077114517e-14,9.530736754e-14,3.468790765e-13,3.953491764e-13,2.423447424e-13,6.901069395e-14,5.590716848e-14,3.503922495e-13,9.338462796e-14,9.189403399e-15,2.036641039e-14,8.043949459e-14,6.456307301e-14,1.15783893e-13,9.948798044e-14,1.963803328e-13,2.190010128e-13,3.081737688e-14,1.207991153e-13,7.876013196e-14
18.3359375,1.411967686e-13,9.786727649e-14,1.324173066e-13,1.897502663e-13,1.346460065e-13,1.272832198e-13,1.320706892e-13,1.350812449e-13,2.95661061e-14,2.986080767e-13,5.272227634e-14,3.592201127e-14,8.022731836e-14,9.388315996e-14,3.402754681e-13,3.915827086e-13,2.407166674e-13,6.966756197e-14,5.530286961e-14,3.47333053e-13,9.451449963e-14,9.09870193e-15,2.004474e-14,8.035908423e-14,6.367412473e-14,1.134997809e-13,9.640508816e-14,1.944852333e-13,2.113652833e-13,3.055654994e-14,1.180335388e-13,7.869955258e-14
18.34375,1.41657328e-13,9.695160494e-14,1.308812695e-13,1.891141056e-13,1.354740223e-13,1.28633291e-13,1.299718765e-13,1.351852268e-13,2.958972853e-14,2.972714329e-13,5.269518664e-14,3.473000134e-14,7.971416219e-14,9.253647342e-14,3.338924073e-13,3.881023196e-13,2.392161933e-13,7.041368786e-14,5.466476428e-14,3.444071432e-13,9.564412224e-14,9.002323553e-15,1.971598909e-14,8.03353231e-14,6.28151176e-14,1.112832748e-13,9.338192582e-14,1.926458583e-13,2.038933016e-13,3.03073712e-14,1.153466603e-13,7.864289264e-14
18.3515625,1.420832328e-13,9.59783444e-14,1.29374063e-13,1.883414025e-13,1.36232969e-13,1.299434509e-13,1.279436734e-13,1.352807625e-13,2.96003369e-14,2.959965097e-13,5.267214006e-14,3.357835009e-14,7.919975833e-14,9.133890359e-14,3.27546124e-13,3.846808279e-13,2.378630432e-13,7.118157966e-14,5.402177727e-14,3.412722771e-13,9.679273373e-14,8.90137317e-15,1.938875069e-14,8.026206917e-14,6.197639595e-14,1.090823565e-13,9.036787596e-14,1.908359459e-13,1.964451416e-13,3.007669646e-14,1.12697185e-13,7.854963911e-14
18.359375,1.426925484e-13,9.506200833e-14,1.279017043e-13,1.876044612e-13,1.37093785e-13,1.313979124e-13,1.259924939e-13,1.353220632e-13,2.957998551e-14,2.94710408e-13,5.264065262e-14,3.244062985e-14,7.870105945e-14,9.032936441e-14,3.213875282e-13,3.813954306e-13,2.367900938e-13,7.201383777e-14,5.342831749e-14,3.381506176e-13,9.794768015e-14,8.819110032e-15,1.909039824e-14,8.009285748e-14,6.11717478e-14,1.068954442e-13,8.745664293e-14,1.891230432e-13,1.890271815e-13,2.983878707e-14,1.10198653e-13,7.845549009e-14
18.3671875,1.434863189e-13,9.430665542e-14,1.26569678e-13,1.87033457e-13,1.380858443e-13,1.330051481e-13,1.241234247e-13,1.353430892e-13,2.955029368e-14,2.934347191e-13,5.253591961e-14,3.13836897e-14,7.831125227e-14,8.945609442e-14,3.156346673e-13,3.785411215e-13,2.359496234e-13,7.297942302e-14,5.283503472e-14,3.353511315e-13,9.911185753e-14,8.749811977e-15,1.881353486e-14,7.991235222e-14,6.043125958e-14,1.04824904e-13,8.472173873e-14,1.874163835e-13,1.819538746e-13,2.959035521e-14,1.079076302e-13,7.840364519e-14
18.375,1.44196175e-13,9.363073007e-14,1.253251582e-13,1.865594252e-13,1.39024087e-13,1.346024218e-13,1.223830407e-13,1.353960794e-13,2.952068634e-14,2.922065544e-13,5.237091255e-14,3.043961118e-14,7.806230882e-14,8.86840027e-14,3.102095966e-13,3.761586258e-13,2.352938068e-13,7.404604721e-14,5.22135243e-14,3.32627192e-13,1.002582171e-13,8.668769735e-15,1.853189894e-14,7.978222615e-14,5.976613002e-14,1.029336696e-13,8.209370842e-14,1.855804456e-13,1.753436075e-13,2.935635919e-14,1.057751647e-13,7.837766377e-14
18.3828125,1.448544842e-13,9.288890004e-14,1.240860363e-13,1.862127896e-13,1.398466463e-13,1.361818005e-13,1.207477867e-13,1.354820502e-13,2.947409174e-14,2.90996291e-13,5.219219775e-14,2.956307351e-14,7.790061527e-14,8.805050156e-14,3.05027528e-13,3.740549687e-13,2.349265679e-13,7.516747224e-14,5.161382756e-14,3.299223341e-13,1.013617683e-13,8.582605167e-15,1.825184531e-14,7.963720793e-14,5.916413972e-14,1.011254984e-13,7.953652874e-14,1.837464535e-13,1.689527331e-13,2.913314506e-14,1.037702498e-13,7.83487557e-14
18.390625,1.456190826e-13,9.208346894e-14,1.229073791e-13,1.859617674e-13,1.406839833e-13,1.377804142e-13,1.191122086e-13,1.356204924e-13,2.942998038e-14,2.897406034e-13,5.196109504e-14,2.873628025e-14,7.776086872e-14,8.751142491e-14,3.000403085e-13,3.720690405e-13,2.347042823e-13,7.632636296e-14,5.100343314e-14,3.275933592e-13,1.024483086e-13,8.501887199e-15,1.79962218e-14,7.943567786e-14,5.859770237e-14,9.932303348e-14,7.708498719e-14,1.820520277e-13,1.626898803e-13,2.889428819e-14,1.018467471e-13,7.833159513e-14
18.3984375,1.465412546e-13,9.13166316e-14,1.217780293e-13,1.856465104e-13,1.416503648e-13,1.393373906e-13,1.174604576e-13,1.358141685e-13,2.939826075e-14,2.883857168e-13,5.166801553e-14,2.794814645e-14,7.759812831e-14,8.698134934e-14,2.950947611e-13,3.701867702e-13,2.3439246e-13,7.751921273e-14,5.030033408e-14,3.256580481e-13,1.035383017e-13,8.410236969e-15,1.776657208e-14,7.923385405e-14,5.803965957e-14,9.761029654e-14,7.474337023e-14,1.803867486e-13,1.566608133e-13,2.864286328e-14,9.99296808e-14,7.834711686e-14
18.40625,1.477383791e-13,9.059745596e-14,1.206261431e-13,1.853168816e-13,1.427534672e-13,1.409536441e-13,1.158663829e-13,1.359703485e-13,2.934183172e-14,2.87012486e-13,5.135948967e-14,2.718298686e-14,7.744969866e-14,8.655735369e-14,2.902300719e-13,3.685379054e-13,2.341744103e-13,7.87936755e-14,4.955460316e-14,3.237938917e-13,1.046390359e-13,8.308028004e-15,1.754691921e-14,7.903131821e-14,5.750374348e-14,9.607410194e-14,7.25242077e-14,1.787104126e-13,1.509034515e-13,2.841188325e-14,9.805469598e-14,7.838372286e-14
18.4140625,1.491670138e-13,8.988462001e-14,1.195382252e-13,1.850983033e-13,1.439271743e-13,1.428310889e-13,1.143630512e-13,1.360737573e-13,2.92765176e-14,2.857875105e-13,5.103949953e-14,2.648235055e-14,7.74022036e-14,8.637360509e-14,2.856647275e-13,3.672345926e-13,2.343109863e-13,8.014538184e-14,4.887458811e-14,3.218662348e-13,1.057629828e-13,8.222143034e-15,1.732044299e-14,7.878286313e-14,5.703232656e-14,9.466680206e-14,7.042253965e-14,1.771748476e-13,1.454084985e-13,2.821635788e-14,9.632811866e-14,7.843909298e-14
18.421875,1.506176118e-13,8.918244413e-14,1.186227553e-13,1.849650371e-13,1.451285366e-13,1.449052715e-13,1.129488108e-13,1.362520085e-13,2.925879437e-14,2.84638362e-13,5.073156302e-14,2.586982924e-14,7.745912426e-14,8.638920722e-14,2.813794127e-13,3.662193572e-13,2.347151867e-13,8.149331945e-14,4.825866314e-14,3.199932173e-13,1.068866429e-13,8.163907831e-15,1.709202714e-14,7.852936078e-14,5.661673062e-14,9.330664789e-14,6.837337836e-14,1.757899976e-13,1.401192689e-13,2.803031112e-14,9.476645452e-14,7.852602651e-14
18.4296875,1.521288945e-13,8.849509286e-14,1.1781699e-13,1.84937438e-13,1.463593906e-13,1.469715009e-13,1.116142409e-13,1.365161264e-13,2.926404641e-14,2.833633014e-13,5.045620877e-14,2.530878687e-14,7.757145002e-14,8.652669624e-14,2.771963154e-13,3.653132891e-13,2.352026894e-13,8.283549759e-14,4.76413128e-14,3.183006889e-13,1.080001622e-13,8.125888231e-15,1.689248823e-14,7.830013267e-14,5.62048434e-14,9.199170169e-14,6.637546185e-14,1.744255873e-13,1.35014302e-13,2.782869482e-14,9.333411439e-14,7.86166291e-14
18.4375,1.537710403e-13,8.784841876e-14,1.170467697e-13,1.85020863e-13,1.475588454e-13,1.490101234e-13,1.103286341e-13,1.367400274e-13,2.923442556e-14,2.820556796e-13,5.013644651e-14,2.479025547e-14,7.772998804e-14,8.675342832e-14,2.730918256e-13,3.644294534e-13,2.35734901e-13,8.4180538e-14,4.700542738e-14,3.167602214e-13,1.091465804e-13,8.095984744e-15,1.672573301e-14,7.804443918e-14,5.579947445e-14,9.076147196e-14,6.448695312e-14,1.731262507e-13,1.302036768e-13,2.76258123e-14,9.20117522e-14,7.868387107e-14
18.4453125,1.554067703e-13,8.728832756e-14,1.163656411e-13,1.851226408e-13,1.486857334e-13,1.511331173e-13,1.090773043e-13,1.369186556e-13,2.918445772e-14,2.808595368e-13,4.975923804e-14,2.431895995e-14,7.79525461e-14,8.705259639e-14,2.691790373e-13,3.63742289e-13,2.364318583e-13,8.546013933e-14,4.638560455e-14,3.15393987e-13,1.103003878e-13,8.061829591e-15,1.655190596e-14,7.774600294e-14,5.544732227e-14,8.963688454e-14,6.272668044e-14,1.720145639e-13,1.256987411e-13,2.743535108e-14,9.078104821e-14,7.877106389e-14
18.453125,1.570262593e-13,8.67647105e-14,1.15820383e-13,1.85280156e-13,1.498615506e-13,1.533834625e-13,1.078593118e-13,1.371382339e-13,2.915198303e-14,2.796211937e-13,4.942046748e-14,2.388228123e-14,7.825327706e-14,8.747702935e-14,2.655546247e-13,3.633976286e-13,2.374108332e-13,8.665758915e-14,4.580570638e-14,3.143912026e-13,1.113828901e-13,8.025002555e-15,1.635810361e-14,7.740755442e-14,5.514143077e-14,8.861563682e-14,6.111999323e-14,1.709961039e-13,1.213771068e-13,2.723565797e-14,8.966145801e-14,7.890418252e-14
18.4609375,1.587029299e-13,8.622856058e-14,1.153347781e-13,1.855123281e-13,1.511393121e-13,1.556591275e-13,1.06654805e-13,1.373838566e-13,2.912917858e-14,2.7825511e-13,4.910888572e-14,2.34939949e-14,7.859666883e-14,8.803958805e-14,2.621769053e-13,3.631966696e-13,2.385305322e-13,8.777776021e-14,4.524707532e-14,3.136526127e-13,1.124243484e-13,7.995346026e-15,1.617507479e-14,7.70027266e-14,5.484234498e-14,8.765585081e-14,5.965816455e-14,1.699132271e-13,1.172072322e-13,2.701458555e-14,8.869441568e-14,7.902313909e-14
18.46875,1.604174495e-13,8.574660337e-14,1.148138926e-13,1.857495096e-13,1.523642368e-13,1.578523861e-13,1.054500412e-13,1.376033975e-13,2.908971687e-14,2.768667777e-13,4.875134383e-14,2.31528006e-14,7.893286368e-14,8.865439447e-14,2.589602578e-13,3.630399997e-13,2.39654266e-13,8.88196599e-14,4.471080914e-14,3.128367636e-13,1.134784063e-13,7.976801405e-15,1.600999591e-14,7.656563878e-14,5.456345721e-14,8.671173903e-14,5.82644954e-14,1.688005372e-13,1.131895804e-13,2.67882101e-14,8.788643094e-14,7.909570093e-14
18.4765625,1.622435555e-13,8.528491219e-14,1.14278111e-13,1.861705177e-13,1.535023081e-13,1.600561e-13,1.042496274e-13,1.3784133e-13,2.903757838e-14,2.754457461e-13,4.836735121e-14,2.283192041e-14,7.930844373e-14,8.935648358e-14,2.560011916e-13,3.63203856e-13,2.409811205e-13,8.989687688e-14,4.423437543e-14,3.120438823e-13,1.144947634e-13,7.976563605e-15,1.584108471e-14,7.614705842e-14,5.4339966e-14,8.58037042e-14,5.69610379e-14,1.677347263e-13,1.093027281e-13,2.656078236e-14,8.724004776e-14,7.916765708e-14
18.484375,1.64172405e-13,8.473951699e-14,1.137934308e-13,1.868342969e-13,1.547111046e-13,1.623863908e-13,1.030794141e-13,1.381652426e-13,2.900824527e-14,2.740416874e-13,4.79650231e-14,2.255922806e-14,7.975769382e-14,9.024910331e-14,2.533876174e-13,3.637513837e-13,2.426006732e-13,9.106288359e-14,4.378231398e-14,3.115614751e-13,1.154801931e-13,7.994912415e-15,1.566789187e-14,7.570358303e-14,5.416122935e-14,8.496022249e-14,5.580609628e-14,1.667015711e-13,1.055918259e-13,2.633424784e-14,8.673502132e-14,7.926086516e-14
18.4921875,1.660078261e-13,8.427856573e-14,1.133279418e-13,1.873600292e-13,1.56024037e-13,1.647005289e-13,1.019690068e-13,1.385262562e-13,2.901092321e-14,2.727996621e-13,4.751271921e-14,2.235767711e-14,8.020018821e-14,9.123613954e-14,2.509209786e-13,3.644035329e-13,2.442352319e-13,9.216746671e-14,4.328341366e-14,3.112471488e-13,1.165265447e-13,8.015337584e-15,1.550516848e-14,7.520780119e-14,5.399803767e-14,8.417199252e-14,5.47089791e-14,1.657235237e-13,1.020775934e-13,2.612469424e-14,8.63109579e-14,7.935896178e-14
18.5,1.677997723e-13,8.409718532e-14,1.128083993e-13,1.877076336e-13,1.573682889e-13,1.668626657e-13,1.008771014e-13,1.388117172e-13,2.900379302e-14,2.715297992e-13,4.703486152e-14,2.216974506e-14,8.061626306e-14,9.217962553e-14,2.484328383e-13,3.651045173e-13,2.457729844e-13,9.315438472e-14,4.278276769e-14,3.109233195e-13,1.175869964e-13,8.036973529e-15,1.535211853e-14,7.470839329e-14,5.383791501e-14,8.345125365e-14,5.362894343e-14,1.648180761e-13,9.871604978e-14,2.591688483e-14,8.595728341e-14,7.94588209e-14
18.5078125,1.697332233e-13,8.401371096e-14,1.122781212e-13,1.88233508e-13,1.587259879e-13,1.69039685e-13,9.975056858e-14,1.390257742e-13,2.896460994e-14,2.699643702e-13,4.655324075e-14,2.196579602e-14,8.106062524e-14,9.315073636e-14,2.461033496e-13,3.660596469e-13,2.474381821e-13,9.416010913e-14,4.235572068e-14,3.106661352e-13,1.185494979e-13,8.075111427e-15,1.519949831e-14,7.418451601e-14,5.367688877e-14,8.278468933e-14,5.268137114e-14,1.638947986e-13,9.549738251e-14,2.567862926e-14,8.568373314e-14,7.954202088e-14
18.515625,1.717531812e-13,8.385566763e-14,1.118340077e-13,1.888618275e-13,1.600415443e-13,1.713651394e-13,9.863935832e-14,1.392689089e-13,2.891884559e-14,2.682564345e-13,4.606219957e-14,2.179274124e-14,8.152799631e-14,9.426730664e-14,2.441536081e-13,3.673595155e-13,2.4934909e-13,9.523016607e-14,4.198390903e-14,3.104872998e-13,1.194569125e-13,8.124447865e-15,1.504279559e-14,7.357884701e-14,5.353501716e-14,8.212127371e-14,5.185999961e-14,1.629402837e-13,9.24411045e-14,2.542565033e-14,8.545707974e-14,7.958944783e-14
18.5234375,1.738735541e-13,8.373466179e-14,1.114305745e-13,1.894498443e-13,1.612854525e-13,1.736842639e-13,9.757635663e-14,1.395573887e-13,2.887800135e-14,2.666217743e-13,4.557755559e-14,2.166607147e-14,8.204772599e-14,9.552144783e-14,2.425205584e-13,3.68896408e-13,2.51389857e-13,9.626224937e-14,4.164632736e-14,3.104146583e-13,1.203687293e-13,8.173417666e-15,1.488494822e-14,7.295513833e-14,5.344581234e-14,8.149811586e-14,5.104772699e-14,1.620770552e-13,8.954450074e-14,2.518040899e-14,8.529528122e-14,7.963580273e-14
18.53125,1.76207005e-13,8.365323289e-14,1.109490612e-13,1.902519788e-13,1.625567313e-13,1.759093135e-13,9.650825666e-14,1.3983659e-13,2.883567391e-14,2.65014784e-13,4.506872328e-14,2.154896328e-14,8.265466516e-14,9.686620839e-14,2.410486947e-13,3.705841914e-13,2.535059234e-13,9.721852148e-14,4.134161922e-14,3.105206301e-13,1.212322774e-13,8.228832564e-15,1.47355359e-14,7.238257128e-14,5.34007757e-14,8.095478621e-14,5.027768839e-14,1.613375571e-13,8.676254911e-14,2.492815573e-14,8.524464299e-14,7.969844931e-14
18.5390625,1.785596102e-13,8.353588018e-14,1.104046911e-13,1.912204225e-13,1.638677361e-13,1.781733224e-13,9.545351612e-14,1.401058148e-13,2.880460151e-14,2.633959202e-13,4.447976149e-14,2.142973883e-14,8.324547585e-14,9.825414113e-14,2.397518247e-13,3.725526997e-13,2.55810335e-13,9.818079342e-14,4.103705219e-14,3.106963756e-13,1.220384016e-13,8.293208926e-15,1.459628365e-14,7.180115438e-14,5.33773549e-14,8.04311988e-14,4.963738037e-14,1.606634177e-13,8.407693432e-14,2.467627088e-14,8.527214725e-14,7.973362473e-14
18.546875,1.807599369e-13,8.350547714e-14,1.098534668e-13,1.920353997e-13,1.651577431e-13,1.804637794e-13,9.445726987e-14,1.403952418e-13,2.879602349e-14,2.617938296e-13,4.385303201e-14,2.133041733e-14,8.377416015e-14,9.962144296e-14,2.386748449e-13,3.748713567e-13,2.582996982e-13,9.916960197e-14,4.074195521e-14,3.10920645e-13,1.228340798e-13,8.360092137e-15,1.445857192e-14,7.118192099e-14,5.338908793e-14,7.995438498e-14,4.908196226e-14,1.600401114e-13,8.155194248e-14,2.444769383e-14,8.535987349e-14,7.974219528e-14
18.5546875,1.829896924e-13,8.360526386e-14,1.092584881e-13,1.927745391e-13,1.664880014e-13,1.825732063e-13,9.344916206e-14,1.407054361e-13,2.880551355e-14,2.601778213e-13,4.325727035e-14,2.126788635e-14,8.434132988e-14,1.009898662e-13,2.377173551e-13,3.773085282e-13,2.607470761e-13,1.00088515e-13,4.049721904e-14,3.112437059e-13,1.236193409e-13,8.435792585e-15,1.432438172e-14,7.059723119e-14,5.343031224e-14,7.96092542e-14,4.855067017e-14,1.594246288e-13,7.918353404e-14,2.422193571e-14,8.556091825e-14,7.977341571e-14
18.5625,1.852828183e-13,8.372144936e-14,1.086303101e-13,1.935471545e-13,1.678032645e-13,1.844498684e-13,9.238886325e-14,1.410174651e-13,2.882559274e-14,2.585274686e-13,4.268025567e-14,2.124786347e-14,8.496001413e-14,1.024467041e-13,2.367979167e-13,3.797300034e-13,2.63044972e-13,1.0089808e-13,4.02886073e-14,3.114060957e-13,1.244073613e-13,8.524280728e-15,1.420251506e-14,7.005147851e-14,5.346558793e-14,7.931043856e-14,4.806457848e-14,1.587655879e-13,7.691020703e-14,2.398601252e-14,8.588412743e-14,7.981063674e-14
18.5703125,1.874460546e-13,8.38810669e-14,1.080322477e-13,1.942636003e-13,1.689270129e-13,1.862325593e-13,9.134292812e-14,1.413233333e-13,2.884410951e-14,2.568687078e-13,4.20956448e-14,2.125816206e-14,8.560201728e-14,1.039761859e-13,2.359642779e-13,3.822080338e-13,2.652961927e-13,1.016102335e-13,4.010908739e-14,3.113732206e-13,1.252132639e-13,8.612000779e-15,1.408812608e-14,6.947666912e-14,5.350398165e-14,7.896373106e-14,4.761977218e-14,1.581363646e-13,7.479622726e-14,2.376406323e-14,8.62829621e-14,7.980621297e-14
18.578125,1.895999075e-13,8.415305327e-14,1.074355688e-13,1.951018655e-13,1.700044166e-13,1.880470137e-13,9.032446474e-14,1.416509118e-13,2.885899834e-14,2.552213645e-13,4.150997568e-14,2.126020114e-14,8.634078088e-14,1.055382817e-13,2.352762476e-13,3.847216336e-13,2.675555331e-13,1.021919716e-13,3.999402067e-14,3.116016207e-13,1.25982838e-13,8.699287046e-15,1.397501274e-14,6.886152095e-14,5.357230151e-14,7.863773651e-14,4.716855839e-14,1.576027419e-13,7.284989044e-14,2.354766322e-14,8.674860601e-14,7.977394521e-14
18.5859375,1.92028031e-13,8.450648767e-14,1.068225618e-13,1.962098352e-13,1.712433981e-13,1.899192777e-13,8.930182284e-14,1.420139655e-13,2.887741653e-14,2.535778103e-13,4.094524145e-14,2.12354915e-14,8.718604807e-14,1.072060035e-13,2.347845772e-13,3.87359606e-13,2.698825576e-13,1.027107564e-13,3.995095816e-14,3.120945818e-13,1.266907131e-13,8.808380046e-15,1.387132491e-14,6.823094943e-14,5.366408406e-14,7.837560019e-14,4.673970148e-14,1.571168826e-13,7.093085477e-14,2.330937191e-14,8.73345064e-14,7.97408002e-14
18.59375,1.946762522e-13,8.489003281e-14,1.062520352e-13,1.973273205e-13,1.724735602e-13,1.917510592e-13,8.828959205e-14,1.423685856e-13,2.889147779e-14,2.519174819e-13,4.042965664e-14,2.121728521e-14,8.805738006e-14,1.090016743e-13,2.345021554e-13,3.903329322e-13,2.723931477e-13,1.032920848e-13,3.99631034e-14,3.124258185e-13,1.273600195e-13,8.944504337e-15,1.378456529e-14,6.760130968e-14,5.378157451e-14,7.815507126e-14,4.642433991e-14,1.566991098e-13,6.906597419e-14,2.3068111e-14,8.807555059e-14,7.970671162e-14
18.6015625,1.973477905e-13,8.523397373e-14,1.057339108e-13,1.983363002e-13,1.73606898e-13,1.934830744e-13,8.727590303e-14,1.427097685e-13,2.890643605e-14,2.50251363e-13,3.993423834e-14,2.123413852e-14,8.89526993e-14,1.108522485e-13,2.343502643e-13,3.935725897e-13,2.75015552e-13,1.038772567e-13,4.001999115e-14,3.126761866e-13,1.279709367e-13,9.095372153e-15,1.370853228e-14,6.698007242e-14,5.392948738e-14,7.800387759e-14,4.623283954e-14,1.564190303e-13,6.739455109e-14,2.284969495e-14,8.89022124e-14,7.968455603e-14
18.609375,2.000427898e-13,8.560161958e-14,1.052566643e-13,1.994239301e-13,1.748010365e-13,1.952418642e-13,8.622688302e-14,1.430910216e-13,2.894237738e-14,2.48579264e-13,3.937611817e-14,2.127556026e-14,8.990127659e-14,1.127624978e-13,2.34302782e-13,3.969491076e-13,2.776286369e-13,1.043766473e-13,4.012189973e-14,3.130805476e-13,1.285343527e-13,9.257139096e-15,1.363196816e-14,6.63401636e-14,5.408709435e-14,7.792076919e-14,4.607801617e-14,1.561815427e-13,6.588780487e-14,2.263776936e-14,8.972025521e-14,7.967398198e-14
18.6171875,2.028055175e-13,8.617084157e-14,1.048074632e-13,2.006094204e-13,1.75945762e-13,1.970569071e-13,8.517790918e-14,1.435042731e-13,2.898038325e-14,2.46862297e-13,3.876430706e-14,2.132547101e-14,9.08767884e-14,1.147277667e-13,2.344184913e-13,4.00542866e-13,2.804002406e-13,1.048481288e-13,4.027742281e-14,3.135424926e-13,1.291270968e-13,9.417327409e-15,1.355460691e-14,6.568432761e-14,5.426136027e-14,7.783979772e-14,4.591370447e-14,1.558752034e-13,6.448228011e-14,2.241070496e-14,9.052307311e-14,7.962362426e-14
18.625,2.05566076e-13,8.686521684e-14,1.043125436e-13,2.017897384e-13,1.76916746e-13,1.987507726e-13,8.416864334e-14,1.439163202e-13,2.900631697e-14,2.451347791e-13,3.820016453e-14,2.137635185e-14,9.186155759e-14,1.166718358e-13,2.347380583e-13,4.044270992e-13,2.835073668e-13,1.053197757e-13,4.046990588e-14,3.141972159e-13,1.297619981e-13,9.562199882e-15,1.349009502e-14,6.506327153e-14,5.44753185e-14,7.77372656e-14,4.580827809e-14,1.555989305e-13,6.320303718e-14,2.217684948e-14,9.132931177e-14,7.949976537e-14
18.6328125,2.08267986e-13,8.750863242e-14,1.037717944e-13,2.030086678e-13,1.779586687e-13,2.003406011e-13,8.318533149e-14,1.443677673e-13,2.905680031e-14,2.434647216e-13,3.76998113e-14,2.142812375e-14,9.288064894e-14,1.18643505e-13,2.353277906e-13,4.086216229e-13,2.867223892e-13,1.057454325e-13,4.069281431e-14,3.152340444e-13,1.303888119e-13,9.72150526e-15,1.344516306e-14,6.440963107e-14,5.470812463e-14,7.764917834e-14,4.580642728e-14,1.554691324e-13,6.207830566e-14,2.195776591e-14,9.214847831e-14,7.934470436e-14
18.640625,2.109892425e-13,8.813312762e-14,1.032573567e-13,2.043439814e-13,1.791111214e-13,2.020340248e-13,8.22260214e-14,1.448903283e-13,2.913195002e-14,2.41825289e-13,3.718577965e-14,2.148193153e-14,9.396438747e-14,1.207159476e-13,2.36165826e-13,4.130224165e-13,2.897538299e-13,1.060984575e-13,4.098745092e-14,3.16284322e-13,1.309845281e-13,9.925941451e-15,1.341002478e-14,6.361040901e-14,5.494670008e-14,7.761993479e-14,4.580976373e-14,1.554305989e-13,6.112172487e-14,2.175977904e-14,9.302867197e-14,7.922235365e-14
18.6484375,2.138301496e-13,8.874846304e-14,1.026873599e-13,2.057791282e-13,1.800659378e-13,2.037664183e-13,8.127555386e-14,1.454482355e-13,2.918784353e-14,2.401621702e-13,3.663884266e-14,2.151782109e-14,9.509071874e-14,1.227688777e-13,2.370713019e-13,4.174717116e-13,2.927711449e-13,1.063671067e-13,4.134248804e-14,3.17096061e-13,1.315424119e-13,1.014306522e-14,1.338123838e-14,6.278009243e-14,5.521778332e-14,7.765542519e-14,4.576187703e-14,1.553798537e-13,6.028384946e-14,2.156820688e-14,9.397910212e-14,7.913108629e-14
18.65625,2.166680923e-13,8.940278078e-14,1.019507141e-13,2.072312705e-13,1.807913858e-13,2.052522546e-13,8.027075933e-14,1.460130339e-13,2.923252986e-14,2.384275011e-13,3.611303541e-14,2.152142646e-14,9.619380622e-14,1.246837028e-13,2.380282632e-13,4.221503811e-13,2.960394738e-13,1.065871869e-13,4.170248536e-14,3.18024004e-13,1.320705809e-13,1.033514658e-14,1.336837343e-14,6.208666777e-14,5.552316005e-14,7.771106905e-14,4.577333507e-14,1.552620045e-13,5.949241129e-14,2.136602806e-14,9.49224653e-14,7.899733018e-14
18.6640625,2.193108849e-13,9.030157755e-14,1.011547408e-13,2.086344386e-13,1.814922083e-13,2.064597181e-13,7.921520428e-14,1.465858339e-13,2.929524043e-14,2.365720457e-13,3.56345063e-14,2.151779077e-14,9.727293552e-14,1.265337307e-13,2.39173848e-13,4.271943319e-13,2.993692161e-13,1.067902217e-13,4.210341606e-14,3.192012754e-13,1.326138173e-13,1.052003229e-14,1.337114206e-14,6.143799912e-14,5.583589941e-14,7.775566462e-14,4.587042899e-14,1.55100952e-13,5.879213319e-14,2.115240714e-14,9.582048239e-14,7.877668516e-14
18.671875,2.219683118e-13,9.137908469e-14,1.004612273e-13,2.100126213e-13,1.822447731e-13,2.076697582e-13,7.818424037e-14,1.471791544e-13,2.937132774e-14,2.346419792e-13,3.517878928e-14,2.153608681e-14,9.837723752e-14,1.284928035e-13,2.405328601e-13,4.323781395e-13,3.026159998e-13,1.069640777e-13,4.260363086e-14,3.203261901e-13,1.332042142e-13,1.072604904e-14,1.337390898e-14,6.070447416e-14,5.614536522e-14,7.780047172e-14,4.595743639e-14,1.550133462e-13,5.823550343e-14,2.093961477e-14,9.674180049e-14,7.852129459e-14
18.6796875,2.249961992e-13,9.241230065e-14,9.988524737e-14,2.114329792e-13,1.830745076e-13,2.090393947e-13,7.718217084e-14,1.478414451e-13,2.946953072e-14,2.327176826e-13,3.472496241e-14,2.159267549e-14,9.951530551e-14,1.307046725e-13,2.422191363e-13,4.378806856e-13,3.061066544e-13,1.071960159e-13,4.318209654e-14,3.214150045e-13,1.33813903e-13,1.095337148e-14,1.336759255e-14,5.99742915e-14,5.646697794e-14,7.786275998e-14,4.608419477e-14,1.550436839e-13,5.777824206e-14,2.073319904e-14,9.776950958e-14,7.828616663e-14
18.6875,2.282883829e-13,9.345437838e-14,9.936095219e-14,2.12954323e-13,1.839370996e-13,2.104077177e-13,7.617609585e-14,1.486354203e-13,2.960196544e-14,2.308345994e-13,3.42815408e-14,2.168847857e-14,1.007278611e-13,1.331326062e-13,2.443826969e-13,4.440570684e-13,3.099518205e-13,1.075454789e-13,4.382716053e-14,3.227053388e-13,1.343921764e-13,1.119226045e-14,1.336659046e-14,5.933309776e-14,5.683744338e-14,7.795922105e-14,4.631837967e-14,1.55120381e-13,5.739462134e-14,2.052577584e-14,9.888106986e-14,7.805264024e-14
18.6953125,2.316214157e-13,9.455538824e-14,9.883545823e-14,2.145915296e-13,1.847190589e-13,2.116720371e-13,7.51938602e-14,1.495376449e-13,2.973811538e-14,2.290370021e-13,3.3853756e-14,2.178095823e-14,1.020685917e-13,1.355968433e-13,2.468506088e-13,4.505264289e-13,3.13856593e-13,1.078723509e-13,4.456112019e-14,3.240445156e-13,1.349364574e-13,1.143916803e-14,1.339278589e-14,5.871289017e-14,5.726887001e-14,7.809311743e-14,4.655259036e-14,1.552493737e-13,5.709700823e-14,2.03170643e-14,9.997425086e-14,7.780657302e-14
18.703125,2.350385717e-13,9.568659091e-14,9.8294604e-14,2.162331544e-13,1.854771412e-13,2.12927236e-13,7.424612404e-14,1.504279879e-13,2.985815659e-14,2.272506526e-13,3.341771765e-14,2.18346376e-14,1.03446997e-13,1.38029102e-13,2.494397507e-13,4.569368677e-13,3.177389605e-13,1.081302242e-13,4.536726439e-14,3.252663503e-13,1.354713336e-13,1.16966802e-14,1.344113003e-14,5.805906465e-14,5.771519483e-14,7.824517744e-14,4.677155868e-14,1.554564262e-13,5.68985658e-14,2.011863227e-14,1.010335939e-13,7.75655175e-14
18.7109375,2.384250461e-13,9.693979408e-14,9.77518736e-14,2.178034529e-13,1.863087588e-13,2.141275491e-13,7.329995223e-14,1.512644115e-13,2.999054489e-14,2.25336924e-13,3.296313546e-14,2.187562238e-14,1.047696439e-13,1.404715185e-13,2.522217851e-13,4.635549401e-13,3.216035404e-13,1.084148895e-13,4.620908883e-14,3.266430174e-13,1.359857848e-13,1.196673341e-14,1.348495831e-14,5.739452569e-14,5.814571278e-14,7.840367031e-14,4.707927852e-14,1.556642559e-13,5.68093883e-14,1.993411078e-14,1.021437983e-13,7.731579843e-14
18.71875,2.416512953e-13,9.82583439e-14,9.72187815e-14,2.194084442e-13,1.871355908e-13,2.151824134e-13,7.236262488e-14,1.52154795e-13,3.015889406e-14,2.234177368e-13,3.252336175e-14,2.192880805e-14,1.061132119e-13,1.429545865e-13,2.551969522e-13,4.704040758e-13,3.253332414e-13,1.086652968e-13,4.707962429e-14,3.282156779e-13,1.36485921e-13,1.225121924e-14,1.351994685e-14,5.674334007e-14,5.858814938e-14,7.855844936e-14,4.741360776e-14,1.558648324e-13,5.678097825e-14,1.976041466e-14,1.033307562e-13,7.704651384e-14
18.7265625,2.450079706e-13,9.955842964e-14,9.669658384e-14,2.210285468e-13,1.878812291e-13,2.162365492e-13,7.144574225e-14,1.531317567e-13,3.035177034e-14,2.216419866e-13,3.211680517e-14,2.199256807e-14,1.075119894e-13,1.455459106e-13,2.583131939e-13,4.772744902e-13,3.290630346e-13,1.088497894e-13,4.800350918e-14,3.294850325e-13,1.370045008e-13,1.255511497e-14,1.356701804e-14,5.612238895e-14,5.90543323e-14,7.869645052e-14,4.769189779e-14,1.561084189e-13,5.677594115e-14,1.959898626e-14,1.045551674e-13,7.677235934e-14
18.734375,2.486300205e-13,1.009980696e-13,9.615745734e-14,2.225010708e-13,1.885331741e-13,2.173675078e-13,7.051992917e-14,1.54065544e-13,3.054348671e-14,2.198595055e-13,3.170879859e-14,2.206992388e-14,1.088863732e-13,1.482521967e-13,2.616249486e-13,4.842714684e-13,3.329354956e-13,1.091320617e-13,4.900349617e-14,3.30324803e-13,1.375074633e-13,1.287331583e-14,1.363064118e-14,5.553049649e-14,5.952096491e-14,7.88313135e-14,4.799547981e-14,1.563505091e-13,5.685495874e-14,1.944487859e-14,1.057975043e-13,7.646597217e-14
18.7421875,2.523313088e-13,1.025439908e-13,9.557317461e-14,2.239193924e-13,1.891289088e-13,2.184622889e-13,6.958224502e-14,1.549356765e-13,3.072302954e-14,2.179795431e-13,3.126816299e-14,2.21457222e-14,1.102643069e-13,1.509714483e-13,2.651732249e-13,4.915374387e-13,3.368370323e-13,1.095574803e-13,5.007911656e-14,3.312183241e-13,1.379829893e-13,1.319729871e-14,1.369506639e-14,5.492812834e-14,6.000032317e-14,7.898500642e-14,4.836574125e-14,1.565943924e-13,5.705813088e-14,1.928911804e-14,1.070463867e-13,7.611084067e-14
18.75,2.562472363e-13,1.040403263e-13,9.498667598e-14,2.254246453e-13,1.898482244e-13,2.195273248e-13,6.866118219e-14,1.559116993e-13,3.091503227e-14,2.161058756e-13,3.081455256e-14,2.220793542e-14,1.117071574e-13,1.537236202e-13,2.690520322e-13,4.992039902e-13,3.408694533e-13,1.100637477e-13,5.12399551e-14,3.324197424e-13,1.385009352e-13,1.353293329e-14,1.376078296e-14,5.431104083e-14,6.053661006e-14,7.918097888e-14,4.876271401e-14,1.56902178e-13,5.737387948e-14,1.914110255e-14,1.083227648e-13,7.576674783e-14
18.7578125,2.60494377e-13,1.056421601e-13,9.445792702e-14,2.269381313e-13,1.907376812e-13,2.206284143e-13,6.77650661e-14,1.570603515e-13,3.114608716e-14,2.142582199e-13,3.039657533e-14,2.22719158e-14,1.131676189e-13,1.565989216e-13,2.732998773e-13,5.073851192e-13,3.451908047e-13,1.106743608e-13,5.249472883e-14,3.338384186e-13,1.390143947e-13,1.388269954e-14,1.384441673e-14,5.372943514e-14,6.113036503e-14,7.945234276e-14,4.918632908e-14,1.5727286e-13,5.782228548e-14,1.902052174e-14,1.096759855e-13,7.545432743e-14
18.765625,2.648012547e-13,1.073720039e-13,9.397652447e-14,2.285260262e-13,1.915776741e-13,2.217730327e-13,6.690121873e-14,1.582516807e-13,3.139054777e-14,2.124674662e-13,3.004369628e-14,2.232435381e-14,1.146665303e-13,1.595714029e-13,2.7772196e-13,5.158234049e-13,3.496127381e-13,1.11336312e-13,5.382096805e-14,3.35423951e-13,1.394323148e-13,1.424736808e-14,1.394472008e-14,5.316440049e-14,6.174376065e-14,7.976970305e-14,4.963815012e-14,1.57774178e-13,5.840832443e-14,1.892689729e-14,1.110579329e-13,7.513373237e-14
18.7734375,2.691909272e-13,1.090422781e-13,9.349713877e-14,2.302574061e-13,1.923371749e-13,2.230050121e-13,6.609367619e-14,1.594058491e-13,3.161352051e-14,2.107818639e-13,2.9737846e-14,2.236379275e-14,1.16276136e-13,1.626411799e-13,2.823105924e-13,5.243058351e-13,3.540445941e-13,1.119720012e-13,5.522429164e-14,3.369962408e-13,1.398878547e-13,1.46414084e-14,1.404839626e-14,5.254556248e-14,6.237512236e-14,8.005196259e-14,5.012368344e-14,1.584248978e-13,5.910030721e-14,1.88417212e-14,1.123812311e-13,7.481573455e-14
18.78125,2.738724269e-13,1.108280483e-13,9.300489288e-14,2.318493944e-13,1.931591671e-13,2.242635071e-13,6.535244519e-14,1.605762342e-13,3.183057959e-14,2.090748574e-13,2.945087317e-14,2.24480713e-14,1.179235918e-13,1.658256953e-13,2.87318838e-13,5.330641833e-13,3.585723406e-13,1.127059914e-13,5.672971393e-14,3.383122719e-13,1.405183459e-13,1.505374536e-14,1.416029536e-14,5.192230398e-14,6.305550956e-14,8.030686472e-14,5.064895142e-14,1.590252319e-13,5.988432143e-14,1.875537452e-14,1.137111326e-13,7.450537401e-14
18.7890625,2.786805154e-13,1.129314633e-13,9.254033064e-14,2.332549886e-13,1.939675459e-13,2.25431928e-13,6.465958448e-14,1.617790379e-13,3.205528108e-14,2.072913346e-13,2.918981816e-14,2.257913649e-14,1.195495947e-13,1.690632796e-13,2.927694279e-13,5.422961768e-13,3.631717617e-13,1.136651958e-13,5.831900836e-14,3.394874112e-13,1.412008486e-13,1.545503097e-14,1.428814035e-14,5.138733361e-14,6.378792731e-14,8.061075594e-14,5.117707315e-14,1.595564584e-13,6.078062804e-14,1.867006902e-14,1.151590308e-13,7.415134738e-14
18.796875,2.835939022e-13,1.151657525e-13,9.213054312e-14,2.347844337e-13,1.947213502e-13,2.265763157e-13,6.3986139e-14,1.6298923e-13,3.228024738e-14,2.055247999e-13,2.895643965e-14,2.270165577e-14,1.212176158e-13,1.724084075e-13,2.985612753e-13,5.520035123e-13,3.679653763e-13,1.147708507e-13,5.999440373e-14,3.407670368e-13,1.418117977e-13,1.586413995e-14,1.44212425e-14,5.089457797e-14,6.455392643e-14,8.096989461e-14,5.17457534e-14,1.602101014e-13,6.183841965e-14,1.859219182e-14,1.166971298e-13,7.37642536e-14
18.8046875,2.887523625e-13,1.174385753e-13,9.172587963e-14,2.363649267e-13,1.955481559e-13,2.277306411e-13,6.331929505e-14,1.64258566e-13,3.253104147e-14,2.037281149e-13,2.87300589e-14,2.282332205e-14,1.229263215e-13,1.759186485e-13,3.046669148e-13,5.62117613e-13,3.730104306e-13,1.158827008e-13,6.177784794e-14,3.420948095e-13,1.424150201e-13,1.630911643e-14,1.455836458e-14,5.037838299e-14,6.534713707e-14,8.134703961e-14,5.242331883e-14,1.608995351e-13,6.306816832e-14,1.853618925e-14,1.182777257e-13,7.340057378e-14
18.8125,2.938868383e-13,1.198579786e-13,9.134902126e-14,2.377900524e-13,1.963728682e-13,2.288549916e-13,6.268395399e-14,1.656093566e-13,3.280695439e-14,2.01871368e-13,2.852519937e-14,2.295902636e-14,1.246686864e-13,1.794596422e-13,3.109863455e-13,5.724288103e-13,3.779849421e-13,1.169833013e-13,6.363899273e-14,3.432893207e-13,1.430879432e-13,1.677221392e-14,1.472065472e-14,4.985297361e-14,6.617368742e-14,8.174369042e-14,5.311895693e-14,1.614817648e-13,6.443973892e-14,1.850587864e-14,1.199262358e-13,7.305509098e-14
18.8203125,2.98953684e-13,1.223544321e-13,9.111283803e-14,2.392269479e-13,1.970944466e-13,2.300817967e-13,6.21210893e-14,1.669629921e-13,3.304696787e-14,2.000807899e-13,2.836532097e-14,2.308614938e-14,1.265269505e-13,1.830746838e-13,3.175829744e-13,5.828893445e-13,3.828863247e-13,1.18215031e-13,6.5581237e-14,3.444185421e-13,1.438274878e-13,1.72463913e-14,1.491785531e-14,4.930169964e-14,6.70553966e-14,8.217066421e-14,5.377457317e-14,1.62081197e-13,6.596094001e-14,1.848664971e-14,1.216346548e-13,7.270545212e-14
18.828125,3.043924557e-13,1.248004493e-13,9.094329122e-14,2.407304319e-13,1.978395839e-13,2.314398131e-13,6.162734328e-14,1.683109837e-13,3.325774427e-14,1.98341634e-13,2.821912123e-14,2.322401737e-14,1.284675352e-13,1.869475e-13,3.246379575e-13,5.937147388e-13,3.881102691e-13,1.1966441e-13,6.764404911e-14,3.457780577e-13,1.44593078e-13,1.774199204e-14,1.513537029e-14,4.875460063e-14,6.800583535e-14,8.262874763e-14,5.450855728e-14,1.627172137e-13,6.75829972e-14,1.848106646e-14,1.233920721e-13,7.234031443e-14
18.8359375,3.101658081e-13,1.272509877e-13,9.06745021e-14,2.421525549e-13,1.986013264e-13,2.327621135e-13,6.116255805e-14,1.696943136e-13,3.349931356e-14,1.965640545e-13,2.804404131e-14,2.338672466e-14,1.303808516e-13,1.909092254e-13,3.319761276e-13,6.049150419e-13,3.936153294e-13,1.211927231e-13,6.97714825e-14,3.474163444e-13,1.453506445e-13,1.824013112e-14,1.53563119e-14,4.833359352e-14,6.899672285e-14,8.312138897e-14,5.533055906e-14,1.632747231e-13,6.922955988e-14,1.849759686e-14,1.25224508e-13,7.193843439e-14
18.84375,3.159920263e-13,1.298079115e-13,9.037964015e-14,2.435029468e-13,1.992608855e-13,2.340855729e-13,6.073047709e-14,1.710533196e-13,3.375000005e-14,1.94805179e-13,2.783843141e-14,2.353953592e-14,1.32300876e-13,1.948069152e-13,3.393973181e-13,6.162807266e-13,3.991409715e-13,1.227148003e-13,7.191219099e-14,3.489761555e-13,1.461101752e-13,1.873838597e-14,1.557823827e-14,4.800909275e-14,6.999899595e-14,8.361633007e-14,5.613350207e-14,1.638114336e-13,7.101719536e-14,1.851492713e-14,1.270598345e-13,7.152132257e-14
18.8515625,3.220983292e-13,1.324561133e-13,9.015933388e-14,2.448165426e-13,1.999067486e-13,2.355113849e-13,6.036141782e-14,1.723634864e-13,3.397167273e-14,1.93079787e-13,2.765029663e-14,2.36840692e-14,1.343012478e-13,1.988873571e-13,3.470855219e-13,6.277297289e-13,4.047770713e-13,1.243316966e-13,7.413758137e-14,3.503224815e-13,1.468935322e-13,1.926873837e-14,1.581427825e-14,4.765552794e-14,7.101686208e-14,8.407213678e-14,5.694268148e-14,1.644058264e-13,7.303069249e-14,1.852977534e-14,1.288154831e-13,7.111790108e-14
18.859375,3.28554714e-13,1.351677675e-13,8.991696407e-14,2.462227793e-13,2.00579448e-13,2.370016823e-13,6.00387519e-14,1.73705514e-13,3.418073445e-14,1.913326076e-13,2.755654262e-14,2.383738489e-14,1.364082389e-13,2.032173058e-13,3.551801482e-13,6.393791069e-13,4.106311827e-13,1.260544859e-13,7.649210488e-14,3.517304703e-13,1.477102192e-13,1.983242393e-14,1.607435353e-14,4.731182903e-14,7.206064346e-14,8.4540203e-14,5.780345609e-14,1.650546991e-13,7.509991097e-14,1.857556683e-14,1.305885141e-13,7.070670857e-14
18.8671875,3.35031486e-13,1.380003559e-13,8.963959512e-14,2.478494673e-13,2.01180367e-13,2.386050597e-13,5.974825205e-14,1.750953105e-13,3.437733664e-14,1.896038254e-13,2.755096081e-14,2.398246603e-14,1.38630703e-13,2.075723885e-13,3.636084648e-13,6.514464982e-13,4.16661093e-13,1.278656404e-13,7.892134497e-14,3.532346488e-13,1.485730662e-13,2.040605728e-14,1.634375307e-14,4.701258841e-14,7.314741334e-14,8.509674351e-14,5.868346266e-14,1.657367624e-13,7.718382102e-14,1.864983048e-14,1.324543954e-13,7.030852019e-14
18.875,3.416233997e-13,1.409380457e-13,8.944560004e-14,2.493419436e-13,2.017518587e-13,2.403220362e-13,5.951570701e-14,1.765013967e-13,3.456346022e-14,1.879108471e-13,2.753471338e-14,2.412493161e-14,1.408707154e-13,2.119767082e-13,3.723518465e-13,6.639592946e-13,4.228803295e-13,1.298816274e-13,8.14062666e-14,3.546377814e-13,1.494598208e-13,2.098463983e-14,1.660228388e-14,4.666939854e-14,7.429029575e-14,8.567998769e-14,5.960865373e-14,1.663615542e-13,7.944458257e-14,1.872192323e-14,1.343213395e-13,6.996277443e-14
18.8828125,3.486184958e-13,1.439262174e-13,8.93407666e-14,2.505439186e-13,2.023145501e-13,2.420787249e-13,5.935053861e-14,1.779192505e-13,3.474993539e-14,1.862224179e-13,2.750789946e-14,2.42680263e-14,1.430691379e-13,2.165684199e-13,3.814530233e-13,6.766856728e-13,4.292684099e-13,1.320759236e-13,8.401042642e-14,3.560081259e-13,1.503341907e-13,2.157285005e-14,1.685890501e-14,4.63057961e-14,7.546283697e-14,8.61785021e-14,6.059956403e-14,1.669836732e-13,8.187240069e-14,1.879681783e-14,1.361650477e-13,6.960007479e-14
18.890625,3.5581471e-13,1.470494483e-13,8.926164847e-14,2.520359017e-13,2.027686486e-13,2.440333818e-13,5.92660897e-14,1.793293941e-13,3.489698496e-14,1.846011873e-13,2.756183339e-14,2.437516375e-14,1.453691552e-13,2.212769473e-13,3.909797479e-13,6.895897465e-13,4.357768588e-13,1.342678914e-13,8.675874525e-14,3.574529498e-13,1.512098035e-13,2.217630808e-14,1.713925274e-14,4.601188174e-14,7.665246947e-14,8.662902396e-14,6.161203706e-14,1.677964498e-13,8.438162602e-14,1.888534811e-14,1.380296748e-13,6.916802103e-14
18.8984375,3.630079097e-13,1.502173118e-13,8.916210273e-14,2.539198005e-13,2.03185259e-13,2.462355711e-13,5.928849917e-14,1.807816158e-13,3.501085572e-14,1.830711619e-13,2.76793408e-14,2.444856442e-14,1.477992598e-13,2.259968041e-13,4.00915426e-13,7.028965532e-13,4.424831608e-13,1.364819245e-13,8.955182407e-14,3.589416254e-13,1.520820716e-13,2.279159694e-14,1.74514535e-14,4.576093669e-14,7.790233045e-14,8.713741737e-14,6.26609217e-14,1.686641678e-13,8.697313142e-14,1.897006946e-14,1.398358413e-13,6.875456756e-14
18.90625,3.704005489e-13,1.531489367e-13,8.901120246e-14,2.555875345e-13,2.036936019e-13,2.484400516e-13,5.938815578e-14,1.823558925e-13,3.517036363e-14,1.81530195e-13,2.780182962e-14,2.451952289e-14,1.50175067e-13,2.306957967e-13,4.110307895e-13,7.166149234e-13,4.494750233e-13,1.388648495e-13,9.230171446e-14,3.605644884e-13,1.529137154e-13,2.34051666e-14,1.77883464e-14,4.552040936e-14,7.922375225e-14,8.769409135e-14,6.377015853e-14,1.693511381e-13,8.960972388e-14,1.904626521e-14,1.415245081e-13,6.840963982e-14
18.9140625,3.78049541e-13,1.56006947e-13,8.890204784e-14,2.56965715e-13,2.04273472e-13,2.506573722e-13,5.952805146e-14,1.839559966e-13,3.536139597e-14,1.799664624e-13,2.796598988e-14,2.458198393e-14,1.524686859e-13,2.354362744e-13,4.211828392e-13,7.304643072e-13,4.566649898e-13,1.414165003e-13,9.507733657e-14,3.62348596e-13,1.537444195e-13,2.403189899e-14,1.8138551e-14,4.528413466e-14,8.056083321e-14,8.823063623e-14,6.4919982e-14,1.70033992e-13,9.235110785e-14,1.913927457e-14,1.431888233e-13,6.805602156e-14
18.921875,3.857103466e-13,1.590967576e-13,8.895444409e-14,2.58361187e-13,2.049207098e-13,2.530633522e-13,5.971791116e-14,1.8545735e-13,3.551146566e-14,1.784625798e-13,2.818613863e-14,2.46404651e-14,1.548001705e-13,2.403739346e-13,4.31484861e-13,7.442412891e-13,4.638837074e-13,1.440705133e-13,9.796237625e-14,3.641215918e-13,1.546495626e-13,2.469695719e-14,1.847826864e-14,4.501925203e-14,8.188149549e-14,8.874121919e-14,6.614983916e-14,1.708783218e-13,9.533309314e-14,1.926132324e-14,1.449111087e-13,6.764249543e-14
18.9296875,3.934560513e-13,1.621549909e-13,8.909066368e-14,2.597724197e-13,2.056040072e-13,2.556194174e-13,5.995710157e-14,1.869105582e-13,3.562319441e-14,1.769910069e-13,2.840739447e-14,2.471050615e-14,1.571772737e-13,2.4551493e-13,4.420160704e-13,7.5801712e-13,4.711991665e-13,1.468083933e-13,1.009227619e-13,3.658435408e-13,1.556236722e-13,2.538061195e-14,1.879501086e-14,4.477933634e-14,8.320728132e-14,8.922335383e-14,6.746383939e-14,1.71723088e-13,9.843201324e-14,1.938530491e-14,1.466619778e-13,6.719305909e-14
18.9375,4.016879685e-13,1.649982441e-13,8.919619073e-14,2.611909549e-13,2.062110467e-13,2.583306792e-13,6.025237928e-14,1.883633616e-13,3.571465882e-14,1.754983619e-13,2.862957351e-14,2.477114006e-14,1.595517516e-13,2.507371154e-13,4.527550482e-13,7.719204167e-13,4.788136715e-13,1.496407885e-13,1.039346228e-13,3.675284957e-13,1.566206307e-13,2.606316771e-14,1.911854746e-14,4.464153547e-14,8.454956994e-14,8.964402356e-14,6.876799011e-14,1.725343311e-13,1.014778394e-13,1.949136221e-14,1.483668644e-13,6.673991824e-14
18.9453125,4.103509348e-13,1.679401616e-13,8.932362223e-14,2.625164159e-13,2.068007493e-13,2.612051124e-13,6.062254559e-14,1.897820886e-13,3.579651217e-14,1.74027081e-13,2.889558272e-14,2.483067496e-14,1.619094851e-13,2.560550601e-13,4.636664565e-13,7.858330721e-13,4.865315046e-13,1.525864768e-13,1.070257757e-13,3.69052692e-13,1.576274889e-13,2.677116554e-14,1.947533676e-14,4.452315635e-14,8.590116955e-14,9.004748333e-14,7.008353317e-14,1.734027535e-13,1.045823784e-13,1.960675443e-14,1.50032086e-13,6.631949939e-14
18.953125,4.18984069e-13,1.709804146e-13,8.952784023e-14,2.635105574e-13,2.074612698e-13,2.641060738e-13,6.102805489e-14,1.911624112e-13,3.589045338e-14,1.725774652e-13,2.921800363e-14,2.492643588e-14,1.642695415e-13,2.614855511e-13,4.746177443e-13,7.995614454e-13,4.940216339e-13,1.556313515e-13,1.101664566e-13,3.704636521e-13,1.586651496e-13,2.751909344e-14,1.984997657e-14,4.431788281e-14,8.726989848e-14,9.051196126e-14,7.151903576e-14,1.74241109e-13,1.078489499e-13,1.975491902e-14,1.517610754e-13,6.595439989e-14
18.9609375,4.276104715e-13,1.739595347e-13,8.975370022e-14,2.644309894e-13,2.08054943e-13,2.670889309e-13,6.144587148e-14,1.924948588e-13,3.595945955e-14,1.711269754e-13,2.960081107e-14,2.502658756e-14,1.666853956e-13,2.669437167e-13,4.855100131e-13,8.131866719e-13,5.014990242e-13,1.5874479e-13,1.133089093e-13,3.720273919e-13,1.597503884e-13,2.828547059e-14,2.023465611e-14,4.408796786e-14,8.864542294e-14,9.09959885e-14,7.305871509e-14,1.750671105e-13,1.112257013e-13,1.992504772e-14,1.535456449e-13,6.56163332e-14
18.96875,4.365544289e-13,1.771804564e-13,8.998958688e-14,2.656518e-13,2.085680479e-13,2.702513387e-13,6.19224939e-14,1.937844427e-13,3.598105418e-14,1.69750937e-13,3.003342928e-14,2.510047397e-14,1.691407607e-13,2.724733771e-13,4.964853906e-13,8.269432297e-13,5.092904998e-13,1.619390734e-13,1.164808679e-13,3.738924164e-13,1.608462527e-13,2.9060838e-14,2.063916494e-14,4.395546456e-14,8.999348283e-14,9.14420391e-14,7.466419021e-14,1.760602187e-13,1.147192582e-13,2.01152224e-14,1.552842394e-13,6.527649038e-14
18.9765625,4.456397629e-13,1.806363108e-13,9.032467565e-14,2.66904801e-13,2.091873342e-13,2.734787095e-13,6.246124289e-14,1.950906224e-13,3.602435819e-14,1.684437782e-13,3.04743814e-14,2.52002033e-14,1.715709215e-13,2.78161995e-13,5.07744395e-13,8.409056954e-13,5.172718083e-13,1.65240792e-13,1.197240532e-13,3.759721055e-13,1.618959449e-13,2.984908365e-14,2.104155676e-14,4.392421303e-14,9.133816214e-14,9.191591541e-14,7.635963444e-14,1.771222344e-13,1.183477063e-13,2.033073413e-14,1.570553021e-13,6.494350417e-14
18.984375,4.546251873e-13,1.838365242e-13,9.079401144e-14,2.678832715e-13,2.09828576e-13,2.768390031e-13,6.30339768e-14,1.963904634e-13,3.609729374e-14,1.670790327e-13,3.09210129e-14,2.532755286e-14,1.740049231e-13,2.839184027e-13,5.192792497e-13,8.549395417e-13,5.253128337e-13,1.686583393e-13,1.230061516e-13,3.779847867e-13,1.628943071e-13,3.064415426e-14,2.14217538e-14,4.39048586e-14,9.272601704e-14,9.244351594e-14,7.810349111e-14,1.780488019e-13,1.220556665e-13,2.056177741e-14,1.589322387e-13,6.461311534e-14
18.9921875,4.637707104e-13,1.869049483e-13,9.127420579e-14,2.687738334e-13,2.102901272e-13,2.804743619e-13,6.365651509e-14,1.976059076e-13,3.613050911e-14,1.656564326e-13,3.142000512e-14,2.540843468e-14,1.764627581e-13,2.896574048e-13,5.30914238e-13,8.688407935e-13,5.334344533e-13,1.721725644e-13,1.262655132e-13,3.797620493e-13,1.638527298e-13,3.144610429e-14,2.180447398e-14,4.387931532e-14,9.411088431e-14,9.292586375e-14,7.984930884e-14,1.789345347e-13,1.25800523e-13,2.07992848e-14,1.607418843e-13,6.426458957e-14
19,4.732083911e-13,1.902121197e-13,9.164582197e-14,2.697242348e-13,2.107210921e-13,2.841949084e-13,6.434129129e-14,1.987536549e-13,3.612930448e-14,1.64246869e-13,3.197209378e-14,2.546614782e-14,1.788780671e-13,2.954576673e-13,5.42516539e-13,8.82486341e-13,5.415027668e-13,1.757324116e-13,1.294983099e-13,3.815415843e-13,1.647928015e-13,3.226339267e-14,2.219947607e-14,4.390830614e-14,9.544670662e-14,9.33220412e-14,8.163964523e-14,1.798351215e-13,1.295539121e-13,2.103429731e-14,1.624481178e-13,6.390619556e-14
19.0078125,4.826875694e-13,1.934285213e-13,9.202865482e-14,2.70629414e-13,2.113223535e-13,2.879105535e-13,6.509953773e-14,1.998459924e-13,3.612054142e-14,1.628641058e-13,3.254691062e-14,2.559394327e-14,1.812543162e-13,3.014146845e-13,5.541497353e-13,8.959189169e-13,5.495109219e-13,1.793508518e-13,1.327455439e-13,3.8351092e-13,1.658180008e-13,3.309243562e-14,2.258152798e-14,4.396891877e-14,9.679582582e-14,9.369407468e-14,8.349150576e-14,1.806211465e-13,1.333628592e-13,2.127515174e-14,1.642649404e-13,6.355045669e-14
19.015625,4.922238208e-13,1.963535373e-13,9.26403245e-14,2.714524482e-13,2.120118874e-13,2.918573019e-13,6.595446438e-14,2.00819737e-13,3.608273473e-14,1.615767015e-13,3.317839823e-14,2.578264104e-14,1.836538865e-13,3.07559055e-13,5.659863595e-13,9.093217363e-13,5.576952207e-13,1.831237316e-13,1.360450931e-13,3.855204255e-13,1.670092538e-13,3.393728524e-14,2.295715518e-14,4.398701252e-14,9.819449532e-14,9.409821958e-14,8.539905542e-14,1.814313607e-13,1.373954109e-13,2.155534653e-14,1.662032587e-13,6.320292427e-14
19.0234375,5.020860921e-13,1.994057744e-13,9.34412263e-14,2.722307133e-13,2.127188428e-13,2.961093802e-13,6.689046049e-14,2.016597393e-13,3.602177101e-14,1.604056844e-13,3.389914604e-14,2.596481018e-14,1.860911989e-13,3.139055974e-13,5.780452616e-13,9.227899121e-13,5.660631608e-13,1.870741277e-13,1.394183451e-13,3.875571545e-13,1.682765086e-13,3.482331754e-14,2.336182991e-14,4.398462854e-14,9.96010348e-14,9.455456585e-14,8.741329202e-14,1.824604011e-13,1.417046206e-13,2.186388769e-14,1.681338813e-13,6.28973586e-14
19.03125,5.122329008e-13,2.026780975e-13,9.425909743e-14,2.729115533e-13,2.134671422e-13,3.005371972e-13,6.7903045e-14,2.024158462e-13,3.594539832e-14,1.592534361e-13,3.467065855e-14,2.613388742e-14,1.885926009e-13,3.204526959e-13,5.902696952e-13,9.362462296e-13,5.744761645e-13,1.911587135e-13,1.428401598e-13,3.896618727e-13,1.695093152e-13,3.574520486e-14,2.379540952e-14,4.401246179e-14,1.010257993e-13,9.503200183e-14,8.953940249e-14,1.835131381e-13,1.461736746e-13,2.215829619e-14,1.701022258e-13,6.263572335e-14
19.0390625,5.224044206e-13,2.058901722e-13,9.516943008e-14,2.734609008e-13,2.141478654e-13,3.051329608e-13,6.901763142e-14,2.031346477e-13,3.582757389e-14,1.581543587e-13,3.548690852e-14,2.630225259e-14,1.911870576e-13,3.271399411e-13,6.027893579e-13,9.497664693e-13,5.830522958e-13,1.953832098e-13,1.462656986e-13,3.916209721e-13,1.707423703e-13,3.665989336e-14,2.422443622e-14,4.406698801e-14,1.024969269e-13,9.548023038e-14,9.171169304e-14,1.844809461e-13,1.50785338e-13,2.245398316e-14,1.721004307e-13,6.23477494e-14
19.046875,5.325797226e-13,2.089914852e-13,9.630993439e-14,2.739835841e-13,2.146953872e-13,3.099782113e-13,7.020432443e-14,2.038100255e-13,3.568322452e-14,1.57180634e-13,3.637341413e-14,2.64577533e-14,1.93832925e-13,3.338945667e-13,6.155631928e-13,9.63413984e-13,5.918899357e-13,1.997246477e-13,1.496940623e-13,3.934764405e-13,1.720183863e-13,3.756668586e-14,2.463705073e-14,4.41462318e-14,1.039661595e-13,9.590592883e-14,9.392510758e-14,1.855537423e-13,1.55585293e-13,2.278078953e-14,1.740288262e-13,6.201151757e-14
19.0546875,5.429337608e-13,2.119672173e-13,9.754599134e-14,2.745086973e-13,2.152709217e-13,3.150240902e-13,7.142956749e-14,2.043563145e-13,3.554095429e-14,1.562182601e-13,3.728900929e-14,2.661289048e-14,1.964697769e-13,3.407207084e-13,6.281191495e-13,9.767455259e-13,6.007668772e-13,2.041118427e-13,1.531037175e-13,3.955047168e-13,1.732936906e-13,3.850261192e-14,2.505600303e-14,4.424890887e-14,1.053940872e-13,9.631500362e-14,9.622764399e-14,1.866496715e-13,1.604723833e-13,2.312638651e-14,1.759984416e-13,6.168425004e-14
19.0625,5.53377027e-13,2.147135605e-13,9.87368829e-14,2.748703849e-13,2.159661063e-13,3.200402463e-13,7.27117053e-14,2.0473474e-13,3.538363333e-14,1.552382003e-13,3.820959065e-14,2.679943144e-14,1.990350982e-13,3.475901238e-13,6.402409943e-13,9.893851071e-13,6.094459776e-13,2.085401307e-13,1.564226774e-13,3.975470592e-13,1.745460575e-13,3.945593162e-14,2.549217856e-14,4.435018614e-14,1.067930897e-13,9.666406953e-14,9.862686472e-14,1.875443942e-13,1.653579678e-13,2.348212321e-14,1.780863693e-13,6.137434723e-14
19.0703125,5.635621538e-13,2.172157026e-13,9.997637827e-14,2.750265628e-13,2.16662196e-13,3.248946849e-13,7.403005725e-14,2.050336562e-13,3.520818622e-14,1.543647941e-13,3.918182995e-14,2.700318774e-14,2.014686698e-13,3.543484563e-13,6.521687384e-13,1.00157851e-12,6.179288166e-13,2.130205409e-13,1.596415539e-13,3.99361093e-13,1.757842646e-13,4.039048141e-14,2.592640507e-14,4.44276961e-14,1.081614399e-13,9.696289775e-14,1.011000378e-13,1.883676371e-13,1.703093906e-13,2.38528125e-14,1.800881628e-13,6.104824318e-14
19.078125,5.7350263e-13,2.195768972e-13,1.013409717e-13,2.751566767e-13,2.172885522e-13,3.297806658e-13,7.534289656e-14,2.05306852e-13,3.503307784e-14,1.535633404e-13,4.02250454e-14,2.718429279e-14,2.038257571e-13,3.609755054e-13,6.639910245e-13,1.013622817e-12,6.264267702e-13,2.175581885e-13,1.628130272e-13,4.011441297e-13,1.769960288e-13,4.131589547e-14,2.636035093e-14,4.448531416e-14,1.095052147e-13,9.729926594e-14,1.036553583e-13,1.893065164e-13,1.753913042e-13,2.425052445e-14,1.819443751e-13,6.072669144e-14
19.0859375,5.835412736e-13,2.220722231e-13,1.027999316e-13,2.753213039e-13,2.179168118e-13,3.34888287e-13,7.666139157e-14,2.055044244e-13,3.485111927e-14,1.527391828e-13,4.134041901e-14,2.735207395e-14,2.062184549e-13,3.676462415e-13,6.757047488e-13,1.025615068e-12,6.351992529e-13,2.222174559e-13,1.659574006e-13,4.031344802e-13,1.781914886e-13,4.225584953e-14,2.682452606e-14,4.458050078e-14,1.10852007e-13,9.772304151e-14,1.063644587e-13,1.903327304e-13,1.806196733e-13,2.469048478e-14,1.838341343e-13,6.044303682e-14
19.09375,5.935924344e-13,2.247398043e-13,1.043411242e-13,2.753986676e-13,2.185804623e-13,3.400911875e-13,7.797997762e-14,2.055532973e-13,3.46494184e-14,1.519475042e-13,4.252765837e-14,2.753882165e-14,2.085980014e-13,3.743236565e-13,6.871877218e-13,1.037272823e-12,6.440543689e-13,2.269478899e-13,1.690376018e-13,4.053193091e-13,1.793920384e-13,4.320881691e-14,2.731598736e-14,4.474469936e-14,1.121635943e-13,9.81570568e-14,1.092678813e-13,1.914008708e-13,1.859836445e-13,2.514014894e-14,1.857393886e-13,6.017502553e-14
19.1015625,6.033577418e-13,2.271910747e-13,1.05906259e-13,2.753333109e-13,2.191803731e-13,3.452064833e-13,7.925562273e-14,2.053829007e-13,3.441007113e-14,1.512299976e-13,4.374204046e-14,2.773677578e-14,2.108475826e-13,3.8079835e-13,6.978568146e-13,1.047667319e-12,6.523328998e-13,2.315548988e-13,1.719906582e-13,4.074843649e-13,1.805809994e-13,4.416425016e-14,2.780148995e-14,4.489032276e-14,1.133502994e-13,9.846390284e-14,1.122359014e-13,1.92486548e-13,1.913561268e-13,2.556806909e-14,1.875662024e-13,5.98766265e-14
19.109375,6.130886001e-13,2.294607957e-13,1.074346119e-13,2.751823037e-13,2.196659367e-13,3.502860928e-13,8.048821756e-14,2.050230212e-13,3.411838368e-14,1.505516804e-13,4.496760639e-14,2.793801971e-14,2.130271897e-13,3.871702203e-13,7.076557991e-13,1.056658315e-12,6.599313079e-13,2.360367316e-13,1.748508787e-13,4.094451428e-13,1.81736898e-13,4.511838631e-14,2.827501564e-14,4.497261947e-14,1.144060692e-13,9.865595302e-14,1.151320528e-13,1.936053399e-13,1.96636608e-13,2.602007905e-14,1.894551038e-13,5.954447244e-14
19.1171875,6.230447848e-13,2.318736741e-13,1.090431021e-13,2.749717031e-13,2.202042973e-13,3.555062278e-13,8.172079896e-14,2.04608364e-13,3.38218357e-14,1.499181544e-13,4.622542997e-14,2.816185562e-14,2.15227745e-13,3.936765445e-13,7.174642959e-13,1.065516284e-12,6.674890284e-13,2.405796792e-13,1.777324176e-13,4.114595268e-13,1.82835835e-13,4.608724436e-14,2.874866522e-14,4.50847994e-14,1.154185692e-13,9.890472121e-14,1.180838434e-13,1.948370568e-13,2.019677649e-13,2.652311042e-14,1.914703873e-13,5.924214575e-14
19.125,6.32804325e-13,2.3410329e-13,1.108680211e-13,2.74654942e-13,2.208605105e-13,3.609003883e-13,8.298585657e-14,2.041438714e-13,3.356678998e-14,1.493484983e-13,4.749964029e-14,2.839807682e-14,2.173567107e-13,4.001946805e-13,7.274690561e-13,1.074653263e-12,6.752549047e-13,2.452514929e-13,1.805688228e-13,4.13760676e-13,1.838360655e-13,4.707874782e-14,2.922000703e-14,4.526382152e-14,1.164357575e-13,9.924803031e-14,1.2127827e-13,1.961311329e-13,2.075230007e-13,2.703840375e-14,1.934430489e-13,5.901300402e-14
19.1328125,6.42086682e-13,2.359418022e-13,1.128014055e-13,2.742394674e-13,2.213560253e-13,3.663016119e-13,8.427095301e-14,2.03539386e-13,3.330787592e-14,1.488248078e-13,4.881095901e-14,2.861435502e-14,2.193518317e-13,4.064843273e-13,7.370137188e-13,1.08324025e-12,6.829982713e-13,2.500211931e-13,1.831957798e-13,4.159847956e-13,1.847470421e-13,4.805209686e-14,2.968261462e-14,4.548089646e-14,1.174220937e-13,9.953855861e-14,1.24637094e-13,1.973536688e-13,2.132343134e-13,2.755466056e-14,1.953292257e-13,5.879297029e-14
19.140625,6.51353469e-13,2.37849379e-13,1.146653059e-13,2.737979297e-13,2.216251774e-13,3.716041618e-13,8.553920241e-14,2.028409093e-13,3.30100887e-14,1.483292212e-13,5.020540554e-14,2.881433644e-14,2.213373977e-13,4.126675784e-13,7.460928488e-13,1.091311699e-12,6.908096591e-13,2.548864855e-13,1.856923691e-13,4.180029685e-13,1.856466045e-13,4.898721164e-14,3.013963313e-14,4.576571434e-14,1.183590882e-13,9.973378724e-14,1.280399633e-13,1.985146896e-13,2.189499793e-13,2.80806909e-14,1.972421917e-13,5.851833585e-14
19.1484375,6.609088001e-13,2.398259216e-13,1.165424047e-13,2.733138059e-13,2.22009728e-13,3.769282593e-13,8.680814217e-14,2.021004094e-13,3.271369859e-14,1.478794329e-13,5.163728134e-14,2.902964038e-14,2.234007975e-13,4.189921433e-13,7.551038992e-13,1.099478598e-12,6.988492353e-13,2.598921789e-13,1.882147089e-13,4.202119285e-13,1.865630008e-13,4.993405214e-14,3.06004841e-14,4.60842407e-14,1.192985983e-13,9.995493803e-14,1.315969028e-13,1.996879116e-13,2.24707417e-13,2.861030213e-14,1.992123516e-13,5.823899524e-14
19.15625,6.703886089e-13,2.415777745e-13,1.186034792e-13,2.727914269e-13,2.224819072e-13,3.82363056e-13,8.811473966e-14,2.012556293e-13,3.24144101e-14,1.475014353e-13,5.3077588e-14,2.928222071e-14,2.2552725e-13,4.253478339e-13,7.639990987e-13,1.107646907e-12,7.06963664e-13,2.65110716e-13,1.907011887e-13,4.225651978e-13,1.874037823e-13,5.09055758e-14,3.106308375e-14,4.632917345e-14,1.202782514e-13,1.002638211e-13,1.354116024e-13,2.009037196e-13,2.306532303e-13,2.915848004e-14,2.012443398e-13,5.800797498e-14
19.1640625,6.795260798e-13,2.434004134e-13,1.207536982e-13,2.723785901e-13,2.226821019e-13,3.877939135e-13,8.940918022e-14,2.003051309e-13,3.206416142e-14,1.471628656e-13,5.459723845e-14,2.956284371e-14,2.277088928e-13,4.314838022e-13,7.725849093e-13,1.115512538e-12,7.150208511e-13,2.704666478e-13,1.930652954e-13,4.247633929e-13,1.88089871e-13,5.18540363e-14,3.150712912e-14,4.651972685e-14,1.212477236e-13,1.005970249e-13,1.393939097e-13,2.021904052e-13,2.36737215e-13,2.973011676e-14,2.0338491e-13,5.779543315e-14
19.171875,6.885271085e-13,2.454179197e-13,1.229086166e-13,2.720782452e-13,2.227908611e-13,3.931886203e-13,9.06497807e-14,1.992931918e-13,3.169218275e-14,1.46833809e-13,5.622540573e-14,2.985402364e-14,2.298625196e-13,4.37538455e-13,7.808045481e-13,1.12290615e-12,7.229580888e-13,2.758082776e-13,1.953605795e-13,4.269273844e-13,1.886974606e-13,5.278598171e-14,3.193654358e-14,4.674153632e-14,1.221412027e-13,1.009034803e-13,1.434471954e-13,2.035537283e-13,2.427970738e-13,3.030020474e-14,2.056149245e-13,5.758336053e-14
19.1796875,6.974620755e-13,2.472500305e-13,1.252982863e-13,2.717049401e-13,2.23183744e-13,3.987031761e-13,9.190899573e-14,1.982011087e-13,3.134503933e-14,1.465812502e-13,5.791370125e-14,3.017538145e-14,2.318869629e-13,4.437834966e-13,7.888812895e-13,1.129901236e-12,7.308042992e-13,2.812506075e-13,1.976296459e-13,4.292099109e-13,1.893093892e-13,5.373469387e-14,3.238484498e-14,4.699387773e-14,1.229867557e-13,1.012221467e-13,1.476123395e-13,2.049571414e-13,2.489546228e-13,3.087461528e-14,2.078619826e-13,5.739806787e-14
19.1875,7.060140371e-13,2.487738671e-13,1.280068884e-13,2.712298907e-13,2.236234995e-13,4.042871598e-13,9.321672412e-14,1.970416968e-13,3.098750671e-14,1.464324192e-13,5.962626403e-14,3.053781911e-14,2.338590138e-13,4.500089778e-13,7.970708621e-13,1.136995695e-12,7.388355467e-13,2.869400641e-13,1.998108127e-13,4.316966181e-13,1.898551466e-13,5.466187619e-14,3.284532765e-14,4.726269735e-14,1.238538279e-13,1.016005325e-13,1.52013052e-13,2.063284907e-13,2.554123523e-13,3.147828143e-14,2.100718385e-13,5.723980313e-14
19.1953125,7.14051175e-13,2.501015965e-13,1.30779655e-13,2.707470468e-13,2.237383323e-13,4.097042155e-13,9.448118374e-14,1.958413473e-13,3.059306437e-14,1.462909343e-13,6.138001538e-14,3.089745994e-14,2.358455204e-13,4.558168861e-13,8.049408367e-13,1.144116461e-12,7.470969053e-13,2.926986852e-13,2.018025265e-13,4.344269111e-13,1.90272167e-13,5.553261476e-14,3.328215303e-14,4.757391515e-14,1.247158259e-13,1.020039977e-13,1.566616707e-13,2.076355405e-13,2.619911204e-13,3.210449631e-14,2.121963403e-13,5.708677503e-14
19.203125,7.218987768e-13,2.514417377e-13,1.335475077e-13,2.702809413e-13,2.236134053e-13,4.150674883e-13,9.566663474e-14,1.945348741e-13,3.019848905e-14,1.461458586e-13,6.321641509e-14,3.124530958e-14,2.377499282e-13,4.612889152e-13,8.120369311e-13,1.150549153e-12,7.552556986e-13,2.984311504e-13,2.036223215e-13,4.370163481e-13,1.905894657e-13,5.639860816e-14,3.370696661e-14,4.792795407e-14,1.254895378e-13,1.023757022e-13,1.613810211e-13,2.090080887e-13,2.685234142e-13,3.273152203e-14,2.142403352e-13,5.693386773e-14
19.2109375,7.297839081e-13,2.530933088e-13,1.364843215e-13,2.69854522e-13,2.234745993e-13,4.206195192e-13,9.68309635e-14,1.930584767e-13,2.980973154e-14,1.461033097e-13,6.511329965e-14,3.163930893e-14,2.395914332e-13,4.667881224e-13,8.188181959e-13,1.156404858e-12,7.63262923e-13,3.043487481e-13,2.054411201e-13,4.393226123e-13,1.90816734e-13,5.731002486e-14,3.414680746e-14,4.827122481e-14,1.261907125e-13,1.027520413e-13,1.66161219e-13,2.105564992e-13,2.752711176e-13,3.335544617e-14,2.163331538e-13,5.678910588e-14
19.21875,7.375251756e-13,2.54843669e-13,1.396520108e-13,2.694083662e-13,2.234412561e-13,4.261362071e-13,9.797608527e-14,1.914439883e-13,2.940432881e-14,1.461433344e-13,6.701174561e-14,3.209994804e-14,2.414974927e-13,4.724327968e-13,8.256286453e-13,1.162242077e-12,7.713142926e-13,3.105329201e-13,2.073113862e-13,4.418763183e-13,1.910154518e-13,5.823651011e-14,3.458854467e-14,4.856991098e-14,1.269036155e-13,1.032184001e-13,1.712477034e-13,2.121354026e-13,2.823516749e-13,3.400224404e-14,2.186173983e-13,5.66756757e-14
19.2265625,7.450111953e-13,2.562094383e-13,1.430233143e-13,2.687439728e-13,2.235769202e-13,4.313534007e-13,9.905015034e-14,1.897570659e-13,2.90110951e-14,1.46174586e-13,6.892907427e-14,3.259439695e-14,2.433977408e-13,4.781108039e-13,8.320748424e-13,1.167809357e-12,7.793178202e-13,3.168706714e-13,2.090800038e-13,4.447723557e-13,1.912613771e-13,5.913293759e-14,3.501737691e-14,4.890371406e-14,1.276307309e-13,1.037689292e-13,1.766037349e-13,2.136038969e-13,2.894788772e-13,3.469508911e-14,2.21062101e-13,5.660901429e-14
19.234375,7.523239999e-13,2.573188926e-13,1.465516077e-13,2.678843828e-13,2.238017915e-13,4.364463565e-13,1.000550355e-13,1.879939339e-13,2.865320652e-14,1.462743194e-13,7.090213728e-14,3.311161287e-14,2.452001746e-13,4.836548799e-13,8.379458774e-13,1.172728635e-12,7.871195366e-13,3.233368165e-13,2.106818356e-13,4.476189499e-13,1.914262823e-13,6.000496878e-14,3.543827065e-14,4.933178801e-14,1.283243522e-13,1.043402871e-13,1.819997116e-13,2.150953241e-13,2.966137597e-13,3.541360722e-14,2.235345254e-13,5.655606555e-14
19.2421875,7.592525652e-13,2.584260677e-13,1.501853876e-13,2.671356361e-13,2.239349221e-13,4.415358556e-13,1.010293985e-13,1.860966143e-13,2.829309415e-14,1.465205672e-13,7.292186225e-14,3.366622276e-14,2.470088101e-13,4.888894759e-13,8.432773716e-13,1.177167092e-12,7.948044075e-13,3.299193278e-13,2.12156654e-13,4.505058304e-13,1.914022024e-13,6.08616222e-14,3.585251901e-14,4.974316049e-14,1.289879905e-13,1.049371594e-13,1.875675216e-13,2.16739821e-13,3.039681882e-13,3.613354017e-14,2.260172145e-13,5.649306969e-14
19.25,7.655958358e-13,2.593227622e-13,1.539505437e-13,2.665396514e-13,2.239340143e-13,4.465002275e-13,1.019579758e-13,1.841161103e-13,2.79229226e-14,1.467765664e-13,7.496813499e-14,3.426066338e-14,2.488440602e-13,4.937984394e-13,8.479599662e-13,1.181255024e-12,8.024597821e-13,3.365073794e-13,2.13438224e-13,4.535992711e-13,1.913594386e-13,6.168644498e-14,3.625684216e-14,5.011468354e-14,1.296030071e-13,1.055587415e-13,1.934325534e-13,2.184192181e-13,3.11395099e-13,3.685608162e-14,2.285590135e-13,5.646386608e-14
19.2578125,7.718008911e-13,2.600324988e-13,1.578386265e-13,2.657860495e-13,2.239373622e-13,4.513605826e-13,1.027806439e-13,1.821613783e-13,2.758245089e-14,1.469754175e-13,7.700289954e-14,3.488581822e-14,2.506138188e-13,4.986111107e-13,8.52117988e-13,1.184983413e-12,8.100738127e-13,3.430737648e-13,2.145139927e-13,4.566879408e-13,1.913971301e-13,6.24980719e-14,3.664765606e-14,5.062001521e-14,1.301031214e-13,1.061486106e-13,1.994318596e-13,2.200501408e-13,3.187006856e-13,3.757697792e-14,2.311442853e-13,5.649030692e-14
19.265625,7.782435777e-13,2.609496513e-13,1.618220329e-13,2.648413484e-13,2.240073912e-13,4.562091156e-13,1.035068642e-13,1.801570541e-13,2.725689468e-14,1.472955614e-13,7.904191338e-14,3.553625313e-14,2.523971128e-13,5.034808815e-13,8.560421367e-13,1.188497611e-12,8.176634273e-13,3.497707793e-13,2.155347129e-13,4.596753426e-13,1.91356391e-13,6.332974091e-14,3.703998545e-14,5.123927297e-14,1.305275576e-13,1.067667573e-13,2.056426365e-13,2.218042284e-13,3.261528523e-13,3.830996734e-14,2.337801868e-13,5.652510286e-14
19.2734375,7.845371378e-13,2.620254192e-13,1.660106372e-13,2.640221284e-13,2.240067149e-13,4.610444203e-13,1.042121898e-13,1.779929485e-13,2.689710205e-14,1.478075984e-13,8.116766591e-14,3.620960582e-14,2.542931993e-13,5.082638116e-13,8.597529932e-13,1.191909929e-12,8.25286009e-13,3.567329107e-13,2.165262116e-13,4.626234915e-13,1.911456165e-13,6.415116868e-14,3.746655143e-14,5.178130381e-14,1.309939625e-13,1.075359687e-13,2.121811919e-13,2.237527273e-13,3.339383128e-13,3.908549022e-14,2.365058562e-13,5.655798702e-14
19.28125,7.90441335e-13,2.628678225e-13,1.704371786e-13,2.633835468e-13,2.239024243e-13,4.658670788e-13,1.048924766e-13,1.757740592e-13,2.65201996e-14,1.483433845e-13,8.334963893e-14,3.691511011e-14,2.562478739e-13,5.12861835e-13,8.632034115e-13,1.195246605e-12,8.330660728e-13,3.639495182e-13,2.173866579e-13,4.65676058e-13,1.908035298e-13,6.493452929e-14,3.790742961e-14,5.231061497e-14,1.315096687e-13,1.083960477e-13,2.18806932e-13,2.256530477e-13,3.418433284e-13,3.98742646e-14,2.392877001e-13,5.66275162e-14
19.2890625,7.96209301e-13,2.634902285e-13,1.749620525e-13,2.627301383e-13,2.238439689e-13,4.705863966e-13,1.054961036e-13,1.735982064e-13,2.617322798e-14,1.488027032e-13,8.552337073e-14,3.76712524e-14,2.582465458e-13,5.17356972e-13,8.664353646e-13,1.19863653e-12,8.411750407e-13,3.713991835e-13,2.181341762e-13,4.690636319e-13,1.903221363e-13,6.57060256e-14,3.830336938e-14,5.298245367e-14,1.320198027e-13,1.092267467e-13,2.255172497e-13,2.274072893e-13,3.498074468e-13,4.063373782e-14,2.420767084e-13,5.67211063e-14
19.296875,8.016918605e-13,2.642000321e-13,1.795578657e-13,2.620694554e-13,2.237664702e-13,4.750594101e-13,1.060585057e-13,1.713926066e-13,2.584829493e-14,1.4924328e-13,8.776947942e-14,3.84624669e-14,2.602785781e-13,5.216503626e-13,8.693775994e-13,1.202116306e-12,8.495656654e-13,3.79080515e-13,2.187754587e-13,4.726676383e-13,1.897165382e-13,6.645297611e-14,3.866145724e-14,5.372159462e-14,1.32525877e-13,1.100518927e-13,2.32557836e-13,2.292520474e-13,3.579598932e-13,4.140590582e-14,2.448858124e-13,5.679901962e-14
19.3046875,8.066360874e-13,2.651382579e-13,1.843384034e-13,2.61518242e-13,2.234933259e-13,4.793855562e-13,1.066079282e-13,1.691105003e-13,2.551189403e-14,1.497325744e-13,9.013220152e-14,3.92648142e-14,2.622704468e-13,5.256764705e-13,8.72018898e-13,1.205538878e-12,8.580096238e-13,3.869716589e-13,2.19256406e-13,4.762340236e-13,1.890727047e-13,6.715383038e-14,3.901986149e-14,5.44480246e-14,1.330291794e-13,1.109322195e-13,2.398321226e-13,2.31305271e-13,3.663121735e-13,4.223275484e-14,2.478180141e-13,5.686627616e-14
19.3125,8.114130249e-13,2.662574412e-13,1.894182242e-13,2.611384019e-13,2.231639757e-13,4.838009946e-13,1.07096544e-13,1.667954746e-13,2.516726246e-14,1.502934613e-13,9.255651153e-14,4.011610877e-14,2.643201061e-13,5.29767153e-13,8.746493664e-13,1.209017565e-12,8.665772876e-13,3.951623526e-13,2.197032071e-13,4.798916322e-13,1.883917076e-13,6.786571468e-14,3.937149613e-14,5.520281837e-14,1.335413145e-13,1.119146519e-13,2.472754579e-13,2.33464744e-13,3.749467937e-13,4.307385163e-14,2.510200659e-13,5.69471829e-14
19.3203125,8.162015782e-13,2.673374187e-13,1.948293878e-13,2.609935331e-13,2.229350104e-13,4.882971158e-13,1.075270719e-13,1.644984657e-13,2.483456924e-14,1.508937339e-13,9.504647971e-14,4.103803896e-14,2.665532708e-13,5.340143123e-13,8.774188513e-13,1.212819647e-12,8.754889147e-13,4.037044256e-13,2.202181052e-13,4.83726473e-13,1.875789579e-13,6.860028437e-14,3.972787801e-14,5.597847178e-14,1.341155485e-13,1.130465007e-13,2.550394208e-13,2.356896143e-13,3.838861171e-13,4.39060417e-14,2.544210723e-13,5.706664623e-14
19.328125,8.206290525e-13,2.682241074e-13,2.004461029e-13,2.609923558e-13,2.226645271e-13,4.926254719e-13,1.079238303e-13,1.622271779e-13,2.451079051e-14,1.514999844e-13,9.757208601e-14,4.199376509e-14,2.688617586e-13,5.380507668e-13,8.800211628e-13,1.216767317e-12,8.845947719e-13,4.124145771e-13,2.206493427e-13,4.876475709e-13,1.866129161e-13,6.928334335e-14,4.01163945e-14,5.67748169e-14,1.347366988e-13,1.142836825e-13,2.630508417e-13,2.379718052e-13,3.929085251e-13,4.476483101e-14,2.578202598e-13,5.724690937e-14
19.3359375,8.246690593e-13,2.691604306e-13,2.062016649e-13,2.609604234e-13,2.222532985e-13,4.966667525e-13,1.08246692e-13,1.599094483e-13,2.419153067e-14,1.521455771e-13,1.000440985e-13,4.301004731e-14,2.711986325e-13,5.418640686e-13,8.823050615e-13,1.22064166e-12,8.937865154e-13,4.2127283e-13,2.209468547e-13,4.917338515e-13,1.855430496e-13,6.992320726e-14,4.050175142e-14,5.765256244e-14,1.353577426e-13,1.155820588e-13,2.712826869e-13,2.402622428e-13,4.020550864e-13,4.564892106e-14,2.613467733e-13,5.747101831e-14
19.34375,8.285400268e-13,2.7029853e-13,2.121961223e-13,2.609385701e-13,2.217647043e-13,5.005827349e-13,1.084889927e-13,1.575090722e-13,2.389084204e-14,1.528268751e-13,1.024866788e-13,4.412419814e-14,2.736455026e-13,5.456666355e-13,8.84503695e-13,1.224649108e-12,9.033011393e-13,4.304716892e-13,2.212218188e-13,4.959188991e-13,1.84356719e-13,7.057929013e-14,4.085658919e-14,5.859185007e-14,1.360103119e-13,1.169873412e-13,2.798251754e-13,2.425521909e-13,4.115455565e-13,4.652240593e-14,2.651929646e-13,5.770837728e-14
19.3515625,8.321514403e-13,2.713772756e-13,2.184202618e-13,2.609974473e-13,2.212454561e-13,5.045057039e-13,1.08677187e-13,1.550944898e-13,2.36061627e-14,1.534664598e-13,1.049801735e-13,4.527586271e-14,2.761380348e-13,5.493292905e-13,8.86631766e-13,1.228811527e-12,9.131183878e-13,4.399317554e-13,2.21444303e-13,4.999937274e-13,1.830442699e-13,7.122887513e-14,4.121278248e-14,5.952695995e-14,1.36705542e-13,1.184739484e-13,2.884894659e-13,2.448440958e-13,4.212590633e-13,4.738957784e-14,2.691760641e-13,5.795901749e-14
19.359375,8.355217046e-13,2.723684617e-13,2.248724881e-13,2.610833041e-13,2.207503837e-13,5.08337046e-13,1.088012022e-13,1.526818089e-13,2.33216969e-14,1.540786132e-13,1.075794788e-13,4.646365758e-14,2.786697886e-13,5.52876256e-13,8.886050776e-13,1.233040082e-12,9.231393833e-13,4.496059642e-13,2.21604505e-13,5.040384075e-13,1.816748211e-13,7.184893195e-14,4.157237763e-14,6.046946527e-14,1.374311871e-13,1.199832842e-13,2.972445703e-13,2.471697666e-13,4.311460298e-13,4.827203879e-14,2.732278346e-13,5.82233064e-14
19.3671875,8.388457459e-13,2.734785525e-13,2.317257216e-13,2.61255773e-13,2.202660185e-13,5.119884672e-13,1.088847586e-13,1.502558853e-13,2.304716507e-14,1.547719947e-13,1.103379004e-13,4.775523899e-14,2.813654947e-13,5.56488339e-13,8.906348782e-13,1.237731929e-12,9.336814734e-13,4.597426138e-13,2.217846382e-13,5.08203361e-13,1.802607985e-13,7.24519097e-14,4.191954558e-14,6.146804257e-14,1.382472869e-13,1.21597699e-13,3.063167926e-13,2.49638383e-13,4.413521484e-13,4.918126195e-14,2.775135992e-13,5.850713943e-14
19.375,8.420823132e-13,2.746611067e-13,2.38932534e-13,2.616492959e-13,2.196724579e-13,5.155502133e-13,1.089472064e-13,1.478661336e-13,2.278026774e-14,1.555757432e-13,1.132044417e-13,4.909420155e-14,2.841853623e-13,5.59951731e-13,8.927833224e-13,1.243067655e-12,9.447650672e-13,4.702350798e-13,2.219250804e-13,5.125832561e-13,1.787615029e-13,7.301218605e-14,4.2282158e-14,6.254428549e-14,1.391497111e-13,1.233875284e-13,3.156063309e-13,2.522986696e-13,4.517276012e-13,5.013649252e-14,2.818482823e-13,5.884570475e-14
19.3828125,8.451879674e-13,2.758706679e-13,2.462591483e-13,2.622901745e-13,2.190092987e-13,5.191883601e-13,1.089440768e-13,1.454635978e-13,2.249100244e-14,1.564287128e-13,1.160488808e-13,5.041096559e-14,2.871291115e-13,5.632276761e-13,8.948906982e-13,1.24858261e-12,9.559721941e-13,4.807674355e-13,2.220149748e-13,5.17233623e-13,1.771923116e-13,7.353931461e-14,4.266620444e-14,6.367016314e-14,1.400577083e-13,1.252769059e-13,3.250392627e-13,2.550752237e-13,4.621936565e-13,5.112232408e-14,2.860514328e-13,5.923882215e-14
19.390625,8.482605048e-13,2.770735578e-13,2.53711811e-13,2.63113109e-13,2.184559739e-13,5.229749971e-13,1.088950644e-13,1.429547702e-13,2.220253255e-14,1.572778125e-13,1.188332889e-13,5.175599138e-14,2.902988015e-13,5.666255425e-13,8.969129693e-13,1.253975043e-12,9.672810189e-13,4.914488369e-13,2.2216425e-13,5.219586281e-13,1.755391293e-13,7.409514956e-14,4.303962404e-14,6.480626133e-14,1.409918087e-13,1.272013223e-13,3.347018808e-13,2.578890496e-13,4.728883846e-13,5.207941576e-14,2.903658273e-13,5.964577403e-14
19.3984375,8.512983696e-13,2.781739409e-13,2.613353206e-13,2.640069996e-13,2.180252592e-13,5.267527473e-13,1.088319125e-13,1.404569586e-13,2.19643015e-14,1.580921761e-13,1.21593484e-13,5.314902093e-14,2.934861849e-13,5.699678464e-13,8.987464052e-13,1.259278027e-12,9.787676419e-13,5.022819686e-13,2.223041578e-13,5.267255168e-13,1.73796345e-13,7.46607596e-14,4.340166682e-14,6.600167008e-14,1.419520366e-13,1.291735921e-13,3.442805679e-13,2.607392808e-13,4.835927374e-13,5.299711157e-14,2.947952623e-13,6.006543456e-14
19.40625,8.542801368e-13,2.794447772e-13,2.691113985e-13,2.650002366e-13,2.175996654e-13,5.303968793e-13,1.086763133e-13,1.380936878e-13,2.174047025e-14,1.588751383e-13,1.244037418e-13,5.457695178e-14,2.965268634e-13,5.730239762e-13,9.00463266e-13,1.264583241e-12,9.902471765e-13,5.130331527e-13,2.224014452e-13,5.316654946e-13,1.72069076e-13,7.518900146e-14,4.376319054e-14,6.731534557e-14,1.428544985e-13,1.311908261e-13,3.536699107e-13,2.636938779e-13,4.942040547e-13,5.39246551e-14,2.991351431e-13,6.050639852e-14
19.4140625,8.571813581e-13,2.810240823e-13,2.772799986e-13,2.662758808e-13,2.171582586e-13,5.341550925e-13,1.084367336e-13,1.357591715e-13,2.147810349e-14,1.596988418e-13,1.273761299e-13,5.608701701e-14,2.997208994e-13,5.761952602e-13,9.025112775e-13,1.27016434e-12,1.001967913e-12,5.24006744e-13,2.226235048e-13,5.364511018e-13,1.703609192e-13,7.572142261e-14,4.411676323e-14,6.868098622e-14,1.437756023e-13,1.332450227e-13,3.63337311e-13,2.667931071e-13,5.052059848e-13,5.488359506e-14,3.035802025e-13,6.094624774e-14
19.421875,8.599188612e-13,2.825275091e-13,2.859899095e-13,2.678116253e-13,2.167516118e-13,5.381827638e-13,1.082283469e-13,1.334005814e-13,2.121467479e-14,1.606133127e-13,1.30509504e-13,5.768073805e-14,3.031814678e-13,5.796175595e-13,9.049481068e-13,1.276321482e-12,1.014390555e-12,5.355821544e-13,2.229094698e-13,5.411567629e-13,1.685466976e-13,7.627696991e-14,4.446866184e-14,7.006104248e-14,1.448411924e-13,1.354197611e-13,3.7335702e-13,2.699868194e-13,5.167965162e-13,5.585345279e-14,3.081864721e-13,6.140832059e-14
19.4296875,8.625439829e-13,2.840057077e-13,2.94901891e-13,2.694379109e-13,2.163493923e-13,5.421288715e-13,1.080176893e-13,1.311348839e-13,2.098658084e-14,1.61533251e-13,1.336679116e-13,5.930616954e-14,3.066529312e-13,5.828815471e-13,9.074765833e-13,1.28322645e-12,1.027415369e-12,5.475106779e-13,2.230670988e-13,5.465252211e-13,1.666298856e-13,7.678876175e-14,4.483377444e-14,7.153238161e-14,1.459860568e-13,1.378287551e-13,3.835120454e-13,2.732090636e-13,5.286141386e-13,5.682335734e-14,3.126522604e-13,6.194986907e-14
19.4375,8.651141123e-13,2.856811794e-13,3.038009957e-13,2.711602577e-13,2.158929447e-13,5.458037532e-13,1.077406493e-13,1.289618504e-13,2.076308247e-14,1.623603741e-13,1.367733278e-13,6.096482821e-14,3.101869026e-13,5.859899872e-13,9.101564428e-13,1.2908362e-12,1.040768559e-12,5.596051593e-13,2.232064001e-13,5.521527866e-13,1.646546453e-13,7.724791705e-14,4.522000778e-14,7.306226415e-14,1.471890579e-13,1.404178824e-13,3.939151795e-13,2.763989267e-13,5.404887772e-13,5.779722726e-14,3.171219359e-13,6.255509361e-14
19.4453125,8.675722627e-13,2.871358609e-13,3.129305222e-13,2.730015191e-13,2.154690826e-13,5.495052884e-13,1.074679818e-13,1.267922479e-13,2.054424049e-14,1.631457756e-13,1.398538426e-13,6.267411345e-14,3.13999142e-13,5.892348006e-13,9.129681684e-13,1.298669416e-12,1.054395201e-12,5.719828529e-13,2.234660899e-13,5.570576608e-13,1.625884489e-13,7.772969245e-14,4.562700573e-14,7.455191226e-14,1.485527937e-13,1.430262554e-13,4.04524045e-13,2.794963108e-13,5.526014014e-13,5.874832786e-14,3.219554963e-13,6.316127883e-14
19.453125,8.700237446e-13,2.883875182e-13,3.223467483e-13,2.749048311e-13,2.151676163e-13,5.53282578e-13,1.071905961e-13,1.24685911e-13,2.036782374e-14,1.639648881e-13,1.429347334e-13,6.443490273e-14,3.179598558e-13,5.924869846e-13,9.156174183e-13,1.306421263e-12,1.068211801e-12,5.844942336e-13,2.237565623e-13,5.617811218e-13,1.604765316e-13,7.824446429e-14,4.602376692e-14,7.6085599e-14,1.500206911e-13,1.456419847e-13,4.151392781e-13,2.825403668e-13,5.65053459e-13,5.963252581e-14,3.270413095e-13,6.374470781e-14
19.4609375,8.7254176e-13,2.900365307e-13,3.318552891e-13,2.769080379e-13,2.148898158e-13,5.569096033e-13,1.068386806e-13,1.227068574e-13,2.021710082e-14,1.647703694e-13,1.460033739e-13,6.626116932e-14,3.219130537e-13,5.955647078e-13,9.182379537e-13,1.314451687e-12,1.082154301e-12,5.96986456e-13,2.24031595e-13,5.670290357e-13,1.583703102e-13,7.872599341e-14,4.638081645e-14,7.773648327e-14,1.514692148e-13,1.483276238e-13,4.257900339e-13,2.85642573e-13,5.776449947e-13,6.047008465e-14,3.322076448e-13,6.431850509e-14
19.46875,8.749890184e-13,2.919485271e-13,3.41638123e-13,2.790997561e-13,2.146402022e-13,5.606116012e-13,1.065009553e-13,1.207658449e-13,2.006093817e-14,1.655083033e-13,1.490781518e-13,6.816995776e-14,3.259974456e-13,5.987343963e-13,9.212302352e-13,1.322998259e-12,1.096333724e-12,6.096369096e-13,2.24379181e-13,5.723062478e-13,1.56231197e-13,7.918113252e-14,4.671758092e-14,7.938043589e-14,1.529404185e-13,1.510496841e-13,4.36451021e-13,2.88858492e-13,5.902568967e-13,6.132161651e-14,3.375144454e-13,6.491316894e-14
19.4765625,8.774761297e-13,2.937786166e-13,3.519469561e-13,2.815581708e-13,2.145954529e-13,5.647058112e-13,1.062476966e-13,1.188333659e-13,1.992045263e-14,1.662005825e-13,1.522085495e-13,7.017283333e-14,3.303259783e-13,6.022555529e-13,9.247336025e-13,1.332041555e-12,1.110940531e-12,6.225400392e-13,2.248578287e-13,5.775750541e-13,1.540682711e-13,7.967831864e-14,4.705261258e-14,8.101693711e-14,1.544944752e-13,1.538319864e-13,4.471667146e-13,2.921655255e-13,6.03169151e-13,6.219871293e-14,3.429522261e-13,6.55612557e-14
19.484375,8.801606078e-13,2.956832943e-13,3.624489053e-13,2.842813297e-13,2.146222108e-13,5.688919153e-13,1.05987357e-13,1.170103104e-13,1.979831617e-14,1.66850959e-13,1.553348994e-13,7.222185696e-14,3.34710732e-13,6.058150497e-13,9.286489487e-13,1.341773247e-12,1.126038487e-12,6.355842499e-13,2.253946045e-13,5.833560355e-13,1.518864796e-13,8.01774213e-14,4.737922761e-14,8.282749778e-14,1.561053705e-13,1.567779422e-13,4.580729223e-13,2.954614879e-13,6.163887293e-13,6.309896474e-14,3.484176196e-13,6.6259971e-14
19.4921875,8.828336344e-13,2.976276549e-13,3.728081814e-13,2.870916442e-13,2.144487128e-13,5.728494024e-13,1.056746982e-13,1.153082288e-13,1.965924739e-14,1.674521108e-13,1.583604598e-13,7.423213178e-14,3.389667031e-13,6.090404082e-13,9.32724293e-13,1.352134538e-12,1.141487581e-12,6.487385825e-13,2.258751985e-13,5.893262225e-13,1.496311219e-13,8.059551812e-14,4.771492844e-14,8.478565513e-14,1.577761813e-13,1.598568377e-13,4.689749476e-13,2.986879763e-13,6.295562244e-13,6.401747877e-14,3.538250139e-13,6.69720524e-14
19.5,8.854763763e-13,2.996276583e-13,3.83336823e-13,2.899449109e-13,2.142606185e-13,5.768131575e-13,1.053551726e-13,1.136517374e-13,1.952382934e-14,1.680600384e-13,1.614266211e-13,7.626523671e-14,3.433105393e-13,6.122817797e-13,9.369618122e-13,1.362932248e-12,1.157283698e-12,6.621355518e-13,2.263853809e-13,5.950434163e-13,1.473272923e-13,8.100268323e-14,4.807770103e-14,8.670402112e-14,1.595558255e-13,1.6298193e-13,4.798647556e-13,3.01992442e-13,6.429436532e-13,6.488969153e-14,3.592978517e-13,6.767228929e-14
19.5078125,8.882249215e-13,3.019644539e-13,3.943506824e-13,2.930525688e-13,2.142978303e-13,5.809553409e-13,1.050534899e-13,1.120428248e-13,1.944168129e-14,1.687061762e-13,1.647130686e-13,7.845019596e-14,3.479988671e-13,6.159318276e-13,9.416914287e-13,1.374343026e-12,1.173523162e-12,6.758212288e-13,2.270576699e-13,6.006589527e-13,1.450010228e-13,8.148803887e-14,4.844640283e-14,8.859620138e-14,1.614671555e-13,1.661822201e-13,4.909638862e-13,3.054631132e-13,6.569486918e-13,6.568989913e-14,3.650973227e-13,6.838139387e-14
19.515625,8.908579544e-13,3.043683966e-13,4.056468597e-13,2.964809471e-13,2.143914118e-13,5.85154996e-13,1.047869253e-13,1.105133873e-13,1.939586873e-14,1.693149098e-13,1.680401732e-13,8.073126893e-14,3.52867486e-13,6.196354468e-13,9.468009509e-13,1.386211105e-12,1.189926059e-12,6.895120412e-13,2.277656788e-13,6.061851061e-13,1.426098436e-13,8.198937698e-14,4.880504134e-14,9.059030142e-14,1.634624604e-13,1.694961916e-13,5.019344565e-13,3.089006288e-13,6.711358347e-13,6.648436189e-14,3.710340877e-13,6.913805032e-14
19.5234375,8.934396545e-13,3.065362804e-13,4.170098497e-13,3.001665417e-13,2.144895195e-13,5.894863821e-13,1.045497246e-13,1.090532012e-13,1.934875512e-14,1.69819909e-13,1.711970036e-13,8.300584544e-14,3.577760827e-13,6.231919397e-13,9.51942592e-13,1.398135947e-12,1.20631905e-12,7.030208098e-13,2.284385064e-13,6.115632949e-13,1.402023983e-13,8.246347645e-14,4.916029629e-14,9.267560958e-14,1.654726227e-13,1.728811124e-13,5.126278003e-13,3.121961124e-13,6.852786959e-13,6.727657279e-14,3.767520104e-13,6.992704843e-14
19.53125,8.962455677e-13,3.087693698e-13,4.284821627e-13,3.041001725e-13,2.147174063e-13,5.939727295e-13,1.043254347e-13,1.076764196e-13,1.929963632e-14,1.702640167e-13,1.743515888e-13,8.52842444e-14,3.62799171e-13,6.268720794e-13,9.572425906e-13,1.410300981e-12,1.222970633e-12,7.165350494e-13,2.291863235e-13,6.170423889e-13,1.37840659e-13,8.293764482e-14,4.951704107e-14,9.477963055e-14,1.675098757e-13,1.762666217e-13,5.234665287e-13,3.154763654e-13,6.996762569e-13,6.80084468e-14,3.82434755e-13,7.069843404e-14
19.5390625,8.988126326e-13,3.110735656e-13,4.400727862e-13,3.081345891e-13,2.148751929e-13,5.983001754e-13,1.04159542e-13,1.064034926e-13,1.924960761e-14,1.707246158e-13,1.776462314e-13,8.754450786e-14,3.6777194e-13,6.304722351e-13,9.627337007e-13,1.422734739e-12,1.239710455e-12,7.299493735e-13,2.298849548e-13,6.227137256e-13,1.354647645e-13,8.336475567e-14,4.988794095e-14,9.690662502e-14,1.696024804e-13,1.796194423e-13,5.342407576e-13,3.187602096e-13,7.14077871e-13,6.869651105e-14,3.881968083e-13,7.146269206e-14
19.546875,9.009595016e-13,3.132624926e-13,4.517828233e-13,3.121576614e-13,2.148633442e-13,6.024633751e-13,1.040587159e-13,1.051888498e-13,1.920437467e-14,1.712196622e-13,1.80917387e-13,8.979339197e-14,3.726425791e-13,6.338537631e-13,9.682738272e-13,1.435153835e-12,1.256224516e-12,7.430482421e-13,2.304659066e-13,6.283256801e-13,1.33042619e-13,8.374572707e-14,5.02894741e-14,9.907999513e-14,1.717275261e-13,1.830262788e-13,5.446923532e-13,3.220255897e-13,7.283713783e-13,6.938634747e-14,3.938284937e-13,7.226274872e-14
19.5546875,9.035148009e-13,3.155954269e-13,4.637235646e-13,3.163095639e-13,2.150238412e-13,6.068341154e-13,1.039499822e-13,1.039986273e-13,1.918362029e-14,1.717081653e-13,1.840821565e-13,9.213666907e-14,3.777754634e-13,6.375805423e-13,9.7418728e-13,1.447917877e-12,1.272947766e-12,7.562779171e-13,2.312612342e-13,6.336314467e-13,1.306067454e-13,8.419438998e-14,5.07168365e-14,1.01273727e-13,1.739304378e-13,1.866102915e-13,5.553337761e-13,3.253382181e-13,7.431462235e-13,7.007915367e-14,3.995294314e-13,7.308978915e-14
19.5625,9.066423475e-13,3.17991462e-13,4.758817556e-13,3.206497132e-13,2.154862554e-13,6.114459257e-13,1.038413883e-13,1.02882283e-13,1.918897474e-14,1.721597757e-13,1.872280471e-13,9.453553742e-14,3.831917809e-13,6.417069059e-13,9.805881329e-13,1.461212574e-12,1.290061668e-12,7.69834016e-13,2.323372145e-13,6.386587144e-13,1.28160127e-13,8.470567466e-14,5.114469604e-14,1.034693907e-13,1.762605995e-13,1.903036172e-13,5.66029293e-13,3.286216854e-13,7.582916704e-13,7.075391688e-14,4.054308194e-13,7.392182248e-14
19.5703125,9.09727391e-13,3.201176258e-13,4.881282114e-13,3.251535702e-13,2.160779494e-13,6.161611013e-13,1.037828529e-13,1.0187282e-13,1.921693029e-14,1.725920188e-13,1.903663778e-13,9.687246172e-14,3.885759569e-13,6.457246495e-13,9.87126244e-13,1.474599058e-12,1.307149261e-12,7.831549472e-13,2.333839631e-13,6.437385649e-13,1.257105795e-13,8.518867914e-14,5.153794131e-14,1.056982251e-13,1.786131769e-13,1.939349332e-13,5.761944511e-13,3.318549165e-13,7.731775878e-13,7.138599116e-14,4.111348539e-13,7.476065742e-14
19.578125,9.127290475e-13,3.222930689e-13,5.004135252e-13,3.298758447e-13,2.167041191e-13,6.210282048e-13,1.037379677e-13,1.009265678e-13,1.925334846e-14,1.729900154e-13,1.934758575e-13,9.91788469e-14,3.939425106e-13,6.496040312e-13,9.938365766e-13,1.48820235e-12,1.324300044e-12,7.961588963e-13,2.343793136e-13,6.490493095e-13,1.232444517e-13,8.564202761e-14,5.188608352e-14,1.079836045e-13,1.809053586e-13,1.974850859e-13,5.861958587e-13,3.352013093e-13,7.879479898e-13,7.197760879e-14,4.165571555e-13,7.559145686e-14
19.5859375,9.15608937e-13,3.246503361e-13,5.125966962e-13,3.34691546e-13,2.171801659e-13,6.258683847e-13,1.036869965e-13,1.000017626e-13,1.925845673e-14,1.732907799e-13,1.965374212e-13,1.01449005e-13,3.993061275e-13,6.532414994e-13,1.000568058e-12,1.501945877e-12,1.34145755e-12,8.090638841e-13,2.353803032e-13,6.541991951e-13,1.207181949e-13,8.605014339e-14,5.222997256e-14,1.10323087e-13,1.831877083e-13,2.00990319e-13,5.961568079e-13,3.38512856e-13,8.027399393e-13,7.253371585e-14,4.218531414e-13,7.638990245e-14
19.59375,9.182583325e-13,3.267608201e-13,5.245780187e-13,3.394635373e-13,2.175091426e-13,6.305042345e-13,1.036637543e-13,9.908465175e-14,1.925558325e-14,1.735155738e-13,1.995146525e-13,1.036434976e-13,4.045390984e-13,6.56493834e-13,1.006745819e-12,1.514894076e-12,1.357973851e-12,8.216178541e-13,2.362812606e-13,6.587676996e-13,1.181977035e-13,8.640473005e-14,5.259889282e-14,1.127126195e-13,1.854706136e-13,2.04412116e-13,6.054829364e-13,3.41598479e-13,8.172832893e-13,7.302290771e-14,4.269543652e-13,7.715249309e-14
19.6015625,9.213748955e-13,3.288519706e-13,5.366695977e-13,3.443389103e-13,2.181544368e-13,6.352881051e-13,1.036741944e-13,9.818227298e-14,1.931865254e-14,1.737405483e-13,2.024748808e-13,1.058961362e-13,4.098109758e-13,6.600266179e-13,1.012816543e-12,1.527329079e-12,1.374116427e-12,8.3398238e-13,2.372471049e-13,6.63012406e-13,1.157955986e-13,8.680856128e-14,5.296470212e-14,1.151194429e-13,1.877498226e-13,2.078144364e-13,6.144648051e-13,3.447985395e-13,8.319471151e-13,7.345678786e-14,4.320526123e-13,7.789381833e-14
19.609375,9.250862432e-13,3.313160855e-13,5.490436295e-13,3.493719887e-13,2.191552342e-13,6.40412951e-13,1.037463896e-13,9.735345432e-14,1.942052191e-14,1.739580708e-13,2.054292023e-13,1.082388731e-13,4.152096233e-13,6.64073536e-13,1.019598347e-12,1.540450218e-12,1.390576313e-12,8.464855046e-13,2.384235901e-13,6.673857348e-13,1.134748768e-13,8.726488918e-14,5.330887589e-14,1.175194988e-13,1.900835005e-13,2.113304924e-13,6.236641696e-13,3.482338567e-13,8.470912451e-13,7.388133167e-14,4.372582391e-13,7.864328549e-14
19.6171875,9.284344347e-13,3.335926414e-13,5.61349477e-13,3.54452605e-13,2.2001351e-13,6.455926795e-13,1.039178879e-13,9.662640639e-14,1.948490102e-14,1.741491333e-13,2.082323058e-13,1.104935635e-13,4.204830599e-13,6.67872173e-13,1.026606768e-12,1.553898046e-12,1.407007742e-12,8.585921268e-13,2.395586163e-13,6.717429727e-13,1.111286981e-13,8.765717956e-14,5.365312945e-14,1.199455009e-13,1.924394453e-13,2.148825271e-13,6.326560401e-13,3.514775278e-13,8.621098852e-13,7.428513284e-14,4.42137903e-13,7.940985804e-14
19.625,9.314836078e-13,3.353360895e-13,5.735076527e-13,3.595685684e-13,2.207519253e-13,6.508328342e-13,1.041477846e-13,9.593587187e-14,1.953151561e-14,1.743334379e-13,2.10941172e-13,1.126419973e-13,4.255556181e-13,6.713811534e-13,1.033310123e-12,1.566873078e-12,1.42316468e-12,8.700437124e-13,2.405792799e-13,6.757796657e-13,1.08758489e-13,8.800976885e-14,5.400437522e-14,1.224037587e-13,1.947269306e-13,2.183066612e-13,6.411074927e-13,3.545342433e-13,8.765785296e-13,7.466697446e-14,4.466194368e-13,8.0160334e-14
19.6328125,9.350300287e-13,3.370892359e-13,5.857587841e-13,3.646634223e-13,2.217236426e-13,6.562511648e-13,1.043937375e-13,9.525156637e-14,1.960948069e-14,1.744712417e-13,2.13719423e-13,1.147955177e-13,4.305513952e-13,6.75134145e-13,1.04011657e-12,1.579708734e-12,1.439330111e-12,8.813532885e-13,2.416733282e-13,6.795861004e-13,1.064457611e-13,8.839822328e-14,5.434522833e-14,1.248854473e-13,1.969741596e-13,2.216318041e-13,6.492908617e-13,3.576958842e-13,8.908423516e-13,7.503784095e-14,4.511238949e-13,8.086800355e-14
19.640625,9.38838759e-13,3.390082669e-13,5.979207868e-13,3.697676534e-13,2.228648943e-13,6.615957472e-13,1.046633806e-13,9.459119669e-14,1.972061179e-14,1.745215659e-13,2.164470979e-13,1.169706302e-13,4.355685487e-13,6.789605201e-13,1.046987558e-12,1.592352409e-12,1.455087305e-12,8.925038501e-13,2.42808764e-13,6.831542631e-13,1.042328557e-13,8.878948124e-14,5.466338805e-14,1.274401807e-13,1.992368098e-13,2.249340521e-13,6.573009671e-13,3.607695624e-13,9.051235681e-13,7.533445869e-14,4.557413078e-13,8.152271418e-14
19.6484375,9.425497085e-13,3.407330169e-13,6.097849951e-13,3.750931326e-13,2.24059928e-13,6.668569514e-13,1.049597522e-13,9.391991788e-14,1.985418935e-14,1.745175229e-13,2.190428188e-13,1.191655896e-13,4.406456547e-13,6.826527596e-13,1.0534921e-12,1.604261313e-12,1.470073206e-12,9.032166086e-13,2.439247603e-13,6.863161515e-13,1.020839079e-13,8.917136751e-14,5.495929812e-14,1.300371619e-13,2.014901227e-13,2.282077682e-13,6.650778622e-13,3.636314178e-13,9.19372451e-13,7.5542419e-14,4.603076399e-13,8.212069603e-14
19.65625,9.463744944e-13,3.422083025e-13,6.215552565e-13,3.804892771e-13,2.253525836e-13,6.722900174e-13,1.053052554e-13,9.324168631e-14,1.998625512e-14,1.744853456e-13,2.216450133e-13,1.213201302e-13,4.455534415e-13,6.863430025e-13,1.059854045e-12,1.615727667e-12,1.484752902e-12,9.136348642e-13,2.450489086e-13,6.892204641e-13,9.995178157e-14,8.95509969e-14,5.524649714e-14,1.3254347e-13,2.037095477e-13,2.315009651e-13,6.725269416e-13,3.664937858e-13,9.33497417e-13,7.573687087e-14,4.64654891e-13,8.270765078e-14
19.6640625,9.501676662e-13,3.434649369e-13,6.33264079e-13,3.856025872e-13,2.266302904e-13,6.777700184e-13,1.057212331e-13,9.262081488e-14,2.009872634e-14,1.744398972e-13,2.241928838e-13,1.233168978e-13,4.500711799e-13,6.898712646e-13,1.066242276e-12,1.627010904e-12,1.499209495e-12,9.235989111e-13,2.460626855e-13,6.919615574e-13,9.785096893e-14,8.988270989e-14,5.552590748e-14,1.349661134e-13,2.058831352e-13,2.348279871e-13,6.794372829e-13,3.692772288e-13,9.47281593e-13,7.591096344e-14,4.686249606e-13,8.333353693e-14
19.671875,9.537225497e-13,3.445138435e-13,6.446983184e-13,3.905635739e-13,2.277864858e-13,6.8313521e-13,1.061681999e-13,9.204348135e-14,2.021678685e-14,1.743919274e-13,2.26542399e-13,1.251998983e-13,4.543977862e-13,6.930772396e-13,1.0723186e-12,1.637759739e-12,1.513086995e-12,9.327729127e-13,2.469188676e-13,6.944072037e-13,9.581217081e-14,9.017188102e-14,5.577148215e-14,1.374332171e-13,2.079801627e-13,2.380563318e-13,6.858456991e-13,3.718312524e-13,9.606774466e-13,7.601608781e-14,4.723166812e-13,8.396517409e-14
19.6796875,9.572914792e-13,3.456102737e-13,6.55893201e-13,3.956972408e-13,2.289414721e-13,6.885534284e-13,1.066242063e-13,9.148141248e-14,2.036635868e-14,1.742993615e-13,2.288052796e-13,1.270939262e-13,4.587367487e-13,6.961350658e-13,1.077998768e-12,1.647953903e-12,1.526445795e-12,9.413788741e-13,2.477513868e-13,6.966294779e-13,9.381664382e-14,9.046878202e-14,5.598192706e-14,1.399629488e-13,2.100003076e-13,2.411308533e-13,6.919227792e-13,3.743329861e-13,9.738136311e-13,7.607981117e-14,4.7592516e-13,8.455485017e-14
19.6875,9.610241115e-13,3.468071631e-13,6.67081276e-13,4.010774443e-13,2.303049567e-13,6.941682347e-13,1.071092158e-13,9.096331245e-14,2.054878379e-14,1.741403073e-13,2.311091214e-13,1.290244657e-13,4.630835783e-13,6.992991693e-13,1.083533476e-12,1.657720536e-12,1.539361776e-12,9.497859487e-13,2.486254937e-13,6.985977315e-13,9.18562845e-14,9.079026296e-14,5.618424352e-14,1.424866058e-13,2.119720988e-13,2.441330927e-13,6.976143438e-13,3.768822595e-13,9.866915158e-13,7.612470148e-14,4.795070371e-13,8.510772898e-14
19.6953125,9.648614354e-13,3.478705343e-13,6.782913739e-13,4.066220773e-13,2.319379222e-13,6.999663832e-13,1.076216583e-13,9.047434862e-14,2.07550374e-14,1.739384393e-13,2.334288897e-13,1.309606255e-13,4.674548666e-13,7.026880813e-13,1.089157499e-12,1.667039145e-12,1.551731287e-12,9.580466963e-13,2.495487815e-13,7.001241514e-13,8.99843917e-14,9.114383294e-14,5.637177714e-14,1.449852716e-13,2.139122586e-13,2.47082532e-13,7.029221581e-13,3.79362218e-13,9.994733707e-13,7.613322942e-14,4.830740691e-13,8.562955168e-14
19.703125,9.687346471e-13,3.488223495e-13,6.892502627e-13,4.121180568e-13,2.336509386e-13,7.058109909e-13,1.081882785e-13,9.000381737e-14,2.097142888e-14,1.737017693e-13,2.356910984e-13,1.32828091e-13,4.717123618e-13,7.060804366e-13,1.094986804e-12,1.676256734e-12,1.563678491e-12,9.659978823e-13,2.50482616e-13,7.014620394e-13,8.822561711e-14,9.150208282e-14,5.653032977e-14,1.474920345e-13,2.158329687e-13,2.499767788e-13,7.079734092e-13,3.817100654e-13,1.012375659e-12,7.609298481e-14,4.864872286e-13,8.612960459e-14
19.7109375,9.726005186e-13,3.497669906e-13,6.999079977e-13,4.174880356e-13,2.353271787e-13,7.116225649e-13,1.088421745e-13,8.959396067e-14,2.120184817e-14,1.734673713e-13,2.378493365e-13,1.345883311e-13,4.756509605e-13,7.092780558e-13,1.100830843e-12,1.685532656e-12,1.575385784e-12,9.734379273e-13,2.513151337e-13,7.028499735e-13,8.652411359e-14,9.18186427e-14,5.667679553e-14,1.500109913e-13,2.177072465e-13,2.528597174e-13,7.127340429e-13,3.839937817e-13,1.025091422e-12,7.600559297e-14,4.895959744e-13,8.663802068e-14
19.71875,9.766243982e-13,3.505897749e-13,7.105807806e-13,4.229785031e-13,2.371067515e-13,7.175826071e-13,1.095089257e-13,8.920727292e-14,2.145287764e-14,1.732359374e-13,2.399982367e-13,1.363136738e-13,4.793253398e-13,7.124523615e-13,1.106330758e-12,1.694251621e-12,1.586815315e-12,9.803263053e-13,2.520618295e-13,7.039858454e-13,8.485688245e-14,9.211515587e-14,5.679956307e-14,1.524861558e-13,2.194499107e-13,2.556879183e-13,7.171113563e-13,3.863341831e-13,1.037203991e-12,7.590326755e-14,4.924899983e-13,8.713805319e-14
19.7265625,9.808129972e-13,3.512341095e-13,7.211143706e-13,4.285916086e-13,2.390157446e-13,7.236373191e-13,1.101194822e-13,8.876226876e-14,2.171169651e-14,1.728852799e-13,2.421924065e-13,1.380258495e-13,4.828121389e-13,7.155731316e-13,1.111316069e-12,1.701881397e-12,1.597686805e-12,9.866926164e-13,2.528140135e-13,7.045861884e-13,8.329160906e-14,9.241429005e-14,5.686984973e-14,1.549148435e-13,2.210475054e-13,2.583746415e-13,7.211015232e-13,3.886539654e-13,1.048760198e-12,7.579176469e-14,4.952298429e-13,8.756380421e-14
19.734375,9.847856303e-13,3.517070068e-13,7.310582865e-13,4.339715133e-13,2.409102564e-13,7.294510844e-13,1.10742173e-13,8.826961344e-14,2.197990238e-14,1.723737025e-13,2.44242117e-13,1.396820572e-13,4.860899266e-13,7.184382081e-13,1.115821432e-12,1.708569926e-12,1.607775924e-12,9.925215849e-13,2.535418818e-13,7.046025712e-13,8.185999116e-14,9.268509823e-14,5.691621044e-14,1.573662645e-13,2.226002628e-13,2.609328835e-13,7.247415803e-13,3.906858985e-13,1.060027635e-12,7.561576649e-14,4.978199815e-13,8.788574323e-14
19.7421875,9.88544964e-13,3.52010593e-13,7.406107721e-13,4.39049747e-13,2.427572546e-13,7.351686604e-13,1.114322769e-13,8.777774856e-14,2.226041756e-14,1.717957328e-13,2.460897383e-13,1.412723581e-13,4.891713395e-13,7.211843791e-13,1.120023419e-12,1.714741677e-12,1.617266882e-12,9.978599834e-13,2.542002339e-13,7.041299024e-13,8.050739591e-14,9.293330495e-14,5.696190711e-14,1.598012741e-13,2.241257509e-13,2.633957039e-13,7.280853459e-13,3.924416927e-13,1.071262858e-12,7.536941375e-14,5.003110218e-13,8.814824047e-14
19.75,9.926061372e-13,3.523498588e-13,7.499545793e-13,4.440201141e-13,2.446565005e-13,7.410957506e-13,1.121346166e-13,8.73015665e-14,2.25505906e-14,1.71181832e-13,2.479019634e-13,1.427532152e-13,4.920055277e-13,7.239152318e-13,1.124052846e-12,1.72053561e-12,1.626250656e-12,1.002711168e-12,2.548068489e-13,7.034139828e-13,7.921872652e-14,9.320712483e-14,5.696758317e-14,1.621116224e-13,2.255122373e-13,2.657271053e-13,7.310588943e-13,3.942124804e-13,1.082378962e-12,7.509164121e-14,5.025685411e-13,8.842215025e-14
19.7578125,9.97129282e-13,3.527951076e-13,7.588071623e-13,4.48913252e-13,2.467782514e-13,7.471350832e-13,1.128258069e-13,8.682021764e-14,2.288169033e-14,1.705537899e-13,2.496482473e-13,1.44139589e-13,4.945853012e-13,7.266253906e-13,1.127754685e-12,1.725579006e-12,1.63446719e-12,1.007078724e-12,2.5540112e-13,7.024070134e-13,7.80329909e-14,9.352241532e-14,5.691873228e-14,1.643208473e-13,2.267195681e-13,2.678572259e-13,7.334187611e-13,3.960909012e-13,1.092750481e-12,7.477680863e-14,5.045124059e-13,8.870570405e-14
19.765625,1.001684338e-12,3.529363606e-13,7.673822668e-13,4.53787068e-13,2.491068128e-13,7.532554864e-13,1.135540651e-13,8.629526186e-14,2.324688268e-14,1.699765581e-13,2.512540338e-13,1.455401597e-13,4.969808693e-13,7.293314098e-13,1.130969114e-12,1.729592849e-12,1.641985431e-12,1.011050528e-12,2.559856696e-13,7.00979619e-13,7.693634481e-14,9.383338365e-14,5.684518221e-14,1.665088591e-13,2.27799217e-13,2.697692288e-13,7.351008039e-13,3.979049177e-13,1.102119834e-12,7.44276026e-14,5.062764169e-13,8.892363786e-14
19.7734375,1.005880288e-12,3.526076116e-13,7.760049292e-13,4.588668815e-13,2.513523587e-13,7.593737868e-13,1.143101337e-13,8.573445263e-14,2.358996138e-14,1.693973665e-13,2.528650822e-13,1.469261917e-13,4.991227092e-13,7.317358659e-13,1.133867025e-12,1.732941797e-12,1.64893739e-12,1.014519086e-12,2.564563854e-13,6.994536786e-13,7.591364852e-14,9.40812635e-14,5.675104829e-14,1.686700992e-13,2.287775437e-13,2.715958649e-13,7.364123861e-13,3.994953345e-13,1.111084247e-12,7.40591991e-14,5.078553859e-13,8.907062295e-14
19.78125,1.009971375e-12,3.522863361e-13,7.84331865e-13,4.640625698e-13,2.535227691e-13,7.651782554e-13,1.150449056e-13,8.516784635e-14,2.394160541e-14,1.687596605e-13,2.545335953e-13,1.482056686e-13,5.010040349e-13,7.338331872e-13,1.136717466e-12,1.735952816e-12,1.655012291e-12,1.017410884e-12,2.567938748e-13,6.978343684e-13,7.500613787e-14,9.43052645e-14,5.662706089e-14,1.70768624e-13,2.296880806e-13,2.734555705e-13,7.375837397e-13,4.009058228e-13,1.120070755e-12,7.364472921e-14,5.092954035e-13,8.92243879e-14
19.7890625,1.014498197e-12,3.521771173e-13,7.922107516e-13,4.689092544e-13,2.559042555e-13,7.709345609e-13,1.157991697e-13,8.45922582e-14,2.435335011e-14,1.681408778e-13,2.561798612e-13,1.49389706e-13,5.027350564e-13,7.361523515e-13,1.139525195e-12,1.73837113e-12,1.660227201e-12,1.019915384e-12,2.57125882e-13,6.956098575e-13,7.418742739e-14,9.458890752e-14,5.647079733e-14,1.72813161e-13,2.305481794e-13,2.751987856e-13,7.383290969e-13,4.022971445e-13,1.128748581e-12,7.317295987e-14,5.107408355e-13,8.939495523e-14
19.796875,1.019299205e-12,3.518608225e-13,7.998219171e-13,4.733624997e-13,2.584040693e-13,7.770819077e-13,1.166296005e-13,8.402559496e-14,2.477503022e-14,1.675343904e-13,2.577981674e-13,1.504560696e-13,5.042383387e-13,7.385493739e-13,1.142004512e-12,1.739914956e-12,1.664930829e-12,1.021943643e-12,2.573991209e-13,6.927778315e-13,7.339014787e-14,9.489320727e-14,5.627481712e-14,1.748297196e-13,2.312874606e-13,2.766464778e-13,7.382960273e-13,4.036645293e-13,1.136598486e-12,7.265255725e-14,5.120115578e-13,8.951909124e-14
19.8046875,1.023756531e-12,3.511796744e-13,8.069859074e-13,4.778590093e-13,2.608127514e-13,7.832295072e-13,1.174812321e-13,8.347325408e-14,2.518033736e-14,1.668485008e-13,2.592935867e-13,1.513880385e-13,5.054418673e-13,7.405118784e-13,1.143915629e-12,1.740627235e-12,1.669012332e-12,1.023305059e-12,2.574795909e-13,6.896569886e-13,7.267595494e-14,9.514257708e-14,5.606322459e-14,1.76758411e-13,2.318716199e-13,2.778913131e-13,7.376996203e-13,4.048967283e-13,1.143490897e-12,7.207331268e-14,5.129877374e-13,8.95706972e-14
19.8125,1.027899433e-12,3.504854659e-13,8.136519999e-13,4.824231113e-13,2.632266719e-13,7.890213017e-13,1.183106692e-13,8.287269923e-14,2.561216903e-14,1.661540377e-13,2.605517867e-13,1.522693436e-13,5.064024539e-13,7.423034849e-13,1.145364178e-12,1.740694091e-12,1.672381724e-12,1.02422499e-12,2.574483057e-13,6.86345093e-13,7.212405244e-14,9.536881081e-14,5.586780936e-14,1.785194131e-13,2.323416596e-13,2.790589219e-13,7.369259542e-13,4.06067231e-13,1.149808433e-12,7.145236909e-14,5.138756758e-13,8.957247654e-14
19.8203125,1.032261996e-12,3.499932087e-13,8.201134812e-13,4.868176309e-13,2.657464692e-13,7.947940648e-13,1.191695114e-13,8.221982197e-14,2.607561715e-14,1.655536619e-13,2.61728721e-13,1.531404015e-13,5.070860722e-13,7.442389301e-13,1.14663267e-12,1.74037308e-12,1.675323664e-12,1.024854735e-12,2.57370769e-13,6.830788803e-13,7.167715749e-14,9.561261439e-14,5.565252041e-14,1.802189672e-13,2.326859761e-13,2.801417679e-13,7.359392581e-13,4.073131531e-13,1.155911895e-12,7.081695894e-14,5.147245593e-13,8.955863497e-14
19.828125,1.036957597e-12,3.495677392e-13,8.263569528e-13,4.911863795e-13,2.683945221e-13,8.006640449e-13,1.200496122e-13,8.157745394e-14,2.654854615e-14,1.649614028e-13,2.629915022e-13,1.539827176e-13,5.075214903e-13,7.461396498e-13,1.147837054e-12,1.739805753e-12,1.677875193e-12,1.025169859e-12,2.572201519e-13,6.798715365e-13,7.128768746e-14,9.584694209e-14,5.538168376e-14,1.819564702e-13,2.328984382e-13,2.811648758e-13,7.34602161e-13,4.085725553e-13,1.161606189e-12,7.0168567e-14,5.154894266e-13,8.954318571e-14
19.8359375,1.04156611e-12,3.489829684e-13,8.32134327e-13,4.955616101e-13,2.711128828e-13,8.063844156e-13,1.208775024e-13,8.093283336e-14,2.700345521e-14,1.642767012e-13,2.642208952e-13,1.54739648e-13,5.077663718e-13,7.478504407e-13,1.148751943e-12,1.738710191e-12,1.679795536e-12,1.025216717e-12,2.570203856e-13,6.761856684e-13,7.098915527e-14,9.603605626e-14,5.509734951e-14,1.835910874e-13,2.330277133e-13,2.821025057e-13,7.329394844e-13,4.096914314e-13,1.166595883e-12,6.95087227e-14,5.161383534e-13,8.948883193e-14
19.84375,1.045859533e-12,3.482422534e-13,8.373714862e-13,4.997390552e-13,2.73705347e-13,8.119572938e-13,1.216521835e-13,8.024999896e-14,2.742948264e-14,1.635551844e-13,2.652920012e-13,1.553373552e-13,5.077075492e-13,7.49254119e-13,1.148972115e-12,1.736588885e-12,1.680833717e-12,1.024705206e-12,2.566981566e-13,6.717959229e-13,7.078075753e-14,9.618259776e-14,5.481991992e-14,1.85080388e-13,2.330303257e-13,2.827847082e-13,7.308408342e-13,4.106948705e-13,1.17088847e-12,6.880437298e-14,5.165573701e-13,8.934922364e-14
19.8515625,1.05017222e-12,3.475959357e-13,8.421744561e-13,5.038601892e-13,2.762037378e-13,8.174770584e-13,1.223980282e-13,7.95571488e-14,2.787898322e-14,1.628740458e-13,2.662898807e-13,1.558534199e-13,5.073751222e-13,7.50375954e-13,1.148494418e-12,1.733401442e-12,1.680842802e-12,1.023375079e-12,2.561786012e-13,6.669982431e-13,7.064560736e-14,9.633077914e-14,5.449456449e-14,1.865705993e-13,2.328278065e-13,2.831673726e-13,7.281738042e-13,4.117187467e-13,1.174430927e-12,6.80177051e-14,5.169294355e-13,8.913770268e-14
19.859375,1.054633204e-12,3.469333239e-13,8.466629226e-13,5.080417868e-13,2.788062857e-13,8.228850213e-13,1.231200049e-13,7.887714063e-14,2.836421133e-14,1.622216489e-13,2.672838797e-13,1.563619745e-13,5.068820658e-13,7.513726296e-13,1.147748865e-12,1.729584038e-12,1.679986262e-12,1.021531928e-12,2.555520224e-13,6.620206283e-13,7.060247302e-14,9.649341329e-14,5.409427533e-14,1.880318354e-13,2.324809761e-13,2.834040379e-13,7.250702023e-13,4.12637779e-13,1.177147815e-12,6.719553886e-14,5.174376584e-13,8.891438455e-14
19.8671875,1.058867425e-12,3.458317515e-13,8.508002764e-13,5.120668495e-13,2.814761913e-13,8.281504103e-13,1.238534706e-13,7.819812424e-14,2.882693046e-14,1.615756168e-13,2.682096731e-13,1.567421354e-13,5.060990599e-13,7.52104675e-13,1.146821021e-12,1.725200627e-12,1.678378085e-12,1.019326431e-12,2.548399458e-13,6.568771413e-13,7.066369666e-14,9.663060051e-14,5.36571469e-14,1.893859761e-13,2.320785929e-13,2.835815777e-13,7.216039146e-13,4.132207166e-13,1.179218175e-12,6.638066188e-14,5.17762855e-13,8.872098313e-14
19.875,1.062987194e-12,3.445981164e-13,8.545885219e-13,5.15872345e-13,2.84169333e-13,8.333395493e-13,1.245979944e-13,7.75078385e-14,2.928440367e-14,1.609560586e-13,2.690501121e-13,1.569979715e-13,5.050612834e-13,7.52618124e-13,1.145543989e-12,1.720068193e-12,1.676006452e-12,1.016702529e-12,2.540533444e-13,6.514511154e-13,7.08387267e-14,9.675304178e-14,5.322723271e-14,1.906920696e-13,2.316162683e-13,2.836715756e-13,7.176576484e-13,4.136879676e-13,1.18080279e-12,6.555468197e-14,5.178370379e-13,8.854562419e-14
19.8828125,1.067413472e-12,3.438985905e-13,8.581583352e-13,5.195797534e-13,2.869223737e-13,8.385556429e-13,1.253125284e-13,7.681289547e-14,2.978991691e-14,1.603733234e-13,2.698649862e-13,1.572865476e-13,5.04038219e-13,7.532935086e-13,1.144210524e-12,1.714744958e-12,1.673328117e-12,1.013954157e-12,2.533233216e-13,6.458954958e-13,7.114057206e-14,9.689570646e-14,5.282369219e-14,1.919067339e-13,2.310809825e-13,2.836732562e-13,7.133795145e-13,4.144068157e-13,1.181936151e-12,6.473034912e-14,5.180218067e-13,8.835912609e-14
19.890625,1.071869508e-12,3.433889985e-13,8.614406841e-13,5.233658712e-13,2.897031745e-13,8.438910031e-13,1.260145368e-13,7.613616911e-14,3.033505759e-14,1.59806056e-13,2.706323629e-13,1.575861982e-13,5.029413561e-13,7.539929333e-13,1.142982652e-12,1.709632845e-12,1.670577721e-12,1.011080359e-12,2.525788656e-13,6.406317924e-13,7.157238314e-14,9.703801223e-14,5.242163783e-14,1.929849404e-13,2.304433106e-13,2.835778852e-13,7.090513378e-13,4.152734747e-13,1.182586466e-12,6.391080835e-14,5.182960853e-13,8.815126393e-14
19.8984375,1.076149751e-12,3.423606612e-13,8.64377439e-13,5.27223414e-13,2.926113608e-13,8.493394192e-13,1.267081772e-13,7.544430055e-14,3.090672175e-14,1.592474364e-13,2.713064246e-13,1.578239061e-13,5.01444225e-13,7.544115099e-13,1.141225164e-12,1.703686332e-12,1.667029709e-12,1.00761127e-12,2.516432172e-13,6.353180649e-13,7.21359402e-14,9.718092076e-14,5.196699484e-14,1.940152999e-13,2.296046433e-13,2.832624698e-13,7.044533152e-13,4.160582179e-13,1.182447256e-12,6.304047196e-14,5.184802979e-13,8.789470401e-14
19.90625,1.080647111e-12,3.4105379e-13,8.671230072e-13,5.305995883e-13,2.956628237e-13,8.547649786e-13,1.273464172e-13,7.46588404e-14,3.147642819e-14,1.587129728e-13,2.719490556e-13,1.580070913e-13,4.995021686e-13,7.547212256e-13,1.138536134e-12,1.696104438e-12,1.662314447e-12,1.003508896e-12,2.506036442e-13,6.291374107e-13,7.278890963e-14,9.734328049e-14,5.144944202e-14,1.949407822e-13,2.285315841e-13,2.825989748e-13,6.991928492e-13,4.167763445e-13,1.181268304e-12,6.21079117e-14,5.186375732e-13,8.755614146e-14
19.9140625,1.085240673e-12,3.39947761e-13,8.695649914e-13,5.333243416e-13,2.986204333e-13,8.600501585e-13,1.279588861e-13,7.380738617e-14,3.201090369e-14,1.58175394e-13,2.72601137e-13,1.580979225e-13,4.972893855e-13,7.550031787e-13,1.135475065e-12,1.687737851e-12,1.656978099e-12,9.990925196e-13,2.495740396e-13,6.223064255e-13,7.347427657e-14,9.749357676e-14,5.089868132e-14,1.956580048e-13,2.273235716e-13,2.81634892e-13,6.934198996e-13,4.173893969e-13,1.179338466e-12,6.114559182e-14,5.187233387e-13,8.716246001e-14
19.921875,1.08947907e-12,3.388752474e-13,8.714959152e-13,5.360935367e-13,3.01534541e-13,8.652213277e-13,1.285978408e-13,7.299330358e-14,3.255019914e-14,1.575634936e-13,2.731879374e-13,1.581010352e-13,4.948765298e-13,7.551688809e-13,1.132545117e-12,1.679241262e-12,1.65122086e-12,9.94425952e-13,2.485109304e-13,6.15520453e-13,7.423473925e-14,9.762939278e-14,5.031813592e-14,1.962379132e-13,2.260475249e-13,2.805261213e-13,6.874776846e-13,4.177893324e-13,1.176950325e-12,6.016105563e-14,5.186379587e-13,8.675631742e-14
19.9296875,1.093605073e-12,3.376444026e-13,8.730877452e-13,5.390372592e-13,3.046337262e-13,8.702963324e-13,1.292176421e-13,7.221354859e-14,3.312835062e-14,1.568930481e-13,2.736586018e-13,1.58066116e-13,4.922118366e-13,7.553047782e-13,1.129536101e-12,1.670225251e-12,1.644853315e-12,9.893855446e-13,2.474075748e-13,6.08728144e-13,7.513329474e-14,9.778782885e-14,4.970580088e-14,1.966969259e-13,2.246692429e-13,2.793727127e-13,6.814529342e-13,4.18061139e-13,1.174032206e-12,5.916926158e-14,5.184504014e-13,8.634843983e-14
19.9375,1.097916545e-12,3.364265309e-13,8.744285621e-13,5.416757012e-13,3.077867695e-13,8.751825378e-13,1.297748929e-13,7.13831663e-14,3.372967878e-14,1.562804514e-13,2.740270538e-13,1.579645091e-13,4.893454945e-13,7.553559266e-13,1.126122344e-12,1.660582945e-12,1.637942965e-12,9.838563065e-13,2.462514486e-13,6.017702786e-13,7.612497878e-14,9.795630876e-14,4.907703731e-14,1.970072153e-13,2.231640127e-13,2.781687923e-13,6.75372442e-13,4.183466969e-13,1.17068538e-12,5.818272837e-14,5.182634218e-13,8.595639403e-14
19.9453125,1.102097911e-12,3.352440195e-13,8.753067408e-13,5.440639001e-13,3.107800734e-13,8.79835794e-13,1.302956518e-13,7.047668351e-14,3.434028759e-14,1.55749123e-13,2.742641136e-13,1.577732884e-13,4.863135029e-13,7.550957521e-13,1.122156458e-12,1.650328347e-12,1.630348962e-12,9.777996285e-13,2.449670828e-13,5.947050102e-13,7.715023055e-14,9.809205709e-14,4.84229335e-14,1.972167943e-13,2.215280365e-13,2.767625918e-13,6.690257194e-13,4.185960341e-13,1.167001154e-12,5.71718807e-14,5.181080571e-13,8.555231624e-14
19.953125,1.105951724e-12,3.339407515e-13,8.757137236e-13,5.46301649e-13,3.136314628e-13,8.843493612e-13,1.308009995e-13,6.953333661e-14,3.492348211e-14,1.552212909e-13,2.743361378e-13,1.575044999e-13,4.829794065e-13,7.545047592e-13,1.117624003e-12,1.639175559e-12,1.621865986e-12,9.713389792e-13,2.435738742e-13,5.872734903e-13,7.822262753e-14,9.817821961e-14,4.774149615e-14,1.972696893e-13,2.197460471e-13,2.749981044e-13,6.620082954e-13,4.187152196e-13,1.16254061e-12,5.611744554e-14,5.179163733e-13,8.505215232e-14
19.9609375,1.109844972e-12,3.326444443e-13,8.759192625e-13,5.483922258e-13,3.165482538e-13,8.889470171e-13,1.312906581e-13,6.858325049e-14,3.550466626e-14,1.547118827e-13,2.743328413e-13,1.57226864e-13,4.795226024e-13,7.539278955e-13,1.112897895e-12,1.627500987e-12,1.612958654e-12,9.647757171e-13,2.422071853e-13,5.794261591e-13,7.936659368e-14,9.827129501e-14,4.70749247e-14,1.971461346e-13,2.178582548e-13,2.729749731e-13,6.545234693e-13,4.188522905e-13,1.157111787e-12,5.504539681e-14,5.17779479e-13,8.447709682e-14
19.96875,1.113941274e-12,3.314876579e-13,8.761489416e-13,5.506438214e-13,3.197355381e-13,8.937439189e-13,1.3176947e-13,6.761952956e-14,3.617379752e-14,1.54268013e-13,2.743708416e-13,1.57057738e-13,4.763278031e-13,7.537440797e-13,1.108343468e-12,1.615868576e-12,1.604061461e-12,9.583403497e-13,2.409382597e-13,5.716234375e-13,8.056221945e-14,9.84502695e-14,4.643011705e-14,1.969894201e-13,2.159247716e-13,2.708549277e-13,6.47109117e-13,4.190978811e-13,1.151225868e-12,5.398905495e-14,5.179535145e-13,8.392124148e-14
19.9765625,1.117668651e-12,3.30113723e-13,8.763126589e-13,5.527210866e-13,3.229438424e-13,8.983684858e-13,1.322480545e-13,6.664483532e-14,3.684409421e-14,1.538178014e-13,2.743979918e-13,1.568737997e-13,4.730864319e-13,7.536132607e-13,1.103698607e-12,1.603995028e-12,1.594884362e-12,9.517886705e-13,2.39614354e-13,5.640267057e-13,8.177174476e-14,9.863436656e-14,4.575576454e-14,1.967838309e-13,2.139223447e-13,2.685966914e-13,6.39715728e-13,4.191119798e-13,1.145086851e-12,5.295407329e-14,5.181793866e-13,8.336198203e-14
19.984375,1.120791038e-12,3.283489879e-13,8.760643538e-13,5.540270145e-13,3.257960085e-13,9.024527499e-13,1.327115036e-13,6.569739831e-14,3.738313846e-14,1.533049268e-13,2.743429958e-13,1.564397382e-13,4.692945428e-13,7.528781922e-13,1.098690447e-12,1.591718144e-12,1.585252378e-12,9.447565129e-13,2.380736938e-13,5.564316962e-13,8.301280106e-14,9.86915019e-14,4.50267573e-14,1.96443847e-13,2.118134347e-13,2.661797961e-13,6.321441107e-13,4.18782776e-13,1.138383327e-12,5.191955062e-14,5.179525345e-13,8.274861204e-14
19.9921875,1.124077778e-12,3.267304167e-13,8.753644575e-13,5.550772756e-13,3.28520163e-13,9.063668837e-13,1.331119958e-13,6.477497042e-14,3.791342414e-14,1.527904304e-13,2.743400396e-13,1.558884072e-13,4.652324543e-13,7.517905868e-13,1.093507329e-12,1.579309852e-12,1.575414301e-12,9.374032119e-13,2.364727582e-13,5.487302116e-13,8.433220403e-14,9.871176932e-14,4.425582222e-14,1.960655949e-13,2.096055671e-13,2.636296339e-13,6.244400582e-13,4.185922269e-13,1.131084639e-12,5.086750193e-14,5.175372637e-13,8.212372121e-14
20,1.127739762e-12,3.254556867e-13,8.745684944e-13,5.563829849e-13,3.313804004e-13,9.105606949e-13,1.33468134e-13,6.382520273e-14,3.854491767e-14,1.523328655e-13,2.744437632e-13,1.554416604e-13,4.612392881e-13,7.508830919e-13,1.088158964e-12,1.566520737e-12,1.565229867e-12,9.299060789e-13,2.349650871e-13,5.408178237e-13,8.5706935e-14,9.881213882e-14,4.345908875e-14,1.95635617e-13,2.072861486e-13,2.608454171e-13,6.163907384e-13,4.186014925e-13,1.123258272e-12,4.979349047e-14,5.174514131e-13,8.149675891e-14
20.0078125,1.131016268e-12,3.240121363e-13,8.737931272e-13,5.576395415e-13,3.342062447e-13,9.148426362e-13,1.33859456e-13,6.285795902e-14,3.916859152e-14,1.519338023e-13,2.744060804e-13,1.550231e-13,4.571449895e-13,7.499658697e-13,1.082591101e-12,1.55328205e-12,1.554390215e-12,9.220993228e-13,2.333923821e-13,5.327030105e-13,8.711892737e-14,9.891045989e-14,4.265877372e-14,1.950183226e-13,2.048571124e-13,2.578936626e-13,6.079161687e-13,4.183210812e-13,1.114758084e-12,4.870042006e-14,5.175622474e-13,8.08374721e-14
20.015625,1.133995537e-12,3.224389242e-13,8.72842662e-13,5.58863836e-13,3.370438161e-13,9.189939125e-13,1.342602913e-13,6.192054295e-14,3.975101076e-14,1.515660711e-13,2.740999249e-13,1.545974309e-13,4.529710668e-13,7.490288488e-13,1.077195643e-12,1.540298335e-12,1.543296636e-12,9.141991565e-13,2.317585213e-13,5.246067162e-13,8.861672802e-14,9.897693656e-14,4.186086786e-14,1.942678565e-13,2.02384707e-13,2.549774975e-13,5.995121651e-13,4.178324854e-13,1.105795352e-12,4.760257223e-14,5.176331117e-13,8.017774984e-14
20.0234375,1.137273348e-12,3.212997002e-13,8.716489882e-13,5.601392326e-13,3.400085061e-13,9.230968914e-13,1.345898381e-13,6.097458938e-14,4.036428703e-14,1.512058095e-13,2.737077612e-13,1.542507284e-13,4.489146272e-13,7.484485488e-13,1.072077098e-12,1.527650246e-12,1.532451915e-12,9.065850815e-13,2.303071109e-13,5.164873582e-13,9.01652852e-14,9.910335493e-14,4.104026592e-14,1.934462095e-13,1.998990266e-13,2.519456992e-13,5.913889465e-13,4.175575068e-13,1.096820135e-12,4.650235434e-14,5.177810146e-13,7.951229661e-14
20.03125,1.140398939e-12,3.204007071e-13,8.702119175e-13,5.610273358e-13,3.428032305e-13,9.270563287e-13,1.348550504e-13,5.997134331e-14,4.097404858e-14,1.508885514e-13,2.733079535e-13,1.538666535e-13,4.44772426e-13,7.478432681e-13,1.066645837e-12,1.514523639e-12,1.521386804e-12,8.988990479e-13,2.289070304e-13,5.081421219e-13,9.167997736e-14,9.924965285e-14,4.018040967e-14,1.924737718e-13,1.973323686e-13,2.485839271e-13,5.831689999e-13,4.173423946e-13,1.087624153e-12,4.538746531e-14,5.180014328e-13,7.878239105e-14
20.0390625,1.143040532e-12,3.192195636e-13,8.684363534e-13,5.614691182e-13,3.453625815e-13,9.30669439e-13,1.350576523e-13,5.896424214e-14,4.154589595e-14,1.506497237e-13,2.728176519e-13,1.533031944e-13,4.402737943e-13,7.466094981e-13,1.060547811e-12,1.500619432e-12,1.509417398e-12,8.906449888e-13,2.272272812e-13,4.997241999e-13,9.322727939e-14,9.932236949e-14,3.929749728e-14,1.913531238e-13,1.946090406e-13,2.450484005e-13,5.74636997e-13,4.169453313e-13,1.077530405e-12,4.427442144e-14,5.181149233e-13,7.803433902e-14
20.046875,1.14580015e-12,3.180117896e-13,8.664353111e-13,5.61853651e-13,3.480313083e-13,9.340488105e-13,1.351892266e-13,5.799311524e-14,4.213747207e-14,1.504266009e-13,2.722839969e-13,1.527003216e-13,4.356076885e-13,7.452071796e-13,1.054217564e-12,1.486497744e-12,1.497009501e-12,8.821728769e-13,2.254109336e-13,4.913545243e-13,9.490357383e-14,9.937774874e-14,3.842454134e-14,1.901509648e-13,1.917699626e-13,2.414396649e-13,5.659570844e-13,4.165540658e-13,1.06652827e-12,4.3185194e-14,5.182568509e-13,7.733554419e-14
20.0546875,1.148665526e-12,3.171573592e-13,8.64535455e-13,5.623248356e-13,3.508178644e-13,9.3745951e-13,1.353370886e-13,5.701048012e-14,4.274810581e-14,1.501411125e-13,2.717820281e-13,1.522438491e-13,4.311165784e-13,7.443272061e-13,1.048360303e-12,1.472843416e-12,1.485106338e-12,8.741270446e-13,2.237945885e-13,4.828568511e-13,9.664296372e-14,9.947941334e-14,3.757166703e-14,1.888611384e-13,1.889571884e-13,2.376738807e-13,5.574000315e-13,4.161996669e-13,1.055356987e-12,4.21114831e-14,5.187603067e-13,7.662739309e-14
20.0625,1.15107502e-12,3.163314005e-13,8.627201022e-13,5.627878875e-13,3.534833001e-13,9.408816566e-13,1.355374119e-13,5.602204853e-14,4.331823774e-14,1.497991125e-13,2.712539158e-13,1.518556634e-13,4.267462605e-13,7.436520103e-13,1.043086667e-12,1.459799742e-12,1.4735928e-12,8.664474215e-13,2.222991778e-13,4.743853402e-13,9.837520846e-14,9.957637956e-14,3.670971848e-14,1.874834049e-13,1.862202351e-13,2.338462711e-13,5.490431729e-13,4.155950688e-13,1.044277562e-12,4.105702447e-14,5.195820428e-13,7.587682693e-14
20.0703125,1.153356639e-12,3.152634468e-13,8.607128719e-13,5.630367487e-13,3.561389156e-13,9.441235962e-13,1.357014945e-13,5.509628299e-14,4.387225521e-14,1.494628207e-13,2.706754245e-13,1.513985675e-13,4.2227819e-13,7.42712154e-13,1.037829253e-12,1.44690057e-12,1.461830958e-12,8.586951199e-13,2.207124765e-13,4.663118098e-13,1.001628863e-13,9.96536572e-14,3.582950819e-14,1.860666508e-13,1.834682539e-13,2.300209419e-13,5.406387051e-13,4.14789881e-13,1.032776839e-12,4.003192669e-14,5.204769405e-13,7.515623658e-14
20.078125,1.156032912e-12,3.143254257e-13,8.586345052e-13,5.630647043e-13,3.589812216e-13,9.472302053e-13,1.357960316e-13,5.421239497e-14,4.44591306e-14,1.491943385e-13,2.701192558e-13,1.509524474e-13,4.178169426e-13,7.418080595e-13,1.032402481e-12,1.433934472e-12,1.449957319e-12,8.509483007e-13,2.191381207e-13,4.58487937e-13,1.020199088e-13,9.976758919e-14,3.496262801e-14,1.846125767e-13,1.806640061e-13,2.260706639e-13,5.320880191e-13,4.14179447e-13,1.020731858e-12,3.901948121e-14,5.214623413e-13,7.447630524e-14
20.0859375,1.158602007e-12,3.137066778e-13,8.567001079e-13,5.631172251e-13,3.617785039e-13,9.502253956e-13,1.358523295e-13,5.331036908e-14,4.501943126e-14,1.489892497e-13,2.696003905e-13,1.505648706e-13,4.134335751e-13,7.410435162e-13,1.027183759e-12,1.421202639e-12,1.438194235e-12,8.434097843e-13,2.176733636e-13,4.505910583e-13,1.038183439e-13,9.988553368e-14,3.411128492e-14,1.830182256e-13,1.778524459e-13,2.220182631e-13,5.236096595e-13,4.137513835e-13,1.008536235e-12,3.802170765e-14,5.224696935e-13,7.378251284e-14
20.09375,1.16040512e-12,3.13017883e-13,8.546610113e-13,5.630799219e-13,3.642319205e-13,9.528901688e-13,1.358847121e-13,5.241233742e-14,4.550489641e-14,1.487832161e-13,2.690363772e-13,1.501094961e-13,4.089332588e-13,7.399998446e-13,1.022070246e-12,1.40862957e-12,1.426164064e-12,8.357590031e-13,2.16163414e-13,4.426731002e-13,1.055064079e-13,9.99363582e-14,3.32536053e-14,1.812340618e-13,1.75034912e-13,2.179555823e-13,5.152234576e-13,4.131006304e-13,9.961646231e-13,3.705948541e-14,5.232982608e-13,7.307914623e-14
20.1015625,1.161779117e-12,3.121555401e-13,8.523946557e-13,5.627616457e-13,3.66529552e-13,9.553730906e-13,1.359183125e-13,5.153202227e-14,4.598972752e-14,1.485762159e-13,2.6837498e-13,1.496434421e-13,4.043815041e-13,7.388881274e-13,1.016787968e-12,1.395934238e-12,1.413962173e-12,8.27912169e-13,2.146168231e-13,4.347879665e-13,1.072021984e-13,9.998737626e-14,3.240279512e-14,1.794011766e-13,1.721945308e-13,2.138187224e-13,5.068858906e-13,4.122443249e-13,9.834495511e-13,3.612516157e-14,5.241870436e-13,7.238457408e-14
20.109375,1.163345455e-12,3.114945843e-13,8.501947787e-13,5.623808439e-13,3.689529934e-13,9.580234552e-13,1.359302613e-13,5.063198545e-14,4.649719678e-14,1.484393803e-13,2.676617794e-13,1.493256947e-13,3.999486612e-13,7.381691567e-13,1.011661771e-12,1.383353725e-12,1.402082137e-12,8.202641267e-13,2.132226622e-13,4.269088189e-13,1.089741908e-13,1.001120779e-13,3.157232743e-14,1.775823835e-13,1.693234243e-13,2.096173923e-13,4.98777973e-13,4.115409611e-13,9.70584124e-13,3.521345977e-14,5.253687643e-13,7.168800236e-14
20.1171875,1.164928031e-12,3.110716299e-13,8.480488387e-13,5.618900928e-13,3.713828853e-13,9.605186668e-13,1.358548721e-13,4.972449559e-14,4.696775667e-14,1.483785196e-13,2.669187512e-13,1.490508727e-13,3.954759122e-13,7.37505076e-13,1.006725489e-12,1.370950408e-12,1.390180583e-12,8.127509837e-13,2.119057192e-13,4.191802861e-13,1.107494251e-13,1.002344642e-13,3.074811119e-14,1.756299301e-13,1.664054789e-13,2.054263479e-13,4.908173475e-13,4.109478089e-13,9.576284854e-13,3.433090657e-14,5.265524827e-13,7.100527319e-14
20.125,1.166105208e-12,3.105813609e-13,8.456728159e-13,5.610532486e-13,3.736885169e-13,9.624740428e-13,1.357264248e-13,4.883239037e-14,4.74390049e-14,1.483337555e-13,2.660895436e-13,1.487318637e-13,3.909240503e-13,7.366335157e-13,1.001495643e-12,1.358319472e-12,1.377844792e-12,8.051327075e-13,2.105301078e-13,4.115596362e-13,1.12457868e-13,1.003174674e-13,2.992993475e-14,1.735414085e-13,1.634841684e-13,2.011778033e-13,4.82769932e-13,4.102147885e-13,9.445306179e-13,3.345879328e-14,5.27626435e-13,7.035157115e-14
20.1328125,1.166939597e-12,3.099273514e-13,8.431480201e-13,5.601279001e-13,3.759448389e-13,9.642349982e-13,1.356123159e-13,4.793297266e-14,4.79524402e-14,1.483043355e-13,2.652035503e-13,1.484828039e-13,3.864299873e-13,7.358165633e-13,9.960845093e-13,1.345500781e-12,1.365480613e-12,7.975989249e-13,2.092098155e-13,4.038393722e-13,1.140885988e-13,1.004306952e-13,2.912977212e-14,1.71452992e-13,1.60609637e-13,1.968507701e-13,4.74823391e-13,4.093672688e-13,9.313625215e-13,3.259062153e-14,5.287791584e-13,6.970281601e-14
20.140625,1.167430656e-12,3.091111848e-13,8.406955088e-13,5.592365866e-13,3.780724249e-13,9.660576636e-13,1.354924141e-13,4.703493462e-14,4.843067197e-14,1.483405926e-13,2.643446601e-13,1.482763554e-13,3.819135878e-13,7.34921332e-13,9.908674611e-13,1.332785563e-12,1.353232401e-12,7.901102002e-13,2.079778489e-13,3.961513932e-13,1.156657567e-13,1.0055567e-13,2.834684742e-14,1.693177299e-13,1.577389792e-13,1.925148092e-13,4.671410201e-13,4.084457888e-13,9.179516571e-13,3.174896947e-14,5.299249431e-13,6.90381631e-14
20.1484375,1.167485055e-12,3.081941356e-13,8.382775609e-13,5.581305128e-13,3.799511231e-13,9.677143753e-13,1.353484021e-13,4.614267569e-14,4.884616745e-14,1.484266104e-13,2.634308859e-13,1.480364206e-13,3.774404763e-13,7.338020694e-13,9.85693783e-13,1.320115544e-12,1.340909457e-12,7.824856237e-13,2.067460044e-13,3.885713309e-13,1.172264462e-13,1.006333006e-13,2.75756324e-14,1.670928765e-13,1.548561641e-13,1.881143594e-13,4.595738693e-13,4.074081033e-13,9.042587003e-13,3.093039925e-14,5.310298763e-13,6.834674411e-14
20.15625,1.167471526e-12,3.074799097e-13,8.358083528e-13,5.569486441e-13,3.817060867e-13,9.691327811e-13,1.351851399e-13,4.521367627e-14,4.925021653e-14,1.485009337e-13,2.62341912e-13,1.478567533e-13,3.732114202e-13,7.328242063e-13,9.805309401e-13,1.307627629e-12,1.328815139e-12,7.749943753e-13,2.05586272e-13,3.808995659e-13,1.187629223e-13,1.007042034e-13,2.680826127e-14,1.648764533e-13,1.520047258e-13,1.836449124e-13,4.521864899e-13,4.063800802e-13,8.90703283e-13,3.012568267e-14,5.32267542e-13,6.763258786e-14
20.1640625,1.167412691e-12,3.07035352e-13,8.332278005e-13,5.558878596e-13,3.834125665e-13,9.703223254e-13,1.349714741e-13,4.42911703e-14,4.964320772e-14,1.485758642e-13,2.611255972e-13,1.477062176e-13,3.689855997e-13,7.318812733e-13,9.755621057e-13,1.295578198e-12,1.316921251e-12,7.676190968e-13,2.044886333e-13,3.734021433e-13,1.202624196e-13,1.007832643e-13,2.604026623e-14,1.626255374e-13,1.491424306e-13,1.79255164e-13,4.45063954e-13,4.054246913e-13,8.772570534e-13,2.935614169e-14,5.33450183e-13,6.694302091e-14
20.171875,1.166587817e-12,3.064533601e-13,8.30424277e-13,5.547110354e-13,3.849169827e-13,9.711480254e-13,1.347120584e-13,4.345736505e-14,5.000366924e-14,1.486968015e-13,2.598583543e-13,1.474245963e-13,3.645333521e-13,7.304512513e-13,9.705281911e-13,1.283652312e-12,1.304701614e-12,7.599292043e-13,2.032702128e-13,3.664513495e-13,1.217423071e-13,1.008067141e-13,2.52768404e-14,1.602550278e-13,1.462214019e-13,1.749045664e-13,4.37967101e-13,4.043236407e-13,8.635585838e-13,2.862046309e-14,5.342553855e-13,6.62979422e-14
20.1796875,1.165007502e-12,3.055771987e-13,8.276048094e-13,5.533443248e-13,3.862002409e-13,9.717569142e-13,1.344647754e-13,4.265167208e-14,5.031757424e-14,1.488499732e-13,2.58604034e-13,1.470881317e-13,3.601691999e-13,7.288213971e-13,9.652743365e-13,1.271606949e-12,1.292480324e-12,7.521416731e-13,2.019936638e-13,3.596482962e-13,1.231619811e-13,1.007859369e-13,2.451756144e-14,1.578518585e-13,1.433172684e-13,1.704164307e-13,4.309058149e-13,4.029786231e-13,8.499667028e-13,2.789363782e-14,5.348473876e-13,6.564603092e-14
20.1875,1.163517668e-12,3.047497535e-13,8.252153255e-13,5.519525753e-13,3.874729118e-13,9.724819393e-13,1.342389493e-13,4.179918929e-14,5.058842835e-14,1.490295814e-13,2.57467866e-13,1.468774392e-13,3.561094142e-13,7.276398396e-13,9.601983636e-13,1.259820452e-12,1.280907602e-12,7.447985602e-13,2.008763476e-13,3.527032459e-13,1.24502203e-13,1.008013878e-13,2.376467893e-14,1.554357435e-13,1.404818345e-13,1.658283578e-13,4.241818907e-13,4.016422758e-13,8.368886538e-13,2.718699114e-14,5.355770766e-13,6.496605907e-14
20.1953125,1.162127462e-12,3.041430131e-13,8.230106368e-13,5.504401612e-13,3.887065581e-13,9.732123875e-13,1.339833332e-13,4.094876204e-14,5.086555267e-14,1.492570829e-13,2.563603492e-13,1.467411571e-13,3.520941171e-13,7.266665959e-13,9.553976968e-13,1.248461541e-12,1.269657507e-12,7.377731365e-13,1.998669454e-13,3.460060238e-13,1.25844453e-13,1.008491891e-13,2.303625527e-14,1.529547848e-13,1.376587378e-13,1.612280129e-13,4.177319335e-13,4.004826297e-13,8.239008455e-13,2.651859493e-14,5.363979386e-13,6.428937351e-14
20.203125,1.160170183e-12,3.03515788e-13,8.20284776e-13,5.486572708e-13,3.895665095e-13,9.735170051e-13,1.33661342e-13,4.01111192e-14,5.111887744e-14,1.494926014e-13,2.550701684e-13,1.465120694e-13,3.479172603e-13,7.252294081e-13,9.505023065e-13,1.237245749e-12,1.258234695e-12,7.306659254e-13,1.987987961e-13,3.394890359e-13,1.271482101e-13,1.00842709e-13,2.233423906e-14,1.505058698e-13,1.348193347e-13,1.56577063e-13,4.113302733e-13,3.992911969e-13,8.106616753e-13,2.587793895e-14,5.369972413e-13,6.361652244e-14
20.2109375,1.157647166e-12,3.027260493e-13,8.172022494e-13,5.466834627e-13,3.900470704e-13,9.733280021e-13,1.332873664e-13,3.924245201e-14,5.126206315e-14,1.497034454e-13,2.537223231e-13,1.461849535e-13,3.436954582e-13,7.233580192e-13,9.454570706e-13,1.226079496e-12,1.246763088e-12,7.234449233e-13,1.97705e-13,3.327466046e-13,1.282734215e-13,1.00764427e-13,2.163769834e-14,1.481055328e-13,1.319994814e-13,1.519331773e-13,4.050727793e-13,3.979001708e-13,7.974680591e-13,2.526506042e-14,5.373382055e-13,6.294469228e-14
20.21875,1.154973604e-12,3.020286448e-13,8.143139932e-13,5.446520149e-13,3.905072136e-13,9.729459427e-13,1.328769327e-13,3.838898009e-14,5.137540005e-14,1.499606362e-13,2.525446359e-13,1.459047338e-13,3.395925788e-13,7.215168595e-13,9.4046799e-13,1.215067469e-12,1.235392772e-12,7.162890887e-13,1.967236936e-13,3.261140341e-13,1.29296215e-13,1.007035032e-13,2.094147225e-14,1.456105921e-13,1.292181028e-13,1.474083389e-13,3.991041627e-13,3.965176576e-13,7.845354315e-13,2.46835801e-14,5.376747853e-13,6.23067883e-14
20.2265625,1.152346763e-12,3.016413414e-13,8.11302759e-13,5.426560634e-13,3.910291172e-13,9.724873054e-13,1.324045035e-13,3.759139607e-14,5.157303924e-14,1.503102022e-13,2.513274289e-13,1.457389705e-13,3.356260614e-13,7.19786213e-13,9.355127087e-13,1.204234497e-12,1.224139583e-12,7.093688421e-13,1.958912504e-13,3.198979477e-13,1.303564344e-13,1.007084781e-13,2.025553157e-14,1.430751002e-13,1.264673321e-13,1.429622414e-13,3.933669785e-13,3.953258227e-13,7.717197027e-13,2.411545974e-14,5.38051589e-13,6.170353391e-14
20.234375,1.149793166e-12,3.013069271e-13,8.078305306e-13,5.406962611e-13,3.91464552e-13,9.71886663e-13,1.318859418e-13,3.680488037e-14,5.177365164e-14,1.506683075e-13,2.498066869e-13,1.455883344e-13,3.317352485e-13,7.179951463e-13,9.305093711e-13,1.193569733e-12,1.213035975e-12,7.026942693e-13,1.951098545e-13,3.137201474e-13,1.313545173e-13,1.007217721e-13,1.958429063e-14,1.406426324e-13,1.237439708e-13,1.385263397e-13,3.877372985e-13,3.941502232e-13,7.588063872e-13,2.355915451e-14,5.382447629e-13,6.110691107e-14
20.2421875,1.146893836e-12,3.007012703e-13,8.04321106e-13,5.386389339e-13,3.91755116e-13,9.711771257e-13,1.313982416e-13,3.602653823e-14,5.189478705e-14,1.509548285e-13,2.481749763e-13,1.453669997e-13,3.278652933e-13,7.160546016e-13,9.255490717e-13,1.183063016e-12,1.201953901e-12,6.960117285e-13,1.942842759e-13,3.075751952e-13,1.321743149e-13,1.006921753e-13,1.893878823e-14,1.382090654e-13,1.210542484e-13,1.340946531e-13,3.821465771e-13,3.928272999e-13,7.457061324e-13,2.303204854e-14,5.381582474e-13,6.052757934e-14
20.25,1.14310899e-12,2.999590296e-13,8.00970456e-13,5.363846804e-13,3.917711201e-13,9.702677596e-13,1.309322151e-13,3.527526922e-14,5.198589172e-14,1.512142238e-13,2.466769068e-13,1.451258411e-13,3.239832642e-13,7.138957297e-13,9.207193556e-13,1.172759109e-12,1.190852966e-12,6.891663632e-13,1.934448158e-13,3.01826435e-13,1.328785054e-13,1.006236787e-13,1.832766279e-14,1.356664966e-13,1.184017363e-13,1.296725597e-13,3.76684482e-13,3.914713787e-13,7.326712353e-13,2.253806095e-14,5.379059223e-13,5.99804746e-14
20.2578125,1.138767561e-12,2.992781309e-13,7.974978782e-13,5.338920501e-13,3.914648186e-13,9.689157619e-13,1.304059984e-13,3.450935532e-14,5.205686928e-14,1.515092342e-13,2.452325969e-13,1.448975868e-13,3.201148533e-13,7.115775554e-13,9.159323519e-13,1.162700928e-12,1.179948095e-12,6.823901667e-13,1.926367048e-13,2.962688504e-13,1.335001869e-13,1.005212596e-13,1.772947979e-14,1.331132052e-13,1.15785595e-13,1.253360089e-13,3.714988953e-13,3.901157768e-13,7.200888971e-13,2.207747121e-14,5.375711203e-13,5.945381508e-14
20.265625,1.134393087e-12,2.985091822e-13,7.937999884e-13,5.311432369e-13,3.910500096e-13,9.671557108e-13,1.298268669e-13,3.374273369e-14,5.207182581e-14,1.517920966e-13,2.437172832e-13,1.446246487e-13,3.163316303e-13,7.091945583e-13,9.110339002e-13,1.152776642e-12,1.169291827e-12,6.758821431e-13,1.918188049e-13,2.906636335e-13,1.34000565e-13,1.003876223e-13,1.712672527e-14,1.306066041e-13,1.132201712e-13,1.211468641e-13,3.665557161e-13,3.885270322e-13,7.078592538e-13,2.16354712e-14,5.370783974e-13,5.89529784e-14
20.2734375,1.129592867e-12,2.975516201e-13,7.89927004e-13,5.28364893e-13,3.905697747e-13,9.652050949e-13,1.292389294e-13,3.304822946e-14,5.204531023e-14,1.519934128e-13,2.421388126e-13,1.443473753e-13,3.126733912e-13,7.066167505e-13,9.060622337e-13,1.142945808e-12,1.158712555e-12,6.69491699e-13,1.909983647e-13,2.852246291e-13,1.344243683e-13,1.002304865e-13,1.654439959e-14,1.281142697e-13,1.107184155e-13,1.170298259e-13,3.617806518e-13,3.866204002e-13,6.955985578e-13,2.117960578e-14,5.363438461e-13,5.847916574e-14
20.28125,1.124043801e-12,2.965304743e-13,7.860486377e-13,5.257916058e-13,3.89899396e-13,9.630764007e-13,1.286324221e-13,3.239497162e-14,5.198865967e-14,1.521513749e-13,2.405127737e-13,1.441859824e-13,3.091235565e-13,7.038480602e-13,9.011964555e-13,1.133352295e-12,1.148109195e-12,6.630928157e-13,1.902445121e-13,2.799640075e-13,1.348165597e-13,1.000464484e-13,1.599996165e-14,1.25640744e-13,1.082620119e-13,1.129651368e-13,3.572395884e-13,3.846026793e-13,6.834420904e-13,2.071980646e-14,5.354572348e-13,5.800192907e-14
20.2890625,1.118194388e-12,2.954785397e-13,7.823905325e-13,5.231813974e-13,3.891003349e-13,9.607333407e-13,1.280350604e-13,3.170287342e-14,5.190570007e-14,1.523414784e-13,2.388331621e-13,1.440922089e-13,3.056284111e-13,7.011172703e-13,8.964343018e-13,1.12399087e-12,1.137521977e-12,6.568157766e-13,1.895243232e-13,2.747773959e-13,1.351193086e-13,9.984087782e-14,1.54694335e-14,1.231788484e-13,1.058534566e-13,1.090489862e-13,3.529330524e-13,3.825474375e-13,6.718247307e-13,2.029164326e-14,5.345229817e-13,5.752630256e-14
20.296875,1.112160765e-12,2.943914104e-13,7.787394321e-13,5.203162674e-13,3.881170999e-13,9.582502568e-13,1.274811225e-13,3.098739729e-14,5.18215403e-14,1.525590149e-13,2.37096793e-13,1.439203986e-13,3.021449356e-13,6.982951399e-13,8.916329125e-13,1.114749965e-12,1.127104875e-12,6.507421518e-13,1.887569515e-13,2.698270776e-13,1.353044413e-13,9.961981714e-14,1.494379414e-14,1.207360171e-13,1.035251831e-13,1.052499253e-13,3.48760728e-13,3.803694287e-13,6.606356308e-13,1.988493879e-14,5.334193038e-13,5.709248519e-14
20.3046875,1.105604998e-12,2.933250582e-13,7.746615384e-13,5.174222611e-13,3.86696273e-13,9.555196862e-13,1.268906874e-13,3.029505663e-14,5.171072514e-14,1.527413225e-13,2.352966601e-13,1.436469194e-13,2.986406329e-13,6.95028379e-13,8.867064467e-13,1.10564817e-12,1.116878445e-12,6.446907334e-13,1.87938074e-13,2.650860728e-13,1.354108666e-13,9.935167597e-14,1.444113299e-14,1.183396922e-13,1.012356606e-13,1.014517377e-13,3.447354184e-13,3.781592594e-13,6.493978535e-13,1.948073461e-14,5.319316623e-13,5.670178392e-14
20.3125,1.098611873e-12,2.921713258e-13,7.701750021e-13,5.144584384e-13,3.849064595e-13,9.522881623e-13,1.262001042e-13,2.961758422e-14,5.152731769e-14,1.528578446e-13,2.334260152e-13,1.43312137e-13,2.950586112e-13,6.913563882e-13,8.815843804e-13,1.0966647e-12,1.106623415e-12,6.384422083e-13,1.87081636e-13,2.603774984e-13,1.354345345e-13,9.901428878e-14,1.395658823e-14,1.159306373e-13,9.891504088e-14,9.768833189e-14,3.409388626e-13,3.759874693e-13,6.380563081e-13,1.909655919e-14,5.300590185e-13,5.63373288e-14
20.3203125,1.091399044e-12,2.908373379e-13,7.656874721e-13,5.111319825e-13,3.83051934e-13,9.48662454e-13,1.254780603e-13,2.892191735e-14,5.130184188e-14,1.529564626e-13,2.314793934e-13,1.429789079e-13,2.914595365e-13,6.876152841e-13,8.763349009e-13,1.087739222e-12,1.096379374e-12,6.321092627e-13,1.862302406e-13,2.557861616e-13,1.353821116e-13,9.865139505e-14,1.348051104e-14,1.135107191e-13,9.66137399e-14,9.405136493e-14,3.373979841e-13,3.737272566e-13,6.269965568e-13,1.874797706e-14,5.280439934e-13,5.598960591e-14
20.328125,1.083878736e-12,2.894877338e-13,7.615447889e-13,5.076585592e-13,3.811978419e-13,9.449993322e-13,1.247687888e-13,2.819119223e-14,5.106102919e-14,1.530913094e-13,2.295170135e-13,1.427398007e-13,2.880222407e-13,6.839868518e-13,8.712076732e-13,1.078939488e-12,1.086419189e-12,6.259801524e-13,1.854763051e-13,2.513284445e-13,1.353163658e-13,9.830528092e-14,1.303028536e-14,1.111930416e-13,9.44004045e-14,9.051205793e-14,3.341063843e-13,3.713800816e-13,6.164738657e-13,1.843440271e-14,5.260538663e-13,5.563136576e-14
20.3359375,1.076028562e-12,2.881490478e-13,7.577156754e-13,5.042739679e-13,3.792929208e-13,9.413064971e-13,1.240360754e-13,2.745735536e-14,5.078229257e-14,1.532178147e-13,2.276625293e-13,1.425730897e-13,2.847534401e-13,6.803875231e-13,8.66230647e-13,1.070251224e-12,1.076612536e-12,6.199799164e-13,1.848176204e-13,2.468931019e-13,1.352310958e-13,9.796142918e-14,1.261027879e-14,1.089192001e-13,9.22260048e-14,8.700226418e-14,3.310024161e-13,3.690374409e-13,6.063449024e-13,1.81477973e-14,5.240356762e-13,5.52684051e-14
20.34375,1.067933106e-12,2.865815825e-13,7.538757004e-13,5.007648485e-13,3.77388698e-13,9.374276079e-13,1.232821976e-13,2.676502092e-14,5.05028649e-14,1.532659035e-13,2.259247941e-13,1.42411295e-13,2.815751174e-13,6.767551301e-13,8.611834918e-13,1.061484932e-12,1.066751568e-12,6.138771092e-13,1.841913765e-13,2.425218481e-13,1.350874734e-13,9.761369148e-14,1.220301937e-14,1.065955946e-13,9.006101249e-14,8.353300644e-14,3.280189578e-13,3.666365261e-13,5.963548124e-13,1.786937399e-14,5.219272399e-13,5.494346391e-14
20.3515625,1.059529528e-12,2.847603755e-13,7.498872265e-13,4.971473956e-13,3.754224108e-13,9.334085655e-13,1.225190873e-13,2.608829333e-14,5.025213e-14,1.53270099e-13,2.241878622e-13,1.4228917e-13,2.785203729e-13,6.731697869e-13,8.56037018e-13,1.052613659e-12,1.057097515e-12,6.078157973e-13,1.836298286e-13,2.381233398e-13,1.349189652e-13,9.727218642e-14,1.180995521e-14,1.043743872e-13,8.796004981e-14,8.016430105e-14,3.252389742e-13,3.641845493e-13,5.865403768e-13,1.760024492e-14,5.195886031e-13,5.463145277e-14
20.359375,1.050752068e-12,2.829354839e-13,7.458683872e-13,4.936108393e-13,3.732067532e-13,9.291644818e-13,1.217241383e-13,2.539315377e-14,4.994393295e-14,1.532977283e-13,2.224038472e-13,1.42168442e-13,2.754734989e-13,6.695115049e-13,8.509905902e-13,1.043949347e-12,1.047829097e-12,6.019974521e-13,1.831490622e-13,2.336140457e-13,1.347181256e-13,9.690196985e-14,1.144080473e-14,1.022974252e-13,8.593199795e-14,7.693707029e-14,3.227701725e-13,3.617969842e-13,5.771194965e-13,1.736774385e-14,5.167680923e-13,5.428508706e-14
20.3671875,1.041777208e-12,2.812937764e-13,7.418491602e-13,4.900714203e-13,3.707933877e-13,9.246420738e-13,1.209199796e-13,2.471618715e-14,4.955372323e-14,1.533206486e-13,2.205875953e-13,1.419386398e-13,2.722732269e-13,6.655850058e-13,8.461963724e-13,1.035792151e-12,1.038759141e-12,5.964418666e-13,1.826891664e-13,2.293234008e-13,1.344252128e-13,9.648838807e-14,1.108837457e-14,1.00164891e-13,8.395256046e-14,7.384057619e-14,3.204903766e-13,3.594664992e-13,5.68096398e-13,1.717733349e-14,5.135586123e-13,5.395255494e-14
20.375,1.032867896e-12,2.798351623e-13,7.37704896e-13,4.866029755e-13,3.683617793e-13,9.201626046e-13,1.201280157e-13,2.406902861e-14,4.917752276e-14,1.532551333e-13,2.187245148e-13,1.416436297e-13,2.690698025e-13,6.615367158e-13,8.415703286e-13,1.02797596e-12,1.029807763e-12,5.912425777e-13,1.822590452e-13,2.253805017e-13,1.340495056e-13,9.608274138e-14,1.074870707e-14,9.800727227e-14,8.20291854e-14,7.082857661e-14,3.182328068e-13,3.571655563e-13,5.593394761e-13,1.700626229e-14,5.102141676e-13,5.368736012e-14
20.3828125,1.023903681e-12,2.783605845e-13,7.333289908e-13,4.833127901e-13,3.658226167e-13,9.156830911e-13,1.193023483e-13,2.341441225e-14,4.88200727e-14,1.530888455e-13,2.168451749e-13,1.413567418e-13,2.659724497e-13,6.574683547e-13,8.368386862e-13,1.020095367e-12,1.020979806e-12,5.862577209e-13,1.818817354e-13,2.21498915e-13,1.335943772e-13,9.56863633e-14,1.042824083e-14,9.599386805e-14,8.015146083e-14,6.789196809e-14,3.16092387e-13,3.548736246e-13,5.508681543e-13,1.683765419e-14,5.066178838e-13,5.345532316e-14
20.390625,1.014480912e-12,2.766580604e-13,7.288609253e-13,4.798790501e-13,3.630695094e-13,9.107757909e-13,1.184488147e-13,2.276543514e-14,4.842130053e-14,1.529129988e-13,2.150315344e-13,1.410599752e-13,2.628533052e-13,6.532374287e-13,8.319149119e-13,1.012071366e-12,1.012176019e-12,5.810767226e-13,1.815110237e-13,2.177082234e-13,1.330553783e-13,9.525435508e-14,1.012689466e-14,9.400522797e-14,7.831067025e-14,6.507273687e-14,3.142063388e-13,3.525026037e-13,5.427396592e-13,1.667489497e-14,5.027495076e-13,5.322456517e-14
20.3984375,1.004556824e-12,2.747682809e-13,7.245190119e-13,4.761658984e-13,3.602056086e-13,9.056132673e-13,1.176255898e-13,2.21387254e-14,4.800187756e-14,1.527990088e-13,2.132687253e-13,1.407694906e-13,2.597269852e-13,6.488785551e-13,8.269549037e-13,1.004011477e-12,1.003363531e-12,5.757582015e-13,1.811388821e-13,2.141081927e-13,1.325163022e-13,9.480341146e-14,9.842564148e-15,9.19040517e-14,7.6529801e-14,6.237011955e-14,3.124902871e-13,3.500769286e-13,5.348953748e-13,1.653742208e-14,4.988250257e-13,5.300577656e-14
20.40625,9.942708858e-13,2.727706124e-13,7.200811425e-13,4.724320794e-13,3.571786899e-13,9.004084075e-13,1.168032816e-13,2.149495303e-14,4.756838244e-14,1.527087494e-13,2.11423098e-13,1.404708656e-13,2.566622754e-13,6.443980311e-13,8.21958593e-13,9.959072463e-13,9.945362721e-13,5.706258962e-13,1.80768478e-13,2.104058125e-13,1.319657853e-13,9.433728592e-14,9.576487031e-15,8.982281771e-14,7.480200378e-14,5.973649255e-14,3.10859111e-13,3.476287418e-13,5.27274025e-13,1.643866995e-14,4.946775783e-13,5.279547508e-14
20.4140625,9.83488956e-13,2.705847917e-13,7.152577091e-13,4.686825875e-13,3.538831829e-13,8.947422819e-13,1.159285536e-13,2.083405968e-14,4.709175382e-14,1.52599666e-13,2.094192098e-13,1.400921849e-13,2.536142644e-13,6.396404406e-13,8.168082662e-13,9.878051878e-13,9.856461399e-13,5.655462748e-13,1.803488936e-13,2.065865483e-13,1.312697733e-13,9.380639297e-14,9.327203345e-15,8.784460341e-14,7.310863082e-14,5.718938635e-14,3.093283357e-13,3.450502179e-13,5.198475414e-13,1.636721039e-14,4.901670196e-13,5.259137711e-14
20.421875,9.723087654e-13,2.682603516e-13,7.103345371e-13,4.648283715e-13,3.504881425e-13,8.886764047e-13,1.150244956e-13,2.019851141e-14,4.660124793e-14,1.524914262e-13,2.073412285e-13,1.396701417e-13,2.506390734e-13,6.34743616e-13,8.11496936e-13,9.796968932e-13,9.767124699e-13,5.602943613e-13,1.798890891e-13,2.029553811e-13,1.304780364e-13,9.323641025e-14,9.100221508e-15,8.586798345e-14,7.145285753e-14,5.480071641e-14,3.078719406e-13,3.424432261e-13,5.125986596e-13,1.630608774e-14,4.855614588e-13,5.242715367e-14
20.4296875,9.61147022e-13,2.659614807e-13,7.055336677e-13,4.610343371e-13,3.470666493e-13,8.827797028e-13,1.141184996e-13,1.958195115e-14,4.610547309e-14,1.523604157e-13,2.052797569e-13,1.392681364e-13,2.477329865e-13,6.298708351e-13,8.060654327e-13,9.714663418e-13,9.678030722e-13,5.550172582e-13,1.79450909e-13,1.994574689e-13,1.297297351e-13,9.268654112e-14,8.906446856e-15,8.386601057e-14,6.982178592e-14,5.258292499e-14,3.065560703e-13,3.399942302e-13,5.056066935e-13,1.625385233e-14,4.808167303e-13,5.232673802e-14
20.4375,9.499572645e-13,2.636647399e-13,7.006210686e-13,4.573656781e-13,3.434849099e-13,8.768744644e-13,1.132171283e-13,1.896768365e-14,4.556522725e-14,1.521410753e-13,2.032254228e-13,1.388542439e-13,2.447303197e-13,6.248698673e-13,8.00722779e-13,9.633672009e-13,9.590674038e-13,5.499475014e-13,1.790373849e-13,1.960358422e-13,1.289882039e-13,9.211842798e-14,8.735966934e-15,8.193148333e-14,6.822654388e-14,5.047457372e-14,3.054935819e-13,3.375042917e-13,4.989442477e-13,1.621904123e-14,4.757163898e-13,5.225183472e-14
20.4453125,9.384093923e-13,2.613717491e-13,6.956741373e-13,4.537377868e-13,3.397569042e-13,8.7057532e-13,1.123280881e-13,1.83728903e-14,4.499315622e-14,1.518587552e-13,2.0120379e-13,1.384185776e-13,2.416750419e-13,6.197150432e-13,7.957411e-13,9.557695734e-13,9.506389865e-13,5.451188609e-13,1.786327434e-13,1.929122705e-13,1.282458912e-13,9.148510932e-14,8.571887013e-15,8.011106011e-14,6.670554344e-14,4.842434435e-14,3.045168831e-13,3.348588799e-13,4.925150339e-13,1.621120833e-14,4.704895611e-13,5.214607088e-14
20.453125,9.266250684e-13,2.592296219e-13,6.909396082e-13,4.501077527e-13,3.359020065e-13,8.641741886e-13,1.114334198e-13,1.779648506e-14,4.441432997e-14,1.516119245e-13,1.992439971e-13,1.379823287e-13,2.387267746e-13,6.145049633e-13,7.909685814e-13,9.485034368e-13,9.423672668e-13,5.403733195e-13,1.782369918e-13,1.899803515e-13,1.275878878e-13,9.082248627e-14,8.425208173e-15,7.83730189e-14,6.52288182e-14,4.645371694e-14,3.03447549e-13,3.323626066e-13,4.862672742e-13,1.622748737e-14,4.652899229e-13,5.202231936e-14
20.4609375,9.148808334e-13,2.570730839e-13,6.860950952e-13,4.463725822e-13,3.318919582e-13,8.578560069e-13,1.105382269e-13,1.722022061e-14,4.381738644e-14,1.514268403e-13,1.9721213e-13,1.375180577e-13,2.358316146e-13,6.091739605e-13,7.860914703e-13,9.412670979e-13,9.341028315e-13,5.356154819e-13,1.778382424e-13,1.869363056e-13,1.269111867e-13,9.016635623e-14,8.306126358e-15,7.668258256e-14,6.375889568e-14,4.459542607e-14,3.024513527e-13,3.299905805e-13,4.802739555e-13,1.624680175e-14,4.599357967e-13,5.192711597e-14
20.46875,9.030583097e-13,2.54512179e-13,6.808546452e-13,4.424826629e-13,3.278810261e-13,8.513602217e-13,1.096898354e-13,1.66441973e-14,4.320524733e-14,1.512314474e-13,1.95020678e-13,1.370118644e-13,2.32902975e-13,6.037129835e-13,7.811335254e-13,9.340402576e-13,9.259568016e-13,5.309372046e-13,1.774337083e-13,1.838514097e-13,1.260765666e-13,8.94998925e-14,8.192013157e-15,7.502563921e-14,6.233395806e-14,4.280599518e-14,3.016246232e-13,3.273325342e-13,4.744208731e-13,1.625927128e-14,4.543728767e-13,5.184452911e-14
20.4765625,8.909600522e-13,2.516489967e-13,6.756146405e-13,4.38553635e-13,3.239356013e-13,8.446831192e-13,1.088856518e-13,1.606941804e-14,4.258485576e-14,1.509768739e-13,1.928305531e-13,1.365059303e-13,2.299601636e-13,5.981969937e-13,7.761571539e-13,9.267552509e-13,9.17900832e-13,5.263183084e-13,1.770274466e-13,1.808614585e-13,1.252047967e-13,8.880193946e-14,8.07061421e-15,7.339201136e-14,6.096310513e-14,4.106155439e-14,3.007882364e-13,3.244357557e-13,4.68587991e-13,1.628096212e-14,4.48671388e-13,5.174766537e-14
20.484375,8.788313067e-13,2.489728742e-13,6.707475687e-13,4.346176169e-13,3.199350298e-13,8.380754504e-13,1.080971328e-13,1.549630756e-14,4.195685071e-14,1.507055119e-13,1.907661604e-13,1.360482064e-13,2.270339629e-13,5.926886839e-13,7.711923654e-13,9.19473142e-13,9.098600248e-13,5.217131109e-13,1.766339264e-13,1.778619095e-13,1.244487693e-13,8.809057383e-14,7.965518576e-15,7.179625105e-14,5.96187725e-14,3.944176393e-14,2.999182105e-13,3.216570383e-13,4.630522673e-13,1.631988977e-14,4.429352915e-13,5.167144618e-14
20.4921875,8.669980924e-13,2.465528718e-13,6.661120092e-13,4.306247318e-13,3.158792266e-13,8.316016158e-13,1.073499021e-13,1.493832325e-14,4.133109059e-14,1.504756004e-13,1.887488973e-13,1.356353269e-13,2.241577938e-13,5.873135759e-13,7.665160833e-13,9.125979985e-13,9.020939341e-13,5.173513659e-13,1.762998409e-13,1.748068203e-13,1.237724725e-13,8.739674606e-14,7.892937892e-15,7.02672124e-14,5.834079619e-14,3.798099302e-14,2.991812409e-13,3.190055799e-13,4.580613207e-13,1.636926285e-14,4.3723948e-13,5.163365151e-14
20.5,8.551789302e-13,2.439891523e-13,6.615042205e-13,4.266661343e-13,3.11732644e-13,8.252085549e-13,1.066676394e-13,1.44032694e-14,4.068779399e-14,1.503037982e-13,1.867094591e-13,1.351937171e-13,2.212918859e-13,5.820058267e-13,7.622243034e-13,9.061992713e-13,8.946777964e-13,5.132859933e-13,1.76023864e-13,1.718030213e-13,1.230993661e-13,8.670461072e-14,7.844009942e-15,6.877753762e-14,5.716194614e-14,3.661073881e-14,2.985594703e-13,3.163609517e-13,4.534231301e-13,1.643656709e-14,4.313809478e-13,5.159925739e-14
20.5078125,8.429818532e-13,2.411085582e-13,6.568133802e-13,4.228796011e-13,3.07355586e-13,8.188806282e-13,1.060270633e-13,1.388856535e-14,4.001199307e-14,1.501793953e-13,1.846489763e-13,1.346595949e-13,2.183509281e-13,5.765070595e-13,7.57995767e-13,8.998289263e-13,8.872542283e-13,5.091864883e-13,1.75721625e-13,1.689357913e-13,1.224081994e-13,8.597845711e-14,7.808635209e-15,6.728490978e-14,5.602880754e-14,3.530390871e-14,2.978318688e-13,3.137635399e-13,4.488944863e-13,1.652676154e-14,4.252097564e-13,5.156717493e-14
20.515625,8.306868407e-13,2.382311004e-13,6.518799022e-13,4.19245286e-13,3.028338429e-13,8.125173488e-13,1.053928634e-13,1.338875721e-14,3.935146457e-14,1.500503276e-13,1.82574516e-13,1.340601478e-13,2.15382895e-13,5.708422658e-13,7.536811279e-13,8.933225304e-13,8.797188784e-13,5.049607532e-13,1.753462294e-13,1.661979833e-13,1.217230769e-13,8.522625235e-14,7.782220387e-15,6.582440392e-14,5.48989191e-14,3.408889932e-14,2.969210194e-13,3.112092114e-13,4.444375076e-13,1.662186964e-14,4.18936858e-13,5.15720772e-14
20.5234375,8.186162414e-13,2.356402802e-13,6.468080961e-13,4.155543512e-13,2.98333211e-13,8.059371726e-13,1.047554607e-13,1.289327853e-14,3.872840501e-14,1.498735884e-13,1.805309868e-13,1.334683175e-13,2.124692366e-13,5.652426261e-13,7.494512568e-13,8.87014765e-13,8.723393401e-13,5.008343978e-13,1.749421009e-13,1.634954056e-13,1.210989346e-13,8.447048165e-14,7.762357515e-15,6.443390136e-14,5.37967112e-14,3.296779008e-14,2.960754552e-13,3.086331137e-13,4.40177111e-13,1.671549763e-14,4.126856776e-13,5.16067146e-14
20.53125,8.066424593e-13,2.331181835e-13,6.419840258e-13,4.115922101e-13,2.938854178e-13,7.99205743e-13,1.041682969e-13,1.240736998e-14,3.80998629e-14,1.497014558e-13,1.785455059e-13,1.329194335e-13,2.096074439e-13,5.598233232e-13,7.454449999e-13,8.811330154e-13,8.652781877e-13,4.969106682e-13,1.745776359e-13,1.607474553e-13,1.205243841e-13,8.372289305e-14,7.753154519e-15,6.309359171e-14,5.276041377e-14,3.192865583e-14,2.954962496e-13,3.060104399e-13,4.36342782e-13,1.681504744e-14,4.064147087e-13,5.162832341e-14
20.5390625,7.948500677e-13,2.303782808e-13,6.374552089e-13,4.07461375e-13,2.895650355e-13,7.926560336e-13,1.036735651e-13,1.195157737e-14,3.745834731e-14,1.495632806e-13,1.765782336e-13,1.323977011e-13,2.068152513e-13,5.546486917e-13,7.417135818e-13,8.755288106e-13,8.5852641e-13,4.931734676e-13,1.742895566e-13,1.579672825e-13,1.199380944e-13,8.300383783e-14,7.76229483e-15,6.181087333e-14,5.179589583e-14,3.096336767e-14,2.949878284e-13,3.033385304e-13,4.328886186e-13,1.69122804e-14,4.001740517e-13,5.1626375e-14
20.546875,7.834119091e-13,2.276096709e-13,6.329153984e-13,4.03515498e-13,2.853624239e-13,7.863651756e-13,1.032018122e-13,1.151593882e-14,3.683266885e-14,1.49377453e-13,1.746102318e-13,1.318809219e-13,2.040641147e-13,5.49622833e-13,7.381757165e-13,8.700021992e-13,8.520246965e-13,4.895976423e-13,1.740529655e-13,1.551986724e-13,1.193494103e-13,8.23037814e-14,7.791767955e-15,6.059980141e-14,5.087446774e-14,3.007906966e-14,2.943742955e-13,3.007231293e-13,4.295298426e-13,1.70116965e-14,3.938896049e-13,5.163440444e-14
20.5546875,7.71969492e-13,2.249950245e-13,6.282800232e-13,3.998601861e-13,2.810511871e-13,7.800358734e-13,1.026919934e-13,1.107369297e-14,3.621130672e-14,1.491356318e-13,1.726487164e-13,1.313581529e-13,2.012593639e-13,5.44441172e-13,7.346389185e-13,8.645908963e-13,8.457308889e-13,4.861117404e-13,1.738036987e-13,1.524829489e-13,1.187791998e-13,8.15770906e-14,7.835543378e-15,5.941849256e-14,4.997979538e-14,2.930290153e-14,2.938332084e-13,2.982583222e-13,4.263063835e-13,1.713773127e-14,3.874567755e-13,5.166731898e-14
20.5625,7.601715755e-13,2.223364947e-13,6.236755203e-13,3.962851971e-13,2.765693911e-13,7.734547261e-13,1.021760602e-13,1.063652638e-14,3.557539247e-14,1.489188535e-13,1.7069562e-13,1.308160582e-13,1.984584401e-13,5.390293909e-13,7.310850623e-13,8.59390682e-13,8.395830682e-13,4.82624698e-13,1.735151236e-13,1.498726124e-13,1.182226156e-13,8.081688067e-14,7.889507894e-15,5.826567138e-14,4.911824808e-14,2.861575267e-14,2.934671114e-13,2.958101582e-13,4.233159053e-13,1.728369537e-14,3.810516835e-13,5.169768139e-14
20.5703125,7.481089308e-13,2.196535236e-13,6.191427711e-13,3.926559394e-13,2.721000499e-13,7.666222318e-13,1.016489697e-13,1.022458187e-14,3.493890955e-14,1.486832628e-13,1.687788789e-13,1.302636435e-13,1.9574441e-13,5.335834456e-13,7.275727345e-13,8.54251868e-13,8.333175186e-13,4.790676114e-13,1.732008636e-13,1.473708233e-13,1.177490412e-13,8.004468308e-14,7.959183378e-15,5.718517923e-14,4.827183379e-14,2.796304822e-14,2.931075167e-13,2.93265289e-13,4.203457691e-13,1.74284492e-14,3.747521615e-13,5.171667426e-14
20.578125,7.359390521e-13,2.171574138e-13,6.146645171e-13,3.889641792e-13,2.67660561e-13,7.596378782e-13,1.011003822e-13,9.820140168e-15,3.429975309e-14,1.483394718e-13,1.668966458e-13,1.297059771e-13,1.929712329e-13,5.281258901e-13,7.240229462e-13,8.489867188e-13,8.267491731e-13,4.755274199e-13,1.728494807e-13,1.448647082e-13,1.174182942e-13,7.925124396e-14,8.048240519e-15,5.61479694e-14,4.74371519e-14,2.735632122e-14,2.926189256e-13,2.906612854e-13,4.174441776e-13,1.75787399e-14,3.683672619e-13,5.173962816e-14
20.5859375,7.238909619e-13,2.146252607e-13,6.102032355e-13,3.852008548e-13,2.631180165e-13,7.527192794e-13,1.006200758e-13,9.407345291e-15,3.363994658e-14,1.47947404e-13,1.65010421e-13,1.290984906e-13,1.900387351e-13,5.22596694e-13,7.205152724e-13,8.437244391e-13,8.201763188e-13,4.722272171e-13,1.724516974e-13,1.422085262e-13,1.171772578e-13,7.84366226e-14,8.151234072e-15,5.511469732e-14,4.666722682e-14,2.684495544e-14,2.920067177e-13,2.879452069e-13,4.148892263e-13,1.773479245e-14,3.618965491e-13,5.175664622e-14
20.59375,7.122515427e-13,2.118437338e-13,6.057763633e-13,3.814775427e-13,2.586070696e-13,7.460290448e-13,1.002409401e-13,9.000036605e-15,3.298912878e-14,1.476016804e-13,1.631598232e-13,1.28465539e-13,1.871289197e-13,5.172182542e-13,7.173104461e-13,8.386993687e-13,8.139427875e-13,4.691886709e-13,1.72077489e-13,1.394490274e-13,1.16993537e-13,7.764497857e-14,8.264266584e-15,5.411557377e-14,4.597471799e-14,2.642234187e-14,2.914051637e-13,2.851510765e-13,4.12565568e-13,1.788188497e-14,3.55489596e-13,5.176591192e-14
20.6015625,7.009553289e-13,2.090554756e-13,6.015349282e-13,3.779360836e-13,2.544002168e-13,7.395476342e-13,9.988569599e-14,8.608498406e-15,3.238654722e-14,1.472950636e-13,1.613994297e-13,1.279119106e-13,1.843916676e-13,5.122217775e-13,7.144427864e-13,8.339706645e-13,8.080223575e-13,4.66227126e-13,1.717867405e-13,1.368214793e-13,1.168931581e-13,7.689626392e-14,8.388829535e-15,5.316181991e-14,4.530730497e-14,2.605695648e-14,2.909413069e-13,2.825163566e-13,4.102981168e-13,1.803295265e-14,3.491218163e-13,5.179188689e-14
20.609375,6.897415804e-13,2.063794142e-13,5.975463746e-13,3.744738619e-13,2.503664684e-13,7.332435629e-13,9.954671027e-14,8.233925464e-15,3.180109238e-14,1.469538578e-13,1.596969948e-13,1.274078838e-13,1.817508379e-13,5.074486267e-13,7.118053509e-13,8.295655246e-13,8.023407126e-13,4.632638843e-13,1.714945935e-13,1.34404878e-13,1.16873006e-13,7.614797801e-14,8.52536474e-15,5.22429352e-14,4.465724438e-14,2.575581886e-14,2.90461976e-13,2.800079804e-13,4.081949665e-13,1.820443258e-14,3.427907929e-13,5.182295669e-14
20.6171875,6.785295387e-13,2.037313726e-13,5.936893914e-13,3.709276325e-13,2.461680182e-13,7.270388627e-13,9.925876917e-14,7.884814975e-15,3.118808734e-14,1.465078231e-13,1.580388278e-13,1.268476714e-13,1.79094893e-13,5.026412181e-13,7.093798163e-13,8.254765723e-13,7.968609982e-13,4.603233114e-13,1.711049693e-13,1.320431856e-13,1.1693809e-13,7.536347501e-14,8.67140296e-15,5.137536244e-14,4.405541881e-14,2.553724763e-14,2.897946646e-13,2.773663002e-13,4.063022309e-13,1.837917697e-14,3.365857713e-13,5.183476372e-14
20.625,6.673377459e-13,2.011463851e-13,5.898430142e-13,3.673936417e-13,2.418821373e-13,7.207894726e-13,9.900081892e-14,7.562649636e-15,3.056647378e-14,1.460165889e-13,1.56431163e-13,1.262710198e-13,1.763858896e-13,4.978199331e-13,7.070923584e-13,8.215209195e-13,7.91473748e-13,4.574309542e-13,1.706838755e-13,1.296543809e-13,1.170680591e-13,7.456463636e-14,8.825647494e-15,5.054076916e-14,4.349627118e-14,2.538265567e-14,2.8909898e-13,2.746244764e-13,4.046095724e-13,1.854395074e-14,3.304206839e-13,5.185316676e-14
20.6328125,6.562509778e-13,1.985280179e-13,5.860148931e-13,3.640482878e-13,2.377415731e-13,7.145976244e-13,9.878721057e-14,7.253976434e-15,2.996733654e-14,1.456425209e-13,1.548183361e-13,1.257384965e-13,1.736567174e-13,4.931053406e-13,7.048568687e-13,8.175673864e-13,7.862197031e-13,4.546044273e-13,1.703111493e-13,1.273013092e-13,1.171706533e-13,7.378565102e-14,8.992903798e-15,4.971962666e-14,4.296395051e-14,2.526426564e-14,2.884683402e-13,2.719539679e-13,4.031127607e-13,1.871234012e-14,3.241894121e-13,5.190317393e-14
20.640625,6.454725355e-13,1.9582995e-13,5.824123261e-13,3.608622784e-13,2.336792905e-13,7.08720433e-13,9.865687231e-14,6.948176181e-15,2.939186759e-14,1.453853275e-13,1.532224864e-13,1.252162341e-13,1.710098258e-13,4.885701151e-13,7.027872754e-13,8.137757815e-13,7.812348927e-13,4.518666729e-13,1.699564962e-13,1.250178389e-13,1.172765327e-13,7.303090997e-14,9.178534061e-15,4.895768017e-14,4.246460122e-14,2.519273636e-14,2.877523463e-13,2.693784238e-13,4.017264577e-13,1.889074566e-14,3.180505952e-13,5.196270644e-14
20.6484375,6.351373631e-13,1.933686678e-13,5.792719881e-13,3.577085213e-13,2.296881368e-13,7.031404914e-13,9.858395434e-14,6.648916554e-15,2.884029534e-14,1.451019362e-13,1.517678866e-13,1.247211824e-13,1.684890454e-13,4.843235459e-13,7.011262452e-13,8.104841973e-13,7.765555276e-13,4.493924452e-13,1.696242542e-13,1.227906981e-13,1.175478939e-13,7.230164747e-14,9.37772199e-15,4.826284325e-14,4.201526959e-14,2.518321601e-14,2.870115486e-13,2.669193607e-13,4.005859022e-13,1.906926114e-14,3.121923772e-13,5.200207446e-14
20.65625,6.251650136e-13,1.912062417e-13,5.765036941e-13,3.545862923e-13,2.259043591e-13,6.977004261e-13,9.853793654e-14,6.365346748e-15,2.830862892e-14,1.4477695e-13,1.504683694e-13,1.243025837e-13,1.660298312e-13,4.803546946e-13,6.999718992e-13,8.078463617e-13,7.722361354e-13,4.473061758e-13,1.69358406e-13,1.205929912e-13,1.179906954e-13,7.160329438e-14,9.584410696e-15,4.760031396e-14,4.162276244e-14,2.521782219e-14,2.864174506e-13,2.645675481e-13,3.998735202e-13,1.924791927e-14,3.065868423e-13,5.202200444e-14
20.6640625,6.15370186e-13,1.890226416e-13,5.738782354e-13,3.51576483e-13,2.222118902e-13,6.924104474e-13,9.850311369e-14,6.093315624e-15,2.778597532e-14,1.444615232e-13,1.492379477e-13,1.239334185e-13,1.636261649e-13,4.765090297e-13,6.990564545e-13,8.055135981e-13,7.682198477e-13,4.452883679e-13,1.69108462e-13,1.183853612e-13,1.184911274e-13,7.092177744e-14,9.804588034e-15,4.70049673e-14,4.12490083e-14,2.528519427e-14,2.858671235e-13,2.622492797e-13,3.993083693e-13,1.944008748e-14,3.011323698e-13,5.206018866e-14
20.671875,6.057578928e-13,1.868012671e-13,5.713987221e-13,3.486668213e-13,2.185450063e-13,6.872932124e-13,9.845815998e-14,5.821145431e-15,2.728160761e-14,1.441296188e-13,1.480300999e-13,1.235878793e-13,1.613308376e-13,4.728219279e-13,6.980305532e-13,8.030355141e-13,7.642743479e-13,4.430860946e-13,1.688279452e-13,1.161764336e-13,1.190459651e-13,7.024333453e-14,1.004411458e-14,4.649159248e-14,4.086229994e-14,2.539217783e-14,2.852502061e-13,2.599999625e-13,3.986506348e-13,1.965039107e-14,2.957837925e-13,5.213926365e-14
20.6796875,5.965454752e-13,1.846723323e-13,5.691246469e-13,3.457691091e-13,2.151539016e-13,6.822865079e-13,9.844389427e-14,5.559516726e-15,2.680893975e-14,1.43809262e-13,1.46840983e-13,1.232801403e-13,1.590797594e-13,4.694336541e-13,6.96993962e-13,8.005149896e-13,7.604078706e-13,4.410227966e-13,1.68577012e-13,1.140262329e-13,1.196853568e-13,6.957895858e-14,1.029698733e-14,4.597988266e-14,4.051320961e-14,2.553303333e-14,2.846504979e-13,2.578391522e-13,3.981442423e-13,1.986670771e-14,2.905682592e-13,5.221464298e-14
20.6875,5.877175303e-13,1.825412564e-13,5.67048782e-13,3.428506436e-13,2.12058993e-13,6.774008749e-13,9.851019234e-14,5.325180464e-15,2.636270127e-14,1.4357949e-13,1.457398634e-13,1.230163228e-13,1.567714906e-13,4.662511568e-13,6.962606412e-13,7.982799784e-13,7.568093359e-13,4.39314017e-13,1.683939385e-13,1.119631218e-13,1.204020947e-13,6.894283403e-14,1.055623676e-14,4.544049531e-14,4.024458164e-14,2.571563323e-14,2.841095882e-13,2.556634168e-13,3.979571884e-13,2.007724398e-14,2.855751085e-13,5.225109901e-14
20.6953125,5.789634748e-13,1.804418797e-13,5.651789195e-13,3.399693688e-13,2.089519557e-13,6.726704854e-13,9.862204585e-14,5.099108706e-15,2.593003009e-14,1.433984278e-13,1.448012147e-13,1.227922752e-13,1.544511356e-13,4.631256421e-13,6.958712233e-13,7.963771519e-13,7.53478658e-13,4.377454172e-13,1.682367339e-13,1.099318594e-13,1.212257251e-13,6.832679222e-14,1.082135773e-14,4.492842056e-14,4.002483637e-14,2.598198128e-14,2.83614558e-13,2.534657613e-13,3.980259127e-13,2.028800579e-14,2.807999615e-13,5.228580029e-14
20.703125,5.70164266e-13,1.784807701e-13,5.633682763e-13,3.372283494e-13,2.057265566e-13,6.680036234e-13,9.873941861e-14,4.858142806e-15,2.549456088e-14,1.431747963e-13,1.439357483e-13,1.225705574e-13,1.52206857e-13,4.600593382e-13,6.95695304e-13,7.947239942e-13,7.503414086e-13,4.362464377e-13,1.680699142e-13,1.07844536e-13,1.221306476e-13,6.770401383e-14,1.109255473e-14,4.445649158e-14,3.984286951e-14,2.634356679e-14,2.831448917e-13,2.513141786e-13,3.983073681e-13,2.051289457e-14,2.760848638e-13,5.234592302e-14
20.7109375,5.614414711e-13,1.765459814e-13,5.614391126e-13,3.346330175e-13,2.025086334e-13,6.632646808e-13,9.884104805e-14,4.622735206e-15,2.505216312e-14,1.42933268e-13,1.430450707e-13,1.223075138e-13,1.500192637e-13,4.570391942e-13,6.954937077e-13,7.930630229e-13,7.472230445e-13,4.348063222e-13,1.678879302e-13,1.057226027e-13,1.230331339e-13,6.706507879e-14,1.137254582e-14,4.398830995e-14,3.970081717e-14,2.674105341e-14,2.826093611e-13,2.492083586e-13,3.986442689e-13,2.074844647e-14,2.713750703e-13,5.24093705e-14
20.71875,5.528943046e-13,1.746547188e-13,5.595195547e-13,3.320578785e-13,1.993828281e-13,6.584599295e-13,9.889268436e-14,4.41794453e-15,2.462389625e-14,1.427628728e-13,1.422013363e-13,1.220252597e-13,1.478486407e-13,4.540294141e-13,6.950888026e-13,7.911664678e-13,7.438919594e-13,4.332712269e-13,1.676929339e-13,1.037046954e-13,1.239700481e-13,6.643932611e-14,1.167412685e-14,4.352274681e-14,3.95577128e-14,2.71274249e-14,2.820292468e-13,2.471687838e-13,3.989414624e-13,2.097637717e-14,2.668065571e-13,5.245113599e-14
20.7265625,5.446492373e-13,1.729484845e-13,5.578051626e-13,3.295445004e-13,1.964012073e-13,6.537780693e-13,9.893748044e-14,4.231312553e-15,2.42232057e-14,1.426853576e-13,1.414577785e-13,1.217635735e-13,1.45722462e-13,4.511147341e-13,6.948156081e-13,7.894447231e-13,7.406242404e-13,4.317983017e-13,1.67502745e-13,1.01833014e-13,1.250191121e-13,6.585205617e-14,1.200832266e-14,4.311814777e-14,3.942732791e-14,2.754854432e-14,2.815543642e-13,2.452190981e-13,3.993919247e-13,2.11957894e-14,2.624367979e-13,5.245803044e-14
20.734375,5.368458444e-13,1.712962269e-13,5.563205595e-13,3.272730891e-13,1.936204396e-13,6.493889185e-13,9.904488878e-14,4.045057302e-15,2.384794033e-14,1.426578721e-13,1.408045806e-13,1.215445844e-13,1.436548586e-13,4.484403654e-13,6.950217583e-13,7.883053287e-13,7.37904957e-13,4.306631744e-13,1.673567824e-13,9.997566473e-14,1.261580877e-13,6.529716579e-14,1.236397265e-14,4.281156489e-14,3.937273705e-14,2.805942079e-14,2.811561048e-13,2.433453116e-13,4.0009235e-13,2.142959426e-14,2.581890044e-13,5.245859817e-14
20.7421875,5.294474884e-13,1.696223827e-13,5.550107378e-13,3.250172534e-13,1.910051892e-13,6.451608381e-13,9.916742186e-14,3.863899522e-15,2.349967628e-14,1.426702185e-13,1.4028982e-13,1.213763331e-13,1.415835917e-13,4.460069163e-13,6.953644696e-13,7.873521266e-13,7.3552099e-13,4.297381721e-13,1.672668748e-13,9.804723168e-14,1.273504684e-13,6.476263091e-14,1.272041598e-14,4.254530163e-14,3.937238062e-14,2.862088774e-14,2.807007949e-13,2.415587154e-13,4.009860126e-13,2.168364683e-14,2.540532227e-13,5.250863416e-14
20.75,5.222506255e-13,1.68067165e-13,5.536158089e-13,3.223546001e-13,1.884069119e-13,6.40774385e-13,9.925695972e-14,3.697267538e-15,2.316288576e-14,1.427431313e-13,1.398552522e-13,1.211662727e-13,1.394486092e-13,4.435490402e-13,6.954315361e-13,7.861815116e-13,7.329648685e-13,4.288623588e-13,1.671439168e-13,9.614619728e-14,1.285341732e-13,6.422628324e-14,1.307745356e-14,4.227540817e-14,3.93796884e-14,2.917064374e-14,2.801564276e-13,2.397626107e-13,4.020666177e-13,2.19232854e-14,2.500230019e-13,5.259091195e-14
20.7578125,5.151672918e-13,1.664926351e-13,5.519159112e-13,3.194977463e-13,1.858163994e-13,6.362604903e-13,9.935780474e-14,3.546760712e-15,2.282489331e-14,1.428527997e-13,1.39358897e-13,1.208290526e-13,1.373116243e-13,4.409128074e-13,6.953200324e-13,7.849012508e-13,7.303136321e-13,4.280876133e-13,1.669055749e-13,9.438351809e-14,1.296423622e-13,6.367419867e-14,1.345151405e-14,4.206386399e-14,3.941387625e-14,2.97067321e-14,2.794730766e-13,2.378209729e-13,4.031375853e-13,2.212227623e-14,2.460143808e-13,5.265936892e-14
20.765625,5.084214661e-13,1.647767757e-13,5.502603323e-13,3.169720227e-13,1.834730475e-13,6.320306901e-13,9.948001176e-14,3.411525091e-15,2.251739659e-14,1.429717946e-13,1.388868208e-13,1.204980095e-13,1.352990522e-13,4.38439536e-13,6.952979898e-13,7.836912416e-13,7.279576708e-13,4.273482794e-13,1.666534746e-13,9.273783291e-14,1.307893357e-13,6.314796639e-14,1.385301521e-14,4.193765006e-14,3.947568484e-14,3.02530518e-14,2.786718497e-13,2.358821113e-13,4.040595737e-13,2.230625606e-14,2.420881649e-13,5.275069631e-14
20.7734375,5.021177838e-13,1.632496014e-13,5.49061935e-13,3.147118886e-13,1.813905923e-13,6.281740545e-13,9.960586553e-14,3.291719476e-15,2.224969311e-14,1.431065936e-13,1.38591924e-13,1.203038961e-13,1.333879887e-13,4.363620631e-13,6.955487691e-13,7.827613469e-13,7.259748493e-13,4.265436076e-13,1.665006064e-13,9.116172377e-14,1.320963687e-13,6.267026872e-14,1.427965967e-14,4.183090228e-14,3.953864252e-14,3.083454131e-14,2.779454437e-13,2.341204336e-13,4.051980341e-13,2.250292972e-14,2.383955104e-13,5.288853418e-14
20.78125,4.959614939e-13,1.619762943e-13,5.481644381e-13,3.12384159e-13,1.792590014e-13,6.243848742e-13,9.975782153e-14,3.18628929e-15,2.198356837e-14,1.432533346e-13,1.384013407e-13,1.201442643e-13,1.314513324e-13,4.343784946e-13,6.959847948e-13,7.821149956e-13,7.241471747e-13,4.257438113e-13,1.663524003e-13,8.961744895e-14,1.334602953e-13,6.219244377e-14,1.471980676e-14,4.172588797e-14,3.962228343e-14,3.145664969e-14,2.772729985e-13,2.324149726e-13,4.0675118e-13,2.270134582e-14,2.348994285e-13,5.301503488e-14
20.7890625,4.899626841e-13,1.60617921e-13,5.473257202e-13,3.100165236e-13,1.770839449e-13,6.20645216e-13,9.991065234e-14,3.09191024e-15,2.172464401e-14,1.43426245e-13,1.382526359e-13,1.199376803e-13,1.295248262e-13,4.323821692e-13,6.963066247e-13,7.81378507e-13,7.223303122e-13,4.250304351e-13,1.661242365e-13,8.801450707e-14,1.348330545e-13,6.17122544e-14,1.516283732e-14,4.165795202e-14,3.97394784e-14,3.208513608e-14,2.764322709e-13,2.307116611e-13,4.083427983e-13,2.289917336e-14,2.315499498e-13,5.311770311e-14
20.796875,4.844106276e-13,1.592721891e-13,5.464710761e-13,3.076780398e-13,1.750738714e-13,6.170661477e-13,1.000067512e-13,3.009214476e-15,2.14903469e-14,1.436184794e-13,1.38225025e-13,1.197119385e-13,1.277131314e-13,4.305118858e-13,6.965226319e-13,7.805393576e-13,7.205141023e-13,4.243796905e-13,1.658733045e-13,8.638284235e-14,1.362939178e-13,6.126883487e-14,1.56113486e-14,4.162402391e-14,3.986169966e-14,3.271796967e-14,2.755107991e-13,2.290613669e-13,4.0981875e-13,2.310218886e-14,2.283903368e-13,5.323696322e-14
20.8046875,4.78967982e-13,1.58151841e-13,5.454470114e-13,3.053075343e-13,1.730803531e-13,6.133964051e-13,1.000720947e-13,2.941655743e-15,2.123924646e-14,1.437500948e-13,1.383204911e-13,1.194160373e-13,1.259568691e-13,4.285187304e-13,6.967807748e-13,7.798781226e-13,7.186157506e-13,4.236936302e-13,1.655887587e-13,8.489860513e-14,1.377514434e-13,6.082271187e-14,1.607707164e-14,4.161917496e-14,3.999486627e-14,3.338986827e-14,2.747103571e-13,2.273095003e-13,4.113683896e-13,2.328075793e-14,2.253031971e-13,5.336221469e-14
20.8125,4.733779513e-13,1.569847865e-13,5.443677038e-13,3.030057942e-13,1.710643697e-13,6.095900641e-13,1.001608306e-13,2.884966408e-15,2.097355031e-14,1.438678797e-13,1.384965576e-13,1.190550815e-13,1.242121399e-13,4.263502336e-13,6.9698468e-13,7.792632219e-13,7.167071396e-13,4.229863912e-13,1.652584839e-13,8.352986325e-14,1.391119907e-13,6.035229998e-14,1.656698638e-14,4.167355976e-14,4.017898879e-14,3.407861473e-14,2.739203219e-13,2.254622316e-13,4.129623579e-13,2.343242298e-14,2.222262284e-13,5.346827528e-14
20.8203125,4.682008599e-13,1.557012279e-13,5.435956407e-13,3.008333251e-13,1.693042644e-13,6.060105877e-13,1.002663542e-13,2.834837863e-15,2.075151257e-14,1.441136831e-13,1.387670517e-13,1.187553262e-13,1.225597004e-13,4.244670617e-13,6.972256137e-13,7.786425493e-13,7.151258115e-13,4.224349227e-13,1.650027093e-13,8.209810609e-14,1.404940628e-13,5.991956779e-14,1.707498811e-14,4.18016951e-14,4.041205167e-14,3.477042355e-14,2.730704691e-13,2.237842292e-13,4.146062526e-13,2.361206735e-14,2.193621516e-13,5.356004116e-14
20.828125,4.634412359e-13,1.545564594e-13,5.430423577e-13,2.98679098e-13,1.67669623e-13,6.02630097e-13,1.003599145e-13,2.796975199e-15,2.055048577e-14,1.443971275e-13,1.390955059e-13,1.184921566e-13,1.209887395e-13,4.228236686e-13,6.976857313e-13,7.782506422e-13,7.138442237e-13,4.220002685e-13,1.648078111e-13,8.06706735e-14,1.41915554e-13,5.950825603e-14,1.75887776e-14,4.197395833e-14,4.065969797e-14,3.55275979e-14,2.723168408e-13,2.221874314e-13,4.164848033e-13,2.382204243e-14,2.167089975e-13,5.363549034e-14
20.8359375,4.584123475e-13,1.534647277e-13,5.423296415e-13,2.965938041e-13,1.658219201e-13,5.991276859e-13,1.00426237e-13,2.774026562e-15,2.031712366e-14,1.445996237e-13,1.394448793e-13,1.181468231e-13,1.194329374e-13,4.20919937e-13,6.980727857e-13,7.779224351e-13,7.124931669e-13,4.214490734e-13,1.645131901e-13,7.937827502e-14,1.43238563e-13,5.90478166e-14,1.811349041e-14,4.216108687e-14,4.09137996e-14,3.635509058e-14,2.716249281e-13,2.20439436e-13,4.184757994e-13,2.400668131e-14,2.140242092e-13,5.370202971e-14
20.84375,4.532994135e-13,1.523539462e-13,5.41405491e-13,2.946298336e-13,1.638979064e-13,5.955263501e-13,1.004554493e-13,2.762836857e-15,2.007823039e-14,1.448476748e-13,1.398640741e-13,1.177503785e-13,1.179087739e-13,4.18747925e-13,6.981506534e-13,7.774251458e-13,7.110877237e-13,4.207992467e-13,1.641590535e-13,7.816566971e-14,1.444833702e-13,5.857437469e-14,1.867058238e-14,4.238151947e-14,4.118374616e-14,3.719569334e-14,2.708497949e-13,2.187059603e-13,4.203755333e-13,2.41671578e-14,2.113207885e-13,5.378107149e-14
20.8515625,4.486294313e-13,1.514478689e-13,5.405139149e-13,2.926458917e-13,1.621321885e-13,5.919454108e-13,1.004516317e-13,2.763219716e-15,1.986724623e-14,1.451583934e-13,1.403891617e-13,1.173890452e-13,1.164138626e-13,4.165995874e-13,6.982056912e-13,7.769676215e-13,7.098053779e-13,4.201923507e-13,1.638977778e-13,7.700597493e-14,1.457886884e-13,5.814600497e-14,1.92633424e-14,4.263553997e-14,4.147455581e-14,3.806513193e-14,2.700916696e-13,2.171442385e-13,4.223804591e-13,2.434336304e-14,2.087783794e-13,5.386153076e-14
20.859375,4.442157262e-13,1.506843691e-13,5.399382085e-13,2.906714256e-13,1.605468668e-13,5.884321268e-13,1.004402637e-13,2.774483279e-15,1.968242115e-14,1.454343274e-13,1.410267944e-13,1.170955491e-13,1.149408787e-13,4.146347678e-13,6.984233382e-13,7.766629393e-13,7.085904741e-13,4.197182095e-13,1.637150716e-13,7.590799794e-14,1.472011921e-13,5.775009811e-14,1.987599059e-14,4.285829529e-14,4.180631356e-14,3.89805301e-14,2.6944104e-13,2.156771957e-13,4.246866369e-13,2.453471296e-14,2.064613891e-13,5.392800492e-14
20.8671875,4.399426365e-13,1.498382933e-13,5.396375404e-13,2.888022632e-13,1.591680186e-13,5.850693942e-13,1.004419852e-13,2.802016069e-15,1.952718676e-14,1.458168364e-13,1.417507384e-13,1.168494158e-13,1.13536736e-13,4.128740435e-13,6.986007382e-13,7.76327821e-13,7.074476521e-13,4.194714247e-13,1.635233117e-13,7.480953574e-14,1.486557228e-13,5.737269309e-14,2.050318452e-14,4.305370852e-14,4.218339962e-14,3.98891307e-14,2.688030619e-13,2.143166029e-13,4.271334224e-13,2.472346053e-14,2.043288998e-13,5.399446812e-14
20.875,4.358902133e-13,1.489687542e-13,5.391861418e-13,2.869366713e-13,1.57867712e-13,5.81716135e-13,1.004380717e-13,2.853595434e-15,1.938445448e-14,1.463474438e-13,1.424720958e-13,1.165498491e-13,1.12217838e-13,4.110914323e-13,6.985436406e-13,7.758288472e-13,7.063231507e-13,4.192028975e-13,1.632742694e-13,7.375239633e-14,1.500442753e-13,5.699784004e-14,2.114754303e-14,4.331235163e-14,4.255688754e-14,4.078321427e-14,2.681704085e-13,2.130325438e-13,4.295349402e-13,2.490137427e-14,2.022428927e-13,5.40627901e-14
20.8828125,4.318285141e-13,1.481530534e-13,5.384968445e-13,2.85104831e-13,1.564646059e-13,5.782368131e-13,1.003961999e-13,2.912702474e-15,1.923071616e-14,1.467866077e-13,1.431972152e-13,1.161542381e-13,1.110079747e-13,4.091329805e-13,6.982616581e-13,7.751176327e-13,7.049792802e-13,4.185637832e-13,1.629597408e-13,7.279828168e-14,1.513473377e-13,5.660517529e-14,2.180594478e-14,4.364233984e-14,4.290257906e-14,4.169066024e-14,2.675408222e-13,2.117075613e-13,4.31906879e-13,2.505789393e-14,2.001606655e-13,5.412483261e-14
20.890625,4.277854351e-13,1.473676656e-13,5.37909983e-13,2.833344208e-13,1.550918731e-13,5.748295315e-13,1.003316458e-13,2.966757916e-15,1.907949495e-14,1.471305332e-13,1.440146613e-13,1.157353772e-13,1.099013548e-13,4.071304264e-13,6.979014041e-13,7.743034575e-13,7.034815733e-13,4.178770765e-13,1.626452187e-13,7.187237763e-14,1.526346054e-13,5.621469969e-14,2.247778967e-14,4.401386974e-14,4.326418334e-14,4.25998493e-14,2.667714065e-13,2.103833651e-13,4.343275888e-13,2.51950369e-14,1.981860496e-13,5.419520894e-14
20.8984375,4.23983838e-13,1.466266497e-13,5.374985447e-13,2.814092034e-13,1.538557157e-13,5.715357054e-13,1.002863572e-13,3.04442069e-15,1.893623777e-14,1.475640357e-13,1.448953773e-13,1.153080075e-13,1.087766383e-13,4.050891304e-13,6.976310347e-13,7.737021667e-13,7.021247877e-13,4.175632035e-13,1.623724111e-13,7.100282817e-14,1.539157191e-13,5.58319597e-14,2.316781081e-14,4.445875061e-14,4.367242478e-14,4.353814568e-14,2.659382469e-13,2.090835537e-13,4.368558508e-13,2.533634276e-14,1.962859983e-13,5.428210497e-14
20.90625,4.202594255e-13,1.45931621e-13,5.371954811e-13,2.794192852e-13,1.526478431e-13,5.681669828e-13,1.0025169e-13,3.158247817e-15,1.879613678e-14,1.480726113e-13,1.458358377e-13,1.148771381e-13,1.076551739e-13,4.030281123e-13,6.974755531e-13,7.733877359e-13,7.009036656e-13,4.173534719e-13,1.621087489e-13,7.02779285e-14,1.552009916e-13,5.544715467e-14,2.38796261e-14,4.492974479e-14,4.412144295e-14,4.454284245e-14,2.653113873e-13,2.077983647e-13,4.395965511e-13,2.54942208e-14,1.944548117e-13,5.43751869e-14
20.9140625,4.165582685e-13,1.452997858e-13,5.369786121e-13,2.775978005e-13,1.515207018e-13,5.647028227e-13,1.001724865e-13,3.27687689e-15,1.86802801e-14,1.486111567e-13,1.46910435e-13,1.144899143e-13,1.066838793e-13,4.011026419e-13,6.971662727e-13,7.72894614e-13,6.995409598e-13,4.16929341e-13,1.618544675e-13,6.958176317e-14,1.565482767e-13,5.509258601e-14,2.461124766e-14,4.532974549e-14,4.459161127e-14,4.554530138e-14,2.648180252e-13,2.066369931e-13,4.425747291e-13,2.564380807e-14,1.928028653e-13,5.447593048e-14
20.921875,4.130326552e-13,1.446443558e-13,5.365889106e-13,2.757204792e-13,1.505134353e-13,5.61141636e-13,1.000342023e-13,3.391976763e-15,1.858470951e-14,1.491666102e-13,1.479948785e-13,1.140571978e-13,1.057554902e-13,3.990643674e-13,6.963602403e-13,7.718128175e-13,6.978771406e-13,4.163358295e-13,1.615914271e-13,6.884951858e-14,1.578835359e-13,5.475737222e-14,2.535349792e-14,4.572310984e-14,4.504829232e-14,4.650300223e-14,2.64196695e-13,2.055006859e-13,4.455160267e-13,2.576026411e-14,1.911622799e-13,5.458510721e-14
20.9296875,4.095558076e-13,1.437663985e-13,5.360576179e-13,2.737232705e-13,1.494353184e-13,5.57581344e-13,9.989514792e-14,3.521465748e-15,1.848436764e-14,1.496789815e-13,1.489511048e-13,1.135139095e-13,1.047517176e-13,3.966765737e-13,6.951668994e-13,7.704209794e-13,6.961111752e-13,4.156123943e-13,1.612697157e-13,6.821507394e-14,1.590978861e-13,5.438839454e-14,2.610477398e-14,4.621322617e-14,4.549924405e-14,4.749483752e-14,2.635055384e-13,2.042403495e-13,4.482240837e-13,2.586278006e-14,1.894518965e-13,5.468945937e-14
20.9375,4.060989363e-13,1.428177444e-13,5.35839515e-13,2.71904896e-13,1.482890399e-13,5.542972428e-13,9.979503707e-14,3.664200319e-15,1.83998692e-14,1.502385792e-13,1.4991707e-13,1.130126281e-13,1.038369687e-13,3.943014144e-13,6.939525694e-13,7.691041845e-13,6.944244751e-13,4.148165418e-13,1.60955104e-13,6.76739341e-14,1.602733159e-13,5.402361007e-14,2.68773293e-14,4.675448124e-14,4.59857503e-14,4.852241879e-14,2.628839794e-13,2.031101908e-13,4.510132038e-13,2.59639229e-14,1.880328726e-13,5.478469318e-14
20.9453125,4.0282439e-13,1.420666139e-13,5.358236222e-13,2.701503617e-13,1.472742484e-13,5.511331534e-13,9.968338438e-14,3.8240113e-15,1.834556555e-14,1.509276301e-13,1.509828356e-13,1.125704267e-13,1.030478278e-13,3.920481164e-13,6.926546411e-13,7.676567752e-13,6.925421996e-13,4.140208649e-13,1.606962664e-13,6.711901753e-14,1.614789409e-13,5.370711026e-14,2.767596817e-14,4.729792488e-14,4.648070713e-14,4.948255114e-14,2.622281472e-13,2.02194016e-13,4.540952692e-13,2.603331271e-14,1.868774239e-13,5.486636083e-14
20.953125,3.99593216e-13,1.412738073e-13,5.355728697e-13,2.682153768e-13,1.463593226e-13,5.476899962e-13,9.949900862e-14,4.016010519e-15,1.82865498e-14,1.516085168e-13,1.520602563e-13,1.119985615e-13,1.022450882e-13,3.895179486e-13,6.910231315e-13,7.658803853e-13,6.903125328e-13,4.131414537e-13,1.603923207e-13,6.66061398e-14,1.626141527e-13,5.338219049e-14,2.849740365e-14,4.788451436e-14,4.695224261e-14,5.040052223e-14,2.614737872e-13,2.011404822e-13,4.571629612e-13,2.607406281e-14,1.855258193e-13,5.49237609e-14
20.9609375,3.962708561e-13,1.402421379e-13,5.3522773e-13,2.661970358e-13,1.454092714e-13,5.44049728e-13,9.925913554e-14,4.232726177e-15,1.822099881e-14,1.522570757e-13,1.531519911e-13,1.113340103e-13,1.014892883e-13,3.867376743e-13,6.891056268e-13,7.63950704e-13,6.880427706e-13,4.121572327e-13,1.600385398e-13,6.618537328e-14,1.636435332e-13,5.302634546e-14,2.934443238e-14,4.852195239e-14,4.745190655e-14,5.139887331e-14,2.607267778e-13,1.999466079e-13,4.601641414e-13,2.612670252e-14,1.840818698e-13,5.498029619e-14
20.96875,3.930673917e-13,1.392397436e-13,5.349617323e-13,2.641110347e-13,1.444927566e-13,5.404191868e-13,9.901566754e-14,4.462738291e-15,1.818743754e-14,1.529706889e-13,1.542491207e-13,1.107537496e-13,1.008598553e-13,3.840505283e-13,6.869390995e-13,7.618162001e-13,6.857775763e-13,4.111548238e-13,1.597511729e-13,6.577838585e-14,1.646424716e-13,5.268681033e-14,3.02103005e-14,4.916448227e-14,4.800041135e-14,5.246233153e-14,2.59997522e-13,1.988890853e-13,4.63388932e-13,2.618264909e-14,1.829027917e-13,5.507587721e-14
20.9765625,3.901494841e-13,1.383153693e-13,5.346084493e-13,2.620200559e-13,1.437574357e-13,5.368227736e-13,9.877940336e-14,4.709617009e-15,1.818753286e-14,1.536911681e-13,1.55247237e-13,1.102286361e-13,1.002910923e-13,3.814644478e-13,6.844705465e-13,7.59340147e-13,6.833432994e-13,4.101422132e-13,1.595221226e-13,6.537093506e-14,1.656167122e-13,5.237098303e-14,3.108377821e-14,4.980101518e-14,4.854989937e-14,5.348382916e-14,2.592292814e-13,1.979300376e-13,4.667062634e-13,2.621580618e-14,1.818530469e-13,5.5200214e-14
20.984375,3.874127856e-13,1.372973352e-13,5.342693468e-13,2.602006906e-13,1.431824926e-13,5.33354965e-13,9.852848039e-14,4.97176455e-15,1.820312883e-14,1.544217662e-13,1.561959195e-13,1.097042138e-13,9.981063371e-14,3.788781035e-13,6.818634902e-13,7.567597763e-13,6.808906236e-13,4.090911318e-13,1.593007151e-13,6.5023612e-14,1.665291797e-13,5.207662526e-14,3.197830238e-14,5.045915573e-14,4.909127979e-14,5.447980229e-14,2.585637192e-13,1.970139595e-13,4.699676529e-13,2.624422583e-14,1.807952407e-13,5.531648824e-14
20.9921875,3.84604006e-13,1.362832642e-13,5.341741632e-13,2.585897883e-13,1.426046152e-13,5.299353118e-13,9.827187337e-14,5.244458345e-15,1.823837538e-14,1.552521832e-13,1.572171064e-13,1.092426399e-13,9.946832518e-14,3.763001989e-13,6.792730215e-13,7.542041623e-13,6.784496543e-13,4.079248883e-13,1.591120059e-13,6.473014961e-14,1.673725869e-13,5.181765134e-14,3.290158002e-14,5.114242933e-14,4.964832119e-14,5.554714025e-14,2.5817274e-13,1.962035061e-13,4.735383581e-13,2.628112579e-14,1.799000955e-13,5.541228936e-14
21,3.815813128e-13,1.352631575e-13,5.341737443e-13,2.569092727e-13,1.419795332e-13,5.263195618e-13,9.804118876e-14,5.523776393e-15,1.828108697e-14,1.561002856e-13,1.582519344e-13,1.087835757e-13,9.917178691e-14,3.736121262e-13,6.765191836e-13,7.514338969e-13,6.757031493e-13,4.065902194e-13,1.589099084e-13,6.443531251e-14,1.681304632e-13,5.155490401e-14,3.382929829e-14,5.181910003e-14,5.022711284e-14,5.66601841e-14,2.578426209e-13,1.953655576e-13,4.77426273e-13,2.631217908e-14,1.791512529e-13,5.547199103e-14
21.0078125,3.784852607e-13,1.340423519e-13,5.339768175e-13,2.551023723e-13,1.414061769e-13,5.224834333e-13,9.780540167e-14,5.805655851e-15,1.829579259e-14,1.569309015e-13,1.591881205e-13,1.081763834e-13,9.885172584e-14,3.706024461e-13,6.733204246e-13,7.483073877e-13,6.725272691e-13,4.052296796e-13,1.586090115e-13,6.413416509e-14,1.688053814e-13,5.123683241e-14,3.475823795e-14,5.249669847e-14,5.082759781e-14,5.773100678e-14,2.572173298e-13,1.943945784e-13,4.810722315e-13,2.633416686e-14,1.783287836e-13,5.548093031e-14
21.015625,3.754528508e-13,1.327687419e-13,5.335713168e-13,2.531673078e-13,1.408789654e-13,5.184400595e-13,9.75109019e-14,6.107655098e-15,1.828841069e-14,1.578278992e-13,1.60063299e-13,1.074615049e-13,9.855194772e-14,3.673307696e-13,6.697856055e-13,7.449960434e-13,6.691039308e-13,4.039265074e-13,1.582606125e-13,6.38994349e-14,1.694456731e-13,5.088356514e-14,3.571603056e-14,5.323044592e-14,5.144249231e-14,5.88163744e-14,2.564331183e-13,1.933887364e-13,4.844835321e-13,2.635824777e-14,1.774421123e-13,5.548336677e-14
21.0234375,3.724920467e-13,1.316756615e-13,5.332430115e-13,2.51221287e-13,1.403598519e-13,5.14270389e-13,9.718772075e-14,6.45095499e-15,1.830848815e-14,1.587219859e-13,1.610125476e-13,1.067978875e-13,9.833745253e-14,3.641311625e-13,6.663272015e-13,7.417118391e-13,6.656284916e-13,4.025798192e-13,1.57976913e-13,6.377509179e-14,1.700865797e-13,5.055735922e-14,3.670704064e-14,5.401935155e-14,5.206848993e-14,6.000281381e-14,2.558511063e-13,1.924363562e-13,4.882276526e-13,2.639202808e-14,1.767014953e-13,5.554171628e-14
21.03125,3.69746035e-13,1.306946484e-13,5.330920354e-13,2.494717993e-13,1.399542046e-13,5.102629818e-13,9.686476127e-14,6.821410475e-15,1.837595795e-14,1.595774344e-13,1.620597117e-13,1.061950034e-13,9.822626962e-14,3.610681405e-13,6.629025862e-13,7.38332839e-13,6.621121516e-13,4.012336772e-13,1.577756804e-13,6.370708017e-14,1.707238468e-13,5.028851977e-14,3.772587926e-14,5.482013742e-14,5.271142999e-14,6.119831286e-14,2.553619441e-13,1.916099658e-13,4.923732814e-13,2.64180336e-14,1.761142443e-13,5.564688555e-14
21.0390625,3.672920668e-13,1.297434222e-13,5.327771543e-13,2.477870918e-13,1.396907669e-13,5.063722627e-13,9.649996598e-14,7.200362724e-15,1.846351892e-14,1.604977769e-13,1.630497017e-13,1.055538851e-13,9.819953665e-14,3.578814252e-13,6.590681071e-13,7.346024263e-13,6.58474713e-13,4.000077311e-13,1.576013657e-13,6.366077613e-14,1.713101246e-13,5.004539926e-14,3.877794957e-14,5.565654142e-14,5.336081622e-14,6.229722637e-14,2.547341044e-13,1.908895747e-13,4.966059354e-13,2.640018224e-14,1.75482457e-13,5.574667667e-14
21.046875,3.648556384e-13,1.2875762e-13,5.321490052e-13,2.459509711e-13,1.394481562e-13,5.022835624e-13,9.609876536e-14,7.596620333e-15,1.855115408e-14,1.614097555e-13,1.638902579e-13,1.048628852e-13,9.82688947e-14,3.545650653e-13,6.547822146e-13,7.305384738e-13,6.547342496e-13,3.987785749e-13,1.574017669e-13,6.364666558e-14,1.717890982e-13,4.978800656e-14,3.984043018e-14,5.655996527e-14,5.400625602e-14,6.334202853e-14,2.541364738e-13,1.900804135e-13,5.009159455e-13,2.63409404e-14,1.748136494e-13,5.582678361e-14
21.0546875,3.621733901e-13,1.275829071e-13,5.314701292e-13,2.440409613e-13,1.391818266e-13,4.980099366e-13,9.569299839e-14,8.01438646e-15,1.864396209e-14,1.622146077e-13,1.646598139e-13,1.041519281e-13,9.841353693e-14,3.511837283e-13,6.501181556e-13,7.260135041e-13,6.507000084e-13,3.973072747e-13,1.571386784e-13,6.363465019e-14,1.72182391e-13,4.952388949e-14,4.08927292e-14,5.74785266e-14,5.463743124e-14,6.436305784e-14,2.536380311e-13,1.891538747e-13,5.052994217e-13,2.627647891e-14,1.742411406e-13,5.590252644e-14
21.0625,3.593235322e-13,1.26290172e-13,5.30771432e-13,2.421197741e-13,1.388921621e-13,4.936106891e-13,9.523622114e-14,8.441051886e-15,1.8739626e-14,1.630420045e-13,1.653833896e-13,1.033834223e-13,9.855545864e-14,3.474679226e-13,6.448656941e-13,7.207479811e-13,6.460623936e-13,3.955428035e-13,1.568126562e-13,6.364467722e-14,1.725220038e-13,4.925683666e-14,4.196373768e-14,5.838647571e-14,5.523143129e-14,6.533227914e-14,2.529965332e-13,1.882978553e-13,5.094944239e-13,2.621096819e-14,1.7366378e-13,5.597844087e-14
21.0703125,3.565821516e-13,1.251062755e-13,5.298940007e-13,2.40141097e-13,1.385834382e-13,4.890301533e-13,9.471952016e-14,8.873697368e-15,1.883646209e-14,1.639441766e-13,1.66015175e-13,1.025608931e-13,9.875429571e-14,3.434195746e-13,6.391715278e-13,7.15110132e-13,6.411238608e-13,3.936963683e-13,1.565103354e-13,6.374401488e-14,1.727390973e-13,4.897437524e-14,4.305724997e-14,5.93500473e-14,5.580831376e-14,6.627537233e-14,2.522821647e-13,1.875452581e-13,5.135726027e-13,2.612505212e-14,1.730241749e-13,5.605923041e-14
21.078125,3.540911293e-13,1.239900692e-13,5.288988131e-13,2.381154193e-13,1.383605304e-13,4.84403824e-13,9.421701443e-14,9.322707516e-15,1.89607376e-14,1.648011583e-13,1.665843816e-13,1.017695938e-13,9.909786607e-14,3.394109693e-13,6.333378102e-13,7.095117402e-13,6.362522755e-13,3.91925045e-13,1.562887326e-13,6.388855884e-14,1.728109942e-13,4.870801336e-14,4.413238024e-14,6.037999708e-14,5.640730187e-14,6.722610517e-14,2.517940073e-13,1.867941915e-13,5.179127616e-13,2.601450448e-14,1.724959387e-13,5.615002395e-14
21.0859375,3.5162043e-13,1.227501235e-13,5.278334979e-13,2.360525255e-13,1.382363569e-13,4.797317866e-13,9.373883017e-14,9.796489378e-15,1.911749136e-14,1.655693338e-13,1.671051296e-13,1.010039666e-13,9.945260981e-14,3.353547635e-13,6.271459744e-13,7.035387037e-13,6.310413806e-13,3.900206751e-13,1.560304603e-13,6.404735451e-14,1.728549615e-13,4.846107678e-14,4.520357694e-14,6.140107748e-14,5.700319571e-14,6.818432414e-14,2.514335982e-13,1.859806421e-13,5.224054215e-13,2.588287427e-14,1.720385897e-13,5.622869013e-14
21.09375,3.488786503e-13,1.213430957e-13,5.266719768e-13,2.339878882e-13,1.380751128e-13,4.748404281e-13,9.324863474e-14,1.029454605e-14,1.926525451e-14,1.662536366e-13,1.675409351e-13,1.001783108e-13,9.975305606e-14,3.309340307e-13,6.204655936e-13,6.96930446e-13,6.252293068e-13,3.87804139e-13,1.556393663e-13,6.428244091e-14,1.729268758e-13,4.816941676e-14,4.631326847e-14,6.242187074e-14,5.756765619e-14,6.914237683e-14,2.509383669e-13,1.850694065e-13,5.26682756e-13,2.573511687e-14,1.714394998e-13,5.627964293e-14
21.1015625,3.459964252e-13,1.198628486e-13,5.25492953e-13,2.319537826e-13,1.379018784e-13,4.698677746e-13,9.275584762e-14,1.081065125e-14,1.940576924e-14,1.668828044e-13,1.679063692e-13,9.931280126e-14,1.001595194e-13,3.263087156e-13,6.135534328e-13,6.900521506e-13,6.192113361e-13,3.854975531e-13,1.552457066e-13,6.454492591e-14,1.729535579e-13,4.785128035e-14,4.744103183e-14,6.350619961e-14,5.812310868e-14,7.00737577e-14,2.503832218e-13,1.841645232e-13,5.309212458e-13,2.55761427e-14,1.70775848e-13,5.633437019e-14
21.109375,3.432244598e-13,1.18420559e-13,5.243467816e-13,2.298983006e-13,1.378182769e-13,4.649410324e-13,9.226476319e-14,1.133589186e-14,1.958637347e-14,1.675765864e-13,1.681986641e-13,9.848054549e-14,1.006843609e-13,3.216968458e-13,6.064586422e-13,6.830424856e-13,6.131464238e-13,3.832517039e-13,1.549607262e-13,6.479192916e-14,1.728824191e-13,4.758601207e-14,4.856763289e-14,6.46020275e-14,5.86800779e-14,7.101322157e-14,2.49961929e-13,1.834223527e-13,5.354596e-13,2.541190878e-14,1.702324301e-13,5.641048678e-14
21.1171875,3.404598837e-13,1.169948028e-13,5.232225419e-13,2.278605527e-13,1.377398971e-13,4.59891595e-13,9.175885694e-14,1.186117244e-14,1.978753229e-14,1.683760476e-13,1.683500194e-13,9.765906981e-14,1.012096972e-13,3.169833252e-13,5.990925008e-13,6.757917529e-13,6.068644703e-13,3.808882984e-13,1.546828702e-13,6.515115378e-14,1.727266067e-13,4.733957275e-14,4.971806625e-14,6.565525255e-14,5.923160091e-14,7.20283675e-14,2.496440387e-13,1.827683846e-13,5.401621854e-13,2.525151624e-14,1.697477209e-13,5.647420272e-14
21.125,3.375867478e-13,1.155130501e-13,5.220313527e-13,2.2589461e-13,1.376343918e-13,4.547141018e-13,9.124031056e-14,1.239756264e-14,1.996890317e-14,1.692158234e-13,1.683517887e-13,9.681287924e-14,1.017569778e-13,3.121108796e-13,5.914151013e-13,6.682322708e-13,6.003184322e-13,3.783362057e-13,1.54332612e-13,6.561180252e-14,1.725552851e-13,4.705485666e-14,5.088677814e-14,6.675437454e-14,5.977073913e-14,7.301231435e-14,2.492730811e-13,1.820785376e-13,5.448457271e-13,2.507546208e-14,1.691733192e-13,5.65087052e-14
21.1328125,3.347945818e-13,1.140626158e-13,5.207184428e-13,2.238578883e-13,1.376383464e-13,4.49546818e-13,9.073224129e-14,1.297937906e-14,2.017073545e-14,1.700953087e-13,1.683252614e-13,9.599443266e-14,1.0235078e-13,3.072374409e-13,5.834223739e-13,6.603400637e-13,5.935872049e-13,3.757694221e-13,1.53990306e-13,6.60009769e-14,1.724591917e-13,4.678149127e-14,5.20569347e-14,6.79391874e-14,6.029403638e-14,7.385344461e-14,2.488291159e-13,1.814137749e-13,5.497068109e-13,2.485690457e-14,1.685392751e-13,5.653593651e-14
21.140625,3.321955626e-13,1.12679779e-13,5.196553533e-13,2.217114063e-13,1.377714123e-13,4.444075834e-13,9.028736072e-14,1.361464546e-14,2.04201533e-14,1.709976431e-13,1.684263934e-13,9.525524356e-14,1.0298926e-13,3.025295788e-13,5.754534019e-13,6.524658312e-13,5.869609539e-13,3.733667017e-13,1.537306358e-13,6.634783648e-14,1.72421971e-13,4.65513894e-14,5.326107002e-14,6.910631908e-14,6.084824714e-14,7.471535728e-14,2.484899016e-13,1.808205911e-13,5.549729832e-13,2.463908989e-14,1.680281264e-13,5.657479707e-14
21.1484375,3.296851943e-13,1.112621903e-13,5.190563277e-13,2.196623313e-13,1.379663356e-13,4.393209141e-13,8.992201426e-14,1.427562735e-14,2.067512743e-14,1.718611251e-13,1.685976401e-13,9.455835963e-14,1.037421943e-13,2.980025569e-13,5.67758911e-13,6.449127809e-13,5.806331646e-13,3.711581511e-13,1.535235285e-13,6.675608777e-14,1.723368137e-13,4.632945504e-14,5.452222419e-14,7.022369047e-14,6.146794118e-14,7.571760711e-14,2.483625984e-13,1.802914041e-13,5.605226341e-13,2.447392473e-14,1.676871459e-13,5.663452121e-14
21.15625,3.272692292e-13,1.098778338e-13,5.182693792e-13,2.17744748e-13,1.382566207e-13,4.342164555e-13,8.955308022e-14,1.495841904e-14,2.092530727e-14,1.727491942e-13,1.685492328e-13,9.383268882e-14,1.045465013e-13,2.934589047e-13,5.599297911e-13,6.372676924e-13,5.74261283e-13,3.689616664e-13,1.532991484e-13,6.714829813e-14,1.721563759e-13,4.610875291e-14,5.581056905e-14,7.138298761e-14,6.208440447e-14,7.668163713e-14,2.482880719e-13,1.798481778e-13,5.66029128e-13,2.431535789e-14,1.67327185e-13,5.670390169e-14
21.1640625,3.249735778e-13,1.085598681e-13,5.169463161e-13,2.157703803e-13,1.386404172e-13,4.289579446e-13,8.912931523e-14,1.567548877e-14,2.119047432e-14,1.737248976e-13,1.682234148e-13,9.307030061e-14,1.052561508e-13,2.886990683e-13,5.516413021e-13,6.291384755e-13,5.674859024e-13,3.66606689e-13,1.530374539e-13,6.747418521e-14,1.718848652e-13,4.58941459e-14,5.708447731e-14,7.2640155e-14,6.26406198e-14,7.749129334e-14,2.481020803e-13,1.793898243e-13,5.714461235e-13,2.410291175e-14,1.668699247e-13,5.6755835e-14
21.171875,3.226365032e-13,1.071110314e-13,5.156817409e-13,2.137014939e-13,1.390185078e-13,4.236751612e-13,8.870543712e-14,1.640234156e-14,2.146615261e-14,1.746985011e-13,1.67897181e-13,9.232055515e-14,1.059326338e-13,2.837312532e-13,5.430571733e-13,6.206968298e-13,5.603409019e-13,3.642063673e-13,1.527692355e-13,6.781346643e-14,1.715285568e-13,4.568122811e-14,5.832413403e-14,7.39694219e-14,6.317128149e-14,7.824159584e-14,2.478478197e-13,1.788210388e-13,5.770501086e-13,2.385363754e-14,1.664557117e-13,5.679676973e-14
21.1796875,3.201995952e-13,1.056069478e-13,5.146163883e-13,2.116259239e-13,1.393495731e-13,4.184597309e-13,8.830405285e-14,1.712070323e-14,2.175979778e-14,1.756297555e-13,1.67642862e-13,9.159799961e-14,1.066628357e-13,2.786192744e-13,5.342319549e-13,6.120919043e-13,5.529430299e-13,3.619096126e-13,1.524930558e-13,6.820395192e-14,1.711449901e-13,4.548394993e-14,5.95476808e-14,7.532111856e-14,6.369652683e-14,7.898382448e-14,2.475815215e-13,1.782681505e-13,5.829028092e-13,2.359725688e-14,1.661083379e-13,5.683523318e-14
21.1875,3.177556243e-13,1.042724727e-13,5.133895842e-13,2.095610754e-13,1.396509799e-13,4.131049064e-13,8.788585835e-14,1.786328125e-14,2.207833095e-14,1.765814655e-13,1.673178069e-13,9.088854981e-14,1.073856921e-13,2.734159467e-13,5.251686677e-13,6.0330228e-13,5.453974174e-13,3.596234968e-13,1.521913243e-13,6.86113996e-14,1.708091827e-13,4.529287071e-14,6.078107906e-14,7.66842173e-14,6.419865665e-14,7.970149541e-14,2.472987549e-13,1.777836609e-13,5.888387971e-13,2.334616808e-14,1.657649368e-13,5.683399433e-14
21.1953125,3.15255427e-13,1.029557701e-13,5.122156823e-13,2.075559746e-13,1.399416664e-13,4.075852104e-13,8.745197535e-14,1.865034167e-14,2.240160877e-14,1.775594817e-13,1.669938651e-13,9.021778891e-14,1.081217772e-13,2.682700076e-13,5.160101748e-13,5.942998661e-13,5.377068204e-13,3.572220676e-13,1.51900865e-13,6.898735084e-14,1.705148099e-13,4.509251707e-14,6.200870194e-14,7.807354908e-14,6.467618139e-14,8.038689584e-14,2.470549693e-13,1.772614911e-13,5.94868416e-13,2.311356879e-14,1.655008229e-13,5.67827746e-14
21.203125,3.127215389e-13,1.015813617e-13,5.111717163e-13,2.056099033e-13,1.402959233e-13,4.020395761e-13,8.703398438e-14,1.945917115e-14,2.27335323e-14,1.785563745e-13,1.667131223e-13,8.958569884e-14,1.089409759e-13,2.632186918e-13,5.066712796e-13,5.850043523e-13,5.296823337e-13,3.547402436e-13,1.516337204e-13,6.931702558e-14,1.701883262e-13,4.491291202e-14,6.321910511e-14,7.945220445e-14,6.513353291e-14,8.101912729e-14,2.468664292e-13,1.76750221e-13,6.009768058e-13,2.287715029e-14,1.65328527e-13,5.672667763e-14
21.2109375,3.104016578e-13,1.0031634e-13,5.098092492e-13,2.034939359e-13,1.408004113e-13,3.963711389e-13,8.663572535e-14,2.02827089e-14,2.309219003e-14,1.795769051e-13,1.662583329e-13,8.892782818e-14,1.09762483e-13,2.580449941e-13,4.97003725e-13,5.754898984e-13,5.213443319e-13,3.52288949e-13,1.513317725e-13,6.965650331e-14,1.697957872e-13,4.475504691e-14,6.443425726e-14,8.081729169e-14,6.558163048e-14,8.163861868e-14,2.466514345e-13,1.763056106e-13,6.070239994e-13,2.260991269e-14,1.651200851e-13,5.669601367e-14
21.21875,3.083156595e-13,9.900235271e-14,5.082732234e-13,2.011961193e-13,1.414094525e-13,3.905693406e-13,8.624447284e-14,2.114013297e-14,2.346989662e-14,1.805595637e-13,1.65607912e-13,8.824961226e-14,1.105275616e-13,2.526826136e-13,4.871835698e-13,5.659821443e-13,5.129964397e-13,3.499431774e-13,1.509937239e-13,7.00432082e-14,1.694056674e-13,4.458185718e-14,6.564034499e-14,8.228642317e-14,6.60395499e-14,8.230263098e-14,2.464239453e-13,1.758235535e-13,6.131446045e-13,2.234246584e-14,1.649000509e-13,5.669365038e-14
21.2265625,3.06211296e-13,9.756687624e-14,5.070267971e-13,1.99086339e-13,1.419818561e-13,3.84840667e-13,8.586336402e-14,2.202711678e-14,2.386592325e-14,1.81505076e-13,1.649611996e-13,8.76494211e-14,1.113266414e-13,2.474118842e-13,4.774575873e-13,5.565927499e-13,5.047831476e-13,3.476810741e-13,1.50689663e-13,7.041675947e-14,1.69106482e-13,4.441101002e-14,6.68153671e-14,8.3883405e-14,6.651410225e-14,8.294155252e-14,2.462887301e-13,1.753554477e-13,6.195486409e-13,2.210372236e-14,1.648228304e-13,5.669275888e-14
21.234375,3.040302594e-13,9.640561849e-14,5.059361703e-13,1.971662501e-13,1.424978133e-13,3.791347773e-13,8.551230089e-14,2.291643595e-14,2.428827362e-14,1.825372423e-13,1.64308309e-13,8.716329643e-14,1.122029181e-13,2.423863445e-13,4.6782647e-13,5.473086068e-13,4.965944844e-13,3.454273603e-13,1.504246063e-13,7.075469083e-14,1.688680493e-13,4.427216602e-14,6.800232561e-14,8.546840738e-14,6.70026433e-14,8.351911957e-14,2.462259409e-13,1.750383585e-13,6.261055856e-13,2.18829146e-14,1.648966641e-13,5.664785105e-14
21.2421875,3.019446346e-13,9.552195776e-14,5.04827848e-13,1.95116268e-13,1.430804339e-13,3.733179654e-13,8.519491054e-14,2.380459689e-14,2.472965287e-14,1.836692218e-13,1.635770126e-13,8.673170279e-14,1.130851365e-13,2.374379311e-13,4.581315969e-13,5.379852555e-13,4.883173478e-13,3.431695433e-13,1.501460108e-13,7.118212008e-14,1.685748119e-13,4.415110602e-14,6.923180387e-14,8.701478771e-14,6.748547669e-14,8.414169334e-14,2.461350033e-13,1.74757859e-13,6.326460293e-13,2.168221744e-14,1.650243708e-13,5.658396696e-14
21.25,3.000544267e-13,9.451168018e-14,5.037935697e-13,1.930944404e-13,1.437500972e-13,3.675895008e-13,8.490305283e-14,2.471295239e-14,2.518188532e-14,1.84760028e-13,1.628493736e-13,8.630028311e-14,1.139423922e-13,2.324826618e-13,4.483842747e-13,5.285680588e-13,4.800765222e-13,3.40958168e-13,1.498644248e-13,7.176137559e-14,1.682088451e-13,4.404331858e-14,7.047320315e-14,8.861951324e-14,6.795675203e-14,8.481341646e-14,2.460471977e-13,1.74403702e-13,6.392425451e-13,2.15051485e-14,1.651894618e-13,5.655714369e-14
21.2578125,2.981801075e-13,9.343556916e-14,5.028067971e-13,1.912885789e-13,1.443745492e-13,3.620367443e-13,8.464801704e-14,2.564800084e-14,2.562991992e-14,1.857800081e-13,1.621656903e-13,8.586119779e-14,1.148360244e-13,2.275646618e-13,4.387961795e-13,5.193160539e-13,4.720573799e-13,3.388094827e-13,1.496146179e-13,7.232708287e-14,1.678909912e-13,4.393571405e-14,7.170748065e-14,9.028106585e-14,6.84619324e-14,8.543225119e-14,2.460719006e-13,1.740870326e-13,6.460276155e-13,2.133472712e-14,1.654132579e-13,5.6530054e-14
21.265625,2.960115663e-13,9.244303861e-14,5.019555397e-13,1.893545981e-13,1.449046793e-13,3.563345369e-13,8.442771084e-14,2.6606218e-14,2.606184279e-14,1.868415605e-13,1.61538575e-13,8.543447127e-14,1.15805082e-13,2.225745355e-13,4.293019957e-13,5.102363131e-13,4.640499062e-13,3.366764631e-13,1.49343981e-13,7.28084737e-14,1.676869194e-13,4.378447831e-14,7.292541295e-14,9.196580359e-14,6.900546683e-14,8.605208539e-14,2.461840898e-13,1.738070222e-13,6.530273464e-13,2.117317372e-14,1.656449451e-13,5.646311372e-14
21.2734375,2.936874436e-13,9.131844534e-14,5.014073421e-13,1.87181541e-13,1.454449548e-13,3.503658872e-13,8.422595137e-14,2.759733845e-14,2.649993004e-14,1.879289041e-13,1.610135825e-13,8.505806508e-14,1.168168874e-13,2.174996353e-13,4.196306802e-13,5.009642187e-13,4.558361914e-13,3.345815439e-13,1.490281943e-13,7.340499594e-14,1.675174406e-13,4.360319789e-14,7.410727141e-14,9.37186848e-14,6.95322469e-14,8.677437988e-14,2.463051348e-13,1.734121616e-13,6.602051913e-13,2.10285756e-14,1.658698837e-13,5.640042919e-14
21.28125,2.917313312e-13,9.015428124e-14,5.010369947e-13,1.851095801e-13,1.460918664e-13,3.444928596e-13,8.406403912e-14,2.861743577e-14,2.696310484e-14,1.889376378e-13,1.604956855e-13,8.477729513e-14,1.178687601e-13,2.126281793e-13,4.099025303e-13,4.915590788e-13,4.477308722e-13,3.326806071e-13,1.487945034e-13,7.412839623e-14,1.673581006e-13,4.346136311e-14,7.527865206e-14,9.556176549e-14,7.005661279e-14,8.751795332e-14,2.465095154e-13,1.729875458e-13,6.676394763e-13,2.089303416e-14,1.662197659e-13,5.634731912e-14
21.2890625,2.901239131e-13,8.929713681e-14,5.007253464e-13,1.832274801e-13,1.4682533e-13,3.389104906e-13,8.394866361e-14,2.965110492e-14,2.74460707e-14,1.89991867e-13,1.598768039e-13,8.458854064e-14,1.18987004e-13,2.080280198e-13,4.003436284e-13,4.823395043e-13,4.398844824e-13,3.309741209e-13,1.486891357e-13,7.474377596e-14,1.672831196e-13,4.33771419e-14,7.64802826e-14,9.745020995e-14,7.060861122e-14,8.817034988e-14,2.468455178e-13,1.727924677e-13,6.753328025e-13,2.077419335e-14,1.667387561e-13,5.627186623e-14
21.296875,2.883535811e-13,8.862450246e-14,5.004361205e-13,1.813669521e-13,1.475365505e-13,3.333481488e-13,8.38439932e-14,3.071276297e-14,2.794820891e-14,1.912487987e-13,1.592291993e-13,8.440902616e-14,1.201052235e-13,2.033562513e-13,3.907900443e-13,4.732321569e-13,4.319685854e-13,3.292272747e-13,1.485509103e-13,7.529177599e-14,1.672350654e-13,4.330404807e-14,7.769516545e-14,9.933755717e-14,7.113799676e-14,8.87554846e-14,2.47151211e-13,1.727961095e-13,6.829072241e-13,2.067024133e-14,1.672209415e-13,5.62009541e-14
21.3046875,2.8641111e-13,8.78746439e-14,5.000241176e-13,1.794230173e-13,1.481951932e-13,3.276347594e-13,8.376209096e-14,3.180878527e-14,2.845746557e-14,1.925233012e-13,1.586029786e-13,8.420236818e-14,1.21167522e-13,1.984928327e-13,3.811228043e-13,4.641498155e-13,4.240070159e-13,3.274518476e-13,1.483457656e-13,7.596159147e-14,1.670952724e-13,4.320810503e-14,7.889408724e-14,1.012404806e-13,7.164390298e-14,8.934089064e-14,2.473857329e-13,1.727345233e-13,6.902745951e-13,2.055103624e-14,1.675709263e-13,5.613426134e-14
21.3125,2.846496718e-13,8.713674997e-14,4.996689649e-13,1.774491768e-13,1.489110292e-13,3.219964128e-13,8.372986402e-14,3.290921109e-14,2.89614758e-14,1.936724951e-13,1.579773589e-13,8.406876524e-14,1.22278039e-13,1.937427595e-13,3.715322565e-13,4.552372861e-13,4.162956555e-13,3.259090208e-13,1.482470786e-13,7.668442864e-14,1.669306671e-13,4.311590973e-14,8.007970714e-14,1.032364888e-13,7.218143982e-14,8.99634834e-14,2.477868676e-13,1.726212508e-13,6.980759944e-13,2.042782368e-14,1.680100245e-13,5.602469207e-14
21.3203125,2.830214076e-13,8.652982516e-14,4.997507766e-13,1.756553242e-13,1.496914708e-13,3.165859672e-13,8.370606973e-14,3.401323098e-14,2.948312951e-14,1.949164138e-13,1.574274565e-13,8.408046227e-14,1.234951081e-13,1.892674693e-13,3.621433242e-13,4.465153117e-13,4.08780208e-13,3.245557181e-13,1.482811305e-13,7.739568446e-14,1.668408544e-13,4.306848075e-14,8.125575778e-14,1.053327304e-13,7.272237795e-14,9.061494599e-14,2.484616817e-13,1.726818885e-13,7.065231496e-13,2.034416493e-14,1.686753175e-13,5.589859271e-14
21.328125,2.813591772e-13,8.605354797e-14,5.00041324e-13,1.739973551e-13,1.503960772e-13,3.112161328e-13,8.367007234e-14,3.514136789e-14,3.003422254e-14,1.963147476e-13,1.569868117e-13,8.416169778e-14,1.246722549e-13,1.848795238e-13,3.528780753e-13,4.379169727e-13,4.013744737e-13,3.2321182e-13,1.483221971e-13,7.812528513e-14,1.668093181e-13,4.30502525e-14,8.242330753e-14,1.074469424e-13,7.323591371e-14,9.121985324e-14,2.492367441e-13,1.728768415e-13,7.149140824e-13,2.029868725e-14,1.69418242e-13,5.579596916e-14
21.3359375,2.797795e-13,8.570660631e-14,5.000676809e-13,1.722026543e-13,1.510355937e-13,3.0573638e-13,8.366480198e-14,3.628383345e-14,3.060396948e-14,1.97659077e-13,1.56527293e-13,8.423115245e-14,1.257030737e-13,1.80447841e-13,3.435872523e-13,4.293972807e-13,3.940766729e-13,3.219274122e-13,1.483395955e-13,7.876066747e-14,1.668655361e-13,4.30298371e-14,8.358488347e-14,1.09569695e-13,7.375113175e-14,9.173474562e-14,2.499459687e-13,1.730385066e-13,7.22859282e-13,2.027377119e-14,1.701102468e-13,5.568402043e-14
21.34375,2.783212624e-13,8.540288981e-14,5.00004924e-13,1.703731405e-13,1.517254518e-13,3.002772225e-13,8.371079409e-14,3.745161176e-14,3.120501255e-14,1.990000411e-13,1.559758196e-13,8.431465666e-14,1.266827618e-13,1.760870197e-13,3.342591626e-13,4.209371124e-13,3.8672955e-13,3.206512152e-13,1.483543857e-13,7.930559521e-14,1.670426869e-13,4.301994576e-14,8.472563813e-14,1.117573247e-13,7.424676891e-14,9.222620529e-14,2.505808867e-13,1.732226652e-13,7.307116178e-13,2.027526324e-14,1.707929702e-13,5.555480078e-14
21.3515625,2.768838108e-13,8.510523248e-14,5.003155914e-13,1.686471663e-13,1.524168129e-13,2.949951004e-13,8.380896147e-14,3.867229123e-14,3.183790026e-14,2.004992566e-13,1.55430606e-13,8.447893545e-14,1.277282364e-13,1.719142076e-13,3.25133209e-13,4.12705385e-13,3.794329541e-13,3.193025215e-13,1.483913237e-13,7.996533917e-14,1.672710551e-13,4.302875442e-14,8.58321644e-14,1.140289608e-13,7.470782406e-14,9.27529153e-14,2.51251032e-13,1.735298703e-13,7.387995128e-13,2.029852092e-14,1.715381873e-13,5.543291394e-14
21.359375,2.755548857e-13,8.494962902e-14,5.009855271e-13,1.668623621e-13,1.530636964e-13,2.898709478e-13,8.396716969e-14,3.991628324e-14,3.247856932e-14,2.020464709e-13,1.549938615e-13,8.473893718e-14,1.288247481e-13,1.679054282e-13,3.1637043e-13,4.048558437e-13,3.725277479e-13,3.18163955e-13,1.485126293e-13,8.073733939e-14,1.675690485e-13,4.304168456e-14,8.691752068e-14,1.163748213e-13,7.51969943e-14,9.329179202e-14,2.520007132e-13,1.73950804e-13,7.470738287e-13,2.034107499e-14,1.723444077e-13,5.529050465e-14
21.3671875,2.744661273e-13,8.494779757e-14,5.017220934e-13,1.651915252e-13,1.537769561e-13,2.848804103e-13,8.417073313e-14,4.11602137e-14,3.313543452e-14,2.035373382e-13,1.546306307e-13,8.504854192e-14,1.298914443e-13,1.640343371e-13,3.078721003e-13,3.972991815e-13,3.659721622e-13,3.173351016e-13,1.487019648e-13,8.150853127e-14,1.680353548e-13,4.307027223e-14,8.799994076e-14,1.18731891e-13,7.571244365e-14,9.382223753e-14,2.526947036e-13,1.74458243e-13,7.552724669e-13,2.04275464e-14,1.731738732e-13,5.512158287e-14
21.375,2.735614711e-13,8.497806496e-14,5.025175301e-13,1.638091319e-13,1.545591092e-13,2.800853738e-13,8.441017752e-14,4.244517847e-14,3.382609263e-14,2.05072293e-13,1.542467733e-13,8.539313488e-14,1.309205085e-13,1.603304117e-13,2.995631502e-13,3.899792977e-13,3.595535989e-13,3.164352807e-13,1.488918892e-13,8.232844246e-14,1.686169707e-13,4.313128368e-14,8.90760696e-14,1.210763312e-13,7.618622207e-14,9.435628975e-14,2.533162205e-13,1.749792337e-13,7.633370031e-13,2.05640536e-14,1.740789446e-13,5.498377411e-14
21.3828125,2.726962152e-13,8.506998488e-14,5.034805578e-13,1.62281327e-13,1.552601789e-13,2.754012364e-13,8.469579485e-14,4.378911705e-14,3.45388479e-14,2.067522906e-13,1.538287118e-13,8.580339176e-14,1.319659487e-13,1.567431139e-13,2.914492094e-13,3.829470018e-13,3.533004054e-13,3.153879127e-13,1.490945036e-13,8.318537617e-14,1.691968421e-13,4.320757226e-14,9.012857378e-14,1.235499153e-13,7.663477492e-14,9.489721022e-14,2.540350529e-13,1.754765128e-13,7.715346739e-13,2.073082066e-14,1.751165668e-13,5.487092646e-14
21.390625,2.717511642e-13,8.52704198e-14,5.044214484e-13,1.605507794e-13,1.5588173e-13,2.706542179e-13,8.501317263e-14,4.516021501e-14,3.526088063e-14,2.085599879e-13,1.53410169e-13,8.624361653e-14,1.330042506e-13,1.531744271e-13,2.835280413e-13,3.761859742e-13,3.472168134e-13,3.144974165e-13,1.493100322e-13,8.397644832e-14,1.697595598e-13,4.327848535e-14,9.11549709e-14,1.261753863e-13,7.710650769e-14,9.543998052e-14,2.547974804e-13,1.760365794e-13,7.798197209e-13,2.092888852e-14,1.761461709e-13,5.471588098e-14
21.3984375,2.707902254e-13,8.553448826e-14,5.052547019e-13,1.591437447e-13,1.56574965e-13,2.659872195e-13,8.534898159e-14,4.653343529e-14,3.598496763e-14,2.103729686e-13,1.529962021e-13,8.668351246e-14,1.34001998e-13,1.496961169e-13,2.758211675e-13,3.696281416e-13,3.412346604e-13,3.137651835e-13,1.495318352e-13,8.472787202e-14,1.703461119e-13,4.335453132e-14,9.217091289e-14,1.287519867e-13,7.758385099e-14,9.598639368e-14,2.554720744e-13,1.766831212e-13,7.878460978e-13,2.116994354e-14,1.770984397e-13,5.453324502e-14
21.40625,2.700089734e-13,8.59005625e-14,5.063297813e-13,1.57957907e-13,1.573299375e-13,2.616614228e-13,8.573227733e-14,4.789405854e-14,3.670775483e-14,2.121326425e-13,1.52615224e-13,8.720908476e-14,1.350599734e-13,1.464837322e-13,2.682895964e-13,3.631866809e-13,3.354180865e-13,3.130315742e-13,1.498408008e-13,8.548482377e-14,1.710384629e-13,4.345591143e-14,9.317278808e-14,1.312988433e-13,7.805330562e-14,9.655106883e-14,2.562321118e-13,1.773848648e-13,7.957453189e-13,2.145207858e-14,1.782079795e-13,5.438382039e-14
21.4140625,2.692818076e-13,8.636014509e-14,5.077534523e-13,1.565501801e-13,1.579498133e-13,2.575257635e-13,8.618218462e-14,4.924226112e-14,3.743582012e-14,2.139471494e-13,1.523288222e-13,8.783595478e-14,1.362163587e-13,1.435173444e-13,2.609450967e-13,3.569688705e-13,3.298524684e-13,3.123327407e-13,1.502157518e-13,8.624824937e-14,1.718981467e-13,4.356142685e-14,9.412850161e-14,1.339850979e-13,7.854218618e-14,9.716010416e-14,2.571645371e-13,1.781592215e-13,8.037825696e-13,2.178253636e-14,1.795345528e-13,5.424530234e-14
21.421875,2.682921916e-13,8.678567704e-14,5.092149329e-13,1.550524822e-13,1.58368042e-13,2.533124184e-13,8.666769695e-14,5.060199283e-14,3.817013129e-14,2.158540621e-13,1.521587237e-13,8.845934406e-14,1.373206533e-13,1.406205404e-13,2.539558841e-13,3.512748376e-13,3.245442131e-13,3.116563495e-13,1.505103457e-13,8.709304676e-14,1.728465202e-13,4.363262056e-14,9.502830616e-14,1.366858722e-13,7.905263651e-14,9.781920009e-14,2.58063951e-13,1.789121688e-13,8.117750091e-13,2.217227279e-14,1.808111457e-13,5.406987901e-14
21.4296875,2.671591478e-13,8.725401583e-14,5.106848017e-13,1.536753761e-13,1.587462271e-13,2.491374517e-13,8.716087399e-14,5.198774807e-14,3.8922143e-14,2.17795322e-13,1.520496081e-13,8.909796229e-14,1.38330749e-13,1.377792193e-13,2.472829682e-13,3.459810528e-13,3.194106028e-13,3.109180591e-13,1.507514894e-13,8.80402195e-14,1.737941212e-13,4.369776026e-14,9.590940085e-14,1.392758566e-13,7.954958993e-14,9.849242685e-14,2.589145557e-13,1.795808375e-13,8.196485544e-13,2.260875752e-14,1.820129023e-13,5.388613415e-14
21.4375,2.66148521e-13,8.794206641e-14,5.122970386e-13,1.523719116e-13,1.591897759e-13,2.451978035e-13,8.767458126e-14,5.339495155e-14,3.970836761e-14,2.19825847e-13,1.518991646e-13,8.983166289e-14,1.393523137e-13,1.3512377e-13,2.407228142e-13,3.406824212e-13,3.14318406e-13,3.101558168e-13,1.51069875e-13,8.897747842e-14,1.747925993e-13,4.380490255e-14,9.679651921e-14,1.418800129e-13,8.001184968e-14,9.913441255e-14,2.598664714e-13,1.803528527e-13,8.274980359e-13,2.30829407e-14,1.83324666e-13,5.372467108e-14
21.4453125,2.651204109e-13,8.874718104e-14,5.139361291e-13,1.511454088e-13,1.596177764e-13,2.414314168e-13,8.820945376e-14,5.480511388e-14,4.05035441e-14,2.219587572e-13,1.517192895e-13,9.060562498e-14,1.403378981e-13,1.326459136e-13,2.343595617e-13,3.355167669e-13,3.093017883e-13,3.093814694e-13,1.514327846e-13,8.988886385e-14,1.759044706e-13,4.392460914e-14,9.764665493e-14,1.444861895e-13,8.044489342e-14,9.974659206e-14,2.60872337e-13,1.812738406e-13,8.350918473e-13,2.360908046e-14,1.846748401e-13,5.354268479e-14
21.453125,2.639282944e-13,8.953172631e-14,5.155811771e-13,1.499079211e-13,1.599534348e-13,2.377073703e-13,8.874041637e-14,5.619459056e-14,4.128595888e-14,2.240868453e-13,1.516617013e-13,9.138941686e-14,1.41198576e-13,1.302526091e-13,2.283227333e-13,3.307945555e-13,3.045171615e-13,3.085539427e-13,1.5176458e-13,9.089277197e-14,1.771002098e-13,4.402040461e-14,9.840783133e-14,1.47025924e-13,8.084894151e-14,1.003791555e-13,2.618510504e-13,1.821187773e-13,8.423285489e-13,2.419344816e-14,1.8596059e-13,5.330162645e-14
21.4609375,2.627086647e-13,9.041287607e-14,5.172643533e-13,1.485515784e-13,1.602125197e-13,2.339870618e-13,8.928977043e-14,5.757754352e-14,4.207863654e-14,2.262119974e-13,1.516990547e-13,9.224535702e-14,1.420276109e-13,1.279911764e-13,2.225301723e-13,3.263803838e-13,2.999755049e-13,3.07760701e-13,1.520932305e-13,9.19769079e-14,1.783372239e-13,4.411323562e-14,9.911681466e-14,1.496695942e-13,8.122688946e-14,1.010522432e-13,2.628163191e-13,1.828604172e-13,8.494166255e-13,2.483558892e-14,1.872947383e-13,5.302217682e-14
21.46875,2.615014146e-13,9.146080422e-14,5.187757778e-13,1.472448186e-13,1.604157935e-13,2.303141235e-13,8.989274546e-14,5.898433149e-14,4.288171488e-14,2.284006435e-13,1.516263607e-13,9.314909107e-14,1.428620162e-13,1.259041022e-13,2.169966152e-13,3.221984786e-13,2.956162008e-13,3.07065955e-13,1.524398697e-13,9.2990238e-14,1.796108263e-13,4.42093092e-14,9.985722283e-14,1.524579808e-13,8.160846992e-14,1.017306862e-13,2.63700732e-13,1.836461327e-13,8.562245716e-13,2.555015395e-14,1.887177577e-13,5.273011156e-14
21.4765625,2.602154716e-13,9.257653864e-14,5.201041486e-13,1.461055806e-13,1.605346399e-13,2.267806426e-13,9.050983961e-14,6.039440269e-14,4.367388007e-14,2.306900732e-13,1.514957053e-13,9.404422819e-14,1.435909315e-13,1.238802539e-13,2.117721314e-13,3.18416014e-13,2.91462859e-13,3.063492318e-13,1.527808386e-13,9.395262358e-14,1.809481598e-13,4.429597935e-14,1.006261634e-13,1.552018347e-13,8.199816201e-14,1.024030288e-13,2.644372478e-13,1.844901187e-13,8.625313991e-13,2.634139865e-14,1.901606446e-13,5.242999039e-14
21.484375,2.588717107e-13,9.375107917e-14,5.215387534e-13,1.450073522e-13,1.605437261e-13,2.234412502e-13,9.111897664e-14,6.178389476e-14,4.446470527e-14,2.331275397e-13,1.515404876e-13,9.496893885e-14,1.442410351e-13,1.219207292e-13,2.068052677e-13,3.150555146e-13,2.875829197e-13,3.055450438e-13,1.531277377e-13,9.502666464e-14,1.823804237e-13,4.438888458e-14,1.013297176e-13,1.579003443e-13,8.234840565e-14,1.030878597e-13,2.651239614e-13,1.853812302e-13,8.685624706e-13,2.719243413e-14,1.916331893e-13,5.212598337e-14
21.4921875,2.575208067e-13,9.502525576e-14,5.231977033e-13,1.438732189e-13,1.605343757e-13,2.202923618e-13,9.178174057e-14,6.318043919e-14,4.526054186e-14,2.356457917e-13,1.517776337e-13,9.596445496e-14,1.449374095e-13,1.202070539e-13,2.021957137e-13,3.120984909e-13,2.840083863e-13,3.047528585e-13,1.53536835e-13,9.616770506e-14,1.838970045e-13,4.449383707e-14,1.019220289e-13,1.606435083e-13,8.264632408e-14,1.037780165e-13,2.658895947e-13,1.863252875e-13,8.745091111e-13,2.809503045e-14,1.931648163e-13,5.181629172e-14
21.5,2.561186785e-13,9.63438388e-14,5.250385486e-13,1.427216283e-13,1.605702024e-13,2.172928603e-13,9.25093971e-14,6.459751452e-14,4.605516684e-14,2.381702244e-13,1.52095069e-13,9.701643779e-14,1.456573779e-13,1.187650308e-13,1.980177454e-13,3.09500725e-13,2.806382038e-13,3.039941079e-13,1.540221894e-13,9.722045939e-14,1.854619319e-13,4.45922993e-14,1.024694444e-13,1.633876465e-13,8.294147219e-14,1.04470219e-13,2.667014886e-13,1.872727343e-13,8.802564978e-13,2.905225888e-14,1.947829711e-13,5.148854877e-14
21.5078125,2.546000877e-13,9.772209215e-14,5.269103687e-13,1.415883662e-13,1.604465022e-13,2.143841267e-13,9.324097285e-14,6.601277004e-14,4.685614915e-14,2.407994044e-13,1.524055193e-13,9.808359977e-14,1.463318058e-13,1.174640126e-13,1.940952909e-13,3.07103433e-13,2.773741438e-13,3.031649368e-13,1.545043342e-13,9.825714568e-14,1.870655545e-13,4.467821226e-14,1.030377771e-13,1.661645814e-13,8.325952422e-14,1.051837899e-13,2.674245776e-13,1.882194597e-13,8.857012093e-13,3.007219e-14,1.965115432e-13,5.114620656e-14
21.515625,2.530010235e-13,9.925238063e-14,5.285536366e-13,1.404967924e-13,1.600487098e-13,2.115883859e-13,9.397052992e-14,6.742338838e-14,4.76681627e-14,2.43499462e-13,1.526165591e-13,9.912963516e-14,1.469745368e-13,1.16287351e-13,1.903813186e-13,3.049840979e-13,2.743184416e-13,3.022435345e-13,1.549404079e-13,9.941068841e-14,1.887186249e-13,4.476035498e-14,1.035949695e-13,1.690272798e-13,8.357922871e-14,1.059337437e-13,2.680416378e-13,1.891477642e-13,8.907308636e-13,3.116888627e-14,1.982513053e-13,5.081788189e-14
21.5234375,2.514091956e-13,1.008549102e-13,5.300361049e-13,1.393420117e-13,1.596828865e-13,2.089738773e-13,9.472507738e-14,6.882795505e-14,4.850117285e-14,2.461215167e-13,1.527674183e-13,1.001909945e-13,1.475854913e-13,1.152733809e-13,1.869919505e-13,3.03314807e-13,2.714986203e-13,3.013169261e-13,1.553998669e-13,1.00633409e-13,1.904156349e-13,4.485472686e-14,1.040934248e-13,1.718605441e-13,8.388248846e-14,1.06754949e-13,2.68662778e-13,1.899904753e-13,8.952851604e-13,3.23415065e-14,1.999095237e-13,5.051990354e-14
21.53125,2.497944405e-13,1.024247039e-13,5.316020772e-13,1.380549258e-13,1.595043729e-13,2.065210955e-13,9.547645438e-14,7.020660571e-14,4.93652975e-14,2.488132533e-13,1.529754461e-13,1.013227944e-13,1.48149924e-13,1.144130513e-13,1.838581678e-13,3.019146622e-13,2.687775547e-13,3.004599338e-13,1.558926497e-13,1.018618385e-13,1.921279171e-13,4.49680479e-14,1.04549043e-13,1.746304674e-13,8.416455891e-14,1.076615331e-13,2.693272487e-13,1.908229672e-13,8.995593514e-13,3.35800734e-14,2.015629156e-13,5.022854289e-14
21.5390625,2.481116942e-13,1.041076926e-13,5.330585236e-13,1.36803734e-13,1.592526181e-13,2.041865213e-13,9.618550625e-14,7.158862822e-14,5.024124886e-14,2.517050298e-13,1.532115145e-13,1.024841329e-13,1.486926331e-13,1.137266574e-13,1.809100646e-13,3.006730636e-13,2.662464692e-13,2.996846168e-13,1.563534893e-13,1.031304323e-13,1.938295715e-13,4.508494461e-14,1.049739096e-13,1.774689697e-13,8.442500364e-14,1.085785447e-13,2.699826121e-13,1.91747231e-13,9.036685908e-13,3.489322054e-14,2.032436688e-13,4.992510359e-14
21.546875,2.464307199e-13,1.060162449e-13,5.341461793e-13,1.357251027e-13,1.58857123e-13,2.019646893e-13,9.6865253e-14,7.303422704e-14,5.11272812e-14,2.546001485e-13,1.534506111e-13,1.036262712e-13,1.492125542e-13,1.132218911e-13,1.78270847e-13,2.998341425e-13,2.640729104e-13,2.989366902e-13,1.568224077e-13,1.045011477e-13,1.955193392e-13,4.520211111e-14,1.053549447e-13,1.803824007e-13,8.467076024e-14,1.094581887e-13,2.70596758e-13,1.926907342e-13,9.074414593e-13,3.629486037e-14,2.048498954e-13,4.963581861e-14
21.5546875,2.447226038e-13,1.079900534e-13,5.350451619e-13,1.347149138e-13,1.584610384e-13,1.99865558e-13,9.755235608e-14,7.450292312e-14,5.203981133e-14,2.574878344e-13,1.537472199e-13,1.047833533e-13,1.497049183e-13,1.128994617e-13,1.759659613e-13,2.994049259e-13,2.621407947e-13,2.981715206e-13,1.573626919e-13,1.059833088e-13,1.972196635e-13,4.533149419e-14,1.057095923e-13,1.832595958e-13,8.490860028e-14,1.103651165e-13,2.711780511e-13,1.936071426e-13,9.107555008e-13,3.779706955e-14,2.063930855e-13,4.937181766e-14
21.5625,2.429171434e-13,1.099700613e-13,5.359694514e-13,1.336148714e-13,1.580032743e-13,1.979379236e-13,9.825929449e-14,7.588451869e-14,5.294591993e-14,2.606087514e-13,1.540505049e-13,1.059784597e-13,1.502163897e-13,1.128152903e-13,1.738591464e-13,2.991077549e-13,2.603626689e-13,2.97431052e-13,1.579260094e-13,1.074665305e-13,1.989662842e-13,4.546448463e-14,1.060488628e-13,1.860877486e-13,8.514160597e-14,1.11350479e-13,2.717571264e-13,1.945684976e-13,9.136433638e-13,3.940947566e-14,2.079638549e-13,4.909649108e-14
21.5703125,2.411377185e-13,1.121174667e-13,5.368826139e-13,1.324145064e-13,1.574364345e-13,1.961401574e-13,9.897842893e-14,7.71826234e-14,5.382141227e-14,2.639169586e-13,1.543346455e-13,1.071821584e-13,1.507304535e-13,1.129240969e-13,1.719474008e-13,2.989763737e-13,2.588181181e-13,2.967331978e-13,1.584721491e-13,1.08892034e-13,2.007760153e-13,4.558841484e-14,1.063506423e-13,1.889210729e-13,8.536924729e-14,1.124098639e-13,2.723429301e-13,1.955937592e-13,9.161550091e-13,4.110790036e-14,2.094903843e-13,4.880465683e-14
21.578125,2.393675106e-13,1.144018878e-13,5.376492588e-13,1.312779339e-13,1.568239486e-13,1.943117282e-13,9.969471708e-14,7.84980205e-14,5.46956708e-14,2.671962074e-13,1.546689055e-13,1.083725304e-13,1.511529726e-13,1.131132818e-13,1.703720648e-13,2.992380824e-13,2.574402466e-13,2.959843175e-13,1.58997365e-13,1.10380299e-13,2.026248038e-13,4.569991878e-14,1.066208448e-13,1.917656525e-13,8.557701196e-14,1.135512193e-13,2.729079842e-13,1.966275555e-13,9.182950414e-13,4.286936827e-14,2.108774034e-13,4.852849394e-14
21.5859375,2.373777203e-13,1.166348913e-13,5.380930586e-13,1.303161334e-13,1.561110586e-13,1.924897526e-13,1.00378179e-13,7.985157129e-14,5.556817684e-14,2.704789216e-13,1.54993282e-13,1.095478799e-13,1.514842354e-13,1.134359764e-13,1.691345419e-13,2.998459666e-13,2.561570168e-13,2.951381091e-13,1.594692364e-13,1.119434121e-13,2.044790178e-13,4.579018127e-14,1.068742776e-13,1.945862802e-13,8.575098314e-14,1.147499584e-13,2.734392213e-13,1.976007141e-13,9.199943453e-13,4.472335585e-14,2.121962783e-13,4.825017748e-14
21.59375,2.353035661e-13,1.188592138e-13,5.38153239e-13,1.293817378e-13,1.5533364e-13,1.908592091e-13,1.010125661e-13,8.118788072e-14,5.641656758e-14,2.739175964e-13,1.552364521e-13,1.107032206e-13,1.517906152e-13,1.139426551e-13,1.680899502e-13,3.006765708e-13,2.551075538e-13,2.943045742e-13,1.599149135e-13,1.134617628e-13,2.063209412e-13,4.586622286e-14,1.070835306e-13,1.973874418e-13,8.590115759e-14,1.159515687e-13,2.739346952e-13,1.985099199e-13,9.212900227e-13,4.668691458e-14,2.134866173e-13,4.793469489e-14
21.6015625,2.334736183e-13,1.212343285e-13,5.379936095e-13,1.283547943e-13,1.546156979e-13,1.893849464e-13,1.016060745e-13,8.249010097e-14,5.725565901e-14,2.775177608e-13,1.554426101e-13,1.118276216e-13,1.520505923e-13,1.145710678e-13,1.672405869e-13,3.018027256e-13,2.543323903e-13,2.9358319e-13,1.603999645e-13,1.150045501e-13,2.081613803e-13,4.59503393e-14,1.072257187e-13,2.002310294e-13,8.603705091e-14,1.171939884e-13,2.744415962e-13,1.994590197e-13,9.223176855e-13,4.87461999e-14,2.146931006e-13,4.761773958e-14
21.609375,2.317360879e-13,1.237695157e-13,5.377692827e-13,1.273788581e-13,1.538272039e-13,1.87957128e-13,1.021479644e-13,8.377715922e-14,5.80983147e-14,2.811648108e-13,1.555722556e-13,1.12935298e-13,1.522385629e-13,1.15408306e-13,1.667425453e-13,3.032640471e-13,2.53678382e-13,2.929121028e-13,1.60907341e-13,1.166917635e-13,2.100499935e-13,4.604514353e-14,1.073188237e-13,2.030966827e-13,8.615905514e-14,1.1857383e-13,2.750728427e-13,2.004586806e-13,9.229414525e-13,5.092194929e-14,2.158802668e-13,4.734810314e-14
21.6171875,2.297681041e-13,1.264394747e-13,5.374638692e-13,1.26546389e-13,1.528531005e-13,1.866149514e-13,1.026454586e-13,8.50546543e-14,5.893689274e-14,2.847816644e-13,1.556471944e-13,1.140558185e-13,1.524122844e-13,1.165615074e-13,1.666481723e-13,3.050174626e-13,2.53167922e-13,2.922082287e-13,1.614136153e-13,1.184925625e-13,2.120106082e-13,4.614050427e-14,1.074033806e-13,2.058569684e-13,8.629589336e-14,1.201016315e-13,2.758299736e-13,2.013940608e-13,9.229880661e-13,5.321779101e-14,2.171200951e-13,4.710456488e-14
21.625,2.276385817e-13,1.292501905e-13,5.369757494e-13,1.257656416e-13,1.518217295e-13,1.853750827e-13,1.031517084e-13,8.630572778e-14,5.975702284e-14,2.883847391e-13,1.558500433e-13,1.15167648e-13,1.525715903e-13,1.179252882e-13,1.669109794e-13,3.071603992e-13,2.529967981e-13,2.915047923e-13,1.61928138e-13,1.20409539e-13,2.140021547e-13,4.622604977e-14,1.075054756e-13,2.085060325e-13,8.6465909e-14,1.217145236e-13,2.76613226e-13,2.022876141e-13,9.226514067e-13,5.559114253e-14,2.183135376e-13,4.684049755e-14
21.6328125,2.255055663e-13,1.321199888e-13,5.362428936e-13,1.249883086e-13,1.507606666e-13,1.8422297e-13,1.036591019e-13,8.751240726e-14,6.054274803e-14,2.920154253e-13,1.560879319e-13,1.16242728e-13,1.526464598e-13,1.194619057e-13,1.675088766e-13,3.09751786e-13,2.531184025e-13,2.907960589e-13,1.62418835e-13,1.224198116e-13,2.159915186e-13,4.629129927e-14,1.075817575e-13,2.111710567e-13,8.661880278e-14,1.233864025e-13,2.774157141e-13,2.032053443e-13,9.219774052e-13,5.805573389e-14,2.194272686e-13,4.654978692e-14
21.640625,2.232971526e-13,1.349747032e-13,5.353325209e-13,1.241885438e-13,1.496334499e-13,1.831889389e-13,1.041122748e-13,8.868895202e-14,6.131015814e-14,2.95710446e-13,1.561129827e-13,1.173195655e-13,1.526880012e-13,1.212789574e-13,1.684260006e-13,3.126310149e-13,2.53317209e-13,2.900264266e-13,1.62897039e-13,1.243678559e-13,2.179664813e-13,4.633949187e-14,1.07575308e-13,2.138359701e-13,8.673012628e-14,1.251593501e-13,2.782587806e-13,2.040478328e-13,9.207323812e-13,6.065538442e-14,2.205702046e-13,4.625778523e-14
21.6484375,2.209475703e-13,1.379013208e-13,5.344142646e-13,1.233035067e-13,1.485066968e-13,1.822313899e-13,1.045374159e-13,8.984987218e-14,6.207875348e-14,2.994968998e-13,1.560994522e-13,1.184178446e-13,1.528378937e-13,1.233954281e-13,1.696929053e-13,3.157542577e-13,2.536791714e-13,2.893332402e-13,1.634352944e-13,1.262496574e-13,2.199038677e-13,4.637768624e-14,1.075298378e-13,2.163674986e-13,8.686931749e-14,1.270771801e-13,2.79181303e-13,2.04803154e-13,9.191331074e-13,6.337630976e-14,2.217761082e-13,4.598532541e-14
21.65625,2.184934947e-13,1.409783298e-13,5.336020986e-13,1.223583695e-13,1.473422639e-13,1.813199919e-13,1.049744019e-13,9.09820282e-14,6.283703035e-14,3.033675139e-13,1.563088503e-13,1.195229189e-13,1.531144441e-13,1.258052991e-13,1.713706881e-13,3.192766368e-13,2.544276422e-13,2.888663205e-13,1.640209802e-13,1.282302909e-13,2.218001525e-13,4.641458434e-14,1.075003678e-13,2.187845316e-13,8.706674247e-14,1.291066811e-13,2.803131653e-13,2.056252092e-13,9.175562524e-13,6.620877487e-14,2.230495749e-13,4.573501573e-14
21.6640625,2.159474227e-13,1.441193102e-13,5.328315328e-13,1.214027372e-13,1.461434997e-13,1.805273017e-13,1.0537686e-13,9.209683822e-14,6.359805327e-14,3.073375286e-13,1.565869988e-13,1.206761855e-13,1.534131396e-13,1.285145667e-13,1.733960189e-13,3.231496135e-13,2.554500693e-13,2.885046613e-13,1.646246656e-13,1.303165196e-13,2.236619893e-13,4.647421647e-14,1.074320827e-13,2.211970734e-13,8.725740348e-14,1.311881535e-13,2.816492185e-13,2.064915458e-13,9.1578239e-13,6.916579505e-14,2.244166236e-13,4.549591012e-14
21.671875,2.133541827e-13,1.47308155e-13,5.319297276e-13,1.204369973e-13,1.450446685e-13,1.7984571e-13,1.056993861e-13,9.318825033e-14,6.435654143e-14,3.114204455e-13,1.567828992e-13,1.218811151e-13,1.536452964e-13,1.31450268e-13,1.756482093e-13,3.271403116e-13,2.565694112e-13,2.881787096e-13,1.652816555e-13,1.323625401e-13,2.255180822e-13,4.654891573e-14,1.072845956e-13,2.235975351e-13,8.741603104e-14,1.333372758e-13,2.830315244e-13,2.07255374e-13,9.135180338e-13,7.223292385e-14,2.258053859e-13,4.524641256e-14
21.6796875,2.10778031e-13,1.507031657e-13,5.30776117e-13,1.195053313e-13,1.438759334e-13,1.792046643e-13,1.059561185e-13,9.417636828e-14,6.503434246e-14,3.155218743e-13,1.569949104e-13,1.230341435e-13,1.537725144e-13,1.345567499e-13,1.781064657e-13,3.31217114e-13,2.579181112e-13,2.879993531e-13,1.659340994e-13,1.343421765e-13,2.274389035e-13,4.65874497e-14,1.071248569e-13,2.259326806e-13,8.758972527e-14,1.355738445e-13,2.844162638e-13,2.079543428e-13,9.108552938e-13,7.540249391e-14,2.271500277e-13,4.497154091e-14
21.6875,2.081911454e-13,1.542585043e-13,5.293361605e-13,1.186069804e-13,1.424463747e-13,1.786171758e-13,1.061680805e-13,9.505999262e-14,6.563299346e-14,3.195704344e-13,1.572197485e-13,1.24096535e-13,1.538386319e-13,1.378317538e-13,1.807946137e-13,3.355194395e-13,2.596063656e-13,2.879448463e-13,1.665024692e-13,1.364218751e-13,2.29396944e-13,4.658785298e-14,1.069895588e-13,2.281918633e-13,8.780120794e-14,1.378643291e-13,2.858559581e-13,2.086726186e-13,9.078187719e-13,7.866985774e-14,2.284603115e-13,4.469747471e-14
21.6953125,2.056277623e-13,1.577051027e-13,5.27678524e-13,1.176637689e-13,1.410857448e-13,1.780912661e-13,1.063270323e-13,9.59640754e-14,6.626777666e-14,3.236536442e-13,1.574175608e-13,1.251502014e-13,1.539669129e-13,1.413271732e-13,1.837766026e-13,3.401345021e-13,2.615274982e-13,2.880238205e-13,1.670933874e-13,1.387009588e-13,2.312776254e-13,4.660630322e-14,1.068189947e-13,2.303470171e-13,8.803765284e-14,1.402442356e-13,2.874516844e-13,2.093849713e-13,9.044431738e-13,8.20134007e-14,2.297260014e-13,4.446880477e-14
21.703125,2.031661897e-13,1.611244629e-13,5.259350603e-13,1.167214861e-13,1.399534527e-13,1.77618953e-13,1.064166002e-13,9.692850867e-14,6.697803238e-14,3.278743018e-13,1.576860105e-13,1.26270326e-13,1.541774724e-13,1.451578986e-13,1.871405442e-13,3.450851744e-13,2.636245216e-13,2.883388961e-13,1.67794384e-13,1.409965805e-13,2.330914465e-13,4.666244902e-14,1.065803019e-13,2.324450331e-13,8.828572266e-14,1.427681824e-13,2.892616655e-13,2.101372154e-13,9.01011871e-13,8.545452691e-14,2.310105297e-13,4.427881479e-14
21.7109375,2.006328976e-13,1.648711881e-13,5.240175079e-13,1.158262345e-13,1.386512643e-13,1.772376074e-13,1.064577877e-13,9.788035162e-14,6.771037634e-14,3.322224161e-13,1.57984615e-13,1.274715374e-13,1.543422123e-13,1.492813628e-13,1.907774842e-13,3.502698972e-13,2.658923011e-13,2.886799558e-13,1.684908259e-13,1.431606532e-13,2.348731191e-13,4.672959673e-14,1.063211352e-13,2.34643684e-13,8.851859476e-14,1.45354562e-13,2.910873825e-13,2.109574273e-13,8.974911138e-13,8.901371084e-14,2.323880189e-13,4.40814863e-14
21.71875,1.979000158e-13,1.688572544e-13,5.216668723e-13,1.148504334e-13,1.37148448e-13,1.769216554e-13,1.064753645e-13,9.878879787e-14,6.842084783e-14,3.365834146e-13,1.58183401e-13,1.286843258e-13,1.544127269e-13,1.535395056e-13,1.944863619e-13,3.555022634e-13,2.682891608e-13,2.888746775e-13,1.690966371e-13,1.453835915e-13,2.365413062e-13,4.678378744e-14,1.060702692e-13,2.369167814e-13,8.8707218e-14,1.479499407e-13,2.928191519e-13,2.116574505e-13,8.934397047e-13,9.264929607e-14,2.337056018e-13,4.38687816e-14
21.7265625,1.952178714e-13,1.727290846e-13,5.18931791e-13,1.138057546e-13,1.358341968e-13,1.766129855e-13,1.064428598e-13,9.964740355e-14,6.907482447e-14,3.408477249e-13,1.583629758e-13,1.29803071e-13,1.544630845e-13,1.579638994e-13,1.983192714e-13,3.607813361e-13,2.708413458e-13,2.89224617e-13,1.696580357e-13,1.477850875e-13,2.381026027e-13,4.681549574e-14,1.057909566e-13,2.390339215e-13,8.886800356e-14,1.506300081e-13,2.946728072e-13,2.121919813e-13,8.887742369e-13,9.636275935e-14,2.348319944e-13,4.366871011e-14
21.734375,1.926883536e-13,1.766036075e-13,5.160991142e-13,1.128817412e-13,1.346448186e-13,1.763518301e-13,1.063435641e-13,1.004282901e-13,6.967495686e-14,3.450539271e-13,1.58610215e-13,1.308481021e-13,1.545321462e-13,1.626188482e-13,2.023752412e-13,3.661499184e-13,2.735097168e-13,2.898733868e-13,1.702358002e-13,1.500959877e-13,2.396499844e-13,4.683706735e-14,1.05457529e-13,2.409660927e-13,8.90487249e-14,1.533748712e-13,2.966520316e-13,2.128351925e-13,8.838861045e-13,1.001993936e-13,2.359258556e-13,4.347697568e-14
21.7421875,1.901590384e-13,1.807580016e-13,5.132370561e-13,1.120270578e-13,1.333412636e-13,1.761945971e-13,1.061948433e-13,1.01140759e-13,7.026042445e-14,3.492571632e-13,1.588662146e-13,1.319030011e-13,1.546101731e-13,1.674390521e-13,2.065550632e-13,3.714706783e-13,2.761520101e-13,2.906180005e-13,1.708745975e-13,1.521399444e-13,2.411603894e-13,4.686662735e-14,1.050800613e-13,2.428615642e-13,8.925194412e-14,1.561109142e-13,2.985722203e-13,2.136185392e-13,8.789697904e-13,1.041163086e-13,2.370816558e-13,4.326694802e-14
21.75,1.877791969e-13,1.849816977e-13,5.102252687e-13,1.110918004e-13,1.320537858e-13,1.761666396e-13,1.059989569e-13,1.018096561e-13,7.081750618e-14,3.534141434e-13,1.591169416e-13,1.329264363e-13,1.546506413e-13,1.724395819e-13,2.109012831e-13,3.768410025e-13,2.788840887e-13,2.914749994e-13,1.715495464e-13,1.5418281e-13,2.425998901e-13,4.688930398e-14,1.046573944e-13,2.446871256e-13,8.943826484e-14,1.589181552e-13,3.005077529e-13,2.142699902e-13,8.737792906e-13,1.080538325e-13,2.381359262e-13,4.306599047e-14
21.7578125,1.856393876e-13,1.890731057e-13,5.070128026e-13,1.101973526e-13,1.308181367e-13,1.762939528e-13,1.057646513e-13,1.024381092e-13,7.132824404e-14,3.576092253e-13,1.593442271e-13,1.338938271e-13,1.546140578e-13,1.777166476e-13,2.155988014e-13,3.825472445e-13,2.819639652e-13,2.925226844e-13,1.72207823e-13,1.564521684e-13,2.440135322e-13,4.689019921e-14,1.042037237e-13,2.463661911e-13,8.96191824e-14,1.61863009e-13,3.025156649e-13,2.148492139e-13,8.681620448e-13,1.12071029e-13,2.390705513e-13,4.291955132e-14
21.765625,1.833544319e-13,1.93395692e-13,5.036826668e-13,1.094530448e-13,1.294597596e-13,1.764844481e-13,1.054836785e-13,1.030539948e-13,7.184932278e-14,3.619790724e-13,1.595340432e-13,1.349333991e-13,1.545939569e-13,1.833258457e-13,2.205605266e-13,3.884193795e-13,2.852952846e-13,2.93665208e-13,1.72921521e-13,1.587668661e-13,2.454186649e-13,4.689806158e-14,1.03761561e-13,2.48005889e-13,8.983470124e-14,1.648849603e-13,3.045906673e-13,2.156108592e-13,8.623960209e-13,1.162453099e-13,2.401219551e-13,4.278559224e-14
21.7734375,1.807910378e-13,1.981961711e-13,5.003029006e-13,1.08727124e-13,1.28060865e-13,1.765569544e-13,1.05110093e-13,1.036801109e-13,7.240524986e-14,3.664115558e-13,1.598350415e-13,1.360908048e-13,1.546343489e-13,1.892000486e-13,2.256282408e-13,3.941985072e-13,2.886078846e-13,2.94892137e-13,1.737161272e-13,1.609885699e-13,2.468253663e-13,4.693105123e-14,1.0332374e-13,2.496460551e-13,9.004655361e-14,1.679731058e-13,3.068819016e-13,2.164170606e-13,8.56595863e-13,1.205290175e-13,2.413198929e-13,4.261015353e-14
21.78125,1.782937831e-13,2.031251288e-13,4.968019783e-13,1.079467859e-13,1.267854252e-13,1.765031135e-13,1.046636065e-13,1.042581006e-13,7.29343275e-14,3.70760473e-13,1.603147211e-13,1.372505857e-13,1.54578599e-13,1.951544831e-13,2.308830115e-13,4.000304809e-13,2.918620766e-13,2.96196477e-13,1.744430593e-13,1.6327748e-13,2.482609371e-13,4.696266609e-14,1.028501741e-13,2.511503937e-13,9.020987825e-14,1.711650375e-13,3.093092813e-13,2.17045883e-13,8.503934118e-13,1.248295522e-13,2.424502439e-13,4.245362038e-14
21.7890625,1.760354358e-13,2.079704296e-13,4.932280456e-13,1.071749419e-13,1.255614745e-13,1.765121718e-13,1.041917674e-13,1.04724138e-13,7.3399984e-14,3.750500586e-13,1.608421667e-13,1.383577349e-13,1.544351461e-13,2.012680331e-13,2.363989624e-13,4.059234453e-13,2.951760143e-13,2.975939276e-13,1.750933922e-13,1.656289318e-13,2.496982625e-13,4.698203492e-14,1.023505104e-13,2.524902622e-13,9.038676726e-14,1.744717966e-13,3.116907103e-13,2.176439919e-13,8.437122174e-13,1.291686822e-13,2.435619917e-13,4.237860631e-14
21.796875,1.739495315e-13,2.129707664e-13,4.897495219e-13,1.064321215e-13,1.242942619e-13,1.767228551e-13,1.036817877e-13,1.051164723e-13,7.382465804e-14,3.793036579e-13,1.613711997e-13,1.394324127e-13,1.544048043e-13,2.077961056e-13,2.421708227e-13,4.118401619e-13,2.987412047e-13,2.992596589e-13,1.758047796e-13,1.678954755e-13,2.510597992e-13,4.700426774e-14,1.018402479e-13,2.537961423e-13,9.063092358e-14,1.77926422e-13,3.14204583e-13,2.18381465e-13,8.369720927e-13,1.336393713e-13,2.448655627e-13,4.233984158e-14
21.8046875,1.719306699e-13,2.18186746e-13,4.862446207e-13,1.057186716e-13,1.23014447e-13,1.77061775e-13,1.031598099e-13,1.054808807e-13,7.422506242e-14,3.835664154e-13,1.619069713e-13,1.404881554e-13,1.54456447e-13,2.146075396e-13,2.482168811e-13,4.180818637e-13,3.026651266e-13,3.011191124e-13,1.76558377e-13,1.701925335e-13,2.522863021e-13,4.70262018e-14,1.013020645e-13,2.5511154e-13,9.089654011e-14,1.815148837e-13,3.169467931e-13,2.191817613e-13,8.30378883e-13,1.382487132e-13,2.462895668e-13,4.228984533e-14
21.8125,1.698499545e-13,2.234165953e-13,4.826211874e-13,1.050161509e-13,1.217965261e-13,1.773338599e-13,1.026275339e-13,1.057525437e-13,7.459621762e-14,3.879048286e-13,1.624414192e-13,1.415825124e-13,1.545049347e-13,2.215933799e-13,2.544205955e-13,4.244796093e-13,3.067121903e-13,3.029707547e-13,1.773201591e-13,1.725054231e-13,2.534262739e-13,4.704408035e-14,1.007426195e-13,2.56322335e-13,9.116266262e-14,1.851391144e-13,3.197833311e-13,2.199657363e-13,8.239105028e-13,1.429267063e-13,2.477616068e-13,4.221877157e-14
21.8203125,1.677350787e-13,2.28654705e-13,4.79133981e-13,1.042642496e-13,1.206518219e-13,1.774795555e-13,1.019603699e-13,1.058875504e-13,7.493533408e-14,3.922491772e-13,1.63105295e-13,1.427499677e-13,1.546537267e-13,2.290059036e-13,2.606618569e-13,4.304668446e-13,3.106639265e-13,3.049996839e-13,1.781673174e-13,1.745644765e-13,2.545848539e-13,4.706555375e-14,1.001678842e-13,2.573490171e-13,9.146020578e-14,1.887655589e-13,3.227609315e-13,2.207543893e-13,8.175680446e-13,1.476367982e-13,2.493817616e-13,4.210675701e-14
21.828125,1.656735491e-13,2.341351895e-13,4.758069531e-13,1.035134959e-13,1.19494589e-13,1.776447165e-13,1.011611121e-13,1.059934333e-13,7.525997959e-14,3.965569475e-13,1.63974459e-13,1.439611063e-13,1.548819217e-13,2.367939945e-13,2.671227569e-13,4.363199689e-13,3.147139595e-13,3.073452896e-13,1.790913722e-13,1.765492889e-13,2.557424292e-13,4.708915992e-14,9.954122277e-14,2.582887479e-13,9.177866083e-14,1.924631625e-13,3.259079925e-13,2.215805442e-13,8.112891315e-13,1.523950988e-13,2.510985922e-13,4.197814686e-14
21.8359375,1.636785675e-13,2.400236314e-13,4.724931299e-13,1.028537276e-13,1.183398899e-13,1.779258147e-13,1.003847506e-13,1.061655578e-13,7.559116901e-14,4.008922728e-13,1.649573396e-13,1.452258741e-13,1.551268234e-13,2.447635898e-13,2.74026869e-13,4.426593995e-13,3.190694031e-13,3.099081373e-13,1.800602812e-13,1.78794558e-13,2.568339032e-13,4.712589084e-14,9.886801398e-14,2.592664978e-13,9.212153009e-14,1.963048214e-13,3.291937215e-13,2.224565505e-13,8.052291698e-13,1.572277656e-13,2.529007673e-13,4.188615189e-14
21.84375,1.618886173e-13,2.46084989e-13,4.693408991e-13,1.021831678e-13,1.172874809e-13,1.782504758e-13,9.961402648e-14,1.06337964e-13,7.590483739e-14,4.052367382e-13,1.660163494e-13,1.465111557e-13,1.555080905e-13,2.530160218e-13,2.812730807e-13,4.492884265e-13,3.236509603e-13,3.127587522e-13,1.81082902e-13,1.810723237e-13,2.578958272e-13,4.718054979e-14,9.821547025e-14,2.602291055e-13,9.253301437e-14,2.003070254e-13,3.326749877e-13,2.233243341e-13,7.995223059e-13,1.621425382e-13,2.548721177e-13,4.182655363e-14
21.8515625,1.603129139e-13,2.519560412e-13,4.663788111e-13,1.014172209e-13,1.162468044e-13,1.785949208e-13,9.876622105e-14,1.064139535e-13,7.616005058e-14,4.095844004e-13,1.671305496e-13,1.477315516e-13,1.559848464e-13,2.614492858e-13,2.886386624e-13,4.557891878e-13,3.283469392e-13,3.158352555e-13,1.820891528e-13,1.832076308e-13,2.589465047e-13,4.721717446e-14,9.759528973e-14,2.610372754e-13,9.298350426e-14,2.044108927e-13,3.361668097e-13,2.241498433e-13,7.937419958e-13,1.671412835e-13,2.568247667e-13,4.177649913e-14
21.859375,1.587393189e-13,2.578289875e-13,4.634829244e-13,1.00684465e-13,1.151996682e-13,1.790546601e-13,9.792680852e-14,1.063993454e-13,7.637938624e-14,4.139770861e-13,1.683146838e-13,1.489583875e-13,1.564120742e-13,2.700068115e-13,2.960935833e-13,4.621975667e-13,3.331849988e-13,3.189828309e-13,1.831042143e-13,1.85412368e-13,2.599796164e-13,4.723917766e-14,9.69549344e-14,2.616610161e-13,9.342465552e-14,2.085214671e-13,3.39562784e-13,2.250598435e-13,7.877767039e-13,1.722153617e-13,2.587240937e-13,4.17166094e-14
21.8671875,1.573326609e-13,2.639583922e-13,4.606713265e-13,1.000428489e-13,1.144117733e-13,1.795884089e-13,9.712251058e-14,1.063404688e-13,7.659954718e-14,4.183199773e-13,1.696979417e-13,1.50255105e-13,1.568957773e-13,2.789733868e-13,3.036435155e-13,4.685674286e-13,3.382617055e-13,3.224674719e-13,1.842525909e-13,1.876000199e-13,2.610160735e-13,4.729384162e-14,9.629138934e-14,2.621550214e-13,9.390377941e-14,2.125893989e-13,3.431819744e-13,2.261221942e-13,7.821461557e-13,1.773044753e-13,2.608036627e-13,4.161908286e-14
21.875,1.563278783e-13,2.700170567e-13,4.577122474e-13,9.946008682e-14,1.13891482e-13,1.799843684e-13,9.622752901e-14,1.06236358e-13,7.679195732e-14,4.225677414e-13,1.712130595e-13,1.514889632e-13,1.574717653e-13,2.881521659e-13,3.111694706e-13,4.748361065e-13,3.435380372e-13,3.263618337e-13,1.854444256e-13,1.895993801e-13,2.619786492e-13,4.735698526e-14,9.565488017e-14,2.625507882e-13,9.444667206e-14,2.16672574e-13,3.470322356e-13,2.27227629e-13,7.767542147e-13,1.823822892e-13,2.628565713e-13,4.152320661e-14
21.8828125,1.554005655e-13,2.760232738e-13,4.5448408e-13,9.902721228e-14,1.133358906e-13,1.80236399e-13,9.521352773e-14,1.060713063e-13,7.694377437e-14,4.268328312e-13,1.72715969e-13,1.526587879e-13,1.579884716e-13,2.972672677e-13,3.187581254e-13,4.811132151e-13,3.488221232e-13,3.302869363e-13,1.865692978e-13,1.916242661e-13,2.628222804e-13,4.739506244e-14,9.505176162e-14,2.628522211e-13,9.500014325e-14,2.208858975e-13,3.50866569e-13,2.283668936e-13,7.712287498e-13,1.87525163e-13,2.647444247e-13,4.148803315e-14
21.890625,1.543708806e-13,2.823764355e-13,4.514910058e-13,9.867604643e-14,1.127255911e-13,1.806105105e-13,9.415810698e-14,1.058759556e-13,7.709623615e-14,4.310637326e-13,1.743702807e-13,1.539142678e-13,1.585036389e-13,3.067085737e-13,3.266386241e-13,4.874775755e-13,3.540978786e-13,3.342561016e-13,1.87732385e-13,1.937264178e-13,2.636661293e-13,4.745460211e-14,9.442905986e-14,2.630625691e-13,9.555345831e-14,2.25208363e-13,3.548392156e-13,2.295562418e-13,7.659198413e-13,1.927301328e-13,2.668984909e-13,4.147863563e-14
21.8984375,1.535410663e-13,2.887051401e-13,4.488880865e-13,9.816640785e-14,1.122198438e-13,1.811951072e-13,9.308217037e-14,1.056668613e-13,7.723997646e-14,4.351151971e-13,1.762448173e-13,1.552031155e-13,1.591388704e-13,3.164786102e-13,3.346022745e-13,4.937445423e-13,3.595358152e-13,3.384676728e-13,1.889536369e-13,1.957382196e-13,2.64506193e-13,4.75395036e-14,9.374765277e-14,2.631727118e-13,9.61256226e-14,2.294853627e-13,3.589443471e-13,2.306423682e-13,7.609887432e-13,1.978814938e-13,2.692718041e-13,4.145548909e-14
21.90625,1.529726182e-13,2.947536323e-13,4.462708976e-13,9.762164787e-14,1.117946821e-13,1.818063554e-13,9.197978573e-14,1.053990708e-13,7.734618835e-14,4.390966639e-13,1.781342505e-13,1.564533819e-13,1.598261659e-13,3.261435404e-13,3.423626345e-13,4.998569564e-13,3.651912794e-13,3.427638795e-13,1.9016157e-13,1.977757831e-13,2.652135504e-13,4.759843388e-14,9.302406485e-14,2.631767121e-13,9.67044544e-14,2.336825518e-13,3.628703431e-13,2.316898244e-13,7.561011791e-13,2.029728425e-13,2.71454294e-13,4.142962069e-14
21.9140625,1.525004207e-13,3.011337547e-13,4.437152422e-13,9.729388793e-14,1.114310625e-13,1.823607591e-13,9.088101782e-14,1.050766385e-13,7.745749674e-14,4.431813664e-13,1.800221502e-13,1.577816532e-13,1.605206336e-13,3.358814906e-13,3.501499602e-13,5.060055156e-13,3.709578669e-13,3.47066793e-13,1.914146778e-13,1.998884974e-13,2.658402935e-13,4.765322663e-14,9.229538636e-14,2.631138356e-13,9.728645517e-14,2.378648066e-13,3.66687873e-13,2.329826976e-13,7.512055879e-13,2.080588194e-13,2.736917026e-13,4.138200484e-14
21.921875,1.520729621e-13,3.07799164e-13,4.41486671e-13,9.705249334e-14,1.111824933e-13,1.829065856e-13,8.979449699e-14,1.047619813e-13,7.758907503e-14,4.472841747e-13,1.819803747e-13,1.592075867e-13,1.612365847e-13,3.458176215e-13,3.581094535e-13,5.121070761e-13,3.766320557e-13,3.513890098e-13,1.927268045e-13,2.018608999e-13,2.66500332e-13,4.773598806e-14,9.156314363e-14,2.629898523e-13,9.785461811e-14,2.420073988e-13,3.70534102e-13,2.344261399e-13,7.462077578e-13,2.131016724e-13,2.761787684e-13,4.130456386e-14
21.9296875,1.516631938e-13,3.142514465e-13,4.393981751e-13,9.681337797e-14,1.109999292e-13,1.83440136e-13,8.868263371e-14,1.044338708e-13,7.76789542e-14,4.512623363e-13,1.84003485e-13,1.606224916e-13,1.619583019e-13,3.556808678e-13,3.660610267e-13,5.179571833e-13,3.821524665e-13,3.556208166e-13,1.940411324e-13,2.03697765e-13,2.671834811e-13,4.781152503e-14,9.079852313e-14,2.626995195e-13,9.837602058e-14,2.460945832e-13,3.743311083e-13,2.357875187e-13,7.410322809e-13,2.180797713e-13,2.786160808e-13,4.12314502e-14
21.9375,1.514315821e-13,3.209230201e-13,4.373541098e-13,9.671842955e-14,1.108273489e-13,1.839831425e-13,8.753805656e-14,1.040372176e-13,7.771266614e-14,4.552078717e-13,1.862329354e-13,1.62024899e-13,1.627137901e-13,3.656377488e-13,3.740644257e-13,5.236951481e-13,3.877578165e-13,3.598466876e-13,1.95404702e-13,2.054592489e-13,2.678692943e-13,4.786880137e-14,9.000060056e-14,2.622231324e-13,9.887932089e-14,2.501975064e-13,3.781388988e-13,2.372417159e-13,7.360997764e-13,2.23028244e-13,2.810491728e-13,4.116955863e-14
21.9453125,1.51549765e-13,3.280233155e-13,4.355224163e-13,9.667548988e-14,1.10757783e-13,1.845708042e-13,8.639502929e-14,1.03607443e-13,7.774190859e-14,4.592429546e-13,1.887053743e-13,1.634967355e-13,1.635217967e-13,3.758567291e-13,3.821895658e-13,5.293909421e-13,3.935265334e-13,3.641946808e-13,1.968521727e-13,2.070467927e-13,2.685701934e-13,4.794362091e-14,8.920355037e-14,2.617360812e-13,9.940930243e-14,2.543593074e-13,3.819200976e-13,2.389152665e-13,7.314678474e-13,2.279563282e-13,2.836925811e-13,4.112417606e-14
21.953125,1.517756938e-13,3.349657981e-13,4.33937203e-13,9.658064629e-14,1.10895968e-13,1.851492993e-13,8.524285168e-14,1.031806283e-13,7.779506843e-14,4.632444836e-13,1.912261647e-13,1.650956711e-13,1.643501266e-13,3.861129362e-13,3.903298421e-13,5.350010448e-13,3.993083237e-13,3.686202907e-13,1.98348451e-13,2.086480196e-13,2.692862304e-13,4.80510916e-14,8.841745735e-14,2.612894901e-13,9.995531735e-14,2.585676477e-13,3.855706693e-13,2.405821734e-13,7.267740827e-13,2.328534869e-13,2.864835934e-13,4.11037723e-14
21.9609375,1.519526072e-13,3.417433016e-13,4.326185498e-13,9.65907743e-14,1.111244709e-13,1.857379502e-13,8.405011392e-14,1.027111478e-13,7.784321097e-14,4.67105722e-13,1.93808209e-13,1.667944518e-13,1.652010441e-13,3.964394389e-13,3.985881979e-13,5.407290699e-13,4.05186816e-13,3.731588111e-13,1.998845261e-13,2.104128481e-13,2.699738511e-13,4.817060307e-14,8.760965377e-14,2.606888165e-13,1.004970094e-13,2.627692948e-13,3.892665207e-13,2.421858618e-13,7.222308472e-13,2.376932923e-13,2.894492415e-13,4.106952085e-14
21.96875,1.523226439e-13,3.486620629e-13,4.316990015e-13,9.672566317e-14,1.113069987e-13,1.864412384e-13,8.284755698e-14,1.021406315e-13,7.782697839e-14,4.709550976e-13,1.966174143e-13,1.68517648e-13,1.661211146e-13,4.06979281e-13,4.070174833e-13,5.465190678e-13,4.112334366e-13,3.778759919e-13,2.01484603e-13,2.119418137e-13,2.705734625e-13,4.827690458e-14,8.676060962e-14,2.598443998e-13,1.010430738e-13,2.669438556e-13,3.930400251e-13,2.439192955e-13,7.18124628e-13,2.424890826e-13,2.926285399e-13,4.101063294e-14
21.9765625,1.529376884e-13,3.556604792e-13,4.311751292e-13,9.689481937e-14,1.116246182e-13,1.871910793e-13,8.166909269e-14,1.014681178e-13,7.774913361e-14,4.748478664e-13,1.996393801e-13,1.702898725e-13,1.671602266e-13,4.176935008e-13,4.155492835e-13,5.521896038e-13,4.173736205e-13,3.828292887e-13,2.032271915e-13,2.131168238e-13,2.711502176e-13,4.838752025e-14,8.589642209e-14,2.588758473e-13,1.016334064e-13,2.711840518e-13,3.967735076e-13,2.458255675e-13,7.142687171e-13,2.473084425e-13,2.959417371e-13,4.09611312e-14
21.984375,1.536255174e-13,3.62844379e-13,4.308840589e-13,9.713044108e-14,1.121790767e-13,1.8785162e-13,8.050395629e-14,1.007686144e-13,7.768755176e-14,4.786820603e-13,2.027614192e-13,1.721476552e-13,1.682775691e-13,4.285685043e-13,4.243212155e-13,5.580707112e-13,4.237321736e-13,3.880644874e-13,2.051148723e-13,2.143857853e-13,2.717988208e-13,4.853064691e-14,8.503613542e-14,2.578776514e-13,1.022889043e-13,2.754894644e-13,4.005109605e-13,2.478113049e-13,7.106032126e-13,2.521058e-13,2.994262592e-13,4.09092799e-14
21.9921875,1.544447968e-13,3.7019027e-13,4.308310554e-13,9.738314571e-14,1.127206199e-13,1.885243804e-13,7.934927575e-14,1.001098906e-13,7.765989116e-14,4.824495342e-13,2.059313471e-13,1.740343473e-13,1.694073658e-13,4.394788772e-13,4.332682493e-13,5.642490035e-13,4.303250158e-13,3.934001292e-13,2.070068829e-13,2.157431553e-13,2.724506478e-13,4.868043173e-14,8.416094006e-14,2.568819101e-13,1.02967879e-13,2.797177588e-13,4.040804426e-13,2.498519856e-13,7.072565127e-13,2.567814991e-13,3.03080881e-13,4.085190988e-14
22,1.555735091e-13,3.77359181e-13,4.312166025e-13,9.765880208e-14,1.132809535e-13,1.89395473e-13,7.820588809e-14,9.946442491e-14,7.761695754e-14,4.861839806e-13,2.092618021e-13,1.759803952e-13,1.706768903e-13,4.503864991e-13,4.422349075e-13,5.704716912e-13,4.370512175e-13,3.988135998e-13,2.089244589e-13,2.169166571e-13,2.730722542e-13,4.882611328e-14,8.327715324e-14,2.55906181e-13,1.036780743e-13,2.839162483e-13,4.07423617e-13,2.519565573e-13,7.042797534e-13,2.613724902e-13,3.068822904e-13,4.083490556e-14
22.0078125,1.569682676e-13,3.843889277e-13,4.320041385e-13,9.8135692e-14,1.141553224e-13,1.904249016e-13,7.707299964e-14,9.879722411e-14,7.754891605e-14,4.898867008e-13,2.128931862e-13,1.780447394e-13,1.721695104e-13,4.61439166e-13,4.514547387e-13,5.769844296e-13,4.4406569e-13,4.045413674e-13,2.109863422e-13,2.181602107e-13,2.737348654e-13,4.899793274e-14,8.241875463e-14,2.548720497e-13,1.044774953e-13,2.881909383e-13,4.109208948e-13,2.540700987e-13,7.015810118e-13,2.658897566e-13,3.109022584e-13,4.085186015e-14
22.015625,1.584173841e-13,3.914273768e-13,4.329511045e-13,9.873209598e-14,1.152180098e-13,1.914477014e-13,7.596752201e-14,9.811468427e-14,7.746078711e-14,4.935953778e-13,2.167035929e-13,1.801343598e-13,1.737148989e-13,4.724445483e-13,4.607890285e-13,5.836990572e-13,4.512392967e-13,4.10415522e-13,2.130948462e-13,2.195806816e-13,2.743638561e-13,4.917994033e-14,8.156187677e-14,2.536518963e-13,1.053029303e-13,2.923510096e-13,4.144452461e-13,2.561878063e-13,6.989273083e-13,2.702503308e-13,3.150140852e-13,4.085620307e-14
22.0234375,1.599429931e-13,3.98529543e-13,4.340866238e-13,9.92428792e-14,1.162570926e-13,1.924116375e-13,7.487323774e-14,9.739415567e-14,7.735543005e-14,4.972444702e-13,2.205853223e-13,1.822071889e-13,1.752993454e-13,4.832957617e-13,4.697618541e-13,5.899991561e-13,4.582631725e-13,4.162734169e-13,2.152210949e-13,2.208088369e-13,2.748887034e-13,4.935785234e-14,8.06667221e-14,2.522467963e-13,1.060796399e-13,2.962743669e-13,4.176447765e-13,2.584676821e-13,6.964012773e-13,2.744926663e-13,3.191344184e-13,4.084670265e-14
22.03125,1.617581993e-13,4.059027014e-13,4.356252651e-13,9.980117383e-14,1.173803986e-13,1.93369433e-13,7.376250698e-14,9.664896103e-14,7.726100913e-14,5.006962534e-13,2.246840043e-13,1.843490467e-13,1.770489328e-13,4.942952214e-13,4.786458325e-13,5.961321171e-13,4.65387671e-13,4.223654378e-13,2.174832861e-13,2.218456406e-13,2.754528251e-13,4.955914811e-14,7.976816581e-14,2.507938307e-13,1.068695115e-13,3.001842218e-13,4.208745552e-13,2.609517481e-13,6.942194468e-13,2.7869535e-13,3.234753016e-13,4.084530465e-14
22.0390625,1.637302014e-13,4.132944468e-13,4.376356419e-13,1.005659423e-13,1.186129771e-13,1.944135448e-13,7.266630485e-14,9.594523663e-14,7.716944168e-14,5.039876581e-13,2.289805832e-13,1.86598755e-13,1.78859577e-13,5.052801236e-13,4.87792741e-13,6.0259365e-13,4.727297608e-13,4.285376594e-13,2.197865171e-13,2.229833455e-13,2.761272029e-13,4.976743244e-14,7.889598549e-14,2.493824776e-13,1.076954107e-13,3.041573746e-13,4.241915275e-13,2.634192552e-13,6.922079069e-13,2.828003809e-13,3.280281841e-13,4.085815084e-14
22.046875,1.656835751e-13,4.202915886e-13,4.400179789e-13,1.014524094e-13,1.199759921e-13,1.956293669e-13,7.159633802e-14,9.524820425e-14,7.70586009e-14,5.07215063e-13,2.332797833e-13,1.889714756e-13,1.807214019e-13,5.159936111e-13,4.969008072e-13,6.09107756e-13,4.80024586e-13,4.345877466e-13,2.220802272e-13,2.242198395e-13,2.76797541e-13,4.997665326e-14,7.802143886e-14,2.479453777e-13,1.085328496e-13,3.079951486e-13,4.271502852e-13,2.657823028e-13,6.904319226e-13,2.867192979e-13,3.326458704e-13,4.086543239e-14
22.0546875,1.678913562e-13,4.272125367e-13,4.425814383e-13,1.023702143e-13,1.216124727e-13,1.969606184e-13,7.051888255e-14,9.447667446e-14,7.695537459e-14,5.103777116e-13,2.375866991e-13,1.914290638e-13,1.827802206e-13,5.268111067e-13,5.058544329e-13,6.154833087e-13,4.873953446e-13,4.408745995e-13,2.245171701e-13,2.254340003e-13,2.774121781e-13,5.022729909e-14,7.714103019e-14,2.463671142e-13,1.094262677e-13,3.116515367e-13,4.299662826e-13,2.681512072e-13,6.890236316e-13,2.904097447e-13,3.374004369e-13,4.083587937e-14
22.0625,1.703641878e-13,4.342285069e-13,4.453086696e-13,1.032588434e-13,1.2334177e-13,1.982742713e-13,6.945331755e-14,9.365754158e-14,7.684944081e-14,5.134924239e-13,2.419546905e-13,1.938542852e-13,1.848658946e-13,5.376093071e-13,5.146550104e-13,6.216592363e-13,4.947517335e-13,4.472063158e-13,2.27016608e-13,2.265215415e-13,2.780046646e-13,5.048289272e-14,7.62574411e-14,2.446271725e-13,1.103226153e-13,3.151908317e-13,4.327625474e-13,2.705084594e-13,6.874560049e-13,2.938643548e-13,3.421853486e-13,4.077655232e-14
22.0703125,1.726953825e-13,4.40987367e-13,4.483414993e-13,1.040992408e-13,1.249233133e-13,1.995988948e-13,6.84292484e-14,9.284566064e-14,7.670529377e-14,5.165935239e-13,2.463407618e-13,1.962636419e-13,1.868172152e-13,5.47651547e-13,5.230443539e-13,6.274825506e-13,5.016699988e-13,4.530334184e-13,2.294488674e-13,2.274694362e-13,2.785639346e-13,5.06962034e-14,7.533568891e-14,2.428000282e-13,1.111137419e-13,3.185786139e-13,4.350790117e-13,2.728425663e-13,6.858144168e-13,2.97126064e-13,3.468055056e-13,4.071729907e-14
22.078125,1.749883903e-13,4.476163994e-13,4.515797744e-13,1.049901867e-13,1.265032516e-13,2.010235609e-13,6.743335814e-14,9.205728793e-14,7.656440291e-14,5.19724359e-13,2.507580444e-13,1.987252577e-13,1.888389936e-13,5.570567531e-13,5.312607526e-13,6.334870727e-13,5.085944575e-13,4.58798359e-13,2.319550115e-13,2.285030653e-13,2.7904786e-13,5.091285916e-14,7.439415951e-14,2.409718352e-13,1.118861289e-13,3.218824096e-13,4.372006728e-13,2.752931133e-13,6.849147438e-13,3.002473428e-13,3.51371773e-13,4.066480409e-14
22.0859375,1.77609539e-13,4.543954774e-13,4.549556587e-13,1.05964e-13,1.282022933e-13,2.024977197e-13,6.648029346e-14,9.130667979e-14,7.645578393e-14,5.229730208e-13,2.552492191e-13,2.011854225e-13,1.910150696e-13,5.66471137e-13,5.397355322e-13,6.401336788e-13,5.16137659e-13,4.650100424e-13,2.345690927e-13,2.296896299e-13,2.794703381e-13,5.114679238e-14,7.349395448e-14,2.391542434e-13,1.127353352e-13,3.252151741e-13,4.396346646e-13,2.779042289e-13,6.844497886e-13,3.032687394e-13,3.559776598e-13,4.062344252e-14
22.09375,1.804761246e-13,4.611330591e-13,4.586781344e-13,1.069847111e-13,1.300329015e-13,2.039905321e-13,6.557197227e-14,9.057516e-14,7.635458968e-14,5.262706354e-13,2.598345944e-13,2.036859719e-13,1.932332562e-13,5.759594563e-13,5.482146839e-13,6.468587276e-13,5.239582132e-13,4.71334e-13,2.372056683e-13,2.308622372e-13,2.799290351e-13,5.138316897e-14,7.26273472e-14,2.372902517e-13,1.135865242e-13,3.284203596e-13,4.419249948e-13,2.805949733e-13,6.837650627e-13,3.061815812e-13,3.606761652e-13,4.058813337e-14
22.1015625,1.834357375e-13,4.676697564e-13,4.626590016e-13,1.081262902e-13,1.321096424e-13,2.055729238e-13,6.467040814e-14,8.984422646e-14,7.627215669e-14,5.294122798e-13,2.644814307e-13,2.06299991e-13,1.955120695e-13,5.853190067e-13,5.564540245e-13,6.532938222e-13,5.31705666e-13,4.775663124e-13,2.399009405e-13,2.320469902e-13,2.80481441e-13,5.165860793e-14,7.175766034e-14,2.353727837e-13,1.144149822e-13,3.312905965e-13,4.437453103e-13,2.832676743e-13,6.83136432e-13,3.088744873e-13,3.655843727e-13,4.052255323e-14
22.109375,1.864715517e-13,4.741000436e-13,4.667027015e-13,1.094223438e-13,1.343124129e-13,2.072593569e-13,6.381366814e-14,8.913726807e-14,7.619735877e-14,5.324305952e-13,2.691229567e-13,2.089061862e-13,1.978392626e-13,5.944302581e-13,5.647330078e-13,6.598240642e-13,5.394802702e-13,4.837655873e-13,2.425956679e-13,2.332384952e-13,2.810638212e-13,5.195078282e-14,7.087344672e-14,2.334379569e-13,1.15264539e-13,3.338990833e-13,4.453780755e-13,2.858635971e-13,6.825901748e-13,3.112816592e-13,3.705153075e-13,4.041814231e-14
22.1171875,1.895187885e-13,4.806267784e-13,4.710997796e-13,1.107851299e-13,1.364365111e-13,2.090459256e-13,6.304279085e-14,8.843542379e-14,7.608426962e-14,5.355166568e-13,2.738616287e-13,2.11497776e-13,2.001450621e-13,6.031950567e-13,5.731690976e-13,6.666326187e-13,5.472280105e-13,4.898176244e-13,2.452592043e-13,2.343118804e-13,2.81620903e-13,5.221322516e-14,6.994926083e-14,2.314461774e-13,1.160949076e-13,3.363961944e-13,4.467937272e-13,2.884974719e-13,6.820111277e-13,3.134861345e-13,3.753291797e-13,4.031201601e-14
22.125,1.92650241e-13,4.871853107e-13,4.760095e-13,1.122138274e-13,1.386478242e-13,2.110071797e-13,6.228701729e-14,8.770566213e-14,7.596051597e-14,5.386350706e-13,2.787763701e-13,2.142118952e-13,2.025206397e-13,6.116762663e-13,5.815270164e-13,6.734837126e-13,5.548620372e-13,4.95774717e-13,2.480784242e-13,2.353791305e-13,2.821304553e-13,5.249701643e-14,6.898742141e-14,2.293252932e-13,1.168901662e-13,3.387782955e-13,4.478697779e-13,2.91253521e-13,6.818548935e-13,3.155287851e-13,3.802638019e-13,4.021949738e-14
22.1328125,1.959474266e-13,4.932590019e-13,4.810685247e-13,1.137715232e-13,1.409997402e-13,2.131683095e-13,6.153115947e-14,8.697935714e-14,7.583682058e-14,5.416560262e-13,2.835897082e-13,2.169314525e-13,2.050410037e-13,6.198222579e-13,5.89593671e-13,6.80113569e-13,5.624160671e-13,5.01660847e-13,2.510225175e-13,2.36434585e-13,2.825198052e-13,5.280411304e-14,6.804836825e-14,2.270640559e-13,1.177001524e-13,3.409729874e-13,4.487455056e-13,2.93974739e-13,6.819604619e-13,3.173298966e-13,3.852038046e-13,4.012115942e-14
22.140625,1.99285411e-13,4.989395809e-13,4.860866829e-13,1.15422777e-13,1.431982783e-13,2.154276256e-13,6.08478484e-14,8.627121235e-14,7.566406259e-14,5.446414587e-13,2.881265005e-13,2.195495818e-13,2.076129939e-13,6.273467636e-13,5.97334892e-13,6.865608972e-13,5.699108432e-13,5.072714851e-13,2.538791154e-13,2.373484915e-13,2.828067935e-13,5.306003499e-14,6.714834662e-14,2.247202301e-13,1.184967278e-13,3.429731793e-13,4.494532311e-13,2.966450191e-13,6.818600144e-13,3.188678655e-13,3.898401224e-13,4.000770569e-14
22.1484375,2.026673426e-13,5.048721276e-13,4.91263737e-13,1.171082723e-13,1.453339008e-13,2.176995881e-13,6.020789003e-14,8.558317453e-14,7.550036505e-14,5.476617073e-13,2.926504482e-13,2.222599676e-13,2.101703784e-13,6.344343826e-13,6.048965273e-13,6.931687303e-13,5.77456327e-13,5.127391558e-13,2.567277939e-13,2.384242635e-13,2.831368622e-13,5.330763371e-14,6.623688738e-14,2.224059419e-13,1.192335659e-13,3.448575678e-13,4.500262495e-13,2.994312184e-13,6.819526385e-13,3.202306392e-13,3.9450309e-13,3.988793011e-14
22.15625,2.062907054e-13,5.106580022e-13,4.967258907e-13,1.188283684e-13,1.478448143e-13,2.200252266e-13,5.956304746e-14,8.495601469e-14,7.541906148e-14,5.506172171e-13,2.972854102e-13,2.25096838e-13,2.127611824e-13,6.416350772e-13,6.123485976e-13,6.99948611e-13,5.850887411e-13,5.183352476e-13,2.596839791e-13,2.39741827e-13,2.83506733e-13,5.361825459e-14,6.529459879e-14,2.201426337e-13,1.19972002e-13,3.466382405e-13,4.504897993e-13,3.022389701e-13,6.823411179e-13,3.214620523e-13,3.994639079e-13,3.976164104e-14
22.1640625,2.101547567e-13,5.156488365e-13,5.022981585e-13,1.20542206e-13,1.506273731e-13,2.224721176e-13,5.897325194e-14,8.434897355e-14,7.532309981e-14,5.53446141e-13,3.017889588e-13,2.278661158e-13,2.154078782e-13,6.487054095e-13,6.194731871e-13,7.065385495e-13,5.926437953e-13,5.238565042e-13,2.626082225e-13,2.408151283e-13,2.837810527e-13,5.392352964e-14,6.435144005e-14,2.178085548e-13,1.207550319e-13,3.482333338e-13,4.506552432e-13,3.048827476e-13,6.824682884e-13,3.225056311e-13,4.042999389e-13,3.962405444e-14
22.171875,2.13989065e-13,5.203533985e-13,5.077798583e-13,1.221725663e-13,1.53155083e-13,2.250411167e-13,5.845283653e-14,8.368124032e-14,7.512632105e-14,5.562011776e-13,3.060583785e-13,2.305819171e-13,2.180196772e-13,6.548380578e-13,6.261611331e-13,7.129734918e-13,6.000823084e-13,5.290220365e-13,2.654006833e-13,2.417450479e-13,2.839829731e-13,5.415175019e-14,6.342836045e-14,2.153904778e-13,1.215108428e-13,3.496998143e-13,4.505488328e-13,3.073566811e-13,6.823888066e-13,3.233223522e-13,4.087960525e-13,3.949350816e-14
22.1796875,2.176603034e-13,5.251803783e-13,5.13322109e-13,1.238403626e-13,1.554267298e-13,2.277129781e-13,5.794015608e-14,8.301417339e-14,7.489561947e-14,5.58868085e-13,3.10288539e-13,2.33350925e-13,2.205608082e-13,6.601393604e-13,6.327494256e-13,7.196465557e-13,6.075725714e-13,5.340309272e-13,2.681353109e-13,2.430550894e-13,2.841997645e-13,5.434644686e-14,6.25110079e-14,2.129733514e-13,1.222116198e-13,3.51128344e-13,4.504197469e-13,3.096843614e-13,6.82461212e-13,3.239182302e-13,4.132536622e-13,3.93805891e-14
22.1875,2.21400789e-13,5.299244834e-13,5.191447745e-13,1.25856588e-13,1.579111548e-13,2.304158189e-13,5.743260644e-14,8.241906434e-14,7.469867767e-14,5.614262153e-13,3.146250683e-13,2.36144349e-13,2.231966677e-13,6.653944832e-13,6.394606781e-13,7.26563941e-13,6.151259735e-13,5.392644938e-13,2.709339652e-13,2.445349074e-13,2.843843941e-13,5.45717571e-14,6.156795845e-14,2.105028022e-13,1.229163914e-13,3.5239253e-13,4.502235426e-13,3.120713985e-13,6.826734197e-13,3.242936234e-13,4.17796686e-13,3.925562682e-14
22.1953125,2.253489059e-13,5.346461498e-13,5.251080907e-13,1.282675053e-13,1.606727559e-13,2.331064574e-13,5.695895079e-14,8.183733421e-14,7.454091605e-14,5.639768685e-13,3.189494535e-13,2.38961128e-13,2.26034007e-13,6.705953585e-13,6.459235433e-13,7.332957843e-13,6.224637831e-13,5.446781915e-13,2.738391381e-13,2.45828462e-13,2.845127034e-13,5.482910807e-14,6.059209831e-14,2.07979915e-13,1.236054134e-13,3.534151249e-13,4.498212313e-13,3.147787331e-13,6.829674199e-13,3.244862179e-13,4.22315326e-13,3.910830981e-14
22.203125,2.293067252e-13,5.392515883e-13,5.310144162e-13,1.306921561e-13,1.633813883e-13,2.359968575e-13,5.652471132e-14,8.124016733e-14,7.438911754e-14,5.665474222e-13,3.230849066e-13,2.41803468e-13,2.288954793e-13,6.751494354e-13,6.518731607e-13,7.397624844e-13,6.295472454e-13,5.498941751e-13,2.767188678e-13,2.471444227e-13,2.846299133e-13,5.507226393e-14,5.961366408e-14,2.055371986e-13,1.24226114e-13,3.542901909e-13,4.492677638e-13,3.174987928e-13,6.832414766e-13,3.244830349e-13,4.267110919e-13,3.897262738e-14
22.2109375,2.332595197e-13,5.434948771e-13,5.368729951e-13,1.328825359e-13,1.659719722e-13,2.392055567e-13,5.612687144e-14,8.066710989e-14,7.417038617e-14,5.690311333e-13,3.270939126e-13,2.445964002e-13,2.315872789e-13,6.789527773e-13,6.576625943e-13,7.464706254e-13,6.367705036e-13,5.548756901e-13,2.79463591e-13,2.485976029e-13,2.846875685e-13,5.527258019e-14,5.865948009e-14,2.031020811e-13,1.248343236e-13,3.550084208e-13,4.485834153e-13,3.198058636e-13,6.834262636e-13,3.241575099e-13,4.308619797e-13,3.885938661e-14
22.21875,2.373310939e-13,5.475616544e-13,5.427384879e-13,1.351211594e-13,1.685842142e-13,2.423573861e-13,5.574475377e-14,8.01169983e-14,7.388257929e-14,5.714342884e-13,3.311075323e-13,2.473465058e-13,2.341909392e-13,6.82242234e-13,6.635071884e-13,7.535611051e-13,6.44155967e-13,5.598956037e-13,2.821643138e-13,2.500295125e-13,2.846213022e-13,5.545007993e-14,5.772084458e-14,2.005764249e-13,1.254796987e-13,3.555578154e-13,4.477434104e-13,3.219731328e-13,6.836507875e-13,3.235505928e-13,4.348058286e-13,3.874210132e-14
22.2265625,2.413651155e-13,5.513948204e-13,5.48609238e-13,1.377161176e-13,1.711916282e-13,2.452041445e-13,5.537308459e-14,7.95720061e-14,7.360410128e-14,5.738437878e-13,3.349941824e-13,2.500949232e-13,2.369113702e-13,6.85142274e-13,6.691310013e-13,7.605446226e-13,6.513092594e-13,5.649390296e-13,2.848954809e-13,2.514334301e-13,2.844482793e-13,5.562052648e-14,5.677370176e-14,1.981049949e-13,1.261257901e-13,3.560099439e-13,4.467979658e-13,3.24323129e-13,6.838649692e-13,3.228428346e-13,4.387392821e-13,3.859937773e-14
22.234375,2.453247849e-13,5.547525429e-13,5.543299865e-13,1.404695669e-13,1.73726485e-13,2.480411441e-13,5.502302681e-14,7.90148467e-14,7.333578759e-14,5.76214446e-13,3.385564714e-13,2.528042874e-13,2.397252143e-13,6.876116136e-13,6.743317808e-13,7.672473073e-13,6.582451474e-13,5.69774037e-13,2.876013473e-13,2.529306883e-13,2.841785118e-13,5.576674592e-14,5.582025142e-14,1.956607237e-13,1.267356359e-13,3.56296653e-13,4.45719459e-13,3.266267372e-13,6.838978262e-13,3.219789844e-13,4.426063863e-13,3.843792755e-14
22.2421875,2.493786841e-13,5.578918298e-13,5.59741882e-13,1.430807555e-13,1.762044481e-13,2.510394156e-13,5.467887148e-14,7.84465493e-14,7.304207494e-14,5.784947401e-13,3.4184498e-13,2.554754294e-13,2.424032902e-13,6.893929999e-13,6.79087524e-13,7.738577931e-13,6.650990039e-13,5.743249762e-13,2.902280285e-13,2.546531506e-13,2.838281961e-13,5.587731992e-14,5.489236382e-14,1.930433949e-13,1.272839428e-13,3.563727815e-13,4.443634215e-13,3.287584687e-13,6.837339793e-13,3.208563383e-13,4.461793423e-13,3.829162656e-14
22.25,2.534465941e-13,5.609366546e-13,5.649836011e-13,1.456724348e-13,1.786531467e-13,2.540525501e-13,5.435547723e-14,7.793663231e-14,7.276261102e-14,5.807793193e-13,3.450107059e-13,2.581416776e-13,2.449245059e-13,6.904761363e-13,6.834768095e-13,7.803804986e-13,6.717316843e-13,5.787011133e-13,2.927820699e-13,2.565675069e-13,2.834493756e-13,5.597195261e-14,5.400119595e-14,1.903810279e-13,1.277901867e-13,3.563380592e-13,4.427306499e-13,3.308749751e-13,6.833963386e-13,3.195702077e-13,4.495126763e-13,3.816521722e-14
22.2578125,2.574552043e-13,5.637860272e-13,5.702774571e-13,1.484467703e-13,1.811172069e-13,2.570607345e-13,5.408426538e-14,7.749286462e-14,7.250859645e-14,5.831046295e-13,3.481061878e-13,2.60808305e-13,2.474725151e-13,6.913436346e-13,6.877173594e-13,7.867821989e-13,6.781489774e-13,5.830341695e-13,2.953380142e-13,2.584033991e-13,2.830890948e-13,5.608073177e-14,5.311378345e-14,1.878574189e-13,1.283141828e-13,3.561764926e-13,4.410393164e-13,3.329414185e-13,6.830630043e-13,3.181393401e-13,4.528612668e-13,3.801228503e-14
22.265625,2.614481394e-13,5.664898769e-13,5.756454594e-13,1.512980597e-13,1.835908791e-13,2.600732637e-13,5.38246456e-14,7.701898361e-14,7.222482973e-14,5.853217028e-13,3.511178942e-13,2.634723865e-13,2.500165929e-13,6.920757814e-13,6.917161968e-13,7.929205729e-13,6.842773819e-13,5.871673174e-13,2.978978878e-13,2.600833629e-13,2.827837155e-13,5.619141572e-14,5.220448999e-14,1.853493931e-13,1.288094147e-13,3.558415314e-13,4.392837376e-13,3.348415881e-13,6.827879689e-13,3.165202542e-13,4.562543016e-13,3.782505596e-14
22.2734375,2.653018511e-13,5.68698766e-13,5.808628061e-13,1.541162317e-13,1.859930845e-13,2.630286488e-13,5.355848914e-14,7.652512355e-14,7.189693648e-14,5.873969814e-13,3.539417374e-13,2.660137402e-13,2.524118036e-13,6.921292077e-13,6.951073948e-13,7.985493503e-13,6.899375862e-13,5.908049446e-13,3.002752544e-13,2.617602557e-13,2.824302548e-13,5.625118511e-14,5.128743291e-14,1.827913667e-13,1.292012142e-13,3.553448304e-13,4.371291869e-13,3.36552995e-13,6.820782893e-13,3.147337549e-13,4.593894589e-13,3.763995571e-14
22.28125,2.690917148e-13,5.702374494e-13,5.856024395e-13,1.570096722e-13,1.883070849e-13,2.660366039e-13,5.332850983e-14,7.608381584e-14,7.155333593e-14,5.895676521e-13,3.564330661e-13,2.683420581e-13,2.547403627e-13,6.913423955e-13,6.979656599e-13,8.038869121e-13,6.954234035e-13,5.941028404e-13,3.024217737e-13,2.63441395e-13,2.818219174e-13,5.625911813e-14,5.038062216e-14,1.80261021e-13,1.295464529e-13,3.545823192e-13,4.346308724e-13,3.381119258e-13,6.808053048e-13,3.126800547e-13,4.620392887e-13,3.744512875e-14
22.2890625,2.730673735e-13,5.718064278e-13,5.900460764e-13,1.60096271e-13,1.90569935e-13,2.692188722e-13,5.310937146e-14,7.564104494e-14,7.122269711e-14,5.919057435e-13,3.586694567e-13,2.706743057e-13,2.571419671e-13,6.900645028e-13,7.006334351e-13,8.093511179e-13,7.009578496e-13,5.974242547e-13,3.045964102e-13,2.651978063e-13,2.810185417e-13,5.627700643e-14,4.948443435e-14,1.777299435e-13,1.298846784e-13,3.535786401e-13,4.322914167e-13,3.397515349e-13,6.796521831e-13,3.103636165e-13,4.644637002e-13,3.721901823e-14
22.296875,2.771144091e-13,5.736799247e-13,5.947016091e-13,1.633539027e-13,1.92808953e-13,2.724709038e-13,5.286199211e-14,7.516185051e-14,7.091512661e-14,5.941038637e-13,3.608682466e-13,2.731498115e-13,2.595874274e-13,6.884781259e-13,7.03139003e-13,8.149306149e-13,7.062953904e-13,6.007515238e-13,3.069228629e-13,2.672317214e-13,2.802495551e-13,5.632458043e-14,4.859597207e-14,1.751722252e-13,1.301814782e-13,3.525473408e-13,4.30160909e-13,3.416032179e-13,6.788513296e-13,3.080202679e-13,4.669970606e-13,3.699416083e-14
22.3046875,2.81123578e-13,5.754129557e-13,5.993470772e-13,1.666538909e-13,1.950919039e-13,2.75628757e-13,5.26196363e-14,7.472671747e-14,7.06069132e-14,5.960108344e-13,3.629796928e-13,2.755474227e-13,2.61953779e-13,6.865807561e-13,7.053300907e-13,8.203375581e-13,7.11343612e-13,6.038912842e-13,3.092152776e-13,2.694093708e-13,2.794907946e-13,5.637057224e-14,4.77093359e-14,1.726054136e-13,1.304473885e-13,3.514289786e-13,4.278814826e-13,3.433661254e-13,6.779361374e-13,3.055914318e-13,4.694723168e-13,3.678299355e-14
22.3125,2.851874164e-13,5.768423925e-13,6.035004904e-13,1.699069963e-13,1.974092507e-13,2.786531761e-13,5.239034799e-14,7.435456123e-14,7.029551244e-14,5.978673384e-13,3.647718627e-13,2.777787285e-13,2.64146482e-13,6.843242871e-13,7.070878292e-13,8.252567029e-13,7.160274815e-13,6.0671281e-13,3.113398118e-13,2.714373568e-13,2.786315443e-13,5.640260368e-14,4.682258679e-14,1.700223013e-13,1.306720445e-13,3.500446588e-13,4.254289633e-13,3.448282477e-13,6.767929808e-13,3.028344945e-13,4.716490303e-13,3.655259829e-14
22.3203125,2.891016005e-13,5.77753154e-13,6.073697414e-13,1.731340089e-13,1.995547973e-13,2.816502784e-13,5.21584333e-14,7.397867588e-14,6.997642144e-14,5.99820356e-13,3.662118166e-13,2.799543987e-13,2.662124727e-13,6.814458459e-13,7.08378432e-13,8.296701971e-13,7.202295516e-13,6.09143824e-13,3.133306203e-13,2.733509482e-13,2.776941419e-13,5.640339305e-14,4.595833251e-14,1.674844714e-13,1.308370576e-13,3.485087801e-13,4.229165044e-13,3.461212454e-13,6.755890669e-13,2.998766675e-13,4.735849033e-13,3.631405579e-14
22.328125,2.927211279e-13,5.77973393e-13,6.111183634e-13,1.763307316e-13,2.013477839e-13,2.84732308e-13,5.194039975e-14,7.355727481e-14,6.956919611e-14,6.017808798e-13,3.674000443e-13,2.819937197e-13,2.682742956e-13,6.776926632e-13,7.092963027e-13,8.339962329e-13,7.242541159e-13,6.112957458e-13,3.15219943e-13,2.753406073e-13,2.766585079e-13,5.632851288e-14,4.513694454e-14,1.649739479e-13,1.31003691e-13,3.469641319e-13,4.20240542e-13,3.473140995e-13,6.741803511e-13,2.968997504e-13,4.75200584e-13,3.612844938e-14
22.3359375,2.963646723e-13,5.780123232e-13,6.145563978e-13,1.795106102e-13,2.028963874e-13,2.878632236e-13,5.17304434e-14,7.311832397e-14,6.90751757e-14,6.037171741e-13,3.684006609e-13,2.838505041e-13,2.703508832e-13,6.73295393e-13,7.099006429e-13,8.384048445e-13,7.282620794e-13,6.132987663e-13,3.170366512e-13,2.775355791e-13,2.75522063e-13,5.619379343e-14,4.434105578e-14,1.623572711e-13,1.311727864e-13,3.453861205e-13,4.17402478e-13,3.484667478e-13,6.724594555e-13,2.938312046e-13,4.764204658e-13,3.600715125e-14
22.34375,3.002128166e-13,5.781107906e-13,6.17823562e-13,1.828249726e-13,2.044684326e-13,2.910101159e-13,5.15252552e-14,7.274761388e-14,6.862675225e-14,6.05620759e-13,3.692771927e-13,2.856892079e-13,2.724450979e-13,6.687420571e-13,7.102283835e-13,8.427191727e-13,7.320945949e-13,6.152098091e-13,3.188486459e-13,2.800220023e-13,2.74347873e-13,5.607736307e-14,4.354757375e-14,1.597298376e-13,1.31296644e-13,3.437444732e-13,4.145697142e-13,3.497037166e-13,6.7067545e-13,2.906474255e-13,4.775552727e-13,3.588619297e-14
22.3515625,3.041122097e-13,5.779825711e-13,6.210359303e-13,1.863313082e-13,2.061130581e-13,2.942488023e-13,5.135683057e-14,7.245286071e-14,6.821527584e-14,6.074185789e-13,3.699944409e-13,2.875405576e-13,2.745875719e-13,6.640700377e-13,7.10388209e-13,8.469798971e-13,7.358996536e-13,6.171687708e-13,3.206580386e-13,2.827031931e-13,2.730545781e-13,5.598152547e-14,4.27570626e-14,1.572387011e-13,1.314242027e-13,3.419918453e-13,4.117807992e-13,3.509099318e-13,6.689749065e-13,2.873613128e-13,4.786856855e-13,3.573128196e-14
22.359375,3.079330331e-13,5.776410059e-13,6.239155151e-13,1.898907728e-13,2.076426085e-13,2.974856291e-13,5.121311924e-14,7.215263537e-14,6.773094298e-14,6.09116412e-13,3.703937194e-13,2.892753905e-13,2.766611661e-13,6.58926266e-13,7.102903015e-13,8.510906126e-13,7.395579194e-13,6.190611779e-13,3.223531824e-13,2.853926888e-13,2.715529286e-13,5.583772914e-14,4.19726657e-14,1.547301645e-13,1.315523231e-13,3.400814752e-13,4.089470423e-13,3.519326329e-13,6.670905686e-13,2.839197259e-13,4.794280182e-13,3.558868939e-14
22.3671875,3.115585438e-13,5.769148465e-13,6.263123559e-13,1.934333397e-13,2.090070783e-13,3.004333682e-13,5.104935992e-14,7.188303052e-14,6.724340626e-14,6.107527524e-13,3.703865375e-13,2.908182102e-13,2.785362652e-13,6.532610844e-13,7.096544792e-13,8.546636786e-13,7.425041318e-13,6.204953983e-13,3.238526395e-13,2.881352403e-13,2.699273474e-13,5.565522598e-14,4.120269374e-14,1.521434013e-13,1.315900858e-13,3.380380342e-13,4.060100027e-13,3.528393895e-13,6.648406262e-13,2.803788714e-13,4.796923861e-13,3.548098987e-14
22.375,3.149715085e-13,5.756122539e-13,6.283401433e-13,1.97040809e-13,2.103061303e-13,3.031177837e-13,5.086386112e-14,7.170384959e-14,6.683885459e-14,6.122994065e-13,3.700102609e-13,2.922121364e-13,2.803105033e-13,6.473018206e-13,7.084729161e-13,8.577722985e-13,7.448447748e-13,6.215191474e-13,3.25218759e-13,2.910497368e-13,2.682638953e-13,5.549180494e-14,4.04649026e-14,1.496694022e-13,1.315626481e-13,3.358590139e-13,4.030232315e-13,3.53674811e-13,6.625178108e-13,2.767767983e-13,4.797442573e-13,3.536255513e-14
22.3828125,3.183888116e-13,5.74394259e-13,6.301615155e-13,2.008005123e-13,2.115120763e-13,3.059564054e-13,5.068700804e-14,7.150332628e-14,6.641996939e-14,6.137776322e-13,3.694231878e-13,2.93607696e-13,2.821147427e-13,6.41063805e-13,7.070339289e-13,8.607718007e-13,7.470555973e-13,6.224873236e-13,3.26540099e-13,2.93995407e-13,2.66603896e-13,5.532927592e-14,3.974721902e-14,1.472828102e-13,1.315284857e-13,3.335186739e-13,4.000833853e-13,3.544566044e-13,6.602668044e-13,2.730237083e-13,4.796501665e-13,3.522253621e-14
22.390625,3.218591008e-13,5.734372733e-13,6.31750076e-13,2.046437748e-13,2.125712361e-13,3.090079424e-13,5.053044455e-14,7.12409241e-14,6.592209838e-14,6.152449499e-13,3.687987297e-13,2.949758455e-13,2.838885427e-13,6.34423316e-13,7.054219704e-13,8.634991664e-13,7.48927719e-13,6.233273324e-13,3.27768796e-13,2.96835655e-13,2.649303475e-13,5.512129255e-14,3.901965501e-14,1.448323311e-13,1.314382239e-13,3.310734854e-13,3.971635131e-13,3.552082993e-13,6.576765135e-13,2.691577689e-13,4.792690535e-13,3.51072614e-14
22.3984375,3.251388096e-13,5.719056658e-13,6.328048545e-13,2.083793051e-13,2.135278816e-13,3.117988261e-13,5.034678162e-14,7.104885229e-14,6.53996516e-14,6.166664173e-13,3.680299218e-13,2.960774795e-13,2.855443976e-13,6.273716045e-13,7.033989956e-13,8.65624548e-13,7.50131607e-13,6.237808469e-13,3.288046831e-13,2.998038168e-13,2.631026834e-13,5.48685494e-14,3.829204602e-14,1.423989283e-13,1.312697342e-13,3.286291548e-13,3.942493428e-13,3.557664081e-13,6.54628377e-13,2.652800833e-13,4.785461227e-13,3.503091538e-14
22.40625,3.282960687e-13,5.698675617e-13,6.333528778e-13,2.120655423e-13,2.143934543e-13,3.142645019e-13,5.009592127e-14,7.093032641e-14,6.487540213e-14,6.180042727e-13,3.669120371e-13,2.969853184e-13,2.871562125e-13,6.20047775e-13,7.009737177e-13,8.674150444e-13,7.510350175e-13,6.239868536e-13,3.297060976e-13,3.031113238e-13,2.61101629e-13,5.459199673e-14,3.759257102e-14,1.400504385e-13,1.310837612e-13,3.262080067e-13,3.914972528e-13,3.560871062e-13,6.515975677e-13,2.613198575e-13,4.776563384e-13,3.496085635e-14
22.4140625,3.317668697e-13,5.679773895e-13,6.338051036e-13,2.159910121e-13,2.152057371e-13,3.168647539e-13,4.98438685e-14,7.078007601e-14,6.434882812e-14,6.192930143e-13,3.655642624e-13,2.97934009e-13,2.887940319e-13,6.126421303e-13,6.985064109e-13,8.693141262e-13,7.521612773e-13,6.242767803e-13,3.306078815e-13,3.065166269e-13,2.590788425e-13,5.431241653e-14,3.692030658e-14,1.376908848e-13,1.309079811e-13,3.236717442e-13,3.888943482e-13,3.564595062e-13,6.485924187e-13,2.572492549e-13,4.767483275e-13,3.487554652e-14
22.421875,3.355176729e-13,5.658738532e-13,6.340760557e-13,2.201434992e-13,2.16014322e-13,3.195690885e-13,4.964835922e-14,7.060812388e-14,6.383223689e-14,6.205151218e-13,3.640951124e-13,2.987471521e-13,2.903289192e-13,6.050636032e-13,6.95921314e-13,8.710851836e-13,7.533015086e-13,6.246071513e-13,3.314324762e-13,3.098114247e-13,2.57044238e-13,5.402556705e-14,3.627175574e-14,1.353255378e-13,1.306985827e-13,3.209056346e-13,3.861955132e-13,3.569574453e-13,6.451053235e-13,2.531847167e-13,4.755733777e-13,3.478536466e-14
22.4296875,3.390036766e-13,5.632418216e-13,6.337483185e-13,2.242969667e-13,2.167135393e-13,3.219501453e-13,4.944865799e-14,7.044449709e-14,6.331945786e-14,6.216034897e-13,3.623115025e-13,2.992424004e-13,2.916713309e-13,5.970248438e-13,6.927514697e-13,8.722563711e-13,7.538277225e-13,6.245832203e-13,3.32007985e-13,3.132225931e-13,2.549355548e-13,5.370747076e-14,3.566252415e-14,1.330568724e-13,1.304126924e-13,3.180095678e-13,3.834359778e-13,3.573166806e-13,6.41241547e-13,2.490892366e-13,4.739403116e-13,3.470062675e-14
22.4375,3.421251612e-13,5.605307932e-13,6.328352918e-13,2.284137389e-13,2.172256481e-13,3.240490484e-13,4.919662959e-14,7.026228648e-14,6.280469398e-14,6.225784864e-13,3.602220998e-13,2.995938949e-13,2.929485618e-13,5.885564116e-13,6.890173853e-13,8.729229483e-13,7.536631839e-13,6.240672267e-13,3.323883465e-13,3.169065359e-13,2.527954309e-13,5.337062588e-14,3.509026061e-14,1.308778216e-13,1.300681288e-13,3.150939241e-13,3.807784879e-13,3.574472042e-13,6.37399227e-13,2.448421919e-13,4.72129439e-13,3.461368567e-14
22.4453125,3.45213331e-13,5.577617318e-13,6.314950648e-13,2.324819561e-13,2.175541854e-13,3.261258467e-13,4.892584346e-14,7.007572853e-14,6.224737574e-14,6.235039021e-13,3.580796577e-13,2.997957507e-13,2.941798159e-13,5.797311262e-13,6.849870219e-13,8.732758916e-13,7.53097139e-13,6.232263779e-13,3.326512951e-13,3.207070174e-13,2.506083118e-13,5.300952089e-14,3.452454026e-14,1.287011149e-13,1.296846158e-13,3.121064262e-13,3.779877118e-13,3.574292228e-13,6.333111359e-13,2.405382708e-13,4.701836194e-13,3.453656101e-14
22.453125,3.482928203e-13,5.546683595e-13,6.297218574e-13,2.364730059e-13,2.176274028e-13,3.281747683e-13,4.866384096e-14,6.992224302e-14,6.160299556e-14,6.243883808e-13,3.558412389e-13,2.996814887e-13,2.952456112e-13,5.704128559e-13,6.806219983e-13,8.732268321e-13,7.521513248e-13,6.220837837e-13,3.327062095e-13,3.245332884e-13,2.483238528e-13,5.258403539e-14,3.395377247e-14,1.265076977e-13,1.29245533e-13,3.089657791e-13,3.749086032e-13,3.572566182e-13,6.287395959e-13,2.362643683e-13,4.678135385e-13,3.449376369e-14
22.4609375,3.513301179e-13,5.514007887e-13,6.276553448e-13,2.404966341e-13,2.176082072e-13,3.301261113e-13,4.840540879e-14,6.980747002e-14,6.096729596e-14,6.252252605e-13,3.533479571e-13,2.994306122e-13,2.962340792e-13,5.609383834e-13,6.759505815e-13,8.727734771e-13,7.508526384e-13,6.207199764e-13,3.326262943e-13,3.284092017e-13,2.459977043e-13,5.21552774e-14,3.340209301e-14,1.243793904e-13,1.287740816e-13,3.056492044e-13,3.718643128e-13,3.569784878e-13,6.240381263e-13,2.319144861e-13,4.652583882e-13,3.445488322e-14
22.46875,3.544844805e-13,5.47946508e-13,6.254865366e-13,2.445267591e-13,2.177844082e-13,3.319495106e-13,4.813631658e-14,6.971893428e-14,6.044040389e-14,6.259808688e-13,3.507060161e-13,2.992224967e-13,2.972299224e-13,5.517750423e-13,6.710600377e-13,8.718177065e-13,7.492661408e-13,6.193354476e-13,3.325778202e-13,3.323384243e-13,2.436609007e-13,5.179324227e-14,3.288489191e-14,1.223683012e-13,1.282979367e-13,3.022492826e-13,3.689613635e-13,3.566728046e-13,6.19278741e-13,2.27516308e-13,4.628715624e-13,3.438467648e-14
22.4765625,3.575841453e-13,5.440750001e-13,6.230547032e-13,2.483472787e-13,2.178751805e-13,3.336832721e-13,4.786419317e-14,6.964069422e-14,5.991520354e-14,6.266034119e-13,3.479465949e-13,2.988425031e-13,2.980481875e-13,5.424528638e-13,6.657829714e-13,8.702236173e-13,7.472576772e-13,6.176721086e-13,3.32405008e-13,3.363211983e-13,2.412720944e-13,5.139201456e-14,3.239001708e-14,1.204046243e-13,1.277801014e-13,2.989092811e-13,3.659326698e-13,3.561943125e-13,6.141794239e-13,2.232017029e-13,4.602805618e-13,3.432985429e-14
22.484375,3.603590041e-13,5.399033743e-13,6.200843507e-13,2.519714526e-13,2.174848229e-13,3.354588451e-13,4.761265049e-14,6.957289816e-14,5.929020813e-14,6.2716753e-13,3.449110855e-13,2.981434607e-13,2.98637492e-13,5.324260328e-13,6.600766813e-13,8.68257241e-13,7.448572227e-13,6.153738054e-13,3.319584412e-13,3.402711819e-13,2.388197214e-13,5.087603248e-14,3.191150461e-14,1.184178868e-13,1.272087158e-13,2.955490146e-13,3.627639463e-13,3.554350676e-13,6.08847681e-13,2.188795254e-13,4.571364665e-13,3.432175517e-14
22.4921875,3.630460278e-13,5.356790687e-13,6.167545312e-13,2.557000035e-13,2.169076984e-13,3.37226671e-13,4.735504202e-14,6.950526813e-14,5.865397915e-14,6.277522634e-13,3.416862534e-13,2.973159685e-13,2.992121438e-13,5.221923465e-13,6.541385387e-13,8.660230744e-13,7.421714994e-13,6.127259007e-13,3.314380097e-13,3.441158244e-13,2.36312839e-13,5.036111151e-14,3.145615387e-14,1.164245118e-13,1.266062051e-13,2.919930854e-13,3.596353603e-13,3.546534432e-13,6.035066908e-13,2.144734601e-13,4.537619431e-13,3.429568052e-14
22.5,3.659372705e-13,5.315016031e-13,6.133115072e-13,2.59661582e-13,2.164747279e-13,3.388077072e-13,4.706484691e-14,6.939753044e-14,5.807084275e-14,6.282174774e-13,3.384700573e-13,2.964685159e-13,2.998118266e-13,5.122720379e-13,6.480568887e-13,8.632458406e-13,7.391026274e-13,6.100810657e-13,3.309437794e-13,3.479255973e-13,2.337604557e-13,4.991193014e-14,3.102239798e-14,1.144619472e-13,1.259597876e-13,2.883028172e-13,3.566261962e-13,3.540344838e-13,5.980720166e-13,2.101004403e-13,4.504420687e-13,3.421272898e-14
22.5078125,3.68948493e-13,5.272979913e-13,6.094237892e-13,2.63539901e-13,2.160222712e-13,3.402098786e-13,4.678864883e-14,6.926009859e-14,5.749547011e-14,6.28466745e-13,3.351455062e-13,2.954432141e-13,3.002649788e-13,5.024195348e-13,6.417821856e-13,8.598934761e-13,7.356958304e-13,6.072985716e-13,3.303363746e-13,3.517086548e-13,2.311597851e-13,4.946465461e-14,3.060810335e-14,1.125736984e-13,1.25269832e-13,2.845581502e-13,3.537394686e-13,3.533503348e-13,5.924092584e-13,2.05757654e-13,4.4705976e-13,3.411910411e-14
22.515625,3.719302952e-13,5.22725763e-13,6.049950199e-13,2.671165608e-13,2.154709856e-13,3.415233093e-13,4.653964519e-14,6.915260613e-14,5.690525059e-14,6.28639053e-13,3.316006423e-13,2.941413675e-13,3.005402573e-13,4.924024993e-13,6.352274452e-13,8.559987677e-13,7.320109268e-13,6.042482183e-13,3.296003329e-13,3.554894335e-13,2.284870595e-13,4.899674253e-14,3.02186176e-14,1.107671324e-13,1.245547859e-13,2.807018222e-13,3.50799555e-13,3.524534796e-13,5.86465727e-13,2.013863275e-13,4.434829035e-13,3.404819576e-14
22.5234375,3.747885477e-13,5.175874143e-13,6.006245677e-13,2.707399332e-13,2.148766567e-13,3.427750118e-13,4.627611881e-14,6.908194165e-14,5.628042907e-14,6.28804847e-13,3.280158775e-13,2.926555898e-13,3.00789968e-13,4.823082803e-13,6.284787733e-13,8.516522482e-13,7.279589466e-13,6.010631293e-13,3.287695063e-13,3.594192304e-13,2.257638067e-13,4.851017786e-14,2.98569171e-14,1.08947414e-13,1.238343691e-13,2.76826337e-13,3.477446064e-13,3.514555609e-13,5.803572292e-13,1.970851987e-13,4.396848155e-13,3.39974694e-14
22.53125,3.775146822e-13,5.122617715e-13,5.963242607e-13,2.745501754e-13,2.141127514e-13,3.439464195e-13,4.600866432e-14,6.901202172e-14,5.559742436e-14,6.289288213e-13,3.244431043e-13,2.910666968e-13,3.011063831e-13,4.722014034e-13,6.217887429e-13,8.472483246e-13,7.237056894e-13,5.978278753e-13,3.278010125e-13,3.633808743e-13,2.230402868e-13,4.798815612e-14,2.952217941e-14,1.070824344e-13,1.231569408e-13,2.730848021e-13,3.448724314e-13,3.503471914e-13,5.743893809e-13,1.928735204e-13,4.357187553e-13,3.397145991e-14
22.5390625,3.803365475e-13,5.072233151e-13,5.915408515e-13,2.781174455e-13,2.131843635e-13,3.450045272e-13,4.574684044e-14,6.892219351e-14,5.491738789e-14,6.290123771e-13,3.207521156e-13,2.893871418e-13,3.01398892e-13,4.621582597e-13,6.150486887e-13,8.426671692e-13,7.193491794e-13,5.944757034e-13,3.267721385e-13,3.671677341e-13,2.203262991e-13,4.746793505e-14,2.920631484e-14,1.052896565e-13,1.224985413e-13,2.693807463e-13,3.4216984e-13,3.49132779e-13,5.686540027e-13,1.886677271e-13,4.317241905e-13,3.395921721e-14
22.546875,3.833913588e-13,5.024840122e-13,5.864202759e-13,2.814554976e-13,2.122823412e-13,3.460304196e-13,4.545877994e-14,6.881629885e-14,5.430610522e-14,6.289385747e-13,3.170059471e-13,2.876209356e-13,3.015583376e-13,4.522388603e-13,6.080059007e-13,8.375161437e-13,7.147213723e-13,5.909887775e-13,3.25779517e-13,3.710245072e-13,2.17626068e-13,4.699149283e-14,2.890009268e-14,1.035919058e-13,1.217750342e-13,2.655489176e-13,3.393402421e-13,3.479908495e-13,5.62952175e-13,1.844983998e-13,4.277527068e-13,3.392843299e-14
22.5546875,3.864711456e-13,4.977780723e-13,5.811600579e-13,2.849534965e-13,2.114116518e-13,3.470227987e-13,4.515870671e-14,6.872280441e-14,5.373847186e-14,6.286643356e-13,3.132429353e-13,2.857194212e-13,3.015960779e-13,4.423645114e-13,6.008802047e-13,8.32197972e-13,7.099456291e-13,5.875045572e-13,3.247457733e-13,3.751462893e-13,2.149319494e-13,4.653036693e-14,2.86152472e-14,1.018953964e-13,1.210203691e-13,2.616180242e-13,3.365802778e-13,3.469093045e-13,5.570814712e-13,1.80395977e-13,4.2374201e-13,3.38748949e-14
22.5625,3.894687302e-13,4.929911542e-13,5.754227718e-13,2.884407075e-13,2.104706828e-13,3.477619511e-13,4.486381633e-14,6.864985708e-14,5.317518431e-14,6.284712844e-13,3.093060425e-13,2.836483583e-13,3.015210491e-13,4.325030225e-13,5.937727849e-13,8.26860221e-13,7.050698901e-13,5.840161215e-13,3.2360065e-13,3.792850795e-13,2.12208982e-13,4.605274138e-14,2.836599753e-14,1.002334941e-13,1.202698697e-13,2.577008804e-13,3.340401886e-13,3.457829428e-13,5.508726219e-13,1.763487225e-13,4.196615751e-13,3.382175254e-14
22.5703125,3.925392378e-13,4.881611267e-13,5.693966112e-13,2.917498681e-13,2.094587426e-13,3.483520407e-13,4.454220529e-14,6.856651361e-14,5.260674957e-14,6.284524427e-13,3.052477402e-13,2.814777218e-13,3.013207493e-13,4.227264067e-13,5.863250016e-13,8.208121272e-13,6.998141269e-13,5.802662901e-13,3.223704038e-13,3.833418707e-13,2.094668981e-13,4.55682338e-14,2.813677182e-14,9.867759141e-14,1.194349683e-13,2.538071373e-13,3.313572782e-13,3.447205805e-13,5.443567756e-13,1.724066514e-13,4.154728734e-13,3.37772151e-14
22.578125,3.956495609e-13,4.831152496e-13,5.634696258e-13,2.951547823e-13,2.083986229e-13,3.491255293e-13,4.421047713e-14,6.846839589e-14,5.203532605e-14,6.283337144e-13,3.012192261e-13,2.792153095e-13,3.010695918e-13,4.130450576e-13,5.785249552e-13,8.14011514e-13,6.942840816e-13,5.762312213e-13,3.210398018e-13,3.874051041e-13,2.067137938e-13,4.508720401e-14,2.791300024e-14,9.717795268e-14,1.185287932e-13,2.49835826e-13,3.285168453e-13,3.436871411e-13,5.377879693e-13,1.68545901e-13,4.111045536e-13,3.373315434e-14
22.5859375,3.986082362e-13,4.775449245e-13,5.572747224e-13,2.985811544e-13,2.072901751e-13,3.49904461e-13,4.393478694e-14,6.83738761e-14,5.147946791e-14,6.280407529e-13,2.970830397e-13,2.767333301e-13,3.00775644e-13,4.033787878e-13,5.706544198e-13,8.069025499e-13,6.885953635e-13,5.721035872e-13,3.195630835e-13,3.913596483e-13,2.039019639e-13,4.459944534e-14,2.771323973e-14,9.572723798e-14,1.176652525e-13,2.457035881e-13,3.257734852e-13,3.42401171e-13,5.311194506e-13,1.646856954e-13,4.065495459e-13,3.368733068e-14
22.59375,4.014285597e-13,4.715502281e-13,5.505943313e-13,3.017420779e-13,2.061161177e-13,3.504121718e-13,4.372472331e-14,6.82780463e-14,5.093095911e-14,6.276200658e-13,2.927658975e-13,2.739871032e-13,3.002876683e-13,3.936384384e-13,5.626666072e-13,7.993367002e-13,6.823893868e-13,5.677738432e-13,3.179167855e-13,3.951922391e-13,2.010621992e-13,4.408648005e-14,2.755159478e-14,9.43604851e-14,1.168120171e-13,2.414583292e-13,3.229770897e-13,3.408129172e-13,5.240661781e-13,1.608744672e-13,4.018373614e-13,3.364836239e-14
22.6015625,4.04173445e-13,4.656296534e-13,5.43816038e-13,3.047286341e-13,2.048588275e-13,3.508358434e-13,4.353324379e-14,6.817827547e-14,5.03611966e-14,6.269166609e-13,2.884840784e-13,2.711114148e-13,2.995844307e-13,3.838796288e-13,5.545163547e-13,7.912899565e-13,6.757152848e-13,5.631114599e-13,3.161073555e-13,3.991190176e-13,1.983053704e-13,4.355002656e-14,2.740945301e-14,9.300170076e-14,1.158905482e-13,2.372490929e-13,3.201218522e-13,3.391323685e-13,5.167701789e-13,1.571673556e-13,3.97033e-13,3.362486037e-14
22.609375,4.068661963e-13,4.600722606e-13,5.370576788e-13,3.076892754e-13,2.035865614e-13,3.512857673e-13,4.33316751e-14,6.807141638e-14,4.981006151e-14,6.259765214e-13,2.84314999e-13,2.682541499e-13,2.988926384e-13,3.743524708e-13,5.463943718e-13,7.831602728e-13,6.69081632e-13,5.584144376e-13,3.142509572e-13,4.031713685e-13,1.956333049e-13,4.302504962e-14,2.727944701e-14,9.163644387e-14,1.149526318e-13,2.331558683e-13,3.175064791e-13,3.375316488e-13,5.096301865e-13,1.535324165e-13,3.922677819e-13,3.36053758e-14
22.6171875,4.096282226e-13,4.546144075e-13,5.30200763e-13,3.106894074e-13,2.023841668e-13,3.516736411e-13,4.314155455e-14,6.794197055e-14,4.932598279e-14,6.250720941e-13,2.801016345e-13,2.654047696e-13,2.983571402e-13,3.651806284e-13,5.383428185e-13,7.749857572e-13,6.62619278e-13,5.539448185e-13,3.124754918e-13,4.071766346e-13,1.929479896e-13,4.253011776e-14,2.719092129e-14,9.0380123e-14,1.140667622e-13,2.290956052e-13,3.150604801e-13,3.360289438e-13,5.026522982e-13,1.49978472e-13,3.875426357e-13,3.356863564e-14
22.625,4.123419011e-13,4.487577458e-13,5.233503302e-13,3.13725705e-13,2.011841476e-13,3.520847969e-13,4.298813612e-14,6.780500838e-14,4.885707378e-14,6.242020725e-13,2.757581178e-13,2.624614402e-13,2.978362598e-13,3.561662666e-13,5.302569313e-13,7.665729491e-13,6.561471238e-13,5.495050037e-13,3.107030592e-13,4.110649832e-13,1.902369168e-13,4.202827724e-14,2.714991247e-14,8.921608526e-14,1.132203032e-13,2.250053058e-13,3.125533445e-13,3.344503125e-13,4.956355716e-13,1.465130122e-13,3.827322265e-13,3.352837323e-14
22.6328125,4.147681715e-13,4.424985563e-13,5.166506121e-13,3.165454145e-13,1.999143365e-13,3.525477374e-13,4.285603346e-14,6.768095717e-14,4.835266277e-14,6.232435571e-13,2.714249155e-13,2.594536109e-13,2.971706106e-13,3.471921205e-13,5.221971087e-13,7.579465212e-13,6.49501667e-13,5.448672585e-13,3.088274625e-13,4.149470895e-13,1.876094463e-13,4.1497353e-14,2.711185521e-14,8.804201835e-14,1.123725968e-13,2.209727658e-13,3.100053769e-13,3.326978192e-13,4.887004482e-13,1.431083053e-13,3.779305124e-13,3.351884781e-14
22.640625,4.172887023e-13,4.363259181e-13,5.101000549e-13,3.190539507e-13,1.987383306e-13,3.529621099e-13,4.273725181e-14,6.755802393e-14,4.785794011e-14,6.222262738e-13,2.673617344e-13,2.564474796e-13,2.964216299e-13,3.384690261e-13,5.143884166e-13,7.492712529e-13,6.426985036e-13,5.402205163e-13,3.06962447e-13,4.18891085e-13,1.851291644e-13,4.098663848e-14,2.706123809e-14,8.689271481e-14,1.115177095e-13,2.170290665e-13,3.074750896e-13,3.309841656e-13,4.819553888e-13,1.398219643e-13,3.733080935e-13,3.353470476e-14
22.6484375,4.203204906e-13,4.30281576e-13,5.034734519e-13,3.214295593e-13,1.977860846e-13,3.533325161e-13,4.265058436e-14,6.744545972e-14,4.741238317e-14,6.211406533e-13,2.635303235e-13,2.533118738e-13,2.95664758e-13,3.300937586e-13,5.06856356e-13,7.405864988e-13,6.359308546e-13,5.357785117e-13,3.051806077e-13,4.22774536e-13,1.826908047e-13,4.052503449e-14,2.703971427e-14,8.582129402e-14,1.106841496e-13,2.130874971e-13,3.049904605e-13,3.294156979e-13,4.750434008e-13,1.366924379e-13,3.68719782e-13,3.355181485e-14
22.65625,4.234231961e-13,4.239827722e-13,4.965850571e-13,3.23677498e-13,1.968593843e-13,3.536693878e-13,4.258340148e-14,6.735425645e-14,4.700179059e-14,6.199822483e-13,2.595580301e-13,2.49996372e-13,2.948707914e-13,3.21902775e-13,4.993137208e-13,7.316401808e-13,6.291373854e-13,5.313248336e-13,3.033605592e-13,4.266214483e-13,1.801721758e-13,4.007523662e-14,2.705975815e-14,8.481136673e-14,1.098741615e-13,2.09148912e-13,3.025501938e-13,3.277922362e-13,4.678754682e-13,1.336069631e-13,3.640542242e-13,3.357200451e-14
22.6640625,4.262612989e-13,4.175378407e-13,4.896864218e-13,3.259155643e-13,1.958273361e-13,3.540061787e-13,4.251831592e-14,6.723622319e-14,4.662669586e-14,6.188245217e-13,2.553919731e-13,2.467096924e-13,2.941025417e-13,3.13948021e-13,4.916903938e-13,7.223418407e-13,6.222162902e-13,5.267415158e-13,3.014909565e-13,4.306671472e-13,1.776204259e-13,3.963754998e-14,2.708794112e-14,8.387791392e-14,1.090712676e-13,2.05250596e-13,3.00114467e-13,3.260757428e-13,4.610107532e-13,1.305112399e-13,3.595098019e-13,3.359016396e-14
22.671875,4.291741361e-13,4.11240441e-13,4.828747687e-13,3.283739801e-13,1.948367344e-13,3.544186174e-13,4.248079065e-14,6.707566382e-14,4.628624907e-14,6.175986223e-13,2.512875919e-13,2.434407672e-13,2.933831781e-13,3.063561962e-13,4.841829684e-13,7.129488433e-13,6.154033042e-13,5.223001916e-13,2.996396253e-13,4.347700496e-13,1.751243947e-13,3.923741106e-14,2.711850642e-14,8.301430863e-14,1.082796461e-13,2.013451897e-13,2.977389652e-13,3.244123916e-13,4.544616347e-13,1.275190284e-13,3.550396654e-13,3.358870141e-14
22.6796875,4.321624758e-13,4.049477624e-13,4.757441907e-13,3.307432543e-13,1.938586158e-13,3.548510665e-13,4.247787291e-14,6.693605545e-14,4.594611247e-14,6.162379223e-13,2.471714283e-13,2.39957967e-13,2.925360198e-13,2.98869058e-13,4.766370151e-13,7.0333257e-13,6.085918809e-13,5.179200268e-13,2.977286779e-13,4.385795089e-13,1.726543836e-13,3.88333376e-14,2.716742416e-14,8.217174034e-14,1.074719652e-13,1.974163244e-13,2.953928999e-13,3.227654534e-13,4.475974871e-13,1.246780578e-13,3.503412642e-13,3.358011373e-14
22.6875,4.35000199e-13,3.985914442e-13,4.683769587e-13,3.327390963e-13,1.927973344e-13,3.553387183e-13,4.248612188e-14,6.682457801e-14,4.560345718e-14,6.148538578e-13,2.429465116e-13,2.363768634e-13,2.915823802e-13,2.914084085e-13,4.6891205e-13,6.932255172e-13,6.014951554e-13,5.133399697e-13,2.957767989e-13,4.422826926e-13,1.701805523e-13,3.841164639e-14,2.722156912e-14,8.136020757e-14,1.066305809e-13,1.934757062e-13,2.929293292e-13,3.210786257e-13,4.405746246e-13,1.219013051e-13,3.455358221e-13,3.357779705e-14
22.6953125,4.379747802e-13,3.922866423e-13,4.61340498e-13,3.347053931e-13,1.919133741e-13,3.56016866e-13,4.252092417e-14,6.667830248e-14,4.529428636e-14,6.134248324e-13,2.389289072e-13,2.329123774e-13,2.907701064e-13,2.844286875e-13,4.614652596e-13,6.830607998e-13,5.94563738e-13,5.089591678e-13,2.939440994e-13,4.462128095e-13,1.677605908e-13,3.803659187e-14,2.72713027e-14,8.059565659e-14,1.058430087e-13,1.895062648e-13,2.904379942e-13,3.194329163e-13,4.339749773e-13,1.191556646e-13,3.409345889e-13,3.356751776e-14
22.703125,4.412273647e-13,3.858989395e-13,4.545879318e-13,3.367510445e-13,1.91335755e-13,3.567194861e-13,4.261062004e-14,6.649760553e-14,4.502467421e-14,6.11840728e-13,2.352463824e-13,2.294078904e-13,2.900425019e-13,2.780272623e-13,4.545284182e-13,6.731862571e-13,5.881303841e-13,5.050969706e-13,2.921841348e-13,4.502138689e-13,1.654272569e-13,3.771080783e-14,2.734254972e-14,7.987616919e-14,1.05160435e-13,1.855584663e-13,2.880177198e-13,3.178211581e-13,4.275901854e-13,1.164902476e-13,3.36458717e-13,3.354980378e-14
22.7109375,4.444414564e-13,3.793464544e-13,4.477851695e-13,3.385920802e-13,1.90767337e-13,3.573195335e-13,4.273652709e-14,6.631560388e-14,4.477632983e-14,6.102149497e-13,2.3160404e-13,2.257473464e-13,2.891685366e-13,2.717744701e-13,4.476942473e-13,6.632319596e-13,5.817056834e-13,5.012745013e-13,2.903667999e-13,4.540788269e-13,1.631351737e-13,3.738529479e-14,2.744317514e-14,7.924912404e-14,1.044870623e-13,1.816726318e-13,2.855140447e-13,3.161803375e-13,4.21088243e-13,1.139229147e-13,3.319407775e-13,3.353584829e-14
22.71875,4.474985849e-13,3.726697795e-13,4.409581179e-13,3.402914115e-13,1.900772747e-13,3.5802148e-13,4.287723047e-14,6.612104793e-14,4.452183846e-14,6.085739125e-13,2.278651715e-13,2.22033052e-13,2.881534702e-13,2.655349952e-13,4.408323703e-13,6.530975911e-13,5.751566717e-13,4.97201546e-13,2.885063338e-13,4.578203437e-13,1.608326055e-13,3.705739299e-14,2.754667823e-14,7.869558998e-14,1.037703091e-13,1.777814903e-13,2.829284666e-13,3.144762761e-13,4.145912606e-13,1.114277478e-13,3.273295436e-13,3.352010796e-14
22.7265625,4.504116767e-13,3.657662142e-13,4.340612983e-13,3.419859031e-13,1.893803049e-13,3.587818033e-13,4.305216835e-14,6.594348037e-14,4.422697158e-14,6.067218388e-13,2.241252946e-13,2.182099711e-13,2.870476965e-13,2.594589266e-13,4.342256509e-13,6.431866516e-13,5.688972143e-13,4.931875349e-13,2.865767147e-13,4.614016318e-13,1.585319715e-13,3.671811789e-14,2.765883448e-14,7.810425489e-14,1.030911054e-13,1.739034935e-13,2.804128755e-13,3.126215644e-13,4.081199439e-13,1.089866839e-13,3.225411983e-13,3.351258503e-14
22.734375,4.531421851e-13,3.58866065e-13,4.271271333e-13,3.435932161e-13,1.887042221e-13,3.594020868e-13,4.328077584e-14,6.584706816e-14,4.393242547e-14,6.047342784e-13,2.204529421e-13,2.142842566e-13,2.858894108e-13,2.536648949e-13,4.279662164e-13,6.336224921e-13,5.629211118e-13,4.893891536e-13,2.845667961e-13,4.649242585e-13,1.56314014e-13,3.636414561e-14,2.780496055e-14,7.74840393e-14,1.024890453e-13,1.701624203e-13,2.779508394e-13,3.107130354e-13,4.017486642e-13,1.066239866e-13,3.177503387e-13,3.3526703e-14
22.7421875,4.558660328e-13,3.523801733e-13,4.205505192e-13,3.452075976e-13,1.881275582e-13,3.601175712e-13,4.356301303e-14,6.57985568e-14,4.372218203e-14,6.028363488e-13,2.169353586e-13,2.104982032e-13,2.848519732e-13,2.483446152e-13,4.220434578e-13,6.24276942e-13,5.57062162e-13,4.857154082e-13,2.826230954e-13,4.686796785e-13,1.542252937e-13,3.605572505e-14,2.79588075e-14,7.694305103e-14,1.019129103e-13,1.665393251e-13,2.755775794e-13,3.089989813e-13,3.957368757e-13,1.043599548e-13,3.132837556e-13,3.354259085e-14
22.75,4.586860067e-13,3.460117968e-13,4.143149007e-13,3.468886127e-13,1.877260774e-13,3.611226329e-13,4.39053128e-14,6.572306396e-14,4.355585469e-14,6.009006841e-13,2.135957832e-13,2.068220833e-13,2.839506327e-13,2.434715436e-13,4.164534781e-13,6.150855174e-13,5.51447065e-13,4.8212815e-13,2.807782438e-13,4.726427954e-13,1.522078004e-13,3.580566421e-14,2.809854283e-14,7.648840217e-14,1.013554747e-13,1.629128509e-13,2.733780063e-13,3.073182445e-13,3.900083422e-13,1.021360222e-13,3.090154958e-13,3.35576035e-14
22.7578125,4.613765573e-13,3.393512015e-13,4.080300018e-13,3.484271453e-13,1.873330311e-13,3.621569638e-13,4.430060684e-14,6.561903048e-14,4.333437872e-14,5.987680075e-13,2.103264668e-13,2.030055284e-13,2.829615251e-13,2.387165821e-13,4.110408339e-13,6.059364214e-13,5.460393492e-13,4.785909663e-13,2.788921869e-13,4.764985921e-13,1.502073538e-13,3.554578361e-14,2.826623888e-14,7.605899658e-14,1.008486867e-13,1.592914008e-13,2.712130103e-13,3.053622055e-13,3.843776575e-13,9.992083036e-14,3.04631943e-13,3.36004604e-14
22.765625,4.63838411e-13,3.327102186e-13,4.018140812e-13,3.49803831e-13,1.868103813e-13,3.630880155e-13,4.470996798e-14,6.550566708e-14,4.308333994e-14,5.965891696e-13,2.071170262e-13,1.991016112e-13,2.818108922e-13,2.340424106e-13,4.0575536e-13,5.967478648e-13,5.406190574e-13,4.75076924e-13,2.769302778e-13,4.801306576e-13,1.48262125e-13,3.525737974e-14,2.847457611e-14,7.562921616e-14,1.003485674e-13,1.557722941e-13,2.689710511e-13,3.03380299e-13,3.788422443e-13,9.781313286e-14,3.001544149e-13,3.366850283e-14
22.7734375,4.663228344e-13,3.262960425e-13,3.959872655e-13,3.511513839e-13,1.863323774e-13,3.641460538e-13,4.512532967e-14,6.539064724e-14,4.287873024e-14,5.944641691e-13,2.040483828e-13,1.952986225e-13,2.806545863e-13,2.297598338e-13,4.007759233e-13,5.876218459e-13,5.353066783e-13,4.716839365e-13,2.750171511e-13,4.836430232e-13,1.46417222e-13,3.498696474e-14,2.868058488e-14,7.52094237e-14,9.981630433e-14,1.523654409e-13,2.667227876e-13,3.017221929e-13,3.733427449e-13,9.587683919e-14,2.957415e-13,3.373990192e-14
22.78125,4.690265458e-13,3.198196943e-13,3.904966394e-13,3.523991583e-13,1.861461162e-13,3.654882633e-13,4.559032754e-14,6.528373213e-14,4.272155919e-14,5.923259231e-13,2.011127787e-13,1.915982568e-13,2.79650459e-13,2.260258921e-13,3.96175476e-13,5.786987578e-13,5.304468323e-13,4.68600801e-13,2.732859492e-13,4.871971007e-13,1.446413882e-13,3.476717312e-14,2.888263421e-14,7.484081817e-14,9.93414404e-14,1.490044449e-13,2.644614955e-13,3.002012657e-13,3.680102137e-13,9.404448912e-14,2.915162999e-13,3.380623146e-14
22.7890625,4.716499702e-13,3.132351426e-13,3.851444257e-13,3.535386428e-13,1.861195418e-13,3.669584974e-13,4.612094368e-14,6.516526962e-14,4.256205922e-14,5.901618836e-13,1.982873607e-13,1.879030236e-13,2.787560786e-13,2.226051779e-13,3.918405091e-13,5.699759744e-13,5.25981913e-13,4.657798386e-13,2.71653644e-13,4.909159588e-13,1.428582882e-13,3.457248972e-14,2.91018775e-14,7.453366356e-14,9.898098126e-14,1.456608083e-13,2.621510761e-13,2.98496252e-13,3.630528623e-13,9.224462769e-14,2.874629362e-13,3.385207922e-14
22.796875,4.737650053e-13,3.067330771e-13,3.797606425e-13,3.547057708e-13,1.858477975e-13,3.683146081e-13,4.66917292e-14,6.503823606e-14,4.235088968e-14,5.879481943e-13,1.955950774e-13,1.841366899e-13,2.777646185e-13,2.191279896e-13,3.877200638e-13,5.613666707e-13,5.215338837e-13,4.628588452e-13,2.698820584e-13,4.946345172e-13,1.410439203e-13,3.434412639e-14,2.932006559e-14,7.42266329e-14,9.864554236e-14,1.423576896e-13,2.598894382e-13,2.965746034e-13,3.58209371e-13,9.045039083e-14,2.833736845e-13,3.38860943e-14
22.8046875,4.756682432e-13,3.004164648e-13,3.743599775e-13,3.558758881e-13,1.854021617e-13,3.69626953e-13,4.729636887e-14,6.49438725e-14,4.211821751e-14,5.856327393e-13,1.930430361e-13,1.803892441e-13,2.767095937e-13,2.157358322e-13,3.839305632e-13,5.529084103e-13,5.171417471e-13,4.598403802e-13,2.680472074e-13,4.980531752e-13,1.392713454e-13,3.410479712e-14,2.952562048e-14,7.390471686e-14,9.83008196e-14,1.391233439e-13,2.577671336e-13,2.946090892e-13,3.533886376e-13,8.867870553e-14,2.793428398e-13,3.395434949e-14
22.8125,4.779313573e-13,2.942751618e-13,3.691275053e-13,3.569655604e-13,1.85230271e-13,3.711255261e-13,4.793386144e-14,6.484864016e-14,4.194961305e-14,5.832725444e-13,1.906199949e-13,1.767952092e-13,2.757928825e-13,2.128692026e-13,3.805164916e-13,5.446558927e-13,5.131032511e-13,4.571252592e-13,2.663994645e-13,5.012495597e-13,1.37583396e-13,3.393050608e-14,2.972423477e-14,7.363862742e-14,9.800430016e-14,1.359654867e-13,2.55733073e-13,2.92767896e-13,3.489651142e-13,8.699132863e-14,2.756240461e-13,3.40629557e-14
22.8203125,4.803760939e-13,2.879668938e-13,3.640094917e-13,3.579570761e-13,1.852633753e-13,3.727768511e-13,4.859066654e-14,6.470297459e-14,4.182789548e-14,5.809485111e-13,1.882705406e-13,1.731941772e-13,2.748375141e-13,2.103273945e-13,3.772869499e-13,5.364560154e-13,5.092851998e-13,4.546370116e-13,2.648197758e-13,5.044655869e-13,1.359205071e-13,3.378873549e-14,2.990254604e-14,7.344633032e-14,9.772371989e-14,1.328496484e-13,2.536238245e-13,2.91019878e-13,3.447675407e-13,8.539560742e-14,2.719030923e-13,3.417756461e-14
22.828125,4.826699688e-13,2.813647996e-13,3.590245801e-13,3.58807402e-13,1.852597325e-13,3.745721749e-13,4.929071049e-14,6.456362089e-14,4.170263575e-14,5.78639847e-13,1.859423012e-13,1.694802153e-13,2.736784467e-13,2.078059032e-13,3.742093335e-13,5.28302991e-13,5.055532178e-13,4.521275965e-13,2.631905063e-13,5.076699684e-13,1.342952978e-13,3.363511012e-14,3.006336885e-14,7.327211577e-14,9.742866195e-14,1.297500556e-13,2.51347195e-13,2.893103774e-13,3.404456058e-13,8.385547737e-14,2.679625416e-13,3.429078599e-14
22.8359375,4.849118482e-13,2.750916572e-13,3.545025046e-13,3.595888464e-13,1.85438643e-13,3.766234051e-13,5.006116261e-14,6.447253268e-14,4.161357923e-14,5.762095252e-13,1.837206838e-13,1.659169968e-13,2.726672893e-13,2.05701737e-13,3.715631347e-13,5.205283384e-13,5.021696229e-13,4.498397504e-13,2.617105756e-13,5.108863676e-13,1.328108268e-13,3.353280768e-14,3.023622744e-14,7.309530824e-14,9.720610891e-14,1.267280547e-13,2.490872889e-13,2.876916698e-13,3.364260863e-13,8.237934728e-14,2.642742215e-13,3.441134011e-14
22.84375,4.869132302e-13,2.692513376e-13,3.502690119e-13,3.604497822e-13,1.8577426e-13,3.786535425e-13,5.085803121e-14,6.439320229e-14,4.152831133e-14,5.735277793e-13,1.817212193e-13,1.625246914e-13,2.719063247e-13,2.041122108e-13,3.694025334e-13,5.132407768e-13,4.991602473e-13,4.478013335e-13,2.603166731e-13,5.142932474e-13,1.314327611e-13,3.346719189e-14,3.042501306e-14,7.293453809e-14,9.707668079e-14,1.238515811e-13,2.471038677e-13,2.859766566e-13,3.329009127e-13,8.095401058e-14,2.60911102e-13,3.454780259e-14
22.8515625,4.884353411e-13,2.631089528e-13,3.459205067e-13,3.614296393e-13,1.859159355e-13,3.804564736e-13,5.164308864e-14,6.432341317e-14,4.135869958e-14,5.707356918e-13,1.79924643e-13,1.590410927e-13,2.710118479e-13,2.025757915e-13,3.675815483e-13,5.062921037e-13,4.963662132e-13,4.457166053e-13,2.587771538e-13,5.178014742e-13,1.300432927e-13,3.334822396e-14,3.060439085e-14,7.280231715e-14,9.696016884e-14,1.211093118e-13,2.453599316e-13,2.839903236e-13,3.294051156e-13,7.95604632e-14,2.574658073e-13,3.471584564e-14
22.859375,4.898454857e-13,2.568371598e-13,3.417902115e-13,3.62623635e-13,1.860222904e-13,3.824318383e-13,5.245269828e-14,6.427653954e-14,4.117924864e-14,5.680621868e-13,1.782715286e-13,1.555864538e-13,2.70010167e-13,2.011806182e-13,3.661831021e-13,4.997243324e-13,4.93903839e-13,4.437245808e-13,2.572458266e-13,5.212673005e-13,1.28650755e-13,3.322766372e-14,3.075267001e-14,7.270841599e-14,9.684595693e-14,1.184883518e-13,2.436614129e-13,2.820405269e-13,3.260680423e-13,7.824747066e-14,2.540929117e-13,3.490581928e-14
22.8671875,4.913195096e-13,2.511255311e-13,3.380891765e-13,3.640296324e-13,1.863150111e-13,3.847141885e-13,5.330942551e-14,6.424933509e-14,4.10717651e-14,5.653876181e-13,1.767199648e-13,1.523237723e-13,2.691832267e-13,2.001835808e-13,3.651683744e-13,4.935006671e-13,4.917134523e-13,4.41935118e-13,2.558367708e-13,5.247566087e-13,1.272932172e-13,3.317258457e-14,3.086608924e-14,7.264599186e-14,9.675785386e-14,1.159803505e-13,2.419957157e-13,2.80289385e-13,3.232336451e-13,7.700317833e-14,2.509822472e-13,3.509596747e-14
22.875,4.926161936e-13,2.455286242e-13,3.343437673e-13,3.653533197e-13,1.865628682e-13,3.869734286e-13,5.419715373e-14,6.428196341e-14,4.097159839e-14,5.625689511e-13,1.752054374e-13,1.490323297e-13,2.684043569e-13,1.99355362e-13,3.642846102e-13,4.874109649e-13,4.895780802e-13,4.400936172e-13,2.543749397e-13,5.282056534e-13,1.259481125e-13,3.312137617e-14,3.096234446e-14,7.259788039e-14,9.66841761e-14,1.135252037e-13,2.4041172e-13,2.785006667e-13,3.204678538e-13,7.575590508e-14,2.478330285e-13,3.529648365e-14
22.8828125,4.938646006e-13,2.396068713e-13,3.30534109e-13,3.66592117e-13,1.867832421e-13,3.892584127e-13,5.511636584e-14,6.437646379e-14,4.087526374e-14,5.597927041e-13,1.737254241e-13,1.456941599e-13,2.676000261e-13,1.986984232e-13,3.635963072e-13,4.815494069e-13,4.87647134e-13,4.383007712e-13,2.529102361e-13,5.315453761e-13,1.246414209e-13,3.306857999e-14,3.106318455e-14,7.257501706e-14,9.664525011e-14,1.111089422e-13,2.388574282e-13,2.767549321e-13,3.17612333e-13,7.453650932e-14,2.447010409e-13,3.551323096e-14
22.890625,4.95184622e-13,2.338951558e-13,3.270140198e-13,3.679979649e-13,1.872211837e-13,3.916983171e-13,5.604657244e-14,6.44476384e-14,4.083479827e-14,5.57050447e-13,1.723319507e-13,1.425458979e-13,2.669571342e-13,1.984086095e-13,3.632047676e-13,4.760561567e-13,4.860068081e-13,4.367496103e-13,2.515842085e-13,5.349579161e-13,1.234084619e-13,3.306847606e-14,3.116748426e-14,7.258249815e-14,9.665221033e-14,1.087934319e-13,2.373753068e-13,2.751830596e-13,3.151851878e-13,7.33819825e-14,2.418882551e-13,3.572744174e-14
22.8984375,4.962802247e-13,2.285400414e-13,3.236315516e-13,3.693774017e-13,1.87718607e-13,3.940967807e-13,5.695790825e-14,6.448033891e-14,4.078823101e-14,5.540580832e-13,1.710198952e-13,1.395276759e-13,2.66390953e-13,1.98319537e-13,3.629446683e-13,4.707752366e-13,4.845110102e-13,4.351954383e-13,2.50266928e-13,5.384677105e-13,1.222211334e-13,3.307585769e-14,3.125830913e-14,7.259386779e-14,9.665338537e-14,1.065790456e-13,2.360385778e-13,2.73501293e-13,3.131073557e-13,7.22418358e-14,2.392364522e-13,3.594355071e-14
22.90625,4.971089547e-13,2.232558665e-13,3.202937764e-13,3.706133872e-13,1.880890722e-13,3.964685858e-13,5.789149853e-14,6.454088582e-14,4.068702576e-14,5.508922176e-13,1.698127966e-13,1.365106097e-13,2.657504513e-13,1.983836183e-13,3.629325928e-13,4.656961783e-13,4.832682974e-13,4.336108005e-13,2.489132498e-13,5.419132723e-13,1.21080596e-13,3.305484299e-14,3.133647798e-14,7.260212267e-14,9.664433777e-14,1.044189953e-13,2.346677226e-13,2.716933805e-13,3.109873256e-13,7.111989823e-14,2.365954286e-13,3.618527037e-14
22.9140625,4.978485489e-13,2.181616722e-13,3.172891432e-13,3.720362887e-13,1.884694011e-13,3.989409869e-13,5.888949617e-14,6.461996764e-14,4.057361635e-14,5.478214856e-13,1.688096908e-13,1.335877809e-13,2.652002976e-13,1.987766951e-13,3.634351088e-13,4.609228621e-13,4.823029726e-13,4.322804337e-13,2.47680411e-13,5.452419213e-13,1.199925579e-13,3.305916698e-14,3.141664589e-14,7.25990651e-14,9.669353111e-14,1.023364348e-13,2.331704192e-13,2.70028368e-13,3.091786287e-13,7.006146457e-14,2.34087449e-13,3.645829598e-14
22.921875,4.98416525e-13,2.131925279e-13,3.146255267e-13,3.735866767e-13,1.889270385e-13,4.014878678e-13,5.992586386e-14,6.466296931e-14,4.045805872e-14,5.44798942e-13,1.680015469e-13,1.307824546e-13,2.648520216e-13,1.99439147e-13,3.642985444e-13,4.563192064e-13,4.813726172e-13,4.311110132e-13,2.465626272e-13,5.483509489e-13,1.188808597e-13,3.310338684e-14,3.148526098e-14,7.255155614e-14,9.681581767e-14,1.00370128e-13,2.318664634e-13,2.68389824e-13,3.080077193e-13,6.902541287e-14,2.316718953e-13,3.675727425e-14
22.9296875,4.987369204e-13,2.081814476e-13,3.120615608e-13,3.750550668e-13,1.893589446e-13,4.042070053e-13,6.098219935e-14,6.468484944e-14,4.033922657e-14,5.417351624e-13,1.672405486e-13,1.280218861e-13,2.64575593e-13,2.002611058e-13,3.652859033e-13,4.518345379e-13,4.805504503e-13,4.298480402e-13,2.454105602e-13,5.512701272e-13,1.17711734e-13,3.315593208e-14,3.152079288e-14,7.249185138e-14,9.694421418e-14,9.848603231e-14,2.308834559e-13,2.666577705e-13,3.070760149e-13,6.795597872e-14,2.292450614e-13,3.707423225e-14
22.9375,4.988313909e-13,2.033944219e-13,3.094953362e-13,3.766540641e-13,1.896986024e-13,4.070155398e-13,6.205561458e-14,6.472567972e-14,4.024636836e-14,5.386709381e-13,1.664277933e-13,1.253078634e-13,2.642477314e-13,2.012112963e-13,3.663818181e-13,4.475963737e-13,4.799911615e-13,4.285293578e-13,2.441742587e-13,5.543232813e-13,1.165688205e-13,3.320717456e-14,3.154404792e-14,7.248836111e-14,9.703344392e-14,9.664479249e-14,2.298656317e-13,2.650066471e-13,3.060912771e-13,6.688665143e-14,2.268324333e-13,3.739891404e-14
22.9453125,4.986871542e-13,1.987527681e-13,3.069844416e-13,3.782851443e-13,1.899593293e-13,4.096709621e-13,6.312989724e-14,6.478798711e-14,4.016928894e-14,5.355274114e-13,1.655911073e-13,1.226446056e-13,2.638574166e-13,2.02245032e-13,3.676695434e-13,4.436571666e-13,4.795610123e-13,4.272523835e-13,2.429240883e-13,5.5756803e-13,1.154969105e-13,3.325256096e-14,3.156530029e-14,7.252652362e-14,9.712077076e-14,9.488866813e-14,2.287075719e-13,2.633988765e-13,3.052636329e-13,6.588304638e-14,2.244595652e-13,3.774542782e-14
22.953125,4.98479275e-13,1.939617038e-13,3.047324235e-13,3.797626292e-13,1.902269304e-13,4.124638283e-13,6.421754283e-14,6.48734786e-14,4.007477037e-14,5.322419246e-13,1.648113759e-13,1.200551481e-13,2.635239504e-13,2.034691879e-13,3.693735665e-13,4.401504559e-13,4.793201005e-13,4.260516074e-13,2.417522769e-13,5.609023985e-13,1.144334882e-13,3.330032583e-14,3.154511484e-14,7.25785613e-14,9.725623378e-14,9.329041946e-14,2.277417258e-13,2.617128403e-13,3.047730849e-13,6.494018579e-14,2.221876144e-13,3.815389018e-14
22.9609375,4.983329804e-13,1.893394515e-13,3.028109572e-13,3.815303417e-13,1.905244081e-13,4.156110739e-13,6.532030064e-14,6.500269209e-14,3.995437918e-14,5.289080705e-13,1.641301803e-13,1.176001431e-13,2.633608364e-13,2.049511263e-13,3.715084699e-13,4.371102468e-13,4.794115804e-13,4.249868149e-13,2.406422341e-13,5.64447643e-13,1.133409062e-13,3.336388771e-14,3.148248401e-14,7.265275225e-14,9.742096885e-14,9.184241746e-14,2.270655991e-13,2.600561173e-13,3.045808462e-13,6.400095458e-14,2.200709407e-13,3.862183214e-14
22.96875,4.978928939e-13,1.849679214e-13,3.009767708e-13,3.835952038e-13,1.907087902e-13,4.186127003e-13,6.640210792e-14,6.518154561e-14,3.981270646e-14,5.255582196e-13,1.635133447e-13,1.152344491e-13,2.632598417e-13,2.065217024e-13,3.736515621e-13,4.341821791e-13,4.795778455e-13,4.239893302e-13,2.394704182e-13,5.67974822e-13,1.122618528e-13,3.341955234e-14,3.142851881e-14,7.270596587e-14,9.758349051e-14,9.046814602e-14,2.264526332e-13,2.583970829e-13,3.046096763e-13,6.306005731e-14,2.180478769e-13,3.907843282e-14
22.9765625,4.968359733e-13,1.804292096e-13,2.991017014e-13,3.853697785e-13,1.9071295e-13,4.212937666e-13,6.748137547e-14,6.539315756e-14,3.967044083e-14,5.222020297e-13,1.629133501e-13,1.128704959e-13,2.630974064e-13,2.081115324e-13,3.756905269e-13,4.312506081e-13,4.796499467e-13,4.2287059e-13,2.381906448e-13,5.711827525e-13,1.112094469e-13,3.345221565e-14,3.138618413e-14,7.272422749e-14,9.776573297e-14,8.913695939e-14,2.258045112e-13,2.56586875e-13,3.048012321e-13,6.214468257e-14,2.160652239e-13,3.949643696e-14
22.984375,4.954868012e-13,1.758990908e-13,2.973354401e-13,3.870805115e-13,1.907123139e-13,4.241189214e-13,6.86088624e-14,6.561686533e-14,3.954304023e-14,5.189302039e-13,1.623428064e-13,1.105417269e-13,2.62981762e-13,2.098379286e-13,3.780530564e-13,4.287079657e-13,4.799257412e-13,4.216514357e-13,2.369006599e-13,5.745542692e-13,1.101328759e-13,3.349096001e-14,3.131475576e-14,7.27812094e-14,9.798226222e-14,8.788532223e-14,2.252103682e-13,2.547627901e-13,3.051101742e-13,6.123654316e-14,2.141209054e-13,3.99457513e-14
22.9921875,4.943251778e-13,1.717187975e-13,2.957487356e-13,3.892325981e-13,1.908518968e-13,4.271886635e-13,6.977603115e-14,6.584598296e-14,3.941645104e-14,5.156950419e-13,1.618493756e-13,1.083150182e-13,2.6301596e-13,2.11806834e-13,3.808968337e-13,4.266619908e-13,4.806037824e-13,4.205549294e-13,2.356985182e-13,5.783449515e-13,1.09023391e-13,3.355319436e-14,3.12127105e-14,7.286613373e-14,9.821590382e-14,8.67379932e-14,2.247486331e-13,2.530839226e-13,3.05539515e-13,6.032099554e-14,2.122404455e-13,4.045873172e-14
23,4.932141372e-13,1.676635027e-13,2.942374351e-13,3.915673914e-13,1.910119713e-13,4.301971891e-13,7.095162962e-14,6.610393486e-14,3.928725429e-14,5.123407992e-13,1.614328515e-13,1.061828509e-13,2.631426616e-13,2.140234934e-13,3.839162009e-13,4.247881122e-13,4.814461107e-13,4.19591109e-13,2.345447441e-13,5.819558751e-13,1.079188121e-13,3.362450058e-14,3.111779239e-14,7.292128077e-14,9.847094154e-14,8.568313041e-14,2.243922569e-13,2.5138886e-13,3.061507553e-13,5.940424333e-14,2.105022742e-13,4.097667524e-14
23.0078125,4.916956362e-13,1.636447037e-13,2.927256696e-13,3.939365479e-13,1.91034089e-13,4.330512083e-13,7.211449888e-14,6.641616313e-14,3.916800757e-14,5.089033834e-13,1.610390652e-13,1.041387136e-13,2.633482001e-13,2.163225618e-13,3.869198889e-13,4.230107906e-13,4.822298073e-13,4.18559148e-13,2.33335941e-13,5.853345098e-13,1.068267695e-13,3.369201864e-14,3.104159528e-14,7.300468032e-14,9.875037821e-14,8.470265325e-14,2.240664129e-13,2.495345316e-13,3.069755603e-13,5.84633399e-14,2.08917773e-13,4.146814437e-14
23.015625,4.897726648e-13,1.597609634e-13,2.913038684e-13,3.965499057e-13,1.909822356e-13,4.358899561e-13,7.325210484e-14,6.676209497e-14,3.9051314e-14,5.055428352e-13,1.60662843e-13,1.022163618e-13,2.63673298e-13,2.186138917e-13,3.900191002e-13,4.214876083e-13,4.830832457e-13,4.174180422e-13,2.320884682e-13,5.889419329e-13,1.057695691e-13,3.376296835e-14,3.093839245e-14,7.312416709e-14,9.901994262e-14,8.379450779e-14,2.237987565e-13,2.476828511e-13,3.079621081e-13,5.7502879e-14,2.074069679e-13,4.196115483e-14
23.0234375,4.876845908e-13,1.558756592e-13,2.900507931e-13,3.992203152e-13,1.909263062e-13,4.387495264e-13,7.43788395e-14,6.710983739e-14,3.891378902e-14,5.022842125e-13,1.603551257e-13,1.003913154e-13,2.640120239e-13,2.210022016e-13,3.932608044e-13,4.200826644e-13,4.840329884e-13,4.161538105e-13,2.308521806e-13,5.924983362e-13,1.047778228e-13,3.384309733e-14,3.076960637e-14,7.317673494e-14,9.924232069e-14,8.299078196e-14,2.236357959e-13,2.459681653e-13,3.090354427e-13,5.657113434e-14,2.058854805e-13,4.248745996e-14
23.03125,4.853355846e-13,1.521081764e-13,2.888048739e-13,4.017692211e-13,1.907371112e-13,4.414089699e-13,7.549035974e-14,6.74651389e-14,3.873636471e-14,4.990027593e-13,1.601063734e-13,9.857919422e-14,2.642254499e-13,2.234149666e-13,3.964894618e-13,4.185936487e-13,4.847747363e-13,4.146155388e-13,2.295388631e-13,5.957001065e-13,1.037875897e-13,3.390561366e-14,3.05709624e-14,7.320020807e-14,9.940905583e-14,8.232712332e-14,2.234982847e-13,2.442327576e-13,3.101628106e-13,5.567601235e-14,2.042746108e-13,4.306600827e-14
23.0390625,4.82695912e-13,1.487473285e-13,2.875150453e-13,4.044520607e-13,1.903862803e-13,4.438432879e-13,7.657199178e-14,6.783048751e-14,3.854015248e-14,4.955788433e-13,1.598953583e-13,9.680945254e-14,2.644432505e-13,2.258051823e-13,3.997696743e-13,4.172723728e-13,4.853775741e-13,4.129381533e-13,2.281195901e-13,5.989490865e-13,1.027573725e-13,3.394306286e-14,3.038556794e-14,7.330409081e-14,9.955797711e-14,8.176586501e-14,2.23428939e-13,2.423683823e-13,3.114447661e-13,5.480503518e-14,2.02682836e-13,4.367316644e-14
23.046875,4.800628821e-13,1.456316817e-13,2.863997703e-13,4.073973e-13,1.900477121e-13,4.464311043e-13,7.766350369e-14,6.818936851e-14,3.838104892e-14,4.920489272e-13,1.597508681e-13,9.519932161e-14,2.648830468e-13,2.284171454e-13,4.033174074e-13,4.163224288e-13,4.862097553e-13,4.114210335e-13,2.267284936e-13,6.023445652e-13,1.017843149e-13,3.400445623e-14,3.019219312e-14,7.341944987e-14,9.972775266e-14,8.122097402e-14,2.236087594e-13,2.40553215e-13,3.130235437e-13,5.395720736e-14,2.013314117e-13,4.42607466e-14
23.0546875,4.774532606e-13,1.424924285e-13,2.853268854e-13,4.104061359e-13,1.896988304e-13,4.491500733e-13,7.876886001e-14,6.856093346e-14,3.824349455e-14,4.88536326e-13,1.595771788e-13,9.368379906e-14,2.654038912e-13,2.311262699e-13,4.068866327e-13,4.153357328e-13,4.869917505e-13,4.098550002e-13,2.253729458e-13,6.055593163e-13,1.008830391e-13,3.408748349e-14,2.996398979e-14,7.343653432e-14,9.987350736e-14,8.068233044e-14,2.238818805e-13,2.38861356e-13,3.147455699e-13,5.309881498e-14,2.000517401e-13,4.483426201e-14
23.0625,4.746239588e-13,1.393365466e-13,2.839757518e-13,4.132990864e-13,1.89135431e-13,4.515617663e-13,7.982220911e-14,6.898208162e-14,3.804030467e-14,4.850297383e-13,1.592385562e-13,9.209028486e-14,2.657419614e-13,2.335543602e-13,4.102590218e-13,4.141556316e-13,4.874023888e-13,4.07936328e-13,2.239616932e-13,6.086839744e-13,9.992151432e-14,3.412490988e-14,2.971535809e-14,7.338697722e-14,9.996094241e-14,8.022821431e-14,2.239599094e-13,2.370943343e-13,3.16353561e-13,5.220675739e-14,1.985325106e-13,4.542359105e-14
23.0703125,4.716211521e-13,1.362578393e-13,2.826305285e-13,4.161430669e-13,1.884046196e-13,4.537885943e-13,8.083085338e-14,6.943030602e-14,3.777968067e-14,4.814771528e-13,1.588839108e-13,9.050040126e-14,2.660576428e-13,2.359701576e-13,4.138623991e-13,4.133368535e-13,4.879877397e-13,4.059631493e-13,2.225757493e-13,6.119181955e-13,9.890489329e-14,3.413331983e-14,2.946734303e-14,7.33503432e-14,1.000763102e-13,7.991036841e-14,2.240594434e-13,2.352188838e-13,3.180132291e-13,5.13170388e-14,1.969914041e-13,4.602768211e-14
23.078125,4.68477721e-13,1.333510158e-13,2.816261236e-13,4.1916904e-13,1.876836335e-13,4.561527007e-13,8.184572459e-14,6.984274289e-14,3.75647315e-14,4.779739355e-13,1.587021996e-13,8.913402874e-14,2.666304663e-13,2.387280897e-13,4.177957025e-13,4.129505916e-13,4.889623349e-13,4.041404617e-13,2.21252255e-13,6.150582928e-13,9.795783609e-14,3.418000718e-14,2.922271338e-14,7.337453662e-14,1.002524196e-13,7.970061192e-14,2.244692825e-13,2.334269246e-13,3.199831181e-13,5.045334546e-14,1.957601294e-13,4.66484791e-14
23.0859375,4.649516698e-13,1.305257159e-13,2.806739708e-13,4.224110792e-13,1.869255169e-13,4.584271002e-13,8.284331292e-14,7.022499723e-14,3.740230554e-14,4.745261976e-13,1.585687069e-13,8.794044852e-14,2.673003257e-13,2.415362758e-13,4.215663914e-13,4.124507934e-13,4.896581309e-13,4.020856272e-13,2.198056763e-13,6.179644987e-13,9.705332484e-14,3.423859999e-14,2.896691059e-14,7.344876784e-14,1.003857183e-13,7.954983751e-14,2.249609059e-13,2.316825562e-13,3.221081321e-13,4.960494486e-14,1.946947042e-13,4.728917112e-14
23.09375,4.611301146e-13,1.275698283e-13,2.7962342e-13,4.256786958e-13,1.860699193e-13,4.604889532e-13,8.379830325e-14,7.066393588e-14,3.720140612e-14,4.709483919e-13,1.583989618e-13,8.671131616e-14,2.678119379e-13,2.442477387e-13,4.253015253e-13,4.119541757e-13,4.900636324e-13,3.997288227e-13,2.182010099e-13,6.20885596e-13,9.610686145e-14,3.426114281e-14,2.869230313e-14,7.349282132e-14,1.004637753e-13,7.946521694e-14,2.253839685e-13,2.297919634e-13,3.242453346e-13,4.878115073e-14,1.936120895e-13,4.793967527e-14
23.1015625,4.574508277e-13,1.247087898e-13,2.787275504e-13,4.289337305e-13,1.852232804e-13,4.626033579e-13,8.473313608e-14,7.118376267e-14,3.69543281e-14,4.672619498e-13,1.583157013e-13,8.545785928e-14,2.683124807e-13,2.471573321e-13,4.294220365e-13,4.119150596e-13,4.908362037e-13,3.975080044e-13,2.166551816e-13,6.240495229e-13,9.516117177e-14,3.428376489e-14,2.841771153e-14,7.349036701e-14,1.00579233e-13,7.949392344e-14,2.259618996e-13,2.278700055e-13,3.265932121e-13,4.799017238e-14,1.926117842e-13,4.860532409e-14
23.109375,4.538952759e-13,1.223347885e-13,2.779411232e-13,4.323068485e-13,1.843489075e-13,4.647986541e-13,8.566142142e-14,7.16965541e-14,3.673496186e-14,4.637236186e-13,1.582256793e-13,8.431804485e-14,2.69042287e-13,2.502603051e-13,4.336175496e-13,4.120935214e-13,4.918453672e-13,3.954259716e-13,2.152426461e-13,6.273502157e-13,9.424094919e-14,3.434494481e-14,2.814934911e-14,7.352325413e-14,1.007156244e-13,7.961868991e-14,2.266463593e-13,2.261903147e-13,3.292732757e-13,4.7200115e-14,1.917164887e-13,4.92823167e-14
23.1171875,4.500947478e-13,1.202704222e-13,2.770940351e-13,4.358734519e-13,1.832923463e-13,4.66974949e-13,8.657625171e-14,7.216000993e-14,3.654481323e-14,4.603632763e-13,1.579666604e-13,8.327928768e-14,2.69924636e-13,2.533186381e-13,4.376029189e-13,4.122032956e-13,4.926326069e-13,3.931210084e-13,2.138444929e-13,6.306092742e-13,9.329886491e-14,3.442123806e-14,2.786038756e-14,7.357738855e-14,1.007982833e-13,7.976552676e-14,2.272167031e-13,2.247236568e-13,3.320981468e-13,4.639063188e-14,1.908120541e-13,4.995000236e-14
23.125,4.461263384e-13,1.182033859e-13,2.76296068e-13,4.395867797e-13,1.821443809e-13,4.691703489e-13,8.745136254e-14,7.26265927e-14,3.633691348e-14,4.569951717e-13,1.577591413e-13,8.227683889e-14,2.70761634e-13,2.563498067e-13,4.41574592e-13,4.124001997e-13,4.933784624e-13,3.906126082e-13,2.124177137e-13,6.337722832e-13,9.238194598e-14,3.449182274e-14,2.753934557e-14,7.355074578e-14,1.008342188e-13,7.992574144e-14,2.278166015e-13,2.232458243e-13,3.34842962e-13,4.558592701e-14,1.899400853e-13,5.061895763e-14
23.1328125,4.421780222e-13,1.162497445e-13,2.755233229e-13,4.432321523e-13,1.810118399e-13,4.712215427e-13,8.827881601e-14,7.311064796e-14,3.612574162e-14,4.535790502e-13,1.577997937e-13,8.133653854e-14,2.715223714e-13,2.594072469e-13,4.454090481e-13,4.125539301e-13,4.941105438e-13,3.880087069e-13,2.109621778e-13,6.367109738e-13,9.154523391e-14,3.456506037e-14,2.72089785e-14,7.347023228e-14,1.008465369e-13,8.013099225e-14,2.285709869e-13,2.216354748e-13,3.375410006e-13,4.479067522e-14,1.892361863e-13,5.13056643e-14
23.140625,4.378719497e-13,1.144477271e-13,2.745442201e-13,4.466257348e-13,1.796941068e-13,4.728624393e-13,8.909265032e-14,7.359626003e-14,3.591609502e-14,4.501414837e-13,1.578222718e-13,8.042749204e-14,2.72238172e-13,2.623088726e-13,4.488385058e-13,4.123444913e-13,4.943453506e-13,3.850891191e-13,2.093856274e-13,6.394089991e-13,9.067309494e-14,3.462104687e-14,2.689325305e-14,7.341848447e-14,1.008269819e-13,8.035984372e-14,2.293024432e-13,2.19830886e-13,3.403500841e-13,4.396811859e-14,1.886230767e-13,5.200147187e-14
23.1484375,4.329762743e-13,1.125911532e-13,2.733146609e-13,4.499415824e-13,1.780993376e-13,4.74165889e-13,8.987281583e-14,7.412122508e-14,3.565787953e-14,4.465985909e-13,1.575744888e-13,7.945534909e-14,2.728816077e-13,2.648877376e-13,4.520075832e-13,4.119078328e-13,4.940698995e-13,3.817693665e-13,2.076501071e-13,6.422037425e-13,8.96779356e-14,3.462465356e-14,2.659574008e-14,7.335110878e-14,1.00767268e-13,8.059945118e-14,2.299681452e-13,2.178504773e-13,3.431600709e-13,4.310484132e-14,1.878742318e-13,5.270000616e-14
23.15625,4.279905137e-13,1.108051824e-13,2.719602807e-13,4.53491243e-13,1.765029061e-13,4.754091669e-13,9.057384025e-14,7.46998183e-14,3.538548038e-14,4.429673457e-13,1.57218364e-13,7.849612912e-14,2.735211813e-13,2.673073271e-13,4.550565091e-13,4.114952514e-13,4.937552833e-13,3.783100292e-13,2.059046426e-13,6.451453725e-13,8.86980169e-14,3.461534772e-14,2.630049296e-14,7.325308031e-14,1.006592273e-13,8.087484394e-14,2.306791715e-13,2.159081992e-13,3.458223876e-13,4.222103557e-14,1.870016026e-13,5.339911958e-14
23.1640625,4.232551683e-13,1.09377736e-13,2.706412181e-13,4.572525646e-13,1.750632022e-13,4.767197551e-13,9.125283607e-14,7.528338925e-14,3.519525727e-14,4.394281756e-13,1.569927766e-13,7.770545237e-14,2.742944704e-13,2.698484967e-13,4.579709446e-13,4.111103959e-13,4.935060457e-13,3.74884394e-13,2.042969237e-13,6.478311832e-13,8.784254697e-14,3.46620513e-14,2.59932135e-14,7.322590956e-14,1.005209756e-13,8.11717403e-14,2.314085764e-13,2.141751668e-13,3.485701703e-13,4.133263697e-14,1.86222561e-13,5.411972485e-14
23.171875,4.185667904e-13,1.081572317e-13,2.694503511e-13,4.609599121e-13,1.736319642e-13,4.780308803e-13,9.195218358e-14,7.584464799e-14,3.505623121e-14,4.359952714e-13,1.56904978e-13,7.701996125e-14,2.751246588e-13,2.72454961e-13,4.608418815e-13,4.107782443e-13,4.931669747e-13,3.71443739e-13,2.027663974e-13,6.503244091e-13,8.699109456e-14,3.473804688e-14,2.568391803e-14,7.323877376e-14,1.003870351e-13,8.146959234e-14,2.321009207e-13,2.125447303e-13,3.515692206e-13,4.045191024e-14,1.855416534e-13,5.489486633e-14
23.1796875,4.138419634e-13,1.068430017e-13,2.682660301e-13,4.645579632e-13,1.721255536e-13,4.792091353e-13,9.260721186e-14,7.639287686e-14,3.48775696e-14,4.324702388e-13,1.568438022e-13,7.629012582e-14,2.758401484e-13,2.749268021e-13,4.636894199e-13,4.105400771e-13,4.92770426e-13,3.679458239e-13,2.011790934e-13,6.530276962e-13,8.604692449e-14,3.478570603e-14,2.539225443e-14,7.316922522e-14,1.002467575e-13,8.179548788e-14,2.327799287e-13,2.108476492e-13,3.546467529e-13,3.958286004e-14,1.848039108e-13,5.568499867e-14
23.1875,4.090861462e-13,1.054962515e-13,2.670014761e-13,4.682380543e-13,1.705921737e-13,4.801978028e-13,9.320976494e-14,7.697126657e-14,3.468536939e-14,4.288203111e-13,1.567385905e-13,7.55633583e-14,2.765145716e-13,2.773369731e-13,4.664774099e-13,4.103580634e-13,4.923513807e-13,3.644217462e-13,1.995400027e-13,6.55819065e-13,8.509354538e-14,3.482663269e-14,2.511439739e-14,7.307514955e-14,1.000846957e-13,8.21792029e-14,2.334932173e-13,2.091078986e-13,3.577595593e-13,3.872698701e-14,1.840372578e-13,5.643432859e-14
23.1953125,4.041216106e-13,1.042733332e-13,2.658053943e-13,4.720487179e-13,1.689982504e-13,4.810787142e-13,9.381448515e-14,7.762681352e-14,3.452415372e-14,4.252489837e-13,1.565610245e-13,7.493495289e-14,2.772945144e-13,2.797778889e-13,4.693115392e-13,4.103065741e-13,4.918560798e-13,3.608634728e-13,1.978996028e-13,6.584602445e-13,8.416321492e-14,3.48822296e-14,2.482597901e-14,7.300670323e-14,9.992335871e-14,8.263791764e-14,2.342702081e-13,2.074515805e-13,3.608913807e-13,3.790592384e-14,1.833442981e-13,5.717163036e-14
23.203125,3.989735888e-13,1.031548577e-13,2.647256333e-13,4.758314812e-13,1.672735947e-13,4.819557405e-13,9.440370726e-14,7.827493972e-14,3.434431027e-14,4.218194375e-13,1.563056557e-13,7.435968415e-14,2.781403512e-13,2.821965249e-13,4.721921209e-13,4.104292177e-13,4.913311536e-13,3.572080583e-13,1.962322607e-13,6.609878196e-13,8.31713639e-14,3.492543342e-14,2.452223935e-14,7.284044542e-14,9.97627673e-14,8.316366794e-14,2.350417838e-13,2.058994547e-13,3.638630555e-13,3.712263696e-14,1.827174918e-13,5.790656356e-14
23.2109375,3.938828403e-13,1.021353624e-13,2.636284195e-13,4.795060634e-13,1.65432755e-13,4.828119889e-13,9.494607095e-14,7.878772659e-14,3.413238708e-14,4.183616687e-13,1.560329936e-13,7.381682487e-14,2.789990125e-13,2.846655141e-13,4.749281181e-13,4.105250205e-13,4.908411161e-13,3.534743493e-13,1.945478073e-13,6.631847711e-13,8.214425539e-14,3.496542927e-14,2.422416535e-14,7.26116895e-14,9.957806359e-14,8.370164723e-14,2.357539854e-13,2.04377685e-13,3.668195393e-13,3.635193275e-14,1.821729081e-13,5.859176682e-14
23.21875,3.889555696e-13,1.012011853e-13,2.62480661e-13,4.830755722e-13,1.635513521e-13,4.835602036e-13,9.545605067e-14,7.924275927e-14,3.396658927e-14,4.148243818e-13,1.558239014e-13,7.337644021e-14,2.798750963e-13,2.872237759e-13,4.774048234e-13,4.104663256e-13,4.903272179e-13,3.497434183e-13,1.928935507e-13,6.64859934e-13,8.120542767e-14,3.503541233e-14,2.393687906e-14,7.249632523e-14,9.936759314e-14,8.422468372e-14,2.364710096e-13,2.028780527e-13,3.700100428e-13,3.559931124e-14,1.817663309e-13,5.924046243e-14
23.2265625,3.841720134e-13,1.002754721e-13,2.613444534e-13,4.865726926e-13,1.617307577e-13,4.841566357e-13,9.59383544e-14,7.976408756e-14,3.386727709e-14,4.113480425e-13,1.556575152e-13,7.302507424e-14,2.80717178e-13,2.897526003e-13,4.79653889e-13,4.103691989e-13,4.896797697e-13,3.460116305e-13,1.912301441e-13,6.663892777e-13,8.034848184e-14,3.512291407e-14,2.36530151e-14,7.241964386e-14,9.913843779e-14,8.476703382e-14,2.371465555e-13,2.014411909e-13,3.732516974e-13,3.488088416e-14,1.814934833e-13,5.988792863e-14
23.234375,3.793312787e-13,9.948440104e-14,2.602691591e-13,4.902161263e-13,1.600103549e-13,4.845940642e-13,9.639195843e-14,8.028220008e-14,3.376237468e-14,4.079316403e-13,1.554807531e-13,7.268977947e-14,2.815425918e-13,2.923302697e-13,4.818472272e-13,4.103340519e-13,4.888621578e-13,3.422709426e-13,1.895190255e-13,6.68128814e-13,7.94673346e-14,3.520558523e-14,2.33842867e-14,7.224037884e-14,9.889659019e-14,8.535895706e-14,2.37718013e-13,2.000329415e-13,3.764652341e-13,3.418553724e-14,1.813477239e-13,6.052710028e-14
23.2421875,3.741507345e-13,9.90091917e-14,2.591969516e-13,4.941932842e-13,1.582528331e-13,4.848993242e-13,9.68144029e-14,8.075283398e-14,3.362500047e-14,4.044306605e-13,1.553174008e-13,7.237937879e-14,2.82461365e-13,2.950059704e-13,4.841239787e-13,4.10363097e-13,4.879511609e-13,3.385217144e-13,1.877902323e-13,6.700221832e-13,7.853247318e-14,3.528861639e-14,2.313213929e-14,7.20720919e-14,9.864891977e-14,8.600499495e-14,2.383890812e-13,1.986013235e-13,3.798611661e-13,3.349941522e-14,1.812851021e-13,6.117361988e-14
23.25,3.687320011e-13,9.867387557e-14,2.579048442e-13,4.982793113e-13,1.562945298e-13,4.851164307e-13,9.717927787e-14,8.12505811e-14,3.350167282e-14,4.008748268e-13,1.551435239e-13,7.211351971e-14,2.834467784e-13,2.974218798e-13,4.862100919e-13,4.103264474e-13,4.869509521e-13,3.346287505e-13,1.860319588e-13,6.719216001e-13,7.757992624e-14,3.537697204e-14,2.287705714e-14,7.202560253e-14,9.838457494e-14,8.666454054e-14,2.392142069e-13,1.971568127e-13,3.833240265e-13,3.279832181e-14,1.811832418e-13,6.183645313e-14
23.2578125,3.633827238e-13,9.825435147e-14,2.563816546e-13,5.021303086e-13,1.542110863e-13,4.851928481e-13,9.747450972e-14,8.172273098e-14,3.341084038e-14,3.973781973e-13,1.548737687e-13,7.186107228e-14,2.843797355e-13,2.994337917e-13,4.877034243e-13,4.099481604e-13,4.856702012e-13,3.305517162e-13,1.842231856e-13,6.736184749e-13,7.664420038e-14,3.546597862e-14,2.262708328e-14,7.201247324e-14,9.808795741e-14,8.727393952e-14,2.398610524e-13,1.957283624e-13,3.866440689e-13,3.207875469e-14,1.810629987e-13,6.248028248e-14
23.265625,3.581163731e-13,9.785799627e-14,2.549357504e-13,5.057367957e-13,1.52209056e-13,4.850362374e-13,9.772376295e-14,8.208232658e-14,3.333460824e-14,3.938875331e-13,1.545605491e-13,7.163050658e-14,2.8524594e-13,3.014542086e-13,4.887166179e-13,4.091955593e-13,4.840465459e-13,3.264818964e-13,1.823899551e-13,6.74893608e-13,7.576512696e-14,3.555544504e-14,2.240460899e-14,7.194036386e-14,9.775406263e-14,8.785521257e-14,2.402339746e-13,1.94339989e-13,3.899126664e-13,3.139843981e-14,1.810796199e-13,6.31038478e-14
23.2734375,3.52862148e-13,9.757965705e-14,2.535711446e-13,5.092227734e-13,1.503265303e-13,4.846668323e-13,9.796254421e-14,8.241221445e-14,3.327787988e-14,3.903481147e-13,1.543317191e-13,7.145711555e-14,2.860870617e-13,3.036965373e-13,4.896050424e-13,4.083485064e-13,4.822899846e-13,3.224387332e-13,1.805255417e-13,6.757631983e-13,7.494074175e-14,3.565075206e-14,2.220113973e-14,7.182400866e-14,9.739074031e-14,8.845664236e-14,2.406017205e-13,1.929597408e-13,3.931589024e-13,3.076109226e-14,1.812190812e-13,6.37227914e-14
23.28125,3.476687051e-13,9.734992985e-14,2.520178025e-13,5.125604497e-13,1.484495505e-13,4.841286255e-13,9.820658878e-14,8.276618245e-14,3.323899631e-14,3.868126425e-13,1.541974847e-13,7.131898404e-14,2.869266134e-13,3.058848988e-13,4.904064247e-13,4.07460639e-13,4.804782973e-13,3.182478176e-13,1.786531803e-13,6.763891149e-13,7.409902446e-14,3.575404666e-14,2.200021347e-14,7.172718226e-14,9.702980383e-14,8.904231042e-14,2.410438959e-13,1.915040919e-13,3.963696835e-13,3.009268448e-14,1.81404736e-13,6.432561544e-14
23.2890625,3.424741379e-13,9.717240614e-14,2.50390894e-13,5.157332074e-13,1.465068643e-13,4.834163258e-13,9.841811562e-14,8.308690822e-14,3.318895199e-14,3.832569837e-13,1.541029885e-13,7.118211909e-14,2.877569356e-13,3.078079762e-13,4.910127686e-13,4.063692909e-13,4.784525021e-13,3.139015803e-13,1.768431104e-13,6.769277245e-13,7.321619185e-14,3.585790099e-14,2.179857084e-14,7.167296639e-14,9.66792497e-14,8.961354603e-14,2.414345683e-13,1.900143514e-13,3.996664093e-13,2.940606311e-14,1.817023378e-13,6.492017284e-14
23.296875,3.371994028e-13,9.701536558e-14,2.489054217e-13,5.188294289e-13,1.445007939e-13,4.8257115e-13,9.855330907e-14,8.338203577e-14,3.313249678e-14,3.796534552e-13,1.539737879e-13,7.105553328e-14,2.885180064e-13,3.095301843e-13,4.913922695e-13,4.051557731e-13,4.762016584e-13,3.094701288e-13,1.750367e-13,6.774289235e-13,7.23590325e-14,3.595315543e-14,2.159598154e-14,7.162152838e-14,9.629740071e-14,9.022596674e-14,2.417154397e-13,1.886284222e-13,4.029773937e-13,2.87704445e-14,1.820596837e-13,6.549794094e-14
23.3046875,3.319784228e-13,9.682572841e-14,2.47420087e-13,5.218566739e-13,1.424583748e-13,4.816622281e-13,9.862826236e-14,8.367518216e-14,3.310118974e-14,3.760975142e-13,1.537272496e-13,7.096744304e-14,2.892352727e-13,3.112031272e-13,4.915462688e-13,4.040416264e-13,4.739610691e-13,3.050113741e-13,1.731683005e-13,6.777761812e-13,7.155769285e-14,3.604535046e-14,2.140083485e-14,7.157937868e-14,9.588507219e-14,9.08433885e-14,2.41891939e-13,1.873539087e-13,4.061869573e-13,2.817626994e-14,1.823548101e-13,6.602432391e-14
23.3125,3.269573313e-13,9.675995427e-14,2.458889355e-13,5.247375436e-13,1.403990787e-13,4.807210028e-13,9.866701872e-14,8.394332256e-14,3.308785433e-14,3.726055034e-13,1.534171374e-13,7.094323061e-14,2.900298586e-13,3.129196008e-13,4.916049048e-13,4.031205757e-13,4.718737231e-13,3.006413161e-13,1.713460718e-13,6.779735155e-13,7.078154688e-14,3.615148593e-14,2.121765828e-14,7.157597245e-14,9.548787185e-14,9.144391726e-14,2.420620999e-13,1.861248247e-13,4.09443597e-13,2.760225146e-14,1.827772106e-13,6.653405007e-14
23.3203125,3.220266262e-13,9.685984183e-14,2.444594111e-13,5.274929891e-13,1.383007016e-13,4.7972621e-13,9.86710151e-14,8.421588754e-14,3.307159475e-14,3.690914733e-13,1.531806026e-13,7.097649445e-14,2.908436417e-13,3.146080291e-13,4.916943366e-13,4.023510104e-13,4.69770643e-13,2.963160736e-13,1.695899004e-13,6.781635676e-13,7.002138804e-14,3.627319249e-14,2.103658081e-14,7.155150987e-14,9.509486215e-14,9.210473829e-14,2.423019668e-13,1.849240002e-13,4.127729889e-13,2.705316718e-14,1.834767358e-13,6.706003708e-14
23.328125,3.169942704e-13,9.690600995e-14,2.430563893e-13,5.302215073e-13,1.361727358e-13,4.785863683e-13,9.86638775e-14,8.451349375e-14,3.306667004e-14,3.655406907e-13,1.530670402e-13,7.103440397e-14,2.915479994e-13,3.161831774e-13,4.916928944e-13,4.015895738e-13,4.675054196e-13,2.919636766e-13,1.677755439e-13,6.782504365e-13,6.927455863e-14,3.639467439e-14,2.087051345e-14,7.148523742e-14,9.46951158e-14,9.281475624e-14,2.424588238e-13,1.836920035e-13,4.160650715e-13,2.651385961e-14,1.842273799e-13,6.754688648e-14
23.3359375,3.11998531e-13,9.691703427e-14,2.415988419e-13,5.328948487e-13,1.341286995e-13,4.772510585e-13,9.865952427e-14,8.479226645e-14,3.308953033e-14,3.619312634e-13,1.5310729e-13,7.112586304e-14,2.922692884e-13,3.17762647e-13,4.914876079e-13,4.00817741e-13,4.6534475e-13,2.878290943e-13,1.659582539e-13,6.780745128e-13,6.853791934e-14,3.651487349e-14,2.075318699e-14,7.144963805e-14,9.434977775e-14,9.349206752e-14,2.424386487e-13,1.823763386e-13,4.194545846e-13,2.601049226e-14,1.850017529e-13,6.798171829e-14
23.34375,3.073761734e-13,9.707092725e-14,2.401975578e-13,5.353403381e-13,1.322321572e-13,4.757926575e-13,9.862845339e-14,8.50433535e-14,3.313191714e-14,3.582596378e-13,1.532679673e-13,7.128378205e-14,2.931165356e-13,3.19464257e-13,4.911490359e-13,4.001930893e-13,4.635325683e-13,2.840349849e-13,1.642619856e-13,6.776737665e-13,6.784069521e-14,3.664798617e-14,2.068279646e-14,7.144085734e-14,9.406688145e-14,9.415560461e-14,2.423979714e-13,1.81095383e-13,4.229788516e-13,2.558746676e-14,1.860704991e-13,6.840555205e-14
23.3515625,3.030775969e-13,9.728355726e-14,2.388520512e-13,5.375480237e-13,1.303952579e-13,4.743082499e-13,9.855335287e-14,8.525863311e-14,3.319260927e-14,3.546927312e-13,1.533441469e-13,7.149313792e-14,2.939544481e-13,3.212339893e-13,4.906845184e-13,3.996520628e-13,4.617775528e-13,2.80283353e-13,1.626094719e-13,6.770798839e-13,6.71742329e-14,3.679913895e-14,2.062251086e-14,7.143180652e-14,9.375759607e-14,9.482676158e-14,2.423396468e-13,1.800344983e-13,4.263904729e-13,2.521165343e-14,1.873724788e-13,6.878946062e-14
23.359375,2.988085454e-13,9.748744579e-14,2.375348951e-13,5.397582722e-13,1.285837523e-13,4.728868823e-13,9.844974391e-14,8.540150812e-14,3.328727571e-14,3.51295783e-13,1.532719977e-13,7.17364832e-14,2.947729113e-13,3.23043503e-13,4.90036313e-13,3.98955121e-13,4.597741845e-13,2.764371589e-13,1.609236355e-13,6.763819512e-13,6.649876757e-14,3.697282735e-14,2.055064671e-14,7.145895076e-14,9.338810398e-14,9.544866097e-14,2.420974491e-13,1.791967189e-13,4.296749669e-13,2.485697166e-14,1.886740072e-13,6.911780097e-14
23.3671875,2.946041021e-13,9.776364086e-14,2.363496704e-13,5.419762866e-13,1.268914816e-13,4.715430309e-13,9.832645006e-14,8.550912711e-14,3.341391219e-14,3.478432678e-13,1.532377094e-13,7.203516942e-14,2.956944499e-13,3.249150078e-13,4.891941748e-13,3.981063636e-13,4.576843885e-13,2.726764062e-13,1.592651014e-13,6.756724593e-13,6.58442263e-14,3.71705627e-14,2.047664377e-14,7.148753861e-14,9.301517037e-14,9.601646998e-14,2.417580364e-13,1.783934995e-13,4.330365782e-13,2.454868907e-14,1.900284069e-13,6.944492511e-14
23.375,2.905517362e-13,9.804173988e-14,2.35233881e-13,5.439139395e-13,1.253067362e-13,4.701151186e-13,9.816116645e-14,8.562107759e-14,3.355440203e-14,3.442125881e-13,1.532667919e-13,7.238389515e-14,2.966500771e-13,3.267908366e-13,4.881027978e-13,3.972030014e-13,4.556653049e-13,2.690465799e-13,1.576571971e-13,6.746624872e-13,6.521310105e-14,3.737872384e-14,2.042669228e-14,7.148402497e-14,9.266928018e-14,9.657610209e-14,2.414773306e-13,1.775274928e-13,4.364788058e-13,2.426494919e-14,1.915244611e-13,6.976679659e-14
23.3828125,2.864613524e-13,9.826585618e-14,2.339797862e-13,5.456229991e-13,1.236913e-13,4.684663837e-13,9.7921577e-14,8.570219484e-14,3.371784982e-14,3.405572452e-13,1.532250615e-13,7.274159038e-14,2.975464507e-13,3.285806125e-13,4.867011189e-13,3.961729587e-13,4.535591352e-13,2.654003124e-13,1.560483932e-13,6.731324145e-13,6.45416292e-14,3.759634782e-14,2.04169394e-14,7.154750986e-14,9.231831175e-14,9.711160016e-14,2.41136507e-13,1.767066226e-13,4.398657818e-13,2.398298983e-14,1.931528593e-13,7.006000774e-14
23.390625,2.823530368e-13,9.850299433e-14,2.325612002e-13,5.472987602e-13,1.219954336e-13,4.666276294e-13,9.762678291e-14,8.577580525e-14,3.392128273e-14,3.369893483e-13,1.531315604e-13,7.308198449e-14,2.983622706e-13,3.301504413e-13,4.849664242e-13,3.949546238e-13,4.512134835e-13,2.615852625e-13,1.543711769e-13,6.714061972e-13,6.38916991e-14,3.782341714e-14,2.042593027e-14,7.169579696e-14,9.192530062e-14,9.757887088e-14,2.406074507e-13,1.759528571e-13,4.430595954e-13,2.374157145e-14,1.949528702e-13,7.038492569e-14
23.3984375,2.784841515e-13,9.86972286e-14,2.311161605e-13,5.486558787e-13,1.202646218e-13,4.646286158e-13,9.733781745e-14,8.589215625e-14,3.41339924e-14,3.334694879e-13,1.53053901e-13,7.339888999e-14,2.990020094e-13,3.314341843e-13,4.829302309e-13,3.936523397e-13,4.487139661e-13,2.57629566e-13,1.525975355e-13,6.696975661e-13,6.334672429e-14,3.803038622e-14,2.042158024e-14,7.180112504e-14,9.150044093e-14,9.79946921e-14,2.399626389e-13,1.7514967e-13,4.460202759e-13,2.355319871e-14,1.96901846e-13,7.075915453e-14
23.40625,2.747688234e-13,9.887458795e-14,2.298030218e-13,5.495661493e-13,1.18536853e-13,4.625242289e-13,9.705894208e-14,8.597884462e-14,3.431787793e-14,3.299325617e-13,1.530295909e-13,7.371824702e-14,2.995579173e-13,3.326983929e-13,4.808118297e-13,3.924205023e-13,4.462877363e-13,2.538178517e-13,1.508383011e-13,6.678237958e-13,6.279209983e-14,3.822108906e-14,2.041398336e-14,7.185053003e-14,9.109455414e-14,9.840895859e-14,2.392770171e-13,1.743753736e-13,4.489623981e-13,2.340929121e-14,1.98989672e-13,7.110023856e-14
23.4140625,2.710050374e-13,9.921598336e-14,2.286632128e-13,5.505104717e-13,1.168504215e-13,4.604792261e-13,9.673872544e-14,8.596222593e-14,3.449265108e-14,3.26346862e-13,1.531339288e-13,7.408962558e-14,3.002965123e-13,3.342159909e-13,4.787376424e-13,3.912137974e-13,4.440120132e-13,2.502709239e-13,1.492179769e-13,6.656761984e-13,6.216637399e-14,3.844977956e-14,2.04294593e-14,7.194509065e-14,9.072217943e-14,9.881208814e-14,2.385363707e-13,1.738034021e-13,4.520114791e-13,2.332665851e-14,2.013397524e-13,7.137627437e-14
23.421875,2.673835377e-13,9.962873592e-14,2.275553711e-13,5.516021693e-13,1.152537702e-13,4.58534876e-13,9.637320606e-14,8.588899367e-14,3.469508329e-14,3.227711942e-13,1.532831881e-13,7.451418021e-14,3.011467432e-13,3.358554552e-13,4.764876094e-13,3.898419263e-13,4.417313365e-13,2.467563789e-13,1.476716367e-13,6.632663992e-13,6.160015978e-14,3.87240865e-14,2.045667554e-14,7.209608374e-14,9.034228327e-14,9.915211999e-14,2.37699837e-13,1.733449649e-13,4.549480305e-13,2.328202092e-14,2.039394614e-13,7.163314004e-14
23.4296875,2.641152079e-13,9.991812916e-14,2.264201452e-13,5.523766529e-13,1.137993184e-13,4.565186811e-13,9.601148845e-14,8.580487084e-14,3.492486966e-14,3.192635535e-13,1.533057964e-13,7.494324778e-14,3.01883712e-13,3.37490732e-13,4.74026839e-13,3.883852873e-13,4.393617848e-13,2.432106694e-13,1.460890448e-13,6.607043583e-13,6.110037835e-14,3.900177144e-14,2.048002289e-14,7.224533564e-14,8.994821107e-14,9.944214265e-14,2.36753436e-13,1.728115023e-13,4.577326393e-13,2.324358967e-14,2.066400541e-13,7.189850582e-14
23.4375,2.610553476e-13,1.001974631e-13,2.253562916e-13,5.527427651e-13,1.124888146e-13,4.543315938e-13,9.567190366e-14,8.57022323e-14,3.516788903e-14,3.157020141e-13,1.532927874e-13,7.535747477e-14,3.026045075e-13,3.392222172e-13,4.715785804e-13,3.87042451e-13,4.369414517e-13,2.398002507e-13,1.445018113e-13,6.581334954e-13,6.056683673e-14,3.927347733e-14,2.051919414e-14,7.237398995e-14,8.95733978e-14,9.972507109e-14,2.357370966e-13,1.722167056e-13,4.605826626e-13,2.324740879e-14,2.094521514e-13,7.217341719e-14
23.4453125,2.580552436e-13,1.005908704e-13,2.243524986e-13,5.530167529e-13,1.112054163e-13,4.521479224e-13,9.532464918e-14,8.558222812e-14,3.542855967e-14,3.119869612e-13,1.533864767e-13,7.579304088e-14,3.034696993e-13,3.41018013e-13,4.690097418e-13,3.856846205e-13,4.3446453e-13,2.365003485e-13,1.429823582e-13,6.552887571e-13,6.005401698e-14,3.956751146e-14,2.058662307e-14,7.251262886e-14,8.920783834e-14,9.996114098e-14,2.346461582e-13,1.717200675e-13,4.634121756e-13,2.331258454e-14,2.124995434e-13,7.244447298e-14
23.453125,2.552209849e-13,1.010754245e-13,2.23336172e-13,5.532832084e-13,1.098786693e-13,4.501352863e-13,9.493752302e-14,8.543070826e-14,3.57221526e-14,3.082960583e-13,1.534862879e-13,7.630148987e-14,3.044504557e-13,3.428396374e-13,4.661254134e-13,3.84204381e-13,4.320112791e-13,2.332470331e-13,1.415316969e-13,6.5184754e-13,5.961720582e-14,3.990550755e-14,2.066567785e-14,7.270719637e-14,8.882431491e-14,1.001085569e-13,2.33428327e-13,1.714433205e-13,4.660853927e-13,2.340710725e-14,2.158473563e-13,7.267968766e-14
23.4609375,2.526517789e-13,1.017059552e-13,2.222736752e-13,5.53363125e-13,1.085993342e-13,4.480528898e-13,9.448724352e-14,8.521286772e-14,3.603894624e-14,3.047796734e-13,1.53521682e-13,7.686789069e-14,3.054596323e-13,3.447360219e-13,4.63106145e-13,3.827353811e-13,4.296414938e-13,2.300938065e-13,1.400944454e-13,6.481110892e-13,5.91713671e-14,4.026297382e-14,2.074682502e-14,7.296716224e-14,8.842877866e-14,1.002317449e-13,2.321436902e-13,1.713048032e-13,4.688197919e-13,2.352750806e-14,2.193989046e-13,7.287310939e-14
23.46875,2.502424438e-13,1.024783817e-13,2.21114844e-13,5.531928592e-13,1.073979465e-13,4.456084311e-13,9.396478232e-14,8.494733708e-14,3.634921107e-14,3.012910536e-13,1.535773275e-13,7.740884853e-14,3.06402877e-13,3.465233254e-13,4.600250202e-13,3.812549729e-13,4.271795451e-13,2.269859115e-13,1.386319771e-13,6.44428899e-13,5.868080684e-14,4.059769615e-14,2.083376257e-14,7.327266895e-14,8.802466358e-14,1.003849581e-13,2.308632684e-13,1.711252842e-13,4.716615568e-13,2.36897965e-14,2.229903147e-13,7.305938672e-14
23.4765625,2.478656714e-13,1.032725864e-13,2.200096068e-13,5.530101175e-13,1.062142447e-13,4.430518756e-13,9.340598783e-14,8.467781306e-14,3.666646426e-14,2.977111771e-13,1.536880008e-13,7.792941823e-14,3.073137395e-13,3.481496073e-13,4.568417867e-13,3.797569813e-13,4.246073835e-13,2.239132608e-13,1.371971488e-13,6.406561062e-13,5.819629859e-14,4.0941699e-14,2.093088291e-14,7.363304732e-14,8.762221979e-14,1.005163405e-13,2.295270469e-13,1.709512231e-13,4.743863436e-13,2.390470762e-14,2.267604852e-13,7.325671432e-14
23.484375,2.455342928e-13,1.040818906e-13,2.19179749e-13,5.529236932e-13,1.050809141e-13,4.406878939e-13,9.284880269e-14,8.437719006e-14,3.702028402e-14,2.941394184e-13,1.538703607e-13,7.851926261e-14,3.08324654e-13,3.499365658e-13,4.537254637e-13,3.784097756e-13,4.221237559e-13,2.210049367e-13,1.358363915e-13,6.366423279e-13,5.774438041e-14,4.134142751e-14,2.104317527e-14,7.403883343e-14,8.724597277e-14,1.005838509e-13,2.281270229e-13,1.70892348e-13,4.770457597e-13,2.418910948e-14,2.309097414e-13,7.343161017e-14
23.4921875,2.432917608e-13,1.049258598e-13,2.184654509e-13,5.525801384e-13,1.040254027e-13,4.383129101e-13,9.22847252e-14,8.400405328e-14,3.737318902e-14,2.906266306e-13,1.541647258e-13,7.914106327e-14,3.093547992e-13,3.518973828e-13,4.506435681e-13,3.771177931e-13,4.19643156e-13,2.182207096e-13,1.344753428e-13,6.32374596e-13,5.734841074e-14,4.173788515e-14,2.116461071e-14,7.441562153e-14,8.68847071e-14,1.00622518e-13,2.267152517e-13,1.708267164e-13,4.797334579e-13,2.453531057e-14,2.351869567e-13,7.354083315e-14
23.5,2.41177549e-13,1.057763632e-13,2.176835905e-13,5.518309982e-13,1.030239677e-13,4.357741235e-13,9.172596822e-14,8.361821825e-14,3.769852436e-14,2.871324503e-13,1.544801193e-13,7.97046023e-14,3.103316875e-13,3.538228226e-13,4.473995291e-13,3.757621167e-13,4.170601011e-13,2.155143917e-13,1.330713024e-13,6.278411448e-13,5.703097399e-14,4.208863547e-14,2.129079818e-14,7.475013464e-14,8.654390891e-14,1.006492268e-13,2.252402481e-13,1.707150071e-13,4.823018278e-13,2.492452043e-14,2.394791813e-13,7.361159454e-14
23.5078125,2.393152169e-13,1.066641113e-13,2.16961697e-13,5.509997235e-13,1.021293866e-13,4.332331746e-13,9.118487652e-14,8.330036993e-14,3.805628291e-14,2.836907859e-13,1.546517693e-13,8.027060932e-14,3.114529824e-13,3.558231289e-13,4.44055647e-13,3.745075567e-13,4.145757649e-13,2.130211137e-13,1.317036262e-13,6.232354821e-13,5.675910145e-14,4.246796258e-14,2.143915654e-14,7.514083419e-14,8.626349672e-14,1.006234076e-13,2.237003759e-13,1.707028258e-13,4.848033285e-13,2.535089592e-14,2.441557629e-13,7.372167711e-14
23.515625,2.37743817e-13,1.075326486e-13,2.162509015e-13,5.500961491e-13,1.013251019e-13,4.306863602e-13,9.058306887e-14,8.300476922e-14,3.846414009e-14,2.803197391e-13,1.546831029e-13,8.088691936e-14,3.127148913e-13,3.578215533e-13,4.405501642e-13,3.732383294e-13,4.121644895e-13,2.106420957e-13,1.304017525e-13,6.186834958e-13,5.648045026e-14,4.290167937e-14,2.160706022e-14,7.562501606e-14,8.599184156e-14,1.005179821e-13,2.221651794e-13,1.707355876e-13,4.87390384e-13,2.57948504e-14,2.49153856e-13,7.385711819e-14
23.5234375,2.362646671e-13,1.083079298e-13,2.154121562e-13,5.488622738e-13,1.004847701e-13,4.280420707e-13,8.989590766e-14,8.262856106e-14,3.884850126e-14,2.769614069e-13,1.547741027e-13,8.147208358e-14,3.138657913e-13,3.595390014e-13,4.36721193e-13,3.716966096e-13,4.096127806e-13,2.081512639e-13,1.291174527e-13,6.139195042e-13,5.620043601e-14,4.331826293e-14,2.176118828e-14,7.61191095e-14,8.566088906e-14,1.003624244e-13,2.205505028e-13,1.70705612e-13,4.89919049e-13,2.626970725e-14,2.540614832e-13,7.391130113e-14
23.53125,2.347217534e-13,1.092052976e-13,2.146481489e-13,5.474360504e-13,9.964087195e-14,4.253608566e-13,8.9239737e-14,8.217794263e-14,3.919136189e-14,2.735963386e-13,1.550946955e-13,8.203777789e-14,3.149546242e-13,3.612508984e-13,4.328592533e-13,3.701117957e-13,4.070910534e-13,2.057068473e-13,1.278491773e-13,6.087888422e-13,5.59774196e-14,4.370628344e-14,2.190467331e-14,7.657884569e-14,8.534783633e-14,1.002075532e-13,2.188093001e-13,1.70740966e-13,4.923568356e-13,2.68248524e-14,2.591009224e-13,7.386988921e-14
23.5390625,2.332342742e-13,1.103906821e-13,2.14073929e-13,5.460286824e-13,9.89253735e-14,4.226515205e-13,8.864349033e-14,8.174189926e-14,3.955779434e-14,2.702123102e-13,1.555840318e-13,8.268967057e-14,3.16162483e-13,3.633012976e-13,4.29175628e-13,3.686906943e-13,4.047920065e-13,2.035171022e-13,1.266084315e-13,6.034897258e-13,5.582607323e-14,4.412273774e-14,2.206462947e-14,7.705787764e-14,8.511015457e-14,1.000495167e-13,2.171255932e-13,1.709128253e-13,4.949204277e-13,2.744190746e-14,2.646465921e-13,7.382366648e-14
23.546875,2.319817246e-13,1.11634661e-13,2.135415093e-13,5.44541394e-13,9.833009119e-14,4.199240444e-13,8.801685874e-14,8.133242763e-14,3.997499021e-14,2.668055674e-13,1.560390808e-13,8.340771456e-14,3.174202485e-13,3.654560776e-13,4.25385162e-13,3.672476568e-13,4.025572836e-13,2.014816952e-13,1.253777048e-13,5.980825018e-13,5.568668977e-14,4.458261896e-14,2.222819227e-14,7.759528521e-14,8.486750538e-14,9.98247272e-14,2.155807065e-13,1.711479884e-13,4.97547365e-13,2.808863354e-14,2.704776266e-13,7.379878467e-14
23.5546875,2.309334407e-13,1.127761282e-13,2.130691828e-13,5.428513122e-13,9.77548605e-14,4.172731458e-13,8.735403687e-14,8.086375117e-14,4.039836176e-14,2.634875258e-13,1.563658408e-13,8.409573689e-14,3.186530153e-13,3.674903915e-13,4.214140105e-13,3.657498049e-13,4.002939834e-13,1.995394863e-13,1.241647333e-13,5.923502005e-13,5.552418806e-14,4.504833053e-14,2.238383504e-14,7.815048546e-14,8.459575059e-14,9.951576493e-14,2.14024123e-13,1.714480403e-13,5.000036636e-13,2.879799648e-14,2.763483321e-13,7.374888427e-14
23.5625,2.299369746e-13,1.139525245e-13,2.127260829e-13,5.409533658e-13,9.712038845e-14,4.146788164e-13,8.668808727e-14,8.029672925e-14,4.078670665e-14,2.603189981e-13,1.566483195e-13,8.473867129e-14,3.199146856e-13,3.694763187e-13,4.174502062e-13,3.642898942e-13,3.980468191e-13,1.977322357e-13,1.229832799e-13,5.861435143e-13,5.536518437e-14,4.549241713e-14,2.255508831e-14,7.867351417e-14,8.43461532e-14,9.916431444e-14,2.123566468e-13,1.718155268e-13,5.023255392e-13,2.95675884e-14,2.823734306e-13,7.365802098e-14
23.5703125,2.290265313e-13,1.152391956e-13,2.124593218e-13,5.389636222e-13,9.647905059e-14,4.120970394e-13,8.600451373e-14,7.969725311e-14,4.116657567e-14,2.571665609e-13,1.570011251e-13,8.538828077e-14,3.212104963e-13,3.715008387e-13,4.134446389e-13,3.628020104e-13,3.957924288e-13,1.960288354e-13,1.218151796e-13,5.796298622e-13,5.524562088e-14,4.593914958e-14,2.274220306e-14,7.918910907e-14,8.409745115e-14,9.876630789e-14,2.106004974e-13,1.722248129e-13,5.046363385e-13,3.037216107e-14,2.886597545e-13,7.353963616e-14
23.578125,2.283480816e-13,1.16592412e-13,2.12267803e-13,5.369824033e-13,9.598960797e-14,4.095231026e-13,8.532069472e-14,7.912546518e-14,4.158096345e-14,2.539458345e-13,1.574180106e-13,8.607030452e-14,3.224782327e-13,3.736275911e-13,4.093776912e-13,3.613263474e-13,3.935710085e-13,1.944540216e-13,1.206302951e-13,5.73184322e-13,5.518439971e-14,4.641311936e-14,2.293043677e-14,7.97266751e-14,8.382486568e-14,9.830233834e-14,2.088205544e-13,1.726608725e-13,5.068805644e-13,3.124419063e-14,2.951348258e-13,7.340911691e-14
23.5859375,2.277530147e-13,1.179542266e-13,2.12068534e-13,5.348280813e-13,9.560082644e-14,4.068276263e-13,8.465780102e-14,7.856563165e-14,4.199400538e-14,2.507091484e-13,1.578018188e-13,8.672886706e-14,3.236767493e-13,3.757635953e-13,4.053846365e-13,3.599588723e-13,3.914104739e-13,1.930294517e-13,1.194056179e-13,5.668616713e-13,5.51461519e-14,4.687709577e-14,2.313887349e-14,8.023857332e-14,8.357421734e-14,9.782443803e-14,2.071042388e-13,1.730133479e-13,5.089335728e-13,3.217465393e-14,3.017013847e-13,7.327322723e-14
23.59375,2.270202189e-13,1.192959986e-13,2.117564736e-13,5.324226455e-13,9.513087032e-14,4.039992284e-13,8.400807502e-14,7.798036183e-14,4.236141523e-14,2.474632831e-13,1.581365485e-13,8.732994796e-14,3.248999965e-13,3.778247734e-13,4.014574125e-13,3.58645705e-13,3.892308185e-13,1.917063916e-13,1.18165237e-13,5.60264705e-13,5.50843429e-14,4.73134487e-14,2.337682194e-14,8.073469175e-14,8.337591878e-14,9.738469708e-14,2.054608729e-13,1.732957024e-13,5.108208517e-13,3.311809378e-14,3.084977552e-13,7.311434292e-14
23.6015625,2.26358864e-13,1.20769622e-13,2.115325861e-13,5.301031535e-13,9.470543179e-14,4.012775531e-13,8.338481261e-14,7.736786518e-14,4.274227728e-14,2.442261162e-13,1.584948704e-13,8.797285675e-14,3.262981299e-13,3.800913051e-13,3.975849967e-13,3.574089072e-13,3.870932015e-13,1.905703352e-13,1.169660744e-13,5.533055027e-13,5.50592888e-14,4.778034949e-14,2.362170238e-14,8.13238851e-14,8.321411252e-14,9.696346575e-14,2.038190374e-13,1.737544872e-13,5.127462799e-13,3.411040517e-14,3.157582682e-13,7.293224146e-14
23.609375,2.259774273e-13,1.224519971e-13,2.115671398e-13,5.279509435e-13,9.450916979e-14,3.987178111e-13,8.276312713e-14,7.675641952e-14,4.318809792e-14,2.410788228e-13,1.589044672e-13,8.871333729e-14,3.277976104e-13,3.826602623e-13,3.938082102e-13,3.56279871e-13,3.850769416e-13,1.896632359e-13,1.157973311e-13,5.463777587e-13,5.513775506e-14,4.829575359e-14,2.386624868e-14,8.19964595e-14,8.305890546e-14,9.65032705e-14,2.02147975e-13,1.743995856e-13,5.147334531e-13,3.518881503e-14,3.233425123e-13,7.275278927e-14
23.6171875,2.256226305e-13,1.241000178e-13,2.116626526e-13,5.256487842e-13,9.435894845e-14,3.961264949e-13,8.209805486e-14,7.61447809e-14,4.363450423e-14,2.380109607e-13,1.593580058e-13,8.943935796e-14,3.292531659e-13,3.85135292e-13,3.900470024e-13,3.551277999e-13,3.830091795e-13,1.887836475e-13,1.146120776e-13,5.394985686e-13,5.523959046e-14,4.880652648e-14,2.410884739e-14,8.264745012e-14,8.289732562e-14,9.595847962e-14,2.004402816e-13,1.75023703e-13,5.165042572e-13,3.632834172e-14,3.310297584e-13,7.256459816e-14
23.625,2.251515084e-13,1.256817027e-13,2.11684057e-13,5.232291004e-13,9.40826343e-14,3.934373585e-13,8.14281089e-14,7.548478947e-14,4.403052558e-14,2.350082173e-13,1.598333282e-13,9.008854558e-14,3.307435567e-13,3.873768876e-13,3.863221179e-13,3.539889497e-13,3.807735607e-13,1.878499024e-13,1.134304216e-13,5.323986377e-13,5.528167446e-14,4.930230455e-14,2.433757432e-14,8.330369674e-14,8.275434534e-14,9.536534385e-14,1.987096722e-13,1.756769759e-13,5.180330736e-13,3.751761304e-14,3.38943515e-13,7.23516186e-14
23.6328125,2.247787652e-13,1.274960413e-13,2.11776129e-13,5.209487243e-13,9.38252432e-14,3.90739673e-13,8.077847365e-14,7.477051158e-14,4.441787842e-14,2.321261845e-13,1.602727645e-13,9.072628257e-14,3.323117547e-13,3.896061641e-13,3.827667027e-13,3.530299922e-13,3.785137429e-13,1.869873532e-13,1.122671043e-13,5.253497219e-13,5.531898552e-14,4.981165981e-14,2.456997051e-14,8.402290804e-14,8.263576009e-14,9.481842399e-14,1.970459514e-13,1.764425397e-13,5.196191248e-13,3.874990185e-14,3.470846903e-13,7.213080333e-14
23.640625,2.245253317e-13,1.295540326e-13,2.119769699e-13,5.186546268e-13,9.367281251e-14,3.880621186e-13,8.012005896e-14,7.406095743e-14,4.481656554e-14,2.292519118e-13,1.607022635e-13,9.136237417e-14,3.338201574e-13,3.918582092e-13,3.793077196e-13,3.521383337e-13,3.763383246e-13,1.862095995e-13,1.110644995e-13,5.186002832e-13,5.542155882e-14,5.032036888e-14,2.483241593e-14,8.474484517e-14,8.25064129e-14,9.431431652e-14,1.954696082e-13,1.771448386e-13,5.212057904e-13,4.000843725e-14,3.552885806e-13,7.188421979e-14
23.6484375,2.242354184e-13,1.316108843e-13,2.121204977e-13,5.160669076e-13,9.352031877e-14,3.853037102e-13,7.94823064e-14,7.337909025e-14,4.519080877e-14,2.262412401e-13,1.612189106e-13,9.194962918e-14,3.352560168e-13,3.94095282e-13,3.758430705e-13,3.51160261e-13,3.742044023e-13,1.854700164e-13,1.097986736e-13,5.116721204e-13,5.556905504e-14,5.080322211e-14,2.511005042e-14,8.544245162e-14,8.236845599e-14,9.376868846e-14,1.93872111e-13,1.776935929e-13,5.224565243e-13,4.130202949e-14,3.637017014e-13,7.160025428e-14
23.65625,2.239528863e-13,1.335352007e-13,2.122200824e-13,5.132606142e-13,9.335295743e-14,3.824245857e-13,7.887129253e-14,7.269568253e-14,4.553653445e-14,2.232481445e-13,1.618042628e-13,9.250593381e-14,3.367353153e-13,3.963911123e-13,3.724306698e-13,3.50162514e-13,3.720561228e-13,1.848028352e-13,1.085282641e-13,5.043118841e-13,5.570654772e-14,5.127885532e-14,2.538743541e-14,8.617185676e-14,8.224951548e-14,9.318088985e-14,1.922266886e-13,1.782087195e-13,5.234537613e-13,4.263783569e-14,3.724321996e-13,7.13357343e-14
23.6640625,2.237560303e-13,1.353737528e-13,2.125161601e-13,5.104816134e-13,9.323555589e-14,3.796323528e-13,7.822023081e-14,7.198449244e-14,4.588194407e-14,2.204032151e-13,1.624000815e-13,9.308360469e-14,3.383047823e-13,3.987618222e-13,3.690452242e-13,3.491527989e-13,3.699083144e-13,1.842358008e-13,1.073089719e-13,4.969256901e-13,5.583363521e-14,5.177616554e-14,2.568160031e-14,8.694519066e-14,8.213693646e-14,9.259572919e-14,1.905969237e-13,1.787880562e-13,5.24558435e-13,4.401430265e-14,3.81300293e-13,7.108369195e-14
23.671875,2.236108475e-13,1.374395787e-13,2.130177063e-13,5.077934412e-13,9.312687501e-14,3.770440909e-13,7.755091473e-14,7.121632451e-14,4.62310488e-14,2.175921145e-13,1.630228461e-13,9.369198126e-14,3.399532441e-13,4.011347473e-13,3.656245219e-13,3.481184722e-13,3.678040728e-13,1.83764729e-13,1.061349977e-13,4.895561763e-13,5.600480902e-14,5.229203058e-14,2.599518843e-14,8.774584935e-14,8.201711123e-14,9.199335772e-14,1.889761529e-13,1.79461956e-13,5.258750699e-13,4.543370109e-14,3.902527008e-13,7.07628265e-14
23.6796875,2.23541173e-13,1.398880038e-13,2.13490509e-13,5.050336062e-13,9.297415242e-14,3.744177641e-13,7.692914305e-14,7.037542127e-14,4.657989654e-14,2.148582589e-13,1.636398719e-13,9.429224374e-14,3.416074851e-13,4.034115024e-13,3.622501597e-13,3.471741632e-13,3.656736273e-13,1.83357057e-13,1.049644404e-13,4.818623862e-13,5.623405075e-14,5.281093052e-14,2.631126138e-14,8.857138648e-14,8.191113166e-14,9.134772142e-14,1.87357832e-13,1.802230962e-13,5.272810315e-13,4.68858727e-14,3.993189181e-13,7.039413732e-14
23.6875,2.236093105e-13,1.423333474e-13,2.139034791e-13,5.020770216e-13,9.284386934e-14,3.716350473e-13,7.632551011e-14,6.949997257e-14,4.693214175e-14,2.123149455e-13,1.642110807e-13,9.483686224e-14,3.431660855e-13,4.05594691e-13,3.589543021e-13,3.462578916e-13,3.634294129e-13,1.829874129e-13,1.037759825e-13,4.73926788e-13,5.647565801e-14,5.333293287e-14,2.663575782e-14,8.938686129e-14,8.183122581e-14,9.06624752e-14,1.857640058e-13,1.810091561e-13,5.285369237e-13,4.836381569e-14,4.084535664e-13,7.004539064e-14
23.6953125,2.237583725e-13,1.446122957e-13,2.143017827e-13,4.98985314e-13,9.278867578e-14,3.688706231e-13,7.571671637e-14,6.864429551e-14,4.72647103e-14,2.097602122e-13,1.648059119e-13,9.531380968e-14,3.4460392e-13,4.077611458e-13,3.556619289e-13,3.452035037e-13,3.611577944e-13,1.826760439e-13,1.025716769e-13,4.659575355e-13,5.67078755e-14,5.385015022e-14,2.697468895e-14,9.015214456e-14,8.175059955e-14,8.992221897e-14,1.841433507e-13,1.816971441e-13,5.293708813e-13,4.984143827e-14,4.17622327e-13,6.969047988e-14
23.703125,2.238317151e-13,1.470424511e-13,2.146118186e-13,4.95826921e-13,9.273869193e-14,3.66130237e-13,7.513073163e-14,6.782125339e-14,4.755234236e-14,2.070737616e-13,1.654638219e-13,9.57622282e-14,3.459463487e-13,4.0980259e-13,3.523900221e-13,3.441363574e-13,3.589099441e-13,1.823857423e-13,1.013550326e-13,4.579115139e-13,5.695118227e-14,5.433605252e-14,2.730407559e-14,9.088829423e-14,8.163970361e-14,8.914218193e-14,1.825136204e-13,1.822239737e-13,5.299104974e-13,5.128607286e-14,4.266894719e-13,6.930337531e-14
23.7109375,2.237592217e-13,1.496302745e-13,2.149971361e-13,4.9269096e-13,9.265551623e-14,3.633527874e-13,7.454846884e-14,6.700485036e-14,4.782633304e-14,2.044814142e-13,1.661376581e-13,9.625266663e-14,3.47266764e-13,4.116342357e-13,3.492321798e-13,3.432383145e-13,3.566242461e-13,1.821100918e-13,1.001606506e-13,4.499131841e-13,5.72413659e-14,5.47972292e-14,2.761953557e-14,9.163000298e-14,8.152280606e-14,8.840344188e-14,1.810094269e-13,1.827808684e-13,5.305906586e-13,5.275709213e-14,4.356432031e-13,6.890874507e-14
23.71875,2.236584851e-13,1.521516125e-13,2.15652727e-13,4.897451232e-13,9.263250858e-14,3.606774733e-13,7.39407839e-14,6.618252153e-14,4.812970125e-14,2.02052579e-13,1.667900554e-13,9.680318399e-14,3.486098268e-13,4.13417385e-13,3.461898457e-13,3.424086302e-13,3.543752311e-13,1.819717085e-13,9.901361952e-14,4.421862154e-13,5.760233491e-14,5.52739223e-14,2.795138741e-14,9.233821905e-14,8.142955374e-14,8.771501741e-14,1.795809371e-13,1.835415107e-13,5.313288291e-13,5.430486347e-14,4.446924332e-13,6.850339516e-14
23.7265625,2.236387834e-13,1.545941213e-13,2.163195539e-13,4.868663569e-13,9.271288055e-14,3.580911869e-13,7.332747065e-14,6.537105703e-14,4.844646853e-14,1.996447893e-13,1.674091319e-13,9.732201352e-14,3.498101331e-13,4.151058168e-13,3.43115925e-13,3.414372486e-13,3.521585156e-13,1.819124376e-13,9.785486827e-14,4.345936225e-13,5.800029526e-14,5.576764329e-14,2.830093103e-14,9.295708652e-14,8.131177885e-14,8.696054796e-14,1.780361189e-13,1.843177115e-13,5.316445926e-13,5.585028319e-14,4.536822522e-13,6.80857721e-14
23.734375,2.236373423e-13,1.570092677e-13,2.167740451e-13,4.837270362e-13,9.277306576e-14,3.553980535e-13,7.272056723e-14,6.454917596e-14,4.874174137e-14,1.972692362e-13,1.680635371e-13,9.773591306e-14,3.507312102e-13,4.164615699e-13,3.398764256e-13,3.402014863e-13,3.497270689e-13,1.817223718e-13,9.665186438e-14,4.268554993e-13,5.839772074e-14,5.624649284e-14,2.864516138e-14,9.354131525e-14,8.112928111e-14,8.608457801e-14,1.763938985e-13,1.849697227e-13,5.316197233e-13,5.736381972e-14,4.623697531e-13,6.767079385e-14
23.7421875,2.235843288e-13,1.595729666e-13,2.17188389e-13,4.803837756e-13,9.273500483e-14,3.526020807e-13,7.210870676e-14,6.36750258e-14,4.902212399e-14,1.949521772e-13,1.688413e-13,9.810435511e-14,3.515506088e-13,4.176029667e-13,3.365637206e-13,3.38751313e-13,3.470733282e-13,1.814515804e-13,9.546443543e-14,4.189924109e-13,5.883109474e-14,5.671051456e-14,2.898894593e-14,9.418599087e-14,8.092968663e-14,8.516761868e-14,1.747583204e-13,1.856285655e-13,5.316580819e-13,5.891014494e-14,4.710853467e-13,6.723408198e-14
23.75,2.235406474e-13,1.623966933e-13,2.17658165e-13,4.770447288e-13,9.273959706e-14,3.497986168e-13,7.149878194e-14,6.278221113e-14,4.931878021e-14,1.926263616e-13,1.696523958e-13,9.85058193e-14,3.524351352e-13,4.188062376e-13,3.333602141e-13,3.372806974e-13,3.444336159e-13,1.812316836e-13,9.429453348e-14,4.11231246e-13,5.933370948e-14,5.71853934e-14,2.933899393e-14,9.487852928e-14,8.074379105e-14,8.426028154e-14,1.730748702e-13,1.862645064e-13,5.316675911e-13,6.048643622e-14,4.800469342e-13,6.676401634e-14
23.7578125,2.235883024e-13,1.652262232e-13,2.181526328e-13,4.736701722e-13,9.291942149e-14,3.470011836e-13,7.091083299e-14,6.190124263e-14,4.96484427e-14,1.903392898e-13,1.704023251e-13,9.893871439e-14,3.533024539e-13,4.201148992e-13,3.302907449e-13,3.358381679e-13,3.418081539e-13,1.810223878e-13,9.310342691e-14,4.035936717e-13,5.987898609e-14,5.768658676e-14,2.968716579e-14,9.556993235e-14,8.054778381e-14,8.333172831e-14,1.713429912e-13,1.86811192e-13,5.314551371e-13,6.208147919e-14,4.889595628e-13,6.629134949e-14
23.765625,2.236930182e-13,1.679838548e-13,2.187282799e-13,4.70297739e-13,9.316174425e-14,3.442307326e-13,7.034370649e-14,6.098003305e-14,4.999483701e-14,1.881534461e-13,1.712053833e-13,9.936746444e-14,3.540401335e-13,4.214244417e-13,3.27306321e-13,3.342874049e-13,3.391013971e-13,1.808213851e-13,9.193665276e-14,3.958613558e-13,6.045375863e-14,5.820905922e-14,3.0038631e-14,9.626388914e-14,8.033396674e-14,8.237256093e-14,1.696920563e-13,1.874142982e-13,5.311796171e-13,6.37114057e-14,4.977049745e-13,6.58188589e-14
23.7734375,2.23757038e-13,1.708690855e-13,2.193516976e-13,4.669454868e-13,9.331865748e-14,3.414543244e-13,6.978194016e-14,6.002660687e-14,5.032842073e-14,1.860268799e-13,1.720968846e-13,9.976453513e-14,3.546119724e-13,4.225742218e-13,3.24392382e-13,3.326615582e-13,3.363449122e-13,1.806250418e-13,9.079917063e-14,3.88046811e-13,6.107751295e-14,5.87212176e-14,3.038634565e-14,9.693892825e-14,8.010076573e-14,8.140409853e-14,1.681238081e-13,1.880483103e-13,5.308937933e-13,6.534191054e-14,5.063547934e-13,6.53453924e-14
23.78125,2.238093032e-13,1.738597209e-13,2.199686641e-13,4.633772193e-13,9.34467853e-14,3.386780653e-13,6.923078576e-14,5.912862394e-14,5.065573119e-14,1.839781718e-13,1.729110667e-13,1.001376887e-13,3.550733534e-13,4.235614972e-13,3.215432487e-13,3.311701929e-13,3.335406191e-13,1.803767567e-13,8.962287513e-14,3.804114073e-13,6.173824805e-14,5.920632482e-14,3.071374631e-14,9.75542729e-14,7.985202995e-14,8.044616035e-14,1.665420128e-13,1.886031401e-13,5.304956057e-13,6.698924259e-14,5.149024597e-13,6.489817552e-14
23.7890625,2.239351153e-13,1.769074178e-13,2.20660483e-13,4.596472903e-13,9.363090572e-14,3.360636146e-13,6.869271796e-14,5.827887251e-14,5.100456712e-14,1.820407183e-13,1.736229383e-13,1.005121583e-13,3.555033464e-13,4.245692919e-13,3.187675983e-13,3.298008918e-13,3.307184212e-13,1.801701656e-13,8.844188019e-14,3.728651086e-13,6.238420976e-14,5.970279825e-14,3.104201965e-14,9.812611108e-14,7.960947937e-14,7.950714084e-14,1.649503828e-13,1.892104804e-13,5.300210086e-13,6.869207369e-14,5.234105281e-13,6.445620984e-14
23.796875,2.240481547e-13,1.799839536e-13,2.214507763e-13,4.560783165e-13,9.381902238e-14,3.33578098e-13,6.814564041e-14,5.73967102e-14,5.135889413e-14,1.801401857e-13,1.74416627e-13,1.008628072e-13,3.557854201e-13,4.25510468e-13,3.160318099e-13,3.283244664e-13,3.279551683e-13,1.800454372e-13,8.730693597e-14,3.650903183e-13,6.302121734e-14,6.023247086e-14,3.138190893e-14,9.866785838e-14,7.935355922e-14,7.855381438e-14,1.63380434e-13,1.898818001e-13,5.294293471e-13,7.038263532e-14,5.318183401e-13,6.396396628e-14
23.8046875,2.240307537e-13,1.829712774e-13,2.222803445e-13,4.526609743e-13,9.396260141e-14,3.309795215e-13,6.761331465e-14,5.647200012e-14,5.168207251e-14,1.782268915e-13,1.754014071e-13,1.011590012e-13,3.558094022e-13,4.261543956e-13,3.133140552e-13,3.267425221e-13,3.251925403e-13,1.798706092e-13,8.615574358e-14,3.572513515e-13,6.373927025e-14,6.075016968e-14,3.171076133e-14,9.916208543e-14,7.905885407e-14,7.756557574e-14,1.618074484e-13,1.904730454e-13,5.286618171e-13,7.205611812e-14,5.39980783e-13,6.343012188e-14
23.8125,2.238752176e-13,1.860340471e-13,2.230751423e-13,4.492474842e-13,9.408555248e-14,3.282728382e-13,6.715630956e-14,5.55524309e-14,5.198741897e-14,1.763262258e-13,1.764860381e-13,1.014198487e-13,3.557327298e-13,4.26587416e-13,3.107161765e-13,3.252266573e-13,3.223369404e-13,1.796707295e-13,8.497421544e-14,3.49744584e-13,6.453575154e-14,6.123077989e-14,3.204702822e-14,9.964101565e-14,7.876358248e-14,7.658625105e-14,1.602326364e-13,1.910380749e-13,5.278661995e-13,7.378949721e-14,5.479712002e-13,6.290137821e-14
23.8203125,2.235799018e-13,1.892589717e-13,2.237571917e-13,4.457619194e-13,9.419354905e-14,3.256082806e-13,6.67488023e-14,5.466627882e-14,5.231867007e-14,1.744820443e-13,1.775126315e-13,1.016519806e-13,3.556293326e-13,4.269331601e-13,3.082610354e-13,3.236664871e-13,3.193806429e-13,1.795233925e-13,8.382948216e-14,3.425003737e-13,6.528717186e-14,6.17144378e-14,3.24117484e-14,1.001587237e-13,7.84867229e-14,7.563152459e-14,1.586929769e-13,1.916219954e-13,5.270297947e-13,7.552558228e-14,5.558413817e-13,6.239056339e-14
23.828125,2.232399903e-13,1.923508408e-13,2.24466857e-13,4.421606668e-13,9.4271695e-14,3.230216929e-13,6.630856175e-14,5.379871284e-14,5.268259305e-14,1.727669608e-13,1.784516473e-13,1.018579315e-13,3.554131777e-13,4.27176888e-13,3.058770019e-13,3.219481548e-13,3.163678116e-13,1.793447945e-13,8.272732964e-14,3.352584626e-13,6.598895533e-14,6.222889829e-14,3.276648969e-14,1.00696107e-13,7.819851832e-14,7.46770538e-14,1.571849547e-13,1.92176157e-13,5.25990066e-13,7.720410714e-14,5.63603863e-13,6.189168186e-14
23.8359375,2.229385834e-13,1.953310827e-13,2.254050218e-13,4.386699927e-13,9.43429539e-14,3.20550677e-13,6.583113451e-14,5.292756064e-14,5.304245387e-14,1.711745607e-13,1.793841381e-13,1.020711101e-13,3.551497881e-13,4.273750042e-13,3.036288722e-13,3.202915564e-13,3.134039049e-13,1.791134084e-13,8.164223767e-14,3.280918429e-13,6.673688136e-14,6.27468429e-14,3.310329079e-14,1.011879019e-13,7.789374603e-14,7.37429222e-14,1.556581586e-13,1.927352155e-13,5.248644749e-13,7.888274402e-14,5.712516027e-13,6.140192753e-14
23.84375,2.224785567e-13,1.983814729e-13,2.264045255e-13,4.35349713e-13,9.445284619e-14,3.181059162e-13,6.536402189e-14,5.207088688e-14,5.337079013e-14,1.695880179e-13,1.803567141e-13,1.022871246e-13,3.548016697e-13,4.274723073e-13,3.014517295e-13,3.18683782e-13,3.104837993e-13,1.788476283e-13,8.05519028e-14,3.211340466e-13,6.753358765e-14,6.323321521e-14,3.346164069e-14,1.016010215e-13,7.756184224e-14,7.283272819e-14,1.541094337e-13,1.932478915e-13,5.237394497e-13,8.056177783e-14,5.784122814e-13,6.090885408e-14
23.8515625,2.218256192e-13,2.014091643e-13,2.272555646e-13,4.317947618e-13,9.460669296e-14,3.154988689e-13,6.491524878e-14,5.124625511e-14,5.368767349e-14,1.680068861e-13,1.813926121e-13,1.024860159e-13,3.541717123e-13,4.273466622e-13,2.990785834e-13,3.167951924e-13,3.074389688e-13,1.785153532e-13,7.942652449e-14,3.142723237e-13,6.837647424e-14,6.369816503e-14,3.383636428e-14,1.019539653e-13,7.717774748e-14,7.18922795e-14,1.526218402e-13,1.936556613e-13,5.224688021e-13,8.22207614e-14,5.849836038e-13,6.04028038e-14
23.859375,2.212845537e-13,2.044749716e-13,2.280499923e-13,4.28013748e-13,9.478245648e-14,3.128539614e-13,6.446470676e-14,5.043659671e-14,5.402484751e-14,1.665299676e-13,1.824714138e-13,1.026947607e-13,3.53379811e-13,4.270900851e-13,2.965553088e-13,3.14636272e-13,3.042475617e-13,1.781940372e-13,7.831408225e-14,3.0743634e-13,6.928698756e-14,6.417593881e-14,3.420298516e-14,1.023012441e-13,7.676625113e-14,7.090712055e-14,1.512070154e-13,1.940503535e-13,5.211044176e-13,8.388695604e-14,5.914746173e-13,5.990514074e-14
23.8671875,2.207880652e-13,2.075203492e-13,2.287904907e-13,4.24313272e-13,9.499928394e-14,3.103145851e-13,6.400815263e-14,4.964949548e-14,5.437630463e-14,1.651092872e-13,1.834844432e-13,1.028977619e-13,3.525558597e-13,4.266802243e-13,2.940739237e-13,3.123643036e-13,3.009885479e-13,1.778663328e-13,7.725678883e-14,3.007468998e-13,7.019322649e-14,6.465532542e-14,3.456650328e-14,1.026707323e-13,7.634827547e-14,6.989808706e-14,1.497345285e-13,1.943754711e-13,5.196838566e-13,8.551190203e-14,5.977548849e-13,5.944721806e-14
23.875,2.20020195e-13,2.102732102e-13,2.293988015e-13,4.204751952e-13,9.525748984e-14,3.076849689e-13,6.356329495e-14,4.889442387e-14,5.473120289e-14,1.636631828e-13,1.844440514e-13,1.030320024e-13,3.51430544e-13,4.259407966e-13,2.915464081e-13,3.099107911e-13,2.976154815e-13,1.773404567e-13,7.615969407e-14,2.941996819e-13,7.107021144e-14,6.510682928e-14,3.493175824e-14,1.030118991e-13,7.589407581e-14,6.886445854e-14,1.481779872e-13,1.945428343e-13,5.179662665e-13,8.707458786e-14,6.032880346e-13,5.9013247e-14
23.8828125,2.191123745e-13,2.129895061e-13,2.300601906e-13,4.164271105e-13,9.549243496e-14,3.049986824e-13,6.313938436e-14,4.811560091e-14,5.511137154e-14,1.622789118e-13,1.855066546e-13,1.031254823e-13,3.499328349e-13,4.250346771e-13,2.889479239e-13,3.072918125e-13,2.941486003e-13,1.76668176e-13,7.498984013e-14,2.876213113e-13,7.199658093e-14,6.556349305e-14,3.530325341e-14,1.03289329e-13,7.539057796e-14,6.781730178e-14,1.466860759e-13,1.947226619e-13,5.160227087e-13,8.865975138e-14,6.085003933e-13,5.854710184e-14
23.890625,2.182893599e-13,2.158764859e-13,2.308740898e-13,4.124630212e-13,9.572357505e-14,3.02536668e-13,6.271304502e-14,4.727776501e-14,5.552559383e-14,1.610359028e-13,1.866743269e-13,1.032630424e-13,3.483279854e-13,4.241900963e-13,2.863723286e-13,3.045441285e-13,2.90690468e-13,1.760317575e-13,7.387281537e-14,2.810225396e-13,7.296251146e-14,6.605922886e-14,3.567901874e-14,1.035446734e-13,7.484199949e-14,6.676474218e-14,1.452762711e-13,1.94973279e-13,5.141596158e-13,9.025731243e-14,6.137982437e-13,5.803092071e-14
23.8984375,2.174779319e-13,2.18621736e-13,2.316453301e-13,4.084163081e-13,9.603466888e-14,3.001336129e-13,6.227136366e-14,4.643396272e-14,5.594110745e-14,1.598788096e-13,1.878334509e-13,1.034376892e-13,3.466035627e-13,4.232550962e-13,2.837510794e-13,3.016147844e-13,2.872126418e-13,1.753717197e-13,7.283877911e-14,2.74606044e-13,7.392617574e-14,6.654964032e-14,3.603985922e-14,1.037626707e-13,7.424840832e-14,6.570206628e-14,1.437852127e-13,1.951504885e-13,5.122215917e-13,9.180208229e-14,6.187007137e-13,5.750803842e-14
23.90625,2.165863681e-13,2.212861772e-13,2.323420824e-13,4.041682131e-13,9.638095103e-14,2.975092766e-13,6.184500728e-14,4.563164231e-14,5.633795338e-14,1.587772738e-13,1.889631193e-13,1.035836196e-13,3.446239326e-13,4.220895618e-13,2.811141856e-13,2.986314711e-13,2.836804178e-13,1.746125232e-13,7.179523987e-14,2.684385316e-13,7.492580045e-14,6.699655147e-14,3.640051338e-14,1.038882905e-13,7.363623058e-14,6.467390653e-14,1.421539308e-13,1.952498896e-13,5.100206128e-13,9.332527498e-14,6.231000513e-13,5.701770049e-14
23.9140625,2.155488526e-13,2.240518144e-13,2.331276921e-13,4.000260479e-13,9.670862671e-14,2.948309992e-13,6.14497183e-14,4.48609203e-14,5.674410142e-14,1.577494822e-13,1.900714565e-13,1.037110894e-13,3.425000797e-13,4.208026397e-13,2.78538204e-13,2.956140948e-13,2.801070809e-13,1.737885383e-13,7.073105456e-14,2.62444909e-13,7.597427183e-14,6.742407713e-14,3.67880634e-14,1.040083259e-13,7.300765236e-14,6.370461819e-14,1.404624668e-13,1.953116988e-13,5.077966415e-13,9.483520301e-14,6.27267085e-13,5.655795163e-14
23.921875,2.14387441e-13,2.267458974e-13,2.339768567e-13,3.958508387e-13,9.709282817e-14,2.922537278e-13,6.106178088e-14,4.410478381e-14,5.718784037e-14,1.567407382e-13,1.91182965e-13,1.038711698e-13,3.402990331e-13,4.194633931e-13,2.758839349e-13,2.923959666e-13,2.764395721e-13,1.728929808e-13,6.96809742e-14,2.566117847e-13,7.70605234e-14,6.784993203e-14,3.716806075e-14,1.042066009e-13,7.23229029e-14,6.271849245e-14,1.387763637e-13,1.953115951e-13,5.055443794e-13,9.630199427e-14,6.30991077e-13,5.612023784e-14
23.9296875,2.132687762e-13,2.294519266e-13,2.34724742e-13,3.9136068e-13,9.754019241e-14,2.896617016e-13,6.068399705e-14,4.336093185e-14,5.765560289e-14,1.556920325e-13,1.923333115e-13,1.040258617e-13,3.379561076e-13,4.18042617e-13,2.731762852e-13,2.891172605e-13,2.726516939e-13,1.719618864e-13,6.862219064e-14,2.509400396e-13,7.81712715e-14,6.826773934e-14,3.750802318e-14,1.043836531e-13,7.160098444e-14,6.167963596e-14,1.371299316e-13,1.952388472e-13,5.029673054e-13,9.775411983e-14,6.342412622e-13,5.571540465e-14
23.9375,2.121142696e-13,2.322571064e-13,2.353480224e-13,3.868673836e-13,9.798084184e-14,2.870250977e-13,6.034471686e-14,4.263823072e-14,5.814730891e-14,1.546799702e-13,1.9346922e-13,1.0414405e-13,3.354679409e-13,4.16523786e-13,2.705442166e-13,2.858709016e-13,2.687263689e-13,1.71022365e-13,6.754541763e-14,2.453678049e-13,7.926513096e-14,6.869031604e-14,3.784347379e-14,1.045096538e-13,7.088507426e-14,6.065034619e-14,1.355273769e-13,1.950947417e-13,5.002647474e-13,9.919415905e-14,6.372933561e-13,5.534598203e-14
23.9453125,2.107189973e-13,2.350215716e-13,2.360342638e-13,3.826674915e-13,9.847216269e-14,2.844304987e-13,6.002445899e-14,4.194768086e-14,5.871208409e-14,1.538398394e-13,1.946096149e-13,1.043398257e-13,3.32842326e-13,4.149362843e-13,2.678226573e-13,2.82419884e-13,2.646299778e-13,1.700154003e-13,6.650466363e-14,2.398811186e-13,8.039330327e-14,6.914723398e-14,3.820090334e-14,1.047138274e-13,7.014024148e-14,5.964779118e-14,1.339513794e-13,1.950389296e-13,4.97860131e-13,1.006038235e-13,6.399887378e-13,5.498632275e-14
23.953125,2.092143669e-13,2.378705808e-13,2.369426318e-13,3.7863058e-13,9.907616164e-14,2.819347668e-13,5.968330631e-14,4.127002979e-14,5.933685621e-14,1.53168126e-13,1.958623832e-13,1.04657397e-13,3.300960163e-13,4.133217469e-13,2.649831917e-13,2.788275275e-13,2.605268712e-13,1.690225095e-13,6.554617035e-14,2.345310115e-13,8.160455588e-14,6.963225386e-14,3.85513008e-14,1.049667933e-13,6.934243391e-14,5.864796986e-14,1.324185078e-13,1.951888613e-13,4.956339045e-13,1.020127839e-13,6.421048649e-13,5.462165053e-14
23.9609375,2.077875844e-13,2.407216181e-13,2.379015578e-13,3.744641215e-13,9.970851626e-14,2.795343392e-13,5.93365058e-14,4.057318029e-14,5.992336181e-14,1.525263105e-13,1.971192043e-13,1.04931191e-13,3.272431777e-13,4.115882352e-13,2.621943044e-13,2.752594088e-13,2.565989783e-13,1.681372635e-13,6.463428261e-14,2.293231943e-13,8.27629938e-14,7.00873833e-14,3.886453274e-14,1.050958342e-13,6.85324188e-14,5.766887118e-14,1.309221526e-13,1.95248789e-13,4.932259828e-13,1.033916144e-13,6.436969511e-13,5.427968656e-14
23.96875,2.064187723e-13,2.433228352e-13,2.38697455e-13,3.699863577e-13,1.003226996e-13,2.771482166e-13,5.902098013e-14,3.987317633e-14,6.047342091e-14,1.51847415e-13,1.982480694e-13,1.051006788e-13,3.242272096e-13,4.096340848e-13,2.593146162e-13,2.715045744e-13,2.527077914e-13,1.671979175e-13,6.37024032e-14,2.24210172e-13,8.383929621e-14,7.050034505e-14,3.915178386e-14,1.051033511e-13,6.771293761e-14,5.670330543e-14,1.294033078e-13,1.9505164e-13,4.906326163e-13,1.046883911e-13,6.448097163e-13,5.399147858e-14
23.9765625,2.049979187e-13,2.459888575e-13,2.395005091e-13,3.654650001e-13,1.00986209e-13,2.747583615e-13,5.874076458e-14,3.921723835e-14,6.108899856e-14,1.51175542e-13,1.993876315e-13,1.05316987e-13,3.210884508e-13,4.075938266e-13,2.56269597e-13,2.6756632e-13,2.487000301e-13,1.661065722e-13,6.276787107e-14,2.191627915e-13,8.500693471e-14,7.093396421e-14,3.945480118e-14,1.051275236e-13,6.686704865e-14,5.572562941e-14,1.278612895e-13,1.94891521e-13,4.880618998e-13,1.059634864e-13,6.455075774e-13,5.374592044e-14
23.984375,2.032734696e-13,2.488208171e-13,2.404113173e-13,3.611313024e-13,1.016881753e-13,2.723976508e-13,5.847914391e-14,3.86180289e-14,6.175739671e-14,1.505206059e-13,2.005605767e-13,1.056183347e-13,3.178752034e-13,4.054794573e-13,2.532139767e-13,2.636421894e-13,2.446229931e-13,1.649364357e-13,6.187534727e-14,2.141976181e-13,8.623381634e-14,7.137098451e-14,3.979349029e-14,1.051927554e-13,6.600822158e-14,5.477345825e-14,1.263055632e-13,1.947943016e-13,4.855364267e-13,1.072380953e-13,6.456010877e-13,5.350924092e-14
23.9921875,2.011807945e-13,2.513792472e-13,2.411455052e-13,3.565733175e-13,1.023139592e-13,2.699795704e-13,5.821330458e-14,3.8054935e-14,6.239164693e-14,1.498619749e-13,2.015571108e-13,1.058775303e-13,3.144169629e-13,4.030082271e-13,2.499803609e-13,2.595075748e-13,2.404573927e-13,1.636041766e-13,6.098829048e-14,2.093520229e-13,8.73559096e-14,7.172341889e-14,4.013109692e-14,1.052127863e-13,6.510688724e-14,5.386056974e-14,1.24662671e-13,1.944848966e-13,4.828626699e-13,1.084194713e-13,6.447710827e-13,5.327208286e-14
24,1.991276025e-13,2.536113853e-13,2.417234412e-13,3.516186507e-13,1.028600647e-13,2.675258632e-13,5.795051282e-14,3.751060483e-14,6.300840693e-14,1.492155216e-13,2.024114978e-13,1.060567346e-13,3.107369909e-13,4.00309116e-13,2.465059518e-13,2.550839194e-13,2.362540594e-13,1.621159367e-13,6.009337622e-14,2.046298588e-13,8.843452844e-14,7.203155527e-14,4.04205838e-14,1.051733946e-13,6.415331033e-14,5.294710305e-14,1.229559531e-13,1.940094501e-13,4.800058373e-13,1.095212208e-13,6.435343508e-13,5.305742875e-14
24.0078125,1.973141336e-13,2.557488385e-13,2.425633299e-13,3.467500173e-13,1.034671848e-13,2.652506782e-13,5.77389496e-14,3.69820423e-14,6.366372426e-14,1.485938151e-13,2.033628288e-13,1.062631305e-13,3.07147749e-13,3.978876812e-13,2.432075897e-13,2.507987863e-13,2.322714758e-13,1.607811151e-13,5.926104442e-14,2.000171747e-13,8.958519328e-14,7.239230105e-14,4.06657033e-14,1.051554704e-13,6.323413616e-14,5.206809576e-14,1.213583367e-13,1.935273733e-13,4.77321276e-13,1.106535252e-13,6.424767713e-13,5.288494153e-14
24.015625,1.954226662e-13,2.580457322e-13,2.436737874e-13,3.42070997e-13,1.041987544e-13,2.631288518e-13,5.756740848e-14,3.647877112e-14,6.436663961e-14,1.480298815e-13,2.044449062e-13,1.066003542e-13,3.035443863e-13,3.956334036e-13,2.401117932e-13,2.467242351e-13,2.28477298e-13,1.596279173e-13,5.849871664e-14,1.955625148e-13,9.080569467e-14,7.277557827e-14,4.090409166e-14,1.051636685e-13,6.234696076e-14,5.126752071e-14,1.198930703e-13,1.930376947e-13,4.750259601e-13,1.118049871e-13,6.409029875e-13,5.274342005e-14
24.0234375,1.933094771e-13,2.606317899e-13,2.446929705e-13,3.372771783e-13,1.050008446e-13,2.609284808e-13,5.736992178e-14,3.600406102e-14,6.511946974e-14,1.475789033e-13,2.055061061e-13,1.070211463e-13,2.995688925e-13,3.930639057e-13,2.368033831e-13,2.424765498e-13,2.245489311e-13,1.583351119e-13,5.773896292e-14,1.913428949e-13,9.208022474e-14,7.312531108e-14,4.114483297e-14,1.051265648e-13,6.138237899e-14,5.047075778e-14,1.183914451e-13,1.925553179e-13,4.726989685e-13,1.128975451e-13,6.382498591e-13,5.261307807e-14
24.03125,1.911896573e-13,2.6298103e-13,2.455134324e-13,3.323775654e-13,1.058348524e-13,2.586540557e-13,5.716986315e-14,3.553926436e-14,6.589615584e-14,1.472069385e-13,2.064338985e-13,1.073674637e-13,2.953943841e-13,3.902822108e-13,2.332631772e-13,2.37973305e-13,2.204934395e-13,1.568976471e-13,5.697263434e-14,1.87333981e-13,9.334716037e-14,7.345650645e-14,4.136266745e-14,1.050697795e-13,6.036494384e-14,4.962772942e-14,1.168078404e-13,1.920456706e-13,4.6992589e-13,1.139402695e-13,6.352381238e-13,5.250093253e-14
24.0390625,1.891745743e-13,2.649050552e-13,2.462684318e-13,3.274413098e-13,1.066380966e-13,2.564566526e-13,5.70185031e-14,3.50751548e-14,6.665131639e-14,1.468565744e-13,2.072704456e-13,1.076101495e-13,2.913352211e-13,3.87558163e-13,2.296653137e-13,2.334000025e-13,2.165114381e-13,1.555100272e-13,5.62336058e-14,1.834183819e-13,9.454359001e-14,7.377615911e-14,4.1553975e-14,1.050495766e-13,5.936807474e-14,4.880446849e-14,1.152497262e-13,1.914537802e-13,4.669904504e-13,1.149713173e-13,6.322494774e-13,5.243199156e-14
24.046875,1.871980965e-13,2.671452366e-13,2.470896406e-13,3.223638433e-13,1.073731786e-13,2.543396804e-13,5.686778272e-14,3.463643482e-14,6.740632259e-14,1.465528078e-13,2.081312683e-13,1.078722696e-13,2.872564813e-13,3.847540277e-13,2.259731832e-13,2.288270291e-13,2.125571512e-13,1.541134664e-13,5.552156498e-14,1.795567656e-13,9.572447565e-14,7.408547793e-14,4.174116149e-14,1.050199746e-13,5.832920815e-14,4.802667108e-14,1.137388811e-13,1.908522844e-13,4.642656376e-13,1.159769986e-13,6.288123224e-13,5.242055233e-14
24.0546875,1.85197696e-13,2.697301211e-13,2.479723035e-13,3.171751187e-13,1.081694409e-13,2.522040375e-13,5.670117128e-14,3.424943147e-14,6.820664707e-14,1.462813586e-13,2.0898024e-13,1.081926038e-13,2.830045151e-13,3.817889486e-13,2.222055044e-13,2.242873506e-13,2.085687484e-13,1.526685861e-13,5.4812454e-14,1.758508679e-13,9.693080843e-14,7.440031763e-14,4.192979079e-14,1.049501416e-13,5.723224767e-14,4.72438901e-14,1.122198872e-13,1.902673586e-13,4.615747559e-13,1.169305268e-13,6.248320261e-13,5.246774472e-14
24.0625,1.8311332e-13,2.720542185e-13,2.48733063e-13,3.120178116e-13,1.090687192e-13,2.500149881e-13,5.658765739e-14,3.391335111e-14,6.903222887e-14,1.459970774e-13,2.097166091e-13,1.084948404e-13,2.786212316e-13,3.786881898e-13,2.183990471e-13,2.197808271e-13,2.045802263e-13,1.512254213e-13,5.408985095e-14,1.723607456e-13,9.812714595e-14,7.469750328e-14,4.212479764e-14,1.048625699e-13,5.616276228e-14,4.64499709e-14,1.107023437e-13,1.896567966e-13,4.586705056e-13,1.178331424e-13,6.204110927e-13,5.256337988e-14
24.0703125,1.808795561e-13,2.741898959e-13,2.493462811e-13,3.069355348e-13,1.098931307e-13,2.478531769e-13,5.651699307e-14,3.360804765e-14,6.982777935e-14,1.457612995e-13,2.103963014e-13,1.087320105e-13,2.740619606e-13,3.753113909e-13,2.145118566e-13,2.152378022e-13,2.005504466e-13,1.496452254e-13,5.336364536e-14,1.69009606e-13,9.929683182e-14,7.494540906e-14,4.233998436e-14,1.047315432e-13,5.510769464e-14,4.568501616e-14,1.092202501e-13,1.889856418e-13,4.556393494e-13,1.186974546e-13,6.153577044e-13,5.267641196e-14
24.078125,1.78518538e-13,2.762430513e-13,2.500146229e-13,3.018416972e-13,1.106348896e-13,2.457508313e-13,5.642424713e-14,3.331663147e-14,7.058004537e-14,1.456129697e-13,2.110561662e-13,1.089325507e-13,2.693460366e-13,3.717276717e-13,2.10628697e-13,2.107198765e-13,1.965188138e-13,1.479009259e-13,5.265595839e-14,1.657471391e-13,1.004246161e-13,7.515469664e-14,4.255723029e-14,1.04558468e-13,5.401963089e-14,4.49733249e-14,1.077585154e-13,1.881552919e-13,4.526346487e-13,1.195196247e-13,6.097606966e-13,5.277724911e-14
24.0859375,1.761341356e-13,2.782604635e-13,2.5071491e-13,2.966653519e-13,1.114342789e-13,2.436223016e-13,5.63194114e-14,3.30448291e-14,7.134366027e-14,1.454815684e-13,2.116031977e-13,1.091726398e-13,2.646468435e-13,3.681738322e-13,2.067944965e-13,2.063217754e-13,1.925845138e-13,1.462041135e-13,5.196590119e-14,1.625714185e-13,1.015217775e-13,7.534496022e-14,4.275581005e-14,1.044145641e-13,5.293155008e-14,4.430739758e-14,1.062858199e-13,1.872100222e-13,4.497318579e-13,1.202930499e-13,6.038858452e-13,5.28826672e-14
24.09375,1.737997584e-13,2.805893122e-13,2.512708898e-13,2.914879234e-13,1.122477621e-13,2.415094652e-13,5.622652173e-14,3.28021115e-14,7.2159705e-14,1.453440418e-13,2.120047682e-13,1.094772472e-13,2.600231854e-13,3.646212003e-13,2.029088091e-13,2.019698657e-13,1.887020585e-13,1.445629491e-13,5.128751684e-14,1.594499389e-13,1.026286204e-13,7.552417815e-14,4.294658991e-14,1.043060877e-13,5.185531488e-14,4.364518774e-14,1.04800023e-13,1.86292958e-13,4.468915434e-13,1.21020905e-13,5.977031396e-13,5.304314114e-14
24.1015625,1.715111203e-13,2.828423323e-13,2.517468619e-13,2.863338641e-13,1.130682017e-13,2.395266404e-13,5.61384102e-14,3.257779399e-14,7.298896585e-14,1.452253022e-13,2.122606022e-13,1.097857674e-13,2.554426216e-13,3.610282814e-13,1.989946824e-13,1.976485103e-13,1.84842191e-13,1.428548496e-13,5.062843415e-14,1.564794918e-13,1.037029886e-13,7.568759977e-14,4.311823561e-14,1.041892994e-13,5.078932573e-14,4.296876744e-14,1.033255699e-13,1.852564561e-13,4.439635017e-13,1.216800152e-13,5.911753537e-13,5.327337919e-14
24.109375,1.691725717e-13,2.845914506e-13,2.523038079e-13,2.811065606e-13,1.139894902e-13,2.375923892e-13,5.606058784e-14,3.237238753e-14,7.381198145e-14,1.451250353e-13,2.123733647e-13,1.100983851e-13,2.508552893e-13,3.574415727e-13,1.950815022e-13,1.93415068e-13,1.81017771e-13,1.4111407e-13,4.999243803e-14,1.53801876e-13,1.047349371e-13,7.582184868e-14,4.325596044e-14,1.040783799e-13,4.974909824e-14,4.233554153e-14,1.018589456e-13,1.840372843e-13,4.410321353e-13,1.222492008e-13,5.843245319e-13,5.352377683e-14
24.1171875,1.667219651e-13,2.865342566e-13,2.529945466e-13,2.759198382e-13,1.148975417e-13,2.35670249e-13,5.598314255e-14,3.221158138e-14,7.46643352e-14,1.450703054e-13,2.1247227e-13,1.104639869e-13,2.461541669e-13,3.537775853e-13,1.910999716e-13,1.891985939e-13,1.771984636e-13,1.393624281e-13,4.939134622e-14,1.512664639e-13,1.058113106e-13,7.593886208e-14,4.33988787e-14,1.039799212e-13,4.868683324e-14,4.17793416e-14,1.003747786e-13,1.829582513e-13,4.383225589e-13,1.2277548e-13,5.771236497e-13,5.374642012e-14
24.125,1.642996438e-13,2.888332728e-13,2.537200296e-13,2.709388078e-13,1.156968866e-13,2.338617609e-13,5.588915783e-14,3.210063431e-14,7.551732305e-14,1.450490998e-13,2.125980543e-13,1.108188476e-13,2.413938183e-13,3.500702578e-13,1.871611753e-13,1.850729991e-13,1.73496899e-13,1.375947124e-13,4.883007602e-14,1.486856296e-13,1.068666655e-13,7.605068593e-14,4.355698304e-14,1.038368703e-13,4.758476819e-14,4.125040953e-14,9.892176392e-14,1.820137144e-13,4.356348666e-13,1.232961288e-13,5.696904896e-13,5.396871868e-14
24.1328125,1.619441714e-13,2.908080028e-13,2.542498366e-13,2.659831568e-13,1.164754534e-13,2.320360693e-13,5.580881001e-14,3.20210312e-14,7.631480951e-14,1.449851276e-13,2.125839213e-13,1.110975454e-13,2.367284665e-13,3.463349291e-13,1.833468178e-13,1.812438459e-13,1.699909976e-13,1.358559755e-13,4.827870931e-14,1.4614362e-13,1.07762222e-13,7.611522418e-14,4.367263536e-14,1.036234169e-13,4.651962532e-14,4.073696549e-14,9.755742574e-14,1.808505747e-13,4.327049393e-13,1.237848639e-13,5.620079838e-13,5.423967129e-14
24.140625,1.594348218e-13,2.926301193e-13,2.54627823e-13,2.608482394e-13,1.171944629e-13,2.300661901e-13,5.577015074e-14,3.196232927e-14,7.708657257e-14,1.449252673e-13,2.124316287e-13,1.113767016e-13,2.320639503e-13,3.423444598e-13,1.794450517e-13,1.775616038e-13,1.665231011e-13,1.341267881e-13,4.774344924e-14,1.436354398e-13,1.085783343e-13,7.610241118e-14,4.373516728e-14,1.033910782e-13,4.549414822e-14,4.028847892e-14,9.622574222e-14,1.795616547e-13,4.29802173e-13,1.242672065e-13,5.538288197e-13,5.453331737e-14
24.1484375,1.568453841e-13,2.946025632e-13,2.55192035e-13,2.556728382e-13,1.178771197e-13,2.281922502e-13,5.576037304e-14,3.19120359e-14,7.789687855e-14,1.449716264e-13,2.123219525e-13,1.117393139e-13,2.273306485e-13,3.383170034e-13,1.754034257e-13,1.737828859e-13,1.630725697e-13,1.324278091e-13,4.72807189e-14,1.411045396e-13,1.094328063e-13,7.607780509e-14,4.3790742e-14,1.032237528e-13,4.445142637e-14,3.989328257e-14,9.490461535e-14,1.784099329e-13,4.271345562e-13,1.247882629e-13,5.453253321e-13,5.48128841e-14
24.15625,1.54457118e-13,2.963793139e-13,2.559156407e-13,2.506524426e-13,1.187538796e-13,2.265233698e-13,5.576549701e-14,3.186499045e-14,7.878505057e-14,1.450323269e-13,2.122490987e-13,1.121807434e-13,2.227268628e-13,3.347494795e-13,1.71431156e-13,1.70050938e-13,1.597338376e-13,1.308055847e-13,4.688410775e-14,1.388229895e-13,1.102839101e-13,7.611716112e-14,4.38472713e-14,1.031887102e-13,4.34159652e-14,3.951244731e-14,9.368410443e-14,1.772721649e-13,4.24469543e-13,1.252747901e-13,5.368881157e-13,5.512560093e-14
24.1640625,1.52136299e-13,2.980745631e-13,2.565302195e-13,2.457758263e-13,1.197619213e-13,2.248623101e-13,5.576925902e-14,3.184818075e-14,7.974016451e-14,1.449824874e-13,2.121251989e-13,1.126604234e-13,2.182697837e-13,3.313813784e-13,1.675491931e-13,1.665804945e-13,1.564668871e-13,1.291790242e-13,4.650687311e-14,1.368843406e-13,1.110877272e-13,7.618689392e-14,4.388419485e-14,1.032414145e-13,4.240908274e-14,3.91727377e-14,9.257186208e-14,1.760726085e-13,4.217699917e-13,1.256786635e-13,5.283667642e-13,5.550908842e-14
24.171875,1.49728066e-13,2.999547998e-13,2.571308831e-13,2.409926294e-13,1.206468187e-13,2.232395218e-13,5.575443992e-14,3.187730978e-14,8.068659135e-14,1.449231407e-13,2.119676481e-13,1.131388619e-13,2.137924319e-13,3.277867656e-13,1.636904514e-13,1.633927404e-13,1.53362781e-13,1.275913835e-13,4.616887638e-14,1.349150955e-13,1.118527467e-13,7.621130251e-14,4.389449632e-14,1.032341967e-13,4.140876681e-14,3.889353802e-14,9.150727466e-14,1.749785472e-13,4.192095243e-13,1.260993438e-13,5.194710655e-13,5.591715548e-14
24.1796875,1.473466193e-13,3.01791217e-13,2.578457047e-13,2.363673497e-13,1.214509448e-13,2.21772768e-13,5.573754897e-14,3.193443801e-14,8.160015348e-14,1.449928861e-13,2.117463593e-13,1.136300002e-13,2.09364407e-13,3.241922373e-13,1.599265927e-13,1.604453409e-13,1.504730331e-13,1.26159313e-13,4.589183464e-14,1.328475756e-13,1.126169717e-13,7.6192067e-14,4.387934725e-14,1.031542071e-13,4.043931794e-14,3.864967233e-14,9.048481452e-14,1.739925677e-13,4.167333961e-13,1.26566257e-13,5.102930375e-13,5.632483038e-14
24.1875,1.449183841e-13,3.036857711e-13,2.585205063e-13,2.318854408e-13,1.222808181e-13,2.202736117e-13,5.573822141e-14,3.201642885e-14,8.254125268e-14,1.45148277e-13,2.114173651e-13,1.141728795e-13,2.050643432e-13,3.207146913e-13,1.562284961e-13,1.576564809e-13,1.475501663e-13,1.2474199e-13,4.563693543e-14,1.309656084e-13,1.134454686e-13,7.616345807e-14,4.38582174e-14,1.031518651e-13,3.951078438e-14,3.844023205e-14,8.947114498e-14,1.729944355e-13,4.143271116e-13,1.269777008e-13,5.009532328e-13,5.676562497e-14
24.1953125,1.424674974e-13,3.059189431e-13,2.590914406e-13,2.273461499e-13,1.231448571e-13,2.186426135e-13,5.574471023e-14,3.213212457e-14,8.350891368e-14,1.45302569e-13,2.110379411e-13,1.147305627e-13,2.007905082e-13,3.171865245e-13,1.524791312e-13,1.549811382e-13,1.445882936e-13,1.232871726e-13,4.538426889e-14,1.292124066e-13,1.142915444e-13,7.61242333e-14,4.384857883e-14,1.03242885e-13,3.857470309e-14,3.82645087e-14,8.847892267e-14,1.719730282e-13,4.120718049e-13,1.273240518e-13,4.915181604e-13,5.725235762e-14
24.203125,1.402202375e-13,3.083083448e-13,2.595982874e-13,2.227479932e-13,1.240640099e-13,2.170678283e-13,5.575209939e-14,3.227194713e-14,8.444921584e-14,1.454469006e-13,2.106331825e-13,1.152532922e-13,1.965666168e-13,3.136958564e-13,1.487348244e-13,1.524593591e-13,1.417809943e-13,1.219311835e-13,4.514732524e-14,1.274324848e-13,1.150711959e-13,7.606835924e-14,4.383002342e-14,1.033074302e-13,3.762208621e-14,3.808776808e-14,8.763497729e-14,1.709496704e-13,4.097879635e-13,1.276733925e-13,4.821150864e-13,5.776538908e-14
24.2109375,1.379772965e-13,3.107526792e-13,2.600482706e-13,2.183869489e-13,1.249117102e-13,2.156099483e-13,5.577087133e-14,3.243502847e-14,8.536676322e-14,1.455774757e-13,2.101862756e-13,1.157727264e-13,1.924551108e-13,3.102473056e-13,1.45129648e-13,1.501453158e-13,1.39023939e-13,1.205676436e-13,4.493941317e-14,1.257727966e-13,1.158594681e-13,7.598884075e-14,4.378961734e-14,1.033391311e-13,3.668363643e-14,3.790689075e-14,8.690035005e-14,1.699561237e-13,4.073671267e-13,1.280075229e-13,4.726385347e-13,5.828083201e-14
24.21875,1.356418248e-13,3.132884305e-13,2.605613198e-13,2.142769337e-13,1.256625699e-13,2.142114337e-13,5.579309226e-14,3.263572462e-14,8.630443748e-14,1.457017521e-13,2.097048163e-13,1.163370897e-13,1.883987529e-13,3.067973636e-13,1.416866024e-13,1.481571978e-13,1.363505743e-13,1.191685942e-13,4.480017083e-14,1.24308862e-13,1.166785321e-13,7.588923299e-14,4.37452949e-14,1.033859252e-13,3.576758958e-14,3.776540517e-14,8.611659771e-14,1.690380726e-13,4.050431587e-13,1.282850744e-13,4.629000977e-13,5.879856926e-14
24.2265625,1.336146522e-13,3.157901243e-13,2.611573513e-13,2.101054821e-13,1.265679384e-13,2.12920588e-13,5.581139706e-14,3.287449999e-14,8.728846593e-14,1.458657856e-13,2.091348723e-13,1.169485501e-13,1.844793562e-13,3.035967838e-13,1.383472001e-13,1.465484615e-13,1.33992214e-13,1.179711164e-13,4.474408984e-14,1.229266677e-13,1.174000389e-13,7.580926118e-14,4.369339007e-14,1.03444722e-13,3.488277698e-14,3.768538946e-14,8.536548997e-14,1.681597424e-13,4.02887409e-13,1.285222016e-13,4.530427292e-13,5.935875502e-14
24.234375,1.317588004e-13,3.184384169e-13,2.61676703e-13,2.058921682e-13,1.275549521e-13,2.117053349e-13,5.584239952e-14,3.314312372e-14,8.828716508e-14,1.460541633e-13,2.084687067e-13,1.17573234e-13,1.807995372e-13,3.005609806e-13,1.350889958e-13,1.451792533e-13,1.317754019e-13,1.16877918e-13,4.471027714e-14,1.215973501e-13,1.180685772e-13,7.573771974e-14,4.362375159e-14,1.035457779e-13,3.404485386e-14,3.764146126e-14,8.47707548e-14,1.672884956e-13,4.00713866e-13,1.287398283e-13,4.43263427e-13,5.99658471e-14
24.2421875,1.296528689e-13,3.214423424e-13,2.621844829e-13,2.019553131e-13,1.283805954e-13,2.104666644e-13,5.588861275e-14,3.344022829e-14,8.925384649e-14,1.462167668e-13,2.078302153e-13,1.181884138e-13,1.772145468e-13,2.973742916e-13,1.31984504e-13,1.440327652e-13,1.295228675e-13,1.157025144e-13,4.468592167e-14,1.203703382e-13,1.188176226e-13,7.562447259e-14,4.355480488e-14,1.037119272e-13,3.324332842e-14,3.761065172e-14,8.4243308e-14,1.664758969e-13,3.985221827e-13,1.289414048e-13,4.335792206e-13,6.057125424e-14
24.25,1.276177924e-13,3.24447932e-13,2.627643064e-13,1.982835288e-13,1.292460542e-13,2.092762699e-13,5.593606816e-14,3.377424882e-14,9.022789513e-14,1.4641465e-13,2.071674067e-13,1.188188119e-13,1.736452324e-13,2.942541495e-13,1.290718083e-13,1.432600669e-13,1.274385699e-13,1.146767393e-13,4.473781612e-14,1.192807844e-13,1.195473493e-13,7.550836816e-14,4.348389318e-14,1.039036842e-13,3.246125323e-14,3.761438965e-14,8.37444155e-14,1.657094908e-13,3.964572319e-13,1.291034078e-13,4.240032038e-13,6.118601501e-14
24.2578125,1.25853917e-13,3.272935332e-13,2.631573027e-13,1.945762566e-13,1.30184425e-13,2.081701871e-13,5.600386048e-14,3.414844387e-14,9.121221939e-14,1.467119131e-13,2.062428021e-13,1.194582948e-13,1.701966123e-13,2.912528044e-13,1.262591114e-13,1.428341221e-13,1.25538784e-13,1.13861019e-13,4.485095372e-14,1.182915402e-13,1.201620822e-13,7.539458596e-14,4.338931801e-14,1.040759679e-13,3.170892515e-14,3.767338181e-14,8.330491054e-14,1.64900244e-13,3.945367642e-13,1.291976522e-13,4.143555492e-13,6.184878305e-14
24.265625,1.239746849e-13,3.303545453e-13,2.633149081e-13,1.907910516e-13,1.308533478e-13,2.07026435e-13,5.611406466e-14,3.454154583e-14,9.211512833e-14,1.470088397e-13,2.050945223e-13,1.200655201e-13,1.668552956e-13,2.879800395e-13,1.235202818e-13,1.426519924e-13,1.236849786e-13,1.129865675e-13,4.496131838e-14,1.172990201e-13,1.20777327e-13,7.518832416e-14,4.328924534e-14,1.041849274e-13,3.099771105e-14,3.778301701e-14,8.284546855e-14,1.640716468e-13,3.926928271e-13,1.292806489e-13,4.043640106e-13,6.252826266e-14
24.2734375,1.220908464e-13,3.337308787e-13,2.636043021e-13,1.871793012e-13,1.313921322e-13,2.059150344e-13,5.624096561e-14,3.494527075e-14,9.299465345e-14,1.472231997e-13,2.040180996e-13,1.206976109e-13,1.636221507e-13,2.847144303e-13,1.209922728e-13,1.427666099e-13,1.219977312e-13,1.120966612e-13,4.512568103e-14,1.163126904e-13,1.214380686e-13,7.495029744e-14,4.320003643e-14,1.042753136e-13,3.031241047e-14,3.796523286e-14,8.237788523e-14,1.633713157e-13,3.908852593e-13,1.29421272e-13,3.943597067e-13,6.320780203e-14
24.28125,1.205749568e-13,3.372964699e-13,2.640961092e-13,1.838128283e-13,1.320612939e-13,2.050202956e-13,5.636594121e-14,3.537566225e-14,9.395462225e-14,1.474602477e-13,2.030870466e-13,1.214011216e-13,1.606643435e-13,2.819310299e-13,1.187412256e-13,1.432397498e-13,1.205394477e-13,1.113875328e-13,4.540849503e-14,1.153965739e-13,1.220644418e-13,7.481274547e-14,4.309232415e-14,1.044659589e-13,2.965122557e-14,3.822684053e-14,8.200717119e-14,1.62875008e-13,3.891497109e-13,1.295624275e-13,3.848769719e-13,6.390362757e-14
24.2890625,1.191732687e-13,3.410523273e-13,2.645118077e-13,1.804737474e-13,1.32592104e-13,2.042179668e-13,5.649672544e-14,3.581398807e-14,9.486319212e-14,1.477956754e-13,2.020961437e-13,1.220593697e-13,1.579596801e-13,2.792177854e-13,1.16666123e-13,1.440574324e-13,1.191970738e-13,1.107905414e-13,4.573238546e-14,1.144904139e-13,1.226427025e-13,7.466833061e-14,4.29459612e-14,1.04688645e-13,2.903691739e-14,3.850831523e-14,8.168495935e-14,1.624372253e-13,3.875224691e-13,1.296466559e-13,3.756403376e-13,6.457545039e-14
24.296875,1.176362579e-13,3.447413103e-13,2.64811835e-13,1.77083466e-13,1.329289332e-13,2.032968486e-13,5.661020408e-14,3.625461238e-14,9.565014828e-14,1.481126924e-13,2.009127721e-13,1.226294535e-13,1.552857906e-13,2.762437314e-13,1.14729084e-13,1.452519448e-13,1.180170953e-13,1.102466024e-13,4.603950254e-14,1.135983554e-13,1.231718654e-13,7.440121517e-14,4.277088627e-14,1.048087038e-13,2.846463792e-14,3.879354141e-14,8.139741608e-14,1.61832615e-13,3.858916691e-13,1.29731084e-13,3.661746749e-13,6.521675376e-14
24.3046875,1.161814282e-13,3.482272631e-13,2.651386289e-13,1.738347031e-13,1.333712282e-13,2.023414079e-13,5.670036219e-14,3.67582399e-14,9.648139071e-14,1.483093781e-13,1.996252847e-13,1.232519806e-13,1.52640488e-13,2.733630504e-13,1.130343346e-13,1.468921548e-13,1.170691694e-13,1.098353207e-13,4.638323279e-14,1.128415468e-13,1.236498414e-13,7.411826835e-14,4.258466572e-14,1.04938262e-13,2.792348908e-14,3.913169936e-14,8.125494814e-14,1.611036787e-13,3.841563135e-13,1.298397376e-13,3.567347782e-13,6.590547307e-14
24.3125,1.148758347e-13,3.520201516e-13,2.65539151e-13,1.708466756e-13,1.33849678e-13,2.015094515e-13,5.681528886e-14,3.732294433e-14,9.737792528e-14,1.484640531e-13,1.98353792e-13,1.239751087e-13,1.501826921e-13,2.706698081e-13,1.115985256e-13,1.489207621e-13,1.162332466e-13,1.095494263e-13,4.67801519e-14,1.121826017e-13,1.241628366e-13,7.387510659e-14,4.241370227e-14,1.051807626e-13,2.743120354e-14,3.952121564e-14,8.118999991e-14,1.605157887e-13,3.824781558e-13,1.29926676e-13,3.476301236e-13,6.665361528e-14
24.3203125,1.13592904e-13,3.563635417e-13,2.660745733e-13,1.680537228e-13,1.342073162e-13,2.007882039e-13,5.694980122e-14,3.786386551e-14,9.821350333e-14,1.486876699e-13,1.970965096e-13,1.247328529e-13,1.479199707e-13,2.680489929e-13,1.103401933e-13,1.512274562e-13,1.154862555e-13,1.093501528e-13,4.721471374e-14,1.114543533e-13,1.247613528e-13,7.361407339e-14,4.225894142e-14,1.05420288e-13,2.697823596e-14,3.993429149e-14,8.110087983e-14,1.601266912e-13,3.81055517e-13,1.300028019e-13,3.387651151e-13,6.738981318e-14
24.328125,1.124240001e-13,3.608483856e-13,2.667810968e-13,1.653692514e-13,1.345535842e-13,2.000826288e-13,5.7051569e-14,3.836860191e-14,9.898817394e-14,1.489605927e-13,1.958486766e-13,1.255301144e-13,1.457825187e-13,2.656905353e-13,1.093221355e-13,1.539147097e-13,1.150132386e-13,1.093146216e-13,4.772315642e-14,1.106186521e-13,1.254111095e-13,7.334564986e-14,4.208469894e-14,1.055982937e-13,2.654171524e-14,4.037064399e-14,8.111096024e-14,1.59814743e-13,3.79786185e-13,1.301035328e-13,3.302061714e-13,6.806340025e-14
24.3359375,1.114956292e-13,3.653518893e-13,2.675173635e-13,1.627782035e-13,1.349292432e-13,1.9933029e-13,5.71411224e-14,3.888177948e-14,9.974175065e-14,1.491891806e-13,1.9465061e-13,1.263772453e-13,1.437650704e-13,2.635997304e-13,1.086255333e-13,1.570973227e-13,1.148311996e-13,1.094940647e-13,4.829833804e-14,1.098499908e-13,1.261127601e-13,7.30782015e-14,4.188689238e-14,1.05764737e-13,2.613861809e-14,4.081940938e-14,8.123920476e-14,1.596177552e-13,3.784383863e-13,1.302174918e-13,3.220249913e-13,6.867525048e-14
24.34375,1.107580916e-13,3.701050269e-13,2.681451207e-13,1.603923004e-13,1.353491587e-13,1.986039098e-13,5.725931317e-14,3.942631391e-14,1.005136408e-13,1.493354205e-13,1.934177922e-13,1.272482827e-13,1.418856334e-13,2.615699879e-13,1.081348894e-13,1.606145618e-13,1.14738223e-13,1.0978107e-13,4.888909935e-14,1.0930851e-13,1.26836934e-13,7.279711534e-14,4.16894486e-14,1.059376223e-13,2.577078314e-14,4.129085059e-14,8.131958691e-14,1.595811306e-13,3.770129274e-13,1.303290184e-13,3.139655929e-13,6.929956147e-14
24.3515625,1.101155101e-13,3.751229137e-13,2.686991424e-13,1.583026039e-13,1.358106004e-13,1.980116053e-13,5.738785965e-14,4.002991535e-14,1.013498935e-13,1.494282236e-13,1.920208105e-13,1.281462906e-13,1.401687141e-13,2.596041006e-13,1.077998011e-13,1.643881122e-13,1.147090913e-13,1.100876019e-13,4.951599188e-14,1.087980427e-13,1.274987668e-13,7.252842673e-14,4.148405125e-14,1.061311543e-13,2.543183102e-14,4.181759831e-14,8.139658262e-14,1.595626536e-13,3.756855703e-13,1.304275176e-13,3.05995076e-13,6.999862367e-14
24.359375,1.094575515e-13,3.802892814e-13,2.692675348e-13,1.563266913e-13,1.360993878e-13,1.974462643e-13,5.751472517e-14,4.067020206e-14,1.02146385e-13,1.494908811e-13,1.905198204e-13,1.290236613e-13,1.386138636e-13,2.576282867e-13,1.077134594e-13,1.685153604e-13,1.14827183e-13,1.104665099e-13,5.020031953e-14,1.080719722e-13,1.281070985e-13,7.223746995e-14,4.126289561e-14,1.063186333e-13,2.51570447e-14,4.237854222e-14,8.160731963e-14,1.59494797e-13,3.744684652e-13,1.305022642e-13,2.983531716e-13,7.069712137e-14
24.3671875,1.087756911e-13,3.854673276e-13,2.698741921e-13,1.542446345e-13,1.362005917e-13,1.967793028e-13,5.764138792e-14,4.127519907e-14,1.028218306e-13,1.495248789e-13,1.890390002e-13,1.298220993e-13,1.371722499e-13,2.55535962e-13,1.07816116e-13,1.728819628e-13,1.14999126e-13,1.109370408e-13,5.091097234e-14,1.07356561e-13,1.287146228e-13,7.188908345e-14,4.104642376e-14,1.064563965e-13,2.493811971e-14,4.294407792e-14,8.186593001e-14,1.594678112e-13,3.732227621e-13,1.305654974e-13,2.910237659e-13,7.132043143e-14
24.375,1.082686729e-13,3.906708587e-13,2.704915261e-13,1.521827049e-13,1.363414736e-13,1.961290159e-13,5.774998232e-14,4.186099167e-14,1.034907243e-13,1.49543753e-13,1.87599759e-13,1.306269026e-13,1.358434481e-13,2.535454334e-13,1.080490207e-13,1.774190699e-13,1.152385673e-13,1.114570737e-13,5.165864534e-14,1.068383871e-13,1.293454129e-13,7.155104782e-14,4.084142957e-14,1.065719527e-13,2.47286278e-14,4.352559476e-14,8.211347128e-14,1.595444086e-13,3.719470184e-13,1.306322329e-13,2.838800991e-13,7.191174067e-14
24.3828125,1.079717375e-13,3.962458398e-13,2.710842737e-13,1.503760746e-13,1.364424122e-13,1.955817846e-13,5.786042267e-14,4.247976172e-14,1.041720919e-13,1.495463987e-13,1.862096122e-13,1.315175248e-13,1.346652639e-13,2.517621358e-13,1.085683611e-13,1.823376285e-13,1.157153568e-13,1.120409909e-13,5.24546177e-14,1.062658919e-13,1.300595119e-13,7.122053256e-14,4.0644831e-14,1.066486382e-13,2.455234634e-14,4.412260379e-14,8.245885672e-14,1.597625465e-13,3.706787689e-13,1.307064207e-13,2.769230045e-13,7.248857383e-14
24.390625,1.077075623e-13,4.022514935e-13,2.716440384e-13,1.487831976e-13,1.364046052e-13,1.950666451e-13,5.800978609e-14,4.311111668e-14,1.047924639e-13,1.494815372e-13,1.848318651e-13,1.324218125e-13,1.336259389e-13,2.500635809e-13,1.094109986e-13,1.876614924e-13,1.163202481e-13,1.126737651e-13,5.326461577e-14,1.056477797e-13,1.308291676e-13,7.084730939e-14,4.045457766e-14,1.066786863e-13,2.442415661e-14,4.473784198e-14,8.288026572e-14,1.600833811e-13,3.693059503e-13,1.307708138e-13,2.70203571e-13,7.304395069e-14
24.3984375,1.075652913e-13,4.083114298e-13,2.722035101e-13,1.47256847e-13,1.364349356e-13,1.946060749e-13,5.817436172e-14,4.37494704e-14,1.054350324e-13,1.493289186e-13,1.833644446e-13,1.33303789e-13,1.327438188e-13,2.485796497e-13,1.104296713e-13,1.932496748e-13,1.168942245e-13,1.13321546e-13,5.410779852e-14,1.052361087e-13,1.31544209e-13,7.050953306e-14,4.024882257e-14,1.067857674e-13,2.429918355e-14,4.539708676e-14,8.324916656e-14,1.6035754e-13,3.678687186e-13,1.307785072e-13,2.638631939e-13,7.36294874e-14
24.40625,1.076612644e-13,4.144386547e-13,2.728422883e-13,1.458807259e-13,1.365122822e-13,1.942315426e-13,5.832544014e-14,4.441506848e-14,1.06117874e-13,1.491722903e-13,1.818482587e-13,1.342272408e-13,1.320704869e-13,2.473720323e-13,1.116526944e-13,1.991930019e-13,1.176365816e-13,1.140645576e-13,5.501406967e-14,1.048471788e-13,1.322831671e-13,7.022720367e-14,4.002810476e-14,1.069598322e-13,2.41945066e-14,4.610134953e-14,8.360746677e-14,1.606283657e-13,3.666430918e-13,1.307525377e-13,2.579084351e-13,7.422244826e-14
24.4140625,1.078174236e-13,4.20866078e-13,2.736257753e-13,1.448318777e-13,1.364427722e-13,1.938706512e-13,5.847613372e-14,4.508379436e-14,1.067158068e-13,1.490801574e-13,1.804173705e-13,1.35200108e-13,1.315625218e-13,2.46207587e-13,1.132159439e-13,2.055850313e-13,1.187077969e-13,1.149731102e-13,5.595298978e-14,1.042924128e-13,1.331438665e-13,6.989707142e-14,3.983433384e-14,1.070437374e-13,2.415444081e-14,4.683759975e-14,8.405623886e-14,1.611277843e-13,3.657001485e-13,1.308015264e-13,2.521334285e-13,7.473918419e-14
24.421875,1.080999571e-13,4.274383948e-13,2.744815801e-13,1.440215314e-13,1.363354105e-13,1.935429726e-13,5.86249224e-14,4.575095468e-14,1.072636015e-13,1.489675608e-13,1.790404279e-13,1.361898978e-13,1.311668696e-13,2.451505698e-13,1.150949702e-13,2.122868665e-13,1.199775519e-13,1.160093563e-13,5.69431188e-14,1.037606764e-13,1.339795497e-13,6.954855139e-14,3.966672376e-14,1.070820661e-13,2.415210917e-14,4.759593514e-14,8.453962859e-14,1.618379752e-13,3.648981933e-13,1.309233566e-13,2.466307237e-13,7.520260018e-14
24.4296875,1.086848242e-13,4.34105085e-13,2.752455537e-13,1.432334165e-13,1.362474862e-13,1.932726917e-13,5.875867979e-14,4.644287461e-14,1.07849496e-13,1.487120247e-13,1.776058425e-13,1.371907306e-13,1.309048573e-13,2.443622732e-13,1.172110514e-13,2.191941207e-13,1.213730077e-13,1.171208959e-13,5.801258558e-14,1.032931908e-13,1.347345685e-13,6.925036847e-14,3.947482502e-14,1.071678334e-13,2.416836165e-14,4.836917368e-14,8.498396012e-14,1.625409679e-13,3.641690549e-13,1.309999048e-13,2.415902455e-13,7.5649874e-14
24.4375,1.093054966e-13,4.410873014e-13,2.758906721e-13,1.425271863e-13,1.36041802e-13,1.929573224e-13,5.888533674e-14,4.716131403e-14,1.084288241e-13,1.483634538e-13,1.761063363e-13,1.381969191e-13,1.307750795e-13,2.4360474e-13,1.195842885e-13,2.264556667e-13,1.229728572e-13,1.182771129e-13,5.908832212e-14,1.028559765e-13,1.355727005e-13,6.89284573e-14,3.925074599e-14,1.072030036e-13,2.422068831e-14,4.919072777e-14,8.546614062e-14,1.632263279e-13,3.633972059e-13,1.310336966e-13,2.367732635e-13,7.606447707e-14
24.4453125,1.099036057e-13,4.483351901e-13,2.765918408e-13,1.420641861e-13,1.358082791e-13,1.926526113e-13,5.901081101e-14,4.791500361e-14,1.090120446e-13,1.480593019e-13,1.746102125e-13,1.392458129e-13,1.308147034e-13,2.428448345e-13,1.222659437e-13,2.342388959e-13,1.248032227e-13,1.195105333e-13,6.016061228e-14,1.025896463e-13,1.365194099e-13,6.857437318e-14,3.902763412e-14,1.071604577e-13,2.430393418e-14,5.008242203e-14,8.605913903e-14,1.640485948e-13,3.624985054e-13,1.31125634e-13,2.321411602e-13,7.649090536e-14
24.453125,1.108013794e-13,4.557069273e-13,2.775079287e-13,1.417611756e-13,1.356371175e-13,1.925505166e-13,5.914402696e-14,4.869462304e-14,1.096239499e-13,1.47764011e-13,1.732113283e-13,1.403882592e-13,1.311063823e-13,2.423930855e-13,1.25260793e-13,2.423724786e-13,1.267929335e-13,1.208755509e-13,6.132996102e-14,1.023759352e-13,1.375038054e-13,6.827343957e-14,3.881923789e-14,1.071275005e-13,2.442084922e-14,5.099298693e-14,8.667687261e-14,1.650434541e-13,3.616781857e-13,1.312554884e-13,2.280725951e-13,7.69371665e-14
24.4609375,1.118367377e-13,4.632599394e-13,2.785495134e-13,1.415078893e-13,1.353771433e-13,1.925666669e-13,5.929638518e-14,4.944184265e-14,1.101576853e-13,1.473249033e-13,1.719116984e-13,1.415639043e-13,1.315564338e-13,2.421465114e-13,1.285216353e-13,2.506356419e-13,1.289116654e-13,1.223254524e-13,6.257197796e-14,1.019746539e-13,1.385530904e-13,6.798401177e-14,3.863061375e-14,1.070684536e-13,2.459012828e-14,5.189679774e-14,8.725602705e-14,1.660713809e-13,3.610330265e-13,1.313267086e-13,2.244314754e-13,7.729553289e-14
24.46875,1.127446491e-13,4.709750074e-13,2.794666489e-13,1.413708641e-13,1.350512128e-13,1.924688651e-13,5.944166801e-14,5.014534187e-14,1.105858931e-13,1.467504644e-13,1.705511092e-13,1.427030606e-13,1.320360325e-13,2.418299714e-13,1.319543644e-13,2.591564313e-13,1.312368237e-13,1.23828634e-13,6.376727206e-14,1.0149566e-13,1.39645024e-13,6.763881633e-14,3.847355021e-14,1.069355183e-13,2.480102185e-14,5.282704969e-14,8.791007429e-14,1.669934399e-13,3.603346272e-13,1.31345969e-13,2.207845543e-13,7.755383383e-14
24.4765625,1.137985204e-13,4.787824174e-13,2.802402379e-13,1.414260111e-13,1.348263913e-13,1.923092643e-13,5.955704888e-14,5.084312368e-14,1.110131311e-13,1.461846116e-13,1.690819033e-13,1.438733971e-13,1.326558901e-13,2.416284595e-13,1.355102591e-13,2.679647066e-13,1.337650013e-13,1.254320356e-13,6.493695525e-14,1.010459328e-13,1.407386721e-13,6.729715948e-14,3.83373183e-14,1.067973315e-13,2.503310515e-14,5.377996326e-14,8.870969842e-14,1.679098214e-13,3.59594581e-13,1.313849492e-13,2.173216049e-13,7.780967471e-14
24.484375,1.151264207e-13,4.867618248e-13,2.811619582e-13,1.417074105e-13,1.346540621e-13,1.922680068e-13,5.966430738e-14,5.154689963e-14,1.114703389e-13,1.45678657e-13,1.676916872e-13,1.451537212e-13,1.334758485e-13,2.417724806e-13,1.393112604e-13,2.768411313e-13,1.363926175e-13,1.271186162e-13,6.618673969e-14,1.005319438e-13,1.419053849e-13,6.70074313e-14,3.818768635e-14,1.066775792e-13,2.527342626e-14,5.474165956e-14,8.954684025e-14,1.690656797e-13,3.590672037e-13,1.314672573e-13,2.143482587e-13,7.807107039e-14
24.4921875,1.16534511e-13,4.949691464e-13,2.823546527e-13,1.422052625e-13,1.344531211e-13,1.922973922e-13,5.975720477e-14,5.227993365e-14,1.119405207e-13,1.45182369e-13,1.664667127e-13,1.465212269e-13,1.34319833e-13,2.421389101e-13,1.434594491e-13,2.858229655e-13,1.391586874e-13,1.288712447e-13,6.752519945e-14,9.998582214e-14,1.431626878e-13,6.673836063e-14,3.800533313e-14,1.06528124e-13,2.550363208e-14,5.573453035e-14,9.036262395e-14,1.704668435e-13,3.586855228e-13,1.315936333e-13,2.116895133e-13,7.830262521e-14
24.5,1.179873546e-13,5.032544554e-13,2.835701933e-13,1.428153088e-13,1.342197893e-13,1.922687203e-13,5.980911595e-14,5.306067935e-14,1.124098453e-13,1.44635864e-13,1.652951372e-13,1.479021147e-13,1.351683609e-13,2.425177724e-13,1.477761641e-13,2.949646491e-13,1.420943328e-13,1.306883932e-13,6.887316316e-14,9.948189937e-14,1.444358555e-13,6.645459078e-14,3.780690201e-14,1.063607337e-13,2.572431395e-14,5.674529074e-14,9.123015143e-14,1.718805031e-13,3.582503864e-13,1.317526489e-13,2.09217511e-13,7.851270077e-14
24.5078125,1.194512339e-13,5.114068262e-13,2.846223318e-13,1.434619853e-13,1.338841576e-13,1.922047022e-13,5.986423341e-14,5.384082431e-14,1.128187044e-13,1.439874173e-13,1.64120823e-13,1.492171278e-13,1.361962615e-13,2.428294338e-13,1.520885055e-13,3.041149593e-13,1.450553727e-13,1.324781444e-13,7.017471006e-14,9.899841043e-14,1.457112273e-13,6.613505139e-14,3.762658166e-14,1.062049626e-13,2.596483505e-14,5.773285873e-14,9.216814764e-14,1.732098342e-13,3.577989642e-13,1.318807316e-13,2.070439382e-13,7.867902204e-14
24.515625,1.209506212e-13,5.195848177e-13,2.856089363e-13,1.441500158e-13,1.334974271e-13,1.921557488e-13,5.995606091e-14,5.459451038e-14,1.131816977e-13,1.432532215e-13,1.629694599e-13,1.504933975e-13,1.373745016e-13,2.431941191e-13,1.565185145e-13,3.134264145e-13,1.480721488e-13,1.34268676e-13,7.147195108e-14,9.855348441e-14,1.470270755e-13,6.579964654e-14,3.748078288e-14,1.060152462e-13,2.624338384e-14,5.870681272e-14,9.313489756e-14,1.745964164e-13,3.573624797e-13,1.319520139e-13,2.051999532e-13,7.878148948e-14
24.5234375,1.227131633e-13,5.28253343e-13,2.866797661e-13,1.449269442e-13,1.332707589e-13,1.921257311e-13,6.001589935e-14,5.535307987e-14,1.136014603e-13,1.42518291e-13,1.618585471e-13,1.519051025e-13,1.385564606e-13,2.438280348e-13,1.611773952e-13,3.230915705e-13,1.513184821e-13,1.36226225e-13,7.285906965e-14,9.814808381e-14,1.484377382e-13,6.551051345e-14,3.736255191e-14,1.057569812e-13,2.65410184e-14,5.970198587e-14,9.413989387e-14,1.761837514e-13,3.568923495e-13,1.320326418e-13,2.036936144e-13,7.886185944e-14
24.53125,1.246869601e-13,5.372992888e-13,2.878916185e-13,1.459364688e-13,1.332399987e-13,1.921572095e-13,6.001049598e-14,5.610187358e-14,1.140598651e-13,1.418025528e-13,1.608252177e-13,1.53512925e-13,1.398060895e-13,2.447505966e-13,1.660175973e-13,3.328670173e-13,1.547075514e-13,1.383140964e-13,7.434862626e-14,9.774441484e-14,1.499604379e-13,6.528007005e-14,3.726851295e-14,1.05465584e-13,2.683720717e-14,6.07286382e-14,9.519590019e-14,1.779137141e-13,3.564177524e-13,1.321428292e-13,2.025371317e-13,7.893716277e-14
24.5390625,1.266398648e-13,5.461349661e-13,2.891114825e-13,1.472170386e-13,1.332149131e-13,1.922247447e-13,6.001030476e-14,5.680765843e-14,1.144467797e-13,1.410485787e-13,1.598681914e-13,1.5513144e-13,1.4123134e-13,2.457685851e-13,1.710116676e-13,3.425830074e-13,1.581067634e-13,1.403781917e-13,7.586234374e-14,9.734006905e-14,1.514860984e-13,6.505736682e-14,3.719585483e-14,1.051262559e-13,2.714804453e-14,6.178108396e-14,9.628903598e-14,1.796181462e-13,3.558952196e-13,1.32242262e-13,2.016180171e-13,7.898200645e-14
24.546875,1.286433153e-13,5.549374824e-13,2.900332444e-13,1.4854748e-13,1.330099821e-13,1.921936027e-13,6.004376874e-14,5.749179126e-14,1.147439997e-13,1.402253165e-13,1.589166926e-13,1.566094026e-13,1.427331694e-13,2.466934197e-13,1.760988242e-13,3.522913229e-13,1.615749599e-13,1.423920497e-13,7.73544772e-14,9.687306805e-14,1.529446533e-13,6.480487473e-14,3.711366414e-14,1.046693068e-13,2.748020887e-14,6.283834535e-14,9.743213249e-14,1.812898948e-13,3.552338327e-13,1.323428683e-13,2.008459352e-13,7.898834098e-14
24.5546875,1.307880605e-13,5.642316424e-13,2.906481336e-13,1.498437552e-13,1.32669518e-13,1.920727395e-13,6.006688482e-14,5.817014821e-14,1.150064383e-13,1.393313118e-13,1.579604812e-13,1.580231102e-13,1.442136899e-13,2.47545387e-13,1.812547378e-13,3.619436365e-13,1.651111448e-13,1.443791246e-13,7.88592765e-14,9.633645712e-14,1.544460269e-13,6.452909441e-14,3.699516434e-14,1.041302766e-13,2.780562272e-14,6.386332964e-14,9.862436619e-14,1.830572456e-13,3.545571473e-13,1.324462562e-13,2.002658156e-13,7.894807387e-14
24.5625,1.3304173e-13,5.736355759e-13,2.913845181e-13,1.512827485e-13,1.324663272e-13,1.920370606e-13,6.006405594e-14,5.884152649e-14,1.152949707e-13,1.383878042e-13,1.570742153e-13,1.595213237e-13,1.457657322e-13,2.486275612e-13,1.86602598e-13,3.715745843e-13,1.686935258e-13,1.463789579e-13,8.043037076e-14,9.588636026e-14,1.56068356e-13,6.427817693e-14,3.687222645e-14,1.036221702e-13,2.812873985e-14,6.484096754e-14,9.982231801e-14,1.849442486e-13,3.540427603e-13,1.3252375e-13,1.999752234e-13,7.885954049e-14
24.5703125,1.354658039e-13,5.827512575e-13,2.923921088e-13,1.528880326e-13,1.324380391e-13,1.921214101e-13,6.004815958e-14,5.953086972e-14,1.156330807e-13,1.374503054e-13,1.563078824e-13,1.611235715e-13,1.474479045e-13,2.501064463e-13,1.920972928e-13,3.812367935e-13,1.724211683e-13,1.484070008e-13,8.206687905e-14,9.551370981e-14,1.577447185e-13,6.408614669e-14,3.678549237e-14,1.031656608e-13,2.847097241e-14,6.579488535e-14,1.010276329e-13,1.869168686e-13,3.536098217e-13,1.326197274e-13,2.000728285e-13,7.874483809e-14
24.578125,1.380399537e-13,5.91995009e-13,2.932931434e-13,1.545612873e-13,1.323011794e-13,1.921682514e-13,6.003106117e-14,6.02312562e-14,1.15937528e-13,1.365143962e-13,1.556333486e-13,1.627024779e-13,1.491760308e-13,2.517006368e-13,1.975827812e-13,3.908497472e-13,1.763277404e-13,1.504151698e-13,8.370311975e-14,9.504770753e-14,1.593889944e-13,6.389391225e-14,3.670918472e-14,1.026625905e-13,2.881274491e-14,6.6742891e-14,1.023076202e-13,1.889692501e-13,3.530300969e-13,1.327467341e-13,2.005109867e-13,7.859098169e-14
24.5859375,1.406884707e-13,6.013696688e-13,2.939513253e-13,1.563589512e-13,1.320933161e-13,1.921139231e-13,6.002737572e-14,6.090489742e-14,1.161385244e-13,1.35513035e-13,1.549870322e-13,1.641762113e-13,1.509524446e-13,2.532219793e-13,2.031896843e-13,4.005248644e-13,1.804035439e-13,1.524442545e-13,8.530604995e-14,9.455644107e-14,1.609604683e-13,6.363829084e-14,3.660750959e-14,1.020161874e-13,2.91585283e-14,6.767969761e-14,1.036746076e-13,1.910396014e-13,3.522691295e-13,1.328241717e-13,2.010500372e-13,7.837258546e-14
24.59375,1.434415459e-13,6.104133552e-13,2.947202282e-13,1.583103055e-13,1.320761581e-13,1.921186877e-13,6.002164347e-14,6.157764869e-14,1.163258834e-13,1.344619185e-13,1.543724096e-13,1.656473238e-13,1.5285469e-13,2.54844933e-13,2.090028735e-13,4.103293526e-13,1.846460328e-13,1.545003145e-13,8.692248531e-14,9.418446307e-14,1.625258044e-13,6.337799816e-14,3.650675343e-14,1.012812164e-13,2.953705023e-14,6.861122961e-14,1.050073492e-13,1.931067583e-13,3.51555105e-13,1.328570602e-13,2.016140843e-13,7.812597114e-14
24.6015625,1.462172235e-13,6.194195227e-13,2.956899778e-13,1.603127089e-13,1.32087724e-13,1.9229119e-13,5.99837579e-14,6.228599978e-14,1.165748533e-13,1.334009653e-13,1.538352142e-13,1.672179442e-13,1.548367082e-13,2.566113136e-13,2.147993005e-13,4.199663142e-13,1.888943471e-13,1.564233776e-13,8.856635162e-14,9.3818129e-14,1.642173811e-13,6.317983336e-14,3.643663441e-14,1.006055738e-13,2.991599292e-14,6.953197541e-14,1.061853874e-13,1.952194782e-13,3.50999306e-13,1.328869065e-13,2.024155179e-13,7.787559239e-14
24.609375,1.490125816e-13,6.287048902e-13,2.964733764e-13,1.623836756e-13,1.319851791e-13,1.924909464e-13,5.993038912e-14,6.298957096e-14,1.168217754e-13,1.322435833e-13,1.533246182e-13,1.688328098e-13,1.568785273e-13,2.584562068e-13,2.205365829e-13,4.293709579e-13,1.931032907e-13,1.582420008e-13,9.019590997e-14,9.333440318e-14,1.659917897e-13,6.30083994e-14,3.638319283e-14,9.998355452e-14,3.027588709e-14,7.039701333e-14,1.07293376e-13,1.973121799e-13,3.504122456e-13,1.328567269e-13,2.035140821e-13,7.757644485e-14
24.6171875,1.520892024e-13,6.378272169e-13,2.969578793e-13,1.646755761e-13,1.320622206e-13,1.926143348e-13,5.988659893e-14,6.3658115e-14,1.170417101e-13,1.309364845e-13,1.528001706e-13,1.704421255e-13,1.590903467e-13,2.604937546e-13,2.263730128e-13,4.38819453e-13,1.975516329e-13,1.601284315e-13,9.18190532e-14,9.283216741e-14,1.676839434e-13,6.283637642e-14,3.634001557e-14,9.930591755e-14,3.065987623e-14,7.120491001e-14,1.085103621e-13,1.993602384e-13,3.497075837e-13,1.327847126e-13,2.047068773e-13,7.720843512e-14
24.625,1.553899399e-13,6.46815611e-13,2.974745842e-13,1.672068404e-13,1.323150965e-13,1.927328707e-13,5.982546622e-14,6.43164007e-14,1.172619734e-13,1.29597889e-13,1.523612069e-13,1.720668298e-13,1.614363943e-13,2.626639155e-13,2.322932735e-13,4.483119795e-13,2.022888057e-13,1.61995892e-13,9.344576646e-14,9.243901734e-14,1.693095818e-13,6.267360322e-14,3.631290809e-14,9.857205744e-14,3.105957997e-14,7.202316605e-14,1.098215279e-13,2.015139651e-13,3.489826477e-13,1.327670103e-13,2.059569289e-13,7.68029978e-14
24.6328125,1.58611709e-13,6.562609834e-13,2.980637865e-13,1.697894351e-13,1.324013753e-13,1.928067711e-13,5.97139214e-14,6.496646132e-14,1.174265718e-13,1.282843789e-13,1.520233689e-13,1.736684857e-13,1.637405804e-13,2.647273531e-13,2.382763754e-13,4.576948833e-13,2.070344522e-13,1.637681257e-13,9.5040025e-14,9.212182859e-14,1.709751265e-13,6.248716585e-14,3.628117327e-14,9.779165588e-14,3.143722173e-14,7.286994816e-14,1.111075015e-13,2.037502411e-13,3.481961209e-13,1.327509968e-13,2.074059785e-13,7.637056262e-14
24.640625,1.61901869e-13,6.659428899e-13,2.984647844e-13,1.72299112e-13,1.324045199e-13,1.927570314e-13,5.95659629e-14,6.560155959e-14,1.175084075e-13,1.268926051e-13,1.516749154e-13,1.752147636e-13,1.660062388e-13,2.667453686e-13,2.443767608e-13,4.670253019e-13,2.11805588e-13,1.656192046e-13,9.664540319e-14,9.172922739e-14,1.726558883e-13,6.227001329e-14,3.623204219e-14,9.694118261e-14,3.182084864e-14,7.370328603e-14,1.123902683e-13,2.059063164e-13,3.473921269e-13,1.326680995e-13,2.090325419e-13,7.589362378e-14
24.6484375,1.654400853e-13,6.752243809e-13,2.987830116e-13,1.748300637e-13,1.325282229e-13,1.927024668e-13,5.94152896e-14,6.62351264e-14,1.175737763e-13,1.254104668e-13,1.513469623e-13,1.767570742e-13,1.683395386e-13,2.688402327e-13,2.505133401e-13,4.763816167e-13,2.168078946e-13,1.676175839e-13,9.832486949e-14,9.121427974e-14,1.743217289e-13,6.206987625e-14,3.618897335e-14,9.609483614e-14,3.223156676e-14,7.453018381e-14,1.137104585e-13,2.080611971e-13,3.467632262e-13,1.32600509e-13,2.107535597e-13,7.535759354e-14
24.65625,1.689812277e-13,6.842136922e-13,2.992372148e-13,1.774568768e-13,1.326082374e-13,1.92716033e-13,5.927030423e-14,6.684903416e-14,1.176261513e-13,1.239453944e-13,1.511243232e-13,1.782987667e-13,1.707185822e-13,2.708847359e-13,2.566420605e-13,4.857567049e-13,2.219509318e-13,1.696840205e-13,1.000108272e-13,9.072269521e-14,1.760076743e-13,6.188061126e-14,3.616764612e-14,9.527502622e-14,3.265123904e-14,7.538308025e-14,1.1502491e-13,2.103117821e-13,3.461412038e-13,1.325730703e-13,2.126133359e-13,7.477116422e-14
24.6640625,1.724872463e-13,6.932796345e-13,2.996527582e-13,1.80117532e-13,1.326167915e-13,1.927338302e-13,5.911607111e-14,6.743465788e-14,1.176357893e-13,1.224859438e-13,1.509442976e-13,1.798076879e-13,1.731066829e-13,2.729143826e-13,2.628557161e-13,4.950810358e-13,2.27110251e-13,1.717651943e-13,1.016700513e-13,9.030823888e-14,1.776762153e-13,6.167652738e-14,3.615482966e-14,9.437920218e-14,3.308246753e-14,7.623582451e-14,1.163633359e-13,2.125468211e-13,3.452845319e-13,1.325056289e-13,2.146115583e-13,7.416663253e-14
24.671875,1.761620143e-13,7.02299413e-13,2.999141956e-13,1.828169628e-13,1.327577778e-13,1.92764306e-13,5.894270092e-14,6.803872909e-14,1.176369996e-13,1.209346186e-13,1.507921417e-13,1.813152245e-13,1.755419818e-13,2.751257264e-13,2.691178761e-13,5.041990595e-13,2.323599651e-13,1.737554736e-13,1.033714494e-13,8.984239435e-14,1.792627724e-13,6.148018936e-14,3.613052311e-14,9.342861683e-14,3.351351623e-14,7.70448112e-14,1.177500201e-13,2.147436757e-13,3.443873319e-13,1.32408332e-13,2.166782832e-13,7.35425267e-14
24.6796875,1.799367427e-13,7.11022083e-13,3.001797002e-13,1.856293348e-13,1.330065856e-13,1.928012647e-13,5.874758797e-14,6.866501564e-14,1.176305227e-13,1.19327652e-13,1.507434659e-13,1.828178552e-13,1.78038105e-13,2.774451791e-13,2.753179833e-13,5.131093474e-13,2.377839208e-13,1.756452012e-13,1.0508144e-13,8.935854316e-14,1.807811311e-13,6.129208576e-14,3.609441908e-14,9.252293143e-14,3.391972124e-14,7.780476756e-14,1.191062873e-13,2.16963322e-13,3.435485561e-13,1.323340061e-13,2.188187784e-13,7.286682338e-14
24.6875,1.837851018e-13,7.194727261e-13,3.004336959e-13,1.885577082e-13,1.332850865e-13,1.92811578e-13,5.852249876e-14,6.926254341e-14,1.175895194e-13,1.177866819e-13,1.507519303e-13,1.842818338e-13,1.805798981e-13,2.797558403e-13,2.81483716e-13,5.220250649e-13,2.434837936e-13,1.776309952e-13,1.067430415e-13,8.902153731e-14,1.822604947e-13,6.10998611e-14,3.608197915e-14,9.162484563e-14,3.432848014e-14,7.852780481e-14,1.204903965e-13,2.191683128e-13,3.426035523e-13,1.322609941e-13,2.21010228e-13,7.215702663e-14
24.6953125,1.877956362e-13,7.276742174e-13,3.00567921e-13,1.9157538e-13,1.336393997e-13,1.928402694e-13,5.825904889e-14,6.982879937e-14,1.175303891e-13,1.163138203e-13,1.507533317e-13,1.857430145e-13,1.8312194e-13,2.820951484e-13,2.876112459e-13,5.309319131e-13,2.494517123e-13,1.797476494e-13,1.084129192e-13,8.872575465e-14,1.837158761e-13,6.09126074e-14,3.61159169e-14,9.067340204e-14,3.475406631e-14,7.922910925e-14,1.220227709e-13,2.213691386e-13,3.416115494e-13,1.321630667e-13,2.231333781e-13,7.14359178e-14
24.703125,1.917586777e-13,7.355005177e-13,3.006270176e-13,1.946523813e-13,1.339915003e-13,1.928554848e-13,5.796074286e-14,7.038824675e-14,1.174321383e-13,1.148072115e-13,1.507935813e-13,1.871933336e-13,1.855957724e-13,2.843843005e-13,2.935752369e-13,5.394899021e-13,2.553893123e-13,1.817770603e-13,1.100880256e-13,8.824976644e-14,1.851534217e-13,6.070605798e-14,3.615307538e-14,8.969094616e-14,3.515376816e-14,7.991767015e-14,1.235486129e-13,2.235836774e-13,3.40621232e-13,1.320358403e-13,2.251657752e-13,7.066945171e-14
24.7109375,1.956155765e-13,7.431301356e-13,3.006617077e-13,1.977602825e-13,1.342852002e-13,1.92859426e-13,5.764868576e-14,7.094470366e-14,1.172840901e-13,1.132339657e-13,1.50893766e-13,1.885965363e-13,1.880698437e-13,2.86632317e-13,2.994028493e-13,5.47579137e-13,2.61166868e-13,1.836479179e-13,1.117346979e-13,8.766875153e-14,1.865353718e-13,6.048332397e-14,3.615209154e-14,8.871310725e-14,3.5526477e-14,8.057482765e-14,1.249072536e-13,2.257482353e-13,3.395757539e-13,1.318724122e-13,2.272815016e-13,6.985853356e-14
24.71875,1.996421773e-13,7.50962172e-13,3.007420099e-13,2.009070089e-13,1.346220171e-13,1.929825013e-13,5.733981841e-14,7.151340648e-14,1.171579978e-13,1.116409752e-13,1.510571249e-13,1.9002217e-13,1.906538326e-13,2.890284238e-13,3.052749738e-13,5.554951845e-13,2.670365234e-13,1.855062306e-13,1.134146369e-13,8.716228001e-14,1.878467161e-13,6.029457062e-14,3.613852495e-14,8.776074554e-14,3.591261748e-14,8.119007248e-14,1.262652979e-13,2.279254324e-13,3.386635409e-13,1.316979642e-13,2.296099443e-13,6.904788971e-14
24.7265625,2.037341853e-13,7.587819366e-13,3.009036897e-13,2.040552442e-13,1.349844853e-13,1.931030539e-13,5.701836034e-14,7.209661376e-14,1.170457837e-13,1.100414406e-13,1.513133934e-13,1.914559442e-13,1.932000491e-13,2.914301366e-13,3.111567623e-13,5.633917233e-13,2.730702217e-13,1.8739869e-13,1.150867017e-13,8.67059122e-14,1.89135669e-13,6.010064935e-14,3.614465638e-14,8.681266144e-14,3.629811878e-14,8.179498772e-14,1.27735489e-13,2.301849262e-13,3.378619263e-13,1.315391661e-13,2.31983491e-13,6.822828517e-14
24.734375,2.077119674e-13,7.660661735e-13,3.010562484e-13,2.071709743e-13,1.353495438e-13,1.931074051e-13,5.667603544e-14,7.266010288e-14,1.168782725e-13,1.084349177e-13,1.516280849e-13,1.92796875e-13,1.955785486e-13,2.936898896e-13,3.16879302e-13,5.710148146e-13,2.791243253e-13,1.89254031e-13,1.166701109e-13,8.62466898e-14,1.904252545e-13,5.986315469e-14,3.617070177e-14,8.584217886e-14,3.664901787e-14,8.238982412e-14,1.291515142e-13,2.324071225e-13,3.368843338e-13,1.313818849e-13,2.342592512e-13,6.737641423e-14
24.7421875,2.119192783e-13,7.729973581e-13,3.012646808e-13,2.103400102e-13,1.358627835e-13,1.93309616e-13,5.634218063e-14,7.317537701e-14,1.166807893e-13,1.068528822e-13,1.519888778e-13,1.941532707e-13,1.980412823e-13,2.961838182e-13,3.22554164e-13,5.781964899e-13,2.853001153e-13,1.911363473e-13,1.183053188e-13,8.581398883e-14,1.917146915e-13,5.966283189e-14,3.621542866e-14,8.487853647e-14,3.698686761e-14,8.290438217e-14,1.304515192e-13,2.345725378e-13,3.359406446e-13,1.312145506e-13,2.366744686e-13,6.648999294e-14
24.75,2.163955665e-13,7.798401337e-13,3.015469499e-13,2.13560056e-13,1.36487332e-13,1.936893675e-13,5.601672541e-14,7.362991612e-14,1.164387173e-13,1.052704608e-13,1.524445912e-13,1.955885083e-13,2.007090854e-13,2.989487731e-13,3.283174891e-13,5.850695504e-13,2.916928125e-13,1.931244252e-13,1.200464691e-13,8.537334779e-14,1.929766279e-13,5.949366371e-14,3.627081565e-14,8.391171262e-14,3.734107993e-14,8.332035424e-14,1.317762075e-13,2.367304644e-13,3.351862025e-13,1.310276113e-13,2.393019321e-13,6.554395453e-14
24.7578125,2.206427332e-13,7.862023483e-13,3.015793423e-13,2.167177611e-13,1.370370825e-13,1.937613829e-13,5.566445538e-14,7.404997764e-14,1.160982915e-13,1.036339796e-13,1.529299803e-13,1.968849619e-13,2.032347713e-13,3.014167229e-13,3.339615318e-13,5.917758876e-13,2.980926108e-13,1.950644823e-13,1.21672504e-13,8.490701018e-14,1.940968325e-13,5.925842016e-14,3.632096955e-14,8.290860402e-14,3.769619564e-14,8.373472525e-14,1.331813167e-13,2.387386206e-13,3.341276766e-13,1.308117206e-13,2.417667557e-13,6.456272951e-14
24.765625,2.247256617e-13,7.921084782e-13,3.014277898e-13,2.199283792e-13,1.376007972e-13,1.936777592e-13,5.528787212e-14,7.449884272e-14,1.157600687e-13,1.020008318e-13,1.533850487e-13,1.98050304e-13,2.055179935e-13,3.036257827e-13,3.394502052e-13,5.984971702e-13,3.044578556e-13,1.969199882e-13,1.231632405e-13,8.451046458e-14,1.95057349e-13,5.901383857e-14,3.637416483e-14,8.192029404e-14,3.804458105e-14,8.421555287e-14,1.346252486e-13,2.406367575e-13,3.327519828e-13,1.306192609e-13,2.440543429e-13,6.361939542e-14
24.7734375,2.291374671e-13,7.981869932e-13,3.015778648e-13,2.233484807e-13,1.3835725e-13,1.938986889e-13,5.489736615e-14,7.496745882e-14,1.15482079e-13,1.004282085e-13,1.539348304e-13,1.993441e-13,2.079116833e-13,3.060948222e-13,3.450975072e-13,6.053826032e-13,3.110495846e-13,1.989689007e-13,1.24747873e-13,8.419144617e-14,1.960307068e-13,5.883964931e-14,3.644802544e-14,8.094842558e-14,3.84137783e-14,8.470858181e-14,1.361085091e-13,2.42701232e-13,3.316236711e-13,1.304917412e-13,2.465271005e-13,6.268885038e-14
24.78125,2.337696266e-13,8.042289895e-13,3.018558024e-13,2.267732134e-13,1.392603624e-13,1.94138672e-13,5.447501309e-14,7.540217869e-14,1.151449269e-13,9.881908944e-14,1.546428162e-13,2.006869805e-13,2.104380144e-13,3.08687288e-13,3.508157101e-13,6.121023008e-13,3.17848673e-13,2.01205205e-13,1.264221681e-13,8.384601492e-14,1.970507797e-13,5.865461535e-14,3.653441221e-14,7.993299878e-14,3.87981352e-14,8.51540884e-14,1.376210895e-13,2.448233726e-13,3.305793093e-13,1.303565726e-13,2.490491254e-13,6.171684709e-14
24.7890625,2.382296584e-13,8.09514899e-13,3.018141462e-13,2.300133453e-13,1.402075679e-13,1.940557597e-13,5.403133763e-14,7.5842105e-14,1.147372582e-13,9.710016579e-14,1.55404294e-13,2.018686648e-13,2.128021642e-13,3.110469586e-13,3.562461859e-13,6.182877821e-13,3.245975731e-13,2.033184463e-13,1.280246281e-13,8.34877592e-14,1.979667557e-13,5.840648079e-14,3.660996543e-14,7.892417516e-14,3.916483261e-14,8.558149161e-14,1.391207125e-13,2.466978916e-13,3.291809704e-13,1.301641928e-13,2.513147668e-13,6.074905091e-14
24.796875,2.426171235e-13,8.14296664e-13,3.017073086e-13,2.332922987e-13,1.41151845e-13,1.939760161e-13,5.358960835e-14,7.631934254e-14,1.14339266e-13,9.536338153e-14,1.561851432e-13,2.029899492e-13,2.150888962e-13,3.133095632e-13,3.616143083e-13,6.243474209e-13,3.314418286e-13,2.0543411e-13,1.295959236e-13,8.319577391e-14,1.987971236e-13,5.81456417e-14,3.667290962e-14,7.794543252e-14,3.954231113e-14,8.602693131e-14,1.406376874e-13,2.48462246e-13,3.27748012e-13,1.299804697e-13,2.535027346e-13,5.979837058e-14
24.8046875,2.47260668e-13,8.191627639e-13,3.018240688e-13,2.367990354e-13,1.420871564e-13,1.941966205e-13,5.313959366e-14,7.676643613e-14,1.139142497e-13,9.369222747e-14,1.570496335e-13,2.041380055e-13,2.175216442e-13,3.156263613e-13,3.673072431e-13,6.30799547e-13,3.387234831e-13,2.078709489e-13,1.312419481e-13,8.294763515e-14,1.996579277e-13,5.789736243e-14,3.675651486e-14,7.694060992e-14,3.997013382e-14,8.644933624e-14,1.422242163e-13,2.503765318e-13,3.265992887e-13,1.298210743e-13,2.557777307e-13,5.880357293e-14
24.8125,2.521587092e-13,8.238758563e-13,3.019801431e-13,2.403616757e-13,1.430822621e-13,1.94591618e-13,5.268024396e-14,7.717197766e-14,1.134519004e-13,9.206369964e-14,1.580499059e-13,2.052327788e-13,2.199673126e-13,3.179319646e-13,3.730879883e-13,6.373243016e-13,3.463322363e-13,2.104632622e-13,1.32918292e-13,8.272679305e-14,2.004964127e-13,5.767075854e-14,3.688018775e-14,7.600093422e-14,4.04028769e-14,8.679711092e-14,1.437961383e-13,2.523661554e-13,3.254963538e-13,1.296246732e-13,2.580325149e-13,5.777858178e-14
24.8203125,2.570537549e-13,8.280246679e-13,3.021150584e-13,2.438451515e-13,1.441599583e-13,1.949455121e-13,5.221608476e-14,7.758421197e-14,1.129936817e-13,9.044328227e-14,1.591827866e-13,2.062958596e-13,2.22298786e-13,3.201958812e-13,3.786125625e-13,6.434192495e-13,3.539652706e-13,2.129889436e-13,1.345569785e-13,8.257336622e-14,2.012350261e-13,5.745780548e-14,3.701387387e-14,7.517954218e-14,4.079682883e-14,8.709457704e-14,1.452295366e-13,2.542732072e-13,3.243031633e-13,1.294148178e-13,2.602405699e-13,5.676602589e-14
24.828125,2.618692132e-13,8.316204473e-13,3.023068089e-13,2.473217915e-13,1.452806508e-13,1.951917683e-13,5.172763506e-14,7.797830518e-14,1.124953528e-13,8.881229357e-14,1.603280528e-13,2.073673249e-13,2.246335895e-13,3.224119532e-13,3.83979267e-13,6.491519128e-13,3.615813384e-13,2.155552349e-13,1.36183223e-13,8.24488104e-14,2.018839576e-13,5.721915058e-14,3.713899142e-14,7.429468002e-14,4.118578808e-14,8.73856863e-14,1.465838504e-13,2.560577004e-13,3.231146918e-13,1.292550474e-13,2.624087933e-13,5.57414876e-14
24.8359375,2.667463162e-13,8.347146768e-13,3.025195652e-13,2.507361934e-13,1.464574502e-13,1.95482664e-13,5.122624038e-14,7.83263492e-14,1.119596751e-13,8.71623493e-14,1.613991827e-13,2.083890203e-13,2.269758212e-13,3.246324918e-13,3.893100849e-13,6.546518236e-13,3.691596598e-13,2.181379714e-13,1.378194574e-13,8.229397587e-14,2.024475001e-13,5.697837732e-14,3.727912534e-14,7.331402027e-14,4.158688784e-14,8.765749023e-14,1.479944777e-13,2.577448289e-13,3.219234378e-13,1.291194781e-13,2.645422449e-13,5.470088802e-14
24.84375,2.717090842e-13,8.374892962e-13,3.027622182e-13,2.539853237e-13,1.47648118e-13,1.959065186e-13,5.074202492e-14,7.863794677e-14,1.114389307e-13,8.551763411e-14,1.625173416e-13,2.093335331e-13,2.291931877e-13,3.268999001e-13,3.945188127e-13,6.597996782e-13,3.76651171e-13,2.205870893e-13,1.394227249e-13,8.217694887e-14,2.029512261e-13,5.677586234e-14,3.744086297e-14,7.241288516e-14,4.197009944e-14,8.789653557e-14,1.494240053e-13,2.594193246e-13,3.207034351e-13,1.289646218e-13,2.666746862e-13,5.367186326e-14
24.8515625,2.7674257e-13,8.402317837e-13,3.029777918e-13,2.572234588e-13,1.488112931e-13,1.963022392e-13,5.02543044e-14,7.889670773e-14,1.108680645e-13,8.388384002e-14,1.637600454e-13,2.101959637e-13,2.312989277e-13,3.290821859e-13,3.996049644e-13,6.646828523e-13,3.842542083e-13,2.230426986e-13,1.409928665e-13,8.215901251e-14,2.033976672e-13,5.657003605e-14,3.760961433e-14,7.156643711e-14,4.233489938e-14,8.812515431e-14,1.507698304e-13,2.610990012e-13,3.194577962e-13,1.287938593e-13,2.6867217e-13,5.264116205e-14
24.859375,2.819914762e-13,8.426861532e-13,3.031023927e-13,2.605306057e-13,1.501038374e-13,1.966765165e-13,4.974710963e-14,7.912591585e-14,1.102225932e-13,8.223706366e-14,1.650261999e-13,2.110002329e-13,2.334044041e-13,3.311906444e-13,4.046952633e-13,6.695721597e-13,3.921748021e-13,2.257325446e-13,1.426216053e-13,8.212852218e-14,2.03715102e-13,5.634494648e-14,3.778910872e-14,7.066810613e-14,4.271294164e-14,8.833523681e-14,1.521004529e-13,2.626854403e-13,3.181839507e-13,1.28603728e-13,2.70520481e-13,5.159728484e-14
24.8671875,2.874260289e-13,8.444852417e-13,3.033519783e-13,2.63730332e-13,1.515799816e-13,1.97217672e-13,4.92529754e-14,7.937168633e-14,1.095956346e-13,8.060103913e-14,1.663102285e-13,2.118434321e-13,2.355455104e-13,3.334651051e-13,4.098747361e-13,6.745136108e-13,4.003611685e-13,2.286596955e-13,1.443409439e-13,8.19904382e-14,2.039524305e-13,5.614337538e-14,3.798732599e-14,6.978996127e-14,4.312306855e-14,8.851334334e-14,1.535366486e-13,2.641820963e-13,3.169774936e-13,1.283919014e-13,2.724980127e-13,5.055251609e-14
24.875,2.928189936e-13,8.460471009e-13,3.038512728e-13,2.6690529e-13,1.530206979e-13,1.97890708e-13,4.877997558e-14,7.958798188e-14,1.089703207e-13,7.900541041e-14,1.676951285e-13,2.127316177e-13,2.3767902e-13,3.3588239e-13,4.151902275e-13,6.794889955e-13,4.087282126e-13,2.317064157e-13,1.460648262e-13,8.186982619e-14,2.04233779e-13,5.595194647e-14,3.819724156e-14,6.895261777e-14,4.355213131e-14,8.870461871e-14,1.550208402e-13,2.657182661e-13,3.159234328e-13,1.281764734e-13,2.74548853e-13,4.949995536e-14
24.8828125,2.982609733e-13,8.478576089e-13,3.04411047e-13,2.702965122e-13,1.543922531e-13,1.986513055e-13,4.83093561e-14,7.974652994e-14,1.082785263e-13,7.741595893e-14,1.69133814e-13,2.135772066e-13,2.397680711e-13,3.38228621e-13,4.206407217e-13,6.846243623e-13,4.172466317e-13,2.34769502e-13,1.477498279e-13,8.189462562e-14,2.044869332e-13,5.574091826e-14,3.840098669e-14,6.807778285e-14,4.396712499e-14,8.8925507e-14,1.564243439e-13,2.673359927e-13,3.149478569e-13,1.279516673e-13,2.763622436e-13,4.844476389e-14
24.890625,3.039290508e-13,8.495659196e-13,3.048944609e-13,2.736938847e-13,1.558746218e-13,1.995171425e-13,4.784974355e-14,7.991135226e-14,1.075682192e-13,7.581758187e-14,1.705451982e-13,2.14366039e-13,2.418287141e-13,3.404766047e-13,4.260696295e-13,6.898486533e-13,4.258173648e-13,2.378041866e-13,1.494276692e-13,8.199714205e-14,2.04589526e-13,5.552649438e-14,3.859466013e-14,6.720785024e-14,4.437028323e-14,8.911798076e-14,1.577635011e-13,2.689322745e-13,3.139382103e-13,1.276998188e-13,2.780442305e-13,4.741786892e-14
24.8984375,3.095597087e-13,8.505656157e-13,3.051877824e-13,2.767837362e-13,1.574252696e-13,2.002667965e-13,4.740520815e-14,8.008138229e-14,1.068515716e-13,7.422750554e-14,1.719259956e-13,2.150609358e-13,2.438261549e-13,3.42580568e-13,4.31294685e-13,6.948395551e-13,4.343289619e-13,2.408287687e-13,1.510778147e-13,8.212980809e-14,2.04555507e-13,5.53053297e-14,3.881197124e-14,6.639002866e-14,4.479577917e-14,8.926003206e-14,1.591046595e-13,2.703601268e-13,3.128180087e-13,1.274297247e-13,2.797121577e-13,4.64185278e-14
24.90625,3.149418981e-13,8.506943098e-13,3.052569351e-13,2.796693733e-13,1.58921644e-13,2.008678619e-13,4.695770177e-14,8.019851763e-14,1.060614603e-13,7.261429418e-14,1.733000652e-13,2.155867566e-13,2.45656582e-13,3.444508096e-13,4.363780664e-13,6.995086798e-13,4.427481423e-13,2.438890118e-13,1.526638984e-13,8.233794123e-14,2.043774921e-13,5.506607458e-14,3.906486017e-14,6.556612023e-14,4.523319727e-14,8.938159842e-14,1.603910128e-13,2.715834028e-13,3.115430954e-13,1.271584766e-13,2.811361169e-13,4.542175199e-14
24.9140625,3.203441943e-13,8.502570744e-13,3.054802182e-13,2.825398813e-13,1.604369641e-13,2.016793552e-13,4.651122517e-14,8.027636771e-14,1.052137148e-13,7.097094176e-14,1.747179979e-13,2.160460484e-13,2.473947136e-13,3.462839706e-13,4.414992068e-13,7.040033565e-13,4.511095185e-13,2.470291684e-13,1.54233426e-13,8.25210603e-14,2.040858451e-13,5.483490919e-14,3.930805743e-14,6.474377679e-14,4.564928521e-14,8.948705203e-14,1.615633673e-13,2.727390281e-13,3.102173585e-13,1.268974766e-13,2.823839863e-13,4.442233446e-14
24.921875,3.259229634e-13,8.497307971e-13,3.060844118e-13,2.854094154e-13,1.620106518e-13,2.027151426e-13,4.607826748e-14,8.033884283e-14,1.043619133e-13,6.934809424e-14,1.761916987e-13,2.165844952e-13,2.492685065e-13,3.483120798e-13,4.466262566e-13,7.082625388e-13,4.59445616e-13,2.502168664e-13,1.55843116e-13,8.254865822e-14,2.038417136e-13,5.462227592e-14,3.953197741e-14,6.397752919e-14,4.60608281e-14,8.9566821e-14,1.626842222e-13,2.739201074e-13,3.090755474e-13,1.266404278e-13,2.837505862e-13,4.341977263e-14
24.9296875,3.314954951e-13,8.491921709e-13,3.067133848e-13,2.881948366e-13,1.635634322e-13,2.036765642e-13,4.564457945e-14,8.038082542e-14,1.035063884e-13,6.773337734e-14,1.77643024e-13,2.171290693e-13,2.512531374e-13,3.504090876e-13,4.516070524e-13,7.121502031e-13,4.677366923e-13,2.534073138e-13,1.574793645e-13,8.25502337e-14,2.036300059e-13,5.441525699e-14,3.97747771e-14,6.324271893e-14,4.649803775e-14,8.962403278e-14,1.637989301e-13,2.750399799e-13,3.082090206e-13,1.263691085e-13,2.851008785e-13,4.24126073e-14
24.9375,3.370628021e-13,8.484163035e-13,3.072701635e-13,2.907886641e-13,1.65100896e-13,2.046478651e-13,4.520411914e-14,8.043585744e-14,1.026611089e-13,6.611743627e-14,1.790581788e-13,2.175853096e-13,2.530999938e-13,3.523835298e-13,4.564783342e-13,7.159232525e-13,4.76074848e-13,2.567477016e-13,1.591101693e-13,8.271036334e-14,2.032708019e-13,5.422278899e-14,4.003406706e-14,6.253449087e-14,4.695860291e-14,8.967631319e-14,1.648965318e-13,2.760829856e-13,3.074616446e-13,1.261140267e-13,2.862644883e-13,4.142437922e-14
24.9453125,3.428014431e-13,8.474998885e-13,3.081138289e-13,2.932945794e-13,1.666768457e-13,2.058326295e-13,4.477937925e-14,8.051591302e-14,1.01829703e-13,6.459806402e-14,1.805213485e-13,2.180343902e-13,2.547857857e-13,3.543147172e-13,4.614395635e-13,7.200062518e-13,4.847040095e-13,2.604055073e-13,1.607338091e-13,8.298537785e-14,2.028053391e-13,5.404763631e-14,4.029790005e-14,6.188194892e-14,4.743527557e-14,8.976698594e-14,1.660442999e-13,2.771775757e-13,3.067365309e-13,1.259086424e-13,2.874794621e-13,4.047541728e-14
24.953125,3.486352284e-13,8.463863969e-13,3.091633546e-13,2.958649219e-13,1.682745966e-13,2.070841722e-13,4.437286992e-14,8.054320026e-14,1.009363717e-13,6.319752912e-14,1.820477887e-13,2.18512945e-13,2.564937772e-13,3.563173943e-13,4.665184865e-13,7.242667462e-13,4.935986637e-13,2.642478093e-13,1.623545074e-13,8.324383383e-14,2.023524357e-13,5.386244691e-14,4.058940071e-14,6.122887526e-14,4.792123709e-14,8.989692415e-14,1.672962231e-13,2.78271607e-13,3.061312347e-13,1.25677867e-13,2.888168016e-13,3.953798306e-14
24.9609375,3.543443273e-13,8.445840637e-13,3.100259326e-13,2.983213887e-13,1.698766274e-13,2.082233352e-13,4.39585035e-14,8.045675247e-14,9.994043208e-14,6.179529415e-14,1.835852693e-13,2.18913498e-13,2.582258282e-13,3.583018531e-13,4.714694286e-13,7.280703235e-13,5.023620863e-13,2.680349636e-13,1.639460885e-13,8.346797765e-14,2.018140133e-13,5.365466411e-14,4.091403808e-14,6.053218371e-14,4.839430863e-14,8.998574991e-14,1.685334836e-13,2.791540975e-13,3.055582943e-13,1.253462486e-13,2.899840933e-13,3.85794411e-14
24.96875,3.599271643e-13,8.422142472e-13,3.108110942e-13,3.005610037e-13,1.715344228e-13,2.093370795e-13,4.354008482e-14,8.030097957e-14,9.89274361e-14,6.034803707e-14,1.851137672e-13,2.192240091e-13,2.598117245e-13,3.602079909e-13,4.762066529e-13,7.312792855e-13,5.108338848e-13,2.717687702e-13,1.654949034e-13,8.373235047e-14,2.011078947e-13,5.345315976e-14,4.125723476e-14,5.984868005e-14,4.884445928e-14,9.000737483e-14,1.696417024e-13,2.798610904e-13,3.047569774e-13,1.249796354e-13,2.909546634e-13,3.76220304e-14
24.9765625,3.655545728e-13,8.397616562e-13,3.118680554e-13,3.027536411e-13,1.732896307e-13,2.105691503e-13,4.314576396e-14,8.014681568e-14,9.798308258e-14,5.893319929e-14,1.866212e-13,2.195615466e-13,2.612070401e-13,3.621662452e-13,4.809908571e-13,7.344584726e-13,5.192737461e-13,2.75621798e-13,1.67054712e-13,8.407196595e-14,2.003151452e-13,5.32864532e-14,4.160660557e-14,5.919738772e-14,4.929469206e-14,9.004572586e-14,1.706808892e-13,2.806240359e-13,3.038387789e-13,1.246697651e-13,2.920192424e-13,3.669990384e-14
24.984375,3.712689104e-13,8.369234274e-13,3.131347307e-13,3.048490309e-13,1.750485469e-13,2.118616944e-13,4.276342172e-14,7.999962803e-14,9.708445555e-14,5.760670245e-14,1.880911272e-13,2.199262836e-13,2.625069977e-13,3.641834806e-13,4.858760893e-13,7.378095653e-13,5.277608978e-13,2.796166423e-13,1.686390321e-13,8.442865205e-14,1.994920775e-13,5.313382108e-14,4.194206651e-14,5.856921463e-14,4.975440181e-14,9.013175184e-14,1.716831724e-13,2.814735772e-13,3.030696894e-13,1.244192828e-13,2.932016648e-13,3.580175199e-14
24.9921875,3.769666937e-13,8.335261678e-13,3.143361375e-13,3.067708703e-13,1.766997889e-13,2.131029786e-13,4.237045146e-14,7.982728117e-14,9.616256898e-14,5.635120692e-14,1.895434936e-13,2.202074829e-13,2.637618176e-13,3.66081884e-13,4.905969057e-13,7.409171109e-13,5.360448203e-13,2.835473854e-13,1.70154131e-13,8.477435788e-14,1.986494922e-13,5.296251044e-14,4.226123174e-14,5.801876411e-14,5.018708925e-14,9.017985821e-14,1.725413184e-13,2.822531285e-13,3.023176864e-13,1.241740661e-13,2.942658207e-13,3.490473934e-14
25,3.826377019e-13,8.301834558e-13,3.154580607e-13,3.086263489e-13,1.783554647e-13,2.143908826e-13,4.199215585e-14,7.961674188e-14,9.518783289e-14,5.508916436e-14,1.910009481e-13,2.20408046e-13,2.649706816e-13,3.679008328e-13,4.951222083e-13,7.436579767e-13,5.440577351e-13,2.873454332e-13,1.715800099e-13,8.515382407e-14,1.977952183e-13,5.279135466e-14,4.257181422e-14,5.751693954e-14,5.058373025e-14,9.015058145e-14,1.732596375e-13,2.828668261e-13,3.014730642e-13,1.238606947e-13,2.952053909e-13,3.401488494e-14
25.0078125,3.883094534e-13,8.268619255e-13,3.166605186e-13,3.102769207e-13,1.801533239e-13,2.157686339e-13,4.164599716e-14,7.93706783e-14,9.41890371e-14,5.378748568e-14,1.924353554e-13,2.206172233e-13,2.661458994e-13,3.698145885e-13,4.995710731e-13,7.462941487e-13,5.519919112e-13,2.912323717e-13,1.730059468e-13,8.557140388e-14,1.968921923e-13,5.264477145e-14,4.28720718e-14,5.695536517e-14,5.100103017e-14,9.012686953e-14,1.739980488e-13,2.83324253e-13,3.007262811e-13,1.23483424e-13,2.962055162e-13,3.314923301e-14
25.015625,3.939094701e-13,8.229406831e-13,3.179856075e-13,3.116973964e-13,1.819784444e-13,2.170714785e-13,4.131353411e-14,7.909647073e-14,9.321746422e-14,5.25384285e-14,1.937943302e-13,2.208593101e-13,2.672546221e-13,3.717780979e-13,5.039092131e-13,7.488779875e-13,5.599580818e-13,2.953069475e-13,1.744334402e-13,8.601781473e-14,1.95921675e-13,5.250351193e-14,4.319412767e-14,5.638283686e-14,5.145539801e-14,9.015925944e-14,1.747664807e-13,2.837157089e-13,3.000334888e-13,1.231541285e-13,2.972776998e-13,3.230921709e-14
25.0234375,3.994958896e-13,8.186238175e-13,3.19383274e-13,3.132139855e-13,1.837477829e-13,2.183559627e-13,4.100164197e-14,7.879352849e-14,9.226565588e-14,5.138467969e-14,1.950515011e-13,2.211106357e-13,2.682328776e-13,3.737371738e-13,5.082091256e-13,7.513265161e-13,5.679504906e-13,2.99480731e-13,1.758162935e-13,8.649483614e-14,1.948779164e-13,5.236152397e-14,4.356169815e-14,5.588075865e-14,5.189466711e-14,9.018316387e-14,1.754393017e-13,2.841208574e-13,2.992333616e-13,1.228977722e-13,2.983206314e-13,3.147242601e-14
25.03125,4.052116496e-13,8.143155527e-13,3.207789898e-13,3.146859247e-13,1.85563627e-13,2.197627685e-13,4.071681731e-14,7.844615489e-14,9.127288835e-14,5.022733792e-14,1.962278634e-13,2.213218799e-13,2.691002197e-13,3.757130886e-13,5.125488264e-13,7.536793667e-13,5.759299162e-13,3.03789197e-13,1.771886798e-13,8.693768589e-14,1.937092543e-13,5.223346315e-14,4.393080543e-14,5.53594465e-14,5.231490488e-14,9.016500523e-14,1.7603433e-13,2.844849907e-13,2.984853391e-13,1.226178548e-13,2.993030711e-13,3.06240247e-14
25.0390625,4.109141386e-13,8.097196598e-13,3.220772428e-13,3.157965745e-13,1.873870683e-13,2.21112635e-13,4.043139683e-14,7.80748945e-14,9.023599477e-14,4.903830098e-14,1.973882372e-13,2.214316049e-13,2.699158075e-13,3.775419859e-13,5.167595102e-13,7.559559941e-13,5.837953074e-13,3.082152031e-13,1.785541835e-13,8.734446491e-14,1.924443177e-13,5.21022522e-14,4.428458779e-14,5.478810703e-14,5.275834369e-14,9.0154947e-14,1.765926994e-13,2.847403228e-13,2.97875548e-13,1.222957816e-13,3.001862102e-13,2.979657277e-14
25.046875,4.164124576e-13,8.046039552e-13,3.23350028e-13,3.168405755e-13,1.891118845e-13,2.223652357e-13,4.015605279e-14,7.77282316e-14,8.919968136e-14,4.791031535e-14,1.985644675e-13,2.214709888e-13,2.706686074e-13,3.791644796e-13,5.208085753e-13,7.580283473e-13,5.914485461e-13,3.125924565e-13,1.798669786e-13,8.780521017e-14,1.91177615e-13,5.195647695e-14,4.465445479e-14,5.426976848e-14,5.321707153e-14,9.01512122e-14,1.770215971e-13,2.848939935e-13,2.972244939e-13,1.219659603e-13,3.009840033e-13,2.902351726e-14
25.0546875,4.218126863e-13,7.991483886e-13,3.247847426e-13,3.17956275e-13,1.908520927e-13,2.237395401e-13,3.991540844e-14,7.739306173e-14,8.817454179e-14,4.687309835e-14,1.997056687e-13,2.21534174e-13,2.713229654e-13,3.808370156e-13,5.248383569e-13,7.597744913e-13,5.988589324e-13,3.169407227e-13,1.811479501e-13,8.828160379e-14,1.898791295e-13,5.182747345e-14,4.503286325e-14,5.379161345e-14,5.366099171e-14,9.011541374e-14,1.773596955e-13,2.849319322e-13,2.964833255e-13,1.216047802e-13,3.018712998e-13,2.828657175e-14
25.0625,4.272091741e-13,7.935303536e-13,3.26330371e-13,3.18861244e-13,1.926918991e-13,2.251623221e-13,3.967130777e-14,7.703634033e-14,8.71828374e-14,4.588174176e-14,2.008088725e-13,2.216392992e-13,2.718870025e-13,3.826353457e-13,5.287813904e-13,7.613079193e-13,6.060466445e-13,3.213314688e-13,1.824218976e-13,8.873158505e-14,1.885001235e-13,5.173824135e-14,4.541231159e-14,5.329864825e-14,5.408933735e-14,9.00759613e-14,1.777469512e-13,2.849367607e-13,2.957100078e-13,1.212336454e-13,3.029051026e-13,2.756869097e-14
25.0703125,4.324812673e-13,7.877490561e-13,3.277980213e-13,3.19585299e-13,1.945058945e-13,2.264702375e-13,3.941007962e-14,7.667126258e-14,8.624384398e-14,4.491130635e-14,2.019345581e-13,2.217225122e-13,2.723806049e-13,3.84361978e-13,5.324797979e-13,7.626796778e-13,6.130025777e-13,3.256177729e-13,1.836429136e-13,8.924410387e-14,1.870891799e-13,5.166727555e-14,4.580505905e-14,5.283910866e-14,5.450364637e-14,9.003498052e-14,1.780599141e-13,2.85011573e-13,2.948826028e-13,1.20912779e-13,3.038704979e-13,2.687483078e-14
25.078125,4.374805516e-13,7.815179209e-13,3.291608043e-13,3.201030852e-13,1.962052815e-13,2.276928859e-13,3.917821805e-14,7.627124663e-14,8.52725796e-14,4.395824053e-14,2.030016812e-13,2.21679729e-13,2.727767189e-13,3.85907511e-13,5.358457306e-13,7.635468825e-13,6.195961061e-13,3.297293116e-13,1.847549694e-13,8.97538306e-14,1.856200767e-13,5.15649428e-14,4.61876975e-14,5.240038189e-14,5.490204537e-14,8.993281516e-14,1.781457972e-13,2.849250935e-13,2.940063072e-13,1.206015431e-13,3.046274448e-13,2.618420212e-14
25.0859375,4.421997697e-13,7.747920039e-13,3.304716334e-13,3.20258121e-13,1.978006568e-13,2.287879268e-13,3.89705942e-14,7.578704502e-14,8.420556175e-14,4.30335708e-14,2.038989566e-13,2.214568004e-13,2.730212304e-13,3.872393576e-13,5.389196133e-13,7.639103732e-13,6.258101615e-13,3.338103332e-13,1.857547519e-13,9.017716806e-14,1.840405284e-13,5.141497202e-14,4.656203769e-14,5.193294474e-14,5.528987448e-14,8.979742079e-14,1.78176371e-13,2.845277062e-13,2.931511941e-13,1.202417002e-13,3.052711502e-13,2.54904708e-14
25.09375,4.468807204e-13,7.681580073e-13,3.317755712e-13,3.204219897e-13,1.993309732e-13,2.29813524e-13,3.875505899e-14,7.526562105e-14,8.313567577e-14,4.215250012e-14,2.047158066e-13,2.21172687e-13,2.731525759e-13,3.884273095e-13,5.41980755e-13,7.643709821e-13,6.318917466e-13,3.379274938e-13,1.867212115e-13,9.071999122e-14,1.824402932e-13,5.127437536e-14,4.696372839e-14,5.150666234e-14,5.566581995e-14,8.970206147e-14,1.782783449e-13,2.841784856e-13,2.923592992e-13,1.198660804e-13,3.058868513e-13,2.483347897e-14
25.1015625,4.517332969e-13,7.61744824e-13,3.330835662e-13,3.206886428e-13,2.009019482e-13,2.30947424e-13,3.855380305e-14,7.475899088e-14,8.213772577e-14,4.131244408e-14,2.054780023e-13,2.209740022e-13,2.732793753e-13,3.897164481e-13,5.451069971e-13,7.649206911e-13,6.378685679e-13,3.419896596e-13,1.877290141e-13,9.14150004e-14,1.80866025e-13,5.118339299e-14,4.737283695e-14,5.115409967e-14,5.602123009e-14,8.961286328e-14,1.7831865e-13,2.839709432e-13,2.915451829e-13,1.195004829e-13,3.06483495e-13,2.421794547e-14
25.109375,4.565825797e-13,7.550231811e-13,3.343609488e-13,3.204853977e-13,2.025742905e-13,2.32090659e-13,3.838203376e-14,7.423290726e-14,8.117192001e-14,4.051389058e-14,2.060608633e-13,2.208482078e-13,2.733800598e-13,3.911914115e-13,5.480062548e-13,7.649973882e-13,6.434875947e-13,3.459700709e-13,1.887420356e-13,9.197972502e-14,1.792505647e-13,5.110838006e-14,4.776735261e-14,5.079841227e-14,5.63477575e-14,8.94871797e-14,1.782680603e-13,2.835612748e-13,2.906246792e-13,1.191269722e-13,3.071271202e-13,2.361530061e-14
25.1171875,4.611994215e-13,7.480600158e-13,3.356956841e-13,3.199694911e-13,2.042257194e-13,2.331933255e-13,3.822633997e-14,7.368261887e-14,8.020885805e-14,3.975042923e-14,2.065666299e-13,2.207277839e-13,2.733479833e-13,3.9261942e-13,5.50664777e-13,7.647553769e-13,6.488127412e-13,3.499926223e-13,1.897021764e-13,9.247295824e-14,1.776057533e-13,5.102918017e-14,4.815982008e-14,5.042452741e-14,5.665133578e-14,8.936941797e-14,1.781873956e-13,2.830947842e-13,2.897441695e-13,1.187531629e-13,3.078498098e-13,2.303846876e-14
25.125,4.655169572e-13,7.410043674e-13,3.370838674e-13,3.1978073e-13,2.056774361e-13,2.343746117e-13,3.808973338e-14,7.314042569e-14,7.921657718e-14,3.899059269e-14,2.071172834e-13,2.205174083e-13,2.731771076e-13,3.937054793e-13,5.532284566e-13,7.645337433e-13,6.539990957e-13,3.540352134e-13,1.905716596e-13,9.313656796e-14,1.759156987e-13,5.093921384e-14,4.853046549e-14,5.004739617e-14,5.695576292e-14,8.92631795e-14,1.779909082e-13,2.828196221e-13,2.889088626e-13,1.183799349e-13,3.084789571e-13,2.249810735e-14
25.1328125,4.69400464e-13,7.332915394e-13,3.382027932e-13,3.196061542e-13,2.06906494e-13,2.353938465e-13,3.796340172e-14,7.257609868e-14,7.815287917e-14,3.823137378e-14,2.075075337e-13,2.200948417e-13,2.72851322e-13,3.943714407e-13,5.554896048e-13,7.639753931e-13,6.587963131e-13,3.578244209e-13,1.91273546e-13,9.378422254e-14,1.740638844e-13,5.080128954e-14,4.887953607e-14,4.964132548e-14,5.725691281e-14,8.911568202e-14,1.776515033e-13,2.823102988e-13,2.877465001e-13,1.179724412e-13,3.088497205e-13,2.197147342e-14
25.140625,4.728757292e-13,7.250387845e-13,3.390248127e-13,3.189249714e-13,2.08041097e-13,2.360522137e-13,3.783221593e-14,7.196694823e-14,7.7085662e-14,3.749880731e-14,2.076908573e-13,2.195537539e-13,2.72299979e-13,3.94889396e-13,5.5737009e-13,7.628416396e-13,6.630167558e-13,3.613054047e-13,1.918081508e-13,9.423764838e-14,1.721287939e-13,5.063270784e-14,4.923536825e-14,4.924695818e-14,5.751767113e-14,8.894694223e-14,1.772510726e-13,2.813817744e-13,2.86197135e-13,1.175372909e-13,3.091443572e-13,2.146288364e-14
25.1484375,4.762268922e-13,7.170874376e-13,3.399291198e-13,3.180224219e-13,2.091587161e-13,2.366536715e-13,3.77169736e-14,7.135353928e-14,7.608195223e-14,3.679122615e-14,2.079048023e-13,2.191057946e-13,2.716284475e-13,3.955254387e-13,5.59122883e-13,7.614010581e-13,6.667898335e-13,3.647148086e-13,1.922804076e-13,9.470564985e-14,1.703111407e-13,5.048867929e-14,4.956204769e-14,4.891405064e-14,5.774132011e-14,8.880272527e-14,1.767426369e-13,2.804677722e-13,2.846193322e-13,1.171244031e-13,3.096504706e-13,2.09794119e-14
25.15625,4.79576618e-13,7.09280105e-13,3.409057918e-13,3.172002663e-13,2.102604286e-13,2.373404747e-13,3.762111277e-14,7.073293267e-14,7.507034232e-14,3.611649922e-14,2.080849002e-13,2.187142134e-13,2.710291852e-13,3.961782018e-13,5.608160699e-13,7.59857384e-13,6.702192987e-13,3.681215996e-13,1.927315027e-13,9.52527202e-14,1.685583073e-13,5.035421526e-14,4.985458346e-14,4.857309552e-14,5.79678503e-14,8.866076237e-14,1.761113231e-13,2.79611255e-13,2.830884224e-13,1.167293119e-13,3.102951485e-13,2.049820071e-14
25.1640625,4.829073725e-13,7.010935371e-13,3.417056633e-13,3.163389113e-13,2.11401697e-13,2.379300837e-13,3.750772916e-14,7.00558103e-14,7.401838824e-14,3.55104907e-14,2.080563051e-13,2.182491527e-13,2.704641673e-13,3.967417572e-13,5.623839196e-13,7.582835383e-13,6.734273094e-13,3.714825548e-13,1.931571202e-13,9.575169765e-14,1.667185199e-13,5.021206341e-14,5.018964411e-14,4.816825168e-14,5.819807009e-14,8.850936908e-14,1.755228669e-13,2.785837406e-13,2.815233437e-13,1.162974442e-13,3.108460914e-13,2.003300265e-14
25.171875,4.861344698e-13,6.928302851e-13,3.423793599e-13,3.15391952e-13,2.12561128e-13,2.384002101e-13,3.737792138e-14,6.934890836e-14,7.298524836e-14,3.494562938e-14,2.079783216e-13,2.177201599e-13,2.697642044e-13,3.972582349e-13,5.638132233e-13,7.566428383e-13,6.765121973e-13,3.748005822e-13,1.935530588e-13,9.630985801e-14,1.648166152e-13,5.008408617e-14,5.055415504e-14,4.775868161e-14,5.840921566e-14,8.837213924e-14,1.750158017e-13,2.775051095e-13,2.800155158e-13,1.158148097e-13,3.113002725e-13,1.961828789e-14
25.1796875,4.889812059e-13,6.845535623e-13,3.42901266e-13,3.143873005e-13,2.135643922e-13,2.387653811e-13,3.726948375e-14,6.869116666e-14,7.195735976e-14,3.43553009e-14,2.079183991e-13,2.171212025e-13,2.689240751e-13,3.976021358e-13,5.650061327e-13,7.54771367e-13,6.793508657e-13,3.779430949e-13,1.93848216e-13,9.69864001e-14,1.628780472e-13,4.994475625e-14,5.087245132e-14,4.739270295e-14,5.861006079e-14,8.822074472e-14,1.744529811e-13,2.76370841e-13,2.785192179e-13,1.15302715e-13,3.117223419e-13,1.924099693e-14
25.1875,4.914042222e-13,6.758136575e-13,3.431661392e-13,3.132046297e-13,2.14355111e-13,2.389699225e-13,3.718068256e-14,6.808511579e-14,7.090479099e-14,3.376920146e-14,2.077027736e-13,2.164443051e-13,2.680774815e-13,3.976899359e-13,5.658673045e-13,7.526318393e-13,6.819173355e-13,3.808457022e-13,1.940044256e-13,9.753658356e-14,1.608566724e-13,4.976214387e-14,5.116519468e-14,4.706192156e-14,5.881528149e-14,8.801908726e-14,1.737957886e-13,2.74988357e-13,2.769145927e-13,1.147585951e-13,3.120835168e-13,1.888465899e-14
25.1953125,4.93666637e-13,6.667617373e-13,3.433984674e-13,3.117809764e-13,2.150422662e-13,2.39082894e-13,3.708786383e-14,6.746869047e-14,6.986099821e-14,3.327084114e-14,2.073665019e-13,2.157587146e-13,2.672647618e-13,3.976492121e-13,5.663784447e-13,7.502015538e-13,6.84314846e-13,3.836689638e-13,1.94070279e-13,9.791403763e-14,1.587955588e-13,4.955649296e-14,5.147116577e-14,4.675624884e-14,5.901456517e-14,8.779449067e-14,1.730729394e-13,2.734779149e-13,2.752425136e-13,1.141818587e-13,3.123912006e-13,1.854753685e-14
25.203125,4.958168862e-13,6.578477367e-13,3.437612616e-13,3.10314156e-13,2.157542125e-13,2.391980486e-13,3.700265424e-14,6.68269448e-14,6.883681497e-14,3.285146426e-14,2.070316727e-13,2.150819638e-13,2.663866482e-13,3.975706333e-13,5.666229305e-13,7.474202344e-13,6.864644936e-13,3.864780524e-13,1.940811426e-13,9.83967798e-14,1.567429141e-13,4.935502051e-14,5.177089823e-14,4.644025992e-14,5.92027981e-14,8.756741133e-14,1.722956316e-13,2.720069526e-13,2.73542714e-13,1.136052824e-13,3.126949743e-13,1.820471167e-14
25.2109375,4.978566722e-13,6.490716181e-13,3.440601162e-13,3.089604782e-13,2.166145301e-13,2.393137748e-13,3.693723904e-14,6.619439024e-14,6.784257406e-14,3.243751536e-14,2.066127994e-13,2.144145363e-13,2.65427564e-13,3.975642212e-13,5.667793297e-13,7.44433618e-13,6.883546149e-13,3.892238331e-13,1.940853933e-13,9.903456001e-14,1.546434582e-13,4.918737773e-14,5.205244489e-14,4.607777582e-14,5.939361999e-14,8.733278082e-14,1.715468161e-13,2.704984644e-13,2.718621305e-13,1.130298553e-13,3.13036121e-13,1.785976575e-14
25.21875,4.997993997e-13,6.40265636e-13,3.440686675e-13,3.074727185e-13,2.175238628e-13,2.392937353e-13,3.686749915e-14,6.557957198e-14,6.6887716e-14,3.201081533e-14,2.060284915e-13,2.137466032e-13,2.644820148e-13,3.975772447e-13,5.667368744e-13,7.413053228e-13,6.900409327e-13,3.918267475e-13,1.940785667e-13,9.961453049e-14,1.524702424e-13,4.904336355e-14,5.231342756e-14,4.57122853e-14,5.958430943e-14,8.710969179e-14,1.708605565e-13,2.688269744e-13,2.701948994e-13,1.123924741e-13,3.133892526e-13,1.7557438e-14
25.2265625,5.01307905e-13,6.313256867e-13,3.437308565e-13,3.056362409e-13,2.182152205e-13,2.389779741e-13,3.678228448e-14,6.49698992e-14,6.590743387e-14,3.162157625e-14,2.053057135e-13,2.12965716e-13,2.63452662e-13,3.972137209e-13,5.662312823e-13,7.379452871e-13,6.912929421e-13,3.941587957e-13,1.939254581e-13,1.001286504e-13,1.502735141e-13,4.885569845e-14,5.255377046e-14,4.539593172e-14,5.974624387e-14,8.689628332e-14,1.701337332e-13,2.669567323e-13,2.683646053e-13,1.116677159e-13,3.136185629e-13,1.730212218e-14
25.234375,5.022448771e-13,6.222419687e-13,3.43251772e-13,3.037602226e-13,2.187396563e-13,2.385050559e-13,3.669800966e-14,6.43732514e-14,6.488542264e-14,3.13160492e-14,2.044804916e-13,2.120690944e-13,2.621331898e-13,3.964211425e-13,5.654681469e-13,7.345460292e-13,6.920508571e-13,3.963406478e-13,1.936079957e-13,1.007257304e-13,1.480744711e-13,4.863590995e-14,5.278738275e-14,4.509813413e-14,5.986880652e-14,8.666915357e-14,1.693585395e-13,2.650545977e-13,2.664053074e-13,1.109260698e-13,3.137159866e-13,1.707478516e-14
25.2421875,5.028861331e-13,6.131073228e-13,3.42831739e-13,3.020772774e-13,2.192257439e-13,2.380204166e-13,3.661041058e-14,6.380315159e-14,6.38815222e-14,3.107516685e-14,2.03601572e-13,2.111681271e-13,2.606007012e-13,3.954807505e-13,5.646285235e-13,7.311507421e-13,6.926159504e-13,3.985375754e-13,1.93224801e-13,1.013765603e-13,1.458421197e-13,4.8433051e-14,5.301104056e-14,4.478350123e-14,5.997458389e-14,8.644549817e-14,1.686091218e-13,2.632306865e-13,2.645052669e-13,1.102165401e-13,3.13822798e-13,1.688186818e-14
25.25,5.031722854e-13,6.038451679e-13,3.422257887e-13,3.002574973e-13,2.194858225e-13,2.372685747e-13,3.650780548e-14,6.326206253e-14,6.287425031e-14,3.083820442e-14,2.026521628e-13,2.101875e-13,2.590298419e-13,3.942444048e-13,5.632967534e-13,7.272225483e-13,6.928659687e-13,4.004466618e-13,1.927085065e-13,1.019702477e-13,1.435585376e-13,4.818995622e-14,5.322708981e-14,4.447493648e-14,6.006595496e-14,8.62072186e-14,1.677812765e-13,2.611865684e-13,2.624906658e-13,1.094863433e-13,3.138707129e-13,1.671550631e-14
25.2578125,5.030763683e-13,5.943531515e-13,3.412522147e-13,2.980534213e-13,2.195843595e-13,2.36201053e-13,3.640136885e-14,6.276127909e-14,6.186749062e-14,3.059377251e-14,2.015741204e-13,2.090835662e-13,2.573632883e-13,3.926658826e-13,5.61318387e-13,7.225639974e-13,6.924637382e-13,4.019094156e-13,1.92038218e-13,1.025157751e-13,1.412491866e-13,4.790143962e-14,5.344002932e-14,4.420546041e-14,6.011349176e-14,8.587509301e-14,1.667603132e-13,2.588093411e-13,2.601849773e-13,1.086942346e-13,3.137835383e-13,1.65587449e-14
25.265625,5.029949655e-13,5.847436884e-13,3.402687018e-13,2.956503583e-13,2.198759742e-13,2.351731201e-13,3.629816712e-14,6.231455266e-14,6.095329123e-14,3.037947682e-14,2.004271829e-13,2.080330897e-13,2.555675489e-13,3.911805092e-13,5.591716052e-13,7.177493017e-13,6.917204951e-13,4.03349058e-13,1.914012936e-13,1.03056809e-13,1.38935255e-13,4.766516128e-14,5.360477663e-14,4.397694581e-14,6.012807255e-14,8.547833104e-14,1.65680708e-13,2.564650303e-13,2.577766905e-13,1.07892522e-13,3.137819744e-13,1.64226823e-14
25.2734375,5.027888508e-13,5.749994235e-13,3.394340055e-13,2.931765586e-13,2.202297437e-13,2.341510916e-13,3.620089377e-14,6.189067155e-14,6.007784011e-14,3.020010643e-14,1.992327225e-13,2.070400145e-13,2.537479149e-13,3.89758108e-13,5.570564832e-13,7.130786004e-13,6.909617958e-13,4.048529122e-13,1.908036208e-13,1.035754093e-13,1.366143267e-13,4.744444108e-14,5.371408633e-14,4.374432753e-14,6.015559041e-14,8.515103286e-14,1.646665226e-13,2.54170015e-13,2.553268187e-13,1.071281611e-13,3.138765919e-13,1.631322771e-14
25.28125,5.020088662e-13,5.650867713e-13,3.384402745e-13,2.905799992e-13,2.203224183e-13,2.328688297e-13,3.611960896e-14,6.142884758e-14,5.91253138e-14,3.004115776e-14,1.978790224e-13,2.059621959e-13,2.518658596e-13,3.880390538e-13,5.547317261e-13,7.082143444e-13,6.898700119e-13,4.060068481e-13,1.900774347e-13,1.040421554e-13,1.343260634e-13,4.714622174e-14,5.382560158e-14,4.348330864e-14,6.018322521e-14,8.491178212e-14,1.636206149e-13,2.516311676e-13,2.52718783e-13,1.063695192e-13,3.137655949e-13,1.622202664e-14
25.2890625,5.008951188e-13,5.552865851e-13,3.37213984e-13,2.879223946e-13,2.202599865e-13,2.314683809e-13,3.604370097e-14,6.093988176e-14,5.815252191e-14,2.991008046e-14,1.964156707e-13,2.048491633e-13,2.498142869e-13,3.861212754e-13,5.521578236e-13,7.031163145e-13,6.883845282e-13,4.068173691e-13,1.892326332e-13,1.044802374e-13,1.321060945e-13,4.682185678e-14,5.392456281e-14,4.327033822e-14,6.016989211e-14,8.466313556e-14,1.624927502e-13,2.489636293e-13,2.500210643e-13,1.055767519e-13,3.13487815e-13,1.615185748e-14
25.296875,4.996477697e-13,5.456429188e-13,3.359262923e-13,2.852924658e-13,2.201751913e-13,2.300516893e-13,3.595923181e-14,6.049709237e-14,5.721824668e-14,2.97968983e-14,1.950075895e-13,2.037478507e-13,2.476338598e-13,3.840830154e-13,5.494566947e-13,6.981406788e-13,6.868941398e-13,4.076094275e-13,1.883220622e-13,1.049360809e-13,1.298789884e-13,4.651317543e-14,5.398032684e-14,4.313680887e-14,6.014093712e-14,8.437893757e-14,1.61389183e-13,2.463052373e-13,2.473136755e-13,1.047594042e-13,3.133160826e-13,1.61059262e-14
25.3046875,4.980500586e-13,5.358266677e-13,3.345966928e-13,2.825928737e-13,2.200406626e-13,2.284618117e-13,3.588518977e-14,6.009707075e-14,5.629915753e-14,2.968597025e-14,1.935815864e-13,2.026194688e-13,2.453929248e-13,3.818289527e-13,5.465356422e-13,6.931406169e-13,6.852793459e-13,4.083445271e-13,1.873172611e-13,1.053912193e-13,1.275795173e-13,4.618653553e-14,5.40427431e-14,4.298014734e-14,6.012339616e-14,8.409846676e-14,1.603055546e-13,2.43525951e-13,2.445601167e-13,1.039331093e-13,3.132378585e-13,1.608835873e-14
25.3125,4.963111885e-13,5.257946052e-13,3.332357385e-13,2.797684824e-13,2.199172171e-13,2.268375603e-13,3.583611834e-14,5.968367679e-14,5.54261223e-14,2.9607426e-14,1.919813728e-13,2.015341934e-13,2.431148734e-13,3.795330849e-13,5.432945278e-13,6.877575253e-13,6.832646266e-13,4.088541567e-13,1.862614909e-13,1.058266654e-13,1.252689767e-13,4.586152573e-14,5.40954122e-14,4.279212911e-14,6.007631874e-14,8.380576235e-14,1.591052197e-13,2.407102881e-13,2.417386856e-13,1.03080526e-13,3.131145783e-13,1.609897731e-14
25.3203125,4.945768012e-13,5.156416639e-13,3.318691231e-13,2.769739796e-13,2.197273111e-13,2.253632496e-13,3.579735403e-14,5.928688046e-14,5.457318927e-14,2.957620385e-14,1.902675828e-13,2.00469477e-13,2.407928899e-13,3.77168359e-13,5.398942612e-13,6.823003422e-13,6.811647983e-13,4.092255286e-13,1.851537348e-13,1.063117048e-13,1.229744275e-13,4.553656991e-14,5.406490605e-14,4.26705899e-14,5.998669136e-14,8.347682668e-14,1.577937802e-13,2.379430701e-13,2.388024729e-13,1.021900091e-13,3.128778758e-13,1.611831027e-14
25.328125,4.924143822e-13,5.053178062e-13,3.303757037e-13,2.742269625e-13,2.192960536e-13,2.237655239e-13,3.575894744e-14,5.895675751e-14,5.364992036e-14,2.954592813e-14,1.885475375e-13,1.992647783e-13,2.38351662e-13,3.744483328e-13,5.364444489e-13,6.770979675e-13,6.791419474e-13,4.095612508e-13,1.839113692e-13,1.068493186e-13,1.206324994e-13,4.515931095e-14,5.399758441e-14,4.256556928e-14,5.990929752e-14,8.317377355e-14,1.565087039e-13,2.350058784e-13,2.35751011e-13,1.012826013e-13,3.125228131e-13,1.615256547e-14
25.3359375,4.898554272e-13,4.950953825e-13,3.286765831e-13,2.713860104e-13,2.187187317e-13,2.218527853e-13,3.572244361e-14,5.866767524e-14,5.271484342e-14,2.950795348e-14,1.868042384e-13,1.979687291e-13,2.3582285e-13,3.715389843e-13,5.327921721e-13,6.719112619e-13,6.769452759e-13,4.097959801e-13,1.826078195e-13,1.073650461e-13,1.182629353e-13,4.475833776e-14,5.396878676e-14,4.240342793e-14,5.987694521e-14,8.29520255e-14,1.552616003e-13,2.318742238e-13,2.327002324e-13,1.003613968e-13,3.121918218e-13,1.623162675e-14
25.34375,4.873196529e-13,4.852504197e-13,3.268253195e-13,2.68539725e-13,2.180951786e-13,2.198661273e-13,3.568242718e-14,5.840870734e-14,5.184514897e-14,2.953596287e-14,1.849793311e-13,1.967090385e-13,2.333717566e-13,3.686605347e-13,5.28853359e-13,6.666936917e-13,6.746834045e-13,4.09866841e-13,1.813313457e-13,1.078871842e-13,1.159547497e-13,4.437224831e-14,5.396668736e-14,4.228509534e-14,5.988195945e-14,8.274495834e-14,1.53947679e-13,2.287070605e-13,2.29669404e-13,9.93941075e-14,3.119239931e-13,1.633792186e-14
25.3515625,4.845881369e-13,4.753277833e-13,3.248266287e-13,2.657141683e-13,2.173419874e-13,2.17887673e-13,3.563342892e-14,5.818823217e-14,5.096845334e-14,2.965843147e-14,1.830064728e-13,1.95412563e-13,2.309494184e-13,3.655671399e-13,5.246652691e-13,6.614972583e-13,6.724390071e-13,4.09766359e-13,1.799599855e-13,1.083627112e-13,1.137081267e-13,4.395847722e-14,5.397282132e-14,4.225623054e-14,5.99067045e-14,8.24665294e-14,1.525473975e-13,2.253933789e-13,2.265728613e-13,9.837479347e-14,3.115147499e-13,1.644678771e-14
25.359375,4.813919558e-13,4.649282386e-13,3.226811438e-13,2.626148125e-13,2.165367053e-13,2.157060075e-13,3.557924238e-14,5.795815155e-14,5.006283498e-14,2.979293888e-14,1.808854555e-13,1.940612608e-13,2.283856135e-13,3.621932496e-13,5.201493094e-13,6.559340813e-13,6.698494646e-13,4.094629466e-13,1.784251364e-13,1.086130491e-13,1.1147288e-13,4.350743922e-14,5.395841746e-14,4.221932489e-14,5.991408255e-14,8.214512341e-14,1.511507186e-13,2.218521261e-13,2.234013655e-13,9.733060667e-14,3.109538379e-13,1.65816618e-14
25.3671875,4.780101246e-13,4.545618844e-13,3.204895699e-13,2.592984315e-13,2.158052855e-13,2.133321513e-13,3.552287061e-14,5.77156886e-14,4.919943641e-14,2.989027173e-14,1.787579646e-13,1.927945543e-13,2.257819634e-13,3.587867582e-13,5.153296044e-13,6.500665889e-13,6.670277992e-13,4.089823653e-13,1.768527544e-13,1.088085037e-13,1.092625226e-13,4.305533211e-14,5.387843234e-14,4.216592088e-14,5.988182263e-14,8.185103689e-14,1.498697443e-13,2.182931297e-13,2.201767161e-13,9.626201644e-14,3.104096272e-13,1.674622609e-14
25.375,4.745579043e-13,4.446601711e-13,3.183302686e-13,2.561815194e-13,2.150395899e-13,2.109771491e-13,3.546893386e-14,5.753873323e-14,4.836418857e-14,3.00279278e-14,1.766920626e-13,1.916081619e-13,2.232565135e-13,3.553311764e-13,5.104605657e-13,6.445678521e-13,6.644846445e-13,4.084679385e-13,1.753035285e-13,1.093039628e-13,1.071215454e-13,4.259773198e-14,5.376582682e-14,4.215112614e-14,5.984396514e-14,8.158830365e-14,1.487448638e-13,2.147978081e-13,2.169203582e-13,9.5143847e-14,3.098132506e-13,1.692232711e-14
25.3828125,4.709119199e-13,4.347841767e-13,3.161981024e-13,2.532475759e-13,2.141841279e-13,2.086883171e-13,3.54337761e-14,5.742888765e-14,4.750774696e-14,3.0260772e-14,1.745689766e-13,1.90389718e-13,2.206760093e-13,3.517415876e-13,5.056765184e-13,6.395035634e-13,6.621171029e-13,4.080394087e-13,1.737195421e-13,1.099650497e-13,1.050484417e-13,4.212678086e-14,5.36679197e-14,4.215510299e-14,5.984072149e-14,8.133176157e-14,1.476552383e-13,2.112154104e-13,2.137149239e-13,9.397797501e-14,3.091064763e-13,1.712737224e-14
25.390625,4.671343004e-13,4.246298707e-13,3.140360696e-13,2.502969032e-13,2.133154792e-13,2.06391394e-13,3.541389708e-14,5.732670569e-14,4.663867744e-14,3.052472703e-14,1.723571042e-13,1.891574154e-13,2.180345356e-13,3.481506823e-13,5.009348552e-13,6.345315256e-13,6.596844033e-13,4.076648125e-13,1.720812829e-13,1.104642652e-13,1.030124023e-13,4.164686886e-14,5.355089038e-14,4.218741e-14,5.986546721e-14,8.108664209e-14,1.464717788e-13,2.075227885e-13,2.105888712e-13,9.280258757e-14,3.084283784e-13,1.735930475e-14
25.3984375,4.632607305e-13,4.146298488e-13,3.117279261e-13,2.474164788e-13,2.12333011e-13,2.040310743e-13,3.537826101e-14,5.724788857e-14,4.575728721e-14,3.077305105e-14,1.701646775e-13,1.879449238e-13,2.154683743e-13,3.445256716e-13,4.962202726e-13,6.297796652e-13,6.574412497e-13,4.072112314e-13,1.70412298e-13,1.108725838e-13,1.009960812e-13,4.113183059e-14,5.339024556e-14,4.231328865e-14,5.989149438e-14,8.086793488e-14,1.452815501e-13,2.03850707e-13,2.074354874e-13,9.164469935e-14,3.07716466e-13,1.757985435e-14
25.40625,4.593345357e-13,4.049905893e-13,3.092475665e-13,2.445562266e-13,2.11129528e-13,2.015996995e-13,3.534130176e-14,5.722430592e-14,4.485794249e-14,3.103518776e-14,1.679856962e-13,1.866914022e-13,2.128428135e-13,3.406708342e-13,4.915292053e-13,6.253998518e-13,6.555071909e-13,4.066570672e-13,1.687381919e-13,1.113341729e-13,9.898380842e-14,4.057694883e-14,5.321810685e-14,4.251228547e-14,5.992100975e-14,8.066443547e-14,1.441875508e-13,2.002344857e-13,2.041733759e-13,9.048633452e-14,3.068391718e-13,1.77961186e-14
25.4140625,4.555322605e-13,3.95305087e-13,3.067647708e-13,2.415645692e-13,2.098807951e-13,1.991863571e-13,3.535271775e-14,5.722795249e-14,4.398250214e-14,3.131815617e-14,1.657527144e-13,1.854180978e-13,2.100115191e-13,3.366643813e-13,4.868425986e-13,6.212296587e-13,6.537173802e-13,4.06180672e-13,1.670844217e-13,1.117801092e-13,9.697816846e-14,4.003064342e-14,5.305530852e-14,4.26990425e-14,5.998422507e-14,8.045876487e-14,1.430865876e-13,1.965895616e-13,2.008577862e-13,8.930560011e-14,3.060052112e-13,1.804482636e-14
25.421875,4.517519329e-13,3.854370132e-13,3.044055516e-13,2.386170019e-13,2.087618323e-13,1.968550359e-13,3.539416312e-14,5.724499283e-14,4.316471678e-14,3.162062439e-14,1.63529492e-13,1.842461593e-13,2.071985874e-13,3.327306295e-13,4.821272448e-13,6.171823333e-13,6.520672672e-13,4.058860113e-13,1.654468128e-13,1.12224161e-13,9.504483153e-14,3.951250813e-14,5.289070868e-14,4.285330542e-14,6.008906979e-14,8.02768618e-14,1.419362676e-13,1.928773285e-13,1.975904961e-13,8.811663395e-14,3.053751785e-13,1.832823494e-14
25.4296875,4.477677836e-13,3.757645375e-13,3.020949585e-13,2.358611035e-13,2.077218225e-13,1.945165133e-13,3.542042973e-14,5.729603434e-14,4.236725001e-14,3.198688235e-14,1.613781945e-13,1.83192429e-13,2.045837338e-13,3.288742279e-13,4.773104383e-13,6.132419661e-13,6.50536931e-13,4.056523724e-13,1.638041376e-13,1.127770111e-13,9.322552016e-14,3.898796803e-14,5.269550292e-14,4.301809703e-14,6.020737585e-14,8.015888234e-14,1.408789812e-13,1.891359653e-13,1.944302828e-13,8.692516479e-14,3.047266315e-13,1.862860325e-14
25.4375,4.437197548e-13,3.664299482e-13,2.997015245e-13,2.331249615e-13,2.066919511e-13,1.920984921e-13,3.545364546e-14,5.738216051e-14,4.153915983e-14,3.242751416e-14,1.592172734e-13,1.821570827e-13,2.019915883e-13,3.249781176e-13,4.723602472e-13,6.093508879e-13,6.490177451e-13,4.053822693e-13,1.62155208e-13,1.134281295e-13,9.144400988e-14,3.84405599e-14,5.245167162e-14,4.322917759e-14,6.032832529e-14,8.006941139e-14,1.399212612e-13,1.853485477e-13,1.913795432e-13,8.570335586e-14,3.039161135e-13,1.893258892e-14
25.4453125,4.397675008e-13,3.571434216e-13,2.971354421e-13,2.302581967e-13,2.056549836e-13,1.89668319e-13,3.551640841e-14,5.750497451e-14,4.070462346e-14,3.289088671e-14,1.569562838e-13,1.810745247e-13,1.992657157e-13,3.210012227e-13,4.673154219e-13,6.055139437e-13,6.476123873e-13,4.050850952e-13,1.605102308e-13,1.140942267e-13,8.96281823e-14,3.789065009e-14,5.218456025e-14,4.349822732e-14,6.047172158e-14,7.992421161e-14,1.389137239e-13,1.814516832e-13,1.883582083e-13,8.444012665e-14,3.031022606e-13,1.924262661e-14
25.453125,4.358338822e-13,3.477898816e-13,2.944508275e-13,2.273306583e-13,2.045659647e-13,1.873298303e-13,3.558585234e-14,5.768749683e-14,3.991894546e-14,3.335815558e-14,1.546332024e-13,1.799689771e-13,1.96470288e-13,3.169548736e-13,4.622593755e-13,6.017885328e-13,6.464745264e-13,4.047782727e-13,1.588854107e-13,1.147211944e-13,8.78177759e-14,3.73494207e-14,5.193139805e-14,4.380538366e-14,6.064172476e-14,7.971638416e-14,1.378568653e-13,1.775236975e-13,1.852816584e-13,8.315752573e-14,3.02382928e-13,1.957554392e-14
25.4609375,4.31924275e-13,3.386416898e-13,2.918845981e-13,2.245265396e-13,2.034468888e-13,1.851205158e-13,3.565683477e-14,5.792214375e-14,3.917490676e-14,3.386444019e-14,1.523582766e-13,1.789153885e-13,1.936869254e-13,3.128914255e-13,4.572858488e-13,5.982787323e-13,6.455520934e-13,4.045268683e-13,1.573007586e-13,1.153079911e-13,8.607041179e-14,3.681433665e-14,5.168848675e-14,4.410222798e-14,6.082384908e-14,7.952543381e-14,1.368586328e-13,1.737581211e-13,1.822094518e-13,8.188129874e-14,3.016905029e-13,1.993032754e-14
25.46875,4.280515361e-13,3.298094779e-13,2.894918093e-13,2.218934616e-13,2.023744468e-13,1.829487106e-13,3.573568345e-14,5.816798827e-14,3.844059902e-14,3.442368968e-14,1.501649633e-13,1.779395609e-13,1.909313345e-13,3.088770992e-13,4.523569655e-13,5.950508006e-13,6.447124711e-13,4.043320005e-13,1.557521247e-13,1.158789607e-13,8.43979381e-14,3.628795746e-14,5.140712009e-14,4.438647453e-14,6.101342325e-14,7.939103488e-14,1.359057992e-13,1.701662788e-13,1.792176352e-13,8.062021958e-14,3.009861682e-13,2.02954167e-14
25.4765625,4.240941772e-13,3.209750014e-13,2.869803514e-13,2.192150722e-13,2.013019431e-13,1.806885124e-13,3.581638096e-14,5.842377454e-14,3.77122896e-14,3.499873198e-14,1.479804486e-13,1.769381422e-13,1.881805033e-13,3.048697901e-13,4.474131306e-13,5.920633784e-13,6.4387904e-13,4.040580986e-13,1.542011342e-13,1.164206729e-13,8.277957091e-14,3.576263598e-14,5.105130361e-14,4.472341994e-14,6.121508265e-14,7.925205078e-14,1.349267421e-13,1.665159359e-13,1.762077196e-13,7.935118668e-14,3.002730192e-13,2.067206428e-14
25.484375,4.200628672e-13,3.119694557e-13,2.842305067e-13,2.163717453e-13,2.001267296e-13,1.783793448e-13,3.591189876e-14,5.872795567e-14,3.697912941e-14,3.556132312e-14,1.457662218e-13,1.757964329e-13,1.853796074e-13,3.007813396e-13,4.426288602e-13,5.893967455e-13,6.431290464e-13,4.037322313e-13,1.526161062e-13,1.169602639e-13,8.116585213e-14,3.522289965e-14,5.066393094e-14,4.513863134e-14,6.144411963e-14,7.905029226e-14,1.339503909e-13,1.626728728e-13,1.731090885e-13,7.805722368e-14,2.995550647e-13,2.105533676e-14
25.4921875,4.161308553e-13,3.03089076e-13,2.815460026e-13,2.135707746e-13,1.989206252e-13,1.761557589e-13,3.603389221e-14,5.908261409e-14,3.623363107e-14,3.614416718e-14,1.435647264e-13,1.745867272e-13,1.825353636e-13,2.966942464e-13,4.381585166e-13,5.872345033e-13,6.427418653e-13,4.035869875e-13,1.510338311e-13,1.175826262e-13,7.957200696e-14,3.4673075e-14,5.030198325e-14,4.560220878e-14,6.172266052e-14,7.883955222e-14,1.330707686e-13,1.587944094e-13,1.700497006e-13,7.677627875e-14,2.988709074e-13,2.144736147e-14
25.5,4.124160798e-13,2.945494811e-13,2.791416998e-13,2.109947481e-13,1.978454845e-13,1.740531865e-13,3.616798684e-14,5.944953534e-14,3.54914854e-14,3.678394402e-14,1.413874843e-13,1.734958203e-13,1.797449443e-13,2.92757805e-13,4.3388559e-13,5.855622309e-13,6.429276904e-13,4.03712796e-13,1.495244919e-13,1.182517125e-13,7.810290807e-14,3.412443663e-14,4.994132245e-14,4.61183831e-14,6.20452846e-14,7.870719145e-14,1.323323217e-13,1.550512266e-13,1.671261301e-13,7.55350063e-14,2.982198886e-13,2.186642833e-14
25.5078125,4.088809575e-13,2.862062924e-13,2.768492631e-13,2.085596834e-13,1.968418131e-13,1.720208852e-13,3.630845716e-14,5.980463012e-14,3.475204055e-14,3.74626581e-14,1.392074237e-13,1.725467483e-13,1.770501696e-13,2.888845173e-13,4.296903386e-13,5.842330587e-13,6.435573631e-13,4.039870832e-13,1.480757471e-13,1.188897449e-13,7.676902497e-14,3.357672729e-14,4.955792443e-14,4.668532308e-14,6.238525505e-14,7.864385215e-14,1.31699924e-13,1.513742742e-13,1.642850642e-13,7.429455517e-14,2.975277687e-13,2.229983445e-14
25.515625,4.053618375e-13,2.778992763e-13,2.74464763e-13,2.060557586e-13,1.956973508e-13,1.69982388e-13,3.646226694e-14,6.014949791e-14,3.401740079e-14,3.816034525e-14,1.37022532e-13,1.715914904e-13,1.743776089e-13,2.848871765e-13,4.255087069e-13,5.830783274e-13,6.443592508e-13,4.042644067e-13,1.466228947e-13,1.195463668e-13,7.546333813e-14,3.302794131e-14,4.918486729e-14,4.725476489e-14,6.274188811e-14,7.858497779e-14,1.310925437e-13,1.476270298e-13,1.614541549e-13,7.303127407e-14,2.967954505e-13,2.272725002e-14
25.5234375,4.018120984e-13,2.695809905e-13,2.720123892e-13,2.033743218e-13,1.944445739e-13,1.678921695e-13,3.6633478e-14,6.050321072e-14,3.331134039e-14,3.888501693e-14,1.348402946e-13,1.70587455e-13,1.716664218e-13,2.808531338e-13,4.212517419e-13,5.819423652e-13,6.453031442e-13,4.045534674e-13,1.45169253e-13,1.20211496e-13,7.415964149e-14,3.247120892e-14,4.88195084e-14,4.784098276e-14,6.313476584e-14,7.851555178e-14,1.30451874e-13,1.438305425e-13,1.585981656e-13,7.177632182e-14,2.961116573e-13,2.316795807e-14
25.53125,3.984068252e-13,2.612793606e-13,2.696412359e-13,2.006789401e-13,1.933339542e-13,1.658304225e-13,3.682376391e-14,6.089518525e-14,3.263610648e-14,3.963466887e-14,1.327034626e-13,1.69641289e-13,1.689505058e-13,2.770356106e-13,4.1707823e-13,5.809805807e-13,6.466083958e-13,4.050871049e-13,1.437641329e-13,1.208103599e-13,7.291423972e-14,3.191141554e-14,4.843776391e-14,4.850604687e-14,6.357027018e-14,7.847784247e-14,1.298312904e-13,1.401075884e-13,1.55763548e-13,7.056206319e-14,2.955050539e-13,2.363346289e-14
25.5390625,3.952690857e-13,2.531560509e-13,2.674672658e-13,1.982293346e-13,1.924638118e-13,1.639157228e-13,3.701595995e-14,6.133361364e-14,3.199354234e-14,4.041904822e-14,1.306811234e-13,1.688130439e-13,1.663029884e-13,2.734961498e-13,4.132569604e-13,5.804831814e-13,6.483666126e-13,4.060248252e-13,1.424482823e-13,1.214456415e-13,7.174565232e-14,3.138515519e-14,4.806084561e-14,4.922813368e-14,6.404026062e-14,7.850727781e-14,1.293406338e-13,1.365368221e-13,1.530575553e-13,6.939031848e-14,2.949605213e-13,2.411452139e-14
25.546875,3.923411913e-13,2.453179948e-13,2.654115468e-13,1.959931123e-13,1.917480773e-13,1.621263969e-13,3.718966414e-14,6.178352101e-14,3.138781828e-14,4.127102054e-14,1.287232648e-13,1.680712169e-13,1.637534505e-13,2.700939199e-13,4.096499793e-13,5.802889174e-13,6.503641105e-13,4.071571536e-13,1.412295625e-13,1.221815907e-13,7.066163102e-14,3.089627098e-14,4.768632273e-14,4.99542636e-14,6.452328992e-14,7.85537759e-14,1.289646463e-13,1.33069781e-13,1.504773909e-13,6.821260503e-14,2.944318268e-13,2.460888939e-14
25.5546875,3.895032204e-13,2.376850334e-13,2.632379972e-13,1.937377305e-13,1.91063091e-13,1.603586815e-13,3.735712028e-14,6.219533833e-14,3.077976056e-14,4.217765202e-14,1.267165425e-13,1.673406199e-13,1.612498616e-13,2.667056896e-13,4.05985296e-13,5.801149735e-13,6.524141707e-13,4.082408654e-13,1.40037305e-13,1.228649729e-13,6.96648509e-14,3.039541794e-14,4.727727556e-14,5.069511153e-14,6.500411689e-14,7.853141184e-14,1.286004485e-13,1.295823007e-13,1.479486748e-13,6.697978787e-14,2.937937574e-13,2.509566436e-14
25.5625,3.867476533e-13,2.302354067e-13,2.609721403e-13,1.914674552e-13,1.90338221e-13,1.586153498e-13,3.753758711e-14,6.25704463e-14,3.017085734e-14,4.309119851e-14,1.247288876e-13,1.665705533e-13,1.587196804e-13,2.633956151e-13,4.024114667e-13,5.801657546e-13,6.546561736e-13,4.094074233e-13,1.388485575e-13,1.234732327e-13,6.871357107e-14,2.988884704e-14,4.683914032e-14,5.145978613e-14,6.550930084e-14,7.847568237e-14,1.28260985e-13,1.261032678e-13,1.455009579e-13,6.574226129e-14,2.930767811e-13,2.556670885e-14
25.5703125,3.842673575e-13,2.230188829e-13,2.589090343e-13,1.893508109e-13,1.897009498e-13,1.569722268e-13,3.773379623e-14,6.29636432e-14,2.962077182e-14,4.40146908e-14,1.229053538e-13,1.658438464e-13,1.561874086e-13,2.603401184e-13,3.991755725e-13,5.806918281e-13,6.573115393e-13,4.108954943e-13,1.377855983e-13,1.241123736e-13,6.779526496e-14,2.94326033e-14,4.63948076e-14,5.222832693e-14,6.607185936e-14,7.848255482e-14,1.280360878e-13,1.227897545e-13,1.431814997e-13,6.456539966e-14,2.925233503e-13,2.605555143e-14
25.578125,3.820535918e-13,2.159613736e-13,2.57064833e-13,1.873031233e-13,1.893149821e-13,1.553988019e-13,3.79473341e-14,6.337562215e-14,2.909522339e-14,4.499174374e-14,1.211985077e-13,1.652553776e-13,1.537396179e-13,2.575346229e-13,3.961831571e-13,5.815199783e-13,6.60335215e-13,4.126713773e-13,1.368720183e-13,1.247044183e-13,6.69629555e-14,2.900617866e-14,4.595047965e-14,5.299959108e-14,6.667679917e-14,7.852791752e-14,1.279331562e-13,1.19602321e-13,1.409490843e-13,6.341468568e-14,2.921351295e-13,2.654921316e-14
25.5859375,3.797673548e-13,2.090298239e-13,2.552739105e-13,1.851833755e-13,1.891073279e-13,1.538637076e-13,3.817500024e-14,6.37511875e-14,2.853695434e-14,4.602755838e-14,1.194983762e-13,1.647539687e-13,1.513831293e-13,2.548486842e-13,3.933179701e-13,5.824782103e-13,6.635483785e-13,4.146134987e-13,1.359867258e-13,1.252139119e-13,6.624656632e-14,2.856344285e-14,4.551498885e-14,5.376917289e-14,6.729304509e-14,7.854642082e-14,1.278952612e-13,1.164176952e-13,1.387587395e-13,6.2270679e-14,2.916879115e-13,2.700771523e-14
25.59375,3.775169325e-13,2.023558172e-13,2.536063875e-13,1.832179319e-13,1.889692187e-13,1.525186077e-13,3.841475734e-14,6.412356251e-14,2.802220183e-14,4.707360453e-14,1.178343146e-13,1.642875769e-13,1.490675417e-13,2.522975618e-13,3.907046155e-13,5.837092051e-13,6.669454841e-13,4.167279002e-13,1.351519172e-13,1.258220365e-13,6.562203587e-14,2.814263086e-14,4.508138445e-14,5.454722369e-14,6.791309368e-14,7.854768451e-14,1.278721107e-13,1.133521071e-13,1.366131293e-13,6.116548011e-14,2.912159134e-13,2.747039466e-14
25.6015625,3.757708842e-13,1.959525469e-13,2.520099847e-13,1.815244575e-13,1.888345185e-13,1.514037349e-13,3.866966868e-14,6.455640337e-14,2.758524329e-14,4.810617918e-14,1.162395995e-13,1.638116919e-13,1.467587968e-13,2.498229972e-13,3.883660892e-13,5.853298351e-13,6.70594278e-13,4.189380608e-13,1.344235308e-13,1.265682171e-13,6.506745957e-14,2.777141022e-14,4.463175908e-14,5.541268865e-14,6.853638088e-14,7.854249419e-14,1.278515384e-13,1.104663909e-13,1.345482831e-13,6.00619462e-14,2.908040677e-13,2.797521711e-14
25.609375,3.743058695e-13,1.896630602e-13,2.502232594e-13,1.797245663e-13,1.885610257e-13,1.502656688e-13,3.892216003e-14,6.497647529e-14,2.712072962e-14,4.918135467e-14,1.146756129e-13,1.632045719e-13,1.444102418e-13,2.472207945e-13,3.861003557e-13,5.871559189e-13,6.74376545e-13,4.210939288e-13,1.336736169e-13,1.272857755e-13,6.459523324e-14,2.739845899e-14,4.417046876e-14,5.638972511e-14,6.916241138e-14,7.853471971e-14,1.278579689e-13,1.075549869e-13,1.325820552e-13,5.892804638e-14,2.902737739e-13,2.84831026e-14
25.6171875,3.726616739e-13,1.834511929e-13,2.483505965e-13,1.777006566e-13,1.882790041e-13,1.490182401e-13,3.916515596e-14,6.531119993e-14,2.6611065e-14,5.034216141e-14,1.131586734e-13,1.62523381e-13,1.420319257e-13,2.446189295e-13,3.838685676e-13,5.889929187e-13,6.781895524e-13,4.23319287e-13,1.328749169e-13,1.27887011e-13,6.421525911e-14,2.700725448e-14,4.370945143e-14,5.735520167e-14,6.980634759e-14,7.854747743e-14,1.278786673e-13,1.045958502e-13,1.306650453e-13,5.78217171e-14,2.896304772e-13,2.897360371e-14
25.625,3.711554629e-13,1.774195798e-13,2.466500456e-13,1.758131847e-13,1.883144174e-13,1.478621026e-13,3.943033524e-14,6.564176917e-14,2.614875582e-14,5.154553886e-14,1.117446394e-13,1.619620347e-13,1.397416562e-13,2.423441458e-13,3.818901474e-13,5.910441762e-13,6.82297154e-13,4.258762697e-13,1.322012363e-13,1.284123718e-13,6.389568998e-14,2.664394885e-14,4.326304289e-14,5.825202191e-14,7.050017207e-14,7.856492535e-14,1.279020559e-13,1.017961298e-13,1.287943768e-13,5.67689096e-14,2.891736347e-13,2.945995188e-14
25.6328125,3.701091101e-13,1.716055883e-13,2.450532437e-13,1.740927191e-13,1.88510594e-13,1.468311496e-13,3.97204339e-14,6.603188883e-14,2.574414852e-14,5.27707638e-14,1.104424719e-13,1.614498308e-13,1.375685923e-13,2.403381292e-13,3.802609751e-13,5.936266963e-13,6.870052651e-13,4.287458212e-13,1.316794323e-13,1.289905961e-13,6.362042421e-14,2.632169809e-14,4.283771571e-14,5.920943453e-14,7.126284385e-14,7.858012306e-14,1.280294193e-13,9.914331688e-14,1.270571092e-13,5.574784797e-14,2.889454323e-13,2.993936249e-14
25.640625,3.691397839e-13,1.659880494e-13,2.434868681e-13,1.723309026e-13,1.885198538e-13,1.458185773e-13,4.000484499e-14,6.643779851e-14,2.534958333e-14,5.405185989e-14,1.092354965e-13,1.608439462e-13,1.354092632e-13,2.383555408e-13,3.788010617e-13,5.965810591e-13,6.920554385e-13,4.317229235e-13,1.311759043e-13,1.297347446e-13,6.342656893e-14,2.601480852e-14,4.23907857e-14,6.02871995e-14,7.206046974e-14,7.862768191e-14,1.283210328e-13,9.650687246e-14,1.254597388e-13,5.475925227e-14,2.887268948e-13,3.042350696e-14
25.6484375,3.680153335e-13,1.605931528e-13,2.419791353e-13,1.706540805e-13,1.884634842e-13,1.448568871e-13,4.028105433e-14,6.68450577e-14,2.495745074e-14,5.536066879e-14,1.080947673e-13,1.602436033e-13,1.332601381e-13,2.363845608e-13,3.773453846e-13,5.995155042e-13,6.969032761e-13,4.347113166e-13,1.306555742e-13,1.305523485e-13,6.332179006e-14,2.571130552e-14,4.188580187e-14,6.137097611e-14,7.283245215e-14,7.867718896e-14,1.286518335e-13,9.393200337e-14,1.239260022e-13,5.378151744e-14,2.884530333e-13,3.091409418e-14
25.65625,3.67030779e-13,1.554255513e-13,2.404201028e-13,1.691731471e-13,1.885608588e-13,1.439554985e-13,4.054303275e-14,6.727344559e-14,2.457374104e-14,5.666027652e-14,1.069847316e-13,1.597037648e-13,1.311968025e-13,2.345428014e-13,3.759482432e-13,6.023769391e-13,7.015176577e-13,4.377263619e-13,1.301704916e-13,1.313042619e-13,6.327427318e-14,2.541943024e-14,4.137415892e-14,6.241542279e-14,7.356698434e-14,7.868028136e-14,1.289434162e-13,9.146538442e-14,1.224037333e-13,5.279152266e-14,2.881739845e-13,3.138213519e-14
25.6640625,3.663353274e-13,1.503625242e-13,2.387761498e-13,1.67740934e-13,1.887680928e-13,1.430337355e-13,4.078443918e-14,6.769633824e-14,2.420746352e-14,5.8001824e-14,1.058907223e-13,1.591226795e-13,1.291778521e-13,2.329086664e-13,3.74702945e-13,6.052561756e-13,7.062805673e-13,4.407933232e-13,1.297482935e-13,1.320288846e-13,6.326845914e-14,2.515389063e-14,4.091275567e-14,6.348757868e-14,7.430483314e-14,7.867874521e-14,1.29287357e-13,8.903646056e-14,1.208486292e-13,5.181397926e-14,2.878532649e-13,3.184801706e-14
25.671875,3.657272776e-13,1.453287103e-13,2.371436233e-13,1.663017846e-13,1.890067411e-13,1.421077063e-13,4.104648954e-14,6.807669379e-14,2.386772938e-14,5.939436574e-14,1.048230964e-13,1.584890047e-13,1.27144395e-13,2.314245245e-13,3.735504218e-13,6.080655192e-13,7.11222633e-13,4.438847178e-13,1.293806759e-13,1.327815608e-13,6.327280705e-14,2.491003745e-14,4.046519467e-14,6.457737093e-14,7.506873374e-14,7.869834405e-14,1.297155077e-13,8.663174361e-14,1.192997536e-13,5.085983093e-14,2.874287781e-13,3.234158537e-14
25.6796875,3.650232961e-13,1.404968772e-13,2.355344094e-13,1.649267344e-13,1.892443346e-13,1.412330747e-13,4.132970414e-14,6.841688995e-14,2.353593697e-14,6.077631724e-14,1.038445094e-13,1.578579248e-13,1.251683022e-13,2.299420606e-13,3.724264057e-13,6.107596699e-13,7.160617968e-13,4.469481098e-13,1.290446126e-13,1.335726329e-13,6.32801134e-14,2.466157327e-14,3.997964794e-14,6.564534032e-14,7.583019669e-14,7.869396367e-14,1.301567911e-13,8.433460093e-14,1.178614519e-13,4.99241048e-14,2.869193243e-13,3.281069503e-14
25.6875,3.642850688e-13,1.359771844e-13,2.339691659e-13,1.636653096e-13,1.895302777e-13,1.403958154e-13,4.157821857e-14,6.874770045e-14,2.319858024e-14,6.216971415e-14,1.030192007e-13,1.572333457e-13,1.233228114e-13,2.285134207e-13,3.714324731e-13,6.134918274e-13,7.208869869e-13,4.499955259e-13,1.287478288e-13,1.34469518e-13,6.336526099e-14,2.44097842e-14,3.948387186e-14,6.675099467e-14,7.656917315e-14,7.86622565e-14,1.306318109e-13,8.216325422e-14,1.164932661e-13,4.900939217e-14,2.863937645e-13,3.322557107e-14
25.6953125,3.637434318e-13,1.315563991e-13,2.324180223e-13,1.624684775e-13,1.89942558e-13,1.395710225e-13,4.181144481e-14,6.907680939e-14,2.287247655e-14,6.361485703e-14,1.022801077e-13,1.565807772e-13,1.215508472e-13,2.273248559e-13,3.706881112e-13,6.164251192e-13,7.260396272e-13,4.530802645e-13,1.285178271e-13,1.354528358e-13,6.353851321e-14,2.418616498e-14,3.902752423e-14,6.792337796e-14,7.732862323e-14,7.864724528e-14,1.312171937e-13,8.001525936e-14,1.151415339e-13,4.810081129e-14,2.858826114e-13,3.363988566e-14
25.703125,3.634731977e-13,1.271363424e-13,2.306997299e-13,1.61160524e-13,1.903557489e-13,1.387399005e-13,4.206920497e-14,6.937583913e-14,2.256903058e-14,6.506540594e-14,1.015138915e-13,1.558420725e-13,1.197555706e-13,2.263399233e-13,3.701518401e-13,6.195524339e-13,7.314178283e-13,4.562383205e-13,1.283414063e-13,1.364260097e-13,6.371456858e-14,2.39952009e-14,3.86084245e-14,6.908793678e-14,7.813756476e-14,7.866041024e-14,1.318677191e-13,7.786079566e-14,1.139054066e-13,4.722491814e-14,2.853653074e-13,3.407062549e-14
25.7109375,3.632690488e-13,1.229063332e-13,2.288549907e-13,1.597556945e-13,1.906493769e-13,1.379122961e-13,4.231372426e-14,6.967084072e-14,2.228910999e-14,6.652079846e-14,1.007352504e-13,1.550272242e-13,1.179375535e-13,2.254065893e-13,3.697158759e-13,6.227556612e-13,7.366830975e-13,4.59475563e-13,1.281894608e-13,1.374503376e-13,6.39008962e-14,2.381711384e-14,3.820974661e-14,7.023335979e-14,7.894545183e-14,7.867396842e-14,1.32473984e-13,7.582385888e-14,1.127539317e-13,4.642932424e-14,2.848347138e-13,3.449509726e-14
25.71875,3.630341132e-13,1.188856721e-13,2.271789778e-13,1.585131682e-13,1.909452658e-13,1.371728317e-13,4.254315482e-14,7.002110907e-14,2.203593892e-14,6.803404342e-14,1.000099182e-13,1.542435251e-13,1.16175879e-13,2.245388517e-13,3.693745825e-13,6.260199123e-13,7.419271389e-13,4.627673762e-13,1.280713124e-13,1.386207255e-13,6.416865305e-14,2.365296101e-14,3.782085819e-14,7.14249871e-14,7.972134546e-14,7.866363014e-14,1.330435763e-13,7.394259346e-14,1.115367967e-13,4.56565287e-14,2.843307307e-13,3.492869683e-14
25.7265625,3.629535735e-13,1.150045549e-13,2.257150829e-13,1.574315527e-13,1.913528137e-13,1.365734219e-13,4.279993504e-14,7.037652882e-14,2.179334233e-14,6.95901648e-14,9.936182049e-14,1.535428219e-13,1.145059516e-13,2.238351669e-13,3.691999823e-13,6.293902162e-13,7.473818828e-13,4.661390526e-13,1.280085352e-13,1.398856296e-13,6.452093321e-14,2.351067502e-14,3.740616169e-14,7.264855446e-14,8.049680487e-14,7.864559525e-14,1.336809643e-13,7.211930265e-14,1.103191223e-13,4.483870984e-14,2.838588898e-13,3.536502158e-14
25.734375,3.630370972e-13,1.113921685e-13,2.242305371e-13,1.562990304e-13,1.9189441e-13,1.360166487e-13,4.305734868e-14,7.067840733e-14,2.153709526e-14,7.117249225e-14,9.881409956e-14,1.528529211e-13,1.128857199e-13,2.232908396e-13,3.691863189e-13,6.327853881e-13,7.5289443e-13,4.696222428e-13,1.279707321e-13,1.411985904e-13,6.494725178e-14,2.337719835e-14,3.695736572e-14,7.38594044e-14,8.127188667e-14,7.864575953e-14,1.344200925e-13,7.033923361e-14,1.091973203e-13,4.402431042e-14,2.833001172e-13,3.576647982e-14
25.7421875,3.630362226e-13,1.079951357e-13,2.226204251e-13,1.551547914e-13,1.925797512e-13,1.353850527e-13,4.328804813e-14,7.099503994e-14,2.128518948e-14,7.277676294e-14,9.835064807e-14,1.520804184e-13,1.112786791e-13,2.228252447e-13,3.692283669e-13,6.36137936e-13,7.582528424e-13,4.731071357e-13,1.27906938e-13,1.425358934e-13,6.542654918e-14,2.324956329e-14,3.652385753e-14,7.507737648e-14,8.202816777e-14,7.864308885e-14,1.351995715e-13,6.864127774e-14,1.08104518e-13,4.325847934e-14,2.826090447e-13,3.615699552e-14
25.75,3.629763102e-13,1.045755684e-13,2.209690853e-13,1.540879076e-13,1.93308012e-13,1.347174435e-13,4.351253869e-14,7.132840814e-14,2.107158085e-14,7.435432474e-14,9.790918137e-14,1.512249015e-13,1.097066679e-13,2.224216777e-13,3.692432492e-13,6.394443212e-13,7.634775215e-13,4.764850595e-13,1.278407234e-13,1.438152991e-13,6.591580162e-14,2.314735965e-14,3.611375305e-14,7.62920107e-14,8.277994327e-14,7.8598545e-14,1.359804737e-13,6.699613432e-14,1.070660975e-13,4.251968777e-14,2.819556609e-13,3.656793111e-14
25.7578125,3.630479597e-13,1.012014715e-13,2.192973865e-13,1.529831146e-13,1.939940873e-13,1.34085927e-13,4.371688149e-14,7.156864504e-14,2.087618394e-14,7.593323101e-14,9.747664426e-14,1.503228261e-13,1.081873207e-13,2.220556546e-13,3.691748405e-13,6.425665819e-13,7.685360455e-13,4.797254534e-13,1.277870791e-13,1.450604917e-13,6.645020902e-14,2.306309218e-14,3.569422988e-14,7.747522714e-14,8.350954295e-14,7.849604834e-14,1.367609389e-13,6.53741801e-14,1.061469271e-13,4.178671291e-14,2.813076491e-13,3.695904284e-14
25.765625,3.631125477e-13,9.801805977e-14,2.175302139e-13,1.518464056e-13,1.946746078e-13,1.33448919e-13,4.388958967e-14,7.174812111e-14,2.067031605e-14,7.757112016e-14,9.708427308e-14,1.493326456e-13,1.066811418e-13,2.216205635e-13,3.689786774e-13,6.454074525e-13,7.732916839e-13,4.827246235e-13,1.276715486e-13,1.463941322e-13,6.707162775e-14,2.297501869e-14,3.528466672e-14,7.867513686e-14,8.41787206e-14,7.833709999e-14,1.37506088e-13,6.378708455e-14,1.052567289e-13,4.103869693e-14,2.803865444e-13,3.731251959e-14
25.7734375,3.630202478e-13,9.494766384e-14,2.157161522e-13,1.508403368e-13,1.953761637e-13,1.328190917e-13,4.407030559e-14,7.198042136e-14,2.048238151e-14,7.919410675e-14,9.674536786e-14,1.482774161e-13,1.051925947e-13,2.211773128e-13,3.687574234e-13,6.481103903e-13,7.777834809e-13,4.854992732e-13,1.275219081e-13,1.477989302e-13,6.773463963e-14,2.290507484e-14,3.489828088e-14,7.99076164e-14,8.481462954e-14,7.815001014e-14,1.382018112e-13,6.226430063e-14,1.043823604e-13,4.027297699e-14,2.793028553e-13,3.766180256e-14
25.78125,3.628184554e-13,9.197784567e-14,2.139229323e-13,1.49902039e-13,1.960885442e-13,1.322477623e-13,4.427308746e-14,7.224216179e-14,2.031772092e-14,8.079488695e-14,9.644221439e-14,1.47268638e-13,1.038015038e-13,2.208522169e-13,3.686755185e-13,6.508290637e-13,7.822327913e-13,4.88230761e-13,1.2743453e-13,1.492086887e-13,6.844235924e-14,2.285846043e-14,3.449868552e-14,8.114340391e-14,8.545867607e-14,7.797420751e-14,1.389196092e-13,6.08042741e-14,1.036173119e-13,3.952991639e-14,2.782934925e-13,3.799254184e-14
25.7890625,3.623803835e-13,8.916537162e-14,2.119906326e-13,1.488990441e-13,1.967117285e-13,1.315676207e-13,4.446789822e-14,7.248848453e-14,2.013356825e-14,8.247865877e-14,9.614620878e-14,1.462239526e-13,1.02486288e-13,2.204746004e-13,3.686798792e-13,6.53609896e-13,7.867322418e-13,4.908917308e-13,1.273064756e-13,1.506905954e-13,6.923045369e-14,2.278249991e-14,3.409898898e-14,8.242973117e-14,8.609540835e-14,7.78236558e-14,1.397187874e-13,5.935445384e-14,1.029090785e-13,3.883601992e-14,2.771202861e-13,3.82755997e-14
25.796875,3.617502011e-13,8.648965007e-14,2.098506642e-13,1.479689782e-13,1.971807397e-13,1.306628273e-13,4.463411735e-14,7.272524409e-14,1.995170032e-14,8.416242714e-14,9.587140741e-14,1.450524218e-13,1.011568634e-13,2.200092392e-13,3.686365951e-13,6.56361397e-13,7.910997583e-13,4.934664858e-13,1.270804165e-13,1.522588124e-13,7.003478693e-14,2.268650147e-14,3.373707921e-14,8.37431111e-14,8.670850633e-14,7.769653842e-14,1.405960535e-13,5.794301574e-14,1.022085694e-13,3.818616913e-14,2.75789219e-13,3.854097291e-14
25.8046875,3.613490794e-13,8.397090543e-14,2.077363377e-13,1.471398136e-13,1.977149561e-13,1.297817507e-13,4.478590619e-14,7.290663617e-14,1.981536609e-14,8.572983699e-14,9.564056618e-14,1.439331645e-13,9.985270005e-14,2.197750008e-13,3.685960346e-13,6.58797564e-13,7.951549614e-13,4.961343333e-13,1.26954396e-13,1.53801649e-13,7.082928016e-14,2.264141614e-14,3.33818246e-14,8.494760153e-14,8.731402924e-14,7.75697634e-14,1.415507075e-13,5.664159085e-14,1.016175177e-13,3.756358736e-14,2.747652533e-13,3.880813814e-14
25.8125,3.611265781e-13,8.15833344e-14,2.057169757e-13,1.461570495e-13,1.9838046e-13,1.2908405e-13,4.495984149e-14,7.303460928e-14,1.968209125e-14,8.72985225e-14,9.542612678e-14,1.428608747e-13,9.858210694e-14,2.196760276e-13,3.686072778e-13,6.608422468e-13,7.989242989e-13,4.986662993e-13,1.26923523e-13,1.553522882e-13,7.168651609e-14,2.263211886e-14,3.300487808e-14,8.609739702e-14,8.789481533e-14,7.738274478e-14,1.425264869e-13,5.538910915e-14,1.01134675e-13,3.694336606e-14,2.738588177e-13,3.905582645e-14
25.8203125,3.606714553e-13,7.92350112e-14,2.03657616e-13,1.450915203e-13,1.988936461e-13,1.2840452e-13,4.514942045e-14,7.318999616e-14,1.952820152e-14,8.892511299e-14,9.525374438e-14,1.415786093e-13,9.721591845e-14,2.193510915e-13,3.686081027e-13,6.62833616e-13,8.025072976e-13,5.007291925e-13,1.267584344e-13,1.57067873e-13,7.260571391e-14,2.26091272e-14,3.263772793e-14,8.735802039e-14,8.839973554e-14,7.710561672e-14,1.434237674e-13,5.416616425e-14,1.006357359e-13,3.632540318e-14,2.725326546e-13,3.928337776e-14
25.828125,3.600806437e-13,7.697548059e-14,2.016509445e-13,1.442200165e-13,1.993531098e-13,1.276685628e-13,4.52987887e-14,7.334245898e-14,1.940260447e-14,9.050781767e-14,9.519503914e-14,1.402034033e-13,9.580825485e-14,2.190079578e-13,3.686017747e-13,6.648955236e-13,8.059922867e-13,5.027189973e-13,1.265287e-13,1.589081203e-13,7.355014515e-14,2.259906844e-14,3.230365783e-14,8.866633105e-14,8.884595933e-14,7.680684768e-14,1.44323411e-13,5.307138936e-14,1.001136025e-13,3.572485527e-14,2.710528331e-13,3.950067733e-14
25.8359375,3.594964947e-13,7.485748919e-14,1.997859876e-13,1.433781562e-13,2.000495097e-13,1.26904105e-13,4.539821586e-14,7.342144411e-14,1.930261605e-14,9.206765501e-14,9.519590413e-14,1.389989891e-13,9.455897767e-14,2.18877331e-13,3.685515203e-13,6.667113536e-13,8.093332685e-13,5.049370716e-13,1.263969528e-13,1.606986094e-13,7.45455204e-14,2.261006329e-14,3.199441676e-14,8.988792471e-14,8.930090952e-14,7.657391002e-14,1.453713651e-13,5.204552556e-14,9.962071818e-14,3.512962406e-14,2.698066824e-13,3.970630776e-14
25.84375,3.587430985e-13,7.283072829e-14,1.978391989e-13,1.424331491e-13,2.007080433e-13,1.260433945e-13,4.549125252e-14,7.349300831e-14,1.919572113e-14,9.366781027e-14,9.517397913e-14,1.37799632e-13,9.342694306e-14,2.186940755e-13,3.68361774e-13,6.681961933e-13,8.123356494e-13,5.069100137e-13,1.262396834e-13,1.624564744e-13,7.557253681e-14,2.260528716e-14,3.169402142e-14,9.105351279e-14,8.975346954e-14,7.637822249e-14,1.464432904e-13,5.099652132e-14,9.914688726e-14,3.453481614e-14,2.685311179e-13,3.990545819e-14
25.8515625,3.579259323e-13,7.089591554e-14,1.956909391e-13,1.416387802e-13,2.011430535e-13,1.251349285e-13,4.560573748e-14,7.36143501e-14,1.91093214e-14,9.527631412e-14,9.517251964e-14,1.364150751e-13,9.225931031e-14,2.184394769e-13,3.682014901e-13,6.696847896e-13,8.150906483e-13,5.085104223e-13,1.259914525e-13,1.643418115e-13,7.657746056e-14,2.260772405e-14,3.139335738e-14,9.222060473e-14,9.016179872e-14,7.612447388e-14,1.473832297e-13,5.000452159e-14,9.871278578e-14,3.395887449e-14,2.670766479e-13,4.008629731e-14
25.859375,3.571281671e-13,6.903498819e-14,1.935340414e-13,1.409209528e-13,2.0170646e-13,1.242952235e-13,4.574558843e-14,7.372646291e-14,1.905748593e-14,9.689880652e-14,9.522977989e-14,1.349945933e-13,9.107706506e-14,2.183687621e-13,3.682719524e-13,6.712870461e-13,8.178226174e-13,5.10173866e-13,1.257663335e-13,1.66343035e-13,7.759732146e-14,2.265070667e-14,3.110911869e-14,9.340407726e-14,9.055763165e-14,7.582748991e-14,1.483297018e-13,4.906354509e-14,9.835074705e-14,3.34038006e-14,2.656759529e-13,4.022574901e-14
25.8671875,3.561016583e-13,6.727010841e-14,1.914610996e-13,1.400449131e-13,2.024324851e-13,1.234573354e-13,4.589274579e-14,7.379922677e-14,1.901242468e-14,9.8551047e-14,9.535030365e-14,1.336560529e-13,8.994585912e-14,2.183801207e-13,3.683782179e-13,6.727252546e-13,8.20299089e-13,5.118508432e-13,1.255478782e-13,1.682695441e-13,7.869110937e-14,2.270789958e-14,3.085251175e-14,9.461085386e-14,9.095539199e-14,7.557042439e-14,1.493894342e-13,4.811803397e-14,9.79934069e-14,3.285807509e-14,2.643539282e-13,4.033795674e-14
25.875,3.550018627e-13,6.575367448e-14,1.893243048e-13,1.39269839e-13,2.030398235e-13,1.225773139e-13,4.602232092e-14,7.387907347e-14,1.897636071e-14,1.002002498e-13,9.558330208e-14,1.323227766e-13,8.885860013e-14,2.183278741e-13,3.683561343e-13,6.739221887e-13,8.224047471e-13,5.132892338e-13,1.252859547e-13,1.700964701e-13,7.98457714e-14,2.276894323e-14,3.05971493e-14,9.579194973e-14,9.131586351e-14,7.532876152e-14,1.504431861e-13,4.727268995e-14,9.758204055e-14,3.230817434e-14,2.62953918e-13,4.044584569e-14
25.8828125,3.540611374e-13,6.438419031e-14,1.870370959e-13,1.38720813e-13,2.036025664e-13,1.21709968e-13,4.614030983e-14,7.400149857e-14,1.896148961e-14,1.018467195e-13,9.587737392e-14,1.309158265e-13,8.77767117e-14,2.18295691e-13,3.683536381e-13,6.750197171e-13,8.244805689e-13,5.146422256e-13,1.250299077e-13,1.720768986e-13,8.103293976e-14,2.284755045e-14,3.033302992e-14,9.692175096e-14,9.164248531e-14,7.504294895e-14,1.514578734e-13,4.650292927e-14,9.71666332e-14,3.174290077e-14,2.614355216e-13,4.054679189e-14
25.890625,3.527990325e-13,6.291973363e-14,1.846466941e-13,1.380519092e-13,2.042333559e-13,1.207330696e-13,4.62524242e-14,7.414475518e-14,1.895540411e-14,1.034757489e-13,9.608418393e-14,1.2943672e-13,8.665743662e-14,2.182152011e-13,3.68330971e-13,6.758657062e-13,8.263498356e-13,5.158902338e-13,1.247444222e-13,1.743312758e-13,8.225075508e-14,2.292385378e-14,3.008747301e-14,9.806152806e-14,9.194209922e-14,7.475682281e-14,1.525062112e-13,4.565317374e-14,9.678504173e-14,3.117530462e-14,2.598007995e-13,4.064075762e-14
25.8984375,3.509626363e-13,6.156560313e-14,1.821611605e-13,1.372111811e-13,2.048219719e-13,1.195163032e-13,4.634554785e-14,7.425253851e-14,1.895388387e-14,1.050450878e-13,9.622956044e-14,1.279465826e-13,8.553847931e-14,2.179794011e-13,3.681264456e-13,6.763629576e-13,8.276144366e-13,5.168499906e-13,1.243827968e-13,1.766314502e-13,8.348746046e-14,2.298995934e-14,2.986660129e-14,9.922621006e-14,9.218866916e-14,7.451541182e-14,1.535806434e-13,4.482328943e-14,9.644206034e-14,3.061825071e-14,2.580303685e-13,4.072652742e-14
25.90625,3.491706659e-13,6.058380022e-14,1.796139353e-13,1.364458693e-13,2.054294112e-13,1.182410285e-13,4.643652501e-14,7.432155224e-14,1.896737495e-14,1.065758615e-13,9.648242009e-14,1.264901652e-13,8.449885718e-14,2.177521424e-13,3.679061524e-13,6.768926493e-13,8.287428607e-13,5.17789528e-13,1.240566856e-13,1.788367484e-13,8.471242604e-14,2.308203362e-14,2.965531534e-14,1.003590775e-13,9.240808864e-14,7.427469791e-14,1.546850423e-13,4.416554955e-14,9.620863563e-14,3.006109097e-14,2.561815646e-13,4.079286225e-14
25.9140625,3.477733136e-13,5.972603171e-14,1.771481669e-13,1.357727193e-13,2.061819479e-13,1.171237693e-13,4.655218281e-14,7.440795303e-14,1.900531269e-14,1.080872081e-13,9.687750197e-14,1.250548006e-13,8.351714816e-14,2.17673725e-13,3.678134428e-13,6.77627448e-13,8.302621152e-13,5.189197179e-13,1.238363795e-13,1.811290894e-13,8.592826255e-14,2.321399369e-14,2.946411912e-14,1.01453199e-13,9.26443247e-14,7.399877917e-14,1.558528731e-13,4.358682373e-14,9.61110547e-14,2.951018797e-14,2.544007657e-13,4.084747098e-14
25.921875,3.463649576e-13,5.873974639e-14,1.747623604e-13,1.351194195e-13,2.069276192e-13,1.160923179e-13,4.668482196e-14,7.452323509e-14,1.906551501e-14,1.095682836e-13,9.730699292e-14,1.236128296e-13,8.255513973e-14,2.176328195e-13,3.677229754e-13,6.783426158e-13,8.319698338e-13,5.199266825e-13,1.236117345e-13,1.836334376e-13,8.71839631e-14,2.335230179e-14,2.930580234e-14,1.025553239e-13,9.28905534e-14,7.372669686e-14,1.570430474e-13,4.298878828e-14,9.603096427e-14,2.898459601e-14,2.526987594e-13,4.090646668e-14
25.9296875,3.446215467e-13,5.776154308e-14,1.72262655e-13,1.344738722e-13,2.074793331e-13,1.149869909e-13,4.682492982e-14,7.46526019e-14,1.912671518e-14,1.11056437e-13,9.770783277e-14,1.221313751e-13,8.162837849e-14,2.174803879e-13,3.676189147e-13,6.790454014e-13,8.335508043e-13,5.206059154e-13,1.232844469e-13,1.862389868e-13,8.850567824e-14,2.34713437e-14,2.914954958e-14,1.036689711e-13,9.312989052e-14,7.350067819e-14,1.581952605e-13,4.238326857e-14,9.590565524e-14,2.846828655e-14,2.508593146e-13,4.096468666e-14
25.9375,3.426295772e-13,5.692978757e-14,1.696098457e-13,1.337820892e-13,2.079135107e-13,1.137938615e-13,4.696650857e-14,7.482280695e-14,1.917982366e-14,1.12560223e-13,9.811767466e-14,1.205983279e-13,8.070329107e-14,2.171779416e-13,3.675011864e-13,6.796411354e-13,8.346487366e-13,5.210410041e-13,1.22884448e-13,1.888472615e-13,8.987463742e-14,2.358573192e-14,2.895994495e-14,1.047322966e-13,9.332743285e-14,7.328171653e-14,1.592596111e-13,4.176974699e-14,9.581568816e-14,2.793494201e-14,2.487989364e-13,4.100938519e-14
25.9453125,3.405003223e-13,5.617655905e-14,1.669495336e-13,1.330347419e-13,2.084016676e-13,1.125677082e-13,4.708627943e-14,7.50320829e-14,1.924475213e-14,1.140198767e-13,9.857657069e-14,1.190492182e-13,7.976288566e-14,2.16774892e-13,3.671744943e-13,6.797183797e-13,8.34987542e-13,5.212023532e-13,1.224644287e-13,1.915018288e-13,9.126521326e-14,2.371830907e-14,2.876139222e-14,1.057396584e-13,9.344361304e-14,7.300894706e-14,1.602098426e-13,4.116973218e-14,9.578557841e-14,2.738952827e-14,2.46709797e-13,4.104822658e-14
25.953125,3.382094164e-13,5.542087541e-14,1.643808564e-13,1.323111981e-13,2.089736375e-13,1.113569434e-13,4.719752116e-14,7.522863354e-14,1.933450774e-14,1.154362451e-13,9.905576895e-14,1.175348354e-13,7.889451169e-14,2.163766912e-13,3.666529113e-13,6.79466616e-13,8.350499742e-13,5.211468511e-13,1.220198535e-13,1.942719669e-13,9.266057971e-14,2.386967841e-14,2.860442367e-14,1.067915505e-13,9.352300006e-14,7.271582199e-14,1.611303817e-13,4.062551942e-14,9.577067616e-14,2.683996162e-14,2.447073048e-13,4.110882256e-14
25.9609375,3.357267967e-13,5.472189333e-14,1.619449188e-13,1.316866828e-13,2.095538554e-13,1.102067487e-13,4.736067154e-14,7.53932193e-14,1.944322205e-14,1.168587657e-13,9.95180379e-14,1.161133218e-13,7.812858996e-14,2.16020264e-13,3.661933256e-13,6.794604623e-13,8.35349114e-13,5.211112661e-13,1.215235035e-13,1.97116032e-13,9.409842464e-14,2.402778459e-14,2.849274928e-14,1.079032173e-13,9.362545491e-14,7.246810051e-14,1.621016265e-13,4.012580155e-14,9.580910364e-14,2.627713698e-14,2.427332294e-13,4.118634144e-14
25.96875,3.330733662e-13,5.41773349e-14,1.59595794e-13,1.311596533e-13,2.100662892e-13,1.090933495e-13,4.757680717e-14,7.554894293e-14,1.956002282e-14,1.18252487e-13,9.997888772e-14,1.14771335e-13,7.737319309e-14,2.155857557e-13,3.658433634e-13,6.796084455e-13,8.355781556e-13,5.210739415e-13,1.209777805e-13,2.000059988e-13,9.563343974e-14,2.417904374e-14,2.839867838e-14,1.0895483e-13,9.371788918e-14,7.226175206e-14,1.63064111e-13,3.96384831e-14,9.594316812e-14,2.57097948e-14,2.407322284e-13,4.123029725e-14
25.9765625,3.30293137e-13,5.374342582e-14,1.57195091e-13,1.306434134e-13,2.104893984e-13,1.079498745e-13,4.777870881e-14,7.573148382e-14,1.967906157e-14,1.195458895e-13,1.00464599e-13,1.133803268e-13,7.659006184e-14,2.150151197e-13,3.655235993e-13,6.79613845e-13,8.354935231e-13,5.208513882e-13,1.204264314e-13,2.031042935e-13,9.718414263e-14,2.432336357e-14,2.831385792e-14,1.099166439e-13,9.376289752e-14,7.207991316e-14,1.639727288e-13,3.916444594e-14,9.61220279e-14,2.51601026e-14,2.386841119e-13,4.124288666e-14
25.984375,3.274706009e-13,5.335816743e-14,1.547245447e-13,1.301144246e-13,2.108893566e-13,1.067885026e-13,4.796536145e-14,7.595415323e-14,1.98119382e-14,1.207857746e-13,1.009769285e-13,1.119136995e-13,7.585513567e-14,2.144550437e-13,3.652365745e-13,6.79559688e-13,8.353358729e-13,5.204762536e-13,1.199077702e-13,2.064162563e-13,9.864503211e-14,2.448614475e-14,2.824526757e-14,1.108570037e-13,9.379074825e-14,7.190982362e-14,1.648916705e-13,3.875425607e-14,9.631883637e-14,2.462217678e-14,2.366394428e-13,4.128079362e-14
25.9921875,3.246499744e-13,5.305791689e-14,1.522616063e-13,1.296187874e-13,2.112769136e-13,1.056479996e-13,4.819828527e-14,7.618049921e-14,1.996314355e-14,1.2207766e-13,1.015133272e-13,1.104814538e-13,7.521049053e-14,2.139474561e-13,3.64884681e-13,6.793837279e-13,8.351155602e-13,5.200135357e-13,1.193960867e-13,2.096146178e-13,1.001120944e-13,2.467440072e-14,2.819639724e-14,1.117895024e-13,9.382684168e-14,7.170674903e-14,1.658594168e-13,3.843506943e-14,9.654922829e-14,2.408542178e-14,2.346654739e-13,4.132553184e-14
26,3.217084146e-13,5.279538845e-14,1.497862664e-13,1.290913716e-13,2.11544104e-13,1.044944278e-13,4.846251449e-14,7.641207153e-14,2.011841696e-14,1.234098961e-13,1.0207689e-13,1.090730645e-13,7.45985368e-14,2.133195712e-13,3.643592806e-13,6.789756568e-13,8.346732837e-13,5.193901188e-13,1.18847528e-13,2.127154709e-13,1.016859766e-13,2.486078913e-14,2.816929283e-14,1.127360483e-13,9.385782396e-14,7.147738302e-14,1.6683017e-13,3.812755521e-14,9.677051079e-14,2.355565369e-14,2.326796425e-13,4.133228939e-14
26.0078125,3.185632692e-13,5.252227338e-14,1.472788844e-13,1.284735097e-13,2.117324095e-13,1.032923193e-13,4.86963717e-14,7.672365192e-14,2.029303207e-14,1.247251094e-13,1.026736031e-13,1.07618802e-13,7.398043091e-14,2.125619356e-13,3.637947033e-13,6.786234222e-13,8.341068193e-13,5.185640758e-13,1.182757867e-13,2.161220452e-13,1.032730704e-13,2.504994583e-14,2.81672724e-14,1.137376936e-13,9.386987849e-14,7.128738028e-14,1.677596596e-13,3.777937495e-14,9.696886385e-14,2.301838589e-14,2.305760433e-13,4.134997951e-14
26.015625,3.153773396e-13,5.236110173e-14,1.447702108e-13,1.278538602e-13,2.119784828e-13,1.020549459e-13,4.891758109e-14,7.712726328e-14,2.051019403e-14,1.260383154e-13,1.032958073e-13,1.061617332e-13,7.338615574e-14,2.118444122e-13,3.633569787e-13,6.785244465e-13,8.335684961e-13,5.175781422e-13,1.176991456e-13,2.197646752e-13,1.048215947e-13,2.526777615e-14,2.819197166e-14,1.147506373e-13,9.387157072e-14,7.114531925e-14,1.686794261e-13,3.745622344e-14,9.722869128e-14,2.24693436e-14,2.284183367e-13,4.140982693e-14
26.0234375,3.122701679e-13,5.234691895e-14,1.422396542e-13,1.272856126e-13,2.121909988e-13,1.008170751e-13,4.91864296e-14,7.75658833e-14,2.074467634e-14,1.273266001e-13,1.039254055e-13,1.047276928e-13,7.282741125e-14,2.111692115e-13,3.630113209e-13,6.785256531e-13,8.330817818e-13,5.165404306e-13,1.171042817e-13,2.233142323e-13,1.064127216e-13,2.54960876e-14,2.824139861e-14,1.157505839e-13,9.38838554e-14,7.101357125e-14,1.696421241e-13,3.718554696e-14,9.756458156e-14,2.194725657e-14,2.263270814e-13,4.145772937e-14
26.03125,3.091253686e-13,5.239765856e-14,1.397027545e-13,1.267425073e-13,2.122938745e-13,9.961683046e-14,4.951213548e-14,7.803513672e-14,2.098037581e-14,1.285429109e-13,1.045863902e-13,1.033061054e-13,7.22877552e-14,2.10435413e-13,3.626675735e-13,6.78540083e-13,8.325907275e-13,5.155373194e-13,1.165089099e-13,2.269151282e-13,1.080613576e-13,2.57214654e-14,2.831273248e-14,1.167829313e-13,9.390722416e-14,7.087842414e-14,1.706271412e-13,3.694303355e-14,9.789517313e-14,2.145084483e-14,2.243145667e-13,4.149290191e-14
26.0390625,3.058207948e-13,5.256376562e-14,1.37220392e-13,1.262008346e-13,2.123945099e-13,9.842770533e-14,4.98594577e-14,7.854432366e-14,2.122970338e-14,1.297433215e-13,1.053191815e-13,1.01917353e-13,7.175878385e-14,2.095990648e-13,3.62332726e-13,6.786172746e-13,8.320078596e-13,5.144656291e-13,1.159153029e-13,2.307578298e-13,1.097210664e-13,2.596259477e-14,2.840066568e-14,1.177999537e-13,9.392176724e-14,7.076044102e-14,1.716187585e-13,3.674394206e-14,9.824279364e-14,2.093389767e-14,2.222537465e-13,4.155856867e-14
26.046875,3.023066936e-13,5.283664746e-14,1.347600423e-13,1.255866329e-13,2.124090837e-13,9.716967517e-14,5.020057957e-14,7.907571553e-14,2.147072014e-14,1.309714032e-13,1.060899559e-13,1.005056161e-13,7.122544602e-14,2.085674744e-13,3.620848473e-13,6.788293456e-13,8.313041829e-13,5.13200337e-13,1.152592869e-13,2.34749748e-13,1.113839054e-13,2.62001027e-14,2.849525784e-14,1.18730022e-13,9.393098089e-14,7.070894171e-14,1.726595917e-13,3.655174808e-14,9.86924875e-14,2.040304622e-14,2.200313347e-13,4.162860961e-14
26.0546875,2.986143243e-13,5.306582881e-14,1.322732656e-13,1.248804298e-13,2.122446372e-13,9.585748122e-14,5.054854146e-14,7.965269163e-14,2.16998397e-14,1.321890759e-13,1.068618793e-13,9.902160774e-14,7.069825125e-14,2.073427353e-13,3.619487411e-13,6.792177287e-13,8.305230752e-13,5.118386792e-13,1.14544735e-13,2.388913417e-13,1.130543957e-13,2.641600728e-14,2.86013185e-14,1.196499572e-13,9.395662558e-14,7.071915971e-14,1.73728517e-13,3.630843821e-14,9.917972594e-14,1.98885958e-14,2.177445402e-13,4.167899728e-14
26.0625,2.949806694e-13,5.331405055e-14,1.298003716e-13,1.242198715e-13,2.121545063e-13,9.459832708e-14,5.092903609e-14,8.028630791e-14,2.196042779e-14,1.333775181e-13,1.077025126e-13,9.756664089e-14,7.021883409e-14,2.061953453e-13,3.618628103e-13,6.79673226e-13,8.297873422e-13,5.105583146e-13,1.138717799e-13,2.431184777e-13,1.147410479e-13,2.665684357e-14,2.873565768e-14,1.206252902e-13,9.399455834e-14,7.070704012e-14,1.74794335e-13,3.608424778e-14,9.959714237e-14,1.938615893e-14,2.15557661e-13,4.173835162e-14
26.0703125,2.915523849e-13,5.375748749e-14,1.27428345e-13,1.236830488e-13,2.122315641e-13,9.344157784e-14,5.133849257e-14,8.092400985e-14,2.223763472e-14,1.345239437e-13,1.086577085e-13,9.622058875e-14,6.979526481e-14,2.052878885e-13,3.618352877e-13,6.801374458e-13,8.292547427e-13,5.094484561e-13,1.132666176e-13,2.472421772e-13,1.164412962e-13,2.693809852e-14,2.889287476e-14,1.215718825e-13,9.403377821e-14,7.066926206e-14,1.759292243e-13,3.595097428e-14,1.000179535e-13,1.890179716e-14,2.135033015e-13,4.180198698e-14
26.078125,2.880983413e-13,5.431752506e-14,1.252376394e-13,1.231932221e-13,2.122365263e-13,9.234489082e-14,5.17716479e-14,8.155508423e-14,2.249721324e-14,1.356356402e-13,1.096513287e-13,9.496225118e-14,6.942865268e-14,2.044186512e-13,3.618872786e-13,6.806875569e-13,8.28800772e-13,5.084305243e-13,1.126722813e-13,2.513934093e-13,1.181243068e-13,2.721888364e-14,2.906786596e-14,1.224251752e-13,9.408505203e-14,7.068806371e-14,1.771349309e-13,3.585335313e-14,1.005588344e-13,1.844244405e-14,2.116059535e-13,4.185145976e-14
26.0859375,2.84514257e-13,5.482729541e-14,1.23178225e-13,1.226689935e-13,2.122211635e-13,9.124974451e-14,5.223098219e-14,8.221683074e-14,2.279448197e-14,1.36753667e-13,1.10645406e-13,9.378711329e-14,6.914016894e-14,2.034407213e-13,3.618770801e-13,6.812233486e-13,8.280829278e-13,5.072796625e-13,1.12086648e-13,2.5575246e-13,1.197860812e-13,2.751500156e-14,2.9283532e-14,1.232295173e-13,9.414402812e-14,7.075468192e-14,1.783094797e-13,3.575273929e-14,1.011663389e-13,1.797967511e-14,2.098906323e-13,4.191258254e-14
26.09375,2.810692702e-13,5.532924316e-14,1.21103451e-13,1.220776134e-13,2.124093038e-13,9.015202454e-14,5.270468999e-14,8.291466104e-14,2.316823493e-14,1.378379272e-13,1.117103379e-13,9.266645854e-14,6.891045327e-14,2.024813761e-13,3.617775076e-13,6.816998631e-13,8.271893387e-13,5.059877436e-13,1.115443813e-13,2.602167351e-13,1.214533996e-13,2.786719709e-14,2.954046056e-14,1.240499766e-13,9.419220425e-14,7.081554613e-14,1.794631563e-13,3.569452897e-14,1.017591376e-13,1.750720815e-14,2.082503077e-13,4.199351702e-14
26.1015625,2.777661674e-13,5.599414061e-14,1.190421015e-13,1.214811481e-13,2.126052019e-13,8.909935307e-14,5.319826145e-14,8.364786971e-14,2.355586906e-14,1.388512511e-13,1.128672709e-13,9.15490188e-14,6.870240888e-14,2.015560981e-13,3.617758177e-13,6.823278582e-13,8.265218764e-13,5.047544217e-13,1.110138186e-13,2.647553599e-13,1.231631825e-13,2.823936794e-14,2.981140453e-14,1.249162214e-13,9.423685395e-14,7.088663712e-14,1.806150249e-13,3.570974172e-14,1.023916768e-13,1.705610909e-14,2.065913181e-13,4.206745927e-14
26.109375,2.742951323e-13,5.687000036e-14,1.171180126e-13,1.21031055e-13,2.125433182e-13,8.811267819e-14,5.372206469e-14,8.440564436e-14,2.391516406e-14,1.398429965e-13,1.140515133e-13,9.047145882e-14,6.851508704e-14,2.005284593e-13,3.618369799e-13,6.83025984e-13,8.259999606e-13,5.034785026e-13,1.104422335e-13,2.693750913e-13,1.249505401e-13,2.859095257e-14,3.009972769e-14,1.257934692e-13,9.427209543e-14,7.097287566e-14,1.816420007e-13,3.577360343e-14,1.031024485e-13,1.663673301e-14,2.049518793e-13,4.213382056e-14
26.1171875,2.707343458e-13,5.780502332e-14,1.152673206e-13,1.207191935e-13,2.124437932e-13,8.716855443e-14,5.425189487e-14,8.515871573e-14,2.428207247e-14,1.407947327e-13,1.15232294e-13,8.947228738e-14,6.835313426e-14,1.995129784e-13,3.61866302e-13,6.836564731e-13,8.253889498e-13,5.020197521e-13,1.098784176e-13,2.740064713e-13,1.267626997e-13,2.89541844e-14,3.042406458e-14,1.266401424e-13,9.428054225e-14,7.106547766e-14,1.825734502e-13,3.583645e-14,1.038311747e-13,1.624291626e-14,2.033831149e-13,4.221291145e-14
26.125,2.673816521e-13,5.868051932e-14,1.134012747e-13,1.203630539e-13,2.126160266e-13,8.624717714e-14,5.478877038e-14,8.594683784e-14,2.468632726e-14,1.4171301e-13,1.164507084e-13,8.850730647e-14,6.821470338e-14,1.987163607e-13,3.620998558e-13,6.84586205e-13,8.250091885e-13,5.006563993e-13,1.094148065e-13,2.787600782e-13,1.285198517e-13,2.935870316e-14,3.078547198e-14,1.274918226e-13,9.431722339e-14,7.12080213e-14,1.836899954e-13,3.588404677e-14,1.045731629e-13,1.587382049e-14,2.019006937e-13,4.231271186e-14
26.1328125,2.640864812e-13,5.957732645e-14,1.115734131e-13,1.199383297e-13,2.128864119e-13,8.532894864e-14,5.536792367e-14,8.681247916e-14,2.510501169e-14,1.427169374e-13,1.177589353e-13,8.754418311e-14,6.809494889e-14,1.979702779e-13,3.625424409e-13,6.858166225e-13,8.249550817e-13,4.994678939e-13,1.090021425e-13,2.835790066e-13,1.302786714e-13,2.977791159e-14,3.118066535e-14,1.283419472e-13,9.443040495e-14,7.139678375e-14,1.850531972e-13,3.5953432e-14,1.053644336e-13,1.551468397e-14,2.004700866e-13,4.242230097e-14
26.140625,2.604966936e-13,6.057581462e-14,1.097869466e-13,1.195428729e-13,2.128819675e-13,8.436930392e-14,5.597805748e-14,8.769003137e-14,2.550032564e-14,1.43752147e-13,1.191227439e-13,8.657572307e-14,6.796630215e-14,1.969507488e-13,3.627920439e-13,6.86773036e-13,8.245659433e-13,4.980771671e-13,1.08495738e-13,2.881798834e-13,1.321044431e-13,3.01731769e-14,3.159089389e-14,1.291147822e-13,9.454383865e-14,7.15722719e-14,1.86365563e-13,3.604659286e-14,1.061754311e-13,1.515141351e-14,1.989797572e-13,4.25176239e-14
26.1484375,2.56700413e-13,6.164413407e-14,1.080120568e-13,1.19148203e-13,2.126642347e-13,8.335965786e-14,5.658315968e-14,8.855570763e-14,2.587909644e-14,1.446640575e-13,1.204392419e-13,8.560297111e-14,6.781895849e-14,1.957011413e-13,3.628989866e-13,6.876394643e-13,8.237301395e-13,4.964855635e-13,1.079073661e-13,2.927906593e-13,1.339378369e-13,3.054193099e-14,3.199989152e-14,1.298687335e-13,9.460263182e-14,7.176194907e-14,1.875203403e-13,3.611497485e-14,1.070275617e-13,1.479852837e-14,1.974010074e-13,4.260426952e-14
26.15625,2.531872805e-13,6.278688789e-14,1.063605403e-13,1.187934079e-13,2.126834892e-13,8.242536041e-14,5.718034257e-14,8.947542688e-14,2.628566122e-14,1.455159368e-13,1.217522949e-13,8.471972004e-14,6.772758961e-14,1.946115733e-13,3.632921573e-13,6.890322291e-13,8.232744971e-13,4.951457376e-13,1.074202134e-13,2.977080341e-13,1.357495557e-13,3.093417845e-14,3.243836423e-14,1.306837133e-13,9.468595956e-14,7.201472698e-14,1.887908432e-13,3.617429012e-14,1.079964888e-13,1.447105212e-14,1.959371743e-13,4.271673826e-14
26.1640625,2.502069387e-13,6.405703364e-14,1.049195801e-13,1.186280986e-13,2.131439956e-13,8.168801052e-14,5.7782084e-14,9.042526077e-14,2.673370797e-14,1.463879748e-13,1.232470468e-13,8.402792832e-14,6.778697427e-14,1.939295266e-13,3.639105289e-13,6.906399217e-13,8.234014326e-13,4.941503703e-13,1.071224191e-13,3.025797541e-13,1.375601785e-13,3.140061511e-14,3.292465814e-14,1.314497158e-13,9.483500425e-14,7.227923713e-14,1.902732743e-13,3.631875301e-14,1.090356191e-13,1.41639174e-14,1.948151988e-13,4.284747887e-14
26.171875,2.473765907e-13,6.54279566e-14,1.035812973e-13,1.185372649e-13,2.137497428e-13,8.102176513e-14,5.840240158e-14,9.136008275e-14,2.719905375e-14,1.472255142e-13,1.249135923e-13,8.343433202e-14,6.793792756e-14,1.934137063e-13,3.644069449e-13,6.919188593e-13,8.233871403e-13,4.931341611e-13,1.068858254e-13,3.073017764e-13,1.39339202e-13,3.191222996e-14,3.341742366e-14,1.321349483e-13,9.497223888e-14,7.250547183e-14,1.917191362e-13,3.657254399e-14,1.100824691e-13,1.387570614e-14,1.939411163e-13,4.297482283e-14
26.1796875,2.442554468e-13,6.678598921e-14,1.022249945e-13,1.183256122e-13,2.141851018e-13,8.026549845e-14,5.905075341e-14,9.233909842e-14,2.76626747e-14,1.480594245e-13,1.265560259e-13,8.277170183e-14,6.801839663e-14,1.926760484e-13,3.647580519e-13,6.930522895e-13,8.229385969e-13,4.918346417e-13,1.065589408e-13,3.122533756e-13,1.41086556e-13,3.240912721e-14,3.390160312e-14,1.328796137e-13,9.505516517e-14,7.270180092e-14,1.930407883e-13,3.683459642e-14,1.111857676e-13,1.360678236e-14,1.930118498e-13,4.313228792e-14
26.1875,2.410061637e-13,6.806088222e-14,1.008789021e-13,1.181247575e-13,2.145562951e-13,7.951808476e-14,5.971928322e-14,9.33603281e-14,2.812834929e-14,1.48959154e-13,1.281528424e-13,8.207477736e-14,6.80534259e-14,1.917520567e-13,3.650958441e-13,6.942751559e-13,8.223620976e-13,4.903671964e-13,1.061566017e-13,3.172737015e-13,1.428410509e-13,3.290739639e-14,3.442046036e-14,1.33635695e-13,9.51340954e-14,7.287620048e-14,1.943863445e-13,3.704583425e-14,1.123104584e-13,1.334789095e-14,1.91982253e-13,4.333808805e-14
26.1953125,2.378869258e-13,6.932243609e-14,9.959484358e-14,1.180223982e-13,2.150554064e-13,7.882588126e-14,6.038688102e-14,9.433426721e-14,2.861367158e-14,1.498818537e-13,1.29819205e-13,8.14618268e-14,6.818345296e-14,1.908627813e-13,3.654067461e-13,6.95438601e-13,8.216853606e-13,4.889370172e-13,1.057632448e-13,3.220228459e-13,1.446049126e-13,3.344350963e-14,3.499910426e-14,1.3425032e-13,9.52429621e-14,7.306305572e-14,1.957728222e-13,3.727403598e-14,1.133348391e-13,1.309893142e-14,1.9103893e-13,4.354936406e-14
26.203125,2.347263058e-13,7.068817947e-14,9.833390429e-14,1.178317814e-13,2.1552346e-13,7.803930351e-14,6.103198073e-14,9.525904188e-14,2.910823776e-14,1.507697831e-13,1.315544456e-13,8.088598106e-14,6.834163488e-14,1.899347287e-13,3.65587597e-13,6.963802649e-13,8.207092075e-13,4.874661154e-13,1.053803599e-13,3.267054123e-13,1.464039974e-13,3.398688317e-14,3.562641178e-14,1.347887498e-13,9.534931577e-14,7.329365067e-14,1.971291692e-13,3.754766463e-14,1.142898895e-13,1.286358672e-14,1.90194011e-13,4.374831032e-14
26.2109375,2.314781692e-13,7.220916471e-14,9.70880665e-14,1.175550197e-13,2.158302787e-13,7.72190505e-14,6.167037576e-14,9.617080174e-14,2.957741675e-14,1.516046733e-13,1.333314075e-13,8.028640209e-14,6.842621078e-14,1.888913707e-13,3.656335392e-13,6.97117925e-13,8.195448602e-13,4.858520123e-13,1.050067339e-13,3.314309355e-13,1.482547386e-13,3.451874512e-14,3.62844417e-14,1.353340816e-13,9.542965596e-14,7.352139622e-14,1.984656763e-13,3.781776128e-14,1.152959978e-13,1.263914963e-14,1.893871282e-13,4.395022353e-14
26.21875,2.284132428e-13,7.38516263e-14,9.59423477e-14,1.173801708e-13,2.162206585e-13,7.653665009e-14,6.234190989e-14,9.706252846e-14,3.003867423e-14,1.523904027e-13,1.351791584e-13,7.974618848e-14,6.854295382e-14,1.878971013e-13,3.657195806e-13,6.978699717e-13,8.184584424e-13,4.842994309e-13,1.047059578e-13,3.360682052e-13,1.500797826e-13,3.50779727e-14,3.695128613e-14,1.35830915e-13,9.551337754e-14,7.372763872e-14,1.997813165e-13,3.811275451e-14,1.163764865e-13,1.244103793e-14,1.8870495e-13,4.414531136e-14
26.2265625,2.255258311e-13,7.549795927e-14,9.491650902e-14,1.173113333e-13,2.168325311e-13,7.590608049e-14,6.303115662e-14,9.797730934e-14,3.053726021e-14,1.53151002e-13,1.370641005e-13,7.930187127e-14,6.874161248e-14,1.87017909e-13,3.65969893e-13,6.988405258e-13,8.174833959e-13,4.829106316e-13,1.044802051e-13,3.4077993e-13,1.51836882e-13,3.566854016e-14,3.761765885e-14,1.362941898e-13,9.561792373e-14,7.397460594e-14,2.010987824e-13,3.84776697e-14,1.175032847e-13,1.228337797e-14,1.881395468e-13,4.433617519e-14
26.234375,2.225967194e-13,7.716563908e-14,9.39487655e-14,1.172915444e-13,2.17512451e-13,7.524259273e-14,6.370189013e-14,9.898151611e-14,3.106784292e-14,1.538890021e-13,1.389608465e-13,7.890487352e-14,6.89277931e-14,1.861720536e-13,3.662797321e-13,6.999743257e-13,8.16493116e-13,4.814837639e-13,1.042662507e-13,3.45701304e-13,1.535941662e-13,3.62629737e-14,3.829862784e-14,1.367760027e-13,9.57167326e-14,7.426750621e-14,2.025182356e-13,3.888012555e-14,1.186785079e-13,1.215159645e-14,1.875760708e-13,4.455534008e-14
26.2421875,2.196629311e-13,7.90954712e-14,9.304214201e-14,1.17327846e-13,2.182330946e-13,7.463228199e-14,6.436418603e-14,1.000372015e-13,3.160593875e-14,1.546006618e-13,1.409449388e-13,7.857591258e-14,6.90991797e-14,1.853660699e-13,3.665418734e-13,7.011174113e-13,8.15410726e-13,4.799818188e-13,1.04070311e-13,3.506018184e-13,1.553993437e-13,3.687363547e-14,3.900434677e-14,1.372156039e-13,9.57959074e-14,7.454612688e-14,2.040330356e-13,3.932516549e-14,1.198983496e-13,1.204228529e-14,1.870565049e-13,4.479557298e-14
26.25,2.168530925e-13,8.12353107e-14,9.220734356e-14,1.174184505e-13,2.189892313e-13,7.40901311e-14,6.501989077e-14,1.01044388e-13,3.211988902e-14,1.552774651e-13,1.430186158e-13,7.829813481e-14,6.930886189e-14,1.846420925e-13,3.667976337e-13,7.021261612e-13,8.142050301e-13,4.785382597e-13,1.039175878e-13,3.551976555e-13,1.572194347e-13,3.749694289e-14,3.972226064e-14,1.375527002e-13,9.587386138e-14,7.478814598e-14,2.055301481e-13,3.980697051e-14,1.211029999e-13,1.19600112e-14,1.866366346e-13,4.501486151e-14
26.2578125,2.141175489e-13,8.320704351e-14,9.139657175e-14,1.176123837e-13,2.196030206e-13,7.358575646e-14,6.566996124e-14,1.019821387e-13,3.256833986e-14,1.55879845e-13,1.450820792e-13,7.796710422e-14,6.956275454e-14,1.839776379e-13,3.670854226e-13,7.029135473e-13,8.128863196e-13,4.771011445e-13,1.037639136e-13,3.594439255e-13,1.59024118e-13,3.809204457e-14,4.043848438e-14,1.378123692e-13,9.596789192e-14,7.500903562e-14,2.070066336e-13,4.023816847e-14,1.222676569e-13,1.188500113e-14,1.862532043e-13,4.521130162e-14
26.265625,2.113838463e-13,8.507545809e-14,9.066287244e-14,1.178784082e-13,2.20156504e-13,7.311690343e-14,6.635604884e-14,1.029079295e-13,3.298825899e-14,1.564273526e-13,1.471693335e-13,7.762283257e-14,6.984966423e-14,1.833149913e-13,3.673652336e-13,7.036208826e-13,8.115331639e-13,4.756096189e-13,1.036044128e-13,3.636412927e-13,1.608545709e-13,3.86770342e-14,4.117344107e-14,1.380458074e-13,9.607520781e-14,7.524500805e-14,2.085404274e-13,4.065472766e-14,1.235151214e-13,1.181854946e-14,1.85923617e-13,4.541290564e-14
26.2734375,2.087132299e-13,8.718824896e-14,9.014754047e-14,1.18057015e-13,2.209636984e-13,7.265466419e-14,6.707205133e-14,1.038156371e-13,3.344360623e-14,1.569758432e-13,1.49423783e-13,7.740683301e-14,7.011741076e-14,1.826177009e-13,3.676059866e-13,7.043792612e-13,8.101993277e-13,4.741851497e-13,1.035115363e-13,3.680212443e-13,1.627360398e-13,3.93023868e-14,4.19731518e-14,1.382688326e-13,9.617734587e-14,7.552018359e-14,2.101339844e-13,4.116953249e-14,1.249273584e-13,1.17831844e-14,1.857312735e-13,4.56170187e-14
26.28125,2.062152273e-13,8.943310847e-14,8.984685318e-14,1.182168041e-13,2.21986484e-13,7.226122695e-14,6.775786174e-14,1.046408537e-13,3.389418941e-14,1.574798328e-13,1.518224549e-13,7.730774961e-14,7.036400606e-14,1.819512848e-13,3.678370896e-13,7.05085385e-13,8.088543124e-13,4.728737293e-13,1.035008646e-13,3.722857115e-13,1.645716185e-13,3.995612152e-14,4.283438861e-14,1.384252327e-13,9.626383268e-14,7.578820949e-14,2.117578419e-13,4.171993942e-14,1.263835686e-13,1.176712543e-14,1.856853006e-13,4.580820354e-14
26.2890625,2.038910652e-13,9.162410407e-14,8.962991559e-14,1.185364328e-13,2.229828613e-13,7.202006773e-14,6.840210015e-14,1.054201234e-13,3.430545263e-14,1.579024206e-13,1.542064017e-13,7.723465597e-14,7.066629316e-14,1.814016434e-13,3.680655073e-13,7.056525523e-13,8.073917156e-13,4.715246443e-13,1.035269264e-13,3.762110352e-13,1.663000226e-13,4.061548842e-14,4.369693402e-14,1.384775175e-13,9.633389298e-14,7.599972033e-14,2.134181741e-13,4.224297077e-14,1.278010536e-13,1.176239681e-14,1.857642446e-13,4.60004461e-14
26.296875,2.016440468e-13,9.38937684e-14,8.944866173e-14,1.188811051e-13,2.239792896e-13,7.184273407e-14,6.901570928e-14,1.062238818e-13,3.47318291e-14,1.58314893e-13,1.565612353e-13,7.718087429e-14,7.097947416e-14,1.809294333e-13,3.681964134e-13,7.060001645e-13,8.056703099e-13,4.700139858e-13,1.035917885e-13,3.800376563e-13,1.680104904e-13,4.129170531e-14,4.454252827e-14,1.384835457e-13,9.637573045e-14,7.617295311e-14,2.150820142e-13,4.282885049e-14,1.292102717e-13,1.178820552e-14,1.859279852e-13,4.619819102e-14
26.3046875,1.994277851e-13,9.621012643e-14,8.935812513e-14,1.191213593e-13,2.250520696e-13,7.16436212e-14,6.958374654e-14,1.069997954e-13,3.51709452e-14,1.58729168e-13,1.590032287e-13,7.717090504e-14,7.1235037e-14,1.804449051e-13,3.681549983e-13,7.060357208e-13,8.037013882e-13,4.684053971e-13,1.037117918e-13,3.83746318e-13,1.697294785e-13,4.197091814e-14,4.540301956e-14,1.38467019e-13,9.638808445e-14,7.633148256e-14,2.167027162e-13,4.347811832e-14,1.305750092e-13,1.183537818e-14,1.861571406e-13,4.637250391e-14
26.3125,1.972719067e-13,9.843998095e-14,8.938031677e-14,1.194611736e-13,2.260756381e-13,7.146199154e-14,7.010688262e-14,1.077010963e-13,3.556708743e-14,1.590812602e-13,1.615239327e-13,7.719845364e-14,7.153221662e-14,1.799088221e-13,3.680026168e-13,7.059239034e-13,8.016555817e-13,4.668148049e-13,1.038494251e-13,3.870793158e-13,1.71409123e-13,4.263293568e-14,4.628297903e-14,1.383811745e-13,9.6392227e-14,7.648233034e-14,2.183429002e-13,4.409883094e-14,1.319142323e-13,1.188452815e-14,1.864992383e-13,4.652906767e-14
26.3203125,1.951971377e-13,1.00689503e-13,8.944170284e-14,1.200160058e-13,2.27000372e-13,7.132395668e-14,7.060133696e-14,1.083789427e-13,3.593562428e-14,1.593877213e-13,1.63989658e-13,7.722018595e-14,7.189465828e-14,1.793405833e-13,3.678073847e-13,7.05741607e-13,7.995344736e-13,4.652079911e-13,1.039731702e-13,3.901901443e-13,1.731296538e-13,4.32942502e-14,4.717547398e-14,1.382213942e-13,9.639306468e-14,7.663826339e-14,2.200175008e-13,4.470229566e-14,1.333170869e-13,1.195046333e-14,1.868800627e-13,4.671080087e-14
26.328125,1.931956415e-13,1.029919406e-13,8.945552216e-14,1.20605534e-13,2.279883134e-13,7.122176234e-14,7.106274846e-14,1.090523231e-13,3.630693387e-14,1.596877609e-13,1.663585017e-13,7.719853442e-14,7.220018523e-14,1.788075508e-13,3.675167727e-13,7.052216811e-13,7.971432559e-13,4.634870578e-13,1.041001957e-13,3.93286782e-13,1.74919653e-13,4.395303324e-14,4.808098621e-14,1.379761989e-13,9.63737301e-14,7.679325225e-14,2.215392294e-13,4.531974603e-14,1.346980222e-13,1.204971515e-14,1.871268906e-13,4.691383152e-14
26.3359375,1.912478005e-13,1.052772508e-13,8.945083388e-14,1.210970434e-13,2.291559477e-13,7.111263151e-14,7.147083981e-14,1.09714038e-13,3.667929729e-14,1.599436016e-13,1.687147181e-13,7.720015257e-14,7.247337235e-14,1.783306995e-13,3.670828843e-13,7.044300655e-13,7.944624165e-13,4.61701759e-13,1.042564056e-13,3.963004934e-13,1.766147606e-13,4.459247514e-14,4.897788981e-14,1.37608732e-13,9.633120175e-14,7.694514152e-14,2.228701815e-13,4.593581769e-14,1.35992078e-13,1.217687649e-14,1.873206543e-13,4.710362899e-14
26.34375,1.893386214e-13,1.076115702e-13,8.954320796e-14,1.215563207e-13,2.304364772e-13,7.09442836e-14,7.183499352e-14,1.103749618e-13,3.706500708e-14,1.60136241e-13,1.711316463e-13,7.730536834e-14,7.281671881e-14,1.778807676e-13,3.666300626e-13,7.037561944e-13,7.917044789e-13,4.599846353e-13,1.044613925e-13,3.99213424e-13,1.781667641e-13,4.523971712e-14,4.987323662e-14,1.371812822e-13,9.629435026e-14,7.711280182e-14,2.242719282e-13,4.656115711e-14,1.373218229e-13,1.231983782e-14,1.876722384e-13,4.727819329e-14
26.3515625,1.874825795e-13,1.09970632e-13,8.975224416e-14,1.220917591e-13,2.31701869e-13,7.078983385e-14,7.220857542e-14,1.109793263e-13,3.744663802e-14,1.602988363e-13,1.73615108e-13,7.743952949e-14,7.318622781e-14,1.774780969e-13,3.662735232e-13,7.030769335e-13,7.889261471e-13,4.583169789e-13,1.047061853e-13,4.01923347e-13,1.796798056e-13,4.590412933e-14,5.080864892e-14,1.367630862e-13,9.62832425e-14,7.727481823e-14,2.257992449e-13,4.719891404e-14,1.386478583e-13,1.247499317e-14,1.881033868e-13,4.74365809e-14
26.359375,1.856978614e-13,1.122799485e-13,8.998476718e-14,1.227097435e-13,2.328720125e-13,7.073712629e-14,7.260086169e-14,1.11487931e-13,3.777079505e-14,1.604136781e-13,1.761436388e-13,7.750942558e-14,7.35396846e-14,1.771108011e-13,3.658571729e-13,7.020375415e-13,7.859056363e-13,4.565182558e-13,1.049270934e-13,4.042174511e-13,1.811438499e-13,4.653381853e-14,5.176440112e-14,1.362928861e-13,9.625230912e-14,7.737868394e-14,2.272387251e-13,4.782777078e-14,1.39838248e-13,1.265045229e-14,1.88435189e-13,4.756272782e-14
26.3671875,1.839578542e-13,1.146524738e-13,9.023930385e-14,1.233348847e-13,2.339600888e-13,7.073184504e-14,7.295208573e-14,1.119918103e-13,3.80429678e-14,1.604503359e-13,1.787015263e-13,7.756397781e-14,7.394228015e-14,1.76727252e-13,3.65266617e-13,7.008022428e-13,7.826164927e-13,4.545244077e-13,1.050957372e-13,4.062486365e-13,1.825583758e-13,4.711835355e-14,5.269593268e-14,1.357271206e-13,9.616456601e-14,7.742458646e-14,2.286506532e-13,4.844460996e-14,1.410339503e-13,1.284752591e-14,1.887479277e-13,4.767027586e-14
26.375,1.821960053e-13,1.171054829e-13,9.061290544e-14,1.239624676e-13,2.35066779e-13,7.072988805e-14,7.324577394e-14,1.125411692e-13,3.830403248e-14,1.604598848e-13,1.812597737e-13,7.764998934e-14,7.43864805e-14,1.763704724e-13,3.64696967e-13,6.996000952e-13,7.793388114e-13,4.524766152e-13,1.052765252e-13,4.08253658e-13,1.840414705e-13,4.770608579e-14,5.361473412e-14,1.351095559e-13,9.606934108e-14,7.74697168e-14,2.302519278e-13,4.905098666e-14,1.42358228e-13,1.306138182e-14,1.891536117e-13,4.778760418e-14
26.3828125,1.803901956e-13,1.195212216e-13,9.108356693e-14,1.246579135e-13,2.362149592e-13,7.076972938e-14,7.35078175e-14,1.130418222e-13,3.854739931e-14,1.604653704e-13,1.837555863e-13,7.77330852e-14,7.477622969e-14,1.760512232e-13,3.641579355e-13,6.981673929e-13,7.760028354e-13,4.503843294e-13,1.054963046e-13,4.100530046e-13,1.855485382e-13,4.82951903e-14,5.453157863e-14,1.344332636e-13,9.597522936e-14,7.754493574e-14,2.319095479e-13,4.965378132e-14,1.436682166e-13,1.329817111e-14,1.895605734e-13,4.790944811e-14
26.390625,1.786432687e-13,1.219247469e-13,9.156782336e-14,1.254291645e-13,2.37286553e-13,7.088122437e-14,7.372761028e-14,1.13426604e-13,3.874916479e-14,1.603850096e-13,1.861585652e-13,7.781556389e-14,7.51320159e-14,1.757123252e-13,3.634181704e-13,6.963346565e-13,7.72319134e-13,4.481157366e-13,1.057027386e-13,4.114896886e-13,1.869017667e-13,4.884757979e-14,5.544308676e-14,1.336685663e-13,9.582255301e-14,7.760478928e-14,2.333980007e-13,5.024293253e-14,1.449024012e-13,1.355889463e-14,1.89923248e-13,4.800355185e-14
26.3984375,1.771006731e-13,1.24307238e-13,9.214638493e-14,1.262663882e-13,2.383075119e-13,7.109538171e-14,7.389656798e-14,1.137360403e-13,3.8911161e-14,1.60177805e-13,1.88539154e-13,7.793887798e-14,7.556133833e-14,1.754749715e-13,3.626313325e-13,6.944512437e-13,7.685784974e-13,4.458414594e-13,1.059150733e-13,4.127068529e-13,1.881272582e-13,4.938223635e-14,5.636226198e-14,1.328506357e-13,9.564648354e-14,7.760301383e-14,2.348146579e-13,5.078269915e-14,1.4615229e-13,1.38398528e-14,1.903708579e-13,4.805422827e-14
26.40625,1.757419929e-13,1.266185945e-13,9.291223696e-14,1.271821971e-13,2.394643946e-13,7.138525515e-14,7.401993485e-14,1.14016853e-13,3.904859648e-14,1.599086561e-13,1.909715391e-13,7.81104851e-14,7.602661687e-14,1.754512523e-13,3.620167686e-13,6.92645419e-13,7.649995127e-13,4.437856631e-13,1.06195826e-13,4.136991378e-13,1.893728423e-13,4.993713492e-14,5.727094848e-14,1.319988214e-13,9.549818435e-14,7.756775598e-14,2.362756119e-13,5.131850295e-14,1.474054709e-13,1.415149154e-14,1.90954718e-13,4.808879047e-14
26.4140625,1.743667502e-13,1.290291579e-13,9.37573189e-14,1.281497463e-13,2.406844961e-13,7.163750157e-14,7.408875182e-14,1.142710327e-13,3.918283906e-14,1.596380997e-13,1.934176206e-13,7.831035485e-14,7.64159131e-14,1.754541959e-13,3.612803115e-13,6.904581344e-13,7.609486681e-13,4.416786462e-13,1.064818393e-13,4.142584234e-13,1.906596862e-13,5.049907255e-14,5.815079211e-14,1.310864334e-13,9.530789885e-14,7.752857445e-14,2.376413614e-13,5.193747907e-14,1.485983787e-13,1.449349297e-14,1.91583998e-13,4.814303491e-14
26.421875,1.729134267e-13,1.316147556e-13,9.46032796e-14,1.291620665e-13,2.417625511e-13,7.185461011e-14,7.412425865e-14,1.144748002e-13,3.931849483e-14,1.593467288e-13,1.958300974e-13,7.851488937e-14,7.678055117e-14,1.753731608e-13,3.602528277e-13,6.876991638e-13,7.561229587e-13,4.392940225e-13,1.06702574e-13,4.143463712e-13,1.91948767e-13,5.104630153e-14,5.903181364e-14,1.301018348e-13,9.505049835e-14,7.746286039e-14,2.388347799e-13,5.260403123e-14,1.49730568e-13,1.484819398e-14,1.922513084e-13,4.821105114e-14
26.4296875,1.71604664e-13,1.341443772e-13,9.555389386e-14,1.3026733e-13,2.428488659e-13,7.216820255e-14,7.414367195e-14,1.145928841e-13,3.94302384e-14,1.589646791e-13,1.982314841e-13,7.873346631e-14,7.721956154e-14,1.75379728e-13,3.592134844e-13,6.847117524e-13,7.510984419e-13,4.36943266e-13,1.069498917e-13,4.141197523e-13,1.93222444e-13,5.158497362e-14,5.990266207e-14,1.290471641e-13,9.478825176e-14,7.735355527e-14,2.399700224e-13,5.324540582e-14,1.507904788e-13,1.521106934e-14,1.930166418e-13,4.826276204e-14
26.4375,1.705284762e-13,1.364925365e-13,9.661856657e-14,1.314464362e-13,2.441399502e-13,7.257668714e-14,7.410192817e-14,1.146240152e-13,3.951140414e-14,1.584798717e-13,2.005643563e-13,7.898805278e-14,7.767533618e-14,1.754906711e-13,3.581908884e-13,6.81591216e-13,7.460501799e-13,4.347552251e-13,1.072831345e-13,4.137188194e-13,1.94454986e-13,5.210306742e-14,6.071034042e-14,1.279338732e-13,9.450321996e-14,7.720267545e-14,2.410551675e-13,5.38621541e-14,1.517614206e-13,1.558815492e-14,1.937710519e-13,4.827811264e-14
26.4453125,1.69468067e-13,1.387680163e-13,9.768632908e-14,1.32663801e-13,2.454864612e-13,7.297214182e-14,7.398430941e-14,1.146284284e-13,3.958482741e-14,1.579515857e-13,2.027507172e-13,7.923967924e-14,7.807743718e-14,1.755762784e-13,3.570086327e-13,6.782170455e-13,7.40706285e-13,4.324679887e-13,1.076113559e-13,4.131425097e-13,1.956351698e-13,5.257568724e-14,6.146903196e-14,1.26778218e-13,9.416643807e-14,7.702765121e-14,2.420273972e-13,5.445436307e-14,1.526851303e-13,1.598590307e-14,1.943638739e-13,4.825573583e-14
26.453125,1.684091585e-13,1.411186864e-13,9.882566351e-14,1.340013265e-13,2.468345782e-13,7.34006226e-14,7.384114806e-14,1.146322089e-13,3.964979827e-14,1.573738046e-13,2.049370552e-13,7.948231575e-14,7.850366968e-14,1.757737784e-13,3.55808768e-13,6.747927909e-13,7.352767334e-13,4.301807938e-13,1.079370099e-13,4.122649879e-13,1.967351615e-13,5.30340941e-14,6.222551648e-14,1.255676904e-13,9.383488739e-14,7.686928863e-14,2.429661996e-13,5.505276268e-14,1.536103746e-13,1.640525084e-14,1.949354146e-13,4.822976063e-14
26.4609375,1.675153467e-13,1.436275794e-13,1.00158081e-13,1.354947837e-13,2.483309006e-13,7.396188158e-14,7.368055859e-14,1.145719557e-13,3.968746525e-14,1.567106593e-13,2.072415253e-13,7.980812972e-14,7.903540294e-14,1.762218671e-13,3.547412158e-13,6.71452311e-13,7.299365153e-13,4.281338125e-13,1.083590289e-13,4.11040334e-13,1.97719444e-13,5.352543404e-14,6.297860658e-14,1.242827399e-13,9.352531931e-14,7.672599032e-14,2.438934678e-13,5.571494584e-14,1.545202157e-13,1.682868747e-14,1.957080196e-13,4.8232409e-14
26.46875,1.665891646e-13,1.461733664e-13,1.015599209e-13,1.370165572e-13,2.498377269e-13,7.454265072e-14,7.345077613e-14,1.144289396e-13,3.969738758e-14,1.560185767e-13,2.094547118e-13,8.020284125e-14,7.960752677e-14,1.766722344e-13,3.536438531e-13,6.679549309e-13,7.243223026e-13,4.26018127e-13,1.088072145e-13,4.09597212e-13,1.986749828e-13,5.401216695e-14,6.370024489e-14,1.229254073e-13,9.318751419e-14,7.655321435e-14,2.447151389e-13,5.637515576e-14,1.55352107e-13,1.724728321e-14,1.965676484e-13,4.822930637e-14
26.4765625,1.654452848e-13,1.485734232e-13,1.029034557e-13,1.385282172e-13,2.511663557e-13,7.500449051e-14,7.312689097e-14,1.142648526e-13,3.968678653e-14,1.553240402e-13,2.114602626e-13,8.053932008e-14,8.013199783e-14,1.769215857e-13,3.523413878e-13,6.641477699e-13,7.182424396e-13,4.235111751e-13,1.091635057e-13,4.079537719e-13,1.99702141e-13,5.44382299e-14,6.438370074e-14,1.215195618e-13,9.279623572e-14,7.635004806e-14,2.454758263e-13,5.696954472e-14,1.560593945e-13,1.768138755e-14,1.973019738e-13,4.817809856e-14
26.484375,1.643753406e-13,1.508600377e-13,1.042743035e-13,1.401808353e-13,2.524898409e-13,7.547131881e-14,7.275203881e-14,1.140679455e-13,3.966399793e-14,1.545680614e-13,2.134314212e-13,8.083310253e-14,8.065391508e-14,1.771711168e-13,3.508909403e-13,6.600955943e-13,7.119237037e-13,4.208457786e-13,1.095065412e-13,4.059039547e-13,2.006871481e-13,5.48407087e-14,6.506625224e-14,1.201072456e-13,9.236046036e-14,7.614273502e-14,2.462034447e-13,5.759098968e-14,1.566303276e-13,1.813988248e-14,1.979571528e-13,4.810392768e-14
26.4921875,1.635319808e-13,1.53116524e-13,1.056834285e-13,1.420232497e-13,2.538821493e-13,7.60902054e-14,7.238499437e-14,1.137824987e-13,3.961893808e-14,1.537525166e-13,2.153702819e-13,8.115365268e-14,8.124448124e-14,1.775925859e-13,3.495278931e-13,6.559329198e-13,7.05605684e-13,4.182837641e-13,1.099209643e-13,4.033991506e-13,2.014720194e-13,5.525469101e-14,6.5775102e-14,1.18665522e-13,9.191687423e-14,7.594767217e-14,2.467823063e-13,5.824639101e-14,1.571122703e-13,1.860230685e-14,1.985848143e-13,4.802691848e-14
26.5,1.627121175e-13,1.554052762e-13,1.07050026e-13,1.439340213e-13,2.551295856e-13,7.679025202e-14,7.202739097e-14,1.134466164e-13,3.95091742e-14,1.529247682e-13,2.171997596e-13,8.144603842e-14,8.188812163e-14,1.780974261e-13,3.483604252e-13,6.518053062e-13,6.99357369e-13,4.157853603e-13,1.103456172e-13,4.006271221e-13,2.021383503e-13,5.563187523e-14,6.647165951e-14,1.171098904e-13,9.149749825e-14,7.577462891e-14,2.472659495e-13,5.882437501e-14,1.576155612e-13,1.905802636e-14,1.991247465e-13,4.790974561e-14
26.5078125,1.619106564e-13,1.578326674e-13,1.084729203e-13,1.459047504e-13,2.56268696e-13,7.750397808e-14,7.164386953e-14,1.131048474e-13,3.934497192e-14,1.520835008e-13,2.190756215e-13,8.171165722e-14,8.258061275e-14,1.786520761e-13,3.471544928e-13,6.475949691e-13,6.929925998e-13,4.132863267e-13,1.107614315e-13,3.976126862e-13,2.028725587e-13,5.596382747e-14,6.712015322e-14,1.154767662e-13,9.10771901e-14,7.558235458e-14,2.477535926e-13,5.938911561e-14,1.581615909e-13,1.952441525e-14,1.996684765e-13,4.774127988e-14
26.515625,1.612092598e-13,1.602331616e-13,1.100159685e-13,1.48030123e-13,2.575433996e-13,7.827116678e-14,7.121355646e-14,1.127362351e-13,3.920112568e-14,1.511696579e-13,2.209551092e-13,8.20272648e-14,8.33371466e-14,1.792990565e-13,3.457218858e-13,6.431235078e-13,6.863337027e-13,4.107515461e-13,1.112111373e-13,3.943021404e-13,2.036591703e-13,5.630346582e-14,6.772476004e-14,1.138652406e-13,9.062760511e-14,7.533565589e-14,2.481279449e-13,6.003772227e-14,1.586170727e-13,2.001193939e-14,2.003006209e-13,4.757498417e-14
26.5234375,1.604738901e-13,1.623210097e-13,1.115462652e-13,1.502436279e-13,2.589210648e-13,7.906812022e-14,7.071643248e-14,1.123468893e-13,3.90795911e-14,1.500970826e-13,2.225713087e-13,8.234700094e-14,8.411624844e-14,1.799678008e-13,3.442224871e-13,6.386509203e-13,6.795272102e-13,4.081363272e-13,1.116568946e-13,3.908552777e-13,2.043017662e-13,5.6640391e-14,6.82809207e-14,1.122259645e-13,9.016105013e-14,7.510178477e-14,2.483938984e-13,6.064748866e-14,1.589414898e-13,2.04980613e-14,2.00899321e-13,4.745056605e-14
26.53125,1.596365798e-13,1.642557762e-13,1.13084415e-13,1.524333538e-13,2.602153871e-13,7.983949954e-14,7.014813766e-14,1.119448318e-13,3.892727384e-14,1.489031383e-13,2.240252386e-13,8.262437891e-14,8.489257128e-14,1.805976797e-13,3.427723239e-13,6.343191506e-13,6.72589819e-13,4.054555648e-13,1.12056946e-13,3.87254823e-13,2.047383991e-13,5.693948068e-14,6.879562517e-14,1.105121287e-13,8.967888179e-14,7.491624282e-14,2.486606134e-13,6.114969458e-14,1.592547032e-13,2.097003792e-14,2.014425206e-13,4.734243064e-14
26.5390625,1.587962722e-13,1.662909533e-13,1.147445019e-13,1.546878533e-13,2.613837954e-13,8.062405692e-14,6.954726458e-14,1.114983286e-13,3.875936089e-14,1.477356708e-13,2.255153297e-13,8.292124062e-14,8.567122322e-14,1.812169827e-13,3.412795355e-13,6.297321561e-13,6.652750024e-13,4.027224397e-13,1.124436105e-13,3.832329052e-13,2.051222138e-13,5.722137872e-14,6.928680637e-14,1.088168176e-13,8.916898619e-14,7.468833853e-14,2.487828357e-13,6.166059789e-14,1.595745344e-13,2.145197884e-14,2.0202734e-13,4.720678905e-14
26.546875,1.580420139e-13,1.683283565e-13,1.164020898e-13,1.571032884e-13,2.624434054e-13,8.147077278e-14,6.893376501e-14,1.110405799e-13,3.858816298e-14,1.465965864e-13,2.268907464e-13,8.32292405e-14,8.642894807e-14,1.818023832e-13,3.397744521e-13,6.248644941e-13,6.577507179e-13,3.999554213e-13,1.128209578e-13,3.789479591e-13,2.055245633e-13,5.748571765e-14,6.974051883e-14,1.071445992e-13,8.863367421e-14,7.437509949e-14,2.48696488e-13,6.218397404e-14,1.598495233e-13,2.195335497e-14,2.025721981e-13,4.704375443e-14
26.5546875,1.573555438e-13,1.703381e-13,1.17981738e-13,1.595921391e-13,2.633951914e-13,8.233557815e-14,6.828014588e-14,1.106253652e-13,3.836695701e-14,1.454079541e-13,2.280897019e-13,8.348914998e-14,8.717549626e-14,1.822893754e-13,3.3837138e-13,6.201771735e-13,6.503487401e-13,3.972030368e-13,1.131536212e-13,3.747631869e-13,2.058661168e-13,5.769551903e-14,7.01585112e-14,1.053798889e-13,8.807686671e-14,7.405046673e-14,2.48559216e-13,6.263025463e-14,1.601444442e-13,2.246272965e-14,2.029759918e-13,4.688042146e-14
26.5625,1.566211566e-13,1.72444959e-13,1.196486842e-13,1.620905017e-13,2.642895062e-13,8.317293769e-14,6.757731221e-14,1.101753512e-13,3.809455883e-14,1.441802398e-13,2.292826548e-13,8.374241273e-14,8.795495722e-14,1.827376491e-13,3.370286359e-13,6.156145422e-13,6.428553918e-13,3.944453224e-13,1.134699817e-13,3.704375721e-13,2.061632204e-13,5.785964623e-14,7.05607547e-14,1.035063195e-13,8.751557278e-14,7.376183913e-14,2.483205339e-13,6.304952513e-14,1.604671006e-13,2.299297773e-14,2.033370211e-13,4.671686525e-14
26.5703125,1.559117329e-13,1.746040071e-13,1.214733537e-13,1.646815175e-13,2.652338415e-13,8.406135872e-14,6.684975721e-14,1.096054397e-13,3.781765993e-14,1.428673301e-13,2.305046735e-13,8.406510402e-14,8.880249682e-14,1.833603373e-13,3.357071465e-13,6.108688338e-13,6.351055385e-13,3.917256624e-13,1.138514359e-13,3.655957928e-13,2.064837804e-13,5.802362616e-14,7.093223009e-14,1.015959519e-13,8.698206937e-14,7.348885239e-14,2.479260653e-13,6.353049781e-14,1.607268074e-13,2.355737295e-14,2.038178747e-13,4.653739016e-14
26.578125,1.554171411e-13,1.767299769e-13,1.234254772e-13,1.674410261e-13,2.66290167e-13,8.508089626e-14,6.610443603e-14,1.090139798e-13,3.756237078e-14,1.41448756e-13,2.317150275e-13,8.447154196e-14,8.975140421e-14,1.842362267e-13,3.345224405e-13,6.061823117e-13,6.274166536e-13,3.891683676e-13,1.143151725e-13,3.604875538e-13,2.067807074e-13,5.821375001e-14,7.126695323e-14,9.970866143e-14,8.647695409e-14,7.322805361e-14,2.47526702e-13,6.406137996e-14,1.609738031e-13,2.414167943e-14,2.04481497e-13,4.635321799e-14
26.5859375,1.549356152e-13,1.787691845e-13,1.255012506e-13,1.703303258e-13,2.67324814e-13,8.614684215e-14,6.532554751e-14,1.085348187e-13,3.73295222e-14,1.400618972e-13,2.328819218e-13,8.488241259e-14,9.07375183e-14,1.851059088e-13,3.335432073e-13,6.018075091e-13,6.198419374e-13,3.866205723e-13,1.147745576e-13,3.554591209e-13,2.070278925e-13,5.840102136e-14,7.157312912e-14,9.786947969e-14,8.596549052e-14,7.300897079e-14,2.470134119e-13,6.458752321e-14,1.612313498e-13,2.473478015e-14,2.051519537e-13,4.61815084e-14
26.59375,1.54253046e-13,1.806620873e-13,1.275873659e-13,1.732715767e-13,2.681470896e-13,8.718434224e-14,6.451507325e-14,1.081154106e-13,3.707804736e-14,1.386831671e-13,2.339311914e-13,8.519254814e-14,9.167740358e-14,1.858353567e-13,3.326702805e-13,5.97516685e-13,6.121518746e-13,3.838759601e-13,1.151606482e-13,3.503650788e-13,2.072584127e-13,5.852303051e-14,7.184008253e-14,9.602642056e-14,8.543124703e-14,7.283158087e-14,2.46183941e-13,6.507150185e-14,1.613077626e-13,2.534023755e-14,2.055967836e-13,4.600553113e-14
26.6015625,1.536555533e-13,1.825258687e-13,1.296301788e-13,1.76315013e-13,2.688588033e-13,8.827941643e-14,6.369337697e-14,1.07629134e-13,3.677461193e-14,1.371495519e-13,2.349031035e-13,8.546306079e-14,9.269468037e-14,1.867308761e-13,3.318406892e-13,5.931579206e-13,6.044243897e-13,3.811838559e-13,1.155272445e-13,3.449594967e-13,2.074214873e-13,5.859702297e-14,7.207999556e-14,9.411432247e-14,8.490231749e-14,7.266178705e-14,2.452371466e-13,6.553972855e-14,1.611876554e-13,2.596188336e-14,2.05980594e-13,4.579967514e-14
26.609375,1.532321797e-13,1.844493421e-13,1.317575353e-13,1.795682307e-13,2.696775996e-13,8.94614048e-14,6.285777342e-14,1.070827364e-13,3.646257992e-14,1.355386792e-13,2.358215529e-13,8.581991872e-14,9.388831837e-14,1.878951366e-13,3.311269419e-13,5.888726757e-13,5.967149544e-13,3.787652319e-13,1.159421728e-13,3.393285365e-13,2.074881002e-13,5.869430789e-14,7.228060314e-14,9.214925453e-14,8.440734112e-14,7.24934903e-14,2.443572491e-13,6.603224272e-14,1.611205136e-13,2.65909456e-14,2.065782033e-13,4.556710045e-14
26.6171875,1.526517229e-13,1.8624996e-13,1.339291058e-13,1.829121715e-13,2.704695202e-13,9.060708142e-14,6.198502217e-14,1.065420257e-13,3.616559219e-14,1.339533027e-13,2.365416998e-13,8.617998574e-14,9.509329593e-14,1.889665143e-13,3.304929037e-13,5.846917533e-13,5.888374976e-13,3.76339771e-13,1.163615072e-13,3.336544636e-13,2.07555376e-13,5.87779551e-14,7.23819942e-14,9.018073496e-14,8.39173968e-14,7.233954417e-14,2.434162636e-13,6.648669244e-14,1.611119634e-13,2.721584327e-14,2.07203856e-13,4.531979558e-14
26.625,1.519397955e-13,1.878385321e-13,1.359781425e-13,1.861756763e-13,2.709948553e-13,9.165161715e-14,6.107360018e-14,1.059956338e-13,3.585117583e-14,1.322998183e-13,2.370680369e-13,8.643830121e-14,9.621220979e-14,1.898353313e-13,3.297817385e-13,5.804860097e-13,5.808251255e-13,3.737365947e-13,1.167340266e-13,3.278255986e-13,2.076771178e-13,5.878386532e-14,7.242031504e-14,8.826345757e-14,8.338952761e-14,7.220192283e-14,2.42359539e-13,6.686519258e-14,1.609225631e-13,2.785523426e-14,2.076143637e-13,4.505795181e-14
26.6328125,1.513695249e-13,1.893539085e-13,1.379313268e-13,1.894972682e-13,2.714112025e-13,9.267289989e-14,6.014537557e-14,1.054379552e-13,3.553992388e-14,1.305997385e-13,2.37502814e-13,8.669376807e-14,9.736295309e-14,1.907672732e-13,3.290780955e-13,5.763008566e-13,5.728703316e-13,3.711836191e-13,1.171151025e-13,3.217080425e-13,2.078087439e-13,5.877304503e-14,7.24729704e-14,8.643026922e-14,8.28508828e-14,7.210815933e-14,2.412384835e-13,6.72637121e-14,1.605324668e-13,2.852515056e-14,2.079462171e-13,4.479451846e-14
26.640625,1.509395164e-13,1.908784645e-13,1.398503971e-13,1.930171265e-13,2.71965714e-13,9.37475382e-14,5.921430359e-14,1.049258956e-13,3.526121249e-14,1.289607431e-13,2.377695181e-13,8.701291139e-14,9.861604671e-14,1.918401088e-13,3.286004002e-13,5.723783339e-13,5.650309244e-13,3.687684049e-13,1.175550067e-13,3.155704919e-13,2.079342273e-13,5.878956517e-14,7.249074466e-14,8.462570448e-14,8.234247043e-14,7.207075891e-14,2.400205457e-13,6.770500123e-14,1.600945849e-13,2.919936615e-14,2.083267906e-13,4.456155334e-14
26.6484375,1.505615426e-13,1.9241431e-13,1.417629461e-13,1.965760365e-13,2.725228783e-13,9.482870611e-14,5.826846018e-14,1.044654545e-13,3.497897189e-14,1.273324891e-13,2.379115731e-13,8.733627827e-14,9.994699853e-14,1.92929642e-13,3.282564805e-13,5.687331404e-13,5.572896475e-13,3.663391015e-13,1.179970378e-13,3.095622161e-13,2.080611888e-13,5.87781275e-14,7.243341161e-14,8.280682704e-14,8.183726365e-14,7.203170549e-14,2.386759819e-13,6.811629743e-14,1.596335131e-13,2.986552474e-14,2.087072498e-13,4.43745143e-14
26.65625,1.501598458e-13,1.939328589e-13,1.437870346e-13,2.00066448e-13,2.728907279e-13,9.584756023e-14,5.728741233e-14,1.039943737e-13,3.467899809e-14,1.257034656e-13,2.380965777e-13,8.764924807e-14,1.013075678e-13,1.939863266e-13,3.27856988e-13,5.651107796e-13,5.495390588e-13,3.638397347e-13,1.183814389e-13,3.033416972e-13,2.08158748e-13,5.873492755e-14,7.237267478e-14,8.100800978e-14,8.132024317e-14,7.196471272e-14,2.371988752e-13,6.85372112e-14,1.591222747e-13,3.052648406e-14,2.090695875e-13,4.420714916e-14
26.6640625,1.496643727e-13,1.954252391e-13,1.458942702e-13,2.035789989e-13,2.731620373e-13,9.686548671e-14,5.628114439e-14,1.034920512e-13,3.437066633e-14,1.241547392e-13,2.38209162e-13,8.793993557e-14,1.026622395e-13,1.950459516e-13,3.27503601e-13,5.615522292e-13,5.41759005e-13,3.6132623e-13,1.187172348e-13,2.968854313e-13,2.082024092e-13,5.869072558e-14,7.233594588e-14,7.921202067e-14,8.083663743e-14,7.191458427e-14,2.356240759e-13,6.901252535e-14,1.586163622e-13,3.11604072e-14,2.093810128e-13,4.401225144e-14
26.671875,1.491448005e-13,1.969931836e-13,1.479018967e-13,2.071745831e-13,2.733383638e-13,9.792404351e-14,5.52734938e-14,1.029969302e-13,3.402754004e-14,1.226136084e-13,2.381020478e-13,8.816271631e-14,1.040657938e-13,1.961348093e-13,3.273228355e-13,5.583532077e-13,5.341765074e-13,3.588221328e-13,1.18997089e-13,2.905553856e-13,2.082051472e-13,5.860547207e-14,7.22856758e-14,7.739767764e-14,8.038493786e-14,7.189159892e-14,2.340570126e-13,6.945041184e-14,1.581518446e-13,3.178942387e-14,2.096081944e-13,4.378611029e-14
26.6796875,1.486107351e-13,1.986165351e-13,1.497953574e-13,2.108287915e-13,2.731997878e-13,9.892950359e-14,5.425443828e-14,1.025354493e-13,3.365404841e-14,1.209496843e-13,2.378330051e-13,8.834140921e-14,1.055492188e-13,1.971709726e-13,3.272328439e-13,5.554046079e-13,5.267746821e-13,3.562886839e-13,1.192027236e-13,2.841773472e-13,2.08176178e-13,5.845913067e-14,7.220145991e-14,7.5633971e-14,7.990947411e-14,7.187739346e-14,2.324736036e-13,6.979938725e-14,1.576878344e-13,3.245980181e-14,2.097974123e-13,4.358111061e-14
26.6875,1.480466792e-13,2.001313625e-13,1.516069424e-13,2.14452775e-13,2.728181531e-13,9.988691155e-14,5.320679305e-14,1.020841051e-13,3.328895621e-14,1.191856364e-13,2.373609145e-13,8.851673223e-14,1.070540663e-13,1.981183985e-13,3.271750852e-13,5.523969663e-13,5.192652516e-13,3.537206582e-13,1.194007766e-13,2.774497649e-13,2.081030474e-13,5.829704364e-14,7.205815256e-14,7.390791417e-14,7.94136852e-14,7.188339469e-14,2.30761029e-13,7.010263122e-14,1.572114847e-13,3.313004582e-14,2.09967482e-13,4.341064886e-14
26.6953125,1.476365302e-13,2.016326466e-13,1.533118534e-13,2.180636674e-13,2.725326134e-13,1.009022385e-13,5.213817111e-14,1.016023887e-13,3.292779403e-14,1.174076799e-13,2.366868778e-13,8.869409551e-14,1.086148622e-13,1.991583341e-13,3.272288806e-13,5.494893015e-13,5.117733032e-13,3.512332168e-13,1.196623043e-13,2.707296099e-13,2.079723395e-13,5.813963859e-14,7.186136432e-14,7.212779839e-14,7.894473133e-14,7.192847776e-14,2.289920951e-13,7.038648311e-14,1.567728334e-13,3.375592824e-14,2.1014918e-13,4.323101169e-14
26.703125,1.473645507e-13,2.032924647e-13,1.550705968e-13,2.218958256e-13,2.72350212e-13,1.019459788e-13,5.105275972e-14,1.01098119e-13,3.255949462e-14,1.156499368e-13,2.360445871e-13,8.890512881e-14,1.102969187e-13,2.003648781e-13,3.275298854e-13,5.470701788e-13,5.046742216e-13,3.489300754e-13,1.199479638e-13,2.642905995e-13,2.077956811e-13,5.798508288e-14,7.166872047e-14,7.036106497e-14,7.851743078e-14,7.204320832e-14,2.272583793e-13,7.069971591e-14,1.563815887e-13,3.438171662e-14,2.104451559e-13,4.305272108e-14
26.7109375,1.470006685e-13,2.049790934e-13,1.570353634e-13,2.259683308e-13,2.720227157e-13,1.029678818e-13,4.995680423e-14,1.006256514e-13,3.220579224e-14,1.139006675e-13,2.354734772e-13,8.916590822e-14,1.120385408e-13,2.015921322e-13,3.281747422e-13,5.45212122e-13,4.979934273e-13,3.467911272e-13,1.202117872e-13,2.578865684e-13,2.076238344e-13,5.784058131e-14,7.148439464e-14,6.87389132e-14,7.812932909e-14,7.226001709e-14,2.254688088e-13,7.108775845e-14,1.559867966e-13,3.50394752e-14,2.108671853e-13,4.292416879e-14
26.71875,1.466600507e-13,2.066100397e-13,1.590530759e-13,2.30022913e-13,2.715504275e-13,1.040242138e-13,4.888255235e-14,1.002305221e-13,3.187698494e-14,1.121466049e-13,2.348023037e-13,8.943890823e-14,1.137990123e-13,2.028367262e-13,3.291160695e-13,5.437509428e-13,4.915673722e-13,3.447649431e-13,1.204942568e-13,2.514654224e-13,2.074900843e-13,5.769440135e-14,7.126381927e-14,6.722477864e-14,7.777181938e-14,7.256169066e-14,2.2359559e-13,7.149485526e-14,1.555832468e-13,3.57176308e-14,2.11321083e-13,4.282720938e-14
26.7265625,1.464831795e-13,2.08331053e-13,1.609723543e-13,2.341182444e-13,2.710995918e-13,1.051367705e-13,4.785099679e-14,9.993047662e-14,3.156061523e-14,1.104180135e-13,2.340526672e-13,8.969729232e-14,1.1561155e-13,2.041639595e-13,3.302890022e-13,5.426138568e-13,4.85288119e-13,3.428078845e-13,1.208265515e-13,2.451832766e-13,2.073477861e-13,5.75394551e-14,7.100998829e-14,6.571057258e-14,7.743506457e-14,7.291308721e-14,2.217437127e-13,7.187629081e-14,1.552234718e-13,3.640246334e-14,2.117452515e-13,4.273715195e-14
26.734375,1.462609005e-13,2.101387726e-13,1.628599515e-13,2.384544295e-13,2.706718184e-13,1.062941106e-13,4.683865538e-14,9.969951236e-14,3.124017983e-14,1.08722829e-13,2.332792063e-13,8.993972358e-14,1.174942403e-13,2.055111168e-13,3.317459877e-13,5.418854789e-13,4.790981154e-13,3.409098062e-13,1.211635165e-13,2.38951284e-13,2.071399389e-13,5.73857117e-14,7.0737671e-14,6.417090671e-14,7.714290177e-14,7.330736055e-14,2.199362176e-13,7.224163927e-14,1.549298974e-13,3.706183787e-14,2.121552757e-13,4.268033309e-14
26.7421875,1.459354621e-13,2.118969468e-13,1.647461266e-13,2.428221385e-13,2.700984181e-13,1.074639119e-13,4.580762705e-14,9.947690742e-14,3.091055405e-14,1.069963911e-13,2.323701468e-13,9.017449481e-14,1.19472512e-13,2.068452568e-13,3.333906763e-13,5.415179934e-13,4.730516779e-13,3.391121245e-13,1.214395936e-13,2.326363169e-13,2.068557033e-13,5.720668831e-14,7.041631558e-14,6.263927153e-14,7.690447493e-14,7.374045222e-14,2.181220476e-13,7.253510028e-14,1.54661144e-13,3.769194488e-14,2.125985489e-13,4.264453865e-14
26.75,1.456406679e-13,2.135879794e-13,1.665431247e-13,2.469948726e-13,2.692696526e-13,1.085245351e-13,4.475516513e-14,9.924464468e-14,3.058806549e-14,1.052451671e-13,2.312821015e-13,9.041006534e-14,1.215077181e-13,2.080985058e-13,3.349212856e-13,5.411807441e-13,4.671429465e-13,3.373529107e-13,1.216486753e-13,2.262414016e-13,2.064800651e-13,5.697177389e-14,7.002756021e-14,6.115005969e-14,7.666933706e-14,7.418781056e-14,2.162674629e-13,7.275069898e-14,1.543356119e-13,3.833768535e-14,2.13034059e-13,4.258464758e-14
26.7578125,1.453678791e-13,2.152634436e-13,1.68245094e-13,2.511090582e-13,2.683479286e-13,1.094563668e-13,4.37150471e-14,9.902405295e-14,3.028222967e-14,1.035681511e-13,2.300848117e-13,9.064759596e-14,1.235216258e-13,2.092267285e-13,3.363303749e-13,5.40791543e-13,4.612782566e-13,3.355448879e-13,1.218694797e-13,2.198234015e-13,2.060211008e-13,5.672016805e-14,6.961050523e-14,5.970154959e-14,7.642204659e-14,7.462519797e-14,2.14380377e-13,7.302127802e-14,1.53925717e-13,3.900144904e-14,2.134287885e-13,4.251425904e-14
26.765625,1.451433511e-13,2.169971092e-13,1.699599263e-13,2.553203876e-13,2.675225449e-13,1.104061858e-13,4.270752995e-14,9.88116894e-14,2.998225972e-14,1.019528772e-13,2.288189632e-13,9.09069349e-14,1.25599129e-13,2.104543949e-13,3.37993402e-13,5.408225487e-13,4.556134161e-13,3.338243777e-13,1.221562448e-13,2.135003006e-13,2.055200065e-13,5.649632964e-14,6.920714581e-14,5.827533122e-14,7.621897691e-14,7.509471571e-14,2.125600943e-13,7.336081358e-14,1.535543575e-13,3.965163194e-14,2.139453229e-13,4.24702297e-14
26.7734375,1.449828865e-13,2.188733794e-13,1.716787033e-13,2.596449228e-13,2.666162599e-13,1.113828583e-13,4.171793004e-14,9.863481213e-14,2.968734903e-14,1.003014273e-13,2.274712221e-13,9.118451361e-14,1.278236668e-13,2.118259528e-13,3.400657186e-13,5.416035887e-13,4.503535793e-13,3.32301082e-13,1.224414701e-13,2.073486246e-13,2.049545703e-13,5.627120539e-14,6.880798062e-14,5.688916351e-14,7.607971965e-14,7.568655719e-14,2.108608334e-13,7.365629491e-14,1.533421478e-13,4.028958945e-14,2.146172286e-13,4.245651903e-14
26.78125,1.447750313e-13,2.20883307e-13,1.731989945e-13,2.640426626e-13,2.654530841e-13,1.122584962e-13,4.072762129e-14,9.855899539e-14,2.941201622e-14,9.862856603e-14,2.259552622e-13,9.141705595e-14,1.300771338e-13,2.130334584e-13,3.4229686e-13,5.429234131e-13,4.453797382e-13,3.3084147e-13,1.226641443e-13,2.01415772e-13,2.043030813e-13,5.601325797e-14,6.838210363e-14,5.555469219e-14,7.596507657e-14,7.639165677e-14,2.091692093e-13,7.39553438e-14,1.53198096e-13,4.092361866e-14,2.151840072e-13,4.247095398e-14
26.7890625,1.445719464e-13,2.228880446e-13,1.744573107e-13,2.683788894e-13,2.642364056e-13,1.130414874e-13,3.974275626e-14,9.855528905e-14,2.916879507e-14,9.698889977e-14,2.242378782e-13,9.159693042e-14,1.323118154e-13,2.141133527e-13,3.445513243e-13,5.445854166e-13,4.405935376e-13,3.294172292e-13,1.228724202e-13,1.958118319e-13,2.036164145e-13,5.574722676e-14,6.792055172e-14,5.424916695e-14,7.58716784e-14,7.713119892e-14,2.074542381e-13,7.431399062e-14,1.530049628e-13,4.155277693e-14,2.156352304e-13,4.251507194e-14
26.796875,1.44429053e-13,2.247016295e-13,1.756896356e-13,2.725940467e-13,2.630462475e-13,1.138260445e-13,3.878869009e-14,9.853714263e-14,2.894787289e-14,9.535662265e-14,2.224736977e-13,9.177566999e-14,1.346192086e-13,2.153168236e-13,3.469862531e-13,5.466069624e-13,4.360926802e-13,3.281340579e-13,1.23089633e-13,1.904235186e-13,2.0289528e-13,5.548633996e-14,6.743322557e-14,5.298478886e-14,7.583672377e-14,7.791521545e-14,2.058314175e-13,7.459302873e-14,1.528134297e-13,4.217094833e-14,2.162075049e-13,4.258318259e-14
26.8046875,1.442089181e-13,2.263156417e-13,1.770474897e-13,2.769110128e-13,2.617008947e-13,1.146610731e-13,3.786303603e-14,9.851674867e-14,2.871697183e-14,9.372106351e-14,2.207595268e-13,9.192959581e-14,1.369770939e-13,2.165214301e-13,3.496555323e-13,5.488837865e-13,4.317935555e-13,3.269096358e-13,1.232674001e-13,1.849362226e-13,2.021446897e-13,5.52074129e-14,6.693926909e-14,5.177333109e-14,7.584565647e-14,7.876129536e-14,2.042593066e-13,7.479584696e-14,1.525844074e-13,4.277002176e-14,2.168066349e-13,4.266569846e-14
26.8125,1.44022719e-13,2.279908343e-13,1.784009688e-13,2.815368278e-13,2.602801614e-13,1.155697755e-13,3.693336166e-14,9.855137999e-14,2.848327728e-14,9.210581618e-14,2.189934479e-13,9.203145243e-14,1.393399403e-13,2.176739939e-13,3.524883059e-13,5.513667695e-13,4.275695267e-13,3.256795353e-13,1.234202472e-13,1.79397529e-13,2.014591395e-13,5.491127745e-14,6.644705745e-14,5.055971006e-14,7.584647101e-14,7.962658398e-14,2.026444079e-13,7.513147255e-14,1.521740665e-13,4.338511655e-14,2.172461846e-13,4.275403277e-14
26.8203125,1.440691504e-13,2.29895303e-13,1.79630332e-13,2.862277151e-13,2.589219456e-13,1.164733995e-13,3.601480501e-14,9.8635164e-14,2.829035378e-14,9.049982671e-14,2.171506972e-13,9.213516903e-14,1.417532341e-13,2.189603853e-13,3.555659694e-13,5.542912793e-13,4.236092473e-13,3.245982961e-13,1.236015544e-13,1.741156284e-13,2.007950423e-13,5.461442014e-14,6.593862187e-14,4.934083051e-14,7.586316738e-14,8.053810545e-14,2.011200975e-13,7.557306233e-14,1.517652492e-13,4.404422941e-14,2.176664045e-13,4.285277836e-14
26.828125,1.441251287e-13,2.318947086e-13,1.807459569e-13,2.906108782e-13,2.574328582e-13,1.172444337e-13,3.514592391e-14,9.874572953e-14,2.812066947e-14,8.889711598e-14,2.153048087e-13,9.224994344e-14,1.441902793e-13,2.202585985e-13,3.58893008e-13,5.57706891e-13,4.200463328e-13,3.236900569e-13,1.237766026e-13,1.69094368e-13,1.999966919e-13,5.43053286e-14,6.540635496e-14,4.820226777e-14,7.594981622e-14,8.151930285e-14,1.997758487e-13,7.59288876e-14,1.516688486e-13,4.468225043e-14,2.181765167e-13,4.296720388e-14
26.8359375,1.440156948e-13,2.338353647e-13,1.817536488e-13,2.948681988e-13,2.556998566e-13,1.179467653e-13,3.430087506e-14,9.889035677e-14,2.792039849e-14,8.730639709e-14,2.13405219e-13,9.231283244e-14,1.466182904e-13,2.213892997e-13,3.622892908e-13,5.613310816e-13,4.167004733e-13,3.227937493e-13,1.238896684e-13,1.642118522e-13,1.991064178e-13,5.397087032e-14,6.486231334e-14,4.714419343e-14,7.607148104e-14,8.249684612e-14,1.984936298e-13,7.622583128e-14,1.517445967e-13,4.525514134e-14,2.18674007e-13,4.309004159e-14
26.84375,1.439257272e-13,2.356821327e-13,1.82678083e-13,2.994198733e-13,2.538456253e-13,1.187029057e-13,3.346379645e-14,9.909802812e-14,2.768825208e-14,8.574490897e-14,2.11418108e-13,9.22895303e-14,1.491188396e-13,2.224926131e-13,3.658879014e-13,5.652339239e-13,4.136108624e-13,3.219413462e-13,1.23971801e-13,1.595517973e-13,1.98243842e-13,5.361289551e-14,6.430960192e-14,4.609128578e-14,7.6209065e-14,8.351010623e-14,1.972803266e-13,7.655449573e-14,1.517216231e-13,4.582834888e-14,2.19126181e-13,4.323525576e-14
26.8515625,1.438880922e-13,2.375061188e-13,1.836066967e-13,3.041583872e-13,2.518842646e-13,1.194088506e-13,3.267294091e-14,9.9395177e-14,2.744293481e-14,8.426901663e-14,2.094507293e-13,9.220884734e-14,1.516985139e-13,2.236407304e-13,3.700130469e-13,5.698876466e-13,4.111107161e-13,3.213131349e-13,1.240690569e-13,1.551496946e-13,1.973885288e-13,5.322775268e-14,6.376815361e-14,4.505738138e-14,7.64345028e-14,8.47028337e-14,1.962491762e-13,7.687221886e-14,1.51700643e-13,4.644108126e-14,2.195886577e-13,4.342821972e-14
26.859375,1.437994927e-13,2.39492174e-13,1.845667556e-13,3.087471999e-13,2.498306342e-13,1.199636152e-13,3.190785333e-14,9.974611481e-14,2.721063796e-14,8.287120004e-14,2.074932636e-13,9.215587468e-14,1.542748698e-13,2.247856677e-13,3.745060934e-13,5.753131004e-13,4.091080493e-13,3.208823958e-13,1.241643355e-13,1.509189839e-13,1.965162093e-13,5.282887711e-14,6.326607687e-14,4.408017237e-14,7.67436208e-14,8.605359362e-14,1.953260045e-13,7.717042416e-14,1.518021141e-13,4.704948062e-14,2.201107845e-13,4.36656269e-14
26.8671875,1.437616354e-13,2.416528439e-13,1.854943229e-13,3.132243611e-13,2.478359225e-13,1.205421689e-13,3.112998308e-14,1.000965238e-13,2.704540163e-14,8.146673735e-14,2.054022964e-13,9.217294966e-14,1.568913631e-13,2.260156081e-13,3.790725887e-13,5.811066763e-13,4.072219074e-13,3.205013328e-13,1.242421604e-13,1.469092084e-13,1.956372565e-13,5.245784014e-14,6.27735006e-14,4.313658185e-14,7.706364047e-14,8.744614516e-14,1.944121902e-13,7.749804064e-14,1.5195647e-13,4.762148201e-14,2.207450935e-13,4.394714274e-14
26.875,1.43880445e-13,2.438019522e-13,1.863536739e-13,3.178121898e-13,2.458996597e-13,1.213060477e-13,3.038918404e-14,1.004772773e-13,2.693636628e-14,8.006706006e-14,2.03198551e-13,9.218460974e-14,1.59628651e-13,2.273720758e-13,3.839228885e-13,5.8728465e-13,4.05636859e-13,3.202294049e-13,1.24336558e-13,1.431881961e-13,1.947224962e-13,5.212406811e-14,6.224150311e-14,4.224402927e-14,7.742130653e-14,8.885430191e-14,1.935996766e-13,7.785525664e-14,1.521905768e-13,4.816058348e-14,2.214769709e-13,4.426962741e-14
26.8828125,1.441217158e-13,2.459342267e-13,1.871406429e-13,3.225735623e-13,2.438392066e-13,1.221391186e-13,2.971192725e-14,1.009111292e-13,2.680106726e-14,7.870155891e-14,2.010216212e-13,9.214957408e-14,1.62435553e-13,2.28775446e-13,3.892415903e-13,5.94064968e-13,4.047015761e-13,3.201994205e-13,1.244645775e-13,1.396096764e-13,1.937539791e-13,5.178341429e-14,6.167503971e-14,4.141674441e-14,7.784682562e-14,9.027834526e-14,1.930068355e-13,7.823084257e-14,1.525242624e-13,4.86867402e-14,2.22249069e-13,4.457930793e-14
26.890625,1.444099053e-13,2.480645231e-13,1.878436456e-13,3.273422429e-13,2.415782169e-13,1.228902042e-13,2.904962399e-14,1.013262255e-13,2.6630861e-14,7.729762075e-14,1.989059461e-13,9.212385865e-14,1.65266393e-13,2.301942411e-13,3.947684874e-13,6.012028476e-13,4.040776008e-13,3.203153121e-13,1.245975805e-13,1.360375876e-13,1.927127975e-13,5.140884763e-14,6.110374422e-14,4.057851933e-14,7.828967794e-14,9.174833193e-14,1.926596365e-13,7.862742369e-14,1.528735428e-13,4.922911754e-14,2.230883579e-13,4.48519134e-14
26.8984375,1.446581558e-13,2.500899589e-13,1.885232599e-13,3.319517139e-13,2.392526072e-13,1.235997126e-13,2.840171677e-14,1.017139146e-13,2.648656332e-14,7.58718158e-14,1.968404687e-13,9.211097069e-14,1.681596886e-13,2.316158207e-13,4.003837481e-13,6.084853851e-13,4.034024527e-13,3.204557327e-13,1.247290761e-13,1.326217376e-13,1.915972083e-13,5.103043504e-14,6.055329209e-14,3.973667979e-14,7.875914838e-14,9.334290196e-14,1.925185224e-13,7.90591873e-14,1.533001155e-13,4.978633637e-14,2.240543713e-13,4.515131702e-14
26.90625,1.44914804e-13,2.522102371e-13,1.892269112e-13,3.365595992e-13,2.370361004e-13,1.243588499e-13,2.779822965e-14,1.021638086e-13,2.638149738e-14,7.45076515e-14,1.94809785e-13,9.20697979e-14,1.710913692e-13,2.330159809e-13,4.062205562e-13,6.161192811e-13,4.02952509e-13,3.206989168e-13,1.248832237e-13,1.295697755e-13,1.904705389e-13,5.067861441e-14,6.003840083e-14,3.900184148e-14,7.929043028e-14,9.502181773e-14,1.924589467e-13,7.952956446e-14,1.538557422e-13,5.032324417e-14,2.251084852e-13,4.551108702e-14
26.9140625,1.453318652e-13,2.545934383e-13,1.898238724e-13,3.412982496e-13,2.348927826e-13,1.251707262e-13,2.722262975e-14,1.026882879e-13,2.629756299e-14,7.315124251e-14,1.926980195e-13,9.200030122e-14,1.740018583e-13,2.344094175e-13,4.122570334e-13,6.241406805e-13,4.02889589e-13,3.21085704e-13,1.250518876e-13,1.267959564e-13,1.893236857e-13,5.034089557e-14,5.9535127e-14,3.834768609e-14,7.984550379e-14,9.666779367e-14,1.923721898e-13,7.997373917e-14,1.543938656e-13,5.080711704e-14,2.261642229e-13,4.588718599e-14
26.921875,1.458746975e-13,2.569197946e-13,1.90239915e-13,3.459858623e-13,2.326699816e-13,1.260363017e-13,2.666911217e-14,1.032428038e-13,2.623371839e-14,7.178192689e-14,1.904334852e-13,9.190423317e-14,1.769559343e-13,2.358337435e-13,4.185319842e-13,6.324511168e-13,4.030142878e-13,3.215773127e-13,1.252109342e-13,1.241214821e-13,1.880944315e-13,4.999961126e-14,5.901635978e-14,3.768442402e-14,8.043421707e-14,9.831753321e-14,1.923319725e-13,8.03811742e-14,1.548938316e-13,5.122317176e-14,2.27240851e-13,4.625940173e-14
26.9296875,1.464153294e-13,2.591369077e-13,1.906443982e-13,3.506868581e-13,2.303971082e-13,1.26979666e-13,2.615551247e-14,1.038377792e-13,2.618597035e-14,7.050330066e-14,1.881506303e-13,9.180220336e-14,1.80026934e-13,2.372955003e-13,4.251954726e-13,6.412268671e-13,4.034097356e-13,3.22251415e-13,1.253714852e-13,1.216502006e-13,1.868311292e-13,4.965718694e-14,5.849626891e-14,3.705049233e-14,8.111237511e-14,1.000686167e-13,1.924830568e-13,8.086117766e-14,1.554950727e-13,5.16017215e-14,2.284084718e-13,4.665041521e-14
26.9375,1.469604706e-13,2.615514504e-13,1.911210426e-13,3.55614226e-13,2.281518607e-13,1.279582155e-13,2.567600776e-14,1.044709094e-13,2.614723012e-14,6.930462689e-14,1.859683418e-13,9.173109609e-14,1.83108746e-13,2.387007491e-13,4.320730147e-13,6.504268434e-13,4.04222602e-13,3.231236171e-13,1.255495941e-13,1.195138256e-13,1.855341929e-13,4.931405852e-14,5.798362312e-14,3.645969619e-14,8.184270883e-14,1.018753485e-13,1.928172095e-13,8.138774845e-14,1.562192892e-13,5.199979491e-14,2.296182619e-13,4.706353338e-14
26.9453125,1.475550172e-13,2.639558306e-13,1.915536766e-13,3.60545036e-13,2.258618456e-13,1.289394024e-13,2.523364946e-14,1.051161019e-13,2.612343805e-14,6.810062729e-14,1.838056807e-13,9.165773719e-14,1.860852102e-13,2.400036341e-13,4.389860802e-13,6.597285261e-13,4.052738839e-13,3.240504511e-13,1.257411101e-13,1.175675268e-13,1.840970336e-13,4.897428477e-14,5.746219781e-14,3.585616079e-14,8.25783761e-14,1.036510862e-13,1.932377113e-13,8.181386645e-14,1.570300557e-13,5.241380559e-14,2.308401488e-13,4.748268822e-14
26.953125,1.482493516e-13,2.661182194e-13,1.919201656e-13,3.653395546e-13,2.235390831e-13,1.29979864e-13,2.484274081e-14,1.057959433e-13,2.612319906e-14,6.690884909e-14,1.815772748e-13,9.154800022e-14,1.890347055e-13,2.413845212e-13,4.461492084e-13,6.692144975e-13,4.065086977e-13,3.25007769e-13,1.259478484e-13,1.1575522e-13,1.825875471e-13,4.865087913e-14,5.693760081e-14,3.529676667e-14,8.335006448e-14,1.054056127e-13,1.937328496e-13,8.220510237e-14,1.578762447e-13,5.279848073e-14,2.321815234e-13,4.790634709e-14
26.9609375,1.490911647e-13,2.68394043e-13,1.923078643e-13,3.702289015e-13,2.213024029e-13,1.310912171e-13,2.448346148e-14,1.065150293e-13,2.61397702e-14,6.576038896e-14,1.793334015e-13,9.143773544e-14,1.920585282e-13,2.429435609e-13,4.536624999e-13,6.791439549e-13,4.080628084e-13,3.26085936e-13,1.261750597e-13,1.142327867e-13,1.811657525e-13,4.833423646e-14,5.64284016e-14,3.483381245e-14,8.4172121e-14,1.07202908e-13,1.943464725e-13,8.272148568e-14,1.586671481e-13,5.316361822e-14,2.336056808e-13,4.834917716e-14
26.96875,1.499907685e-13,2.708676602e-13,1.927657486e-13,3.75201648e-13,2.191025102e-13,1.322398296e-13,2.415023127e-14,1.072429645e-13,2.615588299e-14,6.464867506e-14,1.77133515e-13,9.133835834e-14,1.951183183e-13,2.445222833e-13,4.614454357e-13,6.895285379e-13,4.099365096e-13,3.273239513e-13,1.264228233e-13,1.129678404e-13,1.797691825e-13,4.800649115e-14,5.592365664e-14,3.437163182e-14,8.503684971e-14,1.091096728e-13,1.951334861e-13,8.330838419e-14,1.594783812e-13,5.354324293e-14,2.349509856e-13,4.881684633e-14
26.9765625,1.50860101e-13,2.732102989e-13,1.932870802e-13,3.801196845e-13,2.168313283e-13,1.334519586e-13,2.388291057e-14,1.080026077e-13,2.61816673e-14,6.357488216e-14,1.749765947e-13,9.123166348e-14,1.981681322e-13,2.460745368e-13,4.696034239e-13,7.003653999e-13,4.121492918e-13,3.287692231e-13,1.266899373e-13,1.118726824e-13,1.782523673e-13,4.768130291e-14,5.540038174e-14,3.387731043e-14,8.596291533e-14,1.111336402e-13,1.961509357e-13,8.385123341e-14,1.604610408e-13,5.392944055e-14,2.36315298e-13,4.929263462e-14
26.984375,1.517670758e-13,2.753884349e-13,1.937921562e-13,3.849843676e-13,2.145495513e-13,1.347033937e-13,2.368036229e-14,1.08810887e-13,2.624240705e-14,6.252501084e-14,1.728552731e-13,9.111179343e-14,2.012112912e-13,2.476830993e-13,4.780148184e-13,7.114443086e-13,4.146789236e-13,3.30420876e-13,1.269607598e-13,1.110647919e-13,1.76628837e-13,4.737303359e-14,5.486349473e-14,3.343912346e-14,8.694576998e-14,1.131775358e-13,1.973329337e-13,8.436625361e-14,1.615426547e-13,5.431241546e-14,2.378656502e-13,4.976103268e-14
26.9921875,1.527423086e-13,2.774374585e-13,1.942522153e-13,3.896694209e-13,2.123622975e-13,1.359278589e-13,2.349559098e-14,1.096246358e-13,2.631287174e-14,6.149169299e-14,1.70764106e-13,9.094746539e-14,2.042205867e-13,2.49280795e-13,4.863582684e-13,7.224223952e-13,4.17308766e-13,3.321971006e-13,1.272291126e-13,1.105408198e-13,1.749642941e-13,4.706504359e-14,5.433728364e-14,3.306467391e-14,8.796059583e-14,1.151737903e-13,1.985637163e-13,8.48804165e-14,1.626192629e-13,5.469943605e-14,2.394812328e-13,5.022813862e-14
27,1.537672329e-13,2.793592399e-13,1.947537272e-13,3.941941713e-13,2.10277054e-13,1.37197467e-13,2.333807866e-14,1.104364836e-13,2.636733285e-14,6.046268332e-14,1.686953298e-13,9.075978714e-14,2.072014616e-13,2.508552327e-13,4.948617245e-13,7.335819723e-13,4.200795709e-13,3.341447346e-13,1.275269365e-13,1.101967996e-13,1.732523117e-13,4.675184377e-14,5.383298853e-14,3.270637416e-14,8.901688277e-14,1.171915581e-13,1.999245624e-13,8.538471199e-14,1.637903445e-13,5.507604163e-14,2.410896951e-13,5.070931441e-14
27.0078125,1.549374412e-13,2.814339751e-13,1.953104505e-13,3.988238566e-13,2.08270103e-13,1.386160556e-13,2.325536091e-14,1.112727189e-13,2.645681677e-14,5.94018609e-14,1.66673578e-13,9.065661299e-14,2.102331717e-13,2.525867775e-13,5.038988332e-13,7.45386662e-13,4.232612864e-13,3.363722152e-13,1.278712767e-13,1.101195185e-13,1.714904476e-13,4.646356588e-14,5.335521023e-14,3.238538151e-14,9.01354474e-14,1.1928549e-13,2.015292164e-13,8.592696577e-14,1.651385473e-13,5.542471426e-14,2.429169314e-13,5.121587498e-14
27.015625,1.563363057e-13,2.837423151e-13,1.959659189e-13,4.035331275e-13,2.063726749e-13,1.40197524e-13,2.324232391e-14,1.121191208e-13,2.660055812e-14,5.836264711e-14,1.647541929e-13,9.064955e-14,2.133609388e-13,2.545839282e-13,5.133211299e-13,7.576586772e-13,4.268330172e-13,3.388547737e-13,1.282558824e-13,1.102843878e-13,1.697346817e-13,4.622159702e-14,5.291750279e-14,3.211465316e-14,9.132235471e-14,1.213941033e-13,2.03286325e-13,8.658724488e-14,1.666016344e-13,5.576031095e-14,2.450968239e-13,5.175007161e-14
27.0234375,1.579292138e-13,2.860261066e-13,1.969053384e-13,4.081758006e-13,2.045979291e-13,1.419654498e-13,2.327217358e-14,1.129477427e-13,2.672593728e-14,5.742838013e-14,1.629646166e-13,9.064175308e-14,2.165740575e-13,2.568125945e-13,5.229899089e-13,7.701614014e-13,4.307547872e-13,3.415871631e-13,1.287091044e-13,1.105331703e-13,1.68003426e-13,4.600969802e-14,5.251723891e-14,3.184768805e-14,9.258149179e-14,1.234897552e-13,2.051418637e-13,8.735196992e-14,1.681701256e-13,5.610824241e-14,2.475064999e-13,5.230072678e-14
27.03125,1.596532646e-13,2.882523437e-13,1.980742361e-13,4.128171064e-13,2.028356115e-13,1.439002926e-13,2.335417906e-14,1.137470595e-13,2.68279553e-14,5.653444504e-14,1.612613771e-13,9.061610881e-14,2.198298468e-13,2.591670375e-13,5.32997186e-13,7.829553961e-13,4.351540893e-13,3.446135193e-13,1.29228363e-13,1.110200105e-13,1.66226483e-13,4.580667532e-14,5.213038152e-14,3.156612813e-14,9.390815641e-14,1.256487268e-13,2.071875968e-13,8.810314729e-14,1.699461045e-13,5.647456253e-14,2.500624872e-13,5.28529667e-14
27.0390625,1.614748094e-13,2.904451822e-13,1.992106451e-13,4.174437431e-13,2.010351569e-13,1.459087849e-13,2.350004053e-14,1.14541335e-13,2.699265639e-14,5.560907462e-14,1.595871122e-13,9.061618824e-14,2.230540217e-13,2.615461012e-13,5.432666837e-13,7.959927214e-13,4.398741297e-13,3.478579347e-13,1.297328779e-13,1.119059265e-13,1.643649526e-13,4.561506751e-14,5.174454045e-14,3.130967597e-14,9.528435484e-14,1.278916326e-13,2.094099658e-13,8.879286401e-14,1.719120952e-13,5.684256167e-14,2.527966746e-13,5.340256822e-14
27.046875,1.634512034e-13,2.92462922e-13,2.003548026e-13,4.220185782e-13,1.993538281e-13,1.480037065e-13,2.369934259e-14,1.153840702e-13,2.722332527e-14,5.471252218e-14,1.579655159e-13,9.063594713e-14,2.262704591e-13,2.640373794e-13,5.537353328e-13,8.092500144e-13,4.446921686e-13,3.512832492e-13,1.302212781e-13,1.129672435e-13,1.624561201e-13,4.544597796e-14,5.135094061e-14,3.110486874e-14,9.669979542e-14,1.301252425e-13,2.11732457e-13,8.951795751e-14,1.739066246e-13,5.719240259e-14,2.557192156e-13,5.395593449e-14
27.0546875,1.656313692e-13,2.943858562e-13,2.01712675e-13,4.266482882e-13,1.978495118e-13,1.502634702e-13,2.394779531e-14,1.162546946e-13,2.74496771e-14,5.388252843e-14,1.564532522e-13,9.067261086e-14,2.296072432e-13,2.667813203e-13,5.644678384e-13,8.227426255e-13,4.497036402e-13,3.549976748e-13,1.308003918e-13,1.14061088e-13,1.605237448e-13,4.530375562e-14,5.092922641e-14,3.092615382e-14,9.816559597e-14,1.323143159e-13,2.142025293e-13,9.034426825e-14,1.759630822e-13,5.752438598e-14,2.588624459e-13,5.45194434e-14
27.0625,1.678828288e-13,2.964250328e-13,2.032950611e-13,4.313230574e-13,1.963619142e-13,1.526634305e-13,2.42512788e-14,1.170645861e-13,2.766200685e-14,5.309924784e-14,1.550394374e-13,9.076283897e-14,2.330320513e-13,2.696769979e-13,5.754227808e-13,8.363278877e-13,4.549469113e-13,3.589726807e-13,1.314699874e-13,1.15321994e-13,1.585989024e-13,4.517968723e-14,5.049019585e-14,3.075034437e-14,9.968331866e-14,1.345306409e-13,2.168645558e-13,9.12316314e-14,1.782406758e-13,5.785046041e-14,2.622723844e-13,5.508358519e-14
27.0703125,1.701486428e-13,2.985444505e-13,2.050571946e-13,4.359289135e-13,1.948392531e-13,1.551665796e-13,2.460471299e-14,1.177917463e-13,2.788628125e-14,5.236586478e-14,1.537062397e-13,9.09050426e-14,2.363712931e-13,2.725638829e-13,5.865593716e-13,8.499759255e-13,4.603196768e-13,3.63007739e-13,1.321214053e-13,1.167742273e-13,1.567146442e-13,4.505270609e-14,5.008501018e-14,3.058631466e-14,1.01215271e-13,1.367703806e-13,2.196236081e-13,9.214850319e-14,1.80599287e-13,5.817655159e-14,2.658482992e-13,5.562431836e-14
27.078125,1.72577814e-13,3.005106482e-13,2.069761905e-13,4.404408509e-13,1.933397902e-13,1.578288631e-13,2.500245142e-14,1.184798674e-13,2.812712083e-14,5.16588976e-14,1.524596293e-13,9.102965407e-14,2.396172061e-13,2.754201927e-13,5.978313309e-13,8.6363998e-13,4.65810709e-13,3.670299999e-13,1.327371444e-13,1.183465053e-13,1.547787442e-13,4.492272284e-14,4.973064933e-14,3.042588384e-14,1.027421268e-13,1.389409913e-13,2.223426098e-13,9.307053469e-14,1.828657555e-13,5.849717279e-14,2.694565321e-13,5.613436439e-14
27.0859375,1.751382836e-13,3.02191498e-13,2.089702755e-13,4.448919874e-13,1.918244056e-13,1.606844353e-13,2.545998755e-14,1.191734493e-13,2.838988626e-14,5.095237072e-14,1.512190099e-13,9.108406033e-14,2.428569844e-13,2.78236149e-13,6.091119563e-13,8.771310217e-13,4.713687745e-13,3.711339386e-13,1.333528908e-13,1.200692521e-13,1.526947124e-13,4.480683339e-14,4.938036986e-14,3.025558916e-14,1.042988706e-13,1.410349455e-13,2.249698394e-13,9.394993102e-14,1.852071825e-13,5.87842476e-14,2.731222918e-13,5.66327291e-14
27.09375,1.777267542e-13,3.038491746e-13,2.110136825e-13,4.493139663e-13,1.903137205e-13,1.636664459e-13,2.599050093e-14,1.198826568e-13,2.867456822e-14,5.028219119e-14,1.499096295e-13,9.11290472e-14,2.46048981e-13,2.810933249e-13,6.204787068e-13,8.905934012e-13,4.770031575e-13,3.754392519e-13,1.339554361e-13,1.219507747e-13,1.505737563e-13,4.469332539e-14,4.900027646e-14,3.010370819e-14,1.058911223e-13,1.430912064e-13,2.275288027e-13,9.481262826e-14,1.876922575e-13,5.901621555e-14,2.769034121e-13,5.713098859e-14
27.1015625,1.805180236e-13,3.057712295e-13,2.132183221e-13,4.537123844e-13,1.889793011e-13,1.667581209e-13,2.658353505e-14,1.205558788e-13,2.898015744e-14,4.966340894e-14,1.486464093e-13,9.129304721e-14,2.491908004e-13,2.842281605e-13,6.321495827e-13,9.042447996e-13,4.828625535e-13,3.800645489e-13,1.345846215e-13,1.239515362e-13,1.485546899e-13,4.458465362e-14,4.861510536e-14,2.999204641e-14,1.074929227e-13,1.4511392e-13,2.300535327e-13,9.57438193e-14,1.901714953e-13,5.92273392e-14,2.808726874e-13,5.762848214e-14
27.109375,1.835180794e-13,3.077322685e-13,2.157118578e-13,4.582464585e-13,1.878943887e-13,1.700602115e-13,2.723756555e-14,1.212031543e-13,2.932065269e-14,4.906769837e-14,1.475507689e-13,9.161617587e-14,2.524314537e-13,2.876975227e-13,6.442344236e-13,9.180650605e-13,4.889264347e-13,3.850380025e-13,1.353170486e-13,1.261330129e-13,1.46588631e-13,4.452188284e-14,4.824515541e-14,2.990373759e-14,1.091413403e-13,1.471773891e-13,2.326288159e-13,9.675191483e-14,1.92726275e-13,5.945350954e-14,2.851743734e-13,5.813384965e-14
27.1171875,1.864520353e-13,3.095827835e-13,2.184592599e-13,4.631525791e-13,1.869110148e-13,1.735698645e-13,2.796672321e-14,1.219292974e-13,2.967538098e-14,4.850106829e-14,1.465585662e-13,9.201298815e-14,2.558119705e-13,2.913238024e-13,6.568450096e-13,9.322774497e-13,4.951689038e-13,3.902340039e-13,1.361183215e-13,1.285541763e-13,1.445764283e-13,4.448622944e-14,4.78742916e-14,2.981705277e-14,1.108788909e-13,1.493480944e-13,2.353373028e-13,9.777216178e-14,1.954672663e-13,5.966527545e-14,2.897514517e-13,5.864152909e-14
27.125,1.894438424e-13,3.115554378e-13,2.213621772e-13,4.68175123e-13,1.859001185e-13,1.772181721e-13,2.877051003e-14,1.226978985e-13,3.00091854e-14,4.798705476e-14,1.4563903e-13,9.239130282e-14,2.591861424e-13,2.950838304e-13,6.699660177e-13,9.469255139e-13,5.017009876e-13,3.955902948e-13,1.369449959e-13,1.311097434e-13,1.425014558e-13,4.443399073e-14,4.751046118e-14,2.971622563e-14,1.12671254e-13,1.515274111e-13,2.380917427e-13,9.879842083e-14,1.982618438e-13,5.984425912e-14,2.94429073e-13,5.912891216e-14
27.1328125,1.928036063e-13,3.13510533e-13,2.245757771e-13,4.729479298e-13,1.850274943e-13,1.811504864e-13,2.964684448e-14,1.233763758e-13,3.034900571e-14,4.752312764e-14,1.448946597e-13,9.27437891e-14,2.624701482e-13,2.991283776e-13,6.834085096e-13,9.615110284e-13,5.083729037e-13,4.012191613e-13,1.378663316e-13,1.337443331e-13,1.404079448e-13,4.441600461e-14,4.718478055e-14,2.962229941e-14,1.144918584e-13,1.536356768e-13,2.407961232e-13,9.993879591e-14,2.010978576e-13,6.003876387e-14,2.993272219e-13,5.960688632e-14
27.140625,1.963944754e-13,3.152259988e-13,2.282824342e-13,4.777754589e-13,1.845118205e-13,1.854708382e-13,3.06013681e-14,1.239907169e-13,3.072020809e-14,4.708805206e-14,1.443268396e-13,9.313432765e-14,2.657338254e-13,3.034560537e-13,6.971793291e-13,9.760026924e-13,5.150510638e-13,4.071935223e-13,1.3890828e-13,1.365911916e-13,1.38354877e-13,4.447119117e-14,4.688113132e-14,2.957867267e-14,1.163562301e-13,1.55717945e-13,2.435290744e-13,1.012475552e-13,2.04114528e-13,6.027145597e-14,3.045705133e-13,6.009058755e-14
27.1484375,2.000596326e-13,3.169770814e-13,2.322779296e-13,4.828292875e-13,1.841875294e-13,1.899745507e-13,3.162929565e-14,1.245927827e-13,3.109940876e-14,4.666541276e-14,1.438257276e-13,9.361232059e-14,2.690317559e-13,3.07930841e-13,7.113115511e-13,9.907273206e-13,5.220136046e-13,4.134860148e-13,1.399939962e-13,1.396483571e-13,1.363087234e-13,4.454782718e-14,4.65580707e-14,2.955275909e-14,1.182646306e-13,1.577669576e-13,2.462942405e-13,1.025630232e-13,2.073203131e-13,6.050484168e-14,3.099929288e-13,6.054640225e-14
27.15625,2.039551532e-13,3.188292528e-13,2.363707249e-13,4.876886124e-13,1.838273074e-13,1.945787561e-13,3.273013233e-14,1.251463114e-13,3.149200842e-14,4.627954667e-14,1.433648013e-13,9.414986844e-14,2.723297582e-13,3.125383212e-13,7.257079194e-13,1.005563622e-12,5.29363352e-13,4.201018212e-13,1.411049666e-13,1.427718951e-13,1.341946111e-13,4.463921347e-14,4.621823903e-14,2.949653686e-14,1.202287945e-13,1.597694021e-13,2.490017492e-13,1.037836451e-13,2.106810464e-13,6.072098269e-14,3.155577662e-13,6.095782689e-14
27.1640625,2.081423366e-13,3.206173462e-13,2.407366483e-13,4.924506752e-13,1.836209985e-13,1.994734865e-13,3.390932895e-14,1.256801191e-13,3.191325877e-14,4.596134423e-14,1.429918644e-13,9.47275756e-14,2.756383056e-13,3.174224375e-13,7.405375904e-13,1.020548712e-12,5.36901633e-13,4.270593606e-13,1.422985725e-13,1.460256026e-13,1.320950212e-13,4.477915483e-14,4.588934169e-14,2.946414694e-14,1.222757796e-13,1.617868502e-13,2.517362849e-13,1.051220612e-13,2.142240341e-13,6.092899999e-14,3.214205921e-13,6.135052891e-14
27.171875,2.125551651e-13,3.224488311e-13,2.455214102e-13,4.975275283e-13,1.837684107e-13,2.047109811e-13,3.516526189e-14,1.262094245e-13,3.235143351e-14,4.567309229e-14,1.427541572e-13,9.542335739e-14,2.790270014e-13,3.227087283e-13,7.558563193e-13,1.035763409e-12,5.446334172e-13,4.343518101e-13,1.436015016e-13,1.494420967e-13,1.300918904e-13,4.494814918e-14,4.557559502e-14,2.948399663e-14,1.243869227e-13,1.637908658e-13,2.545438867e-13,1.066754054e-13,2.180086995e-13,6.112580152e-14,3.27641292e-13,6.171940942e-14
27.1796875,2.17168044e-13,3.242029127e-13,2.50742252e-13,5.026377504e-13,1.841490253e-13,2.102194563e-13,3.650944682e-14,1.26685343e-13,3.283043928e-14,4.53684061e-14,1.427026731e-13,9.628571889e-14,2.824657332e-13,3.283729621e-13,7.713165792e-13,1.050726591e-12,5.525690194e-13,4.419760814e-13,1.450075151e-13,1.528528668e-13,1.280782787e-13,4.514785228e-14,4.526314416e-14,2.948486904e-14,1.265256354e-13,1.657183589e-13,2.572570569e-13,1.082085599e-13,2.220521864e-13,6.132300538e-14,3.342566714e-13,6.20561295e-14
27.1875,2.219604754e-13,3.257866506e-13,2.564918013e-13,5.075596024e-13,1.846986223e-13,2.160327177e-13,3.794947436e-14,1.271615517e-13,3.335685586e-14,4.508212354e-14,1.428496632e-13,9.723687969e-14,2.859063091e-13,3.343521653e-13,7.870950538e-13,1.06553644e-12,5.60634287e-13,4.49907686e-13,1.465136017e-13,1.563502674e-13,1.260479808e-13,4.541076546e-14,4.494675358e-14,2.946646695e-14,1.286885504e-13,1.676191357e-13,2.598481918e-13,1.09723951e-13,2.26228848e-13,6.154887763e-14,3.412243081e-13,6.238797538e-14
27.1953125,2.269798851e-13,3.27535778e-13,2.627166112e-13,5.125500344e-13,1.854722088e-13,2.22151725e-13,3.947024197e-14,1.276567926e-13,3.387218387e-14,4.486240888e-14,1.431363939e-13,9.821328555e-14,2.894219562e-13,3.40637175e-13,8.035788376e-13,1.080799343e-12,5.689025716e-13,4.580862478e-13,1.481011325e-13,1.601007857e-13,1.241248238e-13,4.571843853e-14,4.46363077e-14,2.950217456e-14,1.308905308e-13,1.694968939e-13,2.624438485e-13,1.114478416e-13,2.304934045e-13,6.179825267e-14,3.483891723e-13,6.271165169e-14
27.203125,2.32138568e-13,3.291790738e-13,2.69169061e-13,5.174266514e-13,1.864200377e-13,2.284349812e-13,4.107003194e-14,1.280368079e-13,3.437991934e-14,4.468667884e-14,1.434997066e-13,9.922606302e-14,2.929644754e-13,3.470517127e-13,8.201178037e-13,1.096002763e-12,5.772015052e-13,4.663986711e-13,1.497179194e-13,1.639068343e-13,1.222028704e-13,4.604761287e-14,4.433960226e-14,2.957924688e-14,1.331379199e-13,1.712937543e-13,2.649953558e-13,1.132078847e-13,2.349629857e-13,6.2042484e-14,3.557476086e-13,6.300710754e-14
27.2109375,2.372449964e-13,3.303460345e-13,2.758303778e-13,5.218936488e-13,1.875434732e-13,2.348229052e-13,4.27428711e-14,1.282756941e-13,3.493065124e-14,4.451515663e-14,1.439810487e-13,1.002860579e-13,2.963549331e-13,3.534087332e-13,8.361853907e-13,1.110555303e-12,5.852861268e-13,4.748151091e-13,1.513525207e-13,1.677495374e-13,1.201763985e-13,4.640707436e-14,4.405669553e-14,2.963710118e-14,1.354066703e-13,1.730554113e-13,2.673924899e-13,1.148219281e-13,2.395965122e-13,6.227424225e-14,3.633490852e-13,6.328953857e-14
27.21875,2.425916028e-13,3.318434783e-13,2.830340206e-13,5.262907111e-13,1.889266531e-13,2.415522301e-13,4.447440198e-14,1.284756537e-13,3.550517222e-14,4.437224106e-14,1.447159436e-13,1.014507445e-13,2.997025333e-13,3.600461563e-13,8.526310785e-13,1.1251961e-12,5.935653262e-13,4.836182933e-13,1.530907223e-13,1.718765304e-13,1.182563451e-13,4.680764597e-14,4.379793832e-14,2.967399386e-14,1.376814866e-13,1.748099757e-13,2.696825221e-13,1.166189734e-13,2.443818265e-13,6.250939381e-14,3.712062398e-13,6.356086048e-14
27.2265625,2.484681209e-13,3.339505912e-13,2.909613017e-13,5.308440215e-13,1.904889714e-13,2.488103052e-13,4.630376148e-14,1.286635649e-13,3.60862955e-14,4.431174118e-14,1.456919251e-13,1.027732193e-13,3.031933903e-13,3.672845286e-13,8.699613753e-13,1.140374336e-12,6.023629061e-13,4.929844636e-13,1.549513355e-13,1.761015966e-13,1.165222762e-13,4.725527463e-14,4.357106364e-14,2.971075113e-14,1.400080796e-13,1.765008267e-13,2.719269189e-13,1.186939774e-13,2.494718858e-13,6.276857679e-14,3.794125522e-13,6.381181251e-14
27.234375,2.543386651e-13,3.355865096e-13,2.992708968e-13,5.352943013e-13,1.920759629e-13,2.562761802e-13,4.825699877e-14,1.288245521e-13,3.667956331e-14,4.43267559e-14,1.466841669e-13,1.041432993e-13,3.0661845e-13,3.746398704e-13,8.874574098e-13,1.155474133e-12,6.111460907e-13,5.025041003e-13,1.567973839e-13,1.801918347e-13,1.147547054e-13,4.770763364e-14,4.335684476e-14,2.974163933e-14,1.424049851e-13,1.781597141e-13,2.740713017e-13,1.206330351e-13,2.546823075e-13,6.305261694e-14,3.878424952e-13,6.40560193e-14
27.2421875,2.598436074e-13,3.366022106e-13,3.077037486e-13,5.395946092e-13,1.937331773e-13,2.636356428e-13,5.028158169e-14,1.289314234e-13,3.72442341e-14,4.437000573e-14,1.476343972e-13,1.054751196e-13,3.098249164e-13,3.817848197e-13,9.048587021e-13,1.170229736e-12,6.195933847e-13,5.118930687e-13,1.585917558e-13,1.844131402e-13,1.129274516e-13,4.811447061e-14,4.313370962e-14,2.975957575e-14,1.448114575e-13,1.798418055e-13,2.760532331e-13,1.224011261e-13,2.598069625e-13,6.33446543e-14,3.96290752e-13,6.428020917e-14
27.25,2.654995189e-13,3.378059003e-13,3.16610478e-13,5.438723655e-13,1.956421502e-13,2.711578526e-13,5.236390927e-14,1.289555211e-13,3.778746686e-14,4.442872981e-14,1.48748997e-13,1.068959536e-13,3.130681421e-13,3.892719053e-13,9.225840812e-13,1.184852072e-12,6.281388953e-13,5.214896413e-13,1.604656909e-13,1.888414161e-13,1.111970275e-13,4.853277609e-14,4.28969661e-14,2.978491696e-14,1.472050343e-13,1.814772979e-13,2.779024001e-13,1.243227657e-13,2.651458178e-13,6.365106536e-14,4.049958485e-13,6.445911432e-14
27.2578125,2.715580029e-13,3.391837896e-13,3.26171671e-13,5.480421492e-13,1.978355242e-13,2.79081322e-13,5.454322916e-14,1.28955522e-13,3.837305831e-14,4.450395343e-14,1.500818578e-13,1.08486136e-13,3.164560145e-13,3.973319281e-13,9.405294881e-13,1.199337955e-12,6.36990561e-13,5.314610016e-13,1.624405587e-13,1.931607403e-13,1.095581704e-13,4.90235287e-14,4.264721798e-14,2.983109455e-14,1.496188713e-13,1.829880703e-13,2.796622241e-13,1.263712177e-13,2.70786587e-13,6.398003052e-14,4.141277002e-13,6.460058799e-14
27.265625,2.77771599e-13,3.405340554e-13,3.360540728e-13,5.520865396e-13,2.001718627e-13,2.872516301e-13,5.680945022e-14,1.289402159e-13,3.898824432e-14,4.460069327e-14,1.51510942e-13,1.101871695e-13,3.198431296e-13,4.055812168e-13,9.584864235e-13,1.213685846e-12,6.459016547e-13,5.416593108e-13,1.644459588e-13,1.973246092e-13,1.079748369e-13,4.95435241e-14,4.239859166e-14,2.98634361e-14,1.52059762e-13,1.84391734e-13,2.813167764e-13,1.284284212e-13,2.76509426e-13,6.430868424e-14,4.234772389e-13,6.469637112e-14
27.2734375,2.841133831e-13,3.420639709e-13,3.463249251e-13,5.561342194e-13,2.026054395e-13,2.956499737e-13,5.914871918e-14,1.287939707e-13,3.960337342e-14,4.475618837e-14,1.530914614e-13,1.120190674e-13,3.232435862e-13,4.140650822e-13,9.767517558e-13,1.227906994e-12,6.547355144e-13,5.522092912e-13,1.665272588e-13,2.015069113e-13,1.064910622e-13,5.007947882e-14,4.21666275e-14,2.986670178e-14,1.545346405e-13,1.857638091e-13,2.828820268e-13,1.306127693e-13,2.825479255e-13,6.465447224e-14,4.331117143e-13,6.473780917e-14
27.28125,2.904947202e-13,3.436782778e-13,3.573507249e-13,5.602374388e-13,2.052361343e-13,3.043675536e-13,6.157075246e-14,1.285225875e-13,4.024579448e-14,4.495812328e-14,1.549495375e-13,1.140107231e-13,3.266816812e-13,4.229801163e-13,9.954645501e-13,1.241872133e-12,6.634709268e-13,5.63160847e-13,1.687401367e-13,2.057598731e-13,1.050761187e-13,5.067191971e-14,4.193213705e-14,2.989591136e-14,1.570500509e-13,1.87169373e-13,2.844087663e-13,1.329304101e-13,2.890698168e-13,6.50658343e-14,4.432012655e-13,6.4758929e-14
27.2890625,2.967369216e-13,3.453436844e-13,3.689659798e-13,5.644742236e-13,2.0807548e-13,3.133229144e-13,6.405099963e-14,1.282435222e-13,4.09180892e-14,4.513683691e-14,1.570304373e-13,1.161078424e-13,3.300745664e-13,4.321210602e-13,1.014496088e-12,1.255692436e-12,6.721536621e-13,5.74277427e-13,1.710448119e-13,2.101270039e-13,1.036793e-13,5.130981486e-14,4.167341107e-14,2.997958265e-14,1.595764814e-13,1.88583903e-13,2.858779269e-13,1.352737182e-13,2.957852672e-13,6.550617169e-14,4.536293433e-13,6.476880932e-14
27.296875,3.030486954e-13,3.472334764e-13,3.809307252e-13,5.688033927e-13,2.11029743e-13,3.224649066e-13,6.658191428e-14,1.279478901e-13,4.160275532e-14,4.532945183e-14,1.592618488e-13,1.183038625e-13,3.334575823e-13,4.414348235e-13,1.033901114e-12,1.269705768e-12,6.810123075e-13,5.855858566e-13,1.733958601e-13,2.1464686e-13,1.023471486e-13,5.197805386e-14,4.141429359e-14,3.008627737e-14,1.621225923e-13,1.89960467e-13,2.872689516e-13,1.376579692e-13,3.02737096e-13,6.59288972e-14,4.644036534e-13,6.475770362e-14
27.3046875,3.095479668e-13,3.490647588e-13,3.933970657e-13,5.728918634e-13,2.140885101e-13,3.31759797e-13,6.919935892e-14,1.275698104e-13,4.228250816e-14,4.564002729e-14,1.616726543e-13,1.205717645e-13,3.368260456e-13,4.510106596e-13,1.053650215e-12,1.283992098e-12,6.901753267e-13,5.972244407e-13,1.757682118e-13,2.192634613e-13,1.011446228e-13,5.267853956e-14,4.118713685e-14,3.01993509e-14,1.647347613e-13,1.913556334e-13,2.886148802e-13,1.400950067e-13,3.100845986e-13,6.639561733e-14,4.75488251e-13,6.475659523e-14
27.3125,3.16017787e-13,3.506550606e-13,4.064322727e-13,5.766925877e-13,2.1734035e-13,3.411426023e-13,7.190831456e-14,1.271112483e-13,4.29120147e-14,4.604115946e-14,1.642545406e-13,1.228439464e-13,3.400660557e-13,4.607452785e-13,1.073508622e-12,1.298335312e-12,6.994822804e-13,6.091248727e-13,1.781732418e-13,2.238779328e-13,1.000740262e-13,5.337992405e-14,4.098485273e-14,3.029014396e-14,1.673973005e-13,1.92819368e-13,2.899088624e-13,1.425611081e-13,3.175422342e-13,6.694966423e-14,4.866510766e-13,6.476459079e-14
27.3203125,3.224797145e-13,3.523575359e-13,4.200251034e-13,5.805452674e-13,2.208140516e-13,3.507147412e-13,7.468508072e-14,1.265847573e-13,4.351126907e-14,4.645085593e-14,1.669917638e-13,1.252119324e-13,3.432262676e-13,4.706979499e-13,1.093532672e-12,1.312577527e-12,7.087727502e-13,6.213235451e-13,1.806547074e-13,2.284356107e-13,9.90936857e-14,5.408210588e-14,4.078209739e-14,3.032044561e-14,1.700698459e-13,1.942838979e-13,2.91129333e-13,1.450970473e-13,3.250565229e-13,6.754659795e-14,4.980582054e-13,6.473188632e-14
27.328125,3.291038762e-13,3.542565768e-13,4.343360392e-13,5.844415136e-13,2.244454589e-13,3.606057211e-13,7.752802026e-14,1.260190116e-13,4.416629998e-14,4.689383096e-14,1.699663959e-13,1.277804561e-13,3.463835568e-13,4.810211168e-13,1.114100698e-12,1.32683725e-12,7.181021737e-13,6.338769294e-13,1.832032582e-13,2.330850036e-13,9.819027901e-14,5.483096969e-14,4.057744153e-14,3.035750808e-14,1.727606688e-13,1.956854662e-13,2.922808436e-13,1.477439802e-13,3.329273948e-13,6.816959395e-14,5.099417627e-13,6.465618381e-14
27.3359375,3.358758713e-13,3.561028086e-13,4.493336711e-13,5.882069627e-13,2.282798367e-13,3.707996053e-13,8.046111292e-14,1.254530116e-13,4.486111378e-14,4.741749831e-14,1.732085818e-13,1.304513653e-13,3.495152115e-13,4.916726971e-13,1.135312549e-12,1.341248816e-12,7.27604085e-13,6.466603868e-13,1.858192176e-13,2.379798497e-13,9.73794914e-14,5.563648301e-14,4.039022124e-14,3.048054235e-14,1.754912338e-13,1.970397509e-13,2.933563833e-13,1.504973366e-13,3.411268571e-13,6.881761084e-14,5.220629774e-13,6.456543472e-14
27.34375,3.427403668e-13,3.578933845e-13,4.646756199e-13,5.919740639e-13,2.32444456e-13,3.811815233e-13,8.348411189e-14,1.248381085e-13,4.551521786e-14,4.799334979e-14,1.766043228e-13,1.331400645e-13,3.527039238e-13,5.026304981e-13,1.156714568e-12,1.355543567e-12,7.372122732e-13,6.596418473e-13,1.885671644e-13,2.428654494e-13,9.662974192e-14,5.648464139e-14,4.02218796e-14,3.060538138e-14,1.782657185e-13,1.983881322e-13,2.943957169e-13,1.532845558e-13,3.494993756e-13,6.94589851e-14,5.342751732e-13,6.446315338e-14
27.3515625,3.49600181e-13,3.598006393e-13,4.802393053e-13,5.956507492e-13,2.368395491e-13,3.915918583e-13,8.654072196e-14,1.240869692e-13,4.614001689e-14,4.856714402e-14,1.801284978e-13,1.359041829e-13,3.559590937e-13,5.138121772e-13,1.177917012e-12,1.369375861e-12,7.466889756e-13,6.728629494e-13,1.914334486e-13,2.474788362e-13,9.593639876e-14,5.737042147e-14,4.005813584e-14,3.064917606e-14,1.810732411e-13,1.99751364e-13,2.954283749e-13,1.56047182e-13,3.581686764e-13,7.010806672e-14,5.46664622e-13,6.435396529e-14
27.359375,3.564239224e-13,3.618999235e-13,4.964245884e-13,5.989920876e-13,2.413304903e-13,4.021305092e-13,8.962184339e-14,1.232178594e-13,4.678849891e-14,4.912700662e-14,1.839277213e-13,1.388139254e-13,3.591013068e-13,5.250927282e-13,1.19917011e-12,1.382923806e-12,7.560837918e-13,6.863583021e-13,1.943591623e-13,2.520381537e-13,9.537864154e-14,5.828767497e-14,3.990272691e-14,3.069535588e-14,1.838990024e-13,2.010627852e-13,2.963492573e-13,1.589133227e-13,3.673094446e-13,7.079734035e-14,5.592814388e-13,6.422832283e-14
27.3671875,3.634221836e-13,3.64079535e-13,5.135478787e-13,6.022361774e-13,2.460711123e-13,4.130753044e-13,9.279639288e-14,1.22319362e-13,4.745871639e-14,4.971705789e-14,1.880309569e-13,1.419000144e-13,3.621328735e-13,5.366315045e-13,1.220767485e-12,1.396523927e-12,7.657590214e-13,7.002803184e-13,1.973826135e-13,2.566886929e-13,9.494949309e-14,5.924086709e-14,3.975529003e-14,3.078821104e-14,1.867459463e-13,2.022006896e-13,2.97105366e-13,1.619735526e-13,3.768658469e-13,7.150585158e-14,5.722859196e-13,6.404577538e-14
27.375,3.706146193e-13,3.661809053e-13,5.312111912e-13,6.055296363e-13,2.510919211e-13,4.242557594e-13,9.604807827e-14,1.214033623e-13,4.812282967e-14,5.03671065e-14,1.922780996e-13,1.450970955e-13,3.651579607e-13,5.484567757e-13,1.242479647e-12,1.410064072e-12,7.757103446e-13,7.14579643e-13,2.005225294e-13,2.611881301e-13,9.457287598e-14,6.023080469e-14,3.960164369e-14,3.085720932e-14,1.896140769e-13,2.031814529e-13,2.977810094e-13,1.650507349e-13,3.865654223e-13,7.222729803e-14,5.856346216e-13,6.380483143e-14
27.3828125,3.776390292e-13,3.682481175e-13,5.490125969e-13,6.085869736e-13,2.561365533e-13,4.353177738e-13,9.930452948e-14,1.2040634e-13,4.876551935e-14,5.104972005e-14,1.966177231e-13,1.483016106e-13,3.68086475e-13,5.6027019e-13,1.264119561e-12,1.423244401e-12,7.854527884e-13,7.289049827e-13,2.037042915e-13,2.654676626e-13,9.430144511e-14,6.123901324e-14,3.946482809e-14,3.092130177e-14,1.924847765e-13,2.041666006e-13,2.983276663e-13,1.680548961e-13,3.963452425e-13,7.298564338e-14,5.990157611e-13,6.355937186e-14
27.390625,3.843432178e-13,3.703304341e-13,5.673049137e-13,6.114224753e-13,2.612287958e-13,4.463815456e-13,1.025976029e-13,1.193128171e-13,4.938733551e-14,5.176148422e-14,2.011749806e-13,1.515644676e-13,3.708856282e-13,5.721002782e-13,1.285808238e-12,1.43601965e-12,7.94801323e-13,7.431486403e-13,2.06901978e-13,2.697176545e-13,9.419364935e-14,6.226404207e-14,3.936449452e-14,3.103291796e-14,1.953446168e-13,2.052120958e-13,2.986127561e-13,1.711120849e-13,4.065139916e-13,7.377653956e-14,6.124728733e-13,6.333147012e-14
27.3984375,3.909961827e-13,3.723154117e-13,5.863997499e-13,6.142096829e-13,2.666147938e-13,4.576901519e-13,1.059695563e-13,1.181643256e-13,5.000349079e-14,5.252305746e-14,2.060133177e-13,1.549612975e-13,3.736190881e-13,5.841498852e-13,1.307608949e-12,1.448618723e-12,8.041344932e-13,7.575102115e-13,2.101644575e-13,2.740352068e-13,9.415057036e-14,6.33263759e-14,3.924815579e-14,3.111998156e-14,1.981838183e-13,2.062181732e-13,2.987329385e-13,1.742170384e-13,4.171479956e-13,7.459664354e-14,6.26136462e-13,6.308403725e-14
27.40625,3.977262944e-13,3.74172056e-13,6.060444686e-13,6.168447091e-13,2.722196327e-13,4.692068063e-13,1.09396748e-13,1.169678975e-13,5.062412405e-14,5.329480217e-14,2.110654586e-13,1.584153808e-13,3.761927405e-13,5.962549267e-13,1.329569201e-12,1.461270882e-12,8.136816282e-13,7.720768584e-13,2.135141499e-13,2.7842351e-13,9.40869985e-14,6.442719421e-14,3.908887507e-14,3.116021118e-14,2.010047491e-13,2.071541601e-13,2.988633295e-13,1.772867615e-13,4.279978827e-13,7.545735247e-14,6.398330229e-13,6.279758372e-14
27.4140625,4.04229257e-13,3.759186894e-13,6.260665482e-13,6.193632155e-13,2.778217253e-13,4.807491617e-13,1.1286812e-13,1.156930774e-13,5.122850473e-14,5.405398334e-14,2.162746063e-13,1.618852179e-13,3.785936702e-13,6.082823732e-13,1.351600864e-12,1.473722909e-12,8.231038005e-13,7.86737732e-13,2.169059872e-13,2.827674353e-13,9.405169513e-14,6.553064505e-14,3.894566273e-14,3.125854941e-14,2.038247674e-13,2.080851647e-13,2.989487784e-13,1.803760606e-13,4.390135974e-13,7.635454584e-14,6.535459962e-13,6.249515013e-14
27.421875,4.103479975e-13,3.775961854e-13,6.464447709e-13,6.218424195e-13,2.834701539e-13,4.921548895e-13,1.163515535e-13,1.14339999e-13,5.1806119e-14,5.48600087e-14,2.216436464e-13,1.654483103e-13,3.810245224e-13,6.203959434e-13,1.373337731e-12,1.48544314e-12,8.320932821e-13,8.013805062e-13,2.202910319e-13,2.86903709e-13,9.411996757e-14,6.661748976e-14,3.884018377e-14,3.143044094e-14,2.066298863e-13,2.089966662e-13,2.98878579e-13,1.835431221e-13,4.502465674e-13,7.728015631e-14,6.673413466e-13,6.218812992e-14
27.4296875,4.164459769e-13,3.794212876e-13,6.670939093e-13,6.24059549e-13,2.893601082e-13,5.03532265e-13,1.198070601e-13,1.129521893e-13,5.241277948e-14,5.573565041e-14,2.27168658e-13,1.691518394e-13,3.835286998e-13,6.326937629e-13,1.394729386e-12,1.496543733e-12,8.409049735e-13,8.160788365e-13,2.237007263e-13,2.909273765e-13,9.430222486e-14,6.774071634e-14,3.874448393e-14,3.16050004e-14,2.094070135e-13,2.098627103e-13,2.987497072e-13,1.867759514e-13,4.617251696e-13,7.821951165e-14,6.811500442e-13,6.188625552e-14
27.4375,4.226952972e-13,3.814175467e-13,6.8817579e-13,6.259623929e-13,2.95509161e-13,5.150672918e-13,1.232652503e-13,1.1155109e-13,5.307990076e-14,5.663808917e-14,2.328826877e-13,1.729794137e-13,3.859602131e-13,6.451123741e-13,1.41605403e-12,1.507572661e-12,8.49873643e-13,8.309905937e-13,2.271805836e-13,2.949752268e-13,9.455464492e-14,6.8937489e-14,3.86856374e-14,3.17822128e-14,2.121961444e-13,2.107696494e-13,2.986805767e-13,1.900405671e-13,4.736321052e-13,7.917554006e-14,6.950958348e-13,6.161775491e-14
27.4453125,4.287867284e-13,3.83321187e-13,7.098946664e-13,6.278194995e-13,3.017639364e-13,5.266167937e-13,1.26747247e-13,1.100955531e-13,5.372968395e-14,5.754809298e-14,2.388958488e-13,1.768703915e-13,3.882933581e-13,6.575977275e-13,1.437397029e-12,1.518616798e-12,8.589520726e-13,8.461521445e-13,2.307167222e-13,2.990008059e-13,9.485460759e-14,7.015262801e-14,3.868496014e-14,3.197777223e-14,2.150130847e-13,2.117399183e-13,2.986020937e-13,1.933239438e-13,4.859796747e-13,8.02083497e-14,7.09235902e-13,6.135902895e-14
27.453125,4.34629035e-13,3.851460264e-13,7.320657947e-13,6.298055889e-13,3.080214068e-13,5.380938297e-13,1.302450043e-13,1.085647135e-13,5.431090648e-14,5.847680334e-14,2.451693718e-13,1.807593121e-13,3.906020958e-13,6.701292549e-13,1.458863556e-12,1.529581637e-12,8.680267935e-13,8.615262373e-13,2.342890897e-13,3.031147745e-13,9.520941504e-14,7.134627815e-14,3.868819119e-14,3.217926654e-14,2.178210186e-13,2.126834892e-13,2.984541657e-13,1.966883941e-13,4.985366304e-13,8.133914533e-14,7.233383033e-13,6.105280487e-14
27.4609375,4.40263008e-13,3.869989689e-13,7.544018682e-13,6.3178057e-13,3.141980237e-13,5.495435386e-13,1.33769056e-13,1.070118719e-13,5.486744736e-14,5.94548351e-14,2.514752234e-13,1.846390839e-13,3.928710239e-13,6.825645188e-13,1.480340959e-12,1.54040021e-12,8.769988501e-13,8.768920252e-13,2.378255353e-13,3.073454544e-13,9.559733173e-14,7.252497071e-14,3.867245468e-14,3.240001108e-14,2.206043297e-13,2.136012662e-13,2.982786932e-13,2.000670421e-13,5.112649857e-13,8.248945129e-14,7.373102121e-13,6.071726105e-14
27.46875,4.455046117e-13,3.886645713e-13,7.769001631e-13,6.333495901e-13,3.20278782e-13,5.607580857e-13,1.372938667e-13,1.054618443e-13,5.541310378e-14,6.050570027e-14,2.578124816e-13,1.885193795e-13,3.950265925e-13,6.947589951e-13,1.501246815e-12,1.55065285e-12,8.856608883e-13,8.919822109e-13,2.412546134e-13,3.112893887e-13,9.60211088e-14,7.367568494e-14,3.868693223e-14,3.264226594e-14,2.233692968e-13,2.145203209e-13,2.980290237e-13,2.032534649e-13,5.242058586e-13,8.361287366e-14,7.511518901e-13,6.040122824e-14
27.4765625,4.505075854e-13,3.901783303e-13,7.9986697e-13,6.345138217e-13,3.265892121e-13,5.718418332e-13,1.408125019e-13,1.038744969e-13,5.59431839e-14,6.157692571e-14,2.644438319e-13,1.924376134e-13,3.97093082e-13,7.069754284e-13,1.521756205e-12,1.560316068e-12,8.941167289e-13,9.07142354e-13,2.447350903e-13,3.149286724e-13,9.652904245e-14,7.483966221e-14,3.875816783e-14,3.289707906e-14,2.261266573e-13,2.15406278e-13,2.977092736e-13,2.064038137e-13,5.373399194e-13,8.475970791e-14,7.649123714e-13,6.010883614e-14
27.484375,4.555176622e-13,3.918907095e-13,8.235078183e-13,6.358313212e-13,3.332819191e-13,5.831703765e-13,1.443594996e-13,1.022335064e-13,5.648973875e-14,6.261064421e-14,2.714250832e-13,1.964578195e-13,3.991508578e-13,7.19457215e-13,1.542639844e-12,1.570009072e-12,9.026731855e-13,9.22802725e-13,2.484068039e-13,3.187925048e-13,9.709745457e-14,7.608153534e-14,3.886929124e-14,3.318786209e-14,2.288925863e-13,2.163490939e-13,2.975410253e-13,2.098373424e-13,5.508107825e-13,8.598481413e-14,7.788543961e-13,5.985550843e-14
27.4921875,4.60168649e-13,3.936570671e-13,8.47443486e-13,6.372453303e-13,3.398467794e-13,5.943651015e-13,1.478762292e-13,1.005483277e-13,5.70318608e-14,6.364112697e-14,2.785696604e-13,2.005144364e-13,4.011457449e-13,7.317951799e-13,1.563424029e-12,1.579594577e-12,9.111496349e-13,9.384728693e-13,2.520495734e-13,3.228170396e-13,9.765609257e-14,7.733405694e-14,3.89982576e-14,3.350559158e-14,2.316498687e-13,2.174343312e-13,2.975597818e-13,2.133153152e-13,5.646790935e-13,8.727725284e-14,7.929122349e-13,5.964851092e-14
27.5,4.6433822e-13,3.951723964e-13,8.712604146e-13,6.381222141e-13,3.461006304e-13,6.049753257e-13,1.513081462e-13,9.882714471e-14,5.753755382e-14,6.469433343e-14,2.857890675e-13,2.045122333e-13,4.029778043e-13,7.437137715e-13,1.583278237e-12,1.588471931e-12,9.192691827e-13,9.537373072e-13,2.555164797e-13,3.265640971e-13,9.821364365e-14,7.852463045e-14,3.912318893e-14,3.381414466e-14,2.343628911e-13,2.184907766e-13,2.975020011e-13,2.165170543e-13,5.787335837e-13,8.858314167e-14,8.067132717e-13,5.943327656e-14
27.5078125,4.685370408e-13,3.967442565e-13,8.952745115e-13,6.386266074e-13,3.525950853e-13,6.154261579e-13,1.547089809e-13,9.710558752e-14,5.805824991e-14,6.574161808e-14,2.931942487e-13,2.085432357e-13,4.046827183e-13,7.556071021e-13,1.602776465e-12,1.59704892e-12,9.272680925e-13,9.690934866e-13,2.590101821e-13,3.302275776e-13,9.88472393e-14,7.9722275e-14,3.923835016e-14,3.413390301e-14,2.370147994e-13,2.193905475e-13,2.973289271e-13,2.197408245e-13,5.928368833e-13,8.990982493e-14,8.203540032e-13,5.919303105e-14
27.515625,4.727623442e-13,3.9858041e-13,9.198797342e-13,6.39234695e-13,3.594290313e-13,6.259842139e-13,1.580782794e-13,9.541122159e-14,5.861353135e-14,6.680682355e-14,3.009518336e-13,2.126737139e-13,4.062867688e-13,7.676051246e-13,1.622486888e-12,1.605785339e-12,9.353149765e-13,9.846877222e-13,2.625940785e-13,3.339943237e-13,9.961616536e-14,8.097679764e-14,3.936223202e-14,3.448464095e-14,2.396005997e-13,2.202410401e-13,2.972163013e-13,2.232052074e-13,6.070203738e-13,9.131730976e-14,8.340279154e-13,5.897203917e-14
27.5234375,4.765856808e-13,4.002241467e-13,9.447937791e-13,6.396776395e-13,3.661751957e-13,6.36355798e-13,1.613881786e-13,9.372324289e-14,5.915928554e-14,6.793991189e-14,3.090096296e-13,2.167845081e-13,4.077485202e-13,7.793677215e-13,1.641829807e-12,1.614071594e-12,9.431394477e-13,9.999867008e-13,2.661223361e-13,3.374866415e-13,1.004613449e-13,8.224721539e-14,3.950686042e-14,3.484601466e-14,2.421489024e-13,2.210634228e-13,2.970979112e-13,2.265855539e-13,6.213868952e-13,9.275204229e-14,8.475184058e-13,5.876414697e-14
27.53125,4.800723121e-13,4.014597269e-13,9.696395429e-13,6.396922816e-13,3.728095548e-13,6.4651555e-13,1.646656415e-13,9.201949756e-14,5.970212453e-14,6.913705394e-14,3.171558426e-13,2.208069925e-13,4.091156849e-13,7.907711399e-13,1.660437536e-12,1.621438113e-12,9.505160481e-13,1.014895535e-12,2.696269062e-13,3.405868862e-13,1.012511716e-13,8.351941842e-14,3.96661411e-14,3.523702639e-14,2.446869471e-13,2.217786561e-13,2.968350846e-13,2.297630083e-13,6.360600654e-13,9.41202802e-14,8.607546114e-13,5.855102476e-14
27.5390625,4.834236535e-13,4.026283052e-13,9.946623853e-13,6.39498592e-13,3.795420834e-13,6.566027017e-13,1.678846952e-13,9.030977365e-14,6.026020414e-14,7.037458535e-14,3.25495531e-13,2.248188446e-13,4.104508183e-13,8.019746138e-13,1.678741886e-12,1.628328605e-12,9.575973455e-13,1.029758197e-12,2.732210042e-13,3.435763839e-13,1.020127535e-13,8.481638654e-14,3.983467397e-14,3.568843501e-14,2.471929413e-13,2.224611883e-13,2.965642046e-13,2.329969777e-13,6.509950279e-13,9.55018108e-14,8.739355139e-13,5.837270153e-14
27.546875,4.866182191e-13,4.038998218e-13,1.020415528e-12,6.392837397e-13,3.864694027e-13,6.666487814e-13,1.710648747e-13,8.861555463e-14,6.081653349e-14,7.160330612e-14,3.342874734e-13,2.289528349e-13,4.117773884e-13,8.13328145e-13,1.697225329e-12,1.635373811e-12,9.648780692e-13,1.044808124e-12,2.769080649e-13,3.4659448e-13,1.028957954e-13,8.614975659e-14,4.003062727e-14,3.616119819e-14,2.496932492e-13,2.232483461e-13,2.965109793e-13,2.363602977e-13,6.661026307e-13,9.700592e-14,8.872049871e-13,5.824068198e-14
27.5546875,4.896354681e-13,4.051944182e-13,1.04686534e-12,6.390933464e-13,3.936148908e-13,6.766458818e-13,1.742894641e-13,8.693464669e-14,6.138176047e-14,7.278645192e-14,3.433669341e-13,2.332757018e-13,4.131513912e-13,8.250146617e-13,1.715827582e-12,1.642728126e-12,9.726089327e-13,1.060070573e-12,2.806390053e-13,3.497134923e-13,1.039180162e-13,8.749203926e-14,4.029381557e-14,3.660946265e-14,2.522430495e-13,2.241800294e-13,2.967137241e-13,2.397832484e-13,6.814776771e-13,9.858834506e-14,9.005882599e-13,5.812337069e-14
27.5625,4.922421978e-13,4.063971653e-13,1.073270506e-12,6.387372518e-13,4.006833084e-13,6.86255375e-13,1.774605643e-13,8.523579012e-14,6.195545953e-14,7.400705568e-14,3.524351968e-13,2.376156615e-13,4.144865856e-13,8.364332384e-13,1.73380305e-12,1.649857178e-12,9.802461087e-13,1.075214848e-12,2.842800736e-13,3.529112417e-13,1.049860507e-13,8.87807781e-14,4.062714015e-14,3.705884219e-14,2.547768916e-13,2.251898403e-13,2.970361283e-13,2.432417931e-13,6.971365336e-13,1.00184261e-13,9.137390913e-13,5.802613661e-14
27.5703125,4.941529929e-13,4.073441691e-13,1.099212651e-12,6.379803001e-13,4.073956581e-13,6.951836675e-13,1.804551233e-13,8.351538994e-14,6.250012231e-14,7.531791637e-14,3.6153792e-13,2.417752817e-13,4.156151048e-13,8.469630785e-13,1.750616066e-12,1.656156464e-12,9.872313692e-13,1.089902653e-12,2.877555186e-13,3.559558659e-13,1.06006043e-13,9.002231555e-14,4.097827561e-14,3.755164422e-14,2.572188606e-13,2.261477963e-13,2.973940894e-13,2.466017919e-13,7.129572074e-13,1.017699248e-13,9.262707591e-13,5.796198964e-14
27.578125,4.956431502e-13,4.081447528e-13,1.125028011e-12,6.370664452e-13,4.140821348e-13,7.037336433e-13,1.8334639e-13,8.179864086e-14,6.304653618e-14,7.66067739e-14,3.708229981e-13,2.459048358e-13,4.166674193e-13,8.570189177e-13,1.766601339e-12,1.661657942e-12,9.937205956e-13,1.104314683e-12,2.912522417e-13,3.587392852e-13,1.069225429e-13,9.131016982e-14,4.132987255e-14,3.807550093e-14,2.596170971e-13,2.270215868e-13,2.978806676e-13,2.498007108e-13,7.289788831e-13,1.033196397e-13,9.385316739e-13,5.792532466e-14
27.5859375,4.971436383e-13,4.089864805e-13,1.150986124e-12,6.360851556e-13,4.211445444e-13,7.121440264e-13,1.861768269e-13,8.007756301e-14,6.366969265e-14,7.784546327e-14,3.802922567e-13,2.502066684e-13,4.178391242e-13,8.671993287e-13,1.781965839e-12,1.666447219e-12,9.998823208e-13,1.118727997e-12,2.949150863e-13,3.612859539e-13,1.078070472e-13,9.268013733e-14,4.172072405e-14,3.860755377e-14,2.620092892e-13,2.278869629e-13,2.985007553e-13,2.529830598e-13,7.452785701e-13,1.048645191e-13,9.510221868e-13,5.792789748e-14
27.59375,4.985055675e-13,4.096126095e-13,1.176962605e-12,6.34614046e-13,4.28405385e-13,7.202346384e-13,1.889196371e-13,7.83519551e-14,6.435285751e-14,7.913194256e-14,3.898453819e-13,2.545538017e-13,4.18968608e-13,8.772693252e-13,1.796428979e-12,1.670365402e-12,1.005595537e-12,1.133033021e-12,2.986008634e-13,3.636261761e-13,1.087287838e-13,9.407128557e-14,4.21504373e-14,3.917422746e-14,2.643590626e-13,2.28732817e-13,2.990752447e-13,2.561600513e-13,7.618016283e-13,1.064390035e-13,9.635157841e-13,5.796118976e-14
27.6015625,4.993925062e-13,4.09941698e-13,1.202879554e-12,6.328146706e-13,4.354615573e-13,7.279907948e-13,1.915984026e-13,7.666831115e-14,6.50209815e-14,8.041713158e-14,3.994251581e-13,2.587847405e-13,4.198638398e-13,8.867554395e-13,1.810154309e-12,1.673779182e-12,1.011016362e-12,1.147038041e-12,3.021947991e-13,3.659547731e-13,1.096095073e-13,9.543076977e-14,4.258767259e-14,3.97891076e-14,2.666347494e-13,2.295169649e-13,2.996323325e-13,2.592730866e-13,7.785594913e-13,1.080139203e-13,9.755728212e-13,5.799936617e-14
27.609375,4.999502117e-13,4.103128664e-13,1.228798043e-12,6.311884152e-13,4.422666872e-13,7.355901715e-13,1.941803295e-13,7.503684218e-14,6.565879433e-14,8.164570205e-14,4.091723625e-13,2.629359351e-13,4.206214866e-13,8.957280109e-13,1.82360961e-12,1.677338079e-12,1.016519462e-12,1.160865528e-12,3.057926638e-13,3.683486369e-13,1.104358566e-13,9.677502026e-14,4.305229264e-14,4.041392782e-14,2.688486474e-13,2.302925257e-13,3.003984066e-13,2.624745737e-13,7.956265878e-13,1.096020136e-13,9.871232836e-13,5.807513577e-14
27.6171875,5.005059536e-13,4.106291343e-13,1.254770221e-12,6.29417044e-13,4.491082034e-13,7.430422668e-13,1.966531416e-13,7.342420003e-14,6.630060711e-14,8.294287239e-14,4.191655509e-13,2.670597562e-13,4.213852904e-13,9.045841997e-13,1.836822901e-12,1.68102393e-12,1.022262072e-12,1.174800285e-12,3.094799029e-13,3.706128372e-13,1.112891315e-13,9.814806356e-14,4.357744469e-14,4.104216913e-14,2.710708032e-13,2.311031462e-13,3.013923746e-13,2.657889929e-13,8.129662903e-13,1.112394809e-13,9.983654414e-13,5.821835298e-14
27.625,5.009623795e-13,4.106668284e-13,1.280661199e-12,6.271798473e-13,4.560495917e-13,7.501695156e-13,1.990806079e-13,7.18259404e-14,6.697582475e-14,8.431212961e-14,4.292095384e-13,2.711762632e-13,4.22182919e-13,9.133976483e-13,1.849391472e-12,1.684219696e-12,1.027950695e-12,1.188691824e-12,3.131903186e-13,3.726867371e-13,1.121426373e-13,9.954687833e-14,4.415584128e-14,4.169814501e-14,2.733185751e-13,2.319371228e-13,3.025330081e-13,2.689667637e-13,8.305014523e-13,1.128808498e-13,1.009564687e-12,5.838785644e-14
27.6328125,5.010149251e-13,4.106181963e-13,1.306018582e-12,6.248502855e-13,4.628568122e-13,7.567700931e-13,2.01415345e-13,7.024611838e-14,6.7705298e-14,8.562001936e-14,4.391793329e-13,2.752732591e-13,4.229430555e-13,9.21849811e-13,1.860811153e-12,1.686379394e-12,1.033007518e-12,1.201977796e-12,3.167865187e-13,3.745046923e-13,1.129629895e-13,1.009459152e-13,4.476811599e-14,4.237210536e-14,2.754867422e-13,2.327196837e-13,3.038238145e-13,2.719142696e-13,8.481850374e-13,1.144578716e-13,1.020632004e-12,5.856164602e-14
27.640625,5.006838571e-13,4.104034185e-13,1.330605383e-12,6.224753894e-13,4.695548589e-13,7.628692176e-13,2.036269279e-13,6.867705392e-14,6.847211316e-14,8.69230832e-14,4.490909727e-13,2.792544436e-13,4.235641111e-13,9.298158336e-13,1.871118134e-12,1.687584141e-12,1.037360462e-12,1.214529546e-12,3.202458762e-13,3.759276665e-13,1.1377316e-13,1.023519942e-13,4.538635981e-14,4.307454435e-14,2.775440299e-13,2.333349695e-13,3.051654055e-13,2.74743729e-13,8.65906176e-13,1.159495589e-13,1.031148187e-12,5.875595651e-14
27.6484375,5.001591188e-13,4.099163833e-13,1.35496284e-12,6.197994609e-13,4.762913796e-13,7.686483089e-13,2.057833938e-13,6.713561062e-14,6.921896055e-14,8.830439608e-14,4.589996469e-13,2.831344505e-13,4.241348634e-13,9.375037541e-13,1.880970413e-12,1.688446792e-12,1.041518053e-12,1.226733729e-12,3.237376977e-13,3.772695498e-13,1.145664268e-13,1.03754929e-13,4.599222468e-14,4.383404175e-14,2.795670954e-13,2.338800526e-13,3.065140829e-13,2.776006868e-13,8.835695138e-13,1.174231815e-13,1.041160649e-12,5.896887712e-14
27.65625,4.994535953e-13,4.095749018e-13,1.379780119e-12,6.171010361e-13,4.829449682e-13,7.741650318e-13,2.077906436e-13,6.564984594e-14,6.995376522e-14,8.9668584e-14,4.691892627e-13,2.871014374e-13,4.248495054e-13,9.450175193e-13,1.890542253e-12,1.689287086e-12,1.045687989e-12,1.238859043e-12,3.274001614e-13,3.788575613e-13,1.154049704e-13,1.051487479e-13,4.663451058e-14,4.461149399e-14,2.815517323e-13,2.346058526e-13,3.081159613e-13,2.806632689e-13,9.013319455e-13,1.190105876e-13,1.051153958e-12,5.922935735e-14
27.6640625,4.984993716e-13,4.093233363e-13,1.404934346e-12,6.145938687e-13,4.89484835e-13,7.794555885e-13,2.095751478e-13,6.423713498e-14,7.076030006e-14,9.098370876e-14,4.797577179e-13,2.911797476e-13,4.256162818e-13,9.522599214e-13,1.899403779e-12,1.689889627e-12,1.049710163e-12,1.25092646e-12,3.311384894e-13,3.80409293e-13,1.163127173e-13,1.065909367e-13,4.736507254e-14,4.539134996e-14,2.834687548e-13,2.354615119e-13,3.100605571e-13,2.838653519e-13,9.193862398e-13,1.206993904e-13,1.061208762e-12,5.957822966e-14
27.671875,4.972817538e-13,4.085976967e-13,1.429738897e-12,6.118789937e-13,4.959917347e-13,7.845235409e-13,2.113167856e-13,6.290668038e-14,7.165014473e-14,9.231974158e-14,4.902492156e-13,2.95159242e-13,4.261779118e-13,9.590837895e-13,1.90742096e-12,1.689883104e-12,1.05338299e-12,1.262657185e-12,3.347771192e-13,3.817094634e-13,1.1711995e-13,1.080810399e-13,4.81394209e-14,4.624723435e-14,2.85330299e-13,2.361880373e-13,3.120059594e-13,2.868787213e-13,9.374633972e-13,1.223293019e-13,1.071012809e-12,5.997440463e-14
27.6796875,4.958210242e-13,4.074441401e-13,1.453824876e-12,6.086950111e-13,5.023396308e-13,7.89176091e-13,2.130428783e-13,6.163574508e-14,7.255157106e-14,9.368989188e-14,5.004834015e-13,2.989166457e-13,4.26543822e-13,9.653029586e-13,1.914452505e-12,1.688923602e-12,1.056450461e-12,1.273623072e-12,3.382748578e-13,3.828661599e-13,1.177599854e-13,1.095392919e-13,4.888991816e-14,4.71762219e-14,2.870973364e-13,2.367511095e-13,3.137422113e-13,2.896460543e-13,9.551316249e-13,1.238659598e-13,1.080343525e-12,6.037128499e-14
27.6875,4.941001675e-13,4.060888333e-13,1.47723946e-12,6.052227346e-13,5.08458071e-13,7.932675454e-13,2.145415683e-13,6.038491635e-14,7.343999067e-14,9.509924408e-14,5.108258408e-13,3.024929448e-13,4.268829688e-13,9.707871299e-13,1.920079053e-12,1.687064753e-12,1.059028561e-12,1.283901203e-12,3.416836012e-13,3.837933898e-13,1.183289701e-13,1.109658911e-13,4.962724769e-14,4.808939363e-14,2.887693282e-13,2.372529838e-13,3.155239796e-13,2.923268578e-13,9.724966089e-13,1.253851481e-13,1.089113339e-12,6.079110499e-14
27.6953125,4.919958007e-13,4.044196568e-13,1.50010162e-12,6.015532496e-13,5.14399072e-13,7.968011828e-13,2.15813081e-13,5.915137182e-14,7.435358589e-14,9.652146075e-14,5.212769275e-13,3.059750968e-13,4.271973439e-13,9.756692441e-13,1.924370733e-12,1.684601104e-12,1.061396374e-12,1.293834109e-12,3.450120728e-13,3.844390599e-13,1.188254272e-13,1.123934913e-13,5.040378373e-14,4.90068754e-14,2.904022062e-13,2.377267453e-13,3.175566271e-13,2.948989539e-13,9.898895306e-13,1.269012199e-13,1.097410496e-12,6.124146135e-14
27.703125,4.895130626e-13,4.025725638e-13,1.522636802e-12,5.976585335e-13,5.202405416e-13,7.998640854e-13,2.170221023e-13,5.79547559e-14,7.532700214e-14,9.788646745e-14,5.314940337e-13,3.094782409e-13,4.274204561e-13,9.803291438e-13,1.927731328e-12,1.681310125e-12,1.063230515e-12,1.303327835e-12,3.482432066e-13,3.84954988e-13,1.192888079e-13,1.137970378e-13,5.1247784e-14,5.00087641e-14,2.919335213e-13,2.381839367e-13,3.196675011e-13,2.974092588e-13,1.007194062e-12,1.284216165e-13,1.105412318e-12,6.171076282e-14
27.7109375,4.869160934e-13,4.007535885e-13,1.544993591e-12,5.93693376e-13,5.261817658e-13,8.027000945e-13,2.181509238e-13,5.681282041e-14,7.634211244e-14,9.923346749e-14,5.41537866e-13,3.130069848e-13,4.275879815e-13,9.848888826e-13,1.930284055e-12,1.677129145e-12,1.064444313e-12,1.312262365e-12,3.514109037e-13,3.854016446e-13,1.198136407e-13,1.151836432e-13,5.214889791e-14,5.10608391e-14,2.932931603e-13,2.385963767e-13,3.217530332e-13,3.000485692e-13,1.024152044e-12,1.299541701e-13,1.113027912e-12,6.221601267e-14
27.71875,4.843136948e-13,3.988640401e-13,1.566848367e-12,5.897337448e-13,5.320955451e-13,8.05305926e-13,2.190950545e-13,5.575049974e-14,7.733223407e-14,1.00625528e-13,5.516412983e-13,3.163841295e-13,4.277220142e-13,9.889608534e-13,1.932185168e-12,1.672909288e-12,1.065783939e-12,1.320890091e-12,3.545557691e-13,3.858646954e-13,1.202724721e-13,1.165672043e-13,5.30830243e-14,5.2093711e-14,2.945704554e-13,2.389223297e-13,3.240307803e-13,3.027433081e-13,1.040868012e-12,1.314655752e-13,1.120101547e-12,6.275137202e-14
27.7265625,4.816053238e-13,3.968853061e-13,1.587859868e-12,5.855990956e-13,5.376300368e-13,8.073327716e-13,2.198787571e-13,5.476104414e-14,7.831490528e-14,1.020319725e-13,5.616958459e-13,3.195777452e-13,4.278036783e-13,9.924396198e-13,1.933620643e-12,1.669057593e-12,1.067472508e-12,1.329428093e-12,3.576955772e-13,3.863603085e-13,1.205533883e-13,1.179314539e-13,5.404835502e-14,5.313272266e-14,2.95846866e-13,2.392040314e-13,3.266168575e-13,3.053219139e-13,1.057557512e-12,1.329684373e-13,1.126863745e-12,6.330103286e-14
27.734375,4.788449414e-13,3.948879118e-13,1.608214962e-12,5.81323531e-13,5.430502563e-13,8.088484363e-13,2.205637766e-13,5.380247166e-14,7.941162489e-14,1.034729485e-13,5.715213213e-13,3.227917988e-13,4.27887301e-13,9.957898035e-13,1.934399219e-12,1.6648863e-12,1.068932794e-12,1.337802906e-12,3.608610036e-13,3.866769412e-13,1.208053827e-13,1.193300241e-13,5.504427742e-14,5.422801545e-14,2.970770663e-13,2.394762673e-13,3.293585442e-13,3.078781133e-13,1.074187393e-12,1.344918995e-13,1.133565881e-12,6.389596192e-14
27.7421875,4.760748031e-13,3.928218364e-13,1.628133958e-12,5.771253163e-13,5.486622825e-13,8.102029386e-13,2.211201235e-13,5.288874455e-14,8.062504423e-14,1.049678667e-13,5.812017597e-13,3.260519244e-13,4.279762002e-13,9.990422928e-13,1.934223016e-12,1.659862309e-12,1.069845705e-12,1.345687402e-12,3.640185161e-13,3.867955542e-13,1.211140196e-13,1.207992153e-13,5.604764023e-14,5.536941764e-14,2.9818774e-13,2.396994286e-13,3.321148464e-13,3.104942365e-13,1.090557403e-12,1.360025489e-13,1.139998188e-12,6.454460769e-14
27.75,4.732513593e-13,3.906514078e-13,1.647491643e-12,5.72830494e-13,5.542023356e-13,8.113282151e-13,2.215104813e-13,5.206966849e-14,8.18469922e-14,1.064176059e-13,5.908575613e-13,3.292053835e-13,4.279587316e-13,1.001808064e-12,1.93299046e-12,1.653967274e-12,1.070171057e-12,1.352899974e-12,3.671057567e-13,3.867664311e-13,1.213929393e-13,1.222771055e-13,5.705706039e-14,5.652332791e-14,2.991598502e-13,2.398382836e-13,3.348204774e-13,3.13066134e-13,1.106534447e-12,1.374774779e-13,1.145903388e-12,6.520495631e-14
27.7578125,4.705110791e-13,3.884527188e-13,1.666224944e-12,5.682274165e-13,5.597300119e-13,8.121026582e-13,2.217347192e-13,5.131362738e-14,8.310403857e-14,1.077987646e-13,6.004799997e-13,3.323315947e-13,4.278725308e-13,1.004218697e-12,1.930759558e-12,1.647307276e-12,1.070021757e-12,1.359752231e-12,3.702341723e-13,3.864176817e-13,1.216196497e-13,1.237739785e-13,5.808770612e-14,5.768212867e-14,3.000238569e-13,2.398888344e-13,3.375102593e-13,3.156354153e-13,1.122212865e-12,1.389273978e-13,1.151425798e-12,6.586788348e-14
27.765625,4.677902656e-13,3.863762564e-13,1.684440718e-12,5.63520753e-13,5.654363937e-13,8.125494224e-13,2.21759608e-13,5.055430763e-14,8.446679194e-14,1.091926123e-13,6.101020426e-13,3.3556855e-13,4.278468625e-13,1.00646422e-12,1.927626361e-12,1.640101557e-12,1.069706479e-12,1.366395923e-12,3.735023408e-13,3.858182977e-13,1.218381871e-13,1.253345852e-13,5.912744827e-14,5.885323198e-14,3.00778853e-13,2.398657115e-13,3.403623519e-13,3.18366295e-13,1.137848009e-12,1.40358571e-13,1.156715403e-12,6.654813049e-14
27.7734375,4.647076964e-13,3.843007551e-13,1.70210197e-12,5.587048677e-13,5.709216763e-13,8.125034277e-13,2.216044914e-13,4.979781982e-14,8.585838e-14,1.106084591e-13,6.196759359e-13,3.387514896e-13,4.277790862e-13,1.008223581e-12,1.923420941e-12,1.632293678e-12,1.069132043e-12,1.372505694e-12,3.767167521e-13,3.851011591e-13,1.220444887e-13,1.268804932e-13,6.018710225e-14,6.003644343e-14,3.013956464e-13,2.397541421e-13,3.433833011e-13,3.211402029e-13,1.153469335e-12,1.417701184e-13,1.161572723e-12,6.723366282e-14
27.78125,4.613752147e-13,3.818379687e-13,1.719065687e-12,5.535648275e-13,5.761622285e-13,8.12008496e-13,2.213578026e-13,4.90745019e-14,8.723219567e-14,1.120598861e-13,6.28994708e-13,3.417329968e-13,4.275728146e-13,1.009424526e-12,1.917994917e-12,1.623673338e-12,1.068045255e-12,1.378044074e-12,3.797593072e-13,3.840575072e-13,1.22197569e-13,1.283835798e-13,6.131446319e-14,6.123028587e-14,3.019180323e-13,2.39507933e-13,3.463891587e-13,3.237461961e-13,1.16873374e-12,1.431310028e-13,1.165878889e-12,6.792652555e-14
27.7890625,4.582981609e-13,3.791184163e-13,1.735349647e-12,5.483796397e-13,5.816568293e-13,8.113611928e-13,2.209915254e-13,4.839362974e-14,8.867156307e-14,1.136083119e-13,6.381204931e-13,3.446572373e-13,4.274163628e-13,1.010437553e-12,1.911820259e-12,1.614637624e-12,1.066766479e-12,1.383229467e-12,3.828541677e-13,3.82758249e-13,1.223035369e-13,1.299424321e-13,6.250549368e-14,6.244032635e-14,3.023983653e-13,2.391965563e-13,3.494461763e-13,3.263436413e-13,1.183477387e-12,1.444407668e-13,1.169886168e-12,6.865519514e-14
27.796875,4.55427068e-13,3.765501941e-13,1.751048213e-12,5.433608851e-13,5.8725762e-13,8.104285226e-13,2.204523084e-13,4.7777513e-14,9.018651958e-14,1.152237677e-13,6.472445394e-13,3.47606885e-13,4.27407683e-13,1.011385107e-12,1.905265239e-12,1.605589745e-12,1.065551343e-12,1.387978508e-12,3.860936854e-13,3.814781795e-13,1.224156927e-13,1.315580189e-13,6.371780878e-14,6.367484885e-14,3.028140904e-13,2.389364353e-13,3.527447145e-13,3.290858269e-13,1.198015983e-12,1.457631914e-13,1.173785228e-12,6.94192364e-14
27.8046875,4.523301309e-13,3.738899611e-13,1.76604998e-12,5.381970067e-13,5.925214661e-13,8.089235664e-13,2.198103682e-13,4.723059773e-14,9.170640864e-14,1.168306732e-13,6.561625911e-13,3.504610736e-13,4.273953858e-13,1.012044758e-12,1.897841945e-12,1.596089761e-12,1.064037124e-12,1.392160012e-12,3.892566888e-13,3.80022148e-13,1.225042341e-13,1.331445719e-13,6.495161915e-14,6.495071306e-14,3.031421839e-13,2.386425733e-13,3.562157091e-13,3.317309111e-13,1.212471239e-12,1.470841065e-13,1.177452057e-12,7.018244744e-14
27.8125,4.489368205e-13,3.708622249e-13,1.780193619e-12,5.329259721e-13,5.975018092e-13,8.0702049e-13,2.190712638e-13,4.672244036e-14,9.324425304e-14,1.184095924e-13,6.646744937e-13,3.531768013e-13,4.273443895e-13,1.012213569e-12,1.889231515e-12,1.585715933e-12,1.061929387e-12,1.395730039e-12,3.922537621e-13,3.782874359e-13,1.225119775e-13,1.347040016e-13,6.621827735e-14,6.628234047e-14,3.03357262e-13,2.38174612e-13,3.597107339e-13,3.342274651e-13,1.22642901e-12,1.483265659e-13,1.180691558e-12,7.091545927e-14
27.8203125,4.455353913e-13,3.677702938e-13,1.793562781e-12,5.278669436e-13,6.024280508e-13,8.0502247e-13,2.181754825e-13,4.625337369e-14,9.485070225e-14,1.199597479e-13,6.728976703e-13,3.558162282e-13,4.273603807e-13,1.011974417e-12,1.879895704e-12,1.574772602e-12,1.059385067e-12,1.398680797e-12,3.952423427e-13,3.765212546e-13,1.225003889e-13,1.362831641e-13,6.749886992e-14,6.764715618e-14,3.034293148e-13,2.375774124e-13,3.631824929e-13,3.368764658e-13,1.239671306e-12,1.49495305e-13,1.183376603e-12,7.162796845e-14
27.828125,4.423223746e-13,3.647989662e-13,1.806229087e-12,5.228431523e-13,6.074006053e-13,8.029073349e-13,2.171552453e-13,4.584644767e-14,9.651040709e-14,1.215142493e-13,6.808475627e-13,3.584084613e-13,4.274391824e-13,1.011514264e-12,1.869999299e-12,1.563521967e-12,1.056573761e-12,1.401178977e-12,3.983199314e-13,3.746669238e-13,1.225010564e-13,1.378850779e-13,6.878134386e-14,6.899959484e-14,3.033845864e-13,2.369303793e-13,3.666284612e-13,3.396852062e-13,1.252513793e-12,1.5060909e-13,1.185493753e-12,7.236290726e-14
27.8359375,4.390644564e-13,3.618688122e-13,1.818042469e-12,5.176647614e-13,6.122243602e-13,8.003877148e-13,2.160191586e-13,4.548642032e-14,9.8180209e-14,1.231445028e-13,6.884806568e-13,3.609462846e-13,4.274695615e-13,1.010620747e-12,1.859098327e-12,1.551666863e-12,1.053275251e-12,1.403137544e-12,4.013759888e-13,3.726222765e-13,1.224648974e-13,1.394713e-13,7.008430412e-14,7.032918559e-14,3.032098208e-13,2.362261966e-13,3.700825988e-13,3.424502337e-13,1.26514405e-12,1.516552449e-13,1.187121677e-12,7.31441322e-14
27.84375,4.35512264e-13,3.589030653e-13,1.82888046e-12,5.124057903e-13,6.166244769e-13,7.973291049e-13,2.147653631e-13,4.514511621e-14,9.984885326e-14,1.24845592e-13,6.957906851e-13,3.633477733e-13,4.273347669e-13,1.009051904e-12,1.84705107e-12,1.53893057e-12,1.049240499e-12,1.404233947e-12,4.042351243e-13,3.70524945e-13,1.224167955e-13,1.410064521e-13,7.144024206e-14,7.16755047e-14,3.028505061e-13,2.35431591e-13,3.734615932e-13,3.451301453e-13,1.277267323e-12,1.526554526e-13,1.188247649e-12,7.394458726e-14
27.8515625,4.320888888e-13,3.557681897e-13,1.838652266e-12,5.069110004e-13,6.208727404e-13,7.940181919e-13,2.134430608e-13,4.483165484e-14,1.01548849e-13,1.265326022e-13,7.026422839e-13,3.655190201e-13,4.27017577e-13,1.007143174e-12,1.834068086e-12,1.525551882e-12,1.044883695e-12,1.40470537e-12,4.069078551e-13,3.682870136e-13,1.223188301e-13,1.425342111e-13,7.285296048e-14,7.307888865e-14,3.023512704e-13,2.344717108e-13,3.766224301e-13,3.476619665e-13,1.288594235e-12,1.53607905e-13,1.188885547e-12,7.472531425e-14
27.859375,4.291927043e-13,3.525361748e-13,1.847218419e-12,5.012024087e-13,6.25244482e-13,7.906330729e-13,2.119677138e-13,4.457874687e-14,1.03306745e-13,1.281959121e-13,7.091150853e-13,3.675186118e-13,4.266451328e-13,1.00512035e-12,1.820096555e-12,1.51184678e-12,1.040737483e-12,1.404887471e-12,4.095375694e-13,3.658049112e-13,1.22039178e-13,1.441154717e-13,7.42821374e-14,7.451810666e-14,3.017386461e-13,2.333085341e-13,3.797003874e-13,3.500952308e-13,1.299215299e-12,1.544868781e-13,1.189155397e-12,7.547734525e-14
27.8671875,4.263575231e-13,3.493011011e-13,1.854641921e-12,4.956573665e-13,6.294242973e-13,7.869075739e-13,2.102611895e-13,4.439504198e-14,1.05088065e-13,1.299146534e-13,7.153876494e-13,3.694309938e-13,4.263254986e-13,1.002700593e-12,1.804970449e-12,1.497648075e-12,1.036463799e-12,1.404452476e-12,4.121135358e-13,3.632080621e-13,1.216522157e-13,1.457011941e-13,7.570747824e-14,7.593697516e-14,3.009530062e-13,2.320325159e-13,3.82853921e-13,3.52652807e-13,1.309266126e-12,1.553107431e-13,1.188922226e-12,7.621540752e-14
27.875,4.23248023e-13,3.458637773e-13,1.861160059e-12,4.902438708e-13,6.333501893e-13,7.827738134e-13,2.08460081e-13,4.425594549e-14,1.068690207e-13,1.316853976e-13,7.212380207e-13,3.712328388e-13,4.260541022e-13,9.998904539e-13,1.788836651e-12,1.482673235e-12,1.031525448e-12,1.403179021e-12,4.145713028e-13,3.604269435e-13,1.213278738e-13,1.47236853e-13,7.714633996e-14,7.735136405e-14,3.000273102e-13,2.307010691e-13,3.859038107e-13,3.552570111e-13,1.318666566e-12,1.5607719e-13,1.188026498e-12,7.695052854e-14
27.8828125,4.202696322e-13,3.423557749e-13,1.866819183e-12,4.84772463e-13,6.37256555e-13,7.784729246e-13,2.066112374e-13,4.415695501e-14,1.086968733e-13,1.334215027e-13,7.26583384e-13,3.729454658e-13,4.257771487e-13,9.969453596e-13,1.771992531e-12,1.467112995e-12,1.026111747e-12,1.401370155e-12,4.169940073e-13,3.573642294e-13,1.210239062e-13,1.487721478e-13,7.858948528e-14,7.882141264e-14,2.99015779e-13,2.292666626e-13,3.887472376e-13,3.577719119e-13,1.327477443e-12,1.567720468e-13,1.186742767e-12,7.767642567e-14
27.890625,4.175416736e-13,3.390858784e-13,1.871415908e-12,4.794273041e-13,6.409372482e-13,7.739554782e-13,2.046068693e-13,4.412767555e-14,1.105899679e-13,1.351162973e-13,7.316647497e-13,3.746104447e-13,4.254227713e-13,9.937801197e-13,1.754573066e-12,1.451352935e-12,1.020585971e-12,1.399218446e-12,4.194146202e-13,3.542360849e-13,1.206430098e-13,1.503367829e-13,8.001965626e-14,8.032169953e-14,2.978724521e-13,2.277277982e-13,3.915650807e-13,3.603747376e-13,1.335867975e-12,1.574291017e-13,1.185208177e-12,7.838666479e-14
27.8984375,4.14803767e-13,3.358137466e-13,1.874877494e-12,4.742040114e-13,6.443430162e-13,7.690790305e-13,2.024597796e-13,4.417298842e-14,1.125200946e-13,1.36803324e-13,7.363858217e-13,3.761845696e-13,4.250045136e-13,9.903627434e-13,1.736552753e-12,1.435402121e-12,1.014905566e-12,1.39668535e-12,4.217657932e-13,3.511768738e-13,1.202142163e-13,1.519006723e-13,8.145234247e-14,8.181163198e-14,2.965913197e-13,2.261367522e-13,3.943822837e-13,3.630609636e-13,1.343594061e-12,1.580605406e-13,1.183200758e-12,7.908647809e-14
27.90625,4.121107289e-13,3.324092083e-13,1.877489392e-12,4.689298282e-13,6.478357911e-13,7.639799027e-13,2.002027031e-13,4.426470549e-14,1.145125161e-13,1.384692045e-13,7.406172671e-13,3.776793703e-13,4.245981165e-13,9.868344323e-13,1.717839637e-12,1.418937261e-12,1.008815908e-12,1.393598259e-12,4.24036197e-13,3.480738308e-13,1.197876595e-13,1.534576668e-13,8.289024617e-14,8.334074696e-14,2.951836759e-13,2.245045936e-13,3.970316488e-13,3.656692692e-13,1.350340181e-12,1.586699905e-13,1.180759137e-12,7.977426596e-14
27.9140625,4.094848483e-13,3.291147979e-13,1.879359702e-12,4.637509759e-13,6.513451431e-13,7.586947662e-13,1.978167636e-13,4.438110066e-14,1.165774311e-13,1.401368715e-13,7.44509613e-13,3.791081415e-13,4.241189239e-13,9.830506007e-13,1.698387806e-12,1.401813018e-12,1.002188805e-12,1.389760737e-12,4.261825662e-13,3.44818186e-13,1.193603326e-13,1.5498564e-13,8.433291049e-14,8.490664354e-14,2.936141077e-13,2.228141337e-13,3.994991302e-13,3.682974562e-13,1.356284646e-12,1.592805506e-13,1.17791816e-12,8.044788468e-14
27.921875,4.068339991e-13,3.258294509e-13,1.88020708e-12,4.586601411e-13,6.546199659e-13,7.531202915e-13,1.953715474e-13,4.452061214e-14,1.186336316e-13,1.418153893e-13,7.480598185e-13,3.803750703e-13,4.235067444e-13,9.78984934e-13,1.678380277e-12,1.384315589e-12,9.953137178e-13,1.38543507e-12,4.281999492e-13,3.413699317e-13,1.189030322e-13,1.564553902e-13,8.581434748e-14,8.642607328e-14,2.919542018e-13,2.210479201e-13,4.018876251e-13,3.709557773e-13,1.361629591e-12,1.59854801e-13,1.174520474e-12,8.112057942e-14
27.9296875,4.044179666e-13,3.224363783e-13,1.880202165e-12,4.534794717e-13,6.578202063e-13,7.474391489e-13,1.928913388e-13,4.471085361e-14,1.206507006e-13,1.434404693e-13,7.513200473e-13,3.81508752e-13,4.229644783e-13,9.749713016e-13,1.65803764e-12,1.366693246e-12,9.885352028e-13,1.380948897e-12,4.302419588e-13,3.377679968e-13,1.184337618e-13,1.579142146e-13,8.73346184e-14,8.792984879e-14,2.902773589e-13,2.191916846e-13,4.041626734e-13,3.735471184e-13,1.36627731e-12,1.603733092e-13,1.170839705e-12,8.179161174e-14
27.9375,4.023115147e-13,3.190682277e-13,1.879671549e-12,4.484203693e-13,6.609820411e-13,7.418393137e-13,1.90298535e-13,4.497450869e-14,1.22688472e-13,1.450516988e-13,7.543494226e-13,3.826005123e-13,4.225335554e-13,9.708874632e-13,1.637143743e-12,1.348729468e-12,9.815879165e-13,1.375883316e-12,4.322720074e-13,3.340929498e-13,1.179926426e-13,1.593831178e-13,8.884260202e-14,8.949184883e-14,2.884519949e-13,2.172447307e-13,4.061919041e-13,3.76178566e-13,1.370196581e-12,1.608825176e-13,1.167005536e-12,8.244746564e-14
27.9453125,4.001465214e-13,3.157012047e-13,1.878048676e-12,4.435700117e-13,6.638447464e-13,7.360920327e-13,1.875986143e-13,4.528170636e-14,1.247636882e-13,1.467474598e-13,7.567586752e-13,3.835414624e-13,4.219643518e-13,9.662799736e-13,1.615429891e-12,1.33034529e-12,9.741722179e-13,1.369896943e-12,4.340800731e-13,3.304490277e-13,1.175094218e-13,1.608035632e-13,9.032525103e-14,9.105277286e-14,2.86387219e-13,2.152210761e-13,4.080308753e-13,3.78828041e-13,1.373428293e-12,1.613451924e-13,1.162523378e-12,8.309855745e-14
27.953125,3.979636628e-13,3.124643354e-13,1.875107568e-12,4.386314541e-13,6.664849423e-13,7.300553166e-13,1.848552661e-13,4.56093247e-14,1.268714595e-13,1.484650234e-13,7.585082087e-13,3.843444382e-13,4.212793468e-13,9.614441224e-13,1.593353582e-12,1.31203182e-12,9.667137013e-13,1.363647286e-12,4.358017021e-13,3.269317877e-13,1.169375523e-13,1.621969743e-13,9.181764953e-14,9.257224309e-14,2.842350806e-13,2.131634938e-13,4.098827437e-13,3.813975341e-13,1.37604635e-12,1.617203822e-13,1.157526988e-12,8.374649157e-14
27.9609375,3.960561997e-13,3.094490875e-13,1.87177499e-12,4.336553429e-13,6.692381128e-13,7.239435694e-13,1.820957483e-13,4.598360116e-14,1.290267225e-13,1.501269057e-13,7.601462642e-13,3.85226469e-13,4.206909986e-13,9.569021754e-13,1.571337165e-12,1.293879936e-12,9.594679909e-13,1.357583149e-12,4.376358338e-13,3.233315612e-13,1.164110385e-13,1.636199229e-13,9.335374416e-14,9.412448523e-14,2.821179054e-13,2.111142528e-13,4.116984723e-13,3.840099089e-13,1.378243037e-12,1.620827057e-13,1.152580151e-12,8.436954081e-14
27.96875,3.941976383e-13,3.062185514e-13,1.868042868e-12,4.288407242e-13,6.719645279e-13,7.17673842e-13,1.79309879e-13,4.64057218e-14,1.311731655e-13,1.517846404e-13,7.616100864e-13,3.860685377e-13,4.20076771e-13,9.521990986e-13,1.548745664e-12,1.275187376e-12,9.518531121e-13,1.351000981e-12,4.393132574e-13,3.193549469e-13,1.159758675e-13,1.649931772e-13,9.494276321e-14,9.572699614e-14,2.799344663e-13,2.090278561e-13,4.132393032e-13,3.865889523e-13,1.379888372e-12,1.624278995e-13,1.147213549e-12,8.497794881e-14
27.9765625,3.92251303e-13,3.027426324e-13,1.862921217e-12,4.240217076e-13,6.742269822e-13,7.110395601e-13,1.764445519e-13,4.684644643e-14,1.332564499e-13,1.534450255e-13,7.624511528e-13,3.866013697e-13,4.192533462e-13,9.467724183e-13,1.525082551e-12,1.255764148e-12,9.43621534e-13,1.343440446e-12,4.406123569e-13,3.152413502e-13,1.154870466e-13,1.662519447e-13,9.654119085e-14,9.732571446e-14,2.775530975e-13,2.067897995e-13,4.144930209e-13,3.889945026e-13,1.38049012e-12,1.626704416e-13,1.14091735e-12,8.557499845e-14
27.984375,3.905943239e-13,2.995030081e-13,1.856656315e-12,4.191788867e-13,6.762126638e-13,7.04432251e-13,1.734963087e-13,4.731821898e-14,1.353504834e-13,1.55056885e-13,7.627806748e-13,3.869599526e-13,4.18318206e-13,9.410560818e-13,1.500966271e-12,1.236137221e-12,9.352644117e-13,1.335411624e-12,4.41776792e-13,3.112937466e-13,1.149141003e-13,1.674825939e-13,9.809620581e-14,9.891499923e-14,2.74984652e-13,2.043588049e-13,4.155690552e-13,3.914840805e-13,1.379924508e-12,1.628433737e-13,1.134225307e-12,8.610917152e-14
27.9921875,3.891331002e-13,2.963413523e-13,1.849715725e-12,4.144871507e-13,6.783207152e-13,6.97986105e-13,1.705181909e-13,4.785702149e-14,1.375026518e-13,1.566420597e-13,7.626859151e-13,3.872761026e-13,4.173063005e-13,9.353011911e-13,1.476656645e-12,1.216240076e-12,9.266883349e-13,1.326893314e-12,4.429217099e-13,3.073281283e-13,1.143410577e-13,1.68715271e-13,9.962819467e-14,1.005306531e-13,2.722810439e-13,2.018195956e-13,4.16441065e-13,3.940680896e-13,1.37851172e-12,1.629765723e-13,1.127308698e-12,8.657718091e-14
28,3.873078099e-13,2.929805405e-13,1.841308376e-12,4.097696836e-13,6.800784454e-13,6.909872092e-13,1.674949863e-13,4.845767098e-14,1.396170442e-13,1.582276487e-13,7.619179228e-13,3.873251066e-13,4.160819313e-13,9.288869475e-13,1.45162726e-12,1.195782635e-12,9.173674677e-13,1.317213089e-12,4.438077403e-13,3.033354009e-13,1.137470674e-13,1.698554896e-13,1.011762918e-13,1.021866819e-13,2.694441854e-13,1.992567801e-13,4.170978034e-13,3.963184445e-13,1.376504178e-12,1.629925246e-13,1.119656614e-12,8.7046612e-14
28.0078125,3.852978405e-13,2.897156222e-13,1.831338097e-12,4.048191104e-13,6.810378878e-13,6.8333246e-13,1.644200592e-13,4.907225034e-14,1.41627477e-13,1.597837044e-13,7.606003675e-13,3.870415185e-13,4.146544907e-13,9.218028884e-13,1.426136364e-12,1.175388652e-12,9.078248027e-13,1.306759487e-12,4.444012245e-13,2.995955541e-13,1.130845098e-13,1.708915945e-13,1.027364596e-13,1.03832098e-13,2.665242043e-13,1.966604697e-13,4.176323409e-13,3.982319481e-13,1.373960288e-12,1.628994334e-13,1.111422498e-12,8.753253048e-14
28.015625,3.836856479e-13,2.865840704e-13,1.820986436e-12,3.998297264e-13,6.81818276e-13,6.757707801e-13,1.613510265e-13,4.968239717e-14,1.435976001e-13,1.613205535e-13,7.591390705e-13,3.866603049e-13,4.131819513e-13,9.148512783e-13,1.400927182e-12,1.155641823e-12,8.989361203e-13,1.29650364e-12,4.449454719e-13,2.960079493e-13,1.123821627e-13,1.719041366e-13,1.043337852e-13,1.054175667e-13,2.636104893e-13,1.940415462e-13,4.181456939e-13,4.001674305e-13,1.370836129e-12,1.628261423e-13,1.103151609e-12,8.801137944e-14
28.0234375,3.823405672e-13,2.834022815e-13,1.810614596e-12,3.950918303e-13,6.828243207e-13,6.683878069e-13,1.582768633e-13,5.034179474e-14,1.455990346e-13,1.629121199e-13,7.576037359e-13,3.862885689e-13,4.11770728e-13,9.081634619e-13,1.375838049e-12,1.136213976e-12,8.904701332e-13,1.286343694e-12,4.455001356e-13,2.923881498e-13,1.116909286e-13,1.729066016e-13,1.060059499e-13,1.069948288e-13,2.606917331e-13,1.914872059e-13,4.187001405e-13,4.022258122e-13,1.367145925e-12,1.628445323e-13,1.094846154e-12,8.849209721e-14
28.03125,3.809595293e-13,2.803446945e-13,1.799608054e-12,3.90666319e-13,6.836091756e-13,6.608143887e-13,1.55152464e-13,5.107748243e-14,1.476207313e-13,1.645546207e-13,7.557608933e-13,3.85859444e-13,4.10396589e-13,9.013373537e-13,1.350433035e-12,1.116752985e-12,8.818553837e-13,1.275755831e-12,4.459325175e-13,2.888005349e-13,1.110616369e-13,1.738619098e-13,1.07699561e-13,1.085834397e-13,2.576977482e-13,1.889747398e-13,4.192130576e-13,4.043369098e-13,1.362945033e-12,1.628986997e-13,1.08631288e-12,8.895220627e-14
28.0390625,3.796956635e-13,2.774517407e-13,1.787582317e-12,3.863523228e-13,6.840561933e-13,6.531070637e-13,1.519904272e-13,5.183455092e-14,1.49610568e-13,1.661289285e-13,7.534452136e-13,3.853016264e-13,4.089042676e-13,8.943514032e-13,1.324773364e-12,1.097212291e-12,8.730288206e-13,1.264687752e-12,4.461838095e-13,2.85125034e-13,1.104991881e-13,1.747601063e-13,1.093473184e-13,1.101140282e-13,2.545973982e-13,1.863701816e-13,4.194962284e-13,4.063730174e-13,1.358043689e-12,1.62884172e-13,1.077501401e-12,8.934066635e-14
28.046875,3.785446604e-13,2.745635852e-13,1.774525273e-12,3.819545155e-13,6.843655903e-13,6.452876274e-13,1.488300779e-13,5.25958731e-14,1.5155239e-13,1.675943793e-13,7.506456306e-13,3.845703288e-13,4.072154605e-13,8.872417674e-13,1.298998249e-12,1.077637015e-12,8.640392527e-13,1.253133547e-12,4.462427965e-13,2.812278168e-13,1.099341738e-13,1.755951479e-13,1.109749294e-13,1.116466439e-13,2.51397639e-13,1.836754302e-13,4.195152013e-13,4.081695178e-13,1.352341964e-12,1.627698038e-13,1.068383824e-12,8.966923062e-14
28.0546875,3.774160121e-13,2.717231707e-13,1.760771982e-12,3.775868089e-13,6.844346836e-13,6.373898492e-13,1.457391811e-13,5.340413506e-14,1.534733694e-13,1.690358642e-13,7.473462632e-13,3.837133419e-13,4.055053455e-13,8.800195807e-13,1.273330118e-12,1.058430934e-12,8.551683873e-13,1.241327783e-12,4.461228528e-13,2.773182358e-13,1.093354212e-13,1.763635837e-13,1.12621233e-13,1.132821674e-13,2.481742697e-13,1.80984898e-13,4.193852559e-13,4.097699699e-13,1.346151541e-12,1.626031367e-13,1.059069708e-12,8.997673152e-14
28.0625,3.765354903e-13,2.688640185e-13,1.746661456e-12,3.733947617e-13,6.843044851e-13,6.296645171e-13,1.427260991e-13,5.426313863e-14,1.553820333e-13,1.704828408e-13,7.435894003e-13,3.827893697e-13,4.038795456e-13,8.728680793e-13,1.247958605e-12,1.039804124e-12,8.467400472e-13,1.229617318e-12,4.458835134e-13,2.735823465e-13,1.087601758e-13,1.770695923e-13,1.14288549e-13,1.149152173e-13,2.449907331e-13,1.782991612e-13,4.191495965e-13,4.113292574e-13,1.339374912e-12,1.624196021e-13,1.049625917e-12,9.027997828e-14
28.0703125,3.757546242e-13,2.65816551e-13,1.731921927e-12,3.693003286e-13,6.840444215e-13,6.218743024e-13,1.396884928e-13,5.51672272e-14,1.572443639e-13,1.719233431e-13,7.39522105e-13,3.816958616e-13,4.021119222e-13,8.655650126e-13,1.222613357e-12,1.021322344e-12,8.383319388e-13,1.217568595e-12,4.454376574e-13,2.700500246e-13,1.082424428e-13,1.776697442e-13,1.159811335e-13,1.164551112e-13,2.417628059e-13,1.756242242e-13,4.187402149e-13,4.128179549e-13,1.331490425e-12,1.622288887e-13,1.039755363e-12,9.060209705e-14
28.078125,3.747150888e-13,2.627456048e-13,1.716237637e-12,3.652739065e-13,6.833788345e-13,6.137551138e-13,1.366269026e-13,5.612611011e-14,1.590295144e-13,1.733906439e-13,7.350558631e-13,3.803371145e-13,4.000750471e-13,8.577586657e-13,1.197175804e-12,1.002858285e-12,8.29568945e-13,1.20478134e-12,4.446620499e-13,2.66719184e-13,1.077357791e-13,1.781271653e-13,1.176692771e-13,1.180028341e-13,2.384184215e-13,1.729957582e-13,4.180715678e-13,4.141067386e-13,1.322820273e-12,1.620043897e-13,1.029254059e-12,9.092830461e-14
28.0859375,3.738187696e-13,2.599246224e-13,1.699826751e-12,3.613136163e-13,6.823375345e-13,6.057591165e-13,1.3363654e-13,5.710440046e-14,1.607463137e-13,1.748623721e-13,7.300210216e-13,3.788135989e-13,3.980234225e-13,8.498232234e-13,1.171974912e-12,9.84741447e-13,8.209448362e-13,1.191767666e-12,4.437473505e-13,2.63456646e-13,1.072039897e-13,1.785136603e-13,1.193079563e-13,1.196108565e-13,2.350250553e-13,1.703432881e-13,4.171526962e-13,4.15209007e-13,1.31400671e-12,1.616996624e-13,1.018436258e-12,9.119520302e-14
28.09375,3.733795239e-13,2.573954077e-13,1.68298343e-12,3.573630514e-13,6.812540413e-13,5.980152176e-13,1.306669553e-13,5.807376685e-14,1.624173769e-13,1.76269763e-13,7.247169449e-13,3.772556332e-13,3.960949255e-13,8.421338694e-13,1.147091943e-12,9.669790146e-13,8.127301517e-13,1.178816962e-12,4.42883941e-13,2.602459234e-13,1.067002994e-13,1.788831333e-13,1.209301226e-13,1.21212737e-13,2.31608311e-13,1.676457706e-13,4.161099348e-13,4.162823066e-13,1.304639761e-12,1.613763213e-13,1.007554861e-12,9.141263152e-14
28.1015625,3.728374384e-13,2.55011566e-13,1.665898288e-12,3.53581107e-13,6.801071332e-13,5.900662309e-13,1.276557039e-13,5.907027972e-14,1.640472227e-13,1.775979706e-13,7.19463185e-13,3.757004184e-13,3.94079079e-13,8.344097964e-13,1.122452252e-12,9.494685035e-13,8.045545216e-13,1.165697121e-12,4.418919274e-13,2.57308976e-13,1.062777031e-13,1.791628941e-13,1.22583001e-13,1.22774584e-13,2.281395931e-13,1.650537468e-13,4.150333429e-13,4.173367807e-13,1.294326122e-12,1.611138479e-13,9.9640256e-13,9.166102937e-14
28.109375,3.719708558e-13,2.525209251e-13,1.648462123e-12,3.500191772e-13,6.788025922e-13,5.818905815e-13,1.246856437e-13,6.011622491e-14,1.656444181e-13,1.788661118e-13,7.139372269e-13,3.74107301e-13,3.919099705e-13,8.26484724e-13,1.097982493e-12,9.32120321e-13,7.962255282e-13,1.152413283e-12,4.406280422e-13,2.546129561e-13,1.058778142e-13,1.793234601e-13,1.242395216e-13,1.243265219e-13,2.246656069e-13,1.62604361e-13,4.138897675e-13,4.181283848e-13,1.283654752e-12,1.607967853e-13,9.848465006e-13,9.193747288e-14
28.1171875,3.711820694e-13,2.498134871e-13,1.630043464e-12,3.463224212e-13,6.77342743e-13,5.736327765e-13,1.217778021e-13,6.117689961e-14,1.672056847e-13,1.801188307e-13,7.077410416e-13,3.72317143e-13,3.897424144e-13,8.184381022e-13,1.073320882e-12,9.146562979e-13,7.877379662e-13,1.138863772e-12,4.391567447e-13,2.518568647e-13,1.054382464e-13,1.794167882e-13,1.258679604e-13,1.259069264e-13,2.211975533e-13,1.60127196e-13,4.125865672e-13,4.185639841e-13,1.272748907e-12,1.603185053e-13,9.730074887e-13,9.215204534e-14
28.125,3.705095537e-13,2.471073893e-13,1.61062018e-12,3.42480129e-13,6.75594006e-13,5.652728718e-13,1.188783105e-13,6.221451318e-14,1.686879636e-13,1.813562083e-13,7.010849746e-13,3.702525811e-13,3.875176716e-13,8.10230396e-13,1.048598916e-12,8.972767604e-13,7.791851746e-13,1.124950311e-12,4.374535858e-13,2.489574339e-13,1.050219001e-13,1.794216668e-13,1.274675479e-13,1.274853552e-13,2.176866584e-13,1.575569137e-13,4.110368697e-13,4.188711713e-13,1.261040771e-12,1.598105828e-13,9.608920815e-13,9.227751732e-14
28.1328125,3.698329976e-13,2.445656762e-13,1.591117993e-12,3.389216435e-13,6.736857522e-13,5.570608617e-13,1.160300038e-13,6.324635141e-14,1.70105978e-13,1.824758654e-13,6.943741937e-13,3.681161553e-13,3.850903136e-13,8.020095413e-13,1.024534103e-12,8.804915844e-13,7.708762339e-13,1.111087804e-12,4.355534599e-13,2.460611022e-13,1.046927015e-13,1.79319678e-13,1.290386048e-13,1.290031488e-13,2.141732605e-13,1.550201482e-13,4.092900547e-13,4.191635866e-13,1.248752941e-12,1.593818097e-13,9.485074803e-13,9.238829975e-14
28.140625,3.691979858e-13,2.419995965e-13,1.571579535e-12,3.356274531e-13,6.718111526e-13,5.489663948e-13,1.132503727e-13,6.432560285e-14,1.715220942e-13,1.834731601e-13,6.8756879e-13,3.659958022e-13,3.825490262e-13,7.938016691e-13,1.000939844e-12,8.640813468e-13,7.627690527e-13,1.097264471e-12,4.335696536e-13,2.433475255e-13,1.043961549e-13,1.791547658e-13,1.306082597e-13,1.304710835e-13,2.106889228e-13,1.525857357e-13,4.075338387e-13,4.192899463e-13,1.236358007e-12,1.589473487e-13,9.359080506e-13,9.254178149e-14
28.1484375,3.685208783e-13,2.393180238e-13,1.551085179e-12,3.323339216e-13,6.695544604e-13,5.405792715e-13,1.10467695e-13,6.545143724e-14,1.728744879e-13,1.844702545e-13,6.803840732e-13,3.636347079e-13,3.799420998e-13,7.851672816e-13,9.771922449e-13,8.47828147e-13,7.546546674e-13,1.08297906e-12,4.313499026e-13,2.409888696e-13,1.040748472e-13,1.788811919e-13,1.322054718e-13,1.31892345e-13,2.071568955e-13,1.501768765e-13,4.057952729e-13,4.192164137e-13,1.223462331e-12,1.584440163e-13,9.229020731e-13,9.270986025e-14
28.15625,3.679454259e-13,2.367811529e-13,1.529665811e-12,3.291288865e-13,6.666887696e-13,5.321166923e-13,1.077100247e-13,6.65896729e-14,1.740986635e-13,1.854680009e-13,6.728125883e-13,3.609597174e-13,3.771406089e-13,7.761566114e-13,9.537388209e-13,8.323107605e-13,7.469161854e-13,1.068523889e-12,4.287909567e-13,2.390119135e-13,1.037500889e-13,1.78459967e-13,1.338032939e-13,1.332900594e-13,2.035782981e-13,1.477487389e-13,4.039173141e-13,4.19091306e-13,1.209858927e-12,1.579066841e-13,9.094452313e-13,9.285231974e-14
28.1640625,3.67702626e-13,2.344247368e-13,1.507939098e-12,3.259841612e-13,6.637295195e-13,5.2389271e-13,1.050519338e-13,6.775083455e-14,1.752937221e-13,1.86380315e-13,6.649585775e-13,3.582161096e-13,3.741628645e-13,7.673579337e-13,9.310141574e-13,8.176329393e-13,7.397716577e-13,1.054399097e-12,4.261234373e-13,2.371733035e-13,1.034342632e-13,1.779859046e-13,1.353658889e-13,1.347685433e-13,2.000558319e-13,1.453731952e-13,4.019330887e-13,4.188238954e-13,1.196079104e-12,1.573504121e-13,8.959032717e-13,9.296147794e-14
28.171875,3.67355192e-13,2.319669385e-13,1.485868508e-12,3.226739995e-13,6.607739817e-13,5.154942098e-13,1.024418307e-13,6.891783232e-14,1.764543556e-13,1.871815196e-13,6.568028125e-13,3.554378152e-13,3.711322963e-13,7.586773191e-13,9.085671571e-13,8.031867676e-13,7.327387106e-13,1.04032692e-12,4.233809113e-13,2.352095192e-13,1.031054842e-13,1.774545146e-13,1.368899288e-13,1.362505897e-13,1.965991846e-13,1.431049963e-13,4.000489911e-13,4.181071188e-13,1.182281026e-12,1.567738975e-13,8.82364751e-13,9.302865936e-14
28.1796875,3.665815899e-13,2.294621787e-13,1.463570933e-12,3.19334395e-13,6.574473986e-13,5.06822071e-13,9.983806907e-14,7.004856469e-14,1.774288467e-13,1.878624426e-13,6.485558719e-13,3.524842405e-13,3.680546801e-13,7.49714563e-13,8.864295069e-13,7.891440898e-13,7.257864442e-13,1.026204402e-12,4.203742678e-13,2.332950924e-13,1.027907321e-13,1.767602941e-13,1.383787081e-13,1.375474618e-13,1.931623313e-13,1.409270723e-13,3.982842185e-13,4.170219749e-13,1.168166615e-12,1.562170605e-13,8.686314051e-13,9.307164173e-14
28.1875,3.65946998e-13,2.270641684e-13,1.441523904e-12,3.162032552e-13,6.540481838e-13,4.983840836e-13,9.731261635e-14,7.119545251e-14,1.782774948e-13,1.884394654e-13,6.404606884e-13,3.494241352e-13,3.649759714e-13,7.407536599e-13,8.65111511e-13,7.761056938e-13,7.194110624e-13,1.012383963e-12,4.172084119e-13,2.317951111e-13,1.025659898e-13,1.759603609e-13,1.398476696e-13,1.387614527e-13,1.897734101e-13,1.388390554e-13,3.965113619e-13,4.15972229e-13,1.1536352e-12,1.557122783e-13,8.54805859e-13,9.313415468e-14
28.1953125,3.657384069e-13,2.245180851e-13,1.419484444e-12,3.132358786e-13,6.509506717e-13,4.901888295e-13,9.488942077e-14,7.239803286e-14,1.791331731e-13,1.889376553e-13,6.322498939e-13,3.463319226e-13,3.619617265e-13,7.320044375e-13,8.444155058e-13,7.637688605e-13,7.134894264e-13,9.987395457e-13,4.140257924e-13,2.305224803e-13,1.024500623e-13,1.751202065e-13,1.413103784e-13,1.400204891e-13,1.864596535e-13,1.368347203e-13,3.946958068e-13,4.149686083e-13,1.138622315e-12,1.552042563e-13,8.409197408e-13,9.319428181e-14
28.203125,3.654853972e-13,2.218515419e-13,1.396996285e-12,3.103776061e-13,6.477076716e-13,4.818913825e-13,9.251376639e-14,7.359817828e-14,1.799078115e-13,1.893368241e-13,6.237197145e-13,3.431172112e-13,3.588727335e-13,7.231061439e-13,8.240413849e-13,7.516756321e-13,7.076094444e-13,9.849693405e-13,4.106870825e-13,2.291410882e-13,1.023717657e-13,1.741490873e-13,1.42722032e-13,1.412086088e-13,1.831932573e-13,1.348707481e-13,3.928473851e-13,4.137492774e-13,1.123197372e-12,1.546233774e-13,8.267991606e-13,9.320440455e-14
28.2109375,3.650349641e-13,2.195622392e-13,1.374291905e-12,3.076470524e-13,6.440376601e-13,4.735297442e-13,9.017849952e-14,7.481130772e-14,1.805785955e-13,1.89663387e-13,6.151582685e-13,3.398128889e-13,3.556087679e-13,7.140799944e-13,8.042614388e-13,7.401099313e-13,7.0186901e-13,9.712439293e-13,4.071474258e-13,2.27927204e-13,1.022804642e-13,1.730516867e-13,1.440271635e-13,1.423683396e-13,1.799614261e-13,1.329611114e-13,3.909596855e-13,4.123517268e-13,1.1078134e-12,1.540248889e-13,8.127047983e-13,9.318651229e-14
28.21875,3.646544883e-13,2.176339024e-13,1.351554855e-12,3.0503667e-13,6.403232106e-13,4.652285129e-13,8.791669291e-14,7.60953898e-14,1.812776164e-13,1.899479697e-13,6.065727152e-13,3.365530891e-13,3.522970879e-13,7.053303477e-13,7.851944784e-13,7.292857771e-13,6.964377287e-13,9.577466272e-13,4.035141064e-13,2.270855259e-13,1.022036548e-13,1.719278888e-13,1.452664546e-13,1.436498856e-13,1.767652353e-13,1.311400669e-13,3.890851081e-13,4.108812497e-13,1.092600358e-12,1.534814636e-13,7.988893698e-13,9.315682535e-14
28.2265625,3.644051558e-13,2.156302038e-13,1.328556287e-12,3.025628155e-13,6.366917538e-13,4.569642406e-13,8.574289083e-14,7.738973598e-14,1.819605205e-13,1.901304188e-13,5.976607448e-13,3.332790603e-13,3.489647768e-13,6.967316987e-13,7.666379999e-13,7.1903649e-13,6.913094115e-13,9.444142475e-13,3.997681307e-13,2.263420406e-13,1.021508736e-13,1.707445782e-13,1.465254194e-13,1.449225539e-13,1.735975452e-13,1.293579874e-13,3.872953261e-13,4.09251009e-13,1.077126221e-12,1.529211118e-13,7.849699155e-13,9.309455788e-14
28.234375,3.642992952e-13,2.135310543e-13,1.305343307e-12,3.001754938e-13,6.329598584e-13,4.487927062e-13,8.364918441e-14,7.864815905e-14,1.825112946e-13,1.901876043e-13,5.885937476e-13,3.298474931e-13,3.455223295e-13,6.879387997e-13,7.485488693e-13,7.094028022e-13,6.866426394e-13,9.312888187e-13,3.959089573e-13,2.257117983e-13,1.020896478e-13,1.694606077e-13,1.47790337e-13,1.460580247e-13,1.704844483e-13,1.275761698e-13,3.856281093e-13,4.074481989e-13,1.061291176e-12,1.522728677e-13,7.707567559e-13,9.301610221e-14
28.2421875,3.643107272e-13,2.114694731e-13,1.282060551e-12,2.977733985e-13,6.290627913e-13,4.406932221e-13,8.161663781e-14,7.99258694e-14,1.829609129e-13,1.901295551e-13,5.796419682e-13,3.262326312e-13,3.420216605e-13,6.789518417e-13,7.309577139e-13,7.004810449e-13,6.825349906e-13,9.184149299e-13,3.919621839e-13,2.25349946e-13,1.020255958e-13,1.680893899e-13,1.489783314e-13,1.471426832e-13,1.674609809e-13,1.258500626e-13,3.841269077e-13,4.054592199e-13,1.045451187e-12,1.515843949e-13,7.565078842e-13,9.29207178e-14
28.25,3.640807523e-13,2.093483801e-13,1.258432402e-12,2.953322626e-13,6.247492326e-13,4.324084804e-13,7.965537844e-14,8.124099589e-14,1.83297838e-13,1.899358179e-13,5.705515669e-13,3.224196884e-13,3.384618918e-13,6.696741056e-13,7.138351623e-13,6.922205094e-13,6.787814412e-13,9.055395139e-13,3.877304147e-13,2.251228015e-13,1.019648019e-13,1.66528659e-13,1.500770747e-13,1.482138917e-13,1.645114003e-13,1.242484043e-13,3.827960344e-13,4.031026447e-13,1.029710634e-12,1.508765747e-13,7.420531334e-13,9.277567281e-14
28.2578125,3.635382368e-13,2.071890339e-13,1.234462581e-12,2.928941068e-13,6.199719237e-13,4.239246531e-13,7.778508695e-14,8.258508654e-14,1.835098772e-13,1.897103617e-13,5.611923038e-13,3.184506919e-13,3.347657297e-13,6.601065101e-13,6.972296608e-13,6.846461194e-13,6.752490537e-13,8.925221796e-13,3.831588215e-13,2.251283396e-13,1.018978882e-13,1.647681465e-13,1.511296039e-13,1.49271683e-13,1.616030038e-13,1.227657599e-13,3.815589141e-13,4.004482983e-13,1.013990413e-12,1.501281009e-13,7.272523449e-13,9.261931368e-14
28.265625,3.633092563e-13,2.051860482e-13,1.210931544e-12,2.906698583e-13,6.154985783e-13,4.157902618e-13,7.598613961e-14,8.39837815e-14,1.837849593e-13,1.895951694e-13,5.519742021e-13,3.14584094e-13,3.311273281e-13,6.509619875e-13,6.812654954e-13,6.776787201e-13,6.720717688e-13,8.797825054e-13,3.786577755e-13,2.25530847e-13,1.01885127e-13,1.630741427e-13,1.521370401e-13,1.503793221e-13,1.587354963e-13,1.213188486e-13,3.803542219e-13,3.979615722e-13,9.984286162e-13,1.493800969e-13,7.127636809e-13,9.248872638e-14
28.2734375,3.636100594e-13,2.033331662e-13,1.188203941e-12,2.888084277e-13,6.117066407e-13,4.083154691e-13,7.427202968e-14,8.542807644e-14,1.842028794e-13,1.895065323e-13,5.43027307e-13,3.109311519e-13,3.276962657e-13,6.425945735e-13,6.66038313e-13,6.711789521e-13,6.693331666e-13,8.676369939e-13,3.744122734e-13,2.261194159e-13,1.019437335e-13,1.615402709e-13,1.530732122e-13,1.515379871e-13,1.55931879e-13,1.198769851e-13,3.791947146e-13,3.957550919e-13,9.831361065e-13,1.486552257e-13,6.98910778e-13,9.233701599e-14
28.28125,3.637888443e-13,2.013803523e-13,1.165479838e-12,2.869464445e-13,6.077859168e-13,4.009343893e-13,7.268703844e-14,8.689616303e-14,1.845403539e-13,1.892558292e-13,5.339150607e-13,3.071693612e-13,3.241596634e-13,6.341872356e-13,6.514744998e-13,6.652245721e-13,6.668405798e-13,8.55666555e-13,3.700173357e-13,2.267988822e-13,1.019601027e-13,1.598985371e-13,1.539486535e-13,1.526668223e-13,1.532108776e-13,1.185045466e-13,3.781317087e-13,3.932520834e-13,9.679592202e-13,1.478922538e-13,6.850422428e-13,9.215144184e-14
28.2890625,3.636789548e-13,1.992435963e-13,1.142150824e-12,2.848112469e-13,6.033303476e-13,3.932273275e-13,7.118202331e-14,8.840288257e-14,1.84692514e-13,1.887883378e-13,5.244887106e-13,3.031178271e-13,3.20295574e-13,6.252787036e-13,6.373654453e-13,6.597477507e-13,6.644315126e-13,8.434986388e-13,3.652770704e-13,2.27568895e-13,1.019298914e-13,1.580402589e-13,1.548093147e-13,1.536784884e-13,1.50549424e-13,1.171567664e-13,3.771873907e-13,3.901543605e-13,9.526822427e-13,1.470467625e-13,6.708131017e-13,9.195251357e-14
28.296875,3.638980638e-13,1.971954495e-13,1.118659484e-12,2.828093791e-13,5.989323468e-13,3.856516522e-13,6.969469877e-14,8.992655791e-14,1.848107449e-13,1.881912539e-13,5.150462839e-13,2.990419969e-13,3.163173686e-13,6.164400967e-13,6.236961195e-13,6.546135437e-13,6.623310731e-13,8.313901977e-13,3.60452862e-13,2.282755718e-13,1.019749441e-13,1.561356587e-13,1.556561204e-13,1.545809145e-13,1.478935084e-13,1.157246813e-13,3.763031921e-13,3.869733715e-13,9.372413815e-13,1.461408017e-13,6.56517084e-13,9.169974862e-14
28.3046875,3.644768794e-13,1.953809222e-13,1.0954011e-12,2.811839377e-13,5.946781115e-13,3.784616631e-13,6.826782903e-14,9.142206103e-14,1.849263749e-13,1.875634955e-13,5.056581703e-13,2.950321545e-13,3.123460463e-13,6.078670227e-13,6.106684833e-13,6.501704278e-13,6.608117849e-13,8.195358639e-13,3.555829277e-13,2.291189988e-13,1.020629281e-13,1.542118743e-13,1.564065765e-13,1.555044666e-13,1.452490229e-13,1.143111172e-13,3.754766805e-13,3.839977167e-13,9.218321468e-13,1.452189424e-13,6.422094521e-13,9.138684942e-14
28.3125,3.648839366e-13,1.935816277e-13,1.072239843e-12,2.796541512e-13,5.901257556e-13,3.712870953e-13,6.691975271e-14,9.292350747e-14,1.849328141e-13,1.8686978e-13,4.962668299e-13,2.908760362e-13,3.083169691e-13,5.992341933e-13,5.983576897e-13,6.466815374e-13,6.597652768e-13,8.078339544e-13,3.505230514e-13,2.303705674e-13,1.021179316e-13,1.521811972e-13,1.570199864e-13,1.564742859e-13,1.426872797e-13,1.130580997e-13,3.748810002e-13,3.808654731e-13,9.067650298e-13,1.443140596e-13,6.278708449e-13,9.108104563e-14
28.3203125,3.651683011e-13,1.917351672e-13,1.049215169e-12,2.781541268e-13,5.854374068e-13,3.640735248e-13,6.560081593e-14,9.449319157e-14,1.84854615e-13,1.860315217e-13,4.870371671e-13,2.866013494e-13,3.042922537e-13,5.906412264e-13,5.866602435e-13,6.438095375e-13,6.589946748e-13,7.963316145e-13,3.453842813e-13,2.317913545e-13,1.022261455e-13,1.500895323e-13,1.575561872e-13,1.573778515e-13,1.402262194e-13,1.118923959e-13,3.746016044e-13,3.775004949e-13,8.920895269e-13,1.434274562e-13,6.137050898e-13,9.079275973e-14
28.328125,3.656677369e-13,1.900088621e-13,1.026508093e-12,2.767769557e-13,5.809392499e-13,3.570736316e-13,6.433514134e-14,9.611402048e-14,1.847775711e-13,1.851045682e-13,4.779579625e-13,2.824009868e-13,3.00305283e-13,5.823299985e-13,5.754845831e-13,6.413032907e-13,6.584921656e-13,7.85109756e-13,3.402417623e-13,2.332378599e-13,1.024204326e-13,1.479849433e-13,1.580387365e-13,1.582343587e-13,1.378171239e-13,1.107422459e-13,3.74476164e-13,3.741338933e-13,8.776524747e-13,1.425202679e-13,5.996723627e-13,9.047321474e-14
28.3359375,3.663015497e-13,1.883795021e-13,1.004074369e-12,2.754367467e-13,5.765489996e-13,3.502669337e-13,6.319135987e-14,9.774447437e-14,1.847068966e-13,1.841519989e-13,4.687923702e-13,2.782824784e-13,2.962986846e-13,5.743043831e-13,5.648576995e-13,6.392789014e-13,6.583240413e-13,7.741561964e-13,3.349993164e-13,2.348818247e-13,1.026104449e-13,1.458431668e-13,1.584515271e-13,1.591395066e-13,1.35455793e-13,1.09655626e-13,3.744338607e-13,3.706509936e-13,8.634404913e-13,1.415507903e-13,5.856479682e-13,9.010568506e-14
28.34375,3.669136629e-13,1.867854112e-13,9.818130105e-13,2.741691726e-13,5.722223694e-13,3.435718494e-13,6.215212669e-14,9.938981205e-14,1.846233569e-13,1.831459838e-13,4.595755136e-13,2.741902675e-13,2.923128819e-13,5.665495027e-13,5.548926143e-13,6.378435841e-13,6.58597235e-13,7.635423202e-13,3.297209749e-13,2.366954726e-13,1.028045478e-13,1.436644222e-13,1.588259794e-13,1.600398193e-13,1.331814457e-13,1.08652177e-13,3.746320877e-13,3.670030917e-13,8.494786808e-13,1.405492569e-13,5.717281841e-13,8.970456402e-14
28.3515625,3.675375755e-13,1.852912181e-13,9.596216143e-13,2.730486109e-13,5.679368699e-13,3.369855662e-13,6.115145496e-14,1.010366927e-13,1.844849719e-13,1.820716904e-13,4.505049924e-13,2.700871751e-13,2.883399813e-13,5.58930666e-13,5.455464954e-13,6.369801953e-13,6.592896883e-13,7.532624075e-13,3.24480809e-13,2.385882439e-13,1.030668331e-13,1.414207549e-13,1.591425476e-13,1.607963723e-13,1.309820012e-13,1.077237888e-13,3.751287114e-13,3.634326135e-13,8.35703564e-13,1.395836426e-13,5.578287758e-13,8.927984341e-14
28.359375,3.682283378e-13,1.838226348e-13,9.374788208e-13,2.720315773e-13,5.636154628e-13,3.30498368e-13,6.017657702e-14,1.026518201e-13,1.842461835e-13,1.808911856e-13,4.416087194e-13,2.659081558e-13,2.842808407e-13,5.513311868e-13,5.366024337e-13,6.365192832e-13,6.601744137e-13,7.431988931e-13,3.191534502e-13,2.405890588e-13,1.033799735e-13,1.390888776e-13,1.593271927e-13,1.613413928e-13,1.288106832e-13,1.06829558e-13,3.757930457e-13,3.598777768e-13,8.221157565e-13,1.386197211e-13,5.438011379e-13,8.882149659e-14
28.3671875,3.689956705e-13,1.822918993e-13,9.156076479e-13,2.71196122e-13,5.594103583e-13,3.241845422e-13,5.92581872e-14,1.042671053e-13,1.839368574e-13,1.795414324e-13,4.328746965e-13,2.616660219e-13,2.801658744e-13,5.438655929e-13,5.280629047e-13,6.363400261e-13,6.61212664e-13,7.333257876e-13,3.136838303e-13,2.426960646e-13,1.037175752e-13,1.367298126e-13,1.59386935e-13,1.617778605e-13,1.26662311e-13,1.058948602e-13,3.765320476e-13,3.5610583e-13,8.087162366e-13,1.375809752e-13,5.298240988e-13,8.831802469e-14
28.375,3.697334831e-13,1.808457258e-13,8.941796443e-13,2.705689662e-13,5.552936041e-13,3.180256272e-13,5.840569524e-14,1.05899704e-13,1.835782986e-13,1.780699964e-13,4.243579155e-13,2.574438992e-13,2.760724383e-13,5.365015015e-13,5.201343976e-13,6.365486911e-13,6.625294912e-13,7.236118847e-13,3.081613405e-13,2.448959378e-13,1.040789553e-13,1.343581064e-13,1.593393226e-13,1.623083764e-13,1.245626947e-13,1.049656749e-13,3.773570021e-13,3.521880993e-13,7.955337107e-13,1.365128352e-13,5.160476027e-13,8.778078618e-14
28.3828125,3.703765947e-13,1.796397901e-13,8.731160329e-13,2.700485442e-13,5.50950672e-13,3.119295586e-13,5.761431608e-14,1.074880679e-13,1.83151501e-13,1.765874719e-13,4.160645903e-13,2.533045808e-13,2.720206933e-13,5.291517266e-13,5.128208613e-13,6.371590566e-13,6.640787632e-13,7.140641429e-13,3.026568291e-13,2.471491753e-13,1.044473272e-13,1.319481489e-13,1.591688257e-13,1.629560264e-13,1.225235579e-13,1.041349353e-13,3.783478341e-13,3.482711347e-13,7.82839777e-13,1.354547878e-13,5.024461718e-13,8.721342936e-14
28.390625,3.71073328e-13,1.786649742e-13,8.522420305e-13,2.696676035e-13,5.464790807e-13,3.060064704e-13,5.689464469e-14,1.090459915e-13,1.827058954e-13,1.751465464e-13,4.078891769e-13,2.492489213e-13,2.680477303e-13,5.219793479e-13,5.059528706e-13,6.381049374e-13,6.658585544e-13,7.048271112e-13,2.971900163e-13,2.494970809e-13,1.047983457e-13,1.29549863e-13,1.589383039e-13,1.635459767e-13,1.205358158e-13,1.033434768e-13,3.796197731e-13,3.443615557e-13,7.707855663e-13,1.343223996e-13,4.89050894e-13,8.661657863e-14
28.3984375,3.718744356e-13,1.777249174e-13,8.314484734e-13,2.693594632e-13,5.421715595e-13,3.003025885e-13,5.623765015e-14,1.106568946e-13,1.822770883e-13,1.737061205e-13,3.997776527e-13,2.451830178e-13,2.641103883e-13,5.149794711e-13,4.993924828e-13,6.393680434e-13,6.678939977e-13,6.958514167e-13,2.916982782e-13,2.519998738e-13,1.051262695e-13,1.271709435e-13,1.586885115e-13,1.639946081e-13,1.185824277e-13,1.024900967e-13,3.8113603e-13,3.404146075e-13,7.590578174e-13,1.331166559e-13,4.758495041e-13,8.601508206e-14
28.40625,3.727114767e-13,1.765639279e-13,8.109921826e-13,2.690655927e-13,5.380102061e-13,2.94769484e-13,5.561580477e-14,1.122902915e-13,1.818112551e-13,1.721602907e-13,3.919166622e-13,2.410994994e-13,2.601342567e-13,5.080559951e-13,4.931270202e-13,6.407286948e-13,6.699909535e-13,6.8696301e-13,2.861575404e-13,2.543922112e-13,1.054677751e-13,1.247798984e-13,1.583425332e-13,1.643703527e-13,1.166646224e-13,1.015709373e-13,3.826744679e-13,3.364152246e-13,7.474487963e-13,1.319545277e-13,4.628842829e-13,8.539796559e-14
28.4140625,3.736983012e-13,1.753598745e-13,7.912346745e-13,2.691278101e-13,5.340216495e-13,2.895798496e-13,5.502418855e-14,1.138746812e-13,1.813074308e-13,1.704897243e-13,3.844432697e-13,2.371531405e-13,2.562180982e-13,5.014260624e-13,4.874101367e-13,6.422424082e-13,6.721970398e-13,6.783291118e-13,2.80721079e-13,2.566289199e-13,1.058426819e-13,1.22440763e-13,1.578809383e-13,1.64728474e-13,1.148133516e-13,1.006565778e-13,3.842354994e-13,3.324533228e-13,7.362597856e-13,1.308235204e-13,4.503185285e-13,8.473397969e-14
28.421875,3.748384137e-13,1.745227107e-13,7.719012308e-13,2.695318205e-13,5.302090031e-13,2.846596554e-13,5.445762392e-14,1.154373873e-13,1.808035134e-13,1.687574332e-13,3.771505056e-13,2.333393321e-13,2.524519242e-13,4.950922787e-13,4.82419467e-13,6.444410944e-13,6.748289603e-13,6.701727105e-13,2.754560523e-13,2.592085593e-13,1.061946651e-13,1.201600439e-13,1.573805415e-13,1.650548775e-13,1.130582985e-13,9.984569679e-14,3.861464284e-13,3.285101132e-13,7.257467662e-13,1.296176158e-13,4.380464111e-13,8.406413016e-14
28.4296875,3.759033557e-13,1.738410178e-13,7.526267618e-13,2.696835596e-13,5.263668459e-13,2.796335428e-13,5.392531111e-14,1.170166327e-13,1.802805877e-13,1.669389873e-13,3.698828854e-13,2.295240653e-13,2.487704143e-13,4.887887756e-13,4.778488471e-13,6.472015512e-13,6.777357441e-13,6.623238352e-13,2.702288495e-13,2.620977922e-13,1.065068993e-13,1.17846912e-13,1.568623368e-13,1.653493803e-13,1.113917749e-13,9.91150355e-14,3.884596738e-13,3.243544868e-13,7.157055918e-13,1.283325931e-13,4.258946893e-13,8.341681179e-14
28.4375,3.769769121e-13,1.729530374e-13,7.338057488e-13,2.696759927e-13,5.226377931e-13,2.746974798e-13,5.348091735e-14,1.185945618e-13,1.797529187e-13,1.650339288e-13,3.628220374e-13,2.257899674e-13,2.451356299e-13,4.827118968e-13,4.73505639e-13,6.498994397e-13,6.805680512e-13,6.545825154e-13,2.650179097e-13,2.647868379e-13,1.068344366e-13,1.155451076e-13,1.56267089e-13,1.656668279e-13,1.097565955e-13,9.830136494e-14,3.908072641e-13,3.200604659e-13,7.059035098e-13,1.270196332e-13,4.140458325e-13,8.27318915e-14
28.4453125,3.784206811e-13,1.722518521e-13,7.157223619e-13,2.701201064e-13,5.193157012e-13,2.702608996e-13,5.312583645e-14,1.201373105e-13,1.792430732e-13,1.631447931e-13,3.561669654e-13,2.222356691e-13,2.41503747e-13,4.771445686e-13,4.697118945e-13,6.527002176e-13,6.834944903e-13,6.470825191e-13,2.599301786e-13,2.673999624e-13,1.071684333e-13,1.133423504e-13,1.555256296e-13,1.659958002e-13,1.080950768e-13,9.737483567e-14,3.931070482e-13,3.160348402e-13,6.964781119e-13,1.257017809e-13,4.0257244e-13,8.198904228e-14
28.453125,3.801979904e-13,1.720213921e-13,6.979117178e-13,2.708732289e-13,5.161706916e-13,2.66029278e-13,5.279366374e-14,1.216384046e-13,1.786856345e-13,1.612573641e-13,3.498873434e-13,2.187307401e-13,2.377707472e-13,4.71785555e-13,4.665570431e-13,6.559871803e-13,6.867481394e-13,6.399582386e-13,2.549455317e-13,2.701729749e-13,1.07475763e-13,1.111657599e-13,1.546543068e-13,1.66234213e-13,1.064362409e-13,9.647794723e-14,3.956973993e-13,3.122545085e-13,6.875765483e-13,1.243896333e-13,3.912155391e-13,8.123480986e-14
28.4609375,3.818295877e-13,1.717951929e-13,6.801699562e-13,2.71573519e-13,5.129179096e-13,2.616611853e-13,5.248297618e-14,1.231536983e-13,1.780637813e-13,1.593036605e-13,3.437596058e-13,2.152102758e-13,2.339947585e-13,4.663222433e-13,4.637083993e-13,6.595135733e-13,6.901001594e-13,6.330199963e-13,2.499549626e-13,2.728919622e-13,1.07778136e-13,1.089438852e-13,1.537627729e-13,1.663737638e-13,1.048521746e-13,9.566299704e-14,3.9868695e-13,3.083106868e-13,6.790905886e-13,1.230625426e-13,3.799244942e-13,8.047266024e-14
28.46875,3.831562213e-13,1.714614724e-13,6.629378092e-13,2.724390883e-13,5.096790973e-13,2.574413101e-13,5.223625379e-14,1.247087941e-13,1.77450899e-13,1.573598032e-13,3.376867794e-13,2.117902838e-13,2.303686205e-13,4.609501258e-13,4.610933201e-13,6.631163728e-13,6.93362867e-13,6.260978283e-13,2.449586497e-13,2.755573159e-13,1.080678952e-13,1.067392473e-13,1.528726302e-13,1.664989129e-13,1.033294909e-13,9.485610142e-14,4.018806112e-13,3.042223131e-13,6.71080446e-13,1.216924293e-13,3.689163348e-13,7.968091363e-14
28.4765625,3.846397138e-13,1.714251805e-13,6.464320534e-13,2.735743385e-13,5.065986161e-13,2.535917618e-13,5.203292169e-14,1.262320901e-13,1.768534168e-13,1.554563261e-13,3.319684477e-13,2.085182062e-13,2.269477419e-13,4.559129437e-13,4.58870786e-13,6.66943192e-13,6.967687538e-13,6.19387975e-13,2.40081042e-13,2.783093373e-13,1.083432008e-13,1.046152474e-13,1.518937981e-13,1.666313089e-13,1.018174702e-13,9.402384286e-14,4.052380859e-13,3.003488048e-13,6.637567329e-13,1.203063953e-13,3.582951599e-13,7.886941702e-14
28.484375,3.864910968e-13,1.71598917e-13,6.303410479e-13,2.747031336e-13,5.037017483e-13,2.498650654e-13,5.18362082e-14,1.277151025e-13,1.762460196e-13,1.53467457e-13,3.267624744e-13,2.053247271e-13,2.23604641e-13,4.511173209e-13,4.569920784e-13,6.709816897e-13,7.004219572e-13,6.129959727e-13,2.353502313e-13,2.811151867e-13,1.086727869e-13,1.025497926e-13,1.508172312e-13,1.667499159e-13,1.003349821e-13,9.320747253e-14,4.088793826e-13,2.966383658e-13,6.569470323e-13,1.189359413e-13,3.479574414e-13,7.805233503e-14
28.4921875,3.882561855e-13,1.717077811e-13,6.143803912e-13,2.75735982e-13,5.009614794e-13,2.460575958e-13,5.164957649e-14,1.292303669e-13,1.756544387e-13,1.513223771e-13,3.216880217e-13,2.021570482e-13,2.201925237e-13,4.464066045e-13,4.553072427e-13,6.751234363e-13,7.039501976e-13,6.066155846e-13,2.306044769e-13,2.84040874e-13,1.090537668e-13,1.004880681e-13,1.496885619e-13,1.668247191e-13,9.889637668e-14,9.242886443e-14,4.127999574e-13,2.927393193e-13,6.503976753e-13,1.175583168e-13,3.377384653e-13,7.722595818e-14
28.5,3.897765458e-13,1.719070228e-13,5.986547267e-13,2.768329437e-13,4.982708865e-13,2.423125731e-13,5.148010457e-14,1.307580846e-13,1.750571692e-13,1.490993358e-13,3.165544702e-13,1.99027567e-13,2.16742443e-13,4.418384436e-13,4.537811974e-13,6.792428604e-13,7.071733246e-13,6.001264949e-13,2.258004499e-13,2.870310778e-13,1.093899649e-13,9.842571572e-14,1.484997756e-13,1.668153855e-13,9.746206874e-14,9.16509803e-14,4.168645104e-13,2.887000729e-13,6.442426309e-13,1.161482952e-13,3.276601083e-13,7.6374123e-14
28.5078125,3.913916422e-13,1.722494711e-13,5.833766129e-13,2.781708594e-13,4.956055886e-13,2.388034907e-13,5.132311495e-14,1.322550177e-13,1.743964587e-13,1.469369075e-13,3.116415563e-13,1.959563688e-13,2.13421562e-13,4.374481084e-13,4.524787525e-13,6.832879104e-13,7.104479335e-13,5.93792009e-13,2.210942798e-13,2.898716915e-13,1.09654242e-13,9.640340223e-14,1.472808842e-13,1.667519285e-13,9.603023481e-14,9.084278334e-14,4.21018825e-13,2.848448066e-13,6.385540175e-13,1.147162897e-13,3.178881296e-13,7.549699965e-14
28.515625,3.931052454e-13,1.72526345e-13,5.685157381e-13,2.797313003e-13,4.929805759e-13,2.354466353e-13,5.118480272e-14,1.337544568e-13,1.736927883e-13,1.448775473e-13,3.070141432e-13,1.929213869e-13,2.10246002e-13,4.33107244e-13,4.514395428e-13,6.874105211e-13,7.139669359e-13,5.876880059e-13,2.164901296e-13,2.925814153e-13,1.098895091e-13,9.442041582e-14,1.46090735e-13,1.666930994e-13,9.463621103e-14,8.999788841e-14,4.253449018e-13,2.811296412e-13,6.331663633e-13,1.132708142e-13,3.08389743e-13,7.46240756e-14
28.5234375,3.94816911e-13,1.727782882e-13,5.539771818e-13,2.812663057e-13,4.903496719e-13,2.321585459e-13,5.108801516e-14,1.352486683e-13,1.729923814e-13,1.427968214e-13,3.025399623e-13,1.899298073e-13,2.071046582e-13,4.288505128e-13,4.50610178e-13,6.916491725e-13,7.175711343e-13,5.817357141e-13,2.119036286e-13,2.951785347e-13,1.101164971e-13,9.24664091e-14,1.448935486e-13,1.66621574e-13,9.32817965e-14,8.910757868e-14,4.298713397e-13,2.773293272e-13,6.281350425e-13,1.117990374e-13,2.990442343e-13,7.37619413e-14
28.53125,3.967794482e-13,1.732015182e-13,5.398104517e-13,2.827844171e-13,4.87873673e-13,2.290785899e-13,5.103612502e-14,1.366990736e-13,1.723071728e-13,1.406172029e-13,2.983375986e-13,1.870430137e-13,2.039928496e-13,4.248933888e-13,4.500264322e-13,6.95954366e-13,7.212624773e-13,5.760633189e-13,2.074497074e-13,2.976625413e-13,1.10338082e-13,9.058568143e-14,1.436140349e-13,1.664894115e-13,9.195622161e-14,8.820329216e-14,4.345560913e-13,2.735947035e-13,6.23611894e-13,1.103094022e-13,2.899473393e-13,7.287934827e-14
28.5390625,3.990460658e-13,1.738207297e-13,5.260392768e-13,2.845607129e-13,4.857614188e-13,2.262568309e-13,5.09925414e-14,1.381255535e-13,1.716543974e-13,1.38444384e-13,2.944992828e-13,1.84261126e-13,2.009342821e-13,4.212950024e-13,4.49815199e-13,7.004755959e-13,7.251032988e-13,5.707191867e-13,2.032057042e-13,3.002416479e-13,1.105577446e-13,8.878699263e-14,1.422302344e-13,1.66276827e-13,9.065557761e-14,8.73175118e-14,4.394416048e-13,2.701485929e-13,6.1947637e-13,1.088488312e-13,2.812010733e-13,7.194998121e-14
28.546875,4.012987528e-13,1.746143427e-13,5.126163908e-13,2.865208878e-13,4.837389595e-13,2.235351806e-13,5.094040637e-14,1.395357516e-13,1.710033662e-13,1.363669134e-13,2.909009937e-13,1.81512482e-13,1.979021659e-13,4.178907331e-13,4.499021569e-13,7.052125484e-13,7.289604435e-13,5.654562749e-13,1.99031259e-13,3.029274501e-13,1.107638399e-13,8.701718314e-14,1.407760151e-13,1.660185171e-13,8.936209019e-14,8.641273903e-14,4.445151504e-13,2.668032533e-13,6.156186344e-13,1.074249031e-13,2.72686071e-13,7.097351682e-14
28.5546875,4.033081351e-13,1.756485821e-13,4.995596978e-13,2.885368145e-13,4.814147683e-13,2.208524796e-13,5.090858628e-14,1.409037426e-13,1.702666705e-13,1.343572497e-13,2.875294878e-13,1.787771839e-13,1.949199948e-13,4.144353736e-13,4.501345552e-13,7.099406085e-13,7.327001574e-13,5.601117033e-13,1.948399321e-13,3.056129427e-13,1.109289718e-13,8.526761667e-14,1.393212527e-13,1.65771758e-13,8.806363944e-14,8.549593082e-14,4.496245855e-13,2.633652563e-13,6.122370133e-13,1.059797929e-13,2.642579288e-13,6.999922155e-14
28.5625,4.052362657e-13,1.768991065e-13,4.869439208e-13,2.908664527e-13,4.790288304e-13,2.183017568e-13,5.090976848e-14,1.422056844e-13,1.694730143e-13,1.323616834e-13,2.844666058e-13,1.761527783e-13,1.92024693e-13,4.109920736e-13,4.505473438e-13,7.146029038e-13,7.363006344e-13,5.549012934e-13,1.907208186e-13,3.083640305e-13,1.110572671e-13,8.357360764e-14,1.378822271e-13,1.654809705e-13,8.677476829e-14,8.462970318e-14,4.547587217e-13,2.600630784e-13,6.09479541e-13,1.045166165e-13,2.560010943e-13,6.907724137e-14
28.5703125,4.075575949e-13,1.781566659e-13,4.748308553e-13,2.934728511e-13,4.770682857e-13,2.159539157e-13,5.093225582e-14,1.434083081e-13,1.687501186e-13,1.303278733e-13,2.816356928e-13,1.737676385e-13,1.892347662e-13,4.080605252e-13,4.511955846e-13,7.191963888e-13,7.398919911e-13,5.501655163e-13,1.868000724e-13,3.10938142e-13,1.112021853e-13,8.195345981e-14,1.364078005e-13,1.650676477e-13,8.552442775e-14,8.378191588e-14,4.600430744e-13,2.570883405e-13,6.070738793e-13,1.031246959e-13,2.481751844e-13,6.815427248e-14
28.578125,4.102525808e-13,1.793395067e-13,4.631548991e-13,2.959676333e-13,4.754155075e-13,2.137715975e-13,5.097995257e-14,1.445468572e-13,1.680891905e-13,1.282626767e-13,2.789163223e-13,1.715841448e-13,1.86566553e-13,4.05727574e-13,4.520847942e-13,7.236956371e-13,7.435708376e-13,5.458584443e-13,1.830818811e-13,3.130680547e-13,1.113622922e-13,8.040719185e-14,1.34908507e-13,1.646355339e-13,8.432656895e-14,8.290141289e-14,4.654402094e-13,2.542027531e-13,6.047012272e-13,1.018044939e-13,2.408302208e-13,6.716409369e-14
28.5859375,4.126554662e-13,1.806134167e-13,4.51697523e-13,2.984509185e-13,4.736437946e-13,2.116543351e-13,5.106300781e-14,1.457134491e-13,1.673780583e-13,1.262437111e-13,2.763126459e-13,1.694158065e-13,1.839635913e-13,4.034081703e-13,4.532369743e-13,7.281742282e-13,7.470543908e-13,5.415731913e-13,1.794081419e-13,3.151067219e-13,1.114568364e-13,7.890989061e-14,1.334157404e-13,1.642691068e-13,8.315140618e-14,8.200506253e-14,4.707798215e-13,2.511729099e-13,6.024650836e-13,1.004487972e-13,2.33704283e-13,6.615639927e-14
28.59375,4.147096521e-13,1.820065465e-13,4.403443062e-13,3.011450328e-13,4.71790155e-13,2.095679429e-13,5.117396015e-14,1.46876119e-13,1.6660616e-13,1.242827588e-13,2.738580946e-13,1.672057252e-13,1.813901761e-13,4.009252913e-13,4.545335615e-13,7.326038057e-13,7.501224464e-13,5.371389571e-13,1.756976528e-13,3.173296071e-13,1.114829273e-13,7.743704384e-14,1.318847025e-13,1.638428069e-13,8.196703277e-14,8.108954935e-14,4.760491744e-13,2.480793453e-13,6.006270425e-13,9.903691724e-14,2.266996356e-13,6.518590357e-14
28.6015625,4.169311591e-13,1.834336369e-13,4.292190663e-13,3.037720856e-13,4.700821127e-13,2.074898778e-13,5.128363829e-14,1.479361135e-13,1.658226725e-13,1.223402927e-13,2.715541366e-13,1.650499713e-13,1.789055302e-13,3.986097918e-13,4.558156101e-13,7.369596431e-13,7.530310084e-13,5.327286703e-13,1.720600922e-13,3.195686902e-13,1.115162393e-13,7.60098702e-14,1.303348447e-13,1.633034087e-13,8.079488314e-14,8.018978342e-14,4.81518754e-13,2.450089806e-13,5.992938019e-13,9.764513072e-14,2.200101315e-13,6.424149022e-14
28.609375,4.192259135e-13,1.850344482e-13,4.185148215e-13,3.062982077e-13,4.684256971e-13,2.053834584e-13,5.137489522e-14,1.489206674e-13,1.650435422e-13,1.204317968e-13,2.694438572e-13,1.630038256e-13,1.764884261e-13,3.964645164e-13,4.571415935e-13,7.413745671e-13,7.559095972e-13,5.284606537e-13,1.685554131e-13,3.217683438e-13,1.115542793e-13,7.465700059e-14,1.288526776e-13,1.627664667e-13,7.965252026e-14,7.938278344e-14,4.873695259e-13,2.420120571e-13,5.984501146e-13,9.62967719e-14,2.137186418e-13,6.332256235e-14
28.6171875,4.213477746e-13,1.868606344e-13,4.083601684e-13,3.091701879e-13,4.667490435e-13,2.034091288e-13,5.148016776e-14,1.498914494e-13,1.642927368e-13,1.185423684e-13,2.675906318e-13,1.610968123e-13,1.740793056e-13,3.944212086e-13,4.586212596e-13,7.457477572e-13,7.586192332e-13,5.243716947e-13,1.651638e-13,3.238565278e-13,1.115543373e-13,7.33757817e-14,1.273825952e-13,1.62213286e-13,7.851676589e-14,7.86163185e-14,4.932736801e-13,2.39268836e-13,5.978535127e-13,9.498966217e-14,2.077903358e-13,6.240972629e-14
28.625,4.234951288e-13,1.886709417e-13,3.987277625e-13,3.123842547e-13,4.652212238e-13,2.017060824e-13,5.161948443e-14,1.508147179e-13,1.635753772e-13,1.166119749e-13,2.659832339e-13,1.593435935e-13,1.717290189e-13,3.926507713e-13,4.602354198e-13,7.498210126e-13,7.611909018e-13,5.20524558e-13,1.619267308e-13,3.256741422e-13,1.115186257e-13,7.215686167e-14,1.258356027e-13,1.615027856e-13,7.740107996e-14,7.781636034e-14,4.989204898e-13,2.367802401e-13,5.972879943e-13,9.376174791e-14,2.022567211e-13,6.1462937e-14
28.6328125,4.257013331e-13,1.904194081e-13,3.894692559e-13,3.155222848e-13,4.639176761e-13,2.000810243e-13,5.175435191e-14,1.516598459e-13,1.628557926e-13,1.14678659e-13,2.645470683e-13,1.576778914e-13,1.694690646e-13,3.911194506e-13,4.619448512e-13,7.53643643e-13,7.636010907e-13,5.169058527e-13,1.588554395e-13,3.273571865e-13,1.114345129e-13,7.099630281e-14,1.242891477e-13,1.60670943e-13,7.634903444e-14,7.703353528e-14,5.04579553e-13,2.342890727e-13,5.970322748e-13,9.259848116e-14,1.97095181e-13,6.050924449e-14
28.640625,4.278689865e-13,1.923028575e-13,3.805879923e-13,3.185600384e-13,4.627401798e-13,1.984351989e-13,5.187911179e-14,1.524622628e-13,1.621280029e-13,1.128208997e-13,2.632484518e-13,1.560801588e-13,1.673119956e-13,3.897167723e-13,4.637713834e-13,7.574355462e-13,7.657807324e-13,5.134597059e-13,1.559041669e-13,3.290477343e-13,1.113032329e-13,6.989391151e-14,1.228051623e-13,1.598775145e-13,7.534597014e-14,7.628101786e-14,5.104443794e-13,2.317682245e-13,5.973371422e-13,9.14368626e-14,1.922841391e-13,5.957595873e-14
28.6484375,4.300541018e-13,1.943253081e-13,3.722218215e-13,3.217223259e-13,4.615684574e-13,1.969312721e-13,5.203713139e-14,1.532418101e-13,1.61398368e-13,1.110277719e-13,2.621389126e-13,1.54611848e-13,1.653200224e-13,3.885199244e-13,4.657860366e-13,7.613468257e-13,7.679765648e-13,5.101572191e-13,1.530613719e-13,3.306799965e-13,1.112007234e-13,6.885415643e-14,1.213149009e-13,1.59142477e-13,7.435424873e-14,7.551167585e-14,5.162735605e-13,2.29403351e-13,5.978745123e-13,9.028974276e-14,1.879056924e-13,5.863940547e-14
28.65625,4.32199778e-13,1.963287793e-13,3.64292852e-13,3.250119446e-13,4.60376514e-13,1.955395111e-13,5.222395717e-14,1.539632682e-13,1.606473981e-13,1.092798619e-13,2.612356067e-13,1.532431744e-13,1.634320555e-13,3.874897061e-13,4.679958383e-13,7.653844543e-13,7.702837051e-13,5.06930404e-13,1.503161119e-13,3.322748181e-13,1.111584469e-13,6.787077381e-14,1.198021472e-13,1.583855186e-13,7.338309479e-14,7.473792069e-14,5.220498778e-13,2.271721913e-13,5.983656158e-13,8.918325017e-14,1.838891713e-13,5.772531378e-14
28.6640625,4.34255021e-13,1.982778008e-13,3.565838627e-13,3.283467979e-13,4.592093311e-13,1.941417913e-13,5.241108056e-14,1.54586327e-13,1.598586513e-13,1.076013671e-13,2.604279607e-13,1.518930905e-13,1.615505713e-13,3.864794426e-13,4.702967576e-13,7.693610097e-13,7.724103863e-13,5.036983447e-13,1.476503584e-13,3.338538158e-13,1.11104898e-13,6.691836029e-14,1.183124819e-13,1.576125467e-13,7.244893242e-14,7.399020638e-14,5.279569634e-13,2.249431219e-13,5.990028024e-13,8.807113789e-14,1.800334609e-13,5.687141503e-14
28.671875,4.362248149e-13,2.002939413e-13,3.491185202e-13,3.317163466e-13,4.579425645e-13,1.927757781e-13,5.260603343e-14,1.550934586e-13,1.590042996e-13,1.059871985e-13,2.596211447e-13,1.505707765e-13,1.597496855e-13,3.854796288e-13,4.726657896e-13,7.731679489e-13,7.742742547e-13,5.00513837e-13,1.450501725e-13,3.353262457e-13,1.10980924e-13,6.597279386e-14,1.168336501e-13,1.568630898e-13,7.154354532e-14,7.331170404e-14,5.339265962e-13,2.227197101e-13,5.999780295e-13,8.697437069e-14,1.763881231e-13,5.603228338e-14
28.6796875,4.381285908e-13,2.024994218e-13,3.420394175e-13,3.351461865e-13,4.565114739e-13,1.914134901e-13,5.280563742e-14,1.554730902e-13,1.580886367e-13,1.044205814e-13,2.588391023e-13,1.493233055e-13,1.580606483e-13,3.846099691e-13,4.751363591e-13,7.768113734e-13,7.759879347e-13,4.976158209e-13,1.425093733e-13,3.366290045e-13,1.107792117e-13,6.505285756e-14,1.153530225e-13,1.560849464e-13,7.065839376e-14,7.272424365e-14,5.398611066e-13,2.205915768e-13,6.011966024e-13,8.59959733e-14,1.731367446e-13,5.516977434e-14
28.6875,4.402398812e-13,2.048378581e-13,3.352724827e-13,3.386671969e-13,4.552327669e-13,1.900445634e-13,5.299609917e-14,1.557624771e-13,1.572118044e-13,1.029111242e-13,2.581134601e-13,1.481729949e-13,1.563830019e-13,3.839969648e-13,4.776235359e-13,7.80211021e-13,7.774965894e-13,4.951219932e-13,1.400942164e-13,3.377695194e-13,1.105238945e-13,6.4204712e-14,1.138931488e-13,1.552311174e-13,6.978812147e-14,7.213628784e-14,5.457004346e-13,2.186165271e-13,6.024688533e-13,8.511178659e-14,1.702245847e-13,5.430971798e-14
28.6953125,4.425631552e-13,2.071219243e-13,3.28720107e-13,3.421797233e-13,4.541631904e-13,1.887717717e-13,5.319834119e-14,1.560789474e-13,1.564276507e-13,1.014554213e-13,2.574315373e-13,1.471207468e-13,1.54703954e-13,3.835249495e-13,4.801437518e-13,7.835553445e-13,7.78837921e-13,4.92740516e-13,1.378191732e-13,3.389020453e-13,1.102885932e-13,6.341591804e-14,1.124572908e-13,1.543768353e-13,6.894003045e-14,7.151756461e-14,5.513455044e-13,2.166832331e-13,6.037967664e-13,8.420533366e-14,1.675228861e-13,5.346581187e-14
28.703125,4.447084516e-13,2.09295218e-13,3.225135163e-13,3.455696783e-13,4.529712033e-13,1.875626222e-13,5.342281226e-14,1.564657282e-13,1.556645578e-13,1.000323943e-13,2.567543036e-13,1.461580843e-13,1.530867051e-13,3.830447002e-13,4.828713043e-13,7.871987231e-13,7.802306967e-13,4.902641769e-13,1.355806526e-13,3.400942236e-13,1.101170337e-13,6.26494366e-14,1.110488796e-13,1.53582291e-13,6.814054284e-14,7.097210505e-14,5.5694587e-13,2.146524513e-13,6.053192389e-13,8.328225615e-14,1.651351519e-13,5.263262284e-14
28.7109375,4.468856933e-13,2.115002022e-13,3.167193282e-13,3.489895982e-13,4.518235816e-13,1.863860793e-13,5.364615418e-14,1.567916688e-13,1.548861126e-13,9.862145451e-14,2.560421597e-13,1.453045654e-13,1.515812351e-13,3.828207171e-13,4.857636592e-13,7.908995401e-13,7.816432991e-13,4.879812639e-13,1.334188946e-13,3.410472647e-13,1.099396647e-13,6.194232444e-14,1.096633906e-13,1.527567149e-13,6.738651942e-14,7.048875735e-14,5.626371331e-13,2.12687437e-13,6.069338269e-13,8.242395525e-14,1.632110492e-13,5.181950747e-14
28.71875,4.493761506e-13,2.138306392e-13,3.111639605e-13,3.525310072e-13,4.509515916e-13,1.852890674e-13,5.386427331e-14,1.569548319e-13,1.541047684e-13,9.722600107e-14,2.553541715e-13,1.445530461e-13,1.501812491e-13,3.829280424e-13,4.886373628e-13,7.942181233e-13,7.827414703e-13,4.860059824e-13,1.314237943e-13,3.416225475e-13,1.096907505e-13,6.130320455e-14,1.082641681e-13,1.518343097e-13,6.663898917e-14,7.000012524e-14,5.681537659e-13,2.109657805e-13,6.084675708e-13,8.164776647e-14,1.616482518e-13,5.10305592e-14
28.7265625,4.516251984e-13,2.161968159e-13,3.057547783e-13,3.559920934e-13,4.498750206e-13,1.841339935e-13,5.408631329e-14,1.570252092e-13,1.53274417e-13,9.590630254e-14,2.547691311e-13,1.438288303e-13,1.487744189e-13,3.828747435e-13,4.915201304e-13,7.97330007e-13,7.834342144e-13,4.839964566e-13,1.294593108e-13,3.4210652e-13,1.09408256e-13,6.065187283e-14,1.068718309e-13,1.509136094e-13,6.589351094e-14,6.956919975e-14,5.733622398e-13,2.093001168e-13,6.101015749e-13,8.092613081e-14,1.602482875e-13,5.025780035e-14
28.734375,4.534770473e-13,2.185786565e-13,3.005782236e-13,3.594487971e-13,4.484640763e-13,1.82898555e-13,5.43093485e-14,1.570785919e-13,1.523863505e-13,9.469953834e-14,2.5422842e-13,1.431375107e-13,1.473612428e-13,3.82627203e-13,4.94485826e-13,8.005146311e-13,7.840478486e-13,4.819003624e-13,1.274878448e-13,3.426451637e-13,1.091267987e-13,6.000621373e-14,1.05563074e-13,1.50030621e-13,6.517919023e-14,6.92017042e-14,5.784991609e-13,2.075658024e-13,6.119848689e-13,8.021758656e-14,1.590586775e-13,4.94998565e-14
28.7421875,4.555235769e-13,2.21109545e-13,2.956830068e-13,3.631818781e-13,4.473451419e-13,1.818334971e-13,5.454901866e-14,1.570850995e-13,1.515404735e-13,9.355840903e-14,2.536832353e-13,1.425740788e-13,1.460785436e-13,3.826852688e-13,4.974467996e-13,8.036302383e-13,7.846791735e-13,4.799912069e-13,1.256807972e-13,3.431893577e-13,1.088128497e-13,5.946984026e-14,1.043329659e-13,1.49074065e-13,6.449321791e-14,6.881982014e-14,5.83608581e-13,2.059367358e-13,6.138569113e-13,7.950176963e-14,1.582968156e-13,4.876307482e-14
28.75,4.577804639e-13,2.237396301e-13,2.910393461e-13,3.669100203e-13,4.465661396e-13,1.808721694e-13,5.481503668e-14,1.570083855e-13,1.507900758e-13,9.246754891e-14,2.531656648e-13,1.421129844e-13,1.44827777e-13,3.829720154e-13,5.003284662e-13,8.065499764e-13,7.850089916e-13,4.782542191e-13,1.239773801e-13,3.437134916e-13,1.084492938e-13,5.900892541e-14,1.031166129e-13,1.480786722e-13,6.381482589e-14,6.846378165e-14,5.885061935e-13,2.0442854e-13,6.155151297e-13,7.882524536e-14,1.580015321e-13,4.804682518e-14
28.7578125,4.599731793e-13,2.2628127e-13,2.865627738e-13,3.70220196e-13,4.455542326e-13,1.797348967e-13,5.506165763e-14,1.56853127e-13,1.500468785e-13,9.145941307e-14,2.526416863e-13,1.416281243e-13,1.434753016e-13,3.830803215e-13,5.031390513e-13,8.093441262e-13,7.850100856e-13,4.765301782e-13,1.222236946e-13,3.440498157e-13,1.080542692e-13,5.853187839e-14,1.019033268e-13,1.472033719e-13,6.314949905e-14,6.816841294e-14,5.931555573e-13,2.029059897e-13,6.171156714e-13,7.821756025e-14,1.580218309e-13,4.733679661e-14
28.765625,4.622765283e-13,2.287309513e-13,2.821605219e-13,3.733667465e-13,4.442303182e-13,1.78548948e-13,5.526447616e-14,1.566100396e-13,1.492107983e-13,9.050443493e-14,2.521101871e-13,1.410950171e-13,1.422238304e-13,3.830791562e-13,5.058521853e-13,8.119259521e-13,7.849071961e-13,4.748417706e-13,1.205285273e-13,3.440920936e-13,1.07632305e-13,5.806877716e-14,1.007031684e-13,1.463787102e-13,6.250458341e-14,6.786216215e-14,5.97585366e-13,2.014453012e-13,6.187887284e-13,7.764141025e-14,1.582715919e-13,4.66256133e-14
28.7734375,4.646987637e-13,2.31091227e-13,2.77916511e-13,3.767248935e-13,4.429293532e-13,1.775357343e-13,5.548225344e-14,1.562542057e-13,1.483172367e-13,8.958012149e-14,2.516432249e-13,1.406043156e-13,1.411469999e-13,3.831726638e-13,5.084398153e-13,8.140269717e-13,7.845079589e-13,4.732260574e-13,1.189740049e-13,3.439718133e-13,1.072060676e-13,5.766582676e-14,9.951039909e-14,1.454114457e-13,6.186671652e-14,6.754233578e-14,6.017116497e-13,2.001358062e-13,6.203638128e-13,7.708784435e-14,1.587999783e-13,4.592352523e-14
28.78125,4.670233843e-13,2.332981763e-13,2.740237663e-13,3.802135725e-13,4.417847483e-13,1.765906911e-13,5.574572511e-14,1.557967614e-13,1.474619605e-13,8.872653591e-14,2.511556025e-13,1.402363362e-13,1.399821977e-13,3.83351412e-13,5.109587848e-13,8.15627494e-13,7.835477496e-13,4.716810537e-13,1.17476689e-13,3.437289662e-13,1.068243784e-13,5.729766233e-14,9.835144904e-14,1.443276781e-13,6.122746057e-14,6.726516979e-14,6.054313427e-13,1.988654512e-13,6.216609676e-13,7.657626098e-14,1.596891354e-13,4.523864408e-14
28.7890625,4.693337762e-13,2.35512732e-13,2.704615e-13,3.83634126e-13,4.407120621e-13,1.756147701e-13,5.599851522e-14,1.552797104e-13,1.466349391e-13,8.79328918e-14,2.504881524e-13,1.399647639e-13,1.387017009e-13,3.836100182e-13,5.134980671e-13,8.170664826e-13,7.822462592e-13,4.702670537e-13,1.160387803e-13,3.433434072e-13,1.064746504e-13,5.695253761e-14,9.725457296e-14,1.432546904e-13,6.059854235e-14,6.703136802e-14,6.087478923e-13,1.975831706e-13,6.227432651e-13,7.61016403e-14,1.609409479e-13,4.457298156e-14
28.796875,4.717419942e-13,2.379168809e-13,2.669979077e-13,3.86926183e-13,4.395913457e-13,1.746600254e-13,5.621524185e-14,1.547091654e-13,1.457791175e-13,8.716070885e-14,2.496656522e-13,1.396946852e-13,1.374973863e-13,3.839796437e-13,5.161380248e-13,8.185765235e-13,7.809262903e-13,4.690328628e-13,1.147040952e-13,3.429046761e-13,1.060902223e-13,5.664270354e-14,9.619319485e-14,1.421940091e-13,5.999925643e-14,6.684102279e-14,6.117765378e-13,1.963967338e-13,6.236381616e-13,7.568099805e-14,1.624508708e-13,4.39207676e-14
28.8046875,4.741015031e-13,2.403951407e-13,2.63518765e-13,3.901563862e-13,4.383871133e-13,1.737201085e-13,5.644208685e-14,1.540506069e-13,1.44912711e-13,8.642275321e-14,2.488364236e-13,1.394152002e-13,1.36346393e-13,3.84435807e-13,5.189356363e-13,8.201322977e-13,7.796469404e-13,4.679493172e-13,1.134469139e-13,3.424562346e-13,1.05664561e-13,5.635805099e-14,9.512931564e-14,1.411165446e-13,5.94390589e-14,6.671459283e-14,6.146418039e-13,1.95331778e-13,6.242972456e-13,7.532785753e-14,1.641386411e-13,4.325820623e-14
28.8125,4.763289456e-13,2.427600256e-13,2.601659471e-13,3.934181651e-13,4.37147364e-13,1.72799111e-13,5.669907083e-14,1.533127601e-13,1.440581577e-13,8.572228889e-14,2.480864249e-13,1.391856294e-13,1.351923585e-13,3.849150456e-13,5.217989924e-13,8.217249832e-13,7.783287227e-13,4.669701275e-13,1.122505354e-13,3.420493977e-13,1.052460418e-13,5.608555548e-14,9.406124981e-14,1.400404673e-13,5.890969224e-14,6.66515376e-14,6.173579596e-13,1.942863541e-13,6.249205902e-13,7.500142353e-14,1.659958779e-13,4.258109912e-14
28.8203125,4.786624945e-13,2.449840312e-13,2.571089763e-13,3.966644974e-13,4.359235144e-13,1.720045067e-13,5.696405935e-14,1.525507729e-13,1.432196309e-13,8.507565593e-14,2.473242813e-13,1.390168446e-13,1.341167418e-13,3.854329452e-13,5.245676814e-13,8.233082178e-13,7.769108547e-13,4.661199211e-13,1.111129289e-13,3.41723659e-13,1.048448166e-13,5.583903586e-14,9.301320057e-14,1.389764854e-13,5.839677128e-14,6.664209449e-14,6.198151183e-13,1.932325756e-13,6.256241186e-13,7.469129835e-14,1.680248422e-13,4.19347411e-14
28.828125,4.813094551e-13,2.471947356e-13,2.54322475e-13,3.998891784e-13,4.347806491e-13,1.713712721e-13,5.722990286e-14,1.517600302e-13,1.424347256e-13,8.454125598e-14,2.463824278e-13,1.389291603e-13,1.331106312e-13,3.861485835e-13,5.273392306e-13,8.247741548e-13,7.754036247e-13,4.654517815e-13,1.100426531e-13,3.413166019e-13,1.044474693e-13,5.5649874e-14,9.201810919e-14,1.379444159e-13,5.789645357e-14,6.66674337e-14,6.219331599e-13,1.922477816e-13,6.261888806e-13,7.442902504e-14,1.703243683e-13,4.134898637e-14
28.8359375,4.840478081e-13,2.495079674e-13,2.517017029e-13,4.031640992e-13,4.337380922e-13,1.708038064e-13,5.750201337e-14,1.508749253e-13,1.4167452e-13,8.409047015e-14,2.45287455e-13,1.389363447e-13,1.321046035e-13,3.870943163e-13,5.303299059e-13,8.261416136e-13,7.737629339e-13,4.649218387e-13,1.090617824e-13,3.407133446e-13,1.040681067e-13,5.551994792e-14,9.109246355e-14,1.36953611e-13,5.742235363e-14,6.669446425e-14,6.237678878e-13,1.913532124e-13,6.266146366e-13,7.420788637e-14,1.730026358e-13,4.078156308e-14
28.84375,4.866706244e-13,2.518032477e-13,2.492023555e-13,4.062885635e-13,4.327080198e-13,1.702250733e-13,5.778126885e-14,1.498900058e-13,1.408497988e-13,8.363308438e-14,2.44167554e-13,1.389285418e-13,1.311141307e-13,3.880615475e-13,5.334658006e-13,8.274316681e-13,7.719420616e-13,4.644821371e-13,1.081479928e-13,3.3997647e-13,1.037177349e-13,5.540355432e-14,9.021307773e-14,1.359476484e-13,5.699767025e-14,6.670496129e-14,6.253210246e-13,1.904895053e-13,6.269788405e-13,7.402962194e-14,1.759174881e-13,4.018263153e-14
28.8515625,4.893408897e-13,2.53955896e-13,2.467848683e-13,4.09119998e-13,4.316303934e-13,1.696063064e-13,5.806655031e-14,1.488585658e-13,1.399836445e-13,8.317481934e-14,2.430051106e-13,1.388573227e-13,1.301264969e-13,3.889570427e-13,5.365793231e-13,8.287016007e-13,7.701446385e-13,4.642205516e-13,1.072674068e-13,3.391087552e-13,1.033838717e-13,5.52715503e-14,8.933763905e-14,1.349027301e-13,5.662337034e-14,6.673614227e-14,6.264655776e-13,1.896292783e-13,6.269782332e-13,7.39283393e-14,1.789335087e-13,3.958013039e-14
28.859375,4.921089446e-13,2.560911922e-13,2.444642545e-13,4.120280246e-13,4.305634223e-13,1.689656242e-13,5.834930095e-14,1.477853217e-13,1.391535886e-13,8.276631482e-14,2.417814722e-13,1.388593133e-13,1.290844812e-13,3.898830179e-13,5.397110268e-13,8.301166517e-13,7.684596377e-13,4.642080908e-13,1.064249384e-13,3.381145055e-13,1.030616582e-13,5.515574241e-14,8.845583697e-14,1.33880082e-13,5.626722733e-14,6.684672684e-14,6.272281649e-13,1.888129382e-13,6.266147537e-13,7.388225706e-14,1.822112737e-13,3.903121177e-14
28.8671875,4.948872245e-13,2.582076422e-13,2.423197586e-13,4.152236985e-13,4.296050002e-13,1.684435009e-13,5.862947921e-14,1.466540099e-13,1.383473567e-13,8.242200157e-14,2.405275247e-13,1.389572285e-13,1.280099219e-13,3.908570191e-13,5.428832326e-13,8.314976925e-13,7.665354465e-13,4.643570683e-13,1.056370751e-13,3.370013797e-13,1.027544992e-13,5.509817047e-14,8.760613782e-14,1.329016933e-13,5.590718772e-14,6.698503493e-14,6.277569245e-13,1.88074147e-13,6.263106959e-13,7.384276646e-14,1.858064883e-13,3.851497591e-14
28.875,4.977479661e-13,2.600821136e-13,2.402921327e-13,4.182786661e-13,4.28713821e-13,1.680826685e-13,5.891931005e-14,1.454957809e-13,1.37521978e-13,8.216251104e-14,2.39146214e-13,1.390008665e-13,1.269508805e-13,3.917750028e-13,5.459874908e-13,8.325092153e-13,7.642381221e-13,4.645538894e-13,1.049090899e-13,3.356526721e-13,1.024539116e-13,5.508134034e-14,8.681267603e-14,1.319520489e-13,5.554957679e-14,6.703168446e-14,6.279722936e-13,1.873344537e-13,6.25895585e-13,7.382322928e-14,1.895253535e-13,3.797271017e-14
28.8828125,5.00654383e-13,2.617441818e-13,2.382762717e-13,4.208803214e-13,4.276858505e-13,1.676500864e-13,5.92021283e-14,1.443107656e-13,1.366612266e-13,8.197749512e-14,2.375727919e-13,1.389885579e-13,1.258962204e-13,3.925992642e-13,5.48974745e-13,8.332856641e-13,7.618530975e-13,4.648401647e-13,1.042151829e-13,3.34092086e-13,1.021568397e-13,5.505149595e-14,8.603724526e-14,1.310612245e-13,5.519692724e-14,6.701344275e-14,6.276759521e-13,1.865174706e-13,6.248602995e-13,7.38659876e-14,1.933720162e-13,3.742234807e-14
28.890625,5.035645043e-13,2.634349729e-13,2.363773944e-13,4.233434414e-13,4.265652472e-13,1.671049474e-13,5.944976702e-14,1.430345129e-13,1.357903228e-13,8.179980796e-14,2.359241862e-13,1.390622998e-13,1.248269706e-13,3.934945071e-13,5.518950302e-13,8.338964192e-13,7.593475479e-13,4.653818181e-13,1.035660177e-13,3.324811333e-13,1.018836374e-13,5.502544265e-14,8.524987893e-14,1.302120364e-13,5.48467152e-14,6.704101755e-14,6.268665671e-13,1.85789507e-13,6.233461909e-13,7.399184355e-14,1.975040159e-13,3.691454589e-14
28.8984375,5.066295346e-13,2.651974117e-13,2.347096453e-13,4.260158923e-13,4.257057732e-13,1.667486352e-13,5.968606565e-14,1.416492631e-13,1.349829806e-13,8.161965015e-14,2.342905079e-13,1.392471158e-13,1.237376796e-13,3.946334085e-13,5.548279146e-13,8.340373164e-13,7.564592826e-13,4.661911446e-13,1.03045096e-13,3.308077749e-13,1.016369787e-13,5.507038096e-14,8.447748393e-14,1.29320413e-13,5.450517382e-14,6.711637661e-14,6.256290839e-13,1.853035288e-13,6.217568789e-13,7.418422684e-14,2.018783032e-13,3.643545468e-14
28.90625,5.097633242e-13,2.669265436e-13,2.331660371e-13,4.287332862e-13,4.250801253e-13,1.665788736e-13,5.995291004e-14,1.402096319e-13,1.342326458e-13,8.150362189e-14,2.32649801e-13,1.394516642e-13,1.226276655e-13,3.958602334e-13,5.577651334e-13,8.338340086e-13,7.533259384e-13,4.670441501e-13,1.026163003e-13,3.290672735e-13,1.013682151e-13,5.515695582e-14,8.373564673e-14,1.28391007e-13,5.417277208e-14,6.720492565e-14,6.239279747e-13,1.848468547e-13,6.200419412e-13,7.437943754e-14,2.06396685e-13,3.595375622e-14
28.9140625,5.12848118e-13,2.685953021e-13,2.316240283e-13,4.312223907e-13,4.242589194e-13,1.663192658e-13,6.023890165e-14,1.387694435e-13,1.334424275e-13,8.145926576e-14,2.309265549e-13,1.396227221e-13,1.215279825e-13,3.969346036e-13,5.606093554e-13,8.336842883e-13,7.502093594e-13,4.67827695e-13,1.021434695e-13,3.273059162e-13,1.01051125e-13,5.521195115e-14,8.301101647e-14,1.275090712e-13,5.384666445e-14,6.730349049e-14,6.217425809e-13,1.842721777e-13,6.179930659e-13,7.454480865e-14,2.110755143e-13,3.547803845e-14
28.921875,5.161572292e-13,2.702300163e-13,2.300713874e-13,4.335768996e-13,4.232128795e-13,1.660289088e-13,6.050649652e-14,1.373469407e-13,1.326145303e-13,8.141220196e-14,2.289976549e-13,1.397834894e-13,1.20431615e-13,3.979230753e-13,5.634245879e-13,8.335340943e-13,7.471052206e-13,4.686668916e-13,1.016785925e-13,3.253656694e-13,1.007376316e-13,5.527090328e-14,8.230693145e-14,1.26707264e-13,5.352625836e-14,6.738919371e-14,6.191942128e-13,1.83802668e-13,6.15648411e-13,7.47408746e-14,2.159018239e-13,3.502199525e-14
28.9296875,5.197448239e-13,2.7181478e-13,2.284830256e-13,4.35877441e-13,4.222536062e-13,1.658186899e-13,6.075146047e-14,1.359046081e-13,1.318111456e-13,8.13434017e-14,2.2683331e-13,1.399564034e-13,1.192568439e-13,3.989367937e-13,5.663266661e-13,8.332114764e-13,7.4392068e-13,4.696379758e-13,1.013371469e-13,3.232033411e-13,1.004566938e-13,5.538166642e-14,8.161741923e-14,1.259512201e-13,5.319953641e-14,6.746433583e-14,6.162630165e-13,1.834742175e-13,6.130548607e-13,7.501272321e-14,2.208214213e-13,3.459031872e-14
28.9375,5.232608112e-13,2.733110745e-13,2.268771867e-13,4.379401478e-13,4.213835572e-13,1.655236721e-13,6.100515301e-14,1.343984985e-13,1.310149942e-13,8.131216166e-14,2.245590603e-13,1.40128008e-13,1.180039316e-13,3.999362912e-13,5.691619724e-13,8.32729884e-13,7.405472883e-13,4.707036868e-13,1.010321204e-13,3.210650918e-13,1.001682676e-13,5.549919095e-14,8.091903401e-14,1.251902625e-13,5.286684524e-14,6.755018702e-14,6.126993036e-13,1.830383885e-13,6.100390291e-13,7.53207351e-14,2.258503679e-13,3.418041771e-14
28.9453125,5.266164371e-13,2.747085601e-13,2.253973925e-13,4.397905774e-13,4.20438605e-13,1.651841734e-13,6.129167093e-14,1.328671843e-13,1.30218537e-13,8.131196965e-14,2.222469122e-13,1.403219837e-13,1.167480745e-13,4.009679003e-13,5.718322487e-13,8.321414625e-13,7.369522082e-13,4.718827272e-13,1.006761534e-13,3.190041344e-13,9.988007017e-14,5.559790056e-14,8.022514105e-14,1.244247765e-13,5.255706314e-14,6.763901714e-14,6.085629655e-13,1.825321228e-13,6.0655386e-13,7.564856031e-14,2.310289709e-13,3.376798229e-14
28.953125,5.300199854e-13,2.76028859e-13,2.24097455e-13,4.416791145e-13,4.194775939e-13,1.650268999e-13,6.158417851e-14,1.313567086e-13,1.29443183e-13,8.12790295e-14,2.198737194e-13,1.405723804e-13,1.154618399e-13,4.021260154e-13,5.745491504e-13,8.315791502e-13,7.33360243e-13,4.732602676e-13,1.003462013e-13,3.168748025e-13,9.963850261e-14,5.571311786e-14,7.956389748e-14,1.237071175e-13,5.228130416e-14,6.775697725e-14,6.04255986e-13,1.821819095e-13,6.028894938e-13,7.603083283e-14,2.363327683e-13,3.334451376e-14
28.9609375,5.336245373e-13,2.773606244e-13,2.228393857e-13,4.436181193e-13,4.186015964e-13,1.64982223e-13,6.18358559e-14,1.298357604e-13,1.286541517e-13,8.124402607e-14,2.174958616e-13,1.408166623e-13,1.141286166e-13,4.033807687e-13,5.773681121e-13,8.31014893e-13,7.299144169e-13,4.748699077e-13,1.001019695e-13,3.146524131e-13,9.940611284e-14,5.586570279e-14,7.893231303e-14,1.230196737e-13,5.202663962e-14,6.791854351e-14,5.998261326e-13,1.819787841e-13,5.992371049e-13,7.645082075e-14,2.417217804e-13,3.293657108e-14
28.96875,5.37407913e-13,2.787888e-13,2.215694708e-13,4.454088515e-13,4.177347071e-13,1.64899698e-13,6.205771869e-14,1.282927087e-13,1.278402286e-13,8.127189974e-14,2.15197525e-13,1.409892544e-13,1.128406705e-13,4.04614577e-13,5.800941002e-13,8.302170041e-13,7.263946445e-13,4.765981111e-13,9.991229808e-14,3.122912483e-13,9.913857273e-14,5.605121739e-14,7.832780026e-14,1.223024372e-13,5.179393621e-14,6.805421746e-14,5.950636285e-13,1.818010988e-13,5.955014889e-13,7.686002131e-14,2.471996573e-13,3.254690833e-14
28.9765625,5.411412142e-13,2.801728367e-13,2.204053647e-13,4.469088195e-13,4.167838462e-13,1.648281045e-13,6.229810677e-14,1.267631595e-13,1.27038516e-13,8.133655477e-14,2.129261341e-13,1.411305396e-13,1.115712936e-13,4.056814342e-13,5.826887733e-13,8.292533634e-13,7.226560132e-13,4.783087263e-13,9.974210619e-14,3.097471766e-13,9.890015556e-14,5.624409379e-14,7.774987923e-14,1.216116358e-13,5.158139132e-14,6.813895347e-14,5.900250005e-13,1.815908149e-13,5.915866794e-13,7.726430346e-14,2.527235946e-13,3.214760837e-14
28.984375,5.447204781e-13,2.8129057e-13,2.193740271e-13,4.482327707e-13,4.158176742e-13,1.648193367e-13,6.255897607e-14,1.252524579e-13,1.262520774e-13,8.140774494e-14,2.105857316e-13,1.412882108e-13,1.102154391e-13,4.065805821e-13,5.852310264e-13,8.283334601e-13,7.189109381e-13,4.800750516e-13,9.959182933e-14,3.071953655e-13,9.875032105e-14,5.642164149e-14,7.716676191e-14,1.210326414e-13,5.137240835e-14,6.822126909e-14,5.847199393e-13,1.813528865e-13,5.874103462e-13,7.769064398e-14,2.58195724e-13,3.173690705e-14
28.9921875,5.484058075e-13,2.822683678e-13,2.184047562e-13,4.496508523e-13,4.149343813e-13,1.648717917e-13,6.280530626e-14,1.237605811e-13,1.254928566e-13,8.149973949e-14,2.081910885e-13,1.414678911e-13,1.088321641e-13,4.075143682e-13,5.877280204e-13,8.274009491e-13,7.153672962e-13,4.820411026e-13,9.94833729e-14,3.047687712e-13,9.864583566e-14,5.660766366e-14,7.655585774e-14,1.205180375e-13,5.116040669e-14,6.831296614e-14,5.789900255e-13,1.811860484e-13,5.828894429e-13,7.815141075e-14,2.636408563e-13,3.134142811e-14
29,5.523700561e-13,2.834069653e-13,2.175358067e-13,4.510510858e-13,4.141070151e-13,1.649550265e-13,6.30337724e-14,1.222828399e-13,1.247811684e-13,8.160981001e-14,2.057925906e-13,1.416800409e-13,1.074692653e-13,4.085818908e-13,5.901802258e-13,8.263137185e-13,7.118605672e-13,4.841446067e-13,9.942306966e-14,3.023423709e-13,9.853591088e-14,5.682399257e-14,7.594337499e-14,1.199881299e-13,5.093671964e-14,6.842264646e-14,5.729422764e-13,1.81141722e-13,5.781216411e-13,7.86603908e-14,2.691799915e-13,3.098685467e-14
29.0078125,5.564075515e-13,2.84601931e-13,2.168399197e-13,4.521304312e-13,4.133435986e-13,1.650126818e-13,6.327555837e-14,1.207769672e-13,1.240851028e-13,8.174682683e-14,2.033781355e-13,1.419221791e-13,1.060352195e-13,4.097234836e-13,5.925571217e-13,8.248315577e-13,7.079676888e-13,4.862214972e-13,9.942040595e-14,2.997587322e-13,9.844123457e-14,5.706224512e-14,7.536513946e-14,1.194608316e-13,5.069266435e-14,6.85624107e-14,5.666923891e-13,1.811395121e-13,5.732641413e-13,7.920096766e-14,2.748222298e-13,3.067229519e-14
29.015625,5.603594495e-13,2.854828503e-13,2.162562671e-13,4.530537141e-13,4.127468014e-13,1.651359327e-13,6.353476353e-14,1.192524582e-13,1.233967534e-13,8.192006962e-14,2.009272759e-13,1.42166379e-13,1.04541558e-13,4.109313024e-13,5.948139812e-13,8.227467527e-13,7.0359788e-13,4.882382965e-13,9.950335074e-14,2.969523338e-13,9.839707427e-14,5.733500723e-14,7.483457262e-14,1.189834501e-13,5.045370339e-14,6.866822315e-14,5.600228502e-13,1.811374418e-13,5.682917414e-13,7.973415527e-14,2.805004034e-13,3.03507704e-14
29.0234375,5.644379424e-13,2.861261826e-13,2.156057877e-13,4.539648198e-13,4.12256393e-13,1.654213563e-13,6.376958774e-14,1.177596556e-13,1.227235334e-13,8.209427859e-14,1.984416399e-13,1.4235976e-13,1.030676293e-13,4.121449187e-13,5.970007536e-13,8.203449104e-13,6.991759006e-13,4.90331376e-13,9.964826095e-14,2.939572643e-13,9.836563187e-14,5.7647336e-14,7.434747426e-14,1.185317998e-13,5.024057913e-14,6.868077567e-14,5.527934952e-13,1.81137608e-13,5.629925878e-13,8.025853797e-14,2.862012143e-13,2.999304966e-14
29.03125,5.688218786e-13,2.869980036e-13,2.147597708e-13,4.546937075e-13,4.116805107e-13,1.657143005e-13,6.396276115e-14,1.162671643e-13,1.220059708e-13,8.226751332e-14,1.959151693e-13,1.424645742e-13,1.015581127e-13,4.132125932e-13,5.991518161e-13,8.17932972e-13,6.94896197e-13,4.926484587e-13,9.980471667e-14,2.909210194e-13,9.827180886e-14,5.796515078e-14,7.388814743e-14,1.180555757e-13,5.00243521e-14,6.864087723e-14,5.451274908e-13,1.8114816e-13,5.571973151e-13,8.078193587e-14,2.918965924e-13,2.964780412e-14
29.0390625,5.732766351e-13,2.880795532e-13,2.138869097e-13,4.55474027e-13,4.110273205e-13,1.65962772e-13,6.414567891e-14,1.147572419e-13,1.212474498e-13,8.2453052e-14,1.933611997e-13,1.425738078e-13,9.998707254e-14,4.141712177e-13,6.012413465e-13,8.153531209e-13,6.905038383e-13,4.951261326e-13,9.998672413e-14,2.87907156e-13,9.81483082e-14,5.828151708e-14,7.344486002e-14,1.175902304e-13,4.977984784e-14,6.861527085e-14,5.371833254e-13,1.812815196e-13,5.511268366e-13,8.130681577e-14,2.974984592e-13,2.934946141e-14
29.046875,5.775609221e-13,2.888349681e-13,2.133380844e-13,4.564890107e-13,4.104777419e-13,1.663737238e-13,6.432178569e-14,1.133135301e-13,1.205446969e-13,8.261161749e-14,1.908420938e-13,1.428159634e-13,9.845134469e-14,4.152170177e-13,6.033194123e-13,8.125608176e-13,6.859773377e-13,4.976072378e-13,1.002273131e-13,2.848254574e-13,9.811241403e-14,5.862337929e-14,7.300685028e-14,1.171959838e-13,4.952427681e-14,6.862977603e-14,5.290665798e-13,1.815563634e-13,5.45143288e-13,8.187658e-14,3.029954142e-13,2.906053103e-14
29.0546875,5.817626666e-13,2.89196822e-13,2.131287595e-13,4.572416987e-13,4.101109059e-13,1.669264482e-13,6.447391133e-14,1.119522035e-13,1.19894826e-13,8.277068135e-14,1.884205379e-13,1.431409011e-13,9.694884912e-14,4.164042987e-13,6.054275466e-13,8.096781753e-13,6.814315414e-13,5.001519567e-13,1.005266999e-13,2.816592308e-13,9.816167725e-14,5.89987727e-14,7.254873422e-14,1.168332323e-13,4.927689633e-14,6.868811558e-14,5.207161251e-13,1.817736214e-13,5.390697014e-13,8.25075656e-14,3.085122467e-13,2.877080685e-14
29.0625,5.860043788e-13,2.89636956e-13,2.129248129e-13,4.57629916e-13,4.098753642e-13,1.674350154e-13,6.463861381e-14,1.105989334e-13,1.192392176e-13,8.299432067e-14,1.860622175e-13,1.434422041e-13,9.538681037e-14,4.176650285e-13,6.075036872e-13,8.06581047e-13,6.767125218e-13,5.029060961e-13,1.008713002e-13,2.784317496e-13,9.818529824e-14,5.940029798e-14,7.207545051e-14,1.164679344e-13,4.903698125e-14,6.877130045e-14,5.119719659e-13,1.819109607e-13,5.325143819e-13,8.313920498e-14,3.14106285e-13,2.850860337e-14
29.0703125,5.902742526e-13,2.902117755e-13,2.125894921e-13,4.58096472e-13,4.097123198e-13,1.679684857e-13,6.484405512e-14,1.092628126e-13,1.186029436e-13,8.321060594e-14,1.836346339e-13,1.437304927e-13,9.378676468e-14,4.189671252e-13,6.095065406e-13,8.032583912e-13,6.718266703e-13,5.057830531e-13,1.01222502e-13,2.750630536e-13,9.81669814e-14,5.981376071e-14,7.164570493e-14,1.161543421e-13,4.880311057e-14,6.882277002e-14,5.028887413e-13,1.82130359e-13,5.256527079e-13,8.374942101e-14,3.196292915e-13,2.826145536e-14
29.078125,5.943899576e-13,2.905419029e-13,2.122697106e-13,4.584507965e-13,4.095611048e-13,1.685623143e-13,6.504620062e-14,1.07995825e-13,1.179839743e-13,8.337591142e-14,1.810765002e-13,1.440027783e-13,9.220566127e-14,4.202229366e-13,6.114018075e-13,7.998434256e-13,6.668869578e-13,5.085473847e-13,1.01535714e-13,2.715924627e-13,9.81680965e-14,6.021776665e-14,7.128483754e-14,1.158861003e-13,4.857815021e-14,6.881716659e-14,4.93644728e-13,1.823265406e-13,5.188584515e-13,8.437109528e-14,3.249521185e-13,2.802019739e-14
29.0859375,5.981814039e-13,2.906725939e-13,2.120163435e-13,4.584130818e-13,4.093306771e-13,1.690742853e-13,6.522007989e-14,1.067819034e-13,1.173309306e-13,8.359929339e-14,1.784658895e-13,1.442195173e-13,9.060012184e-14,4.213138061e-13,6.131689939e-13,7.962639616e-13,6.617346045e-13,5.111483981e-13,1.018133245e-13,2.682256599e-13,9.818654112e-14,6.061226957e-14,7.095313055e-14,1.156101613e-13,4.835460307e-14,6.883265504e-14,4.842750113e-13,1.823593076e-13,5.121157751e-13,8.498952714e-14,3.301534183e-13,2.780901903e-14
29.09375,6.019946385e-13,2.910151689e-13,2.117499391e-13,4.584314092e-13,4.090149869e-13,1.696128464e-13,6.539476645e-14,1.056208851e-13,1.166789495e-13,8.388951153e-14,1.758753734e-13,1.444371815e-13,8.896020132e-14,4.223555254e-13,6.149718426e-13,7.926062648e-13,6.565105109e-13,5.138350585e-13,1.020992872e-13,2.650208048e-13,9.819740183e-14,6.102117725e-14,7.062741611e-14,1.153776252e-13,4.812117863e-14,6.893127631e-14,4.747560092e-13,1.824342184e-13,5.053279577e-13,8.559126542e-14,3.353561329e-13,2.761363382e-14
29.1015625,6.06157107e-13,2.91510209e-13,2.115052205e-13,4.58659819e-13,4.087763143e-13,1.703235218e-13,6.557319632e-14,1.045410905e-13,1.160895127e-13,8.413808772e-14,1.733291642e-13,1.447149016e-13,8.73493935e-14,4.235419174e-13,6.16887295e-13,7.890084735e-13,6.515753354e-13,5.168066448e-13,1.024397733e-13,2.618698139e-13,9.822185901e-14,6.145478459e-14,7.030681972e-14,1.152212275e-13,4.788877004e-14,6.904079555e-14,4.650875728e-13,1.826520502e-13,4.985502824e-13,8.622323471e-14,3.405612154e-13,2.740730939e-14
29.109375,6.102988109e-13,2.917766165e-13,2.113902225e-13,4.586552273e-13,4.087674596e-13,1.709906852e-13,6.573479411e-14,1.03488595e-13,1.155517151e-13,8.434579377e-14,1.708574496e-13,1.450169707e-13,8.575139549e-14,4.248101899e-13,6.186274722e-13,7.851336037e-13,6.466603219e-13,5.199397854e-13,1.028494949e-13,2.586785528e-13,9.82655765e-14,6.190378256e-14,6.997021711e-14,1.150510252e-13,4.767499386e-14,6.910078354e-14,4.552802714e-13,1.828185922e-13,4.918052026e-13,8.688839457e-14,3.457121092e-13,2.720469902e-14
29.1171875,6.143553888e-13,2.919811046e-13,2.113832391e-13,4.583872828e-13,4.089814184e-13,1.715335015e-13,6.588956727e-14,1.023968004e-13,1.150419374e-13,8.454485165e-14,1.684639974e-13,1.453228882e-13,8.415169276e-14,4.261254958e-13,6.200914995e-13,7.808470513e-13,6.414805537e-13,5.231366387e-13,1.033232576e-13,2.554165303e-13,9.829024434e-14,6.238246505e-14,6.962182963e-14,1.148405953e-13,4.747453649e-14,6.915297675e-14,4.45430778e-13,1.829576241e-13,4.851066322e-13,8.752202445e-14,3.508284473e-13,2.700983772e-14
29.125,6.187345197e-13,2.924818133e-13,2.114328619e-13,4.581284785e-13,4.093530612e-13,1.722224461e-13,6.605911e-14,1.013076923e-13,1.145431586e-13,8.47016156e-14,1.661548732e-13,1.456524133e-13,8.264071199e-14,4.276283851e-13,6.215744182e-13,7.76531238e-13,6.363342422e-13,5.26446731e-13,1.038646588e-13,2.521665157e-13,9.828571917e-14,6.293077056e-14,6.930375351e-14,1.146640323e-13,4.728338871e-14,6.920376559e-14,4.355977829e-13,1.832389916e-13,4.784899033e-13,8.811013848e-14,3.559583051e-13,2.682219777e-14
29.1328125,6.230742725e-13,2.929498524e-13,2.116188939e-13,4.57795286e-13,4.09805414e-13,1.730836362e-13,6.624161589e-14,1.00281038e-13,1.140242778e-13,8.483202377e-14,1.639535379e-13,1.459819233e-13,8.118656846e-14,4.291760338e-13,6.230358518e-13,7.720675519e-13,6.311628847e-13,5.29662572e-13,1.044487054e-13,2.489734098e-13,9.830481794e-14,6.353492034e-14,6.902703771e-14,1.145274983e-13,4.710199737e-14,6.922014385e-14,4.256150022e-13,1.835682714e-13,4.719144172e-13,8.870010682e-14,3.609432596e-13,2.667245823e-14
29.140625,6.269304585e-13,2.929763113e-13,2.119444579e-13,4.572229923e-13,4.102022593e-13,1.73903242e-13,6.641828335e-14,9.931983838e-14,1.134783253e-13,8.496557018e-14,1.618015301e-13,1.46263748e-13,7.961908247e-14,4.304595279e-13,6.241350299e-13,7.669869217e-13,6.25571962e-13,5.325439887e-13,1.050230443e-13,2.456947949e-13,9.839190706e-14,6.411683374e-14,6.877189836e-14,1.144161126e-13,4.689740851e-14,6.921158237e-14,4.153110514e-13,1.83846318e-13,4.653354084e-13,8.930830994e-14,3.655140227e-13,2.655163123e-14
29.1484375,6.306877487e-13,2.927817633e-13,2.12233465e-13,4.564891044e-13,4.104467628e-13,1.746768609e-13,6.657433793e-14,9.845064047e-14,1.129246514e-13,8.506644417e-14,1.596450034e-13,1.464868333e-13,7.795097244e-14,4.314954702e-13,6.249177243e-13,7.614714887e-13,6.197664406e-13,5.352764629e-13,1.055725846e-13,2.423285969e-13,9.851102731e-14,6.464309558e-14,6.852928774e-14,1.14391522e-13,4.664392747e-14,6.916189329e-14,4.047777122e-13,1.841486173e-13,4.587475433e-13,8.991854145e-14,3.697108141e-13,2.641250983e-14
29.15625,6.344475308e-13,2.926069566e-13,2.124111254e-13,4.557426507e-13,4.105581423e-13,1.75439591e-13,6.670523629e-14,9.768756376e-14,1.123780007e-13,8.51281942e-14,1.575496628e-13,1.4666301e-13,7.633841021e-14,4.324098011e-13,6.255410914e-13,7.558965385e-13,6.140799369e-13,5.380804554e-13,1.061042322e-13,2.390452373e-13,9.858730854e-14,6.515794647e-14,6.828657117e-14,1.144474707e-13,4.637626937e-14,6.904657753e-14,3.942326067e-13,1.844552833e-13,4.521364193e-13,9.052793888e-14,3.738006642e-13,2.626333128e-14
29.1640625,6.379613142e-13,2.925183278e-13,2.125227346e-13,4.549823254e-13,4.106011478e-13,1.760998042e-13,6.681116137e-14,9.692903769e-14,1.118281367e-13,8.518113656e-14,1.555299282e-13,1.467854735e-13,7.481182078e-14,4.332265205e-13,6.259341289e-13,7.502201244e-13,6.083803596e-13,5.409085633e-13,1.066381159e-13,2.357240268e-13,9.858363328e-14,6.570070734e-14,6.802801784e-14,1.144575517e-13,4.61292226e-14,6.893257668e-14,3.838311225e-13,1.8471734e-13,4.455248439e-13,9.11172557e-14,3.778560578e-13,2.613544052e-14
29.171875,6.414081109e-13,2.926865182e-13,2.125703107e-13,4.539982965e-13,4.106580484e-13,1.76669531e-13,6.690401901e-14,9.608875538e-14,1.112393477e-13,8.522444135e-14,1.535096326e-13,1.468531276e-13,7.331049724e-14,4.340072604e-13,6.26159714e-13,7.443673586e-13,6.025028756e-13,5.437249875e-13,1.072218954e-13,2.321791509e-13,9.851203801e-14,6.626372224e-14,6.776586752e-14,1.143784761e-13,4.588604662e-14,6.888387968e-14,3.73603769e-13,1.849753111e-13,4.389105863e-13,9.165302044e-14,3.81773762e-13,2.602399706e-14
29.1796875,6.448046183e-13,2.92925316e-13,2.126574212e-13,4.527162291e-13,4.108364557e-13,1.772445465e-13,6.700139898e-14,9.525375243e-14,1.106362654e-13,8.52652604e-14,1.514915286e-13,1.46933751e-13,7.178378866e-14,4.347393713e-13,6.262942281e-13,7.382848424e-13,5.963817387e-13,5.465072817e-13,1.078476699e-13,2.28610399e-13,9.84385937e-14,6.682347095e-14,6.751706071e-14,1.143109457e-13,4.562169419e-14,6.886621828e-14,3.63335485e-13,1.851938102e-13,4.322149876e-13,9.217636947e-14,3.854650874e-13,2.593029921e-14
29.1875,6.480306962e-13,2.928523846e-13,2.129186835e-13,4.514412808e-13,4.111901457e-13,1.778851521e-13,6.710152328e-14,9.45524139e-14,1.101224771e-13,8.531136854e-14,1.494994238e-13,1.471105964e-13,7.0198006e-14,4.354314963e-13,6.262438879e-13,7.319238019e-13,5.900490994e-13,5.492065483e-13,1.084620224e-13,2.25223011e-13,9.84482133e-14,6.73840937e-14,6.727198698e-14,1.143312586e-13,4.533605922e-14,6.88315382e-14,3.5274789e-13,1.853864335e-13,4.254417994e-13,9.276475396e-14,3.88906129e-13,2.586171101e-14
29.1953125,6.512911636e-13,2.926802848e-13,2.132139822e-13,4.503337725e-13,4.115960974e-13,1.786207624e-13,6.720225803e-14,9.39716314e-14,1.097050428e-13,8.532821425e-14,1.475097329e-13,1.473549765e-13,6.859134005e-14,4.362597703e-13,6.261483272e-13,7.255625658e-13,5.83812241e-13,5.519216319e-13,1.090710726e-13,2.219802408e-13,9.851348011e-14,6.796189133e-14,6.70238324e-14,1.144147926e-13,4.504654058e-14,6.878158704e-14,3.419642337e-13,1.857100925e-13,4.186196109e-13,9.339246698e-14,3.92186582e-13,2.579962463e-14
29.203125,6.544500353e-13,2.927388801e-13,2.133804517e-13,4.491270427e-13,4.118064416e-13,1.793425562e-13,6.732462495e-14,9.341438422e-14,1.092537273e-13,8.53094301e-14,1.455554161e-13,1.475542202e-13,6.70456406e-14,4.371564205e-13,6.261967218e-13,7.194467571e-13,5.778321306e-13,5.547443309e-13,1.096760918e-13,2.188753125e-13,9.849635796e-14,6.852580234e-14,6.677473904e-14,1.145007059e-13,4.478011524e-14,6.876021915e-14,3.313723827e-13,1.861205717e-13,4.117289235e-13,9.398258465e-14,3.953830278e-13,2.574042543e-14
29.2109375,6.572881735e-13,2.928623071e-13,2.135753684e-13,4.476946165e-13,4.118075002e-13,1.799460187e-13,6.747636124e-14,9.285700947e-14,1.08721184e-13,8.530597703e-14,1.436829311e-13,1.476668495e-13,6.558885727e-14,4.379008541e-13,6.26250901e-13,7.134352653e-13,5.719015994e-13,5.576000277e-13,1.102403711e-13,2.159281549e-13,9.836044265e-14,6.904852433e-14,6.649947443e-14,1.145560534e-13,4.454824388e-14,6.882155824e-14,3.210812041e-13,1.86398637e-13,4.049742754e-13,9.453410039e-14,3.984330571e-13,2.571084123e-14
29.21875,6.601217906e-13,2.929143282e-13,2.13975358e-13,4.461839512e-13,4.119517173e-13,1.80607128e-13,6.764193813e-14,9.235831809e-14,1.082159107e-13,8.533813758e-14,1.418909888e-13,1.47770015e-13,6.417132967e-14,4.38684138e-13,6.262569494e-13,7.07346505e-13,5.658650703e-13,5.603731812e-13,1.108059283e-13,2.131621853e-13,9.82315988e-14,6.959065935e-14,6.618393908e-14,1.145912001e-13,4.431778296e-14,6.894176479e-14,3.10947511e-13,1.865712833e-13,3.985641015e-13,9.506691366e-14,4.012738126e-13,2.572140264e-14
29.2265625,6.629620583e-13,2.929573903e-13,2.145131202e-13,4.445776631e-13,4.124467984e-13,1.814694269e-13,6.781804946e-14,9.192565331e-14,1.078119287e-13,8.535768185e-14,1.40185681e-13,1.479471264e-13,6.270749046e-14,4.397471587e-13,6.262883e-13,7.009783407e-13,5.596509395e-13,5.62988952e-13,1.114393218e-13,2.105800658e-13,9.819338052e-14,7.020746138e-14,6.587436676e-14,1.146123743e-13,4.404984147e-14,6.903426903e-14,3.008930175e-13,1.868163624e-13,3.922461135e-13,9.558024904e-14,4.039245134e-13,2.575588734e-14
29.234375,6.656098237e-13,2.929434903e-13,2.150946752e-13,4.427971858e-13,4.130852905e-13,1.823694956e-13,6.800181309e-14,9.148605287e-14,1.074516806e-13,8.52988261e-14,1.385164005e-13,1.481875431e-13,6.122547678e-14,4.409613224e-13,6.262183462e-13,6.942065517e-13,5.532757179e-13,5.655733998e-13,1.121235753e-13,2.079239974e-13,9.817851063e-14,7.086903372e-14,6.55927715e-14,1.146024848e-13,4.377148227e-14,6.909771206e-14,2.909695679e-13,1.87124163e-13,3.858507175e-13,9.611589092e-14,4.065037247e-13,2.579769161e-14
29.2421875,6.684392043e-13,2.929245527e-13,2.157674356e-13,4.409694547e-13,4.137304676e-13,1.832511198e-13,6.81786224e-14,9.103766552e-14,1.070832194e-13,8.514825591e-14,1.368112492e-13,1.484572244e-13,5.988513889e-14,4.422587921e-13,6.260557507e-13,6.874016167e-13,5.470241183e-13,5.683800321e-13,1.12850783e-13,2.050540281e-13,9.810058151e-14,7.155593162e-14,6.528606213e-14,1.145875218e-13,4.353037241e-14,6.919477484e-14,2.813148764e-13,1.874175326e-13,3.797284546e-13,9.670348394e-14,4.091747619e-13,2.584701307e-14
29.25,6.71484619e-13,2.931033339e-13,2.166443649e-13,4.392217379e-13,4.145017056e-13,1.842970424e-13,6.83596752e-14,9.066490813e-14,1.067551252e-13,8.495925144e-14,1.35178477e-13,1.487996484e-13,5.869629127e-14,4.437039448e-13,6.259739132e-13,6.808178414e-13,5.409659659e-13,5.713174316e-13,1.136550948e-13,2.023287526e-13,9.797102337e-14,7.228584816e-14,6.494320643e-14,1.146165412e-13,4.329886374e-14,6.931261234e-14,2.719525101e-13,1.877590944e-13,3.740316519e-13,9.728998434e-14,4.118567998e-13,2.591404843e-14
29.2578125,6.742364326e-13,2.9346524e-13,2.17744243e-13,4.375718873e-13,4.153978527e-13,1.855098177e-13,6.857065169e-14,9.035004155e-14,1.064809808e-13,8.477078906e-14,1.337778543e-13,1.492316882e-13,5.750140172e-14,4.451849916e-13,6.258761369e-13,6.740871006e-13,5.348086744e-13,5.741603285e-13,1.14519195e-13,1.998772714e-13,9.784608845e-14,7.304656405e-14,6.462731497e-14,1.146535592e-13,4.304268077e-14,6.942496389e-14,2.62719951e-13,1.882151143e-13,3.685063811e-13,9.782757568e-14,4.143105657e-13,2.600067445e-14
29.265625,6.768419316e-13,2.937969354e-13,2.189154138e-13,4.359725395e-13,4.163209215e-13,1.867049026e-13,6.880220327e-14,8.998840387e-14,1.061649488e-13,8.456744699e-14,1.325561237e-13,1.496423974e-13,5.629540947e-14,4.465845959e-13,6.256373572e-13,6.67083771e-13,5.285759289e-13,5.770760291e-13,1.153973616e-13,1.973803354e-13,9.774221475e-14,7.381870287e-14,6.434879756e-14,1.146309094e-13,4.280351727e-14,6.957372991e-14,2.536079221e-13,1.887177496e-13,3.631021339e-13,9.832140869e-14,4.165288376e-13,2.610700887e-14
29.2734375,6.795703245e-13,2.939874456e-13,2.200575285e-13,4.342564351e-13,4.172792706e-13,1.878141713e-13,6.903487674e-14,8.960455758e-14,1.057857647e-13,8.434748387e-14,1.313743468e-13,1.499624087e-13,5.518035881e-14,4.478955711e-13,6.253005352e-13,6.600735172e-13,5.224325394e-13,5.801223109e-13,1.162780724e-13,1.94896006e-13,9.765101269e-14,7.459265091e-14,6.405438678e-14,1.145979879e-13,4.259688014e-14,6.974913607e-14,2.447503379e-13,1.891826899e-13,3.579228311e-13,9.877320945e-14,4.185405538e-13,2.62345475e-14
29.28125,6.818958323e-13,2.940740888e-13,2.213198487e-13,4.323241435e-13,4.182185404e-13,1.888691546e-13,6.927438676e-14,8.931341485e-14,1.054392697e-13,8.413411479e-14,1.302025831e-13,1.502861254e-13,5.413258776e-14,4.491133057e-13,6.248142217e-13,6.529896076e-13,5.161605939e-13,5.829231367e-13,1.171633617e-13,1.926980504e-13,9.756682678e-14,7.534391902e-14,6.372844724e-14,1.146591988e-13,4.238022709e-14,6.988517181e-14,2.360721375e-13,1.895999521e-13,3.529560764e-13,9.918900897e-14,4.202315118e-13,2.636911321e-14
29.2890625,6.836094599e-13,2.940842351e-13,2.228366268e-13,4.302881319e-13,4.190935612e-13,1.899045519e-13,6.95160114e-14,8.91064984e-14,1.05123949e-13,8.392285371e-14,1.290574915e-13,1.506801744e-13,5.31129704e-14,4.503055074e-13,6.241995948e-13,6.457476422e-13,5.096781371e-13,5.854107743e-13,1.180594988e-13,1.906220737e-13,9.746074002e-14,7.607570863e-14,6.338944788e-14,1.147848128e-13,4.215966903e-14,7.00132559e-14,2.274770375e-13,1.899636438e-13,3.482532633e-13,9.959516749e-14,4.216652246e-13,2.650634718e-14
29.296875,6.853279546e-13,2.940308755e-13,2.244776523e-13,4.281776396e-13,4.20070098e-13,1.909580481e-13,6.974861722e-14,8.888830646e-14,1.04756186e-13,8.370724098e-14,1.279483752e-13,1.510574968e-13,5.214772518e-14,4.51520264e-13,6.235739616e-13,6.384964447e-13,5.031900053e-13,5.878701618e-13,1.18973853e-13,1.88504695e-13,9.731009141e-14,7.682143423e-14,6.30383416e-14,1.148528394e-13,4.195750843e-14,7.020764425e-14,2.190617566e-13,1.902625024e-13,3.438677058e-13,9.999273534e-14,4.229628575e-13,2.666822672e-14
29.3046875,6.87249424e-13,2.940724327e-13,2.260950542e-13,4.259067542e-13,4.212086501e-13,1.920309687e-13,6.999790172e-14,8.863879385e-14,1.04369111e-13,8.349559579e-14,1.269174839e-13,1.513576011e-13,5.120897562e-14,4.526660446e-13,6.228098231e-13,6.311232456e-13,4.966306535e-13,5.902988692e-13,1.198961955e-13,1.864839383e-13,9.715879674e-14,7.758648615e-14,6.268001426e-14,1.148535303e-13,4.17511565e-14,7.045594874e-14,2.10851309e-13,1.905392076e-13,3.396729504e-13,1.003671355e-13,4.24087046e-13,2.685000296e-14
29.3125,6.890137051e-13,2.943579625e-13,2.277595154e-13,4.236094907e-13,4.223822539e-13,1.931375935e-13,7.027185234e-14,8.838465942e-14,1.040398051e-13,8.326674438e-14,1.260333665e-13,1.516644118e-13,5.026533729e-14,4.537476107e-13,6.218676646e-13,6.235760818e-13,4.899624355e-13,5.926985918e-13,1.208394722e-13,1.845432694e-13,9.705315749e-14,7.837605792e-14,6.233353951e-14,1.148612885e-13,4.154728141e-14,7.072472313e-14,2.027956507e-13,1.908669892e-13,3.355379525e-13,1.007302039e-13,4.251626784e-13,2.702277026e-14
29.3203125,6.907183582e-13,2.947101737e-13,2.295700709e-13,4.214719989e-13,4.236597443e-13,1.94322516e-13,7.05285327e-14,8.81289575e-14,1.037381587e-13,8.301141028e-14,1.253116484e-13,1.520449122e-13,4.936682029e-14,4.549197517e-13,6.210351341e-13,6.162163344e-13,4.835122435e-13,5.953624574e-13,1.218505921e-13,1.825587333e-13,9.695879735e-14,7.920809695e-14,6.198568825e-14,1.148681017e-13,4.137959989e-14,7.100516357e-14,1.949384523e-13,1.912692241e-13,3.314863447e-13,1.010935289e-13,4.263485778e-13,2.719804684e-14
29.328125,6.925924611e-13,2.94869391e-13,2.314394519e-13,4.193337982e-13,4.250845151e-13,1.954958569e-13,7.077439369e-14,8.790721847e-14,1.034057995e-13,8.277484727e-14,1.246515472e-13,1.524212301e-13,4.853984387e-14,4.561896532e-13,6.203191256e-13,6.091186902e-13,4.773445944e-13,5.982142457e-13,1.229011426e-13,1.806377914e-13,9.682848725e-14,8.004065255e-14,6.160202916e-14,1.148512386e-13,4.123783369e-14,7.12763748e-14,1.872765775e-13,1.916518507e-13,3.276096725e-13,1.014468452e-13,4.274234885e-13,2.740098636e-14
29.3359375,6.942001085e-13,2.948987438e-13,2.332304973e-13,4.169617836e-13,4.263632664e-13,1.96513956e-13,7.106091085e-14,8.778000858e-14,1.03049169e-13,8.256726293e-14,1.239442565e-13,1.527052116e-13,4.773322492e-14,4.573769165e-13,6.194143743e-13,6.019209252e-13,4.711015286e-13,6.007280737e-13,1.238865053e-13,1.789585397e-13,9.668023174e-14,8.081654905e-14,6.120341282e-14,1.148728808e-13,4.109079072e-14,7.154139163e-14,1.797702178e-13,1.918822724e-13,3.238956924e-13,1.017803211e-13,4.281444613e-13,2.761901137e-14
29.34375,6.95256086e-13,2.950187956e-13,2.350207359e-13,4.145309008e-13,4.274537837e-13,1.975001226e-13,7.137518859e-14,8.772487065e-14,1.027125047e-13,8.234062672e-14,1.23229052e-13,1.529626081e-13,4.691775795e-14,4.584568138e-13,6.184061077e-13,5.94581219e-13,4.646877425e-13,6.028247489e-13,1.248257673e-13,1.775372898e-13,9.654962624e-14,8.158421859e-14,6.083914246e-14,1.149469177e-13,4.092355296e-14,7.182979277e-14,1.724927564e-13,1.920208414e-13,3.202237916e-13,1.020901109e-13,4.28632937e-13,2.784167035e-14
29.3515625,6.963541455e-13,2.953563765e-13,2.370265235e-13,4.123625482e-13,4.2879485e-13,1.986998633e-13,7.168550364e-14,8.765671309e-14,1.024233207e-13,8.20770278e-14,1.226128666e-13,1.533251469e-13,4.615256631e-14,4.597458244e-13,6.177202057e-13,5.875006095e-13,4.584702743e-13,6.050940698e-13,1.258853669e-13,1.762370523e-13,9.643356618e-14,8.243297285e-14,6.048275433e-14,1.149936905e-13,4.07603928e-14,7.215424812e-14,1.654892234e-13,1.923049212e-13,3.16549371e-13,1.023994929e-13,4.291360951e-13,2.80816523e-14
29.359375,6.97858983e-13,2.959594876e-13,2.392445557e-13,4.104121534e-13,4.305019152e-13,2.000425291e-13,7.200714086e-14,8.754694341e-14,1.021398793e-13,8.178527286e-14,1.221332381e-13,1.537852071e-13,4.551090718e-14,4.614527079e-13,6.174542077e-13,5.808488605e-13,4.526811307e-13,6.078711826e-13,1.271194799e-13,1.749348402e-13,9.630850156e-14,8.334329944e-14,6.007857399e-14,1.149922451e-13,4.065087671e-14,7.251923823e-14,1.586938488e-13,1.928236078e-13,3.129521725e-13,1.027563297e-13,4.29744868e-13,2.833462107e-14
29.3671875,6.991618292e-13,2.966436889e-13,2.414660711e-13,4.084580151e-13,4.321450965e-13,2.012781749e-13,7.233541811e-14,8.743149526e-14,1.01791356e-13,8.148292007e-14,1.217833154e-13,1.542054611e-13,4.496572349e-14,4.631985722e-13,6.17216563e-13,5.74167789e-13,4.469298672e-13,6.106075216e-13,1.283801852e-13,1.736925313e-13,9.615974067e-14,8.422605938e-14,5.96532889e-14,1.14984567e-13,4.05720081e-14,7.288991177e-14,1.520955606e-13,1.933794697e-13,3.096219899e-13,1.031199927e-13,4.302679147e-13,2.858529014e-14
29.375,6.997874672e-13,2.970520033e-13,2.43665745e-13,4.064857381e-13,4.335188933e-13,2.024337329e-13,7.266190149e-14,8.733602669e-14,1.013872121e-13,8.122129305e-14,1.215237398e-13,1.545184164e-13,4.443043397e-14,4.645727714e-13,6.166605029e-13,5.669938769e-13,4.407391879e-13,6.126797322e-13,1.295436108e-13,1.725987231e-13,9.598066996e-14,8.506851957e-14,5.925488017e-14,1.149574767e-13,4.045352167e-14,7.320334735e-14,1.457775546e-13,1.937204616e-13,3.067514564e-13,1.033633331e-13,4.304445777e-13,2.884241972e-14
29.3828125,7.001628683e-13,2.972465802e-13,2.459741943e-13,4.045068775e-13,4.34901218e-13,2.036893124e-13,7.302630109e-14,8.724371609e-14,1.00979641e-13,8.099660501e-14,1.212957935e-13,1.547834941e-13,4.389010306e-14,4.658490372e-13,6.159687655e-13,5.596624085e-13,4.343774031e-13,6.143893542e-13,1.306543793e-13,1.715914074e-13,9.577375922e-14,8.593027838e-14,5.887262243e-14,1.148688844e-13,4.031101611e-14,7.349313578e-14,1.397952202e-13,1.9385268e-13,3.04177945e-13,1.034876167e-13,4.3036474e-13,2.912299431e-14
29.390625,7.008050827e-13,2.976827381e-13,2.483776241e-13,4.024241079e-13,4.364845008e-13,2.049960553e-13,7.342971728e-14,8.712851463e-14,1.00567546e-13,8.072066573e-14,1.211095416e-13,1.55067828e-13,4.339269286e-14,4.674265987e-13,6.154966849e-13,5.527497165e-13,4.283846505e-13,6.163112125e-13,1.318131062e-13,1.706578652e-13,9.557093566e-14,8.682334667e-14,5.848660833e-14,1.147439526e-13,4.019208613e-14,7.384738083e-14,1.341107391e-13,1.94043377e-13,3.016234539e-13,1.03630795e-13,4.302407651e-13,2.942338173e-14
29.3984375,7.016536019e-13,2.984126658e-13,2.508623508e-13,4.002503413e-13,4.381121166e-13,2.062278646e-13,7.382906373e-14,8.700732468e-14,1.00149301e-13,8.037489437e-14,1.20997084e-13,1.553970382e-13,4.297718071e-14,4.691831522e-13,6.15193412e-13,5.461782223e-13,4.227465199e-13,6.183182074e-13,1.330475924e-13,1.698789705e-13,9.540938723e-14,8.770293681e-14,5.808177474e-14,1.146560942e-13,4.009220456e-14,7.426380085e-14,1.286449389e-13,1.944306881e-13,2.992705233e-13,1.038328026e-13,4.300301232e-13,2.973278786e-14
29.40625,7.024618518e-13,2.990964753e-13,2.53545598e-13,3.980602125e-13,4.396522863e-13,2.074595274e-13,7.424586659e-14,8.690899241e-14,9.975278605e-14,8.001657147e-14,1.209347488e-13,1.557706009e-13,4.266931551e-14,4.709522801e-13,6.149180561e-13,5.397281838e-13,4.173102157e-13,6.201757586e-13,1.343248966e-13,1.692299461e-13,9.525785686e-14,8.856230713e-14,5.764173243e-14,1.146192599e-13,4.002690909e-14,7.471225854e-14,1.233831132e-13,1.94849653e-13,2.972477656e-13,1.040363858e-13,4.297672817e-13,3.005210029e-14
29.4140625,7.031188544e-13,2.996649183e-13,2.564081494e-13,3.958689122e-13,4.41221312e-13,2.08802098e-13,7.472069995e-14,8.680829216e-14,9.936730161e-14,7.96599786e-14,1.209377034e-13,1.561552734e-13,4.247108832e-14,4.728333049e-13,6.148118735e-13,5.335619796e-13,4.121486766e-13,6.220879614e-13,1.356186185e-13,1.686908151e-13,9.504217096e-14,8.944380628e-14,5.720575037e-14,1.145629739e-13,4.00219531e-14,7.520383883e-14,1.184193818e-13,1.951601635e-13,2.952678067e-13,1.042241689e-13,4.296567872e-13,3.037629905e-14
29.421875,7.035650437e-13,3.002684516e-13,2.593426663e-13,3.937163048e-13,4.429197281e-13,2.102398817e-13,7.522550387e-14,8.668647748e-14,9.898648991e-14,7.932389654e-14,1.210571186e-13,1.565438606e-13,4.237308335e-14,4.748210685e-13,6.148210054e-13,5.276444297e-13,4.071413712e-13,6.240545177e-13,1.369338527e-13,1.683395077e-13,9.476660894e-14,9.036874509e-14,5.68183682e-14,1.14447245e-13,4.004756584e-14,7.571734431e-14,1.138482642e-13,1.954136297e-13,2.934156134e-13,1.043704705e-13,4.296724025e-13,3.069241466e-14
29.4296875,7.038596426e-13,3.009637325e-13,2.624405972e-13,3.915210506e-13,4.446353554e-13,2.117066185e-13,7.573326537e-14,8.659038253e-14,9.864528504e-14,7.904694982e-14,1.212640925e-13,1.569781464e-13,4.238652235e-14,4.768189873e-13,6.146406073e-13,5.216918562e-13,4.020986619e-13,6.257826784e-13,1.382755915e-13,1.681448736e-13,9.451012531e-14,9.13094302e-14,5.643067374e-14,1.143268643e-13,4.007954801e-14,7.62324309e-14,1.096091404e-13,1.956558276e-13,2.919967695e-13,1.044442519e-13,4.296591054e-13,3.101600362e-14
29.4375,7.040329437e-13,3.01721033e-13,2.658087438e-13,3.891057444e-13,4.462329443e-13,2.131098157e-13,7.626725818e-14,8.653942361e-14,9.830994848e-14,7.879317764e-14,1.215273665e-13,1.574412546e-13,4.248341576e-14,4.788529573e-13,6.143646983e-13,5.15772805e-13,3.970914075e-13,6.272318768e-13,1.396049625e-13,1.680253626e-13,9.430571524e-14,9.221857317e-14,5.598706327e-14,1.142520562e-13,4.012391294e-14,7.67937498e-14,1.055773132e-13,1.958583086e-13,2.907875966e-13,1.044893156e-13,4.295380184e-13,3.137388768e-14
29.4453125,7.03942594e-13,3.023833251e-13,2.69343618e-13,3.866252928e-13,4.477816429e-13,2.144411259e-13,7.683509909e-14,8.648603269e-14,9.791278873e-14,7.851051687e-14,1.218834164e-13,1.578743032e-13,4.260349905e-14,4.809543743e-13,6.142859913e-13,5.100724994e-13,3.921912881e-13,6.28513182e-13,1.408868208e-13,1.680147272e-13,9.411670681e-14,9.309038333e-14,5.551993294e-14,1.141763526e-13,4.017156262e-14,7.741095066e-14,1.017712966e-13,1.960165265e-13,2.896192357e-13,1.045331029e-13,4.292029908e-13,3.174886535e-14
29.453125,7.037473788e-13,3.028834803e-13,2.729086469e-13,3.843521455e-13,4.494178695e-13,2.158490812e-13,7.740977586e-14,8.639911186e-14,9.749175982e-14,7.820193258e-14,1.223296958e-13,1.582892631e-13,4.277311804e-14,4.831117269e-13,6.142839439e-13,5.044746082e-13,3.874209198e-13,6.297108579e-13,1.421643978e-13,1.680846092e-13,9.39022043e-14,9.397232178e-14,5.506848939e-14,1.140208786e-13,4.022401007e-14,7.801454254e-14,9.822752988e-14,1.961779853e-13,2.886698095e-13,1.045390985e-13,4.287103645e-13,3.211256283e-14
29.4609375,7.037559072e-13,3.034577795e-13,2.764540828e-13,3.821501508e-13,4.510313391e-13,2.173158874e-13,7.7979255e-14,8.62890479e-14,9.708450878e-14,7.786978792e-14,1.228388236e-13,1.586946537e-13,4.30434588e-14,4.852654911e-13,6.141977385e-13,4.989345342e-13,3.828510628e-13,6.309157638e-13,1.434683284e-13,1.681843993e-13,9.365067361e-14,9.48685723e-14,5.46230464e-14,1.138029064e-13,4.030089423e-14,7.857879081e-14,9.486179265e-14,1.963540654e-13,2.878313078e-13,1.044973139e-13,4.282690605e-13,3.248131126e-14
29.46875,7.036789849e-13,3.041924547e-13,2.799902307e-13,3.79846714e-13,4.524426522e-13,2.186195425e-13,7.85515613e-14,8.618548701e-14,9.663745777e-14,7.753274506e-14,1.234392429e-13,1.590533715e-13,4.337880724e-14,4.873307565e-13,6.141963563e-13,4.936574118e-13,3.784066803e-13,6.320605587e-13,1.447462778e-13,1.684665037e-13,9.338277241e-14,9.572005865e-14,5.416522779e-14,1.136168263e-13,4.040160181e-14,7.916193903e-14,9.168516945e-14,1.964665895e-13,2.870024676e-13,1.044153455e-13,4.278053517e-13,3.287157764e-14
29.4765625,7.031626354e-13,3.049128832e-13,2.836005723e-13,3.776163103e-13,4.537891769e-13,2.19807469e-13,7.913579708e-14,8.610743316e-14,9.614995816e-14,7.722608888e-14,1.241364648e-13,1.59396189e-13,4.376285517e-14,4.894226001e-13,6.143350891e-13,4.886947773e-13,3.739972752e-13,6.330604815e-13,1.459882683e-13,1.689611072e-13,9.312527497e-14,9.652064053e-14,5.368365041e-14,1.134763508e-13,4.052019015e-14,7.980168306e-14,8.878884631e-14,1.965070491e-13,2.863733464e-13,1.043089606e-13,4.271639178e-13,3.326279141e-14
29.484375,7.02402808e-13,3.056539666e-13,2.873336128e-13,3.755362594e-13,4.551797755e-13,2.210791957e-13,7.975133332e-14,8.601598667e-14,9.566038693e-14,7.692326602e-14,1.248859534e-13,1.597496171e-13,4.422383373e-14,4.91659025e-13,6.144627729e-13,4.838701261e-13,3.69687045e-13,6.339372077e-13,1.472237982e-13,1.694047309e-13,9.287367564e-14,9.73079416e-14,5.318170057e-14,1.133032383e-13,4.065345807e-14,8.047738392e-14,8.610028511e-14,1.965729318e-13,2.858610764e-13,1.042117799e-13,4.264532028e-13,3.364875337e-14
29.4921875,7.015383723e-13,3.064701626e-13,2.911430524e-13,3.734441498e-13,4.564164978e-13,2.223547225e-13,8.039982051e-14,8.588144894e-14,9.513699962e-14,7.660460315e-14,1.256810473e-13,1.600492469e-13,4.4725314e-14,4.938410833e-13,6.146095703e-13,4.790731811e-13,3.654830095e-13,6.345404373e-13,1.48430555e-13,1.697829253e-13,9.262085871e-14,9.80771624e-14,5.267960245e-14,1.130788571e-13,4.078302698e-14,8.116556763e-14,8.355142701e-14,1.966346203e-13,2.85332025e-13,1.040782914e-13,4.256539432e-13,3.404975268e-14
29.5,7.006383746e-13,3.071413466e-13,2.950472001e-13,3.713488958e-13,4.575887367e-13,2.235924807e-13,8.103540105e-14,8.576578967e-14,9.45905245e-14,7.631010366e-14,1.265418737e-13,1.603114592e-13,4.525082181e-14,4.959389299e-13,6.149396518e-13,4.74380191e-13,3.614478594e-13,6.348442936e-13,1.496551208e-13,1.70362551e-13,9.238724442e-14,9.883820849e-14,5.218551779e-14,1.128561668e-13,4.090685965e-14,8.183658622e-14,8.123124282e-14,1.966083723e-13,2.849937255e-13,1.038572406e-13,4.246125811e-13,3.445984272e-14
29.5078125,6.99960026e-13,3.07645273e-13,2.991159723e-13,3.69396571e-13,4.590046197e-13,2.249577794e-13,8.164229571e-14,8.570508741e-14,9.407626297e-14,7.602943371e-14,1.27482541e-13,1.606270546e-13,4.585848771e-14,4.982424866e-13,6.155121761e-13,4.69967948e-13,3.577885955e-13,6.352303372e-13,1.509845979e-13,1.711202414e-13,9.216898537e-14,9.962348617e-14,5.170119217e-14,1.126365394e-13,4.1056779e-14,8.245454568e-14,7.915901951e-14,1.965763164e-13,2.848563484e-13,1.036430867e-13,4.235379228e-13,3.48592988e-14
29.515625,6.994615508e-13,3.083200914e-13,3.032934907e-13,3.675445363e-13,4.604498974e-13,2.263740164e-13,8.227444889e-14,8.563337597e-14,9.355384077e-14,7.573129281e-14,1.285230737e-13,1.609557772e-13,4.654481634e-14,5.007092141e-13,6.162719049e-13,4.659073111e-13,3.544545951e-13,6.35819743e-13,1.523463552e-13,1.718470263e-13,9.193234765e-14,1.004054838e-13,5.12316513e-14,1.123680428e-13,4.125182384e-14,8.30613312e-14,7.726904157e-14,1.966145449e-13,2.847168336e-13,1.034864563e-13,4.226885552e-13,3.526844251e-14
29.5234375,6.990818596e-13,3.093090619e-13,3.074827121e-13,3.656459894e-13,4.616733126e-13,2.276870644e-13,8.295463178e-14,8.551972677e-14,9.299970301e-14,7.545277699e-14,1.296251076e-13,1.612268356e-13,4.727914431e-14,5.031743051e-13,6.171098541e-13,4.620820114e-13,3.512493568e-13,6.363427117e-13,1.53657767e-13,1.725542494e-13,9.168009278e-14,1.011651132e-13,5.07601965e-14,1.120666926e-13,4.147593327e-14,8.373596385e-14,7.556237958e-14,1.966945021e-13,2.846540841e-13,1.032782697e-13,4.218926111e-13,3.571011071e-14
29.53125,6.989330984e-13,3.103450646e-13,3.117065585e-13,3.637081171e-13,4.629295052e-13,2.290510491e-13,8.365372821e-14,8.540899038e-14,9.247045358e-14,7.519940853e-14,1.307153071e-13,1.614764549e-13,4.809094968e-14,5.058025112e-13,6.179801591e-13,4.584185271e-13,3.482140109e-13,6.3670034e-13,1.549717427e-13,1.733494225e-13,9.142457062e-14,1.01934095e-13,5.027011988e-14,1.118160665e-13,4.171166511e-14,8.445018417e-14,7.404585501e-14,1.967905189e-13,2.848196593e-13,1.029908015e-13,4.20908007e-13,3.615042745e-14
29.5390625,6.985860028e-13,3.112758241e-13,3.160478496e-13,3.618699337e-13,4.642376755e-13,2.305486859e-13,8.437349077e-14,8.530542015e-14,9.1932508e-14,7.49230659e-14,1.318583045e-13,1.617138459e-13,4.897546295e-14,5.085399057e-13,6.189543509e-13,4.549885752e-13,3.453490532e-13,6.368827819e-13,1.563066191e-13,1.74251593e-13,9.114862293e-14,1.027012973e-13,4.977404532e-14,1.115751594e-13,4.196774669e-14,8.513802227e-14,7.272150481e-14,1.968291745e-13,2.852456991e-13,1.026891933e-13,4.197788553e-13,3.655575372e-14
29.546875,6.977805942e-13,3.123497482e-13,3.205719705e-13,3.602080753e-13,4.653515537e-13,2.32029265e-13,8.513441879e-14,8.516998e-14,9.132121419e-14,7.462753781e-14,1.33189318e-13,1.619184996e-13,4.990751934e-14,5.111880338e-13,6.201304837e-13,4.518794164e-13,3.425996471e-13,6.369440325e-13,1.57652536e-13,1.751778233e-13,9.087395059e-14,1.034474658e-13,4.928651994e-14,1.111800373e-13,4.22660572e-14,8.582981666e-14,7.163301467e-14,1.967987562e-13,2.859313945e-13,1.023589819e-13,4.18701319e-13,3.695105706e-14
29.5546875,6.971052011e-13,3.135512127e-13,3.252890473e-13,3.586424858e-13,4.664220643e-13,2.334483202e-13,8.59320135e-14,8.500569975e-14,9.067285333e-14,7.433134804e-14,1.346629212e-13,1.621199413e-13,5.089670708e-14,5.140040906e-13,6.215614185e-13,4.491725432e-13,3.401985376e-13,6.370827144e-13,1.589967764e-13,1.760605601e-13,9.063784791e-14,1.041792799e-13,4.882271293e-14,1.106581211e-13,4.260632279e-14,8.656594746e-14,7.077373677e-14,1.968194494e-13,2.866450502e-13,1.02003665e-13,4.177867436e-13,3.736099829e-14
29.5625,6.967147544e-13,3.144224702e-13,3.300864424e-13,3.570278108e-13,4.675606377e-13,2.348256255e-13,8.675115575e-14,8.484886072e-14,9.00069896e-14,7.402121528e-14,1.36127555e-13,1.622878e-13,5.190535586e-14,5.170865542e-13,6.231739754e-13,4.468426903e-13,3.382484368e-13,6.371278502e-13,1.60222245e-13,1.7707858e-13,9.039519768e-14,1.048511989e-13,4.839406041e-14,1.102092146e-13,4.295998007e-14,8.732777364e-14,7.00689477e-14,1.968433379e-13,2.871128214e-13,1.016656524e-13,4.168833548e-13,3.777959163e-14
29.5703125,6.963472303e-13,3.150636783e-13,3.348937016e-13,3.553703912e-13,4.68642201e-13,2.362132133e-13,8.757404983e-14,8.470674086e-14,8.933796114e-14,7.370166789e-14,1.375830633e-13,1.624031719e-13,5.294008892e-14,5.201505928e-13,6.248853881e-13,4.447336356e-13,3.364958569e-13,6.368898321e-13,1.613620819e-13,1.783685522e-13,9.011526857e-14,1.05468734e-13,4.795956275e-14,1.098263959e-13,4.33205132e-14,8.811247317e-14,6.949656278e-14,1.96786333e-13,2.875132543e-13,1.012883713e-13,4.158531347e-13,3.821950315e-14
29.578125,6.96282711e-13,3.160445467e-13,3.39893586e-13,3.538591789e-13,4.6984183e-13,2.377874372e-13,8.840418783e-14,8.455204175e-14,8.87522871e-14,7.337712573e-14,1.391352226e-13,1.626086923e-13,5.412174486e-14,5.233685083e-13,6.268719773e-13,4.42883463e-13,3.349194274e-13,6.368430092e-13,1.626588919e-13,1.796453787e-13,8.986904255e-14,1.061447085e-13,4.747243827e-14,1.093741882e-13,4.372416642e-14,8.893465969e-14,6.911812159e-14,1.968366371e-13,2.881869634e-13,1.008436893e-13,4.14972415e-13,3.869462633e-14
29.5859375,6.964491413e-13,3.172444685e-13,3.45234946e-13,3.525299084e-13,4.712357994e-13,2.39509223e-13,8.927620384e-14,8.435848086e-14,8.822275593e-14,7.303644807e-14,1.408127575e-13,1.629485395e-13,5.544557233e-14,5.269706856e-13,6.292292506e-13,4.413832582e-13,3.336220217e-13,6.371116439e-13,1.640772333e-13,1.8072965e-13,8.967543956e-14,1.068716379e-13,4.696631609e-14,1.08894244e-13,4.41777091e-14,8.978990408e-14,6.893390735e-14,1.970366751e-13,2.891256262e-13,1.004242183e-13,4.144539448e-13,3.917955275e-14
29.59375,6.964358981e-13,3.182685018e-13,3.507425246e-13,3.511625677e-13,4.725978906e-13,2.411442433e-13,9.018941393e-14,8.412428118e-14,8.761504428e-14,7.268108792e-14,1.425862035e-13,1.632408681e-13,5.679777964e-14,5.306169738e-13,6.316197506e-13,4.399967641e-13,3.324037014e-13,6.370835145e-13,1.654021876e-13,1.81863917e-13,8.945917507e-14,1.075443141e-13,4.649400225e-14,1.084448753e-13,4.463712829e-14,9.066984555e-14,6.883593692e-14,1.971590693e-13,2.901723411e-13,1.000396372e-13,4.139840202e-13,3.965336163e-14
29.6015625,6.966227939e-13,3.192910533e-13,3.562838019e-13,3.497057468e-13,4.74084402e-13,2.427495272e-13,9.11000405e-14,8.389805693e-14,8.695018425e-14,7.231236242e-14,1.444446112e-13,1.634362632e-13,5.820808637e-14,5.342470379e-13,6.339571082e-13,4.387030429e-13,3.312955586e-13,6.36801829e-13,1.667363065e-13,1.831431134e-13,8.921227549e-14,1.08197764e-13,4.604796227e-14,1.079844923e-13,4.510388558e-14,9.155541789e-14,6.884585242e-14,1.972327737e-13,2.913305114e-13,9.960925853e-14,4.13352995e-13,4.01261347e-14
29.609375,6.971151641e-13,3.203722163e-13,3.620122692e-13,3.483531879e-13,4.757797388e-13,2.444239373e-13,9.200101102e-14,8.37559698e-14,8.631163483e-14,7.19638851e-14,1.463696917e-13,1.636528569e-13,5.969193011e-14,5.381273778e-13,6.366532518e-13,4.379369305e-13,3.306616787e-13,6.367192996e-13,1.681930483e-13,1.844753836e-13,8.898883481e-14,1.088659313e-13,4.560140414e-14,1.075607318e-13,4.562716269e-14,9.243953874e-14,6.909363195e-14,1.973698225e-13,2.92646298e-13,9.914775604e-14,4.127211473e-13,4.060523361e-14
29.6171875,6.971937511e-13,3.212422557e-13,3.679697377e-13,3.471644772e-13,4.771586623e-13,2.45982641e-13,9.29224348e-14,8.36815183e-14,8.564864344e-14,7.169209947e-14,1.483254433e-13,1.638684017e-13,6.113515128e-14,5.419845628e-13,6.397061614e-13,4.377081291e-13,3.304197602e-13,6.364947843e-13,1.69579168e-13,1.859107617e-13,8.879846481e-14,1.094424166e-13,4.514825811e-14,1.072024084e-13,4.619644625e-14,9.335689647e-14,6.947616716e-14,1.97422517e-13,2.940583963e-13,9.869887183e-14,4.120118177e-13,4.108734343e-14
29.625,6.968846116e-13,3.220463711e-13,3.73967076e-13,3.460928773e-13,4.781332189e-13,2.474081516e-13,9.386593746e-14,8.357163271e-14,8.492881614e-14,7.144717374e-14,1.50314046e-13,1.640143383e-13,6.258047616e-14,5.456078245e-13,6.427440479e-13,4.376358834e-13,3.302067187e-13,6.358370801e-13,1.708205708e-13,1.873858393e-13,8.862964875e-14,1.09917598e-13,4.469580014e-14,1.067786124e-13,4.676845666e-14,9.432827151e-14,6.986178379e-14,1.973910145e-13,2.954680495e-13,9.821972155e-14,4.110712671e-13,4.157206823e-14
29.6328125,6.967391183e-13,3.23002041e-13,3.799316583e-13,3.451175528e-13,4.792028989e-13,2.488855784e-13,9.481190893e-14,8.342556664e-14,8.42020096e-14,7.113635939e-14,1.523754751e-13,1.641240569e-13,6.416515446e-14,5.493655007e-13,6.458713929e-13,4.377630699e-13,3.300379823e-13,6.351120524e-13,1.720605298e-13,1.88793906e-13,8.846132494e-14,1.103929985e-13,4.425837085e-14,1.062546045e-13,4.736055933e-14,9.535293249e-14,7.041989092e-14,1.974198535e-13,2.968590455e-13,9.76770843e-14,4.101413589e-13,4.206827318e-14
29.640625,6.966731752e-13,3.2388664e-13,3.859368757e-13,3.441153086e-13,4.803302652e-13,2.503566566e-13,9.577347242e-14,8.332940891e-14,8.345926608e-14,7.080272785e-14,1.545170823e-13,1.641714463e-13,6.581621728e-14,5.532906313e-13,6.492690006e-13,4.381758006e-13,3.300199827e-13,6.343604866e-13,1.732942585e-13,1.903429915e-13,8.825398046e-14,1.10852747e-13,4.384084625e-14,1.057516047e-13,4.8000682e-14,9.644248582e-14,7.123007205e-14,1.973866957e-13,2.983417335e-13,9.709501767e-14,4.093553907e-13,4.258904624e-14
29.6484375,6.966346426e-13,3.246546514e-13,3.920335266e-13,3.430694917e-13,4.812355527e-13,2.517158513e-13,9.677487438e-14,8.325899159e-14,8.268608251e-14,7.05179826e-14,1.567170164e-13,1.641289331e-13,6.742915245e-14,5.570827703e-13,6.526848208e-13,4.386279579e-13,3.300965234e-13,6.333923954e-13,1.744424212e-13,1.921374434e-13,8.801529306e-14,1.112501735e-13,4.343289244e-14,1.052757289e-13,4.866435414e-14,9.75637451e-14,7.213415099e-14,1.97220949e-13,3.000689207e-13,9.647790643e-14,4.084963408e-13,4.312301474e-14
29.65625,6.968741825e-13,3.255579372e-13,3.982533044e-13,3.421557502e-13,4.821146929e-13,2.530659015e-13,9.779524339e-14,8.31286946e-14,8.192425545e-14,7.024709751e-14,1.589770557e-13,1.640975165e-13,6.907450713e-14,5.608943676e-13,6.56059752e-13,4.391603088e-13,3.303517576e-13,6.324313953e-13,1.755646299e-13,1.939105873e-13,8.778638799e-14,1.11635371e-13,4.301931829e-14,1.04716814e-13,4.933169778e-14,9.867008137e-14,7.314135448e-14,1.97108211e-13,3.020003418e-13,9.581434559e-14,4.075386541e-13,4.364555577e-14
29.6640625,6.972860514e-13,3.265319655e-13,4.045742862e-13,3.413252658e-13,4.830637709e-13,2.544667752e-13,9.880696258e-14,8.293885524e-14,8.11649725e-14,6.994863064e-14,1.612984518e-13,1.64103936e-13,7.080831047e-14,5.649213279e-13,6.596123429e-13,4.40011837e-13,3.30896726e-13,6.315506061e-13,1.767142938e-13,1.955445059e-13,8.757218162e-14,1.120187005e-13,4.258537111e-14,1.040521868e-13,5.002403819e-14,9.980811295e-14,7.431867351e-14,1.970599283e-13,3.038467518e-13,9.513040986e-14,4.066069952e-13,4.416810692e-14
29.671875,6.977214352e-13,3.274499581e-13,4.10965724e-13,3.40492859e-13,4.838987366e-13,2.558842493e-13,9.981622957e-14,8.272643134e-14,8.038206031e-14,6.961425844e-14,1.636814499e-13,1.640775417e-13,7.260073054e-14,5.690090148e-13,6.632934926e-13,4.411206437e-13,3.316547034e-13,6.305214697e-13,1.778478093e-13,1.971820177e-13,8.737305437e-14,1.123577169e-13,4.214289531e-14,1.033502523e-13,5.075554912e-14,1.010110661e-13,7.558509074e-14,1.969748483e-13,3.055133297e-13,9.446535584e-14,4.056692468e-13,4.471005358e-14
29.6796875,6.983052597e-13,3.284985416e-13,4.175308471e-13,3.398864299e-13,4.847067089e-13,2.573195668e-13,1.008199258e-13,8.251704491e-14,7.960523353e-14,6.925265002e-14,1.661775369e-13,1.640396546e-13,7.443578348e-14,5.731513322e-13,6.671013947e-13,4.425122867e-13,3.326173528e-13,6.294252434e-13,1.789466405e-13,1.988601091e-13,8.719521259e-14,1.126730946e-13,4.172486368e-14,1.026511048e-13,5.15164671e-14,1.02207174e-13,7.696936355e-14,1.969221008e-13,3.073635199e-13,9.381497257e-14,4.047410769e-13,4.525246479e-14
29.6875,6.990909931e-13,3.296319954e-13,4.243034034e-13,3.39457105e-13,4.856242005e-13,2.587455016e-13,1.018195121e-13,8.233525171e-14,7.881370547e-14,6.893182018e-14,1.688074862e-13,1.639748298e-13,7.62752248e-14,5.77415727e-13,6.712935354e-13,4.443633922e-13,3.338679464e-13,6.284094606e-13,1.800345729e-13,2.005272168e-13,8.701401976e-14,1.129801071e-13,4.132383207e-14,1.019433768e-13,5.230560772e-14,1.033858858e-13,7.851774917e-14,1.968898205e-13,3.096126017e-13,9.313643558e-14,4.03829832e-13,4.57883226e-14
29.6953125,7.000172794e-13,3.305699434e-13,4.310676088e-13,3.388277008e-13,4.864692928e-13,2.601177883e-13,1.028367796e-13,8.216759845e-14,7.795102447e-14,6.866755562e-14,1.714779154e-13,1.637752223e-13,7.807007378e-14,5.815840121e-13,6.757657028e-13,4.464591467e-13,3.352987147e-13,6.272786373e-13,1.810958246e-13,2.021884019e-13,8.682781726e-14,1.13235319e-13,4.091357966e-14,1.012349881e-13,5.311806984e-14,1.046203386e-13,8.009630955e-14,1.967771033e-13,3.11914092e-13,9.241443151e-14,4.027739242e-13,4.634887551e-14
29.703125,7.00990395e-13,3.314588177e-13,4.377521339e-13,3.381486449e-13,4.87128081e-13,2.614690352e-13,1.038458777e-13,8.201263286e-14,7.706958089e-14,6.836319846e-14,1.741302666e-13,1.634987859e-13,7.985635355e-14,5.856103793e-13,6.801909122e-13,4.485325699e-13,3.367730044e-13,6.259144028e-13,1.821100237e-13,2.038538406e-13,8.66737537e-14,1.134460259e-13,4.052211594e-14,1.005470123e-13,5.393421638e-14,1.05883537e-13,8.169594497e-14,1.96662606e-13,3.14064038e-13,9.167539809e-14,4.016005691e-13,4.694253271e-14
29.7109375,7.019758453e-13,3.324807474e-13,4.446488313e-13,3.377902729e-13,4.878103586e-13,2.628880579e-13,1.048268742e-13,8.192563274e-14,7.624821274e-14,6.80135024e-14,1.768545435e-13,1.63308683e-13,8.170923478e-14,5.898272709e-13,6.847136511e-13,4.508003738e-13,3.384408045e-13,6.245248086e-13,1.831368144e-13,2.055691381e-13,8.654038574e-14,1.13675795e-13,4.018018069e-14,9.985631102e-14,5.47763502e-14,1.07110749e-13,8.346877074e-14,1.965970528e-13,3.164158978e-13,9.092218603e-14,4.005470311e-13,4.754493001e-14
29.71875,7.030619829e-13,3.334211645e-13,4.51948206e-13,3.375520623e-13,4.886461923e-13,2.644263366e-13,1.058375309e-13,8.189720962e-14,7.54504106e-14,6.769478815e-14,1.797477471e-13,1.631943838e-13,8.364223884e-14,5.94289393e-13,6.895764768e-13,4.534699469e-13,3.40462531e-13,6.232508653e-13,1.842257007e-13,2.074217451e-13,8.638320508e-14,1.139233019e-13,3.985302346e-14,9.918428568e-14,5.56848849e-14,1.083576959e-13,8.539415926e-14,1.964994405e-13,3.191378598e-13,9.014703107e-14,3.9963436e-13,4.81456953e-14
29.7265625,7.041712068e-13,3.34331709e-13,4.595074466e-13,3.372439997e-13,4.894104801e-13,2.660091433e-13,1.068944751e-13,8.184080793e-14,7.459791271e-14,6.735553536e-14,1.828022033e-13,1.630420615e-13,8.560992972e-14,5.986493183e-13,6.946458595e-13,4.563952317e-13,3.426871994e-13,6.219681158e-13,1.852953474e-13,2.093472416e-13,8.620351405e-14,1.141157742e-13,3.950606366e-14,9.859710463e-14,5.662826178e-14,1.096867174e-13,8.733712875e-14,1.964256609e-13,3.219223015e-13,8.938940322e-14,3.987072356e-13,4.875410526e-14
29.734375,7.052709356e-13,3.354676939e-13,4.672199799e-13,3.371330885e-13,4.899971591e-13,2.675718784e-13,1.079599076e-13,8.17542282e-14,7.368697301e-14,6.695341762e-14,1.859942163e-13,1.628282091e-13,8.759901397e-14,6.028749073e-13,6.999011193e-13,4.595431908e-13,3.450194813e-13,6.20629254e-13,1.862970119e-13,2.111589074e-13,8.602113285e-14,1.142356964e-13,3.916282347e-14,9.799618256e-14,5.75783665e-14,1.110679354e-13,8.929390546e-14,1.964647741e-13,3.246814887e-13,8.865122659e-14,3.977144802e-13,4.938789222e-14
29.7421875,7.066938566e-13,3.366192811e-13,4.75155542e-13,3.372542867e-13,4.907323714e-13,2.692361874e-13,1.090468432e-13,8.172422385e-14,7.279670912e-14,6.660561652e-14,1.893443858e-13,1.626291966e-13,8.967329676e-14,6.073062916e-13,7.055140232e-13,4.630531391e-13,3.47618954e-13,6.19425914e-13,1.873513328e-13,2.12899161e-13,8.584987737e-14,1.143643589e-13,3.885927004e-14,9.723952691e-14,5.858932082e-14,1.124910232e-13,9.137963972e-14,1.965429035e-13,3.276847486e-13,8.78551943e-14,3.967761564e-13,5.0062926e-14
29.75,7.083208163e-13,3.375791559e-13,4.833349937e-13,3.373055029e-13,4.916930364e-13,2.710442157e-13,1.101530473e-13,8.179011829e-14,7.199030592e-14,6.63512775e-14,1.928288551e-13,1.62521351e-13,9.184672262e-14,6.119245456e-13,7.11336272e-13,4.668506316e-13,3.504254622e-13,6.183731568e-13,1.884867016e-13,2.148035759e-13,8.57193072e-14,1.1453484e-13,3.859789246e-14,9.645620778e-14,5.967572877e-14,1.139841606e-13,9.366230292e-14,1.965709312e-13,3.310181098e-13,8.700076105e-14,3.960700034e-13,5.076431211e-14
29.7578125,7.095534796e-13,3.384709696e-13,4.917342622e-13,3.372510506e-13,4.924898757e-13,2.727929859e-13,1.112584917e-13,8.18992748e-14,7.121154901e-14,6.606986508e-14,1.963622602e-13,1.624591689e-13,9.402735058e-14,6.16415618e-13,7.171270094e-13,4.707798956e-13,3.531952218e-13,6.172099774e-13,1.895247553e-13,2.168738933e-13,8.562052667e-14,1.146582556e-13,3.835218373e-14,9.580463002e-14,6.078844047e-14,1.155263756e-13,9.60601666e-14,1.964944991e-13,3.345383855e-13,8.617206985e-14,3.955288758e-13,5.146004146e-14
29.765625,7.106492173e-13,3.39291898e-13,5.00387326e-13,3.37255653e-13,4.931322869e-13,2.744393887e-13,1.124202187e-13,8.196979007e-14,7.039011233e-14,6.57080612e-14,1.999386914e-13,1.623373126e-13,9.62067393e-14,6.208512718e-13,7.229556158e-13,4.748365148e-13,3.559931646e-13,6.159018428e-13,1.904318542e-13,2.189271904e-13,8.548860658e-14,1.147026151e-13,3.809761725e-14,9.515738138e-14,6.193648447e-14,1.170881177e-13,9.847155628e-14,1.963212157e-13,3.381854229e-13,8.536193737e-14,3.949115045e-13,5.215312382e-14
29.7734375,7.122276827e-13,3.400588073e-13,5.092798436e-13,3.372938563e-13,4.939452525e-13,2.761705355e-13,1.136409337e-13,8.199855268e-14,6.957408043e-14,6.530439524e-14,2.036312924e-13,1.621806492e-13,9.848378249e-14,6.254388138e-13,7.289475258e-13,4.790645761e-13,3.589660615e-13,6.146276739e-13,1.913886045e-13,2.209558986e-13,8.532177255e-14,1.147501464e-13,3.783472471e-14,9.44019572e-14,6.314795164e-14,1.187044833e-13,1.009257391e-13,1.961912657e-13,3.420181021e-13,8.451431745e-14,3.942835527e-13,5.287422688e-14
29.78125,7.139568094e-13,3.408800206e-13,5.183123871e-13,3.372561383e-13,4.947557814e-13,2.779510461e-13,1.148068907e-13,8.207847762e-14,6.879308066e-14,6.488293212e-14,2.074198406e-13,1.620654038e-13,1.008463982e-13,6.300123124e-13,7.351487888e-13,4.836208139e-13,3.621176495e-13,6.133492779e-13,1.924244669e-13,2.23068605e-13,8.519505007e-14,1.147994166e-13,3.757128097e-14,9.365503997e-14,6.439645319e-14,1.204171276e-13,1.035016455e-13,1.961149899e-13,3.460690769e-13,8.366170449e-14,3.938366392e-13,5.363885297e-14
29.7890625,7.155825148e-13,3.416471046e-13,5.274028283e-13,3.371855667e-13,4.953739462e-13,2.795971842e-13,1.158951967e-13,8.225801591e-14,6.799071807e-14,6.447859699e-14,2.112319439e-13,1.619457689e-13,1.031969949e-13,6.344738358e-13,7.415600409e-13,4.886440044e-13,3.655785475e-13,6.119849842e-13,1.93410975e-13,2.252964427e-13,8.511641178e-14,1.147807322e-13,3.731311497e-14,9.300643717e-14,6.566386719e-14,1.221937617e-13,1.062328078e-13,1.959608914e-13,3.50274839e-13,8.284630549e-14,3.934193019e-13,5.444309574e-14
29.796875,7.176019924e-13,3.424286349e-13,5.36530115e-13,3.372163323e-13,4.960689569e-13,2.812005593e-13,1.170022393e-13,8.24902268e-14,6.719181284e-14,6.410497233e-14,2.151118331e-13,1.617678914e-13,1.055273124e-13,6.390109723e-13,7.480068201e-13,4.938707561e-13,3.693571157e-13,6.106494991e-13,1.943427692e-13,2.275850737e-13,8.502565936e-14,1.147381876e-13,3.70860121e-14,9.243277512e-14,6.69601682e-14,1.239750924e-13,1.090770781e-13,1.958475795e-13,3.546219078e-13,8.204511769e-14,3.928900025e-13,5.527084711e-14
29.8046875,7.199260981e-13,3.434594127e-13,5.457837307e-13,3.374086335e-13,4.968581576e-13,2.829632253e-13,1.181664813e-13,8.274944038e-14,6.64651067e-14,6.371130135e-14,2.191503513e-13,1.615848946e-13,1.078735794e-13,6.435769705e-13,7.544201137e-13,4.99087147e-13,3.731730669e-13,6.094132908e-13,1.952835321e-13,2.298357485e-13,8.492212291e-14,1.147344945e-13,3.690557036e-14,9.1890273e-14,6.829438814e-14,1.257821929e-13,1.119332559e-13,1.959303492e-13,3.592303414e-13,8.123410858e-14,3.924617117e-13,5.610999084e-14
29.8125,7.22017338e-13,3.444727129e-13,5.553212442e-13,3.377125092e-13,4.975010544e-13,2.848480722e-13,1.193322423e-13,8.304791905e-14,6.57627007e-14,6.328094761e-14,2.233529229e-13,1.614358603e-13,1.102454402e-13,6.479714243e-13,7.610262403e-13,5.045950832e-13,3.770024828e-13,6.082238263e-13,1.962138664e-13,2.320819363e-13,8.484931982e-14,1.14725373e-13,3.673916782e-14,9.129659284e-14,6.967464997e-14,1.276812536e-13,1.148080379e-13,1.960102513e-13,3.641004106e-13,8.040379824e-14,3.922641943e-13,5.697769532e-14
29.8203125,7.240441748e-13,3.451410765e-13,5.651708615e-13,3.379912006e-13,4.98090847e-13,2.867209383e-13,1.204479692e-13,8.336130777e-14,6.502174751e-14,6.284294943e-14,2.276714586e-13,1.612850507e-13,1.126645644e-13,6.522786037e-13,7.678319698e-13,5.105004801e-13,3.81022652e-13,6.069985356e-13,1.971153147e-13,2.344989278e-13,8.480797671e-14,1.146764544e-13,3.656507476e-14,9.062530988e-14,7.109196548e-14,1.296528244e-13,1.178435964e-13,1.959050914e-13,3.691581396e-13,7.954305275e-14,3.921028534e-13,5.788377864e-14
29.828125,7.262261762e-13,3.456902608e-13,5.752089212e-13,3.381209839e-13,4.987140002e-13,2.885540304e-13,1.215398843e-13,8.367612734e-14,6.42781107e-14,6.240362926e-14,2.320757364e-13,1.611226211e-13,1.151504533e-13,6.566390969e-13,7.746194087e-13,5.16507474e-13,3.851810666e-13,6.056278829e-13,1.98022262e-13,2.370920783e-13,8.477860681e-14,1.146049274e-13,3.640951082e-14,8.997261726e-14,7.254011494e-14,1.316386518e-13,1.210978458e-13,1.957138025e-13,3.74550886e-13,7.866224582e-14,3.918561918e-13,5.880308777e-14
29.8359375,7.283748299e-13,3.463755308e-13,5.853175331e-13,3.382067441e-13,4.992891853e-13,2.903613554e-13,1.22654368e-13,8.404139143e-14,6.358578605e-14,6.198721499e-14,2.365982577e-13,1.609934994e-13,1.176986129e-13,6.61033107e-13,7.815130449e-13,5.226653086e-13,3.894585846e-13,6.041887603e-13,1.989531662e-13,2.397267374e-13,8.475613906e-14,1.145112054e-13,3.627862539e-14,8.938487381e-14,7.404016058e-14,1.336636228e-13,1.24454726e-13,1.955352856e-13,3.802484999e-13,7.77880739e-14,3.916895859e-13,5.974074919e-14
29.84375,7.306637348e-13,3.471337688e-13,5.954984214e-13,3.384821777e-13,4.999867252e-13,2.922143272e-13,1.237736942e-13,8.448087562e-14,6.296398294e-14,6.160333633e-14,2.412968642e-13,1.609097674e-13,1.202993506e-13,6.654652935e-13,7.886906402e-13,5.291224523e-13,3.939353341e-13,6.029728702e-13,1.998982901e-13,2.424027484e-13,8.472649755e-14,1.144123393e-13,3.614536354e-14,8.882534745e-14,7.559897302e-14,1.357527256e-13,1.27731702e-13,1.954241807e-13,3.858388997e-13,7.693841858e-14,3.917537251e-13,6.072482322e-14
29.8515625,7.333341379e-13,3.478420679e-13,6.059127386e-13,3.38910803e-13,5.008855838e-13,2.942442091e-13,1.248834214e-13,8.493710602e-14,6.239082492e-14,6.116907714e-14,2.461575936e-13,1.608292371e-13,1.229277625e-13,6.699193775e-13,7.959381927e-13,5.356438058e-13,3.985365253e-13,6.020119808e-13,2.008598513e-13,2.451511286e-13,8.467606325e-14,1.143387955e-13,3.601333972e-14,8.82864591e-14,7.720857074e-14,1.378591371e-13,1.308976691e-13,1.95426346e-13,3.913790475e-13,7.610327877e-14,3.919945864e-13,6.172089066e-14
29.859375,7.360707773e-13,3.484824819e-13,6.166714204e-13,3.392970241e-13,5.016414499e-13,2.963911848e-13,1.259986861e-13,8.536372525e-14,6.180110851e-14,6.065714661e-14,2.511384451e-13,1.60724426e-13,1.255487033e-13,6.742535549e-13,8.031522122e-13,5.422530703e-13,4.032750738e-13,6.010236881e-13,2.018479718e-13,2.479271315e-13,8.461540738e-14,1.142657156e-13,3.590933601e-14,8.775055678e-14,7.886699472e-14,1.399848887e-13,1.34166872e-13,1.954399492e-13,3.974088308e-13,7.524825841e-14,3.923419866e-13,6.269334553e-14
29.8671875,7.386391043e-13,3.491376936e-13,6.276092253e-13,3.396351263e-13,5.021155267e-13,2.984490225e-13,1.270964409e-13,8.580789967e-14,6.116655353e-14,6.017479617e-14,2.562192104e-13,1.605972797e-13,1.28159363e-13,6.784219153e-13,8.106350265e-13,5.493624638e-13,4.082974748e-13,5.999804938e-13,2.028442836e-13,2.507628679e-13,8.455370225e-14,1.141538962e-13,3.583262857e-14,8.720271146e-14,8.056924648e-14,1.421877432e-13,1.37666494e-13,1.953518653e-13,4.038708604e-13,7.436371773e-14,3.927852823e-13,6.368143411e-14
29.875,7.412762647e-13,3.498048338e-13,6.385750081e-13,3.399059276e-13,5.026142481e-13,3.004647672e-13,1.281874586e-13,8.633393482e-14,6.0530661e-14,5.975321401e-14,2.613436126e-13,1.604577489e-13,1.307935796e-13,6.825901694e-13,8.185858442e-13,5.570309726e-13,4.135843767e-13,5.99178252e-13,2.038450849e-13,2.537841062e-13,8.449136323e-14,1.140132911e-13,3.575503452e-14,8.669714984e-14,8.234123625e-14,1.444607576e-13,1.412419892e-13,1.951996776e-13,4.103546453e-13,7.347679575e-14,3.933014733e-13,6.470305089e-14
29.8828125,7.44175554e-13,3.504140718e-13,6.496992711e-13,3.400230753e-13,5.033402648e-13,3.02641924e-13,1.293278524e-13,8.690854811e-14,5.993081321e-14,5.931045518e-14,2.665244308e-13,1.603393691e-13,1.334745497e-13,6.868986283e-13,8.268770742e-13,5.650111911e-13,4.190719841e-13,5.987279544e-13,2.049150196e-13,2.570342794e-13,8.444595163e-14,1.138811829e-13,3.565894631e-14,8.623673197e-14,8.421672265e-14,1.467798528e-13,1.447954976e-13,1.950465317e-13,4.170053509e-13,7.260660277e-14,3.939485215e-13,6.573093784e-14
29.890625,7.472484449e-13,3.5107219e-13,6.611432561e-13,3.401961711e-13,5.04206329e-13,3.049730047e-13,1.304903841e-13,8.745741255e-14,5.936494055e-14,5.884597547e-14,2.719022301e-13,1.602701464e-13,1.361892769e-13,6.912732281e-13,8.353868918e-13,5.732297785e-13,4.24766423e-13,5.984836806e-13,2.060785116e-13,2.603325969e-13,8.442184494e-14,1.137828408e-13,3.557297166e-14,8.575157192e-14,8.616446973e-14,1.491785912e-13,1.484153126e-13,1.94947437e-13,4.240383136e-13,7.175283399e-14,3.948022929e-13,6.678392969e-14
29.8984375,7.50363989e-13,3.518535502e-13,6.729989817e-13,3.40641715e-13,5.050872315e-13,3.073914226e-13,1.316378595e-13,8.798784126e-14,5.882179661e-14,5.841710479e-14,2.775059899e-13,1.602502784e-13,1.389458059e-13,6.955664345e-13,8.441280114e-13,5.816957333e-13,4.306134838e-13,5.98359234e-13,2.072783937e-13,2.63450377e-13,8.438418763e-14,1.137123081e-13,3.553298299e-14,8.526400188e-14,8.815293258e-14,1.516657146e-13,1.521580436e-13,1.949703963e-13,4.313548096e-13,7.089969551e-14,3.958020133e-13,6.788549947e-14
29.90625,7.535630328e-13,3.526692451e-13,6.853640692e-13,3.411226369e-13,5.059685881e-13,3.099438093e-13,1.328127395e-13,8.85410116e-14,5.830493211e-14,5.800953709e-14,2.832418121e-13,1.603151686e-13,1.417905685e-13,6.997720289e-13,8.530555344e-13,5.90345988e-13,4.36567693e-13,5.983495109e-13,2.085364781e-13,2.664618534e-13,8.433964436e-14,1.136538992e-13,3.550967341e-14,8.483987171e-14,9.020156622e-14,1.542070848e-13,1.560071096e-13,1.950918692e-13,4.391519982e-13,7.003209855e-14,3.969463416e-13,6.901505138e-14
29.9140625,7.569329323e-13,3.535235568e-13,6.981083543e-13,3.414183573e-13,5.069448839e-13,3.126028067e-13,1.340181226e-13,8.911034487e-14,5.783424787e-14,5.758869694e-14,2.890929924e-13,1.60496123e-13,1.44712893e-13,7.04018712e-13,8.621231971e-13,5.991982745e-13,4.426520585e-13,5.984339088e-13,2.099160952e-13,2.696129219e-13,8.435899729e-14,1.136082753e-13,3.546510299e-14,8.444191839e-14,9.231178286e-14,1.568062564e-13,1.599131896e-13,1.952277217e-13,4.47603042e-13,6.917709428e-14,3.983191255e-13,7.017474801e-14
29.921875,7.603451263e-13,3.543931679e-13,7.10848404e-13,3.416873186e-13,5.08052909e-13,3.152808582e-13,1.352281819e-13,8.971002157e-14,5.739879701e-14,5.714938178e-14,2.949777377e-13,1.60700616e-13,1.47649537e-13,7.083866728e-13,8.714514427e-13,6.083958545e-13,4.488984139e-13,5.986005025e-13,2.1133531e-13,2.730009793e-13,8.443791742e-14,1.135566062e-13,3.543290066e-14,8.402126468e-14,9.447181811e-14,1.594726095e-13,1.638674185e-13,1.953407445e-13,4.561913508e-13,6.835887968e-14,3.997975772e-13,7.1375945e-14
29.9296875,7.636176459e-13,3.551547056e-13,7.233648942e-13,3.420084925e-13,5.091362845e-13,3.179636678e-13,1.364773783e-13,9.039481784e-14,5.695140944e-14,5.669992572e-14,3.007232642e-13,1.608096217e-13,1.505949359e-13,7.127124304e-13,8.810095171e-13,6.179175688e-13,4.552877728e-13,5.988075729e-13,2.126739736e-13,2.76636182e-13,8.447212017e-14,1.134612239e-13,3.544300164e-14,8.363404151e-14,9.668598261e-14,1.621643568e-13,1.679263452e-13,1.954165002e-13,4.645853206e-13,6.752786469e-14,4.011904921e-13,7.259840664e-14
29.9375,7.668134503e-13,3.558169566e-13,7.358561885e-13,3.422868621e-13,5.101037309e-13,3.206831616e-13,1.377728606e-13,9.116194804e-14,5.650710044e-14,5.628759293e-14,3.064283004e-13,1.6088156e-13,1.535928071e-13,7.167755339e-13,8.905365052e-13,6.275384223e-13,4.617371786e-13,5.990946503e-13,2.13971039e-13,2.804349823e-13,8.443290127e-14,1.133435723e-13,3.54674424e-14,8.335370961e-14,9.89565862e-14,1.648745639e-13,1.720234162e-13,1.954524231e-13,4.733266473e-13,6.664548326e-14,4.025815971e-13,7.384723044e-14
29.9453125,7.701161707e-13,3.564134239e-13,7.487467282e-13,3.425778781e-13,5.111661332e-13,3.235192541e-13,1.39068703e-13,9.195923244e-14,5.614236296e-14,5.593956295e-14,3.123814345e-13,1.610875147e-13,1.566653875e-13,7.207975273e-13,9.001645016e-13,6.37330919e-13,4.683180325e-13,5.996849412e-13,2.153688737e-13,2.842178462e-13,8.440562253e-14,1.13271224e-13,3.548326668e-14,8.314395328e-14,1.013080509e-13,1.676919952e-13,1.760869533e-13,1.954874491e-13,4.828015789e-13,6.577651376e-14,4.04257597e-13,7.51467812e-14
29.953125,7.735347574e-13,3.5697125e-13,7.621571054e-13,3.428884912e-13,5.124671648e-13,3.264751994e-13,1.403582636e-13,9.275613366e-14,5.584435367e-14,5.559432075e-14,3.185985609e-13,1.614401719e-13,1.597781791e-13,7.251326103e-13,9.102322603e-13,6.475803312e-13,4.752008271e-13,6.005931695e-13,2.169230515e-13,2.879447157e-13,8.443567239e-14,1.132468554e-13,3.549183657e-14,8.289971466e-14,1.037538169e-13,1.706587888e-13,1.80273097e-13,1.955586777e-13,4.926185961e-13,6.498844819e-14,4.063549941e-13,7.648218223e-14
29.9609375,7.768519143e-13,3.575731366e-13,7.757125736e-13,3.430300927e-13,5.137726984e-13,3.294016973e-13,1.416723307e-13,9.354302262e-14,5.551342568e-14,5.523334181e-14,3.248629294e-13,1.617683511e-13,1.628619768e-13,7.294823138e-13,9.204821357e-13,6.581425267e-13,4.822680571e-13,6.015132124e-13,2.185143119e-13,2.916186391e-13,8.448501268e-14,1.132022483e-13,3.551216416e-14,8.261267364e-14,1.062529654e-13,1.736577714e-13,1.846280773e-13,1.956409542e-13,5.024206911e-13,6.423386398e-14,4.086413611e-13,7.782079394e-14
29.96875,7.800160206e-13,3.581101691e-13,7.89138829e-13,3.429996423e-13,5.149290089e-13,3.323255072e-13,1.43022867e-13,9.435047334e-14,5.514994206e-14,5.492797118e-14,3.310682474e-13,1.620040393e-13,1.659325288e-13,7.334245795e-13,9.305579841e-13,6.687739717e-13,4.894017625e-13,6.023823001e-13,2.200367589e-13,2.952478791e-13,8.451858626e-14,1.131181693e-13,3.557466249e-14,8.238028203e-14,1.08786606e-13,1.765627886e-13,1.889888878e-13,1.95670439e-13,5.123073966e-13,6.34281315e-14,4.108837095e-13,7.913773139e-14
29.9765625,7.833327301e-13,3.584816651e-13,8.025540967e-13,3.429937067e-13,5.161606187e-13,3.354261532e-13,1.443698393e-13,9.522710128e-14,5.485305248e-14,5.466445298e-14,3.372719654e-13,1.622588152e-13,1.690704001e-13,7.37210012e-13,9.406143072e-13,6.795758292e-13,4.96750411e-13,6.033836137e-13,2.215765085e-13,2.990498195e-13,8.453308072e-14,1.130526597e-13,3.565626301e-14,8.222920298e-14,1.113530093e-13,1.793901517e-13,1.933690981e-13,1.956541535e-13,5.223834513e-13,6.257844536e-14,4.132544428e-13,8.042912328e-14
29.984375,7.868118176e-13,3.58849551e-13,8.16035979e-13,3.430544058e-13,5.175707541e-13,3.386017772e-13,1.45660921e-13,9.613326777e-14,5.462680145e-14,5.436943347e-14,3.435570918e-13,1.625840185e-13,1.722487366e-13,7.410186498e-13,9.506925284e-13,6.904844721e-13,5.042212814e-13,6.044715527e-13,2.231971713e-13,3.030387111e-13,8.453425611e-14,1.130228316e-13,3.570652795e-14,8.21137272e-14,1.139168323e-13,1.822245801e-13,1.978119453e-13,1.956771561e-13,5.32669936e-13,6.173518107e-14,4.158474874e-13,8.172882369e-14
29.9921875,7.900735082e-13,3.592400917e-13,8.296165541e-13,3.431321069e-13,5.189501415e-13,3.417144965e-13,1.46923494e-13,9.701276628e-14,5.439392439e-14,5.408071411e-14,3.499312588e-13,1.629413558e-13,1.754056106e-13,7.445418101e-13,9.607218433e-13,7.013976989e-13,5.116590041e-13,6.055495138e-13,2.248174468e-13,3.069873395e-13,8.453346678e-14,1.129788103e-13,3.575169013e-14,8.205657809e-14,1.164913192e-13,1.851424096e-13,2.021903319e-13,1.957584555e-13,5.432571666e-13,6.090188543e-14,4.183864414e-13,8.306086673e-14
30,7.931992503e-13,3.595892652e-13,8.435080881e-13,3.432538826e-13,5.202284643e-13,3.449542872e-13,1.482176848e-13,9.793799886e-14,5.41610543e-14,5.382707197e-14,3.563857761e-13,1.633472181e-13,1.785670465e-13,7.478388392e-13,9.710286814e-13,7.126373165e-13,5.193105574e-13,6.066916302e-13,2.264453401e-13,3.111450025e-13,8.455380023e-14,1.129159048e-13,3.583715028e-14,8.206565838e-14,1.191191708e-13,1.881898091e-13,2.06479466e-13,1.958489143e-13,5.54044732e-13,6.009706914e-14,4.208475709e-13,8.442125164e-14
30.0078125,7.964307852e-13,3.600368283e-13,8.57809433e-13,3.434598384e-13,5.215466355e-13,3.483931382e-13,1.495398232e-13,9.897165824e-14,5.397240262e-14,5.35260243e-14,3.630184337e-13,1.638193529e-13,1.817478779e-13,7.512602355e-13,9.817307612e-13,7.242911283e-13,5.271812121e-13,6.079575075e-13,2.281513908e-13,3.157465158e-13,8.461921407e-14,1.128766674e-13,3.594564337e-14,8.204409005e-14,1.21785327e-13,1.913210001e-13,2.107449736e-13,1.959667581e-13,5.648620962e-13,5.936852179e-14,4.235169174e-13,8.582228966e-14
30.015625,7.995243416e-13,3.606088758e-13,8.723640676e-13,3.437439457e-13,5.229942992e-13,3.518004762e-13,1.508700667e-13,1.000393293e-13,5.381301422e-14,5.318862677e-14,3.698702337e-13,1.643500871e-13,1.849731192e-13,7.547309087e-13,9.925522188e-13,7.361244003e-13,5.349810854e-13,6.0946847e-13,2.299013792e-13,3.20337257e-13,8.472445963e-14,1.128687368e-13,3.606321225e-14,8.197740267e-14,1.245059647e-13,1.944768955e-13,2.15049679e-13,1.961493845e-13,5.759729914e-13,5.868557197e-14,4.264796286e-13,8.726832478e-14
30.0234375,8.025498019e-13,3.611924664e-13,8.86965377e-13,3.439563391e-13,5.245852458e-13,3.551519116e-13,1.522027669e-13,1.011049362e-13,5.368664004e-14,5.292659985e-14,3.767555717e-13,1.649631952e-13,1.882985742e-13,7.581054955e-13,1.003582836e-12,7.483547277e-13,5.429774757e-13,6.113537237e-13,2.317078414e-13,3.247159459e-13,8.483550505e-14,1.128869534e-13,3.619773801e-14,8.198023625e-14,1.27327573e-13,1.976918226e-13,2.195143125e-13,1.963482142e-13,5.875463795e-13,5.798304588e-14,4.296504195e-13,8.873228229e-14
30.03125,8.058593668e-13,3.616892074e-13,9.015126693e-13,3.439041053e-13,5.262216552e-13,3.586967761e-13,1.535306314e-13,1.022245633e-13,5.360941862e-14,5.272274537e-14,3.83560935e-13,1.656230955e-13,1.916555126e-13,7.614679487e-13,1.015025993e-12,7.611806042e-13,5.515483167e-13,6.134211995e-13,2.336311012e-13,3.291756067e-13,8.49287237e-14,1.129298829e-13,3.634098184e-14,8.207306343e-14,1.302085028e-13,2.009504821e-13,2.240653876e-13,1.964876999e-13,5.990699464e-13,5.727482133e-14,4.328912277e-13,9.018765882e-14
30.0390625,8.09033154e-13,3.618675511e-13,9.16103399e-13,3.437215219e-13,5.277239615e-13,3.625165339e-13,1.548814855e-13,1.033817648e-13,5.352735208e-14,5.250079414e-14,3.90426634e-13,1.662470153e-13,1.949695908e-13,7.647406278e-13,1.026642981e-12,7.742300737e-13,5.604267836e-13,6.154447768e-13,2.355793504e-13,3.336306178e-13,8.499314951e-14,1.129654763e-13,3.649693698e-14,8.218649015e-14,1.331050758e-13,2.04139343e-13,2.284787319e-13,1.965373821e-13,6.103757372e-13,5.658759814e-14,4.361172342e-13,9.160064398e-14
30.046875,8.117166815e-13,3.617882393e-13,9.307277153e-13,3.436842233e-13,5.291223699e-13,3.663944505e-13,1.562668196e-13,1.04527466e-13,5.342630625e-14,5.229395881e-14,3.974163161e-13,1.668404384e-13,1.982879236e-13,7.677780738e-13,1.038203941e-12,7.873133095e-13,5.692908373e-13,6.175523736e-13,2.374487629e-13,3.380221391e-13,8.502944114e-14,1.129804994e-13,3.666488474e-14,8.231841319e-14,1.360401303e-13,2.072582369e-13,2.327711917e-13,1.965453402e-13,6.220516866e-13,5.590440565e-14,4.394710043e-13,9.296175365e-14
30.0546875,8.14475976e-13,3.619510206e-13,9.451128717e-13,3.437682689e-13,5.306297393e-13,3.701352378e-13,1.576304213e-13,1.05702634e-13,5.338270207e-14,5.213061285e-14,4.044290197e-13,1.674407081e-13,2.015740762e-13,7.706698957e-13,1.049828771e-12,8.006616396e-13,5.782152894e-13,6.198992937e-13,2.393047912e-13,3.427013209e-13,8.5080385e-14,1.130089914e-13,3.681592393e-14,8.247485576e-14,1.38998898e-13,2.104202504e-13,2.3707237e-13,1.96627871e-13,6.340641491e-13,5.522866535e-14,4.429527982e-13,9.433980398e-14
30.0625,8.175362707e-13,3.623932479e-13,9.593238045e-13,3.438467015e-13,5.323209118e-13,3.738341808e-13,1.589628116e-13,1.06945367e-13,5.339958515e-14,5.197510193e-14,4.114415643e-13,1.680668489e-13,2.048028369e-13,7.735824883e-13,1.061741782e-12,8.143729133e-13,5.873578287e-13,6.224313306e-13,2.412474196e-13,3.476007111e-13,8.517095231e-14,1.130631775e-13,3.696503865e-14,8.26383543e-14,1.419652496e-13,2.13656668e-13,2.414630675e-13,1.968024803e-13,6.457751075e-13,5.458238085e-14,4.463625486e-13,9.578881705e-14
30.0703125,8.205061472e-13,3.626921619e-13,9.736578105e-13,3.4384315e-13,5.341836319e-13,3.776106999e-13,1.603180951e-13,1.082134241e-13,5.341467686e-14,5.185047482e-14,4.184594625e-13,1.687505574e-13,2.081224994e-13,7.76573321e-13,1.073913348e-12,8.283253248e-13,5.967672792e-13,6.25123246e-13,2.43287363e-13,3.523523814e-13,8.524347409e-14,1.131309565e-13,3.716172907e-14,8.284039052e-14,1.449938479e-13,2.169163416e-13,2.460097071e-13,1.969368872e-13,6.57332295e-13,5.396295345e-14,4.498303085e-13,9.727057566e-14
30.078125,8.234426068e-13,3.628669984e-13,9.880004868e-13,3.436936607e-13,5.362479454e-13,3.813677192e-13,1.616843158e-13,1.094583212e-13,5.344440976e-14,5.179405388e-14,4.254816272e-13,1.694769197e-13,2.115347347e-13,7.795619787e-13,1.086048754e-12,8.424006296e-13,6.063489156e-13,6.28052943e-13,2.45384502e-13,3.570764955e-13,8.527746586e-14,1.132254998e-13,3.739615207e-14,8.30742075e-14,1.480961929e-13,2.201688346e-13,2.50585257e-13,1.970127689e-13,6.692795877e-13,5.336181721e-14,4.535524939e-13,9.873486831e-14
30.0859375,8.264601794e-13,3.631757044e-13,1.00237138e-12,3.436043488e-13,5.383953352e-13,3.851702123e-13,1.630220377e-13,1.106835925e-13,5.351546675e-14,5.175241084e-14,4.326407939e-13,1.702442638e-13,2.149011529e-13,7.824631665e-13,1.098266458e-12,8.567616993e-13,6.160799702e-13,6.312512609e-13,2.475327687e-13,3.620104625e-13,8.534416164e-14,1.133638158e-13,3.76249292e-14,8.329313233e-14,1.512162546e-13,2.234189705e-13,2.551094583e-13,1.971753825e-13,6.816095801e-13,5.278063778e-14,4.57458318e-13,1.001673079e-13
30.09375,8.292287695e-13,3.634552623e-13,1.017047777e-12,3.436557388e-13,5.404225731e-13,3.892299948e-13,1.643691389e-13,1.119369332e-13,5.358981328e-14,5.16907201e-14,4.399732774e-13,1.710952753e-13,2.182600339e-13,7.853490119e-13,1.110973991e-12,8.716578215e-13,6.261624072e-13,6.346215424e-13,2.497709829e-13,3.669802769e-13,8.543750586e-14,1.135332928e-13,3.783791125e-14,8.354954817e-14,1.543501442e-13,2.266472214e-13,2.597658551e-13,1.97406915e-13,6.94131335e-13,5.221381388e-14,4.615532413e-13,1.015750386e-13
30.1015625,8.317104959e-13,3.634237551e-13,1.031694656e-12,3.43388278e-13,5.423883459e-13,3.933782195e-13,1.657535705e-13,1.132350074e-13,5.366662641e-14,5.166242705e-14,4.472984727e-13,1.719474256e-13,2.216086184e-13,7.882188539e-13,1.12377995e-12,8.866937154e-13,6.365022194e-13,6.379702691e-13,2.520789054e-13,3.717386963e-13,8.54815023e-14,1.137089086e-13,3.804147763e-14,8.38695762e-14,1.575131349e-13,2.298001402e-13,2.644444539e-13,1.975391872e-13,7.066538623e-13,5.164396273e-14,4.657302479e-13,1.029885566e-13
30.109375,8.341564535e-13,3.632453017e-13,1.046101827e-12,3.42811454e-13,5.444572359e-13,3.974396074e-13,1.671232588e-13,1.145242493e-13,5.378398026e-14,5.16728989e-14,4.546382043e-13,1.72739237e-13,2.248538506e-13,7.909023086e-13,1.136195117e-12,9.01402351e-13,6.467166416e-13,6.411908245e-13,2.544021223e-13,3.763496213e-13,8.551900654e-14,1.138870476e-13,3.824597914e-14,8.416466255e-14,1.60663325e-13,2.329142562e-13,2.688518526e-13,1.97617451e-13,7.190038017e-13,5.107904461e-14,4.697509667e-13,1.044189589e-13
30.1171875,8.365132678e-13,3.632815531e-13,1.06089646e-12,3.425651979e-13,5.465131807e-13,4.016752963e-13,1.684656523e-13,1.15800162e-13,5.39223693e-14,5.166486672e-14,4.621818426e-13,1.736262627e-13,2.281474683e-13,7.934540882e-13,1.148817284e-12,9.16341373e-13,6.569950312e-13,6.444359654e-13,2.567622097e-13,3.810503071e-13,8.561880584e-14,1.140798437e-13,3.847677198e-14,8.445990172e-14,1.638029821e-13,2.361022352e-13,2.732141253e-13,1.977906026e-13,7.31471443e-13,5.055599177e-14,4.738517245e-13,1.058427984e-13
30.125,8.386435178e-13,3.634756536e-13,1.076127728e-12,3.425371414e-13,5.483888749e-13,4.060845106e-13,1.698404552e-13,1.171129091e-13,5.404683959e-14,5.166257424e-14,4.698487969e-13,1.746608006e-13,2.316120756e-13,7.960568757e-13,1.162000729e-12,9.320239896e-13,6.677862954e-13,6.47929042e-13,2.591697157e-13,3.859211031e-13,8.570992397e-14,1.14275416e-13,3.874609703e-14,8.484660597e-14,1.670049473e-13,2.393617796e-13,2.778487296e-13,1.979568587e-13,7.443612072e-13,5.006266129e-14,4.782981834e-13,1.072612958e-13
30.1328125,8.405384661e-13,3.63524262e-13,1.091106073e-12,3.421928511e-13,5.501847474e-13,4.102990379e-13,1.712436735e-13,1.184075172e-13,5.4175341e-14,5.173215788e-14,4.774925878e-13,1.757072533e-13,2.350772367e-13,7.985523223e-13,1.175082992e-12,9.478904991e-13,6.788321804e-13,6.516180786e-13,2.615929646e-13,3.908607425e-13,8.57307656e-14,1.144579803e-13,3.902554815e-14,8.524984003e-14,1.702611886e-13,2.426094321e-13,2.826269494e-13,1.979643954e-13,7.57380953e-13,4.954836348e-14,4.828849204e-13,1.086806566e-13
30.140625,8.422356292e-13,3.633795621e-13,1.105743755e-12,3.417160777e-13,5.519984119e-13,4.143858052e-13,1.726223654e-13,1.196319736e-13,5.43346737e-14,5.187055513e-14,4.85129893e-13,1.767558965e-13,2.384804299e-13,8.007459518e-13,1.187896858e-12,9.636100923e-13,6.897841083e-13,6.552851961e-13,2.640585396e-13,3.957334397e-13,8.572579959e-14,1.146449962e-13,3.928044925e-14,8.562809997e-14,1.7350416e-13,2.457873431e-13,2.87361513e-13,1.979049268e-13,7.701760896e-13,4.902767324e-14,4.875798971e-13,1.100654198e-13
30.1484375,8.439196922e-13,3.630825678e-13,1.120149251e-12,3.412978441e-13,5.537677708e-13,4.185941583e-13,1.739906798e-13,1.209002349e-13,5.452185857e-14,5.207029378e-14,4.926714204e-13,1.778173845e-13,2.418977253e-13,8.028282479e-13,1.200850407e-12,9.795884262e-13,7.009445969e-13,6.589009131e-13,2.665539892e-13,4.00430871e-13,8.570724347e-14,1.14835506e-13,3.951780569e-14,8.609591179e-14,1.767399278e-13,2.488322827e-13,2.920028863e-13,1.979042199e-13,7.82722883e-13,4.85445585e-14,4.924608638e-13,1.113994622e-13
30.15625,8.457118416e-13,3.627148246e-13,1.134240886e-12,3.407535262e-13,5.555451519e-13,4.228362548e-13,1.753602982e-13,1.222628513e-13,5.472644212e-14,5.231918111e-14,5.000474499e-13,1.788454503e-13,2.452819296e-13,8.050161118e-13,1.2138802e-12,9.958589542e-13,7.124581002e-13,6.625664516e-13,2.69016566e-13,4.050145595e-13,8.567199185e-14,1.150099546e-13,3.975998597e-14,8.665008956e-14,1.799657582e-13,2.517938795e-13,2.966129098e-13,1.979635679e-13,7.952266346e-13,4.809864198e-14,4.973333014e-13,1.127071771e-13
30.1640625,8.474797042e-13,3.625691429e-13,1.148414891e-12,3.401722118e-13,5.574531487e-13,4.271017844e-13,1.766933524e-13,1.235953798e-13,5.495191737e-14,5.252670927e-14,5.074312161e-13,1.799720665e-13,2.486610233e-13,8.072990643e-13,1.226887553e-12,1.012214281e-12,7.240504658e-13,6.663443762e-13,2.715142557e-13,4.096219184e-13,8.568820089e-14,1.15200811e-13,4.000289525e-14,8.720854085e-14,1.831305736e-13,2.548123036e-13,3.013703439e-13,1.980710913e-13,8.079895468e-13,4.769038285e-14,5.022833185e-13,1.139855462e-13
30.171875,8.49150468e-13,3.626659069e-13,1.16278536e-12,3.395920207e-13,5.594079065e-13,4.314325249e-13,1.780082374e-13,1.248677179e-13,5.521068451e-14,5.267125169e-14,5.148799908e-13,1.812611397e-13,2.521151388e-13,8.096425603e-13,1.239990249e-12,1.02879941e-12,7.357952087e-13,6.702773213e-13,2.740942842e-13,4.141933806e-13,8.577834026e-14,1.154308232e-13,4.025137732e-14,8.781593501e-14,1.862709753e-13,2.578321176e-13,3.062251808e-13,1.981948955e-13,8.208680232e-13,4.732335842e-14,5.074944101e-13,1.152268526e-13
30.1796875,8.506899561e-13,3.626585901e-13,1.176741221e-12,3.389093824e-13,5.612418238e-13,4.35633754e-13,1.793409127e-13,1.261650587e-13,5.549850877e-14,5.286369218e-14,5.222470073e-13,1.824961179e-13,2.55508496e-13,8.119097897e-13,1.253039231e-12,1.045581692e-12,7.477927344e-13,6.742509244e-13,2.766142273e-13,4.1869533e-13,8.58757391e-14,1.156578844e-13,4.052635652e-14,8.847210827e-14,1.894388071e-13,2.607315773e-13,3.109494315e-13,1.982963984e-13,8.333899539e-13,4.697807427e-14,5.1268103e-13,1.164643604e-13
30.1875,8.51994116e-13,3.624517864e-13,1.190161612e-12,3.383302112e-13,5.629459614e-13,4.397436621e-13,1.806556994e-13,1.274863087e-13,5.579363726e-14,5.313883484e-14,5.294902551e-13,1.835932138e-13,2.587379277e-13,8.138145456e-13,1.265871948e-12,1.062252893e-12,7.597299527e-13,6.7805354e-13,2.790245637e-13,4.231766521e-13,8.593946933e-14,1.1587745e-13,4.080553414e-14,8.910989283e-14,1.925692553e-13,2.63531571e-13,3.15530114e-13,1.984023566e-13,8.45590644e-13,4.66429696e-14,5.176952576e-13,1.176928111e-13
30.1953125,8.532844573e-13,3.621345544e-13,1.203241947e-12,3.377660653e-13,5.646399231e-13,4.439734515e-13,1.819292871e-13,1.288071951e-13,5.609745745e-14,5.344844656e-14,5.366153799e-13,1.846603413e-13,2.619144081e-13,8.153737465e-13,1.278453242e-12,1.078751782e-12,7.716613207e-13,6.817470978e-13,2.814707026e-13,4.274443268e-13,8.594370668e-14,1.16128542e-13,4.105561162e-14,8.981114848e-14,1.956167447e-13,2.661752331e-13,3.199788629e-13,1.985056007e-13,8.576470255e-13,4.629685047e-14,5.226990751e-13,1.188577163e-13
30.203125,8.548135974e-13,3.61744206e-13,1.215813553e-12,3.368832245e-13,5.664415031e-13,4.481810924e-13,1.831774468e-13,1.301579992e-13,5.643087189e-14,5.381112656e-14,5.436071927e-13,1.857270416e-13,2.651202721e-13,8.169971957e-13,1.290790652e-12,1.095158749e-12,7.839353861e-13,6.855207352e-13,2.840256225e-13,4.31427985e-13,8.585937855e-14,1.164052763e-13,4.129874172e-14,9.062056309e-14,1.98626786e-13,2.686388995e-13,3.243011173e-13,1.98562947e-13,8.693767728e-13,4.592598411e-14,5.27642449e-13,1.199746906e-13
30.2109375,8.561680962e-13,3.614068306e-13,1.228127362e-12,3.35999118e-13,5.683619106e-13,4.522540924e-13,1.844004979e-13,1.315250035e-13,5.678314719e-14,5.423398252e-14,5.505111737e-13,1.868732129e-13,2.683608226e-13,8.188821757e-13,1.303165749e-12,1.111425646e-12,7.962339758e-13,6.893235811e-13,2.866337599e-13,4.353743632e-13,8.574526259e-14,1.166927366e-13,4.155287195e-14,9.139042194e-14,2.016162071e-13,2.711416764e-13,3.286969245e-13,1.985837148e-13,8.808655561e-13,4.558037088e-14,5.325457511e-13,1.210874436e-13
30.21875,8.569848101e-13,3.610783987e-13,1.240478855e-12,3.353389044e-13,5.70294159e-13,4.563159798e-13,1.856147037e-13,1.328637615e-13,5.713435322e-14,5.4663432e-14,5.572815319e-13,1.881509813e-13,2.715640693e-13,8.207885883e-13,1.315606999e-12,1.127409569e-12,8.080908914e-13,6.930028057e-13,2.892055795e-13,4.392359478e-13,8.567920529e-14,1.169929741e-13,4.17887368e-14,9.209763329e-14,2.045488502e-13,2.737057775e-13,3.331059692e-13,1.98549733e-13,8.923099327e-13,4.528244917e-14,5.375486875e-13,1.221480279e-13
30.2265625,8.577927241e-13,3.606364776e-13,1.252288931e-12,3.345011165e-13,5.721804688e-13,4.603381255e-13,1.868268787e-13,1.341795211e-13,5.751668924e-14,5.508480214e-14,5.638462356e-13,1.893698046e-13,2.745674462e-13,8.225375302e-13,1.327665269e-12,1.143070104e-12,8.197976215e-13,6.965283753e-13,2.91697717e-13,4.42821511e-13,8.562416347e-14,1.1730069e-13,4.200449953e-14,9.2878859e-14,2.073857864e-13,2.760818334e-13,3.372031491e-13,1.984982362e-13,9.034421519e-13,4.498621992e-14,5.424800281e-13,1.231168158e-13
30.234375,8.59024765e-13,3.603157047e-13,1.263337801e-12,3.335491042e-13,5.741038222e-13,4.64366597e-13,1.879774544e-13,1.35492199e-13,5.796677853e-14,5.55143218e-14,5.703572512e-13,1.904701711e-13,2.774260472e-13,8.242227513e-13,1.339396698e-12,1.158650939e-12,8.31782996e-13,7.000357453e-13,2.942214752e-13,4.462409296e-13,8.55314739e-14,1.176465832e-13,4.223639535e-14,9.371665145e-14,2.101237917e-13,2.782725827e-13,3.410938831e-13,1.985998646e-13,9.141906197e-13,4.469253342e-14,5.472559727e-13,1.240367007e-13
30.2421875,8.601390446e-13,3.601460948e-13,1.274285674e-12,3.328045873e-13,5.760907739e-13,4.685170038e-13,1.890182101e-13,1.367842828e-13,5.844619867e-14,5.597111861e-14,5.769662925e-13,1.916464348e-13,2.803504359e-13,8.258068388e-13,1.351089186e-12,1.174234033e-12,8.438585048e-13,7.036283792e-13,2.968556143e-13,4.495216354e-13,8.544341683e-14,1.18045187e-13,4.247555384e-14,9.45187047e-14,2.127983981e-13,2.804280413e-13,3.45043179e-13,1.988178535e-13,9.249135248e-13,4.442701753e-14,5.520689631e-13,1.249154286e-13
30.25,8.606733011e-13,3.597502259e-13,1.285203852e-12,3.320140004e-13,5.780368032e-13,4.725295822e-13,1.899754923e-13,1.380248166e-13,5.89082926e-14,5.646601754e-14,5.835878601e-13,1.928969489e-13,2.832266992e-13,8.2709332e-13,1.362388178e-12,1.189494642e-12,8.556808262e-13,7.071189736e-13,2.994454843e-13,4.526782934e-13,8.537756372e-14,1.184234534e-13,4.267693842e-14,9.532679932e-14,2.154000849e-13,2.825098613e-13,3.489284512e-13,1.989343231e-13,9.356232199e-13,4.41705532e-14,5.568263175e-13,1.25737128e-13
30.2578125,8.61120853e-13,3.592525664e-13,1.295541626e-12,3.311044312e-13,5.799980307e-13,4.763059189e-13,1.909029693e-13,1.392350209e-13,5.938545995e-14,5.695489195e-14,5.900692276e-13,1.940785055e-13,2.858585012e-13,8.282273681e-13,1.373175627e-12,1.204456248e-12,8.674261528e-13,7.104417877e-13,3.019190009e-13,4.559482929e-13,8.528151692e-14,1.187677222e-13,4.285160708e-14,9.618829817e-14,2.178892186e-13,2.84463559e-13,3.52648652e-13,1.99029613e-13,9.459260145e-13,4.392441059e-14,5.612913349e-13,1.265313111e-13
30.265625,8.618867714e-13,3.590066181e-13,1.305151835e-12,3.303297848e-13,5.821431102e-13,4.801632319e-13,1.918219475e-13,1.404692473e-13,5.990032894e-14,5.74449073e-14,5.962857283e-13,1.952075565e-13,2.884010909e-13,8.294998585e-13,1.383805613e-12,1.219373919e-12,8.793866898e-13,7.138591487e-13,3.044046099e-13,4.591646676e-13,8.513623021e-14,1.191531758e-13,4.305178891e-14,9.707354941e-14,2.202943433e-13,2.862685094e-13,3.562849659e-13,1.992435403e-13,9.555477626e-13,4.369739501e-14,5.65509494e-13,1.272664045e-13
30.2734375,8.624936757e-13,3.587205824e-13,1.314125663e-12,3.294989325e-13,5.84289109e-13,4.840101302e-13,1.927039581e-13,1.417202697e-13,6.040351967e-14,5.80308174e-14,6.021824922e-13,1.962985107e-13,2.909449242e-13,8.306821667e-13,1.394056078e-12,1.233906113e-12,8.91248366e-13,7.172154505e-13,3.06860254e-13,4.618951117e-13,8.495742155e-14,1.19547384e-13,4.326426629e-14,9.798528808e-14,2.226297006e-13,2.87880582e-13,3.59765522e-13,1.993874669e-13,9.646020058e-13,4.345994026e-14,5.695274189e-13,1.278663521e-13
30.28125,8.627033933e-13,3.581867862e-13,1.32254248e-12,3.284696587e-13,5.861813617e-13,4.875758295e-13,1.935140017e-13,1.429575099e-13,6.090994737e-14,5.867727353e-14,6.078813303e-13,1.973109627e-13,2.93285491e-13,8.314368764e-13,1.403641963e-12,1.247777141e-12,9.026158239e-13,7.201098268e-13,3.091553002e-13,4.642947452e-13,8.474739943e-14,1.198848217e-13,4.342733737e-14,9.895668773e-14,2.248260322e-13,2.89376379e-13,3.630047899e-13,1.994324662e-13,9.73332224e-13,4.322072218e-14,5.73244479e-13,1.283812778e-13
30.2890625,8.630561736e-13,3.577815304e-13,1.33058518e-12,3.275205666e-13,5.880880867e-13,4.910811723e-13,1.942255527e-13,1.441883714e-13,6.150578811e-14,5.926142653e-14,6.135291459e-13,1.983045302e-13,2.954145389e-13,8.32029636e-13,1.41283424e-12,1.261228071e-12,9.136144621e-13,7.227322367e-13,3.113817519e-13,4.666891164e-13,8.454434502e-14,1.2024596e-13,4.354686645e-14,9.996320207e-14,2.268433309e-13,2.908392093e-13,3.66040906e-13,1.996428423e-13,9.81528725e-13,4.302404062e-14,5.767027321e-13,1.289156035e-13
30.296875,8.635464795e-13,3.574519425e-13,1.338268691e-12,3.266532792e-13,5.902465731e-13,4.946011012e-13,1.948077539e-13,1.453792079e-13,6.215291467e-14,5.982538434e-14,6.191292806e-13,1.993384357e-13,2.97559926e-13,8.327871106e-13,1.421670819e-12,1.274200172e-12,9.243115784e-13,7.252997076e-13,3.136294921e-13,4.689695674e-13,8.440511353e-14,1.206788925e-13,4.367954495e-14,1.009382933e-13,2.287188962e-13,2.922085573e-13,3.689265414e-13,1.999308559e-13,9.89010892e-13,4.286303976e-14,5.800758472e-13,1.294493856e-13
30.3046875,8.634912886e-13,3.566930204e-13,1.345403995e-12,3.256205625e-13,5.923173423e-13,4.978614406e-13,1.952999157e-13,1.464934206e-13,6.274243075e-14,6.046657927e-14,6.246285597e-13,2.003700609e-13,2.997540077e-13,8.335100661e-13,1.430046965e-12,1.286615626e-12,9.34658575e-13,7.276100066e-13,3.158214515e-13,4.710835351e-13,8.429476105e-14,1.210822663e-13,4.383469442e-14,1.01870006e-13,2.305214988e-13,2.93457457e-13,3.717657926e-13,1.999776282e-13,9.963787134e-13,4.270095936e-14,5.833569258e-13,1.298988861e-13
30.3125,8.629833027e-13,3.556687618e-13,1.351829625e-12,3.243589643e-13,5.941062081e-13,5.008953578e-13,1.957880415e-13,1.475836599e-13,6.330862324e-14,6.117456278e-14,6.299455028e-13,2.013076719e-13,3.01839513e-13,8.339453786e-13,1.438054805e-12,1.298691636e-12,9.448354398e-13,7.296705055e-13,3.179056403e-13,4.730944576e-13,8.413138255e-14,1.214204403e-13,4.398468703e-14,1.028148108e-13,2.322804401e-13,2.945864782e-13,3.745011343e-13,1.998679453e-13,1.003859663e-12,4.252348726e-14,5.863486932e-13,1.302538564e-13
30.3203125,8.626911968e-13,3.549336726e-13,1.357462472e-12,3.229112293e-13,5.958991514e-13,5.038224701e-13,1.962541288e-13,1.486609545e-13,6.392679943e-14,6.194223888e-14,6.34980289e-13,2.020959077e-13,3.037298294e-13,8.341714973e-13,1.445435649e-12,1.310141679e-12,9.547255032e-13,7.315898587e-13,3.198891026e-13,4.746576959e-13,8.39180657e-14,1.217720007e-13,4.411037367e-14,1.037976127e-13,2.339197855e-13,2.954885405e-13,3.768495517e-13,1.998783788e-13,1.010616352e-12,4.234116815e-14,5.890348968e-13,1.305534035e-13
30.328125,8.626414851e-13,3.544384459e-13,1.362454647e-12,3.214710915e-13,5.978628874e-13,5.066009345e-13,1.966328408e-13,1.496586838e-13,6.456260469e-14,6.276390921e-14,6.39753592e-13,2.028308402e-13,3.054687675e-13,8.344008882e-13,1.452041851e-12,1.320714424e-12,9.641301576e-13,7.33328162e-13,3.218180036e-13,4.754783861e-13,8.369751752e-14,1.221650119e-13,4.420334724e-14,1.047945272e-13,2.353676053e-13,2.961266741e-13,3.788503215e-13,2.000280953e-13,1.016350841e-12,4.217899892e-14,5.915982518e-13,1.307935289e-13
30.3359375,8.624863226e-13,3.53835426e-13,1.367034113e-12,3.201985132e-13,5.999500958e-13,5.093400288e-13,1.969238688e-13,1.505764271e-13,6.520130698e-14,6.355779184e-14,6.443517503e-13,2.036243805e-13,3.071429826e-13,8.34696427e-13,1.458185237e-12,1.330733203e-12,9.732843063e-13,7.350017196e-13,3.237532643e-13,4.759752404e-13,8.346607719e-14,1.225739483e-13,4.428458718e-14,1.057775015e-13,2.36658247e-13,2.966290449e-13,3.807973108e-13,2.001944557e-13,1.021668993e-12,4.204931107e-14,5.939919837e-13,1.309328837e-13
30.34375,8.620955645e-13,3.530919048e-13,1.371016228e-12,3.18849941e-13,6.020777622e-13,5.119785388e-13,1.971139154e-13,1.514352832e-13,6.588526781e-14,6.428415772e-14,6.487605678e-13,2.043805264e-13,3.087485632e-13,8.348333221e-13,1.463667896e-12,1.340027316e-12,9.820827196e-13,7.36542763e-13,3.256197529e-13,4.765865737e-13,8.322346539e-14,1.229859723e-13,4.438452014e-14,1.067068439e-13,2.378187838e-13,2.970646208e-13,3.826644631e-13,2.003010266e-13,1.026715373e-12,4.193655208e-14,5.960347445e-13,1.309625221e-13
30.3515625,8.613899398e-13,3.52287758e-13,1.374091746e-12,3.172500157e-13,6.040642414e-13,5.141984406e-13,1.97196843e-13,1.522216875e-13,6.659442323e-14,6.500359312e-14,6.529440696e-13,2.050014675e-13,3.101992349e-13,8.346165824e-13,1.468196547e-12,1.348366891e-12,9.902526841e-13,7.376234218e-13,3.273162332e-13,4.770643502e-13,8.297743811e-14,1.233845586e-13,4.44850339e-14,1.076113251e-13,2.388417131e-13,2.97368342e-13,3.843666693e-13,2.003513003e-13,1.031282933e-12,4.181113214e-14,5.977831977e-13,1.309104504e-13
30.359375,8.603896474e-13,3.514539782e-13,1.376424973e-12,3.156653684e-13,6.058717807e-13,5.161350299e-13,1.972501198e-13,1.529623582e-13,6.729735809e-14,6.576498786e-14,6.569155999e-13,2.055653266e-13,3.114913847e-13,8.342042967e-13,1.472249529e-12,1.35627926e-12,9.981214734e-13,7.382655019e-13,3.288972115e-13,4.771503175e-13,8.270317991e-14,1.237641446e-13,4.455653983e-14,1.085733025e-13,2.397443636e-13,2.975113643e-13,3.859439334e-13,2.004237119e-13,1.035424422e-12,4.165535277e-14,5.992717271e-13,1.308041334e-13
30.3671875,8.593515618e-13,3.507274027e-13,1.378332926e-12,3.142582506e-13,6.076415487e-13,5.181883734e-13,1.973033051e-13,1.536689576e-13,6.801274183e-14,6.655137409e-14,6.606422585e-13,2.061181698e-13,3.12697887e-13,8.337624481e-13,1.476035508e-12,1.363784209e-12,1.005693045e-12,7.385973063e-13,3.304148802e-13,4.770545088e-13,8.241663532e-14,1.241488499e-13,4.460886071e-14,1.095328057e-13,2.404943508e-13,2.975365452e-13,3.872041952e-13,2.005740578e-13,1.039072358e-12,4.148851708e-14,6.00372876e-13,1.306467725e-13
30.375,8.584694022e-13,3.502188907e-13,1.379698888e-12,3.128746528e-13,6.093055639e-13,5.202773234e-13,1.972843173e-13,1.543185566e-13,6.873402698e-14,6.733564616e-14,6.640838044e-13,2.066308677e-13,3.138052839e-13,8.33204867e-13,1.479176278e-12,1.370428332e-12,1.012619787e-12,7.385447476e-13,3.318523833e-13,4.768730504e-13,8.216068344e-14,1.245412931e-13,4.464113241e-14,1.104267537e-13,2.410352453e-13,2.974234017e-13,3.880827196e-13,2.007837098e-13,1.042130165e-12,4.133426097e-14,6.011380964e-13,1.303968888e-13
30.3828125,8.575936116e-13,3.49730906e-13,1.38020255e-12,3.113614511e-13,6.107576656e-13,5.221015538e-13,1.971663524e-13,1.549377187e-13,6.943767863e-14,6.814680451e-14,6.672531152e-13,2.070882276e-13,3.147324363e-13,8.324400992e-13,1.481593224e-12,1.376317636e-12,1.019200206e-12,7.381789744e-13,3.33204842e-13,4.763843907e-13,8.188120186e-14,1.249036478e-13,4.463782057e-14,1.113860821e-13,2.41401396e-13,2.970988808e-13,3.888379015e-13,2.009684481e-13,1.044671502e-12,4.117939415e-14,6.016545925e-13,1.300219912e-13
30.390625,8.56436167e-13,3.48951745e-13,1.379949461e-12,3.096525248e-13,6.121824426e-13,5.236593566e-13,1.96999555e-13,1.555260282e-13,7.014194443e-14,6.902321621e-14,6.70163776e-13,2.074541171e-13,3.154995277e-13,8.315050417e-13,1.483282046e-12,1.38130059e-12,1.025510505e-12,7.375904241e-13,3.344498833e-13,4.754311873e-13,8.153913415e-14,1.252265965e-13,4.462578681e-14,1.124206825e-13,2.416538097e-13,2.965700785e-13,3.89402354e-13,2.010457633e-13,1.046653225e-12,4.101601591e-14,6.018472926e-13,1.29568195e-13
30.3984375,8.550511384e-13,3.480773729e-13,1.379354804e-12,3.078235052e-13,6.137410994e-13,5.251078647e-13,1.96804545e-13,1.560394338e-13,7.0877013e-14,6.9922786e-14,6.729103994e-13,2.07761983e-13,3.162135698e-13,8.305207367e-13,1.484232854e-12,1.385154351e-12,1.031116712e-12,7.367762435e-13,3.356434207e-13,4.741147559e-13,8.124733374e-14,1.255626894e-13,4.463048734e-14,1.13350599e-13,2.417924074e-13,2.958964749e-13,3.895975272e-13,2.011415407e-13,1.048213307e-12,4.08610403e-14,6.017983688e-13,1.290850393e-13
30.40625,8.536807362e-13,3.475925688e-13,1.378368968e-12,3.060523016e-13,6.153450003e-13,5.264900368e-13,1.965341069e-13,1.564916878e-13,7.164363891e-14,7.080268046e-14,6.755739943e-13,2.080891301e-13,3.168695448e-13,8.295192132e-13,1.484675647e-12,1.388342517e-12,1.036081986e-12,7.357980555e-13,3.36864075e-13,4.727320043e-13,8.105713314e-14,1.25936465e-13,4.462469533e-14,1.141826256e-13,2.41761545e-13,2.950829108e-13,3.89608148e-13,2.014515722e-13,1.049570569e-12,4.07103509e-14,6.016108087e-13,1.285495779e-13
30.4140625,8.521773338e-13,3.472561598e-13,1.376525173e-12,3.043437367e-13,6.168799326e-13,5.277053821e-13,1.961527993e-13,1.568815535e-13,7.241622303e-14,7.169118996e-14,6.779333757e-13,2.083510779e-13,3.173535983e-13,8.283214591e-13,1.484378101e-12,1.390611943e-12,1.040315453e-12,7.344858399e-13,3.379565535e-13,4.713352931e-13,8.08396635e-14,1.262924485e-13,4.458412138e-14,1.150107602e-13,2.414996362e-13,2.940824658e-13,3.893948156e-13,2.018271064e-13,1.050322886e-12,4.054246595e-14,6.010472887e-13,1.279262521e-13
30.421875,8.503019043e-13,3.465311086e-13,1.373764908e-12,3.025544335e-13,6.183112606e-13,5.286353974e-13,1.956777231e-13,1.571869053e-13,7.320011776e-14,7.258228533e-14,6.79847079e-13,2.084579414e-13,3.176410476e-13,8.268397989e-13,1.482927749e-12,1.391260501e-12,1.043406974e-12,7.326121882e-13,3.38798351e-13,4.696089774e-13,8.054498723e-14,1.266033646e-13,4.451769423e-14,1.157991931e-13,2.410391977e-13,2.928698966e-13,3.88736532e-13,2.020399296e-13,1.050251681e-12,4.035261727e-14,5.999100155e-13,1.27214732e-13
30.4296875,8.481882465e-13,3.457331376e-13,1.370317958e-12,3.006161143e-13,6.196002362e-13,5.292220855e-13,1.950921623e-13,1.574565132e-13,7.40336968e-14,7.343998164e-14,6.816246255e-13,2.084633438e-13,3.177766328e-13,8.25111176e-13,1.480573412e-12,1.390856676e-12,1.045755156e-12,7.303648497e-13,3.395439513e-13,4.675376347e-13,8.026888464e-14,1.26905764e-13,4.444166173e-14,1.165616085e-13,2.404607802e-13,2.914962409e-13,3.878490298e-13,2.022146843e-13,1.050005433e-12,4.015098649e-14,5.982860165e-13,1.264399177e-13
30.4375,8.459811418e-13,3.452288356e-13,1.366069993e-12,2.985925755e-13,6.207269499e-13,5.2947747e-13,1.943820937e-13,1.576861859e-13,7.487863895e-14,7.430028593e-14,6.832917203e-13,2.083495722e-13,3.177697622e-13,8.230229227e-13,1.477461266e-12,1.389937647e-12,1.047790446e-12,7.278891544e-13,3.402099117e-13,4.653775665e-13,8.000969068e-14,1.271921889e-13,4.436924294e-14,1.173161787e-13,2.397502155e-13,2.900023952e-13,3.868882708e-13,2.024622151e-13,1.049687281e-12,3.993932433e-14,5.962412962e-13,1.256213234e-13
30.4453125,8.437184781e-13,3.446485465e-13,1.360896353e-12,2.966507008e-13,6.218289971e-13,5.29567545e-13,1.93640092e-13,1.578166622e-13,7.567805379e-14,7.519750187e-14,6.844024946e-13,2.080887849e-13,3.176776645e-13,8.206551128e-13,1.473439288e-12,1.38811301e-12,1.049228017e-12,7.25074349e-13,3.40669485e-13,4.630546035e-13,7.967495305e-14,1.274459428e-13,4.428327794e-14,1.180067923e-13,2.388666007e-13,2.883141075e-13,3.856722123e-13,2.02688063e-13,1.048555639e-12,3.969824072e-14,5.938492723e-13,1.247359043e-13
30.453125,8.414496569e-13,3.439445721e-13,1.35502176e-12,2.948034572e-13,6.230899595e-13,5.296605261e-13,1.928892013e-13,1.578964832e-13,7.649848427e-14,7.6101917e-14,6.850385969e-13,2.077913101e-13,3.175604242e-13,8.183229585e-13,1.468774573e-12,1.385400743e-12,1.049985501e-12,7.220210988e-13,3.410516027e-13,4.605110273e-13,7.929179978e-14,1.277239113e-13,4.414873768e-14,1.186924817e-13,2.378229771e-13,2.863967763e-13,3.841669194e-13,2.029533923e-13,1.04656614e-12,3.943311931e-14,5.912171038e-13,1.237712718e-13
30.4609375,8.390183982e-13,3.434748219e-13,1.348610924e-12,2.928223762e-13,6.243881469e-13,5.296225894e-13,1.920131016e-13,1.579653952e-13,7.737835218e-14,7.699971341e-14,6.85649744e-13,2.074699191e-13,3.173304315e-13,8.15931371e-13,1.463551774e-12,1.381861693e-12,1.05008826e-12,7.188582429e-13,3.414623074e-13,4.579068543e-13,7.894978338e-14,1.280318426e-13,4.398695963e-14,1.194057264e-13,2.366292073e-13,2.843771074e-13,3.823185627e-13,2.033266885e-13,1.044258057e-12,3.919422518e-14,5.882297831e-13,1.227754141e-13
30.46875,8.363696177e-13,3.430745416e-13,1.341653593e-12,2.90714006e-13,6.254745984e-13,5.292751348e-13,1.910287766e-13,1.579872054e-13,7.824364734e-14,7.790801532e-14,6.86124623e-13,2.070500906e-13,3.168962087e-13,8.132320881e-13,1.45754117e-12,1.377221701e-12,1.04939175e-12,7.15443888e-13,3.417547889e-13,4.551544674e-13,7.862554259e-14,1.282926291e-13,4.384125308e-14,1.200421364e-13,2.353164665e-13,2.823525082e-13,3.800396278e-13,2.036657956e-13,1.041690696e-12,3.898673489e-14,5.848193181e-13,1.217693008e-13
30.4765625,8.337952753e-13,3.425661847e-13,1.334145456e-12,2.887047863e-13,6.264473498e-13,5.287292141e-13,1.900337195e-13,1.579884043e-13,7.910645567e-14,7.883330898e-14,6.862695572e-13,2.065839169e-13,3.16314132e-13,8.103633342e-13,1.450976615e-12,1.371813537e-12,1.048113023e-12,7.116933788e-13,3.419223689e-13,4.521686279e-13,7.82615701e-14,1.285212249e-13,4.369764782e-14,1.206402729e-13,2.339201207e-13,2.802759286e-13,3.776106521e-13,2.039822036e-13,1.038757702e-12,3.875964933e-14,5.812174286e-13,1.207090297e-13
30.484375,8.313066302e-13,3.422331143e-13,1.325979834e-12,2.866946923e-13,6.274556314e-13,5.280540026e-13,1.889492701e-13,1.579702418e-13,8.00171338e-14,7.97535811e-14,6.863170361e-13,2.060865358e-13,3.156457256e-13,8.073763639e-13,1.443943681e-12,1.36582761e-12,1.046372278e-12,7.077338886e-13,3.420924401e-13,4.49100118e-13,7.789627975e-14,1.287834189e-13,4.354287369e-14,1.212715859e-13,2.32396505e-13,2.780571203e-13,3.751925521e-13,2.044553491e-13,1.035510734e-12,3.851128983e-14,5.774859342e-13,1.19560405e-13
30.4921875,8.285943362e-13,3.421819808e-13,1.31709335e-12,2.845312739e-13,6.283135849e-13,5.271393523e-13,1.877153088e-13,1.578731552e-13,8.092881637e-14,8.061949084e-14,6.863155688e-13,2.055014322e-13,3.148780549e-13,8.04056406e-13,1.436073217e-12,1.358862972e-12,1.043980205e-12,7.03696662e-13,3.422148525e-13,4.458941643e-13,7.755839285e-14,1.290393346e-13,4.339374156e-14,1.218231894e-13,2.307297446e-13,2.75662808e-13,3.7255255e-13,2.050850112e-13,1.031919028e-12,3.827458252e-14,5.734440575e-13,1.183306992e-13
30.5,8.255914695e-13,3.422521121e-13,1.307677225e-12,2.824134526e-13,6.289344441e-13,5.260689728e-13,1.864319121e-13,1.577277196e-13,8.184826916e-14,8.143558834e-14,6.860504507e-13,2.048840452e-13,3.140111538e-13,8.004004854e-13,1.427467696e-12,1.351093106e-12,1.041072147e-12,6.995592665e-13,3.422258035e-13,4.42411161e-13,7.71902497e-14,1.292506101e-13,4.323243843e-14,1.222548547e-13,2.289840608e-13,2.731529096e-13,3.696570022e-13,2.057807216e-13,1.027977863e-12,3.803991786e-14,5.691528579e-13,1.17056445e-13
30.5078125,8.223417915e-13,3.423244956e-13,1.29781002e-12,2.803790606e-13,6.295210684e-13,5.24985874e-13,1.851210867e-13,1.575358436e-13,8.280757954e-14,8.228463608e-14,6.854620617e-13,2.042393371e-13,3.130510233e-13,7.966015175e-13,1.418424933e-12,1.342807239e-12,1.037704665e-12,6.951941537e-13,3.421719201e-13,4.387781769e-13,7.679226082e-14,1.294605637e-13,4.304405509e-14,1.226221052e-13,2.271541986e-13,2.705507899e-13,3.666191e-13,2.064837197e-13,1.023636028e-12,3.7793402e-14,5.647634944e-13,1.157505329e-13
30.515625,8.189034646e-13,3.423069573e-13,1.287303798e-12,2.781668756e-13,6.301535389e-13,5.237446274e-13,1.837259679e-13,1.572038866e-13,8.372565144e-14,8.319275227e-14,6.845746537e-13,2.034550407e-13,3.119653974e-13,7.927686798e-13,1.408758528e-12,1.333628721e-12,1.033595623e-12,6.905779653e-13,3.420195981e-13,4.351134992e-13,7.643557411e-14,1.296693858e-13,4.28562661e-14,1.229183873e-13,2.251803647e-13,2.677601028e-13,3.633580449e-13,2.071150001e-13,1.018750158e-12,3.755033295e-14,5.601792289e-13,1.143710244e-13
30.5234375,8.154899866e-13,3.421899344e-13,1.276146488e-12,2.757894475e-13,6.308047639e-13,5.222359809e-13,1.822717565e-13,1.567546654e-13,8.459368989e-14,8.410443632e-14,6.834909325e-13,2.025441903e-13,3.107586894e-13,7.888310573e-13,1.398247233e-12,1.323334868e-12,1.028749515e-12,6.858078193e-13,3.417064867e-13,4.313101617e-13,7.609380738e-14,1.298517534e-13,4.266858846e-14,1.232061207e-13,2.230765265e-13,2.647765766e-13,3.597980303e-13,2.077071689e-13,1.013448188e-12,3.73129826e-14,5.553428352e-13,1.129235703e-13
30.53125,8.120589293e-13,3.420504237e-13,1.264592194e-12,2.734728867e-13,6.314881315e-13,5.206107532e-13,1.807853965e-13,1.562745908e-13,8.549678256e-14,8.499510305e-14,6.823750304e-13,2.016008201e-13,3.095108667e-13,7.846469262e-13,1.387008907e-12,1.312162643e-12,1.023363448e-12,6.809757488e-13,3.412888321e-13,4.272775894e-13,7.570208071e-14,1.300347414e-13,4.246082368e-14,1.235012442e-13,2.208941996e-13,2.617223487e-13,3.559654035e-13,2.083664972e-13,1.007891406e-12,3.706449846e-14,5.503902085e-13,1.114744707e-13
30.5390625,8.08300885e-13,3.420461841e-13,1.252816574e-12,2.712545853e-13,6.320526756e-13,5.189156566e-13,1.792462068e-13,1.557502677e-13,8.640784321e-14,8.587815833e-14,6.811847077e-13,2.006663268e-13,3.082505777e-13,7.802986807e-13,1.375422836e-12,1.300499307e-12,1.017559158e-12,6.76153228e-13,3.408335255e-13,4.231952907e-13,7.531106306e-14,1.302139361e-13,4.22389399e-14,1.23641257e-13,2.186538663e-13,2.586254345e-13,3.520206494e-13,2.09081835e-13,1.001992493e-12,3.68060535e-14,5.45402642e-13,1.100096237e-13
30.546875,8.042941169e-13,3.423130111e-13,1.240773421e-12,2.690918567e-13,6.324103585e-13,5.170651121e-13,1.776422173e-13,1.55160562e-13,8.730634434e-14,8.675628962e-14,6.79820271e-13,1.997641577e-13,3.069184135e-13,7.759243173e-13,1.363669601e-12,1.288504571e-12,1.011342687e-12,6.713275106e-13,3.403450059e-13,4.192356044e-13,7.497171543e-14,1.303659133e-13,4.199044348e-14,1.23611824e-13,2.163479632e-13,2.554657626e-13,3.481248039e-13,2.098331693e-13,9.958213675e-13,3.656020121e-14,5.40364308e-13,1.084800247e-13
30.5546875,8.003048993e-13,3.426465802e-13,1.228296661e-12,2.669708166e-13,6.328419456e-13,5.150672967e-13,1.759616397e-13,1.545118029e-13,8.825444155e-14,8.761138365e-14,6.783122437e-13,1.988275704e-13,3.055310755e-13,7.714136833e-13,1.351318514e-12,1.275694071e-12,1.004381779e-12,6.66418713e-13,3.398101667e-13,4.151986911e-13,7.464723754e-14,1.305253194e-13,4.170732095e-14,1.235533427e-13,2.139637741e-13,2.522655274e-13,3.44058997e-13,2.106349998e-13,9.894412018e-13,3.633354556e-14,5.352153659e-13,1.069252497e-13
30.5625,7.961314894e-13,3.429000322e-13,1.215376737e-12,2.648015904e-13,6.334420991e-13,5.128566573e-13,1.742191334e-13,1.538082999e-13,8.920409094e-14,8.842532528e-14,6.766651572e-13,1.97793457e-13,3.04164017e-13,7.667563589e-13,1.338222168e-12,1.261950145e-12,9.966247477e-13,6.614085819e-13,3.391920068e-13,4.110161824e-13,7.434458932e-14,1.306803848e-13,4.143432397e-14,1.234709834e-13,2.115187348e-13,2.490117794e-13,3.396781983e-13,2.114252745e-13,9.826944077e-13,3.611032339e-14,5.298997656e-13,1.053754266e-13
30.5703125,7.915061926e-13,3.433365242e-13,1.202225144e-12,2.625120789e-13,6.338579072e-13,5.103558842e-13,1.724541785e-13,1.530821434e-13,9.007580122e-14,8.922912833e-14,6.748942923e-13,1.9677077e-13,3.02770377e-13,7.620780702e-13,1.324953575e-12,1.248029174e-12,9.88676848e-13,6.562828337e-13,3.384827743e-13,4.07005996e-13,7.4092005e-14,1.307596974e-13,4.118784876e-14,1.233554805e-13,2.090402276e-13,2.457145461e-13,3.353597696e-13,2.122023905e-13,9.758069171e-13,3.588696348e-14,5.244937514e-13,1.037896658e-13
30.578125,7.866038331e-13,3.438175012e-13,1.188753066e-12,2.60162967e-13,6.340301353e-13,5.077128202e-13,1.706531131e-13,1.523277039e-13,9.092776464e-14,9.004890367e-14,6.729572625e-13,1.957505208e-13,3.012623694e-13,7.571838132e-13,1.311426377e-12,1.233819647e-12,9.805519609e-13,6.509718075e-13,3.377178701e-13,4.031930185e-13,7.381241418e-14,1.307800512e-13,4.093792175e-14,1.232285489e-13,2.06506504e-13,2.423927902e-13,3.311486675e-13,2.13018557e-13,9.690171165e-13,3.566068759e-14,5.18979192e-13,1.021709637e-13
30.5859375,7.815501727e-13,3.440034732e-13,1.174548656e-12,2.578174367e-13,6.34287168e-13,5.049186691e-13,1.687871901e-13,1.515100405e-13,9.182691504e-14,9.084906953e-14,6.706700957e-13,1.945433913e-13,2.996519389e-13,7.518507788e-13,1.296891007e-12,1.218350805e-12,9.714516299e-13,6.454156592e-13,3.368602586e-13,3.994458595e-13,7.345441242e-14,1.308031541e-13,4.069088306e-14,1.229847533e-13,2.038653442e-13,2.389572619e-13,3.265589986e-13,2.137976212e-13,9.618735954e-13,3.540615691e-14,5.130761413e-13,1.005680485e-13
30.59375,7.762459574e-13,3.444150611e-13,1.15973939e-12,2.554232142e-13,6.346000147e-13,5.017717736e-13,1.668789644e-13,1.506517028e-13,9.275491696e-14,9.165277564e-14,6.681182613e-13,1.932183177e-13,2.97964117e-13,7.462682625e-13,1.281475015e-12,1.201747598e-12,9.612962006e-13,6.39616784e-13,3.358735944e-13,3.959281445e-13,7.311557307e-14,1.308256603e-13,4.045815338e-14,1.225752123e-13,2.010956148e-13,2.353694987e-13,3.215856239e-13,2.145517257e-13,9.542329653e-13,3.511875188e-14,5.067780435e-13,9.897063148e-14
30.6015625,7.708243202e-13,3.453988737e-13,1.144900174e-12,2.529542692e-13,6.346954376e-13,4.984843936e-13,1.649618322e-13,1.497539652e-13,9.367127296e-14,9.250745712e-14,6.655179039e-13,1.919607525e-13,2.962066343e-13,7.406744654e-13,1.26579003e-12,1.184768863e-12,9.507866544e-13,6.336666888e-13,3.348161941e-13,3.925408821e-13,7.286103565e-14,1.30827126e-13,4.020945806e-14,1.220966349e-13,1.98222122e-13,2.317257518e-13,3.165846613e-13,2.154392067e-13,9.466211548e-13,3.482754447e-14,5.004376625e-13,9.733818134e-14
30.609375,7.653741321e-13,3.462450459e-13,1.130053811e-12,2.505326761e-13,6.34617944e-13,4.953186651e-13,1.630555841e-13,1.487775458e-13,9.455538283e-14,9.332169631e-14,6.626713352e-13,1.90681244e-13,2.944117686e-13,7.350148678e-13,1.249749459e-12,1.167362456e-12,9.400230186e-13,6.276107145e-13,3.336644037e-13,3.89004355e-13,7.261925629e-14,1.30793805e-13,3.992684983e-14,1.215615307e-13,1.952876683e-13,2.280586036e-13,3.114988171e-13,2.163728643e-13,9.390328817e-13,3.454596132e-14,4.940880147e-13,9.569524206e-14
30.6171875,7.597208024e-13,3.467197497e-13,1.114892658e-12,2.481920723e-13,6.345111037e-13,4.92006751e-13,1.611570833e-13,1.477267504e-13,9.541542674e-14,9.40535816e-14,6.594971322e-13,1.893086135e-13,2.925875746e-13,7.291426969e-13,1.233119411e-12,1.1492189e-12,9.285960324e-13,6.214989414e-13,3.323813717e-13,3.854421254e-13,7.234944382e-14,1.30712755e-13,3.962350592e-14,1.209232961e-13,1.923423488e-13,2.24321865e-13,3.061648919e-13,2.171811692e-13,9.311730289e-13,3.426478631e-14,4.875800883e-13,9.408774875e-14
30.625,7.540155954e-13,3.473563371e-13,1.099484677e-12,2.457522942e-13,6.344043135e-13,4.884303594e-13,1.592234267e-13,1.466178095e-13,9.624791032e-14,9.483595787e-14,6.563858066e-13,1.879284681e-13,2.907355153e-13,7.23089531e-13,1.216178954e-12,1.130608598e-12,9.167327076e-13,6.156235675e-13,3.311339359e-13,3.819464054e-13,7.20859839e-14,1.306031664e-13,3.932957343e-14,1.202096043e-13,1.894419839e-13,2.205106315e-13,3.007090728e-13,2.180238865e-13,9.232377062e-13,3.397836882e-14,4.810596072e-13,9.24921138e-14
30.6328125,7.48466355e-13,3.481380739e-13,1.083923778e-12,2.432219019e-13,6.343940953e-13,4.848413811e-13,1.572172125e-13,1.454907031e-13,9.705691782e-14,9.56829632e-14,6.534516569e-13,1.864984903e-13,2.888731318e-13,7.169838637e-13,1.19919978e-12,1.111985994e-12,9.049524018e-13,6.100420575e-13,3.299960936e-13,3.784885411e-13,7.181940788e-14,1.304809141e-13,3.907790987e-14,1.194488716e-13,1.865716044e-13,2.166654396e-13,2.952891816e-13,2.190698857e-13,9.151937716e-13,3.369679684e-14,4.745590813e-13,9.0875009e-14
30.640625,7.427851704e-13,3.489194544e-13,1.068217135e-12,2.408934991e-13,6.344625154e-13,4.811657555e-13,1.551347014e-13,1.443905744e-13,9.790461944e-14,9.646619495e-14,6.505357717e-13,1.850177543e-13,2.869776121e-13,7.107892987e-13,1.182028562e-12,1.093230714e-12,8.929907874e-13,6.042721479e-13,3.287879124e-13,3.75271262e-13,7.155541418e-14,1.303539991e-13,3.88412308e-14,1.186522597e-13,1.836214277e-13,2.128358552e-13,2.899200745e-13,2.202203796e-13,9.068534733e-13,3.343781887e-14,4.679814027e-13,8.925687836e-14
30.6484375,7.369020432e-13,3.499963781e-13,1.052615524e-12,2.387840106e-13,6.343878881e-13,4.772966857e-13,1.529973334e-13,1.432344081e-13,9.877495289e-14,9.71567652e-14,6.476785774e-13,1.836339642e-13,2.850417109e-13,7.044570296e-13,1.164447534e-12,1.073881121e-12,8.804346408e-13,5.981974746e-13,3.274777589e-13,3.722726466e-13,7.137973528e-14,1.302564219e-13,3.855873727e-14,1.178184213e-13,1.805570982e-13,2.089994563e-13,2.844947389e-13,2.213918364e-13,8.986405563e-13,3.3195053e-14,4.615657616e-13,8.763641384e-14
30.65625,7.310541233e-13,3.512978857e-13,1.037123386e-12,2.366288028e-13,6.34086456e-13,4.734995355e-13,1.508555197e-13,1.419479326e-13,9.955934232e-14,9.776547982e-14,6.447529432e-13,1.822996673e-13,2.831122687e-13,6.980736986e-13,1.146558214e-12,1.054133943e-12,8.676757211e-13,5.922451549e-13,3.262006554e-13,3.692369263e-13,7.128817291e-14,1.301710302e-13,3.825213843e-14,1.16885789e-13,1.774844149e-13,2.050988642e-13,2.789203476e-13,2.225850532e-13,8.906935377e-13,3.295149478e-14,4.553880478e-13,8.598960351e-14
30.6640625,7.250666677e-13,3.5256808e-13,1.021355828e-12,2.344595491e-13,6.33591548e-13,4.697721898e-13,1.487368802e-13,1.406317256e-13,1.002892369e-13,9.830356524e-14,6.415530514e-13,1.808843701e-13,2.811698081e-13,6.915226729e-13,1.128593606e-12,1.03453534e-12,8.550672542e-13,5.864685586e-13,3.249375907e-13,3.661538074e-13,7.116328295e-14,1.300320523e-13,3.798168931e-14,1.158416469e-13,1.744645793e-13,2.011987975e-13,2.732954632e-13,2.238155473e-13,8.824768242e-13,3.271755662e-14,4.490885661e-13,8.434683154e-14
30.671875,7.189714549e-13,3.539456458e-13,1.005293473e-12,2.324213774e-13,6.329586701e-13,4.658306132e-13,1.466236608e-13,1.3935546e-13,1.010703602e-13,9.885399151e-14,6.38256999e-13,1.79446537e-13,2.791218604e-13,6.846750931e-13,1.110658415e-12,1.015012855e-12,8.423845434e-13,5.8072106e-13,3.236141832e-13,3.630679323e-13,7.098884031e-14,1.298479844e-13,3.77346795e-14,1.14786773e-13,1.714604499e-13,1.973671049e-13,2.677523264e-13,2.251519454e-13,8.739908273e-13,3.249546175e-14,4.426101289e-13,8.273915113e-14
30.6796875,7.132449576e-13,3.553833851e-13,9.892189014e-13,2.303380938e-13,6.324486886e-13,4.61729083e-13,1.445171799e-13,1.380700781e-13,1.018651444e-13,9.942566382e-14,6.349489421e-13,1.780128508e-13,2.769560649e-13,6.778742658e-13,1.09278982e-12,9.954242512e-13,8.296714595e-13,5.751953956e-13,3.222609839e-13,3.601011822e-13,7.083397787e-14,1.296641878e-13,3.747627419e-14,1.13748877e-13,1.684636682e-13,1.935316403e-13,2.622815323e-13,2.265547264e-13,8.656141978e-13,3.22741724e-14,4.362244238e-13,8.115261872e-14
30.6875,7.076557296e-13,3.567000812e-13,9.732481636e-13,2.281400194e-13,6.321768428e-13,4.576393039e-13,1.424121567e-13,1.367401021e-13,1.026007327e-13,9.996643112e-14,6.315122593e-13,1.765529828e-13,2.747893369e-13,6.713681338e-13,1.074891815e-12,9.759254307e-13,8.171568612e-13,5.69933705e-13,3.209271542e-13,3.575019507e-13,7.06945949e-14,1.294785829e-13,3.721654028e-14,1.126211282e-13,1.654959845e-13,1.896774276e-13,2.568792708e-13,2.279039507e-13,8.572207857e-13,3.208455509e-14,4.300598713e-13,7.958523155e-14
30.6953125,7.01598413e-13,3.581161261e-13,9.574968804e-13,2.260499034e-13,6.318312162e-13,4.535300794e-13,1.402782717e-13,1.353261613e-13,1.032613285e-13,1.005263643e-13,6.281223842e-13,1.751322263e-13,2.727273737e-13,6.648792215e-13,1.05676475e-12,9.562721065e-13,8.04577228e-13,5.646853121e-13,3.196091416e-13,3.551724721e-13,7.054783601e-14,1.292789737e-13,3.697202456e-14,1.113487204e-13,1.625578657e-13,1.858915357e-13,2.515451673e-13,2.292286372e-13,8.487239428e-13,3.194870943e-14,4.241733279e-13,7.804237892e-14
30.703125,6.952264598e-13,3.597208858e-13,9.419435191e-13,2.240532247e-13,6.312978983e-13,4.4938488e-13,1.381636317e-13,1.33832932e-13,1.038281479e-13,1.011119574e-13,6.248339364e-13,1.737304431e-13,2.707389736e-13,6.582893927e-13,1.038534816e-12,9.36307435e-13,7.917471946e-13,5.594164065e-13,3.18259049e-13,3.529424363e-13,7.039790927e-14,1.29048215e-13,3.673830995e-14,1.099750186e-13,1.596651744e-13,1.821566747e-13,2.461972268e-13,2.305778147e-13,8.403042522e-13,3.182763544e-14,4.184606974e-13,7.651065898e-14
30.7109375,6.888908493e-13,3.613409779e-13,9.263206678e-13,2.220619473e-13,6.307636484e-13,4.452411978e-13,1.361194809e-13,1.323629573e-13,1.043408802e-13,1.016464488e-13,6.21400917e-13,1.722871074e-13,2.687732836e-13,6.517626057e-13,1.020590126e-12,9.165982322e-13,7.790355707e-13,5.542726912e-13,3.169129175e-13,3.509755863e-13,7.022999879e-14,1.287748698e-13,3.6505691e-14,1.085263275e-13,1.568341881e-13,1.784045826e-13,2.40856244e-13,2.319883408e-13,8.318343176e-13,3.170379949e-14,4.127195481e-13,7.497833368e-14
30.71875,6.825982585e-13,3.630269754e-13,9.106296125e-13,2.202414677e-13,6.301192399e-13,4.410906025e-13,1.340529503e-13,1.309302465e-13,1.048772797e-13,1.021538927e-13,6.178797375e-13,1.708746705e-13,2.668562383e-13,6.451968891e-13,1.002984825e-12,8.974417793e-13,7.666436441e-13,5.492537246e-13,3.156731828e-13,3.492859609e-13,7.007787499e-14,1.284900253e-13,3.628297763e-14,1.070159113e-13,1.540308346e-13,1.746792973e-13,2.35613596e-13,2.335635069e-13,8.231211898e-13,3.159919729e-14,4.070863159e-13,7.344962229e-14
30.7265625,6.763819069e-13,3.647129277e-13,8.950579437e-13,2.185096401e-13,6.292491288e-13,4.36900255e-13,1.319130854e-13,1.29465779e-13,1.054282785e-13,1.026662803e-13,6.143609055e-13,1.694673884e-13,2.64932004e-13,6.384227143e-13,9.854754801e-13,8.784643488e-13,7.54246176e-13,5.442600637e-13,3.144458212e-13,3.477462834e-13,7.00006025e-14,1.281939506e-13,3.608948299e-14,1.054704679e-13,1.512282465e-13,1.710547706e-13,2.304057204e-13,2.35175129e-13,8.142143267e-13,3.150678703e-14,4.016761293e-13,7.196560683e-14
30.734375,6.701803683e-13,3.662126845e-13,8.796401375e-13,2.166403116e-13,6.283735088e-13,4.326708459e-13,1.298282539e-13,1.279769076e-13,1.05935093e-13,1.031596054e-13,6.10683272e-13,1.679626112e-13,2.629064233e-13,6.315282638e-13,9.679976002e-13,8.594967102e-13,7.416549076e-13,5.393301087e-13,3.130813697e-13,3.464439575e-13,6.995144328e-14,1.278471707e-13,3.589868747e-14,1.03883206e-13,1.484619366e-13,1.674994262e-13,2.251921534e-13,2.366278061e-13,8.052253263e-13,3.14202406e-14,3.962984717e-13,7.054881347e-14
30.7421875,6.639169621e-13,3.677904988e-13,8.644523294e-13,2.148365917e-13,6.275255282e-13,4.284813418e-13,1.278441977e-13,1.264382458e-13,1.063478971e-13,1.036638052e-13,6.069822485e-13,1.664506628e-13,2.608818302e-13,6.246088977e-13,9.505990997e-13,8.406667259e-13,7.29140582e-13,5.346333295e-13,3.116893805e-13,3.453795199e-13,6.987697184e-14,1.274713373e-13,3.566280711e-14,1.0227457e-13,1.457538802e-13,1.639091582e-13,2.200643281e-13,2.381361556e-13,7.964108936e-13,3.135654788e-14,3.910484493e-13,6.912672412e-14
30.75,6.578169386e-13,3.696499629e-13,8.493703548e-13,2.131893078e-13,6.265877036e-13,4.242917993e-13,1.258406522e-13,1.247901114e-13,1.066521071e-13,1.041371744e-13,6.034068948e-13,1.649941967e-13,2.589675445e-13,6.176662079e-13,9.331847287e-13,8.219522362e-13,7.168247922e-13,5.301710986e-13,3.103691348e-13,3.444333875e-13,6.982190777e-14,1.270928336e-13,3.540436732e-14,1.007065736e-13,1.430674476e-13,1.602498799e-13,2.149894395e-13,2.398342405e-13,7.879275454e-13,3.129910705e-14,3.861059653e-13,6.767079613e-14
30.7578125,6.517539136e-13,3.714425766e-13,8.341327765e-13,2.114622351e-13,6.256635988e-13,4.199429511e-13,1.238045263e-13,1.231034925e-13,1.069226553e-13,1.044828806e-13,5.996660252e-13,1.63523864e-13,2.570495159e-13,6.107124483e-13,9.157609985e-13,8.033455402e-13,7.044827628e-13,5.257733424e-13,3.090061151e-13,3.436247281e-13,6.979994668e-14,1.266689603e-13,3.517239533e-14,9.911393366e-14,1.403988805e-13,1.566125812e-13,2.099254179e-13,2.41407895e-13,7.794902056e-13,3.122861952e-14,3.812206351e-13,6.628112562e-14
30.765625,6.452840115e-13,3.729600021e-13,8.191446981e-13,2.098235612e-13,6.247220489e-13,4.156181499e-13,1.218428834e-13,1.214304698e-13,1.072097513e-13,1.047794174e-13,5.957198645e-13,1.621152213e-13,2.550655467e-13,6.037688384e-13,8.985717556e-13,7.849965374e-13,6.922135357e-13,5.214259924e-13,3.075734561e-13,3.429560417e-13,6.978014158e-14,1.261941415e-13,3.496513089e-14,9.737125988e-14,1.377958646e-13,1.530904038e-13,2.050094238e-13,2.427852864e-13,7.709153923e-13,3.117784961e-14,3.763384743e-13,6.497527892e-14
30.7734375,6.387539188e-13,3.744266262e-13,8.048314257e-13,2.084311374e-13,6.236366096e-13,4.115972747e-13,1.199467931e-13,1.197043143e-13,1.074444561e-13,1.051123851e-13,5.918739005e-13,1.608381104e-13,2.531392335e-13,5.969260092e-13,8.81683419e-13,7.669785495e-13,6.803599142e-13,5.172438861e-13,3.061832983e-13,3.424063205e-13,6.979566032e-14,1.257214646e-13,3.47759234e-14,9.554040482e-14,1.352530709e-13,1.49674265e-13,2.002424726e-13,2.442336718e-13,7.623786994e-13,3.116761303e-14,3.717614955e-13,6.365675897e-14
30.78125,6.326615433e-13,3.759262299e-13,7.906969671e-13,2.068822202e-13,6.225715907e-13,4.076130026e-13,1.18037345e-13,1.179515824e-13,1.076056889e-13,1.054208458e-13,5.880834806e-13,1.595470017e-13,2.512860692e-13,5.902570256e-13,8.649283495e-13,7.49235484e-13,6.687406754e-13,5.132023372e-13,3.048302563e-13,3.420584379e-13,6.98774482e-14,1.252487396e-13,3.460264927e-14,9.374422492e-14,1.327307006e-13,1.463118814e-13,1.954756917e-13,2.457103523e-13,7.539161771e-13,3.117046473e-14,3.674028848e-13,6.233311902e-14
30.7890625,6.265372628e-13,3.771852067e-13,7.764253306e-13,2.051032579e-13,6.215944376e-13,4.03373965e-13,1.161497184e-13,1.162522634e-13,1.077533189e-13,1.057078099e-13,5.841573934e-13,1.581525462e-13,2.493819551e-13,5.836282092e-13,8.482918267e-13,7.317287545e-13,6.570490793e-13,5.091852895e-13,3.033828254e-13,3.419369563e-13,6.998455451e-14,1.247281264e-13,3.44186998e-14,9.196115569e-14,1.302523315e-13,1.429784833e-13,1.907457055e-13,2.469816231e-13,7.454276163e-13,3.116800812e-14,3.629703835e-13,6.106846807e-14
30.796875,6.200871968e-13,3.780937167e-13,7.623397625e-13,2.034661391e-13,6.205825102e-13,3.990936393e-13,1.143461542e-13,1.145413289e-13,1.07857478e-13,1.060019283e-13,5.801333479e-13,1.567196847e-13,2.474138344e-13,5.769144776e-13,8.317777533e-13,7.144548232e-13,6.45589041e-13,5.052634709e-13,3.018235384e-13,3.419480022e-13,7.006588965e-14,1.241514183e-13,3.42297395e-14,9.014688625e-14,1.278522757e-13,1.396501955e-13,1.861270276e-13,2.480981727e-13,7.368915839e-13,3.116446416e-14,3.585407087e-13,5.982819768e-14
30.8046875,6.137162494e-13,3.790318374e-13,7.483589829e-13,2.019490169e-13,6.1960222e-13,3.948552527e-13,1.125710008e-13,1.127461452e-13,1.078521197e-13,1.062523623e-13,5.760688329e-13,1.553012428e-13,2.454502258e-13,5.701773507e-13,8.15252163e-13,6.974018562e-13,6.346355276e-13,5.016438536e-13,3.003045421e-13,3.420427639e-13,7.009544989e-14,1.235351927e-13,3.40686872e-14,8.829738494e-14,1.255057019e-13,1.363018294e-13,1.815925796e-13,2.492373255e-13,7.283170015e-13,3.116902983e-14,3.542851212e-13,5.858050626e-14
30.8125,6.072834332e-13,3.801779604e-13,7.343652536e-13,2.004240839e-13,6.186004152e-13,3.904786723e-13,1.10767936e-13,1.109311055e-13,1.077746307e-13,1.064955861e-13,5.720064083e-13,1.539274016e-13,2.434812101e-13,5.634121778e-13,7.988335328e-13,6.806092002e-13,6.238693118e-13,4.982221615e-13,2.988399728e-13,3.423294453e-13,7.009738184e-14,1.228760655e-13,3.392287049e-14,8.639979239e-14,1.231887021e-13,1.329766556e-13,1.771882087e-13,2.503800823e-13,7.198434009e-13,3.120718011e-14,3.501618171e-13,5.73714899e-14
30.8203125,6.005857322e-13,3.811895924e-13,7.207174804e-13,1.989850939e-13,6.173891134e-13,3.860478046e-13,1.089965538e-13,1.091595066e-13,1.076744026e-13,1.0676449e-13,5.679639158e-13,1.525723229e-13,2.414963644e-13,5.566113499e-13,7.8283963e-13,6.642267473e-13,6.130773427e-13,4.946820969e-13,2.972673675e-13,3.429274809e-13,7.015944082e-14,1.221713013e-13,3.376864388e-14,8.450007116e-14,1.209082207e-13,1.297520679e-13,1.729312375e-13,2.514155353e-13,7.114833486e-13,3.129521937e-14,3.460949164e-13,5.622765713e-14
30.828125,5.941961334e-13,3.820283473e-13,7.073771177e-13,1.975424015e-13,6.161614105e-13,3.816747878e-13,1.072939378e-13,1.074097608e-13,1.075263025e-13,1.069568914e-13,5.638268308e-13,1.511637378e-13,2.395495975e-13,5.500246567e-13,7.673117906e-13,6.483797186e-13,6.024780578e-13,4.910955081e-13,2.956151534e-13,3.437391887e-13,7.03355716e-14,1.214400077e-13,3.36083135e-14,8.265010064e-14,1.186646599e-13,1.266116031e-13,1.687658584e-13,2.523654331e-13,7.028935437e-13,3.140907731e-14,3.421507712e-13,5.512900116e-14
30.8359375,5.881842789e-13,3.828975336e-13,6.940947193e-13,1.960424698e-13,6.150868035e-13,3.772840999e-13,1.056059217e-13,1.056530413e-13,1.073185434e-13,1.070754949e-13,5.595127615e-13,1.497459127e-13,2.376434773e-13,5.437724047e-13,7.520656724e-13,6.329633681e-13,5.921750795e-13,4.876955089e-13,2.939946789e-13,3.446492242e-13,7.05661485e-14,1.207006771e-13,3.344237538e-14,8.081512802e-14,1.164638385e-13,1.23494571e-13,1.647353707e-13,2.532806473e-13,6.940967126e-13,3.152543697e-14,3.384668397e-13,5.406165153e-14
30.84375,5.82057676e-13,3.836403092e-13,6.810877052e-13,1.946495261e-13,6.139379964e-13,3.729572672e-13,1.039350372e-13,1.03889968e-13,1.0708432e-13,1.072071645e-13,5.550433062e-13,1.484004162e-13,2.35749795e-13,5.375812591e-13,7.370182944e-13,6.178558419e-13,5.821638813e-13,4.844226029e-13,2.923426084e-13,3.457361004e-13,7.076281332e-14,1.199583004e-13,3.328723317e-14,7.897153112e-14,1.143344343e-13,1.204300233e-13,1.608652346e-13,2.541215967e-13,6.855676096e-13,3.165410668e-14,3.350389418e-13,5.303687835e-14
30.8515625,5.760292129e-13,3.842617821e-13,6.683365068e-13,1.932837224e-13,6.126251194e-13,3.687417718e-13,1.023285574e-13,1.021280091e-13,1.068134773e-13,1.073004734e-13,5.50479573e-13,1.470583117e-13,2.338956414e-13,5.312929934e-13,7.22280194e-13,6.032635606e-13,5.726218663e-13,4.812557036e-13,2.906586738e-13,3.469778719e-13,7.094599937e-14,1.191903395e-13,3.316267457e-14,7.709956198e-14,1.122882685e-13,1.174602453e-13,1.571230553e-13,2.548802958e-13,6.77180069e-13,3.180188187e-14,3.317099094e-13,5.20713818e-14
30.859375,5.702655182e-13,3.84831734e-13,6.555127406e-13,1.917467044e-13,6.112158237e-13,3.644028939e-13,1.00746009e-13,1.003673133e-13,1.064533509e-13,1.07350544e-13,5.458953401e-13,1.456113877e-13,2.320460033e-13,5.250051969e-13,7.079198645e-13,5.893354218e-13,5.635249912e-13,4.782264572e-13,2.889409573e-13,3.482235842e-13,7.120467092e-14,1.183380801e-13,3.304558167e-14,7.515014515e-14,1.103009642e-13,1.145448103e-13,1.535384483e-13,2.55516057e-13,6.683973729e-13,3.195349068e-14,3.283609964e-13,5.114962481e-14
30.8671875,5.643889152e-13,3.850064661e-13,6.427774274e-13,1.901184882e-13,6.096967561e-13,3.599124481e-13,9.916214553e-14,9.860559849e-14,1.060044393e-13,1.07461372e-13,5.412451479e-13,1.440826043e-13,2.301337759e-13,5.187383321e-13,6.937810228e-13,5.758423892e-13,5.545921569e-13,4.752036214e-13,2.870449673e-13,3.495350179e-13,7.151610832e-14,1.173955078e-13,3.291811025e-14,7.319631297e-14,1.083600094e-13,1.116597115e-13,1.500675339e-13,2.559557171e-13,6.593718766e-13,3.210873457e-14,3.249803155e-13,5.024545545e-14
30.875,5.585615602e-13,3.849690952e-13,6.304787208e-13,1.886033295e-13,6.082444968e-13,3.555888499e-13,9.765259622e-14,9.68580147e-14,1.055121757e-13,1.075781693e-13,5.365094139e-13,1.426001587e-13,2.282766758e-13,5.125857374e-13,6.799246176e-13,5.628019904e-13,5.458862293e-13,4.722791639e-13,2.851117698e-13,3.510709118e-13,7.177828961e-14,1.16457158e-13,3.278859427e-14,7.134691436e-14,1.064903771e-13,1.088510349e-13,1.466697086e-13,2.563715615e-13,6.506398135e-13,3.22930274e-14,3.216861439e-13,4.937716417e-14
30.8828125,5.530400276e-13,3.852169747e-13,6.186588052e-13,1.87296337e-13,6.069423287e-13,3.515484769e-13,9.623815741e-14,9.514010859e-14,1.049819976e-13,1.075893619e-13,5.318437515e-13,1.412321479e-13,2.266104717e-13,5.067233589e-13,6.666655097e-13,5.504644419e-13,5.376450045e-13,4.695941221e-13,2.833755101e-13,3.52753906e-13,7.199968302e-14,1.155631127e-13,3.263976046e-14,6.955539239e-14,1.047015626e-13,1.061313499e-13,1.434575949e-13,2.568871065e-13,6.422901869e-13,3.250417119e-14,3.186290585e-13,4.85618319e-14
30.890625,5.47449656e-13,3.852650545e-13,6.071488028e-13,1.860331409e-13,6.054636176e-13,3.475425513e-13,9.485916443e-14,9.342571907e-14,1.043857273e-13,1.075582772e-13,5.271769549e-13,1.398603454e-13,2.250197178e-13,5.009917318e-13,6.537659417e-13,5.385271285e-13,5.297278319e-13,4.668955788e-13,2.815922043e-13,3.543422919e-13,7.223870426e-14,1.146239092e-13,3.246883376e-14,6.77740529e-14,1.029709731e-13,1.034489092e-13,1.403967123e-13,2.572281145e-13,6.340799707e-13,3.270322591e-14,3.157137741e-13,4.776875906e-14
30.8984375,5.417221637e-13,3.846900195e-13,5.956384694e-13,1.845544023e-13,6.037462526e-13,3.433417998e-13,9.350309001e-14,9.168971621e-14,1.037243959e-13,1.075566069e-13,5.222642174e-13,1.383639846e-13,2.233540629e-13,4.95165069e-13,6.407810219e-13,5.266637591e-13,5.219356173e-13,4.640995777e-13,2.795632597e-13,3.558346849e-13,7.248847985e-14,1.135901901e-13,3.232154252e-14,6.600458011e-14,1.012990554e-13,1.007981664e-13,1.373516035e-13,2.572867692e-13,6.257730371e-13,3.288572304e-14,3.127302101e-13,4.699042915e-14
30.90625,5.361657423e-13,3.840040118e-13,5.841021304e-13,1.829559183e-13,6.021039631e-13,3.390215134e-13,9.218672854e-14,8.997223411e-14,1.030273758e-13,1.075438392e-13,5.172107282e-13,1.368311905e-13,2.21649774e-13,4.894036422e-13,6.28006645e-13,5.152274294e-13,5.143201146e-13,4.614278081e-13,2.775072107e-13,3.575568055e-13,7.277058926e-14,1.125208589e-13,3.221092596e-14,6.417323437e-14,9.969574966e-14,9.824360542e-14,1.344302415e-13,2.572728522e-13,6.173265257e-13,3.308101717e-14,3.097311776e-13,4.62641812e-14
30.9140625,5.307688767e-13,3.833462876e-13,5.728943727e-13,1.814771713e-13,6.005028741e-13,3.348257443e-13,9.092069337e-14,8.830666068e-14,1.022937957e-13,1.07495306e-13,5.121720862e-13,1.35348241e-13,2.199701406e-13,4.838506213e-13,6.157692883e-13,5.044357222e-13,5.069698043e-13,4.588137252e-13,2.754441737e-13,3.595982938e-13,7.310309722e-14,1.114498254e-13,3.209842301e-14,6.230097771e-14,9.81368674e-14,9.577972943e-14,1.31707863e-13,2.571312463e-13,6.089743611e-13,3.328145736e-14,3.068740085e-13,4.559663958e-14
30.921875,5.255639297e-13,3.824459892e-13,5.620435206e-13,1.800990335e-13,5.987744248e-13,3.308397462e-13,8.97245699e-14,8.663414441e-14,1.014894549e-13,1.074240607e-13,5.070348083e-13,1.338618076e-13,2.183111563e-13,4.783974414e-13,6.037836616e-13,4.940498556e-13,5.000400998e-13,4.562014152e-13,2.732150396e-13,3.616455753e-13,7.340594394e-14,1.103529742e-13,3.196311318e-14,6.051479806e-14,9.661398187e-14,9.331225888e-14,1.290519444e-13,2.567730372e-13,6.008399418e-13,3.347063429e-14,3.041569406e-13,4.495549974e-14
30.9296875,5.206360111e-13,3.81436794e-13,5.513829312e-13,1.788159401e-13,5.971029587e-13,3.269638899e-13,8.856738805e-14,8.489234014e-14,1.006244698e-13,1.073344822e-13,5.018176474e-13,1.324066496e-13,2.166914544e-13,4.730465011e-13,5.919267421e-13,4.840505726e-13,4.936724454e-13,4.53808499e-13,2.709394681e-13,3.635994717e-13,7.365130264e-14,1.092311311e-13,3.181895167e-14,5.877556553e-14,9.515550772e-14,9.083005276e-14,1.264659496e-13,2.564218685e-13,5.927599839e-13,3.36702926e-14,3.015767842e-13,4.431702767e-14
30.9375,5.156957273e-13,3.803279039e-13,5.40986858e-13,1.7763955e-13,5.955324613e-13,3.230820095e-13,8.739788472e-14,8.31305884e-14,9.973836549e-14,1.072352847e-13,4.966087945e-13,1.310348933e-13,2.151400352e-13,4.678112472e-13,5.803468764e-13,4.745647793e-13,4.877075209e-13,4.515852234e-13,2.687210123e-13,3.656442623e-13,7.389949402e-14,1.080990432e-13,3.168735387e-14,5.702415505e-14,9.37696489e-14,8.842633649e-14,1.240471986e-13,2.560811506e-13,5.847221951e-13,3.388611505e-14,2.991478734e-13,4.368979727e-14
30.9453125,5.105902024e-13,3.789029024e-13,5.306704751e-13,1.763600406e-13,5.937733785e-13,3.190907654e-13,8.624456021e-14,8.144288313e-14,9.880762701e-14,1.071259926e-13,4.912710807e-13,1.295905978e-13,2.136097882e-13,4.624984854e-13,5.689862427e-13,4.655572779e-13,4.81923446e-13,4.493094296e-13,2.664328088e-13,3.677916101e-13,7.414054941e-14,1.069303531e-13,3.156965784e-14,5.535352642e-14,9.244558857e-14,8.61433495e-14,1.217426249e-13,2.554792344e-13,5.768129368e-13,3.409579659e-14,2.967396659e-13,4.311248472e-14
30.953125,5.056238365e-13,3.771974466e-13,5.202300913e-13,1.749336726e-13,5.918036427e-13,3.150286087e-13,8.515001024e-14,7.981896303e-14,9.780083279e-14,1.070028882e-13,4.857693788e-13,1.279876022e-13,2.120164766e-13,4.570963818e-13,5.578134513e-13,4.569073639e-13,4.762634482e-13,4.470062375e-13,2.640233862e-13,3.698969523e-13,7.435390987e-14,1.057093429e-13,3.144448574e-14,5.373646589e-14,9.117317013e-14,8.393229118e-14,1.194494524e-13,2.546450035e-13,5.688442481e-13,3.430047065e-14,2.942809419e-13,4.259129142e-14
30.9609375,5.010203973e-13,3.753312432e-13,5.100975799e-13,1.735503296e-13,5.89907102e-13,3.111136433e-13,8.41141081e-14,7.815888839e-14,9.674348948e-14,1.068854421e-13,4.802740017e-13,1.263853923e-13,2.103862345e-13,4.519124413e-13,5.469113573e-13,4.484732262e-13,4.707261012e-13,4.44741264e-13,2.615606029e-13,3.718294685e-13,7.459888075e-14,1.044782613e-13,3.13061922e-14,5.205460715e-14,8.993482648e-14,8.173808595e-14,1.171659387e-13,2.538017012e-13,5.60739254e-13,3.45105291e-14,2.919443022e-13,4.207417225e-14
30.96875,4.966683655e-13,3.734181565e-13,5.005126542e-13,1.72199079e-13,5.882280513e-13,3.073987231e-13,8.314574451e-14,7.644314422e-14,9.563423451e-14,1.067738227e-13,4.748308256e-13,1.248418987e-13,2.088710337e-13,4.471442828e-13,5.363546603e-13,4.404422387e-13,4.654761081e-13,4.425650869e-13,2.590786153e-13,3.736358564e-13,7.490339452e-14,1.032622241e-13,3.116546918e-14,5.037566525e-14,8.874685234e-14,7.956819888e-14,1.150420844e-13,2.529342918e-13,5.527801939e-13,3.472296134e-14,2.89847095e-13,4.155311132e-14
30.9765625,4.923424007e-13,3.714707744e-13,4.911076911e-13,1.708942375e-13,5.867014583e-13,3.037767984e-13,8.222273357e-14,7.47502092e-14,9.445492869e-14,1.066362485e-13,4.693340752e-13,1.232757914e-13,2.075504248e-13,4.426857808e-13,5.263039834e-13,4.332095098e-13,4.606964237e-13,4.405938027e-13,2.565889178e-13,3.755906818e-13,7.523126723e-14,1.020413491e-13,3.101469841e-14,4.87811491e-14,8.764826865e-14,7.746820712e-14,1.13201916e-13,2.51897874e-13,5.450654983e-13,3.493649801e-14,2.878879705e-13,4.107670339e-14
30.984375,4.879073234e-13,3.693173337e-13,4.818052774e-13,1.698259718e-13,5.850976622e-13,3.002651222e-13,8.128536857e-14,7.309283546e-14,9.324649932e-14,1.064592935e-13,4.636818059e-13,1.217334556e-13,2.063009182e-13,4.382540759e-13,5.166981182e-13,4.266161364e-13,4.562110634e-13,4.387126779e-13,2.540749089e-13,3.77699624e-13,7.555281351e-14,1.008111773e-13,3.08524483e-14,4.722933807e-14,8.66062139e-14,7.543297501e-14,1.115239846e-13,2.506903947e-13,5.374215804e-13,3.514919807e-14,2.86007144e-13,4.063928699e-14
30.9921875,4.834116292e-13,3.670136511e-13,4.727283701e-13,1.688243331e-13,5.83234897e-13,2.967490098e-13,8.034822303e-14,7.142904873e-14,9.203875388e-14,1.062575119e-13,4.578955797e-13,1.202484221e-13,2.049540901e-13,4.336677017e-13,5.071795238e-13,4.202785739e-13,4.518089358e-13,4.366717035e-13,2.514528263e-13,3.796571804e-13,7.587053166e-14,9.955547457e-14,3.070183592e-14,4.573398711e-14,8.555879551e-14,7.342592976e-14,1.099025276e-13,2.493804058e-13,5.298182308e-13,3.536342933e-14,2.842114688e-13,4.021732008e-14
31,4.790639923e-13,3.646446871e-13,4.6375298e-13,1.675506931e-13,5.813763247e-13,2.930279415e-13,7.947519739e-14,6.97867227e-14,9.081207069e-14,1.060755603e-13,4.52122658e-13,1.187232735e-13,2.035502831e-13,4.291738851e-13,4.976909682e-13,4.142507818e-13,4.475777297e-13,4.345767874e-13,2.486617585e-13,3.814901402e-13,7.620759663e-14,9.823930782e-14,3.056229167e-14,4.431319102e-14,8.453309207e-14,7.14487319e-14,1.084053563e-13,2.479309373e-13,5.222937744e-13,3.558506676e-14,2.824094676e-13,3.983776435e-14
31.0078125,4.749988314e-13,3.619438965e-13,4.549889571e-13,1.662050312e-13,5.798321402e-13,2.894070295e-13,7.867730654e-14,6.818063213e-14,8.953857257e-14,1.059653531e-13,4.46393254e-13,1.17146589e-13,2.02276427e-13,4.251161612e-13,4.884723337e-13,4.085587328e-13,4.435692957e-13,4.327106207e-13,2.45761885e-13,3.833974585e-13,7.654851312e-14,9.689971263e-14,3.04068305e-14,4.290140895e-14,8.358641693e-14,6.949770745e-14,1.069542328e-13,2.463101068e-13,5.147922343e-13,3.58018663e-14,2.805734486e-13,3.948828407e-14
31.015625,4.710540754e-13,3.588659751e-13,4.465290275e-13,1.651183985e-13,5.783250552e-13,2.862067774e-13,7.79236264e-14,6.655257837e-14,8.81826292e-14,1.058892012e-13,4.405716066e-13,1.155507112e-13,2.011180518e-13,4.212788015e-13,4.795509985e-13,4.030579251e-13,4.396915923e-13,4.310065238e-13,2.4282951e-13,3.852419331e-13,7.685823494e-14,9.558636237e-14,3.023441945e-14,4.149431822e-14,8.270224273e-14,6.756789081e-14,1.054277229e-13,2.445940104e-13,5.072870055e-13,3.600718902e-14,2.787814195e-13,3.911926881e-14
31.0234375,4.670444015e-13,3.55652561e-13,4.379689439e-13,1.640935139e-13,5.765332685e-13,2.830247238e-13,7.717594354e-14,6.490779815e-14,8.676587098e-14,1.057602558e-13,4.345682526e-13,1.138933661e-13,1.99892455e-13,4.172803226e-13,4.708044594e-13,3.978277262e-13,4.359532988e-13,4.292546258e-13,2.398648927e-13,3.868221179e-13,7.716487761e-14,9.425927638e-14,3.006810295e-14,4.012827652e-14,8.184975704e-14,6.56994413e-14,1.039630919e-13,2.427868769e-13,4.997892303e-13,3.621106379e-14,2.770034431e-13,3.875068193e-14
31.03125,4.630291081e-13,3.522750588e-13,4.293084056e-13,1.629369538e-13,5.746287258e-13,2.796026037e-13,7.643597235e-14,6.330613954e-14,8.535793605e-14,1.056056342e-13,4.28380729e-13,1.122298029e-13,1.986585924e-13,4.132948264e-13,4.622924785e-13,3.929930504e-13,4.324918986e-13,4.275428231e-13,2.368972327e-13,3.881772775e-13,7.748712769e-14,9.28860426e-14,2.992143444e-14,3.878889127e-14,8.106127418e-14,6.390004632e-14,1.026823452e-13,2.408084047e-13,4.923709252e-13,3.640074119e-14,2.752409016e-13,3.84201977e-14
31.0390625,4.590558239e-13,3.486556144e-13,4.211232e-13,1.618597585e-13,5.727400856e-13,2.763630017e-13,7.576481377e-14,6.174715513e-14,8.392669938e-14,1.054902525e-13,4.221071003e-13,1.106367056e-13,1.976046638e-13,4.095995292e-13,4.542108375e-13,3.88636768e-13,4.294199867e-13,4.259484085e-13,2.339230451e-13,3.895114294e-13,7.781009792e-14,9.148450534e-14,2.97943148e-14,3.749637342e-14,8.036467378e-14,6.214795964e-14,1.015189992e-13,2.386479453e-13,4.851598296e-13,3.655870106e-14,2.735941313e-13,3.812199602e-14
31.046875,4.552012332e-13,3.448801134e-13,4.133013298e-13,1.608260176e-13,5.707831227e-13,2.733405981e-13,7.51604842e-14,6.022488492e-14,8.243228429e-14,1.053649629e-13,4.15905634e-13,1.090114213e-13,1.966267005e-13,4.060260863e-13,4.464917715e-13,3.847449126e-13,4.265700834e-13,4.242471351e-13,2.308032194e-13,3.909502683e-13,7.817123153e-14,9.004841295e-14,2.966611617e-14,3.627285346e-14,7.970635088e-14,6.047728551e-14,1.004264295e-13,2.363156982e-13,4.780928257e-13,3.669264646e-14,2.719591296e-13,3.785830774e-14
31.0546875,4.516379056e-13,3.409801881e-13,4.052026476e-13,1.595496632e-13,5.688364545e-13,2.700978656e-13,7.454346039e-14,5.874992888e-14,8.09706856e-14,1.052006326e-13,4.097395513e-13,1.07305529e-13,1.955385857e-13,4.024031694e-13,4.387712404e-13,3.809719293e-13,4.236037949e-13,4.223934296e-13,2.275275533e-13,3.923048476e-13,7.853778543e-14,8.859621161e-14,2.949697861e-14,3.50695579e-14,7.902994695e-14,5.888950241e-14,9.938360294e-14,2.338596402e-13,4.709725641e-13,3.680611771e-14,2.701993105e-13,3.761845134e-14
31.0625,4.481323252e-13,3.369284363e-13,3.968956317e-13,1.582273968e-13,5.669544764e-13,2.667531287e-13,7.392803306e-14,5.728260226e-14,7.955906012e-14,1.05059516e-13,4.034429426e-13,1.056179386e-13,1.944098044e-13,3.98838919e-13,4.310068963e-13,3.772073657e-13,4.205782271e-13,4.206345042e-13,2.242425045e-13,3.934148449e-13,7.879239248e-14,8.717133955e-14,2.927694118e-14,3.38904712e-14,7.836428601e-14,5.730830821e-14,9.83705116e-14,2.313695303e-13,4.637733562e-13,3.6901717e-14,2.684315942e-13,3.73700218e-14
31.0703125,4.44388968e-13,3.326538109e-13,3.888555411e-13,1.571606744e-13,5.650288826e-13,2.636432667e-13,7.338348505e-14,5.580493935e-14,7.806769145e-14,1.049114782e-13,3.970412425e-13,1.039185199e-13,1.933446408e-13,3.954086166e-13,4.235109622e-13,3.738408877e-13,4.178172903e-13,4.18964798e-13,2.209082376e-13,3.944660039e-13,7.899989063e-14,8.574056269e-14,2.904711503e-14,3.279443234e-14,7.773761541e-14,5.571360904e-14,9.744658885e-14,2.287788023e-13,4.565875955e-13,3.699624423e-14,2.6668371e-13,3.713863897e-14
31.078125,4.407302732e-13,3.282023236e-13,3.811145932e-13,1.561289249e-13,5.63085281e-13,2.606064825e-13,7.287464046e-14,5.435953599e-14,7.648793132e-14,1.046652348e-13,3.906675769e-13,1.021256314e-13,1.923455086e-13,3.920935534e-13,4.162870443e-13,3.709103506e-13,4.152829379e-13,4.172320169e-13,2.174570006e-13,3.955588029e-13,7.931465154e-14,8.42727444e-14,2.884135419e-14,3.175331848e-14,7.711899811e-14,5.415009133e-14,9.665775777e-14,2.26000565e-13,4.495434619e-13,3.709426604e-14,2.648779258e-13,3.695948489e-14
31.0859375,4.373332254e-13,3.238090689e-13,3.735366586e-13,1.549732634e-13,5.612274627e-13,2.575168982e-13,7.236015853e-14,5.293834682e-14,7.49073698e-14,1.04361912e-13,3.843755121e-13,1.003127359e-13,1.914643466e-13,3.889026844e-13,4.091657063e-13,3.681318544e-13,4.1280097e-13,4.155729515e-13,2.140345236e-13,3.966126629e-13,7.969430945e-14,8.281739547e-14,2.864687078e-14,3.071601977e-14,7.651955154e-14,5.263390423e-14,9.598304875e-14,2.231526492e-13,4.42812604e-13,3.719305788e-14,2.631821209e-13,3.679263813e-14
31.09375,4.339247376e-13,3.194368939e-13,3.661145213e-13,1.538877697e-13,5.594357154e-13,2.545631852e-13,7.188983816e-14,5.149452673e-14,7.330747932e-14,1.040978966e-13,3.781718244e-13,9.85210437e-14,1.907098663e-13,3.858272492e-13,4.022219085e-13,3.655766216e-13,4.1045936e-13,4.141004204e-13,2.106524677e-13,3.976492323e-13,8.003715064e-14,8.138847673e-14,2.843506955e-14,2.970846906e-14,7.598797183e-14,5.115506617e-14,9.539990185e-14,2.203122284e-13,4.363473045e-13,3.729334348e-14,2.616555469e-13,3.660701388e-14
31.1015625,4.30623622e-13,3.148731912e-13,3.587499697e-13,1.528848713e-13,5.576200908e-13,2.517727085e-13,7.14887594e-14,5.004392662e-14,7.165926752e-14,1.03890291e-13,3.719929282e-13,9.66883535e-14,1.899740856e-13,3.828336857e-13,3.95472278e-13,3.633332344e-13,4.082923433e-13,4.126504623e-13,2.071373403e-13,3.985621724e-13,8.032363061e-14,7.995364286e-14,2.819734349e-14,2.874283983e-14,7.550836118e-14,4.97013921e-14,9.487949682e-14,2.174215815e-13,4.299023546e-13,3.738479269e-14,2.600621731e-13,3.642847383e-14
31.109375,4.275271894e-13,3.101980164e-13,3.513643997e-13,1.51855607e-13,5.556692293e-13,2.490425526e-13,7.113188735e-14,4.863297236e-14,7.000660727e-14,1.037124615e-13,3.657642267e-13,9.482697432e-14,1.892412338e-13,3.798905273e-13,3.888388707e-13,3.612946648e-13,4.061905637e-13,4.111605354e-13,2.035206766e-13,3.990961197e-13,8.052718429e-14,7.852150129e-14,2.795035644e-14,2.778448181e-14,7.506131892e-14,4.826620511e-14,9.441492842e-14,2.14435358e-13,4.234654947e-13,3.746396642e-14,2.584446942e-13,3.626403185e-14
31.1171875,4.2424761e-13,3.054250962e-13,3.440761787e-13,1.508159821e-13,5.535773554e-13,2.463671139e-13,7.080742133e-14,4.727283094e-14,6.836218702e-14,1.035058765e-13,3.59551575e-13,9.298319965e-14,1.885968623e-13,3.769910443e-13,3.824109028e-13,3.595316029e-13,4.042131101e-13,4.097674523e-13,1.999447915e-13,3.992184481e-13,8.068074642e-14,7.709759789e-14,2.77060174e-14,2.684480402e-14,7.467642532e-14,4.685878916e-14,9.402991841e-14,2.112520378e-13,4.172180195e-13,3.753389369e-14,2.57052789e-13,3.610131244e-14
31.125,4.208561737e-13,3.00446992e-13,3.369769609e-13,1.497707161e-13,5.515086144e-13,2.437581297e-13,7.048715042e-14,4.594096256e-14,6.67112406e-14,1.032017543e-13,3.534336653e-13,9.114804094e-14,1.880414847e-13,3.741871177e-13,3.76227053e-13,3.581383526e-13,4.025171849e-13,4.085113153e-13,1.963983101e-13,3.991867126e-13,8.087451954e-14,7.566866681e-14,2.744135842e-14,2.59610436e-14,7.433935928e-14,4.54936487e-14,9.370877188e-14,2.078728706e-13,4.111775793e-13,3.758010418e-14,2.557978231e-13,3.595291572e-14
31.1328125,4.177841342e-13,2.955338654e-13,3.300066681e-13,1.48830382e-13,5.495425957e-13,2.41266969e-13,7.01542076e-14,4.460467656e-14,6.506152473e-14,1.028140595e-13,3.47378985e-13,8.932264114e-14,1.875386106e-13,3.715002486e-13,3.702375143e-13,3.570633916e-13,4.011054217e-13,4.073114611e-13,1.928347057e-13,3.994210797e-13,8.108249467e-14,7.425523233e-14,2.714179962e-14,2.511230981e-14,7.401385046e-14,4.418039143e-14,9.345868701e-14,2.045456581e-13,4.052502419e-13,3.760141448e-14,2.545106912e-13,3.583489734e-14
31.140625,4.148978712e-13,2.908863916e-13,3.231156181e-13,1.48092829e-13,5.475842601e-13,2.389023009e-13,6.985052178e-14,4.326542033e-14,6.340849428e-14,1.024222759e-13,3.414120185e-13,8.752037402e-14,1.871095707e-13,3.688901708e-13,3.644968256e-13,3.562711426e-13,3.998298443e-13,4.061419502e-13,1.892539673e-13,3.999800364e-13,8.123796434e-14,7.286949739e-14,2.683793172e-14,2.42765841e-14,7.372712175e-14,4.290635345e-14,9.336282919e-14,2.013122828e-13,3.994664191e-13,3.761799524e-14,2.532914124e-13,3.574457343e-14
31.1484375,4.119037382e-13,2.861696503e-13,3.16404374e-13,1.473193591e-13,5.454958638e-13,2.365419232e-13,6.958203918e-14,4.19605705e-14,6.174005007e-14,1.020805603e-13,3.356347679e-13,8.573481508e-14,1.867195716e-13,3.663371354e-13,3.590000623e-13,3.556898452e-13,3.985838288e-13,4.050230273e-13,1.856398741e-13,4.002462886e-13,8.135975374e-14,7.1496585e-14,2.653798533e-14,2.349577207e-14,7.34974624e-14,4.164563969e-14,9.343125742e-14,1.979439428e-13,3.939362602e-13,3.763176882e-14,2.522585391e-13,3.566093225e-14
31.15625,4.087975522e-13,2.81134487e-13,3.100198276e-13,1.463897583e-13,5.431191513e-13,2.342137621e-13,6.930879923e-14,4.070205703e-14,6.005326377e-14,1.017896203e-13,3.300363567e-13,8.394452721e-14,1.862526563e-13,3.637869784e-13,3.536777726e-13,3.552665466e-13,3.974096053e-13,4.03889281e-13,1.819781207e-13,3.999545067e-13,8.146599297e-14,7.014100069e-14,2.62091737e-14,2.278158294e-14,7.328981296e-14,4.0416049e-14,9.354531652e-14,1.944577557e-13,3.885906374e-13,3.764258783e-14,2.513891246e-13,3.556248778e-14
31.1640625,4.056532491e-13,2.759808276e-13,3.038590954e-13,1.455244986e-13,5.404972773e-13,2.320191218e-13,6.905215057e-14,3.94730012e-14,5.834963946e-14,1.015212393e-13,3.245235363e-13,8.212303489e-14,1.85707409e-13,3.612156727e-13,3.485421718e-13,3.550226776e-13,3.963221224e-13,4.027019995e-13,1.782847011e-13,3.996677953e-13,8.156768207e-14,6.880066837e-14,2.586319034e-14,2.207590784e-14,7.30997657e-14,3.925441362e-14,9.363258576e-14,1.910188916e-13,3.832022401e-13,3.766880193e-14,2.505936119e-13,3.546863615e-14
31.171875,4.02722573e-13,2.709647362e-13,2.97662565e-13,1.447475743e-13,5.379965386e-13,2.298110686e-13,6.883847134e-14,3.826608714e-14,5.667077466e-14,1.012770538e-13,3.190838808e-13,8.031716727e-14,1.852295158e-13,3.587798678e-13,3.435542576e-13,3.548556985e-13,3.952533831e-13,4.016566075e-13,1.746244821e-13,3.995675746e-13,8.169139328e-14,6.746323406e-14,2.553919698e-14,2.136703747e-14,7.295595801e-14,3.814775236e-14,9.376199726e-14,1.876072713e-13,3.777932862e-13,3.771313652e-14,2.498131681e-13,3.541199626e-14
31.1796875,4.00137063e-13,2.661121937e-13,2.914302759e-13,1.439911133e-13,5.357397135e-13,2.275402419e-13,6.863562288e-14,3.70783278e-14,5.505747333e-14,1.010700167e-13,3.137247948e-13,7.85971788e-14,1.848677046e-13,3.565132963e-13,3.386642297e-13,3.547293651e-13,3.942456741e-13,4.008603598e-13,1.710323485e-13,3.992406753e-13,8.179248048e-14,6.614663954e-14,2.521555752e-14,2.069807461e-14,7.28480284e-14,3.706106987e-14,9.399117525e-14,1.841929631e-13,3.725818829e-13,3.774989459e-14,2.491020019e-13,3.536539361e-14
31.1875,3.975312937e-13,2.612550672e-13,2.852753264e-13,1.433931536e-13,5.333940297e-13,2.254353187e-13,6.844844716e-14,3.591506892e-14,5.346731547e-14,1.008420077e-13,3.084027937e-13,7.688043666e-14,1.845142423e-13,3.541861342e-13,3.339237e-13,3.548571721e-13,3.933523015e-13,4.000309355e-13,1.673948729e-13,3.986401706e-13,8.182256864e-14,6.485435648e-14,2.485154909e-14,2.007591155e-14,7.274127125e-14,3.597274866e-14,9.425003418e-14,1.807681917e-13,3.674832925e-13,3.775136334e-14,2.484593448e-13,3.528562143e-14
31.1953125,3.947786652e-13,2.562894455e-13,2.791728349e-13,1.429203927e-13,5.309070399e-13,2.235338286e-13,6.830578398e-14,3.47905622e-14,5.185757401e-14,1.005379035e-13,3.032046841e-13,7.508328452e-14,1.841525311e-13,3.518612119e-13,3.293670011e-13,3.552981571e-13,3.925696062e-13,3.99079909e-13,1.636701117e-13,3.979344957e-13,8.183309384e-14,6.357319305e-14,2.446001775e-14,1.949770536e-14,7.264223551e-14,3.488433326e-14,9.450915559e-14,1.772609668e-13,3.623520772e-13,3.772180274e-14,2.478019303e-13,3.519796128e-14
31.203125,3.922665751e-13,2.513630532e-13,2.732637322e-13,1.424037688e-13,5.286139806e-13,2.217161781e-13,6.8191142e-14,3.368469785e-14,5.025714894e-14,1.002045248e-13,2.983428241e-13,7.332693012e-14,1.838793182e-13,3.498894208e-13,3.250681448e-13,3.558759446e-13,3.920259684e-13,3.983637564e-13,1.600612073e-13,3.970749867e-13,8.185931316e-14,6.233346e-14,2.407231179e-14,1.89653332e-14,7.258678234e-14,3.383656244e-14,9.487791379e-14,1.737442837e-13,3.574321348e-13,3.769483881e-14,2.472579127e-13,3.514535061e-14
31.2109375,3.900258117e-13,2.466189264e-13,2.677073174e-13,1.418475298e-13,5.264925451e-13,2.199899086e-13,6.811805387e-14,3.256822599e-14,4.867719575e-14,9.990691505e-14,2.937972056e-13,7.168177197e-14,1.83657922e-13,3.481795358e-13,3.210627922e-13,3.564933796e-13,3.916855874e-13,3.978970573e-13,1.566295714e-13,3.960662749e-13,8.187665908e-14,6.114440613e-14,2.369467125e-14,1.843881868e-14,7.256476878e-14,3.284434586e-14,9.537979755e-14,1.703423616e-13,3.528444484e-13,3.767721148e-14,2.469519724e-13,3.5118701e-14
31.21875,3.877611497e-13,2.419287839e-13,2.622647387e-13,1.41220725e-13,5.243224493e-13,2.182913113e-13,6.810681655e-14,3.147007224e-14,4.711336269e-14,9.965057934e-14,2.893284507e-13,7.003098123e-14,1.833884989e-13,3.464050125e-13,3.171023058e-13,3.571026167e-13,3.911982936e-13,3.973314135e-13,1.531600563e-13,3.949326625e-13,8.191208251e-14,5.996882902e-14,2.331802607e-14,1.790121932e-14,7.252821164e-14,3.186672884e-14,9.590348512e-14,1.66968057e-13,3.482676456e-13,3.76488022e-14,2.466944649e-13,3.510209149e-14
31.2265625,3.855526104e-13,2.371405415e-13,2.567912631e-13,1.405486682e-13,5.222773849e-13,2.165729011e-13,6.809180784e-14,3.043027678e-14,4.560008839e-14,9.938017963e-14,2.848966268e-13,6.834644374e-14,1.83149681e-13,3.447160744e-13,3.13072992e-13,3.577373839e-13,3.905755528e-13,3.967587349e-13,1.496241598e-13,3.936443701e-13,8.199763166e-14,5.882912631e-14,2.293748975e-14,1.738698499e-14,7.24757797e-14,3.090171664e-14,9.645639549e-14,1.635489859e-13,3.435794978e-13,3.761282898e-14,2.464406421e-13,3.510124579e-14
31.234375,3.835511799e-13,2.323474865e-13,2.514829633e-13,1.40086331e-13,5.204176643e-13,2.150107961e-13,6.804152247e-14,2.944302297e-14,4.412532823e-14,9.902495131e-14,2.806233274e-13,6.668875883e-14,1.830390446e-13,3.433045546e-13,3.092796095e-13,3.586095679e-13,3.901733051e-13,3.964287423e-13,1.46184207e-13,3.923038669e-13,8.207832068e-14,5.775662188e-14,2.255961179e-14,1.688778118e-14,7.24406583e-14,2.998318068e-14,9.71408457e-14,1.601636555e-13,3.390074727e-13,3.757144709e-14,2.464039262e-13,3.510396181e-14
31.2421875,3.815878366e-13,2.276510953e-13,2.46291253e-13,1.398301304e-13,5.183496658e-13,2.136253318e-13,6.80174472e-14,2.849898781e-14,4.264267973e-14,9.86400019e-14,2.764823861e-13,6.502146552e-14,1.829589899e-13,3.418552613e-13,3.057987809e-13,3.59751637e-13,3.899183784e-13,3.961240817e-13,1.428021459e-13,3.909302064e-13,8.210174018e-14,5.669597435e-14,2.21815693e-14,1.638399098e-14,7.241875892e-14,2.911329832e-14,9.79280508e-14,1.568236264e-13,3.346140629e-13,3.752026196e-14,2.46507645e-13,3.510028818e-14
31.25,3.795578561e-13,2.229927997e-13,2.411059124e-13,1.394949274e-13,5.159989629e-13,2.122210533e-13,6.803557989e-14,2.758852902e-14,4.118426962e-14,9.835584862e-14,2.72423066e-13,6.334432387e-14,1.827969215e-13,3.401649967e-13,3.023718522e-13,3.609278189e-13,3.895467135e-13,3.956211382e-13,1.393886189e-13,3.894598781e-13,8.207539764e-14,5.561974663e-14,2.178083231e-14,1.591679074e-14,7.238709579e-14,2.83009747e-14,9.873936018e-14,1.535291253e-13,3.303397771e-13,3.74895748e-14,2.465659846e-13,3.511853669e-14
31.2578125,3.775337556e-13,2.184400774e-13,2.361684405e-13,1.391029015e-13,5.137242266e-13,2.108231246e-13,6.808146735e-14,2.667826381e-14,3.977956492e-14,9.814780588e-14,2.685206565e-13,6.174788836e-14,1.825950516e-13,3.385299811e-13,2.990490532e-13,3.620907938e-13,3.891649593e-13,3.950723733e-13,1.360296854e-13,3.880816876e-13,8.199790963e-14,5.457392579e-14,2.135508268e-14,1.550952933e-14,7.235575534e-14,2.755376766e-14,9.961740058e-14,1.503713773e-13,3.262605213e-13,3.748499828e-14,2.467234481e-13,3.517091935e-14
31.265625,3.755298858e-13,2.141532157e-13,2.315285928e-13,1.388554368e-13,5.115574018e-13,2.095696985e-13,6.817793519e-14,2.577388096e-14,3.838846708e-14,9.792931596e-14,2.648152712e-13,6.023574061e-14,1.824424335e-13,3.371430176e-13,2.96060196e-13,3.634153943e-13,3.889376726e-13,3.946356143e-13,1.32784786e-13,3.868729145e-13,8.186689849e-14,5.356914027e-14,2.093305994e-14,1.513797337e-14,7.235773639e-14,2.683116984e-14,1.006310894e-13,1.473640751e-13,3.224010581e-13,3.746708898e-14,2.471281018e-13,3.522348008e-14
31.2734375,3.735814936e-13,2.100181881e-13,2.2695863e-13,1.386957714e-13,5.092663959e-13,2.08429385e-13,6.831030856e-14,2.492869237e-14,3.701309371e-14,9.772645718e-14,2.612835026e-13,5.875303712e-14,1.823381123e-13,3.358568606e-13,2.933468754e-13,3.649697715e-13,3.888792579e-13,3.942899545e-13,1.296149158e-13,3.855006531e-13,8.171635452e-14,5.259241668e-14,2.052941434e-14,1.478176172e-14,7.23986297e-14,2.611759414e-14,1.017443324e-13,1.444399322e-13,3.18663221e-13,3.7452883e-14,2.477127112e-13,3.525840754e-14
31.28125,3.717562042e-13,2.058581437e-13,2.224920471e-13,1.385015147e-13,5.068746909e-13,2.073617941e-13,6.845765111e-14,2.414560281e-14,3.568726372e-14,9.752764512e-14,2.579358096e-13,5.729279905e-14,1.822003617e-13,3.345727038e-13,2.90763136e-13,3.667228781e-13,3.89002655e-13,3.939775309e-13,1.264836836e-13,3.838018088e-13,8.155967069e-14,5.164762137e-14,2.013075163e-14,1.441068164e-14,7.244046455e-14,2.544088087e-14,1.028841954e-13,1.415631586e-13,3.150006675e-13,3.747609891e-14,2.484058363e-13,3.529679916e-14
31.2890625,3.700169479e-13,2.017877813e-13,2.182185112e-13,1.383480565e-13,5.045140747e-13,2.063949291e-13,6.864896831e-14,2.337213273e-14,3.439062865e-14,9.726901814e-14,2.548007357e-13,5.585427002e-14,1.820287032e-13,3.333135333e-13,2.882875401e-13,3.68649484e-13,3.892319343e-13,3.937039139e-13,1.233587246e-13,3.81995647e-13,8.138359298e-14,5.072602068e-14,1.972061334e-14,1.401631428e-14,7.246378497e-14,2.478861752e-14,1.040521697e-13,1.387266984e-13,3.11417345e-13,3.74944049e-14,2.491895972e-13,3.535501411e-14
31.296875,3.68357341e-13,1.979432586e-13,2.140596513e-13,1.383335219e-13,5.021952868e-13,2.055313699e-13,6.886637233e-14,2.258947629e-14,3.31091428e-14,9.698551218e-14,2.519228414e-13,5.443915487e-14,1.819485807e-13,3.32107039e-13,2.859387812e-13,3.707236731e-13,3.894935422e-13,3.935245808e-13,1.202736362e-13,3.802430371e-13,8.120484052e-14,4.984003188e-14,1.929704192e-14,1.365511423e-14,7.249944763e-14,2.413822945e-14,1.052860532e-13,1.36001713e-13,3.079142455e-13,3.749178274e-14,2.50137749e-13,3.54253918e-14
31.3046875,3.668273813e-13,1.942465212e-13,2.100193928e-13,1.383859511e-13,4.999247653e-13,2.047489546e-13,6.907435479e-14,2.18290649e-14,3.18713211e-14,9.669324683e-14,2.493138671e-13,5.306005179e-14,1.819745373e-13,3.310186999e-13,2.837505859e-13,3.729308649e-13,3.898318152e-13,3.933911955e-13,1.172907762e-13,3.7854307e-13,8.103213425e-14,4.901408305e-14,1.887079599e-14,1.335933807e-14,7.256014889e-14,2.351223456e-14,1.065770076e-13,1.334544085e-13,3.044985012e-13,3.751870051e-14,2.513445236e-13,3.549006008e-14
31.3125,3.653345474e-13,1.906136317e-13,2.06080868e-13,1.384124803e-13,4.976538461e-13,2.039805325e-13,6.930793664e-14,2.111981948e-14,3.06905077e-14,9.635173184e-14,2.468850366e-13,5.170487007e-14,1.819584717e-13,3.300090318e-13,2.816847129e-13,3.75195411e-13,3.901618014e-13,3.931463869e-13,1.143586116e-13,3.768232906e-13,8.083089348e-14,4.821798744e-14,1.844160826e-14,1.309862667e-14,7.261459907e-14,2.292466445e-14,1.079111513e-13,1.309855113e-13,3.011515022e-13,3.756932824e-14,2.527241328e-13,3.554898497e-14
31.3203125,3.637572911e-13,1.870942007e-13,2.02206082e-13,1.384662684e-13,4.95169038e-13,2.03189512e-13,6.956400577e-14,2.045354854e-14,2.954182079e-14,9.602190738e-14,2.446029631e-13,5.036734423e-14,1.818321837e-13,3.288726253e-13,2.796570401e-13,3.774450042e-13,3.904071564e-13,3.927206437e-13,1.114371352e-13,3.749885512e-13,8.059172262e-14,4.742051404e-14,1.799947851e-14,1.285238066e-14,7.263553341e-14,2.236695556e-14,1.093115972e-13,1.285373503e-13,2.978474464e-13,3.761111295e-14,2.541867881e-13,3.562563258e-14
31.328125,3.622004268e-13,1.837563627e-13,1.985366016e-13,1.385836977e-13,4.924223181e-13,2.024716667e-13,6.980022358e-14,1.98078462e-14,2.838890622e-14,9.574946836e-14,2.425678136e-13,4.905913392e-14,1.81635918e-13,3.276195043e-13,2.777678837e-13,3.798290893e-13,3.908184119e-13,3.922045552e-13,1.086032776e-13,3.731393127e-13,8.035039783e-14,4.663428674e-14,1.755931954e-14,1.261072043e-14,7.262416139e-14,2.184921274e-14,1.107837666e-13,1.262348474e-13,2.945642977e-13,3.76763178e-14,2.557746729e-13,3.572236589e-14
31.3359375,3.608908652e-13,1.805389413e-13,1.950689101e-13,1.387068578e-13,4.897826253e-13,2.018860087e-13,7.006457289e-14,1.919157684e-14,2.7252389e-14,9.544127984e-14,2.40801326e-13,4.779086612e-14,1.814163735e-13,3.265475983e-13,2.761583558e-13,3.824625391e-13,3.915435335e-13,3.917782684e-13,1.059071824e-13,3.714752272e-13,8.012998301e-14,4.58764377e-14,1.713808195e-14,1.236357819e-14,7.261420281e-14,2.138288991e-14,1.123241336e-13,1.241004717e-13,2.912582085e-13,3.77780426e-14,2.574939914e-13,3.582153754e-14
31.34375,3.598429008e-13,1.77350337e-13,1.916163115e-13,1.388623352e-13,4.874625724e-13,2.013669781e-13,7.03941375e-14,1.861807481e-14,2.619234189e-14,9.504172949e-14,2.391949176e-13,4.658920311e-14,1.812298382e-13,3.257079296e-13,2.747166868e-13,3.851059228e-13,3.922995917e-13,3.914630909e-13,1.033452754e-13,3.699471426e-13,7.991841257e-14,4.517317431e-14,1.671092688e-14,1.21331986e-14,7.262456816e-14,2.096028963e-14,1.139483256e-13,1.220134784e-13,2.879653494e-13,3.787107424e-14,2.594049236e-13,3.593871315e-14
31.3515625,3.587685535e-13,1.742856315e-13,1.882438047e-13,1.391096595e-13,4.850625185e-13,2.008769011e-13,7.072612676e-14,1.805901732e-14,2.517853759e-14,9.459155503e-14,2.377021052e-13,4.544697059e-14,1.810432469e-13,3.248017735e-13,2.732825128e-13,3.875962987e-13,3.928921481e-13,3.909977452e-13,1.008713092e-13,3.684078187e-13,7.967890111e-14,4.452115968e-14,1.625383173e-14,1.193594711e-14,7.260533019e-14,2.057004853e-14,1.156185758e-13,1.199746073e-13,2.84770245e-13,3.795316631e-14,2.61567706e-13,3.608982434e-14
31.359375,3.574603714e-13,1.714867685e-13,1.850748201e-13,1.394282154e-13,4.82278172e-13,2.003849428e-13,7.10336298e-14,1.749950759e-14,2.414763242e-14,9.412249766e-14,2.364186112e-13,4.432136557e-14,1.807378668e-13,3.237033102e-13,2.718841195e-13,3.901268749e-13,3.934662537e-13,3.903105295e-13,9.838354991e-14,3.668392626e-13,7.937772057e-14,4.386019121e-14,1.57859588e-14,1.175097604e-14,7.251906736e-14,2.019973578e-14,1.172800774e-13,1.180880227e-13,2.815809576e-13,3.80661969e-14,2.637932056e-13,3.624821004e-14
31.3671875,3.56106664e-13,1.689293975e-13,1.820633829e-13,1.398256095e-13,4.794205547e-13,1.99847776e-13,7.134798093e-14,1.697620374e-14,2.314425731e-14,9.365250957e-14,2.354712256e-13,4.324762071e-14,1.803336175e-13,3.225805017e-13,2.706099961e-13,3.927890822e-13,3.941178341e-13,3.897057873e-13,9.590638204e-14,3.652132997e-13,7.902066406e-14,4.319721566e-14,1.533218313e-14,1.156187102e-14,7.240523613e-14,1.984646786e-14,1.189892948e-13,1.16389915e-13,2.782905808e-13,3.82141203e-14,2.660254102e-13,3.640954113e-14
31.375,3.54961892e-13,1.665512663e-13,1.792500194e-13,1.402860494e-13,4.767572844e-13,1.993515944e-13,7.168199811e-14,1.650110014e-14,2.220446141e-14,9.319155845e-14,2.348436728e-13,4.226894291e-14,1.799388522e-13,3.215519718e-13,2.695133794e-13,3.954816333e-13,3.948032847e-13,3.89266168e-13,9.357447652e-14,3.635803684e-13,7.864710525e-14,4.260273953e-14,1.489380398e-14,1.13737527e-14,7.229681595e-14,1.952738622e-14,1.208232507e-13,1.148166716e-13,2.75069532e-13,3.837423445e-14,2.685177528e-13,3.660266134e-14
31.3828125,3.539760376e-13,1.643083157e-13,1.766581987e-13,1.407051118e-13,4.741888833e-13,1.989739192e-13,7.205266069e-14,1.603950518e-14,2.128050192e-14,9.274264142e-14,2.344168226e-13,4.132079001e-14,1.795429105e-13,3.20620766e-13,2.685954026e-13,3.982344613e-13,3.955493641e-13,3.887940005e-13,9.137877085e-14,3.621263541e-13,7.83007234e-14,4.206034584e-14,1.445716202e-14,1.120592768e-14,7.219702518e-14,1.925008956e-14,1.227573128e-13,1.132943437e-13,2.720855665e-13,3.854648217e-14,2.712515999e-13,3.681102664e-14
31.390625,3.529881176e-13,1.62122399e-13,1.742166458e-13,1.410902752e-13,4.71677427e-13,1.986200755e-13,7.245597708e-14,1.558544205e-14,2.037937404e-14,9.232081787e-14,2.342029496e-13,4.037641585e-14,1.790955791e-13,3.197858991e-13,2.678035892e-13,4.011125961e-13,3.96425041e-13,3.883093316e-13,8.925411025e-14,3.607521455e-13,7.799733441e-14,4.152330256e-14,1.400821992e-14,1.107083154e-14,7.211343063e-14,1.900149003e-14,1.247699711e-13,1.118774082e-13,2.692246461e-13,3.874394601e-14,2.739980588e-13,3.699761113e-14
31.3984375,3.519613913e-13,1.600295051e-13,1.719872337e-13,1.415804687e-13,4.691935903e-13,1.982683939e-13,7.284900427e-14,1.516711181e-14,1.953411158e-14,9.189802863e-14,2.342528582e-13,3.949833671e-14,1.786076077e-13,3.189834491e-13,2.671632782e-13,4.041019952e-13,3.974443126e-13,3.879076412e-13,8.722612605e-14,3.591654642e-13,7.770047382e-14,4.100701897e-14,1.355361496e-14,1.094156862e-14,7.202042766e-14,1.877255918e-14,1.268736851e-13,1.106632609e-13,2.663379227e-13,3.89595904e-14,2.767952006e-13,3.717418421e-14
31.40625,3.509266785e-13,1.581671044e-13,1.699247816e-13,1.422345646e-13,4.665473669e-13,1.980068618e-13,7.323940532e-14,1.478970043e-14,1.870668705e-14,9.141355507e-14,2.344521376e-13,3.868183259e-14,1.780974678e-13,3.181034724e-13,2.667182165e-13,4.072051103e-13,3.985520514e-13,3.875121939e-13,8.52856483e-14,3.574925952e-13,7.738136907e-14,4.050966482e-14,1.311288419e-14,1.079902435e-14,7.188716583e-14,1.855552098e-14,1.290271584e-13,1.096035687e-13,2.633934097e-13,3.917136603e-14,2.797143439e-13,3.736386192e-14
31.4140625,3.499338966e-13,1.565278903e-13,1.678434489e-13,1.429340783e-13,4.637380959e-13,1.977491195e-13,7.366293211e-14,1.443571685e-14,1.788571158e-14,9.088161085e-14,2.347584107e-13,3.78863323e-14,1.775612065e-13,3.171571623e-13,2.663383898e-13,4.103357876e-13,3.996242579e-13,3.870529808e-13,8.341659286e-14,3.56025894e-13,7.708296659e-14,4.002390788e-14,1.269089043e-14,1.06751486e-14,7.173270719e-14,1.834123005e-14,1.312090155e-13,1.086395864e-13,2.604149574e-13,3.938917175e-14,2.827398079e-13,3.756296854e-14
31.421875,3.490358639e-13,1.549548304e-13,1.658689037e-13,1.434793234e-13,4.609251728e-13,1.97401735e-13,7.410998842e-14,1.409655413e-14,1.710252355e-14,9.037423892e-14,2.352914746e-13,3.711802131e-14,1.769394553e-13,3.162365307e-13,2.65918299e-13,4.133472695e-13,4.005847886e-13,3.864429649e-13,8.166189458e-14,3.546105111e-13,7.68409124e-14,3.958580782e-14,1.228426551e-14,1.05827586e-14,7.156267089e-14,1.814282671e-14,1.334506739e-13,1.078021824e-13,2.5749873e-13,3.965450309e-14,2.859416963e-13,3.777507736e-14
31.4296875,3.482395904e-13,1.533738617e-13,1.641344207e-13,1.438642198e-13,4.580228066e-13,1.970966683e-13,7.457508693e-14,1.377912089e-14,1.634358688e-14,8.992145738e-14,2.360526332e-13,3.636276257e-14,1.761518978e-13,3.152860546e-13,2.655402451e-13,4.162343544e-13,4.014932306e-13,3.855904609e-13,8.00040719e-14,3.530171081e-13,7.661053123e-14,3.918712108e-14,1.188769759e-14,1.048922037e-14,7.135229858e-14,1.798211279e-14,1.357134575e-13,1.070625218e-13,2.546222308e-13,3.996677296e-14,2.892499971e-13,3.802204693e-14
31.4375,3.475483299e-13,1.519028084e-13,1.624261005e-13,1.442884864e-13,4.549302097e-13,1.968685789e-13,7.505255721e-14,1.350143381e-14,1.560930421e-14,8.947854885e-14,2.370276086e-13,3.562587517e-14,1.752367233e-13,3.141840836e-13,2.652415841e-13,4.190680521e-13,4.024573154e-13,3.846424365e-13,7.843442707e-14,3.514070498e-13,7.634327012e-14,3.879270547e-14,1.148930738e-14,1.038327846e-14,7.110842941e-14,1.785364571e-14,1.379582867e-13,1.064224401e-13,2.515724017e-13,4.028306006e-14,2.925602578e-13,3.830725873e-14
31.4453125,3.470109278e-13,1.506524532e-13,1.607106676e-13,1.447783151e-13,4.518915707e-13,1.965932457e-13,7.551524994e-14,1.327519232e-14,1.493682475e-14,8.896166538e-14,2.383119203e-13,3.496801191e-14,1.743232247e-13,3.130746862e-13,2.650406069e-13,4.219550829e-13,4.035766039e-13,3.837901351e-13,7.703261226e-14,3.498915262e-13,7.604654551e-14,3.843204229e-14,1.10900099e-14,1.028609222e-14,7.084835651e-14,1.773516537e-14,1.402653751e-13,1.059757779e-13,2.483963711e-13,4.060352875e-14,2.960530255e-13,3.859682552e-14
31.453125,3.46659618e-13,1.495394403e-13,1.591731083e-13,1.452245623e-13,4.490735315e-13,1.963577283e-13,7.600093363e-14,1.308488815e-14,1.430737492e-14,8.835643274e-14,2.398056676e-13,3.437436907e-14,1.734620176e-13,3.122288771e-13,2.650825396e-13,4.250419367e-13,4.048998215e-13,3.8298381e-13,7.578931148e-14,3.48275512e-13,7.573684493e-14,3.81228415e-14,1.070100456e-14,1.021433329e-14,7.057776684e-14,1.762562664e-14,1.426943654e-13,1.0567296e-13,2.454192996e-13,4.096052367e-14,2.99805031e-13,3.885864336e-14
31.4609375,3.464727919e-13,1.485277026e-13,1.577595812e-13,1.456761557e-13,4.462165054e-13,1.962717296e-13,7.656267178e-14,1.290827062e-14,1.368135081e-14,8.777119878e-14,2.41336072e-13,3.378770213e-14,1.725853934e-13,3.115861876e-13,2.6535753e-13,4.282947586e-13,4.06357483e-13,3.821377509e-13,7.461684416e-14,3.465570268e-13,7.541252e-14,3.782752493e-14,1.032241134e-14,1.015769997e-14,7.031386434e-14,1.755231773e-14,1.452170855e-13,1.054547479e-13,2.426328942e-13,4.13505061e-14,3.036558751e-13,3.910663988e-14
31.46875,3.463743864e-13,1.477342859e-13,1.564450182e-13,1.461178308e-13,4.431419446e-13,1.961445535e-13,7.715310017e-14,1.275374158e-14,1.307750309e-14,8.729672077e-14,2.430202226e-13,3.323808603e-14,1.716029282e-13,3.108812473e-13,2.656466906e-13,4.315182897e-13,4.078227312e-13,3.812083435e-13,7.350123329e-14,3.450321433e-13,7.508762428e-14,3.753961182e-14,9.958002634e-15,1.009175021e-14,7.004759302e-14,1.752545378e-14,1.478057401e-13,1.054508606e-13,2.397492573e-13,4.176676634e-14,3.076347044e-13,3.937185623e-14
31.4765625,3.462100181e-13,1.470520262e-13,1.553793783e-13,1.464038604e-13,4.399993424e-13,1.958707945e-13,7.773205037e-14,1.26436979e-14,1.25173461e-14,8.687696787e-14,2.449785798e-13,3.273676039e-14,1.704967248e-13,3.100454883e-13,2.658744302e-13,4.34574111e-13,4.091507167e-13,3.800313379e-13,7.243051528e-14,3.437438583e-13,7.480057577e-14,3.727152585e-14,9.612216623e-15,1.002912826e-14,6.972894134e-14,1.751021828e-14,1.503837798e-13,1.056254665e-13,2.367552264e-13,4.222503398e-14,3.11755188e-13,3.96567827e-14
31.484375,3.459125095e-13,1.462682981e-13,1.5454943e-13,1.466467721e-13,4.367999175e-13,1.956572763e-13,7.833189242e-14,1.25740361e-14,1.198594258e-14,8.640825162e-14,2.471560677e-13,3.22335456e-14,1.6931914e-13,3.091450199e-13,2.661178984e-13,4.374066879e-13,4.102642061e-13,3.785614855e-13,7.139356497e-14,3.424097622e-13,7.456475834e-14,3.701589659e-14,9.265294368e-15,9.995569653e-15,6.934122531e-14,1.74878979e-14,1.528880854e-13,1.05797645e-13,2.338079737e-13,4.271103263e-14,3.158410616e-13,3.995186073e-14
31.4921875,3.456695071e-13,1.456017468e-13,1.539035536e-13,1.470864934e-13,4.334636498e-13,1.956013228e-13,7.894821564e-14,1.252385027e-14,1.147908158e-14,8.588723213e-14,2.495952359e-13,3.176794504e-14,1.681244327e-13,3.082579858e-13,2.664569319e-13,4.401531661e-13,4.113567514e-13,3.770718569e-13,7.046517963e-14,3.409359495e-13,7.434221457e-14,3.679037317e-14,8.904301644e-15,9.96595764e-15,6.892352456e-14,1.749021307e-14,1.554563293e-13,1.061079203e-13,2.309274799e-13,4.319451211e-14,3.199826952e-13,4.02557013e-14
31.5,3.456254865e-13,1.453646258e-13,1.534480465e-13,1.476375126e-13,4.301829581e-13,1.955580198e-13,7.95716685e-14,1.248851852e-14,1.100674098e-14,8.536788782e-14,2.522994582e-13,3.140593927e-14,1.669250226e-13,3.074781568e-13,2.669402575e-13,4.430328617e-13,4.126255219e-13,3.757054408e-13,6.966638143e-14,3.395243696e-13,7.410225677e-14,3.661065551e-14,8.550003009e-15,9.928528212e-15,6.850121217e-14,1.752620861e-14,1.582071616e-13,1.067353256e-13,2.281128621e-13,4.368615165e-14,3.243491909e-13,4.057149804e-14
31.5078125,3.45676467e-13,1.453484071e-13,1.53051124e-13,1.480273934e-13,4.27035193e-13,1.954405748e-13,8.023906529e-14,1.247336813e-14,1.055842662e-14,8.485292929e-14,2.551115251e-13,3.108700561e-14,1.656595205e-13,3.067508114e-13,2.674411884e-13,4.459507658e-13,4.139241408e-13,3.742378957e-13,6.891850126e-14,3.383073795e-13,7.386634676e-14,3.644177483e-14,8.21771236e-15,9.916312082e-15,6.805139042e-14,1.757044401e-14,1.609938654e-13,1.075077102e-13,2.253402615e-13,4.421636944e-14,3.287338263e-13,4.090552339e-14
31.515625,3.458063844e-13,1.452507661e-13,1.527094942e-13,1.482417616e-13,4.238116422e-13,1.953056672e-13,8.09308215e-14,1.247548326e-14,1.01210202e-14,8.43345913e-14,2.580479275e-13,3.074747477e-14,1.642650759e-13,3.059681542e-13,2.678421851e-13,4.488053503e-13,4.15200728e-13,3.725846616e-13,6.822683659e-14,3.372209448e-13,7.366129971e-14,3.626454283e-14,7.897037272e-15,9.913162041e-15,6.755846049e-14,1.763415134e-14,1.637284679e-13,1.083293185e-13,2.224923587e-13,4.480081422e-14,3.329905119e-13,4.124892502e-14
31.5234375,3.460666868e-13,1.452445309e-13,1.526302755e-13,1.485319512e-13,4.205786553e-13,1.952105426e-13,8.161184983e-14,1.249610342e-14,9.709863322e-15,8.384596655e-14,2.612137938e-13,3.043983487e-14,1.628347143e-13,3.052528725e-13,2.683577447e-13,4.518266203e-13,4.166501066e-13,3.709880067e-13,6.765812284e-14,3.361941226e-13,7.348093456e-14,3.611025132e-14,7.578430494e-15,9.89149841e-15,6.705566638e-14,1.7740041e-14,1.665751585e-13,1.093521212e-13,2.196308424e-13,4.543649954e-14,3.372949247e-13,4.158145722e-14
31.53125,3.462985054e-13,1.455818067e-13,1.527613613e-13,1.489772044e-13,4.17550737e-13,1.951202176e-13,8.233129896e-14,1.254843053e-14,9.343245258e-15,8.338478396e-14,2.645144675e-13,3.021372065e-14,1.614992505e-13,3.04726901e-13,2.691232426e-13,4.549853203e-13,4.18154892e-13,3.695448633e-13,6.719409902e-14,3.352522708e-13,7.331032319e-14,3.599789905e-14,7.265326547e-15,9.889709109e-15,6.657166448e-14,1.787090462e-14,1.695961473e-13,1.105810478e-13,2.169743905e-13,4.60968345e-14,3.417288239e-13,4.19106973e-14
31.5390625,3.464675189e-13,1.461353827e-13,1.528845932e-13,1.493696617e-13,4.145579104e-13,1.949701209e-13,8.310198629e-14,1.263079632e-14,9.010368623e-15,8.291197923e-14,2.678821027e-13,3.004320712e-14,1.601814052e-13,3.042745178e-13,2.699019308e-13,4.579740004e-13,4.195016022e-13,3.68090826e-13,6.679416389e-14,3.344079869e-13,7.314476147e-14,3.591139502e-14,6.962746825e-15,9.905004791e-15,6.608852991e-14,1.801917961e-14,1.726490977e-13,1.118809555e-13,2.144527039e-13,4.675714623e-14,3.46222005e-13,4.224997198e-14
31.546875,3.467409317e-13,1.466995678e-13,1.530169493e-13,1.496741697e-13,4.114253877e-13,1.947870124e-13,8.386472152e-14,1.272129214e-14,8.692333328e-15,8.243578795e-14,2.713659668e-13,2.989805016e-14,1.587529471e-13,3.03823697e-13,2.706309231e-13,4.608936069e-13,4.208408325e-13,3.665286278e-13,6.646829018e-14,3.336113666e-13,7.299635406e-14,3.583005603e-14,6.670812558e-15,9.875394142e-15,6.559029061e-14,1.820206119e-14,1.756647756e-13,1.131986024e-13,2.118297983e-13,4.741660011e-14,3.507251423e-13,4.258188877e-14
31.5546875,3.470623236e-13,1.473283695e-13,1.532270594e-13,1.500639357e-13,4.083349637e-13,1.946150707e-13,8.463347728e-14,1.282760874e-14,8.383790421e-15,8.197716326e-14,2.749365383e-13,2.977132883e-14,1.572840144e-13,3.034389317e-13,2.715211849e-13,4.639398546e-13,4.222418018e-13,3.649109154e-13,6.622816911e-14,3.329183661e-13,7.289131188e-14,3.575216375e-14,6.392295043e-15,9.817955514e-15,6.509571314e-14,1.840799492e-14,1.786873214e-13,1.145492559e-13,2.091626048e-13,4.807642376e-14,3.55215455e-13,4.290524739e-14
31.5625,3.47363101e-13,1.481154166e-13,1.534498797e-13,1.504499078e-13,4.053421274e-13,1.943971557e-13,8.545942337e-14,1.299532599e-14,8.078253739e-15,8.153039911e-14,2.785763292e-13,2.964844562e-14,1.558600512e-13,3.030874955e-13,2.725702773e-13,4.669938492e-13,4.236122463e-13,3.63295309e-13,6.607052504e-14,3.324339412e-13,7.282752383e-14,3.568587967e-14,6.133742019e-15,9.78787101e-15,6.461929836e-14,1.861654116e-14,1.817600562e-13,1.159947443e-13,2.065410217e-13,4.874173895e-14,3.597316334e-13,4.324188591e-14
31.5703125,3.477102721e-13,1.48973456e-13,1.536408349e-13,1.506819198e-13,4.022030404e-13,1.940894419e-13,8.63252499e-14,1.32296754e-14,7.771222484e-15,8.111256535e-14,2.822989908e-13,2.951731856e-14,1.543886268e-13,3.026488758e-13,2.736555649e-13,4.701072668e-13,4.250769591e-13,3.616309703e-13,6.596927675e-14,3.320160037e-13,7.276727738e-14,3.56103981e-14,5.89188878e-15,9.77073138e-15,6.413937961e-14,1.884572184e-14,1.849083718e-13,1.175586281e-13,2.037832276e-13,4.942931977e-14,3.642057185e-13,4.357901136e-14
31.578125,3.479321846e-13,1.498437381e-13,1.538657572e-13,1.509587858e-13,3.988399572e-13,1.93737385e-13,8.720243163e-14,1.348094795e-14,7.477555824e-15,8.073719123e-14,2.860228327e-13,2.940623131e-14,1.528073296e-13,3.0210584e-13,2.748156792e-13,4.734607819e-13,4.266490427e-13,3.598215183e-13,6.588795324e-14,3.315437764e-13,7.270243863e-14,3.55016292e-14,5.658841598e-15,9.750469489e-15,6.362695987e-14,1.912004985e-14,1.88095536e-13,1.191882731e-13,2.008991555e-13,5.013847415e-14,3.684857399e-13,4.390482934e-14
31.5859375,3.479512495e-13,1.50833195e-13,1.542686317e-13,1.514008786e-13,3.954377963e-13,1.933518274e-13,8.807999328e-14,1.373755462e-14,7.213567559e-15,8.037380887e-14,2.897396522e-13,2.935810636e-14,1.512219247e-13,3.015938261e-13,2.760920792e-13,4.769280235e-13,4.281380385e-13,3.579253383e-13,6.585652352e-14,3.313007473e-13,7.26589872e-14,3.539533327e-14,5.437413252e-15,9.74491848e-15,6.309479876e-14,1.943291969e-14,1.912506531e-13,1.209018378e-13,1.982004262e-13,5.085233555e-14,3.72787031e-13,4.425035616e-14
31.59375,3.480649585e-13,1.520061696e-13,1.548675969e-13,1.517722264e-13,3.920954683e-13,1.928882999e-13,8.895509758e-14,1.403298454e-14,6.975539705e-15,8.001970433e-14,2.935573236e-13,2.93639011e-14,1.49667778e-13,3.012287802e-13,2.774442812e-13,4.803482363e-13,4.295830684e-13,3.560679418e-13,6.592389502e-14,3.314199789e-13,7.264370449e-14,3.532667966e-14,5.229116321e-15,9.743711885e-15,6.257666793e-14,1.97658519e-14,1.943851039e-13,1.227157292e-13,1.957058264e-13,5.156469665e-14,3.773631e-13,4.461565435e-14
31.6015625,3.483692157e-13,1.533071598e-13,1.554853015e-13,1.520028312e-13,3.887630425e-13,1.923734109e-13,8.986867159e-14,1.435813312e-14,6.754540334e-15,7.971816531e-14,2.97506201e-13,2.938948594e-14,1.480188674e-13,3.009537996e-13,2.788310615e-13,4.83692451e-13,4.310480156e-13,3.542217255e-13,6.60507631e-14,3.315174903e-13,7.267024527e-14,3.526694952e-14,5.027499333e-15,9.733797421e-15,6.205977573e-14,2.011210357e-14,1.975292686e-13,1.245768789e-13,1.931790951e-13,5.228840367e-14,3.818897765e-13,4.496718885e-14
31.609375,3.487521745e-13,1.546871311e-13,1.561014569e-13,1.522972941e-13,3.854478495e-13,1.919043609e-13,9.083369056e-14,1.468191137e-14,6.552997417e-15,7.946552275e-14,3.015943283e-13,2.943917313e-14,1.462529927e-13,3.00705031e-13,2.801951263e-13,4.868444283e-13,4.32401452e-13,3.52316357e-13,6.619541899e-14,3.314127726e-13,7.276806068e-14,3.520761985e-14,4.8350926e-15,9.73351837e-15,6.149835762e-14,2.047199398e-14,2.006335655e-13,1.265615808e-13,1.906149878e-13,5.304931183e-14,3.861086871e-13,4.532872871e-14
31.6171875,3.491785131e-13,1.561006452e-13,1.568574885e-13,1.526256448e-13,3.821781901e-13,1.91469961e-13,9.179433156e-14,1.502136458e-14,6.37238144e-15,7.920142489e-14,3.058343215e-13,2.951368707e-14,1.44487513e-13,3.005201361e-13,2.814828432e-13,4.897267754e-13,4.335920161e-13,3.503203092e-13,6.638299653e-14,3.313153329e-13,7.290565944e-14,3.517859859e-14,4.66201353e-15,9.742551439e-15,6.088648263e-14,2.083937276e-14,2.036882636e-13,1.287131035e-13,1.880971776e-13,5.383936851e-14,3.90287104e-13,4.573139949e-14
31.625,3.494779523e-13,1.575344937e-13,1.577010467e-13,1.527839692e-13,3.788771855e-13,1.909378571e-13,9.275795808e-14,1.540050616e-14,6.200483816e-15,7.891628824e-14,3.101518397e-13,2.958591766e-14,1.427649335e-13,3.003686731e-13,2.827212079e-13,4.924675495e-13,4.346553875e-13,3.482095473e-13,6.662070428e-14,3.312198797e-13,7.303159369e-14,3.516316814e-14,4.511289219e-15,9.748316177e-15,6.02696268e-14,2.120567906e-14,2.068000879e-13,1.308513772e-13,1.856195924e-13,5.461155393e-14,3.945010538e-13,4.61252538e-14
31.6328125,3.496606419e-13,1.590726251e-13,1.585588118e-13,1.528555667e-13,3.755024337e-13,1.903141559e-13,9.37773371e-14,1.581336025e-14,6.029096841e-15,7.866716611e-14,3.145018425e-13,2.966146268e-14,1.410987175e-13,3.002168929e-13,2.840130773e-13,4.95272175e-13,4.356771345e-13,3.460886759e-13,6.691072393e-14,3.310760771e-13,7.317340665e-14,3.513427862e-14,4.379262949e-15,9.770066486e-15,5.969052803e-14,2.158180285e-14,2.100117707e-13,1.329567388e-13,1.832375456e-13,5.537719829e-14,3.985691967e-13,4.64705515e-14
31.640625,3.500233442e-13,1.607117105e-13,1.594834562e-13,1.530302491e-13,3.721247031e-13,1.897296758e-13,9.480934214e-14,1.626011894e-14,5.870805033e-15,7.845744955e-14,3.188479688e-13,2.976400399e-14,1.395273779e-13,3.001298531e-13,2.853765515e-13,4.981845887e-13,4.367684978e-13,3.440534114e-13,6.727857825e-14,3.310976189e-13,7.335893263e-14,3.510621302e-14,4.260099769e-15,9.807439193e-15,5.913875814e-14,2.199768484e-14,2.131989577e-13,1.35193917e-13,1.809370473e-13,5.61921623e-14,4.025280179e-13,4.681159307e-14
31.6484375,3.504655741e-13,1.623807614e-13,1.604037368e-13,1.532796601e-13,3.687887582e-13,1.891575488e-13,9.580357407e-14,1.673823709e-14,5.739446298e-15,7.822918539e-14,3.231128841e-13,2.990285196e-14,1.379969651e-13,3.000730503e-13,2.866821535e-13,5.010393845e-13,4.378418399e-13,3.42035451e-13,6.77047552e-14,3.313095712e-13,7.355961629e-14,3.508275033e-14,4.149578919e-15,9.818997109e-15,5.857984109e-14,2.246676377e-14,2.163123573e-13,1.375269138e-13,1.786338241e-13,5.703011544e-14,4.0642311e-13,4.718253843e-14
31.65625,3.507968315e-13,1.642248506e-13,1.613092581e-13,1.536095435e-13,3.655124757e-13,1.88536859e-13,9.680525008e-14,1.723126355e-14,5.629233174e-15,7.798942645e-14,3.274300201e-13,3.010306744e-14,1.364893587e-13,2.999907819e-13,2.879622377e-13,5.038774571e-13,4.388682225e-13,3.400982855e-13,6.81802381e-14,3.31570076e-13,7.378302026e-14,3.506435616e-14,4.049721486e-15,9.800781274e-15,5.803098578e-14,2.296454732e-14,2.195071426e-13,1.399138705e-13,1.764295634e-13,5.7831287e-14,4.102874909e-13,4.756038334e-14
31.6640625,3.51205634e-13,1.663262402e-13,1.623519956e-13,1.540641505e-13,3.623006473e-13,1.879357624e-13,9.784593237e-14,1.775636096e-14,5.523568145e-15,7.778780457e-14,3.319520736e-13,3.034787171e-14,1.350715266e-13,2.999461149e-13,2.894230659e-13,5.069452845e-13,4.400253769e-13,3.383349838e-13,6.874089308e-14,3.319820702e-13,7.404259877e-14,3.50612017e-14,3.965631873e-15,9.782101885e-15,5.752678955e-14,2.345637694e-14,2.228048898e-13,1.424292455e-13,1.743377794e-13,5.861815132e-14,4.142578535e-13,4.792883336e-14
31.671875,3.515857286e-13,1.684147392e-13,1.634466e-13,1.544175249e-13,3.590494828e-13,1.872975197e-13,9.890463784e-14,1.834524167e-14,5.411552361e-15,7.762107101e-14,3.364572485e-13,3.055769024e-14,1.336416223e-13,2.998658662e-13,2.909778727e-13,5.100666022e-13,4.412134302e-13,3.365179115e-13,6.935206134e-14,3.325593006e-13,7.429388618e-14,3.504247725e-14,3.898622516e-15,9.759450632e-15,5.704091665e-14,2.394193508e-14,2.260031165e-13,1.449744167e-13,1.721282192e-13,5.943726996e-14,4.181945e-13,4.829515789e-14
31.6796875,3.516879639e-13,1.704366109e-13,1.644971651e-13,1.54585059e-13,3.55686646e-13,1.865144401e-13,9.998170518e-14,1.897924185e-14,5.298522074e-15,7.748867375e-14,3.408024183e-13,3.074768935e-14,1.321076806e-13,2.996730799e-13,2.924671527e-13,5.130215335e-13,4.422890968e-13,3.345652513e-13,6.996998121e-14,3.331040659e-13,7.454394039e-14,3.499209377e-14,3.842471589e-15,9.73348979e-15,5.654824576e-14,2.44528967e-14,2.291283566e-13,1.475101153e-13,1.698607873e-13,6.02945548e-14,4.219173483e-13,4.865397825e-14
31.6875,3.517194969e-13,1.726876994e-13,1.657284728e-13,1.549030224e-13,3.523125264e-13,1.857077821e-13,1.010859863e-13,1.962114668e-14,5.20315126e-15,7.741967678e-14,3.451892455e-13,3.101932564e-14,1.306705048e-13,2.99581248e-13,2.941193654e-13,5.161618867e-13,4.434188464e-13,3.327578006e-13,7.063845993e-14,3.336613628e-13,7.484390375e-14,3.49570879e-14,3.78998477e-15,9.730113511e-15,5.60789878e-14,2.499914486e-14,2.323943239e-13,1.502161347e-13,1.678443315e-13,6.118259211e-14,4.256531014e-13,4.898212362e-14
31.6953125,3.516956531e-13,1.75101175e-13,1.671525496e-13,1.554155097e-13,3.489950204e-13,1.849368675e-13,1.022057583e-13,2.02661296e-14,5.131628664e-15,7.739867072e-14,3.495840975e-13,3.136131984e-14,1.294180907e-13,2.996695852e-13,2.959982686e-13,5.19517296e-13,4.444597194e-13,3.310720932e-13,7.135411372e-14,3.342662823e-13,7.516084953e-14,3.494295001e-14,3.745449337e-15,9.734183785e-15,5.563840992e-14,2.555096878e-14,2.357037307e-13,1.530436025e-13,1.660358528e-13,6.208302046e-14,4.29480655e-13,4.926398348e-14
31.703125,3.514036838e-13,1.774148347e-13,1.685026646e-13,1.557901723e-13,3.456808752e-13,1.840753347e-13,1.033261756e-13,2.092239469e-14,5.069667205e-15,7.739696505e-14,3.537955964e-13,3.1696972e-14,1.281371896e-13,2.997357093e-13,2.97776273e-13,5.225781009e-13,4.451520256e-13,3.292455625e-13,7.206635173e-14,3.34688719e-13,7.547707528e-14,3.490920047e-14,3.718108708e-15,9.714806329e-15,5.519786078e-14,2.609383191e-14,2.388721364e-13,1.558078195e-13,1.642153484e-13,6.297563345e-14,4.331526948e-13,4.950626388e-14
31.7109375,3.510911816e-13,1.798056475e-13,1.698056881e-13,1.560854803e-13,3.423504969e-13,1.831801679e-13,1.044351107e-13,2.160793695e-14,5.012181124e-15,7.742764801e-14,3.579495971e-13,3.203632087e-14,1.267905392e-13,2.997871519e-13,2.99495031e-13,5.255156757e-13,4.458555081e-13,3.273840905e-13,7.280573271e-14,3.350379855e-13,7.587949707e-14,3.486905596e-14,3.706387521e-15,9.689129043e-15,5.476992402e-14,2.665021674e-14,2.420117308e-13,1.585749436e-13,1.624151662e-13,6.386218482e-14,4.366851468e-13,4.973262409e-14
31.71875,3.509502015e-13,1.824521864e-13,1.711636057e-13,1.565574488e-13,3.39010705e-13,1.823739995e-13,1.055358387e-13,2.235182284e-14,4.968252716e-15,7.749601135e-14,3.620751649e-13,3.239320603e-14,1.255445036e-13,2.999318525e-13,3.014319203e-13,5.287962862e-13,4.468157878e-13,3.256575347e-13,7.359613352e-14,3.356826099e-13,7.639691979e-14,3.484501532e-14,3.702028793e-15,9.672262188e-15,5.437885361e-14,2.722986054e-14,2.451524468e-13,1.61397648e-13,1.607347468e-13,6.474124918e-14,4.401868608e-13,4.99784104e-14
31.7265625,3.507732947e-13,1.85165608e-13,1.724325113e-13,1.570605505e-13,3.356622159e-13,1.815431557e-13,1.066388229e-13,2.313828042e-14,4.936084537e-15,7.758386259e-14,3.65914097e-13,3.273989205e-14,1.243964194e-13,3.000805624e-13,3.034203406e-13,5.320590878e-13,4.476597378e-13,3.239307472e-13,7.44154384e-14,3.365256436e-13,7.695198388e-14,3.481414338e-14,3.701649446e-15,9.649318431e-15,5.400509722e-14,2.78215829e-14,2.481177747e-13,1.641876791e-13,1.591683877e-13,6.560063136e-14,4.435071616e-13,5.025361732e-14
31.734375,3.504389491e-13,1.8789861e-13,1.736014718e-13,1.574291314e-13,3.323418421e-13,1.805820268e-13,1.077347328e-13,2.391133032e-14,4.909440967e-15,7.768496673e-14,3.694645207e-13,3.310958074e-14,1.232584997e-13,3.002054026e-13,3.052704931e-13,5.349394783e-13,4.482042315e-13,3.221105513e-13,7.527754291e-14,3.373234115e-13,7.749048646e-14,3.476432763e-14,3.70951258e-15,9.620045193e-15,5.362228575e-14,2.843236679e-14,2.509836593e-13,1.669479884e-13,1.577025224e-13,6.644228692e-14,4.465735522e-13,5.050205948e-14
31.7421875,3.498263547e-13,1.907567372e-13,1.748183455e-13,1.578351453e-13,3.290230049e-13,1.795667663e-13,1.088349683e-13,2.467466265e-14,4.893463023e-15,7.780917988e-14,3.729020646e-13,3.354673668e-14,1.221473129e-13,3.00355233e-13,3.0715156e-13,5.377288604e-13,4.485630328e-13,3.202859604e-13,7.615721089e-14,3.381372332e-13,7.799656977e-14,3.470733953e-14,3.73164169e-15,9.586500621e-15,5.323532206e-14,2.907207039e-14,2.539621088e-13,1.696902998e-13,1.563187554e-13,6.72795758e-14,4.495042318e-13,5.06883996e-14
31.75,3.489439353e-13,1.936310114e-13,1.760513476e-13,1.583978434e-13,3.256581445e-13,1.785905183e-13,1.099883908e-13,2.548986382e-14,4.89096136e-15,7.79799937e-14,3.762105546e-13,3.401644075e-14,1.211049011e-13,3.005192693e-13,3.091324204e-13,5.405428114e-13,4.487676828e-13,3.18543834e-13,7.700121383e-14,3.389564031e-13,7.848497547e-14,3.465648074e-14,3.765952581e-15,9.536726375e-15,5.286970485e-14,2.973297033e-14,2.569529586e-13,1.724160023e-13,1.549906892e-13,6.81220573e-14,4.523647842e-13,5.08795416e-14
31.7578125,3.481839307e-13,1.964588985e-13,1.77196639e-13,1.589716925e-13,3.223544793e-13,1.776577022e-13,1.111883682e-13,2.636298748e-14,4.899025513e-15,7.821019698e-14,3.794052709e-13,3.448645267e-14,1.201328215e-13,3.007558828e-13,3.110929309e-13,5.431993666e-13,4.489324095e-13,3.169153317e-13,7.786216143e-14,3.397475194e-13,7.902928374e-14,3.462157084e-14,3.808257956e-15,9.475199224e-15,5.254330436e-14,3.041984007e-14,2.597182345e-13,1.751898162e-13,1.53717569e-13,6.895409148e-14,4.551064034e-13,5.111817495e-14
31.765625,3.475204898e-13,1.993452266e-13,1.782508616e-13,1.594318452e-13,3.191385154e-13,1.766565129e-13,1.123628701e-13,2.724141389e-14,4.916266474e-15,7.846860706e-14,3.82576191e-13,3.49649344e-14,1.191725018e-13,3.009935774e-13,3.129734663e-13,5.457048835e-13,4.490864344e-13,3.153172083e-13,7.877601893e-14,3.406649244e-13,7.966824772e-14,3.458218451e-14,3.863588299e-15,9.413137241e-15,5.224084061e-14,3.1135616e-14,2.622463126e-13,1.779275828e-13,1.525068415e-13,6.974172452e-14,4.576174455e-13,5.134446455e-14
31.7734375,3.464371802e-13,2.022253031e-13,1.792437336e-13,1.598750566e-13,3.157895508e-13,1.755027212e-13,1.135032588e-13,2.810563276e-14,4.93093443e-15,7.872829645e-14,3.856638273e-13,3.543448149e-14,1.181578304e-13,3.009778263e-13,3.147426696e-13,5.480752043e-13,4.490093216e-13,3.136437703e-13,7.965353144e-14,3.415938001e-13,8.035385727e-14,3.450760652e-14,3.936116696e-15,9.353241931e-15,5.193513004e-14,3.185004264e-14,2.646909196e-13,1.805081179e-13,1.513543237e-13,7.049320956e-14,4.598507224e-13,5.15232379e-14
31.78125,3.449971376e-13,2.049945763e-13,1.80217851e-13,1.60430701e-13,3.123099487e-13,1.742886495e-13,1.146608609e-13,2.8970489e-14,4.931895789e-15,7.901869652e-14,3.886243154e-13,3.588771596e-14,1.171371497e-13,3.007795194e-13,3.164442105e-13,5.502877637e-13,4.486754777e-13,3.119926893e-13,8.047716131e-14,3.423137375e-13,8.105996053e-14,3.440655379e-14,4.023873999e-15,9.29897758e-15,5.163196051e-14,3.255820811e-14,2.671120024e-13,1.830683202e-13,1.502188105e-13,7.124821783e-14,4.61850839e-13,5.168186823e-14
31.7890625,3.436792436e-13,2.078119932e-13,1.812258137e-13,1.6105718e-13,3.09031747e-13,1.730759495e-13,1.15809036e-13,2.983847287e-14,4.933729423e-15,7.9361472e-14,3.915139727e-13,3.637796813e-14,1.162034547e-13,3.007067172e-13,3.182352453e-13,5.525152676e-13,4.483377533e-13,3.105233876e-13,8.136413062e-14,3.430903994e-13,8.181068879e-14,3.430365654e-14,4.126065086e-15,9.240108547e-15,5.135976695e-14,3.330480775e-14,2.694273356e-13,1.857288501e-13,1.490946746e-13,7.200158189e-14,4.636721212e-13,5.183240539e-14
31.796875,3.425120299e-13,2.10828424e-13,1.822728085e-13,1.617228611e-13,3.059796657e-13,1.718335024e-13,1.168963412e-13,3.071048642e-14,4.949722616e-15,7.970914333e-14,3.942917843e-13,3.693080508e-14,1.153753646e-13,3.007738372e-13,3.201858022e-13,5.549179457e-13,4.481536071e-13,3.091883174e-13,8.234723177e-14,3.44155434e-13,8.261011953e-14,3.421017401e-14,4.236542545e-15,9.166677678e-15,5.113058293e-14,3.409905732e-14,2.716156138e-13,1.883758962e-13,1.480886873e-13,7.272203798e-14,4.654503138e-13,5.197506721e-14
31.8046875,3.411887843e-13,2.139286105e-13,1.832892901e-13,1.624979376e-13,3.028194183e-13,1.706431615e-13,1.179877225e-13,3.159741475e-14,4.967183273e-15,8.002297042e-14,3.969019287e-13,3.749127958e-14,1.146395829e-13,3.008316942e-13,3.222093605e-13,5.573825023e-13,4.47990135e-13,3.078163604e-13,8.332089824e-14,3.452350169e-13,8.344760001e-14,3.412794727e-14,4.348633655e-15,9.097691967e-15,5.09326367e-14,3.490510702e-14,2.737586068e-13,1.909065422e-13,1.472424345e-13,7.340533934e-14,4.672762485e-13,5.21071369e-14
31.8125,3.395487981e-13,2.169692273e-13,1.842107198e-13,1.63327381e-13,2.995159325e-13,1.69529749e-13,1.191482409e-13,3.250619275e-14,4.981604075e-15,8.035278742e-14,3.994085846e-13,3.80278542e-14,1.139634674e-13,3.008389856e-13,3.241873565e-13,5.596815814e-13,4.475766966e-13,3.063489861e-13,8.423983927e-14,3.461490967e-13,8.43174829e-14,3.404190688e-14,4.471751163e-15,9.042667069e-15,5.074850478e-14,3.57139616e-14,2.758396881e-13,1.933455788e-13,1.464686501e-13,7.406757502e-14,4.690039494e-13,5.220992097e-14
31.8203125,3.377721625e-13,2.199881714e-13,1.850975653e-13,1.641452116e-13,2.963584088e-13,1.683476664e-13,1.203223676e-13,3.34401426e-14,5.007630687e-15,8.076269654e-14,4.018341477e-13,3.858785739e-14,1.133206843e-13,3.008214925e-13,3.261300774e-13,5.618185866e-13,4.46965514e-13,3.049353488e-13,8.517337443e-14,3.470675784e-13,8.521020917e-14,3.394328229e-14,4.615099667e-15,8.986745061e-15,5.05810968e-14,3.653279834e-14,2.777561858e-13,1.958009914e-13,1.457767888e-13,7.47364293e-14,4.705466967e-13,5.228104141e-14
31.828125,3.360937787e-13,2.230774195e-13,1.860143427e-13,1.650735529e-13,2.93375789e-13,1.671146285e-13,1.214747302e-13,3.439433689e-14,5.046794423e-15,8.123319463e-14,4.040732557e-13,3.919566418e-14,1.127634835e-13,3.008496157e-13,3.281853654e-13,5.640146963e-13,4.464528501e-13,3.037279224e-13,8.614044523e-14,3.481234893e-13,8.612948703e-14,3.384956492e-14,4.772715167e-15,8.928180124e-15,5.045477346e-14,3.736242264e-14,2.794978297e-13,1.983101395e-13,1.452423879e-13,7.540689956e-14,4.719964154e-13,5.233937251e-14
31.8359375,3.343419591e-13,2.262081961e-13,1.868678494e-13,1.661208346e-13,2.903078436e-13,1.659691636e-13,1.226259884e-13,3.53425768e-14,5.089726396e-15,8.169177132e-14,4.060008319e-13,3.981497805e-14,1.123180838e-13,3.009251914e-13,3.303734926e-13,5.662822898e-13,4.459864691e-13,3.026287146e-13,8.710005078e-14,3.492463796e-13,8.707324494e-14,3.376318009e-14,4.940036124e-15,8.864269578e-15,5.038046311e-14,3.822574307e-14,2.811639912e-13,2.006557171e-13,1.448510635e-13,7.600465245e-14,4.733352636e-13,5.239821789e-14
31.84375,3.323129171e-13,2.292339228e-13,1.875906078e-13,1.671374748e-13,2.871329455e-13,1.648756201e-13,1.237378929e-13,3.626038079e-14,5.136046533e-15,8.209283063e-14,4.07544639e-13,4.043606049e-14,1.119181725e-13,3.009794775e-13,3.325573685e-13,5.684336499e-13,4.454069477e-13,3.015242907e-13,8.80602296e-14,3.50286727e-13,8.800941484e-14,3.366501086e-14,5.1166836e-15,8.787518246e-15,5.034378009e-14,3.912426043e-14,2.828470986e-13,2.026736118e-13,1.445975014e-13,7.649120562e-14,4.744745678e-13,5.244777337e-14
31.8515625,3.301886349e-13,2.320945639e-13,1.882465385e-13,1.681841685e-13,2.841049086e-13,1.637938839e-13,1.247949123e-13,3.716827919e-14,5.188126216e-15,8.245675563e-14,4.087390054e-13,4.106856861e-14,1.115350261e-13,3.010526213e-13,3.347236447e-13,5.704758902e-13,4.448214562e-13,3.005237117e-13,8.899870282e-14,3.512901312e-13,8.894996072e-14,3.355548521e-14,5.30163983e-15,8.717766895e-15,5.032740698e-14,4.000656204e-14,2.844669072e-13,2.045443798e-13,1.444797034e-13,7.692943731e-14,4.753790208e-13,5.245808357e-14
31.859375,3.280211196e-13,2.350186043e-13,1.888642612e-13,1.694006055e-13,2.8124271e-13,1.627705574e-13,1.258587716e-13,3.810695182e-14,5.246937448e-15,8.284983196e-14,4.097292908e-13,4.16964882e-14,1.111969497e-13,3.011561025e-13,3.369426489e-13,5.724876259e-13,4.441602279e-13,2.99665986e-13,8.987659031e-14,3.524090747e-13,8.997340094e-14,3.344880646e-14,5.500938686e-15,8.661619307e-15,5.0325628e-14,4.086961999e-14,2.858526438e-13,2.064425798e-13,1.444469831e-13,7.736592123e-14,4.760729204e-13,5.242895885e-14
31.8671875,3.25664346e-13,2.382291662e-13,1.894654495e-13,1.707489385e-13,2.783738227e-13,1.617712205e-13,1.26924018e-13,3.905480396e-14,5.314769382e-15,8.329209101e-14,4.106085965e-13,4.234556992e-14,1.109407533e-13,3.01236016e-13,3.392337825e-13,5.744444181e-13,4.432908202e-13,2.989049332e-13,9.079178273e-14,3.535092956e-13,9.109347534e-14,3.334762699e-14,5.7171268e-15,8.595544002e-15,5.035471672e-14,4.177599124e-14,2.870476168e-13,2.083302655e-13,1.445461371e-13,7.777562682e-14,4.767111542e-13,5.237500608e-14
31.875,3.232173579e-13,2.413910956e-13,1.900773321e-13,1.72185723e-13,2.755616599e-13,1.607979736e-13,1.279360751e-13,3.995789097e-14,5.387940651e-15,8.370930913e-14,4.112930702e-13,4.304138105e-14,1.107908002e-13,3.013663959e-13,3.416107956e-13,5.763740841e-13,4.424460948e-13,2.983244537e-13,9.178113336e-14,3.544929868e-13,9.221967492e-14,3.324195278e-14,5.940512473e-15,8.531859351e-15,5.043813724e-14,4.271679318e-14,2.881492833e-13,2.100845417e-13,1.44798152e-13,7.812683912e-14,4.773010722e-13,5.226949349e-14
31.8828125,3.20718261e-13,2.440507805e-13,1.905458167e-13,1.736752071e-13,2.728221957e-13,1.598961922e-13,1.289090577e-13,4.084605958e-14,5.45831944e-15,8.40348257e-14,4.116688577e-13,4.36964762e-14,1.106652616e-13,3.014787199e-13,3.439679184e-13,5.782169899e-13,4.416728317e-13,2.978125446e-13,9.268106155e-14,3.555445795e-13,9.331011895e-14,3.312017788e-14,6.166802856e-15,8.49014208e-15,5.05619092e-14,4.360922153e-14,2.890487528e-13,2.115433776e-13,1.450357855e-13,7.839535788e-14,4.776283863e-13,5.212850196e-14
31.890625,3.180981607e-13,2.466470655e-13,1.907345443e-13,1.75153865e-13,2.699389482e-13,1.589685848e-13,1.298706592e-13,4.177672446e-14,5.528559139e-15,8.432169377e-14,4.117897999e-13,4.427461008e-14,1.104948866e-13,3.01374663e-13,3.461917391e-13,5.798530669e-13,4.407014927e-13,2.971545362e-13,9.349047815e-14,3.565484389e-13,9.443544815e-14,3.299520348e-14,6.400362704e-15,8.440638256e-15,5.069273782e-14,4.443932737e-14,2.897569299e-13,2.128162519e-13,1.452491091e-13,7.858857655e-14,4.777887582e-13,5.202505895e-14
31.8984375,3.156093336e-13,2.498665271e-13,1.908450312e-13,1.767138369e-13,2.670393886e-13,1.580079631e-13,1.308181283e-13,4.27083238e-14,5.615292457e-15,8.467865007e-14,4.118052953e-13,4.49099459e-14,1.103995587e-13,3.012631906e-13,3.48418926e-13,5.8139112e-13,4.396052324e-13,2.966059615e-13,9.439122812e-14,3.573014392e-13,9.564813871e-14,3.289960224e-14,6.645280882e-15,8.376648133e-15,5.082930412e-14,4.526486563e-14,2.904231756e-13,2.142767247e-13,1.456626389e-13,7.877421982e-14,4.780040195e-13,5.194125369e-14
31.90625,3.132108291e-13,2.532206164e-13,1.910812243e-13,1.783954136e-13,2.64396614e-13,1.571458495e-13,1.317409939e-13,4.358805639e-14,5.722093256e-15,8.509037095e-14,4.117270369e-13,4.563671016e-14,1.104108678e-13,3.013435078e-13,3.506497757e-13,5.827907261e-13,4.384964865e-13,2.963387758e-13,9.531946715e-14,3.580553205e-13,9.691822095e-14,3.282534049e-14,6.906610282e-15,8.326278395e-15,5.097544247e-14,4.610933575e-14,2.909262124e-13,2.157875344e-13,1.462663971e-13,7.897219577e-14,4.780683383e-13,5.181396105e-14
31.9140625,3.102665882e-13,2.558695601e-13,1.912557387e-13,1.80030779e-13,2.61794667e-13,1.562397008e-13,1.326172494e-13,4.445221093e-14,5.822858894e-15,8.541760483e-14,4.113843855e-13,4.630729077e-14,1.103534943e-13,3.012669417e-13,3.526110807e-13,5.837505097e-13,4.370766476e-13,2.959206344e-13,9.609473299e-14,3.588770904e-13,9.822312983e-14,3.271603155e-14,7.181692724e-15,8.26790291e-15,5.11249406e-14,4.696065493e-14,2.911469318e-13,2.168378818e-13,1.468313828e-13,7.910031197e-14,4.777833325e-13,5.165969785e-14
31.921875,3.068186316e-13,2.58179884e-13,1.91132627e-13,1.816719602e-13,2.591402614e-13,1.551333715e-13,1.334690294e-13,4.533754229e-14,5.906085451e-15,8.563754806e-14,4.106635686e-13,4.689363997e-14,1.102362648e-13,3.009283735e-13,3.543918923e-13,5.844158902e-13,4.353029639e-13,2.952774223e-13,9.680354555e-14,3.595830196e-13,9.957562261e-14,3.25552083e-14,7.46210159e-15,8.181089461e-15,5.130101493e-14,4.781356326e-14,2.912503184e-13,2.175683974e-13,1.473204676e-13,7.912267858e-14,4.772616832e-13,5.149956995e-14
31.9296875,3.036808787e-13,2.608250965e-13,1.90820515e-13,1.834966429e-13,2.567694403e-13,1.541298415e-13,1.34343847e-13,4.623373441e-14,6.000546883e-15,8.587878534e-14,4.096954595e-13,4.750405291e-14,1.102226914e-13,3.007091302e-13,3.563025236e-13,5.851612068e-13,4.3360387e-13,2.949058812e-13,9.76043294e-14,3.60360053e-13,1.009604428e-13,3.240277957e-14,7.754622259e-15,8.107471011e-15,5.15214443e-14,4.864901811e-14,2.912689586e-13,2.184461941e-13,1.478359497e-13,7.910051821e-14,4.765566231e-13,5.132803055e-14
31.9375,3.008590829e-13,2.635809881e-13,1.905119891e-13,1.853364544e-13,2.545716208e-13,1.534164561e-13,1.351900424e-13,4.712467564e-14,6.114941165e-15,8.615893242e-14,4.086652927e-13,4.814644411e-14,1.102696391e-13,3.005683743e-13,3.582422826e-13,5.858874348e-13,4.32128669e-13,2.948225483e-13,9.845615832e-14,3.611758896e-13,1.023597636e-13,3.229867745e-14,8.068224656e-15,8.056125431e-15,5.176094654e-14,4.94519862e-14,2.910932337e-13,2.193385267e-13,1.484252506e-13,7.905759898e-14,4.757382008e-13,5.11509598e-14
31.9453125,2.977108481e-13,2.661815676e-13,1.902130773e-13,1.870806381e-13,2.52215627e-13,1.526753119e-13,1.359301363e-13,4.79894456e-14,6.223158556e-15,8.638195167e-14,4.075182405e-13,4.878163996e-14,1.102908278e-13,3.002481678e-13,3.601244729e-13,5.86545122e-13,4.306557485e-13,2.947165586e-13,9.927194051e-14,3.617305033e-13,1.038017906e-13,3.220416299e-14,8.392734156e-15,7.988365967e-15,5.201421184e-14,5.026844476e-14,2.908121609e-13,2.199459476e-13,1.491726746e-13,7.89636106e-14,4.749501351e-13,5.09521707e-14
31.953125,2.943586639e-13,2.688335543e-13,1.899108398e-13,1.889612242e-13,2.499183445e-13,1.517975029e-13,1.365904884e-13,4.88322873e-14,6.326752416e-15,8.655336933e-14,4.060290061e-13,4.944382213e-14,1.103640741e-13,2.99983164e-13,3.622334387e-13,5.874846671e-13,4.291728562e-13,2.946986606e-13,1.000774559e-13,3.624161094e-13,1.052872818e-13,3.208621128e-14,8.721054325e-15,7.907089619e-15,5.230650794e-14,5.114581469e-14,2.905216786e-13,2.203678399e-13,1.501673809e-13,7.881964586e-14,4.741312271e-13,5.073959047e-14
31.9609375,2.91240739e-13,2.714881479e-13,1.896167378e-13,1.910010484e-13,2.478049064e-13,1.510527312e-13,1.372107669e-13,4.96893443e-14,6.443827422e-15,8.670965299e-14,4.041292311e-13,5.014900594e-14,1.105302632e-13,2.999151524e-13,3.645968077e-13,5.887118003e-13,4.2788293e-13,2.949180936e-13,1.009236288e-13,3.635417448e-13,1.067774331e-13,3.196313505e-14,9.060251601e-15,7.829157661e-15,5.263775078e-14,5.205002758e-14,2.901618561e-13,2.207197887e-13,1.513031821e-13,7.863213257e-14,4.73208786e-13,5.05486841e-14
31.96875,2.881460143e-13,2.739170443e-13,1.892676748e-13,1.930368668e-13,2.456192605e-13,1.504355294e-13,1.377840106e-13,5.054133445e-14,6.565364643e-15,8.682010012e-14,4.020099034e-13,5.086785775e-14,1.107361936e-13,2.997435305e-13,3.668806041e-13,5.898028658e-13,4.267642283e-13,2.952326851e-13,1.017760711e-13,3.644730965e-13,1.083141912e-13,3.183691131e-14,9.409398432e-15,7.744881701e-15,5.299993633e-14,5.293333466e-14,2.896563751e-13,2.2097285e-13,1.523950033e-13,7.839147465e-14,4.721944668e-13,5.033214749e-14
31.9765625,2.84788507e-13,2.761665924e-13,1.888610151e-13,1.951165408e-13,2.434657173e-13,1.497300079e-13,1.383115487e-13,5.133071228e-14,6.687718476e-15,8.690637275e-14,3.998058822e-13,5.159258417e-14,1.109466495e-13,2.994236332e-13,3.689649103e-13,5.905693239e-13,4.255644909e-13,2.955353078e-13,1.025695298e-13,3.649034853e-13,1.099779667e-13,3.168783294e-14,9.76006305e-15,7.665561186e-15,5.339112385e-14,5.379809018e-14,2.889278063e-13,2.211396329e-13,1.534855043e-13,7.811926127e-14,4.70951789e-13,5.00376101e-14
31.984375,2.813041097e-13,2.782979838e-13,1.884181008e-13,1.972162624e-13,2.415628576e-13,1.489711467e-13,1.387795556e-13,5.206844056e-14,6.821373254e-15,8.698977778e-14,3.973736264e-13,5.230843633e-14,1.111268541e-13,2.991549222e-13,3.709503396e-13,5.911147391e-13,4.241997683e-13,2.958173375e-13,1.033171692e-13,3.653095521e-13,1.117303765e-13,3.152969524e-14,1.011263278e-14,7.602936536e-15,5.378559341e-14,5.464357043e-14,2.879617984e-13,2.21165518e-13,1.547257709e-13,7.78225895e-14,4.694621231e-13,4.971352234e-14
31.9921875,2.779021629e-13,2.803424246e-13,1.878434727e-13,1.992057635e-13,2.39739999e-13,1.482922312e-13,1.391737779e-13,5.280843087e-14,6.960180808e-15,8.69806061e-14,3.946749045e-13,5.298978896e-14,1.112686914e-13,2.988868511e-13,3.729006914e-13,5.915603972e-13,4.228639646e-13,2.961206959e-13,1.04073303e-13,3.658548841e-13,1.134892119e-13,3.139060431e-14,1.047650809e-14,7.53669297e-15,5.417053338e-14,5.546328793e-14,2.868261338e-13,2.209920067e-13,1.560635026e-13,7.746007333e-14,4.679290303e-13,4.940614144e-14
32,2.747091441e-13,2.823806124e-13,1.871734823e-13,2.012284269e-13,2.379323872e-13,1.477342214e-13,1.395450791e-13,5.356579191e-14,7.104927075e-15,8.684074211e-14,3.919774769e-13,5.365211243e-14,1.114304268e-13,2.98614755e-13,3.749043025e-13,5.920007996e-13,4.216994544e-13,2.965653443e-13,1.048435645e-13,3.663579233e-13,1.152589278e-13,3.127363158e-14,1.08613148e-14,7.466867555e-15,5.457717777e-14,5.627554102e-14,2.854954866e-13,2.207282037e-13,1.573959964e-13,7.703539324e-14,4.663340215e-13,4.911446213e-14
32.0078125,2.716790694e-13,2.843059106e-13,1.865383058e-13,2.034341917e-13,2.362451882e-13,1.473042785e-13,1.399278168e-13,5.43163641e-14,7.266113893e-15,8.665662693e-14,3.892708674e-13,5.43100729e-14,1.116393145e-13,2.984848178e-13,3.76991889e-13,5.924299954e-13,4.206120394e-13,2.971794074e-13,1.055959616e-13,3.667923962e-13,1.170485136e-13,3.116206501e-14,1.126352929e-14,7.408300021e-15,5.502396731e-14,5.708044347e-14,2.839342108e-13,2.203958691e-13,1.587772953e-13,7.659127964e-14,4.645332891e-13,4.881936397e-14
32.015625,2.686045718e-13,2.86098722e-13,1.858299993e-13,2.056870238e-13,2.345519952e-13,1.469184705e-13,1.402746529e-13,5.503580334e-14,7.434176392e-15,8.649878091e-14,3.862299627e-13,5.496039388e-14,1.118646151e-13,2.983732589e-13,3.789876807e-13,5.926893942e-13,4.194931458e-13,2.978654093e-13,1.06311817e-13,3.671150193e-13,1.188511936e-13,3.104423581e-14,1.166990318e-14,7.348694129e-15,5.548881207e-14,5.78681904e-14,2.8224991e-13,2.199088146e-13,1.602413857e-13,7.612027588e-14,4.626520172e-13,4.847832597e-14
32.0234375,2.655176656e-13,2.880078685e-13,1.850528518e-13,2.079077241e-13,2.328490472e-13,1.465394419e-13,1.405673184e-13,5.573125525e-14,7.613105922e-15,8.639480638e-14,3.829630278e-13,5.565172309e-14,1.121079437e-13,2.981888344e-13,3.808059153e-13,5.926739114e-13,4.184290293e-13,2.986000155e-13,1.070309041e-13,3.672689666e-13,1.207273303e-13,3.0943631e-14,1.208213135e-14,7.283417716e-15,5.59556253e-14,5.865563891e-14,2.805295835e-13,2.194015787e-13,1.618013159e-13,7.561862325e-14,4.608705459e-13,4.80984101e-14
32.03125,2.626664195e-13,2.899731083e-13,1.844488776e-13,2.102266695e-13,2.314244709e-13,1.463310781e-13,1.408535193e-13,5.641645143e-14,7.823749716e-15,8.631732719e-14,3.79799469e-13,5.641810222e-14,1.123942341e-13,2.981909356e-13,3.826890993e-13,5.925470004e-13,4.176024525e-13,2.995028255e-13,1.078236317e-13,3.673293675e-13,1.226889116e-13,3.089069658e-14,1.251103144e-14,7.224045059e-15,5.644614397e-14,5.942411159e-14,2.787394597e-13,2.189762157e-13,1.635423235e-13,7.511075384e-14,4.591371373e-13,4.772661797e-14
32.0390625,2.600944897e-13,2.9174535e-13,1.838470038e-13,2.126914764e-13,2.30276874e-13,1.462939795e-13,1.411367321e-13,5.706673007e-14,8.040415138e-15,8.616267191e-14,3.76638747e-13,5.717283563e-14,1.126839154e-13,2.983526913e-13,3.847902686e-13,5.925151487e-13,4.170330561e-13,3.006509997e-13,1.086717566e-13,3.673391617e-13,1.246185201e-13,3.085982276e-14,1.295148471e-14,7.173197825e-15,5.698256086e-14,6.012363611e-14,2.768044167e-13,2.184034294e-13,1.653743688e-13,7.456657261e-14,4.573186133e-13,4.733901426e-14
32.046875,2.576221208e-13,2.934884117e-13,1.829383988e-13,2.151005722e-13,2.290991809e-13,1.461701338e-13,1.413703158e-13,5.766137968e-14,8.231038926e-15,8.59346184e-14,3.733676589e-13,5.785239817e-14,1.129149647e-13,2.983047563e-13,3.868295575e-13,5.923981798e-13,4.164688568e-13,3.01868849e-13,1.094964638e-13,3.672466104e-13,1.264646242e-13,3.081326823e-14,1.339645652e-14,7.139188029e-15,5.753186104e-14,6.077265934e-14,2.746953762e-13,2.175876645e-13,1.671225385e-13,7.396370333e-14,4.554212998e-13,4.690832424e-14
32.0546875,2.550568936e-13,2.953501752e-13,1.819639738e-13,2.172649311e-13,2.27824681e-13,1.459466858e-13,1.415483327e-13,5.821721574e-14,8.428812586e-15,8.5774334e-14,3.700967891e-13,5.853035074e-14,1.131018197e-13,2.980884218e-13,3.884981469e-13,5.918030536e-13,4.156740959e-13,3.029191102e-13,1.103014526e-13,3.670129652e-13,1.283051004e-13,3.076651064e-14,1.38548524e-14,7.112488057e-15,5.803908797e-14,6.141524448e-14,2.72504099e-13,2.167353353e-13,1.688845709e-13,7.334785662e-14,4.535308649e-13,4.646796796e-14
32.0625,2.523792537e-13,2.971091372e-13,1.810676418e-13,2.193460095e-13,2.265761106e-13,1.458052495e-13,1.41684353e-13,5.873439892e-14,8.656940378e-15,8.56709279e-14,3.666949272e-13,5.922220586e-14,1.132522463e-13,2.979059206e-13,3.898282059e-13,5.906742105e-13,4.147400255e-13,3.037881809e-13,1.111130309e-13,3.666775665e-13,1.301704575e-13,3.073035493e-14,1.433525275e-14,7.059212745e-15,5.85009716e-14,6.202339864e-14,2.70274049e-13,2.158648475e-13,1.707327985e-13,7.271340763e-14,4.515628001e-13,4.601429667e-14
32.0703125,2.497501539e-13,2.986323726e-13,1.799478234e-13,2.215558843e-13,2.253434603e-13,1.456909726e-13,1.417606479e-13,5.919885191e-14,8.878904384e-15,8.546126728e-14,3.630579865e-13,5.982651149e-14,1.132982863e-13,2.97596617e-13,3.909899885e-13,5.892720075e-13,4.138606803e-13,3.045505251e-13,1.118873396e-13,3.662636365e-13,1.320297481e-13,3.068616903e-14,1.483607632e-14,6.998244704e-15,5.89526341e-14,6.255864317e-14,2.6786584e-13,2.148210751e-13,1.72511066e-13,7.201582564e-14,4.493691768e-13,4.551992476e-14
32.078125,2.472744999e-13,2.999294423e-13,1.786940205e-13,2.237525437e-13,2.241528967e-13,1.455493043e-13,1.417858704e-13,5.963668451e-14,9.08597527e-15,8.512574586e-14,3.594140057e-13,6.036152251e-14,1.132686033e-13,2.97197496e-13,3.921792126e-13,5.878776325e-13,4.130894916e-13,3.053633783e-13,1.126349997e-13,3.656780106e-13,1.338998485e-13,3.06545108e-14,1.534971777e-14,6.970588294e-15,5.94381732e-14,6.30645917e-14,2.65300267e-13,2.136244448e-13,1.742903898e-13,7.12895809e-14,4.471438678e-13,4.501082435e-14
32.0859375,2.450245968e-13,3.011010831e-13,1.77669983e-13,2.258365583e-13,2.2315854e-13,1.455241882e-13,1.418035473e-13,6.009016949e-14,9.308888289e-15,8.476245318e-14,3.557740671e-13,6.095900628e-14,1.133152046e-13,2.970773249e-13,3.936841153e-13,5.868115821e-13,4.125623261e-13,3.065190452e-13,1.13458134e-13,3.649449053e-13,1.358211886e-13,3.066561945e-14,1.586207758e-14,6.949143627e-15,6.000606968e-14,6.362843808e-14,2.628568374e-13,2.123612771e-13,1.762939252e-13,7.056821727e-14,4.452401303e-13,4.451627525e-14
32.09375,2.430567467e-13,3.024640142e-13,1.767602243e-13,2.27955742e-13,2.223311267e-13,1.455998022e-13,1.418085359e-13,6.05677924e-14,9.543950705e-15,8.439351875e-14,3.51944322e-13,6.161961254e-14,1.134642848e-13,2.971961119e-13,3.955922688e-13,5.862394854e-13,4.124308522e-13,3.079648432e-13,1.14367833e-13,3.642869016e-13,1.378018222e-13,3.068761352e-14,1.636270729e-14,6.908809684e-15,6.064626093e-14,6.426601745e-14,2.605709055e-13,2.110605376e-13,1.784519947e-13,6.983406598e-14,4.435986356e-13,4.402757734e-14
32.1015625,2.411655437e-13,3.039948339e-13,1.757229108e-13,2.300626502e-13,2.215104397e-13,1.456470071e-13,1.417663152e-13,6.10409045e-14,9.77575303e-15,8.40093206e-14,3.48030039e-13,6.223516855e-14,1.13593681e-13,2.972199038e-13,3.975455773e-13,5.858050079e-13,4.124932251e-13,3.092998531e-13,1.152502348e-13,3.637472913e-13,1.398240961e-13,3.069062878e-14,1.6857283e-14,6.879918371e-15,6.128223832e-14,6.488406327e-14,2.581548279e-13,2.097557774e-13,1.806310608e-13,6.910752452e-14,4.418730446e-13,4.352984483e-14
32.109375,2.391952097e-13,3.052586545e-13,1.746000812e-13,2.320464161e-13,2.207311424e-13,1.457343504e-13,1.416838104e-13,6.147187134e-14,1.001526786e-14,8.36044395e-14,3.441400096e-13,6.277568239e-14,1.136483694e-13,2.971476254e-13,3.991818479e-13,5.850110806e-13,4.1246754e-13,3.104477708e-13,1.160592889e-13,3.631764117e-13,1.418668337e-13,3.070368278e-14,1.736009914e-14,6.865084356e-15,6.188538817e-14,6.541006632e-14,2.55499059e-13,2.083963744e-13,1.828594855e-13,6.838666643e-14,4.399816176e-13,4.302729911e-14
32.1171875,2.373521967e-13,3.063112862e-13,1.734358249e-13,2.340230767e-13,2.200784573e-13,1.459246614e-13,1.415806776e-13,6.185834118e-14,1.026462977e-14,8.312719385e-14,3.401270898e-13,6.330129694e-14,1.136736678e-13,2.97160377e-13,4.006540092e-13,5.839258748e-13,4.124254084e-13,3.116031015e-13,1.16883889e-13,3.625479004e-13,1.439121213e-13,3.074465216e-14,1.787836112e-14,6.845294642e-15,6.24996281e-14,6.58996162e-14,2.527795227e-13,2.068787261e-13,1.851530722e-13,6.760117562e-14,4.381013147e-13,4.253522733e-14
32.125,2.35699208e-13,3.074881531e-13,1.722449924e-13,2.359671002e-13,2.194844935e-13,1.461179921e-13,1.414568961e-13,6.222352463e-14,1.051814883e-14,8.256982335e-14,3.359978856e-13,6.386163124e-14,1.13688107e-13,2.972580856e-13,4.022775988e-13,5.829077444e-13,4.125143317e-13,3.128141321e-13,1.177845052e-13,3.618626023e-13,1.458989537e-13,3.079508678e-14,1.840510761e-14,6.838437562e-15,6.314304749e-14,6.641864533e-14,2.501167945e-13,2.052226204e-13,1.875404941e-13,6.676089687e-14,4.363200361e-13,4.205521108e-14
32.1328125,2.340648895e-13,3.086259852e-13,1.710757682e-13,2.377527458e-13,2.188880475e-13,1.462549059e-13,1.413050399e-13,6.25617668e-14,1.077706504e-14,8.200645438e-14,3.319624511e-13,6.442471266e-14,1.136311301e-13,2.9728213e-13,4.038795498e-13,5.818293801e-13,4.126238581e-13,3.140219247e-13,1.186885653e-13,3.610172554e-13,1.477644002e-13,3.084988001e-14,1.893094435e-14,6.849230506e-15,6.377391363e-14,6.692658477e-14,2.474279643e-13,2.03529361e-13,1.899970033e-13,6.594703965e-14,4.345715427e-13,4.158711335e-14
32.140625,2.324688657e-13,3.09567695e-13,1.698708884e-13,2.395228476e-13,2.182912667e-13,1.463467715e-13,1.411074215e-13,6.286552247e-14,1.102242491e-14,8.146668952e-14,3.280747221e-13,6.491515219e-14,1.134539756e-13,2.971061976e-13,4.051050271e-13,5.803145912e-13,4.125980602e-13,3.150612667e-13,1.195057424e-13,3.599839708e-13,1.496230775e-13,3.090190466e-14,1.945993467e-14,6.849628887e-15,6.434662859e-14,6.736776207e-14,2.445658421e-13,2.018775437e-13,1.922745893e-13,6.515645335e-14,4.327158441e-13,4.113080777e-14
32.1484375,2.309674109e-13,3.104741162e-13,1.685746398e-13,2.413571301e-13,2.177137286e-13,1.464163268e-13,1.408576115e-13,6.316244407e-14,1.124651569e-14,8.092443398e-14,3.242187509e-13,6.53349474e-14,1.132244764e-13,2.968077497e-13,4.060645358e-13,5.784628075e-13,4.125134405e-13,3.15845605e-13,1.202563056e-13,3.588455494e-13,1.516747168e-13,3.09315348e-14,1.999694108e-14,6.843688229e-15,6.48711425e-14,6.775442148e-14,2.415152471e-13,2.002742926e-13,1.942417895e-13,6.434639997e-14,4.306353943e-13,4.065708743e-14
32.15625,2.295461303e-13,3.113157064e-13,1.672098285e-13,2.4306774e-13,2.172211811e-13,1.465128026e-13,1.405821006e-13,6.344896454e-14,1.148793258e-14,8.036159435e-14,3.203348273e-13,6.574744765e-14,1.130274041e-13,2.965304663e-13,4.070357301e-13,5.765846738e-13,4.125549922e-13,3.166234536e-13,1.210242589e-13,3.576237223e-13,1.538409231e-13,3.096280061e-14,2.053574375e-14,6.867451718e-15,6.539880786e-14,6.811321549e-14,2.384356845e-13,1.986200717e-13,1.961520854e-13,6.352516097e-14,4.284258707e-13,4.015570432e-14
32.1640625,2.282694193e-13,3.120375898e-13,1.657845123e-13,2.4456806e-13,2.168320441e-13,1.466337879e-13,1.403009637e-13,6.368999923e-14,1.176069668e-14,7.974610168e-14,3.164738541e-13,6.615590124e-14,1.128249076e-13,2.962762137e-13,4.080330186e-13,5.746701712e-13,4.127183304e-13,3.175323036e-13,1.21849998e-13,3.562487639e-13,1.558426772e-13,3.103555992e-14,2.107948976e-14,6.93181788e-15,6.594504709e-14,6.845492108e-14,2.354488398e-13,1.968453586e-13,1.982854735e-13,6.270160525e-14,4.262986885e-13,3.965935244e-14
32.171875,2.270579793e-13,3.127723722e-13,1.643543434e-13,2.459526689e-13,2.164801747e-13,1.467354137e-13,1.400013758e-13,6.392235563e-14,1.202766224e-14,7.906845833e-14,3.12665766e-13,6.652761954e-14,1.125611339e-13,2.960260603e-13,4.090432634e-13,5.726593286e-13,4.128783586e-13,3.183958765e-13,1.227154222e-13,3.547352323e-13,1.57675924e-13,3.112494105e-14,2.163939225e-14,7.007800072e-15,6.648748554e-14,6.87934079e-14,2.324840638e-13,1.950166543e-13,2.006262212e-13,6.186914964e-14,4.242019431e-13,3.916640745e-14
32.1796875,2.257700361e-13,3.135485017e-13,1.629599805e-13,2.473707044e-13,2.161412885e-13,1.468320519e-13,1.396634117e-13,6.420179172e-14,1.227752304e-14,7.83810108e-14,3.088889902e-13,6.687550917e-14,1.122797002e-13,2.957706926e-13,4.100462542e-13,5.705982921e-13,4.13019858e-13,3.191663202e-13,1.235891154e-13,3.532349793e-13,1.596001704e-13,3.119040922e-14,2.220936292e-14,7.067564094e-15,6.702102102e-14,6.912779533e-14,2.294445361e-13,1.932070977e-13,2.029773114e-13,6.103218504e-14,4.219374782e-13,3.865394574e-14
32.1875,2.245638413e-13,3.144263216e-13,1.615183821e-13,2.488793708e-13,2.158611516e-13,1.469457776e-13,1.392946844e-13,6.44664294e-14,1.253434973e-14,7.770688176e-14,3.051915809e-13,6.723136714e-14,1.120342361e-13,2.95466881e-13,4.109112402e-13,5.684187719e-13,4.131671106e-13,3.1987822e-13,1.244713333e-13,3.517945626e-13,1.616784886e-13,3.125130175e-14,2.277748683e-14,7.124771889e-15,6.754367435e-14,6.944509043e-14,2.263591305e-13,1.914273847e-13,2.052767424e-13,6.019025327e-14,4.195774211e-13,3.812968918e-14
32.1953125,2.235932847e-13,3.154339807e-13,1.600162294e-13,2.502374658e-13,2.156895752e-13,1.470483448e-13,1.389319028e-13,6.46374333e-14,1.280259249e-14,7.702015241e-14,3.016400733e-13,6.759612069e-14,1.117910517e-13,2.951778824e-13,4.116950753e-13,5.661796235e-13,4.134126512e-13,3.205100031e-13,1.253864898e-13,3.503016663e-13,1.637196135e-13,3.133178389e-14,2.33417108e-14,7.202626378e-15,6.805549337e-14,6.976842266e-14,2.233124523e-13,1.896363301e-13,2.076689336e-13,5.935104546e-14,4.17283628e-13,3.759440195e-14
32.203125,2.226874753e-13,3.162405682e-13,1.58521351e-13,2.512626943e-13,2.155871944e-13,1.470967968e-13,1.385786791e-13,6.478724578e-14,1.307465665e-14,7.630885193e-14,2.982179922e-13,6.793926973e-14,1.114624391e-13,2.949107337e-13,4.125249595e-13,5.641052395e-13,4.139365654e-13,3.211657536e-13,1.263102171e-13,3.487285878e-13,1.65612546e-13,3.141761431e-14,2.389991462e-14,7.288141854e-15,6.858321683e-14,7.012133722e-14,2.203708913e-13,1.877293327e-13,2.101703633e-13,5.853200549e-14,4.150164436e-13,3.705357692e-14
32.2109375,2.217408282e-13,3.167299067e-13,1.570167487e-13,2.5221686e-13,2.154752847e-13,1.471145061e-13,1.381927702e-13,6.502237714e-14,1.33545178e-14,7.555926775e-14,2.949347328e-13,6.823899575e-14,1.110116773e-13,2.945168589e-13,4.133069281e-13,5.620843763e-13,4.146003057e-13,3.218612978e-13,1.271973039e-13,3.471312043e-13,1.674099198e-13,3.15106719e-14,2.446215121e-14,7.366858155e-15,6.912062164e-14,7.043799516e-14,2.174767629e-13,1.856883781e-13,2.126305398e-13,5.772038265e-14,4.12767483e-13,3.65310399e-14
32.21875,2.209929197e-13,3.172241313e-13,1.555492418e-13,2.532898373e-13,2.154786313e-13,1.472377847e-13,1.377872657e-13,6.529532231e-14,1.363794443e-14,7.477662255e-14,2.91803048e-13,6.851728812e-14,1.105036407e-13,2.941206424e-13,4.140916035e-13,5.598726111e-13,4.150831505e-13,3.224977283e-13,1.281018289e-13,3.455233719e-13,1.691798955e-13,3.162953861e-14,2.504903098e-14,7.460152773e-15,6.962598e-14,7.064656439e-14,2.144324295e-13,1.836448254e-13,2.150787324e-13,5.690190406e-14,4.106057146e-13,3.601332117e-14
32.2265625,2.205576994e-13,3.177764634e-13,1.542340396e-13,2.543148773e-13,2.15730328e-13,1.474990528e-13,1.374166379e-13,6.55031981e-14,1.391582435e-14,7.400683692e-14,2.887231797e-13,6.880924627e-14,1.100127567e-13,2.939689169e-13,4.150888105e-13,5.575974099e-13,4.15475068e-13,3.23168012e-13,1.290822734e-13,3.439675341e-13,1.709822453e-13,3.175742887e-14,2.565111629e-14,7.592206832e-15,7.011722069e-14,7.083392505e-14,2.112414694e-13,1.816532782e-13,2.176319285e-13,5.609199196e-14,4.084291064e-13,3.549399117e-14
32.234375,2.200928676e-13,3.182993297e-13,1.529747473e-13,2.552232804e-13,2.159863083e-13,1.476928191e-13,1.370488742e-13,6.567865193e-14,1.420198867e-14,7.323556252e-14,2.856675076e-13,6.91164875e-14,1.095275329e-13,2.938560201e-13,4.1616767e-13,5.553896767e-13,4.159510681e-13,3.23832578e-13,1.300626758e-13,3.425550335e-13,1.728379731e-13,3.187894505e-14,2.624942191e-14,7.755897928e-15,7.062789089e-14,7.112329123e-14,2.081743274e-13,1.796414262e-13,2.202472111e-13,5.528586561e-14,4.061547782e-13,3.501701725e-14
32.2421875,2.194796312e-13,3.189106124e-13,1.515729285e-13,2.560412911e-13,2.160185675e-13,1.477381517e-13,1.366354254e-13,6.593021128e-14,1.4504988e-14,7.241381425e-14,2.827881564e-13,6.939304665e-14,1.089914272e-13,2.935155847e-13,4.17108725e-13,5.53127702e-13,4.164169255e-13,3.241841846e-13,1.310058726e-13,3.412318725e-13,1.746345225e-13,3.201879458e-14,2.686233961e-14,7.923194914e-15,7.111783781e-14,7.143356276e-14,2.05274379e-13,1.775899642e-13,2.228372415e-13,5.446575106e-14,4.03914766e-13,3.458562693e-14
32.25,2.191148227e-13,3.19488292e-13,1.500438718e-13,2.566942091e-13,2.160072997e-13,1.478048934e-13,1.36231367e-13,6.626964404e-14,1.479582598e-14,7.159145756e-14,2.801930184e-13,6.957548746e-14,1.083816377e-13,2.930716903e-13,4.180030047e-13,5.508530664e-13,4.169310698e-13,3.24228276e-13,1.319901316e-13,3.39871053e-13,1.762658573e-13,3.217860933e-14,2.749742073e-14,8.081590703e-15,7.156256495e-14,7.162445549e-14,2.023550302e-13,1.755398086e-13,2.253266166e-13,5.365580963e-14,4.017523742e-13,3.415263896e-14
32.2578125,2.189693664e-13,3.198800293e-13,1.485426975e-13,2.571996926e-13,2.161305085e-13,1.479115802e-13,1.358739094e-13,6.662865145e-14,1.50634712e-14,7.082194348e-14,2.778346449e-13,6.967835106e-14,1.077176949e-13,2.925947386e-13,4.189365376e-13,5.487062525e-13,4.175616534e-13,3.242449566e-13,1.330060241e-13,3.385043737e-13,1.778171596e-13,3.23297661e-14,2.812384088e-14,8.245943451e-15,7.201385119e-14,7.176685392e-14,1.994657959e-13,1.735121018e-13,2.277274505e-13,5.288089149e-14,3.995613739e-13,3.371209212e-14
32.265625,2.186261126e-13,3.203281001e-13,1.470956024e-13,2.575546196e-13,2.163467431e-13,1.479052341e-13,1.355136903e-13,6.697999288e-14,1.534265677e-14,7.00511705e-14,2.756029984e-13,6.978581877e-14,1.070113065e-13,2.919962136e-13,4.198293431e-13,5.465570455e-13,4.180791781e-13,3.242747634e-13,1.340017722e-13,3.372458303e-13,1.793908983e-13,3.248254518e-14,2.874763782e-14,8.424328372e-15,7.249417488e-14,7.198131065e-14,1.967242094e-13,1.714975045e-13,2.302228192e-13,5.21233311e-14,3.97353899e-13,3.330144096e-14
32.2734375,2.182632082e-13,3.208730617e-13,1.455758704e-13,2.576615159e-13,2.165843593e-13,1.477833696e-13,1.351521735e-13,6.733975856e-14,1.564459064e-14,6.924490918e-14,2.734456741e-13,6.989761469e-14,1.062531212e-13,2.91360824e-13,4.206127847e-13,5.442278702e-13,4.184116771e-13,3.241575063e-13,1.350017897e-13,3.360055858e-13,1.809308646e-13,3.264884075e-14,2.940608551e-14,8.612472796e-15,7.295734542e-14,7.220998539e-14,1.93994142e-13,1.694536143e-13,2.328114699e-13,5.136673871e-14,3.951292145e-13,3.294006453e-14
32.28125,2.181090648e-13,3.212314885e-13,1.43956657e-13,2.576566608e-13,2.167484715e-13,1.476425678e-13,1.348336136e-13,6.770518855e-14,1.594566522e-14,6.84461978e-14,2.71432687e-13,6.99486314e-14,1.054631387e-13,2.907615718e-13,4.212727495e-13,5.417462224e-13,4.186603105e-13,3.237776616e-13,1.359686861e-13,3.346314405e-13,1.823708442e-13,3.279866268e-14,3.007801107e-14,8.812652868e-15,7.336867207e-14,7.238685317e-14,1.911973087e-13,1.673703159e-13,2.35282953e-13,5.061507103e-14,3.927505658e-13,3.260271352e-14
32.2890625,2.17857454e-13,3.214342944e-13,1.423810577e-13,2.576662537e-13,2.168172358e-13,1.475058749e-13,1.345441112e-13,6.805607275e-14,1.624056828e-14,6.768800341e-14,2.696165912e-13,6.995987934e-14,1.046737906e-13,2.901235695e-13,4.219002374e-13,5.391569188e-13,4.187701062e-13,3.231582403e-13,1.368773723e-13,3.332324537e-13,1.837166623e-13,3.293935783e-14,3.071581354e-14,9.01371308e-15,7.373575724e-14,7.256509863e-14,1.884835754e-13,1.653131004e-13,2.377093813e-13,4.988069355e-14,3.902918135e-13,3.226571841e-14
32.296875,2.175578284e-13,3.217624104e-13,1.40867202e-13,2.574954283e-13,2.169069359e-13,1.473404324e-13,1.342966442e-13,6.839171621e-14,1.653477544e-14,6.698891995e-14,2.679554004e-13,6.998358008e-14,1.038703348e-13,2.894800807e-13,4.225862169e-13,5.3642147e-13,4.187761048e-13,3.224131531e-13,1.378461515e-13,3.319502868e-13,1.849716108e-13,3.311581364e-14,3.132959299e-14,9.204764912e-15,7.408085972e-14,7.275908998e-14,1.859075937e-13,1.633394386e-13,2.402431652e-13,4.918930411e-14,3.88015531e-13,3.195553891e-14
32.3046875,2.175348384e-13,3.223151644e-13,1.392970504e-13,2.571132076e-13,2.170827619e-13,1.471016595e-13,1.341536978e-13,6.874424835e-14,1.683151151e-14,6.634603925e-14,2.66501963e-13,7.000552314e-14,1.030298373e-13,2.889269608e-13,4.232687635e-13,5.335635647e-13,4.18771047e-13,3.215659731e-13,1.388921166e-13,3.307174656e-13,1.861694455e-13,3.331645672e-14,3.195583247e-14,9.411182914e-15,7.442500333e-14,7.293117869e-14,1.833583154e-13,1.614598453e-13,2.427417111e-13,4.854410079e-14,3.858639034e-13,3.168752973e-14
32.3125,2.175852111e-13,3.228606995e-13,1.376937057e-13,2.566995501e-13,2.173695565e-13,1.468017624e-13,1.3407602e-13,6.914319752e-14,1.71396269e-14,6.569985405e-14,2.653268338e-13,7.000180001e-14,1.021570731e-13,2.884066502e-13,4.239412916e-13,5.307053941e-13,4.186784996e-13,3.205911813e-13,1.399082384e-13,3.294419939e-13,1.873508503e-13,3.350064825e-14,3.260246543e-14,9.646883822e-15,7.476807748e-14,7.309112693e-14,1.808058324e-13,1.596280062e-13,2.451130957e-13,4.790032738e-14,3.835238629e-13,3.142614209e-14
32.3203125,2.175388213e-13,3.231004915e-13,1.361040239e-13,2.561940552e-13,2.177438678e-13,1.465099018e-13,1.339636936e-13,6.956453575e-14,1.74485857e-14,6.502590029e-14,2.642707168e-13,6.997234439e-14,1.012622819e-13,2.878044181e-13,4.24654116e-13,5.278631109e-13,4.18490904e-13,3.195195954e-13,1.409211214e-13,3.280270848e-13,1.884652763e-13,3.367045771e-14,3.325443795e-14,9.888040677e-15,7.50766686e-14,7.322889893e-14,1.783207783e-13,1.577417882e-13,2.474226781e-13,4.723023983e-14,3.809625558e-13,3.116304695e-14
32.328125,2.175767845e-13,3.233284635e-13,1.344870589e-13,2.555661907e-13,2.180055804e-13,1.462518695e-13,1.338366705e-13,6.99635175e-14,1.774216793e-14,6.438218286e-14,2.631961827e-13,6.993706795e-14,1.003684038e-13,2.871408902e-13,4.25326628e-13,5.249100862e-13,4.18223146e-13,3.183184104e-13,1.41968994e-13,3.264687632e-13,1.894671602e-13,3.384900444e-14,3.388626672e-14,1.013124836e-14,7.532507187e-14,7.331999017e-14,1.759039556e-13,1.558114156e-13,2.497175191e-13,4.656166241e-14,3.784309572e-13,3.092972342e-14
32.3359375,2.176585825e-13,3.240381172e-13,1.329228258e-13,2.549465818e-13,2.180704572e-13,1.460105872e-13,1.337767633e-13,7.035238077e-14,1.803319018e-14,6.378684467e-14,2.622572967e-13,6.992202436e-14,9.947287575e-14,2.865404965e-13,4.259898796e-13,5.219181918e-13,4.178362874e-13,3.169491993e-13,1.429664291e-13,3.250677475e-13,1.903891662e-13,3.404743241e-14,3.448693802e-14,1.039105857e-14,7.553105146e-14,7.341628841e-14,1.735081037e-13,1.539775337e-13,2.521123166e-13,4.592683145e-14,3.760434386e-13,3.073304043e-14
32.34375,2.177026572e-13,3.248754892e-13,1.31468483e-13,2.542119761e-13,2.18111764e-13,1.457275714e-13,1.337651902e-13,7.077766427e-14,1.83278269e-14,6.31968089e-14,2.616312323e-13,6.98886027e-14,9.851848894e-14,2.860042902e-13,4.267235159e-13,5.190950122e-13,4.174923296e-13,3.15457321e-13,1.438938236e-13,3.239242207e-13,1.912383002e-13,3.425908057e-14,3.508291255e-14,1.066020918e-14,7.571740114e-14,7.353654472e-14,1.711699178e-13,1.522400357e-13,2.545511773e-13,4.532997158e-14,3.736771589e-13,3.055323173e-14
32.3515625,2.178246322e-13,3.2544037e-13,1.300071551e-13,2.532676768e-13,2.18165904e-13,1.4531675e-13,1.337393994e-13,7.123975028e-14,1.86152771e-14,6.262233414e-14,2.613172056e-13,6.979233084e-14,9.751512194e-14,2.854037051e-13,4.273665192e-13,5.163290815e-13,4.172254852e-13,3.138190828e-13,1.448180095e-13,3.22683853e-13,1.920078281e-13,3.447072835e-14,3.569869167e-14,1.0937201e-14,7.588571686e-14,7.361712693e-14,1.689660404e-13,1.50510728e-13,2.568089314e-13,4.476200654e-14,3.712472856e-13,3.037226578e-14
32.359375,2.180341473e-13,3.262263504e-13,1.285778438e-13,2.523464818e-13,2.181458664e-13,1.448569852e-13,1.337409897e-13,7.169708192e-14,1.890980982e-14,6.210082573e-14,2.612549017e-13,6.969982418e-14,9.657633359e-14,2.84805114e-13,4.280313785e-13,5.135498796e-13,4.168183243e-13,3.120544043e-13,1.457796667e-13,3.213164607e-13,1.927235208e-13,3.469110606e-14,3.631966397e-14,1.124264378e-14,7.605510293e-14,7.367383265e-14,1.669493836e-13,1.488656705e-13,2.591027523e-13,4.421321735e-14,3.688590636e-13,3.019601277e-14
32.3671875,2.183156118e-13,3.273544872e-13,1.273152309e-13,2.514481131e-13,2.181113323e-13,1.445188809e-13,1.338668471e-13,7.2134593e-14,1.922445204e-14,6.160995051e-14,2.613917835e-13,6.966096964e-14,9.575103914e-14,2.844025292e-13,4.29159421e-13,5.111192193e-13,4.16412114e-13,3.103339433e-13,1.46791356e-13,3.201356723e-13,1.933585768e-13,3.493322457e-14,3.692738821e-14,1.1583095e-14,7.625241828e-14,7.377483794e-14,1.651697038e-13,1.473309939e-13,2.617220469e-13,4.368256757e-14,3.665988879e-13,3.005320755e-14
32.375,2.186346476e-13,3.281861291e-13,1.260926576e-13,2.502852837e-13,2.180691283e-13,1.442085183e-13,1.341066211e-13,7.258270438e-14,1.952346618e-14,6.114168156e-14,2.617049651e-13,6.959810239e-14,9.496224583e-14,2.840701847e-13,4.306476627e-13,5.090817887e-13,4.161939818e-13,3.086211386e-13,1.478101934e-13,3.190811055e-13,1.938795215e-13,3.517399016e-14,3.753396856e-14,1.193234355e-14,7.645840991e-14,7.390884609e-14,1.635814686e-13,1.457340181e-13,2.643227054e-13,4.317606608e-14,3.643460553e-13,2.994833084e-14
32.3828125,2.18804548e-13,3.288013003e-13,1.248155616e-13,2.489087912e-13,2.179332963e-13,1.437477496e-13,1.343648336e-13,7.306750888e-14,1.977066724e-14,6.073692366e-14,2.621977326e-13,6.947340319e-14,9.414386303e-14,2.835672864e-13,4.321680807e-13,5.070688768e-13,4.158727365e-13,3.06708322e-13,1.487890053e-13,3.180747399e-13,1.943564521e-13,3.538173886e-14,3.815302419e-14,1.226823269e-14,7.663937256e-14,7.407504175e-14,1.620536032e-13,1.440708068e-13,2.666853124e-13,4.26884799e-14,3.619589008e-13,2.986299573e-14
32.390625,2.188908656e-13,3.29787236e-13,1.236923195e-13,2.476296764e-13,2.178079009e-13,1.432913735e-13,1.346215391e-13,7.357602892e-14,2.000519257e-14,6.036376938e-14,2.628686588e-13,6.936824287e-14,9.333858438e-14,2.830556501e-13,4.339563766e-13,5.051952198e-13,4.153757178e-13,3.046966017e-13,1.497618062e-13,3.173392535e-13,1.948499877e-13,3.557319918e-14,3.87627107e-14,1.260963782e-14,7.680040146e-14,7.431093105e-14,1.605914323e-13,1.425402456e-13,2.692021334e-13,4.220536687e-14,3.595274112e-13,2.980159208e-14
32.3984375,2.191307125e-13,3.310289563e-13,1.228222938e-13,2.464812948e-13,2.178177844e-13,1.430200947e-13,1.349405046e-13,7.407970507e-14,2.028888118e-14,5.995939959e-14,2.637611842e-13,6.93222806e-14,9.261816278e-14,2.827661297e-13,4.361127247e-13,5.036558514e-13,4.149292327e-13,3.027676073e-13,1.507361631e-13,3.167377637e-13,1.953025034e-13,3.579670322e-14,3.934261312e-14,1.296507988e-14,7.694940174e-14,7.456752069e-14,1.592946988e-13,1.411413348e-13,2.719970326e-13,4.17295125e-14,3.572350699e-13,2.977436712e-14
32.40625,2.193681728e-13,3.322553781e-13,1.219729715e-13,2.452157573e-13,2.178002127e-13,1.427303265e-13,1.353496435e-13,7.457707589e-14,2.058872785e-14,5.958876263e-14,2.648819735e-13,6.926217822e-14,9.195286397e-14,2.825122245e-13,4.382556395e-13,5.021243932e-13,4.143534814e-13,3.007243268e-13,1.516453609e-13,3.159953997e-13,1.956291998e-13,3.604386867e-14,3.992597245e-14,1.330644451e-14,7.707135547e-14,7.479043528e-14,1.581327021e-13,1.397204392e-13,2.747983224e-13,4.127690521e-14,3.550142769e-13,2.977427907e-14
32.4140625,2.194505211e-13,3.336115944e-13,1.209580824e-13,2.437267631e-13,2.175349997e-13,1.4220323e-13,1.358029733e-13,7.511121552e-14,2.083768577e-14,5.933933457e-14,2.661279976e-13,6.912618566e-14,9.127243759e-14,2.82085075e-13,4.403466947e-13,5.00612793e-13,4.135490942e-13,2.983876531e-13,1.524635336e-13,3.154452644e-13,1.958134953e-13,3.625548362e-14,4.053764936e-14,1.366394251e-14,7.717196811e-14,7.503602942e-14,1.570284304e-13,1.382908824e-13,2.775979513e-13,4.084434595e-14,3.526743105e-13,2.979375314e-14
32.421875,2.195747787e-13,3.350674447e-13,1.19947642e-13,2.421983711e-13,2.170589402e-13,1.415807732e-13,1.362555321e-13,7.571590244e-14,2.106565869e-14,5.917680927e-14,2.675217379e-13,6.895774835e-14,9.061708091e-14,2.816097888e-13,4.42580261e-13,4.994706911e-13,4.128602884e-13,2.95957704e-13,1.532100889e-13,3.153490606e-13,1.959045318e-13,3.644835513e-14,4.112599847e-14,1.409172908e-14,7.728008415e-14,7.533242946e-14,1.560182939e-13,1.36953322e-13,2.804790659e-13,4.042558862e-14,3.50367503e-13,2.983183905e-14
32.4296875,2.196678895e-13,3.364816137e-13,1.191692475e-13,2.407550541e-13,2.165346048e-13,1.410446384e-13,1.367474745e-13,7.635470902e-14,2.131424596e-14,5.904903033e-14,2.691914668e-13,6.881522262e-14,9.004915451e-14,2.811774675e-13,4.448488612e-13,4.984696629e-13,4.122406737e-13,2.935606024e-13,1.538787914e-13,3.153136459e-13,1.959401307e-13,3.668531557e-14,4.165935678e-14,1.453747542e-14,7.738979489e-14,7.561561396e-14,1.551457241e-13,1.356855183e-13,2.83322324e-13,4.003914276e-14,3.483225747e-13,2.990417034e-14
32.4375,2.195080063e-13,3.380865719e-13,1.184641948e-13,2.393146126e-13,2.160373987e-13,1.40529241e-13,1.373402721e-13,7.699234509e-14,2.155113725e-14,5.892706461e-14,2.710798301e-13,6.867713694e-14,8.951397873e-14,2.807076462e-13,4.471237243e-13,4.973914947e-13,4.113207922e-13,2.910656194e-13,1.544585448e-13,3.152023818e-13,1.958860199e-13,3.69337525e-14,4.219268545e-14,1.494670093e-14,7.746086034e-14,7.5883771e-14,1.543420382e-13,1.344232373e-13,2.860984185e-13,3.967949889e-14,3.462742442e-13,3.003557994e-14
32.4453125,2.193621701e-13,3.400241124e-13,1.176229351e-13,2.378608195e-13,2.155770476e-13,1.399487697e-13,1.379894526e-13,7.765815584e-14,2.176867731e-14,5.876403855e-14,2.731165841e-13,6.85275297e-14,8.896162951e-14,2.802397899e-13,4.495815511e-13,4.965390922e-13,4.101964402e-13,2.884894091e-13,1.550074322e-13,3.15360923e-13,1.957125728e-13,3.71469786e-14,4.275149277e-14,1.536111375e-14,7.748969697e-14,7.621168814e-14,1.535572848e-13,1.332037821e-13,2.889150607e-13,3.930972578e-14,3.439704281e-13,3.021946674e-14
32.453125,2.194008706e-13,3.419458246e-13,1.168711476e-13,2.364152942e-13,2.150975686e-13,1.393534136e-13,1.386429396e-13,7.835276513e-14,2.198680493e-14,5.86115232e-14,2.753612769e-13,6.840407166e-14,8.843850077e-14,2.798372647e-13,4.522520157e-13,4.958914262e-13,4.090818906e-13,2.859543863e-13,1.556129888e-13,3.15712751e-13,1.954668509e-13,3.736497613e-14,4.329138712e-14,1.579355235e-14,7.751995281e-14,7.660527674e-14,1.528917446e-13,1.320847796e-13,2.917862282e-13,3.895073262e-14,3.417010538e-13,3.042782237e-14
32.4609375,2.193231328e-13,3.436262815e-13,1.163658993e-13,2.349407976e-13,2.144727413e-13,1.387667784e-13,1.393552591e-13,7.903478784e-14,2.218867676e-14,5.859027506e-14,2.777433745e-13,6.829687379e-14,8.797213324e-14,2.79376832e-13,4.550465389e-13,4.951407923e-13,4.078842701e-13,2.834077055e-13,1.5623762e-13,3.159431639e-13,1.951992456e-13,3.760334536e-14,4.37947597e-14,1.623530508e-14,7.756741303e-14,7.699376126e-14,1.524056149e-13,1.310376594e-13,2.946532524e-13,3.865130423e-14,3.396220519e-13,3.066357981e-14
32.46875,2.191823675e-13,3.454019444e-13,1.158322853e-13,2.335344692e-13,2.13701932e-13,1.381444722e-13,1.401373389e-13,7.971718692e-14,2.23816785e-14,5.868964268e-14,2.801942451e-13,6.815888823e-14,8.754827143e-14,2.787909612e-13,4.57867901e-13,4.943824216e-13,4.065948487e-13,2.80803372e-13,1.567748198e-13,3.1622644e-13,1.949050245e-13,3.783704087e-14,4.427303911e-14,1.67208568e-14,7.759850836e-14,7.734728217e-14,1.519835289e-13,1.300524783e-13,2.975002585e-13,3.837900252e-14,3.374560172e-13,3.096038673e-14
32.4765625,2.192483829e-13,3.475722631e-13,1.151982062e-13,2.322445157e-13,2.12958385e-13,1.374969568e-13,1.409336083e-13,8.043010849e-14,2.25926614e-14,5.88422668e-14,2.828418778e-13,6.800161263e-14,8.717586943e-14,2.782173023e-13,4.607500174e-13,4.9382647e-13,4.052607563e-13,2.781875114e-13,1.572428686e-13,3.168170533e-13,1.945434222e-13,3.807780782e-14,4.473166771e-14,1.722621566e-14,7.759601885e-14,7.771584328e-14,1.515913712e-13,1.291801662e-13,3.003762328e-13,3.808816458e-14,3.351034216e-13,3.133238347e-14
32.484375,2.192215719e-13,3.498326063e-13,1.147156664e-13,2.308841155e-13,2.123320214e-13,1.368552091e-13,1.417764505e-13,8.117052369e-14,2.279869352e-14,5.906591125e-14,2.857008739e-13,6.785308368e-14,8.684367243e-14,2.777480069e-13,4.639076055e-13,4.934855006e-13,4.037072738e-13,2.755162577e-13,1.576818862e-13,3.17597544e-13,1.940713875e-13,3.831773016e-14,4.519505871e-14,1.770805739e-14,7.758020255e-14,7.815386509e-14,1.513495008e-13,1.283760462e-13,3.033395953e-13,3.781239003e-14,3.326925804e-13,3.174834676e-14
32.4921875,2.189015928e-13,3.517782435e-13,1.144046409e-13,2.294233921e-13,2.11710926e-13,1.361980652e-13,1.426796263e-13,8.192644201e-14,2.297565437e-14,5.937806868e-14,2.88671452e-13,6.770095121e-14,8.651765414e-14,2.773228826e-13,4.672984738e-13,4.933093311e-13,4.018936615e-13,2.727605531e-13,1.580203362e-13,3.183965829e-13,1.935083711e-13,3.853272604e-14,4.566440502e-14,1.820195251e-14,7.755752399e-14,7.865133945e-14,1.512940509e-13,1.275414249e-13,3.063652997e-13,3.758571042e-14,3.303000668e-13,3.217693071e-14
32.5,2.18666192e-13,3.535760984e-13,1.141426547e-13,2.279694348e-13,2.109206767e-13,1.355277658e-13,1.435694347e-13,8.265147025e-14,2.313256127e-14,5.978298828e-14,2.917775625e-13,6.753218897e-14,8.621498497e-14,2.768816468e-13,4.706663015e-13,4.932238761e-13,4.00033759e-13,2.699815125e-13,1.582177766e-13,3.191952518e-13,1.929286372e-13,3.874613956e-14,4.609772873e-14,1.872539224e-14,7.750940792e-14,7.916889571e-14,1.513933453e-13,1.266963913e-13,3.093630027e-13,3.738847678e-14,3.279739957e-13,3.263453171e-14
32.5078125,2.18563703e-13,3.555852002e-13,1.139272338e-13,2.264298877e-13,2.09895346e-13,1.348714641e-13,1.444829388e-13,8.333520632e-14,2.328378562e-14,6.029061201e-14,2.949690641e-13,6.735485172e-14,8.596114263e-14,2.764144568e-13,4.741055774e-13,4.93251507e-13,3.981507314e-13,2.671586738e-13,1.58311301e-13,3.2006513e-13,1.92355018e-13,3.895975796e-14,4.650862207e-14,1.927571161e-14,7.743871258e-14,7.969937963e-14,1.516254822e-13,1.258885922e-13,3.12287181e-13,3.718963772e-14,3.25623605e-13,3.314425413e-14
32.515625,2.183135168e-13,3.577605829e-13,1.137369078e-13,2.248306629e-13,2.08722255e-13,1.342026805e-13,1.455023353e-13,8.40710967e-14,2.343872185e-14,6.08354357e-14,2.981339564e-13,6.717761902e-14,8.573588456e-14,2.759029842e-13,4.777931419e-13,4.93457113e-13,3.961320764e-13,2.642624891e-13,1.583206319e-13,3.210258952e-13,1.917547513e-13,3.914681141e-14,4.694713797e-14,1.986470237e-14,7.736988881e-14,8.024884657e-14,1.519317097e-13,1.251276005e-13,3.151785572e-13,3.697610508e-14,3.231209048e-13,3.36889322e-14
32.5234375,2.180417134e-13,3.599982296e-13,1.135911352e-13,2.233910853e-13,2.074914232e-13,1.335109863e-13,1.465671299e-13,8.487171564e-14,2.357697119e-14,6.13966607e-14,3.013904263e-13,6.700166816e-14,8.554236659e-14,2.753426363e-13,4.816148662e-13,4.938083411e-13,3.940916697e-13,2.613865988e-13,1.582538338e-13,3.220067381e-13,1.911017054e-13,3.932979919e-14,4.73816172e-14,2.04345867e-14,7.729932823e-14,8.081126628e-14,1.523435835e-13,1.244930345e-13,3.18130597e-13,3.678419979e-14,3.205851864e-13,3.425104548e-14
32.53125,2.179071339e-13,3.624852575e-13,1.135999509e-13,2.220310731e-13,2.062370873e-13,1.328464278e-13,1.476283572e-13,8.563062023e-14,2.368553968e-14,6.209058456e-14,3.048809651e-13,6.684077646e-14,8.54286557e-14,2.748255195e-13,4.855656571e-13,4.943970927e-13,3.921623752e-13,2.586173839e-13,1.581340605e-13,3.231705731e-13,1.903647555e-13,3.953377585e-14,4.775942266e-14,2.097445488e-14,7.721206113e-14,8.139401826e-14,1.529722795e-13,1.240267306e-13,3.212431672e-13,3.666342579e-14,3.18172151e-13,3.484878739e-14
32.5390625,2.178356376e-13,3.651919443e-13,1.137632685e-13,2.205442594e-13,2.050532465e-13,1.322216982e-13,1.487271046e-13,8.634253113e-14,2.380464738e-14,6.293122379e-14,3.084952785e-13,6.671523152e-14,8.541458485e-14,2.744948411e-13,4.897758071e-13,4.953248679e-13,3.90271492e-13,2.55968525e-13,1.579996182e-13,3.247339431e-13,1.89538246e-13,3.974294263e-14,4.810787886e-14,2.157929623e-14,7.713344159e-14,8.200988036e-14,1.538045119e-13,1.236112161e-13,3.245246705e-13,3.65810888e-14,3.159155176e-13,3.549955379e-14
32.546875,2.17883059e-13,3.677793823e-13,1.140346473e-13,2.190488865e-13,2.039722064e-13,1.316284002e-13,1.498618927e-13,8.706987499e-14,2.394206393e-14,6.380626213e-14,3.120769638e-13,6.660645244e-14,8.54723573e-14,2.743584127e-13,4.942046961e-13,4.964489487e-13,3.883803989e-13,2.534154018e-13,1.57839997e-13,3.264177107e-13,1.88690373e-13,3.994002672e-14,4.845801972e-14,2.221838625e-14,7.708321655e-14,8.265591879e-14,1.54780076e-13,1.231757973e-13,3.278162513e-13,3.648640219e-14,3.138105318e-13,3.619099651e-14
32.5546875,2.179836862e-13,3.703627236e-13,1.144407698e-13,2.177611518e-13,2.028331577e-13,1.311069692e-13,1.51032773e-13,8.781581823e-14,2.40659689e-14,6.472212194e-14,3.156670897e-13,6.650497048e-14,8.557227562e-14,2.742796066e-13,4.987831694e-13,4.977048966e-13,3.865075954e-13,2.508837205e-13,1.575577901e-13,3.279999176e-13,1.878600652e-13,4.012157649e-14,4.878509792e-14,2.280629917e-14,7.701890389e-14,8.333738717e-14,1.558773268e-13,1.228153816e-13,3.309747387e-13,3.641338599e-14,3.117243881e-13,3.691655193e-14
32.5625,2.179271741e-13,3.733841857e-13,1.149523527e-13,2.16682157e-13,2.015200213e-13,1.306472508e-13,1.522428722e-13,8.860229824e-14,2.419276063e-14,6.57262481e-14,3.193792651e-13,6.645693226e-14,8.571422846e-14,2.741847664e-13,5.033969946e-13,4.990769243e-13,3.84515456e-13,2.483162199e-13,1.571440339e-13,3.298290119e-13,1.869714254e-13,4.031391404e-14,4.907898547e-14,2.339933993e-14,7.689196213e-14,8.405202859e-14,1.570360652e-13,1.225896632e-13,3.340965248e-13,3.639058368e-14,3.095943984e-13,3.77002149e-14
32.5703125,2.17840099e-13,3.766859364e-13,1.154917978e-13,2.156598908e-13,2.00095433e-13,1.301492538e-13,1.534039879e-13,8.94460223e-14,2.433057984e-14,6.677326967e-14,3.231160478e-13,6.644046671e-14,8.591029992e-14,2.740960185e-13,5.078461641e-13,5.003690948e-13,3.823053741e-13,2.457363542e-13,1.566862479e-13,3.320722959e-13,1.859658329e-13,4.054217703e-14,4.936888e-14,2.401350338e-14,7.670939389e-14,8.476564741e-14,1.582483861e-13,1.22406605e-13,3.373285389e-13,3.638476604e-14,3.075544475e-13,3.855335327e-14
32.578125,2.17841724e-13,3.798510259e-13,1.160756255e-13,2.146233634e-13,1.986534775e-13,1.295781664e-13,1.54510617e-13,9.030620305e-14,2.445265619e-14,6.787683112e-14,3.267151005e-13,6.638254726e-14,8.615945107e-14,2.740295366e-13,5.122381409e-13,5.016592132e-13,3.800536609e-13,2.432155226e-13,1.561415408e-13,3.345510553e-13,1.849250003e-13,4.076919743e-14,4.966774429e-14,2.45970565e-14,7.652552319e-14,8.548809171e-14,1.595860029e-13,1.222040729e-13,3.40661001e-13,3.639135032e-14,3.055651477e-13,3.946122465e-14
32.5859375,2.177912822e-13,3.830766531e-13,1.167925313e-13,2.137035807e-13,1.97230318e-13,1.290189105e-13,1.557069999e-13,9.118350418e-14,2.457264377e-14,6.908862618e-14,3.30314187e-13,6.633705877e-14,8.646386839e-14,2.74035417e-13,5.168945149e-13,5.03249761e-13,3.779394292e-13,2.408225319e-13,1.554650951e-13,3.372882439e-13,1.839322634e-13,4.096531667e-14,4.996122401e-14,2.518719962e-14,7.639366704e-14,8.628099698e-14,1.610954647e-13,1.220838054e-13,3.441031156e-13,3.642802284e-14,3.035503814e-13,4.042749474e-14
32.59375,2.17772346e-13,3.866206994e-13,1.176490833e-13,2.129520338e-13,1.957793201e-13,1.285327192e-13,1.56999086e-13,9.20885622e-14,2.47014637e-14,7.035382417e-14,3.340790967e-13,6.635544356e-14,8.68220698e-14,2.74129934e-13,5.217997471e-13,5.050592864e-13,3.758624917e-13,2.385341985e-13,1.54758216e-13,3.402481569e-13,1.829168742e-13,4.116305098e-14,5.023963273e-14,2.579534397e-14,7.628771234e-14,8.712180763e-14,1.627922531e-13,1.221082889e-13,3.476551267e-13,3.647754274e-14,3.016503137e-13,4.145409596e-14
32.6015625,2.179039273e-13,3.901728993e-13,1.185248889e-13,2.121873734e-13,1.942760013e-13,1.28071852e-13,1.582461309e-13,9.299259985e-14,2.482382781e-14,7.164983001e-14,3.378918446e-13,6.634191451e-14,8.721191828e-14,2.741773188e-13,5.266938544e-13,5.06876787e-13,3.736262168e-13,2.362535288e-13,1.540312388e-13,3.432176799e-13,1.818000641e-13,4.137707424e-14,5.049662781e-14,2.641337651e-14,7.612618659e-14,8.79153038e-14,1.646000705e-13,1.221724025e-13,3.511300184e-13,3.654095668e-14,2.998323975e-13,4.250823674e-14
32.609375,2.18061695e-13,3.935201402e-13,1.194001559e-13,2.113541391e-13,1.928326222e-13,1.275963862e-13,1.594382018e-13,9.391964932e-14,2.495599645e-14,7.305859702e-14,3.416978501e-13,6.628525896e-14,8.764887893e-14,2.741604576e-13,5.315244496e-13,5.087256577e-13,3.712214395e-13,2.340009788e-13,1.532291671e-13,3.4626887e-13,1.806398932e-13,4.159594555e-14,5.072179833e-14,2.710326414e-14,7.591664183e-14,8.866519385e-14,1.664251884e-13,1.222467299e-13,3.544850277e-13,3.665215845e-14,2.98017012e-13,4.358640534e-14
32.6171875,2.183261436e-13,3.968615736e-13,1.204229576e-13,2.10561823e-13,1.914704171e-13,1.27165231e-13,1.606598227e-13,9.488451196e-14,2.50957718e-14,7.458407396e-14,3.455327927e-13,6.629595864e-14,8.816897637e-14,2.74293634e-13,5.364736155e-13,5.106762585e-13,3.688027625e-13,2.319090557e-13,1.524077472e-13,3.496254924e-13,1.794686375e-13,4.18211291e-14,5.092833871e-14,2.781326008e-14,7.574266763e-14,8.946763282e-14,1.683835182e-13,1.224082377e-13,3.580101578e-13,3.680015787e-14,2.963833629e-13,4.473225702e-14
32.625,2.18802412e-13,4.002905589e-13,1.215945077e-13,2.098171621e-13,1.900232982e-13,1.267945144e-13,1.619029326e-13,9.583501892e-14,2.5220124e-14,7.615277643e-14,3.492576998e-13,6.636769605e-14,8.873361684e-14,2.745638992e-13,5.416632426e-13,5.128688961e-13,3.664962992e-13,2.30007922e-13,1.515530202e-13,3.533200049e-13,1.782393594e-13,4.203948747e-14,5.11414432e-14,2.845274561e-14,7.561531637e-14,9.036471619e-14,1.706126534e-13,1.226142631e-13,3.618680436e-13,3.693558784e-14,2.948515236e-13,4.59601338e-14
32.6328125,2.192610499e-13,4.038070229e-13,1.227897267e-13,2.091525977e-13,1.884401925e-13,1.263876112e-13,1.630993672e-13,9.678958809e-14,2.535934956e-14,7.775520828e-14,3.528753878e-13,6.644434668e-14,8.930471932e-14,2.747144026e-13,5.469357141e-13,5.153465829e-13,3.643120521e-13,2.282163794e-13,1.505813982e-13,3.571924995e-13,1.770074332e-13,4.224736964e-14,5.134627696e-14,2.911261958e-14,7.548693757e-14,9.1318902e-14,1.730225657e-13,1.228461088e-13,3.659106308e-13,3.705671831e-14,2.931669557e-13,4.725359046e-14
32.640625,2.197119804e-13,4.074840038e-13,1.24038496e-13,2.086551527e-13,1.868070759e-13,1.259207785e-13,1.642287872e-13,9.778546364e-14,2.552477226e-14,7.940934894e-14,3.565982406e-13,6.653680295e-14,8.99205969e-14,2.747720082e-13,5.520226195e-13,5.177641131e-13,3.621308972e-13,2.264849501e-13,1.495192429e-13,3.610315871e-13,1.758450734e-13,4.247187804e-14,5.151804129e-14,2.985042923e-14,7.534383662e-14,9.226680748e-14,1.754935159e-13,1.232053673e-13,3.699536138e-13,3.720584517e-14,2.915341363e-13,4.861015948e-14
32.6484375,2.204380276e-13,4.111933814e-13,1.253655741e-13,2.082612508e-13,1.851810285e-13,1.25472392e-13,1.653512891e-13,9.875505739e-14,2.567278341e-14,8.111677194e-14,3.604123582e-13,6.661590169e-14,9.058451214e-14,2.749472814e-13,5.569391282e-13,5.199099447e-13,3.597585276e-13,2.247918857e-13,1.483747062e-13,3.649423295e-13,1.746692744e-13,4.27117345e-14,5.167116579e-14,3.059567302e-14,7.51939992e-14,9.317005149e-14,1.780138034e-13,1.236255515e-13,3.739120744e-13,3.738552465e-14,2.901614162e-13,5.002229848e-14
32.65625,2.213506569e-13,4.147979195e-13,1.26719636e-13,2.078976963e-13,1.836508901e-13,1.250721407e-13,1.665272086e-13,9.967815073e-14,2.580458991e-14,8.291118076e-14,3.64177434e-13,6.667257926e-14,9.127869019e-14,2.752677083e-13,5.619882034e-13,5.22099654e-13,3.57181753e-13,2.23122428e-13,1.47141756e-13,3.691979964e-13,1.734175637e-13,4.295539773e-14,5.181247031e-14,3.134363337e-14,7.504079023e-14,9.405921741e-14,1.806552525e-13,1.239921988e-13,3.778724655e-13,3.755873672e-14,2.88876879e-13,5.147202617e-14
32.6640625,2.222318942e-13,4.185060047e-13,1.282262137e-13,2.075642431e-13,1.822207233e-13,1.247370011e-13,1.677065927e-13,1.00631727e-13,2.593996067e-14,8.481793405e-14,3.678704344e-13,6.679673063e-14,9.206434783e-14,2.757427219e-13,5.673555962e-13,5.246510094e-13,3.54673602e-13,2.21577292e-13,1.459329709e-13,3.736146599e-13,1.721445571e-13,4.322295653e-14,5.192926795e-14,3.209666844e-14,7.48844731e-14,9.498775308e-14,1.835724796e-13,1.244388443e-13,3.820110602e-13,3.772719503e-14,2.876840595e-13,5.296270288e-14
32.671875,2.231158339e-13,4.224140419e-13,1.299680655e-13,2.072264293e-13,1.807151905e-13,1.244702437e-13,1.688106944e-13,1.016144396e-13,2.605094522e-14,8.680269607e-14,3.714298454e-13,6.699903634e-14,9.294881038e-14,2.763515966e-13,5.728831411e-13,5.274844008e-13,3.523704967e-13,2.202911196e-13,1.447563785e-13,3.779302587e-13,1.708681989e-13,4.35000907e-14,5.203518589e-14,3.282484165e-14,7.472619175e-14,9.596679986e-14,1.867941694e-13,1.25013834e-13,3.862884596e-13,3.791854876e-14,2.867102827e-13,5.450865593e-14
32.6796875,2.240565936e-13,4.262905569e-13,1.31719986e-13,2.069677161e-13,1.790938122e-13,1.241557482e-13,1.698533494e-13,1.025576362e-13,2.612459765e-14,8.881808056e-14,3.747902446e-13,6.718723491e-14,9.382803048e-14,2.768650745e-13,5.782977996e-13,5.303039832e-13,3.500372514e-13,2.191623966e-13,1.434663772e-13,3.82379333e-13,1.695965966e-13,4.373542554e-14,5.212769787e-14,3.355269176e-14,7.457823446e-14,9.699838549e-14,1.90171936e-13,1.255178647e-13,3.905514544e-13,3.811503997e-14,2.857575657e-13,5.610390181e-14
32.6875,2.251354452e-13,4.301872381e-13,1.333564805e-13,2.069238381e-13,1.774911547e-13,1.237676069e-13,1.708517468e-13,1.034564571e-13,2.618400891e-14,9.084451721e-14,3.780176073e-13,6.734339593e-14,9.469368661e-14,2.772360042e-13,5.835985567e-13,5.330213812e-13,3.47561909e-13,2.180161154e-13,1.420823821e-13,3.871299458e-13,1.683754041e-13,4.393911638e-14,5.217940783e-14,3.427427829e-14,7.44341716e-14,9.806902927e-14,1.936762941e-13,1.259556077e-13,3.948257206e-13,3.828846996e-14,2.846651644e-13,5.772599092e-14
32.6953125,2.264288764e-13,4.343201477e-13,1.350839533e-13,2.06999084e-13,1.759204995e-13,1.23518263e-13,1.717771839e-13,1.043602758e-13,2.624098637e-14,9.292038494e-14,3.811630808e-13,6.750660481e-14,9.564135772e-14,2.777381834e-13,5.890655274e-13,5.359573635e-13,3.45199172e-13,2.169883226e-13,1.407401102e-13,3.91996732e-13,1.671675588e-13,4.416333561e-14,5.222613253e-14,3.498311195e-14,7.42764071e-14,9.912021497e-14,1.9737806e-13,1.265173252e-13,3.991478477e-13,3.846051678e-14,2.836302249e-13,5.937020174e-14
32.703125,2.27781918e-13,4.383687756e-13,1.370315626e-13,2.070348479e-13,1.743480568e-13,1.234942359e-13,1.726478831e-13,1.053050486e-13,2.630122706e-14,9.513970164e-14,3.841361149e-13,6.767518455e-14,9.66565934e-14,2.784430487e-13,5.948383768e-13,5.393335643e-13,3.430609442e-13,2.16270045e-13,1.393924241e-13,3.969430332e-13,1.659148895e-13,4.440168965e-14,5.231014614e-14,3.573145078e-14,7.414450692e-14,1.001628106e-13,2.01249064e-13,1.271592078e-13,4.035015876e-13,3.865629024e-14,2.827911904e-13,6.106811383e-14
32.7109375,2.291095208e-13,4.42010965e-13,1.390486202e-13,2.070103122e-13,1.728137611e-13,1.235010006e-13,1.735082643e-13,1.062696254e-13,2.637093624e-14,9.752311757e-14,3.868231561e-13,6.7843652e-14,9.764504298e-14,2.79174903e-13,6.007280746e-13,5.429098375e-13,3.409434564e-13,2.157151464e-13,1.378849046e-13,4.020853129e-13,1.646541649e-13,4.461389235e-14,5.237989524e-14,3.648502405e-14,7.406878086e-14,1.013037641e-13,2.052972064e-13,1.277510386e-13,4.080214058e-13,3.886365298e-14,2.819739884e-13,6.284200649e-14
32.71875,2.305260736e-13,4.456620275e-13,1.410071587e-13,2.069823576e-13,1.712694567e-13,1.234368817e-13,1.743663849e-13,1.072000941e-13,2.643714578e-14,9.996026405e-14,3.893250094e-13,6.802919971e-14,9.86090573e-14,2.798768303e-13,6.065586116e-13,5.464983616e-13,3.387626033e-13,2.151453381e-13,1.362018062e-13,4.074261238e-13,1.634159112e-13,4.480638626e-14,5.2409966e-14,3.719408678e-14,7.39870193e-14,1.025580953e-13,2.095811696e-13,1.283576349e-13,4.127363623e-13,3.907123073e-14,2.810243259e-13,6.465949553e-14
32.7265625,2.320076889e-13,4.496076453e-13,1.42998744e-13,2.071075199e-13,1.696479949e-13,1.234085307e-13,1.752103398e-13,1.081056755e-13,2.647936723e-14,1.023698198e-13,3.918448313e-13,6.823100971e-14,9.959809688e-14,2.805587714e-13,6.123613285e-13,5.501463427e-13,3.366088123e-13,2.146333697e-13,1.344556248e-13,4.129041896e-13,1.622007322e-13,4.500570958e-14,5.24704556e-14,3.79093055e-14,7.387066452e-14,1.038275633e-13,2.139882812e-13,1.290543807e-13,4.173753382e-13,3.928194563e-14,2.800336328e-13,6.648396053e-14
32.734375,2.335540405e-13,4.534115039e-13,1.451372096e-13,2.074130718e-13,1.68053455e-13,1.234737691e-13,1.759992093e-13,1.090362421e-13,2.649618125e-14,1.047890661e-13,3.942832203e-13,6.843235195e-14,1.006021353e-13,2.812307054e-13,6.180913792e-13,5.537325891e-13,3.344686018e-13,2.142654707e-13,1.327144939e-13,4.184090241e-13,1.610457896e-13,4.52065514e-14,5.257411436e-14,3.861839214e-14,7.377843526e-14,1.050776374e-13,2.183949342e-13,1.297962693e-13,4.218668655e-13,3.94920808e-14,2.791173437e-13,6.832955413e-14
32.7421875,2.353080681e-13,4.569589747e-13,1.473947517e-13,2.076286212e-13,1.666172298e-13,1.235917923e-13,1.766906866e-13,1.099596114e-13,2.650322049e-14,1.072654022e-13,3.96432402e-13,6.864230274e-14,1.016166289e-13,2.819843184e-13,6.235692845e-13,5.57143135e-13,3.322973939e-13,2.14010046e-13,1.30943541e-13,4.239007449e-13,1.599448658e-13,4.539490311e-14,5.26564814e-14,3.928556784e-14,7.370918301e-14,1.063435021e-13,2.229524556e-13,1.305464669e-13,4.264897088e-13,3.970263442e-14,2.782640358e-13,7.022008042e-14
32.75,2.37228473e-13,4.607309494e-13,1.497299732e-13,2.077017352e-13,1.653299334e-13,1.237344799e-13,1.772960587e-13,1.108204628e-13,2.652023731e-14,1.098012883e-13,3.984109937e-13,6.888188975e-14,1.026620037e-13,2.828169031e-13,6.288010293e-13,5.605614938e-13,3.301347464e-13,2.137959721e-13,1.29093644e-13,4.29600141e-13,1.588315611e-13,4.557088743e-14,5.270896809e-14,3.997038369e-14,7.360561083e-14,1.076293796e-13,2.278275478e-13,1.313338094e-13,4.313289616e-13,3.993135187e-14,2.774520782e-13,7.216022687e-14
32.7578125,2.392628588e-13,4.647964981e-13,1.521497069e-13,2.079450994e-13,1.641252402e-13,1.238955078e-13,1.778353431e-13,1.116825892e-13,2.65693569e-14,1.124021781e-13,4.003804557e-13,6.914370984e-14,1.037112783e-13,2.836115953e-13,6.339603167e-13,5.641204581e-13,3.279774311e-13,2.135809073e-13,1.271797299e-13,4.356851148e-13,1.576945673e-13,4.574420792e-14,5.27606214e-14,4.068094145e-14,7.34754173e-14,1.089237318e-13,2.329052804e-13,1.322321857e-13,4.362099424e-13,4.019335269e-14,2.766797008e-13,7.416049351e-14
32.765625,2.415056465e-13,4.687938513e-13,1.54619689e-13,2.083865615e-13,1.629686691e-13,1.240933036e-13,1.78318445e-13,1.126242896e-13,2.665146065e-14,1.150658763e-13,4.02254202e-13,6.942132869e-14,1.047446201e-13,2.844185115e-13,6.391167894e-13,5.677182075e-13,3.258104543e-13,2.134470808e-13,1.252613706e-13,4.41930007e-13,1.565753106e-13,4.59282832e-14,5.281186617e-14,4.138880553e-14,7.335076788e-14,1.102254499e-13,2.380396736e-13,1.332560091e-13,4.410779057e-13,4.048327966e-14,2.759439152e-13,7.621418068e-14
32.7734375,2.438633868e-13,4.72531585e-13,1.571025947e-13,2.087158404e-13,1.618109031e-13,1.243677716e-13,1.787596689e-13,1.135802641e-13,2.672441517e-14,1.177484935e-13,4.039104908e-13,6.972111199e-14,1.057854157e-13,2.85363766e-13,6.44230829e-13,5.712560588e-13,3.237130218e-13,2.13472388e-13,1.233520201e-13,4.480379172e-13,1.554726384e-13,4.611171992e-14,5.286339954e-14,4.211274308e-14,7.322714706e-14,1.115296293e-13,2.432468893e-13,1.342551869e-13,4.459572087e-13,4.077584938e-14,2.752627824e-13,7.828854828e-14
32.78125,2.462431273e-13,4.759334801e-13,1.596197341e-13,2.088874323e-13,1.605763511e-13,1.247039217e-13,1.791287629e-13,1.144709689e-13,2.675941854e-14,1.204223929e-13,4.0533799e-13,7.001879641e-14,1.068109948e-13,2.863629157e-13,6.492280342e-13,5.74719991e-13,3.21717511e-13,2.135530669e-13,1.213954651e-13,4.541035425e-13,1.5434252e-13,4.626788029e-14,5.290455875e-14,4.280257929e-14,7.310604167e-14,1.128431692e-13,2.48579411e-13,1.351437833e-13,4.508678523e-13,4.104887192e-14,2.746137246e-13,8.038581523e-14
32.7890625,2.487879238e-13,4.791745714e-13,1.622113468e-13,2.091557078e-13,1.593216474e-13,1.250384632e-13,1.793988836e-13,1.153461689e-13,2.679056506e-14,1.23129092e-13,4.066534183e-13,7.03155129e-14,1.0779873e-13,2.873069498e-13,6.540730874e-13,5.781708275e-13,3.197412147e-13,2.136451224e-13,1.193858689e-13,4.603985726e-13,1.532090788e-13,4.640719253e-14,5.290490148e-14,4.34153325e-14,7.299694294e-14,1.141824652e-13,2.541555376e-13,1.360914384e-13,4.559348016e-13,4.130920475e-14,2.739507848e-13,8.25283685e-14
32.796875,2.515228339e-13,4.826948604e-13,1.648857971e-13,2.095925489e-13,1.582624063e-13,1.25378044e-13,1.795991096e-13,1.162498142e-13,2.685992269e-14,1.25904497e-13,4.078694192e-13,7.067397842e-14,1.087948003e-13,2.883175035e-13,6.588414097e-13,5.816955647e-13,3.177545297e-13,2.13882626e-13,1.173862765e-13,4.669902782e-13,1.521626599e-13,4.655416952e-14,5.288334513e-14,4.402266329e-14,7.288578085e-14,1.155428774e-13,2.600582558e-13,1.371961469e-13,4.611415637e-13,4.157473367e-14,2.732889031e-13,8.470142609e-14
32.8046875,2.544115932e-13,4.864022445e-13,1.675672249e-13,2.099809221e-13,1.574262595e-13,1.257937831e-13,1.797076364e-13,1.17130369e-13,2.696328613e-14,1.287288816e-13,4.086739646e-13,7.108419833e-14,1.098013932e-13,2.894907257e-13,6.635304005e-13,5.852371105e-13,3.158049734e-13,2.142608943e-13,1.153848355e-13,4.738030338e-13,1.511541086e-13,4.670693373e-14,5.288910215e-14,4.466253317e-14,7.275738647e-14,1.168967832e-13,2.661273427e-13,1.38308794e-13,4.662511207e-13,4.184701587e-14,2.72660816e-13,8.689645365e-14
32.8125,2.575306838e-13,4.897694734e-13,1.701937963e-13,2.102263675e-13,1.565754167e-13,1.262935701e-13,1.796834749e-13,1.17967643e-13,2.706063976e-14,1.315935967e-13,4.089992721e-13,7.146031532e-14,1.107849259e-13,2.906733356e-13,6.680405513e-13,5.886801142e-13,3.138987637e-13,2.146536377e-13,1.133367295e-13,4.806741358e-13,1.50017599e-13,4.686183551e-14,5.291857544e-14,4.532421344e-14,7.262508492e-14,1.182177022e-13,2.72308792e-13,1.393545618e-13,4.712907028e-13,4.212785969e-14,2.721044493e-13,8.912322588e-14
32.8203125,2.607900876e-13,4.928249248e-13,1.728638531e-13,2.105074439e-13,1.556930847e-13,1.26841077e-13,1.795858866e-13,1.188020827e-13,2.711775733e-14,1.344843131e-13,4.092588638e-13,7.18151045e-14,1.117977674e-13,2.917753447e-13,6.724491735e-13,5.920680432e-13,3.120573562e-13,2.151464913e-13,1.113112879e-13,4.87369764e-13,1.487859323e-13,4.701404032e-14,5.294416042e-14,4.600702382e-14,7.25223202e-14,1.195156924e-13,2.78804061e-13,1.404055266e-13,4.765003516e-13,4.242190574e-14,2.716556384e-13,9.135278303e-14
32.828125,2.640954682e-13,4.959299401e-13,1.756449081e-13,2.108613826e-13,1.550260524e-13,1.274418677e-13,1.794456316e-13,1.196407951e-13,2.715667245e-14,1.373350602e-13,4.095338823e-13,7.22187501e-14,1.128701514e-13,2.92914548e-13,6.768280211e-13,5.954671081e-13,3.103514132e-13,2.159105724e-13,1.093813321e-13,4.939706406e-13,1.476399603e-13,4.715301179e-14,5.296393612e-14,4.666018546e-14,7.246100669e-14,1.208513039e-13,2.855660258e-13,1.414934926e-13,4.818155651e-13,4.271460187e-14,2.712620543e-13,9.357374228e-14
32.8359375,2.675254359e-13,4.990584445e-13,1.784053786e-13,2.111242415e-13,1.545198992e-13,1.280493201e-13,1.791959929e-13,1.204746313e-13,2.722073444e-14,1.401466158e-13,4.095505876e-13,7.263383989e-14,1.138994975e-13,2.940252543e-13,6.810240431e-13,5.98824491e-13,3.087009674e-13,2.1683627e-13,1.074741715e-13,5.00871502e-13,1.465830626e-13,4.728278305e-14,5.297375257e-14,4.725380022e-14,7.240708538e-14,1.222708729e-13,2.923821872e-13,1.426402926e-13,4.870683227e-13,4.299367295e-14,2.708439739e-13,9.584596372e-14
32.84375,2.710560318e-13,5.02031922e-13,1.810613017e-13,2.113122291e-13,1.539040313e-13,1.285663759e-13,1.788325398e-13,1.213189283e-13,2.729789399e-14,1.43005177e-13,4.093522234e-13,7.299152787e-14,1.148178307e-13,2.949195996e-13,6.84962526e-13,6.02077428e-13,3.069044103e-13,2.176631846e-13,1.054876238e-13,5.080871411e-13,1.455178914e-13,4.739837643e-14,5.296064615e-14,4.783065779e-14,7.233171077e-14,1.237342927e-13,2.99311731e-13,1.438432423e-13,4.923365546e-13,4.32648852e-14,2.704077329e-13,9.819544149e-14
32.8515625,2.748170565e-13,5.048371855e-13,1.837164784e-13,2.115062873e-13,1.532921591e-13,1.290779379e-13,1.784166903e-13,1.221510754e-13,2.737278847e-14,1.45910234e-13,4.090420146e-13,7.334228849e-14,1.157249082e-13,2.958528799e-13,6.886768628e-13,6.051838642e-13,3.050236114e-13,2.184484009e-13,1.034436622e-13,5.152064569e-13,1.444725663e-13,4.750098238e-14,5.293577219e-14,4.840845033e-14,7.225606606e-14,1.251779992e-13,3.064569473e-13,1.450494542e-13,4.977086399e-13,4.352556514e-14,2.700294623e-13,1.005682849e-13
32.859375,2.790645839e-13,5.076311784e-13,1.864855672e-13,2.116753162e-13,1.529597342e-13,1.297616037e-13,1.779657788e-13,1.229151996e-13,2.747165206e-14,1.487958215e-13,4.085550833e-13,7.37804261e-14,1.167303581e-13,2.972023016e-13,6.921957208e-13,6.08212713e-13,3.033542108e-13,2.195015754e-13,1.014331864e-13,5.221688451e-13,1.435090887e-13,4.762895122e-14,5.293217829e-14,4.898046975e-14,7.220533922e-14,1.266273189e-13,3.138246664e-13,1.463301514e-13,5.031968437e-13,4.377799849e-14,2.697837525e-13,1.029307924e-13
32.8671875,2.83508647e-13,5.105799389e-13,1.893877086e-13,2.119304527e-13,1.527726761e-13,1.305691497e-13,1.774668276e-13,1.236419866e-13,2.758168584e-14,1.516740956e-13,4.079718316e-13,7.428672629e-14,1.177734395e-13,2.987081955e-13,6.957432137e-13,6.114278043e-13,3.019523861e-13,2.208090862e-13,9.947801409e-14,5.293476658e-13,1.42588779e-13,4.777051604e-14,5.295901569e-14,4.953998478e-14,7.217730303e-14,1.281393857e-13,3.214695661e-13,1.477786731e-13,5.088189794e-13,4.404949686e-14,2.696233021e-13,1.053097053e-13
32.875,2.878876016e-13,5.134401517e-13,1.923529206e-13,2.123591117e-13,1.525138366e-13,1.313832224e-13,1.769163709e-13,1.244194048e-13,2.766580851e-14,1.545785145e-13,4.073054858e-13,7.476823694e-14,1.187416171e-13,2.999743824e-13,6.99425233e-13,6.148797875e-13,3.00633703e-13,2.220861011e-13,9.75328856e-14,5.367887015e-13,1.416417551e-13,4.786171615e-14,5.298135226e-14,5.00784995e-14,7.21772535e-14,1.296898768e-13,3.293410258e-13,1.492895659e-13,5.144792332e-13,4.434917438e-14,2.694100542e-13,1.077323668e-13
32.8828125,2.926027605e-13,5.159305402e-13,1.952794522e-13,2.127375208e-13,1.523541146e-13,1.322592366e-13,1.76343404e-13,1.252224102e-13,2.774949016e-14,1.574888853e-13,4.06384833e-13,7.520823028e-14,1.196608045e-13,3.012206437e-13,7.029414012e-13,6.182402236e-13,2.993184305e-13,2.233543286e-13,9.558552526e-14,5.440897506e-13,1.406830502e-13,4.791916187e-14,5.298490503e-14,5.060781473e-14,7.221660386e-14,1.312466985e-13,3.373621113e-13,1.507839113e-13,5.201415139e-13,4.46479347e-14,2.691124291e-13,1.101895839e-13
32.890625,2.977019486e-13,5.184083146e-13,1.98143744e-13,2.129462766e-13,1.52453374e-13,1.332106366e-13,1.757659931e-13,1.259722248e-13,2.786689879e-14,1.603925625e-13,4.052157141e-13,7.56522896e-14,1.205975631e-13,3.02680873e-13,7.062146517e-13,6.214184069e-13,2.979822559e-13,2.247810289e-13,9.366711452e-14,5.511839805e-13,1.397706384e-13,4.799647887e-14,5.301244596e-14,5.109663342e-14,7.228506057e-14,1.328455765e-13,3.456016084e-13,1.523427748e-13,5.259925217e-13,4.491836136e-14,2.687928285e-13,1.126662471e-13
32.8984375,3.027629957e-13,5.209852979e-13,2.010364567e-13,2.131700365e-13,1.526509369e-13,1.341538631e-13,1.750947958e-13,1.267094802e-13,2.800360019e-14,1.633037888e-13,4.039042819e-13,7.611648809e-14,1.21539874e-13,3.041216e-13,7.094659572e-13,6.246389029e-13,2.965464455e-13,2.262690174e-13,9.180676856e-14,5.584313768e-13,1.388767892e-13,4.808318032e-14,5.307330379e-14,5.152080077e-14,7.236602376e-14,1.344863878e-13,3.540535247e-13,1.539678491e-13,5.320137543e-13,4.516791608e-14,2.685467112e-13,1.151687543e-13
32.90625,3.078917754e-13,5.230764051e-13,2.04050691e-13,2.134964318e-13,1.528427106e-13,1.351107334e-13,1.742414435e-13,1.274658617e-13,2.813751876e-14,1.662092147e-13,4.024929495e-13,7.660738812e-14,1.224682322e-13,3.054503822e-13,7.125753148e-13,6.278234462e-13,2.95041481e-13,2.27757024e-13,9.000393364e-14,5.657983757e-13,1.379594378e-13,4.817015938e-14,5.312300761e-14,5.196452373e-14,7.244277264e-14,1.361126728e-13,3.626685153e-13,1.556000276e-13,5.378457684e-13,4.543600623e-14,2.684509374e-13,1.176803778e-13
32.9140625,3.132637139e-13,5.249052693e-13,2.070754047e-13,2.13837526e-13,1.530659811e-13,1.361037362e-13,1.732751564e-13,1.281562771e-13,2.825163934e-14,1.690702333e-13,4.010088307e-13,7.711559493e-14,1.233413965e-13,3.068065994e-13,7.153917915e-13,6.308058637e-13,2.936018533e-13,2.293320397e-13,8.820022237e-14,5.729848951e-13,1.370612364e-13,4.825455295e-14,5.316165884e-14,5.243232431e-14,7.249732141e-14,1.377303379e-13,3.714623179e-13,1.572670429e-13,5.433670793e-13,4.573635071e-14,2.683256264e-13,1.20156452e-13
32.921875,3.187310974e-13,5.273338749e-13,2.098954676e-13,2.141009598e-13,1.532837582e-13,1.370968783e-13,1.722861021e-13,1.28803325e-13,2.835478706e-14,1.719173009e-13,3.993460975e-13,7.759501543e-14,1.241047917e-13,3.081247765e-13,7.181447976e-13,6.3384161e-13,2.923083197e-13,2.309208656e-13,8.635563793e-14,5.802000441e-13,1.361816522e-13,4.82984595e-14,5.320719414e-14,5.28246934e-14,7.255016682e-14,1.393969225e-13,3.803539437e-13,1.590039259e-13,5.4891011e-13,4.602361303e-14,2.679546923e-13,1.226193063e-13
32.9296875,3.24481268e-13,5.299488478e-13,2.126385658e-13,2.142356865e-13,1.53557246e-13,1.381517004e-13,1.712548333e-13,1.29536874e-13,2.850359288e-14,1.748519051e-13,3.974452212e-13,7.806437848e-14,1.248284161e-13,3.09375017e-13,7.20907488e-13,6.371099795e-13,2.911473028e-13,2.324801166e-13,8.454068932e-14,5.877018596e-13,1.352929912e-13,4.831677762e-14,5.323320109e-14,5.318633819e-14,7.264701786e-14,1.411243826e-13,3.893797338e-13,1.608454215e-13,5.5471819e-13,4.627459936e-14,2.675563953e-13,1.251443471e-13
32.9375,3.30614905e-13,5.317707259e-13,2.155741461e-13,2.142895611e-13,1.540129516e-13,1.393023891e-13,1.701585381e-13,1.303094247e-13,2.871274265e-14,1.778622812e-13,3.954419003e-13,7.857945148e-14,1.255863562e-13,3.10675647e-13,7.234452472e-13,6.403328499e-13,2.900127763e-13,2.341436222e-13,8.280720023e-14,5.952079954e-13,1.344639594e-13,4.836286109e-14,5.325149567e-14,5.359105804e-14,7.277969019e-14,1.42862701e-13,3.987142095e-13,1.628140194e-13,5.605794654e-13,4.652392496e-14,2.673348586e-13,1.277272075e-13
32.9453125,3.367723532e-13,5.330217821e-13,2.184861448e-13,2.142958364e-13,1.545397277e-13,1.404657525e-13,1.690192015e-13,1.309903039e-13,2.891853418e-14,1.808078295e-13,3.932639536e-13,7.908511598e-14,1.26293643e-13,3.119343251e-13,7.256499462e-13,6.43315973e-13,2.888214137e-13,2.358893044e-13,8.108938402e-14,6.025260249e-13,1.336950646e-13,4.841157803e-14,5.331010375e-14,5.39790534e-14,7.29024968e-14,1.44545484e-13,4.082221776e-13,1.648072238e-13,5.662443159e-13,4.677839289e-14,2.670147277e-13,1.302930361e-13
32.953125,3.429726749e-13,5.343359063e-13,2.211116883e-13,2.142209563e-13,1.550728902e-13,1.416359105e-13,1.678458559e-13,1.316189112e-13,2.909712573e-14,1.836534237e-13,3.907719377e-13,7.953292487e-14,1.269135876e-13,3.130555906e-13,7.275993102e-13,6.461709791e-13,2.875888691e-13,2.375940905e-13,7.936293494e-14,6.098060427e-13,1.328965498e-13,4.842399633e-14,5.3390758e-14,5.433526917e-14,7.30138833e-14,1.461779919e-13,4.177837071e-13,1.667558697e-13,5.718802432e-13,4.701576293e-14,2.664378134e-13,1.328147581e-13
32.9609375,3.494489811e-13,5.357070551e-13,2.237499397e-13,2.141993672e-13,1.557788026e-13,1.428555713e-13,1.666405426e-13,1.322679109e-13,2.92920519e-14,1.864822799e-13,3.881946896e-13,8.001017243e-14,1.275378296e-13,3.141845486e-13,7.294509975e-13,6.489577505e-13,2.862725602e-13,2.392604681e-13,7.769585504e-14,6.170743514e-13,1.321000823e-13,4.842981365e-14,5.346706435e-14,5.468445615e-14,7.313982544e-14,1.478522629e-13,4.276585527e-13,1.687594459e-13,5.777623024e-13,4.724319591e-14,2.658471908e-13,1.353365317e-13
32.96875,3.560639672e-13,5.369169494e-13,2.265672892e-13,2.143075016e-13,1.566287381e-13,1.440944121e-13,1.654104972e-13,1.328909378e-13,2.951546818e-14,1.893220084e-13,3.856365621e-13,8.054600688e-14,1.281589541e-13,3.153565555e-13,7.312360089e-13,6.516143893e-13,2.848444485e-13,2.408598121e-13,7.608657467e-14,6.243215507e-13,1.313282859e-13,4.844401737e-14,5.356608573e-14,5.498702512e-14,7.327587745e-14,1.496097774e-13,4.37874809e-13,1.708386939e-13,5.838606849e-13,4.745944582e-14,2.652980398e-13,1.379108835e-13
32.9765625,3.628100313e-13,5.378070296e-13,2.29237341e-13,2.142367596e-13,1.574792079e-13,1.453129272e-13,1.641435706e-13,1.33452255e-13,2.973739925e-14,1.921516219e-13,3.828661793e-13,8.104686106e-14,1.286981005e-13,3.164614247e-13,7.326501084e-13,6.540794827e-13,2.834749445e-13,2.423668446e-13,7.447187275e-14,6.315935559e-13,1.305093513e-13,4.843225587e-14,5.369025633e-14,5.524654629e-14,7.340496594e-14,1.513881288e-13,4.481818422e-13,1.728956483e-13,5.899910474e-13,4.76506759e-14,2.645526877e-13,1.405258104e-13
32.984375,3.697599268e-13,5.384472065e-13,2.317486056e-13,2.138921187e-13,1.584038122e-13,1.46484001e-13,1.62811628e-13,1.340101571e-13,2.994712528e-14,1.949667072e-13,3.799500268e-13,8.149791229e-14,1.291801307e-13,3.17498272e-13,7.335842594e-13,6.563826055e-13,2.822558521e-13,2.438942249e-13,7.288204971e-14,6.388205936e-13,1.297148637e-13,4.838418415e-14,5.382398196e-14,5.549415695e-14,7.353556094e-14,1.531418158e-13,4.586273559e-13,1.749887661e-13,5.960176986e-13,4.78457036e-14,2.636066692e-13,1.431179703e-13
32.9921875,3.767553531e-13,5.391713603e-13,2.344026137e-13,2.137071507e-13,1.593949341e-13,1.476460983e-13,1.614098134e-13,1.346509124e-13,3.016496429e-14,1.97799347e-13,3.771023282e-13,8.195351487e-14,1.296444785e-13,3.184630851e-13,7.345313935e-13,6.587943726e-13,2.81093357e-13,2.45504343e-13,7.14040873e-14,6.460977384e-13,1.290357066e-13,4.833161821e-14,5.39808072e-14,5.57388557e-14,7.369260039e-14,1.548989588e-13,4.693096703e-13,1.772612025e-13,6.019499186e-13,4.807018374e-14,2.627410355e-13,1.456891775e-13
33,3.839058217e-13,5.398780273e-13,2.370760339e-13,2.138065233e-13,1.603236619e-13,1.488843077e-13,1.599800015e-13,1.353841028e-13,3.040575853e-14,2.006931015e-13,3.741573567e-13,8.239935516e-14,1.300512327e-13,3.192892369e-13,7.357673006e-13,6.615477851e-13,2.80018972e-13,2.471731433e-13,7.002045654e-14,6.536285732e-13,1.283428581e-13,4.828901657e-14,5.415379374e-14,5.601681405e-14,7.38868891e-14,1.567021644e-13,4.801225408e-13,1.796650128e-13,6.079898332e-13,4.829898777e-14,2.619945039e-13,1.482960414e-13
33.0078125,3.913498487e-13,5.402518914e-13,2.395024822e-13,2.138155822e-13,1.612736959e-13,1.501337591e-13,1.585585519e-13,1.3608795e-13,3.064881389e-14,2.035520007e-13,3.709805942e-13,8.282895764e-14,1.303855477e-13,3.200004808e-13,7.368515414e-13,6.643704025e-13,2.790599297e-13,2.488819609e-13,6.864261438e-14,6.612445268e-13,1.275176461e-13,4.823007264e-14,5.433283347e-14,5.627847993e-14,7.410138318e-14,1.585687466e-13,4.91064217e-13,1.820441094e-13,6.142043893e-13,4.850847516e-14,2.61125708e-13,1.509187666e-13
33.015625,3.988384369e-13,5.406366486e-13,2.418517008e-13,2.136293452e-13,1.623293471e-13,1.513125759e-13,1.571120423e-13,1.36655773e-13,3.087346156e-14,2.062147386e-13,3.677712832e-13,8.331196573e-14,1.307026391e-13,3.206879664e-13,7.374756708e-13,6.668931375e-13,2.780771559e-13,2.50557064e-13,6.728838405e-14,6.687039649e-13,1.266084054e-13,4.815485837e-14,5.454457269e-14,5.642441536e-14,7.431263683e-14,1.604952305e-13,5.021752863e-13,1.843705355e-13,6.204425777e-13,4.869806077e-14,2.602076661e-13,1.535097988e-13
33.0234375,4.063181187e-13,5.412781421e-13,2.443850162e-13,2.133763651e-13,1.634014215e-13,1.524776427e-13,1.55585482e-13,1.371514852e-13,3.109855393e-14,2.087659986e-13,3.646142992e-13,8.387067317e-14,1.310334831e-13,3.21382154e-13,7.378928982e-13,6.692511287e-13,2.77088018e-13,2.521666598e-13,6.605420006e-14,6.760664349e-13,1.257017742e-13,4.810284552e-14,5.478339828e-14,5.654333562e-14,7.45265551e-14,1.624526606e-13,5.134386326e-13,1.867226373e-13,6.267631925e-13,4.887031396e-14,2.595282013e-13,1.560925227e-13
33.03125,4.138662179e-13,5.416339048e-13,2.470079975e-13,2.129845132e-13,1.644785979e-13,1.535781263e-13,1.53995807e-13,1.376754887e-13,3.133403754e-14,2.113986645e-13,3.613824046e-13,8.442617517e-14,1.313404311e-13,3.220241899e-13,7.382681322e-13,6.71647682e-13,2.761646785e-13,2.53757011e-13,6.492571338e-14,6.833271468e-13,1.248672778e-13,4.80571376e-14,5.502948709e-14,5.675405279e-14,7.476821629e-14,1.643773571e-13,5.249380669e-13,1.89130348e-13,6.332269201e-13,4.903631911e-14,2.589438021e-13,1.586736371e-13
33.0390625,4.214303302e-13,5.414540759e-13,2.494820896e-13,2.125093438e-13,1.656301738e-13,1.545811122e-13,1.524135574e-13,1.382204781e-13,3.156810007e-14,2.140673899e-13,3.580693481e-13,8.492176519e-14,1.315822479e-13,3.226057205e-13,7.385032938e-13,6.739862207e-13,2.751714827e-13,2.552902452e-13,6.381216262e-14,6.904205685e-13,1.240841905e-13,4.797115211e-14,5.532493246e-14,5.696623391e-14,7.503480432e-14,1.662505472e-13,5.366685165e-13,1.915829432e-13,6.395165698e-13,4.920412499e-14,2.581626716e-13,1.612275263e-13
33.046875,4.293007342e-13,5.411639844e-13,2.518111465e-13,2.121717717e-13,1.668897573e-13,1.556833905e-13,1.508632773e-13,1.387630913e-13,3.182021012e-14,2.16659529e-13,3.547767516e-13,8.540114687e-14,1.317871427e-13,3.232473749e-13,7.386693956e-13,6.763234272e-13,2.741492305e-13,2.567586537e-13,6.272468016e-14,6.975373201e-13,1.232563233e-13,4.787619523e-14,5.568409071e-14,5.710445916e-14,7.530628436e-14,1.681664528e-13,5.485001991e-13,1.940980997e-13,6.455645207e-13,4.936725673e-14,2.572923845e-13,1.637913569e-13
33.0546875,4.374957147e-13,5.409644916e-13,2.542006693e-13,2.118372821e-13,1.682442064e-13,1.56859945e-13,1.493042089e-13,1.393100481e-13,3.209748313e-14,2.192161941e-13,3.515089764e-13,8.592851188e-14,1.320429467e-13,3.239966817e-13,7.388718667e-13,6.787789925e-13,2.733123016e-13,2.582371709e-13,6.173011733e-14,7.047447762e-13,1.22381922e-13,4.780074802e-14,5.603887914e-14,5.725192046e-14,7.559112681e-14,1.70174337e-13,5.605002823e-13,1.966312091e-13,6.517901485e-13,4.952313978e-14,2.565147536e-13,1.663783672e-13
33.0625,4.453443756e-13,5.406519104e-13,2.566663248e-13,2.112694213e-13,1.696077833e-13,1.578607539e-13,1.477089038e-13,1.398382506e-13,3.235860861e-14,2.217690722e-13,3.482204657e-13,8.649288264e-14,1.323755508e-13,3.247679704e-13,7.389226679e-13,6.810986294e-13,2.725636998e-13,2.596549967e-13,6.081891949e-14,7.117357521e-13,1.21476263e-13,4.769640423e-14,5.635938517e-14,5.742947011e-14,7.589939739e-14,1.721566293e-13,5.727572321e-13,1.990799517e-13,6.582444508e-13,4.967397737e-14,2.557927131e-13,1.689062007e-13
33.0703125,4.528828618e-13,5.400399737e-13,2.589981245e-13,2.106346787e-13,1.70959263e-13,1.587546807e-13,1.460929113e-13,1.403410523e-13,3.259841268e-14,2.242900286e-13,3.449532429e-13,8.702785811e-14,1.326796999e-13,3.254612091e-13,7.386670141e-13,6.83152552e-13,2.71780511e-13,2.609248541e-13,5.996006539e-14,7.183910288e-13,1.204789755e-13,4.755488195e-14,5.668685135e-14,5.75498988e-14,7.621433118e-14,1.740337981e-13,5.851014942e-13,2.015202952e-13,6.64540308e-13,4.981913842e-14,2.550445434e-13,1.713485382e-13
33.078125,4.607961332e-13,5.391831007e-13,2.611556214e-13,2.101338999e-13,1.72338694e-13,1.596862041e-13,1.444706677e-13,1.408547739e-13,3.284441859e-14,2.267975918e-13,3.417334685e-13,8.749628282e-14,1.328768875e-13,3.25936373e-13,7.382994005e-13,6.852381341e-13,2.710886312e-13,2.621221519e-13,5.914920674e-14,7.24998723e-13,1.194334047e-13,4.741682861e-14,5.704859492e-14,5.760110082e-14,7.653474235e-14,1.759002974e-13,5.97389147e-13,2.041289349e-13,6.706060315e-13,4.995521707e-14,2.54177478e-13,1.737760385e-13
33.0859375,4.689590436e-13,5.38270594e-13,2.632657895e-13,2.096597231e-13,1.736698639e-13,1.605485917e-13,1.428420926e-13,1.413629486e-13,3.30861105e-14,2.293042848e-13,3.384019675e-13,8.792553232e-14,1.330248975e-13,3.262192207e-13,7.3801884e-13,6.874111963e-13,2.704043391e-13,2.632717033e-13,5.834465283e-14,7.316410595e-13,1.184282948e-13,4.726479784e-14,5.743671958e-14,5.764432448e-14,7.687050998e-14,1.77838681e-13,6.096719974e-13,2.068148111e-13,6.766594247e-13,5.006901694e-14,2.531114119e-13,1.762166064e-13
33.09375,4.769829466e-13,5.37240797e-13,2.653248426e-13,2.090773916e-13,1.749534416e-13,1.613179475e-13,1.41204747e-13,1.41812538e-13,3.332153404e-14,2.317862125e-13,3.348219584e-13,8.836362037e-14,1.331659395e-13,3.26584763e-13,7.376961173e-13,6.894149963e-13,2.695430325e-13,2.643452782e-13,5.752289042e-14,7.380039522e-13,1.174090828e-13,4.707399657e-14,5.782660845e-14,5.768695886e-14,7.720969138e-14,1.798008311e-13,6.219877127e-13,2.093637422e-13,6.827952621e-13,5.015500876e-14,2.519011219e-13,1.786356136e-13
33.1015625,4.849939891e-13,5.360051604e-13,2.672997265e-13,2.084103264e-13,1.763121001e-13,1.620601908e-13,1.395598057e-13,1.422219051e-13,3.357310497e-14,2.34241015e-13,3.311737233e-13,8.8824804e-14,1.332717788e-13,3.269854828e-13,7.371408334e-13,6.912799444e-13,2.68657022e-13,2.653838825e-13,5.675743648e-14,7.440963333e-13,1.16353534e-13,4.687348755e-14,5.820198172e-14,5.770569241e-14,7.75511281e-14,1.817206433e-13,6.343295317e-13,2.118443412e-13,6.890023841e-13,5.022975168e-14,2.506773249e-13,1.810145771e-13
33.109375,4.930147314e-13,5.347869372e-13,2.691781601e-13,2.077576809e-13,1.776863302e-13,1.62733495e-13,1.37926887e-13,1.42628774e-13,3.382534127e-14,2.36672534e-13,3.276771934e-13,8.927206039e-14,1.333326621e-13,3.270593908e-13,7.364047522e-13,6.931804154e-13,2.678274837e-13,2.663512599e-13,5.608268463e-14,7.503441883e-13,1.15338482e-13,4.66741548e-14,5.85856607e-14,5.770373827e-14,7.78939301e-14,1.836053024e-13,6.467366615e-13,2.144128237e-13,6.951645452e-13,5.029554037e-14,2.494445587e-13,1.833675808e-13
33.1171875,5.010037401e-13,5.33434101e-13,2.708025342e-13,2.071248395e-13,1.790037747e-13,1.633357108e-13,1.363279951e-13,1.430123839e-13,3.406047434e-14,2.391014192e-13,3.242145812e-13,8.964175417e-14,1.333134925e-13,3.268463067e-13,7.355400834e-13,6.94973516e-13,2.668462429e-13,2.671904995e-13,5.542422689e-14,7.56602896e-13,1.143151533e-13,4.645569197e-14,5.899756027e-14,5.768888773e-14,7.821044058e-14,1.854662188e-13,6.591551925e-13,2.170126296e-13,7.010361371e-13,5.033465076e-14,2.480290603e-13,1.856998833e-13
33.125,5.090620403e-13,5.314900962e-13,2.721708364e-13,2.063744445e-13,1.803295992e-13,1.638828382e-13,1.347586264e-13,1.433739631e-13,3.42930725e-14,2.415843019e-13,3.206174652e-13,8.992601179e-14,1.331922365e-13,3.26631297e-13,7.344557662e-13,6.964622695e-13,2.657286321e-13,2.679758505e-13,5.476559813e-14,7.622412413e-13,1.132005585e-13,4.621454753e-14,5.940918045e-14,5.76903343e-14,7.851753085e-14,1.872526434e-13,6.713696775e-13,2.196026653e-13,7.065683481e-13,5.035512936e-14,2.463997186e-13,1.879773653e-13
33.1328125,5.170900089e-13,5.29289127e-13,2.736151903e-13,2.055369257e-13,1.815736194e-13,1.643576598e-13,1.3320844e-13,1.437450076e-13,3.451789805e-14,2.44105854e-13,3.169995318e-13,9.021670177e-14,1.330669673e-13,3.264554255e-13,7.333376582e-13,6.978888566e-13,2.647147634e-13,2.687591813e-13,5.416743138e-14,7.67406699e-13,1.120795321e-13,4.595322905e-14,5.980037464e-14,5.773672924e-14,7.88681784e-14,1.889869962e-13,6.833924479e-13,2.222570303e-13,7.12143872e-13,5.037905971e-14,2.448104977e-13,1.901858036e-13
33.140625,5.250726158e-13,5.273330935e-13,2.752584627e-13,2.047646741e-13,1.826470361e-13,1.648078438e-13,1.316835803e-13,1.440763267e-13,3.472100852e-14,2.465650621e-13,3.135025311e-13,9.058170074e-14,1.33002425e-13,3.262997736e-13,7.325099976e-13,6.996271898e-13,2.638643321e-13,2.695301584e-13,5.361883466e-14,7.727069009e-13,1.110103706e-13,4.56788148e-14,6.01988339e-14,5.777615644e-14,7.925007749e-14,1.908143208e-13,6.955943564e-13,2.249149489e-13,7.181409485e-13,5.039873475e-14,2.433542351e-13,1.923635141e-13
33.1484375,5.330212481e-13,5.253309426e-13,2.768662218e-13,2.039059161e-13,1.836949696e-13,1.651957478e-13,1.301880041e-13,1.443131831e-13,3.491894763e-14,2.489489991e-13,3.100864616e-13,9.097563784e-14,1.329464449e-13,3.261112795e-13,7.31695777e-13,7.014649744e-13,2.631081893e-13,2.703202618e-13,5.309049732e-14,7.779689117e-13,1.099046816e-13,4.541361341e-14,6.062907011e-14,5.77617412e-14,7.962703663e-14,1.927261487e-13,7.080101325e-13,2.274699333e-13,7.24327547e-13,5.040061602e-14,2.418812783e-13,1.945018114e-13
33.15625,5.406223269e-13,5.231698139e-13,2.7829141e-13,2.028935493e-13,1.847736633e-13,1.654432487e-13,1.287078548e-13,1.445244795e-13,3.511884666e-14,2.51337904e-13,3.066704197e-13,9.135251865e-14,1.328591459e-13,3.257185509e-13,7.3045391e-13,7.029651416e-13,2.623832349e-13,2.711556516e-13,5.262682986e-14,7.828245246e-13,1.087429481e-13,4.515969032e-14,6.10867648e-14,5.773274013e-14,8.000719598e-14,1.945378897e-13,7.20217046e-13,2.300167994e-13,7.30194134e-13,5.039146694e-14,2.403470833e-13,1.965566059e-13
33.1640625,5.480260501e-13,5.210789815e-13,2.795159085e-13,2.020763804e-13,1.858079197e-13,1.656761812e-13,1.272386854e-13,1.447710976e-13,3.530300365e-14,2.537338938e-13,3.032061422e-13,9.171187743e-14,1.326841193e-13,3.2511873e-13,7.290520798e-13,7.043272174e-13,2.616185831e-13,2.72030761e-13,5.223293606e-14,7.874939474e-13,1.075898359e-13,4.489423913e-14,6.156317917e-14,5.7716684e-14,8.039148918e-14,1.962376944e-13,7.322221078e-13,2.32668661e-13,7.357643084e-13,5.036535356e-14,2.386978902e-13,1.985555333e-13
33.171875,5.557567851e-13,5.186362282e-13,2.805853868e-13,2.014397269e-13,1.867938585e-13,1.659668627e-13,1.258113207e-13,1.449912579e-13,3.546962913e-14,2.560941139e-13,2.997233708e-13,9.202753236e-14,1.323869674e-13,3.244406635e-13,7.277733495e-13,7.058443298e-13,2.608196729e-13,2.72869326e-13,5.184477397e-14,7.919684079e-13,1.064240439e-13,4.461272943e-14,6.204735032e-14,5.772094692e-14,8.076544439e-14,1.979372194e-13,7.443397145e-13,2.353375613e-13,7.413494708e-13,5.030859972e-14,2.36907075e-13,2.005133325e-13
33.1796875,5.635335463e-13,5.156254461e-13,2.817112505e-13,2.005812808e-13,1.876950359e-13,1.661935422e-13,1.244265261e-13,1.451419911e-13,3.563094645e-14,2.584436812e-13,2.963646171e-13,9.231216305e-14,1.321080206e-13,3.23739545e-13,7.26349294e-13,7.072674046e-13,2.600661921e-13,2.735564839e-13,5.146948386e-14,7.959941812e-13,1.052056212e-13,4.433100733e-14,6.252334248e-14,5.775151777e-14,8.113250201e-14,1.996155132e-13,7.564185138e-13,2.379120533e-13,7.469510828e-13,5.024425549e-14,2.352130022e-13,2.023932193e-13
33.1875,5.709629035e-13,5.128214794e-13,2.829994878e-13,1.996110384e-13,1.884890346e-13,1.663760011e-13,1.230192553e-13,1.452724106e-13,3.578805217e-14,2.60773946e-13,2.931985913e-13,9.264729196e-14,1.319466359e-13,3.230654825e-13,7.248238026e-13,7.085983385e-13,2.593932941e-13,2.741613914e-13,5.1175586e-14,7.999981939e-13,1.039642645e-13,4.405609512e-14,6.299467242e-14,5.774976821e-14,8.149132018e-14,2.01278552e-13,7.683604526e-13,2.404534195e-13,7.525723149e-13,5.019825835e-14,2.336556494e-13,2.042482206e-13
33.1953125,5.783827123e-13,5.105158065e-13,2.842834035e-13,1.988359768e-13,1.892397172e-13,1.665865549e-13,1.215882383e-13,1.454201842e-13,3.59438198e-14,2.6300757e-13,2.901373893e-13,9.302734414e-14,1.317757403e-13,3.223435515e-13,7.235028731e-13,7.101182952e-13,2.587340487e-13,2.747671112e-13,5.095386053e-14,8.043305558e-13,1.027276734e-13,4.378374899e-14,6.348535623e-14,5.770294858e-14,8.182931139e-14,2.029925305e-13,7.803773919e-13,2.430783156e-13,7.582251402e-13,5.014570058e-14,2.319780111e-13,2.061211507e-13
33.203125,5.857610033e-13,5.0802591e-13,2.85439765e-13,1.98125037e-13,1.898669242e-13,1.666849283e-13,1.202237619e-13,1.455753101e-13,3.609515427e-14,2.651576418e-13,2.870993299e-13,9.336146692e-14,1.315037488e-13,3.213662818e-13,7.221178212e-13,7.114829784e-13,2.579456818e-13,2.751734013e-13,5.073155424e-14,8.082918238e-13,1.015216588e-13,4.350001411e-14,6.399659964e-14,5.769128469e-14,8.213867457e-14,2.046327238e-13,7.921870516e-13,2.457512875e-13,7.635545789e-13,5.005547588e-14,2.302491036e-13,2.07871365e-13
33.2109375,5.926115066e-13,5.050970204e-13,2.864932416e-13,1.973008573e-13,1.902195356e-13,1.665754084e-13,1.189424443e-13,1.457198886e-13,3.620063548e-14,2.673051471e-13,2.84066222e-13,9.362729895e-14,1.31173662e-13,3.201303029e-13,7.204296189e-13,7.123905004e-13,2.57006994e-13,2.75296606e-13,5.048647245e-14,8.113026014e-13,1.003404843e-13,4.317406389e-14,6.449861792e-14,5.769299404e-14,8.24302851e-14,2.060697206e-13,8.034959142e-13,2.483197955e-13,7.685331248e-13,4.994199034e-14,2.286274451e-13,2.093979914e-13
33.21875,5.99108892e-13,5.020903418e-13,2.874962396e-13,1.963311629e-13,1.904000841e-13,1.663855991e-13,1.176877844e-13,1.458463045e-13,3.624874565e-14,2.694598252e-13,2.810739341e-13,9.385807753e-14,1.308045923e-13,3.188054158e-13,7.187704236e-13,7.133039145e-13,2.56076891e-13,2.753859453e-13,5.025117444e-14,8.138944657e-13,9.908506093e-14,4.279647691e-14,6.498755021e-14,5.763479717e-14,8.273504624e-14,2.074473731e-13,8.147461591e-13,2.507487486e-13,7.736670613e-13,4.983744307e-14,2.26951073e-13,2.108336229e-13
33.2265625,6.056625194e-13,4.990968203e-13,2.885034122e-13,1.952539146e-13,1.906710711e-13,1.662391057e-13,1.164573247e-13,1.459511537e-13,3.631784269e-14,2.71606043e-13,2.781988163e-13,9.408617455e-14,1.304280105e-13,3.175072994e-13,7.172774312e-13,7.144556483e-13,2.55198494e-13,2.755236407e-13,5.005730198e-14,8.167077185e-13,9.773188725e-14,4.242298997e-14,6.54983411e-14,5.755269575e-14,8.305010724e-14,2.089238236e-13,8.261207733e-13,2.531526688e-13,7.789059233e-13,4.975206029e-14,2.252317654e-13,2.123129593e-13
33.234375,6.121634945e-13,4.960378196e-13,2.894733466e-13,1.94286892e-13,1.91069834e-13,1.660920612e-13,1.152690594e-13,1.460153892e-13,3.643514979e-14,2.73726907e-13,2.754375053e-13,9.434954999e-14,1.300947375e-13,3.162562795e-13,7.158022788e-13,7.155972227e-13,2.542957917e-13,2.755811187e-13,4.991954254e-14,8.197013613e-13,9.63959949e-14,4.209846573e-14,6.603380639e-14,5.748212918e-14,8.33376124e-14,2.104365887e-13,8.372190984e-13,2.555559906e-13,7.83889221e-13,4.966417736e-14,2.23660498e-13,2.137777579e-13
33.2421875,6.183827947e-13,4.929856981e-13,2.903183809e-13,1.934424384e-13,1.913338959e-13,1.658120408e-13,1.141135797e-13,1.460392197e-13,3.651092735e-14,2.757437854e-13,2.727255799e-13,9.462539661e-14,1.297590593e-13,3.149131222e-13,7.144082957e-13,7.167867517e-13,2.534356225e-13,2.755463336e-13,4.981225923e-14,8.226678328e-13,9.510845086e-14,4.176998717e-14,6.655348752e-14,5.743052935e-14,8.359684412e-14,2.11861436e-13,8.480073992e-13,2.578389633e-13,7.888149454e-13,4.954873066e-14,2.221103731e-13,2.151108693e-13
33.25,6.242315671e-13,4.897611544e-13,2.910890583e-13,1.924719346e-13,1.913337485e-13,1.653883423e-13,1.129929536e-13,1.460758341e-13,3.652447794e-14,2.776326935e-13,2.700597953e-13,9.484596687e-14,1.293702285e-13,3.133707841e-13,7.130943309e-13,7.180847917e-13,2.526406988e-13,2.754095976e-13,4.968683013e-14,8.254768663e-13,9.382490515e-14,4.138709788e-14,6.706591317e-14,5.741651262e-14,8.384620068e-14,2.13167073e-13,8.586222481e-13,2.599405685e-13,7.936810023e-13,4.941479029e-14,2.204406052e-13,2.163113439e-13
33.2578125,6.296563961e-13,4.860024757e-13,2.918767774e-13,1.91417589e-13,1.912601777e-13,1.649248411e-13,1.119225622e-13,1.461426079e-13,3.654682944e-14,2.79495134e-13,2.67463326e-13,9.503370363e-14,1.289798308e-13,3.11756708e-13,7.117127328e-13,7.192111164e-13,2.517486493e-13,2.751433235e-13,4.955233394e-14,8.27862139e-13,9.25610086e-14,4.099618954e-14,6.762893648e-14,5.737293777e-14,8.409398603e-14,2.144188204e-13,8.689261286e-13,2.618667841e-13,7.981801644e-13,4.92754658e-14,2.188136595e-13,2.174621978e-13
33.265625,6.346753367e-13,4.819302593e-13,2.926910123e-13,1.903604619e-13,1.911513301e-13,1.643829085e-13,1.109225398e-13,1.461954794e-13,3.657312802e-14,2.813854357e-13,2.649782532e-13,9.525523497e-14,1.286314679e-13,3.101210979e-13,7.10335266e-13,7.201589014e-13,2.507652314e-13,2.748351687e-13,4.94513407e-14,8.297939795e-13,9.129700965e-14,4.062875682e-14,6.822679334e-14,5.726213439e-14,8.436233429e-14,2.156833111e-13,8.789501495e-13,2.636076685e-13,8.026389288e-13,4.91225197e-14,2.173265292e-13,2.185790543e-13
33.2734375,6.394216849e-13,4.781839144e-13,2.935085147e-13,1.892090574e-13,1.908808697e-13,1.636977944e-13,1.099959472e-13,1.462227793e-13,3.657435673e-14,2.832808899e-13,2.626394835e-13,9.550957385e-14,1.283049113e-13,3.084115923e-13,7.090925421e-13,7.211884195e-13,2.498881638e-13,2.745128063e-13,4.939911735e-14,8.316341856e-13,8.999704039e-14,4.025534904e-14,6.878630388e-14,5.717699125e-14,8.462936927e-14,2.169272574e-13,8.88786229e-13,2.653263718e-13,8.072660968e-13,4.897130366e-14,2.158777549e-13,2.196060844e-13
33.28125,6.441756063e-13,4.748316892e-13,2.94277579e-13,1.881682636e-13,1.906220523e-13,1.630381805e-13,1.091089427e-13,1.462193715e-13,3.658185293e-14,2.851963791e-13,2.60347755e-13,9.578392089e-14,1.279847851e-13,3.067766943e-13,7.07924177e-13,7.222068792e-13,2.491392247e-13,2.741287758e-13,4.942303154e-14,8.333897075e-13,8.871267897e-14,3.988967309e-14,6.93211942e-14,5.710991487e-14,8.483203981e-14,2.180931814e-13,8.983050339e-13,2.672958555e-13,8.115487313e-13,4.884037567e-14,2.144302722e-13,2.205370229e-13
33.2890625,6.490079665e-13,4.713185416e-13,2.94965248e-13,1.873050196e-13,1.904919501e-13,1.624739841e-13,1.082541838e-13,1.461652813e-13,3.658522313e-14,2.8709838e-13,2.580098881e-13,9.605720132e-14,1.276605138e-13,3.052619718e-13,7.066770015e-13,7.228923699e-13,2.483699619e-13,2.736851095e-13,4.950982981e-14,8.346765346e-13,8.745538606e-14,3.9551756e-14,6.989331761e-14,5.697765515e-14,8.498456912e-14,2.19184397e-13,9.074816031e-13,2.693836357e-13,8.153840401e-13,4.870340006e-14,2.130401373e-13,2.213922633e-13
33.296875,6.535047738e-13,4.672727758e-13,2.956092545e-13,1.862273909e-13,1.902108991e-13,1.617828014e-13,1.074533199e-13,1.461167939e-13,3.65483369e-14,2.888944882e-13,2.556986591e-13,9.627035245e-14,1.273199758e-13,3.036573209e-13,7.052973888e-13,7.232764303e-13,2.47533515e-13,2.731530459e-13,4.956138421e-14,8.355428922e-13,8.618372621e-14,3.919854764e-14,7.048095358e-14,5.68541429e-14,8.513652631e-14,2.201975276e-13,9.163777413e-13,2.711949318e-13,8.190659329e-13,4.85561497e-14,2.117071267e-13,2.221470297e-13
33.3046875,6.575031637e-13,4.629681539e-13,2.962638452e-13,1.85001027e-13,1.896701005e-13,1.609293233e-13,1.066886814e-13,1.461219026e-13,3.649566451e-14,2.906285142e-13,2.534869267e-13,9.645533157e-14,1.269903645e-13,3.019677293e-13,7.039817659e-13,7.237214738e-13,2.46746843e-13,2.72583705e-13,4.95798192e-14,8.362528796e-13,8.493867448e-14,3.882569121e-14,7.103922757e-14,5.681006433e-14,8.527638771e-14,2.211314739e-13,9.250004665e-13,2.728093776e-13,8.225478479e-13,4.843387786e-14,2.104062418e-13,2.227938587e-13
33.3125,6.613739599e-13,4.59004444e-13,2.969391323e-13,1.839979222e-13,1.890105104e-13,1.601207538e-13,1.059478566e-13,1.46109397e-13,3.643562086e-14,2.9239438e-13,2.514165281e-13,9.669403304e-14,1.266742492e-13,3.003219262e-13,7.028082644e-13,7.242831475e-13,2.460767416e-13,2.720973496e-13,4.966154839e-14,8.366760782e-13,8.375526303e-14,3.847054689e-14,7.158030054e-14,5.676198443e-14,8.539159377e-14,2.220284847e-13,9.333689342e-13,2.745431902e-13,8.259264462e-13,4.832286395e-14,2.091624929e-13,2.233534502e-13
33.3203125,6.651453651e-13,4.55353329e-13,2.975278552e-13,1.82990575e-13,1.882036996e-13,1.593614697e-13,1.052453783e-13,1.460306875e-13,3.634204584e-14,2.941303731e-13,2.495288424e-13,9.691430202e-14,1.262975643e-13,2.986065974e-13,7.013923028e-13,7.24600244e-13,2.453819348e-13,2.715285513e-13,4.976164677e-14,8.36732032e-13,8.259064634e-14,3.81020523e-14,7.211506071e-14,5.666012897e-14,8.548646919e-14,2.228711444e-13,9.413300888e-13,2.762515211e-13,8.292788283e-13,4.81920292e-14,2.079616082e-13,2.238071823e-13
33.328125,6.685536126e-13,4.512624053e-13,2.979752749e-13,1.817698187e-13,1.872730165e-13,1.585630497e-13,1.045601237e-13,1.459100812e-13,3.622816442e-14,2.95759057e-13,2.477037524e-13,9.703916698e-14,1.258645852e-13,2.967693865e-13,6.995803585e-13,7.245895779e-13,2.445832498e-13,2.706902573e-13,4.981683924e-14,8.365939008e-13,8.143307329e-14,3.769807183e-14,7.26419187e-14,5.655697886e-14,8.554112284e-14,2.235832823e-13,9.487820924e-13,2.777290209e-13,8.321624627e-13,4.806815549e-14,2.067723032e-13,2.241290974e-13
33.3359375,6.717028066e-13,4.466430785e-13,2.985339116e-13,1.806187472e-13,1.86359503e-13,1.577852584e-13,1.038742449e-13,1.457326508e-13,3.610466707e-14,2.972994455e-13,2.458322828e-13,9.718059402e-14,1.254996927e-13,2.949726049e-13,6.978428652e-13,7.245626174e-13,2.438590851e-13,2.698179325e-13,4.992443399e-14,8.361861663e-13,8.031680153e-14,3.731117835e-14,7.316343693e-14,5.649337352e-14,8.555739859e-14,2.241893878e-13,9.5599501e-13,2.791552823e-13,8.345494651e-13,4.797357655e-14,2.056811058e-13,2.243191397e-13
33.34375,6.746475597e-13,4.422223482e-13,2.993476865e-13,1.795496514e-13,1.854033609e-13,1.570183137e-13,1.032057479e-13,1.454995204e-13,3.595337507e-14,2.987723379e-13,2.440304203e-13,9.740894804e-14,1.252099893e-13,2.932872375e-13,6.964685717e-13,7.24640865e-13,2.432959273e-13,2.690995118e-13,5.012234078e-14,8.353184543e-13,7.925380828e-14,3.694505876e-14,7.365348703e-14,5.645297913e-14,8.556365883e-14,2.248008191e-13,9.630432704e-13,2.806020237e-13,8.369063802e-13,4.788739368e-14,2.047445287e-13,2.243860736e-13
33.3515625,6.772188402e-13,4.381230791e-13,3.000820121e-13,1.783635361e-13,1.843630192e-13,1.561895422e-13,1.02555982e-13,1.45267801e-13,3.577925546e-14,3.002229653e-13,2.423321666e-13,9.763578243e-14,1.248535699e-13,2.916817523e-13,6.952850837e-13,7.247559506e-13,2.427701656e-13,2.683659266e-13,5.03313932e-14,8.340964527e-13,7.820343192e-14,3.655573742e-14,7.410639723e-14,5.639560931e-14,8.555546965e-14,2.254344063e-13,9.69675664e-13,2.819409885e-13,8.390419518e-13,4.779372145e-14,2.038405383e-13,2.243649817e-13
33.359375,6.794904551e-13,4.340307098e-13,3.005063986e-13,1.772424121e-13,1.833268338e-13,1.553564502e-13,1.01928787e-13,1.450446202e-13,3.558937848e-14,3.016657625e-13,2.406316897e-13,9.782500812e-14,1.243944092e-13,2.900969157e-13,6.941834949e-13,7.249394283e-13,2.422620646e-13,2.675567124e-13,5.055281371e-14,8.327851083e-13,7.710794597e-14,3.615784222e-14,7.456057781e-14,5.633557369e-14,8.55078843e-14,2.259793824e-13,9.759663899e-13,2.831984705e-13,8.405777548e-13,4.768208892e-14,2.028690662e-13,2.242708144e-13
33.3671875,6.814856478e-13,4.300869279e-13,3.008449511e-13,1.763360021e-13,1.82199757e-13,1.545454115e-13,1.013425779e-13,1.447986565e-13,3.537601967e-14,3.029867805e-13,2.389885925e-13,9.802031792e-14,1.23951551e-13,2.884450825e-13,6.9315258e-13,7.251608694e-13,2.418089082e-13,2.66760845e-13,5.080111502e-14,8.314953148e-13,7.599317336e-14,3.577218901e-14,7.500728811e-14,5.632807862e-14,8.542545057e-14,2.263705084e-13,9.821320117e-13,2.843266568e-13,8.419484602e-13,4.754740059e-14,2.019270323e-13,2.240490423e-13
33.375,6.830890851e-13,4.262798027e-13,3.013492028e-13,1.753792829e-13,1.808814891e-13,1.537042032e-13,1.007852175e-13,1.445185755e-13,3.515645274e-14,3.041638814e-13,2.374787961e-13,9.824068953e-14,1.236037117e-13,2.868147863e-13,6.921309014e-13,7.252725648e-13,2.413473701e-13,2.659231676e-13,5.102459295e-14,8.300238075e-13,7.492278282e-14,3.53819833e-14,7.541397262e-14,5.63563589e-14,8.534113144e-14,2.266808318e-13,9.880707327e-13,2.851938461e-13,8.436433669e-13,4.742311126e-14,2.012162631e-13,2.236871647e-13
33.3828125,6.845492334e-13,4.222155492e-13,3.020624212e-13,1.741756169e-13,1.794835034e-13,1.528652851e-13,1.002371757e-13,1.442010753e-13,3.494941722e-14,3.053047706e-13,2.360084314e-13,9.84798367e-14,1.232715882e-13,2.853627981e-13,6.910943289e-13,7.251996892e-13,2.408781481e-13,2.649862783e-13,5.122455128e-14,8.28137863e-13,7.386663241e-14,3.499154527e-14,7.578758405e-14,5.63577735e-14,8.524536687e-14,2.269630665e-13,9.935633265e-13,2.859698986e-13,8.452197215e-13,4.734104407e-14,2.007796254e-13,2.232494189e-13
33.390625,6.860015623e-13,4.177831624e-13,3.028188923e-13,1.728969451e-13,1.780369379e-13,1.520612158e-13,9.968929824e-14,1.438579928e-13,3.473466333e-14,3.063540567e-13,2.345211928e-13,9.869199084e-14,1.228255427e-13,2.83958622e-13,6.899761776e-13,7.249405612e-13,2.404495444e-13,2.639882278e-13,5.142544594e-14,8.258919941e-13,7.279388213e-14,3.460702796e-14,7.611603459e-14,5.632134232e-14,8.50703303e-14,2.271474237e-13,9.984214806e-13,2.867949275e-13,8.458803209e-13,4.727558537e-14,2.003940052e-13,2.22739146e-13
33.3984375,6.870238075e-13,4.131235061e-13,3.034114524e-13,1.717069979e-13,1.764767164e-13,1.512666513e-13,9.91325573e-14,1.434677091e-13,3.448245228e-14,3.072043201e-13,2.330429955e-13,9.885944276e-14,1.223086815e-13,2.824462003e-13,6.887287562e-13,7.245481e-13,2.400387532e-13,2.629679724e-13,5.161154825e-14,8.233172746e-13,7.177578179e-14,3.421026024e-14,7.640017538e-14,5.627093868e-14,8.482239723e-14,2.272168734e-13,1.002693739e-12,2.874592373e-13,8.457966567e-13,4.718802133e-14,1.999299787e-13,2.221126334e-13
33.40625,6.873787531e-13,4.085329031e-13,3.039553473e-13,1.705245309e-13,1.748434314e-13,1.504509967e-13,9.859490875e-14,1.429751158e-13,3.419552637e-14,3.079416285e-13,2.315853324e-13,9.906147806e-14,1.218863929e-13,2.809718256e-13,6.875548624e-13,7.241696468e-13,2.396697018e-13,2.61988884e-13,5.179544691e-14,8.204376993e-13,7.08616991e-14,3.380137268e-14,7.669902211e-14,5.621094519e-14,8.460135458e-14,2.272730815e-13,1.006799101e-12,2.8786714e-13,8.459445339e-13,4.708993939e-14,1.995228858e-13,2.21385884e-13
33.4140625,6.872292091e-13,4.042729947e-13,3.04630972e-13,1.693155154e-13,1.731514491e-13,1.495539316e-13,9.81078349e-14,1.424311137e-13,3.391079729e-14,3.08676135e-13,2.301399516e-13,9.931060683e-14,1.215515777e-13,2.796489359e-13,6.866291576e-13,7.238505191e-13,2.393716631e-13,2.610371204e-13,5.199308642e-14,8.175132637e-13,6.99978313e-14,3.339224871e-14,7.700658959e-14,5.611056634e-14,8.442048196e-14,2.273133733e-13,1.010827525e-12,2.881832723e-13,8.46340793e-13,4.702252728e-14,1.992129963e-13,2.205693103e-13
33.421875,6.866942747e-13,4.000275395e-13,3.052643976e-13,1.681623451e-13,1.713440479e-13,1.48670383e-13,9.763728935e-14,1.41928772e-13,3.365295956e-14,3.094232466e-13,2.286385225e-13,9.95206921e-14,1.211750775e-13,2.783981326e-13,6.857251828e-13,7.233490685e-13,2.390800119e-13,2.599740909e-13,5.218599945e-14,8.143824261e-13,6.911276003e-14,3.299070442e-14,7.726467519e-14,5.597217967e-14,8.419500961e-14,2.272017996e-13,1.014297917e-12,2.885120081e-13,8.459871299e-13,4.699534468e-14,1.989395333e-13,2.196293159e-13
33.4296875,6.86000677e-13,3.955292761e-13,3.057567883e-13,1.669966702e-13,1.694564391e-13,1.480408908e-13,9.7150734e-14,1.414344023e-13,3.339882013e-14,3.10138385e-13,2.271001628e-13,9.970342143e-14,1.207791014e-13,2.772327523e-13,6.84608337e-13,7.224731892e-13,2.38810999e-13,2.587776869e-13,5.237697795e-14,8.106131371e-13,6.822689889e-14,3.261003047e-14,7.748929692e-14,5.588690617e-14,8.390071549e-14,2.269444206e-13,1.017085264e-12,2.88851906e-13,8.448072769e-13,4.697926135e-14,1.987575576e-13,2.185832e-13
33.4375,6.854052985e-13,3.910931526e-13,3.063044588e-13,1.657678516e-13,1.675778171e-13,1.475641899e-13,9.668673432e-14,1.408956057e-13,3.312025836e-14,3.107337404e-13,2.257151619e-13,9.99185084e-14,1.204426527e-13,2.762147445e-13,6.834950182e-13,7.214261049e-13,2.386145215e-13,2.575307905e-13,5.257874199e-14,8.066167616e-13,6.743165827e-14,3.2237338e-14,7.769214835e-14,5.586949915e-14,8.357632528e-14,2.267061108e-13,1.01962957e-12,2.891302893e-13,8.435805515e-13,4.695989649e-14,1.986401905e-13,2.174760646e-13
33.4453125,6.847606119e-13,3.867717114e-13,3.069121961e-13,1.64606505e-13,1.657376621e-13,1.469364827e-13,9.628110978e-14,1.403263163e-13,3.282834812e-14,3.112546482e-13,2.244599191e-13,1.001404502e-13,1.201202068e-13,2.75297511e-13,6.825978116e-13,7.204126127e-13,2.383799065e-13,2.562271795e-13,5.280230583e-14,8.028935627e-13,6.671879868e-14,3.18541251e-14,7.784529993e-14,5.578290845e-14,8.323430117e-14,2.265020546e-13,1.022130187e-12,2.893037368e-13,8.423208991e-13,4.695839623e-14,1.985160009e-13,2.162939642e-13
33.453125,6.838239032e-13,3.825200639e-13,3.073950184e-13,1.634657279e-13,1.639172337e-13,1.462484791e-13,9.589233267e-14,1.397310661e-13,3.254807927e-14,3.118181814e-13,2.230716898e-13,1.003505575e-13,1.197720953e-13,2.744772723e-13,6.81698689e-13,7.19324907e-13,2.380817228e-13,2.548980129e-13,5.30703956e-14,7.990803488e-13,6.599501759e-14,3.149288085e-14,7.797701142e-14,5.560914869e-14,8.285605746e-14,2.26179625e-13,1.024320449e-12,2.894713778e-13,8.406079401e-13,4.698817077e-14,1.984821193e-13,2.15015113e-13
33.4609375,6.825807492e-13,3.786490929e-13,3.077332103e-13,1.621539228e-13,1.620470724e-13,1.456699673e-13,9.547094697e-14,1.391516462e-13,3.22823076e-14,3.123361362e-13,2.2156601e-13,1.005564653e-13,1.194344564e-13,2.737623079e-13,6.806740841e-13,7.181178933e-13,2.378686734e-13,2.536306406e-13,5.334661819e-14,7.950368352e-13,6.530027369e-14,3.116733561e-14,7.809290541e-14,5.549728269e-14,8.243490045e-14,2.25721595e-13,1.025900609e-12,2.895998629e-13,8.38476611e-13,4.703580002e-14,1.9854178e-13,2.136538782e-13
33.46875,6.810464723e-13,3.748091873e-13,3.080020363e-13,1.607497491e-13,1.600195593e-13,1.450535408e-13,9.506789204e-14,1.386212525e-13,3.200604926e-14,3.127412603e-13,2.201366619e-13,1.007215716e-13,1.190851328e-13,2.730357518e-13,6.797500427e-13,7.168530686e-13,2.377001667e-13,2.523402755e-13,5.356342242e-14,7.909664276e-13,6.472534307e-14,3.082393562e-14,7.813410589e-14,5.545747023e-14,8.20026094e-14,2.252410812e-13,1.026875979e-12,2.895436215e-13,8.359532712e-13,4.708903287e-14,1.985694397e-13,2.122075836e-13
33.4765625,6.793269619e-13,3.704222772e-13,3.082460373e-13,1.594343182e-13,1.578573024e-13,1.444026188e-13,9.475926076e-14,1.380376772e-13,3.169619946e-14,3.131615027e-13,2.187138403e-13,1.008246571e-13,1.186754885e-13,2.723118573e-13,6.789713159e-13,7.15487841e-13,2.374795371e-13,2.509026768e-13,5.37486806e-14,7.865537796e-13,6.419865622e-14,3.044620094e-14,7.811186268e-14,5.537161855e-14,8.157741084e-14,2.247310469e-13,1.027539607e-12,2.894624299e-13,8.329661387e-13,4.714640775e-14,1.986067024e-13,2.106609322e-13
33.484375,6.775330654e-13,3.660289972e-13,3.085097049e-13,1.581705999e-13,1.557496776e-13,1.439151103e-13,9.44979776e-14,1.373483464e-13,3.13661967e-14,3.135660596e-13,2.17186123e-13,1.008986498e-13,1.182691445e-13,2.718051671e-13,6.781654174e-13,7.140975409e-13,2.373814051e-13,2.493711342e-13,5.396655237e-14,7.817488125e-13,6.364004272e-14,3.007823487e-14,7.807059401e-14,5.524309827e-14,8.111295597e-14,2.241195558e-13,1.028057034e-12,2.89490006e-13,8.296857546e-13,4.721041791e-14,1.987207724e-13,2.090266332e-13
33.4921875,6.754386553e-13,3.621105403e-13,3.087836466e-13,1.568343935e-13,1.53704643e-13,1.43490552e-13,9.419525942e-14,1.366477054e-13,3.103458542e-14,3.137872797e-13,2.156332948e-13,1.009883737e-13,1.179276112e-13,2.714763127e-13,6.77266006e-13,7.126599294e-13,2.374250889e-13,2.477734395e-13,5.420016652e-14,7.769536125e-13,6.310390347e-14,2.972678149e-14,7.798795028e-14,5.514574093e-14,8.057836938e-14,2.234265155e-13,1.028273701e-12,2.893403225e-13,8.261497842e-13,4.72846178e-14,1.988891669e-13,2.073092744e-13
33.5,6.728974191e-13,3.581769285e-13,3.089696567e-13,1.554046587e-13,1.514892641e-13,1.429591916e-13,9.386854326e-14,1.359332277e-13,3.06914219e-14,3.13816593e-13,2.140840856e-13,1.011079568e-13,1.175580228e-13,2.710440104e-13,6.762137738e-13,7.107958999e-13,2.373058722e-13,2.460409874e-13,5.440924362e-14,7.719905177e-13,6.261704338e-14,2.937031835e-14,7.784889047e-14,5.508290962e-14,8.000920383e-14,2.226631137e-13,1.02808193e-12,2.88872468e-13,8.222646634e-13,4.736321677e-14,1.991485618e-13,2.054881701e-13
33.5078125,6.702075233e-13,3.540173963e-13,3.090238127e-13,1.539683353e-13,1.491389944e-13,1.424389421e-13,9.357345365e-14,1.351191207e-13,3.033765884e-14,3.137077125e-13,2.125077315e-13,1.012144677e-13,1.170938577e-13,2.705480517e-13,6.750094895e-13,7.084734926e-13,2.370347994e-13,2.44244078e-13,5.46125578e-14,7.666203894e-13,6.214703647e-14,2.902414849e-14,7.766641487e-14,5.502073221e-14,7.942699698e-14,2.21784992e-13,1.027494738e-12,2.883113072e-13,8.181542188e-13,4.74437856e-14,1.994846004e-13,2.035678372e-13
33.515625,6.674634632e-13,3.498632193e-13,3.090847514e-13,1.525638596e-13,1.469025926e-13,1.420333985e-13,9.330589564e-14,1.342381796e-13,2.998862185e-14,3.135192344e-13,2.109521365e-13,1.012817875e-13,1.16636709e-13,2.702443913e-13,6.738247018e-13,7.061218108e-13,2.369096396e-13,2.424936922e-13,5.485083201e-14,7.611396787e-13,6.171698223e-14,2.870051764e-14,7.744079671e-14,5.492482103e-14,7.881676148e-14,2.208130174e-13,1.026419653e-12,2.877283276e-13,8.137526222e-13,4.753678021e-14,1.998223013e-13,2.0158455e-13
33.5234375,6.643629969e-13,3.457485903e-13,3.09273379e-13,1.510843942e-13,1.446915463e-13,1.416828051e-13,9.303837076e-14,1.33349844e-13,2.963524334e-14,3.132969284e-13,2.094018615e-13,1.013560426e-13,1.16256521e-13,2.700951146e-13,6.727422067e-13,7.038812057e-13,2.369291752e-13,2.407213596e-13,5.511319737e-14,7.557244915e-13,6.134073373e-14,2.83729334e-14,7.718902792e-14,5.479545209e-14,7.818078139e-14,2.19820719e-13,1.02496392e-12,2.870105646e-13,8.088222738e-13,4.762494679e-14,2.002070316e-13,1.995699772e-13
33.53125,6.608555689e-13,3.417840364e-13,3.09504711e-13,1.494988134e-13,1.423625749e-13,1.413566036e-13,9.277133689e-14,1.324427246e-13,2.926903243e-14,3.12935793e-13,2.077974412e-13,1.014712767e-13,1.159322718e-13,2.700033415e-13,6.717580382e-13,7.016715203e-13,2.369820252e-13,2.388655956e-13,5.536434231e-14,7.504000681e-13,6.09775912e-14,2.80355529e-14,7.69214824e-14,5.468815932e-14,7.753916657e-14,2.18830704e-13,1.023545704e-12,2.861096966e-13,8.036077372e-13,4.767942449e-14,2.006926205e-13,1.975272844e-13
33.5390625,6.570918317e-13,3.38030791e-13,3.097482314e-13,1.479337749e-13,1.400671592e-13,1.410442713e-13,9.252357061e-14,1.31495153e-13,2.889490656e-14,3.124132309e-13,2.062254787e-13,1.016287461e-13,1.156847499e-13,2.700783554e-13,6.708473618e-13,6.993721181e-13,2.370892857e-13,2.369673821e-13,5.563184794e-14,7.450442762e-13,6.065099315e-14,2.772274074e-14,7.66266549e-14,5.460251201e-14,7.689959511e-14,2.178035495e-13,1.022261471e-12,2.850278894e-13,7.983934594e-13,4.772502725e-14,2.012687207e-13,1.954161966e-13
33.546875,6.529871308e-13,3.343511255e-13,3.100706032e-13,1.464197816e-13,1.377721643e-13,1.40731151e-13,9.228014908e-14,1.304824124e-13,2.85049399e-14,3.119145959e-13,2.04779413e-13,1.018121748e-13,1.154801854e-13,2.702355938e-13,6.698071305e-13,6.96707777e-13,2.371448556e-13,2.349612434e-13,5.595340744e-14,7.392480111e-13,6.042176392e-14,2.744156382e-14,7.63137169e-14,5.446448034e-14,7.624637272e-14,2.16690565e-13,1.020837206e-12,2.838816196e-13,7.928940292e-13,4.778945509e-14,2.019260153e-13,1.932049779e-13
33.5546875,6.484970584e-13,3.308198738e-13,3.102954367e-13,1.448973739e-13,1.353283523e-13,1.404389528e-13,9.200474674e-14,1.294284057e-13,2.8109503e-14,3.11480433e-13,2.033508057e-13,1.019464219e-13,1.152236679e-13,2.702921063e-13,6.685943075e-13,6.938008713e-13,2.370883106e-13,2.3279496e-13,5.628739929e-14,7.332023616e-13,6.024332908e-14,2.715941221e-14,7.596493775e-14,5.427786893e-14,7.556606974e-14,2.154942542e-13,1.019172975e-12,2.828410937e-13,7.868905697e-13,4.785936367e-14,2.025710655e-13,1.909356815e-13
33.5625,6.438440407e-13,3.274459583e-13,3.102649359e-13,1.43371522e-13,1.329636683e-13,1.401546967e-13,9.171771967e-14,1.284091991e-13,2.773676581e-14,3.110164683e-13,2.017404721e-13,1.020096673e-13,1.149621932e-13,2.704747465e-13,6.674681377e-13,6.910438353e-13,2.370868917e-13,2.30635422e-13,5.659949398e-14,7.274698977e-13,6.00415323e-14,2.686704163e-14,7.554137494e-14,5.410481775e-14,7.487249602e-14,2.14270951e-13,1.017196053e-12,2.818848921e-13,7.805266073e-13,4.795338149e-14,2.031480258e-13,1.886544523e-13
33.5703125,6.391912561e-13,3.239984309e-13,3.102237221e-13,1.418201624e-13,1.3080522e-13,1.398791078e-13,9.145004759e-14,1.273869146e-13,2.736651613e-14,3.104782763e-13,1.998904996e-13,1.020954248e-13,1.147429774e-13,2.709757616e-13,6.663930473e-13,6.882206346e-13,2.371178064e-13,2.285485291e-13,5.690536642e-14,7.217965234e-13,5.985971232e-14,2.65823193e-14,7.508240393e-14,5.393495523e-14,7.416315637e-14,2.130804283e-13,1.014768218e-12,2.808360842e-13,7.738446517e-13,4.808048554e-14,2.03769999e-13,1.863553212e-13
33.578125,6.345067071e-13,3.205045212e-13,3.103121258e-13,1.402406627e-13,1.286093968e-13,1.396850894e-13,9.117637592e-14,1.262611067e-13,2.696324877e-14,3.097401525e-13,1.979483606e-13,1.022117345e-13,1.144533979e-13,2.714947355e-13,6.651579315e-13,6.850174741e-13,2.369829103e-13,2.263483212e-13,5.718791839e-14,7.159032058e-13,5.976395233e-14,2.630639551e-14,7.462890997e-14,5.374770783e-14,7.340993267e-14,2.119308328e-13,1.012114319e-12,2.795315462e-13,7.66882242e-13,4.816449552e-14,2.044401545e-13,1.840431972e-13
33.5859375,6.297094114e-13,3.170925923e-13,3.102629338e-13,1.387586747e-13,1.263860334e-13,1.3956611e-13,9.089527396e-14,1.250773014e-13,2.654864466e-14,3.087707682e-13,1.960523567e-13,1.022846271e-13,1.140966591e-13,2.719024393e-13,6.638812163e-13,6.81624719e-13,2.367341254e-13,2.24023201e-13,5.744775949e-14,7.100461815e-13,5.974336719e-14,2.603760009e-14,7.413497158e-14,5.357854021e-14,7.262607143e-14,2.107121267e-13,1.009406697e-12,2.779751164e-13,7.597077574e-13,4.818734941e-14,2.050688696e-13,1.817034034e-13
33.59375,6.247345993e-13,3.137553415e-13,3.099863977e-13,1.373631794e-13,1.242858326e-13,1.394527244e-13,9.062106642e-14,1.239266412e-13,2.615821552e-14,3.077895015e-13,1.941539322e-13,1.023400284e-13,1.138053734e-13,2.724520841e-13,6.625628641e-13,6.780825423e-13,2.365162804e-13,2.217371095e-13,5.773085203e-14,7.040341379e-13,5.97803e-14,2.578575886e-14,7.358615721e-14,5.343152224e-14,7.183679034e-14,2.092963637e-13,1.006265169e-12,2.763986849e-13,7.521387233e-13,4.823727816e-14,2.057681218e-13,1.792802951e-13
33.6015625,6.195372388e-13,3.105770919e-13,3.097296399e-13,1.358503896e-13,1.221080942e-13,1.393515143e-13,9.030904458e-14,1.227955074e-13,2.579112948e-14,3.068790172e-13,1.922342707e-13,1.023964546e-13,1.135332712e-13,2.730735134e-13,6.609644123e-13,6.743236261e-13,2.363116389e-13,2.193870741e-13,5.801238342e-14,6.977861337e-13,5.98721146e-14,2.553833314e-14,7.302943388e-14,5.326692156e-14,7.102372725e-14,2.077794763e-13,1.002566622e-12,2.749114208e-13,7.441484224e-13,4.832035796e-14,2.065952014e-13,1.768289672e-13
33.609375,6.140133696e-13,3.075347913e-13,3.095600211e-13,1.342627292e-13,1.197210859e-13,1.392644956e-13,8.996386127e-14,1.216585808e-13,2.54287469e-14,3.059238403e-13,1.903928258e-13,1.024034523e-13,1.131950941e-13,2.735314356e-13,6.592465944e-13,6.705849697e-13,2.360806209e-13,2.167823225e-13,5.825715212e-14,6.918080916e-13,6.000378412e-14,2.527269714e-14,7.24672807e-14,5.306053728e-14,7.019630463e-14,2.063649853e-13,9.98800669e-13,2.733223325e-13,7.360214712e-13,4.836623056e-14,2.073770666e-13,1.744585325e-13
33.6171875,6.080444189e-13,3.04481164e-13,3.093002757e-13,1.328219749e-13,1.173288552e-13,1.391832504e-13,8.966668316e-14,1.205045055e-13,2.50468007e-14,3.04884479e-13,1.88542959e-13,1.023958831e-13,1.128759559e-13,2.740464637e-13,6.576894669e-13,6.668258053e-13,2.357787518e-13,2.140152574e-13,5.851333263e-14,6.858370014e-13,6.017861334e-14,2.499863278e-14,7.187699392e-14,5.280081154e-14,6.939138676e-14,2.050219276e-13,9.9514066e-13,2.71552373e-13,7.277676187e-13,4.837981473e-14,2.080954085e-13,1.72093211e-13
33.625,6.017810607e-13,3.014987787e-13,3.089254192e-13,1.314052911e-13,1.150561318e-13,1.391442588e-13,8.941600972e-14,1.192868438e-13,2.463582906e-14,3.037316456e-13,1.865225692e-13,1.024111194e-13,1.126058874e-13,2.748465283e-13,6.561230733e-13,6.627451619e-13,2.35322594e-13,2.112044972e-13,5.877946385e-14,6.793775745e-13,6.0405977e-14,2.473644887e-14,7.126619921e-14,5.251282309e-14,6.857708155e-14,2.035872394e-13,9.912498126e-13,2.69715128e-13,7.192613714e-13,4.839028527e-14,2.088738702e-13,1.696075632e-13
33.6328125,5.954685423e-13,2.986486518e-13,3.085707653e-13,1.297849915e-13,1.128407533e-13,1.390669409e-13,8.91475888e-14,1.180062646e-13,2.421750592e-14,3.024513428e-13,1.844563159e-13,1.023836891e-13,1.122995338e-13,2.756859415e-13,6.54376831e-13,6.584540542e-13,2.34745851e-13,2.083110861e-13,5.899330761e-14,6.730580503e-13,6.067787355e-14,2.448117243e-14,7.064169123e-14,5.22602565e-14,6.771227587e-14,2.020496238e-13,9.869812409e-13,2.677874777e-13,7.10592096e-13,4.838644521e-14,2.096441747e-13,1.670536076e-13
33.640625,5.889688317e-13,2.957923549e-13,3.082141951e-13,1.28125507e-13,1.105984336e-13,1.388452606e-13,8.885512366e-14,1.167195939e-13,2.380908366e-14,3.01134674e-13,1.824680758e-13,1.023069196e-13,1.119590013e-13,2.7636176e-13,6.525391796e-13,6.541048813e-13,2.341657655e-13,2.053645e-13,5.917521531e-14,6.671411734e-13,6.09896414e-14,2.421926412e-14,6.99933252e-14,5.204036468e-14,6.68300436e-14,2.004523457e-13,9.824873077e-13,2.657053626e-13,7.016754594e-13,4.837168909e-14,2.103214519e-13,1.644828972e-13
33.6484375,5.821446318e-13,2.929383277e-13,3.077466722e-13,1.266038629e-13,1.083154074e-13,1.38631174e-13,8.856563012e-14,1.154198996e-13,2.340965978e-14,2.998210801e-13,1.804339445e-13,1.022343711e-13,1.116298892e-13,2.770379586e-13,6.505497655e-13,6.49480183e-13,2.335886663e-13,2.024230832e-13,5.938120077e-14,6.607841038e-13,6.132465513e-14,2.395698063e-14,6.930836568e-14,5.177696521e-14,6.595858979e-14,1.987616683e-13,9.77868454e-13,2.635845932e-13,6.923976879e-13,4.835019496e-14,2.109980336e-13,1.618384012e-13
33.65625,5.753732624e-13,2.90280221e-13,3.072728094e-13,1.250839036e-13,1.061017505e-13,1.386026536e-13,8.830505036e-14,1.140451456e-13,2.302163008e-14,2.9851629e-13,1.783712521e-13,1.021575884e-13,1.113099801e-13,2.778784096e-13,6.483417994e-13,6.445373631e-13,2.329653069e-13,1.994335526e-13,5.962877385e-14,6.539192609e-13,6.167730259e-14,2.371942106e-14,6.858922943e-14,5.145156325e-14,6.508883304e-14,1.969983164e-13,9.730966436e-13,2.615750579e-13,6.830724031e-13,4.830732966e-14,2.117577838e-13,1.591479558e-13
33.6640625,5.688361488e-13,2.879214806e-13,3.069354148e-13,1.234808847e-13,1.039876887e-13,1.386828014e-13,8.807688984e-14,1.125949602e-13,2.264182233e-14,2.972391648e-13,1.76414801e-13,1.020917706e-13,1.110215873e-13,2.788601788e-13,6.461585696e-13,6.395885329e-13,2.323333707e-13,1.963744645e-13,5.992224273e-14,6.473652429e-13,6.208874172e-14,2.351603378e-14,6.786469539e-14,5.113049341e-14,6.422492896e-14,1.952693198e-13,9.682107296e-13,2.596293676e-13,6.738759887e-13,4.825031824e-14,2.126069164e-13,1.565059438e-13
33.671875,5.620237718e-13,2.856749602e-13,3.066075526e-13,1.218312815e-13,1.018371592e-13,1.387680107e-13,8.783629077e-14,1.111462506e-13,2.225874062e-14,2.958682896e-13,1.744210449e-13,1.020713142e-13,1.10776447e-13,2.798864025e-13,6.441250606e-13,6.347541535e-13,2.317222712e-13,1.932751619e-13,6.022155036e-14,6.412380633e-13,6.255096722e-14,2.331987917e-14,6.715925962e-14,5.085998984e-14,6.335472054e-14,1.935937076e-13,9.633260215e-13,2.575021298e-13,6.644844922e-13,4.818233148e-14,2.134970904e-13,1.538999509e-13
33.6796875,5.546372012e-13,2.832911415e-13,3.061132237e-13,1.20173654e-13,9.96402473e-14,1.388752107e-13,8.7571134e-14,1.097416778e-13,2.186848082e-14,2.943148445e-13,1.722715532e-13,1.020343252e-13,1.105203842e-13,2.808643341e-13,6.420076217e-13,6.297827639e-13,2.310539023e-13,1.901071476e-13,6.047936415e-14,6.350830654e-13,6.299031739e-14,2.311009456e-14,6.647440344e-14,5.059611082e-14,6.245115218e-14,1.918644031e-13,9.583095977e-13,2.550700606e-13,6.547509825e-13,4.807873218e-14,2.143376107e-13,1.51269811e-13
33.6875,5.47000983e-13,2.809368992e-13,3.054842951e-13,1.186778952e-13,9.748269909e-14,1.390215265e-13,8.7326427e-14,1.083254486e-13,2.147119277e-14,2.927180745e-13,1.701817588e-13,1.019364213e-13,1.102245587e-13,2.817824324e-13,6.396941983e-13,6.244800785e-13,2.302699105e-13,1.868781939e-13,6.071860345e-14,6.288256251e-13,6.340910909e-14,2.290027653e-14,6.580428175e-14,5.025822414e-14,6.154021231e-14,1.900320935e-13,9.529277936e-13,2.525142655e-13,6.449207255e-13,4.793961993e-14,2.151606951e-13,1.486070639e-13
33.6953125,5.393055985e-13,2.788841762e-13,3.047971267e-13,1.173715707e-13,9.531691165e-14,1.391837509e-13,8.710589596e-14,1.068647376e-13,2.107376312e-14,2.912039059e-13,1.682514583e-13,1.018259122e-13,1.099142846e-13,2.826932735e-13,6.373536894e-13,6.190289976e-13,2.293992257e-13,1.836596265e-13,6.096045445e-14,6.227330649e-13,6.387105608e-14,2.269693021e-14,6.512766234e-14,4.984631328e-14,6.065971245e-14,1.881744105e-13,9.473953109e-13,2.499989243e-13,6.351286527e-13,4.778846931e-14,2.160441992e-13,1.459237062e-13
33.703125,5.314944833e-13,2.769985218e-13,3.04065713e-13,1.159988203e-13,9.315658649e-14,1.393405886e-13,8.689221207e-14,1.054306756e-13,2.068804145e-14,2.897534901e-13,1.662886644e-13,1.017155613e-13,1.096199434e-13,2.83637691e-13,6.351316234e-13,6.137396097e-13,2.284815608e-13,1.804604647e-13,6.121740329e-14,6.169177735e-13,6.437928403e-14,2.249295796e-14,6.442072736e-14,4.943885758e-14,5.979280292e-14,1.863347214e-13,9.420089969e-13,2.475195069e-13,6.252864515e-13,4.762356412e-14,2.168698416e-13,1.432466867e-13
33.7109375,5.236864146e-13,2.751581337e-13,3.03326332e-13,1.145957321e-13,9.114120053e-14,1.395572436e-13,8.670629018e-14,1.0403801e-13,2.030562179e-14,2.88260278e-13,1.642065035e-13,1.015973501e-13,1.093740058e-13,2.846759812e-13,6.330601547e-13,6.086155666e-13,2.275660954e-13,1.772502325e-13,6.15452283e-14,6.111800389e-13,6.489379342e-14,2.230329251e-14,6.369862049e-14,4.907580918e-14,5.891800298e-14,1.844761217e-13,9.36544055e-13,2.450828032e-13,6.153225517e-13,4.743232781e-14,2.175791042e-13,1.406113693e-13
33.71875,5.158919557e-13,2.734963772e-13,3.026083167e-13,1.134140192e-13,8.925710187e-14,1.398944496e-13,8.654758801e-14,1.025976054e-13,1.991500717e-14,2.866142547e-13,1.620843247e-13,1.015175568e-13,1.091873826e-13,2.858247764e-13,6.310307004e-13,6.034057713e-13,2.266585705e-13,1.740177332e-13,6.19317054e-14,6.054044678e-13,6.539486573e-14,2.214274963e-14,6.299291247e-14,4.874567008e-14,5.804814893e-14,1.826068489e-13,9.308219375e-13,2.426545034e-13,6.052992692e-13,4.72293712e-14,2.183844874e-13,1.380064236e-13
33.7265625,5.078959806e-13,2.721032447e-13,3.019068626e-13,1.122915665e-13,8.738540258e-14,1.402092526e-13,8.639474553e-14,1.011146144e-13,1.953228884e-14,2.849376914e-13,1.599783221e-13,1.01491028e-13,1.090384173e-13,2.869902144e-13,6.288789956e-13,5.980979876e-13,2.256997476e-13,1.707446484e-13,6.230637385e-14,5.998023861e-13,6.590164543e-14,2.20028818e-14,6.230537252e-14,4.844481505e-14,5.719669889e-14,1.807627124e-13,9.251315235e-13,2.401852598e-13,5.953786302e-13,4.704577501e-14,2.193599836e-13,1.354004799e-13
33.734375,4.997258145e-13,2.709828091e-13,3.012200928e-13,1.109971343e-13,8.551936835e-14,1.404131877e-13,8.626599838e-14,9.967063973e-14,1.916875861e-14,2.834193102e-13,1.579188559e-13,1.014737741e-13,1.089086165e-13,2.881478071e-13,6.267066744e-13,5.929770471e-13,2.247593442e-13,1.67472129e-13,6.26900419e-14,5.944593345e-13,6.643613299e-14,2.187665024e-14,6.161855657e-14,4.815518251e-14,5.636565363e-14,1.789198921e-13,9.195221882e-13,2.377349648e-13,5.8556946e-13,4.688359314e-14,2.203042011e-13,1.328053594e-13
33.7421875,4.91502208e-13,2.699076767e-13,3.004768151e-13,1.096842653e-13,8.367307765e-14,1.4064394e-13,8.617537669e-14,9.823943926e-14,1.880632375e-14,2.819077858e-13,1.558858872e-13,1.0143819e-13,1.087734616e-13,2.893257284e-13,6.246616525e-13,5.880198413e-13,2.239151788e-13,1.643011126e-13,6.310328474e-14,5.891418946e-13,6.696355729e-14,2.17517498e-14,6.092504374e-14,4.784364816e-14,5.555790889e-14,1.770429779e-13,9.136624384e-13,2.352278732e-13,5.756188801e-13,4.670071861e-14,2.211450764e-13,1.302408174e-13
33.75,4.830932951e-13,2.686359132e-13,2.995744545e-13,1.084625756e-13,8.177180134e-14,1.408484754e-13,8.609726109e-14,9.676879998e-14,1.842618709e-14,2.802467212e-13,1.538404164e-13,1.013834338e-13,1.086274257e-13,2.903972576e-13,6.225415141e-13,5.828653655e-13,2.229611473e-13,1.61172179e-13,6.350027234e-14,5.837125379e-13,6.746312287e-14,2.160860561e-14,6.023345621e-14,4.752206505e-14,5.477617749e-14,1.751290099e-13,9.076346442e-13,2.325077496e-13,5.654950614e-13,4.645784422e-14,2.219908424e-13,1.276914794e-13
33.7578125,4.744704697e-13,2.674697331e-13,2.985827566e-13,1.072336632e-13,7.97727036e-14,1.40882391e-13,8.602304674e-14,9.528843516e-14,1.80225062e-14,2.786195523e-13,1.518422119e-13,1.013124158e-13,1.085133025e-13,2.912813221e-13,6.202312422e-13,5.775298692e-13,2.217479788e-13,1.578656388e-13,6.390042699e-14,5.783089115e-13,6.798675602e-14,2.145696038e-14,5.95518078e-14,4.721692737e-14,5.401177496e-14,1.731962348e-13,9.018314405e-13,2.297193115e-13,5.55540006e-13,4.616294863e-14,2.228325421e-13,1.251491293e-13
33.765625,4.657909772e-13,2.666112186e-13,2.976153514e-13,1.060046014e-13,7.776793781e-14,1.409396289e-13,8.597123472e-14,9.380984819e-14,1.759978986e-14,2.771159145e-13,1.499088271e-13,1.012123189e-13,1.084086695e-13,2.920986045e-13,6.179178169e-13,5.722842317e-13,2.204495044e-13,1.54354431e-13,6.431732957e-14,5.731246029e-13,6.853954957e-14,2.131232003e-14,5.888104363e-14,4.6912977e-14,5.324632217e-14,1.71275892e-13,8.960525734e-13,2.270275965e-13,5.45714081e-13,4.585114972e-14,2.235500658e-13,1.226367981e-13
33.7734375,4.570721428e-13,2.657351947e-13,2.965689683e-13,1.048623174e-13,7.588049453e-14,1.411470078e-13,8.593472485e-14,9.232361487e-14,1.717749219e-14,2.755985928e-13,1.479261185e-13,1.010755778e-13,1.082402699e-13,2.929133694e-13,6.155865288e-13,5.670481304e-13,2.191614688e-13,1.508788631e-13,6.469172369e-14,5.681287534e-13,6.90864081e-14,2.11659593e-14,5.823095733e-14,4.659983434e-14,5.248361064e-14,1.693577274e-13,8.897959166e-13,2.243459479e-13,5.355936595e-13,4.553603445e-14,2.241581664e-13,1.201628501e-13
33.78125,4.484052887e-13,2.6491854e-13,2.953846391e-13,1.03815514e-13,7.414278451e-14,1.413582501e-13,8.58998897e-14,9.086460257e-14,1.67773052e-14,2.740626431e-13,1.458928172e-13,1.009581251e-13,1.080811564e-13,2.937774473e-13,6.131837675e-13,5.617442749e-13,2.178773723e-13,1.476194697e-13,6.507622334e-14,5.631135031e-13,6.966191678e-14,2.103337841e-14,5.760444336e-14,4.630028233e-14,5.175275875e-14,1.673876343e-13,8.833150467e-13,2.216906192e-13,5.253997813e-13,4.520200381e-14,2.248386795e-13,1.177050382e-13
33.7890625,4.399955492e-13,2.644173164e-13,2.942653898e-13,1.027837015e-13,7.254619875e-14,1.416193779e-13,8.590509983e-14,8.945043172e-14,1.640878728e-14,2.725815861e-13,1.439353117e-13,1.009051157e-13,1.080456864e-13,2.948469279e-13,6.109079727e-13,5.565490982e-13,2.167353579e-13,1.445548437e-13,6.557139911e-14,5.580877956e-13,7.026790965e-14,2.09438957e-14,5.698175063e-14,4.602395696e-14,5.105771176e-14,1.653660531e-13,8.771973388e-13,2.191414595e-13,5.156722678e-13,4.484254148e-14,2.256733527e-13,1.152507961e-13
33.796875,4.317204851e-13,2.639476126e-13,2.932820157e-13,1.0167798e-13,7.106369304e-14,1.420232682e-13,8.597383199e-14,8.807066199e-14,1.60673628e-14,2.7111665e-13,1.420589946e-13,1.008694055e-13,1.080636622e-13,2.960542206e-13,6.086850534e-13,5.514096831e-13,2.157171456e-13,1.415793961e-13,6.6124045e-14,5.5315736e-13,7.084873265e-14,2.087609362e-14,5.636366175e-14,4.576716337e-14,5.037151924e-14,1.633585513e-13,8.712856217e-13,2.165767051e-13,5.061321745e-13,4.446929448e-14,2.265374365e-13,1.128114169e-13
33.8046875,4.233638758e-13,2.634950589e-13,2.922772433e-13,1.005594021e-13,6.96338162e-14,1.424724937e-13,8.603151879e-14,8.671205663e-14,1.573474127e-14,2.695984305e-13,1.40203138e-13,1.008312804e-13,1.080481728e-13,2.971714957e-13,6.062150446e-13,5.461592903e-13,2.146107409e-13,1.386190161e-13,6.668008127e-14,5.482023745e-13,7.143209863e-14,2.080311902e-14,5.577651535e-14,4.552567801e-14,4.967854809e-14,1.61392461e-13,8.652023018e-13,2.139426139e-13,4.963226082e-13,4.407990955e-14,2.27371538e-13,1.103964389e-13
33.8125,4.149782013e-13,2.633265975e-13,2.912589481e-13,9.951923714e-14,6.826800685e-14,1.429805224e-13,8.602114112e-14,8.532648385e-14,1.53993465e-14,2.680038987e-13,1.384069853e-13,1.008176822e-13,1.080409037e-13,2.981953088e-13,6.035551222e-13,5.408613374e-13,2.134361377e-13,1.357270747e-13,6.726711696e-14,5.432929973e-13,7.202825292e-14,2.07421005e-14,5.52196062e-14,4.527425015e-14,4.897893563e-14,1.593912317e-13,8.591009296e-13,2.113231812e-13,4.86488257e-13,4.367028179e-14,2.282493749e-13,1.079981149e-13
33.8203125,4.064986694e-13,2.631643826e-13,2.902919312e-13,9.847819269e-14,6.698642413e-14,1.435356452e-13,8.600034366e-14,8.390219592e-14,1.50639697e-14,2.66395823e-13,1.367185027e-13,1.007699184e-13,1.080358724e-13,2.991271838e-13,6.008598269e-13,5.355842672e-13,2.123375484e-13,1.329848112e-13,6.782938945e-14,5.386950659e-13,7.255050656e-14,2.069049406e-14,5.4668261e-14,4.501619656e-14,4.828322937e-14,1.572589736e-13,8.529983501e-13,2.086834156e-13,4.767902418e-13,4.325896749e-14,2.291280864e-13,1.056005578e-13
33.828125,3.977416865e-13,2.628880983e-13,2.892590532e-13,9.743939138e-14,6.566459348e-14,1.439844974e-13,8.601522283e-14,8.249935664e-14,1.471972568e-14,2.648739131e-13,1.351086733e-13,1.006511113e-13,1.07987326e-13,2.998685958e-13,5.981475078e-13,5.303984152e-13,2.112757211e-13,1.303088169e-13,6.832774423e-14,5.342151708e-13,7.302307545e-14,2.061740818e-14,5.410846313e-14,4.479806845e-14,4.761621867e-14,1.550637203e-13,8.4663108e-13,2.059892893e-13,4.669964692e-13,4.285017594e-14,2.299350794e-13,1.032058682e-13
33.8359375,3.888554408e-13,2.629264791e-13,2.881783935e-13,9.658999814e-14,6.427238463e-14,1.444158984e-13,8.604053484e-14,8.112849491e-14,1.436510333e-14,2.634520902e-13,1.335462627e-13,1.005708584e-13,1.079633796e-13,3.00581738e-13,5.955991818e-13,5.254435361e-13,2.101506287e-13,1.276167375e-13,6.887856058e-14,5.296334523e-13,7.357327958e-14,2.05419996e-14,5.355641636e-14,4.459404932e-14,4.699023723e-14,1.52978804e-13,8.402943353e-13,2.033408447e-13,4.572103329e-13,4.242944132e-14,2.308098314e-13,1.008432441e-13
33.84375,3.800945748e-13,2.633983982e-13,2.872354553e-13,9.591794916e-14,6.299895108e-14,1.449725741e-13,8.607811003e-14,7.977352663e-14,1.403514257e-14,2.621071544e-13,1.320386755e-13,1.005906894e-13,1.080283875e-13,3.014693112e-13,5.933385778e-13,5.206938786e-13,2.089535071e-13,1.249867817e-13,6.954737029e-14,5.252969504e-13,7.420205317e-14,2.051222109e-14,5.30621867e-14,4.433926341e-14,4.639057575e-14,1.509890979e-13,8.344181744e-13,2.007884186e-13,4.477099621e-13,4.200147523e-14,2.318887317e-13,9.853119096e-14
33.8515625,3.714824754e-13,2.640409517e-13,2.863788399e-13,9.520875501e-14,6.18802388e-14,1.455679755e-13,8.615390407e-14,7.847056161e-14,1.374157199e-14,2.607819825e-13,1.305931019e-13,1.006109142e-13,1.081204859e-13,3.023705078e-13,5.911471041e-13,5.160429969e-13,2.077317886e-13,1.224337651e-13,7.022821894e-14,5.213576915e-13,7.48047555e-14,2.051158147e-14,5.263948892e-14,4.408484549e-14,4.579575864e-14,1.489369767e-13,8.286614149e-13,1.982202327e-13,4.384661135e-13,4.155902918e-14,2.330304246e-13,9.625975043e-14
33.859375,3.629520287e-13,2.645124622e-13,2.854312408e-13,9.440497239e-14,6.075647566e-14,1.462012391e-13,8.625809913e-14,7.722046655e-14,1.344982026e-14,2.593432245e-13,1.29176846e-13,1.005432117e-13,1.081621966e-13,3.030722853e-13,5.887722052e-13,5.114089745e-13,2.064792834e-13,1.198879737e-13,7.081664246e-14,5.174718035e-13,7.531890401e-14,2.04822718e-14,5.22280019e-14,4.390389203e-14,4.519456796e-14,1.468204337e-13,8.225662182e-13,1.954788146e-13,4.293352372e-13,4.107430481e-14,2.340179042e-13,9.4028285e-14
33.8671875,3.544872359e-13,2.646351249e-13,2.844174817e-13,9.35924446e-14,5.962021952e-14,1.469141935e-13,8.636968257e-14,7.601197827e-14,1.315977007e-14,2.578284349e-13,1.277330458e-13,1.004208577e-13,1.0816298e-13,3.036648673e-13,5.862174131e-13,5.067417633e-13,2.051844193e-13,1.174164663e-13,7.135685105e-14,5.135270791e-13,7.57854842e-14,2.043156858e-14,5.179950163e-14,4.376078723e-14,4.460525016e-14,1.447086115e-13,8.16273345e-13,1.926402996e-13,4.201931077e-13,4.056903912e-14,2.349066542e-13,9.184128853e-14
33.875,3.462039921e-13,2.648700947e-13,2.834659725e-13,9.284283348e-14,5.858868079e-14,1.476675293e-13,8.648649591e-14,7.488586468e-14,1.290195792e-14,2.564536096e-13,1.262667166e-13,1.003391983e-13,1.082117549e-13,3.044251138e-13,5.837953477e-13,5.023120711e-13,2.040458045e-13,1.151402964e-13,7.199772542e-14,5.096664562e-13,7.630313771e-14,2.042146673e-14,5.139186002e-14,4.362053978e-14,4.406705242e-14,1.425579031e-13,8.099793804e-13,1.899873176e-13,4.110982009e-13,4.008874607e-14,2.359657752e-13,8.967538879e-14
33.8828125,3.381681558e-13,2.655982116e-13,2.826477304e-13,9.220208989e-14,5.770081076e-14,1.48565708e-13,8.66275563e-14,7.381303398e-14,1.266768903e-14,2.552051422e-13,1.248845393e-13,1.003426347e-13,1.08381643e-13,3.054410317e-13,5.817588514e-13,4.983630968e-13,2.032046591e-13,1.130522894e-13,7.278900591e-14,5.059297202e-13,7.68540189e-14,2.04590646e-14,5.100972638e-14,4.348350269e-14,4.358364653e-14,1.403676518e-13,8.036657152e-13,1.875139533e-13,4.024106761e-13,3.961535571e-14,2.372542757e-13,8.752073767e-14
33.890625,3.301041817e-13,2.663449157e-13,2.819030978e-13,9.163191443e-14,5.691588593e-14,1.495792553e-13,8.679548646e-14,7.273975995e-14,1.244155615e-14,2.539177448e-13,1.236579768e-13,1.003633001e-13,1.086244144e-13,3.063651886e-13,5.797699544e-13,4.945314681e-13,2.02390937e-13,1.110263341e-13,7.360539828e-14,5.022958741e-13,7.732963639e-14,2.049748953e-14,5.0630663e-14,4.334029781e-14,4.312083449e-14,1.382128344e-13,7.973847464e-13,1.849636467e-13,3.941715939e-13,3.910764641e-14,2.385060522e-13,8.540260487e-14
33.8984375,3.218901988e-13,2.668343434e-13,2.810521001e-13,9.106107163e-14,5.616989769e-14,1.504540996e-13,8.693561492e-14,7.17254882e-14,1.223236143e-14,2.526349304e-13,1.224900331e-13,1.003338141e-13,1.088485051e-13,3.069268579e-13,5.774257088e-13,4.905223403e-13,2.014285091e-13,1.089603251e-13,7.437525668e-14,4.986655677e-13,7.775610706e-14,2.052508755e-14,5.026389692e-14,4.324979279e-14,4.266497977e-14,1.360754332e-13,7.910991596e-13,1.823886479e-13,3.859194398e-13,3.857649198e-14,2.395764652e-13,8.332704504e-14
33.90625,3.138892617e-13,2.674141403e-13,2.800873673e-13,9.052014176e-14,5.548164676e-14,1.512619798e-13,8.703049931e-14,7.079152068e-14,1.20330557e-14,2.514243209e-13,1.212719994e-13,1.003023686e-13,1.090617036e-13,3.074502436e-13,5.750356868e-13,4.86632496e-13,2.005286818e-13,1.069434622e-13,7.51718192e-14,4.950781801e-13,7.818872213e-14,2.055988939e-14,4.990988341e-14,4.326134827e-14,4.22277036e-14,1.339495839e-13,7.847088608e-13,1.799548191e-13,3.775671384e-13,3.805739581e-14,2.406583338e-13,8.129713344e-14
33.9140625,3.061828635e-13,2.681199547e-13,2.792089524e-13,9.00500006e-14,5.493975241e-14,1.5220318e-13,8.71730592e-14,6.989546963e-14,1.184573005e-14,2.50219154e-13,1.200716854e-13,1.003342565e-13,1.093279357e-13,3.082153409e-13,5.730105379e-13,4.830733007e-13,1.997603064e-13,1.050999417e-13,7.603108042e-14,4.919062883e-13,7.856422503e-14,2.060675833e-14,4.955635824e-14,4.329742978e-14,4.182456504e-14,1.319280048e-13,7.784052702e-13,1.775145329e-13,3.695242874e-13,3.7559888e-14,2.418907896e-13,7.935052147e-14
33.921875,2.98433897e-13,2.688054932e-13,2.783962379e-13,8.962651323e-14,5.451288591e-14,1.53176237e-13,8.74094747e-14,6.909985334e-14,1.170250351e-14,2.490544836e-13,1.189788732e-13,1.0039906e-13,1.096513122e-13,3.089497072e-13,5.711537026e-13,4.797222017e-13,1.990159774e-13,1.033334069e-13,7.693526743e-14,4.892130259e-13,7.891192636e-14,2.067410406e-14,4.922790448e-14,4.332568064e-14,4.147408299e-14,1.29984651e-13,7.7228523e-13,1.74975203e-13,3.618866237e-13,3.70622942e-14,2.431273192e-13,7.749017364e-14
33.9296875,2.905982349e-13,2.695566261e-13,2.774682968e-13,8.926285156e-14,5.41126035e-14,1.541236588e-13,8.764094371e-14,6.841147169e-14,1.158963703e-14,2.479937431e-13,1.179598507e-13,1.004375328e-13,1.099617127e-13,3.09438142e-13,5.691240399e-13,4.764271566e-13,1.982808045e-13,1.01549006e-13,7.788901196e-14,4.865416083e-13,7.931950645e-14,2.076031861e-14,4.894692738e-14,4.338478701e-14,4.116200041e-14,1.27988598e-13,7.660511932e-13,1.724997344e-13,3.543778701e-13,3.654402686e-14,2.442217241e-13,7.566513699e-14
33.9375,2.828454797e-13,2.702827537e-13,2.76544277e-13,8.896794515e-14,5.376943869e-14,1.550762592e-13,8.779056304e-14,6.76950611e-14,1.145565478e-14,2.469275696e-13,1.169970629e-13,1.004672212e-13,1.102028287e-13,3.098271446e-13,5.669141179e-13,4.730902296e-13,1.974914373e-13,9.984768174e-14,7.886403862e-14,4.837413219e-13,7.969922909e-14,2.083476447e-14,4.867968864e-14,4.34221512e-14,4.083811624e-14,1.259548028e-13,7.596376445e-13,1.701167242e-13,3.468682242e-13,3.601918414e-14,2.452707312e-13,7.384880117e-14
33.9453125,2.753058167e-13,2.708696616e-13,2.75839196e-13,8.867175509e-14,5.353752636e-14,1.559748754e-13,8.791143326e-14,6.69661631e-14,1.131889574e-14,2.45797004e-13,1.161109395e-13,1.005533732e-13,1.104113329e-13,3.102450994e-13,5.646839596e-13,4.698091075e-13,1.966904279e-13,9.830222698e-14,7.982743222e-14,4.810375823e-13,8.0009797e-14,2.089030228e-14,4.838325016e-14,4.345485619e-14,4.049400971e-14,1.239695951e-13,7.532538303e-13,1.677483966e-13,3.394439368e-13,3.550564993e-14,2.464458659e-13,7.204299336e-14
33.953125,2.681718559e-13,2.715322481e-13,2.752554255e-13,8.834129958e-14,5.342943285e-14,1.569440653e-13,8.806370221e-14,6.635767905e-14,1.124326924e-14,2.447050316e-13,1.152580514e-13,1.006871694e-13,1.106431479e-13,3.10676617e-13,5.624627283e-13,4.667156593e-13,1.960785595e-13,9.68826365e-14,8.080098603e-14,4.783851249e-13,8.03869272e-14,2.09526659e-14,4.80768416e-14,4.361676598e-14,4.016403961e-14,1.220062736e-13,7.467965284e-13,1.654756389e-13,3.322235688e-13,3.498534036e-14,2.477151441e-13,7.025958354e-14
33.9609375,2.613496004e-13,2.724068657e-13,2.746553455e-13,8.803221674e-14,5.346024526e-14,1.581327278e-13,8.822916542e-14,6.584651709e-14,1.122401017e-14,2.43686097e-13,1.14426782e-13,1.008013482e-13,1.109080757e-13,3.110775173e-13,5.602053003e-13,4.637764852e-13,1.956187445e-13,9.553803078e-14,8.181769079e-14,4.756755019e-13,8.082767473e-14,2.103027941e-14,4.781518429e-14,4.386212533e-14,3.985713414e-14,1.200223104e-13,7.401941513e-13,1.633553885e-13,3.252428076e-13,3.444563589e-14,2.489443813e-13,6.853826769e-14
33.96875,2.545166457e-13,2.733184126e-13,2.741215275e-13,8.777899684e-14,5.360472536e-14,1.594057747e-13,8.838903401e-14,6.536401628e-14,1.12073169e-14,2.427101132e-13,1.136666328e-13,1.009191164e-13,1.112475835e-13,3.114957024e-13,5.58062767e-13,4.611125335e-13,1.952378116e-13,9.422134151e-14,8.292489572e-14,4.730882763e-13,8.121565224e-14,2.112234447e-14,4.759601824e-14,4.407134654e-14,3.957814577e-14,1.180521955e-13,7.337795765e-13,1.612855513e-13,3.184421122e-13,3.391177757e-14,2.502004993e-13,6.689007415e-14
33.9765625,2.477683696e-13,2.740705629e-13,2.736943921e-13,8.755220051e-14,5.385086522e-14,1.606734942e-13,8.855736386e-14,6.492665291e-14,1.11902934e-14,2.418124312e-13,1.129682014e-13,1.011111507e-13,1.116736319e-13,3.120125671e-13,5.560950928e-13,4.587696699e-13,1.950408743e-13,9.298740768e-14,8.413613196e-14,4.707160035e-13,8.157579627e-14,2.123692395e-14,4.737219051e-14,4.432685346e-14,3.934283186e-14,1.161235749e-13,7.276676115e-13,1.592305585e-13,3.118061497e-13,3.340834575e-14,2.516150136e-13,6.527441512e-14
33.984375,2.413574652e-13,2.746696626e-13,2.73320751e-13,8.733288399e-14,5.425521729e-14,1.620116149e-13,8.871804494e-14,6.453925839e-14,1.120986239e-14,2.409734478e-13,1.123226704e-13,1.01348181e-13,1.120815163e-13,3.125006235e-13,5.54006866e-13,4.564288079e-13,1.949420578e-13,9.189636974e-14,8.536784995e-14,4.684381568e-13,8.193936722e-14,2.137284426e-14,4.71536416e-14,4.469705187e-14,3.912509927e-14,1.142054841e-13,7.215371497e-13,1.572986983e-13,3.053538652e-13,3.293105984e-14,2.531042833e-13,6.368747505e-14
33.9921875,2.351886092e-13,2.753120167e-13,2.730507489e-13,8.715230837e-14,5.482125298e-14,1.634367673e-13,8.884841043e-14,6.420760945e-14,1.126442428e-14,2.400927444e-13,1.117707688e-13,1.015764233e-13,1.124481183e-13,3.128409876e-13,5.517581225e-13,4.54110499e-13,1.948501339e-13,9.086632142e-14,8.659705205e-14,4.661965232e-13,8.225229502e-14,2.152473505e-14,4.698196309e-14,4.508844003e-14,3.889749259e-14,1.122559017e-13,7.152014068e-13,1.555279171e-13,2.989975889e-13,3.245581786e-14,2.545719361e-13,6.215592058e-14
34,2.291145783e-13,2.761250437e-13,2.72909098e-13,8.699988809e-14,5.549391333e-14,1.649009789e-13,8.897078436e-14,6.395217556e-14,1.132980279e-14,2.391757796e-13,1.11291534e-13,1.018115371e-13,1.128780757e-13,3.13172402e-13,5.496344844e-13,4.52145155e-13,1.948977399e-13,8.9874918e-14,8.789731848e-14,4.639982432e-13,8.25260675e-14,2.168249345e-14,4.68327501e-14,4.546608566e-14,3.869147446e-14,1.103082383e-13,7.088303126e-13,1.537906343e-13,2.927262747e-13,3.196878947e-14,2.560695704e-13,6.066666863e-14
34.0078125,2.231192045e-13,2.769578863e-13,2.728318929e-13,8.680598263e-14,5.625983999e-14,1.663186757e-13,8.909654485e-14,6.375748296e-14,1.141820017e-14,2.383027086e-13,1.108479289e-13,1.020716741e-13,1.133714627e-13,3.135484551e-13,5.476202626e-13,4.504691833e-13,1.950804339e-13,8.899248444e-14,8.924809469e-14,4.61876273e-13,8.280349798e-14,2.182924091e-14,4.666451129e-14,4.588926856e-14,3.853279812e-14,1.084565175e-13,7.026498207e-13,1.519918336e-13,2.867252153e-13,3.148516826e-14,2.575919196e-13,5.921143439e-14
34.015625,2.172321772e-13,2.775912151e-13,2.728745532e-13,8.663003745e-14,5.713373807e-14,1.677198931e-13,8.921615922e-14,6.363616887e-14,1.155099002e-14,2.374475593e-13,1.104723346e-13,1.023749152e-13,1.138829894e-13,3.139848863e-13,5.456820796e-13,4.490107913e-13,1.954129827e-13,8.819122141e-14,9.060878543e-14,4.59846321e-13,8.308779663e-14,2.198283134e-14,4.64977702e-14,4.638119806e-14,3.840537872e-14,1.066977194e-13,6.9658839e-13,1.502170558e-13,2.810238857e-13,3.100779025e-14,2.591219325e-13,5.780987577e-14
34.0234375,2.115461157e-13,2.7808223e-13,2.730688702e-13,8.662262953e-14,5.811483116e-14,1.692708921e-13,8.933698151e-14,6.361342561e-14,1.17146191e-14,2.365471822e-13,1.101678992e-13,1.02740921e-13,1.144589344e-13,3.146478952e-13,5.439437816e-13,4.478451955e-13,1.960480423e-13,8.744465122e-14,9.204038524e-14,4.577875072e-13,8.338482267e-14,2.217703837e-14,4.635813532e-14,4.69193249e-14,3.829673008e-14,1.049306511e-13,6.904122562e-13,1.485856676e-13,2.754340726e-13,3.051528502e-14,2.60739692e-13,5.644814666e-14
34.03125,2.060961804e-13,2.786748251e-13,2.732334556e-13,8.673238999e-14,5.916943408e-14,1.708876329e-13,8.942734633e-14,6.365694325e-14,1.189137034e-14,2.356592016e-13,1.099071494e-13,1.031173099e-13,1.150871684e-13,3.153380793e-13,5.421525283e-13,4.467895913e-13,1.968576844e-13,8.677774056e-14,9.354099519e-14,4.557415627e-13,8.365996101e-14,2.239242896e-14,4.623028668e-14,4.74818245e-14,3.820302525e-14,1.031423073e-13,6.842127895e-13,1.471007481e-13,2.698979313e-13,3.00225015e-14,2.624074081e-13,5.51057528e-14
34.0390625,2.009064695e-13,2.793372936e-13,2.733223512e-13,8.677700092e-14,6.029696465e-14,1.723861194e-13,8.943575873e-14,6.376758436e-14,1.209255268e-14,2.348638615e-13,1.097215243e-13,1.034578608e-13,1.157016841e-13,3.157011319e-13,5.401078475e-13,4.458761319e-13,1.97730444e-13,8.619913717e-14,9.504034515e-14,4.540227158e-13,8.38651868e-14,2.259201263e-14,4.610770716e-14,4.810077274e-14,3.812591369e-14,1.014093051e-13,6.781957606e-13,1.456916994e-13,2.644363381e-13,2.956324975e-14,2.640279275e-13,5.381701481e-14
34.046875,1.960510229e-13,2.798269165e-13,2.735720777e-13,8.674173074e-14,6.158794915e-14,1.738859972e-13,8.939090876e-14,6.397803604e-14,1.233577408e-14,2.341139371e-13,1.09628829e-13,1.038115292e-13,1.163248808e-13,3.159899998e-13,5.381308455e-13,4.454005374e-13,1.988252401e-13,8.579386039e-14,9.655965049e-14,4.526387431e-13,8.404635082e-14,2.278031778e-14,4.600220186e-14,4.880520003e-14,3.80768445e-14,9.977443492e-14,6.722779975e-13,1.442972741e-13,2.590481311e-13,2.912829402e-14,2.656968191e-13,5.262465996e-14
34.0546875,1.914002174e-13,2.802776668e-13,2.741185582e-13,8.675170301e-14,6.304601737e-14,1.754848216e-13,8.933945988e-14,6.426363506e-14,1.261771138e-14,2.333446818e-13,1.095998952e-13,1.042266774e-13,1.170003661e-13,3.16481779e-13,5.364186891e-13,4.453201057e-13,2.001044487e-13,8.558312983e-14,9.816208339e-14,4.513738296e-13,8.427446106e-14,2.29764201e-14,4.590632222e-14,4.953286966e-14,3.805372148e-14,9.824968392e-14,6.66480349e-13,1.429568407e-13,2.539208486e-13,2.870209651e-14,2.675120542e-13,5.152230937e-14
34.0625,1.86784739e-13,2.809830853e-13,2.748437898e-13,8.690194561e-14,6.456940259e-14,1.771336173e-13,8.926623352e-14,6.462503835e-14,1.293004312e-14,2.325841111e-13,1.096258347e-13,1.04704441e-13,1.17742001e-13,3.169452766e-13,5.348523159e-13,4.455143367e-13,2.014832303e-13,8.541510863e-14,9.986609604e-14,4.503275714e-13,8.455680471e-14,2.319580122e-14,4.581442527e-14,5.025865186e-14,3.804971644e-14,9.680328607e-14,6.608817933e-13,1.417758899e-13,2.491580615e-13,2.828770128e-14,2.694087909e-13,5.047786255e-14
34.0703125,1.822786035e-13,2.817483691e-13,2.755189971e-13,8.718051536e-14,6.619768212e-14,1.788574202e-13,8.9146216e-14,6.509999636e-14,1.32811109e-14,2.318375558e-13,1.096603894e-13,1.052042295e-13,1.185153737e-13,3.172720557e-13,5.332460164e-13,4.458816525e-13,2.029918594e-13,8.527900099e-14,1.016151893e-13,4.494671177e-13,8.485737719e-14,2.343705472e-14,4.574625462e-14,5.104017881e-14,3.806132826e-14,9.534687275e-14,6.551191605e-13,1.407051149e-13,2.444402079e-13,2.786995665e-14,2.713084118e-13,4.947452811e-14
34.078125,1.779270367e-13,2.822435025e-13,2.760240514e-13,8.748228879e-14,6.799536947e-14,1.805364305e-13,8.896757971e-14,6.566307076e-14,1.367249278e-14,2.310899965e-13,1.096419227e-13,1.056437703e-13,1.192273725e-13,3.175152292e-13,5.31374393e-13,4.462194026e-13,2.044778954e-13,8.527653687e-14,1.033116121e-13,4.484975724e-13,8.512401672e-14,2.366580981e-14,4.570124144e-14,5.186697851e-14,3.807027428e-14,9.385974997e-14,6.490635339e-13,1.396112163e-13,2.395733166e-13,2.744161708e-14,2.731458132e-13,4.851430606e-14
34.0859375,1.737411033e-13,2.82561147e-13,2.76558261e-13,8.77605672e-14,6.989664962e-14,1.820610387e-13,8.873794663e-14,6.628536436e-14,1.408757782e-14,2.30412934e-13,1.096571224e-13,1.060501241e-13,1.199283068e-13,3.176319663e-13,5.29370463e-13,4.467666342e-13,2.060350599e-13,8.534865534e-14,1.05004501e-13,4.476254097e-13,8.535360294e-14,2.388277293e-14,4.564646675e-14,5.27282677e-14,3.807958278e-14,9.240869706e-14,6.432406614e-13,1.385694047e-13,2.348505449e-13,2.702546435e-14,2.749203697e-13,4.760077176e-14
34.09375,1.698219168e-13,2.829145336e-13,2.773242442e-13,8.806095869e-14,7.192559842e-14,1.836411916e-13,8.849294689e-14,6.697607348e-14,1.452729886e-14,2.298105329e-13,1.098056048e-13,1.065514422e-13,1.207682559e-13,3.177665985e-13,5.275623976e-13,4.477983321e-13,2.079882461e-13,8.547071291e-14,1.068176269e-13,4.471727053e-13,8.557960458e-14,2.412956981e-14,4.557787232e-14,5.368248874e-14,3.812034088e-14,9.102926941e-14,6.377551851e-13,1.376928539e-13,2.304847485e-13,2.663365307e-14,2.767346332e-13,4.674124301e-14
34.1015625,1.660782074e-13,2.832948992e-13,2.781753329e-13,8.840308681e-14,7.41146722e-14,1.85328045e-13,8.823534379e-14,6.773339084e-14,1.500109065e-14,2.291580113e-13,1.099884842e-13,1.071105013e-13,1.216691398e-13,3.179715676e-13,5.258208185e-13,4.48984298e-13,2.101091804e-13,8.571622905e-14,1.086736526e-13,4.468633264e-13,8.577474183e-14,2.438687017e-14,4.553004874e-14,5.468611812e-14,3.819343848e-14,8.972620801e-14,6.321560437e-13,1.368787257e-13,2.263498211e-13,2.626573767e-14,2.785672879e-13,4.595293959e-14
34.109375,1.623698293e-13,2.835486156e-13,2.790408572e-13,8.881566513e-14,7.63493262e-14,1.869380767e-13,8.794396981e-14,6.858292189e-14,1.549822724e-14,2.284486789e-13,1.101297292e-13,1.076055537e-13,1.22504306e-13,3.180167172e-13,5.239949149e-13,4.502007656e-13,2.120851653e-13,8.601825372e-14,1.104693733e-13,4.464815261e-13,8.593871413e-14,2.462116868e-14,4.551561311e-14,5.56498032e-14,3.828485702e-14,8.847974259e-14,6.264182647e-13,1.360556856e-13,2.223186481e-13,2.591404439e-14,2.803325184e-13,4.522886563e-14
34.1171875,1.587625278e-13,2.835493694e-13,2.800618338e-13,8.931478536e-14,7.868338494e-14,1.884987675e-13,8.762848062e-14,6.954886522e-14,1.603319472e-14,2.277726742e-13,1.103285577e-13,1.080890097e-13,1.233584876e-13,3.179461203e-13,5.221645691e-13,4.516128691e-13,2.140908085e-13,8.630603379e-14,1.122805349e-13,4.460973028e-13,8.613861384e-14,2.487552268e-14,4.550888499e-14,5.663388052e-14,3.839050299e-14,8.72008735e-14,6.207001713e-13,1.352977271e-13,2.183436081e-13,2.555381372e-14,2.821237176e-13,4.452210847e-14
34.125,1.552754493e-13,2.833687236e-13,2.811241704e-13,8.980067372e-14,8.126268107e-14,1.900542966e-13,8.729112697e-14,7.057852159e-14,1.664154214e-14,2.271280678e-13,1.106065016e-13,1.086235457e-13,1.242470651e-13,3.178944771e-13,5.201632057e-13,4.530278769e-13,2.162046018e-13,8.664548742e-14,1.141309698e-13,4.455653203e-13,8.633829145e-14,2.516952308e-14,4.549630902e-14,5.774137105e-14,3.849621521e-14,8.585709711e-14,6.148470212e-13,1.346048544e-13,2.14411284e-13,2.518529292e-14,2.839863024e-13,4.381066621e-14
34.1328125,1.519799067e-13,2.831981146e-13,2.821330093e-13,9.023304208e-14,8.395534367e-14,1.91609252e-13,8.69353394e-14,7.162289073e-14,1.729933798e-14,2.265185927e-13,1.109006182e-13,1.091569024e-13,1.250906056e-13,3.177313405e-13,5.180220867e-13,4.545017412e-13,2.184206121e-13,8.707033212e-14,1.159963595e-13,4.449817901e-13,8.648174775e-14,2.546745111e-14,4.549860109e-14,5.896261086e-14,3.861710332e-14,8.456251512e-14,6.089363429e-13,1.339601393e-13,2.106390544e-13,2.483205015e-14,2.858570906e-13,4.313832653e-14
34.140625,1.490583981e-13,2.830741063e-13,2.833291743e-13,9.069567908e-14,8.664149052e-14,1.932992971e-13,8.65850876e-14,7.268673797e-14,1.795725415e-14,2.259546079e-13,1.112804776e-13,1.097014042e-13,1.259577111e-13,3.175255249e-13,5.161226801e-13,4.564031815e-13,2.209096883e-13,8.757338717e-14,1.179674453e-13,4.447997957e-13,8.66469005e-14,2.577989444e-14,4.551800882e-14,6.020473387e-14,3.878684213e-14,8.339780562e-14,6.032713134e-13,1.334217847e-13,2.071451782e-13,2.448429122e-14,2.878257583e-13,4.254748165e-14
34.1484375,1.463868726e-13,2.82857384e-13,2.846877537e-13,9.118779106e-14,8.942125551e-14,1.950122881e-13,8.620983495e-14,7.379123241e-14,1.862373533e-14,2.253612602e-13,1.117945837e-13,1.102837827e-13,1.268679493e-13,3.174164602e-13,5.143861014e-13,4.586642392e-13,2.23638255e-13,8.816316819e-14,1.200387059e-13,4.449443981e-13,8.683918942e-14,2.611878172e-14,4.552051549e-14,6.141724093e-14,3.898307361e-14,8.230639738e-14,5.977984489e-13,1.329793513e-13,2.038207734e-13,2.413515338e-14,2.898843037e-13,4.202192364e-14
34.15625,1.437925294e-13,2.82456767e-13,2.859004718e-13,9.169270313e-14,9.2324487e-14,1.965137491e-13,8.576852423e-14,7.497828653e-14,1.933247054e-14,2.247576323e-13,1.123325114e-13,1.108369932e-13,1.277335384e-13,3.172144114e-13,5.125070681e-13,4.611132845e-13,2.264980776e-13,8.881588437e-14,1.220906662e-13,4.449913596e-13,8.695595911e-14,2.645345252e-14,4.550776765e-14,6.268916782e-14,3.918546317e-14,8.122211006e-14,5.923583487e-13,1.326021678e-13,2.004797509e-13,2.381226008e-14,2.918183594e-13,4.153149497e-14
34.1640625,1.413890851e-13,2.819422324e-13,2.869986714e-13,9.224282805e-14,9.534266187e-14,1.979226425e-13,8.528775482e-14,7.62584742e-14,2.009852521e-14,2.242287734e-13,1.128607199e-13,1.113455061e-13,1.286073646e-13,3.168337606e-13,5.1044631e-13,4.636826183e-13,2.294940269e-13,8.951587028e-14,1.241395454e-13,4.449792105e-13,8.701085741e-14,2.679594271e-14,4.551682547e-14,6.410329594e-14,3.941652705e-14,8.013939413e-14,5.869753124e-13,1.323095015e-13,1.971512123e-13,2.351368125e-14,2.936627848e-13,4.108261549e-14
34.171875,1.391481676e-13,2.813659554e-13,2.881275207e-13,9.274502355e-14,9.849096768e-14,1.993212231e-13,8.477442384e-14,7.758776274e-14,2.091731369e-14,2.236952793e-13,1.134591465e-13,1.118419925e-13,1.295224625e-13,3.163242474e-13,5.081126786e-13,4.662453697e-13,2.325374271e-13,9.025106803e-14,1.26208865e-13,4.451586505e-13,8.704125391e-14,2.715975517e-14,4.554124624e-14,6.560426164e-14,3.96537619e-14,7.909079561e-14,5.81593858e-13,1.320491631e-13,1.939756094e-13,2.321761449e-14,2.955659283e-13,4.069707692e-14
34.1796875,1.369871212e-13,2.806450866e-13,2.8926229e-13,9.315207814e-14,1.016653525e-13,2.006160591e-13,8.421218285e-14,7.896555798e-14,2.176260971e-14,2.230704142e-13,1.140941635e-13,1.12310201e-13,1.30378158e-13,3.155977368e-13,5.05607479e-13,4.690493742e-13,2.356958769e-13,9.098908238e-14,1.282381207e-13,4.455421553e-13,8.702490992e-14,2.750195379e-14,4.556534278e-14,6.716510716e-14,3.986759686e-14,7.813689646e-14,5.761945234e-13,1.31808495e-13,1.909407956e-13,2.293658871e-14,2.974236357e-13,4.037627117e-14
34.1875,1.350812482e-13,2.797940529e-13,2.905102014e-13,9.362523122e-14,1.048488712e-13,2.019222926e-13,8.363500513e-14,8.042908682e-14,2.26276584e-14,2.223854742e-13,1.146718055e-13,1.127831133e-13,1.312271047e-13,3.148196225e-13,5.033467245e-13,4.723575421e-13,2.391350964e-13,9.179352355e-14,1.303063523e-13,4.460468378e-13,8.703257272e-14,2.782772775e-14,4.561231056e-14,6.879159934e-14,4.01078636e-14,7.730130944e-14,5.709410082e-13,1.316850151e-13,1.879726538e-13,2.267320917e-14,2.992191192e-13,4.010262951e-14
34.1953125,1.334473218e-13,2.789110608e-13,2.919332004e-13,9.418762012e-14,1.081597423e-13,2.032692049e-13,8.305618368e-14,8.19767976e-14,2.353551129e-14,2.216664146e-13,1.152264432e-13,1.13320268e-13,1.32206451e-13,3.14255613e-13,5.013345192e-13,4.758966938e-13,2.427601447e-13,9.277739137e-14,1.325236029e-13,4.466424633e-13,8.710840989e-14,2.818398064e-14,4.56754972e-14,7.039386698e-14,4.041558941e-14,7.653147091e-14,5.658081758e-13,1.316229611e-13,1.850931701e-13,2.240434078e-14,3.010951272e-13,3.986903394e-14
34.203125,1.319258928e-13,2.779270733e-13,2.932984334e-13,9.468055606e-14,1.115485713e-13,2.044605778e-13,8.245076211e-14,8.358347035e-14,2.447726413e-14,2.210048937e-13,1.158313562e-13,1.138840802e-13,1.332670581e-13,3.137023873e-13,4.992376709e-13,4.795223233e-13,2.465537787e-13,9.391303445e-14,1.348037464e-13,4.473759428e-13,8.716274714e-14,2.855760597e-14,4.572864795e-14,7.198218922e-14,4.0767118e-14,7.579716176e-14,5.606354884e-13,1.315025623e-13,1.823263137e-13,2.213816952e-14,3.029940116e-13,3.969558328e-14
34.2109375,1.305536075e-13,2.768516255e-13,2.945048344e-13,9.515059475e-14,1.149350998e-13,2.055017922e-13,8.181806991e-14,8.523025603e-14,2.543020224e-14,2.204747688e-13,1.164538893e-13,1.144320577e-13,1.343233178e-13,3.129324172e-13,4.96985134e-13,4.833805147e-13,2.506012458e-13,9.510785901e-14,1.370666136e-13,4.483247729e-13,8.71954924e-14,2.893028609e-14,4.580421227e-14,7.370336639e-14,4.114717167e-14,7.513391775e-14,5.555291363e-13,1.314503253e-13,1.79672283e-13,2.189685811e-14,3.048364635e-13,3.959084491e-14
34.21875,1.294138609e-13,2.758956738e-13,2.957545994e-13,9.577738834e-14,1.184163057e-13,2.065186e-13,8.114077132e-14,8.693302392e-14,2.640987697e-14,2.199195321e-13,1.170602301e-13,1.149866869e-13,1.353985454e-13,3.1211133e-13,4.946670425e-13,4.87452866e-13,2.547915301e-13,9.637364968e-14,1.393809665e-13,4.494144912e-13,8.727341114e-14,2.93208292e-14,4.593259223e-14,7.554644191e-14,4.155324224e-14,7.454219863e-14,5.506043833e-13,1.315945417e-13,1.771648068e-13,2.167045122e-14,3.067005118e-13,3.9518837e-14
34.2265625,1.285377172e-13,2.750301005e-13,2.972001414e-13,9.650874796e-14,1.220656301e-13,2.075566716e-13,8.039105853e-14,8.870793039e-14,2.743331127e-14,2.192441223e-13,1.177224452e-13,1.155546778e-13,1.364850982e-13,3.113630267e-13,4.923013878e-13,4.916439615e-13,2.590717507e-13,9.776294549e-14,1.41764649e-13,4.504217876e-13,8.7353649e-14,2.972940554e-14,4.608498018e-14,7.739029985e-14,4.195609019e-14,7.397923989e-14,5.457155676e-13,1.318190256e-13,1.747943781e-13,2.144248262e-14,3.085910213e-13,3.945639236e-14
34.234375,1.279242854e-13,2.739960585e-13,2.987799749e-13,9.71311518e-14,1.258691223e-13,2.086395235e-13,7.958969664e-14,9.048882612e-14,2.850247041e-14,2.185881735e-13,1.184700179e-13,1.161178975e-13,1.375231687e-13,3.106140775e-13,4.89787164e-13,4.957427197e-13,2.633930403e-13,9.927358826e-14,1.441328097e-13,4.512603279e-13,8.741059157e-14,3.015420662e-14,4.624464023e-14,7.923409688e-14,4.234045844e-14,7.345071661e-14,5.408169829e-13,1.320431769e-13,1.724834468e-13,2.121672963e-14,3.104834374e-13,3.943076836e-14
34.2421875,1.274961884e-13,2.727185806e-13,3.00330615e-13,9.762675057e-14,1.297710657e-13,2.096677216e-13,7.876110542e-14,9.224032897e-14,2.961173335e-14,2.179948016e-13,1.192046309e-13,1.166696986e-13,1.385325947e-13,3.098148058e-13,4.870648551e-13,4.99705355e-13,2.677087667e-13,1.008806888e-13,1.464798073e-13,4.521095039e-13,8.747811202e-14,3.060297544e-14,4.643142264e-14,8.113854488e-14,4.274244401e-14,7.297755434e-14,5.360508887e-13,1.323424264e-13,1.701417723e-13,2.100353795e-14,3.124100458e-13,3.945673052e-14
34.25,1.273060053e-13,2.713607984e-13,3.017916021e-13,9.818310142e-14,1.336624716e-13,2.105477909e-13,7.790179267e-14,9.403629527e-14,3.072602564e-14,2.174127044e-13,1.198994395e-13,1.172289796e-13,1.395963778e-13,3.089438896e-13,4.843042948e-13,5.039742774e-13,2.723173705e-13,1.025346267e-13,1.489073285e-13,4.531236167e-13,8.754832405e-14,3.106127776e-14,4.665216658e-14,8.311476284e-14,4.318686453e-14,7.253972862e-14,5.314516245e-13,1.32755435e-13,1.677488177e-13,2.080383471e-14,3.143089194e-13,3.95161366e-14
34.2578125,1.274097715e-13,2.701344426e-13,3.032279197e-13,9.883934651e-14,1.375594849e-13,2.113350556e-13,7.699288855e-14,9.586556323e-14,3.184098622e-14,2.168616616e-13,1.206484794e-13,1.178246143e-13,1.407062341e-13,3.07992003e-13,4.814864848e-13,5.085301682e-13,2.772472287e-13,1.041917711e-13,1.514371231e-13,4.541826594e-13,8.764023432e-14,3.153180499e-14,4.689098376e-14,8.51153119e-14,4.363447412e-14,7.213684661e-14,5.26998902e-13,1.332602794e-13,1.654651046e-13,2.060920597e-14,3.161301192e-13,3.960027825e-14
34.265625,1.276407611e-13,2.689702968e-13,3.046076883e-13,9.947365319e-14,1.415731122e-13,2.120145855e-13,7.601494598e-14,9.765388999e-14,3.30171413e-14,2.162895528e-13,1.214422506e-13,1.184153866e-13,1.417614421e-13,3.069704331e-13,4.783574015e-13,5.128781371e-13,2.820781845e-13,1.059399179e-13,1.539540384e-13,4.551831144e-13,8.775553273e-14,3.203170035e-14,4.713331549e-14,8.711018477e-14,4.405840514e-14,7.178534169e-14,5.227220665e-13,1.338312402e-13,1.634126646e-13,2.042048543e-14,3.179409994e-13,3.970212067e-14
34.2734375,1.280175596e-13,2.675517044e-13,3.059036602e-13,1.001327262e-13,1.456523289e-13,2.126220905e-13,7.500278505e-14,9.948108856e-14,3.42650078e-14,2.15652608e-13,1.222010346e-13,1.189345056e-13,1.427465909e-13,3.058692995e-13,4.751442988e-13,5.173356539e-13,2.869623869e-13,1.078903426e-13,1.564180489e-13,4.56325312e-13,8.779855891e-14,3.253488354e-14,4.738353986e-14,8.91749575e-14,4.449638688e-14,7.147407354e-14,5.186138805e-13,1.344397678e-13,1.614339998e-13,2.024677663e-14,3.197394248e-13,3.982315249e-14
34.28125,1.286973934e-13,2.659582687e-13,3.072733289e-13,1.008941747e-13,1.497373272e-13,2.132960765e-13,7.400029668e-14,1.01430492e-13,3.553016788e-14,2.150463151e-13,1.229918106e-13,1.194323305e-13,1.437535529e-13,3.047056695e-13,4.722369063e-13,5.22394488e-13,2.922835103e-13,1.09961444e-13,1.589477086e-13,4.57744917e-13,8.777217555e-14,3.302723677e-14,4.765380857e-14,9.134747925e-14,4.49737652e-14,7.122586959e-14,5.14689819e-13,1.350906333e-13,1.594504652e-13,2.008112219e-14,3.214936338e-13,3.999692522e-14
34.2890625,1.295707689e-13,2.645811608e-13,3.0871849e-13,1.016177525e-13,1.539598737e-13,2.139100097e-13,7.297966295e-14,1.033973983e-13,3.680092308e-14,2.144799059e-13,1.238734573e-13,1.199975639e-13,1.448548176e-13,3.036080878e-13,4.694442992e-13,5.276426861e-13,2.978133502e-13,1.120745146e-13,1.616113762e-13,4.591400635e-13,8.778734667e-14,3.354974495e-14,4.794405181e-14,9.352166458e-14,4.548680114e-14,7.105399259e-14,5.109324111e-13,1.358095152e-13,1.576115144e-13,1.99150188e-14,3.233201934e-13,4.021519736e-14
34.296875,1.30620148e-13,2.633374041e-13,3.100277371e-13,1.022582392e-13,1.583966988e-13,2.143563352e-13,7.193283085e-14,1.052750688e-13,3.809112719e-14,2.138789782e-13,1.247126742e-13,1.206123384e-13,1.460594635e-13,3.027106902e-13,4.665012033e-13,5.326715836e-13,3.033425534e-13,1.143304713e-13,1.643422219e-13,4.602057308e-13,8.783927037e-14,3.411374049e-14,4.825371543e-14,9.56570955e-14,4.604266431e-14,7.086761298e-14,5.071514863e-13,1.366000659e-13,1.55867972e-13,1.975980415e-14,3.25309774e-13,4.042028e-14
34.3046875,1.319033373e-13,2.618151407e-13,3.112320763e-13,1.029338578e-13,1.629011404e-13,2.148226648e-13,7.089424382e-14,1.071098835e-13,3.939805481e-14,2.13281708e-13,1.25446342e-13,1.21206437e-13,1.472778444e-13,3.018533222e-13,4.634359879e-13,5.37588581e-13,3.089009932e-13,1.167231042e-13,1.670626482e-13,4.61141829e-13,8.787616697e-14,3.468012855e-14,4.859256077e-14,9.783453269e-14,4.662156622e-14,7.063897136e-14,5.03271477e-13,1.37435381e-13,1.540875188e-13,1.962063857e-14,3.273100347e-13,4.063413755e-14
34.3125,1.331557276e-13,2.599227401e-13,3.124691239e-13,1.036029297e-13,1.673175347e-13,2.152416724e-13,6.983782806e-14,1.089969295e-13,4.073211433e-14,2.127266946e-13,1.26204781e-13,1.217338705e-13,1.48396771e-13,3.006945459e-13,4.602300984e-13,5.425411428e-13,3.144073781e-13,1.191219547e-13,1.697221122e-13,4.622698985e-13,8.790587536e-14,3.523074996e-14,4.897075366e-14,1.000768364e-13,4.719590873e-14,7.048146326e-14,4.994912539e-13,1.38263649e-13,1.524073184e-13,1.948959127e-14,3.291194813e-13,4.091817566e-14
34.3203125,1.343892739e-13,2.579161037e-13,3.136363282e-13,1.042689504e-13,1.71718297e-13,2.154300077e-13,6.874273335e-14,1.109484411e-13,4.209659477e-14,2.121813545e-13,1.27016874e-13,1.222080418e-13,1.495028524e-13,2.993140224e-13,4.569663888e-13,5.477224726e-13,3.200052498e-13,1.215953204e-13,1.723205722e-13,4.635763377e-13,8.791247487e-14,3.578243027e-14,4.938479098e-14,1.023575e-13,4.778628501e-14,7.041342463e-14,4.958921192e-13,1.391055708e-13,1.508823535e-13,1.936847374e-14,3.308180289e-13,4.12316944e-14
34.328125,1.360220385e-13,2.560971997e-13,3.147295196e-13,1.051186227e-13,1.762951337e-13,2.156091823e-13,6.764329049e-14,1.128931259e-13,4.349007097e-14,2.116397001e-13,1.27801285e-13,1.227235219e-13,1.50761747e-13,2.980930504e-13,4.53814639e-13,5.531504184e-13,3.258610681e-13,1.242853874e-13,1.74972305e-13,4.650083327e-13,8.792191692e-14,3.636200943e-14,4.981306359e-14,1.046693536e-13,4.840652005e-14,7.03598027e-14,4.923502429e-13,1.400675782e-13,1.493558044e-13,1.925955891e-14,3.326709069e-13,4.152778477e-14
34.3359375,1.379813516e-13,2.544823372e-13,3.159460113e-13,1.060765638e-13,1.810274365e-13,2.158280157e-13,6.652985221e-14,1.147981885e-13,4.493131305e-14,2.111214052e-13,1.28608545e-13,1.233314845e-13,1.52108095e-13,2.969861336e-13,4.506418648e-13,5.585299578e-13,3.317952476e-13,1.271760546e-13,1.777705318e-13,4.666071137e-13,8.801634223e-14,3.698310266e-14,5.026174688e-14,1.069891327e-13,4.906086977e-14,7.03553428e-14,4.888663971e-13,1.411404825e-13,1.478689292e-13,1.915914049e-14,3.34728726e-13,4.185504054e-14
34.34375,1.39884443e-13,2.528175513e-13,3.17220667e-13,1.06912777e-13,1.857460085e-13,2.157795665e-13,6.538994953e-14,1.167123539e-13,4.639773205e-14,2.106676738e-13,1.294909938e-13,1.239492074e-13,1.534110969e-13,2.957158269e-13,4.473377599e-13,5.638703292e-13,3.377922663e-13,1.302240277e-13,1.806293061e-13,4.682700634e-13,8.815428895e-14,3.762058825e-14,5.077848567e-14,1.093074618e-13,4.977955291e-14,7.044116611e-14,4.85550932e-13,1.422205806e-13,1.46528996e-13,1.907055015e-14,3.368023857e-13,4.223217951e-14
34.3515625,1.417715985e-13,2.51027938e-13,3.183029053e-13,1.077269227e-13,1.904742329e-13,2.155603403e-13,6.426572535e-14,1.186598539e-13,4.785136321e-14,2.102764167e-13,1.303632822e-13,1.245044052e-13,1.54719054e-13,2.94343468e-13,4.440572879e-13,5.693963512e-13,3.439571088e-13,1.333731905e-13,1.834367578e-13,4.699260723e-13,8.824960773e-14,3.824737795e-14,5.136326347e-14,1.116682932e-13,5.053340198e-14,7.056005798e-14,4.82411437e-13,1.43317638e-13,1.452246047e-13,1.898872224e-14,3.387810885e-13,4.261494611e-14
34.359375,1.438146573e-13,2.491947661e-13,3.191780684e-13,1.086650925e-13,1.953043363e-13,2.154426023e-13,6.315940683e-14,1.206017067e-13,4.93322052e-14,2.098408446e-13,1.311948235e-13,1.250370951e-13,1.560652645e-13,2.930045472e-13,4.407501698e-13,5.74925255e-13,3.500957592e-13,1.365090892e-13,1.862248061e-13,4.715690442e-13,8.834378415e-14,3.888908186e-14,5.196943785e-14,1.141020151e-13,5.125921775e-14,7.06938306e-14,4.793612835e-13,1.444377484e-13,1.439203452e-13,1.889821307e-14,3.407285204e-13,4.300484793e-14
34.3671875,1.460004408e-13,2.472735694e-13,3.199663986e-13,1.095930609e-13,2.001603607e-13,2.15270132e-13,6.204889157e-14,1.224958223e-13,5.086907831e-14,2.093466057e-13,1.320196507e-13,1.2559623e-13,1.573718537e-13,2.91648185e-13,4.372090412e-13,5.80181645e-13,3.561165791e-13,1.3967204e-13,1.890518794e-13,4.730538506e-13,8.847198022e-14,3.957297034e-14,5.26043011e-14,1.165552405e-13,5.199397363e-14,7.086341272e-14,4.763094678e-13,1.454904393e-13,1.427332564e-13,1.880768422e-14,3.427481778e-13,4.342438674e-14
34.375,1.483610973e-13,2.452975933e-13,3.207136829e-13,1.104224732e-13,2.04995113e-13,2.149089379e-13,6.095724373e-14,1.243372768e-13,5.240917908e-14,2.089020295e-13,1.32799164e-13,1.261538084e-13,1.586635247e-13,2.902422365e-13,4.335267762e-13,5.853057213e-13,3.622237995e-13,1.430504092e-13,1.919064746e-13,4.744417784e-13,8.858893726e-14,4.026554893e-14,5.329593381e-14,1.189442956e-13,5.279697437e-14,7.104934907e-14,4.732377561e-13,1.465136793e-13,1.41625055e-13,1.874287638e-14,3.448426901e-13,4.385723814e-14
34.3828125,1.50991922e-13,2.433706422e-13,3.214362508e-13,1.112578462e-13,2.098791662e-13,2.145039133e-13,5.988502301e-14,1.261651758e-13,5.392792144e-14,2.084850439e-13,1.33531556e-13,1.266591753e-13,1.600572232e-13,2.888010622e-13,4.299211719e-13,5.905959181e-13,3.685610064e-13,1.466673199e-13,1.947834058e-13,4.759806663e-13,8.870366827e-14,4.093467418e-14,5.403414605e-14,1.212833455e-13,5.364434482e-14,7.125717865e-14,4.702087643e-13,1.476207736e-13,1.405046609e-13,1.870567321e-14,3.468900413e-13,4.429692338e-14
34.390625,1.538490989e-13,2.414047619e-13,3.220962866e-13,1.121547567e-13,2.148208781e-13,2.140673074e-13,5.88022102e-14,1.280230398e-13,5.544933168e-14,2.080209182e-13,1.34274118e-13,1.271180283e-13,1.61521663e-13,2.873480015e-13,4.263749904e-13,5.960336257e-13,3.750614559e-13,1.503610628e-13,1.976706346e-13,4.775945918e-13,8.885442914e-14,4.160382193e-14,5.482316966e-14,1.236683556e-13,5.450712522e-14,7.151230987e-14,4.672822528e-13,1.487667862e-13,1.394193595e-13,1.867713782e-14,3.488215707e-13,4.476753713e-14
34.3984375,1.567437409e-13,2.393311525e-13,3.225910452e-13,1.130385192e-13,2.19805166e-13,2.135127175e-13,5.771368857e-14,1.2990622e-13,5.698054377e-14,2.075720058e-13,1.349845155e-13,1.275631649e-13,1.629030259e-13,2.858922378e-13,4.226486033e-13,6.012157489e-13,3.814307773e-13,1.540455217e-13,2.005035067e-13,4.792015424e-13,8.900445511e-14,4.22895047e-14,5.567347607e-14,1.261236267e-13,5.537381725e-14,7.178812571e-14,4.644827447e-13,1.498798249e-13,1.383406339e-13,1.864919399e-14,3.506949626e-13,4.527788337e-14
34.40625,1.595845752e-13,2.372899147e-13,3.229023782e-13,1.138568477e-13,2.248848915e-13,2.128516538e-13,5.66331383e-14,1.317419987e-13,5.852658452e-14,2.071939503e-13,1.356056947e-13,1.280081244e-13,1.642116051e-13,2.843424678e-13,4.185285329e-13,6.05814004e-13,3.873799898e-13,1.577554414e-13,2.032744534e-13,4.808717093e-13,8.910631196e-14,4.297798169e-14,5.656042892e-14,1.28551236e-13,5.62132862e-14,7.205211838e-14,4.617832649e-13,1.509893531e-13,1.371795657e-13,1.862924847e-14,3.525680709e-13,4.579366363e-14
34.4140625,1.625307169e-13,2.354050978e-13,3.231361558e-13,1.147200791e-13,2.300498861e-13,2.120817013e-13,5.556904767e-14,1.334517636e-13,6.008502706e-14,2.068849785e-13,1.362041375e-13,1.284860178e-13,1.656330187e-13,2.827166719e-13,4.14187986e-13,6.100688611e-13,3.930652236e-13,1.615481252e-13,2.060757317e-13,4.823562037e-13,8.918260889e-14,4.368275352e-14,5.748237301e-14,1.30859799e-13,5.704288249e-14,7.231447222e-14,4.591277342e-13,1.521269852e-13,1.360643564e-13,1.862284623e-14,3.545203955e-13,4.627083381e-14
34.421875,1.658493019e-13,2.336280997e-13,3.23362568e-13,1.157438279e-13,2.351996224e-13,2.112515757e-13,5.454895545e-14,1.350856667e-13,6.162652349e-14,2.066907858e-13,1.368309453e-13,1.290101209e-13,1.672119067e-13,2.812276095e-13,4.100650587e-13,6.145019925e-13,3.990041293e-13,1.655723079e-13,2.089815553e-13,4.835170479e-13,8.92913968e-14,4.442410818e-14,5.848640116e-14,1.331159844e-13,5.794913428e-14,7.259130587e-14,4.56535186e-13,1.533332003e-13,1.351185008e-13,1.862740034e-14,3.566215357e-13,4.671584263e-14
34.4296875,1.696904866e-13,2.318355038e-13,3.235171277e-13,1.168176523e-13,2.403394986e-13,2.104805701e-13,5.357682045e-14,1.36738846e-13,6.313582072e-14,2.066195017e-13,1.374213247e-13,1.295138719e-13,1.688223218e-13,2.799036002e-13,4.061959943e-13,6.191257254e-13,4.054175528e-13,1.699729266e-13,2.120032456e-13,4.845965949e-13,8.945964065e-14,4.518209416e-14,5.959534683e-14,1.35422076e-13,5.896584924e-14,7.286702839e-14,4.5402122e-13,1.546266135e-13,1.342176407e-13,1.86414353e-14,3.587620074e-13,4.715860312e-14
34.4375,1.738291867e-13,2.29999763e-13,3.235377972e-13,1.178183535e-13,2.455967216e-13,2.097109568e-13,5.261310981e-14,1.383366404e-13,6.463568341e-14,2.065890315e-13,1.379263151e-13,1.299823978e-13,1.704226121e-13,2.785673805e-13,4.022427401e-13,6.235027211e-13,4.118682977e-13,1.745614444e-13,2.150937306e-13,4.855616032e-13,8.964963896e-14,4.594987437e-14,6.075742416e-14,1.376929683e-13,6.000599122e-14,7.312581106e-14,4.515294369e-13,1.559069477e-13,1.333378992e-13,1.866892678e-14,3.608493047e-13,4.759624364e-14
34.4453125,1.777816368e-13,2.281490473e-13,3.234696951e-13,1.188300975e-13,2.509848679e-13,2.087903888e-13,5.163224306e-14,1.397931792e-13,6.61668916e-14,2.065344343e-13,1.383875438e-13,1.304773674e-13,1.720175729e-13,2.771588969e-13,3.98129973e-13,6.275616065e-13,4.179160336e-13,1.790631483e-13,2.181326389e-13,4.863903416e-13,8.979185949e-14,4.674835898e-14,6.191074344e-14,1.398591574e-13,6.097700343e-14,7.341372689e-14,4.491544308e-13,1.571121722e-13,1.32601603e-13,1.871420831e-14,3.629644507e-13,4.803155868e-14
34.453125,1.815279183e-13,2.262699131e-13,3.232902135e-13,1.199232518e-13,2.564060273e-13,2.077097502e-13,5.064477291e-14,1.411840539e-13,6.771938357e-14,2.064627982e-13,1.388416649e-13,1.309573617e-13,1.735453054e-13,2.756923252e-13,3.939531179e-13,6.315136753e-13,4.237685124e-13,1.836390887e-13,2.210561366e-13,4.874027604e-13,8.987868351e-14,4.755276945e-14,6.308301063e-14,1.420286682e-13,6.190604092e-14,7.377188481e-14,4.470729945e-13,1.583264081e-13,1.319058665e-13,1.877436663e-14,3.650351488e-13,4.846837607e-14
34.4609375,1.855234618e-13,2.244595953e-13,3.229284455e-13,1.210517167e-13,2.618708884e-13,2.065332315e-13,4.967201369e-14,1.425220604e-13,6.920959009e-14,2.064495305e-13,1.392790987e-13,1.313643045e-13,1.750462013e-13,2.742055945e-13,3.896974574e-13,6.352716032e-13,4.29696398e-13,1.885218991e-13,2.239757044e-13,4.884749031e-13,8.999823174e-14,4.832345575e-14,6.432443485e-14,1.441758381e-13,6.287312294e-14,7.41237413e-14,4.451902846e-13,1.596009373e-13,1.311536063e-13,1.883434429e-14,3.669161727e-13,4.88592591e-14
34.46875,1.898697665e-13,2.227954561e-13,3.225544813e-13,1.221878782e-13,2.674154162e-13,2.053916796e-13,4.875022698e-14,1.437585246e-13,7.06241044e-14,2.065715871e-13,1.396973186e-13,1.317868707e-13,1.766486984e-13,2.728597486e-13,3.855178776e-13,6.38836419e-13,4.356380352e-13,1.935509446e-13,2.270006574e-13,4.89220864e-13,9.021036702e-14,4.908557939e-14,6.55983134e-14,1.462044414e-13,6.390384975e-14,7.438055276e-14,4.433026551e-13,1.60910146e-13,1.3050851e-13,1.888145253e-14,3.688101362e-13,4.918698504e-14
34.4765625,1.943261019e-13,2.210522345e-13,3.223417723e-13,1.233405487e-13,2.729559979e-13,2.044111754e-13,4.791949481e-14,1.449657585e-13,7.204834199e-14,2.068194523e-13,1.40070874e-13,1.322599213e-13,1.78315469e-13,2.717133651e-13,3.815977948e-13,6.424940864e-13,4.416677648e-13,1.985992358e-13,2.300570475e-13,4.897982479e-13,9.044231064e-14,4.986692806e-14,6.688362963e-14,1.482349823e-13,6.498825998e-14,7.459513454e-14,4.414215174e-13,1.622431525e-13,1.299941189e-13,1.892645757e-14,3.709036189e-13,4.950975657e-14
34.484375,1.988475271e-13,2.191280909e-13,3.220714309e-13,1.245606533e-13,2.784662134e-13,2.034203342e-13,4.715743048e-14,1.461501225e-13,7.348578948e-14,2.071450098e-13,1.403343775e-13,1.326783946e-13,1.799310086e-13,2.705836767e-13,3.777948177e-13,6.462222031e-13,4.478147434e-13,2.037878298e-13,2.330546679e-13,4.905259155e-13,9.062141271e-14,5.064384173e-14,6.823507028e-14,1.502841452e-13,6.610002207e-14,7.487149073e-14,4.396454754e-13,1.635607515e-13,1.294787629e-13,1.898974912e-14,3.729661659e-13,4.985166711e-14
34.4921875,2.035142241e-13,2.172856671e-13,3.215374213e-13,1.258702363e-13,2.839948432e-13,2.022382102e-13,4.639660663e-14,1.472267669e-13,7.48829831e-14,2.075125243e-13,1.404960385e-13,1.330344752e-13,1.815461253e-13,2.693624717e-13,3.739798643e-13,6.49796924e-13,4.538610535e-13,2.09112562e-13,2.36063473e-13,4.914234226e-13,9.081346559e-14,5.141620041e-14,6.965420598e-14,1.521969387e-13,6.720838812e-14,7.521036038e-14,4.380082323e-13,1.648174116e-13,1.290275838e-13,1.907242529e-14,3.748641003e-13,5.018581914e-14
34.5,2.083184449e-13,2.155646993e-13,3.208843885e-13,1.271474574e-13,2.894821343e-13,2.010619236e-13,4.563330979e-14,1.482444475e-13,7.625599684e-14,2.07869447e-13,1.406225719e-13,1.333989314e-13,1.832426559e-13,2.681205889e-13,3.701615029e-13,6.530861732e-13,4.597849748e-13,2.144728547e-13,2.391394082e-13,4.921908469e-13,9.108966826e-14,5.220497509e-14,7.109643878e-14,1.54023415e-13,6.832541408e-14,7.552905763e-14,4.364909237e-13,1.66035997e-13,1.286829889e-13,1.915786114e-14,3.767610693e-13,5.049512025e-14
34.5078125,2.131270499e-13,2.137389123e-13,3.201649333e-13,1.283181552e-13,2.949000242e-13,1.999152965e-13,4.490742306e-14,1.492459317e-13,7.759611656e-14,2.082217417e-13,1.407079948e-13,1.337523378e-13,1.849545963e-13,2.668739286e-13,3.662240556e-13,6.559039996e-13,4.655726704e-13,2.19913352e-13,2.422004123e-13,4.923842432e-13,9.139554147e-14,5.29798252e-14,7.256031155e-14,1.5580611e-13,6.947003239e-14,7.577622211e-14,4.350504129e-13,1.672210582e-13,1.283240875e-13,1.923284025e-14,3.78642563e-13,5.075688318e-14
34.515625,2.179010042e-13,2.118424564e-13,3.192537469e-13,1.294927075e-13,3.003926418e-13,1.984944656e-13,4.421286025e-14,1.501755899e-13,7.886247573e-14,2.086958468e-13,1.407350137e-13,1.340993334e-13,1.866611944e-13,2.656264315e-13,3.62173103e-13,6.583852748e-13,4.711494546e-13,2.255467041e-13,2.45249593e-13,4.921711022e-13,9.166249317e-14,5.372456285e-14,7.404835579e-14,1.574408066e-13,7.063882765e-14,7.597593146e-14,4.33717551e-13,1.683721084e-13,1.279583299e-13,1.930572787e-14,3.804483953e-13,5.096210419e-14
34.5234375,2.229048893e-13,2.100694346e-13,3.18233884e-13,1.307683741e-13,3.060434516e-13,1.969258558e-13,4.354118096e-14,1.510438524e-13,8.009481975e-14,2.093897727e-13,1.407384773e-13,1.345077107e-13,1.884683679e-13,2.644751894e-13,3.58184229e-13,6.609061775e-13,4.767579064e-13,2.313981903e-13,2.483937015e-13,4.922055693e-13,9.191638242e-14,5.448892326e-14,7.556663926e-14,1.589920714e-13,7.184870309e-14,7.618064801e-14,4.325207196e-13,1.695930231e-13,1.276501958e-13,1.940225627e-14,3.823712191e-13,5.115342746e-14
34.53125,2.280994611e-13,2.083933302e-13,3.17263667e-13,1.321582928e-13,3.117215152e-13,1.955246781e-13,4.29125519e-14,1.518542637e-13,8.132604333e-14,2.102456612e-13,1.407046685e-13,1.349281158e-13,1.903268443e-13,2.633499378e-13,3.542384708e-13,6.63333264e-13,4.823535862e-13,2.37320132e-13,2.515437143e-13,4.925505239e-13,9.223138415e-14,5.527743151e-14,7.714456064e-14,1.604946919e-13,7.308734882e-14,7.643549086e-14,4.313549009e-13,1.709001253e-13,1.273775042e-13,1.9531058e-14,3.844105737e-13,5.137754461e-14
34.5390625,2.330233057e-13,2.066350666e-13,3.163488552e-13,1.336271186e-13,3.172815978e-13,1.941200652e-13,4.232498675e-14,1.525863737e-13,8.252972672e-14,2.111594463e-13,1.406072163e-13,1.352650946e-13,1.920812044e-13,2.620515897e-13,3.502522582e-13,6.653818141e-13,4.875005686e-13,2.431445559e-13,2.545295528e-13,4.929093764e-13,9.264732634e-14,5.60399118e-14,7.877409988e-14,1.618366012e-13,7.429700481e-14,7.674186446e-14,4.301881376e-13,1.721203647e-13,1.272054335e-13,1.967242192e-14,3.862933723e-13,5.164292357e-14
34.546875,2.378678551e-13,2.048220602e-13,3.154392773e-13,1.350754663e-13,3.228132248e-13,1.926068922e-13,4.177393898e-14,1.533025622e-13,8.371882753e-14,2.121294691e-13,1.404756884e-13,1.355798493e-13,1.938337739e-13,2.607369017e-13,3.462028223e-13,6.670460595e-13,4.923358245e-13,2.489382471e-13,2.574518129e-13,4.932007238e-13,9.312512444e-14,5.680184554e-14,8.042432263e-14,1.631039807e-13,7.548093705e-14,7.70064726e-14,4.291234929e-13,1.73255579e-13,1.271993832e-13,1.981055509e-14,3.880458435e-13,5.190725706e-14
34.5546875,2.432051868e-13,2.032329145e-13,3.143701421e-13,1.36495309e-13,3.285157515e-13,1.911962763e-13,4.125980696e-14,1.539790087e-13,8.491532211e-14,2.132004864e-13,1.402774901e-13,1.359786622e-13,1.957595431e-13,2.597368484e-13,3.420561481e-13,6.682942008e-13,4.972453343e-13,2.548517508e-13,2.604868486e-13,4.932387244e-13,9.35928455e-14,5.762203209e-14,8.20882133e-14,1.64383188e-13,7.668230916e-14,7.715451332e-14,4.281607439e-13,1.745165252e-13,1.272514235e-13,1.994835537e-14,3.899142281e-13,5.210365753e-14
34.5625,2.487933124e-13,2.018678815e-13,3.13005927e-13,1.37952095e-13,3.343074042e-13,1.897962688e-13,4.07630809e-14,1.545293273e-13,8.609425484e-14,2.143603447e-13,1.3995656e-13,1.364274624e-13,1.977379638e-13,2.589271122e-13,3.379902507e-13,6.693559043e-13,5.021837968e-13,2.608888176e-13,2.63567988e-13,4.930415852e-13,9.403983863e-14,5.845846875e-14,8.377440671e-14,1.655821118e-13,7.790722086e-14,7.727049532e-14,4.272371363e-13,1.758610096e-13,1.272660967e-13,2.009142801e-14,3.91899787e-13,5.223425338e-14
34.5703125,2.541951975e-13,2.003910481e-13,3.115698479e-13,1.393603748e-13,3.39936421e-13,1.882575015e-13,4.030424768e-14,1.550133477e-13,8.722152448e-14,2.156179458e-13,1.395899839e-13,1.368319e-13,1.99613434e-13,2.579784089e-13,3.341142436e-13,6.704490358e-13,5.070010329e-13,2.669651588e-13,2.66556604e-13,4.929859874e-13,9.450645385e-14,5.923901917e-14,8.551405544e-14,1.667105818e-13,7.915306687e-14,7.743673121e-14,4.263252632e-13,1.770970602e-13,1.272576365e-13,2.023889121e-14,3.938437047e-13,5.235439029e-14
34.578125,2.596260485e-13,1.988683797e-13,3.102516026e-13,1.406934288e-13,3.454495908e-13,1.867467696e-13,3.992337208e-14,1.554394785e-13,8.826606986e-14,2.170324232e-13,1.39238925e-13,1.371948073e-13,2.014689955e-13,2.569357664e-13,3.301267282e-13,6.710911011e-13,5.114968937e-13,2.729972452e-13,2.694767979e-13,4.929430005e-13,9.501356146e-14,5.998266654e-14,8.730503117e-14,1.677129881e-13,8.040062065e-14,7.757719545e-14,4.253789415e-13,1.783403206e-13,1.272709986e-13,2.038724223e-14,3.956697893e-13,5.245635492e-14
34.5859375,2.653285512e-13,1.976572755e-13,3.088737906e-13,1.42180862e-13,3.510183257e-13,1.852689279e-13,3.959724319e-14,1.557134316e-13,8.923762384e-14,2.1856768e-13,1.38832781e-13,1.37606792e-13,2.034173387e-13,2.559869407e-13,3.259981797e-13,6.711211002e-13,5.156496065e-13,2.790359255e-13,2.724422524e-13,4.92506447e-13,9.556164162e-14,6.073315924e-14,8.90828566e-14,1.684455223e-13,8.162458664e-14,7.762520584e-14,4.244489681e-13,1.797466827e-13,1.273904715e-13,2.053835778e-14,3.974524303e-13,5.249778488e-14
34.59375,2.711969962e-13,1.966173284e-13,3.074130852e-13,1.43882294e-13,3.565793062e-13,1.837237588e-13,3.931670041e-14,1.559110801e-13,9.019465179e-14,2.201279969e-13,1.383766787e-13,1.380946345e-13,2.054497331e-13,2.551016843e-13,3.220350044e-13,6.71026817e-13,5.198403985e-13,2.852207456e-13,2.754560712e-13,4.918061175e-13,9.615290058e-14,6.147714867e-14,9.084783052e-14,1.690884568e-13,8.284567247e-14,7.761946387e-14,4.23622707e-13,1.811457675e-13,1.276327717e-13,2.069626266e-14,3.993288214e-13,5.248205452e-14
34.6015625,2.771079202e-13,1.954183725e-13,3.059931698e-13,1.455456368e-13,3.621210852e-13,1.822515772e-13,3.910479803e-14,1.561209992e-13,9.115154774e-14,2.217174056e-13,1.379354717e-13,1.385594217e-13,2.074807744e-13,2.542119027e-13,3.180687884e-13,6.706358309e-13,5.240036658e-13,2.914865227e-13,2.783938577e-13,4.9104196e-13,9.678606654e-14,6.220459778e-14,9.265518061e-14,1.698418243e-13,8.406402353e-14,7.757351144e-14,4.227990259e-13,1.823994709e-13,1.278633585e-13,2.085804961e-14,4.012507596e-13,5.242884907e-14
34.609375,2.830951012e-13,1.94169874e-13,3.044065861e-13,1.47097485e-13,3.678129292e-13,1.808435935e-13,3.891577278e-14,1.562462323e-13,9.2084279e-14,2.233617714e-13,1.3742322e-13,1.389628417e-13,2.0945512e-13,2.533806896e-13,3.13871275e-13,6.696076913e-13,5.277507542e-13,2.977240215e-13,2.812563125e-13,4.901549701e-13,9.745202033e-14,6.294555693e-14,9.447554289e-14,1.705722344e-13,8.524609424e-14,7.746663878e-14,4.219023574e-13,1.836115408e-13,1.280383036e-13,2.102566555e-14,4.031069443e-13,5.235515352e-14
34.6171875,2.892369435e-13,1.930883211e-13,3.026332397e-13,1.48698955e-13,3.736756871e-13,1.793351091e-13,3.87219091e-14,1.562442155e-13,9.298732157e-14,2.250529974e-13,1.367964352e-13,1.394399659e-13,2.114725275e-13,2.526970784e-13,3.097179547e-13,6.682806751e-13,5.312587397e-13,3.039913821e-13,2.841965555e-13,4.891951185e-13,9.8143259e-14,6.370686239e-14,9.626263813e-14,1.711776071e-13,8.640491971e-14,7.731616744e-14,4.210352946e-13,1.848304042e-13,1.282954476e-13,2.12061495e-14,4.050087329e-13,5.227718125e-14
34.625,2.954153874e-13,1.921381051e-13,3.011089623e-13,1.503689158e-13,3.796260751e-13,1.778351878e-13,3.857816995e-14,1.561847166e-13,9.384196801e-14,2.268697019e-13,1.362205599e-13,1.400727467e-13,2.136292851e-13,2.521656054e-13,3.057310621e-13,6.66744356e-13,5.346658805e-13,3.102456961e-13,2.872318087e-13,4.881584295e-13,9.887161027e-14,6.446355058e-14,9.803848845e-14,1.71666054e-13,8.755494224e-14,7.713476884e-14,4.202338213e-13,1.860458114e-13,1.286693031e-13,2.13922748e-14,4.070009099e-13,5.218148668e-14
34.6328125,3.015592122e-13,1.912085067e-13,2.998339114e-13,1.520536292e-13,3.855844714e-13,1.764777587e-13,3.848780591e-14,1.560890297e-13,9.462766702e-14,2.288777434e-13,1.357353385e-13,1.407522076e-13,2.158301777e-13,2.516976595e-13,3.01777415e-13,6.648747577e-13,5.378752457e-13,3.164597785e-13,2.902778954e-13,4.868838546e-13,9.965346189e-14,6.519951927e-14,9.981654751e-14,1.720216103e-13,8.86922999e-14,7.690767435e-14,4.195017384e-13,1.873095831e-13,1.290616072e-13,2.157714528e-14,4.089062284e-13,5.204022603e-14
34.640625,3.078529162e-13,1.902706322e-13,2.983904367e-13,1.537978281e-13,3.91304983e-13,1.751910273e-13,3.842257304e-14,1.5593969e-13,9.534157543e-14,2.309828047e-13,1.35173861e-13,1.413756226e-13,2.179727406e-13,2.511736479e-13,2.97866968e-13,6.627949812e-13,5.410531553e-13,3.2273954e-13,2.932956343e-13,4.853953543e-13,1.004826683e-13,6.589186145e-14,1.015876612e-13,1.723126545e-13,8.982558108e-14,7.66189318e-14,4.188810674e-13,1.885544656e-13,1.294926577e-13,2.176160844e-14,4.106781157e-13,5.183610313e-14
34.6484375,3.141998236e-13,1.894038777e-13,2.968260275e-13,1.555558023e-13,3.967088298e-13,1.739132071e-13,3.840197008e-14,1.55697417e-13,9.597914448e-14,2.331390542e-13,1.345372439e-13,1.419694417e-13,2.200634028e-13,2.505657033e-13,2.938699156e-13,6.602148863e-13,5.439628243e-13,3.288922503e-13,2.961999769e-13,4.838139991e-13,1.013534556e-13,6.653436375e-14,1.033536303e-13,1.725401204e-13,9.091087827e-14,7.624810434e-14,4.182576497e-13,1.896857403e-13,1.300321665e-13,2.19308996e-14,4.123923963e-13,5.156873688e-14
34.65625,3.204036852e-13,1.887155535e-13,2.95380911e-13,1.572345256e-13,4.022220237e-13,1.725861436e-13,3.839833985e-14,1.5534002e-13,9.657738878e-14,2.354477771e-13,1.339590539e-13,1.426022756e-13,2.221534499e-13,2.500452108e-13,2.897099377e-13,6.570298228e-13,5.462912617e-13,3.347842559e-13,2.99028933e-13,4.821369559e-13,1.022564809e-13,6.71810263e-14,1.051183763e-13,1.726037843e-13,9.193054964e-14,7.582183199e-14,4.175613764e-13,1.908477383e-13,1.306336987e-13,2.20850378e-14,4.141024551e-13,5.128108437e-14
34.6640625,3.267344585e-13,1.881835798e-13,2.939451815e-13,1.589340625e-13,4.08099542e-13,1.712037126e-13,3.836923485e-14,1.549374477e-13,9.717421021e-14,2.378951926e-13,1.33381281e-13,1.433089958e-13,2.243453534e-13,2.497893844e-13,2.85743823e-13,6.539515302e-13,5.486150011e-13,3.408355133e-13,3.019842104e-13,4.804056503e-13,1.031617169e-13,6.784862888e-14,1.068932597e-13,1.725701224e-13,9.298751284e-14,7.542590223e-14,4.169748607e-13,1.921402289e-13,1.312719322e-13,2.225952263e-14,4.158936593e-13,5.101085857e-14
34.671875,3.33268956e-13,1.877159185e-13,2.92415601e-13,1.607664456e-13,4.139902964e-13,1.6991632e-13,3.836674502e-14,1.545496788e-13,9.772569727e-14,2.403713792e-13,1.326898522e-13,1.440631189e-13,2.266456781e-13,2.496654922e-13,2.82116111e-13,6.511587607e-13,5.512289537e-13,3.472043096e-13,3.049973704e-13,4.787461906e-13,1.040866776e-13,6.847099048e-14,1.086689841e-13,1.725373086e-13,9.411046795e-14,7.506142005e-14,4.165432543e-13,1.933904237e-13,1.319701238e-13,2.245871541e-14,4.176757956e-13,5.072087891e-14
34.6796875,3.397678717e-13,1.873058271e-13,2.908278718e-13,1.626756649e-13,4.196583656e-13,1.687620268e-13,3.843679079e-14,1.541696811e-13,9.82128851e-14,2.429350991e-13,1.319592429e-13,1.44815247e-13,2.289334383e-13,2.494799679e-13,2.78597715e-13,6.481915844e-13,5.537034607e-13,3.535372724e-13,3.078817528e-13,4.770886003e-13,1.050682769e-13,6.903912896e-14,1.10417673e-13,1.724629939e-13,9.521423629e-14,7.46408643e-14,4.160747293e-13,1.945564776e-13,1.326755547e-13,2.264987379e-14,4.192447708e-13,5.038197078e-14
34.6875,3.463592193e-13,1.869731294e-13,2.891756941e-13,1.646278198e-13,4.253104398e-13,1.676545218e-13,3.855902299e-14,1.537985706e-13,9.867331953e-14,2.456601966e-13,1.312948663e-13,1.455614073e-13,2.31221829e-13,2.493465602e-13,2.752024927e-13,6.450885107e-13,5.561048241e-13,3.597843653e-13,3.107457811e-13,4.752030242e-13,1.060538972e-13,6.960489408e-14,1.121558491e-13,1.722934132e-13,9.629370254e-14,7.417144367e-14,4.155128066e-13,1.958142904e-13,1.333899809e-13,2.283144921e-14,4.206771867e-13,5.003645886e-14
34.6953125,3.53035716e-13,1.86684998e-13,2.875707538e-13,1.66629697e-13,4.310795888e-13,1.666104672e-13,3.871003813e-14,1.533980774e-13,9.908657826e-14,2.48434058e-13,1.306688299e-13,1.463262938e-13,2.335605045e-13,2.493640772e-13,2.719481416e-13,6.418716255e-13,5.584935052e-13,3.660403665e-13,3.136320252e-13,4.732049465e-13,1.070311698e-13,7.016026767e-14,1.138945346e-13,1.71959057e-13,9.736220065e-14,7.37152272e-14,4.149175395e-13,1.971417869e-13,1.342158304e-13,2.301669282e-14,4.221347936e-13,4.970132903e-14
34.703125,3.595352828e-13,1.864516944e-13,2.861522859e-13,1.685878987e-13,4.369357481e-13,1.655645495e-13,3.885494073e-14,1.528975837e-13,9.94503298e-14,2.51216194e-13,1.300349986e-13,1.471458669e-13,2.35860091e-13,2.494138991e-13,2.686015695e-13,6.38215439e-13,5.604201768e-13,3.721638016e-13,3.164211741e-13,4.714638756e-13,1.081165849e-13,7.069583496e-14,1.155961236e-13,1.714387876e-13,9.837717551e-14,7.323558821e-14,4.142875214e-13,1.983891237e-13,1.351410641e-13,2.319693152e-14,4.236362113e-13,4.934651023e-14
34.7109375,3.660614189e-13,1.863063533e-13,2.848309201e-13,1.704338665e-13,4.4283621e-13,1.644086222e-13,3.898635422e-14,1.523109114e-13,9.981779251e-14,2.54126964e-13,1.29408053e-13,1.480468755e-13,2.381286649e-13,2.495024604e-13,2.651668124e-13,6.341460366e-13,5.619689608e-13,3.781585217e-13,3.192007878e-13,4.697836168e-13,1.093129523e-13,7.124039404e-14,1.172604745e-13,1.708421427e-13,9.935140089e-14,7.268329068e-14,4.135945924e-13,1.99575579e-13,1.360879843e-13,2.337221034e-14,4.252014047e-13,4.896732343e-14
34.71875,3.726587648e-13,1.861742944e-13,2.834783384e-13,1.72263391e-13,4.485986687e-13,1.633071384e-13,3.916053879e-14,1.516742542e-13,1.001482809e-13,2.571796263e-13,1.287673477e-13,1.489756479e-13,2.404185125e-13,2.496976517e-13,2.617764084e-13,6.297411277e-13,5.634380471e-13,3.840779466e-13,3.219635324e-13,4.676277205e-13,1.104876632e-13,7.176456849e-14,1.189084396e-13,1.702022631e-13,1.002951379e-13,7.207232221e-14,4.127623086e-13,2.007448412e-13,1.370892598e-13,2.355304216e-14,4.266822854e-13,4.85588369e-14
34.7265625,3.789274616e-13,1.860419226e-13,2.820980188e-13,1.741911306e-13,4.541453637e-13,1.62394353e-13,3.938397286e-14,1.509877877e-13,1.003888812e-13,2.603069262e-13,1.280640522e-13,1.498850827e-13,2.426426036e-13,2.499082567e-13,2.583506845e-13,6.248984554e-13,5.646189646e-13,3.898518183e-13,3.245171009e-13,4.652044851e-13,1.11636382e-13,7.223735277e-14,1.205168122e-13,1.694879238e-13,1.011722202e-13,7.141303113e-14,4.117837082e-13,2.01899868e-13,1.381631249e-13,2.373748048e-14,4.278835169e-13,4.810002563e-14
34.734375,3.850126788e-13,1.860420335e-13,2.807572064e-13,1.761455538e-13,4.597206936e-13,1.615357411e-13,3.961055962e-14,1.502913142e-13,1.006039834e-13,2.635226867e-13,1.273468281e-13,1.508433555e-13,2.448473338e-13,2.501438676e-13,2.549232805e-13,6.198360969e-13,5.65530803e-13,3.955863269e-13,3.269866003e-13,4.630564105e-13,1.128284071e-13,7.2704062e-14,1.220807702e-13,1.687285337e-13,1.020163444e-13,7.072843277e-14,4.108435327e-13,2.031062115e-13,1.392419469e-13,2.392350647e-14,4.289856557e-13,4.761345066e-14
34.7421875,3.912258324e-13,1.861224296e-13,2.795106418e-13,1.780187567e-13,4.654211348e-13,1.606930647e-13,3.984911966e-14,1.496020552e-13,1.008093593e-13,2.668603444e-13,1.266878276e-13,1.518746935e-13,2.47161476e-13,2.5051062e-13,2.516390208e-13,6.147531244e-13,5.663996371e-13,4.013089058e-13,3.295199771e-13,4.609833117e-13,1.140542029e-13,7.317233755e-14,1.236138346e-13,1.678518874e-13,1.02859258e-13,7.003560868e-14,4.09991553e-13,2.043521686e-13,1.403581849e-13,2.411348088e-14,4.301045375e-13,4.713097862e-14
34.75,3.973294424e-13,1.86130354e-13,2.78274856e-13,1.79952415e-13,4.71069078e-13,1.598818269e-13,4.011859995e-14,1.488766063e-13,1.009441412e-13,2.703670518e-13,1.260636296e-13,1.52893222e-13,2.494623152e-13,2.509033779e-13,2.484243686e-13,6.094989215e-13,5.670219146e-13,4.068153535e-13,3.319184371e-13,4.586706564e-13,1.153139565e-13,7.359245278e-14,1.250883653e-13,1.667931389e-13,1.036488713e-13,6.928580405e-14,4.090220796e-13,2.055706846e-13,1.416452759e-13,2.430994615e-14,4.310135738e-13,4.663981006e-14
34.7578125,4.032499131e-13,1.862071551e-13,2.769712616e-13,1.82051006e-13,4.766470882e-13,1.58941741e-13,4.04080243e-14,1.481643787e-13,1.010523819e-13,2.74031412e-13,1.254840786e-13,1.538895989e-13,2.516348601e-13,2.511733732e-13,2.45208991e-13,6.040528418e-13,5.672425976e-13,4.12179278e-13,3.341520729e-13,4.564758253e-13,1.165999311e-13,7.396647811e-14,1.264906613e-13,1.657033092e-13,1.043699068e-13,6.846981926e-14,4.078622906e-13,2.067858893e-13,1.43070212e-13,2.451424088e-14,4.317681088e-13,4.613757041e-14
34.765625,4.091924986e-13,1.864682261e-13,2.757705436e-13,1.840877855e-13,4.82216946e-13,1.579067347e-13,4.072398042e-14,1.475560923e-13,1.012077067e-13,2.776505042e-13,1.250051404e-13,1.549379139e-13,2.537933529e-13,2.513953428e-13,2.42093775e-13,5.985408772e-13,5.672712787e-13,4.176057015e-13,3.364017341e-13,4.545360928e-13,1.178562012e-13,7.432788516e-14,1.278511516e-13,1.646663252e-13,1.050521578e-13,6.764401977e-14,4.06631064e-13,2.079471245e-13,1.444362393e-13,2.471630313e-14,4.326036853e-13,4.564000027e-14
34.7734375,4.150135196e-13,1.867735676e-13,2.747278461e-13,1.859985691e-13,4.876624795e-13,1.570326915e-13,4.105942311e-14,1.469696564e-13,1.013621607e-13,2.811288283e-13,1.24554278e-13,1.560599283e-13,2.560059267e-13,2.517092529e-13,2.391197903e-13,5.929451351e-13,5.672004965e-13,4.229853879e-13,3.386119759e-13,4.523191002e-13,1.191128454e-13,7.468253436e-14,1.29187602e-13,1.635540703e-13,1.057042078e-13,6.682416165e-14,4.054223922e-13,2.089951084e-13,1.457496661e-13,2.491161027e-14,4.334017397e-13,4.512979599e-14
34.78125,4.204493719e-13,1.871999874e-13,2.735739081e-13,1.879831908e-13,4.928982154e-13,1.562841394e-13,4.13937893e-14,1.46274393e-13,1.014448593e-13,2.846634329e-13,1.240524239e-13,1.572251666e-13,2.582021758e-13,2.520933632e-13,2.362231378e-13,5.87175397e-13,5.668341849e-13,4.281605283e-13,3.406756851e-13,4.497046864e-13,1.204365611e-13,7.501585656e-14,1.30486233e-13,1.622883474e-13,1.063382038e-13,6.602283529e-14,4.042726975e-13,2.100983289e-13,1.472135994e-13,2.5108354e-14,4.340412424e-13,4.459235888e-14
34.7890625,4.255799626e-13,1.878712331e-13,2.722964155e-13,1.899485882e-13,4.980101671e-13,1.554964117e-13,4.174791288e-14,1.455250292e-13,1.014596249e-13,2.883244212e-13,1.235685308e-13,1.583926234e-13,2.602981186e-13,2.524385029e-13,2.333420071e-13,5.811547874e-13,5.660468076e-13,4.331451892e-13,3.426183037e-13,4.472082505e-13,1.217909649e-13,7.530326568e-14,1.317100523e-13,1.609261604e-13,1.0693687e-13,6.523134937e-14,4.030680342e-13,2.113158678e-13,1.48814218e-13,2.529873198e-14,4.346146574e-13,4.403574857e-14
34.796875,4.307344104e-13,1.884808227e-13,2.711705324e-13,1.918013073e-13,5.031406573e-13,1.547681631e-13,4.213381999e-14,1.448219724e-13,1.014382988e-13,2.919450923e-13,1.23131865e-13,1.59560885e-13,2.623037799e-13,2.527766084e-13,2.305012218e-13,5.749823985e-13,5.650935092e-13,4.380696627e-13,3.444450667e-13,4.449442691e-13,1.231173276e-13,7.555065482e-14,1.328283306e-13,1.595390131e-13,1.074604495e-13,6.436041457e-14,4.016548021e-13,2.124006202e-13,1.503923122e-13,2.548010268e-14,4.351343839e-13,4.345280812e-14
34.8046875,4.360100062e-13,1.888693268e-13,2.70108826e-13,1.938045388e-13,5.083159534e-13,1.541389823e-13,4.253415493e-14,1.441315889e-13,1.01401938e-13,2.954682989e-13,1.226870739e-13,1.607787019e-13,2.643462315e-13,2.531841729e-13,2.278265813e-13,5.689242526e-13,5.642422569e-13,4.431324e-13,3.461978454e-13,4.425736357e-13,1.243995584e-13,7.579330415e-14,1.338603828e-13,1.581066881e-13,1.079435739e-13,6.342636044e-14,4.001726258e-13,2.132607325e-13,1.519552281e-13,2.567248763e-14,4.356229084e-13,4.285641292e-14
34.8125,4.41148039e-13,1.893793313e-13,2.688727458e-13,1.959607427e-13,5.133617887e-13,1.534669689e-13,4.296757832e-14,1.434342871e-13,1.013519191e-13,2.989729054e-13,1.22248816e-13,1.620365904e-13,2.664320939e-13,2.535555626e-13,2.253535184e-13,5.630087743e-13,5.633534745e-13,4.482882903e-13,3.47934773e-13,4.400726195e-13,1.256487743e-13,7.602344682e-14,1.348426224e-13,1.565765921e-13,1.084375829e-13,6.254595094e-14,3.987714522e-13,2.14080726e-13,1.535062719e-13,2.586616278e-14,4.36130476e-13,4.228326245e-14
34.8203125,4.461293664e-13,1.901512926e-13,2.676208487e-13,1.980428271e-13,5.18217648e-13,1.528208967e-13,4.345538293e-14,1.428067007e-13,1.01276805e-13,3.025408713e-13,1.218462861e-13,1.632893888e-13,2.68433835e-13,2.538609215e-13,2.230084544e-13,5.570917193e-13,5.623276916e-13,4.53231512e-13,3.496237939e-13,4.376210838e-13,1.268902563e-13,7.621967382e-14,1.357725127e-13,1.550515822e-13,1.089129059e-13,6.166990082e-14,3.972787233e-13,2.149818956e-13,1.549984388e-13,2.603507308e-14,4.365382275e-13,4.171764486e-14
34.828125,4.510850099e-13,1.909717261e-13,2.665072537e-13,2.001453681e-13,5.23074718e-13,1.523280477e-13,4.396758439e-14,1.422394063e-13,1.011766589e-13,3.061699901e-13,1.214750415e-13,1.645724734e-13,2.703882028e-13,2.542602657e-13,2.207867787e-13,5.512043123e-13,5.612782794e-13,4.578818028e-13,3.512528021e-13,4.351891398e-13,1.280898255e-13,7.640244437e-14,1.366279524e-13,1.53636368e-13,1.093248102e-13,6.071543436e-14,3.956692398e-13,2.159239769e-13,1.565574748e-13,2.619173642e-14,4.367813203e-13,4.113173483e-14
34.8359375,4.557404212e-13,1.917705478e-13,2.653406711e-13,2.022637403e-13,5.279382396e-13,1.518371105e-13,4.44694277e-14,1.416249106e-13,1.010543106e-13,3.096934259e-13,1.21135576e-13,1.658974289e-13,2.723533667e-13,2.546981318e-13,2.186215175e-13,5.453316462e-13,5.600671909e-13,4.624171882e-13,3.528091207e-13,4.327613952e-13,1.292161436e-13,7.657717504e-14,1.374112323e-13,1.521942282e-13,1.096760236e-13,5.977107268e-14,3.941662996e-13,2.167943082e-13,1.582554706e-13,2.634597484e-14,4.369624344e-13,4.055299599e-14
34.84375,4.600508313e-13,1.925758793e-13,2.640257909e-13,2.041868203e-13,5.326585671e-13,1.512595024e-13,4.495397648e-14,1.409620676e-13,1.009070678e-13,3.13054209e-13,1.207616064e-13,1.671945668e-13,2.742466216e-13,2.55036182e-13,2.163808684e-13,5.393252285e-13,5.585693032e-13,4.669510321e-13,3.542346515e-13,4.304607314e-13,1.303276856e-13,7.672567168e-14,1.381470494e-13,1.506170808e-13,1.099963894e-13,5.887477874e-14,3.926922407e-13,2.175540545e-13,1.59962639e-13,2.648404318e-14,4.370990671e-13,3.99883746e-14
34.8515625,4.643723507e-13,1.933497694e-13,2.626838093e-13,2.060860215e-13,5.37289947e-13,1.507638399e-13,4.543417859e-14,1.403455433e-13,1.007415699e-13,3.164369589e-13,1.203148003e-13,1.684838914e-13,2.761206919e-13,2.554239089e-13,2.142024728e-13,5.332464979e-13,5.570140903e-13,4.714996891e-13,3.555607917e-13,4.283056562e-13,1.314237604e-13,7.684360493e-14,1.388379258e-13,1.490015044e-13,1.103184525e-13,5.7966127e-14,3.910826969e-13,2.182892687e-13,1.616724871e-13,2.661485335e-14,4.371367473e-13,3.940089774e-14
34.859375,4.685700415e-13,1.941451718e-13,2.613453332e-13,2.081560344e-13,5.418381073e-13,1.503969336e-13,4.593064575e-14,1.397790938e-13,1.005558783e-13,3.198392322e-13,1.199197539e-13,1.698573159e-13,2.7805793e-13,2.559364757e-13,2.1229002e-13,5.272447443e-13,5.55523997e-13,4.760429292e-13,3.568356098e-13,4.26187695e-13,1.324694457e-13,7.691299996e-14,1.394631356e-13,1.47357194e-13,1.106454297e-13,5.708552353e-14,3.895281434e-13,2.190083859e-13,1.634744176e-13,2.674739119e-14,4.370742215e-13,3.879297638e-14
34.8671875,4.7252393e-13,1.950727344e-13,2.599960972e-13,2.102103079e-13,5.462757608e-13,1.500470568e-13,4.643145032e-14,1.391881747e-13,1.00344623e-13,3.230919048e-13,1.196481226e-13,1.713068763e-13,2.799365133e-13,2.564557098e-13,2.105184607e-13,5.212718041e-13,5.540182813e-13,4.805880287e-13,3.580440718e-13,4.240569816e-13,1.335443983e-13,7.693386631e-14,1.400386405e-13,1.45599323e-13,1.109451418e-13,5.626940538e-14,3.88113309e-13,2.196757902e-13,1.653235641e-13,2.686507164e-14,4.369219022e-13,3.81931372e-14
34.875,4.766304282e-13,1.961538961e-13,2.586777698e-13,2.121934304e-13,5.50828911e-13,1.49714343e-13,4.690237302e-14,1.385710354e-13,1.001355835e-13,3.262812103e-13,1.194294251e-13,1.727820447e-13,2.81733633e-13,2.570449615e-13,2.087543485e-13,5.153048532e-13,5.525414646e-13,4.851901811e-13,3.592131001e-13,4.219826796e-13,1.346515452e-13,7.695069438e-14,1.40598666e-13,1.437958404e-13,1.112035292e-13,5.545700309e-14,3.866177053e-13,2.203907449e-13,1.671850822e-13,2.697308811e-14,4.366955234e-13,3.76008266e-14
34.8828125,4.807213193e-13,1.973353268e-13,2.573891906e-13,2.142084832e-13,5.554382891e-13,1.494447777e-13,4.735477946e-14,1.379881552e-13,9.993837551e-14,3.295210737e-13,1.192474687e-13,1.742933327e-13,2.835491719e-13,2.577262192e-13,2.071052963e-13,5.094815581e-13,5.511651878e-13,4.897881838e-13,3.603099439e-13,4.200036949e-13,1.356761871e-13,7.695585134e-14,1.411269628e-13,1.420582903e-13,1.114524853e-13,5.465165344e-14,3.850427647e-13,2.211541282e-13,1.690695627e-13,2.709806559e-14,4.363856259e-13,3.70094622e-14
34.890625,4.843086682e-13,1.985530924e-13,2.560970245e-13,2.162110973e-13,5.596903233e-13,1.492135296e-13,4.782217431e-14,1.374488962e-13,9.971502861e-14,3.32697687e-13,1.190686889e-13,1.758439161e-13,2.853127531e-13,2.583217111e-13,2.055962595e-13,5.038498543e-13,5.498086922e-13,4.942332037e-13,3.612324589e-13,4.180386136e-13,1.366166538e-13,7.690845328e-14,1.415899051e-13,1.403523068e-13,1.117028537e-13,5.390104021e-14,3.835312116e-13,2.218225199e-13,1.709388761e-13,2.723643433e-14,4.359628468e-13,3.642733618e-14
34.8984375,4.876988851e-13,1.998284962e-13,2.547444379e-13,2.182118371e-13,5.636788192e-13,1.489954344e-13,4.829648886e-14,1.369191673e-13,9.94778265e-14,3.357851282e-13,1.187936525e-13,1.774052931e-13,2.869763026e-13,2.588795413e-13,2.041288243e-13,4.982813655e-13,5.482766081e-13,4.984896648e-13,3.620424275e-13,4.160746426e-13,1.374825276e-13,7.684806338e-14,1.41982723e-13,1.385930413e-13,1.118975769e-13,5.318012436e-14,3.819484464e-13,2.22451916e-13,1.728306417e-13,2.735806644e-14,4.354663459e-13,3.586730371e-14
34.90625,4.911837213e-13,2.012194956e-13,2.532854368e-13,2.202122534e-13,5.677568227e-13,1.487842202e-13,4.876367393e-14,1.363792835e-13,9.927496494e-14,3.388919877e-13,1.185136334e-13,1.789928368e-13,2.88651502e-13,2.595536578e-13,2.026960683e-13,4.926339562e-13,5.464621866e-13,5.026247783e-13,3.628371945e-13,4.141741366e-13,1.382416458e-13,7.681307877e-14,1.42316238e-13,1.367588114e-13,1.120199338e-13,5.246611061e-14,3.802015879e-13,2.231643882e-13,1.747948682e-13,2.745285492e-14,4.349240441e-13,3.533054652e-14
34.9140625,4.944452886e-13,2.026244967e-13,2.518120277e-13,2.221265527e-13,5.718518128e-13,1.485893919e-13,4.922710563e-14,1.358116976e-13,9.907812904e-14,3.419642731e-13,1.183985396e-13,1.806509703e-13,2.903790415e-13,2.602615217e-13,2.013148919e-13,4.869091585e-13,5.445272638e-13,5.067763768e-13,3.635552508e-13,4.122668662e-13,1.39007148e-13,7.675854302e-14,1.42614065e-13,1.348562305e-13,1.121473881e-13,5.177672444e-14,3.784957874e-13,2.238623646e-13,1.767509965e-13,2.754371937e-14,4.343278815e-13,3.479604794e-14
34.921875,4.973997151e-13,2.039236779e-13,2.503879554e-13,2.240912681e-13,5.758960243e-13,1.484154319e-13,4.966816201e-14,1.352275288e-13,9.886376144e-14,3.447924715e-13,1.183677871e-13,1.823603648e-13,2.92115485e-13,2.609367043e-13,1.999792293e-13,4.812871334e-13,5.426022942e-13,5.110180244e-13,3.641483966e-13,4.103412011e-13,1.398388564e-13,7.666882613e-14,1.428646478e-13,1.329187634e-13,1.122762121e-13,5.110949968e-14,3.768911991e-13,2.244513725e-13,1.786875255e-13,2.763951351e-14,4.337187286e-13,3.426049033e-14
34.9296875,5.001517387e-13,2.052278838e-13,2.489045304e-13,2.261535588e-13,5.799200665e-13,1.482193794e-13,5.008805072e-14,1.346904863e-13,9.869279085e-14,3.472775273e-13,1.182731133e-13,1.840457147e-13,2.937885222e-13,2.615874074e-13,1.986833623e-13,4.75853154e-13,5.405198117e-13,5.151005646e-13,3.64604267e-13,4.0856607e-13,1.405775555e-13,7.658366812e-14,1.42992483e-13,1.310327486e-13,1.122874189e-13,5.045397566e-14,3.751636981e-13,2.249630161e-13,1.80686088e-13,2.771276274e-14,4.330244902e-13,3.375604404e-14
34.9375,5.025798295e-13,2.066617158e-13,2.473327105e-13,2.280191606e-13,5.837330777e-13,1.479911791e-13,5.052976719e-14,1.342121946e-13,9.857598879e-14,3.495848417e-13,1.181454526e-13,1.85701504e-13,2.95321067e-13,2.621544897e-13,1.97365009e-13,4.703768651e-13,5.381588417e-13,5.187861144e-13,3.648868991e-13,4.069868448e-13,1.411474171e-13,7.650150267e-14,1.429945456e-13,1.292226342e-13,1.121814101e-13,4.981428446e-14,3.732313419e-13,2.254117382e-13,1.826789389e-13,2.775854873e-14,4.321347035e-13,3.328168312e-14
34.9453125,5.047454069e-13,2.081436072e-13,2.457094024e-13,2.297171387e-13,5.873916941e-13,1.477804498e-13,5.097411929e-14,1.337364259e-13,9.844057716e-14,3.519133713e-13,1.180444073e-13,1.874067545e-13,2.967985709e-13,2.627185138e-13,1.960784892e-13,4.64766337e-13,5.35700231e-13,5.223310855e-13,3.650870734e-13,4.055696735e-13,1.416246112e-13,7.639139293e-14,1.42996467e-13,1.273986708e-13,1.120959636e-13,4.920746533e-14,3.71252187e-13,2.258423804e-13,1.845856924e-13,2.780410159e-14,4.312202251e-13,3.279307543e-14
34.953125,5.068250086e-13,2.095695911e-13,2.439545224e-13,2.315453509e-13,5.911091773e-13,1.476038644e-13,5.13673988e-14,1.332692872e-13,9.824668497e-14,3.542195217e-13,1.17960654e-13,1.89158243e-13,2.983421138e-13,2.633904276e-13,1.950569452e-13,4.593878468e-13,5.334129275e-13,5.260422754e-13,3.653047857e-13,4.042799709e-13,1.420369234e-13,7.624071649e-14,1.430626174e-13,1.255238716e-13,1.120833222e-13,4.866201965e-14,3.6932286e-13,2.263264485e-13,1.865181171e-13,2.784492514e-14,4.303593379e-13,3.227799919e-14
34.9609375,5.087647989e-13,2.109764247e-13,2.420873975e-13,2.333857794e-13,5.946437051e-13,1.474700661e-13,5.174737254e-14,1.328399351e-13,9.799391177e-14,3.564197259e-13,1.178757155e-13,1.908594318e-13,2.998925528e-13,2.640429085e-13,1.942978493e-13,4.544004306e-13,5.313175679e-13,5.298012475e-13,3.654690611e-13,4.028543695e-13,1.423607396e-13,7.604676796e-14,1.43107894e-13,1.236371455e-13,1.120843867e-13,4.816688796e-14,3.674000552e-13,2.268242547e-13,1.885502872e-13,2.786354877e-14,4.292689255e-13,3.175745016e-14
34.96875,5.105736474e-13,2.125253534e-13,2.401823557e-13,2.351451143e-13,5.978852039e-13,1.473758261e-13,5.214491013e-14,1.324039031e-13,9.770774179e-14,3.584818442e-13,1.177667972e-13,1.925278102e-13,3.01434869e-13,2.646181216e-13,1.935410449e-13,4.494686516e-13,5.291319308e-13,5.334953291e-13,3.655704435e-13,4.012317367e-13,1.425520963e-13,7.582739277e-14,1.4305429e-13,1.217247558e-13,1.120561852e-13,4.767656825e-14,3.654760402e-13,2.272590202e-13,1.905773433e-13,2.787528118e-14,4.279896303e-13,3.1239969e-14
34.9765625,5.123169293e-13,2.143185788e-13,2.381252608e-13,2.371006785e-13,6.011611779e-13,1.472663462e-13,5.250162063e-14,1.319495692e-13,9.744832308e-14,3.60190681e-13,1.176368017e-13,1.942706306e-13,3.03047598e-13,2.652534934e-13,1.927719749e-13,4.444977934e-13,5.267361002e-13,5.372480856e-13,3.656948017e-13,3.997915134e-13,1.42587557e-13,7.561215623e-14,1.429203844e-13,1.197825779e-13,1.119972394e-13,4.720690308e-14,3.635961834e-13,2.276264612e-13,1.925338084e-13,2.788680323e-14,4.268745814e-13,3.0731754e-14
34.984375,5.138431469e-13,2.161941709e-13,2.35949269e-13,2.391704775e-13,6.044032316e-13,1.471548432e-13,5.282548205e-14,1.315319028e-13,9.723191667e-14,3.614655536e-13,1.175250172e-13,1.960766821e-13,3.046500278e-13,2.659477633e-13,1.921347455e-13,4.396782014e-13,5.243185377e-13,5.410061325e-13,3.657721287e-13,3.984580329e-13,1.42524239e-13,7.540354279e-14,1.427390997e-13,1.178653346e-13,1.119048505e-13,4.680984165e-14,3.616838177e-13,2.279587021e-13,1.944887289e-13,2.788994603e-14,4.257800328e-13,3.024544976e-14
34.9921875,5.151215715e-13,2.180377412e-13,2.338766183e-13,2.409808294e-13,6.073292523e-13,1.470658669e-13,5.318335387e-14,1.311539819e-13,9.70283234e-14,3.626481588e-13,1.174680422e-13,1.978867145e-13,3.061549093e-13,2.666161697e-13,1.915371707e-13,4.349192638e-13,5.219222618e-13,5.446023152e-13,3.657288945e-13,3.967710735e-13,1.423863165e-13,7.519362096e-14,1.42513862e-13,1.159991103e-13,1.117694752e-13,4.647639557e-14,3.59629828e-13,2.283165319e-13,1.965069877e-13,2.790529045e-14,4.244628545e-13,2.978116969e-14
35,5.163771153e-13,2.200421966e-13,2.318045258e-13,2.426005946e-13,6.101263866e-13,1.469039632e-13,5.354010689e-14,1.307893054e-13,9.683139115e-14,3.638980406e-13,1.174947531e-13,1.99709444e-13,3.076465951e-13,2.672835941e-13,1.90898737e-13,4.302024904e-13,5.195887015e-13,5.481847293e-13,3.656559087e-13,3.949728041e-13,1.421245031e-13,7.498296015e-14,1.422624624e-13,1.141863148e-13,1.116177319e-13,4.618520394e-14,3.575772804e-13,2.287484976e-13,1.985459797e-13,2.794374982e-14,4.231939587e-13,2.933194429e-14
35.0078125,5.176272145e-13,2.222067017e-13,2.295371178e-13,2.442591291e-13,6.129648365e-13,1.466979076e-13,5.384015513e-14,1.304327482e-13,9.661905099e-14,3.649712908e-13,1.175599175e-13,2.015059113e-13,3.09167597e-13,2.679733027e-13,1.903813571e-13,4.258372387e-13,5.175702206e-13,5.519648259e-13,3.655588898e-13,3.935386811e-13,1.417310831e-13,7.475490698e-14,1.420001681e-13,1.123811138e-13,1.114968877e-13,4.595989616e-14,3.557009801e-13,2.291987285e-13,2.005237321e-13,2.797018425e-14,4.220292124e-13,2.889848824e-14
35.015625,5.186714514e-13,2.243184883e-13,2.271966013e-13,2.459313504e-13,6.157073537e-13,1.46603224e-13,5.410858393e-14,1.300644296e-13,9.636504431e-14,3.657951323e-13,1.175492472e-13,2.032403888e-13,3.106833845e-13,2.686909869e-13,1.900738238e-13,4.218380462e-13,5.157418095e-13,5.558064885e-13,3.65340246e-13,3.923140682e-13,1.412461648e-13,7.448755879e-14,1.4169678e-13,1.104948403e-13,1.113904101e-13,4.581250176e-14,3.538462848e-13,2.295977347e-13,2.024992942e-13,2.796438683e-14,4.206065603e-13,2.848363753e-14
35.0234375,5.194885788e-13,2.265441881e-13,2.248355536e-13,2.476333903e-13,6.183504283e-13,1.465403197e-13,5.435817144e-14,1.297070402e-13,9.612133864e-14,3.664783385e-13,1.174740347e-13,2.050251827e-13,3.122123358e-13,2.694607413e-13,1.898705258e-13,4.179194558e-13,5.137440317e-13,5.595584854e-13,3.650395816e-13,3.91111401e-13,1.407128477e-13,7.419661488e-14,1.413476394e-13,1.085824985e-13,1.112595596e-13,4.573731171e-14,3.518560323e-13,2.299899339e-13,2.046115491e-13,2.795308222e-14,4.1900414e-13,2.808270412e-14
35.03125,5.202096748e-13,2.289694811e-13,2.223746061e-13,2.494128695e-13,6.209838208e-13,1.463868397e-13,5.457762654e-14,1.294238702e-13,9.593588501e-14,3.669841283e-13,1.174536012e-13,2.069230573e-13,3.137504833e-13,2.702702527e-13,1.896476224e-13,4.139489983e-13,5.116587833e-13,5.633224021e-13,3.647230888e-13,3.89960731e-13,1.401103833e-13,7.391940998e-14,1.410081916e-13,1.067674675e-13,1.111250044e-13,4.572884161e-14,3.498041248e-13,2.304144762e-13,2.067752809e-13,2.795890602e-14,4.175755451e-13,2.768681195e-14
35.0390625,5.208729848e-13,2.311950729e-13,2.199319474e-13,2.511169407e-13,6.235667982e-13,1.462607427e-13,5.478677525e-14,1.291745069e-13,9.577051402e-14,3.672936944e-13,1.174909794e-13,2.088125492e-13,3.152519594e-13,2.711069083e-13,1.893169254e-13,4.098388821e-13,5.095497316e-13,5.670614866e-13,3.643213572e-13,3.88734884e-13,1.393436757e-13,7.365402162e-14,1.406756274e-13,1.050005494e-13,1.109789536e-13,4.573489301e-14,3.476404873e-13,2.308121953e-13,2.088032794e-13,2.796919783e-14,4.162276759e-13,2.729209597e-14
35.046875,5.21389945e-13,2.333382482e-13,2.175115981e-13,2.526634911e-13,6.259943773e-13,1.462028017e-13,5.499874224e-14,1.288684532e-13,9.558854998e-14,3.674498177e-13,1.175127668e-13,2.106311975e-13,3.167219393e-13,2.719314541e-13,1.889100051e-13,4.056444403e-13,5.072333676e-13,5.70603674e-13,3.638028323e-13,3.875082717e-13,1.384331337e-13,7.336124395e-14,1.402810125e-13,1.03210874e-13,1.107669876e-13,4.572002565e-14,3.453350221e-13,2.311832244e-13,2.10811031e-13,2.796044774e-14,4.147299447e-13,2.69002108e-14
35.0546875,5.216673489e-13,2.359689324e-13,2.149049016e-13,2.541764394e-13,6.282229769e-13,1.461191922e-13,5.520842151e-14,1.28518173e-13,9.540029552e-14,3.674060611e-13,1.175095873e-13,2.124607946e-13,3.181981552e-13,2.727052814e-13,1.885706778e-13,4.016566319e-13,5.048836883e-13,5.741172545e-13,3.632591611e-13,3.864370504e-13,1.374809437e-13,7.304192056e-14,1.398232423e-13,1.014242275e-13,1.105208936e-13,4.576364361e-14,3.431889869e-13,2.3160401e-13,2.129891306e-13,2.793098529e-14,4.131309457e-13,2.651787492e-14
35.0625,5.217148331e-13,2.387436839e-13,2.121754217e-13,2.556417486e-13,6.304008019e-13,1.460404867e-13,5.541066142e-14,1.281642619e-13,9.522020593e-14,3.671602683e-13,1.174864111e-13,2.143244351e-13,3.196764249e-13,2.735218142e-13,1.882855578e-13,3.978169752e-13,5.026614993e-13,5.778191117e-13,3.627271385e-13,3.851617316e-13,1.364296837e-13,7.273246627e-14,1.393529153e-13,9.960758367e-14,1.103079079e-13,4.593105092e-14,3.412951359e-13,2.320225831e-13,2.151715238e-13,2.790067583e-14,4.115190365e-13,2.615519523e-14
35.0703125,5.215572431e-13,2.410258143e-13,2.094868997e-13,2.568938795e-13,6.325633562e-13,1.45967862e-13,5.559126671e-14,1.277990529e-13,9.504690574e-14,3.667277516e-13,1.174330337e-13,2.161479372e-13,3.210703646e-13,2.743556492e-13,1.879132391e-13,3.938293155e-13,5.002883223e-13,5.814732782e-13,3.621169338e-13,3.83509137e-13,1.352258274e-13,7.241250839e-14,1.388824943e-13,9.777954926e-14,1.101036452e-13,4.615942713e-14,3.393462397e-13,2.32308006e-13,2.171654468e-13,2.787537898e-14,4.09877208e-13,2.580709659e-14
35.078125,5.212093364e-13,2.432597614e-13,2.066937365e-13,2.579914228e-13,6.3441051e-13,1.458186072e-13,5.574571949e-14,1.274429916e-13,9.486772756e-14,3.660041398e-13,1.173635202e-13,2.179064094e-13,3.223235329e-13,2.749754934e-13,1.87508837e-13,3.899066376e-13,4.978034338e-13,5.849130526e-13,3.613474796e-13,3.819770492e-13,1.339812015e-13,7.204271007e-14,1.384034615e-13,9.609145026e-14,1.098765679e-13,4.639267039e-14,3.372890936e-13,2.324721859e-13,2.191355064e-13,2.783734672e-14,4.081744578e-13,2.545632292e-14
35.0859375,5.208811453e-13,2.459573679e-13,2.036725532e-13,2.591219354e-13,6.360009982e-13,1.456247575e-13,5.587493396e-14,1.271285824e-13,9.469014504e-14,3.650176922e-13,1.172939866e-13,2.19650476e-13,3.235566615e-13,2.754750878e-13,1.872327407e-13,3.863738636e-13,4.956045467e-13,5.884683705e-13,3.604563138e-13,3.807403645e-13,1.327139058e-13,7.166097656e-14,1.378942355e-13,9.452059449e-14,1.096612189e-13,4.666083147e-14,3.352896638e-13,2.326150118e-13,2.212170137e-13,2.778247797e-14,4.064220633e-13,2.510920736e-14
35.09375,5.206864974e-13,2.487045263e-13,2.005778811e-13,2.602315016e-13,6.377748928e-13,1.454158988e-13,5.596768238e-14,1.268143768e-13,9.453479999e-14,3.639595177e-13,1.172328563e-13,2.214051106e-13,3.248814839e-13,2.761604681e-13,1.870363701e-13,3.829753613e-13,4.935378171e-13,5.922990894e-13,3.595403338e-13,3.794491317e-13,1.313283221e-13,7.130481242e-14,1.373366293e-13,9.286601487e-14,1.094756129e-13,4.699382448e-14,3.332560579e-13,2.327699501e-13,2.232431597e-13,2.772580505e-14,4.046950491e-13,2.47806621e-14
35.1015625,5.202450732e-13,2.512392394e-13,1.975926849e-13,2.612299131e-13,6.396129265e-13,1.451806691e-13,5.603378619e-14,1.264300315e-13,9.438808919e-14,3.628237846e-13,1.172018716e-13,2.23175567e-13,3.26226907e-13,2.769252678e-13,1.867365716e-13,3.793008211e-13,4.91058974e-13,5.960794555e-13,3.586403024e-13,3.779702824e-13,1.298411481e-13,7.094342568e-14,1.367679106e-13,9.110996137e-14,1.092935741e-13,4.739447847e-14,3.310855907e-13,2.329300615e-13,2.251688458e-13,2.767166384e-14,4.030224566e-13,2.445194619e-14
35.109375,5.193723851e-13,2.538490229e-13,1.947479353e-13,2.622335049e-13,6.411940592e-13,1.45004597e-13,5.60917106e-14,1.259909519e-13,9.423829391e-14,3.614988203e-13,1.172063418e-13,2.249990723e-13,3.275566169e-13,2.775872995e-13,1.86299837e-13,3.753637201e-13,4.881542751e-13,5.99660091e-13,3.577362395e-13,3.762839586e-13,1.283120971e-13,7.05658133e-14,1.362059535e-13,8.939972659e-14,1.090999356e-13,4.785153682e-14,3.288827032e-13,2.330943308e-13,2.272171374e-13,2.762126567e-14,4.013261789e-13,2.410335665e-14
35.1171875,5.185108146e-13,2.565371868e-13,1.918831416e-13,2.632352261e-13,6.426294428e-13,1.448962945e-13,5.613849577e-14,1.255895474e-13,9.408374539e-14,3.600093261e-13,1.17195539e-13,2.268172115e-13,3.289028949e-13,2.782505264e-13,1.85917197e-13,3.715633577e-13,4.853636253e-13,6.032653051e-13,3.567823044e-13,3.743189879e-13,1.267309983e-13,7.017885167e-14,1.35605208e-13,8.778137446e-14,1.08910396e-13,4.83431805e-14,3.266938424e-13,2.332331734e-13,2.29426365e-13,2.75724146e-14,3.995445374e-13,2.37496257e-14
35.125,5.17781141e-13,2.591656039e-13,1.888461418e-13,2.641053814e-13,6.437778693e-13,1.447707391e-13,5.618400323e-14,1.252360188e-13,9.387845038e-14,3.583233772e-13,1.171256917e-13,2.284874448e-13,3.301851469e-13,2.78857794e-13,1.857644532e-13,3.682393133e-13,4.829761252e-13,6.069870794e-13,3.557239629e-13,3.722234809e-13,1.250777822e-13,6.974930363e-14,1.34981443e-13,8.619417467e-14,1.087466484e-13,4.888616783e-14,3.244762888e-13,2.332871117e-13,2.316172213e-13,2.749594025e-14,3.97642961e-13,2.340319499e-14
35.1328125,5.168691925e-13,2.61865985e-13,1.857699427e-13,2.649540071e-13,6.444875856e-13,1.446770617e-13,5.623112674e-14,1.248299723e-13,9.364039599e-14,3.563565191e-13,1.170479127e-13,2.300875737e-13,3.313967012e-13,2.793447693e-13,1.857277955e-13,3.651899392e-13,4.807402165e-13,6.107357251e-13,3.546022474e-13,3.701516902e-13,1.23358039e-13,6.929627331e-14,1.343902165e-13,8.458511784e-14,1.086024961e-13,4.951324386e-14,3.222266218e-13,2.332814982e-13,2.338089653e-13,2.738594082e-14,3.956299356e-13,2.306762537e-14
35.140625,5.159596542e-13,2.646522771e-13,1.827808313e-13,2.658456695e-13,6.4538182e-13,1.446399438e-13,5.624684895e-14,1.243619435e-13,9.349912514e-14,3.541847957e-13,1.169982737e-13,2.318338573e-13,3.326926199e-13,2.800113749e-13,1.855829099e-13,3.619851854e-13,4.784477835e-13,6.145229315e-13,3.535627348e-13,3.681941647e-13,1.215916727e-13,6.890172617e-14,1.33805795e-13,8.294704152e-14,1.084547698e-13,5.020116704e-14,3.199458019e-13,2.333679682e-13,2.361043951e-13,2.72912492e-14,3.936736388e-13,2.276366669e-14
35.1484375,5.152800738e-13,2.674195001e-13,1.797396751e-13,2.665583952e-13,6.466778568e-13,1.445673942e-13,5.623503243e-14,1.239222288e-13,9.346865437e-14,3.51860518e-13,1.168947204e-13,2.336781122e-13,3.340496067e-13,2.808980747e-13,1.853469222e-13,3.586515051e-13,4.761423665e-13,6.183226291e-13,3.526114664e-13,3.665208718e-13,1.197754366e-13,6.855437792e-14,1.332187847e-13,8.133442668e-14,1.08300963e-13,5.092456442e-14,3.176012298e-13,2.335746644e-13,2.383794239e-13,2.722132252e-14,3.918670861e-13,2.249411709e-14
35.15625,5.144361121e-13,2.702183354e-13,1.76658806e-13,2.670287967e-13,6.476456367e-13,1.445036019e-13,5.623912734e-14,1.234859752e-13,9.341993331e-14,3.493544951e-13,1.167317049e-13,2.354364719e-13,3.35280286e-13,2.816269554e-13,1.851120657e-13,3.553885739e-13,4.737222416e-13,6.219675876e-13,3.515662384e-13,3.649070793e-13,1.17900073e-13,6.81727341e-14,1.326906075e-13,7.979852256e-14,1.081450419e-13,5.169643793e-14,3.151396539e-13,2.337176043e-13,2.40545229e-13,2.713041501e-14,3.899943162e-13,2.222582935e-14
35.1640625,5.133143404e-13,2.730048969e-13,1.737538206e-13,2.674294429e-13,6.482371718e-13,1.445404996e-13,5.62639066e-14,1.229769101e-13,9.3322546e-14,3.46783457e-13,1.166291044e-13,2.371144472e-13,3.364091728e-13,2.821853203e-13,1.848077151e-13,3.520923412e-13,4.711037222e-13,6.254686363e-13,3.503754067e-13,3.629031115e-13,1.160028834e-13,6.776278859e-14,1.32214586e-13,7.829540544e-14,1.079805108e-13,5.250269983e-14,3.125825331e-13,2.337831535e-13,2.427114763e-13,2.702547755e-14,3.879452534e-13,2.194799218e-14
35.171875,5.122732034e-13,2.756897669e-13,1.709638598e-13,2.678401081e-13,6.490801523e-13,1.44613726e-13,5.629684755e-14,1.224502868e-13,9.323686593e-14,3.441929296e-13,1.165625654e-13,2.387783304e-13,3.376305109e-13,2.828469282e-13,1.844543033e-13,3.487396632e-13,4.684805203e-13,6.290418762e-13,3.491800797e-13,3.607595909e-13,1.140622794e-13,6.737906676e-14,1.317333194e-13,7.678311024e-14,1.078182653e-13,5.333328722e-14,3.100553834e-13,2.33966799e-13,2.449238942e-13,2.694447311e-14,3.859554241e-13,2.168408449e-14
35.1796875,5.111882215e-13,2.784270694e-13,1.680799349e-13,2.682510511e-13,6.500194513e-13,1.446541777e-13,5.633942469e-14,1.219657032e-13,9.317333403e-14,3.41384831e-13,1.164134846e-13,2.40436484e-13,3.38988525e-13,2.83569049e-13,1.842289658e-13,3.455707141e-13,4.659350753e-13,6.327481282e-13,3.48014743e-13,3.58958079e-13,1.119917085e-13,6.701222899e-14,1.312446933e-13,7.53276948e-14,1.076828985e-13,5.42409409e-14,3.076225115e-13,2.342142533e-13,2.472083666e-13,2.686763395e-14,3.841078585e-13,2.144559978e-14
35.1875,5.098318012e-13,2.812592931e-13,1.651437532e-13,2.685683946e-13,6.506625617e-13,1.446577375e-13,5.637346822e-14,1.214677192e-13,9.313165835e-14,3.38320551e-13,1.162275672e-13,2.421146093e-13,3.403564064e-13,2.842306009e-13,1.841132221e-13,3.42622508e-13,4.634020062e-13,6.365087029e-13,3.467970671e-13,3.572364066e-13,1.098562997e-13,6.663442691e-14,1.307572708e-13,7.396087279e-14,1.075779897e-13,5.524139481e-14,3.052787711e-13,2.343082592e-13,2.496592847e-13,2.676923833e-14,3.822145039e-13,2.122743253e-14
35.1953125,5.085621748e-13,2.839656517e-13,1.622719869e-13,2.686714954e-13,6.512622063e-13,1.44622449e-13,5.63816061e-14,1.209005435e-13,9.310795028e-14,3.35174317e-13,1.160660532e-13,2.437925649e-13,3.416611478e-13,2.849205092e-13,1.839292412e-13,3.396607355e-13,4.60934015e-13,6.403227942e-13,3.455709115e-13,3.551708913e-13,1.077921369e-13,6.626271665e-14,1.302640134e-13,7.26120707e-14,1.074868104e-13,5.626498233e-14,3.030304128e-13,2.343176147e-13,2.521898288e-13,2.666860393e-14,3.802818698e-13,2.101585539e-14
35.203125,5.075610834e-13,2.865982495e-13,1.594321245e-13,2.687096961e-13,6.519644504e-13,1.446090052e-13,5.638812999e-14,1.202756847e-13,9.306753144e-14,3.319513265e-13,1.158441422e-13,2.454159568e-13,3.429775558e-13,2.856838174e-13,1.837162742e-13,3.366487292e-13,4.585019656e-13,6.441710514e-13,3.444416867e-13,3.529323016e-13,1.057411952e-13,6.591472386e-14,1.29757199e-13,7.12737142e-14,1.073956119e-13,5.72831107e-14,3.007871346e-13,2.344462383e-13,2.546652407e-13,2.657937071e-14,3.784344927e-13,2.079063305e-14
35.2109375,5.065418201e-13,2.894321719e-13,1.565925604e-13,2.688935337e-13,6.525774063e-13,1.446800022e-13,5.642683008e-14,1.196668539e-13,9.302261353e-14,3.285489133e-13,1.155329346e-13,2.470109179e-13,3.443781905e-13,2.864710407e-13,1.836810881e-13,3.338680476e-13,4.560464839e-13,6.480083979e-13,3.433718785e-13,3.508534468e-13,1.035827422e-13,6.557242678e-14,1.292132706e-13,7.000030506e-14,1.073101936e-13,5.833742953e-14,2.984618381e-13,2.34678256e-13,2.571832299e-13,2.648939489e-14,3.765958827e-13,2.056108911e-14
35.21875,5.054428484e-13,2.923647425e-13,1.538327484e-13,2.690930745e-13,6.531466517e-13,1.448001402e-13,5.648706954e-14,1.191459641e-13,9.300093185e-14,3.249750119e-13,1.152217919e-13,2.485977706e-13,3.458198425e-13,2.872796248e-13,1.838316376e-13,3.313938046e-13,4.536784447e-13,6.51891534e-13,3.422487583e-13,3.488621007e-13,1.01378153e-13,6.521742616e-14,1.286605369e-13,6.877142743e-14,1.072543387e-13,5.943376914e-14,2.961688649e-13,2.348436995e-13,2.59763903e-13,2.638468029e-14,3.747375237e-13,2.035646246e-14
35.2265625,5.042739237e-13,2.950938273e-13,1.512153836e-13,2.691344964e-13,6.536973981e-13,1.449440811e-13,5.652357233e-14,1.186233846e-13,9.295717291e-14,3.212697046e-13,1.149379578e-13,2.501391236e-13,3.47237472e-13,2.880832794e-13,1.839613709e-13,3.288739033e-13,4.513387846e-13,6.558075792e-13,3.410394068e-13,3.466166022e-13,9.926773718e-14,6.485788136e-14,1.281680338e-13,6.753555551e-14,1.072436308e-13,6.056562255e-14,2.940107209e-13,2.348503372e-13,2.622725685e-13,2.626545273e-14,3.729566606e-13,2.016734489e-14
35.234375,5.028909199e-13,2.977256212e-13,1.486900295e-13,2.690743204e-13,6.539947942e-13,1.451408221e-13,5.653786101e-14,1.179541569e-13,9.287261859e-14,3.17463562e-13,1.146410376e-13,2.516569051e-13,3.486346934e-13,2.888209284e-13,1.840017235e-13,3.261944483e-13,4.488795196e-13,6.596720992e-13,3.398021882e-13,3.440484301e-13,9.724516887e-14,6.450784136e-14,1.27703745e-13,6.628511057e-14,1.072676906e-13,6.177269144e-14,2.919093048e-13,2.348100031e-13,2.648428589e-13,2.614978924e-14,3.711605445e-13,1.997315365e-14
35.2421875,5.015253583e-13,3.005583377e-13,1.462172913e-13,2.689216327e-13,6.540254046e-13,1.453584639e-13,5.658867682e-14,1.17237541e-13,9.280984869e-14,3.135954319e-13,1.143424231e-13,2.532019089e-13,3.500513074e-13,2.895127372e-13,1.841050097e-13,3.237072176e-13,4.464955268e-13,6.635957655e-13,3.386035455e-13,3.41418429e-13,9.517496457e-14,6.415992363e-14,1.272079884e-13,6.506275861e-14,1.0730586e-13,6.303671675e-14,2.897699473e-13,2.348861806e-13,2.676764155e-13,2.604647028e-14,3.692567669e-13,1.978906708e-14
35.25,5.004163648e-13,3.035052745e-13,1.438296811e-13,2.686144985e-13,6.539968044e-13,1.455122309e-13,5.668658588e-14,1.166549767e-13,9.278385871e-14,3.096750516e-13,1.140700711e-13,2.547461194e-13,3.514786796e-13,2.902048085e-13,1.843339142e-13,3.214835821e-13,4.442986679e-13,6.676227181e-13,3.373994263e-13,3.387710723e-13,9.30223833e-14,6.378938673e-14,1.267234462e-13,6.394036063e-14,1.073505163e-13,6.428369201e-14,2.875581553e-13,2.350063819e-13,2.705879553e-13,2.594793148e-14,3.674285652e-13,1.961905094e-14
35.2578125,4.991758969e-13,3.062657853e-13,1.415129085e-13,2.682617892e-13,6.539043253e-13,1.456348055e-13,5.679606472e-14,1.161170068e-13,9.274687279e-14,3.056972284e-13,1.137742462e-13,2.562378102e-13,3.528245493e-13,2.908713329e-13,1.846198247e-13,3.192615805e-13,4.420333127e-13,6.715043306e-13,3.360695132e-13,3.35958317e-13,9.089411502e-14,6.339446156e-14,1.26268677e-13,6.288657074e-14,1.074091811e-13,6.554758624e-14,2.852986487e-13,2.349872884e-13,2.733514736e-13,2.585494388e-14,3.657801189e-13,1.944422415e-14
35.265625,4.976362212e-13,3.088266847e-13,1.392980679e-13,2.679872761e-13,6.536593991e-13,1.458916608e-13,5.692794634e-14,1.154438324e-13,9.26938872e-14,3.016386778e-13,1.134009977e-13,2.576910204e-13,3.540510828e-13,2.915229091e-13,1.849943334e-13,3.170838132e-13,4.396655989e-13,6.752551681e-13,3.34640728e-13,3.330612706e-13,8.882639994e-14,6.301345773e-14,1.258009611e-13,6.178044709e-14,1.074876917e-13,6.689135455e-14,2.83054568e-13,2.348558148e-13,2.761161637e-13,2.576043301e-14,3.641624709e-13,1.926995626e-14
35.2734375,4.963015429e-13,3.114290598e-13,1.373539353e-13,2.676896457e-13,6.533962207e-13,1.463018449e-13,5.708922293e-14,1.146849961e-13,9.265979382e-14,2.975097258e-13,1.130045668e-13,2.591738581e-13,3.552718154e-13,2.922696715e-13,1.85512183e-13,3.151293856e-13,4.374651978e-13,6.792504111e-13,3.332850757e-13,3.301863678e-13,8.678683968e-14,6.266640414e-14,1.253395693e-13,6.066063925e-14,1.075873326e-13,6.826231649e-14,2.808445985e-13,2.347758569e-13,2.791104872e-13,2.565555672e-14,3.624924379e-13,1.910544338e-14
35.28125,4.95325053e-13,3.141878707e-13,1.356895112e-13,2.672338893e-13,6.532706594e-13,1.466769996e-13,5.724371959e-14,1.139940453e-13,9.266027914e-14,2.934289428e-13,1.126563228e-13,2.607258825e-13,3.565604309e-13,2.931420079e-13,1.861446735e-13,3.133805694e-13,4.355459078e-13,6.83520891e-13,3.320499959e-13,3.273187257e-13,8.482393052e-14,6.232279927e-14,1.249012558e-13,5.968597119e-14,1.077182609e-13,6.963959619e-14,2.787228466e-13,2.348215378e-13,2.822714674e-13,2.557083408e-14,3.608251964e-13,1.894408235e-14
35.2890625,4.942978743e-13,3.169186152e-13,1.340864581e-13,2.666830407e-13,6.531172347e-13,1.469899288e-13,5.740950194e-14,1.13401566e-13,9.267330918e-14,2.894377159e-13,1.12335666e-13,2.622814567e-13,3.578218461e-13,2.9398962e-13,1.869048204e-13,3.118311458e-13,4.338115699e-13,6.877197298e-13,3.307971485e-13,3.244963315e-13,8.296430567e-14,6.196190755e-14,1.244471804e-13,5.887053153e-14,1.078816476e-13,7.106181513e-14,2.767434688e-13,2.348842703e-13,2.853573627e-13,2.552042456e-14,3.592019072e-13,1.878855702e-14
35.296875,4.929990622e-13,3.194151523e-13,1.324692239e-13,2.661187767e-13,6.526223103e-13,1.473936929e-13,5.763767113e-14,1.128219578e-13,9.265047571e-14,2.854024335e-13,1.120123165e-13,2.637319505e-13,3.589422877e-13,2.946540738e-13,1.877509184e-13,3.103902189e-13,4.320073748e-13,6.916508931e-13,3.293853178e-13,3.21656801e-13,8.114146388e-14,6.158968497e-14,1.239848337e-13,5.811296243e-14,1.08046555e-13,7.246394755e-14,2.74729896e-13,2.347353563e-13,2.883084921e-13,2.545496836e-14,3.576060489e-13,1.863319459e-14
35.3046875,4.915039202e-13,3.218203227e-13,1.309546718e-13,2.654805126e-13,6.518416651e-13,1.478576254e-13,5.791292072e-14,1.121644213e-13,9.258284736e-14,2.812716184e-13,1.117012272e-13,2.650852741e-13,3.59922815e-13,2.951807662e-13,1.885307031e-13,3.088346858e-13,4.299294329e-13,6.953875631e-13,3.278155498e-13,3.187011225e-13,7.935088944e-14,6.120083585e-14,1.235331458e-13,5.734548397e-14,1.081951159e-13,7.380676508e-14,2.725451223e-13,2.343732331e-13,2.913084327e-13,2.53526157e-14,3.559752979e-13,1.846462579e-14
35.3125,4.90081576e-13,3.243781165e-13,1.296128945e-13,2.647844629e-13,6.511640477e-13,1.482978e-13,5.820327766e-14,1.114305787e-13,9.252243284e-14,2.771382223e-13,1.114056888e-13,2.664496155e-13,3.608922919e-13,2.958058871e-13,1.892890639e-13,3.072539903e-13,4.278590573e-13,6.992348859e-13,3.262476772e-13,3.156939061e-13,7.764833667e-14,6.080940713e-14,1.230674996e-13,5.655652105e-14,1.083666788e-13,7.518154262e-14,2.704255424e-13,2.34135153e-13,2.944563391e-13,2.525225447e-14,3.543263934e-13,1.829720848e-14
35.3203125,4.890372611e-13,3.270195203e-13,1.284549578e-13,2.641684453e-13,6.506713425e-13,1.488439725e-13,5.850835033e-14,1.106847472e-13,9.248408541e-14,2.730667969e-13,1.111155385e-13,2.678405785e-13,3.619713045e-13,2.966334702e-13,1.902151858e-13,3.05898815e-13,4.261726549e-13,7.0343253e-13,3.248024337e-13,3.126226999e-13,7.601261326e-14,6.045161559e-14,1.225991191e-13,5.580008416e-14,1.085972704e-13,7.65986704e-14,2.685111428e-13,2.341787189e-13,2.976757072e-13,2.517216993e-14,3.527802377e-13,1.813939536e-14
35.328125,4.881939357e-13,3.29627217e-13,1.274762058e-13,2.635751683e-13,6.500579064e-13,1.49544348e-13,5.882103838e-14,1.099320611e-13,9.243259918e-14,2.690839317e-13,1.108182601e-13,2.69169369e-13,3.630552964e-13,2.974427253e-13,1.912468952e-13,3.046671308e-13,4.246177589e-13,7.076772284e-13,3.233737147e-13,3.094931542e-13,7.43845303e-14,6.011014676e-14,1.221502963e-13,5.512826057e-14,1.088548145e-13,7.799942709e-14,2.665417463e-13,2.342590825e-13,3.009304145e-13,2.510186156e-14,3.513428606e-13,1.797586672e-14
35.3359375,4.871267768e-13,3.322257534e-13,1.266354267e-13,2.628146451e-13,6.491971096e-13,1.502332387e-13,5.91449143e-14,1.091537576e-13,9.237741253e-14,2.651649666e-13,1.104877401e-13,2.704172494e-13,3.639551951e-13,2.980584347e-13,1.922096515e-13,3.033826508e-13,4.227836815e-13,7.115667968e-13,3.218174835e-13,3.064706265e-13,7.276608425e-14,5.974100881e-14,1.217042257e-13,5.451306582e-14,1.09093568e-13,7.943033658e-14,2.643755518e-13,2.34186916e-13,3.042031528e-13,2.504064614e-14,3.499316794e-13,1.78168056e-14
35.34375,4.859206674e-13,3.346747062e-13,1.259250488e-13,2.619551345e-13,6.48220353e-13,1.509020391e-13,5.950818256e-14,1.083957005e-13,9.233676922e-14,2.612233738e-13,1.101355124e-13,2.716272137e-13,3.647225811e-13,2.986204788e-13,1.931578815e-13,3.021345905e-13,4.208099313e-13,7.152801303e-13,3.201677569e-13,3.033995832e-13,7.119499685e-14,5.9355275e-14,1.212668708e-13,5.392104029e-14,1.093210183e-13,8.091263659e-14,2.621428914e-13,2.340386327e-13,3.074241212e-13,2.498628157e-14,3.485679784e-13,1.768280576e-14
35.3515625,4.849394192e-13,3.368691131e-13,1.253829872e-13,2.61186795e-13,6.472162321e-13,1.516884839e-13,5.99206762e-14,1.076715775e-13,9.228327905e-14,2.572571926e-13,1.098265895e-13,2.727994229e-13,3.655278603e-13,2.992413947e-13,1.942141326e-13,3.009903057e-13,4.189641872e-13,7.191430657e-13,3.185219779e-13,3.000122034e-13,6.967780452e-14,5.898170247e-14,1.2084611e-13,5.33445153e-14,1.095682629e-13,8.235494627e-14,2.598652466e-13,2.3391996e-13,3.106070663e-13,2.493431079e-14,3.472808897e-13,1.756495711e-14
35.359375,4.842081098e-13,3.390914471e-13,1.249814378e-13,2.604525031e-13,6.462670957e-13,1.525135881e-13,6.036953945e-14,1.069122462e-13,9.223852678e-14,2.533314824e-13,1.095900266e-13,2.739754507e-13,3.664011557e-13,2.99852826e-13,1.953577225e-13,2.999130596e-13,4.17217578e-13,7.231777506e-13,3.169361076e-13,2.965814929e-13,6.819354359e-14,5.862374599e-14,1.204274433e-13,5.27797511e-14,1.098472273e-13,8.373677323e-14,2.575679167e-13,2.33847276e-13,3.138640378e-13,2.488861847e-14,3.460686647e-13,1.745075387e-14
35.3671875,4.835035541e-13,3.41514272e-13,1.246624015e-13,2.596241311e-13,6.454200112e-13,1.532174927e-13,6.083635308e-14,1.060943464e-13,9.224912506e-14,2.494361574e-13,1.093729699e-13,2.752383248e-13,3.672901207e-13,3.00461892e-13,1.965599708e-13,2.989605133e-13,4.155399087e-13,7.273271814e-13,3.154155759e-13,2.933942197e-13,6.673491446e-14,5.828256585e-14,1.200376024e-13,5.227785536e-14,1.101450664e-13,8.514537043e-14,2.554426182e-13,2.337799325e-13,3.17282374e-13,2.484659204e-14,3.44972203e-13,1.733701673e-14
35.375,4.82762344e-13,3.438325716e-13,1.244884163e-13,2.587393988e-13,6.445705358e-13,1.538952779e-13,6.130401211e-14,1.052556409e-13,9.225113299e-14,2.455350455e-13,1.091155857e-13,2.765203188e-13,3.681403374e-13,3.011402525e-13,1.978638143e-13,2.981627215e-13,4.139503433e-13,7.314308243e-13,3.138674784e-13,2.902574913e-13,6.530071884e-14,5.794634895e-14,1.19683228e-13,5.187089892e-14,1.104294614e-13,8.660299201e-14,2.534302327e-13,2.33661604e-13,3.207854592e-13,2.479996917e-14,3.439275743e-13,1.722280348e-14
35.3828125,4.82191777e-13,3.458546725e-13,1.245148194e-13,2.578102343e-13,6.437164462e-13,1.546859828e-13,6.177667865e-14,1.044020464e-13,9.218776608e-14,2.416235056e-13,1.088325687e-13,2.776907944e-13,3.689341868e-13,3.018880533e-13,1.992564164e-13,2.974311297e-13,4.123529163e-13,7.353139413e-13,3.12223366e-13,2.870504459e-13,6.389465097e-14,5.760045388e-14,1.193149876e-13,5.148780922e-14,1.106962862e-13,8.802657308e-14,2.512488089e-13,2.334684086e-13,3.241597407e-13,2.474741249e-14,3.428566782e-13,1.712050465e-14
35.390625,4.818351645e-13,3.479249425e-13,1.246272517e-13,2.568153718e-13,6.429309849e-13,1.555212932e-13,6.228317468e-14,1.03531098e-13,9.21434292e-14,2.377076938e-13,1.085903886e-13,2.788229327e-13,3.697343414e-13,3.026625542e-13,2.006882812e-13,2.967779965e-13,4.107303097e-13,7.391571155e-13,3.10548948e-13,2.838679244e-13,6.256372187e-14,5.72658469e-14,1.189555735e-13,5.109605936e-14,1.109934038e-13,8.939556019e-14,2.489922117e-13,2.332165118e-13,3.274472906e-13,2.46916732e-14,3.419316585e-13,1.703875799e-14
35.3984375,4.813109921e-13,3.50360394e-13,1.248117785e-13,2.558970894e-13,6.419832735e-13,1.563561164e-13,6.284478192e-14,1.026618067e-13,9.21560969e-14,2.338265114e-13,1.084308187e-13,2.800488623e-13,3.705210401e-13,3.033612113e-13,2.022032981e-13,2.963034001e-13,4.091399558e-13,7.430866171e-13,3.088544596e-13,2.807008565e-13,6.133734171e-14,5.694701841e-14,1.186515414e-13,5.073419944e-14,1.113230883e-13,9.079418264e-14,2.469199822e-13,2.329651348e-13,3.30880267e-13,2.463634e-14,3.412651637e-13,1.69675296e-14
35.40625,4.804884172e-13,3.528897006e-13,1.252141123e-13,2.550932882e-13,6.406688633e-13,1.572189869e-13,6.343840778e-14,1.017965562e-13,9.214189967e-14,2.300231317e-13,1.083443292e-13,2.812794771e-13,3.711547793e-13,3.03919355e-13,2.038093667e-13,2.959156218e-13,4.074542274e-13,7.467591203e-13,3.070527608e-13,2.775695382e-13,6.014735652e-14,5.660490592e-14,1.183382331e-13,5.038951837e-14,1.116019341e-13,9.219887779e-14,2.448753977e-13,2.32762389e-13,3.342667395e-13,2.458462781e-14,3.406604764e-13,1.690236129e-14
35.4140625,4.798072133e-13,3.551051201e-13,1.257515557e-13,2.541139819e-13,6.393048499e-13,1.580264247e-13,6.403124566e-14,1.009311871e-13,9.210722115e-14,2.26314785e-13,1.082830227e-13,2.823865432e-13,3.716547585e-13,3.044707205e-13,2.053701872e-13,2.953931422e-13,4.055706217e-13,7.500021825e-13,3.051804175e-13,2.745527469e-13,5.894380648e-14,5.62499367e-14,1.179605388e-13,5.007860141e-14,1.118000497e-13,9.348244003e-14,2.426618403e-13,2.325360344e-13,3.373427161e-13,2.453967091e-14,3.400596806e-13,1.684864119e-14
35.421875,4.794880208e-13,3.57027332e-13,1.262907176e-13,2.528281024e-13,6.382321022e-13,1.58788014e-13,6.464939479e-14,1.00061765e-13,9.212904246e-14,2.22709866e-13,1.081921776e-13,2.834497319e-13,3.721719168e-13,3.051619472e-13,2.068834802e-13,2.947641836e-13,4.036937992e-13,7.531573311e-13,3.033398715e-13,2.71546559e-13,5.780286666e-14,5.593908966e-14,1.175679613e-13,4.988340803e-14,1.119965822e-13,9.467882805e-14,2.404701652e-13,2.321808117e-13,3.404315107e-13,2.450118448e-14,3.396375996e-13,1.680517132e-14
35.4296875,4.792983042e-13,3.588114147e-13,1.269932451e-13,2.515330064e-13,6.372777253e-13,1.596452792e-13,6.531419981e-14,9.917989681e-14,9.216239023e-14,2.191666592e-13,1.08072321e-13,2.845559428e-13,3.726902927e-13,3.059486736e-13,2.085551575e-13,2.943705231e-13,4.02087225e-13,7.564897571e-13,3.014886194e-13,2.68445643e-13,5.679339731e-14,5.565817006e-14,1.172026777e-13,4.976949694e-14,1.122472736e-13,9.591124131e-14,2.384738e-13,2.317282882e-13,3.437688127e-13,2.445799946e-14,3.393416328e-13,1.677037631e-14
35.4375,4.791341081e-13,3.605612293e-13,1.279023703e-13,2.503968271e-13,6.361592812e-13,1.605202794e-13,6.598827778e-14,9.831195117e-14,9.2136585e-14,2.156264351e-13,1.079870447e-13,2.856341018e-13,3.731006914e-13,3.067329268e-13,2.104396192e-13,2.944319757e-13,4.007904257e-13,7.59915967e-13,2.995505388e-13,2.654207544e-13,5.587438508e-14,5.534632519e-14,1.168591033e-13,4.962244248e-14,1.125261442e-13,9.715799327e-14,2.366071195e-13,2.312771148e-13,3.470668737e-13,2.440748662e-14,3.390084517e-13,1.675015787e-14
35.4453125,4.790452461e-13,3.625071251e-13,1.288491954e-13,2.492217424e-13,6.349130629e-13,1.613024687e-13,6.66815634e-14,9.746287497e-14,9.208888682e-14,2.121081979e-13,1.079727885e-13,2.86666844e-13,3.734257246e-13,3.075066345e-13,2.123913689e-13,2.946984735e-13,3.996206873e-13,7.632669805e-13,2.975797249e-13,2.625933355e-13,5.500957936e-14,5.500715503e-14,1.165114378e-13,4.944217407e-14,1.127933358e-13,9.835693908e-14,2.34787456e-13,2.308626113e-13,3.502278004e-13,2.436801693e-14,3.387462441e-13,1.673818985e-14
35.453125,4.789891991e-13,3.646107515e-13,1.298961565e-13,2.479896578e-13,6.336749766e-13,1.621235009e-13,6.742188421e-14,9.656332267e-14,9.205187003e-14,2.086467565e-13,1.079906305e-13,2.877359714e-13,3.737552301e-13,3.083107193e-13,2.143309772e-13,2.947780419e-13,3.98319897e-13,7.664208028e-13,2.956239874e-13,2.597278317e-13,5.422452636e-14,5.467798021e-14,1.161196486e-13,4.929556962e-14,1.130184915e-13,9.950376336e-14,2.329295589e-13,2.30447938e-13,3.533476065e-13,2.43420229e-14,3.386803612e-13,1.670382932e-14
35.4609375,4.789275211e-13,3.664809326e-13,1.311100716e-13,2.469246112e-13,6.32436566e-13,1.630121925e-13,6.815615917e-14,9.56286127e-14,9.201157107e-14,2.052382617e-13,1.080049226e-13,2.888104829e-13,3.740958249e-13,3.091182504e-13,2.162689974e-13,2.946833448e-13,3.968123742e-13,7.693062858e-13,2.9359877e-13,2.567797056e-13,5.351320679e-14,5.43597426e-14,1.156888692e-13,4.921492616e-14,1.13185531e-13,1.005663034e-13,2.309627983e-13,2.299417669e-13,3.562915505e-13,2.430609342e-14,3.387105055e-13,1.664019034e-14
35.46875,4.788443482e-13,3.681505744e-13,1.323763147e-13,2.459194179e-13,6.311558314e-13,1.63873105e-13,6.888643283e-14,9.478003176e-14,9.198743324e-14,2.018980161e-13,1.08050549e-13,2.898149129e-13,3.743695441e-13,3.098306259e-13,2.18273768e-13,2.947188941e-13,3.952551143e-13,7.719673343e-13,2.914546393e-13,2.542142217e-13,5.283625376e-14,5.405000311e-14,1.152675447e-13,4.921612233e-14,1.13332756e-13,1.015471828e-13,2.289647354e-13,2.292951205e-13,3.590637811e-13,2.4248319e-14,3.387922919e-13,1.659645619e-14
35.4765625,4.78744621e-13,3.699606546e-13,1.337784179e-13,2.447117981e-13,6.298384495e-13,1.647673973e-13,6.967004218e-14,9.400139866e-14,9.198214053e-14,1.986449033e-13,1.081733137e-13,2.907903565e-13,3.745341333e-13,3.104591959e-13,2.20451952e-13,2.950214611e-13,3.938011116e-13,7.7457371e-13,2.892933459e-13,2.521370467e-13,5.219562293e-14,5.375533047e-14,1.148723266e-13,4.926216147e-14,1.135147872e-13,1.025391949e-13,2.270724627e-13,2.285827469e-13,3.618547663e-13,2.417942148e-14,3.389865193e-13,1.660302906e-14
35.484375,4.78689765e-13,3.717669929e-13,1.353812855e-13,2.434474071e-13,6.284230216e-13,1.656613262e-13,7.04442004e-14,9.317102578e-14,9.194144679e-14,1.954734242e-13,1.083621796e-13,2.917322691e-13,3.746179816e-13,3.110876721e-13,2.227157571e-13,2.954794117e-13,3.924600902e-13,7.77187135e-13,2.871557439e-13,2.499854407e-13,5.160898974e-14,5.344675136e-14,1.144972873e-13,4.925963128e-14,1.137059231e-13,1.035627111e-13,2.253024575e-13,2.278681078e-13,3.64610997e-13,2.41253434e-14,3.391687734e-13,1.662568263e-14
35.4921875,4.786237588e-13,3.732953692e-13,1.369549267e-13,2.422871636e-13,6.268210748e-13,1.663813042e-13,7.11692339e-14,9.23028116e-14,9.185437153e-14,1.923847841e-13,1.085760163e-13,2.925307943e-13,3.745934611e-13,3.116416377e-13,2.248082704e-13,2.958814646e-13,3.910824344e-13,7.795793325e-13,2.849169241e-13,2.475683853e-13,5.107802551e-14,5.30914314e-14,1.141228402e-13,4.919449424e-14,1.138356413e-13,1.045100897e-13,2.235347868e-13,2.271117294e-13,3.672035508e-13,2.410306323e-14,3.391642226e-13,1.663761567e-14
35.5,4.784469446e-13,3.747018954e-13,1.384457083e-13,2.410501019e-13,6.250889578e-13,1.669940864e-13,7.192683621e-14,9.146591274e-14,9.177177002e-14,1.89384347e-13,1.087725086e-13,2.932090642e-13,3.744173147e-13,3.120574723e-13,2.26723944e-13,2.961427941e-13,3.895435807e-13,7.81603996e-13,2.825271658e-13,2.45260143e-13,5.060888587e-14,5.271377636e-14,1.137097109e-13,4.916005493e-14,1.139105527e-13,1.053377693e-13,2.216958915e-13,2.262811161e-13,3.696459462e-13,2.407996592e-14,3.39098698e-13,1.664730945e-14
35.5078125,4.782861132e-13,3.761229729e-13,1.400241218e-13,2.397272222e-13,6.233129765e-13,1.676809291e-13,7.270411691e-14,9.063305594e-14,9.17072231e-14,1.864695198e-13,1.08940701e-13,2.939012586e-13,3.741552606e-13,3.124721443e-13,2.287076752e-13,2.964691411e-13,3.88038594e-13,7.834909032e-13,2.800729573e-13,2.431268822e-13,5.018415254e-14,5.235431426e-14,1.132696417e-13,4.919881544e-14,1.139840763e-13,1.061347642e-13,2.19873422e-13,2.253590121e-13,3.719549801e-13,2.401138122e-14,3.39189013e-13,1.665386611e-14
35.515625,4.782305433e-13,3.77417053e-13,1.416857937e-13,2.384456179e-13,6.214354709e-13,1.684297612e-13,7.343611956e-14,8.978098218e-14,9.161990141e-14,1.836173585e-13,1.091537603e-13,2.945832193e-13,3.738063433e-13,3.129180387e-13,2.30794113e-13,2.969930143e-13,3.867453652e-13,7.853608969e-13,2.775598821e-13,2.410322979e-13,4.976969242e-14,5.200499946e-14,1.128473702e-13,4.925090802e-14,1.14039471e-13,1.069164022e-13,2.181019343e-13,2.242895499e-13,3.74171357e-13,2.391164293e-14,3.39361977e-13,1.665395844e-14
35.5234375,4.781010426e-13,3.785214229e-13,1.433745198e-13,2.370353278e-13,6.194362314e-13,1.691303981e-13,7.416065997e-14,8.8941851e-14,9.149148028e-14,1.807994498e-13,1.094791419e-13,2.95127631e-13,3.732642262e-13,3.132559796e-13,2.327738485e-13,2.974605116e-13,3.853759417e-13,7.869548044e-13,2.74931643e-13,2.391556033e-13,4.938232683e-14,5.163783979e-14,1.124282091e-13,4.929199299e-14,1.140272513e-13,1.075820836e-13,2.163072438e-13,2.231042153e-13,3.763209075e-13,2.382092046e-14,3.394600661e-13,1.665961388e-14
35.53125,4.778589094e-13,3.794808403e-13,1.451100155e-13,2.354709726e-13,6.174328216e-13,1.697424805e-13,7.48917074e-14,8.812615571e-14,9.135733719e-14,1.780298547e-13,1.098582655e-13,2.955510729e-13,3.725775184e-13,3.135105673e-13,2.345626969e-13,2.97685553e-13,3.837172945e-13,7.881548906e-13,2.722161223e-13,2.375572454e-13,4.904394506e-14,5.12598721e-14,1.119820178e-13,4.936112459e-14,1.139502974e-13,1.08134949e-13,2.145412272e-13,2.219424385e-13,3.782741854e-13,2.374674031e-14,3.395352138e-13,1.667562589e-14
35.5390625,4.77714038e-13,3.803232885e-13,1.468606325e-13,2.340182871e-13,6.154134628e-13,1.703349548e-13,7.559491923e-14,8.731348136e-14,9.124277222e-14,1.75306179e-13,1.102221803e-13,2.959567025e-13,3.718443472e-13,3.137860186e-13,2.362477416e-13,2.978650704e-13,3.820619354e-13,7.891965461e-13,2.694521821e-13,2.359783542e-13,4.871568396e-14,5.089172113e-14,1.115197182e-13,4.943722382e-14,1.138285477e-13,1.086543327e-13,2.128480803e-13,2.208170656e-13,3.799343097e-13,2.367384108e-14,3.396445068e-13,1.669278699e-14
35.546875,4.777345549e-13,3.811428837e-13,1.486142034e-13,2.326079578e-13,6.132551676e-13,1.709519116e-13,7.627235034e-14,8.648157794e-14,9.111624016e-14,1.725985942e-13,1.105971802e-13,2.963437637e-13,3.710317732e-13,3.140503837e-13,2.378952111e-13,2.98215867e-13,3.806321562e-13,7.902726833e-13,2.666404698e-13,2.344065931e-13,4.837430516e-14,5.052335063e-14,1.110682664e-13,4.946890221e-14,1.136820576e-13,1.091326071e-13,2.11123297e-13,2.195861834e-13,3.81426675e-13,2.358761276e-14,3.397410856e-13,1.670007874e-14
35.5546875,4.778013678e-13,3.819323106e-13,1.503913417e-13,2.310178824e-13,6.110208373e-13,1.715130691e-13,7.69211709e-14,8.562967433e-14,9.0946702e-14,1.699729086e-13,1.109975366e-13,2.966412238e-13,3.701560362e-13,3.142965254e-13,2.395338778e-13,2.987045057e-13,3.792652685e-13,7.912948414e-13,2.637744551e-13,2.330080104e-13,4.805213627e-14,5.013876508e-14,1.106435001e-13,4.947888016e-14,1.135358347e-13,1.095648857e-13,2.093867921e-13,2.181986411e-13,3.828753438e-13,2.349595999e-14,3.398719088e-13,1.66942749e-14
35.5625,4.777399693e-13,3.825314048e-13,1.521651083e-13,2.293582862e-13,6.087399552e-13,1.71979956e-13,7.755839834e-14,8.477013998e-14,9.073942881e-14,1.674775813e-13,1.114036666e-13,2.968130071e-13,3.692027621e-13,3.145037221e-13,2.411522462e-13,2.991422239e-13,3.777298588e-13,7.920108767e-13,2.607779089e-13,2.316372799e-13,4.776156549e-14,4.974184256e-14,1.101833996e-13,4.949644642e-14,1.133477386e-13,1.099513437e-13,2.07705377e-13,2.167273203e-13,3.84158558e-13,2.341894624e-14,3.400687414e-13,1.668041034e-14
35.5703125,4.774473629e-13,3.830433734e-13,1.539330671e-13,2.277305323e-13,6.062170987e-13,1.723524867e-13,7.819938545e-14,8.388887114e-14,9.04977879e-14,1.649979467e-13,1.118380993e-13,2.968860942e-13,3.680409956e-13,3.145362204e-13,2.426745572e-13,2.994453918e-13,3.759728207e-13,7.923805513e-13,2.576075261e-13,2.301681611e-13,4.748517795e-14,4.93235963e-14,1.096100956e-13,4.951901866e-14,1.130598438e-13,1.102190881e-13,2.059817179e-13,2.152226223e-13,3.851243745e-13,2.334235348e-14,3.401984779e-13,1.666189018e-14
35.578125,4.771684331e-13,3.836578662e-13,1.557298841e-13,2.260661058e-13,6.035743152e-13,1.725929302e-13,7.87834063e-14,8.299270731e-14,9.023671245e-14,1.624832382e-13,1.123088242e-13,2.969588446e-13,3.667860778e-13,3.144825751e-13,2.440982107e-13,2.997661449e-13,3.742309628e-13,7.927391669e-13,2.544143211e-13,2.288809599e-13,4.722548031e-14,4.887327842e-14,1.090243474e-13,4.956830112e-14,1.12732978e-13,1.103959103e-13,2.042487705e-13,2.137145432e-13,3.858773681e-13,2.325079695e-14,3.402277042e-13,1.664725226e-14
35.5859375,4.772334622e-13,3.84123177e-13,1.575842783e-13,2.243662836e-13,6.012205338e-13,1.728042857e-13,7.930457636e-14,8.212740665e-14,8.998531077e-14,1.600378416e-13,1.127720762e-13,2.970816527e-13,3.656310097e-13,3.145945593e-13,2.45495323e-13,3.00167816e-13,3.727405349e-13,7.932548093e-13,2.513034939e-13,2.280064703e-13,4.69958628e-14,4.841918802e-14,1.085574124e-13,4.963299916e-14,1.124343731e-13,1.105987269e-13,2.026546758e-13,2.122185246e-13,3.865348756e-13,2.317198358e-14,3.402719835e-13,1.664952199e-14
35.59375,4.775146936e-13,3.843146369e-13,1.5948751e-13,2.226226842e-13,5.989916746e-13,1.730546327e-13,7.981489274e-14,8.126705572e-14,8.971980519e-14,1.577047632e-13,1.132124514e-13,2.971457422e-13,3.643786697e-13,3.147551771e-13,2.468081944e-13,3.004550428e-13,3.713219986e-13,7.936146946e-13,2.481482311e-13,2.273758064e-13,4.679254875e-14,4.79805976e-14,1.081116145e-13,4.966907422e-14,1.121024175e-13,1.108007472e-13,2.011127267e-13,2.106811316e-13,3.870032279e-13,2.310871271e-14,3.403209198e-13,1.665832015e-14
35.6015625,4.777198954e-13,3.845962448e-13,1.613240299e-13,2.208327643e-13,5.964031896e-13,1.731866774e-13,8.028035492e-14,8.035036141e-14,8.940037286e-14,1.554553412e-13,1.136510162e-13,2.970540216e-13,3.628486249e-13,3.146898206e-13,2.479248487e-13,3.005436043e-13,3.697493211e-13,7.935774269e-13,2.448768237e-13,2.267225149e-13,4.659669415e-14,4.753652028e-14,1.07577949e-13,4.970020581e-14,1.116841533e-13,1.109209921e-13,1.995107401e-13,2.090552126e-13,3.872241774e-13,2.302769481e-14,3.402889459e-13,1.6653439e-14
35.609375,4.778157986e-13,3.848873339e-13,1.629968419e-13,2.191002406e-13,5.935370876e-13,1.732289418e-13,8.070264479e-14,7.939991312e-14,8.904406175e-14,1.532440874e-13,1.140981197e-13,2.968275466e-13,3.611759059e-13,3.144319213e-13,2.488949355e-13,3.005508837e-13,3.681604941e-13,7.932218966e-13,2.415623435e-13,2.259898449e-13,4.63907586e-14,4.708384809e-14,1.070231721e-13,4.973935587e-14,1.112132346e-13,1.109543097e-13,1.978992466e-13,2.073497606e-13,3.872071833e-13,2.293968779e-14,3.401479536e-13,1.664219067e-14
35.6171875,4.778864981e-13,3.84756424e-13,1.645821024e-13,2.173910752e-13,5.906925131e-13,1.733167342e-13,8.113458431e-14,7.8437556e-14,8.867792618e-14,1.509985623e-13,1.145756695e-13,2.964925684e-13,3.594063772e-13,3.141182152e-13,2.497918028e-13,3.00541439e-13,3.666954749e-13,7.92670352e-13,2.382020603e-13,2.253357907e-13,4.618667629e-14,4.663259943e-14,1.064678222e-13,4.973297726e-14,1.107049581e-13,1.10903663e-13,1.962609388e-13,2.055984764e-13,3.869410164e-13,2.286822113e-14,3.398789729e-13,1.664083043e-14
35.625,4.780508719e-13,3.844857102e-13,1.661944016e-13,2.155493917e-13,5.878957941e-13,1.732623811e-13,8.150392713e-14,7.745582257e-14,8.833709276e-14,1.487785065e-13,1.151234493e-13,2.961451262e-13,3.575582571e-13,3.138552472e-13,2.505470108e-13,3.005079289e-13,3.652729063e-13,7.920882419e-13,2.347918995e-13,2.249133469e-13,4.602731252e-14,4.616802421e-14,1.058750162e-13,4.968888783e-14,1.101448083e-13,1.108047997e-13,1.945907224e-13,2.039100553e-13,3.865858704e-13,2.279545917e-14,3.395684549e-13,1.664632493e-14
35.6328125,4.782787039e-13,3.845220081e-13,1.678652114e-13,2.136073323e-13,5.851467402e-13,1.729992123e-13,8.176067065e-14,7.651442099e-14,8.806574333e-14,1.467183627e-13,1.157383292e-13,2.959023816e-13,3.557403898e-13,3.137013647e-13,2.51131477e-13,3.00425426e-13,3.638006287e-13,7.915317994e-13,2.313972726e-13,2.247092685e-13,4.591986873e-14,4.569428441e-14,1.05316248e-13,4.964285508e-14,1.095296266e-13,1.106891373e-13,1.930049185e-13,2.023366608e-13,3.862756472e-13,2.271451231e-14,3.393309049e-13,1.664719303e-14
35.640625,4.783481505e-13,3.845992521e-13,1.69520687e-13,2.116922045e-13,5.823379143e-13,1.727753793e-13,8.198847448e-14,7.562339564e-14,8.779790656e-14,1.447436655e-13,1.163780003e-13,2.956030421e-13,3.537909289e-13,3.134266074e-13,2.516497656e-13,3.002875367e-13,3.62285656e-13,7.907497666e-13,2.279724825e-13,2.2465663e-13,4.579800659e-14,4.523777428e-14,1.048350085e-13,4.955449116e-14,1.088679286e-13,1.105026692e-13,1.914752361e-13,2.006614717e-13,3.85825728e-13,2.263876484e-14,3.390564235e-13,1.663512689e-14
35.6484375,4.784043841e-13,3.844241069e-13,1.709995189e-13,2.097992979e-13,5.793343334e-13,1.725513477e-13,8.220114329e-14,7.467753058e-14,8.7442089e-14,1.427266041e-13,1.17028941e-13,2.950577486e-13,3.515467225e-13,3.1288239e-13,2.521090825e-13,3.001141893e-13,3.608026024e-13,7.896523026e-13,2.244564221e-13,2.246725065e-13,4.561424459e-14,4.479403756e-14,1.043545313e-13,4.940412222e-14,1.081803195e-13,1.10219511e-13,1.898734801e-13,1.987186108e-13,3.851014153e-13,2.256441985e-14,3.386651039e-13,1.660939149e-14
35.65625,4.787156102e-13,3.841551176e-13,1.722853671e-13,2.078641993e-13,5.763868694e-13,1.721124858e-13,8.234189508e-14,7.367605775e-14,8.708387265e-14,1.40743884e-13,1.176844831e-13,2.944543211e-13,3.492173358e-13,3.123549877e-13,2.523652029e-13,2.998248776e-13,3.593042933e-13,7.884085323e-13,2.209175918e-13,2.247026751e-13,4.541892171e-14,4.4349394e-14,1.038206033e-13,4.92276762e-14,1.074406634e-13,1.098489198e-13,1.882577809e-13,1.967308477e-13,3.841771396e-13,2.248826109e-14,3.383045444e-13,1.658134076e-14
35.6640625,4.789647333e-13,3.839145571e-13,1.735408215e-13,2.058410341e-13,5.736127533e-13,1.715125829e-13,8.240412591e-14,7.271202091e-14,8.680613177e-14,1.388738845e-13,1.18317521e-13,2.939301808e-13,3.46877608e-13,3.119209059e-13,2.523576257e-13,2.993322378e-13,3.576320155e-13,7.869407687e-13,2.17348605e-13,2.248892942e-13,4.526599219e-14,4.390348833e-14,1.032360287e-13,4.902758479e-14,1.06593287e-13,1.093653381e-13,1.867266872e-13,1.948779513e-13,3.8304633e-13,2.240264028e-14,3.379504037e-13,1.655989369e-14
35.671875,4.789577402e-13,3.836265125e-13,1.747811919e-13,2.036664218e-13,5.706487754e-13,1.708284316e-13,8.237919806e-14,7.173632041e-14,8.649532955e-14,1.370518445e-13,1.189622521e-13,2.932599957e-13,3.443623108e-13,3.113373958e-13,2.521266455e-13,2.986912582e-13,3.558716623e-13,7.851941565e-13,2.13663268e-13,2.252478777e-13,4.512413155e-14,4.344297176e-14,1.026334808e-13,4.878434286e-14,1.056848493e-13,1.088171974e-13,1.852348609e-13,1.92963918e-13,3.81695773e-13,2.228599581e-14,3.374181095e-13,1.653438164e-14
35.6796875,4.790787588e-13,3.832613966e-13,1.758771609e-13,2.01351518e-13,5.674507764e-13,1.700426573e-13,8.226972677e-14,7.067326585e-14,8.608306294e-14,1.352395019e-13,1.196794591e-13,2.923618204e-13,3.417413225e-13,3.106857568e-13,2.517082017e-13,2.979518695e-13,3.542064121e-13,7.834269971e-13,2.099181781e-13,2.254981066e-13,4.496232823e-14,4.29661862e-14,1.020687511e-13,4.849358795e-14,1.047906729e-13,1.08280405e-13,1.837566707e-13,1.908604931e-13,3.801598317e-13,2.215166634e-14,3.367724725e-13,1.649221856e-14
35.6875,4.793729962e-13,3.828985174e-13,1.768257463e-13,1.990971294e-13,5.643662712e-13,1.692230513e-13,8.213196172e-14,6.962908981e-14,8.567237425e-14,1.334923538e-13,1.204246739e-13,2.914442078e-13,3.39151526e-13,3.101308986e-13,2.512381175e-13,2.971820542e-13,3.525657799e-13,7.816725389e-13,2.062225803e-13,2.2567255e-13,4.480961645e-14,4.250322898e-14,1.015383903e-13,4.818201768e-14,1.038856555e-13,1.077114706e-13,1.823247336e-13,1.887390473e-13,3.78392545e-13,2.203686659e-14,3.361472211e-13,1.644229323e-14
35.6953125,4.795391449e-13,3.82532436e-13,1.777404722e-13,1.970448859e-13,5.614249762e-13,1.68412436e-13,8.198856018e-14,6.869439813e-14,8.531212777e-14,1.318756919e-13,1.21149985e-13,2.905987312e-13,3.365749577e-13,3.095824192e-13,2.508289665e-13,2.964840171e-13,3.50909037e-13,7.797848093e-13,2.025987805e-13,2.260146151e-13,4.467267973e-14,4.206007132e-14,1.009983359e-13,4.790307017e-14,1.029585842e-13,1.070685653e-13,1.809186693e-13,1.8671139e-13,3.764438474e-13,2.194019775e-14,3.355129076e-13,1.639017822e-14
35.703125,4.795550411e-13,3.820842078e-13,1.78699035e-13,1.949921586e-13,5.584196229e-13,1.675334928e-13,8.17823407e-14,6.775963302e-14,8.493658806e-14,1.303906693e-13,1.219231522e-13,2.897520822e-13,3.340155129e-13,3.090262933e-13,2.50288064e-13,2.957387848e-13,3.493058309e-13,7.778379085e-13,1.990140337e-13,2.264148826e-13,4.452067654e-14,4.160251043e-14,1.004567518e-13,4.762844222e-14,1.020314217e-13,1.064108167e-13,1.795559328e-13,1.847155575e-13,3.744258863e-13,2.184379352e-14,3.348639604e-13,1.632246834e-14
35.7109375,4.794595617e-13,3.817031261e-13,1.796133601e-13,1.927207527e-13,5.552291658e-13,1.664969393e-13,8.145574512e-14,6.673010777e-14,8.450931639e-14,1.289615249e-13,1.22765275e-13,2.888297962e-13,3.31384548e-13,3.084219577e-13,2.494136377e-13,2.948254825e-13,3.476882797e-13,7.758181742e-13,1.953847593e-13,2.268838968e-13,4.435464671e-14,4.111734839e-14,9.992298594e-14,4.725425799e-14,1.01057721e-13,1.057902656e-13,1.782960599e-13,1.827003873e-13,3.722764155e-13,2.175120076e-14,3.3416624e-13,1.624565626e-14
35.71875,4.793257864e-13,3.814297012e-13,1.802828459e-13,1.903490265e-13,5.518506284e-13,1.653112235e-13,8.104758981e-14,6.568146221e-14,8.406156547e-14,1.275406404e-13,1.235727876e-13,2.877893045e-13,3.285340845e-13,3.076191746e-13,2.483233312e-13,2.938837747e-13,3.460947459e-13,7.736609438e-13,1.916700654e-13,2.276316487e-13,4.417399472e-14,4.06318564e-14,9.938526456e-14,4.679610243e-14,1.000362579e-13,1.051796997e-13,1.770853683e-13,1.806186028e-13,3.699614044e-13,2.16605643e-14,3.332979091e-13,1.618003288e-14
35.7265625,4.793099963e-13,3.808549298e-13,1.807288097e-13,1.880094002e-13,5.484168637e-13,1.640675969e-13,8.063175235e-14,6.467301157e-14,8.362783075e-14,1.261808474e-13,1.243063156e-13,2.866583751e-13,3.255668878e-13,3.06731385e-13,2.471280063e-13,2.929304068e-13,3.446641418e-13,7.714748878e-13,1.879275373e-13,2.284189127e-13,4.394680799e-14,4.01575619e-14,9.886496721e-14,4.636946957e-14,9.903090848e-14,1.04515075e-13,1.758638491e-13,1.784273707e-13,3.675330979e-13,2.156186039e-14,3.323088113e-13,1.611418346e-14
35.734375,4.792631424e-13,3.799369905e-13,1.811782408e-13,1.856353262e-13,5.449327828e-13,1.627786824e-13,8.018344222e-14,6.365387371e-14,8.318662762e-14,1.249368667e-13,1.250695166e-13,2.854723883e-13,3.226170066e-13,3.05888597e-13,2.457863879e-13,2.91875017e-13,3.432720524e-13,7.690965402e-13,1.841528396e-13,2.29013904e-13,4.370376206e-14,3.966769697e-14,9.836377489e-14,4.597918152e-14,9.800502195e-14,1.038025454e-13,1.746500739e-13,1.76204437e-13,3.648882049e-13,2.146950443e-14,3.313183019e-13,1.603522439e-14
35.7421875,4.790248972e-13,3.791177049e-13,1.816937123e-13,1.832222079e-13,5.413031229e-13,1.614259621e-13,7.966498887e-14,6.261463878e-14,8.270247962e-14,1.237896588e-13,1.259478925e-13,2.842307834e-13,3.196522403e-13,3.049947427e-13,2.443499465e-13,2.908531049e-13,3.418322467e-13,7.663566203e-13,1.803207017e-13,2.296362578e-13,4.351732339e-14,3.915783949e-14,9.786403523e-14,4.554396092e-14,9.692196485e-14,1.031139099e-13,1.733999897e-13,1.740431567e-13,3.619833333e-13,2.140411425e-14,3.302738387e-13,1.595704565e-14
35.75,4.787232832e-13,3.783152136e-13,1.822335914e-13,1.808460529e-13,5.377356782e-13,1.600843116e-13,7.910097289e-14,6.159902075e-14,8.220943822e-14,1.227152658e-13,1.268976353e-13,2.829958475e-13,3.167255986e-13,3.041011684e-13,2.428384098e-13,2.898654905e-13,3.404821933e-13,7.636526174e-13,1.765329921e-13,2.304154278e-13,4.336206885e-14,3.866221576e-14,9.740632898e-14,4.506574843e-14,9.586237012e-14,1.024580274e-13,1.721308171e-13,1.718935146e-13,3.590247799e-13,2.135628933e-14,3.291790426e-13,1.588145652e-14
35.7578125,4.783389053e-13,3.772517579e-13,1.827746337e-13,1.78523752e-13,5.343532905e-13,1.587031418e-13,7.846147059e-14,6.058845439e-14,8.174635224e-14,1.217320024e-13,1.278592084e-13,2.81801106e-13,3.138632522e-13,3.032619912e-13,2.411193231e-13,2.886563675e-13,3.39156489e-13,7.611324307e-13,1.728466344e-13,2.313504576e-13,4.317290413e-14,3.818343824e-14,9.70020686e-14,4.460520659e-14,9.484417851e-14,1.018086915e-13,1.709829484e-13,1.696902134e-13,3.561218934e-13,2.131428164e-14,3.281238149e-13,1.579696459e-14
35.765625,4.778278119e-13,3.761369812e-13,1.831592546e-13,1.762477034e-13,5.308793541e-13,1.571418045e-13,7.772659966e-14,5.955668656e-14,8.128472083e-14,1.208408371e-13,1.28844745e-13,2.805624813e-13,3.10907795e-13,3.023111196e-13,2.391810522e-13,2.872241794e-13,3.377508484e-13,7.583985319e-13,1.692023994e-13,2.323812568e-13,4.296892553e-14,3.769358684e-14,9.658142828e-14,4.415248043e-14,9.379959652e-14,1.01172353e-13,1.699091911e-13,1.674706216e-13,3.531647038e-13,2.129217925e-14,3.269902765e-13,1.570164411e-14
35.7734375,4.77338948e-13,3.750118631e-13,1.833319156e-13,1.73962374e-13,5.272981765e-13,1.554912818e-13,7.696799847e-14,5.852606045e-14,8.079785507e-14,1.199998809e-13,1.298254691e-13,2.792697871e-13,3.078447189e-13,3.012600727e-13,2.371597673e-13,2.857899757e-13,3.36459808e-13,7.555237921e-13,1.656002718e-13,2.332525906e-13,4.277019202e-14,3.719641688e-14,9.61372102e-14,4.365358767e-14,9.273770108e-14,1.005312779e-13,1.687905601e-13,1.652377887e-13,3.500996895e-13,2.12826846e-14,3.256628753e-13,1.559469818e-14
35.78125,4.767815589e-13,3.736919375e-13,1.834985414e-13,1.716232148e-13,5.238108651e-13,1.538667623e-13,7.618785226e-14,5.74873451e-14,8.027650716e-14,1.191890956e-13,1.307666909e-13,2.779865288e-13,3.048016057e-13,3.002144334e-13,2.351288853e-13,2.844393486e-13,3.35355358e-13,7.528121777e-13,1.620470318e-13,2.34009628e-13,4.255309116e-14,3.67039733e-14,9.572671867e-14,4.31173534e-14,9.169132761e-14,9.988199921e-14,1.677322436e-13,1.629227132e-13,3.470091606e-13,2.124973821e-14,3.242950449e-13,1.547976166e-14
35.7890625,4.759793843e-13,3.723287457e-13,1.836699446e-13,1.693088943e-13,5.202251428e-13,1.522161888e-13,7.535137189e-14,5.641498636e-14,7.970163869e-14,1.184298551e-13,1.317720412e-13,2.766670524e-13,3.017472273e-13,2.990577114e-13,2.330746192e-13,2.831275761e-13,3.342222079e-13,7.500289801e-13,1.584785212e-13,2.348596393e-13,4.234018579e-14,3.620507575e-14,9.533729625e-14,4.257228374e-14,9.063649484e-14,9.926221342e-14,1.66758312e-13,1.605460341e-13,3.439322593e-13,2.12064421e-14,3.229490049e-13,1.535770054e-14
35.796875,4.75058704e-13,3.709435053e-13,1.836884753e-13,1.670180533e-13,5.164232882e-13,1.505523689e-13,7.449861282e-14,5.532832272e-14,7.909387442e-14,1.177494165e-13,1.328853512e-13,2.75247686e-13,2.986251434e-13,2.977801684e-13,2.308937005e-13,2.817046063e-13,3.329650575e-13,7.470345907e-13,1.548844584e-13,2.356376362e-13,4.215372811e-14,3.570195376e-14,9.493323098e-14,4.199792812e-14,8.956606413e-14,9.866811265e-14,1.657270287e-13,1.581954751e-13,3.407426033e-13,2.120088971e-14,3.214703914e-13,1.52199241e-14
35.8046875,4.741037784e-13,3.693109488e-13,1.83671125e-13,1.646231943e-13,5.126558513e-13,1.488581336e-13,7.360076656e-14,5.423554359e-14,7.848634356e-14,1.171738454e-13,1.339652597e-13,2.737435209e-13,2.954745789e-13,2.965080171e-13,2.284841214e-13,2.800284755e-13,3.316289163e-13,7.440159375e-13,1.512938466e-13,2.364554506e-13,4.195321844e-14,3.520235279e-14,9.453422557e-14,4.140786522e-14,8.849478926e-14,9.809980353e-14,1.646773482e-13,1.558577177e-13,3.373162157e-13,2.12269689e-14,3.1986383e-13,1.508130038e-14
35.8125,4.730197895e-13,3.676117082e-13,1.837190912e-13,1.622017418e-13,5.089111981e-13,1.470328109e-13,7.259919492e-14,5.313248755e-14,7.787233204e-14,1.166997855e-13,1.349786995e-13,2.721855697e-13,2.922998072e-13,2.951660354e-13,2.259589541e-13,2.78233274e-13,3.30242327e-13,7.40884531e-13,1.477196728e-13,2.376292295e-13,4.173345164e-14,3.469563222e-14,9.414475124e-14,4.08583682e-14,8.741632624e-14,9.756943489e-14,1.636969478e-13,1.534901317e-13,3.337909767e-13,2.125379488e-14,3.182214097e-13,1.496014084e-14
35.8203125,4.717944524e-13,3.661024031e-13,1.836707702e-13,1.599380664e-13,5.050241823e-13,1.45181276e-13,7.154768888e-14,5.204867978e-14,7.725857146e-14,1.162807545e-13,1.360290974e-13,2.706262212e-13,2.891309422e-13,2.936922648e-13,2.234686876e-13,2.765191968e-13,3.289037625e-13,7.375937631e-13,1.442249266e-13,2.387687769e-13,4.153316657e-14,3.419286438e-14,9.37390405e-14,4.032820757e-14,8.633696578e-14,9.701181433e-14,1.627376849e-13,1.511382543e-13,3.303686493e-13,2.128503726e-14,3.164700664e-13,1.483674412e-14
35.828125,4.705237113e-13,3.644927661e-13,1.834963424e-13,1.577315437e-13,5.011318464e-13,1.4338079e-13,7.045571282e-14,5.098592249e-14,7.665211264e-14,1.159079411e-13,1.370969252e-13,2.690581399e-13,2.860013731e-13,2.921940471e-13,2.208984429e-13,2.747641364e-13,3.276990779e-13,7.344011421e-13,1.408304786e-13,2.39604666e-13,4.133983928e-14,3.371759134e-14,9.332985375e-14,3.9766336e-14,8.528702935e-14,9.640347805e-14,1.617901155e-13,1.487894995e-13,3.269240076e-13,2.132560521e-14,3.145998613e-13,1.470381152e-14
35.8359375,4.693581084e-13,3.624815119e-13,1.832560057e-13,1.553890132e-13,4.973270488e-13,1.414389215e-13,6.927131832e-14,4.991891294e-14,7.602068515e-14,1.156304354e-13,1.381001387e-13,2.673671601e-13,2.828070526e-13,2.906873678e-13,2.18130741e-13,2.72832965e-13,3.265868209e-13,7.313353779e-13,1.374419634e-13,2.405934035e-13,4.11230604e-14,3.324941588e-14,9.29465535e-14,3.919721798e-14,8.427504274e-14,9.583789763e-14,1.60864382e-13,1.463534349e-13,3.232380021e-13,2.13747042e-14,3.126885388e-13,1.45865222e-14
35.84375,4.683118453e-13,3.603447082e-13,1.828433355e-13,1.529898695e-13,4.935430348e-13,1.393459821e-13,6.80440854e-14,4.887612399e-14,7.536305181e-14,1.154704795e-13,1.390292302e-13,2.655623159e-13,2.795220764e-13,2.891296489e-13,2.153084869e-13,2.70944388e-13,3.255213838e-13,7.28275316e-13,1.340396101e-13,2.417696833e-13,4.08999966e-14,3.276101308e-14,9.257974261e-14,3.863327497e-14,8.326810252e-14,9.534599869e-14,1.5995067e-13,1.438915547e-13,3.194381313e-13,2.144385776e-14,3.10632453e-13,1.448128649e-14
35.8515625,4.671285404e-13,3.583569782e-13,1.822767408e-13,1.507036491e-13,4.897776386e-13,1.373239219e-13,6.682099413e-14,4.787904558e-14,7.468672476e-14,1.154098115e-13,1.399354304e-13,2.637569291e-13,2.762771842e-13,2.875057679e-13,2.125312492e-13,2.692148927e-13,3.244532083e-13,7.25213248e-13,1.307087123e-13,2.427659449e-13,4.070292703e-14,3.226419856e-14,9.2201998e-14,3.803284985e-14,8.223731914e-14,9.485972039e-14,1.590620231e-13,1.415139679e-13,3.157337592e-13,2.152549003e-14,3.083385523e-13,1.436143742e-14
35.859375,4.656828011e-13,3.562537974e-13,1.81703324e-13,1.485237953e-13,4.859239117e-13,1.353708685e-13,6.55682058e-14,4.688107813e-14,7.394988416e-14,1.154278671e-13,1.409085872e-13,2.618888696e-13,2.730395326e-13,2.857038646e-13,2.097187011e-13,2.674185798e-13,3.233222766e-13,7.220289312e-13,1.274537972e-13,2.436910579e-13,4.052933823e-14,3.177038182e-14,9.180720724e-14,3.740913284e-14,8.121304949e-14,9.434851425e-14,1.581067242e-13,1.39132664e-13,3.120342995e-13,2.160345761e-14,3.059128786e-13,1.422656652e-14
35.8671875,4.641900091e-13,3.538964566e-13,1.810363409e-13,1.463587882e-13,4.819265057e-13,1.333563156e-13,6.427961741e-14,4.586198044e-14,7.317396252e-14,1.154992131e-13,1.419232264e-13,2.598750779e-13,2.696971104e-13,2.837122566e-13,2.068669957e-13,2.655743391e-13,3.222414926e-13,7.187402259e-13,1.242339632e-13,2.446925268e-13,4.034464668e-14,3.127884126e-14,9.140745952e-14,3.679630411e-14,8.024282822e-14,9.384776267e-14,1.5703718e-13,1.36692525e-13,3.082141037e-13,2.16910826e-14,3.034252814e-13,1.409789147e-14
35.875,4.627387831e-13,3.515817244e-13,1.801374336e-13,1.44159083e-13,4.779779103e-13,1.31268527e-13,6.296381383e-14,4.486589905e-14,7.243960863e-14,1.156126616e-13,1.428385374e-13,2.578197043e-13,2.66343947e-13,2.817458878e-13,2.040212456e-13,2.639384978e-13,3.213542868e-13,7.156035448e-13,1.210725429e-13,2.455847391e-13,4.014272217e-14,3.079361494e-14,9.101047216e-14,3.614471647e-14,7.93169653e-14,9.339040463e-14,1.560183143e-13,1.343237507e-13,3.043167169e-13,2.180285774e-14,3.008714513e-13,1.399002544e-14
35.8828125,4.610854901e-13,3.492651954e-13,1.790763611e-13,1.41941859e-13,4.740107373e-13,1.291293787e-13,6.161505256e-14,4.392044571e-14,7.17177315e-14,1.158103562e-13,1.436550846e-13,2.557718057e-13,2.630566006e-13,2.798346015e-13,2.01137527e-13,2.624061998e-13,3.205464982e-13,7.124723015e-13,1.179700507e-13,2.462457297e-13,3.995529335e-14,3.030274968e-14,9.062026151e-14,3.543130055e-14,7.840459492e-14,9.295099958e-14,1.550898594e-13,1.320228149e-13,3.003575266e-13,2.192959289e-14,2.982596976e-13,1.388954911e-14
35.890625,4.590775438e-13,3.467152202e-13,1.779749681e-13,1.397843716e-13,4.697757775e-13,1.270120976e-13,6.024354756e-14,4.299426078e-14,7.092892822e-14,1.161392321e-13,1.444455533e-13,2.536611808e-13,2.597584449e-13,2.777614019e-13,1.982132808e-13,2.607601898e-13,3.196345635e-13,7.089979547e-13,1.148798536e-13,2.467302685e-13,3.977383973e-14,2.980329812e-14,9.023868868e-14,3.475492772e-14,7.750281093e-14,9.249971555e-14,1.541181719e-13,1.296604067e-13,2.963647104e-13,2.205500443e-14,2.955462123e-13,1.376891042e-14
35.8984375,4.568770538e-13,3.441240309e-13,1.769114837e-13,1.376755657e-13,4.654481177e-13,1.249926188e-13,5.884922472e-14,4.20445189e-14,7.008659661e-14,1.165569547e-13,1.452024182e-13,2.514926715e-13,2.564526977e-13,2.75521972e-13,1.952774038e-13,2.590626829e-13,3.186010632e-13,7.053607695e-13,1.118098636e-13,2.471740306e-13,3.956973828e-14,2.932668812e-14,8.984847829e-14,3.415994854e-14,7.660869079e-14,9.208556445e-14,1.53120323e-13,1.272784743e-13,2.924328764e-13,2.217823335e-14,2.927233383e-13,1.363343324e-14
35.90625,4.546854735e-13,3.414847644e-13,1.758474007e-13,1.354906264e-13,4.612574021e-13,1.22959288e-13,5.744003724e-14,4.109819781e-14,6.922881774e-14,1.16987886e-13,1.459807899e-13,2.492829121e-13,2.531931938e-13,2.733057222e-13,1.923020324e-13,2.573696468e-13,3.175901961e-13,7.019088867e-13,1.088266626e-13,2.47602854e-13,3.936340679e-14,2.887335823e-14,8.94502039e-14,3.354939096e-14,7.573456047e-14,9.175695692e-14,1.52176471e-13,1.249467484e-13,2.885243408e-13,2.23321565e-14,2.898376828e-13,1.351378394e-14
35.9140625,4.52562648e-13,3.385458666e-13,1.746229989e-13,1.332810452e-13,4.571413806e-13,1.208104939e-13,5.602676963e-14,4.021135277e-14,6.837291796e-14,1.174466146e-13,1.468166589e-13,2.47033177e-13,2.499798497e-13,2.711632e-13,1.893247715e-13,2.556834203e-13,3.168396391e-13,6.986640258e-13,1.059961131e-13,2.478611417e-13,3.916806843e-14,2.84197271e-14,8.908887874e-14,3.288802398e-14,7.4925822e-14,9.147692397e-14,1.512928268e-13,1.2261781e-13,2.845898361e-13,2.253242893e-14,2.868879634e-13,1.341248447e-14
35.921875,4.504312253e-13,3.355490047e-13,1.732796655e-13,1.312492718e-13,4.530971388e-13,1.186780543e-13,5.457296078e-14,3.93491751e-14,6.754256389e-14,1.17956274e-13,1.476198598e-13,2.448135102e-13,2.468354184e-13,2.690035471e-13,1.863859997e-13,2.54035447e-13,3.162906709e-13,6.955010874e-13,1.033145767e-13,2.479395536e-13,3.897225101e-14,2.798973285e-14,8.875930407e-14,3.225529435e-14,7.417521803e-14,9.119878378e-14,1.504483319e-13,1.20312408e-13,2.807010689e-13,2.27258412e-14,2.839317202e-13,1.330515836e-14
35.9296875,4.480639656e-13,3.326261591e-13,1.720127719e-13,1.293532859e-13,4.490641333e-13,1.166657544e-13,5.308599821e-14,3.846706651e-14,6.671046788e-14,1.184793073e-13,1.483976201e-13,2.426144286e-13,2.437242974e-13,2.666803792e-13,1.834163742e-13,2.523599161e-13,3.155470372e-13,6.922469226e-13,1.006793592e-13,2.479711281e-13,3.878920835e-14,2.759149372e-14,8.840232394e-14,3.165903803e-14,7.342099255e-14,9.095642194e-14,1.495699953e-13,1.180667172e-13,2.768119573e-13,2.287840267e-14,2.809852711e-13,1.318992888e-14
35.9375,4.453957796e-13,3.294987049e-13,1.707547838e-13,1.274259067e-13,4.449071237e-13,1.146890036e-13,5.163136091e-14,3.762253084e-14,6.583648341e-14,1.190764381e-13,1.491875459e-13,2.403652295e-13,2.405796867e-13,2.641749961e-13,1.80451358e-13,2.507059672e-13,3.146397714e-13,6.888710265e-13,9.804133403e-14,2.480173555e-13,3.860343717e-14,2.718313626e-14,8.804154746e-14,3.104823131e-14,7.267230401e-14,9.083344318e-14,1.486904268e-13,1.158035823e-13,2.728878238e-13,2.303000179e-14,2.779113532e-13,1.309117138e-14
35.9453125,4.42705068e-13,3.263332394e-13,1.693790483e-13,1.255135477e-13,4.407630083e-13,1.12682156e-13,5.01881531e-14,3.683108204e-14,6.496078064e-14,1.198596601e-13,1.498864132e-13,2.38124587e-13,2.374792009e-13,2.617237343e-13,1.776251214e-13,2.491993665e-13,3.139395702e-13,6.855784784e-13,9.548069446e-14,2.481818957e-13,3.83782386e-14,2.677562086e-14,8.772010307e-14,3.045514211e-14,7.198052714e-14,9.080680728e-14,1.479235124e-13,1.134987659e-13,2.69114962e-13,2.32010115e-14,2.747981596e-13,1.301120707e-14
35.953125,4.400818669e-13,3.233139073e-13,1.680105138e-13,1.236314773e-13,4.366441048e-13,1.106688192e-13,4.871741889e-14,3.602142493e-14,6.410325058e-14,1.207657112e-13,1.504778361e-13,2.358921609e-13,2.344483158e-13,2.593976201e-13,1.749179967e-13,2.477156919e-13,3.133301116e-13,6.823284068e-13,9.301322379e-14,2.484598377e-13,3.814918624e-14,2.640164553e-14,8.737113314e-14,2.992575771e-14,7.132312781e-14,9.073151587e-14,1.471546768e-13,1.112204595e-13,2.655102657e-13,2.337648192e-14,2.718525656e-13,1.293228825e-14
35.9609375,4.373451265e-13,3.20036773e-13,1.66692782e-13,1.216628444e-13,4.323762092e-13,1.086946316e-13,4.727923065e-14,3.520638534e-14,6.321343026e-14,1.216748239e-13,1.510440455e-13,2.335411159e-13,2.313956577e-13,2.570044956e-13,1.722746296e-13,2.462380787e-13,3.126468851e-13,6.789541558e-13,9.058501201e-14,2.4861482e-13,3.795370414e-14,2.602776211e-14,8.69603202e-14,2.943240993e-14,7.068026153e-14,9.05961896e-14,1.463161005e-13,1.089748594e-13,2.618659766e-13,2.356339539e-14,2.689086886e-13,1.285769532e-14
35.96875,4.345318728e-13,3.163925098e-13,1.653171312e-13,1.197180954e-13,4.281834932e-13,1.068220374e-13,4.589484043e-14,3.444032517e-14,6.229989286e-14,1.225884229e-13,1.515816421e-13,2.31136025e-13,2.284263731e-13,2.546351206e-13,1.697647948e-13,2.449716102e-13,3.121587649e-13,6.756918639e-13,8.826365282e-14,2.485437551e-13,3.776511281e-14,2.564563931e-14,8.656142441e-14,2.894935003e-14,7.010635007e-14,9.054036254e-14,1.456084704e-13,1.067156171e-13,2.581763634e-13,2.375676519e-14,2.658677018e-13,1.278783726e-14
35.9765625,4.316355149e-13,3.127508042e-13,1.639569438e-13,1.179569264e-13,4.241804073e-13,1.050404519e-13,4.450105903e-14,3.370661342e-14,6.140776847e-14,1.235452744e-13,1.521093837e-13,2.288266576e-13,2.256598051e-13,2.524434106e-13,1.674647412e-13,2.438604002e-13,3.118176662e-13,6.7265786e-13,8.611664802e-14,2.483158787e-13,3.757441964e-14,2.53000928e-14,8.618801171e-14,2.848388626e-14,6.961156042e-14,9.057655689e-14,1.449908415e-13,1.044308332e-13,2.545604119e-13,2.392947231e-14,2.62993318e-13,1.271089317e-14
35.984375,4.284527982e-13,3.092281546e-13,1.627229427e-13,1.162287702e-13,4.200118812e-13,1.032649145e-13,4.309871667e-14,3.30162485e-14,6.051636093e-14,1.246100407e-13,1.526403271e-13,2.265628037e-13,2.229440298e-13,2.50178605e-13,1.653855143e-13,2.42823291e-13,3.113194905e-13,6.695652776e-13,8.406427006e-14,2.47986892e-13,3.738291015e-14,2.497902843e-14,8.579225083e-14,2.803896687e-14,6.914177057e-14,9.063280614e-14,1.442585525e-13,1.021746763e-13,2.510986059e-13,2.408630198e-14,2.602537408e-13,1.264833387e-14
35.9921875,4.250907057e-13,3.056815041e-13,1.615518626e-13,1.144431358e-13,4.157072768e-13,1.015174941e-13,4.173716544e-14,3.240159761e-14,5.960122669e-14,1.258266617e-13,1.531093752e-13,2.242919417e-13,2.202232622e-13,2.477291107e-13,1.634250168e-13,2.4196357e-13,3.108401458e-13,6.66452089e-13,8.205897017e-14,2.476385622e-13,3.71817037e-14,2.464411733e-14,8.538789929e-14,2.763114651e-14,6.869851945e-14,9.074532886e-14,1.435625951e-13,1.000062465e-13,2.478897187e-13,2.425424609e-14,2.573847924e-13,1.261367711e-14
36,4.217371906e-13,3.019255266e-13,1.603721902e-13,1.12752788e-13,4.115521736e-13,9.984973698e-14,4.040104952e-14,3.181978002e-14,5.867022527e-14,1.270693373e-13,1.535493892e-13,2.220386757e-13,2.176179392e-13,2.453104991e-13,1.614007967e-13,2.411459117e-13,3.105820053e-13,6.635462312e-13,8.013518674e-14,2.472849175e-13,3.700829354e-14,2.430870187e-14,8.500464191e-14,2.72800307e-14,6.831273324e-14,9.094453679e-14,1.430048494e-13,9.786828581e-14,2.44801298e-13,2.444690014e-14,2.544717662e-13,1.25755615e-14
36.0078125,4.183220892e-13,2.979729059e-13,1.591044685e-13,1.111418102e-13,4.074411444e-13,9.816535675e-14,3.905710228e-14,3.125292727e-14,5.773468776e-14,1.282393856e-13,1.539535851e-13,2.197565734e-13,2.150599047e-13,2.429289183e-13,1.593249436e-13,2.402715e-13,3.10381801e-13,6.607014267e-13,7.828268689e-14,2.469050447e-13,3.685666598e-14,2.398978258e-14,8.46378062e-14,2.696126327e-14,6.79643014e-14,9.11655404e-14,1.4234973e-13,9.569773844e-14,2.415863445e-13,2.465805249e-14,2.51667959e-13,1.253644103e-14
36.015625,4.148800737e-13,2.941293817e-13,1.576799711e-13,1.095044964e-13,4.033887261e-13,9.643088536e-14,3.773376871e-14,3.074894648e-14,5.683461199e-14,1.294529937e-13,1.541333283e-13,2.174825628e-13,2.124804774e-13,2.405594117e-13,1.574122965e-13,2.395914836e-13,3.101959832e-13,6.578641398e-13,7.650821792e-14,2.465094934e-13,3.663246646e-14,2.368318435e-14,8.427978122e-14,2.664869963e-14,6.76411084e-14,9.136182895e-14,1.415800663e-13,9.358046188e-14,2.383898949e-13,2.486669701e-14,2.489466028e-13,1.2525297e-14
36.0234375,4.114662065e-13,2.90354304e-13,1.562462139e-13,1.079432241e-13,3.995678659e-13,9.476610553e-14,3.645970306e-14,3.030367163e-14,5.597572951e-14,1.307627794e-13,1.540959836e-13,2.153171156e-13,2.100008041e-13,2.383160496e-13,1.557005888e-13,2.391301423e-13,3.10106936e-13,6.552537394e-13,7.485628249e-14,2.459593833e-13,3.634840716e-14,2.338403208e-14,8.391748222e-14,2.636743366e-14,6.736584249e-14,9.156095765e-14,1.409157825e-13,9.154693909e-14,2.353920751e-13,2.506446722e-14,2.46281365e-13,1.252658964e-14
36.03125,4.08031437e-13,2.863079749e-13,1.549127479e-13,1.065011702e-13,3.958010157e-13,9.316083688e-14,3.519578147e-14,2.988511347e-14,5.509071559e-14,1.320577168e-13,1.5407686e-13,2.131589134e-13,2.075948859e-13,2.360543615e-13,1.539897959e-13,2.386338474e-13,3.100738236e-13,6.528542509e-13,7.329426513e-14,2.452635758e-13,3.612680683e-14,2.308719442e-14,8.354687538e-14,2.613558212e-14,6.712803659e-14,9.181950897e-14,1.403571466e-13,8.948137254e-14,2.323647613e-13,2.526265967e-14,2.435601167e-13,1.253552672e-14
36.0390625,4.046248866e-13,2.821399461e-13,1.534971225e-13,1.050736015e-13,3.91966222e-13,9.153694562e-14,3.392045897e-14,2.950899617e-14,5.417350899e-14,1.333245524e-13,1.541367255e-13,2.108904759e-13,2.051327063e-13,2.336094914e-13,1.522066657e-13,2.380772221e-13,3.100464645e-13,6.504761464e-13,7.17611263e-14,2.446868097e-13,3.597189314e-14,2.280362851e-14,8.318997046e-14,2.592616075e-14,6.690499333e-14,9.214223761e-14,1.398008962e-13,8.736768703e-14,2.292308834e-13,2.547042724e-14,2.407221784e-13,1.2576278e-14
36.046875,4.010024532e-13,2.780774443e-13,1.519553669e-13,1.036921337e-13,3.880778669e-13,8.997086781e-14,3.269276427e-14,2.918963453e-14,5.326107827e-14,1.346255219e-13,1.542212954e-13,2.085737473e-13,2.026647061e-13,2.310875358e-13,1.50525902e-13,2.375625331e-13,3.099788404e-13,6.479697718e-13,7.025182558e-14,2.440737415e-13,3.579924669e-14,2.253545163e-14,8.286141681e-14,2.573286945e-14,6.671535731e-14,9.24791125e-14,1.392589411e-13,8.525588864e-14,2.262432258e-13,2.569090032e-14,2.379250403e-13,1.263197277e-14
36.0546875,3.968431359e-13,2.739796089e-13,1.505267603e-13,1.024470267e-13,3.839676234e-13,8.848731535e-14,3.153013324e-14,2.891240665e-14,5.230762157e-14,1.359093163e-13,1.543535593e-13,2.062333537e-13,2.002472144e-13,2.285024775e-13,1.490675835e-13,2.371219575e-13,3.098931104e-13,6.452546597e-13,6.8791633e-14,2.431993476e-13,3.561136845e-14,2.225390089e-14,8.255363586e-14,2.558827368e-14,6.656405065e-14,9.282770698e-14,1.387500173e-13,8.31032751e-14,2.234005006e-13,2.590428904e-14,2.351687755e-13,1.268447979e-14
36.0625,3.925824044e-13,2.698698513e-13,1.492770359e-13,1.013202581e-13,3.797993331e-13,8.702669834e-14,3.037126164e-14,2.866625044e-14,5.130209425e-14,1.371322026e-13,1.545037053e-13,2.038672201e-13,1.978715708e-13,2.258559274e-13,1.477568166e-13,2.36773232e-13,3.099136437e-13,6.425487897e-13,6.742969305e-14,2.425140789e-13,3.545678744e-14,2.197044608e-14,8.223890585e-14,2.550652939e-14,6.641752432e-14,9.321823883e-14,1.382521603e-13,8.094205951e-14,2.205444412e-13,2.607972444e-14,2.323525465e-13,1.275927011e-14
36.0703125,3.886332358e-13,2.657356458e-13,1.480946808e-13,1.002548968e-13,3.759559274e-13,8.567592188e-14,2.922538241e-14,2.845776474e-14,5.032376708e-14,1.38401347e-13,1.545762735e-13,2.015659922e-13,1.956073741e-13,2.233041291e-13,1.465215834e-13,2.364772421e-13,3.09991306e-13,6.400635698e-13,6.617825695e-14,2.421659639e-13,3.532855466e-14,2.171997839e-14,8.189513734e-14,2.547543542e-14,6.627151524e-14,9.363804603e-14,1.377463784e-13,7.888267083e-14,2.177722946e-13,2.623763567e-14,2.2960115e-13,1.286631253e-14
36.078125,3.846730364e-13,2.612989526e-13,1.469384478e-13,9.91450636e-14,3.722500198e-13,8.443977302e-14,2.815606124e-14,2.829967436e-14,4.937760192e-14,1.397785695e-13,1.54542712e-13,1.993180864e-13,1.934405186e-13,2.207826116e-13,1.453313499e-13,2.362052266e-13,3.100262169e-13,6.375706224e-13,6.498095816e-14,2.414815547e-13,3.519234635e-14,2.14720821e-14,8.154285741e-14,2.546344862e-14,6.614593217e-14,9.407198223e-14,1.372480369e-13,7.687732378e-14,2.151497926e-13,2.641448195e-14,2.269109471e-13,1.299253882e-14
36.0859375,3.806117106e-13,2.56729008e-13,1.457134857e-13,9.792784896e-14,3.683909087e-13,8.311578897e-14,2.713537719e-14,2.818093683e-14,4.841971034e-14,1.411327913e-13,1.544391071e-13,1.970179667e-13,1.9124318e-13,2.181521184e-13,1.441439061e-13,2.359978684e-13,3.101524603e-13,6.349394464e-13,6.38462711e-14,2.402513093e-13,3.504101185e-14,2.120239767e-14,8.119640963e-14,2.544228133e-14,6.603995356e-14,9.451477462e-14,1.367888306e-13,7.481929515e-14,2.125344362e-13,2.659162223e-14,2.241092331e-13,1.313544869e-14
36.09375,3.765558321e-13,2.523525292e-13,1.443526284e-13,9.672513255e-14,3.645052824e-13,8.173659311e-14,2.611343773e-14,2.808740965e-14,4.745825253e-14,1.424022474e-13,1.543050892e-13,1.946830922e-13,1.890211193e-13,2.15526251e-13,1.430220066e-13,2.358358374e-13,3.103896003e-13,6.32358621e-13,6.282314914e-14,2.389387776e-13,3.489168144e-14,2.094661523e-14,8.083971727e-14,2.54532299e-14,6.595780335e-14,9.496833024e-14,1.363347195e-13,7.2742947e-14,2.09924626e-13,2.674791511e-14,2.21264186e-13,1.32927597e-14
36.1015625,3.721165989e-13,2.479187718e-13,1.430173655e-13,9.564200093e-14,3.606327218e-13,8.05308955e-14,2.512173075e-14,2.805232049e-14,4.648277493e-14,1.437224211e-13,1.541487232e-13,1.923602669e-13,1.868462157e-13,2.129097837e-13,1.420333957e-13,2.356672591e-13,3.105070624e-13,6.297511765e-13,6.185079064e-14,2.37732363e-13,3.47557668e-14,2.070441488e-14,8.048216533e-14,2.554340845e-14,6.58992798e-14,9.546583593e-14,1.358644835e-13,7.072690214e-14,2.074229216e-13,2.688790743e-14,2.184351416e-13,1.346772946e-14
36.109375,3.672967391e-13,2.432612434e-13,1.418076395e-13,9.464259126e-14,3.567477552e-13,7.944551374e-14,2.418452594e-14,2.810923669e-14,4.548828704e-14,1.451281249e-13,1.539505751e-13,1.900267037e-13,1.847199042e-13,2.10187021e-13,1.411239602e-13,2.355152789e-13,3.10506045e-13,6.269986631e-13,6.089509005e-14,2.366054976e-13,3.463362644e-14,2.045429796e-14,8.011081067e-14,2.566336629e-14,6.583658158e-14,9.597927275e-14,1.354462643e-13,6.879301953e-14,2.049334353e-13,2.699381439e-14,2.155620082e-13,1.36704828e-14
36.1171875,3.626677126e-13,2.385998185e-13,1.406087043e-13,9.366904307e-14,3.530141929e-13,7.83147989e-14,2.328416788e-14,2.823454344e-14,4.451841074e-14,1.465330144e-13,1.536742484e-13,1.876920344e-13,1.82667312e-13,2.074722912e-13,1.403226996e-13,2.354198301e-13,3.106178992e-13,6.243373274e-13,6.005494228e-14,2.355658419e-13,3.452248183e-14,2.022158671e-14,7.967618021e-14,2.579199686e-14,6.577815135e-14,9.643571078e-14,1.350544055e-13,6.691238874e-14,2.023767505e-13,2.70569199e-14,2.127801515e-13,1.389279581e-14
36.125,3.581890356e-13,2.33866552e-13,1.393569784e-13,9.262227519e-14,3.494134855e-13,7.719069053e-14,2.242658235e-14,2.840114896e-14,4.35506982e-14,1.479770598e-13,1.532890581e-13,1.853654752e-13,1.80676918e-13,2.048294355e-13,1.396743789e-13,2.353549806e-13,3.108511591e-13,6.21809418e-13,5.935389432e-14,2.344748247e-13,3.440615623e-14,2.000699861e-14,7.92202935e-14,2.600201334e-14,6.576128403e-14,9.690133663e-14,1.345900816e-13,6.501562858e-14,1.998859985e-13,2.710694944e-14,2.10081929e-13,1.412254097e-14
36.1328125,3.535620338e-13,2.28952666e-13,1.380313409e-13,9.147414936e-14,3.458374144e-13,7.613688771e-14,2.161543942e-14,2.862332155e-14,4.254679942e-14,1.49476402e-13,1.528408808e-13,1.830134258e-13,1.786660172e-13,2.021537534e-13,1.390455027e-13,2.352684582e-13,3.110690345e-13,6.192533469e-13,5.870953507e-14,2.333025863e-13,3.427842779e-14,1.978010407e-14,7.881451736e-14,2.629029048e-14,6.57739119e-14,9.747842309e-14,1.341352317e-13,6.308569117e-14,1.974891775e-13,2.716003758e-14,2.07248455e-13,1.436113476e-14
36.140625,3.490315863e-13,2.241280918e-13,1.365817972e-13,9.041174424e-14,3.423595582e-13,7.51106879e-14,2.083208277e-14,2.890757262e-14,4.156215434e-14,1.509033747e-13,1.523871186e-13,1.806372262e-13,1.766740601e-13,1.995067516e-13,1.384111778e-13,2.352392633e-13,3.113523142e-13,6.168500241e-13,5.810478409e-14,2.321626547e-13,3.416757644e-14,1.955715179e-14,7.841541773e-14,2.659909838e-14,6.579722106e-14,9.810258953e-14,1.338087751e-13,6.118238061e-14,1.950638382e-13,2.720768848e-14,2.044555293e-13,1.460799933e-14
36.1484375,3.446658498e-13,2.194794219e-13,1.351296162e-13,8.952005411e-14,3.389261278e-13,7.411699186e-14,2.008267087e-14,2.921777467e-14,4.060249253e-14,1.522404838e-13,1.51890356e-13,1.782504867e-13,1.747896271e-13,1.969635441e-13,1.379212341e-13,2.354429092e-13,3.11880324e-13,6.147239901e-13,5.756140082e-14,2.309551344e-13,3.407861583e-14,1.935699556e-14,7.798913158e-14,2.695506139e-14,6.58429608e-14,9.869560399e-14,1.335238224e-13,5.932404408e-14,1.926494688e-13,2.724056931e-14,2.019113163e-13,1.48655754e-14
36.15625,3.401821382e-13,2.147796672e-13,1.338519859e-13,8.867611761e-14,3.354796252e-13,7.318941923e-14,1.938280379e-14,2.954190536e-14,3.960653978e-14,1.535791715e-13,1.513511918e-13,1.758705409e-13,1.729587723e-13,1.944454007e-13,1.375943237e-13,2.35854076e-13,3.126136444e-13,6.126429185e-13,5.708823713e-14,2.296647432e-13,3.397954631e-14,1.916044802e-14,7.758592345e-14,2.73780568e-14,6.590292095e-14,9.92942894e-14,1.331982109e-13,5.749531334e-14,1.903561333e-13,2.724899084e-14,1.993207574e-13,1.514599712e-14
36.1640625,3.356648669e-13,2.10016361e-13,1.326888018e-13,8.78926055e-14,3.322187642e-13,7.231963378e-14,1.873003102e-14,2.993328911e-14,3.86215542e-14,1.549418258e-13,1.508073277e-13,1.735738335e-13,1.711489228e-13,1.91979086e-13,1.373593804e-13,2.362493943e-13,3.133610241e-13,6.105472648e-13,5.670434775e-14,2.285704304e-13,3.387419494e-14,1.89586413e-14,7.719786449e-14,2.784503297e-14,6.596868516e-14,9.991110366e-14,1.329189908e-13,5.572125833e-14,1.881770736e-13,2.723058129e-14,1.965575086e-13,1.545110855e-14
36.171875,3.312404965e-13,2.053393997e-13,1.314909594e-13,8.720403288e-14,3.291218782e-13,7.147375841e-14,1.812284638e-14,3.040404642e-14,3.770616693e-14,1.563305986e-13,1.501279517e-13,1.71382978e-13,1.694263802e-13,1.896195346e-13,1.371239432e-13,2.365271427e-13,3.140030527e-13,6.085176856e-13,5.637746472e-14,2.276693087e-13,3.377945521e-14,1.874956422e-14,7.6777985e-14,2.836966216e-14,6.604674807e-14,1.005248727e-13,1.327362257e-13,5.400080032e-14,1.860986227e-13,2.718833149e-14,1.938716328e-13,1.57717204e-14
36.1796875,3.267567338e-13,2.007110745e-13,1.302408027e-13,8.64597668e-14,3.259784851e-13,7.062190016e-14,1.755678041e-14,3.089377697e-14,3.679664768e-14,1.577244425e-13,1.492099158e-13,1.692039609e-13,1.677606065e-13,1.872988629e-13,1.36781401e-13,2.367965554e-13,3.146035059e-13,6.065050406e-13,5.606686139e-14,2.266319511e-13,3.367378331e-14,1.853483956e-14,7.634590688e-14,2.893818176e-14,6.612192577e-14,1.011791763e-13,1.325775094e-13,5.22969629e-14,1.840681616e-13,2.712712617e-14,1.912775372e-13,1.610458896e-14
36.1875,3.223087027e-13,1.959918961e-13,1.289948952e-13,8.566378612e-14,3.22917987e-13,6.980642156e-14,1.702750171e-14,3.140780283e-14,3.585876947e-14,1.590812475e-13,1.48225222e-13,1.669926238e-13,1.660754506e-13,1.850217386e-13,1.364467318e-13,2.371976311e-13,3.15381334e-13,6.046004218e-13,5.580450346e-14,2.253714256e-13,3.356531761e-14,1.834018357e-14,7.592064501e-14,2.953268908e-14,6.619753775e-14,1.018998149e-13,1.323953697e-13,5.062038376e-14,1.820115373e-13,2.706075962e-14,1.887124572e-13,1.644937226e-14
36.1953125,3.179870738e-13,1.911965685e-13,1.278014759e-13,8.497368019e-14,3.20038453e-13,6.908594423e-14,1.653912972e-14,3.19907828e-14,3.493795404e-14,1.604590836e-13,1.473333223e-13,1.647774211e-13,1.644016219e-13,1.827889521e-13,1.363083254e-13,2.377183424e-13,3.163744445e-13,6.028565519e-13,5.558358115e-14,2.2400057e-13,3.349700189e-14,1.816430079e-14,7.548728626e-14,3.021538089e-14,6.629943483e-14,1.026227761e-13,1.322064713e-13,4.899050759e-14,1.800246466e-13,2.6984911e-14,1.862605089e-13,1.680228904e-14
36.203125,3.135221422e-13,1.864757933e-13,1.266296834e-13,8.431093867e-14,3.171444503e-13,6.841569839e-14,1.607967926e-14,3.260686734e-14,3.404216219e-14,1.619138185e-13,1.464740411e-13,1.625367429e-13,1.627595321e-13,1.805053003e-13,1.363186852e-13,2.382611493e-13,3.173552253e-13,6.010659059e-13,5.537141086e-14,2.225824423e-13,3.344877348e-14,1.797892298e-14,7.506252503e-14,3.098074733e-14,6.64184109e-14,1.032988232e-13,1.320213888e-13,4.739681608e-14,1.781375277e-13,2.687710033e-14,1.838184034e-13,1.716625934e-14
36.2109375,3.090048372e-13,1.818572553e-13,1.253897683e-13,8.357566763e-14,3.143012174e-13,6.775802138e-14,1.564388281e-14,3.324970129e-14,3.31645179e-14,1.633745594e-13,1.455518864e-13,1.602758087e-13,1.611272049e-13,1.782503098e-13,1.363964756e-13,2.388399687e-13,3.183468033e-13,5.993091974e-13,5.523179988e-14,2.212417327e-13,3.337066088e-14,1.779736839e-14,7.467330271e-14,3.175309463e-14,6.654993974e-14,1.039534202e-13,1.318496529e-13,4.584741486e-14,1.76164749e-13,2.674617881e-14,1.813168847e-13,1.755259023e-14
36.21875,3.048077727e-13,1.772370781e-13,1.241349295e-13,8.292188276e-14,3.11732539e-13,6.715762719e-14,1.52554716e-14,3.398010406e-14,3.231065598e-14,1.647579363e-13,1.445351192e-13,1.580958929e-13,1.595790553e-13,1.761638136e-13,1.365181205e-13,2.394649348e-13,3.195914656e-13,5.978964566e-13,5.520165936e-14,2.200188912e-13,3.327216261e-14,1.763524845e-14,7.431260246e-14,3.258422364e-14,6.670706306e-14,1.046219431e-13,1.317140969e-13,4.433801598e-14,1.741389231e-13,2.660668482e-14,1.789543123e-13,1.795899777e-14
36.2265625,3.007240855e-13,1.72643597e-13,1.230499953e-13,8.241714573e-14,3.093243883e-13,6.661800087e-14,1.491319934e-14,3.476649213e-14,3.145219284e-14,1.660386854e-13,1.434598195e-13,1.560312106e-13,1.58178612e-13,1.741507739e-13,1.366390562e-13,2.400682365e-13,3.210183198e-13,5.967098496e-13,5.523313705e-14,2.18751428e-13,3.318245063e-14,1.747283603e-14,7.396172075e-14,3.353057592e-14,6.686910612e-14,1.053258969e-13,1.316164703e-13,4.283975611e-14,1.722790781e-13,2.642991517e-14,1.767269356e-13,1.837001755e-14
36.234375,2.964454947e-13,1.681457314e-13,1.221698801e-13,8.190830959e-14,3.06872621e-13,6.611848427e-14,1.459750958e-14,3.554688043e-14,3.057481338e-14,1.672613544e-13,1.424018199e-13,1.539761684e-13,1.568163046e-13,1.720969737e-13,1.368222773e-13,2.4072438e-13,3.224713989e-13,5.954627888e-13,5.531111259e-14,2.174614601e-13,3.310752439e-14,1.731449769e-14,7.360526881e-14,3.450530817e-14,6.702437928e-14,1.0607706e-13,1.315647416e-13,4.137221807e-14,1.705516796e-13,2.620184645e-14,1.744398926e-13,1.879170735e-14
36.2421875,2.921269075e-13,1.636408118e-13,1.213189786e-13,8.133201595e-14,3.043115017e-13,6.567231221e-14,1.431560319e-14,3.63572598e-14,2.970286847e-14,1.684914792e-13,1.413346224e-13,1.518321443e-13,1.553695119e-13,1.699748299e-13,1.370621785e-13,2.414785244e-13,3.239454579e-13,5.941018651e-13,5.539972343e-14,2.163319574e-13,3.304835166e-14,1.717342538e-14,7.323074435e-14,3.54648835e-14,6.717908735e-14,1.06829699e-13,1.315726474e-13,3.994290747e-14,1.68848984e-13,2.596455047e-14,1.721345215e-13,1.924512816e-14
36.25,2.878029687e-13,1.590794691e-13,1.203378357e-13,8.07544585e-14,3.016202962e-13,6.52622083e-14,1.406457718e-14,3.722335386e-14,2.88441449e-14,1.69682818e-13,1.401690285e-13,1.496047362e-13,1.538480183e-13,1.677160058e-13,1.372045306e-13,2.421595448e-13,3.253007097e-13,5.925902905e-13,5.545319897e-14,2.152314876e-13,3.298859758e-14,1.702965338e-14,7.284263602e-14,3.645727587e-14,6.731243208e-14,1.075207463e-13,1.31555076e-13,3.849092438e-14,1.671698089e-13,2.574257892e-14,1.699003568e-13,1.972348072e-14
36.2578125,2.833975449e-13,1.545756574e-13,1.192391268e-13,8.02072958e-14,2.989257142e-13,6.488744375e-14,1.383956663e-14,3.813040734e-14,2.80103537e-14,1.708093076e-13,1.389175395e-13,1.473626429e-13,1.523006322e-13,1.65397567e-13,1.373370213e-13,2.42789535e-13,3.265602399e-13,5.909904769e-13,5.554829777e-14,2.139421044e-13,3.290573357e-14,1.688128618e-14,7.247092167e-14,3.749260971e-14,6.744359592e-14,1.08176358e-13,1.314180145e-13,3.704221586e-14,1.654151291e-13,2.550094832e-14,1.676878203e-13,2.020859692e-14
36.265625,2.791076146e-13,1.501387223e-13,1.181126191e-13,7.97160532e-14,2.963933637e-13,6.45842438e-14,1.367036158e-14,3.909473113e-14,2.72150453e-14,1.719755007e-13,1.376178126e-13,1.451553478e-13,1.507749158e-13,1.632233227e-13,1.376283308e-13,2.435586188e-13,3.280715401e-13,5.895418977e-13,5.574459517e-14,2.126184671e-13,3.281500032e-14,1.674369843e-14,7.214820501e-14,3.857635019e-14,6.762639611e-14,1.088422348e-13,1.312452746e-13,3.570486036e-14,1.635382601e-13,2.52131528e-14,1.655063285e-13,2.070635945e-14
36.2734375,2.74981965e-13,1.456796932e-13,1.169694147e-13,7.932994664e-14,2.939766614e-13,6.431911971e-14,1.355704939e-14,4.010527302e-14,2.642156914e-14,1.731590268e-13,1.362612266e-13,1.429767847e-13,1.493124974e-13,1.611918176e-13,1.379823822e-13,2.443873838e-13,3.298649808e-13,5.882636086e-13,5.597817187e-14,2.114648591e-13,3.274308537e-14,1.660229531e-14,7.186092189e-14,3.972384973e-14,6.782980881e-14,1.094879891e-13,1.311353737e-13,3.443622439e-14,1.616790121e-13,2.490952042e-14,1.633980521e-13,2.122081923e-14
36.28125,2.708503737e-13,1.412097882e-13,1.157965895e-13,7.902073936e-14,2.915488512e-13,6.405237882e-14,1.346681718e-14,4.113420377e-14,2.561555633e-14,1.742497565e-13,1.348863107e-13,1.408156143e-13,1.478734291e-13,1.59173982e-13,1.383597813e-13,2.451955583e-13,3.317127354e-13,5.869657913e-13,5.621949189e-14,2.103832595e-13,3.269023436e-14,1.645118839e-14,7.155231624e-14,4.090994581e-14,6.799049068e-14,1.101136149e-13,1.310289152e-13,3.310786901e-14,1.598949976e-13,2.462073644e-14,1.61354512e-13,2.174547524e-14
36.2890625,2.666742365e-13,1.367911271e-13,1.146371643e-13,7.868228106e-14,2.890783678e-13,6.38048563e-14,1.340809951e-14,4.220457472e-14,2.484665069e-14,1.753122026e-13,1.335189912e-13,1.386827836e-13,1.464000691e-13,1.571373264e-13,1.388172357e-13,2.461050773e-13,3.336318734e-13,5.856110027e-13,5.648224211e-14,2.092452628e-13,3.2655099e-14,1.631091861e-14,7.120442843e-14,4.210908286e-14,6.812745401e-14,1.107727725e-13,1.308813308e-13,3.175335774e-14,1.581510257e-13,2.433095774e-14,1.593718179e-13,2.229333611e-14
36.296875,2.624154709e-13,1.324936473e-13,1.134827805e-13,7.829265061e-14,2.866505692e-13,6.357120962e-14,1.339103845e-14,4.3317002e-14,2.412022676e-14,1.763935084e-13,1.320814768e-13,1.365730859e-13,1.44913629e-13,1.551100364e-13,1.392526117e-13,2.470738293e-13,3.356551699e-13,5.843169708e-13,5.67575707e-14,2.08076749e-13,3.264097279e-14,1.618304551e-14,7.086692457e-14,4.330059864e-14,6.828712237e-14,1.114377344e-13,1.307109415e-13,3.047267497e-14,1.564539971e-13,2.402530382e-14,1.573919863e-13,2.286969738e-14
36.3046875,2.581561621e-13,1.284084297e-13,1.122957645e-13,7.794267838e-14,2.843978107e-13,6.336821422e-14,1.339492888e-14,4.444315691e-14,2.339859164e-14,1.774212609e-13,1.305329695e-13,1.344901279e-13,1.434464958e-13,1.53161981e-13,1.396520689e-13,2.480189344e-13,3.377848989e-13,5.832229387e-13,5.70673566e-14,2.069178479e-13,3.263331567e-14,1.606107291e-14,7.0577626e-14,4.448599386e-14,6.847194966e-14,1.12066478e-13,1.305023305e-13,2.924885716e-14,1.547784695e-13,2.371775817e-14,1.553821101e-13,2.344665424e-14
36.3125,2.542212596e-13,1.244946212e-13,1.111230903e-13,7.763396723e-14,2.82307666e-13,6.325601133e-14,1.342339296e-14,4.559572185e-14,2.269338039e-14,1.78396309e-13,1.28952608e-13,1.324681321e-13,1.420103658e-13,1.513505595e-13,1.401054386e-13,2.490866048e-13,3.401993189e-13,5.823818486e-13,5.742252616e-14,2.058255569e-13,3.261365222e-14,1.595502275e-14,7.031431553e-14,4.573224139e-14,6.866331741e-14,1.127266068e-13,1.303127489e-13,2.804751297e-14,1.531036143e-13,2.341168622e-14,1.534663463e-13,2.401667473e-14
36.3203125,2.505671104e-13,1.205531556e-13,1.099695444e-13,7.727610192e-14,2.802971296e-13,6.322467951e-14,1.34904922e-14,4.67738329e-14,2.202392903e-14,1.792938647e-13,1.273930821e-13,1.304938856e-13,1.406022634e-13,1.496260592e-13,1.405423466e-13,2.503264798e-13,3.429137626e-13,5.816688479e-13,5.779587382e-14,2.048780028e-13,3.25847093e-14,1.586597575e-14,7.004893672e-14,4.703847526e-14,6.88587696e-14,1.134536342e-13,1.30236696e-13,2.688847749e-14,1.514370102e-13,2.309648843e-14,1.516758004e-13,2.460520593e-14
36.328125,2.467424712e-13,1.165153104e-13,1.087790943e-13,7.692512273e-14,2.783616187e-13,6.326213424e-14,1.359467033e-14,4.795513828e-14,2.13670487e-14,1.800796957e-13,1.258107657e-13,1.285078705e-13,1.39167285e-13,1.479072752e-13,1.409539664e-13,2.515658146e-13,3.457036899e-13,5.809027378e-13,5.818850234e-14,2.040106595e-13,3.256586886e-14,1.577597659e-14,6.98010912e-14,4.83069231e-14,6.907529441e-14,1.141713481e-13,1.301989529e-13,2.57547736e-14,1.497393224e-13,2.277025184e-14,1.498162079e-13,2.521909624e-14
36.3359375,2.427011287e-13,1.125549679e-13,1.076085091e-13,7.668206355e-14,2.764448825e-13,6.338312826e-14,1.374265133e-14,4.916110777e-14,2.070860955e-14,1.809113315e-13,1.241804898e-13,1.265015885e-13,1.376755456e-13,1.461613217e-13,1.414660016e-13,2.527100158e-13,3.484890045e-13,5.800345482e-13,5.860587081e-14,2.031378278e-13,3.256427852e-14,1.567588883e-14,6.960638171e-14,4.955783014e-14,6.931616596e-14,1.148572305e-13,1.30056832e-13,2.462675098e-14,1.480263321e-13,2.242712313e-14,1.477969541e-13,2.585215677e-14
36.34375,2.388434773e-13,1.087679452e-13,1.065133669e-13,7.644970752e-14,2.745991809e-13,6.35306527e-14,1.393099868e-14,5.041183932e-14,2.007201693e-14,1.818543846e-13,1.225584298e-13,1.24520652e-13,1.361679902e-13,1.444664931e-13,1.420494995e-13,2.538116283e-13,3.513506936e-13,5.792023746e-13,5.90539395e-14,2.024096438e-13,3.256950757e-14,1.558834669e-14,6.945503087e-14,5.087489539e-14,6.956285729e-14,1.155615603e-13,1.298034737e-13,2.356210883e-14,1.463301581e-13,2.206183272e-14,1.457699162e-13,2.650827936e-14
36.3515625,2.352729021e-13,1.050152671e-13,1.054191295e-13,7.614528538e-14,2.730363665e-13,6.370117017e-14,1.414547924e-14,5.170135653e-14,1.948694977e-14,1.827399399e-13,1.210011838e-13,1.226000068e-13,1.346738981e-13,1.429684588e-13,1.426072491e-13,2.54936176e-13,3.543390884e-13,5.785605907e-13,5.953972556e-14,2.019270653e-13,3.258991126e-14,1.553668504e-14,6.930179065e-14,5.220853456e-14,6.980068006e-14,1.162686356e-13,1.295318019e-13,2.259327467e-14,1.445676176e-13,2.168664468e-14,1.43879317e-13,2.71789202e-14
36.359375,2.316875589e-13,1.01267256e-13,1.042695084e-13,7.585647207e-14,2.715951141e-13,6.394053866e-14,1.439045433e-14,5.302648774e-14,1.894072889e-14,1.835611695e-13,1.194819364e-13,1.207228424e-13,1.332066172e-13,1.415861688e-13,1.431404356e-13,2.56102321e-13,3.574302052e-13,5.780309871e-13,6.000155679e-14,2.014293418e-13,3.26449841e-14,1.54933796e-14,6.913888676e-14,5.352591118e-14,7.001837399e-14,1.16934267e-13,1.293109306e-13,2.165446415e-14,1.427727909e-13,2.131151245e-14,1.420779422e-13,2.785097635e-14
36.3671875,2.280662674e-13,9.768702843e-14,1.030325061e-13,7.557849899e-14,2.69976904e-13,6.415725666e-14,1.466282425e-14,5.435310705e-14,1.839236377e-14,1.844378958e-13,1.179109359e-13,1.188460258e-13,1.317200119e-13,1.401154674e-13,1.436473504e-13,2.573251507e-13,3.606782612e-13,5.775132712e-13,6.040742019e-14,2.007107736e-13,3.272109975e-14,1.542347454e-14,6.900912408e-14,5.48997584e-14,7.021814548e-14,1.175790564e-13,1.291036669e-13,2.070433128e-14,1.411164143e-13,2.093967086e-14,1.402240833e-13,2.853321942e-14
36.375,2.247805042e-13,9.423931209e-14,1.016829528e-13,7.524684254e-14,2.684423212e-13,6.434572309e-14,1.495386741e-14,5.565242326e-14,1.786036056e-14,1.853034159e-13,1.162453518e-13,1.169949458e-13,1.301029358e-13,1.386719118e-13,1.441129273e-13,2.586280018e-13,3.642710435e-13,5.771543913e-13,6.083755371e-14,1.999698751e-13,3.280566223e-14,1.53489158e-14,6.893128061e-14,5.631723947e-14,7.042256572e-14,1.182188821e-13,1.288425724e-13,1.980112678e-14,1.395258207e-13,2.058101719e-14,1.38329153e-13,2.923117811e-14
36.3828125,2.218289228e-13,9.078588693e-14,1.003488752e-13,7.496064627e-14,2.672406299e-13,6.468956073e-14,1.527661479e-14,5.696420326e-14,1.738811156e-14,1.860790963e-13,1.145606605e-13,1.152185725e-13,1.284114172e-13,1.374354437e-13,1.445617901e-13,2.599530676e-13,3.681096756e-13,5.769822385e-13,6.131894343e-14,1.99424025e-13,3.29122787e-14,1.529418796e-14,6.887166859e-14,5.771326022e-14,7.063296284e-14,1.188151892e-13,1.28567199e-13,1.899697145e-14,1.378358337e-13,2.022367319e-14,1.365239083e-13,2.992822109e-14
36.390625,2.188180386e-13,8.7437573e-14,9.91757235e-14,7.475291378e-14,2.660694493e-13,6.517312858e-14,1.563353563e-14,5.831883638e-14,1.694135152e-14,1.868163381e-13,1.129555031e-13,1.134590903e-13,1.268094189e-13,1.362742446e-13,1.450442467e-13,2.612630357e-13,3.718710714e-13,5.767973566e-13,6.179128097e-14,1.989987102e-13,3.302609125e-14,1.524837274e-14,6.880603079e-14,5.911515951e-14,7.084135118e-14,1.193644661e-13,1.283196984e-13,1.825577217e-14,1.361766065e-13,1.98318328e-14,1.347654425e-13,3.062120258e-14
36.3984375,2.156981597e-13,8.423308213e-14,9.809928537e-14,7.448422988e-14,2.647702953e-13,6.561982787e-14,1.60154545e-14,5.970068347e-14,1.648543472e-14,1.875485494e-13,1.114051277e-13,1.116662315e-13,1.252506732e-13,1.350881994e-13,1.455682083e-13,2.626364558e-13,3.75667267e-13,5.766000341e-13,6.223005203e-14,1.985588653e-13,3.31285134e-14,1.521125665e-14,6.874840671e-14,6.054375418e-14,7.106435162e-14,1.199248668e-13,1.280444993e-13,1.751882447e-14,1.346674108e-13,1.941124776e-14,1.329465819e-13,3.133951026e-14
36.40625,2.126666134e-13,8.097614555e-14,9.698823499e-14,7.417957087e-14,2.63579808e-13,6.604636188e-14,1.642242803e-14,6.109494154e-14,1.604877857e-14,1.882893898e-13,1.098040549e-13,1.099061175e-13,1.236480356e-13,1.339445282e-13,1.460248936e-13,2.640140455e-13,3.79694917e-13,5.764581259e-13,6.265666616e-14,1.981454629e-13,3.32438433e-14,1.518196598e-14,6.871428383e-14,6.19738364e-14,7.12938312e-14,1.205085066e-13,1.27714594e-13,1.679114292e-14,1.331171435e-13,1.900917523e-14,1.311474572e-13,3.209583087e-14
36.4140625,2.097970232e-13,7.77350412e-14,9.581665371e-14,7.397733871e-14,2.626029744e-13,6.655824134e-14,1.684319894e-14,6.246420736e-14,1.5633955e-14,1.890487762e-13,1.081357125e-13,1.082044163e-13,1.220803168e-13,1.328405818e-13,1.463594772e-13,2.65276015e-13,3.83760187e-13,5.762842568e-13,6.312336638e-14,1.978478219e-13,3.337703709e-14,1.514695915e-14,6.870584986e-14,6.342281397e-14,7.150716246e-14,1.210621886e-13,1.273720044e-13,1.612629055e-14,1.314335907e-13,1.863266876e-14,1.294133498e-13,3.285243614e-14
36.421875,2.07162975e-13,7.476700705e-14,9.464520385e-14,7.381393276e-14,2.617372214e-13,6.718953213e-14,1.728189569e-14,6.379116697e-14,1.523814032e-14,1.897917197e-13,1.064786682e-13,1.06537086e-13,1.205514258e-13,1.318148502e-13,1.467160229e-13,2.666025714e-13,3.879347811e-13,5.761849448e-13,6.364193127e-14,1.975910742e-13,3.352087382e-14,1.512842442e-14,6.872322114e-14,6.49097271e-14,7.173637717e-14,1.215900462e-13,1.270780104e-13,1.555035618e-14,1.298394681e-13,1.824806841e-14,1.276992692e-13,3.358146572e-14
36.4296875,2.047368765e-13,7.202646796e-14,9.352848005e-14,7.360806982e-14,2.609177855e-13,6.791786493e-14,1.776273615e-14,6.51497717e-14,1.48959472e-14,1.905064309e-13,1.04856345e-13,1.049495354e-13,1.189699556e-13,1.30945e-13,1.472046287e-13,2.681728869e-13,3.924955642e-13,5.763813551e-13,6.413975012e-14,1.972638235e-13,3.370940934e-14,1.515152158e-14,6.876465469e-14,6.642040826e-14,7.200712113e-14,1.221625314e-13,1.268622204e-13,1.504089843e-14,1.284336462e-13,1.785244486e-14,1.261015036e-13,3.43040516e-14
36.4375,2.024209004e-13,6.935859233e-14,9.239634458e-14,7.346772213e-14,2.60211895e-13,6.865100931e-14,1.826559416e-14,6.657610576e-14,1.45901945e-14,1.912063457e-13,1.032147453e-13,1.034358528e-13,1.173350823e-13,1.301592436e-13,1.477920633e-13,2.698516695e-13,3.972313289e-13,5.767930328e-13,6.461513032e-14,1.969114895e-13,3.393993509e-14,1.519396188e-14,6.882342124e-14,6.792819382e-14,7.228539625e-14,1.22778372e-13,1.266133535e-13,1.457719165e-14,1.270272651e-13,1.746609146e-14,1.246183145e-13,3.503300946e-14
36.4453125,2.002454114e-13,6.675783661e-14,9.117261482e-14,7.343516661e-14,2.596453848e-13,6.937631055e-14,1.876840698e-14,6.798815728e-14,1.427767314e-14,1.919046441e-13,1.015363459e-13,1.019079873e-13,1.156652451e-13,1.293785488e-13,1.484119329e-13,2.715116132e-13,4.018953135e-13,5.771866581e-13,6.510705001e-14,1.965815312e-13,3.416808454e-14,1.523401154e-14,6.887829417e-14,6.937133303e-14,7.25517748e-14,1.23355016e-13,1.262146381e-13,1.415964223e-14,1.255419258e-13,1.708357434e-14,1.230382183e-13,3.576083956e-14
36.453125,1.980889177e-13,6.422274102e-14,8.996459427e-14,7.339280501e-14,2.590393814e-13,7.019718496e-14,1.930054928e-14,6.934249483e-14,1.397617761e-14,1.926513703e-13,9.985667398e-14,1.003744315e-13,1.139693548e-13,1.286014243e-13,1.489444633e-13,2.731208616e-13,4.065454277e-13,5.774448307e-13,6.55472966e-14,1.962808387e-13,3.440519988e-14,1.527638033e-14,6.890986327e-14,7.073863625e-14,7.281481566e-14,1.238603264e-13,1.257600282e-13,1.378739911e-14,1.241204324e-13,1.669278716e-14,1.213802984e-13,3.650054173e-14
36.4609375,1.958864793e-13,6.180171631e-14,8.885746347e-14,7.331518854e-14,2.583850597e-13,7.111632969e-14,1.986570352e-14,7.069059781e-14,1.370111593e-14,1.934256995e-13,9.821204697e-14,9.888096585e-14,1.122622859e-13,1.278545785e-13,1.493777027e-13,2.746710816e-13,4.112178426e-13,5.776458228e-13,6.593473717e-14,1.961252326e-13,3.466394622e-14,1.533508303e-14,6.89480894e-14,7.211708145e-14,7.307261405e-14,1.243353635e-13,1.25328495e-13,1.346401738e-14,1.228040372e-13,1.630364729e-14,1.19823596e-13,3.726123856e-14
36.46875,1.939552154e-13,5.956578019e-14,8.778305599e-14,7.33163331e-14,2.579642585e-13,7.209284624e-14,2.044347428e-14,7.206690248e-14,1.344322926e-14,1.94111753e-13,9.664737421e-14,9.740665238e-14,1.105059793e-13,1.272658762e-13,1.499406211e-13,2.763354038e-13,4.160997999e-13,5.780331514e-13,6.636316136e-14,1.961227887e-13,3.492615689e-14,1.542712957e-14,6.903436447e-14,7.352890809e-14,7.333862188e-14,1.248016635e-13,1.248368846e-13,1.319457373e-14,1.21494285e-13,1.593119374e-14,1.183260387e-13,3.803683754e-14
36.4765625,1.922793333e-13,5.740812934e-14,8.673307393e-14,7.345728701e-14,2.577773211e-13,7.314562736e-14,2.10509646e-14,7.346190526e-14,1.320521131e-14,1.947184639e-13,9.51769132e-14,9.598304772e-14,1.087334343e-13,1.268699589e-13,1.507028051e-13,2.782078023e-13,4.213518649e-13,5.786605874e-13,6.679893223e-14,1.960955011e-13,3.520844884e-14,1.553740581e-14,6.91391575e-14,7.492706784e-14,7.362758569e-14,1.252462201e-13,1.242990538e-13,1.296459038e-14,1.202054912e-13,1.557898678e-14,1.168002443e-13,3.883252633e-14
36.484375,1.905280712e-13,5.526795304e-14,8.57319574e-14,7.366929159e-14,2.576076266e-13,7.423413633e-14,2.1684433e-14,7.48512538e-14,1.297982738e-14,1.953496637e-13,9.373570092e-14,9.466662973e-14,1.070354349e-13,1.265041453e-13,1.514434657e-13,2.800819831e-13,4.266631118e-13,5.793208967e-13,6.720973556e-14,1.960526741e-13,3.549181229e-14,1.564332912e-14,6.922717475e-14,7.631340535e-14,7.391905392e-14,1.256909501e-13,1.237942931e-13,1.277772346e-14,1.190438655e-13,1.523500505e-14,1.152440033e-13,3.96406388e-14
36.4921875,1.888405818e-13,5.329181807e-14,8.471615835e-14,7.384987276e-14,2.574539346e-13,7.534071904e-14,2.231110022e-14,7.620622118e-14,1.278365745e-14,1.959663664e-13,9.229634028e-14,9.338753773e-14,1.053227907e-13,1.261289013e-13,1.521065058e-13,2.818643225e-13,4.318209872e-13,5.799476486e-13,6.766947592e-14,1.961398559e-13,3.573255655e-14,1.577816736e-14,6.934080474e-14,7.764590199e-14,7.420558854e-14,1.261646767e-13,1.232468457e-13,1.266967685e-14,1.179893368e-13,1.488243952e-14,1.136328865e-13,4.044588399e-14
36.5,1.873437935e-13,5.153397995e-14,8.367526533e-14,7.399993292e-14,2.573013211e-13,7.653270546e-14,2.294320474e-14,7.753381527e-14,1.265004391e-14,1.964708221e-13,9.092918688e-14,9.204846357e-14,1.034697563e-13,1.258044562e-13,1.528435564e-13,2.836603705e-13,4.370406399e-13,5.805884698e-13,6.815632324e-14,1.963133185e-13,3.600824346e-14,1.595748901e-14,6.949907378e-14,7.887449414e-14,7.450671762e-14,1.266006573e-13,1.225697078e-13,1.263702622e-14,1.169329748e-13,1.452847843e-14,1.120282613e-13,4.125491227e-14
36.5078125,1.859088609e-13,4.990298267e-14,8.263719179e-14,7.42061439e-14,2.571320815e-13,7.780512536e-14,2.360622199e-14,7.887581714e-14,1.254379998e-14,1.969075342e-13,8.964032383e-14,9.067378287e-14,1.015493687e-13,1.255124838e-13,1.536900102e-13,2.855033171e-13,4.42459788e-13,5.812126445e-13,6.860096321e-14,1.964631649e-13,3.638232417e-14,1.613607531e-14,6.964357562e-14,8.011286784e-14,7.481551142e-14,1.269209539e-13,1.217906503e-13,1.263700394e-14,1.158684449e-13,1.419630162e-14,1.105128246e-13,4.20617126e-14
36.515625,1.847095828e-13,4.832295094e-14,8.157107587e-14,7.448206573e-14,2.57093012e-13,7.912181733e-14,2.429386012e-14,8.024939894e-14,1.243160745e-14,1.973800458e-13,8.834195712e-14,8.933581477e-14,9.966246866e-14,1.253109348e-13,1.545898578e-13,2.874256445e-13,4.480550553e-13,5.818470817e-13,6.900879947e-14,1.965770927e-13,3.676484137e-14,1.631331549e-14,6.976425581e-14,8.144353755e-14,7.511459418e-14,1.272022414e-13,1.209586259e-13,1.265271306e-14,1.148486652e-13,1.388815398e-14,1.090431081e-13,4.286578664e-14
36.5234375,1.836909857e-13,4.675202557e-14,8.052506005e-14,7.479599838e-14,2.571459887e-13,8.046503132e-14,2.498984239e-14,8.162818719e-14,1.233912289e-14,1.97879152e-13,8.703108298e-14,8.806418635e-14,9.782994348e-14,1.252269189e-13,1.555110794e-13,2.894305885e-13,4.537333808e-13,5.825032739e-13,6.93876147e-14,1.967166109e-13,3.712399466e-14,1.651986942e-14,6.990800051e-14,8.274925507e-14,7.541003751e-14,1.275543938e-13,1.201374863e-13,1.269317353e-14,1.138837612e-13,1.359233029e-14,1.07592126e-13,4.370144066e-14
36.53125,1.825098591e-13,4.529934863e-14,7.960851108e-14,7.519272093e-14,2.572468636e-13,8.178879761e-14,2.567816113e-14,8.295812102e-14,1.225593983e-14,1.983135007e-13,8.578329323e-14,8.689028662e-14,9.607170974e-14,1.251752857e-13,1.564199763e-13,2.914145375e-13,4.593621653e-13,5.831393576e-13,6.978685413e-14,1.96961091e-13,3.753488925e-14,1.673280133e-14,7.006627385e-14,8.394566743e-14,7.570465682e-14,1.279313793e-13,1.193701191e-13,1.278727058e-14,1.130507088e-13,1.330617798e-14,1.061168426e-13,4.455310876e-14
36.5390625,1.81434969e-13,4.414355423e-14,7.878726231e-14,7.564513203e-14,2.575836207e-13,8.3116832e-14,2.636830665e-14,8.420351973e-14,1.217553766e-14,1.986752053e-13,8.460033865e-14,8.583989192e-14,9.434692922e-14,1.25222668e-13,1.573033954e-13,2.933841385e-13,4.649915437e-13,5.838510535e-13,7.023703647e-14,1.972672979e-13,3.79894176e-14,1.693976676e-14,7.022533551e-14,8.506834639e-14,7.599639999e-14,1.282497348e-13,1.185839296e-13,1.297443868e-14,1.12404042e-13,1.302881588e-14,1.045361403e-13,4.537806108e-14
36.546875,1.807058701e-13,4.318083477e-14,7.793391091e-14,7.600042446e-14,2.580071831e-13,8.44689838e-14,2.70850446e-14,8.541618785e-14,1.214497884e-14,1.990503001e-13,8.344805029e-14,8.483325038e-14,9.25537006e-14,1.253832161e-13,1.581881327e-13,2.95396932e-13,4.706655985e-13,5.846494067e-13,7.063683128e-14,1.976368641e-13,3.84430175e-14,1.716863485e-14,7.0432148e-14,8.616620501e-14,7.629600305e-14,1.285199187e-13,1.176886257e-13,1.324681873e-14,1.11741871e-13,1.275756368e-14,1.029786263e-13,4.622229268e-14
36.5546875,1.799900511e-13,4.216967483e-14,7.703549318e-14,7.628946295e-14,2.582977777e-13,8.581224381e-14,2.781240318e-14,8.668554284e-14,1.215134976e-14,1.994692034e-13,8.235987106e-14,8.376864122e-14,9.067941612e-14,1.254918779e-13,1.591517062e-13,2.974189234e-13,4.763321132e-13,5.853646896e-13,7.09898957e-14,1.982946293e-13,3.890416833e-14,1.742518625e-14,7.068439048e-14,8.730603305e-14,7.660809529e-14,1.287681776e-13,1.1671058e-13,1.357482372e-14,1.109298943e-13,1.249095062e-14,1.015565855e-13,4.712988057e-14
36.5625,1.793336256e-13,4.114064106e-14,7.621544258e-14,7.669799324e-14,2.587796542e-13,8.727077605e-14,2.854502414e-14,8.800012593e-14,1.215841081e-14,1.999073104e-13,8.13673357e-14,8.270443775e-14,8.880987155e-14,1.256704639e-13,1.602762706e-13,2.994709572e-13,4.821588696e-13,5.860375603e-13,7.14226079e-14,1.992203222e-13,3.936626068e-14,1.770953815e-14,7.09161365e-14,8.846576339e-14,7.693093394e-14,1.290111027e-13,1.157323565e-13,1.396754506e-14,1.102119942e-13,1.222357754e-14,1.000610796e-13,4.805777115e-14
36.5703125,1.789600967e-13,4.027370644e-14,7.551827333e-14,7.718156447e-14,2.595365754e-13,8.888789657e-14,2.931598313e-14,8.926588688e-14,1.220057811e-14,2.003512678e-13,8.042436178e-14,8.173730728e-14,8.699307762e-14,1.261190598e-13,1.614922227e-13,3.015351754e-13,4.881698892e-13,5.868042412e-13,7.188119183e-14,2.00036844e-13,3.982464496e-14,1.802190859e-14,7.113831402e-14,8.949198687e-14,7.726778851e-14,1.292691029e-13,1.147689873e-13,1.442075379e-14,1.097335726e-13,1.1955133e-14,9.837168114e-14,4.899333737e-14
36.578125,1.786400996e-13,3.958146933e-14,7.479885729e-14,7.762343542e-14,2.602073325e-13,9.041120608e-14,3.009293234e-14,9.045252785e-14,1.228397117e-14,2.007356765e-13,7.948028876e-14,8.081549505e-14,8.519302178e-14,1.26644026e-13,1.626382478e-13,3.034907206e-13,4.939887025e-13,5.875653396e-13,7.227353226e-14,2.00644992e-13,4.029867952e-14,1.833920397e-14,7.14044739e-14,9.036239674e-14,7.760799952e-14,1.295118594e-13,1.137632349e-13,1.490484953e-14,1.09313603e-13,1.169840243e-14,9.666233187e-14,4.995888274e-14
36.5859375,1.783663275e-13,3.893762869e-14,7.398876642e-14,7.815331623e-14,2.608955728e-13,9.180257841e-14,3.081885035e-14,9.161949888e-14,1.237407849e-14,2.010289389e-13,7.854125442e-14,7.988035372e-14,8.33796044e-14,1.271002796e-13,1.636792981e-13,3.053540716e-13,4.995032194e-13,5.882386095e-13,7.266073932e-14,2.012238073e-13,4.078821302e-14,1.86638336e-14,7.167764501e-14,9.12001276e-14,7.793645098e-14,1.297042874e-13,1.126873505e-13,1.542434152e-14,1.089056934e-13,1.146423648e-14,9.50375057e-14,5.09178383e-14
36.59375,1.783656662e-13,3.833254245e-14,7.320694937e-14,7.881560469e-14,2.618171244e-13,9.325943103e-14,3.152945694e-14,9.281509058e-14,1.248629453e-14,2.013508272e-13,7.762981332e-14,7.898252467e-14,8.156985247e-14,1.276173049e-13,1.646793574e-13,3.072049085e-13,5.049515137e-13,5.88942136e-13,7.305550687e-14,2.018135901e-13,4.12992096e-14,1.901870146e-14,7.19062804e-14,9.202348121e-14,7.826485577e-14,1.298694066e-13,1.115809418e-13,1.598850548e-14,1.086211606e-13,1.124906216e-14,9.347272672e-14,5.185007481e-14
36.6015625,1.785645102e-13,3.794965493e-14,7.247210429e-14,7.940409017e-14,2.627671957e-13,9.474331687e-14,3.226376642e-14,9.401543065e-14,1.263895848e-14,2.017231946e-13,7.67618081e-14,7.816493479e-14,7.977596121e-14,1.282631223e-13,1.657267747e-13,3.09072946e-13,5.104452978e-13,5.89817101e-13,7.34385733e-14,2.0241571e-13,4.182874917e-14,1.939190253e-14,7.213344073e-14,9.279613509e-14,7.861356046e-14,1.300203643e-13,1.104751739e-13,1.660440312e-14,1.08427552e-13,1.104192388e-14,9.194495681e-14,5.280042969e-14
36.609375,1.7890146e-13,3.781466522e-14,7.1729316e-14,7.991416587e-14,2.637272263e-13,9.625399874e-14,3.300273774e-14,9.516093479e-14,1.282079353e-14,2.019761407e-13,7.594774575e-14,7.741918776e-14,7.801450339e-14,1.290753109e-13,1.668924559e-13,3.110018018e-13,5.159865101e-13,5.908266605e-13,7.385896934e-14,2.030112769e-13,4.234457957e-14,1.977195632e-14,7.240249088e-14,9.353581714e-14,7.897877739e-14,1.301459053e-13,1.093599676e-13,1.730744473e-14,1.082831923e-13,1.083996659e-14,9.040436518e-14,5.377731314e-14
36.6171875,1.792852215e-13,3.767967116e-14,7.106318723e-14,8.052468868e-14,2.647664611e-13,9.792170789e-14,3.374849687e-14,9.623350048e-14,1.301836037e-14,2.021223452e-13,7.516256353e-14,7.671237872e-14,7.631215485e-14,1.29987864e-13,1.680672566e-13,3.128696663e-13,5.214369073e-13,5.916498856e-13,7.426744016e-14,2.035373651e-13,4.286235813e-14,2.016298801e-14,7.267744708e-14,9.423081472e-14,7.933598078e-14,1.302561166e-13,1.082325437e-13,1.808723402e-14,1.082404176e-13,1.064592912e-14,8.885609099e-14,5.47494886e-14
36.625,1.794867714e-13,3.751947663e-14,7.04924629e-14,8.116583808e-14,2.656771793e-13,9.954386759e-14,3.449174524e-14,9.727234235e-14,1.320648108e-14,2.023759719e-13,7.43738375e-14,7.60074639e-14,7.465394026e-14,1.307753471e-13,1.691023414e-13,3.145388782e-13,5.265760235e-13,5.921030994e-13,7.459480471e-14,2.041332396e-13,4.341060298e-14,2.055597477e-14,7.292659178e-14,9.487705215e-14,7.96730676e-14,1.303506885e-13,1.071158099e-13,1.889443873e-14,1.083179608e-13,1.045211256e-14,8.738999715e-14,5.572728726e-14
36.6328125,1.797222859e-13,3.756794794e-14,6.991145467e-14,8.171909574e-14,2.665500157e-13,1.009700863e-13,3.519476273e-14,9.831428501e-14,1.340041909e-14,2.027432378e-13,7.361696477e-14,7.533435616e-14,7.301850088e-14,1.315401169e-13,1.701298784e-13,3.162145626e-13,5.315653952e-13,5.925306374e-13,7.492410275e-14,2.048789411e-13,4.396583875e-14,2.096438125e-14,7.316675095e-14,9.55166703e-14,8.000991441e-14,1.30430748e-13,1.060236371e-13,1.974446121e-14,1.085112624e-13,1.026038841e-14,8.601849805e-14,5.673781528e-14
36.640625,1.803518056e-13,3.782843448e-14,6.937761614e-14,8.23325823e-14,2.676443482e-13,1.025093964e-13,3.588931986e-14,9.936942912e-14,1.365831053e-14,2.030506015e-13,7.296103397e-14,7.474757472e-14,7.141739897e-14,1.325761875e-13,1.713606568e-13,3.18101199e-13,5.367580117e-13,5.932195826e-13,7.530097455e-14,2.05524258e-13,4.453441856e-14,2.141436084e-14,7.340199693e-14,9.613377409e-14,8.035947359e-14,1.305423122e-13,1.049435202e-13,2.066352136e-14,1.08811916e-13,1.009726831e-14,8.466524511e-14,5.777326727e-14
36.6484375,1.811694914e-13,3.820336026e-14,6.901349272e-14,8.308744304e-14,2.68790005e-13,1.042470173e-13,3.662111326e-14,1.004409427e-13,1.396738116e-14,2.032648009e-13,7.240883742e-14,7.423211945e-14,6.986542972e-14,1.33777111e-13,1.72783987e-13,3.201851028e-13,5.421005146e-13,5.940158273e-13,7.566076798e-14,2.060098526e-13,4.514377587e-14,2.188827441e-14,7.362201923e-14,9.669513025e-14,8.071538088e-14,1.307206841e-13,1.038896019e-13,2.163945538e-14,1.092347707e-13,9.964527335e-15,8.331163266e-14,5.882777858e-14
36.65625,1.819292713e-13,3.873724444e-14,6.875820909e-14,8.380250629e-14,2.699089185e-13,1.05882246e-13,3.736432179e-14,1.014978876e-13,1.427583992e-14,2.03461931e-13,7.190119302e-14,7.376711903e-14,6.838911855e-14,1.34992633e-13,1.743150179e-13,3.22462837e-13,5.473239793e-13,5.948432673e-13,7.600400054e-14,2.065622841e-13,4.577870274e-14,2.236954722e-14,7.385240873e-14,9.720931657e-14,8.110853172e-14,1.309457709e-13,1.029164052e-13,2.269336277e-14,1.098330666e-13,9.830309067e-15,8.200716975e-14,5.992383254e-14
36.6640625,1.828243112e-13,3.936712491e-14,6.851893242e-14,8.441093937e-14,2.712523046e-13,1.074201749e-13,3.811205547e-14,1.024710481e-13,1.459929185e-14,2.036536984e-13,7.14111884e-14,7.336498554e-14,6.69947575e-14,1.363916705e-13,1.759002692e-13,3.247151268e-13,5.523659037e-13,5.95755302e-13,7.637752868e-14,2.071327354e-13,4.643431984e-14,2.287822423e-14,7.411349885e-14,9.762997278e-14,8.155762633e-14,1.311562896e-13,1.020004399e-13,2.383698938e-14,1.105154091e-13,9.691765213e-15,8.074653533e-14,6.105563747e-14
36.671875,1.839409681e-13,4.004325798e-14,6.831032028e-14,8.507175896e-14,2.727344611e-13,1.090555801e-13,3.887520594e-14,1.033503189e-13,1.496793826e-14,2.037882855e-13,7.096630558e-14,7.302882662e-14,6.563946676e-14,1.379979078e-13,1.774717917e-13,3.266441023e-13,5.572224929e-13,5.965921668e-13,7.676268335e-14,2.075434192e-13,4.710197426e-14,2.341104756e-14,7.436614886e-14,9.792270189e-14,8.198136987e-14,1.31292288e-13,1.010350037e-13,2.50162612e-14,1.111435845e-13,9.569428716e-15,7.948844743e-14,6.217666475e-14
36.6796875,1.849940811e-13,4.092549969e-14,6.816858162e-14,8.581610906e-14,2.74040316e-13,1.106599012e-13,3.960303704e-14,1.042119723e-13,1.536764681e-14,2.03824111e-13,7.056523924e-14,7.276542672e-14,6.43262167e-14,1.395930572e-13,1.790239023e-13,3.284933875e-13,5.618075511e-13,5.972272236e-13,7.709329166e-14,2.079011521e-13,4.776308505e-14,2.393659629e-14,7.458418405e-14,9.81758834e-14,8.232903165e-14,1.313901631e-13,1.000326023e-13,2.619668714e-14,1.118494586e-13,9.461732114e-15,7.829186755e-14,6.327632745e-14
36.6875,1.858616094e-13,4.199213116e-14,6.809771538e-14,8.651118458e-14,2.752055647e-13,1.12091517e-13,4.027411014e-14,1.050819682e-13,1.577457003e-14,2.0379435e-13,7.01683573e-14,7.254567647e-14,6.308139763e-14,1.411136287e-13,1.805917237e-13,3.305595584e-13,5.661526916e-13,5.977262002e-13,7.734681575e-14,2.083410041e-13,4.846812987e-14,2.445523644e-14,7.480034387e-14,9.841621275e-14,8.267440113e-14,1.315308983e-13,9.911011029e-14,2.740173092e-14,1.127401647e-13,9.364903675e-15,7.720066118e-14,6.43823268e-14
36.6953125,1.868174924e-13,4.303859554e-14,6.805175349e-14,8.716893069e-14,2.76459848e-13,1.135309192e-13,4.093558377e-14,1.058910226e-13,1.618461418e-14,2.037639835e-13,6.979188169e-14,7.228453291e-14,6.185395164e-14,1.426570715e-13,1.821468106e-13,3.325413395e-13,5.702957793e-13,5.98084347e-13,7.760452188e-14,2.088188371e-13,4.923875907e-14,2.499840325e-14,7.50109771e-14,9.853553727e-14,8.303529225e-14,1.316533275e-13,9.823043371e-14,2.86733188e-14,1.135884023e-13,9.280688601e-15,7.610181103e-14,6.54921428e-14
36.703125,1.879386923e-13,4.408784263e-14,6.799038822e-14,8.78897034e-14,2.778601757e-13,1.151052789e-13,4.159724788e-14,1.066227806e-13,1.661867709e-14,2.036923482e-13,6.948363368e-14,7.197215e-14,6.063002101e-14,1.442545087e-13,1.836366704e-13,3.341642758e-13,5.740189437e-13,5.982263042e-13,7.793393814e-14,2.092651206e-13,5.000221686e-14,2.557460721e-14,7.517085849e-14,9.852532521e-14,8.334170077e-14,1.316508894e-13,9.726017886e-14,3.003445596e-14,1.142828563e-13,9.195649525e-15,7.495916955e-14,6.65925973e-14
36.7109375,1.889354336e-13,4.524518299e-14,6.797854271e-14,8.860910194e-14,2.793115736e-13,1.166472549e-13,4.224355143e-14,1.073395109e-13,1.708543637e-14,2.034750221e-13,6.923332315e-14,7.169368257e-14,5.94839031e-14,1.458555571e-13,1.850462973e-13,3.356023889e-13,5.772737851e-13,5.98183868e-13,7.827242326e-14,2.096158086e-13,5.07471302e-14,2.615581471e-14,7.530650159e-14,9.847789659e-14,8.362237435e-14,1.315959951e-13,9.623199904e-14,3.14486023e-14,1.150305306e-13,9.10913899e-15,7.390393055e-14,6.769422507e-14
36.71875,1.898732178e-13,4.649829052e-14,6.808333757e-14,8.924568502e-14,2.807695937e-13,1.180302877e-13,4.287768339e-14,1.080368508e-13,1.755931674e-14,2.031164913e-13,6.902594114e-14,7.149084593e-14,5.841129965e-14,1.474629966e-13,1.86422085e-13,3.37025213e-13,5.804055299e-13,5.980991072e-13,7.856516916e-14,2.098789157e-13,5.150717402e-14,2.672951559e-14,7.546576747e-14,9.839836091e-14,8.393536957e-14,1.316161366e-13,9.524193282e-14,3.286603632e-14,1.159142204e-13,9.042851088e-15,7.296008741e-14,6.879928987e-14
36.7265625,1.911104749e-13,4.78229325e-14,6.823975373e-14,8.98375025e-14,2.822773458e-13,1.193482457e-13,4.348207069e-14,1.086724339e-13,1.803870011e-14,2.027173273e-13,6.886572928e-14,7.132021099e-14,5.733382136e-14,1.491215352e-13,1.878098587e-13,3.384193381e-13,5.834471601e-13,5.98037389e-13,7.884195607e-14,2.10184713e-13,5.226030443e-14,2.732053025e-14,7.561484865e-14,9.828685901e-14,8.422481066e-14,1.31703793e-13,9.425742187e-14,3.429194049e-14,1.168074555e-13,8.997635024e-15,7.20497206e-14,6.991223919e-14
36.734375,1.924654665e-13,4.917283025e-14,6.835958627e-14,9.034833503e-14,2.837169149e-13,1.206447879e-13,4.405513721e-14,1.092884011e-13,1.854869322e-14,2.023470228e-13,6.870279539e-14,7.110956993e-14,5.624429664e-14,1.507471064e-13,1.891255483e-13,3.397050098e-13,5.860506167e-13,5.977815642e-13,7.908453929e-14,2.105095864e-13,5.302353865e-14,2.793612408e-14,7.573113306e-14,9.819138558e-14,8.446398854e-14,1.317798973e-13,9.323235024e-14,3.575326174e-14,1.176774381e-13,8.949755508e-15,7.121572954e-14,7.104678134e-14
36.7421875,1.934940639e-13,5.058065116e-14,6.845880553e-14,9.074288643e-14,2.848593815e-13,1.218184628e-13,4.462679089e-14,1.09926069e-13,1.908693921e-14,2.019947789e-13,6.850971516e-14,7.084219708e-14,5.519227648e-14,1.522267892e-13,1.902974501e-13,3.408167167e-13,5.881563949e-13,5.970996613e-13,7.924768716e-14,2.106920644e-13,5.383616754e-14,2.85520464e-14,7.584827272e-14,9.806002706e-14,8.470643737e-14,1.317701545e-13,9.216421923e-14,3.727563485e-14,1.186248545e-13,8.886982193e-15,7.056494303e-14,7.217568167e-14
36.75,1.943076371e-13,5.215833975e-14,6.861475066e-14,9.118109223e-14,2.858378812e-13,1.228768552e-13,4.517597888e-14,1.105513695e-13,1.964291682e-14,2.015635553e-13,6.835358539e-14,7.059702624e-14,5.421429272e-14,1.536611016e-13,1.914537339e-13,3.418183275e-13,5.898821453e-13,5.961788694e-13,7.938059225e-14,2.108492336e-13,5.465644568e-14,2.916511927e-14,7.594697815e-14,9.783511059e-14,8.493154151e-14,1.316669364e-13,9.103788256e-14,3.886035376e-14,1.197098234e-13,8.824858068e-15,7.009548911e-14,7.32761161e-14
36.7578125,1.953300884e-13,5.382749707e-14,6.887264387e-14,9.175251547e-14,2.870140616e-13,1.239653166e-13,4.567358981e-14,1.111501244e-13,2.021354595e-14,2.009794717e-13,6.825490823e-14,7.044364672e-14,5.333241596e-14,1.552146906e-13,1.92684287e-13,3.427943059e-13,5.912722516e-13,5.953029312e-13,7.954413933e-14,2.111786669e-13,5.544889451e-14,2.97957956e-14,7.598631253e-14,9.759949206e-14,8.50947979e-14,1.315945237e-13,8.991868482e-14,4.045922716e-14,1.208516841e-13,8.789673315e-15,6.969155139e-14,7.439349461e-14
36.765625,1.965994688e-13,5.550820195e-14,6.919282685e-14,9.232321023e-14,2.883322332e-13,1.250914512e-13,4.6161487e-14,1.117327533e-13,2.078950964e-14,2.003619091e-13,6.814557095e-14,7.03493242e-14,5.254140243e-14,1.568521889e-13,1.938823917e-13,3.437170212e-13,5.92410791e-13,5.943466187e-13,7.969088939e-14,2.114892987e-13,5.623874385e-14,3.044513399e-14,7.599263818e-14,9.73869513e-14,8.524150565e-14,1.316332373e-13,8.888747578e-14,4.206141365e-14,1.219493993e-13,8.782059511e-15,6.930703239e-14,7.554735147e-14
36.7734375,1.977544003e-13,5.72741752e-14,6.95071796e-14,9.2824514e-14,2.89454876e-13,1.261079263e-13,4.667003768e-14,1.122876756e-13,2.137731235e-14,1.998648009e-13,6.800836544e-14,7.023422989e-14,5.179257733e-14,1.584094258e-13,1.949923895e-13,3.445683468e-13,5.932150904e-13,5.930791558e-13,7.974231805e-14,2.115669888e-13,5.705358479e-14,3.10883131e-14,7.598538135e-14,9.711488717e-14,8.540490701e-14,1.316661332e-13,8.787021396e-14,4.36820444e-14,1.230557766e-13,8.778929591e-15,6.907381088e-14,7.668369463e-14
36.78125,1.98622262e-13,5.901315976e-14,6.984463554e-14,9.329406585e-14,2.90387754e-13,1.269803136e-13,4.717140715e-14,1.128231392e-13,2.198220851e-14,1.993789004e-13,6.788790705e-14,7.006557135e-14,5.105151613e-14,1.598285846e-13,1.960617577e-13,3.453349311e-13,5.935596172e-13,5.915567289e-13,7.971266408e-14,2.115519344e-13,5.790429699e-14,3.17099895e-14,7.594827002e-14,9.677161896e-14,8.55541955e-14,1.316134727e-13,8.681711175e-14,4.526546113e-14,1.242536249e-13,8.780623443e-15,6.906694455e-14,7.778862622e-14
36.7890625,1.994473137e-13,6.065575049e-14,7.029372893e-14,9.369013085e-14,2.91370795e-13,1.277954746e-13,4.76452805e-14,1.133429055e-13,2.25912918e-14,1.987355404e-13,6.779677382e-14,6.989850304e-14,5.03554823e-14,1.61227375e-13,1.970930698e-13,3.45980236e-13,5.935768398e-13,5.898900771e-13,7.966303451e-14,2.115335593e-13,5.877193033e-14,3.232956418e-14,7.589828088e-14,9.638713188e-14,8.568165889e-14,1.31589271e-13,8.581315183e-14,4.680810866e-14,1.254998052e-13,8.809953232e-15,6.917669336e-14,7.890963234e-14
36.796875,2.003750396e-13,6.243197322e-14,7.084453912e-14,9.397280368e-14,2.92398357e-13,1.285595264e-13,4.809600721e-14,1.138307621e-13,2.32217705e-14,1.980448341e-13,6.770724856e-14,6.979518321e-14,4.974271099e-14,1.626826164e-13,1.981063801e-13,3.465838521e-13,5.932999023e-13,5.880534547e-13,7.958961866e-14,2.114153481e-13,5.964706316e-14,3.296310771e-14,7.584620763e-14,9.596133497e-14,8.580694456e-14,1.316521917e-13,8.485520394e-14,4.839470598e-14,1.267423853e-13,8.862488886e-15,6.936875716e-14,8.005721714e-14
36.8046875,2.012642015e-13,6.430270693e-14,7.141983252e-14,9.420837002e-14,2.933200002e-13,1.292486979e-13,4.853617952e-14,1.143202278e-13,2.389372487e-14,1.974429385e-13,6.759758011e-14,6.972279903e-14,4.91795233e-14,1.640878189e-13,1.991281619e-13,3.471832968e-13,5.926330787e-13,5.86023684e-13,7.945869598e-14,2.112442137e-13,6.054989635e-14,3.358421473e-14,7.575506104e-14,9.556116643e-14,8.592191901e-14,1.316936328e-13,8.389001791e-14,5.000835354e-14,1.279581237e-13,8.910500206e-15,6.973225292e-14,8.119852103e-14
36.8125,2.021312125e-13,6.602915702e-14,7.200393171e-14,9.445279177e-14,2.941919001e-13,1.299220863e-13,4.896690303e-14,1.148273951e-13,2.457719007e-14,1.968133566e-13,6.746842339e-14,6.962820768e-14,4.863856727e-14,1.653772877e-13,2.00050055e-13,3.475812234e-13,5.915863956e-13,5.837901698e-13,7.928742541e-14,2.111330255e-13,6.144475033e-14,3.418414102e-14,7.560658741e-14,9.523049399e-14,8.598805211e-14,1.316746958e-13,8.297094015e-14,5.159538767e-14,1.291038399e-13,8.954921232e-15,7.028292583e-14,8.232828228e-14
36.8203125,2.03110531e-13,6.775090784e-14,7.26036447e-14,9.464682929e-14,2.951613934e-13,1.305889478e-13,4.936264633e-14,1.152933386e-13,2.525474693e-14,1.960722613e-13,6.731852216e-14,6.950717133e-14,4.814532087e-14,1.666266212e-13,2.007695974e-13,3.476832292e-13,5.900361496e-13,5.813296343e-13,7.910412645e-14,2.110915498e-13,6.230232407e-14,3.48106592e-14,7.542982477e-14,9.48820204e-14,8.598972909e-14,1.31691003e-13,8.209940596e-14,5.319873523e-14,1.30220082e-13,9.023789138e-15,7.100569699e-14,8.347956026e-14
36.828125,2.040782064e-13,6.964202665e-14,7.321547249e-14,9.470134083e-14,2.961334725e-13,1.311644215e-13,4.972537249e-14,1.157035538e-13,2.594289201e-14,1.953179294e-13,6.715404455e-14,6.935270958e-14,4.771633767e-14,1.678576686e-13,2.013828132e-13,3.476980088e-13,5.87966287e-13,5.787017039e-13,7.889929916e-14,2.110820526e-13,6.318220242e-14,3.5476882e-14,7.526938282e-14,9.447650207e-14,8.597514158e-14,1.317707129e-13,8.120192914e-14,5.483832455e-14,1.314001395e-13,9.121135572e-15,7.191498862e-14,8.465940903e-14
36.8359375,2.048518469e-13,7.166745166e-14,7.38932417e-14,9.465631136e-14,2.969006078e-13,1.316224074e-13,5.009533695e-14,1.160809389e-13,2.663818338e-14,1.945764408e-13,6.700954933e-14,6.919411447e-14,4.73601691e-14,1.690493456e-13,2.020279124e-13,3.477671228e-13,5.856518082e-13,5.759599449e-13,7.86476717e-14,2.109490088e-13,6.408859824e-14,3.613074348e-14,7.514702909e-14,9.406825959e-14,8.598433447e-14,1.318553058e-13,8.031174018e-14,5.650965023e-14,1.326631236e-13,9.225746862e-15,7.298478172e-14,8.582754607e-14
36.84375,2.055503113e-13,7.383556917e-14,7.468025003e-14,9.462462655e-14,2.975680901e-13,1.320237641e-13,5.047442258e-14,1.164202494e-13,2.734561535e-14,1.938042982e-13,6.688567125e-14,6.909967448e-14,4.709238738e-14,1.702773106e-13,2.027139151e-13,3.478272473e-13,5.831130426e-13,5.730767098e-13,7.834364049e-14,2.105597403e-13,6.497377574e-14,3.676071542e-14,7.502870103e-14,9.364993178e-14,8.599145622e-14,1.31943947e-13,7.949510179e-14,5.824585785e-14,1.339875617e-13,9.328238277e-15,7.41987255e-14,8.698025657e-14
36.8515625,2.063647827e-13,7.602043214e-14,7.553357897e-14,9.460252788e-14,2.98417596e-13,1.32417528e-13,5.083596515e-14,1.167572246e-13,2.808780209e-14,1.930334971e-13,6.675580119e-14,6.905226884e-14,4.689510862e-14,1.71607435e-13,2.033908637e-13,3.478182005e-13,5.80254795e-13,5.700806273e-13,7.801308506e-14,2.100725658e-13,6.587253058e-14,3.740472919e-14,7.486929718e-14,9.319944109e-14,8.597967992e-14,1.320522731e-13,7.872583426e-14,6.001280795e-14,1.352686307e-13,9.42827308e-15,7.557469168e-14,8.815573146e-14
36.859375,2.071291004e-13,7.808407401e-14,7.640672969e-14,9.451012806e-14,2.993639491e-13,1.327440985e-13,5.116743224e-14,1.170919093e-13,2.883952169e-14,1.922466689e-13,6.664329057e-14,6.899443375e-14,4.673588876e-14,1.729349612e-13,2.039979073e-13,3.476519932e-13,5.770945868e-13,5.669558609e-13,7.766380113e-14,2.096354273e-13,6.679631108e-14,3.804807972e-14,7.466950879e-14,9.274432485e-14,8.595077961e-14,1.321351897e-13,7.796943272e-14,6.173716513e-14,1.3636885e-13,9.530264152e-15,7.709739856e-14,8.932526064e-14
36.8671875,2.075991679e-13,8.017201823e-14,7.72642821e-14,9.432045146e-14,3.001035221e-13,1.32887497e-13,5.145418344e-14,1.173282948e-13,2.956144538e-14,1.913758721e-13,6.65359376e-14,6.892784421e-14,4.661118562e-14,1.740997906e-13,2.044813921e-13,3.472453325e-13,5.734119101e-13,5.635305787e-13,7.725616889e-14,2.091423971e-13,6.770201276e-14,3.864742908e-14,7.444251898e-14,9.228359719e-14,8.587686886e-14,1.321903044e-13,7.724805773e-14,6.339930768e-14,1.373879669e-13,9.652553337e-15,7.876204541e-14,9.044631915e-14
36.875,2.080078947e-13,8.227042836e-14,7.810982546e-14,9.403133735e-14,3.006793046e-13,1.329410448e-13,5.171639983e-14,1.174917251e-13,3.027930706e-14,1.904654355e-13,6.637367517e-14,6.884831821e-14,4.653219618e-14,1.751409767e-13,2.048759122e-13,3.466989351e-13,5.692236537e-13,5.597448279e-13,7.678313432e-14,2.085748703e-13,6.86257704e-14,3.922858887e-14,7.419786318e-14,9.183812969e-14,8.575540464e-14,1.322720995e-13,7.655860679e-14,6.501680353e-14,1.384624166e-13,9.798163673e-15,8.060563369e-14,9.157251844e-14
36.8828125,2.086362373e-13,8.425689547e-14,7.906545638e-14,9.365575443e-14,3.012803266e-13,1.331319103e-13,5.199745819e-14,1.177067719e-13,3.104368049e-14,1.895417446e-13,6.62130825e-14,6.874258919e-14,4.649641357e-14,1.761781641e-13,2.05212622e-13,3.460542761e-13,5.648604644e-13,5.556444952e-13,7.629621584e-14,2.080620536e-13,6.96125309e-14,3.984306422e-14,7.395022073e-14,9.146971422e-14,8.559820646e-14,1.323654003e-13,7.580615853e-14,6.668612618e-14,1.394363394e-13,9.951349788e-15,8.26421589e-14,9.273374417e-14
36.890625,2.092341905e-13,8.635309316e-14,8.015964672e-14,9.325954733e-14,3.018025298e-13,1.333778063e-13,5.226581966e-14,1.179405572e-13,3.184836257e-14,1.885028694e-13,6.612220205e-14,6.863170156e-14,4.64875297e-14,1.771092113e-13,2.054425828e-13,3.452135176e-13,5.601432203e-13,5.512141702e-13,7.58154143e-14,2.076096949e-13,7.063316878e-14,4.047288018e-14,7.368504798e-14,9.113377468e-14,8.538133692e-14,1.324291651e-13,7.496035232e-14,6.846589246e-14,1.402632086e-13,1.011402853e-14,8.486258529e-14,9.386936708e-14
36.8984375,2.095364332e-13,8.856976995e-14,8.122138246e-14,9.28944427e-14,3.021407126e-13,1.334328206e-13,5.248884672e-14,1.181016315e-13,3.262866845e-14,1.873504448e-13,6.601225698e-14,6.85179538e-14,4.651820044e-14,1.778533129e-13,2.056463814e-13,3.443639408e-13,5.550095553e-13,5.466322327e-13,7.530276322e-14,2.071422465e-13,7.165101394e-14,4.105907069e-14,7.338833742e-14,9.074439825e-14,8.514496145e-14,1.325044729e-13,7.417386996e-14,7.018891947e-14,1.411800562e-13,1.029088014e-14,8.727081524e-14,9.496897806e-14
36.90625,2.096170042e-13,9.053788272e-14,8.222064038e-14,9.247039557e-14,3.023991066e-13,1.333240114e-13,5.272270404e-14,1.182089989e-13,3.334759045e-14,1.862412715e-13,6.581418138e-14,6.838205382e-14,4.661004358e-14,1.785655396e-13,2.059381816e-13,3.436891218e-13,5.49845154e-13,5.420399361e-13,7.471579503e-14,2.065918209e-13,7.264973881e-14,4.159013661e-14,7.308871137e-14,9.034542016e-14,8.49602108e-14,1.326298977e-13,7.35082592e-14,7.172387096e-14,1.42163821e-13,1.047775595e-14,8.988303186e-14,9.607242397e-14
36.9140625,2.095208715e-13,9.230402921e-14,8.325376563e-14,9.178914568e-14,3.025439343e-13,1.331070413e-13,5.297425196e-14,1.183001134e-13,3.406577552e-14,1.852297099e-13,6.554639687e-14,6.819690171e-14,4.671016245e-14,1.792182506e-13,2.060924587e-13,3.428155079e-13,5.442340811e-13,5.370236463e-13,7.404255595e-14,2.05894844e-13,7.366242713e-14,4.2119051e-14,7.278833288e-14,8.999374986e-14,8.475719714e-14,1.3274602e-13,7.280123255e-14,7.321195276e-14,1.429690893e-13,1.067970292e-14,9.272593806e-14,9.717864941e-14
36.921875,2.093109345e-13,9.416453109e-14,8.423429614e-14,9.086544537e-14,3.024645839e-13,1.327077478e-13,5.317690032e-14,1.183952388e-13,3.485494133e-14,1.84217545e-13,6.519237642e-14,6.793610843e-14,4.678651558e-14,1.796351006e-13,2.058691437e-13,3.414616436e-13,5.376350826e-13,5.313215074e-13,7.330864501e-14,2.050803137e-13,7.472208361e-14,4.268648963e-14,7.244842837e-14,8.965174115e-14,8.444788123e-14,1.327687847e-13,7.199071947e-14,7.477191428e-14,1.436017467e-13,1.088355685e-14,9.582395501e-14,9.827630876e-14
36.9296875,2.091630545e-13,9.605770264e-14,8.513329568e-14,9.000899217e-14,3.023307753e-13,1.322875335e-13,5.33457769e-14,1.184952664e-13,3.56866729e-14,1.831292408e-13,6.479286019e-14,6.765930144e-14,4.693165967e-14,1.799840853e-13,2.055070014e-13,3.399564526e-13,5.306894575e-13,5.254465424e-13,7.255608657e-14,2.042088183e-13,7.575576118e-14,4.326140419e-14,7.206218121e-14,8.930986697e-14,8.409682591e-14,1.327092873e-13,7.119243449e-14,7.632476634e-14,1.44168164e-13,1.107491579e-14,9.919230095e-14,9.934135884e-14
36.9375,2.090925256e-13,9.789487104e-14,8.613273539e-14,8.933562587e-14,3.023316078e-13,1.32044697e-13,5.353277667e-14,1.185520001e-13,3.651201714e-14,1.819712302e-13,6.44413959e-14,6.743618314e-14,4.717191956e-14,1.804697239e-13,2.053197646e-13,3.385746802e-13,5.239058324e-13,5.197624743e-13,7.180813974e-14,2.033118475e-13,7.672580586e-14,4.381180155e-14,7.164865573e-14,8.900516729e-14,8.377443523e-14,1.326926364e-13,7.047060665e-14,7.780532721e-14,1.446906383e-13,1.128958981e-14,1.028409657e-13,1.003575667e-13
36.9453125,2.090185304e-13,9.978450624e-14,8.728063946e-14,8.862556305e-14,3.023458666e-13,1.318072283e-13,5.372684178e-14,1.185719417e-13,3.73486675e-14,1.807652495e-13,6.410476511e-14,6.721905501e-14,4.741040878e-14,1.809712152e-13,2.052774548e-13,3.373055167e-13,5.169563291e-13,5.140224196e-13,7.104158937e-14,2.024674372e-13,7.772945193e-14,4.436434416e-14,7.122967618e-14,8.873973531e-14,8.346603861e-14,1.32821239e-13,6.981547895e-14,7.924950623e-14,1.452314771e-13,1.154931487e-14,1.067651128e-13,1.013951644e-13
36.953125,2.088916063e-13,1.017023411e-13,8.851967755e-14,8.77954764e-14,3.022277481e-13,1.314181712e-13,5.392442536e-14,1.186126949e-13,3.820243032e-14,1.795028225e-13,6.371481917e-14,6.699482616e-14,4.766669418e-14,1.814357494e-13,2.052564558e-13,3.361534552e-13,5.097729007e-13,5.081042544e-13,7.020491809e-14,2.016672162e-13,7.881534324e-14,4.492285808e-14,7.082287251e-14,8.851210231e-14,8.316246457e-14,1.330406266e-13,6.917381943e-14,8.067962517e-14,1.457699644e-13,1.182755809e-14,1.10960422e-13,1.024884049e-13
36.9609375,2.086669259e-13,1.034899921e-13,8.986163568e-14,8.696533993e-14,3.020360437e-13,1.310030744e-13,5.413008597e-14,1.186830084e-13,3.90505054e-14,1.781915899e-13,6.329087314e-14,6.682326685e-14,4.803382627e-14,1.819382458e-13,2.051978735e-13,3.350200541e-13,5.024992019e-13,5.021178649e-13,6.930428583e-14,2.008374779e-13,7.995048429e-14,4.545636586e-14,7.040336066e-14,8.834024606e-14,8.285285675e-14,1.332353384e-13,6.850329558e-14,8.206318931e-14,1.461918869e-13,1.212771004e-14,1.154569101e-13,1.035560042e-13
36.96875,2.084074423e-13,1.051628263e-13,9.122495862e-14,8.618281269e-14,3.018281819e-13,1.306058181e-13,5.430542048e-14,1.188126248e-13,3.991768167e-14,1.769066249e-13,6.285002276e-14,6.666009975e-14,4.847323336e-14,1.824245993e-13,2.051005615e-13,3.338533885e-13,4.951186473e-13,4.960445513e-13,6.839961924e-14,2.001224066e-13,8.109707202e-14,4.598933269e-14,6.995237333e-14,8.822259368e-14,8.252126543e-14,1.333951042e-13,6.789224408e-14,8.340626617e-14,1.465335431e-13,1.246429341e-14,1.202870907e-13,1.045895499e-13
36.9765625,2.080871346e-13,1.069453629e-13,9.256047201e-14,8.543708357e-14,3.015619423e-13,1.301433571e-13,5.444540632e-14,1.190055894e-13,4.082141632e-14,1.756961779e-13,6.240137794e-14,6.64716073e-14,4.893182272e-14,1.828832471e-13,2.050419512e-13,3.327941588e-13,4.876721342e-13,4.898566802e-13,6.749490522e-14,1.99604137e-13,8.21877857e-14,4.654674823e-14,6.95073164e-14,8.812496759e-14,8.219492279e-14,1.335794229e-13,6.740309172e-14,8.477913973e-14,1.468981786e-13,1.281753591e-14,1.254221786e-13,1.056422829e-13
36.984375,2.075680163e-13,1.089206297e-13,9.399117808e-14,8.465917071e-14,3.012453588e-13,1.296309028e-13,5.459117122e-14,1.191451216e-13,4.171708317e-14,1.745011642e-13,6.196246284e-14,6.632881228e-14,4.943680296e-14,1.833475551e-13,2.049848136e-13,3.31736226e-13,4.80031872e-13,4.835820659e-13,6.657029989e-14,1.989929663e-13,8.323426858e-14,4.708917211e-14,6.907328367e-14,8.80304264e-14,8.188225116e-14,1.338112028e-13,6.69562144e-14,8.618327526e-14,1.472830728e-13,1.319228383e-14,1.308187101e-13,1.066661552e-13
36.9921875,2.070709891e-13,1.108318419e-13,9.551728478e-14,8.376038833e-14,3.009758964e-13,1.291247611e-13,5.473759393e-14,1.192071948e-13,4.259495095e-14,1.732577543e-13,6.151428513e-14,6.619539134e-14,4.998620079e-14,1.837595529e-13,2.048327526e-13,3.305334603e-13,4.721756767e-13,4.772688773e-13,6.565192993e-14,1.981329714e-13,8.433617132e-14,4.761270363e-14,6.861632135e-14,8.802952225e-14,8.155051986e-14,1.340751561e-13,6.6528308e-14,8.754241269e-14,1.476282172e-13,1.360279612e-14,1.365254378e-13,1.07638112e-13
37,2.067756558e-13,1.12464104e-13,9.707390394e-14,8.282278374e-14,3.007533234e-13,1.286373997e-13,5.485015421e-14,1.192902125e-13,4.349542662e-14,1.719486364e-13,6.105498946e-14,6.599610302e-14,5.05752286e-14,1.841664567e-13,2.046893813e-13,3.294325891e-13,4.644136884e-13,4.709958281e-13,6.4713458e-14,1.971978949e-13,8.547978838e-14,4.814647814e-14,6.814074356e-14,8.82085499e-14,8.120176816e-14,1.343513526e-13,6.612527859e-14,8.882507248e-14,1.47871764e-13,1.402320917e-14,1.425950746e-13,1.086192463e-13
37.0078125,2.062339427e-13,1.139703007e-13,9.874667913e-14,8.192151435e-14,3.003663166e-13,1.280983656e-13,5.493202468e-14,1.193747612e-13,4.44061651e-14,1.705612153e-13,6.05959165e-14,6.579690131e-14,5.121924804e-14,1.845791575e-13,2.045945278e-13,3.284861252e-13,4.565331477e-13,4.6463982e-13,6.367774138e-14,1.962540837e-13,8.661804589e-14,4.865243042e-14,6.7645042e-14,8.843832863e-14,8.085356645e-14,1.346421957e-13,6.567768045e-14,9.00292021e-14,1.480443687e-13,1.445146373e-14,1.489244191e-13,1.095888691e-13
37.015625,2.052446523e-13,1.156268673e-13,1.005040687e-13,8.097450462e-14,2.996829405e-13,1.274063575e-13,5.500590175e-14,1.194340893e-13,4.528424959e-14,1.691561572e-13,6.01089626e-14,6.561000687e-14,5.18704503e-14,1.847864827e-13,2.044126987e-13,3.274389957e-13,4.48179304e-13,4.580108747e-13,6.257217804e-14,1.953155574e-13,8.779444656e-14,4.910501953e-14,6.712511827e-14,8.860362821e-14,8.049917051e-14,1.349698546e-13,6.521467889e-14,9.117834609e-14,1.482305173e-13,1.491463325e-14,1.554310236e-13,1.105039763e-13
37.0234375,2.043247458e-13,1.174499441e-13,1.022348307e-13,8.000203942e-14,2.989154296e-13,1.266780387e-13,5.508432553e-14,1.195416585e-13,4.614384438e-14,1.678353128e-13,5.959549157e-14,6.537160539e-14,5.250915201e-14,1.84844402e-13,2.042139033e-13,3.263763798e-13,4.398544422e-13,4.512828346e-13,6.149405566e-14,1.944426855e-13,8.898000105e-14,4.955650542e-14,6.662724832e-14,8.885754719e-14,8.014213824e-14,1.353099872e-13,6.481435285e-14,9.233977461e-14,1.483722134e-13,1.539980668e-14,1.622624888e-13,1.113949747e-13
37.03125,2.036622362e-13,1.191366018e-13,1.040479678e-13,7.906936216e-14,2.982708741e-13,1.261067661e-13,5.517180015e-14,1.196575342e-13,4.702923473e-14,1.665556868e-13,5.907462748e-14,6.515783444e-14,5.320660312e-14,1.850802759e-13,2.041019441e-13,3.254328949e-13,4.318549616e-13,4.446553378e-13,6.046413905e-14,1.934673689e-13,9.01196406e-14,5.002926405e-14,6.615160913e-14,8.927259474e-14,7.979280533e-14,1.356040885e-13,6.444569145e-14,9.349688249e-14,1.484027019e-13,1.588494855e-14,1.695303454e-13,1.122507903e-13
37.0390625,2.029213318e-13,1.205050774e-13,1.059805477e-13,7.808992148e-14,2.976565684e-13,1.255637349e-13,5.525502639e-14,1.197035118e-13,4.794715726e-14,1.652059944e-13,5.852454094e-14,6.502081035e-14,5.396097446e-14,1.85421523e-13,2.039279291e-13,3.244420383e-13,4.236604568e-13,4.37965375e-13,5.942856071e-14,1.922887527e-13,9.129103485e-14,5.050133248e-14,6.565260353e-14,8.970389456e-14,7.944616262e-14,1.35879818e-13,6.410917058e-14,9.458413624e-14,1.483534127e-13,1.638050701e-14,1.770994833e-13,1.130619663e-13
37.046875,2.020736794e-13,1.218107344e-13,1.078533857e-13,7.703396549e-14,2.970086822e-13,1.248568246e-13,5.530600233e-14,1.197476379e-13,4.885737956e-14,1.638068296e-13,5.794834141e-14,6.484124339e-14,5.468755322e-14,1.855859508e-13,2.036716679e-13,3.234136765e-13,4.151819892e-13,4.31106362e-13,5.833675292e-14,1.911751913e-13,9.253431951e-14,5.097101503e-14,6.516730576e-14,9.017788594e-14,7.908689835e-14,1.362231494e-13,6.382852635e-14,9.562780801e-14,1.481271686e-13,1.690212846e-14,1.848666762e-13,1.139047601e-13
37.0546875,2.012850126e-13,1.232515891e-13,1.096724118e-13,7.595034859e-14,2.963940482e-13,1.240880641e-13,5.532761966e-14,1.198195723e-13,4.971963111e-14,1.624147934e-13,5.735054981e-14,6.458733922e-14,5.538074716e-14,1.85638369e-13,2.034871432e-13,3.225006717e-13,4.067764684e-13,4.241885623e-13,5.719858994e-14,1.902476306e-13,9.377838435e-14,5.142299495e-14,6.472675138e-14,9.079578059e-14,7.869607974e-14,1.366318873e-13,6.355475683e-14,9.662826957e-14,1.476935551e-13,1.745757771e-14,1.92880722e-13,1.147779812e-13
37.0625,2.004030926e-13,1.246294061e-13,1.11623896e-13,7.482843575e-14,2.957202426e-13,1.233519549e-13,5.536144677e-14,1.198609079e-13,5.054825369e-14,1.610130458e-13,5.670669078e-14,6.436943187e-14,5.610090133e-14,1.857149903e-13,2.033524168e-13,3.21684948e-13,3.984125278e-13,4.172348132e-13,5.606263381e-14,1.893219536e-13,9.500488397e-14,5.182853125e-14,6.426925222e-14,9.143778407e-14,7.829413365e-14,1.37046184e-13,6.332133431e-14,9.753836037e-14,1.473274987e-13,1.804504299e-14,2.01146792e-13,1.15583834e-13
37.0703125,1.992565653e-13,1.258002126e-13,1.13777881e-13,7.373294241e-14,2.949163515e-13,1.225930363e-13,5.542531583e-14,1.19887286e-13,5.138196087e-14,1.596112007e-13,5.606327931e-14,6.422180917e-14,5.687530357e-14,1.858006666e-13,2.032382898e-13,3.209639674e-13,3.900272994e-13,4.102476908e-13,5.492889518e-14,1.883391242e-13,9.623521168e-14,5.220174552e-14,6.377883125e-14,9.205598568e-14,7.793105339e-14,1.374578863e-13,6.319365331e-14,9.840628456e-14,1.47117594e-13,1.865984347e-14,2.09675612e-13,1.163162478e-13
37.078125,1.980304527e-13,1.268787702e-13,1.160960191e-13,7.272824555e-14,2.941859183e-13,1.218520236e-13,5.550011772e-14,1.199220044e-13,5.222648196e-14,1.58246739e-13,5.547084375e-14,6.4111248e-14,5.769841761e-14,1.859754505e-13,2.032346304e-13,3.203371477e-13,3.817346084e-13,4.032978432e-13,5.379000606e-14,1.873483298e-13,9.746794482e-14,5.257970959e-14,6.329990734e-14,9.278317196e-14,7.759262474e-14,1.378824975e-13,6.312753643e-14,9.927758919e-14,1.468313612e-13,1.931075434e-14,2.185816694e-13,1.170410994e-13
37.0859375,1.970154801e-13,1.27974693e-13,1.18486659e-13,7.173284224e-14,2.936622221e-13,1.211991824e-13,5.556744424e-14,1.199503493e-13,5.308278479e-14,1.568847355e-13,5.488678625e-14,6.403101435e-14,5.85744976e-14,1.863104303e-13,2.033198736e-13,3.197560716e-13,3.735338293e-13,3.963889574e-13,5.270656579e-14,1.863819183e-13,9.870903321e-14,5.298483678e-14,6.282553464e-14,9.360858999e-14,7.723840816e-14,1.383386468e-13,6.313779624e-14,1.001276872e-13,1.464573586e-13,1.999868431e-14,2.279081279e-13,1.177806253e-13
37.09375,1.96184751e-13,1.290653524e-13,1.208633724e-13,7.074120357e-14,2.931791085e-13,1.205992004e-13,5.560704778e-14,1.19995898e-13,5.395412829e-14,1.554624942e-13,5.429356781e-14,6.395843584e-14,5.952071127e-14,1.866574558e-13,2.034136261e-13,3.192747413e-13,3.65462418e-13,3.894940282e-13,5.168009737e-14,1.855372965e-13,9.993692555e-14,5.340316367e-14,6.232946961e-14,9.444446062e-14,7.689725105e-14,1.388622056e-13,6.326134926e-14,1.009619003e-13,1.461312967e-13,2.070863098e-14,2.37566577e-13,1.185250457e-13
37.1015625,1.952404175e-13,1.300267541e-13,1.232629866e-13,6.981653876e-14,2.925583023e-13,1.200110506e-13,5.562228024e-14,1.200535255e-13,5.480779928e-14,1.539953095e-13,5.371112971e-14,6.385911822e-14,6.049532963e-14,1.868394841e-13,2.035027329e-13,3.188667066e-13,3.575304536e-13,3.825772515e-13,5.060760179e-14,1.84786773e-13,1.011372885e-13,5.378207768e-14,6.181745235e-14,9.533461189e-14,7.658863919e-14,1.394128538e-13,6.337595634e-14,1.017796346e-13,1.457698348e-13,2.143440708e-14,2.474779619e-13,1.192448571e-13
37.109375,1.9407778e-13,1.308487397e-13,1.257905601e-13,6.885441567e-14,2.918374242e-13,1.19393613e-13,5.565901543e-14,1.200807788e-13,5.562882039e-14,1.52547789e-13,5.312850469e-14,6.374740667e-14,6.14068802e-14,1.86861587e-13,2.036075204e-13,3.18481771e-13,3.495915666e-13,3.756212846e-13,4.947655765e-14,1.839703976e-13,1.023684034e-13,5.411363817e-14,6.13098435e-14,9.633471823e-14,7.627441521e-14,1.398907965e-13,6.343412094e-14,1.025646008e-13,1.453405389e-13,2.217318444e-14,2.576514749e-13,1.199190442e-13
37.1171875,1.928931225e-13,1.316804755e-13,1.285195217e-13,6.776645427e-14,2.911592547e-13,1.187229263e-13,5.572532666e-14,1.200898754e-13,5.645102125e-14,1.511155216e-13,5.25656125e-14,6.366371652e-14,6.227531342e-14,1.868829259e-13,2.038339734e-13,3.183408982e-13,3.417019795e-13,3.687662787e-13,4.837788136e-14,1.83150989e-13,1.036307984e-13,5.445709419e-14,6.082804683e-14,9.743710179e-14,7.595974785e-14,1.403389193e-13,6.357725582e-14,1.033161503e-13,1.450027608e-13,2.293278174e-14,2.682034095e-13,1.205869623e-13
37.125,1.918087803e-13,1.325004595e-13,1.31443272e-13,6.666794373e-14,2.905279044e-13,1.180668626e-13,5.58032278e-14,1.201157087e-13,5.727778104e-14,1.496492842e-13,5.202688411e-14,6.360987994e-14,6.321422469e-14,1.870235323e-13,2.042779722e-13,3.185977586e-13,3.340956728e-13,3.621029493e-13,4.733218715e-14,1.824971572e-13,1.048296927e-13,5.482928626e-14,6.036857682e-14,9.861750814e-14,7.569353756e-14,1.409016058e-13,6.387025706e-14,1.039940856e-13,1.447736443e-13,2.374222372e-14,2.792305479e-13,1.212935697e-13
37.1328125,1.907971818e-13,1.332638453e-13,1.344652269e-13,6.568783729e-14,2.898431668e-13,1.174576066e-13,5.593122687e-14,1.202015427e-13,5.809370017e-14,1.481876346e-13,5.146703303e-14,6.356518521e-14,6.42431535e-14,1.872589264e-13,2.048960712e-13,3.191769062e-13,3.268617159e-13,3.555100887e-13,4.631696682e-14,1.819659893e-13,1.059568126e-13,5.520163357e-14,5.991873223e-14,9.986978189e-14,7.548965302e-14,1.415821945e-13,6.429151362e-14,1.046420891e-13,1.44514707e-13,2.460277415e-14,2.906668238e-13,1.220412074e-13
37.140625,1.898628025e-13,1.341424135e-13,1.375654501e-13,6.481082451e-14,2.891702214e-13,1.16834962e-13,5.611082307e-14,1.20385959e-13,5.892176518e-14,1.467794853e-13,5.091786531e-14,6.355445523e-14,6.531248009e-14,1.87573985e-13,2.056687322e-13,3.201002095e-13,3.199452929e-13,3.489872938e-13,4.533853585e-14,1.814851565e-13,1.070721305e-13,5.557387524e-14,5.948441859e-14,1.012335753e-13,7.533503685e-14,1.423040458e-13,6.485070924e-14,1.053848393e-13,1.441978155e-13,2.549203355e-14,3.024703907e-13,1.22815278e-13
37.1484375,1.889264953e-13,1.350561856e-13,1.408130248e-13,6.394559972e-14,2.88584681e-13,1.161884708e-13,5.627427442e-14,1.206132173e-13,5.97568275e-14,1.453697789e-13,5.04027772e-14,6.359421927e-14,6.639664258e-14,1.879540997e-13,2.066386212e-13,3.213286455e-13,3.131563435e-13,3.426283464e-13,4.436789625e-14,1.810990996e-13,1.081547846e-13,5.593373322e-14,5.904614679e-14,1.02668897e-13,7.521404487e-14,1.43087236e-13,6.550393302e-14,1.061278419e-13,1.439013967e-13,2.642303996e-14,3.147002574e-13,1.235672695e-13
37.15625,1.878541874e-13,1.357190615e-13,1.441436109e-13,6.308204501e-14,2.879385711e-13,1.155524478e-13,5.643916257e-14,1.208245217e-13,6.055226282e-14,1.439566446e-13,4.983764608e-14,6.360955882e-14,6.746483336e-14,1.882738153e-13,2.07764783e-13,3.22691797e-13,3.064006482e-13,3.363227427e-13,4.338080561e-14,1.807594833e-13,1.091828657e-13,5.625284286e-14,5.857685369e-14,1.040448533e-13,7.51229584e-14,1.43931086e-13,6.619265505e-14,1.067181437e-13,1.43639612e-13,2.740393792e-14,3.272392362e-13,1.242555183e-13
37.1640625,1.868097488e-13,1.362510159e-13,1.47492041e-13,6.228491091e-14,2.872609502e-13,1.149409789e-13,5.666550038e-14,1.210408227e-13,6.131050528e-14,1.426112977e-13,4.922946878e-14,6.357301383e-14,6.853331168e-14,1.88595426e-13,2.089683621e-13,3.242020956e-13,2.999192377e-13,3.300616335e-13,4.242307237e-14,1.8032979e-13,1.101960952e-13,5.655366884e-14,5.810524283e-14,1.054089845e-13,7.507550386e-14,1.447461976e-13,6.694482511e-14,1.072897804e-13,1.433265246e-13,2.840410787e-14,3.399509094e-13,1.249304814e-13
37.171875,1.860603923e-13,1.368948997e-13,1.509779341e-13,6.15204805e-14,2.868124982e-13,1.143657661e-13,5.692162511e-14,1.212137273e-13,6.206755161e-14,1.412677884e-13,4.865646968e-14,6.360066403e-14,6.966963637e-14,1.891828633e-13,2.102122776e-13,3.258982903e-13,2.938021912e-13,3.240512849e-13,4.151336194e-14,1.798239739e-13,1.11188858e-13,5.686568244e-14,5.766874177e-14,1.069089692e-13,7.50583739e-14,1.455391291e-13,6.778906452e-14,1.079673542e-13,1.429052666e-13,2.942525424e-14,3.53026123e-13,1.256376657e-13
37.1796875,1.854368178e-13,1.376134558e-13,1.546142299e-13,6.074353328e-14,2.864260673e-13,1.137768053e-13,5.717434366e-14,1.212925591e-13,6.282884255e-14,1.398362257e-13,4.807752129e-14,6.373560042e-14,7.084698695e-14,1.899360645e-13,2.11519589e-13,3.277750055e-13,2.878216142e-13,3.182386933e-13,4.0624755e-14,1.793742735e-13,1.12132408e-13,5.717712992e-14,5.726273567e-14,1.084662953e-13,7.504254725e-14,1.464009494e-13,6.871858434e-14,1.086321388e-13,1.424476518e-13,3.049193301e-14,3.665902697e-13,1.263245222e-13
37.1875,1.845893277e-13,1.383240258e-13,1.58237e-13,6.003511184e-14,2.856975344e-13,1.130842265e-13,5.743200819e-14,1.214031776e-13,6.35777516e-14,1.383907873e-13,4.74761081e-14,6.386387195e-14,7.199900554e-14,1.905232639e-13,2.129516445e-13,3.299639477e-13,2.819873804e-13,3.124196673e-13,3.976221843e-14,1.789865015e-13,1.130364606e-13,5.747314011e-14,5.684826905e-14,1.099607724e-13,7.503564582e-14,1.473169105e-13,6.973116575e-14,1.091902411e-13,1.420446913e-13,3.158189607e-14,3.804150712e-13,1.269585052e-13
37.1953125,1.836030039e-13,1.38900394e-13,1.618374495e-13,5.938350216e-14,2.847911957e-13,1.123144548e-13,5.767241106e-14,1.21643145e-13,6.429827368e-14,1.369800101e-13,4.691253422e-14,6.395357275e-14,7.316815834e-14,1.910315858e-13,2.144605372e-13,3.324099007e-13,2.764443578e-13,3.066703405e-13,3.892089982e-14,1.785472616e-13,1.138928218e-13,5.774321021e-14,5.638155583e-14,1.114910901e-13,7.504689237e-14,1.482290434e-13,7.081788433e-14,1.096400273e-13,1.416645173e-13,3.267729065e-14,3.944344991e-13,1.275747052e-13
37.203125,1.827805014e-13,1.392746583e-13,1.655303474e-13,5.869225076e-14,2.841004382e-13,1.115633675e-13,5.78963339e-14,1.219380069e-13,6.500994066e-14,1.355573476e-13,4.633355379e-14,6.410389749e-14,7.440490085e-14,1.917516284e-13,2.159670738e-13,3.349219806e-13,2.711334585e-13,3.011317879e-13,3.807805029e-14,1.780449086e-13,1.147169896e-13,5.799637179e-14,5.589652203e-14,1.131199443e-13,7.50796506e-14,1.491690932e-13,7.200493765e-14,1.100131877e-13,1.412257426e-13,3.380921417e-14,4.088603862e-13,1.281858409e-13
37.2109375,1.821232298e-13,1.397171544e-13,1.693445571e-13,5.806353071e-14,2.835353526e-13,1.108552823e-13,5.814002759e-14,1.222385107e-13,6.575739815e-14,1.341567205e-13,4.568842885e-14,6.433941849e-14,7.567076457e-14,1.926769146e-13,2.17591903e-13,3.376733117e-13,2.660838496e-13,2.957946803e-13,3.726067739e-14,1.775576865e-13,1.15556094e-13,5.827470283e-14,5.547268707e-14,1.147347044e-13,7.516707439e-14,1.501674129e-13,7.333150624e-14,1.104445503e-13,1.407331573e-13,3.499709895e-14,4.236994409e-13,1.287918135e-13
37.21875,1.81518226e-13,1.403959184e-13,1.732723852e-13,5.760181111e-14,2.828770302e-13,1.101815618e-13,5.838645298e-14,1.225565525e-13,6.652210861e-14,1.328167918e-13,4.506335646e-14,6.458829437e-14,7.692796546e-14,1.936751916e-13,2.194463777e-13,3.408303708e-13,2.613999803e-13,2.906657839e-13,3.649356712e-14,1.770993932e-13,1.163463887e-13,5.858183939e-14,5.508897184e-14,1.163294803e-13,7.530725267e-14,1.511942701e-13,7.474813532e-14,1.110068738e-13,1.402576454e-13,3.623800285e-14,4.388181084e-13,1.294139653e-13
37.2265625,1.810552367e-13,1.411231449e-13,1.77259541e-13,5.717763763e-14,2.822247311e-13,1.09526034e-13,5.861000619e-14,1.228829237e-13,6.72556331e-14,1.314754941e-13,4.448902199e-14,6.482501112e-14,7.81926929e-14,1.947312875e-13,2.21417459e-13,3.442057754e-13,2.570154422e-13,2.857619301e-13,3.576467353e-14,1.766779589e-13,1.170007705e-13,5.888647644e-14,5.46787565e-14,1.180346213e-13,7.545429402e-14,1.522445218e-13,7.622839017e-14,1.115712811e-13,1.398678882e-13,3.753063843e-14,4.542672677e-13,1.300571714e-13
37.234375,1.807598108e-13,1.418290612e-13,1.812279407e-13,5.672787403e-14,2.816779276e-13,1.088367524e-13,5.884368481e-14,1.232376081e-13,6.797664078e-14,1.30115112e-13,4.393005598e-14,6.509060681e-14,7.949220698e-14,1.958771078e-13,2.234297077e-13,3.47742202e-13,2.529107379e-13,2.810604025e-13,3.507821163e-14,1.763155793e-13,1.175749627e-13,5.919079655e-14,5.424901131e-14,1.198201697e-13,7.561922131e-14,1.533383565e-13,7.786434658e-14,1.120314743e-13,1.395947257e-13,3.885078784e-14,4.700904397e-13,1.307056956e-13
37.2421875,1.804450419e-13,1.425306319e-13,1.852876134e-13,5.636496478e-14,2.811384675e-13,1.081299981e-13,5.911609329e-14,1.236275006e-13,6.869961863e-14,1.287907894e-13,4.342930797e-14,6.540735394e-14,8.081325469e-14,1.97107406e-13,2.25527906e-13,3.515212191e-13,2.491284825e-13,2.76543619e-13,3.4424682e-14,1.759397935e-13,1.181398183e-13,5.948309528e-14,5.381243389e-14,1.21529672e-13,7.583531029e-14,1.544585479e-13,7.966706854e-14,1.124404414e-13,1.393640762e-13,4.01772941e-14,4.861559796e-13,1.313447688e-13
37.25,1.801101001e-13,1.431294631e-13,1.895729426e-13,5.611222244e-14,2.805628709e-13,1.075085165e-13,5.941217291e-14,1.240126759e-13,6.939287188e-14,1.275051061e-13,4.299316372e-14,6.574685186e-14,8.212457292e-14,1.983943584e-13,2.276889064e-13,3.554643688e-13,2.456055698e-13,2.721477464e-13,3.378098554e-14,1.755153015e-13,1.186981645e-13,5.974129216e-14,5.336750484e-14,1.231762717e-13,7.608095236e-14,1.555663219e-13,8.153130115e-14,1.128710299e-13,1.390655177e-13,4.15266265e-14,5.024035181e-13,1.319751687e-13
37.2578125,1.799458958e-13,1.437229503e-13,1.939006396e-13,5.593008793e-14,2.79997285e-13,1.069629277e-13,5.971002737e-14,1.244067449e-13,7.006878622e-14,1.262126275e-13,4.252863363e-14,6.608957585e-14,8.346450034e-14,1.997667545e-13,2.29901889e-13,3.595832375e-13,2.423259998e-13,2.678583178e-13,3.317307792e-14,1.751265853e-13,1.192316085e-13,6.001013756e-14,5.294780652e-14,1.248754151e-13,7.634422055e-14,1.566577456e-13,8.346933496e-14,1.133051874e-13,1.387476281e-13,4.289745968e-14,5.189421274e-13,1.326055041e-13
37.265625,1.798484141e-13,1.444442545e-13,1.98074371e-13,5.584691472e-14,2.79403067e-13,1.063632278e-13,6.000476173e-14,1.24829102e-13,7.074820187e-14,1.248903829e-13,4.200442571e-14,6.646133324e-14,8.488065058e-14,2.012252758e-13,2.322225758e-13,3.639721378e-13,2.393133464e-13,2.637829542e-13,3.261224392e-14,1.747526645e-13,1.196733292e-13,6.030579005e-14,5.256224948e-14,1.266005738e-13,7.66449826e-14,1.577839307e-13,8.557931018e-14,1.136813087e-13,1.38501651e-13,4.426879623e-14,5.357931682e-13,1.332065546e-13
37.2734375,1.795898673e-13,1.451010532e-13,2.022620898e-13,5.583428643e-14,2.787462113e-13,1.057018374e-13,6.030863624e-14,1.252488994e-13,7.140248251e-14,1.235642709e-13,4.14946867e-14,6.686953265e-14,8.630108321e-14,2.026314582e-13,2.346214192e-13,3.685606955e-13,2.365706917e-13,2.59905912e-13,3.206379038e-14,1.743414996e-13,1.200310696e-13,6.056153965e-14,5.218787735e-14,1.282752429e-13,7.698261525e-14,1.589795184e-13,8.784353543e-14,1.140188648e-13,1.382494975e-13,4.565773604e-14,5.528206981e-13,1.337633713e-13
37.28125,1.79321801e-13,1.455748524e-13,2.066590104e-13,5.57942415e-14,2.781122596e-13,1.050933121e-13,6.064432582e-14,1.25696065e-13,7.203740198e-14,1.222894169e-13,4.108072425e-14,6.728200998e-14,8.765467105e-14,2.039907947e-13,2.370843172e-13,3.733661216e-13,2.342182017e-13,2.561187393e-13,3.154192137e-14,1.740284824e-13,1.204220785e-13,6.077875327e-14,5.181859958e-14,1.299151794e-13,7.736172753e-14,1.601841232e-13,9.019414613e-14,1.143975622e-13,1.379864581e-13,4.708311404e-14,5.700534466e-13,1.343442647e-13
37.2890625,1.792405899e-13,1.460698487e-13,2.112271109e-13,5.576249927e-14,2.774677095e-13,1.045536071e-13,6.101987995e-14,1.262082846e-13,7.268586223e-14,1.210760728e-13,4.076446728e-14,6.771149728e-14,8.902191713e-14,2.055399775e-13,2.397599865e-13,3.78567548e-13,2.322745568e-13,2.524846988e-13,3.108077481e-14,1.738292201e-13,1.208010027e-13,6.102739516e-14,5.143110469e-14,1.315542855e-13,7.779759774e-14,1.613392913e-13,9.265473459e-14,1.148152246e-13,1.378945355e-13,4.853778083e-14,5.877681939e-13,1.34969838e-13
37.296875,1.792067368e-13,1.467285071e-13,2.159044181e-13,5.587742146e-14,2.766069041e-13,1.040087011e-13,6.140447972e-14,1.267213663e-13,7.333397186e-14,1.198750676e-13,4.045448302e-14,6.821428283e-14,9.049616955e-14,2.073047618e-13,2.427114809e-13,3.841300877e-13,2.304931537e-13,2.490361557e-13,3.066111056e-14,1.735202783e-13,1.21041604e-13,6.131344804e-14,5.101346951e-14,1.332209217e-13,7.827016175e-14,1.625109183e-13,9.529178357e-14,1.15228457e-13,1.379577893e-13,5.002835696e-14,6.06080634e-13,1.355683684e-13
37.3046875,1.791714613e-13,1.47490936e-13,2.20578975e-13,5.615117454e-14,2.756185081e-13,1.034234876e-13,6.177004522e-14,1.27203586e-13,7.397326155e-14,1.186563056e-13,4.009630198e-14,6.878400732e-14,9.202858121e-14,2.090964897e-13,2.457410873e-13,3.89826319e-13,2.287640654e-13,2.456501753e-13,3.026909104e-14,1.731327231e-13,1.212052447e-13,6.160745862e-14,5.061547812e-14,1.349333025e-13,7.875671209e-14,1.637872114e-13,9.811138511e-14,1.156534762e-13,1.379736337e-13,5.155073367e-14,6.247378993e-13,1.361543206e-13
37.3125,1.792623959e-13,1.482175739e-13,2.25079484e-13,5.649223846e-14,2.748578486e-13,1.027766975e-13,6.214406527e-14,1.277168058e-13,7.461045717e-14,1.174482194e-13,3.973163174e-14,6.933934399e-14,9.35068558e-14,2.108623346e-13,2.486633992e-13,3.955561986e-13,2.272061123e-13,2.423553887e-13,2.989837863e-14,1.729181167e-13,1.213171676e-13,6.188518826e-14,5.026330927e-14,1.366264189e-13,7.926435661e-14,1.651474184e-13,1.010299549e-13,1.160780574e-13,1.379154145e-13,5.307960677e-14,6.433975512e-13,1.367964343e-13
37.3203125,1.793527059e-13,1.48790124e-13,2.295116851e-13,5.690084729e-14,2.742115977e-13,1.020624194e-13,6.255897844e-14,1.28286434e-13,7.521254985e-14,1.163006202e-13,3.935962044e-14,6.981851807e-14,9.491093374e-14,2.125811475e-13,2.515424269e-13,4.01392077e-13,2.258892595e-13,2.392501418e-13,2.951134602e-14,1.728335549e-13,1.212720683e-13,6.211513672e-14,4.992473371e-14,1.382273756e-13,7.980450019e-14,1.665277033e-13,1.03961845e-13,1.164348085e-13,1.378302037e-13,5.46274217e-14,6.619859638e-13,1.374652774e-13
37.328125,1.793355517e-13,1.493243527e-13,2.341168903e-13,5.740609149e-14,2.732356066e-13,1.013375255e-13,6.301110954e-14,1.288738743e-13,7.576244565e-14,1.152168918e-13,3.894207103e-14,7.024815986e-14,9.633564627e-14,2.142525641e-13,2.545756956e-13,4.075149814e-13,2.249123124e-13,2.362774225e-13,2.911637902e-14,1.72735746e-13,1.211120722e-13,6.23193785e-14,4.958402006e-14,1.397518551e-13,8.040432075e-14,1.679282747e-13,1.069572487e-13,1.167412453e-13,1.377357687e-13,5.622270385e-14,6.808028226e-13,1.381413457e-13
37.3359375,1.794826947e-13,1.50052862e-13,2.388446905e-13,5.794738491e-14,2.72080972e-13,1.006451144e-13,6.349758579e-14,1.294409662e-13,7.629918579e-14,1.141533002e-13,3.852941826e-14,7.072661655e-14,9.783583669e-14,2.16082236e-13,2.578599911e-13,4.140711481e-13,2.243834002e-13,2.334729457e-13,2.877410999e-14,1.727359686e-13,1.209375771e-13,6.254817531e-14,4.925177776e-14,1.412493249e-13,8.108743513e-14,1.693863241e-13,1.10138393e-13,1.171080331e-13,1.377788646e-13,5.785778861e-14,7.0011137e-13,1.388675867e-13
37.34375,1.798999857e-13,1.509178317e-13,2.435717235e-13,5.852350633e-14,2.711723271e-13,9.997591515e-14,6.399804972e-14,1.300004499e-13,7.685276515e-14,1.131189406e-13,3.816499431e-14,7.131598985e-14,9.934268877e-14,2.181567178e-13,2.612675356e-13,4.208787568e-13,2.241468886e-13,2.309371447e-13,2.848462965e-14,1.728403052e-13,1.20724953e-13,6.278379915e-14,4.893793056e-14,1.427564961e-13,8.180971944e-14,1.70876004e-13,1.135027549e-13,1.175751512e-13,1.380242424e-13,5.951276658e-14,7.197221041e-13,1.396021684e-13
37.3515625,1.803120637e-13,1.516993114e-13,2.483938102e-13,5.92185882e-14,2.702891113e-13,9.934024445e-14,6.447434848e-14,1.306032388e-13,7.741499569e-14,1.121524675e-13,3.781283167e-14,7.197164494e-14,1.008270999e-13,2.202837205e-13,2.645920739e-13,4.276011106e-13,2.239940058e-13,2.285073524e-13,2.820961171e-14,1.728022738e-13,1.204559098e-13,6.300350092e-14,4.863845625e-14,1.442352621e-13,8.251351507e-14,1.723286322e-13,1.169917156e-13,1.180635995e-13,1.38303277e-13,6.118160101e-14,7.394322306e-13,1.4027999e-13
37.359375,1.806820148e-13,1.523733042e-13,2.533866733e-13,6.001414439e-14,2.691610596e-13,9.876264662e-14,6.493922341e-14,1.31241185e-13,7.796941676e-14,1.111766868e-13,3.748847451e-14,7.263406702e-14,1.023550425e-13,2.223897221e-13,2.678084969e-13,4.342987649e-13,2.239701477e-13,2.260167188e-13,2.796814892e-14,1.726365912e-13,1.201262403e-13,6.323797609e-14,4.831987e-14,1.455599514e-13,8.320395582e-14,1.73761781e-13,1.206543878e-13,1.185280163e-13,1.385443155e-13,6.287204067e-14,7.593793263e-13,1.409616598e-13
37.3671875,1.812430567e-13,1.530191991e-13,2.584420611e-13,6.086923379e-14,2.681822438e-13,9.822875902e-14,6.541669879e-14,1.31882984e-13,7.852367651e-14,1.101019348e-13,3.723204173e-14,7.330483008e-14,1.038984464e-13,2.245190446e-13,2.710112767e-13,4.412618761e-13,2.241634897e-13,2.236130738e-13,2.779106545e-14,1.726451716e-13,1.197144558e-13,6.349353191e-14,4.796384431e-14,1.467278696e-13,8.389870764e-14,1.75230033e-13,1.245059468e-13,1.190298749e-13,1.3883373e-13,6.458059515e-14,7.794684989e-13,1.417068846e-13
37.375,1.819697778e-13,1.537120629e-13,2.634544824e-13,6.186452017e-14,2.675539777e-13,9.769483013e-14,6.590410913e-14,1.325644315e-13,7.909085058e-14,1.090315677e-13,3.699967924e-14,7.398688869e-14,1.053724393e-13,2.266371966e-13,2.742515896e-13,4.484850938e-13,2.245959695e-13,2.214834751e-13,2.765818455e-14,1.728246785e-13,1.192635634e-13,6.374659368e-14,4.760597574e-14,1.478941277e-13,8.461663997e-14,1.766915551e-13,1.284608628e-13,1.196198994e-13,1.392180085e-13,6.62774259e-14,7.994280464e-13,1.424486756e-13
37.3828125,1.827076459e-13,1.545369393e-13,2.68528663e-13,6.298897797e-14,2.668730042e-13,9.715240689e-14,6.643817296e-14,1.332584324e-13,7.963522803e-14,1.080982316e-13,3.676898235e-14,7.468716829e-14,1.068522614e-13,2.288215053e-13,2.775888031e-13,4.558328707e-13,2.253289968e-13,2.196048096e-13,2.755209704e-14,1.728543203e-13,1.187935903e-13,6.399392128e-14,4.7273957e-14,1.49081851e-13,8.540700763e-14,1.781126642e-13,1.325467761e-13,1.203011676e-13,1.397234649e-13,6.796639817e-14,8.195585752e-13,1.431343104e-13
37.390625,1.835097008e-13,1.554583005e-13,2.738379633e-13,6.406790664e-14,2.660164589e-13,9.66601178e-14,6.704063368e-14,1.338836726e-13,8.013229135e-14,1.072364819e-13,3.657357707e-14,7.545716386e-14,1.084491201e-13,2.311826163e-13,2.809771913e-13,4.632183936e-13,2.262691011e-13,2.178151362e-13,2.74857925e-14,1.726556669e-13,1.182729241e-13,6.423034712e-14,4.694941614e-14,1.50172455e-13,8.626207843e-14,1.79518036e-13,1.368051793e-13,1.210778263e-13,1.402865147e-13,6.967469343e-14,8.402135493e-13,1.438165775e-13
37.3984375,1.8442575e-13,1.564635905e-13,2.792385249e-13,6.511317192e-14,2.652120127e-13,9.622569575e-14,6.765207273e-14,1.34522128e-13,8.063517852e-14,1.063494028e-13,3.638023047e-14,7.6302718e-14,1.10101297e-13,2.336415384e-13,2.842208338e-13,4.704863214e-13,2.272164194e-13,2.160026651e-13,2.745549081e-14,1.724301617e-13,1.177214983e-13,6.444829983e-14,4.661479666e-14,1.511515546e-13,8.710540504e-14,1.808342937e-13,1.410848577e-13,1.219110279e-13,1.407820858e-13,7.137114654e-14,8.610461521e-13,1.445120019e-13
37.40625,1.853834509e-13,1.57694123e-13,2.844613219e-13,6.634286062e-14,2.644164284e-13,9.57588607e-14,6.823676596e-14,1.352660446e-13,8.115762154e-14,1.054800505e-13,3.614700228e-14,7.715644455e-14,1.117204227e-13,2.361481551e-13,2.873429616e-13,4.776728354e-13,2.282604688e-13,2.142622741e-13,2.744424801e-14,1.722589156e-13,1.17124608e-13,6.465715141e-14,4.627356046e-14,1.520572024e-13,8.792669748e-14,1.819947428e-13,1.453269749e-13,1.227472903e-13,1.413008035e-13,7.304111958e-14,8.817429864e-13,1.451529745e-13
37.4140625,1.863868731e-13,1.590430635e-13,2.895745327e-13,6.774306471e-14,2.635312706e-13,9.524598117e-14,6.880921983e-14,1.36017133e-13,8.165263605e-14,1.046588245e-13,3.591395969e-14,7.798727304e-14,1.133216733e-13,2.386811647e-13,2.904969748e-13,4.849423951e-13,2.295362927e-13,2.126669156e-13,2.744600755e-14,1.721127683e-13,1.164224605e-13,6.485484672e-14,4.593011246e-14,1.528619878e-13,8.876946749e-14,1.831250851e-13,1.496538298e-13,1.235955219e-13,1.419374945e-13,7.473007327e-14,9.024633264e-13,1.457455178e-13
37.421875,1.874313977e-13,1.601972313e-13,2.946672059e-13,6.910871467e-14,2.626314834e-13,9.472452041e-14,6.937715823e-14,1.367460169e-13,8.214916968e-14,1.038276102e-13,3.569624332e-14,7.880325491e-14,1.149109086e-13,2.4105171e-13,2.93567837e-13,4.921774535e-13,2.308808643e-13,2.11057985e-13,2.744013879e-14,1.720517395e-13,1.156442544e-13,6.503195574e-14,4.559291206e-14,1.535948065e-13,8.963508568e-14,1.843471303e-13,1.540212644e-13,1.244351963e-13,1.425185641e-13,7.642403632e-14,9.232245839e-13,1.463774385e-13
37.4296875,1.884170188e-13,1.612001147e-13,2.996364961e-13,7.049309394e-14,2.616892475e-13,9.414073868e-14,6.997334783e-14,1.375591494e-13,8.267252962e-14,1.029935703e-13,3.545789563e-14,7.961205937e-14,1.164784339e-13,2.432584801e-13,2.965668303e-13,4.994228928e-13,2.323150648e-13,2.094697256e-13,2.74204213e-14,1.720884122e-13,1.148351024e-13,6.519872075e-14,4.527745268e-14,1.543224936e-13,9.053663947e-14,1.856273944e-13,1.583629836e-13,1.252132394e-13,1.430147892e-13,7.810016935e-14,9.439817793e-13,1.470555888e-13
37.4375,1.894006578e-13,1.622607366e-13,3.046089206e-13,7.208629484e-14,2.606688284e-13,9.353483321e-14,7.061525014e-14,1.38430895e-13,8.315445381e-14,1.022424998e-13,3.522198486e-14,8.044680495e-14,1.180536868e-13,2.455850241e-13,2.998186142e-13,5.070653796e-13,2.341380711e-13,2.082330175e-13,2.744082121e-14,1.721063828e-13,1.139971968e-13,6.536511775e-14,4.498540186e-14,1.54996174e-13,9.151242375e-14,1.869125062e-13,1.628234085e-13,1.259989943e-13,1.436032961e-13,7.981906101e-14,9.64917088e-13,1.477251824e-13
37.4453125,1.905275436e-13,1.633845864e-13,3.097032305e-13,7.384086936e-14,2.596567773e-13,9.304477632e-14,7.124967901e-14,1.392870332e-13,8.360447093e-14,1.015948567e-13,3.504262191e-14,8.13054787e-14,1.196245733e-13,2.480619162e-13,3.032756238e-13,5.150104024e-13,2.36285299e-13,2.07345733e-13,2.752923095e-14,1.720856837e-13,1.131384847e-13,6.553413684e-14,4.470794919e-14,1.555760702e-13,9.253225738e-14,1.881698455e-13,1.673972498e-13,1.26890528e-13,1.442236729e-13,8.158225807e-14,9.859674033e-13,1.483892679e-13
37.453125,1.917111357e-13,1.645946266e-13,3.147060572e-13,7.563547825e-14,2.58674618e-13,9.26084213e-14,7.186462945e-14,1.401654496e-13,8.409340428e-14,1.010024595e-13,3.490349786e-14,8.213443762e-14,1.211545708e-13,2.504971714e-13,3.066005708e-13,5.228306573e-13,2.384850724e-13,2.064867765e-13,2.763359206e-14,1.721275961e-13,1.122101058e-13,6.570996995e-14,4.444676196e-14,1.561440684e-13,9.354294867e-14,1.893781694e-13,1.719379601e-13,1.27835315e-13,1.448185469e-13,8.331446852e-14,1.006879479e-12,1.490603185e-13
37.4609375,1.928287032e-13,1.658681529e-13,3.1963031e-13,7.746803606e-14,2.576932288e-13,9.213075481e-14,7.251592644e-14,1.410690703e-13,8.455809559e-14,1.004363533e-13,3.476310808e-14,8.294800568e-14,1.226690242e-13,2.528629529e-13,3.098316342e-13,5.305647772e-13,2.407865783e-13,2.055993757e-13,2.77302119e-14,1.7221565e-13,1.111811796e-13,6.587662763e-14,4.419564766e-14,1.566841788e-13,9.456047565e-14,1.905707115e-13,1.765516306e-13,1.287600008e-13,1.455648427e-13,8.501891064e-14,1.027690202e-12,1.497055346e-13
37.46875,1.939409634e-13,1.670137566e-13,3.246916638e-13,7.935085754e-14,2.56628841e-13,9.169922398e-14,7.319512161e-14,1.4196315e-13,8.493552389e-14,9.988624877e-14,3.464523136e-14,8.379819351e-14,1.241856306e-13,2.551538529e-13,3.130795339e-13,5.383123047e-13,2.432044016e-13,2.047578705e-13,2.784715136e-14,1.722385816e-13,1.101401615e-13,6.601567454e-14,4.393335298e-14,1.570757788e-13,9.559220619e-14,1.917613686e-13,1.813310562e-13,1.296977111e-13,1.464048762e-13,8.673750739e-14,1.048462261e-12,1.503209939e-13
37.4765625,1.950522599e-13,1.680072964e-13,3.297463257e-13,8.13323354e-14,2.553697818e-13,9.128991461e-14,7.384429586e-14,1.428784298e-13,8.530807315e-14,9.935129206e-14,3.457193402e-14,8.467639938e-14,1.256876773e-13,2.573500313e-13,3.161582847e-13,5.458113032e-13,2.454848465e-13,2.038800971e-13,2.797293095e-14,1.722024515e-13,1.090983116e-13,6.614331571e-14,4.36659223e-14,1.573906984e-13,9.658182099e-14,1.92913986e-13,1.861153848e-13,1.306573559e-13,1.471493879e-13,8.846162152e-14,1.069152695e-12,1.509451048e-13
37.484375,1.961181637e-13,1.689869498e-13,3.3464931e-13,8.347624162e-14,2.541020657e-13,9.077435376e-14,7.447180507e-14,1.438256224e-13,8.572061681e-14,9.886255066e-14,3.44838049e-14,8.557044742e-14,1.271842656e-13,2.59535229e-13,3.189794727e-13,5.529861311e-13,2.475988274e-13,2.029947367e-13,2.80893073e-14,1.722004341e-13,1.079809552e-13,6.627291923e-14,4.342109049e-14,1.577687246e-13,9.752349428e-14,1.94027154e-13,1.908923273e-13,1.316087585e-13,1.479420709e-13,9.016438688e-14,1.089872254e-12,1.515789987e-13
37.4921875,1.972402932e-13,1.700243166e-13,3.395440012e-13,8.571216028e-14,2.530773621e-13,9.021060355e-14,7.511282072e-14,1.447931246e-13,8.61292588e-14,9.844087854e-14,3.436527206e-14,8.647680439e-14,1.286555419e-13,2.616700377e-13,3.216581182e-13,5.601016494e-13,2.498273956e-13,2.022656012e-13,2.822465746e-14,1.722734994e-13,1.068482845e-13,6.638627005e-14,4.319309884e-14,1.581042109e-13,9.848592136e-14,1.951119233e-13,1.958183979e-13,1.326141271e-13,1.48862613e-13,9.183040701e-14,1.110592297e-12,1.521855491e-13
37.5,1.984682555e-13,1.711170528e-13,3.444789572e-13,8.795599854e-14,2.521519283e-13,8.968427284e-14,7.574329988e-14,1.457801881e-13,8.653077174e-14,9.806006522e-14,3.430985275e-14,8.738804296e-14,1.300584996e-13,2.637287037e-13,3.242390421e-13,5.672384175e-13,2.523053501e-13,2.017097177e-13,2.839024588e-14,1.723727501e-13,1.057500706e-13,6.647528654e-14,4.29454532e-14,1.582695621e-13,9.946821219e-14,1.961205446e-13,2.008312815e-13,1.337216286e-13,1.49689862e-13,9.349088739e-14,1.131086908e-12,1.527456678e-13
37.5078125,1.996989412e-13,1.7211284e-13,3.494295288e-13,9.023723664e-14,2.512217376e-13,8.918115625e-14,7.634283642e-14,1.467219374e-13,8.69252064e-14,9.770613236e-14,3.433904355e-14,8.834719016e-14,1.314185043e-13,2.65907509e-13,3.266841985e-13,5.741135886e-13,2.548519285e-13,2.012103253e-13,2.857160085e-14,1.723777237e-13,1.04592596e-13,6.654893725e-14,4.266009855e-14,1.583529332e-13,1.004039706e-13,1.96976664e-13,2.057436867e-13,1.348542389e-13,1.504075991e-13,9.518386283e-14,1.151402882e-12,1.532534829e-13
37.515625,2.009191907e-13,1.729842783e-13,3.543798533e-13,9.259184115e-14,2.504379569e-13,8.871479268e-14,7.695358318e-14,1.476019493e-13,8.729153538e-14,9.739475848e-14,3.436967649e-14,8.933160195e-14,1.327584725e-13,2.681114908e-13,3.289577713e-13,5.805440707e-13,2.572438097e-13,2.006132335e-13,2.87743266e-14,1.722611914e-13,1.033707799e-13,6.661122461e-14,4.23688229e-14,1.584066315e-13,1.013108719e-13,1.97687413e-13,2.105404029e-13,1.35998156e-13,1.511529964e-13,9.685763645e-14,1.171649896e-12,1.537154206e-13
37.5234375,2.02228386e-13,1.740225454e-13,3.591970904e-13,9.502641221e-14,2.496892748e-13,8.824310242e-14,7.758444054e-14,1.485243531e-13,8.764906537e-14,9.710635844e-14,3.439552847e-14,9.022531469e-14,1.340606794e-13,2.700379392e-13,3.310499723e-13,5.867277138e-13,2.595072143e-13,1.998403433e-13,2.899510497e-14,1.721537106e-13,1.02151851e-13,6.667308422e-14,4.212482403e-14,1.583537289e-13,1.022348121e-13,1.983737678e-13,2.153412899e-13,1.372183978e-13,1.518387295e-13,9.846696582e-14,1.191730445e-12,1.541689866e-13
37.53125,2.036207263e-13,1.751647334e-13,3.638833647e-13,9.751303527e-14,2.487988956e-13,8.768506853e-14,7.817597187e-14,1.494841151e-13,8.799564536e-14,9.680831851e-14,3.447646301e-14,9.107576473e-14,1.35357579e-13,2.718945033e-13,3.329277256e-13,5.927383271e-13,2.617710776e-13,1.990386572e-13,2.921442698e-14,1.720315576e-13,1.008859567e-13,6.673366675e-14,4.191919802e-14,1.582156994e-13,1.031195259e-13,1.990742762e-13,2.202141693e-13,1.38450398e-13,1.524315101e-13,1.000562161e-13,1.211675555e-12,1.546167046e-13
37.5390625,2.049429685e-13,1.760230439e-13,3.685542806e-13,1.000052511e-13,2.479239341e-13,8.709198337e-14,7.871503657e-14,1.503781769e-13,8.829809148e-14,9.652446122e-14,3.461544949e-14,9.200948651e-14,1.366749979e-13,2.739254815e-13,3.345381505e-13,5.983870587e-13,2.640038632e-13,1.983529492e-13,2.943447025e-14,1.71728351e-13,9.955736098e-14,6.676149687e-14,4.168656181e-14,1.581048255e-13,1.039270047e-13,1.996833546e-13,2.251225987e-13,1.396257063e-13,1.531104619e-13,1.016315564e-13,1.231469833e-12,1.550119069e-13
37.546875,2.061448738e-13,1.767393217e-13,3.731531281e-13,1.025326507e-13,2.471801033e-13,8.653149655e-14,7.925827941e-14,1.512342164e-13,8.858103388e-14,9.628720605e-14,3.479215039e-14,9.294639479e-14,1.379794593e-13,2.758571172e-13,3.360259627e-13,6.03834009e-13,2.662122392e-13,1.977284196e-13,2.966702059e-14,1.713949799e-13,9.825941988e-14,6.675091126e-14,4.141559443e-14,1.580290973e-13,1.047348125e-13,2.002004325e-13,2.300372369e-13,1.408232607e-13,1.539109261e-13,1.031601947e-13,1.250858758e-12,1.553723198e-13
37.5546875,2.074217083e-13,1.77603449e-13,3.776985116e-13,1.051244134e-13,2.465622854e-13,8.599822136e-14,7.983725883e-14,1.521182545e-13,8.887843906e-14,9.608928955e-14,3.501909484e-14,9.38237512e-14,1.392631299e-13,2.775937703e-13,3.376105946e-13,6.093349396e-13,2.685200671e-13,1.971526445e-13,2.992584694e-14,1.71320421e-13,9.701046125e-14,6.673656023e-14,4.114968543e-14,1.578690852e-13,1.055816231e-13,2.0070939e-13,2.349764265e-13,1.420985631e-13,1.546892531e-13,1.046649205e-13,1.26989209e-12,1.557500674e-13
37.5625,2.088927274e-13,1.784615544e-13,3.822713894e-13,1.077848658e-13,2.46122483e-13,8.551922114e-14,8.040875991e-14,1.530280769e-13,8.919024596e-14,9.594391423e-14,3.531451162e-14,9.475733612e-14,1.405028568e-13,2.793455921e-13,3.391429618e-13,6.146147858e-13,2.708499165e-13,1.966386714e-13,3.023232624e-14,1.713718059e-13,9.578311893e-14,6.673753479e-14,4.090192296e-14,1.575426627e-13,1.064043169e-13,2.011489411e-13,2.399197771e-13,1.434802128e-13,1.553880899e-13,1.061559403e-13,1.288772782e-12,1.561126124e-13
37.5703125,2.104376212e-13,1.792621754e-13,3.866756818e-13,1.105945509e-13,2.457026248e-13,8.51091648e-14,8.090916004e-14,1.53974778e-13,8.952499383e-14,9.588655052e-14,3.565714742e-14,9.572894975e-14,1.416470386e-13,2.810728338e-13,3.403356886e-13,6.193961852e-13,2.730547912e-13,1.960653168e-13,3.058217879e-14,1.712268578e-13,9.458889144e-14,6.675543188e-14,4.066910048e-14,1.571442454e-13,1.071701237e-13,2.014473401e-13,2.448400013e-13,1.450249681e-13,1.560670258e-13,1.076196555e-13,1.307333684e-12,1.564164521e-13
37.578125,2.12030506e-13,1.801675046e-13,3.908235718e-13,1.135437587e-13,2.451472352e-13,8.473361251e-14,8.13725896e-14,1.549122547e-13,8.985740686e-14,9.590033532e-14,3.600771283e-14,9.662302251e-14,1.427640187e-13,2.827676704e-13,3.412662692e-13,6.237976459e-13,2.752089804e-13,1.954497999e-13,3.095913959e-14,1.708971107e-13,9.339061918e-14,6.678773214e-14,4.045701442e-14,1.56808409e-13,1.079075208e-13,2.016527348e-13,2.497447872e-13,1.466757911e-13,1.567846143e-13,1.090791469e-13,1.325547259e-12,1.566756716e-13
37.5859375,2.137653303e-13,1.811674493e-13,3.949486488e-13,1.165081548e-13,2.447045535e-13,8.438019439e-14,8.188126965e-14,1.55745909e-13,9.015181154e-14,9.593207239e-14,3.638531055e-14,9.750616723e-14,1.439521566e-13,2.845696769e-13,3.421179051e-13,6.278792634e-13,2.773329537e-13,1.949168188e-13,3.137223193e-14,1.706146182e-13,9.215767277e-14,6.681477213e-14,4.024954961e-14,1.565100273e-13,1.086246394e-13,2.017891022e-13,2.545968968e-13,1.483679258e-13,1.575342617e-13,1.105215915e-13,1.34362415e-12,1.568976114e-13
37.59375,2.15587791e-13,1.822154557e-13,3.990739929e-13,1.195054868e-13,2.445038393e-13,8.403764451e-14,8.23883803e-14,1.565148101e-13,9.044619636e-14,9.596252142e-14,3.68169431e-14,9.843596216e-14,1.451371839e-13,2.863054038e-13,3.428120126e-13,6.315891925e-13,2.793080017e-13,1.943537499e-13,3.181085829e-14,1.704328986e-13,9.094222749e-14,6.682128157e-14,4.003456857e-14,1.561757968e-13,1.09303512e-13,2.018472305e-13,2.59348688e-13,1.501525535e-13,1.582828639e-13,1.118979878e-13,1.361322578e-12,1.570890726e-13
37.6015625,2.174073622e-13,1.832636669e-13,4.030370776e-13,1.225413113e-13,2.443001986e-13,8.368317294e-14,8.283086069e-14,1.572952937e-13,9.075302419e-14,9.600891835e-14,3.725780486e-14,9.931436972e-14,1.462112722e-13,2.877719661e-13,3.432320098e-13,6.349628642e-13,2.811692082e-13,1.936740884e-13,3.223209048e-14,1.701884891e-13,8.97520573e-14,6.680541453e-14,3.983311001e-14,1.558061832e-13,1.099453818e-13,2.018244298e-13,2.640171799e-13,1.520174618e-13,1.590302273e-13,1.132276626e-13,1.378338734e-12,1.572718624e-13
37.609375,2.192859182e-13,1.842448866e-13,4.068968629e-13,1.25476411e-13,2.440918621e-13,8.331091708e-14,8.328187715e-14,1.580635969e-13,9.103753177e-14,9.608148109e-14,3.770082244e-14,1.001311707e-13,1.472160059e-13,2.89133204e-13,3.434252595e-13,6.380301545e-13,2.829714986e-13,1.930224751e-13,3.263922414e-14,1.698500368e-13,8.855152491e-14,6.677468246e-14,3.965584858e-14,1.553833882e-13,1.105568826e-13,2.016974178e-13,2.686165347e-13,1.539394669e-13,1.597543174e-13,1.145487214e-13,1.394891952e-12,1.57459468e-13
37.6171875,2.213492191e-13,1.852433533e-13,4.107466207e-13,1.283738789e-13,2.440939975e-13,8.293321673e-14,8.375114391e-14,1.588282388e-13,9.135176676e-14,9.616653062e-14,3.818839318e-14,1.009894844e-13,1.482335488e-13,2.905863823e-13,3.434275938e-13,6.40731023e-13,2.846186043e-13,1.92416163e-13,3.30785235e-14,1.695560387e-13,8.735493339e-14,6.676548133e-14,3.949463928e-14,1.549021898e-13,1.111155168e-13,2.014849815e-13,2.731386744e-13,1.559855163e-13,1.604021035e-13,1.158412208e-13,1.411188739e-12,1.576640158e-13
37.625,2.235580797e-13,1.863063937e-13,4.145246978e-13,1.314788096e-13,2.441883947e-13,8.25792872e-14,8.414951425e-14,1.59622022e-13,9.17247344e-14,9.627225746e-14,3.86769467e-14,1.019155205e-13,1.49262014e-13,2.921165373e-13,3.431767622e-13,6.429234291e-13,2.861070734e-13,1.917889501e-13,3.355160227e-14,1.692249589e-13,8.614442728e-14,6.67827225e-14,3.935274111e-14,1.544358642e-13,1.116027613e-13,2.011961635e-13,2.776186431e-13,1.581048771e-13,1.610084725e-13,1.170896044e-13,1.427179592e-12,1.578255009e-13
37.6328125,2.256559951e-13,1.873569422e-13,4.181768708e-13,1.347768767e-13,2.441600894e-13,8.222526367e-14,8.449935891e-14,1.60388845e-13,9.204846236e-14,9.644103794e-14,3.913591224e-14,1.028588458e-13,1.502542298e-13,2.935688069e-13,3.427097242e-13,6.446539985e-13,2.875643459e-13,1.912359352e-13,3.402159327e-14,1.687136289e-13,8.488631722e-14,6.675450607e-14,3.922706757e-14,1.539920034e-13,1.1203796e-13,2.007776633e-13,2.821224284e-13,1.601629185e-13,1.616733413e-13,1.183158619e-13,1.442785336e-12,1.578317804e-13
37.640625,2.275974909e-13,1.883571157e-13,4.216970394e-13,1.379881754e-13,2.441423197e-13,8.1815689e-14,8.483301986e-14,1.610894724e-13,9.22812571e-14,9.666282389e-14,3.965521427e-14,1.037747514e-13,1.511759576e-13,2.948415594e-13,3.421440202e-13,6.461724649e-13,2.890238918e-13,1.907763965e-13,3.44860461e-14,1.681872268e-13,8.364602883e-14,6.66536023e-14,3.909869454e-14,1.534675998e-13,1.124319295e-13,2.002598416e-13,2.866543287e-13,1.621552615e-13,1.623759895e-13,1.195387046e-13,1.45775424e-12,1.577175603e-13
37.6484375,2.296808574e-13,1.892658232e-13,4.251079958e-13,1.410121798e-13,2.443562243e-13,8.140409053e-14,8.508515205e-14,1.617502374e-13,9.250147743e-14,9.688162926e-14,4.029122687e-14,1.046640883e-13,1.520050481e-13,2.960633865e-13,3.413868341e-13,6.473417922e-13,2.903728297e-13,1.903042169e-13,3.49706027e-14,1.677339435e-13,8.247187664e-14,6.653694628e-14,3.896622998e-14,1.52815884e-13,1.127592691e-13,1.996981067e-13,2.910991267e-13,1.641829478e-13,1.629421372e-13,1.207723317e-13,1.47191491e-12,1.576027398e-13
37.65625,2.319587651e-13,1.901501801e-13,4.2849758e-13,1.440594786e-13,2.447850096e-13,8.104041198e-14,8.525522753e-14,1.623772502e-13,9.273113307e-14,9.710510771e-14,4.100342866e-14,1.055719637e-13,1.527595345e-13,2.973365732e-13,3.402947906e-13,6.478849504e-13,2.914839343e-13,1.898344323e-13,3.548344565e-14,1.672049783e-13,8.129938006e-14,6.642671024e-14,3.884375895e-14,1.52140155e-13,1.130063317e-13,1.990350803e-13,2.953650359e-13,1.663388249e-13,1.632907506e-13,1.22024435e-13,1.485573242e-12,1.574740221e-13
37.6640625,2.341625309e-13,1.910635171e-13,4.319414111e-13,1.471610462e-13,2.453257976e-13,8.063244265e-14,8.538841343e-14,1.629805959e-13,9.295277206e-14,9.735880075e-14,4.175446004e-14,1.065192803e-13,1.535349713e-13,2.985980166e-13,3.390072054e-13,6.480617024e-13,2.924207377e-13,1.894425663e-13,3.601990894e-14,1.666139589e-13,8.009082088e-14,6.631375293e-14,3.873180251e-14,1.515873122e-13,1.132027818e-13,1.982556517e-13,2.995740742e-13,1.685221072e-13,1.636175969e-13,1.232578817e-13,1.499063144e-12,1.572704796e-13
37.671875,2.361674921e-13,1.917165629e-13,4.353740577e-13,1.500753466e-13,2.459865949e-13,8.011444453e-14,8.547670077e-14,1.635826615e-13,9.317715198e-14,9.761297908e-14,4.254932586e-14,1.074886019e-13,1.543607838e-13,2.998909079e-13,3.376152489e-13,6.480172182e-13,2.933495847e-13,1.891453613e-13,3.65714209e-14,1.659942347e-13,7.890680823e-14,6.620510319e-14,3.862696051e-14,1.511350443e-13,1.133864846e-13,1.974144078e-13,3.039045349e-13,1.70534672e-13,1.641166984e-13,1.24419496e-13,1.512279758e-12,1.569969637e-13
37.6796875,2.379890944e-13,1.920622905e-13,4.386352528e-13,1.528644239e-13,2.468336694e-13,7.95165673e-14,8.552608854e-14,1.641737365e-13,9.339053291e-14,9.788153172e-14,4.341108842e-14,1.084635086e-13,1.550866321e-13,3.01167413e-13,3.359459883e-13,6.474407295e-13,2.941873739e-13,1.888999339e-13,3.711928247e-14,1.652569876e-13,7.78244272e-14,6.607101693e-14,3.853368934e-14,1.506172293e-13,1.135414919e-13,1.964863403e-13,3.082851081e-13,1.724909345e-13,1.646571156e-13,1.255135334e-13,1.524826362e-12,1.566592582e-13
37.6875,2.397544758e-13,1.925241961e-13,4.417280322e-13,1.556813923e-13,2.478470537e-13,7.889613461e-14,8.554851354e-14,1.647483051e-13,9.358046759e-14,9.822683756e-14,4.432492854e-14,1.094266614e-13,1.556546389e-13,3.022066722e-13,3.34041764e-13,6.464132596e-13,2.947828223e-13,1.886150662e-13,3.766535299e-14,1.644499962e-13,7.684979629e-14,6.588969811e-14,3.8442106e-14,1.500110187e-13,1.13618137e-13,1.954074274e-13,3.124820804e-13,1.745715996e-13,1.650334259e-13,1.26565163e-13,1.536456284e-12,1.562607172e-13
37.6953125,2.417022038e-13,1.930811208e-13,4.448493912e-13,1.583248175e-13,2.489008025e-13,7.836394127e-14,8.554585508e-14,1.653033303e-13,9.377455622e-14,9.86292397e-14,4.525478706e-14,1.103933236e-13,1.56263041e-13,3.032033068e-13,3.321769314e-13,6.452197093e-13,2.952979838e-13,1.883256862e-13,3.824902235e-14,1.635707949e-13,7.590400544e-14,6.571995419e-14,3.833640074e-14,1.494129065e-13,1.136311549e-13,1.941487683e-13,3.164740231e-13,1.766463716e-13,1.653065021e-13,1.275618904e-13,1.547485574e-12,1.558089402e-13
37.703125,2.438234983e-13,1.934107269e-13,4.480724811e-13,1.608584792e-13,2.499601729e-13,7.796084684e-14,8.553765165e-14,1.658161482e-13,9.398893044e-14,9.902643058e-14,4.622706592e-14,1.114102582e-13,1.570125954e-13,3.045209684e-13,3.303384815e-13,6.437055664e-13,2.958647919e-13,1.881788657e-13,3.889532226e-14,1.625309685e-13,7.492791003e-14,6.559712472e-14,3.823408923e-14,1.488133829e-13,1.136318732e-13,1.927920429e-13,3.204895818e-13,1.787032263e-13,1.656439508e-13,1.28531783e-13,1.558336936e-12,1.553125062e-13
37.7109375,2.459075922e-13,1.936388393e-13,4.513279201e-13,1.635867408e-13,2.511681125e-13,7.756992575e-14,8.549808114e-14,1.66300641e-13,9.420858351e-14,9.943023004e-14,4.727815862e-14,1.124725276e-13,1.577553012e-13,3.059633576e-13,3.28338714e-13,6.418119844e-13,2.963432942e-13,1.88149232e-13,3.957682661e-14,1.614859562e-13,7.394962309e-14,6.546628591e-14,3.816453078e-14,1.482150895e-13,1.13609921e-13,1.915240175e-13,3.246455512e-13,1.808942125e-13,1.660916127e-13,1.295574239e-13,1.568802673e-12,1.548128152e-13
37.71875,2.478986986e-13,1.93861627e-13,4.54578621e-13,1.662798901e-13,2.526099654e-13,7.713219668e-14,8.540829874e-14,1.667826529e-13,9.440693183e-14,9.989342479e-14,4.839469312e-14,1.135535834e-13,1.584114111e-13,3.07265487e-13,3.261880927e-13,6.39769048e-13,2.967502956e-13,1.881491754e-13,4.025817759e-14,1.605284522e-13,7.301412888e-14,6.528674903e-14,3.812513558e-14,1.476739417e-13,1.135498127e-13,1.903271476e-13,3.288532359e-13,1.831192749e-13,1.665882445e-13,1.306233869e-13,1.578578916e-12,1.543084086e-13
37.7265625,2.498891929e-13,1.939604456e-13,4.576702415e-13,1.686944529e-13,2.542230915e-13,7.67015369e-14,8.530667868e-14,1.67230323e-13,9.458143989e-14,1.004277108e-13,4.955515386e-14,1.146495141e-13,1.59033958e-13,3.085619512e-13,3.23881786e-13,6.374732079e-13,2.972073638e-13,1.882345475e-13,4.095420257e-14,1.594979776e-13,7.21423181e-14,6.508961917e-14,3.810747261e-14,1.470978023e-13,1.134603944e-13,1.889682919e-13,3.330479131e-13,1.853274086e-13,1.670202497e-13,1.316246856e-13,1.587762966e-12,1.53745727e-13
37.734375,2.519823737e-13,1.940628064e-13,4.604746563e-13,1.710235804e-13,2.559331239e-13,7.628865171e-14,8.515374732e-14,1.676068881e-13,9.476372025e-14,1.009942288e-13,5.07196522e-14,1.157199883e-13,1.596126688e-13,3.098463402e-13,3.212721402e-13,6.346041164e-13,2.975495031e-13,1.883841436e-13,4.169116718e-14,1.583728476e-13,7.133463154e-14,6.490620602e-14,3.811684104e-14,1.464154335e-13,1.132918455e-13,1.874159097e-13,3.371715057e-13,1.876297651e-13,1.673351806e-13,1.325547454e-13,1.596283544e-12,1.531262539e-13
37.7421875,2.540566967e-13,1.941599924e-13,4.632720669e-13,1.732811209e-13,2.576798197e-13,7.588197809e-14,8.491331605e-14,1.679089249e-13,9.494014699e-14,1.015558253e-13,5.188014078e-14,1.167716702e-13,1.601241164e-13,3.110111778e-13,3.184852717e-13,6.312917465e-13,2.976934804e-13,1.885150786e-13,4.244131566e-14,1.57194736e-13,7.056499018e-14,6.471411788e-14,3.813606e-14,1.457538042e-13,1.130188387e-13,1.858028412e-13,3.411766024e-13,1.899033745e-13,1.676307559e-13,1.334923907e-13,1.604086644e-12,1.52435425e-13
37.75,2.558826763e-13,1.939948954e-13,4.663131524e-13,1.754554747e-13,2.595007926e-13,7.550159657e-14,8.467602417e-14,1.681308257e-13,9.506298147e-14,1.021267859e-13,5.310361917e-14,1.179160173e-13,1.60629309e-13,3.122760177e-13,3.158729491e-13,6.279939369e-13,2.978616206e-13,1.887211557e-13,4.31863736e-14,1.55982641e-13,6.981236304e-14,6.449405536e-14,3.814329228e-14,1.451553894e-13,1.12715967e-13,1.841507444e-13,3.452078851e-13,1.920512817e-13,1.680147666e-13,1.34444281e-13,1.61155584e-12,1.516361772e-13
37.7578125,2.576515544e-13,1.937068097e-13,4.693412258e-13,1.777261242e-13,2.615396325e-13,7.514163486e-14,8.444365641e-14,1.682858274e-13,9.516633953e-14,1.027538217e-13,5.438776075e-14,1.191477601e-13,1.611692443e-13,3.137132838e-13,3.133411953e-13,6.246564539e-13,2.979841064e-13,1.890192377e-13,4.397001403e-14,1.549400101e-13,6.905596984e-14,6.428322186e-14,3.815576814e-14,1.445242538e-13,1.12387737e-13,1.824709343e-13,3.493199225e-13,1.942327875e-13,1.684619994e-13,1.353657267e-13,1.618660156e-12,1.508298511e-13
37.765625,2.595568241e-13,1.935960784e-13,4.721411167e-13,1.799312198e-13,2.63766121e-13,7.474412429e-14,8.412652858e-14,1.684257318e-13,9.530831103e-14,1.034612937e-13,5.568030772e-14,1.203247543e-13,1.616991679e-13,3.150327019e-13,3.104929974e-13,6.207848649e-13,2.977554078e-13,1.892373608e-13,4.479478463e-14,1.540793937e-13,6.827839554e-14,6.409983916e-14,3.818495882e-14,1.438714785e-13,1.119593941e-13,1.807794277e-13,3.53297632e-13,1.964925672e-13,1.688931245e-13,1.362538586e-13,1.624891308e-12,1.501044259e-13
37.7734375,2.613496532e-13,1.934798133e-13,4.749160624e-13,1.818635425e-13,2.660367494e-13,7.42760993e-14,8.37770847e-14,1.685740434e-13,9.546735347e-14,1.042149522e-13,5.701839437e-14,1.214465524e-13,1.621735855e-13,3.162489854e-13,3.073894142e-13,6.164350133e-13,2.973670342e-13,1.894589365e-13,4.561513585e-14,1.530517401e-13,6.75363564e-14,6.390438574e-14,3.821703929e-14,1.432494895e-13,1.114767699e-13,1.790047029e-13,3.571716344e-13,1.987485143e-13,1.693017316e-13,1.371235919e-13,1.630389166e-12,1.49339617e-13
37.78125,2.630922868e-13,1.93049057e-13,4.778663405e-13,1.836830513e-13,2.683648597e-13,7.382907374e-14,8.345783296e-14,1.686772432e-13,9.561506188e-14,1.049551589e-13,5.841707106e-14,1.226345932e-13,1.626248463e-13,3.176811175e-13,3.042932886e-13,6.119353777e-13,2.971833193e-13,1.899590441e-13,4.645239699e-14,1.517232512e-13,6.688184598e-14,6.369831402e-14,3.827621513e-14,1.426366309e-13,1.110242824e-13,1.771425454e-13,3.612210147e-13,2.009682044e-13,1.697462412e-13,1.379839448e-13,1.635650434e-12,1.484338403e-13
37.7890625,2.650164954e-13,1.924258011e-13,4.809965049e-13,1.854730642e-13,2.707814298e-13,7.348199898e-14,8.310389747e-14,1.686843339e-13,9.57563581e-14,1.056883558e-13,5.983766961e-14,1.239223137e-13,1.631067243e-13,3.193236264e-13,3.011381281e-13,6.07080958e-13,2.97004828e-13,1.906880683e-13,4.733470968e-14,1.503006729e-13,6.625938227e-14,6.352019546e-14,3.838622263e-14,1.420172713e-13,1.105406566e-13,1.752634323e-13,3.654141855e-13,2.031163338e-13,1.702409037e-13,1.38851963e-13,1.640563178e-12,1.474600974e-13
37.796875,2.66807105e-13,1.918372236e-13,4.842205955e-13,1.871475782e-13,2.733362817e-13,7.310525013e-14,8.268270986e-14,1.686424279e-13,9.588677493e-14,1.064635649e-13,6.129456071e-14,1.252826881e-13,1.635817479e-13,3.209626503e-13,2.978936966e-13,6.017769548e-13,2.964956641e-13,1.914349549e-13,4.821433868e-14,1.489667929e-13,6.564501522e-14,6.333809038e-14,3.848996133e-14,1.41379933e-13,1.099469153e-13,1.7335634e-13,3.695571073e-13,2.052116612e-13,1.707155715e-13,1.397181004e-13,1.644747531e-12,1.464901206e-13
37.8046875,2.684028503e-13,1.912042438e-13,4.873913059e-13,1.885724893e-13,2.761928947e-13,7.258611785e-14,8.221575985e-14,1.685991212e-13,9.601028286e-14,1.072655294e-13,6.27867105e-14,1.26686055e-13,1.639854907e-13,3.226061735e-13,2.946169655e-13,5.962285822e-13,2.957192731e-13,1.922302231e-13,4.90708793e-14,1.476917803e-13,6.508581201e-14,6.310444293e-14,3.854815137e-14,1.407167609e-13,1.092815843e-13,1.713854207e-13,3.736450072e-13,2.072935356e-13,1.711233714e-13,1.405484198e-13,1.648146241e-12,1.454994473e-13
37.8125,2.702072244e-13,1.904848711e-13,4.904938171e-13,1.896423008e-13,2.792765383e-13,7.204354825e-14,8.170755267e-14,1.68483197e-13,9.612775035e-14,1.080635312e-13,6.432432413e-14,1.280847063e-13,1.643737791e-13,3.243408382e-13,2.911426767e-13,5.902774941e-13,2.948342512e-13,1.931539164e-13,4.993764931e-14,1.462816005e-13,6.453748081e-14,6.286059e-14,3.862907882e-14,1.400622317e-13,1.085993049e-13,1.693696831e-13,3.777549311e-13,2.093363864e-13,1.715280226e-13,1.413441062e-13,1.65094466e-12,1.444548369e-13
37.8203125,2.721080284e-13,1.898272889e-13,4.936583195e-13,1.906304139e-13,2.823279778e-13,7.156830829e-14,8.117393305e-14,1.682596345e-13,9.621820499e-14,1.088934736e-13,6.598068008e-14,1.294715391e-13,1.648223326e-13,3.261035658e-13,2.875108424e-13,5.840367056e-13,2.939507876e-13,1.941605451e-13,5.082007391e-14,1.447402945e-13,6.392848418e-14,6.265929636e-14,3.878526929e-14,1.394301846e-13,1.079097605e-13,1.673615667e-13,3.819725211e-13,2.11362922e-13,1.720343086e-13,1.42124266e-13,1.653230163e-12,1.433917903e-13
37.828125,2.738383654e-13,1.89184321e-13,4.968475618e-13,1.917954475e-13,2.853622652e-13,7.109734766e-14,8.062743924e-14,1.680454365e-13,9.629935596e-14,1.097876129e-13,6.771517619e-14,1.308794378e-13,1.652707456e-13,3.278216371e-13,2.840236326e-13,5.780504696e-13,2.932093632e-13,1.95268421e-13,5.171827319e-14,1.43282294e-13,6.331546491e-14,6.247553844e-14,3.897455422e-14,1.38798072e-13,1.072192627e-13,1.653802433e-13,3.862950706e-13,2.134146052e-13,1.726631988e-13,1.428810625e-13,1.654800127e-12,1.423502531e-13
37.8359375,2.755460659e-13,1.884728455e-13,4.999783934e-13,1.928787672e-13,2.885093108e-13,7.06058243e-14,8.008332672e-14,1.679093231e-13,9.640744541e-14,1.107149421e-13,6.943120153e-14,1.323210561e-13,1.656608074e-13,3.295993542e-13,2.806652232e-13,5.721966224e-13,2.926007251e-13,1.965560419e-13,5.264460445e-14,1.418754839e-13,6.278757396e-14,6.227122833e-14,3.915269298e-14,1.381315659e-13,1.065249059e-13,1.633317862e-13,3.906096513e-13,2.154684193e-13,1.733428813e-13,1.436081246e-13,1.655618331e-12,1.412718191e-13
37.84375,2.772844872e-13,1.877508454e-13,5.03201358e-13,1.936762923e-13,2.917988575e-13,7.011842223e-14,7.955816868e-14,1.677840624e-13,9.652799904e-14,1.116320564e-13,7.115955753e-14,1.338098034e-13,1.660520626e-13,3.315930874e-13,2.773194749e-13,5.661419717e-13,2.92038122e-13,1.979900287e-13,5.358630233e-14,1.404455435e-13,6.234824985e-14,6.205907169e-14,3.931630656e-14,1.373857793e-13,1.058172131e-13,1.611727802e-13,3.949485788e-13,2.174714835e-13,1.740324885e-13,1.443203842e-13,1.656053411e-12,1.401189575e-13
37.8515625,2.789937094e-13,1.868784241e-13,5.065740317e-13,1.942577327e-13,2.952210363e-13,6.963770387e-14,7.900383985e-14,1.676192745e-13,9.6642511e-14,1.125658662e-13,7.290551665e-14,1.35339272e-13,1.66449676e-13,3.337009063e-13,2.740571183e-13,5.600629677e-13,2.914913325e-13,1.994596305e-13,5.452552729e-14,1.391428741e-13,6.194241306e-14,6.186280083e-14,3.947131504e-14,1.365850835e-13,1.051009466e-13,1.590515129e-13,3.993554475e-13,2.193489694e-13,1.747787927e-13,1.450298218e-13,1.656119584e-12,1.389865522e-13
37.859375,2.807224556e-13,1.858402897e-13,5.099304032e-13,1.9467734e-13,2.986254066e-13,6.917667108e-14,7.83944798e-14,1.673923155e-13,9.676444515e-14,1.135942061e-13,7.462315703e-14,1.36866457e-13,1.667861942e-13,3.357434113e-13,2.708166464e-13,5.539140848e-13,2.908949341e-13,2.00959172e-13,5.545750399e-14,1.378812425e-13,6.151304574e-14,6.169425773e-14,3.963223644e-14,1.35798653e-13,1.043696074e-13,1.570235699e-13,4.037114189e-13,2.211508093e-13,1.756352841e-13,1.457357134e-13,1.655533822e-12,1.379200455e-13
37.8671875,2.824605036e-13,1.849105823e-13,5.133637548e-13,1.950269207e-13,3.019615615e-13,6.872384552e-14,7.779513457e-14,1.670716247e-13,9.690579152e-14,1.146867624e-13,7.637267105e-14,1.384150151e-13,1.671327782e-13,3.379185952e-13,2.675585851e-13,5.475851918e-13,2.903381005e-13,2.026412182e-13,5.638326498e-14,1.364471501e-13,6.10500729e-14,6.156989639e-14,3.981242451e-14,1.350309329e-13,1.036232929e-13,1.549686651e-13,4.081061106e-13,2.230044992e-13,1.766268291e-13,1.464340465e-13,1.654594642e-12,1.368382429e-13
37.875,2.841562982e-13,1.839323242e-13,5.171147159e-13,1.951990544e-13,3.054317386e-13,6.8237775e-14,7.721756888e-14,1.666960622e-13,9.707069323e-14,1.157326174e-13,7.818700381e-14,1.400562586e-13,1.676054391e-13,3.40424013e-13,2.644110384e-13,5.413585249e-13,2.899770222e-13,2.045587877e-13,5.73136631e-14,1.349687688e-13,6.058092654e-14,6.147084925e-14,4.001815486e-14,1.34290041e-13,1.028985162e-13,1.52912358e-13,4.127485033e-13,2.247981445e-13,1.777718771e-13,1.471228473e-13,1.653582381e-12,1.357007818e-13
37.8828125,2.856480019e-13,1.826428537e-13,5.210163442e-13,1.950485327e-13,3.08979375e-13,6.772877519e-14,7.662105572e-14,1.66305574e-13,9.722400474e-14,1.167542073e-13,7.999266288e-14,1.417633905e-13,1.681164425e-13,3.429526174e-13,2.61323542e-13,5.351922126e-13,2.895892732e-13,2.065335645e-13,5.82440369e-14,1.335580346e-13,6.011815036e-14,6.133698255e-14,4.026111326e-14,1.335703215e-13,1.021963447e-13,1.509692464e-13,4.175373819e-13,2.263840547e-13,1.790573423e-13,1.47791394e-13,1.652046985e-12,1.345331656e-13
37.890625,2.868206642e-13,1.81256582e-13,5.248225813e-13,1.948422543e-13,3.123776889e-13,6.722143332e-14,7.60286617e-14,1.658347618e-13,9.729197635e-14,1.178168421e-13,8.177337184e-14,1.434540474e-13,1.685270669e-13,3.452675266e-13,2.582510928e-13,5.288901351e-13,2.890093059e-13,2.085111551e-13,5.914887534e-14,1.321329887e-13,5.966768942e-14,6.116041542e-14,4.052921958e-14,1.327574782e-13,1.014745678e-13,1.490857659e-13,4.223281366e-13,2.278236041e-13,1.804402153e-13,1.484280613e-13,1.649737418e-12,1.33353964e-13
37.8984375,2.87933492e-13,1.797769854e-13,5.286148591e-13,1.945196597e-13,3.157046374e-13,6.667332477e-14,7.545450206e-14,1.652533274e-13,9.728229886e-14,1.188670563e-13,8.356856074e-14,1.451076574e-13,1.688848467e-13,3.475585555e-13,2.552954742e-13,5.225963796e-13,2.884755185e-13,2.10609208e-13,6.001260313e-14,1.307128885e-13,5.923208363e-14,6.09857931e-14,4.079462477e-14,1.318374528e-13,1.007411337e-13,1.471865292e-13,4.271054938e-13,2.291204068e-13,1.818827145e-13,1.490348189e-13,1.646858419e-12,1.321793194e-13
37.90625,2.890938902e-13,1.78158207e-13,5.323426933e-13,1.937196532e-13,3.190147997e-13,6.604517089e-14,7.486853499e-14,1.646442257e-13,9.728205206e-14,1.199006874e-13,8.537279483e-14,1.467291324e-13,1.692771784e-13,3.498728654e-13,2.523061289e-13,5.161782884e-13,2.878989049e-13,2.127228311e-13,6.083132557e-14,1.29269353e-13,5.878752828e-14,6.081409108e-14,4.107341165e-14,1.309665592e-13,1.000097933e-13,1.452962386e-13,4.317671578e-13,2.303092496e-13,1.833638648e-13,1.495822103e-13,1.643334813e-12,1.310021467e-13
37.9140625,2.900817883e-13,1.768320141e-13,5.358883012e-13,1.928764129e-13,3.222717162e-13,6.539933724e-14,7.427606556e-14,1.640471546e-13,9.730221694e-14,1.209955717e-13,8.716832338e-14,1.48333876e-13,1.696745221e-13,3.521240431e-13,2.491609441e-13,5.095081389e-13,2.870038365e-13,2.147343142e-13,6.162886745e-14,1.277314011e-13,5.8337333e-14,6.06250948e-14,4.138378949e-14,1.301769179e-13,9.92424064e-14,1.434157189e-13,4.363442955e-13,2.315909741e-13,1.849173612e-13,1.50034795e-13,1.639195307e-12,1.298037846e-13
37.921875,2.909570385e-13,1.757229741e-13,5.396251324e-13,1.923309855e-13,3.256698956e-13,6.481206972e-14,7.369114149e-14,1.634175206e-13,9.729790164e-14,1.221314315e-13,8.90075699e-14,1.499940149e-13,1.700495009e-13,3.544666687e-13,2.461418424e-13,5.030196489e-13,2.861080119e-13,2.168474649e-13,6.245246256e-14,1.262323225e-13,5.793069076e-14,6.043686734e-14,4.169166917e-14,1.293770314e-13,9.845569802e-14,1.415399546e-13,4.410534004e-13,2.329501327e-13,1.866148748e-13,1.504527243e-13,1.634805215e-12,1.286060951e-13
37.9296875,2.918035079e-13,1.743180004e-13,5.437930856e-13,1.915382267e-13,3.292347324e-13,6.423523368e-14,7.310345606e-14,1.62735946e-13,9.727691411e-14,1.232448115e-13,9.096956734e-14,1.517451243e-13,1.704278198e-13,3.569292687e-13,2.43373324e-13,4.967672456e-13,2.854361987e-13,2.191421804e-13,6.330061192e-14,1.24835658e-13,5.756074858e-14,6.026005865e-14,4.198396574e-14,1.285609266e-13,9.770016979e-14,1.397247418e-13,4.45892889e-13,2.342112017e-13,1.884510206e-13,1.508924098e-13,1.630031744e-12,1.274285488e-13
37.9375,2.925493556e-13,1.728356852e-13,5.479871896e-13,1.904538005e-13,3.327009694e-13,6.360561106e-14,7.250475371e-14,1.620238824e-13,9.723989016e-14,1.243317821e-13,9.299675762e-14,1.535104861e-13,1.707986099e-13,3.593074381e-13,2.406634591e-13,4.903584125e-13,2.846549124e-13,2.214206836e-13,6.41397327e-14,1.234435992e-13,5.716049182e-14,6.00828815e-14,4.229112201e-14,1.277391826e-13,9.692613273e-14,1.38016159e-13,4.507444282e-13,2.353684084e-13,1.903778077e-13,1.512987979e-13,1.624505891e-12,1.26260016e-13
37.9453125,2.934203372e-13,1.715486374e-13,5.521343588e-13,1.895097784e-13,3.360325446e-13,6.301408225e-14,7.190177945e-14,1.613083735e-13,9.717022937e-14,1.254271516e-13,9.497950821e-14,1.552464401e-13,1.711626808e-13,3.616845238e-13,2.380323936e-13,4.839791242e-13,2.838441107e-13,2.237121604e-13,6.498233085e-14,1.220805734e-13,5.67371115e-14,5.99204886e-14,4.2612981e-14,1.268771868e-13,9.6105028e-14,1.363914945e-13,4.556375581e-13,2.364654415e-13,1.924435717e-13,1.516658312e-13,1.618485233e-12,1.251018962e-13
37.953125,2.944590034e-13,1.701797532e-13,5.566920437e-13,1.884789841e-13,3.393450419e-13,6.255781059e-14,7.134585175e-14,1.606129702e-13,9.712544955e-14,1.265859046e-13,9.698686677e-14,1.570149184e-13,1.715881769e-13,3.643243232e-13,2.356171343e-13,4.779090169e-13,2.834163897e-13,2.262224218e-13,6.58447972e-14,1.207275962e-13,5.637260949e-14,5.979744901e-14,4.293888521e-14,1.259726171e-13,9.534973453e-14,1.347816722e-13,4.605678098e-13,2.375559189e-13,1.946951831e-13,1.520555424e-13,1.612331044e-12,1.239632074e-13
37.9609375,2.95321288e-13,1.687395938e-13,5.61627002e-13,1.871513747e-13,3.426704033e-13,6.214302498e-14,7.087492095e-14,1.599257511e-13,9.714317257e-14,1.277802343e-13,9.909021248e-14,1.588519364e-13,1.720910559e-13,3.671936392e-13,2.333495158e-13,4.718841338e-13,2.831794318e-13,2.289572175e-13,6.671416914e-14,1.192537497e-13,5.607961694e-14,5.97027433e-14,4.329277931e-14,1.250529586e-13,9.471817381e-14,1.33174773e-13,4.655104968e-13,2.386693035e-13,1.970673008e-13,1.524323099e-13,1.605960915e-12,1.228443172e-13
37.96875,2.960400342e-13,1.674024403e-13,5.666352684e-13,1.857155864e-13,3.460902913e-13,6.164554236e-14,7.043404873e-14,1.591967566e-13,9.715133043e-14,1.289202121e-13,1.011976075e-13,1.607662968e-13,1.726199906e-13,3.701423558e-13,2.311634255e-13,4.658001891e-13,2.828011925e-13,2.318293409e-13,6.760605274e-14,1.177347094e-13,5.578779803e-14,5.961237367e-14,4.367590028e-14,1.241548535e-13,9.411699285e-14,1.316447929e-13,4.705766563e-13,2.396896188e-13,1.995566141e-13,1.527584042e-13,1.59930668e-12,1.217365066e-13
37.9765625,2.967969939e-13,1.660611922e-13,5.718939905e-13,1.841403729e-13,3.496266398e-13,6.113259495e-14,6.999932097e-14,1.583924126e-13,9.711632511e-14,1.300510418e-13,1.033009989e-13,1.628035917e-13,1.731811378e-13,3.73219889e-13,2.291286938e-13,4.598555424e-13,2.824283012e-13,2.347860765e-13,6.853371907e-14,1.163207456e-13,5.54647352e-14,5.953032002e-14,4.405369919e-14,1.232890231e-13,9.348841865e-14,1.302081181e-13,4.757877551e-13,2.406481355e-13,2.022645765e-13,1.53084522e-13,1.592400474e-12,1.206220396e-13
37.984375,2.974852111e-13,1.647117031e-13,5.775409259e-13,1.824490069e-13,3.531307579e-13,6.071850121e-14,6.962209463e-14,1.575241281e-13,9.708110853e-14,1.312507658e-13,1.054705919e-13,1.649270366e-13,1.737815238e-13,3.76446119e-13,2.272848794e-13,4.540337741e-13,2.821713991e-13,2.377764305e-13,6.9443963e-14,1.149784343e-13,5.514158432e-14,5.947139665e-14,4.443061687e-14,1.22426609e-13,9.287200845e-14,1.288462396e-13,4.810289004e-13,2.416756616e-13,2.052168321e-13,1.534171253e-13,1.585153907e-12,1.195222447e-13
37.9921875,2.980982645e-13,1.632925285e-13,5.833243568e-13,1.807378916e-13,3.564070959e-13,6.033086823e-14,6.926910165e-14,1.566206252e-13,9.702380556e-14,1.324515855e-13,1.076554226e-13,1.670316639e-13,1.743533109e-13,3.796181251e-13,2.256071793e-13,4.483161716e-13,2.819277748e-13,2.408183192e-13,7.028770037e-14,1.13644113e-13,5.48363357e-14,5.941790646e-14,4.484279291e-14,1.215848863e-13,9.229500059e-14,1.276277377e-13,4.863202213e-13,2.425577161e-13,2.084144902e-13,1.537308095e-13,1.577607518e-12,1.184725973e-13
38,2.985931014e-13,1.616828884e-13,5.891621164e-13,1.788496018e-13,3.593432094e-13,5.984733746e-14,6.889354394e-14,1.556852791e-13,9.689286254e-14,1.336000855e-13,1.098302067e-13,1.691245238e-13,1.74881869e-13,3.826344779e-13,2.240903863e-13,4.42841819e-13,2.817153588e-13,2.439167671e-13,7.108623875e-14,1.122976023e-13,5.453690723e-14,5.93350899e-14,4.527699599e-14,1.207659937e-13,9.174970719e-14,1.265316221e-13,4.916988779e-13,2.43118254e-13,2.118770076e-13,1.540283369e-13,1.569894445e-12,1.17417687e-13
38.0078125,2.988800506e-13,1.602279833e-13,5.951947335e-13,1.769363634e-13,3.621415358e-13,5.93457666e-14,6.857470004e-14,1.546992961e-13,9.671909717e-14,1.34753087e-13,1.120376943e-13,1.712444963e-13,1.754384964e-13,3.857144017e-13,2.227578728e-13,4.375645333e-13,2.815928741e-13,2.470029784e-13,7.189932202e-14,1.109176043e-13,5.425186999e-14,5.923054942e-14,4.568212541e-14,1.198637831e-13,9.122955738e-14,1.254131508e-13,4.970627238e-13,2.436503252e-13,2.154997146e-13,1.542846686e-13,1.56190918e-12,1.162912988e-13
38.015625,2.99273479e-13,1.591514822e-13,6.0145968e-13,1.752875317e-13,3.651462603e-13,5.89766392e-14,6.834279139e-14,1.536779681e-13,9.656536666e-14,1.35971866e-13,1.142496005e-13,1.733684855e-13,1.760627504e-13,3.890578948e-13,2.216324889e-13,4.323949069e-13,2.8160264e-13,2.501311249e-13,7.279014568e-14,1.09551155e-13,5.400728658e-14,5.915314936e-14,4.60618228e-14,1.188688731e-13,9.074379584e-14,1.243169179e-13,5.024532492e-13,2.443929964e-13,2.192371552e-13,1.545028019e-13,1.553541054e-12,1.151551426e-13
38.0234375,2.998352102e-13,1.580507227e-13,6.07975961e-13,1.735614735e-13,3.682846983e-13,5.87062863e-14,6.81199869e-14,1.526751071e-13,9.644943148e-14,1.372683423e-13,1.164810879e-13,1.755397707e-13,1.767334786e-13,3.92542247e-13,2.207241313e-13,4.274858775e-13,2.81781774e-13,2.53404125e-13,7.374981543e-14,1.082791066e-13,5.379524207e-14,5.911751501e-14,4.646891583e-14,1.179338093e-13,9.031577944e-14,1.233962069e-13,5.079835213e-13,2.452135968e-13,2.232444821e-13,1.547318245e-13,1.544920285e-12,1.140913065e-13
38.03125,3.0007014e-13,1.567057507e-13,6.147696611e-13,1.714563153e-13,3.712583585e-13,5.839933909e-14,6.791783641e-14,1.517043344e-13,9.633294469e-14,1.385735505e-13,1.18795063e-13,1.777923515e-13,1.773945354e-13,3.959345534e-13,2.200171304e-13,4.229102878e-13,2.819846504e-13,2.567187896e-13,7.466076453e-14,1.071351947e-13,5.359725577e-14,5.907826619e-14,4.69055646e-14,1.170959104e-13,8.994510173e-14,1.225952432e-13,5.134986849e-13,2.459192024e-13,2.275353396e-13,1.549538165e-13,1.536157493e-12,1.130842106e-13
38.0390625,3.000193595e-13,1.553037402e-13,6.217959639e-13,1.692478833e-13,3.740572472e-13,5.805453734e-14,6.779698149e-14,1.507013923e-13,9.616908316e-14,1.398275057e-13,1.211486605e-13,1.800637776e-13,1.780341544e-13,3.992695014e-13,2.194710965e-13,4.184864855e-13,2.821521693e-13,2.59966211e-13,7.548259959e-14,1.060510131e-13,5.343210316e-14,5.90198806e-14,4.733110801e-14,1.162587845e-13,8.960778796e-14,1.218075483e-13,5.189079385e-13,2.464379621e-13,2.320114819e-13,1.551210679e-13,1.527294318e-12,1.120932031e-13
38.046875,3.001233744e-13,1.538886005e-13,6.291182282e-13,1.670107174e-13,3.767884415e-13,5.77743673e-14,6.772544425e-14,1.495993329e-13,9.598048649e-14,1.411009723e-13,1.235249044e-13,1.824027132e-13,1.787339772e-13,4.028014811e-13,2.190574478e-13,4.140989084e-13,2.824998137e-13,2.632499851e-13,7.633759571e-14,1.048469617e-13,5.330941818e-14,5.899439756e-14,4.775054198e-14,1.154155927e-13,8.930570443e-14,1.210780178e-13,5.244083103e-13,2.468331595e-13,2.368046587e-13,1.552422433e-13,1.518454075e-12,1.110936023e-13
38.0546875,3.001996936e-13,1.524703481e-13,6.368919976e-13,1.646037921e-13,3.794693225e-13,5.756043629e-14,6.767525593e-14,1.484316691e-13,9.580991493e-14,1.424505721e-13,1.259885559e-13,1.84895667e-13,1.795076655e-13,4.065278138e-13,2.188185665e-13,4.098244512e-13,2.829878404e-13,2.666310937e-13,7.726276185e-14,1.035337269e-13,5.321159754e-14,5.901008392e-14,4.819055525e-14,1.14630291e-13,8.905142662e-14,1.20467695e-13,5.300461063e-13,2.472405684e-13,2.420199381e-13,1.553503599e-13,1.509683146e-12,1.100758759e-13
38.0625,2.999596387e-13,1.511830488e-13,6.45083772e-13,1.622438004e-13,3.820757516e-13,5.733785294e-14,6.768585102e-14,1.473078286e-13,9.56333227e-14,1.438262564e-13,1.285043779e-13,1.874341794e-13,1.80270429e-13,4.101800072e-13,2.188669186e-13,4.058141628e-13,2.834053113e-13,2.699860832e-13,7.815373208e-14,1.023845328e-13,5.314844135e-14,5.901286752e-14,4.863913401e-14,1.139185958e-13,8.884775008e-14,1.199772617e-13,5.357067088e-13,2.476861345e-13,2.475232267e-13,1.554567793e-13,1.50091849e-12,1.090806144e-13
38.0703125,2.995655132e-13,1.499883308e-13,6.535679932e-13,1.60043703e-13,3.844791311e-13,5.713645113e-14,6.777341574e-14,1.462548751e-13,9.543239365e-14,1.452084349e-13,1.310297557e-13,1.899600505e-13,1.810238845e-13,4.137808092e-13,2.192282473e-13,4.021237274e-13,2.839200177e-13,2.732262578e-13,7.900274193e-14,1.014037908e-13,5.311947831e-14,5.900665188e-14,4.907817993e-14,1.132483712e-13,8.870376107e-14,1.19573714e-13,5.413637951e-13,2.48070189e-13,2.532364501e-13,1.555294434e-13,1.492152042e-12,1.081328767e-13
38.078125,2.990909866e-13,1.487271926e-13,6.62355506e-13,1.576908054e-13,3.866696711e-13,5.700714259e-14,6.790687628e-14,1.451777459e-13,9.5231198e-14,1.466078108e-13,1.336482997e-13,1.92592626e-13,1.817920108e-13,4.175484299e-13,2.197592164e-13,3.985974687e-13,2.846406967e-13,2.764091383e-13,7.987921437e-14,1.003387563e-13,5.308406984e-14,5.902866741e-14,4.95075665e-14,1.125613669e-13,8.859842607e-14,1.19234586e-13,5.469723096e-13,2.483565928e-13,2.591760599e-13,1.555612047e-13,1.483325468e-12,1.071977169e-13
38.0859375,2.985246377e-13,1.474223752e-13,6.714217995e-13,1.550864629e-13,3.889323886e-13,5.689857037e-14,6.807418414e-14,1.44021707e-13,9.502676501e-14,1.479963512e-13,1.36370487e-13,1.953321458e-13,1.825574769e-13,4.214472363e-13,2.204283554e-13,3.952163741e-13,2.854272141e-13,2.796531024e-13,8.078424179e-14,9.926691526e-14,5.305563884e-14,5.906755516e-14,4.993145394e-14,1.118320206e-13,8.85133529e-14,1.190127995e-13,5.526201834e-13,2.486224362e-13,2.653689219e-13,1.555989737e-13,1.474406454e-12,1.062802144e-13
38.09375,2.979511967e-13,1.461774721e-13,6.807244864e-13,1.524460166e-13,3.913456966e-13,5.683034261e-14,6.832401175e-14,1.428435228e-13,9.482573359e-14,1.493650427e-13,1.391021764e-13,1.98113648e-13,1.834144353e-13,4.254814187e-13,2.214407216e-13,3.922747991e-13,2.864662383e-13,2.830215736e-13,8.171197678e-14,9.835126845e-14,5.30998352e-14,5.912796227e-14,5.03613383e-14,1.11121334e-13,8.851803238e-14,1.189177089e-13,5.585203015e-13,2.488844989e-13,2.719092886e-13,1.556115675e-13,1.465648532e-12,1.053958189e-13
38.1015625,2.972250023e-13,1.449651115e-13,6.904336662e-13,1.498329696e-13,3.936237903e-13,5.689712414e-14,6.868295239e-14,1.416906917e-13,9.465926492e-14,1.50752701e-13,1.418814446e-13,2.009862132e-13,1.844021421e-13,4.297502037e-13,2.228323445e-13,3.897946518e-13,2.878636474e-13,2.864606308e-13,8.265033118e-14,9.741590136e-14,5.323399491e-14,5.922732762e-14,5.079328128e-14,1.104703171e-13,8.863798951e-14,1.188608644e-13,5.645793518e-13,2.491071478e-13,2.787936096e-13,1.555563795e-13,1.457137031e-12,1.044760875e-13
38.109375,2.963482931e-13,1.438028476e-13,7.005751922e-13,1.472765705e-13,3.957136128e-13,5.705451762e-14,6.908144715e-14,1.405385338e-13,9.449101683e-14,1.522073812e-13,1.448019591e-13,2.039177135e-13,1.853554022e-13,4.340185401e-13,2.243981941e-13,3.875185125e-13,2.892978284e-13,2.899116625e-13,8.355654371e-14,9.642439248e-14,5.341877718e-14,5.93276003e-14,5.121202596e-14,1.098119706e-13,8.876886419e-14,1.188634167e-13,5.706773883e-13,2.493915999e-13,2.859520296e-13,1.555112712e-13,1.448466467e-12,1.03513755e-13
38.1171875,2.957015837e-13,1.428176445e-13,7.109215984e-13,1.448318568e-13,3.978362793e-13,5.72407456e-14,6.950511263e-14,1.393610898e-13,9.427761763e-14,1.537179658e-13,1.477874783e-13,2.068456079e-13,1.862568443e-13,4.381737387e-13,2.261322973e-13,3.855147794e-13,2.907896595e-13,2.934184929e-13,8.446115827e-14,9.55851667e-14,5.358526236e-14,5.942070249e-14,5.16423983e-14,1.091298792e-13,8.890716238e-14,1.190295806e-13,5.769594664e-13,2.49787415e-13,2.93504501e-13,1.554726952e-13,1.439606498e-12,1.026323056e-13
38.125,2.951340749e-13,1.418830313e-13,7.215911617e-13,1.423190417e-13,3.999755566e-13,5.749442796e-14,7.004582842e-14,1.381777299e-13,9.406584005e-14,1.552054593e-13,1.507514206e-13,2.098913085e-13,1.872543503e-13,4.42560479e-13,2.281797872e-13,3.838785417e-13,2.925047478e-13,2.970100022e-13,8.539121847e-14,9.481925423e-14,5.370237938e-14,5.954698871e-14,5.210314659e-14,1.085363302e-13,8.916676697e-14,1.193697919e-13,5.833420351e-13,2.501110929e-13,3.015275707e-13,1.553536238e-13,1.431118334e-12,1.018712091e-13
38.1328125,2.941254465e-13,1.407416608e-13,7.327564647e-13,1.397060952e-13,4.019755774e-13,5.776789669e-14,7.06788121e-14,1.370045834e-13,9.387964251e-14,1.566370165e-13,1.537710714e-13,2.130923371e-13,1.882793045e-13,4.47208962e-13,2.305107516e-13,3.82444916e-13,2.941770364e-13,3.006136618e-13,8.627492566e-14,9.398744317e-14,5.3858631e-14,5.9677469e-14,5.255919215e-14,1.080304625e-13,8.950908225e-14,1.198683809e-13,5.896106673e-13,2.502888584e-13,3.098358368e-13,1.552286511e-13,1.422940755e-12,1.011281913e-13
38.140625,2.92877822e-13,1.395811486e-13,7.441140018e-13,1.37275144e-13,4.038980188e-13,5.801288695e-14,7.131526654e-14,1.358198503e-13,9.3672158e-14,1.580393586e-13,1.568987217e-13,2.162884046e-13,1.892155232e-13,4.51817436e-13,2.330622348e-13,3.812699458e-13,2.958334854e-13,3.041590915e-13,8.711569805e-14,9.325233273e-14,5.413904555e-14,5.977444846e-14,5.301294218e-14,1.074770033e-13,8.983427508e-14,1.20466168e-13,5.958300457e-13,2.504359383e-13,3.18304164e-13,1.551500162e-13,1.41442845e-12,1.003315332e-13
38.1484375,2.917953833e-13,1.3874883e-13,7.556445959e-13,1.349462969e-13,4.058574823e-13,5.834317768e-14,7.202994627e-14,1.346276103e-13,9.346022408e-14,1.59434669e-13,1.600865697e-13,2.194766565e-13,1.901586419e-13,4.564361175e-13,2.358465014e-13,3.804361561e-13,2.977744118e-13,3.076734666e-13,8.799756288e-14,9.266272398e-14,5.449165073e-14,5.989354936e-14,5.3501144e-14,1.069288315e-13,9.019689062e-14,1.210379257e-13,6.020302764e-13,2.506044683e-13,3.270330005e-13,1.550147381e-13,1.405725155e-12,9.950164218e-14
38.15625,2.907610181e-13,1.381158444e-13,7.67673904e-13,1.324416697e-13,4.07796187e-13,5.879723169e-14,7.288034207e-14,1.334727382e-13,9.33043057e-14,1.608581764e-13,1.633523048e-13,2.227758386e-13,1.911333903e-13,4.611410251e-13,2.38803731e-13,3.797198405e-13,2.997930546e-13,3.112323357e-13,8.890654199e-14,9.205839883e-14,5.484989048e-14,6.007437121e-14,5.397914276e-14,1.065345849e-13,9.063738555e-14,1.216251841e-13,6.081695968e-13,2.508588671e-13,3.361215525e-13,1.548425707e-13,1.39744436e-12,9.869953264e-14
38.1640625,2.897065412e-13,1.373747592e-13,7.800034757e-13,1.299342626e-13,4.096343077e-13,5.927177785e-14,7.376923422e-14,1.323434663e-13,9.317506264e-14,1.622927573e-13,1.66762503e-13,2.261567083e-13,1.920407977e-13,4.657974303e-13,2.418866257e-13,3.791141639e-13,3.017691227e-13,3.148435683e-13,8.981488925e-14,9.141863972e-14,5.521906858e-14,6.027637069e-14,5.439268052e-14,1.061947782e-13,9.110361164e-14,1.223572879e-13,6.143334704e-13,2.511925034e-13,3.45506404e-13,1.547257105e-13,1.389501686e-12,9.795287421e-14
38.171875,2.886332442e-13,1.365451872e-13,7.925043629e-13,1.27539036e-13,4.114191482e-13,5.974281715e-14,7.468736382e-14,1.31187016e-13,9.301884713e-14,1.6366855e-13,1.703220685e-13,2.295856082e-13,1.929413915e-13,4.705373978e-13,2.451541381e-13,3.787965981e-13,3.039793884e-13,3.184707496e-13,9.075174176e-14,9.076062816e-14,5.560780163e-14,6.047658935e-14,5.478630525e-14,1.057802723e-13,9.162419752e-14,1.231806772e-13,6.205279533e-13,2.514106966e-13,3.550817242e-13,1.546161284e-13,1.381620228e-12,9.72210619e-14
38.1796875,2.873844151e-13,1.358086093e-13,8.054994249e-13,1.25042183e-13,4.131892828e-13,6.02366647e-14,7.571804363e-14,1.299976712e-13,9.285374274e-14,1.65000708e-13,1.739714022e-13,2.330916129e-13,1.939353178e-13,4.754856147e-13,2.486643258e-13,3.786913389e-13,3.063728122e-13,3.22091863e-13,9.169809419e-14,9.006716946e-14,5.60296471e-14,6.069270817e-14,5.520207462e-14,1.053975206e-13,9.224400578e-14,1.240523282e-13,6.267805792e-13,2.515187884e-13,3.649014731e-13,1.544556705e-13,1.373879532e-12,9.649815415e-14
38.1875,2.861300234e-13,1.352312456e-13,8.188014529e-13,1.225319941e-13,4.148392076e-13,6.077653851e-14,7.685105849e-14,1.2877337e-13,9.269203479e-14,1.663020933e-13,1.776192755e-13,2.366294217e-13,1.949804089e-13,4.804454395e-13,2.524950847e-13,3.788750662e-13,3.089044486e-13,3.256181985e-13,9.266930204e-14,8.945083927e-14,5.650412766e-14,6.092946088e-14,5.562812212e-14,1.05117119e-13,9.29271474e-14,1.250659104e-13,6.3320849e-13,2.516678643e-13,3.751073293e-13,1.542319346e-13,1.366216555e-12,9.583807651e-14
38.1953125,2.850779671e-13,1.347653792e-13,8.32186555e-13,1.202221215e-13,4.163185226e-13,6.144664711e-14,7.806094106e-14,1.275158217e-13,9.253083772e-14,1.675603794e-13,1.812859042e-13,2.402203071e-13,1.960676141e-13,4.854673756e-13,2.567512846e-13,3.796651641e-13,3.118873844e-13,3.290375289e-13,9.374732136e-14,8.895810926e-14,5.702366417e-14,6.119125198e-14,5.608180324e-14,1.048640533e-13,9.368514317e-14,1.262156352e-13,6.397421417e-13,2.518090377e-13,3.857472387e-13,1.539585973e-13,1.358677267e-12,9.522805187e-14
38.203125,2.840259954e-13,1.34386481e-13,8.461440967e-13,1.180300891e-13,4.177786981e-13,6.225327475e-14,7.934754291e-14,1.262790301e-13,9.241908301e-14,1.689052431e-13,1.851486688e-13,2.439655903e-13,1.972270025e-13,4.907854009e-13,2.613662579e-13,3.809932421e-13,3.152486242e-13,3.325774097e-13,9.48701396e-14,8.845748619e-14,5.760113529e-14,6.149685387e-14,5.658333973e-14,1.046218921e-13,9.454437375e-14,1.2744496e-13,6.463320673e-13,2.520384823e-13,3.967662028e-13,1.537460532e-13,1.351667268e-12,9.462874498e-14
38.2109375,2.828979256e-13,1.341368683e-13,8.608151997e-13,1.159071258e-13,4.19274435e-13,6.308832032e-14,8.067244778e-14,1.250598165e-13,9.236249992e-14,1.703772338e-13,1.892661475e-13,2.478202049e-13,1.983977303e-13,4.962669726e-13,2.661289758e-13,3.824949398e-13,3.186556168e-13,3.362867766e-13,9.59207069e-14,8.788724248e-14,5.826596757e-14,6.183454284e-14,5.710406591e-14,1.044139549e-13,9.544678275e-14,1.287969332e-13,6.530678621e-13,2.525324256e-13,4.080689407e-13,1.536315517e-13,1.345133935e-12,9.405688594e-14
38.21875,2.8170146e-13,1.339399464e-13,8.758884806e-13,1.138132348e-13,4.206900126e-13,6.395117502e-14,8.205235361e-14,1.237977534e-13,9.228538155e-14,1.717833238e-13,1.934990781e-13,2.517491906e-13,1.995884862e-13,5.017862584e-13,2.710427085e-13,3.841103743e-13,3.222223752e-13,3.399114744e-13,9.699748836e-14,8.728883448e-14,5.899825595e-14,6.216431003e-14,5.762467156e-14,1.04247452e-13,9.638891814e-14,1.302815451e-13,6.599391205e-13,2.529966232e-13,4.197062592e-13,1.534936777e-13,1.338708203e-12,9.348357569e-14
38.2265625,2.802552587e-13,1.336570068e-13,8.914372556e-13,1.116205142e-13,4.220500609e-13,6.491352998e-14,8.354120181e-14,1.225272884e-13,9.217841726e-14,1.731015506e-13,1.977647154e-13,2.558390801e-13,2.008773338e-13,5.074660781e-13,2.763550899e-13,3.861160672e-13,3.261700221e-13,3.434569967e-13,9.821820049e-14,8.674365413e-14,5.976415289e-14,6.247994144e-14,5.815054049e-14,1.041359767e-13,9.743288868e-14,1.318670466e-13,6.669600232e-13,2.531811892e-13,4.318045361e-13,1.533110411e-13,1.332479765e-12,9.286840981e-14
38.234375,2.787476655e-13,1.334324269e-13,9.073450433e-13,1.095257385e-13,4.234130914e-13,6.594763692e-14,8.510461937e-14,1.213001278e-13,9.20990989e-14,1.744869727e-13,2.020556516e-13,2.600125287e-13,2.021768081e-13,5.132535103e-13,2.821030732e-13,3.88650957e-13,3.304167031e-13,3.470870259e-13,9.947482491e-14,8.636344867e-14,6.055860595e-14,6.280920304e-14,5.868147815e-14,1.040371601e-13,9.854385699e-14,1.335563664e-13,6.740514811e-13,2.534113518e-13,4.441286102e-13,1.53158502e-13,1.326512426e-12,9.227753541e-14
38.2421875,2.774971765e-13,1.334931944e-13,9.232627419e-13,1.077213541e-13,4.247076553e-13,6.702238014e-14,8.671484677e-14,1.201029448e-13,9.207481769e-14,1.759329455e-13,2.063588249e-13,2.641512735e-13,2.033916401e-13,5.190544758e-13,2.880248111e-13,3.914737265e-13,3.347800836e-13,3.506756667e-13,1.006777208e-13,8.609093555e-14,6.13903472e-14,6.317362563e-14,5.923068959e-14,1.039435459e-13,9.966521437e-14,1.352994331e-13,6.809515806e-13,2.539256919e-13,4.564164313e-13,1.530118278e-13,1.320651761e-12,9.175112351e-14
38.25,2.763139783e-13,1.336773541e-13,9.394498286e-13,1.059181103e-13,4.260043251e-13,6.817144059e-14,8.840806067e-14,1.189646536e-13,9.21260407e-14,1.77397114e-13,2.107674775e-13,2.6837829e-13,2.0461109e-13,5.249599795e-13,2.940553806e-13,3.944417434e-13,3.392034788e-13,3.541843623e-13,1.019028141e-13,8.576946365e-14,6.228913898e-14,6.358253086e-14,5.981235973e-14,1.039371768e-13,1.008282592e-13,1.370527748e-13,6.877691503e-13,2.545395705e-13,4.689341607e-13,1.528503832e-13,1.315108335e-12,9.12445485e-14
38.2578125,2.750302043e-13,1.336999525e-13,9.56248406e-13,1.039757741e-13,4.274156701e-13,6.939516933e-14,9.018117016e-14,1.17879552e-13,9.223010715e-14,1.788833245e-13,2.154032694e-13,2.727710212e-13,2.059025894e-13,5.309925656e-13,3.004279305e-13,3.978452297e-13,3.438910892e-13,3.578144542e-13,1.031855362e-13,8.546011291e-14,6.327736869e-14,6.402294447e-14,6.041373907e-14,1.039888378e-13,1.020661195e-13,1.388903138e-13,6.947958755e-13,2.550949066e-13,4.818852951e-13,1.5272337e-13,1.310115841e-12,9.076458978e-14
38.265625,2.737524015e-13,1.336313261e-13,9.736216969e-13,1.021402401e-13,4.288417063e-13,7.070760329e-14,9.202195122e-14,1.167429045e-13,9.231489844e-14,1.80312357e-13,2.202361512e-13,2.772556998e-13,2.072779738e-13,5.372178723e-13,3.072620183e-13,4.018574082e-13,3.490712162e-13,3.615649344e-13,1.045141089e-13,8.528257514e-14,6.431891377e-14,6.448546958e-14,6.102914777e-14,1.04043497e-13,1.033923485e-13,1.408732274e-13,7.020191704e-13,2.556073053e-13,4.951605583e-13,1.526175443e-13,1.305649492e-12,9.032388378e-14
38.2734375,2.724283654e-13,1.336844729e-13,9.915827376e-13,1.004334039e-13,4.302467005e-13,7.215693629e-14,9.394568147e-14,1.155555306e-13,9.239306159e-14,1.816817538e-13,2.251963581e-13,2.818529035e-13,2.087549621e-13,5.437309068e-13,3.144736186e-13,4.062579639e-13,3.545822673e-13,3.653169888e-13,1.059120139e-13,8.517432967e-14,6.536455628e-14,6.499493066e-14,6.167172651e-14,1.041926687e-13,1.048125523e-13,1.429843393e-13,7.094842759e-13,2.561405411e-13,5.088137566e-13,1.52483471e-13,1.301708988e-12,8.988850904e-14
38.28125,2.710132931e-13,1.338519374e-13,1.009986765e-12,9.876953236e-14,4.317267859e-13,7.368192369e-14,9.593791586e-14,1.144116554e-13,9.251217151e-14,1.831014457e-13,2.302635465e-13,2.865531215e-13,2.102074065e-13,5.503376593e-13,3.219211887e-13,4.108269179e-13,3.601255268e-13,3.690572291e-13,1.073393793e-13,8.504646455e-14,6.642832091e-14,6.553561094e-14,6.234221773e-14,1.044037659e-13,1.062788193e-13,1.451923705e-13,7.170692082e-13,2.567472243e-13,5.226639836e-13,1.523445443e-13,1.298034261e-12,8.948429627e-14
38.2890625,2.695561236e-13,1.340017215e-13,1.028572216e-12,9.724494976e-14,4.332918979e-13,7.51966868e-14,9.799157129e-14,1.133155421e-13,9.265836996e-14,1.845991066e-13,2.353948913e-13,2.913040286e-13,2.115593097e-13,5.570166304e-13,3.294594026e-13,4.154814294e-13,3.657194026e-13,3.727872776e-13,1.08764511e-13,8.485836155e-14,6.756406526e-14,6.60632209e-14,6.301975452e-14,1.045322679e-13,1.077666856e-13,1.474241883e-13,7.243690138e-13,2.574136805e-13,5.363899171e-13,1.522486783e-13,1.294400321e-12,8.912848796e-14
38.296875,2.680010028e-13,1.340974062e-13,1.047443818e-12,9.575958642e-14,4.349548195e-13,7.677254578e-14,1.000968609e-13,1.122507808e-13,9.286372094e-14,1.861483342e-13,2.40613509e-13,2.962291082e-13,2.130044464e-13,5.640601021e-13,3.371054882e-13,4.203368798e-13,3.715940619e-13,3.76599678e-13,1.102640815e-13,8.462376266e-14,6.8774247e-14,6.663125854e-14,6.367524398e-14,1.047007175e-13,1.093156848e-13,1.496232532e-13,7.317455691e-13,2.581000407e-13,5.50408853e-13,1.521831432e-13,1.291236361e-12,8.875130341e-14
38.3046875,2.664563307e-13,1.342305051e-13,1.066665215e-12,9.414726503e-14,4.366878772e-13,7.846673552e-14,1.021909413e-13,1.112264243e-13,9.315593171e-14,1.876943163e-13,2.46020178e-13,3.013658285e-13,2.146308732e-13,5.7132829e-13,3.45015355e-13,4.256805749e-13,3.779229316e-13,3.805690793e-13,1.118629421e-13,8.44532408e-14,7.001272605e-14,6.729116983e-14,6.432145402e-14,1.050728913e-13,1.109223282e-13,1.518570286e-13,7.397984819e-13,2.587923711e-13,5.650489447e-13,1.52111962e-13,1.28873325e-12,8.835559059e-14
38.3125,2.651131373e-13,1.345031498e-13,1.086008772e-12,9.263017507e-14,4.383191267e-13,8.01678648e-14,1.042872818e-13,1.102195363e-13,9.345250749e-14,1.891576727e-13,2.515300777e-13,3.065290202e-13,2.162752561e-13,5.785345662e-13,3.532006156e-13,4.314925769e-13,3.846634066e-13,3.845288152e-13,1.135131091e-13,8.435599653e-14,7.128195593e-14,6.795729695e-14,6.502077723e-14,1.055156489e-13,1.125628372e-13,1.542076187e-13,7.48045509e-13,2.594816793e-13,5.797648804e-13,1.520446343e-13,1.286424791e-12,8.802270887e-14
38.3203125,2.638125626e-13,1.348705438e-13,1.105303406e-12,9.13958668e-14,4.397787325e-13,8.179944936e-14,1.064758354e-13,1.092402649e-13,9.37351315e-14,1.905692706e-13,2.569115052e-13,3.116585179e-13,2.178453652e-13,5.858099663e-13,3.616326421e-13,4.375587638e-13,3.915760204e-13,3.883480653e-13,1.151876606e-13,8.424930643e-14,7.260852392e-14,6.857456316e-14,6.577417136e-14,1.059016567e-13,1.142547696e-13,1.566699314e-13,7.560430728e-13,2.60149736e-13,5.94317349e-13,1.519900649e-13,1.284197368e-12,8.774972691e-14
38.328125,2.623747386e-13,1.352195466e-13,1.124519767e-12,9.027939648e-14,4.41255982e-13,8.344611556e-14,1.087333698e-13,1.083127055e-13,9.408773234e-14,1.919881827e-13,2.622139328e-13,3.16834992e-13,2.19349344e-13,5.932103739e-13,3.703940001e-13,4.439823999e-13,3.98569421e-13,3.921364161e-13,1.168372114e-13,8.42240168e-14,7.397602217e-14,6.921698334e-14,6.650293308e-14,1.062912e-13,1.159876101e-13,1.591919534e-13,7.64180169e-13,2.608013054e-13,6.089712784e-13,1.519251575e-13,1.282279199e-12,8.749361567e-14
38.3359375,2.609659672e-13,1.356239855e-13,1.143977684e-12,8.921417053e-14,4.43122312e-13,8.519755975e-14,1.109972822e-13,1.074233355e-13,9.453313518e-14,1.934103935e-13,2.677649425e-13,3.221434386e-13,2.208238218e-13,6.007815419e-13,3.793733235e-13,4.507665451e-13,4.057730509e-13,3.960477091e-13,1.184755168e-13,8.437876438e-14,7.541262144e-14,6.993885019e-14,6.718621505e-14,1.067405675e-13,1.1773799e-13,1.61690885e-13,7.724351325e-13,2.615429778e-13,6.236597084e-13,1.518791128e-13,1.280746037e-12,8.725684242e-14
38.34375,2.596821703e-13,1.362286841e-13,1.163983953e-12,8.824811061e-14,4.454654925e-13,8.699831203e-14,1.132883732e-13,1.065945511e-13,9.504468204e-14,1.948915376e-13,2.736480001e-13,3.276484231e-13,2.223350703e-13,6.086809313e-13,3.883145878e-13,4.576369743e-13,4.131643014e-13,4.000989038e-13,1.201745736e-13,8.462759274e-14,7.69571537e-14,7.070980494e-14,6.787875223e-14,1.072669186e-13,1.195203556e-13,1.641567744e-13,7.805001456e-13,2.624468694e-13,6.384081524e-13,1.518960811e-13,1.279613705e-12,8.703846029e-14
38.3515625,2.583519027e-13,1.369120987e-13,1.184034585e-12,8.726612571e-14,4.476871005e-13,8.873442658e-14,1.155945387e-13,1.058186628e-13,9.556588523e-14,1.964328168e-13,2.795937274e-13,3.33191059e-13,2.238427015e-13,6.165065312e-13,3.972929339e-13,4.647234046e-13,4.206686472e-13,4.041071287e-13,1.218693945e-13,8.488471042e-14,7.850459304e-14,7.146374726e-14,6.86231319e-14,1.078277626e-13,1.213429868e-13,1.667215957e-13,7.88663667e-13,2.633357746e-13,6.533981906e-13,1.519167169e-13,1.278556609e-12,8.682698657e-14
38.359375,2.569823859e-13,1.374638431e-13,1.203741203e-12,8.627201255e-14,4.494555248e-13,9.046655517e-14,1.17899476e-13,1.050176396e-13,9.604433136e-14,1.979027206e-13,2.854792304e-13,3.386084242e-13,2.253137381e-13,6.239958608e-13,4.065808656e-13,4.723049707e-13,4.284987551e-13,4.079773541e-13,1.235510272e-13,8.510131581e-14,7.998718075e-14,7.218337546e-14,6.943303953e-14,1.083385771e-13,1.232219285e-13,1.694249609e-13,7.970857046e-13,2.640757019e-13,6.683607985e-13,1.518839724e-13,1.277316667e-12,8.662012338e-14
38.3671875,2.558081926e-13,1.379587919e-13,1.223642746e-12,8.53884695e-14,4.513755264e-13,9.23399127e-14,1.202640111e-13,1.041977963e-13,9.655809701e-14,1.992912879e-13,2.915169899e-13,3.441081902e-13,2.268615438e-13,6.317340423e-13,4.161758151e-13,4.801590047e-13,4.367525534e-13,4.119210145e-13,1.253817932e-13,8.52806289e-14,8.154727142e-14,7.294856814e-14,7.028088808e-14,1.088704723e-13,1.251683982e-13,1.721377646e-13,8.054778982e-13,2.648293062e-13,6.831599321e-13,1.518578346e-13,1.276411645e-12,8.64090515e-14
38.375,2.548009987e-13,1.385655203e-13,1.24380349e-12,8.450107352e-14,4.536658327e-13,9.426574834e-14,1.226657538e-13,1.033860681e-13,9.716584378e-14,2.006594036e-13,2.978109692e-13,3.497988756e-13,2.284850431e-13,6.397828299e-13,4.258332264e-13,4.880448207e-13,4.451294532e-13,4.159918355e-13,1.273061081e-13,8.553586429e-14,8.323572896e-14,7.378819841e-14,7.112470276e-14,1.095269593e-13,1.271266955e-13,1.748351138e-13,8.137909072e-13,2.656821024e-13,6.980875177e-13,1.518748705e-13,1.276032837e-12,8.619460253e-14
38.3828125,2.537356274e-13,1.392683032e-13,1.263531968e-12,8.36027314e-14,4.558078064e-13,9.608596016e-14,1.250125179e-13,1.025381595e-13,9.777509717e-14,2.019447385e-13,3.04131815e-13,3.554320636e-13,2.300584534e-13,6.475761248e-13,4.353225838e-13,4.960321549e-13,4.53519081e-13,4.199537784e-13,1.291232075e-13,8.585148514e-14,8.489082708e-14,7.461435888e-14,7.198869854e-14,1.102008387e-13,1.290677304e-13,1.775773115e-13,8.221025878e-13,2.665485897e-13,7.13033494e-13,1.5187081e-13,1.275581792e-12,8.599504889e-14
38.390625,2.52638744e-13,1.400501231e-13,1.282793743e-12,8.297928675e-14,4.577986831e-13,9.787341347e-14,1.273295252e-13,1.017074452e-13,9.837593536e-14,2.031592566e-13,3.103408469e-13,3.609385569e-13,2.315672623e-13,6.552337079e-13,4.44590938e-13,5.041190495e-13,4.621277952e-13,4.237529684e-13,1.308764459e-13,8.611778354e-14,8.646738231e-14,7.541036909e-14,7.28991528e-14,1.108088047e-13,1.310255816e-13,1.802798175e-13,8.303326709e-13,2.674692482e-13,7.27572076e-13,1.518232401e-13,1.275049588e-12,8.582121259e-14
38.3984375,2.515990431e-13,1.40969744e-13,1.302002502e-12,8.256679839e-14,4.598695297e-13,9.971745283e-14,1.296610867e-13,1.009700985e-13,9.904327935e-14,2.044174641e-13,3.166373006e-13,3.664464165e-13,2.330171278e-13,6.629602722e-13,4.538382299e-13,5.122911588e-13,4.709303804e-13,4.27455524e-13,1.326584281e-13,8.640455821e-14,8.807865272e-14,7.624064815e-14,7.381172459e-14,1.11452703e-13,1.329810046e-13,1.828501093e-13,8.384747703e-13,2.684547526e-13,7.417075659e-13,1.517901125e-13,1.274860981e-12,8.566308382e-14
38.40625,2.505249101e-13,1.419622045e-13,1.321169431e-12,8.202995276e-14,4.618506953e-13,1.015749423e-13,1.319646393e-13,1.002525017e-13,9.97484531e-14,2.056910982e-13,3.231441669e-13,3.719849281e-13,2.344025034e-13,6.705283204e-13,4.632508413e-13,5.206315511e-13,4.797713377e-13,4.310503014e-13,1.344478366e-13,8.674441593e-14,8.974605391e-14,7.710686516e-14,7.471814937e-14,1.121788812e-13,1.349021932e-13,1.853664947e-13,8.465694261e-13,2.69368388e-13,7.557144627e-13,1.517832209e-13,1.274909415e-12,8.550732276e-14
38.4140625,2.494163447e-13,1.429595279e-13,1.340165686e-12,8.145358865e-14,4.638116474e-13,1.034019916e-13,1.342407631e-13,9.952579321e-14,1.004712349e-13,2.069065732e-13,3.296807096e-13,3.775733831e-13,2.357860693e-13,6.78050213e-13,4.727410151e-13,5.291457632e-13,4.887030003e-13,4.345739113e-13,1.362541776e-13,8.708982134e-14,9.141276926e-14,7.798767762e-14,7.566548683e-14,1.129331893e-13,1.368149893e-13,1.879425321e-13,8.546235688e-13,2.702133487e-13,7.695991161e-13,1.517597344e-13,1.275088617e-12,8.538257854e-14
38.421875,2.483950735e-13,1.44068752e-13,1.358910888e-12,8.103648883e-14,4.659065637e-13,1.051500582e-13,1.365461462e-13,9.884523116e-14,1.012247574e-13,2.08110598e-13,3.361595495e-13,3.831516961e-13,2.371740471e-13,6.85642933e-13,4.821969815e-13,5.378643256e-13,4.978038631e-13,4.379852898e-13,1.38043409e-13,8.754260957e-14,9.307888586e-14,7.887517445e-14,7.664891118e-14,1.136920882e-13,1.387329465e-13,1.905771117e-13,8.626360369e-13,2.71098774e-13,7.83135871e-13,1.517239623e-13,1.27544363e-12,8.53195045e-14
38.4296875,2.475276278e-13,1.453021584e-13,1.377438695e-12,8.064654035e-14,4.679871785e-13,1.068515127e-13,1.388700831e-13,9.816666321e-14,1.019709192e-13,2.093324892e-13,3.427588764e-13,3.886293511e-13,2.385346048e-13,6.931468048e-13,4.916183187e-13,5.467224567e-13,5.070603931e-13,4.412496879e-13,1.397742906e-13,8.804128935e-14,9.479317356e-14,7.975662354e-14,7.76323874e-14,1.144538429e-13,1.4065136e-13,1.931583332e-13,8.704651058e-13,2.720340186e-13,7.96298763e-13,1.517095921e-13,1.27578275e-12,8.526013432e-14
38.4375,2.468104162e-13,1.464987093e-13,1.395837977e-12,8.026797673e-14,4.700881812e-13,1.086150223e-13,1.411227616e-13,9.746704652e-14,1.027442107e-13,2.105106825e-13,3.495620764e-13,3.941150789e-13,2.398477294e-13,7.00594223e-13,5.008700164e-13,5.553881472e-13,5.163316865e-13,4.445397121e-13,1.415035243e-13,8.837327208e-14,9.657351655e-14,8.06568184e-14,7.860788477e-14,1.152242601e-13,1.425453251e-13,1.956083181e-13,8.780545837e-13,2.730095234e-13,8.092648638e-13,1.51708278e-13,1.276088384e-12,8.514561483e-14
38.4453125,2.46102589e-13,1.476834354e-13,1.413834591e-12,8.009512795e-14,4.721833439e-13,1.103572982e-13,1.43257532e-13,9.680403884e-14,1.035911164e-13,2.116077542e-13,3.564216558e-13,3.996222757e-13,2.410217985e-13,7.078521822e-13,5.09876743e-13,5.638437235e-13,5.254528345e-13,4.478422728e-13,1.432213141e-13,8.869150234e-14,9.834343332e-14,8.158175088e-14,7.958790496e-14,1.159799675e-13,1.443648435e-13,1.980080164e-13,8.856388166e-13,2.740309443e-13,8.219846778e-13,1.517031624e-13,1.276478419e-12,8.501979728e-14
38.453125,2.453303867e-13,1.489401127e-13,1.431322358e-12,8.006182643e-14,4.740764219e-13,1.120270799e-13,1.453637645e-13,9.614064807e-14,1.044454323e-13,2.126694928e-13,3.632134039e-13,4.050199541e-13,2.420865327e-13,7.148511793e-13,5.189306521e-13,5.725169877e-13,5.346999551e-13,4.509877481e-13,1.449216469e-13,8.91790905e-14,1.000222536e-13,8.249463587e-14,8.059616291e-14,1.166727772e-13,1.461497867e-13,2.004339766e-13,8.932287338e-13,2.750736998e-13,8.342966119e-13,1.517020918e-13,1.276857793e-12,8.491178588e-14
38.4609375,2.446500932e-13,1.501106952e-13,1.448675658e-12,7.996263412e-14,4.760397863e-13,1.138110982e-13,1.475047732e-13,9.543167152e-14,1.053067511e-13,2.137397046e-13,3.699258381e-13,4.104059054e-13,2.432208455e-13,7.220566788e-13,5.281511319e-13,5.814373243e-13,5.444119036e-13,4.541049488e-13,1.466836385e-13,8.966172868e-14,1.016501515e-13,8.341582703e-14,8.162228023e-14,1.1737557e-13,1.479645135e-13,2.028123505e-13,9.005474172e-13,2.761032693e-13,8.462645606e-13,1.517042083e-13,1.277221424e-12,8.477358611e-14
38.46875,2.440237869e-13,1.512325594e-13,1.465606769e-12,7.982845495e-14,4.782344915e-13,1.156034748e-13,1.495710957e-13,9.474316759e-14,1.062277563e-13,2.147613319e-13,3.765476359e-13,4.158353941e-13,2.443896787e-13,7.293976698e-13,5.370764495e-13,5.901736643e-13,5.542106944e-13,4.572521062e-13,1.484234515e-13,9.008026322e-14,1.032748118e-13,8.435875559e-14,8.262800499e-14,1.181949314e-13,1.49735652e-13,2.05075124e-13,9.076689726e-13,2.770459133e-13,8.578842248e-13,1.516888029e-13,1.277595866e-12,8.458219044e-14
38.4765625,2.432767366e-13,1.526504807e-13,1.481540792e-12,7.98094123e-14,4.803093796e-13,1.171010369e-13,1.515079953e-13,9.411360818e-14,1.071607284e-13,2.156762009e-13,3.830831784e-13,4.211656207e-13,2.454615271e-13,7.363332522e-13,5.454154789e-13,5.986124696e-13,5.637403065e-13,4.602251897e-13,1.500485978e-13,9.056827455e-14,1.048629058e-13,8.52726465e-14,8.3635756e-14,1.19064961e-13,1.514140903e-13,2.072321569e-13,9.147861359e-13,2.778665536e-13,8.689759831e-13,1.516337855e-13,1.277884121e-12,8.436317723e-14
38.484375,2.425719791e-13,1.542476782e-13,1.496932063e-12,7.995273643e-14,4.822904826e-13,1.184883859e-13,1.534045849e-13,9.350601206e-14,1.080818115e-13,2.16542476e-13,3.895986866e-13,4.264165928e-13,2.464868855e-13,7.430163496e-13,5.535373491e-13,6.070156082e-13,5.732942553e-13,4.630545702e-13,1.516653552e-13,9.112551601e-14,1.064161196e-13,8.616063414e-14,8.467728492e-14,1.198973173e-13,1.530668928e-13,2.093073588e-13,9.21656063e-13,2.786536765e-13,8.795335524e-13,1.515382238e-13,1.278085332e-12,8.416000601e-14
38.4921875,2.420363335e-13,1.555934466e-13,1.512126092e-12,8.017473647e-14,4.843517618e-13,1.200218138e-13,1.552411057e-13,9.286800455e-14,1.089935306e-13,2.173844851e-13,3.961405537e-13,4.315512521e-13,2.474306045e-13,7.495255135e-13,5.617152093e-13,6.154586874e-13,5.828750367e-13,4.658481482e-13,1.532413195e-13,9.171973766e-14,1.079670955e-13,8.704584078e-14,8.570423498e-14,1.207038763e-13,1.546708396e-13,2.11346006e-13,9.280581725e-13,2.794471879e-13,8.895785346e-13,1.51427752e-13,1.278041291e-12,8.399919197e-14
38.5,2.415210787e-13,1.568251938e-13,1.526650076e-12,8.033862884e-14,4.863676625e-13,1.215266638e-13,1.569447363e-13,9.218564326e-14,1.098728784e-13,2.181393222e-13,4.02723247e-13,4.364190251e-13,2.481698185e-13,7.555870811e-13,5.696582479e-13,6.236680823e-13,5.921258557e-13,4.685401224e-13,1.546687599e-13,9.230066302e-14,1.095185347e-13,8.792131814e-14,8.667383822e-14,1.214824078e-13,1.561542433e-13,2.133030633e-13,9.340994873e-13,2.802122307e-13,8.989710272e-13,1.513176983e-13,1.277626187e-12,8.382722323e-14
38.5078125,2.41031439e-13,1.582265684e-13,1.540588825e-12,8.043705576e-14,4.885368972e-13,1.22933908e-13,1.585841791e-13,9.155835736e-14,1.108263371e-13,2.188476108e-13,4.093618886e-13,4.412252229e-13,2.488490658e-13,7.616164048e-13,5.771288617e-13,6.314569392e-13,6.011866305e-13,4.71200364e-13,1.560886024e-13,9.280215576e-14,1.110934963e-13,8.884621702e-14,8.760044727e-14,1.22293343e-13,1.575709997e-13,2.150260045e-13,9.398221747e-13,2.810010352e-13,9.077874082e-13,1.512002033e-13,1.27737042e-12,8.358093233e-14
38.515625,2.40613815e-13,1.596068459e-13,1.554200119e-12,8.062362159e-14,4.90930739e-13,1.24380717e-13,1.602032665e-13,9.105276961e-14,1.11924346e-13,2.195678486e-13,4.1598957e-13,4.461425324e-13,2.496503199e-13,7.679217709e-13,5.843201371e-13,6.390626325e-13,6.103403154e-13,4.738809755e-13,1.575780509e-13,9.335314508e-14,1.126806557e-13,8.984509949e-14,8.850438771e-14,1.23246214e-13,1.589760702e-13,2.165509125e-13,9.452512893e-13,2.818203221e-13,9.16348841e-13,1.510696879e-13,1.27762858e-12,8.32932888e-14
38.5234375,2.402367633e-13,1.609633822e-13,1.567007186e-12,8.097227217e-14,4.930500539e-13,1.257941423e-13,1.617370391e-13,9.054745115e-14,1.130105199e-13,2.201983753e-13,4.225491046e-13,4.509259634e-13,2.504466796e-13,7.74062591e-13,5.91448973e-13,6.467433238e-13,6.195841014e-13,4.76464954e-13,1.590290727e-13,9.401997045e-14,1.142103293e-13,9.082656641e-14,8.942246133e-14,1.242333897e-13,1.603387261e-13,2.180913003e-13,9.505686486e-13,2.825689882e-13,9.247348096e-13,1.509273556e-13,1.277874083e-12,8.300999256e-14
38.53125,2.400524944e-13,1.626038063e-13,1.578925123e-12,8.140227776e-14,4.948565348e-13,1.27076288e-13,1.631519655e-13,8.997030415e-14,1.140224168e-13,2.207078136e-13,4.291350041e-13,4.55473481e-13,2.510509567e-13,7.798818685e-13,5.984321949e-13,6.543731751e-13,6.289022756e-13,4.790125776e-13,1.604441728e-13,9.462853237e-14,1.156767524e-13,9.177183306e-14,9.038669736e-14,1.250747911e-13,1.616464581e-13,2.196751128e-13,9.558493833e-13,2.832971478e-13,9.327293987e-13,1.507823691e-13,1.277751798e-12,8.272636327e-14
38.5390625,2.40066561e-13,1.643827851e-13,1.590286728e-12,8.186709402e-14,4.966519193e-13,1.282483629e-13,1.644314026e-13,8.941502399e-14,1.150561284e-13,2.212358542e-13,4.357157738e-13,4.598608646e-13,2.514452142e-13,7.853132786e-13,6.050050866e-13,6.61744403e-13,6.381009262e-13,4.815349424e-13,1.617944212e-13,9.519214275e-14,1.170979288e-13,9.271889817e-14,9.136683982e-14,1.258421652e-13,1.62883141e-13,2.211602692e-13,9.609258037e-13,2.841033829e-13,9.401079132e-13,1.506353509e-13,1.277412392e-12,8.244544159e-14
38.546875,2.400354053e-13,1.660075856e-13,1.600962305e-12,8.239258928e-14,4.983195841e-13,1.293001221e-13,1.655677412e-13,8.889722994e-14,1.160924101e-13,2.217840121e-13,4.420987836e-13,4.640551154e-13,2.516781754e-13,7.901128096e-13,6.110450468e-13,6.688105257e-13,6.469699739e-13,4.837928565e-13,1.629787657e-13,9.589818054e-14,1.184807859e-13,9.362365461e-14,9.233024221e-14,1.266671595e-13,1.639901097e-13,2.224938596e-13,9.654957033e-13,2.848567333e-13,9.467034755e-13,1.504646285e-13,1.276802406e-12,8.215732555e-14
38.5546875,2.39989542e-13,1.676490694e-13,1.611063403e-12,8.295947964e-14,4.999553408e-13,1.303146928e-13,1.666263486e-13,8.83553136e-14,1.171132348e-13,2.22223256e-13,4.483912106e-13,4.682020205e-13,2.518359054e-13,7.947151996e-13,6.167747777e-13,6.756196374e-13,6.558061399e-13,4.858698094e-13,1.641201478e-13,9.67023242e-14,1.199030176e-13,9.449101057e-14,9.328426364e-14,1.275083151e-13,1.649782307e-13,2.237071863e-13,9.694895944e-13,2.854685978e-13,9.525158416e-13,1.50272738e-13,1.275936165e-12,8.182142292e-14
38.5625,2.400295145e-13,1.694553968e-13,1.620743147e-12,8.354273446e-14,5.018209491e-13,1.313873902e-13,1.676526476e-13,8.779529723e-14,1.181701283e-13,2.225587933e-13,4.54759976e-13,4.723974515e-13,2.520080804e-13,7.99489967e-13,6.224367333e-13,6.823074136e-13,6.647769204e-13,4.880478186e-13,1.653292963e-13,9.747565894e-14,1.213422177e-13,9.538846094e-14,9.421424473e-14,1.2830119e-13,1.659222727e-13,2.248089081e-13,9.732657456e-13,2.860682134e-13,9.577430503e-13,1.500652697e-13,1.275036807e-12,8.144177491e-14
38.5703125,2.400541102e-13,1.71270854e-13,1.629336352e-12,8.418049257e-14,5.036767993e-13,1.324052402e-13,1.686033151e-13,8.720496448e-14,1.192034428e-13,2.228277468e-13,4.609451135e-13,4.763513299e-13,2.521510152e-13,8.039189575e-13,6.278407181e-13,6.888333086e-13,6.734482408e-13,4.901677343e-13,1.664459604e-13,9.824343156e-14,1.226436861e-13,9.628464253e-14,9.509416333e-14,1.290616577e-13,1.668018997e-13,2.257601252e-13,9.768764238e-13,2.866638915e-13,9.623293483e-13,1.497998306e-13,1.273870755e-12,8.105837759e-14
38.578125,2.402180374e-13,1.730669689e-13,1.636573069e-12,8.487708533e-14,5.054274417e-13,1.333001684e-13,1.694144577e-13,8.657304301e-14,1.201929206e-13,2.229847981e-13,4.668021409e-13,4.799788177e-13,2.521756018e-13,8.07831829e-13,6.326134539e-13,6.9485891e-13,6.816596427e-13,4.920525827e-13,1.6740023e-13,9.90148265e-14,1.238571085e-13,9.714353324e-14,9.593905945e-14,1.298196166e-13,1.675316624e-13,2.264982616e-13,9.79869171e-13,2.871651054e-13,9.65964885e-13,1.494715394e-13,1.272111044e-12,8.06688162e-14
38.5859375,2.407212337e-13,1.74964433e-13,1.643020607e-12,8.558035137e-14,5.072918877e-13,1.341491548e-13,1.700494796e-13,8.597135485e-14,1.212444429e-13,2.230466012e-13,4.725926235e-13,4.835246801e-13,2.521089162e-13,8.116002265e-13,6.367162039e-13,7.002629898e-13,6.896962182e-13,4.939155059e-13,1.683191215e-13,9.971750043e-14,1.251192322e-13,9.801585559e-14,9.675969291e-14,1.305823039e-13,1.681211268e-13,2.270294368e-13,9.823128226e-13,2.87628664e-13,9.68839207e-13,1.491143352e-13,1.270031247e-12,8.023832339e-14
38.59375,2.412435238e-13,1.769841563e-13,1.648749045e-12,8.631654766e-14,5.090875082e-13,1.3491312e-13,1.705241676e-13,8.540235895e-14,1.223338848e-13,2.230627435e-13,4.783348761e-13,4.869749306e-13,2.519632146e-13,8.150676263e-13,6.403571997e-13,7.052747234e-13,6.975101294e-13,4.957829847e-13,1.69200139e-13,1.00406857e-13,1.263207275e-13,9.88983447e-14,9.753559132e-14,1.313379844e-13,1.686147729e-13,2.27445609e-13,9.846308058e-13,2.880547985e-13,9.714259604e-13,1.487044901e-13,1.267824072e-12,7.975370996e-14
38.6015625,2.414692775e-13,1.790509929e-13,1.65346409e-12,8.716246598e-14,5.10561489e-13,1.355036694e-13,1.708880595e-13,8.478573273e-14,1.233336777e-13,2.230328612e-13,4.838294265e-13,4.901362661e-13,2.516581648e-13,8.17908622e-13,6.436164148e-13,7.100196422e-13,7.048921132e-13,4.974158145e-13,1.699204801e-13,1.012506237e-13,1.273752798e-13,9.971128545e-14,9.827263218e-14,1.320866073e-13,1.689851925e-13,2.277843766e-13,9.866184337e-13,2.883660307e-13,9.735185606e-13,1.482531892e-13,1.265077721e-12,7.922142148e-14
38.609375,2.416088467e-13,1.810730125e-13,1.657126226e-12,8.806496091e-14,5.117767934e-13,1.359411574e-13,1.711613175e-13,8.412773861e-14,1.242140016e-13,2.229702504e-13,4.891241336e-13,4.929587392e-13,2.512007253e-13,8.202007461e-13,6.463915837e-13,7.14421183e-13,7.119517862e-13,4.988210527e-13,1.70455501e-13,1.021983782e-13,1.283928485e-13,1.00415811e-13,9.89854564e-14,1.328290907e-13,1.692261429e-13,2.279648787e-13,9.879786156e-13,2.886312138e-13,9.74655965e-13,1.478187803e-13,1.261568651e-12,7.864088766e-14
38.6171875,2.419029401e-13,1.830530024e-13,1.65975002e-12,8.890641542e-14,5.128137986e-13,1.362848933e-13,1.713140159e-13,8.346128698e-14,1.250218533e-13,2.228191881e-13,4.942799902e-13,4.955015988e-13,2.506780117e-13,8.220735196e-13,6.485806384e-13,7.183324887e-13,7.18730556e-13,5.000855976e-13,1.708712157e-13,1.030482009e-13,1.29400256e-13,1.010520628e-13,9.962855004e-14,1.335413741e-13,1.693557042e-13,2.279094929e-13,9.888536266e-13,2.888305654e-13,9.749880874e-13,1.473474258e-13,1.257643822e-12,7.802029086e-14
38.625,2.42262015e-13,1.850308084e-13,1.661638255e-12,8.974602758e-14,5.137945104e-13,1.3661587e-13,1.712827097e-13,8.277194566e-14,1.258379622e-13,2.224729739e-13,4.99222171e-13,4.978810477e-13,2.500946556e-13,8.235918127e-13,6.50227666e-13,7.21717796e-13,7.250832943e-13,5.011241393e-13,1.712225812e-13,1.038769315e-13,1.303586999e-13,1.016962456e-13,1.001664315e-13,1.342355038e-13,1.693380541e-13,2.276562745e-13,9.892850739e-13,2.88813907e-13,9.74778592e-13,1.467826781e-13,1.253554703e-12,7.738957284e-14
38.6328125,2.4259015e-13,1.869001028e-13,1.662966806e-12,9.070982493e-14,5.147038867e-13,1.369709427e-13,1.710721952e-13,8.208549984e-14,1.26695232e-13,2.220179543e-13,5.039095707e-13,5.000798846e-13,2.494180063e-13,8.24755117e-13,6.515114264e-13,7.248706625e-13,7.311523156e-13,5.019691946e-13,1.715122073e-13,1.04839284e-13,1.312775681e-13,1.023619602e-13,1.006629431e-13,1.34935993e-13,1.692051342e-13,2.2730661e-13,9.892374091e-13,2.886553846e-13,9.739677946e-13,1.461850652e-13,1.249172061e-12,7.67550092e-14
38.640625,2.429535579e-13,1.886347444e-13,1.663298192e-12,9.16804101e-14,5.152666763e-13,1.372651662e-13,1.708035006e-13,8.142244195e-14,1.275036302e-13,2.215917895e-13,5.083367535e-13,5.019693861e-13,2.486607665e-13,8.254935119e-13,6.525898026e-13,7.279831596e-13,7.371510625e-13,5.027328201e-13,1.717246653e-13,1.057988325e-13,1.321206183e-13,1.029828478e-13,1.011801323e-13,1.355961454e-13,1.690481967e-13,2.269027774e-13,9.887671498e-13,2.884453562e-13,9.725616977e-13,1.455669551e-13,1.244357216e-12,7.608647132e-14
38.6484375,2.433330657e-13,1.904653286e-13,1.662686439e-12,9.248255263e-14,5.156219033e-13,1.374438423e-13,1.705043307e-13,8.073524988e-14,1.282143077e-13,2.211236195e-13,5.126448815e-13,5.036517787e-13,2.478481593e-13,8.25910582e-13,6.53419094e-13,7.30715166e-13,7.428450996e-13,5.033337744e-13,1.718743418e-13,1.067093785e-13,1.32898956e-13,1.035376829e-13,1.016682607e-13,1.361953166e-13,1.688100548e-13,2.263991272e-13,9.87782646e-13,2.88098671e-13,9.70547662e-13,1.449048279e-13,1.239100715e-12,7.536219526e-14
38.65625,2.436119404e-13,1.924690998e-13,1.661506922e-12,9.324954109e-14,5.161446506e-13,1.375317051e-13,1.700470165e-13,7.998588756e-14,1.288678257e-13,2.205452227e-13,5.16945722e-13,5.052010988e-13,2.469662794e-13,8.260312746e-13,6.537291571e-13,7.327846865e-13,7.47910741e-13,5.037143189e-13,1.719384873e-13,1.07724415e-13,1.336671875e-13,1.040599606e-13,1.020487089e-13,1.367766847e-13,1.68391605e-13,2.257199379e-13,9.862952121e-13,2.877033195e-13,9.67742385e-13,1.442251112e-13,1.233364761e-12,7.456932234e-14
38.6640625,2.43892215e-13,1.944362959e-13,1.659231639e-12,9.416090353e-14,5.165917401e-13,1.375230835e-13,1.693880722e-13,7.916548102e-14,1.29440765e-13,2.198816487e-13,5.209738172e-13,5.063886699e-13,2.459483463e-13,8.2554927e-13,6.532868046e-13,7.343234094e-13,7.524139408e-13,5.039929915e-13,1.718263386e-13,1.087451889e-13,1.343577901e-13,1.045357427e-13,1.023279527e-13,1.373382499e-13,1.678313285e-13,2.248163106e-13,9.844138427e-13,2.873386223e-13,9.642071776e-13,1.4346043e-13,1.227065227e-12,7.370184717e-14
38.671875,2.44398003e-13,1.9627283e-13,1.65563699e-12,9.510036885e-14,5.166604122e-13,1.374390414e-13,1.685721219e-13,7.831293529e-14,1.299335033e-13,2.190776725e-13,5.245909653e-13,5.072115167e-13,2.448103629e-13,8.243949093e-13,6.521580951e-13,7.354211957e-13,7.565911081e-13,5.042166026e-13,1.715369064e-13,1.096373354e-13,1.349652525e-13,1.049434377e-13,1.025656948e-13,1.379051432e-13,1.671552239e-13,2.236880815e-13,9.819769237e-13,2.867912573e-13,9.60166168e-13,1.425382055e-13,1.220239386e-12,7.279387795e-14
38.6796875,2.450495137e-13,1.980682921e-13,1.651490584e-12,9.595739798e-14,5.165784469e-13,1.373346863e-13,1.676192635e-13,7.751887154e-14,1.304332889e-13,2.181524152e-13,5.280646177e-13,5.07919675e-13,2.436910856e-13,8.228930607e-13,6.506117985e-13,7.36174378e-13,7.606185097e-13,5.043476459e-13,1.711839144e-13,1.105911299e-13,1.355808452e-13,1.053107578e-13,1.027769127e-13,1.385339525e-13,1.663481032e-13,2.223819253e-13,9.789558204e-13,2.860368336e-13,9.55642073e-13,1.415793275e-13,1.213119422e-12,7.188913435e-14
38.6875,2.456248617e-13,1.998654334e-13,1.646932409e-12,9.685630804e-14,5.163701648e-13,1.371863494e-13,1.666133464e-13,7.676983912e-14,1.309109918e-13,2.172576575e-13,5.31392118e-13,5.084367046e-13,2.425796473e-13,8.211431995e-13,6.488779877e-13,7.368806809e-13,7.645878737e-13,5.044588735e-13,1.707850384e-13,1.117006106e-13,1.361093004e-13,1.056399748e-13,1.029394637e-13,1.391291804e-13,1.654932643e-13,2.20985718e-13,9.756137545e-13,2.852973706e-13,9.506938769e-13,1.406913817e-13,1.205853757e-12,7.099440134e-14
38.6953125,2.462099473e-13,2.016449332e-13,1.641560692e-12,9.787775743e-14,5.157693595e-13,1.369428813e-13,1.656015002e-13,7.596059042e-14,1.312528432e-13,2.163750433e-13,5.343778011e-13,5.085677192e-13,2.413175265e-13,8.189423253e-13,6.469882877e-13,7.375548268e-13,7.684032884e-13,5.046454635e-13,1.702556519e-13,1.127678751e-13,1.364677621e-13,1.058833534e-13,1.030711889e-13,1.395842965e-13,1.646377718e-13,2.195585664e-13,9.719776116e-13,2.845680254e-13,9.453588641e-13,1.398227081e-13,1.198221993e-12,7.0101414e-14
38.703125,2.469426402e-13,2.034006255e-13,1.635339743e-12,9.89418947e-14,5.148558205e-13,1.365998114e-13,1.644636346e-13,7.50859956e-14,1.31456345e-13,2.15360742e-13,5.371358201e-13,5.083577229e-13,2.399213491e-13,8.161737366e-13,6.447390012e-13,7.37874173e-13,7.718821114e-13,5.048003616e-13,1.695886461e-13,1.137334687e-13,1.367972723e-13,1.06016549e-13,1.031801398e-13,1.399698803e-13,1.636781287e-13,2.180283419e-13,9.679064327e-13,2.837607067e-13,9.392628019e-13,1.38924934e-13,1.189885488e-12,6.919316828e-14
38.7109375,2.476619218e-13,2.051387704e-13,1.628073873e-12,9.996081691e-14,5.138162356e-13,1.361888427e-13,1.631424391e-13,7.418196346e-14,1.315794314e-13,2.142165164e-13,5.396712556e-13,5.078603705e-13,2.384984439e-13,8.128910773e-13,6.419600742e-13,7.377318943e-13,7.749339651e-13,5.046950608e-13,1.688266902e-13,1.147788395e-13,1.371309191e-13,1.060802094e-13,1.031980387e-13,1.403331347e-13,1.625439634e-13,2.162841391e-13,9.633080846e-13,2.828682958e-13,9.322030025e-13,1.379647071e-13,1.180882658e-12,6.823855296e-14
38.71875,2.483149114e-13,2.068117504e-13,1.61982003e-12,1.009186466e-13,5.126739543e-13,1.357920103e-13,1.617068556e-13,7.326479181e-14,1.316972127e-13,2.13030798e-13,5.418030091e-13,5.071676369e-13,2.370519984e-13,8.093018834e-13,6.387331303e-13,7.372079165e-13,7.775182298e-13,5.043338864e-13,1.679909722e-13,1.159891802e-13,1.373987004e-13,1.061529211e-13,1.030956733e-13,1.406795036e-13,1.612853448e-13,2.143531366e-13,9.580923877e-13,2.818108476e-13,9.247268274e-13,1.368988671e-13,1.17168529e-12,6.723312236e-14
38.7265625,2.491020089e-13,2.083267434e-13,1.61120599e-12,1.0190511e-13,5.115302999e-13,1.354334987e-13,1.601597503e-13,7.2421666e-14,1.318911837e-13,2.118388266e-13,5.436264729e-13,5.064537161e-13,2.35606339e-13,8.056252816e-13,6.351490714e-13,7.362975917e-13,7.796773785e-13,5.039506713e-13,1.671187758e-13,1.172312444e-13,1.376757154e-13,1.062594894e-13,1.029235688e-13,1.411004692e-13,1.599563494e-13,2.123183013e-13,9.524486537e-13,2.806325075e-13,9.172715027e-13,1.357754999e-13,1.16264284e-12,6.61962656e-14
38.734375,2.499218947e-13,2.097256539e-13,1.602079521e-12,1.029931949e-13,5.103453167e-13,1.349989153e-13,1.584927754e-13,7.164270991e-14,1.3206989e-13,2.105876958e-13,5.452190662e-13,5.055772144e-13,2.341516546e-13,8.017405745e-13,6.311599702e-13,7.350189823e-13,7.815068401e-13,5.035643823e-13,1.661885711e-13,1.183861126e-13,1.379407802e-13,1.063213597e-13,1.026762165e-13,1.415374496e-13,1.585476338e-13,2.101674616e-13,9.466538982e-13,2.794553205e-13,9.094942794e-13,1.346533858e-13,1.15344217e-12,6.512367893e-14
38.7421875,2.505230218e-13,2.111132415e-13,1.591829502e-12,1.040777504e-13,5.088413514e-13,1.344429447e-13,1.567268557e-13,7.074719906e-14,1.320461173e-13,2.091701651e-13,5.464665723e-13,5.042298079e-13,2.325779214e-13,7.973133528e-13,6.267235493e-13,7.333387596e-13,7.829291675e-13,5.02973975e-13,1.651166512e-13,1.194793998e-13,1.38041569e-13,1.062731063e-13,1.023185608e-13,1.418032149e-13,1.570145287e-13,2.078595178e-13,9.405232279e-13,2.781150352e-13,9.010087622e-13,1.334880893e-13,1.143514746e-12,6.400581518e-14
38.75,2.51078635e-13,2.123827917e-13,1.58069823e-12,1.050932948e-13,5.070096668e-13,1.338658875e-13,1.548179168e-13,6.971712048e-14,1.318552414e-13,2.075810992e-13,5.474671992e-13,5.024771538e-13,2.309416524e-13,7.9232066e-13,6.218175508e-13,7.311409877e-13,7.838662146e-13,5.021797238e-13,1.639312851e-13,1.205479542e-13,1.380320485e-13,1.061566555e-13,1.018926904e-13,1.41969832e-13,1.553569031e-13,2.054074257e-13,9.338528886e-13,2.764764486e-13,8.919290236e-13,1.322385408e-13,1.132892285e-12,6.285872101e-14
38.7578125,2.517503404e-13,2.134643248e-13,1.568962301e-12,1.06175917e-13,5.050305289e-13,1.332864079e-13,1.527739834e-13,6.871208072e-14,1.316505018e-13,2.059324567e-13,5.483485587e-13,5.00562382e-13,2.293887181e-13,7.869577434e-13,6.165234169e-13,7.286320858e-13,7.845133113e-13,5.01332927e-13,1.62708009e-13,1.216416127e-13,1.380248366e-13,1.060147034e-13,1.014343578e-13,1.421929717e-13,1.536401069e-13,2.028729414e-13,9.268855819e-13,2.747687341e-13,8.825155649e-13,1.309408715e-13,1.122000706e-12,6.169842754e-14
38.765625,2.523198385e-13,2.145950706e-13,1.556416357e-12,1.073467928e-13,5.02809504e-13,1.326062238e-13,1.506759442e-13,6.775269847e-14,1.31422144e-13,2.043107277e-13,5.489724797e-13,4.984995387e-13,2.278197912e-13,7.811711309e-13,6.110325013e-13,7.261365204e-13,7.849460375e-13,5.004346237e-13,1.613892276e-13,1.228438476e-13,1.379588559e-13,1.058116384e-13,1.009184131e-13,1.423832905e-13,1.518860539e-13,2.003346177e-13,9.197411262e-13,2.731780359e-13,8.728493322e-13,1.296462728e-13,1.110867063e-12,6.053854086e-14
38.7734375,2.527541398e-13,2.158768622e-13,1.543144863e-12,1.084318913e-13,5.002232626e-13,1.317870451e-13,1.48504277e-13,6.676134013e-14,1.31094837e-13,2.027482789e-13,5.492049745e-13,4.96188714e-13,2.261012768e-13,7.748353256e-13,6.052792082e-13,7.234096383e-13,7.848523718e-13,4.993885412e-13,1.599082484e-13,1.240545243e-13,1.378035129e-13,1.055165022e-13,1.003319123e-13,1.424631305e-13,1.500485661e-13,1.977734677e-13,9.12161794e-13,2.716073996e-13,8.627709397e-13,1.283611521e-13,1.099245396e-12,5.939712034e-14
38.78125,2.532566988e-13,2.171046157e-13,1.529287138e-12,1.094091404e-13,4.974308582e-13,1.309105141e-13,1.462391944e-13,6.571143916e-14,1.306621191e-13,2.01162895e-13,5.490368559e-13,4.935875798e-13,2.2435886e-13,7.681699564e-13,5.991020093e-13,7.200933683e-13,7.841367572e-13,4.981980329e-13,1.58338218e-13,1.251120372e-13,1.375960097e-13,1.051464955e-13,9.967588581e-14,1.425123675e-13,1.481298227e-13,1.950680992e-13,9.040572692e-13,2.699115588e-13,8.521354904e-13,1.270372529e-13,1.087185403e-12,5.825166265e-14
38.7890625,2.538275428e-13,2.1820601e-13,1.514816976e-12,1.10409815e-13,4.946109251e-13,1.301039277e-13,1.439599176e-13,6.459746063e-14,1.301467116e-13,1.993784884e-13,5.485290942e-13,4.907418311e-13,2.227298247e-13,7.614686824e-13,5.927363957e-13,7.164739519e-13,7.83173461e-13,4.970258914e-13,1.567751631e-13,1.261143725e-13,1.373218561e-13,1.047299781e-13,9.894694785e-14,1.425732533e-13,1.461730781e-13,1.921965314e-13,8.956567412e-13,2.680507155e-13,8.411679144e-13,1.256557837e-13,1.074970253e-12,5.705626634e-14
38.796875,2.543809288e-13,2.192032039e-13,1.499913588e-12,1.114587114e-13,4.917492596e-13,1.293772965e-13,1.416572226e-13,6.347581718e-14,1.29607928e-13,1.974091326e-13,5.478168628e-13,4.877612333e-13,2.211379415e-13,7.546229726e-13,5.863608221e-13,7.129022593e-13,7.820950702e-13,4.959891544e-13,1.551979595e-13,1.271928513e-13,1.370176123e-13,1.042941624e-13,9.815946668e-14,1.42660628e-13,1.441719323e-13,1.892577608e-13,8.871073899e-13,2.66101984e-13,8.301351247e-13,1.242703867e-13,1.062699197e-12,5.582712294e-14
38.8046875,2.548810045e-13,2.200453706e-13,1.484603124e-12,1.125291133e-13,4.887627792e-13,1.286028708e-13,1.392622536e-13,6.241552373e-14,1.290668565e-13,1.954424056e-13,5.469580589e-13,4.846419493e-13,2.195007021e-13,7.473801628e-13,5.797643102e-13,7.093308573e-13,7.806916214e-13,4.949861197e-13,1.535289299e-13,1.283201324e-13,1.367200953e-13,1.038401313e-13,9.732193761e-14,1.427571603e-13,1.421290748e-13,1.862934502e-13,8.783725814e-13,2.641778542e-13,8.189812048e-13,1.228881669e-13,1.050198437e-12,5.461216995e-14
38.8125,2.553541241e-13,2.208885766e-13,1.468767785e-12,1.136351308e-13,4.85634611e-13,1.277642802e-13,1.368302694e-13,6.135847627e-14,1.284198585e-13,1.93509898e-13,5.459089564e-13,4.812570415e-13,2.178946587e-13,7.398303176e-13,5.730049311e-13,7.05847074e-13,7.791354752e-13,4.94007538e-13,1.517803476e-13,1.295443762e-13,1.363315434e-13,1.033254402e-13,9.642619754e-14,1.427428773e-13,1.401011697e-13,1.832989286e-13,8.694503185e-13,2.623251641e-13,8.07668308e-13,1.214581744e-13,1.037363835e-12,5.34111703e-14
38.8203125,2.559195382e-13,2.218292272e-13,1.452532167e-12,1.147366806e-13,4.822910044e-13,1.269474182e-13,1.344096997e-13,6.024168369e-14,1.276107235e-13,1.915009375e-13,5.445835713e-13,4.775726417e-13,2.163512792e-13,7.320547906e-13,5.662915158e-13,7.025184183e-13,7.776446557e-13,4.931797923e-13,1.499842608e-13,1.309173994e-13,1.358117184e-13,1.02709522e-13,9.547556401e-14,1.425941638e-13,1.380832519e-13,1.8030986e-13,8.603345499e-13,2.604818074e-13,7.961717202e-13,1.199990833e-13,1.024281192e-12,5.221100923e-14
38.828125,2.5643661e-13,2.22530194e-13,1.435815895e-12,1.157895261e-13,4.785056292e-13,1.260692085e-13,1.31929298e-13,5.910805385e-14,1.267106595e-13,1.893404522e-13,5.4281545e-13,4.736345706e-13,2.147463932e-13,7.237136714e-13,5.593119486e-13,6.989460408e-13,7.757436811e-13,4.922962338e-13,1.480594449e-13,1.323286632e-13,1.352555406e-13,1.019826164e-13,9.447826034e-14,1.424245993e-13,1.359971455e-13,1.773296416e-13,8.509837652e-13,2.584550569e-13,7.84298194e-13,1.185428905e-13,1.010926923e-12,5.101283092e-14
38.8359375,2.566833315e-13,2.2293175e-13,1.418562474e-12,1.168534881e-13,4.74329607e-13,1.250599799e-13,1.293678241e-13,5.79824718e-14,1.257479612e-13,1.870298167e-13,5.406534256e-13,4.694995181e-13,2.130911907e-13,7.147772602e-13,5.518694456e-13,6.949363173e-13,7.731374342e-13,4.911520858e-13,1.460220768e-13,1.337209625e-13,1.346780511e-13,1.011732081e-13,9.343725391e-14,1.422401486e-13,1.338303803e-13,1.743068805e-13,8.415441703e-13,2.561852847e-13,7.721861698e-13,1.170512014e-13,9.973213849e-13,4.980498194e-14
38.84375,2.57001215e-13,2.234807431e-13,1.401309994e-12,1.179785656e-13,4.702050812e-13,1.241118362e-13,1.268000418e-13,5.685180817e-14,1.247084359e-13,1.84674656e-13,5.384626356e-13,4.652958061e-13,2.115696642e-13,7.058830624e-13,5.444415492e-13,6.908636179e-13,7.704100792e-13,4.900902073e-13,1.4406253e-13,1.351301418e-13,1.340587789e-13,1.00338772e-13,9.23488229e-14,1.419814102e-13,1.316393027e-13,1.71223478e-13,8.321376821e-13,2.539579488e-13,7.601598135e-13,1.155310466e-13,9.837721237e-13,4.859532515e-14
38.8515625,2.576859709e-13,2.241251295e-13,1.384249058e-12,1.191265493e-13,4.661831849e-13,1.233455886e-13,1.242585198e-13,5.571807329e-14,1.236216385e-13,1.823283461e-13,5.363018797e-13,4.6105273e-13,2.101606619e-13,6.972083962e-13,5.373010375e-13,6.869535174e-13,7.678714272e-13,4.893085317e-13,1.421572388e-13,1.36522908e-13,1.334766966e-13,9.948510835e-14,9.118514248e-14,1.416823474e-13,1.294518887e-13,1.680863078e-13,8.225372963e-13,2.518985324e-13,7.480226628e-13,1.140297912e-13,9.703205988e-13,4.74079147e-14
38.859375,2.583468047e-13,2.243906142e-13,1.366936961e-12,1.202937038e-13,4.619220872e-13,1.226311686e-13,1.217135045e-13,5.456883193e-14,1.224926685e-13,1.798737593e-13,5.338286304e-13,4.566160188e-13,2.087054739e-13,6.882596366e-13,5.301003316e-13,6.830296418e-13,7.650683296e-13,4.884605758e-13,1.400918809e-13,1.378819794e-13,1.329247556e-13,9.856761844e-14,8.992412801e-14,1.413761243e-13,1.272644916e-13,1.648772211e-13,8.126083663e-13,2.497006338e-13,7.355601278e-13,1.125081635e-13,9.566911787e-13,4.622063685e-14
38.8671875,2.587541957e-13,2.24415897e-13,1.349321387e-12,1.215166783e-13,4.57524471e-13,1.218670699e-13,1.191282652e-13,5.342251222e-14,1.213126467e-13,1.772844626e-13,5.309631348e-13,4.519560382e-13,2.072429463e-13,6.790212204e-13,5.225532219e-13,6.788900046e-13,7.61785706e-13,4.874260726e-13,1.379038737e-13,1.392762407e-13,1.322778068e-13,9.759988592e-14,8.860314236e-14,1.410296835e-13,1.250568779e-13,1.616028723e-13,8.025546339e-13,2.472776003e-13,7.229605286e-13,1.109520883e-13,9.430201567e-13,4.500688637e-14
38.875,2.591647833e-13,2.246298264e-13,1.331388219e-12,1.227220138e-13,4.531444889e-13,1.210230156e-13,1.164811951e-13,5.233321758e-14,1.201006815e-13,1.746825035e-13,5.278887905e-13,4.471787364e-13,2.058360298e-13,6.697403964e-13,5.147255859e-13,6.745431368e-13,7.582561492e-13,4.864032477e-13,1.357490768e-13,1.407741795e-13,1.315474028e-13,9.660869205e-14,8.726890891e-14,1.406009813e-13,1.22802242e-13,1.583207963e-13,7.924597056e-13,2.449290235e-13,7.101945629e-13,1.094453587e-13,9.295243626e-13,4.379227065e-14
38.8828125,2.596823988e-13,2.249526494e-13,1.312756804e-12,1.238059955e-13,4.484686221e-13,1.201092639e-13,1.138048892e-13,5.12832582e-14,1.188345561e-13,1.720817832e-13,5.245987326e-13,4.422489428e-13,2.044256834e-13,6.601496877e-13,5.068035966e-13,6.702082527e-13,7.546255167e-13,4.854135507e-13,1.335828405e-13,1.42376376e-13,1.308106167e-13,9.556165789e-14,8.589632075e-14,1.40090666e-13,1.205220906e-13,1.550551256e-13,7.822830381e-13,2.427282833e-13,6.97227086e-13,1.07964277e-13,9.15919793e-13,4.260543988e-14
38.890625,2.602766934e-13,2.250986617e-13,1.293672332e-12,1.248645655e-13,4.435727739e-13,1.192597077e-13,1.111536144e-13,5.022518714e-14,1.174975834e-13,1.694226749e-13,5.209953413e-13,4.371077905e-13,2.0302406e-13,6.501877159e-13,4.988649455e-13,6.658975868e-13,7.50843875e-13,4.844549193e-13,1.313488767e-13,1.439699379e-13,1.299973874e-13,9.44702564e-14,8.445356673e-14,1.395622554e-13,1.182528913e-13,1.517714793e-13,7.720933918e-13,2.404831722e-13,6.843741881e-13,1.063938605e-13,9.020374027e-13,4.14473003e-14
38.8984375,2.60889612e-13,2.249995602e-13,1.274706933e-12,1.260538709e-13,4.388641792e-13,1.184756897e-13,1.085012077e-13,4.916676464e-14,1.161288857e-13,1.666904067e-13,5.171052207e-13,4.31826354e-13,2.01639296e-13,6.402259955e-13,4.907866746e-13,6.613165206e-13,7.467429745e-13,4.83540894e-13,1.291039133e-13,1.454673402e-13,1.290718648e-13,9.336955645e-14,8.298375238e-14,1.390288179e-13,1.159722969e-13,1.484608159e-13,7.618775963e-13,2.381162783e-13,6.715543102e-13,1.047710608e-13,8.880321657e-13,4.030059726e-14
38.90625,2.613932009e-13,2.248123548e-13,1.255745361e-12,1.272869198e-13,4.340499657e-13,1.175993167e-13,1.058025269e-13,4.810516378e-14,1.147119428e-13,1.638793074e-13,5.130050148e-13,4.26462654e-13,2.002292964e-13,6.30218488e-13,4.825835121e-13,6.566017823e-13,7.423816589e-13,4.825723187e-13,1.268839593e-13,1.469812327e-13,1.281492319e-13,9.220455253e-14,8.151420369e-14,1.384136814e-13,1.136768514e-13,1.451419988e-13,7.516005385e-13,2.356910977e-13,6.584840317e-13,1.031912462e-13,8.739134512e-13,3.913898751e-14
38.9140625,2.619764562e-13,2.247813941e-13,1.236649383e-12,1.284357775e-13,4.287908304e-13,1.167730044e-13,1.031116772e-13,4.702083428e-14,1.13216709e-13,1.610348179e-13,5.087467273e-13,4.210362472e-13,1.989133961e-13,6.199984479e-13,4.74545346e-13,6.522254498e-13,7.38163774e-13,4.816722801e-13,1.246944859e-13,1.486006663e-13,1.272500766e-13,9.095876981e-14,8.000764379e-14,1.37729654e-13,1.114297261e-13,1.418071354e-13,7.413283984e-13,2.333356887e-13,6.454688599e-13,1.016139574e-13,8.597686603e-13,3.797962743e-14
38.921875,2.628361323e-13,2.248307115e-13,1.217557154e-12,1.296315604e-13,4.234771622e-13,1.161891648e-13,1.004728716e-13,4.593941174e-14,1.117029386e-13,1.581829197e-13,5.043087585e-13,4.155212415e-13,1.97763099e-13,6.09730483e-13,4.666803542e-13,6.480828886e-13,7.340846477e-13,4.810293074e-13,1.224934183e-13,1.502321827e-13,1.262709998e-13,8.971667633e-14,7.847144873e-14,1.370512104e-13,1.092427244e-13,1.384816259e-13,7.310117077e-13,2.311098977e-13,6.326605083e-13,1.00000907e-13,8.457654348e-13,3.687738258e-14
38.9296875,2.636137295e-13,2.246538047e-13,1.19820638e-12,1.309759032e-13,4.182456463e-13,1.155573217e-13,9.782373472e-14,4.4888621e-14,1.101821415e-13,1.552588598e-13,4.99634495e-13,4.097913234e-13,1.965898138e-13,5.993151811e-13,4.587244055e-13,6.438973374e-13,7.296997168e-13,4.8043981e-13,1.202064547e-13,1.518938576e-13,1.252000222e-13,8.847994702e-14,7.694566871e-14,1.363460539e-13,1.070662147e-13,1.352437414e-13,7.206716497e-13,2.288670519e-13,6.197258381e-13,9.840878243e-14,8.3174363e-13,3.582885375e-14
38.9375,2.641173811e-13,2.243378209e-13,1.178519411e-12,1.323016767e-13,4.127392436e-13,1.146730141e-13,9.514589951e-14,4.386195471e-14,1.085779927e-13,1.52303956e-13,4.947633807e-13,4.03834752e-13,1.953421775e-13,5.885742732e-13,4.507890967e-13,6.399052321e-13,7.250615962e-13,4.797549327e-13,1.178766939e-13,1.536951917e-13,1.240998473e-13,8.71806878e-14,7.540735084e-14,1.355864758e-13,1.049070524e-13,1.320940943e-13,7.105179709e-13,2.265187495e-13,6.067516729e-13,9.685533932e-14,8.176452362e-13,3.478882358e-14
38.9453125,2.646924163e-13,2.240803963e-13,1.159062949e-12,1.335135059e-13,4.070573075e-13,1.138725271e-13,9.251931641e-14,4.284536741e-14,1.068949555e-13,1.493985976e-13,4.897629743e-13,3.978298728e-13,1.942042171e-13,5.778249311e-13,4.431162434e-13,6.361730213e-13,7.204854484e-13,4.791504662e-13,1.15596834e-13,1.55512082e-13,1.229994109e-13,8.583163766e-14,7.383846293e-14,1.348157511e-13,1.028026094e-13,1.28959193e-13,7.004624343e-13,2.241925918e-13,5.939653601e-13,9.53080246e-14,8.037229503e-13,3.376686193e-14
38.953125,2.653686605e-13,2.236814342e-13,1.140026184e-12,1.347411715e-13,4.015188465e-13,1.133144058e-13,8.996722524e-14,4.183600725e-14,1.052038227e-13,1.46438583e-13,4.846191659e-13,3.918681205e-13,1.932080961e-13,5.672866694e-13,4.355488506e-13,6.323865309e-13,7.158527066e-13,4.785873085e-13,1.133626333e-13,1.572742987e-13,1.219068149e-13,8.447028473e-14,7.22770388e-14,1.340423984e-13,1.007377893e-13,1.258409776e-13,6.903129447e-13,2.219050173e-13,5.812433443e-13,9.375331254e-14,7.900080158e-13,3.279400526e-14
38.9609375,2.659369305e-13,2.231012143e-13,1.121021017e-12,1.360597216e-13,3.95984571e-13,1.127277965e-13,8.744043505e-14,4.08665477e-14,1.035200234e-13,1.433925295e-13,4.793426946e-13,3.859100996e-13,1.922726403e-13,5.567626602e-13,4.279393073e-13,6.286214584e-13,7.11147066e-13,4.779160827e-13,1.111607542e-13,1.592157167e-13,1.207932648e-13,8.309551743e-14,7.073614266e-14,1.332964978e-13,9.868574235e-14,1.22789885e-13,6.803186157e-13,2.195681522e-13,5.687327489e-13,9.21836107e-14,7.764415472e-13,3.185450767e-14
38.96875,2.666099122e-13,2.226596465e-13,1.101927145e-12,1.374228282e-13,3.902375407e-13,1.120460551e-13,8.49268178e-14,3.99572403e-14,1.018063109e-13,1.404039457e-13,4.740108484e-13,3.799074329e-13,1.913977755e-13,5.46145372e-13,4.204336302e-13,6.251679737e-13,7.066735779e-13,4.773234996e-13,1.089790021e-13,1.61350748e-13,1.195948979e-13,8.169732418e-14,6.91900186e-14,1.325824326e-13,9.664892917e-14,1.198087315e-13,6.706451394e-13,2.17311369e-13,5.565520376e-13,9.062846724e-14,7.630802644e-13,3.093913218e-14
38.9765625,2.674598162e-13,2.22342922e-13,1.082974344e-12,1.388024525e-13,3.84353148e-13,1.114497949e-13,8.244804673e-14,3.903637207e-14,1.000138556e-13,1.374437187e-13,4.686461653e-13,3.738107633e-13,1.905729608e-13,5.354687034e-13,4.131195289e-13,6.219341977e-13,7.023338003e-13,4.769457572e-13,1.067560117e-13,1.633917378e-13,1.182919015e-13,8.024990767e-14,6.762396766e-14,1.317430285e-13,9.464336638e-14,1.169085755e-13,6.610556522e-13,2.152526912e-13,5.442875446e-13,8.914479056e-14,7.498145034e-13,3.007835898e-14
38.984375,2.680599612e-13,2.218128549e-13,1.06435341e-12,1.401640895e-13,3.784767975e-13,1.109552539e-13,8.001907849e-14,3.804084912e-14,9.814426834e-14,1.344046e-13,4.631669555e-13,3.67661347e-13,1.898035863e-13,5.248180147e-13,4.059847723e-13,6.187366613e-13,6.977555724e-13,4.765996407e-13,1.045104643e-13,1.653202887e-13,1.169140435e-13,7.875525862e-14,6.605473153e-14,1.307194768e-13,9.269200463e-14,1.14106707e-13,6.515313389e-13,2.131836907e-13,5.319154482e-13,8.770221946e-14,7.366509594e-13,2.926927107e-14
38.9921875,2.683568876e-13,2.209625758e-13,1.046030831e-12,1.414337642e-13,3.726138348e-13,1.104746546e-13,7.765166738e-14,3.702753239e-14,9.625288014e-14,1.313728441e-13,4.574970782e-13,3.615315635e-13,1.891284865e-13,5.143015917e-13,3.990417622e-13,6.156381062e-13,6.930176265e-13,4.761939307e-13,1.023176238e-13,1.672856683e-13,1.155041707e-13,7.725259432e-14,6.452098073e-14,1.296909038e-13,9.079942235e-14,1.113447437e-13,6.421757348e-13,2.109152049e-13,5.197938588e-13,8.623066529e-14,7.237672372e-13,2.84722579e-14
39,2.688220639e-13,2.19962832e-13,1.027854413e-12,1.426215088e-13,3.666514514e-13,1.10008581e-13,7.534171504e-14,3.606541988e-14,9.433674993e-14,1.283828098e-13,4.517565867e-13,3.553679291e-13,1.885096838e-13,5.037810572e-13,3.922510381e-13,6.128153011e-13,6.885046935e-13,4.758683743e-13,1.001693598e-13,1.692985562e-13,1.141184169e-13,7.571944684e-14,6.302331891e-14,1.287228705e-13,8.895154221e-14,1.085802307e-13,6.328159565e-13,2.085907038e-13,5.077423263e-13,8.476135012e-14,7.110075488e-13,2.769030536e-14
39.0078125,2.695928344e-13,2.190743558e-13,1.009955584e-12,1.438929917e-13,3.606317719e-13,1.096115663e-13,7.30697813e-14,3.515396222e-14,9.237070733e-14,1.253167502e-13,4.461784836e-13,3.492108928e-13,1.879655079e-13,4.931872375e-13,3.856175747e-13,6.103453066e-13,6.843522639e-13,4.757715343e-13,9.807600839e-14,1.714652581e-13,1.127856543e-13,7.413208491e-14,6.152016134e-14,1.27715389e-13,8.715953466e-14,1.058757103e-13,6.234948636e-13,2.064148328e-13,4.957060093e-13,8.33516435e-14,6.983502008e-13,2.694487518e-14
39.015625,2.704361706e-13,2.184171641e-13,9.925483527e-13,1.453821439e-13,3.548074301e-13,1.093282969e-13,7.083329872e-14,3.428579538e-14,9.042296067e-14,1.22172311e-13,4.407285774e-13,3.43211793e-13,1.875762172e-13,4.828588968e-13,3.791967422e-13,6.080248766e-13,6.803347288e-13,4.759154704e-13,9.608178962e-14,1.738257398e-13,1.1146904e-13,7.256869709e-14,6.001048493e-14,1.26648858e-13,8.542681589e-14,1.03269129e-13,6.144451149e-13,2.044184867e-13,4.841087783e-13,8.197167242e-14,6.861926345e-13,2.622149537e-14
39.0234375,2.712792988e-13,2.177931192e-13,9.754089756e-13,1.469795307e-13,3.49211518e-13,1.091310745e-13,6.865010336e-14,3.345456421e-14,8.853307214e-14,1.190301245e-13,4.351776195e-13,3.372625182e-13,1.872272127e-13,4.728483344e-13,3.728895921e-13,6.05597452e-13,6.761350419e-13,4.761208884e-13,9.411241906e-14,1.760953606e-13,1.101272386e-13,7.106383358e-14,5.852663295e-14,1.255129043e-13,8.371965071e-14,1.007128033e-13,6.054786575e-13,2.025427476e-13,4.727826e-13,8.058802011e-14,6.744227396e-13,2.552421446e-14
39.03125,2.721003955e-13,2.170026438e-13,9.583890197e-13,1.485024235e-13,3.436461271e-13,1.089291354e-13,6.652507778e-14,3.26407174e-14,8.663012856e-14,1.159076953e-13,4.295710878e-13,3.312188518e-13,1.867961581e-13,4.627666477e-13,3.665775195e-13,6.031428359e-13,6.716976055e-13,4.762262205e-13,9.210457526e-14,1.781784833e-13,1.087829479e-13,6.954015764e-14,5.707516757e-14,1.242826189e-13,8.203773778e-14,9.819279402e-14,5.964848427e-13,2.007197707e-13,4.613013819e-13,7.923579117e-14,6.625989521e-13,2.487954423e-14
39.0390625,2.728150913e-13,2.161797496e-13,9.417651182e-13,1.499907427e-13,3.381212555e-13,1.087126181e-13,6.44385301e-14,3.18486439e-14,8.469962712e-14,1.128395917e-13,4.241191072e-13,3.252532734e-13,1.864166479e-13,4.526022945e-13,3.603160866e-13,6.008172091e-13,6.672530577e-13,4.763286567e-13,9.014138678e-14,1.803203809e-13,1.074703029e-13,6.798005383e-14,5.5645703e-14,1.230430238e-13,8.040396078e-14,9.574596039e-14,5.878236848e-13,1.989723116e-13,4.49924113e-13,7.794477556e-14,6.508972606e-13,2.426728511e-14
39.046875,2.735335895e-13,2.155462059e-13,9.255135094e-13,1.515947705e-13,3.327382562e-13,1.085906098e-13,6.23923366e-14,3.109047799e-14,8.280645711e-14,1.098511482e-13,4.187890357e-13,3.194599117e-13,1.861826575e-13,4.426419013e-13,3.542272304e-13,5.986106218e-13,6.630422363e-13,4.765979103e-13,8.827717095e-14,1.826022643e-13,1.061482247e-13,6.644554162e-14,5.422422633e-14,1.21827974e-13,7.880957899e-14,9.337982735e-14,5.795186101e-13,1.974386015e-13,4.388953592e-13,7.668552958e-14,6.395954844e-13,2.366526388e-14
39.0546875,2.743611254e-13,2.150351398e-13,9.094061885e-13,1.533003496e-13,3.27402847e-13,1.086200001e-13,6.042165906e-14,3.036129509e-14,8.094223967e-14,1.068815874e-13,4.134507418e-13,3.137017356e-13,1.860161155e-13,4.329021943e-13,3.484497328e-13,5.966691562e-13,6.59170018e-13,4.770446681e-13,8.648108713e-14,1.849783797e-13,1.047578079e-13,6.494253159e-14,5.281178019e-14,1.205751946e-13,7.727364887e-14,9.109466037e-14,5.71267748e-13,1.960909175e-13,4.280961191e-13,7.541566384e-14,6.286044988e-13,2.309699894e-14
39.0625,2.751263091e-13,2.143730235e-13,8.936128566e-13,1.550177912e-13,3.220035178e-13,1.086988131e-13,5.852331616e-14,2.966188747e-14,7.903770096e-14,1.039016101e-13,4.080905344e-13,3.079590241e-13,1.859030092e-13,4.232714369e-13,3.430153012e-13,5.951286167e-13,6.555150779e-13,4.775580835e-13,8.47234111e-14,1.874702176e-13,1.033194843e-13,6.342063785e-14,5.143406894e-14,1.193205389e-13,7.582443516e-14,8.890869367e-14,5.631897641e-13,1.946996874e-13,4.17615588e-13,7.413226885e-14,6.179091194e-13,2.256525744e-14
39.0703125,2.757624759e-13,2.135293884e-13,8.780952636e-13,1.567879852e-13,3.165329417e-13,1.087312589e-13,5.666283376e-14,2.899128615e-14,7.708136444e-14,1.009485937e-13,4.0266488e-13,3.022276066e-13,1.858288942e-13,4.136564291e-13,3.376746252e-13,5.936683925e-13,6.517661102e-13,4.779875317e-13,8.294899353e-14,1.899665447e-13,1.01873269e-13,6.185771035e-14,5.009146272e-14,1.180839892e-13,7.44131166e-14,8.678534528e-14,5.553656576e-13,1.932485938e-13,4.073880644e-13,7.285409455e-14,6.073957478e-13,2.2052003e-14
39.078125,2.765105708e-13,2.127657771e-13,8.624928717e-13,1.586319888e-13,3.111031414e-13,1.087940682e-13,5.485990431e-14,2.834811148e-14,7.514380529e-14,9.801980899e-14,3.971420683e-13,2.964456935e-13,1.857232277e-13,4.040779149e-13,3.322625825e-13,5.919968746e-13,6.478776027e-13,4.783337756e-13,8.116220363e-14,1.923305029e-13,1.004195778e-13,6.029941715e-14,4.875778733e-14,1.167886321e-13,7.300815035e-14,8.464312792e-14,5.474554461e-13,1.919197429e-13,3.970470819e-13,7.158770641e-14,5.969024164e-13,2.157129434e-14
39.0859375,2.774904859e-13,2.121463535e-13,8.471454116e-13,1.604349091e-13,3.059738157e-13,1.089900766e-13,5.314520707e-14,2.775347597e-14,7.329915201e-14,9.509663436e-14,3.917025069e-13,2.907759246e-13,1.856946483e-13,3.948542359e-13,3.270127138e-13,5.903815334e-13,6.441801845e-13,4.788543437e-13,7.94858544e-14,1.946399022e-13,9.898018003e-14,5.881620245e-14,4.74265747e-14,1.154689591e-13,7.16573741e-14,8.249948153e-14,5.394865271e-13,1.907440875e-13,3.867370398e-13,7.03521752e-14,5.868073016e-13,2.113067754e-14
39.09375,2.785349997e-13,2.115604848e-13,8.326857496e-13,1.622642583e-13,3.011936353e-13,1.092855503e-13,5.148321765e-14,2.720972616e-14,7.153052915e-14,9.220730141e-14,3.865507069e-13,2.853792075e-13,1.859152137e-13,3.861108362e-13,3.221035027e-13,5.891385386e-13,6.407726056e-13,4.797022853e-13,7.793952025e-14,1.970203999e-13,9.758546613e-14,5.740126578e-14,4.611371337e-14,1.141800109e-13,7.037402084e-14,8.04834936e-14,5.319069179e-13,1.897263048e-13,3.768902015e-13,6.917979387e-14,5.774127604e-13,2.071541359e-14
39.1015625,2.795241363e-13,2.111010626e-13,8.188769813e-13,1.643206259e-13,2.96477312e-13,1.096098276e-13,4.983910747e-14,2.66844423e-14,6.976925941e-14,8.937630446e-14,3.816183319e-13,2.801371083e-13,1.862920472e-13,3.775148896e-13,3.173875118e-13,5.881755512e-13,6.374465178e-13,4.807012508e-13,7.642286694e-14,1.994669008e-13,9.620941459e-14,5.598603741e-14,4.485771194e-14,1.12849691e-13,6.913753457e-14,7.864563205e-14,5.248187929e-13,1.889227195e-13,3.674310348e-13,6.805675696e-14,5.683529058e-13,2.033080346e-14
39.109375,2.805393393e-13,2.107640459e-13,8.052204735e-13,1.664226221e-13,2.917771993e-13,1.099357559e-13,4.823697892e-14,2.617218504e-14,6.800467077e-14,8.659693984e-14,3.767298158e-13,2.749722339e-13,1.866302497e-13,3.690021297e-13,3.127858697e-13,5.873318088e-13,6.342606276e-13,4.817136302e-13,7.495221858e-14,2.018957276e-13,9.480974289e-14,5.455995166e-14,4.368106327e-14,1.114759232e-13,6.796856087e-14,7.688662208e-14,5.180433612e-13,1.882018648e-13,3.581147855e-13,6.6944931e-14,5.594273161e-13,1.998036956e-14
39.1171875,2.816638276e-13,2.103042686e-13,7.917989384e-13,1.683220717e-13,2.872968488e-13,1.102566733e-13,4.670900152e-14,2.569031594e-14,6.625286098e-14,8.385909955e-14,3.719048195e-13,2.69902617e-13,1.869420731e-13,3.608270439e-13,3.084120752e-13,5.866407392e-13,6.314277394e-13,4.828219379e-13,7.358410586e-14,2.042832578e-13,9.33814113e-14,5.31571018e-14,4.254334781e-14,1.101076635e-13,6.688266764e-14,7.513169056e-14,5.114941664e-13,1.874408975e-13,3.489678193e-13,6.585116495e-14,5.508541532e-13,1.964847294e-14
39.125,2.828313396e-13,2.097560392e-13,7.787049654e-13,1.702705125e-13,2.828925715e-13,1.1060251e-13,4.525306693e-14,2.523506021e-14,6.450535126e-14,8.115689652e-14,3.672132522e-13,2.648318084e-13,1.873244861e-13,3.528747535e-13,3.042877787e-13,5.861221814e-13,6.288060699e-13,4.840014528e-13,7.226285584e-14,2.067036163e-13,9.195587687e-14,5.177815699e-14,4.141976382e-14,1.086994834e-13,6.585908427e-14,7.343793711e-14,5.051063842e-13,1.867446418e-13,3.400358397e-13,6.479631526e-14,5.426321267e-13,1.934117837e-14
39.1328125,2.83924904e-13,2.093366209e-13,7.657690072e-13,1.724440907e-13,2.783298416e-13,1.109754362e-13,4.384673889e-14,2.480906929e-14,6.278252315e-14,7.851074126e-14,3.625766344e-13,2.597731535e-13,1.877583048e-13,3.449442359e-13,3.00326788e-13,5.856879138e-13,6.261094899e-13,4.85074678e-13,7.095216727e-14,2.091567905e-13,9.056363717e-14,5.041767245e-14,4.034260208e-14,1.072896805e-13,6.486435337e-14,7.187508367e-14,4.988910063e-13,1.861726454e-13,3.313216398e-13,6.377962487e-14,5.346416676e-13,1.907451688e-14
39.140625,2.849725242e-13,2.090009456e-13,7.530454816e-13,1.745641324e-13,2.738333283e-13,1.113127752e-13,4.248824382e-14,2.44288045e-14,6.111230338e-14,7.596667128e-14,3.579803479e-13,2.548847154e-13,1.882105308e-13,3.372276255e-13,2.965205347e-13,5.853502044e-13,6.233713356e-13,4.860747264e-13,6.968348993e-14,2.115729866e-13,8.917100276e-14,4.908470582e-14,3.931707123e-14,1.059725152e-13,6.388016475e-14,7.041626609e-14,4.929514581e-13,1.857037339e-13,3.228465004e-13,6.280187088e-14,5.269385998e-13,1.884046824e-14
39.1484375,2.861231259e-13,2.086547558e-13,7.406883819e-13,1.765306901e-13,2.6965585e-13,1.11613081e-13,4.119473302e-14,2.408475957e-14,5.947083569e-14,7.35244699e-14,3.5351948e-13,2.501492049e-13,1.887085878e-13,3.298434396e-13,2.929044049e-13,5.852166441e-13,6.208126946e-13,4.871905817e-13,6.84642225e-14,2.140033638e-13,8.772505391e-14,4.777366214e-14,3.832665875e-14,1.046713801e-13,6.294437954e-14,6.899399536e-14,4.872202703e-13,1.8534426e-13,3.144917878e-13,6.184664368e-14,5.195831886e-13,1.863198236e-14
39.15625,2.873640219e-13,2.083114339e-13,7.286127152e-13,1.784936824e-13,2.656587436e-13,1.119215481e-13,3.995761599e-14,2.375571453e-14,5.784332673e-14,7.114168461e-14,3.491448324e-13,2.454843646e-13,1.892273558e-13,3.226044838e-13,2.894156218e-13,5.851885237e-13,6.184145506e-13,4.883567835e-13,6.729295123e-14,2.16493843e-13,8.625737289e-14,4.647942469e-14,3.738472561e-14,1.033124925e-13,6.208736284e-14,6.75969896e-14,4.815431632e-13,1.850037345e-13,3.061494941e-13,6.08880848e-14,5.125681944e-13,1.845409926e-14
39.1640625,2.885351707e-13,2.079670364e-13,7.167517357e-13,1.8049471e-13,2.617079647e-13,1.122324705e-13,3.878113799e-14,2.344241912e-14,5.624782047e-14,6.883020178e-14,3.448084834e-13,2.409328936e-13,1.897299483e-13,3.154585185e-13,2.8599518e-13,5.850853276e-13,6.160117418e-13,4.894060493e-13,6.617086436e-14,2.189485785e-13,8.483032959e-14,4.520711517e-14,3.649851806e-14,1.019539716e-13,6.126536535e-14,6.626569029e-14,4.75961223e-13,1.847051492e-13,2.979853206e-13,5.995553127e-14,5.058213486e-13,1.830346688e-14
39.171875,2.897361655e-13,2.076701275e-13,7.052661705e-13,1.825893816e-13,2.579085016e-13,1.125845628e-13,3.771129281e-14,2.316020559e-14,5.467342438e-14,6.662672925e-14,3.406732223e-13,2.364942866e-13,1.902753749e-13,3.085794272e-13,2.827840165e-13,5.850731657e-13,6.13769397e-13,4.905005286e-13,6.510622985e-14,2.212901117e-13,8.345748516e-14,4.395468489e-14,3.564978266e-14,1.005794937e-13,6.047167784e-14,6.50147893e-14,4.705767294e-13,1.846674957e-13,2.901818619e-13,5.90929197e-14,4.992972496e-13,1.817800463e-14
39.1796875,2.911733438e-13,2.074437965e-13,6.942998848e-13,1.847472039e-13,2.543721382e-13,1.130333865e-13,3.673309862e-14,2.292194175e-14,5.310791981e-14,6.449564524e-14,3.36802352e-13,2.321421201e-13,1.908879525e-13,3.020527874e-13,2.799197898e-13,5.853761198e-13,6.119210982e-13,4.918836586e-13,6.413278181e-14,2.235144004e-13,8.213008455e-14,4.272922681e-14,3.482260533e-14,9.912550235e-14,5.975723154e-14,6.381987978e-14,4.653776387e-13,1.848206895e-13,2.826750631e-13,5.828058086e-14,4.931062265e-13,1.807854933e-14
39.1875,2.925956988e-13,2.072240253e-13,6.837313273e-13,1.867997071e-13,2.510941958e-13,1.1348683e-13,3.578129463e-14,2.2721286e-14,5.157864574e-14,6.240281563e-14,3.330221071e-13,2.279273982e-13,1.91493053e-13,2.957567246e-13,2.772358186e-13,5.857926159e-13,6.101609225e-13,4.934597009e-13,6.320711071e-14,2.256796946e-13,8.081442225e-14,4.154462229e-14,3.403143578e-14,9.764386108e-14,5.909782901e-14,6.267307834e-14,4.60354406e-13,1.849272091e-13,2.753616416e-13,5.74844371e-14,4.872257765e-13,1.798785322e-14
39.1953125,2.936842033e-13,2.070306977e-13,6.733012078e-13,1.888383791e-13,2.479561543e-13,1.138653767e-13,3.487239078e-14,2.254057514e-14,5.009492853e-14,6.040128915e-14,3.292524779e-13,2.238199242e-13,1.920661988e-13,2.89544606e-13,2.745457254e-13,5.861213748e-13,6.081709861e-13,4.949907579e-13,6.223378886e-14,2.279341174e-13,7.94759177e-14,4.038805662e-14,3.330398033e-14,9.622380715e-14,5.843668124e-14,6.158049928e-14,4.554824662e-13,1.850750898e-13,2.682029275e-13,5.671088569e-14,4.814033423e-13,1.789164923e-14
39.203125,2.946922842e-13,2.068533427e-13,6.629628745e-13,1.909937468e-13,2.448229436e-13,1.142628186e-13,3.404582997e-14,2.238625403e-14,4.862455773e-14,5.852259077e-14,3.255958922e-13,2.197328358e-13,1.926349401e-13,2.834428213e-13,2.719923936e-13,5.865270056e-13,6.062443531e-13,4.963778807e-13,6.127058673e-14,2.30332578e-13,7.813679785e-14,3.923722011e-14,3.261385003e-14,9.489266942e-14,5.7789293e-14,6.053008538e-14,4.506286611e-13,1.85341243e-13,2.611318511e-13,5.596233016e-14,4.755816546e-13,1.780324187e-14
39.2109375,2.958851653e-13,2.06653846e-13,6.528559769e-13,1.930866666e-13,2.417114219e-13,1.147003402e-13,3.327333394e-14,2.226874876e-14,4.71457329e-14,5.671763689e-14,3.221172038e-13,2.156993053e-13,1.9320128e-13,2.775318172e-13,2.697205408e-13,5.870498097e-13,6.045659078e-13,4.97636017e-13,6.043352305e-14,2.32728928e-13,7.680981181e-14,3.809086766e-14,3.19267931e-14,9.359443196e-14,5.718696651e-14,5.952675331e-14,4.457835337e-13,1.85568882e-13,2.542095889e-13,5.52112381e-14,4.69912181e-13,1.774005573e-14
39.21875,2.970395894e-13,2.066072994e-13,6.430210552e-13,1.950594979e-13,2.387049736e-13,1.150483612e-13,3.254646287e-14,2.216276245e-14,4.567754425e-14,5.497284186e-14,3.187708547e-13,2.117844799e-13,1.937803954e-13,2.717732256e-13,2.67563518e-13,5.874646212e-13,6.027980917e-13,4.988386445e-13,5.967576197e-14,2.349923173e-13,7.548006691e-14,3.696000417e-14,3.128474558e-14,9.223453336e-14,5.662427471e-14,5.860028706e-14,4.411493997e-13,1.857942364e-13,2.476187299e-13,5.445066289e-14,4.644827656e-13,1.771167485e-14
39.2265625,2.98049616e-13,2.067923318e-13,6.335068058e-13,1.970624079e-13,2.358455384e-13,1.153251575e-13,3.188928348e-14,2.205002964e-14,4.426482003e-14,5.333141752e-14,3.155153403e-13,2.08020116e-13,1.94385503e-13,2.661959924e-13,2.653726184e-13,5.877387006e-13,6.008422201e-13,5.000278792e-13,5.893183317e-14,2.371912011e-13,7.418903434e-14,3.586609249e-14,3.070736836e-14,9.08305372e-14,5.607499652e-14,5.774296866e-14,4.367703766e-13,1.861937505e-13,2.413160206e-13,5.372033877e-14,4.593644499e-13,1.771894244e-14
39.234375,2.991663136e-13,2.069835627e-13,6.244344537e-13,1.990782456e-13,2.332500884e-13,1.156977564e-13,3.128574627e-14,2.195596007e-14,4.292778935e-14,5.180303737e-14,3.12398878e-13,2.044589955e-13,1.95005121e-13,2.609682161e-13,2.632779864e-13,5.880442314e-13,5.990190995e-13,5.011818356e-13,5.825318577e-14,2.394757639e-13,7.296719355e-14,3.483076464e-14,3.015291078e-14,8.948484981e-14,5.552352537e-14,5.691809649e-14,4.324771662e-13,1.867717182e-13,2.351039928e-13,5.304574686e-14,4.545550833e-13,1.773732329e-14
39.2421875,3.004340027e-13,2.070679942e-13,6.157429438e-13,2.010152833e-13,2.309797518e-13,1.161585519e-13,3.072130382e-14,2.190407325e-14,4.163378135e-14,5.037870617e-14,3.094791366e-13,2.010768913e-13,1.956361643e-13,2.560804497e-13,2.613971288e-13,5.884276904e-13,5.974202818e-13,5.02297436e-13,5.764244579e-14,2.417790683e-13,7.178738507e-14,3.383683597e-14,2.963365929e-14,8.819716106e-14,5.499941904e-14,5.61249968e-14,4.28240671e-13,1.874507398e-13,2.289837027e-13,5.240453993e-14,4.499238572e-13,1.774828352e-14
39.25,3.015866281e-13,2.070639835e-13,6.073635668e-13,2.028416359e-13,2.288615222e-13,1.165408899e-13,3.020749689e-14,2.188955391e-14,4.035699225e-14,4.906402102e-14,3.067517978e-13,1.977754081e-13,1.962556509e-13,2.513498835e-13,2.596085318e-13,5.887412074e-13,5.957913768e-13,5.033241332e-13,5.703659062e-14,2.438430284e-13,7.066470865e-14,3.285188751e-14,2.917586703e-14,8.691146673e-14,5.452396483e-14,5.538356279e-14,4.241653729e-13,1.881245135e-13,2.230913725e-13,5.178950235e-14,4.454617344e-13,1.77740944e-14
39.2578125,3.025431515e-13,2.069283859e-13,5.993845423e-13,2.045484682e-13,2.26804934e-13,1.168256197e-13,2.974017707e-14,2.189803218e-14,3.91253086e-14,4.782832426e-14,3.042039049e-13,1.945529217e-13,1.968528948e-13,2.467838634e-13,2.578103063e-13,5.888516432e-13,5.940230645e-13,5.041880284e-13,5.647314196e-14,2.456446321e-13,6.958820823e-14,3.189363784e-14,2.874709156e-14,8.564209329e-14,5.406731223e-14,5.468987197e-14,4.203096068e-13,1.887269139e-13,2.175235194e-13,5.121573375e-14,4.41258342e-13,1.782552135e-14
39.265625,3.035714949e-13,2.067245814e-13,5.916902809e-13,2.061863404e-13,2.249490576e-13,1.171640726e-13,2.931375652e-14,2.192555151e-14,3.796952781e-14,4.663994466e-14,3.017813057e-13,1.914786306e-13,1.974657413e-13,2.425152101e-13,2.561333449e-13,5.888961498e-13,5.923497103e-13,5.049976669e-13,5.603216701e-14,2.47418267e-13,6.846763323e-14,3.099779285e-14,2.833646458e-14,8.440667049e-14,5.36235511e-14,5.403636873e-14,4.16704395e-13,1.893964746e-13,2.123003208e-13,5.066880247e-14,4.372799855e-13,1.787810025e-14
39.2734375,3.04804848e-13,2.06521963e-13,5.841480818e-13,2.077473108e-13,2.233216937e-13,1.176170068e-13,2.892983239e-14,2.199751909e-14,3.688551094e-14,4.555120376e-14,2.993928154e-13,1.885918981e-13,1.980858717e-13,2.384904205e-13,2.54678964e-13,5.89106091e-13,5.909075847e-13,5.05888964e-13,5.568496728e-14,2.492666857e-13,6.732439717e-14,3.01493505e-14,2.796872996e-14,8.319305099e-14,5.321567521e-14,5.343780832e-14,4.132814798e-13,1.902487502e-13,2.073112269e-13,5.014419448e-14,4.334806434e-13,1.793070769e-14
39.28125,3.059544919e-13,2.062997247e-13,5.769802005e-13,2.091942237e-13,2.21821249e-13,1.18059868e-13,2.859091811e-14,2.21380329e-14,3.585549215e-14,4.460953949e-14,2.970682704e-13,1.85886996e-13,1.986946796e-13,2.34598898e-13,2.533421741e-13,5.89421932e-13,5.894876226e-13,5.0679864e-13,5.535643724e-14,2.511304209e-13,6.625146239e-14,2.931821493e-14,2.765927576e-14,8.200757073e-14,5.28453912e-14,5.290602144e-14,4.099208174e-13,1.911616381e-13,2.024607508e-13,4.966655141e-14,4.298877356e-13,1.800288934e-14
39.2890625,3.068558498e-13,2.06184187e-13,5.701989421e-13,2.106352466e-13,2.204290985e-13,1.183785805e-13,2.831827725e-14,2.231927898e-14,3.485638253e-14,4.375564635e-14,2.948847854e-13,1.832548747e-13,1.993325112e-13,2.308949103e-13,2.520909604e-13,5.897154248e-13,5.880237176e-13,5.076776098e-13,5.503622327e-14,2.529482233e-13,6.519913975e-14,2.850928003e-14,2.740707355e-14,8.082758307e-14,5.252251342e-14,5.2421673e-14,4.06665004e-13,1.920246687e-13,1.978192731e-13,4.922250249e-14,4.264823986e-13,1.808856626e-14
39.296875,3.077756666e-13,2.062246339e-13,5.635400405e-13,2.120868627e-13,2.191459087e-13,1.186296606e-13,2.811418423e-14,2.250603756e-14,3.386957679e-14,4.294029795e-14,2.928187658e-13,1.80600541e-13,1.999899738e-13,2.274487791e-13,2.510390306e-13,5.900773916e-13,5.86704454e-13,5.085925949e-13,5.474865997e-14,2.547028054e-13,6.412481138e-14,2.77299018e-14,2.716571162e-14,7.960764107e-14,5.224250681e-14,5.196297026e-14,4.035653795e-13,1.92888872e-13,1.934483317e-13,4.878266786e-14,4.232500535e-13,1.817726236e-14
39.3046875,3.088412825e-13,2.061833992e-13,5.572212727e-13,2.133914868e-13,2.180260297e-13,1.189215253e-13,2.794455835e-14,2.271391519e-14,3.290726052e-14,4.221112661e-14,2.908784218e-13,1.780561105e-13,2.006583123e-13,2.242447276e-13,2.501679001e-13,5.904986277e-13,5.854834585e-13,5.095390838e-13,5.450608947e-14,2.564548503e-13,6.31148161e-14,2.697395076e-14,2.690122414e-14,7.839156833e-14,5.196308422e-14,5.154611554e-14,4.005518318e-13,1.938113063e-13,1.893298138e-13,4.835264102e-14,4.202685651e-13,1.827659958e-14
39.3125,3.098473327e-13,2.060343869e-13,5.514924192e-13,2.145831142e-13,2.171965466e-13,1.19254032e-13,2.78086087e-14,2.296942108e-14,3.200275304e-14,4.159747254e-14,2.890922266e-13,1.757752573e-13,2.013995504e-13,2.21281833e-13,2.493518386e-13,5.907714322e-13,5.841600644e-13,5.104286697e-13,5.431465715e-14,2.582040744e-13,6.215868071e-14,2.625227996e-14,2.66591612e-14,7.725616285e-14,5.168027018e-14,5.118080334e-14,3.976343119e-13,1.947727699e-13,1.854519397e-13,4.793776856e-14,4.175742506e-13,1.838906747e-14
39.3203125,3.107133648e-13,2.060520619e-13,5.459646026e-13,2.158375354e-13,2.165879376e-13,1.195747808e-13,2.773408431e-14,2.326844727e-14,3.117483318e-14,4.108558955e-14,2.873683099e-13,1.736739931e-13,2.021725763e-13,2.1854151e-13,2.485438623e-13,5.908189724e-13,5.826946572e-13,5.111888496e-13,5.416145774e-14,2.598559048e-13,6.117025362e-14,2.558200778e-14,2.64655301e-14,7.617338672e-14,5.140844393e-14,5.082529892e-14,3.948281677e-13,1.957651072e-13,1.817602791e-13,4.754445461e-14,4.15085707e-13,1.850689936e-14
39.328125,3.115793837e-13,2.062054217e-13,5.404889952e-13,2.171036465e-13,2.160711615e-13,1.19878163e-13,2.771254784e-14,2.35915711e-14,3.040888651e-14,4.070366582e-14,2.856775679e-13,1.71651259e-13,2.029069139e-13,2.159849437e-13,2.477419314e-13,5.907260929e-13,5.811524636e-13,5.118676588e-13,5.402274975e-14,2.614354056e-13,6.021427684e-14,2.495658247e-14,2.629855562e-14,7.510764714e-14,5.113044489e-14,5.047038862e-14,3.920657455e-13,1.968365298e-13,1.782290808e-13,4.718962266e-14,4.127552193e-13,1.862632803e-14
39.3359375,3.125672774e-13,2.061133808e-13,5.354996187e-13,2.181688119e-13,2.157769292e-13,1.201843295e-13,2.771940534e-14,2.393526867e-14,2.967657568e-14,4.045446173e-14,2.841174066e-13,1.697440946e-13,2.036626285e-13,2.136584796e-13,2.470004177e-13,5.906040918e-13,5.797147098e-13,5.126113296e-13,5.39050338e-14,2.629824285e-13,5.937616685e-14,2.435806748e-14,2.616977953e-14,7.411796811e-14,5.086767737e-14,5.017910896e-14,3.894020583e-13,1.979327558e-13,1.749415434e-13,4.685867452e-14,4.105822899e-13,1.87518154e-14
39.34375,3.136036032e-13,2.057166477e-13,5.310152248e-13,2.190271085e-13,2.157426974e-13,1.205017267e-13,2.775116064e-14,2.432538984e-14,2.898151831e-14,4.027753994e-14,2.826726128e-13,1.679506203e-13,2.044220592e-13,2.115605654e-13,2.464189123e-13,5.905332488e-13,5.784298348e-13,5.133455771e-13,5.383177145e-14,2.644775095e-13,5.85984962e-14,2.377866663e-14,2.608119015e-14,7.32037074e-14,5.065116165e-14,4.996249055e-14,3.868811736e-13,1.989145071e-13,1.71913176e-13,4.653350174e-14,4.08451782e-13,1.888894173e-14
39.3515625,3.144450315e-13,2.0544019e-13,5.267032418e-13,2.198973195e-13,2.157574221e-13,1.20811429e-13,2.781347583e-14,2.476916728e-14,2.834709209e-14,4.017662296e-14,2.812841577e-13,1.662451134e-13,2.051168436e-13,2.095772144e-13,2.459920533e-13,5.904860262e-13,5.769937731e-13,5.138336869e-13,5.381399011e-14,2.660365764e-13,5.782553432e-14,2.321933321e-14,2.599897214e-14,7.225783251e-14,5.044733026e-14,4.976143405e-14,3.844018619e-13,1.998770005e-13,1.690558348e-13,4.62271933e-14,4.062995386e-13,1.903188041e-14
39.359375,3.150732733e-13,2.054169593e-13,5.226634435e-13,2.207438928e-13,2.15866769e-13,1.210823754e-13,2.790465167e-14,2.523467643e-14,2.775983307e-14,4.019394947e-14,2.80011641e-13,1.646789367e-13,2.058402584e-13,2.07726297e-13,2.456550505e-13,5.903770111e-13,5.753620666e-13,5.141589248e-13,5.385353553e-14,2.676337528e-13,5.707542681e-14,2.26820435e-14,2.59174495e-14,7.12578507e-14,5.024360614e-14,4.958268557e-14,3.819751954e-13,2.009902094e-13,1.663096068e-13,4.594154275e-14,4.04295126e-13,1.917629552e-14
39.3671875,3.157674705e-13,2.052288318e-13,5.190314062e-13,2.212501129e-13,2.162703931e-13,1.21316915e-13,2.802075698e-14,2.57275412e-14,2.719774607e-14,4.030045238e-14,2.788415709e-13,1.632519844e-13,2.065987829e-13,2.060916336e-13,2.45351933e-13,5.901336307e-13,5.738388764e-13,5.145141394e-13,5.392794309e-14,2.690239017e-13,5.636267874e-14,2.216644595e-14,2.584841545e-14,7.029000887e-14,5.006150116e-14,4.947608362e-14,3.796298289e-13,2.021004237e-13,1.636636248e-13,4.566587983e-14,4.024597712e-13,1.933680056e-14
39.375,3.166434554e-13,2.048529821e-13,5.155288784e-13,2.214970376e-13,2.168943146e-13,1.215238497e-13,2.817928232e-14,2.627830593e-14,2.668235512e-14,4.048409309e-14,2.776476124e-13,1.619050536e-13,2.07266831e-13,2.045898189e-13,2.449818699e-13,5.89721183e-13,5.723576263e-13,5.147863717e-13,5.401305816e-14,2.703183933e-13,5.569527222e-14,2.167199512e-14,2.580390051e-14,6.940029209e-14,4.987416628e-14,4.941700051e-14,3.772882482e-13,2.03107839e-13,1.611832942e-13,4.539352601e-14,4.005439944e-13,1.952042678e-14
39.3828125,3.176836338e-13,2.047477922e-13,5.119938037e-13,2.218604863e-13,2.177266641e-13,1.217065835e-13,2.83946792e-14,2.685591014e-14,2.623405181e-14,4.078363992e-14,2.764446472e-13,1.606517534e-13,2.079220236e-13,2.031978478e-13,2.445707262e-13,5.892263552e-13,5.707692797e-13,5.149720463e-13,5.414327049e-14,2.717254875e-13,5.506273699e-14,2.120607736e-14,2.579313331e-14,6.855448669e-14,4.96715125e-14,4.935962093e-14,3.750802528e-13,2.042558883e-13,1.58933077e-13,4.51129981e-14,3.985534601e-13,1.971258659e-14
39.390625,3.188968416e-13,2.047633575e-13,5.086085476e-13,2.22229631e-13,2.189056315e-13,1.219026882e-13,2.863371812e-14,2.743762532e-14,2.584241671e-14,4.118721361e-14,2.753480955e-13,1.595056749e-13,2.086476072e-13,2.020501214e-13,2.443037564e-13,5.887115491e-13,5.692464002e-13,5.152752226e-13,5.435577587e-14,2.730116244e-13,5.443061727e-14,2.078196359e-14,2.578548282e-14,6.770016916e-14,4.949223712e-14,4.931208623e-14,3.731588969e-13,2.055580165e-13,1.568569129e-13,4.484123824e-14,3.96707279e-13,1.990642605e-14
39.3984375,3.199963458e-13,2.044950343e-13,5.055062839e-13,2.223037859e-13,2.202294288e-13,1.220895858e-13,2.887972705e-14,2.806722885e-14,2.549971552e-14,4.167530253e-14,2.743483903e-13,1.584312182e-13,2.092992231e-13,2.01129516e-13,2.442166671e-13,5.881022101e-13,5.676976117e-13,5.155376635e-13,5.461056429e-14,2.741619687e-13,5.381990996e-14,2.039507545e-14,2.576250159e-14,6.685481261e-14,4.932726313e-14,4.929587444e-14,3.713476053e-13,2.067437443e-13,1.549427736e-13,4.460514809e-14,3.949144655e-13,2.010104527e-14
39.40625,3.207908251e-13,2.043009882e-13,5.026353067e-13,2.222328133e-13,2.214650107e-13,1.221903132e-13,2.917508082e-14,2.874678665e-14,2.519800746e-14,4.225535976e-14,2.733764186e-13,1.574514369e-13,2.098671436e-13,2.003600189e-13,2.442435773e-13,5.874621446e-13,5.659754814e-13,5.15546063e-13,5.486798354e-14,2.755625253e-13,5.327210386e-14,2.00217911e-14,2.576013299e-14,6.610183829e-14,4.91480971e-14,4.933190076e-14,3.695337129e-13,2.078565106e-13,1.532392882e-13,4.438102788e-14,3.929920494e-13,2.02872314e-14
39.4140625,3.217543411e-13,2.04433701e-13,4.998682726e-13,2.221638551e-13,2.228163064e-13,1.222876597e-13,2.951971758e-14,2.943280224e-14,2.492885699e-14,4.289464951e-14,2.723983317e-13,1.565889291e-13,2.105119191e-13,1.998186638e-13,2.443919347e-13,5.868978606e-13,5.644411476e-13,5.155870536e-13,5.514978403e-14,2.771081862e-13,5.274708467e-14,1.965968134e-14,2.57812946e-14,6.544481331e-14,4.897665785e-14,4.943555449e-14,3.678060761e-13,2.090579533e-13,1.516540522e-13,4.414700003e-14,3.910656709e-13,2.047251432e-14
39.421875,3.231029366e-13,2.043300272e-13,4.970639282e-13,2.218890899e-13,2.243820321e-13,1.22479171e-13,2.985901536e-14,3.012899448e-14,2.470369006e-14,4.359266574e-14,2.713201788e-13,1.557672422e-13,2.111849382e-13,1.994424369e-13,2.445137329e-13,5.861614104e-13,5.631434777e-13,5.157863981e-13,5.545338732e-14,2.783771374e-13,5.220444365e-14,1.932355764e-14,2.57953794e-14,6.479388354e-14,4.881959731e-14,4.956902071e-14,3.66085773e-13,2.102016686e-13,1.50130612e-13,4.391745385e-14,3.892423242e-13,2.067454171e-14
39.4296875,3.242618955e-13,2.03770802e-13,4.941377955e-13,2.213399969e-13,2.259396233e-13,1.226022205e-13,3.018591444e-14,3.084776599e-14,2.452404982e-14,4.44017798e-14,2.700718588e-13,1.549335669e-13,2.117154665e-13,1.989972155e-13,2.443591888e-13,5.84942084e-13,5.614982175e-13,5.157086971e-13,5.573407973e-14,2.793956106e-13,5.168931007e-14,1.8999686e-14,2.581797367e-14,6.412007999e-14,4.863813946e-14,4.967518969e-14,3.642833938e-13,2.111880484e-13,1.487465098e-13,4.367711745e-14,3.872812807e-13,2.088209765e-14
39.4375,3.25082992e-13,2.031953589e-13,4.911354566e-13,2.206926857e-13,2.275305686e-13,1.225512021e-13,3.052739487e-14,3.158522201e-14,2.437293654e-14,4.529331791e-14,2.687734435e-13,1.541337714e-13,2.120865336e-13,1.985095105e-13,2.439760611e-13,5.832986503e-13,5.593941843e-13,5.151873433e-13,5.60003736e-14,2.803675878e-13,5.124262045e-14,1.867135729e-14,2.587038389e-14,6.347458564e-14,4.841339984e-14,4.975072586e-14,3.62469474e-13,2.121471804e-13,1.474363172e-13,4.340488451e-14,3.849091797e-13,2.107789484e-14
39.4453125,3.260397676e-13,2.026923219e-13,4.882860991e-13,2.199722876e-13,2.293823338e-13,1.225231006e-13,3.089440698e-14,3.236333295e-14,2.425417015e-14,4.6219075e-14,2.675545912e-13,1.534262617e-13,2.123883672e-13,1.982114714e-13,2.436238463e-13,5.81482911e-13,5.572834167e-13,5.145692759e-13,5.629739082e-14,2.813603081e-13,5.084947728e-14,1.835988523e-14,2.59311024e-14,6.289958313e-14,4.81681343e-14,4.983456101e-14,3.606233629e-13,2.131048902e-13,1.461283068e-13,4.313688946e-14,3.822551512e-13,2.127273391e-14
39.453125,3.271117669e-13,2.020588798e-13,4.858058005e-13,2.191194383e-13,2.314247871e-13,1.226159295e-13,3.129469814e-14,3.317788229e-14,2.418243592e-14,4.720932744e-14,2.663835102e-13,1.528375448e-13,2.127050527e-13,1.981509545e-13,2.434338047e-13,5.796810493e-13,5.552760871e-13,5.140323316e-13,5.661544619e-14,2.824301309e-13,5.048571412e-14,1.808417108e-14,2.597770613e-14,6.238572792e-14,4.793737713e-14,4.99669109e-14,3.587599399e-13,2.140231148e-13,1.449856816e-13,4.291335839e-14,3.797054194e-13,2.147702339e-14
39.4609375,3.280586234e-13,2.01346516e-13,4.835206618e-13,2.182365313e-13,2.334721624e-13,1.22683432e-13,3.171166679e-14,3.398984411e-14,2.416521172e-14,4.82688045e-14,2.65227385e-13,1.523363605e-13,2.130525058e-13,1.982118637e-13,2.433430426e-13,5.778890087e-13,5.532079932e-13,5.134587828e-13,5.693541791e-14,2.83500648e-13,5.013131354e-14,1.784062692e-14,2.601617366e-14,6.187596948e-14,4.773296311e-14,5.015754924e-14,3.57073664e-13,2.149775763e-13,1.440691784e-13,4.272574387e-14,3.773544826e-13,2.169280858e-14
39.46875,3.290685506e-13,2.005967741e-13,4.811384787e-13,2.173595444e-13,2.355002742e-13,1.226560303e-13,3.21156281e-14,3.481443446e-14,2.420640018e-14,4.939537464e-14,2.64101618e-13,1.518439725e-13,2.133654626e-13,1.982948451e-13,2.431757073e-13,5.758929388e-13,5.510384995e-13,5.127223296e-13,5.729056975e-14,2.84439928e-13,4.977890057e-14,1.762757298e-14,2.607067842e-14,6.136295732e-14,4.752933315e-14,5.038058093e-14,3.555575315e-13,2.159673573e-13,1.432100499e-13,4.254725935e-14,3.749666866e-13,2.193391792e-14
39.4765625,3.301904191e-13,1.997913153e-13,4.788162655e-13,2.162748742e-13,2.375852496e-13,1.225673152e-13,3.252168712e-14,3.567866353e-14,2.428277599e-14,5.06388694e-14,2.629705955e-13,1.513601442e-13,2.135991012e-13,1.98367899e-13,2.428355002e-13,5.735421078e-13,5.48675481e-13,5.117574447e-13,5.768650634e-14,2.852880517e-13,4.94484506e-14,1.743194995e-14,2.615270549e-14,6.092751349e-14,4.730207106e-14,5.062498471e-14,3.539635825e-13,2.168905625e-13,1.423685238e-13,4.236257103e-14,3.724528592e-13,2.219353603e-14
39.484375,3.313063691e-13,1.9909225e-13,4.767622275e-13,2.148659534e-13,2.398456851e-13,1.224410286e-13,3.294959041e-14,3.654539343e-14,2.437613933e-14,5.196324922e-14,2.618270179e-13,1.509744856e-13,2.137728952e-13,1.985347197e-13,2.424425957e-13,5.709459183e-13,5.461019461e-13,5.107047019e-13,5.809037614e-14,2.860733602e-13,4.916421748e-14,1.724395832e-14,2.624257788e-14,6.058044683e-14,4.705846657e-14,5.08930426e-14,3.522662044e-13,2.177778367e-13,1.416490407e-13,4.216674694e-14,3.699319506e-13,2.243726492e-14
39.4921875,3.325922345e-13,1.985335598e-13,4.747894274e-13,2.133340367e-13,2.423306955e-13,1.223568113e-13,3.338611489e-14,3.739916002e-14,2.4530655e-14,5.330123425e-14,2.607195849e-13,1.507217494e-13,2.139370114e-13,1.989741603e-13,2.421628845e-13,5.68344543e-13,5.436187832e-13,5.098154931e-13,5.853181104e-14,2.868266804e-13,4.894145672e-14,1.709094946e-14,2.632659968e-14,6.022432084e-14,4.681520661e-14,5.116296207e-14,3.506933615e-13,2.187494868e-13,1.410643426e-13,4.197302714e-14,3.674588661e-13,2.266677279e-14
39.5,3.340572635e-13,1.979018149e-13,4.72899711e-13,2.118852269e-13,2.449764576e-13,1.223769715e-13,3.383869706e-14,3.829422748e-14,2.477771813e-14,5.471944709e-14,2.596418853e-13,1.505643704e-13,2.141711088e-13,1.997142905e-13,2.420417645e-13,5.65895734e-13,5.413799106e-13,5.090401447e-13,5.904880799e-14,2.877347557e-13,4.877668191e-14,1.698628878e-14,2.642159866e-14,5.982810724e-14,4.658741855e-14,5.144828886e-14,3.493084479e-13,2.198030224e-13,1.405640915e-13,4.181317013e-14,3.650212447e-13,2.291408427e-14
39.5078125,3.35519926e-13,1.971504981e-13,4.713759847e-13,2.104991753e-13,2.477566928e-13,1.224575936e-13,3.432123137e-14,3.925981581e-14,2.507033526e-14,5.624774403e-14,2.585810185e-13,1.504768215e-13,2.145071634e-13,2.006098079e-13,2.420382199e-13,5.63543515e-13,5.391870467e-13,5.081834653e-13,5.960087894e-14,2.888067427e-13,4.864694967e-14,1.690390279e-14,2.654065196e-14,5.947268818e-14,4.63896602e-14,5.179853406e-14,3.479406987e-13,2.208384178e-13,1.401429885e-13,4.168173705e-14,3.625917986e-13,2.317802023e-14
39.515625,3.371291937e-13,1.96425432e-13,4.701131287e-13,2.090630714e-13,2.506612257e-13,1.225600073e-13,3.48079976e-14,4.025854936e-14,2.537639639e-14,5.781092828e-14,2.575807053e-13,1.504752217e-13,2.148769007e-13,2.015602157e-13,2.420554675e-13,5.611264918e-13,5.369853217e-13,5.072794607e-13,6.016891425e-14,2.898456053e-13,4.856073508e-14,1.683710107e-14,2.666841568e-14,5.922058247e-14,4.620494633e-14,5.219622456e-14,3.4654642e-13,2.218570139e-13,1.398464002e-13,4.152943975e-14,3.60113791e-13,2.344227705e-14
39.5234375,3.388957521e-13,1.957667531e-13,4.688483309e-13,2.074948485e-13,2.536446051e-13,1.226601822e-13,3.528410454e-14,4.124633325e-14,2.572882635e-14,5.945142818e-14,2.56626937e-13,1.505911733e-13,2.152232141e-13,2.025877407e-13,2.419883772e-13,5.585276771e-13,5.348054592e-13,5.063660265e-13,6.077740701e-14,2.908745817e-13,4.852906554e-14,1.679552566e-14,2.678027797e-14,5.90309257e-14,4.598962191e-14,5.260429293e-14,3.452515263e-13,2.229661997e-13,1.396983893e-13,4.136757066e-14,3.575477009e-13,2.371267948e-14
39.53125,3.405587425e-13,1.951035589e-13,4.676189534e-13,2.057723243e-13,2.567383126e-13,1.227137595e-13,3.576697386e-14,4.222832623e-14,2.615268481e-14,6.123631508e-14,2.556259223e-13,1.507797575e-13,2.155282378e-13,2.036881458e-13,2.418272378e-13,5.556886754e-13,5.324831582e-13,5.053656449e-13,6.139693166e-14,2.91977359e-13,4.849230499e-14,1.677473605e-14,2.688176201e-14,5.882658438e-14,4.574086785e-14,5.304020424e-14,3.440206055e-13,2.241470412e-13,1.396148887e-13,4.125003481e-14,3.548499084e-13,2.399724732e-14
39.5390625,3.422779471e-13,1.94432954e-13,4.664676626e-13,2.039751823e-13,2.599654655e-13,1.227642337e-13,3.625974342e-14,4.32458037e-14,2.663609389e-14,6.30749909e-14,2.54592657e-13,1.509575192e-13,2.157838305e-13,2.048153924e-13,2.416893375e-13,5.527945766e-13,5.301101177e-13,5.043468617e-13,6.202038744e-14,2.930348201e-13,4.84394608e-14,1.678508917e-14,2.700627879e-14,5.862674917e-14,4.550597956e-14,5.349195771e-14,3.427664835e-13,2.252791881e-13,1.395234503e-13,4.11459876e-14,3.520684052e-13,2.429939665e-14
39.546875,3.442281871e-13,1.938659647e-13,4.654774192e-13,2.021941669e-13,2.632460837e-13,1.228836106e-13,3.675913104e-14,4.430823134e-14,2.715840029e-14,6.49268533e-14,2.536941695e-13,1.511928765e-13,2.160861705e-13,2.060460477e-13,2.417188555e-13,5.501487464e-13,5.279578625e-13,5.033727315e-13,6.270938319e-14,2.940346611e-13,4.847530225e-14,1.683743196e-14,2.715252999e-14,5.849774199e-14,4.531370819e-14,5.394366607e-14,3.41610081e-13,2.263822927e-13,1.3953798e-13,4.100841123e-14,3.4944468e-13,2.461834878e-14
39.5546875,3.461585429e-13,1.93373083e-13,4.648139194e-13,2.003635477e-13,2.665289824e-13,1.230332196e-13,3.726863186e-14,4.539861992e-14,2.771159332e-14,6.686987143e-14,2.529469506e-13,1.515694295e-13,2.165153167e-13,2.074551779e-13,2.419128879e-13,5.476125076e-13,5.258182107e-13,5.022786558e-13,6.344451377e-14,2.951305775e-13,4.860045674e-14,1.691045999e-14,2.728636674e-14,5.840955231e-14,4.515558172e-14,5.446193048e-14,3.405618245e-13,2.274775229e-13,1.397870831e-13,4.086541668e-14,3.470060428e-13,2.493935538e-14
39.5625,3.481337415e-13,1.927026655e-13,4.641869115e-13,1.983884548e-13,2.697814379e-13,1.231976065e-13,3.776996473e-14,4.654370663e-14,2.831838241e-14,6.888838099e-14,2.520914193e-13,1.519423178e-13,2.169010899e-13,2.088748167e-13,2.421331904e-13,5.449340325e-13,5.235168095e-13,5.00980976e-13,6.415393606e-14,2.963939081e-13,4.868341853e-14,1.699523936e-14,2.741786169e-14,5.83204991e-14,4.501594557e-14,5.506742092e-14,3.394552611e-13,2.284548253e-13,1.40183214e-13,4.072042681e-14,3.443756006e-13,2.526616893e-14
39.5703125,3.503967586e-13,1.919040906e-13,4.632419141e-13,1.964063389e-13,2.729874764e-13,1.234441809e-13,3.82540429e-14,4.775713884e-14,2.900222229e-14,7.091669083e-14,2.510066812e-13,1.522239705e-13,2.171060391e-13,2.101971377e-13,2.423444276e-13,5.423786915e-13,5.214223088e-13,4.996497349e-13,6.485918e-14,2.978575297e-13,4.872216336e-14,1.711123805e-14,2.757255838e-14,5.826271112e-14,4.487203638e-14,5.568384707e-14,3.384029453e-13,2.293717749e-13,1.405838545e-13,4.055456336e-14,3.414462816e-13,2.562398128e-14
39.578125,3.526888536e-13,1.913689673e-13,4.623000474e-13,1.945799134e-13,2.762575259e-13,1.237601349e-13,3.875736787e-14,4.896840903e-14,2.973987203e-14,7.296832052e-14,2.498945459e-13,1.525786356e-13,2.173274099e-13,2.116584935e-13,2.426418762e-13,5.400710325e-13,5.195399283e-13,4.983980418e-13,6.558611651e-14,2.994829019e-13,4.881238024e-14,1.726287524e-14,2.770966308e-14,5.821497329e-14,4.47093314e-14,5.629145157e-14,3.37539964e-13,2.304135486e-13,1.409961062e-13,4.040400817e-14,3.385795083e-13,2.59996899e-14
39.5859375,3.549302833e-13,1.910567946e-13,4.616056567e-13,1.927462142e-13,2.796417476e-13,1.240996022e-13,3.929039283e-14,5.014635364e-14,3.050697469e-14,7.508111413e-14,2.488546385e-13,1.530361211e-13,2.176884718e-13,2.133417405e-13,2.430132202e-13,5.375612275e-13,5.173556871e-13,4.970961639e-13,6.630791259e-14,3.010894067e-13,4.893490799e-14,1.744499355e-14,2.778742581e-14,5.813722893e-14,4.45440923e-14,5.691424603e-14,3.365501215e-13,2.315453008e-13,1.414521648e-13,4.026802648e-14,3.358439187e-13,2.636770655e-14
39.59375,3.575285949e-13,1.905875653e-13,4.608262732e-13,1.906853298e-13,2.8306304e-13,1.244799104e-13,3.979822543e-14,5.135613133e-14,3.132395424e-14,7.729530506e-14,2.477780606e-13,1.534463792e-13,2.179847802e-13,2.149379823e-13,2.433166566e-13,5.346801408e-13,5.148687039e-13,4.955916297e-13,6.705851114e-14,3.026383474e-13,4.903512748e-14,1.765880212e-14,2.784598595e-14,5.810923335e-14,4.437959667e-14,5.753540518e-14,3.352524828e-13,2.326678882e-13,1.419164861e-13,4.0103433e-14,3.329345203e-13,2.675687551e-14
39.6015625,3.604687624e-13,1.90039208e-13,4.599284163e-13,1.885191007e-13,2.865528453e-13,1.248549559e-13,4.02581957e-14,5.261061262e-14,3.219520212e-14,7.961110851e-14,2.466935882e-13,1.538500129e-13,2.181531361e-13,2.163720874e-13,2.43510684e-13,5.317526706e-13,5.124764705e-13,4.939777735e-13,6.787287078e-14,3.042867721e-13,4.912705568e-14,1.78942265e-14,2.793055045e-14,5.816926338e-14,4.419505193e-14,5.817182313e-14,3.340302727e-13,2.338167636e-13,1.423967437e-13,3.993958993e-14,3.298740014e-13,2.718956119e-14
39.609375,3.633417767e-13,1.897130369e-13,4.592173081e-13,1.864748455e-13,2.900880662e-13,1.251549432e-13,4.072187989e-14,5.386879545e-14,3.310133087e-14,8.196081578e-14,2.457194952e-13,1.543773751e-13,2.183925975e-13,2.17895752e-13,2.437026786e-13,5.289468959e-13,5.102117666e-13,4.924536041e-13,6.869810457e-14,3.061083168e-13,4.922022409e-14,1.814841773e-14,2.80241701e-14,5.822267099e-14,4.400953745e-14,5.886256841e-14,3.330965058e-13,2.350259829e-13,1.429115223e-13,3.981107448e-14,3.269159214e-13,2.762684903e-14
39.6171875,3.660989698e-13,1.895282136e-13,4.5861687e-13,1.845304447e-13,2.935055907e-13,1.254456713e-13,4.121701124e-14,5.515714772e-14,3.407030027e-14,8.435837238e-14,2.44814181e-13,1.550011993e-13,2.187060838e-13,2.194806065e-13,2.439392634e-13,5.2617493e-13,5.07925619e-13,4.909659323e-13,6.952418101e-14,3.080726897e-13,4.932141985e-14,1.843968068e-14,2.810255478e-14,5.827178687e-14,4.385923598e-14,5.958638136e-14,3.321414618e-13,2.363283362e-13,1.433833573e-13,3.968863281e-14,3.239600487e-13,2.804870058e-14
39.625,3.689826505e-13,1.892302094e-13,4.579257729e-13,1.825384516e-13,2.969272846e-13,1.258237813e-13,4.171516616e-14,5.648912814e-14,3.51315928e-14,8.686563645e-14,2.438639514e-13,1.556473137e-13,2.189224716e-13,2.209508945e-13,2.441204863e-13,5.232549973e-13,5.055589053e-13,4.893181808e-13,7.040252464e-14,3.100517792e-13,4.943879206e-14,1.877266099e-14,2.816822816e-14,5.840695315e-14,4.372851435e-14,6.032285278e-14,3.309619946e-13,2.377112344e-13,1.437735777e-13,3.955945469e-14,3.207919692e-13,2.848418171e-14
39.6328125,3.721370517e-13,1.887375798e-13,4.57136086e-13,1.804798655e-13,3.005519713e-13,1.262825544e-13,4.22068816e-14,5.780067762e-14,3.625046984e-14,8.942929244e-14,2.428175716e-13,1.562562476e-13,2.190744768e-13,2.224217162e-13,2.441921117e-13,5.200282463e-13,5.030156995e-13,4.875035509e-13,7.130461202e-14,3.11845793e-13,4.952405873e-14,1.913842156e-14,2.82294703e-14,5.857583028e-14,4.359289195e-14,6.107085452e-14,3.296913972e-13,2.390436704e-13,1.441647374e-13,3.943093335e-14,3.175396434e-13,2.89386469e-14
39.640625,3.754766535e-13,1.88223006e-13,4.561929529e-13,1.784341075e-13,3.041532167e-13,1.267436671e-13,4.270316556e-14,5.909342072e-14,3.740850536e-14,9.203732452e-14,2.417096245e-13,1.56807006e-13,2.192748253e-13,2.239725583e-13,2.442335107e-13,5.166249293e-13,5.002712803e-13,4.855872296e-13,7.217181568e-14,3.135808563e-13,4.955980371e-14,1.953665191e-14,2.828824961e-14,5.868778245e-14,4.345298317e-14,6.180307009e-14,3.284403532e-13,2.403550349e-13,1.445810038e-13,3.930515841e-14,3.14359708e-13,2.939345366e-14
39.6484375,3.788095349e-13,1.879759754e-13,4.551355844e-13,1.764172533e-13,3.075765356e-13,1.271325839e-13,4.318931478e-14,6.043568129e-14,3.862802153e-14,9.476915673e-14,2.406415735e-13,1.574190896e-13,2.194730729e-13,2.254921436e-13,2.442937337e-13,5.13289233e-13,4.974750588e-13,4.835882777e-13,7.302691986e-14,3.156131928e-13,4.961753686e-14,1.995928203e-14,2.83346622e-14,5.879025706e-14,4.329541621e-14,6.253553321e-14,3.272546638e-13,2.418183156e-13,1.44984979e-13,3.920226492e-14,3.111244882e-13,2.985170846e-14
39.65625,3.821773929e-13,1.87970524e-13,4.541509179e-13,1.744174575e-13,3.110765916e-13,1.274902137e-13,4.366361794e-14,6.181007535e-14,3.988647826e-14,9.756266254e-14,2.396348101e-13,1.581683319e-13,2.196383321e-13,2.270614567e-13,2.443718577e-13,5.100370933e-13,4.948014209e-13,4.816484525e-13,7.390307235e-14,3.178537359e-13,4.972042162e-14,2.039755353e-14,2.837199527e-14,5.894133263e-14,4.312727139e-14,6.332818883e-14,3.262047723e-13,2.433644445e-13,1.454450407e-13,3.911450922e-14,3.077757396e-13,3.031858776e-14
39.6640625,3.857166488e-13,1.879068295e-13,4.531902185e-13,1.725228864e-13,3.146928441e-13,1.279230495e-13,4.41552297e-14,6.317278153e-14,4.115368277e-14,1.003219362e-13,2.385955951e-13,1.58925537e-13,2.198556742e-13,2.28770219e-13,2.445419935e-13,5.06874041e-13,4.922830072e-13,4.798470354e-13,7.477860114e-14,3.200127409e-13,4.98205268e-14,2.086261208e-14,2.843115586e-14,5.913358777e-14,4.299516752e-14,6.417675008e-14,3.252174628e-13,2.44835257e-13,1.459913306e-13,3.900964205e-14,3.044883455e-13,3.079248518e-14
39.671875,3.893618887e-13,1.877816072e-13,4.520664677e-13,1.70786707e-13,3.182175347e-13,1.284092783e-13,4.465431962e-14,6.457263378e-14,4.246476785e-14,1.030967912e-13,2.374633603e-13,1.596001878e-13,2.201098921e-13,2.303891285e-13,2.448388983e-13,5.038719282e-13,4.897375741e-13,4.779757115e-13,7.563503641e-14,3.222802025e-13,4.990320587e-14,2.135894095e-14,2.850581629e-14,5.937235074e-14,4.289154545e-14,6.504720707e-14,3.24108639e-13,2.462626355e-13,1.46460019e-13,3.890163494e-14,3.012661594e-13,3.129188863e-14
39.6796875,3.931755644e-13,1.878055466e-13,4.507740592e-13,1.69069946e-13,3.217229959e-13,1.288831459e-13,4.512702347e-14,6.6044991e-14,4.385325773e-14,1.059110138e-13,2.362296574e-13,1.602605742e-13,2.202895117e-13,2.317798076e-13,2.451308538e-13,5.008981398e-13,4.869889547e-13,4.758960868e-13,7.649665275e-14,3.248855723e-13,4.997346957e-14,2.188100603e-14,2.85430599e-14,5.964289899e-14,4.276580515e-14,6.594250752e-14,3.228354951e-13,2.476954618e-13,1.467579268e-13,3.880417195e-14,2.978694115e-13,3.183095348e-14
39.6875,3.972339766e-13,1.878954691e-13,4.494082685e-13,1.672730445e-13,3.253043062e-13,1.293803458e-13,4.56001981e-14,6.752630849e-14,4.529667532e-14,1.087508379e-13,2.349369876e-13,1.60961996e-13,2.203972278e-13,2.330943312e-13,2.453318114e-13,4.978154083e-13,4.840925347e-13,4.737180904e-13,7.738543664e-14,3.276041658e-13,5.003965736e-14,2.243038018e-14,2.853113417e-14,5.988462929e-14,4.263096449e-14,6.685032144e-14,3.214698047e-13,2.491501131e-13,1.470061025e-13,3.870050665e-14,2.942413663e-13,3.23883679e-14
39.6953125,4.011722622e-13,1.878805316e-13,4.480611641e-13,1.655538418e-13,3.287818675e-13,1.299082711e-13,4.610960349e-14,6.897208029e-14,4.676435397e-14,1.116503792e-13,2.337062201e-13,1.616964979e-13,2.205188223e-13,2.343943364e-13,2.455611139e-13,4.947660169e-13,4.811336981e-13,4.714980866e-13,7.827766716e-14,3.302857377e-13,5.012829188e-14,2.299512204e-14,2.850435727e-14,6.008501212e-14,4.252059285e-14,6.774777425e-14,3.200723527e-13,2.506661326e-13,1.472947223e-13,3.860308552e-14,2.905902291e-13,3.294103413e-14
39.703125,4.048941356e-13,1.879589972e-13,4.467312342e-13,1.640719885e-13,3.320753663e-13,1.304242354e-13,4.662180404e-14,7.042627872e-14,4.826257121e-14,1.145659708e-13,2.325587986e-13,1.624313431e-13,2.206685293e-13,2.356476517e-13,2.459424945e-13,4.919257348e-13,4.781534551e-13,4.692344464e-13,7.914357934e-14,3.330902273e-13,5.021948064e-14,2.356975488e-14,2.849179039e-14,6.030090121e-14,4.242025823e-14,6.864848094e-14,3.186982173e-13,2.522113143e-13,1.475952979e-13,3.852659142e-14,2.870450491e-13,3.34958396e-14
39.7109375,4.088690791e-13,1.883759202e-13,4.453094377e-13,1.627185471e-13,3.352901403e-13,1.309520877e-13,4.710939809e-14,7.193051935e-14,4.981713619e-14,1.174813981e-13,2.31388015e-13,1.631342619e-13,2.208009627e-13,2.368967357e-13,2.464473972e-13,4.892988631e-13,4.752855161e-13,4.669711733e-13,7.999224186e-14,3.360684058e-13,5.027615071e-14,2.417855511e-14,2.850623882e-14,6.05592246e-14,4.232932471e-14,6.956123048e-14,3.173123795e-13,2.537734895e-13,1.478470745e-13,3.846455377e-14,2.835445397e-13,3.406969708e-14
39.71875,4.13026468e-13,1.888992674e-13,4.438421458e-13,1.613329483e-13,3.38491009e-13,1.315277357e-13,4.759156244e-14,7.346535428e-14,5.14175458e-14,1.20500879e-13,2.30195442e-13,1.638340876e-13,2.209044465e-13,2.381032338e-13,2.469947108e-13,4.86790206e-13,4.724970742e-13,4.646408014e-13,8.084346026e-14,3.391307637e-13,5.032375635e-14,2.481952022e-14,2.852367862e-14,6.080432469e-14,4.226930245e-14,7.04766996e-14,3.158161451e-13,2.553893132e-13,1.479639889e-13,3.842519865e-14,2.800524933e-13,3.466320086e-14
39.7265625,4.169346979e-13,1.891810243e-13,4.424390635e-13,1.599401184e-13,3.417604893e-13,1.32158961e-13,4.805903098e-14,7.499929656e-14,5.303414617e-14,1.235468224e-13,2.290295507e-13,1.645645018e-13,2.210264849e-13,2.392144184e-13,2.475278147e-13,4.842594832e-13,4.695572369e-13,4.621631315e-13,8.171406152e-14,3.422320537e-13,5.036057546e-14,2.547709392e-14,2.852094478e-14,6.101326108e-14,4.222701657e-14,7.140638537e-14,3.142732493e-13,2.569614714e-13,1.479727294e-13,3.839206044e-14,2.766462553e-13,3.525964207e-14
39.734375,4.208393377e-13,1.893182126e-13,4.409844149e-13,1.585761407e-13,3.451051269e-13,1.328463769e-13,4.849915091e-14,7.653378497e-14,5.469158495e-14,1.264538766e-13,2.278337878e-13,1.652851434e-13,2.211942548e-13,2.403263716e-13,2.480223948e-13,4.816407631e-13,4.664861254e-13,4.595958477e-13,8.260726786e-14,3.453424276e-13,5.035142342e-14,2.618050688e-14,2.853412279e-14,6.12669912e-14,4.218727705e-14,7.236374386e-14,3.128003766e-13,2.584081404e-13,1.480641947e-13,3.833933171e-14,2.733412789e-13,3.584753294e-14
39.7421875,4.249538539e-13,1.895770501e-13,4.39402363e-13,1.572340669e-13,3.482866618e-13,1.335451582e-13,4.89534951e-14,7.808865083e-14,5.64230663e-14,1.293662784e-13,2.266039283e-13,1.659828151e-13,2.213575815e-13,2.414496476e-13,2.485159314e-13,4.79005064e-13,4.633864951e-13,4.569329381e-13,8.348157582e-14,3.484998129e-13,5.034752687e-14,2.693749194e-14,2.857231126e-14,6.155271665e-14,4.215852847e-14,7.334004685e-14,3.113220995e-13,2.598596388e-13,1.482871258e-13,3.830295316e-14,2.700474002e-13,3.644226621e-14
39.75,4.289087744e-13,1.900257002e-13,4.377211764e-13,1.560091652e-13,3.511426901e-13,1.341997115e-13,4.943729071e-14,7.967799639e-14,5.820361743e-14,1.324424845e-13,2.253673502e-13,1.667050465e-13,2.214859063e-13,2.424279953e-13,2.490507868e-13,4.764377141e-13,4.601293199e-13,4.541321028e-13,8.432355822e-14,3.518199271e-13,5.036482354e-14,2.770529888e-14,2.85860031e-14,6.172260289e-14,4.213659148e-14,7.43223364e-14,3.09764797e-13,2.613899026e-13,1.484780301e-13,3.82948084e-14,2.667655239e-13,3.707081338e-14
39.7578125,4.326826913e-13,1.905757621e-13,4.358135966e-13,1.54902563e-13,3.538151258e-13,1.347922468e-13,4.991197358e-14,8.130228197e-14,6.000867705e-14,1.355286514e-13,2.240457976e-13,1.674281807e-13,2.216123801e-13,2.432017396e-13,2.496009837e-13,4.74004247e-13,4.567557112e-13,4.512850167e-13,8.517830884e-14,3.553486052e-13,5.030399635e-14,2.847358168e-14,2.858936284e-14,6.180145815e-14,4.212025623e-14,7.531172192e-14,3.081723826e-13,2.628517177e-13,1.485730299e-13,3.827175273e-14,2.635409291e-13,3.774110241e-14
39.765625,4.366178083e-13,1.910094744e-13,4.337257341e-13,1.537822268e-13,3.564937216e-13,1.353540196e-13,5.037387647e-14,8.293694141e-14,6.183263676e-14,1.385541358e-13,2.226566765e-13,1.680675959e-13,2.21746242e-13,2.438422358e-13,2.501215345e-13,4.716873167e-13,4.534083482e-13,4.484100551e-13,8.602426401e-14,3.590087668e-13,5.018335949e-14,2.925907503e-14,2.862631031e-14,6.196623145e-14,4.212708631e-14,7.633388481e-14,3.064502412e-13,2.641801862e-13,1.486508143e-13,3.825602158e-14,2.602790375e-13,3.844560657e-14
39.7734375,4.407338469e-13,1.912943288e-13,4.317135138e-13,1.527403677e-13,3.592432776e-13,1.360076324e-13,5.084463633e-14,8.454789505e-14,6.365661368e-14,1.416701265e-13,2.213278622e-13,1.686162567e-13,2.219005375e-13,2.444230051e-13,2.506248296e-13,4.693491189e-13,4.49890474e-13,4.454478009e-13,8.682011717e-14,3.626304376e-13,5.011478471e-14,3.006741643e-14,2.866247669e-14,6.221467748e-14,4.215830443e-14,7.739939137e-14,3.044649558e-13,2.655626829e-13,1.487292501e-13,3.827707812e-14,2.569663242e-13,3.917176419e-14
39.78125,4.4485886e-13,1.917274834e-13,4.296946275e-13,1.519230493e-13,3.619750552e-13,1.368363643e-13,5.131986613e-14,8.614610635e-14,6.548853972e-14,1.448601304e-13,2.200330938e-13,1.691415267e-13,2.221125553e-13,2.44972403e-13,2.512216336e-13,4.670714795e-13,4.462049584e-13,4.425162832e-13,8.76333699e-14,3.661413629e-13,5.004508297e-14,3.090786851e-14,2.866914474e-14,6.242581226e-14,4.220912115e-14,7.845934873e-14,3.023821665e-13,2.671166621e-13,1.48759655e-13,3.82848051e-14,2.537970643e-13,3.989418528e-14
39.7890625,4.487603008e-13,1.922865365e-13,4.275435864e-13,1.512244818e-13,3.644839363e-13,1.377132701e-13,5.180249491e-14,8.77806862e-14,6.735414926e-14,1.479736419e-13,2.187134735e-13,1.696793886e-13,2.22324453e-13,2.454147739e-13,2.52023666e-13,4.65128497e-13,4.427257173e-13,4.396931441e-13,8.848175895e-14,3.69777536e-13,4.989680883e-14,3.176480362e-14,2.867892968e-14,6.257238877e-14,4.22867441e-14,7.948272066e-14,3.004314818e-13,2.686333644e-13,1.487469519e-13,3.828258737e-14,2.507978614e-13,4.060284219e-14
39.796875,4.52322222e-13,1.926937237e-13,4.254494319e-13,1.506135919e-13,3.667494636e-13,1.384532682e-13,5.230057908e-14,8.945971095e-14,6.924753574e-14,1.510328105e-13,2.174267005e-13,1.702160802e-13,2.224475954e-13,2.456597559e-13,2.529446895e-13,4.634236814e-13,4.393272802e-13,4.368208712e-13,8.926531326e-14,3.737861467e-13,4.975266089e-14,3.260760523e-14,2.871077279e-14,6.26870763e-14,4.237686692e-14,8.051260438e-14,2.985164992e-13,2.699169483e-13,1.487453442e-13,3.833013101e-14,2.477981624e-13,4.133110849e-14
39.8046875,4.559074537e-13,1.931284777e-13,4.233594681e-13,1.501883889e-13,3.689936042e-13,1.390511971e-13,5.279641222e-14,9.113780922e-14,7.116019583e-14,1.541140299e-13,2.161644671e-13,1.707434336e-13,2.225230172e-13,2.457793719e-13,2.538398402e-13,4.617299464e-13,4.356728402e-13,4.338367245e-13,8.998609415e-14,3.780371252e-13,4.964358747e-14,3.344751466e-14,2.875703524e-14,6.282522115e-14,4.245674332e-14,8.157187232e-14,2.964376738e-13,2.711364947e-13,1.486975439e-13,3.840192116e-14,2.448011334e-13,4.209651926e-14
39.8125,4.59807207e-13,1.937479331e-13,4.210081468e-13,1.498821933e-13,3.712870253e-13,1.396790804e-13,5.328151481e-14,9.27824288e-14,7.308572428e-14,1.571525571e-13,2.148867693e-13,1.712579682e-13,2.226239166e-13,2.458744434e-13,2.547581154e-13,4.601849706e-13,4.32040702e-13,4.308600425e-13,9.072461276e-14,3.822393635e-13,4.947084868e-14,3.430388249e-14,2.87991198e-14,6.300070014e-14,4.253869155e-14,8.263921335e-14,2.94231139e-13,2.72497678e-13,1.484692755e-13,3.845884408e-14,2.418891881e-13,4.287156649e-14
39.8203125,4.637360968e-13,1.942953496e-13,4.184102012e-13,1.496346403e-13,3.73481495e-13,1.404366084e-13,5.376595574e-14,9.441355617e-14,7.500868179e-14,1.600857655e-13,2.136107495e-13,1.717153617e-13,2.227362648e-13,2.4585954e-13,2.557049451e-13,4.587686401e-13,4.285720631e-13,4.278917203e-13,9.145425801e-14,3.863007212e-13,4.919718959e-14,3.517653837e-14,2.882115941e-14,6.312945274e-14,4.263809113e-14,8.37136945e-14,2.920076615e-13,2.738565634e-13,1.481437618e-13,3.852469808e-14,2.389999845e-13,4.365493998e-14
39.828125,4.673683923e-13,1.94770995e-13,4.156306663e-13,1.494651456e-13,3.754956377e-13,1.411520161e-13,5.424936426e-14,9.608855657e-14,7.69404265e-14,1.629735736e-13,2.122689095e-13,1.720722105e-13,2.228239011e-13,2.456307978e-13,2.565369178e-13,4.571825564e-13,4.24817089e-13,4.247826402e-13,9.212681444e-14,3.903470589e-13,4.887525392e-14,3.606119593e-14,2.884977037e-14,6.319680771e-14,4.274159341e-14,8.47804219e-14,2.897377285e-13,2.749722795e-13,1.479153444e-13,3.859790115e-14,2.360939505e-13,4.44610401e-14
39.8359375,4.706921463e-13,1.952825237e-13,4.127472736e-13,1.493455715e-13,3.773563272e-13,1.416946671e-13,5.473023269e-14,9.783190515e-14,7.888126153e-14,1.658555821e-13,2.108287244e-13,1.723607569e-13,2.22895134e-13,2.452927909e-13,2.573465472e-13,4.55565699e-13,4.207238068e-13,4.214644137e-13,9.276209879e-14,3.945687411e-13,4.856786118e-14,3.693214696e-14,2.890788214e-14,6.327247797e-14,4.284549042e-14,8.583125016e-14,2.873818941e-13,2.758580293e-13,1.477131797e-13,3.866585369e-14,2.332132914e-13,4.526367887e-14
39.84375,4.739097233e-13,1.956726556e-13,4.09961641e-13,1.493695863e-13,3.791033737e-13,1.422552334e-13,5.520427896e-14,9.9586252e-14,8.079132942e-14,1.686589049e-13,2.094088775e-13,1.726250048e-13,2.230135919e-13,2.449494222e-13,2.583623207e-13,4.54246229e-13,4.166778697e-13,4.180658471e-13,9.337313785e-14,3.990522836e-13,4.829283183e-14,3.77870568e-14,2.896942261e-14,6.332039147e-14,4.296717789e-14,8.693875314e-14,2.850008898e-13,2.766601334e-13,1.473949057e-13,3.875324267e-14,2.303769651e-13,4.606752317e-14
39.8515625,4.771824077e-13,1.96106551e-13,4.071540238e-13,1.496135681e-13,3.807664326e-13,1.429286955e-13,5.565933006e-14,1.012977622e-13,8.26791548e-14,1.713476034e-13,2.080281085e-13,1.728534708e-13,2.232375284e-13,2.444796488e-13,2.595273561e-13,4.531486252e-13,4.126848043e-13,4.147657744e-13,9.397064349e-14,4.037256444e-13,4.798317197e-14,3.867450279e-14,2.902765567e-14,6.329808294e-14,4.310802328e-14,8.811639771e-14,2.826626624e-13,2.774281897e-13,1.470475506e-13,3.885813137e-14,2.276407224e-13,4.691359905e-14
39.859375,4.802277197e-13,1.968575291e-13,4.041040877e-13,1.499329351e-13,3.823336905e-13,1.435592613e-13,5.611216374e-14,1.029909453e-13,8.459626351e-14,1.740190595e-13,2.066381496e-13,1.730548661e-13,2.2353258e-13,2.438042315e-13,2.60692985e-13,4.521311696e-13,4.085622361e-13,4.115387329e-13,9.457058174e-14,4.083931201e-13,4.760484489e-14,3.96005034e-14,2.910191731e-14,6.328245346e-14,4.325953197e-14,8.924928959e-14,2.803597864e-13,2.781618932e-13,1.467560715e-13,3.896537064e-14,2.250689571e-13,4.776738336e-14
39.8671875,4.827472722e-13,1.975935406e-13,4.009959609e-13,1.503244647e-13,3.837315937e-13,1.441430469e-13,5.659412516e-14,1.046970138e-13,8.652747807e-14,1.767250316e-13,2.05292956e-13,1.732249883e-13,2.238157499e-13,2.430217686e-13,2.618656561e-13,4.511543388e-13,4.042803454e-13,4.081809903e-13,9.513080644e-14,4.128417963e-13,4.722801995e-14,4.052215224e-14,2.918504092e-14,6.331342539e-14,4.343105451e-14,9.031264927e-14,2.779802692e-13,2.78854824e-13,1.464591795e-13,3.909634341e-14,2.225919523e-13,4.858205232e-14
39.875,4.850245231e-13,1.98009051e-13,3.978467088e-13,1.508905825e-13,3.84861834e-13,1.447101148e-13,5.708806895e-14,1.064250184e-13,8.841836443e-14,1.793502868e-13,2.039321647e-13,1.732524344e-13,2.240207728e-13,2.420873578e-13,2.630459828e-13,4.501205778e-13,3.997794007e-13,4.045754085e-13,9.560677897e-14,4.171403339e-13,4.685997783e-14,4.141741673e-14,2.927316638e-14,6.334190089e-14,4.361988056e-14,9.138799656e-14,2.753951133e-13,2.793972798e-13,1.460959078e-13,3.925896862e-14,2.200691991e-13,4.939670038e-14
39.8828125,4.872672026e-13,1.983957647e-13,3.943824467e-13,1.514781491e-13,3.857331707e-13,1.451198193e-13,5.755281816e-14,1.081933926e-13,9.027398163e-14,1.818255375e-13,2.024385433e-13,1.731165635e-13,2.241100489e-13,2.408914465e-13,2.642193851e-13,4.490974244e-13,3.951050926e-13,4.007909651e-13,9.603989145e-14,4.215772925e-13,4.643641138e-14,4.227769615e-14,2.937559653e-14,6.333024002e-14,4.379219224e-14,9.246294195e-14,2.72652718e-13,2.797091401e-13,1.456483558e-13,3.943665194e-14,2.174728349e-13,5.022796961e-14
39.890625,4.892430211e-13,1.989720827e-13,3.907530437e-13,1.520027691e-13,3.864787218e-13,1.454120629e-13,5.800027478e-14,1.099656659e-13,9.212631457e-14,1.842596434e-13,2.009144783e-13,1.729793625e-13,2.241395452e-13,2.395832782e-13,2.654186632e-13,4.482248067e-13,3.904500227e-13,3.969705925e-13,9.647518071e-14,4.261076372e-13,4.598876328e-14,4.311817959e-14,2.948711601e-14,6.329076823e-14,4.394206962e-14,9.348888257e-14,2.698856473e-13,2.799092957e-13,1.451491251e-13,3.962046379e-14,2.14918991e-13,5.103698584e-14
39.8984375,4.909272901e-13,1.994606346e-13,3.872120662e-13,1.526254046e-13,3.871377883e-13,1.457796167e-13,5.848095622e-14,1.11672693e-13,9.395773065e-14,1.86689707e-13,1.994193957e-13,1.72863686e-13,2.242093986e-13,2.382801904e-13,2.6663771e-13,4.474204932e-13,3.858088411e-13,3.931616468e-13,9.687173384e-14,4.304684593e-13,4.5572029e-14,4.396552204e-14,2.960808914e-14,6.32709223e-14,4.410486543e-14,9.448255566e-14,2.670261426e-13,2.800549972e-13,1.446231303e-13,3.979660415e-14,2.124697976e-13,5.183141985e-14
39.90625,4.925016277e-13,1.996222296e-13,3.835571735e-13,1.533567399e-13,3.876631194e-13,1.462069668e-13,5.899473424e-14,1.133516727e-13,9.574126751e-14,1.889624135e-13,1.978289033e-13,1.726347062e-13,2.243028739e-13,2.368627354e-13,2.678525413e-13,4.466150402e-13,3.810569795e-13,3.892729714e-13,9.720376054e-14,4.347436739e-13,4.515406132e-14,4.479721109e-14,2.973825312e-14,6.326288854e-14,4.427992465e-14,9.543936331e-14,2.63952332e-13,2.800010126e-13,1.440197994e-13,3.996371625e-14,2.100001064e-13,5.262798646e-14
39.9140625,4.939567887e-13,1.997266753e-13,3.796094916e-13,1.540816151e-13,3.880491811e-13,1.465691226e-13,5.948637981e-14,1.150722275e-13,9.748386755e-14,1.910120026e-13,1.961722806e-13,1.722959991e-13,2.243350597e-13,2.352787972e-13,2.690418934e-13,4.4586849e-13,3.762231506e-13,3.852566075e-13,9.753482213e-14,4.391035476e-13,4.47080257e-14,4.559476843e-14,2.98696762e-14,6.32206148e-14,4.443205535e-14,9.635614939e-14,2.607838659e-13,2.797244355e-13,1.433780977e-13,4.014529968e-14,2.07419721e-13,5.340263352e-14
39.921875,4.951698576e-13,2.000497044e-13,3.754941939e-13,1.548275671e-13,3.881983472e-13,1.468126022e-13,5.994459735e-14,1.167997349e-13,9.917654021e-14,1.929503219e-13,1.945652703e-13,1.718759134e-13,2.242885401e-13,2.335104501e-13,2.701759365e-13,4.451833473e-13,3.713719383e-13,3.811750873e-13,9.788225413e-14,4.434767631e-13,4.422807548e-14,4.637806599e-14,3.002157396e-14,6.31946028e-14,4.456826506e-14,9.728509081e-14,2.576589038e-13,2.793628882e-13,1.428038819e-13,4.034738544e-14,2.048304303e-13,5.416557744e-14
39.9296875,4.960200187e-13,2.003132871e-13,3.713744355e-13,1.557036805e-13,3.880979699e-13,1.469846754e-13,6.041085765e-14,1.185089014e-13,1.008258641e-13,1.948097736e-13,1.929612393e-13,1.71341451e-13,2.242042418e-13,2.315101413e-13,2.712975915e-13,4.445197009e-13,3.664433792e-13,3.770365162e-13,9.817828894e-14,4.478567903e-13,4.368775902e-14,4.714672621e-14,3.019911764e-14,6.320039081e-14,4.471504299e-14,9.823125893e-14,2.544844022e-13,2.789328476e-13,1.422242963e-13,4.055960465e-14,2.023343509e-13,5.495726709e-14
39.9375,4.965241664e-13,2.003233821e-13,3.673352964e-13,1.567584155e-13,3.879865111e-13,1.471857986e-13,6.08849608e-14,1.202425884e-13,1.024853169e-13,1.96532211e-13,1.913353181e-13,1.707994313e-13,2.241447731e-13,2.294485034e-13,2.72454743e-13,4.43832498e-13,3.613247945e-13,3.727784004e-13,9.84124173e-14,4.522376192e-13,4.311843626e-14,4.790313392e-14,3.036269601e-14,6.312961135e-14,4.486469043e-14,9.914246146e-14,2.512054094e-13,2.783667518e-13,1.415330705e-13,4.077912955e-14,1.999496756e-13,5.576562779e-14
39.9453125,4.967924533e-13,2.003507204e-13,3.632865816e-13,1.579029389e-13,3.877804791e-13,1.47347398e-13,6.133699694e-14,1.219740913e-13,1.041051525e-13,1.981809425e-13,1.897509864e-13,1.70275706e-13,2.241294837e-13,2.274395086e-13,2.7360812e-13,4.431358095e-13,3.560433268e-13,3.683717657e-13,9.859758442e-14,4.564414919e-13,4.258821678e-14,4.864504345e-14,3.051893976e-14,6.301416063e-14,4.501332377e-14,1.00011782e-13,2.4793907e-13,2.776511616e-13,1.407882729e-13,4.100824726e-14,1.976433901e-13,5.654380417e-14
39.953125,4.967925206e-13,2.003793544e-13,3.591141765e-13,1.590366577e-13,3.871476874e-13,1.473652412e-13,6.177495636e-14,1.236364484e-13,1.055808225e-13,1.998336474e-13,1.881846337e-13,1.695847043e-13,2.240901265e-13,2.252936999e-13,2.747395423e-13,4.425350176e-13,3.507786565e-13,3.638548806e-13,9.86938045e-14,4.605058007e-13,4.208324014e-14,4.933948493e-14,3.072621017e-14,6.297440394e-14,4.517384614e-14,1.008870069e-13,2.446777446e-13,2.767897464e-13,1.400757787e-13,4.126565631e-14,1.95298838e-13,5.729383231e-14
39.9609375,4.965775936e-13,2.002081833e-13,3.549528299e-13,1.602238157e-13,3.863169175e-13,1.474018248e-13,6.220787285e-14,1.252514971e-13,1.069963136e-13,2.013827271e-13,1.865920141e-13,1.687727326e-13,2.240076364e-13,2.230003112e-13,2.758571422e-13,4.419999387e-13,3.455900467e-13,3.59393131e-13,9.872838717e-14,4.646079255e-13,4.155145821e-14,5.001885684e-14,3.098536986e-14,6.294163795e-14,4.533661814e-14,1.01808424e-13,2.413098201e-13,2.757917788e-13,1.39464164e-13,4.156518449e-14,1.929238644e-13,5.805738611e-14
39.96875,4.962938245e-13,2.000520239e-13,3.508707199e-13,1.6150728e-13,3.855933692e-13,1.47543341e-13,6.262581093e-14,1.268561165e-13,1.084471696e-13,2.027097056e-13,1.850045481e-13,1.680152158e-13,2.239649774e-13,2.207422156e-13,2.769731341e-13,4.414907102e-13,3.404316206e-13,3.551638098e-13,9.875713572e-14,4.686386407e-13,4.098906605e-14,5.072018328e-14,3.125119396e-14,6.288023246e-14,4.549317073e-14,1.027445028e-13,2.379155111e-13,2.746569119e-13,1.389520092e-13,4.188835721e-14,1.907408323e-13,5.881498252e-14
39.9765625,4.95756694e-13,1.99977929e-13,3.466910383e-13,1.628119038e-13,3.846581808e-13,1.475937194e-13,6.303799294e-14,1.284234098e-13,1.098109989e-13,2.038632314e-13,1.834229084e-13,1.671638087e-13,2.239778453e-13,2.184326277e-13,2.781960766e-13,4.412433993e-13,3.353889716e-13,3.510796956e-13,9.87208194e-14,4.725252149e-13,4.040632108e-14,5.13612231e-14,3.151617292e-14,6.292029749e-14,4.566039069e-14,1.036305812e-13,2.345916792e-13,2.73350907e-13,1.383670046e-13,4.222419565e-14,1.887698052e-13,5.951127699e-14
39.984375,4.947612577e-13,1.997131591e-13,3.423730905e-13,1.641578993e-13,3.833034661e-13,1.475007245e-13,6.344824512e-14,1.299458914e-13,1.110243048e-13,2.049075206e-13,1.817535059e-13,1.660819065e-13,2.239820481e-13,2.159317035e-13,2.795815618e-13,4.413356352e-13,3.304282253e-13,3.46904418e-13,9.858586319e-14,4.764150428e-13,3.979613599e-14,5.191098038e-14,3.179685966e-14,6.301148173e-14,4.584255628e-14,1.044774631e-13,2.312072709e-13,2.718367789e-13,1.376427393e-13,4.256280481e-14,1.867695772e-13,6.018064448e-14
39.9921875,4.934075506e-13,1.993017153e-13,3.379510378e-13,1.655996357e-13,3.817335871e-13,1.473715267e-13,6.385013508e-14,1.314594061e-13,1.121810272e-13,2.058326102e-13,1.799266862e-13,1.648962335e-13,2.239693054e-13,2.132949771e-13,2.809926998e-13,4.414474774e-13,3.252630489e-13,3.425783348e-13,9.841669737e-14,4.802122301e-13,3.915772646e-14,5.244615623e-14,3.209617542e-14,6.297846834e-14,4.602863136e-14,1.053029468e-13,2.276647781e-13,2.700833273e-13,1.369389119e-13,4.286682735e-14,1.847020786e-13,6.087308415e-14
40,4.917296986e-13,1.98898099e-13,3.333486205e-13,1.671161951e-13,3.799874334e-13,1.471913783e-13,6.426615938e-14,1.329605258e-13,1.132636785e-13,2.066512917e-13,1.78063113e-13,1.636248445e-13,2.239435066e-13,2.105264799e-13,2.823084578e-13,4.413845944e-13,3.198035174e-13,3.381440628e-13,9.820852735e-14,4.837176373e-13,3.851872699e-14,5.295549795e-14,3.241376177e-14,6.287127748e-14,4.621429444e-14,1.060582046e-13,2.240135335e-13,2.681393337e-13,1.36282318e-13,4.315399165e-14,1.826967659e-13,6.154201515e-14
40.0078125,4.89710905e-13,1.984200774e-13,3.286906252e-13,1.68723445e-13,3.780374276e-13,1.469219421e-13,6.470137633e-14,1.344074981e-13,1.142144946e-13,2.073848578e-13,1.763376853e-13,1.62217841e-13,2.238719581e-13,2.075989739e-13,2.835058466e-13,4.411845142e-13,3.141911406e-13,3.335872885e-13,9.791812588e-14,4.870785098e-13,3.791230833e-14,5.339512249e-14,3.274561357e-14,6.28207799e-14,4.638837673e-14,1.067632592e-13,2.202480609e-13,2.661421004e-13,1.355689611e-13,4.349925023e-14,1.807323851e-13,6.21639687e-14
40.015625,4.87408716e-13,1.978581745e-13,3.241801411e-13,1.703676632e-13,3.759227466e-13,1.465536081e-13,6.511637904e-14,1.358022378e-13,1.150916647e-13,2.080039343e-13,1.746794827e-13,1.607507377e-13,2.237982517e-13,2.045807237e-13,2.846031489e-13,4.409334572e-13,3.085150314e-13,3.28991726e-13,9.75682488e-14,4.904878869e-13,3.730473678e-14,5.37955107e-14,3.307901661e-14,6.281896284e-14,4.654878164e-14,1.074905699e-13,2.164289242e-13,2.640754759e-13,1.348304762e-13,4.389663002e-14,1.787972684e-13,6.278034449e-14
40.0234375,4.847186159e-13,1.972290464e-13,3.197050897e-13,1.719149365e-13,3.735396305e-13,1.460883708e-13,6.54977941e-14,1.371829449e-13,1.159053618e-13,2.084567278e-13,1.72954329e-13,1.592012232e-13,2.238106583e-13,2.014985934e-13,2.857273406e-13,4.408797514e-13,3.029425301e-13,3.245623267e-13,9.716987633e-14,4.938283809e-13,3.663149943e-14,5.414717225e-14,3.341718254e-14,6.281099506e-14,4.672625322e-14,1.081977337e-13,2.127418791e-13,2.617600289e-13,1.34106159e-13,4.427741627e-14,1.769854166e-13,6.337835522e-14
40.03125,4.815789631e-13,1.9652195e-13,3.151522537e-13,1.734592865e-13,3.708566244e-13,1.456294118e-13,6.586652932e-14,1.385395781e-13,1.166012311e-13,2.087046789e-13,1.712565617e-13,1.575104304e-13,2.238703299e-13,1.983498768e-13,2.869549306e-13,4.411134307e-13,2.976127605e-13,3.203204128e-13,9.671782409e-14,4.968089139e-13,3.593561805e-14,5.442640113e-14,3.378422784e-14,6.274989658e-14,4.693524759e-14,1.088103872e-13,2.091523093e-13,2.591877944e-13,1.333774713e-13,4.463488482e-14,1.752465924e-13,6.392872371e-14
40.0390625,4.78181481e-13,1.958824332e-13,3.106209741e-13,1.751938027e-13,3.679446713e-13,1.452103383e-13,6.623653006e-14,1.398307228e-13,1.171952279e-13,2.087964284e-13,1.696287674e-13,1.557674471e-13,2.238802147e-13,1.951648846e-13,2.881709542e-13,4.413151213e-13,2.923509659e-13,3.160462417e-13,9.623593386e-14,4.993028003e-13,3.530415531e-14,5.467508025e-14,3.41930953e-14,6.264633905e-14,4.714391636e-14,1.093594446e-13,2.05452838e-13,2.56513299e-13,1.326948839e-13,4.500408582e-14,1.734639952e-13,6.444582259e-14
40.046875,4.746553688e-13,1.952244532e-13,3.060729731e-13,1.770328827e-13,3.647950517e-13,1.446796062e-13,6.661483937e-14,1.410586419e-13,1.177005159e-13,2.088409288e-13,1.679173444e-13,1.53965254e-13,2.238559631e-13,1.918991302e-13,2.89360987e-13,4.41394925e-13,2.869938225e-13,3.116160784e-13,9.571409016e-14,5.017057849e-13,3.470019587e-14,5.489610785e-14,3.46393027e-14,6.258610487e-14,4.733355916e-14,1.099306983e-13,2.016430946e-13,2.537291499e-13,1.320170331e-13,4.540370083e-14,1.717095823e-13,6.493042404e-14
40.0546875,4.708779279e-13,1.941599454e-13,3.013856888e-13,1.787756761e-13,3.614849682e-13,1.439447858e-13,6.698801344e-14,1.422336258e-13,1.180811443e-13,2.087896176e-13,1.661105311e-13,1.519819496e-13,2.23837074e-13,1.884724618e-13,2.906443315e-13,4.416602405e-13,2.815989235e-13,3.071114642e-13,9.51108566e-14,5.045089109e-13,3.404911836e-14,5.504841203e-14,3.511331136e-14,6.255063815e-14,4.75295927e-14,1.105758592e-13,1.978448994e-13,2.506609798e-13,1.311935967e-13,4.583255498e-14,1.700796145e-13,6.539025257e-14
40.0625,4.666215973e-13,1.927817794e-13,2.966118686e-13,1.804124705e-13,3.580431783e-13,1.43081553e-13,6.73354176e-14,1.43336292e-13,1.183528018e-13,2.084881685e-13,1.643202255e-13,1.498750494e-13,2.238016862e-13,1.849470786e-13,2.919321931e-13,4.421309518e-13,2.762204742e-13,3.026176547e-13,9.443245747e-14,5.073493746e-13,3.338099063e-14,5.514643895e-14,3.559686981e-14,6.247126745e-14,4.774918753e-14,1.112236263e-13,1.940982476e-13,2.47295934e-13,1.302934487e-13,4.626149767e-14,1.685136647e-13,6.584002513e-14
40.0703125,4.619670498e-13,1.916385304e-13,2.918190366e-13,1.820521804e-13,3.543764382e-13,1.422250801e-13,6.766804523e-14,1.443750397e-13,1.185836744e-13,2.079883531e-13,1.625478703e-13,1.478061939e-13,2.237984386e-13,1.815074091e-13,2.930423982e-13,4.425443268e-13,2.70973267e-13,2.982190839e-13,9.374632602e-14,5.095118922e-13,3.275453981e-14,5.523482241e-14,3.608680434e-14,6.243038164e-14,4.797302054e-14,1.117335355e-13,1.904329036e-13,2.439210075e-13,1.29526663e-13,4.667564536e-14,1.669676978e-13,6.623313881e-14
40.078125,4.573289525e-13,1.908276519e-13,2.870530611e-13,1.837957511e-13,3.506479316e-13,1.414435244e-13,6.798455226e-14,1.453876802e-13,1.188018962e-13,2.07462681e-13,1.608271424e-13,1.45812231e-13,2.239123487e-13,1.782055385e-13,2.940398692e-13,4.429137094e-13,2.659770335e-13,2.940204355e-13,9.310281745e-14,5.111659981e-13,3.217526863e-14,5.532963719e-14,3.661031028e-14,6.246076018e-14,4.81872953e-14,1.121207123e-13,1.868602388e-13,2.407570967e-13,1.288997508e-13,4.710432718e-14,1.654778802e-13,6.65449021e-14
40.0859375,4.526840708e-13,1.899405142e-13,2.824364551e-13,1.85661321e-13,3.46948777e-13,1.406463214e-13,6.826650475e-14,1.463964456e-13,1.189613672e-13,2.068860283e-13,1.592463955e-13,1.437977836e-13,2.240642231e-13,1.7485528e-13,2.951250414e-13,4.434796302e-13,2.611126382e-13,2.899529556e-13,9.242935112e-14,5.129163576e-13,3.161741198e-14,5.539644945e-14,3.716886921e-14,6.245699025e-14,4.840523505e-14,1.125269589e-13,1.833484993e-13,2.376016928e-13,1.283156715e-13,4.755767173e-14,1.640292123e-13,6.68359272e-14
40.09375,4.47646421e-13,1.887576893e-13,2.779708887e-13,1.875008434e-13,3.429738958e-13,1.397440208e-13,6.855111518e-14,1.473978256e-13,1.189929764e-13,2.060894301e-13,1.57738728e-13,1.416297164e-13,2.241116493e-13,1.713437344e-13,2.963624144e-13,4.443006099e-13,2.563001584e-13,2.85866392e-13,9.162613465e-14,5.147790193e-13,3.104971558e-14,5.537968653e-14,3.772445409e-14,6.244736971e-14,4.863082459e-14,1.129929682e-13,1.798992305e-13,2.341439304e-13,1.277674716e-13,4.802679193e-14,1.626118232e-13,6.713047256e-14
40.1015625,4.423455983e-13,1.873789076e-13,2.735183543e-13,1.891708488e-13,3.387322434e-13,1.38804349e-13,6.887230832e-14,1.483327182e-13,1.188751241e-13,2.05032145e-13,1.56185017e-13,1.393022718e-13,2.240947069e-13,1.678258955e-13,2.976199948e-13,4.451233729e-13,2.516119228e-13,2.817926665e-13,9.075953634e-14,5.164084155e-13,3.047799604e-14,5.528640299e-14,3.826031641e-14,6.248752866e-14,4.884851364e-14,1.134498762e-13,1.764935186e-13,2.304270158e-13,1.272310328e-13,4.852745606e-14,1.612864416e-13,6.738386974e-14
40.109375,4.370232426e-13,1.859352361e-13,2.690565254e-13,1.907758858e-13,3.345654057e-13,1.37898673e-13,6.91856974e-14,1.491423259e-13,1.186521767e-13,2.038962233e-13,1.545939339e-13,1.369808426e-13,2.241515898e-13,1.644326784e-13,2.986887029e-13,4.45683709e-13,2.469701718e-13,2.777716614e-13,8.993981191e-14,5.176057278e-13,2.994633503e-14,5.517050795e-14,3.878188132e-14,6.249877553e-14,4.904705129e-14,1.138110399e-13,1.730904645e-13,2.267202082e-13,1.266670782e-13,4.905329713e-14,1.600576088e-13,6.757433001e-14
40.1171875,4.31466911e-13,1.845768584e-13,2.646509062e-13,1.924689263e-13,3.303433815e-13,1.370188861e-13,6.946093128e-14,1.498776047e-13,1.183802377e-13,2.028522511e-13,1.530223024e-13,1.34751303e-13,2.242789746e-13,1.610829555e-13,2.994703129e-13,4.460329703e-13,2.423316132e-13,2.736858853e-13,8.912414793e-14,5.184174321e-13,2.946250995e-14,5.504391359e-14,3.929381802e-14,6.253431436e-14,4.920911184e-14,1.140426579e-13,1.69739256e-13,2.231544319e-13,1.261375003e-13,4.958538842e-14,1.588536185e-13,6.771548048e-14
40.125,4.25585959e-13,1.833400331e-13,2.603115247e-13,1.941840295e-13,3.257250466e-13,1.361254917e-13,6.971980136e-14,1.505916171e-13,1.180345299e-13,2.017652829e-13,1.514954744e-13,1.324849434e-13,2.243628603e-13,1.57657576e-13,3.00033316e-13,4.463161803e-13,2.378145167e-13,2.695239876e-13,8.822648044e-14,5.190739274e-13,2.899217399e-14,5.487228968e-14,3.981761273e-14,6.269916634e-14,4.932155073e-14,1.142256687e-13,1.664781326e-13,2.195959267e-13,1.257008272e-13,5.014948882e-14,1.576294558e-13,6.782486124e-14
40.1328125,4.195208917e-13,1.819611607e-13,2.560395153e-13,1.958344569e-13,3.208159194e-13,1.35165354e-13,6.996459534e-14,1.512411216e-13,1.175415877e-13,2.004297623e-13,1.500158019e-13,1.30070533e-13,2.244071775e-13,1.541727454e-13,3.005749054e-13,4.46606912e-13,2.334278859e-13,2.654812515e-13,8.724264544e-14,5.196738451e-13,2.851821344e-14,5.462165262e-14,4.035603933e-14,6.285659893e-14,4.942724304e-14,1.144239528e-13,1.632510159e-13,2.158389238e-13,1.253355682e-13,5.074140545e-14,1.563992474e-13,6.791111267e-14
40.140625,4.132954041e-13,1.803664229e-13,2.518495121e-13,1.974820019e-13,3.158932455e-13,1.341887266e-13,7.019411292e-14,1.518437223e-13,1.169270983e-13,1.989557956e-13,1.485685727e-13,1.275893341e-13,2.245485293e-13,1.507629699e-13,3.013345176e-13,4.471692028e-13,2.292120986e-13,2.617000735e-13,8.621574077e-14,5.201077715e-13,2.80553266e-14,5.430135263e-14,4.08739249e-14,6.289054188e-14,4.958422095e-14,1.145914009e-13,1.600671318e-13,2.119355439e-13,1.250457837e-13,5.130067411e-14,1.552460997e-13,6.796476701e-14
40.1484375,4.068704144e-13,1.788769539e-13,2.477109977e-13,1.991494378e-13,3.109232421e-13,1.332643037e-13,7.043332833e-14,1.524813557e-13,1.162580797e-13,1.975032465e-13,1.471266926e-13,1.251377952e-13,2.248114919e-13,1.474490456e-13,3.023030824e-13,4.481140516e-13,2.252181455e-13,2.58086671e-13,8.518348344e-14,5.202993967e-13,2.762478677e-14,5.394523489e-14,4.137663579e-14,6.289033345e-14,4.977783164e-14,1.147222843e-13,1.569937181e-13,2.08078966e-13,1.248735255e-13,5.182545528e-14,1.542258359e-13,6.797010926e-14
40.15625,4.001288228e-13,1.774582726e-13,2.435516753e-13,2.007745269e-13,3.056777462e-13,1.322688198e-13,7.069309323e-14,1.531271009e-13,1.15510921e-13,1.960058639e-13,1.456463176e-13,1.226613099e-13,2.25055188e-13,1.440868177e-13,3.031663365e-13,4.490151436e-13,2.212239973e-13,2.544208705e-13,8.412811358e-14,5.201696039e-13,2.722428008e-14,5.354444338e-14,4.190670914e-14,6.29368192e-14,4.996335045e-14,1.148358814e-13,1.539821405e-13,2.042414886e-13,1.248302915e-13,5.236730677e-14,1.532306859e-13,6.792175974e-14
40.1640625,3.931896984e-13,1.757485375e-13,2.393809979e-13,2.023591367e-13,3.002046888e-13,1.311547172e-13,7.095911654e-14,1.537167823e-13,1.14693534e-13,1.944354049e-13,1.441294145e-13,1.201115385e-13,2.252176245e-13,1.407115518e-13,3.037674818e-13,4.4963765e-13,2.171982948e-13,2.506587982e-13,8.302894496e-14,5.196934257e-13,2.684606014e-14,5.309542402e-14,4.245176506e-14,6.307015114e-14,5.013947323e-14,1.148725896e-13,1.509300804e-13,2.003542997e-13,1.248662525e-13,5.293122394e-14,1.521654027e-13,6.784052501e-14
40.171875,3.864745367e-13,1.738649399e-13,2.353531102e-13,2.039565522e-13,2.947833727e-13,1.301036676e-13,7.120147098e-14,1.542498802e-13,1.138615209e-13,1.928151667e-13,1.42663969e-13,1.175576243e-13,2.253866703e-13,1.375060495e-13,3.042708786e-13,4.502408224e-13,2.134131094e-13,2.469577962e-13,8.191750092e-14,5.190329644e-13,2.65098543e-14,5.263497707e-14,4.297110654e-14,6.325559865e-14,5.031472491e-14,1.148433311e-13,1.478390789e-13,1.964883964e-13,1.248839634e-13,5.349269511e-14,1.511388843e-13,6.776835547e-14
40.1796875,3.797840459e-13,1.72086614e-13,2.315349428e-13,2.055953893e-13,2.893531532e-13,1.291395147e-13,7.139728437e-14,1.547246216e-13,1.129592059e-13,1.910368669e-13,1.412896203e-13,1.150148848e-13,2.256164489e-13,1.344099856e-13,3.048205521e-13,4.509072439e-13,2.097435595e-13,2.433412147e-13,8.075411577e-14,5.182823916e-13,2.62208638e-14,5.21422188e-14,4.347250529e-14,6.335664028e-14,5.048429619e-14,1.148517248e-13,1.447839839e-13,1.925779949e-13,1.248781493e-13,5.406287735e-14,1.502526705e-13,6.770996033e-14
40.1875,3.726134581e-13,1.703214743e-13,2.277600505e-13,2.072327618e-13,2.836864042e-13,1.281156719e-13,7.157138796e-14,1.551569107e-13,1.119441059e-13,1.890888308e-13,1.399435043e-13,1.124142772e-13,2.258697779e-13,1.312964524e-13,3.054095678e-13,4.515823104e-13,2.059461164e-13,2.397261567e-13,7.947547105e-14,5.174299945e-13,2.595627898e-14,5.15822807e-14,4.398056734e-14,6.339315386e-14,5.065571498e-14,1.148880248e-13,1.417997546e-13,1.885237127e-13,1.249505429e-13,5.46708866e-14,1.494479138e-13,6.761831161e-14
40.1953125,3.653113932e-13,1.685614688e-13,2.239010862e-13,2.087482641e-13,2.779189476e-13,1.269979836e-13,7.175865354e-14,1.555538802e-13,1.10875171e-13,1.871162227e-13,1.38580192e-13,1.097699839e-13,2.26097565e-13,1.282397263e-13,3.059328e-13,4.522922533e-13,2.022080607e-13,2.362136648e-13,7.817561355e-14,5.164271053e-13,2.570962921e-14,5.099570238e-14,4.449090574e-14,6.346521858e-14,5.083192173e-14,1.148416785e-13,1.38862963e-13,1.844652354e-13,1.25077771e-13,5.528938465e-14,1.486774595e-13,6.746108083e-14
40.203125,3.582055883e-13,1.66923715e-13,2.200194098e-13,2.101163987e-13,2.721432338e-13,1.257881371e-13,7.195276984e-14,1.558335171e-13,1.097272878e-13,1.851471529e-13,1.371980626e-13,1.071481895e-13,2.262871909e-13,1.252667828e-13,3.062548309e-13,4.528348841e-13,1.986199981e-13,2.32894412e-13,7.691527644e-14,5.150026164e-13,2.546655806e-14,5.038562182e-14,4.499800944e-14,6.350064546e-14,5.100194042e-14,1.146653932e-13,1.359648467e-13,1.804967532e-13,1.251755815e-13,5.585475314e-14,1.479747927e-13,6.724118325e-14
40.2109375,3.508546092e-13,1.652565098e-13,2.161927319e-13,2.114373257e-13,2.662018625e-13,1.245274191e-13,7.213755715e-14,1.560031246e-13,1.084795909e-13,1.831232715e-13,1.35811566e-13,1.045550962e-13,2.264973999e-13,1.223365802e-13,3.064083736e-13,4.53148978e-13,1.950796052e-13,2.296497816e-13,7.55876996e-14,5.13065021e-13,2.52192477e-14,4.972286163e-14,4.550807905e-14,6.351751626e-14,5.116995864e-14,1.144271077e-13,1.331327002e-13,1.765367154e-13,1.253534224e-13,5.639252478e-14,1.473761842e-13,6.697768778e-14
40.21875,3.432209615e-13,1.634675684e-13,2.124397324e-13,2.126829976e-13,2.601984325e-13,1.233042487e-13,7.229713205e-14,1.562046932e-13,1.072291157e-13,1.810043089e-13,1.344432559e-13,1.019600742e-13,2.267847451e-13,1.195091943e-13,3.065126659e-13,4.535542831e-13,1.916965701e-13,2.26422822e-13,7.419513983e-14,5.109783447e-13,2.501978861e-14,4.905422768e-14,4.600808602e-14,6.36472622e-14,5.134889598e-14,1.14224849e-13,1.303696192e-13,1.725469037e-13,1.256792739e-13,5.697075447e-14,1.468864147e-13,6.670117294e-14
40.2265625,3.356732005e-13,1.61689246e-13,2.087319364e-13,2.137786089e-13,2.542268651e-13,1.220015054e-13,7.241989111e-14,1.564171743e-13,1.05927675e-13,1.787458669e-13,1.330872577e-13,9.931812979e-14,2.270808182e-13,1.167456154e-13,3.065376764e-13,4.540484905e-13,1.884836366e-13,2.232756462e-13,7.2836351e-14,5.08839801e-13,2.488496389e-14,4.837014168e-14,4.649136609e-14,6.378451937e-14,5.15417653e-14,1.140265684e-13,1.276782162e-13,1.684907024e-13,1.259636103e-13,5.755159894e-14,1.464382652e-13,6.640648876e-14
40.234375,3.280437098e-13,1.598946926e-13,2.050600859e-13,2.148887734e-13,2.480693503e-13,1.205046564e-13,7.253625286e-14,1.565049263e-13,1.044398036e-13,1.764447684e-13,1.317902884e-13,9.663292907e-14,2.273276543e-13,1.139321167e-13,3.06458545e-13,4.544018444e-13,1.853254816e-13,2.202068833e-13,7.14652495e-14,5.064627223e-13,2.476315671e-14,4.758588933e-14,4.700261856e-14,6.383024615e-14,5.17473889e-14,1.137329531e-13,1.251034232e-13,1.644084795e-13,1.261405688e-13,5.810709296e-14,1.459765458e-13,6.604580897e-14
40.2421875,3.202402235e-13,1.579959104e-13,2.015209253e-13,2.160855333e-13,2.41867012e-13,1.189742186e-13,7.266548802e-14,1.565225276e-13,1.02883387e-13,1.742553184e-13,1.306527313e-13,9.401358207e-14,2.276330812e-13,1.111729421e-13,3.063045747e-13,4.546938053e-13,1.823034924e-13,2.172426057e-13,7.005563067e-14,5.04001975e-13,2.465960003e-14,4.67509385e-14,4.755510047e-14,6.393892113e-14,5.195864481e-14,1.13388695e-13,1.226415411e-13,1.605204863e-13,1.26419639e-13,5.871765921e-14,1.455977628e-13,6.562987291e-14
40.25,3.126220055e-13,1.560696938e-13,1.981282285e-13,2.170479183e-13,2.359837797e-13,1.174455932e-13,7.276677186e-14,1.565755222e-13,1.014119649e-13,1.720710782e-13,1.295892084e-13,9.150222233e-14,2.280548284e-13,1.085989317e-13,3.060148726e-13,4.549353458e-13,1.793921568e-13,2.144442743e-13,6.869151423e-14,5.015239533e-13,2.45982052e-14,4.595520387e-14,4.806799943e-14,6.415276077e-14,5.216716098e-14,1.130659823e-13,1.202357371e-13,1.567976031e-13,1.268769386e-13,5.937893562e-14,1.45376421e-13,6.523003615e-14
40.2578125,3.051654811e-13,1.541596738e-13,1.947638188e-13,2.176832785e-13,2.301745564e-13,1.158142951e-13,7.282448835e-14,1.566030155e-13,9.992028521e-14,1.697209213e-13,1.284294354e-13,8.898561797e-14,2.284630408e-13,1.06131064e-13,3.05674022e-13,4.550752983e-13,1.765000871e-13,2.117449056e-13,6.732433988e-14,4.98780346e-13,2.454788353e-14,4.514540855e-14,4.851276433e-14,6.434015198e-14,5.237273442e-14,1.127235596e-13,1.179119435e-13,1.529314583e-13,1.273608969e-13,6.000365559e-14,1.451882135e-13,6.485350746e-14
40.265625,2.975633826e-13,1.522820793e-13,1.915160467e-13,2.183929756e-13,2.241073082e-13,1.142530489e-13,7.287553323e-14,1.565491292e-13,9.831953263e-14,1.67303685e-13,1.272661811e-13,8.643400967e-14,2.288138437e-13,1.037352375e-13,3.055177642e-13,4.553999096e-13,1.738586216e-13,2.090951547e-13,6.586300436e-14,4.958528544e-13,2.452742327e-14,4.428599846e-14,4.897591861e-14,6.447540195e-14,5.257807735e-14,1.123892196e-13,1.157377747e-13,1.489578545e-13,1.278197792e-13,6.062371698e-14,1.449587429e-13,6.446109755e-14
40.2734375,2.89942253e-13,1.505483472e-13,1.885610368e-13,2.192581981e-13,2.180745782e-13,1.128691768e-13,7.293788661e-14,1.564890227e-13,9.671486559e-14,1.64960034e-13,1.262429912e-13,8.396977947e-14,2.292479235e-13,1.015262093e-13,3.055169925e-13,4.560941495e-13,1.716235706e-13,2.066150464e-13,6.440985951e-14,4.929914505e-13,2.458759403e-14,4.344478268e-14,4.947894511e-14,6.460862215e-14,5.279927628e-14,1.121390719e-13,1.136964881e-13,1.451816781e-13,1.28368553e-13,6.128449463e-14,1.44815771e-13,6.407850748e-14
40.28125,2.82569153e-13,1.489504912e-13,1.857772695e-13,2.19958464e-13,2.12323998e-13,1.114516778e-13,7.300290511e-14,1.564969107e-13,9.516765346e-14,1.626389436e-13,1.252517856e-13,8.163301661e-14,2.29816981e-13,9.951750008e-14,3.054813304e-13,4.570140494e-13,1.696515816e-13,2.043879321e-13,6.306681309e-14,4.901620595e-13,2.470006087e-14,4.263155392e-14,4.995062004e-14,6.478566773e-14,5.305447466e-14,1.11899139e-13,1.117503316e-13,1.416367887e-13,1.290863548e-13,6.192162588e-14,1.448166714e-13,6.373896343e-14
40.2890625,2.75339363e-13,1.473312983e-13,1.829957518e-13,2.205859499e-13,2.066285325e-13,1.099740145e-13,7.305609852e-14,1.565387874e-13,9.361086105e-14,1.602682067e-13,1.24215862e-13,7.934982561e-14,2.304097942e-13,9.760295062e-14,3.053174465e-13,4.579553953e-13,1.678438025e-13,2.023375732e-13,6.176098302e-14,4.872616188e-13,2.481951522e-14,4.179777281e-14,5.038840646e-14,6.501602808e-14,5.3318721e-14,1.11581729e-13,1.09894569e-13,1.381862707e-13,1.299506584e-13,6.252071685e-14,1.44855928e-13,6.339408565e-14
40.296875,2.680550146e-13,1.456691388e-13,1.802262308e-13,2.213574012e-13,2.008547123e-13,1.085514922e-13,7.308877862e-14,1.565202615e-13,9.199666734e-14,1.578768709e-13,1.232266409e-13,7.709140595e-14,2.309523283e-13,9.573633133e-14,3.048746587e-13,4.585828469e-13,1.660374818e-13,2.003519313e-13,6.042397824e-14,4.841088913e-13,2.493032595e-14,4.094021303e-14,5.083714002e-14,6.520364048e-14,5.355846945e-14,1.112019036e-13,1.080948921e-13,1.347680902e-13,1.308919494e-13,6.313501146e-14,1.448994601e-13,6.299879238e-14
40.3046875,2.607842234e-13,1.440634921e-13,1.774195614e-13,2.21959369e-13,1.951342274e-13,1.070748995e-13,7.311265044e-14,1.564264736e-13,9.034828742e-14,1.555077137e-13,1.222694107e-13,7.487036571e-14,2.314702376e-13,9.393252481e-14,3.040683847e-13,4.587184441e-13,1.640219561e-13,1.983737249e-13,5.909067199e-14,4.80495144e-13,2.502513453e-14,4.007561635e-14,5.129411131e-14,6.530173193e-14,5.379287062e-14,1.107479096e-13,1.063176934e-13,1.31342283e-13,1.318333303e-13,6.374981628e-14,1.450174409e-13,6.257498775e-14
40.3125,2.536244604e-13,1.425260761e-13,1.745455125e-13,2.221854917e-13,1.895024478e-13,1.055093982e-13,7.313033572e-14,1.56335896e-13,8.869766299e-14,1.531457269e-13,1.212623712e-13,7.268222662e-14,2.319829546e-13,9.220165394e-14,3.03091987e-13,4.586592294e-13,1.619340116e-13,1.964320522e-13,5.779168949e-14,4.765644423e-13,2.514658676e-14,3.920478174e-14,5.175143284e-14,6.539385525e-14,5.404834907e-14,1.102158054e-13,1.045791445e-13,1.279290048e-13,1.327714879e-13,6.433700475e-14,1.452245784e-13,6.213588071e-14
40.3203125,2.464722354e-13,1.410065304e-13,1.717297855e-13,2.223162268e-13,1.838538422e-13,1.039639847e-13,7.313703369e-14,1.562729572e-13,8.704212546e-14,1.507552358e-13,1.202405392e-13,7.053357038e-14,2.324597301e-13,9.055717054e-14,3.021169419e-13,4.586207425e-13,1.599923662e-13,1.945780551e-13,5.649912382e-14,4.725002898e-13,2.533857162e-14,3.831781289e-14,5.220121097e-14,6.548881019e-14,5.431819242e-14,1.096677184e-13,1.028895206e-13,1.246050592e-13,1.338057549e-13,6.492320926e-14,1.454754238e-13,6.167069236e-14
40.328125,2.393059363e-13,1.394896808e-13,1.689910598e-13,2.224428742e-13,1.781712933e-13,1.023776079e-13,7.314819701e-14,1.562030529e-13,8.538081546e-14,1.483434267e-13,1.192350954e-13,6.843871122e-14,2.328947954e-13,8.900399519e-14,3.011113662e-13,4.585293928e-13,1.581109171e-13,1.92759778e-13,5.518539668e-14,4.682638353e-13,2.557174249e-14,3.740985722e-14,5.261391734e-14,6.553318066e-14,5.459192647e-14,1.091165143e-13,1.012502607e-13,1.213769657e-13,1.349969779e-13,6.552124401e-14,1.457373164e-13,6.120974386e-14
40.3359375,2.323126112e-13,1.379875817e-13,1.662620771e-13,2.224611764e-13,1.725957928e-13,1.007421407e-13,7.314860398e-14,1.561213904e-13,8.375039518e-14,1.459325608e-13,1.182400342e-13,6.639514456e-14,2.333414855e-13,8.752868611e-14,3.000075088e-13,4.583996855e-13,1.561891462e-13,1.909354522e-13,5.388525027e-14,4.640649279e-13,2.581945377e-14,3.651799361e-14,5.300671894e-14,6.558686438e-14,5.485297686e-14,1.085438169e-13,9.969112309e-14,1.182215431e-13,1.363007179e-13,6.611134738e-14,1.459966023e-13,6.079946597e-14
40.34375,2.255661374e-13,1.365197002e-13,1.636221339e-13,2.224671848e-13,1.672049534e-13,9.920025542e-14,7.310881501e-14,1.560122489e-13,8.216379399e-14,1.435278087e-13,1.173186658e-13,6.440168739e-14,2.337998215e-13,8.611265608e-14,2.987843069e-13,4.582336314e-13,1.543254428e-13,1.892178087e-13,5.264265957e-14,4.601564371e-13,2.6085609e-14,3.567281865e-14,5.342205568e-14,6.574210993e-14,5.508988307e-14,1.079635118e-13,9.821802197e-14,1.151575227e-13,1.37680023e-13,6.66861585e-14,1.462535674e-13,6.042823524e-14
40.3515625,2.189673357e-13,1.35057418e-13,1.611131438e-13,2.224540041e-13,1.618864796e-13,9.768133141e-14,7.305874527e-14,1.55872216e-13,8.059097436e-14,1.411487202e-13,1.164776935e-13,6.247128608e-14,2.34186817e-13,8.473234156e-14,2.974782167e-13,4.579332844e-13,1.52619562e-13,1.87655933e-13,5.142379821e-14,4.563192965e-13,2.635887069e-14,3.482794211e-14,5.383569427e-14,6.597726155e-14,5.532690481e-14,1.073515049e-13,9.678949052e-14,1.122011034e-13,1.391236914e-13,6.725842372e-14,1.465120085e-13,6.004552954e-14
40.359375,2.124923184e-13,1.335604739e-13,1.586556903e-13,2.222449074e-13,1.566210513e-13,9.605898395e-14,7.300067728e-14,1.557618907e-13,7.903639518e-14,1.387803351e-13,1.156144853e-13,6.062441522e-14,2.345101833e-13,8.342037453e-14,2.961051152e-13,4.574836647e-13,1.5103788e-13,1.861319194e-13,5.019008061e-14,4.523736489e-13,2.665054879e-14,3.395168468e-14,5.421692641e-14,6.619181518e-14,5.557363372e-14,1.066899696e-13,9.539785241e-14,1.093397738e-13,1.406129791e-13,6.783608573e-14,1.467956392e-13,5.963626153e-14
40.3671875,2.061817871e-13,1.321038023e-13,1.563139633e-13,2.21874926e-13,1.515432388e-13,9.445881581e-14,7.288987846e-14,1.556778469e-13,7.75126917e-14,1.363551671e-13,1.147332272e-13,5.885233351e-14,2.348969106e-13,8.226786971e-14,2.946543031e-13,4.569793493e-13,1.495183404e-13,1.84663777e-13,4.897349866e-14,4.484544445e-13,2.698662532e-14,3.308732445e-14,5.459843442e-14,6.633332331e-14,5.582090827e-14,1.060459651e-13,9.41060997e-14,1.065446582e-13,1.421841685e-13,6.841437839e-14,1.471887456e-13,5.923090377e-14
40.375,1.999945485e-13,1.306841615e-13,1.542049839e-13,2.214805492e-13,1.466162789e-13,9.297729352e-14,7.278102161e-14,1.555647151e-13,7.599022168e-14,1.338918172e-13,1.13930749e-13,5.710133273e-14,2.353756865e-13,8.126161808e-14,2.932400423e-13,4.566165784e-13,1.480840387e-13,1.834054771e-13,4.778540059e-14,4.444722386e-13,2.735442123e-14,3.224288475e-14,5.499590013e-14,6.643790495e-14,5.611244198e-14,1.054624147e-13,9.294709278e-14,1.038168956e-13,1.438715137e-13,6.900765215e-14,1.477411007e-13,5.886200067e-14
40.3828125,1.939031323e-13,1.291146263e-13,1.522097638e-13,2.210448477e-13,1.417541472e-13,9.151368778e-14,7.273747796e-14,1.554736567e-13,7.449064154e-14,1.314878339e-13,1.131861198e-13,5.536823151e-14,2.35832374e-13,8.030830918e-14,2.918545552e-13,4.56347127e-13,1.466919041e-13,1.823167906e-13,4.660444259e-14,4.402549161e-13,2.773766185e-14,3.138866107e-14,5.537332207e-14,6.653771744e-14,5.647204684e-14,1.048948453e-13,9.18513591e-14,1.012155499e-13,1.456226253e-13,6.963634986e-14,1.483616238e-13,5.854298026e-14
40.390625,1.880151032e-13,1.275229949e-13,1.501643731e-13,2.204381418e-13,1.37058697e-13,8.996813031e-14,7.267540281e-14,1.554346776e-13,7.307096466e-14,1.291511865e-13,1.124378343e-13,5.372896945e-14,2.362273963e-13,7.944390015e-14,2.90191008e-13,4.557469602e-13,1.452374883e-13,1.812789078e-13,4.546314076e-14,4.35960425e-13,2.81235402e-14,3.055101884e-14,5.572060343e-14,6.665574391e-14,5.682457329e-14,1.042960772e-13,9.078421007e-14,9.876235608e-14,1.474420202e-13,7.027251827e-14,1.489743385e-13,5.825504292e-14
40.3984375,1.823722656e-13,1.263194448e-13,1.481413041e-13,2.195750435e-13,1.325047249e-13,8.835340928e-14,7.254757958e-14,1.553504402e-13,7.168796068e-14,1.268431526e-13,1.117159169e-13,5.22013219e-14,2.366549981e-13,7.872858976e-14,2.882641612e-13,4.54893323e-13,1.438882484e-13,1.803611237e-13,4.437346074e-14,4.317325663e-13,2.849552481e-14,2.975196866e-14,5.606616639e-14,6.684772134e-14,5.713362372e-14,1.036742047e-13,8.983263987e-14,9.640046786e-14,1.49434821e-13,7.089431262e-14,1.496359699e-13,5.795455538e-14
40.40625,1.767836813e-13,1.25368437e-13,1.462740782e-13,2.186431346e-13,1.279422656e-13,8.681886825e-14,7.244729193e-14,1.552178016e-13,7.029847003e-14,1.246000565e-13,1.1103319e-13,5.073504403e-14,2.371526213e-13,7.805098453e-14,2.865035674e-13,4.543715691e-13,1.42831855e-13,1.79607434e-13,4.327311402e-14,4.275855956e-13,2.889086779e-14,2.896592799e-14,5.642305488e-14,6.707998949e-14,5.746497352e-14,1.030827619e-13,8.900127413e-14,9.411472465e-14,1.515934926e-13,7.154183237e-14,1.503370279e-13,5.764457564e-14
40.4140625,1.711621425e-13,1.241808902e-13,1.445601738e-13,2.179038625e-13,1.235139739e-13,8.545854305e-14,7.239773338e-14,1.551480219e-13,6.897422117e-14,1.224339519e-13,1.10374147e-13,4.932693221e-14,2.376600981e-13,7.733209043e-14,2.84901537e-13,4.540530114e-13,1.418008162e-13,1.78890992e-13,4.216731209e-14,4.236006069e-13,2.934583577e-14,2.820429326e-14,5.678320545e-14,6.724540295e-14,5.784074418e-14,1.025421219e-13,8.815793031e-14,9.196882789e-14,1.537626303e-13,7.222436437e-14,1.509825679e-13,5.738135641e-14
40.421875,1.657332794e-13,1.228533419e-13,1.429934179e-13,2.172017207e-13,1.193987654e-13,8.409671803e-14,7.232458762e-14,1.551395514e-13,6.772825666e-14,1.202582766e-13,1.097976842e-13,4.799141021e-14,2.381961054e-13,7.671063752e-14,2.830971586e-13,4.53422793e-13,1.405840206e-13,1.782061289e-13,4.113668618e-14,4.19643316e-13,2.981011573e-14,2.748328246e-14,5.713303731e-14,6.735524281e-14,5.822227428e-14,1.019996017e-13,8.731013837e-14,8.998011041e-14,1.558944166e-13,7.289184484e-14,1.516786804e-13,5.71722301e-14
40.4296875,1.60617766e-13,1.217697603e-13,1.416129599e-13,2.162454058e-13,1.154381933e-13,8.262324443e-14,7.222469894e-14,1.55116874e-13,6.647033128e-14,1.180247125e-13,1.093187409e-13,4.672884059e-14,2.388506765e-13,7.631921663e-14,2.811762106e-13,4.526967793e-13,1.39469797e-13,1.777336302e-13,4.017464827e-14,4.154831581e-13,3.025214235e-14,2.675752801e-14,5.745405116e-14,6.746687772e-14,5.862186212e-14,1.014361682e-13,8.660866551e-14,8.806801942e-14,1.581893087e-13,7.353064722e-14,1.526398175e-13,5.697723821e-14
40.4375,1.556766849e-13,1.208560203e-13,1.403676522e-13,2.151304518e-13,1.114981983e-13,8.122575652e-14,7.214166348e-14,1.550822544e-13,6.521039237e-14,1.157885375e-13,1.088260764e-13,4.557190796e-14,2.395885674e-13,7.60846695e-14,2.794011844e-13,4.522183138e-13,1.386461392e-13,1.775130802e-13,3.9216515e-14,4.112997467e-13,3.072191773e-14,2.601828984e-14,5.775677428e-14,6.75715976e-14,5.906787051e-14,1.008980951e-13,8.60543508e-14,8.618721105e-14,1.608340331e-13,7.416702683e-14,1.537984688e-13,5.679990762e-14
40.4453125,1.508693406e-13,1.198695631e-13,1.391826001e-13,2.140449787e-13,1.07691323e-13,7.997155325e-14,7.206984544e-14,1.550645335e-13,6.403415124e-14,1.135947001e-13,1.082887097e-13,4.451903962e-14,2.402675368e-13,7.586544994e-14,2.776489284e-13,4.517875087e-13,1.37944888e-13,1.773674134e-13,3.827174341e-14,4.073150026e-13,3.124557619e-14,2.532484549e-14,5.809596151e-14,6.768409297e-14,5.953268793e-14,1.00401177e-13,8.552845828e-14,8.440859892e-14,1.636788998e-13,7.482701835e-14,1.549141914e-13,5.666046503e-14
40.453125,1.462155593e-13,1.187991738e-13,1.380963916e-13,2.129484321e-13,1.040680251e-13,7.872193364e-14,7.198637444e-14,1.550579147e-13,6.292518918e-14,1.114207686e-13,1.078079212e-13,4.351730783e-14,2.408386699e-13,7.563754873e-14,2.757647638e-13,4.512673939e-13,1.372880048e-13,1.772024906e-13,3.736794774e-14,4.033882493e-13,3.181315408e-14,2.468253388e-14,5.848952481e-14,6.779566541e-14,5.999078658e-14,9.993917278e-14,8.502109309e-14,8.276071921e-14,1.664914849e-13,7.552590559e-14,1.559752431e-13,5.653661231e-14
40.4609375,1.416227587e-13,1.17751991e-13,1.371580201e-13,2.117593649e-13,1.005621512e-13,7.749198651e-14,7.188954437e-14,1.550721264e-13,6.183054053e-14,1.092367344e-13,1.073892493e-13,4.258744526e-14,2.413834637e-13,7.546629406e-14,2.73862287e-13,4.508014654e-13,1.367237002e-13,1.771426705e-13,3.648406808e-14,3.994449387e-13,3.242757579e-14,2.404569869e-14,5.888350161e-14,6.785625968e-14,6.045875254e-14,9.950185901e-14,8.459069664e-14,8.115065104e-14,1.693962634e-13,7.621674334e-14,1.571496565e-13,5.640859428e-14
40.46875,1.371652993e-13,1.16857589e-13,1.363422925e-13,2.10456737e-13,9.720193075e-14,7.635456051e-14,7.179742431e-14,1.551491726e-13,6.078735523e-14,1.07046656e-13,1.069391412e-13,4.178821226e-14,2.419785816e-13,7.538764506e-14,2.720195953e-13,4.504216905e-13,1.362233992e-13,1.773187664e-13,3.563638258e-14,3.955889972e-13,3.30621226e-14,2.342152111e-14,5.925220521e-14,6.79217241e-14,6.09527422e-14,9.90364073e-14,8.423553687e-14,7.955933805e-14,1.726027124e-13,7.684129278e-14,1.584801308e-13,5.630105385e-14
40.4765625,1.330367704e-13,1.161254098e-13,1.356276641e-13,2.090846877e-13,9.405615301e-14,7.52522637e-14,7.17430855e-14,1.552731288e-13,5.982924109e-14,1.048929983e-13,1.064699227e-13,4.109325369e-14,2.426272884e-13,7.538958254e-14,2.701838521e-13,4.500493641e-13,1.357542529e-13,1.777206707e-13,3.487984676e-14,3.917840454e-13,3.367410414e-14,2.28436594e-14,5.963625967e-14,6.803825455e-14,6.148567189e-14,9.853531056e-14,8.394463921e-14,7.809354339e-14,1.760219573e-13,7.7445705e-14,1.598945626e-13,5.623902282e-14
40.484375,1.291199737e-13,1.153872445e-13,1.350041306e-13,2.077482535e-13,9.106590552e-14,7.418339635e-14,7.17382542e-14,1.55346104e-13,5.888980016e-14,1.028253206e-13,1.060470723e-13,4.045333019e-14,2.433197895e-13,7.545832617e-14,2.683753702e-13,4.497077547e-13,1.353421993e-13,1.782895726e-13,3.419503206e-14,3.879302745e-13,3.427279195e-14,2.230082915e-14,6.005887367e-14,6.813208811e-14,6.208064741e-14,9.806240824e-14,8.375238391e-14,7.678344538e-14,1.795746269e-13,7.807450246e-14,1.614139766e-13,5.619533687e-14
40.4921875,1.252095908e-13,1.145966412e-13,1.344738133e-13,2.06503678e-13,8.81422548e-14,7.322109163e-14,7.175123916e-14,1.553731506e-13,5.793560966e-14,1.008270185e-13,1.05631905e-13,3.987915271e-14,2.440419624e-13,7.560329295e-14,2.66670709e-13,4.495375984e-13,1.350577117e-13,1.789670066e-13,3.352389992e-14,3.840893265e-13,3.488565864e-14,2.17705641e-14,6.05001426e-14,6.822365437e-14,6.272562816e-14,9.761095327e-14,8.365064944e-14,7.553733271e-14,1.833482195e-13,7.867210127e-14,1.631242775e-13,5.613389078e-14
40.5,1.213872278e-13,1.138739452e-13,1.341001123e-13,2.053648123e-13,8.533605836e-14,7.236554126e-14,7.174693399e-14,1.554946591e-13,5.705884037e-14,9.882567448e-14,1.051887497e-13,3.940034447e-14,2.447332032e-13,7.584421763e-14,2.650538868e-13,4.495478933e-13,1.349324203e-13,1.796883452e-13,3.287427191e-14,3.804602747e-13,3.552144126e-14,2.126365433e-14,6.092900237e-14,6.83889345e-14,6.336670588e-14,9.713819528e-14,8.355851022e-14,7.426956512e-14,1.87269165e-13,7.923351927e-14,1.649938852e-13,5.608211074e-14
40.5078125,1.176987673e-13,1.132330173e-13,1.338868205e-13,2.042287547e-13,8.272952854e-14,7.156108498e-14,7.171730943e-14,1.557072312e-13,5.629420103e-14,9.678492893e-14,1.047983869e-13,3.901491136e-14,2.453855966e-13,7.615897381e-14,2.634139929e-13,4.494889546e-13,1.348193471e-13,1.804552844e-13,3.227159462e-14,3.770364521e-13,3.619068697e-14,2.079361485e-14,6.13167434e-14,6.854216352e-14,6.39784058e-14,9.667385864e-14,8.346076923e-14,7.296193532e-14,1.912113373e-13,7.982028339e-14,1.66932837e-13,5.607014851e-14
40.515625,1.140646943e-13,1.12638662e-13,1.337119862e-13,2.028356897e-13,8.031399357e-14,7.073154846e-14,7.166815065e-14,1.558818586e-13,5.555129794e-14,9.472314535e-14,1.045226237e-13,3.869157431e-14,2.460682333e-13,7.649533011e-14,2.616435825e-13,4.492148283e-13,1.345503874e-13,1.813065705e-13,3.171193351e-14,3.735189669e-13,3.68922685e-14,2.03503155e-14,6.167178988e-14,6.862066815e-14,6.45762597e-14,9.621743129e-14,8.343051229e-14,7.168572446e-14,1.952831822e-13,8.041965202e-14,1.689499449e-13,5.607027811e-14
40.5234375,1.106430599e-13,1.121357557e-13,1.335790935e-13,2.012428513e-13,7.80873891e-14,6.987438705e-14,7.161136923e-14,1.560552816e-13,5.482777181e-14,9.268266713e-14,1.043008511e-13,3.842607189e-14,2.467497391e-13,7.686869196e-14,2.597453481e-13,4.488240288e-13,1.341894132e-13,1.822385448e-13,3.120729605e-14,3.699596838e-13,3.762628765e-14,1.992545376e-14,6.203311312e-14,6.872703399e-14,6.517152103e-14,9.572074497e-14,8.347090521e-14,7.05436899e-14,1.995636558e-13,8.102271525e-14,1.710630848e-13,5.608653165e-14
40.53125,1.075531929e-13,1.117079123e-13,1.336488822e-13,1.997999483e-13,7.604148153e-14,6.910952706e-14,7.155759257e-14,1.562949904e-13,5.419763051e-14,9.069386973e-14,1.04033652e-13,3.825272756e-14,2.473763535e-13,7.735186204e-14,2.57832942e-13,4.483603877e-13,1.338923616e-13,1.832790378e-13,3.075620294e-14,3.667072314e-13,3.841978682e-14,1.953076589e-14,6.240454036e-14,6.89068345e-14,6.577949753e-14,9.522188537e-14,8.353039022e-14,6.949985662e-14,2.039363285e-13,8.16818998e-14,1.732468906e-13,5.615630098e-14
40.5390625,1.045727309e-13,1.112933159e-13,1.338897886e-13,1.98337114e-13,7.407990113e-14,6.843704808e-14,7.150135402e-14,1.565108296e-13,5.362289667e-14,8.873056342e-14,1.036785254e-13,3.816167661e-14,2.480318923e-13,7.794659548e-14,2.559684779e-13,4.478834793e-13,1.337202393e-13,1.844693447e-13,3.031848769e-14,3.635332465e-13,3.92542846e-14,1.917741118e-14,6.277232075e-14,6.909684188e-14,6.642535882e-14,9.478928825e-14,8.3619049e-14,6.84044543e-14,2.083665376e-13,8.237394455e-14,1.755468668e-13,5.625157437e-14
40.546875,1.016463115e-13,1.109247966e-13,1.341215376e-13,1.964751819e-13,7.215425223e-14,6.773530598e-14,7.144614825e-14,1.56709153e-13,5.30622652e-14,8.677725901e-14,1.032819285e-13,3.811452937e-14,2.486954642e-13,7.856076486e-14,2.541109768e-13,4.475668252e-13,1.337053557e-13,1.857563323e-13,2.989616368e-14,3.601179374e-13,4.006667275e-14,1.885706056e-14,6.314876973e-14,6.927595979e-14,6.71006938e-14,9.440596443e-14,8.373975029e-14,6.726466957e-14,2.129301259e-13,8.304322859e-14,1.779799476e-13,5.634731982e-14
40.5546875,9.897597486e-14,1.106328485e-13,1.343919674e-13,1.945576177e-13,7.034007352e-14,6.707978036e-14,7.141628515e-14,1.570027697e-13,5.256858067e-14,8.489704066e-14,1.029357129e-13,3.813402082e-14,2.492259895e-13,7.91421284e-14,2.522475992e-13,4.473547217e-13,1.338330675e-13,1.871150773e-13,2.952905395e-14,3.567912557e-13,4.087245829e-14,1.855777149e-14,6.353775983e-14,6.946471548e-14,6.777582824e-14,9.402081669e-14,8.38640025e-14,6.625222491e-14,2.17601064e-13,8.37161944e-14,1.804482357e-13,5.64792247e-14
40.5625,9.650534466e-14,1.103678928e-13,1.348677448e-13,1.929747295e-13,6.870293619e-14,6.659467037e-14,7.140594177e-14,1.573226642e-13,5.213890958e-14,8.311181516e-14,1.026846652e-13,3.823901304e-14,2.49723398e-13,7.97590486e-14,2.504033369e-13,4.470467596e-13,1.340012555e-13,1.886128315e-13,2.921282555e-14,3.536933024e-13,4.171601591e-14,1.82855675e-14,6.393515799e-14,6.9666875e-14,6.845533764e-14,9.361875315e-14,8.40308608e-14,6.538710792e-14,2.223062408e-13,8.440196231e-14,1.829453658e-13,5.664665295e-14
40.5703125,9.409710214e-14,1.101231266e-13,1.355534273e-13,1.913897433e-13,6.722600012e-14,6.617667767e-14,7.13869598e-14,1.575743029e-13,5.173745143e-14,8.136825009e-14,1.025176626e-13,3.83982849e-14,2.503468022e-13,8.047884628e-14,2.486066278e-13,4.467574498e-13,1.341934211e-13,1.902460071e-13,2.892465448e-14,3.505612752e-13,4.255874644e-14,1.805177681e-14,6.434621706e-14,6.988312816e-14,6.916382096e-14,9.324162045e-14,8.428011166e-14,6.452526982e-14,2.270904587e-13,8.507904244e-14,1.855685425e-13,5.682982612e-14
40.578125,9.185905958e-14,1.099747528e-13,1.364230369e-13,1.895907629e-13,6.587508511e-14,6.575936299e-14,7.13679235e-14,1.578389686e-13,5.13941266e-14,7.966709249e-14,1.02407826e-13,3.864174037e-14,2.509953957e-13,8.127280167e-14,2.469263844e-13,4.467148516e-13,1.344977168e-13,1.919895906e-13,2.8672701e-14,3.474512462e-13,4.338813555e-14,1.785551073e-14,6.475075105e-14,7.012084611e-14,6.989987072e-14,9.295162643e-14,8.455983197e-14,6.365083679e-14,2.320590029e-13,8.57919599e-14,1.883479141e-13,5.704820098e-14
40.5859375,8.983272852e-14,1.099732834e-13,1.374736713e-13,1.878600753e-13,6.468412154e-14,6.542312829e-14,7.135973601e-14,1.581447125e-13,5.110026646e-14,7.802421588e-14,1.023016912e-13,3.902550353e-14,2.515939269e-13,8.212428178e-14,2.453450895e-13,4.46811606e-13,1.349003853e-13,1.938897085e-13,2.847192676e-14,3.44426562e-13,4.425635468e-14,1.769272096e-14,6.514072955e-14,7.036831384e-14,7.064448722e-14,9.272319177e-14,8.482532651e-14,6.284584469e-14,2.372088412e-13,8.656455246e-14,1.912991007e-13,5.728346858e-14
40.59375,8.791437674e-14,1.100798808e-13,1.385994152e-13,1.862098408e-13,6.365444923e-14,6.513236783e-14,7.135403936e-14,1.584337201e-13,5.081381836e-14,7.640482545e-14,1.021581292e-13,3.949391223e-14,2.521858156e-13,8.304276283e-14,2.437455007e-13,4.468182363e-13,1.353292761e-13,1.9587419e-13,2.831140821e-14,3.414404356e-13,4.514336432e-14,1.755113939e-14,6.555079897e-14,7.058306686e-14,7.139574126e-14,9.246628986e-14,8.510133879e-14,6.208363553e-14,2.424737064e-13,8.734765193e-14,1.944138313e-13,5.749245778e-14
40.6015625,8.606469593e-14,1.101824296e-13,1.397755285e-13,1.844628176e-13,6.263765046e-14,6.483141446e-14,7.138117948e-14,1.587437306e-13,5.056138327e-14,7.482987909e-14,1.020086628e-13,3.997750748e-14,2.527029087e-13,8.396493019e-14,2.421705966e-13,4.467496335e-13,1.357993376e-13,1.97774214e-13,2.814955146e-14,3.38696804e-13,4.601502593e-14,1.740974422e-14,6.596434477e-14,7.075898872e-14,7.216337211e-14,9.217249351e-14,8.539909137e-14,6.131533509e-14,2.478822057e-13,8.81245855e-14,1.975916791e-13,5.768542765e-14
40.609375,8.425973281e-14,1.101881299e-13,1.411368475e-13,1.82734321e-13,6.160748812e-14,6.459835168e-14,7.146256197e-14,1.59081943e-13,5.03641406e-14,7.335331357e-14,1.019066409e-13,4.051338552e-14,2.531400061e-13,8.485426271e-14,2.406938181e-13,4.466810044e-13,1.362937773e-13,1.996040692e-13,2.796973467e-14,3.360905999e-13,4.691077043e-14,1.728468631e-14,6.633329079e-14,7.096311251e-14,7.294058848e-14,9.189159914e-14,8.567051735e-14,6.05815034e-14,2.534513959e-13,8.889965525e-14,2.008262411e-13,5.787679603e-14
40.6171875,8.252954729e-14,1.101591229e-13,1.426866923e-13,1.810778151e-13,6.074572938e-14,6.444806847e-14,7.154798778e-14,1.593882344e-13,5.021291331e-14,7.194065945e-14,1.018787892e-13,4.112336661e-14,2.536126716e-13,8.576478457e-14,2.39172532e-13,4.46580118e-13,1.367626923e-13,2.01508642e-13,2.782065391e-14,3.333286684e-13,4.780759546e-14,1.721917971e-14,6.669853037e-14,7.122909076e-14,7.372331119e-14,9.162541982e-14,8.589891262e-14,5.992697942e-14,2.591093541e-13,8.965449799e-14,2.042171314e-13,5.807687307e-14
40.625,8.095934296e-14,1.102481943e-13,1.443439275e-13,1.79356659e-13,6.003077815e-14,6.435018983e-14,7.161340334e-14,1.597326846e-13,5.012837352e-14,7.053368382e-14,1.019337212e-13,4.176572932e-14,2.540907219e-13,8.673944553e-14,2.376322273e-13,4.465825804e-13,1.373247713e-13,2.035697355e-13,2.773489866e-14,3.30694693e-13,4.864557171e-14,1.720848927e-14,6.711613263e-14,7.151329628e-14,7.453830721e-14,9.13725958e-14,8.619093799e-14,5.933293785e-14,2.649182381e-13,9.041395459e-14,2.077864184e-13,5.832332117e-14
40.6328125,7.949716992e-14,1.104443326e-13,1.462057968e-13,1.776482744e-13,5.934174755e-14,6.435820993e-14,7.169430202e-14,1.601765557e-13,5.009614499e-14,6.912655756e-14,1.020460812e-13,4.247295256e-14,2.545585389e-13,8.784433745e-14,2.363624884e-13,4.469032685e-13,1.381256974e-13,2.058301335e-13,2.769141565e-14,3.283388256e-13,4.948661002e-14,1.721671962e-14,6.755908109e-14,7.179592468e-14,7.540096467e-14,9.117770658e-14,8.665792506e-14,5.872685059e-14,2.70971986e-13,9.122654119e-14,2.115876249e-13,5.860723385e-14
40.640625,7.812260777e-14,1.106219898e-13,1.483744988e-13,1.761069851e-13,5.882323971e-14,6.444697805e-14,7.17923918e-14,1.606076045e-13,5.007500476e-14,6.772574297e-14,1.021921934e-13,4.332612728e-14,2.551557288e-13,8.91401703e-14,2.35318292e-13,4.473785776e-13,1.390757319e-13,2.08262367e-13,2.768969348e-14,3.259697232e-13,5.038402833e-14,1.72414762e-14,6.799377274e-14,7.209076815e-14,7.628527894e-14,9.105968965e-14,8.724430406e-14,5.808970592e-14,2.771230102e-13,9.208660247e-14,2.15710061e-13,5.888945767e-14
40.6484375,7.693618337e-14,1.108409538e-13,1.50801298e-13,1.74619503e-13,5.84922179e-14,6.453857191e-14,7.188887957e-14,1.609918257e-13,5.008787317e-14,6.63308063e-14,1.024083925e-13,4.430119023e-14,2.558453627e-13,9.052734146e-14,2.341980344e-13,4.477272958e-13,1.400106962e-13,2.107224434e-13,2.772742244e-14,3.237848531e-13,5.128088927e-14,1.7292897e-14,6.840937594e-14,7.238660141e-14,7.716681409e-14,9.097122337e-14,8.782856063e-14,5.751742915e-14,2.833366769e-13,9.295887139e-14,2.200498947e-13,5.918727553e-14
40.65625,7.586468708e-14,1.112325586e-13,1.534562337e-13,1.730242727e-13,5.812605158e-14,6.468456282e-14,7.198968503e-14,1.614292475e-13,5.015336108e-14,6.492817967e-14,1.027245246e-13,4.532239965e-14,2.564618226e-13,9.190673689e-14,2.330383111e-13,4.480611563e-13,1.40936403e-13,2.131648943e-13,2.776948684e-14,3.220329248e-13,5.21767059e-14,1.737175494e-14,6.879580639e-14,7.268882801e-14,7.804980662e-14,9.086985962e-14,8.839146164e-14,5.702047673e-14,2.89877991e-13,9.382485607e-14,2.244904445e-13,5.950380209e-14
40.6640625,7.485183692e-14,1.117087766e-13,1.563119337e-13,1.713708151e-13,5.781636247e-14,6.491647994e-14,7.209814566e-14,1.619168732e-13,5.025357969e-14,6.351760417e-14,1.031039328e-13,4.640598981e-14,2.570606438e-13,9.335555471e-14,2.320433699e-13,4.486379657e-13,1.420115834e-13,2.157801238e-13,2.783626067e-14,3.20329802e-13,5.311839504e-14,1.748765573e-14,6.919557659e-14,7.304635862e-14,7.896758376e-14,9.077642807e-14,8.896251872e-14,5.648022005e-14,2.967847367e-13,9.469321445e-14,2.291359222e-13,5.979635871e-14
40.671875,7.406691277e-14,1.121879533e-13,1.592921328e-13,1.697784648e-13,5.774927857e-14,6.519896507e-14,7.223093822e-14,1.624170199e-13,5.041016371e-14,6.215672796e-14,1.035115061e-13,4.760734965e-14,2.577635666e-13,9.49427078e-14,2.312493378e-13,4.495410506e-13,1.433918169e-13,2.187241292e-13,2.797423836e-14,3.185193924e-13,5.406890042e-14,1.763860329e-14,6.965516093e-14,7.347004669e-14,7.996118889e-14,9.071969881e-14,8.955262587e-14,5.591450979e-14,3.038725345e-13,9.558303537e-14,2.340566963e-13,6.006979014e-14
40.6796875,7.345103702e-14,1.12806882e-13,1.624415089e-13,1.68281985e-13,5.777101791e-14,6.559841721e-14,7.241187868e-14,1.629595676e-13,5.062059191e-14,6.08779577e-14,1.039564869e-13,4.890516596e-14,2.585424495e-13,9.665423252e-14,2.306581802e-13,4.506743395e-13,1.449987189e-13,2.218559288e-13,2.81575552e-14,3.168703486e-13,5.499631446e-14,1.780537518e-14,7.012728711e-14,7.390504761e-14,8.100917883e-14,9.067079391e-14,9.018205772e-14,5.540734869e-14,3.111731823e-13,9.648070603e-14,2.391724704e-13,6.033955572e-14
40.6875,7.279769058e-14,1.13602565e-13,1.658412725e-13,1.668597227e-13,5.783409419e-14,6.613011798e-14,7.262120758e-14,1.635023248e-13,5.08296251e-14,5.963515325e-14,1.044653065e-13,5.025496475e-14,2.593674908e-13,9.84931262e-14,2.302044452e-13,4.517453149e-13,1.465638414e-13,2.249733383e-13,2.837386474e-14,3.153634691e-13,5.592500485e-14,1.799167173e-14,7.056231597e-14,7.433301544e-14,8.204683705e-14,9.059629889e-14,9.086837635e-14,5.489742616e-14,3.187037911e-13,9.736277075e-14,2.444862592e-13,6.057716513e-14
40.6953125,7.227174348e-14,1.144644762e-13,1.694331325e-13,1.654733371e-13,5.811061167e-14,6.668753589e-14,7.28473498e-14,1.639967018e-13,5.105532127e-14,5.840807499e-14,1.050617209e-13,5.169049854e-14,2.602617918e-13,1.004622673e-13,2.297534908e-13,4.526436934e-13,1.480587852e-13,2.281693756e-13,2.866758132e-14,3.139033349e-13,5.685507114e-14,1.82176719e-14,7.099283161e-14,7.480322155e-14,8.308147347e-14,9.052504343e-14,9.1626577e-14,5.437932669e-14,3.263753397e-13,9.824146944e-14,2.500834918e-13,6.079657739e-14
40.703125,7.20051394e-14,1.154197086e-13,1.73201465e-13,1.64112329e-13,5.852257295e-14,6.731782292e-14,7.31167542e-14,1.645095166e-13,5.134992377e-14,5.720029237e-14,1.057259573e-13,5.325335963e-14,2.612089081e-13,1.025596367e-13,2.293673621e-13,4.536772225e-13,1.497013763e-13,2.316022556e-13,2.901413936e-14,3.126087423e-13,5.779083998e-14,1.848357696e-14,7.143791814e-14,7.532380388e-14,8.416190957e-14,9.049923344e-14,9.247157637e-14,5.392921286e-14,3.343587124e-13,9.91176034e-14,2.559440027e-13,6.104990299e-14
40.7109375,7.176490511e-14,1.164593889e-13,1.772226068e-13,1.628505954e-13,5.89208058e-14,6.813486372e-14,7.342028836e-14,1.650776542e-13,5.168958132e-14,5.597245809e-14,1.064105267e-13,5.489410341e-14,2.621552441e-13,1.047683459e-13,2.291489123e-13,4.549429209e-13,1.515232292e-13,2.351279369e-13,2.934520843e-14,3.114967129e-13,5.874725743e-14,1.878138361e-14,7.186853751e-14,7.58681357e-14,8.527203507e-14,9.051258455e-14,9.334907252e-14,5.346796529e-14,3.427666589e-13,9.99819794e-14,2.619846862e-13,6.133299169e-14
40.71875,7.15177533e-14,1.174213065e-13,1.814800063e-13,1.617439894e-13,5.940270341e-14,6.907228036e-14,7.373600244e-14,1.656730523e-13,5.205156837e-14,5.473759907e-14,1.07153806e-13,5.65665983e-14,2.630672357e-13,1.070371882e-13,2.290082055e-13,4.561937114e-13,1.534335855e-13,2.386140086e-13,2.967313987e-14,3.104838141e-13,5.969674809e-14,1.911583257e-14,7.228704828e-14,7.64566057e-14,8.638038139e-14,9.053198559e-14,9.41849807e-14,5.295940738e-14,3.513295143e-13,1.0089325e-13,2.682249061e-13,6.160265037e-14
40.7265625,7.145107375e-14,1.183614469e-13,1.859597123e-13,1.607143524e-13,6.003372169e-14,7.008194663e-14,7.408116458e-14,1.66274768e-13,5.244012606e-14,5.356674785e-14,1.080340323e-13,5.830825452e-14,2.640083519e-13,1.093957812e-13,2.289340103e-13,4.574522344e-13,1.554750149e-13,2.422395304e-13,3.00334324e-14,3.095284103e-13,6.064449889e-14,1.948207463e-14,7.271808415e-14,7.706091126e-14,8.750713002e-14,9.053823675e-14,9.504088171e-14,5.254609508e-14,3.599518602e-13,1.019070201e-13,2.74740849e-13,6.182773946e-14
40.734375,7.149470724e-14,1.194788369e-13,1.906989047e-13,1.597404889e-13,6.072486257e-14,7.122682925e-14,7.445709685e-14,1.668186354e-13,5.282326368e-14,5.244841743e-14,1.089983369e-13,6.012674548e-14,2.650865012e-13,1.119157561e-13,2.2903371e-13,4.588473792e-13,1.576357349e-13,2.460774044e-13,3.040870001e-14,3.085996301e-13,6.163449556e-14,1.985097798e-14,7.314982801e-14,7.760400146e-14,8.867712582e-14,9.053245121e-14,9.602316442e-14,5.222609921e-14,3.688459146e-13,1.029580273e-13,2.81488545e-13,6.201036344e-14
40.7421875,7.154339624e-14,1.207136846e-13,1.956024293e-13,1.589431124e-13,6.144211928e-14,7.24651047e-14,7.48504686e-14,1.673007362e-13,5.320841618e-14,5.134344734e-14,1.099610879e-13,6.198020038e-14,2.662707225e-13,1.14561893e-13,2.292592592e-13,4.602603808e-13,1.598166818e-13,2.499279517e-13,3.078691367e-14,3.077683418e-13,6.262751568e-14,2.021160069e-14,7.355843685e-14,7.815395781e-14,8.988333813e-14,9.051915262e-14,9.706809349e-14,5.188892895e-14,3.780103715e-13,1.039571142e-13,2.883952354e-13,6.21866638e-14
40.75,7.169068311e-14,1.21941362e-13,2.005978621e-13,1.582696019e-13,6.223617483e-14,7.371829322e-14,7.527203131e-14,1.678417453e-13,5.365694317e-14,5.028078212e-14,1.109847396e-13,6.39032798e-14,2.674603167e-13,1.173190119e-13,2.295212529e-13,4.616764556e-13,1.620748312e-13,2.537843056e-13,3.118932547e-14,3.070931398e-13,6.357030628e-14,2.059616235e-14,7.39455675e-14,7.880728385e-14,9.109858709e-14,9.050479606e-14,9.805829337e-14,5.157663363e-14,3.873178186e-13,1.049414991e-13,2.955561399e-13,6.235596354e-14
40.7578125,7.195899193e-14,1.232049403e-13,2.058456098e-13,1.575566333e-13,6.315038868e-14,7.502979432e-14,7.571000781e-14,1.684520234e-13,5.415912214e-14,4.925754741e-14,1.12145059e-13,6.596047755e-14,2.686771886e-13,1.202412805e-13,2.29861493e-13,4.632391261e-13,1.645229286e-13,2.578674549e-13,3.162850804e-14,3.064027346e-13,6.451187791e-14,2.102594311e-14,7.432046514e-14,7.947298934e-14,9.231037719e-14,9.053040953e-14,9.903964398e-14,5.131829358e-14,3.968142913e-13,1.060114905e-13,3.03054422e-13,6.248870493e-14
40.765625,7.230225286e-14,1.245175029e-13,2.114519088e-13,1.569594373e-13,6.415701827e-14,7.645909314e-14,7.614982199e-14,1.690464428e-13,5.466527534e-14,4.823665798e-14,1.134066667e-13,6.812442693e-14,2.699788684e-13,1.232827552e-13,2.30379203e-13,4.65044023e-13,1.671732043e-13,2.622087558e-13,3.20929193e-14,3.056404456e-13,6.547045288e-14,2.147936115e-14,7.468677739e-14,8.010079932e-14,9.355445168e-14,9.065073964e-14,1.000908759e-13,5.106816017e-14,4.065084124e-13,1.071526789e-13,3.107769934e-13,6.263493155e-14
40.7734375,7.273772038e-14,1.258646247e-13,2.172392658e-13,1.566628606e-13,6.517808961e-14,7.800848767e-14,7.662972529e-14,1.696593784e-13,5.517560456e-14,4.725193153e-14,1.147239501e-13,7.033170929e-14,2.713646585e-13,1.26368899e-13,2.31166429e-13,4.671827528e-13,1.700152187e-13,2.666452114e-13,3.256997905e-14,3.05135195e-13,6.635211799e-14,2.193810876e-14,7.505017789e-14,8.082106794e-14,9.486191378e-14,9.082814736e-14,1.011854424e-13,5.085579945e-14,4.16302811e-13,1.082261848e-13,3.186482618e-13,6.283708324e-14
40.78125,7.324117393e-14,1.273350567e-13,2.229979956e-13,1.564125995e-13,6.622907649e-14,7.964744616e-14,7.716668489e-14,1.703132408e-13,5.569676033e-14,4.633923219e-14,1.160506503e-13,7.256556976e-14,2.728349145e-13,1.295224724e-13,2.321416585e-13,4.694850685e-13,1.729596431e-13,2.710695073e-13,3.307513073e-14,3.050471642e-13,6.712019171e-14,2.241254831e-14,7.54138881e-14,8.167030205e-14,9.620124112e-14,9.094239996e-14,1.023317307e-13,5.065862187e-14,4.262224045e-13,1.091752012e-13,3.267579695e-13,6.30007701e-14
40.7890625,7.37757198e-14,1.289847222e-13,2.287863642e-13,1.559752473e-13,6.740178157e-14,8.132832678e-14,7.773154952e-14,1.709381613e-13,5.623915358e-14,4.546789674e-14,1.17360332e-13,7.485689154e-14,2.743407072e-13,1.327854657e-13,2.330896243e-13,4.716070779e-13,1.758711086e-13,2.754782781e-13,3.362493329e-14,3.050693072e-13,6.786520066e-14,2.29155692e-14,7.578244336e-14,8.256143722e-14,9.753701308e-14,9.09743297e-14,1.03578945e-13,5.041076275e-14,4.363912338e-13,1.101090204e-13,3.351722379e-13,6.305563712e-14
40.796875,7.434381516e-14,1.30747849e-13,2.348794191e-13,1.555499827e-13,6.868168681e-14,8.307051249e-14,7.833364694e-14,1.715426953e-13,5.682532327e-14,4.461219898e-14,1.187567939e-13,7.725781948e-14,2.758159486e-13,1.361850877e-13,2.341241389e-13,4.737820035e-13,1.788620636e-13,2.799479996e-13,3.419414544e-14,3.049965659e-13,6.865226067e-14,2.344247629e-14,7.616380618e-14,8.348361045e-14,9.887965142e-14,9.104672034e-14,1.048800146e-13,5.018863848e-14,4.468353234e-13,1.110919469e-13,3.438655232e-13,6.307355274e-14
40.8046875,7.495291742e-14,1.32553813e-13,2.414240314e-13,1.553735833e-13,6.998502088e-14,8.497071496e-14,7.89934194e-14,1.721648191e-13,5.741855269e-14,4.378429225e-14,1.20327551e-13,7.977419897e-14,2.773560059e-13,1.397317583e-13,2.355895841e-13,4.765369693e-13,1.822167691e-13,2.846045727e-13,3.477224082e-14,3.049258834e-13,6.945511148e-14,2.397866912e-14,7.654533266e-14,8.443281152e-14,1.00251873e-13,9.121570775e-14,1.061927055e-13,5.003569751e-14,4.574631057e-13,1.120495576e-13,3.527847015e-13,6.311467936e-14
40.8125,7.572110189e-14,1.344471403e-13,2.482880432e-13,1.554843417e-13,7.131895384e-14,8.706653792e-14,7.968506052e-14,1.727913353e-13,5.797795162e-14,4.303256082e-14,1.220053072e-13,8.236161353e-14,2.790860752e-13,1.434243231e-13,2.374024617e-13,4.79690578e-13,1.859499634e-13,2.895149301e-13,3.54006132e-14,3.04946929e-13,7.024925212e-14,2.452634056e-14,7.691010174e-14,8.535398575e-14,1.016636858e-13,9.137135556e-14,1.075574663e-13,4.989297588e-14,4.682257635e-13,1.129531219e-13,3.618870245e-13,6.316006921e-14
40.8203125,7.675197245e-14,1.364901969e-13,2.553097236e-13,1.558042315e-13,7.274048707e-14,8.92802459e-14,8.039391883e-14,1.734377619e-13,5.854743895e-14,4.239104611e-14,1.237331012e-13,8.500504482e-14,2.809104971e-13,1.472889892e-13,2.391774378e-13,4.82655747e-13,1.897684411e-13,2.945912687e-13,3.608138831e-14,3.05209468e-13,7.103382051e-14,2.509958584e-14,7.727502274e-14,8.627516065e-14,1.031018497e-13,9.140431624e-14,1.089544812e-13,4.979146372e-14,4.791558014e-13,1.138470389e-13,3.711825721e-13,6.318302395e-14
40.828125,7.78999306e-14,1.385785587e-13,2.624665151e-13,1.561628505e-13,7.425992245e-14,9.153901536e-14,8.114068218e-14,1.740961842e-13,5.916854768e-14,4.177555213e-14,1.25495585e-13,8.771947612e-14,2.826978994e-13,1.513140084e-13,2.409032236e-13,4.854128857e-13,1.935250949e-13,2.996901809e-13,3.67682926e-14,3.058514794e-13,7.178770774e-14,2.569828677e-14,7.764780646e-14,8.727926051e-14,1.045453377e-13,9.135484874e-14,1.103430489e-13,4.971584099e-14,4.902569286e-13,1.147238019e-13,3.807320372e-13,6.316458462e-14
40.8359375,7.906140256e-14,1.406353121e-13,2.698246817e-13,1.565388242e-13,7.586739048e-14,9.390405528e-14,8.194935921e-14,1.7473831e-13,5.983173646e-14,4.109589595e-14,1.272565408e-13,9.052094294e-14,2.845416552e-13,1.554917832e-13,2.429113051e-13,4.884772343e-13,1.974637969e-13,3.048739271e-13,3.746269034e-14,3.066841435e-13,7.249752419e-14,2.6329986e-14,7.800305105e-14,8.837222034e-14,1.060217663e-13,9.134269895e-14,1.118018707e-13,4.957136923e-14,5.016019516e-13,1.155727682e-13,3.906187843e-13,6.312027236e-14
40.84375,8.03339108e-14,1.428002819e-13,2.774675167e-13,1.571015883e-13,7.75427763e-14,9.643930927e-14,8.283822872e-14,1.754101287e-13,6.051373198e-14,4.041915737e-14,1.290621698e-13,9.341177318e-14,2.865371156e-13,1.598800674e-13,2.453228288e-13,4.921316698e-13,2.018044417e-13,3.10320692e-13,3.817763046e-14,3.07490542e-13,7.316631154e-14,2.699920688e-14,7.834421746e-14,8.949584563e-14,1.075779576e-13,9.140383978e-14,1.133806121e-13,4.944512124e-14,5.133272856e-13,1.164005669e-13,4.008560991e-13,6.309336533e-14
40.8515625,8.166944168e-14,1.451281933e-13,2.853249589e-13,1.57824668e-13,7.92358883e-14,9.901089702e-14,8.377533186e-14,1.761010355e-13,6.117006823e-14,3.980329583e-14,1.309559069e-13,9.634160185e-14,2.885307066e-13,1.643876455e-13,2.47904514e-13,4.960646545e-13,2.063358795e-13,3.159088538e-13,3.888296476e-14,3.082540617e-13,7.379107211e-14,2.766166993e-14,7.867596166e-14,9.062439151e-14,1.091774816e-13,9.147193019e-14,1.14978368e-13,4.942201037e-14,5.25270897e-13,1.171681724e-13,4.112906903e-13,6.307386413e-14
40.859375,8.298568832e-14,1.475413562e-13,2.932230031e-13,1.585779715e-13,8.095107229e-14,1.015363222e-13,8.469256577e-14,1.767364575e-13,6.181529562e-14,3.918914393e-14,1.328586546e-13,9.929306904e-14,2.904160766e-13,1.689098914e-13,2.504791271e-13,4.999076286e-13,2.108144461e-13,3.213933773e-13,3.959050065e-14,3.089154388e-13,7.440876331e-14,2.830702177e-14,7.89523501e-14,9.18058656e-14,1.107418023e-13,9.151417466e-14,1.165519909e-13,4.939388698e-14,5.371459568e-13,1.179005653e-13,4.218404458e-13,6.303792181e-14
40.8671875,8.443424754e-14,1.500420779e-13,3.012251426e-13,1.594422526e-13,8.277223573e-14,1.042130407e-13,8.561070949e-14,1.773759379e-13,6.253583518e-14,3.858525757e-14,1.347446996e-13,1.023425084e-13,2.923958491e-13,1.736688622e-13,2.531762132e-13,5.037677277e-13,2.153725518e-13,3.269049007e-13,4.034833447e-14,3.095387395e-13,7.505731544e-14,2.900401879e-14,7.917967746e-14,9.305493572e-14,1.122896284e-13,9.155983432e-14,1.182116711e-13,4.934504878e-14,5.490594946e-13,1.186820165e-13,4.326777515e-13,6.300555401e-14
40.875,8.60498648e-14,1.526074511e-13,3.095171682e-13,1.604809772e-13,8.46962524e-14,1.071118769e-13,8.659668819e-14,1.780786089e-13,6.328804482e-14,3.805598535e-14,1.366822755e-13,1.054910499e-13,2.946010527e-13,1.78762204e-13,2.560865658e-13,5.077943656e-13,2.201141768e-13,3.326308598e-13,4.113413325e-14,3.10357136e-13,7.567700034e-14,2.974788511e-14,7.942872329e-14,9.427386326e-14,1.138881634e-13,9.159723083e-14,1.199835204e-13,4.934614573e-14,5.611657368e-13,1.194584974e-13,4.438473014e-13,6.295679581e-14
40.8828125,8.767578227e-14,1.553022588e-13,3.180386198e-13,1.616515826e-13,8.662735721e-14,1.10004582e-13,8.760329494e-14,1.787570008e-13,6.395308378e-14,3.757086322e-14,1.387204865e-13,1.086657616e-13,2.968517742e-13,1.838759628e-13,2.590716658e-13,5.118588837e-13,2.249027909e-13,3.384019257e-13,4.19086672e-14,3.113687173e-13,7.621667964e-14,3.045918574e-14,7.968166619e-14,9.544106331e-14,1.155003693e-13,9.159458249e-14,1.217613213e-13,4.936214779e-14,5.733398973e-13,1.201436668e-13,4.551420739e-13,6.284810973e-14
40.890625,8.933232282e-14,1.582684364e-13,3.266316806e-13,1.630098816e-13,8.859045073e-14,1.128444002e-13,8.857777986e-14,1.794115928e-13,6.45901307e-14,3.710112328e-14,1.408769665e-13,1.118927618e-13,2.990680777e-13,1.889210518e-13,2.62095847e-13,5.160145279e-13,2.297583152e-13,3.441399579e-13,4.269160787e-14,3.12462668e-13,7.671785799e-14,3.115963047e-14,7.987778575e-14,9.669710113e-14,1.170762783e-13,9.156967249e-14,1.235604919e-13,4.940977945e-14,5.856827392e-13,1.207941359e-13,4.665309838e-13,6.271755242e-14
40.8984375,9.109299353e-14,1.612141249e-13,3.352692312e-13,1.645679157e-13,9.066381569e-14,1.158200356e-13,8.96047514e-14,1.80163616e-13,6.529619501e-14,3.66784448e-14,1.430500881e-13,1.15176547e-13,3.013773942e-13,1.940802545e-13,2.652562288e-13,5.204484524e-13,2.348287473e-13,3.500543192e-13,4.348533882e-14,3.136477036e-13,7.718195723e-14,3.191009402e-14,8.005587368e-14,9.808203782e-14,1.186950726e-13,9.153510794e-14,1.254670301e-13,4.953895303e-14,5.9837918e-13,1.214417435e-13,4.780989384e-13,6.261755878e-14
40.90625,9.291160398e-14,1.638779413e-13,3.440031159e-13,1.662249179e-13,9.276728217e-14,1.18951897e-13,9.071789903e-14,1.81019234e-13,6.602663497e-14,3.628465704e-14,1.451429702e-13,1.184419819e-13,3.037423539e-13,1.993101158e-13,2.685447135e-13,5.250809054e-13,2.400909301e-13,3.561559723e-13,4.426336751e-14,3.149415425e-13,7.759543527e-14,3.268126035e-14,8.026200332e-14,9.947945492e-14,1.203908618e-13,9.149609611e-14,1.273872505e-13,4.968534824e-14,6.111455592e-13,1.220449075e-13,4.897247207e-13,6.254509873e-14
40.9140625,9.478246715e-14,1.666820349e-13,3.529305759e-13,1.680015795e-13,9.482296089e-14,1.221410864e-13,9.182278133e-14,1.819072829e-13,6.676713243e-14,3.589299217e-14,1.473082955e-13,1.21736205e-13,3.060536358e-13,2.045783382e-13,2.719999498e-13,5.299079018e-13,2.455087766e-13,3.622625e-13,4.504227419e-14,3.165036248e-13,7.802769892e-14,3.345014848e-14,8.047821568e-14,1.008697652e-13,1.220635204e-13,9.150503074e-14,1.292500545e-13,4.98380991e-14,6.238294236e-13,1.226305977e-13,5.01327959e-13,6.250277183e-14
40.921875,9.665807029e-14,1.698145081e-13,3.620865772e-13,1.700101058e-13,9.691864547e-14,1.254017126e-13,9.293476042e-14,1.828185263e-13,6.754795832e-14,3.555029725e-14,1.496335973e-13,1.251234587e-13,3.084160295e-13,2.100035007e-13,2.757697679e-13,5.351453101e-13,2.511360146e-13,3.683887521e-13,4.585051909e-14,3.184436408e-13,7.846615989e-14,3.424091546e-14,8.071214795e-14,1.023302283e-13,1.237342085e-13,9.158181906e-14,1.312192395e-13,5.006233352e-14,6.368173284e-13,1.23202507e-13,5.130529676e-13,6.248646906e-14
40.9296875,9.849680021e-14,1.728877051e-13,3.713849063e-13,1.722277048e-13,9.913653546e-14,1.287845617e-13,9.414943524e-14,1.837624776e-13,6.832057955e-14,3.527993486e-14,1.519741779e-13,1.285325301e-13,3.109214533e-13,2.155465161e-13,2.798125907e-13,5.40712919e-13,2.569512725e-13,3.746560914e-13,4.669315218e-14,3.205009433e-13,7.880931308e-14,3.505256882e-14,8.095581843e-14,1.03862052e-13,1.255193353e-13,9.166032448e-14,1.333621213e-13,5.03444255e-14,6.50186569e-13,1.236999686e-13,5.250044084e-13,6.245087006e-14
40.9375,1.004855649e-13,1.759068349e-13,3.807754494e-13,1.744954475e-13,1.014738507e-13,1.322767288e-13,9.541166807e-14,1.847418767e-13,6.907896799e-14,3.503401827e-14,1.543807145e-13,1.319589906e-13,3.134754525e-13,2.21180185e-13,2.83928498e-13,5.46342351e-13,2.629136767e-13,3.810473852e-13,4.757478963e-14,3.225941591e-13,7.910587982e-14,3.588607284e-14,8.11382393e-14,1.054135745e-13,1.273409399e-13,9.168414685e-14,1.355223227e-13,5.0659518e-14,6.635426534e-13,1.241487639e-13,5.371028269e-13,6.238095182e-14
40.9453125,1.026853338e-13,1.79082942e-13,3.902484329e-13,1.767977261e-13,1.038854202e-13,1.358506088e-13,9.665076498e-14,1.857719857e-13,6.986708738e-14,3.478849409e-14,1.569548268e-13,1.354614995e-13,3.160395454e-13,2.269667986e-13,2.880865211e-13,5.520922245e-13,2.69060389e-13,3.874656293e-13,4.847915186e-14,3.249520789e-13,7.944998477e-14,3.674073178e-14,8.126477391e-14,1.069509308e-13,1.290837336e-13,9.166711349e-14,1.376708911e-13,5.101554146e-14,6.768434837e-13,1.245971185e-13,5.491825429e-13,6.230918446e-14
40.953125,1.048933791e-13,1.823273464e-13,3.998213957e-13,1.793525505e-13,1.062745775e-13,1.395261511e-13,9.793604797e-14,1.868496895e-13,7.064599346e-14,3.455891434e-14,1.59482874e-13,1.390035289e-13,3.18711106e-13,2.328410432e-13,2.924379308e-13,5.58163275e-13,2.75438111e-13,3.939145691e-13,4.938464512e-14,3.274876699e-13,7.978078583e-14,3.758014613e-14,8.141808758e-14,1.08477747e-13,1.308383749e-13,9.166758817e-14,1.39925827e-13,5.141538207e-14,6.903758694e-13,1.250115441e-13,5.612423075e-13,6.225290204e-14
40.9609375,1.071234088e-13,1.856492303e-13,4.096223218e-13,1.821871738e-13,1.086313074e-13,1.433136591e-13,9.929615169e-14,1.879534767e-13,7.140457722e-14,3.434370375e-14,1.618886113e-13,1.425801707e-13,3.215110891e-13,2.388475489e-13,2.970724999e-13,5.645513852e-13,2.820603168e-13,4.004961305e-13,5.030654533e-14,3.300818597e-13,8.006013464e-14,3.840746571e-14,8.159432237e-14,1.100371668e-13,1.326800059e-13,9.172245698e-14,1.422917186e-13,5.18688174e-14,7.041393332e-13,1.25389977e-13,5.735093267e-13,6.220674573e-14
40.96875,1.094565691e-13,1.890020852e-13,4.196744117e-13,1.851038475e-13,1.110515233e-13,1.471362996e-13,1.006810012e-13,1.890786372e-13,7.219237464e-14,3.415343056e-14,1.64407408e-13,1.462031901e-13,3.2432348e-13,2.451006444e-13,3.019251337e-13,5.711594701e-13,2.888500608e-13,4.071680753e-13,5.123849209e-14,3.329302213e-13,8.034104404e-14,3.925635796e-14,8.173273668e-14,1.116338754e-13,1.345373139e-13,9.178607192e-14,1.44685668e-13,5.236452641e-14,7.179235875e-13,1.257804862e-13,5.85979031e-13,6.21608661e-14
40.9765625,1.117704106e-13,1.922283155e-13,4.298297816e-13,1.881825198e-13,1.135160909e-13,1.509854066e-13,1.02091019e-13,1.902533108e-13,7.297208471e-14,3.402032824e-14,1.670924351e-13,1.497830402e-13,3.271062971e-13,2.514236354e-13,3.069208612e-13,5.779327313e-13,2.956953038e-13,4.13792116e-13,5.215248043e-14,3.36015063e-13,8.058776776e-14,4.010956452e-14,8.183273871e-14,1.132352288e-13,1.363684078e-13,9.179650777e-14,1.47059805e-13,5.291817463e-14,7.316841619e-13,1.2617286e-13,5.983389476e-13,6.210019375e-14
40.984375,1.141990181e-13,1.95558381e-13,4.400711166e-13,1.915304113e-13,1.159914949e-13,1.549981495e-13,1.035205598e-13,1.915236797e-13,7.371004642e-14,3.39182304e-14,1.698416405e-13,1.533227351e-13,3.299987917e-13,2.577365669e-13,3.120843641e-13,5.84885061e-13,3.026689448e-13,4.204972959e-13,5.308486731e-14,3.391659586e-13,8.075209415e-14,4.095896933e-14,8.192303554e-14,1.148581918e-13,1.381879915e-13,9.176192719e-14,1.494375407e-13,5.355538939e-14,7.454788924e-13,1.265017138e-13,6.105949631e-13,6.201113916e-14
40.9921875,1.169664444e-13,1.990956076e-13,4.504745364e-13,1.949669071e-13,1.185710461e-13,1.592112676e-13,1.049638845e-13,1.928817881e-13,7.445344156e-14,3.380266599e-14,1.726523448e-13,1.569314275e-13,3.330966971e-13,2.642354102e-13,3.174667995e-13,5.921177526e-13,3.099211921e-13,4.274687836e-13,5.407211711e-14,3.424242241e-13,8.089782172e-14,4.182771894e-14,8.201794441e-14,1.165018143e-13,1.400199708e-13,9.171330077e-14,1.51911579e-13,5.418050599e-14,7.593231942e-13,1.267399374e-13,6.230541165e-13,6.189319012e-14
41,1.197900966e-13,2.025557709e-13,4.610659894e-13,1.985706696e-13,1.21197238e-13,1.635300555e-13,1.064941498e-13,1.942456425e-13,7.518653024e-14,3.371042987e-14,1.75476196e-13,1.605959511e-13,3.362918521e-13,2.70844837e-13,3.230748201e-13,5.996381978e-13,3.173573904e-13,4.345123088e-13,5.507438849e-14,3.457432398e-13,8.105739112e-14,4.269363301e-14,8.212143593e-14,1.181301642e-13,1.419011754e-13,9.167430248e-14,1.544978806e-13,5.477190526e-14,7.733279851e-13,1.269576823e-13,6.357148635e-13,6.177143956e-14
41.0078125,1.223816299e-13,2.060151144e-13,4.718549154e-13,2.025021524e-13,1.236954477e-13,1.67889599e-13,1.081147808e-13,1.955919415e-13,7.586494679e-14,3.367470254e-14,1.782221119e-13,1.642485641e-13,3.394267845e-13,2.773572242e-13,3.28866515e-13,6.072766097e-13,3.24773078e-13,4.413870545e-13,5.605510546e-14,3.490859058e-13,8.1187149e-14,4.352511832e-14,8.221130664e-14,1.197997613e-13,1.437998413e-13,9.166707019e-14,1.570856082e-13,5.547421157e-14,7.875768246e-13,1.272066181e-13,6.482849435e-13,6.167888516e-14
41.015625,1.249059323e-13,2.096204557e-13,4.826969293e-13,2.06422332e-13,1.26121482e-13,1.722031871e-13,1.097285012e-13,1.9699672e-13,7.65155361e-14,3.366341763e-14,1.809190772e-13,1.678723444e-13,3.424442064e-13,2.838481278e-13,3.348085133e-13,6.150054628e-13,3.32190741e-13,4.481584189e-13,5.701031809e-14,3.527163809e-13,8.128314954e-14,4.432574288e-14,8.22630777e-14,1.215513069e-13,1.456468666e-13,9.166531282e-14,1.596506636e-13,5.623557836e-14,8.017576377e-13,1.273871463e-13,6.605829922e-13,6.160792504e-14
41.0234375,1.275277384e-13,2.132048059e-13,4.934821764e-13,2.1020172e-13,1.286111479e-13,1.764936646e-13,1.113377507e-13,1.984724296e-13,7.715707979e-14,3.367424563e-14,1.836700409e-13,1.714791224e-13,3.454376667e-13,2.904273085e-13,3.409731151e-13,6.23012082e-13,3.397886717e-13,4.549498702e-13,5.796152363e-14,3.567016255e-13,8.136625421e-14,4.511354332e-14,8.229276068e-14,1.232889174e-13,1.474650486e-13,9.163655698e-14,1.622980204e-13,5.689092057e-14,8.156076775e-13,1.274223494e-13,6.727554238e-13,6.152288965e-14
41.03125,1.302971631e-13,2.168994997e-13,5.044224964e-13,2.142376643e-13,1.311648627e-13,1.810068236e-13,1.129996886e-13,1.999644649e-13,7.78006973e-14,3.371694156e-14,1.865153843e-13,1.751587239e-13,3.485940579e-13,2.971544582e-13,3.474382959e-13,6.313688639e-13,3.476700026e-13,4.618426617e-13,5.897906343e-14,3.607732993e-13,8.144202163e-14,4.593609193e-14,8.233462289e-14,1.250012035e-13,1.493037436e-13,9.16194704e-14,1.650775941e-13,5.753141175e-14,8.295391629e-13,1.273993994e-13,6.851499526e-13,6.141972171e-14
41.0390625,1.33213999e-13,2.208269092e-13,5.155756804e-13,2.185824649e-13,1.337443742e-13,1.857745724e-13,1.146927163e-13,2.01499792e-13,7.845989644e-14,3.376162599e-14,1.893572301e-13,1.789326546e-13,3.51913134e-13,3.040448261e-13,3.54170883e-13,6.40104892e-13,3.558504439e-13,4.688878493e-13,6.006335837e-14,3.649303676e-13,8.152316659e-14,4.680379151e-14,8.240027339e-14,1.267933642e-13,1.511635413e-13,9.166396631e-14,1.679589097e-13,5.827376912e-14,8.438755481e-13,1.273738408e-13,6.977411723e-13,6.132632556e-14
41.046875,1.360780071e-13,2.246232015e-13,5.266971088e-13,2.229903618e-13,1.362590983e-13,1.905345758e-13,1.164135339e-13,2.030961127e-13,7.907424946e-14,3.382985991e-14,1.921096305e-13,1.826422518e-13,3.551662002e-13,3.108580224e-13,3.611441475e-13,6.493176032e-13,3.642661736e-13,4.759598996e-13,6.110399757e-14,3.693946231e-13,8.16031635e-14,4.763703471e-14,8.24682517e-14,1.286297739e-13,1.530473275e-13,9.176994734e-14,1.708906713e-13,5.908147016e-14,8.581303818e-13,1.273184001e-13,7.100895978e-13,6.126207586e-14
41.0546875,1.388344541e-13,2.281557126e-13,5.377873524e-13,2.274855163e-13,1.386738265e-13,1.952501843e-13,1.181895677e-13,2.046923481e-13,7.961940992e-14,3.397016633e-14,1.948401342e-13,1.862369075e-13,3.582677162e-13,3.174673134e-13,3.682639785e-13,6.587446127e-13,3.727153289e-13,4.82930352e-13,6.208547702e-14,3.741098328e-13,8.165611716e-14,4.841530969e-14,8.251206474e-14,1.304184809e-13,1.549364058e-13,9.188790686e-14,1.738008042e-13,5.995711686e-14,8.719502724e-13,1.272583842e-13,7.220907668e-13,6.121777769e-14
41.0625,1.416911696e-13,2.31673456e-13,5.489349962e-13,2.321078926e-13,1.411324031e-13,2.000341617e-13,1.19982497e-13,2.063387648e-13,8.016876938e-14,3.414414839e-14,1.975720402e-13,1.898174845e-13,3.613319417e-13,3.240978929e-13,3.752883781e-13,6.679473184e-13,3.810545446e-13,4.898547285e-13,6.308766606e-14,3.788501585e-13,8.16735859e-14,4.920355463e-14,8.254374046e-14,1.322137902e-13,1.567882973e-13,9.195036442e-14,1.766817613e-13,6.088571709e-14,8.857117603e-13,1.271982235e-13,7.339765472e-13,6.116787855e-14
41.0703125,1.446616304e-13,2.353086326e-13,5.600088576e-13,2.367459544e-13,1.436556553e-13,2.047935473e-13,1.21751825e-13,2.081246521e-13,8.071614856e-14,3.430457461e-14,2.002458648e-13,1.933665376e-13,3.644050499e-13,3.307995783e-13,3.822015108e-13,6.77078205e-13,3.894543756e-13,4.968010577e-13,6.410222878e-14,3.83530799e-13,8.163815789e-14,4.999758424e-14,8.258460663e-14,1.340613342e-13,1.586171096e-13,9.19696935e-14,1.796263223e-13,6.181008547e-14,8.996485497e-13,1.270865886e-13,7.457803168e-13,6.110513503e-14
41.078125,1.476721651e-13,2.390749777e-13,5.709550342e-13,2.41339175e-13,1.461350508e-13,2.094757235e-13,1.235112434e-13,2.099631715e-13,8.120474833e-14,3.448144274e-14,2.028994103e-13,1.968217469e-13,3.6748526e-13,3.374319756e-13,3.892264652e-13,6.865399852e-13,3.981245861e-13,5.038081184e-13,6.510189129e-14,3.882092699e-13,8.153153672e-14,5.076661618e-14,8.261600663e-14,1.359138022e-13,1.604580925e-13,9.200509639e-14,1.826590851e-13,6.275687052e-14,9.135011243e-13,1.269260013e-13,7.574823426e-13,6.10414586e-14
41.0859375,1.507153036e-13,2.427895221e-13,5.817854923e-13,2.459768922e-13,1.486251029e-13,2.141894938e-13,1.252752926e-13,2.117960326e-13,8.165612133e-14,3.470798625e-14,2.055678189e-13,2.001972236e-13,3.705950814e-13,3.439782268e-13,3.963854178e-13,6.962783546e-13,4.069470037e-13,5.108662498e-13,6.611186267e-14,3.930389387e-13,8.139195794e-14,5.152473823e-14,8.262979525e-14,1.377633139e-13,1.623048335e-13,9.203194985e-14,1.856950956e-13,6.373735032e-14,9.271294696e-13,1.267270555e-13,7.690306468e-13,6.097866657e-14
41.09375,1.536096557e-13,2.461987682e-13,5.925340057e-13,2.508838524e-13,1.51121425e-13,2.189550646e-13,1.270478373e-13,2.1369963e-13,8.206691797e-14,3.497639187e-14,2.08255121e-13,2.034974937e-13,3.736601807e-13,3.503671537e-13,4.036204838e-13,7.060776123e-13,4.156996774e-13,5.177912488e-13,6.710859364e-14,3.981091708e-13,8.127825036e-14,5.225144739e-14,8.265557835e-14,1.396036089e-13,1.641312662e-13,9.203407284e-14,1.887247515e-13,6.474227407e-14,9.406249387e-13,1.264835618e-13,7.801547693e-13,6.091615274e-14
41.1015625,1.563311381e-13,2.493778642e-13,6.033087504e-13,2.560483535e-13,1.535444797e-13,2.237224562e-13,1.28824933e-13,2.156559081e-13,8.243358509e-14,3.526426755e-14,2.109620228e-13,2.067491484e-13,3.765543549e-13,3.565996162e-13,4.109510834e-13,7.157473842e-13,4.24268817e-13,5.244224707e-13,6.806322709e-14,4.033101492e-13,8.120600679e-14,5.294250179e-14,8.269163151e-14,1.414091682e-13,1.658893408e-13,9.205539698e-14,1.91800554e-13,6.579619399e-14,9.53866873e-13,1.262316705e-13,7.908270762e-13,6.085500911e-14
41.109375,1.591322975e-13,2.524398794e-13,6.138286453e-13,2.611753164e-13,1.560614114e-13,2.284540465e-13,1.305890873e-13,2.176515982e-13,8.284737452e-14,3.555577871e-14,2.134818894e-13,2.099586066e-13,3.792647611e-13,3.628401171e-13,4.182334844e-13,7.250530099e-13,4.325409571e-13,5.307702663e-13,6.900388517e-14,4.086321109e-13,8.116289292e-14,5.364928333e-14,8.270939872e-14,1.432551721e-13,1.675327122e-13,9.204159011e-14,1.948722225e-13,6.684603977e-14,9.665033992e-13,1.259608963e-13,8.012628525e-13,6.077848669e-14
41.1171875,1.620219209e-13,2.554348473e-13,6.237540859e-13,2.66283819e-13,1.587001916e-13,2.331384992e-13,1.323354345e-13,2.197804925e-13,8.330474196e-14,3.586618061e-14,2.157082758e-13,2.130483714e-13,3.818906622e-13,3.689878919e-13,4.254496398e-13,7.342504651e-13,4.406536774e-13,5.36928233e-13,6.994599919e-14,4.141939818e-13,8.113256544e-14,5.434895684e-14,8.271383846e-14,1.451853282e-13,1.690858763e-13,9.193114815e-14,1.978917519e-13,6.789250903e-14,9.785165941e-13,1.256252604e-13,8.113544337e-13,6.067722294e-14
41.125,1.649775427e-13,2.586498208e-13,6.335622882e-13,2.715331513e-13,1.611844626e-13,2.378923112e-13,1.34070783e-13,2.21975003e-13,8.368849655e-14,3.622342803e-14,2.180034635e-13,2.160588545e-13,3.845400661e-13,3.749647903e-13,4.329193007e-13,7.439391233e-13,4.490790324e-13,5.43180408e-13,7.090489708e-14,4.198070818e-13,8.109412187e-14,5.500054592e-14,8.271848331e-14,1.470638758e-13,1.706176825e-13,9.181906821e-14,2.009380885e-13,6.904068825e-14,9.904116027e-13,1.252769519e-13,8.210707444e-13,6.056667664e-14
41.1328125,1.681481986e-13,2.621328538e-13,6.437549954e-13,2.767638658e-13,1.635701501e-13,2.427866902e-13,1.358039074e-13,2.241256856e-13,8.400937257e-14,3.661406789e-14,2.205578545e-13,2.19106188e-13,3.872343265e-13,3.810955769e-13,4.407267131e-13,7.541261132e-13,4.579212016e-13,5.497769494e-13,7.188906985e-14,4.253022083e-13,8.102913357e-14,5.5658778e-14,8.271717292e-14,1.488342824e-13,1.721727185e-13,9.178247121e-14,2.040702208e-13,7.023390049e-14,1.002535497e-12,1.249525196e-13,8.307856139e-13,6.04556872e-14
41.140625,1.713742771e-13,2.65523628e-13,6.540049404e-13,2.820170295e-13,1.660958379e-13,2.476916471e-13,1.375595758e-13,2.263637821e-13,8.433034751e-14,3.699616241e-14,2.230575348e-13,2.221171445e-13,3.899004286e-13,3.874524714e-13,4.486911142e-13,7.644465627e-13,4.667831756e-13,5.564768788e-13,7.28519058e-14,4.309682647e-13,8.093207974e-14,5.633671667e-14,8.270471938e-14,1.506535929e-13,1.73756098e-13,9.179244378e-14,2.072748668e-13,7.141273923e-14,1.014676986e-12,1.245790621e-13,8.405397956e-13,6.035167443e-14
41.1484375,1.744952295e-13,2.687527566e-13,6.639938969e-13,2.876199787e-13,1.686388499e-13,2.52574982e-13,1.393424568e-13,2.287501794e-13,8.461479216e-14,3.73626708e-14,2.253483541e-13,2.249941555e-13,3.924630382e-13,3.937407918e-13,4.568360103e-13,7.748576352e-13,4.755349295e-13,5.629454418e-13,7.37974823e-14,4.369375215e-13,8.082104278e-14,5.69782959e-14,8.267763187e-14,1.525804844e-13,1.753224277e-13,9.183427106e-14,2.105349255e-13,7.271577832e-14,1.026498762e-12,1.241411119e-13,8.499827387e-13,6.02654961e-14
41.15625,1.776639167e-13,2.71965329e-13,6.737658321e-13,2.934803473e-13,1.711068872e-13,2.575037515e-13,1.410937182e-13,2.311178899e-13,8.485516844e-14,3.775158677e-14,2.27559067e-13,2.277975322e-13,3.94883303e-13,3.998673126e-13,4.651179591e-13,7.853248034e-13,4.843054245e-13,5.692310846e-13,7.477448359e-14,4.430344013e-13,8.072409361e-14,5.759433307e-14,8.264246899e-14,1.544805863e-13,1.767994255e-13,9.188550242e-14,2.137618275e-13,7.412749001e-14,1.037842254e-12,1.237095758e-13,8.590186623e-13,6.017303617e-14
41.1640625,1.807808419e-13,2.750290989e-13,6.832928399e-13,2.991967279e-13,1.736156226e-13,2.623427889e-13,1.427580592e-13,2.334323181e-13,8.508798302e-14,3.819075652e-14,2.297330256e-13,2.305535371e-13,3.971526286e-13,4.057763362e-13,4.732731553e-13,7.956199009e-13,4.929577843e-13,5.754029491e-13,7.574295242e-14,4.493064241e-13,8.064460089e-14,5.820238565e-14,8.261804754e-14,1.563210893e-13,1.781775183e-13,9.192417659e-14,2.168711541e-13,7.547684927e-14,1.048739112e-12,1.233070396e-13,8.676975713e-13,6.00488152e-14
41.171875,1.837601501e-13,2.778349991e-13,6.926363343e-13,3.046637198e-13,1.760682897e-13,2.670314344e-13,1.443760741e-13,2.358092507e-13,8.529967678e-14,3.866278441e-14,2.318668682e-13,2.332151834e-13,3.993203491e-13,4.114165864e-13,4.813474777e-13,8.057858426e-13,5.014475273e-13,5.814156655e-13,7.668857659e-14,4.556879168e-13,8.057293639e-14,5.877213108e-14,8.259480256e-14,1.582111538e-13,1.795279038e-13,9.199888863e-14,2.199693727e-13,7.680801353e-14,1.059370929e-12,1.22903835e-13,8.760075805e-13,5.992278207e-14
41.1796875,1.869063797e-13,2.805736824e-13,7.018345205e-13,3.101758975e-13,1.783106026e-13,2.717903292e-13,1.460193268e-13,2.382610307e-13,8.548531755e-14,3.913100772e-14,2.338974946e-13,2.357729311e-13,4.014377938e-13,4.169994019e-13,4.896588042e-13,8.161434738e-13,5.100806638e-13,5.873357214e-13,7.767830413e-14,4.618855578e-13,8.051315982e-14,5.930731564e-14,8.255263521e-14,1.601471414e-13,1.808864619e-13,9.213543619e-14,2.232012051e-13,7.824625132e-14,1.069785038e-12,1.224762802e-13,8.840139571e-13,5.982165808e-14
41.1875,1.901638915e-13,2.83396509e-13,7.106723773e-13,3.160421032e-13,1.804106815e-13,2.766488845e-13,1.476602769e-13,2.407448476e-13,8.564664331e-14,3.957855139e-14,2.357178115e-13,2.38220985e-13,4.034609133e-13,4.22540141e-13,4.982009045e-13,8.267411427e-13,5.188815715e-13,5.931650843e-13,7.867754233e-14,4.679896811e-13,8.046289072e-14,5.980860215e-14,8.250701257e-14,1.62025111e-13,1.821958011e-13,9.230385198e-14,2.265230185e-13,7.978093195e-14,1.079880408e-12,1.220334283e-13,8.91701559e-13,5.972366124e-14
41.1953125,1.932474454e-13,2.860806642e-13,7.191020109e-13,3.220141826e-13,1.824798107e-13,2.81359316e-13,1.492276545e-13,2.432714813e-13,8.576554859e-14,4.002901144e-14,2.373902512e-13,2.405478792e-13,4.053196935e-13,4.278060564e-13,5.065973314e-13,8.371529711e-13,5.274849429e-13,5.987904218e-13,7.961393516e-14,4.74174664e-13,8.040778244e-14,6.025494273e-14,8.246644422e-14,1.638815595e-13,1.834182724e-13,9.247473014e-14,2.29776153e-13,8.134817192e-14,1.089615726e-12,1.21607256e-13,8.989586558e-13,5.961777206e-14
41.203125,1.963407839e-13,2.883537252e-13,7.271609385e-13,3.275867185e-13,1.84576924e-13,2.858381128e-13,1.507261667e-13,2.4585253e-13,8.58756833e-14,4.052639241e-14,2.389760713e-13,2.42738028e-13,4.070188072e-13,4.328388432e-13,5.146072883e-13,8.470441188e-13,5.357651225e-13,6.041871465e-13,8.052019356e-14,4.80357411e-13,8.034455895e-14,6.067847193e-14,8.242082794e-14,1.658418329e-13,1.845867778e-13,9.260657551e-14,2.32846915e-13,8.290022982e-14,1.098812537e-12,1.212055459e-13,9.057802379e-13,5.951702165e-14
41.2109375,1.995328186e-13,2.904597974e-13,7.347316001e-13,3.329592197e-13,1.866821031e-13,2.901840706e-13,1.52172503e-13,2.484451158e-13,8.598881018e-14,4.10663143e-14,2.404260859e-13,2.447786576e-13,4.085535671e-13,4.377133147e-13,5.22423363e-13,8.566580732e-13,5.439192833e-13,6.09374233e-13,8.14125416e-14,4.865989401e-13,8.027127466e-14,6.109502542e-14,8.239087938e-14,1.678618578e-13,1.856921967e-13,9.271819976e-14,2.357703986e-13,8.450115503e-14,1.107314968e-12,1.208299227e-13,9.121538077e-13,5.941138456e-14
41.21875,2.026609141e-13,2.927406291e-13,7.419558132e-13,3.386809767e-13,1.88730385e-13,2.944830331e-13,1.535326426e-13,2.510087674e-13,8.604228742e-14,4.159061482e-14,2.418172682e-13,2.467354819e-13,4.098647239e-13,4.423955011e-13,5.302963541e-13,8.662436572e-13,5.52075894e-13,6.143947909e-13,8.228152379e-14,4.928800471e-13,8.018426052e-14,6.147061296e-14,8.237972056e-14,1.69790285e-13,1.866790848e-13,9.287322906e-14,2.386913728e-13,8.625437445e-14,1.115368038e-12,1.204826758e-13,9.180731117e-13,5.927482508e-14
41.2265625,2.058144958e-13,2.949353078e-13,7.490108655e-13,3.44625316e-13,1.907749282e-13,2.987823479e-13,1.548017487e-13,2.535774597e-13,8.604707881e-14,4.207382567e-14,2.431968407e-13,2.486231001e-13,4.109711261e-13,4.469990469e-13,5.380780488e-13,8.754987427e-13,5.601035408e-13,6.192343625e-13,8.316362616e-14,4.989772448e-13,8.009575741e-14,6.182325106e-14,8.234223363e-14,1.716202246e-13,1.875529596e-13,9.300403547e-14,2.41660403e-13,8.805602567e-14,1.123064541e-12,1.201073765e-13,9.236075591e-13,5.909371548e-14
41.234375,2.089147582e-13,2.967465045e-13,7.557021528e-13,3.50378257e-13,1.928219607e-13,3.030175918e-13,1.560109917e-13,2.561405318e-13,8.605176121e-14,4.253391319e-14,2.444291687e-13,2.503042969e-13,4.119374416e-13,4.514110693e-13,5.455195188e-13,8.841242116e-13,5.676662468e-13,6.236435105e-13,8.402553119e-14,5.049405333e-13,8.001950924e-14,6.216733792e-14,8.228062295e-14,1.734456956e-13,1.883327809e-13,9.302993346e-14,2.445902902e-13,8.977339233e-14,1.130111124e-12,1.196652737e-13,9.286703696e-13,5.886426419e-14
41.2421875,2.1177065e-13,2.984360108e-13,7.62045723e-13,3.56035603e-13,1.94758044e-13,3.071539792e-13,1.571590413e-13,2.586274291e-13,8.603218826e-14,4.296918437e-14,2.455134113e-13,2.517960408e-13,4.12729751e-13,4.554013288e-13,5.527042625e-13,8.922684615e-13,5.746373028e-13,6.275361677e-13,8.481632535e-14,5.10867573e-13,7.997434798e-14,6.246522006e-14,8.223624689e-14,1.753015667e-13,1.889715788e-13,9.302095961e-14,2.473954874e-13,9.149601183e-14,1.136536042e-12,1.192078159e-13,9.33225765e-13,5.859211975e-14
41.25,2.147001444e-13,3.002347318e-13,7.682708047e-13,3.617889576e-13,1.96668308e-13,3.113491728e-13,1.582309944e-13,2.611652807e-13,8.60081645e-14,4.337635223e-14,2.465686047e-13,2.532901289e-13,4.133489107e-13,4.592573564e-13,5.5988694e-13,9.002890785e-13,5.814231961e-13,6.312780293e-13,8.561721749e-14,5.16774309e-13,7.998707515e-14,6.274464355e-14,8.218783237e-14,1.771766972e-13,1.894548606e-13,9.301158154e-14,2.500871077e-13,9.327696318e-14,1.14254779e-12,1.187443256e-13,9.375091653e-13,5.83048309e-14
41.2578125,2.178786846e-13,3.019489443e-13,7.741396541e-13,3.673584672e-13,1.986432845e-13,3.15574916e-13,1.59248503e-13,2.639124079e-13,8.600243193e-14,4.378923118e-14,2.475315295e-13,2.547152924e-13,4.138873063e-13,4.63200582e-13,5.672394699e-13,9.085202884e-13,5.884146773e-13,6.350836503e-13,8.648196527e-14,5.227616362e-13,8.002517016e-14,6.303797237e-14,8.210333349e-14,1.790149094e-13,1.89881401e-13,9.297925485e-14,2.528155292e-13,9.50177159e-14,1.148053629e-12,1.182361226e-13,9.414622394e-13,5.804588302e-14
41.265625,2.209557263e-13,3.03378402e-13,7.793670392e-13,3.7254658e-13,2.004799974e-13,3.195323706e-13,1.602434848e-13,2.666756988e-13,8.592049542e-14,4.422909001e-14,2.48275872e-13,2.558660246e-13,4.142832203e-13,4.668871607e-13,5.746952331e-13,9.168461499e-13,5.953501216e-13,6.387587077e-13,8.733208229e-14,5.285332511e-13,8.003157686e-14,6.327605398e-14,8.201669403e-14,1.807537025e-13,1.903325961e-13,9.299150319e-14,2.556734254e-13,9.673916674e-14,1.153067308e-12,1.177370095e-13,9.447581987e-13,5.782078031e-14
41.2734375,2.238390915e-13,3.046264648e-13,7.841844018e-13,3.777867144e-13,2.02148003e-13,3.232366224e-13,1.611757694e-13,2.692637103e-13,8.576426043e-14,4.46745066e-14,2.48851825e-13,2.568728694e-13,4.14439523e-13,4.701863838e-13,5.819297884e-13,9.246513838e-13,6.017609137e-13,6.422044563e-13,8.812886935e-14,5.338705322e-13,8.005812113e-14,6.344310043e-14,8.196268881e-14,1.824768316e-13,1.907325421e-13,9.305915557e-14,2.584834959e-13,9.858130738e-14,1.157736066e-12,1.173085697e-13,9.47552385e-13,5.756682792e-14
41.28125,2.266813319e-13,3.058587575e-13,7.888349551e-13,3.833402103e-13,2.039207112e-13,3.269594222e-13,1.619706068e-13,2.71812797e-13,8.566324639e-14,4.51123669e-14,2.493906783e-13,2.579298589e-13,4.145248516e-13,4.733371504e-13,5.888190781e-13,9.317514241e-13,6.076971728e-13,6.455237695e-13,8.89170253e-14,5.393455095e-13,8.015413428e-14,6.361184236e-14,8.19405911e-14,1.842874701e-13,1.909872816e-13,9.310170712e-14,2.611380687e-13,1.005529142e-13,1.161969485e-12,1.169096382e-13,9.501659197e-13,5.724791625e-14
41.2890625,2.294545706e-13,3.069366449e-13,7.932379241e-13,3.887322901e-13,2.058421925e-13,3.306664747e-13,1.626734737e-13,2.74360374e-13,8.557617833e-14,4.555296724e-14,2.49870539e-13,2.588902368e-13,4.146712622e-13,4.764073671e-13,5.955963634e-13,9.385232151e-13,6.134952148e-13,6.48758504e-13,8.972508922e-14,5.45021591e-13,8.019964182e-14,6.377331788e-14,8.194199401e-14,1.860671691e-13,1.911762059e-13,9.313881202e-14,2.638167477e-13,1.025357389e-13,1.165668414e-12,1.165047902e-13,9.524621797e-13,5.692357823e-14
41.296875,2.321616344e-13,3.07704068e-13,7.973009735e-13,3.937634862e-13,2.077609387e-13,3.342237644e-13,1.633692641e-13,2.767856962e-13,8.538339314e-14,4.59963785e-14,2.501779071e-13,2.59601482e-13,4.147130444e-13,4.793664301e-13,6.023255785e-13,9.450456487e-13,6.191912891e-13,6.518573884e-13,9.054284009e-14,5.502227074e-13,8.012156254e-14,6.388640475e-14,8.193235509e-14,1.876927539e-13,1.913783886e-13,9.320733063e-14,2.665445611e-13,1.045149275e-13,1.168798368e-12,1.161136915e-13,9.542638203e-13,5.663774832e-14
41.3046875,2.348138939e-13,3.083871657e-13,8.010161665e-13,3.988563866e-13,2.096347153e-13,3.377071951e-13,1.639892901e-13,2.791872524e-13,8.513756218e-14,4.644601399e-14,2.503782321e-13,2.601601896e-13,4.145374243e-13,4.821394651e-13,6.088660979e-13,9.512270621e-13,6.246126747e-13,6.547049409e-13,9.133606432e-14,5.551615054e-13,8.006638428e-14,6.398089557e-14,8.187040477e-14,1.892702781e-13,1.914861515e-13,9.325698678e-14,2.691536016e-13,1.065919072e-13,1.171320514e-12,1.157443412e-13,9.55575246e-13,5.63488769e-14
41.3125,2.373569513e-13,3.091262014e-13,8.042746127e-13,4.040490403e-13,2.113891567e-13,3.410797204e-13,1.644519246e-13,2.816741943e-13,8.49060815e-14,4.691753492e-14,2.505661574e-13,2.606102853e-13,4.141905029e-13,4.845235749e-13,6.151965899e-13,9.571355531e-13,6.296884862e-13,6.571845377e-13,9.208682055e-14,5.602672209e-13,8.013390467e-14,6.405429677e-14,8.176862476e-14,1.908871481e-13,1.914228379e-13,9.328289012e-14,2.717021686e-13,1.087597923e-13,1.173389338e-12,1.154013793e-13,9.562676078e-13,5.602840145e-14
41.3203125,2.398453318e-13,3.09757037e-13,8.06889874e-13,4.090625102e-13,2.129610124e-13,3.441738334e-13,1.648027022e-13,2.841393542e-13,8.466660053e-14,4.739620013e-14,2.50591004e-13,2.60882435e-13,4.136392359e-13,4.864873463e-13,6.212613176e-13,9.626280568e-13,6.343741798e-13,6.593058555e-13,9.280625754e-14,5.650617252e-13,8.024285297e-14,6.406167482e-14,8.165886244e-14,1.924670775e-13,1.912548372e-13,9.332191944e-14,2.742983635e-13,1.109457841e-13,1.175030367e-12,1.150957628e-13,9.562489724e-13,5.569717584e-14
41.328125,2.422803663e-13,3.102440996e-13,8.088316414e-13,4.139600505e-13,2.145130506e-13,3.470356951e-13,1.65066395e-13,2.865261978e-13,8.443323476e-14,4.785618976e-14,2.503400385e-13,2.609968717e-13,4.128703526e-13,4.881932225e-13,6.270405787e-13,9.676521156e-13,6.386464008e-13,6.612020844e-13,9.348289462e-14,5.694908434e-13,8.032886798e-14,6.402179519e-14,8.153622623e-14,1.939761658e-13,1.91002269e-13,9.336448136e-14,2.76840401e-13,1.131836898e-13,1.175971359e-12,1.148029889e-13,9.556256985e-13,5.536908383e-14
41.3359375,2.446068063e-13,3.104859438e-13,8.102090216e-13,4.18717118e-13,2.161800832e-13,3.497696115e-13,1.652320626e-13,2.888473188e-13,8.421112325e-14,4.831146121e-14,2.499053824e-13,2.609665351e-13,4.119588882e-13,4.89702178e-13,6.326883117e-13,9.724035163e-13,6.425842935e-13,6.63008066e-13,9.41106798e-14,5.74008227e-13,8.037708135e-14,6.396880716e-14,8.138778703e-14,1.954659194e-13,1.906570513e-13,9.34003195e-14,2.792615442e-13,1.154574846e-13,1.176210626e-12,1.144863726e-13,9.544688177e-13,5.505355291e-14
41.34375,2.469089995e-13,3.102780692e-13,8.110370395e-13,4.23124925e-13,2.178320108e-13,3.52278891e-13,1.653225309e-13,2.910377742e-13,8.394686509e-14,4.87721149e-14,2.493046153e-13,2.607256154e-13,4.108669495e-13,4.909549065e-13,6.380707506e-13,9.765936436e-13,6.46138946e-13,6.647002153e-13,9.472871417e-14,5.782444152e-13,8.036412078e-14,6.38815256e-14,8.12258232e-14,1.969367403e-13,1.902650644e-13,9.343947836e-14,2.815898799e-13,1.176964029e-13,1.175904477e-12,1.141722598e-13,9.528122587e-13,5.475431797e-14
41.3515625,2.491921737e-13,3.099235723e-13,8.113440233e-13,4.274069018e-13,2.19367212e-13,3.545139478e-13,1.653204812e-13,2.930797169e-13,8.362485214e-14,4.921415111e-14,2.485408743e-13,2.602888281e-13,4.095313304e-13,4.91920528e-13,6.429792562e-13,9.799747775e-13,6.492147334e-13,6.661429011e-13,9.535443717e-14,5.818555289e-13,8.034471784e-14,6.37441591e-14,8.107682943e-14,1.983249321e-13,1.898107487e-13,9.34945115e-14,2.838391587e-13,1.200291814e-13,1.174943568e-12,1.139344492e-13,9.507147399e-13,5.444044998e-14
41.359375,2.513893998e-13,3.098361554e-13,8.113202752e-13,4.31932285e-13,2.209325083e-13,3.566766145e-13,1.652141307e-13,2.950232862e-13,8.326296097e-14,4.963110839e-14,2.477400742e-13,2.597241563e-13,4.080463039e-13,4.927323465e-13,6.478030989e-13,9.831431021e-13,6.520322499e-13,6.673728774e-13,9.597925225e-14,5.853741936e-13,8.039582337e-14,6.358439439e-14,8.094882048e-14,1.99585232e-13,1.892489421e-13,9.356237673e-14,2.860582005e-13,1.225702348e-13,1.173301906e-12,1.137743113e-13,9.481939537e-13,5.408106286e-14
41.3671875,2.535518543e-13,3.098588651e-13,8.110005166e-13,4.365347799e-13,2.226278089e-13,3.58874928e-13,1.650204423e-13,2.969066377e-13,8.288199135e-14,5.004349832e-14,2.469109831e-13,2.590467992e-13,4.064896725e-13,4.934987852e-13,6.527682051e-13,9.863034152e-13,6.54695456e-13,6.684842397e-13,9.661216014e-14,5.890310088e-13,8.049155495e-14,6.342137536e-14,8.081087883e-14,2.00766873e-13,1.885934662e-13,9.359709893e-14,2.882093105e-13,1.251528111e-13,1.171074561e-12,1.136082281e-13,9.452798848e-13,5.368100115e-14
41.375,2.55623842e-13,3.096844275e-13,8.101343878e-13,4.407053049e-13,2.243117884e-13,3.60816721e-13,1.646806723e-13,2.987719837e-13,8.251905687e-14,5.047237773e-14,2.459222897e-13,2.582599133e-13,4.047872962e-13,4.940026635e-13,6.572597557e-13,9.887174245e-13,6.568013364e-13,6.693145067e-13,9.723332202e-14,5.924045113e-13,8.060299815e-14,6.32293802e-14,8.064276159e-14,2.019608086e-13,1.878374835e-13,9.358933205e-14,2.90169382e-13,1.276332304e-13,1.168227846e-12,1.134087394e-13,9.419755322e-13,5.326961456e-14
41.3828125,2.575200694e-13,3.091488595e-13,8.086226057e-13,4.443217081e-13,2.259090563e-13,3.622614876e-13,1.642056092e-13,3.005734296e-13,8.21744054e-14,5.093154742e-14,2.447221594e-13,2.573533046e-13,4.028660589e-13,4.941341492e-13,6.609775043e-13,9.901761572e-13,6.582132599e-13,6.697928093e-13,9.780057119e-14,5.953529391e-13,8.074995604e-14,6.298489883e-14,8.047618568e-14,2.031544568e-13,1.869925809e-13,9.360221698e-14,2.92022547e-13,1.300873968e-13,1.164857161e-12,1.132213911e-13,9.382509784e-13,5.287892356e-14
41.390625,2.59381063e-13,3.082333251e-13,8.067108945e-13,4.47848691e-13,2.275425353e-13,3.635209707e-13,1.637272535e-13,3.022126318e-13,8.182815783e-14,5.140447012e-14,2.433766066e-13,2.563340234e-13,4.007683074e-13,4.941998749e-13,6.644864293e-13,9.911898647e-13,6.593667071e-13,6.702231617e-13,9.832247945e-14,5.980940317e-13,8.089979262e-14,6.271546624e-14,8.032473279e-14,2.042791346e-13,1.861184761e-13,9.365031599e-14,2.939207926e-13,1.326326741e-13,1.161016864e-12,1.130607311e-13,9.341935173e-13,5.249829026e-14
41.3984375,2.612711867e-13,3.072904177e-13,8.045909864e-13,4.51591564e-13,2.292309452e-13,3.649555996e-13,1.632113499e-13,3.037456772e-13,8.148779627e-14,5.185686925e-14,2.420078613e-13,2.552669944e-13,3.985668247e-13,4.942531081e-13,6.681023469e-13,9.918782798e-13,6.603737444e-13,6.707189689e-13,9.882495791e-14,6.006377189e-13,8.101993245e-14,6.244036062e-14,8.015428117e-14,2.053257643e-13,1.851614288e-13,9.36925954e-14,2.957669424e-13,1.35317695e-13,1.156472037e-12,1.129316013e-13,9.297917165e-13,5.207907904e-14
41.40625,2.630719526e-13,3.065019887e-13,8.021055279e-13,4.552986007e-13,2.308652023e-13,3.663908432e-13,1.625379368e-13,3.052338281e-13,8.112194153e-14,5.228850408e-14,2.406259855e-13,2.54108655e-13,3.962079403e-13,4.939719755e-13,6.715048406e-13,9.919898834e-13,6.608516051e-13,6.709588736e-13,9.929387523e-14,6.027553337e-13,8.115409839e-14,6.212863262e-14,7.996949072e-14,2.062590944e-13,1.840283882e-13,9.370000552e-14,2.97421005e-13,1.380580967e-13,1.151227791e-12,1.128496788e-13,9.247884189e-13,5.16132681e-14
41.4140625,2.647823346e-13,3.05455332e-13,7.990052616e-13,4.587791346e-13,2.324582506e-13,3.675658478e-13,1.617728397e-13,3.065599764e-13,8.071376963e-14,5.27281583e-14,2.390508291e-13,2.527195647e-13,3.935555646e-13,4.933283677e-13,6.743859324e-13,9.913305306e-13,6.606657424e-13,6.707558237e-13,9.971358876e-14,6.043896644e-13,8.131599821e-14,6.178315376e-14,7.981103388e-14,2.070315687e-13,1.8277767e-13,9.362297485e-14,2.988975306e-13,1.407369913e-13,1.145441198e-12,1.12780412e-13,9.191673206e-13,5.112464944e-14
41.421875,2.664970268e-13,3.039536488e-13,7.952878874e-13,4.620232044e-13,2.340947089e-13,3.685541964e-13,1.609645036e-13,3.076769863e-13,8.035395708e-14,5.319409049e-14,2.371975735e-13,2.511475368e-13,3.906550836e-13,4.925192931e-13,6.766815102e-13,9.897676299e-13,6.60015121e-13,6.702267046e-13,1.001164521e-13,6.057058959e-13,8.146162564e-14,6.145101453e-14,7.966552774e-14,2.077430669e-13,1.814795509e-13,9.34463737e-14,3.002283451e-13,1.4343928e-13,1.138909635e-12,1.127032483e-13,9.132695252e-13,5.060882339e-14
41.4296875,2.682348465e-13,3.022800398e-13,7.911441239e-13,4.649318874e-13,2.358102014e-13,3.694212845e-13,1.600308527e-13,3.086888831e-13,8.007691525e-14,5.367350226e-14,2.352213374e-13,2.495586615e-13,3.877075727e-13,4.916016898e-13,6.785138975e-13,9.873857845e-13,6.590186825e-13,6.694504117e-13,1.005639956e-13,6.067730753e-13,8.160038016e-14,6.11323431e-14,7.949072874e-14,2.085025997e-13,1.801026727e-13,9.32505167e-14,3.014675938e-13,1.462616965e-13,1.131695579e-12,1.126601042e-13,9.072762959e-13,5.006535472e-14
41.4375,2.698952677e-13,3.006199303e-13,7.867387343e-13,4.67741651e-13,2.376354101e-13,3.701036222e-13,1.589835485e-13,3.096115172e-13,7.979958285e-14,5.413087229e-14,2.332802448e-13,2.479728654e-13,3.847271596e-13,4.906042498e-13,6.801312224e-13,9.844663869e-13,6.576849449e-13,6.684920477e-13,1.010749009e-13,6.076581734e-13,8.178140221e-14,6.080726881e-14,7.928681034e-14,2.092264438e-13,1.786387906e-13,9.309235902e-14,3.027407595e-13,1.490854701e-13,1.124376061e-12,1.126480638e-13,9.01111508e-13,4.951198726e-14
41.4453125,2.714134522e-13,2.990643484e-13,7.820880695e-13,4.707840316e-13,2.395452334e-13,3.706560104e-13,1.578704631e-13,3.103931944e-13,7.950990055e-14,5.456102074e-14,2.313690937e-13,2.463249737e-13,3.815659978e-13,4.895140194e-13,6.816345007e-13,9.811932924e-13,6.560477846e-13,6.674964889e-13,1.015962832e-13,6.085413675e-13,8.199419225e-14,6.048646951e-14,7.907377962e-14,2.098154384e-13,1.771045834e-13,9.295316874e-14,3.040641757e-13,1.518918136e-13,1.116985478e-12,1.126358756e-13,8.946468673e-13,4.894708296e-14
41.453125,2.729834344e-13,2.975717019e-13,7.771054011e-13,4.737229808e-13,2.414321834e-13,3.711618389e-13,1.56657952e-13,3.110537928e-13,7.923386123e-14,5.500415207e-14,2.293693033e-13,2.445693407e-13,3.782158905e-13,4.882424264e-13,6.829466725e-13,9.775946366e-13,6.541709754e-13,6.66439348e-13,1.020724185e-13,6.093025599e-13,8.219270491e-14,6.014768045e-14,7.88511894e-14,2.103110658e-13,1.754818643e-13,9.280145178e-14,3.052814024e-13,1.548332363e-13,1.108923282e-12,1.126487414e-13,8.87712286e-13,4.837029404e-14
41.4609375,2.747027969e-13,2.958144025e-13,7.71777046e-13,4.762491438e-13,2.432636236e-13,3.715529447e-13,1.553766351e-13,3.116246883e-13,7.891469123e-14,5.548186486e-14,2.272048465e-13,2.426591188e-13,3.747482331e-13,4.867858407e-13,6.840720193e-13,9.736359326e-13,6.520911764e-13,6.651729486e-13,1.024927818e-13,6.096526042e-13,8.237850692e-14,5.97460568e-14,7.860310281e-14,2.107326546e-13,1.737819153e-13,9.261184303e-14,3.063018803e-13,1.57834114e-13,1.099997518e-12,1.126815647e-13,8.802428694e-13,4.778380603e-14
41.46875,2.762739075e-13,2.937361627e-13,7.660553131e-13,4.787026102e-13,2.45140223e-13,3.717227031e-13,1.540853644e-13,3.120934845e-13,7.854121309e-14,5.597637035e-14,2.248909324e-13,2.405862721e-13,3.71154537e-13,4.851746209e-13,6.850242519e-13,9.692586686e-13,6.497107035e-13,6.637472401e-13,1.02862343e-13,6.097176142e-13,8.258105829e-14,5.929542309e-14,7.832220192e-14,2.110147243e-13,1.720358633e-13,9.240232746e-14,3.072313079e-13,1.607269298e-13,1.090489641e-12,1.127043137e-13,8.723800906e-13,4.716233166e-14
41.4765625,2.776371747e-13,2.916215638e-13,7.597776734e-13,4.811946339e-13,2.471643126e-13,3.717124016e-13,1.527237063e-13,3.124014086e-13,7.817904293e-14,5.646776223e-14,2.224311901e-13,2.383851422e-13,3.67456126e-13,4.834668789e-13,6.856229957e-13,9.642274663e-13,6.467890423e-13,6.622488003e-13,1.031933152e-13,6.096541196e-13,8.280660822e-14,5.883552597e-14,7.802531565e-14,2.111626544e-13,1.7021012e-13,9.219227801e-14,3.081138861e-13,1.636772154e-13,1.080495196e-12,1.127886245e-13,8.64287067e-13,4.649673431e-14
41.484375,2.790974868e-13,2.894533632e-13,7.531265138e-13,4.834156444e-13,2.493141018e-13,3.716937518e-13,1.512343795e-13,3.124824526e-13,7.784027141e-14,5.695240301e-14,2.198777478e-13,2.361007186e-13,3.637047358e-13,4.817567678e-13,6.857028092e-13,9.581898833e-13,6.431903128e-13,6.605531337e-13,1.03512177e-13,6.091750396e-13,8.306398679e-14,5.838488356e-14,7.772646839e-14,2.112508704e-13,1.682548005e-13,9.190424258e-14,3.087997941e-13,1.668624246e-13,1.069927587e-12,1.12983896e-13,8.56101062e-13,4.580987051e-14
41.4921875,2.805284639e-13,2.87104478e-13,7.464524261e-13,4.853446252e-13,2.514479671e-13,3.716517792e-13,1.496672193e-13,3.12384424e-13,7.752072078e-14,5.744995272e-14,2.173067257e-13,2.337715804e-13,3.598562895e-13,4.798725239e-13,6.853461821e-13,9.513397277e-13,6.390753193e-13,6.585791116e-13,1.038162373e-13,6.081784511e-13,8.33510232e-14,5.794735294e-14,7.741901325e-14,2.112699559e-13,1.662099386e-13,9.151512304e-14,3.093235293e-13,1.700556315e-13,1.058853146e-12,1.131805833e-13,8.478866244e-13,4.511079111e-14
41.5,2.815806739e-13,2.846748237e-13,7.394924475e-13,4.870484522e-13,2.534786574e-13,3.713014554e-13,1.480697087e-13,3.122052148e-13,7.72277632e-14,5.797459117e-14,2.145967046e-13,2.31356231e-13,3.558611757e-13,4.775410768e-13,6.846704705e-13,9.442834454e-13,6.346862406e-13,6.564334428e-13,1.040615072e-13,6.069813676e-13,8.359802528e-14,5.748640025e-14,7.711229085e-14,2.111634864e-13,1.641638466e-13,9.115870171e-14,3.099546493e-13,1.730218908e-13,1.047418791e-12,1.133014495e-13,8.394547103e-13,4.440516343e-14
41.5078125,2.824639569e-13,2.820487765e-13,7.320036807e-13,4.883500317e-13,2.555169031e-13,3.70606051e-13,1.464358435e-13,3.119015313e-13,7.691203955e-14,5.849309039e-14,2.116981342e-13,2.288092445e-13,3.517594172e-13,4.749593635e-13,6.836258032e-13,9.368846051e-13,6.300606434e-13,6.542041133e-13,1.042404914e-13,6.055410923e-13,8.376252944e-14,5.696421962e-14,7.682149257e-14,2.109575631e-13,1.621221623e-13,9.087085664e-14,3.106009054e-13,1.758599048e-13,1.035603716e-12,1.134143207e-13,8.306324552e-13,4.369784458e-14
41.515625,2.834372527e-13,2.790184747e-13,7.245122031e-13,4.892945815e-13,2.57688313e-13,3.698644869e-13,1.447553303e-13,3.11366268e-13,7.655260081e-14,5.896426579e-14,2.088712693e-13,2.262182332e-13,3.476092816e-13,4.724660601e-13,6.82126825e-13,9.284949063e-13,6.250338063e-13,6.518512805e-13,1.043993051e-13,6.034844605e-13,8.392845041e-14,5.641581562e-14,7.652272057e-14,2.106642243e-13,1.600132778e-13,9.054291819e-14,3.108659019e-13,1.786850996e-13,1.023293852e-12,1.135664545e-13,8.216026981e-13,4.297419465e-14
41.5234375,2.8418637e-13,2.758667178e-13,7.171556491e-13,4.902377569e-13,2.599121865e-13,3.69079465e-13,1.430125592e-13,3.105859303e-13,7.620262629e-14,5.93881172e-14,2.061612493e-13,2.23636075e-13,3.434464835e-13,4.69905658e-13,6.801190136e-13,9.191377385e-13,6.193486626e-13,6.492119104e-13,1.045324405e-13,6.009352074e-13,8.417479278e-14,5.587023107e-14,7.619669552e-14,2.102062979e-13,1.577974532e-13,9.016760254e-14,3.108146848e-13,1.815158573e-13,1.010537256e-12,1.13736193e-13,8.125329645e-13,4.224107254e-14
41.53125,2.845786506e-13,2.729174823e-13,7.092898828e-13,4.912203315e-13,2.621148219e-13,3.680496809e-13,1.411834086e-13,3.096129961e-13,7.5869608e-14,5.978163105e-14,2.033183125e-13,2.209752678e-13,3.392578521e-13,4.670530128e-13,6.775969276e-13,9.092075321e-13,6.12931763e-13,6.462246972e-13,1.045932291e-13,5.982666563e-13,8.446826014e-14,5.530361639e-14,7.586810053e-14,2.096128856e-13,1.554872823e-13,8.976580548e-14,3.108433574e-13,1.844369848e-13,9.974551141e-13,1.139158316e-13,8.032973909e-13,4.150866194e-14
41.5390625,2.851125287e-13,2.699771417e-13,7.008416397e-13,4.918983373e-13,2.64441853e-13,3.669546478e-13,1.392959375e-13,3.085527708e-13,7.554435376e-14,6.017255016e-14,2.003498959e-13,2.182200497e-13,3.349770661e-13,4.641078323e-13,6.747576197e-13,8.988290228e-13,6.061621611e-13,6.431648877e-13,1.046283787e-13,5.954085058e-13,8.475970052e-14,5.47427976e-14,7.555575057e-14,2.090294774e-13,1.531215845e-13,8.925217543e-14,3.109456839e-13,1.874476528e-13,9.840293214e-13,1.140971926e-13,7.938681667e-13,4.074618638e-14
41.546875,2.859621425e-13,2.66841958e-13,6.922722682e-13,4.922754516e-13,2.669244047e-13,3.659656399e-13,1.374193428e-13,3.075094205e-13,7.52693862e-14,6.060629858e-14,1.9736349e-13,2.154484959e-13,3.305978936e-13,4.611926332e-13,6.718531079e-13,8.881934145e-13,5.994278982e-13,6.402166631e-13,1.047037471e-13,5.922852123e-13,8.504488193e-14,5.42223533e-14,7.525942447e-14,2.084573444e-13,1.50753009e-13,8.865514106e-14,3.108832307e-13,1.904537582e-13,9.703210909e-13,1.142817766e-13,7.843944812e-13,3.996602585e-14
41.5546875,2.86706132e-13,2.636695973e-13,6.836648227e-13,4.927520853e-13,2.693462123e-13,3.648620059e-13,1.3555156e-13,3.064287481e-13,7.503638191e-14,6.109046728e-14,1.942940189e-13,2.126981644e-13,3.262102595e-13,4.581335634e-13,6.689170867e-13,8.775360932e-13,5.926626666e-13,6.372149924e-13,1.047817392e-13,5.891265592e-13,8.533611649e-14,5.368594e-14,7.497934285e-14,2.077936408e-13,1.484067887e-13,8.814706214e-14,3.107204075e-13,1.935075415e-13,9.56606492e-13,1.145179957e-13,7.749040487e-13,3.923023881e-14
41.5625,2.873359691e-13,2.606217297e-13,6.750897911e-13,4.933036824e-13,2.717064045e-13,3.636350633e-13,1.336353362e-13,3.051755923e-13,7.479731192e-14,6.157671281e-14,1.91235883e-13,2.100117715e-13,3.218967795e-13,4.550377295e-13,6.659314137e-13,8.668211412e-13,5.858009464e-13,6.342381159e-13,1.048718118e-13,5.858113201e-13,8.565449135e-14,5.311661495e-14,7.469478296e-14,2.070093793e-13,1.460863082e-13,8.775864218e-14,3.106413294e-13,1.966636526e-13,9.429379352e-13,1.148223659e-13,7.654382541e-13,3.852740481e-14
41.5703125,2.881959303e-13,2.577100964e-13,6.667213547e-13,4.935877189e-13,2.742266732e-13,3.625431482e-13,1.316794074e-13,3.037299315e-13,7.456908134e-14,6.203828354e-14,1.883408665e-13,2.073955206e-13,3.176757989e-13,4.522014838e-13,6.629075258e-13,8.559302863e-13,5.789405376e-13,6.315732413e-13,1.050499116e-13,5.820054963e-13,8.601061962e-14,5.258330615e-14,7.438601428e-14,2.060548228e-13,1.437962291e-13,8.738431019e-14,3.105994994e-13,1.998536962e-13,9.29034225e-13,1.151581125e-13,7.561089435e-13,3.780857008e-14
41.578125,2.891102648e-13,2.548375924e-13,6.583572205e-13,4.936678021e-13,2.769061437e-13,3.614843939e-13,1.297281054e-13,3.021467953e-13,7.436965446e-14,6.250777049e-14,1.854648749e-13,2.047447082e-13,3.135077216e-13,4.49521623e-13,6.597033256e-13,8.447167139e-13,5.718723598e-13,6.290457308e-13,1.052391281e-13,5.779339681e-13,8.640895992e-14,5.208014505e-14,7.406954155e-14,2.049065424e-13,1.415015512e-13,8.698532374e-14,3.104063528e-13,2.030894577e-13,9.148047797e-13,1.155218672e-13,7.468084451e-13,3.707759382e-14
41.5859375,2.898233931e-13,2.517892212e-13,6.498514669e-13,4.936884107e-13,2.796256635e-13,3.602690206e-13,1.277845705e-13,3.004869753e-13,7.419480685e-14,6.301412831e-14,1.82454579e-13,2.020297325e-13,3.093513303e-13,4.467790129e-13,6.562378094e-13,8.330513038e-13,5.644112126e-13,6.263243757e-13,1.053323364e-13,5.739691686e-13,8.687002687e-14,5.156057414e-14,7.375091359e-14,2.03736365e-13,1.3916319e-13,8.657430073e-14,3.099599948e-13,2.063872843e-13,9.00395047e-13,1.159162189e-13,7.37442641e-13,3.634575056e-14
41.59375,2.905006432e-13,2.485498434e-13,6.414380398e-13,4.935549643e-13,2.823699906e-13,3.590616021e-13,1.258468341e-13,2.987949814e-13,7.408136429e-14,6.354410893e-14,1.794096178e-13,1.993588951e-13,3.052264234e-13,4.440201666e-13,6.526587109e-13,8.210913009e-13,5.568027756e-13,6.234555366e-13,1.05413234e-13,5.700112264e-13,8.738065635e-14,5.105333792e-14,7.341149223e-14,2.026376646e-13,1.368109007e-13,8.616026225e-14,3.093512115e-13,2.096439484e-13,8.858287314e-13,1.16297368e-13,7.28225372e-13,3.562404969e-14
41.6015625,2.911518315e-13,2.45366803e-13,6.332547116e-13,4.933161726e-13,2.851487203e-13,3.579366628e-13,1.239138373e-13,2.969914253e-13,7.402804052e-14,6.409200578e-14,1.764989529e-13,1.967842742e-13,3.011710207e-13,4.412789195e-13,6.490013545e-13,8.090075515e-13,5.491641231e-13,6.206294224e-13,1.055511858e-13,5.658764478e-13,8.789447329e-14,5.057450837e-14,7.30606839e-14,2.014247144e-13,1.344859608e-13,8.577213801e-14,3.087712396e-13,2.128234074e-13,8.711912278e-13,1.166464763e-13,7.192855299e-13,3.492805374e-14
41.609375,2.91659804e-13,2.422302194e-13,6.252252388e-13,4.929259312e-13,2.880590967e-13,3.567276681e-13,1.219686411e-13,2.949730593e-13,7.397929358e-14,6.467545103e-14,1.737741389e-13,1.94272476e-13,2.971895961e-13,4.38576098e-13,6.45141688e-13,7.966835003e-13,5.413494911e-13,6.179724959e-13,1.056795405e-13,5.615302182e-13,8.84054298e-14,5.010148991e-14,7.271721696e-14,2.00010866e-13,1.321978777e-13,8.542534972e-14,3.08275763e-13,2.159610191e-13,8.567027189e-13,1.169969848e-13,7.105441821e-13,3.422813811e-14
41.6171875,2.921603095e-13,2.389280526e-13,6.171974115e-13,4.921415973e-13,2.911414442e-13,3.554188391e-13,1.200126137e-13,2.92821373e-13,7.394505965e-14,6.526901732e-14,1.71098699e-13,1.917877966e-13,2.932490791e-13,4.360083115e-13,6.410686591e-13,7.840309396e-13,5.333453472e-13,6.154048932e-13,1.057805836e-13,5.56922474e-13,8.891974223e-14,4.964219927e-14,7.237273063e-14,1.985450195e-13,1.29936062e-13,8.510851675e-14,3.077348509e-13,2.190903607e-13,8.422544862e-13,1.173852597e-13,7.019971009e-13,3.351027707e-14
41.625,2.926882624e-13,2.355298196e-13,6.09043891e-13,4.911703205e-13,2.942322637e-13,3.540662251e-13,1.180536164e-13,2.90639275e-13,7.39545301e-14,6.581960491e-14,1.68331883e-13,1.892987736e-13,2.892858145e-13,4.334851916e-13,6.368325659e-13,7.711024972e-13,5.251307704e-13,6.12634638e-13,1.058840991e-13,5.521392978e-13,8.942471222e-14,4.918842838e-14,7.202596141e-14,1.970640278e-13,1.276548507e-13,8.479743557e-14,3.070519435e-13,2.222884872e-13,8.275434695e-13,1.178289545e-13,6.935858436e-13,3.280411664e-14
41.6328125,2.931701318e-13,2.321208503e-13,6.009019741e-13,4.90281832e-13,2.973908879e-13,3.526228428e-13,1.161043394e-13,2.883893434e-13,7.398077791e-14,6.634379879e-14,1.655460889e-13,1.868191101e-13,2.853021663e-13,4.309145149e-13,6.324549171e-13,7.579983198e-13,5.167500001e-13,6.09709144e-13,1.059820038e-13,5.473531557e-13,8.993788838e-14,4.872560518e-14,7.168972112e-14,1.955024694e-13,1.253600334e-13,8.445116616e-14,3.063095433e-13,2.254789892e-13,8.126142182e-13,1.182949736e-13,6.852384465e-13,3.209598204e-14
41.640625,2.936321318e-13,2.2855787e-13,5.929369919e-13,4.891831639e-13,3.007700296e-13,3.510916959e-13,1.141985574e-13,2.860663769e-13,7.401337848e-14,6.688581386e-14,1.628203696e-13,1.843838665e-13,2.813708189e-13,4.283696308e-13,6.279543673e-13,7.44926863e-13,5.084765055e-13,6.068974886e-13,1.06062491e-13,5.425923766e-13,9.047450768e-14,4.827568064e-14,7.135481729e-14,1.939260232e-13,1.231311869e-13,8.409215729e-14,3.056300433e-13,2.284620942e-13,7.976315614e-13,1.187203099e-13,6.77099926e-13,3.138861453e-14
41.6484375,2.939483375e-13,2.249016037e-13,5.850611886e-13,4.878073413e-13,3.040647622e-13,3.495321981e-13,1.123116335e-13,2.837077098e-13,7.405622327e-14,6.742359938e-14,1.601323771e-13,1.819675748e-13,2.77471319e-13,4.25726058e-13,6.232925329e-13,7.319119667e-13,5.002399194e-13,6.039927436e-13,1.060833892e-13,5.379105522e-13,9.101874187e-14,4.781482293e-14,7.100227199e-14,1.923613515e-13,1.209332334e-13,8.380440277e-14,3.049626498e-13,2.313362403e-13,7.825279032e-13,1.191076344e-13,6.691764353e-13,3.073639568e-14
41.65625,2.9407419e-13,2.213571917e-13,5.773547825e-13,4.864799739e-13,3.071002105e-13,3.480211312e-13,1.103908381e-13,2.81285379e-13,7.410329914e-14,6.795028655e-14,1.575565466e-13,1.795705411e-13,2.735577846e-13,4.229077858e-13,6.184907962e-13,7.187166079e-13,4.917219576e-13,6.007993902e-13,1.060261953e-13,5.333122819e-13,9.158649612e-14,4.73211981e-14,7.063519803e-14,1.906965139e-13,1.186693258e-13,8.356746121e-14,3.041651926e-13,2.34311006e-13,7.672716551e-13,1.195061179e-13,6.613365358e-13,3.010622303e-14
41.6640625,2.942518056e-13,2.17816805e-13,5.700608099e-13,4.850151885e-13,3.102098162e-13,3.466435536e-13,1.084976732e-13,2.788147828e-13,7.418815186e-14,6.852413409e-14,1.551167453e-13,1.772582739e-13,2.697088251e-13,4.202286656e-13,6.137047772e-13,7.054102999e-13,4.83155592e-13,5.97663062e-13,1.059785078e-13,5.284717137e-13,9.219783251e-14,4.686555074e-14,7.026222347e-14,1.889359928e-13,1.164166502e-13,8.330541641e-14,3.032735755e-13,2.372598527e-13,7.5203107e-13,1.199292856e-13,6.537686628e-13,2.944001559e-14
41.671875,2.945081075e-13,2.141367693e-13,5.630690277e-13,4.831598299e-13,3.134641974e-13,3.453439079e-13,1.066984891e-13,2.763181094e-13,7.431644972e-14,6.914159011e-14,1.526595638e-13,1.750301612e-13,2.659806944e-13,4.17820678e-13,6.0894907e-13,6.9224614e-13,4.748462997e-13,5.947554144e-13,1.05978647e-13,5.232334772e-13,9.282905017e-14,4.6460354e-14,6.987293897e-14,1.87159384e-13,1.142709061e-13,8.306113439e-14,3.024299683e-13,2.400484827e-13,7.369983812e-13,1.203695277e-13,6.465399212e-13,2.878951018e-14
41.6796875,2.947156024e-13,2.104752529e-13,5.562005761e-13,4.813255996e-13,3.16716815e-13,3.440445176e-13,1.049295246e-13,2.73711905e-13,7.442785253e-14,6.972978371e-14,1.501741436e-13,1.728519376e-13,2.623585048e-13,4.155003695e-13,6.04092603e-13,6.790988968e-13,4.665158319e-13,5.918681765e-13,1.059760942e-13,5.180137131e-13,9.345405078e-14,4.603530206e-14,6.947301179e-14,1.852870851e-13,1.121575514e-13,8.28825623e-14,3.015942098e-13,2.428074697e-13,7.222211846e-13,1.207978678e-13,6.393371103e-13,2.818709209e-14
41.6875,2.948966849e-13,2.069503892e-13,5.495652479e-13,4.797151899e-13,3.200568671e-13,3.428270691e-13,1.031593141e-13,2.710175611e-13,7.452850622e-14,7.026208135e-14,1.477882831e-13,1.707465408e-13,2.588760395e-13,4.132275126e-13,5.991935209e-13,6.658820535e-13,4.580109658e-13,5.889308546e-13,1.05991469e-13,5.131061719e-13,9.401925193e-14,4.56121792e-14,6.911468635e-14,1.832717789e-13,1.100413895e-13,8.272815883e-14,3.006547341e-13,2.455390863e-13,7.075262365e-13,1.211543234e-13,6.32236421e-13,2.760423078e-14
41.6953125,2.949750978e-13,2.035006787e-13,5.431803588e-13,4.779164219e-13,3.233687088e-13,3.416900166e-13,1.014415856e-13,2.684085004e-13,7.468225132e-14,7.075063658e-14,1.454769477e-13,1.687037276e-13,2.555320447e-13,4.109663821e-13,5.944181191e-13,6.528685828e-13,4.495981276e-13,5.859416639e-13,1.060508506e-13,5.08326112e-13,9.4468425e-14,4.523330729e-14,6.882619343e-14,1.812642405e-13,1.079988611e-13,8.261397605e-14,2.996969912e-13,2.481065363e-13,6.928179704e-13,1.21438032e-13,6.255894379e-13,2.70641031e-14
41.703125,2.949352742e-13,2.00128552e-13,5.369596216e-13,4.758709122e-13,3.264597036e-13,3.405471995e-13,9.976192912e-14,2.659133958e-13,7.488519574e-14,7.123292779e-14,1.432049097e-13,1.667000571e-13,2.523044211e-13,4.086818592e-13,5.897605114e-13,6.401276299e-13,4.413727785e-13,5.829266192e-13,1.061152446e-13,5.035774963e-13,9.488757308e-14,4.486094024e-14,6.85602433e-14,1.793378177e-13,1.060370787e-13,8.25898892e-14,2.988368888e-13,2.506195495e-13,6.783499732e-13,1.217319792e-13,6.193009997e-13,2.657369286e-14
41.7109375,2.949716904e-13,1.967982747e-13,5.310374519e-13,4.73873643e-13,3.295411349e-13,3.395062138e-13,9.809012551e-14,2.633977883e-13,7.509869401e-14,7.177633876e-14,1.410527877e-13,1.647922866e-13,2.492826285e-13,4.066054974e-13,5.851412331e-13,6.274875454e-13,4.332935094e-13,5.800603171e-13,1.061966686e-13,4.988399062e-13,9.542019247e-14,4.44943219e-14,6.826950591e-14,1.773854789e-13,1.041245021e-13,8.26113475e-14,2.979760885e-13,2.532309244e-13,6.642492578e-13,1.220900492e-13,6.132259203e-13,2.608531303e-14
41.71875,2.950416773e-13,1.933526689e-13,5.25466309e-13,4.717359389e-13,3.327052527e-13,3.386239449e-13,9.648002469e-14,2.607726166e-13,7.531457568e-14,7.236698213e-14,1.389958938e-13,1.629840732e-13,2.465002114e-13,4.048133379e-13,5.805094364e-13,6.148816669e-13,4.253049713e-13,5.772664177e-13,1.06303346e-13,4.938395337e-13,9.605243414e-14,4.415834549e-14,6.795238271e-14,1.753465618e-13,1.022680323e-13,8.263435241e-14,2.969740737e-13,2.558026354e-13,6.502432483e-13,1.224673711e-13,6.074771221e-13,2.560149341e-14
41.7265625,2.950054667e-13,1.898116865e-13,5.200094029e-13,4.692116457e-13,3.35771346e-13,3.377452529e-13,9.496222091e-14,2.580465606e-13,7.554340367e-14,7.291840917e-14,1.369257943e-13,1.611818581e-13,2.438544731e-13,4.030377681e-13,5.757676628e-13,6.021987618e-13,4.171448915e-13,5.74206099e-13,1.063676452e-13,4.886197101e-13,9.667499192e-14,4.382596098e-14,6.762162735e-14,1.732631446e-13,1.004419495e-13,8.268136377e-14,2.958735121e-13,2.581920706e-13,6.362171237e-13,1.227734159e-13,6.019800276e-13,2.514800305e-14
41.734375,2.949776797e-13,1.863395703e-13,5.14607163e-13,4.666534623e-13,3.387704684e-13,3.369003921e-13,9.350260493e-14,2.553133739e-13,7.579391871e-14,7.341897423e-14,1.348560605e-13,1.593744842e-13,2.413190917e-13,4.012039305e-13,5.709475804e-13,5.894682309e-13,4.088075972e-13,5.708759586e-13,1.06389871e-13,4.837374895e-13,9.723382067e-14,4.349171048e-14,6.730553429e-14,1.711845364e-13,9.863357774e-14,8.276704332e-14,2.948079319e-13,2.604897129e-13,6.22321174e-13,1.229927352e-13,5.966245878e-13,2.471701842e-14
41.7421875,2.949959846e-13,1.829626996e-13,5.094891344e-13,4.642941687e-13,3.417450181e-13,3.362350163e-13,9.208830232e-14,2.526631048e-13,7.604899816e-14,7.389066998e-14,1.328604552e-13,1.576305923e-13,2.389391679e-13,3.994751502e-13,5.663176299e-13,5.77104858e-13,4.007471825e-13,5.676012945e-13,1.064469033e-13,4.793369123e-13,9.773817294e-14,4.316776531e-14,6.701811633e-14,1.69116811e-13,9.690242335e-14,8.291531619e-14,2.938316179e-13,2.627695623e-13,6.085553344e-13,1.232090351e-13,5.915595773e-13,2.430842433e-14
41.75,2.94923447e-13,1.796992134e-13,5.046960755e-13,4.618703905e-13,3.446130622e-13,3.355981318e-13,9.07256953e-14,2.500814742e-13,7.631188958e-14,7.431843892e-14,1.309585419e-13,1.55983304e-13,2.367245457e-13,3.978891162e-13,5.619864304e-13,5.653148113e-13,3.930961706e-13,5.645676678e-13,1.065516799e-13,4.749876552e-13,9.824274824e-14,4.284139645e-14,6.672644528e-14,1.670158184e-13,9.526831508e-14,8.317166599e-14,2.929141443e-13,2.649815151e-13,5.949215763e-13,1.234617204e-13,5.868539491e-13,2.392681523e-14
41.7578125,2.946929411e-13,1.765846666e-13,5.000237412e-13,4.593635069e-13,3.474334533e-13,3.348025369e-13,8.940137022e-14,2.475386426e-13,7.663138566e-14,7.471597646e-14,1.291263002e-13,1.544359668e-13,2.346983623e-13,3.963571368e-13,5.577485259e-13,5.539138783e-13,3.856168815e-13,5.617411198e-13,1.066578286e-13,4.705279097e-13,9.877536706e-14,4.252585484e-14,6.642739303e-14,1.648731759e-13,9.369526638e-14,8.352848735e-14,2.920082164e-13,2.670724006e-13,5.815726732e-13,1.237029224e-13,5.823781161e-13,2.357455682e-14
41.765625,2.943703263e-13,1.734491518e-13,4.954259515e-13,4.568654528e-13,3.502704186e-13,3.339601659e-13,8.81051804e-14,2.450232227e-13,7.6983551e-14,7.508611973e-14,1.273147202e-13,1.529487783e-13,2.328602853e-13,3.948676332e-13,5.535161403e-13,5.42878465e-13,3.783805104e-13,5.59044015e-13,1.067422534e-13,4.661311367e-13,9.928830915e-14,4.22235002e-14,6.615123465e-14,1.627372283e-13,9.219461938e-14,8.393537127e-14,2.910855335e-13,2.689718191e-13,5.684998616e-13,1.239105583e-13,5.780427416e-13,2.326376769e-14
41.7734375,2.941368442e-13,1.701753666e-13,4.910424213e-13,4.540662058e-13,3.53120403e-13,3.332097002e-13,8.685907973e-14,2.424863436e-13,7.729070022e-14,7.538482357e-14,1.255120896e-13,1.514686379e-13,2.311594212e-13,3.935535985e-13,5.49420237e-13,5.322531598e-13,3.715122811e-13,5.563942873e-13,1.06823596e-13,4.618100631e-13,9.97733169e-14,4.190076331e-14,6.587970607e-14,1.606102504e-13,9.078853096e-14,8.436860408e-14,2.901646656e-13,2.706412919e-13,5.555856465e-13,1.240817047e-13,5.738974052e-13,2.29885118e-14
41.78125,2.939703366e-13,1.669145882e-13,4.869501814e-13,4.510347303e-13,3.559299194e-13,3.32556937e-13,8.569400495e-14,2.399627966e-13,7.757776492e-14,7.561752022e-14,1.237780229e-13,1.500327923e-13,2.295810215e-13,3.924234902e-13,5.455154532e-13,5.219185781e-13,3.648017465e-13,5.536478692e-13,1.069038024e-13,4.575083355e-13,1.002755558e-13,4.157037845e-14,6.5611074e-14,1.584945424e-13,8.943929647e-14,8.48474655e-14,2.893123042e-13,2.721950169e-13,5.428487452e-13,1.242012473e-13,5.700632775e-13,2.273655409e-14
41.7890625,2.936138101e-13,1.637489413e-13,4.831739912e-13,4.483449111e-13,3.584719131e-13,3.320512396e-13,8.459578344e-14,2.375610586e-13,7.790305075e-14,7.580837987e-14,1.221530202e-13,1.486967321e-13,2.281462563e-13,3.912401673e-13,5.418021677e-13,5.119220055e-13,3.581713904e-13,5.507401463e-13,1.069533107e-13,4.533039081e-13,1.007742328e-13,4.125916866e-14,6.539156833e-14,1.564362736e-13,8.811841101e-14,8.541799805e-14,2.885748199e-13,2.73754157e-13,5.303579421e-13,1.243085179e-13,5.66544138e-13,2.250908914e-14
41.796875,2.931725789e-13,1.606641398e-13,4.797283166e-13,4.458863928e-13,3.607087509e-13,3.317204003e-13,8.352656174e-14,2.352319969e-13,7.824874823e-14,7.593399252e-14,1.206334819e-13,1.474505382e-13,2.269036537e-13,3.899899421e-13,5.382789857e-13,5.024148058e-13,3.518198778e-13,5.478440207e-13,1.07021961e-13,4.492227038e-13,1.012321967e-13,4.096501181e-14,6.519909746e-14,1.543971404e-13,8.686523225e-14,8.610329578e-14,2.879147513e-13,2.752829711e-13,5.181954795e-13,1.24434952e-13,5.633357121e-13,2.230073329e-14
41.8046875,2.929565426e-13,1.577510061e-13,4.766025244e-13,4.431949678e-13,3.629486838e-13,3.314750583e-13,8.250092545e-14,2.328609378e-13,7.860092211e-14,7.5999866e-14,1.192453058e-13,1.463186463e-13,2.259012252e-13,3.88968271e-13,5.348865472e-13,4.933889146e-13,3.458483456e-13,5.451305684e-13,1.072103067e-13,4.452088635e-13,1.016691141e-13,4.071621963e-14,6.499345934e-14,1.523109412e-13,8.572202903e-14,8.687460685e-14,2.872437239e-13,2.767351789e-13,5.063936624e-13,1.245445319e-13,5.606708389e-13,2.21172006e-14
41.8125,2.929250192e-13,1.550356557e-13,4.739213312e-13,4.40520516e-13,3.653243381e-13,3.313465784e-13,8.156149628e-14,2.30516881e-13,7.897422184e-14,7.605352501e-14,1.180249377e-13,1.45357996e-13,2.2508242e-13,3.883011621e-13,5.317442826e-13,4.848829756e-13,3.402741638e-13,5.425954042e-13,1.07507201e-13,4.413578736e-13,1.021124805e-13,4.052666764e-14,6.481751287e-14,1.502268844e-13,8.467235775e-14,8.770818222e-14,2.865226894e-13,2.782036757e-13,4.948183165e-13,1.246500429e-13,5.586047619e-13,2.196949897e-14
41.8203125,2.929871714e-13,1.524616087e-13,4.718105e-13,4.380631692e-13,3.677409914e-13,3.314954021e-13,8.071126789e-14,2.282785255e-13,7.936223433e-14,7.612742926e-14,1.169329125e-13,1.445413441e-13,2.243913197e-13,3.879461605e-13,5.290759222e-13,4.769288359e-13,3.350683561e-13,5.402071329e-13,1.078534507e-13,4.37772967e-13,1.025940585e-13,4.035124631e-14,6.468100792e-14,1.481804877e-13,8.368697437e-14,8.862280953e-14,2.858051417e-13,2.797600556e-13,4.834520209e-13,1.247784899e-13,5.567868889e-13,2.184168315e-14
41.828125,2.931360121e-13,1.500366124e-13,4.700315071e-13,4.354776549e-13,3.700809564e-13,3.318576639e-13,7.992911421e-14,2.260044664e-13,7.973971776e-14,7.62120147e-14,1.158649305e-13,1.437910066e-13,2.238999464e-13,3.878364954e-13,5.267522998e-13,4.693759045e-13,3.300841786e-13,5.378855252e-13,1.082451507e-13,4.342682452e-13,1.031084078e-13,4.016814065e-14,6.453647811e-14,1.461186419e-13,8.278761896e-14,8.964629367e-14,2.851532588e-13,2.812925736e-13,4.724696034e-13,1.248622801e-13,5.551053828e-13,2.172780583e-14
41.8359375,2.932794552e-13,1.477316979e-13,4.683274166e-13,4.32818656e-13,3.72206406e-13,3.322248279e-13,7.919333715e-14,2.235881696e-13,8.007901551e-14,7.622423454e-14,1.147732559e-13,1.430778207e-13,2.236344401e-13,3.878253407e-13,5.245254926e-13,4.622369888e-13,3.25343875e-13,5.355573522e-13,1.086620582e-13,4.307548211e-13,1.035724468e-13,3.99843271e-14,6.440705399e-14,1.440328111e-13,8.200498739e-14,9.078709984e-14,2.845711624e-13,2.827100285e-13,4.617941646e-13,1.248802847e-13,5.537611719e-13,2.164075855e-14
41.84375,2.934737783e-13,1.455076207e-13,4.668664039e-13,4.303289625e-13,3.742127234e-13,3.326039206e-13,7.848844006e-14,2.212261926e-13,8.041025945e-14,7.610688369e-14,1.13714228e-13,1.42425149e-13,2.235093643e-13,3.878994759e-13,5.224203642e-13,4.556608979e-13,3.210218845e-13,5.332989964e-13,1.090753232e-13,4.275411766e-13,1.03979575e-13,3.979750631e-14,6.432394213e-14,1.419735315e-13,8.130151954e-14,9.201519486e-14,2.840427023e-13,2.840872202e-13,4.511825663e-13,1.249054447e-13,5.526949773e-13,2.158569004e-14
41.8515625,2.937008498e-13,1.43343363e-13,4.657604831e-13,4.277541558e-13,3.762063135e-13,3.330856922e-13,7.782829639e-14,2.19126039e-13,8.079654778e-14,7.593184124e-14,1.127179855e-13,1.418398653e-13,2.234806669e-13,3.881013712e-13,5.204414108e-13,4.494991978e-13,3.170205292e-13,5.310472723e-13,1.094756714e-13,4.24689126e-13,1.044029964e-13,3.961700489e-14,6.424440951e-14,1.399757093e-13,8.061044654e-14,9.327806043e-14,2.835177181e-13,2.854075324e-13,4.406675445e-13,1.24940759e-13,5.517553989e-13,2.157633648e-14
41.859375,2.937417928e-13,1.410986376e-13,4.648133919e-13,4.251124418e-13,3.779491756e-13,3.336677335e-13,7.723187658e-14,2.171810686e-13,8.119814561e-14,7.574910307e-14,1.117394398e-13,1.41284065e-13,2.235700615e-13,3.882980426e-13,5.185989807e-13,4.4366729e-13,3.132335534e-13,5.28686061e-13,1.098496901e-13,4.219028614e-13,1.047934497e-13,3.944285996e-14,6.417038749e-14,1.380287817e-13,7.994794788e-14,9.458726616e-14,2.829446392e-13,2.865639337e-13,4.304080551e-13,1.249557887e-13,5.510299744e-13,2.160683501e-14
41.8671875,2.937602228e-13,1.387722319e-13,4.640530021e-13,4.227968274e-13,3.794496901e-13,3.343959114e-13,7.669211307e-14,2.152148158e-13,8.155463092e-14,7.551707733e-14,1.107935949e-13,1.407724075e-13,2.238439745e-13,3.885412599e-13,5.171439044e-13,4.385042932e-13,3.099257967e-13,5.26494014e-13,1.102512525e-13,4.192330063e-13,1.051025441e-13,3.926175336e-14,6.416989973e-14,1.360795797e-13,7.940514591e-14,9.603338115e-14,2.824415144e-13,2.876530499e-13,4.204604656e-13,1.249822401e-13,5.505724945e-13,2.164509495e-14
41.875,2.939486607e-13,1.366426378e-13,4.63660798e-13,4.206007986e-13,3.808940693e-13,3.352459777e-13,7.620401694e-14,2.13237612e-13,8.190816993e-14,7.523449665e-14,1.099436874e-13,1.40377654e-13,2.243514734e-13,3.889644595e-13,5.160583212e-13,4.34133625e-13,3.071890994e-13,5.24596565e-13,1.107180733e-13,4.167647585e-13,1.054507949e-13,3.907228052e-14,6.423195788e-14,1.341257305e-13,7.900115621e-14,9.766599074e-14,2.821669347e-13,2.887760688e-13,4.108460576e-13,1.250311648e-13,5.502924187e-13,2.170101609e-14
41.8828125,2.940448343e-13,1.347649484e-13,4.635154479e-13,4.181810318e-13,3.82002646e-13,3.360707278e-13,7.577054022e-14,2.112847341e-13,8.226282315e-14,7.491172555e-14,1.091708116e-13,1.400676712e-13,2.250006114e-13,3.893603202e-13,5.150415483e-13,4.302722147e-13,3.04727814e-13,5.2260454e-13,1.11152413e-13,4.142017457e-13,1.058777734e-13,3.886151525e-14,6.426676818e-14,1.322280935e-13,7.865009484e-14,9.943247093e-14,2.820177195e-13,2.898272816e-13,4.014866981e-13,1.25084683e-13,5.501358573e-13,2.179054951e-14
41.890625,2.941003297e-13,1.328994677e-13,4.634971813e-13,4.158539267e-13,3.828157645e-13,3.369780516e-13,7.538292254e-14,2.093703209e-13,8.257753504e-14,7.45267559e-14,1.08430998e-13,1.397584067e-13,2.257064566e-13,3.897529907e-13,5.142431168e-13,4.268950544e-13,3.025185526e-13,5.204800051e-13,1.115566308e-13,4.116519867e-13,1.062599743e-13,3.86438037e-14,6.425829481e-14,1.303807807e-13,7.831490883e-14,1.012565552e-13,2.818468535e-13,2.907920407e-13,3.922441435e-13,1.251384201e-13,5.501191462e-13,2.189039124e-14
41.8984375,2.943749275e-13,1.309995326e-13,4.637481749e-13,4.138994971e-13,3.83859278e-13,3.382035758e-13,7.503629894e-14,2.075871366e-13,8.290924511e-14,7.411864094e-14,1.077354479e-13,1.394999115e-13,2.265509791e-13,3.904729454e-13,5.139167958e-13,4.241517818e-13,3.007633107e-13,5.185055876e-13,1.120673104e-13,4.09565809e-13,1.065872933e-13,3.847698148e-14,6.428370541e-14,1.285518676e-13,7.804211261e-14,1.031237691e-13,2.817266455e-13,2.917618732e-13,3.831327563e-13,1.251728979e-13,5.502958979e-13,2.200744801e-14
41.90625,2.946418155e-13,1.292153444e-13,4.64318102e-13,4.121243757e-13,3.849107061e-13,3.396287234e-13,7.473412984e-14,2.059502391e-13,8.329325291e-14,7.372461286e-14,1.071068579e-13,1.393546717e-13,2.275873936e-13,3.91333657e-13,5.137888961e-13,4.219138665e-13,2.993579929e-13,5.1651548e-13,1.12652407e-13,4.07841038e-13,1.069425405e-13,3.835118001e-14,6.436869748e-14,1.267838912e-13,7.783819201e-14,1.050785213e-13,2.816685234e-13,2.927285183e-13,3.742808665e-13,1.252026876e-13,5.50680287e-13,2.216609245e-14
41.9140625,2.949200585e-13,1.276050141e-13,4.650712763e-13,4.103528742e-13,3.855573991e-13,3.410409629e-13,7.447383648e-14,2.043370336e-13,8.365936506e-14,7.329996844e-14,1.065732428e-13,1.392533405e-13,2.287747193e-13,3.920855886e-13,5.136782553e-13,4.201162294e-13,2.982293071e-13,5.144196023e-13,1.132420937e-13,4.06270313e-13,1.072936961e-13,3.821432512e-14,6.44567196e-14,1.25092089e-13,7.769194806e-14,1.071354716e-13,2.815876822e-13,2.937005994e-13,3.657894503e-13,1.252553527e-13,5.512248537e-13,2.235415308e-14
41.921875,2.954984056e-13,1.261351003e-13,4.659288453e-13,4.086228624e-13,3.861043864e-13,3.424972744e-13,7.425104927e-14,2.026865066e-13,8.396959499e-14,7.282829085e-14,1.061321413e-13,1.391443672e-13,2.301204421e-13,3.929849666e-13,5.138202059e-13,4.189172246e-13,2.975681687e-13,5.125024915e-13,1.139116852e-13,4.049635545e-13,1.075849376e-13,3.807608912e-14,6.45371148e-14,1.234209314e-13,7.76374701e-14,1.092584102e-13,2.815989708e-13,2.94659753e-13,3.57629943e-13,1.252663703e-13,5.519032749e-13,2.25633869e-14
41.9296875,2.959677055e-13,1.247773286e-13,4.669559038e-13,4.071354278e-13,3.864917114e-13,3.440550682e-13,7.406432699e-14,2.010309478e-13,8.422409458e-14,7.233993536e-14,1.057016871e-13,1.390641155e-13,2.316125122e-13,3.94003589e-13,5.143034296e-13,4.183604192e-13,2.973445696e-13,5.106815361e-13,1.146147461e-13,4.037368943e-13,1.078590016e-13,3.793059499e-14,6.46521245e-14,1.217337646e-13,7.766089496e-14,1.114915208e-13,2.818155298e-13,2.955124736e-13,3.496366512e-13,1.252246539e-13,5.526363362e-13,2.279505152e-14
41.9375,2.960297514e-13,1.235211487e-13,4.682594458e-13,4.059699095e-13,3.863554771e-13,3.456534568e-13,7.392476314e-14,1.994131843e-13,8.441779635e-14,7.182760186e-14,1.052528196e-13,1.390159704e-13,2.33194346e-13,3.949031136e-13,5.150824329e-13,4.184254045e-13,2.973935807e-13,5.087743781e-13,1.152345368e-13,4.023652327e-13,1.081617779e-13,3.773953804e-14,6.47949715e-14,1.200144144e-13,7.771243311e-14,1.139116443e-13,2.821135441e-13,2.963426121e-13,3.417822468e-13,1.252505983e-13,5.533035099e-13,2.30451837e-14
41.9453125,2.962028518e-13,1.22327758e-13,4.697504797e-13,4.048132811e-13,3.861222663e-13,3.473089577e-13,7.384708121e-14,1.978665429e-13,8.457271752e-14,7.125975976e-14,1.048730776e-13,1.389623646e-13,2.348837713e-13,3.959202351e-13,5.161367222e-13,4.189942296e-13,2.977738038e-13,5.069686873e-13,1.158558566e-13,4.010790679e-13,1.084654879e-13,3.753269775e-14,6.494324871e-14,1.182799695e-13,7.781228272e-14,1.163804081e-13,2.823668277e-13,2.972387827e-13,3.341773096e-13,1.25326191e-13,5.539632791e-13,2.331475363e-14
41.953125,2.966573939e-13,1.211850514e-13,4.7124517e-13,4.0361813e-13,3.860661771e-13,3.490985779e-13,7.380353081e-14,1.963606719e-13,8.469797849e-14,7.061336943e-14,1.04603009e-13,1.38914645e-13,2.367212191e-13,3.971247917e-13,5.172361366e-13,4.19754156e-13,2.984803937e-13,5.052038437e-13,1.165523426e-13,4.000206695e-13,1.087344081e-13,3.734955998e-14,6.512309915e-14,1.165932627e-13,7.796747048e-14,1.187022293e-13,2.825631393e-13,2.980815034e-13,3.267266265e-13,1.253064315e-13,5.547433932e-13,2.357550417e-14
41.9609375,2.971079411e-13,1.202276203e-13,4.728639274e-13,4.028057113e-13,3.857901677e-13,3.510522526e-13,7.375417617e-14,1.948492654e-13,8.48071574e-14,6.990403441e-14,1.043969847e-13,1.389357899e-13,2.387295904e-13,3.982590226e-13,5.183046499e-13,4.207915998e-13,2.99454725e-13,5.033164544e-13,1.172851249e-13,3.991212661e-13,1.089954332e-13,3.718217126e-14,6.535316762e-14,1.149467798e-13,7.814095334e-14,1.209931857e-13,2.828070262e-13,2.988784928e-13,3.193799728e-13,1.252190318e-13,5.556320964e-13,2.380837219e-14
41.96875,2.976553479e-13,1.195496064e-13,4.747486921e-13,4.022541812e-13,3.85367776e-13,3.530935424e-13,7.373365717e-14,1.933701915e-13,8.493424129e-14,6.917968827e-14,1.042291043e-13,1.390431357e-13,2.409351746e-13,3.994990839e-13,5.197477961e-13,4.226466577e-13,3.008967657e-13,5.016307719e-13,1.181116839e-13,3.984082197e-13,1.092685221e-13,3.703063889e-14,6.561804639e-14,1.132757369e-13,7.838015683e-14,1.234723344e-13,2.833276616e-13,2.996888001e-13,3.123888876e-13,1.251583176e-13,5.566199262e-13,2.406091658e-14
41.9765625,2.983347015e-13,1.190252459e-13,4.766811405e-13,4.015468066e-13,3.850033087e-13,3.551162212e-13,7.379369441e-14,1.919591111e-13,8.502662987e-14,6.842370099e-14,1.040986513e-13,1.39172114e-13,2.432728835e-13,4.010088273e-13,5.217910061e-13,4.253882969e-13,3.028738878e-13,5.002446111e-13,1.190518048e-13,3.977794777e-13,1.09501038e-13,3.687858975e-14,6.591430728e-14,1.116079177e-13,7.873654149e-14,1.261167785e-13,2.841359037e-13,3.003690862e-13,3.057501186e-13,1.250927087e-13,5.577164113e-13,2.435356769e-14
41.984375,2.988820883e-13,1.185377119e-13,4.785930786e-13,4.009817793e-13,3.843324755e-13,3.571888248e-13,7.389551476e-14,1.90589059e-13,8.503758558e-14,6.759073555e-14,1.040144458e-13,1.39293458e-13,2.456491271e-13,4.024814335e-13,5.241303208e-13,4.28565336e-13,3.051242292e-13,4.987669651e-13,1.199892396e-13,3.971531386e-13,1.096886331e-13,3.669955496e-14,6.624484632e-14,1.100005278e-13,7.914523579e-14,1.28826788e-13,2.849656e-13,3.009539503e-13,2.991772562e-13,1.250273928e-13,5.58832655e-13,2.464694038e-14
41.9921875,2.993131613e-13,1.180997263e-13,4.806839228e-13,4.007953237e-13,3.832904117e-13,3.593644512e-13,7.398502326e-14,1.892272119e-13,8.5047322e-14,6.672879797e-14,1.039884104e-13,1.394476553e-13,2.480743533e-13,4.038101322e-13,5.264716493e-13,4.319735399e-13,3.075872128e-13,4.972016045e-13,1.209066686e-13,3.967335386e-13,1.099008297e-13,3.652020401e-14,6.659075805e-14,1.084267817e-13,7.957435112e-14,1.315791615e-13,2.857941589e-13,3.016163225e-13,2.927699188e-13,1.250199147e-13,5.599256407e-13,2.492788618e-14
42,2.99735897e-13,1.177480349e-13,4.828474139e-13,4.005867435e-13,3.821381256e-13,3.614570008e-13,7.409090595e-14,1.878129527e-13,8.506240956e-14,6.588517751e-14,1.039838167e-13,1.396214866e-13,2.505470813e-13,4.050965912e-13,5.288025512e-13,4.357228428e-13,3.104023975e-13,4.957945925e-13,1.218520325e-13,3.965308436e-13,1.101136444e-13,3.63481375e-14,6.694126085e-14,1.068652838e-13,8.007406047e-14,1.343535717e-13,2.867993612e-13,3.022655225e-13,2.867389734e-13,1.25026189e-13,5.61012206e-13,2.519200883e-14
42.0078125,3.001988246e-13,1.17525981e-13,4.849312551e-13,4.003248817e-13,3.807876382e-13,3.634981503e-13,7.424757737e-14,1.862992651e-13,8.500080675e-14,6.501939407e-14,1.039564364e-13,1.397723864e-13,2.530357875e-13,4.063121554e-13,5.311964779e-13,4.398658901e-13,3.135164659e-13,4.944298623e-13,1.228093253e-13,3.963263453e-13,1.102618601e-13,3.615476941e-14,6.731390492e-14,1.053359847e-13,8.062590095e-14,1.371612242e-13,2.878899873e-13,3.02908299e-13,2.808663155e-13,1.25009763e-13,5.620253413e-13,2.542820937e-14
42.015625,3.009266479e-13,1.173800905e-13,4.870847237e-13,4.003234927e-13,3.792443523e-13,3.658255365e-13,7.443544814e-14,1.84759037e-13,8.491230398e-14,6.411834044e-14,1.039224212e-13,1.399150981e-13,2.555634548e-13,4.075701247e-13,5.337148695e-13,4.443328373e-13,3.168721609e-13,4.930279744e-13,1.238062563e-13,3.961421946e-13,1.103724593e-13,3.596829563e-14,6.770556732e-14,1.038267856e-13,8.117881147e-14,1.400045967e-13,2.889271819e-13,3.037228887e-13,2.749678799e-13,1.250108157e-13,5.629182676e-13,2.566331227e-14
42.0234375,3.018487552e-13,1.172050454e-13,4.892686428e-13,4.005209993e-13,3.775793651e-13,3.683918676e-13,7.464277374e-14,1.832829423e-13,8.483650989e-14,6.320198023e-14,1.03904916e-13,1.400487725e-13,2.580931463e-13,4.088921033e-13,5.364539925e-13,4.491576512e-13,3.205922346e-13,4.916850873e-13,1.248553069e-13,3.960067909e-13,1.104421141e-13,3.579919547e-14,6.808545711e-14,1.02320862e-13,8.175550205e-14,1.428523361e-13,2.900392434e-13,3.04541699e-13,2.691831966e-13,1.250234872e-13,5.637136919e-13,2.590998476e-14
42.03125,3.026156047e-13,1.171397725e-13,4.913783375e-13,4.008873583e-13,3.755261979e-13,3.708622105e-13,7.487016494e-14,1.818467977e-13,8.467806252e-14,6.224054992e-14,1.039272641e-13,1.401793453e-13,2.605878393e-13,4.100637552e-13,5.395466501e-13,4.545557292e-13,3.247156522e-13,4.903708977e-13,1.259033827e-13,3.957783416e-13,1.104529252e-13,3.558946477e-14,6.847012206e-14,1.008181051e-13,8.238794493e-14,1.457994248e-13,2.913225323e-13,3.051890747e-13,2.636114491e-13,1.250449742e-13,5.644599481e-13,2.614524456e-14
42.0390625,3.033908499e-13,1.17362773e-13,4.936913307e-13,4.0150798e-13,3.732346314e-13,3.732559649e-13,7.509088749e-14,1.803790603e-13,8.445038377e-14,6.122966759e-14,1.04042011e-13,1.40396422e-13,2.631589973e-13,4.112627068e-13,5.429697204e-13,4.605071776e-13,3.290997611e-13,4.89170615e-13,1.270201131e-13,3.955190425e-13,1.105225374e-13,3.535770431e-14,6.89102094e-14,9.929585886e-14,8.308176384e-14,1.489399607e-13,2.926660763e-13,3.058773543e-13,2.582963813e-13,1.25126829e-13,5.653301136e-13,2.637812931e-14
42.046875,3.044384841e-13,1.177211963e-13,4.962884525e-13,4.021817769e-13,3.712048833e-13,3.756916765e-13,7.52941002e-14,1.788449762e-13,8.425112554e-14,6.022082202e-14,1.042277195e-13,1.407083465e-13,2.658373756e-13,4.127460308e-13,5.46465833e-13,4.666830022e-13,3.336158828e-13,4.882430356e-13,1.282882009e-13,3.954032678e-13,1.106967564e-13,3.517467334e-14,6.940424808e-14,9.774926415e-14,8.385016939e-14,1.521495134e-13,2.939926444e-13,3.066676801e-13,2.532942141e-13,1.252485824e-13,5.664042878e-13,2.662598787e-14
42.0546875,3.055344518e-13,1.180600162e-13,4.988239303e-13,4.028388353e-13,3.692214284e-13,3.781037332e-13,7.551036328e-14,1.77255182e-13,8.403606044e-14,5.921209183e-14,1.043894605e-13,1.409879745e-13,2.685174285e-13,4.142252157e-13,5.499097893e-13,4.730291539e-13,3.383003409e-13,4.874325495e-13,1.296071743e-13,3.95406257e-13,1.108200777e-13,3.501386721e-14,6.992338546e-14,9.621752067e-14,8.467671741e-14,1.553088144e-13,2.953605165e-13,3.073881398e-13,2.484855859e-13,1.253410872e-13,5.674046183e-13,2.686236232e-14
42.0625,3.066914298e-13,1.185268755e-13,5.012268551e-13,4.036602185e-13,3.668960555e-13,3.805877161e-13,7.576019242e-14,1.756508021e-13,8.374888233e-14,5.814580741e-14,1.045346959e-13,1.412069703e-13,2.712365617e-13,4.155671204e-13,5.534970323e-13,4.797457922e-13,3.433010476e-13,4.865797471e-13,1.309265104e-13,3.954633533e-13,1.108381609e-13,3.48293974e-14,7.044855002e-14,9.47375975e-14,8.551364193e-14,1.584417227e-13,2.96830216e-13,3.080953897e-13,2.437273269e-13,1.254036729e-13,5.681461946e-13,2.705064373e-14
42.0703125,3.080871449e-13,1.19207654e-13,5.036969591e-13,4.046518829e-13,3.6441732e-13,3.832465307e-13,7.603890263e-14,1.740518276e-13,8.342540012e-14,5.701272704e-14,1.047373365e-13,1.414479869e-13,2.740475248e-13,4.170276979e-13,5.573641447e-13,4.8681997e-13,3.486219331e-13,4.857312824e-13,1.323132193e-13,3.955885248e-13,1.108601694e-13,3.463498583e-14,7.094566952e-14,9.33233561e-14,8.635592454e-14,1.615841896e-13,2.98403032e-13,3.088752076e-13,2.390517182e-13,1.25475709e-13,5.68816619e-13,2.71922228e-14
42.078125,3.092338147e-13,1.198832324e-13,5.062415561e-13,4.057890536e-13,3.618144361e-13,3.858759136e-13,7.633932977e-14,1.724468628e-13,8.305252545e-14,5.587682607e-14,1.04963366e-13,1.417052696e-13,2.768208312e-13,4.184847681e-13,5.61367946e-13,4.941397808e-13,3.54051556e-13,4.847951972e-13,1.337066173e-13,3.95786128e-13,1.109213591e-13,3.441656541e-14,7.142651708e-14,9.194540904e-14,8.723597484e-14,1.648094967e-13,3.000786636e-13,3.095885106e-13,2.34522087e-13,1.255953367e-13,5.69447136e-13,2.73325367e-14
42.0859375,3.098347432e-13,1.203774818e-13,5.087365173e-13,4.070672756e-13,3.588915385e-13,3.883765663e-13,7.665138739e-14,1.708508328e-13,8.261474779e-14,5.480190807e-14,1.051509132e-13,1.419100695e-13,2.795135302e-13,4.196647344e-13,5.653453906e-13,5.016873302e-13,3.595271981e-13,4.83710425e-13,1.350366375e-13,3.961257472e-13,1.109967314e-13,3.415719775e-14,7.196047036e-14,9.057028e-14,8.815479561e-14,1.681267874e-13,3.018441581e-13,3.101713852e-13,2.302134067e-13,1.257571396e-13,5.698118395e-13,2.749999663e-14
42.09375,3.105277154e-13,1.208700168e-13,5.110101775e-13,4.08403003e-13,3.558082893e-13,3.909092688e-13,7.695723534e-14,1.692922053e-13,8.217515745e-14,5.377803472e-14,1.053503976e-13,1.420469234e-13,2.822194155e-13,4.206531087e-13,5.693012523e-13,5.095078775e-13,3.652944568e-13,4.826593454e-13,1.363912264e-13,3.967108371e-13,1.110647973e-13,3.390128228e-14,7.253547613e-14,8.923677836e-14,8.907809067e-14,1.713683416e-13,3.036643607e-13,3.107721705e-13,2.261841498e-13,1.258904926e-13,5.698961066e-13,2.766164142e-14
42.1015625,3.115999672e-13,1.215780456e-13,5.129827331e-13,4.099343277e-13,3.526470827e-13,3.934819878e-13,7.724139893e-14,1.677389936e-13,8.173340832e-14,5.274462513e-14,1.056433727e-13,1.421348081e-13,2.848863601e-13,4.215262364e-13,5.732685865e-13,5.17627897e-13,3.714581364e-13,4.816313158e-13,1.377923593e-13,3.974250892e-13,1.11063064e-13,3.365953662e-14,7.307865744e-14,8.794822297e-14,8.997966389e-14,1.744877102e-13,3.055865517e-13,3.115137936e-13,2.222762333e-13,1.259936494e-13,5.698132086e-13,2.778840107e-14
42.109375,3.125871565e-13,1.223827647e-13,5.149072651e-13,4.117687786e-13,3.492843232e-13,3.959909438e-13,7.75139591e-14,1.661306531e-13,8.122417952e-14,5.166567785e-14,1.060416387e-13,1.422007047e-13,2.874202196e-13,4.223087522e-13,5.772231097e-13,5.258575461e-13,3.777827175e-13,4.804473589e-13,1.39164287e-13,3.980623262e-13,1.110030218e-13,3.339361809e-14,7.360317538e-14,8.662350971e-14,9.08581918e-14,1.776058694e-13,3.076617343e-13,3.12304759e-13,2.183329255e-13,1.261449744e-13,5.695648817e-13,2.788738069e-14
42.1171875,3.134807755e-13,1.231923997e-13,5.169782245e-13,4.136715274e-13,3.458838912e-13,3.984726169e-13,7.779775828e-14,1.644895453e-13,8.067138501e-14,5.054133626e-14,1.064904789e-13,1.422779633e-13,2.89934031e-13,4.231866082e-13,5.812476628e-13,5.340708086e-13,3.841492185e-13,4.792345221e-13,1.405580052e-13,3.987461009e-13,1.109934124e-13,3.311954743e-14,7.415166407e-14,8.529524014e-14,9.173446103e-14,1.807154339e-13,3.09816224e-13,3.129890208e-13,2.145116491e-13,1.263264585e-13,5.692077939e-13,2.795436289e-14
42.125,3.146209467e-13,1.241997218e-13,5.189568467e-13,4.15585862e-13,3.425543341e-13,4.009617836e-13,7.807465161e-14,1.628976614e-13,8.013778109e-14,4.939225093e-14,1.069001991e-13,1.423673405e-13,2.925466996e-13,4.241620329e-13,5.854297104e-13,5.424705757e-13,3.906584931e-13,4.781599349e-13,1.420582294e-13,3.997110959e-13,1.110329099e-13,3.286765923e-14,7.471030441e-14,8.404827928e-14,9.263483911e-14,1.837653623e-13,3.12057977e-13,3.136151762e-13,2.109803798e-13,1.264669903e-13,5.687698349e-13,2.798971828e-14
42.1328125,3.15831951e-13,1.253801811e-13,5.206261134e-13,4.175384877e-13,3.390826531e-13,4.034354346e-13,7.832495902e-14,1.61349527e-13,7.96117304e-14,4.82547261e-14,1.072299212e-13,1.424164263e-13,2.951118777e-13,4.250051842e-13,5.895039122e-13,5.509481135e-13,3.972464496e-13,4.770299967e-13,1.435920601e-13,4.007696751e-13,1.110259249e-13,3.26139527e-14,7.528267256e-14,8.280506017e-14,9.354962717e-14,1.867395602e-13,3.144455608e-13,3.142495992e-13,2.076517402e-13,1.265626885e-13,5.680817742e-13,2.801691602e-14
42.140625,3.168925174e-13,1.264797981e-13,5.22108006e-13,4.192992276e-13,3.354257801e-13,4.059422198e-13,7.859772968e-14,1.597470923e-13,7.905689786e-14,4.715182825e-14,1.075442946e-13,1.423798117e-13,2.974534256e-13,4.256603456e-13,5.932114356e-13,5.591453154e-13,4.03827208e-13,4.756854763e-13,1.450645749e-13,4.016386556e-13,1.109689529e-13,3.23503075e-14,7.589017989e-14,8.151201308e-14,9.444311385e-14,1.895445715e-13,3.167897753e-13,3.147831043e-13,2.044435325e-13,1.266127312e-13,5.670946314e-13,2.803711122e-14
42.1484375,3.180024745e-13,1.275954717e-13,5.235756308e-13,4.211029817e-13,3.317094765e-13,4.085316199e-13,7.891594901e-14,1.580475539e-13,7.846115937e-14,4.608353574e-14,1.079188254e-13,1.422987664e-13,2.997207918e-13,4.262777474e-13,5.969322927e-13,5.673876618e-13,4.105788633e-13,4.743636762e-13,1.465366174e-13,4.02502857e-13,1.109144422e-13,3.209981048e-14,7.650542465e-14,8.024282505e-14,9.532685416e-14,1.922319927e-13,3.190084081e-13,3.15296882e-13,2.013773723e-13,1.266466551e-13,5.659879691e-13,2.802532882e-14
42.15625,3.192632623e-13,1.289499171e-13,5.250355309e-13,4.234965609e-13,3.279082568e-13,4.111581703e-13,7.921210252e-14,1.563036359e-13,7.781230451e-14,4.50268265e-14,1.08338702e-13,1.422337206e-13,3.021244029e-13,4.269427261e-13,6.011401651e-13,5.761673016e-13,4.176097685e-13,4.73302069e-13,1.481079427e-13,4.036330051e-13,1.108641651e-13,3.184626066e-14,7.71082777e-14,7.896245775e-14,9.623928842e-14,1.95004211e-13,3.21386266e-13,3.160176741e-13,1.983877635e-13,1.267565346e-13,5.647960695e-13,2.796435434e-14
42.1640625,3.205355245e-13,1.304080708e-13,5.263349784e-13,4.262487031e-13,3.239510151e-13,4.137505268e-13,7.945862654e-14,1.545700171e-13,7.711257521e-14,4.393739939e-14,1.087498135e-13,1.421355322e-13,3.045144225e-13,4.275267094e-13,6.055877637e-13,5.851863406e-13,4.247857236e-13,4.723464611e-13,1.49723307e-13,4.049063555e-13,1.107818635e-13,3.156474117e-14,7.772800074e-14,7.761869684e-14,9.716139846e-14,1.978158328e-13,3.239205988e-13,3.168196253e-13,1.954010908e-13,1.269316683e-13,5.63393876e-13,2.786024996e-14
42.171875,3.218212188e-13,1.317902705e-13,5.27309518e-13,4.288522682e-13,3.198585754e-13,4.163038683e-13,7.969831023e-14,1.528481268e-13,7.640040874e-14,4.282473867e-14,1.091300934e-13,1.419305365e-13,3.066888019e-13,4.279106505e-13,6.097965116e-13,5.939748869e-13,4.319911676e-13,4.712909454e-13,1.512727402e-13,4.061423838e-13,1.106218476e-13,3.128371307e-14,7.837524265e-14,7.632461469e-14,9.805880095e-14,2.004820235e-13,3.262698834e-13,3.175108963e-13,1.925226321e-13,1.270676683e-13,5.617713403e-13,2.773620576e-14
42.1796875,3.232413504e-13,1.331584179e-13,5.279218539e-13,4.313301053e-13,3.157410571e-13,4.18857312e-13,7.993251929e-14,1.511097877e-13,7.570800723e-14,4.176270141e-14,1.094494395e-13,1.416433243e-13,3.087501237e-13,4.282113846e-13,6.137339063e-13,6.02539363e-13,4.391378919e-13,4.702374773e-13,1.527878803e-13,4.07414862e-13,1.103717203e-13,3.103992762e-14,7.90194263e-14,7.51277362e-14,9.894248838e-14,2.029994505e-13,3.285161159e-13,3.181921794e-13,1.898801233e-13,1.271445156e-13,5.59931647e-13,2.759907656e-14
42.1875,3.247696756e-13,1.346054997e-13,5.281840712e-13,4.336989549e-13,3.116578394e-13,4.213541622e-13,8.013897004e-14,1.493363372e-13,7.502648334e-14,4.077044258e-14,1.096768406e-13,1.413101016e-13,3.107778628e-13,4.28441803e-13,6.174919118e-13,6.110151013e-13,4.461464144e-13,4.692694203e-13,1.543311452e-13,4.087533674e-13,1.100870378e-13,3.082163778e-14,7.96290382e-14,7.393491652e-14,9.981101539e-14,2.054240934e-13,3.309642451e-13,3.188765683e-13,1.874032942e-13,1.27213727e-13,5.57809257e-13,2.744030159e-14
42.1953125,3.263059114e-13,1.361678069e-13,5.282504069e-13,4.359144817e-13,3.075619495e-13,4.237116885e-13,8.033668389e-14,1.475296163e-13,7.434338042e-14,3.982570992e-14,1.099019316e-13,1.409585768e-13,3.127198183e-13,4.285397556e-13,6.210684698e-13,6.194055347e-13,4.530894941e-13,4.683263422e-13,1.558930248e-13,4.099499362e-13,1.09833221e-13,3.060470485e-14,8.019987647e-14,7.271919834e-14,1.006503704e-13,2.077772494e-13,3.335091784e-13,3.195442861e-13,1.849630383e-13,1.273387815e-13,5.555870865e-13,2.726418169e-14
42.203125,3.279275311e-13,1.37867018e-13,5.285091195e-13,4.382753103e-13,3.035824986e-13,4.260797572e-13,8.055719317e-14,1.457160882e-13,7.366812214e-14,3.894840211e-14,1.102514663e-13,1.406707605e-13,3.146849031e-13,4.288708076e-13,6.247005596e-13,6.276949852e-13,4.600755908e-13,4.675776717e-13,1.575296319e-13,4.109595916e-13,1.09623524e-13,3.039825227e-14,8.077790944e-14,7.149639057e-14,1.014983961e-13,2.100846063e-13,3.35952774e-13,3.20414117e-13,1.825762792e-13,1.275587993e-13,5.536157594e-13,2.706657324e-14
42.2109375,3.297238342e-13,1.396428509e-13,5.290291914e-13,4.409583277e-13,2.998394084e-13,4.286375799e-13,8.081079046e-14,1.439480803e-13,7.299891726e-14,3.812681594e-14,1.106572937e-13,1.404548334e-13,3.167301397e-13,4.295902408e-13,6.286137774e-13,6.359746641e-13,4.671040213e-13,4.671378754e-13,1.592734937e-13,4.121181057e-13,1.094264917e-13,3.020836163e-14,8.141268951e-14,7.026932063e-14,1.023783758e-13,2.123251144e-13,3.383700025e-13,3.214724235e-13,1.802976715e-13,1.278056637e-13,5.518026944e-13,2.683891878e-14
42.21875,3.315067239e-13,1.413808692e-13,5.293639156e-13,4.437354476e-13,2.960524923e-13,4.312045913e-13,8.105908579e-14,1.422291862e-13,7.2321045e-14,3.732073267e-14,1.109937153e-13,1.402151438e-13,3.186596922e-13,4.301313625e-13,6.325053038e-13,6.442846575e-13,4.741469298e-13,4.666810422e-13,1.609934764e-13,4.135433834e-13,1.092050538e-13,3.001263676e-14,8.20631236e-14,6.90927191e-14,1.032368066e-13,2.144804241e-13,3.408447109e-13,3.224452287e-13,1.780973766e-13,1.280127535e-13,5.497244286e-13,2.659602043e-14
42.2265625,3.331735697e-13,1.430515186e-13,5.293229782e-13,4.46331419e-13,2.92106224e-13,4.335601982e-13,8.124587123e-14,1.404690406e-13,7.162495355e-14,3.655513221e-14,1.113223458e-13,1.399194094e-13,3.203985537e-13,4.303481804e-13,6.360191175e-13,6.524012421e-13,4.811860669e-13,4.660534361e-13,1.626408332e-13,4.148804364e-13,1.089427333e-13,2.981108143e-14,8.265567362e-14,6.797171014e-14,1.040369529e-13,2.165172769e-13,3.433160005e-13,3.233423979e-13,1.759571653e-13,1.282255333e-13,5.473303253e-13,2.633123034e-14
42.234375,3.349455126e-13,1.447440294e-13,5.290173783e-13,4.486810755e-13,2.882411684e-13,4.358474564e-13,8.140017422e-14,1.386464176e-13,7.089700304e-14,3.582811117e-14,1.116968541e-13,1.395350718e-13,3.219924372e-13,4.305887452e-13,6.392503582e-13,6.601409169e-13,4.881274508e-13,4.654141356e-13,1.642787738e-13,4.160652145e-13,1.086082304e-13,2.96247965e-14,8.320375678e-14,6.681472667e-14,1.047876737e-13,2.183114056e-13,3.457246251e-13,3.242001391e-13,1.73893653e-13,1.284155395e-13,5.447496036e-13,2.602431949e-14
42.2421875,3.368060591e-13,1.465482783e-13,5.282025547e-13,4.510207538e-13,2.843187817e-13,4.382019405e-13,8.157937709e-14,1.369048621e-13,7.016173233e-14,3.508456702e-14,1.120248814e-13,1.389722518e-13,3.233168227e-13,4.305318933e-13,6.421837519e-13,6.675037748e-13,4.947400007e-13,4.645362049e-13,1.658106522e-13,4.174870076e-13,1.081605081e-13,2.944723601e-14,8.373806641e-14,6.562857176e-14,1.054560085e-13,2.198453787e-13,3.481080977e-13,3.248658248e-13,1.718827696e-13,1.28467125e-13,5.41823355e-13,2.57120473e-14
42.25,3.384978675e-13,1.484482498e-13,5.267706366e-13,4.53495315e-13,2.801727358e-13,4.404696735e-13,8.175226802e-14,1.353087975e-13,6.947907352e-14,3.435830794e-14,1.122838986e-13,1.383086414e-13,3.243684047e-13,4.299696385e-13,6.44626228e-13,6.744021963e-13,5.009146678e-13,4.632035306e-13,1.671802174e-13,4.191915763e-13,1.076485899e-13,2.927386628e-14,8.424020662e-14,6.453077935e-14,1.060151836e-13,2.212580791e-13,3.504986353e-13,3.254572228e-13,1.699142686e-13,1.284270327e-13,5.385823362e-13,2.542736806e-14
42.2578125,3.401603042e-13,1.503265544e-13,5.252373739e-13,4.558224586e-13,2.761711506e-13,4.425826623e-13,8.190772753e-14,1.337161057e-13,6.882308263e-14,3.369452587e-14,1.125162507e-13,1.377099581e-13,3.25389451e-13,4.295917267e-13,6.469283787e-13,6.809323064e-13,5.069601507e-13,4.618759563e-13,1.685793346e-13,4.20877364e-13,1.071475681e-13,2.911713265e-14,8.473047968e-14,6.352266088e-14,1.06547819e-13,2.225727488e-13,3.528092368e-13,3.261429993e-13,1.680496373e-13,1.284243616e-13,5.353936742e-13,2.513460481e-14
42.265625,3.420488332e-13,1.520930057e-13,5.238357155e-13,4.580040591e-13,2.724110091e-13,4.447277696e-13,8.210756933e-14,1.320485895e-13,6.812829161e-14,3.303774709e-14,1.127291612e-13,1.371169718e-13,3.264287999e-13,4.295616583e-13,6.495117868e-13,6.874500991e-13,5.131353441e-13,4.609203508e-13,1.700793206e-13,4.225179139e-13,1.066064928e-13,2.896837547e-14,8.523662111e-14,6.248843584e-14,1.071354696e-13,2.237001075e-13,3.550088868e-13,3.267728904e-13,1.663196413e-13,1.284432032e-13,5.322695542e-13,2.481255938e-14
42.2734375,3.440225446e-13,1.538597279e-13,5.223086337e-13,4.60519901e-13,2.685826453e-13,4.470570604e-13,8.233324475e-14,1.303958409e-13,6.743714797e-14,3.237192061e-14,1.13018083e-13,1.364089748e-13,3.273811097e-13,4.2931472e-13,6.521264163e-13,6.939424845e-13,5.192268612e-13,4.601211103e-13,1.715407014e-13,4.242516446e-13,1.059844267e-13,2.882550134e-14,8.571249691e-14,6.140639488e-14,1.077308047e-13,2.246362054e-13,3.571662588e-13,3.273803358e-13,1.64631675e-13,1.284344961e-13,5.2896492e-13,2.447852109e-14
42.28125,3.459416973e-13,1.558085642e-13,5.207542662e-13,4.633019778e-13,2.647252816e-13,4.495495992e-13,8.252526104e-14,1.287904293e-13,6.678597022e-14,3.17434169e-14,1.134467884e-13,1.356529744e-13,3.282932579e-13,4.289283364e-13,6.546182715e-13,7.002201354e-13,5.251536693e-13,4.593430242e-13,1.729581155e-13,4.260497432e-13,1.053705095e-13,2.870141619e-14,8.616079212e-14,6.034699911e-14,1.082800744e-13,2.254763015e-13,3.592119943e-13,3.28175731e-13,1.629191173e-13,1.28444415e-13,5.255412576e-13,2.412845621e-14
42.2890625,3.478979239e-13,1.578756987e-13,5.19314194e-13,4.658112603e-13,2.609455205e-13,4.52108829e-13,8.272545638e-14,1.271959213e-13,6.611768674e-14,3.114595425e-14,1.138751308e-13,1.349192872e-13,3.291444074e-13,4.287676291e-13,6.57282148e-13,7.064671453e-13,5.31201462e-13,4.586409079e-13,1.744071962e-13,4.278646515e-13,1.047777227e-13,2.857911748e-14,8.665485492e-14,5.933164767e-14,1.088169706e-13,2.26337678e-13,3.611824698e-13,3.289966697e-13,1.613285012e-13,1.285014611e-13,5.220869782e-13,2.376697078e-14
42.296875,3.498696373e-13,1.599098543e-13,5.176463596e-13,4.680989032e-13,2.571397512e-13,4.546445563e-13,8.296282602e-14,1.25631821e-13,6.543663775e-14,3.059573955e-14,1.142258802e-13,1.341660544e-13,3.297800018e-13,4.286651221e-13,6.600176285e-13,7.127553619e-13,5.373470673e-13,4.579051187e-13,1.758321238e-13,4.298015121e-13,1.041146335e-13,2.844789564e-14,8.716091794e-14,5.835705527e-14,1.093326431e-13,2.271974653e-13,3.633812337e-13,3.29680957e-13,1.599869774e-13,1.285566439e-13,5.184556308e-13,2.342034166e-14
42.3046875,3.517269268e-13,1.619193911e-13,5.15623088e-13,4.705611296e-13,2.533913357e-13,4.571078739e-13,8.316867023e-14,1.24074421e-13,6.478314271e-14,3.015314754e-14,1.145836411e-13,1.333665666e-13,3.302343844e-13,4.2846581e-13,6.62459437e-13,7.187446362e-13,5.432593466e-13,4.570510446e-13,1.771713771e-13,4.319835103e-13,1.033963736e-13,2.832519306e-14,8.759437841e-14,5.742043651e-14,1.097633121e-13,2.278435883e-13,3.657053675e-13,3.303869622e-13,1.587316782e-13,1.285544331e-13,5.145961333e-13,2.306470946e-14
42.3125,3.535039818e-13,1.638731246e-13,5.134686533e-13,4.731130735e-13,2.497739609e-13,4.594992882e-13,8.331116691e-14,1.224600972e-13,6.412328167e-14,2.977366376e-14,1.149512166e-13,1.325250273e-13,3.306372465e-13,4.282408024e-13,6.646578816e-13,7.242544752e-13,5.488577773e-13,4.561559082e-13,1.784482589e-13,4.343217396e-13,1.026830906e-13,2.820970833e-14,8.79922501e-14,5.648391518e-14,1.10135498e-13,2.281783613e-13,3.676818341e-13,3.31079308e-13,1.574220859e-13,1.284806763e-13,5.106474885e-13,2.265347204e-14
42.3203125,3.553597829e-13,1.657650075e-13,5.111627475e-13,4.754430771e-13,2.461794257e-13,4.61873284e-13,8.344080499e-14,1.208440805e-13,6.346739483e-14,2.937494665e-14,1.15298381e-13,1.316495357e-13,3.309550725e-13,4.279558661e-13,6.66778831e-13,7.295043495e-13,5.542866364e-13,4.552880556e-13,1.796809772e-13,4.366441029e-13,1.019558687e-13,2.810680023e-14,8.841348104e-14,5.55731879e-14,1.105111104e-13,2.283731393e-13,3.694174824e-13,3.316041365e-13,1.561752231e-13,1.283749072e-13,5.067320507e-13,2.220750859e-14
42.328125,3.572875634e-13,1.677471378e-13,5.086417111e-13,4.775680522e-13,2.42626069e-13,4.642953692e-13,8.361563476e-14,1.192950576e-13,6.286933816e-14,2.901318302e-14,1.156435102e-13,1.307463424e-13,3.311203765e-13,4.275799346e-13,6.687807474e-13,7.346922206e-13,5.596195371e-13,4.544614087e-13,1.808496283e-13,4.390262955e-13,1.012009858e-13,2.803615361e-14,8.88336084e-14,5.476009985e-14,1.108647637e-13,2.285759419e-13,3.71296249e-13,3.321019909e-13,1.550433854e-13,1.282886213e-13,5.027905457e-13,2.177524652e-14
42.3359375,3.591323452e-13,1.697333783e-13,5.05947561e-13,4.796916958e-13,2.391791961e-13,4.667508305e-13,8.384893283e-14,1.177826653e-13,6.230570157e-14,2.876517856e-14,1.159256218e-13,1.29787558e-13,3.311497426e-13,4.271555146e-13,6.705677871e-13,7.395717539e-13,5.647047068e-13,4.536577022e-13,1.819359814e-13,4.41602725e-13,1.004009628e-13,2.798282194e-14,8.923989436e-14,5.39905281e-14,1.111653384e-13,2.286971966e-13,3.730884936e-13,3.326369227e-13,1.539443599e-13,1.282012823e-13,4.986709696e-13,2.135354085e-14
42.34375,3.609708138e-13,1.715631327e-13,5.030326751e-13,4.818734212e-13,2.358825064e-13,4.692179513e-13,8.408500885e-14,1.16302867e-13,6.175960528e-14,2.857589365e-14,1.161381798e-13,1.287920238e-13,3.310951524e-13,4.267682059e-13,6.720958279e-13,7.437633901e-13,5.693043302e-13,4.528845692e-13,1.829756134e-13,4.442659121e-13,9.95211861e-14,2.793961998e-14,8.964762808e-14,5.318429337e-14,1.114279296e-13,2.28568873e-13,3.744803973e-13,3.330779772e-13,1.528724548e-13,1.280518412e-13,4.945053104e-13,2.091473213e-14
42.3515625,3.629200743e-13,1.73458069e-13,5.001134786e-13,4.840569027e-13,2.327897591e-13,4.717998621e-13,8.429098344e-14,1.14861841e-13,6.123802912e-14,2.840406592e-14,1.164205457e-13,1.278346101e-13,3.310107546e-13,4.26488986e-13,6.734928371e-13,7.474186314e-13,5.734848546e-13,4.521477224e-13,1.839974943e-13,4.469195477e-13,9.862750019e-14,2.791866521e-14,9.003563653e-14,5.23834218e-14,1.116442066e-13,2.281930605e-13,3.756764164e-13,3.335015655e-13,1.518086066e-13,1.278590151e-13,4.905308462e-13,2.045035664e-14
42.359375,3.647058486e-13,1.754199577e-13,4.974243955e-13,4.861450677e-13,2.297570583e-13,4.74537004e-13,8.452746243e-14,1.134317732e-13,6.070354483e-14,2.831807619e-14,1.167700654e-13,1.268789941e-13,3.308543388e-13,4.261390847e-13,6.748203213e-13,7.508332074e-13,5.774242126e-13,4.513175615e-13,1.849202749e-13,4.496214733e-13,9.779988752e-14,2.789346894e-14,9.039109073e-14,5.164052696e-14,1.118015236e-13,2.277108924e-13,3.768507585e-13,3.339610692e-13,1.507142374e-13,1.276900861e-13,4.865424421e-13,1.996804841e-14
42.3671875,3.662268423e-13,1.771026117e-13,4.945594982e-13,4.880064121e-13,2.267415223e-13,4.772249082e-13,8.480552931e-14,1.12064795e-13,6.018511003e-14,2.834277054e-14,1.170376933e-13,1.258488763e-13,3.305400803e-13,4.255818825e-13,6.757974839e-13,7.537974822e-13,5.809794645e-13,4.50347993e-13,1.856998066e-13,4.524005931e-13,9.699711113e-14,2.78592228e-14,9.074094844e-14,5.09683722e-14,1.119154768e-13,2.271636632e-13,3.778818107e-13,3.342895442e-13,1.496454531e-13,1.275364825e-13,4.823281481e-13,1.948872264e-14
42.375,3.678575933e-13,1.78677852e-13,4.912352009e-13,4.896783357e-13,2.239542324e-13,4.797193092e-13,8.50602446e-14,1.107678007e-13,5.97351092e-14,2.844069088e-14,1.172203682e-13,1.247971148e-13,3.301429915e-13,4.250601122e-13,6.763865733e-13,7.562010538e-13,5.840858174e-13,4.494197609e-13,1.864363264e-13,4.552135077e-13,9.617607482e-14,2.785517964e-14,9.10863069e-14,5.033731293e-14,1.119943683e-13,2.264916314e-13,3.787073894e-13,3.345172637e-13,1.486011327e-13,1.273387773e-13,4.781350861e-13,1.902617687e-14
42.3828125,3.696043543e-13,1.804095096e-13,4.878421223e-13,4.913246269e-13,2.212701476e-13,4.821640187e-13,8.531681209e-14,1.09411601e-13,5.927645772e-14,2.861961326e-14,1.173988019e-13,1.237504786e-13,3.297422658e-13,4.246402058e-13,6.76950437e-13,7.583641028e-13,5.86981633e-13,4.48496363e-13,1.87124407e-13,4.579422925e-13,9.534174726e-14,2.786349864e-14,9.139749367e-14,4.967118629e-14,1.120387155e-13,2.256698044e-13,3.793515532e-13,3.347514126e-13,1.475233794e-13,1.270693614e-13,4.739869645e-13,1.856523617e-14
42.390625,3.711167827e-13,1.819540594e-13,4.844878213e-13,4.928621387e-13,2.185005503e-13,4.846717309e-13,8.562155171e-14,1.080388962e-13,5.877897289e-14,2.885914014e-14,1.175613849e-13,1.226385251e-13,3.292154678e-13,4.240648994e-13,6.774010774e-13,7.602449225e-13,5.896166049e-13,4.473082121e-13,1.876110036e-13,4.606227523e-13,9.447076669e-14,2.784950658e-14,9.168279958e-14,4.902448098e-14,1.120253845e-13,2.24641935e-13,3.797903631e-13,3.34840598e-13,1.464371724e-13,1.267262984e-13,4.695653046e-13,1.809383335e-14
42.3984375,3.724874615e-13,1.831764967e-13,4.808869229e-13,4.941316833e-13,2.15956029e-13,4.871632952e-13,8.591633232e-14,1.068292954e-13,5.834643436e-14,2.910283326e-14,1.176755678e-13,1.214767765e-13,3.285078755e-13,4.233738911e-13,6.773556247e-13,7.614864281e-13,5.917299838e-13,4.459387128e-13,1.879016146e-13,4.636140113e-13,9.355867679e-14,2.7844967e-14,9.197824845e-14,4.851554032e-14,1.119158531e-13,2.233556942e-13,3.800098945e-13,3.347377998e-13,1.453256738e-13,1.263279939e-13,4.649794565e-13,1.762472742e-14
42.40625,3.739442061e-13,1.843959314e-13,4.770839291e-13,4.951982147e-13,2.137259237e-13,4.89618538e-13,8.617976101e-14,1.057136512e-13,5.799116269e-14,2.939996601e-14,1.177439647e-13,1.203185511e-13,3.277540868e-13,4.227251233e-13,6.769626049e-13,7.621955618e-13,5.934503249e-13,4.446890085e-13,1.881217933e-13,4.669695628e-13,9.262860095e-14,2.787129027e-14,9.22797176e-14,4.806294862e-14,1.117484064e-13,2.219158122e-13,3.800746023e-13,3.345946235e-13,1.441580405e-13,1.25903063e-13,4.605490837e-13,1.716996285e-14
42.4140625,3.753388694e-13,1.856747241e-13,4.73179768e-13,4.960471568e-13,2.114519768e-13,4.920494455e-13,8.645934711e-14,1.045382151e-13,5.764688789e-14,2.981606792e-14,1.177773504e-13,1.191353899e-13,3.269598092e-13,4.219471389e-13,6.76445657e-13,7.626237503e-13,5.949310035e-13,4.434692644e-13,1.88248751e-13,4.702552298e-13,9.168225309e-14,2.789986965e-14,9.256258409e-14,4.757831286e-14,1.115714403e-13,2.204340635e-13,3.800830115e-13,3.344054359e-13,1.430017028e-13,1.254481891e-13,4.561743653e-13,1.672732276e-14
42.421875,3.765083865e-13,1.869249033e-13,4.691096084e-13,4.966262293e-13,2.091233064e-13,4.94370545e-13,8.674459433e-14,1.033710375e-13,5.730771422e-14,3.031323556e-14,1.177752427e-13,1.179183872e-13,3.259852192e-13,4.209542017e-13,6.756361409e-13,7.626087637e-13,5.959617187e-13,4.419651107e-13,1.882123394e-13,4.73435717e-13,9.073958984e-14,2.790817357e-14,9.284713138e-14,4.712880108e-14,1.113246457e-13,2.188867462e-13,3.799861455e-13,3.341127022e-13,1.418325239e-13,1.249555314e-13,4.516268203e-13,1.628106584e-14
42.4296875,3.77539946e-13,1.880565323e-13,4.649689111e-13,4.971924541e-13,2.069251612e-13,4.966483637e-13,8.703143629e-14,1.023093565e-13,5.696823102e-14,3.087616793e-14,1.177173532e-13,1.166813939e-13,3.248509179e-13,4.199657393e-13,6.746325537e-13,7.62157847e-13,5.966236085e-13,4.401937337e-13,1.880678035e-13,4.76865606e-13,8.980836742e-14,2.79006386e-14,9.316314219e-14,4.67127288e-14,1.109925695e-13,2.172608237e-13,3.796522485e-13,3.337158528e-13,1.405867983e-13,1.244405791e-13,4.469085827e-13,1.582143411e-14
42.4375,3.785707944e-13,1.889148698e-13,4.608200043e-13,4.978938711e-13,2.048000193e-13,4.99055448e-13,8.735709603e-14,1.013446303e-13,5.664301158e-14,3.152639063e-14,1.176427489e-13,1.154072244e-13,3.237032367e-13,4.190630105e-13,6.737796599e-13,7.617479249e-13,5.973819473e-13,4.384317388e-13,1.878646343e-13,4.805309108e-13,8.885091489e-14,2.790862288e-14,9.347640025e-14,4.632677536e-14,1.106668531e-13,2.155853976e-13,3.792212299e-13,3.331723303e-13,1.393713514e-13,1.239069083e-13,4.421664256e-13,1.537542688e-14
42.4453125,3.795734807e-13,1.897181704e-13,4.565547809e-13,4.984920731e-13,2.027462852e-13,5.014746044e-13,8.769448245e-14,1.004511672e-13,5.638635418e-14,3.223675015e-14,1.176234554e-13,1.141205766e-13,3.225372262e-13,4.180827798e-13,6.728952478e-13,7.614219785e-13,5.98162725e-13,4.367480032e-13,1.87558902e-13,4.842726215e-13,8.787757462e-14,2.7951307e-14,9.373168722e-14,4.605581793e-14,1.103300883e-13,2.138393049e-13,3.788911603e-13,3.325682418e-13,1.382397674e-13,1.233578151e-13,4.375196629e-13,1.496713357e-14
42.453125,3.804584133e-13,1.907189605e-13,4.521410825e-13,4.988832741e-13,2.00798324e-13,5.037676309e-13,8.802026147e-14,9.957859868e-14,5.616068632e-14,3.300894184e-14,1.175897336e-13,1.12828244e-13,3.212255708e-13,4.169574158e-13,6.716057059e-13,7.606143122e-13,5.984657008e-13,4.34978259e-13,1.871338246e-13,4.880877127e-13,8.692055404e-14,2.799675295e-14,9.394626401e-14,4.58343407e-14,1.098974324e-13,2.119821313e-13,3.784358163e-13,3.320129408e-13,1.370922624e-13,1.228022125e-13,4.328574986e-13,1.457928604e-14
42.4609375,3.813211559e-13,1.915832939e-13,4.476080457e-13,4.992106242e-13,1.988796242e-13,5.061749372e-13,8.838858959e-14,9.871363271e-14,5.590163921e-14,3.386820531e-14,1.174446982e-13,1.114682399e-13,3.19793556e-13,4.158202388e-13,6.700439248e-13,7.591567868e-13,5.982811468e-13,4.330514322e-13,1.866327146e-13,4.918307904e-13,8.595653151e-14,2.802568909e-14,9.419000332e-14,4.555957465e-14,1.094184887e-13,2.099860668e-13,3.775856418e-13,3.313718121e-13,1.359041941e-13,1.222132006e-13,4.280389275e-13,1.420599847e-14
42.46875,3.821817332e-13,1.921472631e-13,4.430405532e-13,4.994785991e-13,1.970142337e-13,5.087738691e-13,8.88099774e-14,9.791550469e-14,5.56527e-14,3.479381891e-14,1.172612961e-13,1.100650441e-13,3.18374806e-13,4.147107224e-13,6.684042503e-13,7.573329867e-13,5.978067369e-13,4.309921095e-13,1.860546784e-13,4.954039905e-13,8.498816944e-14,2.80623361e-14,9.44877678e-14,4.530551628e-14,1.089460509e-13,2.078622469e-13,3.764894861e-13,3.305704483e-13,1.346931187e-13,1.215683059e-13,4.232183164e-13,1.385725577e-14
42.4765625,3.827930892e-13,1.927490345e-13,4.385173429e-13,4.995035263e-13,1.952127704e-13,5.111190035e-13,8.923282387e-14,9.71849067e-14,5.545799368e-14,3.580078039e-14,1.170852474e-13,1.086913621e-13,3.16888535e-13,4.134354628e-13,6.665078563e-13,7.551819566e-13,5.968908363e-13,4.287814684e-13,1.853309437e-13,4.990857166e-13,8.405028225e-14,2.810973085e-14,9.479736578e-14,4.51204641e-14,1.08415651e-13,2.056950772e-13,3.753011568e-13,3.296899046e-13,1.334435169e-13,1.208928913e-13,4.184588966e-13,1.351078994e-14
42.484375,3.831275326e-13,1.933666424e-13,4.339474819e-13,4.991157754e-13,1.934221206e-13,5.130296428e-13,8.964594004e-14,9.650433391e-14,5.530548717e-14,3.691941547e-14,1.168524672e-13,1.073257344e-13,3.151725467e-13,4.119346785e-13,6.642732405e-13,7.527028714e-13,5.955176622e-13,4.264576505e-13,1.844222639e-13,5.03165471e-13,8.31433604e-14,2.814856648e-14,9.507624748e-14,4.499120025e-14,1.078026065e-13,2.035595055e-13,3.739430253e-13,3.28651587e-13,1.32204379e-13,1.202094028e-13,4.135641132e-13,1.316005386e-14
42.4921875,3.834096882e-13,1.937370437e-13,4.293864282e-13,4.98367642e-13,1.917537355e-13,5.150140542e-13,9.008483981e-14,9.590681248e-14,5.51861974e-14,3.811949262e-14,1.165964403e-13,1.059695097e-13,3.133537379e-13,4.104426139e-13,6.618983285e-13,7.500591746e-13,5.939526668e-13,4.240731023e-13,1.833806627e-13,5.074716325e-13,8.22854449e-14,2.817645437e-14,9.532980385e-14,4.494087727e-14,1.071576552e-13,2.014452033e-13,3.724478179e-13,3.274196252e-13,1.310259028e-13,1.195123625e-13,4.086240036e-13,1.284317698e-14
42.5,3.837187985e-13,1.939417719e-13,4.250182322e-13,4.97524209e-13,1.902528669e-13,5.174073467e-13,9.058267753e-14,9.535971816e-14,5.507728256e-14,3.940826344e-14,1.163558241e-13,1.046609911e-13,3.115827282e-13,4.09077777e-13,6.594720823e-13,7.472345125e-13,5.922672662e-13,4.215719979e-13,1.822749236e-13,5.11595215e-13,8.148522186e-14,2.820319812e-14,9.55855916e-14,4.491737936e-14,1.064944916e-13,1.99278334e-13,3.70930976e-13,3.261668607e-13,1.298786957e-13,1.187875897e-13,4.038577029e-13,1.256799655e-14
42.5078125,3.840747892e-13,1.940170763e-13,4.206130093e-13,4.967100396e-13,1.887998385e-13,5.19806477e-13,9.111192564e-14,9.482606804e-14,5.49807031e-14,4.081612152e-14,1.160768893e-13,1.033369771e-13,3.097129203e-13,4.07702351e-13,6.568847512e-13,7.441515339e-13,5.904223417e-13,4.189555775e-13,1.810946074e-13,5.155887238e-13,8.067479652e-14,2.824436689e-14,9.583943209e-14,4.489038217e-14,1.057938216e-13,1.969841474e-13,3.693340892e-13,3.249254991e-13,1.286944086e-13,1.180410365e-13,3.9910475e-13,1.230265325e-14
42.515625,3.844292417e-13,1.938070518e-13,4.159331196e-13,4.957715104e-13,1.874543523e-13,5.218243258e-13,9.16052113e-14,9.435584363e-14,5.493524059e-14,4.230542902e-14,1.158137268e-13,1.019509273e-13,3.076860452e-13,4.062386573e-13,6.54013081e-13,7.407782171e-13,5.884099059e-13,4.163206118e-13,1.798110559e-13,5.197994632e-13,7.9825258e-14,2.830449142e-14,9.606530217e-14,4.493704455e-14,1.050531426e-13,1.945829152e-13,3.675293061e-13,3.235795645e-13,1.274053759e-13,1.173141505e-13,3.942610825e-13,1.203208067e-14
42.5234375,3.846369143e-13,1.934088109e-13,4.112228526e-13,4.945944429e-13,1.862797718e-13,5.236887705e-13,9.20840267e-14,9.393567036e-14,5.490640787e-14,4.38846316e-14,1.156275555e-13,1.005641434e-13,3.057010214e-13,4.047295515e-13,6.508676101e-13,7.369859984e-13,5.860797179e-13,4.136751053e-13,1.784673892e-13,5.240218117e-13,7.89943588e-14,2.836657915e-14,9.627575742e-14,4.503470127e-14,1.042921854e-13,1.921459011e-13,3.655094949e-13,3.220935553e-13,1.260582086e-13,1.166024608e-13,3.895433545e-13,1.17628078e-14
42.53125,3.847247733e-13,1.930700871e-13,4.065246147e-13,4.933097204e-13,1.850820875e-13,5.256287207e-13,9.261685153e-14,9.352743102e-14,5.484411716e-14,4.561263988e-14,1.15395965e-13,9.919620449e-14,3.037760708e-13,4.031440886e-13,6.47592497e-13,7.32843645e-13,5.832987062e-13,4.109351524e-13,1.770726378e-13,5.279261404e-13,7.821012977e-14,2.84178822e-14,9.650279567e-14,4.512176913e-14,1.035232591e-13,1.896595893e-13,3.634103901e-13,3.204645565e-13,1.247801651e-13,1.158384668e-13,3.849449198e-13,1.151034211e-14
42.5390625,3.847124276e-13,1.927638728e-13,4.015562014e-13,4.920425858e-13,1.837858989e-13,5.274695842e-13,9.318058652e-14,9.320855689e-14,5.478983896e-14,4.745643495e-14,1.150531257e-13,9.781180188e-14,3.017304565e-13,4.014186688e-13,6.442188165e-13,7.285658487e-13,5.801517148e-13,4.080159883e-13,1.75534048e-13,5.318250239e-13,7.746420992e-14,2.845519885e-14,9.673636621e-14,4.525194124e-14,1.027228764e-13,1.871287801e-13,3.613515591e-13,3.187138431e-13,1.23542627e-13,1.150331017e-13,3.802216603e-13,1.128948128e-14
42.546875,3.845482326e-13,1.922360526e-13,3.96420549e-13,4.90617611e-13,1.825650579e-13,5.291468293e-13,9.375182478e-14,9.299275891e-14,5.476637493e-14,4.935645838e-14,1.146800419e-13,9.639960757e-14,2.995562288e-13,3.996129472e-13,6.406494855e-13,7.240947506e-13,5.76852213e-13,4.049250287e-13,1.738253994e-13,5.359822808e-13,7.676550868e-14,2.8480582e-14,9.695980675e-14,4.544796555e-14,1.018888355e-13,1.846493263e-13,3.592224285e-13,3.168629768e-13,1.222282106e-13,1.142469957e-13,3.753294292e-13,1.109628079e-14
42.5546875,3.84375789e-13,1.91437464e-13,3.913736346e-13,4.888610746e-13,1.814983209e-13,5.307646658e-13,9.436841224e-14,9.276120247e-14,5.474795431e-14,5.129218405e-14,1.143115446e-13,9.496010681e-14,2.973748566e-13,3.977744984e-13,6.368955259e-13,7.193370594e-13,5.735169798e-13,4.017526434e-13,1.720279323e-13,5.402436414e-13,7.612104695e-14,2.850812863e-14,9.717977009e-14,4.568985238e-14,1.010542599e-13,1.821869168e-13,3.568261446e-13,3.14860366e-13,1.208597217e-13,1.134334073e-13,3.703744132e-13,1.091918115e-14
42.5625,3.84170043e-13,1.906394081e-13,3.863073132e-13,4.869815394e-13,1.805075836e-13,5.322492473e-13,9.500543716e-14,9.248132669e-14,5.474870963e-14,5.324314537e-14,1.139685289e-13,9.351940604e-14,2.952000401e-13,3.957682141e-13,6.329205892e-13,7.142823787e-13,5.699293731e-13,3.984473345e-13,1.701640698e-13,5.445427551e-13,7.551440039e-14,2.854205064e-14,9.738692989e-14,4.596819842e-14,1.001916177e-13,1.795778585e-13,3.541690512e-13,3.127364993e-13,1.195054646e-13,1.125262103e-13,3.654269835e-13,1.075643052e-14
42.5703125,3.837781224e-13,1.899454714e-13,3.810469528e-13,4.85101001e-13,1.795464542e-13,5.336149022e-13,9.561526875e-14,9.222269026e-14,5.476739607e-14,5.527127638e-14,1.136655951e-13,9.208697011e-14,2.929300308e-13,3.935275857e-13,6.285481104e-13,7.08770947e-13,5.658461656e-13,3.948939219e-13,1.681993463e-13,5.48757824e-13,7.490119296e-14,2.857778583e-14,9.758863623e-14,4.621172723e-14,9.925168965e-14,1.768255732e-13,3.513656919e-13,3.105860071e-13,1.181312559e-13,1.115747328e-13,3.604855774e-13,1.06097977e-14
42.578125,3.834108225e-13,1.890877978e-13,3.756467277e-13,4.82904043e-13,1.786619195e-13,5.349980123e-13,9.623263853e-14,9.201326309e-14,5.477576116e-14,5.74677538e-14,1.133368889e-13,9.061840725e-14,2.904823848e-13,3.912106647e-13,6.238009703e-13,7.027930411e-13,5.614058286e-13,3.911910062e-13,1.66129226e-13,5.527784383e-13,7.427676603e-14,2.862112244e-14,9.781231132e-14,4.641862179e-14,9.826835839e-14,1.740973831e-13,3.485062779e-13,3.083383722e-13,1.166660096e-13,1.10659596e-13,3.554891296e-13,1.047518425e-14
42.5859375,3.830829437e-13,1.879576851e-13,3.702787917e-13,4.802504572e-13,1.779129232e-13,5.362664141e-13,9.689221118e-14,9.181770887e-14,5.479998849e-14,5.977601854e-14,1.129824021e-13,8.915278705e-14,2.879364762e-13,3.889140643e-13,6.188889584e-13,6.965809294e-13,5.56749339e-13,3.874546451e-13,1.639690812e-13,5.567879839e-13,7.374359084e-14,2.866676098e-14,9.80116256e-14,4.668980999e-14,9.728416677e-14,1.714651901e-13,3.45714847e-13,3.059109719e-13,1.151182191e-13,1.097957723e-13,3.505138111e-13,1.034534194e-14
42.59375,3.82562239e-13,1.868193853e-13,3.650188019e-13,4.774346166e-13,1.772939978e-13,5.373112031e-13,9.757861489e-14,9.159588673e-14,5.486609699e-14,6.213155532e-14,1.126550518e-13,8.778895115e-14,2.854581243e-13,3.866770395e-13,6.139755515e-13,6.903145939e-13,5.519218883e-13,3.837104797e-13,1.61798739e-13,5.607130764e-13,7.337100712e-14,2.871552994e-14,9.815715547e-14,4.700976341e-14,9.630389242e-14,1.688705855e-13,3.43021451e-13,3.034155577e-13,1.136151211e-13,1.089410295e-13,3.457395196e-13,1.023249324e-14
42.6015625,3.821166697e-13,1.857930236e-13,3.597359412e-13,4.746519722e-13,1.767671819e-13,5.382529248e-13,9.826093899e-14,9.138558996e-14,5.495188103e-14,6.460373148e-14,1.122952981e-13,8.647832719e-14,2.83044017e-13,3.845868793e-13,6.091495367e-13,6.841796222e-13,5.472092003e-13,3.800548761e-13,1.596894255e-13,5.644051644e-13,7.307184074e-14,2.879118469e-14,9.835470165e-14,4.731631514e-14,9.535271364e-14,1.66285979e-13,3.402942915e-13,3.009364766e-13,1.122420493e-13,1.080542237e-13,3.410559477e-13,1.016323199e-14
42.609375,3.81822499e-13,1.846171065e-13,3.543180923e-13,4.717681282e-13,1.762385305e-13,5.390264789e-13,9.890670202e-14,9.124478742e-14,5.503284973e-14,6.721978623e-14,1.118638548e-13,8.510003632e-14,2.805227092e-13,3.824344616e-13,6.041900671e-13,6.780721531e-13,5.425678506e-13,3.763448728e-13,1.57503261e-13,5.681318717e-13,7.275095641e-14,2.887231935e-14,9.863013403e-14,4.763938996e-14,9.440755237e-14,1.637306643e-13,3.374649478e-13,2.983708011e-13,1.108591373e-13,1.071422043e-13,3.361470854e-13,1.012844646e-14
42.6171875,3.812185972e-13,1.831282736e-13,3.488137307e-13,4.685411927e-13,1.755590023e-13,5.395714269e-13,9.954220322e-14,9.111260537e-14,5.509171561e-14,6.992502901e-14,1.1141214e-13,8.364578428e-14,2.777925144e-13,3.799038801e-13,5.986828988e-13,6.71419765e-13,5.374571017e-13,3.721878234e-13,1.550802727e-13,5.717744999e-13,7.243598316e-14,2.891495844e-14,9.883093394e-14,4.799571219e-14,9.337541761e-14,1.611472604e-13,3.345639156e-13,2.956288414e-13,1.09297479e-13,1.062149243e-13,3.309880939e-13,1.009588228e-14
42.625,3.804325435e-13,1.815549255e-13,3.432649517e-13,4.649777743e-13,1.747848368e-13,5.40112674e-13,1.002227917e-13,9.094048779e-14,5.515087141e-14,7.270186214e-14,1.109435947e-13,8.217739679e-14,2.749441152e-13,3.771983024e-13,5.927519499e-13,6.641480464e-13,5.319071071e-13,3.676367547e-13,1.52547146e-13,5.750372394e-13,7.21987414e-14,2.895343773e-14,9.892326921e-14,4.839745082e-14,9.226422998e-14,1.584854141e-13,3.315929409e-13,2.927749232e-13,1.076450818e-13,1.052689586e-13,3.258307804e-13,1.006456329e-14
42.6328125,3.798674169e-13,1.800355641e-13,3.377586012e-13,4.614301379e-13,1.741702844e-13,5.406699169e-13,1.009187716e-13,9.080868972e-14,5.524834079e-14,7.555170975e-14,1.104678327e-13,8.074694387e-14,2.721733562e-13,3.746396141e-13,5.869353188e-13,6.569015676e-13,5.264612172e-13,3.631204234e-13,1.50090775e-13,5.78391763e-13,7.204269052e-14,2.903348577e-14,9.903580778e-14,4.885876795e-14,9.119029708e-14,1.558693014e-13,3.285691033e-13,2.89888889e-13,1.060694952e-13,1.043488722e-13,3.208111508e-13,1.004434857e-14
42.640625,3.793454344e-13,1.783644613e-13,3.324116562e-13,4.579908672e-13,1.737368848e-13,5.410095124e-13,1.015982169e-13,9.073257722e-14,5.533768813e-14,7.851186824e-14,1.10020163e-13,7.936133997e-14,2.695396981e-13,3.721237327e-13,5.813306871e-13,6.499427088e-13,5.211683443e-13,3.587767146e-13,1.476762142e-13,5.819839737e-13,7.189933531e-14,2.91213613e-14,9.918173017e-14,4.9321321e-14,9.018924483e-14,1.534059527e-13,3.255399315e-13,2.869635879e-13,1.045314734e-13,1.034932217e-13,3.158903525e-13,1.003513653e-14
42.6484375,3.788279487e-13,1.765635913e-13,3.270984353e-13,4.542872831e-13,1.733287027e-13,5.410902029e-13,1.023032495e-13,9.064777075e-14,5.540005404e-14,8.16247976e-14,1.095598545e-13,7.799624969e-14,2.669119812e-13,3.696132673e-13,5.757006007e-13,6.430980513e-13,5.158641212e-13,3.545284957e-13,1.452338397e-13,5.852241828e-13,7.176430875e-14,2.919354592e-14,9.92872276e-14,4.97920584e-14,8.920666486e-14,1.510088205e-13,3.225577525e-13,2.840023257e-13,1.029591502e-13,1.026664351e-13,3.110833923e-13,1.00466394e-14
42.65625,3.78563414e-13,1.749500185e-13,3.216792058e-13,4.502838968e-13,1.730111615e-13,5.409864867e-13,1.030212588e-13,9.057018402e-14,5.553639541e-14,8.479471141e-14,1.090825377e-13,7.668850168e-14,2.642416619e-13,3.673039875e-13,5.700670877e-13,6.364286352e-13,5.106940223e-13,3.503481747e-13,1.427994163e-13,5.882561843e-13,7.172023529e-14,2.928741321e-14,9.936429183e-14,5.033766023e-14,8.822348111e-14,1.486387533e-13,3.196718576e-13,2.810157854e-13,1.014603184e-13,1.018357189e-13,3.064615763e-13,1.007718419e-14
42.6640625,3.784175103e-13,1.734351644e-13,3.162986002e-13,4.46306187e-13,1.728829104e-13,5.407306748e-13,1.037026567e-13,9.050189549e-14,5.575623367e-14,8.795351342e-14,1.086593139e-13,7.547143625e-14,2.61593729e-13,3.651143596e-13,5.644939068e-13,6.298997969e-13,5.056571812e-13,3.461571881e-13,1.403617751e-13,5.915043155e-13,7.175121281e-14,2.941392998e-14,9.942569111e-14,5.088747657e-14,8.724953956e-14,1.463663752e-13,3.167896279e-13,2.77921752e-13,1.000730299e-13,1.010060803e-13,3.019398897e-13,1.010958216e-14
42.671875,3.782103822e-13,1.716785277e-13,3.110157343e-13,4.422305118e-13,1.728326077e-13,5.40320574e-13,1.043822846e-13,9.040525743e-14,5.596532036e-14,9.122010924e-14,1.082837321e-13,7.427775207e-14,2.589420962e-13,3.628114399e-13,5.587425934e-13,6.231808689e-13,5.005104041e-13,3.419101151e-13,1.378587665e-13,5.945524612e-13,7.180780845e-14,2.954607835e-14,9.944006122e-14,5.138287135e-14,8.627516464e-14,1.441442054e-13,3.137846922e-13,2.746562631e-13,9.865202316e-14,1.001835807e-13,2.974050348e-13,1.01444539e-14
42.6796875,3.7801756e-13,1.698074857e-13,3.05662499e-13,4.37811708e-13,1.728118417e-13,5.396987465e-13,1.050911091e-13,9.033362131e-14,5.617989301e-14,9.461709395e-14,1.079010647e-13,7.308656086e-14,2.562951245e-13,3.603938025e-13,5.526564689e-13,6.162574261e-13,4.952329459e-13,3.376787302e-13,1.353225186e-13,5.971318308e-13,7.198264173e-14,2.968390815e-14,9.94356086e-14,5.189128821e-14,8.530686183e-14,1.419035364e-13,3.108131268e-13,2.712842186e-13,9.720469424e-14,9.936926106e-14,2.929670202e-13,1.018590396e-14
42.6875,3.778369254e-13,1.680936304e-13,3.002196931e-13,4.333315767e-13,1.728759187e-13,5.389332211e-13,1.058021216e-13,9.030863194e-14,5.642958841e-14,9.804977256e-14,1.074791792e-13,7.194515656e-14,2.537510543e-13,3.579158108e-13,5.4644391e-13,6.09403287e-13,4.899412832e-13,3.334552778e-13,1.328149419e-13,5.995662445e-13,7.227702486e-14,2.983595091e-14,9.94498713e-14,5.239669726e-14,8.436466241e-14,1.397049585e-13,3.080395243e-13,2.678795081e-13,9.585188984e-14,9.854027852e-14,2.886849645e-13,1.022989181e-14
42.6953125,3.776390944e-13,1.663677613e-13,2.948470427e-13,4.29005811e-13,1.729653686e-13,5.381482756e-13,1.065170834e-13,9.024278731e-14,5.665570513e-14,1.01592939e-13,1.070181981e-13,7.082477616e-14,2.5125495e-13,3.553771193e-13,5.40263259e-13,6.025951023e-13,4.84583284e-13,3.291420002e-13,1.303104831e-13,6.019474831e-13,7.252582709e-14,2.998466364e-14,9.943737176e-14,5.286335979e-14,8.343179525e-14,1.3757734e-13,3.052828604e-13,2.644555764e-13,9.447684574e-14,9.76947585e-14,2.844313624e-13,1.027940121e-14
42.703125,3.775012659e-13,1.644505409e-13,2.896763072e-13,4.246092608e-13,1.730445548e-13,5.372760737e-13,1.072371637e-13,9.012490044e-14,5.687451975e-14,1.053045517e-13,1.06617482e-13,6.972616401e-14,2.487240528e-13,3.528712735e-13,5.340371967e-13,5.95654377e-13,4.791367872e-13,3.247675825e-13,1.278070683e-13,6.041710454e-13,7.274604905e-14,3.013246031e-14,9.936075983e-14,5.337915462e-14,8.24939192e-14,1.355123076e-13,3.024245822e-13,2.610440044e-13,9.29814973e-14,9.690858243e-14,2.802948436e-13,1.033206281e-14
42.7109375,3.774647964e-13,1.625293707e-13,2.846910599e-13,4.200451965e-13,1.731884197e-13,5.362829324e-13,1.079362824e-13,9.000223704e-14,5.713568732e-14,1.090682326e-13,1.063232554e-13,6.871314418e-14,2.462349619e-13,3.504679604e-13,5.277343664e-13,5.886218915e-13,4.737562686e-13,3.20464438e-13,1.253638749e-13,6.061843177e-13,7.306920092e-14,3.030539041e-14,9.926484064e-14,5.394271191e-14,8.158164395e-14,1.33577013e-13,2.996236665e-13,2.576981392e-13,9.156501534e-14,9.622162433e-14,2.764177098e-13,1.0388025e-14
42.71875,3.775028073e-13,1.607042027e-13,2.796473779e-13,4.153525588e-13,1.734058758e-13,5.351696907e-13,1.086322358e-13,8.984072396e-14,5.739248222e-14,1.128865717e-13,1.060011866e-13,6.773764084e-14,2.437786507e-13,3.480598687e-13,5.212935596e-13,5.815599907e-13,4.684751098e-13,3.162370215e-13,1.229389958e-13,6.078954849e-13,7.346994589e-14,3.048898048e-14,9.918959335e-14,5.443473261e-14,8.070413708e-14,1.317854725e-13,2.969357679e-13,2.543846545e-13,9.03115234e-14,9.557821166e-14,2.725840323e-13,1.046159718e-14
42.7265625,3.77599996e-13,1.588266326e-13,2.744134154e-13,4.104287509e-13,1.736844408e-13,5.337775513e-13,1.093521467e-13,8.96133459e-14,5.762005448e-14,1.168334051e-13,1.056235223e-13,6.675586064e-14,2.41292569e-13,3.455682542e-13,5.146389866e-13,5.744968056e-13,4.632310677e-13,3.120138555e-13,1.204680194e-13,6.093791753e-13,7.392773729e-14,3.065567666e-14,9.910864712e-14,5.485684e-14,7.983805378e-14,1.300640306e-13,2.943273627e-13,2.5099486e-13,8.906742111e-14,9.494290781e-14,2.687065152e-13,1.054730714e-14
42.734375,3.777648495e-13,1.568813952e-13,2.692715476e-13,4.053974296e-13,1.74035741e-13,5.321849115e-13,1.100895993e-13,8.936823236e-14,5.785133742e-14,1.208448466e-13,1.053093284e-13,6.583424664e-14,2.38889411e-13,3.43087363e-13,5.080339029e-13,5.675935447e-13,4.581554972e-13,3.078612416e-13,1.180312315e-13,6.108103213e-13,7.445134082e-14,3.082545109e-14,9.898255702e-14,5.529330474e-14,7.899735248e-14,1.283958329e-13,2.918083837e-13,2.475485165e-13,8.78283026e-14,9.432701658e-14,2.650457091e-13,1.062496689e-14
42.7421875,3.779386228e-13,1.549565203e-13,2.643808056e-13,4.005387779e-13,1.744017992e-13,5.306130561e-13,1.108495669e-13,8.915383999e-14,5.80978562e-14,1.249122447e-13,1.050223821e-13,6.494693905e-14,2.365880762e-13,3.406559064e-13,5.016424813e-13,5.608108893e-13,4.5325316e-13,3.038091758e-13,1.156685531e-13,6.1219837e-13,7.494519365e-14,3.101919464e-14,9.880119592e-14,5.575399979e-14,7.819018908e-14,1.267945293e-13,2.892355098e-13,2.44181623e-13,8.664937512e-14,9.375674483e-14,2.615726556e-13,1.069376244e-14
42.75,3.780758129e-13,1.530307044e-13,2.594548157e-13,3.957588827e-13,1.747710023e-13,5.288746627e-13,1.116127844e-13,8.897804872e-14,5.836756198e-14,1.290784014e-13,1.047002561e-13,6.403131111e-14,2.342147509e-13,3.381698882e-13,4.951378809e-13,5.538971497e-13,4.482763359e-13,2.99727156e-13,1.133012051e-13,6.134398242e-13,7.54122682e-14,3.122270021e-14,9.8575504e-14,5.620084526e-14,7.737169746e-14,1.252448755e-13,2.865592606e-13,2.408776085e-13,8.543925696e-14,9.327364581e-14,2.580564966e-13,1.076347599e-14
42.7578125,3.783320533e-13,1.511279054e-13,2.543700796e-13,3.908538913e-13,1.751841129e-13,5.268095127e-13,1.123308519e-13,8.880136784e-14,5.863255142e-14,1.332854256e-13,1.044277405e-13,6.315045271e-14,2.31759141e-13,3.356490106e-13,4.884843364e-13,5.469957896e-13,4.43327406e-13,2.956354938e-13,1.109575552e-13,6.143800094e-13,7.595884177e-14,3.142590905e-14,9.833300232e-14,5.661637248e-14,7.654051345e-14,1.23761169e-13,2.840522456e-13,2.375434865e-13,8.422489789e-14,9.286986431e-14,2.545798807e-13,1.084776872e-14
42.765625,3.788121501e-13,1.493287514e-13,2.493437157e-13,3.858249031e-13,1.75599222e-13,5.245536309e-13,1.130182489e-13,8.857158535e-14,5.885525724e-14,1.375741133e-13,1.041904166e-13,6.232301115e-14,2.29338522e-13,3.332584689e-13,4.819843809e-13,5.403119524e-13,4.386412938e-13,2.91639435e-13,1.087208588e-13,6.149770051e-13,7.657273712e-14,3.163537257e-14,9.809254037e-14,5.701648078e-14,7.57481193e-14,1.22380967e-13,2.817570612e-13,2.342598092e-13,8.313902283e-14,9.250239157e-14,2.512452106e-13,1.094941351e-14
42.7734375,3.793783495e-13,1.476261246e-13,2.444269338e-13,3.806828739e-13,1.760509494e-13,5.220405029e-13,1.136954895e-13,8.827387862e-14,5.908988851e-14,1.420408433e-13,1.038851677e-13,6.150212907e-14,2.269538411e-13,3.309973544e-13,4.754510765e-13,5.335458642e-13,4.339463847e-13,2.87630878e-13,1.065590049e-13,6.153651547e-13,7.723052958e-14,3.186261776e-14,9.783873952e-14,5.73895714e-14,7.498531071e-14,1.211197956e-13,2.794087461e-13,2.311259168e-13,8.211908427e-14,9.217680551e-14,2.479682757e-13,1.104696642e-14
42.78125,3.799915323e-13,1.460578528e-13,2.395349176e-13,3.756053972e-13,1.766085178e-13,5.192857574e-13,1.143304761e-13,8.79132689e-14,5.934018728e-14,1.465984012e-13,1.035590721e-13,6.072081965e-14,2.245829856e-13,3.287091322e-13,4.687531408e-13,5.267427933e-13,4.291524791e-13,2.836138898e-13,1.044428997e-13,6.155160594e-13,7.791913544e-14,3.210533871e-14,9.756035558e-14,5.768404641e-14,7.421852073e-14,1.19965874e-13,2.77050907e-13,2.28106355e-13,8.107822533e-14,9.189209841e-14,2.447266855e-13,1.114305331e-14
42.7890625,3.807475929e-13,1.446804534e-13,2.347724574e-13,3.707717233e-13,1.771522659e-13,5.165711428e-13,1.149465235e-13,8.751902103e-14,5.951759874e-14,1.512010848e-13,1.033067539e-13,5.999175956e-14,2.222518715e-13,3.264356556e-13,4.62393484e-13,5.205458102e-13,4.247722515e-13,2.798336887e-13,1.023984363e-13,6.153241285e-13,7.855567428e-14,3.23403601e-14,9.725062141e-14,5.794783752e-14,7.34790201e-14,1.188899427e-13,2.748392e-13,2.251592192e-13,8.010555922e-14,9.163337202e-14,2.415168075e-13,1.125786508e-14
42.796875,3.816014919e-13,1.433861343e-13,2.30237805e-13,3.65822559e-13,1.776758568e-13,5.137366496e-13,1.155717911e-13,8.713952362e-14,5.968544405e-14,1.559231618e-13,1.031340743e-13,5.930085468e-14,2.19986125e-13,3.243966265e-13,4.565200671e-13,5.149009172e-13,4.208811975e-13,2.762832719e-13,1.004314704e-13,6.149541588e-13,7.919587159e-14,3.257754948e-14,9.685902845e-14,5.829020494e-14,7.279374108e-14,1.178959586e-13,2.726013855e-13,2.222475208e-13,7.924206563e-14,9.144384861e-14,2.384004689e-13,1.136706101e-14
42.8046875,3.824321561e-13,1.421054375e-13,2.257858057e-13,3.605495673e-13,1.783484024e-13,5.104343657e-13,1.161294924e-13,8.675227908e-14,5.994910025e-14,1.607128888e-13,1.029978163e-13,5.869397882e-14,2.177898864e-13,3.22556749e-13,4.506560293e-13,5.091317781e-13,4.169800538e-13,2.727215372e-13,9.855062558e-14,6.145606116e-13,7.995126511e-14,3.285164526e-14,9.637456335e-14,5.865687999e-14,7.213626764e-14,1.170165001e-13,2.703106406e-13,2.193412601e-13,7.842264088e-14,9.133869789e-14,2.355713921e-13,1.14548898e-14
42.8125,3.831682515e-13,1.40910548e-13,2.212379219e-13,3.554408845e-13,1.790739229e-13,5.068141027e-13,1.165971781e-13,8.629281241e-14,6.020832767e-14,1.655482603e-13,1.028506479e-13,5.813240837e-14,2.155865269e-13,3.206299824e-13,4.44590559e-13,5.032240637e-13,4.130075815e-13,2.690628104e-13,9.672892562e-14,6.140210108e-13,8.073806569e-14,3.314064624e-14,9.590135456e-14,5.892499084e-14,7.148961131e-14,1.162444329e-13,2.682666741e-13,2.16487517e-13,7.764517835e-14,9.126716151e-14,2.329549688e-13,1.155382932e-14
42.8203125,3.838180965e-13,1.397298586e-13,2.166301863e-13,3.505721988e-13,1.797211489e-13,5.030380191e-13,1.170582185e-13,8.577895696e-14,6.039068565e-14,1.705215088e-13,1.027159274e-13,5.75304625e-14,2.133249962e-13,3.185753284e-13,4.384202077e-13,4.975281884e-13,4.092580821e-13,2.653574125e-13,9.489898714e-14,6.131320251e-13,8.15185423e-14,3.341165141e-14,9.550036316e-14,5.913209992e-14,7.086562062e-14,1.155769192e-13,2.664879704e-13,2.136563237e-13,7.693757952e-14,9.122025853e-14,2.302862773e-13,1.166319441e-14
42.828125,3.844835188e-13,1.384536299e-13,2.121312907e-13,3.454610721e-13,1.804302e-13,4.990047518e-13,1.175212194e-13,8.526847926e-14,6.059102293e-14,1.755738851e-13,1.026387235e-13,5.695307937e-14,2.1110385e-13,3.166243683e-13,4.322425545e-13,4.91999891e-13,4.057444637e-13,2.617489368e-13,9.308770449e-14,6.117925347e-13,8.23738454e-14,3.368642927e-14,9.50813209e-14,5.93631626e-14,7.028419846e-14,1.150520499e-13,2.647217716e-13,2.107683592e-13,7.630833329e-14,9.122631087e-14,2.276683478e-13,1.175432299e-14
42.8359375,3.853067451e-13,1.372595651e-13,2.078006534e-13,3.402299721e-13,1.812096953e-13,4.947700958e-13,1.179534982e-13,8.475303861e-14,6.08260729e-14,1.806373283e-13,1.025852753e-13,5.646692259e-14,2.089790172e-13,3.148828709e-13,4.262814772e-13,4.866424985e-13,4.024251215e-13,2.584185069e-13,9.138577188e-14,6.101175511e-13,8.324982277e-14,3.397772371e-14,9.456061266e-14,5.960026271e-14,6.975702923e-14,1.14652266e-13,2.629778405e-13,2.079787319e-13,7.578075784e-14,9.130478311e-14,2.253451209e-13,1.183815079e-14
42.84375,3.864312498e-13,1.363263125e-13,2.035512534e-13,3.352617336e-13,1.819672996e-13,4.90431919e-13,1.183767166e-13,8.418322178e-14,6.102512407e-14,1.857886574e-13,1.025507071e-13,5.601955593e-14,2.069006719e-13,3.133068269e-13,4.20670725e-13,4.81668164e-13,3.994311194e-13,2.55344334e-13,8.982465369e-14,6.08306472e-13,8.409479454e-14,3.427737032e-14,9.397898903e-14,5.979174185e-14,6.927150948e-14,1.143139092e-13,2.614132068e-13,2.054372391e-13,7.533641726e-14,9.144819764e-14,2.232524733e-13,1.192915801e-14
42.8515625,3.877416088e-13,1.354964024e-13,1.993318347e-13,3.304271131e-13,1.827999344e-13,4.859597855e-13,1.187943737e-13,8.35551791e-14,6.118415964e-14,1.909919805e-13,1.025547945e-13,5.559663358e-14,2.048958404e-13,3.118281673e-13,4.153007023e-13,4.771066145e-13,3.967937307e-13,2.524281682e-13,8.83808128e-14,6.063575272e-13,8.496075601e-14,3.458825776e-14,9.341493253e-14,5.991027679e-14,6.883938227e-14,1.140451729e-13,2.599986701e-13,2.029581405e-13,7.495555238e-14,9.159650388e-14,2.212708394e-13,1.20197185e-14
42.859375,3.88849625e-13,1.34652055e-13,1.951956759e-13,3.256742247e-13,1.837018222e-13,4.813811022e-13,1.19221553e-13,8.292272812e-14,6.133451654e-14,1.962057056e-13,1.025518286e-13,5.522927597e-14,2.030066721e-13,3.103626872e-13,4.101075734e-13,4.729241918e-13,3.944130872e-13,2.497223347e-13,8.699537322e-14,6.042160948e-13,8.582901482e-14,3.489479204e-14,9.287755663e-14,5.997688829e-14,6.850494096e-14,1.138992218e-13,2.586832174e-13,2.004562159e-13,7.471084963e-14,9.176010027e-14,2.194461107e-13,1.210742097e-14
42.8671875,3.898152317e-13,1.339992776e-13,1.911629704e-13,3.211385565e-13,1.845912584e-13,4.76661264e-13,1.196836628e-13,8.229734816e-14,6.151066223e-14,2.015691208e-13,1.025654033e-13,5.492170592e-14,2.011948956e-13,3.089592588e-13,4.050348118e-13,4.690442961e-13,3.922408003e-13,2.472377966e-13,8.564621685e-14,6.019415924e-13,8.668835269e-14,3.519618512e-14,9.230439264e-14,6.005375977e-14,6.823516339e-14,1.138865322e-13,2.575290982e-13,1.981794229e-13,7.462012331e-14,9.205394481e-14,2.178333126e-13,1.218493421e-14
42.875,3.910233617e-13,1.336266986e-13,1.871577583e-13,3.166259395e-13,1.855413287e-13,4.716532129e-13,1.200865558e-13,8.161345596e-14,6.172013191e-14,2.070711115e-13,1.026273876e-13,5.46776467e-14,1.994400803e-13,3.077116255e-13,3.999287992e-13,4.65178322e-13,3.902402992e-13,2.44861644e-13,8.43928946e-14,5.995083543e-13,8.755953948e-14,3.552178558e-14,9.166196919e-14,6.01366673e-14,6.794429144e-14,1.139837457e-13,2.565332298e-13,1.961532073e-13,7.456668777e-14,9.246069912e-14,2.164084913e-13,1.224503915e-14
42.8828125,3.922557561e-13,1.333077591e-13,1.831765581e-13,3.120226341e-13,1.864876202e-13,4.664083066e-13,1.203594827e-13,8.085769854e-14,6.190487547e-14,2.12531224e-13,1.026504042e-13,5.447566318e-14,1.977289534e-13,3.064994053e-13,3.947986854e-13,4.612398858e-13,3.883363156e-13,2.425232847e-13,8.32302535e-14,5.968026519e-13,8.837960724e-14,3.585137993e-14,9.100439064e-14,6.01541491e-14,6.764195646e-14,1.141570053e-13,2.556316773e-13,1.941336792e-13,7.451139373e-14,9.284414702e-14,2.151078108e-13,1.229828326e-14
42.890625,3.932627696e-13,1.32941903e-13,1.793504303e-13,3.075501845e-13,1.873384445e-13,4.611698687e-13,1.206165519e-13,8.00887763e-14,6.203509239e-14,2.179538566e-13,1.02664905e-13,5.429320494e-14,1.960340311e-13,3.052628204e-13,3.898540465e-13,4.575751353e-13,3.866287668e-13,2.402684071e-13,8.210105392e-14,5.937856928e-13,8.913377839e-14,3.615485179e-14,9.036825297e-14,6.008554441e-14,6.739954343e-14,1.143891807e-13,2.548654709e-13,1.921385853e-13,7.45528981e-14,9.320293098e-14,2.139319215e-13,1.234628019e-14
42.8984375,3.94493656e-13,1.326905124e-13,1.757037602e-13,3.032901453e-13,1.882620598e-13,4.560456095e-13,1.209259554e-13,7.931417222e-14,6.213181897e-14,2.234336458e-13,1.0273467e-13,5.416043663e-14,1.943893728e-13,3.042095069e-13,3.853302211e-13,4.545074932e-13,3.854667134e-13,2.382840693e-13,8.108256629e-14,5.905182326e-13,8.985353318e-14,3.646202646e-14,8.97095684e-14,5.99588235e-14,6.724628794e-14,1.14738631e-13,2.542954289e-13,1.903365291e-13,7.475759711e-14,9.362309692e-14,2.129572909e-13,1.237893124e-14
42.90625,3.960765068e-13,1.327056192e-13,1.7212866e-13,2.992010904e-13,1.89263304e-13,4.508812324e-13,1.211963939e-13,7.851486373e-14,6.220342089e-14,2.289625724e-13,1.027131851e-13,5.408665006e-14,1.928371844e-13,3.034070926e-13,3.813294995e-13,4.52042239e-13,3.849476558e-13,2.366717646e-13,8.026028734e-14,5.871380626e-13,9.051823671e-14,3.678639434e-14,8.900892071e-14,5.979327271e-14,6.717555464e-14,1.152807763e-13,2.538827733e-13,1.88708667e-13,7.509916552e-14,9.413097991e-14,2.121868483e-13,1.239561294e-14
42.9140625,3.975181286e-13,1.329650815e-13,1.686381238e-13,2.952709189e-13,1.901711857e-13,4.454472231e-13,1.213871911e-13,7.770640755e-14,6.228892728e-14,2.344974597e-13,1.026375191e-13,5.404599808e-14,1.913577605e-13,3.026803978e-13,3.775833211e-13,4.499002241e-13,3.846279648e-13,2.35184975e-13,7.954456488e-14,5.83695779e-13,9.12039378e-14,3.711020326e-14,8.830032763e-14,5.95911508e-14,6.713961574e-14,1.15959504e-13,2.535931598e-13,1.871927972e-13,7.5474341e-14,9.471356423e-14,2.11552781e-13,1.239791159e-14
42.921875,3.987797532e-13,1.332555756e-13,1.652664818e-13,2.913733835e-13,1.910753247e-13,4.397290263e-13,1.215558831e-13,7.686632564e-14,6.240466974e-14,2.400088864e-13,1.027612281e-13,5.40271614e-14,1.899136838e-13,3.019508242e-13,3.737321025e-13,4.477775287e-13,3.842200542e-13,2.336206858e-13,7.884550185e-14,5.801225084e-13,9.197100209e-14,3.743876897e-14,8.758701585e-14,5.933736209e-14,6.708561293e-14,1.166451221e-13,2.534248859e-13,1.857800816e-13,7.577206453e-14,9.533034934e-14,2.110150228e-13,1.239405096e-14
42.9296875,4.001810235e-13,1.33498529e-13,1.619414405e-13,2.874733114e-13,1.920293247e-13,4.339532378e-13,1.217331191e-13,7.595029988e-14,6.246853524e-14,2.455443257e-13,1.029826028e-13,5.402157139e-14,1.885047471e-13,3.012730809e-13,3.699264273e-13,4.457651967e-13,3.840501817e-13,2.321549865e-13,7.821319518e-14,5.764532927e-13,9.268916987e-14,3.776604573e-14,8.685971547e-14,5.904600745e-14,6.704488018e-14,1.173352631e-13,2.533517923e-13,1.84468963e-13,7.605838857e-14,9.595399875e-14,2.105625912e-13,1.239797174e-14
42.9375,4.016701978e-13,1.339486872e-13,1.587174799e-13,2.836834472e-13,1.928812847e-13,4.28277658e-13,1.218881656e-13,7.500091399e-14,6.246664207e-14,2.511364911e-13,1.030605192e-13,5.404993412e-14,1.871780999e-13,3.006810899e-13,3.664931511e-13,4.441342305e-13,3.843537156e-13,2.309057955e-13,7.770085739e-14,5.727320384e-13,9.332288277e-14,3.807759138e-14,8.614023568e-14,5.876643916e-14,6.706376159e-14,1.18118875e-13,2.533908645e-13,1.83250093e-13,7.65070907e-14,9.660931027e-14,2.102551485e-13,1.240158914e-14
42.9453125,4.030748993e-13,1.346756175e-13,1.557082146e-13,2.80010651e-13,1.936294873e-13,4.225761398e-13,1.21976329e-13,7.409211786e-14,6.248060648e-14,2.566676221e-13,1.030712112e-13,5.41388201e-14,1.859222433e-13,3.001554022e-13,3.63339308e-13,4.42813331e-13,3.849015639e-13,2.297459104e-13,7.72790861e-14,5.689087615e-13,9.399001111e-14,3.838501665e-14,8.542587971e-14,5.849364041e-14,6.711651978e-14,1.190127615e-13,2.535331404e-13,1.820626709e-13,7.709352382e-14,9.731787625e-14,2.101611157e-13,1.238942183e-14
42.953125,4.044081382e-13,1.354471902e-13,1.528758036e-13,2.765732368e-13,1.943225455e-13,4.166832716e-13,1.220133755e-13,7.320256349e-14,6.249576391e-14,2.621547589e-13,1.030930343e-13,5.424881611e-14,1.846647029e-13,2.996906654e-13,3.60365225e-13,4.416987775e-13,3.855926227e-13,2.286461182e-13,7.691214515e-14,5.651015881e-13,9.46851041e-14,3.868898182e-14,8.468226057e-14,5.817037336e-14,6.718321168e-14,1.199865395e-13,2.536247834e-13,1.809879569e-13,7.767357172e-14,9.80957576e-14,2.102210794e-13,1.236750831e-14
42.9609375,4.057829331e-13,1.362879942e-13,1.501902811e-13,2.735649881e-13,1.950183184e-13,4.10749282e-13,1.220589094e-13,7.227796368e-14,6.24838125e-14,2.677504505e-13,1.030601105e-13,5.436864771e-14,1.83502347e-13,2.993892547e-13,3.57774773e-13,4.409775853e-13,3.865994827e-13,2.276886895e-13,7.661820831e-14,5.61432575e-13,9.532778672e-14,3.899705286e-14,8.390397065e-14,5.777274261e-14,6.727900848e-14,1.210229691e-13,2.536384499e-13,1.802092086e-13,7.826648731e-14,9.892550878e-14,2.104075461e-13,1.2338326e-14
42.96875,4.073595437e-13,1.373476903e-13,1.475794911e-13,2.707157645e-13,1.959248095e-13,4.049657145e-13,1.221109881e-13,7.13505161e-14,6.251920859e-14,2.733125867e-13,1.030021976e-13,5.454803194e-14,1.825882551e-13,2.993091954e-13,3.555576539e-13,4.40682815e-13,3.879599198e-13,2.269483008e-13,7.642822924e-14,5.576918921e-13,9.588758917e-14,3.933802196e-14,8.310880168e-14,5.731742444e-14,6.740969965e-14,1.220968687e-13,2.538205234e-13,1.795504994e-13,7.894022167e-14,9.97232903e-14,2.108183319e-13,1.22915109e-14
42.9765625,4.090709216e-13,1.385808042e-13,1.448741093e-13,2.67678124e-13,1.969349826e-13,3.991121156e-13,1.221234598e-13,7.043933161e-14,6.258749738e-14,2.787045822e-13,1.029801741e-13,5.477457497e-14,1.81783492e-13,2.992962705e-13,3.534400398e-13,4.406436316e-13,3.896090605e-13,2.26499719e-13,7.6330276e-14,5.536683504e-13,9.637899088e-14,3.968249934e-14,8.232287017e-14,5.683569536e-14,6.759411077e-14,1.23204948e-13,2.542950433e-13,1.78803565e-13,7.967789484e-14,1.004884793e-13,2.114462726e-13,1.224030636e-14
42.984375,4.105975201e-13,1.399950477e-13,1.421778594e-13,2.647275326e-13,1.976341295e-13,3.929979261e-13,1.220890634e-13,6.945739984e-14,6.256939505e-14,2.841183145e-13,1.029772833e-13,5.501688272e-14,1.808964408e-13,2.992378838e-13,3.514139983e-13,4.409235676e-13,3.915636803e-13,2.262437043e-13,7.629879955e-14,5.49399347e-13,9.686133415e-14,3.997924755e-14,8.157747535e-14,5.634900796e-14,6.784195354e-14,1.243713043e-13,2.549215055e-13,1.782124491e-13,8.052449781e-14,1.01296824e-13,2.121842684e-13,1.22073163e-14
42.9921875,4.11951628e-13,1.416101456e-13,1.397382038e-13,2.622287623e-13,1.980730549e-13,3.869259998e-13,1.22026094e-13,6.839436782e-14,6.247028719e-14,2.895351397e-13,1.029319506e-13,5.529170265e-14,1.800298738e-13,2.992259108e-13,3.497085275e-13,4.416588962e-13,3.93809183e-13,2.259809969e-13,7.634100127e-14,5.449520174e-13,9.730940827e-14,4.025379441e-14,8.083432816e-14,5.583899222e-14,6.810468911e-14,1.256077934e-13,2.555809846e-13,1.778673739e-13,8.152501674e-14,1.02126495e-13,2.130167578e-13,1.217374382e-14
43,4.134343305e-13,1.433683554e-13,1.37528558e-13,2.599870354e-13,1.985770623e-13,3.810707217e-13,1.219481631e-13,6.736405315e-14,6.237997784e-14,2.94775013e-13,1.028213307e-13,5.558840471e-14,1.793169303e-13,2.993198078e-13,3.483423955e-13,4.426880607e-13,3.962187335e-13,2.257492145e-13,7.646900276e-14,5.40370016e-13,9.765541424e-14,4.053995077e-14,8.000729398e-14,5.527899906e-14,6.834052935e-14,1.269218187e-13,2.562018604e-13,1.775772277e-13,8.258331151e-14,1.029675048e-13,2.139778259e-13,1.210792077e-14
43.0078125,4.149896951e-13,1.452933948e-13,1.35444764e-13,2.576890059e-13,1.991114864e-13,3.751499712e-13,1.218594333e-13,6.636667607e-14,6.230811348e-14,3.00019154e-13,1.027483951e-13,5.590003911e-14,1.787218696e-13,2.994776775e-13,3.47089331e-13,4.437640414e-13,3.986868447e-13,2.256947657e-13,7.667080462e-14,5.356965246e-13,9.79638492e-14,4.081825908e-14,7.912364723e-14,5.468075407e-14,6.85769677e-14,1.282954231e-13,2.567519028e-13,1.774527283e-13,8.36283787e-14,1.038781522e-13,2.151143619e-13,1.202231136e-14
43.015625,4.164860545e-13,1.473012873e-13,1.334123097e-13,2.554467362e-13,1.996080542e-13,3.690966262e-13,1.217608672e-13,6.532242459e-14,6.223994477e-14,3.053962775e-13,1.027237297e-13,5.627152072e-14,1.782262197e-13,2.996863255e-13,3.458944442e-13,4.449731476e-13,4.013651735e-13,2.258537613e-13,7.695504989e-14,5.310157765e-13,9.823776181e-14,4.108589838e-14,7.828605309e-14,5.407881193e-14,6.886945752e-14,1.297030211e-13,2.574102698e-13,1.775506515e-13,8.470375808e-14,1.048110093e-13,2.164942484e-13,1.193773944e-14
43.0234375,4.181418027e-13,1.493010966e-13,1.313027638e-13,2.535137549e-13,2.001612698e-13,3.631338025e-13,1.216610903e-13,6.426451108e-14,6.217737676e-14,3.107230775e-13,1.025847502e-13,5.669809519e-14,1.778314989e-13,2.999264942e-13,3.449932981e-13,4.466564736e-13,4.04545754e-13,2.26235158e-13,7.734969529e-14,5.265177191e-13,9.838309681e-14,4.136104169e-14,7.749867225e-14,5.347863308e-14,6.923431533e-14,1.311738508e-13,2.58316946e-13,1.776592894e-13,8.585619975e-14,1.056994031e-13,2.180522031e-13,1.184354439e-14
43.03125,4.198886694e-13,1.514593549e-13,1.291885604e-13,2.517717688e-13,2.006712789e-13,3.572301211e-13,1.21548651e-13,6.320928667e-14,6.207879807e-14,3.159661093e-13,1.02358995e-13,5.711524394e-14,1.77465455e-13,3.001642258e-13,3.444415763e-13,4.488462547e-13,4.081260606e-13,2.267360646e-13,7.780746149e-14,5.221732094e-13,9.847909619e-14,4.162817488e-14,7.672101273e-14,5.282944116e-14,6.96308183e-14,1.326978108e-13,2.592705435e-13,1.778129322e-13,8.711703146e-14,1.065721481e-13,2.196153915e-13,1.173744917e-14
43.0390625,4.213114639e-13,1.537923691e-13,1.272108063e-13,2.500165132e-13,2.010003593e-13,3.512668806e-13,1.21409298e-13,6.209705654e-14,6.191858409e-14,3.211899683e-13,1.021606512e-13,5.751141168e-14,1.770950445e-13,3.00432125e-13,3.440562512e-13,4.512273833e-13,4.117304453e-13,2.271886651e-13,7.824897209e-14,5.17689577e-13,9.859474685e-14,4.186537635e-14,7.595285227e-14,5.209948342e-14,7.002567891e-14,1.342003114e-13,2.600890999e-13,1.78063077e-13,8.846468607e-14,1.074390974e-13,2.211755917e-13,1.163147765e-14
43.046875,4.224891684e-13,1.561848812e-13,1.252740637e-13,2.484442317e-13,2.012087654e-13,3.453462709e-13,1.212709576e-13,6.097183957e-14,6.17438476e-14,3.26360399e-13,1.018659568e-13,5.794107602e-14,1.767802494e-13,3.007577173e-13,3.43909605e-13,4.537918156e-13,4.153958207e-13,2.27677099e-13,7.871256749e-14,5.130670834e-13,9.862963919e-14,4.208188461e-14,7.516180404e-14,5.134619076e-14,7.043731741e-14,1.356910776e-13,2.608723525e-13,1.782686474e-13,8.982693892e-14,1.083034104e-13,2.228598391e-13,1.15162073e-14
43.0546875,4.236951583e-13,1.58723643e-13,1.23317426e-13,2.471611635e-13,2.013451923e-13,3.395048679e-13,1.211358574e-13,5.99034517e-14,6.158429182e-14,3.314724511e-13,1.014259178e-13,5.842124107e-14,1.765486463e-13,3.010983668e-13,3.440925305e-13,4.567125833e-13,4.193149926e-13,2.283340105e-13,7.924652821e-14,5.084901799e-13,9.858177251e-14,4.229176021e-14,7.433272126e-14,5.061936526e-14,7.087407286e-14,1.371995764e-13,2.616919855e-13,1.784720286e-13,9.122928315e-14,1.0916522e-13,2.246490502e-13,1.138452717e-14
43.0625,4.247930497e-13,1.612888908e-13,1.213944356e-13,2.458989463e-13,2.014454397e-13,3.336704887e-13,1.209702869e-13,5.885020074e-14,6.1422898e-14,3.364638817e-13,1.009857396e-13,5.889950186e-14,1.763415074e-13,3.014718502e-13,3.44343159e-13,4.597512757e-13,4.233373854e-13,2.290652539e-13,7.978117937e-14,5.039140091e-13,9.849367823e-14,4.249204993e-14,7.353819916e-14,4.989306208e-14,7.131732417e-14,1.387024583e-13,2.625424616e-13,1.787259903e-13,9.273398887e-14,1.099772674e-13,2.264647047e-13,1.125028012e-14
43.0703125,4.25843905e-13,1.637509153e-13,1.195077849e-13,2.446866956e-13,2.01580491e-13,3.279234569e-13,1.207982357e-13,5.779233903e-14,6.125678618e-14,3.413169159e-13,1.00574918e-13,5.937446015e-14,1.761391533e-13,3.019779404e-13,3.446562414e-13,4.628210538e-13,4.275150908e-13,2.298879162e-13,8.03401976e-14,4.99411893e-13,9.834041864e-14,4.268291858e-14,7.280286403e-14,4.914535864e-14,7.178732634e-14,1.402649591e-13,2.635514363e-13,1.79011559e-13,9.430650789e-14,1.107841096e-13,2.284424864e-13,1.111695187e-14
43.078125,4.272146394e-13,1.665111882e-13,1.177188409e-13,2.43719337e-13,2.017123027e-13,3.22317051e-13,1.206381003e-13,5.675720024e-14,6.109280131e-14,3.461589727e-13,1.002023745e-13,5.99141286e-14,1.760424704e-13,3.026285258e-13,3.453453364e-13,4.663581027e-13,4.321955523e-13,2.309633454e-13,8.106054226e-14,4.951829999e-13,9.820655842e-14,4.288391374e-14,7.207482375e-14,4.837504934e-14,7.231989684e-14,1.419304164e-13,2.647983608e-13,1.794550435e-13,9.594354566e-14,1.116413621e-13,2.307466005e-13,1.097976303e-14
43.0859375,4.288503201e-13,1.697140759e-13,1.160313158e-13,2.428213655e-13,2.018454754e-13,3.167527006e-13,1.204470864e-13,5.571242512e-14,6.094255436e-14,3.508801229e-13,9.991242942e-14,6.051467673e-14,1.761284234e-13,3.033733301e-13,3.462594868e-13,4.703636283e-13,4.372271015e-13,2.322202606e-13,8.189822445e-14,4.910858664e-13,9.811007985e-14,4.311205459e-14,7.134937075e-14,4.757311573e-14,7.28908186e-14,1.435633945e-13,2.661438228e-13,1.799923653e-13,9.7672749e-14,1.124323189e-13,2.332915579e-13,1.084105129e-14
43.09375,4.304527326e-13,1.728884285e-13,1.143598259e-13,2.419837275e-13,2.020536761e-13,3.113003436e-13,1.202349135e-13,5.463581742e-14,6.082080785e-14,3.553194874e-13,9.959186557e-14,6.113334427e-14,1.763332867e-13,3.042071588e-13,3.471164855e-13,4.743886133e-13,4.422603245e-13,2.335248698e-13,8.272602378e-14,4.869397296e-13,9.788343886e-14,4.335055253e-14,7.063996845e-14,4.675302796e-14,7.345036085e-14,1.450638476e-13,2.674473597e-13,1.804844302e-13,9.940263121e-14,1.130964391e-13,2.359275003e-13,1.070070224e-14
43.1015625,4.319554859e-13,1.758889898e-13,1.128015896e-13,2.414542753e-13,2.021751033e-13,3.061254951e-13,1.200364302e-13,5.357155393e-14,6.068877211e-14,3.596549683e-13,9.916603707e-14,6.178134188e-14,1.765867272e-13,3.050513868e-13,3.481645364e-13,4.785936425e-13,4.475180374e-13,2.349417809e-13,8.358310391e-14,4.828414142e-13,9.752898755e-14,4.355984873e-14,6.993706869e-14,4.593288912e-14,7.400697485e-14,1.464671909e-13,2.687194198e-13,1.811061376e-13,1.010792028e-13,1.137234833e-13,2.386245296e-13,1.056092771e-14
43.109375,4.334145774e-13,1.790883266e-13,1.113841722e-13,2.411497909e-13,2.020654233e-13,3.011200098e-13,1.198235027e-13,5.255058462e-14,6.050436092e-14,3.639182342e-13,9.872217752e-14,6.244408871e-14,1.769212955e-13,3.058238196e-13,3.496261513e-13,4.834135831e-13,4.53254846e-13,2.365398427e-13,8.451513859e-14,4.788600853e-13,9.717667149e-14,4.372905491e-14,6.925678957e-14,4.511922802e-14,7.460776426e-14,1.478443619e-13,2.700490459e-13,1.818731239e-13,1.028379338e-13,1.143478021e-13,2.414130583e-13,1.042208075e-14
43.1171875,4.349827971e-13,1.827172872e-13,1.099149843e-13,2.409651838e-13,2.019133588e-13,2.961206033e-13,1.195927191e-13,5.155553253e-14,6.030666261e-14,3.67949815e-13,9.825252019e-14,6.309724791e-14,1.773457427e-13,3.066447821e-13,3.513376835e-13,4.88670881e-13,4.592686139e-13,2.383084022e-13,8.548435498e-14,4.749790614e-13,9.677837127e-14,4.389012768e-14,6.859588288e-14,4.433117545e-14,7.525414992e-14,1.492870006e-13,2.714834189e-13,1.825890425e-13,1.047799714e-13,1.149812742e-13,2.443474849e-13,1.027358976e-14
43.125,4.367531271e-13,1.865115173e-13,1.084177819e-13,2.409627456e-13,2.017873169e-13,2.911779616e-13,1.193565391e-13,5.054467333e-14,6.011624724e-14,3.718689142e-13,9.769599781e-14,6.377391156e-14,1.777673921e-13,3.075576462e-13,3.531881447e-13,4.940271515e-13,4.654293091e-13,2.402176468e-13,8.650123278e-14,4.711811264e-13,9.627262062e-14,4.40616209e-14,6.792340146e-14,4.355287754e-14,7.591283326e-14,1.507796048e-13,2.729700772e-13,1.832982686e-13,1.067970727e-13,1.156071278e-13,2.473860887e-13,1.011911702e-14
43.1328125,4.385300086e-13,1.900890936e-13,1.070311017e-13,2.409984154e-13,2.015354277e-13,2.863023228e-13,1.190699093e-13,4.950905225e-14,5.990056167e-14,3.756787589e-13,9.713328566e-14,6.448382373e-14,1.781777436e-13,3.083910837e-13,3.552097291e-13,4.9957463e-13,4.718181033e-13,2.422247203e-13,8.757123949e-14,4.674127785e-13,9.572594512e-14,4.422450473e-14,6.726333068e-14,4.273127076e-14,7.659019823e-14,1.522071544e-13,2.745003652e-13,1.840184564e-13,1.087620673e-13,1.161203616e-13,2.504300136e-13,9.970883511e-15
43.140625,4.402242628e-13,1.936740566e-13,1.056818762e-13,2.410061556e-13,2.012687657e-13,2.814264463e-13,1.187504804e-13,4.849189468e-14,5.969021634e-14,3.791617319e-13,9.665094544e-14,6.522491887e-14,1.787266864e-13,3.092089778e-13,3.574361673e-13,5.054817579e-13,4.783997882e-13,2.443687378e-13,8.866663317e-14,4.637057806e-13,9.517786093e-14,4.437157662e-14,6.664616132e-14,4.185544413e-14,7.730456302e-14,1.536047089e-13,2.761311053e-13,1.847074687e-13,1.107123848e-13,1.165477095e-13,2.535872861e-13,9.820486895e-15
43.1484375,4.419955624e-13,1.975525968e-13,1.042993108e-13,2.411365238e-13,2.011598103e-13,2.766075429e-13,1.184740372e-13,4.749713133e-14,5.951518428e-14,3.824542329e-13,9.616798209e-14,6.601365403e-14,1.794561275e-13,3.102323146e-13,3.598587579e-13,5.116188436e-13,4.851027398e-13,2.466831232e-13,8.980585362e-14,4.601514518e-13,9.458522122e-14,4.451479024e-14,6.604954964e-14,4.095604831e-14,7.803120818e-14,1.550407523e-13,2.777585054e-13,1.854742088e-13,1.126820215e-13,1.169898203e-13,2.569361838e-13,9.667442075e-15
43.15625,4.438220336e-13,2.013238117e-13,1.029060024e-13,2.414210398e-13,2.010725861e-13,2.719134093e-13,1.182076006e-13,4.649255656e-14,5.932644906e-14,3.85755467e-13,9.555347351e-14,6.681499697e-14,1.80252729e-13,3.113581759e-13,3.623752126e-13,5.178435146e-13,4.919500811e-13,2.49059743e-13,9.099693283e-14,4.567968371e-13,9.388778873e-14,4.465380124e-14,6.546672671e-14,4.00851252e-14,7.875618283e-14,1.564378952e-13,2.793124903e-13,1.862633583e-13,1.146003458e-13,1.173804476e-13,2.603071795e-13,9.529200455e-15
43.1640625,4.45635155e-13,2.049381022e-13,1.01575321e-13,2.418629571e-13,2.008826056e-13,2.673871188e-13,1.179050013e-13,4.551238493e-14,5.912336337e-14,3.889591706e-13,9.486235289e-14,6.763284358e-14,1.811348125e-13,3.124461127e-13,3.649970191e-13,5.243581222e-13,4.990058238e-13,2.514807203e-13,9.224229081e-14,4.535990861e-13,9.312531209e-14,4.479226076e-14,6.491119633e-14,3.929033907e-14,7.950684951e-14,1.577749636e-13,2.810382442e-13,1.870011681e-13,1.165422389e-13,1.176944817e-13,2.637534007e-13,9.400014659e-15
43.171875,4.475516742e-13,2.08881243e-13,1.003987958e-13,2.424267014e-13,2.006264404e-13,2.631017166e-13,1.17627833e-13,4.458462379e-14,5.893872965e-14,3.92020286e-13,9.423511394e-14,6.852118011e-14,1.821762907e-13,3.136089661e-13,3.678695149e-13,5.31317626e-13,5.062838752e-13,2.540365294e-13,9.3574569e-14,4.503114312e-13,9.240553457e-14,4.493126785e-14,6.436984707e-14,3.853336959e-14,8.028770943e-14,1.590773959e-13,2.830096354e-13,1.878081111e-13,1.186597108e-13,1.180069135e-13,2.674606031e-13,9.266064175e-15
43.1796875,4.495570205e-13,2.129002801e-13,9.923798268e-14,2.43024942e-13,2.003259274e-13,2.589654583e-13,1.173880992e-13,4.365582525e-14,5.87256258e-14,3.949208531e-13,9.36065316e-14,6.940385558e-14,1.832953927e-13,3.148485342e-13,3.709191908e-13,5.383881858e-13,5.136208027e-13,2.56644286e-13,9.494513415e-14,4.468841623e-13,9.167298849e-14,4.504391217e-14,6.38230012e-14,3.775599631e-14,8.106641117e-14,1.602767742e-13,2.848678966e-13,1.886121114e-13,1.208154479e-13,1.182515609e-13,2.712019291e-13,9.132976076e-15
43.1875,4.51568847e-13,2.166370386e-13,9.793211994e-14,2.437568885e-13,2.000487425e-13,2.548334039e-13,1.171193816e-13,4.271800161e-14,5.847563635e-14,3.975610605e-13,9.288081704e-14,7.02012811e-14,1.844604808e-13,3.160641849e-13,3.739460607e-13,5.452330775e-13,5.2081837e-13,2.591884681e-13,9.627570507e-14,4.437296765e-13,9.082781447e-14,4.513225085e-14,6.325456281e-14,3.699936629e-14,8.182178071e-14,1.613544023e-13,2.864486913e-13,1.893314315e-13,1.228161388e-13,1.183687951e-13,2.747903488e-13,8.994434545e-15
43.1953125,4.535880781e-13,2.204186813e-13,9.666454607e-14,2.445359801e-13,1.998070429e-13,2.507916252e-13,1.168304564e-13,4.183150898e-14,5.825901202e-14,4.000451095e-13,9.216828626e-14,7.098573035e-14,1.857172606e-13,3.172999724e-13,3.769030012e-13,5.518736758e-13,5.278487477e-13,2.616716619e-13,9.757900161e-14,4.409524816e-13,8.998809792e-14,4.523957337e-14,6.266565843e-14,3.629864722e-14,8.255605199e-14,1.623400893e-13,2.879581907e-13,1.900644581e-13,1.247748121e-13,1.184327709e-13,2.784281261e-13,8.837892191e-15
43.203125,4.554013809e-13,2.24218587e-13,9.556286224e-14,2.451123859e-13,1.994315715e-13,2.469146658e-13,1.165503387e-13,4.100066606e-14,5.805744624e-14,4.024950274e-13,9.14939964e-14,7.177688324e-14,1.870010076e-13,3.185019751e-13,3.798349321e-13,5.58413128e-13,5.347544942e-13,2.640536362e-13,9.886125277e-14,4.382500712e-13,8.923304814e-14,4.535890452e-14,6.209848306e-14,3.561949227e-14,8.328231905e-14,1.632319538e-13,2.895224701e-13,1.907199764e-13,1.267994547e-13,1.184480177e-13,2.82131204e-13,8.679275825e-15
43.2109375,4.569565187e-13,2.278482567e-13,9.448247803e-14,2.457538004e-13,1.989013997e-13,2.431373517e-13,1.162449028e-13,4.019302955e-14,5.780651522e-14,4.048116271e-13,9.073796385e-14,7.25237947e-14,1.883499411e-13,3.195342021e-13,3.828535723e-13,5.650545519e-13,5.416681225e-13,2.663816894e-13,1.00122478e-13,4.356025572e-13,8.842089536e-14,4.544759195e-14,6.157760401e-14,3.496430054e-14,8.400466784e-14,1.640731457e-13,2.911221641e-13,1.912872778e-13,1.28782895e-13,1.183698761e-13,2.857443245e-13,8.531920665e-15
43.21875,4.587424778e-13,2.316739034e-13,9.338273201e-14,2.46711783e-13,1.98387761e-13,2.395076126e-13,1.159206652e-13,3.940706073e-14,5.754561426e-14,4.068986512e-13,8.996188122e-14,7.327859799e-14,1.89912652e-13,3.20533807e-13,3.859985383e-13,5.719365188e-13,5.487839931e-13,2.688451629e-13,1.014173359e-13,4.32968631e-13,8.749447238e-14,4.551362459e-14,6.107556379e-14,3.434361335e-14,8.469911627e-14,1.648405086e-13,2.926870502e-13,1.919308049e-13,1.306857858e-13,1.182128864e-13,2.893552108e-13,8.386292304e-15
43.2265625,4.60872385e-13,2.357397772e-13,9.233569277e-14,2.476795318e-13,1.978845701e-13,2.360544535e-13,1.156161885e-13,3.86393734e-14,5.733366661e-14,4.087370282e-13,8.927107344e-14,7.410947847e-14,1.915962254e-13,3.216922323e-13,3.891084314e-13,5.788080066e-13,5.560583432e-13,2.71449761e-13,1.027434749e-13,4.301853738e-13,8.654304562e-14,4.558114639e-14,6.057638856e-14,3.372839244e-14,8.535204019e-14,1.654454997e-13,2.941668389e-13,1.925319352e-13,1.326064892e-13,1.179895159e-13,2.930872395e-13,8.244168124e-15
43.234375,4.628929359e-13,2.397426482e-13,9.136930656e-14,2.484829064e-13,1.973194865e-13,2.326468678e-13,1.152944889e-13,3.78796065e-14,5.714864158e-14,4.103931414e-13,8.858367339e-14,7.500989636e-14,1.932661606e-13,3.229077756e-13,3.921242991e-13,5.855463813e-13,5.63336325e-13,2.740652472e-13,1.040780701e-13,4.274564996e-13,8.559138547e-14,4.564840671e-14,6.008350267e-14,3.313063554e-14,8.599646069e-14,1.659672499e-13,2.956809576e-13,1.930572036e-13,1.34590574e-13,1.177151717e-13,2.969569532e-13,8.11373373e-15
43.2421875,4.648176695e-13,2.436923606e-13,9.048782697e-14,2.490963739e-13,1.968172785e-13,2.292732193e-13,1.149281946e-13,3.713119553e-14,5.695556836e-14,4.119718184e-13,8.787340625e-14,7.593208459e-14,1.950193707e-13,3.240129899e-13,3.950576565e-13,5.922484663e-13,5.705111944e-13,2.766360261e-13,1.054409523e-13,4.248217154e-13,8.4612713e-14,4.572133161e-14,5.957922474e-14,3.257053476e-14,8.664842305e-14,1.664909707e-13,2.972275492e-13,1.936450511e-13,1.365693416e-13,1.173960589e-13,3.009023177e-13,7.984891514e-15
43.25,4.668259857e-13,2.475100395e-13,8.965198694e-14,2.494662549e-13,1.964705088e-13,2.260473777e-13,1.145773784e-13,3.639873733e-14,5.675362195e-14,4.133936872e-13,8.724105599e-14,7.68029787e-14,1.969185878e-13,3.250348926e-13,3.977689533e-13,5.986780402e-13,5.773331443e-13,2.790923459e-13,1.0675514e-13,4.221049833e-13,8.359179735e-14,4.579943015e-14,5.905711907e-14,3.202187552e-14,8.727168863e-14,1.669298981e-13,2.985315016e-13,1.941065099e-13,1.384649923e-13,1.170043536e-13,3.047539045e-13,7.850460134e-15
43.2578125,4.686892818e-13,2.512473784e-13,8.890401387e-14,2.50001792e-13,1.961689139e-13,2.230162662e-13,1.142612141e-13,3.569077305e-14,5.654338931e-14,4.146195735e-13,8.668302667e-14,7.762554055e-14,1.989524649e-13,3.26091809e-13,4.00371548e-13,6.048188142e-13,5.838093514e-13,2.814516974e-13,1.07964712e-13,4.196316006e-13,8.253528895e-14,4.586148503e-14,5.854954974e-14,3.148724654e-14,8.785859548e-14,1.672539867e-13,2.996175802e-13,1.944807837e-13,1.403077878e-13,1.165532183e-13,3.085285479e-13,7.720582129e-15
43.265625,4.705668845e-13,2.552408603e-13,8.832624032e-14,2.509377233e-13,1.958139216e-13,2.202222573e-13,1.13925205e-13,3.500549018e-14,5.632391647e-14,4.158024762e-13,8.613218145e-14,7.847837979e-14,2.011613138e-13,3.272272278e-13,4.031394298e-13,6.110729933e-13,5.903688716e-13,2.838674124e-13,1.091921242e-13,4.175000329e-13,8.151113447e-14,4.591547621e-14,5.80764247e-14,3.097714696e-14,8.844459694e-14,1.674899029e-13,3.00781676e-13,1.951010371e-13,1.421304508e-13,1.160478565e-13,3.123847673e-13,7.606325163e-15
43.2734375,4.727961008e-13,2.59126239e-13,8.78068606e-14,2.517506677e-13,1.954799417e-13,2.176710367e-13,1.135791091e-13,3.432367134e-14,5.612073459e-14,4.16867147e-13,8.562097173e-14,7.937072834e-14,2.034919266e-13,3.284229793e-13,4.058894584e-13,6.172643246e-13,5.969941615e-13,2.863484289e-13,1.104691638e-13,4.152491265e-13,8.056660516e-14,4.599006234e-14,5.761638427e-14,3.046798636e-14,8.903194727e-14,1.67586879e-13,3.019540048e-13,1.957112501e-13,1.438689884e-13,1.154536849e-13,3.162573995e-13,7.50842772e-15
43.28125,4.750347744e-13,2.624832823e-13,8.729520273e-14,2.522568759e-13,1.952911716e-13,2.152666186e-13,1.132789183e-13,3.366232994e-14,5.595933829e-14,4.176727829e-13,8.52147352e-14,8.028967818e-14,2.059040848e-13,3.296945499e-13,4.084079569e-13,6.230193358e-13,6.032972645e-13,2.888235529e-13,1.116958988e-13,4.129875042e-13,7.965543855e-14,4.607909642e-14,5.715384382e-14,2.99874559e-14,8.960097235e-14,1.675717325e-13,3.02969304e-13,1.960954093e-13,1.455449246e-13,1.148222015e-13,3.201573604e-13,7.414218006e-15
43.2890625,4.770545272e-13,2.659381407e-13,8.691293472e-14,2.528746807e-13,1.951777184e-13,2.129575515e-13,1.129905485e-13,3.305297889e-14,5.580716584e-14,4.183751596e-13,8.488897425e-14,8.124593315e-14,2.084647254e-13,3.309962385e-13,4.108981969e-13,6.286190815e-13,6.09382473e-13,2.912977188e-13,1.129100126e-13,4.110313371e-13,7.87245321e-14,4.615391969e-14,5.670135028e-14,2.957261605e-14,9.014828282e-14,1.675424338e-13,3.039930781e-13,1.966294255e-13,1.472713907e-13,1.142038636e-13,3.242287349e-13,7.313704205e-15
43.296875,4.790816808e-13,2.697585472e-13,8.653902923e-14,2.536250854e-13,1.949478505e-13,2.10734045e-13,1.12653578e-13,3.246834965e-14,5.561615329e-14,4.189580289e-13,8.455603505e-14,8.218584192e-14,2.110670697e-13,3.321723761e-13,4.133959388e-13,6.341805702e-13,6.154143993e-13,2.936877833e-13,1.141431729e-13,4.090173524e-13,7.77518773e-14,4.620070542e-14,5.625481417e-14,2.91763607e-14,9.066442789e-14,1.674778609e-13,3.050850298e-13,1.971917077e-13,1.490297109e-13,1.13505006e-13,3.282637277e-13,7.219280495e-15
43.3046875,4.810844908e-13,2.732388977e-13,8.597764768e-14,2.541947033e-13,1.946977606e-13,2.085619523e-13,1.123117402e-13,3.188154039e-14,5.541360127e-14,4.192203459e-13,8.419254901e-14,8.308690442e-14,2.135943048e-13,3.332893173e-13,4.156759766e-13,6.393332692e-13,6.211637982e-13,2.959517054e-13,1.152948402e-13,4.067270065e-13,7.673983029e-14,4.623360101e-14,5.579176346e-14,2.877934175e-14,9.114515419e-14,1.67277669e-13,3.060360374e-13,1.973515301e-13,1.507090974e-13,1.126579869e-13,3.320954708e-13,7.145090984e-15
43.3125,4.831789661e-13,2.763491907e-13,8.53860362e-14,2.545671956e-13,1.94723811e-13,2.064902169e-13,1.120176735e-13,3.131355083e-14,5.526331813e-14,4.193248956e-13,8.386949162e-14,8.402569616e-14,2.162405919e-13,3.34646955e-13,4.176950852e-13,6.440017182e-13,6.26573288e-13,2.982211621e-13,1.164021002e-13,4.04427135e-13,7.575036298e-14,4.629267143e-14,5.532187078e-14,2.842764952e-14,9.159821818e-14,1.669012253e-13,3.067906088e-13,1.974433536e-13,1.522737188e-13,1.117465271e-13,3.360145982e-13,7.088951187e-15
43.3203125,4.85635049e-13,2.796939707e-13,8.497061577e-14,2.549533776e-13,1.9495892e-13,2.04606727e-13,1.117222998e-13,3.075726163e-14,5.517146381e-14,4.194427733e-13,8.363171313e-14,8.502854968e-14,2.191317863e-13,3.362250627e-13,4.194819268e-13,6.483334289e-13,6.317367297e-13,3.004846412e-13,1.175866365e-13,4.02149839e-13,7.482959606e-14,4.64022398e-14,5.486582084e-14,2.811392467e-14,9.20127085e-14,1.664126276e-13,3.075065066e-13,1.978302575e-13,1.537998519e-13,1.108602646e-13,3.401585123e-13,7.047855566e-15
43.328125,4.880999108e-13,2.831496972e-13,8.467121151e-14,2.55381178e-13,1.95115531e-13,2.028739228e-13,1.113806316e-13,3.01956009e-14,5.509334304e-14,4.193956456e-13,8.345947069e-14,8.604768118e-14,2.22091267e-13,3.377060346e-13,4.210444783e-13,6.523690745e-13,6.365589666e-13,3.025962815e-13,1.18778055e-13,3.997793983e-13,7.391409966e-14,4.653689355e-14,5.440790894e-14,2.782390005e-14,9.238234192e-14,1.658870037e-13,3.082947504e-13,1.982243655e-13,1.553659544e-13,1.099767298e-13,3.443270718e-13,7.020167313e-15
43.3359375,4.903205041e-13,2.86311679e-13,8.435219066e-14,2.555870019e-13,1.952622079e-13,2.011685521e-13,1.110191603e-13,2.966760577e-14,5.498902527e-14,4.1909895e-13,8.33519527e-14,8.703829597e-14,2.250011984e-13,3.390502729e-13,4.224670728e-13,6.561359233e-13,6.410224234e-13,3.04557967e-13,1.198542972e-13,3.974460056e-13,7.293332597e-14,4.665759542e-14,5.393640193e-14,2.759952822e-14,9.271188209e-14,1.652892864e-13,3.090898917e-13,1.984260724e-13,1.568759844e-13,1.090075768e-13,3.483896501e-13,7.002288501e-15
43.34375,4.925728384e-13,2.893150584e-13,8.401896791e-14,2.554845639e-13,1.955990895e-13,1.994477303e-13,1.106540259e-13,2.919412564e-14,5.486811086e-14,4.185987256e-13,8.333095615e-14,8.799731743e-14,2.279176318e-13,3.404579675e-13,4.237790384e-13,6.595802158e-13,6.452325138e-13,3.064570468e-13,1.20845304e-13,3.953451405e-13,7.193807453e-14,4.67589569e-14,5.34792864e-14,2.742673601e-14,9.299680451e-14,1.645680852e-13,3.097735246e-13,1.985439184e-13,1.582633777e-13,1.079181948e-13,3.523372221e-13,6.995499457e-15
43.3515625,4.947964621e-13,2.922777056e-13,8.379664634e-14,2.553428292e-13,1.96031381e-13,1.978402693e-13,1.102848704e-13,2.873889587e-14,5.478513953e-14,4.178536271e-13,8.339026588e-14,8.899644687e-14,2.309238947e-13,3.419786805e-13,4.249567606e-13,6.626628833e-13,6.492494179e-13,3.083730546e-13,1.218335248e-13,3.934090564e-13,7.102902258e-14,4.686607041e-14,5.305295579e-14,2.724352557e-14,9.32612858e-14,1.637494851e-13,3.104136536e-13,1.986276749e-13,1.597176891e-13,1.067606297e-13,3.563035127e-13,6.999073028e-15
43.359375,4.96906491e-13,2.94952761e-13,8.37141266e-14,2.552220588e-13,1.964366729e-13,1.96495805e-13,1.099226813e-13,2.829023138e-14,5.474954358e-14,4.169726302e-13,8.350156921e-14,9.00481876e-14,2.340613659e-13,3.435115126e-13,4.259224241e-13,6.653518253e-13,6.530573006e-13,3.102663742e-13,1.228262083e-13,3.913562269e-13,7.021229427e-14,4.699513191e-14,5.263311089e-14,2.705998072e-14,9.351585268e-14,1.628583237e-13,3.111272321e-13,1.9871757e-13,1.612320596e-13,1.055925676e-13,3.603747923e-13,7.012268065e-15
43.3671875,4.990856961e-13,2.972369442e-13,8.369472283e-14,2.549431017e-13,1.968466489e-13,1.953434203e-13,1.095490415e-13,2.78722034e-14,5.470377466e-14,4.161442295e-13,8.363889912e-14,9.103540153e-14,2.3724653e-13,3.449427415e-13,4.264773627e-13,6.673922957e-13,6.56388595e-13,3.118781377e-13,1.237561423e-13,3.891816678e-13,6.941579725e-14,4.712625153e-14,5.220083344e-14,2.69079688e-14,9.369530061e-14,1.619091043e-13,3.117797095e-13,1.988324802e-13,1.624898771e-13,1.044424469e-13,3.642792536e-13,7.039068976e-15
43.375,5.010628485e-13,2.993021679e-13,8.377311347e-14,2.545166057e-13,1.972729976e-13,1.94201746e-13,1.09146537e-13,2.749485984e-14,5.462877775e-14,4.153013586e-13,8.381747023e-14,9.194469834e-14,2.403785399e-13,3.462505475e-13,4.266534897e-13,6.687611232e-13,6.59017484e-13,3.131208445e-13,1.245813744e-13,3.871138199e-13,6.861982597e-14,4.723537278e-14,5.176614197e-14,2.677729427e-14,9.378082308e-14,1.608880681e-13,3.12218223e-13,1.988889819e-13,1.634926917e-13,1.033100642e-13,3.678750809e-13,7.074720265e-15
43.3828125,5.027109673e-13,3.01264457e-13,8.396501468e-14,2.539784101e-13,1.977910729e-13,1.930445265e-13,1.087369779e-13,2.714620543e-14,5.455713105e-14,4.14295864e-13,8.40911126e-14,9.287681483e-14,2.435096482e-13,3.475540789e-13,4.267731221e-13,6.69897951e-13,6.612852551e-13,3.142684783e-13,1.253479222e-13,3.850519783e-13,6.787016739e-14,4.733317266e-14,5.133643927e-14,2.668064205e-14,9.383817478e-14,1.597387878e-13,3.125987411e-13,1.988710344e-13,1.644785611e-13,1.021556636e-13,3.714097159e-13,7.117616431e-15
43.390625,5.045611814e-13,3.031173319e-13,8.416656687e-14,2.53304753e-13,1.985388227e-13,1.919732212e-13,1.083225897e-13,2.680002964e-14,5.449467564e-14,4.131164256e-13,8.446683028e-14,9.382239848e-14,2.467115451e-13,3.489584596e-13,4.268758386e-13,6.709739792e-13,6.635966884e-13,3.154820196e-13,1.260939578e-13,3.828101999e-13,6.719192121e-14,4.744139044e-14,5.090918371e-14,2.664748811e-14,9.387749386e-14,1.585237752e-13,3.131464166e-13,1.988252479e-13,1.654530301e-13,1.009530807e-13,3.749111876e-13,7.173643958e-15
43.3984375,5.066714066e-13,3.048439473e-13,8.442669313e-14,2.526211109e-13,1.994736761e-13,1.910571535e-13,1.078981952e-13,2.645458265e-14,5.443734077e-14,4.117875282e-13,8.492576375e-14,9.474250946e-14,2.499819163e-13,3.504511104e-13,4.267422312e-13,6.717898213e-13,6.657818181e-13,3.166788062e-13,1.267952362e-13,3.805403614e-13,6.657880658e-14,4.756671735e-14,5.048545072e-14,2.667005661e-14,9.387709595e-14,1.573586833e-13,3.138085689e-13,1.987495675e-13,1.664226182e-13,9.971815304e-14,3.782507622e-13,7.23047333e-15
43.40625,5.085966894e-13,3.064672003e-13,8.484060589e-14,2.519578215e-13,2.004842322e-13,1.902360517e-13,1.074837677e-13,2.614921231e-14,5.439627579e-14,4.103449329e-13,8.550294229e-14,9.565431705e-14,2.533151531e-13,3.519342694e-13,4.263685177e-13,6.722725287e-13,6.674862611e-13,3.177755462e-13,1.274329092e-13,3.784119404e-13,6.601379773e-14,4.770607309e-14,5.00459846e-14,2.673254617e-14,9.384713979e-14,1.561646864e-13,3.143392038e-13,1.986863158e-13,1.674137346e-13,9.846726787e-14,3.815145321e-13,7.284077258e-15
43.4140625,5.103021987e-13,3.080296325e-13,8.530170958e-14,2.511425364e-13,2.015782105e-13,1.893848856e-13,1.070610047e-13,2.58887998e-14,5.435995221e-14,4.08813617e-13,8.619030779e-14,9.651845855e-14,2.566560452e-13,3.532879554e-13,4.257982597e-13,6.723143709e-13,6.686111423e-13,3.186752704e-13,1.279949042e-13,3.764164932e-13,6.545890396e-14,4.784256896e-14,4.955661848e-14,2.681525568e-14,9.374890466e-14,1.548169812e-13,3.146470404e-13,1.986763855e-13,1.682374079e-13,9.720508636e-14,3.846386273e-13,7.353071661e-15
43.421875,5.118951348e-13,3.094677689e-13,8.57455804e-14,2.501890593e-13,2.027503449e-13,1.885537769e-13,1.066197501e-13,2.56357261e-14,5.43136495e-14,4.071365268e-13,8.691059791e-14,9.732310636e-14,2.599393597e-13,3.545790628e-13,4.249841658e-13,6.717735589e-13,6.692777017e-13,3.193797643e-13,1.284630021e-13,3.744457188e-13,6.488133521e-14,4.795799712e-14,4.902605872e-14,2.688577051e-14,9.354892465e-14,1.533457671e-13,3.149270325e-13,1.986103636e-13,1.689010693e-13,9.590880755e-14,3.874902004e-13,7.427602188e-15
43.4296875,5.133603809e-13,3.106612053e-13,8.623910753e-14,2.492545394e-13,2.039390105e-13,1.878977878e-13,1.062250472e-13,2.539731259e-14,5.426865683e-14,4.05302261e-13,8.768152446e-14,9.814354464e-14,2.632065354e-13,3.560173616e-13,4.240899635e-13,6.708642482e-13,6.697185609e-13,3.200800337e-13,1.288633383e-13,3.723576007e-13,6.429654281e-14,4.805834705e-14,4.849095178e-14,2.69641841e-14,9.331108206e-14,1.518043362e-13,3.153366902e-13,1.983944522e-13,1.696710863e-13,9.454283749e-14,3.90275483e-13,7.494553173e-15
43.4375,5.148148876e-13,3.11623824e-13,8.68143039e-14,2.48178147e-13,2.051689624e-13,1.873755921e-13,1.058762361e-13,2.520080672e-14,5.424500014e-14,4.033912063e-13,8.857233317e-14,9.899957658e-14,2.665181506e-13,3.576140263e-13,4.232157045e-13,6.697074326e-13,6.699642978e-13,3.208279219e-13,1.292586234e-13,3.701710673e-13,6.377298132e-14,4.817223075e-14,4.795978791e-14,2.711091813e-14,9.307527358e-14,1.501986487e-13,3.157060922e-13,1.980826877e-13,1.705050464e-13,9.313067314e-14,3.931354882e-13,7.580884748e-15
43.4453125,5.164188351e-13,3.124035281e-13,8.752604442e-14,2.466696245e-13,2.0663262e-13,1.869065639e-13,1.054822479e-13,2.503057677e-14,5.427918288e-14,4.01402255e-13,8.955887721e-14,9.988863549e-14,2.698989309e-13,3.593468237e-13,4.220671049e-13,6.679721495e-13,6.698056673e-13,3.215275295e-13,1.296870384e-13,3.679840238e-13,6.336429267e-14,4.834038936e-14,4.743467365e-14,2.73272472e-14,9.280959155e-14,1.485334492e-13,3.15842502e-13,1.976956859e-13,1.712221291e-13,9.171681679e-14,3.959601702e-13,7.690027325e-15
43.453125,5.182403142e-13,3.130573377e-13,8.83946417e-14,2.449496915e-13,2.084583414e-13,1.865652856e-13,1.050411334e-13,2.487877171e-14,5.437686083e-14,3.992853506e-13,9.059936665e-14,1.008208516e-13,2.733728665e-13,3.61326947e-13,4.205886706e-13,6.657390223e-13,6.693825429e-13,3.222422099e-13,1.301207241e-13,3.657958012e-13,6.30098627e-14,4.856473975e-14,4.692892255e-14,2.757303206e-14,9.251147576e-14,1.468061055e-13,3.159038987e-13,1.972404228e-13,1.719400317e-13,9.029892258e-14,3.98741556e-13,7.792538789e-15
43.4609375,5.20029191e-13,3.13772434e-13,8.933917262e-14,2.434580744e-13,2.103156646e-13,1.86329737e-13,1.046001529e-13,2.475285838e-14,5.445009442e-14,3.970673691e-13,9.16804927e-14,1.017067566e-13,2.768940212e-13,3.633256408e-13,4.191465807e-13,6.635937873e-13,6.690539924e-13,3.229825403e-13,1.30481055e-13,3.635649474e-13,6.262262874e-14,4.87644582e-14,4.643857854e-14,2.783433874e-14,9.218625038e-14,1.450333702e-13,3.160930167e-13,1.968527507e-13,1.72729205e-13,8.888079027e-14,4.01427778e-13,7.890206704e-15
43.46875,5.213530703e-13,3.145010912e-13,9.037294908e-14,2.420278113e-13,2.118321849e-13,1.860941792e-13,1.041304482e-13,2.463222039e-14,5.444823227e-14,3.947576233e-13,9.280382996e-14,1.024820601e-13,2.803899785e-13,3.649476876e-13,4.177033824e-13,6.614148648e-13,6.685622275e-13,3.235186458e-13,1.307347629e-13,3.611783263e-13,6.227315679e-14,4.888954996e-14,4.595243814e-14,2.810677048e-14,9.180831312e-14,1.43250551e-13,3.162896584e-13,1.965882996e-13,1.733740995e-13,8.748378419e-14,4.038627884e-13,7.997378814e-15
43.4765625,5.224243852e-13,3.149026964e-13,9.152698257e-14,2.402419874e-13,2.133465704e-13,1.859273785e-13,1.036317762e-13,2.451374234e-14,5.445719641e-14,3.923415982e-13,9.404524194e-14,1.032371592e-13,2.838756196e-13,3.664034927e-13,4.159407486e-13,6.586050381e-13,6.674222916e-13,3.237923593e-13,1.309385291e-13,3.586500377e-13,6.206450066e-14,4.901745337e-14,4.545819228e-14,2.838306661e-14,9.138544136e-14,1.41479061e-13,3.163944724e-13,1.963360199e-13,1.737917261e-13,8.609958594e-14,4.061586057e-13,8.113127234e-15
43.484375,5.237651955e-13,3.150391729e-13,9.272644387e-14,2.382018771e-13,2.153240659e-13,1.858846832e-13,1.03162858e-13,2.442126975e-14,5.453883525e-14,3.898613203e-13,9.545407793e-14,1.040506331e-13,2.873574812e-13,3.681519181e-13,4.139900063e-13,6.552425556e-13,6.657467498e-13,3.239917248e-13,1.311536868e-13,3.562306399e-13,6.193687463e-14,4.921757259e-14,4.492767828e-14,2.866585471e-14,9.094083426e-14,1.397041216e-13,3.165405893e-13,1.960608959e-13,1.741967999e-13,8.470393335e-14,4.085623325e-13,8.234830214e-15
43.4921875,5.251395492e-13,3.152068816e-13,9.40349109e-14,2.36130078e-13,2.175997381e-13,1.858358785e-13,1.027136355e-13,2.435061578e-14,5.465186045e-14,3.873042365e-13,9.698859065e-14,1.049227525e-13,2.907657312e-13,3.701481313e-13,4.119693246e-13,6.515035305e-13,6.636776047e-13,3.240914353e-13,1.313648633e-13,3.539293871e-13,6.183676141e-14,4.945141851e-14,4.435473908e-14,2.896870406e-14,9.044110849e-14,1.378422309e-13,3.166764848e-13,1.957718801e-13,1.746741554e-13,8.327988989e-14,4.110674167e-13,8.355636161e-15
43.5,5.261457784e-13,3.151840342e-13,9.558009684e-14,2.339341953e-13,2.199371393e-13,1.857194572e-13,1.022407862e-13,2.429365147e-14,5.475694889e-14,3.846314864e-13,9.86688797e-14,1.058157667e-13,2.940569905e-13,3.721163197e-13,4.096202043e-13,6.471134115e-13,6.610486362e-13,3.239369204e-13,1.314877412e-13,3.515616017e-13,6.183130704e-14,4.96648886e-14,4.377611715e-14,2.931478395e-14,8.984888369e-14,1.358627031e-13,3.166470897e-13,1.954223016e-13,1.749910944e-13,8.185481307e-14,4.134380352e-13,8.48360425e-15
43.5078125,5.269782011e-13,3.147243184e-13,9.726333658e-14,2.315664396e-13,2.22280883e-13,1.856534601e-13,1.017560966e-13,2.42547427e-14,5.483535173e-14,3.819205805e-13,1.00499663e-13,1.066353879e-13,2.97269866e-13,3.739877498e-13,4.069787281e-13,6.422157925e-13,6.580970776e-13,3.236794594e-13,1.314806113e-13,3.490808734e-13,6.1901869e-14,4.984122266e-14,4.322076514e-14,2.969018664e-14,8.919759231e-14,1.338867396e-13,3.166498747e-13,1.950648357e-13,1.750760397e-13,8.049555323e-14,4.15499339e-13,8.634054793e-15
43.515625,5.277954119e-13,3.142011246e-13,9.89659216e-14,2.291517611e-13,2.244665464e-13,1.85733597e-13,1.012743661e-13,2.422846299e-14,5.489727152e-14,3.792206552e-13,1.023730177e-13,1.073841399e-13,3.004774995e-13,3.758678413e-13,4.043470571e-13,6.372292921e-13,6.551672307e-13,3.235154209e-13,1.314202292e-13,3.463820419e-13,6.19516195e-14,4.999454669e-14,4.267832248e-14,3.005240361e-14,8.852813232e-14,1.319932202e-13,3.168637825e-13,1.948012248e-13,1.752173117e-13,7.919746999e-14,4.173979606e-13,8.78787588e-15
43.5234375,5.284672691e-13,3.139264714e-13,1.007299939e-13,2.267689023e-13,2.26619296e-13,1.858779582e-13,1.007893327e-13,2.422386551e-14,5.499758314e-14,3.765143889e-13,1.042915286e-13,1.081804459e-13,3.036641207e-13,3.778481655e-13,4.016841248e-13,6.32069672e-13,6.520209036e-13,3.232664944e-13,1.31345389e-13,3.436121667e-13,6.202005388e-14,5.016337446e-14,4.211268326e-14,3.043185202e-14,8.781462958e-14,1.301203177e-13,3.170670634e-13,1.946241576e-13,1.755057883e-13,7.789835885e-14,4.193161937e-13,8.932184412e-15
43.53125,5.288747893e-13,3.135605944e-13,1.025833351e-13,2.243918781e-13,2.290147592e-13,1.85949696e-13,1.00308349e-13,2.42363472e-14,5.511928896e-14,3.738451814e-13,1.063239893e-13,1.089745189e-13,3.067173759e-13,3.797813534e-13,3.987851435e-13,6.265491374e-13,6.483910797e-13,3.227054069e-13,1.311546546e-13,3.411931645e-13,6.21941444e-14,5.033986234e-14,4.150671677e-14,3.086387881e-14,8.703515316e-14,1.281896778e-13,3.170909392e-13,1.944639164e-13,1.757123648e-13,7.659859583e-14,4.210373565e-13,9.082353733e-15
43.5390625,5.28930867e-13,3.127227041e-13,1.045355215e-13,2.219807153e-13,2.314857801e-13,1.86023477e-13,9.983588163e-14,2.423628504e-14,5.52033078e-14,3.711351651e-13,1.084187033e-13,1.096563351e-13,3.096549766e-13,3.815497623e-13,3.956530914e-13,6.206456142e-13,6.443448724e-13,3.219692712e-13,1.308228012e-13,3.389507785e-13,6.244214267e-14,5.048507925e-14,4.090142173e-14,3.127925124e-14,8.623241715e-14,1.261637218e-13,3.170403328e-13,1.942366097e-13,1.758244132e-13,7.531421974e-14,4.224466852e-13,9.231603069e-15
43.546875,5.288662268e-13,3.116663518e-13,1.066084877e-13,2.196243047e-13,2.339955825e-13,1.8624387e-13,9.935905617e-14,2.426128155e-14,5.529989287e-14,3.682316036e-13,1.106106564e-13,1.103361781e-13,3.126065059e-13,3.83435346e-13,3.92450894e-13,6.143792875e-13,6.399923326e-13,3.213602937e-13,1.304821534e-13,3.365633873e-13,6.272245965e-14,5.062777956e-14,4.033356884e-14,3.166249096e-14,8.543282488e-14,1.241021854e-13,3.170529626e-13,1.939778707e-13,1.759813609e-13,7.402736958e-14,4.238958277e-13,9.377218494e-15
43.5546875,5.290824084e-13,3.108263664e-13,1.087434873e-13,2.173830749e-13,2.368243892e-13,1.865046108e-13,9.887332307e-14,2.435031299e-14,5.544223085e-14,3.652686626e-13,1.130088215e-13,1.110760627e-13,3.155265856e-13,3.855894616e-13,3.892873266e-13,6.079642565e-13,6.355296443e-13,3.209446644e-13,1.301920021e-13,3.342766512e-13,6.306911787e-14,5.080192434e-14,3.976948623e-14,3.209762384e-14,8.461108672e-14,1.22091751e-13,3.172170493e-13,1.938629474e-13,1.760882462e-13,7.275259363e-14,4.254598636e-13,9.535492828e-15
43.5625,5.294467778e-13,3.100122794e-13,1.109163363e-13,2.150731826e-13,2.398057056e-13,1.867467651e-13,9.840512303e-14,2.443745216e-14,5.556752317e-14,3.623942296e-13,1.15537234e-13,1.117499223e-13,3.183125772e-13,3.877762237e-13,3.860703334e-13,6.014438846e-13,6.310432011e-13,3.205187745e-13,1.298925048e-13,3.320909459e-13,6.349461571e-14,5.09869455e-14,3.917784028e-14,3.256666526e-14,8.3765028e-14,1.200622529e-13,3.174715948e-13,1.938167487e-13,1.760809547e-13,7.150294576e-14,4.268554239e-13,9.69285843e-15
43.5703125,5.296861453e-13,3.088566421e-13,1.132041727e-13,2.125946736e-13,2.42695221e-13,1.871717091e-13,9.798043172e-14,2.450588011e-14,5.570214878e-14,3.594433937e-13,1.181343127e-13,1.123769051e-13,3.210462774e-13,3.900108911e-13,3.827372041e-13,5.945908155e-13,6.26349818e-13,3.199904573e-13,1.295619057e-13,3.297771741e-13,6.396726398e-14,5.118888965e-14,3.858038239e-14,3.301403604e-14,8.291002014e-14,1.179513069e-13,3.176684809e-13,1.935956801e-13,1.760870888e-13,7.0257207e-14,4.281615053e-13,9.844052556e-15
43.578125,5.299513812e-13,3.076000534e-13,1.156265791e-13,2.100831849e-13,2.456499005e-13,1.877445498e-13,9.756044056e-14,2.462887617e-14,5.589305066e-14,3.563891564e-13,1.208847785e-13,1.130580423e-13,3.237768975e-13,3.924104042e-13,3.793267825e-13,5.87421624e-13,6.214232102e-13,3.195017923e-13,1.292090954e-13,3.274880035e-13,6.449692196e-14,5.140601145e-14,3.798812582e-14,3.349667401e-14,8.201664681e-14,1.158327473e-13,3.17817298e-13,1.933699483e-13,1.76059951e-13,6.903184131e-14,4.29525774e-13,1.000593188e-14
43.5859375,5.3019852e-13,3.064111543e-13,1.181739916e-13,2.07570647e-13,2.486728928e-13,1.88240836e-13,9.710856698e-14,2.479490685e-14,5.60632438e-14,3.534688654e-13,1.237802432e-13,1.137204222e-13,3.264085334e-13,3.947492301e-13,3.757033508e-13,5.799716566e-13,6.162892858e-13,3.190230052e-13,1.287963605e-13,3.252258738e-13,6.513361787e-14,5.158895303e-14,3.739706345e-14,3.404110564e-14,8.106051303e-14,1.136911265e-13,3.179331713e-13,1.93432831e-13,1.758412779e-13,6.785460947e-14,4.307514778e-13,1.016047621e-14
43.59375,5.301633921e-13,3.049156292e-13,1.208647222e-13,2.050386036e-13,2.517479933e-13,1.887941902e-13,9.669786127e-14,2.495909612e-14,5.619323202e-14,3.50698724e-13,1.26773131e-13,1.143149619e-13,3.289240536e-13,3.970296542e-13,3.719036662e-13,5.722672485e-13,6.108680872e-13,3.18398433e-13,1.282881107e-13,3.229606875e-13,6.586010594e-14,5.175698924e-14,3.682284476e-14,3.459920436e-14,8.008634876e-14,1.115109676e-13,3.179882989e-13,1.935895699e-13,1.755402787e-13,6.670710203e-14,4.318017652e-13,1.030355759e-14
43.6015625,5.30021789e-13,3.031792666e-13,1.235822054e-13,2.02584375e-13,2.550569679e-13,1.895214927e-13,9.636605206e-14,2.51366111e-14,5.633618645e-14,3.478727249e-13,1.298636508e-13,1.148916111e-13,3.31340473e-13,3.994997797e-13,3.683070869e-13,5.646723499e-13,6.053982544e-13,3.177771379e-13,1.277115461e-13,3.209495535e-13,6.656490878e-14,5.195382936e-14,3.625420506e-14,3.516197979e-14,7.913132678e-14,1.09411816e-13,3.181320006e-13,1.935388438e-13,1.753518161e-13,6.556122648e-14,4.327810398e-13,1.046295635e-14
43.609375,5.299460883e-13,3.016948564e-13,1.262058029e-13,2.001992442e-13,2.58434553e-13,1.901628279e-13,9.598508478e-14,2.53123429e-14,5.646234247e-14,3.448639372e-13,1.329647499e-13,1.154234778e-13,3.335880097e-13,4.02035228e-13,3.64881938e-13,5.571887217e-13,6.000406839e-13,3.172879769e-13,1.271222768e-13,3.190502206e-13,6.719749181e-14,5.213841259e-14,3.564633512e-14,3.571422694e-14,7.815386609e-14,1.073485826e-13,3.184125312e-13,1.933144283e-13,1.752390505e-13,6.438937595e-14,4.335655848e-13,1.061962211e-14
43.6171875,5.296935287e-13,3.003116347e-13,1.289300127e-13,1.977432132e-13,2.617698087e-13,1.906981993e-13,9.548069036e-14,2.548139184e-14,5.658226653e-14,3.416984985e-13,1.360877269e-13,1.159105912e-13,3.356961074e-13,4.045566532e-13,3.61280055e-13,5.494026679e-13,5.944387389e-13,3.167155831e-13,1.265224648e-13,3.170857494e-13,6.787613872e-14,5.230998483e-14,3.49950672e-14,3.624039417e-14,7.711848111e-14,1.051784771e-13,3.186541904e-13,1.930535465e-13,1.75087485e-13,6.318261834e-14,4.341878223e-13,1.075031328e-14
43.625,5.291862815e-13,2.986336384e-13,1.31987079e-13,1.951678007e-13,2.653826988e-13,1.913769627e-13,9.496505527e-14,2.569985732e-14,5.675602007e-14,3.386040722e-13,1.394282993e-13,1.164167133e-13,3.378204733e-13,4.072436024e-13,3.575512672e-13,5.413863084e-13,5.884737691e-13,3.159937605e-13,1.258549304e-13,3.153330595e-13,6.872722158e-14,5.252119804e-14,3.433764977e-14,3.680577557e-14,7.605984068e-14,1.029808093e-13,3.188630828e-13,1.928807278e-13,1.748766214e-13,6.199182014e-14,4.348709889e-13,1.087722947e-14
43.6328125,5.286001307e-13,2.968264362e-13,1.35213686e-13,1.926287772e-13,2.691580982e-13,1.921265951e-13,9.452943671e-14,2.596923121e-14,5.693005864e-14,3.357797397e-13,1.429755966e-13,1.169089701e-13,3.399997144e-13,4.099692698e-13,3.538966387e-13,5.333816422e-13,5.825226576e-13,3.153381108e-13,1.251169655e-13,3.13767404e-13,6.970446794e-14,5.273315975e-14,3.369640411e-14,3.745259053e-14,7.501775283e-14,1.008436743e-13,3.191621619e-13,1.92897658e-13,1.746346884e-13,6.085938118e-14,4.355670834e-13,1.100759408e-14
43.640625,5.280432052e-13,2.95148693e-13,1.383522041e-13,1.903560557e-13,2.727466195e-13,1.928423198e-13,9.415097343e-14,2.625765341e-14,5.707224368e-14,3.33053924e-13,1.465273426e-13,1.173763481e-13,3.421028647e-13,4.126740433e-13,3.505413538e-13,5.255797506e-13,5.769513242e-13,3.148741825e-13,1.244134674e-13,3.123234249e-13,7.068286267e-14,5.291727386e-14,3.307421443e-14,3.814269816e-14,7.401067954e-14,9.876192605e-14,3.19627249e-13,1.929831515e-13,1.744763999e-13,5.977000571e-14,4.362091399e-13,1.114365591e-14
43.6484375,5.275962489e-13,2.93592278e-13,1.414585267e-13,1.882708164e-13,2.764019758e-13,1.936921553e-13,9.380808868e-14,2.657375701e-14,5.723775436e-14,3.301845505e-13,1.500898226e-13,1.179051747e-13,3.440119984e-13,4.15673483e-13,3.477884959e-13,5.183938216e-13,5.719170571e-13,3.146372041e-13,1.238157835e-13,3.111963869e-13,7.162953508e-14,5.313395731e-14,3.246742074e-14,3.88623497e-14,7.304965813e-14,9.681561581e-14,3.203904242e-13,1.929191764e-13,1.745196307e-13,5.870573092e-14,4.369084683e-13,1.129328027e-14
43.65625,5.271633378e-13,2.920654744e-13,1.446456967e-13,1.860843149e-13,2.802778469e-13,1.946835199e-13,9.350483518e-14,2.690123296e-14,5.739961365e-14,3.272285974e-13,1.537786828e-13,1.184805505e-13,3.458080148e-13,4.189135085e-13,3.453693045e-13,5.116030495e-13,5.671445693e-13,3.145993075e-13,1.232493693e-13,3.099925711e-13,7.258394371e-14,5.336913464e-14,3.186531233e-14,3.962112826e-14,7.210872893e-14,9.495723378e-14,3.213173886e-13,1.927176537e-13,1.746309083e-13,5.764644628e-14,4.37584463e-13,1.142158445e-14
43.6640625,5.265327181e-13,2.904411095e-13,1.478382445e-13,1.838441927e-13,2.840529698e-13,1.956768069e-13,9.322623157e-14,2.721453263e-14,5.753319011e-14,3.242891459e-13,1.575621629e-13,1.190320097e-13,3.476862671e-13,4.220887661e-13,3.42722176e-13,5.045190501e-13,5.622128007e-13,3.146494383e-13,1.226272655e-13,3.083841383e-13,7.35615594e-14,5.356287528e-14,3.126212492e-14,4.03868926e-14,7.11581665e-14,9.298852425e-14,3.220820953e-13,1.925745421e-13,1.745980185e-13,5.65750548e-14,4.381302961e-13,1.150679291e-14
43.671875,5.257391314e-13,2.888054899e-13,1.51002255e-13,1.817243402e-13,2.876424061e-13,1.966516022e-13,9.294060282e-14,2.752836989e-14,5.768657643e-14,3.21387801e-13,1.613921334e-13,1.195706193e-13,3.496031e-13,4.252062754e-13,3.399336593e-13,4.973137832e-13,5.571953238e-13,3.147753874e-13,1.219739538e-13,3.069049503e-13,7.454618053e-14,5.373900226e-14,3.066034982e-14,4.111215932e-14,7.021355786e-14,9.095964408e-14,3.228246391e-13,1.926398814e-13,1.745039195e-13,5.553828799e-14,4.386809318e-13,1.157931595e-14
43.6796875,5.247890421e-13,2.873790153e-13,1.542412264e-13,1.796341639e-13,2.911027617e-13,1.975537028e-13,9.263933947e-14,2.785524855e-14,5.78212534e-14,3.18634336e-13,1.653007801e-13,1.200793121e-13,3.513471094e-13,4.282248104e-13,3.372888282e-13,4.904022684e-13,5.522279262e-13,3.149919196e-13,1.213205774e-13,3.057722931e-13,7.552840033e-14,5.390212088e-14,3.006422568e-14,4.180803947e-14,6.929143118e-14,8.905861546e-14,3.238071624e-13,1.928895062e-13,1.745073685e-13,5.458164569e-14,4.392743941e-13,1.165030028e-14
43.6875,5.236486683e-13,2.860287214e-13,1.57598674e-13,1.77601186e-13,2.944482986e-13,1.984230772e-13,9.236182352e-14,2.820482574e-14,5.788694582e-14,3.16027489e-13,1.69287098e-13,1.205288664e-13,3.529833953e-13,4.311415788e-13,3.347742574e-13,4.836397524e-13,5.472551266e-13,3.152610583e-13,1.206614896e-13,3.046548421e-13,7.652353277e-14,5.4019448e-14,2.948358928e-14,4.254903281e-14,6.839271163e-14,8.726096086e-14,3.248569397e-13,1.931358088e-13,1.745072707e-13,5.366384509e-14,4.398021094e-13,1.171264366e-14
43.6953125,5.226182115e-13,2.846709355e-13,1.610105052e-13,1.757580655e-13,2.978884463e-13,1.994304204e-13,9.211896354e-14,2.856813894e-14,5.79324233e-14,3.133227593e-13,1.733228975e-13,1.209742899e-13,3.546262558e-13,4.342397749e-13,3.324186932e-13,4.769789377e-13,5.424947515e-13,3.156145142e-13,1.200298403e-13,3.035100516e-13,7.755974394e-14,5.41285565e-14,2.892120629e-14,4.335008889e-14,6.750285202e-14,8.546132783e-14,3.258727979e-13,1.932441169e-13,1.743866292e-13,5.274062483e-14,4.402099806e-13,1.176813544e-14
43.703125,5.216649226e-13,2.835429626e-13,1.644395015e-13,1.739024682e-13,3.014177407e-13,2.004500395e-13,9.185726274e-14,2.890841051e-14,5.798225083e-14,3.104125714e-13,1.774575121e-13,1.214416548e-13,3.56053326e-13,4.374574754e-13,3.301200775e-13,4.703679797e-13,5.379411026e-13,3.159982345e-13,1.194171279e-13,3.023611589e-13,7.864622128e-14,5.425777148e-14,2.836354782e-14,4.414524678e-14,6.657459001e-14,8.363817036e-14,3.269974614e-13,1.932895622e-13,1.742398431e-13,5.182480638e-14,4.404411135e-13,1.180941858e-14
43.7109375,5.203632375e-13,2.824353022e-13,1.67943249e-13,1.718991449e-13,3.04867752e-13,2.013655202e-13,9.158539007e-14,2.925283882e-14,5.805368814e-14,3.074426228e-13,1.817759397e-13,1.219103509e-13,3.572007847e-13,4.406086387e-13,3.276646081e-13,4.635612656e-13,5.332227008e-13,3.163426718e-13,1.187536729e-13,3.012455336e-13,7.975415614e-14,5.43884644e-14,2.780865388e-14,4.494655352e-14,6.561528217e-14,8.180032134e-14,3.282255277e-13,1.933973014e-13,1.74167154e-13,5.092588096e-14,4.406012982e-13,1.185087939e-14
43.71875,5.189903133e-13,2.809558683e-13,1.715681838e-13,1.699602764e-13,3.084483627e-13,2.024494088e-13,9.137266985e-14,2.965390859e-14,5.817885097e-14,3.045065309e-13,1.862503596e-13,1.223756559e-13,3.58340172e-13,4.439541318e-13,3.252055124e-13,4.567060053e-13,5.284818613e-13,3.168173883e-13,1.18056649e-13,3.003910262e-13,8.084167932e-14,5.454315974e-14,2.726978577e-14,4.580662688e-14,6.469348623e-14,7.997993588e-14,3.29549077e-13,1.935519669e-13,1.741397995e-13,5.003813665e-14,4.408640212e-13,1.191730229e-14
43.7265625,5.177975989e-13,2.793409572e-13,1.75213023e-13,1.680729604e-13,3.121435118e-13,2.03657822e-13,9.119617556e-14,3.008485393e-14,5.827437712e-14,3.016201276e-13,1.907434908e-13,1.22757871e-13,3.593957348e-13,4.473819164e-13,3.22862593e-13,4.499823141e-13,5.239305035e-13,3.174007643e-13,1.173421015e-13,2.99810899e-13,8.190840857e-14,5.470856506e-14,2.675021427e-14,4.66651165e-14,6.379395285e-14,7.819974556e-14,3.309922316e-13,1.936286212e-13,1.741002915e-13,4.916490786e-14,4.409508943e-13,1.198662253e-14
43.734375,5.161746617e-13,2.777637175e-13,1.787487099e-13,1.660694203e-13,3.155745778e-13,2.045979292e-13,9.099381554e-14,3.052200264e-14,5.82749505e-14,2.98816501e-13,1.952007813e-13,1.229835612e-13,3.600969955e-13,4.504369768e-13,3.204482208e-13,4.432296869e-13,5.192760555e-13,3.17838918e-13,1.165450428e-13,2.994597809e-13,8.299484581e-14,5.481905369e-14,2.624966164e-14,4.746776114e-14,6.287445122e-14,7.64419456e-14,3.323866888e-13,1.935665444e-13,1.740411726e-13,4.831052814e-14,4.406083279e-13,1.203754055e-14
43.7421875,5.142491395e-13,2.761105255e-13,1.822546501e-13,1.641862884e-13,3.189851827e-13,2.054288833e-13,9.07945415e-14,3.098364223e-14,5.828328125e-14,2.960286375e-13,1.997346993e-13,1.231684826e-13,3.60668125e-13,4.534562458e-13,3.180475617e-13,4.365187023e-13,5.146212315e-13,3.183637891e-13,1.157491282e-13,2.993963683e-13,8.411544979e-14,5.491801384e-14,2.576064276e-14,4.827659734e-14,6.198388496e-14,7.470010017e-14,3.336673435e-13,1.934930504e-13,1.740107657e-13,4.748003233e-14,4.402851146e-13,1.208140404e-14
43.75,5.12804127e-13,2.747219257e-13,1.859064558e-13,1.626777903e-13,3.226995552e-13,2.065068289e-13,9.064815204e-14,3.146514137e-14,5.83448675e-14,2.931552783e-13,2.044671531e-13,1.234310902e-13,3.613817107e-13,4.56846901e-13,3.15926561e-13,4.300619042e-13,5.103599479e-13,3.193199142e-13,1.150848393e-13,2.993904126e-13,8.52554032e-14,5.506815606e-14,2.525573127e-14,4.913844752e-14,6.113889305e-14,7.295429908e-14,3.349765692e-13,1.935467099e-13,1.740354232e-13,4.666518844e-14,4.402844223e-13,1.211059758e-14
43.7578125,5.11348144e-13,2.73668216e-13,1.896817126e-13,1.613517347e-13,3.262466273e-13,2.076514522e-13,9.054797144e-14,3.197231716e-14,5.836809716e-14,2.902545094e-13,2.093715968e-13,1.237027211e-13,3.62032325e-13,4.601937939e-13,3.140123039e-13,4.237942221e-13,5.062769564e-13,3.204175297e-13,1.144160903e-13,2.992795743e-13,8.641993712e-14,5.518966627e-14,2.473266092e-14,5.003692572e-14,6.029409391e-14,7.117848572e-14,3.362612356e-13,1.936437301e-13,1.740393284e-13,4.585297525e-14,4.401902801e-13,1.211949001e-14
43.765625,5.09239314e-13,2.723819344e-13,1.934472031e-13,1.599874139e-13,3.294543164e-13,2.086698443e-13,9.046636696e-14,3.250970759e-14,5.833597224e-14,2.87443007e-13,2.14314971e-13,1.239300443e-13,3.624452146e-13,4.633408111e-13,3.121002353e-13,4.175971848e-13,5.021122426e-13,3.213852576e-13,1.136348639e-13,2.993331195e-13,8.760100519e-14,5.523667102e-14,2.422790559e-14,5.095969517e-14,5.945968745e-14,6.943685255e-14,3.373609974e-13,1.936823845e-13,1.739673533e-13,4.508123876e-14,4.398159662e-13,1.212661272e-14
43.7734375,5.071152466e-13,2.710079468e-13,1.972349887e-13,1.58616215e-13,3.328248442e-13,2.096968175e-13,9.038954614e-14,3.304221852e-14,5.831104109e-14,2.847168998e-13,2.192312339e-13,1.241801606e-13,3.627514331e-13,4.666865611e-13,3.102175714e-13,4.115230198e-13,4.980833864e-13,3.22468535e-13,1.129228391e-13,2.997470938e-13,8.874676622e-14,5.529540831e-14,2.375575325e-14,5.189602648e-14,5.865226327e-14,6.779662163e-14,3.384264238e-13,1.937484985e-13,1.739289249e-13,4.43807586e-14,4.394818195e-13,1.212508725e-14
43.78125,5.052663141e-13,2.700959547e-13,2.011174636e-13,1.573567805e-13,3.363214296e-13,2.108170435e-13,9.033550768e-14,3.357199087e-14,5.829953354e-14,2.819719675e-13,2.2419911e-13,1.244612077e-13,3.630582228e-13,4.702058885e-13,3.085959486e-13,4.058165595e-13,4.943802947e-13,3.238259888e-13,1.123538805e-13,3.004465054e-13,8.982578339e-14,5.539180575e-14,2.330281734e-14,5.282384395e-14,5.786461699e-14,6.620442588e-14,3.397763106e-13,1.938652089e-13,1.740349175e-13,4.36857017e-14,4.392656495e-13,1.209927696e-14
43.7890625,5.032268878e-13,2.693803596e-13,2.049855455e-13,1.563493698e-13,3.395492138e-13,2.120313001e-13,9.032615622e-14,3.412033479e-14,5.826580718e-14,2.791551432e-13,2.293183906e-13,1.247107382e-13,3.633612483e-13,4.736094924e-13,3.073504442e-13,4.005926767e-13,4.910023585e-13,3.253840978e-13,1.117956086e-13,3.01283061e-13,9.086086979e-14,5.547365227e-14,2.286101834e-14,5.372212392e-14,5.712569633e-14,6.459715127e-14,3.414002254e-13,1.939792692e-13,1.742183623e-13,4.295265994e-14,4.390075964e-13,1.206175714e-14
43.796875,5.010603465e-13,2.686093962e-13,2.087943131e-13,1.555839505e-13,3.426374288e-13,2.132694998e-13,9.034020444e-14,3.466547288e-14,5.819510632e-14,2.763622642e-13,2.345838288e-13,1.249309725e-13,3.635892378e-13,4.768823286e-13,3.062315265e-13,3.95495093e-13,4.878232563e-13,3.271346567e-13,1.112501052e-13,3.021797027e-13,9.189380311e-14,5.553630505e-14,2.241674881e-14,5.460323841e-14,5.642720939e-14,6.298600313e-14,3.429370673e-13,1.942067824e-13,1.744066637e-13,4.225062928e-14,4.386868548e-13,1.201663645e-14
43.8046875,4.989285248e-13,2.679731786e-13,2.127020109e-13,1.54862864e-13,3.457875651e-13,2.143823419e-13,9.035758351e-14,3.521957411e-14,5.809984809e-14,2.736507839e-13,2.399274067e-13,1.25140775e-13,3.636591513e-13,4.801036867e-13,3.050102105e-13,3.902904641e-13,4.846799012e-13,3.290355137e-13,1.107597994e-13,3.032593292e-13,9.293709829e-14,5.558578303e-14,2.196582339e-14,5.552494689e-14,5.572027573e-14,6.13987568e-14,3.442197073e-13,1.945570367e-13,1.746484631e-13,4.16115319e-14,4.382819608e-13,1.195534261e-14
43.8125,4.966838746e-13,2.673307061e-13,2.166883517e-13,1.541597622e-13,3.489073551e-13,2.154457179e-13,9.040253195e-14,3.581326222e-14,5.799288745e-14,2.709035963e-13,2.453014506e-13,1.253061784e-13,3.636477795e-13,4.833732372e-13,3.038509963e-13,3.85287388e-13,4.817214394e-13,3.310315473e-13,1.102441167e-13,3.04607738e-13,9.394843641e-14,5.561580503e-14,2.153583641e-14,5.650516602e-14,5.503565209e-14,5.987651984e-14,3.454677025e-13,1.947958883e-13,1.749504417e-13,4.09777224e-14,4.377549834e-13,1.188561465e-14
43.8203125,4.944192626e-13,2.66673758e-13,2.205546804e-13,1.535527397e-13,3.519464387e-13,2.166150178e-13,9.049568031e-14,3.641214739e-14,5.787289978e-14,2.6811469e-13,2.506863521e-13,1.254280706e-13,3.636665959e-13,4.867038448e-13,3.029166219e-13,3.806674832e-13,4.79161683e-13,3.331754241e-13,1.097194056e-13,3.061431611e-13,9.490077273e-14,5.565084589e-14,2.114166222e-14,5.749555587e-14,5.441957253e-14,5.843516854e-14,3.468747222e-13,1.949557342e-13,1.752783312e-13,4.033169127e-14,4.372088245e-13,1.181315633e-14
43.828125,4.921317809e-13,2.662471806e-13,2.243626591e-13,1.529514589e-13,3.548857755e-13,2.177953861e-13,9.062352144e-14,3.699093908e-14,5.774065116e-14,2.654298227e-13,2.560935936e-13,1.255496843e-13,3.636395216e-13,4.899033941e-13,3.021012963e-13,3.762520457e-13,4.768447777e-13,3.354524044e-13,1.092772554e-13,3.078415932e-13,9.58342215e-14,5.569251659e-14,2.076484059e-14,5.847580881e-14,5.383720024e-14,5.70045184e-14,3.484687885e-13,1.952625668e-13,1.756644316e-13,3.97099255e-14,4.367130704e-13,1.173509594e-14
43.8359375,4.897258483e-13,2.657985992e-13,2.282727085e-13,1.523921431e-13,3.577388139e-13,2.189471486e-13,9.076350802e-14,3.757078636e-14,5.759232979e-14,2.627999481e-13,2.615793288e-13,1.256702291e-13,3.634835095e-13,4.929777128e-13,3.013066682e-13,3.719094961e-13,4.746414995e-13,3.378140348e-13,1.088791517e-13,3.096459306e-13,9.675304716e-14,5.571489741e-14,2.039331484e-14,5.945113096e-14,5.32570562e-14,5.554876927e-14,3.502334694e-13,1.956314059e-13,1.760884178e-13,3.913569691e-14,4.361927579e-13,1.165466041e-14
43.84375,4.874822235e-13,2.653548056e-13,2.322199852e-13,1.52050749e-13,3.606442571e-13,2.201535097e-13,9.091600189e-14,3.816446885e-14,5.742405501e-14,2.601228497e-13,2.671945247e-13,1.258106292e-13,3.632770204e-13,4.961628057e-13,3.005463022e-13,3.676195333e-13,4.726594401e-13,3.40371884e-13,1.0850311e-13,3.115343355e-13,9.760309272e-14,5.57359079e-14,2.003535198e-14,6.041278959e-14,5.270052352e-14,5.413264333e-14,3.52003702e-13,1.959998337e-13,1.765564329e-13,3.86094979e-14,4.356610255e-13,1.156655198e-14
43.8515625,4.853748376e-13,2.654558652e-13,2.36168407e-13,1.518460089e-13,3.635975984e-13,2.213094107e-13,9.110010531e-14,3.878874406e-14,5.727094846e-14,2.575057495e-13,2.728818855e-13,1.260522483e-13,3.63127529e-13,4.994552733e-13,2.998940805e-13,3.635078458e-13,4.709246912e-13,3.432226987e-13,1.082260474e-13,3.136906118e-13,9.838343082e-14,5.57740781e-14,1.970443785e-14,6.140624418e-14,5.219489571e-14,5.277314706e-14,3.536340173e-13,1.965300907e-13,1.772739186e-13,3.80949621e-14,4.352798995e-13,1.146102917e-14
43.859375,4.830033964e-13,2.657676719e-13,2.401117009e-13,1.516221904e-13,3.664461504e-13,2.223507109e-13,9.1304501e-14,3.943497791e-14,5.715486887e-14,2.549481153e-13,2.784726038e-13,1.263573911e-13,3.630037322e-13,5.026667776e-13,2.994146483e-13,3.59770882e-13,4.6949181e-13,3.462709629e-13,1.080266397e-13,3.160334342e-13,9.911092253e-14,5.580406577e-14,1.940600241e-14,6.249662527e-14,5.174514892e-14,5.143942428e-14,3.553143567e-13,1.970493035e-13,1.782822079e-13,3.755210384e-14,4.35016533e-13,1.135238773e-14
43.8671875,4.804818299e-13,2.656361066e-13,2.438313887e-13,1.513876311e-13,3.691318275e-13,2.233898383e-13,9.150742661e-14,4.005189916e-14,5.701364297e-14,2.522893829e-13,2.838812057e-13,1.265451759e-13,3.626852525e-13,5.056373727e-13,2.989863662e-13,3.563110313e-13,4.684382866e-13,3.493312941e-13,1.078101964e-13,3.183089933e-13,9.976093871e-14,5.581015559e-14,1.913408445e-14,6.362581641e-14,5.132089076e-14,5.017368285e-14,3.572310427e-13,1.972841051e-13,1.792624124e-13,3.700455055e-14,4.345107145e-13,1.125986821e-14
43.875,4.780010037e-13,2.653559558e-13,2.472818925e-13,1.512059866e-13,3.716527492e-13,2.243975884e-13,9.173515095e-14,4.066182509e-14,5.679350485e-14,2.496027551e-13,2.892283375e-13,1.265568469e-13,3.62029525e-13,5.082582595e-13,2.984694674e-13,3.529195537e-13,4.67520794e-13,3.522517705e-13,1.075660553e-13,3.207641776e-13,1.003539488e-13,5.579182067e-14,1.887929188e-14,6.469089372e-14,5.089109175e-14,4.900337177e-14,3.591802443e-13,1.974898269e-13,1.800560672e-13,3.648549541e-14,4.335943697e-13,1.117744572e-14
43.8828125,4.75336914e-13,2.65230121e-13,2.507711824e-13,1.512417859e-13,3.740897027e-13,2.253061761e-13,9.199611141e-14,4.132837114e-14,5.653696035e-14,2.470379431e-13,2.946259376e-13,1.265367426e-13,3.612522197e-13,5.106974871e-13,2.979948437e-13,3.496753554e-13,4.665486877e-13,3.550838255e-13,1.073233548e-13,3.23640311e-13,1.009363651e-13,5.575211392e-14,1.862433522e-14,6.573288267e-14,5.047384546e-14,4.786760331e-14,3.609191089e-13,1.978949992e-13,1.808559175e-13,3.598150141e-14,4.326356179e-13,1.109142445e-14
43.890625,4.725459644e-13,2.651677024e-13,2.544081337e-13,1.515227123e-13,3.76532127e-13,2.262010069e-13,9.225139912e-14,4.200624319e-14,5.629417459e-14,2.445050899e-13,3.00008285e-13,1.266077969e-13,3.605622345e-13,5.132662905e-13,2.976981811e-13,3.466917961e-13,4.65785538e-13,3.580884333e-13,1.071176337e-13,3.266495562e-13,1.014944948e-13,5.572122074e-14,1.83592633e-14,6.683093855e-14,5.009663231e-14,4.673700748e-14,3.625519403e-13,1.982530988e-13,1.818131546e-13,3.54896264e-14,4.319640181e-13,1.099638123e-14
43.8984375,4.69918468e-13,2.654148455e-13,2.580157821e-13,1.51743126e-13,3.788078759e-13,2.271127613e-13,9.25191382e-14,4.264922607e-14,5.605909424e-14,2.419602426e-13,3.053378502e-13,1.267482448e-13,3.597944669e-13,5.159448069e-13,2.975025136e-13,3.438722227e-13,4.654067084e-13,3.613237731e-13,1.070002759e-13,3.296892696e-13,1.02015233e-13,5.571407829e-14,1.811030379e-14,6.793157394e-14,4.97477629e-14,4.562488807e-14,3.642822876e-13,1.98493523e-13,1.828705454e-13,3.501666613e-14,4.313955575e-13,1.088698674e-14
43.90625,4.674178742e-13,2.659672366e-13,2.615392295e-13,1.5183451e-13,3.808114162e-13,2.280235921e-13,9.284513763e-14,4.332553843e-14,5.583016133e-14,2.395393176e-13,3.107003131e-13,1.268949856e-13,3.588308144e-13,5.185748282e-13,2.973627229e-13,3.411038031e-13,4.652253568e-13,3.645445427e-13,1.069516977e-13,3.329896142e-13,1.02500909e-13,5.57049267e-14,1.789090582e-14,6.900365676e-14,4.940661446e-14,4.450533312e-14,3.660113151e-13,1.988386308e-13,1.838695902e-13,3.453978724e-14,4.307105561e-13,1.076932548e-14
43.9140625,4.649501632e-13,2.663358079e-13,2.650539526e-13,1.520383472e-13,3.828072585e-13,2.289827162e-13,9.320555957e-14,4.405765935e-14,5.561189014e-14,2.372185655e-13,3.161105012e-13,1.270388555e-13,3.578592791e-13,5.212156293e-13,2.972746184e-13,3.383270937e-13,4.651338564e-13,3.676878347e-13,1.06908176e-13,3.364732778e-13,1.0291063e-13,5.568814552e-14,1.76692873e-14,7.012065328e-14,4.908103786e-14,4.337089044e-14,3.674886615e-13,1.992552383e-13,1.847602258e-13,3.406289068e-14,4.300134175e-13,1.066259061e-14
43.921875,4.625312864e-13,2.665685924e-13,2.686389607e-13,1.523500595e-13,3.848997948e-13,2.29990527e-13,9.356966331e-14,4.478626064e-14,5.535940111e-14,2.348126772e-13,3.215512783e-13,1.271966904e-13,3.569203385e-13,5.238777564e-13,2.972057994e-13,3.355739518e-13,4.65222062e-13,3.709552234e-13,1.068791799e-13,3.399005966e-13,1.032301563e-13,5.567251396e-14,1.744249257e-14,7.124724264e-14,4.879389935e-14,4.227026639e-14,3.687784327e-13,1.995962826e-13,1.857098724e-13,3.362099551e-14,4.293348725e-13,1.05646243e-14
43.9296875,4.600902938e-13,2.670739716e-13,2.723280973e-13,1.527424577e-13,3.868880524e-13,2.310295877e-13,9.393150058e-14,4.551779588e-14,5.50376698e-14,2.322874901e-13,3.270871887e-13,1.273697998e-13,3.558211588e-13,5.263751274e-13,2.972823132e-13,3.330883911e-13,4.656153818e-13,3.743953172e-13,1.069009121e-13,3.433005171e-13,1.035016653e-13,5.563983223e-14,1.723547631e-14,7.230057991e-14,4.854219837e-14,4.123161665e-14,3.701496525e-13,1.999275248e-13,1.868223117e-13,3.320125399e-14,4.285102176e-13,1.045499754e-14
43.9375,4.575891539e-13,2.678134883e-13,2.759810851e-13,1.533372206e-13,3.887505431e-13,2.321113795e-13,9.427975204e-14,4.626767016e-14,5.469405166e-14,2.297544384e-13,3.326453713e-13,1.275550521e-13,3.54560536e-13,5.28612028e-13,2.975616174e-13,3.309934415e-13,4.663275015e-13,3.778496033e-13,1.069656419e-13,3.467766504e-13,1.037231355e-13,5.558722636e-14,1.703205617e-14,7.334922191e-14,4.83013638e-14,4.024483026e-14,3.715897838e-13,2.003156254e-13,1.880348477e-13,3.276948445e-14,4.275470592e-13,1.033742813e-14
43.9453125,4.550808409e-13,2.685461795e-13,2.794473045e-13,1.539919803e-13,3.905638361e-13,2.331611985e-13,9.465555424e-14,4.698738387e-14,5.437579902e-14,2.272636798e-13,3.380110662e-13,1.277401711e-13,3.53266076e-13,5.306912823e-13,2.977963079e-13,3.289942484e-13,4.671152231e-13,3.811923655e-13,1.07057257e-13,3.502944146e-13,1.038647921e-13,5.553487673e-14,1.682257238e-14,7.441602899e-14,4.807400606e-14,3.929293464e-14,3.729240677e-13,2.007104966e-13,1.893533942e-13,3.233727549e-14,4.265727497e-13,1.022901633e-14
43.953125,4.525805745e-13,2.691813705e-13,2.828262475e-13,1.545506648e-13,3.922805367e-13,2.341104153e-13,9.509940756e-14,4.768474574e-14,5.406018504e-14,2.247376865e-13,3.431975575e-13,1.279092712e-13,3.51872911e-13,5.32753737e-13,2.979413689e-13,3.268933637e-13,4.678415274e-13,3.84438601e-13,1.071809809e-13,3.538102296e-13,1.03926858e-13,5.547913475e-14,1.663516265e-14,7.542187317e-14,4.787261127e-14,3.836598796e-14,3.741963823e-13,2.010676849e-13,1.907622183e-13,3.193156656e-14,4.255787499e-13,1.012424473e-14
43.9609375,4.500653141e-13,2.697763156e-13,2.862528397e-13,1.55110486e-13,3.93928275e-13,2.349711739e-13,9.554741086e-14,4.840757761e-14,5.372603894e-14,2.220911873e-13,3.484139538e-13,1.280847353e-13,3.502939649e-13,5.348143674e-13,2.982390045e-13,3.24860737e-13,4.687171559e-13,3.877107276e-13,1.0737593e-13,3.573319342e-13,1.038719648e-13,5.541566415e-14,1.646830848e-14,7.642958167e-14,4.767707611e-14,3.748100268e-14,3.754994587e-13,2.013771257e-13,1.921860456e-13,3.156051155e-14,4.245609319e-13,1.001477347e-14
43.96875,4.475204428e-13,2.704555088e-13,2.896650353e-13,1.556539731e-13,3.955516035e-13,2.357274264e-13,9.596087991e-14,4.9134704e-14,5.339221666e-14,2.194234951e-13,3.537217481e-13,1.282754175e-13,3.486286515e-13,5.367885751e-13,2.985764302e-13,3.228632245e-13,4.696957464e-13,3.910375434e-13,1.076575922e-13,3.608221251e-13,1.036777513e-13,5.536278554e-14,1.630738428e-14,7.749870833e-14,4.747818856e-14,3.664405473e-14,3.767323138e-13,2.01696978e-13,1.936634903e-13,3.12216259e-14,4.235556371e-13,9.910309523e-15
43.9765625,4.44996328e-13,2.711821115e-13,2.930046205e-13,1.561983406e-13,3.971068137e-13,2.364407481e-13,9.639210776e-14,4.984389117e-14,5.306538196e-14,2.169025832e-13,3.590481252e-13,1.284312985e-13,3.469943587e-13,5.386757505e-13,2.986459463e-13,3.206480396e-13,4.704658316e-13,3.943111173e-13,1.079451674e-13,3.642267573e-13,1.034690186e-13,5.532220681e-14,1.616647957e-14,7.852739022e-14,4.729395322e-14,3.579825023e-14,3.777633329e-13,2.021149358e-13,1.951024932e-13,3.090149753e-14,4.224908531e-13,9.811281712e-15
43.984375,4.425662086e-13,2.718882924e-13,2.963577351e-13,1.569481876e-13,3.986602767e-13,2.372500102e-13,9.683574639e-14,5.055476891e-14,5.272528226e-14,2.144409811e-13,3.643402117e-13,1.285649867e-13,3.454129084e-13,5.40505549e-13,2.985480095e-13,3.1829442e-13,4.7118437e-13,3.975733699e-13,1.082045368e-13,3.675946026e-13,1.033359342e-13,5.52789254e-14,1.60430371e-14,7.951317151e-14,4.711424388e-14,3.489921019e-14,3.785899901e-13,2.026064723e-13,1.963500941e-13,3.058619072e-14,4.213545463e-13,9.702248215e-15
43.9921875,4.401923363e-13,2.727212173e-13,2.997286209e-13,1.577915638e-13,4.002590735e-13,2.380529596e-13,9.725224752e-14,5.127538242e-14,5.236590381e-14,2.11872344e-13,3.695540042e-13,1.287509607e-13,3.438125858e-13,5.421740046e-13,2.985258588e-13,3.160531898e-13,4.721513978e-13,4.00960273e-13,1.085373299e-13,3.710754053e-13,1.031475726e-13,5.52333276e-14,1.591851207e-14,8.054733648e-14,4.69244259e-14,3.399327267e-14,3.793046699e-13,2.030847546e-13,1.976774712e-13,3.027077441e-14,4.202346467e-13,9.585708342e-15
44,4.378003767e-13,2.737425657e-13,3.029544945e-13,1.584944779e-13,4.017722664e-13,2.386340148e-13,9.767017879e-14,5.200228609e-14,5.202034987e-14,2.09295491e-13,3.746770086e-13,1.289634649e-13,3.420411211e-13,5.436451214e-13,2.98588462e-13,3.140022537e-13,4.732053805e-13,4.043815511e-13,1.089717433e-13,3.748239312e-13,1.028168006e-13,5.519677799e-14,1.579653879e-14,8.159676622e-14,4.675103473e-14,3.314703928e-14,3.800285362e-13,2.03545161e-13,1.99339885e-13,2.995623154e-14,4.190871606e-13,9.479838853e-15
44.0078125,4.353755952e-13,2.748205126e-13,3.060283143e-13,1.592527507e-13,4.031961498e-13,2.390837164e-13,9.810628677e-14,5.271316637e-14,5.170943999e-14,2.068112988e-13,3.79755399e-13,1.291491542e-13,3.400903779e-13,5.450398773e-13,2.986963981e-13,3.121505864e-13,4.742176785e-13,4.077166626e-13,1.094368026e-13,3.787965729e-13,1.024654654e-13,5.517555258e-14,1.568360329e-14,8.261545687e-14,4.661008728e-14,3.237175542e-14,3.80873884e-13,2.040526751e-13,2.011035863e-13,2.966528832e-14,4.178661884e-13,9.383343097e-15
44.015625,4.329552176e-13,2.759194107e-13,3.091243162e-13,1.602225767e-13,4.046554735e-13,2.396030549e-13,9.854080007e-14,5.340468348e-14,5.138774332e-14,2.043227915e-13,3.848055935e-13,1.293429225e-13,3.381316195e-13,5.463247606e-13,2.988488993e-13,3.104221248e-13,4.753566153e-13,4.110569406e-13,1.099552034e-13,3.826491072e-13,1.021329004e-13,5.516392377e-14,1.558734114e-14,8.362029256e-14,4.648228597e-14,3.164336174e-14,3.818998547e-13,2.04651882e-13,2.02815539e-13,2.941775689e-14,4.16623928e-13,9.283635217e-15
44.0234375,4.306681485e-13,2.770770788e-13,3.12191676e-13,1.611501633e-13,4.060859432e-13,2.40152526e-13,9.897289083e-14,5.413302052e-14,5.102439436e-14,2.018321255e-13,3.897689529e-13,1.295419448e-13,3.361775019e-13,5.473713694e-13,2.989757219e-13,3.086564429e-13,4.766018804e-13,4.144375957e-13,1.105571262e-13,3.861036634e-13,1.016964439e-13,5.515340662e-14,1.551930825e-14,8.460647722e-14,4.635597726e-14,3.093564554e-14,3.829770657e-13,2.053113504e-13,2.045567124e-13,2.918260849e-14,4.15302983e-13,9.187960702e-15
44.03125,4.285534541e-13,2.783086556e-13,3.151038178e-13,1.619593319e-13,4.073712098e-13,2.406594376e-13,9.939593589e-14,5.487676373e-14,5.066574614e-14,1.994073311e-13,3.946040105e-13,1.297148266e-13,3.341245108e-13,5.482434737e-13,2.989941668e-13,3.068250732e-13,4.777688858e-13,4.177541372e-13,1.111861997e-13,3.892833553e-13,1.011303544e-13,5.514864688e-14,1.546369104e-14,8.556633626e-14,4.622923781e-14,3.023840938e-14,3.838263948e-13,2.060037282e-13,2.063013186e-13,2.893518621e-14,4.138698864e-13,9.107617098e-15
44.0390625,4.264179457e-13,2.796288217e-13,3.180094841e-13,1.629360262e-13,4.08512314e-13,2.411716237e-13,9.98203654e-14,5.554825087e-14,5.032959852e-14,1.969627535e-13,3.993640668e-13,1.299150179e-13,3.319950271e-13,5.489611014e-13,2.989450021e-13,3.050319693e-13,4.789221445e-13,4.209972059e-13,1.118487839e-13,3.924832187e-13,1.005255434e-13,5.514344421e-14,1.540438275e-14,8.648560946e-14,4.610084212e-14,2.955965729e-14,3.844204141e-13,2.067791286e-13,2.081185662e-13,2.870564152e-14,4.123715983e-13,9.031256316e-15
44.046875,4.241809042e-13,2.809183563e-13,3.209226812e-13,1.641068686e-13,4.094930904e-13,2.416303867e-13,1.002767769e-13,5.620319151e-14,4.998121465e-14,1.944567485e-13,4.040795204e-13,1.301447839e-13,3.297434086e-13,5.494070843e-13,2.98942522e-13,3.033687925e-13,4.802348958e-13,4.241535932e-13,1.125615291e-13,3.958603227e-13,9.992033553e-14,5.511236916e-14,1.535840105e-14,8.737576479e-14,4.597690822e-14,2.890849612e-14,3.850323924e-13,2.075595106e-13,2.101011776e-13,2.849541193e-14,4.106725231e-13,8.94778128e-15
44.0546875,4.219429313e-13,2.820261652e-13,3.236203381e-13,1.651198058e-13,4.103344368e-13,2.41926274e-13,1.007300543e-13,5.692764572e-14,4.963358702e-14,1.919653459e-13,4.086670256e-13,1.303232949e-13,3.272869544e-13,5.496815312e-13,2.989564059e-13,3.018023847e-13,4.815913949e-13,4.270643315e-13,1.132395987e-13,3.993446328e-13,9.926098418e-14,5.506583004e-14,1.533284967e-14,8.830187666e-14,4.585211105e-14,2.829683645e-14,3.857389209e-13,2.081344379e-13,2.120879617e-13,2.827062776e-14,4.087539065e-13,8.869844144e-15
44.0625,4.196758367e-13,2.830899907e-13,3.262194855e-13,1.659129717e-13,4.11130157e-13,2.42164996e-13,1.011497386e-13,5.766927125e-14,4.930953644e-14,1.895135345e-13,4.131410136e-13,1.304727115e-13,3.247974099e-13,5.49925633e-13,2.989173481e-13,3.002443536e-13,4.828287604e-13,4.297345232e-13,1.138906598e-13,4.02735935e-13,9.848985813e-14,5.504382506e-14,1.53159334e-14,8.924006756e-14,4.572300591e-14,2.773387362e-14,3.863867501e-13,2.086227015e-13,2.140246342e-13,2.805753024e-14,4.068999407e-13,8.8092703e-15
44.0703125,4.174288345e-13,2.844009184e-13,3.289750701e-13,1.668773866e-13,4.119220062e-13,2.425077635e-13,1.015847762e-13,5.839340768e-14,4.897682719e-14,1.871026699e-13,4.176595495e-13,1.30666471e-13,3.224222408e-13,5.50040295e-13,2.989996111e-13,2.987995303e-13,4.841920941e-13,4.324574041e-13,1.146486264e-13,4.059715521e-13,9.767113043e-14,5.504596556e-14,1.531192545e-14,9.012855153e-14,4.561078297e-14,2.720160541e-14,3.869823592e-13,2.093943236e-13,2.160244452e-13,2.789127692e-14,4.051299372e-13,8.755738434e-15
44.078125,4.154343078e-13,2.859606295e-13,3.318013861e-13,1.681545667e-13,4.128057882e-13,2.429264352e-13,1.020314475e-13,5.910726437e-14,4.861787846e-14,1.846934877e-13,4.221722941e-13,1.30900681e-13,3.200748427e-13,5.500756093e-13,2.993007749e-13,2.975156052e-13,4.858398968e-13,4.353261519e-13,1.155237667e-13,4.090613676e-13,9.690670099e-14,5.505227575e-14,1.532525612e-14,9.100299452e-14,4.55140843e-14,2.668388509e-14,3.875893861e-13,2.103813433e-13,2.180635808e-13,2.772921929e-14,4.032757617e-13,8.697916644e-15
44.0859375,4.136016622e-13,2.874613291e-13,3.345721759e-13,1.694179922e-13,4.138223849e-13,2.433281474e-13,1.024384057e-13,5.978073916e-14,4.825364311e-14,1.822213306e-13,4.264183398e-13,1.311556027e-13,3.177179598e-13,5.50177041e-13,2.995324006e-13,2.96092778e-13,4.873515442e-13,4.379982779e-13,1.16407717e-13,4.118938698e-13,9.613661509e-14,5.506803593e-14,1.534201865e-14,9.184044676e-14,4.53997401e-14,2.619321656e-14,3.881199968e-13,2.111844055e-13,2.201482482e-13,2.754130394e-14,4.014458175e-13,8.641175602e-15
44.09375,4.116511258e-13,2.887300442e-13,3.372264909e-13,1.704854848e-13,4.146727515e-13,2.436658847e-13,1.028331452e-13,6.045129605e-14,4.790504041e-14,1.797996193e-13,4.30327608e-13,1.314075486e-13,3.15298402e-13,5.501021559e-13,2.995007135e-13,2.944449484e-13,4.884954475e-13,4.40224163e-13,1.172577196e-13,4.145089602e-13,9.527266331e-14,5.508766738e-14,1.534953051e-14,9.261215599e-14,4.52610223e-14,2.572706193e-14,3.885222282e-13,2.117969124e-13,2.222840647e-13,2.737266459e-14,3.996289039e-13,8.589943832e-15
44.1015625,4.097424322e-13,2.899211096e-13,3.39636187e-13,1.715368585e-13,4.151981175e-13,2.439128695e-13,1.032309915e-13,6.114767404e-14,4.758368113e-14,1.775572945e-13,4.340357006e-13,1.316281101e-13,3.126750848e-13,5.49658603e-13,2.993680681e-13,2.928660435e-13,4.896066591e-13,4.422365841e-13,1.181141952e-13,4.170544397e-13,9.435830078e-14,5.509643034e-14,1.535105549e-14,9.343702873e-14,4.511109633e-14,2.526717296e-14,3.888641954e-13,2.125093329e-13,2.243288546e-13,2.725005848e-14,3.976010009e-13,8.537115143e-15
44.109375,4.081275597e-13,2.911908334e-13,3.418649412e-13,1.727185956e-13,4.15734612e-13,2.440966576e-13,1.035829432e-13,6.179138689e-14,4.726923263e-14,1.753922344e-13,4.376325491e-13,1.318477639e-13,3.099414222e-13,5.490722926e-13,2.992967582e-13,2.914198358e-13,4.908273826e-13,4.443661567e-13,1.190490592e-13,4.193877629e-13,9.341060153e-14,5.511401745e-14,1.536488675e-14,9.428977694e-14,4.496292593e-14,2.482434163e-14,3.892506311e-13,2.133618621e-13,2.26358472e-13,2.714625044e-14,3.954359554e-13,8.483083486e-15
44.1171875,4.065835147e-13,2.925769286e-13,3.440844792e-13,1.739741671e-13,4.163975486e-13,2.442338894e-13,1.038954813e-13,6.238838648e-14,4.694265303e-14,1.73203918e-13,4.411526994e-13,1.320982593e-13,3.072774631e-13,5.484277836e-13,2.993211583e-13,2.900232964e-13,4.920115655e-13,4.465818881e-13,1.200924154e-13,4.214099536e-13,9.241969604e-14,5.516028733e-14,1.539897244e-14,9.498769575e-14,4.48423536e-14,2.441361029e-14,3.897347675e-13,2.142294475e-13,2.285832857e-13,2.704826667e-14,3.933083353e-13,8.437876564e-15
44.125,4.049177376e-13,2.94134702e-13,3.463216275e-13,1.752226461e-13,4.169497293e-13,2.44304532e-13,1.042069768e-13,6.301095559e-14,4.664463144e-14,1.709965005e-13,4.446305374e-13,1.323786222e-13,3.046434941e-13,5.476842472e-13,2.993654442e-13,2.886639622e-13,4.931278546e-13,4.486298989e-13,1.211732467e-13,4.232836151e-13,9.145196695e-14,5.522689351e-14,1.543397915e-14,9.558429571e-14,4.47407898e-14,2.401807583e-14,3.901289166e-13,2.151016614e-13,2.30880685e-13,2.697065322e-14,3.912216292e-13,8.401462692e-15
44.1328125,4.033946255e-13,2.957060008e-13,3.485878891e-13,1.764762992e-13,4.17504892e-13,2.443935814e-13,1.045270906e-13,6.363431248e-14,4.639109822e-14,1.687495225e-13,4.48046551e-13,1.326913558e-13,3.019849169e-13,5.470180069e-13,2.992427762e-13,2.870951701e-13,4.940949273e-13,4.503928344e-13,1.222198075e-13,4.249188345e-13,9.049428598e-14,5.531112615e-14,1.546020883e-14,9.622401159e-14,4.460603528e-14,2.361021031e-14,3.901814072e-13,2.159886875e-13,2.330426739e-13,2.691138313e-14,3.891741268e-13,8.370345961e-15
44.140625,4.021528948e-13,2.969475227e-13,3.507803098e-13,1.777353365e-13,4.182297277e-13,2.445513756e-13,1.04880369e-13,6.424476046e-14,4.612334055e-14,1.665217385e-13,4.512987166e-13,1.329839782e-13,2.992580237e-13,5.463570536e-13,2.989175321e-13,2.851779806e-13,4.947934734e-13,4.518693106e-13,1.232467692e-13,4.261501351e-13,8.948034955e-14,5.540988313e-14,1.549172644e-14,9.684139793e-14,4.443111641e-14,2.319426089e-14,3.900426798e-13,2.168571556e-13,2.35102641e-13,2.685093385e-14,3.870347955e-13,8.349028776e-15
44.1484375,4.0094126e-13,2.979487175e-13,3.527072212e-13,1.789285824e-13,4.188664196e-13,2.446025307e-13,1.052491189e-13,6.485022174e-14,4.582936661e-14,1.643798426e-13,4.543023492e-13,1.332169618e-13,2.96356471e-13,5.454004354e-13,2.985579396e-13,2.832624906e-13,4.953043664e-13,4.530246401e-13,1.242971794e-13,4.272164968e-13,8.846663469e-14,5.550997024e-14,1.552907439e-14,9.735257877e-14,4.424972183e-14,2.282408331e-14,3.900754672e-13,2.17717949e-13,2.371692301e-13,2.678607359e-14,3.846865282e-13,8.337087027e-15
44.15625,3.996947044e-13,2.991558667e-13,3.544622985e-13,1.801228143e-13,4.193581447e-13,2.444464281e-13,1.055563286e-13,6.540490808e-14,4.55653197e-14,1.622257185e-13,4.571338695e-13,1.334737521e-13,2.933588286e-13,5.442266527e-13,2.982510452e-13,2.8160219e-13,4.957858121e-13,4.539648393e-13,1.254254135e-13,4.282898979e-13,8.74775063e-14,5.562448759e-14,1.556388836e-14,9.780278489e-14,4.406476906e-14,2.25333157e-14,3.903446459e-13,2.186090264e-13,2.392906128e-13,2.673072866e-14,3.823411132e-13,8.329114517e-15
44.1640625,3.986346719e-13,3.00617357e-13,3.561789878e-13,1.815117067e-13,4.199536699e-13,2.442214539e-13,1.058090916e-13,6.594106606e-14,4.534687527e-14,1.600265182e-13,4.599112865e-13,1.337786467e-13,2.903866726e-13,5.429801937e-13,2.979658161e-13,2.800769364e-13,4.963220956e-13,4.549330771e-13,1.266635928e-13,4.292299293e-13,8.644674201e-14,5.577271502e-14,1.560718317e-14,9.826073914e-14,4.387101332e-14,2.227527343e-14,3.906572031e-13,2.195597711e-13,2.414174218e-13,2.668975074e-14,3.800658869e-13,8.328843286e-15
44.171875,3.977644212e-13,3.02034163e-13,3.577873414e-13,1.830556316e-13,4.205416043e-13,2.439893666e-13,1.060758856e-13,6.651755421e-14,4.514772311e-14,1.578705523e-13,4.625644525e-13,1.340448272e-13,2.873373513e-13,5.415655779e-13,2.976813352e-13,2.785732507e-13,4.968330666e-13,4.558925679e-13,1.279328002e-13,4.300375411e-13,8.541046531e-14,5.593450606e-14,1.567551673e-14,9.871807132e-14,4.367527133e-14,2.201506259e-14,3.908376575e-13,2.205793806e-13,2.435015687e-13,2.665944751e-14,3.776359983e-13,8.338601712e-15
44.1796875,3.968763299e-13,3.033601813e-13,3.593459926e-13,1.845805711e-13,4.208958891e-13,2.436906092e-13,1.063501998e-13,6.709298945e-14,4.495416511e-14,1.557365695e-13,4.649897138e-13,1.342983408e-13,2.841760026e-13,5.400643847e-13,2.974497994e-13,2.771186969e-13,4.972003509e-13,4.566198766e-13,1.291540279e-13,4.308159104e-13,8.44293455e-14,5.608520809e-14,1.577094349e-14,9.909350412e-14,4.347240399e-14,2.178785984e-14,3.909223007e-13,2.21615097e-13,2.456221616e-13,2.664788041e-14,3.750890727e-13,8.350686123e-15
44.1875,3.959471656e-13,3.047476974e-13,3.60908997e-13,1.861835878e-13,4.211741091e-13,2.433775619e-13,1.066018984e-13,6.767526126e-14,4.475644995e-14,1.536242154e-13,4.672572431e-13,1.346089449e-13,2.810118356e-13,5.385928469e-13,2.973954569e-13,2.758076825e-13,4.975514548e-13,4.572157598e-13,1.303822015e-13,4.315015347e-13,8.346829589e-14,5.622902935e-14,1.587886303e-14,9.938624545e-14,4.326708867e-14,2.160888409e-14,3.911238199e-13,2.226432432e-13,2.477866148e-13,2.666900417e-14,3.725467061e-13,8.362130507e-15
44.1953125,3.95159973e-13,3.062003993e-13,3.623401795e-13,1.880317512e-13,4.215698841e-13,2.43135131e-13,1.068383606e-13,6.830277438e-14,4.454605216e-14,1.516431153e-13,4.694399394e-13,1.349241027e-13,2.778446694e-13,5.370164211e-13,2.97531436e-13,2.746497186e-13,4.979524186e-13,4.578986946e-13,1.316724627e-13,4.31992884e-13,8.250844528e-14,5.637560422e-14,1.598055875e-14,9.966730714e-14,4.307426887e-14,2.14591204e-14,3.913919685e-13,2.237412709e-13,2.499031242e-13,2.671827755e-14,3.699028989e-13,8.379132845e-15
44.203125,3.946277453e-13,3.076567879e-13,3.636466635e-13,1.899881408e-13,4.220200029e-13,2.429029098e-13,1.070542421e-13,6.892285247e-14,4.434096314e-14,1.497717613e-13,4.715120329e-13,1.352146599e-13,2.746524008e-13,5.352941069e-13,2.977135824e-13,2.735330891e-13,4.982277217e-13,4.585465474e-13,1.330072044e-13,4.32214793e-13,8.155153469e-14,5.653433198e-14,1.607560526e-14,9.992851824e-14,4.28824769e-14,2.133720472e-14,3.91465268e-13,2.248854655e-13,2.520031606e-13,2.677545196e-14,3.671816629e-13,8.407005818e-15
44.2109375,3.942171092e-13,3.090654737e-13,3.649123611e-13,1.918766123e-13,4.22388198e-13,2.425984738e-13,1.072472595e-13,6.955084795e-14,4.416933035e-14,1.479019638e-13,4.73460541e-13,1.355106145e-13,2.714317376e-13,5.334838196e-13,2.97882677e-13,2.724858666e-13,4.984487839e-13,4.589588173e-13,1.343940757e-13,4.32117046e-13,8.057831429e-14,5.671529832e-14,1.617450646e-14,1.001810402e-13,4.267838956e-14,2.122984675e-14,3.9150875e-13,2.259194266e-13,2.540824799e-13,2.683555478e-14,3.644716449e-13,8.442614604e-15
44.21875,3.937510303e-13,3.102753415e-13,3.661198182e-13,1.938383261e-13,4.226817701e-13,2.422895209e-13,1.07428717e-13,7.024221253e-14,4.402021436e-14,1.460276443e-13,4.75262302e-13,1.357743055e-13,2.681367677e-13,5.315295884e-13,2.980664313e-13,2.715706361e-13,4.98701581e-13,4.592027528e-13,1.358217782e-13,4.317447883e-13,7.96038765e-14,5.691197277e-14,1.628155459e-14,1.004385791e-13,4.247381787e-14,2.111990413e-14,3.918431795e-13,2.268787095e-13,2.56011666e-13,2.691210966e-14,3.616734908e-13,8.475491841e-15
44.2265625,3.933625891e-13,3.112956473e-13,3.672981082e-13,1.960784336e-13,4.231134574e-13,2.420482228e-13,1.07565024e-13,7.091853798e-14,4.38634925e-14,1.44164168e-13,4.769006062e-13,1.359968691e-13,2.648610266e-13,5.294719643e-13,2.9823598e-13,2.706449113e-13,4.986954972e-13,4.594482417e-13,1.372521631e-13,4.311361766e-13,7.86404935e-14,5.711993079e-14,1.640374326e-14,1.005735743e-13,4.227819984e-14,2.103274396e-14,3.92336831e-13,2.27967185e-13,2.578214455e-13,2.700976391e-14,3.5882395e-13,8.505290548e-15
44.234375,3.932927155e-13,3.124867062e-13,3.684296096e-13,1.985086461e-13,4.237623248e-13,2.417779681e-13,1.076299099e-13,7.154679423e-14,4.371276689e-14,1.422973333e-13,4.784841565e-13,1.362575667e-13,2.617240864e-13,5.274306993e-13,2.98447132e-13,2.697352213e-13,4.984701472e-13,4.597407109e-13,1.387530073e-13,4.303276477e-13,7.769120216e-14,5.735618749e-14,1.654154702e-14,1.005792744e-13,4.209116873e-14,2.099135534e-14,3.929195777e-13,2.292005341e-13,2.597050502e-13,2.712678916e-14,3.560898445e-13,8.546815854e-15
44.2421875,3.934250389e-13,3.140501722e-13,3.694951076e-13,2.00959257e-13,4.243157629e-13,2.414136757e-13,1.076752928e-13,7.220097764e-14,4.358287474e-14,1.40422615e-13,4.800965617e-13,1.36566007e-13,2.58610653e-13,5.253677579e-13,2.988773998e-13,2.691146444e-13,4.98442745e-13,4.599858506e-13,1.403860794e-13,4.294740683e-13,7.680630378e-14,5.761764525e-14,1.668128587e-14,1.006275095e-13,4.190973434e-14,2.098252146e-14,3.938259143e-13,2.304845002e-13,2.617835564e-13,2.726536191e-14,3.533796398e-13,8.602646682e-15
44.25,3.934916121e-13,3.157721908e-13,3.705688069e-13,2.034623414e-13,4.245697537e-13,2.410090938e-13,1.07731268e-13,7.285359628e-14,4.344430003e-14,1.38543809e-13,4.816062875e-13,1.368568368e-13,2.55419716e-13,5.231587734e-13,2.995256541e-13,2.687318939e-13,4.984623001e-13,4.600678899e-13,1.420609587e-13,4.28612233e-13,7.60020548e-14,5.78698848e-14,1.682426063e-14,1.007022237e-13,4.171832666e-14,2.098590438e-14,3.948767563e-13,2.318521858e-13,2.639678834e-13,2.74145455e-14,3.504997169e-13,8.655772604e-15
44.2578125,3.93571071e-13,3.174517999e-13,3.715148956e-13,2.060342158e-13,4.247846364e-13,2.405146884e-13,1.077513582e-13,7.345583594e-14,4.330671171e-14,1.36715636e-13,4.828608819e-13,1.371183695e-13,2.522564436e-13,5.207868475e-13,3.001333122e-13,2.682120784e-13,4.980418999e-13,4.599612943e-13,1.437266201e-13,4.275044787e-13,7.524444502e-14,5.81143248e-14,1.697416834e-14,1.007038317e-13,4.150495689e-14,2.098098548e-14,3.956720064e-13,2.332829954e-13,2.660047926e-13,2.756738308e-14,3.474988137e-13,8.697180342e-15
44.265625,3.939801813e-13,3.190253238e-13,3.722197965e-13,2.086415706e-13,4.252219917e-13,2.399433225e-13,1.077286783e-13,7.405053454e-14,4.321532044e-14,1.349905791e-13,4.838903581e-13,1.373705933e-13,2.492196555e-13,5.184836196e-13,3.005616086e-13,2.674096369e-13,4.972228448e-13,4.597083633e-13,1.454464829e-13,4.260016888e-13,7.454022029e-14,5.839855399e-14,1.71110313e-14,1.006656677e-13,4.128064313e-14,2.096296226e-14,3.963585277e-13,2.346609997e-13,2.67835098e-13,2.774592974e-14,3.445745969e-13,8.732578595e-15
44.2734375,3.948109899e-13,3.205142217e-13,3.729099624e-13,2.114900204e-13,4.258400499e-13,2.39515389e-13,1.077075463e-13,7.463104574e-14,4.315138689e-14,1.333293821e-13,4.84771042e-13,1.376261749e-13,2.46297025e-13,5.164642888e-13,3.010137794e-13,2.665420418e-13,4.963717451e-13,4.593884407e-13,1.472338879e-13,4.242115912e-13,7.387457611e-14,5.874332637e-14,1.723921532e-14,1.005464657e-13,4.10568353e-14,2.095957077e-14,3.97262035e-13,2.36085273e-13,2.696840614e-13,2.795754157e-14,3.417970543e-13,8.771060122e-15
44.28125,3.958409491e-13,3.22180636e-13,3.736042305e-13,2.146917616e-13,4.26483251e-13,2.3917887e-13,1.076711169e-13,7.51607976e-14,4.308507154e-14,1.316954235e-13,4.855242558e-13,1.379217023e-13,2.433966431e-13,5.144542057e-13,3.017014641e-13,2.65878819e-13,4.955980758e-13,4.59087282e-13,1.490920616e-13,4.222091588e-13,7.318366819e-14,5.912215869e-14,1.739550141e-14,1.002871031e-13,4.083165737e-14,2.099172289e-14,3.983641074e-13,2.377376978e-13,2.716549769e-13,2.817389655e-14,3.390587237e-13,8.823087007e-15
44.2890625,3.968453757e-13,3.241584728e-13,3.740830524e-13,2.17944652e-13,4.269585707e-13,2.38636115e-13,1.075747999e-13,7.568503637e-14,4.301835193e-14,1.300743602e-13,4.861857855e-13,1.382332365e-13,2.404283028e-13,5.120717049e-13,3.025842324e-13,2.654872118e-13,4.947473026e-13,4.58765443e-13,1.510329881e-13,4.200185578e-13,7.247364332e-14,5.948952033e-14,1.757357685e-14,1.000041202e-13,4.060503845e-14,2.105237577e-14,3.995763232e-13,2.394780595e-13,2.736414523e-13,2.838192654e-14,3.362284298e-13,8.887985351e-15
44.296875,3.9778011e-13,3.261196741e-13,3.744072303e-13,2.211524775e-13,4.271580364e-13,2.379670934e-13,1.074395747e-13,7.625658315e-14,4.292586233e-14,1.28417231e-13,4.86748148e-13,1.384542051e-13,2.374184189e-13,5.094547779e-13,3.036101244e-13,2.653037686e-13,4.93723498e-13,4.582982411e-13,1.529541638e-13,4.177954299e-13,7.180503454e-14,5.980932059e-14,1.773328477e-14,9.979698938e-14,4.037476078e-14,2.113514667e-14,4.008668524e-13,2.410814912e-13,2.755327783e-13,2.859884917e-14,3.332329483e-13,8.950793198e-15
44.3046875,3.987355643e-13,3.27883636e-13,3.747211702e-13,2.246366498e-13,4.273204249e-13,2.374343497e-13,1.07301996e-13,7.687217757e-14,4.283326963e-14,1.267615157e-13,4.871472358e-13,1.386204964e-13,2.344332411e-13,5.069602247e-13,3.048347881e-13,2.652734163e-13,4.926092112e-13,4.577146816e-13,1.548188943e-13,4.156112449e-13,7.121166446e-14,6.012161549e-14,1.788257251e-14,9.963023052e-14,4.013297607e-14,2.124511591e-14,4.021650553e-13,2.426785751e-13,2.772858632e-13,2.884688772e-14,3.301639447e-13,9.010092816e-15
44.3125,3.999470967e-13,3.297332514e-13,3.751057116e-13,2.284432411e-13,4.277764645e-13,2.370113934e-13,1.071567128e-13,7.748003196e-14,4.282648467e-14,1.25185333e-13,4.874285328e-13,1.389019561e-13,2.315200675e-13,5.047417818e-13,3.062356011e-13,2.653176447e-13,4.914842149e-13,4.5719821e-13,1.567871515e-13,4.133041051e-13,7.071034598e-14,6.051767749e-14,1.806346443e-14,9.941461818e-14,3.988874476e-14,2.137988448e-14,4.034876288e-13,2.445100144e-13,2.790064273e-13,2.913920011e-14,3.273202591e-13,9.074709569e-15
44.3203125,4.015774662e-13,3.318228091e-13,3.755986891e-13,2.323468778e-13,4.284446232e-13,2.366139568e-13,1.069808679e-13,7.803019257e-14,4.286606066e-14,1.236212212e-13,4.876782087e-13,1.392774898e-13,2.287383774e-13,5.026905734e-13,3.077426279e-13,2.654258957e-13,4.903422993e-13,4.568532394e-13,1.589136649e-13,4.107814504e-13,7.028739289e-14,6.098545266e-14,1.827802128e-14,9.908760624e-14,3.965995109e-14,2.151752475e-14,4.049158917e-13,2.465242939e-13,2.807838735e-13,2.946261972e-14,3.247509229e-13,9.135616849e-15
44.328125,4.033918304e-13,3.339501626e-13,3.75977357e-13,2.363760628e-13,4.290745442e-13,2.362292875e-13,1.067485201e-13,7.857343098e-14,4.285094587e-14,1.220288477e-13,4.878787078e-13,1.395923687e-13,2.260214542e-13,5.004958436e-13,3.093847275e-13,2.657103055e-13,4.891527801e-13,4.566231677e-13,1.610985696e-13,4.080634081e-13,6.9907642e-14,6.143818163e-14,1.849154687e-14,9.872206486e-14,3.944453019e-14,2.164149833e-14,4.064950679e-13,2.485190787e-13,2.824928623e-13,2.97883401e-14,3.22087301e-13,9.187695671e-15
44.3359375,4.051313818e-13,3.35942131e-13,3.761855271e-13,2.406596668e-13,4.297243389e-13,2.35817333e-13,1.064626786e-13,7.917965281e-14,4.281167501e-14,1.205120405e-13,4.880892286e-13,1.398580991e-13,2.232561425e-13,4.981128259e-13,3.112358108e-13,2.661699685e-13,4.878905004e-13,4.564135706e-13,1.6333898e-13,4.051090668e-13,6.956600427e-14,6.188422593e-14,1.86901637e-14,9.838574386e-14,3.92376456e-14,2.177130391e-14,4.082406457e-13,2.504403989e-13,2.841156268e-13,3.011144981e-14,3.192152986e-13,9.248102865e-15
44.34375,4.069725796e-13,3.379083311e-13,3.765107742e-13,2.451513054e-13,4.304794885e-13,2.354397521e-13,1.061735274e-13,7.979536065e-14,4.279569396e-14,1.190761651e-13,4.884348059e-13,1.401362786e-13,2.205328519e-13,4.958159585e-13,3.133072175e-13,2.667379305e-13,4.866208106e-13,4.56206377e-13,1.656396734e-13,4.020681587e-13,6.926729235e-14,6.236509396e-14,1.88877433e-14,9.799324796e-14,3.904505215e-14,2.193540314e-14,4.100749009e-13,2.524229645e-13,2.858309664e-13,3.045209767e-14,3.163819033e-13,9.320511589e-15
44.3515625,4.091132021e-13,3.400627663e-13,3.768469231e-13,2.497092746e-13,4.311993362e-13,2.351238384e-13,1.05890288e-13,8.036696876e-14,4.277565008e-14,1.176387217e-13,4.887864063e-13,1.403909609e-13,2.178997597e-13,4.935476549e-13,3.154998111e-13,2.674738926e-13,4.85376627e-13,4.560170755e-13,1.679342311e-13,3.992139928e-13,6.902173858e-14,6.285038845e-14,1.909349944e-14,9.75554051e-14,3.885631452e-14,2.213140448e-14,4.119698301e-13,2.545915109e-13,2.876413528e-13,3.082145289e-14,3.136068744e-13,9.393230019e-15
44.359375,4.113964732e-13,3.423005649e-13,3.76933383e-13,2.542061737e-13,4.318532812e-13,2.347170708e-13,1.055552341e-13,8.093669856e-14,4.275746397e-14,1.16204698e-13,4.888813704e-13,1.406295236e-13,2.151935922e-13,4.910928955e-13,3.177073281e-13,2.683225543e-13,4.83955543e-13,4.55789319e-13,1.702601996e-13,3.963285005e-13,6.884662807e-14,6.333161234e-14,1.931064095e-14,9.715864334e-14,3.865617089e-14,2.234067438e-14,4.140563961e-13,2.56815171e-13,2.894091388e-13,3.120049616e-14,3.10781687e-13,9.469246338e-15
44.3671875,4.1362186e-13,3.443316828e-13,3.770053839e-13,2.587029515e-13,4.325156665e-13,2.342289703e-13,1.051580162e-13,8.152983819e-14,4.274736085e-14,1.147792772e-13,4.887310033e-13,1.408862144e-13,2.124203615e-13,4.885997917e-13,3.200147466e-13,2.69144268e-13,4.822604243e-13,4.554707173e-13,1.726654033e-13,3.929779367e-13,6.8710679e-14,6.382576497e-14,1.953474604e-14,9.668983358e-14,3.845617774e-14,2.255651599e-14,4.16286668e-13,2.588672462e-13,2.910856114e-13,3.157361942e-14,3.07940863e-13,9.549702215e-15
44.375,4.158239375e-13,3.463058921e-13,3.772515436e-13,2.634085593e-13,4.331508946e-13,2.338832612e-13,1.047512523e-13,8.215501437e-14,4.271799841e-14,1.133891285e-13,4.885944872e-13,1.411515093e-13,2.097638556e-13,4.862072941e-13,3.226096794e-13,2.701102135e-13,4.805687333e-13,4.551763548e-13,1.750875816e-13,3.892847788e-13,6.86047342e-14,6.430827723e-14,1.974515561e-14,9.611441111e-14,3.82720102e-14,2.278473772e-14,4.185038839e-13,2.608558961e-13,2.927329951e-13,3.19815119e-14,3.050907696e-13,9.623780041e-15
44.3828125,4.182240735e-13,3.485560939e-13,3.775406866e-13,2.68385002e-13,4.338124533e-13,2.337609765e-13,1.043516584e-13,8.283260879e-14,4.269430069e-14,1.121404559e-13,4.88614999e-13,1.414440445e-13,2.072219532e-13,4.838774739e-13,3.255164432e-13,2.714299251e-13,4.791118257e-13,4.55072612e-13,1.775218264e-13,3.855862775e-13,6.859176416e-14,6.47924967e-14,1.994805439e-14,9.564448926e-14,3.809965809e-14,2.302439272e-14,4.208453784e-13,2.630621376e-13,2.944589484e-13,3.245982178e-14,3.022800936e-13,9.693490781e-15
44.390625,4.209835277e-13,3.509012789e-13,3.777871823e-13,2.736147149e-13,4.346095025e-13,2.337786068e-13,1.039375439e-13,8.351257972e-14,4.268808117e-14,1.109896816e-13,4.886376341e-13,1.417380238e-13,2.047077606e-13,4.816361585e-13,3.286440501e-13,2.729685207e-13,4.778035997e-13,4.551465273e-13,1.800076783e-13,3.819491566e-13,6.862554945e-14,6.531724676e-14,2.018002542e-14,9.528537139e-14,3.793196085e-14,2.326190918e-14,4.234017727e-13,2.654386574e-13,2.961703039e-13,3.295015084e-14,2.995693735e-13,9.766119312e-15
44.3984375,4.240398099e-13,3.530686934e-13,3.779312976e-13,2.791322618e-13,4.355218169e-13,2.338477019e-13,1.035040655e-13,8.41578957e-14,4.266079387e-14,1.097789221e-13,4.885135553e-13,1.419701981e-13,2.022702685e-13,4.794658472e-13,3.319841063e-13,2.746218325e-13,4.764976375e-13,4.553196743e-13,1.825312872e-13,3.785012589e-13,6.859137952e-14,6.585811175e-14,2.043449167e-14,9.482455087e-14,3.777402707e-14,2.350364373e-14,4.260317552e-13,2.677896079e-13,2.977077317e-13,3.339487411e-14,2.968317487e-13,9.843222883e-15
44.40625,4.272745434e-13,3.552638025e-13,3.781197601e-13,2.848914416e-13,4.365472797e-13,2.339308757e-13,1.030555205e-13,8.484977515e-14,4.264401345e-14,1.085508732e-13,4.884454748e-13,1.422173761e-13,1.999862849e-13,4.773948444e-13,3.355658104e-13,2.765138173e-13,4.752157403e-13,4.556004996e-13,1.851176768e-13,3.752961842e-13,6.858655825e-14,6.640723128e-14,2.068605837e-14,9.42767956e-14,3.764276756e-14,2.378632967e-14,4.288573302e-13,2.70194304e-13,2.992951558e-13,3.384242647e-14,2.941013275e-13,9.933409908e-15
44.4140625,4.305760686e-13,3.576602082e-13,3.786810295e-13,2.908280349e-13,4.375810133e-13,2.340873202e-13,1.025855634e-13,8.562376684e-14,4.266397125e-14,1.074317525e-13,4.886302593e-13,1.425423502e-13,1.978424656e-13,4.754825651e-13,3.39356414e-13,2.786526697e-13,4.740671433e-13,4.559282266e-13,1.877639217e-13,3.719210127e-13,6.876834042e-14,6.698038478e-14,2.095777234e-14,9.377724702e-14,3.754387335e-14,2.412383455e-14,4.320394223e-13,2.727738583e-13,3.011093343e-13,3.434247034e-14,2.915878054e-13,1.003482066e-14
44.421875,4.338282406e-13,3.601276601e-13,3.794557539e-13,2.968850924e-13,4.383646272e-13,2.343592619e-13,1.020847447e-13,8.639032654e-14,4.263964626e-14,1.0637712e-13,4.888702846e-13,1.428301452e-13,1.957354235e-13,4.734994388e-13,3.433536294e-13,2.809370069e-13,4.729975832e-13,4.561998847e-13,1.903847657e-13,3.680985755e-13,6.905979752e-14,6.753038991e-14,2.125641831e-14,9.329133042e-14,3.74502139e-14,2.447845864e-14,4.353575236e-13,2.753857619e-13,3.028540352e-13,3.485569369e-14,2.89148093e-13,1.012690827e-14
44.4296875,4.371677036e-13,3.626567118e-13,3.800468654e-13,3.029347714e-13,4.389870846e-13,2.346814821e-13,1.015477595e-13,8.710251689e-14,4.255686968e-14,1.052893742e-13,4.889860971e-13,1.430524338e-13,1.935843673e-13,4.713767628e-13,3.476304753e-13,2.833964554e-13,4.718877123e-13,4.56499242e-13,1.930167004e-13,3.641351165e-13,6.93565439e-14,6.805303867e-14,2.154361572e-14,9.27740332e-14,3.733981351e-14,2.481204066e-14,4.386876126e-13,2.779024435e-13,3.044327966e-13,3.534308443e-14,2.865813492e-13,1.02057573e-14
44.4375,4.408586475e-13,3.652499837e-13,3.805633583e-13,3.090428638e-13,4.398030765e-13,2.350515681e-13,1.009779518e-13,8.779866195e-14,4.25082113e-14,1.041615897e-13,4.8904693e-13,1.433433983e-13,1.914694695e-13,4.694926639e-13,3.522164225e-13,2.861322654e-13,4.709224235e-13,4.569843289e-13,1.957848797e-13,3.60327358e-13,6.971034195e-14,6.862298598e-14,2.181775797e-14,9.227578094e-14,3.723819888e-14,2.514284582e-14,4.421619036e-13,2.804563625e-13,3.061111791e-13,3.583139623e-14,2.840513255e-13,1.028551532e-14
44.4453125,4.448916247e-13,3.677557558e-13,3.812046864e-13,3.15412155e-13,4.408705459e-13,2.355387857e-13,1.003864846e-13,8.850992174e-14,4.250197788e-14,1.030463304e-13,4.890299566e-13,1.437300897e-13,1.89507313e-13,4.679311181e-13,3.57100225e-13,2.892192618e-13,4.703487681e-13,4.577141036e-13,1.986899066e-13,3.566507997e-13,7.013080925e-14,6.923482819e-14,2.210280914e-14,9.179974629e-14,3.718028661e-14,2.551579065e-14,4.45837622e-13,2.83182221e-13,3.078696253e-13,3.634620689e-14,2.81642946e-13,1.037145941e-14
44.453125,4.491023998e-13,3.703116037e-13,3.81802289e-13,3.219562784e-13,4.41994916e-13,2.36095602e-13,9.978231364e-14,8.924874149e-14,4.248055921e-14,1.019879666e-13,4.889529905e-13,1.441106268e-13,1.876733949e-13,4.664018863e-13,3.622757411e-13,2.926496536e-13,4.699962538e-13,4.586720123e-13,2.01655479e-13,3.530480392e-13,7.057041998e-14,6.983058171e-14,2.239684149e-14,9.133259349e-14,3.715766041e-14,2.59247847e-14,4.497587049e-13,2.860188869e-13,3.095038012e-13,3.687053562e-14,2.792635885e-13,1.046257148e-14
44.4609375,4.533958371e-13,3.731466864e-13,3.822933124e-13,3.285359062e-13,4.429715628e-13,2.366655235e-13,9.916875548e-14,9.000687525e-14,4.244083766e-14,1.009606224e-13,4.890760313e-13,1.444202057e-13,1.8589631e-13,4.647994192e-13,3.676485987e-13,2.962737296e-13,4.695532728e-13,4.597322057e-13,2.046253229e-13,3.495018233e-13,7.106666371e-14,7.041733974e-14,2.269728862e-14,9.091170797e-14,3.713530211e-14,2.633258557e-14,4.53812486e-13,2.888926785e-13,3.110069592e-13,3.740435862e-14,2.769542859e-13,1.055602979e-14
44.46875,4.577932629e-13,3.759640592e-13,3.829671042e-13,3.352416859e-13,4.438212755e-13,2.37353039e-13,9.854677031e-14,9.075510358e-14,4.23935174e-14,9.991157642e-14,4.89428964e-13,1.446821383e-13,1.841708898e-13,4.631922853e-13,3.731480011e-13,2.99989407e-13,4.690198147e-13,4.608186167e-13,2.075997168e-13,3.459497031e-13,7.164149612e-14,7.101612867e-14,2.299733131e-14,9.05196688e-14,3.710294085e-14,2.674560479e-14,4.577062955e-13,2.918178956e-13,3.1245401e-13,3.797855528e-14,2.7472178e-13,1.064858488e-14
44.4765625,4.623920742e-13,3.784678292e-13,3.840288436e-13,3.420787687e-13,4.44896431e-13,2.382314114e-13,9.791446724e-14,9.149582982e-14,4.234617151e-14,9.884596439e-14,4.897392893e-13,1.449892661e-13,1.825489479e-13,4.617883581e-13,3.788950413e-13,3.038907842e-13,4.685964467e-13,4.620892377e-13,2.106402753e-13,3.422738686e-13,7.225175327e-14,7.162858115e-14,2.328264808e-14,9.012062469e-14,3.708495047e-14,2.718202291e-14,4.615765845e-13,2.947999489e-13,3.139472428e-13,3.858765575e-14,2.725422557e-13,1.07463319e-14
44.484375,4.670820205e-13,3.809429643e-13,3.853047676e-13,3.48983369e-13,4.462509354e-13,2.392338152e-13,9.727307148e-14,9.225188885e-14,4.231803431e-14,9.780872108e-14,4.900096071e-13,1.453832137e-13,1.81099846e-13,4.607349883e-13,3.849504851e-13,3.080599818e-13,4.68408394e-13,4.636146257e-13,2.137255418e-13,3.384151873e-13,7.291048121e-14,7.225232899e-14,2.35688349e-14,8.976130601e-14,3.709531457e-14,2.762776658e-14,4.657684012e-13,2.978849793e-13,3.155392803e-13,3.920788841e-14,2.705192423e-13,1.085059869e-14
44.4921875,4.718109112e-13,3.836900097e-13,3.865440222e-13,3.560504835e-13,4.475189813e-13,2.403784539e-13,9.663699538e-14,9.301937907e-14,4.227524094e-14,9.685214564e-14,4.904858328e-13,1.457592043e-13,1.798122746e-13,4.597290079e-13,3.912105497e-13,3.124694315e-13,4.68422291e-13,4.652633928e-13,2.167971784e-13,3.345656388e-13,7.365726241e-14,7.286645013e-14,2.386913586e-14,8.944485872e-14,3.71154074e-14,2.807496426e-14,4.701431974e-13,3.011976888e-13,3.170681878e-13,3.984883477e-14,2.685585434e-13,1.094885368e-14
44.5,4.769710415e-13,3.866546888e-13,3.877322169e-13,3.633402541e-13,4.487517199e-13,2.417298616e-13,9.601110177e-14,9.378856447e-14,4.217305073e-14,9.59854484e-14,4.911555418e-13,1.460294878e-13,1.786037938e-13,4.585785985e-13,3.976691574e-13,3.170710192e-13,4.685101989e-13,4.670506351e-13,2.199388268e-13,3.309040736e-13,7.447846841e-14,7.347873716e-14,2.416885131e-14,8.911375133e-14,3.71332336e-14,2.85211097e-14,4.745258219e-13,3.047310491e-13,3.183824981e-13,4.050200002e-14,2.664495668e-13,1.104237423e-14
44.5078125,4.825809914e-13,3.896209363e-13,3.889399098e-13,3.707789097e-13,4.501973617e-13,2.431616308e-13,9.536408993e-14,9.455710689e-14,4.205812207e-14,9.514373595e-14,4.917899078e-13,1.462699181e-13,1.774719774e-13,4.575950479e-13,4.043372556e-13,3.217912969e-13,4.686134892e-13,4.690463262e-13,2.231626937e-13,3.272068822e-13,7.534282129e-14,7.411845391e-14,2.447217747e-14,8.88061392e-14,3.716503001e-14,2.896322449e-14,4.790873434e-13,3.082918895e-13,3.195992829e-13,4.114607308e-14,2.643560919e-13,1.114681227e-14
44.515625,4.880314629e-13,3.923604264e-13,3.90223938e-13,3.782844901e-13,4.51593424e-13,2.445689061e-13,9.466460596e-14,9.533167166e-14,4.197688856e-14,9.429694005e-14,4.92312575e-13,1.465657173e-13,1.764619536e-13,4.56813566e-13,4.111509772e-13,3.266747633e-13,4.688150268e-13,4.711674378e-13,2.262995635e-13,3.233264152e-13,7.621733217e-14,7.474673412e-14,2.478755562e-14,8.85720262e-14,3.722223193e-14,2.94338074e-14,4.838445765e-13,3.117692955e-13,3.209353629e-13,4.181416596e-14,2.624693069e-13,1.125655228e-14
44.5234375,4.93207053e-13,3.949975363e-13,3.916721049e-13,3.858597735e-13,4.527192426e-13,2.460720031e-13,9.392022264e-14,9.613576892e-14,4.18799438e-14,9.344223915e-14,4.92851537e-13,1.468700596e-13,1.755521478e-13,4.559274635e-13,4.182025977e-13,3.319218972e-13,4.691619416e-13,4.733834333e-13,2.293276646e-13,3.196508826e-13,7.708576056e-14,7.531881595e-14,2.510206859e-14,8.836570004e-14,3.729070842e-14,2.994618143e-14,4.885712362e-13,3.152543886e-13,3.223954089e-13,4.252372572e-14,2.605792885e-13,1.135495012e-14
44.53125,4.984413297e-13,3.978611536e-13,3.93281166e-13,3.936288825e-13,4.537698346e-13,2.477599539e-13,9.315902999e-14,9.694383477e-14,4.17240844e-14,9.250326418e-14,4.935031494e-13,1.471304699e-13,1.747430875e-13,4.549864914e-13,4.255786687e-13,3.375048454e-13,4.695659733e-13,4.757247224e-13,2.323651047e-13,3.164231875e-13,7.797553221e-14,7.587179423e-14,2.5421976e-14,8.815302199e-14,3.7356907e-14,3.045554096e-14,4.931364391e-13,3.18854907e-13,3.237717744e-13,4.323531402e-14,2.585763388e-13,1.145185385e-14
44.5390625,5.037819292e-13,4.007803242e-13,3.950428627e-13,4.015854e-13,4.548630337e-13,2.496371663e-13,9.241552343e-14,9.770251195e-14,4.15395687e-14,9.149807927e-14,4.942285968e-13,1.473920826e-13,1.741010356e-13,4.542356094e-13,4.331841584e-13,3.432427578e-13,4.701159556e-13,4.781906582e-13,2.354111801e-13,3.13326383e-13,7.89019041e-14,7.643765799e-14,2.575726794e-14,8.794255186e-14,3.743742515e-14,3.095336965e-14,4.976246638e-13,3.225542241e-13,3.250091003e-13,4.395039015e-14,2.566831973e-13,1.156131693e-14
44.546875,5.093225468e-13,4.035147375e-13,3.969943951e-13,4.095022988e-13,4.559762217e-13,2.517189295e-13,9.170379372e-14,9.848141083e-14,4.136737765e-14,9.058133266e-14,4.950239597e-13,1.476818919e-13,1.736106563e-13,4.537306082e-13,4.410455157e-13,3.492852961e-13,4.711518386e-13,4.808288991e-13,2.384443658e-13,3.102130309e-13,7.985828252e-14,7.699621463e-14,2.608987153e-14,8.778000516e-14,3.755750605e-14,3.14764572e-14,5.022725665e-13,3.262750613e-13,3.262805672e-13,4.46948113e-14,2.549619174e-13,1.16700531e-14
44.5546875,5.152231956e-13,4.063179078e-13,3.989905976e-13,4.173124504e-13,4.571299411e-13,2.538877365e-13,9.097874064e-14,9.937803261e-14,4.122775388e-14,8.973569833e-14,4.959520517e-13,1.479670892e-13,1.731681804e-13,4.534232713e-13,4.492015552e-13,3.55783702e-13,4.726712989e-13,4.836162316e-13,2.415015996e-13,3.07340218e-13,8.085816053e-14,7.754986647e-14,2.641222652e-14,8.774382475e-14,3.770603618e-14,3.20292435e-14,5.071980309e-13,3.299849467e-13,3.276544062e-13,4.543986659e-14,2.532942221e-13,1.177202552e-14
44.5625,5.213597173e-13,4.09231032e-13,4.009766456e-13,4.251095013e-13,4.583747645e-13,2.560929452e-13,9.021333625e-14,1.003009578e-13,4.111014821e-14,8.881536213e-14,4.969655104e-13,1.482601493e-13,1.727638866e-13,4.532252141e-13,4.574858046e-13,3.624945336e-13,4.7427155e-13,4.864883301e-13,2.445729342e-13,3.047219164e-13,8.190298042e-14,7.812720832e-14,2.673144887e-14,8.778322147e-14,3.785544872e-14,3.260424593e-14,5.123129821e-13,3.336959979e-13,3.290977802e-13,4.615239956e-14,2.517107223e-13,1.188167831e-14
44.5703125,5.276166458e-13,4.120283049e-13,4.031820266e-13,4.329140333e-13,4.597248988e-13,2.585397168e-13,8.946348411e-14,1.011387782e-13,4.097014228e-14,8.785633445e-14,4.97963131e-13,1.485670243e-13,1.724874417e-13,4.530886819e-13,4.659625551e-13,3.693456413e-13,4.758865012e-13,4.895168237e-13,2.47620502e-13,3.021313019e-13,8.298491635e-14,7.872092727e-14,2.705002983e-14,8.77803384e-14,3.801380128e-14,3.319550046e-14,5.174444956e-13,3.373932223e-13,3.30572952e-13,4.683121224e-14,2.502179776e-13,1.199756252e-14
44.578125,5.339346243e-13,4.14804742e-13,4.055941539e-13,4.407604485e-13,4.610091701e-13,2.612235122e-13,8.87471431e-14,1.019778177e-13,4.079528166e-14,8.695334688e-14,4.989128794e-13,1.488204789e-13,1.723357309e-13,4.530594239e-13,4.748911048e-13,3.766192444e-13,4.778117474e-13,4.926800511e-13,2.50609455e-13,2.995829893e-13,8.411052369e-14,7.929449341e-14,2.738258057e-14,8.781000837e-14,3.820331721e-14,3.378272628e-14,5.223688781e-13,3.410340731e-13,3.319026157e-13,4.749427175e-14,2.486829033e-13,1.21157098e-14
44.5859375,5.402913072e-13,4.175428608e-13,4.080863305e-13,4.485628325e-13,4.621426277e-13,2.639265766e-13,8.800015993e-14,1.029067961e-13,4.061455425e-14,8.60565341e-14,4.998250201e-13,1.49038037e-13,1.722273439e-13,4.532032102e-13,4.841812067e-13,3.84359218e-13,4.801775854e-13,4.958967864e-13,2.535467983e-13,2.97191803e-13,8.526740454e-14,7.98380028e-14,2.772920314e-14,8.798146249e-14,3.841703232e-14,3.438151463e-14,5.27218947e-13,3.446437559e-13,3.330872475e-13,4.819231904e-14,2.471392556e-13,1.224414711e-14
44.59375,5.468615804e-13,4.201395009e-13,4.108579164e-13,4.561795899e-13,4.633369005e-13,2.667087295e-13,8.720613246e-14,1.038696099e-13,4.042860149e-14,8.511012564e-14,5.008428637e-13,1.493323173e-13,1.72184725e-13,4.535844162e-13,4.936620717e-13,3.924207035e-13,4.829534161e-13,4.993335535e-13,2.565244211e-13,2.949928013e-13,8.646932525e-14,8.03669514e-14,2.80578222e-14,8.822133864e-14,3.864089172e-14,3.502892612e-14,5.324829643e-13,3.483195978e-13,3.3448994e-13,4.895458196e-14,2.457604423e-13,1.237040795e-14
44.6015625,5.536122414e-13,4.22961488e-13,4.138308744e-13,4.638792205e-13,4.645703714e-13,2.696302119e-13,8.640080716e-14,1.048196007e-13,4.023943667e-14,8.413029636e-14,5.020906817e-13,1.496973282e-13,1.722659552e-13,4.54148327e-13,5.033987577e-13,4.008099563e-13,4.86006003e-13,5.030391273e-13,2.595647664e-13,2.930684524e-13,8.774285366e-14,8.088879584e-14,2.836542987e-14,8.847191753e-14,3.887699023e-14,3.571595945e-14,5.380678196e-13,3.520753785e-13,3.361744022e-13,4.973400423e-14,2.445445753e-13,1.248545835e-14
44.609375,5.604128075e-13,4.26074636e-13,4.165771093e-13,4.718609797e-13,4.656945748e-13,2.725624854e-13,8.559829461e-14,1.057767492e-13,4.007835102e-14,8.313112413e-14,5.033155301e-13,1.500352742e-13,1.724308671e-13,4.547497724e-13,5.133397893e-13,4.0944345e-13,4.891198192e-13,5.067645879e-13,2.625831379e-13,2.913309154e-13,8.90035919e-14,8.141866635e-14,2.868362423e-14,8.877911875e-14,3.912484656e-14,3.641424377e-14,5.434743027e-13,3.558238634e-13,3.377655411e-13,5.047834989e-14,2.433541341e-13,1.261097789e-14
44.6171875,5.674871451e-13,4.289030183e-13,4.192190286e-13,4.796799177e-13,4.669608664e-13,2.756215771e-13,8.48193834e-14,1.067684533e-13,3.991793096e-14,8.213387442e-14,5.042988207e-13,1.503095856e-13,1.726668972e-13,4.554087748e-13,5.233866872e-13,4.181532444e-13,4.923090674e-13,5.104624895e-13,2.655560874e-13,2.894964862e-13,9.018583183e-14,8.196233633e-14,2.901413458e-14,8.916647381e-14,3.938273845e-14,3.710683527e-14,5.487281335e-13,3.595266325e-13,3.391225516e-13,5.118943593e-14,2.420949375e-13,1.274920148e-14
44.625,5.747312597e-13,4.312524704e-13,4.221132884e-13,4.870797542e-13,4.684019675e-13,2.789015067e-13,8.407416914e-14,1.078091485e-13,3.970669464e-14,8.115709057e-14,5.053149217e-13,1.505110412e-13,1.730187148e-13,4.561597668e-13,5.336230701e-13,4.269825e-13,4.95700845e-13,5.142053985e-13,2.68471656e-13,2.875631335e-13,9.137328665e-14,8.247125009e-14,2.933122681e-14,8.964026158e-14,3.966292546e-14,3.779023335e-14,5.539336273e-13,3.631510118e-13,3.403764108e-13,5.189380862e-14,2.407647151e-13,1.28846279e-14
44.6328125,5.816941562e-13,4.333937441e-13,4.250845189e-13,4.94410466e-13,4.696839223e-13,2.821629265e-13,8.333395787e-14,1.088465271e-13,3.948676687e-14,8.018071427e-14,5.065488291e-13,1.506685311e-13,1.734494532e-13,4.569350156e-13,5.440097917e-13,4.359959952e-13,4.992135799e-13,5.179200656e-13,2.712953437e-13,2.85723436e-13,9.258900034e-14,8.292857706e-14,2.963077509e-14,9.01602662e-14,3.997302648e-14,3.84960543e-14,5.590482271e-13,3.666296588e-13,3.41592594e-13,5.26118678e-14,2.394810219e-13,1.30241106e-14
44.640625,5.885705199e-13,4.355888625e-13,4.279550688e-13,5.018072021e-13,4.709479952e-13,2.853870177e-13,8.260653119e-14,1.098248244e-13,3.930187086e-14,7.919225571e-14,5.078275381e-13,1.50873149e-13,1.739323927e-13,4.578304855e-13,5.544496152e-13,4.451770328e-13,5.028000178e-13,5.21700793e-13,2.741087492e-13,2.839742495e-13,9.379520481e-14,8.339993016e-14,2.993502346e-14,9.064806203e-14,4.030057591e-14,3.923435316e-14,5.643696171e-13,3.700707552e-13,3.428311345e-13,5.334359942e-14,2.38331743e-13,1.317165449e-14
44.6484375,5.956691361e-13,4.381010414e-13,4.308733314e-13,5.090686302e-13,4.723652234e-13,2.887307956e-13,8.191550113e-14,1.108270327e-13,3.910269495e-14,7.819795747e-14,5.091197988e-13,1.511064939e-13,1.745193463e-13,4.588850312e-13,5.650595949e-13,4.546247698e-13,5.065444954e-13,5.256284682e-13,2.769488997e-13,2.823239423e-13,9.508705551e-14,8.388719678e-14,3.025624528e-14,9.115687551e-14,4.062682367e-14,3.995664246e-14,5.69815551e-13,3.736462156e-13,3.440745044e-13,5.40747642e-14,2.372093632e-13,1.332875115e-14
44.65625,6.026887596e-13,4.407182133e-13,4.338360259e-13,5.161578816e-13,4.735534577e-13,2.920721599e-13,8.12234674e-14,1.119371392e-13,3.886313372e-14,7.719157339e-14,5.104057325e-13,1.512464207e-13,1.751704616e-13,4.598833332e-13,5.758573592e-13,4.643737832e-13,5.104367122e-13,5.29440185e-13,2.796539621e-13,2.808829521e-13,9.650306153e-14,8.430588389e-14,3.057461496e-14,9.179148009e-14,4.094049667e-14,4.066894381e-14,5.748294804e-13,3.772170417e-13,3.451535044e-13,5.479891154e-14,2.359828331e-13,1.351063217e-14
44.6640625,6.094952066e-13,4.428420575e-13,4.367924535e-13,5.231285713e-13,4.744440809e-13,2.954124514e-13,8.050288464e-14,1.130725148e-13,3.861912116e-14,7.618423614e-14,5.114809129e-13,1.51303754e-13,1.758111331e-13,4.608266923e-13,5.867075465e-13,4.743046819e-13,5.144852782e-13,5.330738163e-13,2.821487091e-13,2.796353694e-13,9.792612844e-14,8.464842375e-14,3.08671906e-14,9.250889647e-14,4.124757439e-14,4.144253073e-14,5.795928406e-13,3.805548945e-13,3.460593742e-13,5.551993927e-14,2.346561645e-13,1.370840815e-14
44.671875,6.162886733e-13,4.445500476e-13,4.398253105e-13,5.299822209e-13,4.753590121e-13,2.989110998e-13,7.977562696e-14,1.141513582e-13,3.837827405e-14,7.520303082e-14,5.123863791e-13,1.513629663e-13,1.764964723e-13,4.618851453e-13,5.975977211e-13,4.843955725e-13,5.187377837e-13,5.367583333e-13,2.845317432e-13,2.785098052e-13,9.933886778e-14,8.4972128e-14,3.114337534e-14,9.324307737e-14,4.1565099e-14,4.226918667e-14,5.844970239e-13,3.837280672e-13,3.469730935e-13,5.624490909e-14,2.332806673e-13,1.390329225e-14
44.6796875,6.230190593e-13,4.46240905e-13,4.428277652e-13,5.367159762e-13,4.762368865e-13,3.023852449e-13,7.905383876e-14,1.15219581e-13,3.812709605e-14,7.422881644e-14,5.13280589e-13,1.513885459e-13,1.772633786e-13,4.629723419e-13,6.084420733e-13,4.945914756e-13,5.231062197e-13,5.40408578e-13,2.868043697e-13,2.774272059e-13,1.007732789e-13,8.527888401e-14,3.142988083e-14,9.40133315e-14,4.189563362e-14,4.30743424e-14,5.89211303e-13,3.868241443e-13,3.479533672e-13,5.696279876e-14,2.319022037e-13,1.410380867e-14
44.6875,6.296090385e-13,4.477279809e-13,4.456924779e-13,5.432555055e-13,4.770252775e-13,3.05743989e-13,7.835967924e-14,1.163325207e-13,3.786443338e-14,7.320415964e-14,5.140898604e-13,1.51339037e-13,1.780720054e-13,4.640299848e-13,6.191410348e-13,5.047807708e-13,5.275840934e-13,5.439234175e-13,2.889139592e-13,2.763588249e-13,1.021454012e-13,8.555430051e-14,3.173446188e-14,9.482064534e-14,4.223718945e-14,4.384343741e-14,5.935878307e-13,3.89712387e-13,3.489180115e-13,5.762935933e-14,2.305377957e-13,1.43163959e-14
44.6953125,6.361384465e-13,4.48933434e-13,4.4854366e-13,5.495384503e-13,4.77961145e-13,3.092441245e-13,7.772715366e-14,1.17491403e-13,3.758869657e-14,7.210063728e-14,5.14812872e-13,1.512660973e-13,1.789666906e-13,4.651704317e-13,6.298851289e-13,5.151348601e-13,5.322937068e-13,5.475355154e-13,2.909345905e-13,2.755005399e-13,1.034154422e-13,8.58205657e-14,3.203766924e-14,9.567113499e-14,4.259887672e-14,4.460534775e-14,5.978615307e-13,3.923469699e-13,3.497647392e-13,5.821414457e-14,2.291732456e-13,1.454225993e-14
44.703125,6.425432713e-13,4.502596604e-13,4.513296183e-13,5.556198896e-13,4.789300801e-13,3.128257827e-13,7.71425472e-14,1.18666664e-13,3.731387709e-14,7.095583829e-14,5.15550298e-13,1.511965038e-13,1.800000636e-13,4.663447322e-13,6.407482855e-13,5.257922955e-13,5.371282681e-13,5.511995853e-13,2.929134982e-13,2.749265695e-13,1.046395867e-13,8.608253241e-14,3.232399387e-14,9.66172559e-14,4.296847212e-14,4.53733739e-14,6.019677503e-13,3.94878749e-13,3.504546026e-13,5.874204207e-14,2.278604443e-13,1.478115236e-14
44.7109375,6.487460613e-13,4.517348991e-13,4.539657446e-13,5.615116148e-13,4.796638659e-13,3.162822152e-13,7.657950715e-14,1.198276451e-13,3.70577295e-14,6.984640541e-14,5.162796507e-13,1.511273415e-13,1.811190933e-13,4.674823066e-13,6.515552463e-13,5.365701615e-13,5.41943214e-13,5.54683785e-13,2.948023943e-13,2.744280172e-13,1.058595815e-13,8.631873821e-14,3.26090669e-14,9.764917316e-14,4.33301064e-14,4.61708969e-14,6.059692146e-13,3.974093898e-13,3.511489668e-13,5.925998147e-14,2.266468749e-13,1.500743803e-14
44.71875,6.549406265e-13,4.530213465e-13,4.566993823e-13,5.671586536e-13,4.803392335e-13,3.198058261e-13,7.602986471e-14,1.209803728e-13,3.681197409e-14,6.879001402e-14,5.169995888e-13,1.510824643e-13,1.822882074e-13,4.686898917e-13,6.623656461e-13,5.474849739e-13,5.469343967e-13,5.58231018e-13,2.966370867e-13,2.740047761e-13,1.071031836e-13,8.653625807e-14,3.290685628e-14,9.869363409e-14,4.371345307e-14,4.701212374e-14,6.100683622e-13,3.999013667e-13,3.520122974e-13,5.979155351e-14,2.25449287e-13,1.521675637e-14
44.7265625,6.613223757e-13,4.540765857e-13,4.595616168e-13,5.726737435e-13,4.811539472e-13,3.234994253e-13,7.547285896e-14,1.221202396e-13,3.65641525e-14,6.771129091e-14,5.176592443e-13,1.510460698e-13,1.835299467e-13,4.70015822e-13,6.732892347e-13,5.586941103e-13,5.522469762e-13,5.620347466e-13,2.984708928e-13,2.737442383e-13,1.083483961e-13,8.676206812e-14,3.319869362e-14,9.972809793e-14,4.41354977e-14,4.785583154e-14,6.139684895e-13,4.022856617e-13,3.529100331e-13,6.032035815e-14,2.242191924e-13,1.544385087e-14
44.734375,6.677293028e-13,4.550825016e-13,4.62321135e-13,5.782592729e-13,4.819612367e-13,3.271628642e-13,7.492036711e-14,1.232260778e-13,3.631187399e-14,6.657730449e-14,5.181640756e-13,1.509781597e-13,1.84868805e-13,4.714335392e-13,6.842904686e-13,5.700927049e-13,5.577378855e-13,5.658070933e-13,3.002314806e-13,2.735920077e-13,1.095473988e-13,8.699091524e-14,3.346891644e-14,1.008049647e-13,4.456780693e-14,4.868075993e-14,6.174400511e-13,4.045681586e-13,3.537247283e-13,6.082046255e-14,2.230501585e-13,1.569564829e-14
44.7421875,6.739479018e-13,4.561098473e-13,4.651461564e-13,5.83780357e-13,4.82693438e-13,3.307670827e-13,7.441744275e-14,1.243546161e-13,3.60736615e-14,6.546397123e-14,5.18677148e-13,1.508983642e-13,1.863242248e-13,4.729879384e-13,6.954615672e-13,5.816819053e-13,5.634055412e-13,5.694744083e-13,3.018839977e-13,2.737613556e-13,1.107323951e-13,8.720120948e-14,3.37238926e-14,1.019773699e-13,4.501231622e-14,4.953540376e-14,6.207964725e-13,4.068097323e-13,3.545891149e-13,6.1315756e-14,2.220054309e-13,1.596368959e-14
44.75,6.80045344e-13,4.570284486e-13,4.681524327e-13,5.888797125e-13,4.834370768e-13,3.343468812e-13,7.394209944e-14,1.255568041e-13,3.587557636e-14,6.44033878e-14,5.192684215e-13,1.508212624e-13,1.878440543e-13,4.746265639e-13,7.066476897e-13,5.934620525e-13,5.692737917e-13,5.731815527e-13,3.034559786e-13,2.743482701e-13,1.119128939e-13,8.739043097e-14,3.397259171e-14,1.032070155e-13,4.547972426e-14,5.043543309e-14,6.24195526e-13,4.089636017e-13,3.554615067e-13,6.184094663e-14,2.210352944e-13,1.625317638e-14
44.7578125,6.859814017e-13,4.577033994e-13,4.709497835e-13,5.936338229e-13,4.840810684e-13,3.378167652e-13,7.344262396e-14,1.267732174e-13,3.567573828e-14,6.332389161e-14,5.196703761e-13,1.506950567e-13,1.893615764e-13,4.761265524e-13,7.17452343e-13,6.051219942e-13,5.75091679e-13,5.767836009e-13,3.048557874e-13,2.749035358e-13,1.130246089e-13,8.7540332e-14,3.423478196e-14,1.044228201e-13,4.593735432e-14,5.134579957e-14,6.274568942e-13,4.109002746e-13,3.561715562e-13,6.23515914e-14,2.200409973e-13,1.654355586e-14
44.765625,6.916094063e-13,4.583520642e-13,4.734322725e-13,5.983858642e-13,4.845001379e-13,3.411882622e-13,7.293924436e-14,1.279737807e-13,3.541928033e-14,6.221010571e-14,5.198511385e-13,1.504964851e-13,1.90955074e-13,4.774374736e-13,7.280677561e-13,6.167743812e-13,5.808811997e-13,5.802934782e-13,3.060438654e-13,2.753456645e-13,1.140831168e-13,8.762232713e-14,3.452573868e-14,1.056710332e-13,4.638760102e-14,5.227727688e-14,6.305383613e-13,4.126954168e-13,3.568598463e-13,6.279681358e-14,2.189691898e-13,1.681721809e-14
44.7734375,6.972065713e-13,4.592486813e-13,4.759258946e-13,6.030118731e-13,4.849071848e-13,3.445013675e-13,7.247315483e-14,1.291746754e-13,3.515880866e-14,6.113694713e-14,5.199852637e-13,1.502937143e-13,1.927036412e-13,4.788311239e-13,7.388501702e-13,6.288344608e-13,5.869757494e-13,5.840256395e-13,3.072024501e-13,2.760446327e-13,1.151563865e-13,8.767402987e-14,3.481906068e-14,1.070064377e-13,4.686776145e-14,5.324713012e-14,6.334880689e-13,4.145851098e-13,3.576126788e-13,6.322546245e-14,2.179025043e-13,1.709594296e-14
44.78125,7.030003631e-13,4.60144825e-13,4.785607677e-13,6.072647279e-13,4.85542566e-13,3.478054988e-13,7.204698209e-14,1.303091794e-13,3.493611038e-14,6.010704823e-14,5.200417763e-13,1.501500069e-13,1.945393494e-13,4.804634755e-13,7.496218389e-13,6.410713199e-13,5.932885325e-13,5.879427314e-13,3.084301173e-13,2.768738281e-13,1.16250853e-13,8.775748258e-14,3.508824426e-14,1.083461215e-13,4.736270283e-14,5.422175478e-14,6.36235382e-13,4.165565995e-13,3.582283069e-13,6.36807453e-14,2.169267929e-13,1.738963734e-14
44.7890625,7.086236252e-13,4.607362257e-13,4.812968227e-13,6.113929333e-13,4.862764045e-13,3.512227807e-13,7.164808495e-14,1.313555409e-13,3.469263742e-14,5.904616551e-14,5.200629129e-13,1.500296768e-13,1.964236348e-13,4.821224094e-13,7.603358874e-13,6.532247804e-13,5.995873616e-13,5.917901458e-13,3.09606624e-13,2.776431379e-13,1.173399437e-13,8.785217338e-14,3.53534354e-14,1.096647777e-13,4.785132398e-14,5.519665644e-14,6.387830175e-13,4.184074887e-13,3.587603222e-13,6.411172361e-14,2.15960995e-13,1.768278816e-14
44.796875,7.138760858e-13,4.612385688e-13,4.84015372e-13,6.155857643e-13,4.869047816e-13,3.546281557e-13,7.126054544e-14,1.324376105e-13,3.443350208e-14,5.796396256e-14,5.2014186e-13,1.498740937e-13,1.983734642e-13,4.836587712e-13,7.71090994e-13,6.655162679e-13,6.059895357e-13,5.955961696e-13,3.106642702e-13,2.786685111e-13,1.183833022e-13,8.790744557e-14,3.563884438e-14,1.110665113e-13,4.834934421e-14,5.62026261e-14,6.412664888e-13,4.201532032e-13,3.593753337e-13,6.450080856e-14,2.149416709e-13,1.79688582e-14
44.8046875,7.190997751e-13,4.617664861e-13,4.865560008e-13,6.195255522e-13,4.875757541e-13,3.57834484e-13,7.088979406e-14,1.336246826e-13,3.422315737e-14,5.691168171e-14,5.201318614e-13,1.497011621e-13,2.003658805e-13,4.852411758e-13,7.81599172e-13,6.778527468e-13,6.12530318e-13,5.994995933e-13,3.116568614e-13,2.800324889e-13,1.193533356e-13,8.794107293e-14,3.594071375e-14,1.12544355e-13,4.886263151e-14,5.72280407e-14,6.436190675e-13,4.218593191e-13,3.599015467e-13,6.488722113e-14,2.139782023e-13,1.825574867e-14
44.8125,7.243695094e-13,4.620559013e-13,4.889911641e-13,6.229763262e-13,4.884629883e-13,3.610280164e-13,7.055851019e-14,1.348379697e-13,3.402188247e-14,5.582509533e-14,5.200078569e-13,1.495248266e-13,2.024436412e-13,4.869663084e-13,7.917923246e-13,6.900121155e-13,6.191188359e-13,6.035171382e-13,3.125888384e-13,2.81462329e-13,1.202576517e-13,8.798333209e-14,3.624892558e-14,1.139943068e-13,4.939480144e-14,5.823827632e-14,6.45579235e-13,4.233560123e-13,3.603166342e-13,6.522975031e-14,2.13112731e-13,1.854991253e-14
44.8203125,7.292561492e-13,4.622253723e-13,4.912780466e-13,6.261163457e-13,4.892591387e-13,3.642167764e-13,7.024844212e-14,1.359875905e-13,3.378473243e-14,5.465115124e-14,5.198629237e-13,1.492934521e-13,2.046133819e-13,4.886258067e-13,8.01821384e-13,7.021012456e-13,6.257424702e-13,6.074588758e-13,3.133744472e-13,2.830263462e-13,1.210860918e-13,8.800761319e-14,3.655179581e-14,1.153922518e-13,4.993563797e-14,5.922742687e-14,6.471688474e-13,4.245835917e-13,3.608564455e-13,6.548179543e-14,2.122049363e-13,1.88398237e-14
44.828125,7.336297998e-13,4.62616306e-13,4.930792413e-13,6.291638465e-13,4.89659735e-13,3.670283978e-13,6.994303501e-14,1.370834173e-13,3.357915046e-14,5.351031212e-14,5.194734496e-13,1.490002438e-13,2.066969682e-13,4.900467868e-13,8.114147953e-13,7.140378902e-13,6.322302138e-13,6.11062847e-13,3.13974943e-13,2.84955072e-13,1.218407702e-13,8.79951745e-14,3.683918374e-14,1.167693729e-13,5.044398233e-14,6.022204997e-14,6.48643698e-13,4.257107029e-13,3.61394631e-13,6.571695215e-14,2.111940913e-13,1.912573344e-14
44.8359375,7.379777453e-13,4.629792271e-13,4.944854985e-13,6.320933397e-13,4.900080282e-13,3.695196199e-13,6.966937261e-14,1.382110579e-13,3.343832144e-14,5.247888092e-14,5.186826532e-13,1.486955638e-13,2.0866858e-13,4.913713072e-13,8.205351009e-13,7.257522519e-13,6.38572857e-13,6.144772244e-13,3.144956135e-13,2.870660646e-13,1.225512346e-13,8.797698784e-14,3.711881428e-14,1.182082198e-13,5.093217766e-14,6.125051167e-14,6.499984217e-13,4.267428091e-13,3.616984028e-13,6.598077589e-14,2.101875511e-13,1.943660145e-14
44.84375,7.425513459e-13,4.630356294e-13,4.959229708e-13,6.347972636e-13,4.906380557e-13,3.720363814e-13,6.941612774e-14,1.393949473e-13,3.329665294e-14,5.144185437e-14,5.177692518e-13,1.483818301e-13,2.107507291e-13,4.927615667e-13,8.296182636e-13,7.375475686e-13,6.450817184e-13,6.180397701e-13,3.150127288e-13,2.890554971e-13,1.232026162e-13,8.796085741e-14,3.74067582e-14,1.197935415e-13,5.144920953e-14,6.230393851e-14,6.510343885e-13,4.276340864e-13,3.619226547e-13,6.622220661e-14,2.092206243e-13,1.976674984e-14
44.8515625,7.469543131e-13,4.631370901e-13,4.973711011e-13,6.373810452e-13,4.912643333e-13,3.745268201e-13,6.917210578e-14,1.405667817e-13,3.312543749e-14,5.035249344e-14,5.169376849e-13,1.480440899e-13,2.129725592e-13,4.941149905e-13,8.387092524e-13,7.495370382e-13,6.517413127e-13,6.216494077e-13,3.154465811e-13,2.910710259e-13,1.237925179e-13,8.792412183e-14,3.770806642e-14,1.214355285e-13,5.198092639e-14,6.336640866e-14,6.517174468e-13,4.28532085e-13,3.621885261e-13,6.643669163e-14,2.082183234e-13,2.008518305e-14
44.859375,7.510050052e-13,4.634064429e-13,4.985770432e-13,6.399664202e-13,4.917202412e-13,3.768806253e-13,6.899799989e-14,1.416920084e-13,3.295774156e-14,4.930882163e-14,5.160217758e-13,1.477045282e-13,2.151849885e-13,4.953972407e-13,8.476043963e-13,7.615896416e-13,6.583814555e-13,6.251477514e-13,3.157808218e-13,2.933356783e-13,1.243441767e-13,8.788503354e-14,3.801315191e-14,1.229819249e-13,5.251243824e-14,6.44437112e-14,6.521795654e-13,4.294292558e-13,3.623559406e-13,6.663916031e-14,2.072078011e-13,2.039949575e-14
44.8671875,7.54910438e-13,4.634626244e-13,4.995525186e-13,6.423543921e-13,4.922152649e-13,3.79162218e-13,6.888467811e-14,1.427849041e-13,3.27965236e-14,4.832467743e-14,5.148465234e-13,1.473754466e-13,2.173847168e-13,4.967677518e-13,8.562812905e-13,7.736086571e-13,6.651094801e-13,6.286661052e-13,3.161000359e-13,2.956365489e-13,1.248221952e-13,8.786456817e-14,3.831262119e-14,1.24441594e-13,5.306481457e-14,6.552980104e-14,6.525629101e-13,4.301531782e-13,3.624192791e-13,6.680322509e-14,2.062849772e-13,2.071591559e-14
44.875,7.586114546e-13,4.634200104e-13,5.004294173e-13,6.444589047e-13,4.926687935e-13,3.813108017e-13,6.874805901e-14,1.438824899e-13,3.263050285e-14,4.736449751e-14,5.13511334e-13,1.470453091e-13,2.195854637e-13,4.98142548e-13,8.647092887e-13,7.85536965e-13,6.719068314e-13,6.321837322e-13,3.163797316e-13,2.979578235e-13,1.252336803e-13,8.783628412e-14,3.862218351e-14,1.259037712e-13,5.361918283e-14,6.664310075e-14,6.529154105e-13,4.308095044e-13,3.625537156e-13,6.69607483e-14,2.054209958e-13,2.10330547e-14
44.8828125,7.621013678e-13,4.636682263e-13,5.011826523e-13,6.465215502e-13,4.929453228e-13,3.832845029e-13,6.860596677e-14,1.45049088e-13,3.249105829e-14,4.647343571e-14,5.121820313e-13,1.466884696e-13,2.217392067e-13,4.993220394e-13,8.729495837e-13,7.97538642e-13,6.786745101e-13,6.356354056e-13,3.165786193e-13,3.006977557e-13,1.25636694e-13,8.779232042e-14,3.896237917e-14,1.27421914e-13,5.416415892e-14,6.783085657e-14,6.532017635e-13,4.315448822e-13,3.627769059e-13,6.714662743e-14,2.045222157e-13,2.13762926e-14
44.890625,7.655739041e-13,4.639097494e-13,5.016408823e-13,6.484217552e-13,4.932791748e-13,3.851082417e-13,6.849095844e-14,1.462297863e-13,3.239317935e-14,4.564168855e-14,5.1075e-13,1.46285461e-13,2.239068683e-13,5.00416061e-13,8.809644906e-13,8.095544066e-13,6.854064656e-13,6.391331243e-13,3.167338055e-13,3.037443184e-13,1.259825834e-13,8.774618661e-14,3.931506075e-14,1.289717223e-13,5.472722726e-14,6.906254706e-14,6.533569821e-13,4.321572411e-13,3.62890413e-13,6.730373976e-14,2.035724071e-13,2.172964414e-14
44.8984375,7.688594381e-13,4.637842876e-13,5.01843265e-13,6.498582785e-13,4.937716447e-13,3.86734542e-13,6.836022447e-14,1.47281307e-13,3.229361168e-14,4.478963652e-14,5.090397361e-13,1.458759106e-13,2.261575668e-13,5.015788662e-13,8.884747164e-13,8.211124208e-13,6.919599725e-13,6.425970484e-13,3.168405902e-13,3.066708927e-13,1.262154795e-13,8.768998359e-14,3.965449985e-14,1.304467365e-13,5.529556622e-14,7.028010949e-14,6.532713484e-13,4.325125334e-13,3.628367816e-13,6.741702896e-14,2.026317929e-13,2.205320248e-14
44.90625,7.719055499e-13,4.63584119e-13,5.020111551e-13,6.511491179e-13,4.943113355e-13,3.882618962e-13,6.825045047e-14,1.482504141e-13,3.216560794e-14,4.393413863e-14,5.071855041e-13,1.454833843e-13,2.284786855e-13,5.028072231e-13,8.956658929e-13,8.323843226e-13,6.98466256e-13,6.459860477e-13,3.169239298e-13,3.095728261e-13,1.263555377e-13,8.764238641e-14,3.998644506e-14,1.318372953e-13,5.586490731e-14,7.150802533e-14,6.529188296e-13,4.328168879e-13,3.628030567e-13,6.753357148e-14,2.017660642e-13,2.237430063e-14
44.9140625,7.749781969e-13,4.635025049e-13,5.019589043e-13,6.525383685e-13,4.948973174e-13,3.89703253e-13,6.821837393e-14,1.492662219e-13,3.20265023e-14,4.313028164e-14,5.053454156e-13,1.45026272e-13,2.308665382e-13,5.04001048e-13,9.028428265e-13,8.438381862e-13,7.051801336e-13,6.495445925e-13,3.170264077e-13,3.126447352e-13,1.263811304e-13,8.761329966e-14,4.030747545e-14,1.332531648e-13,5.647445671e-14,7.276736182e-14,6.523778783e-13,4.331429115e-13,3.627611376e-13,6.763249005e-14,2.009035554e-13,2.271686825e-14
44.921875,7.77854118e-13,4.633917551e-13,5.013644114e-13,6.535892709e-13,4.954289327e-13,3.907513164e-13,6.81951863e-14,1.502871652e-13,3.190083723e-14,4.236338698e-14,5.034337918e-13,1.444724884e-13,2.332553883e-13,5.048952578e-13,9.095866832e-13,8.550725366e-13,7.117185973e-13,6.531873967e-13,3.170642725e-13,3.159138752e-13,1.263067501e-13,8.754722764e-14,4.060113798e-14,1.347081536e-13,5.710127114e-14,7.404371879e-14,6.515725825e-13,4.333200417e-13,3.625052923e-13,6.768721797e-14,1.998841268e-13,2.305781168e-14
44.9296875,7.803638276e-13,4.633420693e-13,5.005159895e-13,6.542815799e-13,4.958570864e-13,3.915211474e-13,6.814273309e-14,1.512644174e-13,3.181230762e-14,4.162092277e-14,5.014179569e-13,1.439379958e-13,2.355806937e-13,5.055582117e-13,9.157388965e-13,8.658287613e-13,7.179218928e-13,6.566630933e-13,3.170474476e-13,3.194792816e-13,1.262176901e-13,8.74554027e-14,4.089298657e-14,1.361504793e-13,5.770773344e-14,7.535133397e-14,6.504242005e-13,4.333924645e-13,3.622349942e-13,6.772768047e-14,1.987903471e-13,2.339615915e-14
44.9375,7.828844e-13,4.633628577e-13,4.998171757e-13,6.551430838e-13,4.964210046e-13,3.925148464e-13,6.811058701e-14,1.522392016e-13,3.175099325e-14,4.090644862e-14,4.993180942e-13,1.434905491e-13,2.379463375e-13,5.064846498e-13,9.218225696e-13,8.76548375e-13,7.243014538e-13,6.60163203e-13,3.171054321e-13,3.231327694e-13,1.261025473e-13,8.741946678e-14,4.122087408e-14,1.375548891e-13,5.833305608e-14,7.66763527e-14,6.490814903e-13,4.335221548e-13,3.622223545e-13,6.775020409e-14,1.978474084e-13,2.372985724e-14
44.9453125,7.852586676e-13,4.631670114e-13,4.990671795e-13,6.560285038e-13,4.970663928e-13,3.935445382e-13,6.809478573e-14,1.532107167e-13,3.168219375e-14,4.019507374e-14,4.969774325e-13,1.430515279e-13,2.403826846e-13,5.075037603e-13,9.277502553e-13,8.871592631e-13,7.307057073e-13,6.637152616e-13,3.171330134e-13,3.266224394e-13,1.259355142e-13,8.740201153e-14,4.157116486e-14,1.388748118e-13,5.897706375e-14,7.799511779e-14,6.475693794e-13,4.335681876e-13,3.622367008e-13,6.773001275e-14,1.969565237e-13,2.404614432e-14
44.953125,7.870847027e-13,4.628903757e-13,4.979113932e-13,6.565643986e-13,4.974679147e-13,3.941281548e-13,6.807674144e-14,1.541890545e-13,3.162284579e-14,3.946789999e-14,4.943254132e-13,1.425509565e-13,2.42745014e-13,5.080406598e-13,9.331124275e-13,8.974453738e-13,7.366873066e-13,6.670191053e-13,3.169890357e-13,3.302809937e-13,1.257727692e-13,8.732015402e-14,4.19154141e-14,1.401366326e-13,5.958530213e-14,7.936068768e-14,6.457877321e-13,4.33384953e-13,3.62103157e-13,6.768408908e-14,1.958700481e-13,2.436662667e-14
44.9609375,7.886875183e-13,4.6286138e-13,4.964083083e-13,6.571257481e-13,4.97751999e-13,3.944986396e-13,6.807831335e-14,1.552078542e-13,3.158991786e-14,3.872811044e-14,4.91518408e-13,1.420064569e-13,2.450570952e-13,5.083989994e-13,9.382353353e-13,9.078056815e-13,7.426829685e-13,6.702739057e-13,3.167991655e-13,3.343346504e-13,1.255864781e-13,8.720651176e-14,4.226041753e-14,1.414104126e-13,6.019074956e-14,8.079501587e-14,6.438339345e-13,4.331291904e-13,3.620207495e-13,6.762720477e-14,1.946422971e-13,2.469800802e-14
44.96875,7.901980415e-13,4.627682565e-13,4.947901282e-13,6.578571826e-13,4.981661485e-13,3.949458016e-13,6.810440508e-14,1.562097767e-13,3.153610397e-14,3.800484087e-14,4.885909086e-13,1.414419256e-13,2.474412436e-13,5.089695542e-13,9.432692981e-13,9.181857472e-13,7.48922085e-13,6.73747339e-13,3.166121586e-13,3.384289037e-13,1.252923701e-13,8.709038751e-14,4.261246546e-14,1.426392749e-13,6.084864856e-14,8.22316108e-14,6.416915293e-13,4.328271644e-13,3.619598757e-13,6.755232586e-14,1.934156131e-13,2.502121656e-14
44.9765625,7.913294319e-13,4.622720606e-13,4.929914025e-13,6.581618168e-13,4.985906188e-13,3.952130965e-13,6.815511752e-14,1.571249586e-13,3.145348306e-14,3.733871244e-14,4.854331738e-13,1.408437128e-13,2.498224111e-13,5.09373854e-13,9.476901503e-13,9.279881141e-13,7.54913487e-13,6.771285673e-13,3.163395658e-13,3.422884823e-13,1.248954086e-13,8.695110283e-14,4.295325592e-14,1.437879353e-13,6.152286625e-14,8.365004507e-14,6.391984789e-13,4.322936471e-13,3.617352993e-13,6.745730254e-14,1.921630298e-13,2.534150624e-14
44.984375,7.923254571e-13,4.617480714e-13,4.907950299e-13,6.580244761e-13,4.989990192e-13,3.951948365e-13,6.821603617e-14,1.579688364e-13,3.139294396e-14,3.669954584e-14,4.821115498e-13,1.402163215e-13,2.521602462e-13,5.095747306e-13,9.515116311e-13,9.373199295e-13,7.607020885e-13,6.803797945e-13,3.160903866e-13,3.460376087e-13,1.24422133e-13,8.683407455e-14,4.328742694e-14,1.449235557e-13,6.219111214e-14,8.509532828e-14,6.36523777e-13,4.316135959e-13,3.615112704e-13,6.734168111e-14,1.909029232e-13,2.56571949e-14
44.9921875,7.933080536e-13,4.615412724e-13,4.883706962e-13,6.580578972e-13,4.995031045e-13,3.950285394e-13,6.8245749e-14,1.587872e-13,3.136262835e-14,3.604189646e-14,4.788275968e-13,1.39614524e-13,2.545763916e-13,5.099414398e-13,9.55235118e-13,9.466544551e-13,7.666136301e-13,6.838721238e-13,3.159628086e-13,3.499987385e-13,1.239044336e-13,8.67674845e-14,4.364262536e-14,1.460273384e-13,6.288636552e-14,8.660942503e-14,6.338825093e-13,4.31027074e-13,3.614869493e-13,6.722605158e-14,1.897169686e-13,2.596000931e-14
45,7.937901392e-13,4.613916617e-13,4.860495567e-13,6.581752087e-13,4.999647345e-13,3.94591615e-13,6.825771189e-14,1.595839515e-13,3.133951608e-14,3.541763539e-14,4.756443979e-13,1.390608377e-13,2.570408266e-13,5.102748595e-13,9.586928866e-13,9.557624298e-13,7.722885721e-13,6.87396263e-13,3.157977508e-13,3.542643616e-13,1.234112255e-13,8.66778092e-14,4.400393894e-14,1.470510189e-13,6.358239953e-14,8.821473979e-14,6.311832265e-13,4.305047587e-13,3.615519184e-13,6.715284446e-14,1.885579285e-13,2.626693507e-14
45.0078125,7.937474701e-13,4.609952797e-13,4.836867343e-13,6.579038135e-13,5.002698384e-13,3.938185955e-13,6.828832104e-14,1.60309712e-13,3.130378115e-14,3.484494407e-14,4.724445428e-13,1.384822039e-13,2.593924317e-13,5.103430757e-13,9.614938425e-13,9.642193979e-13,7.774321454e-13,6.904966895e-13,3.154677112e-13,3.585069564e-13,1.229321284e-13,8.65342764e-14,4.433697067e-14,1.480221621e-13,6.422569425e-14,8.985249744e-14,6.283676623e-13,4.298363395e-13,3.615383156e-13,6.70991322e-14,1.873374132e-13,2.657979102e-14
45.015625,7.936372373e-13,4.604417421e-13,4.809651454e-13,6.573904841e-13,5.005424145e-13,3.929498687e-13,6.831954591e-14,1.609850142e-13,3.124583379e-14,3.424996054e-14,4.691002063e-13,1.378182166e-13,2.616127062e-13,5.103419734e-13,9.639161433e-13,9.723152483e-13,7.824679069e-13,6.933369221e-13,3.150469948e-13,3.626455088e-13,1.22385175e-13,8.639269282e-14,4.465684314e-14,1.489600007e-13,6.484314576e-14,9.141943474e-14,6.253864992e-13,4.28922851e-13,3.613829043e-13,6.697871026e-14,1.860272722e-13,2.689172336e-14
45.0234375,7.935522777e-13,4.600219856e-13,4.780134457e-13,6.569368489e-13,5.008883195e-13,3.921004272e-13,6.834121918e-14,1.61708315e-13,3.120916537e-14,3.364991061e-14,4.656492495e-13,1.371438299e-13,2.637903658e-13,5.103484587e-13,9.662932174e-13,9.804973767e-13,7.877289762e-13,6.963068083e-13,3.146788597e-13,3.669375847e-13,1.217787078e-13,8.628263323e-14,4.498524981e-14,1.498673998e-13,6.548243212e-14,9.295318786e-14,6.220756467e-13,4.27953917e-13,3.611458343e-13,6.680233794e-14,1.846408451e-13,2.721260179e-14
45.03125,7.932809014e-13,4.598772906e-13,4.751274119e-13,6.565074209e-13,5.013185108e-13,3.911724622e-13,6.836520563e-14,1.624400375e-13,3.122279886e-14,3.310998009e-14,4.622474255e-13,1.365628989e-13,2.659986838e-13,5.103903546e-13,9.684996808e-13,9.886006238e-13,7.929764102e-13,6.995020883e-13,3.144454739e-13,3.712862361e-13,1.211799614e-13,8.619434383e-14,4.531104601e-14,1.506911176e-13,6.614360269e-14,9.459672064e-14,6.186006308e-13,4.272052726e-13,3.610183909e-13,6.667820291e-14,1.832839303e-13,2.753111604e-14
45.0390625,7.926270596e-13,4.598608781e-13,4.722022334e-13,6.560472245e-13,5.017128959e-13,3.900439264e-13,6.838379834e-14,1.630931224e-13,3.122994054e-14,3.258342542e-14,4.589099039e-13,1.360202443e-13,2.682463667e-13,5.104708386e-13,9.704332839e-13,9.964107792e-13,7.98001231e-13,7.028202007e-13,3.142765254e-13,3.755900794e-13,1.205583717e-13,8.610338457e-14,4.563703794e-14,1.513660263e-13,6.682501254e-14,9.637964609e-14,6.153405761e-13,4.265447904e-13,3.610566393e-13,6.661120296e-14,1.820149758e-13,2.783972754e-14
45.046875,7.916721191e-13,4.597836051e-13,4.689175444e-13,6.554345479e-13,5.018736197e-13,3.886167441e-13,6.839682554e-14,1.637410164e-13,3.120246106e-14,3.203028641e-14,4.554925089e-13,1.353860924e-13,2.704391965e-13,5.10260645e-13,9.720288789e-13,1.004028772e-12,8.029190789e-13,7.061061291e-13,3.140529446e-13,3.801033082e-13,1.198270531e-13,8.597136011e-14,4.596888355e-14,1.520100775e-13,6.752595904e-14,9.823954412e-14,6.121981658e-13,4.25660246e-13,3.610870788e-13,6.651386852e-14,1.806655563e-13,2.816206532e-14
45.0546875,7.907613122e-13,4.596607688e-13,4.653174212e-13,6.545681301e-13,5.018852192e-13,3.87013716e-13,6.83979006e-14,1.644002976e-13,3.119211548e-14,3.149495285e-14,4.519490531e-13,1.346871374e-13,2.725247889e-13,5.096576101e-13,9.730745476e-13,1.011325656e-12,8.077310438e-13,7.093520166e-13,3.137749355e-13,3.848485995e-13,1.190147932e-13,8.581401225e-14,4.629668432e-14,1.527008476e-13,6.822516149e-14,1.001515721e-13,6.087407748e-13,4.246608901e-13,3.610701403e-13,6.637563416e-14,1.791472108e-13,2.84966994e-14
45.0625,7.898170178e-13,4.59529647e-13,4.616589415e-13,6.537789243e-13,5.02010575e-13,3.854290386e-13,6.837003091e-14,1.649694655e-13,3.122649382e-14,3.09950909e-14,4.483364453e-13,1.340344494e-13,2.745969515e-13,5.090091264e-13,9.73608769e-13,1.018144069e-12,8.122788184e-13,7.126709892e-13,3.134752488e-13,3.896767222e-13,1.182258457e-13,8.569692951e-14,4.663117632e-14,1.532390953e-13,6.89248246e-14,1.020737614e-13,6.049073922e-13,4.237311655e-13,3.611588457e-13,6.622581963e-14,1.776626652e-13,2.88229244e-14
45.0703125,7.884589735e-13,4.592837723e-13,4.579278459e-13,6.53282602e-13,5.022495056e-13,3.837055315e-13,6.833665594e-14,1.654843033e-13,3.128476476e-14,3.052478287e-14,4.446531052e-13,1.334159721e-13,2.767060596e-13,5.084575484e-13,9.738919403e-13,1.024725166e-12,8.166529753e-13,7.160233315e-13,3.131615935e-13,3.94533954e-13,1.17451212e-13,8.560861918e-14,4.695604022e-14,1.535404226e-13,6.964582019e-14,1.039551255e-13,6.010657722e-13,4.227420786e-13,3.613461469e-13,6.607499153e-14,1.763055013e-13,2.913665009e-14
45.078125,7.86869793e-13,4.589082948e-13,4.541557188e-13,6.527155621e-13,5.024975975e-13,3.817081151e-13,6.831992476e-14,1.660101653e-13,3.134180575e-14,3.008675577e-14,4.409182132e-13,1.327860624e-13,2.787947472e-13,5.079880219e-13,9.740183292e-13,1.031228829e-12,8.210569609e-13,7.193666321e-13,3.128835468e-13,3.992641423e-13,1.166226067e-13,8.547877107e-14,4.722070888e-14,1.537759838e-13,7.037828731e-14,1.058553662e-13,5.974193766e-13,4.216907092e-13,3.61490635e-13,6.59636271e-14,1.749320684e-13,2.943252679e-14
45.0859375,7.853504417e-13,4.585686956e-13,4.505221691e-13,6.518922262e-13,5.027491968e-13,3.796718167e-13,6.830061704e-14,1.665068558e-13,3.139525191e-14,2.96604889e-14,4.372022824e-13,1.321685531e-13,2.808422314e-13,5.075962715e-13,9.739267528e-13,1.037489918e-12,8.253722612e-13,7.227275668e-13,3.126202593e-13,4.039405713e-13,1.157826144e-13,8.531450835e-14,4.746017807e-14,1.540138113e-13,7.110023547e-14,1.07833553e-13,5.937294831e-13,4.206941771e-13,3.615915068e-13,6.58857364e-14,1.735059579e-13,2.972034795e-14
45.09375,7.836709557e-13,4.58255726e-13,4.467565959e-13,6.509901007e-13,5.029316765e-13,3.776428858e-13,6.826314466e-14,1.669856715e-13,3.146976312e-14,2.923816835e-14,4.334524925e-13,1.315266297e-13,2.828433962e-13,5.070195493e-13,9.733758118e-13,1.043262844e-12,8.293045607e-13,7.259406131e-13,3.122579427e-13,4.088016573e-13,1.149840225e-13,8.516445783e-14,4.773974934e-14,1.542226638e-13,7.180143049e-14,1.098145752e-13,5.898025263e-13,4.195930533e-13,3.617191384e-13,6.576430718e-14,1.720496352e-13,3.001946372e-14
45.1015625,7.816982252e-13,4.578221943e-13,4.425568375e-13,6.500135815e-13,5.030302624e-13,3.754217306e-13,6.820196163e-14,1.674502913e-13,3.156160005e-14,2.883432651e-14,4.295527577e-13,1.308034598e-13,2.848063988e-13,5.061996081e-13,9.721901365e-13,1.048461758e-12,8.328871456e-13,7.289643819e-13,3.118159656e-13,4.136651058e-13,1.141491944e-13,8.501991097e-14,4.801852244e-14,1.543924628e-13,7.248212593e-14,1.117656873e-13,5.858306539e-13,4.183236874e-13,3.618969415e-13,6.560118013e-14,1.704992236e-13,3.03082161e-14
45.109375,7.795466793e-13,4.575080915e-13,4.382641089e-13,6.490363446e-13,5.031047274e-13,3.730425743e-13,6.811940888e-14,1.678271094e-13,3.163623501e-14,2.845176123e-14,4.255524301e-13,1.300749883e-13,2.868292054e-13,5.054833566e-13,9.707312682e-13,1.053423975e-12,8.364533318e-13,7.320846362e-13,3.11428644e-13,4.184658405e-13,1.132116795e-13,8.486338249e-14,4.825653424e-14,1.544344178e-13,7.316398949e-14,1.137970738e-13,5.819666702e-13,4.171692933e-13,3.621906824e-13,6.546817516e-14,1.689351226e-13,3.056855735e-14
45.1171875,7.770544076e-13,4.57577126e-13,4.341580667e-13,6.482192974e-13,5.030067943e-13,3.70540104e-13,6.803012087e-14,1.68136605e-13,3.170466572e-14,2.810181691e-14,4.215938978e-13,1.294095263e-13,2.889016349e-13,5.048479925e-13,9.693693536e-13,1.058465093e-12,8.40095547e-13,7.353256647e-13,3.111037346e-13,4.235569482e-13,1.122402157e-13,8.470097235e-14,4.848854939e-14,1.543118054e-13,7.386373708e-14,1.159619442e-13,5.781195738e-13,4.161931205e-13,3.626301192e-13,6.539433759e-14,1.674900492e-13,3.083302783e-14
45.125,7.741256569e-13,4.575406576e-13,4.301025187e-13,6.473272163e-13,5.026890296e-13,3.678593376e-13,6.793451177e-14,1.68445214e-13,3.179279365e-14,2.778711103e-14,4.176920517e-13,1.287517958e-13,2.908511184e-13,5.040370075e-13,9.679254989e-13,1.06338853e-12,8.436662705e-13,7.3848531e-13,3.107451606e-13,4.288538328e-13,1.113022647e-13,8.451733722e-14,4.870707727e-14,1.541347142e-13,7.45731109e-14,1.181600289e-13,5.74320783e-13,4.151058284e-13,3.630808721e-13,6.536718849e-14,1.660637313e-13,3.111410871e-14
45.1328125,7.710452643e-13,4.569793386e-13,4.260643434e-13,6.462474344e-13,5.024421272e-13,3.651769516e-13,6.78368367e-14,1.68743573e-13,3.188484762e-14,2.749253764e-14,4.137819744e-13,1.280729376e-13,2.927274639e-13,5.031858969e-13,9.662161604e-13,1.068063254e-12,8.472001797e-13,7.4165569e-13,3.103508873e-13,4.340079069e-13,1.103600461e-13,8.431239274e-14,4.888005585e-14,1.539300903e-13,7.529483044e-14,1.202924084e-13,5.706822527e-13,4.138412457e-13,3.63437447e-13,6.533645079e-14,1.645788541e-13,3.137973224e-14
45.140625,7.68010109e-13,4.56499158e-13,4.219508209e-13,6.45341104e-13,5.023137913e-13,3.625514365e-13,6.7744258e-14,1.690399063e-13,3.197081518e-14,2.72215566e-14,4.098827123e-13,1.273921807e-13,2.947613329e-13,5.023782993e-13,9.643260778e-13,1.072618048e-12,8.507253787e-13,7.449295326e-13,3.100183801e-13,4.391797571e-13,1.093641456e-13,8.412167474e-14,4.902621955e-14,1.536252108e-13,7.603815202e-14,1.223997163e-13,5.670729388e-13,4.126342062e-13,3.637744991e-13,6.525939972e-14,1.631328325e-13,3.162530064e-14
45.1484375,7.649833855e-13,4.565548185e-13,4.175878178e-13,6.446141772e-13,5.020601234e-13,3.597888037e-13,6.763880977e-14,1.693552395e-13,3.205562912e-14,2.694788778e-14,4.060328008e-13,1.266890042e-13,2.968872673e-13,5.014805647e-13,9.623809671e-13,1.077057443e-12,8.541436549e-13,7.482316011e-13,3.097860941e-13,4.445799637e-13,1.083189823e-13,8.394020133e-14,4.915231191e-14,1.532391565e-13,7.680023152e-14,1.245835227e-13,5.63352794e-13,4.115166212e-13,3.642015664e-13,6.516735394e-14,1.617129897e-13,3.187605772e-14
45.15625,7.618690832e-13,4.56660558e-13,4.132027076e-13,6.437084859e-13,5.017394145e-13,3.569490633e-13,6.753144336e-14,1.696427402e-13,3.213198809e-14,2.663689097e-14,4.02192636e-13,1.259826894e-13,2.988964101e-13,5.006377515e-13,9.605320187e-13,1.081455987e-12,8.575672114e-13,7.516597439e-13,3.095994327e-13,4.500113094e-13,1.072621902e-13,8.374228893e-14,4.925270702e-14,1.528191409e-13,7.75883546e-14,1.268398835e-13,5.596976594e-13,4.103078967e-13,3.647900332e-13,6.509276657e-14,1.602852902e-13,3.212454791e-14
45.1640625,7.585508001e-13,4.566360789e-13,4.090442137e-13,6.427080156e-13,5.015252933e-13,3.541142054e-13,6.743541354e-14,1.698404439e-13,3.220760879e-14,2.635049846e-14,3.983486228e-13,1.253415894e-13,3.008310408e-13,4.999964757e-13,9.587055764e-13,1.085821305e-12,8.610164431e-13,7.552210907e-13,3.094345692e-13,4.553509578e-13,1.062718561e-13,8.354853087e-14,4.935187719e-14,1.52331031e-13,7.839186154e-14,1.291073219e-13,5.563040914e-13,4.090701252e-13,3.655669733e-13,6.50450333e-14,1.589743275e-13,3.234689461e-14
45.171875,7.550686047e-13,4.568169007e-13,4.049624744e-13,6.418801171e-13,5.012862464e-13,3.510971958e-13,6.729003415e-14,1.699584533e-13,3.229649293e-14,2.612853679e-14,3.945232152e-13,1.247413091e-13,3.027342911e-13,4.993679439e-13,9.566328015e-13,1.089876861e-12,8.642015596e-13,7.586513851e-13,3.092993013e-13,4.60768686e-13,1.054028148e-13,8.335770981e-14,4.944547998e-14,1.517668396e-13,7.91690438e-14,1.313954937e-13,5.529974125e-13,4.079761456e-13,3.663967761e-13,6.505122192e-14,1.577545635e-13,3.256253061e-14
45.1796875,7.515319406e-13,4.569672003e-13,4.008213467e-13,6.410969437e-13,5.008322519e-13,3.479522125e-13,6.70789384e-14,1.700982376e-13,3.238916805e-14,2.589349492e-14,3.906565793e-13,1.240967928e-13,3.04479915e-13,4.986016855e-13,9.543357345e-13,1.093614931e-12,8.671021797e-13,7.619146504e-13,3.09132178e-13,4.662768156e-13,1.045825393e-13,8.311390334e-14,4.950213471e-14,1.511684366e-13,7.992488266e-14,1.337060991e-13,5.495046223e-13,4.06878545e-13,3.671048068e-13,6.508265672e-14,1.564140393e-13,3.279833824e-14
45.1875,7.477893612e-13,4.567020665e-13,3.966469164e-13,6.401513472e-13,5.001131938e-13,3.448899856e-13,6.687612252e-14,1.702990812e-13,3.247176044e-14,2.562649627e-14,3.866786143e-13,1.234062809e-13,3.060834153e-13,4.977104774e-13,9.51924748e-13,1.097228137e-12,8.699304538e-13,7.651804194e-13,3.088678018e-13,4.716007446e-13,1.037087116e-13,8.280580921e-14,4.952348361e-14,1.504875867e-13,8.070018625e-14,1.360036132e-13,5.459417464e-13,4.055973104e-13,3.677534811e-13,6.509900507e-14,1.549463195e-13,3.303047189e-14
45.1953125,7.436662105e-13,4.562734818e-13,3.924487537e-13,6.391764799e-13,4.991556174e-13,3.417633886e-13,6.669276876e-14,1.704382243e-13,3.253226152e-14,2.538173607e-14,3.826018658e-13,1.227105431e-13,3.076529674e-13,4.967334137e-13,9.493513437e-13,1.100718768e-12,8.727150769e-13,7.683878372e-13,3.085131795e-13,4.767572727e-13,1.027981159e-13,8.24744659e-14,4.951494002e-14,1.496580899e-13,8.147771608e-14,1.383049309e-13,5.425569706e-13,4.042658391e-13,3.68468916e-13,6.51571599e-14,1.534914739e-13,3.323562877e-14
45.203125,7.392532393e-13,4.559185108e-13,3.88217506e-13,6.384013271e-13,4.980728995e-13,3.383692858e-13,6.648618813e-14,1.704745242e-13,3.25742902e-14,2.514284624e-14,3.784934615e-13,1.219813985e-13,3.09129071e-13,4.956994213e-13,9.466399237e-13,1.10410345e-12,8.753984068e-13,7.713770332e-13,3.080838294e-13,4.821285499e-13,1.019170868e-13,8.212978522e-14,4.947025592e-14,1.48756696e-13,8.221566803e-14,1.406077738e-13,5.392361588e-13,4.029724042e-13,3.691800669e-13,6.527775927e-14,1.520205196e-13,3.34397405e-14
45.2109375,7.346837971e-13,4.55506842e-13,3.838872469e-13,6.376577199e-13,4.969959681e-13,3.34767048e-13,6.62511218e-14,1.705241458e-13,3.264086869e-14,2.490035178e-14,3.744576343e-13,1.211858168e-13,3.104915788e-13,4.945353958e-13,9.436456702e-13,1.107116798e-12,8.777218774e-13,7.741765129e-13,3.076297488e-13,4.876506253e-13,1.010728451e-13,8.176744258e-14,4.94040081e-14,1.478484319e-13,8.292844154e-14,1.428899671e-13,5.358221976e-13,4.015883472e-13,3.698657412e-13,6.538845538e-14,1.504513693e-13,3.366808297e-14
45.21875,7.30079479e-13,4.550328184e-13,3.794644828e-13,6.36610931e-13,4.960159083e-13,3.311123949e-13,6.599003131e-14,1.705883341e-13,3.27517341e-14,2.469531697e-14,3.705054119e-13,1.203931223e-13,3.119006702e-13,4.932916261e-13,9.401583168e-13,1.109347498e-12,8.794682464e-13,7.769688053e-13,3.072541735e-13,4.928821712e-13,1.002458705e-13,8.141118617e-14,4.933185495e-14,1.468766582e-13,8.365392794e-14,1.452236572e-13,5.324752121e-13,4.000991016e-13,3.707058074e-13,6.547689045e-14,1.488554525e-13,3.39089346e-14
45.2265625,7.254947733e-13,4.54578951e-13,3.7514575e-13,6.354680793e-13,4.950767628e-13,3.275452341e-13,6.572525777e-14,1.705898924e-13,3.285766745e-14,2.450749839e-14,3.665005134e-13,1.196778759e-13,3.133968225e-13,4.922236808e-13,9.365320602e-13,1.111231584e-12,8.810756359e-13,7.798482453e-13,3.069225439e-13,4.97928552e-13,9.944922761e-14,8.10568101e-14,4.924861553e-14,1.458369313e-13,8.439679371e-14,1.476365145e-13,5.292619322e-13,3.986174162e-13,3.717529993e-13,6.557362495e-14,1.47320213e-13,3.413523831e-14
45.234375,7.206464511e-13,4.540337464e-13,3.710024349e-13,6.346134319e-13,4.938476926e-13,3.240159283e-13,6.548891761e-14,1.705661717e-13,3.292615143e-14,2.430773617e-14,3.623971672e-13,1.189821135e-13,3.148011733e-13,4.91223339e-13,9.331256062e-13,1.113399491e-12,8.829165779e-13,7.826452845e-13,3.064496391e-13,5.031947219e-13,9.870744083e-14,8.065147448e-14,4.914382529e-14,1.447520628e-13,8.513987327e-14,1.500295256e-13,5.260050214e-13,3.971239698e-13,3.728346341e-13,6.567257923e-14,1.457920684e-13,3.433202611e-14
45.2421875,7.1535311e-13,4.532616916e-13,3.668981625e-13,6.337750217e-13,4.922332934e-13,3.20360471e-13,6.525542648e-14,1.705397532e-13,3.299220988e-14,2.412856161e-14,3.582715998e-13,1.182315561e-13,3.159874346e-13,4.899871508e-13,9.296610392e-13,1.115518693e-12,8.84609476e-13,7.852235937e-13,3.058225477e-13,5.085472806e-13,9.800429028e-14,8.019372236e-14,4.90154561e-14,1.435703411e-13,8.587100073e-14,1.523686185e-13,5.226707256e-13,3.955196496e-13,3.738509411e-13,6.578635328e-14,1.442031487e-13,3.451180972e-14
45.25,7.100248011e-13,4.523580353e-13,3.628138795e-13,6.325921926e-13,4.907286352e-13,3.167017615e-13,6.499744645e-14,1.704555249e-13,3.308254617e-14,2.396736432e-14,3.541451377e-13,1.174805094e-13,3.170377307e-13,4.88763201e-13,9.259571419e-13,1.117106433e-12,8.858880109e-13,7.877419976e-13,3.052569958e-13,5.135822463e-13,9.731661176e-14,7.975673109e-14,4.886958717e-14,1.42303456e-13,8.658104442e-14,1.546741025e-13,5.193299804e-13,3.938557717e-13,3.748787127e-13,6.592945349e-14,1.426099106e-13,3.469176473e-14
45.2578125,7.0494227e-13,4.515182362e-13,3.588152581e-13,6.313245881e-13,4.894991536e-13,3.132062444e-13,6.471803625e-14,1.703147594e-13,3.316873507e-14,2.378729574e-14,3.500078923e-13,1.167673957e-13,3.181085529e-13,4.877976763e-13,9.221610603e-13,1.118280855e-12,8.869554407e-13,7.902801681e-13,3.048016585e-13,5.182362859e-13,9.664253423e-14,7.934369317e-14,4.869633912e-14,1.410136439e-13,8.72678907e-14,1.569170132e-13,5.159480898e-13,3.922593707e-13,3.759775531e-13,6.607121229e-14,1.410599443e-13,3.486264664e-14
45.265625,6.997648475e-13,4.505782473e-13,3.548107935e-13,6.301642441e-13,4.879784467e-13,3.09677466e-13,6.440809475e-14,1.701614382e-13,3.322382537e-14,2.360429995e-14,3.458060024e-13,1.159909404e-13,3.192108021e-13,4.866866893e-13,9.181310341e-13,1.11923532e-12,8.879361215e-13,7.926610844e-13,3.042154683e-13,5.22707734e-13,9.592580627e-14,7.885596613e-14,4.847661766e-14,1.397159772e-13,8.795017234e-14,1.591167192e-13,5.125034306e-13,3.90634501e-13,3.770492041e-13,6.619189631e-14,1.394689382e-13,3.501413347e-14
45.2734375,6.942984924e-13,4.492416545e-13,3.507346597e-13,6.288442817e-13,4.860131276e-13,3.059439415e-13,6.408854552e-14,1.700010412e-13,3.327261584e-14,2.344650417e-14,3.415325365e-13,1.151067557e-13,3.202107111e-13,4.852252132e-13,9.137238296e-13,1.119958708e-12,8.888226955e-13,7.948212699e-13,3.03410597e-13,5.271433672e-13,9.514174299e-14,7.827805295e-14,4.822821647e-14,1.384514591e-13,8.863305206e-14,1.613103502e-13,5.090513734e-13,3.888206332e-13,3.78011913e-13,6.631238702e-14,1.378011823e-13,3.51653117e-14
45.28125,6.887198596e-13,4.478429821e-13,3.467978348e-13,6.272854261e-13,4.840962293e-13,3.020982683e-13,6.377567824e-14,1.698013684e-13,3.334888377e-14,2.330993103e-14,3.374391612e-13,1.142413821e-13,3.21072346e-13,4.837736586e-13,9.092218184e-13,1.12033575e-12,8.894479475e-13,7.968520004e-13,3.02623439e-13,5.315467211e-13,9.44364873e-14,7.771155036e-14,4.796984274e-14,1.371983891e-13,8.928048167e-14,1.634549656e-13,5.056992849e-13,3.869884748e-13,3.790230185e-13,6.645664197e-14,1.361855743e-13,3.533578615e-14
45.2890625,6.829286764e-13,4.46757717e-13,3.431758478e-13,6.257073658e-13,4.823161547e-13,2.982181276e-13,6.342917908e-14,1.695535861e-13,3.343565121e-14,2.319090761e-14,3.336326768e-13,1.134661077e-13,3.219069313e-13,4.824282992e-13,9.048160219e-13,1.120308814e-12,8.895881577e-13,7.987677587e-13,3.019631373e-13,5.35841766e-13,9.38829747e-14,7.717913695e-14,4.766741812e-14,1.358514457e-13,8.988314015e-14,1.655196279e-13,5.02503639e-13,3.853015922e-13,3.802127394e-13,6.660850682e-14,1.346863336e-13,3.550662222e-14
45.296875,6.768006201e-13,4.455584495e-13,3.39661664e-13,6.242110692e-13,4.804336599e-13,2.943852678e-13,6.307502134e-14,1.693143471e-13,3.350306056e-14,2.307351579e-14,3.297924921e-13,1.127017904e-13,3.227456431e-13,4.810283991e-13,9.004340966e-13,1.120084626e-12,8.894655264e-13,8.005876702e-13,3.012859023e-13,5.399914289e-13,9.332852352e-14,7.66083252e-14,4.730183207e-14,1.344598207e-13,9.048998939e-14,1.675095544e-13,4.993238856e-13,3.835421131e-13,3.814075808e-13,6.672971523e-14,1.331847775e-13,3.564478743e-14
45.3046875,6.707596702e-13,4.440994462e-13,3.360552528e-13,6.228523525e-13,4.785521937e-13,2.906939601e-13,6.277019152e-14,1.690978763e-13,3.356798521e-14,2.292617e-14,3.25819878e-13,1.119317177e-13,3.235308646e-13,4.79716954e-13,8.962236128e-13,1.119993627e-12,8.894896732e-13,8.024321838e-13,3.005886618e-13,5.441072271e-13,9.272675577e-14,7.59968829e-14,4.691417147e-14,1.331051699e-13,9.111929603e-14,1.694394723e-13,4.961446846e-13,3.816747827e-13,3.825138306e-13,6.684439213e-14,1.316289026e-13,3.575968554e-14
45.3125,6.650743107e-13,4.429633613e-13,3.325215697e-13,6.217082298e-13,4.766679112e-13,2.87035616e-13,6.245221912e-14,1.688481414e-13,3.365058477e-14,2.276967246e-14,3.219518841e-13,1.112215686e-13,3.243000778e-13,4.785732918e-13,8.923436521e-13,1.120232764e-12,8.897144357e-13,8.043386058e-13,2.999510234e-13,5.483623703e-13,9.21910654e-14,7.538814434e-14,4.654073423e-14,1.317140016e-13,9.173884343e-14,1.713925502e-13,4.932640393e-13,3.800102681e-13,3.83722381e-13,6.701085377e-14,1.301293809e-13,3.588678262e-14
45.3203125,6.593001333e-13,4.419568074e-13,3.291765763e-13,6.205431932e-13,4.744493035e-13,2.832943128e-13,6.208258801e-14,1.685986015e-13,3.373003157e-14,2.265681611e-14,3.181516694e-13,1.105230744e-13,3.250810956e-13,4.773448847e-13,8.884816511e-13,1.120662543e-12,8.90018569e-13,8.061354626e-13,2.992370064e-13,5.526784363e-13,9.169564388e-14,7.476504441e-14,4.618337549e-14,1.303075018e-13,9.234904511e-14,1.734088932e-13,4.906834287e-13,3.784499597e-13,3.850731381e-13,6.721061503e-14,1.286996677e-13,3.60313498e-14
45.328125,6.531860176e-13,4.403617769e-13,3.258677801e-13,6.190286187e-13,4.719820178e-13,2.795638461e-13,6.172623071e-14,1.683998288e-13,3.379523617e-14,2.257063988e-14,3.143002937e-13,1.097512522e-13,3.257599617e-13,4.760070851e-13,8.843624938e-13,1.120790232e-12,8.902277932e-13,8.07657951e-13,2.983761493e-13,5.567286186e-13,9.11733776e-14,7.411927232e-14,4.582530601e-14,1.289691162e-13,9.29707652e-14,1.753684744e-13,4.880277377e-13,3.766155982e-13,3.864093676e-13,6.739322062e-14,1.272168275e-13,3.617782608e-14
45.3359375,6.470395784e-13,4.385411237e-13,3.225056363e-13,6.174366364e-13,4.69618401e-13,2.758703898e-13,6.13687588e-14,1.681730315e-13,3.385749579e-14,2.246538064e-14,3.10509142e-13,1.089458545e-13,3.263103701e-13,4.747525175e-13,8.802264492e-13,1.12039305e-12,8.901069099e-13,8.089550352e-13,2.975495058e-13,5.604396715e-13,9.068131245e-14,7.348035831e-14,4.54383232e-14,1.275872108e-13,9.357634991e-14,1.771873644e-13,4.85288774e-13,3.746605721e-13,3.876978866e-13,6.756838489e-14,1.256796238e-13,3.630812873e-14
45.34375,6.408839342e-13,4.371235763e-13,3.191073723e-13,6.162393389e-13,4.671709557e-13,2.721070134e-13,6.096645553e-14,1.678912032e-13,3.390440385e-14,2.235869916e-14,3.067345503e-13,1.081366219e-13,3.268639583e-13,4.734340388e-13,8.762753911e-13,1.119862717e-12,8.896580811e-13,8.101113025e-13,2.967974831e-13,5.641310446e-13,9.022030228e-14,7.281658247e-14,4.501570513e-14,1.26092885e-13,9.413908587e-14,1.789406787e-13,4.827598072e-13,3.728979461e-13,3.889253963e-13,6.776302811e-14,1.241828994e-13,3.640363694e-14
45.3515625,6.345810847e-13,4.357365042e-13,3.156930474e-13,6.151531748e-13,4.644052396e-13,2.68353239e-13,6.057923595e-14,1.676202283e-13,3.392867582e-14,2.226709784e-14,3.028090884e-13,1.072854851e-13,3.274314097e-13,4.719167982e-13,8.723719747e-13,1.119470157e-12,8.890972254e-13,8.111340102e-13,2.95965218e-13,5.679116049e-13,8.973984477e-14,7.20865466e-14,4.457599144e-14,1.245916364e-13,9.469194348e-14,1.806748788e-13,4.803836499e-13,3.711279895e-13,3.900555724e-13,6.797017761e-14,1.227200744e-13,3.648445332e-14
45.359375,6.284044737e-13,4.339589665e-13,3.124049561e-13,6.137507652e-13,4.616617638e-13,2.647824803e-13,6.022980326e-14,1.673034313e-13,3.39532012e-14,2.217322932e-14,2.988268118e-13,1.064415384e-13,3.279107361e-13,4.705139324e-13,8.683983022e-13,1.118884824e-12,8.884942335e-13,8.120664429e-13,2.950312883e-13,5.714225231e-13,8.929523356e-14,7.134339398e-14,4.411717458e-14,1.231039758e-13,9.524775083e-14,1.823394437e-13,4.778636987e-13,3.691657453e-13,3.912388128e-13,6.817858095e-14,1.212563239e-13,3.658564179e-14
45.3671875,6.223399904e-13,4.319879571e-13,3.09362999e-13,6.122947484e-13,4.590440783e-13,2.612893931e-13,5.986680134e-14,1.668715524e-13,3.39842308e-14,2.209611341e-14,2.949493343e-13,1.056628182e-13,3.282632849e-13,4.69280724e-13,8.642735856e-13,1.117769576e-12,8.876930174e-13,8.127886901e-13,2.94026321e-13,5.745407981e-13,8.892308907e-14,7.062522371e-14,4.362439303e-14,1.21605434e-13,9.575332047e-14,1.839365597e-13,4.751398573e-13,3.672106191e-13,3.925949686e-13,6.839324423e-14,1.197952016e-13,3.668717573e-14
45.375,6.159637573e-13,4.299782325e-13,3.063867142e-13,6.108042069e-13,4.561183119e-13,2.576741569e-13,5.950005416e-14,1.664169613e-13,3.402225302e-14,2.204133159e-14,2.910890347e-13,1.048784596e-13,3.284063315e-13,4.677846828e-13,8.599111123e-13,1.116327801e-12,8.865508441e-13,8.129839303e-13,2.928881512e-13,5.776185463e-13,8.856287439e-14,6.98820341e-14,4.310901948e-14,1.201390542e-13,9.618690014e-14,1.854950669e-13,4.723921539e-13,3.652395549e-13,3.939699432e-13,6.859694249e-14,1.183006343e-13,3.676733939e-14
45.3828125,6.094778492e-13,4.279565085e-13,3.032589417e-13,6.088275601e-13,4.528816179e-13,2.540508205e-13,5.916044934e-14,1.659980513e-13,3.407949917e-14,2.197840057e-14,2.870655749e-13,1.040562917e-13,3.282899316e-13,4.660318563e-13,8.554330888e-13,1.114909628e-12,8.851940141e-13,8.127145866e-13,2.916704734e-13,5.806109068e-13,8.820480895e-14,6.910631004e-14,4.260055359e-14,1.186934721e-13,9.658770265e-14,1.869481321e-13,4.697520314e-13,3.630342216e-13,3.952487005e-13,6.875390719e-14,1.167852282e-13,3.685370093e-14
45.390625,6.032987892e-13,4.26007152e-13,3.001265924e-13,6.066714569e-13,4.496999035e-13,2.506123794e-13,5.883529042e-14,1.655450657e-13,3.412118091e-14,2.195002171e-14,2.829470265e-13,1.032657663e-13,3.281263015e-13,4.644183052e-13,8.510421719e-13,1.113486792e-12,8.838599457e-13,8.124038839e-13,2.905164518e-13,5.830785998e-13,8.788976322e-14,6.834006351e-14,4.21186076e-14,1.172675201e-13,9.697736749e-14,1.882824314e-13,4.672519733e-13,3.607778765e-13,3.96534956e-13,6.88957709e-14,1.153408008e-13,3.694975824e-14
45.3984375,5.971084553e-13,4.239993911e-13,2.972329646e-13,6.048749688e-13,4.46503881e-13,2.472722293e-13,5.851403379e-14,1.650266749e-13,3.410957257e-14,2.199079492e-14,2.789643993e-13,1.024996867e-13,3.281162032e-13,4.628711146e-13,8.467774261e-13,1.111944263e-12,8.825105863e-13,8.120967326e-13,2.893842974e-13,5.851924702e-13,8.759489888e-14,6.756153783e-14,4.164592714e-14,1.159293665e-13,9.735837308e-14,1.896246302e-13,4.649523728e-13,3.586812059e-13,3.978441351e-13,6.908057786e-14,1.139684969e-13,3.702356966e-14
45.40625,5.906358483e-13,4.217773675e-13,2.945005154e-13,6.031236962e-13,4.431535588e-13,2.439458649e-13,5.818790774e-14,1.644766263e-13,3.408666098e-14,2.201717673e-14,2.750888413e-13,1.01710352e-13,3.281889119e-13,4.611818107e-13,8.425943861e-13,1.110337644e-12,8.809251651e-13,8.115103326e-13,2.881522818e-13,5.873629018e-13,8.728125691e-14,6.674522074e-14,4.113499536e-14,1.146482777e-13,9.77347542e-14,1.9096026e-13,4.627703581e-13,3.565620307e-13,3.990189766e-13,6.926402664e-14,1.126232931e-13,3.707381365e-14
45.4140625,5.841914772e-13,4.194738686e-13,2.917785237e-13,6.012343296e-13,4.398234044e-13,2.407484574e-13,5.786431937e-14,1.63930336e-13,3.408512791e-14,2.200339775e-14,2.711605668e-13,1.009265184e-13,3.282234976e-13,4.595321552e-13,8.384657231e-13,1.108567412e-12,8.790265156e-13,8.106091235e-13,2.868531954e-13,5.893727582e-13,8.696862826e-14,6.592980361e-14,4.057590332e-14,1.133465663e-13,9.808047992e-14,1.921084289e-13,4.604400563e-13,3.543511086e-13,4.000335067e-13,6.939157588e-14,1.113273298e-13,3.713112101e-14
45.421875,5.778574386e-13,4.171370733e-13,2.891341273e-13,5.994830562e-13,4.365409058e-13,2.376722878e-13,5.757345329e-14,1.63410078e-13,3.408382823e-14,2.202585356e-14,2.672664954e-13,1.001614804e-13,3.281262713e-13,4.579985077e-13,8.34344225e-13,1.106480185e-12,8.768334304e-13,8.094987642e-13,2.855670422e-13,5.909647864e-13,8.66824233e-14,6.51339694e-14,4.001076304e-14,1.120417668e-13,9.837224751e-14,1.930791297e-13,4.579800219e-13,3.52173287e-13,4.010274413e-13,6.952071202e-14,1.100613078e-13,3.722219723e-14
45.4296875,5.713879352e-13,4.146252013e-13,2.866260607e-13,5.976880454e-13,4.332105704e-13,2.345788293e-13,5.728177512e-14,1.628826122e-13,3.409251532e-14,2.207193813e-14,2.634873121e-13,9.938384384e-14,3.278484244e-13,4.56402762e-13,8.301311825e-13,1.104152739e-12,8.743253648e-13,8.081660712e-13,2.84294667e-13,5.92266287e-13,8.641412495e-14,6.434125654e-14,3.945557636e-14,1.107447677e-13,9.862725247e-14,1.940340841e-13,4.556551722e-13,3.500004119e-13,4.020388052e-13,6.969863106e-14,1.087857057e-13,3.733375143e-14
45.4375,5.64785329e-13,4.120233952e-13,2.841942078e-13,5.957690251e-13,4.298525778e-13,2.314758853e-13,5.693934313e-14,1.623100896e-13,3.411261145e-14,2.209428874e-14,2.597485596e-13,9.858407327e-14,3.275619011e-13,4.547120521e-13,8.257713153e-13,1.101644142e-12,8.715610583e-13,8.066106027e-13,2.830099866e-13,5.933861401e-13,8.614936841e-14,6.354628134e-14,3.888243278e-14,1.094515916e-13,9.885485614e-14,1.949754602e-13,4.534583265e-13,3.478649851e-13,4.030384007e-13,6.98880208e-14,1.075387415e-13,3.74159334e-14
45.4453125,5.58256698e-13,4.094190794e-13,2.817584363e-13,5.940026478e-13,4.263709185e-13,2.283871205e-13,5.659407763e-14,1.61726859e-13,3.40997373e-14,2.213185331e-14,2.560409964e-13,9.774504043e-14,3.273615293e-13,4.529531426e-13,8.212677453e-13,1.098869641e-12,8.687029352e-13,8.048291299e-13,2.816548569e-13,5.944297193e-13,8.586465371e-14,6.273027643e-14,3.828290541e-14,1.082240076e-13,9.904692002e-14,1.958109579e-13,4.512364443e-13,3.457858264e-13,4.040683407e-13,7.005733893e-14,1.063084824e-13,3.745785488e-14
45.453125,5.518863547e-13,4.065446324e-13,2.79254666e-13,5.920665096e-13,4.227078038e-13,2.252649437e-13,5.62810495e-14,1.611395761e-13,3.406432638e-14,2.220266564e-14,2.522862668e-13,9.686583223e-14,3.27006159e-13,4.510873452e-13,8.165388229e-13,1.095677871e-12,8.657067069e-13,8.027241259e-13,2.801648331e-13,5.953364799e-13,8.554990396e-14,6.188467534e-14,3.7677579e-14,1.070711896e-13,9.920290799e-14,1.965023631e-13,4.489391011e-13,3.435208701e-13,4.05066248e-13,7.02040606e-14,1.050411496e-13,3.749093593e-14
45.4609375,5.455216459e-13,4.033316729e-13,2.767786438e-13,5.897303538e-13,4.190525028e-13,2.222010401e-13,5.595648116e-14,1.605059653e-13,3.404626371e-14,2.227616884e-14,2.484090209e-13,9.599096519e-14,3.26433006e-13,4.491436617e-13,8.11648551e-13,1.092033064e-12,8.623034536e-13,8.002902794e-13,2.785830596e-13,5.957997347e-13,8.524724718e-14,6.104126238e-14,3.707042859e-14,1.059305118e-13,9.931573093e-14,1.970237899e-13,4.465036075e-13,3.410743724e-13,4.059267625e-13,7.033381152e-14,1.037877562e-13,3.751671269e-14
45.46875,5.390339443e-13,4.00095387e-13,2.744487276e-13,5.874958228e-13,4.154689019e-13,2.192845904e-13,5.563315863e-14,1.598426322e-13,3.402682854e-14,2.234738438e-14,2.445838986e-13,9.511881235e-14,3.25885504e-13,4.47164694e-13,8.068918035e-13,1.08823395e-12,8.58477402e-13,7.976534229e-13,2.769895634e-13,5.959480999e-13,8.496222639e-14,6.020285543e-14,3.644517668e-14,1.047975345e-13,9.939038277e-14,1.97398101e-13,4.439983628e-13,3.386988143e-13,4.067720954e-13,7.045730759e-14,1.025929522e-13,3.752904241e-14
45.4765625,5.325960326e-13,3.967945422e-13,2.72110229e-13,5.853368405e-13,4.1186368e-13,2.164008545e-13,5.535036703e-14,1.591444272e-13,3.399744518e-14,2.241593179e-14,2.408201284e-13,9.423547674e-14,3.25362189e-13,4.451831259e-13,8.02154618e-13,1.084349799e-12,8.544602185e-13,7.948441687e-13,2.753603455e-13,5.960715714e-13,8.462900172e-14,5.934702926e-14,3.580945153e-14,1.036754067e-13,9.945044943e-14,1.977126845e-13,4.415991517e-13,3.362886413e-13,4.076743682e-13,7.057696562e-14,1.014343428e-13,3.754703055e-14
45.484375,5.262715736e-13,3.931535124e-13,2.696714427e-13,5.828682415e-13,4.082085029e-13,2.134925835e-13,5.50679115e-14,1.583548709e-13,3.397621999e-14,2.249126407e-14,2.369063763e-13,9.33844028e-14,3.247142633e-13,4.432011807e-13,7.970678071e-13,1.080019574e-12,8.503140001e-13,7.917677315e-13,2.736351635e-13,5.959689844e-13,8.426012059e-14,5.848975914e-14,3.520490135e-14,1.025470925e-13,9.94882721e-14,1.980048768e-13,4.392610411e-13,3.337378749e-13,4.084593116e-13,7.07062319e-14,1.003299731e-13,3.757277599e-14
45.4921875,5.197922337e-13,3.894058105e-13,2.672593428e-13,5.804044822e-13,4.04386836e-13,2.106257322e-13,5.47655881e-14,1.575265992e-13,3.394063108e-14,2.259664146e-14,2.329523095e-13,9.254312793e-14,3.240043313e-13,4.410389918e-13,7.9178645e-13,1.075368707e-12,8.460244849e-13,7.883228161e-13,2.718125762e-13,5.956634774e-13,8.393358481e-14,5.763724253e-14,3.46499136e-14,1.014506615e-13,9.947880948e-14,1.982542023e-13,4.369076983e-13,3.312612623e-13,4.091100064e-13,7.086110477e-14,9.92437969e-14,3.759721118e-14
45.5,5.131392657e-13,3.858691359e-13,2.648151838e-13,5.780718633e-13,4.003156433e-13,2.077765771e-13,5.447314002e-14,1.567174808e-13,3.388204035e-14,2.271642115e-14,2.291312253e-13,9.164736309e-14,3.232246386e-13,4.385537428e-13,7.864735414e-13,1.070685469e-12,8.415919444e-13,7.844559951e-13,2.699195111e-13,5.954027302e-13,8.363522078e-14,5.676791451e-14,3.411253525e-14,1.003763903e-13,9.941158735e-14,1.984352113e-13,4.345898315e-13,3.288800347e-13,4.097302104e-13,7.102755811e-14,9.80823384e-14,3.76217676e-14
45.5078125,5.065727269e-13,3.823310766e-13,2.623104075e-13,5.755486605e-13,3.961514658e-13,2.049873988e-13,5.417991584e-14,1.558559368e-13,3.383540592e-14,2.284908511e-14,2.253201655e-13,9.074365518e-14,3.222411901e-13,4.359033711e-13,7.809283868e-13,1.065675279e-12,8.369355871e-13,7.80245286e-13,2.67967272e-13,5.948387103e-13,8.331936945e-14,5.589744522e-14,3.356809906e-14,9.927388256e-14,9.927508949e-14,1.985007108e-13,4.32230278e-13,3.264904175e-13,4.102144081e-13,7.119542298e-14,9.689954268e-14,3.76334357e-14
45.515625,5.001389535e-13,3.785147247e-13,2.599585045e-13,5.730841424e-13,3.919970626e-13,2.024168108e-13,5.388654569e-14,1.54957701e-13,3.380377268e-14,2.303108436e-14,2.21494539e-13,8.98659914e-14,3.2113838e-13,4.332809084e-13,7.753396387e-13,1.060406063e-12,8.321669684e-13,7.758164924e-13,2.659468361e-13,5.93817151e-13,8.299795169e-14,5.504829944e-14,3.302224733e-14,9.823990246e-14,9.908884423e-14,1.984229144e-13,4.297944606e-13,3.241342382e-13,4.105492316e-13,7.135629294e-14,9.578643167e-14,3.762665067e-14
45.5234375,4.937848283e-13,3.744300855e-13,2.576979281e-13,5.708826871e-13,3.878292762e-13,2.000065146e-13,5.362100368e-14,1.541105094e-13,3.376760694e-14,2.323127317e-14,2.177376121e-13,8.895022317e-14,3.200436294e-13,4.306793531e-13,7.699430974e-13,1.055258834e-12,8.274210093e-13,7.710716463e-13,2.6386851e-13,5.928437187e-13,8.266173721e-14,5.420470355e-14,3.246645451e-14,9.735530351e-14,9.889623352e-14,1.982511186e-13,4.274435296e-13,3.217047695e-13,4.108787762e-13,7.147735191e-14,9.469431339e-14,3.762716023e-14
45.53125,4.874795245e-13,3.701052473e-13,2.552677396e-13,5.68438972e-13,3.836348172e-13,1.975554813e-13,5.335430672e-14,1.532253708e-13,3.37299178e-14,2.339476046e-14,2.139267309e-13,8.798601762e-14,3.188363834e-13,4.279358996e-13,7.643537798e-13,1.049852579e-12,8.224148499e-13,7.658004512e-13,2.617473717e-13,5.919761536e-13,8.228501e-14,5.335397729e-14,3.188935402e-14,9.64994532e-14,9.867263995e-14,1.980285532e-13,4.251450905e-13,3.190910138e-13,4.110506567e-13,7.155843338e-14,9.357202565e-14,3.764332566e-14
45.5390625,4.811430224e-13,3.655720423e-13,2.52697332e-13,5.655594316e-13,3.793423749e-13,1.950363508e-13,5.306765244e-14,1.522160275e-13,3.36952799e-14,2.35627369e-14,2.099459866e-13,8.701086271e-14,3.174217854e-13,4.249226833e-13,7.583502691e-13,1.04396443e-12,8.170354966e-13,7.600915169e-13,2.595460793e-13,5.908781286e-13,8.189290784e-14,5.249808922e-14,3.131509652e-14,9.560585635e-14,9.837080122e-14,1.97720992e-13,4.227280463e-13,3.164400562e-13,4.108823455e-13,7.163424465e-14,9.243531461e-14,3.764812144e-14
45.546875,4.749338101e-13,3.610328162e-13,2.502041311e-13,5.6269326e-13,3.750654776e-13,1.925501043e-13,5.279811757e-14,1.511726942e-13,3.366520392e-14,2.37895089e-14,2.059202559e-13,8.606263765e-14,3.159838383e-13,4.219330874e-13,7.522738183e-13,1.038116508e-12,8.117238403e-13,7.543289889e-13,2.573057435e-13,5.895593475e-13,8.152331779e-14,5.165038784e-14,3.076405831e-14,9.47441671e-14,9.803743285e-14,1.973304992e-13,4.203154807e-13,3.138762939e-13,4.106845262e-13,7.172188051e-14,9.136694762e-14,3.761850319e-14
45.5546875,4.691092037e-13,3.566760907e-13,2.480418582e-13,5.601659716e-13,3.710992099e-13,1.902530238e-13,5.25400151e-14,1.501424178e-13,3.3640842e-14,2.406065128e-14,2.020776042e-13,8.522447192e-14,3.14730922e-13,4.194161804e-13,7.464282276e-13,1.032402468e-12,8.066689118e-13,7.48746792e-13,2.552026278e-13,5.879959112e-13,8.119155516e-14,5.084302211e-14,3.022476123e-14,9.392199895e-14,9.773894062e-14,1.969428733e-13,4.181073071e-13,3.114751876e-13,4.108282627e-13,7.184138383e-14,9.052451038e-14,3.755629512e-14
45.5625,4.635029882e-13,3.523890628e-13,2.462152428e-13,5.578286886e-13,3.673073985e-13,1.882291749e-13,5.227674032e-14,1.491096984e-13,3.36132515e-14,2.436078445e-14,1.984530846e-13,8.446711166e-14,3.135559316e-13,4.171277249e-13,7.408031762e-13,1.02654507e-12,8.015659658e-13,7.43107129e-13,2.532579845e-13,5.86090768e-13,8.08820677e-14,5.007335599e-14,2.969682216e-14,9.314994701e-14,9.7442354e-14,1.96553879e-13,4.160109959e-13,3.092790844e-13,4.111553529e-13,7.20028892e-14,8.986080741e-14,3.748753698e-14
45.5703125,4.578240353e-13,3.479178811e-13,2.442431035e-13,5.552370168e-13,3.633379784e-13,1.862569337e-13,5.203103764e-14,1.480957611e-13,3.357887468e-14,2.467558727e-14,1.948172392e-13,8.3616597e-14,3.121612839e-13,4.144736752e-13,7.350780491e-13,1.020544175e-12,7.962254619e-13,7.369713236e-13,2.512870575e-13,5.840744888e-13,8.054637027e-14,4.929817132e-14,2.919402404e-14,9.247004278e-14,9.707431152e-14,1.960632303e-13,4.139021923e-13,3.070534488e-13,4.112579684e-13,7.217516255e-14,8.909081592e-14,3.744051193e-14
45.578125,4.521344781e-13,3.432785271e-13,2.419164679e-13,5.522338811e-13,3.59269382e-13,1.841418997e-13,5.177318567e-14,1.470351612e-13,3.353504253e-14,2.495182466e-14,1.910852768e-13,8.265985763e-14,3.104982208e-13,4.114933945e-13,7.290278433e-13,1.014336315e-12,7.907147682e-13,7.302968936e-13,2.492023844e-13,5.82078738e-13,8.015965968e-14,4.851209224e-14,2.870812199e-14,9.182538387e-14,9.66266839e-14,1.954661198e-13,4.118431962e-13,3.045571044e-13,4.110698977e-13,7.232949443e-14,8.819017931e-14,3.741033576e-14
45.5859375,4.465691876e-13,3.386217087e-13,2.396338559e-13,5.491513133e-13,3.551840628e-13,1.820945064e-13,5.146902439e-14,1.458546515e-13,3.347442889e-14,2.517079527e-14,1.874038034e-13,8.173502024e-14,3.08773226e-13,4.085332159e-13,7.229104037e-13,1.007885859e-12,7.851764359e-13,7.233953269e-13,2.470199377e-13,5.798893435e-13,7.974565224e-14,4.773887186e-14,2.822725009e-14,9.118987841e-14,9.614562486e-14,1.947890915e-13,4.097998713e-13,3.018559099e-13,4.108516535e-13,7.24470383e-14,8.740019241e-14,3.736683489e-14
45.59375,4.410780227e-13,3.338926399e-13,2.375416414e-13,5.461803807e-13,3.508991499e-13,1.802842909e-13,5.1179254e-14,1.446373662e-13,3.34116548e-14,2.539170468e-14,1.837459934e-13,8.085886041e-14,3.07054511e-13,4.056269782e-13,7.169231959e-13,1.001423346e-12,7.797365034e-13,7.163962092e-13,2.447463015e-13,5.774148625e-13,7.934207559e-14,4.697879422e-14,2.776141078e-14,9.061876013e-14,9.565955521e-14,1.940137493e-13,4.076510674e-13,2.99118056e-13,4.106935546e-13,7.253358233e-14,8.675135497e-14,3.730282307e-14
45.6015625,4.355796284e-13,3.29028561e-13,2.354723045e-13,5.432791866e-13,3.465455198e-13,1.785561061e-13,5.09351403e-14,1.434544359e-13,3.336029319e-14,2.566410547e-14,1.80064272e-13,7.998355795e-14,3.05279339e-13,4.027465826e-13,7.110123898e-13,9.951348906e-13,7.743998489e-13,7.092926408e-13,2.42449632e-13,5.748647113e-13,7.897325519e-14,4.622848795e-14,2.731913712e-14,9.007364078e-14,9.51677907e-14,1.932546273e-13,4.055327718e-13,2.964895815e-13,4.104508126e-13,7.266358048e-14,8.612085373e-14,3.724959316e-14
45.609375,4.300558055e-13,3.2408445e-13,2.334517258e-13,5.405239416e-13,3.424005561e-13,1.768222137e-13,5.068676771e-14,1.422878741e-13,3.330531421e-14,2.597908387e-14,1.764999373e-13,7.910706769e-14,3.035019106e-13,3.99857754e-13,7.052625364e-13,9.890783182e-13,7.690920331e-13,7.021768512e-13,2.401506012e-13,5.724584062e-13,7.861894034e-14,4.548851652e-14,2.689409275e-14,8.953349957e-14,9.467802847e-14,1.926259114e-13,4.035987605e-13,2.939845698e-13,4.101125848e-13,7.287306581e-14,8.550003966e-14,3.722413791e-14
45.6171875,4.245691037e-13,3.190851772e-13,2.31444213e-13,5.37847046e-13,3.383390094e-13,1.751459074e-13,5.043474989e-14,1.411512451e-13,3.324168096e-14,2.632146623e-14,1.730146702e-13,7.820905535e-14,3.017738416e-13,3.968056678e-13,6.995652758e-13,9.830992263e-13,7.637603533e-13,6.950040289e-13,2.377649913e-13,5.701086394e-13,7.824534233e-14,4.475385447e-14,2.648237876e-14,8.909598976e-14,9.419458639e-14,1.919690852e-13,4.016893996e-13,2.914486813e-13,4.097369994e-13,7.309147374e-14,8.491915406e-14,3.719182108e-14
45.625,4.19214799e-13,3.140947574e-13,2.293417101e-13,5.350591483e-13,3.341900909e-13,1.735348663e-13,5.020447382e-14,1.400294925e-13,3.317615505e-14,2.668913186e-14,1.694885102e-13,7.728621928e-14,3.000308916e-13,3.936126983e-13,6.936534719e-13,9.769281312e-13,7.583788164e-13,6.876098042e-13,2.353198805e-13,5.675678986e-13,7.785735858e-14,4.403316581e-14,2.609034496e-14,8.875870283e-14,9.369217628e-14,1.91145591e-13,3.996985346e-13,2.88902537e-13,4.092117697e-13,7.328817509e-14,8.438234204e-14,3.71302283e-14
45.6328125,4.139736899e-13,3.091202925e-13,2.272399579e-13,5.322589451e-13,3.300641523e-13,1.719831096e-13,4.995221366e-14,1.388635857e-13,3.310474594e-14,2.706470861e-14,1.6603207e-13,7.637252372e-14,2.982556144e-13,3.904263505e-13,6.876837466e-13,9.706641365e-13,7.529573894e-13,6.800151466e-13,2.328886922e-13,5.649568188e-13,7.744468456e-14,4.333590827e-14,2.572360953e-14,8.842128421e-14,9.315107726e-14,1.902825945e-13,3.977511146e-13,2.864569045e-13,4.08486558e-13,7.349721988e-14,8.388402126e-14,3.70737276e-14
45.640625,4.08766213e-13,3.040671187e-13,2.252053058e-13,5.296679226e-13,3.260419157e-13,1.704972818e-13,4.964781487e-14,1.376651022e-13,3.303603931e-14,2.743606567e-14,1.626659611e-13,7.547716761e-14,2.964742237e-13,3.872536581e-13,6.818670456e-13,9.64568786e-13,7.475551712e-13,6.723194031e-13,2.304234081e-13,5.626342697e-13,7.698804404e-14,4.265725411e-14,2.537147548e-14,8.806843919e-14,9.257986157e-14,1.894747841e-13,3.959173729e-13,2.840038509e-13,4.077127106e-13,7.371262553e-14,8.343160646e-14,3.70345407e-14
45.6484375,4.036396482e-13,2.990644963e-13,2.232457369e-13,5.273499324e-13,3.220646757e-13,1.690835285e-13,4.933377492e-14,1.364561579e-13,3.297192038e-14,2.781794564e-14,1.592737842e-13,7.460742693e-14,2.946289384e-13,3.841087873e-13,6.761747877e-13,9.586726512e-13,7.42302382e-13,6.64549917e-13,2.279304219e-13,5.605492498e-13,7.653752288e-14,4.199522168e-14,2.501806492e-14,8.772710505e-14,9.198746674e-14,1.886952458e-13,3.941986284e-13,2.815532652e-13,4.06970614e-13,7.394999149e-14,8.308891843e-14,3.697623979e-14
45.65625,3.986711677e-13,2.941646345e-13,2.213722002e-13,5.250664955e-13,3.180932586e-13,1.677695233e-13,4.903911093e-14,1.352261352e-13,3.289371871e-14,2.821319712e-14,1.558955448e-13,7.374989442e-14,2.926569247e-13,3.809756958e-13,6.706014152e-13,9.529167511e-13,7.372905992e-13,6.56695617e-13,2.254898144e-13,5.58331252e-13,7.613578969e-14,4.134500418e-14,2.467503966e-14,8.742824929e-14,9.13757087e-14,1.879492864e-13,3.925189055e-13,2.792541186e-13,4.061487979e-13,7.426077642e-14,8.283206646e-14,3.690156037e-14
45.6640625,3.937511732e-13,2.890378203e-13,2.194064759e-13,5.2239274e-13,3.141326638e-13,1.664941935e-13,4.873606387e-14,1.340042238e-13,3.282411556e-14,2.861609185e-14,1.525532571e-13,7.286267553e-14,2.905817419e-13,3.776767875e-13,6.649185042e-13,9.470786037e-13,7.323350044e-13,6.486303576e-13,2.230653727e-13,5.558875321e-13,7.575602926e-14,4.070585013e-14,2.436386528e-14,8.72116629e-14,9.074090343e-14,1.871841476e-13,3.907306755e-13,2.769675487e-13,4.051235355e-13,7.460340006e-14,8.252895005e-14,3.684345949e-14
45.671875,3.887182094e-13,2.83693446e-13,2.173004541e-13,5.194862736e-13,3.101893213e-13,1.651649537e-13,4.839792371e-14,1.328038025e-13,3.27988909e-14,2.905126962e-14,1.491763016e-13,7.198184005e-14,2.884542624e-13,3.741716004e-13,6.589041951e-13,9.409824298e-13,7.271667495e-13,6.40269269e-13,2.205846354e-13,5.535430982e-13,7.537147938e-14,4.009187321e-14,2.407155357e-14,8.70373579e-14,9.006805538e-14,1.863324996e-13,3.88910458e-13,2.745689598e-13,4.039901142e-13,7.491293493e-14,8.221288331e-14,3.678691837e-14
45.6796875,3.836567484e-13,2.785108772e-13,2.152675061e-13,5.169507749e-13,3.06246653e-13,1.63843893e-13,4.803894771e-14,1.316015837e-13,3.278936839e-14,2.952545537e-14,1.457832075e-13,7.114753204e-14,2.86288577e-13,3.705909889e-13,6.528465199e-13,9.349263381e-13,7.218674237e-13,6.317921747e-13,2.18032378e-13,5.516245823e-13,7.495091408e-14,3.948955873e-14,2.377854528e-14,8.68459562e-14,8.935692153e-14,1.854745196e-13,3.871769311e-13,2.722044962e-13,4.02987566e-13,7.52262175e-14,8.197204625e-14,3.671293361e-14
45.6875,3.787748827e-13,2.734349597e-13,2.132498066e-13,5.146186049e-13,3.023158721e-13,1.626031358e-13,4.768065448e-14,1.303960913e-13,3.276269465e-14,2.999575072e-14,1.424088208e-13,7.028677103e-14,2.840629267e-13,3.669587591e-13,6.468788511e-13,9.290526531e-13,7.166719047e-13,6.233360147e-13,2.15411847e-13,5.4989787e-13,7.448008975e-14,3.887415219e-14,2.349831917e-14,8.66544805e-14,8.862869226e-14,1.846510339e-13,3.853915785e-13,2.698980438e-13,4.02054586e-13,7.557453595e-14,8.169911013e-14,3.664566186e-14
45.6953125,3.740525549e-13,2.682627156e-13,2.111191799e-13,5.119458296e-13,2.984815998e-13,1.614178705e-13,4.73254433e-14,1.291365448e-13,3.272706039e-14,3.045853186e-14,1.39107344e-13,6.937746418e-14,2.817765719e-13,3.63305067e-13,6.407920342e-13,9.23027111e-13,7.115558089e-13,6.148030943e-13,2.12809026e-13,5.477603637e-13,7.402039449e-14,3.827477081e-14,2.324075674e-14,8.645884455e-14,8.789001212e-14,1.837714966e-13,3.835706056e-13,2.676003418e-13,4.008648387e-13,7.59410629e-14,8.13820248e-14,3.658682e-14
45.703125,3.693376385e-13,2.630945837e-13,2.090891001e-13,5.091780542e-13,2.947701317e-13,1.603258304e-13,4.698763844e-14,1.277833074e-13,3.268059161e-14,3.09638731e-14,1.359466403e-13,6.850011184e-14,2.794621812e-13,3.597409467e-13,6.347818418e-13,9.169390683e-13,7.064712738e-13,6.06190213e-13,2.103219554e-13,5.452648696e-13,7.359217554e-14,3.772152159e-14,2.299065717e-14,8.622996542e-14,8.71396894e-14,1.828510509e-13,3.819117308e-13,2.65411538e-13,3.994284038e-13,7.635002612e-14,8.119325274e-14,3.650811599e-14
45.7109375,3.646546504e-13,2.579528462e-13,2.072188185e-13,5.066596824e-13,2.911034391e-13,1.593662857e-13,4.668425928e-14,1.264525738e-13,3.263283628e-14,3.150930244e-14,1.328086743e-13,6.766591513e-14,2.771056517e-13,3.562557284e-13,6.2906527e-13,9.112742658e-13,7.01613902e-13,5.976224801e-13,2.078883595e-13,5.4313188e-13,7.314373889e-14,3.719220509e-14,2.274293355e-14,8.599897205e-14,8.639171544e-14,1.819962561e-13,3.803366463e-13,2.633260682e-13,3.980492826e-13,7.679598385e-14,8.112085578e-14,3.641474393e-14
45.71875,3.600749529e-13,2.527566987e-13,2.053282224e-13,5.041288997e-13,2.874432845e-13,1.584806981e-13,4.639379338e-14,1.251959446e-13,3.261041987e-14,3.204944045e-14,1.295774323e-13,6.684720252e-14,2.746532023e-13,3.527405234e-13,6.233542212e-13,9.059577928e-13,6.970229445e-13,5.89075301e-13,2.053940011e-13,5.414712736e-13,7.26838185e-14,3.667035711e-14,2.250476205e-14,8.578563981e-14,8.56461778e-14,1.812127899e-13,3.78711913e-13,2.612135372e-13,3.967836244e-13,7.722404577e-14,8.103520725e-14,3.632209556e-14
45.7265625,3.554983057e-13,2.474633924e-13,2.034583815e-13,5.014370905e-13,2.837972253e-13,1.576603288e-13,4.60966734e-14,1.238656584e-13,3.258619638e-14,3.258106995e-14,1.263470382e-13,6.605009591e-14,2.721101685e-13,3.49096611e-13,6.174760521e-13,9.005415227e-13,6.923992505e-13,5.804372384e-13,2.028075035e-13,5.396762506e-13,7.221669541e-14,3.615080369e-14,2.227856811e-14,8.557710481e-14,8.48842129e-14,1.804450227e-13,3.770611276e-13,2.589981076e-13,3.954818041e-13,7.766837931e-14,8.094379846e-14,3.621875472e-14
45.734375,3.508399665e-13,2.419910725e-13,2.016681097e-13,4.98707228e-13,2.801666072e-13,1.569266553e-13,4.579889368e-14,1.224364467e-13,3.253131942e-14,3.311774562e-14,1.23171904e-13,6.524262218e-14,2.695254317e-13,3.452950754e-13,6.115418712e-13,8.949769206e-13,6.876618305e-13,5.716638675e-13,2.001297053e-13,5.376087191e-13,7.169473155e-14,3.561613256e-14,2.207105708e-14,8.538798975e-14,8.40999923e-14,1.796571503e-13,3.753673953e-13,2.566309068e-13,3.940440618e-13,7.817522979e-14,8.086843753e-14,3.610373893e-14
45.7421875,3.462074972e-13,2.364944023e-13,1.999014881e-13,4.958993034e-13,2.76607908e-13,1.562300031e-13,4.548125926e-14,1.210418401e-13,3.248384895e-14,3.365888522e-14,1.200774597e-13,6.440813518e-14,2.669205864e-13,3.414757782e-13,6.055681613e-13,8.894442866e-13,6.830461976e-13,5.627406342e-13,1.974078916e-13,5.356131755e-13,7.116217382e-14,3.508909977e-14,2.188336778e-14,8.519509568e-14,8.329081864e-14,1.788408183e-13,3.736825385e-13,2.542038604e-13,3.924410805e-13,7.868955808e-14,8.08078088e-14,3.598931111e-14
45.75,3.417570137e-13,2.312365922e-13,1.982043578e-13,4.92978905e-13,2.731724701e-13,1.555876514e-13,4.51335438e-14,1.196657896e-13,3.24591857e-14,3.421015055e-14,1.171561538e-13,6.358334559e-14,2.642734323e-13,3.377500776e-13,5.995827189e-13,8.838870068e-13,6.785342171e-13,5.53704635e-13,1.947123299e-13,5.337108995e-13,7.067943377e-14,3.461277454e-14,2.170232287e-14,8.49339601e-14,8.245058129e-14,1.780075143e-13,3.720277399e-13,2.518928815e-13,3.907872745e-13,7.919933084e-14,8.080070633e-14,3.587058564e-14
45.7578125,3.374911128e-13,2.261227828e-13,1.965015305e-13,4.899966809e-13,2.698060736e-13,1.550646866e-13,4.479552992e-14,1.182269694e-13,3.242851586e-14,3.4759757e-14,1.142892624e-13,6.275453133e-14,2.615400419e-13,3.340006102e-13,5.936219151e-13,8.78257533e-13,6.739241145e-13,5.446314183e-13,1.920182277e-13,5.318142163e-13,7.019127013e-14,3.417342962e-14,2.152932298e-14,8.460533567e-14,8.158889528e-14,1.771388348e-13,3.702318877e-13,2.496420072e-13,3.892052075e-13,7.97446303e-14,8.083573407e-14,3.574670386e-14
45.765625,3.332365789e-13,2.210488573e-13,1.946558866e-13,4.869082311e-13,2.664610293e-13,1.545759787e-13,4.446890537e-14,1.167656088e-13,3.240226122e-14,3.528839782e-14,1.113239228e-13,6.191364643e-14,2.587297533e-13,3.301461273e-13,5.876056287e-13,8.727290575e-13,6.692661059e-13,5.355247736e-13,1.893001732e-13,5.300614923e-13,6.967277425e-14,3.374209182e-14,2.137666054e-14,8.4250254e-14,8.070717464e-14,1.762429969e-13,3.684068085e-13,2.473519012e-13,3.876017522e-13,8.029086156e-14,8.090734206e-14,3.562553297e-14
45.7734375,3.289234504e-13,2.161227558e-13,1.928417888e-13,4.836797884e-13,2.63194917e-13,1.540226562e-13,4.41182678e-14,1.152959819e-13,3.239317011e-14,3.581357611e-14,1.084445221e-13,6.111669708e-14,2.558934566e-13,3.262668336e-13,5.815534226e-13,8.673065819e-13,6.646993422e-13,5.264082031e-13,1.866382956e-13,5.284231458e-13,6.916722157e-14,3.332634303e-14,2.123467333e-14,8.390447237e-14,7.979646798e-14,1.754112487e-13,3.668445272e-13,2.451168858e-13,3.859339003e-13,8.084053588e-14,8.105769445e-14,3.549803939e-14
45.78125,3.247751784e-13,2.112448779e-13,1.911979205e-13,4.803951533e-13,2.6009278e-13,1.535190508e-13,4.377808512e-14,1.137740167e-13,3.237074026e-14,3.634215003e-14,1.057699285e-13,6.035552403e-14,2.530240773e-13,3.224065943e-13,5.755634954e-13,8.618277974e-13,6.602803839e-13,5.174109402e-13,1.840491633e-13,5.267576444e-13,6.866315412e-14,3.293013985e-14,2.109056443e-14,8.360686866e-14,7.888201321e-14,1.746450138e-13,3.653405046e-13,2.429450558e-13,3.843417436e-13,8.1466999e-14,8.12340903e-14,3.53592525e-14
45.7890625,3.209002266e-13,2.062843522e-13,1.895883536e-13,4.77242347e-13,2.571720615e-13,1.53207816e-13,4.348945378e-14,1.122267e-13,3.232890052e-14,3.685065488e-14,1.031227548e-13,5.95840165e-14,2.501231314e-13,3.18568031e-13,5.69621591e-13,8.563626624e-13,6.560275563e-13,5.085613818e-13,1.814422557e-13,5.252329155e-13,6.81361734e-14,3.254450615e-14,2.09518539e-14,8.332515248e-14,7.798706063e-14,1.738387146e-13,3.635938676e-13,2.407502856e-13,3.827918929e-13,8.214223849e-14,8.137032906e-14,3.521929249e-14
45.796875,3.170469503e-13,2.013747945e-13,1.879856116e-13,4.742938325e-13,2.54363651e-13,1.530152295e-13,4.320784922e-14,1.10703945e-13,3.230074567e-14,3.735369593e-14,1.004799294e-13,5.88237525e-14,2.472375751e-13,3.147415768e-13,5.637147061e-13,8.510001289e-13,6.518237785e-13,4.99741902e-13,1.788126778e-13,5.240545564e-13,6.757578464e-14,3.217758808e-14,2.082412794e-14,8.299165511e-14,7.70847574e-14,1.730026448e-13,3.617480199e-13,2.385603423e-13,3.811320632e-13,8.278962258e-14,8.151005288e-14,3.507644458e-14
45.8046875,3.131193924e-13,1.965935584e-13,1.864363221e-13,4.712949264e-13,2.516015636e-13,1.528373071e-13,4.289903544e-14,1.092199679e-13,3.230687365e-14,3.787635114e-14,9.795525201e-14,5.808033566e-14,2.443257727e-13,3.109044364e-13,5.578828087e-13,8.456628305e-13,6.476250178e-13,4.909450069e-13,1.762176172e-13,5.230877981e-13,6.695517586e-14,3.184833572e-14,2.070846827e-14,8.264709549e-14,7.616078312e-14,1.72198415e-13,3.599261276e-13,2.363773096e-13,3.794364345e-13,8.341858629e-14,8.168117741e-14,3.493263128e-14
45.8125,3.09305957e-13,1.919268483e-13,1.848881205e-13,4.68167869e-13,2.488852115e-13,1.527611543e-13,4.25881027e-14,1.0776115e-13,3.233254319e-14,3.839161102e-14,9.549543318e-14,5.732366829e-14,2.413605642e-13,3.071127019e-13,5.521646261e-13,8.404724863e-13,6.436306963e-13,4.822809107e-13,1.73635312e-13,5.221213867e-13,6.631292919e-14,3.155737587e-14,2.061351589e-14,8.233467801e-14,7.524141916e-14,1.714014156e-13,3.580603574e-13,2.342196136e-13,3.778289958e-13,8.406384335e-14,8.187550373e-14,3.480044582e-14
45.8203125,3.055609962e-13,1.874460396e-13,1.833432815e-13,4.651618884e-13,2.461782846e-13,1.5280687e-13,4.22838259e-14,1.06275326e-13,3.233155419e-14,3.887797241e-14,9.307035189e-14,5.655380504e-14,2.384343056e-13,3.033181142e-13,5.465800944e-13,8.356021846e-13,6.398367257e-13,4.737632486e-13,1.710363615e-13,5.211751492e-13,6.570966282e-14,3.126428637e-14,2.053593907e-14,8.198348092e-14,7.433334906e-14,1.706428575e-13,3.561779126e-13,2.321925683e-13,3.762398147e-13,8.474362149e-14,8.208040963e-14,3.465959919e-14
45.828125,3.017395781e-13,1.83105927e-13,1.817987115e-13,4.620540976e-13,2.434620198e-13,1.527763171e-13,4.198203861e-14,1.047458296e-13,3.229134332e-14,3.936299816e-14,9.074421609e-14,5.577507595e-14,2.35507756e-13,2.993248243e-13,5.40994847e-13,8.308253716e-13,6.359631549e-13,4.653295226e-13,1.684472006e-13,5.203353891e-13,6.511311657e-14,3.093350848e-14,2.046176597e-14,8.158169501e-14,7.342213282e-14,1.699692705e-13,3.542633042e-13,2.301911857e-13,3.745783907e-13,8.546633436e-14,8.223859289e-14,3.447902875e-14
45.8359375,2.980287169e-13,1.787787724e-13,1.802594359e-13,4.585500046e-13,2.40915574e-13,1.526808448e-13,4.168748614e-14,1.032051403e-13,3.226779043e-14,3.986530714e-14,8.850842362e-14,5.502542437e-14,2.324632617e-13,2.952486336e-13,5.35281828e-13,8.258673395e-13,6.319940881e-13,4.569774215e-13,1.658927235e-13,5.195468105e-13,6.450669099e-14,3.060824944e-14,2.03900409e-14,8.120179306e-14,7.250070088e-14,1.692739138e-13,3.522316315e-13,2.280934794e-13,3.728499643e-13,8.621832133e-14,8.238243135e-14,3.427506884e-14
45.84375,2.94557199e-13,1.745222781e-13,1.788333326e-13,4.551788794e-13,2.386675966e-13,1.527731025e-13,4.138233014e-14,1.016503982e-13,3.228635131e-14,4.035982296e-14,8.637730994e-14,5.435910986e-14,2.293996956e-13,2.913589836e-13,5.2959802e-13,8.20854902e-13,6.281345136e-13,4.487254786e-13,1.633694459e-13,5.187993767e-13,6.392917885e-14,3.034201364e-14,2.031941721e-14,8.081661623e-14,7.155917357e-14,1.684862849e-13,3.500828356e-13,2.260738578e-13,3.710865398e-13,8.699191788e-14,8.26077972e-14,3.407307765e-14
45.8515625,2.910634522e-13,1.704082323e-13,1.774506953e-13,4.521592825e-13,2.365196748e-13,1.530029451e-13,4.106157263e-14,1.001030294e-13,3.231556642e-14,4.081817874e-14,8.434148372e-14,5.37250174e-14,2.263745322e-13,2.874824036e-13,5.239544643e-13,8.15902426e-13,6.24292447e-13,4.40525309e-13,1.608027065e-13,5.181794916e-13,6.334463151e-14,3.010446756e-14,2.024357856e-14,8.036352221e-14,7.059923243e-14,1.676936192e-13,3.477526286e-13,2.240598645e-13,3.693785802e-13,8.774277156e-14,8.284543946e-14,3.386077566e-14
45.859375,2.874035774e-13,1.663666858e-13,1.759936376e-13,4.488363872e-13,2.343394421e-13,1.532052115e-13,4.07635536e-14,9.860575991e-14,3.235955621e-14,4.125592786e-14,8.225217057e-14,5.308169036e-14,2.232393585e-13,2.834242987e-13,5.180448249e-13,8.107644391e-13,6.201896074e-13,4.323480167e-13,1.581221344e-13,5.175584719e-13,6.271525141e-14,2.98742795e-14,2.017436025e-14,7.986013894e-14,6.963918615e-14,1.66926156e-13,3.452351224e-13,2.217278912e-13,3.678526169e-13,8.839348126e-14,8.304204255e-14,3.363190235e-14
45.8671875,2.838264148e-13,1.624751122e-13,1.746238776e-13,4.451982218e-13,2.323351636e-13,1.535566052e-13,4.050901501e-14,9.70915449e-14,3.242762769e-14,4.171222174e-14,8.013272246e-14,5.250146731e-14,2.200204717e-13,2.794319291e-13,5.119648483e-13,8.05396534e-13,6.159118175e-13,4.242779166e-13,1.554604059e-13,5.168489675e-13,6.210590057e-14,2.969256584e-14,2.012173717e-14,7.930182177e-14,6.867501524e-14,1.661505017e-13,3.428128289e-13,2.193402575e-13,3.664341432e-13,8.901057117e-14,8.329802593e-14,3.341141383e-14
45.875,2.804482703e-13,1.588954255e-13,1.733554998e-13,4.417483997e-13,2.305849405e-13,1.540689139e-13,4.028381997e-14,9.550963639e-14,3.247547496e-14,4.218868992e-14,7.820258223e-14,5.196360287e-14,2.168654616e-13,2.755788822e-13,5.060965936e-13,8.001786053e-13,6.117557608e-13,4.163424239e-13,1.529747239e-13,5.163846275e-13,6.155454062e-14,2.953855645e-14,2.007208407e-14,7.866560425e-14,6.769235466e-14,1.654166535e-13,3.406071144e-13,2.173221869e-13,3.648420944e-13,8.97504849e-14,8.356834013e-14,3.320672979e-14
45.8828125,2.77012213e-13,1.554318006e-13,1.720019428e-13,4.382621277e-13,2.288713915e-13,1.544077101e-13,4.007342703e-14,9.394424656e-14,3.248991691e-14,4.265822982e-14,7.643719044e-14,5.138027562e-14,2.137286513e-13,2.716175069e-13,5.003009233e-13,7.951304779e-13,6.075967613e-13,4.084228326e-13,1.505403753e-13,5.162399453e-13,6.101347856e-14,2.934562353e-14,2.001981245e-14,7.801320779e-14,6.670397329e-14,1.647538582e-13,3.383190097e-13,2.153696282e-13,3.63048529e-13,9.058710167e-14,8.376378762e-14,3.299020334e-14
45.890625,2.734527835e-13,1.518419778e-13,1.706550983e-13,4.344810992e-13,2.271703816e-13,1.546312111e-13,3.98586647e-14,9.242427142e-14,3.252149796e-14,4.31158008e-14,7.465236636e-14,5.082678331e-14,2.105683384e-13,2.675945049e-13,4.942879435e-13,7.898521018e-13,6.031772731e-13,4.005147374e-13,1.480090453e-13,5.159533267e-13,6.044255162e-14,2.91457844e-14,1.997462605e-14,7.740841753e-14,6.571945801e-14,1.640770743e-13,3.357678521e-13,2.131228113e-13,3.614087613e-13,9.136546951e-14,8.402248691e-14,3.274762905e-14
45.8984375,2.700858588e-13,1.483428749e-13,1.693704445e-13,4.305649877e-13,2.256878905e-13,1.550446603e-13,3.962842249e-14,9.090019115e-14,3.260131414e-14,4.356147587e-14,7.286963474e-14,5.037703264e-14,2.074276204e-13,2.6372477e-13,4.882062754e-13,7.844074443e-13,5.987600636e-13,3.927636257e-13,1.454811749e-13,5.155056156e-13,5.984743863e-14,2.9006948e-14,1.993782032e-14,7.683150093e-14,6.472794426e-14,1.633165612e-13,3.3309267e-13,2.108052225e-13,3.60076043e-13,9.205297139e-14,8.439813242e-14,3.249386009e-14
45.90625,2.669546856e-13,1.451034388e-13,1.680116406e-13,4.264631311e-13,2.244082254e-13,1.55546341e-13,3.940584914e-14,8.93848574e-14,3.270796952e-14,4.395959106e-14,7.12018379e-14,4.99345145e-14,2.042676403e-13,2.59977972e-13,4.822597983e-13,7.791726418e-13,5.946258594e-13,3.851797706e-13,1.430360182e-13,5.153139416e-13,5.927854025e-14,2.890961053e-14,1.990792451e-14,7.622789618e-14,6.374138265e-14,1.625196013e-13,3.30390776e-13,2.085775828e-13,3.587650071e-13,9.273820016e-14,8.4764384e-14,3.223233579e-14
45.9140625,2.637565917e-13,1.419343418e-13,1.666798245e-13,4.222402648e-13,2.231646145e-13,1.559955604e-13,3.920916502e-14,8.787273681e-14,3.279939589e-14,4.428522248e-14,6.966664479e-14,4.944167461e-14,2.011217233e-13,2.56264967e-13,4.764565349e-13,7.740506174e-13,5.904822725e-13,3.776560288e-13,1.406064454e-13,5.153129074e-13,5.877277998e-14,2.881614779e-14,1.988155988e-14,7.554350271e-14,6.278142239e-14,1.617730625e-13,3.276532569e-13,2.062851763e-13,3.572584765e-13,9.346684471e-14,8.514021715e-14,3.196055708e-14
45.921875,2.605090279e-13,1.388406415e-13,1.653882822e-13,4.179649148e-13,2.220010934e-13,1.564598909e-13,3.900943793e-14,8.631685131e-14,3.286743892e-14,4.459140374e-14,6.8216857e-14,4.894863726e-14,1.980589031e-13,2.525259634e-13,4.706341071e-13,7.686431758e-13,5.85983472e-13,3.701366266e-13,1.381863202e-13,5.152712853e-13,5.827749847e-14,2.873297295e-14,1.985336146e-14,7.477625319e-14,6.181986754e-14,1.610596513e-13,3.248676675e-13,2.038670735e-13,3.556377178e-13,9.418018312e-14,8.555945355e-14,3.170486402e-14
45.9296875,2.574155615e-13,1.359496665e-13,1.639434067e-13,4.132026386e-13,2.210028913e-13,1.568583454e-13,3.87715689e-14,8.473153083e-14,3.294906252e-14,4.494466739e-14,6.68006522e-14,4.847380182e-14,1.949421194e-13,2.486655044e-13,4.645236528e-13,7.628210671e-13,5.812118674e-13,3.626345713e-13,1.358177965e-13,5.152743644e-13,5.774762571e-14,2.866059766e-14,1.983812845e-14,7.399998786e-14,6.081937687e-14,1.602826105e-13,3.220040687e-13,2.01380532e-13,3.540453606e-13,9.483185626e-14,8.592450852e-14,3.147137508e-14
45.9375,2.543507399e-13,1.331453844e-13,1.625431502e-13,4.080593684e-13,2.200587644e-13,1.572177198e-13,3.851729558e-14,8.312645248e-14,3.304543038e-14,4.532164327e-14,6.545620613e-14,4.8014148e-14,1.917052324e-13,2.44730673e-13,4.582494785e-13,7.568605144e-13,5.764768692e-13,3.552856126e-13,1.334922182e-13,5.152426902e-13,5.722741761e-14,2.859146407e-14,1.984407246e-14,7.323898415e-14,5.980458248e-14,1.594309114e-13,3.190953237e-13,1.989030569e-13,3.525487817e-13,9.548610517e-14,8.626909459e-14,3.121293886e-14
45.9453125,2.512305619e-13,1.303799913e-13,1.613742439e-13,4.032255499e-13,2.191256195e-13,1.57800618e-13,3.829577843e-14,8.14942642e-14,3.311708665e-14,4.565642164e-14,6.422594911e-14,4.757440717e-14,1.885161196e-13,2.408371034e-13,4.5218434e-13,7.51072127e-13,5.719316516e-13,3.482019481e-13,1.312057069e-13,5.15014288e-13,5.672469016e-14,2.852983294e-14,1.984247575e-14,7.243825586e-14,5.880642333e-14,1.585530118e-13,3.161795156e-13,1.964824308e-13,3.510614078e-13,9.61815261e-14,8.668256628e-14,3.0916994e-14
45.953125,2.482629017e-13,1.277159858e-13,1.601449165e-13,3.985408377e-13,2.183140341e-13,1.585605308e-13,3.810627663e-14,7.989519385e-14,3.317036527e-14,4.592280927e-14,6.301421973e-14,4.713066646e-14,1.854133911e-13,2.3694014e-13,4.462298191e-13,7.453712206e-13,5.674013415e-13,3.412705684e-13,1.289538931e-13,5.148101544e-13,5.619012047e-14,2.84696068e-14,1.982508433e-14,7.160544835e-14,5.78133978e-14,1.57648444e-13,3.131680595e-13,1.94012957e-13,3.494600638e-13,9.684476219e-14,8.70794179e-14,3.063158965e-14
45.9609375,2.454324872e-13,1.251664529e-13,1.587996159e-13,3.935755132e-13,2.175874111e-13,1.592906103e-13,3.792548745e-14,7.835594205e-14,3.322480657e-14,4.612143934e-14,6.180320671e-14,4.666543901e-14,1.823313564e-13,2.329853461e-13,4.402453207e-13,7.396695479e-13,5.627594001e-13,3.344374342e-13,1.267023452e-13,5.148494512e-13,5.564219196e-14,2.840556978e-14,1.982136254e-14,7.078354635e-14,5.683613799e-14,1.567589515e-13,3.100413949e-13,1.914294803e-13,3.478768352e-13,9.746454773e-14,8.738686414e-14,3.037512892e-14
45.96875,2.424928204e-13,1.228794279e-13,1.575710618e-13,3.885526536e-13,2.16865594e-13,1.600618762e-13,3.777047849e-14,7.682794858e-14,3.327014507e-14,4.628883589e-14,6.07338728e-14,4.620326812e-14,1.793460115e-13,2.290359579e-13,4.34442953e-13,7.34179557e-13,5.581471703e-13,3.278211338e-13,1.244419315e-13,5.150694975e-13,5.513025077e-14,2.835120409e-14,1.983142668e-14,6.994633248e-14,5.589722494e-14,1.559561824e-13,3.068915769e-13,1.888570433e-13,3.464735818e-13,9.811999389e-14,8.765844583e-14,3.012949469e-14
45.9765625,2.394553039e-13,1.208554402e-13,1.563942072e-13,3.834925568e-13,2.162564991e-13,1.609044594e-13,3.764841578e-14,7.531603133e-14,3.333914077e-14,4.647861111e-14,5.981461711e-14,4.579323264e-14,1.764689213e-13,2.251402132e-13,4.286946914e-13,7.287551788e-13,5.535166691e-13,3.213581378e-13,1.221974094e-13,5.154343881e-13,5.465424278e-14,2.831773887e-14,1.983930405e-14,6.910607284e-14,5.496086257e-14,1.551692346e-13,3.036656322e-13,1.863254927e-13,3.451472195e-13,9.879027989e-14,8.794773015e-14,2.988696142e-14
45.984375,2.364660074e-13,1.188300555e-13,1.552308634e-13,3.782588051e-13,2.157989428e-13,1.617168043e-13,3.753260931e-14,7.383906612e-14,3.347986517e-14,4.666857126e-14,5.895102226e-14,4.547125896e-14,1.735988005e-13,2.21314555e-13,4.227035981e-13,7.229962249e-13,5.48660591e-13,3.149286555e-13,1.199847682e-13,5.159722755e-13,5.42045764e-14,2.83099904e-14,1.986292957e-14,6.832011553e-14,5.399733125e-14,1.542992467e-13,3.003142572e-13,1.8374016e-13,3.439205285e-13,9.938509058e-14,8.828347068e-14,2.962968303e-14
45.9921875,2.334867551e-13,1.168716803e-13,1.542147552e-13,3.731015635e-13,2.154115855e-13,1.625525824e-13,3.743581739e-14,7.234820319e-14,3.365489599e-14,4.681606771e-14,5.814574213e-14,4.521192716e-14,1.707655157e-13,2.175745963e-13,4.166036763e-13,7.169520972e-13,5.435915014e-13,3.086346917e-13,1.177922218e-13,5.166656109e-13,5.377018802e-14,2.832361242e-14,1.990810175e-14,6.750774083e-14,5.303124563e-14,1.533952971e-13,2.969443789e-13,1.811223353e-13,3.43019706e-13,9.991390673e-14,8.864218164e-14,2.934267325e-14
46,2.304691329e-13,1.151732446e-13,1.532231819e-13,3.67979518e-13,2.151569828e-13,1.634488705e-13,3.738965741e-14,7.082689751e-14,3.379922011e-14,4.696131401e-14,5.739634522e-14,4.495555257e-14,1.680137544e-13,2.13853849e-13,4.104366474e-13,7.106735308e-13,5.382692093e-13,3.02489231e-13,1.155910743e-13,5.174650629e-13,5.333189623e-14,2.833326577e-14,1.994300376e-14,6.656865445e-14,5.206100412e-14,1.524935758e-13,2.934760922e-13,1.785045783e-13,3.423464547e-13,1.00434087e-13,8.894791525e-14,2.904879616e-14
46.0078125,2.274745403e-13,1.135663403e-13,1.521250978e-13,3.62626003e-13,2.150470913e-13,1.643629616e-13,3.737724777e-14,6.932824275e-14,3.391738135e-14,4.712915825e-14,5.6686797e-14,4.468661772e-14,1.652636611e-13,2.100393169e-13,4.040572553e-13,7.04016764e-13,5.326217935e-13,2.963666619e-13,1.133763424e-13,5.182703803e-13,5.289102305e-14,2.832884459e-14,1.995979981e-14,6.560451724e-14,5.107175378e-14,1.515424912e-13,2.897342789e-13,1.758141099e-13,3.416596869e-13,1.009382337e-13,8.92099196e-14,2.875903172e-14
46.015625,2.244988109e-13,1.120459765e-13,1.51058037e-13,3.571280099e-13,2.149131523e-13,1.653580881e-13,3.738246804e-14,6.788147044e-14,3.405282629e-14,4.727350573e-14,5.606278814e-14,4.443300818e-14,1.625031708e-13,2.061493207e-13,3.976567717e-13,6.972243706e-13,5.268823733e-13,2.903653261e-13,1.111756342e-13,5.190978019e-13,5.244071252e-14,2.833588864e-14,1.998910041e-14,6.47077079e-14,5.010422574e-14,1.505611755e-13,2.858886161e-13,1.730279643e-13,3.410944152e-13,1.014007007e-13,8.952059271e-14,2.845564586e-14
46.0234375,2.214940668e-13,1.1080982e-13,1.500892644e-13,3.515029034e-13,2.14793797e-13,1.664294854e-13,3.742505004e-14,6.646248528e-14,3.422129019e-14,4.737222984e-14,5.551359129e-14,4.422459161e-14,1.598144098e-13,2.023660091e-13,3.913997439e-13,6.905233083e-13,5.211815575e-13,2.846650494e-13,1.090160795e-13,5.201249459e-13,5.198267685e-14,2.836640083e-14,2.004492565e-14,6.377744788e-14,4.918789796e-14,1.495943746e-13,2.821256439e-13,1.701986198e-13,3.408170604e-13,1.018224274e-13,8.989700165e-14,2.81459002e-14
46.03125,2.184928376e-13,1.096956724e-13,1.491652563e-13,3.45683002e-13,2.149251691e-13,1.674952098e-13,3.750761409e-14,6.504670285e-14,3.44077451e-14,4.742628594e-14,5.50044432e-14,4.407695434e-14,1.572352459e-13,1.988125492e-13,3.851522873e-13,6.837258807e-13,5.153781544e-13,2.792281329e-13,1.069053898e-13,5.213608177e-13,5.157516807e-14,2.840734098e-14,2.010542165e-14,6.276466811e-14,4.829560666e-14,1.48615702e-13,2.782835949e-13,1.673378531e-13,3.406579731e-13,1.02200628e-13,9.025438825e-14,2.784643079e-14
46.0390625,2.155461317e-13,1.085571864e-13,1.482985087e-13,3.397783683e-13,2.153296984e-13,1.686337616e-13,3.760971842e-14,6.364950158e-14,3.460770306e-14,4.744086547e-14,5.457923152e-14,4.398233632e-14,1.547748061e-13,1.953987646e-13,3.788231644e-13,6.767208815e-13,5.094603542e-13,2.739338035e-13,1.048276016e-13,5.226723933e-13,5.122244205e-14,2.84603818e-14,2.015339808e-14,6.176413576e-14,4.740649324e-14,1.476180837e-13,2.742833996e-13,1.644204764e-13,3.405152038e-13,1.025352611e-13,9.054581584e-14,2.754871439e-14
46.046875,2.127036439e-13,1.075925977e-13,1.475134531e-13,3.337633033e-13,2.158303028e-13,1.699116657e-13,3.773126775e-14,6.228722627e-14,3.482302099e-14,4.746041131e-14,5.424369602e-14,4.392226477e-14,1.524162546e-13,1.920049602e-13,3.723546195e-13,6.694886001e-13,5.03447101e-13,2.687456062e-13,1.027735642e-13,5.240478313e-13,5.083917037e-14,2.853308425e-14,2.020316819e-14,6.07973773e-14,4.65171988e-14,1.465895608e-13,2.702803868e-13,1.614816283e-13,3.405754416e-13,1.02837259e-13,9.084626734e-14,2.724728636e-14
46.0546875,2.100102451e-13,1.06855856e-13,1.468246813e-13,3.27706588e-13,2.163124426e-13,1.712711911e-13,3.789201312e-14,6.094469025e-14,3.503178179e-14,4.749453863e-14,5.397150914e-14,4.388590972e-14,1.50111961e-13,1.886596577e-13,3.658063935e-13,6.620768747e-13,4.973432591e-13,2.637097465e-13,1.00763986e-13,5.254824085e-13,5.042829366e-14,2.861593431e-14,2.026788852e-14,5.980675573e-14,4.562507316e-14,1.454797995e-13,2.662965317e-13,1.586216573e-13,3.409003191e-13,1.031127575e-13,9.121525936e-14,2.695041138e-14
46.0625,2.074034536e-13,1.06201999e-13,1.462119925e-13,3.218028762e-13,2.168251758e-13,1.727024845e-13,3.808619142e-14,5.963646614e-14,3.523570859e-14,4.749763008e-14,5.379715576e-14,4.386727192e-14,1.478678302e-13,1.854154302e-13,3.594260332e-13,6.54786817e-13,4.913008063e-13,2.588813781e-13,9.880069352e-14,5.269910734e-13,5.006478348e-14,2.870606798e-14,2.033857289e-14,5.878929632e-14,4.474653809e-14,1.443407158e-13,2.622677709e-13,1.558437255e-13,3.412702461e-13,1.033791482e-13,9.158647019e-14,2.66659585e-14
46.0703125,2.048312334e-13,1.056373272e-13,1.456128055e-13,3.157949423e-13,2.174958677e-13,1.741669915e-13,3.827742423e-14,5.838262154e-14,3.546832613e-14,4.748535725e-14,5.37151891e-14,4.387257354e-14,1.457199883e-13,1.822525981e-13,3.531511204e-13,6.475895627e-13,4.852860762e-13,2.542381401e-13,9.687393632e-14,5.286924565e-13,4.972270162e-14,2.881486452e-14,2.041438994e-14,5.775334224e-14,4.389504692e-14,1.432361584e-13,2.582018533e-13,1.530403195e-13,3.416373983e-13,1.036338029e-13,9.191517581e-14,2.639532821e-14
46.078125,2.023488265e-13,1.052335209e-13,1.450726325e-13,3.095623997e-13,2.183289963e-13,1.756118125e-13,3.846904162e-14,5.712723987e-14,3.570974873e-14,4.749720798e-14,5.36847062e-14,4.392067578e-14,1.436671676e-13,1.791554693e-13,3.467370274e-13,6.401316895e-13,4.791755717e-13,2.497455945e-13,9.501178343e-14,5.304874811e-13,4.935942561e-14,2.893633702e-14,2.050123161e-14,5.668964064e-14,4.305832453e-14,1.420757653e-13,2.540779808e-13,1.502252983e-13,3.422360823e-13,1.038232291e-13,9.222522029e-14,2.612143042e-14
46.0859375,1.999015595e-13,1.049379914e-13,1.446253931e-13,3.03516017e-13,2.192449313e-13,1.771271149e-13,3.870300184e-14,5.584931313e-14,3.592783568e-14,4.750098308e-14,5.373031162e-14,4.400897613e-14,1.416910491e-13,1.761152798e-13,3.402937313e-13,6.32541142e-13,4.731663492e-13,2.453976535e-13,9.320264219e-14,5.321660224e-13,4.901418771e-14,2.905113711e-14,2.059041376e-14,5.5634814e-14,4.222437861e-14,1.408269472e-13,2.499364448e-13,1.474806759e-13,3.430391791e-13,1.039515517e-13,9.246957749e-14,2.583454833e-14
46.09375,1.974122456e-13,1.047138407e-13,1.441284698e-13,2.975610469e-13,2.202521603e-13,1.787043918e-13,3.896416934e-14,5.462223039e-14,3.615769381e-14,4.748363195e-14,5.385644448e-14,4.411453542e-14,1.397533102e-13,1.731078866e-13,3.338822034e-13,6.249766252e-13,4.672754144e-13,2.41134435e-13,9.137913228e-14,5.338518466e-13,4.868148524e-14,2.916426867e-14,2.068347207e-14,5.462448663e-14,4.138655289e-14,1.395867006e-13,2.458700007e-13,1.447274318e-13,3.438339363e-13,1.040863453e-13,9.260586853e-14,2.555570154e-14
46.1015625,1.950042853e-13,1.046933637e-13,1.4359484e-13,2.913486836e-13,2.213558522e-13,1.802114422e-13,3.92124108e-14,5.345679749e-14,3.641075606e-14,4.747269912e-14,5.402969248e-14,4.425418067e-14,1.378568122e-13,1.701654756e-13,3.273705187e-13,6.171712019e-13,4.611723553e-13,2.369624104e-13,8.956852776e-14,5.356706344e-13,4.831839795e-14,2.929531526e-14,2.078830662e-14,5.362824935e-14,4.054422476e-14,1.383375245e-13,2.418135749e-13,1.419161581e-13,3.448568174e-13,1.041888625e-13,9.272971763e-14,2.528038342e-14
46.109375,1.92707324e-13,1.049176719e-13,1.432300266e-13,2.852780336e-13,2.225349773e-13,1.817402165e-13,3.947233213e-14,5.231115041e-14,3.665065318e-14,4.742569782e-14,5.428172665e-14,4.447422214e-14,1.360964733e-13,1.673500759e-13,3.209952577e-13,6.092540335e-13,4.549069105e-13,2.330223541e-13,8.786944667e-14,5.374965572e-13,4.797218573e-14,2.943953216e-14,2.088416476e-14,5.26229377e-14,3.972053494e-14,1.370398055e-13,2.37736641e-13,1.391717555e-13,3.463389058e-13,1.041795024e-13,9.294818412e-14,2.497621315e-14
46.1171875,1.904187236e-13,1.051632455e-13,1.429639278e-13,2.795382667e-13,2.238165965e-13,1.833676964e-13,3.977150721e-14,5.119902056e-14,3.688829319e-14,4.729972661e-14,5.465618234e-14,4.475132099e-14,1.344703189e-13,1.646319401e-13,3.149636942e-13,6.015765917e-13,4.48752816e-13,2.293285794e-13,8.627416213e-14,5.393543085e-13,4.769458276e-14,2.958091888e-14,2.095967955e-14,5.163122878e-14,3.893414706e-14,1.357789256e-13,2.337656941e-13,1.364872456e-13,3.47885545e-13,1.041223728e-13,9.324669301e-14,2.466118766e-14
46.125,1.882513633e-13,1.053522637e-13,1.42640281e-13,2.7347222e-13,2.251440119e-13,1.849345501e-13,4.010669142e-14,5.009963473e-14,3.713800078e-14,4.715552623e-14,5.513665936e-14,4.501886752e-14,1.328548352e-13,1.619565256e-13,3.089059808e-13,5.938426848e-13,4.426342173e-13,2.25769626e-13,8.470126759e-14,5.412605516e-13,4.745066175e-14,2.9725341e-14,2.104950967e-14,5.064548869e-14,3.81764137e-14,1.34547003e-13,2.298748328e-13,1.33689589e-13,3.493208761e-13,1.040998817e-13,9.354532918e-14,2.436935113e-14
46.1328125,1.862467234e-13,1.056228344e-13,1.424309413e-13,2.668814402e-13,2.264678957e-13,1.865060946e-13,4.049758727e-14,4.896005544e-14,3.738011396e-14,4.704051092e-14,5.568861465e-14,4.529754777e-14,1.312525144e-13,1.593713017e-13,3.025441642e-13,5.857073216e-13,4.364382527e-13,2.22353389e-13,8.312637443e-14,5.430195834e-13,4.721769599e-14,2.988940885e-14,2.118379416e-14,4.963360562e-14,3.743894065e-14,1.332705949e-13,2.259717888e-13,1.307630317e-13,3.510555496e-13,1.040718733e-13,9.380864683e-14,2.408122578e-14
46.140625,1.841488581e-13,1.059227928e-13,1.424274881e-13,2.602979062e-13,2.279086582e-13,1.882831661e-13,4.093971276e-14,4.781126903e-14,3.763624721e-14,4.692630109e-14,5.630131822e-14,4.564166616e-14,1.2971192e-13,1.569099486e-13,2.960444385e-13,5.773370519e-13,4.301615288e-13,2.190700663e-13,8.155706862e-14,5.447200288e-13,4.701637952e-14,3.007792714e-14,2.134949846e-14,4.860865071e-14,3.670837572e-14,1.320038785e-13,2.221128565e-13,1.278266499e-13,3.530731625e-13,1.03985897e-13,9.40680179e-14,2.378297643e-14
46.1484375,1.819407229e-13,1.061814978e-13,1.424503608e-13,2.538731517e-13,2.294977677e-13,1.901176607e-13,4.139872533e-14,4.668235689e-14,3.792005825e-14,4.680680657e-14,5.699431808e-14,4.601903687e-14,1.281847466e-13,1.545408445e-13,2.895225205e-13,5.688699444e-13,4.23728668e-13,2.158292098e-13,7.999340906e-14,5.465491548e-13,4.683823207e-14,3.028135922e-14,2.151447525e-14,4.758338368e-14,3.596838295e-14,1.307420112e-13,2.182580859e-13,1.249077473e-13,3.550260759e-13,1.038322372e-13,9.434817817e-14,2.34927426e-14
46.15625,1.79891576e-13,1.065586836e-13,1.42509645e-13,2.474075617e-13,2.31163383e-13,1.918926679e-13,4.189409989e-14,4.555952768e-14,3.818325224e-14,4.669161257e-14,5.775639205e-14,4.640290357e-14,1.267496417e-13,1.52325217e-13,2.830622484e-13,5.604141352e-13,4.173039053e-13,2.127874491e-13,7.847032405e-14,5.483614823e-13,4.666651999e-14,3.047893703e-14,2.166821345e-14,4.653408783e-14,3.525363486e-14,1.29402734e-13,2.143431841e-13,1.21980313e-13,3.571128959e-13,1.036144748e-13,9.463541814e-14,2.319899356e-14
46.1640625,1.780316556e-13,1.07158513e-13,1.427010904e-13,2.410238142e-13,2.329504258e-13,1.937743996e-13,4.243251191e-14,4.449021542e-14,3.842118873e-14,4.656692892e-14,5.852623451e-14,4.684873411e-14,1.255538988e-13,1.502958858e-13,2.768712432e-13,5.52281884e-13,4.112029798e-13,2.102054573e-13,7.703686354e-14,5.502635342e-13,4.652469585e-14,3.06546983e-14,2.183836636e-14,4.548074402e-14,3.461006582e-14,1.280786568e-13,2.105272123e-13,1.19092132e-13,3.595737946e-13,1.033699636e-13,9.490765143e-14,2.288406266e-14
46.171875,1.761869445e-13,1.079199206e-13,1.429348372e-13,2.34906159e-13,2.347926276e-13,1.957506069e-13,4.296453674e-14,4.35114537e-14,3.867676443e-14,4.644893446e-14,5.931463605e-14,4.737993971e-14,1.245172818e-13,1.482974951e-13,2.709476239e-13,5.445168905e-13,4.05344157e-13,2.079651927e-13,7.566910067e-14,5.525555371e-13,4.642920752e-14,3.081317652e-14,2.204356479e-14,4.448314692e-14,3.400724193e-14,1.268638172e-13,2.068613225e-13,1.163060177e-13,3.621681037e-13,1.031208349e-13,9.514387766e-14,2.256873198e-14
46.1796875,1.74278924e-13,1.086653805e-13,1.432573296e-13,2.289086371e-13,2.365657267e-13,1.977418502e-13,4.350618541e-14,4.258109679e-14,3.89485497e-14,4.635032937e-14,6.019004642e-14,4.794855784e-14,1.235321353e-13,1.463202823e-13,2.651147512e-13,5.368161175e-13,3.994787845e-13,2.057855469e-13,7.42964773e-14,5.54957106e-13,4.634068238e-14,3.097071825e-14,2.225583693e-14,4.353906786e-14,3.340107763e-14,1.256586754e-13,2.032105715e-13,1.135690509e-13,3.647535101e-13,1.028368805e-13,9.53537566e-14,2.226974099e-14
46.1875,1.724072811e-13,1.092702703e-13,1.438018178e-13,2.2287539e-13,2.384651149e-13,1.998885026e-13,4.410371763e-14,4.168557791e-14,3.923713813e-14,4.623098217e-14,6.114350242e-14,4.854074817e-14,1.226670482e-13,1.446083501e-13,2.593285448e-13,5.289655507e-13,3.935749329e-13,2.036843405e-13,7.295064556e-14,5.572073793e-13,4.622188863e-14,3.114926952e-14,2.245942896e-14,4.259541803e-14,3.280528594e-14,1.243932672e-13,1.996074324e-13,1.108214768e-13,3.674225138e-13,1.025063507e-13,9.558480535e-14,2.198532859e-14
46.1953125,1.70788913e-13,1.100187958e-13,1.444403627e-13,2.169105771e-13,2.406058405e-13,2.021776048e-13,4.472671309e-14,4.08350659e-14,3.956962761e-14,4.607731716e-14,6.216042981e-14,4.919847516e-14,1.219477928e-13,1.431911747e-13,2.535791705e-13,5.208799525e-13,3.876061628e-13,2.017960056e-13,7.174792768e-14,5.596183507e-13,4.610198217e-14,3.136519025e-14,2.267837475e-14,4.164818622e-14,3.222399652e-14,1.230673512e-13,1.961054064e-13,1.081754041e-13,3.702039096e-13,1.021312972e-13,9.587351744e-14,2.171679251e-14
46.203125,1.694305651e-13,1.111690068e-13,1.450801814e-13,2.111310036e-13,2.427177266e-13,2.044696223e-13,4.536340748e-14,4.00058918e-14,3.991712395e-14,4.592243291e-14,6.327281634e-14,4.992377494e-14,1.213304672e-13,1.418549537e-13,2.478572046e-13,5.126443412e-13,3.81599034e-13,2.001045288e-13,7.065942739e-14,5.622633879e-13,4.601242441e-14,3.159881988e-14,2.29100184e-14,4.075580438e-14,3.164080179e-14,1.216535063e-13,1.926476696e-13,1.056897923e-13,3.731655986e-13,1.016858379e-13,9.623624929e-14,2.1451429e-14
46.2109375,1.680847656e-13,1.124491633e-13,1.458739195e-13,2.054769448e-13,2.447674673e-13,2.068663141e-13,4.60520112e-14,3.920260389e-14,4.02307214e-14,4.57878817e-14,6.445845344e-14,5.067371577e-14,1.208412438e-13,1.405885395e-13,2.423040479e-13,5.046219518e-13,3.758140013e-13,1.98610157e-13,6.954713391e-14,5.649509923e-13,4.593156703e-14,3.181403761e-14,2.312602935e-14,3.993726115e-14,3.10814437e-14,1.202241437e-13,1.893285919e-13,1.032097428e-13,3.763594485e-13,1.01178103e-13,9.664309391e-14,2.117139699e-14
46.21875,1.667370808e-13,1.137178274e-13,1.468932815e-13,1.998834911e-13,2.470286031e-13,2.094385218e-13,4.678150598e-14,3.844580988e-14,4.053285481e-14,4.567320925e-14,6.570828997e-14,5.147292963e-14,1.205109909e-13,1.395534855e-13,2.370558274e-13,4.970222395e-13,3.703963807e-13,1.974133198e-13,6.847497842e-14,5.677473817e-13,4.585844026e-14,3.201733756e-14,2.333849269e-14,3.91215382e-14,3.057479515e-14,1.188663571e-13,1.862223914e-13,1.007398086e-13,3.797186883e-13,1.00663717e-13,9.702886569e-14,2.088243634e-14
46.2265625,1.655708042e-13,1.151330333e-13,1.480724914e-13,1.944006942e-13,2.494264529e-13,2.120682168e-13,4.752818242e-14,3.771926048e-14,4.085958737e-14,4.555770675e-14,6.707216634e-14,5.23725059e-14,1.203421833e-13,1.387576376e-13,2.320522579e-13,4.89581919e-13,3.65188274e-13,1.965285804e-13,6.760009434e-14,5.70530068e-13,4.581609316e-14,3.22379367e-14,2.357778908e-14,3.82761888e-14,3.010840064e-14,1.174943632e-13,1.831556506e-13,9.847480422e-14,3.832544342e-13,1.001589704e-13,9.741520026e-14,2.059303927e-14
46.234375,1.645087456e-13,1.165410196e-13,1.493826161e-13,1.890492415e-13,2.516658074e-13,2.147243646e-13,4.829515516e-14,3.702179498e-14,4.119243919e-14,4.545082223e-14,6.851051208e-14,5.331690314e-14,1.203145e-13,1.380742317e-13,2.271285568e-13,4.819876989e-13,3.600147705e-13,1.958393601e-13,6.681920809e-14,5.731080674e-13,4.577204407e-14,3.247131986e-14,2.383679526e-14,3.747104463e-14,2.966562951e-14,1.16043395e-13,1.80047053e-13,9.634856345e-14,3.870070211e-13,9.961629672e-14,9.786404476e-14,2.030586174e-14
46.2421875,1.634307211e-13,1.178519642e-13,1.508337976e-13,1.837892422e-13,2.537933685e-13,2.174194193e-13,4.907280781e-14,3.636921847e-14,4.150831181e-14,4.539182963e-14,6.996517013e-14,5.425213459e-14,1.203581596e-13,1.374626628e-13,2.222280741e-13,4.743202737e-13,3.548733695e-13,1.952729834e-13,6.59794693e-14,5.757797438e-13,4.570357183e-14,3.270304913e-14,2.40930375e-14,3.6722451e-14,2.923873549e-14,1.145772524e-13,1.770388458e-13,9.417641485e-14,3.909520607e-13,9.899029041e-14,9.835786323e-14,2.00300698e-14
46.25,1.624870347e-13,1.193054393e-13,1.524484065e-13,1.787097974e-13,2.560610336e-13,2.201653795e-13,4.987793931e-14,3.574613122e-14,4.180899165e-14,4.533063739e-14,7.150968976e-14,5.522736079e-14,1.204692064e-13,1.369975881e-13,2.175318061e-13,4.669449957e-13,3.499280457e-13,1.948889207e-13,6.519147643e-14,5.78686598e-13,4.565855772e-14,3.293925962e-14,2.434268506e-14,3.597516037e-14,2.883099801e-14,1.131211542e-13,1.742344609e-13,9.203456799e-14,3.951191231e-13,9.830266591e-14,9.890405462e-14,1.975962306e-14
46.2578125,1.61750861e-13,1.208846709e-13,1.542292968e-13,1.739277515e-13,2.585187714e-13,2.230545468e-13,5.073603541e-14,3.513551248e-14,4.209847301e-14,4.522410204e-14,7.319451156e-14,5.625888711e-14,1.207235881e-13,1.367036821e-13,2.132268379e-13,4.600996178e-13,3.453429769e-13,1.94766286e-13,6.455077752e-14,5.816126914e-13,4.565351063e-14,3.317987936e-14,2.459019778e-14,3.525013936e-14,2.846732978e-14,1.117042879e-13,1.716617306e-13,9.002168736e-14,3.994805354e-13,9.761822345e-14,9.954753027e-14,1.948056288e-14
46.265625,1.610682397e-13,1.224924608e-13,1.561676023e-13,1.693293803e-13,2.610296486e-13,2.260460589e-13,5.16147652e-14,3.454200462e-14,4.239523722e-14,4.517487368e-14,7.496287587e-14,5.733484922e-14,1.211177991e-13,1.365484103e-13,2.092203628e-13,4.537001091e-13,3.411124455e-13,1.949229551e-13,6.39667652e-14,5.8469771e-13,4.566516629e-14,3.341913295e-14,2.484253978e-14,3.458311396e-14,2.81575001e-14,1.103944187e-13,1.693346968e-13,8.809414679e-14,4.039418214e-13,9.69473962e-14,1.002664296e-13,1.920284409e-14
46.2734375,1.604164064e-13,1.242232246e-13,1.58291523e-13,1.64807354e-13,2.635038663e-13,2.290000865e-13,5.250446845e-14,3.397555893e-14,4.270717762e-14,4.52035226e-14,7.678892616e-14,5.848708067e-14,1.216060286e-13,1.36576478e-13,2.053904598e-13,4.475951376e-13,3.372093265e-13,1.953467692e-13,6.342358581e-14,5.880611092e-13,4.570129868e-14,3.366012306e-14,2.511727419e-14,3.393496265e-14,2.788753317e-14,1.091382302e-13,1.67217196e-13,8.627000931e-14,4.085746727e-13,9.623555887e-14,1.010499399e-13,1.892917948e-14
46.28125,1.599268204e-13,1.259934333e-13,1.606284332e-13,1.604541868e-13,2.659964066e-13,2.319360323e-13,5.34252052e-14,3.344812995e-14,4.299227914e-14,4.520576535e-14,7.86847064e-14,5.969092576e-14,1.222061692e-13,1.368294589e-13,2.017982771e-13,4.417455621e-13,3.336647114e-13,1.959905492e-13,6.298125762e-14,5.91406357e-13,4.573574377e-14,3.389437961e-14,2.543071275e-14,3.329468238e-14,2.765586127e-14,1.078629718e-13,1.652764843e-13,8.457471614e-14,4.134777003e-13,9.546193942e-14,1.018984802e-13,1.863978177e-14
46.2890625,1.596263375e-13,1.2776643e-13,1.631868986e-13,1.562622415e-13,2.686249639e-13,2.34894962e-13,5.432942977e-14,3.296033898e-14,4.324755551e-14,4.522740022e-14,8.064481107e-14,6.093567405e-14,1.229445754e-13,1.372986418e-13,1.984066039e-13,4.360329666e-13,3.304054479e-13,1.968161671e-13,6.26299209e-14,5.946232945e-13,4.572368881e-14,3.412065871e-14,2.577801811e-14,3.267307543e-14,2.746011967e-14,1.066221479e-13,1.635253874e-13,8.296034427e-14,4.185835231e-13,9.466506682e-14,1.027685902e-13,1.834124089e-14
46.296875,1.595129504e-13,1.297030703e-13,1.658938817e-13,1.522266745e-13,2.713960265e-13,2.379063573e-13,5.520033916e-14,3.249339744e-14,4.354180946e-14,4.532912254e-14,8.267151473e-14,6.229896021e-14,1.238114457e-13,1.380424528e-13,1.950995614e-13,4.303218369e-13,3.273814656e-13,1.978713499e-13,6.238434204e-14,5.976964349e-13,4.573517677e-14,3.436972969e-14,2.613455254e-14,3.203803517e-14,2.728654137e-14,1.054096535e-13,1.619732164e-13,8.145636415e-14,4.237828141e-13,9.386792941e-14,1.037099338e-13,1.805433361e-14
46.3046875,1.596149075e-13,1.317194818e-13,1.685864532e-13,1.48546875e-13,2.741374739e-13,2.410699312e-13,5.610564969e-14,3.202453331e-14,4.386461344e-14,4.541162125e-14,8.477216265e-14,6.372148605e-14,1.247586561e-13,1.390201281e-13,1.919592195e-13,4.247533456e-13,3.246765065e-13,1.991275312e-13,6.22533144e-14,6.004932732e-13,4.585485456e-14,3.464727469e-14,2.648318523e-14,3.140656144e-14,2.71341675e-14,1.041449661e-13,1.606509419e-13,8.010410657e-14,4.289701599e-13,9.305132688e-14,1.048297322e-13,1.776827365e-14
46.3125,1.59781079e-13,1.337038298e-13,1.713136348e-13,1.451122068e-13,2.767246122e-13,2.442639496e-13,5.703804553e-14,3.155236169e-14,4.412723937e-14,4.547279646e-14,8.695195954e-14,6.505364921e-14,1.257374326e-13,1.400210927e-13,1.890675388e-13,4.195294276e-13,3.222333751e-13,2.003887902e-13,6.214233171e-14,6.033032571e-13,4.60192505e-14,3.491542172e-14,2.683469827e-14,3.08272567e-14,2.700622167e-14,1.028822484e-13,1.596065743e-13,7.879675289e-14,4.341215403e-13,9.219705153e-14,1.061092992e-13,1.747431519e-14
46.3203125,1.598133802e-13,1.35676647e-13,1.743132897e-13,1.415762249e-13,2.792554993e-13,2.472633029e-13,5.794645283e-14,3.111971494e-14,4.433097908e-14,4.558852257e-14,8.918927498e-14,6.633988507e-14,1.26779687e-13,1.410478957e-13,1.863801141e-13,4.146063085e-13,3.199031448e-13,2.016139603e-13,6.20119621e-14,6.064624631e-13,4.614757828e-14,3.51598279e-14,2.720038849e-14,3.027960782e-14,2.690925048e-14,1.017036547e-13,1.587829894e-13,7.74306654e-14,4.394189651e-13,9.130873024e-14,1.074669091e-13,1.718732758e-14
46.328125,1.598001723e-13,1.374966602e-13,1.776137829e-13,1.381298337e-13,2.818390904e-13,2.502245768e-13,5.886924995e-14,3.076150269e-14,4.452825227e-14,4.569430902e-14,9.143464462e-14,6.769820329e-14,1.279416569e-13,1.42321071e-13,1.840031518e-13,4.099688118e-13,3.177839096e-13,2.030454739e-13,6.193598485e-14,6.097276025e-13,4.626575262e-14,3.539798048e-14,2.756853757e-14,2.97605085e-14,2.686341169e-14,1.005653073e-13,1.580831016e-13,7.608931411e-14,4.450573454e-13,9.038727201e-14,1.088719777e-13,1.690611843e-14
46.3359375,1.599508997e-13,1.393179641e-13,1.811879729e-13,1.350985329e-13,2.844779136e-13,2.534233838e-13,5.983701099e-14,3.044325009e-14,4.471995908e-14,4.576667234e-14,9.373315655e-14,6.914843259e-14,1.292331637e-13,1.438918218e-13,1.820641474e-13,4.057395582e-13,3.160431666e-13,2.048509852e-13,6.195716579e-14,6.12915172e-13,4.640018674e-14,3.564785986e-14,2.794174486e-14,2.931559752e-14,2.686418349e-14,9.942350905e-14,1.575512895e-13,7.493347664e-14,4.510515089e-13,8.941830866e-14,1.103622203e-13,1.661916897e-14
46.34375,1.603496966e-13,1.415658949e-13,1.851058117e-13,1.322927885e-13,2.872148462e-13,2.568616236e-13,6.082785262e-14,3.013698787e-14,4.492679777e-14,4.588627463e-14,9.619078135e-14,7.068967612e-14,1.30688391e-13,1.456908006e-13,1.803974243e-13,4.018268289e-13,3.146350023e-13,2.069580523e-13,6.208052356e-14,6.161817977e-13,4.655551829e-14,3.593305385e-14,2.834549037e-14,2.892617896e-14,2.688531699e-14,9.828741202e-14,1.572377513e-13,7.399946154e-14,4.572360825e-13,8.841731081e-14,1.119933913e-13,1.633506676e-14
46.3515625,1.610434289e-13,1.440050731e-13,1.892274401e-13,1.296180569e-13,2.900057224e-13,2.604544411e-13,6.185566289e-14,2.987686087e-14,4.51759572e-14,4.603808215e-14,9.878979309e-14,7.226987691e-14,1.32324761e-13,1.477088604e-13,1.788739395e-13,3.981018369e-13,3.135540229e-13,2.092632957e-13,6.231493889e-14,6.195610098e-13,4.677748989e-14,3.6255945e-14,2.877373638e-14,2.854399744e-14,2.694105186e-14,9.717024303e-14,1.570865622e-13,7.321825675e-14,4.633624473e-13,8.744966969e-14,1.137255234e-13,1.605979537e-14
46.359375,1.61976629e-13,1.461790673e-13,1.934642e-13,1.272961694e-13,2.926574e-13,2.641030798e-13,6.291659217e-14,2.967199973e-14,4.541321888e-14,4.618958794e-14,1.014790239e-13,7.381206454e-14,1.34050475e-13,1.499203929e-13,1.776787675e-13,3.947472178e-13,3.129369437e-13,2.117291321e-13,6.263236932e-14,6.230642245e-13,4.706219831e-14,3.65823824e-14,2.919618511e-14,2.818313681e-14,2.705894869e-14,9.609911507e-14,1.57132373e-13,7.255231093e-14,4.694701155e-13,8.652023061e-14,1.155070836e-13,1.578475788e-14
46.3671875,1.629154118e-13,1.483046395e-13,1.980401465e-13,1.252608554e-13,2.952256767e-13,2.677031169e-13,6.396466495e-14,2.949055045e-14,4.559560592e-14,4.638764358e-14,1.04273164e-13,7.536693254e-14,1.358004709e-13,1.522912283e-13,1.768789486e-13,3.917793214e-13,3.126313039e-13,2.143225912e-13,6.298746547e-14,6.266711007e-13,4.73231217e-14,3.689603956e-14,2.961013628e-14,2.788027067e-14,2.720954345e-14,9.505424718e-14,1.5739869e-13,7.198529601e-14,4.759141284e-13,8.551458319e-14,1.173659527e-13,1.55090407e-14
46.375,1.63782448e-13,1.506199645e-13,2.029394961e-13,1.233029582e-13,2.980087462e-13,2.713097404e-13,6.500765108e-14,2.932938887e-14,4.575555035e-14,4.66331061e-14,1.071120555e-13,7.700757452e-14,1.376539598e-13,1.548413937e-13,1.762754698e-13,3.88892677e-13,3.12277211e-13,2.170436393e-13,6.338495684e-14,6.301433624e-13,4.754174881e-14,3.720602596e-14,3.002599807e-14,2.7631665e-14,2.735659477e-14,9.39953806e-14,1.577450631e-13,7.148265966e-14,4.827185689e-13,8.438270043e-14,1.192653258e-13,1.523652064e-14
46.3828125,1.647671254e-13,1.52924712e-13,2.079000266e-13,1.214637271e-13,3.009957573e-13,2.749577921e-13,6.607083758e-14,2.919699437e-14,4.590635369e-14,4.687411387e-14,1.099641742e-13,7.868299286e-14,1.396834205e-13,1.57610738e-13,1.758489511e-13,3.861479422e-13,3.119687373e-13,2.199389693e-13,6.386595937e-14,6.334276053e-13,4.779049185e-14,3.751311937e-14,3.044431694e-14,2.739012877e-14,2.752927306e-14,9.298463066e-14,1.58224391e-13,7.104160577e-14,4.89512011e-13,8.324058816e-14,1.211918332e-13,1.496696132e-14
46.390625,1.659422419e-13,1.551155075e-13,2.129791475e-13,1.198631853e-13,3.038574608e-13,2.785395757e-13,6.71322901e-14,2.909028597e-14,4.603682149e-14,4.709967234e-14,1.12971406e-13,8.032986412e-14,1.418231703e-13,1.60609157e-13,1.757472648e-13,3.83820345e-13,3.120601732e-13,2.229941961e-13,6.441983931e-14,6.366523831e-13,4.81096005e-14,3.782202443e-14,3.086664498e-14,2.714840508e-14,2.776068784e-14,9.205786873e-14,1.590488343e-13,7.068996504e-14,4.961741231e-13,8.215565594e-14,1.232923993e-13,1.469910411e-14
46.3984375,1.671618195e-13,1.572847071e-13,2.183541529e-13,1.185653678e-13,3.064729089e-13,2.820686665e-13,6.8177804e-14,2.902064238e-14,4.61581125e-14,4.735239105e-14,1.161722387e-13,8.197278689e-14,1.440019964e-13,1.637596647e-13,1.759508748e-13,3.818051938e-13,3.125019198e-13,2.261535701e-13,6.499672392e-14,6.397894529e-13,4.849160547e-14,3.813381677e-14,3.129000849e-14,2.698259723e-14,2.802834532e-14,9.113042213e-14,1.601495547e-13,7.047250419e-14,5.028661789e-13,8.105267767e-14,1.25632748e-13,1.442582107e-14
46.40625,1.683864625e-13,1.595391128e-13,2.239577927e-13,1.17455958e-13,3.090436703e-13,2.856074413e-13,6.921119858e-14,2.89909899e-14,4.626069469e-14,4.765842302e-14,1.194106364e-13,8.364726772e-14,1.46242458e-13,1.669811981e-13,1.763804769e-13,3.800191053e-13,3.131431764e-13,2.294503024e-13,6.56236196e-14,6.429152449e-13,4.890929833e-14,3.843167096e-14,3.171037372e-14,2.69002058e-14,2.831583844e-14,9.018516083e-14,1.61422097e-13,7.040937055e-14,5.096412125e-13,7.990196669e-14,1.281275167e-13,1.414847637e-14
46.4140625,1.697823014e-13,1.619295037e-13,2.29688269e-13,1.163057502e-13,3.117300021e-13,2.890910284e-13,7.023273345e-14,2.898142972e-14,4.63286681e-14,4.796798662e-14,1.226354178e-13,8.531521279e-14,1.485250702e-13,1.703276479e-13,1.770076021e-13,3.785671775e-13,3.14067904e-13,2.329145023e-13,6.634479339e-14,6.461303025e-13,4.9313431e-14,3.872443564e-14,3.213110822e-14,2.680941507e-14,2.86360005e-14,8.927662738e-14,1.629254656e-13,7.041706274e-14,5.164898183e-13,7.87534623e-14,1.307125877e-13,1.389092288e-14
46.421875,1.714315112e-13,1.64310025e-13,2.356472643e-13,1.152965223e-13,3.144517511e-13,2.925637512e-13,7.125538902e-14,2.8988956e-14,4.639417603e-14,4.826866848e-14,1.259169561e-13,8.696145006e-14,1.508131305e-13,1.73882511e-13,1.778470483e-13,3.774000657e-13,3.15264933e-13,2.365018432e-13,6.712254413e-14,6.493022004e-13,4.968798129e-14,3.904187342e-14,3.254483469e-14,2.672310056e-14,2.898357131e-14,8.841670953e-14,1.645985505e-13,7.047873887e-14,5.234585648e-13,7.761829957e-14,1.334039199e-13,1.366127391e-14
46.4296875,1.731655428e-13,1.665903815e-13,2.420370728e-13,1.14801411e-13,3.170544811e-13,2.961373934e-13,7.227958288e-14,2.901693038e-14,4.646612064e-14,4.863859247e-14,1.292689099e-13,8.867426392e-14,1.532033912e-13,1.776265397e-13,1.790827223e-13,3.766285012e-13,3.167645283e-13,2.402470185e-13,6.795263203e-14,6.524916287e-13,5.006043083e-14,3.937384407e-14,3.294264827e-14,2.670835689e-14,2.936044147e-14,8.76482963e-14,1.664816725e-13,7.074418617e-14,5.305355282e-13,7.649117348e-14,1.363365617e-13,1.343162241e-14
46.4375,1.748139981e-13,1.688913874e-13,2.487729591e-13,1.146063422e-13,3.194573022e-13,2.996800631e-13,7.329200526e-14,2.903785765e-14,4.647884654e-14,4.906263249e-14,1.326788438e-13,9.044257052e-14,1.557147184e-13,1.814777835e-13,1.807583204e-13,3.763694496e-13,3.187246695e-13,2.441547426e-13,6.885893669e-14,6.557376825e-13,5.043991661e-14,3.968654566e-14,3.333371907e-14,2.670597672e-14,2.97859455e-14,8.69852102e-14,1.687481833e-13,7.118236896e-14,5.376335015e-13,7.537819563e-14,1.395343513e-13,1.318243546e-14
46.4453125,1.764130116e-13,1.711665083e-13,2.555010134e-13,1.143507049e-13,3.216623569e-13,3.03025825e-13,7.430084855e-14,2.903203465e-14,4.639700698e-14,4.944767807e-14,1.361603327e-13,9.212744008e-14,1.581916287e-13,1.853775516e-13,1.825501667e-13,3.762414465e-13,3.209505514e-13,2.480607826e-13,6.978540673e-14,6.585855699e-13,5.084671728e-14,3.997587045e-14,3.373138451e-14,2.667734941e-14,3.024650437e-14,8.633851858e-14,1.712287133e-13,7.157444944e-14,5.447199307e-13,7.426331191e-14,1.427739659e-13,1.292148584e-14
46.453125,1.780686701e-13,1.733672832e-13,2.622266726e-13,1.142636334e-13,3.238090933e-13,3.062876452e-13,7.530385184e-14,2.904176492e-14,4.627936214e-14,4.979321366e-14,1.397520933e-13,9.376733819e-14,1.606702639e-13,1.894152818e-13,1.844359413e-13,3.762068088e-13,3.232855961e-13,2.519747222e-13,7.074328147e-14,6.60973242e-13,5.133107333e-14,4.026374794e-14,3.415016109e-14,2.669955044e-14,3.073548474e-14,8.570680966e-14,1.738063895e-13,7.198162799e-14,5.518596567e-13,7.315478956e-14,1.460939134e-13,1.26587592e-14
46.4609375,1.798506092e-13,1.757594362e-13,2.692823727e-13,1.146012444e-13,3.260341216e-13,3.096463372e-13,7.629243336e-14,2.91384645e-14,4.619129376e-14,5.011439826e-14,1.434812939e-13,9.549876998e-14,1.633503814e-13,1.937657201e-13,1.868086904e-13,3.768298629e-13,3.260954542e-13,2.561036488e-13,7.181758494e-14,6.635607426e-13,5.187851744e-14,4.056814422e-14,3.45926887e-14,2.679977363e-14,3.127794683e-14,8.51536356e-14,1.76772358e-13,7.262214481e-14,5.591212154e-13,7.209192449e-14,1.497705415e-13,1.240316429e-14
46.46875,1.817462665e-13,1.783459962e-13,2.767184797e-13,1.152084293e-13,3.281901117e-13,3.130614641e-13,7.729560813e-14,2.933746554e-14,4.612637479e-14,5.040617713e-14,1.472674069e-13,9.727550078e-14,1.662130776e-13,1.983938173e-13,1.896834345e-13,3.780731625e-13,3.294543688e-13,2.603670907e-13,7.295181332e-14,6.66610477e-13,5.242419572e-14,4.088103301e-14,3.502669479e-14,2.695587045e-14,3.185673946e-14,8.462881552e-14,1.801252332e-13,7.34408043e-14,5.665252705e-13,7.10656123e-14,1.53688702e-13,1.216135006e-14
46.4765625,1.835627069e-13,1.807301671e-13,2.843918905e-13,1.159911771e-13,3.300509239e-13,3.163401697e-13,7.831577081e-14,2.956892545e-14,4.602752791e-14,5.072863336e-14,1.510173735e-13,9.902939255e-14,1.691132824e-13,2.03077123e-13,1.92810834e-13,3.79533793e-13,3.329485537e-13,2.645155826e-13,7.406176457e-14,6.698519162e-13,5.297131158e-14,4.117232174e-14,3.543141021e-14,2.716302188e-14,3.244556199e-14,8.411013054e-14,1.835575574e-13,7.427231664e-14,5.740616581e-13,7.001914399e-14,1.576347335e-13,1.192290593e-14
46.484375,1.852011467e-13,1.828809968e-13,2.922506449e-13,1.169803114e-13,3.316976728e-13,3.194364844e-13,7.930628557e-14,2.975826093e-14,4.585687533e-14,5.111215572e-14,1.547938239e-13,1.008003604e-13,1.720154658e-13,2.077528995e-13,1.962287742e-13,3.813753289e-13,3.365812353e-13,2.685920636e-13,7.518413408e-14,6.731055839e-13,5.356337698e-14,4.143212489e-14,3.58310017e-14,2.738412576e-14,3.307112357e-14,8.366542861e-14,1.870970195e-13,7.510101745e-14,5.816873206e-13,6.891451436e-14,1.617348289e-13,1.167964004e-14
46.4921875,1.869400757e-13,1.851075208e-13,3.002826625e-13,1.181222921e-13,3.333377886e-13,3.225599139e-13,8.02698405e-14,2.993219635e-14,4.563929429e-14,5.152283119e-14,1.586879641e-13,1.025964216e-13,1.749677057e-13,2.125936236e-13,2.000086012e-13,3.837579388e-13,3.406948879e-13,2.72787511e-13,7.633925651e-14,6.762096005e-13,5.420069918e-14,4.169155789e-14,3.623881925e-14,2.762834572e-14,3.374234615e-14,8.328834075e-14,1.909088377e-13,7.598580876e-14,5.893806183e-13,6.778506562e-14,1.660804817e-13,1.144454778e-14
46.5,1.889599953e-13,1.87442085e-13,3.085506744e-13,1.194884359e-13,3.349704794e-13,3.258237063e-13,8.12439556e-14,3.017839311e-14,4.540678366e-14,5.195562013e-14,1.626897225e-13,1.043893647e-13,1.780025215e-13,2.176955203e-13,2.041383703e-13,3.865924477e-13,3.453328762e-13,2.771333463e-13,7.752757023e-14,6.791362384e-13,5.487499664e-14,4.197334732e-14,3.663957023e-14,2.796542553e-14,3.44408818e-14,8.295887391e-14,1.950177979e-13,7.697708288e-14,5.971463908e-13,6.671859999e-14,1.706197937e-13,1.122039233e-14
46.5078125,1.909737165e-13,1.897586344e-13,3.170847253e-13,1.211669691e-13,3.364770724e-13,3.290050748e-13,8.221957002e-14,3.049284985e-14,4.513704152e-14,5.240868131e-14,1.667659282e-13,1.061441454e-13,1.810163051e-13,2.228763676e-13,2.086698035e-13,3.899667026e-13,3.50300087e-13,2.81512985e-13,7.876347893e-14,6.821102057e-13,5.558486774e-14,4.224778638e-14,3.703422628e-14,2.835324773e-14,3.517649691e-14,8.272441447e-14,1.994071105e-13,7.805960814e-14,6.049273185e-13,6.573533523e-14,1.752993446e-13,1.099404424e-14
46.515625,1.92756406e-13,1.920551809e-13,3.258613298e-13,1.229946846e-13,3.378907163e-13,3.319801784e-13,8.318578876e-14,3.079928209e-14,4.48299275e-14,5.288407026e-14,1.708792849e-13,1.078634608e-13,1.83957661e-13,2.280431594e-13,2.135271416e-13,3.937938922e-13,3.554022573e-13,2.858318277e-13,8.000328843e-14,6.851150512e-13,5.629163091e-14,4.249267045e-14,3.743810169e-14,2.87149951e-14,3.595271903e-14,8.259123406e-14,2.039682524e-13,7.917469244e-14,6.127177664e-13,6.476085309e-14,1.800585851e-13,1.077741428e-14
46.5234375,1.945179977e-13,1.943043165e-13,3.350127181e-13,1.249137958e-13,3.394144089e-13,3.350185313e-13,8.416628677e-14,3.111010631e-14,4.453649847e-14,5.339541701e-14,1.750210526e-13,1.096494877e-13,1.870574879e-13,2.334809285e-13,2.186429462e-13,3.978593878e-13,3.606422541e-13,2.901844946e-13,8.126766577e-14,6.879870071e-13,5.697437002e-14,4.275485849e-14,3.784514263e-14,2.910513023e-14,3.676429101e-14,8.251345075e-14,2.086687478e-13,8.034836427e-14,6.206178362e-13,6.376224908e-14,1.850248446e-13,1.059146157e-14
46.53125,1.965144549e-13,1.964379983e-13,3.444742169e-13,1.270937565e-13,3.410802853e-13,3.382380638e-13,8.515555125e-14,3.147997009e-14,4.423425857e-14,5.389072341e-14,1.792580536e-13,1.114831985e-13,1.903769712e-13,2.392761001e-13,2.241167482e-13,4.02260649e-13,3.66200469e-13,2.946682543e-13,8.26456456e-14,6.907678526e-13,5.769038892e-14,4.306074986e-14,3.823632874e-14,2.957463774e-14,3.761918028e-14,8.245117988e-14,2.136178491e-13,8.162830121e-14,6.285612877e-13,6.277687207e-14,1.902707817e-13,1.042204222e-14
46.5390625,1.986825294e-13,1.984838356e-13,3.538539127e-13,1.294716428e-13,3.426050555e-13,3.412926548e-13,8.610230181e-14,3.187645751e-14,4.385907071e-14,5.433158421e-14,1.835871343e-13,1.131898665e-13,1.93624973e-13,2.450408513e-13,2.298496591e-13,4.069855524e-13,3.72033143e-13,2.991185098e-13,8.407048808e-14,6.933886871e-13,5.848157287e-14,4.33477103e-14,3.861718057e-14,3.009949954e-14,3.84967414e-14,8.241532569e-14,2.187753848e-13,8.298309817e-14,6.363610852e-13,6.183162869e-14,1.955117504e-13,1.025248409e-14
46.546875,2.007710105e-13,2.005120121e-13,3.631592618e-13,1.318990509e-13,3.438339258e-13,3.439925622e-13,8.697465703e-14,3.227789263e-14,4.345599778e-14,5.476969853e-14,1.879414093e-13,1.147971056e-13,1.96761732e-13,2.506642835e-13,2.356868483e-13,4.118918767e-13,3.77976405e-13,3.0341174e-13,8.543358636e-14,6.957772291e-13,5.93225679e-14,4.358700861e-14,3.90011437e-14,3.068524347e-14,3.937780898e-14,8.250191132e-14,2.241385298e-13,8.439678737e-14,6.440290552e-13,6.094680493e-14,2.007190008e-13,1.009880574e-14
46.5546875,2.027181273e-13,2.025690113e-13,3.727215968e-13,1.345458901e-13,3.449158263e-13,3.465636247e-13,8.779261548e-14,3.27257264e-14,4.30772886e-14,5.524922313e-14,1.92375645e-13,1.164398285e-13,1.999508443e-13,2.564316754e-13,2.41781475e-13,4.171503952e-13,3.841141426e-13,3.076611685e-13,8.677779646e-14,6.981687238e-13,6.020984628e-14,4.383398148e-14,3.937078732e-14,3.132649798e-14,4.028155122e-14,8.275093576e-14,2.298812187e-13,8.58847892e-14,6.516459377e-13,6.014276227e-14,2.061988068e-13,9.971077515e-15
46.5625,2.04679953e-13,2.046752438e-13,3.824970147e-13,1.375047025e-13,3.458809051e-13,3.490726892e-13,8.858022945e-14,3.319273741e-14,4.265485392e-14,5.580208202e-14,1.969097261e-13,1.180457576e-13,2.031076281e-13,2.623418267e-13,2.481781978e-13,4.228107333e-13,3.904931365e-13,3.118334241e-13,8.813785791e-14,7.006241801e-13,6.115242006e-14,4.409634802e-14,3.971967047e-14,3.198174783e-14,4.119965026e-14,8.305966593e-14,2.359367577e-13,8.744351328e-14,6.591583872e-13,5.93981555e-14,2.118912298e-13,9.855023378e-15
46.5703125,2.066502993e-13,2.068257398e-13,3.923451992e-13,1.405603649e-13,3.46651372e-13,3.514157669e-13,8.933140947e-14,3.362349711e-14,4.214710416e-14,5.642472149e-14,2.014163578e-13,1.195564895e-13,2.062320675e-13,2.682555839e-13,2.547021378e-13,4.286827831e-13,3.970389114e-13,3.157818546e-13,8.94783712e-14,7.029655151e-13,6.210699879e-14,4.43334809e-14,4.007120504e-14,3.265665548e-14,4.211208789e-14,8.33679795e-14,2.421150333e-13,8.908785059e-14,6.665653945e-13,5.866463909e-14,2.176239669e-13,9.745221324e-15
46.578125,2.08550303e-13,2.090556201e-13,4.023799541e-13,1.436906132e-13,3.473880349e-13,3.537669316e-13,9.005431833e-14,3.405306519e-14,4.161868267e-14,5.701307777e-14,2.059358405e-13,1.210787164e-13,2.095452451e-13,2.743344016e-13,2.614281584e-13,4.348838458e-13,4.038969066e-13,3.196764391e-13,9.082547129e-14,7.052205668e-13,6.306099451e-14,4.456962573e-14,4.041324617e-14,3.337452403e-14,4.305080562e-14,8.372323284e-14,2.485076025e-13,9.08262749e-14,6.740580991e-13,5.792462838e-14,2.235329019e-13,9.651781728e-15
46.5859375,2.105492332e-13,2.113887609e-13,4.126501929e-13,1.470616862e-13,3.482180151e-13,3.562046036e-13,9.077611039e-14,3.452184205e-14,4.111162796e-14,5.754404863e-14,2.106261183e-13,1.226485001e-13,2.130455491e-13,2.806629059e-13,2.684622367e-13,4.415429121e-13,4.111485757e-13,3.237503025e-13,9.222892299e-14,7.073705205e-13,6.405752023e-14,4.483826794e-14,4.072613201e-14,3.414380956e-14,4.404391464e-14,8.41440013e-14,2.552333341e-13,9.261929348e-14,6.818260816e-13,5.720952322e-14,2.296980661e-13,9.580454472e-15
46.59375,2.126324269e-13,2.13662367e-13,4.230661272e-13,1.505991615e-13,3.489211124e-13,3.584168099e-13,9.148533711e-14,3.50249051e-14,4.060515331e-14,5.811966907e-14,2.153626858e-13,1.241932352e-13,2.16565151e-13,2.869967748e-13,2.756011251e-13,4.484196629e-13,4.185338855e-13,3.278117758e-13,9.365794273e-14,7.092900148e-13,6.508729165e-14,4.509900838e-14,4.103768975e-14,3.497624035e-14,4.507706967e-14,8.460573643e-14,2.621875812e-13,9.440107326e-14,6.897343054e-13,5.654062013e-14,2.360714984e-13,9.526861611e-15
46.6015625,2.144519488e-13,2.156692605e-13,4.335650683e-13,1.542376994e-13,3.493329383e-13,3.603604207e-13,9.215557197e-14,3.556793393e-14,4.007779516e-14,5.873578024e-14,2.199654476e-13,1.256703614e-13,2.200699857e-13,2.932200906e-13,2.827577189e-13,4.553920045e-13,4.259448446e-13,3.315724644e-13,9.50383989e-14,7.111446435e-13,6.612455667e-14,4.533097193e-14,4.135438933e-14,3.583200667e-14,4.613151498e-14,8.510307282e-14,2.692360204e-13,9.613099814e-14,6.974492373e-13,5.588855517e-14,2.426227328e-13,9.485661202e-15
46.609375,2.160932553e-13,2.174762072e-13,4.441867425e-13,1.581469311e-13,3.496351529e-13,3.623283444e-13,9.278504984e-14,3.613744738e-14,3.953431153e-14,5.934154261e-14,2.245858966e-13,1.271188606e-13,2.236331353e-13,2.99578638e-13,2.901365757e-13,4.626278285e-13,4.335852687e-13,3.351592802e-13,9.63840641e-14,7.130676899e-13,6.720021454e-14,4.559069378e-14,4.165607827e-14,3.667455803e-14,4.719891005e-14,8.566266411e-14,2.764206282e-13,9.790568183e-14,7.050073854e-13,5.525431437e-14,2.49331348e-13,9.460201616e-15
46.6171875,2.179894474e-13,2.193011866e-13,4.550243567e-13,1.622892549e-13,3.499565458e-13,3.64253992e-13,9.335880094e-14,3.671031127e-14,3.899403041e-14,5.997481532e-14,2.293844241e-13,1.286009089e-13,2.273280468e-13,3.062313581e-13,2.977751017e-13,4.701689803e-13,4.41486643e-13,3.387874256e-13,9.779733505e-14,7.149303274e-13,6.831854877e-14,4.590200029e-14,4.195666328e-14,3.757834499e-14,4.828598722e-14,8.631305901e-14,2.838995457e-13,9.986208557e-14,7.126822578e-13,5.468537233e-14,2.563309902e-13,9.452232824e-15
46.625,2.200995445e-13,2.212023699e-13,4.659604412e-13,1.664304586e-13,3.501738108e-13,3.659313215e-13,9.387133565e-14,3.73137337e-14,3.845320128e-14,6.062242987e-14,2.342501901e-13,1.300645553e-13,2.311021765e-13,3.129705565e-13,3.054772492e-13,4.778862745e-13,4.494960898e-13,3.423298427e-13,9.927454492e-14,7.167695007e-13,6.945737726e-14,4.621303204e-14,4.225484815e-14,3.858860684e-14,4.93982852e-14,8.703441771e-14,2.916464603e-13,1.019227185e-13,7.203711801e-13,5.416813676e-14,2.636723403e-13,9.456489289e-15
46.6328125,2.221301646e-13,2.231428372e-13,4.768342914e-13,1.706691037e-13,3.50267085e-13,3.675454953e-13,9.437595864e-14,3.796814184e-14,3.789400245e-14,6.122141393e-14,2.391041187e-13,1.314124342e-13,2.348413868e-13,3.196586731e-13,3.132467843e-13,4.858017486e-13,4.576594226e-13,3.456729498e-13,1.007106344e-13,7.186808885e-13,7.064854104e-14,4.650506916e-14,4.252673936e-14,3.9610597e-14,5.051951991e-14,8.779210168e-14,2.995029486e-13,1.039609287e-13,7.278746146e-13,5.367391621e-14,2.710971691e-13,9.481696962e-15
46.640625,2.239965417e-13,2.251283066e-13,4.878422972e-13,1.752370397e-13,3.502881652e-13,3.692402453e-13,9.490572822e-14,3.865567283e-14,3.731795829e-14,6.177281738e-14,2.440176393e-13,1.326771237e-13,2.385756525e-13,3.264061385e-13,3.213152154e-13,4.941091326e-13,4.660862137e-13,3.489187199e-13,1.021012886e-13,7.205739777e-13,7.190407128e-14,4.681084412e-14,4.278431823e-14,4.05916532e-14,5.164654643e-14,8.858260985e-14,3.075349289e-13,1.060470165e-13,7.353215171e-13,5.325017709e-14,2.785543519e-13,9.538973195e-15
46.6484375,2.256687557e-13,2.271376076e-13,4.99124027e-13,1.800393917e-13,3.500575456e-13,3.708237901e-13,9.54130423e-14,3.936331012e-14,3.671405523e-14,6.230091531e-14,2.489937234e-13,1.339298449e-13,2.423386128e-13,3.331701471e-13,3.297012437e-13,5.028200462e-13,4.746742538e-13,3.520165002e-13,1.034885806e-13,7.22414301e-13,7.318118695e-14,4.712131312e-14,4.303741923e-14,4.16095185e-14,5.27892176e-14,8.940581307e-14,3.158368599e-13,1.082458902e-13,7.428100319e-13,5.290454375e-14,2.862825144e-13,9.615431165e-15
46.65625,2.27299934e-13,2.291531426e-13,5.104454563e-13,1.849574508e-13,3.495675408e-13,3.72232845e-13,9.585776294e-14,4.007362082e-14,3.608527972e-14,6.284084734e-14,2.539719618e-13,1.352004596e-13,2.460602013e-13,3.398794908e-13,3.38170456e-13,5.11707824e-13,4.833358921e-13,3.549111239e-13,1.048676342e-13,7.241158808e-13,7.4487334e-14,4.741547351e-14,4.327998223e-14,4.270444585e-14,5.39323257e-14,9.027832167e-14,3.242827482e-13,1.105320917e-13,7.502888249e-13,5.256368178e-14,2.942607518e-13,9.705406484e-15
46.6640625,2.291170625e-13,2.312181754e-13,5.216872303e-13,1.901083022e-13,3.491424954e-13,3.7361002e-13,9.627586116e-14,4.078338994e-14,3.548288945e-14,6.339949136e-14,2.589324754e-13,1.364975992e-13,2.49722909e-13,3.466373013e-13,3.466385803e-13,5.206939471e-13,4.921281417e-13,3.577649601e-13,1.062440525e-13,7.25541779e-13,7.585529165e-14,4.771635539e-14,4.351955264e-14,4.381328157e-14,5.506529108e-14,9.120674723e-14,3.328072748e-13,1.12902494e-13,7.577720877e-13,5.221319055e-14,3.022442161e-13,9.822543848e-15
46.671875,2.308881344e-13,2.333256011e-13,5.328794362e-13,1.955059343e-13,3.486752739e-13,3.749359134e-13,9.671073099e-14,4.151553084e-14,3.488719258e-14,6.391161282e-14,2.638557897e-13,1.377139929e-13,2.533079758e-13,3.533008265e-13,3.551768742e-13,5.29889738e-13,5.010442382e-13,3.604660206e-13,1.075475216e-13,7.268758849e-13,7.72531768e-14,4.801318172e-14,4.374917574e-14,4.49075177e-14,5.62001581e-14,9.213736733e-14,3.414705194e-13,1.152550188e-13,7.652375265e-13,5.189858851e-14,3.101244914e-13,9.95973309e-15
46.6796875,2.324465801e-13,2.354302791e-13,5.439608551e-13,2.009949255e-13,3.478017678e-13,3.761056568e-13,9.713288425e-14,4.226030376e-14,3.422655545e-14,6.438876048e-14,2.687611628e-13,1.387658742e-13,2.568128731e-13,3.597374242e-13,3.637704677e-13,5.393019e-13,5.100938646e-13,3.627683755e-13,1.08697373e-13,7.281681009e-13,7.865145392e-14,4.827858222e-14,4.397885086e-14,4.605417197e-14,5.734702546e-14,9.308160307e-14,3.503144832e-13,1.175010683e-13,7.726499623e-13,5.163856722e-14,3.180287862e-13,1.010908878e-14
46.6875,2.341945404e-13,2.375857853e-13,5.55029794e-13,2.065776338e-13,3.468129075e-13,3.772054162e-13,9.749947013e-14,4.302270004e-14,3.355688251e-14,6.49027354e-14,2.737229601e-13,1.397889911e-13,2.603767475e-13,3.663093934e-13,3.724818499e-13,5.489003355e-13,5.193687593e-13,3.649518495e-13,1.098416166e-13,7.29083874e-13,8.007271332e-14,4.856454988e-14,4.424481758e-14,4.729002906e-14,5.852306277e-14,9.413337699e-14,3.593475292e-13,1.198086252e-13,7.800153263e-13,5.14334379e-14,3.261534788e-13,1.029812141e-14
46.6953125,2.361383514e-13,2.398611538e-13,5.661950794e-13,2.124218188e-13,3.459994668e-13,3.783287085e-13,9.783328685e-14,4.385168375e-14,3.294401389e-14,6.540361484e-14,2.78712549e-13,1.408598369e-13,2.640155321e-13,3.730946149e-13,3.814721087e-13,5.587489712e-13,5.287517856e-13,3.672451595e-13,1.110986785e-13,7.297788537e-13,8.152312724e-14,4.889650078e-14,4.45118044e-14,4.85478851e-14,5.972733163e-14,9.527946615e-14,3.68447345e-13,1.222831063e-13,7.872511247e-13,5.127501006e-14,3.344040877e-13,1.054045386e-14
46.703125,2.377133962e-13,2.421991497e-13,5.772752278e-13,2.185621227e-13,3.449100995e-13,3.793058936e-13,9.814216921e-14,4.470874517e-14,3.230118506e-14,6.583725932e-14,2.836510245e-13,1.418551428e-13,2.675613317e-13,3.796370649e-13,3.905904271e-13,5.687928234e-13,5.38020192e-13,3.6925792e-13,1.122867135e-13,7.306539269e-13,8.300134993e-14,4.920489619e-14,4.472711629e-14,4.977842993e-14,6.091004893e-14,9.644257433e-14,3.775690567e-13,1.247737435e-13,7.943791519e-13,5.116325554e-14,3.42572931e-13,1.080479823e-14
46.7109375,2.389258989e-13,2.444545773e-13,5.882350143e-13,2.24795314e-13,3.433585465e-13,3.799603532e-13,9.83794948e-14,4.5518491e-14,3.158902138e-14,6.6245326e-14,2.886205571e-13,1.427422407e-13,2.710163222e-13,3.859431994e-13,3.994958663e-13,5.788326824e-13,5.471920274e-13,3.707922548e-13,1.13291679e-13,7.313089753e-13,8.454089669e-14,4.947825978e-14,4.493027038e-14,5.102563484e-14,6.204982116e-14,9.762685542e-14,3.869148294e-13,1.272174349e-13,8.01537512e-13,5.112494822e-14,3.507785965e-13,1.107178482e-14
46.71875,2.401610599e-13,2.465631501e-13,5.993202401e-13,2.309995669e-13,3.417377988e-13,3.80439202e-13,9.85635298e-14,4.633715608e-14,3.089958318e-14,6.664090277e-14,2.936982526e-13,1.435893316e-13,2.744997827e-13,3.923431678e-13,4.08258798e-13,5.888816113e-13,5.563874678e-13,3.721554791e-13,1.142373339e-13,7.313400294e-13,8.613385402e-14,4.976687901e-14,4.515777455e-14,5.230936568e-14,6.319878194e-14,9.886377167e-14,3.964707209e-13,1.296643631e-13,8.086478057e-13,5.114624242e-14,3.591030308e-13,1.136652338e-14
46.7265625,2.413588461e-13,2.486928062e-13,6.105135345e-13,2.37352984e-13,3.40058345e-13,3.809407681e-13,9.874792974e-14,4.722256682e-14,3.025150403e-14,6.704103219e-14,2.98731666e-13,1.444041673e-13,2.780049308e-13,3.987404938e-13,4.172192711e-13,5.991969688e-13,5.656939396e-13,3.735016774e-13,1.151815922e-13,7.312314178e-13,8.772131309e-14,5.005867192e-14,4.53894963e-14,5.358084985e-14,6.439340737e-14,1.001905988e-13,4.060504875e-13,1.321075875e-13,8.156604189e-13,5.116810549e-14,3.673540553e-13,1.17138808e-14
46.734375,2.424958196e-13,2.510416537e-13,6.214889786e-13,2.438665436e-13,3.381671895e-13,3.813496353e-13,9.88965747e-14,4.810668861e-14,2.959292612e-14,6.747926082e-14,3.035815231e-13,1.451898089e-13,2.814549705e-13,4.050291789e-13,4.263303e-13,6.097833702e-13,5.751710073e-13,3.747722056e-13,1.160980941e-13,7.313125944e-13,8.930993362e-14,5.034162918e-14,4.563155518e-14,5.484725047e-14,6.560045381e-14,1.016279573e-13,4.157578509e-13,1.345870877e-13,8.227248544e-13,5.118820715e-14,3.755391257e-13,1.210375691e-14
46.7421875,2.437859257e-13,2.534498629e-13,6.321041275e-13,2.502495913e-13,3.363400998e-13,3.815231344e-13,9.898186647e-14,4.896550227e-14,2.89356127e-14,6.790296502e-14,3.083347727e-13,1.459411079e-13,2.848029242e-13,4.11361432e-13,4.352776873e-13,6.203205758e-13,5.846320145e-13,3.759264096e-13,1.169986372e-13,7.31264442e-13,9.093982617e-14,5.065231356e-14,4.590340233e-14,5.617020178e-14,6.677635333e-14,1.03085902e-13,4.255931192e-13,1.371177139e-13,8.297406322e-13,5.125331421e-14,3.83814445e-13,1.252317469e-14
46.75,2.450824553e-13,2.556383552e-13,6.426352272e-13,2.567025788e-13,3.347067279e-13,3.817001966e-13,9.906567632e-14,4.987786007e-14,2.831213743e-14,6.829257719e-14,3.131244416e-13,1.466517305e-13,2.881378593e-13,4.177778108e-13,4.441517092e-13,6.307921757e-13,5.938725164e-13,3.76908148e-13,1.178707591e-13,7.310029239e-13,9.259362063e-14,5.099611504e-14,4.618783324e-14,5.752521069e-14,6.792473053e-14,1.044880916e-13,4.35320778e-13,1.396327436e-13,8.365172305e-13,5.137964926e-14,3.921569096e-13,1.298222118e-14
46.7578125,2.461721289e-13,2.577428894e-13,6.533762256e-13,2.637553074e-13,3.329878825e-13,3.821328605e-13,9.916252193e-14,5.087405968e-14,2.771450488e-14,6.871971643e-14,3.179760572e-13,1.473648283e-13,2.915714287e-13,4.242151372e-13,4.53336527e-13,6.415179715e-13,6.030878142e-13,3.777689737e-13,1.187092899e-13,7.308005836e-13,9.428194085e-14,5.135005279e-14,4.645406347e-14,5.885570595e-14,6.907167556e-14,1.059083717e-13,4.450299079e-13,1.421975617e-13,8.431593535e-13,5.155765072e-14,4.004834606e-13,1.348256957e-14
46.765625,2.471675763e-13,2.600445576e-13,6.640641489e-13,2.711494304e-13,3.309429839e-13,3.825223973e-13,9.920760143e-14,5.191189637e-14,2.710107034e-14,6.919048902e-14,3.228111732e-13,1.480138681e-13,2.949284804e-13,4.304697449e-13,4.627417873e-13,6.524091459e-13,6.123613515e-13,3.785464664e-13,1.195261623e-13,7.307337218e-13,9.604040078e-14,5.16858235e-14,4.669460902e-14,6.021145574e-14,7.020902103e-14,1.074073152e-13,4.548731705e-13,1.44872442e-13,8.496418117e-13,5.177623104e-14,4.086542506e-13,1.401245969e-14
46.7734375,2.480591113e-13,2.624716612e-13,6.743205117e-13,2.783524465e-13,3.285127995e-13,3.825384939e-13,9.918734908e-14,5.295826913e-14,2.643636286e-14,6.967394273e-14,3.275291583e-13,1.484818452e-13,2.980449631e-13,4.362931942e-13,4.718887874e-13,6.630402787e-13,6.21375394e-13,3.790868318e-13,1.202758695e-13,7.30591098e-13,9.780752561e-14,5.197657487e-14,4.694020295e-14,6.162008246e-14,7.13114738e-14,1.089078915e-13,4.64689583e-13,1.475450816e-13,8.557674684e-13,5.201643317e-14,4.165718658e-13,1.457605707e-14
46.78125,2.488024966e-13,2.648474061e-13,6.843890284e-13,2.856113852e-13,3.258918425e-13,3.825289039e-13,9.915977221e-14,5.400100735e-14,2.576504292e-14,7.017067147e-14,3.321514208e-13,1.488778067e-13,3.011235982e-13,4.418984746e-13,4.807108501e-13,6.733803408e-13,6.301606918e-13,3.794220434e-13,1.209574195e-13,7.301075931e-13,9.954149414e-14,5.226259463e-14,4.721246739e-14,6.297479587e-14,7.239114861e-14,1.103163189e-13,4.743792546e-13,1.502078257e-13,8.617035255e-13,5.225300004e-14,4.244114444e-13,1.517560973e-14
46.7890625,2.496596008e-13,2.671967577e-13,6.944412182e-13,2.931066889e-13,3.233713532e-13,3.827680995e-13,9.915022703e-14,5.502685156e-14,2.515469676e-14,7.064990852e-14,3.367127332e-13,1.493060442e-13,3.042243239e-13,4.475378675e-13,4.893998459e-13,6.836044942e-13,6.389747137e-13,3.797059779e-13,1.216236879e-13,7.29298361e-13,1.013231653e-13,5.259196642e-14,4.749466857e-14,6.424899856e-14,7.346082664e-14,1.116502185e-13,4.839341176e-13,1.529088271e-13,8.677121204e-13,5.247622745e-14,4.322304967e-13,1.580164596e-14
46.796875,2.506800511e-13,2.695686585e-13,7.040187508e-13,3.004802002e-13,3.208656593e-13,3.828403864e-13,9.911452925e-14,5.603201055e-14,2.458345124e-14,7.109223771e-14,3.410759507e-13,1.496186818e-13,3.071012405e-13,4.529176388e-13,4.978268186e-13,6.936247951e-13,6.475156623e-13,3.797473304e-13,1.222235744e-13,7.284031494e-13,1.031816185e-13,5.291978257e-14,4.778687541e-14,6.556601302e-14,7.449031447e-14,1.129983318e-13,4.933353873e-13,1.55529848e-13,8.736835643e-13,5.271432477e-14,4.398128048e-13,1.646434178e-14
46.8046875,2.515654051e-13,2.719284587e-13,7.130312943e-13,3.078986445e-13,3.18177662e-13,3.826393817e-13,9.903500508e-14,5.704823882e-14,2.401701998e-14,7.150911359e-14,3.451892005e-13,1.497682759e-13,3.098255936e-13,4.58004914e-13,5.060154402e-13,7.034928671e-13,6.556262406e-13,3.794654152e-13,1.226994344e-13,7.274123673e-13,1.050693532e-13,5.322395574e-14,4.809183968e-14,6.693199052e-14,7.54833419e-14,1.143768671e-13,5.027248025e-13,1.580735996e-13,8.794396704e-13,5.299333233e-14,4.472120566e-13,1.717463553e-14
46.8125,2.522731843e-13,2.742473679e-13,7.219440328e-13,3.15710337e-13,3.154250787e-13,3.825705498e-13,9.895762293e-14,5.811245661e-14,2.347084513e-14,7.190476442e-14,3.492488477e-13,1.499148962e-13,3.126764639e-13,4.63247565e-13,5.143516578e-13,7.135397218e-13,6.639065522e-13,3.791978169e-13,1.23118866e-13,7.262236763e-13,1.069892876e-13,5.355279938e-14,4.838522607e-14,6.822195237e-14,7.650370106e-14,1.15744421e-13,5.121455162e-13,1.60683986e-13,8.849841247e-13,5.328911295e-14,4.546669829e-13,1.792287823e-14
46.8203125,2.529355479e-13,2.765326775e-13,7.308046107e-13,3.234875551e-13,3.126199631e-13,3.825154033e-13,9.888921501e-14,5.921236813e-14,2.293125499e-14,7.232875632e-14,3.533476814e-13,1.500858747e-13,3.155832034e-13,4.685295014e-13,5.227772516e-13,7.23781888e-13,6.725449234e-13,3.789516967e-13,1.235361962e-13,7.25031814e-13,1.089237113e-13,5.388781339e-14,4.868419328e-14,6.944230397e-14,7.755622798e-14,1.171291082e-13,5.215085755e-13,1.633115731e-13,8.903440925e-13,5.358310259e-14,4.62133671e-13,1.871269992e-14
46.828125,2.534832579e-13,2.788423155e-13,7.393987955e-13,3.310810961e-13,3.096005468e-13,3.822351209e-13,9.880850401e-14,6.032859751e-14,2.238540404e-14,7.278029411e-14,3.573911888e-13,1.502069964e-13,3.183924365e-13,4.73446146e-13,5.309786704e-13,7.340140975e-13,6.810078428e-13,3.783776325e-13,1.239271159e-13,7.239749303e-13,1.108320958e-13,5.419543235e-14,4.901477607e-14,7.069037535e-14,7.857339864e-14,1.185527547e-13,5.309239674e-13,1.659191927e-13,8.955166498e-13,5.389588227e-14,4.694702734e-13,1.955251964e-14
46.8359375,2.538798291e-13,2.812826704e-13,7.477809098e-13,3.391171118e-13,3.06479006e-13,3.820672945e-13,9.875071892e-14,6.147871418e-14,2.18701555e-14,7.315859983e-14,3.613777105e-13,1.502972045e-13,3.211779983e-13,4.782339535e-13,5.391496935e-13,7.44311134e-13,6.892010879e-13,3.77496879e-13,1.242557728e-13,7.22958739e-13,1.127896899e-13,5.45337909e-14,4.93396524e-14,7.195238353e-14,7.953551777e-14,1.199589626e-13,5.403650888e-13,1.686294281e-13,9.005455923e-13,5.422882513e-14,4.766489493e-13,2.043001663e-14
46.84375,2.542552607e-13,2.839410328e-13,7.560399934e-13,3.475759201e-13,3.033587679e-13,3.820563553e-13,9.872397259e-14,6.26515038e-14,2.138668467e-14,7.351925005e-14,3.653577069e-13,1.50383682e-13,3.239552919e-13,4.831700924e-13,5.474326405e-13,7.5472045e-13,6.973933984e-13,3.764954832e-13,1.244966158e-13,7.219637703e-13,1.148858148e-13,5.493201786e-14,4.96508681e-14,7.318766994e-14,8.04695622e-14,1.21352442e-13,5.49646784e-13,1.714028144e-13,9.055698889e-13,5.457338056e-14,4.837238434e-13,2.1346194e-14
46.8515625,2.547109582e-13,2.867480894e-13,7.642868025e-13,3.558733216e-13,3.001230397e-13,3.818756565e-13,9.868999011e-14,6.381010433e-14,2.091065141e-14,7.399929552e-14,3.692704293e-13,1.504760159e-13,3.266618874e-13,4.880761891e-13,5.556082441e-13,7.650826523e-13,7.055623784e-13,3.753449573e-13,1.247039125e-13,7.209068328e-13,1.170589003e-13,5.534309854e-14,4.999465898e-14,7.442192705e-14,8.139159163e-14,1.227982346e-13,5.590037177e-13,1.741293615e-13,9.106480686e-13,5.493937021e-14,4.908401732e-13,2.231885283e-14
46.859375,2.552471223e-13,2.894439445e-13,7.725109988e-13,3.641601549e-13,2.968695692e-13,3.81732678e-13,9.867616825e-14,6.498366108e-14,2.046529606e-14,7.448940716e-14,3.730106666e-13,1.505896064e-13,3.293641598e-13,4.929058185e-13,5.637884803e-13,7.754678308e-13,7.137620109e-13,3.74113852e-13,1.249784686e-13,7.195587347e-13,1.191974435e-13,5.574808154e-14,5.037436897e-14,7.562377156e-14,8.233146764e-14,1.242801555e-13,5.685850635e-13,1.768578454e-13,9.155145008e-13,5.530831899e-14,4.979650719e-13,2.334372196e-14
46.8671875,2.557419074e-13,2.919337146e-13,7.803564592e-13,3.728027624e-13,2.937282948e-13,3.818853792e-13,9.870169992e-14,6.621246195e-14,2.005619014e-14,7.487579133e-14,3.765533859e-13,1.506779702e-13,3.320920287e-13,4.977097607e-13,5.721360372e-13,7.859914362e-13,7.220572146e-13,3.729004751e-13,1.25284353e-13,7.17934211e-13,1.213056312e-13,5.614991109e-14,5.077245875e-14,7.675709678e-14,8.329405791e-14,1.257404199e-13,5.779064767e-13,1.796096915e-13,9.199139711e-13,5.566495269e-14,5.048550145e-13,2.440477263e-14
46.875,2.560903586e-13,2.94462075e-13,7.878502076e-13,3.815583227e-13,2.905016647e-13,3.820955628e-13,9.870414319e-14,6.745120721e-14,1.965001254e-14,7.529597448e-14,3.800238665e-13,1.507175834e-13,3.347618483e-13,5.023349002e-13,5.803978618e-13,7.964687949e-13,7.301492341e-13,3.715403246e-13,1.255146355e-13,7.162486248e-13,1.234781551e-13,5.654815313e-14,5.118832108e-14,7.792653386e-14,8.421894583e-14,1.271774145e-13,5.86737103e-13,1.82392239e-13,9.239788501e-13,5.605209865e-14,5.11544892e-13,2.549567514e-14
46.8828125,2.56394345e-13,2.971125515e-13,7.95347289e-13,3.902358925e-13,2.871091477e-13,3.82230382e-13,9.866968373e-14,6.8667001e-14,1.925086167e-14,7.57936171e-14,3.835063916e-13,1.507408462e-13,3.373367016e-13,5.067588152e-13,5.885084236e-13,8.068247473e-13,7.379403184e-13,3.699438144e-13,1.256755449e-13,7.145652878e-13,1.257244794e-13,5.695560793e-14,5.16122685e-14,7.916681793e-14,8.508408386e-14,1.286192808e-13,5.954385077e-13,1.852635357e-13,9.278241073e-13,5.647636752e-14,5.181627202e-13,2.661466865e-14
46.890625,2.567199974e-13,2.996901753e-13,8.024618824e-13,3.989781138e-13,2.836637458e-13,3.823207535e-13,9.865128374e-14,6.991699616e-14,1.887511056e-14,7.623340959e-14,3.8680489e-13,1.506853967e-13,3.397634532e-13,5.10991493e-13,5.965848054e-13,8.171618753e-13,7.456224892e-13,3.68253085e-13,1.257914109e-13,7.12844442e-13,1.279439923e-13,5.735115594e-14,5.204908265e-14,8.032810655e-14,8.592859373e-14,1.300512997e-13,6.041089286e-13,1.880984732e-13,9.31362417e-13,5.687482521e-14,5.244434653e-13,2.777493097e-14
46.8984375,2.569058009e-13,3.022285349e-13,8.087936475e-13,4.077893707e-13,2.80030735e-13,3.823169254e-13,9.866483586e-14,7.121833002e-14,1.851040842e-14,7.66325456e-14,3.89776554e-13,1.504854623e-13,3.41983316e-13,5.148204615e-13,6.044700562e-13,8.273903018e-13,7.530961954e-13,3.664299571e-13,1.258167921e-13,7.110954121e-13,1.30129008e-13,5.770778924e-14,5.250427986e-14,8.140264966e-14,8.674726706e-14,1.314141917e-13,6.125148923e-13,1.90767501e-13,9.346673159e-13,5.724303943e-14,5.302446237e-13,2.900007286e-14
46.90625,2.568897028e-13,3.048260887e-13,8.148183443e-13,4.166600724e-13,2.761476237e-13,3.823282345e-13,9.868715958e-14,7.25190507e-14,1.815823753e-14,7.70855569e-14,3.926186077e-13,1.502115123e-13,3.440950122e-13,5.18250908e-13,6.121260664e-13,8.374305964e-13,7.602376965e-13,3.642623256e-13,1.257518287e-13,7.093506199e-13,1.32355798e-13,5.806031043e-14,5.295265579e-14,8.252950847e-14,8.750218045e-14,1.327000352e-13,6.206344171e-13,1.934216403e-13,9.377081713e-13,5.763292842e-14,5.358386522e-13,3.028478614e-14
46.9140625,2.568400379e-13,3.072968861e-13,8.206062476e-13,4.256682329e-13,2.722515331e-13,3.823998938e-13,9.869355177e-14,7.384786013e-14,1.782680653e-14,7.754117805e-14,3.954238553e-13,1.49882104e-13,3.461652375e-13,5.214857756e-13,6.196751192e-13,8.473496793e-13,7.671643189e-13,3.618040229e-13,1.256470666e-13,7.075849426e-13,1.345909883e-13,5.841530259e-14,5.339891128e-14,8.366766623e-14,8.819521945e-14,1.339576565e-13,6.285519715e-13,1.961290064e-13,9.401827837e-13,5.803081528e-14,5.412194024e-13,3.15999622e-14
46.921875,2.568362978e-13,3.096666999e-13,8.256450164e-13,4.347021829e-13,2.682956564e-13,3.823608606e-13,9.869583091e-14,7.526587852e-14,1.750289326e-14,7.795064939e-14,3.980457125e-13,1.494323131e-13,3.481309015e-13,5.244982093e-13,6.270730003e-13,8.571399077e-13,7.739134865e-13,3.593466383e-13,1.255162485e-13,7.057357923e-13,1.368019799e-13,5.872725109e-14,5.387680605e-14,8.475071014e-14,8.886456906e-14,1.351895081e-13,6.36231057e-13,1.987545655e-13,9.422276206e-13,5.840098459e-14,5.461736723e-13,3.294577134e-14
46.9296875,2.567785347e-13,3.122372804e-13,8.302075494e-13,4.437414191e-13,2.640906457e-13,3.822935049e-13,9.87303872e-14,7.671075725e-14,1.718989349e-14,7.835838461e-14,4.005269518e-13,1.489223279e-13,3.500641233e-13,5.273607426e-13,6.344320176e-13,8.668331651e-13,7.805208641e-13,3.569778242e-13,1.253573433e-13,7.038977161e-13,1.390716917e-13,5.902501724e-14,5.438380823e-14,8.58699171e-14,8.954084236e-14,1.3638839e-13,6.43630584e-13,2.013562588e-13,9.442567248e-13,5.877922652e-14,5.509131843e-13,3.434423182e-14
46.9375,2.56611561e-13,3.148937331e-13,8.347387186e-13,4.530396956e-13,2.599152912e-13,3.823855479e-13,9.877928881e-14,7.810687041e-14,1.691458073e-14,7.877387159e-14,4.029441056e-13,1.484434167e-13,3.520440039e-13,5.302985069e-13,6.41834703e-13,8.764302711e-13,7.869740837e-13,3.544975984e-13,1.251658428e-13,7.022040396e-13,1.414076981e-13,5.936588633e-14,5.490917581e-14,8.699852229e-14,9.018706609e-14,1.375796879e-13,6.507455855e-13,2.040329443e-13,9.460558044e-13,5.918705313e-14,5.556283231e-13,3.577995771e-14
46.9453125,2.563585841e-13,3.172811509e-13,8.389304094e-13,4.625143054e-13,2.559800113e-13,3.825341883e-13,9.882086696e-14,7.948180315e-14,1.668287473e-14,7.91828993e-14,4.051030028e-13,1.479655864e-13,3.539504574e-13,5.331420314e-13,6.488763169e-13,8.856265985e-13,7.92956224e-13,3.517768492e-13,1.24902019e-13,7.003943273e-13,1.437254979e-13,5.972031987e-14,5.545525845e-14,8.802149244e-14,9.074427549e-14,1.387268865e-13,6.57561197e-13,2.066028213e-13,9.472427189e-13,5.956247367e-14,5.601178991e-13,3.72183974e-14
46.953125,2.559718213e-13,3.194477045e-13,8.426385369e-13,4.717256216e-13,2.519894429e-13,3.826508734e-13,9.888803906e-14,8.085687119e-14,1.647560891e-14,7.960979559e-14,4.069249431e-13,1.474692351e-13,3.557615166e-13,5.356478977e-13,6.553502289e-13,8.942340907e-13,7.983622644e-13,3.489257968e-13,1.245260894e-13,6.980794966e-13,1.460054664e-13,6.005679611e-14,5.601120043e-14,8.899954415e-14,9.125036645e-14,1.39773579e-13,6.640963894e-13,2.089378364e-13,9.480324488e-13,5.986265062e-14,5.6436873e-13,3.866959808e-14
46.9609375,2.554330233e-13,3.216229891e-13,8.460460078e-13,4.806681165e-13,2.478791574e-13,3.828000908e-13,9.896627475e-14,8.224156182e-14,1.628475804e-14,8.005106864e-14,4.086037373e-13,1.469741366e-13,3.575645673e-13,5.379693935e-13,6.616061587e-13,9.02548049e-13,8.035469658e-13,3.460765391e-13,1.240582113e-13,6.954508225e-13,1.482633955e-13,6.039972648e-14,5.657057913e-14,8.99882717e-14,9.175843082e-14,1.407476265e-13,6.704135239e-13,2.111908606e-13,9.487131956e-13,6.01099131e-14,5.685059494e-13,4.016612571e-14
46.96875,2.549268981e-13,3.238423887e-13,8.490427214e-13,4.897092512e-13,2.439222455e-13,3.830510139e-13,9.902147396e-14,8.368450916e-14,1.61277947e-14,8.046263171e-14,4.102247185e-13,1.464490947e-13,3.593160761e-13,5.402312305e-13,6.678463512e-13,9.108897616e-13,8.087004898e-13,3.432327349e-13,1.235707944e-13,6.930528537e-13,1.505327459e-13,6.07537025e-14,5.712549772e-14,9.091347287e-14,9.222312412e-14,1.416843158e-13,6.76514434e-13,2.134993315e-13,9.492241772e-13,6.03221732e-14,5.72354014e-13,4.171099063e-14
46.9765625,2.54578503e-13,3.260444352e-13,8.517057687e-13,4.989396947e-13,2.400678406e-13,3.835485864e-13,9.910312812e-14,8.515668566e-14,1.60076764e-14,8.084557301e-14,4.117250565e-13,1.458988262e-13,3.610600901e-13,5.424211062e-13,6.740391583e-13,9.192252487e-13,8.137353289e-13,3.403704536e-13,1.231205938e-13,6.909778105e-13,1.52863882e-13,6.110894925e-14,5.765873881e-14,9.177270426e-14,9.262117065e-14,1.42576474e-13,6.823062248e-13,2.158503059e-13,9.494510365e-13,6.051603996e-14,5.758828039e-13,4.328342416e-14
46.984375,2.542406611e-13,3.281688674e-13,8.542837724e-13,5.082411852e-13,2.361606452e-13,3.843011513e-13,9.923895588e-14,8.659283205e-14,1.589425327e-14,8.126769692e-14,4.130473132e-13,1.453827884e-13,3.629055987e-13,5.446121821e-13,6.801916833e-13,9.273126907e-13,8.18569511e-13,3.375232241e-13,1.226970755e-13,6.888839307e-13,1.55206387e-13,6.147288565e-14,5.819249385e-14,9.262981509e-14,9.299726683e-14,1.434162239e-13,6.877667919e-13,2.181853447e-13,9.493025429e-13,6.071765673e-14,5.793619391e-13,4.4859275e-14
46.9921875,2.537942053e-13,3.301951654e-13,8.565447283e-13,5.174575129e-13,2.322763774e-13,3.850376728e-13,9.938838896e-14,8.804701898e-14,1.578343989e-14,8.177911017e-14,4.141351034e-13,1.448790539e-13,3.646902112e-13,5.466616649e-13,6.86166456e-13,9.350399893e-13,8.231014968e-13,3.347052987e-13,1.222439473e-13,6.866800762e-13,1.574722721e-13,6.183093943e-14,5.874835948e-14,9.349748265e-14,9.334124255e-14,1.441924041e-13,6.929770515e-13,2.204285941e-13,9.487214129e-13,6.090945997e-14,5.827639605e-13,4.643304227e-14
47,2.532468032e-13,3.321607415e-13,8.58374094e-13,5.263467975e-13,2.283616437e-13,3.85686436e-13,9.954295113e-14,8.954792647e-14,1.570574083e-14,8.232466203e-14,4.150571271e-13,1.443208578e-13,3.662743299e-13,5.483443098e-13,6.918497324e-13,9.425629002e-13,8.27326353e-13,3.318341687e-13,1.21717513e-13,6.846427173e-13,1.596901592e-13,6.216717208e-14,5.928017925e-14,9.433842927e-14,9.361490889e-14,1.449064452e-13,6.978550897e-13,2.225447697e-13,9.477806328e-13,6.107040859e-14,5.858616273e-13,4.802272496e-14
47.0078125,2.525812348e-13,3.340714251e-13,8.601270338e-13,5.349843222e-13,2.243573999e-13,3.864874622e-13,9.971786686e-14,9.100424811e-14,1.565978864e-14,8.280825277e-14,4.159476339e-13,1.437157646e-13,3.678287873e-13,5.498737451e-13,6.973871794e-13,9.498903702e-13,8.312714018e-13,3.288449028e-13,1.211354477e-13,6.827716043e-13,1.619309578e-13,6.250853147e-14,5.976721578e-14,9.510029054e-14,9.383908926e-14,1.45556325e-13,7.021633065e-13,2.245974292e-13,9.46560563e-13,6.122321706e-14,5.886771189e-13,4.962415589e-14
47.015625,2.519691641e-13,3.359172771e-13,8.617158503e-13,5.437249395e-13,2.204805836e-13,3.875231214e-13,9.992630528e-14,9.241557114e-14,1.563250558e-14,8.324040452e-14,4.167095955e-13,1.430974425e-13,3.694645032e-13,5.515221216e-13,7.028549458e-13,9.566883843e-13,8.347369228e-13,3.258177381e-13,1.205743681e-13,6.805867317e-13,1.64224885e-13,6.288092271e-14,6.02637475e-14,9.583666099e-14,9.404170181e-14,1.460913736e-13,7.059075235e-13,2.266609844e-13,9.450550939e-13,6.134990309e-14,5.912996867e-13,5.121995103e-14
47.0234375,2.51673509e-13,3.377061569e-13,8.626851688e-13,5.524844881e-13,2.167612378e-13,3.886643659e-13,1.001757271e-13,9.387015504e-14,1.564156824e-14,8.368868441e-14,4.17209523e-13,1.424577828e-13,3.710740574e-13,5.531597419e-13,7.081957015e-13,9.629495307e-13,8.377166601e-13,3.228384666e-13,1.200699991e-13,6.779380547e-13,1.665661221e-13,6.327033661e-14,6.077411494e-14,9.665181072e-14,9.420574812e-14,1.465020051e-13,7.09343373e-13,2.287368908e-13,9.431530759e-13,6.140510539e-14,5.937067673e-13,5.284075004e-14
47.03125,2.515233287e-13,3.393945155e-13,8.631058757e-13,5.610126466e-13,2.130146127e-13,3.898424809e-13,1.004261881e-13,9.535473434e-14,1.56780911e-14,8.414355579e-14,4.175758169e-13,1.41776502e-13,3.725614023e-13,5.546165189e-13,7.134432848e-13,9.691459588e-13,8.405912858e-13,3.198702019e-13,1.195612029e-13,6.754227562e-13,1.68908079e-13,6.364623465e-14,6.124368647e-14,9.746596222e-14,9.429681987e-14,1.468495476e-13,7.125213712e-13,2.307823641e-13,9.406966699e-13,6.143122158e-14,5.958490938e-13,5.451409657e-14
47.0390625,2.512324076e-13,3.409850327e-13,8.632743206e-13,5.695243667e-13,2.09334824e-13,3.910873732e-13,1.006589786e-13,9.682278329e-14,1.570483907e-14,8.458599069e-14,4.178909397e-13,1.41041538e-13,3.739305458e-13,5.558960344e-13,7.18583052e-13,9.754035212e-13,8.434368445e-13,3.168896604e-13,1.190033951e-13,6.734448066e-13,1.712570046e-13,6.399835141e-14,6.168574268e-14,9.816516463e-14,9.431508042e-14,1.471305826e-13,7.152349141e-13,2.327754363e-13,9.377098476e-13,6.148217708e-14,5.976768405e-13,5.619770419e-14
47.046875,2.509614936e-13,3.426506506e-13,8.631537162e-13,5.781284199e-13,2.057774876e-13,3.92453782e-13,1.009144876e-13,9.82968658e-14,1.573279491e-14,8.503973089e-14,4.180527361e-13,1.402601955e-13,3.752756906e-13,5.570464094e-13,7.235694615e-13,9.81472183e-13,8.460436079e-13,3.139454245e-13,1.184281475e-13,6.715432317e-13,1.736831753e-13,6.435539356e-14,6.215247317e-14,9.881310407e-14,9.430664181e-14,1.473182022e-13,7.174741816e-13,2.34748222e-13,9.343644504e-13,6.151762769e-14,5.992362589e-13,5.785547996e-14
47.0546875,2.508160544e-13,3.44580285e-13,8.627370176e-13,5.865787689e-13,2.02090483e-13,3.93957984e-13,1.011955114e-13,9.979626579e-14,1.579460464e-14,8.547434221e-14,4.180974866e-13,1.394964148e-13,3.766946111e-13,5.582077332e-13,7.285880443e-13,9.874581294e-13,8.485244557e-13,3.110637785e-13,1.178435074e-13,6.692922004e-13,1.761635975e-13,6.474362549e-14,6.263556692e-14,9.944410028e-14,9.43019358e-14,1.475021686e-13,7.195125784e-13,2.367278196e-13,9.308066397e-13,6.150978613e-14,6.006445354e-13,5.951279072e-14
47.0625,2.505522058e-13,3.467280618e-13,8.621802911e-13,5.949484879e-13,1.983068789e-13,3.955721552e-13,1.015063278e-13,1.013310653e-13,1.588974078e-14,8.585374514e-14,4.180888314e-13,1.388262811e-13,3.781919749e-13,5.594941482e-13,7.338177806e-13,9.935955817e-13,8.509662535e-13,3.08272052e-13,1.172260285e-13,6.670534966e-13,1.786216374e-13,6.514093847e-14,6.310780395e-14,1.000274085e-13,9.429486024e-14,1.477494356e-13,7.213990379e-13,2.386562531e-13,9.271279761e-13,6.149404558e-14,6.019491493e-13,6.119709907e-14
47.0703125,2.50199025e-13,3.488038269e-13,8.613711037e-13,6.033857197e-13,1.947147935e-13,3.972888956e-13,1.018851441e-13,1.029320863e-13,1.601421813e-14,8.62258649e-14,4.178672097e-13,1.382124877e-13,3.797199334e-13,5.607487309e-13,7.391058012e-13,9.996895479e-13,8.531121578e-13,3.055876011e-13,1.165894912e-13,6.651719521e-13,1.81057263e-13,6.551996566e-14,6.356854646e-14,1.006510532e-13,9.4276386e-14,1.479466475e-13,7.228131631e-13,2.404500306e-13,9.231083158e-13,6.145698637e-14,6.031749367e-13,6.290934586e-14
47.078125,2.500042851e-13,3.506203504e-13,8.600369408e-13,6.116188276e-13,1.912278309e-13,3.990773528e-13,1.022819916e-13,1.04581643e-13,1.616639435e-14,8.661465733e-14,4.173685958e-13,1.375298235e-13,3.811803548e-13,5.617267006e-13,7.442204499e-13,1.005495202e-12,8.54888743e-13,3.029266231e-13,1.159357395e-13,6.633253907e-13,1.834786054e-13,6.588616731e-14,6.401464612e-14,1.01379929e-13,9.4220391e-14,1.479833871e-13,7.235953075e-13,2.421265061e-13,9.183609825e-13,6.135458467e-14,6.042379743e-13,6.463984508e-14
47.0859375,2.498921604e-13,3.522794966e-13,8.582311299e-13,6.195791524e-13,1.876741705e-13,4.008752477e-13,1.026381572e-13,1.062074375e-13,1.632928545e-14,8.698402284e-14,4.16753178e-13,1.367454504e-13,3.825028295e-13,5.624395236e-13,7.490963685e-13,1.011007045e-12,8.563849871e-13,3.002215997e-13,1.152394877e-13,6.61179887e-13,1.858736351e-13,6.624719828e-14,6.444665478e-14,1.021245296e-13,9.410501716e-14,1.479206265e-13,7.238887094e-13,2.437763031e-13,9.130402238e-13,6.121771478e-14,6.049379876e-13,6.637541834e-14
47.09375,2.497498825e-13,3.53793145e-13,8.56157516e-13,6.275726035e-13,1.842379958e-13,4.027057126e-13,1.030083951e-13,1.077855034e-13,1.649774536e-14,8.733857653e-14,4.160384531e-13,1.359247931e-13,3.837811225e-13,5.630760129e-13,7.5370718e-13,1.016146155e-12,8.574666753e-13,2.975154383e-13,1.145107337e-13,6.588217317e-13,1.882467573e-13,6.660476245e-14,6.486216224e-14,1.027875737e-13,9.395086252e-14,1.478365202e-13,7.237761736e-13,2.45391208e-13,9.075488224e-13,6.108259636e-14,6.053324946e-13,6.812124472e-14
47.1015625,2.496351766e-13,3.550558229e-13,8.53755414e-13,6.354981651e-13,1.81001077e-13,4.045611447e-13,1.034038648e-13,1.093541442e-13,1.668233811e-14,8.772175106e-14,4.151443038e-13,1.350969652e-13,3.850732707e-13,5.636724263e-13,7.580437759e-13,1.020861284e-12,8.581186145e-13,2.948059981e-13,1.13750609e-13,6.56391498e-13,1.905680916e-13,6.695954739e-14,6.523034462e-14,1.033547615e-13,9.375687781e-14,1.477236968e-13,7.234003235e-13,2.468515461e-13,9.018304319e-13,6.09104384e-14,6.056301654e-13,6.988552791e-14
47.109375,2.494241353e-13,3.563222396e-13,8.509948344e-13,6.429202291e-13,1.777448253e-13,4.062880256e-13,1.037696095e-13,1.109045786e-13,1.688827863e-14,8.817242214e-14,4.141694829e-13,1.342872636e-13,3.863110986e-13,5.64143352e-13,7.621839797e-13,1.025321101e-12,8.585367522e-13,2.920565435e-13,1.129475348e-13,6.539661249e-13,1.928185888e-13,6.730033507e-14,6.554653009e-14,1.038941697e-13,9.34986384e-14,1.475964892e-13,7.230252549e-13,2.481661414e-13,8.957697612e-13,6.069744774e-14,6.058229743e-13,7.163284622e-14
47.1171875,2.490223411e-13,3.577917991e-13,8.481306969e-13,6.498547182e-13,1.744134293e-13,4.079016888e-13,1.041480625e-13,1.123869876e-13,1.711393629e-14,8.867905912e-14,4.131666709e-13,1.335414316e-13,3.875863389e-13,5.645563399e-13,7.662212308e-13,1.029610161e-12,8.586995849e-13,2.893465046e-13,1.12156883e-13,6.516058523e-13,1.950410498e-13,6.762475168e-14,6.584753565e-14,1.044915096e-13,9.320942405e-14,1.474600865e-13,7.224767348e-13,2.494751498e-13,8.894006942e-13,6.050907534e-14,6.059535787e-13,7.332939355e-14
47.125,2.485696769e-13,3.590532683e-13,8.451778942e-13,6.566945345e-13,1.711120338e-13,4.096488119e-13,1.045881761e-13,1.138554373e-13,1.733715474e-14,8.915023696e-14,4.119901858e-13,1.327981401e-13,3.89021833e-13,5.649647937e-13,7.702157705e-13,1.033668734e-12,8.585382482e-13,2.867165454e-13,1.113866248e-13,6.492763948e-13,1.97234524e-13,6.793421583e-14,6.614060709e-14,1.051366867e-13,9.292385505e-14,1.4723403e-13,7.213253494e-13,2.506975388e-13,8.82570301e-13,6.032889098e-14,6.060894596e-13,7.500125218e-14
47.1328125,2.480251787e-13,3.599679657e-13,8.418196997e-13,6.6351665e-13,1.678143557e-13,4.115207978e-13,1.050346708e-13,1.154093442e-13,1.753490597e-14,8.95558942e-14,4.106028684e-13,1.319625661e-13,3.904450703e-13,5.65169121e-13,7.741107939e-13,1.0374285e-12,8.581085096e-13,2.840538621e-13,1.105373026e-13,6.470198962e-13,1.993553483e-13,6.820890527e-14,6.64125629e-14,1.057711401e-13,9.261046978e-14,1.468900929e-13,7.196261028e-13,2.516346456e-13,8.752857643e-13,6.007646072e-14,6.05949861e-13,7.667525579e-14
47.140625,2.474038774e-13,3.610762052e-13,8.380791611e-13,6.700414831e-13,1.645262971e-13,4.132835051e-13,1.054561341e-13,1.170066177e-13,1.773313754e-14,8.996937109e-14,4.091216789e-13,1.310781013e-13,3.916817022e-13,5.651014111e-13,7.777633321e-13,1.040797002e-12,8.573207931e-13,2.813429514e-13,1.096327129e-13,6.448998002e-13,2.01400344e-13,6.845702399e-14,6.6659208e-14,1.063828921e-13,9.224649058e-14,1.465000356e-13,7.175635134e-13,2.524525413e-13,8.677162592e-13,5.977753016e-14,6.054226667e-13,7.834954126e-14
47.1484375,2.470777071e-13,3.623833712e-13,8.342583617e-13,6.76232287e-13,1.613636059e-13,4.150103351e-13,1.058777185e-13,1.185752565e-13,1.796564558e-14,9.038580501e-14,4.075825274e-13,1.302106877e-13,3.9285836e-13,5.65053427e-13,7.81301699e-13,1.043899806e-12,8.561948339e-13,2.787042135e-13,1.087932441e-13,6.427048539e-13,2.033728648e-13,6.871907712e-14,6.68576157e-14,1.069892894e-13,9.184742713e-14,1.460992489e-13,7.150518388e-13,2.534021942e-13,8.597073474e-13,5.950451472e-14,6.048748804e-13,8.004374986e-14
47.15625,2.469844725e-13,3.632738972e-13,8.303653249e-13,6.823495988e-13,1.583255965e-13,4.169228176e-13,1.062902045e-13,1.201594542e-13,1.822336688e-14,9.077106607e-14,4.059815897e-13,1.293654181e-13,3.941386253e-13,5.652241705e-13,7.849790991e-13,1.046926462e-12,8.5495587e-13,2.761410071e-13,1.079643201e-13,6.403095847e-13,2.053042176e-13,6.899069668e-14,6.700404193e-14,1.076186496e-13,9.140852351e-14,1.456684533e-13,7.122192288e-13,2.54297335e-13,8.5126177e-13,5.923663175e-14,6.044490255e-13,8.175615868e-14
47.1640625,2.46654951e-13,3.63789993e-13,8.262779599e-13,6.883438e-13,1.553523418e-13,4.189420953e-13,1.066722078e-13,1.217472886e-13,1.850044531e-14,9.116994137e-14,4.043215722e-13,1.285945133e-13,3.954963922e-13,5.654933461e-13,7.8854186e-13,1.049555554e-12,8.53422561e-13,2.735830235e-13,1.070546764e-13,6.379627314e-13,2.072588665e-13,6.924805987e-14,6.712705412e-14,1.082684407e-13,9.089937198e-14,1.451685633e-13,7.091720298e-13,2.549519919e-13,8.427065717e-13,5.893304694e-14,6.039772477e-13,8.342066459e-14
47.171875,2.462482927e-13,3.644516234e-13,8.219806833e-13,6.938903933e-13,1.52434903e-13,4.2092591e-13,1.070330597e-13,1.232466073e-13,1.879573885e-14,9.153401408e-14,4.025021812e-13,1.278976881e-13,3.968474969e-13,5.656622785e-13,7.916098073e-13,1.051513977e-12,8.51288177e-13,2.710411187e-13,1.061246078e-13,6.357675436e-13,2.092024891e-13,6.9488723e-14,6.721294544e-14,1.08910333e-13,9.031850141e-14,1.445595453e-13,7.055763054e-13,2.555364708e-13,8.339391485e-13,5.859652015e-14,6.034146074e-13,8.500859463e-14
47.1796875,2.461112632e-13,3.652944039e-13,8.17405053e-13,6.990733988e-13,1.495250481e-13,4.229221829e-13,1.073989435e-13,1.247103629e-13,1.907953659e-14,9.178883289e-14,4.004731343e-13,1.271520394e-13,3.982046925e-13,5.65648745e-13,7.944764843e-13,1.053295949e-12,8.488703991e-13,2.685310114e-13,1.051920639e-13,6.336095546e-13,2.110765761e-13,6.968605039e-14,6.724236506e-14,1.095826711e-13,8.972020413e-14,1.438769007e-13,7.014138675e-13,2.560763454e-13,8.247001169e-13,5.822053771e-14,6.026873962e-13,8.657030793e-14
47.1875,2.460147765e-13,3.661358737e-13,8.125712244e-13,7.042762168e-13,1.466432513e-13,4.24964392e-13,1.077960257e-13,1.262547393e-13,1.935741987e-14,9.204953745e-14,3.983723851e-13,1.26349194e-13,3.996108886e-13,5.655630983e-13,7.975990525e-13,1.05532222e-12,8.46524665e-13,2.660579292e-13,1.042281657e-13,6.31577122e-13,2.129520954e-13,6.984005587e-14,6.724309168e-14,1.103085297e-13,8.913964716e-14,1.43177244e-13,6.970524411e-13,2.56426767e-13,8.151232167e-13,5.780459793e-14,6.017466799e-13,8.81510487e-14
47.1953125,2.458644845e-13,3.669051736e-13,8.076382364e-13,7.094227439e-13,1.439095138e-13,4.270426396e-13,1.082142823e-13,1.278385913e-13,1.967144527e-14,9.237534991e-14,3.962768203e-13,1.255942095e-13,4.010188972e-13,5.655428224e-13,8.008393867e-13,1.057296414e-12,8.440181688e-13,2.636607614e-13,1.033001783e-13,6.296798406e-13,2.148410424e-13,7.001451002e-14,6.720782041e-14,1.110138951e-13,8.853350686e-14,1.424371041e-13,6.923857412e-13,2.566801153e-13,8.052575992e-13,5.73719285e-14,6.007914964e-13,8.975579385e-14
47.203125,2.458709955e-13,3.674374068e-13,8.025904105e-13,7.140569148e-13,1.412844979e-13,4.291797226e-13,1.086169171e-13,1.293696772e-13,1.999932332e-14,9.264903179e-14,3.941149644e-13,1.248773957e-13,4.024019059e-13,5.655403509e-13,8.038389565e-13,1.0588817e-12,8.411725298e-13,2.613519809e-13,1.024101248e-13,6.276586429e-13,2.166043228e-13,7.020698745e-14,6.710644175e-14,1.116913353e-13,8.787776891e-14,1.416344398e-13,6.872538167e-13,2.569035455e-13,7.950816875e-13,5.692754025e-14,5.999201926e-13,9.133823383e-14
47.2109375,2.459529166e-13,3.677655928e-13,7.973445111e-13,7.181125334e-13,1.386823989e-13,4.313277499e-13,1.090052619e-13,1.308518145e-13,2.030264081e-14,9.289397778e-14,3.918707078e-13,1.241738354e-13,4.038435381e-13,5.65561777e-13,8.065406072e-13,1.060094797e-12,8.382250662e-13,2.591382392e-13,1.015002136e-13,6.255411723e-13,2.182378301e-13,7.036530674e-14,6.696818026e-14,1.124120479e-13,8.721582574e-14,1.407801953e-13,6.819543918e-13,2.569878186e-13,7.848331297e-13,5.647061465e-14,5.990858742e-13,9.282948865e-14
47.21875,2.460644877e-13,3.681745501e-13,7.919797568e-13,7.219266161e-13,1.361672121e-13,4.334413275e-13,1.093940238e-13,1.323138838e-13,2.061328555e-14,9.320556158e-14,3.895394491e-13,1.23540952e-13,4.053611452e-13,5.657604383e-13,8.091200877e-13,1.061077045e-12,8.352840117e-13,2.570269725e-13,1.006248707e-13,6.235848561e-13,2.198924964e-13,7.051722328e-14,6.680939698e-14,1.131584577e-13,8.655932616e-14,1.398873735e-13,6.764915409e-13,2.569590375e-13,7.745206831e-13,5.600716828e-14,5.983681082e-13,9.425044348e-14
47.2265625,2.463110953e-13,3.686028356e-13,7.865905335e-13,7.255796493e-13,1.336917804e-13,4.355735214e-13,1.097610366e-13,1.337538788e-13,2.094091031e-14,9.349792865e-14,3.870535953e-13,1.229546235e-13,4.068760136e-13,5.660617522e-13,8.117636024e-13,1.061981216e-12,8.321436872e-13,2.549838236e-13,9.977219656e-14,6.216880009e-13,2.21575295e-13,7.067272461e-14,6.660053338e-14,1.138760198e-13,8.58949815e-14,1.390338781e-13,6.706245818e-13,2.568163536e-13,7.639706717e-13,5.553222627e-14,5.977437705e-13,9.567405854e-14
47.234375,2.465627139e-13,3.688695231e-13,7.812923189e-13,7.288982549e-13,1.311575865e-13,4.377825669e-13,1.101083293e-13,1.351754554e-13,2.12447562e-14,9.372170197e-14,3.844945615e-13,1.223627053e-13,4.084106993e-13,5.663354532e-13,8.145570313e-13,1.062952802e-12,8.287694551e-13,2.530647155e-13,9.886141378e-14,6.196490279e-13,2.231698224e-13,7.078390815e-14,6.635231105e-14,1.145656295e-13,8.524882136e-14,1.382571888e-13,6.645609053e-13,2.564791137e-13,7.533596479e-13,5.506088199e-14,5.971190729e-13,9.709101024e-14
47.2421875,2.468865858e-13,3.69205862e-13,7.762134649e-13,7.319336281e-13,1.28726999e-13,4.40172759e-13,1.104901925e-13,1.365934213e-13,2.154974801e-14,9.397456188e-14,3.820644091e-13,1.218271104e-13,4.100690821e-13,5.668432257e-13,8.174998146e-13,1.06404785e-12,8.254773252e-13,2.513686607e-13,9.801537121e-14,6.175744293e-13,2.24649978e-13,7.090575499e-14,6.609176735e-14,1.152439191e-13,8.462591983e-14,1.374319841e-13,6.584559267e-13,2.561804365e-13,7.427781475e-13,5.462476686e-14,5.966740136e-13,9.847336801e-14
47.25,2.475083226e-13,3.69699099e-13,7.712505144e-13,7.34762279e-13,1.264658057e-13,4.427738158e-13,1.109293518e-13,1.379886731e-13,2.190722003e-14,9.427472533e-14,3.797447345e-13,1.21387773e-13,4.118483469e-13,5.677466266e-13,8.204495511e-13,1.065008544e-12,8.223430802e-13,2.497661184e-13,9.731895309e-14,6.155341777e-13,2.260483014e-13,7.110572423e-14,6.581407017e-14,1.159441218e-13,8.399725169e-14,1.365082353e-13,6.52118611e-13,2.56100532e-13,7.320089138e-13,5.421582656e-14,5.965311047e-13,9.9836311e-14
47.2578125,2.481130894e-13,3.700328997e-13,7.66272712e-13,7.371369377e-13,1.241469329e-13,4.452617811e-13,1.113828518e-13,1.393053424e-13,2.228446124e-14,9.456813735e-14,3.773233253e-13,1.210125151e-13,4.136407233e-13,5.686442608e-13,8.231218698e-13,1.065439737e-12,8.1894503e-13,2.480759335e-13,9.65897678e-14,6.134939467e-13,2.273759791e-13,7.129397019e-14,6.552038802e-14,1.167039991e-13,8.336121294e-14,1.356486766e-13,6.456371807e-13,2.558906649e-13,7.21133191e-13,5.380498203e-14,5.965044442e-13,1.011693294e-13
47.265625,2.484738419e-13,3.70166868e-13,7.613989627e-13,7.389158535e-13,1.217772175e-13,4.474035427e-13,1.117933657e-13,1.405378722e-13,2.263501133e-14,9.482870615e-14,3.747653298e-13,1.207106542e-13,4.154102916e-13,5.692868715e-13,8.255059171e-13,1.065499875e-12,8.151536431e-13,2.463785002e-13,9.577479864e-14,6.115748446e-13,2.286485617e-13,7.140152541e-14,6.519484069e-14,1.175130157e-13,8.271416223e-14,1.349446407e-13,6.392076299e-13,2.553156849e-13,7.103675913e-13,5.338762316e-14,5.965044998e-13,1.024690054e-13
47.2734375,2.490112425e-13,3.703091951e-13,7.566139311e-13,7.403775208e-13,1.195702397e-13,4.495274122e-13,1.121385694e-13,1.417485573e-13,2.297492137e-14,9.50339176e-14,3.722381397e-13,1.204757489e-13,4.172191159e-13,5.699998887e-13,8.279418567e-13,1.065588288e-12,8.113835862e-13,2.447971744e-13,9.503667511e-14,6.097372481e-13,2.298590908e-13,7.149715791e-14,6.479096321e-14,1.183285486e-13,8.202562799e-14,1.342498417e-13,6.326719042e-13,2.546556268e-13,6.995204127e-13,5.29692135e-14,5.965743544e-13,1.03744504e-13
47.28125,2.498102226e-13,3.704978329e-13,7.515883856e-13,7.417433903e-13,1.174324677e-13,4.518522873e-13,1.124444769e-13,1.42947078e-13,2.332034964e-14,9.52227177e-14,3.697500171e-13,1.202322464e-13,4.190307745e-13,5.709024018e-13,8.304470088e-13,1.065412439e-12,8.076467133e-13,2.432613744e-13,9.437216129e-14,6.077476521e-13,2.309835893e-13,7.160133082e-14,6.431025227e-14,1.191135166e-13,8.127804486e-14,1.333859418e-13,6.258606867e-13,2.540947197e-13,6.883145269e-13,5.254180675e-14,5.96596957e-13,1.049403334e-13
47.2890625,2.504371535e-13,3.707998956e-13,7.46232711e-13,7.428736535e-13,1.151744558e-13,4.540697377e-13,1.127432211e-13,1.440700816e-13,2.365123049e-14,9.545154479e-14,3.671039276e-13,1.199482473e-13,4.2072586e-13,5.716263726e-13,8.32643092e-13,1.064553913e-12,8.034326184e-13,2.41669607e-13,9.365773816e-14,6.056938198e-13,2.320611414e-13,7.164900053e-14,6.379803776e-14,1.19856482e-13,8.048241275e-14,1.323731653e-13,6.187601649e-13,2.534901437e-13,6.768217853e-13,5.209145626e-14,5.964241473e-13,1.060412557e-13
47.296875,2.509023372e-13,3.711753931e-13,7.409135855e-13,7.436034365e-13,1.129098648e-13,4.560715386e-13,1.130366755e-13,1.451055057e-13,2.395740539e-14,9.566534177e-14,3.642945326e-13,1.196730346e-13,4.223268688e-13,5.721115178e-13,8.345178969e-13,1.063353524e-12,7.987340183e-13,2.400821862e-13,9.289987201e-14,6.037195953e-13,2.331325816e-13,7.163788306e-14,6.32804269e-14,1.205800705e-13,7.96885755e-14,1.313856257e-13,6.114306118e-13,2.527384927e-13,6.653569462e-13,5.162936416e-14,5.960874259e-13,1.071294176e-13
47.3046875,2.516246824e-13,3.713309903e-13,7.358271698e-13,7.439959616e-13,1.108331267e-13,4.581075686e-13,1.133157865e-13,1.461230855e-13,2.427280252e-14,9.58334476e-14,3.615449849e-13,1.194550796e-13,4.23926386e-13,5.727667061e-13,8.364849991e-13,1.062268535e-12,7.941024814e-13,2.386730874e-13,9.21874853e-14,6.017039869e-13,2.341376028e-13,7.163689733e-14,6.276565905e-14,1.213430935e-13,7.89428523e-14,1.304940969e-13,6.041061662e-13,2.518989139e-13,6.540696793e-13,5.11881982e-14,5.957780175e-13,1.082220605e-13
47.3125,2.527477702e-13,3.713917373e-13,7.306833857e-13,7.44245822e-13,1.089303628e-13,4.602085089e-13,1.135598196e-13,1.471758495e-13,2.463721319e-14,9.602696049e-14,3.588901629e-13,1.192834728e-13,4.255647614e-13,5.737586555e-13,8.387095147e-13,1.061235492e-12,7.897088313e-13,2.374675474e-13,9.158973343e-14,5.998076075e-13,2.350245942e-13,7.168729341e-14,6.223162829e-14,1.2221745e-13,7.820644983e-14,1.295895934e-13,5.968272292e-13,2.511049941e-13,6.426336898e-13,5.077067998e-14,5.957050708e-13,1.092667873e-13
47.3203125,2.540083817e-13,3.717393606e-13,7.254197428e-13,7.445399234e-13,1.070516584e-13,4.623220703e-13,1.137489071e-13,1.482209946e-13,2.501970761e-14,9.623774453e-14,3.562034736e-13,1.191336247e-13,4.273183518e-13,5.748829097e-13,8.409989564e-13,1.060079203e-12,7.852602865e-13,2.363047107e-13,9.108846419e-14,5.982757859e-13,2.358652751e-13,7.175230159e-14,6.163445751e-14,1.231562817e-13,7.742794832e-14,1.286028879e-13,5.893252096e-13,2.504216498e-13,6.307945191e-13,5.036495303e-14,5.958479577e-13,1.102458107e-13
47.328125,2.550656194e-13,3.720826139e-13,7.20449323e-13,7.447682623e-13,1.051272349e-13,4.6451116e-13,1.13915362e-13,1.491713155e-13,2.535017299e-14,9.641266526e-14,3.535170209e-13,1.190394922e-13,4.291689396e-13,5.759846424e-13,8.431703e-13,1.058783248e-12,7.806709963e-13,2.351541495e-13,9.058050109e-14,5.967315546e-13,2.367077394e-13,7.17672274e-14,6.098547049e-14,1.239995712e-13,7.663930247e-14,1.276051431e-13,5.81726315e-13,2.497122032e-13,6.190098777e-13,4.998125742e-14,5.959695823e-13,1.111429959e-13
47.3359375,2.559783974e-13,3.719880481e-13,7.156844938e-13,7.443728581e-13,1.032409104e-13,4.665883914e-13,1.14085309e-13,1.500297798e-13,2.563607369e-14,9.659404587e-14,3.508334847e-13,1.190049852e-13,4.309316809e-13,5.770194774e-13,8.450385957e-13,1.057227722e-12,7.760061789e-13,2.340737494e-13,9.002761056e-14,5.947830213e-13,2.374349271e-13,7.173629219e-14,6.03319613e-14,1.247611263e-13,7.585935707e-14,1.266421152e-13,5.743454405e-13,2.488022872e-13,6.07665548e-13,4.959538796e-14,5.95982578e-13,1.119610465e-13
47.34375,2.570955642e-13,3.717438159e-13,7.10532458e-13,7.431591368e-13,1.014572769e-13,4.683524237e-13,1.142113497e-13,1.50856614e-13,2.593997339e-14,9.67864817e-14,3.479894646e-13,1.189525509e-13,4.325756265e-13,5.779783062e-13,8.463902979e-13,1.055128192e-12,7.710243689e-13,2.329608786e-13,8.947143927e-14,5.926650618e-13,2.379383377e-13,7.171224336e-14,5.968177671e-14,1.255973444e-13,7.504674612e-14,1.256649356e-13,5.668756341e-13,2.477311239e-13,5.96378529e-13,4.916143367e-14,5.960353786e-13,1.127485362e-13
47.3515625,2.584209199e-13,3.717305078e-13,7.051347464e-13,7.418729893e-13,9.97307695e-14,4.700341957e-13,1.142659579e-13,1.516132122e-13,2.62716439e-14,9.689929974e-14,3.45021203e-13,1.189048666e-13,4.34238521e-13,5.789419741e-13,8.473417106e-13,1.052436721e-12,7.655479307e-13,2.318046947e-13,8.894110681e-14,5.906466823e-13,2.383123773e-13,7.170740743e-14,5.903447943e-14,1.264762968e-13,7.41990407e-14,1.246676187e-13,5.58987168e-13,2.466901375e-13,5.848559573e-13,4.871238136e-14,5.9625879e-13,1.135107166e-13
47.359375,2.597695812e-13,3.718759799e-13,7.000390139e-13,7.408571505e-13,9.804624099e-14,4.71790716e-13,1.142678266e-13,1.522440679e-13,2.660284239e-14,9.691777717e-14,3.421166686e-13,1.189550366e-13,4.359240924e-13,5.799643188e-13,8.481914054e-13,1.049450128e-12,7.598909638e-13,2.307781399e-13,8.847718381e-14,5.886475675e-13,2.386961701e-13,7.170261966e-14,5.839518632e-14,1.273178207e-13,7.333995982e-14,1.237080675e-13,5.509892783e-13,2.457714228e-13,5.732980172e-13,4.830370095e-14,5.966540851e-13,1.142225787e-13
47.3671875,2.612438675e-13,3.720606963e-13,6.950306932e-13,7.392962838e-13,9.643284324e-14,4.734161329e-13,1.14207658e-13,1.528265164e-13,2.692657148e-14,9.691596092e-14,3.392122845e-13,1.190351152e-13,4.375391636e-13,5.809832812e-13,8.488949006e-13,1.046331111e-12,7.543309251e-13,2.298920954e-13,8.807776078e-14,5.865420322e-13,2.390747482e-13,7.168271353e-14,5.773560754e-14,1.282262623e-13,7.246214004e-14,1.227631249e-13,5.431069413e-13,2.448818097e-13,5.617615566e-13,4.791879886e-14,5.971191062e-13,1.148888437e-13
47.375,2.628948668e-13,3.722984634e-13,6.898164133e-13,7.370276018e-13,9.490509277e-14,4.749162391e-13,1.141067514e-13,1.534160421e-13,2.72531594e-14,9.691793717e-14,3.362341341e-13,1.190734663e-13,4.390491603e-13,5.820244925e-13,8.494239646e-13,1.043085201e-12,7.488022827e-13,2.291049937e-13,8.768039282e-14,5.844393686e-13,2.393877152e-13,7.164950483e-14,5.70468455e-14,1.292336274e-13,7.158048062e-14,1.217624672e-13,5.352100461e-13,2.439590807e-13,5.502691134e-13,4.754229007e-14,5.975571564e-13,1.154980309e-13
47.3828125,2.645637224e-13,3.725514942e-13,6.847215318e-13,7.349202327e-13,9.350959621e-14,4.764696669e-13,1.140169792e-13,1.539333015e-13,2.758729545e-14,9.688378404e-14,3.33390295e-13,1.191641001e-13,4.404664578e-13,5.831896158e-13,8.500180657e-13,1.039793865e-12,7.432909364e-13,2.285041234e-13,8.732058952e-14,5.825892674e-13,2.396102064e-13,7.162896471e-14,5.635987673e-14,1.302199002e-13,7.072478148e-14,1.207374745e-13,5.273390707e-13,2.430779301e-13,5.390360334e-13,4.718903604e-14,5.980222606e-13,1.160383339e-13
47.390625,2.662377197e-13,3.726518229e-13,6.797389334e-13,7.327416662e-13,9.220882747e-14,4.778569952e-13,1.138889119e-13,1.543642287e-13,2.791114019e-14,9.681621752e-14,3.307216878e-13,1.193054362e-13,4.417842997e-13,5.842795819e-13,8.504189579e-13,1.036226351e-12,7.3774523e-13,2.27984824e-13,8.703439013e-14,5.808561013e-13,2.396624667e-13,7.160460107e-14,5.566201282e-14,1.311705116e-13,6.987245186e-14,1.197491842e-13,5.195953638e-13,2.421681798e-13,5.279690558e-13,4.683408992e-14,5.98551357e-13,1.165457113e-13
47.3984375,2.67921247e-13,3.72488794e-13,6.745016125e-13,7.295454145e-13,9.083836571e-14,4.787834347e-13,1.136606258e-13,1.548021295e-13,2.822067418e-14,9.679325062e-14,3.279542149e-13,1.194031857e-13,4.429388316e-13,5.849696492e-13,8.501519987e-13,1.032047772e-12,7.319056198e-13,2.2733645e-13,8.672320678e-14,5.788719891e-13,2.395139162e-13,7.15262795e-14,5.492746157e-14,1.32153951e-13,6.899973495e-14,1.188087945e-13,5.11962026e-13,2.410303646e-13,5.168181593e-13,4.646423382e-14,5.990333023e-13,1.170714687e-13
47.40625,2.695433082e-13,3.723040214e-13,6.693526318e-13,7.258034416e-13,8.944700951e-14,4.794724273e-13,1.133993336e-13,1.552158264e-13,2.856157859e-14,9.68171554e-14,3.25096345e-13,1.195639979e-13,4.439995784e-13,5.855127437e-13,8.496321241e-13,1.027574373e-12,7.257813656e-13,2.267120552e-13,8.642259323e-14,5.76809537e-13,2.393117316e-13,7.144743999e-14,5.419359209e-14,1.331819016e-13,6.813592065e-14,1.179457913e-13,5.044802233e-13,2.397885069e-13,5.057287734e-13,4.613476606e-14,5.995864892e-13,1.176455927e-13
47.4140625,2.71217943e-13,3.724189112e-13,6.647788454e-13,7.223670462e-13,8.826602512e-14,4.802587332e-13,1.131533346e-13,1.554561005e-13,2.893025664e-14,9.675154334e-14,3.224570166e-13,1.198909206e-13,4.451699842e-13,5.864013497e-13,8.493858068e-13,1.023142397e-12,7.196416959e-13,2.263840295e-13,8.628147575e-14,5.748852063e-13,2.391725894e-13,7.144147762e-14,5.34806531e-14,1.342028511e-13,6.72975661e-14,1.171384481e-13,4.970835096e-13,2.387527874e-13,4.949099843e-13,4.586765364e-14,6.004842362e-13,1.182124924e-13
47.421875,2.730061174e-13,3.72706024e-13,6.60343417e-13,7.188388191e-13,8.722685639e-14,4.809955892e-13,1.128626782e-13,1.55499412e-13,2.923900842e-14,9.65576783e-14,3.200015693e-13,1.202212441e-13,4.463206018e-13,5.874017656e-13,8.489562417e-13,1.018372719e-12,7.134752823e-13,2.261997575e-13,8.619380817e-14,5.727227056e-13,2.390254283e-13,7.14275878e-14,5.275050704e-14,1.350901206e-13,6.644981938e-14,1.162797989e-13,4.896329978e-13,2.378658478e-13,4.842763895e-13,4.560993607e-14,6.014710852e-13,1.186537037e-13
47.4296875,2.747990866e-13,3.727841473e-13,6.555397837e-13,7.147706233e-13,8.613484319e-14,4.814171018e-13,1.125120485e-13,1.554688564e-13,2.948084676e-14,9.63703044e-14,3.174487827e-13,1.204397676e-13,4.471297243e-13,5.880785597e-13,8.479128636e-13,1.013026218e-12,7.071577762e-13,2.258095023e-13,8.602492683e-14,5.702043284e-13,2.387682704e-13,7.134128364e-14,5.199944444e-14,1.357933432e-13,6.556575302e-14,1.153604367e-13,4.822506908e-13,2.368635056e-13,4.737171201e-13,4.533386096e-14,6.021094084e-13,1.189783351e-13
47.4375,2.767216466e-13,3.725150824e-13,6.507060593e-13,7.104183204e-13,8.513305304e-14,4.816409301e-13,1.121470611e-13,1.554457906e-13,2.974103742e-14,9.622807903e-14,3.148390318e-13,1.206676884e-13,4.476944642e-13,5.886910908e-13,8.466037912e-13,1.00741405e-12,7.007743459e-13,2.252623367e-13,8.592532568e-14,5.676359647e-13,2.383776693e-13,7.127326655e-14,5.125720811e-14,1.364716423e-13,6.466659239e-14,1.144510232e-13,4.750452458e-13,2.357418622e-13,4.632708421e-13,4.506238231e-14,6.026416968e-13,1.193036518e-13
47.4453125,2.789036216e-13,3.720957369e-13,6.461861435e-13,7.058203453e-13,8.43622334e-14,4.818386445e-13,1.117633836e-13,1.553834033e-13,3.002458483e-14,9.603218634e-14,3.123213411e-13,1.209850226e-13,4.482168576e-13,5.894973084e-13,8.452729222e-13,1.001623765e-12,6.943419848e-13,2.248979874e-13,8.59680437e-14,5.649517793e-13,2.378970468e-13,7.125602983e-14,5.053077717e-14,1.372322195e-13,6.378463422e-14,1.135364542e-13,4.67858371e-13,2.346523052e-13,4.529993821e-13,4.481047443e-14,6.034477296e-13,1.196341677e-13
47.453125,2.811530869e-13,3.718373119e-13,6.417710525e-13,7.008826965e-13,8.36650285e-14,4.819426947e-13,1.113470828e-13,1.551883774e-13,3.028675952e-14,9.576295942e-14,3.097904323e-13,1.213504854e-13,4.486075671e-13,5.902960851e-13,8.437896362e-13,9.954993221e-13,6.877550679e-13,2.247584939e-13,8.601913025e-14,5.620684868e-13,2.374255645e-13,7.122175108e-14,4.983615597e-14,1.379765816e-13,6.292200059e-14,1.125997343e-13,4.606184225e-13,2.336602293e-13,4.428298491e-13,4.45801557e-14,6.043347469e-13,1.199079113e-13
47.4609375,2.833742956e-13,3.718093202e-13,6.373558332e-13,6.959145535e-13,8.296470293e-14,4.819406268e-13,1.109226311e-13,1.548620237e-13,3.054384482e-14,9.546417903e-14,3.072164456e-13,1.217613499e-13,4.488831301e-13,5.910241752e-13,8.421786163e-13,9.891728642e-13,6.810512944e-13,2.24614029e-13,8.606324135e-14,5.592503856e-13,2.369986857e-13,7.117748791e-14,4.919371501e-14,1.386520311e-13,6.206153814e-14,1.117017661e-13,4.534267703e-13,2.327504502e-13,4.326853914e-13,4.436550756e-14,6.050856459e-13,1.201453772e-13
47.46875,2.855594435e-13,3.718264511e-13,6.330007371e-13,6.910373483e-13,8.227782879e-14,4.818059548e-13,1.104793776e-13,1.544991111e-13,3.081035365e-14,9.514667161e-14,3.047248171e-13,1.222159253e-13,4.490881239e-13,5.915704344e-13,8.404099732e-13,9.827789518e-13,6.742764532e-13,2.243935826e-13,8.612187062e-14,5.565511791e-13,2.365179335e-13,7.114153354e-14,4.858463791e-14,1.393233488e-13,6.118623886e-14,1.108660427e-13,4.463562591e-13,2.318233024e-13,4.227401083e-13,4.413941218e-14,6.057376941e-13,1.203809132e-13
47.4765625,2.875877746e-13,3.717234704e-13,6.285379064e-13,6.857886809e-13,8.152166611e-14,4.813139483e-13,1.099779736e-13,1.541047897e-13,3.107937129e-14,9.483114865e-14,3.022099001e-13,1.226593028e-13,4.490206609e-13,5.916877965e-13,8.38153834e-13,9.760432371e-13,6.673241157e-13,2.241171928e-13,8.613479033e-14,5.537594127e-13,2.359204704e-13,7.10770129e-14,4.798499977e-14,1.400100851e-13,6.028728297e-14,1.100497223e-13,4.394467386e-13,2.307618883e-13,4.130869848e-13,4.388713197e-14,6.062586327e-13,1.206108867e-13
47.484375,2.896613972e-13,3.713200178e-13,6.239605967e-13,6.79848681e-13,8.081271462e-14,4.805238114e-13,1.094378261e-13,1.53584507e-13,3.136640361e-14,9.450890541e-14,2.995324718e-13,1.23089918e-13,4.487172664e-13,5.916800107e-13,8.353706755e-13,9.687306175e-13,6.601450327e-13,2.237577392e-13,8.618188322e-14,5.506690734e-13,2.352676427e-13,7.101254467e-14,4.739254121e-14,1.406838567e-13,5.938630141e-14,1.092399625e-13,4.326445192e-13,2.295925986e-13,4.034929609e-13,4.363180279e-14,6.066717602e-13,1.208452322e-13
47.4921875,2.919725178e-13,3.705690668e-13,6.194924246e-13,6.735764283e-13,8.034925233e-14,4.797242274e-13,1.088998289e-13,1.52951362e-13,3.164660435e-14,9.411413899e-14,2.968636044e-13,1.235297939e-13,4.483867059e-13,5.917792376e-13,8.324644129e-13,9.610685608e-13,6.527766886e-13,2.233998069e-13,8.636190695e-14,5.47214484e-13,2.346033483e-13,7.098211971e-14,4.681189623e-14,1.413091887e-13,5.851683462e-14,1.084710138e-13,4.258505101e-13,2.284102877e-13,3.93972633e-13,4.339489503e-14,6.069906966e-13,1.210877972e-13
47.5,2.941090652e-13,3.698129933e-13,6.150316096e-13,6.67335932e-13,7.998154913e-14,4.78728873e-13,1.083448049e-13,1.52291827e-13,3.187058497e-14,9.365533927e-14,2.943467855e-13,1.239189788e-13,4.478365149e-13,5.914935747e-13,8.295200042e-13,9.53279187e-13,6.452012192e-13,2.23125857e-13,8.657350723e-14,5.436322343e-13,2.339092766e-13,7.092211481e-14,4.625692476e-14,1.418466717e-13,5.766498553e-14,1.07715403e-13,4.191337618e-13,2.272199179e-13,3.847858087e-13,4.317509331e-14,6.070099884e-13,1.213013668e-13
47.5078125,2.959894323e-13,3.692289236e-13,6.104667056e-13,6.608840167e-13,7.958564215e-14,4.77322611e-13,1.077386676e-13,1.515767697e-13,3.207417014e-14,9.32077376e-14,2.91906244e-13,1.24249027e-13,4.469355522e-13,5.908158891e-13,8.262535405e-13,9.452892635e-13,6.374949902e-13,2.229047097e-13,8.675907804e-14,5.400353557e-13,2.33185617e-13,7.08170572e-14,4.573274156e-14,1.42347812e-13,5.679377265e-14,1.068786514e-13,4.125673845e-13,2.26024482e-13,3.757784049e-13,4.297324948e-14,6.067683752e-13,1.214482352e-13
47.515625,2.981774395e-13,3.685332913e-13,6.060605808e-13,6.540570076e-13,7.932235349e-14,4.75893724e-13,1.070935038e-13,1.507383427e-13,3.231598696e-14,9.277249249e-14,2.895038605e-13,1.246386047e-13,4.459422468e-13,5.90345199e-13,8.227021852e-13,9.371123725e-13,6.298346122e-13,2.227617368e-13,8.699548194e-14,5.362013982e-13,2.32420223e-13,7.073946023e-14,4.52328709e-14,1.429023221e-13,5.590761776e-14,1.059868073e-13,4.060856466e-13,2.248963824e-13,3.667204508e-13,4.279704579e-14,6.065563652e-13,1.215444514e-13
47.5234375,3.0055525e-13,3.676463141e-13,6.018103521e-13,6.471901503e-13,7.915890527e-14,4.745958223e-13,1.064317248e-13,1.497860889e-13,3.257718483e-14,9.231145716e-14,2.870905311e-13,1.25107491e-13,4.448214139e-13,5.899114112e-13,8.190036545e-13,9.287845242e-13,6.221781107e-13,2.226431039e-13,8.727409067e-14,5.321775047e-13,2.315736218e-13,7.069253162e-14,4.476885625e-14,1.434409065e-13,5.501935278e-14,1.051580428e-13,3.997650887e-13,2.238167442e-13,3.578396035e-13,4.264124943e-14,6.062762765e-13,1.216323384e-13
47.53125,3.025080573e-13,3.667934469e-13,5.973882697e-13,6.40346501e-13,7.890656012e-14,4.729842118e-13,1.057450616e-13,1.487473578e-13,3.281900803e-14,9.181696193e-14,2.845470034e-13,1.255242542e-13,4.433008311e-13,5.8900309e-13,8.150059786e-13,9.202398881e-13,6.143923547e-13,2.223761562e-13,8.752034791e-14,5.281526097e-13,2.306935826e-13,7.06130787e-14,4.434044834e-14,1.438434158e-13,5.411420806e-14,1.043683365e-13,3.937109582e-13,2.226597461e-13,3.493149884e-13,4.249040839e-14,6.056206466e-13,1.217030706e-13
47.5390625,3.042383414e-13,3.659919078e-13,5.928237196e-13,6.332220028e-13,7.859891862e-14,4.709816375e-13,1.050231824e-13,1.47656174e-13,3.303129078e-14,9.127872219e-14,2.819026275e-13,1.258400498e-13,4.41505108e-13,5.877532511e-13,8.107708767e-13,9.117150767e-13,6.065896604e-13,2.220728983e-13,8.769082376e-14,5.239831025e-13,2.298656002e-13,7.046887146e-14,4.392647392e-14,1.441785065e-13,5.31998953e-14,1.035472113e-13,3.877011502e-13,2.2141163e-13,3.409716034e-13,4.234794421e-14,6.045477231e-13,1.217302325e-13
47.546875,3.062376289e-13,3.650523732e-13,5.88311212e-13,6.258559171e-13,7.830945495e-14,4.689205133e-13,1.04300186e-13,1.465334577e-13,3.32238819e-14,9.07267206e-14,2.792361473e-13,1.261288947e-13,4.396643535e-13,5.863578578e-13,8.065195332e-13,9.034166091e-13,5.988666931e-13,2.219851262e-13,8.778820614e-14,5.195705322e-13,2.290240786e-13,7.027682058e-14,4.353563839e-14,1.445723508e-13,5.23179668e-14,1.027481572e-13,3.816165529e-13,2.201494477e-13,3.327422024e-13,4.223171297e-14,6.032105196e-13,1.21738121e-13
47.5546875,3.083675152e-13,3.638764426e-13,5.838523977e-13,6.18474039e-13,7.806232442e-14,4.667850246e-13,1.036160797e-13,1.453290445e-13,3.342896529e-14,9.022956141e-14,2.76539337e-13,1.264606702e-13,4.377596681e-13,5.848378171e-13,8.021343456e-13,8.950268945e-13,5.911147485e-13,2.220673055e-13,8.792236319e-14,5.149669373e-13,2.280665432e-13,7.00993288e-14,4.318074049e-14,1.449961022e-13,5.14894763e-14,1.019998782e-13,3.757639101e-13,2.188594413e-13,3.248429155e-13,4.213342991e-14,6.018851016e-13,1.217361165e-13
47.5625,3.10360345e-13,3.626520142e-13,5.795060221e-13,6.109725153e-13,7.793605439e-14,4.643962186e-13,1.029426776e-13,1.440288581e-13,3.364874129e-14,8.974658594e-14,2.738983774e-13,1.268624489e-13,4.357558817e-13,5.833758912e-13,7.975877497e-13,8.863911315e-13,5.833465328e-13,2.222369418e-13,8.815787255e-14,5.101459446e-13,2.270809877e-13,6.996002336e-14,4.285711979e-14,1.453672445e-13,5.070381843e-14,1.012756305e-13,3.701857562e-13,2.175455877e-13,3.173673898e-13,4.204037933e-14,6.006900915e-13,1.217019219e-13
47.5703125,3.12242481e-13,3.616282051e-13,5.752575016e-13,6.031353701e-13,7.789833773e-14,4.618193464e-13,1.022426549e-13,1.426929717e-13,3.383905189e-14,8.918401722e-14,2.7136609e-13,1.272912404e-13,4.336157372e-13,5.819576586e-13,7.930562601e-13,8.777770129e-13,5.756886806e-13,2.225656506e-13,8.837275494e-14,5.051651809e-13,2.261838708e-13,6.979038753e-14,4.257934787e-14,1.456763043e-13,4.994482908e-14,1.006017704e-13,3.645694499e-13,2.162954544e-13,3.100542352e-13,4.19721765e-14,5.993383278e-13,1.216572735e-13
47.578125,3.141206505e-13,3.606591223e-13,5.708841594e-13,5.950825402e-13,7.78621337e-14,4.591387835e-13,1.015355685e-13,1.413185495e-13,3.399339535e-14,8.858368524e-14,2.68797831e-13,1.276755125e-13,4.312961716e-13,5.80363867e-13,7.88433333e-13,8.692660916e-13,5.681193654e-13,2.229907129e-13,8.852456475e-14,5.000959664e-13,2.253165299e-13,6.956963273e-14,4.233287933e-14,1.459334036e-13,4.919852692e-14,9.996809883e-14,3.590567737e-13,2.150669344e-13,3.027864955e-13,4.192235625e-14,5.976863382e-13,1.216123384e-13
47.5859375,3.160397803e-13,3.59566907e-13,5.664471369e-13,5.87148273e-13,7.784780296e-14,4.563030512e-13,1.008134372e-13,1.398925574e-13,3.413424571e-14,8.801599325e-14,2.662026931e-13,1.280135738e-13,4.288691411e-13,5.785432106e-13,7.837139762e-13,8.608654384e-13,5.605772622e-13,2.234019619e-13,8.873021593e-14,4.950544765e-13,2.24402003e-13,6.934754311e-14,4.207156948e-14,1.461192074e-13,4.845696519e-14,9.933248391e-14,3.539182906e-13,2.137720353e-13,2.9590866e-13,4.185783135e-14,5.959041978e-13,1.21528818e-13
47.59375,3.179233772e-13,3.585405867e-13,5.622665974e-13,5.792866345e-13,7.784142511e-14,4.53248398e-13,1.000529591e-13,1.384688954e-13,3.425940743e-14,8.744700334e-14,2.637702944e-13,1.283368169e-13,4.263195408e-13,5.764827285e-13,7.79161047e-13,8.526478131e-13,5.530692953e-13,2.238501849e-13,8.899321999e-14,4.902920929e-13,2.234602907e-13,6.910765709e-14,4.181790403e-14,1.462222836e-13,4.772703704e-14,9.872792525e-14,3.488772662e-13,2.125222739e-13,2.895274628e-13,4.181582361e-14,5.939786465e-13,1.214195376e-13
47.6015625,3.197550401e-13,3.575588846e-13,5.583474729e-13,5.71181354e-13,7.787993708e-14,4.500108566e-13,9.931221681e-14,1.370178642e-13,3.439639855e-14,8.686799374e-14,2.614527333e-13,1.286869579e-13,4.236256998e-13,5.743521119e-13,7.746656151e-13,8.444568304e-13,5.45632709e-13,2.243848235e-13,8.927270883e-14,4.855693855e-13,2.225058765e-13,6.885100554e-14,4.160884906e-14,1.462805063e-13,4.702949586e-14,9.816658557e-14,3.438682279e-13,2.114057363e-13,2.833014779e-13,4.183820207e-14,5.91964667e-13,1.213203328e-13
47.609375,3.21655162e-13,3.563692148e-13,5.544206145e-13,5.629915689e-13,7.812029784e-14,4.467020747e-13,9.861355513e-14,1.354574183e-13,3.457054486e-14,8.630303746e-14,2.590648412e-13,1.291062728e-13,4.209877321e-13,5.724298976e-13,7.699363677e-13,8.361706252e-13,5.383145904e-13,2.249969434e-13,8.962973799e-14,4.803760659e-13,2.215172658e-13,6.865651484e-14,4.142193324e-14,1.463210348e-13,4.637583025e-14,9.760626134e-14,3.392618402e-13,2.102862401e-13,2.772183704e-13,4.185242005e-14,5.900351497e-13,1.212075773e-13
47.6171875,3.234599553e-13,3.550406742e-13,5.503180365e-13,5.549800775e-13,7.846563015e-14,4.433121964e-13,9.788096885e-14,1.33839156e-13,3.471208338e-14,8.569890049e-14,2.565883105e-13,1.295015121e-13,4.183392755e-13,5.703383554e-13,7.649344178e-13,8.278045196e-13,5.310248276e-13,2.256719162e-13,9.000028472e-14,4.749701092e-13,2.204655586e-13,6.847784418e-14,4.126937895e-14,1.462894214e-13,4.573996119e-14,9.704131938e-14,3.348669778e-13,2.090630555e-13,2.714859777e-13,4.179528394e-14,5.877635139e-13,1.210642815e-13
47.625,3.249172677e-13,3.536447547e-13,5.461005533e-13,5.468606558e-13,7.868952905e-14,4.397552072e-13,9.711700188e-14,1.322234545e-13,3.477815857e-14,8.503010674e-14,2.5410137e-13,1.297660067e-13,4.153152025e-13,5.676074922e-13,7.596783885e-13,8.192819314e-13,5.236584418e-13,2.263809998e-13,9.023692199e-14,4.697779888e-13,2.193505174e-13,6.819998737e-14,4.118247546e-14,1.461656822e-13,4.508920898e-14,9.64554809e-14,3.302639139e-13,2.078045328e-13,2.659570686e-13,4.172710401e-14,5.847579726e-13,1.208953017e-13
47.6328125,3.263585253e-13,3.521037743e-13,5.419978376e-13,5.384791981e-13,7.893866554e-14,4.361058026e-13,9.639094945e-14,1.305314504e-13,3.484994759e-14,8.435375246e-14,2.516880604e-13,1.300159243e-13,4.12026197e-13,5.647301293e-13,7.543147474e-13,8.107003765e-13,5.163618991e-13,2.271756221e-13,9.04316102e-14,4.645408786e-13,2.182462286e-13,6.789618378e-14,4.111991517e-14,1.460341209e-13,4.444197374e-14,9.58149838e-14,3.256657051e-13,2.065923057e-13,2.605525704e-13,4.170018037e-14,5.816375596e-13,1.206898257e-13
47.640625,3.281755468e-13,3.505649772e-13,5.380496609e-13,5.300381593e-13,7.940851463e-14,4.323918231e-13,9.568091328e-14,1.287109532e-13,3.496782804e-14,8.369207203e-14,2.493419051e-13,1.30326524e-13,4.087342818e-13,5.620844088e-13,7.489519265e-13,8.021537379e-13,5.091570602e-13,2.280912489e-13,9.072717981e-14,4.590114971e-13,2.17193215e-13,6.766633634e-14,4.105204247e-14,1.458971942e-13,4.38256442e-14,9.515148543e-14,3.21307738e-13,2.054407363e-13,2.55444629e-13,4.168420578e-14,5.788346719e-13,1.204797086e-13
47.6484375,3.300924597e-13,3.491352757e-13,5.339657119e-13,5.214223695e-13,7.993531113e-14,4.284411959e-13,9.494240706e-14,1.268355592e-13,3.507303149e-14,8.304359736e-14,2.469325602e-13,1.305536608e-13,4.051930031e-13,5.591284395e-13,7.433013505e-13,7.934160149e-13,5.018209719e-13,2.290406535e-13,9.100854975e-14,4.532802559e-13,2.161236595e-13,6.742145606e-14,4.100382496e-14,1.456536216e-13,4.321922248e-14,9.451151587e-14,3.17088781e-13,2.043113095e-13,2.506067572e-13,4.165804306e-14,5.756844775e-13,1.202993116e-13
47.65625,3.317740766e-13,3.477174689e-13,5.296572265e-13,5.125666934e-13,8.039897672e-14,4.242564257e-13,9.419933602e-14,1.249729778e-13,3.514409095e-14,8.241470373e-14,2.44475072e-13,1.306799054e-13,4.013486468e-13,5.557116021e-13,7.373539169e-13,7.846348756e-13,4.945264115e-13,2.300953331e-13,9.115008233e-14,4.474798968e-13,2.150164158e-13,6.708456441e-14,4.097616998e-14,1.453025835e-13,4.262335328e-14,9.389708013e-14,3.130125639e-13,2.031546503e-13,2.459999302e-13,4.162878421e-14,5.717722455e-13,1.200999345e-13
47.6640625,3.332612838e-13,3.462557827e-13,5.253769125e-13,5.038056938e-13,8.088560957e-14,4.20012064e-13,9.348759798e-14,1.231148064e-13,3.519717383e-14,8.177531008e-14,2.420698382e-13,1.308252889e-13,3.975568936e-13,5.522595432e-13,7.315753499e-13,7.762677118e-13,4.875738994e-13,2.313694699e-13,9.122420371e-14,4.41825177e-13,2.139112291e-13,6.670757108e-14,4.096442777e-14,1.449031523e-13,4.208055684e-14,9.329429502e-14,3.090310477e-13,2.019131554e-13,2.417510006e-13,4.158488262e-14,5.675320913e-13,1.198609892e-13
47.671875,3.345654788e-13,3.446511107e-13,5.211715801e-13,4.952061095e-13,8.137535291e-14,4.156989653e-13,9.280968766e-14,1.212179989e-13,3.522336739e-14,8.111728715e-14,2.395929418e-13,1.309607282e-13,3.937510128e-13,5.486727462e-13,7.258992731e-13,7.680632012e-13,4.806487122e-13,2.326062941e-13,9.128861949e-14,4.362410856e-13,2.127772e-13,6.632131535e-14,4.098309607e-14,1.444410645e-13,4.1564968e-14,9.268719968e-14,3.050377405e-13,2.005396673e-13,2.377721934e-13,4.151853976e-14,5.632060886e-13,1.196286533e-13
47.6796875,3.358121683e-13,3.429111534e-13,5.168597254e-13,4.8654001e-13,8.185889458e-14,4.112694384e-13,9.212308893e-14,1.192473894e-13,3.522868961e-14,8.046257863e-14,2.369786755e-13,1.310331257e-13,3.897132694e-13,5.447395935e-13,7.198544038e-13,7.595087031e-13,4.734703718e-13,2.336311622e-13,9.131980846e-14,4.303500521e-13,2.115956055e-13,6.591856349e-14,4.10189848e-14,1.43923604e-13,4.101363162e-14,9.206595961e-14,3.011499798e-13,1.9914314e-13,2.338591815e-13,4.144834263e-14,5.586439659e-13,1.193807838e-13
47.6875,3.373365174e-13,3.412258058e-13,5.124297184e-13,4.777192266e-13,8.246232425e-14,4.067609342e-13,9.140503052e-14,1.17225293e-13,3.523145069e-14,7.979499741e-14,2.343883628e-13,1.310746864e-13,3.856323403e-13,5.406885227e-13,7.134778537e-13,7.507726543e-13,4.663735393e-13,2.347282103e-13,9.134538607e-14,4.242483242e-13,2.104075329e-13,6.550642747e-14,4.104593079e-14,1.434096378e-13,4.045721968e-14,9.142606909e-14,2.973867701e-13,1.978625181e-13,2.30040838e-13,4.138547611e-14,5.538273278e-13,1.190844321e-13
47.6953125,3.390313331e-13,3.39512155e-13,5.080204451e-13,4.688176468e-13,8.317183954e-14,4.021202956e-13,9.071730139e-14,1.152248156e-13,3.522947232e-14,7.91236653e-14,2.318146849e-13,1.310988648e-13,3.815639698e-13,5.365856095e-13,7.07109847e-13,7.422604817e-13,4.595459958e-13,2.3602265e-13,9.140069314e-14,4.182107187e-13,2.092073498e-13,6.507813523e-14,4.10596641e-14,1.428900016e-13,3.995510622e-14,9.077456788e-14,2.936878273e-13,1.965689299e-13,2.264482351e-13,4.132436982e-14,5.488137228e-13,1.187917501e-13
47.703125,3.405175467e-13,3.376766441e-13,5.037633936e-13,4.60127789e-13,8.390091103e-14,3.973773178e-13,9.007974958e-14,1.13252396e-13,3.521905315e-14,7.84647246e-14,2.291780092e-13,1.311487701e-13,3.773879976e-13,5.32356968e-13,7.009151639e-13,7.340745644e-13,4.528285974e-13,2.373921773e-13,9.146588024e-14,4.120517333e-13,2.080171913e-13,6.463149384e-14,4.107483578e-14,1.422836367e-13,3.949942406e-14,9.014653996e-14,2.901749804e-13,1.951473766e-13,2.231652326e-13,4.126673882e-14,5.436146904e-13,1.184930927e-13
47.7109375,3.418841704e-13,3.359638566e-13,4.996366999e-13,4.517685195e-13,8.470984575e-14,3.926976823e-13,8.942919358e-14,1.112269653e-13,3.518622403e-14,7.776020974e-14,2.265916937e-13,1.312132435e-13,3.732685957e-13,5.280920158e-13,6.948394816e-13,7.261200351e-13,4.462736105e-13,2.389527024e-13,9.150896564e-14,4.057154573e-13,2.069125249e-13,6.417047834e-14,4.111183671e-14,1.415262967e-13,3.908109272e-14,8.953193008e-14,2.867520968e-13,1.937731007e-13,2.202232124e-13,4.120786903e-14,5.382211578e-13,1.181147508e-13
47.71875,3.433006517e-13,3.343661644e-13,4.953634528e-13,4.433186583e-13,8.558587784e-14,3.880267905e-13,8.879234452e-14,1.091399978e-13,3.511934209e-14,7.701288338e-14,2.240335278e-13,1.311465406e-13,3.692651246e-13,5.237281223e-13,6.886755717e-13,7.182587552e-13,4.399541587e-13,2.407366972e-13,9.148881279e-14,3.994828634e-13,2.058410624e-13,6.367247104e-14,4.116020517e-14,1.406329097e-13,3.870750012e-14,8.88625648e-14,2.832138734e-13,1.924786467e-13,2.175545187e-13,4.112336504e-14,5.325496544e-13,1.177074091e-13
47.7265625,3.44594141e-13,3.326913088e-13,4.907801527e-13,4.34591772e-13,8.640434086e-14,3.832164198e-13,8.825023582e-14,1.070740216e-13,3.504386063e-14,7.62995649e-14,2.213411266e-13,1.309454197e-13,3.651587844e-13,5.191850665e-13,6.824128704e-13,7.105184407e-13,4.337239297e-13,2.425101306e-13,9.138747626e-14,3.933400354e-13,2.047103551e-13,6.312945739e-14,4.118925107e-14,1.396728914e-13,3.83618195e-14,8.815059366e-14,2.796977754e-13,1.910538497e-13,2.150794128e-13,4.100974481e-14,5.265685746e-13,1.173492605e-13
47.734375,3.457859462e-13,3.310655761e-13,4.860728328e-13,4.25854761e-13,8.719901868e-14,3.783352716e-13,8.778251085e-14,1.050343643e-13,3.496254827e-14,7.560267819e-14,2.185571886e-13,1.307268915e-13,3.609247785e-13,5.145545769e-13,6.762786309e-13,7.03056418e-13,4.275642222e-13,2.443058641e-13,9.12500891e-14,3.870919351e-13,2.035905882e-13,6.255337982e-14,4.120042585e-14,1.386643276e-13,3.804503984e-14,8.746102541e-14,2.762503823e-13,1.894850344e-13,2.127808438e-13,4.088706703e-14,5.203132932e-13,1.169866836e-13
47.7421875,3.471468394e-13,3.294817007e-13,4.813960665e-13,4.170831291e-13,8.808247677e-14,3.73470206e-13,8.734937696e-14,1.029637057e-13,3.484996903e-14,7.490191558e-14,2.15751981e-13,1.304533665e-13,3.566747338e-13,5.098356393e-13,6.703141601e-13,6.958936352e-13,4.216018242e-13,2.462915519e-13,9.11136826e-14,3.807902519e-13,2.025626079e-13,6.195122203e-14,4.120887513e-14,1.375922839e-13,3.776892505e-14,8.676626621e-14,2.727233051e-13,1.878902779e-13,2.106385976e-13,4.074869159e-14,5.137797555e-13,1.165823863e-13
47.75,3.486789252e-13,3.277418294e-13,4.767775233e-13,4.082462922e-13,8.906046448e-14,3.686469955e-13,8.695239833e-14,1.008699593e-13,3.473349742e-14,7.424248532e-14,2.129066323e-13,1.301231311e-13,3.524333517e-13,5.050965479e-13,6.644286305e-13,6.889820244e-13,4.158950855e-13,2.483632454e-13,9.096300618e-14,3.745244224e-13,2.015916455e-13,6.135248302e-14,4.122484323e-14,1.364999038e-13,3.750846059e-14,8.602695611e-14,2.692223564e-13,1.862841112e-13,2.086785627e-13,4.058307387e-14,5.070667069e-13,1.161783565e-13
47.7578125,3.501797406e-13,3.259596524e-13,4.72267987e-13,3.996366429e-13,9.007326921e-14,3.639025921e-13,8.656844696e-14,9.878158579e-14,3.46264269e-14,7.359857799e-14,2.1009578e-13,1.298374539e-13,3.482089373e-13,5.003951175e-13,6.585657556e-13,6.822802717e-13,4.104822796e-13,2.504809372e-13,9.075257968e-14,3.682074165e-13,2.006563295e-13,6.075009172e-14,4.126600477e-14,1.353989028e-13,3.72579818e-14,8.528248815e-14,2.658453746e-13,1.84683988e-13,2.070359837e-13,4.041360066e-14,5.002131567e-13,1.157494935e-13
47.765625,3.515702289e-13,3.242267106e-13,4.677486102e-13,3.911659415e-13,9.10414319e-14,3.591246881e-13,8.619782902e-14,9.670677713e-14,3.447659011e-14,7.297388667e-14,2.073300177e-13,1.295152798e-13,3.439236159e-13,4.954069628e-13,6.526072261e-13,6.757524929e-13,4.053633774e-13,2.527774837e-13,9.045241366e-14,3.617758474e-13,1.997483888e-13,6.007632182e-14,4.132157289e-14,1.342317458e-13,3.704775979e-14,8.45392645e-14,2.625353199e-13,1.830851537e-13,2.05766681e-13,4.024917517e-14,4.929934168e-13,1.152487985e-13
47.7734375,3.529504745e-13,3.224080829e-13,4.630908842e-13,3.825520491e-13,9.197830776e-14,3.542290206e-13,8.587084181e-14,9.467438098e-14,3.429630036e-14,7.243200123e-14,2.045080234e-13,1.290751128e-13,3.395447219e-13,4.900905914e-13,6.465879806e-13,6.695176541e-13,4.004623108e-13,2.551956909e-13,9.0133097e-14,3.553379055e-13,1.98826663e-13,5.935416679e-14,4.136434038e-14,1.33026745e-13,3.686999951e-14,8.376318711e-14,2.593594282e-13,1.814318084e-13,2.046839072e-13,4.006960834e-14,4.854548613e-13,1.147227832e-13
47.78125,3.544251868e-13,3.205669212e-13,4.5847603e-13,3.740481381e-13,9.298805135e-14,3.493780741e-13,8.555413798e-14,9.267865303e-14,3.414527481e-14,7.186252894e-14,2.016648791e-13,1.286515935e-13,3.352721791e-13,4.849573689e-13,6.406933047e-13,6.636540304e-13,3.957428461e-13,2.57571169e-13,8.98607521e-14,3.489779068e-13,1.979232072e-13,5.866624288e-14,4.140236179e-14,1.31849651e-13,3.669323065e-14,8.300384596e-14,2.563094017e-13,1.797434233e-13,2.03612467e-13,3.98869718e-14,4.779786667e-13,1.142197833e-13
47.7890625,3.55859661e-13,3.188508989e-13,4.54034788e-13,3.659239778e-13,9.402781693e-14,3.446251506e-13,8.522279306e-14,9.066041899e-14,3.399791033e-14,7.11659502e-14,1.988523189e-13,1.282980642e-13,3.312073961e-13,4.800874691e-13,6.34929129e-13,6.580583685e-13,3.912679347e-13,2.599126453e-13,8.952969402e-14,3.426304713e-13,1.971070967e-13,5.797350422e-14,4.143599015e-14,1.306399989e-13,3.65270436e-14,8.233777417e-14,2.533244172e-13,1.780323147e-13,2.027099214e-13,3.972599928e-14,4.705417025e-13,1.137192615e-13
47.796875,3.570735044e-13,3.171713231e-13,4.496668206e-13,3.57964198e-13,9.502712777e-14,3.398650373e-13,8.493881339e-14,8.861257518e-14,3.382698218e-14,7.051386926e-14,1.960058323e-13,1.279248101e-13,3.272083825e-13,4.751501979e-13,6.293161514e-13,6.528101482e-13,3.87144782e-13,2.623697828e-13,8.907756999e-14,3.363251518e-13,1.963438724e-13,5.722412687e-14,4.144227388e-14,1.293495094e-13,3.64074908e-14,8.17217577e-14,2.505340224e-13,1.762617305e-13,2.022143346e-13,3.95619967e-14,4.628737034e-13,1.131951049e-13
47.8046875,3.581558348e-13,3.153530461e-13,4.452967892e-13,3.499380576e-13,9.610667129e-14,3.351428566e-13,8.472066768e-14,8.660298937e-14,3.366705981e-14,6.999646602e-14,1.931399115e-13,1.274879707e-13,3.231519622e-13,4.70124751e-13,6.23918267e-13,6.479672811e-13,3.83314228e-13,2.650150419e-13,8.86224423e-14,3.301970285e-13,1.955720994e-13,5.647560654e-14,4.143158962e-14,1.280571599e-13,3.633889989e-14,8.104679025e-14,2.478685468e-13,1.744419795e-13,2.019790308e-13,3.936130532e-14,4.549550539e-13,1.12636047e-13
47.8125,3.592206775e-13,3.134741228e-13,4.407899352e-13,3.418715398e-13,9.729206884e-14,3.304607844e-13,8.450122849e-14,8.46829432e-14,3.349664056e-14,6.946292317e-14,1.903262817e-13,1.269474531e-13,3.189986629e-13,4.650374512e-13,6.185100995e-13,6.431863983e-13,3.795075431e-13,2.677192568e-13,8.816398891e-14,3.241453276e-13,1.948231329e-13,5.573008512e-14,4.141525084e-14,1.267721701e-13,3.627661444e-14,8.028738838e-14,2.450570919e-13,1.725797907e-13,2.016593173e-13,3.91354418e-14,4.467454628e-13,1.120293325e-13
47.8203125,3.602954516e-13,3.119536176e-13,4.361198924e-13,3.339352565e-13,9.845056856e-14,3.257439216e-13,8.427567095e-14,8.281872385e-14,3.326462901e-14,6.888017774e-14,1.875737583e-13,1.263216183e-13,3.148687997e-13,4.598567935e-13,6.130620428e-13,6.384308598e-13,3.757140853e-13,2.704323252e-13,8.75981515e-14,3.180009536e-13,1.941561587e-13,5.491649382e-14,4.137184462e-14,1.253966178e-13,3.619917693e-14,7.949599174e-14,2.421595456e-13,1.707220288e-13,2.01266506e-13,3.890237311e-14,4.382832424e-13,1.113810891e-13
47.828125,3.615422161e-13,3.109378289e-13,4.316402598e-13,3.262767331e-13,9.962567731e-14,3.211507477e-13,8.410527879e-14,8.095515559e-14,3.30017336e-14,6.833726615e-14,1.849056955e-13,1.257155645e-13,3.109903479e-13,4.548014071e-13,6.080318062e-13,6.342379597e-13,3.722747474e-13,2.73349265e-13,8.70063411e-14,3.11939313e-13,1.935706349e-13,5.406396844e-14,4.130237447e-14,1.2394667e-13,3.615383597e-14,7.870321928e-14,2.393759127e-13,1.689821126e-13,2.011037256e-13,3.866168844e-14,4.299192033e-13,1.107205887e-13
47.8359375,3.630572602e-13,3.099068451e-13,4.274720555e-13,3.187542103e-13,1.009543591e-13,3.168151474e-13,8.397898924e-14,7.913957954e-14,3.274856037e-14,6.781716282e-14,1.823289429e-13,1.251008135e-13,3.073159861e-13,4.500273887e-13,6.03486197e-13,6.307264895e-13,3.693186447e-13,2.765074673e-13,8.648686418e-14,3.061268366e-13,1.930295519e-13,5.324910005e-14,4.122493663e-14,1.225276222e-13,3.616963948e-14,7.789303549e-14,2.367225607e-13,1.673105629e-13,2.01228246e-13,3.842484706e-14,4.217417259e-13,1.100568502e-13
47.84375,3.647189437e-13,3.085209191e-13,4.233073409e-13,3.112056861e-13,1.024366973e-13,3.126654967e-13,8.385354317e-14,7.744785791e-14,3.248702062e-14,6.729346365e-14,1.797919607e-13,1.244064778e-13,3.036861295e-13,4.454398662e-13,5.990532494e-13,6.275950712e-13,3.667953534e-13,2.797810599e-13,8.597478904e-14,3.003280623e-13,1.925179427e-13,5.245935512e-14,4.113166876e-14,1.211258436e-13,3.622803955e-14,7.705423935e-14,2.341920366e-13,1.65574963e-13,2.01479784e-13,3.819673331e-14,4.135093834e-13,1.093632243e-13
47.8515625,3.663977853e-13,3.070930549e-13,4.19149131e-13,3.039331067e-13,1.039820898e-13,3.087540913e-13,8.378137841e-14,7.584954752e-14,3.220359232e-14,6.680795126e-14,1.772789564e-13,1.237110112e-13,3.002278028e-13,4.409207838e-13,5.948810541e-13,6.250428723e-13,3.648409568e-13,2.83264932e-13,8.543381537e-14,2.94502801e-13,1.920281146e-13,5.164583422e-14,4.101783531e-14,1.196746206e-13,3.633908943e-14,7.622295836e-14,2.317490142e-13,1.638247969e-13,2.019330621e-13,3.795314228e-14,4.052069544e-13,1.086462809e-13
47.859375,3.679877234e-13,3.058787582e-13,4.151609132e-13,2.971632328e-13,1.054857925e-13,3.050967168e-13,8.381528336e-14,7.429920118e-14,3.191691579e-14,6.638185593e-14,1.747779318e-13,1.230366218e-13,2.97017261e-13,4.363985267e-13,5.912604725e-13,6.232973634e-13,3.633912101e-13,2.870008561e-13,8.488848351e-14,2.89038924e-13,1.915378206e-13,5.080629419e-14,4.089505596e-14,1.182215613e-13,3.65100856e-14,7.542951932e-14,2.293413222e-13,1.621341434e-13,2.026915423e-13,3.769438313e-14,3.96924049e-13,1.079547473e-13
47.8671875,3.695438492e-13,3.048656169e-13,4.1110386e-13,2.904965795e-13,1.069848807e-13,3.014684873e-13,8.38748135e-14,7.278288098e-14,3.164514277e-14,6.599876361e-14,1.722530136e-13,1.223077977e-13,2.938988759e-13,4.319460393e-13,5.877572129e-13,6.218237098e-13,3.620393687e-13,2.908140742e-13,8.433607307e-14,2.837975891e-13,1.910837817e-13,4.996854664e-14,4.076135839e-14,1.168151153e-13,3.669846599e-14,7.462405107e-14,2.270110794e-13,1.604841671e-13,2.035266675e-13,3.744564501e-14,3.886542785e-13,1.072659733e-13
47.875,3.713373007e-13,3.04043946e-13,4.067904589e-13,2.836370472e-13,1.086243879e-13,2.978355665e-13,8.388445539e-14,7.12661122e-14,3.138319119e-14,6.561262942e-14,1.697288551e-13,1.215266405e-13,2.908507603e-13,4.276347407e-13,5.839800583e-13,6.2020528e-13,3.606816612e-13,2.947145978e-13,8.377934402e-14,2.782165969e-13,1.907233317e-13,4.91378581e-14,4.060405585e-14,1.15392846e-13,3.68850013e-14,7.375898896e-14,2.247009308e-13,1.588555285e-13,2.043427041e-13,3.718802862e-14,3.803939657e-13,1.065123281e-13
47.8828125,3.73335245e-13,3.032422733e-13,4.023426359e-13,2.768062722e-13,1.103174481e-13,2.943483427e-13,8.391098641e-14,6.981464503e-14,3.110882006e-14,6.520995648e-14,1.672100838e-13,1.206791933e-13,2.87884683e-13,4.232737703e-13,5.802986045e-13,6.188704912e-13,3.595667826e-13,2.987151561e-13,8.318195895e-14,2.725986021e-13,1.903726506e-13,4.828969925e-14,4.041225022e-14,1.13966712e-13,3.708090472e-14,7.287086126e-14,2.222982886e-13,1.571375191e-13,2.05351543e-13,3.688695653e-14,3.72010011e-13,1.057266803e-13
47.890625,3.752207087e-13,3.02294357e-13,3.978047098e-13,2.700794774e-13,1.118976316e-13,2.909325898e-13,8.40157707e-14,6.853597132e-14,3.08139132e-14,6.484967564e-14,1.646172906e-13,1.197474832e-13,2.84871267e-13,4.187945657e-13,5.769596517e-13,6.181682495e-13,3.587733104e-13,3.026258619e-13,8.250467752e-14,2.675101229e-13,1.899442558e-13,4.74180901e-14,4.018490107e-14,1.12643603e-13,3.727495902e-14,7.197605289e-14,2.199352978e-13,1.552322816e-13,2.064788861e-13,3.654382901e-14,3.633867334e-13,1.049671119e-13
47.8984375,3.770219918e-13,3.013907046e-13,3.932428879e-13,2.634019938e-13,1.134818365e-13,2.875349282e-13,8.415042772e-14,6.732248146e-14,3.050527014e-14,6.451262368e-14,1.619576177e-13,1.188471121e-13,2.81868094e-13,4.144249545e-13,5.736882845e-13,6.178535125e-13,3.582660068e-13,3.06568141e-13,8.182004183e-14,2.62526525e-13,1.895483577e-13,4.653719322e-14,3.994718164e-14,1.113543299e-13,3.747555938e-14,7.105188342e-14,2.17772456e-13,1.533056742e-13,2.075535894e-13,3.616139013e-14,3.54670332e-13,1.041943769e-13
47.90625,3.789160868e-13,3.006839909e-13,3.888589879e-13,2.570356174e-13,1.15189242e-13,2.843373311e-13,8.428691643e-14,6.603004793e-14,3.018976056e-14,6.409680521e-14,1.593414062e-13,1.180300858e-13,2.790926821e-13,4.102369225e-13,5.704590506e-13,6.177841805e-13,3.581268363e-13,3.108316512e-13,8.117460185e-14,2.573394254e-13,1.892337629e-13,4.564802397e-14,3.971747881e-14,1.099593768e-13,3.772025945e-14,7.014244904e-14,2.157077126e-13,1.515280465e-13,2.088465171e-13,3.574925362e-14,3.460204302e-13,1.033863895e-13
47.9140625,3.808212733e-13,3.000102398e-13,3.8465048e-13,2.510536505e-13,1.16937943e-13,2.813630783e-13,8.444190568e-14,6.47430665e-14,2.98871037e-14,6.362180652e-14,1.56783782e-13,1.172081464e-13,2.765359476e-13,4.06177442e-13,5.674757001e-13,6.180742545e-13,3.583805469e-13,3.152453418e-13,8.051493099e-14,2.52495376e-13,1.888492915e-13,4.476405031e-14,3.946394099e-14,1.085611911e-13,3.800713403e-14,6.92908114e-14,2.136242931e-13,1.497966769e-13,2.105167507e-13,3.534374683e-14,3.375448804e-13,1.025914827e-13
47.921875,3.827261229e-13,2.99350109e-13,3.804428208e-13,2.451225364e-13,1.186910913e-13,2.784228702e-13,8.457356407e-14,6.356540303e-14,2.960054706e-14,6.316929404e-14,1.542353115e-13,1.163709775e-13,2.740409777e-13,4.022683415e-13,5.646594202e-13,6.187310485e-13,3.589594303e-13,3.195429728e-13,7.9838343e-14,2.481083508e-13,1.883962326e-13,4.390013809e-14,3.915839877e-14,1.07287397e-13,3.830313212e-14,6.846399366e-14,2.116401401e-13,1.48010236e-13,2.12267736e-13,3.494814834e-14,3.293056793e-13,1.018072646e-13
47.9296875,3.84780292e-13,2.989666324e-13,3.762383279e-13,2.392056961e-13,1.204510875e-13,2.75540584e-13,8.466513888e-14,6.247784308e-14,2.929898207e-14,6.272722019e-14,1.517617935e-13,1.155510113e-13,2.716121021e-13,3.984893893e-13,5.619969313e-13,6.198058166e-13,3.599039072e-13,3.238149785e-13,7.916539828e-14,2.438602797e-13,1.880360735e-13,4.303119338e-14,3.883059919e-14,1.060591662e-13,3.860058171e-14,6.764676176e-14,2.099281428e-13,1.46273173e-13,2.140122384e-13,3.453620346e-14,3.211338823e-13,1.009881903e-13
47.9375,3.869697075e-13,2.989125628e-13,3.722159173e-13,2.335609078e-13,1.221910244e-13,2.729501227e-13,8.480547803e-14,6.144780806e-14,2.89841021e-14,6.228769215e-14,1.494425573e-13,1.147281826e-13,2.693944404e-13,3.949181458e-13,5.596715782e-13,6.213590805e-13,3.61277704e-13,3.281472243e-13,7.847655629e-14,2.398308588e-13,1.877336239e-13,4.215427298e-14,3.850527639e-14,1.04832644e-13,3.891626659e-14,6.684339318e-14,2.084360336e-13,1.446761702e-13,2.159506412e-13,3.411050004e-14,3.12998733e-13,1.001239437e-13
47.9453125,3.891740123e-13,2.988954249e-13,3.684375984e-13,2.281451393e-13,1.23964929e-13,2.706621984e-13,8.502686064e-14,6.043217486e-14,2.868062714e-14,6.188224673e-14,1.471904225e-13,1.138993609e-13,2.674051006e-13,3.916594958e-13,5.575684827e-13,6.231653689e-13,3.629683589e-13,3.324689143e-13,7.778756513e-14,2.359428422e-13,1.873587141e-13,4.130636835e-14,3.816652449e-14,1.036368649e-13,3.925719926e-14,6.602178099e-14,2.069443301e-13,1.431261186e-13,2.180316236e-13,3.367524804e-14,3.051328377e-13,9.921654248e-14
47.953125,3.913664673e-13,2.987779063e-13,3.647403213e-13,2.227699684e-13,1.257856451e-13,2.68444747e-13,8.525141158e-14,5.943573635e-14,2.836758395e-14,6.148045667e-14,1.449311219e-13,1.130308955e-13,2.654632479e-13,3.885190823e-13,5.554949917e-13,6.250941369e-13,3.648358146e-13,3.367530814e-13,7.709429967e-14,2.320142845e-13,1.869530206e-13,4.047555605e-14,3.781481193e-14,1.024357741e-13,3.960343484e-14,6.518023405e-14,2.053671398e-13,1.415246402e-13,2.200568308e-13,3.32274809e-14,2.974239862e-13,9.828495507e-14
47.9609375,3.936184946e-13,2.988029676e-13,3.610810471e-13,2.175091688e-13,1.275819115e-13,2.662710623e-13,8.544896773e-14,5.854613903e-14,2.804362719e-14,6.104256062e-14,1.427888033e-13,1.12115073e-13,2.635086695e-13,3.853856471e-13,5.536150423e-13,6.27393068e-13,3.669057893e-13,3.409981793e-13,7.636413418e-14,2.284099904e-13,1.866190696e-13,3.963836208e-14,3.746015911e-14,1.012771178e-13,3.993044383e-14,6.435280675e-14,2.037977295e-13,1.3997131e-13,2.220329351e-13,3.278572636e-14,2.896858433e-13,9.738149639e-14
47.96875,3.960435422e-13,2.991846545e-13,3.576854567e-13,2.125333916e-13,1.294265477e-13,2.643547359e-13,8.564423376e-14,5.775111187e-14,2.776589925e-14,6.060536516e-14,1.408390758e-13,1.112997132e-13,2.617268306e-13,3.825287623e-13,5.520586866e-13,6.301784415e-13,3.692467168e-13,3.452498401e-13,7.566437085e-14,2.252746201e-13,1.863711655e-13,3.883909298e-14,3.708899297e-14,1.002538989e-13,4.024243414e-14,6.353643141e-14,2.023438541e-13,1.385859912e-13,2.240919548e-13,3.234870006e-14,2.822292481e-13,9.650814462e-14
47.9765625,3.986847904e-13,2.998208231e-13,3.545531011e-13,2.077984258e-13,1.314477143e-13,2.627356298e-13,8.58414616e-14,5.697054559e-14,2.753646531e-14,6.021999317e-14,1.389508927e-13,1.10625502e-13,2.60184749e-13,3.800771871e-13,5.507003992e-13,6.333051316e-13,3.719003554e-13,3.496278294e-13,7.505315429e-14,2.221912405e-13,1.861393306e-13,3.81043691e-14,3.670358575e-14,9.930141336e-14,4.056628515e-14,6.270364725e-14,2.010852128e-13,1.372840373e-13,2.262885776e-13,3.189166382e-14,2.752236449e-13,9.55877928e-14
47.984375,4.01456724e-13,3.004846369e-13,3.513804533e-13,2.031370344e-13,1.335570888e-13,2.612755066e-13,8.606243968e-14,5.623550206e-14,2.728697318e-14,5.986808634e-14,1.370571348e-13,1.098860909e-13,2.587103493e-13,3.778106974e-13,5.49501545e-13,6.367599345e-13,3.749512607e-13,3.541338617e-13,7.444616311e-14,2.190615876e-13,1.858416192e-13,3.738375026e-14,3.631113931e-14,9.834785413e-14,4.091767591e-14,6.182917282e-14,1.999894704e-13,1.359605871e-13,2.285205497e-13,3.14166428e-14,2.68351469e-13,9.458195897e-14
47.9921875,4.042445124e-13,3.011088015e-13,3.481421218e-13,1.985654892e-13,1.355884224e-13,2.599312138e-13,8.631279734e-14,5.558303789e-14,2.69930993e-14,5.948946158e-14,1.352417235e-13,1.090008743e-13,2.57223638e-13,3.755072335e-13,5.485050636e-13,6.406113973e-13,3.783959517e-13,3.586396545e-13,7.377757697e-14,2.161557378e-13,1.855179305e-13,3.663218243e-14,3.588680573e-14,9.741491143e-14,4.127861706e-14,6.091264895e-14,1.988688841e-13,1.346597775e-13,2.306146564e-13,3.093025881e-14,2.61413983e-13,9.355621208e-14
48,4.070357247e-13,3.018934586e-13,3.450697394e-13,1.942584678e-13,1.37571573e-13,2.58747519e-13,8.653683818e-14,5.499061578e-14,2.668806477e-14,5.908286528e-14,1.335302173e-13,1.081162172e-13,2.55850611e-13,3.731572019e-13,5.47683223e-13,6.448733465e-13,3.82135729e-13,3.631133987e-13,7.309064689e-14,2.136447434e-13,1.852684517e-13,3.585881574e-14,3.543395728e-14,9.651803289e-14,4.162250719e-14,6.000562957e-14,1.976795031e-13,1.334568071e-13,2.32543751e-13,3.043135228e-14,2.544671979e-13,9.256681172e-14
48.0078125,4.098986753e-13,3.030383946e-13,3.421640311e-13,1.902613874e-13,1.396176467e-13,2.577997147e-13,8.672161518e-14,5.446368242e-14,2.638732773e-14,5.868641219e-14,1.318938212e-13,1.072963541e-13,2.546687741e-13,3.709333539e-13,5.470519948e-13,6.495787239e-13,3.861888129e-13,3.676262913e-13,7.243112565e-14,2.114805415e-13,1.850593195e-13,3.509571783e-14,3.498953334e-14,9.569341927e-14,4.195448929e-14,5.913118917e-14,1.966141175e-13,1.323933163e-13,2.344273518e-13,2.99308872e-14,2.476284961e-13,9.156379827e-14
48.015625,4.127798396e-13,3.043654449e-13,3.392245942e-13,1.86451247e-13,1.416777907e-13,2.570907984e-13,8.690952604e-14,5.397997905e-14,2.607841134e-14,5.828275455e-14,1.303231771e-13,1.064763869e-13,2.535527982e-13,3.688994953e-13,5.465760149e-13,6.545538391e-13,3.905398254e-13,3.721391163e-13,7.180906254e-14,2.093703958e-13,1.848112241e-13,3.43604811e-14,3.455339765e-14,9.493026922e-14,4.22872633e-14,5.823449263e-14,1.956789135e-13,1.314259343e-13,2.362833925e-13,2.942246174e-14,2.410175236e-13,9.050069497e-14
48.0234375,4.155408996e-13,3.056067883e-13,3.361564346e-13,1.82701164e-13,1.43671016e-13,2.564104663e-13,8.710115127e-14,5.351001938e-14,2.57730896e-14,5.787113662e-14,1.287843771e-13,1.056276636e-13,2.523931251e-13,3.669318708e-13,5.46121906e-13,6.595218134e-13,3.950374701e-13,3.765146966e-13,7.12170044e-14,2.072556563e-13,1.845488225e-13,3.365287768e-14,3.41260859e-14,9.415639927e-14,4.261900839e-14,5.729912323e-14,1.946767481e-13,1.304086995e-13,2.380681122e-13,2.889301681e-14,2.345956557e-13,8.943544939e-14
48.03125,4.182419486e-13,3.068885833e-13,3.331073461e-13,1.790102638e-13,1.456536614e-13,2.55651672e-13,8.728565797e-14,5.311497096e-14,2.550093622e-14,5.750129931e-14,1.273143806e-13,1.047859557e-13,2.512878245e-13,3.650629805e-13,5.458183619e-13,6.647373623e-13,3.997589335e-13,3.80761255e-13,7.063408511e-14,2.055018313e-13,1.843293443e-13,3.297285206e-14,3.373161964e-14,9.345090977e-14,4.296535389e-14,5.639134452e-14,1.936930003e-13,1.293333396e-13,2.399110936e-13,2.835578246e-14,2.282899301e-13,8.840786481e-14
48.0390625,4.209982061e-13,3.083397953e-13,3.303111756e-13,1.754575789e-13,1.476152397e-13,2.550454771e-13,8.748682066e-14,5.282750089e-14,2.523992194e-14,5.713750752e-14,1.260115634e-13,1.039727421e-13,2.502664623e-13,3.63348295e-13,5.459089597e-13,6.706200314e-13,4.048725499e-13,3.849617379e-13,7.003097664e-14,2.041333002e-13,1.841878767e-13,3.229612403e-14,3.334105179e-14,9.290748439e-14,4.333021039e-14,5.554832278e-14,1.929215736e-13,1.283334824e-13,2.418577416e-13,2.781423364e-14,2.221177579e-13,8.736433013e-14
48.046875,4.237073384e-13,3.096911413e-13,3.27724278e-13,1.719804905e-13,1.494476239e-13,2.546929881e-13,8.772276521e-14,5.259605355e-14,2.494563407e-14,5.673613715e-14,1.247950085e-13,1.031389764e-13,2.491690223e-13,3.615861176e-13,5.461765785e-13,6.768598299e-13,4.101640718e-13,3.890279854e-13,6.937728285e-14,2.027887861e-13,1.841045509e-13,3.158053966e-14,3.290978615e-14,9.242922071e-14,4.367772737e-14,5.473623845e-14,1.92193556e-13,1.273678731e-13,2.436482119e-13,2.727156425e-14,2.159932189e-13,8.628570814e-14
48.0546875,4.262588535e-13,3.108260428e-13,3.251332593e-13,1.685007669e-13,1.512168922e-13,2.543878284e-13,8.798210651e-14,5.239949168e-14,2.463609181e-14,5.637404534e-14,1.235281706e-13,1.022533171e-13,2.480286612e-13,3.597402458e-13,5.463028615e-13,6.830287014e-13,4.154143814e-13,3.929059158e-13,6.868389661e-14,2.014469018e-13,1.839856308e-13,3.084847284e-14,3.245851042e-14,9.197092747e-14,4.400487388e-14,5.392930718e-14,1.913934938e-13,1.263304066e-13,2.452494726e-13,2.675127895e-14,2.099176932e-13,8.521834177e-14
48.0625,4.286708554e-13,3.120122228e-13,3.225893466e-13,1.651879486e-13,1.530247849e-13,2.54051747e-13,8.821929847e-14,5.224160247e-14,2.433785275e-14,5.605536131e-14,1.223074529e-13,1.013753031e-13,2.469989943e-13,3.579914143e-13,5.46463695e-13,6.893827599e-13,4.207871109e-13,3.96720875e-13,6.798256057e-14,2.00358174e-13,1.838304328e-13,3.014592424e-14,3.201450614e-14,9.156884726e-14,4.433440473e-14,5.315759362e-14,1.907721129e-13,1.252962465e-13,2.46954156e-13,2.623188336e-14,2.040444466e-13,8.417093764e-14
48.0703125,4.31026589e-13,3.133388017e-13,3.20238998e-13,1.620795406e-13,1.547793647e-13,2.537726612e-13,8.840580949e-14,5.213563879e-14,2.403170378e-14,5.568378813e-14,1.212428862e-13,1.005186864e-13,2.459521719e-13,3.562466416e-13,5.468191356e-13,6.96089648e-13,4.263867641e-13,4.00459437e-13,6.725889992e-14,1.996264295e-13,1.837466823e-13,2.943967316e-14,3.15716852e-14,9.118930221e-14,4.464293883e-14,5.245675434e-14,1.903324177e-13,1.243240538e-13,2.48683699e-13,2.568114291e-14,1.982554165e-13,8.312892225e-14
48.078125,4.335167181e-13,3.147241907e-13,3.179994459e-13,1.589223702e-13,1.564328744e-13,2.535575025e-13,8.858466578e-14,5.212664997e-14,2.372252996e-14,5.530124732e-14,1.2026027e-13,9.962787917e-14,2.447839096e-13,3.54387013e-13,5.471921277e-13,7.028937493e-13,4.321444872e-13,4.040357986e-13,6.653521849e-14,1.99156959e-13,1.837101638e-13,2.870501223e-14,3.112652945e-14,9.091398024e-14,4.49198955e-14,5.180681619e-14,1.898153292e-13,1.233807582e-13,2.50146487e-13,2.514320093e-14,1.924538446e-13,8.210768687e-14
48.0859375,4.361234304e-13,3.162292844e-13,3.157836527e-13,1.558044006e-13,1.580574103e-13,2.534084102e-13,8.877238431e-14,5.221357618e-14,2.343203112e-14,5.49824163e-14,1.193490101e-13,9.873663159e-14,2.4368602e-13,3.525526505e-13,5.47629259e-13,7.098823035e-13,4.380831299e-13,4.075281496e-13,6.589036659e-14,1.988202529e-13,1.836288172e-13,2.799328399e-14,3.066845753e-14,9.085264501e-14,4.519557043e-14,5.115504723e-14,1.893407583e-13,1.224944955e-13,2.514508017e-13,2.464154363e-14,1.869177026e-13,8.110520965e-14
48.09375,4.384537197e-13,3.177580756e-13,3.136523549e-13,1.53069628e-13,1.596509635e-13,2.533504162e-13,8.890859917e-14,5.235389229e-14,2.314365137e-14,5.465653837e-14,1.185899505e-13,9.789800292e-14,2.427047759e-13,3.507425492e-13,5.482593197e-13,7.171522844e-13,4.440702696e-13,4.108486052e-13,6.528168758e-14,1.98706177e-13,1.835618697e-13,2.731431421e-14,3.018678742e-14,9.086224996e-14,4.545266427e-14,5.047682224e-14,1.890999839e-13,1.216721802e-13,2.527151989e-13,2.412001965e-14,1.81666167e-13,8.008261047e-14
48.1015625,4.404320702e-13,3.191061295e-13,3.116281852e-13,1.505772509e-13,1.612222196e-13,2.533186263e-13,8.898004291e-14,5.252717556e-14,2.285744235e-14,5.428398116e-14,1.179443183e-13,9.705039384e-14,2.416623992e-13,3.488657267e-13,5.488200586e-13,7.242413243e-13,4.498338013e-13,4.137827736e-13,6.460764414e-14,1.989090052e-13,1.835670351e-13,2.663145936e-14,2.970188608e-14,9.082571326e-14,4.565442094e-14,4.978054609e-14,1.889017111e-13,1.208779981e-13,2.537875568e-13,2.35694043e-14,1.764266573e-13,7.900989827e-14
48.109375,4.424728812e-13,3.204108194e-13,3.096618146e-13,1.479657857e-13,1.628152687e-13,2.532754993e-13,8.903055408e-14,5.270761725e-14,2.259985665e-14,5.391731844e-14,1.17355782e-13,9.614835735e-14,2.405491204e-13,3.470527704e-13,5.492016091e-13,7.310437486e-13,4.555049376e-13,4.164775177e-13,6.392508588e-14,1.992338276e-13,1.835664331e-13,2.596278072e-14,2.922901038e-14,9.087192567e-14,4.582119772e-14,4.906717557e-14,1.886315372e-13,1.201339128e-13,2.546491752e-13,2.303727134e-14,1.713273484e-13,7.789261881e-14
48.1171875,4.44731249e-13,3.218714193e-13,3.077378434e-13,1.45311784e-13,1.643662365e-13,2.533383139e-13,8.907496256e-14,5.292221506e-14,2.236059377e-14,5.358121403e-14,1.168846609e-13,9.524777423e-14,2.394651061e-13,3.453718677e-13,5.497390582e-13,7.381646275e-13,4.614870863e-13,4.191617668e-13,6.332070685e-14,1.996553494e-13,1.835207305e-13,2.533628177e-14,2.875921863e-14,9.108931345e-14,4.597972653e-14,4.832375301e-14,1.883989278e-13,1.194555165e-13,2.553359673e-13,2.252425027e-14,1.665952522e-13,7.677454476e-14
48.125,4.470397397e-13,3.234908485e-13,3.058808503e-13,1.428837392e-13,1.658400342e-13,2.535944901e-13,8.911608795e-14,5.326093525e-14,2.211746574e-14,5.330460466e-14,1.165707045e-13,9.43904229e-14,2.384091126e-13,3.437143026e-13,5.505595646e-13,7.458552118e-13,4.678630727e-13,4.217961919e-13,6.274717368e-14,2.004245209e-13,1.834653355e-13,2.472979901e-14,2.828721316e-14,9.141906087e-14,4.613118061e-14,4.757613707e-14,1.881935509e-13,1.188660074e-13,2.558188233e-13,2.200724684e-14,1.620752236e-13,7.569259505e-14
48.1328125,4.492819299e-13,3.252948318e-13,3.040770189e-13,1.406907951e-13,1.672983997e-13,2.539104606e-13,8.914586631e-14,5.37045959e-14,2.187775855e-14,5.307954677e-14,1.163515408e-13,9.355988049e-14,2.373528798e-13,3.420349934e-13,5.51459018e-13,7.537720441e-13,4.74375643e-13,4.243774826e-13,6.214657756e-14,2.015084763e-13,1.834012325e-13,2.411803009e-14,2.780268645e-14,9.179155359e-14,4.628068206e-14,4.688372466e-14,1.879901001e-13,1.183654898e-13,2.562625072e-13,2.149071579e-14,1.576187746e-13,7.462090946e-14
48.140625,4.512871303e-13,3.271300374e-13,3.022869146e-13,1.386194892e-13,1.687303585e-13,2.541502858e-13,8.914490051e-14,5.41663384e-14,2.165629238e-14,5.280245762e-14,1.16154758e-13,9.273563177e-14,2.362762335e-13,3.403354608e-13,5.523549548e-13,7.616804199e-13,4.807804095e-13,4.268978547e-13,6.151218088e-14,2.027437311e-13,1.833347441e-13,2.350124563e-14,2.730061519e-14,9.21740548e-14,4.642347412e-14,4.624243298e-14,1.878432652e-13,1.178017676e-13,2.567588278e-13,2.098296553e-14,1.532747244e-13,7.351971234e-14
48.1484375,4.530154928e-13,3.287640567e-13,3.005522657e-13,1.366731215e-13,1.701085878e-13,2.54420928e-13,8.914191157e-14,5.465849551e-14,2.144992348e-14,5.24605684e-14,1.159801711e-13,9.190505291e-14,2.351547301e-13,3.386471876e-13,5.533155674e-13,7.696355727e-13,4.870702042e-13,4.291959739e-13,6.085344522e-14,2.041908195e-13,1.832916855e-13,2.289329598e-14,2.681246532e-14,9.25923268e-14,4.654726662e-14,4.55952915e-14,1.877460272e-13,1.17163992e-13,2.571216905e-13,2.048091324e-14,1.490809276e-13,7.24016167e-14
48.15625,4.548194776e-13,3.304084509e-13,2.989237669e-13,1.348482595e-13,1.714716914e-13,2.548227697e-13,8.916426666e-14,5.519294755e-14,2.124022871e-14,5.214384703e-14,1.158742167e-13,9.106182129e-14,2.340321442e-13,3.370618845e-13,5.544021104e-13,7.777972269e-13,4.93430563e-13,4.313209413e-13,6.022814118e-14,2.058227752e-13,1.83259471e-13,2.230902179e-14,2.636044007e-14,9.308883681e-14,4.66617595e-14,4.494552711e-14,1.877058445e-13,1.166808838e-13,2.573421035e-13,1.997161795e-14,1.450870199e-13,7.129067617e-14
48.1640625,4.56901639e-13,3.321972556e-13,2.973858748e-13,1.330493458e-13,1.728303841e-13,2.552915469e-13,8.918458204e-14,5.572901304e-14,2.103840353e-14,5.183768581e-14,1.158532756e-13,9.023323722e-14,2.329808661e-13,3.35603069e-13,5.556405551e-13,7.862304169e-13,4.999430442e-13,4.334339459e-13,5.966915388e-14,2.075026576e-13,1.832544562e-13,2.175282997e-14,2.591872286e-14,9.365517563e-14,4.677890545e-14,4.4332416e-14,1.877266312e-13,1.163088205e-13,2.575730307e-13,1.945336069e-14,1.413340321e-13,7.019163277e-14
48.171875,4.589586456e-13,3.337582776e-13,2.959737217e-13,1.312741337e-13,1.741858828e-13,2.55835519e-13,8.919803282e-14,5.629009849e-14,2.088292194e-14,5.15051032e-14,1.159170557e-13,8.944720714e-14,2.319365998e-13,3.342057545e-13,5.569121637e-13,7.946277316e-13,5.064052003e-13,4.353645867e-13,5.910658955e-14,2.092514346e-13,1.833380941e-13,2.121823745e-14,2.546417669e-14,9.428152835e-14,4.688031963e-14,4.374114351e-14,1.877139991e-13,1.158498545e-13,2.576896997e-13,1.895436445e-14,1.377425671e-13,6.910914802e-14
48.1796875,4.606891952e-13,3.350284759e-13,2.946333282e-13,1.295400852e-13,1.754941187e-13,2.564270362e-13,8.921150929e-14,5.690112041e-14,2.076198299e-14,5.120295072e-14,1.160694168e-13,8.864387982e-14,2.307268979e-13,3.327103807e-13,5.579220847e-13,8.025271768e-13,5.125397045e-13,4.368660324e-13,5.848346288e-14,2.110816492e-13,1.834713354e-13,2.068487115e-14,2.501105681e-14,9.500697963e-14,4.692604715e-14,4.312452674e-14,1.876331402e-13,1.154256064e-13,2.574777393e-13,1.847749767e-14,1.3421345e-13,6.801990174e-14
48.1875,4.621826576e-13,3.36313903e-13,2.931401516e-13,1.277302981e-13,1.766080178e-13,2.568811496e-13,8.918971021e-14,5.752356622e-14,2.06413556e-14,5.093265235e-14,1.162630322e-13,8.774287398e-14,2.293641287e-13,3.309509851e-13,5.585111051e-13,8.10000022e-13,5.183954907e-13,4.379541202e-13,5.782127165e-14,2.129329222e-13,1.835226182e-13,2.014354998e-14,2.458714566e-14,9.587462131e-14,4.690427863e-14,4.245463018e-14,1.875421856e-13,1.150866728e-13,2.570241395e-13,1.798058128e-14,1.307744617e-13,6.68878227e-14
48.1953125,4.636372711e-13,3.375246366e-13,2.915237383e-13,1.25865037e-13,1.775052574e-13,2.572221661e-13,8.91251895e-14,5.815710478e-14,2.052877588e-14,5.064196706e-14,1.164530841e-13,8.678504046e-14,2.280177776e-13,3.29037205e-13,5.588912777e-13,8.175523793e-13,5.243207221e-13,4.387116794e-13,5.713501856e-14,2.148294356e-13,1.834597143e-13,1.961876475e-14,2.419906214e-14,9.684047965e-14,4.685301404e-14,4.176236296e-14,1.874853796e-13,1.146164795e-13,2.565295208e-13,1.745926017e-14,1.275150082e-13,6.574732132e-14
48.203125,4.649714169e-13,3.384485879e-13,2.900270036e-13,1.240997979e-13,1.783360162e-13,2.575886807e-13,8.903850595e-14,5.883393425e-14,2.041683429e-14,5.034908184e-14,1.166827847e-13,8.583843224e-14,2.266029616e-13,3.271117038e-13,5.592439722e-13,8.251640638e-13,5.303011381e-13,4.391383722e-13,5.641682138e-14,2.167753881e-13,1.833752979e-13,1.910833787e-14,2.381145654e-14,9.780282337e-14,4.67880064e-14,4.112386066e-14,1.874668203e-13,1.140397455e-13,2.558898754e-13,1.695835963e-14,1.243792606e-13,6.465802554e-14
48.2109375,4.660895846e-13,3.392633507e-13,2.886331292e-13,1.224426754e-13,1.79186753e-13,2.579319411e-13,8.891711401e-14,5.956217006e-14,2.029968859e-14,5.006629805e-14,1.170221263e-13,8.489800196e-14,2.249658856e-13,3.250714759e-13,5.59450431e-13,8.323479519e-13,5.359370721e-13,4.392894969e-13,5.569860024e-14,2.187660973e-13,1.833354622e-13,1.858827634e-14,2.338872239e-14,9.878574319e-14,4.667486186e-14,4.052569815e-14,1.873688684e-13,1.135577203e-13,2.548388064e-13,1.649958604e-14,1.212581529e-13,6.360156568e-14
48.21875,4.672942881e-13,3.402497325e-13,2.872946445e-13,1.209784984e-13,1.801142816e-13,2.583698925e-13,8.876863102e-14,6.03540556e-14,2.023695468e-14,4.9774747e-14,1.175225545e-13,8.400558895e-14,2.233686778e-13,3.230709034e-13,5.59620194e-13,8.392444773e-13,5.413194369e-13,4.393616669e-13,5.504386589e-14,2.209426136e-13,1.833379665e-13,1.81024181e-14,2.295510901e-14,9.988401228e-14,4.65209551e-14,3.987040616e-14,1.871135252e-13,1.132137281e-13,2.534826571e-13,1.606955175e-14,1.183029243e-13,6.253939839e-14
48.2265625,4.686755191e-13,3.413828494e-13,2.861066801e-13,1.198039144e-13,1.811274154e-13,2.590258245e-13,8.862404502e-14,6.119725271e-14,2.024306667e-14,4.950894437e-14,1.181721668e-13,8.320898872e-14,2.220197236e-13,3.213812942e-13,5.599979047e-13,8.4625136e-13,5.467673631e-13,4.394125852e-13,5.444555803e-14,2.233063585e-13,1.833777986e-13,1.768109954e-14,2.255611433e-14,1.010328973e-13,4.637580653e-14,3.917877409e-14,1.86881615e-13,1.129580496e-13,2.521308307e-13,1.564340388e-14,1.156804905e-13,6.148437776e-14
48.234375,4.696709195e-13,3.422944764e-13,2.849309555e-13,1.185937447e-13,1.819901765e-13,2.594938118e-13,8.846878051e-14,6.204097532e-14,2.024336152e-14,4.92942527e-14,1.18835321e-13,8.241350812e-14,2.205879354e-13,3.196145927e-13,5.60183825e-13,8.528901449e-13,5.518964108e-13,4.391249317e-13,5.380936824e-14,2.255905043e-13,1.834265619e-13,1.72488581e-14,2.219647544e-14,1.021317184e-13,4.623016494e-14,3.855206579e-14,1.867434066e-13,1.126277059e-13,2.507046928e-13,1.521189892e-14,1.131795515e-13,6.044399266e-14
48.2421875,4.700401064e-13,3.427483983e-13,2.836017825e-13,1.170886455e-13,1.825335438e-13,2.59510804e-13,8.828027413e-14,6.286386003e-14,2.020842449e-14,4.910175347e-14,1.19425622e-13,8.152502964e-14,2.188270859e-13,3.173080358e-13,5.597145623e-13,8.586664902e-13,5.563096894e-13,4.382691483e-13,5.310028498e-14,2.277949873e-13,1.834125322e-13,1.676621449e-14,2.186083179e-14,1.032247552e-13,4.603746955e-14,3.797352655e-14,1.864902817e-13,1.120887752e-13,2.489934063e-13,1.480319179e-14,1.105731973e-13,5.940649851e-14
48.25,4.701583854e-13,3.429471661e-13,2.822461486e-13,1.155259976e-13,1.829831964e-13,2.594063738e-13,8.805718324e-14,6.36772669e-14,2.017623116e-14,4.890870285e-14,1.200420471e-13,8.058134136e-14,2.169328851e-13,3.146979948e-13,5.589171041e-13,8.64042521e-13,5.602766274e-13,4.370667416e-13,5.237148725e-14,2.301972452e-13,1.83355306e-13,1.628550666e-14,2.15334143e-14,1.043554806e-13,4.579120998e-14,3.739147159e-14,1.861356648e-13,1.114805631e-13,2.471075637e-13,1.443574771e-14,1.079570737e-13,5.838552024e-14
48.2578125,4.701329692e-13,3.430914719e-13,2.809611204e-13,1.140460584e-13,1.835632751e-13,2.593137487e-13,8.778845873e-14,6.450628057e-14,2.018825134e-14,4.867870186e-14,1.207794351e-13,7.964690669e-14,2.150592441e-13,3.120891359e-13,5.581003803e-13,8.693553651e-13,5.639183054e-13,4.357488276e-13,5.16377362e-14,2.326755386e-13,1.833962378e-13,1.582819975e-14,2.120241901e-14,1.055142453e-13,4.551093171e-14,3.683250107e-14,1.858659061e-13,1.109260354e-13,2.451930717e-13,1.408740425e-14,1.054751274e-13,5.739085565e-14
48.265625,4.699837423e-13,3.432491915e-13,2.797843507e-13,1.125739658e-13,1.842153776e-13,2.591588733e-13,8.749290098e-14,6.53776316e-14,2.026388151e-14,4.839237513e-14,1.216316909e-13,7.876734909e-14,2.132188394e-13,3.09526837e-13,5.571078242e-13,8.743579647e-13,5.67205775e-13,4.343590383e-13,5.090724385e-14,2.349108072e-13,1.835539792e-13,1.539328928e-14,2.089236153e-14,1.06715701e-13,4.522290963e-14,3.628936911e-14,1.855783758e-13,1.104121397e-13,2.432686721e-13,1.375091401e-14,1.031925261e-13,5.640577835e-14
48.2734375,4.700048538e-13,3.434908404e-13,2.788259995e-13,1.111829163e-13,1.848753085e-13,2.591630178e-13,8.722877889e-14,6.626123359e-14,2.036434412e-14,4.813195557e-14,1.225792127e-13,7.79587235e-14,2.114579851e-13,3.071231371e-13,5.560693412e-13,8.791406811e-13,5.705654503e-13,4.329627034e-13,5.023872686e-14,2.370542371e-13,1.836659039e-13,1.499701173e-14,2.063069855e-14,1.079319192e-13,4.495617287e-14,3.573134076e-14,1.851722879e-13,1.099888984e-13,2.414018883e-13,1.344457948e-14,1.011277377e-13,5.542202656e-14
48.28125,4.700762496e-13,3.435628748e-13,2.780245525e-13,1.09889138e-13,1.855498182e-13,2.59368386e-13,8.701767085e-14,6.711127916e-14,2.044566539e-14,4.795343361e-14,1.235918436e-13,7.718284687e-14,2.097270316e-13,3.048341754e-13,5.552499984e-13,8.839986187e-13,5.742010728e-13,4.314730826e-13,4.96261809e-14,2.39380268e-13,1.836809357e-13,1.461697657e-14,2.038792059e-14,1.091232543e-13,4.470637929e-14,3.521143098e-14,1.848387109e-13,1.095679631e-13,2.395833847e-13,1.316815567e-14,9.918942774e-14,5.444318728e-14
48.2890625,4.698029075e-13,3.432197539e-13,2.773061572e-13,1.086318329e-13,1.861634045e-13,2.594993387e-13,8.683420521e-14,6.795491032e-14,2.053017599e-14,4.779228619e-14,1.246728814e-13,7.643575895e-14,2.079276691e-13,3.024546561e-13,5.544927134e-13,8.888597555e-13,5.777616115e-13,4.296686202e-13,4.899196628e-14,2.418650483e-13,1.837158281e-13,1.422429372e-14,2.013527342e-14,1.103318065e-13,4.44453314e-14,3.477036271e-14,1.846362458e-13,1.090003583e-13,2.377092944e-13,1.290854508e-14,9.734407504e-14,5.347770003e-14
48.296875,4.692440127e-13,3.427467638e-13,2.767816997e-13,1.074903153e-13,1.866837824e-13,2.595275153e-13,8.665280115e-14,6.88202024e-14,2.063147281e-14,4.7627692e-14,1.258789735e-13,7.573999501e-14,2.060856606e-13,2.999923184e-13,5.535877088e-13,8.935413462e-13,5.810287311e-13,4.275766825e-13,4.831114151e-14,2.444549399e-13,1.838022848e-13,1.383587919e-14,1.98939319e-14,1.11567442e-13,4.417209397e-14,3.43679537e-14,1.843742439e-13,1.084308698e-13,2.358025882e-13,1.265940649e-14,9.566816823e-14,5.254094228e-14
48.3046875,4.685969272e-13,3.422766161e-13,2.763393503e-13,1.064496867e-13,1.872278555e-13,2.595766943e-13,8.646584354e-14,6.968603382e-14,2.073515709e-14,4.750184663e-14,1.271773755e-13,7.504331897e-14,2.042548505e-13,2.974898953e-13,5.525237265e-13,8.978658832e-13,5.839554593e-13,4.253605085e-13,4.761743853e-14,2.470576309e-13,1.838812235e-13,1.346684429e-14,1.967010521e-14,1.127728891e-13,4.390053875e-14,3.397592094e-14,1.83995264e-13,1.079532953e-13,2.338994716e-13,1.242264076e-14,9.411941007e-14,5.162279369e-14
48.3125,4.678919167e-13,3.415916387e-13,2.757048602e-13,1.053816851e-13,1.878218873e-13,2.596178001e-13,8.627454235e-14,7.055871534e-14,2.086551719e-14,4.737008285e-14,1.284644093e-13,7.430046731e-14,2.024034695e-13,2.948641609e-13,5.512734274e-13,9.016518617e-13,5.864809401e-13,4.229930309e-13,4.694793337e-14,2.495372149e-13,1.839577212e-13,1.311149847e-14,1.94428838e-14,1.139780399e-13,4.361290025e-14,3.359032253e-14,1.835842473e-13,1.074153261e-13,2.318854901e-13,1.220312305e-14,9.260813938e-14,5.069115975e-14
48.3203125,4.670640756e-13,3.407788617e-13,2.749500115e-13,1.042784295e-13,1.883235654e-13,2.595647216e-13,8.606076855e-14,7.145441802e-14,2.103817257e-14,4.718947281e-14,1.297361787e-13,7.354401375e-14,2.004283017e-13,2.92067237e-13,5.497584595e-13,9.048883407e-13,5.886097345e-13,4.203156377e-13,4.629859365e-14,2.520381246e-13,1.840618777e-13,1.275865051e-14,1.922005557e-14,1.152593676e-13,4.327272916e-14,3.321103075e-14,1.83135138e-13,1.068316549e-13,2.296638816e-13,1.199734242e-14,9.113369261e-14,4.974312952e-14
48.328125,4.658587173e-13,3.3990702e-13,2.742991288e-13,1.031586676e-13,1.887170524e-13,2.593728343e-13,8.580569392e-14,7.234723237e-14,2.123712491e-14,4.702952757e-14,1.310646012e-13,7.279600709e-14,1.982858145e-13,2.890757291e-13,5.479179102e-13,9.076130408e-13,5.902503578e-13,4.172618737e-13,4.562572891e-14,2.547083593e-13,1.841936219e-13,1.239947809e-14,1.902198914e-14,1.165713329e-13,4.287847135e-14,3.286240983e-14,1.825906873e-13,1.063069564e-13,2.273066264e-13,1.181441781e-14,8.967960477e-14,4.879826235e-14
48.3359375,4.64274371e-13,3.387819285e-13,2.737420248e-13,1.020592926e-13,1.891099344e-13,2.591510337e-13,8.55371553e-14,7.322602223e-14,2.146162331e-14,4.693037252e-14,1.324661219e-13,7.204220287e-14,1.961083261e-13,2.859414863e-13,5.458522034e-13,9.09944757e-13,5.914662041e-13,4.13970804e-13,4.494466312e-14,2.573894764e-13,1.843328681e-13,1.205162088e-14,1.884469707e-14,1.178261182e-13,4.247267643e-14,3.253725377e-14,1.819753428e-13,1.057739687e-13,2.249871025e-13,1.167716817e-14,8.826327506e-14,4.786938288e-14
48.34375,4.626982187e-13,3.374775773e-13,2.731557187e-13,1.010488662e-13,1.89453477e-13,2.590070298e-13,8.528797329e-14,7.410534174e-14,2.169545938e-14,4.685811071e-14,1.338715405e-13,7.12705667e-14,1.939927252e-13,2.827933947e-13,5.437613596e-13,9.121092179e-13,5.92612093e-13,4.106058987e-13,4.430922145e-14,2.599671781e-13,1.844299535e-13,1.17286716e-14,1.867989646e-14,1.190425549e-13,4.209240623e-14,3.220242453e-14,1.813690337e-13,1.051762753e-13,2.227918959e-13,1.156720114e-14,8.695761684e-14,4.696733957e-14
48.3515625,4.611766614e-13,3.360862126e-13,2.724896976e-13,1.000617898e-13,1.897089678e-13,2.588068151e-13,8.505496134e-14,7.497303007e-14,2.192832255e-14,4.68100807e-14,1.352152276e-13,7.050518883e-14,1.918704249e-13,2.796718045e-13,5.415687268e-13,9.139411946e-13,5.936432839e-13,4.071708932e-13,4.368877724e-14,2.623932933e-13,1.844903709e-13,1.141422971e-14,1.853410561e-14,1.202557284e-13,4.173551332e-14,3.189333832e-14,1.807616679e-13,1.04519872e-13,2.206256489e-13,1.144896059e-14,8.573796855e-14,4.608879916e-14
48.359375,4.595457604e-13,3.344428983e-13,2.718024212e-13,9.905777605e-14,1.900064822e-13,2.585346561e-13,8.483707535e-14,7.581188673e-14,2.22031038e-14,4.676928599e-14,1.365364882e-13,6.981641715e-14,1.897436807e-13,2.7660505e-13,5.390460242e-13,9.150588002e-13,5.942331135e-13,4.036426094e-13,4.303960917e-14,2.645543674e-13,1.845898804e-13,1.111455187e-14,1.841124921e-14,1.214373062e-13,4.137938565e-14,3.165452554e-14,1.800536707e-13,1.037909038e-13,2.184114474e-13,1.133618426e-14,8.457256354e-14,4.521447284e-14
48.3671875,4.578364386e-13,3.325684396e-13,2.712107177e-13,9.809377863e-14,1.903287821e-13,2.58317859e-13,8.462221167e-14,7.662425402e-14,2.251601951e-14,4.668562627e-14,1.379080387e-13,6.921369603e-14,1.876165521e-13,2.735442834e-13,5.362013434e-13,9.155644343e-13,5.944312291e-13,3.999344207e-13,4.238063991e-14,2.665548985e-13,1.847126762e-13,1.083815495e-14,1.829456461e-14,1.225858233e-13,4.100553159e-14,3.146436423e-14,1.792760734e-13,1.029751939e-13,2.162374974e-13,1.125288102e-14,8.350048867e-14,4.433834736e-14
48.375,4.558404425e-13,3.305469981e-13,2.707400288e-13,9.70719607e-14,1.905530919e-13,2.579624078e-13,8.437685273e-14,7.739416467e-14,2.280124816e-14,4.660481018e-14,1.39330201e-13,6.861014953e-14,1.853190979e-13,2.702517498e-13,5.331201422e-13,9.156301052e-13,5.941943064e-13,3.958624014e-13,4.170702385e-14,2.685173704e-13,1.848021737e-13,1.05516006e-14,1.816840338e-14,1.237104701e-13,4.060488471e-14,3.130703901e-14,1.785206237e-13,1.020494233e-13,2.141379851e-13,1.119806754e-14,8.248864335e-14,4.346492911e-14
48.3828125,4.534029597e-13,3.28304696e-13,2.702940426e-13,9.596239201e-14,1.90741103e-13,2.573928428e-13,8.411613029e-14,7.809599363e-14,2.306819022e-14,4.660978753e-14,1.408146014e-13,6.79772835e-14,1.828592852e-13,2.667620264e-13,5.298365654e-13,9.150292805e-13,5.932417392e-13,3.915247873e-13,4.101500964e-14,2.702382899e-13,1.849178629e-13,1.025939984e-14,1.804809084e-14,1.247803503e-13,4.017935941e-14,3.117597152e-14,1.776636897e-13,1.010880896e-13,2.119909511e-13,1.117681092e-14,8.152497324e-14,4.260692808e-14
48.390625,4.50823584e-13,3.258561127e-13,2.698421432e-13,9.496447813e-14,1.909134831e-13,2.569252063e-13,8.388054454e-14,7.876161191e-14,2.3375581e-14,4.666030357e-14,1.424335851e-13,6.737280167e-14,1.804873091e-13,2.633909739e-13,5.264722124e-13,9.138346402e-13,5.918030909e-13,3.871965223e-13,4.034762694e-14,2.716156195e-13,1.850865169e-13,1.000531502e-14,1.795654948e-14,1.258188999e-13,3.974705791e-14,3.105333005e-14,1.76640156e-13,1.001892183e-13,2.097727771e-13,1.119452788e-14,8.071335876e-14,4.179131085e-14
48.3984375,4.48092415e-13,3.231308187e-13,2.695468398e-13,9.404949195e-14,1.910067151e-13,2.564988387e-13,8.367015184e-14,7.945624409e-14,2.37138078e-14,4.669259832e-14,1.442066438e-13,6.682316734e-14,1.782032678e-13,2.600758166e-13,5.231016855e-13,9.125453015e-13,5.90314232e-13,3.828486896e-13,3.969767904e-14,2.728744374e-13,1.852263412e-13,9.765529345e-15,1.790137119e-14,1.268823917e-13,3.933809244e-14,3.09741756e-14,1.756826292e-13,9.923306536e-14,2.076165558e-13,1.124304571e-14,8.004684811e-14,4.101579437e-14
48.40625,4.449692344e-13,3.199509329e-13,2.695371458e-13,9.302727052e-14,1.911317316e-13,2.558584132e-13,8.349541354e-14,8.016026914e-14,2.404243566e-14,4.67435121e-14,1.460553137e-13,6.631519402e-14,1.758211557e-13,2.565775995e-13,5.196290159e-13,9.111839001e-13,5.887076461e-13,3.783533741e-13,3.902787682e-14,2.741627835e-13,1.853398725e-13,9.498607937e-15,1.788323217e-14,1.279402762e-13,3.896100952e-14,3.096361917e-14,1.748210242e-13,9.814826033e-14,2.055550668e-13,1.130674107e-14,7.940681631e-14,4.025237275e-14
48.4140625,4.417644458e-13,3.165172158e-13,2.696579788e-13,9.199892829e-14,1.913138354e-13,2.552564413e-13,8.337089384e-14,8.079022926e-14,2.436701179e-14,4.683311365e-14,1.478963302e-13,6.583956958e-14,1.733955895e-13,2.530361231e-13,5.15951141e-13,9.093545451e-13,5.868364463e-13,3.737107307e-13,3.836743641e-14,2.754423781e-13,1.854841169e-13,9.238693497e-15,1.787675468e-14,1.289405448e-13,3.858768594e-14,3.097525598e-14,1.738301701e-13,9.709869662e-14,2.035199406e-13,1.136849824e-14,7.88317847e-14,3.951410248e-14
48.421875,4.388032278e-13,3.132290524e-13,2.697552568e-13,9.109049592e-14,1.913996493e-13,2.548620889e-13,8.32454207e-14,8.135225998e-14,2.471716078e-14,4.690397652e-14,1.497278034e-13,6.540890077e-14,1.71067947e-13,2.496464692e-13,5.121289734e-13,9.071318608e-13,5.849007991e-13,3.689182237e-13,3.776019932e-14,2.766742105e-13,1.856340475e-13,9.022924299e-15,1.784790164e-14,1.298873168e-13,3.820656928e-14,3.103038564e-14,1.728134046e-13,9.611646076e-14,2.015831005e-13,1.143740641e-14,7.845038815e-14,3.881750334e-14
48.4296875,4.359433576e-13,3.101503758e-13,2.699562953e-13,9.020906768e-14,1.91453058e-13,2.54457052e-13,8.309110132e-14,8.192714927e-14,2.509630154e-14,4.69473452e-14,1.515893788e-13,6.505595559e-14,1.688052746e-13,2.463615465e-13,5.083851583e-13,9.049127237e-13,5.830765207e-13,3.641361315e-13,3.722160061e-14,2.778687227e-13,1.857805378e-13,8.833362768e-15,1.782114301e-14,1.308097467e-13,3.78516807e-14,3.121811539e-14,1.719940236e-13,9.512211513e-14,1.99905687e-13,1.153158378e-14,7.823398064e-14,3.81196913e-14
48.4375,4.329764332e-13,3.069862798e-13,2.70351969e-13,8.933353909e-14,1.91610947e-13,2.540648035e-13,8.297749841e-14,8.252865331e-14,2.548329142e-14,4.701847568e-14,1.534720657e-13,6.476860306e-14,1.665478403e-13,2.431151317e-13,5.04836507e-13,9.026774578e-13,5.812301287e-13,3.595396136e-13,3.674774813e-14,2.790211544e-13,1.85944014e-13,8.64913247e-15,1.784206798e-14,1.317152477e-13,3.754972049e-14,3.150896612e-14,1.712530099e-13,9.411435255e-14,1.985073638e-13,1.163680719e-14,7.806311995e-14,3.738789662e-14
48.4453125,4.296945457e-13,3.033866182e-13,2.70872815e-13,8.850463745e-14,1.918065736e-13,2.537852486e-13,8.29450491e-14,8.310515713e-14,2.58702369e-14,4.712085399e-14,1.553590735e-13,6.450554967e-14,1.643048681e-13,2.399024783e-13,5.013253143e-13,9.001232395e-13,5.791208236e-13,3.549152178e-13,3.629158612e-14,2.800344254e-13,1.860951914e-13,8.469813061e-15,1.790332128e-14,1.32525537e-13,3.728801339e-14,3.180664236e-14,1.704677382e-13,9.299530084e-14,1.972958229e-13,1.17496995e-14,7.793038159e-14,3.665267568e-14
48.453125,4.260571512e-13,2.994026235e-13,2.715601772e-13,8.766908272e-14,1.919996711e-13,2.534561334e-13,8.29319286e-14,8.361220831e-14,2.625904215e-14,4.720660626e-14,1.572992848e-13,6.428990308e-14,1.620647568e-13,2.367215195e-13,4.976743379e-13,8.971181572e-13,5.766816047e-13,3.500809824e-13,3.58212536e-14,2.808801434e-13,1.862542409e-13,8.29787595e-15,1.798003283e-14,1.331822071e-13,3.703388528e-14,3.213147222e-14,1.696845244e-13,9.176485223e-14,1.962025952e-13,1.188821643e-14,7.790159791e-14,3.595443096e-14
48.4609375,4.223884639e-13,2.954215581e-13,2.724516163e-13,8.681837171e-14,1.921789262e-13,2.530410284e-13,8.288071544e-14,8.403626145e-14,2.664677421e-14,4.726415968e-14,1.593540275e-13,6.414866462e-14,1.598119296e-13,2.335389485e-13,4.938679647e-13,8.937070174e-13,5.740266041e-13,3.452193804e-13,3.537769948e-14,2.817170015e-13,1.864795038e-13,8.135582595e-15,1.806122644e-14,1.338187999e-13,3.676438345e-14,3.255687045e-14,1.688809175e-13,9.065536332e-14,1.952027068e-13,1.204083472e-14,7.798329768e-14,3.530425165e-14
48.46875,4.187893374e-13,2.914398798e-13,2.734288716e-13,8.597974256e-14,1.922733377e-13,2.526425374e-13,8.28239687e-14,8.441410413e-14,2.705072033e-14,4.732111667e-14,1.615279577e-13,6.404300503e-14,1.575834077e-13,2.303277399e-13,4.899703611e-13,8.900417165e-13,5.712568881e-13,3.4038924e-13,3.498154429e-14,2.825650764e-13,1.867195478e-13,7.986346025e-15,1.813982506e-14,1.345470568e-13,3.650079812e-14,3.306058701e-14,1.680725166e-13,8.96188342e-14,1.943441284e-13,1.220456689e-14,7.816296538e-14,3.467933382e-14
48.4765625,4.150103979e-13,2.871361922e-13,2.744453819e-13,8.513863112e-14,1.923656441e-13,2.522746145e-13,8.282640134e-14,8.478870656e-14,2.748249645e-14,4.74048701e-14,1.637564113e-13,6.395535322e-14,1.554034996e-13,2.271974145e-13,4.860402182e-13,8.861664371e-13,5.683140997e-13,3.354420196e-13,3.458757204e-14,2.83206102e-13,1.869034238e-13,7.856906171e-15,1.823261896e-14,1.352326627e-13,3.627544486e-14,3.357695166e-14,1.673091133e-13,8.839919205e-14,1.937031809e-13,1.240315552e-14,7.844993664e-14,3.404909471e-14
48.484375,4.110507106e-13,2.826256528e-13,2.755483357e-13,8.43301164e-14,1.925671205e-13,2.51980614e-13,8.287579091e-14,8.514971455e-14,2.791024058e-14,4.753553788e-14,1.659662787e-13,6.390586254e-14,1.53230716e-13,2.242218001e-13,4.820523056e-13,8.819025698e-13,5.65062191e-13,3.303990612e-13,3.41856571e-14,2.83590742e-13,1.870580886e-13,7.750042063e-15,1.835568889e-14,1.357719918e-13,3.606521952e-14,3.411598609e-14,1.664991015e-13,8.710294896e-14,1.932497138e-13,1.26255985e-14,7.879729637e-14,3.342830641e-14
48.4921875,4.071119672e-13,2.782582305e-13,2.767484683e-13,8.355984362e-14,1.928133109e-13,2.517324913e-13,8.29049053e-14,8.548776222e-14,2.832543044e-14,4.76994973e-14,1.681719055e-13,6.389589394e-14,1.510435535e-13,2.212516422e-13,4.780230183e-13,8.773577061e-13,5.616090101e-13,3.254448256e-13,3.384197043e-14,2.838917936e-13,1.8722248e-13,7.656257534e-15,1.849328631e-14,1.3629206e-13,3.585701736e-14,3.472744403e-14,1.65648046e-13,8.594153118e-14,1.929804401e-13,1.284725397e-14,7.914519998e-14,3.284231439e-14
48.5,4.032942166e-13,2.74024752e-13,2.780980163e-13,8.280660165e-14,1.930775075e-13,2.514530501e-13,8.291460791e-14,8.581287805e-14,2.876314034e-14,4.784533511e-14,1.704114472e-13,6.394444284e-14,1.489009021e-13,2.182619189e-13,4.741494605e-13,8.729283346e-13,5.583044323e-13,3.207575792e-13,3.360854563e-14,2.841669914e-13,1.874067169e-13,7.574308259e-15,1.864556819e-14,1.368736079e-13,3.570908324e-14,3.541379631e-14,1.649129788e-13,8.486230521e-14,1.930769726e-13,1.306984188e-14,7.95384867e-14,3.226585206e-14
48.5078125,3.995848442e-13,2.697831584e-13,2.796734201e-13,8.220968159e-14,1.93387513e-13,2.512801842e-13,8.296231061e-14,8.609192614e-14,2.921612849e-14,4.796021546e-14,1.726609203e-13,6.408543467e-14,1.468633638e-13,2.154636947e-13,4.70486444e-13,8.685689135e-13,5.552381679e-13,3.163386795e-13,3.344775217e-14,2.843248271e-13,1.875962769e-13,7.51592334e-15,1.882915294e-14,1.373851276e-13,3.564054418e-14,3.616509969e-14,1.642996046e-13,8.379490001e-14,1.935959213e-13,1.330118629e-14,8.008413025e-14,3.168311352e-14
48.515625,3.957781778e-13,2.655184429e-13,2.814618979e-13,8.176452442e-14,1.937089892e-13,2.512007915e-13,8.306275466e-14,8.628726879e-14,2.96512728e-14,4.80931208e-14,1.749416959e-13,6.430792035e-14,1.449252654e-13,2.128737115e-13,4.667876956e-13,8.63953542e-13,5.521528658e-13,3.119435179e-13,3.328630404e-14,2.842790519e-13,1.877456006e-13,7.477167433e-15,1.902942811e-14,1.3772508e-13,3.55994797e-14,3.700172408e-14,1.637638588e-13,8.270183567e-14,1.943160264e-13,1.355721983e-14,8.085472264e-14,3.112557862e-14
48.5234375,3.917121413e-13,2.611095847e-13,2.833695332e-13,8.112857254e-14,1.940576955e-13,2.508832053e-13,8.319717903e-14,8.640942325e-14,3.008037018e-14,4.826979179e-14,1.773187733e-13,6.458859442e-14,1.430214394e-13,2.103320461e-13,4.629064339e-13,8.59024322e-13,5.488667636e-13,3.074350741e-13,3.311595321e-14,2.839854002e-13,1.87877821e-13,7.445573051e-15,1.922414122e-14,1.379862527e-13,3.55802069e-14,3.792726086e-14,1.63368769e-13,8.149380321e-14,1.951839252e-13,1.383421928e-14,8.182893261e-14,3.060333286e-14
48.53125,3.875584179e-13,2.564339101e-13,2.853114823e-13,8.028450822e-14,1.944312737e-13,2.50369117e-13,8.33441463e-14,8.647141847e-14,3.052086703e-14,4.846764508e-14,1.797736386e-13,6.493237794e-14,1.410886403e-13,2.078683918e-13,4.589459652e-13,8.537883601e-13,5.453900659e-13,3.029880696e-13,3.297481414e-14,2.835065182e-13,1.880701263e-13,7.427271387e-15,1.941278233e-14,1.38253638e-13,3.561078939e-14,3.891972272e-14,1.630860608e-13,8.022212528e-14,1.964159222e-13,1.409142232e-14,8.289587499e-14,3.009707962e-14
48.5390625,3.834437342e-13,2.516908854e-13,2.87394901e-13,7.962961472e-14,1.948051663e-13,2.500188869e-13,8.347799627e-14,8.64695714e-14,3.096961073e-14,4.867405051e-14,1.82298771e-13,6.536219242e-14,1.391739772e-13,2.055998614e-13,4.549965904e-13,8.482503411e-13,5.417979079e-13,2.987509875e-13,3.286482161e-14,2.829729962e-13,1.883007599e-13,7.431584241e-15,1.961599237e-14,1.384625997e-13,3.567568457e-14,3.99791626e-14,1.628325034e-13,7.90171596e-14,1.980477354e-13,1.433484206e-14,8.403175821e-14,2.960033822e-14
48.546875,3.792427412e-13,2.470952871e-13,2.898292992e-13,7.914497499e-14,1.953248045e-13,2.497485347e-13,8.361037318e-14,8.639688133e-14,3.14292365e-14,4.889393529e-14,1.84951364e-13,6.590407573e-14,1.373783096e-13,2.034919174e-13,4.509939049e-13,8.424527885e-13,5.381078625e-13,2.94656868e-13,3.276324262e-14,2.82323132e-13,1.885162941e-13,7.453671602e-15,1.986208631e-14,1.385696141e-13,3.575877807e-14,4.111555273e-14,1.626388401e-13,7.785766724e-14,1.998963584e-13,1.461479394e-14,8.535404612e-14,2.911464881e-14
48.5546875,3.749823516e-13,2.425233423e-13,2.924792769e-13,7.85231976e-14,1.960085372e-13,2.493083202e-13,8.377864104e-14,8.625394459e-14,3.188085422e-14,4.912783707e-14,1.876636353e-13,6.652318388e-14,1.356627117e-13,2.014529817e-13,4.468635039e-13,8.362910678e-13,5.342608641e-13,2.906250164e-13,3.268275704e-14,2.813409343e-13,1.887317133e-13,7.487995613e-15,2.013164154e-14,1.386155984e-13,3.587286124e-14,4.230932661e-14,1.625066907e-13,7.667932172e-14,2.01891046e-13,1.492989734e-14,8.686050163e-14,2.865234501e-14
48.5625,3.70857665e-13,2.378750527e-13,2.950091571e-13,7.786325439e-14,1.965686585e-13,2.488488821e-13,8.39817933e-14,8.608080166e-14,3.229976396e-14,4.937954224e-14,1.902722094e-13,6.713597194e-14,1.339229094e-13,1.994829307e-13,4.427521433e-13,8.298860204e-13,5.303777097e-13,2.866976606e-13,3.266532878e-14,2.800618123e-13,1.889275969e-13,7.535880737e-15,2.03784151e-14,1.386123339e-13,3.603833752e-14,4.355000771e-14,1.62392048e-13,7.548283777e-14,2.041556416e-13,1.525283999e-14,8.840558648e-14,2.82293398e-14
48.5703125,3.668321841e-13,2.333110031e-13,2.975411951e-13,7.73199535e-14,1.969621521e-13,2.484944492e-13,8.419920143e-14,8.590667391e-14,3.271118103e-14,4.963983675e-14,1.928104553e-13,6.776553099e-14,1.321861991e-13,1.976288828e-13,4.3882307e-13,8.236041481e-13,5.266508862e-13,2.829466562e-13,3.272245852e-14,2.787251021e-13,1.890750612e-13,7.598394464e-15,2.062232045e-14,1.385652337e-13,3.627532221e-14,4.489177928e-14,1.623871329e-13,7.426684729e-14,2.068731738e-13,1.558452508e-14,8.999851221e-14,2.783439151e-14
48.578125,3.626932726e-13,2.289096013e-13,3.004658718e-13,7.678015125e-14,1.974530454e-13,2.480676379e-13,8.441893931e-14,8.5677925e-14,3.312846719e-14,4.987748309e-14,1.9550467e-13,6.851384973e-14,1.305266327e-13,1.958741071e-13,4.349014333e-13,8.173283119e-13,5.229508187e-13,2.793525471e-13,3.281658755e-14,2.773452433e-13,1.892247513e-13,7.672704434e-15,2.09074347e-14,1.384762271e-13,3.656634344e-14,4.637679173e-14,1.625827602e-13,7.307438958e-14,2.100644065e-13,1.592231236e-14,9.177335894e-14,2.746173338e-14
48.5859375,3.583857191e-13,2.245449585e-13,3.037574837e-13,7.625795456e-14,1.980606476e-13,2.475227205e-13,8.463851861e-14,8.534628209e-14,3.351794352e-14,5.009975876e-14,1.984094863e-13,6.937594196e-14,1.289361063e-13,1.941863115e-13,4.30862813e-13,8.107891556e-13,5.191603675e-13,2.758833315e-13,3.292278446e-14,2.757888697e-13,1.893980452e-13,7.756712305e-15,2.122924043e-14,1.382954636e-13,3.688127611e-14,4.794995778e-14,1.629101593e-13,7.194936932e-14,2.136028543e-13,1.625658911e-14,9.374345122e-14,2.712933219e-14
48.59375,3.539723521e-13,2.200984603e-13,3.071794517e-13,7.579680305e-14,1.986607862e-13,2.469904211e-13,8.489130149e-14,8.494923769e-14,3.38903816e-14,5.035967598e-14,2.013047467e-13,7.031079548e-14,1.273745195e-13,1.926389085e-13,4.269783659e-13,8.042134805e-13,5.154411516e-13,2.726136676e-13,3.305928027e-14,2.740796202e-13,1.895756448e-13,7.853951097e-15,2.158037081e-14,1.380304749e-13,3.72498979e-14,4.957892361e-14,1.633502739e-13,7.07938289e-14,2.175250131e-13,1.659861548e-14,9.585958e-14,2.682409615e-14
48.6015625,3.495276419e-13,2.156084882e-13,3.107925602e-13,7.527044721e-14,1.993422914e-13,2.464973938e-13,8.519247915e-14,8.452146518e-14,3.428091152e-14,5.065120246e-14,2.040723326e-13,7.13675024e-14,1.258370655e-13,1.913164675e-13,4.23389726e-13,7.977773955e-13,5.118136287e-13,2.696253494e-13,3.323881614e-14,2.722625749e-13,1.897702012e-13,7.969738756e-15,2.195763544e-14,1.377483803e-13,3.769498341e-14,5.134542287e-14,1.640134022e-13,6.955891343e-14,2.219315129e-13,1.696843273e-14,9.813568224e-14,2.652185928e-14
48.609375,3.452499483e-13,2.112482392e-13,3.147039889e-13,7.476165706e-14,2.001878215e-13,2.460633797e-13,8.548939447e-14,8.404266014e-14,3.466243703e-14,5.091004804e-14,2.06861792e-13,7.254424784e-14,1.243872334e-13,1.901720305e-13,4.199194493e-13,7.913806243e-13,5.08244037e-13,2.669251251e-13,3.346462615e-14,2.702553293e-13,1.899219277e-13,8.108347066e-15,2.234339775e-14,1.374456197e-13,3.818813917e-14,5.329641159e-14,1.649368107e-13,6.840512576e-14,2.267252105e-13,1.736449328e-14,1.005862792e-13,2.624371829e-14
48.6171875,3.41230382e-13,2.070211226e-13,3.187912255e-13,7.444121509e-14,2.01074687e-13,2.457404597e-13,8.577333134e-14,8.35189624e-14,3.501158197e-14,5.114684453e-14,2.097795118e-13,7.374356401e-14,1.230644435e-13,1.891016415e-13,4.165289419e-13,7.850754233e-13,5.048818673e-13,2.644963004e-13,3.374822113e-14,2.68063544e-13,1.899584154e-13,8.266641681e-15,2.274833097e-14,1.371069877e-13,3.873992898e-14,5.537300279e-14,1.660585923e-13,6.738656536e-14,2.318392929e-13,1.776532639e-14,1.031701904e-13,2.600471175e-14
48.625,3.371969447e-13,2.027913166e-13,3.229956849e-13,7.418762933e-14,2.018590433e-13,2.454014434e-13,8.608763122e-14,8.301005127e-14,3.535231211e-14,5.141548281e-14,2.127780327e-13,7.495231971e-14,1.217743252e-13,1.880636667e-13,4.133187386e-13,7.789581334e-13,5.017091138e-13,2.622761544e-13,3.406885617e-14,2.658997577e-13,1.899913656e-13,8.426672428e-15,2.318235037e-14,1.367466791e-13,3.936649292e-14,5.752505628e-14,1.673320727e-13,6.636092289e-14,2.372984054e-13,1.816658196e-14,1.058247463e-13,2.577906717e-14
48.6328125,3.329917444e-13,1.987741884e-13,3.274145528e-13,7.391304357e-14,2.025508404e-13,2.448637961e-13,8.640067305e-14,8.251830852e-14,3.56876148e-14,5.168084317e-14,2.158255805e-13,7.625022837e-14,1.204851762e-13,1.871266751e-13,4.102842602e-13,7.730407061e-13,4.986033948e-13,2.601967048e-13,3.43995802e-14,2.638387882e-13,1.901253062e-13,8.586619415e-15,2.361161053e-14,1.363349395e-13,4.003205662e-14,5.975439169e-14,1.687811262e-13,6.532805242e-14,2.430996897e-13,1.857279668e-14,1.085901625e-13,2.5557247e-14
48.640625,3.288089658e-13,1.951505729e-13,3.320184448e-13,7.371027325e-14,2.032633555e-13,2.442117777e-13,8.670537325e-14,8.19659362e-14,3.601241883e-14,5.19088124e-14,2.189008557e-13,7.76624841e-14,1.193248308e-13,1.864036236e-13,4.074189028e-13,7.672815828e-13,4.956185011e-13,2.582964525e-13,3.476936979e-14,2.615708041e-13,1.902527146e-13,8.777212534e-15,2.402141897e-14,1.358744277e-13,4.075107186e-14,6.208868254e-14,1.704652151e-13,6.435651426e-14,2.493720721e-13,1.89756718e-14,1.116206453e-13,2.535776654e-14
48.6484375,3.247108848e-13,1.914912594e-13,3.366602933e-13,7.355957391e-14,2.039734571e-13,2.436932115e-13,8.711424415e-14,8.13737884e-14,3.63419387e-14,5.215952358e-14,2.219849689e-13,7.913022577e-14,1.182806072e-13,1.858494103e-13,4.048153546e-13,7.615865708e-13,4.928041577e-13,2.566136574e-13,3.519256957e-14,2.589698597e-13,1.902997291e-13,8.998586845e-15,2.443124244e-14,1.354435996e-13,4.156533295e-14,6.453764001e-14,1.722963985e-13,6.333662031e-14,2.561016733e-13,1.940366811e-14,1.148825167e-13,2.519203139e-14
48.65625,3.205792368e-13,1.876330634e-13,3.413516702e-13,7.344431095e-14,2.04536247e-13,2.433138531e-13,8.764409601e-14,8.085511536e-14,3.667236848e-14,5.244176374e-14,2.251341122e-13,8.060463128e-14,1.17228913e-13,1.853379352e-13,4.02583911e-13,7.561689078e-13,4.90214633e-13,2.55125467e-13,3.563667534e-14,2.564920932e-13,1.903549761e-13,9.212086834e-15,2.484828832e-14,1.350530789e-13,4.244085014e-14,6.704965889e-14,1.741476737e-13,6.224144679e-14,2.630282296e-13,1.98884253e-14,1.181529718e-13,2.505635179e-14
48.6640625,3.163282108e-13,1.840776907e-13,3.463189606e-13,7.341024511e-14,2.050520802e-13,2.428068465e-13,8.816877775e-14,8.03472616e-14,3.699761414e-14,5.269351051e-14,2.283795913e-13,8.214155822e-14,1.162577636e-13,1.849858889e-13,4.006991153e-13,7.512946174e-13,4.878754818e-13,2.539135679e-13,3.612772102e-14,2.543207591e-13,1.904473758e-13,9.42472694e-15,2.528105491e-14,1.345910047e-13,4.337179035e-14,6.960445285e-14,1.762238034e-13,6.122812311e-14,2.703809943e-13,2.036443794e-14,1.215014216e-13,2.492788196e-14
48.671875,3.119162617e-13,1.808678389e-13,3.517145328e-13,7.338771052e-14,2.05751331e-13,2.421293374e-13,8.866614391e-14,7.967893984e-14,3.731457945e-14,5.293655117e-14,2.316654373e-13,8.382284729e-14,1.154925867e-13,1.850047974e-13,3.989937294e-13,7.466136115e-13,4.85663014e-13,2.530831662e-13,3.672475927e-14,2.51951064e-13,1.905159917e-13,9.673168533e-15,2.574362887e-14,1.339665451e-13,4.4413763e-14,7.22692249e-14,1.787374173e-13,6.032793848e-14,2.785590604e-13,2.077007268e-14,1.251824562e-13,2.478454961e-14
48.6796875,3.076302691e-13,1.776175912e-13,3.57364906e-13,7.337837119e-14,2.065353357e-13,2.415822589e-13,8.921217099e-14,7.888650125e-14,3.759866944e-14,5.320551584e-14,2.349502538e-13,8.560431939e-14,1.148589589e-13,1.853539507e-13,3.974190386e-13,7.418447545e-13,4.837122266e-13,2.525499917e-13,3.739808593e-14,2.491981578e-13,1.905678595e-13,9.948164452e-15,2.623303593e-14,1.3326516e-13,4.554894685e-14,7.507736392e-14,1.814546991e-13,5.948671643e-14,2.871946216e-13,2.116642363e-14,1.29111832e-13,2.464780806e-14
48.6875,3.037549999e-13,1.74432351e-13,3.6306969e-13,7.344698485e-14,2.07228492e-13,2.411910997e-13,8.981224565e-14,7.809617022e-14,3.78689596e-14,5.344485841e-14,2.382574277e-13,8.741786269e-14,1.142812827e-13,1.858969518e-13,3.960581364e-13,7.373125258e-13,4.822199014e-13,2.522159911e-13,3.807670428e-14,2.464186278e-13,1.906433439e-13,1.023088949e-14,2.673744759e-14,1.326283229e-13,4.673351785e-14,7.801324439e-14,1.842115287e-13,5.870985366e-14,2.959366307e-13,2.161322323e-14,1.331249703e-13,2.455572811e-14
48.6953125,2.998372404e-13,1.714949545e-13,3.689727904e-13,7.349162182e-14,2.079636953e-13,2.406369245e-13,9.045197279e-14,7.728117504e-14,3.816969101e-14,5.365499778e-14,2.416683777e-13,8.930526988e-14,1.137600269e-13,1.865897755e-13,3.948938525e-13,7.330413248e-13,4.808141353e-13,2.521495598e-13,3.874751219e-14,2.436763222e-13,1.907327786e-13,1.05258928e-14,2.724213176e-14,1.319958578e-13,4.798843435e-14,8.106485625e-14,1.872033531e-13,5.794175657e-14,3.051106802e-13,2.208161649e-14,1.373208359e-13,2.450030165e-14
48.703125,2.95522001e-13,1.687351411e-13,3.75217888e-13,7.354779344e-14,2.08811318e-13,2.399372749e-13,9.1127317e-14,7.640616883e-14,3.846079795e-14,5.391414353e-14,2.45207198e-13,9.128595481e-14,1.132895265e-13,1.874016517e-13,3.939533483e-13,7.288036329e-13,4.792790579e-13,2.524005541e-13,3.944482212e-14,2.408779021e-13,1.908416745e-13,1.0825987e-14,2.773882694e-14,1.312653886e-13,4.931123543e-14,8.417374748e-14,1.904630732e-13,5.718036521e-14,3.148377383e-13,2.253882838e-14,1.417040945e-13,2.44461721e-14
48.7109375,2.913160704e-13,1.662740862e-13,3.816327762e-13,7.379047395e-14,2.095770358e-13,2.393079299e-13,9.178958918e-14,7.553093266e-14,3.870804624e-14,5.421830038e-14,2.487272663e-13,9.331460346e-14,1.129018271e-13,1.883701225e-13,3.933925226e-13,7.249141453e-13,4.780690921e-13,2.529243262e-13,4.02172826e-14,2.381951623e-13,1.910047184e-13,1.112839963e-14,2.823572666e-14,1.30574235e-13,5.067372802e-14,8.730679476e-14,1.938878257e-13,5.653589628e-14,3.249721621e-13,2.298997523e-14,1.461548894e-13,2.438384627e-14
48.71875,2.874118629e-13,1.640872804e-13,3.880886658e-13,7.404256445e-14,2.101931053e-13,2.385868122e-13,9.244537108e-14,7.46862004e-14,3.896648078e-14,5.451242147e-14,2.521375972e-13,9.539807431e-14,1.1258905e-13,1.895577268e-13,3.931691962e-13,7.216024033e-13,4.773335813e-13,2.53696706e-13,4.108965334e-14,2.356254997e-13,1.91179134e-13,1.144571345e-14,2.874569261e-14,1.300335281e-13,5.211123509e-14,9.053563427e-14,1.97556814e-13,5.592432677e-14,3.356184495e-13,2.345255031e-14,1.507465514e-13,2.432429818e-14
48.7265625,2.834063517e-13,1.61884406e-13,3.946651402e-13,7.412620388e-14,2.107708506e-13,2.376428883e-13,9.317186237e-14,7.383749654e-14,3.92350742e-14,5.479246988e-14,2.555856435e-13,9.754619606e-14,1.122854044e-13,1.908860934e-13,3.931066722e-13,7.185201323e-13,4.767703034e-13,2.546826092e-13,4.202978163e-14,2.329123698e-13,1.912825133e-13,1.176976755e-14,2.928592054e-14,1.294693811e-13,5.365902132e-14,9.389830467e-14,2.015059326e-13,5.520279647e-14,3.467172025e-13,2.392956922e-14,1.555459977e-13,2.428292739e-14
48.734375,2.793736947e-13,1.597506907e-13,4.014762116e-13,7.427623472e-14,2.113651819e-13,2.366907602e-13,9.395624985e-14,7.290455053e-14,3.945533467e-14,5.506887006e-14,2.591887851e-13,9.974386806e-14,1.12045983e-13,1.923167304e-13,3.932496818e-13,7.154875455e-13,4.763395676e-13,2.5584843e-13,4.299616312e-14,2.300011657e-13,1.913684507e-13,1.209314195e-14,2.984754089e-14,1.287360703e-13,5.528168176e-14,9.736597776e-14,2.056696575e-13,5.450127925e-14,3.580725515e-13,2.440679326e-14,1.604899935e-13,2.428545862e-14
48.7421875,2.754651107e-13,1.578275678e-13,4.086702736e-13,7.453944135e-14,2.120081519e-13,2.357571954e-13,9.474115841e-14,7.18304324e-14,3.965452306e-14,5.534754928e-14,2.628810354e-13,1.020327363e-13,1.119399082e-13,1.939517155e-13,3.937424888e-13,7.127021714e-13,4.761032007e-13,2.572960827e-13,4.399336893e-14,2.270024294e-13,1.915556614e-13,1.242931036e-14,3.038006154e-14,1.279406913e-13,5.695821191e-14,1.009570326e-13,2.10079002e-13,5.390045753e-14,3.698756459e-13,2.489271058e-14,1.656034743e-13,2.434024529e-14
48.75,2.713543875e-13,1.559313393e-13,4.16275094e-13,7.469287698e-14,2.127248396e-13,2.346946903e-13,9.556032956e-14,7.070438154e-14,3.986332175e-14,5.563871522e-14,2.666243294e-13,1.044286726e-13,1.118947479e-13,1.958094364e-13,3.946095818e-13,7.103103368e-13,4.760270193e-13,2.591688442e-13,4.504724064e-14,2.239690388e-13,1.91786714e-13,1.277512283e-14,3.089738867e-14,1.271963041e-13,5.873497423e-14,1.047063802e-13,2.148276577e-13,5.32653597e-14,3.823643733e-13,2.540948384e-14,1.709188567e-13,2.441574524e-14
48.7578125,2.671092857e-13,1.541883771e-13,4.241215427e-13,7.48441312e-14,2.134764203e-13,2.335863319e-13,9.64495221e-14,6.964517369e-14,4.004296221e-14,5.593350049e-14,2.704692613e-13,1.068825564e-13,1.119106127e-13,1.978820963e-13,3.958443946e-13,7.083498832e-13,4.761729615e-13,2.614542292e-13,4.615455193e-14,2.209106976e-13,1.91914638e-13,1.312306092e-14,3.147822546e-14,1.26463952e-13,6.06342727e-14,1.085985757e-13,2.199581363e-13,5.261867123e-14,3.954178336e-13,2.594890602e-14,1.764425694e-13,2.448517677e-14
48.765625,2.631735757e-13,1.528706671e-13,4.322259175e-13,7.512131364e-14,2.142469266e-13,2.324744687e-13,9.738829032e-14,6.863163965e-14,4.02148186e-14,5.622539293e-14,2.744176119e-13,1.094276887e-13,1.12091589e-13,2.002620315e-13,3.974736484e-13,7.068710576e-13,4.76628573e-13,2.640708082e-13,4.728944836e-14,2.178412123e-13,1.919697928e-13,1.348532947e-14,3.210393715e-14,1.257350135e-13,6.261081787e-14,1.125745504e-13,2.253322332e-13,5.20645505e-14,4.088118709e-13,2.650184979e-14,1.822913264e-13,2.455268059e-14
48.7734375,2.595078727e-13,1.517787355e-13,4.407278779e-13,7.532470719e-14,2.150254002e-13,2.312557601e-13,9.837951247e-14,6.761684774e-14,4.043590405e-14,5.650930458e-14,2.78399874e-13,1.121232785e-13,1.12403136e-13,2.029401893e-13,3.995399223e-13,7.059887514e-13,4.775293973e-13,2.67052586e-13,4.846463283e-14,2.148185765e-13,1.920704911e-13,1.385960168e-14,3.270668304e-14,1.251057882e-13,6.464620186e-14,1.165733706e-13,2.307804607e-13,5.153190467e-14,4.225375113e-13,2.707622366e-14,1.884416894e-13,2.462662415e-14
48.78125,2.559128219e-13,1.507702396e-13,4.494231972e-13,7.548962517e-14,2.157279958e-13,2.300345504e-13,9.942060314e-14,6.660165078e-14,4.066597998e-14,5.676058757e-14,2.823452917e-13,1.148787508e-13,1.127307643e-13,2.057644467e-13,4.020322344e-13,7.05676863e-13,4.789140969e-13,2.704447731e-13,4.972238799e-14,2.118583599e-13,1.921842044e-13,1.423326235e-14,3.331181376e-14,1.245622732e-13,6.67644361e-14,1.206220682e-13,2.36401988e-13,5.101170308e-14,4.367502696e-13,2.767043682e-14,1.946316857e-13,2.47199508e-14
48.7890625,2.524491652e-13,1.500066525e-13,4.5804013e-13,7.584736255e-14,2.16319419e-13,2.289227715e-13,1.004728e-13,6.556449901e-14,4.084520673e-14,5.69948267e-14,2.862313238e-13,1.175758928e-13,1.1305987e-13,2.086323471e-13,4.048113807e-13,7.056169046e-13,4.804782667e-13,2.741509472e-13,5.105059726e-14,2.088804522e-13,1.922241793e-13,1.460977698e-14,3.393810839e-14,1.239632571e-13,6.895398285e-14,1.247929047e-13,2.422689791e-13,5.058449351e-14,4.514103869e-13,2.828102352e-14,2.007794531e-13,2.484195719e-14
48.796875,2.490695893e-13,1.494179829e-13,4.667562627e-13,7.624140634e-14,2.168768521e-13,2.277499048e-13,1.015413726e-13,6.451922652e-14,4.098488954e-14,5.725381463e-14,2.901094747e-13,1.202558638e-13,1.134382732e-13,2.115700611e-13,4.078204292e-13,7.057224631e-13,4.820973279e-13,2.781056912e-13,5.240365161e-14,2.059243012e-13,1.92246785e-13,1.497963182e-14,3.454909923e-14,1.232937133e-13,7.121151086e-14,1.2907e-13,2.482720754e-13,5.016979553e-14,4.663565866e-13,2.889664319e-14,2.070697218e-13,2.496967857e-14
48.8046875,2.456931314e-13,1.488904407e-13,4.759417736e-13,7.647248175e-14,2.174830902e-13,2.264274117e-13,1.026719811e-13,6.351387421e-14,4.110826348e-14,5.752215774e-14,2.940944031e-13,1.230221802e-13,1.139151125e-13,2.147224187e-13,4.112161178e-13,7.062698131e-13,4.839940617e-13,2.823637496e-13,5.377161323e-14,2.03098032e-13,1.923429754e-13,1.533251983e-14,3.516365223e-14,1.226388176e-13,7.356667368e-14,1.33415266e-13,2.545092442e-13,4.970265309e-14,4.817086539e-13,2.949821475e-14,2.136365042e-13,2.509636971e-14
48.8125,2.425176015e-13,1.485589337e-13,4.856476299e-13,7.669198062e-14,2.181881183e-13,2.251601937e-13,1.038891289e-13,6.252907786e-14,4.123981845e-14,5.778937989e-14,2.982546553e-13,1.258876621e-13,1.145233422e-13,2.182287368e-13,4.150830943e-13,7.072692301e-13,4.86148833e-13,2.868917154e-13,5.516314208e-14,2.003090461e-13,1.924602174e-13,1.570536221e-14,3.58060908e-14,1.220104648e-13,7.599270033e-14,1.378300826e-13,2.610507753e-13,4.929201477e-14,4.975441946e-13,3.009443519e-14,2.204843093e-13,2.525604756e-14
48.8203125,2.396978179e-13,1.484389748e-13,4.956177811e-13,7.698637655e-14,2.189848005e-13,2.240941718e-13,1.05195822e-13,6.155667072e-14,4.14121083e-14,5.808757865e-14,3.024942516e-13,1.288103461e-13,1.15265605e-13,2.220665334e-13,4.193915235e-13,7.087024293e-13,4.885682006e-13,2.91650165e-13,5.660249188e-14,1.975057959e-13,1.925138515e-13,1.612280574e-14,3.645134878e-14,1.214266987e-13,7.846572193e-14,1.422725833e-13,2.677111034e-13,4.898316338e-14,5.13606228e-13,3.068909768e-14,2.275630446e-13,2.544261274e-14
48.828125,2.370707922e-13,1.484357893e-13,5.056780599e-13,7.729935053e-14,2.197485658e-13,2.230927005e-13,1.065452002e-13,6.063388999e-14,4.160070529e-14,5.839557932e-14,3.066766698e-13,1.317639338e-13,1.161258458e-13,2.260746074e-13,4.24153872e-13,7.108558496e-13,4.915015699e-13,2.967315944e-13,5.810653492e-14,1.948707763e-13,1.925446705e-13,1.653621394e-14,3.711306618e-14,1.209257916e-13,8.102596717e-14,1.467238631e-13,2.745370328e-13,4.871926044e-14,5.297885947e-13,3.125762466e-14,2.34777883e-13,2.562109483e-14
48.8359375,2.344555124e-13,1.486611178e-13,5.158332847e-13,7.768827433e-14,2.203493892e-13,2.219406186e-13,1.078459576e-13,5.971847795e-14,4.175772863e-14,5.867501262e-14,3.108099296e-13,1.34725481e-13,1.170602732e-13,2.301035631e-13,4.292012066e-13,7.134785083e-13,4.946963309e-13,3.020874263e-13,5.962526884e-14,1.924046133e-13,1.925999657e-13,1.691363733e-14,3.780976498e-14,1.20455359e-13,8.364375849e-14,1.512492818e-13,2.816546805e-13,4.850146263e-14,5.462352683e-13,3.181422932e-14,2.420548312e-13,2.581214887e-14
48.84375,2.319297066e-13,1.492487682e-13,5.260323833e-13,7.814622563e-14,2.208372451e-13,2.206612011e-13,1.090909083e-13,5.877536947e-14,4.190377111e-14,5.894853179e-14,3.149237388e-13,1.376901091e-13,1.180348461e-13,2.342178035e-13,4.342885859e-13,7.159395795e-13,4.977414904e-13,3.076154852e-13,6.114037063e-14,1.898851561e-13,1.926273796e-13,1.730040176e-14,3.851094205e-14,1.199725911e-13,8.625622826e-14,1.558337108e-13,2.888845161e-13,4.835006596e-14,5.629872625e-13,3.24019271e-14,2.494371049e-13,2.603914297e-14
48.8515625,2.296609535e-13,1.501231119e-13,5.362666554e-13,7.861380327e-14,2.213619384e-13,2.195090737e-13,1.103786095e-13,5.790025628e-14,4.208347859e-14,5.921603803e-14,3.189734788e-13,1.406959267e-13,1.190818078e-13,2.386279511e-13,4.395867547e-13,7.184734322e-13,5.009581645e-13,3.134576891e-13,6.272071291e-14,1.873467929e-13,1.926304059e-13,1.772759251e-14,3.921357055e-14,1.195416916e-13,8.891323211e-14,1.603620979e-13,2.961328637e-13,4.825994143e-14,5.79921755e-13,3.301794634e-14,2.570355877e-13,2.626999225e-14
48.859375,2.276405253e-13,1.51153532e-13,5.467016196e-13,7.917150728e-14,2.219519283e-13,2.185601726e-13,1.117481896e-13,5.713558049e-14,4.229449854e-14,5.944630196e-14,3.230221864e-13,1.437602808e-13,1.202232701e-13,2.433055139e-13,4.453620286e-13,7.216513212e-13,5.046876332e-13,3.19615718e-13,6.435983689e-14,1.849919798e-13,1.927125367e-13,1.817008772e-14,3.991320739e-14,1.192177105e-13,9.165036931e-14,1.648186221e-13,3.034560986e-13,4.823051432e-14,5.968526274e-13,3.362944456e-14,2.648500714e-13,2.647947872e-14
48.8671875,2.257573106e-13,1.523035161e-13,5.573078842e-13,7.979656964e-14,2.225440516e-13,2.175645956e-13,1.131314468e-13,5.636824913e-14,4.250009585e-14,5.96713227e-14,3.271922713e-13,1.468345374e-13,1.214212766e-13,2.480667877e-13,4.514678355e-13,7.252962541e-13,5.086593004e-13,3.25863516e-13,6.598469108e-14,1.828039973e-13,1.928730539e-13,1.86061445e-14,4.057064016e-14,1.189339272e-13,9.44147123e-14,1.692945306e-13,3.108480915e-13,4.823381298e-14,6.138086272e-13,3.421434121e-14,2.727562658e-13,2.667330777e-14
48.875,2.24010259e-13,1.535879349e-13,5.67879067e-13,8.0397787e-14,2.231237815e-13,2.163902921e-13,1.144969035e-13,5.553602751e-14,4.266217472e-14,5.993246629e-14,3.314246072e-13,1.49874369e-13,1.226702179e-13,2.529579375e-13,4.577613345e-13,7.291733433e-13,5.127113969e-13,3.322831872e-13,6.761185608e-14,1.806902858e-13,1.92994382e-13,1.903010635e-14,4.122095438e-14,1.18573735e-13,9.720995468e-14,1.738189823e-13,3.183932155e-13,4.824926626e-14,6.310346345e-13,3.477524744e-14,2.807250471e-13,2.686746989e-14
48.8828125,2.22422574e-13,1.550655613e-13,5.785327858e-13,8.109281016e-14,2.236485395e-13,2.152197003e-13,1.158885987e-13,5.47218967e-14,4.279859719e-14,6.019966562e-14,3.356020617e-13,1.529163581e-13,1.240292599e-13,2.580819084e-13,4.644021609e-13,7.335485626e-13,5.170632358e-13,3.390620517e-13,6.929038731e-14,1.786591448e-13,1.930544823e-13,1.944490056e-14,4.191982329e-14,1.181813852e-13,1.000727402e-13,1.783416982e-13,3.261151532e-13,4.83023933e-14,6.485498554e-13,3.535042539e-14,2.888899903e-13,2.708369697e-14
48.890625,2.209023787e-13,1.568261499e-13,5.895170922e-13,8.187159991e-14,2.240560481e-13,2.14157769e-13,1.173219266e-13,5.399990836e-14,4.298470155e-14,6.043403007e-14,3.397397863e-13,1.56046049e-13,1.255464955e-13,2.634410199e-13,4.71460871e-13,7.384978495e-13,5.21820237e-13,3.4609302e-13,7.102713122e-14,1.767093563e-13,1.931461843e-13,1.98716314e-14,4.262152054e-14,1.179222526e-13,1.029791625e-13,1.82854423e-13,3.339322804e-13,4.838092095e-14,6.662717452e-13,3.597148612e-14,2.97354186e-13,2.730957014e-14
48.8984375,2.194449314e-13,1.588248889e-13,6.00784186e-13,8.253174859e-14,2.244925706e-13,2.131258037e-13,1.18786485e-13,5.33307929e-14,4.323210332e-14,6.064724277e-14,3.438742585e-13,1.592872095e-13,1.272060989e-13,2.691245507e-13,4.788170809e-13,7.437190555e-13,5.268178811e-13,3.533217903e-13,7.281194887e-14,1.748454235e-13,1.933281143e-13,2.031666966e-14,4.329738327e-14,1.177614038e-13,1.059127924e-13,1.873871338e-13,3.418804963e-13,4.846297235e-14,6.84196397e-13,3.661571075e-14,3.060702702e-13,2.75102674e-14
48.90625,2.182227609e-13,1.60954035e-13,6.12236458e-13,8.315444723e-14,2.251595505e-13,2.121211342e-13,1.203031841e-13,5.263289539e-14,4.347113414e-14,6.086871372e-14,3.480441062e-13,1.625757329e-13,1.289630599e-13,2.751436918e-13,4.864299524e-13,7.490443123e-13,5.318710686e-13,3.608582735e-13,7.460847849e-14,1.730615798e-13,1.935838609e-13,2.076650998e-14,4.398325524e-14,1.175442718e-13,1.088908179e-13,1.919076156e-13,3.498645559e-13,4.860717026e-14,7.021178016e-13,3.724804e-14,3.14947742e-13,2.769808195e-14
48.9140625,2.172109084e-13,1.632703941e-13,6.238817478e-13,8.387297324e-14,2.258961952e-13,2.111285181e-13,1.218637249e-13,5.190219391e-14,4.367269127e-14,6.109685957e-14,3.523424828e-13,1.658486042e-13,1.307947128e-13,2.812828039e-13,4.943490144e-13,7.545419029e-13,5.370086723e-13,3.68674151e-13,7.640636349e-14,1.713007834e-13,1.938496163e-13,2.121865269e-14,4.465592178e-14,1.173253475e-13,1.11913356e-13,1.963867982e-13,3.577781707e-13,4.883944421e-14,7.199686002e-13,3.788309863e-14,3.239641249e-13,2.79013808e-14
48.921875,2.161677507e-13,1.657758239e-13,6.356371755e-13,8.458684131e-14,2.264034659e-13,2.100611999e-13,1.234179874e-13,5.121136885e-14,4.38553193e-14,6.130957589e-14,3.567384276e-13,1.690815034e-13,1.326752544e-13,2.873827549e-13,5.024905352e-13,7.601977889e-13,5.422807798e-13,3.765825897e-13,7.823000891e-14,1.696313418e-13,1.940574e-13,2.166285613e-14,4.529980789e-14,1.171990495e-13,1.149579131e-13,2.008829161e-13,3.658016081e-13,4.909940476e-14,7.379454978e-13,3.855616732e-14,3.330988227e-13,2.811999029e-14
48.9296875,2.151733494e-13,1.683444729e-13,6.474393278e-13,8.532654849e-14,2.267825035e-13,2.090262151e-13,1.249664137e-13,5.059992589e-14,4.403089725e-14,6.151480207e-14,3.610730148e-13,1.722938516e-13,1.345993226e-13,2.93527864e-13,5.106621498e-13,7.658388883e-13,5.475369016e-13,3.844489913e-13,8.006136157e-14,1.681040235e-13,1.942354326e-13,2.209539338e-14,4.597808008e-14,1.170977466e-13,1.180009554e-13,2.053888719e-13,3.738678753e-13,4.937226872e-14,7.558910958e-13,3.925184116e-14,3.423325752e-13,2.835623088e-14
48.9375,2.144789366e-13,1.710588388e-13,6.593713118e-13,8.610659372e-14,2.272961237e-13,2.081270019e-13,1.265383222e-13,5.004121393e-14,4.421782066e-14,6.173651953e-14,3.653298119e-13,1.75548364e-13,1.366257042e-13,2.99944063e-13,5.18903612e-13,7.714816091e-13,5.52774061e-13,3.924336215e-13,8.190486806e-14,1.665325848e-13,1.944970723e-13,2.254145072e-14,4.668902627e-14,1.170066923e-13,1.210499994e-13,2.098024999e-13,3.817637933e-13,4.965118432e-14,7.736465455e-13,3.993794327e-14,3.517503477e-13,2.860154394e-14
48.9453125,2.139218676e-13,1.739821457e-13,6.715041629e-13,8.672252902e-14,2.278520507e-13,2.071657009e-13,1.281245182e-13,4.949701384e-14,4.441724096e-14,6.197484529e-14,3.69634468e-13,1.788344595e-13,1.387564607e-13,3.066616009e-13,5.274515418e-13,7.774099698e-13,5.582253261e-13,4.007708689e-13,8.379470397e-14,1.649545938e-13,1.948694857e-13,2.298887933e-14,4.737057865e-14,1.169804518e-13,1.241361003e-13,2.141721574e-13,3.897344466e-13,4.988241971e-14,7.91465684e-13,4.064469574e-14,3.613966326e-13,2.883685924e-14
48.953125,2.133407821e-13,1.769704463e-13,6.83905664e-13,8.727652873e-14,2.282833968e-13,2.061053696e-13,1.297194621e-13,4.894387325e-14,4.460834938e-14,6.2224459e-14,3.740791629e-13,1.820775555e-13,1.409600252e-13,3.134563063e-13,5.363614724e-13,7.837819048e-13,5.640164837e-13,4.09345479e-13,8.571630215e-14,1.63695578e-13,1.952550743e-13,2.341408896e-14,4.803806902e-14,1.169681897e-13,1.272849026e-13,2.186394234e-13,3.979060988e-13,5.012866523e-14,8.093993222e-13,4.13997549e-14,3.712158654e-13,2.908380118e-14
48.9609375,2.130086753e-13,1.801250904e-13,6.967105977e-13,8.801943486e-14,2.287230298e-13,2.052497905e-13,1.313297072e-13,4.840127576e-14,4.480724042e-14,6.247479018e-14,3.787067617e-13,1.853309619e-13,1.433304055e-13,3.203775005e-13,5.456017997e-13,7.905189131e-13,5.702052971e-13,4.180725314e-13,8.771136418e-14,1.626973273e-13,1.95584097e-13,2.386395983e-14,4.872274632e-14,1.169371837e-13,1.305094737e-13,2.231365199e-13,4.060282135e-13,5.050326497e-14,8.273742568e-13,4.216364569e-14,3.812938634e-13,2.935903752e-14
48.96875,2.130020792e-13,1.835720896e-13,7.098682332e-13,8.878133415e-14,2.29242419e-13,2.046486991e-13,1.329304407e-13,4.792253177e-14,4.502139406e-14,6.270923751e-14,3.83460749e-13,1.886584663e-13,1.458691403e-13,3.276197238e-13,5.551551717e-13,7.974146601e-13,5.766481715e-13,4.270842448e-13,8.981272332e-14,1.6168796e-13,1.958770977e-13,2.435353609e-14,4.939503708e-14,1.169584119e-13,1.337514772e-13,2.275141175e-13,4.140347752e-13,5.09333286e-14,8.454295071e-13,4.292276077e-14,3.916634868e-13,2.963496457e-14
48.9765625,2.131043273e-13,1.871022318e-13,7.230255781e-13,8.942249187e-14,2.296884346e-13,2.040759423e-13,1.345003939e-13,4.74849689e-14,4.52005251e-14,6.295761415e-14,3.881762493e-13,1.919391903e-13,1.483745407e-13,3.349541035e-13,5.647798669e-13,8.041792672e-13,5.828941594e-13,4.36175013e-13,9.189176596e-14,1.606802876e-13,1.961608726e-13,2.482259835e-14,5.002577819e-14,1.170254826e-13,1.369140008e-13,2.317927122e-13,4.218583636e-13,5.132900107e-14,8.632740937e-13,4.370589759e-14,4.020383775e-13,2.990416386e-14
48.984375,2.133943346e-13,1.906871507e-13,7.35943518e-13,9.008770688e-14,2.300448253e-13,2.034796672e-13,1.360477827e-13,4.701022733e-14,4.533568959e-14,6.325438649e-14,3.927736292e-13,1.951123848e-13,1.508186552e-13,3.422498435e-13,5.742829275e-13,8.107261638e-13,5.889238634e-13,4.450961785e-13,9.391611383e-14,1.596613982e-13,1.964237521e-13,2.526999952e-14,5.06119842e-14,1.170531705e-13,1.400125665e-13,2.360064691e-13,4.294626738e-13,5.175888091e-14,8.807509553e-13,4.450382245e-14,4.122745883e-13,3.017313769e-14
48.9921875,2.139340913e-13,1.943628302e-13,7.487723052e-13,9.072317284e-14,2.303731571e-13,2.028695906e-13,1.375656835e-13,4.653568262e-14,4.548644359e-14,6.355932511e-14,3.973260033e-13,1.982825434e-13,1.533332005e-13,3.497081352e-13,5.837863578e-13,8.172331619e-13,5.951414706e-13,4.540074361e-13,9.598410794e-14,1.586548647e-13,1.966637097e-13,2.572202802e-14,5.119095005e-14,1.170741212e-13,1.431012092e-13,2.401338484e-13,4.371404032e-13,5.221409521e-14,8.981317028e-13,4.531269015e-14,4.225387084e-13,3.043706388e-14
49,2.14466286e-13,1.978274738e-13,7.616630035e-13,9.123467263e-14,2.306543638e-13,2.02220966e-13,1.390223158e-13,4.615562499e-14,4.567474046e-14,6.384102384e-14,4.019375555e-13,2.014356186e-13,1.558957142e-13,3.571162601e-13,5.933117292e-13,8.237882774e-13,6.014385985e-13,4.629274223e-13,9.800258043e-14,1.579705277e-13,1.969214911e-13,2.61469939e-14,5.182431942e-14,1.17175608e-13,1.461381827e-13,2.442291031e-13,4.447996592e-13,5.261202885e-14,9.152113367e-13,4.615162389e-14,4.328324038e-13,3.072498562e-14
49.0078125,2.149913047e-13,2.011277015e-13,7.743919478e-13,9.177448836e-14,2.309905565e-13,2.016540474e-13,1.403991071e-13,4.584035378e-14,4.587024217e-14,6.413027506e-14,4.066126777e-13,2.044618764e-13,1.584708587e-13,3.64179756e-13,6.026563067e-13,8.302561406e-13,6.074523121e-13,4.716641537e-13,9.987216335e-14,1.575712425e-13,1.972246187e-13,2.654145626e-14,5.248038091e-14,1.17311188e-13,1.490864828e-13,2.482450864e-13,4.519591478e-13,5.304595779e-14,9.314699451e-13,4.698386073e-14,4.429789467e-13,3.104544586e-14
49.015625,2.157908585e-13,2.046790833e-13,7.866684434e-13,9.240484691e-14,2.313907025e-13,2.012223132e-13,1.4170548e-13,4.554106997e-14,4.606169982e-14,6.442488161e-14,4.111888975e-13,2.073770316e-13,1.61081435e-13,3.71126262e-13,6.116396489e-13,8.36306595e-13,6.131793631e-13,4.801893538e-13,1.016936759e-13,1.570799012e-13,1.975442125e-13,2.692751292e-14,5.306777609e-14,1.174452742e-13,1.519313736e-13,2.519969872e-13,4.586744379e-13,5.360875297e-14,9.469301039e-13,4.778105234e-14,4.528862695e-13,3.13443872e-14
49.0234375,2.169504107e-13,2.084629878e-13,7.986357557e-13,9.305372003e-14,2.316222042e-13,2.00802639e-13,1.4295631e-13,4.531000832e-14,4.626987171e-14,6.470342366e-14,4.155785446e-13,2.102576602e-13,1.636939532e-13,3.781505046e-13,6.202937518e-13,8.418137206e-13,6.187294453e-13,4.885555068e-13,1.035131097e-13,1.565932539e-13,1.978575327e-13,2.729427974e-14,5.360266368e-14,1.17685869e-13,1.546498964e-13,2.555395701e-13,4.652342072e-13,5.419997944e-14,9.619114737e-13,4.859562196e-14,4.626537796e-13,3.162580132e-14
49.03125,2.183946545e-13,2.123419337e-13,8.106922484e-13,9.370900341e-14,2.317657563e-13,2.004022375e-13,1.441634294e-13,4.515720478e-14,4.650742502e-14,6.500277366e-14,4.199706603e-13,2.131382108e-13,1.663710321e-13,3.853002759e-13,6.290624268e-13,8.473320812e-13,6.243141009e-13,4.969664341e-13,1.053459473e-13,1.563640996e-13,1.981802963e-13,2.766409909e-14,5.41497753e-14,1.180273779e-13,1.573252208e-13,2.590802512e-13,4.716454663e-13,5.476833391e-14,9.766034749e-13,4.94494353e-14,4.726049662e-13,3.194206949e-14
49.0390625,2.199747332e-13,2.163953839e-13,8.228110843e-13,9.435435018e-14,2.320920322e-13,2.000765232e-13,1.453419064e-13,4.502197269e-14,4.676303152e-14,6.534333851e-14,4.244389992e-13,2.159981987e-13,1.691667555e-13,3.926955288e-13,6.382021537e-13,8.53205811e-13,6.300819114e-13,5.054939022e-13,1.072464899e-13,1.562221817e-13,1.985143681e-13,2.806081946e-14,5.469869779e-14,1.183224667e-13,1.600296317e-13,2.625700032e-13,4.779243135e-13,5.540296859e-14,9.908912811e-13,5.030505099e-14,4.828195241e-13,3.225985636e-14
49.046875,2.215883732e-13,2.205182791e-13,8.345905601e-13,9.503073945e-14,2.324313621e-13,1.997214568e-13,1.464699488e-13,4.491026895e-14,4.702955039e-14,6.568470099e-14,4.287662816e-13,2.187761571e-13,1.719378642e-13,4.001957023e-13,6.471758395e-13,8.587957627e-13,6.356901105e-13,5.137559237e-13,1.091162354e-13,1.559809179e-13,1.988535866e-13,2.844811025e-14,5.523060562e-14,1.18587952e-13,1.626630673e-13,2.658584466e-13,4.839889527e-13,5.613559934e-14,1.004430873e-12,5.117054924e-14,4.929529798e-13,3.253785044e-14
49.0546875,2.234134979e-13,2.246185513e-13,8.460400202e-13,9.581024578e-14,2.32609218e-13,1.993642436e-13,1.475026542e-13,4.484729026e-14,4.730596427e-14,6.600987413e-14,4.329147885e-13,2.214769704e-13,1.746802205e-13,4.076806921e-13,6.556654277e-13,8.637250025e-13,6.409237425e-13,5.217328869e-13,1.108893322e-13,1.55648199e-13,1.992094382e-13,2.882367739e-14,5.57415845e-14,1.189136808e-13,1.651632324e-13,2.689308979e-13,4.896273472e-13,5.690668e-14,1.017231096e-12,5.207040606e-14,5.029571938e-13,3.282198928e-14
49.0625,2.256231556e-13,2.288302361e-13,8.574959047e-13,9.659647011e-14,2.328372784e-13,1.992172538e-13,1.48473568e-13,4.480741206e-14,4.757899129e-14,6.631633404e-14,4.37076647e-13,2.241582783e-13,1.77560086e-13,4.153266598e-13,6.641138077e-13,8.684549477e-13,6.460898991e-13,5.298075967e-13,1.126618415e-13,1.552907172e-13,1.9957975e-13,2.921544166e-14,5.620181785e-14,1.192673262e-13,1.675852428e-13,2.717922828e-13,4.948833834e-13,5.767699522e-14,1.029549456e-12,5.297107096e-14,5.130700946e-13,3.313279501e-14
49.0703125,2.281326501e-13,2.331995215e-13,8.689127065e-13,9.732547412e-14,2.331595116e-13,1.992724626e-13,1.494332291e-13,4.480675724e-14,4.785465385e-14,6.656019126e-14,4.413275489e-13,2.268161886e-13,1.805397015e-13,4.230711791e-13,6.726374312e-13,8.731879944e-13,6.513509239e-13,5.378208169e-13,1.144208369e-13,1.550897705e-13,1.999607986e-13,2.960411433e-14,5.662373042e-14,1.196582735e-13,1.699295973e-13,2.74497703e-13,4.999127533e-13,5.850307237e-14,1.04142192e-12,5.385280611e-14,5.231976884e-13,3.343438288e-14
49.078125,2.308009961e-13,2.377072926e-13,8.801526798e-13,9.809408478e-14,2.334416095e-13,1.993225798e-13,1.503265011e-13,4.489085513e-14,4.81521364e-14,6.674920992e-14,4.456467932e-13,2.294462767e-13,1.83527698e-13,4.307486007e-13,6.809819491e-13,8.778191846e-13,6.566680027e-13,5.455921657e-13,1.161438409e-13,1.55123655e-13,2.00366142e-13,2.998729393e-14,5.705350974e-14,1.201228014e-13,1.721876234e-13,2.771593369e-13,5.047705849e-13,5.945710775e-14,1.052986247e-12,5.475758204e-14,5.332334711e-13,3.373063262e-14
49.0859375,2.334819612e-13,2.422650702e-13,8.91365254e-13,9.887282151e-14,2.337746195e-13,1.99336711e-13,1.511245183e-13,4.503962955e-14,4.845860966e-14,6.698569921e-14,4.499408528e-13,2.320669744e-13,1.865697422e-13,4.384919084e-13,6.892667118e-13,8.824162852e-13,6.62017851e-13,5.534210765e-13,1.179143973e-13,1.552565781e-13,2.007949996e-13,3.038650184e-14,5.746984319e-14,1.206020222e-13,1.743999123e-13,2.797418861e-13,5.094462155e-13,6.044503436e-14,1.064366595e-12,5.570054947e-14,5.433045091e-13,3.404347124e-14
49.09375,2.361826222e-13,2.467216761e-13,9.024447788e-13,9.961771381e-14,2.342083181e-13,1.994476606e-13,1.518921233e-13,4.522304388e-14,4.877430526e-14,6.729330938e-14,4.540834417e-13,2.346420331e-13,1.896559147e-13,4.463552808e-13,6.975683047e-13,8.869191766e-13,6.672630072e-13,5.613218927e-13,1.196716166e-13,1.554378024e-13,2.012480197e-13,3.078788964e-14,5.783238548e-14,1.210921442e-13,1.765632671e-13,2.821480095e-13,5.138063208e-13,6.137059686e-14,1.075249836e-12,5.664649708e-14,5.534061717e-13,3.43645466e-14
49.1015625,2.391206383e-13,2.512311008e-13,9.131127412e-13,1.004956681e-13,2.345767415e-13,1.996903204e-13,1.525977898e-13,4.545873852e-14,4.911608994e-14,6.75697749e-14,4.581784479e-13,2.371402863e-13,1.927378866e-13,4.542001501e-13,7.056746796e-13,8.913006681e-13,6.724698119e-13,5.690770982e-13,1.213418992e-13,1.557056771e-13,2.017206233e-13,3.118315053e-14,5.815244675e-14,1.216129149e-13,1.786328203e-13,2.844005687e-13,5.178219499e-13,6.238361298e-14,1.085387e-12,5.759990779e-14,5.634451084e-13,3.468966325e-14
49.109375,2.422657806e-13,2.559252867e-13,9.235320636e-13,1.01467819e-13,2.348059551e-13,1.999789053e-13,1.531538221e-13,4.57576324e-14,4.94422197e-14,6.779217045e-14,4.623508683e-13,2.395540509e-13,1.958150946e-13,4.619258346e-13,7.135110524e-13,8.956295442e-13,6.777559725e-13,5.766233493e-13,1.230116099e-13,1.560521279e-13,2.021561565e-13,3.156451973e-14,5.844047633e-14,1.221045339e-13,1.805601604e-13,2.865247176e-13,5.216277371e-13,6.35521599e-14,1.094843667e-12,5.858733624e-14,5.733060084e-13,3.501519952e-14
49.1171875,2.455338966e-13,2.605020796e-13,9.338366502e-13,1.022035296e-13,2.349896033e-13,2.002401562e-13,1.53605839e-13,4.610608806e-14,4.973367732e-14,6.803363623e-14,4.664528593e-13,2.418640936e-13,1.988906864e-13,4.695357126e-13,7.210199138e-13,8.995400252e-13,6.827629443e-13,5.838421696e-13,1.246771395e-13,1.564410148e-13,2.025432938e-13,3.190841635e-14,5.869768766e-14,1.226212604e-13,1.823348848e-13,2.884804484e-13,5.251655163e-13,6.46881868e-14,1.103720856e-12,5.957301322e-14,5.828991688e-13,3.532632208e-14
49.125,2.491202934e-13,2.648862311e-13,9.437605464e-13,1.02731276e-13,2.351919953e-13,2.00441687e-13,1.539971546e-13,4.6491521e-14,5.006472574e-14,6.827139862e-14,4.704453739e-13,2.441230132e-13,2.020016272e-13,4.771802217e-13,7.280924558e-13,9.027287851e-13,6.873075438e-13,5.907419042e-13,1.262747949e-13,1.568004339e-13,2.029729688e-13,3.224298164e-14,5.893835749e-14,1.232528045e-13,1.83996126e-13,2.902644699e-13,5.28348281e-13,6.580394058e-14,1.112074649e-12,6.053978273e-14,5.924240227e-13,3.563655803e-14
49.1328125,2.528071955e-13,2.693737644e-13,9.533284365e-13,1.033934102e-13,2.353471587e-13,2.005966085e-13,1.542628717e-13,4.690687759e-14,5.044571501e-14,6.844288363e-14,4.745179961e-13,2.463783701e-13,2.05128476e-13,4.848064019e-13,7.348827246e-13,9.055970076e-13,6.917403079e-13,5.973721722e-13,1.278251469e-13,1.572122379e-13,2.034725483e-13,3.259340606e-14,5.914919334e-14,1.238777845e-13,1.855147728e-13,2.919373752e-13,5.31263107e-13,6.707278975e-14,1.11960933e-12,6.155598013e-14,6.019435933e-13,3.597462257e-14
49.140625,2.561500875e-13,2.739367696e-13,9.628171679e-13,1.041678911e-13,2.35399029e-13,2.008131043e-13,1.544136649e-13,4.736254457e-14,5.079056817e-14,6.859027327e-14,4.786830926e-13,2.485298954e-13,2.081875915e-13,4.92092089e-13,7.416381087e-13,9.085354589e-13,6.961418019e-13,6.035917976e-13,1.292912712e-13,1.578623244e-13,2.039825544e-13,3.291166965e-14,5.930423076e-14,1.243967347e-13,1.86849377e-13,2.935162851e-13,5.338393938e-13,6.839459121e-14,1.125937609e-12,6.262840108e-14,6.111216137e-13,3.634173846e-14
49.1484375,2.594521325e-13,2.783791849e-13,9.720128467e-13,1.048518532e-13,2.354096121e-13,2.0116864e-13,1.545213254e-13,4.788215237e-14,5.108834811e-14,6.874259048e-14,4.828189557e-13,2.504952999e-13,2.112259646e-13,4.9909702e-13,7.482841433e-13,9.11348662e-13,7.0030704e-13,6.095488588e-13,1.30646477e-13,1.585892641e-13,2.045120389e-13,3.318414419e-14,5.941071631e-14,1.248982249e-13,1.880864661e-13,2.948662544e-13,5.359259862e-13,6.96685709e-14,1.131331647e-12,6.366860534e-14,6.199088045e-13,3.672458602e-14
49.15625,2.630933873e-13,2.827495595e-13,9.805729527e-13,1.055647792e-13,2.353986266e-13,2.015642404e-13,1.545437843e-13,4.847492901e-14,5.13958668e-14,6.886544821e-14,4.869126977e-13,2.523406589e-13,2.142928631e-13,5.061040523e-13,7.544821872e-13,9.13652966e-13,7.042077426e-13,6.154189735e-13,1.31951905e-13,1.591406452e-13,2.050880661e-13,3.345231925e-14,5.948365042e-14,1.254380025e-13,1.892629362e-13,2.959106382e-13,5.375928626e-13,7.103851426e-14,1.136163542e-12,6.467118852e-14,6.285056186e-13,3.710725233e-14
49.1640625,2.668563776e-13,2.870770698e-13,9.887054426e-13,1.064226426e-13,2.353806821e-13,2.019441489e-13,1.544333267e-13,4.913983356e-14,5.172388409e-14,6.898806816e-14,4.909866991e-13,2.54147916e-13,2.173227698e-13,5.130552624e-13,7.601075043e-13,9.153190491e-13,7.077905709e-13,6.208851532e-13,1.331831186e-13,1.596835205e-13,2.056707576e-13,3.371701087e-14,5.954482003e-14,1.260272005e-13,1.902977085e-13,2.96872305e-13,5.389417102e-13,7.251113588e-14,1.140292274e-12,6.570530463e-14,6.368897789e-13,3.748236175e-14
49.171875,2.705950099e-13,2.912754748e-13,9.967043476e-13,1.072875766e-13,2.354545381e-13,2.024176984e-13,1.542564977e-13,4.987705644e-14,5.205964142e-14,6.914163406e-14,4.95027986e-13,2.559414281e-13,2.20340594e-13,5.198496246e-13,7.65360199e-13,9.164697219e-13,7.109332964e-13,6.25798036e-13,1.342998499e-13,1.603893245e-13,2.062543345e-13,3.396295159e-14,5.962442271e-14,1.266938522e-13,1.911915104e-13,2.979101679e-13,5.399547234e-13,7.394830525e-14,1.14368056e-12,6.676594133e-14,6.451180599e-13,3.787070529e-14
49.1796875,2.742035863e-13,2.953127662e-13,1.004384982e-12,1.08135132e-13,2.354928599e-13,2.029325027e-13,1.540415688e-13,5.06798695e-14,5.239539428e-14,6.92904547e-14,4.989456972e-13,2.576842204e-13,2.233568959e-13,5.264332772e-13,7.7023791e-13,9.171199627e-13,7.135890049e-13,6.302988965e-13,1.353535289e-13,1.611221818e-13,2.068513469e-13,3.418853863e-14,5.969298689e-14,1.273642145e-13,1.919610641e-13,2.988105652e-13,5.405881738e-13,7.534993828e-14,1.14643458e-12,6.78185499e-14,6.532083375e-13,3.82762247e-14
49.1875,2.775032755e-13,2.992138499e-13,1.011463263e-12,1.090541997e-13,2.352543363e-13,2.033055586e-13,1.537203228e-13,5.154329552e-14,5.271370178e-14,6.946292559e-14,5.025934295e-13,2.592955644e-13,2.26243053e-13,5.326653441e-13,7.745059769e-13,9.171472592e-13,7.157766284e-13,6.343252783e-13,1.363438775e-13,1.617741543e-13,2.074061366e-13,3.437453595e-14,5.969389472e-14,1.279554465e-13,1.925393429e-13,2.993993839e-13,5.408413492e-13,7.672593637e-14,1.148387111e-12,6.887219056e-14,6.608447339e-13,3.867418194e-14
49.1953125,2.808427559e-13,3.030659718e-13,1.017966304e-12,1.099505032e-13,2.348422661e-13,2.036249174e-13,1.532753078e-13,5.247107534e-14,5.301071073e-14,6.96975306e-14,5.059609697e-13,2.607538116e-13,2.28986861e-13,5.38623522e-13,7.781972539e-13,9.16670961e-13,7.176887909e-13,6.37881587e-13,1.372209267e-13,1.623250105e-13,2.079151657e-13,3.451620359e-14,5.964769534e-14,1.285289369e-13,1.929265998e-13,2.997794296e-13,5.407440603e-13,7.806730452e-14,1.149420458e-12,6.992588269e-14,6.679330696e-13,3.909116344e-14
49.203125,2.844985027e-13,3.069717754e-13,1.024013092e-12,1.107525317e-13,2.344053404e-13,2.040346794e-13,1.527517511e-13,5.346271037e-14,5.330821455e-14,6.989231633e-14,5.09207205e-13,2.620981809e-13,2.316616002e-13,5.444103894e-13,7.814245723e-13,9.158525655e-13,7.194295087e-13,6.409849648e-13,1.379694744e-13,1.627626385e-13,2.08480509e-13,3.464123116e-14,5.959323624e-14,1.291540273e-13,1.931780239e-13,3.000253298e-13,5.402310048e-13,7.948676657e-14,1.149606184e-12,7.096934402e-14,6.746909792e-13,3.956890477e-14
49.2109375,2.880623428e-13,3.109548868e-13,1.029624544e-12,1.116735618e-13,2.338910253e-13,2.044047646e-13,1.521378671e-13,5.452306251e-14,5.364095126e-14,6.997115504e-14,5.12521543e-13,2.633641754e-13,2.342618676e-13,5.499259857e-13,7.840943444e-13,9.144741413e-13,7.206689027e-13,6.434410306e-13,1.385811791e-13,1.631429994e-13,2.091546758e-13,3.476985439e-14,5.951511201e-14,1.298065204e-13,1.932765987e-13,3.001000499e-13,5.39231622e-13,8.105071168e-14,1.14896286e-12,7.201332666e-14,6.811836324e-13,4.006765787e-14
49.21875,2.914200961e-13,3.149106218e-13,1.034862457e-12,1.129105369e-13,2.333980009e-13,2.047186022e-13,1.513825608e-13,5.567067086e-14,5.401978381e-14,7.002410611e-14,5.159541824e-13,2.645945473e-13,2.368246374e-13,5.552365638e-13,7.86181316e-13,9.122447245e-13,7.211514694e-13,6.452981332e-13,1.390700613e-13,1.635395785e-13,2.099020577e-13,3.48968341e-14,5.941737698e-14,1.304602983e-13,1.931677915e-13,2.999977864e-13,5.3783006e-13,8.268389122e-14,1.147430015e-12,7.305824335e-14,6.873565497e-13,4.054884586e-14
49.2265625,2.949818093e-13,3.185565498e-13,1.039802055e-12,1.142799759e-13,2.330144839e-13,2.052206421e-13,1.505086942e-13,5.689407214e-14,5.439090432e-14,7.013272279e-14,5.193000561e-13,2.657701851e-13,2.393522204e-13,5.604159436e-13,7.877460156e-13,9.092485844e-13,7.21222497e-13,6.467738076e-13,1.394734051e-13,1.640348434e-13,2.106785374e-13,3.499689774e-14,5.9325914e-14,1.311126546e-13,1.928468834e-13,2.997349303e-13,5.360614136e-13,8.430727691e-14,1.145010462e-12,7.409309734e-14,6.9306967e-13,4.105043015e-14
49.234375,2.987958819e-13,3.217420632e-13,1.044372424e-12,1.1548706e-13,2.325625757e-13,2.059147855e-13,1.495934805e-13,5.813719697e-14,5.470908149e-14,7.02674685e-14,5.224301646e-13,2.668081129e-13,2.417558614e-13,5.653459154e-13,7.888416579e-13,9.058614987e-13,7.213651377e-13,6.479287346e-13,1.398320873e-13,1.645871458e-13,2.114542184e-13,3.506385124e-14,5.922474697e-14,1.317307969e-13,1.924106843e-13,2.993167342e-13,5.339541137e-13,8.588192246e-14,1.141978441e-12,7.510301876e-14,6.982609074e-13,4.159427203e-14
49.2421875,3.025655955e-13,3.247900644e-13,1.048484952e-12,1.166259381e-13,2.319856818e-13,2.065463097e-13,1.486353692e-13,5.93823732e-14,5.501808112e-14,7.037797892e-14,5.255523094e-13,2.67740284e-13,2.440759915e-13,5.700752963e-13,7.895886332e-13,9.023299564e-13,7.214786102e-13,6.487946762e-13,1.40162671e-13,1.649798355e-13,2.122306168e-13,3.512594237e-14,5.910620575e-14,1.322841581e-13,1.919257113e-13,2.987639756e-13,5.317055129e-13,8.745321799e-14,1.138480641e-12,7.607782052e-14,7.032281689e-13,4.215955327e-14
49.25,3.061166437e-13,3.280104329e-13,1.052191437e-12,1.179600856e-13,2.313881466e-13,2.07037905e-13,1.475565079e-13,6.06911912e-14,5.535679894e-14,7.045500239e-14,5.28722007e-13,2.686427457e-13,2.463495863e-13,5.745956874e-13,7.899768559e-13,8.985797431e-13,7.210718269e-13,6.491954299e-13,1.403611092e-13,1.652940869e-13,2.130075544e-13,3.517598523e-14,5.89837506e-14,1.328450239e-13,1.912755525e-13,2.981466604e-13,5.292728216e-13,8.911803948e-14,1.134096914e-12,7.706650723e-14,7.080694088e-13,4.274059687e-14
49.2578125,3.094951729e-13,3.312853499e-13,1.055535267e-12,1.194368722e-13,2.30719677e-13,2.074729103e-13,1.463519662e-13,6.210654597e-14,5.569838003e-14,7.052103498e-14,5.317290963e-13,2.69456646e-13,2.484771113e-13,5.786946881e-13,7.899124001e-13,8.945430821e-13,7.20109918e-13,6.489659329e-13,1.403328375e-13,1.658058696e-13,2.137451037e-13,3.518024824e-14,5.882434156e-14,1.335418907e-13,1.903938197e-13,2.975294344e-13,5.264077193e-13,9.086436199e-14,1.128766678e-12,7.812270214e-14,7.124769951e-13,4.333403624e-14
49.265625,3.128717029e-13,3.345712517e-13,1.05847014e-12,1.209333451e-13,2.299346589e-13,2.079205058e-13,1.450979693e-13,6.359558644e-14,5.603940344e-14,7.057646627e-14,5.346697444e-13,2.701720921e-13,2.505321816e-13,5.825444701e-13,7.895178362e-13,8.903071764e-13,7.189672845e-13,6.484831915e-13,1.401940912e-13,1.663052993e-13,2.144704469e-13,3.516800499e-14,5.859837796e-14,1.343504992e-13,1.894070941e-13,2.968399348e-13,5.232370596e-13,9.265011564e-14,1.123128631e-12,7.919699981e-14,7.16522534e-13,4.393236034e-14
49.2734375,3.162043193e-13,3.379673492e-13,1.060988345e-12,1.225343771e-13,2.291418843e-13,2.084663113e-13,1.438149711e-13,6.513709131e-14,5.639927924e-14,7.059732077e-14,5.377159889e-13,2.708931903e-13,2.526551852e-13,5.864306054e-13,7.888909072e-13,8.858594001e-13,7.176191678e-13,6.479380561e-13,1.40036753e-13,1.665508886e-13,2.152705345e-13,3.517590595e-14,5.833690903e-14,1.35099745e-13,1.883373173e-13,2.959556286e-13,5.198840181e-13,9.448896603e-14,1.11713366e-12,8.02213513e-14,7.204361569e-13,4.454223733e-14
49.28125,3.193211522e-13,3.412132248e-13,1.063049603e-12,1.242440799e-13,2.283825333e-13,2.09085758e-13,1.424609902e-13,6.676693874e-14,5.67575023e-14,7.060642511e-14,5.406092401e-13,2.715503598e-13,2.546951917e-13,5.900745401e-13,7.878918705e-13,8.81127617e-13,7.157783849e-13,6.468288605e-13,1.397532841e-13,1.668370873e-13,2.161105899e-13,3.51661455e-14,5.805913387e-14,1.357266012e-13,1.870797979e-13,2.948812846e-13,5.160627322e-13,9.631727005e-14,1.110102459e-12,8.119972879e-14,7.238951863e-13,4.516875083e-14
49.2890625,3.223964763e-13,3.441408957e-13,1.06452425e-12,1.260022352e-13,2.27536627e-13,2.095992985e-13,1.410204508e-13,6.850301695e-14,5.710349941e-14,7.063035062e-14,5.432012301e-13,2.719825047e-13,2.565171066e-13,5.932071532e-13,7.864299803e-13,8.761149477e-13,7.135551985e-13,6.449785313e-13,1.393252461e-13,1.672236738e-13,2.169111867e-13,3.511615336e-14,5.775682152e-14,1.363168856e-13,1.856715128e-13,2.936420534e-13,5.11774303e-13,9.810215063e-14,1.102171733e-12,8.21423871e-14,7.266848021e-13,4.58194041e-14
49.296875,3.256553028e-13,3.471701358e-13,1.065481196e-12,1.278823314e-13,2.265308183e-13,2.099883398e-13,1.395162979e-13,7.030714454e-14,5.745911812e-14,7.062719653e-14,5.457503187e-13,2.7227104e-13,2.582704778e-13,5.961279871e-13,7.846122798e-13,8.70885436e-13,7.112899143e-13,6.428913231e-13,1.388877896e-13,1.6734464e-13,2.177102513e-13,3.507048763e-14,5.744614895e-14,1.369291471e-13,1.842114216e-13,2.922114191e-13,5.074199218e-13,9.996092671e-14,1.093906413e-12,8.306303902e-14,7.292162809e-13,4.649543135e-14
49.3046875,3.288971088e-13,3.504487243e-13,1.066165078e-12,1.298307107e-13,2.255079359e-13,2.104314926e-13,1.37988687e-13,7.213516796e-14,5.782936849e-14,7.056947626e-14,5.482840609e-13,2.725840869e-13,2.600522741e-13,5.990858237e-13,7.826427423e-13,8.656599087e-13,7.090736147e-13,6.408547875e-13,1.384464501e-13,1.67287696e-13,2.185216862e-13,3.504508087e-14,5.713024825e-14,1.375629975e-13,1.82702255e-13,2.906742213e-13,5.030703579e-13,1.01901408e-13,1.085280667e-12,8.399788998e-14,7.317545209e-13,4.717235273e-14
49.3125,3.318876023e-13,3.534609197e-13,1.066603141e-12,1.316881378e-13,2.246208489e-13,2.109627031e-13,1.364567239e-13,7.398150471e-14,5.821821515e-14,7.049751968e-14,5.505939763e-13,2.72909844e-13,2.61814829e-13,6.01917494e-13,7.806471061e-13,8.605949848e-13,7.067145154e-13,6.386470139e-13,1.378849371e-13,1.674694656e-13,2.192962728e-13,3.500816989e-14,5.677783371e-14,1.382194581e-13,1.811307834e-13,2.891877243e-13,4.985634555e-13,1.037865587e-13,1.076193483e-12,8.493516094e-14,7.340827319e-13,4.785356553e-14
49.3203125,3.347340284e-13,3.560651697e-13,1.06673656e-12,1.335395769e-13,2.237556574e-13,2.114822173e-13,1.348863438e-13,7.587430198e-14,5.862697477e-14,7.046035238e-14,5.527615894e-13,2.731936222e-13,2.635704337e-13,6.045539518e-13,7.785578166e-13,8.555401553e-13,7.041217215e-13,6.36089411e-13,1.371979681e-13,1.67863799e-13,2.201026007e-13,3.495095593e-14,5.638710046e-14,1.388867212e-13,1.795050199e-13,2.877634184e-13,4.939831972e-13,1.055959474e-13,1.066917957e-12,8.584646687e-14,7.360620036e-13,4.856955441e-14
49.328125,3.375928267e-13,3.58736468e-13,1.066661938e-12,1.355322222e-13,2.227042174e-13,2.119989058e-13,1.332572929e-13,7.783764584e-14,5.902295238e-14,7.045691979e-14,5.549198774e-13,2.734408884e-13,2.652613831e-13,6.071056076e-13,7.762391545e-13,8.503865524e-13,7.015007392e-13,6.332312529e-13,1.364531868e-13,1.681416463e-13,2.210261853e-13,3.487795875e-14,5.598485828e-14,1.395356133e-13,1.777995197e-13,2.862768115e-13,4.894044503e-13,1.074182813e-13,1.057515123e-12,8.675971048e-14,7.37761383e-13,4.930484011e-14
49.3359375,3.404227715e-13,3.615809032e-13,1.066315525e-12,1.376408076e-13,2.214642991e-13,2.125427908e-13,1.316005079e-13,7.986726754e-14,5.940564224e-14,7.040761311e-14,5.569752152e-13,2.736225528e-13,2.667169945e-13,6.09476063e-13,7.735710893e-13,8.451592048e-13,6.988875562e-13,6.300545775e-13,1.356162336e-13,1.681882369e-13,2.219693712e-13,3.478259998e-14,5.557184219e-14,1.401560772e-13,1.759640839e-13,2.846469979e-13,4.846176382e-13,1.093291644e-13,1.047640264e-12,8.770000812e-14,7.39156506e-13,5.004000958e-14
49.34375,3.431321344e-13,3.641405907e-13,1.065509033e-12,1.398036981e-13,2.202206342e-13,2.130469712e-13,1.299268709e-13,8.19497458e-14,5.981353931e-14,7.028913793e-14,5.589491062e-13,2.737140393e-13,2.679807182e-13,6.116142742e-13,7.705318023e-13,8.398131772e-13,6.960836732e-13,6.265880082e-13,1.346444183e-13,1.680992387e-13,2.227922561e-13,3.467962565e-14,5.513069069e-14,1.40766532e-13,1.74018165e-13,2.829131275e-13,4.794741787e-13,1.112982661e-13,1.037188741e-12,8.864618605e-14,7.402226494e-13,5.079170397e-14
49.3515625,3.456933131e-13,3.662202675e-13,1.064383255e-12,1.419472452e-13,2.191104488e-13,2.135026038e-13,1.282319337e-13,8.408773464e-14,6.021965086e-14,7.02450082e-14,5.609575081e-13,2.737640699e-13,2.692847666e-13,6.137511075e-13,7.6734723e-13,8.344001122e-13,6.931499943e-13,6.230508454e-13,1.336195652e-13,1.679157388e-13,2.235172402e-13,3.458423933e-14,5.465309865e-14,1.413891658e-13,1.720706092e-13,2.811540974e-13,4.74159214e-13,1.131447411e-13,1.026542518e-12,8.955863796e-14,7.410904617e-13,5.154778861e-14
49.359375,3.480886931e-13,3.682822121e-13,1.063183939e-12,1.441109959e-13,2.180469861e-13,2.140185018e-13,1.265393655e-13,8.630749973e-14,6.059799349e-14,7.031273636e-14,5.628994573e-13,2.738403697e-13,2.706876421e-13,6.159097592e-13,7.641799953e-13,8.289892345e-13,6.901013026e-13,6.193849844e-13,1.325827909e-13,1.676562524e-13,2.242802303e-13,3.448369888e-14,5.414800007e-14,1.4203508e-13,1.701350417e-13,2.793976467e-13,4.688557748e-13,1.148714231e-13,1.015907132e-12,9.041882225e-14,7.418499261e-13,5.229653849e-14
49.3671875,3.503764078e-13,3.708056139e-13,1.061836535e-12,1.465409129e-13,2.169146598e-13,2.146352594e-13,1.24843569e-13,8.863784827e-14,6.103617907e-14,7.029431509e-14,5.646838824e-13,2.739884781e-13,2.721179607e-13,6.179687027e-13,7.608748829e-13,8.235417801e-13,6.867781189e-13,6.153834276e-13,1.314777383e-13,1.674451632e-13,2.251436241e-13,3.439348764e-14,5.364373165e-14,1.42717517e-13,1.68100277e-13,2.77624006e-13,4.635107026e-13,1.167865351e-13,1.005059608e-12,9.127247824e-14,7.425579584e-13,5.307679216e-14
49.375,3.526729678e-13,3.735655879e-13,1.060175593e-12,1.492008738e-13,2.158094452e-13,2.152458705e-13,1.231042506e-13,9.105293982e-14,6.157906167e-14,7.014053863e-14,5.664150859e-13,2.741899707e-13,2.735739333e-13,6.200900435e-13,7.573644804e-13,8.181816193e-13,6.834726254e-13,6.11277526e-13,1.303376242e-13,1.672556231e-13,2.260227257e-13,3.434647586e-14,5.314245804e-14,1.434254596e-13,1.659731274e-13,2.757904265e-13,4.581930838e-13,1.189333528e-13,9.940227614e-13,9.215186668e-14,7.433434897e-13,5.389946295e-14
49.3828125,3.548873497e-13,3.760579558e-13,1.058296343e-12,1.517445711e-13,2.147695089e-13,2.158064265e-13,1.213330364e-13,9.347754002e-14,6.211290437e-14,7.00280303e-14,5.681835626e-13,2.74353759e-13,2.750022756e-13,6.222220398e-13,7.537667667e-13,8.129383483e-13,6.803816608e-13,6.071843253e-13,1.291967354e-13,1.668797952e-13,2.268487048e-13,3.431151382e-14,5.259806946e-14,1.44082763e-13,1.638453904e-13,2.738684976e-13,4.530771617e-13,1.210146874e-13,9.830841195e-13,9.300304539e-14,7.440863029e-13,5.4738398e-14
49.390625,3.568036196e-13,3.78233314e-13,1.056478052e-12,1.542625984e-13,2.13617589e-13,2.164414063e-13,1.195861325e-13,9.588910081e-14,6.255791479e-14,6.998327604e-14,5.700215464e-13,2.744420738e-13,2.762849601e-13,6.239528283e-13,7.500687775e-13,8.075655356e-13,6.770045886e-13,6.027283908e-13,1.279345517e-13,1.664135881e-13,2.276919992e-13,3.423845291e-14,5.200692664e-14,1.446461663e-13,1.616884533e-13,2.719218353e-13,4.479176162e-13,1.22977975e-13,9.720627811e-13,9.382674282e-14,7.444191479e-13,5.559804886e-14
49.3984375,3.584169854e-13,3.801993608e-13,1.054722401e-12,1.570512959e-13,2.122857238e-13,2.171316902e-13,1.178823929e-13,9.833640616e-14,6.297715687e-14,6.990841402e-14,5.718414249e-13,2.74502032e-13,2.774350448e-13,6.252422744e-13,7.462220642e-13,8.021517881e-13,6.731673238e-13,5.978457349e-13,1.264877229e-13,1.661048797e-13,2.286248255e-13,3.412926708e-14,5.143723184e-14,1.452064948e-13,1.59483185e-13,2.700810791e-13,4.423743841e-13,1.249186e-13,9.60626082e-13,9.469178846e-14,7.442703749e-13,5.648212765e-14
49.40625,3.598172036e-13,3.81955824e-13,1.052544624e-12,1.598491998e-13,2.108672086e-13,2.176277899e-13,1.161994332e-13,1.00851328e-13,6.342816962e-14,6.984364348e-14,5.733916923e-13,2.745292554e-13,2.785365246e-13,6.263063253e-13,7.422494303e-13,7.969676896e-13,6.69257377e-13,5.92828204e-13,1.249550748e-13,1.658011689e-13,2.296171971e-13,3.399395903e-14,5.091535645e-14,1.458423994e-13,1.573175451e-13,2.683807174e-13,4.366938845e-13,1.267218563e-13,9.490577796e-13,9.55366578e-14,7.438303427e-13,5.737303386e-14
49.4140625,3.610202708e-13,3.836910528e-13,1.049664711e-12,1.624344e-13,2.094327754e-13,2.179321269e-13,1.145394328e-13,1.03443513e-13,6.389710699e-14,6.984831354e-14,5.746667753e-13,2.744794107e-13,2.795903409e-13,6.271763048e-13,7.381729936e-13,7.918890667e-13,6.653510895e-13,5.877319715e-13,1.233982777e-13,1.652925982e-13,2.306080798e-13,3.383875275e-14,5.039986922e-14,1.46495423e-13,1.551989464e-13,2.666842652e-13,4.312142566e-13,1.283667762e-13,9.376619695e-13,9.625568566e-14,7.431457074e-13,5.827310346e-14
49.421875,3.621558822e-13,3.854996377e-13,1.0465409e-12,1.65186231e-13,2.080488833e-13,2.183312642e-13,1.129347038e-13,1.061272606e-13,6.43787046e-14,6.987000508e-14,5.759818327e-13,2.744090081e-13,2.805900612e-13,6.280284673e-13,7.341187676e-13,7.868644642e-13,6.614063966e-13,5.825597236e-13,1.218108783e-13,1.647060981e-13,2.315719042e-13,3.369846257e-14,4.986663109e-14,1.471209966e-13,1.530500654e-13,2.648623399e-13,4.257493e-13,1.300286785e-13,9.261420053e-13,9.691319639e-14,7.422674572e-13,5.918990474e-14
49.4296875,3.634067871e-13,3.872407097e-13,1.043695105e-12,1.682285737e-13,2.067563259e-13,2.188386315e-13,1.11378009e-13,1.088743452e-13,6.488990482e-14,6.989288803e-14,5.774650492e-13,2.744358343e-13,2.815922907e-13,6.291282263e-13,7.302148799e-13,7.820833188e-13,6.575077657e-13,5.774038885e-13,1.202222283e-13,1.641240602e-13,2.325600799e-13,3.359809808e-14,4.931551426e-14,1.477562159e-13,1.508739651e-13,2.629884214e-13,4.201337493e-13,1.317473267e-13,9.1446266e-13,9.760786757e-14,7.414176731e-13,6.01194864e-14
49.4375,3.646638601e-13,3.890305808e-13,1.04107975e-12,1.712244489e-13,2.055456807e-13,2.192874832e-13,1.098371963e-13,1.116403491e-13,6.542733868e-14,6.996010309e-14,5.790323261e-13,2.745782082e-13,2.826273438e-13,6.30384004e-13,7.263955664e-13,7.774467202e-13,6.535278533e-13,5.722566585e-13,1.186433483e-13,1.634841206e-13,2.336552306e-13,3.352456249e-14,4.874745407e-14,1.483851344e-13,1.487100235e-13,2.611847885e-13,4.145933222e-13,1.334504264e-13,9.031356201e-13,9.830507725e-14,7.40671782e-13,6.106201559e-14
49.4453125,3.656369623e-13,3.909183274e-13,1.038405997e-12,1.742211807e-13,2.044202957e-13,2.198035969e-13,1.083432211e-13,1.144416475e-13,6.597253572e-14,7.003764196e-14,5.806336163e-13,2.747553019e-13,2.836498605e-13,6.315864581e-13,7.225816594e-13,7.727995457e-13,6.494292247e-13,5.670962135e-13,1.170204378e-13,1.628168249e-13,2.34836823e-13,3.345848687e-14,4.818108148e-14,1.48969405e-13,1.465410967e-13,2.593970771e-13,4.091757486e-13,1.350842578e-13,8.921183846e-13,9.894289052e-14,7.398267755e-13,6.200849616e-14
49.453125,3.664324499e-13,3.925725791e-13,1.035628211e-12,1.774462659e-13,2.033800076e-13,2.205598069e-13,1.069557198e-13,1.173004959e-13,6.652711745e-14,7.007234738e-14,5.821935064e-13,2.749413256e-13,2.846449162e-13,6.328062851e-13,7.188467823e-13,7.682767339e-13,6.454459865e-13,5.619850162e-13,1.15363207e-13,1.620794817e-13,2.360301978e-13,3.340486376e-14,4.763026948e-14,1.495445841e-13,1.443858366e-13,2.575565748e-13,4.036453582e-13,1.3661098e-13,8.809474819e-13,9.952529294e-14,7.388113495e-13,6.2949205e-14
49.4609375,3.674722844e-13,3.94081839e-13,1.033012973e-12,1.807412393e-13,2.024492089e-13,2.21466541e-13,1.056707013e-13,1.202039915e-13,6.712038435e-14,7.011007613e-14,5.837266489e-13,2.7520449e-13,2.856947593e-13,6.342957985e-13,7.153734614e-13,7.640594872e-13,6.41735466e-13,5.570880782e-13,1.137889266e-13,1.611385125e-13,2.372546055e-13,3.339600714e-14,4.708671357e-14,1.501191672e-13,1.423378448e-13,2.55737866e-13,3.980879053e-13,1.381128789e-13,8.698829221e-13,1.000869711e-13,7.378962525e-13,6.389652342e-14
49.46875,3.686347023e-13,3.958631772e-13,1.030756681e-12,1.8408509e-13,2.016399545e-13,2.224380968e-13,1.044413202e-13,1.231804214e-13,6.776653809e-14,7.019552677e-14,5.853696598e-13,2.755829462e-13,2.86835441e-13,6.361184357e-13,7.123141257e-13,7.602991153e-13,6.38354883e-13,5.525066989e-13,1.12323181e-13,1.601183181e-13,2.385665822e-13,3.343992649e-14,4.654909087e-14,1.506566209e-13,1.404058771e-13,2.540068931e-13,3.928308293e-13,1.396805857e-13,8.59446318e-13,1.006531467e-13,7.372088614e-13,6.486006027e-14
49.4765625,3.693969938e-13,3.977125693e-13,1.028640441e-12,1.877115439e-13,2.00820413e-13,2.234673457e-13,1.032415371e-13,1.26266786e-13,6.842105339e-14,7.030713731e-14,5.870819543e-13,2.760276272e-13,2.879710649e-13,6.379713622e-13,7.095482794e-13,7.570032325e-13,6.351679298e-13,5.480234511e-13,1.108396109e-13,1.592736838e-13,2.399389071e-13,3.348519006e-14,4.602172253e-14,1.511829997e-13,1.384938526e-13,2.52380543e-13,3.878101473e-13,1.412021016e-13,8.495373273e-13,1.01208835e-13,7.364688055e-13,6.584371093e-14
49.484375,3.698225151e-13,3.991912531e-13,1.026443828e-12,1.914036352e-13,1.99903391e-13,2.244284441e-13,1.02082714e-13,1.29409868e-13,6.902537725e-14,7.047365523e-14,5.887588977e-13,2.764648398e-13,2.890170199e-13,6.395684148e-13,7.067796341e-13,7.538837929e-13,6.318677915e-13,5.434574222e-13,1.092832369e-13,1.5851288e-13,2.412814343e-13,3.349546489e-14,4.550097698e-14,1.517150828e-13,1.365953967e-13,2.508621609e-13,3.82754697e-13,1.425262298e-13,8.399037897e-13,1.017145563e-13,7.35493587e-13,6.68675032e-14
49.4921875,3.701840512e-13,4.003937039e-13,1.02434491e-12,1.947831036e-13,1.99001747e-13,2.252327323e-13,1.009899163e-13,1.325478666e-13,6.960198057e-14,7.073816643e-14,5.904678128e-13,2.768787711e-13,2.899779912e-13,6.409903705e-13,7.039370455e-13,7.50770572e-13,6.284716147e-13,5.389496319e-13,1.077073289e-13,1.575344793e-13,2.425669872e-13,3.350081758e-14,4.497937985e-14,1.522173609e-13,1.347730581e-13,2.49358369e-13,3.777678485e-13,1.436458787e-13,8.30491727e-13,1.021684688e-13,7.344272241e-13,6.793687538e-14
49.5,3.702664635e-13,4.017134459e-13,1.022493921e-12,1.980834166e-13,1.982005146e-13,2.260423423e-13,9.99701954e-14,1.357089557e-13,7.023352112e-14,7.102961624e-14,5.922686265e-13,2.773555724e-13,2.909331656e-13,6.424762976e-13,7.012403104e-13,7.479089166e-13,6.252263202e-13,5.345798346e-13,1.061270574e-13,1.564041602e-13,2.43904991e-13,3.353955313e-14,4.445040818e-14,1.527227584e-13,1.330050756e-13,2.478113279e-13,3.730737562e-13,1.447011628e-13,8.213069058e-13,1.026036314e-13,7.334410263e-13,6.901898004e-14
49.5078125,3.700924036e-13,4.033785437e-13,1.020814622e-12,2.016849347e-13,1.975177545e-13,2.270671826e-13,9.903444455e-14,1.389204676e-13,7.093688893e-14,7.129425465e-14,5.941726015e-13,2.779700896e-13,2.920276855e-13,6.442387383e-13,6.990143365e-13,7.456678709e-13,6.222681799e-13,5.304002059e-13,1.045598191e-13,1.554631847e-13,2.453582473e-13,3.361916344e-14,4.393227264e-14,1.53261431e-13,1.312915635e-13,2.463322341e-13,3.685993603e-13,1.458958045e-13,8.125874957e-13,1.030329702e-13,7.326546217e-13,7.007205454e-14
49.515625,3.700670776e-13,4.051148473e-13,1.019363338e-12,2.05426525e-13,1.969957439e-13,2.282933875e-13,9.821076623e-14,1.421383457e-13,7.165680725e-14,7.162232636e-14,5.9618632e-13,2.786493434e-13,2.932941412e-13,6.463928472e-13,6.974026412e-13,7.441544007e-13,6.197659397e-13,5.266139083e-13,1.030486035e-13,1.54691532e-13,2.46784524e-13,3.373119394e-14,4.344749543e-14,1.537508353e-13,1.297143646e-13,2.449557079e-13,3.642402595e-13,1.471936512e-13,8.045148397e-13,1.034422575e-13,7.320588772e-13,7.108582057e-14
49.5234375,3.701220555e-13,4.064290172e-13,1.018255509e-12,2.090496495e-13,1.965765673e-13,2.295577608e-13,9.748519649e-14,1.453346895e-13,7.237958787e-14,7.207826865e-14,5.982533456e-13,2.793251958e-13,2.94576022e-13,6.48819084e-13,6.96114177e-13,7.430164085e-13,6.176288539e-13,5.231466901e-13,1.015723787e-13,1.537607814e-13,2.481259279e-13,3.386912019e-14,4.296711466e-14,1.54169371e-13,1.282601614e-13,2.435775672e-13,3.600356398e-13,1.483378517e-13,7.969110095e-13,1.0381935e-13,7.314958471e-13,7.21148476e-14
49.53125,3.700187922e-13,4.075213873e-13,1.017468488e-12,2.126531962e-13,1.961601428e-13,2.307904781e-13,9.681564764e-14,1.485472397e-13,7.313668582e-14,7.257880041e-14,6.004707898e-13,2.801080488e-13,2.958113081e-13,6.513743701e-13,6.948440179e-13,7.418563117e-13,6.153497929e-13,5.197025856e-13,1.000967902e-13,1.526423953e-13,2.496071755e-13,3.403906901e-14,4.246509413e-14,1.546291411e-13,1.2684552e-13,2.422463541e-13,3.559862979e-13,1.493221403e-13,7.898297946e-13,1.041707986e-13,7.310672388e-13,7.322619521e-14
49.5390625,3.698566423e-13,4.089409969e-13,1.017042608e-12,2.163018333e-13,1.957674538e-13,2.320519375e-13,9.622168912e-14,1.518049247e-13,7.393455601e-14,7.304554391e-14,6.03007199e-13,2.811130534e-13,2.970995253e-13,6.540917312e-13,6.93748126e-13,7.40816536e-13,6.128126979e-13,5.162652055e-13,9.862801636e-14,1.515896578e-13,2.513613571e-13,3.424102697e-14,4.197262322e-14,1.551943815e-13,1.254826843e-13,2.411154412e-13,3.521017794e-13,1.503069451e-13,7.835519441e-13,1.045216104e-13,7.310447043e-13,7.438547626e-14
49.546875,3.695652569e-13,4.104923594e-13,1.016979618e-12,2.199019973e-13,1.954554886e-13,2.333847684e-13,9.574796772e-14,1.550867664e-13,7.477660002e-14,7.353308407e-14,6.056598152e-13,2.822802244e-13,2.984324146e-13,6.569361113e-13,6.92962964e-13,7.401717267e-13,6.103939947e-13,5.129595829e-13,9.716504374e-14,1.506607653e-13,2.532196779e-13,3.446199573e-14,4.150058849e-14,1.558307521e-13,1.242104041e-13,2.401313897e-13,3.484130697e-13,1.512450274e-13,7.778763076e-13,1.048823697e-13,7.312800083e-13,7.550849549e-14
49.5546875,3.689708431e-13,4.117914223e-13,1.017003448e-12,2.235577081e-13,1.952539127e-13,2.347639843e-13,9.537027991e-14,1.583640326e-13,7.567262764e-14,7.40895437e-14,6.081707161e-13,2.834781038e-13,2.997135818e-13,6.597863017e-13,6.923129991e-13,7.398296359e-13,6.082032645e-13,5.098521092e-13,9.570578239e-14,1.496803095e-13,2.550197672e-13,3.470592341e-14,4.103114743e-14,1.564686072e-13,1.230054386e-13,2.391241055e-13,3.448363037e-13,1.520864952e-13,7.724740086e-13,1.052187541e-13,7.314338242e-13,7.659608704e-14
49.5625,3.683157552e-13,4.130169428e-13,1.017015828e-12,2.273380555e-13,1.952057088e-13,2.361767093e-13,9.505239741e-14,1.616250284e-13,7.659590755e-14,7.463030062e-14,6.107068837e-13,2.846628181e-13,3.009643791e-13,6.627429576e-13,6.918553815e-13,7.397595076e-13,6.061764088e-13,5.070718416e-13,9.426462048e-14,1.485588857e-13,2.567426648e-13,3.498494703e-14,4.05888379e-14,1.570407729e-13,1.21876431e-13,2.381255962e-13,3.413507942e-13,1.528805094e-13,7.675062002e-13,1.055032263e-13,7.315626193e-13,7.76634391e-14
49.5703125,3.678743818e-13,4.1420467e-13,1.01743324e-12,2.310053808e-13,1.953848894e-13,2.376728166e-13,9.484444207e-14,1.648883105e-13,7.75326399e-14,7.51332032e-14,6.134731323e-13,2.859230606e-13,3.02282372e-13,6.661105468e-13,6.918890143e-13,7.401265582e-13,6.044504406e-13,5.047207406e-13,9.288460419e-14,1.473906165e-13,2.583904448e-13,3.530619836e-14,4.018983729e-14,1.575728198e-13,1.209014697e-13,2.37292142e-13,3.381052694e-13,1.535503145e-13,7.632381038e-13,1.057585133e-13,7.319809571e-13,7.867014557e-14
49.578125,3.675072978e-13,4.151675444e-13,1.018568575e-12,2.345082851e-13,1.958635114e-13,2.393005242e-13,9.480533163e-14,1.682083189e-13,7.852311079e-14,7.573876803e-14,6.164599354e-13,2.873741213e-13,3.037211124e-13,6.70047668e-13,6.924463981e-13,7.409122478e-13,6.030696183e-13,5.027774114e-13,9.162196659e-14,1.462449046e-13,2.600268865e-13,3.569371127e-14,3.979487137e-14,1.581546678e-13,1.20108442e-13,2.365921444e-13,3.351465906e-13,1.540736201e-13,7.597113735e-13,1.060025364e-13,7.328441123e-13,7.965155994e-14
49.5859375,3.669650562e-13,4.161970573e-13,1.020248758e-12,2.380658128e-13,1.965485024e-13,2.410160118e-13,9.487675428e-14,1.715892751e-13,7.957564565e-14,7.647376261e-14,6.19720418e-13,2.89001257e-13,3.052640487e-13,6.743591262e-13,6.933592714e-13,7.419989026e-13,6.018697623e-13,5.011434132e-13,9.044910063e-14,1.450984178e-13,2.617702457e-13,3.615306304e-14,3.938232297e-14,1.58772018e-13,1.194071473e-13,2.358926755e-13,3.323765195e-13,1.546416813e-13,7.568625586e-13,1.062505533e-13,7.340195642e-13,8.069874629e-14
49.59375,3.663043555e-13,4.17594243e-13,1.02228422e-12,2.416912975e-13,1.972393422e-13,2.427693321e-13,9.4969556e-14,1.749559444e-13,8.064694502e-14,7.721572281e-14,6.23291297e-13,2.907171862e-13,3.068667094e-13,6.787757956e-13,6.94537025e-13,7.433586514e-13,6.007797836e-13,4.996902834e-13,8.930195495e-14,1.440089027e-13,2.636204211e-13,3.664402048e-14,3.897422139e-14,1.593470757e-13,1.187221204e-13,2.352471236e-13,3.297596784e-13,1.553441595e-13,7.545090924e-13,1.065510581e-13,7.353329952e-13,8.177871718e-14
49.6015625,3.657706568e-13,4.191510316e-13,1.02459705e-12,2.453680575e-13,1.979619836e-13,2.446058229e-13,9.511281541e-14,1.78289439e-13,8.173039205e-14,7.796412374e-14,6.270323043e-13,2.925245315e-13,3.085370614e-13,6.833296347e-13,6.960029044e-13,7.450659726e-13,5.999058455e-13,4.984350546e-13,8.820070283e-14,1.430567247e-13,2.654971982e-13,3.715149575e-14,3.858826004e-14,1.599005531e-13,1.181181654e-13,2.347730554e-13,3.273206509e-13,1.560204919e-13,7.525834267e-13,1.068801145e-13,7.368555411e-13,8.280325798e-14
49.609375,3.652840743e-13,4.20693035e-13,1.027031239e-12,2.491746783e-13,1.988701891e-13,2.465134125e-13,9.538113186e-14,1.816267671e-13,8.285559041e-14,7.877475558e-14,6.308489232e-13,2.944717884e-13,3.10295001e-13,6.881418e-13,6.978362284e-13,7.472603542e-13,5.993375653e-13,4.97522101e-13,8.716427448e-14,1.421485004e-13,2.673874247e-13,3.770188613e-14,3.821595966e-14,1.604956739e-13,1.176781388e-13,2.344241435e-13,3.250646199e-13,1.565063275e-13,7.513981578e-13,1.071355476e-13,7.386768191e-13,8.377493775e-14
49.6171875,3.645394154e-13,4.222101519e-13,1.02970555e-12,2.529049703e-13,1.999479095e-13,2.483935108e-13,9.577277473e-14,1.849265424e-13,8.402723364e-14,7.960789821e-14,6.34800185e-13,2.965494563e-13,3.120911139e-13,6.931630363e-13,7.0001824e-13,7.498487054e-13,5.990126177e-13,4.969539971e-13,8.618725621e-14,1.411716124e-13,2.692744527e-13,3.830150869e-14,3.783538655e-14,1.611193267e-13,1.173737627e-13,2.341128386e-13,3.230066193e-13,1.568471042e-13,7.51168626e-13,1.073242939e-13,7.407343285e-13,8.471121305e-14
49.625,3.636882407e-13,4.235805631e-13,1.032980336e-12,2.564102535e-13,2.01181243e-13,2.503156085e-13,9.625568064e-14,1.881565142e-13,8.522936165e-14,8.046076541e-14,6.389889364e-13,2.987263019e-13,3.138900573e-13,6.984098828e-13,7.025101592e-13,7.526251412e-13,5.989067445e-13,4.966989091e-13,8.532057064e-14,1.401653977e-13,2.71102353e-13,3.894827689e-14,3.745381185e-14,1.617263697e-13,1.171665012e-13,2.338436875e-13,3.211909945e-13,1.571776511e-13,7.516460216e-13,1.075251052e-13,7.430849175e-13,8.559961818e-14
49.6328125,3.631169827e-13,4.248484331e-13,1.036780997e-12,2.599665608e-13,2.02640001e-13,2.524318371e-13,9.682785754e-14,1.913799095e-13,8.644416539e-14,8.135830065e-14,6.434806509e-13,3.009884576e-13,3.157083135e-13,7.039589897e-13,7.054354759e-13,7.557381661e-13,5.991631215e-13,4.968752205e-13,8.45619435e-14,1.391904515e-13,2.72915836e-13,3.965065993e-14,3.711295067e-14,1.622994594e-13,1.170827226e-13,2.336556788e-13,3.196012612e-13,1.57467163e-13,7.526267514e-13,1.077149095e-13,7.457150415e-13,8.64725664e-14
49.640625,3.627261089e-13,4.262192807e-13,1.040871396e-12,2.63669672e-13,2.042756669e-13,2.546998373e-13,9.751108472e-14,1.94615289e-13,8.766701883e-14,8.225733294e-14,6.482408989e-13,3.033490045e-13,3.175599724e-13,7.097777731e-13,7.08849068e-13,7.59316959e-13,5.997602544e-13,4.97484984e-13,8.385622832e-14,1.382517315e-13,2.748150374e-13,4.039919928e-14,3.68180626e-14,1.628331507e-13,1.17134196e-13,2.335751802e-13,3.180899759e-13,1.57636012e-13,7.542730722e-13,1.078575328e-13,7.483848704e-13,8.738037047e-14
49.6484375,3.622458915e-13,4.276654319e-13,1.045560101e-12,2.673330715e-13,2.06091828e-13,2.57082248e-13,9.833295904e-14,1.978400196e-13,8.894265736e-14,8.317259e-14,6.532174978e-13,3.058976643e-13,3.195362554e-13,7.160345991e-13,7.126913561e-13,7.631458162e-13,6.004999235e-13,4.984040597e-13,8.326785525e-14,1.37322183e-13,2.76780368e-13,4.120194053e-14,3.653159801e-14,1.633614034e-13,1.173021644e-13,2.335772857e-13,3.166096462e-13,1.5776795e-13,7.567860788e-13,1.079903812e-13,7.512990173e-13,8.830684118e-14
49.65625,3.617531121e-13,4.290819127e-13,1.051125239e-12,2.709717925e-13,2.082638e-13,2.596694949e-13,9.926777471e-14,2.010661857e-13,9.032199027e-14,8.416643737e-14,6.584427514e-13,3.087265596e-13,3.217350987e-13,7.230064092e-13,7.169287841e-13,7.671071034e-13,6.014407972e-13,4.997077935e-13,8.286499478e-14,1.36355839e-13,2.787614204e-13,4.209540724e-14,3.624685156e-14,1.639556096e-13,1.175797062e-13,2.335967506e-13,3.153764032e-13,1.579159315e-13,7.601844711e-13,1.081283668e-13,7.549453953e-13,8.917303397e-14
49.6640625,3.61343746e-13,4.305279821e-13,1.057185874e-12,2.74560125e-13,2.107334026e-13,2.623495564e-13,1.002341618e-13,2.042322668e-13,9.176503913e-14,8.520283373e-14,6.639057129e-13,3.117484319e-13,3.240081643e-13,7.304191856e-13,7.212472058e-13,7.710881308e-13,6.026636859e-13,5.01411332e-13,8.256309707e-14,1.353710536e-13,2.808149389e-13,4.305503114e-14,3.59847548e-14,1.645906552e-13,1.179377898e-13,2.336278238e-13,3.14482342e-13,1.580405059e-13,7.642812132e-13,1.082714928e-13,7.590379844e-13,8.993925053e-14
49.671875,3.609072656e-13,4.320738559e-13,1.063398556e-12,2.779717649e-13,2.131920945e-13,2.649235649e-13,1.012170355e-13,2.072823782e-13,9.319514967e-14,8.624442234e-14,6.695434858e-13,3.147826212e-13,3.261551423e-13,7.377309542e-13,7.253501426e-13,7.748889681e-13,6.039151593e-13,5.032152078e-13,8.228474592e-14,1.344472668e-13,2.829475984e-13,4.401759264e-14,3.574612018e-14,1.651573429e-13,1.183347207e-13,2.337138421e-13,3.137029325e-13,1.5820407e-13,7.688323358e-13,1.084348718e-13,7.629930581e-13,9.067276827e-14
49.6796875,3.603826322e-13,4.336557496e-13,1.069926706e-12,2.813813639e-13,2.156002548e-13,2.67500454e-13,1.022963611e-13,2.103196663e-13,9.463136518e-14,8.734557192e-14,6.753939311e-13,3.178176344e-13,3.282678534e-13,7.449472172e-13,7.295833214e-13,7.78706777e-13,6.051065975e-13,5.05044166e-13,8.205454867e-14,1.335986317e-13,2.850182094e-13,4.499675321e-14,3.552543607e-14,1.656675687e-13,1.18802619e-13,2.338635498e-13,3.129149764e-13,1.584067511e-13,7.738715512e-13,1.085869246e-13,7.669901369e-13,9.142445217e-14
49.6875,3.598203879e-13,4.350453639e-13,1.076848762e-12,2.848212401e-13,2.18148934e-13,2.701628715e-13,1.035097227e-13,2.133848434e-13,9.613964018e-14,8.853396193e-14,6.814548496e-13,3.209459127e-13,3.304567679e-13,7.52349618e-13,7.341145765e-13,7.826837112e-13,6.064379454e-13,5.07151064e-13,8.189012485e-14,1.327554357e-13,2.869640758e-13,4.603327268e-14,3.53234773e-14,1.662131266e-13,1.193930319e-13,2.340686195e-13,3.122185028e-13,1.584759273e-13,7.795808227e-13,1.087030489e-13,7.713134398e-13,9.214981712e-14
49.6953125,3.592277365e-13,4.36206978e-13,1.083996961e-12,2.879056026e-13,2.208265625e-13,2.726681181e-13,1.047907737e-13,2.163705649e-13,9.771228521e-14,8.976504285e-14,6.876150739e-13,3.241778354e-13,3.325902697e-13,7.598853364e-13,7.384901619e-13,7.8650454e-13,6.078298848e-13,5.095194826e-13,8.178414772e-14,1.318737593e-13,2.888880229e-13,4.710544371e-14,3.513116198e-14,1.668056995e-13,1.200574385e-13,2.343446281e-13,3.116997078e-13,1.5837776e-13,7.860314581e-13,1.088101029e-13,7.757314898e-13,9.286028046e-14
49.703125,3.584946263e-13,4.375728484e-13,1.091465566e-12,2.906685535e-13,2.235153907e-13,2.74976759e-13,1.060893593e-13,2.192658306e-13,9.929915998e-14,9.100338962e-14,6.939216799e-13,3.275292786e-13,3.346121831e-13,7.67368722e-13,7.428422585e-13,7.902461335e-13,6.091182103e-13,5.119956951e-13,8.175369417e-14,1.310410578e-13,2.908312708e-13,4.819307202e-14,3.49434632e-14,1.674630176e-13,1.207416854e-13,2.347228136e-13,3.114145105e-13,1.582404795e-13,7.93371546e-13,1.08896979e-13,7.801960096e-13,9.361960054e-14
49.7109375,3.575389028e-13,4.392130678e-13,1.099539684e-12,2.936003415e-13,2.262634661e-13,2.774221298e-13,1.074621283e-13,2.220948536e-13,1.008821539e-13,9.226536928e-14,7.005152215e-13,3.310353929e-13,3.36644642e-13,7.748441611e-13,7.477500703e-13,7.942708837e-13,6.104958776e-13,5.146845296e-13,8.181280326e-14,1.303718417e-13,2.927450783e-13,4.931907928e-14,3.476492047e-14,1.68183656e-13,1.214960388e-13,2.351996295e-13,3.113381253e-13,1.580926234e-13,8.015659064e-13,1.089488614e-13,7.849288002e-13,9.437641271e-14
49.71875,3.565537124e-13,4.40564109e-13,1.108263691e-12,2.966696768e-13,2.292022473e-13,2.801163998e-13,1.089576726e-13,2.247994314e-13,1.024926441e-13,9.357814397e-14,7.074118589e-13,3.346553212e-13,3.387346507e-13,7.826084861e-13,7.530343502e-13,7.984198895e-13,6.121313807e-13,5.176397611e-13,8.195997435e-14,1.29756275e-13,2.946866025e-13,5.051060345e-14,3.458649854e-14,1.688486442e-13,1.223545767e-13,2.357035788e-13,3.113574482e-13,1.579136368e-13,8.102171438e-13,1.090195503e-13,7.899688324e-13,9.505529806e-14
49.7265625,3.558167773e-13,4.417363617e-13,1.117515388e-12,2.994755072e-13,2.324033537e-13,2.828540975e-13,1.105110232e-13,2.274307265e-13,1.041933516e-13,9.490788643e-14,7.146648347e-13,3.383887327e-13,3.408608311e-13,7.909170743e-13,7.58342452e-13,8.025646503e-13,6.139286774e-13,5.207672334e-13,8.22191278e-14,1.290088996e-13,2.96734218e-13,5.178966073e-14,3.44042521e-14,1.694691073e-13,1.232741665e-13,2.361851156e-13,3.114786184e-13,1.577587984e-13,8.193985088e-13,1.091195017e-13,7.953850239e-13,9.567932644e-14
49.734375,3.552851816e-13,4.43340005e-13,1.127151078e-12,3.020955763e-13,2.357814557e-13,2.855705392e-13,1.12074807e-13,2.300767357e-13,1.059727169e-13,9.619134572e-14,7.222756367e-13,3.422341304e-13,3.429684859e-13,7.995107766e-13,7.638159727e-13,8.068901196e-13,6.158196084e-13,5.24041107e-13,8.25934955e-14,1.282631452e-13,2.987933565e-13,5.313306322e-14,3.423504867e-14,1.701817536e-13,1.24233152e-13,2.366777486e-13,3.117082257e-13,1.57656239e-13,8.294513278e-13,1.091790191e-13,8.011214732e-13,9.627572111e-14
49.7421875,3.547538373e-13,4.450368202e-13,1.137049807e-12,3.047999572e-13,2.391457366e-13,2.883760786e-13,1.137141783e-13,2.326609139e-13,1.0772967e-13,9.744104705e-14,7.299947221e-13,3.460704121e-13,3.449583335e-13,8.079337106e-13,7.694882577e-13,8.113001432e-13,6.178246107e-13,5.273991285e-13,8.300541025e-14,1.277801697e-13,3.007583362e-13,5.447558841e-14,3.407155051e-14,1.70894975e-13,1.2523123e-13,2.372089006e-13,3.119498252e-13,1.575455556e-13,8.399775064e-13,1.091871552e-13,8.067792509e-13,9.685762538e-14
49.75,3.542110486e-13,4.464102263e-13,1.147470005e-12,3.074709805e-13,2.42571333e-13,2.913249781e-13,1.154693171e-13,2.351490865e-13,1.094785083e-13,9.871197107e-14,7.377959539e-13,3.499888566e-13,3.469429672e-13,8.164418477e-13,7.753439228e-13,8.157244215e-13,6.200285558e-13,5.308881232e-13,8.345266056e-14,1.27497145e-13,3.027129437e-13,5.584406378e-14,3.389686045e-14,1.715127759e-13,1.262735311e-13,2.377825083e-13,3.123310771e-13,1.573990882e-13,8.508314783e-13,1.09213132e-13,8.124907163e-13,9.744465426e-14
49.7578125,3.537914661e-13,4.479944783e-13,1.158917936e-12,3.099588369e-13,2.463718248e-13,2.944362383e-13,1.173031046e-13,2.376285191e-13,1.113461674e-13,1.000012959e-13,7.460258563e-13,3.542938228e-13,3.491535392e-13,8.256620312e-13,7.815822903e-13,8.203616423e-13,6.225948398e-13,5.347730832e-13,8.409561084e-14,1.271917504e-13,3.047713069e-13,5.733459065e-14,3.374825016e-14,1.721913605e-13,1.274134471e-13,2.384413166e-13,3.130684941e-13,1.572785768e-13,8.628099444e-13,1.093021996e-13,8.189249126e-13,9.801568913e-14
49.765625,3.535715096e-13,4.499303734e-13,1.171348776e-12,3.123594551e-13,2.504741256e-13,2.977007355e-13,1.191970878e-13,2.400856271e-13,1.13305263e-13,1.012859977e-13,7.547674768e-13,3.589100607e-13,3.514526887e-13,8.354852051e-13,7.881730684e-13,8.251938991e-13,6.255404386e-13,5.390312455e-13,8.498369766e-14,1.26877892e-13,3.069125985e-13,5.892241626e-14,3.36598998e-14,1.729182349e-13,1.286720547e-13,2.392398295e-13,3.140693827e-13,1.571948143e-13,8.760146167e-13,1.094481814e-13,8.259634725e-13,9.857747417e-14
49.7734375,3.533911702e-13,4.51792653e-13,1.184227194e-12,3.146903507e-13,2.544290331e-13,3.00977554e-13,1.211309343e-13,2.424594366e-13,1.152341437e-13,1.025763488e-13,7.637835494e-13,3.635289126e-13,3.535589419e-13,8.452838788e-13,7.949269047e-13,8.301406336e-13,6.286723802e-13,5.433337567e-13,8.595303705e-14,1.266875289e-13,3.090893711e-13,6.050324748e-14,3.359751067e-14,1.735282669e-13,1.2998147e-13,2.401952089e-13,3.152209395e-13,1.570831326e-13,8.897600462e-13,1.096228105e-13,8.329539354e-13,9.916646815e-14
49.78125,3.530161216e-13,4.537442549e-13,1.197262505e-12,3.168764268e-13,2.581411168e-13,3.041426298e-13,1.230730077e-13,2.447492621e-13,1.171646765e-13,1.038714657e-13,7.728617613e-13,3.681756979e-13,3.555722757e-13,8.548781935e-13,8.017347647e-13,8.351858446e-13,6.318253178e-13,5.475745514e-13,8.691520112e-14,1.265690765e-13,3.112775339e-13,6.206439652e-14,3.353715533e-14,1.741355181e-13,1.312959829e-13,2.412346962e-13,3.165627269e-13,1.569788219e-13,9.039961395e-13,1.09788717e-13,8.399361864e-13,9.973943595e-14
49.7890625,3.526482715e-13,4.558322569e-13,1.210459702e-12,3.189227541e-13,2.619504194e-13,3.073024988e-13,1.25079383e-13,2.469190051e-13,1.191668219e-13,1.051730205e-13,7.817960413e-13,3.729462396e-13,3.576816335e-13,8.645835197e-13,8.084265357e-13,8.400804934e-13,6.349928677e-13,5.518386898e-13,8.793207943e-14,1.264164322e-13,3.133919344e-13,6.365154003e-14,3.350397339e-14,1.748358835e-13,1.326351888e-13,2.42223885e-13,3.179907724e-13,1.569692684e-13,9.187614977e-13,1.099275767e-13,8.472080494e-13,1.002699756e-13
49.796875,3.526411667e-13,4.57651937e-13,1.224025205e-12,3.208393079e-13,2.66051586e-13,3.106144759e-13,1.272110131e-13,2.489592136e-13,1.212033274e-13,1.065218588e-13,7.906851746e-13,3.777798459e-13,3.598271616e-13,8.746112565e-13,8.150704958e-13,8.447855861e-13,6.382890513e-13,5.562164607e-13,8.904592069e-14,1.263282932e-13,3.154135149e-13,6.528674781e-14,3.350668496e-14,1.754944289e-13,1.340193575e-13,2.431856727e-13,3.19458643e-13,1.570192045e-13,9.338011069e-13,1.100687085e-13,8.546413672e-13,1.00799699e-13
49.8046875,3.527762846e-13,4.594483179e-13,1.238297274e-12,3.227361259e-13,2.703401517e-13,3.140752138e-13,1.293966616e-13,2.509533883e-13,1.232641973e-13,1.079079344e-13,7.999822503e-13,3.827474909e-13,3.61982418e-13,8.848674001e-13,8.220091531e-13,8.496702931e-13,6.417871231e-13,5.608233302e-13,9.026437457e-14,1.264355889e-13,3.17504696e-13,6.698386958e-14,3.353445646e-14,1.761397956e-13,1.354455545e-13,2.442729332e-13,3.21143367e-13,1.570688814e-13,9.494535925e-13,1.102449572e-13,8.621674074e-13,1.012864662e-13
49.8125,3.527596787e-13,4.615512018e-13,1.253014533e-12,3.247467374e-13,2.747052583e-13,3.17645276e-13,1.315718243e-13,2.529609403e-13,1.253950121e-13,1.092649175e-13,8.096425807e-13,3.878497781e-13,3.641757039e-13,8.952556591e-13,8.291874846e-13,8.547437321e-13,6.454203034e-13,5.656047072e-13,9.156580039e-14,1.2663804e-13,3.197010214e-13,6.874078636e-14,3.357856154e-14,1.768529541e-13,1.368900947e-13,2.454131211e-13,3.22970185e-13,1.571336962e-13,9.658973238e-13,1.104257299e-13,8.698619147e-13,1.016830046e-13
49.8203125,3.527786579e-13,4.63609787e-13,1.267367835e-12,3.266315648e-13,2.790907512e-13,3.212194974e-13,1.337709676e-13,2.550100051e-13,1.275923046e-13,1.106072528e-13,8.191568444e-13,3.928492774e-13,3.662276788e-13,9.057096837e-13,8.361356371e-13,8.595652717e-13,6.490976961e-13,5.703134425e-13,9.288119638e-14,1.267884975e-13,3.217679139e-13,7.05261198e-14,3.361855787e-14,1.775277355e-13,1.383250071e-13,2.464031372e-13,3.246490227e-13,1.572079912e-13,9.824927705e-13,1.105646837e-13,8.775427145e-13,1.020625939e-13
49.828125,3.528385823e-13,4.655341125e-13,1.281349862e-12,3.281481821e-13,2.834117752e-13,3.245741633e-13,1.359856157e-13,2.570718836e-13,1.298256609e-13,1.119823989e-13,8.285243082e-13,3.977486528e-13,3.679908667e-13,9.159915987e-13,8.426458362e-13,8.639498906e-13,6.527272151e-13,5.748306634e-13,9.42031205e-14,1.26949103e-13,3.236383701e-13,7.231512723e-14,3.365363303e-14,1.781869185e-13,1.397385008e-13,2.473165348e-13,3.262244975e-13,1.572699241e-13,9.990714519e-13,1.106958241e-13,8.850603801e-13,1.0244654e-13
49.8359375,3.527013662e-13,4.674858356e-13,1.295766341e-12,3.295649263e-13,2.877101341e-13,3.278022507e-13,1.381903297e-13,2.590102645e-13,1.320852253e-13,1.133535763e-13,8.380580428e-13,4.027707763e-13,3.69620921e-13,9.261266343e-13,8.49026618e-13,8.681421565e-13,6.562470588e-13,5.792864718e-13,9.559599354e-14,1.272513901e-13,3.255129982e-13,7.412386104e-14,3.371344848e-14,1.789257441e-13,1.411353103e-13,2.483216011e-13,3.279136064e-13,1.573480067e-13,1.016029784e-12,1.108776324e-13,8.926125305e-13,1.027669449e-13
49.84375,3.525019544e-13,4.693297826e-13,1.310798603e-12,3.310403719e-13,2.921297103e-13,3.312690413e-13,1.404338411e-13,2.608266024e-13,1.343940506e-13,1.146973535e-13,8.477467706e-13,4.078963018e-13,3.712651747e-13,9.365301645e-13,8.555782315e-13,8.723319955e-13,6.597701568e-13,5.838127482e-13,9.707318562e-14,1.276710341e-13,3.274042467e-13,7.599456288e-14,3.380298082e-14,1.796545308e-13,1.425318148e-13,2.493376255e-13,3.297013823e-13,1.574813133e-13,1.03342104e-12,1.11078872e-13,9.003584854e-13,1.030352974e-13
49.8515625,3.523583198e-13,4.712849855e-13,1.325927627e-12,3.322978825e-13,2.965656695e-13,3.348563811e-13,1.426990779e-13,2.626833166e-13,1.367790034e-13,1.160367345e-13,8.575447617e-13,4.130124105e-13,3.728101976e-13,9.470633149e-13,8.619511142e-13,8.762114395e-13,6.632840382e-13,5.882233105e-13,9.86042612e-14,1.28085498e-13,3.291750163e-13,7.791501957e-14,3.390521322e-14,1.8036595e-13,1.43903997e-13,2.502611093e-13,3.315208116e-13,1.57683776e-13,1.051283704e-12,1.11241839e-13,9.080793128e-13,1.032945413e-13
49.859375,3.521262673e-13,4.73634996e-13,1.340953173e-12,3.33324954e-13,3.008590164e-13,3.381932499e-13,1.449116521e-13,2.64509256e-13,1.391825781e-13,1.173361987e-13,8.674549269e-13,4.181593925e-13,3.741709252e-13,9.571956922e-13,8.676762403e-13,8.793630929e-13,6.664530676e-13,5.922833915e-13,1.00183741e-13,1.284650014e-13,3.309007732e-13,7.981849162e-14,3.402066719e-14,1.81112342e-13,1.451912677e-13,2.511644374e-13,3.334091723e-13,1.579319926e-13,1.06959066e-12,1.113912361e-13,9.155474556e-13,1.035256676e-13
49.8671875,3.519142045e-13,4.759765828e-13,1.356055383e-12,3.343203827e-13,3.052347645e-13,3.414274831e-13,1.471094583e-13,2.661050865e-13,1.415512123e-13,1.185634086e-13,8.772905278e-13,4.234014249e-13,3.754948616e-13,9.671915597e-13,8.730429978e-13,8.819346278e-13,6.69229426e-13,5.962530541e-13,1.018273237e-13,1.288549867e-13,3.326704736e-13,8.172080257e-14,3.415137977e-14,1.817718273e-13,1.464250177e-13,2.520866907e-13,3.353679334e-13,1.581816497e-13,1.08796727e-12,1.115629244e-13,9.229956366e-13,1.037200291e-13
49.875,3.518644966e-13,4.780801997e-13,1.371386488e-12,3.351500515e-13,3.098774858e-13,3.447706558e-13,1.493294599e-13,2.675516279e-13,1.439665812e-13,1.197666003e-13,8.870627487e-13,4.287679996e-13,3.768593652e-13,9.775181149e-13,8.784292371e-13,8.842551748e-13,6.719947517e-13,6.004328973e-13,1.035590769e-13,1.292415737e-13,3.343891187e-13,8.369597496e-14,3.428576235e-14,1.823670889e-13,1.476860352e-13,2.529758302e-13,3.373906714e-13,1.584723152e-13,1.106507876e-12,1.117437074e-13,9.306949062e-13,1.038971321e-13
49.8828125,3.518671532e-13,4.802057624e-13,1.387137589e-12,3.357798347e-13,3.145525957e-13,3.480819781e-13,1.515242911e-13,2.69008885e-13,1.464608403e-13,1.209906265e-13,8.971117069e-13,4.342061704e-13,3.78092874e-13,9.878953141e-13,8.837179101e-13,8.864130008e-13,6.749146702e-13,6.045894379e-13,1.053858729e-13,1.296456165e-13,3.360571517e-13,8.57167733e-14,3.441659033e-14,1.830539116e-13,1.489477572e-13,2.538396177e-13,3.39520613e-13,1.589345758e-13,1.125516067e-12,1.11963357e-13,9.383941864e-13,1.040678389e-13
49.890625,3.519221975e-13,4.824010403e-13,1.403460005e-12,3.365368313e-13,3.19142304e-13,3.514565072e-13,1.537190299e-13,2.704831802e-13,1.489545669e-13,1.222261014e-13,9.075480666e-13,4.396200888e-13,3.791382544e-13,9.981608621e-13,8.891022386e-13,8.887539882e-13,6.779766754e-13,6.085929775e-13,1.072921282e-13,1.302045144e-13,3.377891338e-13,8.774186242e-14,3.455006851e-14,1.837360534e-13,1.501826541e-13,2.547418593e-13,3.417432461e-13,1.595845107e-13,1.144660583e-12,1.122665598e-13,9.45899566e-13,1.042447596e-13
49.8984375,3.51989689e-13,4.84784523e-13,1.420060416e-12,3.374319152e-13,3.2378534e-13,3.550629622e-13,1.559445844e-13,2.719977675e-13,1.514997923e-13,1.234177784e-13,9.180722334e-13,4.450951692e-13,3.80199355e-13,1.008542758e-12,8.94816665e-13,8.91521958e-13,6.81239923e-13,6.126795829e-13,1.092744978e-13,1.309356381e-13,3.395288957e-13,8.982732877e-14,3.469448295e-14,1.843674555e-13,1.514386053e-13,2.556963315e-13,3.439959735e-13,1.602431162e-13,1.163898044e-12,1.125802299e-13,9.53515464e-13,1.044189816e-13
49.90625,3.518940182e-13,4.874923907e-13,1.436308776e-12,3.380814328e-13,3.284077091e-13,3.585603987e-13,1.581248911e-13,2.73500219e-13,1.541546199e-13,1.245250848e-13,9.28263265e-13,4.506910429e-13,3.812944965e-13,1.018795107e-12,9.00184972e-13,8.940283761e-13,6.844452738e-13,6.167319009e-13,1.113027748e-13,1.316720697e-13,3.411188264e-13,9.195794347e-14,3.484571034e-14,1.851152815e-13,1.526678368e-13,2.566228736e-13,3.46256984e-13,1.607936845e-13,1.183635747e-12,1.128180509e-13,9.612542158e-13,1.045516509e-13
49.9140625,3.517803324e-13,4.900983848e-13,1.452020201e-12,3.383726633e-13,3.328727216e-13,3.616863746e-13,1.602440064e-13,2.747935636e-13,1.567567497e-13,1.256199901e-13,9.379484904e-13,4.561888604e-13,3.821683645e-13,1.02858501e-12,9.046504306e-13,8.956389603e-13,6.872205323e-13,6.204169223e-13,1.133010981e-13,1.323650642e-13,3.425531515e-13,9.402120341e-14,3.50041344e-14,1.858952927e-13,1.5377646e-13,2.574403461e-13,3.485342312e-13,1.613570435e-13,1.203482687e-12,1.130378008e-13,9.686678276e-13,1.046402081e-13
49.921875,3.518006143e-13,4.924003886e-13,1.467708111e-12,3.385193215e-13,3.372886819e-13,3.646950103e-13,1.623606241e-13,2.759029261e-13,1.592418963e-13,1.267883063e-13,9.474258591e-13,4.615204529e-13,3.827738509e-13,1.038108955e-12,9.086881568e-13,8.967365524e-13,6.897033268e-13,6.237679827e-13,1.152595504e-13,1.331160532e-13,3.439589323e-13,9.602146896e-14,3.518766032e-14,1.865261871e-13,1.547971351e-13,2.581854227e-13,3.508570052e-13,1.620910839e-13,1.22286146e-12,1.133115505e-13,9.757114718e-13,1.047276857e-13
49.9296875,3.517558557e-13,4.947952599e-13,1.483649251e-12,3.386436268e-13,3.417279933e-13,3.677722461e-13,1.644562433e-13,2.770379372e-13,1.617747125e-13,1.279696271e-13,9.569503603e-13,4.668805074e-13,3.832718698e-13,1.047514217e-12,9.126437655e-13,8.976527653e-13,6.921329743e-13,6.268812089e-13,1.17243404e-13,1.33913847e-13,3.453994923e-13,9.804193957e-14,3.539214162e-14,1.871203383e-13,1.557636911e-13,2.588990703e-13,3.532480295e-13,1.629885937e-13,1.242011606e-12,1.135953388e-13,9.826504876e-13,1.048193811e-13
49.9375,3.516588903e-13,4.97315089e-13,1.499442655e-12,3.387466167e-13,3.460947572e-13,3.708775925e-13,1.664873746e-13,2.781751047e-13,1.643679339e-13,1.290562911e-13,9.663145782e-13,4.722279676e-13,3.836356094e-13,1.056711876e-12,9.1629661e-13,8.981411775e-13,6.944189402e-13,6.297330888e-13,1.192792218e-13,1.346664945e-13,3.468086329e-13,1.000815993e-13,3.559523249e-14,1.877450593e-13,1.566343036e-13,2.595260152e-13,3.556719496e-13,1.639363892e-13,1.261212733e-12,1.138489573e-13,9.894221946e-13,1.048534073e-13
49.9453125,3.51711622e-13,4.997613528e-13,1.514958282e-12,3.388505978e-13,3.503516258e-13,3.740083304e-13,1.684397304e-13,2.79177781e-13,1.669030411e-13,1.30040287e-13,9.754869105e-13,4.77407531e-13,3.83781743e-13,1.065759985e-12,9.196763453e-13,8.982320096e-13,6.965669546e-13,6.324368537e-13,1.213537105e-13,1.35415081e-13,3.481419343e-13,1.021223271e-13,3.580806807e-14,1.882869995e-13,1.574234119e-13,2.600889726e-13,3.580773425e-13,1.648646383e-13,1.280445158e-12,1.141168355e-13,9.959019594e-13,1.047915616e-13
49.953125,3.518231532e-13,5.022634406e-13,1.530459038e-12,3.389016265e-13,3.545249717e-13,3.770554036e-13,1.702957433e-13,2.800804636e-13,1.694262405e-13,1.309835756e-13,9.846592232e-13,4.825083576e-13,3.838068938e-13,1.074683672e-12,9.228253554e-13,8.981213877e-13,6.986477989e-13,6.350103102e-13,1.234263139e-13,1.36270222e-13,3.494530152e-13,1.041676129e-13,3.603902194e-14,1.88772574e-13,1.581623808e-13,2.606881377e-13,3.604314242e-13,1.657934975e-13,1.299603534e-12,1.144269512e-13,1.002170263e-12,1.046903383e-13
49.9609375,3.519261073e-13,5.048290382e-13,1.545638124e-12,3.387346053e-13,3.585903363e-13,3.798328329e-13,1.72062743e-13,2.809537613e-13,1.720102092e-13,1.319267756e-13,9.934767541e-13,4.875922592e-13,3.837745955e-13,1.083337159e-12,9.254437793e-13,8.976580795e-13,7.004487606e-13,6.372599626e-13,1.254295126e-13,1.3722833e-13,3.507506657e-13,1.061822449e-13,3.626184089e-14,1.892926164e-13,1.588168752e-13,2.612993425e-13,3.627395463e-13,1.667133368e-13,1.318352238e-12,1.147374717e-13,1.008253451e-12,1.046164699e-13
49.96875,3.520769799e-13,5.073799635e-13,1.560101826e-12,3.383340077e-13,3.625184535e-13,3.823760887e-13,1.73747442e-13,2.81772752e-13,1.745912243e-13,1.32835343e-13,1.001629593e-12,4.925562525e-13,3.836289062e-13,1.091643685e-12,9.275377306e-13,8.967885634e-13,7.018729692e-13,6.391801849e-13,1.273957644e-13,1.382134075e-13,3.519704169e-13,1.081605337e-13,3.648232154e-14,1.898268975e-13,1.593772033e-13,2.618600587e-13,3.650281009e-13,1.675734988e-13,1.336684894e-12,1.150226574e-13,1.014071974e-12,1.045426348e-13
49.9765625,3.521266732e-13,5.09989327e-13,1.574195474e-12,3.379231777e-13,3.663327201e-13,3.8484056e-13,1.753495823e-13,2.824793703e-13,1.770952716e-13,1.336638121e-13,1.009547316e-12,4.973327675e-13,3.833455189e-13,1.099600459e-12,9.293835595e-13,8.95660096e-13,7.031254477e-13,6.408912464e-13,1.294195377e-13,1.392315821e-13,3.530995607e-13,1.101288705e-13,3.672701878e-14,1.903174854e-13,1.598742654e-13,2.62371775e-13,3.671769411e-13,1.684770577e-13,1.354825385e-12,1.15313263e-13,1.01944528e-12,1.044145585e-13
49.984375,3.520422677e-13,5.125160786e-13,1.588130021e-12,3.376200104e-13,3.701198361e-13,3.872684385e-13,1.769062311e-13,2.830912849e-13,1.795396535e-13,1.344555109e-13,1.017414543e-12,5.01942466e-13,3.829346376e-13,1.107299156e-12,9.309831418e-13,8.942941695e-13,7.042947168e-13,6.423662925e-13,1.3148204e-13,1.403806451e-13,3.541781399e-13,1.120617773e-13,3.697377136e-14,1.907319192e-13,1.603171418e-13,2.628041023e-13,3.690877804e-13,1.695467374e-13,1.372422527e-12,1.156205401e-13,1.024294605e-12,1.042564147e-13
49.9921875,3.520572688e-13,5.148444222e-13,1.601700202e-12,3.372752055e-13,3.740242426e-13,3.896765203e-13,1.784016932e-13,2.837602037e-13,1.820481845e-13,1.352726234e-13,1.024934508e-12,5.065594008e-13,3.824494695e-13,1.114994629e-12,9.323417932e-13,8.927331783e-13,7.054086558e-13,6.436761032e-13,1.3358435e-13,1.416752518e-13,3.552251756e-13,1.139798297e-13,3.720485511e-14,1.911626271e-13,1.607110651e-13,2.63157454e-13,3.710619723e-13,1.706473025e-13,1.389525052e-12,1.159206805e-13,1.029039271e-12,1.041061299e-13
50,3.521911875e-13,5.170497308e-13,1.615055532e-12,3.367703613e-13,3.780586168e-13,3.921515601e-13,1.797825154e-13,2.845379014e-13,1.846829053e-13,1.360902744e-13,1.032156241e-12,5.112802834e-13,3.819195747e-13,1.122648211e-12,9.334999261e-13,8.909224186e-13,7.065098424e-13,6.449254753e-13,1.357896741e-13,1.42915957e-13,3.56189104e-13,1.159503202e-13,3.744882534e-14,1.917153947e-13,1.610448581e-13,2.634631588e-13,3.73295919e-13,1.716599381e-13,1.406750785e-12,1.16204734e-13,1.033899356e-12,1.039283331e-13
50.0078125,3.523250436e-13,5.190206395e-13,1.628182582e-12,3.361485414e-13,3.819459307e-13,3.946794804e-13,1.811005015e-13,2.852382323e-13,1.872679045e-13,1.368476723e-13,1.039108223e-12,5.157923081e-13,3.811872477e-13,1.129742051e-12,9.342385961e-13,8.886627448e-13,7.07337433e-13,6.458381501e-13,1.379796997e-13,1.439608956e-13,3.570052334e-13,1.179035186e-13,3.771280785e-14,1.922545122e-13,1.612759468e-13,2.636331587e-13,3.753707812e-13,1.726953038e-13,1.423607677e-12,1.164521633e-13,1.038244572e-12,1.036924768e-13
50.015625,3.525236358e-13,5.209928868e-13,1.640697633e-12,3.354594177e-13,3.855281756e-13,3.970534576e-13,1.823783187e-13,2.858033888e-13,1.896893718e-13,1.375422097e-13,1.045650712e-12,5.199460328e-13,3.801714099e-13,1.136167529e-12,9.346092271e-13,8.861673276e-13,7.076992204e-13,6.462056629e-13,1.400696564e-13,1.450439285e-13,3.57803038e-13,1.19759653e-13,3.79776721e-14,1.926758782e-13,1.614035441e-13,2.636502492e-13,3.770774695e-13,1.737858231e-13,1.439530902e-12,1.166602879e-13,1.041882377e-12,1.034301523e-13
50.0234375,3.527532662e-13,5.235014796e-13,1.652882448e-12,3.347696238e-13,3.890689667e-13,3.99153619e-13,1.835054099e-13,2.86370117e-13,1.920971816e-13,1.382218047e-13,1.052108135e-12,5.241097753e-13,3.790838528e-13,1.142509883e-12,9.349462206e-13,8.837196518e-13,7.079152382e-13,6.463982113e-13,1.422487472e-13,1.46381326e-13,3.587928862e-13,1.216010315e-13,3.824635217e-14,1.930985099e-13,1.614690977e-13,2.636991927e-13,3.788030336e-13,1.748895688e-13,1.455281692e-12,1.16924788e-13,1.04550196e-12,1.031555581e-13
50.03125,3.528385178e-13,5.261763573e-13,1.665059737e-12,3.34143012e-13,3.926469016e-13,4.011186637e-13,1.844669135e-13,2.868919931e-13,1.945285024e-13,1.388928392e-13,1.058507066e-12,5.28314938e-13,3.779813376e-13,1.1488797e-12,9.350365515e-13,8.810082998e-13,7.081690926e-13,6.466669531e-13,1.445323212e-13,1.477493481e-13,3.598453197e-13,1.234436179e-13,3.85262933e-14,1.934720581e-13,1.614817824e-13,2.638171897e-13,3.806343799e-13,1.761113813e-13,1.470947576e-12,1.172953318e-13,1.049006333e-12,1.028594227e-13
50.0390625,3.528942691e-13,5.28459859e-13,1.676520378e-12,3.334701833e-13,3.959494621e-13,4.030547163e-13,1.85373676e-13,2.872915827e-13,1.968801879e-13,1.39526983e-13,1.064118957e-12,5.321690552e-13,3.766622635e-13,1.154694533e-12,9.3448921e-13,8.777917174e-13,7.081363873e-13,6.466865888e-13,1.467017096e-13,1.489622806e-13,3.606436725e-13,1.251924842e-13,3.881343064e-14,1.936923212e-13,1.614225311e-13,2.638121466e-13,3.823309726e-13,1.775035248e-13,1.485740295e-12,1.176450795e-13,1.051727717e-12,1.025585379e-13
50.046875,3.531546404e-13,5.306650068e-13,1.686705946e-12,3.326099803e-13,3.990172037e-13,4.048739433e-13,1.862417686e-13,2.87716049e-13,1.992309648e-13,1.401488021e-13,1.068742027e-12,5.357141427e-13,3.751280423e-13,1.159852436e-12,9.334408645e-13,8.74258918e-13,7.076320324e-13,6.462380703e-13,1.488063882e-13,1.501873857e-13,3.61163594e-13,1.268893703e-13,3.910221363e-14,1.93950019e-13,1.612709145e-13,2.636065456e-13,3.83959325e-13,1.789024771e-13,1.499836974e-12,1.178719037e-13,1.053988468e-12,1.022464308e-13
50.0546875,3.535064215e-13,5.327116113e-13,1.696074089e-12,3.316187327e-13,4.021218772e-13,4.065341775e-13,1.870075611e-13,2.882018311e-13,2.016151571e-13,1.407407472e-13,1.072832285e-12,5.391652364e-13,3.734588631e-13,1.164708891e-12,9.3208283e-13,8.704952269e-13,7.068726653e-13,6.454773025e-13,1.509800886e-13,1.514969068e-13,3.615460379e-13,1.286001589e-13,3.938156453e-14,1.942850987e-13,1.610225241e-13,2.633253209e-13,3.855633045e-13,1.80105753e-13,1.513313637e-12,1.180388946e-13,1.056159025e-12,1.019172552e-13
50.0625,3.538022789e-13,5.341168164e-13,1.705181537e-12,3.306014847e-13,4.050879755e-13,4.081263175e-13,1.876592232e-13,2.886218125e-13,2.038810272e-13,1.411886165e-13,1.076569116e-12,5.423897376e-13,3.715561382e-13,1.169243875e-12,9.304487519e-13,8.665973385e-13,7.060173616e-13,6.444929205e-13,1.531273643e-13,1.528452499e-13,3.618435019e-13,1.302599366e-13,3.965514591e-14,1.944874518e-13,1.607118701e-13,2.63099883e-13,3.869501028e-13,1.811098175e-13,1.525720626e-12,1.182257132e-13,1.057771044e-12,1.016431313e-13
50.0703125,3.542009856e-13,5.35442326e-13,1.714024972e-12,3.295828014e-13,4.077661733e-13,4.096698156e-13,1.882172412e-13,2.890009741e-13,2.060603397e-13,1.414997614e-13,1.079923328e-12,5.453559042e-13,3.694630651e-13,1.173327909e-12,9.285707431e-13,8.625988952e-13,7.048487527e-13,6.43228742e-13,1.552342327e-13,1.542956224e-13,3.621141796e-13,1.318643621e-13,3.994924508e-14,1.946544711e-13,1.603442256e-13,2.628741981e-13,3.88102148e-13,1.82159679e-13,1.537587363e-12,1.184281316e-13,1.058811449e-12,1.014469257e-13
50.078125,3.547144792e-13,5.372251792e-13,1.722058794e-12,3.286003227e-13,4.103917398e-13,4.110379694e-13,1.886814421e-13,2.893813343e-13,2.082911056e-13,1.418121408e-13,1.082704069e-12,5.481798742e-13,3.673316652e-13,1.176998316e-12,9.26222609e-13,8.581410337e-13,7.030769413e-13,6.416310523e-13,1.573645674e-13,1.557533925e-13,3.623525939e-13,1.33459464e-13,4.026409139e-14,1.949449834e-13,1.598574276e-13,2.624442107e-13,3.890992885e-13,1.833890045e-13,1.54911325e-12,1.186011548e-13,1.059674417e-12,1.012215595e-13
50.0859375,3.551590758e-13,5.389576754e-13,1.728819894e-12,3.276703142e-13,4.12971036e-13,4.121763082e-13,1.890361001e-13,2.89724135e-13,2.105011101e-13,1.42161193e-13,1.084631124e-12,5.507501639e-13,3.651080134e-13,1.180165857e-12,9.233288248e-13,8.53269234e-13,7.009261714e-13,6.396638468e-13,1.594342227e-13,1.571032016e-13,3.624495509e-13,1.349840307e-13,4.056367802e-14,1.951782358e-13,1.592404937e-13,2.617980826e-13,3.899568228e-13,1.846238546e-13,1.559341788e-12,1.187191658e-13,1.060089214e-12,1.009206534e-13
50.09375,3.556812947e-13,5.404725382e-13,1.73463008e-12,3.267269014e-13,4.152725279e-13,4.13218569e-13,1.892649814e-13,2.901008933e-13,2.125992471e-13,1.425128882e-13,1.085957842e-12,5.529727198e-13,3.627505001e-13,1.182748929e-12,9.202671041e-13,8.485029933e-13,6.988392654e-13,6.373367894e-13,1.614380787e-13,1.585745415e-13,3.624213384e-13,1.36396969e-13,4.083324049e-14,1.952798611e-13,1.585448924e-13,2.611290444e-13,3.907478075e-13,1.85789017e-13,1.568291183e-12,1.188051633e-13,1.059798314e-12,1.00620797e-13
50.1015625,3.564099376e-13,5.420995273e-13,1.739793758e-12,3.257353157e-13,4.17253622e-13,4.141945569e-13,1.89347712e-13,2.905379237e-13,2.14612224e-13,1.428627968e-13,1.086987768e-12,5.549080783e-13,3.602972455e-13,1.184732189e-12,9.170263029e-13,8.437232686e-13,6.966899782e-13,6.346765573e-13,1.634556508e-13,1.602792762e-13,3.6233466e-13,1.377302076e-13,4.110667944e-14,1.953706425e-13,1.577715314e-13,2.604509526e-13,3.914692396e-13,1.869996405e-13,1.576596979e-12,1.188799638e-13,1.058995696e-12,1.003587414e-13
50.109375,3.570387911e-13,5.437189281e-13,1.743944232e-12,3.248001938e-13,4.189670718e-13,4.149207325e-13,1.892842654e-13,2.90939451e-13,2.165543377e-13,1.431685722e-13,1.087462057e-12,5.565671808e-13,3.576743728e-13,1.186083969e-12,9.133225876e-13,8.386592891e-13,6.941934702e-13,6.317411373e-13,1.654375799e-13,1.619875281e-13,3.621459621e-13,1.389860904e-13,4.14200521e-14,1.954072878e-13,1.569240683e-13,2.596722986e-13,3.920493422e-13,1.882233161e-13,1.583994454e-12,1.189288079e-13,1.057705329e-12,1.001074795e-13
50.1171875,3.575328612e-13,5.452323274e-13,1.74706285e-12,3.240720747e-13,4.205234099e-13,4.153764765e-13,1.891225444e-13,2.913349617e-13,2.184428492e-13,1.433744448e-13,1.087338208e-12,5.579947741e-13,3.54947431e-13,1.187038622e-12,9.094314275e-13,8.336647317e-13,6.915176882e-13,6.286242553e-13,1.673804138e-13,1.636896965e-13,3.618777199e-13,1.401863562e-13,4.175843735e-14,1.953807851e-13,1.56052667e-13,2.588815854e-13,3.925187226e-13,1.893695101e-13,1.590398576e-12,1.189470413e-13,1.056000326e-12,9.985627847e-14
50.125,3.582891928e-13,5.467495329e-13,1.749549115e-12,3.234721435e-13,4.220355531e-13,4.157167688e-13,1.888743273e-13,2.917352711e-13,2.202683016e-13,1.434707159e-13,1.086828403e-12,5.592592252e-13,3.522951974e-13,1.187798433e-12,9.055078207e-13,8.287354923e-13,6.887194712e-13,6.252859094e-13,1.693584625e-13,1.655304855e-13,3.61579981e-13,1.413512611e-13,4.208671942e-14,1.954002985e-13,1.551367588e-13,2.581382103e-13,3.928704113e-13,1.904635627e-13,1.596014444e-12,1.189383086e-13,1.054068459e-12,9.960962259e-14
50.1328125,3.593093857e-13,5.481279107e-13,1.751254844e-12,3.227399599e-13,4.233755859e-13,4.159164527e-13,1.884698174e-13,2.920057453e-13,2.219642087e-13,1.434890683e-13,1.085711226e-12,5.603023528e-13,3.495821871e-13,1.188066182e-12,9.011494923e-13,8.234220876e-13,6.855893167e-13,6.216291967e-13,1.713348893e-13,1.673919613e-13,3.611661118e-13,1.424242702e-13,4.240963444e-14,1.953966118e-13,1.541174119e-13,2.573238181e-13,3.93097942e-13,1.915388599e-13,1.600515303e-12,1.188957666e-13,1.051687886e-12,9.937884737e-14
50.140625,3.602801149e-13,5.493197818e-13,1.751848368e-12,3.219112045e-13,4.244030604e-13,4.158809633e-13,1.878863783e-13,2.921876382e-13,2.235462179e-13,1.434999097e-13,1.083863069e-12,5.610402986e-13,3.466235365e-13,1.187566498e-12,8.963436771e-13,8.179162396e-13,6.821908341e-13,6.176894553e-13,1.732878165e-13,1.692144847e-13,3.606136978e-13,1.433892553e-13,4.274329449e-14,1.952881356e-13,1.53016773e-13,2.563659817e-13,3.933051642e-13,1.926274954e-13,1.603896943e-12,1.188210114e-13,1.04863718e-12,9.916531636e-14
50.1484375,3.61198414e-13,5.503821467e-13,1.751404423e-12,3.21245346e-13,4.25228219e-13,4.156451594e-13,1.871937207e-13,2.924333995e-13,2.250635491e-13,1.435324907e-13,1.081534068e-12,5.614166509e-13,3.435439787e-13,1.18640232e-12,8.914395186e-13,8.125860301e-13,6.7861636e-13,6.134746966e-13,1.752685008e-13,1.711327862e-13,3.600068761e-13,1.442882136e-13,4.307928306e-14,1.951795154e-13,1.518818256e-13,2.552836265e-13,3.93443423e-13,1.937289971e-13,1.606369817e-12,1.187147721e-13,1.045057653e-12,9.893488139e-14
50.15625,3.62190008e-13,5.511022013e-13,1.750147924e-12,3.206585553e-13,4.259830582e-13,4.152287799e-13,1.864423505e-13,2.927118139e-13,2.265027667e-13,1.435521768e-13,1.078689374e-12,5.614269592e-13,3.404360417e-13,1.184723369e-12,8.863699479e-13,8.071843805e-13,6.747247678e-13,6.08944245e-13,1.772489143e-13,1.730757943e-13,3.593243792e-13,1.451128745e-13,4.341408718e-14,1.951199755e-13,1.507245538e-13,2.54094179e-13,3.933520983e-13,1.947590237e-13,1.607688779e-12,1.185868879e-13,1.041034418e-12,9.867893743e-14
50.1640625,3.632455048e-13,5.514552419e-13,1.748209846e-12,3.199124065e-13,4.26612851e-13,4.146163402e-13,1.856014223e-13,2.929751623e-13,2.27871174e-13,1.435342249e-13,1.07515062e-12,5.611836685e-13,3.372243582e-13,1.182550643e-12,8.809103325e-13,8.014635924e-13,6.70507223e-13,6.041459041e-13,1.791995041e-13,1.749149024e-13,3.585335142e-13,1.458470333e-13,4.37470319e-14,1.950472926e-13,1.495229228e-13,2.528466615e-13,3.930529485e-13,1.956751745e-13,1.608009814e-12,1.184580944e-13,1.036569262e-12,9.844254149e-14
50.171875,3.643650688e-13,5.51740164e-13,1.745494085e-12,3.190506728e-13,4.269565496e-13,4.13813273e-13,1.846046092e-13,2.932358941e-13,2.291446929e-13,1.434343647e-13,1.071026282e-12,5.607275757e-13,3.338818238e-13,1.179743942e-12,8.751365899e-13,7.956054745e-13,6.660749879e-13,5.991031314e-13,1.811809114e-13,1.768020761e-13,3.576783207e-13,1.46490183e-13,4.407338111e-14,1.949164066e-13,1.48227653e-13,2.515986718e-13,3.92640721e-13,1.964835204e-13,1.607607407e-12,1.183085225e-13,1.031670381e-12,9.823577337e-14
50.1796875,3.655894871e-13,5.519989231e-13,1.741987796e-12,3.181550525e-13,4.271009719e-13,4.128358661e-13,1.834742299e-13,2.934342142e-13,2.302818762e-13,1.432487862e-13,1.066473668e-12,5.600083896e-13,3.304288552e-13,1.176310659e-12,8.69295635e-13,7.898670017e-13,6.614928997e-13,5.93895453e-13,1.832439599e-13,1.788978246e-13,3.567321595e-13,1.470468241e-13,4.441068407e-14,1.947005867e-13,1.468731986e-13,2.503440035e-13,3.921857056e-13,1.971888398e-13,1.606167401e-12,1.181112467e-13,1.026340643e-12,9.803116359e-14
50.1875,3.669377039e-13,5.521043911e-13,1.737873347e-12,3.172885305e-13,4.273167089e-13,4.117512879e-13,1.822974182e-13,2.935649325e-13,2.313649642e-13,1.430876488e-13,1.061485829e-12,5.590770364e-13,3.269526577e-13,1.172518734e-12,8.635057274e-13,7.843533856e-13,6.568292744e-13,5.886596088e-13,1.853701934e-13,1.811632192e-13,3.556461414e-13,1.475645292e-13,4.476251501e-14,1.944279003e-13,1.45552046e-13,2.490325369e-13,3.917455981e-13,1.978385764e-13,1.603815678e-12,1.178706944e-13,1.020719405e-12,9.784132345e-14
50.1953125,3.683792969e-13,5.52205386e-13,1.732658769e-12,3.166407425e-13,4.273464688e-13,4.105159587e-13,1.810181537e-13,2.936887622e-13,2.323943699e-13,1.429516209e-13,1.055889168e-12,5.578778905e-13,3.235119494e-13,1.168127767e-12,8.575332929e-13,7.789167595e-13,6.519630753e-13,5.831638496e-13,1.874796731e-13,1.835383678e-13,3.54448533e-13,1.480190047e-13,4.510280148e-14,1.941422051e-13,1.442009088e-13,2.476293494e-13,3.91197245e-13,1.984563332e-13,1.600760863e-12,1.175727779e-13,1.014681403e-12,9.767409083e-14
50.203125,3.698343354e-13,5.523872636e-13,1.725766609e-12,3.161195392e-13,4.267905369e-13,4.089695239e-13,1.795455524e-13,2.938017106e-13,2.332221158e-13,1.427112383e-13,1.049555916e-12,5.56202237e-13,3.199419562e-13,1.16272478e-12,8.511218153e-13,7.732742178e-13,6.466503944e-13,5.770927401e-13,1.895118641e-13,1.859605987e-13,3.531516272e-13,1.483107469e-13,4.543421145e-14,1.938324986e-13,1.427087774e-13,2.461331892e-13,3.903583295e-13,1.990297585e-13,1.596256637e-12,1.172299203e-13,1.007874241e-12,9.748471133e-14
50.2109375,3.712356982e-13,5.521602243e-13,1.717905837e-12,3.154170669e-13,4.26049546e-13,4.072116403e-13,1.779899871e-13,2.939239996e-13,2.338840989e-13,1.42385152e-13,1.042616969e-12,5.540602065e-13,3.161611231e-13,1.156788836e-12,8.444380767e-13,7.674083139e-13,6.409002017e-13,5.706583066e-13,1.91493922e-13,1.883482827e-13,3.517211207e-13,1.484931196e-13,4.576065942e-14,1.935148441e-13,1.41150345e-13,2.445183443e-13,3.892850039e-13,1.995146912e-13,1.59006247e-12,1.168855961e-13,1.000578651e-12,9.725506312e-14
50.21875,3.725317857e-13,5.510786759e-13,1.709542195e-12,3.146612965e-13,4.254139465e-13,4.054371316e-13,1.764239558e-13,2.940650534e-13,2.344813459e-13,1.420541794e-13,1.035076433e-12,5.515553288e-13,3.123042229e-13,1.150575037e-12,8.376559404e-13,7.615380098e-13,6.348353348e-13,5.640904379e-13,1.934310391e-13,1.907116206e-13,3.501162614e-13,1.486584513e-13,4.605696519e-14,1.931628444e-13,1.396046404e-13,2.427291078e-13,3.88126752e-13,1.997634425e-13,1.582880978e-12,1.164823277e-13,9.930830011e-13,9.701454885e-14
50.2265625,3.73774669e-13,5.49645851e-13,1.69993578e-12,3.141134477e-13,4.243821406e-13,4.035507443e-13,1.747348833e-13,2.941567476e-13,2.349211637e-13,1.416993471e-13,1.026814424e-12,5.486666107e-13,3.0832416e-13,1.143385369e-12,8.306675095e-13,7.557888359e-13,6.285177873e-13,5.572683728e-13,1.95308041e-13,1.931187743e-13,3.483438531e-13,1.487229297e-13,4.633789132e-14,1.92672959e-13,1.380121938e-13,2.408135238e-13,3.868709477e-13,1.997992101e-13,1.574801917e-12,1.159640887e-13,9.848696301e-13,9.67877552e-14
50.234375,3.751774459e-13,5.485769695e-13,1.689355281e-12,3.136573241e-13,4.228910768e-13,4.014769506e-13,1.729083794e-13,2.942364033e-13,2.351886185e-13,1.413471017e-13,1.018238426e-12,5.455387284e-13,3.041881244e-13,1.135268526e-12,8.236163042e-13,7.502824791e-13,6.22135369e-13,5.50315986e-13,1.97242738e-13,1.956651593e-13,3.465292324e-13,1.486498974e-13,4.662949769e-14,1.921303774e-13,1.363713941e-13,2.389256111e-13,3.854580727e-13,1.999460169e-13,1.565816048e-12,1.154414956e-13,9.75957368e-13,9.659984119e-14
50.2421875,3.767604619e-13,5.477305813e-13,1.678778171e-12,3.13260536e-13,4.213238379e-13,3.992636944e-13,1.710193733e-13,2.943701146e-13,2.353868163e-13,1.410582462e-13,1.009759637e-12,5.423543592e-13,3.00155522e-13,1.126941798e-12,8.168499131e-13,7.452285349e-13,6.158785546e-13,5.434632006e-13,1.993449047e-13,1.984329376e-13,3.447723842e-13,1.485237926e-13,4.691177335e-14,1.916946156e-13,1.347610927e-13,2.371330231e-13,3.840274234e-13,2.003194717e-13,1.556518133e-12,1.150032863e-13,9.671531494e-13,9.644937511e-14
50.25,3.782882849e-13,5.467191759e-13,1.667654948e-12,3.130754174e-13,4.195408917e-13,3.968407971e-13,1.690666748e-13,2.944663304e-13,2.354840998e-13,1.408057291e-13,1.000964571e-12,5.389569493e-13,2.962453705e-13,1.118262234e-12,8.103096652e-13,7.405884457e-13,6.097171297e-13,5.365024749e-13,2.015346429e-13,2.013044139e-13,3.429780552e-13,1.483304747e-13,4.719696948e-14,1.912553613e-13,1.331988956e-13,2.353682115e-13,3.827847707e-13,2.007001413e-13,1.546777953e-12,1.145798195e-13,9.584155684e-13,9.628857745e-14
50.2578125,3.797865848e-13,5.455182719e-13,1.655264124e-12,3.129450876e-13,4.174884266e-13,3.942659936e-13,1.67067446e-13,2.944538877e-13,2.354426765e-13,1.405004983e-13,9.915035726e-13,5.351771087e-13,2.922264444e-13,1.108992374e-12,8.037349701e-13,7.360676796e-13,6.035373504e-13,5.292773703e-13,2.037575525e-13,2.041521585e-13,3.410103909e-13,1.480458105e-13,4.751746377e-14,1.90679019e-13,1.316635779e-13,2.335617353e-13,3.816186503e-13,2.009416324e-13,1.535888242e-12,1.141030526e-13,9.492285503e-13,9.611635103e-14
50.265625,3.814678504e-13,5.441119882e-13,1.642008604e-12,3.12674693e-13,4.153895978e-13,3.916453435e-13,1.650041497e-13,2.943385578e-13,2.352766992e-13,1.400406601e-13,9.817003827e-13,5.310931946e-13,2.881697437e-13,1.099370216e-12,7.971217992e-13,7.315927775e-13,5.972511027e-13,5.219969826e-13,2.061007792e-13,2.071272387e-13,3.388507137e-13,1.477161263e-13,4.783603375e-14,1.900275728e-13,1.301276253e-13,2.31710266e-13,3.802794329e-13,2.010094225e-13,1.523958581e-12,1.135706091e-13,9.397197495e-13,9.596831453e-14
50.2734375,3.83246596e-13,5.425874947e-13,1.627977622e-12,3.124105183e-13,4.130163409e-13,3.887839575e-13,1.628017329e-13,2.941195263e-13,2.349372548e-13,1.394892495e-13,9.715892303e-13,5.267505312e-13,2.841589226e-13,1.089202198e-12,7.905197447e-13,7.273058749e-13,5.908146965e-13,5.147111821e-13,2.085433885e-13,2.102929765e-13,3.365453172e-13,1.472982677e-13,4.812032811e-14,1.89333638e-13,1.285588935e-13,2.29836454e-13,3.78799054e-13,2.009285732e-13,1.51142717e-12,1.1300326e-13,9.299386267e-13,9.582704953e-14
50.28125,3.84998417e-13,5.410929744e-13,1.613080688e-12,3.122514643e-13,4.102399634e-13,3.856460083e-13,1.605405315e-13,2.938900974e-13,2.344565503e-13,1.390633225e-13,9.60850643e-13,5.221302018e-13,2.800495226e-13,1.078304674e-12,7.838466665e-13,7.231478757e-13,5.842858859e-13,5.072921922e-13,2.109558251e-13,2.134727299e-13,3.341525801e-13,1.46749739e-13,4.83934156e-14,1.886217889e-13,1.269759451e-13,2.279362225e-13,3.771975318e-13,2.008301729e-13,1.498249707e-12,1.124307261e-13,9.196592216e-13,9.569365968e-14
50.2890625,3.86884775e-13,5.394397472e-13,1.59763431e-12,3.121246896e-13,4.073327429e-13,3.824683003e-13,1.583079768e-13,2.937167356e-13,2.338995623e-13,1.387095937e-13,9.496400693e-13,5.172469007e-13,2.758953884e-13,1.066942122e-12,7.770938353e-13,7.190193086e-13,5.777312491e-13,4.997803899e-13,2.133767555e-13,2.167340847e-13,3.316815913e-13,1.461303236e-13,4.865832527e-14,1.879396059e-13,1.25416168e-13,2.259804694e-13,3.753176112e-13,2.007236733e-13,1.484275191e-12,1.1181254e-13,9.089741006e-13,9.560115049e-14
50.296875,3.889865548e-13,5.376576685e-13,1.581486976e-12,3.121111456e-13,4.042419224e-13,3.792041139e-13,1.559892523e-13,2.935303057e-13,2.332158378e-13,1.381862133e-13,9.382318526e-13,5.121202861e-13,2.718202211e-13,1.055138893e-12,7.704837013e-13,7.152094345e-13,5.711964968e-13,4.922575267e-13,2.159576437e-13,2.2030214e-13,3.291137667e-13,1.45454693e-13,4.89127974e-14,1.87202695e-13,1.238769352e-13,2.239899611e-13,3.733180598e-13,2.005203589e-13,1.46958608e-12,1.110815619e-13,8.979959038e-13,9.551548355e-14
50.3046875,3.911003653e-13,5.361078799e-13,1.564766625e-12,3.123272309e-13,4.008387108e-13,3.757896787e-13,1.535167354e-13,2.933609666e-13,2.324460198e-13,1.375715163e-13,9.265870698e-13,5.069021616e-13,2.677609239e-13,1.042957539e-12,7.643329982e-13,7.120728184e-13,5.648063434e-13,4.847564747e-13,2.187255793e-13,2.241215998e-13,3.265326861e-13,1.447191686e-13,4.917503219e-14,1.864194122e-13,1.223511031e-13,2.220664725e-13,3.715016261e-13,2.003246753e-13,1.454506204e-12,1.103109717e-13,8.868603239e-13,9.542286353e-14
50.3125,3.931281693e-13,5.346021324e-13,1.548161805e-12,3.126990911e-13,3.972476431e-13,3.723779777e-13,1.509492936e-13,2.93244633e-13,2.316453071e-13,1.370365186e-13,9.147739325e-13,5.016675987e-13,2.637475411e-13,1.030562653e-12,7.585956548e-13,7.093941272e-13,5.585654093e-13,4.772993149e-13,2.216127246e-13,2.280978518e-13,3.239883123e-13,1.439495646e-13,4.942681685e-14,1.85720972e-13,1.20831175e-13,2.202521754e-13,3.697251073e-13,2.002345486e-13,1.43912382e-12,1.09607868e-13,8.757390631e-13,9.53723733e-14
50.3203125,3.953302525e-13,5.327489183e-13,1.531057801e-12,3.131322932e-13,3.935158183e-13,3.688982515e-13,1.48315861e-13,2.930464642e-13,2.306812962e-13,1.364803196e-13,9.028009845e-13,4.961102544e-13,2.597820701e-13,1.017609255e-12,7.527787467e-13,7.066444361e-13,5.522142443e-13,4.697723704e-13,2.245720647e-13,2.322931552e-13,3.213409514e-13,1.431034943e-13,4.964247091e-14,1.84981883e-13,1.192937782e-13,2.184149187e-13,3.67732848e-13,2.001006546e-13,1.422855401e-12,1.089111643e-13,8.642371911e-13,9.53412671e-14
50.328125,3.979130883e-13,5.30701362e-13,1.51265857e-12,3.135712716e-13,3.898291615e-13,3.653152946e-13,1.456784299e-13,2.927723836e-13,2.295835659e-13,1.358705718e-13,8.904077408e-13,4.901427085e-13,2.557055924e-13,1.004114287e-12,7.467247061e-13,7.037866047e-13,5.456786448e-13,4.621183977e-13,2.276322438e-13,2.366204177e-13,3.18543428e-13,1.42191592e-13,4.984920684e-14,1.840904331e-13,1.177511331e-13,2.164470834e-13,3.656417455e-13,1.998287891e-13,1.405508644e-12,1.081296002e-13,8.521903126e-13,9.530347e-14
50.3359375,4.005968146e-13,5.286499524e-13,1.49398216e-12,3.13929933e-13,3.862666995e-13,3.617796293e-13,1.430693557e-13,2.925444616e-13,2.285157551e-13,1.353342362e-13,8.777193763e-13,4.841996976e-13,2.516113087e-13,9.906877929e-13,7.40918666e-13,7.012514385e-13,5.393112027e-13,4.545718617e-13,2.308979986e-13,2.408998584e-13,3.15744592e-13,1.412892139e-13,5.008152643e-14,1.832447781e-13,1.162583619e-13,2.144672775e-13,3.636813977e-13,1.995392822e-13,1.387894065e-12,1.073208832e-13,8.403213347e-13,9.530511353e-14
50.34375,4.031177086e-13,5.265953306e-13,1.475559745e-12,3.143188586e-13,3.823026862e-13,3.580740882e-13,1.403927922e-13,2.922441851e-13,2.272822398e-13,1.34802692e-13,8.651074977e-13,4.783160282e-13,2.476500718e-13,9.77101499e-13,7.356914974e-13,6.99281634e-13,5.333907477e-13,4.472915395e-13,2.343751834e-13,2.452408782e-13,3.129373373e-13,1.402925826e-13,5.03334239e-14,1.824056101e-13,1.148425293e-13,2.126017431e-13,3.618892671e-13,1.992979961e-13,1.370191936e-12,1.065628395e-13,8.286748994e-13,9.529567801e-14
50.3515625,4.057714169e-13,5.245910646e-13,1.456414719e-12,3.149964955e-13,3.77806705e-13,3.540768614e-13,1.376527658e-13,2.917479004e-13,2.256749994e-13,1.341529919e-13,8.524270428e-13,4.720244739e-13,2.436422368e-13,9.628041395e-13,7.308940025e-13,6.978177154e-13,5.278213767e-13,4.401492784e-13,2.379455327e-13,2.499016442e-13,3.099783605e-13,1.391072223e-13,5.057839058e-14,1.812797199e-13,1.134752464e-13,2.107665118e-13,3.601528959e-13,1.990599422e-13,1.351552238e-12,1.058262122e-13,8.165029328e-13,9.518340862e-14
50.359375,4.08741924e-13,5.225518821e-13,1.436480553e-12,3.158623408e-13,3.733492556e-13,3.501783136e-13,1.34947558e-13,2.911958332e-13,2.239330163e-13,1.334882827e-13,8.394341811e-13,4.653488009e-13,2.395575392e-13,9.481068651e-13,7.263271201e-13,6.967364827e-13,5.223592621e-13,4.330378783e-13,2.416088831e-13,2.547855263e-13,3.069131257e-13,1.378908595e-13,5.080868366e-14,1.799894874e-13,1.121296045e-13,2.088611599e-13,3.583768794e-13,1.988344301e-13,1.331915221e-12,1.050569632e-13,8.039749539e-13,9.504830019e-14
50.3671875,4.117358369e-13,5.204602684e-13,1.416235264e-12,3.166682325e-13,3.689374714e-13,3.463446667e-13,1.322244375e-13,2.907352707e-13,2.222555887e-13,1.328940745e-13,8.262362791e-13,4.586519402e-13,2.356073741e-13,9.332068209e-13,7.218854907e-13,6.959346963e-13,5.168078747e-13,4.259124909e-13,2.454331023e-13,2.596084037e-13,3.038351948e-13,1.367174436e-13,5.104059457e-14,1.78873483e-13,1.108204202e-13,2.069355742e-13,3.565751606e-13,1.986051896e-13,1.312016177e-12,1.042391175e-13,7.91596203e-13,9.499813543e-14
50.375,4.148596102e-13,5.184179332e-13,1.395416755e-12,3.176280633e-13,3.642905344e-13,3.422257826e-13,1.294275589e-13,2.903342664e-13,2.205307425e-13,1.322745419e-13,8.128376552e-13,4.519041747e-13,2.31732597e-13,9.179293776e-13,7.175886732e-13,6.954040971e-13,5.112260458e-13,4.187435864e-13,2.493857002e-13,2.645491719e-13,3.006637285e-13,1.354782382e-13,5.127741829e-14,1.779126374e-13,1.095587331e-13,2.05066735e-13,3.547624581e-13,1.982670279e-13,1.2919652e-12,1.033731014e-13,7.791640018e-13,9.497979697e-14
50.3828125,4.18516327e-13,5.161322995e-13,1.374326068e-12,3.188800559e-13,3.597049908e-13,3.380821604e-13,1.266331723e-13,2.898441049e-13,2.186882244e-13,1.316085913e-13,7.992787992e-13,4.449833351e-13,2.278246147e-13,9.025308604e-13,7.135032727e-13,6.95064701e-13,5.058875308e-13,4.116742819e-13,2.534701542e-13,2.699285161e-13,2.973671993e-13,1.341997685e-13,5.151430574e-14,1.768858367e-13,1.083263305e-13,2.032443992e-13,3.529138755e-13,1.978430661e-13,1.271582246e-12,1.024792113e-13,7.666457975e-13,9.491021023e-14
50.390625,4.223715158e-13,5.135301623e-13,1.353516975e-12,3.199972067e-13,3.552109215e-13,3.341094469e-13,1.238386377e-13,2.89194838e-13,2.16738192e-13,1.31021795e-13,7.859876225e-13,4.379695922e-13,2.23979591e-13,8.870035646e-13,7.094423661e-13,6.946362735e-13,5.007337462e-13,4.047836342e-13,2.5771542e-13,2.754864129e-13,2.940932036e-13,1.329355442e-13,5.176314509e-14,1.757003378e-13,1.071113929e-13,2.013951985e-13,3.510398265e-13,1.975122865e-13,1.250990307e-12,1.015884364e-13,7.541444501e-13,9.481064614e-14
50.3984375,4.259590143e-13,5.112948134e-13,1.332645792e-12,3.209326818e-13,3.504310533e-13,3.299937695e-13,1.209764327e-13,2.885444658e-13,2.146751517e-13,1.305455796e-13,7.732108028e-13,4.309240162e-13,2.201904869e-13,8.710132598e-13,7.053726155e-13,6.941554774e-13,4.954808698e-13,3.979200246e-13,2.620978757e-13,2.809497938e-13,2.909394751e-13,1.316102021e-13,5.200728642e-14,1.74426163e-13,1.059089497e-13,1.995039128e-13,3.491456682e-13,1.973944825e-13,1.230184141e-12,1.007151611e-13,7.414329905e-13,9.474247106e-14
50.40625,4.296426014e-13,5.09649834e-13,1.31180289e-12,3.222034743e-13,3.455891545e-13,3.258221154e-13,1.181002756e-13,2.879984946e-13,2.125679662e-13,1.30071322e-13,7.607591179e-13,4.239505789e-13,2.164740681e-13,8.550151647e-13,7.017964669e-13,6.940891278e-13,4.903460982e-13,3.911366444e-13,2.667134129e-13,2.866106554e-13,2.878576016e-13,1.302601482e-13,5.220176024e-14,1.731574337e-13,1.047323723e-13,1.976546181e-13,3.472979682e-13,1.974796361e-13,1.209271138e-12,9.98593084e-14,7.288516673e-13,9.470041885e-14
50.4140625,4.337290155e-13,5.080255851e-13,1.291432825e-12,3.237724065e-13,3.410115589e-13,3.219019581e-13,1.152897674e-13,2.874139231e-13,2.104401743e-13,1.295469664e-13,7.484588034e-13,4.171017664e-13,2.129550054e-13,8.394372257e-13,6.988791102e-13,6.945343303e-13,4.8569869e-13,3.846425468e-13,2.716264576e-13,2.925517916e-13,2.847544111e-13,1.289729745e-13,5.235287737e-14,1.718504624e-13,1.036238491e-13,1.958452466e-13,3.456192567e-13,1.976271024e-13,1.188600548e-12,9.899557096e-14,7.168132441e-13,9.462874257e-14
50.421875,4.378870326e-13,5.061762494e-13,1.270874446e-12,3.252795926e-13,3.363715092e-13,3.180590024e-13,1.125285627e-13,2.867157863e-13,2.081733714e-13,1.290226138e-13,7.362092748e-13,4.101353515e-13,2.094428446e-13,8.237030756e-13,6.961192488e-13,6.950926299e-13,4.81360958e-13,3.782928719e-13,2.766689388e-13,2.984179543e-13,2.81512155e-13,1.276529476e-13,5.25042934e-14,1.704416359e-13,1.025664891e-13,1.939656905e-13,3.439917047e-13,1.976829125e-13,1.167936827e-12,9.808908585e-14,7.046102879e-13,9.452950048e-14
50.4296875,4.41995384e-13,5.041133053e-13,1.249767479e-12,3.26842197e-13,3.314651709e-13,3.141900484e-13,1.097762206e-13,2.859793416e-13,2.05731045e-13,1.285201756e-13,7.239420522e-13,4.029315297e-13,2.0572011e-13,8.074813352e-13,6.933712321e-13,6.956201277e-13,4.771073027e-13,3.718778538e-13,2.817940673e-13,3.042202206e-13,2.780665919e-13,1.262386936e-13,5.266829102e-14,1.68999943e-13,1.01501352e-13,1.920454009e-13,3.422370516e-13,1.977041895e-13,1.146827405e-12,9.715603959e-14,6.917823176e-13,9.444731839e-14
50.4375,4.461712734e-13,5.017691186e-13,1.228901616e-12,3.284546428e-13,3.265431169e-13,3.104651092e-13,1.070234011e-13,2.85241556e-13,2.032515295e-13,1.280227425e-13,7.117579756e-13,3.957408557e-13,2.020378521e-13,7.911889006e-13,6.909752837e-13,6.964036395e-13,4.73049057e-13,3.65514673e-13,2.870994143e-13,3.102346418e-13,2.74564749e-13,1.248261206e-13,5.28328744e-14,1.675832845e-13,1.004596075e-13,1.90210594e-13,3.405299615e-13,1.978121882e-13,1.125566941e-12,9.623897678e-14,6.790231493e-13,9.438293378e-14
50.4453125,4.502108397e-13,4.994811656e-13,1.20836492e-12,3.29951339e-13,3.216277745e-13,3.06780763e-13,1.042886559e-13,2.845558163e-13,2.008299235e-13,1.275721485e-13,6.996871614e-13,3.886728128e-13,1.98578785e-13,7.749247884e-13,6.889763605e-13,6.976646469e-13,4.691337288e-13,3.592449415e-13,2.924701535e-13,3.164330177e-13,2.711946114e-13,1.234205293e-13,5.299390664e-14,1.661703438e-13,9.948154537e-14,1.884607593e-13,3.389982386e-13,1.979913695e-13,1.104460075e-12,9.534716277e-14,6.665973143e-13,9.43332195e-14
50.453125,4.540658221e-13,4.975449598e-13,1.187652187e-12,3.317481874e-13,3.165516878e-13,3.03018847e-13,1.016035141e-13,2.839328468e-13,1.983880481e-13,1.272156642e-13,6.876363768e-13,3.815834203e-13,1.951326415e-13,7.584866176e-13,6.872244724e-13,6.992767057e-13,4.651957727e-13,3.529288903e-13,2.978521307e-13,3.227859127e-13,2.678651255e-13,1.219625107e-13,5.31649777e-14,1.647196851e-13,9.852182727e-14,1.86743184e-13,3.374431882e-13,1.982728244e-13,1.083306418e-12,9.447573428e-14,6.540911895e-13,9.430784731e-14
50.4609375,4.581280657e-13,4.956490332e-13,1.167040657e-12,3.340225995e-13,3.113880683e-13,2.993604069e-13,9.896379086e-14,2.832519339e-13,1.958470532e-13,1.269019797e-13,6.757534706e-13,3.744786797e-13,1.916233906e-13,7.419845603e-13,6.857506805e-13,7.010312989e-13,4.613935369e-13,3.466533971e-13,3.034377427e-13,3.294388996e-13,2.643905618e-13,1.205122223e-13,5.334703857e-14,1.631966901e-13,9.758173359e-14,1.850463885e-13,3.358630683e-13,1.987086687e-13,1.062281537e-12,9.361372812e-14,6.415689655e-13,9.427492777e-14
50.46875,4.625589862e-13,4.935470737e-13,1.146779547e-12,3.361451461e-13,3.06218192e-13,2.95866839e-13,9.634074318e-14,2.824887366e-13,1.93257616e-13,1.265967779e-13,6.641971253e-13,3.674599325e-13,1.881543464e-13,7.255410024e-13,6.845427192e-13,7.029618573e-13,4.579153205e-13,3.405987253e-13,3.09205068e-13,3.362645679e-13,2.608537212e-13,1.191070363e-13,5.349710358e-14,1.61665851e-13,9.670556004e-14,1.833540505e-13,3.343970512e-13,1.991850654e-13,1.041651003e-12,9.275123076e-14,6.292011132e-13,9.421028113e-14
50.4765625,4.670898344e-13,4.913319329e-13,1.126519807e-12,3.380011518e-13,3.009163019e-13,2.924119957e-13,9.375245266e-14,2.817130241e-13,1.906096741e-13,1.263695846e-13,6.527845992e-13,3.604341957e-13,1.846800688e-13,7.090370927e-13,6.835144328e-13,7.051768513e-13,4.546756588e-13,3.347154895e-13,3.149317829e-13,3.430144195e-13,2.574125134e-13,1.176540039e-13,5.360329411e-14,1.601585455e-13,9.586410678e-14,1.816787914e-13,3.328597351e-13,1.996227805e-13,1.020935754e-12,9.191676276e-14,6.167405475e-13,9.41315795e-14
50.484375,4.715083282e-13,4.891680576e-13,1.106223491e-12,3.401600253e-13,2.954421728e-13,2.889857744e-13,9.12382864e-14,2.809204211e-13,1.878082144e-13,1.262358968e-13,6.414619238e-13,3.532704416e-13,1.811703751e-13,6.924507928e-13,6.827850471e-13,7.077481552e-13,4.516017145e-13,3.288997142e-13,3.206369121e-13,3.498407692e-13,2.540160491e-13,1.161180363e-13,5.3725069e-14,1.58542314e-13,9.503852184e-14,1.800317234e-13,3.311504089e-13,2.001282396e-13,9.998039567e-13,9.112218786e-14,6.041475374e-13,9.405174463e-14
50.4921875,4.758630948e-13,4.872631168e-13,1.086128848e-12,3.426005552e-13,2.899646705e-13,2.856404171e-13,8.87913335e-14,2.801516691e-13,1.849500654e-13,1.261535083e-13,6.304179968e-13,3.460852551e-13,1.777167252e-13,6.759525171e-13,6.825498151e-13,7.108674504e-13,4.487525279e-13,3.231485843e-13,3.264967407e-13,3.568972038e-13,2.505865315e-13,1.145839004e-13,5.387274497e-14,1.568591313e-13,9.425892026e-14,1.783733179e-13,3.295295326e-13,2.008120916e-13,9.786347554e-13,9.031437176e-14,5.916697537e-13,9.399572825e-14
50.5,4.802894176e-13,4.854589893e-13,1.066168175e-12,3.449191112e-13,2.845755011e-13,2.823615409e-13,8.639038292e-14,2.794080386e-13,1.821687071e-13,1.261536285e-13,6.19517151e-13,3.39063431e-13,1.74332382e-13,6.595914915e-13,6.827465297e-13,7.144730716e-13,4.461407233e-13,3.174965033e-13,3.325596118e-13,3.638933828e-13,2.471298668e-13,1.130840493e-13,5.399014651e-14,1.552883711e-13,9.352564983e-14,1.767399443e-13,3.280596233e-13,2.016139068e-13,9.576106054e-13,8.945963195e-14,5.793230405e-13,9.398201641e-14
50.5078125,4.848372881e-13,4.834220218e-13,1.046293769e-12,3.471680825e-13,2.791638594e-13,2.791195542e-13,8.402900499e-14,2.785095742e-13,1.793276748e-13,1.26222984e-13,6.086067728e-13,3.321541086e-13,1.709673062e-13,6.432298984e-13,6.83131607e-13,7.18005374e-13,4.437211727e-13,3.120114872e-13,3.387456596e-13,3.707625581e-13,2.436240051e-13,1.11564368e-13,5.407464304e-14,1.536887247e-13,9.283650353e-14,1.752129843e-13,3.265394888e-13,2.023741201e-13,9.366731468e-13,8.858377247e-14,5.66967072e-13,9.395380897e-14
50.515625,4.894533596e-13,4.814407233e-13,1.026838654e-12,3.495234155e-13,2.736549172e-13,2.759438991e-13,8.168794558e-14,2.774564262e-13,1.763527485e-13,1.263005183e-13,5.980383399e-13,3.252815437e-13,1.676167871e-13,6.268860725e-13,6.835956245e-13,7.211699531e-13,4.414379774e-13,3.067158088e-13,3.44980433e-13,3.778406437e-13,2.40120912e-13,1.100253347e-13,5.414547313e-14,1.518971045e-13,9.218100909e-14,1.737385925e-13,3.249499699e-13,2.031713927e-13,9.160373377e-13,8.773413125e-14,5.546741259e-13,9.385469163e-14
50.5234375,4.940410449e-13,4.797093617e-13,1.00815709e-12,3.519095734e-13,2.681394701e-13,2.729100814e-13,7.937348407e-14,2.764854468e-13,1.734280845e-13,1.264553841e-13,5.880304706e-13,3.185601538e-13,1.642935566e-13,6.107906264e-13,6.842280342e-13,7.243148007e-13,4.392713488e-13,3.015630318e-13,3.512763567e-13,3.850084927e-13,2.367548413e-13,1.08526699e-13,5.417389848e-14,1.50076416e-13,9.15310344e-14,1.722492857e-13,3.233914909e-13,2.042238324e-13,8.958126511e-13,8.696260439e-14,5.426937362e-13,9.372454224e-14
50.53125,4.985401157e-13,4.778303021e-13,9.902025284e-13,3.54211974e-13,2.627073916e-13,2.700033979e-13,7.713876112e-14,2.755888957e-13,1.705760403e-13,1.267130311e-13,5.784068254e-13,3.120120667e-13,1.610118648e-13,5.950278078e-13,6.851118718e-13,7.277169142e-13,4.373247539e-13,2.966034619e-13,3.576082042e-13,3.919706507e-13,2.335115275e-13,1.07063981e-13,5.415985435e-14,1.482920886e-13,9.092570981e-14,1.708207611e-13,3.2187332e-13,2.053877494e-13,8.759273738e-13,8.627791782e-14,5.310619609e-13,9.36257509e-14
50.5390625,5.03008548e-13,4.759607789e-13,9.727634591e-13,3.565155069e-13,2.573565711e-13,2.671690851e-13,7.498495733e-14,2.745825352e-13,1.676578539e-13,1.269699375e-13,5.692234543e-13,3.055531126e-13,1.578003106e-13,5.795206846e-13,6.861470166e-13,7.311552926e-13,4.356311151e-13,2.918897563e-13,3.638588277e-13,3.990330014e-13,2.303072071e-13,1.055950218e-13,5.41409828e-14,1.46469564e-13,9.038172011e-14,1.695067849e-13,3.203406307e-13,2.065166181e-13,8.564279811e-13,8.564484531e-14,5.195667109e-13,9.353948129e-14
50.546875,5.075228302e-13,4.744257329e-13,9.558281765e-13,3.590429132e-13,2.520899133e-13,2.645072081e-13,7.284375534e-14,2.735070835e-13,1.647268087e-13,1.272598901e-13,5.605294068e-13,2.992716598e-13,1.547102787e-13,5.642793581e-13,6.872006468e-13,7.343384865e-13,4.34007773e-13,2.873322975e-13,3.700723558e-13,4.063311391e-13,2.271451416e-13,1.041471318e-13,5.411447283e-14,1.446864091e-13,8.982321805e-14,1.682382858e-13,3.187331625e-13,2.078475892e-13,8.372331404e-13,8.505281904e-14,5.082331536e-13,9.339183098e-14
50.5546875,5.120814507e-13,4.727629197e-13,9.393211134e-13,3.617029651e-13,2.469267112e-13,2.620700988e-13,7.069197463e-14,2.724686294e-13,1.618582237e-13,1.276302459e-13,5.520081383e-13,2.932147959e-13,1.517617418e-13,5.493189686e-13,6.884076406e-13,7.374214119e-13,4.324441311e-13,2.829371616e-13,3.764330409e-13,4.134626514e-13,2.23978289e-13,1.027607405e-13,5.406662267e-14,1.429284422e-13,8.926858177e-14,1.669682392e-13,3.171460599e-13,2.093258875e-13,8.182741194e-13,8.447821109e-14,4.972565797e-13,9.317199799e-14
50.5625,5.167645545e-13,4.710506897e-13,9.230793831e-13,3.642012303e-13,2.418494445e-13,2.596755359e-13,6.856641316e-14,2.714165736e-13,1.589890568e-13,1.279965935e-13,5.436651311e-13,2.87287476e-13,1.488786482e-13,5.345997068e-13,6.89956025e-13,7.407898375e-13,4.311765415e-13,2.788064813e-13,3.829476722e-13,4.204912607e-13,2.20795601e-13,1.014136188e-13,5.400842761e-14,1.410805342e-13,8.878558158e-14,1.657310249e-13,3.157677549e-13,2.107067284e-13,7.998183149e-13,8.387373288e-14,4.86517865e-13,9.29553168e-14
50.5703125,5.216039356e-13,4.700260991e-13,9.073160293e-13,3.667453308e-13,2.368623545e-13,2.572479186e-13,6.64870118e-14,2.703307913e-13,1.561452422e-13,1.284322417e-13,5.35841463e-13,2.815975909e-13,1.460472252e-13,5.202001351e-13,6.917139343e-13,7.444138877e-13,4.302116978e-13,2.7488435e-13,3.89531727e-13,4.277858123e-13,2.177787512e-13,1.00089832e-13,5.3939028e-14,1.39225885e-13,8.830970726e-14,1.645580245e-13,3.145385962e-13,2.123029462e-13,7.819776483e-13,8.32756405e-14,4.758919243e-13,9.2769375e-14
50.578125,5.263050387e-13,4.693356898e-13,8.9226801e-13,3.696129363e-13,2.319920963e-13,2.549259431e-13,6.445778253e-14,2.692859039e-13,1.533899162e-13,1.290087896e-13,5.284541095e-13,2.762487861e-13,1.433832861e-13,5.062119611e-13,6.935613008e-13,7.480309241e-13,4.294058886e-13,2.711509718e-13,3.961655314e-13,4.352027942e-13,2.149702703e-13,9.879670093e-14,5.385879273e-14,1.374252019e-13,8.782289482e-14,1.634444164e-13,3.132928779e-13,2.14274299e-13,7.645673263e-13,8.274594152e-14,4.655222214e-13,9.25610855e-14
50.5859375,5.306937984e-13,4.682915004e-13,8.777001562e-13,3.724943529e-13,2.27181782e-13,2.527538679e-13,6.249433575e-14,2.682776554e-13,1.506494643e-13,1.295371026e-13,5.212505147e-13,2.710147794e-13,1.408452612e-13,4.92518697e-13,6.956295739e-13,7.517172145e-13,4.287565937e-13,2.676885014e-13,4.027223391e-13,4.42557745e-13,2.121484128e-13,9.750900745e-14,5.378330336e-14,1.355888483e-13,8.740900757e-14,1.6238542e-13,3.12066099e-13,2.161736901e-13,7.475611615e-13,8.225369723e-14,4.553511257e-13,9.232403771e-14
50.59375,5.350506016e-13,4.671783085e-13,8.63451177e-13,3.75266764e-13,2.223951547e-13,2.507016395e-13,6.060064787e-14,2.672344933e-13,1.478895343e-13,1.300108368e-13,5.142646323e-13,2.657889991e-13,1.382618958e-13,4.790144738e-13,6.978333634e-13,7.554947984e-13,4.281687481e-13,2.643679591e-13,4.090892645e-13,4.499448519e-13,2.09238259e-13,9.623065797e-14,5.370223579e-14,1.337344955e-13,8.702075415e-14,1.613733624e-13,3.108675613e-13,2.179492065e-13,7.309273131e-13,8.1770732e-14,4.452522316e-13,9.209118804e-14
50.6015625,5.394790538e-13,4.661133523e-13,8.496849748e-13,3.781559323e-13,2.177594845e-13,2.487724302e-13,5.876048214e-14,2.661625108e-13,1.451968361e-13,1.306297921e-13,5.07495645e-13,2.607657297e-13,1.356811226e-13,4.658470125e-13,6.998425186e-13,7.58999355e-13,4.275371378e-13,2.610772034e-13,4.153855755e-13,4.573073881e-13,2.06355565e-13,9.50177685e-14,5.359642952e-14,1.319149102e-13,8.658493533e-14,1.603582414e-13,3.096017625e-13,2.198937046e-13,7.145218812e-13,8.132083633e-14,4.354393627e-13,9.183499245e-14
50.609375,5.436769439e-13,4.647920491e-13,8.364542809e-13,3.808883198e-13,2.133048861e-13,2.468696246e-13,5.697179928e-14,2.651225787e-13,1.426062459e-13,1.313194298e-13,5.009229908e-13,2.55986098e-13,1.332157586e-13,4.531210284e-13,7.015980758e-13,7.621335137e-13,4.270115704e-13,2.579836605e-13,4.216425991e-13,4.645666001e-13,2.035287319e-13,9.385215925e-14,5.347464047e-14,1.30121125e-13,8.617113447e-14,1.592979301e-13,3.083265926e-13,2.218830618e-13,6.985286731e-13,8.089197295e-14,4.259640423e-13,9.153042211e-14
50.6171875,5.475734454e-13,4.634763573e-13,8.237771539e-13,3.832325415e-13,2.088239218e-13,2.449253652e-13,5.526135521e-14,2.641094575e-13,1.400644848e-13,1.319851004e-13,4.947519209e-13,2.513436799e-13,1.307900977e-13,4.406997763e-13,7.033511603e-13,7.65233349e-13,4.266642395e-13,2.551459082e-13,4.277050119e-13,4.717731657e-13,2.007481808e-13,9.266067077e-14,5.333537954e-14,1.284004361e-13,8.580594688e-14,1.582314771e-13,3.071362258e-13,2.238283906e-13,6.832629995e-13,8.047801952e-14,4.165849867e-13,9.121494724e-14
50.625,5.514199915e-13,4.623535063e-13,8.117050726e-13,3.856235468e-13,2.043123264e-13,2.430951335e-13,5.36485698e-14,2.630583736e-13,1.375088022e-13,1.32747075e-13,4.890460864e-13,2.468270614e-13,1.283781671e-13,4.285764012e-13,7.053225591e-13,7.68387471e-13,4.26387363e-13,2.524631143e-13,4.33627563e-13,4.788742558e-13,1.980157497e-13,9.146185551e-14,5.316240798e-14,1.267070138e-13,8.543800095e-14,1.571937764e-13,3.059522641e-13,2.259034431e-13,6.685779562e-13,8.011490008e-14,4.073484441e-13,9.089155158e-14
50.6328125,5.552696238e-13,4.610751686e-13,8.00049153e-13,3.882815782e-13,2.000526564e-13,2.415203607e-13,5.211388588e-14,2.619663936e-13,1.349395807e-13,1.335738448e-13,4.835755465e-13,2.424175263e-13,1.260625164e-13,4.169097372e-13,7.074384298e-13,7.713275358e-13,4.261390608e-13,2.499344067e-13,4.39545562e-13,4.858781752e-13,1.952875023e-13,9.031542985e-14,5.297957458e-14,1.248880163e-13,8.508155122e-14,1.56151143e-13,3.046089614e-13,2.280456205e-13,6.540708522e-13,7.978423918e-14,3.983544415e-13,9.052594251e-14
50.640625,5.58933971e-13,4.597317002e-13,7.886678674e-13,3.909960459e-13,1.960450215e-13,2.401008377e-13,5.062149919e-14,2.609274058e-13,1.324507753e-13,1.343947202e-13,4.782698765e-13,2.381290433e-13,1.238216963e-13,4.055839551e-13,7.094361942e-13,7.739977569e-13,4.258335196e-13,2.474852162e-13,4.453253052e-13,4.929376451e-13,1.926229605e-13,8.920866588e-14,5.282205769e-14,1.230086718e-13,8.474293269e-14,1.55131463e-13,3.030188838e-13,2.301666906e-13,6.397289019e-13,7.944682887e-14,3.894367673e-13,9.016122004e-14
50.6484375,5.624053019e-13,4.587079315e-13,7.77665669e-13,3.936958444e-13,1.920225206e-13,2.386575181e-13,4.916027257e-14,2.599890081e-13,1.300739513e-13,1.353351906e-13,4.7324037e-13,2.340575212e-13,1.216210978e-13,3.943872177e-13,7.112999721e-13,7.766719938e-13,4.254584048e-13,2.450468763e-13,4.508506628e-13,4.999928797e-13,1.901264232e-13,8.811091302e-14,5.266277351e-14,1.212302895e-13,8.43882398e-14,1.542178121e-13,3.013523459e-13,2.323810671e-13,6.258759623e-13,7.913002464e-14,3.806307567e-13,8.984897749e-14
50.65625,5.65958666e-13,4.577575111e-13,7.670107589e-13,3.962725273e-13,1.880250423e-13,2.371893709e-13,4.774804979e-14,2.590534977e-13,1.277094629e-13,1.363974455e-13,4.683762384e-13,2.301691729e-13,1.194870431e-13,3.834405483e-13,7.131401409e-13,7.794125202e-13,4.252414415e-13,2.427855887e-13,4.56209167e-13,5.067870197e-13,1.876933315e-13,8.703298118e-14,5.245054752e-14,1.194900323e-13,8.403971014e-14,1.533574755e-13,2.998526485e-13,2.346716816e-13,6.124931441e-13,7.884217763e-14,3.721030744e-13,8.952392036e-14
50.6640625,5.696818597e-13,4.565205742e-13,7.566709483e-13,3.98642024e-13,1.842641353e-13,2.358541485e-13,4.640075195e-14,2.580329186e-13,1.25355857e-13,1.374574257e-13,4.635353671e-13,2.263970418e-13,1.17392395e-13,3.729151178e-13,7.148410374e-13,7.819497114e-13,4.252020683e-13,2.407302952e-13,4.614185071e-13,5.132403153e-13,1.852194752e-13,8.599799674e-14,5.220229019e-14,1.177126789e-13,8.372065123e-14,1.524510429e-13,2.984125755e-13,2.369602136e-13,5.992640043e-13,7.854815384e-14,3.637447692e-13,8.913503842e-14
50.671875,5.732756349e-13,4.552652452e-13,7.468584569e-13,4.010576813e-13,1.80668519e-13,2.346959829e-13,4.511597583e-14,2.569814737e-13,1.231153817e-13,1.385309081e-13,4.589453474e-13,2.228115461e-13,1.153316131e-13,3.627755831e-13,7.164218181e-13,7.842539719e-13,4.251431351e-13,2.387197296e-13,4.664090531e-13,5.195406598e-13,1.828329819e-13,8.500603769e-14,5.197500149e-14,1.159958644e-13,8.340385148e-14,1.515620828e-13,2.968181763e-13,2.392931408e-13,5.862867425e-13,7.827330137e-14,3.554893305e-13,8.875469133e-14
50.6796875,5.766086194e-13,4.542272594e-13,7.375329999e-13,4.035889308e-13,1.770967719e-13,2.336063428e-13,4.38895448e-14,2.559488057e-13,1.209371707e-13,1.396396857e-13,4.547986673e-13,2.19374054e-13,1.13348869e-13,3.529780029e-13,7.180500543e-13,7.865321102e-13,4.25092384e-13,2.368143706e-13,4.711257768e-13,5.259014876e-13,1.805992177e-13,8.401632122e-14,5.175313002e-14,1.143651532e-13,8.307298828e-14,1.507563315e-13,2.951077491e-13,2.416597393e-13,5.737958341e-13,7.805094846e-14,3.473947949e-13,8.841635598e-14
50.6875,5.798207942e-13,4.531193911e-13,7.283943014e-13,4.059209041e-13,1.735851122e-13,2.325351428e-13,4.271336325e-14,2.548963478e-13,1.187265285e-13,1.407685418e-13,4.508717883e-13,2.159497923e-13,1.114046786e-13,3.434419118e-13,7.194947029e-13,7.886376142e-13,4.250039372e-13,2.35055658e-13,4.754848207e-13,5.323425176e-13,1.784091235e-13,8.299679397e-14,5.145990701e-14,1.127194008e-13,8.271731427e-14,1.499366577e-13,2.93268662e-13,2.440145316e-13,5.615504713e-13,7.783600875e-14,3.393454261e-13,8.806162876e-14
50.6953125,5.826884132e-13,4.519051138e-13,7.195611908e-13,4.079292972e-13,1.701244934e-13,2.314448192e-13,4.157124744e-14,2.538347256e-13,1.165643596e-13,1.419712336e-13,4.47058621e-13,2.126258423e-13,1.094595491e-13,3.340288185e-13,7.204949554e-13,7.902697057e-13,4.245845211e-13,2.332523687e-13,4.794776454e-13,5.38763785e-13,1.762473167e-13,8.197606234e-14,5.108782778e-14,1.110453727e-13,8.232749211e-14,1.490527504e-13,2.912384707e-13,2.46387898e-13,5.494789579e-13,7.760324662e-14,3.313487806e-13,8.768543205e-14
50.703125,5.849514108e-13,4.509349741e-13,7.113333261e-13,4.097980791e-13,1.666643567e-13,2.302762219e-13,4.047491801e-14,2.528171027e-13,1.145195959e-13,1.432225419e-13,4.435533254e-13,2.095395541e-13,1.075621603e-13,3.248213192e-13,7.212635516e-13,7.915421061e-13,4.238678655e-13,2.314356142e-13,4.831857465e-13,5.450583287e-13,1.741573378e-13,8.098162807e-14,5.07086563e-14,1.094231259e-13,8.193133824e-14,1.48202825e-13,2.892000217e-13,2.487417633e-13,5.380309237e-13,7.738650556e-14,3.236335755e-13,8.732079537e-14
50.7109375,5.871284691e-13,4.500141635e-13,7.034809157e-13,4.116937799e-13,1.633500045e-13,2.291382518e-13,3.94472105e-14,2.518259656e-13,1.125398351e-13,1.444067365e-13,4.40251737e-13,2.066155429e-13,1.057201048e-13,3.160748269e-13,7.219861337e-13,7.927310166e-13,4.23206384e-13,2.298252742e-13,4.866264116e-13,5.510800323e-13,1.720947059e-13,8.000910866e-14,5.035547358e-14,1.079027532e-13,8.154399978e-14,1.474236107e-13,2.87230413e-13,2.509440873e-13,5.272529408e-13,7.718102993e-14,3.161781982e-13,8.696058534e-14
50.71875,5.897029512e-13,4.486786775e-13,6.95580215e-13,4.135575341e-13,1.603184125e-13,2.28121457e-13,3.847400687e-14,2.50832063e-13,1.106141321e-13,1.454962081e-13,4.368408615e-13,2.037558737e-13,1.038896838e-13,3.078448239e-13,7.225131241e-13,7.937722294e-13,4.226637681e-13,2.283765021e-13,4.89779939e-13,5.567459823e-13,1.700699139e-13,7.905818175e-14,5.000099596e-14,1.064617169e-13,8.113962656e-14,1.466234631e-13,2.851305487e-13,2.529431964e-13,5.166157277e-13,7.695573285e-14,3.087790037e-13,8.660214768e-14
50.7265625,5.921729797e-13,4.471263676e-13,6.87655201e-13,4.152210072e-13,1.574307026e-13,2.27082465e-13,3.755074009e-14,2.498534161e-13,1.087396708e-13,1.465528105e-13,4.333394147e-13,2.009634814e-13,1.020727235e-13,2.999218942e-13,7.226585593e-13,7.943794489e-13,4.220023239e-13,2.269459295e-13,4.926011304e-13,5.621012252e-13,1.681596894e-13,7.809690664e-14,4.963025864e-14,1.050278724e-13,8.071020061e-14,1.457457296e-13,2.828685879e-13,2.54831481e-13,5.058930058e-13,7.671953605e-14,3.013784447e-13,8.623681546e-14
50.734375,5.940882547e-13,4.456233415e-13,6.800009055e-13,4.167329756e-13,1.545397317e-13,2.259764426e-13,3.668329377e-14,2.489136951e-13,1.068892021e-13,1.476647131e-13,4.298793713e-13,1.98262375e-13,1.002902581e-13,2.921538438e-13,7.224043188e-13,7.945022409e-13,4.211194291e-13,2.255653818e-13,4.950056992e-13,5.672035844e-13,1.66342751e-13,7.709254628e-14,4.925885143e-14,1.036079908e-13,8.026375293e-14,1.448485663e-13,2.805819009e-13,2.567020119e-13,4.953866895e-13,7.649502289e-14,2.940089619e-13,8.583534651e-14
50.7421875,5.958059376e-13,4.439604067e-13,6.727952184e-13,4.181913485e-13,1.517370885e-13,2.249488731e-13,3.582427975e-14,2.480305893e-13,1.051498859e-13,1.488725775e-13,4.264716489e-13,1.957037288e-13,9.855381331e-14,2.846885103e-13,7.219714404e-13,7.943938093e-13,4.201372111e-13,2.242922061e-13,4.970496816e-13,5.721611552e-13,1.645742573e-13,7.610898228e-14,4.889668501e-14,1.023025318e-13,7.979584946e-14,1.439988664e-13,2.782659683e-13,2.585433617e-13,4.85398979e-13,7.629669294e-14,2.868267374e-13,8.541360292e-14
50.75,5.974916042e-13,4.421704612e-13,6.660055727e-13,4.194973634e-13,1.491108608e-13,2.240153549e-13,3.498131302e-14,2.471748895e-13,1.035656395e-13,1.501181647e-13,4.232407716e-13,1.932792948e-13,9.687992907e-14,2.77688451e-13,7.215451368e-13,7.941821535e-13,4.191228225e-13,2.231412467e-13,4.988713681e-13,5.77030896e-13,1.628854114e-13,7.519874272e-14,4.851945136e-14,1.010833837e-13,7.932265396e-14,1.431552652e-13,2.758120563e-13,2.603864682e-13,4.758116673e-13,7.612811634e-14,2.799889034e-13,8.498864118e-14
50.7578125,5.988541333e-13,4.404269757e-13,6.593843973e-13,4.206790098e-13,1.465746151e-13,2.23083662e-13,3.426182189e-14,2.462664823e-13,1.019817439e-13,1.513547871e-13,4.202425084e-13,1.908465388e-13,9.525114661e-14,2.709782563e-13,7.208656015e-13,7.936734333e-13,4.179514134e-13,2.221118032e-13,5.004053156e-13,5.815766359e-13,1.61284222e-13,7.428998003e-14,4.810321813e-14,9.982293344e-14,7.885944321e-14,1.422426798e-13,2.731391636e-13,2.622829801e-13,4.662479776e-13,7.596987205e-14,2.73279867e-13,8.453511955e-14
50.765625,5.998999834e-13,4.385007826e-13,6.527270092e-13,4.217929049e-13,1.440406463e-13,2.220754378e-13,3.364869927e-14,2.453124415e-13,1.003642819e-13,1.525800656e-13,4.17230764e-13,1.883608755e-13,9.360386443e-14,2.643691999e-13,7.195536103e-13,7.926537829e-13,4.164829171e-13,2.211154893e-13,5.014393117e-13,5.856624778e-13,1.597517608e-13,7.33304092e-14,4.768600033e-14,9.85523386e-14,7.836303472e-14,1.412904909e-13,2.702970592e-13,2.64038708e-13,4.567093134e-13,7.581514025e-14,2.664598678e-13,8.407158332e-14
50.7734375,6.007406234e-13,4.36443117e-13,6.461851681e-13,4.226492802e-13,1.415162954e-13,2.20932606e-13,3.300627642e-14,2.444234961e-13,9.888795859e-14,1.537885004e-13,4.140927784e-13,1.859978676e-13,9.191961063e-14,2.580246797e-13,7.177438679e-13,7.912042674e-13,4.147727086e-13,2.200975536e-13,5.018845527e-13,5.896151421e-13,1.583235936e-13,7.236541565e-14,4.730251598e-14,9.736732524e-14,7.779866918e-14,1.403715034e-13,2.674367401e-13,2.654924576e-13,4.47651078e-13,7.568161897e-14,2.597811816e-13,8.363591743e-14
50.78125,6.012687456e-13,4.347134579e-13,6.399900447e-13,4.232782118e-13,1.390291146e-13,2.197465032e-13,3.234350565e-14,2.436487572e-13,9.756762771e-14,1.550479123e-13,4.110070058e-13,1.838607869e-13,9.026140052e-14,2.521050385e-13,7.159263507e-13,7.897078095e-13,4.130715324e-13,2.191707502e-13,5.018870045e-13,5.93580604e-13,1.570254129e-13,7.14185183e-14,4.68980342e-14,9.625599293e-14,7.721127387e-14,1.394778366e-13,2.645729111e-13,2.669070053e-13,4.392487016e-13,7.556884259e-14,2.534935314e-13,8.320567614e-14
50.7890625,6.015894717e-13,4.331670792e-13,6.340691098e-13,4.23885228e-13,1.36622355e-13,2.186362058e-13,3.174936499e-14,2.429293416e-13,9.62836677e-14,1.564226234e-13,4.079719181e-13,1.818147941e-13,8.864464522e-14,2.464649733e-13,7.141664996e-13,7.883098355e-13,4.114788472e-13,2.183760367e-13,5.016794237e-13,5.972131606e-13,1.558074501e-13,7.047925849e-14,4.643782041e-14,9.521817636e-14,7.664260816e-14,1.385434839e-13,2.616229881e-13,2.684591486e-13,4.311401327e-13,7.545991966e-14,2.473975455e-13,8.276116401e-14
50.796875,6.019439979e-13,4.31288482e-13,6.282493458e-13,4.243668109e-13,1.343985356e-13,2.175409362e-13,3.121036561e-14,2.421913658e-13,9.507193402e-14,1.578243721e-13,4.048324922e-13,1.797590056e-13,8.70104998e-14,2.409710598e-13,7.119727163e-13,7.86497977e-13,4.0971074e-13,2.175589144e-13,5.012868342e-13,6.004834657e-13,1.546057175e-13,6.9572741e-14,4.597984246e-14,9.424751914e-14,7.607689168e-14,1.375338424e-13,2.585884577e-13,2.698926078e-13,4.230183638e-13,7.533979684e-14,2.413349757e-13,8.230756165e-14
50.8046875,6.022444454e-13,4.291421433e-13,6.225146459e-13,4.246937959e-13,1.324347801e-13,2.16418399e-13,3.071303981e-14,2.414345094e-13,9.400469891e-14,1.591521664e-13,4.016805885e-13,1.778043813e-13,8.539752389e-14,2.357422274e-13,7.092184232e-13,7.839692948e-13,4.076356682e-13,2.166887248e-13,5.005451509e-13,6.038382696e-13,1.534087327e-13,6.870909006e-14,4.554565813e-14,9.32594238e-14,7.551009386e-14,1.365123263e-13,2.55473075e-13,2.71085834e-13,4.149983774e-13,7.520519489e-14,2.354503447e-13,8.184180871e-14
50.8125,6.0220148e-13,4.2699634e-13,6.16980282e-13,4.249479563e-13,1.306323853e-13,2.153148067e-13,3.027719733e-14,2.407448659e-13,9.30339482e-14,1.603955229e-13,3.986728015e-13,1.760433975e-13,8.39046131e-14,2.309204425e-13,7.064219987e-13,7.813272869e-13,4.056056543e-13,2.159404381e-13,4.993684886e-13,6.072015861e-13,1.522692912e-13,6.784224445e-14,4.510110887e-14,9.228807491e-14,7.495828743e-14,1.355693531e-13,2.523218577e-13,2.721628985e-13,4.073052625e-13,7.508839232e-14,2.298301527e-13,8.139520117e-14
50.8203125,6.016659097e-13,4.247691956e-13,6.117837304e-13,4.248827053e-13,1.288064099e-13,2.141966215e-13,2.986296544e-14,2.40161999e-13,9.211863262e-14,1.615578954e-13,3.957492162e-13,1.743950699e-13,8.24951126e-14,2.264428872e-13,7.037058498e-13,7.789487433e-13,4.037275821e-13,2.153491255e-13,4.977522221e-13,6.098810412e-13,1.512431393e-13,6.694796925e-14,4.465221237e-14,9.146151387e-14,7.440928327e-14,1.346549856e-13,2.492651163e-13,2.73096413e-13,3.999582829e-13,7.50092294e-14,2.244143261e-13,8.098850044e-14
50.828125,6.007450902e-13,4.223778877e-13,6.067676197e-13,4.244587782e-13,1.269544851e-13,2.130197216e-13,2.945336225e-14,2.396023767e-13,9.126552795e-14,1.626691241e-13,3.927790763e-13,1.727528623e-13,8.107594854e-14,2.221671488e-13,7.005927297e-13,7.76282055e-13,4.016002058e-13,2.147742882e-13,4.95700604e-13,6.117586777e-13,1.503040227e-13,6.605332712e-14,4.42019309e-14,9.073844932e-14,7.384357648e-14,1.336656505e-13,2.462408952e-13,2.738756212e-13,3.92853884e-13,7.493208787e-14,2.191391075e-13,8.056258794e-14
50.8359375,5.995904401e-13,4.199422584e-13,6.015301273e-13,4.239816027e-13,1.252130636e-13,2.117598115e-13,2.908941135e-14,2.390106243e-13,9.047100538e-14,1.637537212e-13,3.896882761e-13,1.710796301e-13,7.963638541e-14,2.180791607e-13,6.969812085e-13,7.729607212e-13,3.990841604e-13,2.142199986e-13,4.932729304e-13,6.134630839e-13,1.494000016e-13,6.516357166e-14,4.372949594e-14,9.000511842e-14,7.326316798e-14,1.326559614e-13,2.430489545e-13,2.746225775e-13,3.859138598e-13,7.485657449e-14,2.139152852e-13,8.008994009e-14
50.84375,5.981645579e-13,4.176405367e-13,5.961871219e-13,4.234001189e-13,1.236061502e-13,2.104093351e-13,2.876508718e-14,2.384181297e-13,8.973406691e-14,1.647828164e-13,3.865778484e-13,1.694029385e-13,7.820282059e-14,2.142466484e-13,6.932055927e-13,7.693142516e-13,3.964458216e-13,2.138216829e-13,4.905216246e-13,6.152747013e-13,1.485646885e-13,6.426269566e-14,4.325904984e-14,8.927067431e-14,7.267907402e-14,1.317194691e-13,2.396891786e-13,2.753325506e-13,3.791795706e-13,7.483923838e-14,2.087137093e-13,7.963020601e-14
50.8515625,5.96536581e-13,4.155739049e-13,5.913140816e-13,4.226248119e-13,1.220772474e-13,2.090953304e-13,2.845984885e-14,2.378310576e-13,8.90513585e-14,1.657813875e-13,3.837005312e-13,1.678146272e-13,7.681734728e-14,2.106873016e-13,6.893955333e-13,7.656328077e-13,3.937922908e-13,2.135514757e-13,4.874406595e-13,6.169987079e-13,1.478611471e-13,6.337151492e-14,4.279903275e-14,8.859134289e-14,7.208813921e-14,1.308226589e-13,2.36249089e-13,2.759821905e-13,3.728567707e-13,7.488266117e-14,2.036561656e-13,7.921516489e-14
50.859375,5.948875848e-13,4.135220933e-13,5.868812332e-13,4.218133605e-13,1.20613614e-13,2.078494974e-13,2.818890853e-14,2.372765299e-13,8.843748736e-14,1.66792642e-13,3.809609856e-13,1.663376811e-13,7.549017873e-14,2.073947768e-13,6.854755654e-13,7.619426827e-13,3.910524465e-13,2.132793689e-13,4.839619036e-13,6.186061436e-13,1.472769386e-13,6.249486508e-14,4.229916491e-14,8.801648753e-14,7.147360409e-14,1.299219959e-13,2.327619127e-13,2.765736119e-13,3.670009894e-13,7.493848216e-14,1.988178408e-13,7.882349932e-14
50.8671875,5.930527174e-13,4.111520276e-13,5.82313728e-13,4.207589271e-13,1.192230064e-13,2.064545071e-13,2.794792834e-14,2.368291772e-13,8.793850119e-14,1.677612054e-13,3.779464124e-13,1.648667239e-13,7.415584071e-14,2.043908275e-13,6.813257306e-13,7.582142376e-13,3.882694144e-13,2.130653379e-13,4.799620352e-13,6.200000032e-13,1.467472615e-13,6.158921009e-14,4.175619142e-14,8.757066987e-14,7.085765294e-14,1.290102927e-13,2.29301142e-13,2.769265646e-13,3.612945184e-13,7.498816489e-14,1.941307148e-13,7.843237313e-14
50.875,5.909753762e-13,4.08570144e-13,5.774596244e-13,4.192678283e-13,1.179552205e-13,2.048469051e-13,2.773233756e-14,2.364182359e-13,8.752300438e-14,1.686409042e-13,3.746501529e-13,1.633426689e-13,7.280417732e-14,2.016922472e-13,6.767731517e-13,7.542481803e-13,3.854795399e-13,2.130355411e-13,4.754623742e-13,6.209247835e-13,1.462254031e-13,6.066434362e-14,4.121674681e-14,8.716392344e-14,7.027995917e-14,1.28054185e-13,2.258269888e-13,2.769711637e-13,3.554891852e-13,7.503687046e-14,1.895275217e-13,7.801828528e-14
50.8828125,5.890179471e-13,4.060085781e-13,5.725371949e-13,4.176594966e-13,1.168574923e-13,2.031511713e-13,2.755444026e-14,2.358924291e-13,8.710200332e-14,1.694388733e-13,3.713191295e-13,1.617828924e-13,7.147443281e-14,1.992612493e-13,6.717871363e-13,7.497775736e-13,3.824978313e-13,2.130817624e-13,4.706482338e-13,6.215243185e-13,1.457249781e-13,5.976988567e-14,4.069508767e-14,8.669206037e-14,6.969873148e-14,1.270625564e-13,2.221968903e-13,2.768891753e-13,3.49680772e-13,7.509355822e-14,1.84965639e-13,7.758355385e-14
50.890625,5.870557591e-13,4.03366963e-13,5.676793464e-13,4.159720466e-13,1.158487741e-13,2.013626781e-13,2.739727554e-14,2.353129471e-13,8.668867099e-14,1.701508082e-13,3.679150613e-13,1.602022555e-13,7.013905463e-14,1.970206813e-13,6.66595872e-13,7.449093381e-13,3.791967399e-13,2.130687003e-13,4.655698264e-13,6.219437092e-13,1.453116905e-13,5.887465954e-14,4.01892116e-14,8.620724981e-14,6.906721847e-14,1.260761911e-13,2.18511872e-13,2.766974839e-13,3.440134316e-13,7.516500096e-14,1.80437264e-13,7.715729564e-14
50.8984375,5.846679747e-13,4.006906353e-13,5.630350039e-13,4.139431931e-13,1.148630621e-13,1.995332453e-13,2.725979854e-14,2.348247165e-13,8.633964543e-14,1.708473692e-13,3.644680808e-13,1.58691317e-13,6.883027906e-14,1.949447036e-13,6.614312154e-13,7.400656759e-13,3.758421619e-13,2.131048137e-13,4.602023809e-13,6.218842163e-13,1.450235551e-13,5.793836533e-14,3.968758966e-14,8.581396029e-14,6.844159321e-14,1.250742357e-13,2.149700715e-13,2.763831091e-13,3.38579118e-13,7.523952393e-14,1.760559251e-13,7.672767359e-14
50.90625,5.821679597e-13,3.981160716e-13,5.586346809e-13,4.117763827e-13,1.140168696e-13,1.978326836e-13,2.717143235e-14,2.343837889e-13,8.605054482e-14,1.716170322e-13,3.611379387e-13,1.573357046e-13,6.763289362e-14,1.930827741e-13,6.561935673e-13,7.353036967e-13,3.726585512e-13,2.132575342e-13,4.546474491e-13,6.214109907e-13,1.448311432e-13,5.701850174e-14,3.916830138e-14,8.551093499e-14,6.784781163e-14,1.240308616e-13,2.114989821e-13,2.761297855e-13,3.333932912e-13,7.530273178e-14,1.719186567e-13,7.626610886e-14
50.9140625,5.798671144e-13,3.95215552e-13,5.542165223e-13,4.096243188e-13,1.134013981e-13,1.961978813e-13,2.711837712e-14,2.339102848e-13,8.582488962e-14,1.723607253e-13,3.577671862e-13,1.560143744e-13,6.646836144e-14,1.914564922e-13,6.50570814e-13,7.301890186e-13,3.693964574e-13,2.133764611e-13,4.488868094e-13,6.209545834e-13,1.446808184e-13,5.61493542e-14,3.86586551e-14,8.525132706e-14,6.722660286e-14,1.229415451e-13,2.079336335e-13,2.757998684e-13,3.283082661e-13,7.534218371e-14,1.679339074e-13,7.579912821e-14
50.921875,5.773487311e-13,3.917781763e-13,5.496578274e-13,4.071566591e-13,1.128923605e-13,1.944368767e-13,2.708976532e-14,2.334306837e-13,8.564536922e-14,1.729428518e-13,3.542380031e-13,1.545708523e-13,6.523013749e-14,1.8999072e-13,6.44546702e-13,7.245963423e-13,3.65837325e-13,2.134105028e-13,4.427218409e-13,6.203895373e-13,1.445330655e-13,5.526092674e-14,3.818771579e-14,8.503022357e-14,6.657391486e-14,1.217907507e-13,2.04251257e-13,2.750422357e-13,3.233108201e-13,7.534759134e-14,1.639601244e-13,7.535847454e-14
50.9296875,5.744146391e-13,3.885373363e-13,5.451195379e-13,4.04327665e-13,1.123321734e-13,1.925447299e-13,2.711583461e-14,2.329574996e-13,8.545501117e-14,1.734396282e-13,3.50700634e-13,1.530784541e-13,6.397631872e-14,1.885816824e-13,6.383901947e-13,7.188913791e-13,3.621022509e-13,2.134892191e-13,4.361627835e-13,6.194674213e-13,1.444142792e-13,5.432183375e-14,3.770718953e-14,8.484576363e-14,6.591748966e-14,1.20632708e-13,2.005098004e-13,2.740479043e-13,3.185336657e-13,7.535101351e-14,1.599996953e-13,7.492506836e-14
50.9375,5.713530926e-13,3.85767953e-13,5.40644635e-13,4.014128322e-13,1.117674416e-13,1.906354001e-13,2.717536734e-14,2.325064348e-13,8.531759994e-14,1.73949896e-13,3.470557791e-13,1.516952174e-13,6.276911442e-14,1.872645942e-13,6.321646998e-13,7.131325026e-13,3.582509615e-13,2.136808473e-13,4.294437972e-13,6.18359986e-13,1.4440603e-13,5.34040706e-14,3.71889229e-14,8.467654548e-14,6.524526292e-14,1.195373543e-13,1.967955643e-13,2.731626968e-13,3.138377232e-13,7.539053571e-14,1.561714644e-13,7.447634214e-14
50.9453125,5.68323437e-13,3.827003749e-13,5.361539673e-13,3.983769227e-13,1.113850626e-13,1.888123806e-13,2.722802312e-14,2.321073748e-13,8.532047533e-14,1.743669063e-13,3.431792674e-13,1.504084829e-13,6.160711838e-14,1.862309116e-13,6.257665786e-13,7.070304326e-13,3.543114312e-13,2.139710206e-13,4.226522768e-13,6.169976906e-13,1.444852388e-13,5.254747854e-14,3.667705675e-14,8.453871336e-14,6.458149859e-14,1.18434423e-13,1.9311972e-13,2.722128579e-13,3.090911397e-13,7.543073153e-14,1.525345626e-13,7.401363404e-14
50.953125,5.653605579e-13,3.791428411e-13,5.316763227e-13,3.951382662e-13,1.11212327e-13,1.870543268e-13,2.730435621e-14,2.316806134e-13,8.534698446e-14,1.745891335e-13,3.393513906e-13,1.490910204e-13,6.050695061e-14,1.854846324e-13,6.192225788e-13,7.006268041e-13,3.50448561e-13,2.143232488e-13,4.157146993e-13,6.151864694e-13,1.445190892e-13,5.169838619e-14,3.618245765e-14,8.446965737e-14,6.395995321e-14,1.17257015e-13,1.894176423e-13,2.710087829e-13,3.045124034e-13,7.542511667e-14,1.489941274e-13,7.354630931e-14
50.9609375,5.623095022e-13,3.756893887e-13,5.27237084e-13,3.918506836e-13,1.110426754e-13,1.851611275e-13,2.742258384e-14,2.311830251e-13,8.52995764e-14,1.747421808e-13,3.356573269e-13,1.477217997e-13,5.943745943e-14,1.847330215e-13,6.125579568e-13,6.941382148e-13,3.465944951e-13,2.146531083e-13,4.086282096e-13,6.13189743e-13,1.445161547e-13,5.081639923e-14,3.569385709e-14,8.444379068e-14,6.334841431e-14,1.160814272e-13,1.857848009e-13,2.696977766e-13,3.001777136e-13,7.540410947e-14,1.454812395e-13,7.309865885e-14
50.96875,5.588435264e-13,3.723295781e-13,5.227927883e-13,3.884416218e-13,1.107796743e-13,1.830491204e-13,2.755364295e-14,2.307353517e-13,8.53019715e-14,1.749732414e-13,3.317914547e-13,1.463945299e-13,5.832829362e-14,1.839237071e-13,6.057379282e-13,6.875082362e-13,3.42492595e-13,2.149508717e-13,4.013980772e-13,6.110883352e-13,1.446347306e-13,4.992829529e-14,3.524514173e-14,8.440420599e-14,6.272744026e-14,1.149380072e-13,1.823592176e-13,2.683239943e-13,2.959210278e-13,7.54196923e-14,1.420909002e-13,7.268471454e-14
50.9765625,5.55078553e-13,3.687120123e-13,5.18357277e-13,3.846119534e-13,1.105993318e-13,1.808872659e-13,2.770756307e-14,2.303528558e-13,8.541608339e-14,1.752190357e-13,3.277428827e-13,1.451284873e-13,5.71940559e-14,1.833846213e-13,5.988674778e-13,6.806899754e-13,3.382085196e-13,2.153292194e-13,3.939431874e-13,6.085662688e-13,1.448931215e-13,4.905619029e-14,3.483849303e-14,8.436146163e-14,6.212043978e-14,1.137620961e-13,1.790210544e-13,2.667962495e-13,2.917885191e-13,7.547237197e-14,1.388659428e-13,7.227771544e-14
50.984375,5.513673949e-13,3.649871034e-13,5.139573584e-13,3.804213292e-13,1.106021477e-13,1.787696284e-13,2.790409748e-14,2.299178029e-13,8.554342189e-14,1.753472226e-13,3.237458876e-13,1.438523026e-13,5.609429407e-14,1.831750564e-13,5.920770644e-13,6.738413223e-13,3.339993287e-13,2.157891333e-13,3.862760743e-13,6.057112905e-13,1.451456068e-13,4.818214518e-14,3.442435031e-14,8.438982675e-14,6.15236901e-14,1.125614347e-13,1.756414153e-13,2.651264997e-13,2.878762441e-13,7.552902368e-14,1.356993937e-13,7.186106322e-14
50.9921875,5.476541303e-13,3.612797243e-13,5.095819382e-13,3.762374196e-13,1.106513166e-13,1.766454189e-13,2.812626684e-14,2.294731375e-13,8.567091013e-14,1.753583493e-13,3.197798219e-13,1.425478356e-13,5.503402893e-14,1.830145745e-13,5.852935269e-13,6.670205493e-13,3.298853197e-13,2.162180742e-13,3.78508505e-13,6.028192248e-13,1.453446163e-13,4.729778419e-14,3.399419766e-14,8.454401993e-14,6.09183369e-14,1.113684289e-13,1.72313948e-13,2.633444363e-13,2.841030623e-13,7.55731748e-14,1.325730084e-13,7.145122073e-14
51,5.438550678e-13,3.574426753e-13,5.052781975e-13,3.720825421e-13,1.106860238e-13,1.745401729e-13,2.837454869e-14,2.291115419e-13,8.585073703e-14,1.7534928e-13,3.157297069e-13,1.412403671e-13,5.399483188e-14,1.828784848e-13,5.784177225e-13,6.60127047e-13,3.257500002e-13,2.166538554e-13,3.706695219e-13,5.997929123e-13,1.455854861e-13,4.642589136e-14,3.356186644e-14,8.477877185e-14,6.031237522e-14,1.101626254e-13,1.690875391e-13,2.614902773e-13,2.804235776e-13,7.561954104e-14,1.295737979e-13,7.10475972e-14
51.0078125,5.400801061e-13,3.535158922e-13,5.010901765e-13,3.676004756e-13,1.108108072e-13,1.724593631e-13,2.865646613e-14,2.287609431e-13,8.606165737e-14,1.75378546e-13,3.115962991e-13,1.399257212e-13,5.298165332e-14,1.829145767e-13,5.715254974e-13,6.531101043e-13,3.215724572e-13,2.171631633e-13,3.627709034e-13,5.965757685e-13,1.45907903e-13,4.557843935e-14,3.312111575e-14,8.497179789e-14,5.972278389e-14,1.08967555e-13,1.659187779e-13,2.596070213e-13,2.768016423e-13,7.568244715e-14,1.2668951e-13,7.064358622e-14
51.015625,5.361957395e-13,3.496671419e-13,4.969554568e-13,3.628291567e-13,1.110404804e-13,1.702943819e-13,2.895126769e-14,2.283837356e-13,8.629673618e-14,1.754132229e-13,3.074138759e-13,1.386174217e-13,5.199259639e-14,1.830470663e-13,5.64671514e-13,6.460123689e-13,3.173845132e-13,2.176350449e-13,3.548355802e-13,5.933538082e-13,1.462480511e-13,4.47361316e-14,3.269757903e-14,8.510669777e-14,5.914278653e-14,1.078152392e-13,1.628691284e-13,2.57682468e-13,2.732203802e-13,7.576585956e-14,1.238736686e-13,7.024818075e-14
51.0234375,5.320603233e-13,3.459946393e-13,4.928460743e-13,3.582975966e-13,1.112849468e-13,1.680503527e-13,2.924483091e-14,2.280583622e-13,8.658916473e-14,1.75405742e-13,3.032568291e-13,1.373716231e-13,5.10114754e-14,1.831836043e-13,5.577683886e-13,6.388725508e-13,3.132000999e-13,2.180498182e-13,3.468170287e-13,5.90006324e-13,1.465826036e-13,4.388995162e-14,3.232389036e-14,8.533036357e-14,5.854983404e-14,1.066570308e-13,1.599810019e-13,2.558134969e-13,2.698670011e-13,7.58760542e-14,1.211824974e-13,6.98491038e-14
51.03125,5.278447752e-13,3.424155429e-13,4.888394907e-13,3.540412355e-13,1.115042595e-13,1.65843929e-13,2.952785658e-14,2.277833698e-13,8.692945603e-14,1.753472497e-13,2.991278174e-13,1.362082729e-13,5.004804865e-14,1.833592522e-13,5.50813202e-13,6.316647089e-13,3.090157717e-13,2.185506785e-13,3.387355672e-13,5.862199912e-13,1.469553799e-13,4.305887963e-14,3.197535696e-14,8.571280607e-14,5.795560359e-14,1.054790912e-13,1.571568637e-13,2.54042711e-13,2.66820409e-13,7.599641741e-14,1.186537469e-13,6.944574586e-14
51.0390625,5.236286482e-13,3.386292908e-13,4.84936923e-13,3.495270753e-13,1.11722511e-13,1.636611646e-13,2.980166504e-14,2.275012504e-13,8.729215835e-14,1.751833988e-13,2.949276046e-13,1.350516935e-13,4.911500512e-14,1.835851154e-13,5.439442946e-13,6.244095601e-13,3.048146855e-13,2.191208436e-13,3.306472074e-13,5.821184573e-13,1.47363901e-13,4.22476126e-14,3.162396395e-14,8.612540414e-14,5.739866895e-14,1.04345151e-13,1.543512035e-13,2.521020524e-13,2.638847884e-13,7.609406455e-14,1.162164218e-13,6.907881921e-14
51.046875,5.192977001e-13,3.347045121e-13,4.810088777e-13,3.447450237e-13,1.120156205e-13,1.614391199e-13,3.011510185e-14,2.272161429e-13,8.766627947e-14,1.748507329e-13,2.907223243e-13,1.338274585e-13,4.820072064e-14,1.839190116e-13,5.372307847e-13,6.172413881e-13,3.00613034e-13,2.196874902e-13,3.225082821e-13,5.780504083e-13,1.477698206e-13,4.144564266e-14,3.127811065e-14,8.646540899e-14,5.688163744e-14,1.03249909e-13,1.516554381e-13,2.499294404e-13,2.61045189e-13,7.616445783e-14,1.13843009e-13,6.8739572e-14
51.0546875,5.148895279e-13,3.311511911e-13,4.770050658e-13,3.40113811e-13,1.124298657e-13,1.592451181e-13,3.048631041e-14,2.269291911e-13,8.805051779e-14,1.744172211e-13,2.865980816e-13,1.326187857e-13,4.732155104e-14,1.844190594e-13,5.306463513e-13,6.102012688e-13,2.964812154e-13,2.203556981e-13,3.143986091e-13,5.739530038e-13,1.481971958e-13,4.06679048e-14,3.094317347e-14,8.679793236e-14,5.638573366e-14,1.021184645e-13,1.491165689e-13,2.47858219e-13,2.584580649e-13,7.621484489e-14,1.116545803e-13,6.837411709e-14
51.0625,5.106164121e-13,3.279857424e-13,4.730989369e-13,3.355461045e-13,1.129083727e-13,1.571516215e-13,3.086060362e-14,2.266075467e-13,8.846866151e-14,1.739867141e-13,2.82421829e-13,1.315554624e-13,4.650209494e-14,1.85033604e-13,5.242104487e-13,6.032414853e-13,2.924933095e-13,2.211864614e-13,3.064731097e-13,5.696068428e-13,1.487020211e-13,3.993855674e-14,3.062878262e-14,8.718341676e-14,5.591712043e-14,1.009583884e-13,1.466883951e-13,2.459421202e-13,2.560897287e-13,7.626442559e-14,1.097675247e-13,6.799960557e-14
51.0703125,5.065681501e-13,3.247951212e-13,4.694600766e-13,3.307625748e-13,1.134456048e-13,1.551103175e-13,3.123284393e-14,2.262397053e-13,8.891900643e-14,1.735945031e-13,2.782388453e-13,1.305698087e-13,4.571056946e-14,1.857823221e-13,5.179515773e-13,5.964023281e-13,2.88653861e-13,2.220786568e-13,2.986390739e-13,5.651863595e-13,1.492920455e-13,3.925586366e-14,3.035687891e-14,8.75589943e-14,5.548626606e-14,9.98535364e-14,1.443918467e-13,2.440113528e-13,2.538617898e-13,7.636618689e-14,1.081006232e-13,6.76724855e-14
51.078125,5.024611005e-13,3.215495984e-13,4.659532839e-13,3.258367279e-13,1.140724621e-13,1.530420382e-13,3.165116426e-14,2.258455585e-13,8.936404869e-14,1.732795413e-13,2.742914003e-13,1.29515048e-13,4.491347144e-14,1.8663624e-13,5.117553941e-13,5.89591868e-13,2.848360701e-13,2.229318979e-13,2.907919883e-13,5.608840549e-13,1.499248607e-13,3.859506775e-14,3.011670594e-14,8.789060872e-14,5.508254646e-14,9.880945468e-14,1.422418569e-13,2.421725044e-13,2.517375096e-13,7.652136076e-14,1.064588509e-13,6.739434586e-14
51.0859375,4.980060702e-13,3.184005904e-13,4.623782244e-13,3.208655283e-13,1.146762007e-13,1.509469855e-13,3.2104639e-14,2.254760582e-13,8.982208846e-14,1.730106194e-13,2.704860226e-13,1.284211725e-13,4.412989429e-14,1.873867664e-13,5.0550469e-13,5.82647313e-13,2.809558604e-13,2.23737054e-13,2.83030605e-13,5.56515491e-13,1.505308263e-13,3.793101641e-14,2.987218132e-14,8.827367927e-14,5.469054174e-14,9.774705156e-14,1.401106772e-13,2.404860073e-13,2.49653136e-13,7.665399434e-14,1.048147424e-13,6.713076714e-14
51.09375,4.935004244e-13,3.153306455e-13,4.588085338e-13,3.158680051e-13,1.152151097e-13,1.48873644e-13,3.25669831e-14,2.251736363e-13,9.033108147e-14,1.726556668e-13,2.666070396e-13,1.27389273e-13,4.340653982e-14,1.880767745e-13,4.993363407e-13,5.75768494e-13,2.772032202e-13,2.245874335e-13,2.754087263e-13,5.519664858e-13,1.510620936e-13,3.727359357e-14,2.961266621e-14,8.876508717e-14,5.432069625e-14,9.666584936e-14,1.380188512e-13,2.38786504e-13,2.47733386e-13,7.67387797e-14,1.033248513e-13,6.685126897e-14
51.1015625,4.893086167e-13,3.122368162e-13,4.553060676e-13,3.108314176e-13,1.158328069e-13,1.467931988e-13,3.304772911e-14,2.249013514e-13,9.08556652e-14,1.722114076e-13,2.626935364e-13,1.264079646e-13,4.276452363e-14,1.888912721e-13,4.933718019e-13,5.691091717e-13,2.737076451e-13,2.255068882e-13,2.679007073e-13,5.47374604e-13,1.515462822e-13,3.665121736e-14,2.935690199e-14,8.92861317e-14,5.399410987e-14,9.565197209e-14,1.361920174e-13,2.37001138e-13,2.461082115e-13,7.681099962e-14,1.020271316e-13,6.655931063e-14
51.109375,4.851890608e-13,3.089468444e-13,4.517782457e-13,3.056215178e-13,1.165393426e-13,1.446623414e-13,3.353450408e-14,2.245965878e-13,9.1359905e-14,1.717951057e-13,2.587473585e-13,1.254352492e-13,4.214521883e-14,1.896720359e-13,4.874617235e-13,5.62437449e-13,2.702518134e-13,2.263650201e-13,2.604647876e-13,5.428294175e-13,1.520339646e-13,3.605182323e-14,2.913090607e-14,8.97874346e-14,5.369106002e-14,9.470937366e-14,1.346209089e-13,2.351216139e-13,2.445911707e-13,7.68734211e-14,1.00810687e-13,6.629543332e-14
51.1171875,4.809172569e-13,3.056156313e-13,4.4833896e-13,3.003801317e-13,1.172348912e-13,1.42587002e-13,3.401990569e-14,2.242709422e-13,9.186964302e-14,1.71418162e-13,2.547454436e-13,1.245024137e-13,4.151455179e-14,1.903335466e-13,4.816055579e-13,5.558063502e-13,2.667477655e-13,2.271456501e-13,2.530712084e-13,5.383219257e-13,1.525200704e-13,3.545985766e-14,2.89545203e-14,9.029568644e-14,5.338786829e-14,9.376830797e-14,1.331982293e-13,2.332386346e-13,2.431139156e-13,7.691585394e-14,9.970410967e-14,6.606585049e-14
51.125,4.766194794e-13,3.026511743e-13,4.451294108e-13,2.954171179e-13,1.17919278e-13,1.406312533e-13,3.453223475e-14,2.239662237e-13,9.240151276e-14,1.710173621e-13,2.508376975e-13,1.236499796e-13,4.096754508e-14,1.910472205e-13,4.759666976e-13,5.494172522e-13,2.633327026e-13,2.279237035e-13,2.45881026e-13,5.336067277e-13,1.529635388e-13,3.490154563e-14,2.882933758e-14,9.077550526e-14,5.310924007e-14,9.28145646e-14,1.320585258e-13,2.315506771e-13,2.418684377e-13,7.693137251e-14,9.880920289e-14,6.583881035e-14
51.1328125,4.723047767e-13,2.998402648e-13,4.419592376e-13,2.905142068e-13,1.185953086e-13,1.386560296e-13,3.506720112e-14,2.236676877e-13,9.292610025e-14,1.705633851e-13,2.4702409e-13,1.228336838e-13,4.05351492e-14,1.917188598e-13,4.703563543e-13,5.429410704e-13,2.599088207e-13,2.286607076e-13,2.390024895e-13,5.283157629e-13,1.533368528e-13,3.437462469e-14,2.873733287e-14,9.120750107e-14,5.285931789e-14,9.18500271e-14,1.311794631e-13,2.299362708e-13,2.4080654e-13,7.688833793e-14,9.803224904e-14,6.56147369e-14
51.140625,4.680654794e-13,2.968240765e-13,4.387053452e-13,2.854063539e-13,1.192862923e-13,1.366046616e-13,3.560214696e-14,2.233441202e-13,9.341640741e-14,1.70074336e-13,2.431516268e-13,1.21973848e-13,4.010758324e-14,1.922331191e-13,4.645385677e-13,5.361877351e-13,2.56361805e-13,2.293656933e-13,2.321980492e-13,5.226816423e-13,1.536657247e-13,3.384076773e-14,2.866364454e-14,9.170124569e-14,5.260375056e-14,9.085833786e-14,1.303440983e-13,2.28163446e-13,2.39836684e-13,7.678642739e-14,9.725502464e-14,6.540710948e-14
51.1484375,4.640652073e-13,2.939641425e-13,4.355246599e-13,2.803288206e-13,1.200336214e-13,1.345612297e-13,3.614528286e-14,2.230271206e-13,9.390460693e-14,1.696184413e-13,2.392664438e-13,1.210960466e-13,3.966868863e-14,1.927464653e-13,4.586833102e-13,5.295095399e-13,2.52792377e-13,2.300574641e-13,2.25349632e-13,5.172933148e-13,1.540336197e-13,3.33083832e-14,2.861762378e-14,9.229436015e-14,5.234900584e-14,8.987586731e-14,1.296604562e-13,2.264000364e-13,2.391659822e-13,7.66732629e-14,9.655306946e-14,6.521890137e-14
51.15625,4.600419661e-13,2.914088519e-13,4.324690836e-13,2.752922578e-13,1.207800625e-13,1.325221112e-13,3.670273233e-14,2.227479478e-13,9.443954707e-14,1.691819823e-13,2.354672529e-13,1.202775619e-13,3.929479121e-14,1.932764736e-13,4.530098761e-13,5.230105212e-13,2.492080728e-13,2.306841876e-13,2.186701327e-13,5.121273077e-13,1.54460904e-13,3.281062812e-14,2.860694606e-14,9.286748032e-14,5.212265803e-14,8.894007242e-14,1.292971445e-13,2.24749117e-13,2.388344755e-13,7.656633946e-14,9.60053192e-14,6.506602624e-14
51.1640625,4.558941709e-13,2.887188671e-13,4.294880172e-13,2.700888079e-13,1.215623221e-13,1.304971971e-13,3.729106171e-14,2.224241358e-13,9.496579238e-14,1.686371457e-13,2.317218309e-13,1.194623372e-13,3.898653305e-14,1.938158675e-13,4.475980138e-13,5.165839783e-13,2.456793058e-13,2.31390585e-13,2.12228163e-13,5.069079497e-13,1.548299387e-13,3.233999814e-14,2.861506643e-14,9.337739848e-14,5.192496685e-14,8.803878937e-14,1.291064136e-13,2.230012121e-13,2.385889279e-13,7.644732472e-14,9.55477583e-14,6.494738422e-14
51.171875,4.519333359e-13,2.859204148e-13,4.266614725e-13,2.649790402e-13,1.224316663e-13,1.285536948e-13,3.793953584e-14,2.219800963e-13,9.540497039e-14,1.67998327e-13,2.280282787e-13,1.185739013e-13,3.872476882e-14,1.944564317e-13,4.424327338e-13,5.103426697e-13,2.423957743e-13,2.322450697e-13,2.058988449e-13,5.017314906e-13,1.550664166e-13,3.187087923e-14,2.864124693e-14,9.38910227e-14,5.17575666e-14,8.719437907e-14,1.2901498e-13,2.212037397e-13,2.383971e-13,7.630837275e-14,9.510821936e-14,6.484978937e-14
51.1796875,4.479855384e-13,2.833008562e-13,4.241104328e-13,2.601719941e-13,1.231695478e-13,1.266612481e-13,3.861703974e-14,2.215299907e-13,9.583898161e-14,1.674344168e-13,2.244702613e-13,1.17728721e-13,3.851888878e-14,1.95000712e-13,4.373354893e-13,5.042686196e-13,2.392504809e-13,2.329663932e-13,1.996549268e-13,4.965810931e-13,1.552650492e-13,3.140150971e-14,2.870713349e-14,9.442943282e-14,5.163310832e-14,8.642621281e-14,1.291478324e-13,2.195871303e-13,2.384984938e-13,7.616097722e-14,9.472205362e-14,6.478150133e-14
51.1875,4.437602745e-13,2.807286831e-13,4.218670736e-13,2.554221035e-13,1.237274434e-13,1.248278041e-13,3.928384443e-14,2.211940023e-13,9.635760743e-14,1.669769142e-13,2.211117686e-13,1.170396315e-13,3.836937655e-14,1.953267843e-13,4.323199272e-13,4.982311455e-13,2.361098274e-13,2.335419519e-13,1.935569873e-13,4.912709179e-13,1.554972961e-13,3.0951847e-14,2.880469573e-14,9.500007647e-14,5.155961949e-14,8.567220986e-14,1.295157535e-13,2.18104524e-13,2.390149347e-13,7.602749615e-14,9.44688837e-14,6.472466521e-14
51.1953125,4.395821442e-13,2.780980388e-13,4.198175578e-13,2.506126238e-13,1.243866821e-13,1.231051411e-13,3.997343979e-14,2.208743263e-13,9.686907482e-14,1.665096728e-13,2.178739611e-13,1.163954679e-13,3.828312638e-14,1.956988182e-13,4.276285946e-13,4.92275109e-13,2.330607423e-13,2.342518416e-13,1.876531507e-13,4.858988286e-13,1.556937812e-13,3.052855132e-14,2.891529469e-14,9.561397829e-14,5.152428029e-14,8.490142715e-14,1.300304116e-13,2.165671638e-13,2.397932812e-13,7.59032575e-14,9.434168783e-14,6.464746695e-14
51.203125,4.355356061e-13,2.754715364e-13,4.178302082e-13,2.458120694e-13,1.251342423e-13,1.213949981e-13,4.070131738e-14,2.204626014e-13,9.730338783e-14,1.659725611e-13,2.146148663e-13,1.156949607e-13,3.82446833e-14,1.961462334e-13,4.231932606e-13,4.864174151e-13,2.300051756e-13,2.350124831e-13,1.819156084e-13,4.805756773e-13,1.558132515e-13,3.011825069e-14,2.905096037e-14,9.620189851e-14,5.149328612e-14,8.415587232e-14,1.306978147e-13,2.148879319e-13,2.406743293e-13,7.574934074e-14,9.43066317e-14,6.456781387e-14
51.2109375,4.312964796e-13,2.729257152e-13,4.160060479e-13,2.410644448e-13,1.257795367e-13,1.196728507e-13,4.143567107e-14,2.199985553e-13,9.772046488e-14,1.653808323e-13,2.114075768e-13,1.150129874e-13,3.82331752e-14,1.964933323e-13,4.188541162e-13,4.806541955e-13,2.268566476e-13,2.356405622e-13,1.762953231e-13,4.752699488e-13,1.559018836e-13,2.972428253e-14,2.921055885e-14,9.671602302e-14,5.146463255e-14,8.34509379e-14,1.316241459e-13,2.131854172e-13,2.417838369e-13,7.556787921e-14,9.441345035e-14,6.450653548e-14
51.21875,4.270018207e-13,2.706785649e-13,4.144737578e-13,2.365204481e-13,1.264151313e-13,1.180756566e-13,4.218903452e-14,2.194906801e-13,9.811862659e-14,1.647520332e-13,2.084209759e-13,1.143905427e-13,3.828511123e-14,1.968105588e-13,4.147405554e-13,4.750715987e-13,2.238092027e-13,2.362577209e-13,1.708557112e-13,4.700556096e-13,1.559612618e-13,2.935112889e-14,2.937090733e-14,9.723007823e-14,5.146726093e-14,8.279023358e-14,1.328018633e-13,2.116879362e-13,2.432575085e-13,7.540537853e-14,9.464581134e-14,6.446232665e-14
51.2265625,4.229484366e-13,2.686762461e-13,4.131257236e-13,2.321830144e-13,1.271304989e-13,1.16582145e-13,4.297009533e-14,2.189328532e-13,9.847628872e-14,1.641211515e-13,2.05622413e-13,1.137944195e-13,3.842001247e-14,1.971339878e-13,4.108706958e-13,4.696689528e-13,2.209124509e-13,2.369830996e-13,1.656468709e-13,4.649238146e-13,1.559629829e-13,2.898548572e-14,2.954947078e-14,9.780710305e-14,5.15052903e-14,8.217621485e-14,1.340924195e-13,2.103614877e-13,2.449794478e-13,7.527087437e-14,9.493563621e-14,6.444138572e-14
51.234375,4.191321294e-13,2.665904025e-13,4.119074466e-13,2.278565978e-13,1.27906247e-13,1.151082639e-13,4.372667028e-14,2.18415399e-13,9.887114448e-14,1.635396518e-13,2.029432192e-13,1.132709011e-13,3.861651303e-14,1.974200848e-13,4.070776767e-13,4.643536903e-13,2.180730453e-13,2.377794856e-13,1.60613477e-13,4.597768791e-13,1.559408859e-13,2.864683639e-14,2.979195086e-14,9.841979088e-14,5.157269342e-14,8.157268842e-14,1.355940755e-13,2.090262526e-13,2.469595394e-13,7.51429841e-14,9.540991875e-14,6.442868203e-14
51.2421875,4.154428699e-13,2.645677365e-13,4.109129635e-13,2.236080239e-13,1.287453445e-13,1.136995771e-13,4.445248311e-14,2.179309687e-13,9.92985566e-14,1.629662065e-13,2.004050175e-13,1.128468981e-13,3.888116139e-14,1.977343672e-13,4.033353599e-13,4.590546494e-13,2.152867061e-13,2.385270378e-13,1.557538277e-13,4.547137522e-13,1.559146245e-13,2.835541782e-14,3.010061455e-14,9.903156561e-14,5.166184874e-14,8.09970535e-14,1.37506483e-13,2.077466348e-13,2.49364913e-13,7.500977708e-14,9.618646473e-14,6.441767077e-14
51.25,4.11558838e-13,2.628674133e-13,4.100843142e-13,2.195552916e-13,1.294912046e-13,1.123228236e-13,4.520403974e-14,2.173772353e-13,9.965294452e-14,1.622920934e-13,1.979691256e-13,1.124458159e-13,3.921443434e-14,1.979820176e-13,3.997401425e-13,4.539340644e-13,2.125510772e-13,2.391593276e-13,1.511060312e-13,4.497490269e-13,1.558227856e-13,2.806859305e-14,3.043394261e-14,9.964888206e-14,5.176097994e-14,8.051491973e-14,1.396863431e-13,2.065877802e-13,2.520374793e-13,7.485424344e-14,9.712639195e-14,6.444256119e-14
51.2578125,4.073658341e-13,2.612572773e-13,4.092752732e-13,2.155368695e-13,1.300454938e-13,1.109281125e-13,4.598619432e-14,2.168200132e-13,9.995549409e-14,1.615575063e-13,1.955688421e-13,1.120546247e-13,3.961200751e-14,1.980238712e-13,3.964518061e-13,4.494039659e-13,2.099999872e-13,2.398263146e-13,1.466816784e-13,4.446553917e-13,1.556279874e-13,2.776663611e-14,3.077374308e-14,1.003054687e-13,5.189534402e-14,8.00916565e-14,1.419933685e-13,2.054704247e-13,2.546883897e-13,7.467608899e-14,9.812349727e-14,6.449777106e-14
51.265625,4.034405575e-13,2.596132554e-13,4.0846e-13,2.115337174e-13,1.306265342e-13,1.096259551e-13,4.676623153e-14,2.163363457e-13,1.00276776e-13,1.608701475e-13,1.931818029e-13,1.1171647e-13,4.009631273e-14,1.980113711e-13,3.93487167e-13,4.453937846e-13,2.077341393e-13,2.405984003e-13,1.424997089e-13,4.393840944e-13,1.553799957e-13,2.749290312e-14,3.114746937e-14,1.009947032e-13,5.207691032e-14,7.965713891e-14,1.44535957e-13,2.044302639e-13,2.574080101e-13,7.449841698e-14,9.920422666e-14,6.455237105e-14
51.2734375,4.000502133e-13,2.580337112e-13,4.076783044e-13,2.076900625e-13,1.313728566e-13,1.084405386e-13,4.75582989e-14,2.158000942e-13,1.005713557e-13,1.601558234e-13,1.908500765e-13,1.113823049e-13,4.065548268e-14,1.9811473e-13,3.905544931e-13,4.412690304e-13,2.055045121e-13,2.413179814e-13,1.384792816e-13,4.340968926e-13,1.551227956e-13,2.725411097e-14,3.15694114e-14,1.016489201e-13,5.226588665e-14,7.922129652e-14,1.4728751e-13,2.03444323e-13,2.604383538e-13,7.431150235e-14,1.003372577e-13,6.461582821e-14
51.28125,3.96674555e-13,2.563531566e-13,4.069914538e-13,2.038856054e-13,1.32170372e-13,1.072442112e-13,4.839276089e-14,2.151688941e-13,1.008112743e-13,1.593740549e-13,1.886698308e-13,1.109965408e-13,4.126787185e-14,1.982788794e-13,3.87540519e-13,4.369288671e-13,2.031982121e-13,2.419600632e-13,1.345107572e-13,4.288744875e-13,1.548343353e-13,2.701645823e-14,3.202678516e-14,1.022515036e-13,5.247143928e-14,7.881226928e-14,1.502159099e-13,2.023606908e-13,2.637439602e-13,7.40977151e-14,1.015148372e-13,6.469017546e-14
51.2890625,3.930651878e-13,2.545620075e-13,4.064275495e-13,2.000147822e-13,1.32866437e-13,1.060102421e-13,4.926707496e-14,2.145922054e-13,1.010325438e-13,1.586947021e-13,1.865769442e-13,1.105635169e-13,4.193648933e-14,1.983117919e-13,3.846974309e-13,4.32835311e-13,2.009755193e-13,2.425498145e-13,1.306725005e-13,4.237280153e-13,1.544905759e-13,2.676685622e-14,3.253531604e-14,1.028547014e-13,5.273590731e-14,7.846319696e-14,1.534039787e-13,2.012813734e-13,2.671461764e-13,7.387582084e-14,1.027288615e-13,6.479158727e-14
51.296875,3.893879422e-13,2.530098121e-13,4.059540104e-13,1.962834665e-13,1.333686937e-13,1.048149196e-13,5.017010981e-14,2.140929321e-13,1.012187971e-13,1.581586074e-13,1.844420844e-13,1.100763037e-13,4.263801424e-14,1.980825449e-13,3.821248774e-13,4.290613684e-13,1.987673979e-13,2.43017439e-13,1.270567474e-13,4.186552121e-13,1.541064264e-13,2.650777016e-14,3.310789173e-14,1.03465231e-13,5.303919114e-14,7.818586085e-14,1.567110786e-13,2.004160726e-13,2.706684522e-13,7.364386171e-14,1.038951739e-13,6.496190567e-14
51.3046875,3.856422777e-13,2.517236965e-13,4.056563136e-13,1.928025296e-13,1.338158744e-13,1.037222958e-13,5.109904413e-14,2.135543654e-13,1.013672776e-13,1.576318018e-13,1.824191322e-13,1.09591033e-13,4.339089525e-14,1.977928214e-13,3.797171929e-13,4.253780611e-13,1.965399144e-13,2.434909718e-13,1.236240877e-13,4.137020937e-13,1.536760473e-13,2.626096513e-14,3.369824681e-14,1.040885026e-13,5.33567158e-14,7.788923507e-14,1.600800115e-13,1.997249256e-13,2.744820209e-13,7.337880242e-14,1.051263688e-13,6.514140554e-14
51.3125,3.819317102e-13,2.50420774e-13,4.057043435e-13,1.894122843e-13,1.344484927e-13,1.027517553e-13,5.205271984e-14,2.129626738e-13,1.015315461e-13,1.571123601e-13,1.806604735e-13,1.092224306e-13,4.426680476e-14,1.977127244e-13,3.774607629e-13,4.217602368e-13,1.94513271e-13,2.440951358e-13,1.203873569e-13,4.0899883e-13,1.531616144e-13,2.605262895e-14,3.427782994e-14,1.04786694e-13,5.369689427e-14,7.752551442e-14,1.637466934e-13,1.99114402e-13,2.786410207e-13,7.309686472e-14,1.066474729e-13,6.524130566e-14
51.3203125,3.784513412e-13,2.491496874e-13,4.060815015e-13,1.860150323e-13,1.351825708e-13,1.018472208e-13,5.303658753e-14,2.123672409e-13,1.016952689e-13,1.566444257e-13,1.7904338e-13,1.089494786e-13,4.525421944e-14,1.977118621e-13,3.753987476e-13,4.183234906e-13,1.926599458e-13,2.446710455e-13,1.173801428e-13,4.044726841e-13,1.525872822e-13,2.586761138e-14,3.488017812e-14,1.05534536e-13,5.406448873e-14,7.718525431e-14,1.6768076e-13,1.985904008e-13,2.831232829e-13,7.281980212e-14,1.083742969e-13,6.531098689e-14
51.328125,3.750462508e-13,2.481893481e-13,4.066622349e-13,1.826838065e-13,1.358077853e-13,1.009687951e-13,5.405227971e-14,2.117490676e-13,1.01796704e-13,1.561877024e-13,1.775298827e-13,1.0867822e-13,4.631060009e-14,1.975934838e-13,3.735604321e-13,4.151679791e-13,1.908042005e-13,2.451594533e-13,1.145391195e-13,3.998554644e-13,1.52021149e-13,2.568073901e-14,3.552456923e-14,1.062178211e-13,5.447458191e-14,7.690986116e-14,1.716882528e-13,1.981650035e-13,2.879088259e-13,7.255223499e-14,1.101071779e-13,6.541706706e-14
51.3359375,3.716100623e-13,2.474749179e-13,4.074063772e-13,1.794792905e-13,1.363628245e-13,1.001619477e-13,5.50892222e-14,2.110810135e-13,1.018415522e-13,1.557515554e-13,1.761624731e-13,1.084100924e-13,4.744550631e-14,1.974210888e-13,3.719432871e-13,4.122963233e-13,1.890479583e-13,2.456875942e-13,1.118359177e-13,3.952125293e-13,1.514296195e-13,2.54963194e-14,3.621078168e-14,1.068451192e-13,5.492895527e-14,7.667069011e-14,1.758481845e-13,1.978503972e-13,2.928835045e-13,7.229868636e-14,1.118839154e-13,6.55435157e-14
51.34375,3.68376415e-13,2.466800442e-13,4.08239695e-13,1.763903241e-13,1.369287171e-13,9.942380546e-14,5.61459971e-14,2.103989063e-13,1.018633497e-13,1.553523513e-13,1.748272414e-13,1.081428173e-13,4.8638442e-14,1.972008408e-13,3.704973224e-13,4.096770917e-13,1.875124842e-13,2.462716134e-13,1.09293766e-13,3.908503058e-13,1.507306176e-13,2.532684761e-14,3.694464805e-14,1.075338681e-13,5.540560567e-14,7.64836001e-14,1.802285942e-13,1.97604097e-13,2.980003096e-13,7.203462115e-14,1.138013808e-13,6.569095597e-14
51.3515625,3.654006103e-13,2.458318409e-13,4.09072925e-13,1.734111896e-13,1.374792133e-13,9.866785368e-14,5.722893503e-14,2.097365605e-13,1.018719028e-13,1.549604025e-13,1.735131351e-13,1.078502245e-13,4.987135492e-14,1.968823617e-13,3.691942914e-13,4.073392657e-13,1.860724305e-13,2.468852197e-13,1.068742069e-13,3.867051541e-13,1.499785697e-13,2.518149554e-14,3.76951858e-14,1.082868581e-13,5.590702833e-14,7.635167789e-14,1.847912355e-13,1.973696521e-13,3.033689667e-13,7.175308074e-14,1.158468932e-13,6.587295797e-14
51.359375,3.624734657e-13,2.451882132e-13,4.10039829e-13,1.705077606e-13,1.380166537e-13,9.786304297e-14,5.833407102e-14,2.090552299e-13,1.018558966e-13,1.545914133e-13,1.723184508e-13,1.075874479e-13,5.118515599e-14,1.965955217e-13,3.680221943e-13,4.052024426e-13,1.845604816e-13,2.475236094e-13,1.045316908e-13,3.825176987e-13,1.492687725e-13,2.505200497e-14,3.843288994e-14,1.089699216e-13,5.643021511e-14,7.625961222e-14,1.895784206e-13,1.97176659e-13,3.089702659e-13,7.149794437e-14,1.179890567e-13,6.60699277e-14
51.3671875,3.595503652e-13,2.445955845e-13,4.113390259e-13,1.675989171e-13,1.385876355e-13,9.708836131e-14,5.946220513e-14,2.083275056e-13,1.017867163e-13,1.542354387e-13,1.711980224e-13,1.073805073e-13,5.260977057e-14,1.964663587e-13,3.670178188e-13,4.031680942e-13,1.830203167e-13,2.481243588e-13,1.022929969e-13,3.783560829e-13,1.485540144e-13,2.491483941e-14,3.919286646e-14,1.095261625e-13,5.696582259e-14,7.620857589e-14,1.94607612e-13,1.969954188e-13,3.147522707e-13,7.124846876e-14,1.202363455e-13,6.627103917e-14
51.375,3.567428496e-13,2.438589513e-13,4.129144677e-13,1.647594293e-13,1.392054309e-13,9.645595335e-14,6.062295787e-14,2.076176062e-13,1.016701675e-13,1.53862989e-13,1.701642486e-13,1.071711808e-13,5.415464092e-14,1.964409126e-13,3.662924258e-13,4.013832611e-13,1.816486162e-13,2.48671503e-13,1.002139614e-13,3.744112951e-13,1.477672388e-13,2.477639148e-14,4.000130179e-14,1.100756363e-13,5.754315638e-14,7.617282357e-14,1.998963166e-13,1.967990494e-13,3.208545833e-13,7.096317118e-14,1.225978959e-13,6.648886553e-14
51.3828125,3.541082867e-13,2.432940521e-13,4.14581005e-13,1.621609506e-13,1.397859263e-13,9.597860945e-14,6.1808434e-14,2.069526627e-13,1.015437881e-13,1.535402192e-13,1.69299849e-13,1.069493597e-13,5.579133125e-14,1.963715367e-13,3.658318297e-13,3.999948735e-13,1.80503474e-13,2.492395732e-13,9.829629462e-14,3.706582732e-13,1.469359936e-13,2.465262293e-14,4.08369946e-14,1.107250722e-13,5.815980022e-14,7.616626051e-14,2.054552831e-13,1.967453511e-13,3.2725825e-13,7.071623438e-14,1.249975838e-13,6.675095756e-14
51.390625,3.516820772e-13,2.430277104e-13,4.162300974e-13,1.59699898e-13,1.402755627e-13,9.55388221e-14,6.298882185e-14,2.062622702e-13,1.014060112e-13,1.532799887e-13,1.684863096e-13,1.067382905e-13,5.74594207e-14,1.961841491e-13,3.655182817e-13,3.989503091e-13,1.794825909e-13,2.498904005e-13,9.648098349e-14,3.670010993e-13,1.460643359e-13,2.452855134e-14,4.16939028e-14,1.114190501e-13,5.877557486e-14,7.62285432e-14,2.11194703e-13,1.968480596e-13,3.337132233e-13,7.053669531e-14,1.273734897e-13,6.705737652e-14
51.3984375,3.494687359e-13,2.426979718e-13,4.17807854e-13,1.571982541e-13,1.408198787e-13,9.505719079e-14,6.414157974e-14,2.055294868e-13,1.012453704e-13,1.530096085e-13,1.676430167e-13,1.065398204e-13,5.920414573e-14,1.960061694e-13,3.653595146e-13,3.981492048e-13,1.785196665e-13,2.506314741e-13,9.475754374e-14,3.633744338e-13,1.451349651e-13,2.440202367e-14,4.257659711e-14,1.120699748e-13,5.940668397e-14,7.630769436e-14,2.171308515e-13,1.968967148e-13,3.401761386e-13,7.032569179e-14,1.298323771e-13,6.735098298e-14
51.40625,3.473564453e-13,2.422936403e-13,4.194210537e-13,1.547998752e-13,1.415262337e-13,9.458842826e-14,6.528948446e-14,2.047646402e-13,1.010554132e-13,1.527725692e-13,1.669263385e-13,1.063679291e-13,6.110895942e-14,1.960084014e-13,3.653806132e-13,3.9745293e-13,1.775965025e-13,2.514620837e-13,9.318002978e-14,3.596778166e-13,1.44198557e-13,2.428880259e-14,4.348111908e-14,1.126566271e-13,6.008381427e-14,7.640397631e-14,2.232959543e-13,1.969310218e-13,3.468021094e-13,7.009642033e-14,1.324260037e-13,6.761606687e-14
51.4140625,3.452391572e-13,2.420648817e-13,4.213454975e-13,1.525967775e-13,1.423047192e-13,9.41936929e-14,6.648377295e-14,2.038926919e-13,1.007774377e-13,1.52609669e-13,1.664089715e-13,1.062024932e-13,6.311995713e-14,1.961934003e-13,3.655377147e-13,3.967765145e-13,1.767640992e-13,2.524015115e-13,9.173091289e-14,3.559096223e-13,1.432912833e-13,2.417538161e-14,4.441573678e-14,1.131852507e-13,6.080086408e-14,7.661243231e-14,2.295730454e-13,1.971025403e-13,3.536960645e-13,6.996177707e-14,1.35016597e-13,6.789574978e-14
51.421875,3.431767746e-13,2.418504521e-13,4.236127753e-13,1.504030893e-13,1.431173232e-13,9.386404889e-14,6.773148366e-14,2.029391721e-13,1.003928443e-13,1.524289513e-13,1.65991362e-13,1.060088825e-13,6.516306994e-14,1.964750898e-13,3.658471163e-13,3.962111526e-13,1.760928105e-13,2.533663998e-13,9.033033505e-14,3.522475779e-13,1.423985802e-13,2.404379547e-14,4.537315411e-14,1.137130034e-13,6.154864483e-14,7.687910065e-14,2.360452746e-13,1.972811023e-13,3.608539141e-13,6.989293443e-14,1.375625399e-13,6.818294363e-14
51.4296875,3.412634652e-13,2.415453306e-13,4.258956521e-13,1.482078377e-13,1.439601951e-13,9.358859678e-14,6.900045259e-14,2.020799293e-13,1.00001611e-13,1.522136825e-13,1.655978622e-13,1.058241779e-13,6.723942249e-14,1.967545687e-13,3.663125657e-13,3.958056755e-13,1.75478724e-13,2.541643183e-13,8.898583804e-14,3.487862475e-13,1.415170302e-13,2.39010388e-14,4.633538322e-14,1.142879903e-13,6.229487957e-14,7.709022127e-14,2.428131014e-13,1.973977169e-13,3.680799795e-13,6.978712219e-14,1.40111969e-13,6.845754959e-14
51.4375,3.394510112e-13,2.414065587e-13,4.280156999e-13,1.461611334e-13,1.447614685e-13,9.337078042e-14,7.028383622e-14,2.013119707e-13,9.965638464e-14,1.520153199e-13,1.65200003e-13,1.056610401e-13,6.935077897e-14,1.969607789e-13,3.668755425e-13,3.95492687e-13,1.748024068e-13,2.547720485e-13,8.776884655e-14,3.454103716e-13,1.406072634e-13,2.375845809e-14,4.732257227e-14,1.148373114e-13,6.300529172e-14,7.729073285e-14,2.495825215e-13,1.976158285e-13,3.75166184e-13,6.965107874e-14,1.425917553e-13,6.874177681e-14
51.4453125,3.37680671e-13,2.414495288e-13,4.301554039e-13,1.44259226e-13,1.456018827e-13,9.318522069e-14,7.15833375e-14,2.004623858e-13,9.928368176e-14,1.518034704e-13,1.648175733e-13,1.054566695e-13,7.152843034e-14,1.971675261e-13,3.675324905e-13,3.952604797e-13,1.741058285e-13,2.55355429e-13,8.666494271e-14,3.421098202e-13,1.396085687e-13,2.362183618e-14,4.835117909e-14,1.153062594e-13,6.370460398e-14,7.753256565e-14,2.562113644e-13,1.979597474e-13,3.821707152e-13,6.955585905e-14,1.449836303e-13,6.903969926e-14
51.453125,3.359608213e-13,2.415440412e-13,4.324470575e-13,1.424685554e-13,1.466064557e-13,9.299811766e-14,7.288974139e-14,1.995532249e-13,9.884141948e-14,1.516066387e-13,1.645033839e-13,1.051985213e-13,7.379330985e-14,1.974564847e-13,3.683169794e-13,3.951485798e-13,1.733970832e-13,2.56000322e-13,8.559749775e-14,3.390717685e-13,1.38562301e-13,2.348467996e-14,4.939616778e-14,1.157639896e-13,6.442691615e-14,7.778879061e-14,2.629019362e-13,1.983566904e-13,3.892033371e-13,6.951421966e-14,1.473898827e-13,6.93459417e-14
51.4609375,3.341961835e-13,2.418229035e-13,4.348171883e-13,1.407039991e-13,1.476920245e-13,9.282329693e-14,7.422388779e-14,1.987306399e-13,9.837864319e-14,1.515208884e-13,1.642555185e-13,1.049481508e-13,7.609950239e-14,1.977763419e-13,3.692933716e-13,3.952422915e-13,1.726907787e-13,2.567169312e-13,8.458880877e-14,3.362681562e-13,1.375597467e-13,2.334144877e-14,5.042769601e-14,1.162593441e-13,6.517282449e-14,7.805038905e-14,2.696617564e-13,1.988299265e-13,3.962554965e-13,6.947652081e-14,1.498498039e-13,6.965199286e-14
51.46875,3.324115687e-13,2.422615108e-13,4.3730186e-13,1.388197541e-13,1.488446841e-13,9.273224012e-14,7.561774603e-14,1.979572762e-13,9.79310154e-14,1.514898635e-13,1.640708557e-13,1.04771531e-13,7.848457704e-14,1.981760729e-13,3.70573025e-13,3.956712876e-13,1.721470229e-13,2.57569771e-13,8.373883646e-14,3.334511879e-13,1.365982204e-13,2.32135206e-14,5.142858132e-14,1.167905029e-13,6.593766451e-14,7.831220657e-14,2.765224541e-13,1.993535174e-13,4.034094412e-13,6.944315696e-14,1.524058056e-13,6.993435573e-14
51.4765625,3.310470098e-13,2.426248907e-13,4.399905123e-13,1.369759448e-13,1.502333639e-13,9.280070158e-14,7.706220719e-14,1.971217688e-13,9.746912814e-14,1.513908144e-13,1.639520495e-13,1.04668795e-13,8.102593561e-14,1.988358752e-13,3.721586642e-13,3.964146448e-13,1.718261071e-13,2.585885559e-13,8.304053067e-14,3.306604817e-13,1.356012276e-13,2.311024588e-14,5.242592733e-14,1.173537883e-13,6.671303072e-14,7.859909042e-14,2.836932162e-13,1.999061928e-13,4.107477601e-13,6.948001093e-14,1.550735718e-13,7.023226105e-14
51.484375,3.302380811e-13,2.429941076e-13,4.426922055e-13,1.354134312e-13,1.518333809e-13,9.300665256e-14,7.851990496e-14,1.962444821e-13,9.695111531e-14,1.51251427e-13,1.638072496e-13,1.045422949e-13,8.36538052e-14,1.997366052e-13,3.73929557e-13,3.972911838e-13,1.715993769e-13,2.59652878e-13,8.238897086e-14,3.280890186e-13,1.345397977e-13,2.300216548e-14,5.347447257e-14,1.178895322e-13,6.74842979e-14,7.8954221e-14,2.909982865e-13,2.005735127e-13,4.180989214e-13,6.958242919e-14,1.576881415e-13,7.057765533e-14
51.4921875,3.293291753e-13,2.435246297e-13,4.451967275e-13,1.339796103e-13,1.534222996e-13,9.322546969e-14,7.996669629e-14,1.953683297e-13,9.638015379e-14,1.511759079e-13,1.63588662e-13,1.043415621e-13,8.630119933e-14,2.006544918e-13,3.758045378e-13,3.982333133e-13,1.713860588e-13,2.6062001e-13,8.175081832e-14,3.255936842e-13,1.334655926e-13,2.287340053e-14,5.454610609e-14,1.183590651e-13,6.824531016e-14,7.932212213e-14,2.981427836e-13,2.013396538e-13,4.252754009e-13,6.969069932e-14,1.601628044e-13,7.088476132e-14
51.5,3.280658057e-13,2.440806849e-13,4.476077143e-13,1.325151701e-13,1.549418874e-13,9.341423966e-14,8.140909668e-14,1.944568244e-13,9.577888241e-14,1.511946627e-13,1.63389034e-13,1.041308652e-13,8.900349674e-14,2.014624304e-13,3.777231453e-13,3.99304874e-13,1.712155346e-13,2.615444021e-13,8.116950932e-14,3.230197384e-13,1.323983879e-13,2.273412818e-14,5.55829628e-14,1.188260558e-13,6.900355e-14,7.965359367e-14,3.052929478e-13,2.021232352e-13,4.324135736e-13,6.980401683e-14,1.625892246e-13,7.112513081e-14
51.5078125,3.271236541e-13,2.446272721e-13,4.500884344e-13,1.31137751e-13,1.565126133e-13,9.368723209e-14,8.285532444e-14,1.934942266e-13,9.514830482e-14,1.512783508e-13,1.63257649e-13,1.039379558e-13,9.173950277e-14,2.022350046e-13,3.796480034e-13,4.004917412e-13,1.711422134e-13,2.625565602e-13,8.067246084e-14,3.205910055e-13,1.3129106e-13,2.259140196e-14,5.662164103e-14,1.193217271e-13,6.97598036e-14,8.000452229e-14,3.1259401e-13,2.02985701e-13,4.397217729e-13,6.993980833e-14,1.649319029e-13,7.138696724e-14
51.515625,3.266088955e-13,2.453209593e-13,4.527841295e-13,1.29866782e-13,1.5815607e-13,9.409635379e-14,8.42991172e-14,1.92541337e-13,9.449787779e-14,1.514167522e-13,1.632131959e-13,1.037651456e-13,9.450082885e-14,2.031122514e-13,3.817184615e-13,4.018185869e-13,1.712034368e-13,2.636253049e-13,8.026262111e-14,3.184436905e-13,1.301803072e-13,2.245144884e-14,5.768895367e-14,1.197914388e-13,7.048953707e-14,8.038417613e-14,3.198874976e-13,2.039616894e-13,4.470660402e-13,7.012808413e-14,1.671624768e-13,7.166104648e-14
51.5234375,3.258424766e-13,2.46164112e-13,4.55828648e-13,1.286083066e-13,1.59775572e-13,9.454762731e-14,8.574783708e-14,1.916532629e-13,9.384676319e-14,1.516138155e-13,1.633145917e-13,1.036427543e-13,9.737667413e-14,2.041064645e-13,3.840650602e-13,4.034358885e-13,1.713771856e-13,2.647135094e-13,7.993007083e-14,3.163688559e-13,1.291557406e-13,2.231311688e-14,5.875598626e-14,1.202012362e-13,7.119611125e-14,8.075959651e-14,3.272094858e-13,2.049669851e-13,4.542493772e-13,7.042645299e-14,1.694607589e-13,7.187312867e-14
51.53125,3.249195001e-13,2.470533204e-13,4.588841563e-13,1.27365176e-13,1.614068903e-13,9.500849656e-14,8.718512216e-14,1.908102258e-13,9.31808917e-14,1.518034731e-13,1.634453412e-13,1.034977534e-13,1.003438396e-13,2.050845752e-13,3.864673158e-13,4.05207927e-13,1.715516585e-13,2.658580083e-13,7.963981347e-14,3.143032885e-13,1.28153742e-13,2.216468531e-14,5.985000692e-14,1.20589985e-13,7.191261459e-14,8.11543141e-14,3.346691825e-13,2.059882893e-13,4.613776133e-13,7.07890677e-14,1.718263808e-13,7.204275526e-14
51.5390625,3.244120951e-13,2.479092143e-13,4.614110897e-13,1.261515963e-13,1.631909533e-13,9.552652716e-14,8.856570801e-14,1.899390706e-13,9.247943741e-14,1.519080239e-13,1.634052757e-13,1.032407479e-13,1.032514708e-13,2.059946525e-13,3.886431422e-13,4.067569526e-13,1.71622633e-13,2.669938103e-13,7.933481158e-14,3.124309632e-13,1.270595347e-13,2.200632045e-14,6.097308003e-14,1.210151931e-13,7.260549117e-14,8.155616423e-14,3.420026135e-13,2.070221789e-13,4.684181546e-13,7.112543665e-14,1.740202909e-13,7.220355103e-14
51.546875,3.240663291e-13,2.487253027e-13,4.636205828e-13,1.249927878e-13,1.650978896e-13,9.604958572e-14,8.993202004e-14,1.889811799e-13,9.174810906e-14,1.520094174e-13,1.632943402e-13,1.029489699e-13,1.060882177e-13,2.069511953e-13,3.907418902e-13,4.081570208e-13,1.716402393e-13,2.681067617e-13,7.899442117e-14,3.107696555e-13,1.259192142e-13,2.184411268e-14,6.204479127e-14,1.21426402e-13,7.324100817e-14,8.194612474e-14,3.490461954e-13,2.080037438e-13,4.751195415e-13,7.15021586e-14,1.760394801e-13,7.235902524e-14
51.5546875,3.234984548e-13,2.496578681e-13,4.661209373e-13,1.238993583e-13,1.670375991e-13,9.648900519e-14,9.135216921e-14,1.879670523e-13,9.100935634e-14,1.522363124e-13,1.633580725e-13,1.027215755e-13,1.090174643e-13,2.080646535e-13,3.931192263e-13,4.098409268e-13,1.717368107e-13,2.693332287e-13,7.871361765e-14,3.092624363e-13,1.248272112e-13,2.168573479e-14,6.306748239e-14,1.217407302e-13,7.389095058e-14,8.241723799e-14,3.561799675e-13,2.08979156e-13,4.817494119e-13,7.201513083e-14,1.78111002e-13,7.254207029e-14
51.5625,3.229193844e-13,2.507509931e-13,4.688774817e-13,1.228033146e-13,1.690683429e-13,9.689526775e-14,9.277107676e-14,1.870140696e-13,9.030045992e-14,1.525352882e-13,1.636016769e-13,1.02554692e-13,1.12121749e-13,2.0934046e-13,3.958932847e-13,4.119715636e-13,1.720088196e-13,2.706960736e-13,7.860329372e-14,3.080399646e-13,1.237795032e-13,2.154623391e-14,6.410964662e-14,1.220760362e-13,7.459758249e-14,8.30322921e-14,3.636594449e-13,2.100365693e-13,4.887504393e-13,7.262013513e-14,1.803128134e-13,7.275494633e-14
51.5703125,3.224290456e-13,2.518321129e-13,4.714140951e-13,1.217438087e-13,1.71181696e-13,9.73837581e-14,9.414597764e-14,1.861664103e-13,8.962188831e-14,1.527924632e-13,1.63855907e-13,1.024016101e-13,1.152795883e-13,2.107023719e-13,3.989210622e-13,4.144268975e-13,1.725202679e-13,2.72132209e-13,7.861257281e-14,3.070384489e-13,1.227256878e-13,2.141730249e-14,6.516240595e-14,1.2254404e-13,7.530376574e-14,8.370945039e-14,3.711779584e-13,2.111313394e-13,4.957936294e-13,7.326353072e-14,1.82493667e-13,7.294510803e-14
51.578125,3.220376263e-13,2.529211366e-13,4.735680646e-13,1.207930737e-13,1.732957593e-13,9.799062972e-14,9.552777525e-14,1.853028966e-13,8.890659955e-14,1.530037878e-13,1.640094487e-13,1.021994901e-13,1.184046978e-13,2.121069605e-13,4.019455468e-13,4.169292972e-13,1.731581433e-13,2.736367216e-13,7.86411035e-14,3.058922029e-13,1.216441882e-13,2.127837475e-14,6.61916394e-14,1.229766878e-13,7.597848016e-14,8.437515634e-14,3.785248724e-13,2.122282392e-13,5.024346821e-13,7.395690217e-14,1.844867725e-13,7.309492833e-14
51.5859375,3.219413304e-13,2.54098638e-13,4.755791888e-13,1.198290452e-13,1.755237955e-13,9.869750632e-14,9.69080503e-14,1.843291765e-13,8.811264852e-14,1.532016254e-13,1.640896251e-13,1.019475309e-13,1.216101343e-13,2.136802326e-13,4.049053372e-13,4.192719228e-13,1.737184317e-13,2.751749721e-13,7.870537873e-14,3.046272897e-13,1.205859187e-13,2.113610109e-14,6.71916649e-14,1.23271085e-13,7.663629894e-14,8.504400055e-14,3.858683625e-13,2.133649467e-13,5.089058448e-13,7.470644732e-14,1.863589916e-13,7.321925016e-14
51.59375,3.219174376e-13,2.552545523e-13,4.777260132e-13,1.188130461e-13,1.779343021e-13,9.947924376e-14,9.826764302e-14,1.833110263e-13,8.72536121e-14,1.534314491e-13,1.641994001e-13,1.017109534e-13,1.249360312e-13,2.155390633e-13,4.080781339e-13,4.217187726e-13,1.743025511e-13,2.767569622e-13,7.881620663e-14,3.03641904e-13,1.196223146e-13,2.09871377e-14,6.81606265e-14,1.235544502e-13,7.728772223e-14,8.573953495e-14,3.932517873e-13,2.145403373e-13,5.154058647e-13,7.551757903e-14,1.882853325e-13,7.331206421e-14
51.6015625,3.217063357e-13,2.564951871e-13,4.800301013e-13,1.178798427e-13,1.803511564e-13,1.002990253e-13,9.966095676e-14,1.823080695e-13,8.634855519e-14,1.537083067e-13,1.643690089e-13,1.01486944e-13,1.282479761e-13,2.175570897e-13,4.115701987e-13,4.245556584e-13,1.750962388e-13,2.784390313e-13,7.894132993e-14,3.028971188e-13,1.187296606e-13,2.081401297e-14,6.911173784e-14,1.238279614e-13,7.792865685e-14,8.647862702e-14,4.005660838e-13,2.157606483e-13,5.217691122e-13,7.639549006e-14,1.902108771e-13,7.338085525e-14
51.609375,3.217008213e-13,2.579429721e-13,4.823026687e-13,1.169934305e-13,1.827577556e-13,1.011396937e-13,1.01073496e-13,1.812988714e-13,8.545435431e-14,1.539272705e-13,1.645571407e-13,1.012600571e-13,1.315400622e-13,2.196047645e-13,4.151011808e-13,4.275418443e-13,1.760189764e-13,2.801345638e-13,7.912435839e-14,3.020967272e-13,1.178471571e-13,2.063985554e-14,7.004665526e-14,1.240372358e-13,7.853310021e-14,8.725291258e-14,4.078023534e-13,2.170238111e-13,5.278927409e-13,7.73186166e-14,1.920164229e-13,7.345416108e-14
51.6171875,3.219887118e-13,2.592898689e-13,4.843253495e-13,1.160831212e-13,1.853290068e-13,1.01995471e-13,1.024368045e-13,1.802973813e-13,8.462660432e-14,1.540810851e-13,1.647419411e-13,1.010670779e-13,1.349051416e-13,2.217427257e-13,4.18499396e-13,4.303883842e-13,1.77009671e-13,2.817600231e-13,7.938013944e-14,3.01366092e-13,1.169899308e-13,2.048457309e-14,7.095292161e-14,1.242902323e-13,7.909826572e-14,8.798791421e-14,4.149085508e-13,2.182567328e-13,5.336257505e-13,7.827464647e-14,1.937734831e-13,7.351333984e-14
51.625,3.221326498e-13,2.604550251e-13,4.860226966e-13,1.152442436e-13,1.880464864e-13,1.0283779e-13,1.037498098e-13,1.79315437e-13,8.381586714e-14,1.543138197e-13,1.649126106e-13,1.008987262e-13,1.382961229e-13,2.239989503e-13,4.21801442e-13,4.330497869e-13,1.78003041e-13,2.833846989e-13,7.965275257e-14,3.009204623e-13,1.161947083e-13,2.032650529e-14,7.183706517e-14,1.24594995e-13,7.962813689e-14,8.866489925e-14,4.218399412e-13,2.194623468e-13,5.389050289e-13,7.926989119e-14,1.955233552e-13,7.35154253e-14
51.6328125,3.223390675e-13,2.617530187e-13,4.876563396e-13,1.144691331e-13,1.908470187e-13,1.036983575e-13,1.050237433e-13,1.782954543e-13,8.29671851e-14,1.545520937e-13,1.650872929e-13,1.007571642e-13,1.416696746e-13,2.26348662e-13,4.250412303e-13,4.355468732e-13,1.788387931e-13,2.850724327e-13,7.999052541e-14,3.006219092e-13,1.154622958e-13,2.016805864e-14,7.267837671e-14,1.248420459e-13,8.007808432e-14,8.938411715e-14,4.286839597e-13,2.207060973e-13,5.440421535e-13,8.029919232e-14,1.972121203e-13,7.347679502e-14
51.640625,3.229202973e-13,2.631350145e-13,4.89417981e-13,1.137143583e-13,1.937934389e-13,1.046519909e-13,1.062782845e-13,1.772411875e-13,8.211024283e-14,1.546478963e-13,1.652647324e-13,1.006589686e-13,1.450609874e-13,2.288148833e-13,4.283048849e-13,4.380652777e-13,1.797260813e-13,2.868680625e-13,8.044018306e-14,3.003110989e-13,1.14761001e-13,2.001980872e-14,7.346682279e-14,1.250473566e-13,8.046280867e-14,9.017595547e-14,4.353970785e-13,2.219668345e-13,5.490850135e-13,8.137322406e-14,1.987933755e-13,7.343624061e-14
51.6484375,3.233734457e-13,2.644627644e-13,4.909503801e-13,1.130919322e-13,1.968010845e-13,1.05630215e-13,1.07553226e-13,1.762403164e-13,8.12370145e-14,1.54756555e-13,1.653585945e-13,1.004874257e-13,1.484232182e-13,2.31318171e-13,4.316323903e-13,4.407388912e-13,1.809401421e-13,2.888207461e-13,8.089540442e-14,3.000355581e-13,1.14031109e-13,1.984563511e-14,7.428353508e-14,1.252102661e-13,8.087086444e-14,9.098916902e-14,4.418949651e-13,2.232464219e-13,5.537347305e-13,8.253467231e-14,2.001324635e-13,7.339661351e-14
51.65625,3.235082949e-13,2.659276435e-13,4.92077528e-13,1.125547811e-13,1.997535748e-13,1.065177927e-13,1.088108208e-13,1.752864041e-13,8.030628549e-14,1.5495588e-13,1.653991496e-13,1.00194111e-13,1.517178784e-13,2.337777506e-13,4.349514985e-13,4.433613643e-13,1.821905028e-13,2.908573592e-13,8.132272715e-14,2.998620112e-13,1.13284083e-13,1.963952022e-14,7.516796242e-14,1.252815418e-13,8.129306293e-14,9.185507482e-14,4.483469028e-13,2.24545628e-13,5.581376349e-13,8.37779933e-14,2.01231278e-13,7.335032913e-14
51.6640625,3.238462699e-13,2.67516028e-13,4.932080516e-13,1.119122587e-13,2.028168345e-13,1.073979671e-13,1.099983554e-13,1.742825012e-13,7.937367762e-14,1.550556061e-13,1.655173314e-13,9.997336741e-14,1.550070117e-13,2.363213165e-13,4.382377314e-13,4.457211415e-13,1.831926359e-13,2.928538627e-13,8.183282888e-14,2.998035278e-13,1.126408701e-13,1.946059055e-14,7.602679945e-14,1.253671848e-13,8.165667008e-14,9.276045064e-14,4.547924892e-13,2.257552556e-13,5.625567394e-13,8.502125068e-14,2.023860364e-13,7.326961616e-14
51.671875,3.244443156e-13,2.690992295e-13,4.943461697e-13,1.112286591e-13,2.061540948e-13,1.083825324e-13,1.111432124e-13,1.732136864e-13,7.85025569e-14,1.550847921e-13,1.656202721e-13,9.991205109e-14,1.583328814e-13,2.390260133e-13,4.414584097e-13,4.478578099e-13,1.841132039e-13,2.948338538e-13,8.246705327e-14,2.998912337e-13,1.121379607e-13,1.932973324e-14,7.67854518e-14,1.25548214e-13,8.196069766e-14,9.358686666e-14,4.609919083e-13,2.269401506e-13,5.667784921e-13,8.623997459e-14,2.03661475e-13,7.311784859e-14
51.6796875,3.24986704e-13,2.707656725e-13,4.950752487e-13,1.10626488e-13,2.0964639e-13,1.093926114e-13,1.122539749e-13,1.721202557e-13,7.763748231e-14,1.551752897e-13,1.65604296e-13,9.98402762e-14,1.61698067e-13,2.417577943e-13,4.445616212e-13,4.499469864e-13,1.851202084e-13,2.969022626e-13,8.318548759e-14,3.001175145e-13,1.11648527e-13,1.919951782e-14,7.747251963e-14,1.257121532e-13,8.222706877e-14,9.435994375e-14,4.669939592e-13,2.282860305e-13,5.70616613e-13,8.751521143e-14,2.047743133e-13,7.291455521e-14
51.6875,3.254990246e-13,2.724101154e-13,4.954935814e-13,1.100085954e-13,2.131140333e-13,1.103428964e-13,1.133020167e-13,1.709747334e-13,7.67097919e-14,1.551759561e-13,1.656484149e-13,9.966493109e-14,1.650399452e-13,2.444258666e-13,4.475078117e-13,4.520024431e-13,1.862236041e-13,2.98990138e-13,8.391948525e-14,3.003168628e-13,1.111062798e-13,1.903548117e-14,7.813924245e-14,1.257834257e-13,8.244291164e-14,9.518547108e-14,4.729826344e-13,2.296243044e-13,5.740997771e-13,8.887311665e-14,2.056371513e-13,7.267948023e-14
51.6953125,3.260554584e-13,2.739301775e-13,4.958451613e-13,1.093267502e-13,2.165032669e-13,1.112747539e-13,1.142966004e-13,1.69767539e-13,7.574457101e-14,1.550350948e-13,1.658070869e-13,9.945924813e-14,1.682306246e-13,2.470703814e-13,4.501814404e-13,4.537723682e-13,1.873279504e-13,3.00941488e-13,8.458451814e-14,3.004040172e-13,1.105916771e-13,1.885112179e-14,7.879442081e-14,1.258064512e-13,8.258593814e-14,9.602828631e-14,4.786797311e-13,2.30749531e-13,5.771940488e-13,9.02545145e-14,2.06369763e-13,7.239381441e-14
51.703125,3.266714014e-13,2.755991508e-13,4.95970873e-13,1.086862639e-13,2.199016238e-13,1.122510533e-13,1.152513148e-13,1.685695033e-13,7.478319225e-14,1.549658364e-13,1.658707143e-13,9.924255544e-14,1.713070484e-13,2.497891463e-13,4.526957138e-13,4.553369629e-13,1.883397888e-13,3.029009311e-13,8.521093011e-14,3.006549789e-13,1.101147024e-13,1.866826458e-14,7.941981807e-14,1.258097877e-13,8.266424112e-14,9.686341812e-14,4.838087799e-13,2.319223345e-13,5.799098633e-13,9.16662314e-14,2.069946044e-13,7.208388589e-14
51.7109375,3.274101099e-13,2.774516575e-13,4.957555793e-13,1.081396543e-13,2.234490931e-13,1.132891748e-13,1.161555615e-13,1.673621602e-13,7.38057353e-14,1.549655877e-13,1.658071045e-13,9.896150556e-14,1.744345776e-13,2.526651722e-13,4.553297729e-13,4.570449829e-13,1.893750155e-13,3.051040844e-13,8.588293637e-14,3.012130724e-13,1.095744772e-13,1.848633827e-14,8.001052708e-14,1.257743837e-13,8.271271241e-14,9.772962689e-14,4.885917618e-13,2.333204259e-13,5.822220762e-13,9.315487896e-14,2.075003031e-13,7.176655941e-14
51.71875,3.281122002e-13,2.792008526e-13,4.95249933e-13,1.076658445e-13,2.271263579e-13,1.143281741e-13,1.169986322e-13,1.660450493e-13,7.279338081e-14,1.548218884e-13,1.657562947e-13,9.864495985e-14,1.775827088e-13,2.556155917e-13,4.578549124e-13,4.585942801e-13,1.904360335e-13,3.073918034e-13,8.657467071e-14,3.016900633e-13,1.08994531e-13,1.83024949e-14,8.055107259e-14,1.256738202e-13,8.271650098e-14,9.857988992e-14,4.931971777e-13,2.346505972e-13,5.841357371e-13,9.468642871e-14,2.079041842e-13,7.138728552e-14
51.7265625,3.286115249e-13,2.808550129e-13,4.945632028e-13,1.072252487e-13,2.308214407e-13,1.153020233e-13,1.177968307e-13,1.64699485e-13,7.17892188e-14,1.545424108e-13,1.657668851e-13,9.839217148e-14,1.806367613e-13,2.585196757e-13,4.600342193e-13,4.596796557e-13,1.913638036e-13,3.095860613e-13,8.728443796e-14,3.019081877e-13,1.085077083e-13,1.812700415e-14,8.102240085e-14,1.255584883e-13,8.265540597e-14,9.939579046e-14,4.975664399e-13,2.357703687e-13,5.859999934e-13,9.622137988e-14,2.082500115e-13,7.095327044e-14
51.734375,3.290628207e-13,2.825683508e-13,4.939255806e-13,1.067963382e-13,2.345706429e-13,1.16294249e-13,1.18598754e-13,1.635150293e-13,7.082565285e-14,1.543189454e-13,1.65841262e-13,9.821311401e-14,1.836593858e-13,2.614786254e-13,4.623408101e-13,4.608528316e-13,1.923401439e-13,3.118678323e-13,8.807667668e-14,3.022955862e-13,1.081071136e-13,1.795772941e-14,8.147292911e-14,1.255330951e-13,8.258831695e-14,1.002519342e-13,5.018096183e-13,2.369093036e-13,5.879078151e-13,9.779598538e-14,2.086075802e-13,7.052491446e-14
51.7421875,3.296441207e-13,2.84353966e-13,4.93228723e-13,1.064139918e-13,2.384593449e-13,1.173975623e-13,1.193964346e-13,1.624428541e-13,6.987169304e-14,1.541716975e-13,1.659142385e-13,9.802735208e-14,1.867090193e-13,2.64608307e-13,4.649761429e-13,4.622844533e-13,1.934964612e-13,3.143292612e-13,8.891087436e-14,3.030581904e-13,1.076954805e-13,1.778470674e-14,8.192652698e-14,1.255708479e-13,8.251652638e-14,1.011476184e-13,5.059080392e-13,2.38146671e-13,5.893727449e-13,9.942706565e-14,2.08912346e-13,7.007708899e-14
51.75,3.303521339e-13,2.86188402e-13,4.919774766e-13,1.060895904e-13,2.424711458e-13,1.185165144e-13,1.201189647e-13,1.61279989e-13,6.890233475e-14,1.539254975e-13,1.658421807e-13,9.77926246e-14,1.89699529e-13,2.67777133e-13,4.674135523e-13,4.633866892e-13,1.945490285e-13,3.168338095e-13,8.972096313e-14,3.038972e-13,1.072718696e-13,1.761265905e-14,8.230697152e-14,1.255647567e-13,8.236253026e-14,1.020203669e-13,5.095757253e-13,2.393404875e-13,5.902164671e-13,1.010624071e-13,2.090088177e-13,6.956436896e-14
51.7578125,3.31032143e-13,2.880054966e-13,4.90071242e-13,1.058034228e-13,2.465376248e-13,1.195638311e-13,1.207751436e-13,1.600292349e-13,6.7926694e-14,1.535444468e-13,1.656177799e-13,9.749596665e-14,1.925955723e-13,2.70794837e-13,4.694728586e-13,4.641333103e-13,1.954707788e-13,3.193110174e-13,9.052091571e-14,3.047242659e-13,1.068554192e-13,1.743394024e-14,8.260957068e-14,1.25522179e-13,8.21456743e-14,1.028536656e-13,5.128729786e-13,2.404666439e-13,5.906040508e-13,1.026803638e-13,2.088654974e-13,6.900567112e-14
51.765625,3.315313282e-13,2.898525759e-13,4.878134076e-13,1.055621668e-13,2.505812381e-13,1.206095355e-13,1.214273092e-13,1.588559281e-13,6.69550981e-14,1.531795563e-13,1.65365997e-13,9.713014104e-14,1.954735404e-13,2.736652313e-13,4.714436723e-13,4.648749645e-13,1.964223607e-13,3.217556624e-13,9.13154817e-14,3.057545895e-13,1.064348386e-13,1.723344459e-14,8.290270012e-14,1.254829625e-13,8.191049694e-14,1.036771657e-13,5.160839614e-13,2.415801509e-13,5.904979611e-13,1.043201792e-13,2.085201483e-13,6.843780278e-14
51.7734375,3.320219297e-13,2.918699892e-13,4.85399166e-13,1.053265132e-13,2.546383718e-13,1.217033783e-13,1.220798034e-13,1.578008941e-13,6.600620164e-14,1.528506032e-13,1.651640738e-13,9.676481208e-14,1.983718417e-13,2.765798316e-13,4.734194001e-13,4.655059293e-13,1.972309429e-13,3.242480427e-13,9.212298797e-14,3.06905084e-13,1.060695774e-13,1.70365793e-14,8.315495586e-14,1.254394916e-13,8.163517939e-14,1.045391696e-13,5.191411953e-13,2.426568009e-13,5.900974372e-13,1.059920391e-13,2.080743398e-13,6.787861822e-14
51.78125,3.326756834e-13,2.939461381e-13,4.829969295e-13,1.050817771e-13,2.588455143e-13,1.228297783e-13,1.22733526e-13,1.567726138e-13,6.508165861e-14,1.524721019e-13,1.650207386e-13,9.648380662e-14,2.012384924e-13,2.796945179e-13,4.753508655e-13,4.658964022e-13,1.979065574e-13,3.268973027e-13,9.298472233e-14,3.078547788e-13,1.058148502e-13,1.687078156e-14,8.333907902e-14,1.253983244e-13,8.134127259e-14,1.054223667e-13,5.21922451e-13,2.437120151e-13,5.896706979e-13,1.076899184e-13,2.077385514e-13,6.728744003e-14
51.7890625,3.332448637e-13,2.959684658e-13,4.806771857e-13,1.048906807e-13,2.631494842e-13,1.240107827e-13,1.233887043e-13,1.557048229e-13,6.414344162e-14,1.520750132e-13,1.648711196e-13,9.626765165e-14,2.040053348e-13,2.829482866e-13,4.771430322e-13,4.660877121e-13,1.98748594e-13,3.296315687e-13,9.387681149e-14,3.086431921e-13,1.056234052e-13,1.671201576e-14,8.351356239e-14,1.25318031e-13,8.104024706e-14,1.06271855e-13,5.244944047e-13,2.447993404e-13,5.888715398e-13,1.094559998e-13,2.0751808e-13,6.661046496e-14
51.796875,3.336403643e-13,2.98015155e-13,4.782444232e-13,1.046593632e-13,2.67396835e-13,1.252685066e-13,1.239965882e-13,1.545886038e-13,6.318625783e-14,1.516778719e-13,1.646536859e-13,9.605617071e-14,2.066769605e-13,2.862192784e-13,4.786722188e-13,4.660334871e-13,1.996860526e-13,3.324060007e-13,9.477793188e-14,3.096079585e-13,1.054579424e-13,1.653674666e-14,8.366863899e-14,1.251473132e-13,8.067949396e-14,1.071440847e-13,5.268350228e-13,2.458269518e-13,5.875344982e-13,1.112827671e-13,2.071671853e-13,6.589511271e-14
51.8046875,3.340657157e-13,2.999915782e-13,4.756599951e-13,1.042711294e-13,2.716314935e-13,1.265925988e-13,1.245572203e-13,1.534599332e-13,6.225142113e-14,1.512387003e-13,1.644519243e-13,9.583953115e-14,2.093517647e-13,2.895038495e-13,4.800485113e-13,4.657995997e-13,2.005177891e-13,3.352836805e-13,9.569813782e-14,3.108649327e-13,1.053313562e-13,1.635957727e-14,8.376371754e-14,1.249694735e-13,8.027540044e-14,1.080949056e-13,5.289650242e-13,2.466846867e-13,5.861138956e-13,1.130778551e-13,2.066626073e-13,6.519505839e-14
51.8125,3.343831156e-13,3.018956276e-13,4.73025329e-13,1.039144808e-13,2.75927717e-13,1.279689585e-13,1.251330304e-13,1.523816532e-13,6.134577123e-14,1.507871954e-13,1.643092966e-13,9.563085572e-14,2.12089533e-13,2.928328423e-13,4.814077891e-13,4.655089152e-13,2.013699265e-13,3.381706728e-13,9.659783944e-14,3.122482774e-13,1.052342887e-13,1.618868567e-14,8.384172213e-14,1.248383289e-13,7.986993135e-14,1.090329804e-13,5.309933238e-13,2.474531609e-13,5.845954991e-13,1.148269541e-13,2.061876732e-13,6.446017401e-14
51.8203125,3.344458881e-13,3.039665025e-13,4.701030306e-13,1.037241798e-13,2.802607094e-13,1.293544671e-13,1.257188188e-13,1.513460197e-13,6.044004187e-14,1.503198689e-13,1.64072561e-13,9.542275257e-14,2.147794957e-13,2.962156484e-13,4.825390807e-13,4.650033125e-13,2.022696662e-13,3.409984497e-13,9.745110654e-14,3.135336979e-13,1.051800621e-13,1.601349663e-14,8.393094641e-14,1.246561808e-13,7.942493279e-14,1.098904533e-13,5.327883069e-13,2.482303418e-13,5.82541328e-13,1.165907353e-13,2.057069577e-13,6.366441694e-14
51.828125,3.345428935e-13,3.059837116e-13,4.667159702e-13,1.035067283e-13,2.846134626e-13,1.30717538e-13,1.262502845e-13,1.502816847e-13,5.952212814e-14,1.497893404e-13,1.636769948e-13,9.52038614e-14,2.172835037e-13,2.995892585e-13,4.831656856e-13,4.63994445e-13,2.029273746e-13,3.438093764e-13,9.827046864e-14,3.146840184e-13,1.052124615e-13,1.583533113e-14,8.399712419e-14,1.244199581e-13,7.88955087e-14,1.107107743e-13,5.341823291e-13,2.489859934e-13,5.800553155e-13,1.183632895e-13,2.051048954e-13,6.285077442e-14
51.8359375,3.347984796e-13,3.075344263e-13,4.631224249e-13,1.031722081e-13,2.888985552e-13,1.321035131e-13,1.26710654e-13,1.49205243e-13,5.860966537e-14,1.492334501e-13,1.632161119e-13,9.498067202e-14,2.19628451e-13,3.027609126e-13,4.8332993e-13,4.624661481e-13,2.032280575e-13,3.464856877e-13,9.903616778e-14,3.159557416e-13,1.053024431e-13,1.5662525e-14,8.400606636e-14,1.242675912e-13,7.826737031e-14,1.11525193e-13,5.352248312e-13,2.496838622e-13,5.77390773e-13,1.201285652e-13,2.044329607e-13,6.203406521e-14
51.84375,3.349821162e-13,3.088716985e-13,4.594116669e-13,1.028318308e-13,2.930597722e-13,1.335265589e-13,1.271316653e-13,1.481844116e-13,5.772788936e-14,1.486350189e-13,1.626795992e-13,9.474270756e-14,2.218842893e-13,3.056696783e-13,4.832498726e-13,4.60687736e-13,2.034252837e-13,3.490174863e-13,9.975650943e-14,3.174066844e-13,1.05386701e-13,1.548644242e-14,8.395073613e-14,1.242212246e-13,7.756782541e-14,1.123416047e-13,5.359766019e-13,2.503051523e-13,5.744121279e-13,1.219201923e-13,2.036594096e-13,6.120654489e-14
51.8515625,3.349653669e-13,3.104280448e-13,4.554527731e-13,1.025017055e-13,2.97204896e-13,1.349086395e-13,1.275192495e-13,1.47179716e-13,5.686346226e-14,1.478925917e-13,1.62064916e-13,9.446931241e-14,2.240374486e-13,3.08527526e-13,4.830189536e-13,4.587896503e-13,2.037166973e-13,3.516399083e-13,1.004788676e-13,3.18739955e-13,1.054796782e-13,1.52933525e-14,8.38671486e-14,1.241680897e-13,7.686292906e-14,1.131762599e-13,5.365825816e-13,2.508474933e-13,5.71093424e-13,1.237301621e-13,2.026742748e-13,6.035404131e-14
51.859375,3.348075861e-13,3.121474245e-13,4.514350947e-13,1.021651282e-13,3.013340846e-13,1.362348679e-13,1.278540257e-13,1.461337794e-13,5.599005563e-14,1.470411795e-13,1.615028446e-13,9.420947962e-14,2.260933091e-13,3.114761735e-13,4.82637064e-13,4.566572691e-13,2.040122197e-13,3.543684162e-13,1.012164918e-13,3.200308355e-13,1.056355267e-13,1.509617073e-14,8.378260141e-14,1.240400869e-13,7.614664693e-14,1.140302471e-13,5.372376376e-13,2.51383924e-13,5.676673835e-13,1.255127344e-13,2.016156086e-13,5.9462079e-14
51.8671875,3.3463925e-13,3.13811203e-13,4.474941e-13,1.018649654e-13,3.054080836e-13,1.375971773e-13,1.281672652e-13,1.451008048e-13,5.514559698e-14,1.46198496e-13,1.609833e-13,9.40346654e-14,2.280609985e-13,3.144437744e-13,4.821352948e-13,4.543092442e-13,2.042170975e-13,3.570805212e-13,1.019848067e-13,3.215607234e-13,1.05872471e-13,1.492458741e-14,8.367355041e-14,1.238628501e-13,7.537614435e-14,1.149013776e-13,5.377724321e-13,2.519440706e-13,5.641952557e-13,1.272633759e-13,2.006679675e-13,5.856470966e-14
51.875,3.345031617e-13,3.154166595e-13,4.43394997e-13,1.016160979e-13,3.095586123e-13,1.390379418e-13,1.285015287e-13,1.441261338e-13,5.436336175e-14,1.453826109e-13,1.604092809e-13,9.392270337e-14,2.298921218e-13,3.17330786e-13,4.814563525e-13,4.518589952e-13,2.043948394e-13,3.598327946e-13,1.027999605e-13,3.231006357e-13,1.061566608e-13,1.478165013e-14,8.354025714e-14,1.236962425e-13,7.458987837e-14,1.157808369e-13,5.379375796e-13,2.524874084e-13,5.605097731e-13,1.290155993e-13,1.997786263e-13,5.768131394e-14
51.8828125,3.343052397e-13,3.171473158e-13,4.390903765e-13,1.014192416e-13,3.13677979e-13,1.405083399e-13,1.288114299e-13,1.431587521e-13,5.358647104e-14,1.445350414e-13,1.598682336e-13,9.380116921e-14,2.31590298e-13,3.200513492e-13,4.804499637e-13,4.492105232e-13,2.046019184e-13,3.626109815e-13,1.036300556e-13,3.24496009e-13,1.064156972e-13,1.464123662e-14,8.339400461e-14,1.235531656e-13,7.380516415e-14,1.166508082e-13,5.378480008e-13,2.530451153e-13,5.564477726e-13,1.307947062e-13,1.98871797e-13,5.67691194e-14
51.890625,3.340426945e-13,3.18999515e-13,4.347118077e-13,1.012431148e-13,3.175051413e-13,1.419729289e-13,1.290512342e-13,1.421568075e-13,5.277511244e-14,1.436039891e-13,1.593991183e-13,9.363083749e-14,2.331762605e-13,3.226116101e-13,4.790668003e-13,4.462067562e-13,2.047834527e-13,3.652794467e-13,1.044256694e-13,3.259325604e-13,1.066415679e-13,1.448642275e-14,8.320337102e-14,1.233774769e-13,7.297143109e-14,1.175109076e-13,5.375482911e-13,2.536081689e-13,5.519908036e-13,1.325662376e-13,1.978872091e-13,5.583064958e-14
51.8984375,3.336867383e-13,3.206392238e-13,4.30192881e-13,1.010141689e-13,3.212426114e-13,1.434453011e-13,1.292699146e-13,1.411470596e-13,5.196134985e-14,1.426064814e-13,1.588644449e-13,9.341018766e-14,2.346053327e-13,3.251688939e-13,4.773636751e-13,4.42842912e-13,2.048193894e-13,3.67833303e-13,1.051262944e-13,3.272015444e-13,1.069364281e-13,1.432068898e-14,8.29793658e-14,1.23142227e-13,7.209256405e-14,1.183508131e-13,5.368511323e-13,2.540493502e-13,5.472283856e-13,1.342766605e-13,1.967077313e-13,5.490473509e-14
51.90625,3.330803315e-13,3.220171236e-13,4.255331986e-13,1.007302079e-13,3.251203604e-13,1.449225575e-13,1.294994086e-13,1.401536035e-13,5.114473875e-14,1.415945798e-13,1.582641976e-13,9.317063027e-14,2.35909258e-13,3.277741103e-13,4.754270751e-13,4.392151546e-13,2.046784569e-13,3.703382609e-13,1.057247216e-13,3.281193742e-13,1.073423763e-13,1.415098571e-14,8.276991869e-14,1.228946952e-13,7.120033249e-14,1.191435633e-13,5.358383944e-13,2.54359054e-13,5.422260633e-13,1.35960934e-13,1.954395455e-13,5.396551465e-14
51.9140625,3.32311989e-13,3.234237526e-13,4.207870403e-13,1.004411773e-13,3.288640264e-13,1.463592339e-13,1.296917193e-13,1.391358369e-13,5.029820941e-14,1.405602704e-13,1.576970303e-13,9.293149812e-14,2.371470778e-13,3.302652237e-13,4.732411738e-13,4.353382832e-13,2.044411721e-13,3.727936589e-13,1.063199591e-13,3.290338491e-13,1.077722e-13,1.398123014e-14,8.255372092e-14,1.226505693e-13,7.027629686e-14,1.199036225e-13,5.347791083e-13,2.546404163e-13,5.370420112e-13,1.376741798e-13,1.942926179e-13,5.298667526e-14
51.921875,3.315195542e-13,3.248329533e-13,4.158477449e-13,1.001494316e-13,3.323018665e-13,1.477748294e-13,1.298222779e-13,1.38060147e-13,4.945299489e-14,1.394918357e-13,1.571300019e-13,9.268225726e-14,2.382290039e-13,3.325037942e-13,4.706305627e-13,4.311258947e-13,2.040884588e-13,3.751508151e-13,1.069206777e-13,3.300736062e-13,1.08173365e-13,1.381623013e-14,8.229473145e-14,1.223783581e-13,6.930122601e-14,1.206728718e-13,5.336885126e-13,2.548963969e-13,5.317164096e-13,1.39374287e-13,1.931730875e-13,5.20000086e-14
51.9296875,3.305730248e-13,3.262039038e-13,4.107989673e-13,9.984753418e-14,3.356429132e-13,1.492754333e-13,1.299360598e-13,1.369969944e-13,4.865468133e-14,1.384006896e-13,1.565373791e-13,9.243285546e-14,2.391086676e-13,3.345220106e-13,4.676749171e-13,4.267500869e-13,2.036240769e-13,3.77454159e-13,1.074248824e-13,3.311203383e-13,1.085628336e-13,1.366100582e-14,8.201549719e-14,1.221154641e-13,6.829362649e-14,1.214529162e-13,5.323850335e-13,2.551016804e-13,5.261598685e-13,1.410166989e-13,1.919462546e-13,5.102317738e-14
51.9375,3.29545378e-13,3.277518013e-13,4.058100852e-13,9.956240991e-14,3.390078659e-13,1.508719683e-13,1.300681305e-13,1.36010959e-13,4.788621062e-14,1.372394915e-13,1.559751335e-13,9.217903674e-14,2.399374255e-13,3.365200016e-13,4.647310923e-13,4.224891243e-13,2.032512685e-13,3.799042267e-13,1.078926303e-13,3.322153662e-13,1.089521741e-13,1.351465202e-14,8.174158595e-14,1.218971441e-13,6.729104051e-14,1.222189612e-13,5.307480582e-13,2.552756234e-13,5.203586136e-13,1.42634055e-13,1.907001112e-13,5.00349631e-14
51.9453125,3.286286781e-13,3.292975203e-13,4.007283109e-13,9.927877385e-14,3.423939937e-13,1.525077415e-13,1.301939196e-13,1.350364584e-13,4.709574393e-14,1.360045121e-13,1.554398558e-13,9.18925519e-14,2.408664743e-13,3.38700086e-13,4.617843776e-13,4.181464e-13,2.029605757e-13,3.825536133e-13,1.084409891e-13,3.331801268e-13,1.093854988e-13,1.337138854e-14,8.146300844e-14,1.21621601e-13,6.631212876e-14,1.229896201e-13,5.288650913e-13,2.553878999e-13,5.145133357e-13,1.442507821e-13,1.894944153e-13,4.901040852e-14
51.953125,3.27652952e-13,3.306173497e-13,3.954806511e-13,9.891749358e-14,3.458040406e-13,1.54230849e-13,1.303005609e-13,1.340184276e-13,4.627904275e-14,1.347993162e-13,1.54879014e-13,9.160982022e-14,2.418910084e-13,3.409748161e-13,4.585967231e-13,4.135312373e-13,2.02499336e-13,3.851822314e-13,1.089857097e-13,3.338741703e-13,1.098956108e-13,1.323058486e-14,8.115593691e-14,1.212378433e-13,6.53379515e-14,1.238001145e-13,5.269471887e-13,2.554505298e-13,5.086480562e-13,1.45854071e-13,1.88336204e-13,4.79515887e-14
51.9609375,3.265652307e-13,3.320565466e-13,3.902054821e-13,9.852670953e-14,3.491031343e-13,1.560069731e-13,1.304209129e-13,1.330030036e-13,4.548361296e-14,1.336508857e-13,1.542859375e-13,9.136136956e-14,2.428256324e-13,3.430687294e-13,4.551945508e-13,4.088878051e-13,2.019164203e-13,3.876536434e-13,1.09433257e-13,3.345598391e-13,1.10418743e-13,1.309315503e-14,8.081877743e-14,1.208681523e-13,6.434750451e-14,1.246025061e-13,5.250058918e-13,2.555982335e-13,5.025574395e-13,1.474365986e-13,1.872044378e-13,4.690402379e-14
51.96875,3.256234676e-13,3.336558401e-13,3.848662488e-13,9.825826046e-14,3.52114076e-13,1.576849206e-13,1.305515324e-13,1.3200301e-13,4.471521815e-14,1.325049087e-13,1.53716629e-13,9.109080163e-14,2.434821528e-13,3.449252587e-13,4.515693864e-13,4.041811412e-13,2.014008352e-13,3.900449401e-13,1.098345027e-13,3.352326067e-13,1.10924932e-13,1.295167936e-14,8.047075394e-14,1.205439574e-13,6.333497324e-14,1.253277028e-13,5.228707871e-13,2.558518233e-13,4.962572262e-13,1.489903594e-13,1.859761749e-13,4.589825522e-14
51.9765625,3.248272179e-13,3.349634221e-13,3.794987923e-13,9.798311217e-14,3.548553487e-13,1.593870091e-13,1.306745432e-13,1.309892816e-13,4.393640504e-14,1.313746281e-13,1.531797115e-13,9.079444184e-14,2.439700388e-13,3.466769445e-13,4.477058983e-13,3.992342524e-13,2.008790435e-13,3.92457038e-13,1.102083472e-13,3.356927944e-13,1.11491335e-13,1.280060237e-14,8.010678576e-14,1.201677379e-13,6.230661931e-14,1.260271406e-13,5.205009609e-13,2.56012194e-13,4.898682378e-13,1.505006666e-13,1.846978023e-13,4.491261709e-14
51.984375,3.23920992e-13,3.360711717e-13,3.742373145e-13,9.748107438e-14,3.574460469e-13,1.613168076e-13,1.308214191e-13,1.299801215e-13,4.316215055e-14,1.30256879e-13,1.525708158e-13,9.052676786e-14,2.444557628e-13,3.482867448e-13,4.437853377e-13,3.943112107e-13,2.002305709e-13,3.948272052e-13,1.10498935e-13,3.361404674e-13,1.121463014e-13,1.264530601e-14,7.97267855e-14,1.197427506e-13,6.127777132e-14,1.267863716e-13,5.179396291e-13,2.559680998e-13,4.833145441e-13,1.519702798e-13,1.835165364e-13,4.394388446e-14
51.9921875,3.226846538e-13,3.373543968e-13,3.689098421e-13,9.697144397e-14,3.598442344e-13,1.632829562e-13,1.309824852e-13,1.289919289e-13,4.242384342e-14,1.290788931e-13,1.519121613e-13,9.024632241e-14,2.447708884e-13,3.495928135e-13,4.397223175e-13,3.894311971e-13,1.994587567e-13,3.969173723e-13,1.106770321e-13,3.366854139e-13,1.128293674e-13,1.249434895e-14,7.937026664e-14,1.193019884e-13,6.023549329e-14,1.275823414e-13,5.151885034e-13,2.558772843e-13,4.766235195e-13,1.534283563e-13,1.823072961e-13,4.300698207e-14
52,3.211561075e-13,3.387176012e-13,3.634879043e-13,9.665430694e-14,3.619113877e-13,1.651046191e-13,1.311233067e-13,1.280176872e-13,4.169801554e-14,1.278665304e-13,1.514016878e-13,8.990885842e-14,2.4480164e-13,3.506845437e-13,4.353851832e-13,3.843090553e-13,1.986903019e-13,3.987734217e-13,1.107815407e-13,3.37128784e-13,1.135058683e-13,1.235428798e-14,7.903835211e-14,1.188427222e-13,5.917405149e-14,1.28355176e-13,5.123006864e-13,2.558878472e-13,4.699587308e-13,1.549013674e-13,1.810289809e-13,4.207092623e-14
52.0078125,3.196988362e-13,3.400309765e-13,3.583293675e-13,9.624212199e-14,3.637067071e-13,1.66979445e-13,1.31305051e-13,1.270691284e-13,4.097846594e-14,1.267198962e-13,1.510352797e-13,8.959498944e-14,2.4480315e-13,3.518296455e-13,4.310612875e-13,3.791274798e-13,1.980691507e-13,4.007880216e-13,1.108962707e-13,3.374656075e-13,1.141976993e-13,1.22298545e-14,7.869420218e-14,1.18429806e-13,5.814859254e-14,1.291114082e-13,5.093168523e-13,2.55911603e-13,4.632645465e-13,1.563663223e-13,1.799194616e-13,4.112414243e-14
52.015625,3.182993488e-13,3.412994448e-13,3.534388664e-13,9.561173957e-14,3.65398164e-13,1.690091483e-13,1.315602948e-13,1.261474759e-13,4.029063881e-14,1.255957451e-13,1.506327041e-13,8.935565666e-14,2.44906665e-13,3.530000566e-13,4.267682293e-13,3.740195929e-13,1.974085411e-13,4.029022832e-13,1.110099645e-13,3.377747895e-13,1.149361763e-13,1.21199697e-14,7.835080425e-14,1.180463348e-13,5.717360345e-14,1.298953544e-13,5.062094781e-13,2.557704012e-13,4.564708298e-13,1.577558736e-13,1.789392219e-13,4.02132407e-14
52.0234375,3.165347396e-13,3.422774722e-13,3.484807117e-13,9.502598098e-14,3.670156055e-13,1.710787543e-13,1.318019032e-13,1.252545731e-13,3.961927302e-14,1.243810945e-13,1.501768379e-13,8.912514105e-14,2.449562823e-13,3.539689386e-13,4.221762599e-13,3.687032908e-13,1.964490511e-13,4.046985555e-13,1.110044866e-13,3.380013222e-13,1.157206776e-13,1.201449106e-14,7.802740953e-14,1.175907597e-13,5.618770962e-14,1.306932293e-13,5.030014878e-13,2.553726883e-13,4.496940336e-13,1.590246537e-13,1.778750785e-13,3.933059229e-14
52.03125,3.146074849e-13,3.428719837e-13,3.434333475e-13,9.454318636e-14,3.685874523e-13,1.732254512e-13,1.320006254e-13,1.244104675e-13,3.895353995e-14,1.231231437e-13,1.496976588e-13,8.887768177e-14,2.449098497e-13,3.547832327e-13,4.173566261e-13,3.631834147e-13,1.953575806e-13,4.062434298e-13,1.108824105e-13,3.380982049e-13,1.165367589e-13,1.190554552e-14,7.770204109e-14,1.171228771e-13,5.516966109e-14,1.31421174e-13,4.996990096e-13,2.547649922e-13,4.429253068e-13,1.601971981e-13,1.768289104e-13,3.841781234e-14
52.0390625,3.128979383e-13,3.435055878e-13,3.384713202e-13,9.405055743e-14,3.700903275e-13,1.755296968e-13,1.322149524e-13,1.235776302e-13,3.831262e-14,1.219293483e-13,1.491683302e-13,8.866112658e-14,2.448155889e-13,3.555359208e-13,4.123987127e-13,3.575950201e-13,1.942845357e-13,4.077181138e-13,1.107462333e-13,3.379894692e-13,1.174048387e-13,1.180098298e-14,7.737674892e-14,1.166758271e-13,5.413022405e-14,1.320701496e-13,4.962478048e-13,2.541224953e-13,4.360751966e-13,1.613421288e-13,1.759142377e-13,3.748883882e-14
52.046875,3.110963365e-13,3.444445804e-13,3.336757336e-13,9.356115152e-14,3.712782275e-13,1.779111294e-13,1.324576456e-13,1.227057757e-13,3.767781031e-14,1.207818143e-13,1.486700706e-13,8.846740996e-14,2.446115113e-13,3.560664772e-13,4.071184696e-13,3.518561247e-13,1.931108807e-13,4.089653381e-13,1.105748255e-13,3.37673592e-13,1.183331472e-13,1.171023139e-14,7.707194697e-14,1.161346661e-13,5.306980697e-14,1.327105345e-13,4.926792726e-13,2.53566349e-13,4.291937315e-13,1.624862287e-13,1.750318414e-13,3.659068057e-14
52.0546875,3.090265309e-13,3.45314786e-13,3.291124426e-13,9.309519482e-14,3.720614292e-13,1.803129028e-13,1.327354387e-13,1.2185242e-13,3.703762509e-14,1.19647047e-13,1.482775104e-13,8.825913218e-14,2.442492429e-13,3.563329977e-13,4.016553892e-13,3.461012533e-13,1.919192711e-13,4.100106445e-13,1.102925757e-13,3.373209737e-13,1.192734539e-13,1.162899276e-14,7.677578002e-14,1.155753678e-13,5.202109853e-14,1.333035157e-13,4.890136696e-13,2.529857811e-13,4.222575693e-13,1.635809584e-13,1.741750766e-13,3.571370611e-14
52.0625,3.068252242e-13,3.456945116e-13,3.247905128e-13,9.264120166e-14,3.725671574e-13,1.828042462e-13,1.330987905e-13,1.210939395e-13,3.644080549e-14,1.185539833e-13,1.479470127e-13,8.806807049e-14,2.436975011e-13,3.563955352e-13,3.961863849e-13,3.404903672e-13,1.908169343e-13,4.109331897e-13,1.098982306e-13,3.369425083e-13,1.202042114e-13,1.155991319e-14,7.648261072e-14,1.151267496e-13,5.099540895e-14,1.337807639e-13,4.851514672e-13,2.521913832e-13,4.151922739e-13,1.645876069e-13,1.734284258e-13,3.484693709e-14
52.0703125,3.043238174e-13,3.457875665e-13,3.206032405e-13,9.218622276e-14,3.727104761e-13,1.85415779e-13,1.335289402e-13,1.204128285e-13,3.590976891e-14,1.174954858e-13,1.476559541e-13,8.792085104e-14,2.428924664e-13,3.560899547e-13,3.905299353e-13,3.348685492e-13,1.896450491e-13,4.115470584e-13,1.094008269e-13,3.363762659e-13,1.211723489e-13,1.151451244e-14,7.621482973e-14,1.146623536e-13,4.995471176e-14,1.342213755e-13,4.810997033e-13,2.511864872e-13,4.081312942e-13,1.65532671e-13,1.727882569e-13,3.400944529e-14
52.078125,3.016474566e-13,3.460565777e-13,3.164493314e-13,9.172925519e-14,3.725156599e-13,1.880389333e-13,1.339129189e-13,1.197683664e-13,3.541548512e-14,1.164590163e-13,1.473941611e-13,8.778122036e-14,2.419368512e-13,3.554740196e-13,3.84737803e-13,3.292103444e-13,1.883854724e-13,4.11975767e-13,1.088357086e-13,3.356583849e-13,1.222302746e-13,1.148864865e-14,7.59810445e-14,1.141307392e-13,4.890784563e-14,1.346939917e-13,4.770101693e-13,2.501519102e-13,4.012201305e-13,1.664483071e-13,1.721992363e-13,3.319827907e-14
52.0859375,2.991367603e-13,3.46457015e-13,3.123976365e-13,9.132386479e-14,3.723722333e-13,1.906451356e-13,1.34225763e-13,1.191471473e-13,3.493283785e-14,1.154591423e-13,1.471646321e-13,8.764258495e-14,2.410539683e-13,3.549682543e-13,3.790742695e-13,3.23646516e-13,1.871894844e-13,4.125410873e-13,1.082833247e-13,3.349279059e-13,1.233788258e-13,1.14775105e-14,7.577511437e-14,1.136473083e-13,4.789384744e-14,1.35158133e-13,4.729234768e-13,2.491702311e-13,3.94422467e-13,1.673277149e-13,1.716237003e-13,3.239336939e-14
52.09375,2.965509489e-13,3.466545064e-13,3.086497355e-13,9.091861011e-14,3.7234839e-13,1.934377452e-13,1.346005116e-13,1.185483307e-13,3.444257153e-14,1.144606857e-13,1.470377481e-13,8.754028097e-14,2.402804113e-13,3.546171033e-13,3.734889493e-13,3.181453913e-13,1.860705611e-13,4.131145015e-13,1.07744619e-13,3.34123535e-13,1.245542599e-13,1.148423275e-14,7.560055683e-14,1.131798564e-13,4.691263161e-14,1.355912059e-13,4.687377062e-13,2.48136266e-13,3.876595239e-13,1.68149327e-13,1.710949791e-13,3.158844943e-14
52.1015625,2.938110773e-13,3.467000443e-13,3.051736584e-13,9.041921444e-14,3.721184766e-13,1.964726285e-13,1.351046714e-13,1.180017172e-13,3.395913942e-14,1.134744119e-13,1.469901969e-13,8.747528742e-14,2.395083115e-13,3.541006384e-13,3.678786856e-13,3.126754772e-13,1.849407267e-13,4.134856633e-13,1.071458687e-13,3.331457093e-13,1.257165602e-13,1.149946517e-14,7.545079323e-14,1.126910455e-13,4.595477219e-14,1.359801907e-13,4.643882731e-13,2.470020065e-13,3.808785038e-13,1.689078249e-13,1.706579275e-13,3.079887328e-14
52.109375,2.912184329e-13,3.467926129e-13,3.017089992e-13,8.993792508e-14,3.715994508e-13,1.995025183e-13,1.356359315e-13,1.175251516e-13,3.35363591e-14,1.126110306e-13,1.469314123e-13,8.74316175e-14,2.38691294e-13,3.533558139e-13,3.622820525e-13,3.072115837e-13,1.836386435e-13,4.136662849e-13,1.064604781e-13,3.32096715e-13,1.269262108e-13,1.152773559e-14,7.530436491e-14,1.122443795e-13,4.50119098e-14,1.36304384e-13,4.599269704e-13,2.458301288e-13,3.741104575e-13,1.696133258e-13,1.702697533e-13,3.005961582e-14
52.1171875,2.88566852e-13,3.468480938e-13,2.982876197e-13,8.954474423e-14,3.708820719e-13,2.024448285e-13,1.361272553e-13,1.170708229e-13,3.316712037e-14,1.118559628e-13,1.469020729e-13,8.742149814e-14,2.378240634e-13,3.524829534e-13,3.566571863e-13,3.016966786e-13,1.821356042e-13,4.136386497e-13,1.057198084e-13,3.310406767e-13,1.28228855e-13,1.158947304e-14,7.516924963e-14,1.117806217e-13,4.407908683e-14,1.365799795e-13,4.554263535e-13,2.446116709e-13,3.674748171e-13,1.702582386e-13,1.699155416e-13,2.937117085e-14
52.125,2.857404467e-13,3.46828364e-13,2.951419831e-13,8.91596174e-14,3.699904166e-13,2.054265093e-13,1.36616372e-13,1.165989872e-13,3.279098122e-14,1.110788036e-13,1.46929351e-13,8.745934036e-14,2.369124758e-13,3.515316651e-13,3.510051618e-13,2.962914146e-13,1.807325744e-13,4.135432728e-13,1.049796978e-13,3.297853011e-13,1.295738194e-13,1.166712407e-14,7.507023676e-14,1.112349185e-13,4.317216361e-14,1.368013181e-13,4.508637094e-13,2.433657694e-13,3.609554548e-13,1.708314203e-13,1.696545996e-13,2.868092961e-14
52.1328125,2.8308509e-13,3.468400848e-13,2.922273895e-13,8.883256604e-14,3.689659488e-13,2.084729511e-13,1.371357694e-13,1.161330068e-13,3.241120142e-14,1.103046958e-13,1.46954495e-13,8.751395863e-14,2.359662541e-13,3.505484516e-13,3.453816409e-13,2.911007962e-13,1.795421323e-13,4.135332805e-13,1.04264003e-13,3.282134294e-13,1.309197377e-13,1.174057756e-14,7.499388241e-14,1.106553905e-13,4.228514676e-14,1.369801973e-13,4.461838719e-13,2.4216237e-13,3.544296772e-13,1.713710493e-13,1.694759045e-13,2.797146921e-14
52.140625,2.804391951e-13,3.467851795e-13,2.894200355e-13,8.85455131e-14,3.677206164e-13,2.116195772e-13,1.377175997e-13,1.156951997e-13,3.206809247e-14,1.096183331e-13,1.470252595e-13,8.752411025e-14,2.349384277e-13,3.494127954e-13,3.396662116e-13,2.858743061e-13,1.782795803e-13,4.133013228e-13,1.035042242e-13,3.265039473e-13,1.322836932e-13,1.18349394e-14,7.492676489e-14,1.100550382e-13,4.139951936e-14,1.371710007e-13,4.413827688e-13,2.408640832e-13,3.479396825e-13,1.718996384e-13,1.693103407e-13,2.728154918e-14
52.1484375,2.775346725e-13,3.465536288e-13,2.867507787e-13,8.812420168e-14,3.66148365e-13,2.148942268e-13,1.383746926e-13,1.152839798e-13,3.176432138e-14,1.089439401e-13,1.471876378e-13,8.748935504e-14,2.338189813e-13,3.479800431e-13,3.33788456e-13,2.805081005e-13,1.768245586e-13,4.126226157e-13,1.026405716e-13,3.24828401e-13,1.337038179e-13,1.195699269e-14,7.489379015e-14,1.094898433e-13,4.053579853e-14,1.373100521e-13,4.364680832e-13,2.393218433e-13,3.416103836e-13,1.723440661e-13,1.691162258e-13,2.663226069e-14
52.15625,2.746096378e-13,3.462042187e-13,2.842174276e-13,8.763172864e-14,3.644600274e-13,2.181882047e-13,1.390734492e-13,1.149183462e-13,3.149793276e-14,1.082337716e-13,1.473595764e-13,8.747985791e-14,2.327095545e-13,3.463956055e-13,3.279150863e-13,2.751684301e-13,1.752326686e-13,4.117608288e-13,1.017200045e-13,3.231386484e-13,1.352146836e-13,1.208898523e-14,7.489402138e-14,1.090210627e-13,3.970305426e-14,1.373123365e-13,4.314664925e-13,2.376460063e-13,3.354319498e-13,1.726586157e-13,1.688886272e-13,2.60174506e-14
52.1640625,2.715872441e-13,3.456023281e-13,2.818593607e-13,8.719039513e-14,3.627872314e-13,2.215400277e-13,1.39829096e-13,1.146148439e-13,3.126907818e-14,1.075955429e-13,1.475267365e-13,8.753211816e-14,2.316530834e-13,3.447582024e-13,3.221318392e-13,2.69826909e-13,1.734773454e-13,4.107997704e-13,1.007863062e-13,3.213091038e-13,1.367929438e-13,1.2243347e-14,7.489474861e-14,1.08509256e-13,3.88774696e-14,1.372642708e-13,4.263805189e-13,2.358886735e-13,3.293023613e-13,1.729242542e-13,1.687028774e-13,2.542311399e-14
52.171875,2.682884222e-13,3.446211026e-13,2.798375795e-13,8.669050098e-14,3.608800774e-13,2.250950497e-13,1.406552481e-13,1.143322288e-13,3.105724627e-14,1.070557093e-13,1.477527082e-13,8.763796555e-14,2.305841168e-13,3.429360036e-13,3.163994482e-13,2.644963946e-13,1.716844541e-13,4.095750561e-13,9.981398122e-14,3.193526482e-13,1.383834609e-13,1.242554896e-14,7.489360201e-14,1.078801824e-13,3.806062728e-14,1.372213864e-13,4.211361291e-13,2.339858409e-13,3.231495951e-13,1.731958664e-13,1.68676428e-13,2.483233988e-14
52.1796875,2.651255412e-13,3.436209354e-13,2.781576773e-13,8.612417783e-14,3.58695781e-13,2.287829222e-13,1.41475901e-13,1.140154725e-13,3.085840763e-14,1.065288125e-13,1.480582069e-13,8.778939169e-14,2.294836739e-13,3.409881207e-13,3.10781277e-13,2.594572892e-13,1.699857547e-13,4.081745854e-13,9.878540418e-14,3.173515952e-13,1.399820738e-13,1.262091771e-14,7.490554186e-14,1.072847181e-13,3.72552298e-14,1.371092557e-13,4.157550576e-13,2.320327821e-13,3.17021776e-13,1.734094744e-13,1.688150235e-13,2.425848275e-14
52.1875,2.622310557e-13,3.42973882e-13,2.766363128e-13,8.565857971e-14,3.565135814e-13,2.32493027e-13,1.422592396e-13,1.136838237e-13,3.068665841e-14,1.060167803e-13,1.484826606e-13,8.794943679e-14,2.283676184e-13,3.39089463e-13,3.052726288e-13,2.54682185e-13,1.682304957e-13,4.066714252e-13,9.770572107e-14,3.15185455e-13,1.415945838e-13,1.283878114e-14,7.494758832e-14,1.067367953e-13,3.64349148e-14,1.369280781e-13,4.103263804e-13,2.300943272e-13,3.110711578e-13,1.73532615e-13,1.689700023e-13,2.372822323e-14
52.1953125,2.591774098e-13,3.424722186e-13,2.751725406e-13,8.534447119e-14,3.542867725e-13,2.361957327e-13,1.43037282e-13,1.133974396e-13,3.054361172e-14,1.05533918e-13,1.490105652e-13,8.809242925e-14,2.271816461e-13,3.371399448e-13,2.997291145e-13,2.498699623e-13,1.663809317e-13,4.049165257e-13,9.659098404e-14,3.128043003e-13,1.432284197e-13,1.309191609e-14,7.504919478e-14,1.061298825e-13,3.560400354e-14,1.367244699e-13,4.047795784e-13,2.280947736e-13,3.053549455e-13,1.736232284e-13,1.690395387e-13,2.323349678e-14
52.203125,2.559388043e-13,3.417107667e-13,2.738340897e-13,8.508890911e-14,3.517394451e-13,2.398551774e-13,1.438056995e-13,1.131492242e-13,3.043962318e-14,1.050178811e-13,1.495117738e-13,8.826660245e-14,2.258709494e-13,3.349984368e-13,2.941941257e-13,2.450758935e-13,1.646243415e-13,4.029348137e-13,9.547808225e-14,3.104810474e-13,1.449268116e-13,1.338347009e-14,7.520327056e-14,1.055262964e-13,3.480445264e-14,1.364785308e-13,3.990868298e-13,2.260412698e-13,2.997419242e-13,1.736953849e-13,1.691762455e-13,2.275973481e-14
52.2109375,2.528615205e-13,3.406604156e-13,2.726751218e-13,8.476213494e-14,3.49005734e-13,2.43541566e-13,1.44589346e-13,1.128796611e-13,3.038694378e-14,1.045070691e-13,1.499651607e-13,8.84956613e-14,2.245215685e-13,3.327841217e-13,2.888378467e-13,2.404792363e-13,1.629475036e-13,4.00930342e-13,9.436402501e-14,3.081644345e-13,1.466474208e-13,1.371056423e-14,7.535445661e-14,1.049950043e-13,3.404832773e-14,1.36173483e-13,3.933623717e-13,2.239461685e-13,2.94080345e-13,1.737045633e-13,1.695402219e-13,2.230341882e-14
52.21875,2.499872498e-13,3.395637544e-13,2.715751866e-13,8.437037164e-14,3.464065337e-13,2.472928909e-13,1.454124324e-13,1.12583133e-13,3.03680448e-14,1.040907153e-13,1.504446195e-13,8.872388534e-14,2.232983743e-13,3.306586767e-13,2.836629127e-13,2.360114432e-13,1.612091991e-13,3.989572785e-13,9.320353046e-14,3.055056901e-13,1.482926509e-13,1.404605941e-14,7.547708227e-14,1.044922548e-13,3.330876548e-14,1.358117755e-13,3.875518057e-13,2.217498375e-13,2.883965413e-13,1.736472896e-13,1.699777281e-13,2.184969571e-14
52.2265625,2.470512638e-13,3.385272681e-13,2.704609215e-13,8.409372869e-14,3.438787362e-13,2.510193618e-13,1.462031645e-13,1.123073024e-13,3.036401112e-14,1.036863223e-13,1.509237619e-13,8.892947148e-14,2.221758754e-13,3.2860019e-13,2.786454962e-13,2.316326415e-13,1.594030624e-13,3.968857378e-13,9.201710051e-14,3.02699608e-13,1.4993568e-13,1.439586587e-14,7.561490072e-14,1.039978501e-13,3.257128095e-14,1.354072645e-13,3.816079284e-13,2.194457901e-13,2.82886115e-13,1.735279471e-13,1.703246782e-13,2.140153075e-14
52.234375,2.439506642e-13,3.375198223e-13,2.695032985e-13,8.400555497e-14,3.412617439e-13,2.547693108e-13,1.46934783e-13,1.120663189e-13,3.036599981e-14,1.0322138e-13,1.514211159e-13,8.914593832e-14,2.209565283e-13,3.265557028e-13,2.738378142e-13,2.273444458e-13,1.575525645e-13,3.945871948e-13,9.087239427e-14,2.99964447e-13,1.516955163e-13,1.480088542e-14,7.58254792e-14,1.034420302e-13,3.184464036e-14,1.349835987e-13,3.757050451e-13,2.170720829e-13,2.776358426e-13,1.733179622e-13,1.70633184e-13,2.098655409e-14
52.2421875,2.40991044e-13,3.36584153e-13,2.687576082e-13,8.402249925e-14,3.387232861e-13,2.585532007e-13,1.476767079e-13,1.118359584e-13,3.03653811e-14,1.028144068e-13,1.520171256e-13,8.936768033e-14,2.196583169e-13,3.246586579e-13,2.692365184e-13,2.231075801e-13,1.556863053e-13,3.921477138e-13,8.976018581e-14,2.970078573e-13,1.535120903e-13,1.522886845e-14,7.609764107e-14,1.027494097e-13,3.113034795e-14,1.345128149e-13,3.698289576e-13,2.147263749e-13,2.724794801e-13,1.730331869e-13,1.708701388e-13,2.061335763e-14
52.25,2.382960029e-13,3.356997386e-13,2.680546517e-13,8.406641295e-14,3.363270822e-13,2.622444363e-13,1.484510176e-13,1.116269496e-13,3.039709302e-14,1.025069126e-13,1.52605934e-13,8.95755578e-14,2.184828323e-13,3.230079088e-13,2.648485363e-13,2.190444702e-13,1.538621059e-13,3.897482854e-13,8.862568911e-14,2.939560816e-13,1.553396007e-13,1.564507084e-14,7.63801945e-14,1.020744825e-13,3.043655724e-14,1.339891469e-13,3.638451132e-13,2.124339551e-13,2.673499831e-13,1.727109425e-13,1.710286194e-13,2.027639471e-14
52.2578125,2.354469491e-13,3.347489001e-13,2.674299409e-13,8.408310811e-14,3.337089847e-13,2.660310743e-13,1.492551078e-13,1.114877831e-13,3.052075403e-14,1.02196783e-13,1.530773394e-13,8.981223346e-14,2.174044608e-13,3.213588627e-13,2.60677916e-13,2.151911337e-13,1.520586825e-13,3.873014891e-13,8.748451945e-14,2.912166312e-13,1.572466033e-13,1.611499275e-14,7.669354063e-14,1.015850493e-13,2.979247941e-14,1.334700863e-13,3.579086562e-13,2.099839976e-13,2.624795435e-13,1.723306499e-13,1.713658812e-13,1.996868679e-14
52.265625,2.323990302e-13,3.337719894e-13,2.67032043e-13,8.415029788e-14,3.307097458e-13,2.701333197e-13,1.50118927e-13,1.114246348e-13,3.073199315e-14,1.019040965e-13,1.535562639e-13,9.011542578e-14,2.162772431e-13,3.195116903e-13,2.566320184e-13,2.113454985e-13,1.502316271e-13,3.846130825e-13,8.638339872e-14,2.885524313e-13,1.591982803e-13,1.666292248e-14,7.707507086e-14,1.011726041e-13,2.918664777e-14,1.32912042e-13,3.520722942e-13,2.073613731e-13,2.579679612e-13,1.718906616e-13,1.719785876e-13,1.967333133e-14
52.2734375,2.296085339e-13,3.328019249e-13,2.667990578e-13,8.438976242e-14,3.276696412e-13,2.74288401e-13,1.510284761e-13,1.113988745e-13,3.098270818e-14,1.016892107e-13,1.541378039e-13,9.044775683e-14,2.151329284e-13,3.176712558e-13,2.527240934e-13,2.075553248e-13,1.483709191e-13,3.817322309e-13,8.528913263e-14,2.857150795e-13,1.611126287e-13,1.722555343e-14,7.745886543e-14,1.007278635e-13,2.856518941e-14,1.322180573e-13,3.460782261e-13,2.0485579e-13,2.535883037e-13,1.71430572e-13,1.726647615e-13,1.938664906e-14
52.28125,2.269429997e-13,3.317405308e-13,2.666698318e-13,8.468903675e-14,3.246999523e-13,2.782638463e-13,1.519283787e-13,1.114054685e-13,3.125063884e-14,1.014710821e-13,1.547739375e-13,9.076149228e-14,2.140128999e-13,3.159385153e-13,2.490944458e-13,2.040838012e-13,1.464478703e-13,3.787533166e-13,8.413597453e-14,2.82893496e-13,1.630459764e-13,1.778797116e-14,7.77882236e-14,1.003284708e-13,2.793050998e-14,1.31424767e-13,3.399043167e-13,2.02412616e-13,2.492292805e-13,1.709182423e-13,1.733280799e-13,1.911827403e-14
52.2890625,2.240545913e-13,3.307212424e-13,2.666476722e-13,8.497114441e-14,3.215480283e-13,2.821919025e-13,1.527982553e-13,1.114585088e-13,3.154018118e-14,1.012276787e-13,1.554504806e-13,9.105160189e-14,2.12885442e-13,3.141383258e-13,2.45757038e-13,2.009573031e-13,1.445153311e-13,3.756731715e-13,8.295071925e-14,2.801285003e-13,1.650601362e-13,1.837525237e-14,7.812956077e-14,9.998010326e-14,2.732976449e-14,1.306039269e-13,3.337656692e-13,1.997880751e-13,2.450392734e-13,1.702964474e-13,1.739900563e-13,1.886654601e-14
52.296875,2.212676665e-13,3.299270221e-13,2.667110958e-13,8.535971566e-14,3.183188388e-13,2.862071607e-13,1.536701848e-13,1.115351543e-13,3.187414165e-14,1.010582436e-13,1.561381029e-13,9.134545659e-14,2.11814758e-13,3.123525097e-13,2.426373408e-13,1.980529991e-13,1.42656748e-13,3.72550968e-13,8.180154138e-14,2.773986177e-13,1.671293803e-13,1.900062188e-14,7.854551648e-14,9.960162307e-14,2.675978921e-14,1.29756294e-13,3.27687927e-13,1.971182083e-13,2.410782252e-13,1.695905104e-13,1.746793607e-13,1.863276953e-14
52.3046875,2.188067168e-13,3.291722001e-13,2.67019271e-13,8.577815661e-14,3.153248828e-13,2.903727555e-13,1.545918196e-13,1.116254466e-13,3.22653815e-14,1.009426422e-13,1.567972553e-13,9.168032523e-14,2.10871237e-13,3.107868809e-13,2.396970711e-13,1.952390847e-13,1.407471053e-13,3.694067975e-13,8.06603181e-14,2.747292396e-13,1.692577588e-13,1.967429086e-14,7.900790725e-14,9.922689e-14,2.619439225e-14,1.288654129e-13,3.215705792e-13,1.944887632e-13,2.372571522e-13,1.688233105e-13,1.754696569e-13,1.842119623e-14
52.3125,2.163921532e-13,3.282319961e-13,2.677112839e-13,8.613418612e-14,3.124580738e-13,2.946660445e-13,1.555563927e-13,1.11759775e-13,3.269247172e-14,1.007745832e-13,1.575146667e-13,9.204418065e-14,2.100259252e-13,3.093615629e-13,2.369460703e-13,1.924419457e-13,1.386304006e-13,3.661324e-13,7.945870738e-14,2.71977623e-13,1.714757919e-13,2.036866481e-14,7.946616849e-14,9.890443535e-14,2.564207831e-14,1.278741099e-13,3.153376725e-13,1.916982899e-13,2.335486596e-13,1.679427544e-13,1.763323339e-13,1.822319053e-14
52.3203125,2.139760706e-13,3.271826217e-13,2.685794333e-13,8.665558751e-14,3.094994253e-13,2.988948293e-13,1.564956579e-13,1.119453233e-13,3.316005174e-14,1.005671606e-13,1.583501178e-13,9.240025985e-14,2.092399454e-13,3.079917542e-13,2.344629496e-13,1.898135728e-13,1.364048724e-13,3.626694876e-13,7.823045887e-14,2.691441858e-13,1.737689236e-13,2.106667457e-14,7.989033374e-14,9.860776557e-14,2.511017287e-14,1.267239352e-13,3.089766489e-13,1.887646427e-13,2.300144461e-13,1.669063128e-13,1.772150263e-13,1.803489474e-14
52.328125,2.116676956e-13,3.263071289e-13,2.694212661e-13,8.738653339e-14,3.064763659e-13,3.029425646e-13,1.573613214e-13,1.121575234e-13,3.369769051e-14,1.003918196e-13,1.592075789e-13,9.276821646e-14,2.084613636e-13,3.067408892e-13,2.322458649e-13,1.874474199e-13,1.342310145e-13,3.591053807e-13,7.706771033e-14,2.662461588e-13,1.760890943e-13,2.181198917e-14,8.028324763e-14,9.834624687e-14,2.459246405e-14,1.25475182e-13,3.026200665e-13,1.858776483e-13,2.267192298e-13,1.657626041e-13,1.781928926e-13,1.785710095e-14
52.3359375,2.09472607e-13,3.257731837e-13,2.702207574e-13,8.807573392e-14,3.034750228e-13,3.068764161e-13,1.581775034e-13,1.123689225e-13,3.428251875e-14,1.002537803e-13,1.599981112e-13,9.313510376e-14,2.076804776e-13,3.05702845e-13,2.302233433e-13,1.852073807e-13,1.321294999e-13,3.55663643e-13,7.599991794e-14,2.630806407e-13,1.783781067e-13,2.260643237e-14,8.067364438e-14,9.811400296e-14,2.410081109e-14,1.242288754e-13,2.963473802e-13,1.830990079e-13,2.236377558e-13,1.646294916e-13,1.792125758e-13,1.769172556e-14
52.34375,2.075392798e-13,3.252428903e-13,2.709763178e-13,8.867146895e-14,3.006372253e-13,3.108115981e-13,1.590185312e-13,1.125571699e-13,3.489541998e-14,1.00129966e-13,1.607174454e-13,9.34447961e-14,2.07017315e-13,3.050251219e-13,2.284832656e-13,1.831083968e-13,1.300514694e-13,3.524624366e-13,7.498038711e-14,2.598439883e-13,1.80631856e-13,2.341226632e-14,8.10661254e-14,9.785066515e-14,2.364024994e-14,1.230014198e-13,2.900482441e-13,1.804174388e-13,2.206812336e-13,1.635529042e-13,1.801878823e-13,1.756141314e-14
52.3515625,2.058104934e-13,3.24418363e-13,2.718618793e-13,8.918378778e-14,2.979264574e-13,3.148205059e-13,1.599153193e-13,1.127424527e-13,3.557035458e-14,1.000133446e-13,1.613999888e-13,9.376855212e-14,2.065093323e-13,3.045592787e-13,2.27023994e-13,1.812373614e-13,1.279285211e-13,3.492258349e-13,7.391559584e-14,2.569063776e-13,1.829238704e-13,2.423179245e-14,8.145444912e-14,9.758581481e-14,2.318900705e-14,1.217477864e-13,2.837314048e-13,1.776800992e-13,2.178869596e-13,1.624262231e-13,1.813262125e-13,1.747324249e-14
52.359375,2.039839489e-13,3.237415475e-13,2.730506227e-13,8.958957459e-14,2.949526688e-13,3.188522183e-13,1.60807696e-13,1.129787067e-13,3.630085353e-14,9.989500581e-14,1.620868282e-13,9.418306374e-14,2.060358597e-13,3.039023873e-13,2.256216396e-13,1.795126974e-13,1.257387007e-13,3.457045015e-13,7.273656573e-14,2.540532325e-13,1.852909045e-13,2.505096299e-14,8.186470323e-14,9.738125149e-14,2.274374857e-14,1.204113152e-13,2.775354888e-13,1.747250326e-13,2.153094546e-13,1.611597527e-13,1.827372117e-13,1.739127364e-14
52.3671875,2.022308283e-13,3.23443986e-13,2.743361265e-13,9.014105853e-14,2.91771728e-13,3.228860861e-13,1.616604463e-13,1.132766273e-13,3.705368485e-14,9.975636333e-14,1.627677711e-13,9.459497178e-14,2.055983798e-13,3.032591327e-13,2.243662515e-13,1.779847376e-13,1.235441713e-13,3.421216379e-13,7.151404555e-14,2.511033081e-13,1.877009331e-13,2.586479063e-14,8.229873036e-14,9.719631885e-14,2.232435298e-14,1.189760148e-13,2.713591429e-13,1.717104515e-13,2.127946524e-13,1.597994878e-13,1.84166461e-13,1.730857002e-14
52.375,2.008788957e-13,3.230176916e-13,2.755416456e-13,9.09832425e-14,2.889694948e-13,3.269929038e-13,1.625141038e-13,1.135879576e-13,3.784890676e-14,9.959068972e-14,1.634089724e-13,9.496132363e-14,2.053036228e-13,3.031622574e-13,2.235819103e-13,1.767594883e-13,1.213835893e-13,3.386838128e-13,7.039552046e-14,2.482435426e-13,1.901381353e-13,2.673839731e-14,8.27056688e-14,9.699718219e-14,2.192959709e-14,1.17489828e-13,2.650328947e-13,1.68836303e-13,2.103023779e-13,1.58390885e-13,1.854739498e-13,1.726403718e-14
52.3828125,1.997768484e-13,3.223780884e-13,2.767780105e-13,9.187242766e-14,2.865457428e-13,3.31052582e-13,1.633679427e-13,1.138520994e-13,3.8692458e-14,9.941139661e-14,1.64020352e-13,9.534777163e-14,2.051236299e-13,3.034736966e-13,2.231800405e-13,1.75668583e-13,1.192778442e-13,3.35283472e-13,6.940684526e-14,2.453359588e-13,1.92592077e-13,2.768457186e-14,8.307242254e-14,9.6794239e-14,2.15515972e-14,1.159778314e-13,2.587013369e-13,1.660423771e-13,2.080706322e-13,1.569242819e-13,1.867880038e-13,1.725438723e-14
52.390625,1.987812782e-13,3.219021343e-13,2.780228189e-13,9.274856934e-14,2.840643586e-13,3.349190499e-13,1.641758866e-13,1.140675515e-13,3.955373263e-14,9.923371451e-14,1.646182996e-13,9.570978221e-14,2.049834193e-13,3.038726439e-13,2.228857313e-13,1.745860482e-13,1.17263902e-13,3.319030166e-13,6.846207065e-14,2.422425874e-13,1.950231569e-13,2.864460392e-14,8.343375432e-14,9.658731572e-14,2.119873317e-14,1.144046199e-13,2.525152935e-13,1.632788089e-13,2.061444726e-13,1.554067544e-13,1.88204606e-13,1.723463068e-14
52.3984375,1.979594259e-13,3.215752969e-13,2.791726047e-13,9.374922479e-14,2.81530904e-13,3.386987491e-13,1.64924218e-13,1.143132955e-13,4.044791698e-14,9.907100097e-14,1.651985271e-13,9.599892457e-14,2.048771523e-13,3.044381924e-13,2.227078491e-13,1.736408408e-13,1.152793217e-13,3.285954766e-13,6.752319194e-14,2.393434022e-13,1.974124588e-13,2.96146296e-14,8.378283144e-14,9.644362328e-14,2.086156357e-14,1.127634229e-13,2.463210342e-13,1.605808135e-13,2.043627217e-13,1.538362004e-13,1.897412322e-13,1.720752576e-14
52.40625,1.972438912e-13,3.213185279e-13,2.803294937e-13,9.478096104e-14,2.790647242e-13,3.424285273e-13,1.656130671e-13,1.146024183e-13,4.140197011e-14,9.892137711e-14,1.657442348e-13,9.630237539e-14,2.048078059e-13,3.051594179e-13,2.227318713e-13,1.729287609e-13,1.132492944e-13,3.252805496e-13,6.661469728e-14,2.368077243e-13,1.997889438e-13,3.061929483e-14,8.409691979e-14,9.640535202e-14,2.052561469e-14,1.110998507e-13,2.400432596e-13,1.578923769e-13,2.027379081e-13,1.522034843e-13,1.914140122e-13,1.721230685e-14
52.4140625,1.966363621e-13,3.211531736e-13,2.816121621e-13,9.578608141e-14,2.766644386e-13,3.460507532e-13,1.662810343e-13,1.148334264e-13,4.239452769e-14,9.875567918e-14,1.662290555e-13,9.666384692e-14,2.048360542e-13,3.060336709e-13,2.229971345e-13,1.724257746e-13,1.112473795e-13,3.2197126e-13,6.574710788e-14,2.342857431e-13,2.021920917e-13,3.165333998e-14,8.439272583e-14,9.635762093e-14,2.021342582e-14,1.094328342e-13,2.338428233e-13,1.551763109e-13,2.013262493e-13,1.505327262e-13,1.932287394e-13,1.724275071e-14
52.421875,1.962126901e-13,3.210101445e-13,2.830418851e-13,9.68676149e-14,2.744672689e-13,3.496877417e-13,1.670108834e-13,1.150030362e-13,4.340876994e-14,9.858597182e-14,1.66648894e-13,9.704203304e-14,2.050445728e-13,3.072715554e-13,2.235852303e-13,1.720656676e-13,1.093039397e-13,3.187234042e-13,6.490670738e-14,2.316348993e-13,2.0461703e-13,3.270462296e-14,8.466139834e-14,9.626295543e-14,1.993418432e-14,1.077364247e-13,2.277290973e-13,1.525130613e-13,2.001292036e-13,1.488236718e-13,1.951667865e-13,1.726580693e-14
52.4296875,1.958842391e-13,3.210818585e-13,2.845633223e-13,9.800622863e-14,2.723701468e-13,3.534083387e-13,1.677805814e-13,1.152217651e-13,4.446285685e-14,9.845704825e-14,1.670229861e-13,9.744052156e-14,2.05355555e-13,3.087121688e-13,2.244585051e-13,1.718059689e-13,1.073419077e-13,3.154339744e-13,6.409649795e-14,2.291207714e-13,2.07017349e-13,3.375773279e-14,8.487496077e-14,9.623630968e-14,1.965510783e-14,1.06000107e-13,2.215918604e-13,1.49972252e-13,1.991871493e-13,1.470714547e-13,1.972044573e-13,1.728901267e-14
52.4375,1.957060566e-13,3.214300831e-13,2.860175397e-13,9.919955738e-14,2.700755837e-13,3.571135938e-13,1.684624865e-13,1.154888717e-13,4.557518329e-14,9.831073789e-14,1.673818391e-13,9.788167947e-14,2.056497812e-13,3.100703682e-13,2.254600205e-13,1.717164071e-13,1.054353338e-13,3.121141171e-13,6.335825206e-14,2.268674065e-13,2.093791456e-13,3.48261869e-14,8.506271074e-14,9.626434356e-14,1.937801726e-14,1.042413588e-13,2.155063522e-13,1.475167837e-13,1.984115893e-13,1.453218186e-13,1.993808458e-13,1.73321405e-14
52.4453125,1.958211125e-13,3.21676369e-13,2.873750061e-13,1.005078032e-13,2.677504237e-13,3.607274706e-13,1.690237069e-13,1.157199111e-13,4.674528325e-14,9.805803686e-14,1.677493779e-13,9.834207798e-14,2.059891751e-13,3.115853945e-13,2.265518791e-13,1.718544682e-13,1.037130583e-13,3.089651039e-13,6.271301226e-14,2.246662904e-13,2.117452294e-13,3.594645493e-14,8.524135444e-14,9.628085815e-14,1.914388855e-14,1.024707773e-13,2.09540592e-13,1.450459788e-13,1.977365925e-13,1.435599974e-13,2.017146906e-13,1.738746298e-14
52.453125,1.96066136e-13,3.218534471e-13,2.888219665e-13,1.018749164e-13,2.657478205e-13,3.642242289e-13,1.69533794e-13,1.158889754e-13,4.794628587e-14,9.774908578e-14,1.680845889e-13,9.879067092e-14,2.064849068e-13,3.134702863e-13,2.278097191e-13,1.721637468e-13,1.020817894e-13,3.060352498e-13,6.210976302e-14,2.223831448e-13,2.141677011e-13,3.709402043e-14,8.538126733e-14,9.636593815e-14,1.895515464e-14,1.007007872e-13,2.035781637e-13,1.425237464e-13,1.97309799e-13,1.417098727e-13,2.04086272e-13,1.745386917e-14
52.4609375,1.963179125e-13,3.222072749e-13,2.904225755e-13,1.032704783e-13,2.640498595e-13,3.676866345e-13,1.700244777e-13,1.160010126e-13,4.913698714e-14,9.744151909e-14,1.683424078e-13,9.923493585e-14,2.071458387e-13,3.155571875e-13,2.29262952e-13,1.726016414e-13,1.004163158e-13,3.032300453e-13,6.150715869e-14,2.200880347e-13,2.166381521e-13,3.821416677e-14,8.549761401e-14,9.650757095e-14,1.878649335e-14,9.894418751e-14,1.976056589e-13,1.399937162e-13,1.970878482e-13,1.397960631e-13,2.064420562e-13,1.753361641e-14
52.46875,1.967280408e-13,3.225662194e-13,2.919960474e-13,1.046369025e-13,2.624635534e-13,3.711536232e-13,1.704991006e-13,1.160987938e-13,5.031640004e-14,9.708071689e-14,1.68531873e-13,9.966363167e-14,2.079703208e-13,3.178378111e-13,2.308885813e-13,1.731813167e-13,9.87792386e-14,3.005544207e-13,6.093128976e-14,2.177899605e-13,2.190522601e-13,3.930251411e-14,8.560470385e-14,9.655786772e-14,1.863297745e-14,9.718133025e-14,1.918129379e-13,1.374921505e-13,1.969261399e-13,1.378790909e-13,2.088695597e-13,1.760722076e-14
52.4765625,1.973617311e-13,3.23030343e-13,2.933611019e-13,1.058677754e-13,2.608522749e-13,3.744362924e-13,1.709564618e-13,1.162513606e-13,5.153740103e-14,9.666184015e-14,1.686127442e-13,9.999110434e-14,2.089484342e-13,3.204102332e-13,2.326915123e-13,1.739643316e-13,9.724575308e-14,2.980440043e-13,6.040482836e-14,2.155832018e-13,2.213488713e-13,4.038266224e-14,8.567288539e-14,9.656776973e-14,1.849470054e-14,9.540911873e-14,1.862784319e-13,1.35092275e-13,1.969997273e-13,1.359318683e-13,2.113243461e-13,1.767870764e-14
52.484375,1.981981127e-13,3.237609893e-13,2.945071386e-13,1.071662249e-13,2.591680429e-13,3.774847913e-13,1.713366345e-13,1.164238027e-13,5.282112271e-14,9.626265629e-14,1.685593772e-13,1.002012072e-13,2.099770107e-13,3.231056854e-13,2.346624417e-13,1.750069879e-13,9.580477695e-14,2.956439544e-13,5.99168098e-14,2.137282766e-13,2.236092035e-13,4.147077693e-14,8.572697106e-14,9.66967739e-14,1.836909062e-14,9.367741966e-14,1.808635629e-13,1.328826408e-13,1.973396142e-13,1.33959058e-13,2.137104645e-13,1.777527362e-14
52.4921875,1.992849345e-13,3.243282704e-13,2.955263748e-13,1.086893264e-13,2.574800324e-13,3.804399984e-13,1.716023009e-13,1.165271128e-13,5.411799928e-14,9.588963731e-14,1.68431807e-13,1.0041758e-13,2.109965928e-13,3.258259385e-13,2.367119646e-13,1.762027465e-13,9.446268542e-14,2.933477132e-13,5.94582029e-14,2.121291267e-13,2.258654632e-13,4.255591943e-14,8.579066202e-14,9.688524261e-14,1.826792152e-14,9.199410538e-14,1.755172369e-13,1.308212491e-13,1.977029231e-13,1.320324349e-13,2.161417692e-13,1.788342622e-14
52.5,2.006353328e-13,3.247869072e-13,2.964766156e-13,1.101296828e-13,2.558785258e-13,3.832766292e-13,1.718297916e-13,1.165725615e-13,5.540830194e-14,9.547615848e-14,1.681789297e-13,1.006893067e-13,2.121407291e-13,3.288457283e-13,2.388268526e-13,1.774360861e-13,9.321341156e-14,2.912959293e-13,5.90268235e-14,2.104183602e-13,2.280699854e-13,4.361844192e-14,8.580953419e-14,9.699284832e-14,1.820410897e-14,9.030564244e-14,1.703626318e-13,1.288324809e-13,1.981955166e-13,1.30138075e-13,2.187239961e-13,1.797749491e-14
52.5078125,2.022096678e-13,3.257079505e-13,2.973732879e-13,1.113823908e-13,2.544166762e-13,3.859615702e-13,1.720645595e-13,1.166104862e-13,5.673824028e-14,9.498819438e-14,1.677327967e-13,1.009456664e-13,2.135378508e-13,3.323683882e-13,2.411098479e-13,1.787735203e-13,9.198329118e-14,2.895562405e-13,5.862245322e-14,2.086292139e-13,2.302943283e-13,4.468579126e-14,8.578251932e-14,9.704681866e-14,1.817559787e-14,8.859977482e-14,1.653753972e-13,1.269051727e-13,1.990068225e-13,1.281828469e-13,2.213793726e-13,1.80684293e-14
52.515625,2.039197693e-13,3.268063111e-13,2.982375015e-13,1.12682988e-13,2.530513003e-13,3.885128961e-13,1.72247243e-13,1.166292954e-13,5.811782086e-14,9.446702817e-14,1.672410026e-13,1.011838083e-13,2.150949247e-13,3.361410582e-13,2.435181118e-13,1.802322046e-13,9.074013989e-14,2.879588405e-13,5.823109392e-14,2.069879315e-13,2.325964998e-13,4.577556157e-14,8.575081153e-14,9.7137785e-14,1.816928871e-14,8.688638924e-14,1.603969245e-13,1.249775673e-13,1.99984868e-13,1.261301144e-13,2.240968056e-13,1.815647119e-14
52.5234375,2.056970414e-13,3.275567093e-13,2.991176314e-13,1.140081762e-13,2.516334362e-13,3.909065977e-13,1.723852938e-13,1.16603131e-13,5.950742075e-14,9.396993327e-14,1.667850512e-13,1.014514467e-13,2.166819235e-13,3.398862798e-13,2.459457314e-13,1.817863421e-13,8.955068391e-14,2.863275067e-13,5.782093352e-14,2.054549955e-13,2.348825851e-13,4.684141092e-14,8.566994985e-14,9.726469959e-14,1.816834361e-14,8.513752266e-14,1.554473893e-13,1.230185578e-13,2.010630466e-13,1.240250756e-13,2.269603169e-13,1.821826343e-14
52.53125,2.0758264e-13,3.281686655e-13,3.000615798e-13,1.153132088e-13,2.50135789e-13,3.933015477e-13,1.725508885e-13,1.165362051e-13,6.089099939e-14,9.347778209e-14,1.662469798e-13,1.017275687e-13,2.183131954e-13,3.436902582e-13,2.484729092e-13,1.835568304e-13,8.844741289e-14,2.846750707e-13,5.740305241e-14,2.039737363e-13,2.371220665e-13,4.786435539e-14,8.549951338e-14,9.737966871e-14,1.816957701e-14,8.33665273e-14,1.505945762e-13,1.211215613e-13,2.022774138e-13,1.21934552e-13,2.29902893e-13,1.826864185e-14
52.5390625,2.095444106e-13,3.289485734e-13,3.009319065e-13,1.166877564e-13,2.486367089e-13,3.95689532e-13,1.727057373e-13,1.164309071e-13,6.227559932e-14,9.295067841e-14,1.656153517e-13,1.019505634e-13,2.199933751e-13,3.47608013e-13,2.510912637e-13,1.855148923e-13,8.73702724e-14,2.831064481e-13,5.704973149e-14,2.025865197e-13,2.393439846e-13,4.887006605e-14,8.525825696e-14,9.748117744e-14,1.819259827e-14,8.164397271e-14,1.458084002e-13,1.193398552e-13,2.035399646e-13,1.198814113e-13,2.328006527e-13,1.835059286e-14
52.546875,2.115395082e-13,3.300215038e-13,3.015576739e-13,1.180155204e-13,2.471144947e-13,3.97768235e-13,1.727897739e-13,1.162704658e-13,6.367619976e-14,9.241988496e-14,1.64943597e-13,1.021192354e-13,2.216750933e-13,3.515371964e-13,2.536241168e-13,1.874680857e-13,8.634048712e-14,2.817237746e-13,5.680078718e-14,2.012854125e-13,2.415088154e-13,4.987103939e-14,8.495479118e-14,9.760239885e-14,1.825293861e-14,7.998160172e-14,1.411588263e-13,1.176765617e-13,2.049131155e-13,1.178307878e-13,2.357367292e-13,1.846349588e-14
52.5546875,2.137464599e-13,3.312455709e-13,3.022140246e-13,1.192660909e-13,2.456132962e-13,3.997656982e-13,1.728640201e-13,1.160606283e-13,6.511317017e-14,9.192272234e-14,1.641586801e-13,1.023508978e-13,2.234168344e-13,3.556012704e-13,2.561086717e-13,1.89483913e-13,8.546888079e-14,2.805294075e-13,5.659607142e-14,2.000674296e-13,2.436475386e-13,5.088543586e-14,8.463034032e-14,9.773898379e-14,1.833825292e-14,7.83283341e-14,1.366834557e-13,1.161188429e-13,2.064562171e-13,1.157516657e-13,2.388908061e-13,1.856780907e-14
52.5625,2.162196481e-13,3.32063187e-13,3.031985901e-13,1.205349769e-13,2.442839603e-13,4.020396707e-13,1.729680917e-13,1.158376841e-13,6.657847305e-14,9.146447843e-14,1.631747352e-13,1.027281296e-13,2.253380619e-13,3.599396345e-13,2.586305768e-13,1.916902173e-13,8.469714251e-14,2.793950843e-13,5.63436976e-14,1.988896931e-13,2.458115245e-13,5.1905317e-14,8.432411693e-14,9.785458558e-14,1.842839744e-14,7.666088617e-14,1.322555129e-13,1.145523212e-13,2.080032074e-13,1.136416887e-13,2.422613422e-13,1.865523313e-14
52.5703125,2.1875623e-13,3.324553982e-13,3.041542365e-13,1.216628665e-13,2.430987107e-13,4.041935073e-13,1.730346456e-13,1.155962082e-13,6.803051011e-14,9.102866661e-14,1.620044702e-13,1.031112962e-13,2.274664701e-13,3.644021326e-13,2.610662422e-13,1.940255628e-13,8.390967128e-14,2.782840419e-13,5.603987407e-14,1.977088011e-13,2.479257738e-13,5.286968681e-14,8.397216696e-14,9.793911593e-14,1.852658083e-14,7.499431462e-14,1.27917353e-13,1.129361401e-13,2.095724886e-13,1.114949798e-13,2.456448599e-13,1.875516797e-14
52.578125,2.213635556e-13,3.329471726e-13,3.047666486e-13,1.226251386e-13,2.419078082e-13,4.060219318e-13,1.730297161e-13,1.152860714e-13,6.942289118e-14,9.055225239e-14,1.607950235e-13,1.033305768e-13,2.296986234e-13,3.688668571e-13,2.63423735e-13,1.965234063e-13,8.324680126e-14,2.772890734e-13,5.576051455e-14,1.966519926e-13,2.499497954e-13,5.376133403e-14,8.353055991e-14,9.800053057e-14,1.86515318e-14,7.335839512e-14,1.238236138e-13,1.113810738e-13,2.112910784e-13,1.093252409e-13,2.488448008e-13,1.887168943e-14
52.5859375,2.241650566e-13,3.334414464e-13,3.053330093e-13,1.236280523e-13,2.406640418e-13,4.078908449e-13,1.729887045e-13,1.149005185e-13,7.075834488e-14,9.004989149e-14,1.596795748e-13,1.034454001e-13,2.318949062e-13,3.73365178e-13,2.658092432e-13,1.991764294e-13,8.28304888e-14,2.764286449e-13,5.554259703e-14,1.957559027e-13,2.51917024e-13,5.462102609e-14,8.305225726e-14,9.804052135e-14,1.880465566e-14,7.177383006e-14,1.199089656e-13,1.099207163e-13,2.130609765e-13,1.071896966e-13,2.519257983e-13,1.897307209e-14
52.59375,2.270285091e-13,3.337989697e-13,3.060288054e-13,1.24612517e-13,2.393963548e-13,4.096742108e-13,1.729392271e-13,1.144873686e-13,7.212354296e-14,8.964145011e-14,1.585421141e-13,1.036179832e-13,2.340923233e-13,3.779252602e-13,2.681563913e-13,2.017928349e-13,8.251500012e-14,2.756910848e-13,5.53610327e-14,1.948837915e-13,2.538659623e-13,5.546824397e-14,8.255539263e-14,9.807686518e-14,1.897059865e-14,7.021415e-14,1.160818243e-13,1.08573181e-13,2.149163829e-13,1.051107736e-13,2.551671104e-13,1.90481455e-14
52.6015625,2.298357784e-13,3.34452123e-13,3.06751666e-13,1.255565723e-13,2.381174559e-13,4.111079827e-13,1.728896747e-13,1.14068149e-13,7.356448458e-14,8.928368493e-14,1.573062601e-13,1.039038858e-13,2.364322523e-13,3.825446381e-13,2.705209575e-13,2.044693617e-13,8.226867985e-14,2.750640642e-13,5.519414627e-14,1.941002843e-13,2.559134651e-13,5.629755794e-14,8.201768932e-14,9.812551519e-14,1.914773146e-14,6.865015428e-14,1.12374399e-13,1.073848902e-13,2.170354966e-13,1.030226961e-13,2.586153244e-13,1.912151439e-14
52.609375,2.327017641e-13,3.353476123e-13,3.075660865e-13,1.266517502e-13,2.367822309e-13,4.125053573e-13,1.728075843e-13,1.135794528e-13,7.498402619e-14,8.882086586e-14,1.561561972e-13,1.04243496e-13,2.388300093e-13,3.870989996e-13,2.730010706e-13,2.074221999e-13,8.220754406e-14,2.744384429e-13,5.504155195e-14,1.934890334e-13,2.580742476e-13,5.709270795e-14,8.144886787e-14,9.813621812e-14,1.934718368e-14,6.712590615e-14,1.087948178e-13,1.062282805e-13,2.19299091e-13,1.008714211e-13,2.620045525e-13,1.921092227e-14
52.6171875,2.356920716e-13,3.359716191e-13,3.0837425e-13,1.277670395e-13,2.353621449e-13,4.139854016e-13,1.726308598e-13,1.129582714e-13,7.63143064e-14,8.831019793e-14,1.550465438e-13,1.045417251e-13,2.411273261e-13,3.914864189e-13,2.753331982e-13,2.104492041e-13,8.223497069e-14,2.73805359e-13,5.490686422e-14,1.929099764e-13,2.601529733e-13,5.784520692e-14,8.085578472e-14,9.805847142e-14,1.957266493e-14,6.570297536e-14,1.053750073e-13,1.050095912e-13,2.215487442e-13,9.870654442e-14,2.652706618e-13,1.931174159e-14
52.625,2.386882588e-13,3.361732269e-13,3.088675958e-13,1.286539261e-13,2.339221266e-13,4.152669026e-13,1.72387124e-13,1.122800142e-13,7.763849023e-14,8.788322551e-14,1.536674855e-13,1.047610541e-13,2.434250471e-13,3.958642224e-13,2.773134568e-13,2.133724998e-13,8.226333742e-14,2.733158908e-13,5.476519238e-14,1.923962762e-13,2.620819571e-13,5.857896682e-14,8.024720105e-14,9.798546657e-14,1.982825843e-14,6.436772622e-14,1.021436531e-13,1.038190656e-13,2.238895067e-13,9.659516312e-14,2.686414403e-13,1.941855351e-14
52.6328125,2.416293713e-13,3.360604689e-13,3.091075777e-13,1.294069124e-13,2.32523025e-13,4.163306893e-13,1.72180817e-13,1.116318714e-13,7.900896253e-14,8.751625235e-14,1.520150731e-13,1.049513089e-13,2.458570595e-13,4.003279222e-13,2.790790057e-13,2.163095395e-13,8.240493902e-14,2.72978952e-13,5.456925725e-14,1.92005252e-13,2.639430413e-13,5.928884289e-14,7.964980503e-14,9.800660203e-14,2.011555365e-14,6.306001906e-14,9.902905824e-14,1.026577764e-13,2.263644102e-13,9.452512572e-14,2.721603831e-13,1.951800004e-14
52.640625,2.44638162e-13,3.360858809e-13,3.093564535e-13,1.301588548e-13,2.311796149e-13,4.173151033e-13,1.72021603e-13,1.109356527e-13,8.033698326e-14,8.717998114e-14,1.50295783e-13,1.051655925e-13,2.483706318e-13,4.046996834e-13,2.806648488e-13,2.192043446e-13,8.263584572e-14,2.726616235e-13,5.433172888e-14,1.914362095e-13,2.65723155e-13,5.992190743e-14,7.905067117e-14,9.797069928e-14,2.041216071e-14,6.175163889e-14,9.601800423e-14,1.015435177e-13,2.288831699e-13,9.246230652e-14,2.756177596e-13,1.958205026e-14
52.6484375,2.47758458e-13,3.36633296e-13,3.096579839e-13,1.3088832e-13,2.298628377e-13,4.182609861e-13,1.71828764e-13,1.101335791e-13,8.15569293e-14,8.686572748e-14,1.485775202e-13,1.053944823e-13,2.509013568e-13,4.088804832e-13,2.820760033e-13,2.220171388e-13,8.286966676e-14,2.723060446e-13,5.411299691e-14,1.90647444e-13,2.674523406e-13,6.048355443e-14,7.841411166e-14,9.775357927e-14,2.070267718e-14,6.046288176e-14,9.316187746e-14,1.005830062e-13,2.315281879e-13,9.040403693e-14,2.789507612e-13,1.962069205e-14
52.65625,2.508623885e-13,3.369923076e-13,3.100201503e-13,1.31582148e-13,2.284936309e-13,4.192221238e-13,1.71574902e-13,1.092988135e-13,8.272679862e-14,8.650942803e-14,1.46893021e-13,1.05610533e-13,2.53451093e-13,4.129967097e-13,2.834942083e-13,2.249954039e-13,8.323630094e-14,2.719648326e-13,5.391258717e-14,1.900304637e-13,2.692137492e-13,6.103545595e-14,7.773927628e-14,9.752876785e-14,2.101556497e-14,5.922230952e-14,9.044900288e-14,9.962437897e-14,2.344469552e-13,8.834962095e-14,2.823307076e-13,1.968078753e-14
52.6640625,2.53925846e-13,3.364222646e-13,3.104290509e-13,1.322368487e-13,2.271291015e-13,4.201401615e-13,1.712836223e-13,1.08435609e-13,8.388419236e-14,8.613258692e-14,1.452087675e-13,1.058120951e-13,2.560496466e-13,4.171883605e-13,2.849184478e-13,2.281839523e-13,8.380909169e-14,2.717554175e-13,5.368009707e-14,1.895882736e-13,2.709164253e-13,6.156212257e-14,7.70280058e-14,9.738774144e-14,2.137459969e-14,5.804059437e-14,8.787166515e-14,9.851150771e-14,2.374612403e-13,8.631319002e-14,2.857808655e-13,1.975424158e-14
52.671875,2.570106918e-13,3.35564703e-13,3.107318765e-13,1.328642733e-13,2.259105106e-13,4.208364139e-13,1.709708894e-13,1.075011197e-13,8.498675939e-14,8.581878103e-14,1.43409748e-13,1.06001289e-13,2.587143482e-13,4.214600166e-13,2.862618548e-13,2.314447081e-13,8.446761645e-14,2.717007901e-13,5.341573855e-14,1.890170586e-13,2.724650523e-13,6.20013765e-14,7.626065986e-14,9.717300003e-14,2.176154897e-14,5.69190248e-14,8.539043434e-14,9.746865753e-14,2.403068127e-13,8.433119318e-14,2.891181466e-13,1.979578283e-14
52.6796875,2.601181048e-13,3.35160556e-13,3.109520112e-13,1.335121401e-13,2.247753332e-13,4.213224642e-13,1.706561894e-13,1.065101853e-13,8.605381858e-14,8.55523648e-14,1.415692077e-13,1.062104566e-13,2.613782675e-13,4.257500165e-13,2.876672372e-13,2.348526717e-13,8.518248411e-14,2.717154445e-13,5.319259026e-14,1.883308109e-13,2.739549238e-13,6.23996984e-14,7.543756082e-14,9.687950975e-14,2.216769818e-14,5.584856802e-14,8.293520511e-14,9.664233322e-14,2.432311032e-13,8.240115408e-14,2.924268473e-13,1.982088768e-14
52.6875,2.632632909e-13,3.348492433e-13,3.112828647e-13,1.341407822e-13,2.236472751e-13,4.217630326e-13,1.703441535e-13,1.054346442e-13,8.712017934e-14,8.529305303e-14,1.39797089e-13,1.064914177e-13,2.639835593e-13,4.300047143e-13,2.89099837e-13,2.383635488e-13,8.60042012e-14,2.718037904e-13,5.303536308e-14,1.877061407e-13,2.754847357e-13,6.282279836e-14,7.459303091e-14,9.659986888e-14,2.26074411e-14,5.483054654e-14,8.059736007e-14,9.582804225e-14,2.465246563e-13,8.048745488e-14,2.958995895e-13,1.986581305e-14
52.6953125,2.66330695e-13,3.340301599e-13,3.11595496e-13,1.345890739e-13,2.225273317e-13,4.220950226e-13,1.700082417e-13,1.042894653e-13,8.810635565e-14,8.504220456e-14,1.379522775e-13,1.06771916e-13,2.665374535e-13,4.33976322e-13,2.902090659e-13,2.416981469e-13,8.686517666e-14,2.718988244e-13,5.28204189e-14,1.873098487e-13,2.770170681e-13,6.317470796e-14,7.375144457e-14,9.625282274e-14,2.306534642e-14,5.389957795e-14,7.847555365e-14,9.484606967e-14,2.497545177e-13,7.858227529e-14,2.992583769e-13,1.992528491e-14
52.703125,2.691106107e-13,3.326954043e-13,3.116241589e-13,1.348347127e-13,2.212307738e-13,4.220902428e-13,1.696308738e-13,1.031785425e-13,8.899429483e-14,8.479791759e-14,1.359467083e-13,1.069456553e-13,2.690324526e-13,4.37420242e-13,2.909276638e-13,2.448725541e-13,8.768394146e-14,2.718259915e-13,5.247628324e-14,1.872132914e-13,2.784471775e-13,6.337463922e-14,7.289336391e-14,9.584544777e-14,2.351657895e-14,5.305328391e-14,7.64821768e-14,9.374826335e-14,2.525956568e-13,7.669611404e-14,3.022854409e-13,1.999374497e-14
52.7109375,2.717145799e-13,3.313149169e-13,3.115030573e-13,1.351434598e-13,2.197693848e-13,4.218184589e-13,1.692156143e-13,1.020496461e-13,8.987605793e-14,8.456725355e-14,1.339253492e-13,1.070914405e-13,2.715555927e-13,4.406951873e-13,2.915889439e-13,2.481549077e-13,8.851207905e-14,2.717337158e-13,5.213902025e-14,1.871230229e-13,2.797315689e-13,6.352715297e-14,7.199531893e-14,9.548967674e-14,2.398230585e-14,5.224308805e-14,7.458313162e-14,9.270656025e-14,2.555195579e-13,7.483560183e-14,3.053194335e-13,2.006328548e-14
52.71875,2.743824064e-13,3.302302187e-13,3.113798868e-13,1.356156073e-13,2.18547626e-13,4.215327014e-13,1.687899428e-13,1.008224724e-13,9.073068021e-14,8.434892318e-14,1.319355858e-13,1.072550638e-13,2.742420911e-13,4.442490646e-13,2.923706184e-13,2.515556009e-13,8.941223821e-14,2.718629327e-13,5.186636812e-14,1.868480559e-13,2.809326904e-13,6.368434643e-14,7.108458944e-14,9.510922772e-14,2.448694335e-14,5.149202835e-14,7.282775661e-14,9.176588204e-14,2.586720808e-13,7.301048738e-14,3.084458869e-13,2.011163087e-14
52.7265625,2.770903639e-13,3.291635305e-13,3.110597907e-13,1.359618766e-13,2.175858282e-13,4.212029225e-13,1.683895521e-13,9.963328184e-14,9.152620672e-14,8.415364814e-14,1.298990761e-13,1.07315822e-13,2.769957585e-13,4.477986815e-13,2.93052366e-13,2.548249552e-13,9.031923902e-14,2.720814722e-13,5.155796728e-14,1.866644959e-13,2.820953947e-13,6.37804001e-14,7.02023637e-14,9.466849403e-14,2.501323798e-14,5.083373214e-14,7.115135345e-14,9.079933219e-14,2.616244688e-13,7.121591165e-14,3.113664099e-13,2.015687654e-14
52.734375,2.79712351e-13,3.276591494e-13,3.106381858e-13,1.361140529e-13,2.164945412e-13,4.206962657e-13,1.679793895e-13,9.849837786e-14,9.23262502e-14,8.403851995e-14,1.278468111e-13,1.073389056e-13,2.796413914e-13,4.509814332e-13,2.933726425e-13,2.577924362e-13,9.115924026e-14,2.722786521e-13,5.125442629e-14,1.865805831e-13,2.832373167e-13,6.384139014e-14,6.93324999e-14,9.425918158e-14,2.555064322e-14,5.019481934e-14,6.954341856e-14,8.980540826e-14,2.645063921e-13,6.943040046e-14,3.141424327e-13,2.022209281e-14
52.7421875,2.821396684e-13,3.257340574e-13,3.105339561e-13,1.363231345e-13,2.152688401e-13,4.200902572e-13,1.674909271e-13,9.719646217e-14,9.30701468e-14,8.397076781e-14,1.258229431e-13,1.075205149e-13,2.82210114e-13,4.53964515e-13,2.933725584e-13,2.605209167e-13,9.198977086e-14,2.725397764e-13,5.102596768e-14,1.862932788e-13,2.84433881e-13,6.388918758e-14,6.84211864e-14,9.377670121e-14,2.611626416e-14,4.955573592e-14,6.811289819e-14,8.885247189e-14,2.676756771e-13,6.764071484e-14,3.169408587e-13,2.027287831e-14
52.75,2.844245345e-13,3.237122104e-13,3.107309097e-13,1.36601083e-13,2.141468002e-13,4.195211288e-13,1.669511854e-13,9.571112772e-14,9.369441562e-14,8.384684009e-14,1.238099467e-13,1.078243446e-13,2.848144262e-13,4.569525085e-13,2.93285231e-13,2.632466457e-13,9.293337622e-14,2.728427255e-13,5.076532774e-14,1.859542209e-13,2.856837157e-13,6.385840211e-14,6.74591018e-14,9.315042425e-14,2.671502093e-14,4.901432073e-14,6.683085689e-14,8.785053384e-14,2.709265424e-13,6.584025069e-14,3.197374643e-13,2.029058545e-14
52.7578125,2.86818477e-13,3.217571166e-13,3.109654306e-13,1.368586016e-13,2.131001568e-13,4.190364158e-13,1.664156827e-13,9.423681363e-14,9.43154568e-14,8.370096136e-14,1.218797381e-13,1.081431739e-13,2.874701531e-13,4.599486e-13,2.93275441e-13,2.662027808e-13,9.406818976e-14,2.732194042e-13,5.044911357e-14,1.858280844e-13,2.868763777e-13,6.378402434e-14,6.649369802e-14,9.256259878e-14,2.733881265e-14,4.857004457e-14,6.559217322e-14,8.679640973e-14,2.741381943e-13,6.40376662e-14,3.225944095e-13,2.03101898e-14
52.765625,2.892179179e-13,3.197312193e-13,3.112011821e-13,1.371659251e-13,2.11997149e-13,4.185066853e-13,1.65867558e-13,9.283353153e-14,9.49366086e-14,8.36270762e-14,1.200858578e-13,1.084603924e-13,2.900506261e-13,4.627999602e-13,2.933388363e-13,2.694075495e-13,9.534458375e-14,2.737252023e-13,5.017634059e-14,1.858067171e-13,2.87973589e-13,6.371718101e-14,6.554895634e-14,9.203330871e-14,2.798383902e-14,4.814216138e-14,6.442499091e-14,8.580478185e-14,2.774833218e-13,6.227401691e-14,3.253907293e-13,2.034808569e-14
52.7734375,2.913408259e-13,3.175187026e-13,3.113722769e-13,1.375397324e-13,2.108338287e-13,4.177707522e-13,1.653159622e-13,9.145584826e-14,9.546620651e-14,8.363067937e-14,1.183081794e-13,1.087319398e-13,2.924469067e-13,4.653135863e-13,2.933393165e-13,2.726983043e-13,9.666340439e-14,2.742361742e-13,4.992228784e-14,1.85858001e-13,2.889653252e-13,6.359734421e-14,6.459508403e-14,9.143235949e-14,2.865024228e-14,4.774410422e-14,6.337763761e-14,8.48541223e-14,2.809070815e-13,6.057363017e-14,3.279393079e-13,2.038998205e-14
52.78125,2.934729866e-13,3.152889466e-13,3.114566342e-13,1.379744889e-13,2.097499452e-13,4.17014571e-13,1.648113301e-13,9.006902493e-14,9.598555425e-14,8.369933853e-14,1.164668879e-13,1.089902121e-13,2.948286462e-13,4.677096701e-13,2.932187778e-13,2.760236729e-13,9.811340296e-14,2.748116096e-13,4.964339101e-14,1.860238022e-13,2.898209396e-13,6.343108854e-14,6.361674976e-14,9.081061819e-14,2.935126263e-14,4.740625875e-14,6.244967148e-14,8.392485899e-14,2.844267008e-13,5.889952671e-14,3.305076838e-13,2.04219621e-14
52.7890625,2.95858631e-13,3.130211625e-13,3.116666792e-13,1.384081002e-13,2.088634218e-13,4.164206649e-13,1.643271113e-13,8.862811954e-14,9.650834945e-14,8.382711896e-14,1.146137513e-13,1.093192871e-13,2.973549785e-13,4.70302642e-13,2.930791546e-13,2.794127878e-13,9.980717215e-14,2.755988897e-13,4.938496851e-14,1.861278306e-13,2.906197872e-13,6.32585636e-14,6.263248091e-14,9.018151851e-14,3.009588167e-14,4.711150075e-14,6.168238361e-14,8.303083014e-14,2.881932353e-13,5.721757188e-14,3.332287283e-13,2.043347588e-14
52.796875,2.981298411e-13,3.103475701e-13,3.120461069e-13,1.386628305e-13,2.080195518e-13,4.157087634e-13,1.638046459e-13,8.71435722e-14,9.691463807e-14,8.402352889e-14,1.127509701e-13,1.096651368e-13,2.998278415e-13,4.728234185e-13,2.929352045e-13,2.827399077e-13,1.015847578e-13,2.764032409e-13,4.916378902e-14,1.861423936e-13,2.914312872e-13,6.302741589e-14,6.164922077e-14,8.946881577e-14,3.086824602e-14,4.686996943e-14,6.106966968e-14,8.208073166e-14,2.920146593e-13,5.555404114e-14,3.358404102e-13,2.043297635e-14
52.8046875,3.001026279e-13,3.073225473e-13,3.124412943e-13,1.388728882e-13,2.070386751e-13,4.146981165e-13,1.632381406e-13,8.568171679e-14,9.72464409e-14,8.430902182e-14,1.108978504e-13,1.099916085e-13,3.021051887e-13,4.749339499e-13,2.926895254e-13,2.859559913e-13,1.033214287e-13,2.770786612e-13,4.897216748e-14,1.862223725e-13,2.921787929e-13,6.274536444e-14,6.06712218e-14,8.87565174e-14,3.165716546e-14,4.668380744e-14,6.049720738e-14,8.10779686e-14,2.957064819e-13,5.393175866e-14,3.383441774e-13,2.044287127e-14
52.8125,3.019170656e-13,3.044012254e-13,3.127558122e-13,1.393181606e-13,2.060334092e-13,4.135587727e-13,1.626317887e-13,8.425327223e-14,9.754765107e-14,8.460461492e-14,1.091791081e-13,1.103316021e-13,3.043086361e-13,4.766770063e-13,2.923397937e-13,2.892042094e-13,1.050944759e-13,2.776656914e-13,4.8773857e-14,1.863424352e-13,2.928382446e-13,6.244932141e-14,5.971408463e-14,8.807533556e-14,3.245512518e-14,4.65276484e-14,5.991513999e-14,8.009578212e-14,2.993725584e-13,5.23216969e-14,3.406899309e-13,2.046975732e-14
52.8203125,3.035313666e-13,3.01579788e-13,3.129336724e-13,1.398596803e-13,2.051005711e-13,4.123395803e-13,1.620042342e-13,8.28263313e-14,9.773089978e-14,8.485018026e-14,1.076136153e-13,1.106417481e-13,3.064793889e-13,4.780997058e-13,2.919349692e-13,2.924707599e-13,1.068576789e-13,2.780497892e-13,4.851079769e-14,1.86459287e-13,2.934987338e-13,6.208172317e-14,5.877394326e-14,8.732141335e-14,3.32482807e-14,4.641189961e-14,5.937013634e-14,7.90746813e-14,3.030006162e-13,5.069966463e-14,3.426012588e-13,2.051167926e-14
52.828125,3.050112267e-13,2.985459525e-13,3.132122618e-13,1.403577007e-13,2.041926069e-13,4.111041786e-13,1.614085979e-13,8.13851712e-14,9.783892204e-14,8.513887515e-14,1.060847892e-13,1.109673041e-13,3.086512956e-13,4.793655332e-13,2.915618013e-13,2.957445681e-13,1.085857433e-13,2.783033577e-13,4.823827222e-14,1.865982784e-13,2.941962813e-13,6.165901693e-14,5.783819921e-14,8.654821302e-14,3.406424474e-14,4.634692034e-14,5.886633673e-14,7.801626201e-14,3.065844289e-13,4.907082505e-14,3.443623114e-13,2.056608226e-14
52.8359375,3.065726686e-13,2.953135051e-13,3.139354441e-13,1.409849436e-13,2.03375939e-13,4.100427043e-13,1.608658254e-13,7.99237814e-14,9.794885872e-14,8.551718896e-14,1.045414217e-13,1.11428004e-13,3.109317105e-13,4.807597117e-13,2.913497521e-13,2.992464388e-13,1.104516784e-13,2.786869678e-13,4.802017016e-14,1.866957924e-13,2.948984687e-13,6.125005033e-14,5.691341783e-14,8.581534769e-14,3.493369856e-14,4.632126468e-14,5.841119652e-14,7.700051343e-14,3.102769706e-13,4.744360086e-14,3.463384468e-13,2.062376093e-14
52.84375,3.081234387e-13,2.919463862e-13,3.148130761e-13,1.417228888e-13,2.026740379e-13,4.090377325e-13,1.60365391e-13,7.84636465e-14,9.798156929e-14,8.595855685e-14,1.030190168e-13,1.119221122e-13,3.131958525e-13,4.821232245e-13,2.9118011e-13,3.028821189e-13,1.124254354e-13,2.790420622e-13,4.77810624e-14,1.8679046e-13,2.955417277e-13,6.079091811e-14,5.600900357e-14,8.502426153e-14,3.581440135e-14,4.634302903e-14,5.807154955e-14,7.598050482e-14,3.139857188e-13,4.584565455e-14,3.481685138e-13,2.06862898e-14
52.8515625,3.094703244e-13,2.882904608e-13,3.153720459e-13,1.423993215e-13,2.01965692e-13,4.078475559e-13,1.598972745e-13,7.704279285e-14,9.79186009e-14,8.646109263e-14,1.015754884e-13,1.122988495e-13,3.152567103e-13,4.831747536e-13,2.907807614e-13,3.062589318e-13,1.143213014e-13,2.791527491e-13,4.748997504e-14,1.869942203e-13,2.960710982e-13,6.024788733e-14,5.513166806e-14,8.418950377e-14,3.668289155e-14,4.640705168e-14,5.783323354e-14,7.491596852e-14,3.175361636e-13,4.430135919e-14,3.496037662e-13,2.076616732e-14
52.859375,3.107002276e-13,2.8440823e-13,3.157811486e-13,1.430759292e-13,2.013125015e-13,4.065256149e-13,1.594074274e-13,7.565124347e-14,9.784358439e-14,8.694387252e-14,1.002389473e-13,1.126418952e-13,3.172078823e-13,4.840973406e-13,2.902182029e-13,3.094635811e-13,1.162086293e-13,2.792528167e-13,4.722341406e-14,1.872109458e-13,2.965376521e-13,5.971165962e-14,5.42874208e-14,8.339889241e-14,3.759044366e-14,4.65051032e-14,5.760726263e-14,7.383240813e-14,3.210879566e-13,4.278243181e-14,3.509733258e-13,2.086156513e-14
52.8671875,3.119428916e-13,2.80564612e-13,3.162955409e-13,1.438856835e-13,2.008077236e-13,4.05145199e-13,1.588424181e-13,7.426428054e-14,9.775333201e-14,8.742072125e-14,9.896135527e-14,1.130582774e-13,3.191723741e-13,4.850018025e-13,2.897005007e-13,3.128185888e-13,1.18200548e-13,2.795146589e-13,4.700347271e-14,1.873662666e-13,2.969893522e-13,5.919193743e-14,5.34652366e-14,8.260818478e-14,3.854505727e-14,4.667036936e-14,5.740071783e-14,7.271661051e-14,3.24839271e-13,4.1271887e-14,3.524263055e-13,2.09593543e-14
52.875,3.130542212e-13,2.767316617e-13,3.167815292e-13,1.448291871e-13,2.002637207e-13,4.035931859e-13,1.582408977e-13,7.290824221e-14,9.760615908e-14,8.807033389e-14,9.773600594e-14,1.134900807e-13,3.210889025e-13,4.85620218e-13,2.891300232e-13,3.161695908e-13,1.201858853e-13,2.797858448e-13,4.680111495e-14,1.875746767e-13,2.973497015e-13,5.862126492e-14,5.265408025e-14,8.180159127e-14,3.950633358e-14,4.689302712e-14,5.726604759e-14,7.159992489e-14,3.287523899e-13,3.980474991e-14,3.537812153e-13,2.105716446e-14
52.8828125,3.138767339e-13,2.727627875e-13,3.1720045e-13,1.458392074e-13,1.996228444e-13,4.018735494e-13,1.576633382e-13,7.159654484e-14,9.740746585e-14,8.879482124e-14,9.662719809e-14,1.138716869e-13,3.228950221e-13,4.859608466e-13,2.884431871e-13,3.192987651e-13,1.220431878e-13,2.799555831e-13,4.659172412e-14,1.878416157e-13,2.97628995e-13,5.800024367e-14,5.186432389e-14,8.102002959e-14,4.048296752e-14,4.712192e-14,5.718172924e-14,7.05045691e-14,3.327122627e-13,3.838294155e-14,3.549358436e-13,2.117052662e-14
52.890625,3.145872629e-13,2.687177364e-13,3.176889247e-13,1.468989819e-13,1.991221119e-13,4.001916452e-13,1.571109707e-13,7.029689336e-14,9.716853459e-14,8.93799876e-14,9.560330139e-14,1.142392746e-13,3.245912651e-13,4.863159113e-13,2.878845729e-13,3.224382023e-13,1.238266177e-13,2.80051136e-13,4.636570575e-14,1.880859766e-13,2.979592181e-13,5.735611511e-14,5.110348318e-14,8.023259597e-14,4.149716449e-14,4.740611181e-14,5.713306859e-14,6.93582365e-14,3.366753385e-13,3.698158169e-14,3.559342519e-13,2.131429357e-14
52.8984375,3.153265844e-13,2.646002444e-13,3.182258265e-13,1.480631671e-13,1.987834907e-13,3.985809968e-13,1.565605194e-13,6.901671833e-14,9.689568638e-14,8.997657496e-14,9.459330463e-14,1.146271566e-13,3.261818392e-13,4.866244839e-13,2.874868159e-13,3.257645544e-13,1.256672369e-13,2.801362908e-13,4.615741098e-14,1.883757206e-13,2.982962021e-13,5.668451952e-14,5.036007605e-14,7.943306737e-14,4.253369905e-14,4.781766339e-14,5.714567259e-14,6.817685093e-14,3.406926939e-13,3.561989095e-14,3.568546608e-13,2.147584727e-14
52.90625,3.159518277e-13,2.603647448e-13,3.187205457e-13,1.49372e-13,1.984927362e-13,3.968648368e-13,1.559936401e-13,6.778097882e-14,9.659485348e-14,9.067221779e-14,9.361955919e-14,1.15028425e-13,3.277395352e-13,4.867522242e-13,2.869901843e-13,3.291002981e-13,1.275901208e-13,2.803038683e-13,4.598805515e-14,1.888165278e-13,2.985029462e-13,5.598707633e-14,4.961358523e-14,7.863503026e-14,4.35825491e-14,4.828183318e-14,5.720456236e-14,6.704122081e-14,3.447611737e-13,3.429906091e-14,3.577422273e-13,2.162999494e-14
52.9140625,3.164828681e-13,2.561020495e-13,3.192223195e-13,1.50886864e-13,1.983558114e-13,3.950958194e-13,1.554301393e-13,6.657737092e-14,9.626390513e-14,9.127015667e-14,9.270649136e-14,1.154808816e-13,3.293664484e-13,4.869489262e-13,2.865288912e-13,3.324693864e-13,1.295633178e-13,2.806180875e-13,4.584923748e-14,1.894179332e-13,2.986231303e-13,5.528322898e-14,4.885897187e-14,7.780489731e-14,4.46602982e-14,4.870630285e-14,5.729036823e-14,6.59028422e-14,3.487996317e-13,3.297454999e-14,3.586225328e-13,2.177604736e-14
52.921875,3.169783695e-13,2.51776252e-13,3.197725192e-13,1.526152188e-13,1.98328843e-13,3.933749134e-13,1.54923757e-13,6.545947735e-14,9.588741371e-14,9.1841299e-14,9.18679549e-14,1.159705597e-13,3.309759957e-13,4.872281312e-13,2.864647625e-13,3.361041285e-13,1.316075268e-13,2.809892075e-13,4.575193774e-14,1.901433967e-13,2.986958969e-13,5.456909253e-14,4.813908823e-14,7.700365194e-14,4.577784603e-14,4.914289463e-14,5.740898337e-14,6.46886526e-14,3.528398385e-13,3.164950902e-14,3.594278038e-13,2.193461667e-14
52.9296875,3.172902358e-13,2.473051762e-13,3.202373284e-13,1.544031452e-13,1.981937014e-13,3.915127168e-13,1.544589398e-13,6.451242436e-14,9.546466345e-14,9.259870029e-14,9.112713847e-14,1.163708757e-13,3.323817368e-13,4.872213158e-13,2.865827737e-13,3.397788352e-13,1.33628096e-13,2.812396403e-13,4.568339933e-14,1.909596298e-13,2.986541388e-13,5.382824328e-14,4.74993388e-14,7.632351016e-14,4.691060695e-14,4.966324476e-14,5.751788859e-14,6.344868622e-14,3.568289467e-13,3.03693412e-14,3.600018039e-13,2.212830142e-14
52.9375,3.17609771e-13,2.427774405e-13,3.205916132e-13,1.56300094e-13,1.981240744e-13,3.896247342e-13,1.53972402e-13,6.365572492e-14,9.505344987e-14,9.344967161e-14,9.042774565e-14,1.16720607e-13,3.336395229e-13,4.870295021e-13,2.864973993e-13,3.431214596e-13,1.355260204e-13,2.814161588e-13,4.565005362e-14,1.918450155e-13,2.985641576e-13,5.310757672e-14,4.691073655e-14,7.569296922e-14,4.803501503e-14,5.024647507e-14,5.758628583e-14,6.226441663e-14,3.605502681e-13,2.914916132e-14,3.604500148e-13,2.236572965e-14
52.9453125,3.18207409e-13,2.382432535e-13,3.21041884e-13,1.585169327e-13,1.983846054e-13,3.880713971e-13,1.534751941e-13,6.275216825e-14,9.468006407e-14,9.428216444e-14,8.975329721e-14,1.172033452e-13,3.349261854e-13,4.870009198e-13,2.863828371e-13,3.463403588e-13,1.374951363e-13,2.817496709e-13,4.572695418e-14,1.927220737e-13,2.985079779e-13,5.245922387e-14,4.632935416e-14,7.502894031e-14,4.918218853e-14,5.085562603e-14,5.769648792e-14,6.114332252e-14,3.641943851e-13,2.798403189e-14,3.61052289e-13,2.261812471e-14
52.953125,3.187880852e-13,2.339003988e-13,3.21597089e-13,1.608557748e-13,1.988318383e-13,3.865717644e-13,1.529961479e-13,6.183071852e-14,9.427007797e-14,9.514738201e-14,8.918858322e-14,1.177942792e-13,3.362321793e-13,4.870354042e-13,2.864602299e-13,3.497307713e-13,1.396469049e-13,2.822695388e-13,4.590079654e-14,1.934749728e-13,2.984071921e-13,5.182274127e-14,4.57736586e-14,7.436595275e-14,5.03799126e-14,5.148655842e-14,5.793057715e-14,6.00589047e-14,3.682582753e-13,2.686054115e-14,3.617626715e-13,2.284723895e-14
52.9609375,3.191584519e-13,2.299593933e-13,3.221309259e-13,1.631356275e-13,1.993236551e-13,3.847918262e-13,1.525166013e-13,6.095841184e-14,9.378354282e-14,9.603494448e-14,8.869175862e-14,1.183783416e-13,3.374717037e-13,4.870339897e-13,2.866406625e-13,3.531726694e-13,1.417786724e-13,2.828609973e-13,4.607301071e-14,1.941462321e-13,2.982788371e-13,5.113480485e-14,4.526067784e-14,7.370090646e-14,5.16031365e-14,5.215799842e-14,5.827052234e-14,5.900799687e-14,3.727139381e-13,2.575426302e-14,3.623639605e-13,2.306805317e-14
52.96875,3.194891129e-13,2.259440875e-13,3.227402248e-13,1.656812963e-13,1.998731324e-13,3.830380718e-13,1.520453417e-13,6.011657059e-14,9.32560071e-14,9.691169249e-14,8.818117341e-14,1.189513023e-13,3.385499087e-13,4.869976598e-13,2.869484271e-13,3.566042751e-13,1.438465255e-13,2.834720787e-13,4.623740979e-14,1.949322603e-13,2.982135459e-13,5.043373619e-14,4.477807027e-14,7.299228457e-14,5.284102925e-14,5.289915577e-14,5.868215185e-14,5.79682812e-14,3.771327014e-13,2.4666668e-14,3.627548473e-13,2.332123894e-14
52.9765625,3.197374904e-13,2.214707501e-13,3.233793002e-13,1.685786076e-13,2.003925367e-13,3.813955279e-13,1.516058852e-13,5.933074834e-14,9.270357252e-14,9.780664666e-14,8.77593003e-14,1.194662863e-13,3.393948832e-13,4.866804185e-13,2.874202931e-13,3.601132709e-13,1.459621206e-13,2.84061328e-13,4.642810886e-14,1.959512632e-13,2.981092592e-13,4.97426708e-14,4.434341174e-14,7.229074175e-14,5.411019409e-14,5.369852539e-14,5.915308163e-14,5.690746986e-14,3.813920254e-13,2.362129083e-14,3.629131954e-13,2.36009679e-14
52.984375,3.199275093e-13,2.170619397e-13,3.238455485e-13,1.715467585e-13,2.00927855e-13,3.796636274e-13,1.511884544e-13,5.865647078e-14,9.214571824e-14,9.872930595e-14,8.749125619e-14,1.199208178e-13,3.401866978e-13,4.861630933e-13,2.879645255e-13,3.636493495e-13,1.480777791e-13,2.846753787e-13,4.664994084e-14,1.971405614e-13,2.978925396e-13,4.904350999e-14,4.397218919e-14,7.166830382e-14,5.54110822e-14,5.451999965e-14,5.966298862e-14,5.586073972e-14,3.856228961e-13,2.262189635e-14,3.630402646e-13,2.387918719e-14
52.9921875,3.201867948e-13,2.129190719e-13,3.243143426e-13,1.746286978e-13,2.016162046e-13,3.779652007e-13,1.507837293e-13,5.80502553e-14,9.158739877e-14,9.966875844e-14,8.731082199e-14,1.204304014e-13,3.410500518e-13,4.857898347e-13,2.886691358e-13,3.671636496e-13,1.501428825e-13,2.853346507e-13,4.692512899e-14,1.983129415e-13,2.976853113e-13,4.833755274e-14,4.363533328e-14,7.10871679e-14,5.672847232e-14,5.53744845e-14,6.020082776e-14,5.484738473e-14,3.898273569e-13,2.165533277e-14,3.632658821e-13,2.415976882e-14
53,3.203582572e-13,2.086639293e-13,3.249955073e-13,1.779266776e-13,2.023799143e-13,3.76276798e-13,1.503781354e-13,5.746476327e-14,9.098394181e-14,1.006303421e-13,8.724520447e-14,1.209877143e-13,3.417692846e-13,4.854462239e-13,2.896237931e-13,3.706633418e-13,1.521692794e-13,2.858890593e-13,4.724205391e-14,1.994172065e-13,2.97547586e-13,4.761640071e-14,4.331735717e-14,7.046403442e-14,5.80328626e-14,5.626621031e-14,6.075199751e-14,5.382901988e-14,3.939218912e-13,2.07072886e-14,3.633448711e-13,2.445884799e-14
53.0078125,3.205059199e-13,2.044574349e-13,3.25778388e-13,1.813406606e-13,2.032524409e-13,3.745003852e-13,1.499798325e-13,5.695543756e-14,9.035695605e-14,1.01651447e-13,8.731827752e-14,1.215608867e-13,3.423716458e-13,4.851177724e-13,2.907882397e-13,3.742143895e-13,1.542046502e-13,2.864517328e-13,4.757427984e-14,2.007067048e-13,2.974337605e-13,4.689911729e-14,4.303325618e-14,6.983274697e-14,5.932942887e-14,5.71544458e-14,6.130464105e-14,5.283903033e-14,3.979916241e-13,1.977211222e-14,3.633124866e-13,2.477676237e-14
53.015625,3.208115351e-13,2.004841904e-13,3.265961475e-13,1.850037728e-13,2.043793057e-13,3.729055728e-13,1.496332344e-13,5.656647601e-14,8.975004247e-14,1.027601054e-13,8.742379246e-14,1.222136188e-13,3.431016336e-13,4.85031674e-13,2.922300616e-13,3.779400344e-13,1.563545483e-13,2.872785039e-13,4.795507958e-14,2.022749037e-13,2.972767228e-13,4.622888358e-14,4.278803499e-14,6.929033608e-14,6.066713567e-14,5.804969251e-14,6.189562187e-14,5.191358649e-14,4.021917682e-13,1.88661633e-14,3.634093389e-13,2.510758647e-14
53.0234375,3.209701751e-13,1.964486305e-13,3.27383717e-13,1.890072656e-13,2.055854324e-13,3.714307167e-13,1.493018027e-13,5.625451297e-14,8.910526657e-14,1.039051397e-13,8.754717496e-14,1.228707432e-13,3.437413687e-13,4.848257116e-13,2.938075124e-13,3.816535288e-13,1.585184313e-13,2.881305552e-13,4.838473748e-14,2.03790088e-13,2.969795999e-13,4.556084308e-14,4.258048688e-14,6.878938348e-14,6.201302645e-14,5.899900554e-14,6.254124961e-14,5.09856817e-14,4.064033659e-13,1.800133556e-14,3.633238223e-13,2.544843443e-14
53.03125,3.209312249e-13,1.923974715e-13,3.281122506e-13,1.930625273e-13,2.067526892e-13,3.697785415e-13,1.489271324e-13,5.598982339e-14,8.841331758e-14,1.050267634e-13,8.778507098e-14,1.234660169e-13,3.440853365e-13,4.84266221e-13,2.95238559e-13,3.851189592e-13,1.605470677e-13,2.887997181e-13,4.880748977e-14,2.051727741e-13,2.966016912e-13,4.485142423e-14,4.240892598e-14,6.822539362e-14,6.331191581e-14,5.998707715e-14,6.319396105e-14,5.004399474e-14,4.104626897e-13,1.715606418e-14,3.628980177e-13,2.580568554e-14
53.0390625,3.211360577e-13,1.885122967e-13,3.290916155e-13,1.971400031e-13,2.081355631e-13,3.682552741e-13,1.485873828e-13,5.58026547e-14,8.776166515e-14,1.06092766e-13,8.811672059e-14,1.241627033e-13,3.444457499e-13,4.83970957e-13,2.968461496e-13,3.886892428e-13,1.62650681e-13,2.896319838e-13,4.922399398e-14,2.067551278e-13,2.963540939e-13,4.416364794e-14,4.226673564e-14,6.765419073e-14,6.464389466e-14,6.097622217e-14,6.383731326e-14,4.917039247e-14,4.145319884e-13,1.630754835e-14,3.625879505e-13,2.618591821e-14
53.046875,3.216089564e-13,1.846405179e-13,3.304351213e-13,2.015744139e-13,2.098639033e-13,3.671294699e-13,1.483326933e-13,5.569517082e-14,8.715679243e-14,1.070892981e-13,8.845438039e-14,1.250394974e-13,3.449695058e-13,4.842269156e-13,2.990494182e-13,3.926425754e-13,1.649475733e-13,2.90807675e-13,4.970553723e-14,2.084750548e-13,2.962630122e-13,4.352958746e-14,4.215715992e-14,6.715512769e-14,6.605209375e-14,6.196467828e-14,6.449717473e-14,4.838447587e-14,4.186958045e-13,1.546485447e-14,3.624604246e-13,2.6572077e-14
53.0546875,3.221427013e-13,1.808230804e-13,3.31812672e-13,2.063219101e-13,2.117911747e-13,3.661105837e-13,1.480841288e-13,5.56376254e-14,8.655421087e-14,1.081506682e-13,8.882739713e-14,1.259853726e-13,3.454650407e-13,4.845942662e-13,3.015120924e-13,3.965910768e-13,1.671851076e-13,2.92122277e-13,5.032751674e-14,2.10000877e-13,2.961780378e-13,4.292260502e-14,4.208322041e-14,6.668723838e-14,6.744326056e-14,6.297391245e-14,6.520599016e-14,4.763904321e-14,4.228150419e-13,1.465654785e-14,3.622612826e-13,2.695052394e-14
53.0625,3.227552102e-13,1.771888073e-13,3.3307728e-13,2.111329354e-13,2.137320821e-13,3.65047255e-13,1.478322114e-13,5.566138788e-14,8.595109272e-14,1.093978222e-13,8.930073075e-14,1.269220864e-13,3.458903787e-13,4.848366816e-13,3.039276066e-13,4.003933452e-13,1.693183769e-13,2.934740011e-13,5.105822853e-14,2.115393303e-13,2.960270977e-13,4.234662111e-14,4.2038146e-14,6.624571865e-14,6.881387304e-14,6.403572175e-14,6.600630887e-14,4.691058486e-14,4.269672303e-13,1.390249744e-14,3.620789862e-13,2.735042579e-14
53.0703125,3.234149694e-13,1.736057074e-13,3.342515147e-13,2.162046329e-13,2.156378041e-13,3.640457872e-13,1.476152893e-13,5.580924284e-14,8.534365187e-14,1.106475966e-13,8.983645347e-14,1.278093179e-13,3.462578403e-13,4.850702055e-13,3.065723346e-13,4.043623866e-13,1.715149393e-13,2.948310881e-13,5.175836826e-14,2.13422826e-13,2.958543462e-13,4.178388711e-14,4.20257377e-14,6.586888899e-14,7.021990052e-14,6.51356874e-14,6.685269506e-14,4.623152117e-14,4.311333331e-13,1.319022465e-14,3.618671473e-13,2.779183164e-14
53.078125,3.24148498e-13,1.700264349e-13,3.353459847e-13,2.216957075e-13,2.177639152e-13,3.631566286e-13,1.47412759e-13,5.603555275e-14,8.474509834e-14,1.117684601e-13,9.042328021e-14,1.286471721e-13,3.465161293e-13,4.854395973e-13,3.094458729e-13,4.083045892e-13,1.736905284e-13,2.961631663e-13,5.239507331e-14,2.15433138e-13,2.957428764e-13,4.12080679e-14,4.205058067e-14,6.550653185e-14,7.160692322e-14,6.620639135e-14,6.7626984e-14,4.562221421e-14,4.349634754e-13,1.249348203e-14,3.614367373e-13,2.824292324e-14
53.0859375,3.250030816e-13,1.664983822e-13,3.365414444e-13,2.272083993e-13,2.202501382e-13,3.623528956e-13,1.472548572e-13,5.629901452e-14,8.417244632e-14,1.129629465e-13,9.115219543e-14,1.294822339e-13,3.466930021e-13,4.859396584e-13,3.121854226e-13,4.118087163e-13,1.75700319e-13,2.975245049e-13,5.305814899e-14,2.173254515e-13,2.95668433e-13,4.065203754e-14,4.209952598e-14,6.513318671e-14,7.295730691e-14,6.72364352e-14,6.835013624e-14,4.502206751e-14,4.385751335e-13,1.182013017e-14,3.60955229e-13,2.868778307e-14
53.09375,3.258263083e-13,1.630534868e-13,3.378562236e-13,2.325053317e-13,2.227966071e-13,3.615067565e-13,1.471700998e-13,5.662430747e-14,8.359839829e-14,1.142953611e-13,9.199031438e-14,1.303318777e-13,3.468365276e-13,4.864201173e-13,3.149475479e-13,4.152232975e-13,1.7767349e-13,2.98973398e-13,5.377801193e-14,2.192283424e-13,2.955338266e-13,4.013282591e-14,4.216517941e-14,6.481580604e-14,7.435178199e-14,6.827298831e-14,6.913627459e-14,4.441853844e-14,4.424872422e-13,1.119429183e-14,3.60579873e-13,2.914987206e-14
53.1015625,3.267242589e-13,1.597684702e-13,3.391742315e-13,2.378911925e-13,2.253630739e-13,3.607170443e-13,1.471033412e-13,5.698530337e-14,8.302104183e-14,1.15575428e-13,9.278150803e-14,1.312725416e-13,3.47022188e-13,4.870455346e-13,3.182199415e-13,4.190933042e-13,1.798565192e-13,3.006262021e-13,5.456897044e-14,2.211912384e-13,2.954463714e-13,3.9633888e-14,4.225548386e-14,6.45498123e-14,7.580431262e-14,6.932824808e-14,6.998283849e-14,4.389409776e-14,4.466000313e-13,1.060366797e-14,3.602898319e-13,2.962154171e-14
53.109375,3.27964945e-13,1.565432457e-13,3.406816763e-13,2.4354089e-13,2.282587338e-13,3.602917165e-13,1.470617594e-13,5.733408301e-14,8.246379493e-14,1.167949912e-13,9.352138968e-14,1.323665161e-13,3.472891017e-13,4.881259849e-13,3.219574931e-13,4.232305787e-13,1.822674551e-13,3.025318706e-13,5.544853341e-14,2.230599399e-13,2.955375038e-13,3.916099655e-14,4.236867327e-14,6.425542898e-14,7.72625717e-14,7.039050101e-14,7.083948605e-14,4.344222142e-14,4.504192975e-13,1.002384857e-14,3.601002079e-13,3.007807827e-14
53.1171875,3.294398423e-13,1.53353065e-13,3.423567399e-13,2.493189232e-13,2.314082156e-13,3.600253082e-13,1.470497213e-13,5.771179587e-14,8.193895928e-14,1.180543372e-13,9.429066798e-14,1.334852858e-13,3.47489386e-13,4.894409439e-13,3.257501884e-13,4.272621263e-13,1.846853693e-13,3.045156699e-13,5.63507196e-14,2.247360906e-13,2.956432185e-13,3.871438436e-14,4.249342553e-14,6.392363133e-14,7.868704662e-14,7.146151214e-14,7.171610542e-14,4.302717812e-14,4.539239439e-13,9.462845135e-15,3.59891582e-13,3.054229865e-14
53.125,3.310558789e-13,1.504506146e-13,3.438594904e-13,2.551634813e-13,2.346240927e-13,3.595527264e-13,1.469722052e-13,5.813003091e-14,8.147862822e-14,1.192963059e-13,9.510500291e-14,1.345469977e-13,3.475406114e-13,4.906827779e-13,3.295060047e-13,4.312422475e-13,1.870322692e-13,3.065201208e-13,5.727125475e-14,2.262386207e-13,2.956546622e-13,3.829501896e-14,4.264018737e-14,6.359900195e-14,8.007418732e-14,7.254862754e-14,7.260972749e-14,4.270715282e-14,4.573908914e-13,8.93748098e-15,3.595778146e-13,3.103815121e-14
53.1328125,3.328843748e-13,1.47709643e-13,3.453067193e-13,2.611111745e-13,2.379870352e-13,3.591733411e-13,1.468738296e-13,5.852906287e-14,8.103270876e-14,1.204898539e-13,9.600892197e-14,1.356161174e-13,3.475110557e-13,4.919302692e-13,3.333901264e-13,4.351992843e-13,1.894265678e-13,3.086111972e-13,5.82808018e-14,2.277538815e-13,2.956731563e-13,3.79126508e-14,4.283376034e-14,6.330415869e-14,8.147416092e-14,7.365653301e-14,7.348627967e-14,4.246502767e-14,4.608457011e-13,8.448826871e-15,3.5926102e-13,3.154292365e-14
53.140625,3.34825325e-13,1.448618055e-13,3.46920961e-13,2.672251e-13,2.414618231e-13,3.592073062e-13,1.468936216e-13,5.89386138e-14,8.050264752e-14,1.217052399e-13,9.696669404e-14,1.366767958e-13,3.473756597e-13,4.932378626e-13,3.374960487e-13,4.390771982e-13,1.918869717e-13,3.107070937e-13,5.932693076e-14,2.294780766e-13,2.956474388e-13,3.754722415e-14,4.306307123e-14,6.30448082e-14,8.289952578e-14,7.477581372e-14,7.434227073e-14,4.22588804e-14,4.640910437e-13,7.998167631e-15,3.588993019e-13,3.204685459e-14
53.1484375,3.369814023e-13,1.422745069e-13,3.484980427e-13,2.735136807e-13,2.45098221e-13,3.594416082e-13,1.469685397e-13,5.941032842e-14,7.998891016e-14,1.229306286e-13,9.782503117e-14,1.377652258e-13,3.471929195e-13,4.947682897e-13,3.418999327e-13,4.430915107e-13,1.944128103e-13,3.129141708e-13,6.038548178e-14,2.313248333e-13,2.955696195e-13,3.72127972e-14,4.330048514e-14,6.28110834e-14,8.429973239e-14,7.5919248e-14,7.521572427e-14,4.218354676e-14,4.671069428e-13,7.59057836e-15,3.585458746e-13,3.25752372e-14
53.15625,3.395996473e-13,1.401424277e-13,3.500123635e-13,2.798080128e-13,2.491428907e-13,3.597370828e-13,1.470130545e-13,5.989666214e-14,7.96133248e-14,1.241268545e-13,9.865539904e-14,1.39013167e-13,3.47116942e-13,4.968126687e-13,3.466393917e-13,4.473076211e-13,1.970829484e-13,3.155154734e-13,6.157724901e-14,2.331449835e-13,2.956693577e-13,3.69607229e-14,4.356529573e-14,6.259404615e-14,8.57033816e-14,7.711471831e-14,7.612397301e-14,4.222064093e-14,4.7018807e-13,7.221079154e-15,3.584913626e-13,3.312812095e-14
53.1640625,3.423983661e-13,1.379258591e-13,3.516285992e-13,2.860067514e-13,2.534383591e-13,3.601303018e-13,1.470959423e-13,6.040061956e-14,7.925799266e-14,1.253351418e-13,9.96698628e-14,1.403216162e-13,3.469947332e-13,4.99094939e-13,3.51562238e-13,4.514588306e-13,1.998501111e-13,3.183880889e-13,6.287186911e-14,2.349032922e-13,2.958927053e-13,3.675900183e-14,4.387472893e-14,6.240915688e-14,8.715138827e-14,7.828827036e-14,7.702038953e-14,4.221849093e-14,4.734343408e-13,6.87469953e-15,3.586042671e-13,3.367532036e-14
53.171875,3.450148211e-13,1.354774311e-13,3.532005336e-13,2.922818543e-13,2.577279372e-13,3.605272643e-13,1.471955718e-13,6.097731736e-14,7.886078984e-14,1.26543291e-13,1.007971142e-13,1.415262338e-13,3.466260729e-13,5.012195532e-13,3.564756508e-13,4.554463152e-13,2.02594786e-13,3.212132909e-13,6.41006589e-14,2.364847204e-13,2.959494737e-13,3.655135063e-14,4.419355864e-14,6.223140034e-14,8.854801e-14,7.93327726e-14,7.788657027e-14,4.225279124e-14,4.764446083e-13,6.540067963e-15,3.584819271e-13,3.420849578e-14
53.1796875,3.476899341e-13,1.333125035e-13,3.546735981e-13,2.988334901e-13,2.621893119e-13,3.609849013e-13,1.472316922e-13,6.158291331e-14,7.852229358e-14,1.276653534e-13,1.018501172e-13,1.427221743e-13,3.461563792e-13,5.034536233e-13,3.613993813e-13,4.593330127e-13,2.053238396e-13,3.240281064e-13,6.529512059e-14,2.379949444e-13,2.95908854e-13,3.636940485e-14,4.452230172e-14,6.19997149e-14,8.983872326e-14,8.030969231e-14,7.877460314e-14,4.247339556e-14,4.790078991e-13,6.222807281e-15,3.581668586e-13,3.474929238e-14
53.1875,3.507442264e-13,1.315998947e-13,3.56290228e-13,3.056190345e-13,2.669024117e-13,3.617258117e-13,1.472855641e-13,6.218533487e-14,7.822127311e-14,1.287347175e-13,1.028667257e-13,1.44012676e-13,3.457226076e-13,5.060456291e-13,3.665335185e-13,4.632294791e-13,2.081344891e-13,3.270399518e-13,6.659914177e-14,2.397604072e-13,2.959720656e-13,3.624814539e-14,4.490530134e-14,6.175925819e-14,9.112921719e-14,8.134390028e-14,7.969905873e-14,4.278733203e-14,4.815693312e-13,5.937686314e-15,3.578937225e-13,3.530963526e-14
53.1953125,3.54048448e-13,1.300449842e-13,3.580783862e-13,3.123740231e-13,2.7178009e-13,3.62706272e-13,1.474191801e-13,6.281325779e-14,7.793218345e-14,1.298600728e-13,1.039528843e-13,1.453824106e-13,3.453339567e-13,5.088950561e-13,3.719450329e-13,4.673040386e-13,2.110738497e-13,3.302816891e-13,6.799539266e-14,2.414891423e-13,2.960930954e-13,3.617289645e-14,4.531713461e-14,6.161942633e-14,9.246695652e-14,8.241199181e-14,8.065275992e-14,4.309602141e-14,4.844731852e-13,5.683048721e-15,3.577654181e-13,3.586384595e-14
53.203125,3.573868356e-13,1.284894581e-13,3.598294197e-13,3.189844335e-13,2.769616742e-13,3.63722526e-13,1.475623195e-13,6.342725724e-14,7.773610877e-14,1.310073843e-13,1.050835268e-13,1.46859625e-13,3.450681992e-13,5.120949387e-13,3.774414005e-13,4.713422287e-13,2.140428432e-13,3.336630466e-13,6.939094487e-14,2.427033383e-13,2.962361605e-13,3.612541145e-14,4.570062064e-14,6.154057145e-14,9.377558374e-14,8.34172138e-14,8.163299139e-14,4.344638057e-14,4.873322077e-13,5.442834413e-15,3.578436523e-13,3.638248464e-14
53.2109375,3.608555738e-13,1.270079955e-13,3.614683977e-13,3.256021074e-13,2.823920567e-13,3.647862739e-13,1.477150474e-13,6.403267381e-14,7.754243225e-14,1.320990208e-13,1.061996854e-13,1.483585862e-13,3.447862922e-13,5.155898458e-13,3.829373798e-13,4.749951292e-13,2.169687159e-13,3.371208478e-13,7.077940541e-14,2.439010978e-13,2.964159755e-13,3.60855969e-14,4.607521108e-14,6.138086023e-14,9.501951381e-14,8.43313191e-14,8.253366628e-14,4.382278811e-14,4.896183621e-13,5.215912973e-15,3.579140323e-13,3.688742632e-14
53.21875,3.646875118e-13,1.256813899e-13,3.6311064e-13,3.32183683e-13,2.878160119e-13,3.660630245e-13,1.479272104e-13,6.472825904e-14,7.722394617e-14,1.332162579e-13,1.073210892e-13,1.496998929e-13,3.442354644e-13,5.190307572e-13,3.886070597e-13,4.785281569e-13,2.199804907e-13,3.406373024e-13,7.218869209e-14,2.456231714e-13,2.965665443e-13,3.605813758e-14,4.648461472e-14,6.113025557e-14,9.62067257e-14,8.519422382e-14,8.328556294e-14,4.418535543e-14,4.913661122e-13,5.014918219e-15,3.577025998e-13,3.741759412e-14
53.2265625,3.688820703e-13,1.244624232e-13,3.649107452e-13,3.386067883e-13,2.933828417e-13,3.676233932e-13,1.481560065e-13,6.548237889e-14,7.692130807e-14,1.344676978e-13,1.084844859e-13,1.510043111e-13,3.436431568e-13,5.225561481e-13,3.944861538e-13,4.82255705e-13,2.231279594e-13,3.442230172e-13,7.363438003e-14,2.473684252e-13,2.967503566e-13,3.608156929e-14,4.692898908e-14,6.092192807e-14,9.733400804e-14,8.605257746e-14,8.40398119e-14,4.459138454e-14,4.929629588e-13,4.839479051e-15,3.575098479e-13,3.795742044e-14
53.234375,3.731570396e-13,1.232244199e-13,3.668782818e-13,3.450779543e-13,2.992869757e-13,3.693219641e-13,1.483518238e-13,6.619166376e-14,7.674538865e-14,1.358038915e-13,1.096801599e-13,1.525086404e-13,3.433017538e-13,5.264563971e-13,4.003766885e-13,4.858837701e-13,2.262192149e-13,3.478665785e-13,7.51460717e-14,2.487679622e-13,2.97089803e-13,3.615261823e-14,4.739801872e-14,6.084781124e-14,9.842891306e-14,8.69053642e-14,8.49127405e-14,4.504253325e-14,4.94634874e-13,4.678802091e-15,3.576790907e-13,3.847392125e-14
53.2421875,3.772746157e-13,1.219511079e-13,3.688489042e-13,3.515860037e-13,3.053600145e-13,3.709409337e-13,1.485333628e-13,6.687395978e-14,7.658593267e-14,1.370884717e-13,1.109360523e-13,1.541042237e-13,3.429179203e-13,5.304332461e-13,4.061403772e-13,4.891410836e-13,2.290987898e-13,3.514080223e-13,7.670237299e-14,2.501543126e-13,2.974875991e-13,3.62362126e-14,4.788077313e-14,6.083829788e-14,9.949355553e-14,8.773779828e-14,8.580429734e-14,4.545748071e-14,4.962693107e-13,4.531967715e-15,3.578383479e-13,3.897977901e-14
53.25,3.814077355e-13,1.207434203e-13,3.706985553e-13,3.578475968e-13,3.115743659e-13,3.725693262e-13,1.487450644e-13,6.754989805e-14,7.641824539e-14,1.38255673e-13,1.122677487e-13,1.556300598e-13,3.422718839e-13,5.343425549e-13,4.118028035e-13,4.921745426e-13,2.318281809e-13,3.547628463e-13,7.821608596e-14,2.515290711e-13,2.978183733e-13,3.63387359e-14,4.835160275e-14,6.074686011e-14,1.004708763e-13,8.855112852e-14,8.662012339e-14,4.586083472e-14,4.975786335e-13,4.402079502e-15,3.576386569e-13,3.949289373e-14
53.2578125,3.859090381e-13,1.196375978e-13,3.724244541e-13,3.640686907e-13,3.180747207e-13,3.744794564e-13,1.490031937e-13,6.820443756e-14,7.632331986e-14,1.393630463e-13,1.135129356e-13,1.571933546e-13,3.416534127e-13,5.385082368e-13,4.174810832e-13,4.951437741e-13,2.345909839e-13,3.581796092e-13,7.966734225e-14,2.527009271e-13,2.981342046e-13,3.647697298e-14,4.880320949e-14,6.056906739e-14,1.013643855e-13,8.93040826e-14,8.738905313e-14,4.635938189e-14,4.984997388e-13,4.28356148e-15,3.573628916e-13,4.000363227e-14
53.265625,3.906206742e-13,1.185710959e-13,3.740200998e-13,3.704483972e-13,3.247452142e-13,3.765481413e-13,1.492523278e-13,6.889281727e-14,7.626695144e-14,1.404747757e-13,1.145421474e-13,1.588013551e-13,3.411028754e-13,5.428166886e-13,4.231716602e-13,4.979365366e-13,2.373820933e-13,3.617147263e-13,8.108904468e-14,2.53936796e-13,2.985072787e-13,3.663005117e-14,4.926675431e-14,6.042755067e-14,1.022152721e-13,8.996517797e-14,8.816431309e-14,4.696380998e-14,4.992078731e-13,4.174293514e-15,3.57137055e-13,4.051369645e-14
53.2734375,3.951386418e-13,1.174914345e-13,3.755202947e-13,3.765888352e-13,3.314414496e-13,3.785094095e-13,1.494701542e-13,6.962483286e-14,7.618806913e-14,1.415667349e-13,1.154904099e-13,1.603061156e-13,3.403602844e-13,5.46944888e-13,4.287442259e-13,5.003941111e-13,2.4000716e-13,3.650992755e-13,8.247051851e-14,2.553573437e-13,2.989484209e-13,3.677741917e-14,4.97695021e-14,6.032901026e-14,1.030121282e-13,9.058258932e-14,8.894389211e-14,4.759160077e-14,4.99654563e-13,4.08397855e-15,3.567151411e-13,4.102909292e-14
53.28125,3.996530909e-13,1.164418936e-13,3.770754668e-13,3.823298799e-13,3.382359845e-13,3.805537944e-13,1.497336051e-13,7.031301872e-14,7.611550172e-14,1.426427005e-13,1.164847007e-13,1.617819232e-13,3.395184657e-13,5.510994757e-13,4.342790679e-13,5.026889483e-13,2.425669271e-13,3.684559082e-13,8.383547516e-14,2.566969896e-13,2.994539589e-13,3.693821604e-14,5.029541048e-14,6.019671396e-14,1.037606003e-13,9.116224275e-14,8.967407519e-14,4.82008295e-14,4.996869476e-13,4.01696066e-15,3.561805391e-13,4.15278369e-14
53.2890625,4.044367855e-13,1.155454414e-13,3.787236536e-13,3.879711595e-13,3.451638323e-13,3.82864597e-13,1.500248055e-13,7.094141578e-14,7.607601736e-14,1.437666624e-13,1.174841716e-13,1.633343071e-13,3.386898247e-13,5.554140284e-13,4.398734855e-13,5.049500141e-13,2.452129147e-13,3.719434041e-13,8.521739341e-14,2.579240339e-13,3.000105572e-13,3.713654245e-14,5.081731779e-14,6.005317066e-14,1.044422724e-13,9.165985884e-14,9.035089235e-14,4.883360043e-14,4.994144424e-13,3.968434807e-15,3.556758802e-13,4.199814139e-14
53.296875,4.092320244e-13,1.148374162e-13,3.80306473e-13,3.936104891e-13,3.521587612e-13,3.851995249e-13,1.502437708e-13,7.157638233e-14,7.604480415e-14,1.449183851e-13,1.184795595e-13,1.648287885e-13,3.376421156e-13,5.596302355e-13,4.453489081e-13,5.069144042e-13,2.476944029e-13,3.752121081e-13,8.65638091e-14,2.591755855e-13,3.005983524e-13,3.735117795e-14,5.134473371e-14,5.991903368e-14,1.049791003e-13,9.212277626e-14,9.100704965e-14,4.953021788e-14,4.988694702e-13,3.93941008e-15,3.549394008e-13,4.246695213e-14
53.3046875,4.140936662e-13,1.142347561e-13,3.817956473e-13,3.991663513e-13,3.592034247e-13,3.874571603e-13,1.504277339e-13,7.223601236e-14,7.600041864e-14,1.460208624e-13,1.194841861e-13,1.662131149e-13,3.363677007e-13,5.638097218e-13,4.507438269e-13,5.086869415e-13,2.500525185e-13,3.782983774e-13,8.789299262e-14,2.604001205e-13,3.012088905e-13,3.756009164e-14,5.189256203e-14,5.974123693e-14,1.054340419e-13,9.261163351e-14,9.160738782e-14,5.028186489e-14,4.980102565e-13,3.930088741e-15,3.539606109e-13,4.295978171e-14
53.3125,4.194964816e-13,1.137081589e-13,3.833498261e-13,4.045471504e-13,3.663952497e-13,3.898531944e-13,1.506144971e-13,7.287168684e-14,7.598311133e-14,1.470536339e-13,1.204513076e-13,1.676355828e-13,3.351587328e-13,5.682983266e-13,4.562956193e-13,5.106665436e-13,2.526838651e-13,3.816604325e-13,8.930246206e-14,2.615700395e-13,3.019054177e-13,3.780892081e-14,5.244119873e-14,5.953866085e-14,1.059247688e-13,9.309856867e-14,9.217306261e-14,5.110057482e-14,4.970881802e-13,3.934220577e-15,3.531224534e-13,4.347249636e-14
53.3203125,4.25345504e-13,1.132161021e-13,3.849757122e-13,4.09682434e-13,3.739102412e-13,3.924975271e-13,1.507496319e-13,7.344831059e-14,7.605404901e-14,1.480278241e-13,1.213559862e-13,1.691365312e-13,3.340507007e-13,5.731477926e-13,4.618514348e-13,5.125620024e-13,2.55451938e-13,3.852022126e-13,9.073564336e-14,2.627982728e-13,3.027459572e-13,3.813663541e-14,5.298242171e-14,5.935772762e-14,1.063719492e-13,9.355252548e-14,9.280275514e-14,5.20262043e-14,4.960408532e-13,3.955630726e-15,3.524129981e-13,4.397811613e-14
53.328125,4.312389001e-13,1.126623837e-13,3.8649117e-13,4.147194625e-13,3.817272551e-13,3.952875608e-13,1.508912729e-13,7.400558573e-14,7.618226919e-14,1.489495456e-13,1.221712858e-13,1.706040746e-13,3.328577807e-13,5.781718868e-13,4.672479078e-13,5.140414393e-13,2.581513738e-13,3.887192683e-13,9.207082394e-14,2.640773497e-13,3.036160355e-13,3.848551372e-14,5.354048643e-14,5.915054063e-14,1.06714915e-13,9.394348564e-14,9.343482794e-14,5.305951751e-14,4.943898517e-13,3.998918414e-15,3.514995414e-13,4.444597027e-14
53.3359375,4.371612557e-13,1.121541845e-13,3.878343622e-13,4.197506391e-13,3.89586444e-13,3.980372547e-13,1.510793242e-13,7.459037821e-14,7.630321763e-14,1.498026392e-13,1.228941438e-13,1.719772772e-13,3.315011309e-13,5.832350851e-13,4.726468377e-13,5.154406299e-13,2.610039419e-13,3.923248675e-13,9.331992927e-14,2.652231147e-13,3.044349526e-13,3.87962762e-14,5.411112012e-14,5.889033702e-14,1.070310896e-13,9.424174073e-14,9.397568519e-14,5.417966852e-14,4.923975573e-13,4.053738421e-15,3.503456667e-13,4.487497962e-14
53.34375,4.431639886e-13,1.118242592e-13,3.891713333e-13,4.245633275e-13,3.973991238e-13,4.007568533e-13,1.511920088e-13,7.516727124e-14,7.643796888e-14,1.505886834e-13,1.236506643e-13,1.733114215e-13,3.300099431e-13,5.883098755e-13,4.780355619e-13,5.168623113e-13,2.639171264e-13,3.958841068e-13,9.455296625e-14,2.661493905e-13,3.053041696e-13,3.911152886e-14,5.467141057e-14,5.862601094e-14,1.072815602e-13,9.452226646e-14,9.454458348e-14,5.533388258e-14,4.907437301e-13,4.120411839e-15,3.491184895e-13,4.52915884e-14
53.3515625,4.492493999e-13,1.115303842e-13,3.905762597e-13,4.290177825e-13,4.052191542e-13,4.036542018e-13,1.51219e-13,7.568638039e-14,7.659529635e-14,1.513891911e-13,1.244851919e-13,1.746494087e-13,3.284341864e-13,5.933429753e-13,4.832341119e-13,5.180308838e-13,2.666631328e-13,3.992961355e-13,9.582777092e-14,2.669755598e-13,3.061714202e-13,3.948755372e-14,5.524218054e-14,5.837520032e-14,1.074040227e-13,9.485211753e-14,9.519683936e-14,5.643809438e-14,4.891450876e-13,4.211613466e-15,3.478936998e-13,4.570157204e-14
53.359375,4.555423011e-13,1.11231522e-13,3.9183825e-13,4.331884588e-13,4.130302906e-13,4.066124251e-13,1.512350253e-13,7.615287696e-14,7.674354713e-14,1.522307919e-13,1.252251917e-13,1.7594117e-13,3.267979459e-13,5.982667586e-13,4.881485817e-13,5.188368573e-13,2.693548712e-13,4.027520315e-13,9.714013028e-14,2.678383304e-13,3.069243841e-13,3.990569326e-14,5.583313027e-14,5.81391543e-14,1.074621965e-13,9.51204164e-14,9.576462548e-14,5.754130437e-14,4.86944658e-13,4.316566085e-15,3.466632379e-13,4.608908179e-14
53.3671875,4.620039209e-13,1.11035737e-13,3.929262353e-13,4.371584637e-13,4.21028116e-13,4.094144002e-13,1.512028538e-13,7.660072709e-14,7.693257108e-14,1.530499981e-13,1.258033562e-13,1.771897506e-13,3.250854711e-13,6.032939314e-13,4.927443911e-13,5.191917438e-13,2.719330773e-13,4.06203084e-13,9.837727243e-14,2.688164464e-13,3.07770049e-13,4.033583501e-14,5.639807924e-14,5.793511614e-14,1.074509148e-13,9.521978147e-14,9.619257676e-14,5.878060302e-14,4.842872405e-13,4.416178474e-15,3.453813552e-13,4.646018011e-14
53.375,4.68496331e-13,1.10790836e-13,3.941149413e-13,4.409615688e-13,4.294246062e-13,4.12330703e-13,1.51155911e-13,7.70727554e-14,7.719888067e-14,1.538879895e-13,1.26340587e-13,1.784550712e-13,3.232614213e-13,6.086736344e-13,4.97268991e-13,5.192319064e-13,2.743532005e-13,4.095790444e-13,9.950237881e-14,2.69856287e-13,3.088388076e-13,4.078346259e-14,5.693461843e-14,5.773550679e-14,1.073425737e-13,9.522599047e-14,9.660676689e-14,6.013123221e-14,4.815609245e-13,4.519369218e-15,3.439927521e-13,4.683294118e-14
53.3828125,4.750973969e-13,1.104481926e-13,3.953242553e-13,4.445534578e-13,4.379879185e-13,4.155173014e-13,1.511548641e-13,7.755498464e-14,7.748512718e-14,1.54777449e-13,1.268519216e-13,1.796955183e-13,3.213170269e-13,6.142078196e-13,5.01984571e-13,5.192943366e-13,2.76855311e-13,4.130446071e-13,1.006327093e-13,2.70664198e-13,3.099063973e-13,4.125392071e-14,5.748988231e-14,5.750914546e-14,1.072018503e-13,9.523241066e-14,9.704423369e-14,6.150060969e-14,4.786670794e-13,4.643355162e-15,3.425044123e-13,4.719930818e-14
53.390625,4.817943907e-13,1.102703566e-13,3.962710418e-13,4.478803258e-13,4.465123284e-13,4.186666581e-13,1.511058732e-13,7.797527902e-14,7.777710579e-14,1.556023678e-13,1.272973125e-13,1.808925553e-13,3.19331649e-13,6.196550187e-13,5.066561672e-13,5.192758635e-13,2.793371838e-13,4.165394697e-13,1.018058987e-13,2.711514451e-13,3.108680145e-13,4.174559291e-14,5.80473935e-14,5.727760936e-14,1.070057092e-13,9.523260305e-14,9.744958557e-14,6.28845226e-14,4.75377964e-13,4.78636018e-15,3.410009538e-13,4.755068789e-14
53.3984375,4.883655931e-13,1.102512559e-13,3.971312239e-13,4.509485623e-13,4.55075927e-13,4.217504468e-13,1.510045084e-13,7.835162404e-14,7.807449275e-14,1.563440038e-13,1.277607165e-13,1.820819008e-13,3.173257634e-13,6.250531275e-13,5.110664105e-13,5.190476033e-13,2.816345682e-13,4.198658299e-13,1.029134338e-13,2.716882229e-13,3.117935943e-13,4.224886284e-14,5.85830098e-14,5.703915564e-14,1.066910215e-13,9.523337411e-14,9.784103329e-14,6.425504794e-14,4.717234521e-13,4.937876491e-15,3.394440106e-13,4.791724448e-14
53.40625,4.949267528e-13,1.10212964e-13,3.980842644e-13,4.537014619e-13,4.636743677e-13,4.249748717e-13,1.509338061e-13,7.873714051e-14,7.834267586e-14,1.570563527e-13,1.282756411e-13,1.831877699e-13,3.151733459e-13,6.304230605e-13,5.153269236e-13,5.187969221e-13,2.839999727e-13,4.230356785e-13,1.039128711e-13,2.723891481e-13,3.126835658e-13,4.275024584e-14,5.914365257e-14,5.677055924e-14,1.063085295e-13,9.526345533e-14,9.827995725e-14,6.563022486e-14,4.678793123e-13,5.095666669e-15,3.376539276e-13,4.831728733e-14
53.4140625,5.018383884e-13,1.101430399e-13,3.989912727e-13,4.559948302e-13,4.724500725e-13,4.282353519e-13,1.508031499e-13,7.906530173e-14,7.864285376e-14,1.576740105e-13,1.287863189e-13,1.842258736e-13,3.128909288e-13,6.358413074e-13,5.193636182e-13,5.18349334e-13,2.864612236e-13,4.261709499e-13,1.04924102e-13,2.729934392e-13,3.136042971e-13,4.32819943e-14,5.972790907e-14,5.651635173e-14,1.058934822e-13,9.52780176e-14,9.87522406e-14,6.711659815e-14,4.639671929e-13,5.267683564e-15,3.357313018e-13,4.870719209e-14
53.421875,5.089370228e-13,1.099482275e-13,3.998828588e-13,4.577619945e-13,4.815685791e-13,4.313802486e-13,1.50550411e-13,7.931661093e-14,7.901592573e-14,1.582182374e-13,1.293294823e-13,1.853190951e-13,3.105888499e-13,6.412948604e-13,5.230501934e-13,5.174695022e-13,2.887831589e-13,4.293424621e-13,1.060225964e-13,2.735431825e-13,3.146055421e-13,4.38724778e-14,6.027236292e-14,5.630769764e-14,1.054297251e-13,9.522148624e-14,9.91885191e-14,6.86768404e-14,4.599662993e-13,5.459245871e-15,3.339039818e-13,4.90558837e-14
53.4296875,5.157883992e-13,1.096770719e-13,4.007804807e-13,4.591583168e-13,4.906171117e-13,4.344513983e-13,1.502511676e-13,7.959540552e-14,7.935438394e-14,1.58780516e-13,1.299217006e-13,1.863524134e-13,3.08152811e-13,6.464377406e-13,5.265414966e-13,5.164305099e-13,2.909798938e-13,4.324054503e-13,1.07070776e-13,2.741132865e-13,3.156017992e-13,4.446126939e-14,6.079376502e-14,5.606553588e-14,1.049041158e-13,9.510322807e-14,9.957179645e-14,7.023426974e-14,4.55709232e-13,5.667972738e-15,3.319622854e-13,4.939096328e-14
53.4375,5.225308335e-13,1.096293236e-13,4.015251013e-13,4.603639697e-13,4.992647368e-13,4.375195752e-13,1.498990507e-13,7.987248218e-14,7.964266377e-14,1.59291162e-13,1.304614088e-13,1.872263136e-13,3.055543944e-13,6.513098654e-13,5.299376846e-13,5.153800666e-13,2.931472116e-13,4.352014795e-13,1.079785006e-13,2.744928359e-13,3.166023717e-13,4.501297396e-14,6.133924791e-14,5.574715448e-14,1.042759193e-13,9.493517724e-14,9.994221769e-14,7.184004809e-14,4.511006023e-13,5.892618093e-15,3.297561702e-13,4.971574526e-14
53.4453125,5.294069025e-13,1.096802328e-13,4.021552831e-13,4.611907184e-13,5.077868575e-13,4.405448193e-13,1.494792249e-13,8.002367831e-14,7.998541511e-14,1.597255869e-13,1.309242774e-13,1.880811273e-13,3.029765157e-13,6.56262988e-13,5.330757108e-13,5.140886207e-13,2.953010884e-13,4.378406788e-13,1.08853962e-13,2.747754649e-13,3.176108613e-13,4.558543003e-14,6.188608375e-14,5.543825849e-14,1.0355585e-13,9.472898557e-14,1.003233725e-13,7.343336733e-14,4.463579161e-13,6.13152151e-15,3.275746783e-13,5.001316819e-14
53.453125,5.36110008e-13,1.094733575e-13,4.026346425e-13,4.614447307e-13,5.162698352e-13,4.433640014e-13,1.49024923e-13,8.009950303e-14,8.036946085e-14,1.601728875e-13,1.313761046e-13,1.888495873e-13,3.00296405e-13,6.609553644e-13,5.356964685e-13,5.123771314e-13,2.973198432e-13,4.402691642e-13,1.096693543e-13,2.751639482e-13,3.184986861e-13,4.618135186e-14,6.243403889e-14,5.51761001e-14,1.027882463e-13,9.451246631e-14,1.007213979e-13,7.494253982e-14,4.416471119e-13,6.382624723e-15,3.253185672e-13,5.032155255e-14
53.4609375,5.424955389e-13,1.091371599e-13,4.027938264e-13,4.614069883e-13,5.245503363e-13,4.459830106e-13,1.484934954e-13,8.021112225e-14,8.072629429e-14,1.606185826e-13,1.318409894e-13,1.893439606e-13,2.972760778e-13,6.65016437e-13,5.377865481e-13,5.102456139e-13,2.99026134e-13,4.422804289e-13,1.103074044e-13,2.754327193e-13,3.193017867e-13,4.674640878e-14,6.302991201e-14,5.489761265e-14,1.019498073e-13,9.424440214e-14,1.011503737e-13,7.652730319e-14,4.367677683e-13,6.649635323e-15,3.226150272e-13,5.065117878e-14
53.46875,5.488718962e-13,1.089163834e-13,4.028672366e-13,4.612342141e-13,5.326961201e-13,4.485934658e-13,1.478864036e-13,8.03305765e-14,8.105880294e-14,1.610441483e-13,1.323073915e-13,1.89718555e-13,2.941079394e-13,6.688897786e-13,5.39733454e-13,5.079399392e-13,3.006489115e-13,4.441096311e-13,1.10920934e-13,2.755166061e-13,3.201504765e-13,4.729516631e-14,6.365840995e-14,5.460388188e-14,1.010705622e-13,9.387789733e-14,1.016112987e-13,7.823741976e-14,4.317511256e-13,6.930885228e-15,3.197315492e-13,5.093315289e-14
53.4765625,5.553165372e-13,1.087814278e-13,4.03096976e-13,4.607475055e-13,5.408029678e-13,4.512190243e-13,1.472688735e-13,8.040319223e-14,8.139913823e-14,1.614516888e-13,1.327015128e-13,1.901976903e-13,2.910770252e-13,6.72944149e-13,5.417435559e-13,5.056784588e-13,3.024849786e-13,4.460131979e-13,1.116523903e-13,2.756903747e-13,3.210068447e-13,4.78642883e-14,6.426872185e-14,5.433184767e-14,1.00206076e-13,9.349408741e-14,1.021059486e-13,7.99423879e-14,4.269486374e-13,7.222980424e-15,3.170501959e-13,5.115843563e-14
53.484375,5.617254338e-13,1.087074199e-13,4.033540338e-13,4.600165476e-13,5.489636941e-13,4.538801927e-13,1.466151608e-13,8.044578216e-14,8.178678644e-14,1.617782322e-13,1.329591608e-13,1.907579436e-13,2.881648557e-13,6.770748415e-13,5.435538388e-13,5.033198091e-13,3.043432827e-13,4.478366096e-13,1.123779751e-13,2.759570397e-13,3.218214349e-13,4.845520999e-14,6.487089926e-14,5.404360624e-14,9.928133866e-14,9.317630424e-14,1.026799328e-13,8.167360199e-14,4.222530801e-13,7.537962769e-15,3.144309592e-13,5.138980817e-14
53.4921875,5.681008243e-13,1.08706461e-13,4.036293706e-13,4.59072971e-13,5.57122874e-13,4.566493024e-13,1.459124007e-13,8.048852761e-14,8.219235392e-14,1.62090628e-13,1.331672438e-13,1.912772093e-13,2.85220511e-13,6.811340466e-13,5.450629606e-13,5.008205509e-13,3.061322979e-13,4.495454635e-13,1.130409438e-13,2.761977755e-13,3.225909806e-13,4.905779979e-14,6.550018223e-14,5.373853442e-14,9.826825952e-14,9.289829121e-14,1.033660134e-13,8.347483057e-14,4.174104708e-13,7.880874854e-15,3.117363423e-13,5.163764788e-14
53.5,5.744605335e-13,1.087568497e-13,4.039546519e-13,4.577562721e-13,5.649545363e-13,4.593916685e-13,1.451996209e-13,8.054289491e-14,8.254708494e-14,1.624680822e-13,1.333764408e-13,1.916735687e-13,2.821566413e-13,6.850121898e-13,5.464930684e-13,4.98387858e-13,3.08066871e-13,4.512904176e-13,1.136874939e-13,2.764229243e-13,3.233178894e-13,4.964877325e-14,6.614785067e-14,5.347537251e-14,9.724904388e-14,9.261482904e-14,1.040727576e-13,8.53163956e-14,4.126014693e-13,8.239335436e-15,3.089885214e-13,5.188249971e-14
53.5078125,5.810094694e-13,1.088708676e-13,4.041482861e-13,4.562758189e-13,5.726189212e-13,4.621075923e-13,1.444383057e-13,8.058318762e-14,8.29097319e-14,1.627643613e-13,1.334908026e-13,1.919816676e-13,2.790325828e-13,6.888758897e-13,5.479579555e-13,4.959826595e-13,3.10125474e-13,4.530766468e-13,1.142878516e-13,2.76560457e-13,3.240821936e-13,5.02345097e-14,6.677982435e-14,5.321724417e-14,9.620296738e-14,9.228159572e-14,1.04656644e-13,8.729358813e-14,4.077657579e-13,8.612038734e-15,3.061302936e-13,5.211643956e-14
53.515625,5.877877667e-13,1.090341591e-13,4.041401322e-13,4.547430612e-13,5.804513446e-13,4.648410081e-13,1.435803208e-13,8.055805211e-14,8.332495157e-14,1.629341782e-13,1.335078139e-13,1.922465347e-13,2.758850983e-13,6.928337934e-13,5.493252623e-13,4.934275092e-13,3.121720797e-13,4.547761263e-13,1.14860916e-13,2.766409139e-13,3.24851362e-13,5.084060537e-14,6.738331629e-14,5.290713569e-14,9.507516559e-14,9.188638982e-14,1.051539914e-13,8.938189049e-14,4.026479604e-13,9.001002771e-15,3.031522423e-13,5.23143759e-14
53.5234375,5.942828954e-13,1.092405763e-13,4.040132061e-13,4.528032147e-13,5.879356253e-13,4.672525207e-13,1.426186487e-13,8.047682628e-14,8.369456489e-14,1.631081071e-13,1.335035597e-13,1.923877003e-13,2.725698585e-13,6.963635347e-13,5.50284801e-13,4.907146647e-13,3.141316715e-13,4.561278722e-13,1.15424158e-13,2.768220801e-13,3.254835877e-13,5.143185377e-14,6.797825221e-14,5.260581736e-14,9.389358249e-14,9.151828807e-14,1.057606785e-13,9.142302241e-14,3.976032727e-13,9.401380007e-15,3.000895406e-13,5.249106373e-14
53.53125,6.003976128e-13,1.095261022e-13,4.039254959e-13,4.503798528e-13,5.947588091e-13,4.693615524e-13,1.415588688e-13,8.041029821e-14,8.401968319e-14,1.632631893e-13,1.33485702e-13,1.924152721e-13,2.691176306e-13,6.993199091e-13,5.50750197e-13,4.879118053e-13,3.15960093e-13,4.570695385e-13,1.159114865e-13,2.770399936e-13,3.260526686e-13,5.200065079e-14,6.859127045e-14,5.235131487e-14,9.266660007e-14,9.121415089e-14,1.06525137e-13,9.35187558e-14,3.928878209e-13,9.82712486e-15,2.970043436e-13,5.270414887e-14
53.5390625,6.06694675e-13,1.098437194e-13,4.039786019e-13,4.476115132e-13,6.01516441e-13,4.716276936e-13,1.404715976e-13,8.037839072e-14,8.439174074e-14,1.633672694e-13,1.334960291e-13,1.924203694e-13,2.657471712e-13,7.023486389e-13,5.511006578e-13,4.851237565e-13,3.178449795e-13,4.57955049e-13,1.163611909e-13,2.771767512e-13,3.266614444e-13,5.260712412e-14,6.921449366e-14,5.208184439e-14,9.140269398e-14,9.088266735e-14,1.072949828e-13,9.577223e-14,3.880934838e-13,1.028734672e-14,2.939853553e-13,5.294553362e-14
53.546875,6.132489731e-13,1.101013611e-13,4.039139973e-13,4.445199248e-13,6.083727292e-13,4.739587958e-13,1.394014295e-13,8.033565332e-14,8.478072773e-14,1.634842335e-13,1.335626974e-13,1.923279925e-13,2.623649482e-13,7.055277353e-13,5.515068052e-13,4.823400757e-13,3.198694485e-13,4.588984391e-13,1.168390678e-13,2.772242533e-13,3.272185329e-13,5.323205956e-14,6.981521874e-14,5.178622748e-14,9.013072233e-14,9.049389206e-14,1.079852429e-13,9.803367995e-14,3.831377358e-13,1.075549329e-14,2.909141616e-13,5.316664347e-14
53.5546875,6.197507416e-13,1.102778004e-13,4.03602606e-13,4.413056527e-13,6.150515839e-13,4.761708427e-13,1.382967109e-13,8.026337993e-14,8.516170874e-14,1.635306366e-13,1.33625681e-13,1.92114316e-13,2.58800423e-13,7.084444424e-13,5.516868835e-13,4.793606301e-13,3.218008419e-13,4.596529695e-13,1.173103397e-13,2.771614828e-13,3.27714866e-13,5.383383056e-14,7.039859586e-14,5.151645328e-14,8.882734678e-14,9.008764348e-14,1.086487269e-13,1.00283148e-13,3.783322265e-13,1.121790421e-14,2.876949784e-13,5.336137895e-14
53.5625,6.260623032e-13,1.104367988e-13,4.032862636e-13,4.379149077e-13,6.215687085e-13,4.783647664e-13,1.371366094e-13,8.017121398e-14,8.556059464e-14,1.634403842e-13,1.337005393e-13,1.918707009e-13,2.551915536e-13,7.110830064e-13,5.515335291e-13,4.761404855e-13,3.235863609e-13,4.60172632e-13,1.177877467e-13,2.771427648e-13,3.281827741e-13,5.445282918e-14,7.099490003e-14,5.12634028e-14,8.749463606e-14,8.967032236e-14,1.093218408e-13,1.025849728e-13,3.735735887e-13,1.169143641e-14,2.84495782e-13,5.353933009e-14
53.5703125,6.317937313e-13,1.106488027e-13,4.027290733e-13,4.339675786e-13,6.275975692e-13,4.801062027e-13,1.358945932e-13,8.004237342e-14,8.590119594e-14,1.633615751e-13,1.337916501e-13,1.91467801e-13,2.515600716e-13,7.132044146e-13,5.510519119e-13,4.727441731e-13,3.251602313e-13,4.603629104e-13,1.182223694e-13,2.773535501e-13,3.285228668e-13,5.505840797e-14,7.159154128e-14,5.098323643e-14,8.615665063e-14,8.927920409e-14,1.100019837e-13,1.04830781e-13,3.686470621e-13,1.217510633e-14,2.812160753e-13,5.371536413e-14
53.578125,6.367827112e-13,1.108374874e-13,4.015795618e-13,4.296016971e-13,6.32796292e-13,4.811393906e-13,1.345015499e-13,7.98848507e-14,8.612988911e-14,1.633932736e-13,1.337487514e-13,1.907580811e-13,2.477188362e-13,7.14431013e-13,5.500922293e-13,4.690614889e-13,3.262498741e-13,4.599638436e-13,1.184479895e-13,2.775975119e-13,3.28762381e-13,5.556225197e-14,7.216827166e-14,5.070109857e-14,8.474980401e-14,8.893868164e-14,1.106996528e-13,1.070213633e-13,3.636123862e-13,1.265903775e-14,2.775171429e-13,5.390889696e-14
53.5859375,6.417201464e-13,1.109296383e-13,4.003597235e-13,4.251135552e-13,6.377137616e-13,4.821593217e-13,1.330226083e-13,7.976183665e-14,8.633020079e-14,1.634643055e-13,1.335279254e-13,1.89917127e-13,2.437207869e-13,7.152522755e-13,5.488044412e-13,4.651883888e-13,3.2713907e-13,4.592552365e-13,1.18556632e-13,2.776864774e-13,3.290284942e-13,5.601232806e-14,7.274375455e-14,5.046711129e-14,8.32617417e-14,8.858632472e-14,1.114309105e-13,1.093114874e-13,3.585918131e-13,1.315831335e-14,2.735550305e-13,5.409853841e-14
53.59375,6.470494117e-13,1.11088527e-13,3.996217028e-13,4.204772278e-13,6.42855809e-13,4.835211126e-13,1.315810454e-13,7.968389036e-14,8.656174439e-14,1.634716471e-13,1.332850844e-13,1.891659847e-13,2.397662828e-13,7.163484485e-13,5.476398075e-13,4.616258871e-13,3.284623503e-13,4.588466212e-13,1.188254907e-13,2.777448998e-13,3.293058882e-13,5.65069137e-14,7.332220115e-14,5.024538279e-14,8.181387364e-14,8.821061063e-14,1.122248062e-13,1.117578989e-13,3.538407688e-13,1.368609856e-14,2.697694502e-13,5.425700004e-14
53.6015625,6.524233683e-13,1.114221152e-13,3.992334697e-13,4.158661316e-13,6.480027947e-13,4.84946575e-13,1.301458725e-13,7.958969262e-14,8.680581644e-14,1.633719854e-13,1.331396037e-13,1.885187789e-13,2.359406592e-13,7.176515522e-13,5.467554295e-13,4.585741615e-13,3.301596249e-13,4.587104697e-13,1.192563432e-13,2.777800412e-13,3.296127718e-13,5.70576857e-14,7.389575533e-14,4.997616428e-14,8.04446463e-14,8.78559321e-14,1.130872289e-13,1.143639774e-13,3.495469192e-13,1.422993979e-14,2.662808269e-13,5.440023761e-14
53.609375,6.575895923e-13,1.117795791e-13,3.989877468e-13,4.112534992e-13,6.529707273e-13,4.863806579e-13,1.286570843e-13,7.945400289e-14,8.704992202e-14,1.632155e-13,1.331002512e-13,1.878848639e-13,2.322549786e-13,7.188916209e-13,5.458801349e-13,4.555482916e-13,3.317016434e-13,4.583167766e-13,1.196699502e-13,2.777692031e-13,3.299973181e-13,5.764672824e-14,7.448728398e-14,4.970582756e-14,7.906485281e-14,8.750032469e-14,1.139513895e-13,1.170446492e-13,3.454287548e-13,1.477226661e-14,2.629956831e-13,5.454563258e-14
53.6171875,6.624836115e-13,1.120480884e-13,3.986079934e-13,4.061871206e-13,6.577306241e-13,4.876365595e-13,1.271509183e-13,7.929019758e-14,8.728909347e-14,1.630477192e-13,1.330629398e-13,1.871556541e-13,2.28595671e-13,7.199429833e-13,5.446423774e-13,4.521114712e-13,3.328914964e-13,4.57444321e-13,1.199822475e-13,2.779267482e-13,3.30296463e-13,5.823254906e-14,7.509410986e-14,4.950191481e-14,7.763970513e-14,8.714035857e-14,1.147897055e-13,1.196311952e-13,3.411822562e-13,1.531024069e-14,2.597244297e-13,5.46954527e-14
53.625,6.669092618e-13,1.122882286e-13,3.97816726e-13,4.008017275e-13,6.620273747e-13,4.88432145e-13,1.256314729e-13,7.911750323e-14,8.749879504e-14,1.628541719e-13,1.328834588e-13,1.862773601e-13,2.248139482e-13,7.20585336e-13,5.429982813e-13,4.48530763e-13,3.339222389e-13,4.562429619e-13,1.201656095e-13,2.78200902e-13,3.304106852e-13,5.874933623e-14,7.567527735e-14,4.932297535e-14,7.619672937e-14,8.682518836e-14,1.156997171e-13,1.221780841e-13,3.369212439e-13,1.585901215e-14,2.562259577e-13,5.484856821e-14
53.6328125,6.709902226e-13,1.126350197e-13,3.969747241e-13,3.955533058e-13,6.657425295e-13,4.891027621e-13,1.240380316e-13,7.896890503e-14,8.766772739e-14,1.626599155e-13,1.326228935e-13,1.853181357e-13,2.209999933e-13,7.20812213e-13,5.412727611e-13,4.452353887e-13,3.350239048e-13,4.548667728e-13,1.202814528e-13,2.782515695e-13,3.305385468e-13,5.921403605e-14,7.622585716e-14,4.909428034e-14,7.473544307e-14,8.652992525e-14,1.16727148e-13,1.248886362e-13,3.328197517e-13,1.643037392e-14,2.525564432e-13,5.499289068e-14
53.640625,6.751563928e-13,1.131169838e-13,3.964224094e-13,3.903235527e-13,6.691884363e-13,4.899881003e-13,1.223672807e-13,7.88104268e-14,8.782636924e-14,1.624586041e-13,1.324514705e-13,1.84371045e-13,2.173188948e-13,7.209503542e-13,5.396112017e-13,4.421374863e-13,3.361825109e-13,4.534053753e-13,1.204624021e-13,2.781444633e-13,3.307583455e-13,5.97095942e-14,7.676373038e-14,4.881589641e-14,7.325967559e-14,8.620239377e-14,1.177532266e-13,1.277500432e-13,3.288514115e-13,1.700221521e-14,2.489923225e-13,5.513348545e-14
53.6484375,6.79413117e-13,1.135296088e-13,3.957412351e-13,3.848468318e-13,6.725436784e-13,4.908059782e-13,1.206804641e-13,7.855379337e-14,8.79733367e-14,1.621591616e-13,1.323307016e-13,1.833908888e-13,2.136854155e-13,7.210216711e-13,5.378226491e-13,4.390415179e-13,3.373019634e-13,4.518461912e-13,1.206729341e-13,2.781267259e-13,3.308570691e-13,6.023307447e-14,7.727779306e-14,4.855071591e-14,7.179886764e-14,8.586380323e-14,1.186960193e-13,1.305818592e-13,3.249284588e-13,1.754494392e-14,2.455314045e-13,5.527994284e-14
53.65625,6.833652408e-13,1.137791103e-13,3.947509208e-13,3.789688973e-13,6.755085097e-13,4.912468643e-13,1.189887709e-13,7.822385825e-14,8.805660636e-14,1.617931979e-13,1.321686482e-13,1.822579383e-13,2.099251778e-13,7.207193777e-13,5.35827008e-13,4.360706503e-13,3.384740253e-13,4.500872648e-13,1.207754599e-13,2.780441497e-13,3.308001569e-13,6.070192963e-14,7.775124633e-14,4.8330879e-14,7.035819311e-14,8.554319743e-14,1.196578406e-13,1.332981828e-13,3.210632183e-13,1.808090095e-14,2.419842502e-13,5.539764792e-14
53.6640625,6.869074792e-13,1.140561208e-13,3.939217016e-13,3.727420362e-13,6.779920269e-13,4.914076931e-13,1.172513163e-13,7.790637694e-14,8.810855778e-14,1.61486464e-13,1.320390905e-13,1.810085111e-13,2.060822717e-13,7.201212819e-13,5.33754809e-13,4.332763755e-13,3.397178577e-13,4.481791499e-13,1.208012286e-13,2.777507703e-13,3.308244751e-13,6.11135424e-14,7.820456169e-14,4.809264795e-14,6.893248989e-14,8.523439839e-14,1.207418765e-13,1.360420822e-13,3.173695925e-13,1.866080114e-14,2.383913129e-13,5.546978301e-14
53.671875,6.902695112e-13,1.14432027e-13,3.932718833e-13,3.667956956e-13,6.803082011e-13,4.915827531e-13,1.154770562e-13,7.759315401e-14,8.819653943e-14,1.611941254e-13,1.319352116e-13,1.797590743e-13,2.023275197e-13,7.195061226e-13,5.317770416e-13,4.305841968e-13,3.409055656e-13,4.461993414e-13,1.208451088e-13,2.774282115e-13,3.309545332e-13,6.153608621e-14,7.868572335e-14,4.780982859e-14,6.753031434e-14,8.493559476e-14,1.218759141e-13,1.390239862e-13,3.138234723e-13,1.928211994e-14,2.348637271e-13,5.55403785e-14
53.6796875,6.935181508e-13,1.149302377e-13,3.923475107e-13,3.61398226e-13,6.82406935e-13,4.918542974e-13,1.136897076e-13,7.7265972e-14,8.825963681e-14,1.607948773e-13,1.316875414e-13,1.784836663e-13,1.98685099e-13,7.187317979e-13,5.300181931e-13,4.28135396e-13,3.420934386e-13,4.440227741e-13,1.208891503e-13,2.772158632e-13,3.310030591e-13,6.195404427e-14,7.918675039e-14,4.756943929e-14,6.613083579e-14,8.466219557e-14,1.229673539e-13,1.421844289e-13,3.102847719e-13,1.989866486e-14,2.313033231e-13,5.562916659e-14
53.6875,6.96513635e-13,1.157228231e-13,3.912217233e-13,3.558648678e-13,6.840958552e-13,4.919377542e-13,1.118483597e-13,7.695198617e-14,8.824977963e-14,1.603473322e-13,1.312822442e-13,1.771488674e-13,1.950550393e-13,7.176337203e-13,5.283119043e-13,4.259204399e-13,3.432744755e-13,4.4163604e-13,1.209196049e-13,2.77190077e-13,3.310038762e-13,6.23202415e-14,7.962913727e-14,4.73576445e-14,6.47023126e-14,8.442860457e-14,1.240666469e-13,1.453315148e-13,3.068098847e-13,2.050518617e-14,2.276636302e-13,5.571950332e-14
53.6953125,6.992070307e-13,1.166483262e-13,3.901918924e-13,3.49875384e-13,6.855659478e-13,4.916083157e-13,1.099252132e-13,7.665342526e-14,8.82360715e-14,1.599752609e-13,1.308619079e-13,1.757812534e-13,1.914160815e-13,7.163060361e-13,5.262442774e-13,4.234736709e-13,3.441305665e-13,4.391187726e-13,1.209449502e-13,2.773673993e-13,3.31049766e-13,6.26678568e-14,7.999794566e-14,4.708254846e-14,6.32588006e-14,8.419113464e-14,1.251934997e-13,1.484920199e-13,3.034532578e-13,2.113732334e-14,2.240858418e-13,5.581329623e-14
53.703125,7.017418565e-13,1.173459412e-13,3.89072819e-13,3.4377747e-13,6.867684982e-13,4.910033544e-13,1.079641074e-13,7.638060343e-14,8.823049861e-14,1.59636024e-13,1.304379392e-13,1.742961616e-13,1.878059264e-13,7.147092873e-13,5.237567536e-13,4.206182497e-13,3.446482515e-13,4.363684941e-13,1.209074167e-13,2.774518284e-13,3.310020937e-13,6.300114313e-14,8.036308221e-14,4.682662301e-14,6.183075296e-14,8.386865418e-14,1.262563615e-13,1.517583361e-13,3.000758289e-13,2.180614996e-14,2.205642614e-13,5.590238258e-14
53.7109375,7.043260774e-13,1.180347587e-13,3.878026812e-13,3.377389022e-13,6.875315968e-13,4.904216084e-13,1.060209491e-13,7.612852464e-14,8.819105626e-14,1.592275245e-13,1.299800653e-13,1.726625561e-13,1.84218841e-13,7.129270857e-13,5.2133805e-13,4.179111334e-13,3.453078688e-13,4.335350654e-13,1.208251883e-13,2.773450103e-13,3.308563662e-13,6.328649306e-14,8.075072489e-14,4.666090523e-14,6.044388482e-14,8.350960093e-14,1.273146956e-13,1.551393067e-13,2.968006681e-13,2.250581928e-14,2.169728297e-13,5.596168524e-14
53.71875,7.068845597e-13,1.191446938e-13,3.867811402e-13,3.319280815e-13,6.881231549e-13,4.900426928e-13,1.041101584e-13,7.582367863e-14,8.813601451e-14,1.587768939e-13,1.295984982e-13,1.710491112e-13,1.806706237e-13,7.11251386e-13,5.193863788e-13,4.158210867e-13,3.462971956e-13,4.309519184e-13,1.208203079e-13,2.774228905e-13,3.308326381e-13,6.357632158e-14,8.113518466e-14,4.647263118e-14,5.911718779e-14,8.326472144e-14,1.285439094e-13,1.586586137e-13,2.939567442e-13,2.324456378e-14,2.134207878e-13,5.599163972e-14
53.7265625,7.090714616e-13,1.205276852e-13,3.860569413e-13,3.264145292e-13,6.884333614e-13,4.896889206e-13,1.021936067e-13,7.546033148e-14,8.808267148e-14,1.583419572e-13,1.293065285e-13,1.695363024e-13,1.772179514e-13,7.095331434e-13,5.177531637e-13,4.141666041e-13,3.47377289e-13,4.284343291e-13,1.208882303e-13,2.776083772e-13,3.308761113e-13,6.389034575e-14,8.148165601e-14,4.625307719e-14,5.78244205e-14,8.311619446e-14,1.298867965e-13,1.62272446e-13,2.914487833e-13,2.401253468e-14,2.100872343e-13,5.59985309e-14
53.734375,7.10894561e-13,1.218603419e-13,3.852894023e-13,3.207759719e-13,6.880024819e-13,4.890487408e-13,1.002501919e-13,7.511411592e-14,8.802743496e-14,1.579045801e-13,1.289051675e-13,1.68025071e-13,1.738733253e-13,7.075312965e-13,5.161275965e-13,4.127185905e-13,3.485501421e-13,4.257483801e-13,1.209316754e-13,2.774430777e-13,3.307372047e-13,6.414494459e-14,8.17453373e-14,4.608432256e-14,5.654570821e-14,8.291795145e-14,1.311867473e-13,1.659178984e-13,2.889838101e-13,2.478511037e-14,2.068918892e-13,5.598285868e-14
53.7421875,7.126841822e-13,1.232704566e-13,3.844510198e-13,3.149221191e-13,6.871168236e-13,4.881714679e-13,9.831975092e-14,7.478354889e-14,8.796106015e-14,1.574574162e-13,1.283236655e-13,1.664417493e-13,1.706164651e-13,7.054859245e-13,5.145099323e-13,4.115813446e-13,3.499576169e-13,4.231149494e-13,1.209632817e-13,2.772004407e-13,3.304562204e-13,6.434106431e-14,8.194173237e-14,4.589073273e-14,5.531965544e-14,8.269962723e-14,1.325357985e-13,1.696706551e-13,2.866630152e-13,2.557765877e-14,2.037013529e-13,5.596262392e-14
53.75,7.144641089e-13,1.249834822e-13,3.837327823e-13,3.092571724e-13,6.862135054e-13,4.872773126e-13,9.639838383e-14,7.444067015e-14,8.785559711e-14,1.570318468e-13,1.277338376e-13,1.648313951e-13,1.674549586e-13,7.035400923e-13,5.130412726e-13,4.107621518e-13,3.514193273e-13,4.205666499e-13,1.210603536e-13,2.773122403e-13,3.302407209e-13,6.455983922e-14,8.213828774e-14,4.562802696e-14,5.414716197e-14,8.257217731e-14,1.340844427e-13,1.73592347e-13,2.847388282e-13,2.641974824e-14,2.005963042e-13,5.594296112e-14
53.7578125,7.161583318e-13,1.268196859e-13,3.83255236e-13,3.03806802e-13,6.851995702e-13,4.8645123e-13,9.443855487e-14,7.409832157e-14,8.77425205e-14,1.566481472e-13,1.2725805e-13,1.633311207e-13,1.644316403e-13,7.016339193e-13,5.117358713e-13,4.100908241e-13,3.528165038e-13,4.179661193e-13,1.212797777e-13,2.774228824e-13,3.301325061e-13,6.482042984e-14,8.23327043e-14,4.538045312e-14,5.298263651e-14,8.246367369e-14,1.357548711e-13,1.776761626e-13,2.831935338e-13,2.729817128e-14,1.977093227e-13,5.59049639e-14
53.765625,7.178606375e-13,1.285622485e-13,3.830414863e-13,2.984743172e-13,6.840740073e-13,4.857362397e-13,9.246670471e-14,7.373599827e-14,8.767146186e-14,1.562883729e-13,1.268531835e-13,1.619629551e-13,1.615655281e-13,6.998442877e-13,5.105810585e-13,4.095852339e-13,3.543077042e-13,4.154408793e-13,1.216188699e-13,2.772944847e-13,3.300518051e-13,6.510736546e-14,8.248019233e-14,4.513719971e-14,5.183565142e-14,8.229871062e-14,1.373926225e-13,1.819153543e-13,2.81861926e-13,2.819112724e-14,1.950037319e-13,5.585115891e-14
53.7734375,7.194331249e-13,1.304460517e-13,3.828627455e-13,2.933822779e-13,6.828252047e-13,4.849936637e-13,9.052147628e-14,7.335790774e-14,8.760180938e-14,1.55901787e-13,1.264461313e-13,1.605523113e-13,1.58789055e-13,6.980145371e-13,5.095543998e-13,4.093730783e-13,3.558513761e-13,4.129491246e-13,1.219593964e-13,2.77302143e-13,3.299422535e-13,6.538706934e-14,8.257586788e-14,4.486127408e-14,5.072750954e-14,8.217852383e-14,1.38988796e-13,1.862217663e-13,2.806639444e-13,2.910836611e-14,1.923609788e-13,5.5797273e-14
53.78125,7.206632957e-13,1.32674709e-13,3.825616569e-13,2.883421858e-13,6.81202089e-13,4.84030036e-13,8.85977534e-14,7.301175651e-14,8.75021966e-14,1.555246897e-13,1.260066464e-13,1.590555904e-13,1.560492226e-13,6.959201525e-13,5.085757321e-13,4.094673504e-13,3.573306122e-13,4.103105595e-13,1.222156009e-13,2.775055951e-13,3.2979937e-13,6.56162802e-14,8.26308472e-14,4.460856046e-14,4.963924802e-14,8.215046528e-14,1.406801234e-13,1.905625897e-13,2.796187019e-13,3.006359071e-14,1.897563474e-13,5.573944707e-14
53.7890625,7.216384916e-13,1.34974723e-13,3.823570656e-13,2.831045977e-13,6.791608283e-13,4.829784718e-13,8.671724392e-14,7.266723405e-14,8.737038487e-14,1.552671357e-13,1.255330773e-13,1.575931267e-13,1.534023848e-13,6.936919189e-13,5.076944164e-13,4.098978863e-13,3.589373309e-13,4.077160194e-13,1.224518245e-13,2.775513201e-13,3.296199551e-13,6.580756364e-14,8.266828631e-14,4.43840063e-14,4.858217188e-14,8.212739563e-14,1.425751435e-13,1.950359159e-13,2.787651318e-13,3.105339411e-14,1.872005996e-13,5.566786838e-14
53.796875,7.224439265e-13,1.372226574e-13,3.823077291e-13,2.778787131e-13,6.766836116e-13,4.819221722e-13,8.486822332e-14,7.228210824e-14,8.715808543e-14,1.550751841e-13,1.25055571e-13,1.561350653e-13,1.508681822e-13,6.913184977e-13,5.0704412e-13,4.106975076e-13,3.607797876e-13,4.053356257e-13,1.227191357e-13,2.773355934e-13,3.293907572e-13,6.597450436e-14,8.270517983e-14,4.414286361e-14,4.759074902e-14,8.208565297e-14,1.445744741e-13,1.996135748e-13,2.781212832e-13,3.206423506e-14,1.846561176e-13,5.557285006e-14
53.8046875,7.230503011e-13,1.396703767e-13,3.822308201e-13,2.728550384e-13,6.737523043e-13,4.806878424e-13,8.298916964e-14,7.187395939e-14,8.688863095e-14,1.548096014e-13,1.246402694e-13,1.546053375e-13,1.483776989e-13,6.886632303e-13,5.065270769e-13,4.116675168e-13,3.626418382e-13,4.029615858e-13,1.230174289e-13,2.770090276e-13,3.291362996e-13,6.61089069e-14,8.270224043e-14,4.387493057e-14,4.665465312e-14,8.205648539e-14,1.465007959e-13,2.041809472e-13,2.776788051e-13,3.308092465e-14,1.821519908e-13,5.544558376e-14
53.8125,7.234965567e-13,1.422237139e-13,3.82174048e-13,2.679162729e-13,6.707159441e-13,4.793312814e-13,8.111658666e-14,7.142826101e-14,8.665039138e-14,1.545302997e-13,1.24305419e-13,1.530682063e-13,1.459529343e-13,6.859850062e-13,5.059608408e-13,4.125753317e-13,3.64371748e-13,4.004346749e-13,1.233863913e-13,2.767263249e-13,3.288477126e-13,6.625280612e-14,8.262139184e-14,4.356835984e-14,4.574409303e-14,8.201590692e-14,1.483897081e-13,2.087144829e-13,2.774035661e-13,3.410090865e-14,1.797944246e-13,5.529586076e-14
53.8203125,7.238610618e-13,1.446029275e-13,3.822268372e-13,2.630600784e-13,6.677804111e-13,4.780432056e-13,7.932881266e-14,7.096486593e-14,8.644995439e-14,1.543860908e-13,1.239561596e-13,1.515965701e-13,1.437088496e-13,6.835683588e-13,5.054755913e-13,4.13566804e-13,3.660676229e-13,3.978910673e-13,1.238366873e-13,2.765602707e-13,3.284720118e-13,6.642742316e-14,8.247453729e-14,4.325130263e-14,4.485739404e-14,8.192916354e-14,1.503924536e-13,2.132610666e-13,2.772857417e-13,3.51333906e-14,1.776257444e-13,5.513280629e-14
53.828125,7.241579824e-13,1.470705972e-13,3.824079629e-13,2.585078676e-13,6.647264066e-13,4.767828938e-13,7.758596249e-14,7.057754749e-14,8.627487991e-14,1.543780345e-13,1.235303874e-13,1.502198432e-13,1.416667575e-13,6.813838627e-13,5.053238723e-13,4.149344726e-13,3.678740475e-13,3.954914194e-13,1.243277002e-13,2.76455955e-13,3.280720114e-13,6.658629818e-14,8.227436309e-14,4.297891801e-14,4.40020635e-14,8.179520057e-14,1.524742042e-13,2.179776962e-13,2.773370815e-13,3.618654787e-14,1.756166155e-13,5.494457563e-14
53.8359375,7.241550031e-13,1.499399798e-13,3.828045668e-13,2.543160226e-13,6.613029488e-13,4.753902983e-13,7.581114123e-14,7.024582444e-14,8.610139553e-14,1.543883459e-13,1.231056747e-13,1.488939209e-13,1.397118974e-13,6.791906512e-13,5.0545121e-13,4.166112306e-13,3.697057587e-13,3.931053471e-13,1.248184071e-13,2.763089122e-13,3.2772316e-13,6.670335909e-14,8.20201931e-14,4.272409589e-14,4.316095303e-14,8.165490278e-14,1.544906713e-13,2.229191451e-13,2.775184169e-13,3.72683784e-14,1.73698249e-13,5.473585403e-14
53.84375,7.237120927e-13,1.53005117e-13,3.832667576e-13,2.502371642e-13,6.57306224e-13,4.737474561e-13,7.400762032e-14,6.987330203e-14,8.584395552e-14,1.54341547e-13,1.22736613e-13,1.474957557e-13,1.377646649e-13,6.766742044e-13,5.057084106e-13,4.184414974e-13,3.713964097e-13,3.905398849e-13,1.253037127e-13,2.760534297e-13,3.273421096e-13,6.677855497e-14,8.171358694e-14,4.244761432e-14,4.232732739e-14,8.156935525e-14,1.564676909e-13,2.279090791e-13,2.778332894e-13,3.837916181e-14,1.718135302e-13,5.453941014e-14
53.8515625,7.232977784e-13,1.561379716e-13,3.83670331e-13,2.461594515e-13,6.529238274e-13,4.720161807e-13,7.222079321e-14,6.948349781e-14,8.552876171e-14,1.54298246e-13,1.223786284e-13,1.460624722e-13,1.359394714e-13,6.740216749e-13,5.062313651e-13,4.20635593e-13,3.731824699e-13,3.880122291e-13,1.258920678e-13,2.757516546e-13,3.269106245e-13,6.683768194e-14,8.136997923e-14,4.216745627e-14,4.154533407e-14,8.152450838e-14,1.58541667e-13,2.329979361e-13,2.783681252e-13,3.950832949e-14,1.700417512e-13,5.436442131e-14
53.859375,7.231689551e-13,1.594959972e-13,3.843627746e-13,2.422932022e-13,6.487073989e-13,4.705454119e-13,7.048662882e-14,6.912072986e-14,8.527504568e-14,1.543018571e-13,1.22018952e-13,1.447598492e-13,1.343552863e-13,6.717808261e-13,5.071240548e-13,4.233460433e-13,3.753858619e-13,3.858085287e-13,1.26643086e-13,2.755656439e-13,3.265551858e-13,6.693e-14,8.101626492e-14,4.188328125e-14,4.084282415e-14,8.145531276e-14,1.607043211e-13,2.383395813e-13,2.790880542e-13,4.065822608e-14,1.684786371e-13,5.417955753e-14
53.8671875,7.229242242e-13,1.62989993e-13,3.853937418e-13,2.386968127e-13,6.446131004e-13,4.692580877e-13,6.882054981e-14,6.874055102e-14,8.507078771e-14,1.54276975e-13,1.21664553e-13,1.435698305e-13,1.328839893e-13,6.698702341e-13,5.081555495e-13,4.263002861e-13,3.778052169e-13,3.837951981e-13,1.273946343e-13,2.75488527e-13,3.262747995e-13,6.703023125e-14,8.062712164e-14,4.158993339e-14,4.018962792e-14,8.136998311e-14,1.628722014e-13,2.43694127e-13,2.798969452e-13,4.183468972e-14,1.670547865e-13,5.396293724e-14
53.875,7.226512619e-13,1.664641528e-13,3.862413927e-13,2.351981831e-13,6.402455103e-13,4.678376013e-13,6.721525654e-14,6.832229284e-14,8.486479574e-14,1.542495425e-13,1.212456717e-13,1.423928063e-13,1.314136876e-13,6.679545914e-13,5.091410968e-13,4.292795214e-13,3.801689334e-13,3.817911297e-13,1.280720668e-13,2.754491696e-13,3.259570779e-13,6.709613066e-14,8.015545038e-14,4.129589207e-14,3.956573642e-14,8.131570903e-14,1.650961327e-13,2.489180553e-13,2.808308067e-13,4.301695478e-14,1.657152451e-13,5.37361084e-14
53.8828125,7.226246057e-13,1.700378444e-13,3.86828836e-13,2.317857292e-13,6.357083822e-13,4.6630882e-13,6.564733761e-14,6.788687903e-14,8.467599193e-14,1.543000846e-13,1.207192752e-13,1.412549637e-13,1.300738747e-13,6.661533375e-13,5.101296871e-13,4.323769621e-13,3.825357031e-13,3.797996662e-13,1.287914146e-13,2.755590731e-13,3.255856623e-13,6.716988295e-14,7.964914029e-14,4.097262557e-14,3.897093066e-14,8.130207825e-14,1.674311925e-13,2.541950625e-13,2.818710501e-13,4.419271395e-14,1.645080711e-13,5.352088562e-14
53.890625,7.222946916e-13,1.737592894e-13,3.87556938e-13,2.285513692e-13,6.310780685e-13,4.64748508e-13,6.409684741e-14,6.742016828e-14,8.447068221e-14,1.543428852e-13,1.201915061e-13,1.401545054e-13,1.289034355e-13,6.644204999e-13,5.112003626e-13,4.357425337e-13,3.849270045e-13,3.777871431e-13,1.295225353e-13,2.757488051e-13,3.252149475e-13,6.725550579e-14,7.916468773e-14,4.061727751e-14,3.839632935e-14,8.131734482e-14,1.6981099e-13,2.595110777e-13,2.829379468e-13,4.538546546e-14,1.633801588e-13,5.329181872e-14
53.8984375,7.215110956e-13,1.77559734e-13,3.884978649e-13,2.255537757e-13,6.262468032e-13,4.631581153e-13,6.256908828e-14,6.69140459e-14,8.421046144e-14,1.543706078e-13,1.197755428e-13,1.390136857e-13,1.27781583e-13,6.625538215e-13,5.124798077e-13,4.394615513e-13,3.873274049e-13,3.757547263e-13,1.302029723e-13,2.75787647e-13,3.248815279e-13,6.730941116e-14,7.864287765e-14,4.028074147e-14,3.784361612e-14,8.131248116e-14,1.722209592e-13,2.648769674e-13,2.841206385e-13,4.660259545e-14,1.622392471e-13,5.302274215e-14
53.90625,7.208930819e-13,1.814424634e-13,3.894756756e-13,2.228163424e-13,6.214515519e-13,4.616739788e-13,6.107641105e-14,6.641564906e-14,8.395139062e-14,1.545177556e-13,1.193894773e-13,1.378439793e-13,1.267306469e-13,6.607500653e-13,5.139639383e-13,4.433869185e-13,3.897575005e-13,3.737463129e-13,1.309443566e-13,2.758473504e-13,3.24542064e-13,6.735776836e-14,7.802796543e-14,3.995027345e-14,3.730348839e-14,8.122280321e-14,1.746835714e-13,2.704164335e-13,2.853972346e-13,4.782390019e-14,1.611499199e-13,5.273625413e-14
53.9140625,7.203650359e-13,1.853065708e-13,3.904290852e-13,2.201732267e-13,6.167726077e-13,4.602509008e-13,5.961614728e-14,6.596399738e-14,8.373614214e-14,1.5473761e-13,1.188986731e-13,1.367377635e-13,1.258171523e-13,6.590863173e-13,5.153818947e-13,4.472227684e-13,3.921348646e-13,3.717764765e-13,1.317652363e-13,2.761161169e-13,3.240927333e-13,6.741486059e-14,7.735667722e-14,3.957295085e-14,3.676550844e-14,8.10751051e-14,1.771388995e-13,2.758861654e-13,2.865709431e-13,4.905235678e-14,1.602377441e-13,5.24536567e-14
53.921875,7.196387251e-13,1.891611691e-13,3.91394022e-13,2.174965391e-13,6.119159986e-13,4.587168778e-13,5.819074636e-14,6.552328812e-14,8.353098944e-14,1.549462396e-13,1.183777506e-13,1.357300531e-13,1.249918878e-13,6.574158915e-13,5.167743072e-13,4.510952528e-13,3.94584719e-13,3.699469645e-13,1.325921763e-13,2.763404605e-13,3.235544104e-13,6.745145287e-14,7.667486532e-14,3.918417521e-14,3.626776745e-14,8.096476188e-14,1.796082916e-13,2.812107643e-13,2.877966638e-13,5.030861282e-14,1.595179961e-13,5.216479716e-14
53.9296875,7.189866164e-13,1.93254717e-13,3.924882029e-13,2.149530694e-13,6.068774291e-13,4.571549734e-13,5.68050549e-14,6.504213784e-14,8.328979678e-14,1.552080941e-13,1.179620607e-13,1.347715686e-13,1.242486412e-13,6.558741542e-13,5.184766087e-13,4.553215036e-13,3.972958755e-13,3.682664356e-13,1.334519222e-13,2.764493416e-13,3.230658301e-13,6.748186696e-14,7.599871763e-14,3.884753687e-14,3.58240519e-14,8.091245714e-14,1.821418652e-13,2.867649554e-13,2.893129093e-13,5.159834999e-14,1.588876471e-13,5.186693437e-14
53.9375,7.183363048e-13,1.97511041e-13,3.937941722e-13,2.12643428e-13,6.018716248e-13,4.55664647e-13,5.545412909e-14,6.454608116e-14,8.303304799e-14,1.554918554e-13,1.176052148e-13,1.338475997e-13,1.236396815e-13,6.545583762e-13,5.203689281e-13,4.596983551e-13,4.000093427e-13,3.666419603e-13,1.343398094e-13,2.76604442e-13,3.2265563e-13,6.751426064e-14,7.531740578e-14,3.852860817e-14,3.540042955e-14,8.084628458e-14,1.846275922e-13,2.924932613e-13,2.908975146e-13,5.291288715e-14,1.583018506e-13,5.155942277e-14
53.9453125,7.176205434e-13,2.018081937e-13,3.952381765e-13,2.105474277e-13,5.969491969e-13,4.543034493e-13,5.414260252e-14,6.408290546e-14,8.285026113e-14,1.557128723e-13,1.17236985e-13,1.330368688e-13,1.23197638e-13,6.534217858e-13,5.222570592e-13,4.639930412e-13,4.025933783e-13,3.652328645e-13,1.352775122e-13,2.766276005e-13,3.222535964e-13,6.754941371e-14,7.459660114e-14,3.815477626e-14,3.501576087e-14,8.0730201e-14,1.870861157e-13,2.981374613e-13,2.925112462e-13,5.422666567e-14,1.578952594e-13,5.123365469e-14
53.953125,7.172680616e-13,2.064546121e-13,3.967147268e-13,2.087133006e-13,5.920255126e-13,4.531522806e-13,5.287156031e-14,6.36352506e-14,8.274106718e-14,1.559216669e-13,1.168899253e-13,1.323438928e-13,1.229079781e-13,6.525089181e-13,5.243576776e-13,4.684224448e-13,4.053483125e-13,3.641013099e-13,1.363697385e-13,2.764420187e-13,3.218237671e-13,6.76165862e-14,7.382409382e-14,3.773810283e-14,3.46858468e-14,8.061700181e-14,1.89701937e-13,3.03898292e-13,2.945271416e-13,5.552509855e-14,1.577052659e-13,5.090992542e-14
53.9609375,7.170584372e-13,2.113049473e-13,3.981865809e-13,2.069836011e-13,5.869934962e-13,4.519586815e-13,5.162156493e-14,6.317182731e-14,8.259294701e-14,1.561834263e-13,1.165547714e-13,1.316442265e-13,1.226517484e-13,6.516323313e-13,5.265898059e-13,4.730120325e-13,4.082177053e-13,3.629447828e-13,1.375359293e-13,2.764133987e-13,3.213517001e-13,6.768172748e-14,7.300377892e-14,3.733887994e-14,3.435568152e-14,8.054235987e-14,1.923822842e-13,3.097842666e-13,2.96815687e-13,5.684424239e-14,1.575407189e-13,5.060688444e-14
53.96875,7.165100334e-13,2.158999189e-13,3.99697218e-13,2.052285032e-13,5.820030084e-13,4.504938763e-13,5.037746177e-14,6.269919121e-14,8.24043861e-14,1.565239505e-13,1.162086832e-13,1.309292105e-13,1.224146675e-13,6.506669772e-13,5.287187871e-13,4.77634432e-13,4.109643516e-13,3.617633405e-13,1.386854785e-13,2.766884986e-13,3.208743223e-13,6.771286367e-14,7.212962118e-14,3.696745256e-14,3.402006934e-14,8.047917449e-14,1.950238333e-13,3.15581344e-13,2.99008373e-13,5.821347148e-14,1.573772311e-13,5.029251551e-14
53.9765625,7.159106108e-13,2.207063783e-13,4.013216865e-13,2.037522652e-13,5.772472007e-13,4.490390756e-13,4.913831574e-14,6.223318506e-14,8.226772925e-14,1.569197816e-13,1.159166598e-13,1.303342559e-13,1.22383112e-13,6.499783003e-13,5.310807013e-13,4.825115197e-13,4.137890263e-13,3.608360667e-13,1.399585646e-13,2.770513614e-13,3.204789667e-13,6.777798931e-14,7.122500726e-14,3.660133631e-14,3.372243322e-14,8.041501833e-14,1.978272753e-13,3.215081743e-13,3.013747886e-13,5.9603411e-14,1.57367641e-13,4.994512549e-14
53.984375,7.153433446e-13,2.261317291e-13,4.030301432e-13,2.026481048e-13,5.724316881e-13,4.477326448e-13,4.792983651e-14,6.178680694e-14,8.216845502e-14,1.572845886e-13,1.156969096e-13,1.298670485e-13,1.225312591e-13,6.496402234e-13,5.338259335e-13,4.876726387e-13,4.168163489e-13,3.600678907e-13,1.413318376e-13,2.773629798e-13,3.201346475e-13,6.787988674e-14,7.032977662e-14,3.623687383e-14,3.344952953e-14,8.034475602e-14,2.007162028e-13,3.276299679e-13,3.040907077e-13,6.098628495e-14,1.574514205e-13,4.959247238e-14
53.9921875,7.146407561e-13,2.315493223e-13,4.047511884e-13,2.015733289e-13,5.673667122e-13,4.464001978e-13,4.679525308e-14,6.136329934e-14,8.205741815e-14,1.576514254e-13,1.154702166e-13,1.294231667e-13,1.226570531e-13,6.493266064e-13,5.365795005e-13,4.928582541e-13,4.199373633e-13,3.593337988e-13,1.426315323e-13,2.776090174e-13,3.197086239e-13,6.79490691e-14,6.944734456e-14,3.589044078e-14,3.319343764e-14,8.024686654e-14,2.033758901e-13,3.336184656e-13,3.067310383e-13,6.237058915e-14,1.575414082e-13,4.924895599e-14
54,7.142627987e-13,2.368048192e-13,4.065180736e-13,2.005021291e-13,5.624041378e-13,4.451612799e-13,4.572418144e-14,6.09518211e-14,8.194939428e-14,1.581221469e-13,1.152066407e-13,1.290042998e-13,1.228250877e-13,6.491195898e-13,5.393839856e-13,4.982032632e-13,4.23245703e-13,3.588089768e-13,1.439583755e-13,2.778550666e-13,3.19197245e-13,6.801314349e-14,6.85631477e-14,3.558859504e-14,3.297359803e-14,8.014600549e-14,2.059664049e-13,3.395823192e-13,3.09213755e-13,6.37767099e-14,1.577432939e-13,4.889648067e-14
54.0078125,7.142631278e-13,2.423787029e-13,4.083436298e-13,1.996004319e-13,5.575792726e-13,4.440928337e-13,4.467250001e-14,6.054186857e-14,8.184004676e-14,1.586628351e-13,1.149428342e-13,1.286499596e-13,1.231068048e-13,6.491212705e-13,5.424361746e-13,5.038370398e-13,4.267087435e-13,3.584730138e-13,1.45393966e-13,2.781847208e-13,3.18705923e-13,6.80957458e-14,6.765965885e-14,3.532001016e-14,3.276295935e-14,8.005926963e-14,2.087104216e-13,3.457732661e-13,3.118137414e-13,6.521818385e-14,1.580279346e-13,4.853140562e-14
54.015625,7.140270662e-13,2.480630467e-13,4.101527596e-13,1.987542457e-13,5.526004366e-13,4.429371063e-13,4.365225397e-14,6.01033332e-14,8.171951879e-14,1.592404955e-13,1.146958206e-13,1.283267299e-13,1.233495017e-13,6.490658858e-13,5.454557641e-13,5.094577732e-13,4.300735612e-13,3.581449496e-13,1.467791331e-13,2.785343421e-13,3.182448436e-13,6.814902556e-14,6.671627601e-14,3.501859413e-14,3.254890582e-14,7.993793435e-14,2.113554193e-13,3.519321676e-13,3.144360766e-13,6.665972114e-14,1.582598423e-13,4.817277266e-14
54.0234375,7.136458699e-13,2.536374868e-13,4.119917219e-13,1.979960964e-13,5.476182515e-13,4.417472425e-13,4.26923226e-14,5.960856996e-14,8.161343607e-14,1.598662307e-13,1.144683681e-13,1.280495824e-13,1.236054363e-13,6.490316388e-13,5.483907067e-13,5.15004575e-13,4.334166659e-13,3.579030832e-13,1.481357403e-13,2.788169942e-13,3.177575438e-13,6.820035836e-14,6.574335108e-14,3.467328642e-14,3.236759401e-14,7.979234646e-14,2.138001291e-13,3.57910686e-13,3.170062722e-13,6.805515312e-14,1.585408772e-13,4.782506779e-14
54.03125,7.134909255e-13,2.594044086e-13,4.140499812e-13,1.975257717e-13,5.42829177e-13,4.408116974e-13,4.178420764e-14,5.91001238e-14,8.152327972e-14,1.604716181e-13,1.142835447e-13,1.27901004e-13,1.240669464e-13,6.493568855e-13,5.515232223e-13,5.206926998e-13,4.369941673e-13,3.579043919e-13,1.496117268e-13,2.790123341e-13,3.172385638e-13,6.829976749e-14,6.477248719e-14,3.435092488e-14,3.222169356e-14,7.968627834e-14,2.162992757e-13,3.639481479e-13,3.197060303e-13,6.944929902e-14,1.590247373e-13,4.746406963e-14
54.0390625,7.133651475e-13,2.652983418e-13,4.163300286e-13,1.972186859e-13,5.381043811e-13,4.400091467e-13,4.092001739e-14,5.863047455e-14,8.144655785e-14,1.610467487e-13,1.141637404e-13,1.278864953e-13,1.246560618e-13,6.499842545e-13,5.547779188e-13,5.265161031e-13,4.408333059e-13,3.58175329e-13,1.511399192e-13,2.791102811e-13,3.16687515e-13,6.841081269e-14,6.382044929e-14,3.406342548e-14,3.210023672e-14,7.96045603e-14,2.188843221e-13,3.700630811e-13,3.225044926e-13,7.089006752e-14,1.596539369e-13,4.708944637e-14
54.046875,7.132293919e-13,2.712074997e-13,4.18545705e-13,1.96932893e-13,5.334650718e-13,4.390708984e-13,4.008622531e-14,5.818212861e-14,8.139990091e-14,1.616587041e-13,1.140926307e-13,1.279188629e-13,1.252463291e-13,6.506976744e-13,5.579867246e-13,5.324295952e-13,4.448003541e-13,3.586281512e-13,1.52629712e-13,2.792636714e-13,3.160944644e-13,6.850548397e-14,6.288924345e-14,3.376487313e-14,3.200851708e-14,7.952670565e-14,2.213983905e-13,3.760976949e-13,3.253333377e-13,7.232228341e-14,1.60286308e-13,4.675383237e-14
54.0546875,7.132258968e-13,2.772846743e-13,4.205961014e-13,1.967865672e-13,5.289994098e-13,4.380598934e-13,3.926124549e-14,5.773503442e-14,8.136207572e-14,1.62311609e-13,1.140423818e-13,1.279294414e-13,1.258744055e-13,6.514528395e-13,5.612058128e-13,5.383812178e-13,4.487078425e-13,3.590568256e-13,1.541115121e-13,2.796008256e-13,3.154860546e-13,6.859894326e-14,6.195823256e-14,3.345833192e-14,3.191900052e-14,7.94746638e-14,2.238407923e-13,3.820947351e-13,3.282484931e-13,7.372464767e-14,1.608613602e-13,4.646898011e-14
54.0625,7.132456917e-13,2.833298283e-13,4.228215455e-13,1.967438238e-13,5.245870663e-13,4.371832307e-13,3.846560674e-14,5.730560721e-14,8.132236482e-14,1.630284839e-13,1.140429431e-13,1.279766878e-13,1.265647128e-13,6.523420301e-13,5.644915963e-13,5.443121377e-13,4.526439884e-13,3.594864057e-13,1.556344879e-13,2.799030813e-13,3.148723811e-13,6.870339353e-14,6.10074367e-14,3.318373344e-14,3.182814018e-14,7.942373452e-14,2.263356446e-13,3.881571594e-13,3.312139912e-13,7.516131927e-14,1.614948712e-13,4.616259487e-14
54.0703125,7.134096076e-13,2.894076133e-13,4.25425583e-13,1.96701522e-13,5.202124014e-13,4.364960101e-13,3.772317674e-14,5.689728912e-14,8.13313344e-14,1.638128167e-13,1.141276688e-13,1.282006404e-13,1.273325789e-13,6.535530277e-13,5.679909959e-13,5.505191332e-13,4.570297613e-13,3.603055953e-13,1.572841661e-13,2.800797213e-13,3.142499826e-13,6.883958619e-14,6.006317716e-14,3.2958659e-14,3.179731679e-14,7.937512188e-14,2.290062963e-13,3.943249006e-13,3.343877018e-13,7.663483471e-14,1.623615221e-13,4.580909715e-14
54.078125,7.138791659e-13,2.959653221e-13,4.281234138e-13,1.968634422e-13,5.160098621e-13,4.35923854e-13,3.701026439e-14,5.650194711e-14,8.140684163e-14,1.645522318e-13,1.142377376e-13,1.285915008e-13,1.282010705e-13,6.550924223e-13,5.717363846e-13,5.570694623e-13,4.617727135e-13,3.615559276e-13,1.590563498e-13,2.803556425e-13,3.136476202e-13,6.900976926e-14,5.914749428e-14,3.276361484e-14,3.18239545e-14,7.935884744e-14,2.31764462e-13,4.00579755e-13,3.378925301e-13,7.808756033e-14,1.633976405e-13,4.546591572e-14
54.0859375,7.144159902e-13,3.026243685e-13,4.3070146e-13,1.973308862e-13,5.120066606e-13,4.354395037e-13,3.6313929e-14,5.611494497e-14,8.15148975e-14,1.652169883e-13,1.143368292e-13,1.290006876e-13,1.291134573e-13,6.567629985e-13,5.753217671e-13,5.632620849e-13,4.662450336e-13,3.627765084e-13,1.607832419e-13,2.805862187e-13,3.130327304e-13,6.919410467e-14,5.823964952e-14,3.255073322e-14,3.182444324e-14,7.92762689e-14,2.342839465e-13,4.067849006e-13,3.412219365e-13,7.949741276e-14,1.644251767e-13,4.514343757e-14
54.09375,7.149728147e-13,3.089200404e-13,4.333389562e-13,1.978244398e-13,5.081832104e-13,4.350646404e-13,3.565599165e-14,5.573853003e-14,8.165654922e-14,1.658968439e-13,1.14518324e-13,1.294413434e-13,1.300388369e-13,6.585876837e-13,5.785722455e-13,5.688259606e-13,4.704276124e-13,3.639007847e-13,1.62429817e-13,2.804810637e-13,3.12346967e-13,6.940295779e-14,5.734385921e-14,3.230238117e-14,3.178872815e-14,7.9070272e-14,2.36484949e-13,4.128746142e-13,3.441506299e-13,8.088358375e-14,1.654907151e-13,4.481172258e-14
54.1015625,7.157072515e-13,3.153529831e-13,4.362008282e-13,1.982411707e-13,5.045913916e-13,4.347064661e-13,3.504069574e-14,5.539692217e-14,8.185501049e-14,1.666289678e-13,1.148212404e-13,1.300459445e-13,1.310216895e-13,6.607335367e-13,5.818837167e-13,5.744676684e-13,4.748076952e-13,3.653278788e-13,1.641282737e-13,2.804157422e-13,3.11664621e-13,6.964656792e-14,5.648863335e-14,3.205486005e-14,3.178337741e-14,7.891621755e-14,2.387207297e-13,4.189773505e-13,3.473662781e-13,8.229450446e-14,1.667131138e-13,4.449659031e-14
54.109375,7.165549439e-13,3.221693005e-13,4.391860971e-13,1.988211921e-13,5.013206391e-13,4.343013852e-13,3.444979599e-14,5.508784585e-14,8.208884785e-14,1.674011381e-13,1.151329861e-13,1.307749913e-13,1.32075058e-13,6.631895911e-13,5.854267227e-13,5.805343036e-13,4.794447061e-13,3.67088538e-13,1.658966363e-13,2.808328194e-13,3.110251021e-13,6.99165029e-14,5.566004839e-14,3.183096666e-14,3.181875912e-14,7.890122819e-14,2.412219162e-13,4.25132227e-13,3.511356841e-13,8.373104094e-14,1.680343954e-13,4.42135365e-14
54.1171875,7.176122107e-13,3.290568685e-13,4.42053868e-13,1.996187435e-13,4.983135983e-13,4.339939887e-13,3.387064563e-14,5.476104009e-14,8.229638857e-14,1.681274622e-13,1.154022352e-13,1.314816432e-13,1.331657819e-13,6.658158193e-13,5.889458035e-13,5.866060852e-13,4.8420553e-13,3.68915332e-13,1.67666157e-13,2.813638001e-13,3.102722802e-13,7.021311323e-14,5.482607933e-14,3.162430262e-14,3.184871727e-14,7.885109644e-14,2.437331121e-13,4.312039943e-13,3.548829817e-13,8.510128144e-14,1.69318231e-13,4.391493072e-14
54.125,7.189132963e-13,3.360054616e-13,4.446779464e-13,2.004761648e-13,4.953022424e-13,4.338341068e-13,3.329966649e-14,5.440537278e-14,8.245079753e-14,1.686872032e-13,1.157026559e-13,1.3213846e-13,1.342344103e-13,6.683923934e-13,5.923004368e-13,5.924136637e-13,4.890629e-13,3.707916919e-13,1.694013121e-13,2.814798167e-13,3.093440947e-13,7.050854492e-14,5.398792774e-14,3.143002177e-14,3.186233234e-14,7.868460409e-14,2.459512661e-13,4.371337998e-13,3.583560349e-13,8.63848579e-14,1.704789652e-13,4.359148568e-14
54.1328125,7.200541127e-13,3.429077832e-13,4.473135652e-13,2.014365492e-13,4.922894296e-13,4.337120356e-13,3.274462952e-14,5.405143409e-14,8.262742113e-14,1.691527064e-13,1.160806805e-13,1.328650742e-13,1.352800811e-13,6.709249171e-13,5.955527841e-13,5.980234694e-13,4.938146432e-13,3.727960951e-13,1.710951941e-13,2.813232998e-13,3.084134614e-13,7.078835597e-14,5.317979459e-14,3.123142979e-14,3.188695208e-14,7.852977367e-14,2.48029199e-13,4.430215265e-13,3.617724134e-13,8.768733579e-14,1.715948833e-13,4.329170996e-14
54.140625,7.211526677e-13,3.497229876e-13,4.503256771e-13,2.026347509e-13,4.896711622e-13,4.337253329e-13,3.222230434e-14,5.370113418e-14,8.290864091e-14,1.696884701e-13,1.165532775e-13,1.337939491e-13,1.364254644e-13,6.739065059e-13,5.988718731e-13,6.035572967e-13,4.984661527e-13,3.749504884e-13,1.728509015e-13,2.812899858e-13,3.075873329e-13,7.111977076e-14,5.243409498e-14,3.102216427e-14,3.193306128e-14,7.845093401e-14,2.502500913e-13,4.490441102e-13,3.652811489e-13,8.904728702e-14,1.728853628e-13,4.303229134e-14
54.1484375,7.227423717e-13,3.569760217e-13,4.535700648e-13,2.039749489e-13,4.874326727e-13,4.339328264e-13,3.173082067e-14,5.336747176e-14,8.323516226e-14,1.702873416e-13,1.17119424e-13,1.348717556e-13,1.377036148e-13,6.774843553e-13,6.023932299e-13,6.091518452e-13,5.033650735e-13,3.773153408e-13,1.74760717e-13,2.813982951e-13,3.067864859e-13,7.151169966e-14,5.172755748e-14,3.084017624e-14,3.198712504e-14,7.83873633e-14,2.524802991e-13,4.552506348e-13,3.689469874e-13,9.039980389e-14,1.743435228e-13,4.278948306e-14
54.15625,7.245187456e-13,3.645925925e-13,4.566101698e-13,2.05303342e-13,4.851572995e-13,4.340606754e-13,3.12496669e-14,5.308005424e-14,8.350835795e-14,1.70865449e-13,1.176972882e-13,1.359252946e-13,1.389929256e-13,6.810815082e-13,6.059143115e-13,6.147319972e-13,5.084461717e-13,3.798177834e-13,1.76687915e-13,2.814782693e-13,3.059283644e-13,7.187379141e-14,5.101573919e-14,3.07083346e-14,3.203810375e-14,7.828782911e-14,2.544523883e-13,4.613761079e-13,3.72636132e-13,9.169729025e-14,1.757114491e-13,4.253871802e-14
54.1640625,7.262665636e-13,3.71949465e-13,4.594514025e-13,2.066946002e-13,4.830277282e-13,4.341589077e-13,3.078909589e-14,5.28006051e-14,8.376825738e-14,1.713897557e-13,1.182577429e-13,1.369733679e-13,1.40294195e-13,6.846443784e-13,6.092285421e-13,6.200954539e-13,5.134357598e-13,3.823860849e-13,1.785302998e-13,2.81505748e-13,3.050178014e-13,7.223474684e-14,5.032508617e-14,3.059890499e-14,3.209003289e-14,7.81525125e-14,2.562069145e-13,4.672379428e-13,3.761552421e-13,9.292307967e-14,1.769890936e-13,4.228067535e-14
54.171875,7.286875029e-13,3.793215657e-13,4.624030141e-13,2.083343086e-13,4.815046442e-13,4.346830694e-13,3.037582965e-14,5.24810856e-14,8.410139595e-14,1.718820538e-13,1.189017524e-13,1.38146674e-13,1.416942816e-13,6.88765584e-13,6.125720611e-13,6.25354486e-13,5.185274145e-13,3.851856041e-13,1.804268701e-13,2.814557788e-13,3.041010966e-13,7.270959296e-14,4.969951142e-14,3.048517901e-14,3.215610918e-14,7.802197425e-14,2.578662286e-13,4.731495833e-13,3.796576088e-13,9.410017932e-14,1.784081013e-13,4.205258585e-14
54.1796875,7.316284546e-13,3.870425709e-13,4.654954022e-13,2.10253172e-13,4.803048011e-13,4.355185042e-13,2.997903525e-14,5.216271012e-14,8.449372614e-14,1.724483365e-13,1.196515514e-13,1.393990609e-13,1.4313466e-13,6.932876034e-13,6.160330853e-13,6.30627842e-13,5.237757462e-13,3.881459714e-13,1.824118493e-13,2.812675771e-13,3.031839169e-13,7.325713592e-14,4.910882819e-14,3.036199022e-14,3.223114918e-14,7.791666696e-14,2.594379829e-13,4.793520984e-13,3.832395364e-13,9.529128598e-14,1.79938852e-13,4.186078226e-14
54.1875,7.340887717e-13,3.94589396e-13,4.686037178e-13,2.122982764e-13,4.790220999e-13,4.361884283e-13,2.955782263e-14,5.188375734e-14,8.48885693e-14,1.731179876e-13,1.204376979e-13,1.406560046e-13,1.445488319e-13,6.976343319e-13,6.192354661e-13,6.356224667e-13,5.287879088e-13,3.908928276e-13,1.843416514e-13,2.810715167e-13,3.022049663e-13,7.378233803e-14,4.85146537e-14,3.023468522e-14,3.228244737e-14,7.778045745e-14,2.609178076e-13,4.855107097e-13,3.866648999e-13,9.648449046e-14,1.81410427e-13,4.164908102e-14
54.1953125,7.362921204e-13,4.018642844e-13,4.717644811e-13,2.143550237e-13,4.77910504e-13,4.368552966e-13,2.914627369e-14,5.160668269e-14,8.527633352e-14,1.737457145e-13,1.212893808e-13,1.419846715e-13,1.4596779e-13,7.019791307e-13,6.221129481e-13,6.401916611e-13,5.335528495e-13,3.934606508e-13,1.862209264e-13,2.810026175e-13,3.011571535e-13,7.432871884e-14,4.793611323e-14,3.012682875e-14,3.230022753e-14,7.757754564e-14,2.62267525e-13,4.913528573e-13,3.899101177e-13,9.760256647e-14,1.828797681e-13,4.140666542e-14
54.203125,7.389040242e-13,4.093196509e-13,4.749999475e-13,2.165354014e-13,4.770761725e-13,4.378310393e-13,2.877697704e-14,5.132120385e-14,8.568645e-14,1.742848113e-13,1.222286019e-13,1.434176659e-13,1.473841676e-13,7.065655074e-13,6.250127013e-13,6.446489861e-13,5.384147775e-13,3.961786409e-13,1.881364715e-13,2.809201054e-13,3.001218212e-13,7.493382189e-14,4.740558859e-14,3.00523829e-14,3.232092306e-14,7.736354625e-14,2.634700709e-13,4.971275732e-13,3.931217321e-13,9.866042431e-14,1.844708454e-13,4.117914078e-14
54.2109375,7.415399701e-13,4.169115243e-13,4.781600103e-13,2.189506679e-13,4.761480883e-13,4.388516241e-13,2.842881424e-14,5.107435592e-14,8.614093158e-14,1.74856548e-13,1.231327832e-13,1.448972373e-13,1.487801052e-13,7.111184191e-13,6.27988629e-13,6.491707153e-13,5.433894389e-13,3.990660044e-13,1.900441906e-13,2.806547217e-13,2.990765352e-13,7.553212562e-14,4.6935225e-14,2.999037857e-14,3.237306052e-14,7.717421973e-14,2.645803357e-13,5.029888749e-13,3.962420154e-13,9.972278183e-14,1.861374054e-13,4.096123547e-14
54.21875,7.439288308e-13,4.244224408e-13,4.810826906e-13,2.214058222e-13,4.75149028e-13,4.396754686e-13,2.810297686e-14,5.08612544e-14,8.661078002e-14,1.754690491e-13,1.239373084e-13,1.463768012e-13,1.501622582e-13,7.155741477e-13,6.308065983e-13,6.535828295e-13,5.482964787e-13,4.019968422e-13,1.918651338e-13,2.802433507e-13,2.978903328e-13,7.610471663e-14,4.652470274e-14,2.992982404e-14,3.244685324e-14,7.697723861e-14,2.655558178e-13,5.086186197e-13,3.992853673e-13,1.007497647e-13,1.877427691e-13,4.073562739e-14
54.2265625,7.463724881e-13,4.318471789e-13,4.837903453e-13,2.237576003e-13,4.744342553e-13,4.404313241e-13,2.780263449e-14,5.062056871e-14,8.705443415e-14,1.760109994e-13,1.24758801e-13,1.478386307e-13,1.514945835e-13,7.200872421e-13,6.33332213e-13,6.577172316e-13,5.530612551e-13,4.049336687e-13,1.93571096e-13,2.797896075e-13,2.965970141e-13,7.669888289e-14,4.61735475e-14,2.988413439e-14,3.251903421e-14,7.675950527e-14,2.663251115e-13,5.138267252e-13,4.023175371e-13,1.016825853e-13,1.892520789e-13,4.052679053e-14
54.234375,7.488966853e-13,4.391836144e-13,4.865475091e-13,2.262824523e-13,4.739872205e-13,4.41265834e-13,2.749526947e-14,5.034131295e-14,8.750314401e-14,1.764836685e-13,1.257075818e-13,1.49349365e-13,1.528206439e-13,7.246883711e-13,6.356432027e-13,6.615782114e-13,5.577699004e-13,4.079177006e-13,1.952358555e-13,2.792650897e-13,2.953811338e-13,7.732922077e-14,4.587855994e-14,2.984684637e-14,3.258455286e-14,7.653676189e-14,2.669686595e-13,5.189597984e-13,4.052040277e-13,1.025775963e-13,1.908330851e-13,4.031837148e-14
54.2421875,7.515978045e-13,4.465074556e-13,4.896044923e-13,2.291226003e-13,4.736515225e-13,4.423227112e-13,2.719905651e-14,5.00712314e-14,8.801039885e-14,1.770035846e-13,1.267559822e-13,1.510192206e-13,1.542654959e-13,7.295605886e-13,6.380233131e-13,6.653363115e-13,5.626680943e-13,4.111301993e-13,1.970249564e-13,2.784949482e-13,2.942719305e-13,7.799285889e-14,4.56161346e-14,2.981551752e-14,3.267132774e-14,7.631883135e-14,2.675907114e-13,5.243219449e-13,4.079954014e-13,1.034958075e-13,1.926094194e-13,4.008456762e-14
54.25,7.546044925e-13,4.537687415e-13,4.928882539e-13,2.31985086e-13,4.734717068e-13,4.436444303e-13,2.695799202e-14,4.983973318e-14,8.855127851e-14,1.776254943e-13,1.278346217e-13,1.528113313e-13,1.557944446e-13,7.347253207e-13,6.405688148e-13,6.691478852e-13,5.67771825e-13,4.145721836e-13,1.989127435e-13,2.77543256e-13,2.931474665e-13,7.868358455e-14,4.536730309e-14,2.982349402e-14,3.279151165e-14,7.613027426e-14,2.682521945e-13,5.296962844e-13,4.109404384e-13,1.04406658e-13,1.944177106e-13,3.987458031e-14
54.2578125,7.576036562e-13,4.6082555e-13,4.962088106e-13,2.348171354e-13,4.73517578e-13,4.450662887e-13,2.674244614e-14,4.963667172e-14,8.90897646e-14,1.782811019e-13,1.289553377e-13,1.54613362e-13,1.573027711e-13,7.39870197e-13,6.430014992e-13,6.729704649e-13,5.728665044e-13,4.179934896e-13,2.006941692e-13,2.768179849e-13,2.919667121e-13,7.93861885e-14,4.514397153e-14,2.987358134e-14,3.290082613e-14,7.597560884e-14,2.689672878e-13,5.34874104e-13,4.139625534e-13,1.052845895e-13,1.961489611e-13,3.970556324e-14
54.265625,7.606595509e-13,4.678857121e-13,4.995393952e-13,2.37866594e-13,4.738389013e-13,4.466053254e-13,2.652530877e-14,4.943853154e-14,8.966150703e-14,1.788993685e-13,1.301616936e-13,1.564317244e-13,1.588177059e-13,7.450771602e-13,6.452482205e-13,6.766954362e-13,5.779947325e-13,4.214297451e-13,2.023720127e-13,2.762695957e-13,2.907632021e-13,8.012699285e-14,4.495352343e-14,2.993022846e-14,3.297555717e-14,7.578045985e-14,2.695434198e-13,5.400144771e-13,4.168370068e-13,1.061296795e-13,1.979479982e-13,3.951582866e-14
54.2734375,7.640692356e-13,4.750648026e-13,5.028258088e-13,2.410684713e-13,4.743726354e-13,4.483714923e-13,2.633307459e-14,4.924320922e-14,9.028936264e-14,1.794822661e-13,1.313979048e-13,1.582799138e-13,1.603228191e-13,7.505153202e-13,6.474670287e-13,6.801454998e-13,5.830712257e-13,4.249714618e-13,2.040540028e-13,2.753278839e-13,2.895507897e-13,8.092866442e-14,4.479569279e-14,2.999678469e-14,3.304504491e-14,7.546818561e-14,2.697644334e-13,5.451271315e-13,4.195346403e-13,1.069039619e-13,1.998122523e-13,3.929057797e-14
54.28125,7.674430725e-13,4.822360758e-13,5.059828907e-13,2.443060731e-13,4.749092699e-13,4.501846145e-13,2.616016116e-14,4.908515782e-14,9.093422303e-14,1.800324072e-13,1.325820611e-13,1.60109804e-13,1.617467511e-13,7.558568506e-13,6.49591348e-13,6.831657551e-13,5.877390465e-13,4.28410079e-13,2.057110985e-13,2.740523059e-13,2.883340067e-13,8.174633251e-14,4.46780495e-14,3.008033715e-14,3.311123092e-14,7.507285535e-14,2.697984909e-13,5.500431106e-13,4.221207645e-13,1.075994129e-13,2.016218095e-13,3.905414105e-14
54.2890625,7.706832278e-13,4.896439532e-13,5.092023711e-13,2.477843683e-13,4.754705274e-13,4.519844537e-13,2.599025084e-14,4.897179695e-14,9.158369269e-14,1.805797319e-13,1.337917166e-13,1.619972252e-13,1.632061535e-13,7.611847761e-13,6.516961052e-13,6.861162914e-13,5.923549941e-13,4.31922733e-13,2.074044766e-13,2.729828891e-13,2.870890004e-13,8.257064684e-14,4.458517432e-14,3.015319409e-14,3.317131298e-14,7.471059203e-14,2.700279048e-13,5.549638326e-13,4.248398405e-13,1.082907205e-13,2.035097363e-13,3.879726966e-14
54.296875,7.742934773e-13,4.97338992e-13,5.127422357e-13,2.515449529e-13,4.762608399e-13,4.540018509e-13,2.584688512e-14,4.885157022e-14,9.22693001e-14,1.81234505e-13,1.351621235e-13,1.64076533e-13,1.64824436e-13,7.670385117e-13,6.540397115e-13,6.894479428e-13,5.975761944e-13,4.359349664e-13,2.09225258e-13,2.719715773e-13,2.857886361e-13,8.345584374e-14,4.451101246e-14,3.023780237e-14,3.32651915e-14,7.444722792e-14,2.704904087e-13,5.601539523e-13,4.279226131e-13,1.090336e-13,2.055947335e-13,3.853238583e-14
54.3046875,7.781396054e-13,5.048218306e-13,5.16487803e-13,2.55367395e-13,4.772998822e-13,4.56238225e-13,2.573155474e-14,4.871395831e-14,9.300035529e-14,1.819977002e-13,1.366341717e-13,1.662834167e-13,1.664998272e-13,7.732407312e-13,6.564200466e-13,6.928404745e-13,6.030638372e-13,4.401861652e-13,2.110353251e-13,2.706335332e-13,2.844590588e-13,8.439421404e-14,4.449661952e-14,3.038038724e-14,3.338907954e-14,7.421140829e-14,2.707831148e-13,5.653966417e-13,4.310563399e-13,1.097914746e-13,2.077422344e-13,3.828688852e-14
54.3125,7.819926346e-13,5.120694018e-13,5.201138832e-13,2.592039172e-13,4.785783268e-13,4.585282977e-13,2.56272962e-14,4.86077671e-14,9.37596966e-14,1.826962589e-13,1.380454749e-13,1.684481342e-13,1.681435662e-13,7.793404386e-13,6.585926352e-13,6.959223195e-13,6.083230451e-13,4.442978448e-13,2.12763319e-13,2.692140302e-13,2.830902735e-13,8.533871364e-14,4.455293603e-14,3.055283346e-14,3.350379266e-14,7.388547628e-14,2.706134024e-13,5.703803653e-13,4.33828087e-13,1.104864925e-13,2.098546513e-13,3.803850707e-14
54.3203125,7.861109572e-13,5.193889842e-13,5.235228766e-13,2.631356492e-13,4.800234858e-13,4.608415731e-13,2.554192158e-14,4.852693465e-14,9.452091102e-14,1.832660675e-13,1.394253446e-13,1.70543408e-13,1.697852299e-13,7.85428527e-13,6.608091667e-13,6.989978594e-13,6.136443853e-13,4.484503963e-13,2.14513694e-13,2.679375437e-13,2.816394928e-13,8.62944524e-14,4.464607569e-14,3.073184308e-14,3.363111633e-14,7.347920712e-14,2.702139247e-13,5.751305653e-13,4.364170595e-13,1.111004209e-13,2.119189642e-13,3.777018721e-14
54.328125,7.902015633e-13,5.26661923e-13,5.26883245e-13,2.672359156e-13,4.813170485e-13,4.631336332e-13,2.545997985e-14,4.843639161e-14,9.526660903e-14,1.8383359e-13,1.409324078e-13,1.726463616e-13,1.714106159e-13,7.915299509e-13,6.631316281e-13,7.021407765e-13,6.190629578e-13,4.526533664e-13,2.162332414e-13,2.665574578e-13,2.801734866e-13,8.727239964e-14,4.476348444e-14,3.095050143e-14,3.37782654e-14,7.309215774e-14,2.699289975e-13,5.798379016e-13,4.390999704e-13,1.116987741e-13,2.139321823e-13,3.749808155e-14
54.3359375,7.938667574e-13,5.33810125e-13,5.302449531e-13,2.715592319e-13,4.82381705e-13,4.65367784e-13,2.535441271e-14,4.83618474e-14,9.600703067e-14,1.844664274e-13,1.425193238e-13,1.747546865e-13,1.730037306e-13,7.974233896e-13,6.652550177e-13,7.049583197e-13,6.241329463e-13,4.566378561e-13,2.178182619e-13,2.649699175e-13,2.787355092e-13,8.825090005e-14,4.489328763e-14,3.119992012e-14,3.388885408e-14,7.273944814e-14,2.69680034e-13,5.845546643e-13,4.417266703e-13,1.123073691e-13,2.159564235e-13,3.721868534e-14
54.34375,7.974426919e-13,5.408121556e-13,5.33373214e-13,2.759720773e-13,4.834632763e-13,4.675557365e-13,2.525197423e-14,4.83209515e-14,9.672647833e-14,1.850958551e-13,1.439675671e-13,1.767724008e-13,1.745812011e-13,8.030695608e-13,6.671641244e-13,7.074974997e-13,6.289187976e-13,4.604730454e-13,2.19302078e-13,2.633584641e-13,2.772015042e-13,8.919376868e-14,4.503211486e-14,3.145604549e-14,3.396714403e-14,7.238194592e-14,2.692110876e-13,5.89065325e-13,4.440738019e-13,1.128645124e-13,2.179144498e-13,3.692849266e-14
54.3515625,8.010993074e-13,5.474885858e-13,5.362501871e-13,2.803646198e-13,4.846364977e-13,4.696714575e-13,2.518681053e-14,4.828662383e-14,9.739238396e-14,1.856767335e-13,1.452804457e-13,1.787042604e-13,1.761485551e-13,8.086013408e-13,6.690946108e-13,7.101261e-13,6.338184555e-13,4.643860525e-13,2.207142336e-13,2.617759625e-13,2.755432184e-13,9.008412722e-14,4.521863386e-14,3.175157433e-14,3.407326761e-14,7.202765751e-14,2.685404823e-13,5.932494037e-13,4.461650633e-13,1.133593627e-13,2.196868796e-13,3.662551838e-14
54.359375,8.048185154e-13,5.540734317e-13,5.392792678e-13,2.848977546e-13,4.859977441e-13,4.718611481e-13,2.5150323e-14,4.826418109e-14,9.807097077e-14,1.862860696e-13,1.466768647e-13,1.807296278e-13,1.777929498e-13,8.143730664e-13,6.711277363e-13,7.128532534e-13,6.389325512e-13,4.685239567e-13,2.221439781e-13,2.601027628e-13,2.739231183e-13,9.099035639e-14,4.54342979e-14,3.209063608e-14,3.420672802e-14,7.166560521e-14,2.678685231e-13,5.97434641e-13,4.482347852e-13,1.138496289e-13,2.215205866e-13,3.626428069e-14
54.3671875,8.088686297e-13,5.607659592e-13,5.4259617e-13,2.896168969e-13,4.877492289e-13,4.743065237e-13,2.512766087e-14,4.827559664e-14,9.88561125e-14,1.870216156e-13,1.482047362e-13,1.829378628e-13,1.79563005e-13,8.20598634e-13,6.731308486e-13,7.154521532e-13,6.441094192e-13,4.729373444e-13,2.236799208e-13,2.582794909e-13,2.72388556e-13,9.199409967e-14,4.561343186e-14,3.243072501e-14,3.433879452e-14,7.126154466e-14,2.67231123e-13,6.018379613e-13,4.504374928e-13,1.143442345e-13,2.236490432e-13,3.583781484e-14
54.375,8.131082555e-13,5.672485686e-13,5.459885432e-13,2.944207572e-13,4.898045412e-13,4.768893503e-13,2.511531186e-14,4.831602055e-14,9.971776418e-14,1.878349533e-13,1.497922485e-13,1.852211073e-13,1.813220242e-13,8.269424239e-13,6.750092622e-13,7.179116155e-13,6.491430514e-13,4.774225556e-13,2.251885526e-13,2.563975807e-13,2.708614231e-13,9.30662022e-14,4.581429795e-14,3.279087029e-14,3.447809822e-14,7.086078735e-14,2.66468841e-13,6.062085639e-13,4.525935866e-13,1.148352902e-13,2.259146928e-13,3.543960113e-14
54.3828125,8.172844624e-13,5.736425729e-13,5.495787354e-13,2.99406219e-13,4.920422164e-13,4.795561163e-13,2.511699859e-14,4.838241926e-14,1.005867557e-13,1.886077855e-13,1.515116586e-13,1.87527906e-13,1.830597578e-13,8.333101403e-13,6.770370821e-13,7.205106533e-13,6.540998779e-13,4.818893861e-13,2.26639721e-13,2.545464542e-13,2.693634917e-13,9.416330353e-14,4.613086203e-14,3.321228292e-14,3.463970405e-14,7.051847857e-14,2.655661287e-13,6.104551197e-13,4.546221588e-13,1.153449266e-13,2.28268017e-13,3.511924244e-14
54.390625,8.215476965e-13,5.802840008e-13,5.53481426e-13,3.045406057e-13,4.944108709e-13,4.823597484e-13,2.513932518e-14,4.846849479e-14,1.014367338e-13,1.893507073e-13,1.533560421e-13,1.898686931e-13,1.849444269e-13,8.399240273e-13,6.794005934e-13,7.233425918e-13,6.592313117e-13,4.865183104e-13,2.281989547e-13,2.526674015e-13,2.679187209e-13,9.527682588e-14,4.649085296e-14,3.364858292e-14,3.482195264e-14,7.020262745e-14,2.647192962e-13,6.147074609e-13,4.567709419e-13,1.158523227e-13,2.307724217e-13,3.480038967e-14
54.3984375,8.256884224e-13,5.867658284e-13,5.573104907e-13,3.095704738e-13,4.966661722e-13,4.850424036e-13,2.517195994e-14,4.856500641e-14,1.022430737e-13,1.901175777e-13,1.551457998e-13,1.921711689e-13,1.869143445e-13,8.464404186e-13,6.816722865e-13,7.260934254e-13,6.644365755e-13,4.912388897e-13,2.297491778e-13,2.506495508e-13,2.664521187e-13,9.634214365e-14,4.679459907e-14,3.404571813e-14,3.501790556e-14,6.987961174e-14,2.639310982e-13,6.18817746e-13,4.589797987e-13,1.16323511e-13,2.332176729e-13,3.441503379e-14
54.40625,8.296095952e-13,5.927572887e-13,5.610244267e-13,3.145421737e-13,4.988988666e-13,4.875630462e-13,2.521118315e-14,4.868698659e-14,1.030415015e-13,1.90906535e-13,1.569167151e-13,1.944575215e-13,1.888111797e-13,8.527406349e-13,6.836461862e-13,7.286962292e-13,6.696228998e-13,4.959679031e-13,2.31134711e-13,2.484266871e-13,2.649355052e-13,9.736373715e-14,4.708464593e-14,3.445412919e-14,3.523008471e-14,6.955626668e-14,2.630341329e-13,6.226963201e-13,4.610055286e-13,1.167929414e-13,2.355864268e-13,3.398711091e-14
54.4140625,8.33801174e-13,5.985103869e-13,5.650925875e-13,3.196211751e-13,5.014535931e-13,4.903193413e-13,2.52750009e-14,4.883450005e-14,1.038989812e-13,1.918213252e-13,1.588413522e-13,1.96836096e-13,1.907093868e-13,8.593432352e-13,6.857161856e-13,7.314421672e-13,6.750056446e-13,5.008729919e-13,2.325448578e-13,2.460193024e-13,2.633996607e-13,9.845315054e-14,4.740971136e-14,3.493477545e-14,3.546512561e-14,6.923169276e-14,2.620743615e-13,6.266355724e-13,4.630394829e-13,1.173048413e-13,2.381394309e-13,3.356169388e-14
54.421875,8.379359523e-13,6.041431374e-13,5.693822588e-13,3.24753563e-13,5.039917565e-13,4.932213362e-13,2.534967781e-14,4.898664104e-14,1.047671788e-13,1.929811775e-13,1.608222011e-13,1.992248374e-13,1.926193572e-13,8.658958801e-13,6.878586993e-13,7.342507275e-13,6.803467949e-13,5.057224882e-13,2.339766565e-13,2.435992676e-13,2.618514413e-13,9.956982149e-14,4.774437187e-14,3.546014048e-14,3.570097415e-14,6.891631513e-14,2.611019859e-13,6.307771922e-13,4.651032249e-13,1.1785223e-13,2.407302021e-13,3.314900374e-14
54.4296875,8.414111985e-13,6.096637605e-13,5.733456789e-13,3.299102267e-13,5.061390421e-13,4.958559744e-13,2.54107584e-14,4.914254187e-14,1.05585487e-13,1.942261796e-13,1.626997972e-13,2.014976794e-13,1.943944334e-13,8.71706118e-13,6.897384401e-13,7.368154393e-13,6.852188725e-13,5.102136116e-13,2.351939415e-13,2.412424595e-13,2.602919224e-13,1.005971482e-13,4.808317292e-14,3.599760005e-14,3.591715569e-14,6.860556256e-14,2.599863367e-13,6.348321249e-13,4.668509626e-13,1.183878497e-13,2.431148369e-13,3.273458627e-14
54.4375,8.449151985e-13,6.150002937e-13,5.7703144e-13,3.350044281e-13,5.083417461e-13,4.983772308e-13,2.549040919e-14,4.929099429e-14,1.064091783e-13,1.953143532e-13,1.645319598e-13,2.037094449e-13,1.961058879e-13,8.773673291e-13,6.915361697e-13,7.391466492e-13,6.899173015e-13,5.147052052e-13,2.363304077e-13,2.38724756e-13,2.586919307e-13,1.016122749e-13,4.843085549e-14,3.655431714e-14,3.614787668e-14,6.824511388e-14,2.58775922e-13,6.384716076e-13,4.68469204e-13,1.188472973e-13,2.45512064e-13,3.231031772e-14
54.4453125,8.488632173e-13,6.198430243e-13,5.807222784e-13,3.398987799e-13,5.108575928e-13,5.01015948e-13,2.561499575e-14,4.942787382e-14,1.072703139e-13,1.962846561e-13,1.663797518e-13,2.05915085e-13,1.979176216e-13,8.834207406e-13,6.93437866e-13,7.413871908e-13,6.947670199e-13,5.194070264e-13,2.37571796e-13,2.359311233e-13,2.570202835e-13,1.026962727e-13,4.878269892e-14,3.712187789e-14,3.642470454e-14,6.785470408e-14,2.576214293e-13,6.417213397e-13,4.702261188e-13,1.192334208e-13,2.480530326e-13,3.189530917e-14
54.453125,8.525620882e-13,6.243022987e-13,5.843679265e-13,3.447675657e-13,5.133588151e-13,5.035905666e-13,2.57525354e-14,4.960019247e-14,1.08127825e-13,1.973068512e-13,1.682118679e-13,2.080957667e-13,1.997744503e-13,8.892998784e-13,6.953243173e-13,7.437190813e-13,6.995803171e-13,5.240080115e-13,2.38770684e-13,2.330735159e-13,2.553419039e-13,1.037669343e-13,4.917582996e-14,3.770603493e-14,3.673240955e-14,6.753882399e-14,2.564687187e-13,6.448889974e-13,4.717187583e-13,1.196366357e-13,2.505721568e-13,3.149826952e-14
54.4609375,8.559804604e-13,6.288376003e-13,5.879474818e-13,3.497257721e-13,5.15758082e-13,5.06045831e-13,2.588589064e-14,4.980978059e-14,1.089668774e-13,1.984297377e-13,1.700206579e-13,2.102679919e-13,2.016170663e-13,8.948226138e-13,6.972842483e-13,7.463119616e-13,7.043712677e-13,5.284964878e-13,2.399079427e-13,2.302877972e-13,2.537049988e-13,1.047944803e-13,4.961120716e-14,3.833290927e-14,3.70541104e-14,6.72931129e-14,2.552918384e-13,6.481141414e-13,4.728597365e-13,1.200908469e-13,2.530972657e-13,3.108099147e-14
54.46875,8.594046223e-13,6.334224153e-13,5.915684068e-13,3.546566572e-13,5.180877513e-13,5.084908106e-13,2.602585108e-14,5.000102757e-14,1.09785193e-13,1.996452087e-13,1.718183653e-13,2.124399035e-13,2.035166737e-13,9.003351351e-13,6.993659553e-13,7.490267886e-13,7.092224745e-13,5.329671475e-13,2.410858244e-13,2.275466738e-13,2.520480086e-13,1.058266748e-13,5.000957128e-14,3.898756565e-14,3.736646917e-14,6.702896754e-14,2.541326681e-13,6.512770892e-13,4.741231973e-13,1.205390322e-13,2.557096281e-13,3.062103796e-14
54.4765625,8.6246656e-13,6.377966601e-13,5.95199919e-13,3.596908581e-13,5.202628373e-13,5.108830739e-13,2.616962556e-14,5.018799928e-14,1.105801214e-13,2.009349164e-13,1.736328748e-13,2.145900814e-13,2.0547396e-13,9.05698531e-13,7.013820606e-13,7.517180824e-13,7.1390626e-13,5.372543608e-13,2.421860766e-13,2.248521094e-13,2.503606361e-13,1.068442629e-13,5.036037117e-14,3.967023562e-14,3.765230154e-14,6.675290467e-14,2.52896499e-13,6.543149366e-13,4.754712176e-13,1.209587249e-13,2.58301882e-13,3.015556762e-14
54.484375,8.653991338e-13,6.419353965e-13,5.987646141e-13,3.647807125e-13,5.224560506e-13,5.131952387e-13,2.63271458e-14,5.04025968e-14,1.113736682e-13,2.022364358e-13,1.754720812e-13,2.167002304e-13,2.074493903e-13,9.108315575e-13,7.033560667e-13,7.544433648e-13,7.184367549e-13,5.414775394e-13,2.432053504e-13,2.220939563e-13,2.487050518e-13,1.07828425e-13,5.073289409e-14,4.040432898e-14,3.796116174e-14,6.65032543e-14,2.516036279e-13,6.572267711e-13,4.766501714e-13,1.213706391e-13,2.608533562e-13,2.970698757e-14
54.4921875,8.687347999e-13,6.458796253e-13,6.022385569e-13,3.695283878e-13,5.247737043e-13,5.154266962e-13,2.650879358e-14,5.06135119e-14,1.121696213e-13,2.035311535e-13,1.772702792e-13,2.187436906e-13,2.094825696e-13,9.159817502e-13,7.053415141e-13,7.570356975e-13,7.229418112e-13,5.457995416e-13,2.443135811e-13,2.191459288e-13,2.470715458e-13,1.088053392e-13,5.113765409e-14,4.11454376e-14,3.832394679e-14,6.626206168e-14,2.504460036e-13,6.599931442e-13,4.778310633e-13,1.217790022e-13,2.634375846e-13,2.925456829e-14
54.5,8.719314393e-13,6.496549987e-13,6.055871892e-13,3.740737302e-13,5.269806956e-13,5.175153337e-13,2.669046231e-14,5.082542847e-14,1.129576076e-13,2.048705887e-13,1.789898348e-13,2.207389637e-13,2.1156679e-13,9.210148601e-13,7.071894586e-13,7.59328487e-13,7.272419145e-13,5.499655384e-13,2.454199874e-13,2.161963723e-13,2.454169948e-13,1.097729586e-13,5.154633162e-14,4.187939254e-14,3.868024986e-14,6.604307281e-14,2.494340953e-13,6.626569914e-13,4.790184327e-13,1.2218707e-13,2.66042671e-13,2.879915901e-14
54.5078125,8.746822498e-13,6.531745519e-13,6.088274769e-13,3.78700174e-13,5.290485118e-13,5.195172294e-13,2.68668861e-14,5.106590388e-14,1.137450022e-13,2.062487338e-13,1.806667874e-13,2.22739427e-13,2.136377102e-13,9.257488221e-13,7.088856918e-13,7.615129418e-13,7.314145994e-13,5.539753837e-13,2.463887012e-13,2.133824271e-13,2.437384422e-13,1.107179104e-13,5.194356508e-14,4.267138826e-14,3.901068195e-14,6.58653698e-14,2.484523914e-13,6.652061084e-13,4.800356849e-13,1.22593857e-13,2.686548851e-13,2.835388414e-14
54.515625,8.776003867e-13,6.56324587e-13,6.120809172e-13,3.831375994e-13,5.31177044e-13,5.215262425e-13,2.705794883e-14,5.129617422e-14,1.145247794e-13,2.075840992e-13,1.823497026e-13,2.247447545e-13,2.157419056e-13,9.304452481e-13,7.104701871e-13,7.636259268e-13,7.357467039e-13,5.581588222e-13,2.473449248e-13,2.103937052e-13,2.420222487e-13,1.116517299e-13,5.23092824e-14,4.349530681e-14,3.936280311e-14,6.567502194e-14,2.474518544e-13,6.675550321e-13,4.81052274e-13,1.229951282e-13,2.713013412e-13,2.789661114e-14
54.5234375,8.805328524e-13,6.591932991e-13,6.154073767e-13,3.873858178e-13,5.333468169e-13,5.234333184e-13,2.725118472e-14,5.150408644e-14,1.152804871e-13,2.0883612e-13,1.84073431e-13,2.26724898e-13,2.179440109e-13,9.351744558e-13,7.11859678e-13,7.654711072e-13,7.399904457e-13,5.623402593e-13,2.483299058e-13,2.070620005e-13,2.40239747e-13,1.125826615e-13,5.266429646e-14,4.429306329e-14,3.972199127e-14,6.545350684e-14,2.464041256e-13,6.696557308e-13,4.821707648e-13,1.234076343e-13,2.740088614e-13,2.740874534e-14
54.53125,8.828427184e-13,6.61727287e-13,6.186492937e-13,3.916502481e-13,5.354625315e-13,5.250597264e-13,2.743985283e-14,5.174262131e-14,1.160166713e-13,2.100440363e-13,1.857741971e-13,2.286499299e-13,2.20147227e-13,9.396176948e-13,7.130777962e-13,7.670902936e-13,7.437845136e-13,5.660907874e-13,2.492253336e-13,2.037433183e-13,2.384031904e-13,1.134922691e-13,5.304140807e-14,4.51339723e-14,4.005786392e-14,6.525121046e-14,2.453569487e-13,6.714133733e-13,4.831623013e-13,1.238176253e-13,2.767752846e-13,2.690257113e-14
54.5390625,8.848704652e-13,6.637893141e-13,6.216809585e-13,3.956292003e-13,5.375373736e-13,5.26462216e-13,2.765497075e-14,5.202338359e-14,1.167421316e-13,2.112874746e-13,1.873471022e-13,2.305080691e-13,2.222720568e-13,9.437379984e-13,7.142719456e-13,7.686779676e-13,7.473208516e-13,5.695358637e-13,2.50058867e-13,2.006216452e-13,2.365768443e-13,1.143526666e-13,5.339855737e-14,4.606637737e-14,4.041122451e-14,6.506680676e-14,2.443516267e-13,6.728725929e-13,4.839349952e-13,1.241855445e-13,2.795291627e-13,2.638545142e-14
54.546875,8.870031499e-13,6.656575701e-13,6.246706267e-13,3.993165299e-13,5.39467399e-13,5.279066311e-13,2.790878274e-14,5.23186138e-14,1.174536974e-13,2.126335075e-13,1.888357201e-13,2.323427025e-13,2.244097098e-13,9.477454738e-13,7.156238352e-13,7.704118004e-13,7.508890745e-13,5.730488402e-13,2.508976138e-13,1.974352643e-13,2.348048652e-13,1.151660934e-13,5.370312932e-14,4.703341663e-14,4.080841535e-14,6.488728418e-14,2.432633446e-13,6.743069668e-13,4.84640755e-13,1.245367774e-13,2.82230264e-13,2.585950317e-14
54.5546875,8.888233399e-13,6.674845025e-13,6.277144335e-13,4.030264345e-13,5.410806789e-13,5.294044226e-13,2.818820121e-14,5.261596606e-14,1.181341815e-13,2.140646986e-13,1.902911635e-13,2.341580789e-13,2.266016503e-13,9.515253241e-13,7.17152016e-13,7.723043516e-13,7.543711414e-13,5.765595141e-13,2.516857394e-13,1.94128995e-13,2.330428742e-13,1.159445666e-13,5.398802326e-14,4.801023289e-14,4.121769297e-14,6.476562604e-14,2.420814551e-13,6.756931249e-13,4.854421737e-13,1.249044802e-13,2.849133381e-13,2.533246272e-14
54.5625,8.90218221e-13,6.689890552e-13,6.306581242e-13,4.064320177e-13,5.425227133e-13,5.306504288e-13,2.848134902e-14,5.290644537e-14,1.187791839e-13,2.155049508e-13,1.916596845e-13,2.35909252e-13,2.287847124e-13,9.549338819e-13,7.184637918e-13,7.739696927e-13,7.575328392e-13,5.797938655e-13,2.524098695e-13,1.908741822e-13,2.312385825e-13,1.166794429e-13,5.426248317e-14,4.901544935e-14,4.161283626e-14,6.47053326e-14,2.410227863e-13,6.767777357e-13,4.863741741e-13,1.252498326e-13,2.875769058e-13,2.47947953e-14
54.5703125,8.916285749e-13,6.701279193e-13,6.336240571e-13,4.093836924e-13,5.441425885e-13,5.317011139e-13,2.877733285e-14,5.317939817e-14,1.194156181e-13,2.169361458e-13,1.930337556e-13,2.376302566e-13,2.309976369e-13,9.582625487e-13,7.193807658e-13,7.752021082e-13,7.605100043e-13,5.828750616e-13,2.531284413e-13,1.875528622e-13,2.294104481e-13,1.173981039e-13,5.452416642e-14,5.005454165e-14,4.200288005e-14,6.462922845e-14,2.401314796e-13,6.77667006e-13,4.873373105e-13,1.255606537e-13,2.902464292e-13,2.423471871e-14
54.578125,8.930704143e-13,6.709135117e-13,6.368747701e-13,4.124021121e-13,5.458817633e-13,5.329172452e-13,2.908520733e-14,5.343079985e-14,1.200371889e-13,2.183780971e-13,1.945766429e-13,2.393250235e-13,2.33274876e-13,9.616117129e-13,7.20353321e-13,7.764058637e-13,7.636011787e-13,5.860442816e-13,2.538579216e-13,1.840731252e-13,2.275836878e-13,1.181359598e-13,5.478858284e-14,5.109880857e-14,4.241805291e-14,6.452338903e-14,2.392373043e-13,6.785193559e-13,4.882945859e-13,1.25890385e-13,2.929846675e-13,2.366679467e-14
54.5859375,8.941876079e-13,6.712079563e-13,6.401161764e-13,4.154104214e-13,5.473239169e-13,5.341000358e-13,2.941161192e-14,5.368146009e-14,1.20600773e-13,2.198027821e-13,1.961897883e-13,2.408936561e-13,2.354978624e-13,9.645300309e-13,7.214765758e-13,7.777434305e-13,7.66624199e-13,5.890917251e-13,2.545811749e-13,1.806776213e-13,2.257723324e-13,1.188369427e-13,5.503616489e-14,5.209197584e-14,4.285717636e-14,6.443785796e-14,2.38289427e-13,6.791860776e-13,4.892345969e-13,1.262623199e-13,2.957311904e-13,2.31040804e-14
54.59375,8.949446382e-13,6.712999108e-13,6.429196501e-13,4.178837737e-13,5.484182801e-13,5.347862404e-13,2.972783514e-14,5.396518547e-14,1.211186942e-13,2.21201755e-13,1.97666765e-13,2.423377564e-13,2.37636343e-13,9.668830985e-13,7.222813346e-13,7.788457273e-13,7.692080504e-13,5.917506713e-13,2.552483298e-13,1.7735583e-13,2.239713589e-13,1.194472504e-13,5.525979175e-14,5.307938354e-14,4.327832532e-14,6.437561405e-14,2.373771638e-13,6.795808153e-13,4.90002814e-13,1.266496451e-13,2.984194125e-13,2.254298862e-14
54.6015625,8.955554304e-13,6.713340299e-13,6.454401711e-13,4.199812061e-13,5.495041555e-13,5.351316144e-13,3.003587489e-14,5.426178832e-14,1.216383475e-13,2.226272828e-13,1.989983161e-13,2.437419546e-13,2.398275235e-13,9.690724236e-13,7.227536743e-13,7.79616529e-13,7.715379027e-13,5.941694811e-13,2.558257021e-13,1.73819624e-13,2.221058263e-13,1.200197775e-13,5.548449647e-14,5.417845256e-14,4.368365464e-14,6.431561532e-14,2.365425622e-13,6.797320785e-13,4.905988625e-13,1.270162506e-13,3.011032654e-13,2.198487729e-14
54.609375,8.961161913e-13,6.7082806e-13,6.479461527e-13,4.220709083e-13,5.507112193e-13,5.355093744e-13,3.037970189e-14,5.453685839e-14,1.221792315e-13,2.240986601e-13,2.002923419e-13,2.451170999e-13,2.421194312e-13,9.712291708e-13,7.231866575e-13,7.802450629e-13,7.738965879e-13,5.965075606e-13,2.56394686e-13,1.701920544e-13,2.20154315e-13,1.20606453e-13,5.567278292e-14,5.53481586e-14,4.411169209e-14,6.426761094e-14,2.356965828e-13,6.79643364e-13,4.912617111e-13,1.273453731e-13,3.038026342e-13,2.142556209e-14
54.6171875,8.965698219e-13,6.698130341e-13,6.50307341e-13,4.24055147e-13,5.518392659e-13,5.358662069e-13,3.075397713e-14,5.481698498e-14,1.227317803e-13,2.255827847e-13,2.01553214e-13,2.464437624e-13,2.444183501e-13,9.731305251e-13,7.23478985e-13,7.806753921e-13,7.76063808e-13,5.986990128e-13,2.569911469e-13,1.66742562e-13,2.181976145e-13,1.211821823e-13,5.578598964e-14,5.647087454e-14,4.455472973e-14,6.423094176e-14,2.347319758e-13,6.793712301e-13,4.920355594e-13,1.276480764e-13,3.064689989e-13,2.085361592e-14
54.625,8.967201985e-13,6.687781939e-13,6.523807199e-13,4.256945963e-13,5.526315819e-13,5.360011451e-13,3.112101559e-14,5.511691428e-14,1.232288432e-13,2.270433933e-13,2.026856192e-13,2.476548885e-13,2.466302914e-13,9.745972595e-13,7.234552316e-13,7.807337884e-13,7.778503181e-13,6.006643553e-13,2.574843664e-13,1.633224596e-13,2.162229405e-13,1.216955944e-13,5.588641407e-14,5.755625846e-14,4.499838608e-14,6.418897764e-14,2.337430949e-13,6.788332439e-13,4.928178869e-13,1.279216331e-13,3.090471344e-13,2.028600499e-14
54.6328125,8.963030825e-13,6.675351677e-13,6.543524677e-13,4.269111198e-13,5.530472895e-13,5.358469249e-13,3.148276259e-14,5.543428082e-14,1.236061441e-13,2.284858115e-13,2.037268769e-13,2.486834969e-13,2.487508124e-13,9.755492288e-13,7.232172038e-13,7.804732091e-13,7.793945377e-13,6.023058101e-13,2.578528827e-13,1.59847658e-13,2.141884873e-13,1.221164682e-13,5.602990916e-14,5.864561934e-14,4.545257811e-14,6.416932162e-14,2.329212163e-13,6.779244903e-13,4.936307577e-13,1.281746358e-13,3.115043874e-13,1.97428538e-14
54.640625,8.953620548e-13,6.657902654e-13,6.565273342e-13,4.278694979e-13,5.533450749e-13,5.354875705e-13,3.185984332e-14,5.581887491e-14,1.239169449e-13,2.299824385e-13,2.048637707e-13,2.496384842e-13,2.508805975e-13,9.761636277e-13,7.230688466e-13,7.802704002e-13,7.808511214e-13,6.036806674e-13,2.582622062e-13,1.565651623e-13,2.121920374e-13,1.224756093e-13,5.619247647e-14,5.977146121e-14,4.590739033e-14,6.421953798e-14,2.322571115e-13,6.769227291e-13,4.944549312e-13,1.284873308e-13,3.139526996e-13,1.920135232e-14
54.6484375,8.943344331e-13,6.63665581e-13,6.589712146e-13,4.287737902e-13,5.536760643e-13,5.351431781e-13,3.226477717e-14,5.626543827e-14,1.242248271e-13,2.315582493e-13,2.061248861e-13,2.506081546e-13,2.530600356e-13,9.76717692e-13,7.232211181e-13,7.804382009e-13,7.824024056e-13,6.050861522e-13,2.5874065e-13,1.534680743e-13,2.102427565e-13,1.228254225e-13,5.634258183e-14,6.099955418e-14,4.636648413e-14,6.431387775e-14,2.316309193e-13,6.760223935e-13,4.952474161e-13,1.288913651e-13,3.165182011e-13,1.864561317e-14
54.65625,8.934724194e-13,6.611269053e-13,6.614686349e-13,4.294658339e-13,5.53881251e-13,5.348418219e-13,3.26895926e-14,5.669272112e-14,1.245126051e-13,2.33148714e-13,2.073910411e-13,2.51505647e-13,2.552061854e-13,9.771281044e-13,7.233107298e-13,7.806230909e-13,7.841010663e-13,6.065031823e-13,2.59179364e-13,1.503190349e-13,2.082083697e-13,1.23160957e-13,5.645602812e-14,6.230530644e-14,4.684837222e-14,6.438242587e-14,2.310414267e-13,6.749901218e-13,4.9614197e-13,1.292960196e-13,3.191374077e-13,1.810451042e-14
54.6640625,8.92598501e-13,6.583846168e-13,6.638676013e-13,4.297394135e-13,5.5397823e-13,5.34356436e-13,3.309975707e-14,5.71008537e-14,1.248171829e-13,2.347644612e-13,2.086647638e-13,2.52379245e-13,2.573582227e-13,9.77317286e-13,7.228511304e-13,7.80254046e-13,7.856065857e-13,6.076515402e-13,2.595943212e-13,1.471356488e-13,2.061440574e-13,1.234782382e-13,5.650819169e-14,6.360609668e-14,4.732185176e-14,6.443523696e-14,2.305469476e-13,6.73817248e-13,4.972796365e-13,1.296690895e-13,3.218041944e-13,1.759192972e-14
54.671875,8.915269773e-13,6.558845393e-13,6.662035057e-13,4.298033553e-13,5.541668703e-13,5.336440048e-13,3.349477458e-14,5.751756191e-14,1.252058725e-13,2.364243963e-13,2.099551785e-13,2.533595876e-13,2.596280942e-13,9.77493752e-13,7.220301861e-13,7.793919617e-13,7.866187425e-13,6.086363418e-13,2.600284553e-13,1.439599211e-13,2.041948403e-13,1.238086645e-13,5.651022891e-14,6.488934769e-14,4.776545772e-14,6.453721181e-14,2.301398372e-13,6.726826503e-13,4.986450504e-13,1.300755801e-13,3.246251027e-13,1.709347249e-14
54.6796875,8.9013186e-13,6.53199143e-13,6.684488461e-13,4.297767693e-13,5.542609699e-13,5.328113613e-13,3.392017576e-14,5.790100628e-14,1.256212713e-13,2.380318935e-13,2.111407406e-13,2.543164335e-13,2.618956016e-13,9.775012259e-13,7.211134818e-13,7.782863029e-13,7.871998708e-13,6.095414073e-13,2.604050305e-13,1.406532044e-13,2.0226639e-13,1.241229435e-13,5.648730208e-14,6.614220663e-14,4.821394068e-14,6.467897754e-14,2.297298042e-13,6.713417879e-13,5.001232879e-13,1.305046562e-13,3.274854598e-13,1.6608862e-14
54.6875,8.882692319e-13,6.497695624e-13,6.705134577e-13,4.293660642e-13,5.539265832e-13,5.317984947e-13,3.438632768e-14,5.825086154e-14,1.259700192e-13,2.395769933e-13,2.121831261e-13,2.550953077e-13,2.639956806e-13,9.769437141e-13,7.199654452e-13,7.769004708e-13,7.875562332e-13,6.100555215e-13,2.606903361e-13,1.372914757e-13,2.002054007e-13,1.243556697e-13,5.644418422e-14,6.737949936e-14,4.868026278e-14,6.48149655e-14,2.292441404e-13,6.695736036e-13,5.015752686e-13,1.308973024e-13,3.301814506e-13,1.613504233e-14
54.6953125,8.861491255e-13,6.460209261e-13,6.7242526e-13,4.285294959e-13,5.533242197e-13,5.30554984e-13,3.48572893e-14,5.860525089e-14,1.262507822e-13,2.4107335e-13,2.131718425e-13,2.55773949e-13,2.660213993e-13,9.760261036e-13,7.186538194e-13,7.753848855e-13,7.879471925e-13,6.102961802e-13,2.609581276e-13,1.341120382e-13,1.980561928e-13,1.245140781e-13,5.638945131e-14,6.867847604e-14,4.916203057e-14,6.497573318e-14,2.287806293e-13,6.67566755e-13,5.02997646e-13,1.31265115e-13,3.327554352e-13,1.566236716e-14
54.703125,8.841153451e-13,6.422547587e-13,6.743428222e-13,4.275602488e-13,5.528670772e-13,5.291674306e-13,3.53034273e-14,5.894805158e-14,1.265154297e-13,2.423926531e-13,2.141666004e-13,2.564520499e-13,2.681461821e-13,9.752393076e-13,7.172704383e-13,7.738685528e-13,7.884132999e-13,6.107416611e-13,2.612621661e-13,1.310621701e-13,1.959410973e-13,1.246536953e-13,5.633257802e-14,6.999929484e-14,4.967526296e-14,6.521702783e-14,2.285021868e-13,6.654258381e-13,5.045852429e-13,1.316406982e-13,3.354094381e-13,1.521116158e-14
54.7109375,8.819791246e-13,6.382473503e-13,6.76483652e-13,4.263897157e-13,5.526018934e-13,5.277169622e-13,3.57341211e-14,5.926585909e-14,1.268181125e-13,2.436554539e-13,2.151910073e-13,2.571821962e-13,2.704122229e-13,9.746127472e-13,7.155766051e-13,7.720035932e-13,7.885513756e-13,6.111761497e-13,2.616055501e-13,1.279600237e-13,1.939218008e-13,1.248113793e-13,5.626153468e-14,7.126600102e-14,5.019634058e-14,6.553557482e-14,2.283902671e-13,6.631704861e-13,5.065210191e-13,1.320371276e-13,3.382815276e-13,1.479514257e-14
54.71875,8.794234171e-13,6.340669172e-13,6.7881748e-13,4.248172493e-13,5.522315557e-13,5.262838929e-13,3.619920039e-14,5.956261613e-14,1.271466196e-13,2.45160307e-13,2.162120873e-13,2.57960174e-13,2.727312871e-13,9.738097833e-13,7.136029283e-13,7.696469419e-13,7.881473144e-13,6.110999866e-13,2.619460893e-13,1.248503384e-13,1.919606392e-13,1.249755437e-13,5.617560727e-14,7.255140977e-14,5.069416849e-14,6.589300389e-14,2.282933303e-13,6.608891412e-13,5.087115544e-13,1.324490318e-13,3.412316662e-13,1.439019261e-14
54.7265625,8.765831482e-13,6.296091108e-13,6.809468879e-13,4.23058248e-13,5.515841647e-13,5.248450439e-13,3.671454032e-14,5.982417322e-14,1.274076768e-13,2.467202909e-13,2.171330413e-13,2.586140991e-13,2.749710904e-13,9.725132377e-13,7.115396339e-13,7.67112113e-13,7.875218347e-13,6.106795289e-13,2.622038054e-13,1.218355116e-13,1.899442513e-13,1.250881328e-13,5.609556665e-14,7.386298707e-14,5.120100956e-14,6.624720583e-14,2.281388217e-13,6.584189753e-13,5.10783135e-13,1.328314917e-13,3.439363567e-13,1.398986398e-14
54.734375,8.735958769e-13,6.246472711e-13,6.827538297e-13,4.212248734e-13,5.507620696e-13,5.23217023e-13,3.722522167e-14,6.005910695e-14,1.27582658e-13,2.480130559e-13,2.179605357e-13,2.590629321e-13,2.771412305e-13,9.707628868e-13,7.092257932e-13,7.644597379e-13,7.868795381e-13,6.102323827e-13,2.623523024e-13,1.188691159e-13,1.878656039e-13,1.251285215e-13,5.601200092e-14,7.509558235e-14,5.173510187e-14,6.65808072e-14,2.279905823e-13,6.55693042e-13,5.126063291e-13,1.331786769e-13,3.46427655e-13,1.360874959e-14
54.7421875,8.703991275e-13,6.196547896e-13,6.845844479e-13,4.190881847e-13,5.49836316e-13,5.213979519e-13,3.770520152e-14,6.027734357e-14,1.27759094e-13,2.492061874e-13,2.18787338e-13,2.594812101e-13,2.793411938e-13,9.689378863e-13,7.06626292e-13,7.61559527e-13,7.861013291e-13,6.096491001e-13,2.624276853e-13,1.158854973e-13,1.85849137e-13,1.251452462e-13,5.589472256e-14,7.630481711e-14,5.225448551e-14,6.693011372e-14,2.279350763e-13,6.530214039e-13,5.146289238e-13,1.335390611e-13,3.490168804e-13,1.323712412e-14
54.75,8.670719062e-13,6.148076373e-13,6.864855432e-13,4.166650495e-13,5.487541449e-13,5.195729749e-13,3.818400877e-14,6.047988952e-14,1.279643052e-13,2.504568057e-13,2.195905011e-13,2.59935185e-13,2.815365956e-13,9.671326743e-13,7.038759752e-13,7.584398557e-13,7.851112653e-13,6.088166235e-13,2.624580795e-13,1.12915189e-13,1.839106253e-13,1.251590141e-13,5.575451249e-14,7.759297983e-14,5.274693443e-14,6.732173001e-14,2.279585126e-13,6.503376523e-13,5.17178392e-13,1.338745357e-13,3.516785266e-13,1.286365752e-14
54.7578125,8.636775012e-13,6.095395806e-13,6.882429809e-13,4.140690651e-13,5.475982345e-13,5.177247969e-13,3.86716273e-14,6.071507998e-14,1.281515951e-13,2.516391194e-13,2.203180723e-13,2.603135547e-13,2.83714471e-13,9.651132368e-13,7.00812755e-13,7.549975543e-13,7.838491497e-13,6.078249752e-13,2.624856723e-13,1.100023084e-13,1.819560702e-13,1.251446416e-13,5.56211658e-14,7.887416923e-14,5.325435281e-14,6.772384139e-14,2.280506018e-13,6.472905503e-13,5.200079643e-13,1.341193422e-13,3.542432369e-13,1.249519321e-14
54.765625,8.60112039e-13,6.03926892e-13,6.899754237e-13,4.111437618e-13,5.46492452e-13,5.157216686e-13,3.917377747e-14,6.100186223e-14,1.28299581e-13,2.527829903e-13,2.210218099e-13,2.606083612e-13,2.859771584e-13,9.629343317e-13,6.974197821e-13,7.511350317e-13,7.822827185e-13,6.067153616e-13,2.625455972e-13,1.071289853e-13,1.799784203e-13,1.250968772e-13,5.549326457e-14,8.004494557e-14,5.379891452e-14,6.811423838e-14,2.283033151e-13,6.440426552e-13,5.229330715e-13,1.343324015e-13,3.5678489e-13,1.213722033e-14
54.7734375,8.563415488e-13,5.983720423e-13,6.917786329e-13,4.079028362e-13,5.45308153e-13,5.135718981e-13,3.970205368e-14,6.127769511e-14,1.284067739e-13,2.539548562e-13,2.217227087e-13,2.608529245e-13,2.88249197e-13,9.607291696e-13,6.94017838e-13,7.471310867e-13,7.806077145e-13,6.05448744e-13,2.62592314e-13,1.043208447e-13,1.780192092e-13,1.2501799e-13,5.536406295e-14,8.114010701e-14,5.435716579e-14,6.851535028e-14,2.287008275e-13,6.407920026e-13,5.260030827e-13,1.345711421e-13,3.593117326e-13,1.179895625e-14
54.78125,8.524086512e-13,5.926724937e-13,6.935416938e-13,4.046157339e-13,5.43904724e-13,5.113520044e-13,4.023079934e-14,6.151768412e-14,1.284834193e-13,2.550397959e-13,2.224452069e-13,2.610444226e-13,2.903793982e-13,9.583220345e-13,6.907170228e-13,7.432549868e-13,7.790184467e-13,6.040398405e-13,2.626000217e-13,1.017079909e-13,1.760877414e-13,1.249084636e-13,5.523555072e-14,8.223652872e-14,5.490966624e-14,6.895755728e-14,2.291243029e-13,6.374148397e-13,5.291249104e-13,1.348032762e-13,3.617597e-13,1.148487679e-14
54.7890625,8.483595584e-13,5.867681832e-13,6.954152594e-13,4.013425462e-13,5.424141217e-13,5.091580051e-13,4.075020535e-14,6.175673121e-14,1.285566181e-13,2.560090339e-13,2.232971794e-13,2.612397627e-13,2.924656126e-13,9.557030066e-13,6.874196616e-13,7.394014154e-13,7.774489648e-13,6.025820456e-13,2.62624661e-13,9.928965882e-14,1.741789212e-13,1.247922622e-13,5.509036053e-14,8.335836111e-14,5.547563981e-14,6.945963609e-14,2.296376388e-13,6.34010464e-13,5.32357177e-13,1.350329272e-13,3.642520569e-13,1.118479847e-14
54.796875,8.441973696e-13,5.806618361e-13,6.974802339e-13,3.979030057e-13,5.409518628e-13,5.069944597e-13,4.129116346e-14,6.20097138e-14,1.286178247e-13,2.568944315e-13,2.241923546e-13,2.614231066e-13,2.946261248e-13,9.530655981e-13,6.839222334e-13,7.352696873e-13,7.757168726e-13,6.010826096e-13,2.626412583e-13,9.684728998e-14,1.722192081e-13,1.246654775e-13,5.491888511e-14,8.447234144e-14,5.607159921e-14,7.000548792e-14,2.303221458e-13,6.305359587e-13,5.359580935e-13,1.352679891e-13,3.66769881e-13,1.090424372e-14
54.8046875,8.397838443e-13,5.740577927e-13,6.994258956e-13,3.941666367e-13,5.394124821e-13,5.046679329e-13,4.183902171e-14,6.226781813e-14,1.286266983e-13,2.576318686e-13,2.249297773e-13,2.614885475e-13,2.967850943e-13,9.502858418e-13,6.799289455e-13,7.306776394e-13,7.737091355e-13,5.993987006e-13,2.625592346e-13,9.430497864e-14,1.701640055e-13,1.244782242e-13,5.475562882e-14,8.555481269e-14,5.667264548e-14,7.056033342e-14,2.310697929e-13,6.266334219e-13,5.398684403e-13,1.354569198e-13,3.690901743e-13,1.06468162e-14
54.8125,8.350758091e-13,5.673646896e-13,7.012056584e-13,3.903000072e-13,5.377352801e-13,5.021029917e-13,4.235815317e-14,6.251050142e-14,1.285876912e-13,2.582285148e-13,2.25639789e-13,2.614758168e-13,2.989089523e-13,9.472295354e-13,6.755874516e-13,7.258237698e-13,7.714590526e-13,5.9749641e-13,2.624242402e-13,9.18393414e-14,1.681433871e-13,1.242352986e-13,5.463155578e-14,8.659740806e-14,5.725869121e-14,7.113269231e-14,2.318853307e-13,6.225477536e-13,5.439398264e-13,1.356121598e-13,3.71282672e-13,1.038437187e-14
54.8203125,8.301823013e-13,5.610593416e-13,7.030719017e-13,3.864981261e-13,5.360140867e-13,4.994453945e-13,4.288193541e-14,6.272899539e-14,1.285644243e-13,2.587935246e-13,2.264584488e-13,2.614838409e-13,3.010807399e-13,9.441041892e-13,6.712707503e-13,7.209693384e-13,7.690652216e-13,5.954522278e-13,2.623072528e-13,8.95343494e-14,1.662012702e-13,1.240029928e-13,5.451958322e-14,8.756772081e-14,5.784734646e-14,7.173607572e-14,2.328852157e-13,6.18665167e-13,5.482493801e-13,1.357748766e-13,3.735896618e-13,1.011508683e-14
54.828125,8.250162765e-13,5.544400197e-13,7.049537967e-13,3.824307014e-13,5.342421276e-13,4.966949277e-13,4.344996402e-14,6.294311936e-14,1.285776978e-13,2.593898124e-13,2.271208292e-13,2.614636398e-13,3.033112467e-13,9.409237561e-13,6.667505193e-13,7.159051053e-13,7.665168462e-13,5.9318021e-13,2.621139549e-13,8.735098246e-14,1.641525024e-13,1.237711986e-13,5.437184606e-14,8.851687628e-14,5.84442948e-14,7.233902505e-14,2.339733678e-13,6.145586066e-13,5.527396788e-13,1.35885082e-13,3.75923848e-13,9.876094569e-15
54.8359375,8.19530047e-13,5.472291575e-13,7.066612314e-13,3.778342945e-13,5.322007995e-13,4.937704968e-13,4.402937371e-14,6.315131014e-14,1.285276527e-13,2.599868927e-13,2.27537401e-13,2.613348158e-13,3.054726053e-13,9.373654335e-13,6.617244065e-13,7.104023469e-13,7.637658844e-13,5.906155852e-13,2.617707408e-13,8.531256917e-14,1.619847585e-13,1.234453851e-13,5.419532951e-14,8.954345004e-14,5.902620353e-14,7.293936195e-14,2.350223018e-13,6.100146789e-13,5.573031086e-13,1.35909478e-13,3.780065306e-13,9.667069214e-15
54.84375,8.13968351e-13,5.403082867e-13,7.082482342e-13,3.732075712e-13,5.297904062e-13,4.907746465e-13,4.458646845e-14,6.335108083e-14,1.283554927e-13,2.604962344e-13,2.280164816e-13,2.61103657e-13,3.074469124e-13,9.334026247e-13,6.564792417e-13,7.047134795e-13,7.608401411e-13,5.87913024e-13,2.61364676e-13,8.337877396e-14,1.599170886e-13,1.230221217e-13,5.404341413e-14,9.055579466e-14,5.959494627e-14,7.357106219e-14,2.360749422e-13,6.055623024e-13,5.620570126e-13,1.35923019e-13,3.798255782e-13,9.461076025e-15
54.8515625,8.084121906e-13,5.33704655e-13,7.098246489e-13,3.687963673e-13,5.273461822e-13,4.877925118e-13,4.514985012e-14,6.358292988e-14,1.282051427e-13,2.608898283e-13,2.286324203e-13,2.608224487e-13,3.093286437e-13,9.294310082e-13,6.512234062e-13,6.990542319e-13,7.577785169e-13,5.851977557e-13,2.609728681e-13,8.144325301e-14,1.579395752e-13,1.226306438e-13,5.393451871e-14,9.143141248e-14,6.018912909e-14,7.422943762e-14,2.371641185e-13,6.012422218e-13,5.670544541e-13,1.359488664e-13,3.816796042e-13,9.270867344e-15
54.859375,8.028083202e-13,5.266295571e-13,7.115357388e-13,3.641289861e-13,5.252394701e-13,4.848203998e-13,4.57452205e-14,6.384637287e-14,1.281943683e-13,2.612229636e-13,2.292169308e-13,2.605574588e-13,3.112891837e-13,9.257185648e-13,6.458471925e-13,6.933326594e-13,7.546559057e-13,5.825177945e-13,2.606213105e-13,7.955219589e-14,1.558641646e-13,1.223405068e-13,5.384120708e-14,9.22769922e-14,6.082881016e-14,7.490565403e-14,2.383343006e-13,5.966548083e-13,5.723146094e-13,1.359406988e-13,3.837615842e-13,9.121912526e-15
54.8671875,7.971910475e-13,5.191913423e-13,7.135496891e-13,3.591848902e-13,5.232435357e-13,4.81913271e-13,4.634881211e-14,6.408684295e-14,1.282061538e-13,2.615122628e-13,2.297947241e-13,2.603316808e-13,3.132610572e-13,9.220972768e-13,6.403813173e-13,6.874195676e-13,7.515011535e-13,5.798774252e-13,2.603353217e-13,7.775225046e-14,1.537457829e-13,1.22065214e-13,5.375398743e-14,9.314737923e-14,6.149109582e-14,7.560872948e-14,2.396682007e-13,5.919717558e-13,5.779766302e-13,1.359133306e-13,3.858631561e-13,8.998627324e-15
54.875,7.913284386e-13,5.118853689e-13,7.157201861e-13,3.543536894e-13,5.209075891e-13,4.790276362e-13,4.694150914e-14,6.430091158e-14,1.281192802e-13,2.617201481e-13,2.304495496e-13,2.600874718e-13,3.150977274e-13,9.18259747e-13,6.348121844e-13,6.811912159e-13,7.481847659e-13,5.771255123e-13,2.600362207e-13,7.593190316e-14,1.517363856e-13,1.217151131e-13,5.368785243e-14,9.389823984e-14,6.21494136e-14,7.632557074e-14,2.410955841e-13,5.874333975e-13,5.839184949e-13,1.359011118e-13,3.877171963e-13,8.869200437e-15
54.8828125,7.851042638e-13,5.046071558e-13,7.177126443e-13,3.495061883e-13,5.183384666e-13,4.760342499e-13,4.753244755e-14,6.452806864e-14,1.279753423e-13,2.617917075e-13,2.311350099e-13,2.597494304e-13,3.168571831e-13,9.141802104e-13,6.290103858e-13,6.747650039e-13,7.447746859e-13,5.742585043e-13,2.596148603e-13,7.412389703e-14,1.497500419e-13,1.21309677e-13,5.364766264e-14,9.453791711e-14,6.28075386e-14,7.708119639e-14,2.425400008e-13,5.827366488e-13,5.899168876e-13,1.358696994e-13,3.893960968e-13,8.737297811e-15
54.890625,7.788720516e-13,4.971755095e-13,7.196139066e-13,3.444726295e-13,5.157900027e-13,4.730081906e-13,4.812951887e-14,6.477791632e-14,1.27823816e-13,2.617116409e-13,2.317985681e-13,2.59312427e-13,3.186143271e-13,9.099889356e-13,6.230921828e-13,6.685097332e-13,7.415787812e-13,5.715084925e-13,2.59113607e-13,7.253958793e-14,1.476609782e-13,1.208881421e-13,5.363864945e-14,9.522852457e-14,6.348342836e-14,7.793771776e-14,2.441007734e-13,5.77718358e-13,5.961824811e-13,1.358052485e-13,3.910741678e-13,8.626151488e-15
54.8984375,7.725218864e-13,4.896350845e-13,7.218216979e-13,3.394894434e-13,5.130066364e-13,4.70072723e-13,4.874620044e-14,6.503218084e-14,1.276533021e-13,2.615592893e-13,2.324526406e-13,2.588552243e-13,3.203223927e-13,9.056416901e-13,6.172076529e-13,6.624277335e-13,7.385586815e-13,5.68819737e-13,2.5858526e-13,7.117933449e-14,1.455413255e-13,1.204356663e-13,5.366855189e-14,9.595479313e-14,6.418174017e-14,7.887749385e-14,2.458193492e-13,5.726171062e-13,6.02954731e-13,1.357718063e-13,3.927455748e-13,8.529441452e-15
54.90625,7.656893336e-13,4.820353708e-13,7.243216534e-13,3.345697782e-13,5.098777587e-13,4.671278256e-13,4.93884641e-14,6.527565756e-14,1.274501269e-13,2.613468156e-13,2.331574343e-13,2.584266325e-13,3.219976991e-13,9.012012933e-13,6.113099944e-13,6.563503514e-13,7.355121689e-13,5.660392284e-13,2.579900161e-13,6.985047807e-14,1.434701608e-13,1.199429943e-13,5.371531006e-14,9.659791313e-14,6.490436329e-14,7.985716071e-14,2.476426855e-13,5.675086111e-13,6.100999911e-13,1.357770699e-13,3.943901535e-13,8.432979684e-15
54.9140625,7.588298737e-13,4.744722372e-13,7.268495443e-13,3.295031619e-13,5.068805385e-13,4.640936957e-13,5.002693546e-14,6.551651392e-14,1.272203632e-13,2.609788921e-13,2.339297096e-13,2.579962193e-13,3.237336558e-13,8.970270008e-13,6.054047227e-13,6.504966153e-13,7.326227007e-13,5.634008234e-13,2.573652355e-13,6.85314973e-14,1.414139752e-13,1.194423787e-13,5.3751712e-14,9.717052838e-14,6.566950893e-14,8.090764962e-14,2.496167697e-13,5.623153456e-13,6.175313408e-13,1.357349814e-13,3.960700147e-13,8.350780823e-15
54.921875,7.522002502e-13,4.669611528e-13,7.295039006e-13,3.243932853e-13,5.0413147e-13,4.610776975e-13,5.065234824e-14,6.577914318e-14,1.26994376e-13,2.604663723e-13,2.346900781e-13,2.575607153e-13,3.255267865e-13,8.931201703e-13,5.994892261e-13,6.448775646e-13,7.29940227e-13,5.609448755e-13,2.567659227e-13,6.737237018e-14,1.39364289e-13,1.189409593e-13,5.380309214e-14,9.774062597e-14,6.647969552e-14,8.203596395e-14,2.517664292e-13,5.57074935e-13,6.252832629e-13,1.356220884e-13,3.977718709e-13,8.283242381e-15
54.9296875,7.452626898e-13,4.593436084e-13,7.322797305e-13,3.194002848e-13,5.011625553e-13,4.581017215e-13,5.129483421e-14,6.608854987e-14,1.267776743e-13,2.598436087e-13,2.354017687e-13,2.5711872e-13,3.272625916e-13,8.89015636e-13,5.933909544e-13,6.390447408e-13,7.270999177e-13,5.582856515e-13,2.561262053e-13,6.639618598e-14,1.373180829e-13,1.184037519e-13,5.391186708e-14,9.829462876e-14,6.729822295e-14,8.318290749e-14,2.539993409e-13,5.517209967e-13,6.332338144e-13,1.35485022e-13,3.994072928e-13,8.210157612e-15
54.9375,7.381209653e-13,4.51610622e-13,7.347911221e-13,3.143663174e-13,4.979255773e-13,4.55043537e-13,5.195536508e-14,6.645513167e-14,1.265438587e-13,2.590777197e-13,2.361210195e-13,2.566168871e-13,3.288960411e-13,8.846580401e-13,5.869963083e-13,6.328488836e-13,7.240512509e-13,5.554059404e-13,2.554425294e-13,6.543130943e-14,1.352130895e-13,1.178389683e-13,5.406593917e-14,9.878842487e-14,6.811043892e-14,8.432061067e-14,2.562652067e-13,5.461414083e-13,6.413401322e-13,1.35319214e-13,4.009757896e-13,8.143590248e-15
54.9453125,7.311217747e-13,4.439244913e-13,7.37192481e-13,3.092284226e-13,4.947234673e-13,4.519111489e-13,5.261135979e-14,6.683812763e-14,1.263101517e-13,2.582868204e-13,2.368963808e-13,2.560908925e-13,3.305476326e-13,8.803866028e-13,5.803570279e-13,6.264251534e-13,7.209747744e-13,5.525688769e-13,2.547942543e-13,6.437898051e-14,1.330704855e-13,1.172974846e-13,5.423802296e-14,9.92257186e-14,6.894779588e-14,8.546204228e-14,2.58578777e-13,5.405025229e-13,6.49817312e-13,1.351120265e-13,4.025473209e-13,8.100304266e-15
54.953125,7.237448084e-13,4.363289603e-13,7.40055299e-13,3.042787907e-13,4.914922119e-13,4.488468102e-13,5.325502484e-14,6.720231077e-14,1.260957334e-13,2.575857685e-13,2.377465225e-13,2.556298778e-13,3.322913598e-13,8.762037419e-13,5.735657232e-13,6.198269299e-13,7.177130757e-13,5.496760502e-13,2.541231423e-13,6.336475316e-14,1.310057514e-13,1.167789387e-13,5.444774268e-14,9.962123966e-14,6.98100285e-14,8.66341516e-14,2.60977192e-13,5.349731857e-13,6.588167225e-13,1.348861139e-13,4.041196557e-13,8.06458548e-15
54.9609375,7.159728095e-13,4.287954234e-13,7.432529175e-13,2.995708192e-13,4.88217574e-13,4.45879204e-13,5.388583387e-14,6.76022846e-14,1.258782788e-13,2.568129231e-13,2.38681317e-13,2.552005194e-13,3.340239311e-13,8.72031842e-13,5.666649767e-13,6.132293711e-13,7.142709804e-13,5.466353593e-13,2.533459986e-13,6.248027906e-14,1.290385189e-13,1.162562332e-13,5.471246491e-14,9.996516133e-14,7.066774603e-14,8.786005072e-14,2.635449044e-13,5.294578921e-13,6.68243269e-13,1.346226222e-13,4.056650665e-13,8.035844174e-15
54.96875,7.084837877e-13,4.213339702e-13,7.463763567e-13,2.947615509e-13,4.851227904e-13,4.429050478e-13,5.452641977e-14,6.807009499e-14,1.2566208e-13,2.55834585e-13,2.397208198e-13,2.547516879e-13,3.356907678e-13,8.679959935e-13,5.596059958e-13,6.067640867e-13,7.110221134e-13,5.436428162e-13,2.525149118e-13,6.165166534e-14,1.270885865e-13,1.157358032e-13,5.500477649e-14,1.002632734e-13,7.153665213e-14,8.910442593e-14,2.662928632e-13,5.238816993e-13,6.779417671e-13,1.342979822e-13,4.072113284e-13,8.034385809e-15
54.9765625,7.009980887e-13,4.139075305e-13,7.495334686e-13,2.898825349e-13,4.819975826e-13,4.398516937e-13,5.519267509e-14,6.855474371e-14,1.254370301e-13,2.547489986e-13,2.408499526e-13,2.542932234e-13,3.373097809e-13,8.639465568e-13,5.524384386e-13,6.00393115e-13,7.079814374e-13,5.407482125e-13,2.516551111e-13,6.087751575e-14,1.251136496e-13,1.152016577e-13,5.529884104e-14,1.005178229e-13,7.243263182e-14,9.034462442e-14,2.690975336e-13,5.182415729e-13,6.878831592e-13,1.339475255e-13,4.087171377e-13,8.0592548e-15
54.984375,6.931436102e-13,4.064877901e-13,7.528338186e-13,2.852954349e-13,4.785634514e-13,4.367515522e-13,5.585288019e-14,6.906077418e-14,1.251641031e-13,2.536381002e-13,2.419566465e-13,2.5379699e-13,3.388150644e-13,8.597455415e-13,5.454198724e-13,5.942949253e-13,7.049471549e-13,5.379134103e-13,2.507490964e-13,6.019023794e-14,1.231379514e-13,1.146299986e-13,5.559157379e-14,1.006903165e-13,7.333316662e-14,9.164984125e-14,2.719142712e-13,5.12497245e-13,6.981289451e-13,1.335854073e-13,4.100963181e-13,8.098041317e-15
54.9921875,6.855297667e-13,3.991347895e-13,7.561786968e-13,2.808869453e-13,4.751517172e-13,4.337287839e-13,5.651485566e-14,6.961996538e-14,1.248942766e-13,2.525038968e-13,2.430080095e-13,2.532685466e-13,3.402760105e-13,8.557921805e-13,5.386550737e-13,5.886328808e-13,7.021357892e-13,5.352660734e-13,2.498541149e-13,5.947666349e-14,1.212054304e-13,1.140692034e-13,5.589154999e-14,1.008018e-13,7.426124282e-14,9.30374255e-14,2.74872578e-13,5.067600457e-13,7.087230028e-13,1.331904915e-13,4.114450528e-13,8.141170504e-15
55,6.782156147e-13,3.918490843e-13,7.596563782e-13,2.764061525e-13,4.719822632e-13,4.30889687e-13,5.723567571e-14,7.020603592e-14,1.246818297e-13,2.513571769e-13,2.441290487e-13,2.527677961e-13,3.4189644e-13,8.522715886e-13,5.320153283e-13,5.83271703e-13,6.99821232e-13,5.328308391e-13,2.489787733e-13,5.876657596e-14,1.193111843e-13,1.135510092e-13,5.622886507e-14,1.009598566e-13,7.526982315e-14,9.444004008e-14,2.780804354e-13,5.011535858e-13,7.197105214e-13,1.327856695e-13,4.129095379e-13,8.184738267e-15
55.0078125,6.706257628e-13,3.84480219e-13,7.633310097e-13,2.720522579e-13,4.687294856e-13,4.28190498e-13,5.800119283e-14,7.084892757e-14,1.244622415e-13,2.501708805e-13,2.453435967e-13,2.52260333e-13,3.435360827e-13,8.487400934e-13,5.255195996e-13,5.781792613e-13,6.978852092e-13,5.304759964e-13,2.480681943e-13,5.828708143e-14,1.173879398e-13,1.130201608e-13,5.662963337e-14,1.011802927e-13,7.633733387e-14,9.588342795e-14,2.814819192e-13,4.954789699e-13,7.310827382e-13,1.323981404e-13,4.143898594e-13,8.244170624e-15
55.015625,6.629968158e-13,3.769522857e-13,7.671208287e-13,2.679197917e-13,4.652855857e-13,4.255306492e-13,5.876459455e-14,7.15961222e-14,1.242088699e-13,2.488879661e-13,2.465881329e-13,2.516979257e-13,3.449026977e-13,8.450290445e-13,5.192257391e-13,5.733055877e-13,6.960226101e-13,5.28154427e-13,2.471589941e-13,5.797110126e-14,1.154196035e-13,1.124605541e-13,5.708374507e-14,1.013428265e-13,7.740871306e-14,9.742193401e-14,2.849293438e-13,4.895417502e-13,7.426724873e-13,1.319855192e-13,4.15738661e-13,8.329255679e-15
55.0234375,6.555601838e-13,3.695153183e-13,7.710568557e-13,2.638555833e-13,4.618651239e-13,4.228963296e-13,5.953256119e-14,7.238601843e-14,1.239860583e-13,2.475144695e-13,2.478964688e-13,2.511437731e-13,3.461721328e-13,8.414527243e-13,5.129458847e-13,5.683920208e-13,6.939708635e-13,5.258634881e-13,2.462543727e-13,5.756121112e-14,1.134944709e-13,1.119215733e-13,5.757314157e-14,1.013891309e-13,7.848256522e-14,9.899199226e-14,2.883610186e-13,4.835339865e-13,7.544030974e-13,1.315080752e-13,4.170542035e-13,8.426587732e-15
55.03125,6.477240911e-13,3.624413393e-13,7.751248414e-13,2.600302857e-13,4.584547948e-13,4.202652107e-13,6.030728782e-14,7.320131304e-14,1.237939828e-13,2.461084374e-13,2.492297266e-13,2.506360264e-13,3.476328159e-13,8.380304726e-13,5.065857203e-13,5.63578852e-13,6.917428025e-13,5.235846805e-13,2.452404719e-13,5.714983442e-14,1.116747516e-13,1.113936873e-13,5.809362046e-14,1.01404996e-13,7.959128139e-14,1.005704675e-13,2.918850423e-13,4.776569075e-13,7.664588079e-13,1.310123136e-13,4.184343168e-13,8.535325555e-15
55.0390625,6.394348713e-13,3.555104055e-13,7.791184092e-13,2.565573361e-13,4.549336787e-13,4.175766809e-13,6.107857153e-14,7.412037867e-14,1.235798609e-13,2.446566331e-13,2.504668018e-13,2.501017672e-13,3.490942247e-13,8.344697473e-13,5.003112734e-13,5.592448182e-13,6.896542437e-13,5.213402788e-13,2.441390891e-13,5.694237864e-14,1.099010132e-13,1.108266758e-13,5.864611422e-14,1.014479425e-13,8.07569846e-14,1.022460746e-13,2.955847605e-13,4.717722765e-13,7.788692144e-13,1.305303703e-13,4.197197007e-13,8.674585619e-15
55.046875,6.314571873e-13,3.483922992e-13,7.829499426e-13,2.53035915e-13,4.51346778e-13,4.14887494e-13,6.185825469e-14,7.512283826e-14,1.233354781e-13,2.430857301e-13,2.516793292e-13,2.494719003e-13,3.503488443e-13,8.307722919e-13,4.941471014e-13,5.552679796e-13,6.878553966e-13,5.192080012e-13,2.430917692e-13,5.682028081e-14,1.080906992e-13,1.102324524e-13,5.923437905e-14,1.014480565e-13,8.196914634e-14,1.040187813e-13,2.993659589e-13,4.657683529e-13,7.914188311e-13,1.299913285e-13,4.208084903e-13,8.851540601e-15
55.0546875,6.239511299e-13,3.412476391e-13,7.868668898e-13,2.492823943e-13,4.477680661e-13,4.123093679e-13,6.264908989e-14,7.613000634e-14,1.23088536e-13,2.414490465e-13,2.530446733e-13,2.487904754e-13,3.516187713e-13,8.272358896e-13,4.879902021e-13,5.514607501e-13,6.862667506e-13,5.173266159e-13,2.420652856e-13,5.663911681e-14,1.062655161e-13,1.096576013e-13,5.985089103e-14,1.013767133e-13,8.320408028e-14,1.058018023e-13,3.031972082e-13,4.598041823e-13,8.04209667e-13,1.293816858e-13,4.218913817e-13,9.04630691e-15
55.0625,6.163340474e-13,3.342615443e-13,7.912030003e-13,2.456517794e-13,4.44229634e-13,4.098327874e-13,6.346169164e-14,7.715948579e-14,1.228809068e-13,2.398589576e-13,2.545889899e-13,2.481833428e-13,3.530466392e-13,8.240090854e-13,4.819433355e-13,5.480015414e-13,6.849382248e-13,5.157175641e-13,2.409532108e-13,5.65282141e-14,1.045067739e-13,1.091122036e-13,6.048491308e-14,1.013288278e-13,8.447287703e-14,1.076018248e-13,3.072085786e-13,4.539156821e-13,8.175698451e-13,1.288117175e-13,4.230948155e-13,9.229555945e-15
55.0703125,6.084285619e-13,3.273094875e-13,7.959359775e-13,2.422797487e-13,4.407771236e-13,4.074181181e-13,6.431050252e-14,7.825323084e-14,1.227339033e-13,2.382661285e-13,2.562053618e-13,2.476975402e-13,3.544146325e-13,8.210025587e-13,4.76092323e-13,5.448794165e-13,6.838628104e-13,5.14200605e-13,2.398180161e-13,5.660819686e-14,1.028350406e-13,1.085828695e-13,6.115476628e-14,1.013096012e-13,8.57806306e-14,1.094789112e-13,3.113740541e-13,4.479320727e-13,8.313889349e-13,1.282854313e-13,4.243092688e-13,9.407180049e-15
55.078125,6.005931392e-13,3.204369745e-13,8.007855222e-13,2.389207765e-13,4.374214361e-13,4.050931427e-13,6.517036512e-14,7.939440451e-14,1.226025461e-13,2.366099644e-13,2.578268397e-13,2.472410902e-13,3.556290999e-13,8.181223362e-13,4.702628848e-13,5.418377137e-13,6.828293086e-13,5.127444843e-13,2.387258948e-13,5.67492873e-14,1.012083791e-13,1.080601823e-13,6.187426767e-14,1.011925757e-13,8.709159692e-14,1.11412535e-13,3.155335232e-13,4.418866117e-13,8.453496702e-13,1.27693859e-13,4.254903769e-13,9.607146834e-15
55.0859375,5.928320386e-13,3.137366588e-13,8.056887746e-13,2.355603964e-13,4.34065082e-13,4.028398701e-13,6.603709538e-14,8.055199719e-14,1.224387205e-13,2.349667736e-13,2.59526928e-13,2.46749071e-13,3.568661303e-13,8.153061208e-13,4.643685203e-13,5.388174961e-13,6.81771937e-13,5.114703692e-13,2.376052084e-13,5.678941692e-14,9.959399699e-14,1.075300997e-13,6.262104021e-14,1.009820118e-13,8.84105909e-14,1.133369707e-13,3.197209084e-13,4.359340766e-13,8.595164229e-13,1.27057133e-13,4.266708831e-13,9.817303555e-15
55.09375,5.848312298e-13,3.070776875e-13,8.105855385e-13,2.324310798e-13,4.305941948e-13,4.005592793e-13,6.692135807e-14,8.173209431e-14,1.222869766e-13,2.333371313e-13,2.613327863e-13,2.462730858e-13,3.581694688e-13,8.124590374e-13,4.585269119e-13,5.358850733e-13,6.807161358e-13,5.10227231e-13,2.364270717e-13,5.681636558e-14,9.799436026e-14,1.069927555e-13,6.338973301e-14,1.008124322e-13,8.976316599e-14,1.1523753e-13,3.240039199e-13,4.300398456e-13,8.739809698e-13,1.264393825e-13,4.277945219e-13,1.001902839e-14
55.1015625,5.768117225e-13,3.005215418e-13,8.151539643e-13,2.29505346e-13,4.270830928e-13,3.981995967e-13,6.777499463e-14,8.296730803e-14,1.222119567e-13,2.316117153e-13,2.630842968e-13,2.458344778e-13,3.594128557e-13,8.096033523e-13,4.526906389e-13,5.330938489e-13,6.796292003e-13,5.088174457e-13,2.352342311e-13,5.696972206e-14,9.642512104e-14,1.064766355e-13,6.41882842e-14,1.006949329e-13,9.109763678e-14,1.171309703e-13,3.282447716e-13,4.241144143e-13,8.884973022e-13,1.257653247e-13,4.288558425e-13,1.02315095e-14
55.109375,5.691713696e-13,2.94191818e-13,8.194288021e-13,2.265537398e-13,4.236761851e-13,3.958288047e-13,6.859395378e-14,8.424293584e-14,1.221521915e-13,2.297828926e-13,2.647421462e-13,2.453495476e-13,3.605804303e-13,8.068749708e-13,4.467234647e-13,5.304913228e-13,6.786612209e-13,5.074021715e-13,2.33989406e-13,5.712665267e-14,9.488396647e-14,1.059747414e-13,6.497888099e-14,1.00548437e-13,9.237939751e-14,1.190066317e-13,3.323458285e-13,4.180962779e-13,9.029206944e-13,1.249881029e-13,4.298861614e-13,1.045321602e-14
55.1171875,5.615509078e-13,2.879290972e-13,8.239155797e-13,2.23627205e-13,4.202780719e-13,3.935239301e-13,6.944323717e-14,8.552049735e-14,1.220110759e-13,2.279382035e-13,2.664913469e-13,2.447990289e-13,3.617275022e-13,8.042619809e-13,4.407844178e-13,5.280640074e-13,6.779082171e-13,5.061556215e-13,2.326574999e-13,5.717406505e-14,9.336510328e-14,1.054399591e-13,6.573992173e-14,1.003661151e-13,9.36806112e-14,1.208871065e-13,3.36429164e-13,4.119527696e-13,9.174343382e-13,1.242068534e-13,4.308504537e-13,1.066622986e-14
55.125,5.534627645e-13,2.816861791e-13,8.288060819e-13,2.209867926e-13,4.167395664e-13,3.912556563e-13,7.031645236e-14,8.684678481e-14,1.218409306e-13,2.261044648e-13,2.684074512e-13,2.44297776e-13,3.628464869e-13,8.016656238e-13,4.351209012e-13,5.258843239e-13,6.771886987e-13,5.050212638e-13,2.313342928e-13,5.727921206e-14,9.188357517e-14,1.048838017e-13,6.653024836e-14,1.001481605e-13,9.505453691e-14,1.228541643e-13,3.406647446e-13,4.058009485e-13,9.322449401e-13,1.23493224e-13,4.318445124e-13,1.088966423e-14
55.1328125,5.452485596e-13,2.755270358e-13,8.339175572e-13,2.18629647e-13,4.131735858e-13,3.890474721e-13,7.120250909e-14,8.82715237e-14,1.217287325e-13,2.242270859e-13,2.704476575e-13,2.438749339e-13,3.63951246e-13,7.991475226e-13,4.297048764e-13,5.241048314e-13,6.766049005e-13,5.039889833e-13,2.301012806e-13,5.753430823e-14,9.044104336e-14,1.043553032e-13,6.739148491e-14,9.984898986e-14,9.646553668e-14,1.248944956e-13,3.450416165e-13,3.997184041e-13,9.473309884e-13,1.228073057e-13,4.329793862e-13,1.113294074e-14
55.140625,5.373925561e-13,2.694147694e-13,8.391328225e-13,2.163897388e-13,4.097074745e-13,3.870558349e-13,7.215080863e-14,8.974632037e-14,1.216479194e-13,2.223112227e-13,2.726031747e-13,2.434301146e-13,3.650685714e-13,7.967645808e-13,4.24410613e-13,5.226674585e-13,6.764261913e-13,5.030997641e-13,2.288917082e-13,5.782044515e-14,8.902992307e-14,1.038454349e-13,6.829064955e-14,9.950075218e-14,9.786837356e-14,1.269077443e-13,3.493796102e-13,3.93681488e-13,9.62427093e-13,1.22096837e-13,4.341030261e-13,1.138716988e-14
55.1484375,5.296435353e-13,2.634827711e-13,8.44297208e-13,2.143009494e-13,4.062465093e-13,3.852071492e-13,7.312904693e-14,9.127007594e-14,1.21578994e-13,2.204459432e-13,2.748019196e-13,2.429643577e-13,3.661382861e-13,7.943615458e-13,4.192076834e-13,5.214385268e-13,6.763747966e-13,5.022812752e-13,2.276067941e-13,5.811032039e-14,8.765900046e-14,1.033289053e-13,6.920847499e-14,9.921205528e-14,9.925954481e-14,1.289186931e-13,3.537036734e-13,3.877508059e-13,9.774787144e-13,1.213580256e-13,4.351224587e-13,1.167284147e-14
55.15625,5.215968733e-13,2.576695771e-13,8.49208335e-13,2.123687981e-13,4.026924743e-13,3.831712923e-13,7.407282834e-14,9.291772696e-14,1.215351224e-13,2.185801389e-13,2.769861854e-13,2.425200024e-13,3.670758021e-13,7.918005779e-13,4.140612846e-13,5.20477164e-13,6.761810375e-13,5.014574783e-13,2.262481162e-13,5.842981067e-14,8.629499761e-14,1.028057829e-13,7.015559366e-14,9.899869864e-14,1.006680632e-13,1.309983953e-13,3.582271139e-13,3.817689638e-13,9.928240394e-13,1.206078479e-13,4.361410432e-13,1.199139826e-14
55.1640625,5.134503376e-13,2.516116553e-13,8.538812726e-13,2.104485509e-13,3.990421281e-13,3.809281488e-13,7.500901081e-14,9.465474194e-14,1.214651362e-13,2.165854734e-13,2.792081024e-13,2.420082618e-13,3.678436642e-13,7.891442733e-13,4.089965859e-13,5.198713466e-13,6.761983294e-13,5.006542773e-13,2.24887399e-13,5.875971005e-14,8.490512147e-14,1.022597922e-13,7.110995005e-14,9.877267868e-14,1.021005374e-13,1.33080177e-13,3.627672637e-13,3.754794422e-13,1.008340772e-12,1.198590688e-13,4.370774237e-13,1.23112491e-14
55.171875,5.055612696e-13,2.456128604e-13,8.584625823e-13,2.086523407e-13,3.953257854e-13,3.787859044e-13,7.595714322e-14,9.639376992e-14,1.213595878e-13,2.145900193e-13,2.814379226e-13,2.414237083e-13,3.685199933e-13,7.865525187e-13,4.041745475e-13,5.196544096e-13,6.766486131e-13,4.99996131e-13,2.235685863e-13,5.9161369e-14,8.357867535e-14,1.0169149e-13,7.206409534e-14,9.851119321e-14,1.035379044e-13,1.351260715e-13,3.670209745e-13,3.692387558e-13,1.023488089e-12,1.191334718e-13,4.378298156e-13,1.263040191e-14
55.1796875,4.978598144e-13,2.401759356e-13,8.630309308e-13,2.071774034e-13,3.916764268e-13,3.768383343e-13,7.69223378e-14,9.817525787e-14,1.213000954e-13,2.127493279e-13,2.836017109e-13,2.409071005e-13,3.69320358e-13,7.842000469e-13,3.996499578e-13,5.198722878e-13,6.773184126e-13,4.996015108e-13,2.222660384e-13,5.964757318e-14,8.239418405e-14,1.011418395e-13,7.306532737e-14,9.827432444e-14,1.05013215e-13,1.37219037e-13,3.71261684e-13,3.634532569e-13,1.038560549e-12,1.184425198e-13,4.385646144e-13,1.295628929e-14
55.1875,4.901385821e-13,2.348234693e-13,8.675733168e-13,2.058586712e-13,3.881659536e-13,3.749287689e-13,7.793797237e-14,1.000653659e-13,1.212978272e-13,2.108867773e-13,2.857761527e-13,2.4043914e-13,3.702586465e-13,7.820690951e-13,3.952915636e-13,5.204659464e-13,6.780631484e-13,4.993532064e-13,2.209311653e-13,6.013496059e-14,8.126509279e-14,1.006145416e-13,7.410990572e-14,9.804220136e-14,1.065380586e-13,1.39378487e-13,3.757105435e-13,3.577395041e-13,1.054102173e-12,1.177667581e-13,4.393375218e-13,1.329211612e-14
55.1953125,4.823042859e-13,2.291397446e-13,8.720979174e-13,2.04555573e-13,3.845756475e-13,3.729517335e-13,7.896372863e-14,1.020376593e-13,1.212833444e-13,2.088761689e-13,2.880493954e-13,2.399071356e-13,3.710327374e-13,7.798356618e-13,3.910426516e-13,5.213235302e-13,6.787961463e-13,4.990299653e-13,2.195573353e-13,6.067280601e-14,8.011190832e-14,1.000698154e-13,7.513340184e-14,9.772853214e-14,1.080320061e-13,1.415687876e-13,3.800097138e-13,3.517534235e-13,1.069636316e-12,1.171124765e-13,4.400223976e-13,1.36637566e-14
55.203125,4.742938143e-13,2.236072388e-13,8.767513343e-13,2.033869907e-13,3.807501728e-13,3.709525161e-13,7.997121547e-14,1.04077473e-13,1.212402472e-13,2.069103168e-13,2.903721549e-13,2.393765003e-13,3.715908131e-13,7.774026901e-13,3.8696364e-13,5.224507893e-13,6.796115919e-13,4.987367283e-13,2.181753496e-13,6.130510796e-14,7.897561394e-14,9.949647472e-14,7.616159088e-14,9.737102221e-14,1.095245389e-13,1.437825538e-13,3.840744574e-13,3.457671143e-13,1.084806557e-12,1.165000219e-13,4.406973044e-13,1.406788906e-14
55.2109375,4.663081786e-13,2.184247793e-13,8.81526378e-13,2.023479107e-13,3.768806767e-13,3.690567404e-13,8.103507633e-14,1.062033164e-13,1.212112674e-13,2.050808694e-13,2.926625069e-13,2.389129958e-13,3.722016792e-13,7.751065635e-13,3.830453582e-13,5.238791243e-13,6.808676925e-13,4.987256505e-13,2.168018643e-13,6.192046126e-14,7.7882309e-14,9.89133602e-14,7.726496647e-14,9.707922533e-14,1.111361933e-13,1.459706647e-13,3.882151349e-13,3.399543956e-13,1.100077891e-12,1.158942302e-13,4.414653013e-13,1.447258931e-14
55.21875,4.586263644e-13,2.133134224e-13,8.860931316e-13,2.014532323e-13,3.730852583e-13,3.672510852e-13,8.212511039e-14,1.083825569e-13,1.212192652e-13,2.032521282e-13,2.949201313e-13,2.38430656e-13,3.728609767e-13,7.730020775e-13,3.792440586e-13,5.256185853e-13,6.824105644e-13,4.988956695e-13,2.154232667e-13,6.251426383e-14,7.683615412e-14,9.833366946e-14,7.837820957e-14,9.681491009e-14,1.127762152e-13,1.481219047e-13,3.923482106e-13,3.342330776e-13,1.115363168e-12,1.152828863e-13,4.422013174e-13,1.489229627e-14
55.2265625,4.51027403e-13,2.082760586e-13,8.903560278e-13,2.008256367e-13,3.692900049e-13,3.654096762e-13,8.314360973e-14,1.105953422e-13,1.21254665e-13,2.013643141e-13,2.972124448e-13,2.379130313e-13,3.734197785e-13,7.708274944e-13,3.755989473e-13,5.277153008e-13,6.837509503e-13,4.990318866e-13,2.140381507e-13,6.3164763e-14,7.587819897e-14,9.776862897e-14,7.942013367e-14,9.648253061e-14,1.143076774e-13,1.503188751e-13,3.96259345e-13,3.285506787e-13,1.130201069e-12,1.147044294e-13,4.428705434e-13,1.53488366e-14
55.234375,4.432846281e-13,2.032583259e-13,8.945787038e-13,2.002394491e-13,3.655877002e-13,3.635822788e-13,8.416201747e-14,1.128810225e-13,1.213273258e-13,1.994442911e-13,2.995601723e-13,2.374378992e-13,3.739866564e-13,7.686766545e-13,3.721379014e-13,5.301258105e-13,6.850993502e-13,4.992337061e-13,2.126866098e-13,6.38022269e-14,7.499463582e-14,9.723387228e-14,8.046938698e-14,9.613574506e-14,1.158409488e-13,1.525527272e-13,4.000746906e-13,3.227849286e-13,1.144885865e-12,1.141257323e-13,4.436184234e-13,1.582513477e-14
55.2421875,4.356894262e-13,1.981001621e-13,8.988500611e-13,1.994643165e-13,3.620378348e-13,3.618276309e-13,8.524007722e-14,1.152344227e-13,1.214440953e-13,1.974961483e-13,3.01954627e-13,2.369946467e-13,3.746171353e-13,7.667100692e-13,3.687763091e-13,5.326946338e-13,6.867444738e-13,4.996166158e-13,2.113919789e-13,6.436262468e-14,7.412771243e-14,9.672018089e-14,8.157229998e-14,9.585300446e-14,1.174537805e-13,1.547475509e-13,4.038564171e-13,3.169284172e-13,1.159638916e-12,1.135153652e-13,4.444696734e-13,1.631014297e-14
55.25,4.283234531e-13,1.930245563e-13,9.030876324e-13,1.987493229e-13,3.584386469e-13,3.600151992e-13,8.629037861e-14,1.176192336e-13,1.215448838e-13,1.95526071e-13,3.044458832e-13,2.365225699e-13,3.751862494e-13,7.647115496e-13,3.654110417e-13,5.353482449e-13,6.882929448e-13,5.000273338e-13,2.100998554e-13,6.492876779e-14,7.327177956e-14,9.618619865e-14,8.263018945e-14,9.559347563e-14,1.190362149e-13,1.56924048e-13,4.074877541e-13,3.111537882e-13,1.174001233e-12,1.12943358e-13,4.4531832e-13,1.680261291e-14
55.2578125,4.208880941e-13,1.881678817e-13,9.071758454e-13,1.982409374e-13,3.547317351e-13,3.581411533e-13,8.731723402e-14,1.200687113e-13,1.215952948e-13,1.93519032e-13,3.069776013e-13,2.360081236e-13,3.756579343e-13,7.625604577e-13,3.620881003e-13,5.381732205e-13,6.896237384e-13,5.003723304e-13,2.087670653e-13,6.561248515e-14,7.242300773e-14,9.561985277e-14,8.362953661e-14,9.530798059e-14,1.205722748e-13,1.590893389e-13,4.109790009e-13,3.054194703e-13,1.187750098e-12,1.124143352e-13,4.460992098e-13,1.73050419e-14
55.265625,4.134261966e-13,1.834032436e-13,9.109894162e-13,1.977814612e-13,3.510660714e-13,3.563131787e-13,8.838685842e-14,1.226131711e-13,1.216631347e-13,1.915075919e-13,3.094506274e-13,2.3549151e-13,3.76042501e-13,7.604354906e-13,3.589899545e-13,5.412962841e-13,6.911333554e-13,5.007851409e-13,2.074743971e-13,6.644420659e-14,7.161247155e-14,9.506015508e-14,8.464432703e-14,9.499521193e-14,1.221139359e-13,1.611942039e-13,4.144048873e-13,2.996747431e-13,1.201127888e-12,1.118794489e-13,4.46871747e-13,1.783201009e-14
55.2734375,4.061184625e-13,1.788556384e-13,9.147350393e-13,1.973546311e-13,3.474451276e-13,3.544605853e-13,8.944200079e-14,1.251976209e-13,1.21781872e-13,1.896204853e-13,3.120462792e-13,2.350440517e-13,3.763808811e-13,7.584406826e-13,3.561540829e-13,5.446523688e-13,6.928275464e-13,5.013030577e-13,2.062954265e-13,6.729514489e-14,7.095666579e-14,9.452368713e-14,8.563452093e-14,9.469256596e-14,1.236179476e-13,1.632581611e-13,4.177393866e-13,2.941541464e-13,1.214281827e-12,1.114203511e-13,4.477742115e-13,1.836945035e-14
55.28125,3.988289077e-13,1.745044827e-13,9.185727775e-13,1.969997809e-13,3.437857278e-13,3.525538918e-13,9.044151147e-14,1.277763778e-13,1.218933978e-13,1.878418527e-13,3.148584606e-13,2.346271236e-13,3.767461085e-13,7.564418629e-13,3.534059821e-13,5.480335838e-13,6.944336298e-13,5.017521124e-13,2.051432992e-13,6.805035761e-14,7.042125982e-14,9.398019298e-14,8.655192138e-14,9.448133706e-14,1.250665879e-13,1.652837624e-13,4.208921694e-13,2.888568113e-13,1.22708414e-12,1.11068734e-13,4.48724035e-13,1.890009828e-14
55.2890625,3.915049038e-13,1.699614025e-13,9.221592697e-13,1.967489373e-13,3.401157277e-13,3.507175963e-13,9.142528451e-14,1.303831428e-13,1.219723364e-13,1.85996275e-13,3.176072973e-13,2.34111995e-13,3.770306919e-13,7.542237817e-13,3.507055739e-13,5.514891025e-13,6.959187819e-13,5.0208226e-13,2.039580675e-13,6.885267348e-14,6.982229313e-14,9.34200165e-14,8.744629979e-14,9.432852606e-14,1.264707168e-13,1.672088919e-13,4.239016138e-13,2.834625893e-13,1.239380761e-12,1.106812603e-13,4.494703762e-13,1.945481029e-14
55.296875,3.843177607e-13,1.653344209e-13,9.254595837e-13,1.966509386e-13,3.365479761e-13,3.48935127e-13,9.238946178e-14,1.330602368e-13,1.220629338e-13,1.840910097e-13,3.20316602e-13,2.335466581e-13,3.771443619e-13,7.518286845e-13,3.48139318e-13,5.551930324e-13,6.973308996e-13,5.024574714e-13,2.028405026e-13,6.982715379e-14,6.920285537e-14,9.287716604e-14,8.832816479e-14,9.410052853e-14,1.278093086e-13,1.690547215e-13,4.269601181e-13,2.779914492e-13,1.251272138e-12,1.102400307e-13,4.501408122e-13,2.003774658e-14
55.3046875,3.772831949e-13,1.610959857e-13,9.286292608e-13,1.965327394e-13,3.330833831e-13,3.470588883e-13,9.332795018e-14,1.357909053e-13,1.221900831e-13,1.822707572e-13,3.232335333e-13,2.330195618e-13,3.772221453e-13,7.494081929e-13,3.455773106e-13,5.589707801e-13,6.986550145e-13,5.028584588e-13,2.017924037e-13,7.084200348e-14,6.872066178e-14,9.23604287e-14,8.919052823e-14,9.385263409e-14,1.291273412e-13,1.708620323e-13,4.299718475e-13,2.727291392e-13,1.262722176e-12,1.098721912e-13,4.509804301e-13,2.060687844e-14
55.3125,3.702669288e-13,1.571770237e-13,9.311583871e-13,1.963439339e-13,3.294857842e-13,3.450513521e-13,9.425986891e-14,1.38528971e-13,1.223095115e-13,1.805309628e-13,3.260634941e-13,2.324089102e-13,3.772935084e-13,7.467724623e-13,3.429240266e-13,5.626675192e-13,6.998677687e-13,5.031022329e-13,2.006843968e-13,7.18073324e-14,6.830425589e-14,9.182243727e-14,9.007267865e-14,9.369744523e-14,1.304556043e-13,1.725769153e-13,4.325816257e-13,2.6767962e-13,1.273335425e-12,1.095571309e-13,4.517188397e-13,2.116817134e-14
55.3203125,3.631957629e-13,1.532723687e-13,9.330121206e-13,1.96295085e-13,3.257008477e-13,3.430083253e-13,9.517023598e-14,1.412553164e-13,1.223906987e-13,1.788013045e-13,3.285974037e-13,2.317139907e-13,3.772870392e-13,7.438769033e-13,3.404039777e-13,5.665474891e-13,7.010059825e-13,5.032935007e-13,1.995479735e-13,7.277922269e-14,6.788028403e-14,9.124674757e-14,9.094000068e-14,9.352131789e-14,1.317346175e-13,1.74210314e-13,4.348824135e-13,2.626635957e-13,1.283176995e-12,1.09216083e-13,4.521469928e-13,2.175736749e-14
55.328125,3.560876339e-13,1.493476491e-13,9.349293004e-13,1.962454173e-13,3.219899909e-13,3.409772093e-13,9.607184433e-14,1.439683652e-13,1.224720053e-13,1.770560511e-13,3.31204413e-13,2.310963179e-13,3.772254793e-13,7.410582046e-13,3.381335802e-13,5.707772739e-13,7.021612368e-13,5.035651328e-13,1.984612914e-13,7.377522823e-14,6.752642597e-14,9.066452094e-14,9.173631847e-14,9.326468638e-14,1.329751424e-13,1.758814022e-13,4.3719075e-13,2.57599125e-13,1.292632011e-12,1.089036056e-13,4.525320403e-13,2.237283697e-14
55.3359375,3.490945692e-13,1.454211707e-13,9.366661958e-13,1.961013926e-13,3.182874396e-13,3.388733023e-13,9.698709534e-14,1.466754086e-13,1.225411867e-13,1.752576243e-13,3.338818841e-13,2.304355749e-13,3.77009416e-13,7.381958391e-13,3.360098024e-13,5.752188876e-13,7.033144141e-13,5.03728132e-13,1.973702933e-13,7.482719562e-14,6.722108782e-14,9.005174243e-14,9.250765564e-14,9.306967963e-14,1.342194633e-13,1.775935438e-13,4.39329529e-13,2.525344657e-13,1.301431215e-12,1.08672743e-13,4.528917693e-13,2.299963621e-14
55.34375,3.424119304e-13,1.415854767e-13,9.376954417e-13,1.96262454e-13,3.144437382e-13,3.36713765e-13,9.786263204e-14,1.494165446e-13,1.225577036e-13,1.734259105e-13,3.363585e-13,2.296169703e-13,3.765946084e-13,7.35052739e-13,3.340515841e-13,5.797459847e-13,7.044295869e-13,5.038152174e-13,1.963472791e-13,7.596244754e-14,6.69093334e-14,8.939559676e-14,9.327796875e-14,9.295197039e-14,1.354259879e-13,1.79214161e-13,4.411191539e-13,2.476402905e-13,1.309356454e-12,1.084942767e-13,4.530867597e-13,2.363062818e-14
55.3515625,3.359674155e-13,1.379718013e-13,9.386157966e-13,1.966569884e-13,3.108305927e-13,3.346307767e-13,9.868950076e-14,1.522048099e-13,1.226089181e-13,1.716415492e-13,3.388807544e-13,2.28865379e-13,3.762413974e-13,7.3202741e-13,3.322148094e-13,5.842095927e-13,7.055535055e-13,5.041212255e-13,1.955105751e-13,7.708683657e-14,6.664987452e-14,8.878736493e-14,9.401732239e-14,9.281861518e-14,1.36595684e-13,1.807178141e-13,4.428191389e-13,2.429691389e-13,1.316874795e-12,1.083451598e-13,4.533316466e-13,2.426810554e-14
55.359375,3.294864864e-13,1.344572749e-13,9.396287553e-13,1.968168714e-13,3.074746182e-13,3.325327515e-13,9.953654649e-14,1.549936954e-13,1.227372136e-13,1.699293462e-13,3.415249828e-13,2.282017019e-13,3.759844806e-13,7.291396509e-13,3.303183031e-13,5.885605661e-13,7.065700245e-13,5.045049568e-13,1.946966333e-13,7.818638119e-14,6.645577007e-14,8.822862735e-14,9.475523744e-14,9.266752858e-14,1.377536353e-13,1.822276674e-13,4.444389535e-13,2.383376057e-13,1.324033546e-12,1.082291524e-13,4.535660802e-13,2.49245057e-14
55.3671875,3.22974782e-13,1.30970301e-13,9.401491059e-13,1.9695031e-13,3.038376e-13,3.302817281e-13,1.003839389e-13,1.577809455e-13,1.228151997e-13,1.682695071e-13,3.439785482e-13,2.274091971e-13,3.755219068e-13,7.258230393e-13,3.284439838e-13,5.929826158e-13,7.07376093e-13,5.046867787e-13,1.937983972e-13,7.940679903e-14,6.629659828e-14,8.759338893e-14,9.551220224e-14,9.248850084e-14,1.388462756e-13,1.837826759e-13,4.456555033e-13,2.337300961e-13,1.330333046e-12,1.081691483e-13,4.534446202e-13,2.559060705e-14
55.375,3.167015558e-13,1.276493445e-13,9.402854406e-13,1.973610592e-13,3.000519367e-13,3.280102146e-13,1.011705438e-13,1.605946106e-13,1.228296332e-13,1.666074797e-13,3.463660615e-13,2.265655296e-13,3.748275456e-13,7.222296003e-13,3.267640936e-13,5.974518105e-13,7.08141652e-13,5.048099341e-13,1.929957629e-13,8.073771532e-14,6.618014119e-14,8.689654251e-14,9.624206979e-14,9.228632448e-14,1.398696216e-13,1.852695933e-13,4.465122464e-13,2.293256688e-13,1.335717764e-12,1.081760208e-13,4.531671228e-13,2.624136946e-14
55.3828125,3.107082056e-13,1.244596274e-13,9.402260535e-13,1.977425065e-13,2.965094294e-13,3.258014989e-13,1.019251697e-13,1.633889634e-13,1.228787466e-13,1.648956761e-13,3.488260111e-13,2.257514988e-13,3.740723892e-13,7.187625914e-13,3.251892129e-13,6.017642045e-13,7.088881386e-13,5.049549369e-13,1.922923764e-13,8.200391257e-14,6.60805841e-14,8.623320135e-14,9.690219496e-14,9.213694547e-14,1.408641068e-13,1.866078339e-13,4.472483955e-13,2.250779989e-13,1.34039369e-12,1.082111569e-13,4.529719887e-13,2.687335459e-14
55.390625,3.047827536e-13,1.213152843e-13,9.395788296e-13,1.978924732e-13,2.928504751e-13,3.235694819e-13,1.026718909e-13,1.661417338e-13,1.229175072e-13,1.631990578e-13,3.510638241e-13,2.247892727e-13,3.732008065e-13,7.150470785e-13,3.236116253e-13,6.059357773e-13,7.093636482e-13,5.048832564e-13,1.915161164e-13,8.323731374e-14,6.599241575e-14,8.555917423e-14,9.746235636e-14,9.202823819e-14,1.417892374e-13,1.878118649e-13,4.477475296e-13,2.208470112e-13,1.344278269e-12,1.082543518e-13,4.525508806e-13,2.750046283e-14
55.3984375,2.987800616e-13,1.18224646e-13,9.383126416e-13,1.980168948e-13,2.889303198e-13,3.212873992e-13,1.033739462e-13,1.689290318e-13,1.229060005e-13,1.615624632e-13,3.530862058e-13,2.23688624e-13,3.721541793e-13,7.10813083e-13,3.220219571e-13,6.099765657e-13,7.094435127e-13,5.04497513e-13,1.907345675e-13,8.462089722e-14,6.595287922e-14,8.483720894e-14,9.793970772e-14,9.191461849e-14,1.426272054e-13,1.88915778e-13,4.47833627e-13,2.166407906e-13,1.347172586e-12,1.083287219e-13,4.517807097e-13,2.814612396e-14
55.40625,2.927680977e-13,1.151132877e-13,9.365964261e-13,1.982906777e-13,2.852195787e-13,3.188877463e-13,1.04008704e-13,1.717787137e-13,1.229270335e-13,1.599508093e-13,3.551120457e-13,2.226179793e-13,3.710675874e-13,7.064514923e-13,3.203956771e-13,6.138702984e-13,7.092254253e-13,5.039610615e-13,1.90069338e-13,8.609882707e-14,6.59580368e-14,8.412314376e-14,9.841582105e-14,9.182474842e-14,1.434235328e-13,1.89971067e-13,4.476820585e-13,2.12502646e-13,1.34904375e-12,1.084435273e-13,4.509008503e-13,2.882471832e-14
55.4140625,2.870481576e-13,1.12157598e-13,9.34390755e-13,1.986688395e-13,2.817480331e-13,3.163612131e-13,1.045800092e-13,1.746170052e-13,1.229985771e-13,1.584398555e-13,3.570597559e-13,2.21571484e-13,3.699912008e-13,7.0223525e-13,3.188049607e-13,6.177875088e-13,7.089621714e-13,5.034807015e-13,1.894785942e-13,8.750085221e-14,6.603012692e-14,8.342789301e-14,9.891132064e-14,9.173275835e-14,1.441836871e-13,1.910092451e-13,4.474938045e-13,2.086202357e-13,1.350074284e-12,1.08619237e-13,4.500158261e-13,2.951533437e-14
55.421875,2.817815864e-13,1.09611628e-13,9.318918204e-13,1.990133185e-13,2.782584565e-13,3.139382185e-13,1.051236079e-13,1.773809231e-13,1.230801947e-13,1.570571747e-13,3.58914654e-13,2.205043915e-13,3.68812595e-13,6.980654418e-13,3.17384552e-13,6.217485422e-13,7.087798677e-13,5.030866724e-13,1.889579632e-13,8.887665491e-14,6.618476208e-14,8.275038983e-14,9.93605839e-14,9.161115949e-14,1.449013513e-13,1.91997252e-13,4.471697296e-13,2.051450918e-13,1.350372845e-12,1.088757268e-13,4.49178796e-13,3.020242506e-14
55.4296875,2.765836479e-13,1.070620875e-13,9.290616044e-13,1.993707564e-13,2.747659077e-13,3.115890973e-13,1.056726584e-13,1.800730083e-13,1.231352117e-13,1.556045749e-13,3.607151602e-13,2.193765057e-13,3.674996477e-13,6.936970076e-13,3.161333235e-13,6.256159423e-13,7.083730946e-13,5.025326883e-13,1.88501532e-13,9.030397668e-14,6.632533895e-14,8.208604768e-14,9.971121844e-14,9.152874243e-14,1.455586291e-13,1.929066273e-13,4.466225156e-13,2.016942328e-13,1.349836852e-12,1.091622922e-13,4.483407081e-13,3.089415708e-14
55.4375,2.710964984e-13,1.041803207e-13,9.25355664e-13,1.998054478e-13,2.711240928e-13,3.089020112e-13,1.061626493e-13,1.827309688e-13,1.230751283e-13,1.540134777e-13,3.623165675e-13,2.180656452e-13,3.660685745e-13,6.887987235e-13,3.148939349e-13,6.29311584e-13,7.074928811e-13,5.015783716e-13,1.880124652e-13,9.174384196e-14,6.639479111e-14,8.134708439e-14,9.995626491e-14,9.149102596e-14,1.461002788e-13,1.93700953e-13,4.459230669e-13,1.979017824e-13,1.348414505e-12,1.094213232e-13,4.471768447e-13,3.157887293e-14
55.4453125,2.656370368e-13,1.015240216e-13,9.207767078e-13,2.001249124e-13,2.671771061e-13,3.058894214e-13,1.065292242e-13,1.853570426e-13,1.228846976e-13,1.524465634e-13,3.637990474e-13,2.165642824e-13,3.644196331e-13,6.832889541e-13,3.135296447e-13,6.326549558e-13,7.063322953e-13,5.002900988e-13,1.875235473e-13,9.327390692e-14,6.644733303e-14,8.051826458e-14,1.001428734e-13,9.144122161e-14,1.465450581e-13,1.943209144e-13,4.449448901e-13,1.941492493e-13,1.346000333e-12,1.096649696e-13,4.455876651e-13,3.225213541e-14
55.453125,2.606120591e-13,9.933490432e-14,9.1600648e-13,2.00324812e-13,2.632022756e-13,3.030583098e-13,1.068383223e-13,1.878939747e-13,1.226826227e-13,1.509919655e-13,3.653635071e-13,2.150285137e-13,3.625725453e-13,6.775436258e-13,3.121820602e-13,6.357348024e-13,7.050574915e-13,4.9894552e-13,1.871678133e-13,9.497705152e-14,6.654140805e-14,7.971610641e-14,1.003182264e-13,9.138524362e-14,1.469601064e-13,1.94852825e-13,4.435433521e-13,1.908849347e-13,1.342518111e-12,1.099596113e-13,4.4391001e-13,3.294613131e-14
55.4609375,2.55889763e-13,9.710165843e-14,9.112956959e-13,2.006007944e-13,2.593754833e-13,3.004914088e-13,1.07139667e-13,1.903160548e-13,1.225265433e-13,1.49660313e-13,3.669086187e-13,2.135561955e-13,3.607442881e-13,6.71900408e-13,3.110903321e-13,6.389817931e-13,7.036523923e-13,4.976975079e-13,1.869287774e-13,9.676493915e-14,6.672256592e-14,7.89647064e-14,1.004580398e-13,9.132959557e-14,1.473309443e-13,1.954731198e-13,4.420235665e-13,1.87974682e-13,1.338413852e-12,1.103824223e-13,4.423457307e-13,3.366534597e-14
55.46875,2.511998977e-13,9.479806865e-14,9.061511836e-13,2.008221938e-13,2.555437725e-13,2.977710453e-13,1.073997553e-13,1.926685548e-13,1.223680524e-13,1.483925175e-13,3.683201981e-13,2.120872296e-13,3.589278101e-13,6.662379543e-13,3.101633969e-13,6.423000456e-13,7.021681374e-13,4.963611092e-13,1.86712325e-13,9.860757479e-14,6.694228183e-14,7.81949554e-14,1.005569347e-13,9.127365212e-14,1.476395934e-13,1.961375034e-13,4.4062031e-13,1.851424014e-13,1.333988335e-12,1.108934581e-13,4.407098499e-13,3.437790354e-14
55.4765625,2.465392267e-13,9.280090305e-14,9.002295988e-13,2.008815096e-13,2.516873236e-13,2.948202733e-13,1.076566004e-13,1.949783384e-13,1.221644095e-13,1.470212555e-13,3.696192291e-13,2.105036574e-13,3.56949252e-13,6.603412008e-13,3.092680935e-13,6.453607449e-13,7.006768023e-13,4.947771178e-13,1.865052661e-13,1.004918885e-13,6.707569932e-14,7.740358896e-14,1.006523727e-13,9.122786707e-14,1.479221526e-13,1.966546658e-13,4.389951305e-13,1.822860465e-13,1.328695916e-12,1.113427326e-13,4.388158597e-13,3.50771027e-14
55.484375,2.419952478e-13,9.099771472e-14,8.939511023e-13,2.009405824e-13,2.478578752e-13,2.919153472e-13,1.079532402e-13,1.972164061e-13,1.218962891e-13,1.455968378e-13,3.707722041e-13,2.088094613e-13,3.548837624e-13,6.543009573e-13,3.085396309e-13,6.483214873e-13,6.991998991e-13,4.931739907e-13,1.863295461e-13,1.023211016e-13,6.716227503e-14,7.659114649e-14,1.007183988e-13,9.115591954e-14,1.481756842e-13,1.970118993e-13,4.369636626e-13,1.794365364e-13,1.322193063e-12,1.117426236e-13,4.367531198e-13,3.577301293e-14
55.4921875,2.376117397e-13,8.916592875e-14,8.877511333e-13,2.009852925e-13,2.440223262e-13,2.890392855e-13,1.082016186e-13,1.993662998e-13,1.215707545e-13,1.443422461e-13,3.71810357e-13,2.071168094e-13,3.528186787e-13,6.482548322e-13,3.079684217e-13,6.511393223e-13,6.976345242e-13,4.916883963e-13,1.862138334e-13,1.042233148e-13,6.733521151e-14,7.572920292e-14,1.007247407e-13,9.106546337e-14,1.483737393e-13,1.97323788e-13,4.348707191e-13,1.767513795e-13,1.314880583e-12,1.122599191e-13,4.346763465e-13,3.645691042e-14
55.5,2.334158356e-13,8.737906642e-14,8.813640682e-13,2.009178685e-13,2.40275338e-13,2.8604352e-13,1.083450009e-13,2.014387051e-13,1.212250413e-13,1.431683093e-13,3.728304385e-13,2.054375492e-13,3.506107388e-13,6.421158748e-13,3.073578631e-13,6.535111748e-13,6.957428639e-13,4.900682075e-13,1.862100541e-13,1.063262269e-13,6.758394221e-14,7.486051603e-14,1.006811484e-13,9.101626869e-14,1.485066254e-13,1.976110494e-13,4.328378839e-13,1.742696684e-13,1.306937072e-12,1.128948149e-13,4.325572859e-13,3.71180402e-14
55.5078125,2.293065657e-13,8.570430086e-14,8.744431062e-13,2.006992007e-13,2.366368352e-13,2.829899516e-13,1.084426981e-13,2.033945909e-13,1.208668765e-13,1.41871549e-13,3.738512102e-13,2.036951781e-13,3.481936703e-13,6.35695113e-13,3.066584276e-13,6.55564803e-13,6.93428183e-13,4.881566696e-13,1.863151018e-13,1.083360121e-13,6.784494171e-14,7.40306625e-14,1.005630208e-13,9.097308743e-14,1.485385465e-13,1.978273764e-13,4.305834752e-13,1.718389837e-13,1.298128916e-12,1.135238691e-13,4.30309148e-13,3.776184896e-14
55.515625,2.251283391e-13,8.412763532e-14,8.670272296e-13,2.003045646e-13,2.328888036e-13,2.798433336e-13,1.085175991e-13,2.051903698e-13,1.204612214e-13,1.405428282e-13,3.748447137e-13,2.018727351e-13,3.456467472e-13,6.289025457e-13,3.05875294e-13,6.573607496e-13,6.907827095e-13,4.860394294e-13,1.864409692e-13,1.10101685e-13,6.810080648e-14,7.319047717e-14,1.003950396e-13,9.091197218e-14,1.484651823e-13,1.979554301e-13,4.28022961e-13,1.694193078e-13,1.28840989e-12,1.14147709e-13,4.279264351e-13,3.839780807e-14
55.5234375,2.20988534e-13,8.261539748e-14,8.59217088e-13,1.999859751e-13,2.290545581e-13,2.765137653e-13,1.085498522e-13,2.069011656e-13,1.199972897e-13,1.392739497e-13,3.757216328e-13,1.999919897e-13,3.430220427e-13,6.21913203e-13,3.050673874e-13,6.587135103e-13,6.879066309e-13,4.838139619e-13,1.865411873e-13,1.119561389e-13,6.834775421e-14,7.230779794e-14,1.002532524e-13,9.090133036e-14,1.483560405e-13,1.980064653e-13,4.253067446e-13,1.670771068e-13,1.277967738e-12,1.148191893e-13,4.254189797e-13,3.903213337e-14
55.53125,2.170828149e-13,8.120515644e-14,8.511481872e-13,1.998698871e-13,2.253708404e-13,2.731521801e-13,1.085467045e-13,2.085684158e-13,1.195004564e-13,1.380070387e-13,3.764651413e-13,1.980743555e-13,3.403305748e-13,6.149425739e-13,3.043713423e-13,6.597496702e-13,6.848746615e-13,4.815269982e-13,1.866829272e-13,1.140444784e-13,6.862992202e-14,7.143052921e-14,1.000963631e-13,9.090771411e-14,1.482271775e-13,1.980234483e-13,4.224682843e-13,1.648640364e-13,1.26695573e-12,1.155486237e-13,4.228016434e-13,3.967311048e-14
55.5390625,2.132775735e-13,8.007471713e-14,8.42933973e-13,1.996011836e-13,2.217234467e-13,2.698366895e-13,1.085085383e-13,2.100552421e-13,1.189610565e-13,1.368057276e-13,3.77228249e-13,1.961190761e-13,3.375212249e-13,6.078532818e-13,3.037777836e-13,6.605941287e-13,6.817099285e-13,4.791201311e-13,1.869325087e-13,1.161729446e-13,6.899249195e-14,7.057226424e-14,9.98709979e-14,9.083266356e-14,1.480325868e-13,1.980542741e-13,4.194868249e-13,1.628872355e-13,1.255272935e-12,1.163737585e-13,4.200993112e-13,4.031599188e-14
55.546875,2.094136798e-13,7.914583624e-14,8.344475807e-13,1.991010313e-13,2.179302634e-13,2.664837258e-13,1.084452684e-13,2.113229374e-13,1.183455471e-13,1.357154279e-13,3.779773527e-13,1.940815548e-13,3.345934443e-13,6.005234327e-13,3.033129764e-13,6.612492076e-13,6.785020491e-13,4.766099621e-13,1.872707359e-13,1.182780884e-13,6.940722524e-14,6.969476793e-14,9.96403755e-14,9.069860726e-14,1.478076051e-13,1.980724253e-13,4.164643715e-13,1.611175593e-13,1.24273977e-12,1.172950648e-13,4.173127988e-13,4.093884906e-14
55.5546875,2.056878772e-13,7.809953484e-14,8.256681827e-13,1.985677708e-13,2.141890792e-13,2.631695492e-13,1.083651633e-13,2.125077994e-13,1.176802915e-13,1.345958479e-13,3.78533579e-13,1.919756726e-13,3.316681793e-13,5.931656276e-13,3.030979798e-13,6.618571444e-13,6.753833504e-13,4.741754692e-13,1.876615043e-13,1.204246741e-13,6.981544338e-14,6.880284315e-14,9.93952532e-14,9.056062788e-14,1.475931532e-13,1.980262565e-13,4.134692614e-13,1.593603357e-13,1.229548534e-12,1.182286739e-13,4.144065065e-13,4.154549593e-14
55.5625,2.022444995e-13,7.704155469e-14,8.168168028e-13,1.97884803e-13,2.105951016e-13,2.599630816e-13,1.082241267e-13,2.135889672e-13,1.169973608e-13,1.334237082e-13,3.790273572e-13,1.898740145e-13,3.2870032e-13,5.857808047e-13,3.029662706e-13,6.622658361e-13,6.721511101e-13,4.717225525e-13,1.880897411e-13,1.226181148e-13,7.017871081e-14,6.792281223e-14,9.904637165e-14,9.040837381e-14,1.472982186e-13,1.979499228e-13,4.103658664e-13,1.576679652e-13,1.215961044e-12,1.191625323e-13,4.112827836e-13,4.216445363e-14
55.5703125,1.989171573e-13,7.62603851e-14,8.07861817e-13,1.970855116e-13,2.069771239e-13,2.56750828e-13,1.080339927e-13,2.144746173e-13,1.162738928e-13,1.323174692e-13,3.795833548e-13,1.877568223e-13,3.255173115e-13,5.781672925e-13,3.027259172e-13,6.622227736e-13,6.685389374e-13,4.689920799e-13,1.885426401e-13,1.248272744e-13,7.053778302e-14,6.704747764e-14,9.863573735e-14,9.021883703e-14,1.468705301e-13,1.97875528e-13,4.070592766e-13,1.562017559e-13,1.20184471e-12,1.201640328e-13,4.079437376e-13,4.279890283e-14
55.578125,1.956103537e-13,7.561827891e-14,7.985670686e-13,1.963785705e-13,2.033979072e-13,2.534776659e-13,1.0786289e-13,2.1526192e-13,1.155233221e-13,1.312488928e-13,3.799648137e-13,1.855729837e-13,3.222332536e-13,5.704746526e-13,3.024994196e-13,6.619052008e-13,6.647077751e-13,4.661052961e-13,1.890484754e-13,1.270484485e-13,7.097630304e-14,6.618000686e-14,9.825560042e-14,9.000055167e-14,1.464073506e-13,1.977499065e-13,4.037390447e-13,1.548291302e-13,1.187150035e-12,1.212233683e-13,4.046172609e-13,4.344002567e-14
55.5859375,1.92414895e-13,7.500335428e-14,7.890075209e-13,1.955950131e-13,1.999476013e-13,2.501960634e-13,1.076567771e-13,2.159836717e-13,1.147660191e-13,1.301581863e-13,3.801113904e-13,1.833582255e-13,3.190795049e-13,5.628648255e-13,3.02324349e-13,6.612965859e-13,6.60776469e-13,4.632494e-13,1.89645716e-13,1.293724159e-13,7.147928618e-14,6.533102008e-14,9.787726409e-14,8.98012615e-14,1.459433997e-13,1.97579336e-13,4.005502269e-13,1.534614582e-13,1.172135516e-12,1.223037958e-13,4.013901045e-13,4.408624312e-14
55.59375,1.89314997e-13,7.456031506e-14,7.793953123e-13,1.946459413e-13,1.963825093e-13,2.469244391e-13,1.073492905e-13,2.1652053e-13,1.139312909e-13,1.291114439e-13,3.802968415e-13,1.811221054e-13,3.159698562e-13,5.551402211e-13,3.021106976e-13,6.601440238e-13,6.565912686e-13,4.603030964e-13,1.902722379e-13,1.318357743e-13,7.199066568e-14,6.446761358e-14,9.743401295e-14,8.961186078e-14,1.454170007e-13,1.974430538e-13,3.973219545e-13,1.522339307e-13,1.15679318e-12,1.234346302e-13,3.980307907e-13,4.472570337e-14
55.6015625,1.862233223e-13,7.417317512e-14,7.695776606e-13,1.937226348e-13,1.926515427e-13,2.436338171e-13,1.070268059e-13,2.169118697e-13,1.130011796e-13,1.28106878e-13,3.805322855e-13,1.788155881e-13,3.127089421e-13,5.471997083e-13,3.019429388e-13,6.587568791e-13,6.522268484e-13,4.572071608e-13,1.908534747e-13,1.342762043e-13,7.250835077e-14,6.357558151e-14,9.693435999e-14,8.934531772e-14,1.44855297e-13,1.973210623e-13,3.939394995e-13,1.510946055e-13,1.140862338e-12,1.24602012e-13,3.944195039e-13,4.536567024e-14
55.609375,1.832840309e-13,7.368228333e-14,7.593125717e-13,1.927777385e-13,1.891030291e-13,2.403429125e-13,1.06727365e-13,2.172649383e-13,1.120835008e-13,1.270751604e-13,3.805672121e-13,1.764615181e-13,3.093587004e-13,5.392327637e-13,3.018896911e-13,6.575020681e-13,6.478562255e-13,4.540806384e-13,1.914623165e-13,1.366206336e-13,7.301181451e-14,6.270856092e-14,9.642491256e-14,8.903422557e-14,1.44302226e-13,1.971561577e-13,3.905169771e-13,1.499441766e-13,1.124265934e-12,1.257489153e-13,3.906775467e-13,4.602695447e-14
55.6171875,1.806769825e-13,7.330617133e-14,7.487556566e-13,1.917315525e-13,1.858288284e-13,2.37108651e-13,1.063625925e-13,2.175155334e-13,1.112074066e-13,1.260637602e-13,3.804099476e-13,1.741048745e-13,3.060236386e-13,5.313438503e-13,3.018696103e-13,6.560873951e-13,6.43370606e-13,4.509422257e-13,1.921940008e-13,1.389983616e-13,7.350062909e-14,6.188937885e-14,9.591406619e-14,8.878307894e-14,1.436947337e-13,1.96989656e-13,3.870646846e-13,1.489468593e-13,1.106977384e-12,1.269216784e-13,3.86870521e-13,4.668752832e-14
55.625,1.781999442e-13,7.31678306e-14,7.380920142e-13,1.906707482e-13,1.825399567e-13,2.338184996e-13,1.059143349e-13,2.175999322e-13,1.102873442e-13,1.251332384e-13,3.802532805e-13,1.717029442e-13,3.025794393e-13,5.233656718e-13,3.017879114e-13,6.542171204e-13,6.386363248e-13,4.476978583e-13,1.930103073e-13,1.414097823e-13,7.401616671e-14,6.107307914e-14,9.537699208e-14,8.853606343e-14,1.42992678e-13,1.968716404e-13,3.835520413e-13,1.481374335e-13,1.089051569e-12,1.281862607e-13,3.829656749e-13,4.733161324e-14
55.6328125,1.756323862e-13,7.305235295e-14,7.272480276e-13,1.895034278e-13,1.791421629e-13,2.303486975e-13,1.054168936e-13,2.175530814e-13,1.093007539e-13,1.242549295e-13,3.801009223e-13,1.692390665e-13,2.989343847e-13,5.15152247e-13,3.015979558e-13,6.521131037e-13,6.337765106e-13,4.443303434e-13,1.938464725e-13,1.437101286e-13,7.453787247e-14,6.02524716e-14,9.481250807e-14,8.822222221e-14,1.422453856e-13,1.96807741e-13,3.801513933e-13,1.4732239e-13,1.070937827e-12,1.294965337e-13,3.789557372e-13,4.798741285e-14
55.640625,1.731924191e-13,7.289935471e-14,7.163797901e-13,1.881229182e-13,1.75833945e-13,2.268980883e-13,1.048718739e-13,2.173721057e-13,1.083053526e-13,1.23423729e-13,3.799074255e-13,1.66811029e-13,2.952148255e-13,5.069217494e-13,3.013789258e-13,6.50024404e-13,6.290541001e-13,4.410245822e-13,1.946848199e-13,1.458842082e-13,7.507877799e-14,5.947282223e-14,9.423492814e-14,8.788655101e-14,1.414974132e-13,1.967943542e-13,3.769243141e-13,1.465634942e-13,1.052932792e-12,1.308262143e-13,3.749323053e-13,4.865453351e-14
55.6484375,1.710228467e-13,7.289161883e-14,7.05784994e-13,1.86699054e-13,1.727011772e-13,2.235827964e-13,1.043161667e-13,2.170501863e-13,1.073391607e-13,1.226496935e-13,3.797672698e-13,1.644838282e-13,2.915031266e-13,4.989565716e-13,3.012552389e-13,6.47888642e-13,6.245391328e-13,4.379705991e-13,1.954981925e-13,1.480763799e-13,7.570932517e-14,5.873816697e-14,9.364928304e-14,8.749915496e-14,1.407622444e-13,1.967914579e-13,3.736794656e-13,1.460617951e-13,1.03469726e-12,1.322234742e-13,3.710548804e-13,4.932094458e-14
55.65625,1.688863601e-13,7.301733048e-14,6.952469777e-13,1.85366651e-13,1.695937291e-13,2.201918004e-13,1.037712534e-13,2.166347021e-13,1.063873718e-13,1.218801314e-13,3.795977779e-13,1.621719988e-13,2.877762427e-13,4.910878429e-13,3.012013147e-13,6.456310416e-13,6.20028906e-13,4.350352023e-13,1.962571058e-13,1.504420009e-13,7.636218937e-14,5.801100588e-14,9.308586736e-14,8.70150004e-14,1.400383766e-13,1.967801561e-13,3.703851217e-13,1.456833889e-13,1.016060816e-12,1.33657574e-13,3.672733472e-13,5.001965677e-14
55.6640625,1.667165092e-13,7.308964863e-14,6.843130566e-13,1.839585979e-13,1.663518554e-13,2.167319745e-13,1.031903147e-13,2.161249089e-13,1.053958241e-13,1.210705339e-13,3.791245994e-13,1.597446693e-13,2.840346874e-13,4.829592954e-13,3.011036208e-13,6.432364379e-13,6.153921069e-13,4.319681484e-13,1.969447683e-13,1.52978114e-13,7.694767371e-14,5.727168204e-14,9.258396438e-14,8.652789846e-14,1.393122957e-13,1.968155209e-13,3.671776491e-13,1.451894232e-13,9.973408659e-13,1.35063475e-13,3.63309345e-13,5.076083976e-14
55.671875,1.64707684e-13,7.316052544e-14,6.730672382e-13,1.823324455e-13,1.630358081e-13,2.133710207e-13,1.025737911e-13,2.154682754e-13,1.043302158e-13,1.202516822e-13,3.78468513e-13,1.572199582e-13,2.802362782e-13,4.746065164e-13,3.009098295e-13,6.404779682e-13,6.10620041e-13,4.288382677e-13,1.976069849e-13,1.554930106e-13,7.753930716e-14,5.652347803e-14,9.21246231e-14,8.607243822e-14,1.385698372e-13,1.969104635e-13,3.640292355e-13,1.446765246e-13,9.785497286e-13,1.365075778e-13,3.591616664e-13,5.150329197e-14
55.6796875,1.628712305e-13,7.341102926e-14,6.620558903e-13,1.806679558e-13,1.59888828e-13,2.100136515e-13,1.019700528e-13,2.146623484e-13,1.032311075e-13,1.194923151e-13,3.780417123e-13,1.547725177e-13,2.763811841e-13,4.663612917e-13,3.006923726e-13,6.37243692e-13,6.056635501e-13,4.258659137e-13,1.983814235e-13,1.578344998e-13,7.819579991e-14,5.578887858e-14,9.165368906e-14,8.556907125e-14,1.377968321e-13,1.970148366e-13,3.608700955e-13,1.443453871e-13,9.595457878e-13,1.380740423e-13,3.55158603e-13,5.222044089e-14
55.6875,1.610292489e-13,7.376908665e-14,6.514260972e-13,1.79073347e-13,1.569716514e-13,2.065854867e-13,1.013769184e-13,2.137337935e-13,1.021512206e-13,1.187999797e-13,3.777620046e-13,1.524451148e-13,2.725799452e-13,4.583026094e-13,3.005543731e-13,6.338733196e-13,6.006375543e-13,4.229964456e-13,1.992790855e-13,1.60050336e-13,7.88842887e-14,5.509063043e-14,9.116996089e-14,8.501942611e-14,1.37012701e-13,1.97116718e-13,3.577412068e-13,1.441215793e-13,9.405339273e-13,1.396814522e-13,3.513439312e-13,5.291479418e-14
55.6953125,1.591430464e-13,7.408298176e-14,6.406469784e-13,1.773795598e-13,1.540608412e-13,2.031443387e-13,1.007618768e-13,2.126828041e-13,1.01068652e-13,1.180899032e-13,3.77216526e-13,1.500473249e-13,2.688196453e-13,4.502195011e-13,3.004422528e-13,6.305830094e-13,5.957694658e-13,4.200630679e-13,2.001186279e-13,1.622718363e-13,7.96075063e-14,5.441266321e-14,9.072617524e-14,8.446083788e-14,1.362732428e-13,1.972366016e-13,3.546330833e-13,1.438419191e-13,9.214978036e-13,1.412156605e-13,3.47437575e-13,5.360206294e-14
55.703125,1.574229248e-13,7.43760766e-14,6.295912966e-13,1.756188997e-13,1.510877877e-13,1.99688058e-13,1.001067651e-13,2.115061529e-13,9.993486581e-14,1.17356076e-13,3.764568403e-13,1.475305096e-13,2.650401544e-13,4.421580684e-13,3.002926315e-13,6.272284007e-13,5.910742575e-13,4.171944733e-13,2.008411266e-13,1.645159021e-13,8.039207479e-14,5.373602131e-14,9.031598704e-14,8.386741943e-14,1.355761305e-13,1.974004495e-13,3.515317825e-13,1.435332427e-13,9.022395546e-13,1.427337589e-13,3.434227622e-13,5.429492137e-14
55.7109375,1.559640718e-13,7.470526086e-14,6.189472477e-13,1.738901203e-13,1.482349323e-13,1.962963243e-13,9.942533558e-14,2.101697369e-13,9.875847342e-14,1.167179894e-13,3.758189354e-13,1.450910118e-13,2.613104173e-13,4.343656309e-13,3.001664106e-13,6.23735455e-13,5.864732899e-13,4.145593673e-13,2.015450954e-13,1.666690048e-13,8.12474051e-14,5.308034383e-14,8.986555109e-14,8.321710335e-14,1.348636928e-13,1.976324247e-13,3.485358e-13,1.433002249e-13,8.829833221e-13,1.443492491e-13,3.395107295e-13,5.498433164e-14
55.71875,1.545147747e-13,7.512890746e-14,6.088671928e-13,1.719939543e-13,1.455454622e-13,1.930157358e-13,9.875549131e-14,2.086209692e-13,9.758284591e-14,1.161688426e-13,3.753067642e-13,1.427844015e-13,2.576112735e-13,4.267528861e-13,3.000428484e-13,6.200843155e-13,5.819404371e-13,4.120165996e-13,2.022695724e-13,1.687115788e-13,8.214928863e-14,5.246460931e-14,8.939674228e-14,8.250152111e-14,1.341295968e-13,1.979201157e-13,3.457086195e-13,1.431890212e-13,8.638814853e-13,1.460383415e-13,3.357172739e-13,5.567611434e-14
55.7265625,1.529940594e-13,7.569196133e-14,5.988105457e-13,1.699777794e-13,1.429566107e-13,1.897368944e-13,9.809554296e-14,2.069389321e-13,9.643619325e-14,1.155900772e-13,3.747754134e-13,1.405136469e-13,2.538939411e-13,4.192308991e-13,2.998976575e-13,6.162880329e-13,5.774248394e-13,4.095079083e-13,2.030265329e-13,1.707648511e-13,8.305118451e-14,5.189419378e-14,8.900149179e-14,8.173301392e-14,1.333950408e-13,1.98252866e-13,3.430161239e-13,1.431800657e-13,8.448835748e-13,1.477348082e-13,3.320147555e-13,5.640065218e-14
55.734375,1.516378019e-13,7.631060668e-14,5.88857093e-13,1.681390728e-13,1.404870722e-13,1.865154259e-13,9.742541129e-14,2.052598743e-13,9.531192768e-14,1.150257046e-13,3.742856012e-13,1.382872662e-13,2.502713995e-13,4.120197228e-13,2.99801996e-13,6.124926096e-13,5.728756846e-13,4.07175248e-13,2.037827011e-13,1.728416912e-13,8.398664313e-14,5.13664439e-14,8.864110927e-14,8.096092628e-14,1.326447753e-13,1.986340594e-13,3.404232937e-13,1.431840224e-13,8.262560393e-13,1.494508597e-13,3.284626375e-13,5.714702199e-14
55.7421875,1.504422587e-13,7.69180383e-14,5.793130308e-13,1.663886625e-13,1.380924022e-13,1.834449618e-13,9.676715687e-14,2.035348559e-13,9.416374988e-14,1.145508695e-13,3.738649066e-13,1.361032504e-13,2.467616357e-13,4.050616146e-13,2.997217676e-13,6.087035143e-13,5.683072348e-13,4.049429463e-13,2.044453263e-13,1.748513217e-13,8.498863151e-14,5.085243674e-14,8.823974706e-14,8.018237907e-14,1.318903377e-13,1.990316038e-13,3.379333138e-13,1.431414156e-13,8.079874821e-13,1.51177097e-13,3.249544386e-13,5.78729307e-14
55.75,1.493193038e-13,7.747617815e-14,5.698546407e-13,1.646027658e-13,1.357609593e-13,1.803868316e-13,9.61218687e-14,2.016515583e-13,9.297269068e-14,1.140694509e-13,3.733366309e-13,1.338983997e-13,2.432850915e-13,3.981564891e-13,2.996836811e-13,6.049114519e-13,5.6390893e-13,4.027945603e-13,2.050918553e-13,1.767466986e-13,8.597000554e-14,5.034705822e-14,8.786307577e-14,7.935253837e-14,1.31203905e-13,1.994611265e-13,3.355829642e-13,1.430719302e-13,7.896334343e-13,1.528847085e-13,3.214061417e-13,5.858075828e-14
55.7578125,1.484003513e-13,7.79540682e-14,5.603599518e-13,1.628861044e-13,1.335987025e-13,1.772837466e-13,9.546841683e-14,1.996334419e-13,9.178838119e-14,1.135666684e-13,3.72655294e-13,1.31718411e-13,2.398803997e-13,3.914870644e-13,2.99799418e-13,6.012289416e-13,5.598522262e-13,4.009661057e-13,2.058268535e-13,1.785320249e-13,8.692908395e-14,4.988797106e-14,8.757270023e-14,7.847924564e-14,1.306199061e-13,2.000128068e-13,3.333733036e-13,1.43036025e-13,7.712744191e-13,1.546461779e-13,3.179931246e-13,5.930947952e-14
55.765625,1.47601986e-13,7.861467536e-14,5.511488118e-13,1.611182684e-13,1.315096672e-13,1.742287764e-13,9.484039394e-14,1.97506897e-13,9.063112306e-14,1.131717729e-13,3.72027457e-13,1.296022325e-13,2.365154469e-13,3.850940989e-13,2.99898741e-13,5.974683557e-13,5.558695148e-13,3.993341521e-13,2.064890247e-13,1.803639954e-13,8.797662964e-14,4.947054237e-14,8.732238157e-14,7.758414845e-14,1.300683752e-13,2.006877106e-13,3.312756777e-13,1.431532581e-13,7.531978451e-13,1.565123984e-13,3.147624392e-13,6.007145097e-14
55.7734375,1.467413464e-13,7.961656215e-14,5.422319456e-13,1.591483144e-13,1.293440909e-13,1.712414059e-13,9.424909384e-14,1.95263292e-13,8.947315636e-14,1.128472469e-13,3.71539227e-13,1.274973444e-13,2.331223227e-13,3.787792281e-13,2.998462291e-13,5.934636627e-13,5.516786669e-13,3.976214394e-13,2.0696925e-13,1.823294064e-13,8.907141051e-14,4.906800672e-14,8.707093783e-14,7.66644992e-14,1.294668533e-13,2.014036896e-13,3.293280127e-13,1.43406501e-13,7.353009939e-13,1.583894722e-13,3.115666319e-13,6.083660787e-14
55.78125,1.459893874e-13,8.053417514e-14,5.335886441e-13,1.570465585e-13,1.272933934e-13,1.683682831e-13,9.36474505e-14,1.929450755e-13,8.832982309e-14,1.124663569e-13,3.710992937e-13,1.254406031e-13,2.298268947e-13,3.727288085e-13,2.998257958e-13,5.894949645e-13,5.475247033e-13,3.960517239e-13,2.074121279e-13,1.841055615e-13,9.014422322e-14,4.870899632e-14,8.679930262e-14,7.570975658e-14,1.288402627e-13,2.021398456e-13,3.275124095e-13,1.435607527e-13,7.177217015e-13,1.602236897e-13,3.084664862e-13,6.158134648e-14
55.7890625,1.454550278e-13,8.117295864e-14,5.25422202e-13,1.548546646e-13,1.255233179e-13,1.656386027e-13,9.304725465e-14,1.905642286e-13,8.721568312e-14,1.120736938e-13,3.70744716e-13,1.235022056e-13,2.266882208e-13,3.671273404e-13,2.99866535e-13,5.856352391e-13,5.436126234e-13,3.948510154e-13,2.078740319e-13,1.855731802e-13,9.129194813e-14,4.840993721e-14,8.651734918e-14,7.471578325e-14,1.282670511e-13,2.029174762e-13,3.257206314e-13,1.435868767e-13,7.007124715e-13,1.620883946e-13,3.056007962e-13,6.232917865e-14
55.796875,1.449444686e-13,8.184958395e-14,5.175960115e-13,1.526951377e-13,1.238519603e-13,1.629255278e-13,9.24755222e-14,1.881268157e-13,8.610218127e-14,1.117373583e-13,3.704743456e-13,1.216246894e-13,2.23585148e-13,3.61717001e-13,2.998757701e-13,5.816843812e-13,5.397798745e-13,3.938520774e-13,2.082640126e-13,1.871613221e-13,9.253904496e-14,4.812887341e-14,8.629974246e-14,7.374546062e-14,1.277452869e-13,2.037621732e-13,3.239727789e-13,1.436734917e-13,6.840301354e-13,1.640224468e-13,3.028992701e-13,6.309816598e-14
55.8046875,1.443751026e-13,8.256513444e-14,5.097609668e-13,1.507249632e-13,1.22112895e-13,1.601661151e-13,9.187805595e-14,1.856474346e-13,8.498505191e-14,1.114362299e-13,3.700426828e-13,1.19725219e-13,2.204968558e-13,3.563130096e-13,2.999028611e-13,5.776995322e-13,5.359319896e-13,3.929391979e-13,2.085449571e-13,1.88891496e-13,9.377992883e-14,4.784144167e-14,8.615843838e-14,7.282490642e-14,1.272224194e-13,2.047002093e-13,3.222853323e-13,1.438391796e-13,6.674136085e-13,1.660065805e-13,3.00225472e-13,6.384685387e-14
55.8125,1.438162311e-13,8.32669302e-14,5.019166082e-13,1.488238945e-13,1.203457859e-13,1.574282972e-13,9.124229893e-14,1.830013095e-13,8.384386304e-14,1.111768525e-13,3.694149341e-13,1.17788626e-13,2.174909338e-13,3.509664044e-13,2.998600427e-13,5.736814514e-13,5.320559439e-13,3.921208354e-13,2.087321942e-13,1.903606663e-13,9.500943175e-14,4.755908149e-14,8.602421066e-14,7.180005385e-14,1.267183633e-13,2.056946303e-13,3.20554313e-13,1.440769497e-13,6.50844585e-13,1.68023037e-13,2.975050185e-13,6.454506343e-14
55.8203125,1.432997405e-13,8.415376744e-14,4.943039054e-13,1.468195125e-13,1.186672288e-13,1.547264424e-13,9.064474842e-14,1.801569386e-13,8.264844146e-14,1.109429513e-13,3.688610195e-13,1.158528948e-13,2.145939223e-13,3.457435484e-13,2.996619106e-13,5.69534633e-13,5.281596161e-13,3.914328023e-13,2.088505307e-13,1.917148635e-13,9.627788795e-14,4.729236397e-14,8.590615401e-14,7.06176965e-14,1.262999148e-13,2.06698491e-13,3.188853408e-13,1.443634198e-13,6.344011488e-13,1.700123581e-13,2.947974561e-13,6.524154612e-14
55.828125,1.428394562e-13,8.499117599e-14,4.870784213e-13,1.4465316e-13,1.171855637e-13,1.520627578e-13,9.010152314e-14,1.77387499e-13,8.149523666e-14,1.106790706e-13,3.683884345e-13,1.139932561e-13,2.118053358e-13,3.407664407e-13,2.994639402e-13,5.654668745e-13,5.243965187e-13,3.910055508e-13,2.088752018e-13,1.931589518e-13,9.758409514e-14,4.705540184e-14,8.58334862e-14,6.949840259e-14,1.259582453e-13,2.077408375e-13,3.174160273e-13,1.44459792e-13,6.184092592e-13,1.719421579e-13,2.922956949e-13,6.598947892e-14
55.8359375,1.424364005e-13,8.551489494e-14,4.80215173e-13,1.423201381e-13,1.158408879e-13,1.494755547e-13,8.956146832e-14,1.747878838e-13,8.04669077e-14,1.104041787e-13,3.678324696e-13,1.122190195e-13,2.0908594e-13,3.360494718e-13,2.992923143e-13,5.616125577e-13,5.208028752e-13,3.90835731e-13,2.087354265e-13,1.943418563e-13,9.893426947e-14,4.685604727e-14,8.576351293e-14,6.85125165e-14,1.256297529e-13,2.088393758e-13,3.159176944e-13,1.44339661e-13,6.029523923e-13,1.738876263e-13,2.900040719e-13,6.676600422e-14
55.84375,1.420984035e-13,8.603793791e-14,4.736625181e-13,1.400173795e-13,1.14485618e-13,1.469386103e-13,8.901992863e-14,1.721023153e-13,7.944021659e-14,1.101401297e-13,3.673059641e-13,1.104775488e-13,2.064626915e-13,3.314740771e-13,2.990749505e-13,5.578410846e-13,5.172904531e-13,3.90845817e-13,2.084791894e-13,1.952503982e-13,1.003180858e-13,4.667168736e-14,8.571767673e-14,6.74654798e-14,1.253257752e-13,2.099821063e-13,3.143146532e-13,1.4423288e-13,5.876932975e-13,1.758840197e-13,2.877562307e-13,6.752961244e-14
55.8515625,1.418402233e-13,8.66613747e-14,4.675154879e-13,1.378972412e-13,1.131840734e-13,1.444117117e-13,8.850510525e-14,1.692638972e-13,7.833145041e-14,1.098985805e-13,3.669176354e-13,1.088051717e-13,2.040385893e-13,3.271196899e-13,2.989127977e-13,5.541673443e-13,5.139561718e-13,3.911438161e-13,2.082109844e-13,1.963091194e-13,1.01710784e-13,4.648375171e-14,8.576571937e-14,6.632400043e-14,1.251048662e-13,2.112173141e-13,3.129730297e-13,1.441372749e-13,5.727960135e-13,1.778849745e-13,2.856477014e-13,6.830322152e-14
55.859375,1.416120093e-13,8.722676673e-14,4.617395687e-13,1.357907714e-13,1.12002957e-13,1.419167561e-13,8.801458417e-14,1.664245071e-13,7.72496358e-14,1.097549742e-13,3.665342943e-13,1.072261474e-13,2.017454748e-13,3.2305916e-13,2.987906228e-13,5.506859992e-13,5.108476022e-13,3.916780782e-13,2.078820783e-13,1.974567952e-13,1.031413995e-13,4.631545491e-14,8.5875843e-14,6.521043066e-14,1.249442005e-13,2.125905055e-13,3.119604694e-13,1.440631649e-13,5.586287535e-13,1.799132188e-13,2.83812149e-13,6.91353121e-14
55.8671875,1.413658016e-13,8.787453641e-14,4.560793456e-13,1.335691006e-13,1.107917913e-13,1.394588455e-13,8.752446716e-14,1.635578397e-13,7.621975422e-14,1.096693186e-13,3.660714202e-13,1.056241454e-13,1.994393392e-13,3.1908754e-13,2.985382843e-13,5.47379862e-13,5.077880908e-13,3.922189472e-13,2.073898783e-13,1.984069404e-13,1.046195456e-13,4.618460754e-14,8.600518727e-14,6.410066132e-14,1.247943996e-13,2.14058884e-13,3.108809791e-13,1.440908053e-13,5.447895023e-13,1.819933465e-13,2.820404251e-13,7.002455906e-14
55.875,1.41169101e-13,8.853270576e-14,4.506047072e-13,1.312924063e-13,1.096008981e-13,1.370435894e-13,8.703472217e-14,1.605967214e-13,7.515161614e-14,1.094983744e-13,3.65561636e-13,1.03990604e-13,1.972078952e-13,3.151936813e-13,2.981848959e-13,5.44249391e-13,5.047562535e-13,3.929296698e-13,2.067568652e-13,1.992095255e-13,1.061194468e-13,4.606970251e-14,8.618212462e-14,6.293794637e-14,1.246853487e-13,2.155473453e-13,3.096003488e-13,1.439828163e-13,5.309290572e-13,1.840449498e-13,2.802786089e-13,7.093392812e-14
55.8828125,1.411467785e-13,8.900937585e-14,4.455795064e-13,1.290172724e-13,1.086765817e-13,1.347319268e-13,8.65795697e-14,1.576450417e-13,7.408773218e-14,1.092761238e-13,3.650701154e-13,1.0247579e-13,1.951778731e-13,3.116363927e-13,2.978856083e-13,5.413064058e-13,5.01928312e-13,3.940804782e-13,2.060842497e-13,1.998898939e-13,1.076594567e-13,4.597295267e-14,8.640042561e-14,6.17746975e-14,1.246402102e-13,2.17020421e-13,3.083828047e-13,1.436915217e-13,5.174155529e-13,1.86036915e-13,2.788132325e-13,7.183150941e-14
55.890625,1.412851663e-13,8.956973063e-14,4.407637917e-13,1.268355467e-13,1.078783682e-13,1.324843386e-13,8.616130301e-14,1.547733844e-13,7.310309555e-14,1.090747225e-13,3.646386038e-13,1.010337111e-13,1.932410204e-13,3.082989353e-13,2.976435915e-13,5.385149885e-13,4.992815297e-13,3.954427548e-13,2.053976727e-13,2.003755826e-13,1.092293059e-13,4.591766622e-14,8.664029503e-14,6.062674667e-14,1.24619308e-13,2.185127334e-13,3.073483691e-13,1.434978919e-13,5.043794854e-13,1.88016468e-13,2.775586706e-13,7.27064233e-14
55.8984375,1.414068993e-13,9.021318663e-14,4.358895855e-13,1.248208385e-13,1.069210779e-13,1.301602641e-13,8.573860135e-14,1.519205444e-13,7.211157598e-14,1.088295352e-13,3.641218179e-13,9.949435233e-14,1.912856006e-13,3.048553422e-13,2.973664691e-13,5.358934028e-13,4.966615499e-13,3.967720827e-13,2.045922086e-13,2.008052408e-13,1.107909716e-13,4.58677718e-14,8.694500639e-14,5.94510658e-14,1.246270855e-13,2.200949664e-13,3.063530324e-13,1.432436073e-13,4.915575911e-13,1.899712973e-13,2.761337849e-13,7.358753592e-14
55.90625,1.415003058e-13,9.059004878e-14,4.31347374e-13,1.22918723e-13,1.05976599e-13,1.278023665e-13,8.533192815e-14,1.490436477e-13,7.104880069e-14,1.085800837e-13,3.634434513e-13,9.796070611e-14,1.894262622e-13,3.015115828e-13,2.971210303e-13,5.33582751e-13,4.942162258e-13,3.983193768e-13,2.036282326e-13,2.013215748e-13,1.124057296e-13,4.579098771e-14,8.732862494e-14,5.825783428e-14,1.24714096e-13,2.21791717e-13,3.053968463e-13,1.427465145e-13,4.790169727e-13,1.919186146e-13,2.746596038e-13,7.45084372e-14
55.9140625,1.418055521e-13,9.097404829e-14,4.27490146e-13,1.210279078e-13,1.053243968e-13,1.255945899e-13,8.499875356e-14,1.461799652e-13,7.002386855e-14,1.084417342e-13,3.62891089e-13,9.664376338e-14,1.878221229e-13,2.987286931e-13,2.970563593e-13,5.316289516e-13,4.921912452e-13,4.003339408e-13,2.026368926e-13,2.018523786e-13,1.141180022e-13,4.574244175e-14,8.774292069e-14,5.709010747e-14,1.248701215e-13,2.235672942e-13,3.046394322e-13,1.424193802e-13,4.669727583e-13,1.939579992e-13,2.735268719e-13,7.544637775e-14
55.921875,1.42400643e-13,9.170716854e-14,4.241259398e-13,1.190067132e-13,1.049238408e-13,1.235761376e-13,8.470521519e-14,1.433715918e-13,6.913501925e-14,1.083692082e-13,3.625935459e-13,9.551077405e-14,1.864786804e-13,2.965261269e-13,2.970272305e-13,5.297647873e-13,4.904031937e-13,4.026761604e-13,2.01660219e-13,2.022875444e-13,1.158417404e-13,4.576770241e-14,8.817179314e-14,5.596919362e-14,1.250523053e-13,2.253499467e-13,3.039959075e-13,1.424109804e-13,4.554412792e-13,1.960743498e-13,2.727482647e-13,7.63672116e-14
55.9296875,1.430844155e-13,9.243348663e-14,4.209989845e-13,1.167714649e-13,1.046328777e-13,1.216674999e-13,8.441109059e-14,1.405786643e-13,6.832234796e-14,1.082840033e-13,3.622651651e-13,9.440828716e-14,1.852905029e-13,2.945655985e-13,2.967613972e-13,5.278123205e-13,4.885500534e-13,4.051334634e-13,2.005775861e-13,2.02573712e-13,1.175419307e-13,4.583560914e-14,8.863078795e-14,5.488681448e-14,1.252652459e-13,2.270923447e-13,3.032826952e-13,1.42285393e-13,4.443776277e-13,1.981434715e-13,2.72127067e-13,7.72837786e-14
55.9375,1.437111802e-13,9.295533203e-14,4.178601643e-13,1.145017751e-13,1.043054709e-13,1.197745906e-13,8.416813686e-14,1.377240885e-13,6.745917717e-14,1.081654962e-13,3.617820062e-13,9.323902588e-14,1.841664571e-13,2.925227962e-13,2.963336919e-13,5.259799033e-13,4.86672302e-13,4.07655404e-13,1.993513739e-13,2.026809952e-13,1.192823334e-13,4.589030462e-14,8.911957193e-14,5.378824618e-14,1.255222501e-13,2.288593757e-13,3.025538029e-13,1.418372252e-13,4.336387173e-13,2.001337641e-13,2.714946538e-13,7.820421129e-14
55.9453125,1.44350175e-13,9.34956393e-14,4.145463345e-13,1.124203077e-13,1.038562086e-13,1.178207781e-13,8.39756575e-14,1.348368284e-13,6.649646552e-14,1.079860254e-13,3.612340676e-13,9.19727985e-14,1.831284096e-13,2.903554789e-13,2.959214712e-13,5.243386742e-13,4.848375581e-13,4.1029265e-13,1.980124118e-13,2.026630899e-13,1.210752151e-13,4.58870991e-14,8.963723948e-14,5.262811748e-14,1.258022739e-13,2.307105183e-13,3.017972654e-13,1.412000444e-13,4.230979884e-13,2.020948693e-13,2.707406305e-13,7.911682938e-14
55.953125,1.45115854e-13,9.400033907e-14,4.115013068e-13,1.104357915e-13,1.034750448e-13,1.158704288e-13,8.375722114e-14,1.320067107e-13,6.55103324e-14,1.077956762e-13,3.606371241e-13,9.071119468e-14,1.822606157e-13,2.884022027e-13,2.954469778e-13,5.227090101e-13,4.830089684e-13,4.131339485e-13,1.965306428e-13,2.02627642e-13,1.229075327e-13,4.585267276e-14,9.019311767e-14,5.145584068e-14,1.260992858e-13,2.325573884e-13,3.008661362e-13,1.404958035e-13,4.129378797e-13,2.040572945e-13,2.700474517e-13,8.004498886e-14
55.9609375,1.459634082e-13,9.442724812e-14,4.092273617e-13,1.083457674e-13,1.03341135e-13,1.140231745e-13,8.353030816e-14,1.292211605e-13,6.460117363e-14,1.076709037e-13,3.601698712e-13,8.958635941e-14,1.815318991e-13,2.869094019e-13,2.948714691e-13,5.211393466e-13,4.812949806e-13,4.162355128e-13,1.949419413e-13,2.025692959e-13,1.247958743e-13,4.588004624e-14,9.080309885e-14,5.033090802e-14,1.264523388e-13,2.343538266e-13,2.998830956e-13,1.398513985e-13,4.033265959e-13,2.060290144e-13,2.69702265e-13,8.100058237e-14
55.96875,1.46841112e-13,9.502473003e-14,4.074466139e-13,1.062370244e-13,1.033448094e-13,1.122232199e-13,8.335394756e-14,1.26440286e-13,6.375527544e-14,1.075899933e-13,3.600255442e-13,8.856788392e-14,1.808723884e-13,2.857286464e-13,2.943873274e-13,5.198200199e-13,4.798179904e-13,4.196549334e-13,1.933676044e-13,2.024258402e-13,1.267279643e-13,4.5969841e-14,9.146509871e-14,4.921631052e-14,1.268926955e-13,2.361996895e-13,2.990474289e-13,1.393118625e-13,3.940636343e-13,2.079970805e-13,2.696338557e-13,8.192886993e-14
55.9765625,1.478727619e-13,9.569130944e-14,4.057444018e-13,1.04261574e-13,1.033803312e-13,1.104308679e-13,8.320062925e-14,1.237112781e-13,6.287887839e-14,1.075382571e-13,3.599636295e-13,8.755603272e-14,1.803690743e-13,2.847045659e-13,2.941219201e-13,5.188458808e-13,4.785728331e-13,4.234725537e-13,1.917879104e-13,2.02255903e-13,1.286855254e-13,4.601882226e-14,9.213571726e-14,4.807596199e-14,1.273969415e-13,2.381273218e-13,2.982856315e-13,1.387341494e-13,3.849488727e-13,2.099521492e-13,2.695978955e-13,8.280650708e-14
55.984375,1.490228518e-13,9.614218716e-14,4.041918806e-13,1.02250881e-13,1.034425776e-13,1.087187181e-13,8.306119814e-14,1.210402762e-13,6.195297369e-14,1.0750775e-13,3.597020245e-13,8.652608721e-14,1.800766955e-13,2.837712008e-13,2.939194034e-13,5.18165897e-13,4.77411814e-13,4.275420105e-13,1.900522003e-13,2.020898897e-13,1.306578629e-13,4.600531848e-14,9.280925155e-14,4.694798611e-14,1.279170399e-13,2.400871876e-13,2.974466467e-13,1.37987862e-13,3.760377574e-13,2.118934361e-13,2.69526162e-13,8.369349404e-14
55.9921875,1.501097898e-13,9.660094165e-14,4.028862263e-13,1.001345636e-13,1.035436138e-13,1.070975349e-13,8.298114179e-14,1.183943755e-13,6.107123003e-14,1.074366101e-13,3.593149847e-13,8.55138557e-14,1.798622876e-13,2.828699359e-13,2.935734496e-13,5.175116027e-13,4.76095055e-13,4.315791061e-13,1.881761929e-13,2.018582789e-13,1.325976113e-13,4.601559282e-14,9.354751605e-14,4.586641573e-14,1.284407367e-13,2.420637997e-13,2.964570492e-13,1.371455062e-13,3.674065442e-13,2.137828658e-13,2.695094586e-13,8.461993867e-14
56,1.512742597e-13,9.727896875e-14,4.018040363e-13,9.823948652e-14,1.038032226e-13,1.055159889e-13,8.29319442e-14,1.158664077e-13,6.03059827e-14,1.073493894e-13,3.589115239e-13,8.458741464e-14,1.796780235e-13,2.821572831e-13,2.93165755e-13,5.168205208e-13,4.746913176e-13,4.356619691e-13,1.863187834e-13,2.016260387e-13,1.345000008e-13,4.6091267e-14,9.434282376e-14,4.484226862e-14,1.289916922e-13,2.440008024e-13,2.953671494e-13,1.363736817e-13,3.591289266e-13,2.156100523e-13,2.697035959e-13,8.554719737e-14
56.0078125,1.525943974e-13,9.786252258e-14,4.009534582e-13,9.661755545e-14,1.042170009e-13,1.039374749e-13,8.285913233e-14,1.135033646e-13,5.957593254e-14,1.073022601e-13,3.585110567e-13,8.373831628e-14,1.796398406e-13,2.816984259e-13,2.928377904e-13,5.163481147e-13,4.734515113e-13,4.400342917e-13,1.844260242e-13,2.014304733e-13,1.364253105e-13,4.615696504e-14,9.512024645e-14,4.385362687e-14,1.295815025e-13,2.458492925e-13,2.943299564e-13,1.356445917e-13,3.512863306e-13,2.174322396e-13,2.700947891e-13,8.644452692e-14
56.015625,1.538258397e-13,9.823228957e-14,4.002106241e-13,9.493376089e-14,1.045746031e-13,1.023454361e-13,8.279854633e-14,1.11153008e-13,5.875180376e-14,1.072345944e-13,3.581403431e-13,8.284924763e-14,1.797931098e-13,2.812395744e-13,2.924718855e-13,5.160354538e-13,4.722799185e-13,4.445967667e-13,1.823412017e-13,2.010955069e-13,1.383794285e-13,4.613180806e-14,9.588734332e-14,4.282630194e-14,1.302031045e-13,2.476750504e-13,2.932999113e-13,1.348037593e-13,3.437135734e-13,2.192482286e-13,2.704635416e-13,8.730041783e-14
56.0234375,1.551552192e-13,9.872001149e-14,3.994717608e-13,9.315520871e-14,1.049413952e-13,1.007813389e-13,8.278259922e-14,1.087723918e-13,5.788942776e-14,1.071476145e-13,3.577533338e-13,8.192117888e-14,1.80082513e-13,2.808113159e-13,2.920118253e-13,5.157351475e-13,4.71158223e-13,4.492191254e-13,1.802045116e-13,2.006196937e-13,1.403546433e-13,4.60818193e-14,9.668507114e-14,4.176924065e-14,1.30849413e-13,2.495139819e-13,2.921253545e-13,1.339387391e-13,3.362007236e-13,2.210147511e-13,2.708070304e-13,8.812044192e-14
56.03125,1.569118216e-13,9.939345869e-14,3.988657984e-13,9.138548893e-14,1.055589177e-13,9.927031689e-14,8.276853549e-14,1.064901782e-13,5.713899182e-14,1.071322936e-13,3.573287334e-13,8.108418643e-14,1.804404864e-13,2.806812657e-13,2.915472637e-13,5.155999798e-13,4.702998644e-13,4.540002552e-13,1.781967622e-13,2.000946862e-13,1.423911645e-13,4.61232704e-14,9.750773379e-14,4.077843873e-14,1.315118427e-13,2.513326067e-13,2.908975409e-13,1.331879202e-13,3.289173636e-13,2.22749452e-13,2.712988493e-13,8.89426288e-14
56.0390625,1.586991014e-13,9.998091413e-14,3.984786725e-13,8.949974421e-14,1.063134621e-13,9.777061672e-14,8.274960311e-14,1.042895618e-13,5.646273009e-14,1.071250599e-13,3.568875862e-13,8.031907536e-14,1.808418765e-13,2.807311062e-13,2.90975002e-13,5.154853368e-13,4.694476972e-13,4.589001712e-13,1.761491985e-13,1.993124391e-13,1.444374161e-13,4.620694211e-14,9.838093428e-14,3.984285199e-14,1.321986508e-13,2.531446979e-13,2.896775422e-13,1.323506973e-13,3.22033686e-13,2.24424124e-13,2.718951591e-13,8.977042584e-14
56.046875,1.60216042e-13,1.004131986e-13,3.982445337e-13,8.757386521e-14,1.06998903e-13,9.630240527e-14,8.278051531e-14,1.021114294e-13,5.573975195e-14,1.070261308e-13,3.563498948e-13,7.950829244e-14,1.8135084e-13,2.807616568e-13,2.902741949e-13,5.152125293e-13,4.683265913e-13,4.637674596e-13,1.738992752e-13,1.982926493e-13,1.463804937e-13,4.622414498e-14,9.931053244e-14,3.892131041e-14,1.329239643e-13,2.549386561e-13,2.883480139e-13,1.313045607e-13,3.153187782e-13,2.259797049e-13,2.725297035e-13,9.05682406e-14
56.0546875,1.618598404e-13,1.009043836e-13,3.981176461e-13,8.583557298e-14,1.076916119e-13,9.492658969e-14,8.286554867e-14,1.000452799e-13,5.501050983e-14,1.069299553e-13,3.557591208e-13,7.868498459e-14,1.820088906e-13,2.808353629e-13,2.896951677e-13,5.15173848e-13,4.672322616e-13,4.686018672e-13,1.715952947e-13,1.97451693e-13,1.482459621e-13,4.62138593e-14,1.00211191e-13,3.805242618e-14,1.336507311e-13,2.566818012e-13,2.869529127e-13,1.303678708e-13,3.08641508e-13,2.275051418e-13,2.732561986e-13,9.136153777e-14
56.0625,1.637278422e-13,1.016224305e-13,3.980822532e-13,8.41945991e-14,1.084672587e-13,9.360998917e-14,8.295635718e-14,9.808531353e-14,5.433900225e-14,1.069242886e-13,3.552829651e-13,7.793899035e-14,1.827768436e-13,2.810107169e-13,2.892594435e-13,5.154770468e-13,4.662384524e-13,4.734369432e-13,1.693692814e-13,1.967437281e-13,1.501056683e-13,4.624114462e-14,1.010732865e-13,3.718537901e-14,1.343549969e-13,2.584464376e-13,2.855795145e-13,1.296881275e-13,3.022123436e-13,2.290756125e-13,2.740198616e-13,9.218460451e-14
56.0703125,1.655726657e-13,1.02441868e-13,3.981678951e-13,8.2525835e-14,1.09304954e-13,9.230616882e-14,8.304923672e-14,9.613153426e-14,5.367886755e-14,1.069201333e-13,3.547950716e-13,7.7247509e-14,1.836844976e-13,2.814149207e-13,2.88835553e-13,5.158301448e-13,4.652438674e-13,4.784067026e-13,1.671705915e-13,1.958030794e-13,1.519238786e-13,4.627709946e-14,1.019982989e-13,3.626163575e-14,1.35120035e-13,2.602676909e-13,2.841818006e-13,1.289320955e-13,2.961077544e-13,2.305751363e-13,2.748575671e-13,9.299319533e-14
56.078125,1.675947096e-13,1.031738931e-13,3.984567648e-13,8.092721294e-14,1.102976346e-13,9.105931944e-14,8.318271119e-14,9.425071443e-14,5.30208336e-14,1.068480934e-13,3.541278875e-13,7.657742868e-14,1.848075274e-13,2.822303638e-13,2.885694232e-13,5.165077442e-13,4.646554238e-13,4.837836119e-13,1.64971326e-13,1.947517391e-13,1.536915641e-13,4.631871783e-14,1.030051632e-13,3.539628971e-14,1.360135467e-13,2.620628091e-13,2.828272791e-13,1.279736603e-13,2.902437745e-13,2.319498273e-13,2.759952324e-13,9.377247191e-14
56.0859375,1.699222219e-13,1.039651061e-13,3.990002645e-13,7.941498159e-14,1.114678746e-13,8.989914935e-14,8.335433151e-14,9.251304729e-14,5.239650858e-14,1.067617274e-13,3.534867997e-13,7.596575316e-14,1.861220026e-13,2.833096167e-13,2.885440501e-13,5.177476517e-13,4.645672176e-13,4.895301204e-13,1.627905431e-13,1.938253357e-13,1.554749004e-13,4.639057693e-14,1.040410926e-13,3.463021388e-14,1.3697675e-13,2.63859126e-13,2.815918872e-13,1.271102822e-13,2.846566199e-13,2.333194419e-13,2.774144597e-13,9.457560558e-14
56.09375,1.72172251e-13,1.04995551e-13,3.998376075e-13,7.791399246e-14,1.125864585e-13,8.87439826e-14,8.351666488e-14,9.082549916e-14,5.177240263e-14,1.066995092e-13,3.529872655e-13,7.54228787e-14,1.875522433e-13,2.843905625e-13,2.885583707e-13,5.191216656e-13,4.644324589e-13,4.953162767e-13,1.605946879e-13,1.929059208e-13,1.572457868e-13,4.645271165e-14,1.051052845e-13,3.385893822e-14,1.379443421e-13,2.657802134e-13,2.803709019e-13,1.264237963e-13,2.79336573e-13,2.347512981e-13,2.789217113e-13,9.540757211e-14
56.1015625,1.743197667e-13,1.061333365e-13,4.009274447e-13,7.647052943e-14,1.135632309e-13,8.756361418e-14,8.366530084e-14,8.913716109e-14,5.113744957e-14,1.066439138e-13,3.524098288e-13,7.491949262e-14,1.890845815e-13,2.855340642e-13,2.885728808e-13,5.205571027e-13,4.642132176e-13,5.011190351e-13,1.58382524e-13,1.918845585e-13,1.589044454e-13,4.649071148e-14,1.061992267e-13,3.309037836e-14,1.389242448e-13,2.678148746e-13,2.79149534e-13,1.257194716e-13,2.741952401e-13,2.362202051e-13,2.805502382e-13,9.623187009e-14
56.109375,1.768382711e-13,1.073160581e-13,4.020904918e-13,7.512263746e-14,1.146778157e-13,8.651236063e-14,8.385658047e-14,8.748227625e-14,5.052823558e-14,1.066000825e-13,3.516971757e-13,7.447023323e-14,1.907956093e-13,2.869384207e-13,2.887863132e-13,5.224411077e-13,4.643231425e-13,5.07205139e-13,1.562428082e-13,1.907613451e-13,1.604651836e-13,4.655527583e-14,1.072864554e-13,3.234313865e-14,1.399407984e-13,2.698799413e-13,2.78017749e-13,1.25013611e-13,2.69299772e-13,2.376880219e-13,2.823764545e-13,9.702979415e-14
56.1171875,1.797060795e-13,1.085870813e-13,4.032972783e-13,7.376882138e-14,1.160855123e-13,8.565003873e-14,8.411046972e-14,8.586529909e-14,4.991959593e-14,1.065833001e-13,3.510007333e-13,7.408653938e-14,1.927101532e-13,2.885986553e-13,2.892485066e-13,5.24648071e-13,4.646856296e-13,5.136120774e-13,1.541871867e-13,1.895162458e-13,1.620291247e-13,4.663238786e-14,1.083394208e-13,3.154917355e-14,1.410082143e-13,2.719416947e-13,2.769072241e-13,1.243927613e-13,2.64734429e-13,2.390888727e-13,2.84310932e-13,9.778093657e-14
56.125,1.824501181e-13,1.09790829e-13,4.046542185e-13,7.234270586e-14,1.175434274e-13,8.478798115e-14,8.43910779e-14,8.431068912e-14,4.927428528e-14,1.065666117e-13,3.502738716e-13,7.369350324e-14,1.946576412e-13,2.903150474e-13,2.897862246e-13,5.268091692e-13,4.650244031e-13,5.201129843e-13,1.521045903e-13,1.881840559e-13,1.63593131e-13,4.666530355e-14,1.093554776e-13,3.076894786e-14,1.421168523e-13,2.739428499e-13,2.757079283e-13,1.236957523e-13,2.604347838e-13,2.403848839e-13,2.86282852e-13,9.848864441e-14
56.1328125,1.851064329e-13,1.109527469e-13,4.059687475e-13,7.094708454e-14,1.188860702e-13,8.386108128e-14,8.468735258e-14,8.285474656e-14,4.862564553e-14,1.06524589e-13,3.493168127e-13,7.322838687e-14,1.965275787e-13,2.919850248e-13,2.902884219e-13,5.290022773e-13,4.654118728e-13,5.265726597e-13,1.499924661e-13,1.86824574e-13,1.650360456e-13,4.668836808e-14,1.103731424e-13,3.008638277e-14,1.432372976e-13,2.758427926e-13,2.744522178e-13,1.22822986e-13,2.563527461e-13,2.415918156e-13,2.882849675e-13,9.918894932e-14
56.140625,1.880549861e-13,1.123229979e-13,4.070111649e-13,6.968496479e-14,1.202391674e-13,8.300611158e-14,8.500218195e-14,8.147044472e-14,4.800580988e-14,1.064842745e-13,3.481421205e-13,7.274246739e-14,1.984709485e-13,2.937395957e-13,2.908326061e-13,5.314264137e-13,4.659786939e-13,5.330401848e-13,1.479616766e-13,1.855468922e-13,1.663177367e-13,4.676456621e-14,1.114445753e-13,2.943058666e-14,1.443614862e-13,2.777011151e-13,2.731967002e-13,1.219542462e-13,2.524819413e-13,2.427260407e-13,2.903105405e-13,9.988870689e-14
56.1484375,1.912368408e-13,1.137910521e-13,4.080669146e-13,6.852097468e-14,1.216865035e-13,8.22204023e-14,8.532952551e-14,8.01409348e-14,4.74010217e-14,1.064693904e-13,3.470212007e-13,7.230798945e-14,2.005863878e-13,2.956571762e-13,2.914674414e-13,5.339802624e-13,4.666624112e-13,5.395578531e-13,1.459884407e-13,1.844292377e-13,1.67547022e-13,4.686042551e-14,1.125575768e-13,2.878310043e-14,1.454897812e-13,2.795373205e-13,2.719258884e-13,1.212196088e-13,2.487795862e-13,2.438400634e-13,2.924058479e-13,1.005721281e-13
56.15625,1.944381705e-13,1.151864385e-13,4.094730658e-13,6.739233844e-14,1.232326453e-13,8.145813082e-14,8.571035291e-14,7.890056896e-14,4.679654304e-14,1.064483286e-13,3.460608583e-13,7.192821335e-14,2.028170516e-13,2.976811528e-13,2.921157747e-13,5.36492635e-13,4.673937235e-13,5.461193361e-13,1.43997215e-13,1.832566649e-13,1.68785612e-13,4.691641614e-14,1.136733483e-13,2.820288131e-14,1.466259348e-13,2.812650352e-13,2.706587374e-13,1.205376479e-13,2.452677153e-13,2.449733033e-13,2.946466778e-13,1.012247253e-13
56.1640625,1.977339435e-13,1.167332579e-13,4.110355188e-13,6.626725484e-14,1.249167263e-13,8.080983437e-14,8.616137985e-14,7.7743298e-14,4.619686427e-14,1.0639912e-13,3.449886872e-13,7.157952882e-14,2.051593631e-13,2.998228951e-13,2.927589286e-13,5.389934673e-13,4.681740356e-13,5.527241931e-13,1.420579951e-13,1.818802558e-13,1.699440015e-13,4.695860207e-14,1.147956676e-13,2.765846368e-14,1.477833081e-13,2.828547511e-13,2.695102324e-13,1.198411916e-13,2.420190118e-13,2.460398856e-13,2.970511054e-13,1.018248138e-13
56.171875,2.011153543e-13,1.18498071e-13,4.124853813e-13,6.512423326e-14,1.266660217e-13,8.025027976e-14,8.659713581e-14,7.660189866e-14,4.560417556e-14,1.063569685e-13,3.436387251e-13,7.123982948e-14,2.07563692e-13,3.020248176e-13,2.934119965e-13,5.414961925e-13,4.689237235e-13,5.592859242e-13,1.402108674e-13,1.805451501e-13,1.709584298e-13,4.703110704e-14,1.15916366e-13,2.711970876e-14,1.489244365e-13,2.843539436e-13,2.685090015e-13,1.191299142e-13,2.390023742e-13,2.469580296e-13,2.995433657e-13,1.023794163e-13
56.1796875,2.044599124e-13,1.202360295e-13,4.139340399e-13,6.399349037e-14,1.283734305e-13,7.966183823e-14,8.69852632e-14,7.543206857e-14,4.499646234e-14,1.063415788e-13,3.422337878e-13,7.089178852e-14,2.099498313e-13,3.04156667e-13,2.940199425e-13,5.438475786e-13,4.695654561e-13,5.657416507e-13,1.383634176e-13,1.792840376e-13,1.71911958e-13,4.709537431e-14,1.169988746e-13,2.659628485e-14,1.500123982e-13,2.85753276e-13,2.675031206e-13,1.183483772e-13,2.361255747e-13,2.477745847e-13,3.020286783e-13,1.029012861e-13
56.1875,2.078863339e-13,1.219322457e-13,4.155274832e-13,6.290006709e-14,1.301191874e-13,7.911370923e-14,8.738897069e-14,7.426097529e-14,4.43666002e-14,1.063254609e-13,3.409356193e-13,7.056058547e-14,2.124164448e-13,3.063154938e-13,2.945908531e-13,5.460423416e-13,4.702119059e-13,5.722180108e-13,1.365108982e-13,1.778401577e-13,1.728832927e-13,4.711586754e-14,1.180468027e-13,2.607354618e-14,1.510919126e-13,2.870272075e-13,2.664278477e-13,1.175180703e-13,2.334017853e-13,2.485483659e-13,3.04568953e-13,1.033579824e-13
56.1953125,2.114763153e-13,1.237168971e-13,4.1716615e-13,6.182342851e-14,1.319993464e-13,7.869033169e-14,8.779620428e-14,7.314406433e-14,4.375518331e-14,1.06309173e-13,3.396453982e-13,7.028698149e-14,2.150115323e-13,3.086033431e-13,2.951575057e-13,5.481872707e-13,4.708821024e-13,5.787032799e-13,1.347612387e-13,1.763319949e-13,1.738183315e-13,4.715462101e-14,1.190768164e-13,2.559089268e-14,1.521502367e-13,2.882193749e-13,2.654044979e-13,1.16799901e-13,2.309435052e-13,2.492769995e-13,3.073138821e-13,1.037534726e-13
56.203125,2.151049945e-13,1.25572684e-13,4.187500455e-13,6.080358741e-14,1.339488996e-13,7.83219534e-14,8.817846882e-14,7.210608211e-14,4.31665521e-14,1.063232162e-13,3.382860153e-13,7.005277191e-14,2.176274558e-13,3.109138164e-13,2.956947028e-13,5.502286096e-13,4.71397502e-13,5.849827468e-13,1.331309753e-13,1.749492895e-13,1.746483738e-13,4.724539632e-14,1.200599233e-13,2.516955673e-14,1.531162773e-13,2.893462996e-13,2.644527244e-13,1.161746567e-13,2.287391656e-13,2.49927981e-13,3.10226888e-13,1.041434945e-13
56.2109375,2.188048135e-13,1.274937205e-13,4.20313274e-13,5.990376051e-14,1.358880308e-13,7.798682856e-14,8.860731577e-14,7.114453708e-14,4.25480744e-14,1.063520464e-13,3.368392043e-13,6.980559058e-14,2.203129244e-13,3.132756598e-13,2.963203707e-13,5.523203506e-13,4.718827547e-13,5.911482521e-13,1.315349541e-13,1.735074321e-13,1.75386576e-13,4.731368423e-14,1.209731927e-13,2.472210072e-14,1.540647679e-13,2.903530732e-13,2.634757022e-13,1.154538192e-13,2.2659213e-13,2.504603477e-13,3.131718127e-13,1.045165623e-13
56.21875,2.226830103e-13,1.294515908e-13,4.217605066e-13,5.910221215e-14,1.378150343e-13,7.771113882e-14,8.908582978e-14,7.024956599e-14,4.191785895e-14,1.063659681e-13,3.352385669e-13,6.953041546e-14,2.231605971e-13,3.157974504e-13,2.971705612e-13,5.548292507e-13,4.726135841e-13,5.974373841e-13,1.299387012e-13,1.719870017e-13,1.760231783e-13,4.734194166e-14,1.218380826e-13,2.425564494e-14,1.550819771e-13,2.912340067e-13,2.625411668e-13,1.146681361e-13,2.244545466e-13,2.508665683e-13,3.161768094e-13,1.048324684e-13
56.2265625,2.266553505e-13,1.313191767e-13,4.228410083e-13,5.833042297e-14,1.397375841e-13,7.744341526e-14,8.951484334e-14,6.939157989e-14,4.133949484e-14,1.0639549e-13,3.334342081e-13,6.923205687e-14,2.260628813e-13,3.183493485e-13,2.980880248e-13,5.575831892e-13,4.733972045e-13,6.037119188e-13,1.283835903e-13,1.705729585e-13,1.765070182e-13,4.740746707e-14,1.226730427e-13,2.38611458e-14,1.560793868e-13,2.920326486e-13,2.617826402e-13,1.139361788e-13,2.225249285e-13,2.511510182e-13,3.19291334e-13,1.051206991e-13
56.234375,2.306229243e-13,1.331565626e-13,4.2358499e-13,5.749484004e-14,1.416292062e-13,7.718957356e-14,8.991615003e-14,6.853394722e-14,4.077358333e-14,1.064518217e-13,3.314535949e-13,6.889039364e-14,2.289233164e-13,3.207898094e-13,2.988932456e-13,5.600625438e-13,4.739424012e-13,6.097390225e-13,1.268691373e-13,1.691322253e-13,1.768658487e-13,4.750146602e-14,1.234919404e-13,2.347342056e-14,1.570140315e-13,2.927169246e-13,2.61098141e-13,1.131621461e-13,2.208442232e-13,2.51299722e-13,3.223704926e-13,1.054053915e-13
56.2421875,2.345688144e-13,1.351850338e-13,4.243004722e-13,5.657553587e-14,1.43484943e-13,7.702820622e-14,9.040145584e-14,6.769006664e-14,4.016798952e-14,1.064523767e-13,3.293918832e-13,6.851197708e-14,2.317611553e-13,3.23161121e-13,2.996169463e-13,5.621996444e-13,4.743504432e-13,6.154909493e-13,1.253542843e-13,1.675229795e-13,1.771615161e-13,4.756295001e-14,1.243328783e-13,2.302308902e-14,1.579581025e-13,2.932334448e-13,2.603434338e-13,1.122905588e-13,2.192574777e-13,2.513491058e-13,3.253281614e-13,1.056617799e-13
56.25,2.385459944e-13,1.374179701e-13,4.250336041e-13,5.574117965e-14,1.453991537e-13,7.694515993e-14,9.095660587e-14,6.691607786e-14,3.960136265e-14,1.063676639e-13,3.273101132e-13,6.818592578e-14,2.346383844e-13,3.255926191e-13,3.002851235e-13,5.642108337e-13,4.747655732e-13,6.210158892e-13,1.239076384e-13,1.659145026e-13,1.773734291e-13,4.76492094e-14,1.251954255e-13,2.262148312e-14,1.588905255e-13,2.936328213e-13,2.597010657e-13,1.114616334e-13,2.177897129e-13,2.513361467e-13,3.284280182e-13,1.058831651e-13
56.2578125,2.426948802e-13,1.397454157e-13,4.256243094e-13,5.510454553e-14,1.474312393e-13,7.68900516e-14,9.148763017e-14,6.620847894e-14,3.912682222e-14,1.062971834e-13,3.251635019e-13,6.796964512e-14,2.376547621e-13,3.282333728e-13,3.009807472e-13,5.662182484e-13,4.752464132e-13,6.264964594e-13,1.226399623e-13,1.64404235e-13,1.774513564e-13,4.781953305e-14,1.260136717e-13,2.231790146e-14,1.597703471e-13,2.939735664e-13,2.594154054e-13,1.107435783e-13,2.165544043e-13,2.512004707e-13,3.319247012e-13,1.060775461e-13
56.265625,2.469817739e-13,1.422239293e-13,4.261283479e-13,5.453718555e-14,1.494756722e-13,7.685823497e-14,9.199194548e-14,6.550629737e-14,3.864817749e-14,1.062671214e-13,3.229501258e-13,6.777915091e-14,2.407917323e-13,3.310505461e-13,3.018992314e-13,5.683434542e-13,4.7589186e-13,6.32093062e-13,1.214975268e-13,1.629287165e-13,1.773953889e-13,4.798891259e-14,1.267788072e-13,2.199986622e-14,1.606652362e-13,2.942523053e-13,2.593568492e-13,1.10060751e-13,2.154693007e-13,2.509238181e-13,3.355972668e-13,1.062479134e-13
56.2734375,2.512252498e-13,1.448956192e-13,4.265999323e-13,5.395137216e-14,1.514987262e-13,7.68300717e-14,9.251998168e-14,6.482980279e-14,3.812334876e-14,1.061992852e-13,3.207359601e-13,6.753839979e-14,2.439363753e-13,3.338539594e-13,3.030092876e-13,5.706294339e-13,4.766184912e-13,6.376558306e-13,1.203824826e-13,1.61444896e-13,1.772519876e-13,4.810848205e-14,1.275665353e-13,2.163134823e-14,1.616045334e-13,2.945515145e-13,2.593119246e-13,1.093609748e-13,2.144248434e-13,2.506058593e-13,3.39162628e-13,1.064146715e-13
56.28125,2.554824445e-13,1.4760968e-13,4.268806972e-13,5.340366271e-14,1.535907392e-13,7.683212948e-14,9.305611569e-14,6.424073693e-14,3.764696026e-14,1.061221459e-13,3.184658804e-13,6.728403833e-14,2.470815189e-13,3.366057633e-13,3.041014875e-13,5.729373953e-13,4.772208743e-13,6.429668758e-13,1.19320692e-13,1.598750532e-13,1.770530801e-13,4.82744543e-14,1.283649702e-13,2.128480579e-14,1.625140545e-13,2.949345859e-13,2.593452751e-13,1.08674325e-13,2.134652057e-13,2.502673583e-13,3.427562529e-13,1.065788994e-13
56.2890625,2.59843677e-13,1.502911812e-13,4.269042828e-13,5.286147816e-14,1.556593317e-13,7.695210067e-14,9.3573671e-14,6.369477219e-14,3.72369238e-14,1.061020879e-13,3.160384403e-13,6.700780863e-14,2.501685024e-13,3.393001994e-13,3.051098225e-13,5.750535069e-13,4.776475439e-13,6.478811856e-13,1.183016646e-13,1.582125593e-13,1.767292068e-13,4.851654794e-14,1.290391926e-13,2.098189859e-14,1.633197606e-13,2.951322834e-13,2.594979152e-13,1.080019976e-13,2.126647357e-13,2.497871658e-13,3.464545179e-13,1.066913522e-13
56.296875,2.642347068e-13,1.530602836e-13,4.267211718e-13,5.225706543e-14,1.576241404e-13,7.716748177e-14,9.41081192e-14,6.315886209e-14,3.682889729e-14,1.060875795e-13,3.1346918e-13,6.667060623e-14,2.531269904e-13,3.41906404e-13,3.060274093e-13,5.768421857e-13,4.779564068e-13,6.523260979e-13,1.172778712e-13,1.566052883e-13,1.761862379e-13,4.875386313e-14,1.29541133e-13,2.070952932e-14,1.640145277e-13,2.948242874e-13,2.596722832e-13,1.072561873e-13,2.120391317e-13,2.490916934e-13,3.50118193e-13,1.067192364e-13
56.3046875,2.687600461e-13,1.560146262e-13,4.263394498e-13,5.167574558e-14,1.596961347e-13,7.738937134e-14,9.466303229e-14,6.270529879e-14,3.644846052e-14,1.060650008e-13,3.108057595e-13,6.636332211e-14,2.561472669e-13,3.446143153e-13,3.068559329e-13,5.784468262e-13,4.782757434e-13,6.565773425e-13,1.163589353e-13,1.550593536e-13,1.754779089e-13,4.899773996e-14,1.299961111e-13,2.047647436e-14,1.646713647e-13,2.941978679e-13,2.599556229e-13,1.06464026e-13,2.116012628e-13,2.482713945e-13,3.5394616e-13,1.066897236e-13
56.3125,2.734416329e-13,1.591331039e-13,4.25850624e-13,5.12108013e-14,1.618830896e-13,7.764139209e-14,9.519020226e-14,6.230859122e-14,3.611571001e-14,1.06084209e-13,3.081225935e-13,6.613817847e-14,2.592999849e-13,3.474507636e-13,3.076661567e-13,5.800524508e-13,4.786475195e-13,6.608886153e-13,1.156065798e-13,1.533686895e-13,1.747292818e-13,4.929479713e-14,1.305118495e-13,2.0252076e-14,1.653459677e-13,2.936619097e-13,2.604705792e-13,1.057826982e-13,2.113850322e-13,2.474607364e-13,3.580841861e-13,1.066300323e-13
56.3203125,2.779098038e-13,1.623112438e-13,4.25311841e-13,5.080959285e-14,1.638585645e-13,7.795698275e-14,9.57003856e-14,6.185377521e-14,3.576057422e-14,1.060958002e-13,3.055315814e-13,6.586538466e-14,2.623253971e-13,3.500445213e-13,3.084037119e-13,5.814677815e-13,4.78818816e-13,6.649323899e-13,1.148401862e-13,1.514689654e-13,1.739607667e-13,4.957568943e-14,1.310452325e-13,1.998820444e-14,1.659863159e-13,2.931964896e-13,2.610736942e-13,1.051535608e-13,2.113286618e-13,2.466281474e-13,3.620992546e-13,1.065296115e-13
56.328125,2.821405504e-13,1.654612468e-13,4.245507333e-13,5.040825841e-14,1.656514835e-13,7.826627124e-14,9.622000104e-14,6.138002537e-14,3.53885538e-14,1.060720065e-13,3.029643273e-13,6.548326069e-14,2.651980335e-13,3.523298482e-13,3.089650789e-13,5.82526913e-13,4.786595014e-13,6.684444156e-13,1.139862776e-13,1.495729826e-13,1.731139942e-13,4.982312257e-14,1.315240141e-13,1.971575967e-14,1.665457708e-13,2.925180664e-13,2.616398297e-13,1.04388112e-13,2.112828935e-13,2.456060644e-13,3.658360983e-13,1.063920539e-13
56.3359375,2.865928053e-13,1.686389265e-13,4.234862628e-13,5.002368177e-14,1.676036282e-13,7.856381856e-14,9.672207075e-14,6.099410737e-14,3.506742811e-14,1.060831238e-13,3.002096093e-13,6.509962606e-14,2.681414957e-13,3.546721165e-13,3.094878734e-13,5.834536634e-13,4.784281581e-13,6.717393386e-13,1.132307181e-13,1.478696611e-13,1.721435971e-13,5.013991374e-14,1.319431234e-13,1.949076929e-14,1.670541542e-13,2.91591442e-13,2.622782408e-13,1.035369805e-13,2.113315123e-13,2.443539223e-13,3.697649533e-13,1.062438851e-13
56.34375,2.912923333e-13,1.718894594e-13,4.22273878e-13,4.966425778e-14,1.697324834e-13,7.895591066e-14,9.720723575e-14,6.068288882e-14,3.478320125e-14,1.061124388e-13,2.972506247e-13,6.478404799e-14,2.71180408e-13,3.572180895e-13,3.100970291e-13,5.843528549e-13,4.782398973e-13,6.750261496e-13,1.126406843e-13,1.462681539e-13,1.710671564e-13,5.052460569e-14,1.322813664e-13,1.930253085e-14,1.675184177e-13,2.905631438e-13,2.630762912e-13,1.02731117e-13,2.117341266e-13,2.429906026e-13,3.740407731e-13,1.06075893e-13
56.3515625,2.958638367e-13,1.751867356e-13,4.209804548e-13,4.933208923e-14,1.718439075e-13,7.944008599e-14,9.769412521e-14,6.040358699e-14,3.45102499e-14,1.06107714e-13,2.942537425e-13,6.450797506e-14,2.742542218e-13,3.598116772e-13,3.106259663e-13,5.850426517e-13,4.779114857e-13,6.781016385e-13,1.12078426e-13,1.445902595e-13,1.699544526e-13,5.088747433e-14,1.325131862e-13,1.911782973e-14,1.679205866e-13,2.894602856e-13,2.640004381e-13,1.019676923e-13,2.124019083e-13,2.415706268e-13,3.783979865e-13,1.058630156e-13
56.359375,3.002810296e-13,1.786800604e-13,4.195703431e-13,4.906288588e-14,1.73916625e-13,7.992279459e-14,9.81634024e-14,6.014087716e-14,3.425154096e-14,1.061070135e-13,2.912730387e-13,6.423935498e-14,2.773367993e-13,3.622919016e-13,3.10955661e-13,5.85452565e-13,4.77383546e-13,6.80891006e-13,1.115215373e-13,1.428584029e-13,1.688046897e-13,5.12296979e-14,1.327017952e-13,1.892494937e-14,1.682815295e-13,2.882022913e-13,2.650269445e-13,1.012323339e-13,2.130442443e-13,2.400370061e-13,3.82770195e-13,1.056033898e-13
56.3671875,3.048143501e-13,1.824111137e-13,4.180351312e-13,4.881084372e-14,1.760562917e-13,8.045250784e-14,9.861447989e-14,5.98781614e-14,3.399619197e-14,1.061171856e-13,2.881859099e-13,6.398828962e-14,2.803978614e-13,3.646961263e-13,3.112449403e-13,5.856612165e-13,4.767646898e-13,6.836085459e-13,1.111016133e-13,1.411696665e-13,1.675407688e-13,5.159233526e-14,1.328867934e-13,1.87338958e-14,1.686250479e-13,2.867663787e-13,2.661567242e-13,1.004952195e-13,2.137360361e-13,2.383473126e-13,3.872666569e-13,1.052826583e-13
56.375,3.095609733e-13,1.859870408e-13,4.162786322e-13,4.84599773e-14,1.783131406e-13,8.110903978e-14,9.904877743e-14,5.96476105e-14,3.378035298e-14,1.061212583e-13,2.848958037e-13,6.376540922e-14,2.835003962e-13,3.672074623e-13,3.116114012e-13,5.857535679e-13,4.761182173e-13,6.862865055e-13,1.10842692e-13,1.395118575e-13,1.66162798e-13,5.200354762e-14,1.330008159e-13,1.857885207e-14,1.689476188e-13,2.852216216e-13,2.674211771e-13,9.969891638e-14,2.146810024e-13,2.365165258e-13,3.919424786e-13,1.049098112e-13
56.3828125,3.142730401e-13,1.892928507e-13,4.14282036e-13,4.804375421e-14,1.80547167e-13,8.180974578e-14,9.945927827e-14,5.947013184e-14,3.36227449e-14,1.061512649e-13,2.81532877e-13,6.350599508e-14,2.865540894e-13,3.696811267e-13,3.119313585e-13,5.85727088e-13,4.753554619e-13,6.885575205e-13,1.105934648e-13,1.378538727e-13,1.64740908e-13,5.248267991e-14,1.330294807e-13,1.845624463e-14,1.69227491e-13,2.835993652e-13,2.688841349e-13,9.886147346e-14,2.157999962e-13,2.345805173e-13,3.966739663e-13,1.045537411e-13
56.390625,3.186176153e-13,1.928001964e-13,4.122363647e-13,4.771598305e-14,1.825814129e-13,8.248343763e-14,9.990166044e-14,5.928495552e-14,3.344102725e-14,1.06168614e-13,2.783165644e-13,6.315399505e-14,2.892982125e-13,3.717740286e-13,3.121085478e-13,5.854897377e-13,4.742900405e-13,6.902107229e-13,1.10236462e-13,1.361698733e-13,1.633107251e-13,5.296720588e-14,1.330315247e-13,1.831187176e-14,1.694342904e-13,2.818524068e-13,2.705337305e-13,9.800774165e-14,2.169841787e-13,2.325547169e-13,4.012072201e-13,1.042199165e-13
56.3984375,3.226726375e-13,1.966637077e-13,4.10087601e-13,4.752558908e-14,1.844737949e-13,8.313164374e-14,1.003869432e-13,5.907506324e-14,3.3227652e-14,1.061166788e-13,2.752058814e-13,6.277395995e-14,2.918685133e-13,3.736439541e-13,3.122654734e-13,5.851494419e-13,4.729445629e-13,6.915283519e-13,1.098353943e-13,1.344504765e-13,1.618735121e-13,5.341153019e-14,1.32995963e-13,1.813954487e-14,1.695748088e-13,2.80007404e-13,2.723142578e-13,9.714497902e-14,2.182717694e-13,2.304307091e-13,4.056063319e-13,1.038388593e-13
56.40625,3.268422963e-13,2.005619448e-13,4.075255934e-13,4.742506153e-14,1.863489077e-13,8.371698543e-14,1.008330171e-13,5.890050103e-14,3.307909725e-14,1.060649348e-13,2.719860656e-13,6.241828587e-14,2.945915992e-13,3.756341139e-13,3.124838878e-13,5.848834997e-13,4.715617345e-13,6.926897317e-13,1.095134514e-13,1.327758693e-13,1.603828667e-13,5.390097008e-14,1.328942686e-13,1.797108421e-14,1.696885156e-13,2.781066462e-13,2.742716186e-13,9.631441399e-14,2.196911528e-13,2.281908822e-13,4.102003251e-13,1.034160346e-13
56.4140625,3.312704113e-13,2.044437086e-13,4.046463654e-13,4.735928139e-14,1.882823719e-13,8.433909524e-14,1.012588563e-13,5.878305347e-14,3.300830662e-14,1.060643315e-13,2.686405046e-13,6.20653175e-14,2.973894417e-13,3.777151278e-13,3.126133623e-13,5.844427798e-13,4.701708516e-13,6.93569824e-13,1.092928276e-13,1.311356918e-13,1.587644559e-13,5.447441235e-14,1.3274879e-13,1.781466002e-14,1.697744043e-13,2.759933145e-13,2.764327234e-13,9.547789231e-14,2.212769138e-13,2.2577963e-13,4.150563204e-13,1.029799595e-13
56.421875,3.357458763e-13,2.084562984e-13,4.017853259e-13,4.725016036e-14,1.904079461e-13,8.516851134e-14,1.017212014e-13,5.869996425e-14,3.29782773e-14,1.060641903e-13,2.652714614e-13,6.173239282e-14,3.001307475e-13,3.797951662e-13,3.125163404e-13,5.835325759e-13,4.68585708e-13,6.9421635e-13,1.091272488e-13,1.293978718e-13,1.570326066e-13,5.506435486e-14,1.325548976e-13,1.768795471e-14,1.69806858e-13,2.735474703e-13,2.786797208e-13,9.453051335e-14,2.230962941e-13,2.231500701e-13,4.200989994e-13,1.0247737e-13
56.4296875,3.400698742e-13,2.124839001e-13,3.988280584e-13,4.708649577e-14,1.926108669e-13,8.60740128e-14,1.021331745e-13,5.860947396e-14,3.296424928e-14,1.060492267e-13,2.618715997e-13,6.140972136e-14,3.028716476e-13,3.817642063e-13,3.122604073e-13,5.823630031e-13,4.667946172e-13,6.946935575e-13,1.08995915e-13,1.276257814e-13,1.552738741e-13,5.565234365e-14,1.322887573e-13,1.758070488e-14,1.697893733e-13,2.709699887e-13,2.809813067e-13,9.347269132e-14,2.251254144e-13,2.20384371e-13,4.25265312e-13,1.018913247e-13
56.4375,3.442584468e-13,2.163974942e-13,3.955216653e-13,4.698324153e-14,1.945333453e-13,8.685245648e-14,1.024525073e-13,5.847239464e-14,3.290721586e-14,1.060401383e-13,2.584576812e-13,6.102558455e-14,3.054923835e-13,3.834081819e-13,3.119795033e-13,5.811920215e-13,4.649259387e-13,6.948191323e-13,1.088999176e-13,1.259838535e-13,1.535338852e-13,5.624223631e-14,1.319430802e-13,1.74358519e-14,1.697066555e-13,2.684374894e-13,2.834425601e-13,9.241786913e-14,2.272231948e-13,2.176123643e-13,4.303164587e-13,1.012891294e-13
56.4453125,3.483928559e-13,2.203486859e-13,3.920456935e-13,4.698332588e-14,1.962150209e-13,8.75976597e-14,1.027859868e-13,5.832706442e-14,3.28253529e-14,1.060333241e-13,2.551091922e-13,6.060379288e-14,3.078781474e-13,3.84837023e-13,3.117085848e-13,5.799434874e-13,4.629780035e-13,6.945546588e-13,1.088159327e-13,1.244019852e-13,1.518065037e-13,5.682236552e-14,1.315109233e-13,1.727610912e-14,1.695190756e-13,2.658426473e-13,2.85993724e-13,9.147701865e-14,2.292985845e-13,2.148278897e-13,4.351647226e-13,1.007047427e-13
56.453125,3.524471534e-13,2.244344562e-13,3.886671164e-13,4.697212132e-14,1.980093908e-13,8.843722899e-14,1.031812675e-13,5.822575323e-14,3.2809502e-14,1.060345305e-13,2.517685868e-13,6.021383832e-14,3.101918155e-13,3.86352637e-13,3.113683791e-13,5.784705028e-13,4.608803358e-13,6.941163062e-13,1.087224961e-13,1.227269467e-13,1.500508661e-13,5.742135854e-14,1.310340261e-13,1.715870466e-14,1.692715517e-13,2.630811939e-13,2.884734867e-13,9.061900794e-14,2.3146227e-13,2.119418988e-13,4.400537662e-13,1.001042878e-13
56.4609375,3.565173986e-13,2.2842564e-13,3.853157312e-13,4.690153728e-14,2.000139154e-13,8.93444383e-14,1.035843885e-13,5.813783507e-14,3.284130479e-14,1.060448135e-13,2.482962047e-13,5.985172056e-14,3.125813748e-13,3.880541084e-13,3.108954881e-13,5.766753694e-13,4.586891684e-13,6.936885492e-13,1.086671671e-13,1.209258308e-13,1.482258313e-13,5.802876193e-14,1.30552472e-13,1.704650382e-14,1.690605313e-13,2.601371837e-13,2.909862726e-13,8.969131021e-14,2.338531279e-13,2.08922159e-13,4.451651228e-13,9.94220074e-14
56.46875,3.608091282e-13,2.322181157e-13,3.817754795e-13,4.68667662e-14,2.021024912e-13,9.027094867e-14,1.039375951e-13,5.804342172e-14,3.288093923e-14,1.060459352e-13,2.446907937e-13,5.951922013e-14,3.150351182e-13,3.899409099e-13,3.103341173e-13,5.745648809e-13,4.564739383e-13,6.932354133e-13,1.087075297e-13,1.190239347e-13,1.463471575e-13,5.861720016e-14,1.299996706e-13,1.692188786e-14,1.688605626e-13,2.569689164e-13,2.937432784e-13,8.867978475e-14,2.36436391e-13,2.057785503e-13,4.50567403e-13,9.863182926e-14
56.4765625,3.650935065e-13,2.361017874e-13,3.779654941e-13,4.689450099e-14,2.040588232e-13,9.116090085e-14,1.042246993e-13,5.795253184e-14,3.295950024e-14,1.060385575e-13,2.410820618e-13,5.919983549e-14,3.174426474e-13,3.917452556e-13,3.097031427e-13,5.723017983e-13,4.541050916e-13,6.924281782e-13,1.087972972e-13,1.171152484e-13,1.444283552e-13,5.924993616e-14,1.293370815e-13,1.681942964e-14,1.685666242e-13,2.53654446e-13,2.967510598e-13,8.767052075e-14,2.391937317e-13,2.025291538e-13,4.561446791e-13,9.780841396e-14
56.484375,3.690341702e-13,2.401500297e-13,3.7400026e-13,4.690870399e-14,2.057404769e-13,9.201334768e-14,1.045035597e-13,5.7830137e-14,3.30425119e-14,1.060437802e-13,2.375747159e-13,5.882831246e-14,3.196668714e-13,3.931044443e-13,3.08954422e-13,5.699665087e-13,4.514755613e-13,6.910902809e-13,1.088596194e-13,1.152819962e-13,1.424545332e-13,5.993605152e-14,1.286360658e-13,1.669703099e-14,1.681760169e-13,2.503507684e-13,2.999269927e-13,8.663329244e-14,2.421412852e-13,1.992203744e-13,4.615186279e-13,9.70150798e-14
56.4921875,3.729357311e-13,2.441420119e-13,3.700542867e-13,4.69293057e-14,2.074046489e-13,9.289492279e-14,1.048142035e-13,5.769775919e-14,3.310900047e-14,1.060809968e-13,2.341865276e-13,5.845079384e-14,3.217602486e-13,3.943081816e-13,3.081525114e-13,5.675637474e-13,4.487664642e-13,6.895863147e-13,1.089063869e-13,1.134756582e-13,1.404858342e-13,6.060339875e-14,1.279140791e-13,1.653724019e-14,1.677543999e-13,2.470566651e-13,3.032403966e-13,8.562752529e-14,2.451038733e-13,1.958910877e-13,4.667371956e-13,9.622675582e-14
56.5,3.770766432e-13,2.481963729e-13,3.661288586e-13,4.704988867e-14,2.093103908e-13,9.378223972e-14,1.051267704e-13,5.764162119e-14,3.324605792e-14,1.061201359e-13,2.308994378e-13,5.816067082e-14,3.238543851e-13,3.957758096e-13,3.074246767e-13,5.652109975e-13,4.461214092e-13,6.882287951e-13,1.089877151e-13,1.116580489e-13,1.385704735e-13,6.129002784e-14,1.271374677e-13,1.641489308e-14,1.673352341e-13,2.437096371e-13,3.066529126e-13,8.478105503e-14,2.48009812e-13,1.925043495e-13,4.722755992e-13,9.543380441e-14
56.5078125,3.81114509e-13,2.5237501e-13,3.620725191e-13,4.723128064e-14,2.112483587e-13,9.463971027e-14,1.054463134e-13,5.763264215e-14,3.345094337e-14,1.060898097e-13,2.276492155e-13,5.789831472e-14,3.25908264e-13,3.97233668e-13,3.067272759e-13,5.628643496e-13,4.433812272e-13,6.868298216e-13,1.091232711e-13,1.098384234e-13,1.365992883e-13,6.203934584e-14,1.263210574e-13,1.632317653e-14,1.669315198e-13,2.402853084e-13,3.101213478e-13,8.388151419e-14,2.51071039e-13,1.889849806e-13,4.780437359e-13,9.462728618e-14
56.515625,3.84918931e-13,2.562741835e-13,3.578384532e-13,4.734537433e-14,2.13029836e-13,9.550081507e-14,1.057462147e-13,5.7583874e-14,3.364703624e-14,1.060066712e-13,2.243199215e-13,5.758335095e-14,3.278982664e-13,3.98444304e-13,3.05899684e-13,5.602602066e-13,4.404336346e-13,6.85094328e-13,1.092952029e-13,1.07962677e-13,1.345191058e-13,6.27881743e-14,1.254517209e-13,1.62051244e-14,1.66493932e-13,2.367302523e-13,3.136736644e-13,8.271212128e-14,2.54296312e-13,1.853505669e-13,4.836709948e-13,9.37611986e-14
56.5234375,3.887356578e-13,2.59944347e-13,3.535468077e-13,4.739323024e-14,2.147757131e-13,9.634854642e-14,1.059434117e-13,5.751184555e-14,3.386306321e-14,1.059556666e-13,2.209468284e-13,5.726147337e-14,3.298497287e-13,3.996223201e-13,3.048962505e-13,5.573899315e-13,4.374037998e-13,6.829535092e-13,1.094662766e-13,1.060363676e-13,1.324818303e-13,6.35445431e-14,1.245151764e-13,1.608709415e-14,1.659524862e-13,2.330888897e-13,3.174173495e-13,8.153988337e-14,2.575402436e-13,1.816991332e-13,4.893155027e-13,9.287708718e-14
56.53125,3.925109907e-13,2.638743612e-13,3.493496726e-13,4.750373097e-14,2.165917661e-13,9.720702495e-14,1.061177288e-13,5.745980664e-14,3.410801436e-14,1.059360911e-13,2.177225334e-13,5.698237171e-14,3.316842468e-13,4.008343222e-13,3.038531529e-13,5.544768784e-13,4.343882032e-13,6.806986776e-13,1.096524224e-13,1.041572684e-13,1.305472668e-13,6.43347872e-14,1.235717434e-13,1.597169833e-14,1.653908991e-13,2.294765056e-13,3.213865272e-13,8.05691279e-14,2.609415474e-13,1.780369106e-13,4.951377787e-13,9.20321852e-14
56.5390625,3.96133428e-13,2.679231849e-13,3.453155042e-13,4.773346094e-14,2.185131016e-13,9.816161726e-14,1.063904134e-13,5.743051375e-14,3.433056776e-14,1.05925844e-13,2.146372751e-13,5.673676906e-14,3.33434637e-13,4.020457718e-13,3.029408769e-13,5.515999254e-13,4.31345998e-13,6.78700609e-13,1.098930787e-13,1.023302226e-13,1.285723027e-13,6.508222803e-14,1.226207236e-13,1.582995583e-14,1.649157688e-13,2.258528005e-13,3.254109801e-13,7.958685276e-14,2.645786623e-13,1.742934463e-13,5.009879192e-13,9.115643776e-14
56.546875,3.996618367e-13,2.717087448e-13,3.413288035e-13,4.797762192e-14,2.20442786e-13,9.914755429e-14,1.066597096e-13,5.741594333e-14,3.458539961e-14,1.059548319e-13,2.115140607e-13,5.649427515e-14,3.351433655e-13,4.032394937e-13,3.021296188e-13,5.487387257e-13,4.281823002e-13,6.766856536e-13,1.101239178e-13,1.005055382e-13,1.265176189e-13,6.580927791e-14,1.21600668e-13,1.571809433e-14,1.644132206e-13,2.221919072e-13,3.293326299e-13,7.851830256e-14,2.682045566e-13,1.704941357e-13,5.068255768e-13,9.023811629e-14
56.5546875,4.029757219e-13,2.752846339e-13,3.371732699e-13,4.813215361e-14,2.22147386e-13,1.00081816e-13,1.068377697e-13,5.736802419e-14,3.491552533e-14,1.059769517e-13,2.083544602e-13,5.621689074e-14,3.365995997e-13,4.041838132e-13,3.011902622e-13,5.458074331e-13,4.248002294e-13,6.740868829e-13,1.102740032e-13,9.869490769e-14,1.245079264e-13,6.66067569e-14,1.205362299e-13,1.566240736e-14,1.637434034e-13,2.185980144e-13,3.332169928e-13,7.750978092e-14,2.71690228e-13,1.667119336e-13,5.12536304e-13,8.937106847e-14
56.5625,4.060478621e-13,2.786840188e-13,3.3283016e-13,4.828999513e-14,2.236952933e-13,1.010268728e-13,1.070032154e-13,5.725577952e-14,3.522639226e-14,1.05921429e-13,2.05205172e-13,5.59160923e-14,3.37816454e-13,4.048512384e-13,3.000038536e-13,5.426254984e-13,4.211956139e-13,6.710335718e-13,1.104146488e-13,9.692531297e-14,1.225954238e-13,6.739035863e-14,1.194317106e-13,1.559220814e-14,1.629584666e-13,2.149891828e-13,3.37204521e-13,7.654290423e-14,2.751547793e-13,1.629351234e-13,5.179675736e-13,8.850932532e-14
56.5703125,4.090858448e-13,2.819555859e-13,3.284694333e-13,4.859647496e-14,2.253424989e-13,1.019609509e-13,1.071508501e-13,5.714927331e-14,3.548626046e-14,1.05863295e-13,2.020280562e-13,5.563449095e-14,3.390995695e-13,4.055099115e-13,2.986674401e-13,5.391895573e-13,4.174270093e-13,6.678933981e-13,1.105995184e-13,9.521178018e-14,1.207346776e-13,6.808252272e-14,1.18216159e-13,1.550189538e-14,1.621305309e-13,2.111849782e-13,3.413942407e-13,7.55656124e-14,2.787354725e-13,1.591264501e-13,5.233794653e-13,8.756060483e-14
56.578125,4.120081972e-13,2.853168378e-13,3.241556794e-13,4.896283531e-14,2.270284688e-13,1.027881517e-13,1.072191507e-13,5.711160936e-14,3.577017186e-14,1.059173344e-13,1.989365651e-13,5.535957596e-14,3.403268817e-13,4.061115455e-13,2.972543567e-13,5.356208622e-13,4.134994976e-13,6.645404237e-13,1.10751636e-13,9.352510247e-14,1.189100986e-13,6.87795341e-14,1.169280198e-13,1.544821023e-14,1.612578191e-13,2.072705293e-13,3.457715525e-13,7.462158104e-14,2.824756067e-13,1.552843241e-13,5.289637151e-13,8.659796678e-14
56.5859375,4.146705095e-13,2.885374855e-13,3.198879754e-13,4.923671433e-14,2.286776242e-13,1.035914704e-13,1.072632229e-13,5.710638018e-14,3.607445055e-14,1.060753711e-13,1.960364501e-13,5.508136203e-14,3.412123105e-13,4.065309298e-13,2.957757711e-13,5.318919114e-13,4.094918772e-13,6.609382559e-13,1.108500659e-13,9.179406272e-14,1.171405265e-13,6.950022357e-14,1.156598037e-13,1.542189165e-14,1.603681397e-13,2.033773852e-13,3.501223966e-13,7.368945006e-14,2.862265797e-13,1.514209025e-13,5.344697098e-13,8.567074997e-14
56.59375,4.17306453e-13,2.913228142e-13,3.157090339e-13,4.953115337e-14,2.30442478e-13,1.044696331e-13,1.07328239e-13,5.706658166e-14,3.635049856e-14,1.062472277e-13,1.93178511e-13,5.484057604e-14,3.420136425e-13,4.069911993e-13,2.9431552e-13,5.280747779e-13,4.055655779e-13,6.574094296e-13,1.109731134e-13,9.00327363e-14,1.154149554e-13,7.015082744e-14,1.143874961e-13,1.539109237e-14,1.594802753e-13,1.994520087e-13,3.544031116e-13,7.278295966e-14,2.898939725e-13,1.475690629e-13,5.39833998e-13,8.470669974e-14
56.6015625,4.200193647e-13,2.940744355e-13,3.115051039e-13,4.997155389e-14,2.323036985e-13,1.053084545e-13,1.073799775e-13,5.696941827e-14,3.66319954e-14,1.063512904e-13,1.902925293e-13,5.464409463e-14,3.430074903e-13,4.075793035e-13,2.928738989e-13,5.243556386e-13,4.016601065e-13,6.539895452e-13,1.111273527e-13,8.828422021e-14,1.136817592e-13,7.076056641e-14,1.130770756e-13,1.535632458e-14,1.585531239e-13,1.954993465e-13,3.589352863e-13,7.195417232e-14,2.937011995e-13,1.437424621e-13,5.452799651e-13,8.371730022e-14
56.609375,4.225950325e-13,2.970659145e-13,3.07103581e-13,5.038840859e-14,2.341424611e-13,1.060164006e-13,1.073996754e-13,5.685962692e-14,3.696238381e-14,1.063724877e-13,1.875148392e-13,5.446415737e-14,3.43969545e-13,4.081272962e-13,2.913047129e-13,5.205980761e-13,3.975956886e-13,6.503924997e-13,1.112714688e-13,8.64960234e-14,1.119296844e-13,7.142586526e-14,1.117478736e-13,1.531964259e-14,1.575735729e-13,1.915856174e-13,3.638216693e-13,7.107929095e-14,2.97758493e-13,1.398977189e-13,5.508474507e-13,8.277474365e-14
56.6171875,4.249830057e-13,2.999466548e-13,3.026091903e-13,5.067174874e-14,2.359736827e-13,1.066918603e-13,1.073849521e-13,5.67859055e-14,3.73081382e-14,1.063679584e-13,1.848729392e-13,5.428709617e-14,3.446907209e-13,4.085970385e-13,2.896024699e-13,5.165795461e-13,3.934080186e-13,6.464914667e-13,1.114222423e-13,8.467170813e-14,1.102364183e-13,7.212706303e-14,1.103824288e-13,1.529329078e-14,1.565728978e-13,1.876476155e-13,3.688131628e-13,7.008061371e-14,3.018934389e-13,1.360191484e-13,5.564286052e-13,8.184766849e-14
56.625,4.272342425e-13,3.026306012e-13,2.981955938e-13,5.099247707e-14,2.37697375e-13,1.073505856e-13,1.073314993e-13,5.672051945e-14,3.762775902e-14,1.063995101e-13,1.822879397e-13,5.409734614e-14,3.452408462e-13,4.089594891e-13,2.878478524e-13,5.123733713e-13,3.891356014e-13,6.423407011e-13,1.115705447e-13,8.290162436e-14,1.086553998e-13,7.278431925e-14,1.089728979e-13,1.529087179e-14,1.555482465e-13,1.836571469e-13,3.738034679e-13,6.912030753e-14,3.061067872e-13,1.321559931e-13,5.618917922e-13,8.088031346e-14
56.6328125,4.293437733e-13,3.052876466e-13,2.93824665e-13,5.140813312e-14,2.392596556e-13,1.079046486e-13,1.072446661e-13,5.664053626e-14,3.794361302e-14,1.064778128e-13,1.796927659e-13,5.390902033e-14,3.456860996e-13,4.091908598e-13,2.859925767e-13,5.080831638e-13,3.847332486e-13,6.380452568e-13,1.116713985e-13,8.117813901e-14,1.071481356e-13,7.339008054e-14,1.075422133e-13,1.530192548e-14,1.54470122e-13,1.797060498e-13,3.78754787e-13,6.824118766e-14,3.104647902e-13,1.283433666e-13,5.671587155e-13,7.989740026e-14
56.640625,4.314582015e-13,3.077167714e-13,2.894937857e-13,5.179789334e-14,2.40919062e-13,1.084999398e-13,1.071428938e-13,5.658156738e-14,3.828502448e-14,1.065633928e-13,1.770099578e-13,5.375789763e-14,3.460502492e-13,4.094919564e-13,2.841473342e-13,5.038174442e-13,3.803999149e-13,6.337997542e-13,1.117794707e-13,7.947842504e-14,1.056905054e-13,7.399756756e-14,1.060704705e-13,1.532854907e-14,1.533659737e-13,1.758068062e-13,3.836070652e-13,6.731474651e-14,3.148373255e-13,1.245731657e-13,5.723569981e-13,7.89448597e-14
56.6484375,4.336436851e-13,3.09809752e-13,2.853484835e-13,5.219233215e-14,2.427540161e-13,1.09312025e-13,1.070622812e-13,5.652939459e-14,3.862901167e-14,1.066302277e-13,1.743069399e-13,5.362185903e-14,3.463776379e-13,4.099359362e-13,2.825517522e-13,4.997377791e-13,3.76266349e-13,6.2974438e-13,1.119737212e-13,7.784576779e-14,1.043099055e-13,7.461547638e-14,1.045690711e-13,1.537864316e-14,1.523044329e-13,1.719258943e-13,3.885494872e-13,6.638086559e-14,3.192319825e-13,1.208310094e-13,5.775496821e-13,7.803059e-14
56.65625,4.356463342e-13,3.118617931e-13,2.814260582e-13,5.265219014e-14,2.445165547e-13,1.101446984e-13,1.069997052e-13,5.644571995e-14,3.89654945e-14,1.067071517e-13,1.717737144e-13,5.348543999e-14,3.466728142e-13,4.102994215e-13,2.810327022e-13,4.9566409e-13,3.720446055e-13,6.257346804e-13,1.122021688e-13,7.622584666e-14,1.030161374e-13,7.520228382e-14,1.031049395e-13,1.543158619e-14,1.512816908e-13,1.681184464e-13,3.936946131e-13,6.552013259e-14,3.237583566e-13,1.171236759e-13,5.826386344e-13,7.713694018e-14
56.6640625,4.373051367e-13,3.139890785e-13,2.775882256e-13,5.307505385e-14,2.461508424e-13,1.107907289e-13,1.069117795e-13,5.63677214e-14,3.933224537e-14,1.067897387e-13,1.69427805e-13,5.338789131e-14,3.468762735e-13,4.104965653e-13,2.792695951e-13,4.913495082e-13,3.676233642e-13,6.214962181e-13,1.123757392e-13,7.456517784e-14,1.017998918e-13,7.576481271e-14,1.016671991e-13,1.549350544e-14,1.502364926e-13,1.644290223e-13,3.98848598e-13,6.464391404e-14,3.282881027e-13,1.134732907e-13,5.877223465e-13,7.627045488e-14
56.671875,4.387663802e-13,3.160644329e-13,2.736886744e-13,5.345042827e-14,2.477428238e-13,1.113682102e-13,1.06813653e-13,5.631176676e-14,3.972861059e-14,1.068298199e-13,1.671628472e-13,5.330314971e-14,3.468962339e-13,4.106098517e-13,2.773955954e-13,4.870412958e-13,3.632547641e-13,6.170009697e-13,1.124852809e-13,7.297553022e-14,1.006578522e-13,7.633508103e-14,1.002096484e-13,1.559523976e-14,1.491681101e-13,1.60853084e-13,4.03991301e-13,6.372643389e-14,3.326971286e-13,1.098843549e-13,5.928220068e-13,7.547421312e-14
56.6796875,4.40190891e-13,3.180243309e-13,2.697192764e-13,5.391647217e-14,2.49252191e-13,1.119755828e-13,1.067331719e-13,5.622573551e-14,4.010193404e-14,1.068568991e-13,1.649242379e-13,5.317304171e-14,3.46728281e-13,4.106500919e-13,2.756553539e-13,4.829830202e-13,3.589766967e-13,6.124717502e-13,1.125594676e-13,7.14938857e-14,9.959373043e-14,7.687672851e-14,9.875054433e-14,1.571231978e-14,1.481019136e-13,1.573875944e-13,4.092306728e-13,6.285239084e-14,3.370399919e-13,1.063490581e-13,5.975890509e-13,7.474311332e-14
56.6875,4.416100969e-13,3.197745422e-13,2.658107925e-13,5.44834788e-14,2.507383701e-13,1.125697447e-13,1.066308672e-13,5.60984042e-14,4.043213033e-14,1.06911639e-13,1.626665612e-13,5.304055048e-14,3.464869065e-13,4.10664332e-13,2.740250331e-13,4.790432688e-13,3.547141277e-13,6.080636797e-13,1.126283301e-13,6.999463542e-14,9.861320148e-14,7.734322827e-14,9.728269757e-14,1.581851159e-14,1.470127691e-13,1.539577417e-13,4.144804985e-13,6.201104869e-14,3.413617846e-13,1.028726896e-13,6.019505763e-13,7.400125956e-14
56.6953125,4.430029177e-13,3.213438717e-13,2.620848012e-13,5.502274655e-14,2.523553869e-13,1.131639348e-13,1.06496645e-13,5.595083657e-14,4.074567197e-14,1.069572727e-13,1.604253471e-13,5.296470392e-14,3.46240149e-13,4.107532458e-13,2.72465963e-13,4.751792655e-13,3.505701076e-13,6.037800184e-13,1.127115317e-13,6.844408507e-14,9.769826289e-14,7.775593518e-14,9.577483699e-14,1.594698528e-14,1.459083137e-13,1.504878135e-13,4.197460028e-13,6.116944354e-14,3.457239766e-13,9.945514754e-14,6.062849482e-13,7.322531901e-14
56.703125,4.443615356e-13,3.23009614e-13,2.585777184e-13,5.545757028e-14,2.541058751e-13,1.137757634e-13,1.063714673e-13,5.578338145e-14,4.107745457e-14,1.070120717e-13,1.583180597e-13,5.294072617e-14,3.459923629e-13,4.10960946e-13,2.70993045e-13,4.714359987e-13,3.465246409e-13,5.996331876e-13,1.128085965e-13,6.688000312e-14,9.683465158e-14,7.815639042e-14,9.427785267e-14,1.610285776e-14,1.448609607e-13,1.470809454e-13,4.251467567e-13,6.037121735e-14,3.50169248e-13,9.609738701e-14,6.107753937e-13,7.248186586e-14
56.7109375,4.456627791e-13,3.24749455e-13,2.552481931e-13,5.584252837e-14,2.559145518e-13,1.143884127e-13,1.062453613e-13,5.562044879e-14,4.144689761e-14,1.0711904e-13,1.563379921e-13,5.295961852e-14,3.457286169e-13,4.112899218e-13,2.695669685e-13,4.677230968e-13,3.424783671e-13,5.956107852e-13,1.129066638e-13,6.527592173e-14,9.604416156e-14,7.856141798e-14,9.283965954e-14,1.625647975e-14,1.438826265e-13,1.43862158e-13,4.306371148e-13,5.961725631e-14,3.546243018e-13,9.282349445e-14,6.153455381e-13,7.181470468e-14
56.71875,4.468280029e-13,3.262190227e-13,2.519821197e-13,5.629535864e-14,2.576913994e-13,1.149779515e-13,1.060811735e-13,5.548497202e-14,4.183381571e-14,1.072236048e-13,1.544482982e-13,5.298788724e-14,3.453152312e-13,4.11613227e-13,2.681508809e-13,4.640636444e-13,3.385002255e-13,5.915563145e-13,1.129667725e-13,6.366378594e-14,9.531191968e-14,7.895966895e-14,9.141565049e-14,1.642386373e-14,1.4290354e-13,1.407704748e-13,4.36168959e-13,5.885276546e-14,3.591082168e-13,8.964071752e-14,6.199017942e-13,7.119847472e-14
56.7265625,4.478946246e-13,3.27471927e-13,2.487650293e-13,5.682478051e-14,2.593996129e-13,1.155067404e-13,1.058913825e-13,5.533198883e-14,4.220599705e-14,1.073438434e-13,1.527095613e-13,5.299256701e-14,3.446875293e-13,4.118215435e-13,2.667398379e-13,4.605558104e-13,3.346175803e-13,5.874334745e-13,1.129917852e-13,6.213802106e-14,9.460311052e-14,7.932486482e-14,8.996910874e-14,1.66134644e-14,1.419027601e-13,1.377276737e-13,4.417786077e-13,5.808331745e-14,3.637567774e-13,8.653267446e-14,6.243140902e-13,7.059544437e-14
56.734375,4.489708214e-13,3.287471971e-13,2.457626713e-13,5.731382765e-14,2.61177899e-13,1.160466607e-13,1.057176165e-13,5.510743487e-14,4.256464405e-14,1.075735928e-13,1.510561999e-13,5.303141622e-14,3.440368573e-13,4.121044896e-13,2.654191249e-13,4.571460261e-13,3.307773448e-13,5.834895539e-13,1.130503376e-13,6.072138484e-14,9.397268881e-14,7.965446891e-14,8.853958362e-14,1.679615982e-14,1.409346577e-13,1.34786201e-13,4.474778123e-13,5.738165185e-14,3.685848503e-13,8.350982912e-14,6.28572763e-13,7.000604718e-14
56.7421875,4.49834324e-13,3.298399336e-13,2.430220217e-13,5.769734518e-14,2.63018718e-13,1.16665459e-13,1.0555954e-13,5.482036945e-14,4.291506829e-14,1.07817811e-13,1.493376028e-13,5.313737328e-14,3.434141984e-13,4.12531153e-13,2.642727008e-13,4.537739151e-13,3.269606073e-13,5.797444375e-13,1.130895833e-13,5.941214462e-14,9.346952808e-14,7.995172296e-14,8.718198473e-14,1.699645366e-14,1.400083727e-13,1.320011313e-13,4.532876349e-13,5.677049183e-14,3.734933913e-13,8.059686785e-14,6.327346921e-13,6.947257012e-14
56.75,4.502157127e-13,3.305674482e-13,2.403713028e-13,5.800834395e-14,2.646788254e-13,1.172235202e-13,1.053615321e-13,5.450967403e-14,4.32434184e-14,1.079485239e-13,1.476056633e-13,5.32326253e-14,3.426063943e-13,4.127875428e-13,2.631802165e-13,4.504431398e-13,3.230911842e-13,5.758672709e-13,1.129956378e-13,5.81967702e-14,9.30290323e-14,8.018861533e-14,8.588177429e-14,1.725523728e-14,1.390674331e-13,1.293608826e-13,4.591709304e-13,5.614554182e-14,3.783944215e-13,7.779167753e-14,6.366512809e-13,6.901325432e-14
56.7578125,4.503873398e-13,3.311602649e-13,2.377314969e-13,5.832306088e-14,2.662469997e-13,1.17676192e-13,1.051153679e-13,5.418802254e-14,4.354823091e-14,1.080652002e-13,1.459860174e-13,5.329549893e-14,3.416213564e-13,4.128455829e-13,2.620808911e-13,4.471770066e-13,3.191723438e-13,5.718832881e-13,1.128774865e-13,5.698506013e-14,9.260935327e-14,8.035791329e-14,8.456230094e-14,1.753401775e-14,1.381082943e-13,1.268371044e-13,4.650992351e-13,5.54301152e-14,3.833203683e-13,7.50746047e-14,6.402580535e-13,6.858506306e-14
56.765625,4.506221993e-13,3.31723316e-13,2.351879689e-13,5.871193327e-14,2.679935662e-13,1.181791599e-13,1.048932027e-13,5.385008454e-14,4.384785882e-14,1.082427967e-13,1.444765064e-13,5.338964558e-14,3.406404891e-13,4.130041597e-13,2.611028432e-13,4.440116661e-13,3.153290494e-13,5.680866231e-13,1.128534658e-13,5.570923248e-14,9.224127246e-14,8.049568374e-14,8.322126414e-14,1.78003705e-14,1.371814166e-13,1.244001445e-13,4.711459582e-13,5.472537488e-14,3.883848962e-13,7.24318705e-14,6.437481007e-13,6.817339169e-14
56.7734375,4.50646972e-13,3.321539147e-13,2.327946023e-13,5.915838353e-14,2.697397345e-13,1.187363333e-13,1.047229126e-13,5.351610854e-14,4.417010393e-14,1.083980374e-13,1.430387824e-13,5.351121864e-14,3.396210584e-13,4.132075074e-13,2.601348212e-13,4.40850564e-13,3.115202798e-13,5.643151827e-13,1.127802997e-13,5.440167901e-14,9.191402267e-14,8.061916352e-14,8.194756779e-14,1.808967212e-14,1.362851848e-13,1.220450259e-13,4.771787861e-13,5.41185301e-14,3.934715582e-13,6.986578687e-14,6.471488525e-13,6.782028033e-14
56.78125,4.503756578e-13,3.325075525e-13,2.305820439e-13,5.962565042e-14,2.712949182e-13,1.193230897e-13,1.045696844e-13,5.321769659e-14,4.45305727e-14,1.085493054e-13,1.416309517e-13,5.362734434e-14,3.384915311e-13,4.133132258e-13,2.590193233e-13,4.37614567e-13,3.076745851e-13,5.603818638e-13,1.125885244e-13,5.313494008e-14,9.160339516e-14,8.071519796e-14,8.073941873e-14,1.841198856e-14,1.353904262e-13,1.198120364e-13,4.830051352e-13,5.355322356e-14,3.983851561e-13,6.738957941e-14,6.503330375e-13,6.752498769e-14
56.7890625,4.50189148e-13,3.327456175e-13,2.285953624e-13,6.012632218e-14,2.72885422e-13,1.200290761e-13,1.04412461e-13,5.293744183e-14,4.489042181e-14,1.087701852e-13,1.402297143e-13,5.376638616e-14,3.373074182e-13,4.134876885e-13,2.58015676e-13,4.345197183e-13,3.039046135e-13,5.566053652e-13,1.124141136e-13,5.196640803e-14,9.13373885e-14,8.07685462e-14,7.951208335e-14,1.874751125e-14,1.345126133e-13,1.177448138e-13,4.888131773e-13,5.299357238e-14,4.033257737e-13,6.502204104e-14,6.533120833e-13,6.726337681e-14
56.796875,4.500856811e-13,3.32609866e-13,2.267720593e-13,6.059067016e-14,2.745476344e-13,1.2072085e-13,1.042289793e-13,5.263083868e-14,4.519908356e-14,1.089885821e-13,1.389170868e-13,5.393396295e-14,3.360095636e-13,4.137054997e-13,2.572727662e-13,4.317030466e-13,3.002305767e-13,5.530947155e-13,1.122567603e-13,5.086291493e-14,9.113983422e-14,8.076902207e-14,7.828588035e-14,1.911633197e-14,1.336785855e-13,1.15858274e-13,4.947403543e-13,5.24195254e-14,4.085185466e-13,6.278476465e-14,6.56073379e-13,6.70663473e-14
56.8046875,4.496729965e-13,3.321691559e-13,2.250064231e-13,6.096788033e-14,2.760704933e-13,1.212518791e-13,1.040210701e-13,5.230617908e-14,4.548688647e-14,1.09154063e-13,1.377321367e-13,5.409897772e-14,3.345279765e-13,4.137818507e-13,2.565212851e-13,4.289563388e-13,2.965500241e-13,5.495328126e-13,1.120245579e-13,4.974268162e-14,9.099719027e-14,8.072381012e-14,7.713429716e-14,1.95345292e-14,1.328881265e-13,1.141431708e-13,5.006538042e-13,5.179367789e-14,4.137960223e-13,6.066576222e-14,6.5859182e-13,6.694722657e-14
56.8125,4.489569667e-13,3.318668251e-13,2.233629357e-13,6.140684885e-14,2.775702762e-13,1.218532175e-13,1.038434138e-13,5.200646394e-14,4.58106284e-14,1.09327768e-13,1.365916769e-13,5.428764003e-14,3.329686074e-13,4.138702664e-13,2.557141435e-13,4.262046526e-13,2.928818912e-13,5.459057637e-13,1.117607908e-13,4.865324194e-14,9.088093527e-14,8.064336166e-14,7.603362473e-14,1.997594294e-14,1.321191765e-13,1.125786066e-13,5.066926993e-13,5.123343767e-14,4.191300919e-13,5.86199788e-14,6.610299213e-13,6.68715576e-14
56.8203125,4.482008885e-13,3.318606252e-13,2.219753614e-13,6.194758102e-14,2.792068252e-13,1.226409689e-13,1.037069733e-13,5.172214857e-14,4.61436867e-14,1.095195018e-13,1.355240024e-13,5.453364241e-14,3.313906703e-13,4.140844777e-13,2.55085448e-13,4.236525377e-13,2.892952005e-13,5.424216119e-13,1.115056446e-13,4.769061065e-14,9.079744426e-14,8.052965134e-14,7.493764228e-14,2.042565496e-14,1.313609418e-13,1.11144692e-13,5.130308129e-13,5.084575156e-14,4.247577578e-13,5.664638557e-14,6.634559016e-13,6.684486291e-14
56.828125,4.47393983e-13,3.318206941e-13,2.208122469e-13,6.238450872e-14,2.807666306e-13,1.233680123e-13,1.035715668e-13,5.139906645e-14,4.643370114e-14,1.097387356e-13,1.346344008e-13,5.479056486e-14,3.297308523e-13,4.142047402e-13,2.546269844e-13,4.213471718e-13,2.858090358e-13,5.389877491e-13,1.112113856e-13,4.680053401e-14,9.080905379e-14,8.040694337e-14,7.386939755e-14,2.089467277e-14,1.306446611e-13,1.098346522e-13,5.194271678e-13,5.046126009e-14,4.305976869e-13,5.478474617e-14,6.657001039e-13,6.688862602e-14
56.8359375,4.464572133e-13,3.314826188e-13,2.197809876e-13,6.269141169e-14,2.82083328e-13,1.239912511e-13,1.034218191e-13,5.103075527e-14,4.670293982e-14,1.100451584e-13,1.338390371e-13,5.501819166e-14,3.279691104e-13,4.141493595e-13,2.541514299e-13,4.190882575e-13,2.823660099e-13,5.354156842e-13,1.108497784e-13,4.590236653e-14,9.092056041e-14,8.028573502e-14,7.285604271e-14,2.139510866e-14,1.299701587e-13,1.086678673e-13,5.257133794e-13,4.996706931e-14,4.36414782e-13,5.303319039e-14,6.676984337e-13,6.698989943e-14
56.84375,4.454203397e-13,3.310170739e-13,2.188919729e-13,6.306129765e-14,2.832893403e-13,1.247035362e-13,1.032576222e-13,5.066978221e-14,4.699409903e-14,1.103762712e-13,1.330184698e-13,5.525884098e-14,3.261083667e-13,4.140341778e-13,2.535982705e-13,4.167532226e-13,2.788505674e-13,5.317341398e-13,1.104299858e-13,4.502591784e-14,9.105064165e-14,8.011786598e-14,7.189152994e-14,2.193598529e-14,1.292807636e-13,1.076668518e-13,5.320193606e-13,4.95197619e-14,4.423323255e-13,5.135921712e-14,6.69516664e-13,6.715582447e-14
56.8515625,4.441946586e-13,3.306668206e-13,2.18167653e-13,6.351364515e-14,2.844893181e-13,1.25511284e-13,1.031123615e-13,5.033644034e-14,4.729068099e-14,1.106384516e-13,1.322475806e-13,5.554264072e-14,3.24139844e-13,4.13874682e-13,2.530596657e-13,4.144687608e-13,2.75347366e-13,5.2811171e-13,1.099870147e-13,4.418803754e-14,9.119380068e-14,7.988462424e-14,7.098970639e-14,2.250568345e-14,1.286049258e-13,1.068257958e-13,5.384282868e-13,4.916581064e-14,4.485106359e-13,4.975867738e-14,6.711273872e-13,6.740538469e-14
56.859375,4.427004931e-13,3.303605243e-13,2.176088336e-13,6.393035144e-14,2.856211108e-13,1.263536954e-13,1.030293672e-13,4.998143432e-14,4.755941059e-14,1.109080526e-13,1.315908023e-13,5.583138832e-14,3.220855427e-13,4.136468152e-13,2.526380158e-13,4.123529996e-13,2.720248852e-13,5.246204475e-13,1.095212039e-13,4.336590273e-14,9.141023752e-14,7.962268798e-14,7.018201544e-14,2.308192649e-14,1.280161554e-13,1.061450132e-13,5.449088867e-13,4.880789415e-14,4.547117813e-13,4.825755775e-14,6.725205091e-13,6.772852032e-14
56.8671875,4.410839122e-13,3.299078416e-13,2.172362945e-13,6.432039182e-14,2.866103484e-13,1.272446804e-13,1.029576447e-13,4.955931303e-14,4.780226703e-14,1.112484022e-13,1.309763141e-13,5.610677348e-14,3.19950791e-13,4.133418772e-13,2.522649975e-13,4.102407111e-13,2.686974252e-13,5.21079035e-13,1.089605107e-13,4.260314613e-14,9.168324431e-14,7.93200553e-14,6.944406016e-14,2.367603227e-14,1.274490719e-13,1.056332467e-13,5.513517122e-13,4.850388459e-14,4.606627103e-13,4.688589458e-14,6.737741532e-13,6.813173903e-14
56.875,4.394311002e-13,3.292653646e-13,2.170174564e-13,6.474796236e-14,2.874797677e-13,1.281171903e-13,1.028520438e-13,4.908653757e-14,4.80339584e-14,1.11599551e-13,1.303819459e-13,5.640097243e-14,3.177385476e-13,4.129894905e-13,2.518574374e-13,4.080068124e-13,2.651673042e-13,5.173410792e-13,1.083351366e-13,4.196300386e-14,9.196549335e-14,7.895463896e-14,6.871734299e-14,2.431248675e-14,1.268344371e-13,1.052553524e-13,5.577217112e-13,4.829999182e-14,4.665361687e-13,4.564213007e-14,6.748524623e-13,6.862601779e-14
56.8828125,4.375821367e-13,3.284875491e-13,2.169454631e-13,6.514932362e-14,2.88305516e-13,1.289611161e-13,1.027871969e-13,4.86070545e-14,4.827096394e-14,1.119580655e-13,1.298430455e-13,5.672992373e-14,3.15479794e-13,4.127485778e-13,2.515596804e-13,4.0584999e-13,2.616698461e-13,5.135869957e-13,1.07779763e-13,4.138449156e-14,9.223131028e-14,7.857757426e-14,6.801701947e-14,2.499182617e-14,1.262628252e-13,1.049785075e-13,5.641932842e-13,4.805219414e-14,4.726511218e-13,4.449171665e-14,6.756404308e-13,6.917104004e-14
56.890625,4.354330528e-13,3.276108562e-13,2.171684934e-13,6.540604082e-14,2.891043128e-13,1.29941115e-13,1.027980444e-13,4.814643496e-14,4.853671408e-14,1.123432063e-13,1.293439744e-13,5.709149671e-14,3.131471827e-13,4.126835812e-13,2.51456613e-13,4.038722694e-13,2.583986624e-13,5.099886022e-13,1.072749499e-13,4.072906185e-14,9.245340016e-14,7.820846344e-14,6.739470014e-14,2.571467439e-14,1.257916704e-13,1.048224435e-13,5.708116353e-13,4.770505005e-14,4.789662109e-13,4.342190668e-14,6.762228926e-13,6.973435569e-14
56.8984375,4.33151795e-13,3.266174357e-13,2.177277041e-13,6.557000217e-14,2.898533404e-13,1.310968754e-13,1.028228139e-13,4.771178789e-14,4.882375347e-14,1.126982597e-13,1.288913075e-13,5.74893447e-14,3.107052406e-13,4.126368266e-13,2.514151064e-13,4.01974892e-13,2.55256125e-13,5.064810633e-13,1.067147316e-13,4.001078997e-14,9.266969121e-14,7.779892547e-14,6.683105901e-14,2.648225905e-14,1.25361212e-13,1.048140264e-13,5.774692856e-13,4.740164665e-14,4.853030285e-13,4.245118819e-14,6.768172285e-13,7.034923519e-14
56.90625,4.309988288e-13,3.255874697e-13,2.183808987e-13,6.582654532e-14,2.90537125e-13,1.322863694e-13,1.028432296e-13,4.728447422e-14,4.909105122e-14,1.130198774e-13,1.285200558e-13,5.790419735e-14,3.082213918e-13,4.125289129e-13,2.514465183e-13,4.002845289e-13,2.522355585e-13,5.03038813e-13,1.061265657e-13,3.937618455e-14,9.295144341e-14,7.73507697e-14,6.630345491e-14,2.727212862e-14,1.249632748e-13,1.04993266e-13,5.842634588e-13,4.723370094e-14,4.91706015e-13,4.158877503e-14,6.774093441e-13,7.105404059e-14
56.9140625,4.289941353e-13,3.247108078e-13,2.190298133e-13,6.618980625e-14,2.910758937e-13,1.334821803e-13,1.028776921e-13,4.681834936e-14,4.932462203e-14,1.133637273e-13,1.281868304e-13,5.832020969e-14,3.057425866e-13,4.124260609e-13,2.516966698e-13,3.989475247e-13,2.493827305e-13,4.997016352e-13,1.055430149e-13,3.883410288e-14,9.327805997e-14,7.688724045e-14,6.584074265e-14,2.807003234e-14,1.246205267e-13,1.053896509e-13,5.91243807e-13,4.71338142e-14,4.982219641e-13,4.082851775e-14,6.777803836e-13,7.183126191e-14
56.921875,4.268965075e-13,3.238138715e-13,2.199766675e-13,6.650357332e-14,2.914451293e-13,1.3477287e-13,1.029299447e-13,4.630278551e-14,4.954330322e-14,1.137240611e-13,1.27833251e-13,5.876893528e-14,3.032064386e-13,4.123736125e-13,2.521310253e-13,3.977635856e-13,2.466164562e-13,4.964162958e-13,1.049126683e-13,3.830879715e-14,9.359218732e-14,7.638090981e-14,6.54261698e-14,2.888871267e-14,1.242927855e-13,1.059339935e-13,5.982332768e-13,4.70138508e-14,5.047571105e-13,4.016281041e-14,6.779038983e-13,7.264716964e-14
56.9296875,4.246392475e-13,3.225287541e-13,2.214116366e-13,6.676677431e-14,2.91857985e-13,1.361836531e-13,1.030179091e-13,4.578943269e-14,4.976160436e-14,1.140615965e-13,1.275221827e-13,5.926010987e-14,3.0055522e-13,4.124113855e-13,2.526346786e-13,3.965708933e-13,2.439065634e-13,4.931507296e-13,1.042416135e-13,3.784721627e-14,9.38735136e-14,7.584265557e-14,6.502371851e-14,2.973277734e-14,1.239662459e-13,1.065741165e-13,6.052058615e-13,4.689085247e-14,5.113016055e-13,3.959489425e-14,6.779804493e-13,7.352634676e-14
56.9375,4.224565569e-13,3.212021495e-13,2.230747624e-13,6.710428906e-14,2.924847139e-13,1.376789256e-13,1.031407279e-13,4.531005787e-14,4.999835981e-14,1.143572091e-13,1.27400245e-13,5.976217651e-14,2.978070581e-13,4.125637742e-13,2.531916976e-13,3.95493821e-13,2.412935884e-13,4.899570454e-13,1.03578707e-13,3.747342408e-14,9.411675022e-14,7.533117996e-14,6.467416702e-14,3.060203359e-14,1.236839323e-13,1.073928223e-13,6.122699027e-13,4.682145511e-14,5.179898612e-13,3.913480986e-14,6.781377579e-13,7.4509671e-14
56.9453125,4.204108473e-13,3.203431982e-13,2.247784945e-13,6.747172648e-14,2.931660625e-13,1.391975931e-13,1.032726688e-13,4.483562913e-14,5.027358098e-14,1.146466116e-13,1.274873318e-13,6.030315045e-14,2.950524577e-13,4.128587658e-13,2.538355418e-13,3.945967802e-13,2.387999708e-13,4.868684203e-13,1.029411803e-13,3.711487336e-14,9.435652859e-14,7.484421612e-14,6.440744097e-14,3.151289516e-14,1.234647075e-13,1.084222647e-13,6.194047392e-13,4.677584673e-14,5.249128642e-13,3.877137631e-14,6.783467664e-13,7.55604498e-14
56.953125,4.182598087e-13,3.194252036e-13,2.267311626e-13,6.779379865e-14,2.936641189e-13,1.40710359e-13,1.034147293e-13,4.433543345e-14,5.056866591e-14,1.150087985e-13,1.275736493e-13,6.09217525e-14,2.923509609e-13,4.133273547e-13,2.545629043e-13,3.937324804e-13,2.364044111e-13,4.838380851e-13,1.023301064e-13,3.677234532e-14,9.462165371e-14,7.433316017e-14,6.41889468e-14,3.247310235e-14,1.232947594e-13,1.095653453e-13,6.264310743e-13,4.672263688e-14,5.319241935e-13,3.848944657e-14,6.784502946e-13,7.663130076e-14
56.9609375,4.158567942e-13,3.17905932e-13,2.290443139e-13,6.820537788e-14,2.939126447e-13,1.422719774e-13,1.035650283e-13,4.382164737e-14,5.084147572e-14,1.15415884e-13,1.275290361e-13,6.15555727e-14,2.89577576e-13,4.137744435e-13,2.552941691e-13,3.927832583e-13,2.339692281e-13,4.807507089e-13,1.016890285e-13,3.645742264e-14,9.487230648e-14,7.377275444e-14,6.40136521e-14,3.347155819e-14,1.231456008e-13,1.107899823e-13,6.331674812e-13,4.672637057e-14,5.388697376e-13,3.8300129e-14,6.782511387e-13,7.774878786e-14
56.96875,4.133072587e-13,3.164275105e-13,2.315881739e-13,6.873368802e-14,2.939769968e-13,1.438984338e-13,1.037045539e-13,4.333329609e-14,5.107872928e-14,1.157596988e-13,1.275668532e-13,6.21784243e-14,2.866000865e-13,4.139956269e-13,2.560431099e-13,3.918791746e-13,2.314811144e-13,4.775814931e-13,1.009703356e-13,3.612718678e-14,9.510857995e-14,7.317274385e-14,6.38961597e-14,3.450407786e-14,1.229920165e-13,1.121516196e-13,6.398817198e-13,4.680114573e-14,5.460630758e-13,3.820427431e-14,6.778319703e-13,7.893021876e-14
56.9765625,4.107850901e-13,3.15517879e-13,2.34417327e-13,6.91193528e-14,2.940107629e-13,1.455641871e-13,1.038525348e-13,4.287521568e-14,5.130005253e-14,1.1607204e-13,1.27866382e-13,6.288813277e-14,2.835422115e-13,4.142453217e-13,2.56995222e-13,3.912130287e-13,2.292010656e-13,4.744748148e-13,1.002593889e-13,3.582076064e-14,9.537317594e-14,7.257485137e-14,6.381477557e-14,3.557515159e-14,1.228578868e-13,1.136620633e-13,6.47073335e-13,4.688301503e-14,5.538513334e-13,3.818600145e-14,6.775189694e-13,8.015253514e-14
56.984375,4.083213374e-13,3.146273225e-13,2.376267437e-13,6.932120596e-14,2.94081965e-13,1.473553212e-13,1.040484742e-13,4.239895618e-14,5.153271996e-14,1.164464933e-13,1.282566543e-13,6.369943436e-14,2.80553738e-13,4.147906748e-13,2.581534406e-13,3.906646265e-13,2.27174501e-13,4.714969478e-13,9.962624185e-14,3.557829655e-14,9.561309792e-14,7.199762253e-14,6.376889397e-14,3.668022082e-14,1.227842247e-13,1.152948766e-13,6.545457884e-13,4.70014426e-14,5.619023887e-13,3.82517241e-14,6.773528897e-13,8.14136824e-14
56.9921875,4.058203422e-13,3.132905942e-13,2.410621273e-13,6.961053993e-14,2.940790105e-13,1.49327645e-13,1.042820585e-13,4.189516212e-14,5.179893465e-14,1.168485046e-13,1.285841379e-13,6.451490064e-14,2.775824588e-13,4.154724645e-13,2.593113122e-13,3.900315608e-13,2.251917598e-13,4.685312384e-13,9.90289941e-14,3.535104704e-14,9.57661263e-14,7.141783898e-14,6.37964229e-14,3.780852322e-14,1.227591984e-13,1.170348689e-13,6.617976757e-13,4.721592036e-14,5.698340078e-13,3.840524729e-14,6.771010268e-13,8.271569101e-14
57,4.033521109e-13,3.11805075e-13,2.446995415e-13,7.001661059e-14,2.940144517e-13,1.513689226e-13,1.045130292e-13,4.141117358e-14,5.209583885e-14,1.172333569e-13,1.289330646e-13,6.533399991e-14,2.745986946e-13,4.162277134e-13,2.604815216e-13,3.894552988e-13,2.233333599e-13,4.65495866e-13,9.846788153e-14,3.517440092e-14,9.589100078e-14,7.084931781e-14,6.39086293e-14,3.896364125e-14,1.227563768e-13,1.188889069e-13,6.689608207e-13,4.750570002e-14,5.778332804e-13,3.863566425e-14,6.767343999e-13,8.407492122e-14
57.0078125,4.010208882e-13,3.105380459e-13,2.486933908e-13,7.036348868e-14,2.939739377e-13,1.534112045e-13,1.047600588e-13,4.093805081e-14,5.237342565e-14,1.176274835e-13,1.293531229e-13,6.619606029e-14,2.7164557e-13,4.171334876e-13,2.617832124e-13,3.890683994e-13,2.217455278e-13,4.624027234e-13,9.793616764e-14,3.509699156e-14,9.605083947e-14,7.029746384e-14,6.407017123e-14,4.015664378e-14,1.227873106e-13,1.208652112e-13,6.762377712e-13,4.786651281e-14,5.860259995e-13,3.895386221e-14,6.76327605e-13,8.552268001e-14
57.015625,3.985546791e-13,3.094421664e-13,2.529489137e-13,7.069238324e-14,2.937218077e-13,1.554845596e-13,1.050695281e-13,4.044536609e-14,5.258298245e-14,1.180098072e-13,1.298234454e-13,6.705789777e-14,2.686536087e-13,4.179627558e-13,2.631493197e-13,3.887230368e-13,2.202557663e-13,4.592377715e-13,9.73335228e-14,3.501526e-14,9.620887218e-14,6.968830801e-14,6.423790845e-14,4.13742068e-14,1.228483544e-13,1.22937529e-13,6.834821756e-13,4.827152225e-14,5.943437628e-13,3.936596525e-14,6.757910846e-13,8.701288988e-14
57.0234375,3.957482907e-13,3.082625135e-13,2.573477875e-13,7.108788384e-14,2.930994799e-13,1.576119194e-13,1.053981668e-13,3.998372419e-14,5.276204621e-14,1.183541217e-13,1.303982774e-13,6.793837341e-14,2.655691144e-13,4.186196198e-13,2.645518033e-13,3.883783376e-13,2.187548294e-13,4.559388626e-13,9.666759997e-14,3.490687853e-14,9.629136287e-14,6.901982258e-14,6.442664785e-14,4.260923373e-14,1.228970348e-13,1.251194689e-13,6.907431448e-13,4.86411151e-14,6.029535461e-13,3.985151246e-14,6.751311399e-13,8.850880364e-14
57.03125,3.929225177e-13,3.069022936e-13,2.620513252e-13,7.146931769e-14,2.924674841e-13,1.598948301e-13,1.057025548e-13,3.957463274e-14,5.299092405e-14,1.187340295e-13,1.310878196e-13,6.89139437e-14,2.624751511e-13,4.194129404e-13,2.660633213e-13,3.880959485e-13,2.173146798e-13,4.524929321e-13,9.605420696e-14,3.491716059e-14,9.627275064e-14,6.839979205e-14,6.470366337e-14,4.390791827e-14,1.229504159e-13,1.274964419e-13,6.980764473e-13,4.903629209e-14,6.118635231e-13,4.040382888e-14,6.745484143e-13,9.009772966e-14
57.0390625,3.902296704e-13,3.053767727e-13,2.671385289e-13,7.17887432e-14,2.920095503e-13,1.623987424e-13,1.060568728e-13,3.914004631e-14,5.326278682e-14,1.19201042e-13,1.317969386e-13,6.993527014e-14,2.593926232e-13,4.2041595e-13,2.676785918e-13,3.878259617e-13,2.159516927e-13,4.490347186e-13,9.549865603e-14,3.504054547e-14,9.620236201e-14,6.783382846e-14,6.507124653e-14,4.528674803e-14,1.23096964e-13,1.300449864e-13,7.05278642e-13,4.954523502e-14,6.207746878e-13,4.102407581e-14,6.740338252e-13,9.179068206e-14
57.046875,3.873706298e-13,3.036656381e-13,2.725116762e-13,7.208413651e-14,2.913551038e-13,1.649263771e-13,1.064709603e-13,3.865736323e-14,5.350857802e-14,1.196873338e-13,1.32492331e-13,7.092843864e-14,2.562227821e-13,4.213715428e-13,2.693793442e-13,3.876039533e-13,2.14721702e-13,4.456680097e-13,9.495993115e-14,3.510833416e-14,9.614870006e-14,6.723616707e-14,6.545464435e-14,4.668162031e-14,1.233319928e-13,1.326174482e-13,7.1229942e-13,5.006171156e-14,6.296559617e-13,4.170910199e-14,6.732845916e-13,9.346328417e-14
57.0546875,3.843418813e-13,3.020297166e-13,2.781816259e-13,7.240763391e-14,2.903424197e-13,1.672875316e-13,1.068390703e-13,3.819591386e-14,5.372283077e-14,1.201474033e-13,1.332344127e-13,7.193978911e-14,2.529311844e-13,4.221983718e-13,2.711343502e-13,3.874873157e-13,2.136343044e-13,4.422411664e-13,9.443268138e-14,3.512169774e-14,9.613198861e-14,6.661535225e-14,6.583284324e-14,4.808369696e-14,1.235446638e-13,1.351972988e-13,7.191965746e-13,5.055930408e-14,6.387198607e-13,4.247913361e-14,6.722163378e-13,9.511202275e-14
57.0625,3.814655665e-13,3.008228218e-13,2.841642397e-13,7.280026661e-14,2.892321869e-13,1.696069685e-13,1.071822082e-13,3.777406535e-14,5.394343009e-14,1.206345172e-13,1.340504031e-13,7.301343609e-14,2.496312642e-13,4.230504008e-13,2.729588582e-13,3.874878954e-13,2.126266426e-13,4.386712942e-13,9.388922497e-14,3.52429501e-14,9.612601046e-14,6.6021883e-14,6.625171956e-14,4.954862786e-14,1.237357384e-13,1.379200633e-13,7.260685638e-13,5.119648018e-14,6.480650562e-13,4.333703003e-14,6.711955193e-13,9.682716134e-14
57.0703125,3.787969288e-13,2.997712145e-13,2.903386327e-13,7.322458898e-14,2.881136521e-13,1.720892459e-13,1.075901741e-13,3.734978534e-14,5.416572641e-14,1.211557826e-13,1.349223319e-13,7.413439424e-14,2.464464546e-13,4.240933045e-13,2.75058392e-13,3.878291808e-13,2.1191664e-13,4.351891662e-13,9.337272557e-14,3.548225884e-14,9.608500295e-14,6.543997688e-14,6.673408337e-14,5.103635934e-14,1.240177065e-13,1.408522832e-13,7.332163755e-13,5.196207127e-14,6.576225001e-13,4.423386466e-14,6.704875841e-13,9.859485358e-14
57.078125,3.761319862e-13,2.984098375e-13,2.966245985e-13,7.365299229e-14,2.868628514e-13,1.747210671e-13,1.080269223e-13,3.692222733e-14,5.437084226e-14,1.216345253e-13,1.358542987e-13,7.52962142e-14,2.432976547e-13,4.252903577e-13,2.774371897e-13,3.885395793e-13,2.116516459e-13,4.318656128e-13,9.295061103e-14,3.570621023e-14,9.598824782e-14,6.484222536e-14,6.726697749e-14,5.24905246e-14,1.243868261e-13,1.439383629e-13,7.405998453e-13,5.271338002e-14,6.671804108e-13,4.515298209e-14,6.698699924e-13,1.003776445e-13
57.0859375,3.73283408e-13,2.96857714e-13,3.030928897e-13,7.411208202e-14,2.854632888e-13,1.77380081e-13,1.084832583e-13,3.652161948e-14,5.456509062e-14,1.220793145e-13,1.368392457e-13,7.64758552e-14,2.399978904e-13,4.264252583e-13,2.797857457e-13,3.89177761e-13,2.114721153e-13,4.284901657e-13,9.252726714e-14,3.591846604e-14,9.586006454e-14,6.422885652e-14,6.782746033e-14,5.397629012e-14,1.247569009e-13,1.470833383e-13,7.477487691e-13,5.346497238e-14,6.767041069e-13,4.614221568e-14,6.69096698e-13,1.021779929e-13
57.09375,3.702798122e-13,2.953381621e-13,3.099045547e-13,7.451759643e-14,2.839757266e-13,1.800815836e-13,1.090250385e-13,3.613673101e-14,5.475770143e-14,1.225931553e-13,1.378378973e-13,7.765908396e-14,2.365744794e-13,4.275292376e-13,2.82157387e-13,3.896873369e-13,2.112173263e-13,4.250756386e-13,9.204494899e-14,3.620793234e-14,9.570483071e-14,6.362065905e-14,6.840549471e-14,5.552506707e-14,1.251416547e-13,1.502339517e-13,7.546265064e-13,5.43043732e-14,6.864290981e-13,4.722284783e-14,6.682521877e-13,1.039739922e-13
57.1015625,3.673744476e-13,2.937981649e-13,3.171677855e-13,7.48229265e-14,2.824536299e-13,1.828983011e-13,1.096036607e-13,3.574264534e-14,5.49597371e-14,1.231806018e-13,1.38873059e-13,7.89134941e-14,2.331790028e-13,4.288971988e-13,2.848637425e-13,3.904596378e-13,2.112050446e-13,4.217763906e-13,9.165368678e-14,3.651704367e-14,9.550674157e-14,6.305928109e-14,6.90121833e-14,5.707788889e-14,1.255838961e-13,1.534494892e-13,7.615864657e-13,5.525475756e-14,6.963784289e-13,4.83657522e-14,6.675149824e-13,1.057788328e-13
57.109375,3.646092461e-13,2.922481232e-13,3.248232955e-13,7.519654624e-14,2.809280926e-13,1.857331212e-13,1.10138027e-13,3.536356158e-14,5.517641431e-14,1.237538905e-13,1.399952264e-13,8.029443303e-14,2.297965543e-13,4.305695237e-13,2.877881308e-13,3.914371923e-13,2.115012868e-13,4.185156197e-13,9.141764546e-14,3.679887299e-14,9.529215545e-14,6.255387617e-14,6.963322206e-14,5.864740418e-14,1.260574163e-13,1.568172133e-13,7.687012666e-13,5.627727633e-14,7.065046089e-13,4.955731526e-14,6.670155237e-13,1.076502094e-13
57.1171875,3.617814885e-13,2.907347634e-13,3.32705652e-13,7.567864997e-14,2.793480205e-13,1.884982489e-13,1.106585935e-13,3.502415579e-14,5.538261435e-14,1.243228049e-13,1.411575801e-13,8.174285512e-14,2.263834731e-13,4.323083228e-13,2.907307878e-13,3.924466316e-13,2.119409439e-13,4.15229629e-13,9.122041859e-14,3.716965696e-14,9.507110976e-14,6.205817263e-14,7.024267797e-14,6.026494964e-14,1.265534821e-13,1.602996517e-13,7.758351856e-13,5.730307255e-14,7.16983549e-13,5.080347623e-14,6.667039572e-13,1.095859181e-13
57.125,3.589224667e-13,2.892500062e-13,3.406599646e-13,7.608758603e-14,2.776464423e-13,1.913131305e-13,1.112008081e-13,3.469815785e-14,5.556959525e-14,1.249675925e-13,1.423301115e-13,8.317509942e-14,2.22999207e-13,4.339763562e-13,2.937971813e-13,3.937080053e-13,2.125624728e-13,4.120024834e-13,9.101100338e-14,3.764050331e-14,9.480808132e-14,6.154913239e-14,7.087786338e-14,6.189396181e-14,1.270974775e-13,1.637995532e-13,7.828626382e-13,5.836167258e-14,7.276215295e-13,5.209056853e-14,6.662533184e-13,1.115384947e-13
57.1328125,3.561221535e-13,2.877035022e-13,3.486573943e-13,7.640541581e-14,2.758201175e-13,1.942265932e-13,1.117581001e-13,3.437426321e-14,5.577008655e-14,1.25678621e-13,1.435798599e-13,8.459008474e-14,2.196188419e-13,4.356229104e-13,2.969670144e-13,3.951576819e-13,2.134028725e-13,4.087675979e-13,9.083798126e-14,3.806605206e-14,9.450178003e-14,6.106322176e-14,7.158050196e-14,6.355276417e-14,1.276858668e-13,1.67297086e-13,7.897061137e-13,5.956228317e-14,7.37953749e-13,5.340817084e-14,6.655654916e-13,1.134809704e-13
57.140625,3.532323651e-13,2.857962994e-13,3.568446383e-13,7.676226639e-14,2.738401317e-13,1.971390104e-13,1.123274885e-13,3.407572676e-14,5.597300395e-14,1.264117322e-13,1.448959584e-13,8.601990101e-14,2.161646036e-13,4.373276746e-13,3.001254469e-13,3.964804247e-13,2.144287768e-13,4.053629089e-13,9.073788328e-14,3.844830935e-14,9.416147126e-14,6.062080656e-14,7.231449965e-14,6.527136176e-14,1.283082212e-13,1.708165514e-13,7.96416367e-13,6.092389126e-14,7.480675633e-13,5.477664693e-14,6.649361788e-13,1.154166929e-13
57.1484375,3.502756301e-13,2.836450522e-13,3.653383213e-13,7.718990383e-14,2.717095563e-13,2.000697736e-13,1.128946311e-13,3.379446228e-14,5.61226002e-14,1.27175008e-13,1.462502166e-13,8.745916463e-14,2.126872825e-13,4.390903264e-13,3.034222233e-13,3.978610618e-13,2.156814822e-13,4.018429168e-13,9.070934569e-14,3.889955992e-14,9.380607562e-14,6.018574368e-14,7.304584146e-14,6.69672415e-14,1.289596318e-13,1.743777719e-13,8.030189951e-13,6.239947709e-14,7.582268317e-13,5.620782852e-14,6.644141624e-13,1.173767563e-13
57.15625,3.475077512e-13,2.819429993e-13,3.741043032e-13,7.76750957e-14,2.696090938e-13,2.030592748e-13,1.134631313e-13,3.351764893e-14,5.623287313e-14,1.279406081e-13,1.477693456e-13,8.892353109e-14,2.092521575e-13,4.409519001e-13,3.069967253e-13,3.995835298e-13,2.171814096e-13,3.984326512e-13,9.07283217e-14,3.941379477e-14,9.353032874e-14,5.974413431e-14,7.379550528e-14,6.860136615e-14,1.29627123e-13,1.780090863e-13,8.094753254e-13,6.393338173e-14,7.684453802e-13,5.768517919e-14,6.638183058e-13,1.193782599e-13
57.1640625,3.449453674e-13,2.805788501e-13,3.831233704e-13,7.816387627e-14,2.675972604e-13,2.060237994e-13,1.140541572e-13,3.327600374e-14,5.636368818e-14,1.286683543e-13,1.494763474e-13,9.046483757e-14,2.058080203e-13,4.430200119e-13,3.107700232e-13,4.015021359e-13,2.189723547e-13,3.952003146e-13,9.080479862e-14,3.997111649e-14,9.333708486e-14,5.933664087e-14,7.457503265e-14,7.025636813e-14,1.303190095e-13,1.817086267e-13,8.158364828e-13,6.546712092e-14,7.789986035e-13,5.920035632e-14,6.631909757e-13,1.214001631e-13
57.171875,3.423560186e-13,2.786700836e-13,3.924291542e-13,7.85512899e-14,2.653893998e-13,2.089599666e-13,1.146528894e-13,3.308960121e-14,5.651875223e-14,1.294145494e-13,1.511786017e-13,9.206118331e-14,2.023182888e-13,4.452009092e-13,3.146861899e-13,4.03516011e-13,2.210937171e-13,3.919677316e-13,9.096057225e-14,4.06321809e-14,9.304767816e-14,5.896647813e-14,7.537477018e-14,7.195455109e-14,1.310472436e-13,1.854446869e-13,8.221186188e-13,6.702287153e-14,7.900678423e-13,6.075888939e-14,6.625763692e-13,1.234188964e-13
57.1796875,3.396511456e-13,2.763842747e-13,4.020308985e-13,7.889413027e-14,2.62951078e-13,2.119485125e-13,1.152777095e-13,3.294631375e-14,5.668640883e-14,1.3023278e-13,1.528515986e-13,9.365685018e-14,1.988754273e-13,4.474005006e-13,3.187702779e-13,4.057615522e-13,2.234249909e-13,3.886744157e-13,9.116588233e-14,4.13984747e-14,9.26062318e-14,5.860366571e-14,7.61894231e-14,7.364604008e-14,1.318003669e-13,1.892185439e-13,8.282768682e-13,6.864794194e-14,8.011155123e-13,6.235886305e-14,6.619930602e-13,1.254258033e-13
57.1875,3.370235756e-13,2.745439313e-13,4.118750764e-13,7.938576667e-14,2.606640072e-13,2.149377381e-13,1.15991911e-13,3.284255355e-14,5.687273756e-14,1.3109807e-13,1.546262914e-13,9.52802585e-14,1.955640118e-13,4.498260783e-13,3.230252612e-13,4.082794448e-13,2.259295314e-13,3.854923348e-13,9.142250762e-14,4.220585548e-14,9.214205059e-14,5.827016229e-14,7.701123037e-14,7.533903032e-14,1.325881105e-13,1.930206849e-13,8.343238878e-13,7.033529041e-14,8.117124612e-13,6.398839992e-14,6.616056145e-13,1.274344362e-13
57.1953125,3.345795596e-13,2.728946424e-13,4.218212162e-13,8.005721051e-14,2.584595702e-13,2.177939067e-13,1.167505646e-13,3.277367344e-14,5.704026169e-14,1.31989203e-13,1.564454043e-13,9.694325294e-14,1.92300893e-13,4.524692298e-13,3.274604524e-13,4.110650959e-13,2.2874704e-13,3.823943104e-13,9.177120456e-14,4.305541979e-14,9.166855263e-14,5.797485852e-14,7.784309581e-14,7.705102369e-14,1.334303012e-13,1.96789066e-13,8.402183338e-13,7.210724143e-14,8.221855716e-13,6.562630357e-14,6.613233734e-13,1.294523315e-13
57.203125,3.3212791e-13,2.708137103e-13,4.31859597e-13,8.076478962e-14,2.559316169e-13,2.205569524e-13,1.174391578e-13,3.272585298e-14,5.716086477e-14,1.328906515e-13,1.582532317e-13,9.859344945e-14,1.889808855e-13,4.550320763e-13,3.321034897e-13,4.141680667e-13,2.318941783e-13,3.792021888e-13,9.219143728e-14,4.399829086e-14,9.112243554e-14,5.768220046e-14,7.869401486e-14,7.874577208e-14,1.343060951e-13,2.005248749e-13,8.459509087e-13,7.39676006e-14,8.329363012e-13,6.727025714e-14,6.60940027e-13,1.314411088e-13
57.2109375,3.29693658e-13,2.685680707e-13,4.421290837e-13,8.140573468e-14,2.53289744e-13,2.234427883e-13,1.180768933e-13,3.270905552e-14,5.728957944e-14,1.338127081e-13,1.601729399e-13,1.002475155e-13,1.856536689e-13,4.575790824e-13,3.368908508e-13,4.175010331e-13,2.352804421e-13,3.759978098e-13,9.266693725e-14,4.503840182e-14,9.054899112e-14,5.741909096e-14,7.954783025e-14,8.042406672e-14,1.35188528e-13,2.04321309e-13,8.516518198e-13,7.586381258e-14,8.439139397e-13,6.895547585e-14,6.606405814e-13,1.333994911e-13
57.21875,3.275097817e-13,2.66536424e-13,4.525311426e-13,8.19853852e-14,2.508175748e-13,2.264338594e-13,1.187654685e-13,3.274508164e-14,5.746085929e-14,1.348207569e-13,1.621926884e-13,1.019382853e-13,1.823670664e-13,4.602465573e-13,3.416809246e-13,4.209134052e-13,2.388315128e-13,3.728272362e-13,9.321377453e-14,4.611853366e-14,8.996380489e-14,5.721443097e-14,8.039194085e-14,8.214106999e-14,1.360716477e-13,2.082045055e-13,8.57332114e-13,7.779810524e-14,8.548191927e-13,7.06875557e-14,6.604701773e-13,1.353894639e-13
57.2265625,3.253224635e-13,2.645113679e-13,4.629666442e-13,8.255705216e-14,2.481784904e-13,2.29228607e-13,1.195054594e-13,3.282736665e-14,5.763167536e-14,1.358945693e-13,1.642073438e-13,1.036268357e-13,1.790691572e-13,4.628778804e-13,3.465226285e-13,4.244757468e-13,2.425310205e-13,3.695101891e-13,9.381506608e-14,4.717959571e-14,8.932292404e-14,5.701192886e-14,8.124148841e-14,8.388361463e-14,1.369602869e-13,2.121131397e-13,8.629400944e-13,7.975447928e-14,8.65526434e-13,7.242767805e-14,6.600994287e-13,1.374020998e-13
57.234375,3.228471682e-13,2.622537911e-13,4.737040399e-13,8.314806711e-14,2.453104373e-13,2.31847925e-13,1.202446037e-13,3.293161254e-14,5.778343943e-14,1.369632698e-13,1.662994625e-13,1.053239063e-13,1.757553666e-13,4.655715409e-13,3.516521627e-13,4.283558337e-13,2.465368863e-13,3.661203058e-13,9.449929991e-14,4.826858972e-14,8.867585084e-14,5.680882894e-14,8.209341641e-14,8.557282265e-14,1.378789303e-13,2.160403192e-13,8.685055522e-13,8.170315868e-14,8.762835568e-13,7.418597839e-14,6.59582075e-13,1.393813547e-13
57.2421875,3.204265004e-13,2.597593367e-13,4.848041114e-13,8.37390055e-14,2.426315108e-13,2.346349046e-13,1.209894742e-13,3.30552819e-14,5.794369675e-14,1.380574424e-13,1.684901948e-13,1.07083881e-13,1.724611535e-13,4.68548344e-13,3.570772935e-13,4.325016751e-13,2.509145089e-13,3.629068127e-13,9.530171793e-14,4.951924661e-14,8.806450276e-14,5.666878444e-14,8.292359116e-14,8.721030888e-14,1.388275633e-13,2.199997848e-13,8.738536875e-13,8.373834837e-14,8.872329588e-13,7.599819553e-14,6.592581957e-13,1.413311235e-13
57.25,3.183056434e-13,2.571174201e-13,4.959740411e-13,8.435772994e-14,2.401788473e-13,2.37622055e-13,1.217405129e-13,3.322076134e-14,5.812634703e-14,1.391428857e-13,1.706092609e-13,1.088793662e-13,1.691943975e-13,4.716969053e-13,3.625442779e-13,4.367203178e-13,2.554492196e-13,3.59856756e-13,9.614844131e-14,5.090140085e-14,8.742261797e-14,5.658021208e-14,8.373444597e-14,8.886416072e-14,1.397574045e-13,2.238994767e-13,8.787720962e-13,8.588105271e-14,8.980084644e-13,7.782920932e-14,6.591308828e-13,1.432453235e-13
57.2578125,3.163425218e-13,2.545070388e-13,5.071836123e-13,8.508910987e-14,2.377839327e-13,2.40639068e-13,1.224519076e-13,3.343981105e-14,5.83262602e-14,1.401300028e-13,1.726504244e-13,1.106483231e-13,1.659719469e-13,4.749116194e-13,3.678794548e-13,4.409155591e-13,2.600538957e-13,3.568506691e-13,9.701031848e-14,5.220626992e-14,8.672361586e-14,5.651163532e-14,8.453714201e-14,9.053143041e-14,1.406467135e-13,2.276516765e-13,8.833738102e-13,8.802599273e-14,9.082776978e-13,7.964719656e-14,6.59030336e-13,1.450984007e-13
57.265625,3.144668525e-13,2.519727164e-13,5.185440585e-13,8.590356788e-14,2.353874969e-13,2.436753632e-13,1.231188025e-13,3.370221923e-14,5.852011057e-14,1.411552892e-13,1.747721312e-13,1.123683998e-13,1.627494741e-13,4.780762691e-13,3.730932055e-13,4.451151002e-13,2.64801585e-13,3.53797538e-13,9.793585302e-14,5.343786629e-14,8.602095491e-14,5.646780091e-14,8.532003012e-14,9.216931974e-14,1.415049998e-13,2.313042808e-13,8.877001742e-13,9.02372564e-14,9.181705048e-13,8.150143771e-14,6.588074726e-13,1.469036355e-13
57.2734375,3.125232458e-13,2.492824414e-13,5.300945287e-13,8.663802109e-14,2.328392657e-13,2.467392807e-13,1.237908956e-13,3.400201889e-14,5.869758463e-14,1.423481931e-13,1.770077666e-13,1.140780174e-13,1.594651061e-13,4.810891004e-13,3.784120015e-13,4.49459829e-13,2.697263345e-13,3.506394209e-13,9.891651403e-14,5.482852485e-14,8.533285083e-14,5.643680353e-14,8.60779196e-14,9.379737497e-14,1.423402267e-13,2.349036291e-13,8.915985291e-13,9.262824233e-14,9.279414489e-13,8.341105119e-14,6.584082267e-13,1.486356559e-13
57.28125,3.104888577e-13,2.462688328e-13,5.419313178e-13,8.723743974e-14,2.302688932e-13,2.49852563e-13,1.245023361e-13,3.433864949e-14,5.890738159e-14,1.435649282e-13,1.792820229e-13,1.158621682e-13,1.562205537e-13,4.843790745e-13,3.841100481e-13,4.540865343e-13,2.749916383e-13,3.475361544e-13,1.000059301e-13,5.638767982e-14,8.461924956e-14,5.644691488e-14,8.681420911e-14,9.547298486e-14,1.432048492e-13,2.384232682e-13,8.951898607e-13,9.512924811e-14,9.377509669e-13,8.53074871e-14,6.58105387e-13,1.502589417e-13
57.2890625,3.086924948e-13,2.430741102e-13,5.537841597e-13,8.784503909e-14,2.278939664e-13,2.529926311e-13,1.252355239e-13,3.471051354e-14,5.916674047e-14,1.447459239e-13,1.815381778e-13,1.177079234e-13,1.530898761e-13,4.881103161e-13,3.900252847e-13,4.588725611e-13,2.805623571e-13,3.445758046e-13,1.012563749e-13,5.792773163e-14,8.385574367e-14,5.652706229e-14,8.752087072e-14,9.721617924e-14,1.441239579e-13,2.419009422e-13,8.98615885e-13,9.767921102e-14,9.475733087e-13,8.71546816e-14,6.580675514e-13,1.518343749e-13
57.296875,3.070252589e-13,2.400084203e-13,5.652132001e-13,8.861787188e-14,2.253784747e-13,2.559675102e-13,1.25929229e-13,3.51363436e-14,5.940258502e-14,1.460194512e-13,1.83803203e-13,1.19498091e-13,1.499123727e-13,4.915359587e-13,3.957208973e-13,4.635615785e-13,2.86010957e-13,3.41518402e-13,1.02498308e-13,5.941417815e-14,8.309967511e-14,5.659358556e-14,8.822327594e-14,9.896285138e-14,1.450019356e-13,2.453732423e-13,9.016404655e-13,1.003111484e-13,9.570447097e-13,8.899576441e-14,6.579346239e-13,1.534144112e-13
57.3046875,3.052526503e-13,2.371720251e-13,5.764501608e-13,8.955299619e-14,2.226622852e-13,2.58862495e-13,1.265612989e-13,3.56254072e-14,5.959936566e-14,1.473629618e-13,1.861458223e-13,1.212146906e-13,1.466253223e-13,4.944953825e-13,4.012084365e-13,4.682174079e-13,2.913796055e-13,3.383542909e-13,1.036597729e-13,6.091082074e-14,8.241153308e-14,5.662688588e-14,8.896928329e-14,1.006164537e-13,1.457920159e-13,2.48737073e-13,9.041608341e-13,1.030242667e-13,9.659184612e-13,9.084439285e-14,6.574976937e-13,1.549734869e-13
57.3125,3.038045887e-13,2.342413486e-13,5.878221972e-13,9.049190185e-14,2.202718655e-13,2.619651457e-13,1.271933492e-13,3.613372642e-14,5.982940915e-14,1.486680843e-13,1.885206053e-13,1.22920821e-13,1.434421489e-13,4.977453006e-13,4.069053616e-13,4.732375577e-13,2.972279724e-13,3.354148764e-13,1.049470211e-13,6.24846221e-14,8.173503304e-14,5.675120281e-14,8.972916932e-14,1.021830605e-13,1.465963531e-13,2.519336928e-13,9.064944128e-13,1.057518277e-13,9.744873571e-13,9.26507387e-14,6.571041198e-13,1.564851594e-13
57.3203125,3.02705452e-13,2.310470142e-13,5.990948218e-13,9.133916612e-14,2.180539259e-13,2.650541618e-13,1.27846948e-13,3.664184074e-14,6.008315446e-14,1.499740391e-13,1.908883489e-13,1.246192894e-13,1.40437455e-13,5.012847639e-13,4.129455472e-13,4.787955618e-13,3.035918707e-13,3.327182133e-13,1.063859544e-13,6.421565609e-14,8.102238818e-14,5.695772703e-14,9.044242201e-14,1.037521531e-13,1.474638241e-13,2.550637967e-13,9.088069201e-13,1.084265917e-13,9.830279289e-13,9.441244493e-14,6.569226965e-13,1.579155757e-13
57.328125,3.01398387e-13,2.279808798e-13,6.102058265e-13,9.221124443e-14,2.155248662e-13,2.678595452e-13,1.284640714e-13,3.720697887e-14,6.029678131e-14,1.513596437e-13,1.933573395e-13,1.263066108e-13,1.373973709e-13,5.045313552e-13,4.190141802e-13,4.84546008e-13,3.100662682e-13,3.300121305e-13,1.078001961e-13,6.601755244e-14,8.033554334e-14,5.71097041e-14,9.11348932e-14,1.053538854e-13,1.483192528e-13,2.581776395e-13,9.108744757e-13,1.111491726e-13,9.913718906e-13,9.619686471e-14,6.56615561e-13,1.592516405e-13
57.3359375,3.001557572e-13,2.251381442e-13,6.213408311e-13,9.317206398e-14,2.130081464e-13,2.706882985e-13,1.290420205e-13,3.78482919e-14,6.050580993e-14,1.527892861e-13,1.959138285e-13,1.280006376e-13,1.342569545e-13,5.076185195e-13,4.248934273e-13,4.901468053e-13,3.16552805e-13,3.272601177e-13,1.092230891e-13,6.77533819e-14,7.966138508e-14,5.723086338e-14,9.183595928e-14,1.069630003e-13,1.49113039e-13,2.611991945e-13,9.125290419e-13,1.140810391e-13,9.992696275e-13,9.800984104e-14,6.560313473e-13,1.605487994e-13
57.34375,2.99444594e-13,2.220604823e-13,6.323724069e-13,9.407124854e-14,2.107799781e-13,2.737087548e-13,1.296197693e-13,3.851679686e-14,6.077227265e-14,1.541500531e-13,1.984129585e-13,1.29699364e-13,1.312186399e-13,5.109027859e-13,4.307799186e-13,4.957436707e-13,3.231195059e-13,3.245169613e-13,1.10779265e-13,6.95117058e-14,7.891580597e-14,5.743959158e-14,9.250141953e-14,1.085752141e-13,1.49848776e-13,2.640612797e-13,9.138952436e-13,1.171028286e-13,1.006657237e-12,9.977207334e-14,6.554908707e-13,1.618135624e-13
57.3515625,2.988812962e-13,2.188337891e-13,6.431588845e-13,9.490491253e-14,2.085536195e-13,2.766959635e-13,1.301678168e-13,3.92181884e-14,6.106601569e-14,1.554339721e-13,2.008726271e-13,1.314012402e-13,1.283081252e-13,5.142241696e-13,4.368322832e-13,5.016178811e-13,3.297064964e-13,3.217285539e-13,1.124274461e-13,7.138211121e-14,7.816423946e-14,5.772403738e-14,9.311332811e-14,1.101993745e-13,1.50529823e-13,2.667969411e-13,9.152000221e-13,1.200398266e-13,1.013687563e-12,1.014527e-13,6.550833906e-13,1.630004958e-13
57.359375,2.98255052e-13,2.159586796e-13,6.536991646e-13,9.586981061e-14,2.063379792e-13,2.79628331e-13,1.306408611e-13,3.999316121e-14,6.133273749e-14,1.567778864e-13,2.03346923e-13,1.330776554e-13,1.253261566e-13,5.173376481e-13,4.429287361e-13,5.07823179e-13,3.363108588e-13,3.188983345e-13,1.1409178e-13,7.335169072e-14,7.750920426e-14,5.800245666e-14,9.3689951e-14,1.118287614e-13,1.511694842e-13,2.695272914e-13,9.165286384e-13,1.229929422e-13,1.020572797e-12,1.031038551e-13,6.544404317e-13,1.641448867e-13
57.3671875,2.977695693e-13,2.132407547e-13,6.639803763e-13,9.694112475e-14,2.042709957e-13,2.825227938e-13,1.31047168e-13,4.081901607e-14,6.15791186e-14,1.581984549e-13,2.05820099e-13,1.347048411e-13,1.223005658e-13,5.20306425e-13,4.490311072e-13,5.142390139e-13,3.430680439e-13,3.161392454e-13,1.157874426e-13,7.548957391e-14,7.689270258e-14,5.826653577e-14,9.422737779e-14,1.134343366e-13,1.5178272e-13,2.722454779e-13,9.176062669e-13,1.260394144e-13,1.027109573e-12,1.047649268e-13,6.535159391e-13,1.652683804e-13
57.375,2.973297938e-13,2.102363775e-13,6.741207283e-13,9.797048539e-14,2.022051412e-13,2.852435869e-13,1.314230537e-13,4.167664013e-14,6.185240769e-14,1.59565566e-13,2.083315325e-13,1.363308595e-13,1.19433117e-13,5.233473409e-13,4.551027657e-13,5.205744614e-13,3.500376095e-13,3.135354726e-13,1.175724136e-13,7.77128644e-14,7.623550341e-14,5.856773272e-14,9.474972634e-14,1.149990198e-13,1.523714648e-13,2.74712189e-13,9.17958976e-13,1.291016516e-13,1.032890312e-12,1.064100975e-13,6.526418922e-13,1.662897246e-13
57.3828125,2.969987245e-13,2.070436122e-13,6.840610203e-13,9.900366409e-14,2.001886106e-13,2.879128372e-13,1.317998384e-13,4.258588299e-14,6.216900192e-14,1.608709195e-13,2.108290489e-13,1.379359622e-13,1.166884931e-13,5.264599857e-13,4.609573444e-13,5.266898509e-13,3.57070223e-13,3.110586963e-13,1.194508472e-13,7.97992523e-14,7.555374466e-14,5.892213978e-14,9.52739631e-14,1.165460128e-13,1.529327486e-13,2.768357055e-13,9.175679122e-13,1.321693235e-13,1.038052567e-12,1.079805188e-13,6.517334014e-13,1.671916685e-13
57.390625,2.970310625e-13,2.038554003e-13,6.935539294e-13,1.000355268e-13,1.983546166e-13,2.907374606e-13,1.321594757e-13,4.351208544e-14,6.248598942e-14,1.621570844e-13,2.132257929e-13,1.394268464e-13,1.139182523e-13,5.293821092e-13,4.666654257e-13,5.328413882e-13,3.63980533e-13,3.085702579e-13,1.213493573e-13,8.186088336e-14,7.487586556e-14,5.928857196e-14,9.57391915e-14,1.180887453e-13,1.534347968e-13,2.788421365e-13,9.168878425e-13,1.352494505e-13,1.042959915e-12,1.094683947e-13,6.50484869e-13,1.680670075e-13
57.3984375,2.97276858e-13,2.006859055e-13,7.028192214e-13,1.00958859e-13,1.96599655e-13,2.936117137e-13,1.324587913e-13,4.441567143e-14,6.278077777e-14,1.633964715e-13,2.156261326e-13,1.408568689e-13,1.111480813e-13,5.320671156e-13,4.723775601e-13,5.390975043e-13,3.707371312e-13,3.05961882e-13,1.232447979e-13,8.410714295e-14,7.42099202e-14,5.964936042e-14,9.613504719e-14,1.196257038e-13,1.538362325e-13,2.808539197e-13,9.160848803e-13,1.383456498e-13,1.047517323e-12,1.109470875e-13,6.490155967e-13,1.689528043e-13
57.40625,2.976339285e-13,1.975429931e-13,7.120642582e-13,1.018945276e-13,1.949392045e-13,2.963913994e-13,1.327275225e-13,4.535052448e-14,6.308830668e-14,1.646555967e-13,2.180172968e-13,1.423009295e-13,1.084678067e-13,5.346969132e-13,4.779112309e-13,5.452436953e-13,3.774392214e-13,3.033303073e-13,1.251670983e-13,8.642168726e-14,7.35487519e-14,6.00256027e-14,9.654970078e-14,1.211716099e-13,1.541695182e-13,2.827379851e-13,9.149845939e-13,1.41506783e-13,1.051477746e-12,1.124487994e-13,6.475397686e-13,1.697830804e-13
57.4140625,2.981818475e-13,1.943512023e-13,7.209150005e-13,1.029832638e-13,1.934418321e-13,2.991210522e-13,1.330135053e-13,4.634850362e-14,6.34108617e-14,1.659960619e-13,2.202385202e-13,1.436736218e-13,1.059044904e-13,5.37278193e-13,4.832232563e-13,5.513430721e-13,3.84252047e-13,3.008683986e-13,1.270902624e-13,8.868123987e-14,7.287755536e-14,6.041555588e-14,9.699628743e-14,1.226888808e-13,1.545061394e-13,2.843827227e-13,9.135787495e-13,1.446852968e-13,1.054837958e-12,1.138956299e-13,6.460473747e-13,1.704744343e-13
57.421875,2.987004896e-13,1.911025059e-13,7.293551623e-13,1.041173632e-13,1.919989051e-13,3.018798084e-13,1.332598109e-13,4.734816645e-14,6.37244951e-14,1.67327138e-13,2.224394671e-13,1.44977906e-13,1.034122324e-13,5.398734518e-13,4.885133338e-13,5.574093693e-13,3.912379672e-13,2.985721951e-13,1.290409041e-13,9.092960348e-14,7.221170854e-14,6.082466057e-14,9.738556123e-14,1.24101662e-13,1.54816259e-13,2.857705427e-13,9.119081324e-13,1.478383958e-13,1.057704627e-12,1.152443132e-13,6.445076975e-13,1.709950174e-13
57.4296875,2.991993112e-13,1.879008935e-13,7.378036333e-13,1.052262475e-13,1.906679853e-13,3.046942618e-13,1.333966701e-13,4.833886545e-14,6.406629779e-14,1.686415189e-13,2.247987735e-13,1.463442802e-13,1.00869201e-13,5.427116262e-13,4.936885855e-13,5.631457296e-13,3.982029021e-13,2.962510648e-13,1.311123481e-13,9.315711323e-14,7.15591319e-14,6.128808333e-14,9.766008549e-14,1.254352067e-13,1.5499358e-13,2.869358929e-13,9.098321091e-13,1.510497432e-13,1.060064842e-12,1.165604597e-13,6.428239259e-13,1.713947361e-13
57.4375,3.000930899e-13,1.846779945e-13,7.460414917e-13,1.063276318e-13,1.895766104e-13,3.075147611e-13,1.334661266e-13,4.938193893e-14,6.446346808e-14,1.700012289e-13,2.271072553e-13,1.477311649e-13,9.824925582e-14,5.456365428e-13,4.985640026e-13,5.685401711e-13,4.049227638e-13,2.938014126e-13,1.332439184e-13,9.534293381e-14,7.089258706e-14,6.179163528e-14,9.782531829e-14,1.26781486e-13,1.55021294e-13,2.879698304e-13,9.071971871e-13,1.542836219e-13,1.061721374e-12,1.178790831e-13,6.40898008e-13,1.717509212e-13
57.4453125,3.012588325e-13,1.814054308e-13,7.536176055e-13,1.073541646e-13,1.885124581e-13,3.102468669e-13,1.335126518e-13,5.04711794e-14,6.485456889e-14,1.713284503e-13,2.292315581e-13,1.490060741e-13,9.569652792e-14,5.48180193e-13,5.031774142e-13,5.738169104e-13,4.113685362e-13,2.912535654e-13,1.352981651e-13,9.752828294e-14,7.022825468e-14,6.227525605e-14,9.792678417e-14,1.28156877e-13,1.549668065e-13,2.889047459e-13,9.040129247e-13,1.574289484e-13,1.062693565e-12,1.191449878e-13,6.388021517e-13,1.720580157e-13
57.453125,3.022116384e-13,1.782281266e-13,7.606726775e-13,1.083576097e-13,1.872624837e-13,3.12864e-13,1.334903212e-13,5.155446227e-14,6.51875196e-14,1.726259851e-13,2.313596177e-13,1.501821987e-13,9.327075044e-14,5.502179252e-13,5.075916108e-13,5.790625655e-13,4.176444284e-13,2.886536975e-13,1.372919107e-13,9.977243872e-14,6.961654916e-14,6.271849255e-14,9.803273986e-14,1.295037794e-13,1.548575434e-13,2.896978897e-13,9.005468094e-13,1.605913916e-13,1.063333016e-12,1.20322528e-13,6.364993786e-13,1.722422524e-13
57.4609375,3.030634616e-13,1.750768442e-13,7.674572039e-13,1.094864805e-13,1.859768622e-13,3.154007543e-13,1.333937841e-13,5.264372535e-14,6.549517441e-14,1.740197902e-13,2.335640327e-13,1.513286661e-13,9.086793284e-14,5.519814292e-13,5.118859557e-13,5.843297839e-13,4.238834847e-13,2.861042253e-13,1.392946814e-13,1.021071935e-13,6.905167784e-14,6.314649421e-14,9.816167964e-14,1.30780118e-13,1.546959032e-13,2.903524201e-13,8.969535435e-13,1.638908126e-13,1.063632895e-12,1.214436673e-13,6.338799965e-13,1.722995259e-13
57.46875,3.042133029e-13,1.71829496e-13,7.739994662e-13,1.106548641e-13,1.848570279e-13,3.179219405e-13,1.332947048e-13,5.377643391e-14,6.58329156e-14,1.754325745e-13,2.356837082e-13,1.52471398e-13,8.84483526e-14,5.536479096e-13,5.16078135e-13,5.894767732e-13,4.300743233e-13,2.837391424e-13,1.413015552e-13,1.044519063e-13,6.849527127e-14,6.35885665e-14,9.824981324e-14,1.320200599e-13,1.544863232e-13,2.908736075e-13,8.928495759e-13,1.672079285e-13,1.063272014e-12,1.225421233e-13,6.310885712e-13,1.723006645e-13
57.4765625,3.056776428e-13,1.685816965e-13,7.802886647e-13,1.117133509e-13,1.838900284e-13,3.205590015e-13,1.331845164e-13,5.494021734e-14,6.62074465e-14,1.767513811e-13,2.376021875e-13,1.535989667e-13,8.607708024e-14,5.552138051e-13,5.199771349e-13,5.942289261e-13,4.360823563e-13,2.815186354e-13,1.433156745e-13,1.067678799e-13,6.79284018e-14,6.405293136e-14,9.824333373e-14,1.332749204e-13,1.541811846e-13,2.911909535e-13,8.880306026e-13,1.704510566e-13,1.0622283e-12,1.236057479e-13,6.282041708e-13,1.722518121e-13
57.484375,3.073026723e-13,1.653151973e-13,7.861607801e-13,1.127198409e-13,1.829974816e-13,3.23381376e-13,1.329978189e-13,5.609797509e-14,6.658228152e-14,1.780789057e-13,2.393575605e-13,1.546501742e-13,8.376938211e-14,5.566026961e-13,5.234780769e-13,5.986163115e-13,4.419188641e-13,2.792769513e-13,1.453421961e-13,1.091598511e-13,6.733784214e-14,6.452505822e-14,9.817919473e-14,1.345155356e-13,1.53746439e-13,2.912563218e-13,8.829667632e-13,1.737304727e-13,1.06047851e-12,1.246020746e-13,6.250807581e-13,1.720971552e-13
57.4921875,3.090515979e-13,1.620117223e-13,7.914518677e-13,1.137126823e-13,1.822003806e-13,3.262357927e-13,1.327417874e-13,5.724039977e-14,6.693861494e-14,1.794216507e-13,2.410392256e-13,1.555967786e-13,8.148995586e-14,5.577624137e-13,5.26657219e-13,6.027758603e-13,4.476165654e-13,2.769974367e-13,1.473136471e-13,1.116152284e-13,6.672485523e-14,6.499274293e-14,9.810352366e-14,1.357273235e-13,1.532272063e-13,2.911294206e-13,8.777891569e-13,1.770662155e-13,1.057978807e-12,1.255273962e-13,6.217254884e-13,1.718336715e-13
57.5,3.109564322e-13,1.589315486e-13,7.962696788e-13,1.146120181e-13,1.815605699e-13,3.289379165e-13,1.324147821e-13,5.838935445e-14,6.729275388e-14,1.806553221e-13,2.426990366e-13,1.564831173e-13,7.923815223e-14,5.586899203e-13,5.29572833e-13,6.067751065e-13,4.530671266e-13,2.747533811e-13,1.49187396e-13,1.140725581e-13,6.612118605e-14,6.545179695e-14,9.797507363e-14,1.369762535e-13,1.526347753e-13,2.908840841e-13,8.720406629e-13,1.803177253e-13,1.055023777e-12,1.2639639e-13,6.181739438e-13,1.71487589e-13
57.5078125,3.130947042e-13,1.56117625e-13,8.007215096e-13,1.154483997e-13,1.810875425e-13,3.315632409e-13,1.319831877e-13,5.956347965e-14,6.766157845e-14,1.818567921e-13,2.443777787e-13,1.573489892e-13,7.702140487e-14,5.594910017e-13,5.322878451e-13,6.107124368e-13,4.582838078e-13,2.724905775e-13,1.51055877e-13,1.165879868e-13,6.555543027e-14,6.5912276e-14,9.7770265e-14,1.382557188e-13,1.519294595e-13,2.904858542e-13,8.657246088e-13,1.83519515e-13,1.051555012e-12,1.271893877e-13,6.143659491e-13,1.710674384e-13
57.515625,3.155194357e-13,1.532807074e-13,8.047211729e-13,1.163340097e-13,1.807530117e-13,3.34287037e-13,1.314926808e-13,6.075911127e-14,6.805356536e-14,1.831133943e-13,2.460521024e-13,1.582206063e-13,7.482229005e-14,5.602434595e-13,5.34772222e-13,6.144617725e-13,4.633725757e-13,2.701735459e-13,1.529987696e-13,1.190845342e-13,6.502590543e-14,6.640257178e-14,9.756030695e-14,1.395023233e-13,1.511277247e-13,2.898868899e-13,8.592226688e-13,1.868096308e-13,1.047140989e-12,1.278708685e-13,6.10413607e-13,1.706188048e-13
57.5234375,3.181518401e-13,1.503663651e-13,8.081430195e-13,1.172573755e-13,1.804753849e-13,3.370515612e-13,1.309689882e-13,6.195346266e-14,6.844349356e-14,1.842961951e-13,2.475609965e-13,1.590621669e-13,7.264498289e-14,5.606777208e-13,5.368777027e-13,6.178848418e-13,4.682953688e-13,2.67895031e-13,1.549188287e-13,1.21481363e-13,6.452164541e-14,6.690462977e-14,9.735024172e-14,1.407202774e-13,1.502497884e-13,2.891412063e-13,8.524772901e-13,1.900915898e-13,1.041961496e-12,1.284521898e-13,6.062997298e-13,1.701783768e-13
57.53125,3.208540822e-13,1.474883216e-13,8.109376899e-13,1.181520257e-13,1.801925112e-13,3.397139869e-13,1.303505177e-13,6.311731507e-14,6.878654247e-14,1.85354344e-13,2.488202254e-13,1.597679099e-13,7.0513859e-14,5.60577906e-13,5.386432326e-13,6.211420494e-13,4.729642841e-13,2.656798725e-13,1.567335948e-13,1.239187029e-13,6.40408937e-14,6.736936538e-14,9.70416995e-14,1.418763518e-13,1.4926224e-13,2.882283605e-13,8.452057127e-13,1.932556857e-13,1.036349856e-12,1.289653543e-13,6.017824797e-13,1.696699335e-13
57.5390625,3.23583938e-13,1.446088566e-13,8.131859927e-13,1.190553376e-13,1.800025489e-13,3.423341827e-13,1.296354862e-13,6.426112383e-14,6.912401213e-14,1.86361214e-13,2.499500743e-13,1.603604466e-13,6.842472653e-14,5.603320902e-13,5.401762229e-13,6.241393349e-13,4.772828205e-13,2.635018885e-13,1.5854288e-13,1.263624241e-13,6.356671492e-14,6.783192249e-14,9.662891221e-14,1.429421081e-13,1.481552633e-13,2.870117162e-13,8.373946201e-13,1.963690901e-13,1.030193813e-12,1.294018715e-13,5.970091294e-13,1.690043037e-13
57.546875,3.264427433e-13,1.417884043e-13,8.149515785e-13,1.200129849e-13,1.799575068e-13,3.449881414e-13,1.288448218e-13,6.54221367e-14,6.951853728e-14,1.872891696e-13,2.510317708e-13,1.609402756e-13,6.635957023e-14,5.601614599e-13,5.413013232e-13,6.265018123e-13,4.811549231e-13,2.613486735e-13,1.603770423e-13,1.286462133e-13,6.308076858e-14,6.833331992e-14,9.620566026e-14,1.440520288e-13,1.469335884e-13,2.85540986e-13,8.291813401e-13,1.994141676e-13,1.023496545e-12,1.297550176e-13,5.921981589e-13,1.682235752e-13
57.5546875,3.295542277e-13,1.392215549e-13,8.161924004e-13,1.209843398e-13,1.799458022e-13,3.476005719e-13,1.27951627e-13,6.657865376e-14,6.990979875e-14,1.881578724e-13,2.520263614e-13,1.614578908e-13,6.431943071e-14,5.596184369e-13,5.418338155e-13,6.282586672e-13,4.846449457e-13,2.591126896e-13,1.621133431e-13,1.308791142e-13,6.262079804e-14,6.880876874e-14,9.580718965e-14,1.452570183e-13,1.455965431e-13,2.840175746e-13,8.206183769e-13,2.024150582e-13,1.016193341e-12,1.300727405e-13,5.870931755e-13,1.67419519e-13
57.5625,3.329324341e-13,1.368577251e-13,8.170497312e-13,1.219570156e-13,1.800401965e-13,3.50206339e-13,1.270183188e-13,6.771002534e-14,7.026609772e-14,1.890900267e-13,2.529349292e-13,1.619049584e-13,6.232445069e-14,5.586821876e-13,5.420590881e-13,6.298494035e-13,4.879959912e-13,2.568530636e-13,1.637890752e-13,1.33170808e-13,6.221921787e-14,6.924770031e-14,9.540744162e-14,1.464205541e-13,1.442118244e-13,2.824724002e-13,8.11752555e-13,2.055762162e-13,1.008141795e-12,1.303760966e-13,5.816980136e-13,1.666064483e-13
57.5703125,3.36514705e-13,1.344872636e-13,8.177458372e-13,1.229172338e-13,1.803825686e-13,3.52956764e-13,1.261236992e-13,6.886821511e-14,7.066632301e-14,1.900283325e-13,2.538062587e-13,1.624162894e-13,6.039680129e-14,5.578709357e-13,5.424811009e-13,6.316581146e-13,4.915019506e-13,2.548776628e-13,1.655446084e-13,1.354802761e-13,6.182844937e-14,6.973475379e-14,9.497664744e-14,1.475604185e-13,1.428369468e-13,2.808337689e-13,8.027279651e-13,2.0883735e-13,9.998991621e-13,1.305964134e-13,5.763664675e-13,1.657576203e-13
57.578125,3.401854123e-13,1.321518788e-13,8.181331482e-13,1.237851781e-13,1.807886387e-13,3.557625218e-13,1.252003541e-13,7.003362753e-14,7.107856747e-14,1.908207803e-13,2.546520192e-13,1.629485202e-13,5.852965783e-14,5.570605881e-13,5.430169136e-13,6.335212409e-13,4.951202493e-13,2.531314638e-13,1.672864825e-13,1.378405372e-13,6.143542468e-14,7.024171185e-14,9.448874656e-14,1.487652874e-13,1.414034159e-13,2.790885862e-13,7.935038668e-13,2.119218183e-13,9.917521002e-13,1.306969758e-13,5.70901845e-13,1.648583564e-13
57.5859375,3.438321608e-13,1.300204551e-13,8.17970765e-13,1.246424339e-13,1.811614135e-13,3.583893444e-13,1.241905809e-13,7.114137475e-14,7.143153615e-14,1.915052365e-13,2.554020731e-13,1.633697891e-13,5.670528308e-14,5.558775006e-13,5.430600633e-13,6.348550929e-13,4.983280171e-13,2.512672235e-13,1.688755884e-13,1.402090408e-13,6.109857582e-14,7.068880926e-14,9.393840395e-14,1.499385906e-13,1.398460843e-13,2.771925756e-13,7.838189155e-13,2.148497196e-13,9.828755483e-13,1.307467006e-13,5.65020653e-13,1.638848842e-13
57.59375,3.475653673e-13,1.279972168e-13,8.173725206e-13,1.256458042e-13,1.817461891e-13,3.608727187e-13,1.231336622e-13,7.22732313e-14,7.182160866e-14,1.921542457e-13,2.559703049e-13,1.637660534e-13,5.493322593e-14,5.545926579e-13,5.425138682e-13,6.356232674e-13,5.009326279e-13,2.493583581e-13,1.704164497e-13,1.424743459e-13,6.079504159e-14,7.112990597e-14,9.33287035e-14,1.510934636e-13,1.382006371e-13,2.751050223e-13,7.736973171e-13,2.177410295e-13,9.730428946e-13,1.307758655e-13,5.590176351e-13,1.628279158e-13
57.6015625,3.51535977e-13,1.259245398e-13,8.165279456e-13,1.266319888e-13,1.82539999e-13,3.634315817e-13,1.220354985e-13,7.347038946e-14,7.22800746e-14,1.927126181e-13,2.56404711e-13,1.641967343e-13,5.321497815e-14,5.533610465e-13,5.417799324e-13,6.362015638e-13,5.033237766e-13,2.476461068e-13,1.719790336e-13,1.44651491e-13,6.046060565e-14,7.161144869e-14,9.266366386e-14,1.523566041e-13,1.364939232e-13,2.72889809e-13,7.633068348e-13,2.205097949e-13,9.630525642e-13,1.307241097e-13,5.5297363e-13,1.617243494e-13
57.609375,3.555799297e-13,1.239647333e-13,8.154182963e-13,1.274093305e-13,1.832819358e-13,3.661054906e-13,1.208809263e-13,7.458942483e-14,7.267397283e-14,1.931778863e-13,2.56789767e-13,1.645502879e-13,5.153908616e-14,5.518328958e-13,5.408971087e-13,6.365274e-13,5.055876408e-13,2.460679506e-13,1.734145361e-13,1.467480767e-13,6.013154686e-14,7.206461998e-14,9.197658804e-14,1.535902246e-13,1.347186031e-13,2.706323033e-13,7.525313658e-13,2.23131348e-13,9.530475363e-13,1.305924083e-13,5.466043882e-13,1.606025273e-13
57.6171875,3.596364492e-13,1.22310727e-13,8.139964068e-13,1.28175931e-13,1.83975791e-13,3.687850478e-13,1.19680691e-13,7.561907683e-14,7.300010765e-14,1.936112047e-13,2.570967583e-13,1.648383117e-13,4.992075073e-14,5.499919052e-13,5.397814199e-13,6.365973235e-13,5.075967385e-13,2.445783237e-13,1.746918067e-13,1.488149924e-13,5.984542589e-14,7.245970566e-14,9.129152836e-14,1.546911136e-13,1.328929389e-13,2.683695815e-13,7.414657192e-13,2.25730636e-13,9.426991422e-13,1.304501203e-13,5.400314782e-13,1.594456371e-13
57.625,3.63979523e-13,1.208567903e-13,8.123580645e-13,1.290799683e-13,1.847452708e-13,3.714468199e-13,1.184401462e-13,7.668777405e-14,7.334341839e-14,1.939694164e-13,2.573650585e-13,1.651690079e-13,4.836770343e-14,5.481612522e-13,5.385672767e-13,6.365922795e-13,5.095758179e-13,2.432625144e-13,1.759880289e-13,1.509311329e-13,5.957117315e-14,7.283951605e-14,9.058570423e-14,1.558367906e-13,1.310219134e-13,2.660638569e-13,7.305232642e-13,2.283434528e-13,9.322134137e-13,1.302975773e-13,5.335136158e-13,1.582199199e-13
57.6328125,3.68521805e-13,1.194419888e-13,8.105922023e-13,1.299188198e-13,1.856025021e-13,3.741476665e-13,1.171724326e-13,7.775318706e-14,7.366875908e-14,1.942071288e-13,2.576971967e-13,1.65513708e-13,4.687131945e-14,5.463381379e-13,5.371056033e-13,6.361873817e-13,5.115125892e-13,2.421136208e-13,1.773448102e-13,1.529324356e-13,5.930479032e-14,7.322546762e-14,8.984471042e-14,1.570217227e-13,1.290809896e-13,2.636082805e-13,7.196787221e-13,2.308764714e-13,9.216109712e-13,1.300849504e-13,5.269605513e-13,1.569051017e-13
57.640625,3.729363515e-13,1.180252445e-13,8.084961734e-13,1.30574543e-13,1.865843836e-13,3.769074216e-13,1.158575515e-13,7.874364567e-14,7.39559621e-14,1.9440836e-13,2.579722592e-13,1.65781956e-13,4.543709231e-14,5.442285316e-13,5.351215603e-13,6.352038156e-13,5.13040538e-13,2.410436122e-13,1.786263716e-13,1.547706947e-13,5.905145072e-14,7.361897619e-14,8.909249502e-14,1.581053466e-13,1.270657558e-13,2.609704956e-13,7.085412656e-13,2.333068662e-13,9.10326286e-13,1.297930511e-13,5.202071075e-13,1.555378238e-13
57.6484375,3.774471557e-13,1.16662658e-13,8.057965808e-13,1.312220389e-13,1.876683693e-13,3.797033482e-13,1.144346502e-13,7.972004123e-14,7.423967794e-14,1.94632213e-13,2.580160818e-13,1.659503711e-13,4.405096192e-14,5.416969342e-13,5.32706661e-13,6.339600474e-13,5.141635864e-13,2.399433638e-13,1.797902098e-13,1.566888777e-13,5.879765689e-14,7.400566973e-14,8.835722487e-14,1.591812137e-13,1.249830422e-13,2.582173976e-13,6.969428989e-13,2.357639343e-13,8.981578301e-13,1.294210381e-13,5.131504035e-13,1.541867229e-13
57.65625,3.823281223e-13,1.154876959e-13,8.02638331e-13,1.320569745e-13,1.887491671e-13,3.824730051e-13,1.129238953e-13,8.067479746e-14,7.448329783e-14,1.948202918e-13,2.579214461e-13,1.660728466e-13,4.270835314e-14,5.389917799e-13,5.300739938e-13,6.32472331e-13,5.151146202e-13,2.388845404e-13,1.808969934e-13,1.586177216e-13,5.856793165e-14,7.435927114e-14,8.762596855e-14,1.602674856e-13,1.228413093e-13,2.553831005e-13,6.850243656e-13,2.382411687e-13,8.856971102e-13,1.289841964e-13,5.058656855e-13,1.528401672e-13
57.6640625,3.873688795e-13,1.144651775e-13,7.993191302e-13,1.330111482e-13,1.898758581e-13,3.851439014e-13,1.114004228e-13,8.156498899e-14,7.468190784e-14,1.949205215e-13,2.578405694e-13,1.66223128e-13,4.144929321e-14,5.364298726e-13,5.274086467e-13,6.30779026e-13,5.160032903e-13,2.381266612e-13,1.819699082e-13,1.603523462e-13,5.836800305e-14,7.469772693e-14,8.683730374e-14,1.612485963e-13,1.206774286e-13,2.525047487e-13,6.731413768e-13,2.405362645e-13,8.735937916e-13,1.285066039e-13,4.986795937e-13,1.514474708e-13
57.671875,3.925622313e-13,1.13447724e-13,7.958721488e-13,1.338010915e-13,1.911822922e-13,3.877875122e-13,1.098752812e-13,8.244899126e-14,7.490852916e-14,1.949351084e-13,2.577527411e-13,1.66389861e-13,4.025124523e-14,5.339445732e-13,5.247953164e-13,6.291477734e-13,5.168895476e-13,2.376352199e-13,1.830183771e-13,1.620605369e-13,5.817140474e-14,7.506104281e-14,8.598335254e-14,1.62229463e-13,1.185190519e-13,2.496568325e-13,6.614273107e-13,2.427207375e-13,8.61692938e-13,1.279888606e-13,4.915951732e-13,1.500556139e-13
57.6796875,3.980796465e-13,1.12570019e-13,7.923177852e-13,1.343893187e-13,1.926506681e-13,3.905637984e-13,1.083247465e-13,8.332906255e-14,7.516624201e-14,1.948780268e-13,2.576003842e-13,1.665374129e-13,3.904739981e-14,5.313423403e-13,5.21983625e-13,6.272929972e-13,5.176066541e-13,2.371662837e-13,1.840532269e-13,1.637932931e-13,5.801648542e-14,7.544547673e-14,8.515074313e-14,1.632791274e-13,1.163396454e-13,2.46829635e-13,6.495911483e-13,2.450404471e-13,8.494145524e-13,1.274417546e-13,4.842582951e-13,1.487279305e-13
57.6875,4.036213173e-13,1.119096446e-13,7.886571291e-13,1.350501065e-13,1.941410132e-13,3.93401188e-13,1.067284149e-13,8.413802568e-14,7.540477496e-14,1.94765491e-13,2.573820568e-13,1.666907503e-13,3.78680374e-14,5.286327561e-13,5.187810877e-13,6.249051768e-13,5.1796525e-13,2.367324017e-13,1.850368766e-13,1.653474724e-13,5.792217188e-14,7.582242911e-14,8.436126644e-14,1.6427233e-13,1.141097651e-13,2.439599419e-13,6.375817935e-13,2.47355457e-13,8.368425934e-13,1.268857572e-13,4.76728919e-13,1.474218848e-13
57.6953125,4.090045418e-13,1.112320281e-13,7.846392287e-13,1.358230683e-13,1.955898457e-13,3.961024396e-13,1.050928788e-13,8.489213457e-14,7.560853886e-14,1.945904242e-13,2.570760819e-13,1.668059309e-13,3.67591676e-14,5.257923322e-13,5.153120837e-13,6.222580305e-13,5.181770401e-13,2.363749977e-13,1.859213163e-13,1.667743375e-13,5.781574992e-14,7.617532381e-14,8.35382574e-14,1.652286357e-13,1.118421446e-13,2.410312505e-13,6.255436706e-13,2.494564083e-13,8.243204568e-13,1.262877334e-13,4.69262175e-13,1.460852585e-13
57.703125,4.146256474e-13,1.106544238e-13,7.801296102e-13,1.365319823e-13,1.970958299e-13,3.987503421e-13,1.034734559e-13,8.561413497e-14,7.577855821e-14,1.943294168e-13,2.566092682e-13,1.668088453e-13,3.56900148e-14,5.227832691e-13,5.115884996e-13,6.19414007e-13,5.18348323e-13,2.360413292e-13,1.866936562e-13,1.681628001e-13,5.768950041e-14,7.65067785e-14,8.267163882e-14,1.661826025e-13,1.095454338e-13,2.380385885e-13,6.132816913e-13,2.514900745e-13,8.115937204e-13,1.255981595e-13,4.616583704e-13,1.447292915e-13
57.7109375,4.205687253e-13,1.104860964e-13,7.752657072e-13,1.372130695e-13,1.98695366e-13,4.015102099e-13,1.018568082e-13,8.626880995e-14,7.592613301e-14,1.940040432e-13,2.559628663e-13,1.667788729e-13,3.465592055e-14,5.196686333e-13,5.076222904e-13,6.162467334e-13,5.181561192e-13,2.358206435e-13,1.873873341e-13,1.694352628e-13,5.760912766e-14,7.683127019e-14,8.180430006e-14,1.670229876e-13,1.07203124e-13,2.350157596e-13,6.008342296e-13,2.535611111e-13,7.986194449e-13,1.248147616e-13,4.53721857e-13,1.433610466e-13
57.71875,4.2640358e-13,1.105012455e-13,7.702058879e-13,1.379403189e-13,2.002628478e-13,4.042859609e-13,1.001658922e-13,8.686065413e-14,7.605214646e-14,1.936616493e-13,2.552841421e-13,1.668057157e-13,3.368112833e-14,5.163866446e-13,5.036617979e-13,6.129419404e-13,5.175553692e-13,2.357425418e-13,1.880902366e-13,1.706778068e-13,5.757536157e-14,7.714828349e-14,8.092834331e-14,1.677861691e-13,1.04831712e-13,2.320371023e-13,5.884869095e-13,2.556435324e-13,7.858047667e-13,1.239749645e-13,4.456649489e-13,1.41979564e-13
57.7265625,4.321215951e-13,1.105497147e-13,7.652566357e-13,1.386821641e-13,2.018681179e-13,4.070101734e-13,9.845376319e-14,8.743097599e-14,7.614495364e-14,1.933034392e-13,2.547283028e-13,1.668509534e-13,3.274833147e-14,5.129813309e-13,4.997520106e-13,6.095416726e-13,5.169496098e-13,2.357693115e-13,1.888325208e-13,1.719773059e-13,5.756610605e-14,7.745185687e-14,8.004428072e-14,1.685734672e-13,1.024757031e-13,2.290853166e-13,5.75961678e-13,2.578029001e-13,7.728956816e-13,1.231536941e-13,4.376805982e-13,1.406142441e-13
57.734375,4.381170255e-13,1.109154135e-13,7.60675479e-13,1.394747377e-13,2.037425284e-13,4.097983639e-13,9.681312116e-14,8.799601794e-14,7.624458889e-14,1.928849793e-13,2.542576222e-13,1.668973967e-13,3.184948693e-14,5.097638301e-13,4.957866252e-13,6.060056534e-13,5.164994196e-13,2.360192914e-13,1.895210274e-13,1.73222797e-13,5.758486984e-14,7.775603817e-14,7.916971032e-14,1.693298952e-13,1.001337608e-13,2.26124798e-13,5.631191682e-13,2.59935429e-13,7.595639399e-13,1.223945855e-13,4.297580395e-13,1.392898729e-13
57.7421875,4.4437264e-13,1.114881981e-13,7.56135607e-13,1.402438332e-13,2.057800561e-13,4.126315064e-13,9.51716532e-14,8.854296301e-14,7.637388998e-14,1.92391394e-13,2.537960502e-13,1.669512172e-13,3.100118082e-14,5.066849466e-13,4.918699638e-13,6.025318992e-13,5.160110791e-13,2.364814946e-13,1.901254588e-13,1.744071013e-13,5.763037029e-14,7.805945903e-14,7.828723617e-14,1.700357311e-13,9.778870651e-14,2.232388836e-13,5.505082511e-13,2.619130612e-13,7.463751977e-13,1.216334677e-13,4.218305298e-13,1.379965091e-13
57.75,4.506112427e-13,1.119825928e-13,7.512096381e-13,1.408615118e-13,2.077175167e-13,4.154005283e-13,9.344153631e-14,8.903323299e-14,7.645606243e-14,1.918774817e-13,2.533462911e-13,1.669594378e-13,3.021185096e-14,5.033713524e-13,4.879350414e-13,5.990051391e-13,5.153951879e-13,2.370171683e-13,1.907302298e-13,1.755833902e-13,5.772932358e-14,7.833293966e-14,7.741051607e-14,1.707405154e-13,9.546500742e-14,2.204618029e-13,5.382004298e-13,2.639695843e-13,7.335652456e-13,1.208284506e-13,4.138608942e-13,1.367040224e-13
57.7578125,4.568553973e-13,1.126079178e-13,7.461495837e-13,1.415313385e-13,2.096016534e-13,4.18174952e-13,9.166851285e-14,8.944634167e-14,7.645652525e-14,1.913717457e-13,2.528583766e-13,1.669366011e-13,2.950342954e-14,4.998695229e-13,4.837271057e-13,5.951395968e-13,5.147285652e-13,2.377134613e-13,1.913406399e-13,1.766971494e-13,5.788151091e-14,7.857341029e-14,7.65690441e-14,1.714498589e-13,9.316284005e-14,2.177015782e-13,5.257666901e-13,2.661944145e-13,7.206718308e-13,1.200500266e-13,4.059608835e-13,1.353821235e-13
57.765625,4.631727095e-13,1.13483171e-13,7.41450496e-13,1.424315926e-13,2.115349278e-13,4.210702288e-13,8.99076423e-14,8.981568943e-14,7.644231722e-14,1.908328107e-13,2.523329842e-13,1.669784864e-13,2.888354236e-14,4.964336206e-13,4.794267471e-13,5.912167455e-13,5.141214477e-13,2.386790779e-13,1.919198888e-13,1.777915389e-13,5.80097186e-14,7.88094405e-14,7.572387936e-14,1.721777445e-13,9.084947584e-14,2.149565064e-13,5.133271076e-13,2.683225016e-13,7.078653166e-13,1.193273888e-13,3.982289295e-13,1.340357204e-13
57.7734375,4.694461036e-13,1.144743671e-13,7.37000171e-13,1.43328629e-13,2.134239919e-13,4.24012258e-13,8.815931295e-14,9.016295884e-14,7.643473434e-14,1.902668906e-13,2.518950501e-13,1.670870228e-13,2.831459816e-14,4.930123196e-13,4.753426653e-13,5.875200716e-13,5.136638312e-13,2.39851131e-13,1.925047623e-13,1.789106073e-13,5.811109988e-14,7.905554882e-14,7.485986984e-14,1.729033528e-13,8.854854261e-14,2.123291927e-13,5.011266714e-13,2.70360697e-13,6.955761065e-13,1.186055959e-13,3.905518804e-13,1.327182927e-13
57.78125,4.757251653e-13,1.15644765e-13,7.322382866e-13,1.440701069e-13,2.152713381e-13,4.267933849e-13,8.641262556e-14,9.045837394e-14,7.640481626e-14,1.896752257e-13,2.514840963e-13,1.671621826e-13,2.776802688e-14,4.895287294e-13,4.71256244e-13,5.836689635e-13,5.131682036e-13,2.411203785e-13,1.930619302e-13,1.799137117e-13,5.825571058e-14,7.929630169e-14,7.402258463e-14,1.73576266e-13,8.628790292e-14,2.098301109e-13,4.889691576e-13,2.724134906e-13,6.834942609e-13,1.178710441e-13,3.828930561e-13,1.314648956e-13
57.7890625,4.821673798e-13,1.16912978e-13,7.270548026e-13,1.447940731e-13,2.17230677e-13,4.29359978e-13,8.465575986e-14,9.068441458e-14,7.636161012e-14,1.88963383e-13,2.509075753e-13,1.671455149e-13,2.724546661e-14,4.860679315e-13,4.668961025e-13,5.793615285e-13,5.123066447e-13,2.423568506e-13,1.935118722e-13,1.80766039e-13,5.842041641e-14,7.950645086e-14,7.320008641e-14,1.742091666e-13,8.403970188e-14,2.073782037e-13,4.767389346e-13,2.742946551e-13,6.713009115e-13,1.171393863e-13,3.753313394e-13,1.30239334e-13
57.796875,4.886485354e-13,1.181464784e-13,7.219197793e-13,1.455609091e-13,2.192700357e-13,4.318991186e-13,8.290357405e-14,9.08655653e-14,7.630426578e-14,1.881765203e-13,2.502349517e-13,1.670801135e-13,2.676506329e-14,4.826492441e-13,4.624615685e-13,5.748964923e-13,5.11218221e-13,2.436083593e-13,1.939177776e-13,1.815413939e-13,5.85740362e-14,7.968780607e-14,7.236889525e-14,1.747841567e-13,8.182783027e-14,2.049455784e-13,4.645994969e-13,2.760717655e-13,6.592639474e-13,1.163912468e-13,3.67757627e-13,1.290103123e-13
57.8046875,4.950047705e-13,1.196817352e-13,7.170006513e-13,1.463631145e-13,2.211653199e-13,4.344941297e-13,8.118425957e-14,9.102696375e-14,7.620455786e-14,1.874972947e-13,2.496251516e-13,1.67029789e-13,2.635796329e-14,4.792353268e-13,4.582507698e-13,5.706400626e-13,5.103130494e-13,2.451201076e-13,1.943542029e-13,1.821766633e-13,5.875737428e-14,7.987254901e-14,7.15658524e-14,1.752760093e-13,7.971523412e-14,2.025898342e-13,4.527667738e-13,2.780049269e-13,6.477673842e-13,1.156028478e-13,3.601367713e-13,1.27821498e-13
57.8125,5.014005874e-13,1.21615251e-13,7.120184649e-13,1.472097153e-13,2.229154913e-13,4.370559704e-13,7.948860019e-14,9.117747356e-14,7.607288644e-14,1.868666265e-13,2.490423363e-13,1.669891453e-13,2.602343335e-14,4.758901111e-13,4.543875236e-13,5.667466379e-13,5.096930313e-13,2.469375537e-13,1.947995709e-13,1.827506165e-13,5.894839067e-14,8.007558621e-14,7.077426628e-14,1.757533004e-13,7.767079026e-14,2.003424595e-13,4.413477218e-13,2.799082535e-13,6.368868498e-13,1.147712559e-13,3.526903235e-13,1.26699775e-13
57.8203125,5.080049824e-13,1.234755108e-13,7.069583755e-13,1.480049824e-13,2.247739715e-13,4.396094896e-13,7.780595759e-14,9.130604621e-14,7.593178406e-14,1.861132601e-13,2.48458278e-13,1.669391251e-13,2.57341372e-14,4.727045083e-13,4.5078469e-13,5.631367034e-13,5.092821175e-13,2.489419727e-13,1.952724489e-13,1.834572844e-13,5.910208059e-14,8.027549552e-14,6.993718595e-14,1.762290767e-13,7.56401518e-14,1.981531624e-13,4.301698724e-13,2.8159283e-13,6.263212469e-13,1.139231762e-13,3.454376027e-13,1.25583933e-13
57.828125,5.146643981e-13,1.252241869e-13,7.019508945e-13,1.487128675e-13,2.267684028e-13,4.42125782e-13,7.614765169e-14,9.138229376e-14,7.577207812e-14,1.853096057e-13,2.479053231e-13,1.66906522e-13,2.550484787e-14,4.696325648e-13,4.471033243e-13,5.593942345e-13,5.089173077e-13,2.510822076e-13,1.957819256e-13,1.841328782e-13,5.925810703e-14,8.045222759e-14,6.908826469e-14,1.766644616e-13,7.36474831e-14,1.960141445e-13,4.19092689e-13,2.832485246e-13,6.159185636e-13,1.130956326e-13,3.382363801e-13,1.24437841e-13
57.8359375,5.212607484e-13,1.272243792e-13,6.969547502e-13,1.494357728e-13,2.287274063e-13,4.44478056e-13,7.451507807e-14,9.141184607e-14,7.5597761e-14,1.845496275e-13,2.473502672e-13,1.668932062e-13,2.535039433e-14,4.666212676e-13,4.43288318e-13,5.553542078e-13,5.084085046e-13,2.532895971e-13,1.962851042e-13,1.846301576e-13,5.943600963e-14,8.062224452e-14,6.828205527e-14,1.770998574e-13,7.171149673e-14,1.939870363e-13,4.082497134e-13,2.849248391e-13,6.059325094e-13,1.122807249e-13,3.311858233e-13,1.233248918e-13
57.84375,5.279189541e-13,1.294104511e-13,6.920992054e-13,1.501981136e-13,2.30687779e-13,4.468450508e-13,7.292156035e-14,9.143193243e-14,7.543028835e-14,1.837866805e-13,2.467745608e-13,1.668580872e-13,2.523225722e-14,4.637460834e-13,4.397219993e-13,5.51424447e-13,5.078925361e-13,2.555491785e-13,1.968011748e-13,1.852106844e-13,5.960546818e-14,8.08185066e-14,6.750707379e-14,1.775169e-13,6.981091935e-14,1.920473547e-13,3.975465313e-13,2.865544635e-13,5.962852257e-13,1.114544633e-13,3.243312687e-13,1.222953068e-13
57.8515625,5.345564984e-13,1.315871513e-13,6.8740404e-13,1.509749179e-13,2.326488497e-13,4.493408664e-13,7.137082186e-14,9.142594295e-14,7.525287577e-14,1.830470007e-13,2.461471483e-13,1.667678707e-13,2.513631424e-14,4.608905579e-13,4.363593673e-13,5.477359402e-13,5.074311049e-13,2.579016163e-13,1.972936419e-13,1.859380279e-13,5.977242744e-14,8.102551367e-14,6.674718776e-14,1.778491894e-13,6.793908484e-14,1.901072345e-13,3.867100009e-13,2.882089469e-13,5.866415729e-13,1.106204903e-13,3.174651163e-13,1.213029276e-13
57.859375,5.409618313e-13,1.338275654e-13,6.824946054e-13,1.517711823e-13,2.344218294e-13,4.516387272e-13,6.981136114e-14,9.137514659e-14,7.503665986e-14,1.823613395e-13,2.45432207e-13,1.66614515e-13,2.509313435e-14,4.578224246e-13,4.328787817e-13,5.440736816e-13,5.067757537e-13,2.603014194e-13,1.976718657e-13,1.866125746e-13,5.995678381e-14,8.119538602e-14,6.599221098e-14,1.781647069e-13,6.609391013e-14,1.881591863e-13,3.759158838e-13,2.898487956e-13,5.771618946e-13,1.097719432e-13,3.105654075e-13,1.202849158e-13
57.8671875,5.474335021e-13,1.361708189e-13,6.774511261e-13,1.525701076e-13,2.361271551e-13,4.537555794e-13,6.824299348e-14,9.132808703e-14,7.480442204e-14,1.816595957e-13,2.447482572e-13,1.664692511e-13,2.510569605e-14,4.548224333e-13,4.295778305e-13,5.405832609e-13,5.061589696e-13,2.628112337e-13,1.980501411e-13,1.87274127e-13,6.016986789e-14,8.134800813e-14,6.522234736e-14,1.785327568e-13,6.42763537e-14,1.86257634e-13,3.654719133e-13,2.914528907e-13,5.680426351e-13,1.089142608e-13,3.038327201e-13,1.192536565e-13
57.875,5.543257841e-13,1.386461713e-13,6.727898059e-13,1.534474034e-13,2.380243512e-13,4.561135132e-13,6.67479777e-14,9.12837997e-14,7.459167814e-14,1.809436876e-13,2.441455467e-13,1.664329756e-13,2.515862681e-14,4.522869588e-13,4.267284729e-13,5.373398345e-13,5.059697966e-13,2.655303715e-13,1.985518213e-13,1.879369668e-13,6.041194562e-14,8.153520256e-14,6.444699831e-14,1.788974788e-13,6.250239958e-14,1.844785835e-13,3.553558589e-13,2.931359561e-13,5.59211971e-13,1.080978404e-13,2.97306262e-13,1.182676798e-13
57.8828125,5.612926219e-13,1.41341191e-13,6.684567768e-13,1.544628181e-13,2.399693995e-13,4.586182793e-13,6.531866408e-14,9.118906206e-14,7.437915325e-14,1.80251868e-13,2.43497042e-13,1.66457878e-13,2.524636684e-14,4.499429702e-13,4.239999239e-13,5.341418019e-13,5.059098141e-13,2.683258285e-13,1.990521303e-13,1.885305702e-13,6.065292655e-14,8.172535722e-14,6.368323703e-14,1.792016463e-13,6.07735953e-14,1.828827021e-13,3.455804614e-13,2.94814296e-13,5.508051252e-13,1.073397593e-13,2.908619522e-13,1.173449188e-13
57.890625,5.679563525e-13,1.441511742e-13,6.641794313e-13,1.554600051e-13,2.417495735e-13,4.609737424e-13,6.38782471e-14,9.107145339e-14,7.412169186e-14,1.795496723e-13,2.428671357e-13,1.664151007e-13,2.535656902e-14,4.474242578e-13,4.213667661e-13,5.311928204e-13,5.057594128e-13,2.711358833e-13,1.994742801e-13,1.892285143e-13,6.090020049e-14,8.186298615e-14,6.293128294e-14,1.794241029e-13,5.909692709e-14,1.814398355e-13,3.361975168e-13,2.964181523e-13,5.427831397e-13,1.066112552e-13,2.844196862e-13,1.164512405e-13
57.8984375,5.744343211e-13,1.469411242e-13,6.599748621e-13,1.563807077e-13,2.433683206e-13,4.632685921e-13,6.246421546e-14,9.095530932e-14,7.380811326e-14,1.788312863e-13,2.423155378e-13,1.662726562e-13,2.54925396e-14,4.447874544e-13,4.191229274e-13,5.287189141e-13,5.057266163e-13,2.740334873e-13,1.998721776e-13,1.900407642e-13,6.11818458e-14,8.195541499e-14,6.22015705e-14,1.795559334e-13,5.750349702e-14,1.801013099e-13,3.26990451e-13,2.980174863e-13,5.348125067e-13,1.05884929e-13,2.779869403e-13,1.155617587e-13
57.90625,5.807976477e-13,1.497823786e-13,6.556163137e-13,1.57339696e-13,2.448582205e-13,4.654696887e-13,6.114368166e-14,9.078976422e-14,7.346522006e-14,1.78096315e-13,2.415693123e-13,1.660450669e-13,2.568692986e-14,4.421016772e-13,4.171464392e-13,5.26533542e-13,5.057786956e-13,2.769485253e-13,2.002375156e-13,1.90806561e-13,6.144913311e-14,8.202423423e-14,6.149122381e-14,1.796223868e-13,5.599369806e-14,1.788616981e-13,3.178739206e-13,2.99427472e-13,5.270380097e-13,1.051164858e-13,2.716212351e-13,1.14689016e-13
57.9140625,5.871070822e-13,1.52729777e-13,6.510931159e-13,1.582746832e-13,2.463985439e-13,4.675196107e-13,5.987413227e-14,9.057531843e-14,7.312847701e-14,1.773232553e-13,2.406460915e-13,1.657969766e-13,2.596173586e-14,4.395883581e-13,4.153761683e-13,5.246504565e-13,5.060086537e-13,2.799552698e-13,2.006522467e-13,1.917192192e-13,6.168651834e-14,8.210094203e-14,6.078767703e-14,1.79658262e-13,5.454752185e-14,1.776981957e-13,3.090814864e-13,3.006673742e-13,5.197892312e-13,1.043175416e-13,2.654126863e-13,1.138570865e-13
57.921875,5.935615027e-13,1.557679219e-13,6.47153994e-13,1.591569139e-13,2.481297266e-13,4.697704362e-13,5.86259516e-14,9.034158005e-14,7.281175717e-14,1.765891387e-13,2.40009917e-13,1.656750719e-13,2.631201763e-14,4.376146034e-13,4.140728126e-13,5.231329796e-13,5.067100432e-13,2.83262261e-13,2.01223901e-13,1.928045154e-13,6.197309811e-14,8.222894392e-14,6.012331443e-14,1.796936298e-13,5.318035138e-14,1.766390336e-13,3.006654016e-13,3.022339921e-13,5.129594451e-13,1.036030095e-13,2.594651268e-13,1.130617647e-13
57.9296875,6.000087228e-13,1.589084528e-13,6.439787056e-13,1.601552191e-13,2.498028832e-13,4.722530766e-13,5.744279352e-14,9.006908152e-14,7.249698128e-14,1.759351283e-13,2.396792355e-13,1.656766299e-13,2.672523597e-14,4.359601097e-13,4.131651138e-13,5.217359798e-13,5.076144708e-13,2.867275413e-13,2.017964944e-13,1.937068965e-13,6.231462872e-14,8.237157466e-14,5.951649554e-14,1.797382449e-13,5.190541447e-14,1.757591778e-13,2.924878642e-13,3.0406378e-13,5.064227922e-13,1.029946511e-13,2.537736804e-13,1.122648711e-13
57.9375,6.062598852e-13,1.620864177e-13,6.407077084e-13,1.612298187e-13,2.512561411e-13,4.744751414e-13,5.631377795e-14,8.977355124e-14,7.214940024e-14,1.752366444e-13,2.392198847e-13,1.656099202e-13,2.720025292e-14,4.341553819e-13,4.123709072e-13,5.2048134e-13,5.084028298e-13,2.901297702e-13,2.022279608e-13,1.945220242e-13,6.26553163e-14,8.245071215e-14,5.89202759e-14,1.79754479e-13,5.069701874e-14,1.75005752e-13,2.845521487e-13,3.055608435e-13,5.001619388e-13,1.023731846e-13,2.481811953e-13,1.114599353e-13
57.9453125,6.125091288e-13,1.65271089e-13,6.369628409e-13,1.622309964e-13,2.526209937e-13,4.763476421e-13,5.517620182e-14,8.948570386e-14,7.173990493e-14,1.744459162e-13,2.38537863e-13,1.653840616e-13,2.77365696e-14,4.322051452e-13,4.116703898e-13,5.195617601e-13,5.092564712e-13,2.93494225e-13,2.026111128e-13,1.955308301e-13,6.299805138e-14,8.246850227e-14,5.831682138e-14,1.797117523e-13,4.952876166e-14,1.742902022e-13,2.768614147e-13,3.067647902e-13,4.940035495e-13,1.017168089e-13,2.426112402e-13,1.106919094e-13
57.953125,6.187102058e-13,1.685290739e-13,6.331943184e-13,1.631936924e-13,2.538797448e-13,4.781656246e-13,5.402731163e-14,8.918038454e-14,7.128182501e-14,1.736659046e-13,2.378424055e-13,1.650609516e-13,2.831263966e-14,4.302094658e-13,4.11120986e-13,5.18827225e-13,5.102014416e-13,2.968373996e-13,2.029944349e-13,1.965117255e-13,6.334063041e-14,8.246218967e-14,5.773041002e-14,1.796186026e-13,4.839707746e-14,1.736249451e-13,2.693559127e-13,3.080732464e-13,4.878787074e-13,1.011129362e-13,2.371644518e-13,1.099563624e-13
57.9609375,6.247097407e-13,1.71836473e-13,6.296851392e-13,1.64144476e-13,2.550925867e-13,4.80004652e-13,5.291958472e-14,8.886139044e-14,7.084323284e-14,1.729322678e-13,2.37247194e-13,1.647396712e-13,2.892554163e-14,4.282823805e-13,4.10749614e-13,5.181642473e-13,5.111197493e-13,3.00228702e-13,2.034072537e-13,1.973277702e-13,6.368463677e-14,8.246037583e-14,5.714217291e-14,1.794732926e-13,4.731264305e-14,1.729876389e-13,2.620950166e-13,3.095036855e-13,4.819556648e-13,1.00567308e-13,2.31930578e-13,1.092002677e-13
57.96875,6.308112505e-13,1.752165387e-13,6.263537566e-13,1.651310227e-13,2.564817506e-13,4.818470591e-13,5.188408531e-14,8.855301685e-14,7.046003102e-14,1.721940866e-13,2.367404379e-13,1.644984462e-13,2.960039694e-14,4.266943257e-13,4.106170987e-13,5.176720215e-13,5.121276532e-13,3.037604488e-13,2.039462209e-13,1.981751262e-13,6.408265642e-14,8.250448752e-14,5.6532964e-14,1.792690047e-13,4.628248327e-14,1.723320963e-13,2.551210919e-13,3.109683577e-13,4.763674812e-13,1.00018497e-13,2.269192622e-13,1.084469917e-13
57.9765625,6.370164114e-13,1.787342685e-13,6.230566748e-13,1.66180313e-13,2.578293287e-13,4.836424354e-13,5.089934631e-14,8.821006025e-14,7.006288524e-14,1.714009702e-13,2.361900765e-13,1.64255731e-13,3.032108747e-14,4.252642022e-13,4.107028824e-13,5.17378233e-13,5.132145696e-13,3.072151077e-13,2.044984175e-13,1.990517098e-13,6.451447474e-14,8.255884923e-14,5.593081188e-14,1.790444035e-13,4.52938415e-14,1.716930274e-13,2.483567828e-13,3.123312848e-13,4.710527362e-13,9.944188759e-14,2.220670518e-13,1.077383617e-13
57.984375,6.429055315e-13,1.82213178e-13,6.197771809e-13,1.670776175e-13,2.588577182e-13,4.852635977e-13,4.993233295e-14,8.78032308e-14,6.958427715e-14,1.705364473e-13,2.355395976e-13,1.638793552e-13,3.107358596e-14,4.23644335e-13,4.110101671e-13,5.173338176e-13,5.142934072e-13,3.104684664e-13,2.048979784e-13,1.999080595e-13,6.491632648e-14,8.25343558e-14,5.533912827e-14,1.788585636e-13,4.433698244e-14,1.711062107e-13,2.418124121e-13,3.134323066e-13,4.658812693e-13,9.886955527e-14,2.172829854e-13,1.070117743e-13
57.9921875,6.48702176e-13,1.856262932e-13,6.166622884e-13,1.678729366e-13,2.598703634e-13,4.868383897e-13,4.89930688e-14,8.739142291e-14,6.908108117e-14,1.696868599e-13,2.349815221e-13,1.634696486e-13,3.190055999e-14,4.221136391e-13,4.116844975e-13,5.176479356e-13,5.15509363e-13,3.138158303e-13,2.052953304e-13,2.008399805e-13,6.532087735e-14,8.247477286e-14,5.474565903e-14,1.786928559e-13,4.343299242e-14,1.70618762e-13,2.356001138e-13,3.145298093e-13,4.609277308e-13,9.835753394e-14,2.126312668e-13,1.06231641e-13
58,6.547993729e-13,1.892188813e-13,6.13699243e-13,1.689241876e-13,2.610584301e-13,4.885502574e-13,4.810381198e-14,8.701367164e-14,6.862812593e-14,1.689359073e-13,2.34584499e-13,1.631374065e-13,3.279013479e-14,4.208593073e-13,4.127241965e-13,5.183121976e-13,5.16934844e-13,3.173641043e-13,2.058422363e-13,2.017380183e-13,6.575073774e-14,8.247316254e-14,5.418319084e-14,1.784590723e-13,4.261352116e-14,1.702630509e-13,2.297207326e-13,3.158471728e-13,4.563345158e-13,9.789433756e-14,2.082125378e-13,1.054835114e-13
58.0078125,6.608084401e-13,1.928441477e-13,6.108080386e-13,1.700850207e-13,2.621262518e-13,4.902159645e-13,4.724576901e-14,8.662760365e-14,6.818698736e-14,1.682129377e-13,2.341733524e-13,1.627723354e-13,3.369250384e-14,4.19525633e-13,4.138964893e-13,5.19200207e-13,5.184446789e-13,3.208770933e-13,2.06409516e-13,2.024736777e-13,6.617000002e-14,8.248083392e-14,5.366314821e-14,1.78143487e-13,4.18789241e-14,1.699221635e-13,2.240151259e-13,3.170961937e-13,4.519930974e-13,9.742595737e-14,2.039326982e-13,1.047980968e-13
58.015625,6.663937672e-13,1.963170227e-13,6.08179246e-13,1.710940386e-13,2.629788977e-13,4.916800919e-13,4.639482698e-14,8.621380361e-14,6.772095287e-14,1.674600934e-13,2.337332111e-13,1.623620325e-13,3.465005898e-14,4.180800908e-13,4.151579643e-13,5.202407667e-13,5.199332843e-13,3.242665671e-13,2.069034689e-13,2.0333498e-13,6.661640824e-14,8.243983472e-14,5.314283542e-14,1.77813181e-13,4.118431765e-14,1.695351054e-13,2.184038388e-13,3.182335068e-13,4.478124906e-13,9.698519147e-14,1.997604424e-13,1.041130215e-13
58.0234375,6.718297835e-13,1.999069389e-13,6.057618295e-13,1.721650305e-13,2.637488765e-13,4.930458014e-13,4.556732351e-14,8.584135756e-14,6.729159759e-14,1.667281768e-13,2.333035191e-13,1.62012772e-13,3.567422385e-14,4.16736934e-13,4.167069168e-13,5.216033715e-13,5.21366775e-13,3.275655595e-13,2.073524003e-13,2.045891683e-13,6.712178663e-14,8.23910373e-14,5.261537699e-14,1.775090899e-13,4.049287119e-14,1.69231913e-13,2.130714314e-13,3.195148865e-13,4.438444185e-13,9.659848752e-14,1.9579076e-13,1.034400728e-13
58.03125,6.772198662e-13,2.03503783e-13,6.031617721e-13,1.732294707e-13,2.643779453e-13,4.943140601e-13,4.479811842e-14,8.554585208e-14,6.691459419e-14,1.660001604e-13,2.327171825e-13,1.616219593e-13,3.665453131e-14,4.153220402e-13,4.18506894e-13,5.234294127e-13,5.228088393e-13,3.307257988e-13,2.076951811e-13,2.059734243e-13,6.76227147e-14,8.232471468e-14,5.210999025e-14,1.77244439e-13,3.983015126e-14,1.690230192e-13,2.081286063e-13,3.206908901e-13,4.399517835e-13,9.6186005e-14,1.918826968e-13,1.02835008e-13
58.0390625,6.824435909e-13,2.067533853e-13,6.004811205e-13,1.739841874e-13,2.648494394e-13,4.954808796e-13,4.409845741e-14,8.524986224e-14,6.651396615e-14,1.652447707e-13,2.319756968e-13,1.610805865e-13,3.756124766e-14,4.137240049e-13,4.203460847e-13,5.254872615e-13,5.242997147e-13,3.337404385e-13,2.079114202e-13,2.072018052e-13,6.811659556e-14,8.219232377e-14,5.161642721e-14,1.769901854e-13,3.922494044e-14,1.687885437e-13,2.033501388e-13,3.215120427e-13,4.360190471e-13,9.574079136e-14,1.878984935e-13,1.022732954e-13
58.046875,6.876471773e-13,2.099541909e-13,5.980620108e-13,1.746692568e-13,2.653351451e-13,4.966638965e-13,4.344236901e-14,8.48968419e-14,6.607917468e-14,1.645216781e-13,2.313115544e-13,1.605032082e-13,3.850187621e-14,4.121903917e-13,4.22309093e-13,5.275672661e-13,5.257454903e-13,3.366789397e-13,2.081599214e-13,2.084075063e-13,6.865957802e-14,8.204175365e-14,5.110443133e-14,1.766981045e-13,3.865488809e-14,1.685285415e-13,1.986484448e-13,3.223124843e-13,4.32193408e-13,9.534598107e-14,1.840694106e-13,1.017070043e-13
58.0546875,6.929084111e-13,2.132549478e-13,5.957763634e-13,1.754968367e-13,2.658750953e-13,4.978046896e-13,4.280805547e-14,8.452695972e-14,6.566177817e-14,1.637985144e-13,2.307226585e-13,1.599441966e-13,3.953623453e-14,4.10833546e-13,4.245934101e-13,5.298124111e-13,5.272064963e-13,3.396116236e-13,2.085326951e-13,2.096991057e-13,6.921023125e-14,8.191917434e-14,5.056753235e-14,1.764222934e-13,3.81137851e-14,1.682719634e-13,1.942575495e-13,3.232036714e-13,4.285336939e-13,9.498319151e-14,1.805407733e-13,1.011196567e-13
58.0625,6.979967479e-13,2.163351214e-13,5.93528802e-13,1.762815758e-13,2.663004113e-13,4.988360963e-13,4.221454636e-14,8.418812287e-14,6.526135749e-14,1.630102319e-13,2.300923877e-13,1.593415741e-13,4.061690105e-14,4.094788276e-13,4.271829945e-13,5.324510579e-13,5.289015095e-13,3.425319549e-13,2.089164143e-13,2.11100226e-13,6.972260396e-14,8.177366071e-14,5.00205764e-14,1.762092238e-13,3.762691541e-14,1.6803716e-13,1.902197555e-13,3.239475381e-13,4.250131511e-13,9.460860794e-14,1.771104637e-13,1.005074447e-13
58.0703125,7.028335184e-13,2.193949604e-13,5.914240846e-13,1.770279744e-13,2.665020341e-13,4.998798467e-13,4.167386873e-14,8.389295926e-14,6.486204509e-14,1.622821078e-13,2.294696379e-13,1.587137419e-13,4.169479003e-14,4.079647455e-13,4.300417885e-13,5.355946043e-13,5.307643268e-13,3.453421457e-13,2.092082769e-13,2.128488715e-13,7.025600094e-14,8.157231864e-14,4.949278463e-14,1.75980067e-13,3.718783519e-14,1.679091458e-13,1.863894041e-13,3.246666092e-13,4.217023521e-13,9.426233769e-14,1.736643756e-13,9.990919272e-14
58.078125,7.076661042e-13,2.226090729e-13,5.893137364e-13,1.778057019e-13,2.666322538e-13,5.008872647e-13,4.116154287e-14,8.362252449e-14,6.446622903e-14,1.616856362e-13,2.287960923e-13,1.580674138e-13,4.281152289e-14,4.064086321e-13,4.331525642e-13,5.390781521e-13,5.325707789e-13,3.48074427e-13,2.094689887e-13,2.149233753e-13,7.085363101e-14,8.134832138e-14,4.899011688e-14,1.757246658e-13,3.678599491e-14,1.678730874e-13,1.827909664e-13,3.255053289e-13,4.184948634e-13,9.394165221e-14,1.702895185e-13,9.936471139e-14
58.0859375,7.126934109e-13,2.255609838e-13,5.871761165e-13,1.785156734e-13,2.669181899e-13,5.017500274e-13,4.067371262e-14,8.334104161e-14,6.405917103e-14,1.61071869e-13,2.279349764e-13,1.573543313e-13,4.403033906e-14,4.050720931e-13,4.364198512e-13,5.425662597e-13,5.343537238e-13,3.50847211e-13,2.097972642e-13,2.169535989e-13,7.148696489e-14,8.112373141e-14,4.84797331e-14,1.754842728e-13,3.643365909e-14,1.67828418e-13,1.794596361e-13,3.262605084e-13,4.151869745e-13,9.359886161e-14,1.670418606e-13,9.883347066e-14
58.09375,7.177337436e-13,2.283269155e-13,5.851964296e-13,1.791850034e-13,2.672698203e-13,5.026173208e-13,4.023335306e-14,8.305095818e-14,6.364976936e-14,1.604129579e-13,2.269902406e-13,1.565903717e-13,4.531284704e-14,4.038731984e-13,4.398235351e-13,5.460518242e-13,5.361135318e-13,3.534864241e-13,2.101657856e-13,2.189552284e-13,7.212813089e-14,8.089729624e-14,4.796350991e-14,1.751882201e-13,3.611377467e-14,1.677672207e-13,1.76345107e-13,3.269027929e-13,4.118806237e-13,9.323128276e-14,1.639363996e-13,9.827487422e-14
58.1015625,7.22418309e-13,2.312929314e-13,5.831892428e-13,1.798733744e-13,2.67418935e-13,5.034912006e-13,3.98365422e-14,8.276876401e-14,6.326775735e-14,1.598357717e-13,2.260478681e-13,1.557800763e-13,4.661491776e-14,4.025097369e-13,4.433586414e-13,5.497155888e-13,5.376084762e-13,3.557689651e-13,2.104681341e-13,2.211554472e-13,7.275676802e-14,8.066289128e-14,4.747689586e-14,1.748367575e-13,3.580641109e-14,1.676615554e-13,1.734531995e-13,3.275328522e-13,4.087474139e-13,9.282679423e-14,1.60960835e-13,9.771373734e-14
58.109375,7.267728329e-13,2.341398815e-13,5.810553773e-13,1.805452124e-13,2.674319718e-13,5.041814277e-13,3.946909091e-14,8.247359574e-14,6.289180891e-14,1.592985262e-13,2.250101166e-13,1.548999164e-13,4.798239431e-14,4.010671697e-13,4.469660817e-13,5.535516426e-13,5.389067345e-13,3.579102981e-13,2.107033567e-13,2.234400546e-13,7.33745412e-14,8.040760847e-14,4.699456501e-14,1.745276327e-13,3.554391183e-14,1.674687642e-13,1.70740566e-13,3.280125413e-13,4.056696674e-13,9.238995336e-14,1.580855543e-13,9.716084255e-14
58.1171875,7.311571138e-13,2.365785842e-13,5.792395591e-13,1.811471203e-13,2.675626609e-13,5.048328516e-13,3.914353899e-14,8.216716569e-14,6.250107514e-14,1.587004236e-13,2.239628592e-13,1.540194341e-13,4.941839047e-14,3.998226497e-13,4.50778995e-13,5.576885183e-13,5.404173504e-13,3.601852574e-13,2.109755162e-13,2.257291003e-13,7.404294696e-14,8.013722162e-14,4.647522134e-14,1.742477305e-13,3.534966115e-14,1.672912275e-13,1.681345306e-13,3.283410044e-13,4.025407219e-13,9.199549763e-14,1.553484716e-13,9.660859256e-14
58.125,7.355823946e-13,2.390131125e-13,5.779331223e-13,1.816017377e-13,2.677366812e-13,5.056899901e-13,3.887060873e-14,8.189465586e-14,6.213265023e-14,1.58129049e-13,2.230988248e-13,1.53202414e-13,5.08788453e-14,3.98719844e-13,4.550368772e-13,5.624101191e-13,5.421994382e-13,3.625132209e-13,2.112985107e-13,2.282281962e-13,7.480913566e-14,7.987128763e-14,4.595847817e-14,1.739930976e-13,3.519083673e-14,1.671845295e-13,1.656986102e-13,3.288036368e-13,3.995777237e-13,9.165881912e-14,1.52762774e-13,9.607387696e-14
58.1328125,7.398519101e-13,2.417598085e-13,5.768088498e-13,1.820508836e-13,2.677530633e-13,5.06653901e-13,3.863858858e-14,8.16645221e-14,6.180475977e-14,1.576770249e-13,2.223321266e-13,1.524206358e-13,5.238549234e-14,3.975965989e-13,4.596969077e-13,5.676338657e-13,5.440129596e-13,3.647891645e-13,2.115957284e-13,2.310335295e-13,7.563257269e-14,7.960514731e-14,4.548487403e-14,1.738188369e-13,3.50353503e-14,1.670456884e-13,1.634997917e-13,3.294909798e-13,3.969618039e-13,9.131858104e-14,1.50269557e-13,9.554763275e-14
58.140625,7.440596307e-13,2.445312646e-13,5.756976443e-13,1.826718962e-13,2.676898886e-13,5.075379463e-13,3.843760594e-14,8.14364305e-14,6.148676665e-14,1.572611547e-13,2.214787367e-13,1.516570086e-13,5.39380125e-14,3.964707915e-13,4.644012436e-13,5.728887415e-13,5.457537554e-13,3.669878877e-13,2.118585381e-13,2.33872964e-13,7.646329266e-14,7.932321444e-14,4.502247472e-14,1.736654365e-13,3.489138378e-14,1.66841291e-13,1.615009597e-13,3.301703139e-13,3.944502848e-13,9.097761179e-14,1.47905128e-13,9.499874861e-14
58.1484375,7.481520595e-13,2.469498996e-13,5.746708075e-13,1.831869351e-13,2.676318183e-13,5.08264158e-13,3.826553605e-14,8.119871363e-14,6.115524834e-14,1.567940903e-13,2.205468255e-13,1.508706027e-13,5.548811752e-14,3.953215453e-13,4.688752178e-13,5.778741553e-13,5.473066904e-13,3.689455041e-13,2.120935191e-13,2.364249708e-13,7.732876574e-14,7.901627842e-14,4.455080572e-14,1.734749216e-13,3.477235028e-14,1.666014137e-13,1.596450325e-13,3.306318228e-13,3.917624077e-13,9.066246434e-14,1.457151705e-13,9.443158676e-14
58.15625,7.518610111e-13,2.492097182e-13,5.737077456e-13,1.834495503e-13,2.674668363e-13,5.088415262e-13,3.811375853e-14,8.098668103e-14,6.080021045e-14,1.563322412e-13,2.196209177e-13,1.499735645e-13,5.707076798e-14,3.940526749e-13,4.73310701e-13,5.829024158e-13,5.486274939e-13,3.705923342e-13,2.122524916e-13,2.388873562e-13,7.827037123e-14,7.867323503e-14,4.408973274e-14,1.732709298e-13,3.466319526e-14,1.662841329e-13,1.57924263e-13,3.309763723e-13,3.890324544e-13,9.032940567e-14,1.435746926e-13,9.385156854e-14
58.1640625,7.554185629e-13,2.51648537e-13,5.727000256e-13,1.838061852e-13,2.672081744e-13,5.094036855e-13,3.79804447e-14,8.079557323e-14,6.042723664e-14,1.559365542e-13,2.186999689e-13,1.489951123e-13,5.875273758e-14,3.927137654e-13,4.779959455e-13,5.883607571e-13,5.499537606e-13,3.720902816e-13,2.123517247e-13,2.416074415e-13,7.925571105e-14,7.830488714e-14,4.363491711e-14,1.73055098e-13,3.455436373e-14,1.658825407e-13,1.564507162e-13,3.314113973e-13,3.864473452e-13,8.993903682e-14,1.414432598e-13,9.324708307e-14
58.171875,7.591278762e-13,2.539856497e-13,5.715785e-13,1.842539413e-13,2.66953181e-13,5.099529921e-13,3.788114287e-14,8.058965616e-14,6.008637316e-14,1.555434407e-13,2.177002772e-13,1.480310053e-13,6.050944452e-14,3.913604045e-13,4.827227083e-13,5.939572282e-13,5.513264075e-13,3.734928052e-13,2.124270511e-13,2.444162596e-13,8.025368054e-14,7.793296463e-14,4.316529127e-14,1.729204675e-13,3.447338756e-14,1.654700395e-13,1.553124124e-13,3.317986693e-13,3.83908299e-13,8.951129373e-14,1.394870679e-13,9.263306473e-14
58.1796875,7.626901834e-13,2.559874209e-13,5.704058836e-13,1.844744217e-13,2.66604425e-13,5.103033966e-13,3.781519192e-14,8.041074437e-14,5.981644329e-14,1.551090364e-13,2.165918892e-13,1.470603604e-13,6.228041281e-14,3.898536904e-13,4.872884648e-13,5.994412653e-13,5.525104034e-13,3.747219869e-13,2.124188569e-13,2.47240681e-13,8.131932904e-14,7.75378656e-14,4.267451112e-14,1.729628985e-13,3.443255467e-14,1.650813518e-13,1.543704284e-13,3.319192221e-13,3.813696064e-13,8.907179723e-14,1.376834106e-13,9.202679953e-14
58.1875,7.659988515e-13,2.579247408e-13,5.693176251e-13,1.845345087e-13,2.661428203e-13,5.10513264e-13,3.775829195e-14,8.027452522e-14,5.956361768e-14,1.54705534e-13,2.154728302e-13,1.460368556e-13,6.407057701e-14,3.881715064e-13,4.9197022e-13,6.051567953e-13,5.535248997e-13,3.758260448e-13,2.12340586e-13,2.502792102e-13,8.247806882e-14,7.709883684e-14,4.216245202e-14,1.73001886e-13,3.440370371e-14,1.646731057e-13,1.534917295e-13,3.319691861e-13,3.78912725e-13,8.861466485e-14,1.358122656e-13,9.141223605e-14
58.1953125,7.694301172e-13,2.598282121e-13,5.683628617e-13,1.84605617e-13,2.657761179e-13,5.108323099e-13,3.771222012e-14,8.00796896e-14,5.925710239e-14,1.543465813e-13,2.144013133e-13,1.449957148e-13,6.593876036e-14,3.865744511e-13,4.968728372e-13,6.110936805e-13,5.544743611e-13,3.76883945e-13,2.12312762e-13,2.532890495e-13,8.367511149e-14,7.664987787e-14,4.165366125e-14,1.728678103e-13,3.437197135e-14,1.641880997e-13,1.52750677e-13,3.321678652e-13,3.764487891e-13,8.812799804e-14,1.339227355e-13,9.078236585e-14
58.203125,7.729810143e-13,2.61719573e-13,5.675645323e-13,1.847039329e-13,2.655533749e-13,5.112979543e-13,3.770126349e-14,7.983185552e-14,5.893260723e-14,1.539551769e-13,2.133504053e-13,1.4396679e-13,6.788872111e-14,3.85159486e-13,5.018150182e-13,6.169456796e-13,5.55278269e-13,3.778533502e-13,2.12311196e-13,2.562244442e-13,8.493476386e-14,7.622352291e-14,4.119125916e-14,1.72714826e-13,3.434286011e-14,1.636478964e-13,1.522291002e-13,3.324145444e-13,3.739416241e-13,8.763666073e-14,1.322261465e-13,9.017009065e-14
58.2109375,7.763837378e-13,2.637360267e-13,5.669361821e-13,1.847795446e-13,2.653583743e-13,5.11807826e-13,3.77155827e-14,7.964938289e-14,5.866168961e-14,1.535262573e-13,2.123203874e-13,1.429376316e-13,6.984500386e-14,3.837359688e-13,5.067964551e-13,6.228624429e-13,5.559576689e-13,3.786773969e-13,2.122161423e-13,2.594591694e-13,8.63171558e-14,7.58076637e-14,4.077224769e-14,1.72696788e-13,3.432639324e-14,1.631132781e-13,1.519139155e-13,3.32581095e-13,3.715889518e-13,8.71666065e-14,1.30666154e-13,8.960198609e-14
58.21875,7.796059942e-13,2.652547155e-13,5.663101934e-13,1.845837594e-13,2.651517843e-13,5.122228729e-13,3.772724288e-14,7.950119236e-14,5.84248648e-14,1.530784428e-13,2.112251681e-13,1.418646375e-13,7.176739223e-14,3.82188811e-13,5.117007323e-13,6.288058057e-13,5.565642008e-13,3.793571787e-13,2.12034724e-13,2.62646558e-13,8.772896733e-14,7.537263887e-14,4.034897125e-14,1.727576041e-13,3.434627974e-14,1.625280438e-13,1.517228881e-13,3.325231463e-13,3.693439084e-13,8.667990053e-14,1.290834769e-13,8.904086738e-14
58.2265625,7.825673614e-13,2.65977456e-13,5.654982429e-13,1.840915708e-13,2.648362417e-13,5.123614045e-13,3.773821656e-14,7.931141856e-14,5.816069265e-14,1.525923693e-13,2.099605627e-13,1.406933148e-13,7.368084922e-14,3.804861675e-13,5.163356193e-13,6.344798939e-13,5.569908004e-13,3.799083847e-13,2.118266863e-13,2.654226278e-13,8.908789954e-14,7.488730384e-14,3.989316039e-14,1.728133996e-13,3.439465828e-14,1.617974257e-13,1.515634872e-13,3.321770587e-13,3.66921902e-13,8.613915436e-14,1.274991409e-13,8.842275259e-14
58.234375,7.852766253e-13,2.669879618e-13,5.646298776e-13,1.837876909e-13,2.643437254e-13,5.12308467e-13,3.776463339e-14,7.913249254e-14,5.786220503e-14,1.521371525e-13,2.08720264e-13,1.394730345e-13,7.564184394e-14,3.786318099e-13,5.209528088e-13,6.401376961e-13,5.572247861e-13,3.80345856e-13,2.116316115e-13,2.683534149e-13,9.052056701e-14,7.435908125e-14,3.941460636e-14,1.728212442e-13,3.442868028e-14,1.609858119e-13,1.515412032e-13,3.319178014e-13,3.644390056e-13,8.558135118e-14,1.259941215e-13,8.775609749e-14
58.2421875,7.880700096e-13,2.687171987e-13,5.640047609e-13,1.838431282e-13,2.638826966e-13,5.124185647e-13,3.781512205e-14,7.89980491e-14,5.757487005e-14,1.517838022e-13,2.077295379e-13,1.383253874e-13,7.772522003e-14,3.768327169e-13,5.258040499e-13,6.460900805e-13,5.574491761e-13,3.8071472e-13,2.115075062e-13,2.716788557e-13,9.212297013e-14,7.385268445e-14,3.894443512e-14,1.728009692e-13,3.445841841e-14,1.602038196e-13,1.51847715e-13,3.320509395e-13,3.622340988e-13,8.504026644e-14,1.246104284e-13,8.711146113e-14
58.25,7.909738061e-13,2.702360885e-13,5.636945134e-13,1.83870925e-13,2.635634375e-13,5.12761902e-13,3.789145807e-14,7.888951178e-14,5.734046968e-14,1.514220039e-13,2.068363199e-13,1.372360404e-13,7.989890758e-14,3.752065926e-13,5.307565325e-13,6.522603494e-13,5.578447738e-13,3.810651775e-13,2.114060724e-13,2.750995124e-13,9.379019935e-14,7.338923282e-14,3.850613648e-14,1.72853706e-13,3.4525164e-14,1.594235452e-13,1.523986611e-13,3.322433429e-13,3.602358056e-13,8.449484331e-14,1.233350791e-13,8.651783666e-14
58.2578125,7.936034723e-13,2.711544588e-13,5.635010523e-13,1.836538121e-13,2.631580915e-13,5.130158838e-13,3.797901373e-14,7.880192063e-14,5.713945691e-14,1.509533804e-13,2.058372611e-13,1.360809696e-13,8.203663808e-14,3.73507857e-13,5.356726211e-13,6.585267054e-13,5.582735391e-13,3.812837333e-13,2.111694729e-13,2.78630786e-13,9.544295835e-14,7.290173665e-14,3.808505872e-14,1.730054756e-13,3.461228232e-14,1.585607099e-13,1.529867263e-13,3.321251808e-13,3.581562139e-13,8.392247739e-14,1.220649575e-13,8.59454259e-14
58.265625,7.958950052e-13,2.718608481e-13,5.63217795e-13,1.832740304e-13,2.625733694e-13,5.12985425e-13,3.806346682e-14,7.869798531e-14,5.691924335e-14,1.504875655e-13,2.047726402e-13,1.348230288e-13,8.416379017e-14,3.715471847e-13,5.404093273e-13,6.645835735e-13,5.582497475e-13,3.811150008e-13,2.107797544e-13,2.821658407e-13,9.713626638e-14,7.235171667e-14,3.765679882e-14,1.731730256e-13,3.4678654e-14,1.57599371e-13,1.536198295e-13,3.318139069e-13,3.559118243e-13,8.331216554e-14,1.207580511e-13,8.535858805e-14
58.2734375,7.981189367e-13,2.726704238e-13,5.627879051e-13,1.828196625e-13,2.619823497e-13,5.128301489e-13,3.815826763e-14,7.857043674e-14,5.667784091e-14,1.501160147e-13,2.036782958e-13,1.335135006e-13,8.639447596e-14,3.69447555e-13,5.448934133e-13,6.702936477e-13,5.576856862e-13,3.805792786e-13,2.103759274e-13,2.855416445e-13,9.890269308e-14,7.178215455e-14,3.722610429e-14,1.733161193e-13,3.472519142e-14,1.565994176e-13,1.544072337e-13,3.315247265e-13,3.53630585e-13,8.266281052e-14,1.194935701e-13,8.47441773e-14
58.28125,8.00342071e-13,2.736315388e-13,5.623275492e-13,1.823336544e-13,2.614590997e-13,5.127327621e-13,3.828160119e-14,7.845602263e-14,5.64435401e-14,1.497453463e-13,2.025294028e-13,1.322232958e-13,8.868118183e-14,3.673848247e-13,5.494042426e-13,6.760713807e-13,5.570782711e-13,3.80030181e-13,2.100242911e-13,2.889188305e-13,1.007166316e-13,7.123382722e-14,3.68028465e-14,1.734394383e-13,3.479339437e-14,1.556455634e-13,1.553596168e-13,3.312140689e-13,3.51572001e-13,8.200277537e-14,1.183142423e-13,8.412105848e-14
58.2890625,8.0239254e-13,2.743087531e-13,5.62049741e-13,1.817606664e-13,2.609505554e-13,5.126432904e-13,3.842650844e-14,7.833203126e-14,5.623064552e-14,1.493124631e-13,2.01378152e-13,1.310217209e-13,9.092591912e-14,3.654146341e-13,5.540278667e-13,6.819565094e-13,5.565419664e-13,3.795744276e-13,2.096722077e-13,2.921840057e-13,1.025792531e-13,7.069824248e-14,3.638688753e-14,1.735547726e-13,3.491008214e-14,1.547474244e-13,1.564180985e-13,3.307353814e-13,3.498018551e-13,8.134809412e-14,1.172432267e-13,8.351034045e-14
58.296875,8.0421382e-13,2.74508853e-13,5.619328423e-13,1.810623007e-13,2.604082713e-13,5.12426519e-13,3.857427806e-14,7.819973605e-14,5.604967683e-14,1.488953821e-13,2.002563659e-13,1.298704601e-13,9.314617402e-14,3.634315615e-13,5.584504777e-13,6.875728839e-13,5.55795864e-13,3.789470729e-13,2.092815416e-13,2.952812884e-13,1.045034217e-13,7.014642639e-14,3.598059553e-14,1.737355389e-13,3.50348515e-14,1.538191761e-13,1.575610296e-13,3.301432608e-13,3.480267944e-13,8.066947655e-14,1.162938016e-13,8.289419944e-14
58.3046875,8.059806524e-13,2.748099456e-13,5.616693365e-13,1.80367555e-13,2.598080053e-13,5.12057725e-13,3.871931465e-14,7.811380954e-14,5.587477394e-14,1.485126692e-13,1.991294756e-13,1.286312861e-13,9.540574735e-14,3.613057466e-13,5.626968857e-13,6.930874544e-13,5.549676448e-13,3.780795472e-13,2.088818058e-13,2.985619154e-13,1.06477344e-13,6.956750648e-14,3.557300803e-14,1.740271375e-13,3.51355014e-14,1.527978225e-13,1.588525261e-13,3.296012052e-13,3.461438963e-13,7.994279393e-14,1.153614533e-13,8.225116776e-14
58.3125,8.078149339e-13,2.753499692e-13,5.61299448e-13,1.797325823e-13,2.592496736e-13,5.11649929e-13,3.887391294e-14,7.804264572e-14,5.567248237e-14,1.48108e-13,1.980137332e-13,1.273041502e-13,9.773349536e-14,3.591473237e-13,5.670384473e-13,6.98766254e-13,5.54241049e-13,3.772158019e-13,2.08509564e-13,3.019517923e-13,1.085048673e-13,6.898751212e-14,3.515112664e-14,1.743506636e-13,3.525616064e-14,1.517095872e-13,1.603399937e-13,3.290919545e-13,3.44374727e-13,7.918604195e-14,1.14416454e-13,8.160350097e-14
58.3203125,8.096679696e-13,2.757912554e-13,5.612659865e-13,1.790629427e-13,2.588553986e-13,5.113824025e-13,3.904641972e-14,7.793103108e-14,5.548325683e-14,1.477527198e-13,1.969735942e-13,1.260516347e-13,1.000864643e-13,3.571332856e-13,5.714083109e-13,7.044659493e-13,5.534491983e-13,3.7646999e-13,2.08177448e-13,3.052483003e-13,1.106120923e-13,6.844204799e-14,3.474077141e-14,1.746517085e-13,3.54069277e-14,1.50623051e-13,1.619836255e-13,3.286317093e-13,3.427545642e-13,7.843742944e-14,1.136123708e-13,8.098523545e-14
58.328125,8.114981404e-13,2.762285675e-13,5.61538283e-13,1.784093805e-13,2.585289762e-13,5.112510767e-13,3.922242747e-14,7.780548007e-14,5.532966008e-14,1.475210585e-13,1.960240069e-13,1.249124265e-13,1.02434866e-13,3.551734981e-13,5.756982968e-13,7.101546068e-13,5.525677893e-13,3.757341047e-13,2.078980811e-13,3.086151533e-13,1.127834898e-13,6.793005143e-14,3.437360495e-14,1.749856472e-13,3.555094592e-14,1.495898336e-13,1.637864959e-13,3.283181271e-13,3.412745132e-13,7.770594685e-14,1.129634946e-13,8.039640925e-14
58.3359375,8.132144751e-13,2.765137352e-13,5.617023401e-13,1.778995733e-13,2.581234021e-13,5.110065915e-13,3.938988988e-14,7.77170181e-14,5.515763879e-14,1.472672101e-13,1.951367644e-13,1.237474462e-13,1.048593939e-13,3.530956239e-13,5.80028056e-13,7.159323003e-13,5.517339798e-13,3.749476919e-13,2.076492749e-13,3.119910221e-13,1.149688873e-13,6.741905044e-14,3.403467473e-14,1.753823697e-13,3.572317633e-14,1.486051314e-13,1.658212792e-13,3.279139828e-13,3.401189516e-13,7.694792251e-14,1.123268309e-13,7.981233019e-14
58.34375,8.147623044e-13,2.764069146e-13,5.618987863e-13,1.773894366e-13,2.57702772e-13,5.106235074e-13,3.956806444e-14,7.771465252e-14,5.497424701e-14,1.468578417e-13,1.943450351e-13,1.224954585e-13,1.073672296e-13,3.509579729e-13,5.845039127e-13,7.218765926e-13,5.509814936e-13,3.74195784e-13,2.073636231e-13,3.154484892e-13,1.171880629e-13,6.689291982e-14,3.369899828e-14,1.758071819e-13,3.595287938e-14,1.476285782e-13,1.680478356e-13,3.272457164e-13,3.392312098e-13,7.614060486e-14,1.117221847e-13,7.922114813e-14
58.3515625,8.163751873e-13,2.764389746e-13,5.624975568e-13,1.766201371e-13,2.574357041e-13,5.103790494e-13,3.978565266e-14,7.778698179e-14,5.483578131e-14,1.463762486e-13,1.936933372e-13,1.212381011e-13,1.098435893e-13,3.489846717e-13,5.891344439e-13,7.280557729e-13,5.503442028e-13,3.735818049e-13,2.070499315e-13,3.192649438e-13,1.195262994e-13,6.637132181e-14,3.336984586e-14,1.762277403e-13,3.619248359e-14,1.466401373e-13,1.703090539e-13,3.266328829e-13,3.383582541e-13,7.533352208e-14,1.112677093e-13,7.862780923e-14
58.359375,8.181294203e-13,2.766885575e-13,5.632926423e-13,1.756475076e-13,2.57408949e-13,5.102525404e-13,4.004336246e-14,7.782389247e-14,5.472062798e-14,1.458994884e-13,1.930579022e-13,1.200244172e-13,1.12326916e-13,3.472911303e-13,5.9379109e-13,7.341846816e-13,5.496791914e-13,3.730821685e-13,2.068020326e-13,3.229419466e-13,1.219697136e-13,6.587806896e-14,3.304697982e-14,1.766149851e-13,3.643999524e-14,1.456230678e-13,1.72594932e-13,3.26107941e-13,3.375063468e-13,7.454744144e-14,1.109623196e-13,7.802174379e-14
58.3671875,8.196706353e-13,2.765030175e-13,5.639910574e-13,1.74712616e-13,2.575156398e-13,5.099648799e-13,4.031855298e-14,7.777398965e-14,5.459663449e-14,1.454306117e-13,1.92275052e-13,1.188228281e-13,1.149217271e-13,3.457128901e-13,5.982807862e-13,7.399446046e-13,5.486687872e-13,3.725282744e-13,2.066009804e-13,3.260793108e-13,1.244060555e-13,6.540327297e-14,3.272123987e-14,1.769641252e-13,3.671319951e-14,1.445466918e-13,1.750836458e-13,3.253336764e-13,3.367543046e-13,7.373041024e-14,1.107357541e-13,7.73883281e-14
58.375,8.207917996e-13,2.760407692e-13,5.647469197e-13,1.738311831e-13,2.574740403e-13,5.095143376e-13,4.060040121e-14,7.769302677e-14,5.448865463e-14,1.45033445e-13,1.913926377e-13,1.176128258e-13,1.175187125e-13,3.439784448e-13,6.025645687e-13,7.454864668e-13,5.472723971e-13,3.716987191e-13,2.062733219e-13,3.292959506e-13,1.268486161e-13,6.490744032e-14,3.239968348e-14,1.773024813e-13,3.695116953e-14,1.434137175e-13,1.777918586e-13,3.244221516e-13,3.360603345e-13,7.286789633e-14,1.105316164e-13,7.674526836e-14
58.3828125,8.215201995e-13,2.757044438e-13,5.656610944e-13,1.728734752e-13,2.571620077e-13,5.089711735e-13,4.089299071e-14,7.760487549e-14,5.440441132e-14,1.44717906e-13,1.905197687e-13,1.163974904e-13,1.199998446e-13,3.42031553e-13,6.065986504e-13,7.508447205e-13,5.456348101e-13,3.704862782e-13,2.05742352e-13,3.328477334e-13,1.294201028e-13,6.436642097e-14,3.207520885e-14,1.776333291e-13,3.712646248e-14,1.422371573e-13,1.805200579e-13,3.235471887e-13,3.354689305e-13,7.199216935e-14,1.103348986e-13,7.610678268e-14
58.390625,8.219833261e-13,2.751902487e-13,5.66586767e-13,1.718354866e-13,2.568225546e-13,5.08285664e-13,4.118958494e-14,7.75013698e-14,5.432243783e-14,1.443887835e-13,1.896787576e-13,1.151599917e-13,1.224561545e-13,3.400464529e-13,6.103207679e-13,7.558596756e-13,5.438710797e-13,3.691005841e-13,2.051776045e-13,3.362815824e-13,1.32112055e-13,6.380993889e-14,3.172403014e-14,1.779780212e-13,3.729864001e-14,1.41004518e-13,1.832511045e-13,3.225475556e-13,3.350397918e-13,7.11007296e-14,1.101781108e-13,7.545629589e-14
58.3984375,8.226855309e-13,2.745139037e-13,5.675789712e-13,1.707907372e-13,2.567281955e-13,5.076568071e-13,4.148573749e-14,7.74051868e-14,5.423086595e-14,1.440361506e-13,1.889629807e-13,1.13877835e-13,1.249761581e-13,3.381811132e-13,6.139976287e-13,7.608228608e-13,5.422038999e-13,3.678918761e-13,2.047524546e-13,3.395685085e-13,1.348449211e-13,6.328948408e-14,3.137809619e-14,1.783961024e-13,3.750105984e-14,1.397623045e-13,1.861327769e-13,3.215670372e-13,3.347113897e-13,7.019262506e-14,1.100578708e-13,7.479804728e-14
58.40625,8.238581972e-13,2.740531121e-13,5.688223009e-13,1.697769112e-13,2.568524901e-13,5.072803888e-13,4.179150218e-14,7.733054893e-14,5.413180678e-14,1.437308357e-13,1.884623394e-13,1.125739288e-13,1.275036614e-13,3.364180143e-13,6.178546454e-13,7.659515892e-13,5.406566956e-13,3.668394054e-13,2.043942004e-13,3.429302619e-13,1.376585089e-13,6.280826642e-14,3.109354616e-14,1.78858962e-13,3.771421668e-14,1.386005755e-13,1.891350322e-13,3.208531248e-13,3.344645686e-13,6.929772332e-14,1.099281192e-13,7.415133315e-14
58.4140625,8.249353721e-13,2.736650166e-13,5.70206458e-13,1.68735223e-13,2.570107813e-13,5.068929878e-13,4.2092973e-14,7.726455835e-14,5.405282502e-14,1.434904212e-13,1.880611576e-13,1.113092391e-13,1.299695716e-13,3.346627989e-13,6.215778006e-13,7.708562027e-13,5.389123572e-13,3.656442298e-13,2.039599789e-13,3.462677561e-13,1.40603454e-13,6.233196432e-14,3.083862985e-14,1.792835299e-13,3.79107434e-14,1.375014873e-13,1.92194325e-13,3.202312724e-13,3.343540051e-13,6.840897267e-14,1.097936751e-13,7.349829273e-14
58.421875,8.256763607e-13,2.730527726e-13,5.71475509e-13,1.675273038e-13,2.571491262e-13,5.062487208e-13,4.236688843e-14,7.719594e-14,5.40210152e-14,1.432837065e-13,1.876074658e-13,1.100884082e-13,1.323848753e-13,3.329132731e-13,6.248850137e-13,7.753048706e-13,5.36888739e-13,3.642749052e-13,2.034467954e-13,3.494429953e-13,1.436216713e-13,6.184901261e-14,3.054738283e-14,1.796835046e-13,3.8088824e-14,1.364023527e-13,1.953791993e-13,3.195348838e-13,3.343508931e-13,6.749523272e-14,1.096782893e-13,7.282839376e-14
58.4296875,8.264557403e-13,2.721856523e-13,5.7259889e-13,1.66206886e-13,2.573715745e-13,5.054642784e-13,4.263579977e-14,7.712018735e-14,5.401123919e-14,1.430470009e-13,1.871124713e-13,1.088412261e-13,1.347814683e-13,3.311827464e-13,6.2796821e-13,7.795102006e-13,5.347533692e-13,3.62877492e-13,2.028802772e-13,3.525796484e-13,1.466304233e-13,6.136465971e-14,3.024142185e-14,1.800886828e-13,3.828156183e-14,1.35347347e-13,1.986820628e-13,3.187114859e-13,3.343813527e-13,6.655877617e-14,1.09561361e-13,7.216937051e-14
58.4375,8.272908326e-13,2.711978689e-13,5.737107881e-13,1.649824276e-13,2.577467245e-13,5.046563085e-13,4.292455922e-14,7.703199924e-14,5.398383508e-14,1.427304204e-13,1.866741308e-13,1.07556925e-13,1.371500937e-13,3.294540402e-13,6.310285871e-13,7.835585566e-13,5.325407576e-13,3.614734405e-13,2.02293371e-13,3.558930435e-13,1.496111691e-13,6.088857661e-14,2.997978427e-14,1.804570154e-13,3.849956663e-14,1.343710408e-13,2.020712977e-13,3.17699556e-13,3.345158538e-13,6.56032361e-14,1.094590639e-13,7.152667057e-14
58.4453125,8.280947229e-13,2.702556918e-13,5.74917612e-13,1.637587615e-13,2.582071911e-13,5.038780375e-13,4.321719979e-14,7.693999768e-14,5.395773468e-14,1.423728179e-13,1.863616714e-13,1.06298088e-13,1.394874621e-13,3.278166528e-13,6.340648615e-13,7.874120506e-13,5.303307305e-13,3.600834314e-13,2.017785774e-13,3.592354368e-13,1.52646434e-13,6.044936761e-14,2.976892981e-14,1.808061756e-13,3.872819549e-14,1.334108815e-13,2.056255478e-13,3.167029753e-13,3.349144474e-13,6.462417809e-14,1.094388666e-13,7.090090125e-14
58.453125,8.28986058e-13,2.692606229e-13,5.762749174e-13,1.62330246e-13,2.586346468e-13,5.031609229e-13,4.351088225e-14,7.686995915e-14,5.397156217e-14,1.420172349e-13,1.861607156e-13,1.050482514e-13,1.41827608e-13,3.262765273e-13,6.370740826e-13,7.911907124e-13,5.281710115e-13,3.586757628e-13,2.012979724e-13,3.623493604e-13,1.557958209e-13,6.004275068e-14,2.958392652e-14,1.812250642e-13,3.898055944e-14,1.324622378e-13,2.093457535e-13,3.158066816e-13,3.355727072e-13,6.364580738e-14,1.094699876e-13,7.032701097e-14
58.4609375,8.297043634e-13,2.681779773e-13,5.77776578e-13,1.608608072e-13,2.590020831e-13,5.023516589e-13,4.381837553e-14,7.682145207e-14,5.400920945e-14,1.416470281e-13,1.860217814e-13,1.03753609e-13,1.441634933e-13,3.246307774e-13,6.400850652e-13,7.950384054e-13,5.258623518e-13,3.571228438e-13,2.007153672e-13,3.655823901e-13,1.589545369e-13,5.961365404e-14,2.940703966e-14,1.817163439e-13,3.924843783e-14,1.315840653e-13,2.131552694e-13,3.147645417e-13,3.363745157e-13,6.268481395e-14,1.094476538e-13,6.978628111e-14
58.46875,8.300397742e-13,2.672239714e-13,5.793885016e-13,1.594808937e-13,2.594383847e-13,5.013897994e-13,4.41251909e-14,7.677898691e-14,5.405482488e-14,1.412618151e-13,1.859677822e-13,1.02463596e-13,1.464264873e-13,3.228991699e-13,6.431435286e-13,7.989625488e-13,5.234526824e-13,3.555249745e-13,2.00071746e-13,3.692614407e-13,1.620668273e-13,5.915811896e-14,2.924176439e-14,1.822048142e-13,3.949380172e-14,1.307579107e-13,2.170525632e-13,3.136435192e-13,3.372993811e-13,6.172031972e-14,1.094108949e-13,6.920331722e-14
58.4765625,8.30254101e-13,2.661437256e-13,5.811637733e-13,1.580333795e-13,2.60032779e-13,5.004768511e-13,4.442323381e-14,7.675199968e-14,5.41347107e-14,1.408867662e-13,1.860541028e-13,1.012258936e-13,1.485957189e-13,3.212981009e-13,6.462239095e-13,8.028424097e-13,5.212379042e-13,3.540783268e-13,1.994668075e-13,3.729159407e-13,1.652472939e-13,5.873160683e-14,2.910773662e-14,1.826539524e-13,3.973633912e-14,1.299386085e-13,2.21050275e-13,3.12622757e-13,3.383459567e-13,6.074733244e-14,1.094865281e-13,6.858255416e-14
58.484375,8.303958023e-13,2.647601347e-13,5.831868856e-13,1.565882398e-13,2.606568051e-13,4.996408847e-13,4.472370781e-14,7.671183157e-14,5.422070386e-14,1.405438364e-13,1.862744838e-13,9.999762534e-14,1.507632384e-13,3.197616668e-13,6.492174218e-13,8.065828533e-13,5.191148079e-13,3.527390093e-13,1.988962367e-13,3.761436672e-13,1.684942504e-13,5.834071293e-14,2.899955215e-14,1.830768417e-13,4.001055355e-14,1.291271866e-13,2.251931659e-13,3.115751078e-13,3.395368633e-13,5.978478668e-14,1.096528353e-13,6.798314259e-14
58.4921875,8.304263521e-13,2.637282394e-13,5.85362517e-13,1.552442112e-13,2.612427004e-13,4.987165172e-13,4.502189125e-14,7.660427385e-14,5.426151398e-14,1.402339404e-13,1.865575698e-13,9.875125481e-14,1.529994022e-13,3.181911828e-13,6.521187643e-13,8.102131972e-13,5.168400591e-13,3.514458824e-13,1.983908476e-13,3.791504879e-13,1.7169909e-13,5.795730692e-14,2.889219469e-14,1.835018523e-13,4.029591669e-14,1.28318569e-13,2.295375579e-13,3.105588493e-13,3.409959596e-13,5.882220128e-14,1.098221741e-13,6.740670737e-14
58.5,8.305168759e-13,2.629994427e-13,5.874733524e-13,1.536877961e-13,2.619256881e-13,4.976856951e-13,4.531075267e-14,7.645824804e-14,5.43199819e-14,1.399052394e-13,1.868143058e-13,9.749156678e-14,1.551906692e-13,3.167029984e-13,6.548211076e-13,8.135504705e-13,5.144379765e-13,3.501397739e-13,1.979359237e-13,3.820705339e-13,1.748878876e-13,5.758857072e-14,2.879338871e-14,1.839304559e-13,4.056914037e-14,1.275287211e-13,2.33954249e-13,3.096297538e-13,3.426724668e-13,5.783981509e-14,1.099885715e-13,6.684579169e-14
58.5078125,8.304235401e-13,2.616503453e-13,5.895668706e-13,1.519061379e-13,2.627024033e-13,4.965756665e-13,4.559330506e-14,7.631200316e-14,5.446411447e-14,1.395702118e-13,1.870827949e-13,9.625328794e-14,1.572123533e-13,3.152527953e-13,6.570326582e-13,8.162155414e-13,5.118642828e-13,3.486356944e-13,1.974066386e-13,3.848750231e-13,1.780968547e-13,5.723874864e-14,2.872599307e-14,1.843052817e-13,4.082299733e-14,1.268244503e-13,2.382937042e-13,3.085213321e-13,3.443858041e-13,5.686566249e-14,1.101270223e-13,6.631196882e-14
58.515625,8.298545742e-13,2.600150047e-13,5.919614937e-13,1.503869602e-13,2.634659049e-13,4.954048833e-13,4.587994165e-14,7.614814441e-14,5.46430696e-14,1.39337875e-13,1.875266321e-13,9.513096205e-14,1.591792158e-13,3.1375946e-13,6.589483892e-13,8.184433959e-13,5.091434856e-13,3.470542882e-13,1.968471992e-13,3.877162613e-13,1.81300123e-13,5.689266909e-14,2.868437197e-14,1.846132899e-13,4.106872845e-14,1.262310009e-13,2.426521079e-13,3.073446853e-13,3.462683472e-13,5.59328538e-14,1.102167375e-13,6.577488918e-14
58.5234375,8.29157973e-13,2.58995673e-13,5.946963803e-13,1.490947385e-13,2.642963152e-13,4.942665285e-13,4.619549164e-14,7.600383208e-14,5.482245717e-14,1.391604784e-13,1.881590027e-13,9.410539967e-14,1.612326267e-13,3.123813494e-13,6.61143079e-13,8.209286462e-13,5.066101191e-13,3.457452767e-13,1.964038188e-13,3.907094443e-13,1.845327602e-13,5.655896393e-14,2.865465913e-14,1.849377561e-13,4.135679074e-14,1.257164056e-13,2.471616408e-13,3.063667016e-13,3.484962445e-13,5.501273691e-14,1.103459579e-13,6.521729145e-14
58.53125,8.28591875e-13,2.58160556e-13,5.975270187e-13,1.475868623e-13,2.652557398e-13,4.931205261e-13,4.653026289e-14,7.592539434e-14,5.502572765e-14,1.388955531e-13,1.888865709e-13,9.302985798e-14,1.632928375e-13,3.111420882e-13,6.636080485e-13,8.236841419e-13,5.043350215e-13,3.446454232e-13,1.96027244e-13,3.937996765e-13,1.878149131e-13,5.624774455e-14,2.863894709e-14,1.852711396e-13,4.169453819e-14,1.252772182e-13,2.518500219e-13,3.05352495e-13,3.509080355e-13,5.407698113e-14,1.105619514e-13,6.468011896e-14
58.5390625,8.279989279e-13,2.570020836e-13,6.004827886e-13,1.459853665e-13,2.662738617e-13,4.918677618e-13,4.684033891e-14,7.585409201e-14,5.5235905e-14,1.386240499e-13,1.897682116e-13,9.193180803e-14,1.652885613e-13,3.099143666e-13,6.659964135e-13,8.26299801e-13,5.020503489e-13,3.435392909e-13,1.956340847e-13,3.969740681e-13,1.911198134e-13,5.594655769e-14,2.864140441e-14,1.855054411e-13,4.202798539e-14,1.249415095e-13,2.567632629e-13,3.042699675e-13,3.534665141e-13,5.316427992e-14,1.108039713e-13,6.417333275e-14
58.546875,8.273211077e-13,2.558742714e-13,6.036360571e-13,1.445812332e-13,2.67359821e-13,4.906285984e-13,4.714873163e-14,7.572910332e-14,5.545129216e-14,1.384346594e-13,1.907841049e-13,9.092710614e-14,1.673217553e-13,3.087502412e-13,6.682959874e-13,8.288002909e-13,4.996847794e-13,3.424994453e-13,1.952580674e-13,4.001866041e-13,1.944094821e-13,5.565890896e-14,2.86563021e-14,1.856772882e-13,4.236578439e-14,1.246993998e-13,2.618191073e-13,3.033215645e-13,3.563383366e-13,5.228743995e-14,1.110518704e-13,6.367146202e-14
58.5546875,8.264944923e-13,2.547533388e-13,6.067097654e-13,1.43189148e-13,2.685178011e-13,4.894768133e-13,4.750424757e-14,7.558565804e-14,5.57208971e-14,1.381888866e-13,1.917307286e-13,8.992060551e-14,1.694354891e-13,3.076439672e-13,6.704848991e-13,8.312062535e-13,4.972619249e-13,3.415327711e-13,1.948935995e-13,4.032936599e-13,1.975966758e-13,5.54010796e-14,2.86787417e-14,1.858822923e-13,4.275350353e-14,1.244965336e-13,2.667879637e-13,3.022050083e-13,3.593497079e-13,5.138684579e-14,1.113057186e-13,6.3183594e-14
58.5625,8.254266202e-13,2.533827127e-13,6.096413054e-13,1.416640613e-13,2.696538676e-13,4.88226587e-13,4.786247157e-14,7.549206923e-14,5.604602781e-14,1.378656169e-13,1.926469057e-13,8.882071282e-14,1.71478138e-13,3.064306836e-13,6.725151396e-13,8.333853433e-13,4.947407887e-13,3.404947053e-13,1.944986766e-13,4.06411144e-13,2.006952387e-13,5.51620955e-14,2.87189784e-14,1.860629847e-13,4.315636698e-14,1.24321029e-13,2.717284394e-13,3.008046696e-13,3.622763726e-13,5.045792689e-14,1.115144564e-13,6.272011363e-14
58.5703125,8.241355139e-13,2.520009157e-13,6.126628415e-13,1.401707684e-13,2.707091546e-13,4.867150139e-13,4.817217058e-14,7.544090184e-14,5.637802358e-14,1.376166799e-13,1.937106436e-13,8.772696508e-14,1.733096939e-13,3.050935038e-13,6.745508799e-13,8.354660175e-13,4.921206199e-13,3.393502245e-13,1.940486786e-13,4.097091071e-13,2.037926574e-13,5.491806477e-14,2.878611876e-14,1.861801595e-13,4.352217298e-14,1.242214885e-13,2.769555802e-13,2.994809854e-13,3.653542747e-13,4.95605505e-14,1.116655085e-13,6.226060097e-14
58.578125,8.225291714e-13,2.506851325e-13,6.156979214e-13,1.387487561e-13,2.717446479e-13,4.849721741e-13,4.847154222e-14,7.534635474e-14,5.670656961e-14,1.3741915e-13,1.948222619e-13,8.669064784e-14,1.750240911e-13,3.037642279e-13,6.76453503e-13,8.373067029e-13,4.893033588e-13,3.381287185e-13,1.935284819e-13,4.128043459e-13,2.068009312e-13,5.467614565e-14,2.886751069e-14,1.862850427e-13,4.387139885e-14,1.241841184e-13,2.824364679e-13,2.981675701e-13,3.687896645e-13,4.868373324e-14,1.118160265e-13,6.179524758e-14
58.5859375,8.207759777e-13,2.493020128e-13,6.187442781e-13,1.372863982e-13,2.73012091e-13,4.831971329e-13,4.879402066e-14,7.520968539e-14,5.707855896e-14,1.371823646e-13,1.959240517e-13,8.568427008e-14,1.768066914e-13,3.026326934e-13,6.780125886e-13,8.386137118e-13,4.86334408e-13,3.369853681e-13,1.930368743e-13,4.154722404e-13,2.096942114e-13,5.447386427e-14,2.895340176e-14,1.863464561e-13,4.424766215e-14,1.241409233e-13,2.878511842e-13,2.967304051e-13,3.723804956e-13,4.778753761e-14,1.120325926e-13,6.133960419e-14
58.59375,8.193601113e-13,2.479771704e-13,6.221215069e-13,1.357854747e-13,2.746888263e-13,4.815755089e-13,4.912138423e-14,7.511454505e-14,5.751329556e-14,1.369459829e-13,1.97195263e-13,8.472148479e-14,1.786496434e-13,3.018254417e-13,6.79604482e-13,8.398154081e-13,4.835862554e-13,3.36135198e-13,1.926822403e-13,4.182679717e-13,2.126142207e-13,5.432317212e-14,2.905249192e-14,1.86336255e-13,4.465759507e-14,1.241280338e-13,2.932210067e-13,2.954387656e-13,3.759796678e-13,4.690597776e-14,1.123452251e-13,6.091492782e-14
58.6015625,8.181173273e-13,2.467603309e-13,6.256830892e-13,1.34306359e-13,2.765095065e-13,4.799727213e-13,4.943964783e-14,7.500705593e-14,5.794429932e-14,1.367211139e-13,1.98620822e-13,8.37768728e-14,1.804323895e-13,3.011549735e-13,6.813983422e-13,8.412210248e-13,4.81045856e-13,3.354554564e-13,1.923787416e-13,4.213039655e-13,2.154667155e-13,5.418874285e-14,2.916233465e-14,1.862870753e-13,4.506812267e-14,1.242305288e-13,2.987907384e-13,2.942405238e-13,3.79740911e-13,4.60596303e-14,1.12685798e-13,6.051963828e-14
58.609375,8.165298846e-13,2.456550969e-13,6.291436326e-13,1.328335953e-13,2.782430578e-13,4.781973618e-13,4.974459249e-14,7.478820472e-14,5.833707475e-14,1.365218578e-13,2.001047101e-13,8.283928252e-14,1.821104942e-13,3.004234128e-13,6.830203117e-13,8.423876106e-13,4.78309309e-13,3.347173978e-13,1.920527572e-13,4.240745913e-13,2.181397899e-13,5.406154497e-14,2.927896921e-14,1.861579939e-13,4.544726112e-14,1.244379089e-13,3.045371005e-13,2.929800688e-13,3.838514872e-13,4.521621915e-14,1.129411868e-13,6.012461192e-14
58.6171875,8.147139297e-13,2.447140946e-13,6.329360611e-13,1.313327154e-13,2.80095824e-13,4.764260487e-13,5.00434312e-14,7.453217896e-14,5.875744509e-14,1.364525133e-13,2.018031819e-13,8.198059457e-14,1.836789114e-13,2.997848408e-13,6.845765384e-13,8.433283829e-13,4.754916579e-13,3.340434078e-13,1.917850473e-13,4.267661548e-13,2.208230125e-13,5.397781621e-14,2.943424282e-14,1.859443245e-13,4.581921684e-14,1.247267906e-13,3.103870293e-13,2.918781156e-13,3.883409683e-13,4.439345608e-14,1.131241299e-13,5.972776632e-14
58.625,8.128140962e-13,2.436268281e-13,6.373327267e-13,1.298550339e-13,2.821397945e-13,4.747578643e-13,5.036261769e-14,7.434267657e-14,5.923655903e-14,1.364778466e-13,2.03724663e-13,8.118997613e-14,1.852008416e-13,2.993106781e-13,6.863411754e-13,8.444272741e-13,4.729401256e-13,3.33581271e-13,1.915576309e-13,4.297196005e-13,2.235101977e-13,5.392190806e-14,2.96504045e-14,1.857270428e-13,4.623985435e-14,1.251166906e-13,3.164272456e-13,2.908199645e-13,3.930752144e-13,4.362270153e-14,1.133392888e-13,5.936099635e-14
58.6328125,8.105571702e-13,2.423221917e-13,6.417656913e-13,1.284455965e-13,2.84144634e-13,4.728632514e-13,5.070088883e-14,7.420513946e-14,5.97527628e-14,1.364356931e-13,2.056092667e-13,8.038982233e-14,1.86744903e-13,2.987771394e-13,6.879582086e-13,8.454590127e-13,4.704723605e-13,3.332277087e-13,1.912512973e-13,4.326417693e-13,2.259992558e-13,5.383663432e-14,2.988699521e-14,1.854983093e-13,4.671736904e-14,1.255707299e-13,3.225802008e-13,2.895129585e-13,3.978950297e-13,4.285700018e-14,1.135567093e-13,5.902122862e-14
58.640625,8.079247621e-13,2.41339073e-13,6.458783888e-13,1.270151136e-13,2.860487204e-13,4.705970175e-13,5.103018614e-14,7.406140598e-14,6.030868857e-14,1.363179383e-13,2.07441948e-13,7.957100657e-14,1.881694156e-13,2.980969289e-13,6.892886713e-13,8.462955734e-13,4.678202961e-13,3.328883e-13,1.90876978e-13,4.354544416e-13,2.283968618e-13,5.373994507e-14,3.010931314e-14,1.852307872e-13,4.721293158e-14,1.260294645e-13,3.287113319e-13,2.881872133e-13,4.02797314e-13,4.205536916e-14,1.136362252e-13,5.868191633e-14
58.6484375,8.051964721e-13,2.40605566e-13,6.499812456e-13,1.254978368e-13,2.880130818e-13,4.682881776e-13,5.136287093e-14,7.388493657e-14,6.088094695e-14,1.362219751e-13,2.093898047e-13,7.873010487e-14,1.893781628e-13,2.974185949e-13,6.906903304e-13,8.471963714e-13,4.650876793e-13,3.325602209e-13,1.90523239e-13,4.382129403e-13,2.307869942e-13,5.369707729e-14,3.034651764e-14,1.849078214e-13,4.770677943e-14,1.265248811e-13,3.34957935e-13,2.869398605e-13,4.078874225e-13,4.12487524e-14,1.136169709e-13,5.836150841e-14
58.65625,8.026562264e-13,2.395950717e-13,6.54321474e-13,1.239807925e-13,2.902469209e-13,4.661742532e-13,5.173045382e-14,7.373366867e-14,6.146143873e-14,1.361920056e-13,2.114254754e-13,7.789550709e-14,1.905886285e-13,2.969149337e-13,6.921386975e-13,8.480428874e-13,4.624257013e-13,3.322848637e-13,1.902348366e-13,4.407408685e-13,2.330050591e-13,5.371698663e-14,3.062115767e-14,1.844378059e-13,4.821105903e-14,1.27131649e-13,3.413872101e-13,2.855577571e-13,4.131909445e-13,4.046377167e-14,1.136884412e-13,5.809299532e-14
58.6640625,8.002923608e-13,2.386364324e-13,6.588131857e-13,1.225434487e-13,2.926758231e-13,4.640961519e-13,5.210739211e-14,7.365721789e-14,6.21038417e-14,1.362350514e-13,2.134903833e-13,7.714683577e-14,1.919106586e-13,2.965727517e-13,6.934632582e-13,8.487233337e-13,4.598122653e-13,3.321159654e-13,1.89997753e-13,4.43278687e-13,2.350824631e-13,5.375492205e-14,3.09239204e-14,1.83890924e-13,4.873488045e-14,1.278425677e-13,3.477827727e-13,2.842186619e-13,4.186066317e-13,3.969803757e-14,1.13812532e-13,5.785447503e-14
58.671875,7.974037997e-13,2.379795928e-13,6.633137249e-13,1.211798364e-13,2.948136019e-13,4.618111774e-13,5.245192177e-14,7.356997242e-14,6.277135554e-14,1.36287523e-13,2.156185619e-13,7.642635603e-14,1.931707488e-13,2.960729193e-13,6.947682722e-13,8.494185214e-13,4.571365029e-13,3.319759101e-13,1.89721112e-13,4.459663224e-13,2.371100608e-13,5.37587263e-14,3.127011483e-14,1.834410999e-13,4.928405432e-14,1.285768568e-13,3.540629629e-13,2.829843567e-13,4.240549968e-13,3.895450233e-14,1.137674984e-13,5.759990123e-14
58.6796875,7.93672292e-13,2.370211238e-13,6.678476301e-13,1.198776687e-13,2.966124426e-13,4.593235373e-13,5.279312724e-14,7.342227202e-14,6.338531256e-14,1.362667564e-13,2.177991906e-13,7.562943704e-14,1.943182868e-13,2.952665691e-13,6.960065932e-13,8.500562812e-13,4.544123446e-13,3.318162177e-13,1.893759957e-13,4.485055978e-13,2.389686187e-13,5.372198431e-14,3.165676431e-14,1.82978823e-13,4.987331422e-14,1.293255909e-13,3.603771809e-13,2.814767962e-13,4.296360296e-13,3.822477676e-14,1.135691591e-13,5.733833132e-14
58.6875,7.90042087e-13,2.35837084e-13,6.725700548e-13,1.185980414e-13,2.986811598e-13,4.568201482e-13,5.317598255e-14,7.327384037e-14,6.400776304e-14,1.362246992e-13,2.200481169e-13,7.483545937e-14,1.954357149e-13,2.94529782e-13,6.971998228e-13,8.506781336e-13,4.518606684e-13,3.318215615e-13,1.89094047e-13,4.511451155e-13,2.407062895e-13,5.370697951e-14,3.203058966e-14,1.823919269e-13,5.050160837e-14,1.301684721e-13,3.668288596e-13,2.79788653e-13,4.354964155e-13,3.748957438e-14,1.13410765e-13,5.711634422e-14
58.6953125,7.869606006e-13,2.35110368e-13,6.774799335e-13,1.172649197e-13,3.011437869e-13,4.543649911e-13,5.357459473e-14,7.310609434e-14,6.469465841e-14,1.362358905e-13,2.224215992e-13,7.411622603e-14,1.965001094e-13,2.941040412e-13,6.986623402e-13,8.51609389e-13,4.495576605e-13,3.320773793e-13,1.889300785e-13,4.540470028e-13,2.425101937e-13,5.374679298e-14,3.239248063e-14,1.818184419e-13,5.115200757e-14,1.311057123e-13,3.734548043e-13,2.782941534e-13,4.415758726e-13,3.675754545e-14,1.133122366e-13,5.693557745e-14
58.703125,7.836336488e-13,2.345418145e-13,6.824944923e-13,1.158756019e-13,3.036116551e-13,4.518685646e-13,5.395682537e-14,7.291060486e-14,6.540752832e-14,1.36265587e-13,2.24893477e-13,7.340952397e-14,1.974749177e-13,2.937493125e-13,7.003191559e-13,8.526702747e-13,4.473103335e-13,3.324312423e-13,1.887773197e-13,4.56747435e-13,2.44276399e-13,5.379919384e-14,3.278627009e-14,1.81230883e-13,5.181923894e-14,1.32080402e-13,3.802465659e-13,2.768266287e-13,4.477128307e-13,3.605628422e-14,1.131879169e-13,5.676718907e-14
58.7109375,7.798414572e-13,2.336308619e-13,6.877265815e-13,1.145584152e-13,3.060801904e-13,4.493137301e-13,5.434807511e-14,7.278703849e-14,6.618096366e-14,1.363087504e-13,2.274477927e-13,7.273419574e-14,1.983755053e-13,2.933251194e-13,7.01805978e-13,8.534487516e-13,4.45035769e-13,3.328544765e-13,1.886177744e-13,4.595437156e-13,2.458126673e-13,5.385316095e-14,3.318260796e-14,1.805233073e-13,5.249905871e-14,1.331445823e-13,3.870864128e-13,2.752160446e-13,4.538933057e-13,3.539072479e-14,1.130256013e-13,5.661876231e-14
58.71875,7.759840429e-13,2.326912887e-13,6.932254881e-13,1.134246566e-13,3.086465993e-13,4.467622831e-13,5.477129366e-14,7.271472636e-14,6.70446795e-14,1.363936695e-13,2.301103244e-13,7.21509858e-14,1.992203279e-13,2.929191541e-13,7.031764283e-13,8.540372752e-13,4.428286969e-13,3.334462241e-13,1.88526463e-13,4.628730813e-13,2.471555525e-13,5.393565008e-14,3.355228603e-14,1.79838298e-13,5.319695959e-14,1.34361479e-13,3.9388624e-13,2.736518493e-13,4.602323082e-13,3.473781808e-14,1.128303083e-13,5.650707735e-14
58.7265625,7.71876794e-13,2.318394192e-13,6.988497642e-13,1.123806019e-13,3.11186182e-13,4.442269479e-13,5.522115028e-14,7.257833035e-14,6.78939976e-14,1.364622183e-13,2.328531484e-13,7.160788659e-14,2.000478916e-13,2.925278262e-13,7.046191106e-13,8.546329441e-13,4.407425482e-13,3.341914483e-13,1.88483491e-13,4.659913995e-13,2.483847351e-13,5.402343306e-14,3.394737788e-14,1.791737671e-13,5.394831272e-14,1.356697584e-13,4.007334499e-13,2.721035346e-13,4.668330365e-13,3.40864054e-14,1.126106824e-13,5.64176109e-14
58.734375,7.674396502e-13,2.308716739e-13,7.045881767e-13,1.112808761e-13,3.137586512e-13,4.416618591e-13,5.568703536e-14,7.239481074e-14,6.867822336e-14,1.364968636e-13,2.356834134e-13,7.107384411e-14,2.008616078e-13,2.921457643e-13,7.060672256e-13,8.551849255e-13,4.387514669e-13,3.350270011e-13,1.884401306e-13,4.685212827e-13,2.494922769e-13,5.409269761e-14,3.438687511e-14,1.78341378e-13,5.475126187e-14,1.36979639e-13,4.077120074e-13,2.704636715e-13,4.736308116e-13,3.346417896e-14,1.123923415e-13,5.633811746e-14
58.7421875,7.630501436e-13,2.299840455e-13,7.104204487e-13,1.101649845e-13,3.164474324e-13,4.389797266e-13,5.614524341e-14,7.221793469e-14,6.947630348e-14,1.365708905e-13,2.386132291e-13,7.056972967e-14,2.016049635e-13,2.918111662e-13,7.074187263e-13,8.556185694e-13,4.367531652e-13,3.358919266e-13,1.88400278e-13,4.709162551e-13,2.504601931e-13,5.417018116e-14,3.48298584e-14,1.774373661e-13,5.554697712e-14,1.382465895e-13,4.146818499e-13,2.68884288e-13,4.803955634e-13,3.289456952e-14,1.121413654e-13,5.627749764e-14
58.75,7.586471542e-13,2.291861778e-13,7.162008218e-13,1.090856361e-13,3.191400238e-13,4.361402557e-13,5.658907753e-14,7.203853077e-14,7.032567675e-14,1.366791356e-13,2.415470837e-13,7.006289185e-14,2.022310628e-13,2.914573472e-13,7.085994066e-13,8.558730325e-13,4.346725298e-13,3.367030341e-13,1.883438012e-13,4.730427859e-13,2.512495363e-13,5.4264731e-14,3.526967481e-14,1.765985267e-13,5.631839421e-14,1.39507133e-13,4.215001572e-13,2.673469796e-13,4.870941121e-13,3.235693697e-14,1.118005558e-13,5.625082479e-14
58.7578125,7.539515474e-13,2.282410982e-13,7.221251587e-13,1.079951821e-13,3.218307496e-13,4.332399008e-13,5.703988201e-14,7.187037094e-14,7.119897539e-14,1.368174552e-13,2.445290766e-13,6.958344707e-14,2.027158529e-13,2.910294606e-13,7.096064469e-13,8.559602721e-13,4.325589134e-13,3.374634261e-13,1.882601113e-13,4.749524846e-13,2.518554757e-13,5.436708483e-14,3.570710094e-14,1.756941522e-13,5.708629457e-14,1.408910169e-13,4.283465017e-13,2.657274434e-13,4.940019831e-13,3.183212422e-14,1.114124338e-13,5.626294667e-14
58.765625,7.4898309e-13,2.274579354e-13,7.285369743e-13,1.069482104e-13,3.24577971e-13,4.303564654e-13,5.748623245e-14,7.172318251e-14,7.209220659e-14,1.370889626e-13,2.477706777e-13,6.923947874e-14,2.031102735e-13,2.905908436e-13,7.106247138e-13,8.560398548e-13,4.304486792e-13,3.382747338e-13,1.882163033e-13,4.774429697e-13,2.523862018e-13,5.449577384e-14,3.611951136e-14,1.746641193e-13,5.784372026e-14,1.424303162e-13,4.354446172e-13,2.642380524e-13,5.01263546e-13,3.133540345e-14,1.110967772e-13,5.628964832e-14
58.7734375,7.437842945e-13,2.270391143e-13,7.352139111e-13,1.06002884e-13,3.273938097e-13,4.274147035e-13,5.791361578e-14,7.157127306e-14,7.300740155e-14,1.374335918e-13,2.512047473e-13,6.899113332e-14,2.035401066e-13,2.902121731e-13,7.117762418e-13,8.562326803e-13,4.284140467e-13,3.392634381e-13,1.882611287e-13,4.804170137e-13,2.528604973e-13,5.464364989e-14,3.652609032e-14,1.73604601e-13,5.861539257e-14,1.440007e-13,4.426668672e-13,2.629639038e-13,5.087108408e-13,3.087072578e-14,1.108729178e-13,5.630728874e-14
58.78125,7.384012421e-13,2.26475431e-13,7.416853351e-13,1.050703117e-13,3.303592178e-13,4.243621042e-13,5.836064882e-14,7.141838932e-14,7.392478326e-14,1.376077669e-13,2.545496129e-13,6.869319828e-14,2.040273001e-13,2.898886446e-13,7.129509201e-13,8.564978876e-13,4.266053202e-13,3.404921381e-13,1.883394867e-13,4.829752603e-13,2.530930747e-13,5.476340683e-14,3.696841996e-14,1.725555014e-13,5.945628956e-14,1.455446727e-13,4.49787807e-13,2.615259815e-13,5.161433215e-13,3.040950648e-14,1.105793513e-13,5.632829985e-14
58.7890625,7.328766562e-13,2.255948133e-13,7.479264405e-13,1.041874413e-13,3.334178408e-13,4.212915327e-13,5.884126229e-14,7.127943208e-14,7.484866944e-14,1.376378516e-13,2.577976942e-13,6.833917254e-14,2.044880108e-13,2.89542638e-13,7.140090594e-13,8.566883366e-13,4.249102278e-13,3.418068413e-13,1.883734934e-13,4.850418637e-13,2.53022794e-13,5.486725361e-14,3.743745098e-14,1.715009995e-13,6.034461102e-14,1.470876751e-13,4.568108472e-13,2.597830595e-13,5.23543744e-13,2.993478083e-14,1.101266956e-13,5.636653648e-14
58.796875,7.271811517e-13,2.248822426e-13,7.54218027e-13,1.034697638e-13,3.363726152e-13,4.182464741e-13,5.931675297e-14,7.113386505e-14,7.581005976e-14,1.378123384e-13,2.611291232e-13,6.802357007e-14,2.048924508e-13,2.891425942e-13,7.14968973e-13,8.567807612e-13,4.231091053e-13,3.43029319e-13,1.88387688e-13,4.872046619e-13,2.52840513e-13,5.502494268e-14,3.790361961e-14,1.703800279e-13,6.122928611e-14,1.486378324e-13,4.638613348e-13,2.580886073e-13,5.310850483e-13,2.947507609e-14,1.096621421e-13,5.64321176e-14
58.8046875,7.214086421e-13,2.245043473e-13,7.60786661e-13,1.027561581e-13,3.392486219e-13,4.150918601e-13,5.977861216e-14,7.094891007e-14,7.678328883e-14,1.381723827e-13,2.645883569e-13,6.777402744e-14,2.05211939e-13,2.887479278e-13,7.160121467e-13,8.569969484e-13,4.213556004e-13,3.442944964e-13,1.884616136e-13,4.896952264e-13,2.526227631e-13,5.52235441e-14,3.836897582e-14,1.691912388e-13,6.212278384e-14,1.502606394e-13,4.710322705e-13,2.566045713e-13,5.388707124e-13,2.907415396e-14,1.092218086e-13,5.654904252e-14
58.8125,7.15451165e-13,2.241443491e-13,7.675907237e-13,1.018765434e-13,3.42150038e-13,4.117404189e-13,6.024228234e-14,7.072647393e-14,7.770427394e-14,1.385010816e-13,2.681348291e-13,6.755408251e-14,2.053796467e-13,2.883204028e-13,7.171921918e-13,8.573577578e-13,4.197774317e-13,3.457424377e-13,1.885607967e-13,4.922568554e-13,2.522352522e-13,5.537196849e-14,3.884212073e-14,1.680721937e-13,6.303812886e-14,1.519957314e-13,4.782637391e-13,2.550885787e-13,5.467234367e-13,2.871826586e-14,1.086136783e-13,5.669768394e-14
58.8203125,7.090601275e-13,2.235863263e-13,7.742379259e-13,1.009750143e-13,3.450591908e-13,4.083120337e-13,6.071162236e-14,7.052614754e-14,7.861233141e-14,1.387182333e-13,2.717054046e-13,6.732518027e-14,2.054278917e-13,2.878104246e-13,7.182582942e-13,8.575316032e-13,4.181509043e-13,3.472215656e-13,1.885983154e-13,4.946007298e-13,2.516305778e-13,5.548025148e-14,3.931345641e-14,1.669946254e-13,6.396151085e-14,1.537327174e-13,4.853928212e-13,2.533690354e-13,5.544824495e-13,2.834396205e-14,1.07894826e-13,5.683104649e-14
58.828125,7.025650389e-13,2.228919452e-13,7.805730883e-13,1.001781051e-13,3.481079028e-13,4.048857545e-13,6.120541596e-14,7.039293173e-14,7.960699748e-14,1.389024636e-13,2.752183769e-13,6.707867501e-14,2.054308366e-13,2.87408371e-13,7.191015724e-13,8.574670034e-13,4.164585694e-13,3.487013604e-13,1.886260329e-13,4.967836377e-13,2.508735385e-13,5.564736731e-14,3.977736815e-14,1.657519399e-13,6.49019936e-14,1.554033537e-13,4.924769283e-13,2.515052243e-13,5.6219041e-13,2.794930035e-14,1.073601655e-13,5.697291424e-14
58.8359375,6.961712317e-13,2.221601386e-13,7.870905547e-13,9.941582609e-14,3.514708083e-13,4.014088883e-13,6.172688092e-14,7.027500609e-14,8.06561367e-14,1.391223331e-13,2.787151196e-13,6.685685099e-14,2.053597587e-13,2.872404441e-13,7.199657195e-13,8.574533727e-13,4.148882066e-13,3.503631698e-13,1.887311492e-13,4.989737382e-13,2.499585033e-13,5.586401872e-14,4.022858069e-14,1.643658636e-13,6.585118798e-14,1.570657681e-13,4.996801171e-13,2.495899116e-13,5.698815065e-13,2.759668309e-14,1.069887711e-13,5.716188305e-14
58.84375,6.894100815e-13,2.213647763e-13,7.941034262e-13,9.863070478e-14,3.549831895e-13,3.979702356e-13,6.224512745e-14,7.009442519e-14,8.163842765e-14,1.394259641e-13,2.82315725e-13,6.669508104e-14,2.05206151e-13,2.871175361e-13,7.209859563e-13,8.575714912e-13,4.133577795e-13,3.521900478e-13,1.88884714e-13,5.010856126e-13,2.488531673e-13,5.605229265e-14,4.064629392e-14,1.629705185e-13,6.677880169e-14,1.58733686e-13,5.068879607e-13,2.477063607e-13,5.776706307e-13,2.728792381e-14,1.065502438e-13,5.736799817e-14
58.8515625,6.823757217e-13,2.205443619e-13,8.011946726e-13,9.781931341e-14,3.583797658e-13,3.946585822e-13,6.276721083e-14,6.985562512e-14,8.253343295e-14,1.397686887e-13,2.860012007e-13,6.655224192e-14,2.05045127e-13,2.869162308e-13,7.220858461e-13,8.577883507e-13,4.118249662e-13,3.540615331e-13,1.890460138e-13,5.029660048e-13,2.476012943e-13,5.622745941e-14,4.103642013e-14,1.615269759e-13,6.772026318e-14,1.603828597e-13,5.140114313e-13,2.458865159e-13,5.857664705e-13,2.69698853e-14,1.060612765e-13,5.757658526e-14
58.859375,6.754776563e-13,2.198013397e-13,8.080111883e-13,9.705888802e-14,3.616536579e-13,3.912282047e-13,6.331887414e-14,6.962771219e-14,8.342668167e-14,1.400185356e-13,2.896588805e-13,6.638081337e-14,2.048474077e-13,2.866775738e-13,7.232219592e-13,8.581719019e-13,4.104441675e-13,3.559638168e-13,1.891928043e-13,5.046387875e-13,2.462462034e-13,5.641482969e-14,4.14321815e-14,1.600337259e-13,6.872812531e-14,1.620407333e-13,5.212584597e-13,2.44007784e-13,5.940542661e-13,2.664098179e-14,1.056225603e-13,5.782088738e-14
58.8671875,6.68363094e-13,2.189909764e-13,8.14736376e-13,9.648008138e-14,3.649124779e-13,3.875154738e-13,6.386842334e-14,6.946187704e-14,8.4386783e-14,1.402047621e-13,2.932780504e-13,6.6209303e-14,2.045207256e-13,2.86367819e-13,7.243420671e-13,8.586933097e-13,4.091435493e-13,3.578387718e-13,1.892785399e-13,5.063715482e-13,2.447694251e-13,5.658041148e-14,4.182483597e-14,1.585811243e-13,6.976414913e-14,1.637384076e-13,5.286398922e-13,2.419919019e-13,6.022365291e-13,2.633221867e-14,1.051623548e-13,5.810735693e-14
58.875,6.610449178e-13,2.180188818e-13,8.215411013e-13,9.601859117e-14,3.682178187e-13,3.837981212e-13,6.439590049e-14,6.934584877e-14,8.538570332e-14,1.404860179e-13,2.969411234e-13,6.606643411e-14,2.041389672e-13,2.860312428e-13,7.254306991e-13,8.593220243e-13,4.078607673e-13,3.597060419e-13,1.893436473e-13,5.08488482e-13,2.431843432e-13,5.673795959e-14,4.219734787e-14,1.571521296e-13,7.077934224e-14,1.654617147e-13,5.358793569e-13,2.399770699e-13,6.103131404e-13,2.604364995e-14,1.046159165e-13,5.842422289e-14
58.8828125,6.539513378e-13,2.171045326e-13,8.283052399e-13,9.55372266e-14,3.715697045e-13,3.802231128e-13,6.493982039e-14,6.922979778e-14,8.632898161e-14,1.40845141e-13,3.006689637e-13,6.592471963e-14,2.038169214e-13,2.857733577e-13,7.265571954e-13,8.600741317e-13,4.067800227e-13,3.617236698e-13,1.894747851e-13,5.107538627e-13,2.415318027e-13,5.690742305e-14,4.25809263e-14,1.556918917e-13,7.180420846e-14,1.671504896e-13,5.429554638e-13,2.380306357e-13,6.183914636e-13,2.576924784e-14,1.04044479e-13,5.876603899e-14
58.890625,6.465159808e-13,2.162020479e-13,8.349514932e-13,9.509921989e-14,3.748598965e-13,3.765547208e-13,6.549232731e-14,6.908603753e-14,8.719778964e-14,1.411681906e-13,3.04381715e-13,6.579089221e-14,2.034816704e-13,2.854683194e-13,7.276588894e-13,8.607476627e-13,4.057651047e-13,3.637798837e-13,1.89628811e-13,5.125094264e-13,2.397459361e-13,5.704519776e-14,4.297836893e-14,1.541797699e-13,7.285633577e-14,1.687767408e-13,5.500516781e-13,2.36031822e-13,6.264317736e-13,2.551549388e-14,1.035147571e-13,5.912248186e-14
58.8984375,6.383719361e-13,2.15082278e-13,8.416344186e-13,9.469053039e-14,3.779985608e-13,3.727168627e-13,6.601401532e-14,6.892551764e-14,8.806852988e-14,1.414774112e-13,3.080655389e-13,6.570292586e-14,2.030006073e-13,2.849835147e-13,7.286747571e-13,8.612330998e-13,4.044871668e-13,3.656182441e-13,1.897080796e-13,5.137623074e-13,2.377654395e-13,5.715337971e-14,4.334818329e-14,1.526317486e-13,7.389488798e-14,1.704054714e-13,5.571394472e-13,2.339392457e-13,6.344213028e-13,2.528217584e-14,1.029914784e-13,5.95021569e-14
58.90625,6.301023674e-13,2.139578656e-13,8.485238233e-13,9.41604196e-14,3.810109757e-13,3.688408731e-13,6.654552214e-14,6.876818793e-14,8.893931587e-14,1.418100049e-13,3.118702675e-13,6.562821181e-14,2.023688002e-13,2.843898582e-13,7.29776624e-13,8.618441275e-13,4.031536267e-13,3.673849656e-13,1.89696628e-13,5.151123442e-13,2.356898946e-13,5.725457699e-14,4.368784914e-14,1.511682062e-13,7.491087851e-14,1.720490453e-13,5.64123898e-13,2.317723607e-13,6.424424622e-13,2.507017117e-14,1.023718216e-13,5.989851315e-14
58.9140625,6.216178789e-13,2.12992578e-13,8.555691758e-13,9.362241392e-14,3.839174474e-13,3.649409864e-13,6.711566951e-14,6.861606851e-14,8.973666775e-14,1.421329389e-13,3.158719292e-13,6.554859862e-14,2.016948057e-13,2.837526712e-13,7.310427525e-13,8.627178715e-13,4.021024767e-13,3.693799115e-13,1.896679732e-13,5.166025849e-13,2.335835427e-13,5.731037998e-14,4.401075505e-14,1.498021262e-13,7.592879011e-14,1.7361685e-13,5.710837666e-13,2.295506116e-13,6.505821944e-13,2.488514968e-14,1.016868964e-13,6.026101813e-14
58.921875,6.128179895e-13,2.119412668e-13,8.62575217e-13,9.323647929e-14,3.868137184e-13,3.610679876e-13,6.765947324e-14,6.845135075e-14,9.048588535e-14,1.424607556e-13,3.19885976e-13,6.553893159e-14,2.010732564e-13,2.831884921e-13,7.323003647e-13,8.63545358e-13,4.012091383e-13,3.71572873e-13,1.89747891e-13,5.178204762e-13,2.31394451e-13,5.735144618e-14,4.431331766e-14,1.483212475e-13,7.694666688e-14,1.751071273e-13,5.780685249e-13,2.274441211e-13,6.587984477e-13,2.471527196e-14,1.011103096e-13,6.059922833e-14
58.9296875,6.044856979e-13,2.107273196e-13,8.69378059e-13,9.2860329e-14,3.899023544e-13,3.573058456e-13,6.816427007e-14,6.826026415e-14,9.123046099e-14,1.428008329e-13,3.237521912e-13,6.560119183e-14,2.004522447e-13,2.82833374e-13,7.334547578e-13,8.642315252e-13,4.003488202e-13,3.738371645e-13,1.899427049e-13,5.18841672e-13,2.291315314e-13,5.744884258e-14,4.460521217e-14,1.4668155e-13,7.796626571e-14,1.765974308e-13,5.849805739e-13,2.254904773e-13,6.668995642e-13,2.453945426e-14,1.006351322e-13,6.097278226e-14
58.9375,5.963594423e-13,2.094076239e-13,8.75952688e-13,9.242545658e-14,3.931417121e-13,3.535057423e-13,6.868669347e-14,6.806205259e-14,9.192442047e-14,1.431098525e-13,3.275802985e-13,6.564509321e-14,1.997433808e-13,2.825089858e-13,7.345545513e-13,8.650014397e-13,3.995926863e-13,3.761662285e-13,1.900993629e-13,5.200176207e-13,2.267857081e-13,5.754096085e-14,4.487736147e-14,1.450752883e-13,7.899831598e-14,1.780965868e-13,5.917629411e-13,2.234139041e-13,6.748515228e-13,2.436466823e-14,1.00081425e-13,6.135522051e-14
58.9453125,5.875349176e-13,2.079608646e-13,8.824765044e-13,9.203584896e-14,3.962718767e-13,3.495474668e-13,6.921171118e-14,6.790155331e-14,9.258940046e-14,1.43417035e-13,3.314537569e-13,6.567083292e-14,1.989933708e-13,2.81987311e-13,7.356352729e-13,8.658848274e-13,3.988454279e-13,3.784557894e-13,1.901763176e-13,5.21212991e-13,2.242804025e-13,5.757506217e-14,4.510617941e-14,1.435306343e-13,8.001528533e-14,1.795870556e-13,5.984142318e-13,2.211433243e-13,6.827690532e-13,2.422034917e-14,9.945704549e-14,6.17045732e-14
58.953125,5.784854073e-13,2.065287449e-13,8.890170594e-13,9.159365626e-14,3.992245819e-13,3.45546352e-13,6.97104564e-14,6.778441795e-14,9.328595641e-14,1.4375936e-13,3.35227269e-13,6.570585618e-14,1.982025875e-13,2.813575035e-13,7.36692619e-13,8.667585569e-13,3.980255243e-13,3.805520561e-13,1.902484152e-13,5.221089808e-13,2.21658165e-13,5.760809986e-14,4.530561411e-14,1.419459373e-13,8.098719689e-14,1.810348004e-13,6.048569682e-13,2.1883645e-13,6.905091393e-13,2.411201155e-14,9.887304289e-14,6.206190542e-14
58.9609375,5.696104022e-13,2.05107631e-13,8.952414391e-13,9.097922135e-14,4.020758374e-13,3.415269751e-13,7.02120224e-14,6.765225389e-14,9.391422828e-14,1.44079743e-13,3.388598681e-13,6.570302572e-14,1.972570986e-13,2.807116453e-13,7.376731572e-13,8.676044018e-13,3.972410283e-13,3.825168227e-13,1.902856899e-13,5.228312103e-13,2.18981501e-13,5.762260469e-14,4.547773377e-14,1.403308397e-13,8.191979584e-14,1.823689173e-13,6.110434255e-13,2.164435809e-13,6.978683995e-13,2.401932915e-14,9.826439541e-14,6.243978534e-14
58.96875,5.603431479e-13,2.034789972e-13,9.009712265e-13,9.034240232e-14,4.048395462e-13,3.374307009e-13,7.071261768e-14,6.748658048e-14,9.440319104e-14,1.443655844e-13,3.425084799e-13,6.56783693e-14,1.961842428e-13,2.800117475e-13,7.385634313e-13,8.684103345e-13,3.964844089e-13,3.844887785e-13,1.902649758e-13,5.235578942e-13,2.162219211e-13,5.757622873e-14,4.560740928e-14,1.387048148e-13,8.282675145e-14,1.835969421e-13,6.170761517e-13,2.139766761e-13,7.050106689e-13,2.393381667e-14,9.758253031e-14,6.280363809e-14
58.9765625,5.508359331e-13,2.017803682e-13,9.065147049e-13,8.985314061e-14,4.074731796e-13,3.333231988e-13,7.119435019e-14,6.73473442e-14,9.488461107e-14,1.446664077e-13,3.461601102e-13,6.568886632e-14,1.950656875e-13,2.792467538e-13,7.394179339e-13,8.691433067e-13,3.956466482e-13,3.863955122e-13,1.902296799e-13,5.240866063e-13,2.134232061e-13,5.753318072e-14,4.571925159e-14,1.370568166e-13,8.372455399e-14,1.847596917e-13,6.230331523e-13,2.115971183e-13,7.12169043e-13,2.385922266e-14,9.693784802e-14,6.316784744e-14
58.984375,5.41479104e-13,2.001940478e-13,9.119526599e-13,8.950628706e-14,4.098720945e-13,3.291682993e-13,7.167133978e-14,6.724173611e-14,9.541166211e-14,1.449712957e-13,3.496979583e-13,6.570322617e-14,1.938490553e-13,2.783189962e-13,7.401239161e-13,8.697798813e-13,3.946994455e-13,3.880797216e-13,1.901290694e-13,5.243363298e-13,2.106075779e-13,5.749971113e-14,4.580976371e-14,1.354345076e-13,8.460714714e-14,1.858100376e-13,6.287916007e-13,2.091962916e-13,7.192465062e-13,2.380122502e-14,9.635066285e-14,6.354594739e-14
58.9921875,5.318669905e-13,1.985208792e-13,9.17065791e-13,8.918435594e-14,4.120729941e-13,3.248409235e-13,7.211484622e-14,6.711872006e-14,9.588199582e-14,1.452866772e-13,3.532431413e-13,6.572075921e-14,1.925463596e-13,2.771871368e-13,7.404973532e-13,8.702528577e-13,3.936388079e-13,3.89600975e-13,1.899603699e-13,5.244891084e-13,2.076789106e-13,5.741704478e-14,4.583960066e-14,1.338503598e-13,8.543058372e-14,1.867478481e-13,6.342015078e-13,2.066939021e-13,7.259996936e-13,2.377133268e-14,9.575442393e-14,6.391112263e-14
59,5.219225879e-13,1.966658005e-13,9.220356199e-13,8.87561171e-14,4.143272737e-13,3.204660846e-13,7.250559404e-14,6.699282126e-14,9.627657795e-14,1.456611435e-13,3.568802144e-13,6.578459328e-14,1.912388144e-13,2.760670012e-13,7.407144386e-13,8.706152965e-13,3.92568286e-13,3.911714812e-13,1.898589543e-13,5.244628118e-13,2.04651422e-13,5.732646709e-14,4.583167572e-14,1.322378422e-13,8.620793926e-14,1.876631496e-13,6.393683917e-13,2.042554872e-13,7.32448473e-13,2.376069549e-14,9.519144106e-14,6.425652531e-14
59.0078125,5.119915715e-13,1.947001595e-13,9.27068377e-13,8.823160435e-14,4.166477942e-13,3.162349482e-13,7.290115289e-14,6.688417168e-14,9.661393367e-14,1.46047494e-13,3.603994614e-13,6.582954286e-14,1.898943175e-13,2.75048859e-13,7.41109273e-13,8.710705746e-13,3.916509222e-13,3.928485195e-13,1.898231899e-13,5.241441792e-13,2.015995217e-13,5.725278596e-14,4.580777472e-14,1.305872812e-13,8.700268413e-14,1.885533697e-13,6.444938795e-13,2.01796674e-13,7.388877058e-13,2.374195428e-14,9.466079861e-14,6.458932316e-14
59.015625,5.020021226e-13,1.926589757e-13,9.318629407e-13,8.772933146e-14,4.18802282e-13,3.120674219e-13,7.331494409e-14,6.674665379e-14,9.685442182e-14,1.463692417e-13,3.637559511e-13,6.581919487e-14,1.885072228e-13,2.739774086e-13,7.416297553e-13,8.716403227e-13,3.908177316e-13,3.944939668e-13,1.897350051e-13,5.237762489e-13,1.984979652e-13,5.713223293e-14,4.574028423e-14,1.289678261e-13,8.779156821e-14,1.893448805e-13,6.495137435e-13,1.99185458e-13,7.454061313e-13,2.371995358e-14,9.40666362e-14,6.491245414e-14
59.0234375,4.918589576e-13,1.907331818e-13,9.363066018e-13,8.725187253e-14,4.207983667e-13,3.077884383e-13,7.371776302e-14,6.658302702e-14,9.701935715e-14,1.466320657e-13,3.671937558e-13,6.585765999e-14,1.871326611e-13,2.728547904e-13,7.420598998e-13,8.721933852e-13,3.899385086e-13,3.960142395e-13,1.896054855e-13,5.234016756e-13,1.953809665e-13,5.697221596e-14,4.565544899e-14,1.273834609e-13,8.852940439e-14,1.900347911e-13,6.542813833e-13,1.966037218e-13,7.517954497e-13,2.37149451e-14,9.349744428e-14,6.522901868e-14
59.03125,4.816096008e-13,1.889486708e-13,9.406769768e-13,8.673291211e-14,4.227002998e-13,3.033848917e-13,7.414266303e-14,6.644666721e-14,9.715475426e-14,1.468434396e-13,3.707014938e-13,6.595663947e-14,1.85725954e-13,2.717632989e-13,7.424930172e-13,8.727892841e-13,3.890959183e-13,3.974519589e-13,1.894694507e-13,5.227691496e-13,1.922938686e-13,5.681557494e-14,4.558434627e-14,1.257502578e-13,8.926425772e-14,1.906500969e-13,6.58813108e-13,1.940567818e-13,7.579826584e-13,2.372260633e-14,9.311038909e-14,6.552765092e-14
59.0390625,4.712404948e-13,1.87009361e-13,9.449379023e-13,8.621634606e-14,4.243431489e-13,2.989954531e-13,7.459441957e-14,6.632431064e-14,9.724054476e-14,1.470286085e-13,3.740523855e-13,6.601052712e-14,1.842557897e-13,2.705925842e-13,7.4307135e-13,8.735406803e-13,3.883548354e-13,3.988582654e-13,1.892872842e-13,5.219602156e-13,1.891593522e-13,5.663438142e-14,4.547457042e-14,1.240740027e-13,9.000717858e-14,1.91169676e-13,6.630084926e-13,1.914091681e-13,7.639300773e-13,2.374841907e-14,9.281193678e-14,6.58166057e-14
59.046875,4.608760704e-13,1.849015085e-13,9.489479793e-13,8.578875401e-14,4.257676966e-13,2.94770019e-13,7.501297624e-14,6.618467419e-14,9.727276207e-14,1.472692917e-13,3.773178618e-13,6.603957406e-14,1.827811086e-13,2.693082763e-13,7.436578722e-13,8.743018456e-13,3.876328118e-13,4.002319456e-13,1.890817565e-13,5.210886007e-13,1.859837046e-13,5.642490562e-14,4.530451064e-14,1.224431365e-13,9.068504368e-14,1.9154879e-13,6.667730045e-13,1.888210364e-13,7.694345445e-13,2.380820515e-14,9.249795277e-14,6.611040919e-14
59.0546875,4.505437895e-13,1.827707304e-13,9.528711771e-13,8.543572535e-14,4.273134228e-13,2.906822343e-13,7.54060967e-14,6.604482212e-14,9.726576798e-14,1.475426316e-13,3.806578822e-13,6.612977818e-14,1.812866701e-13,2.68083172e-13,7.441420684e-13,8.748920923e-13,3.868599982e-13,4.015348383e-13,1.888963116e-13,5.198844326e-13,1.828347338e-13,5.622434433e-14,4.511589869e-14,1.20819906e-13,9.129935575e-14,1.91805771e-13,6.704148978e-13,1.863199881e-13,7.74529832e-13,2.388439396e-14,9.225750771e-14,6.637353936e-14
59.0625,4.401211332e-13,1.805244742e-13,9.56641102e-13,8.504989737e-14,4.28966551e-13,2.864983031e-13,7.582282587e-14,6.590722852e-14,9.718457044e-14,1.47730827e-13,3.839308946e-13,6.623793236e-14,1.796816114e-13,2.669134165e-13,7.446314027e-13,8.754516958e-13,3.860489113e-13,4.027346714e-13,1.886757286e-13,5.183259517e-13,1.796447834e-13,5.600981953e-14,4.491137654e-14,1.191549786e-13,9.191115844e-14,1.920309681e-13,6.741398213e-13,1.83654136e-13,7.794472541e-13,2.395788907e-14,9.20709733e-14,6.660173603e-14
59.0703125,4.29640952e-13,1.782094359e-13,9.599873629e-13,8.45645406e-14,4.303050166e-13,2.820490159e-13,7.624247563e-14,6.574872517e-14,9.697764166e-14,1.478477859e-13,3.870477064e-13,6.63017864e-14,1.779522834e-13,2.655899909e-13,7.451454267e-13,8.761927159e-13,3.853235684e-13,4.039362511e-13,1.883704564e-13,5.167315786e-13,1.76391581e-13,5.572647254e-14,4.467441778e-14,1.175534499e-13,9.251412075e-14,1.922066908e-13,6.776760359e-13,1.808267049e-13,7.84201848e-13,2.404153339e-14,9.182678131e-14,6.682841417e-14
59.078125,4.190595533e-13,1.759606628e-13,9.630195209e-13,8.406708489e-14,4.312556577e-13,2.775083913e-13,7.662723257e-14,6.5566009e-14,9.663695632e-14,1.479947849e-13,3.901762656e-13,6.636397888e-14,1.761955979e-13,2.64109168e-13,7.455472217e-13,8.76929721e-13,3.847242039e-13,4.052621556e-13,1.880227065e-13,5.150835215e-13,1.7315209e-13,5.537663083e-14,4.440760674e-14,1.160177805e-13,9.307039612e-14,1.921784657e-13,6.808398244e-13,1.780135505e-13,7.887403606e-13,2.414106722e-14,9.160179853e-14,6.700677426e-14
59.0859375,4.084419791e-13,1.736619948e-13,9.658444483e-13,8.370112527e-14,4.321806663e-13,2.732048224e-13,7.699459955e-14,6.537176966e-14,9.62385974e-14,1.481683442e-13,3.933065959e-13,6.645479526e-14,1.744804121e-13,2.626375295e-13,7.458207861e-13,8.77316196e-13,3.839888162e-13,4.065327331e-13,1.876782652e-13,5.132021087e-13,1.698921841e-13,5.502091523e-14,4.410515602e-14,1.144099421e-13,9.357218193e-14,1.919464302e-13,6.83648791e-13,1.752699216e-13,7.930163668e-13,2.424468901e-14,9.147967775e-14,6.71200805e-14
59.09375,3.981802733e-13,1.712755415e-13,9.683290881e-13,8.343018402e-14,4.332034635e-13,2.691399124e-13,7.737446304e-14,6.51860485e-14,9.58518962e-14,1.483235796e-13,3.962565652e-13,6.655871321e-14,1.727406708e-13,2.612275369e-13,7.460616453e-13,8.773804235e-13,3.829772411e-13,4.075341812e-13,1.87351283e-13,5.111634071e-13,1.665787863e-13,5.470156845e-14,4.377568202e-14,1.127497479e-13,9.402496443e-14,1.916849156e-13,6.860807406e-13,1.726149217e-13,7.969428901e-13,2.435153715e-14,9.14106051e-14,6.725751851e-14
59.1015625,3.881790917e-13,1.688712397e-13,9.705531909e-13,8.305002959e-14,4.341809992e-13,2.650404776e-13,7.774800118e-14,6.502842351e-14,9.540979081e-14,1.484843421e-13,3.990815752e-13,6.670204052e-14,1.709154071e-13,2.598827932e-13,7.46235164e-13,8.773718166e-13,3.819398896e-13,4.084151852e-13,1.870429608e-13,5.090721352e-13,1.632972441e-13,5.439318935e-14,4.343580452e-14,1.111110808e-13,9.442846022e-14,1.914156208e-13,6.882641428e-13,1.699718058e-13,8.006108127e-13,2.446772693e-14,9.139503937e-14,6.740902735e-14
59.109375,3.779681436e-13,1.663950197e-13,9.724449747e-13,8.253025669e-14,4.350072917e-13,2.608352552e-13,7.806779814e-14,6.48960495e-14,9.486713624e-14,1.48663947e-13,4.018973394e-13,6.686456263e-14,1.69017438e-13,2.584936182e-13,7.462125065e-13,8.77389274e-13,3.809509176e-13,4.092436603e-13,1.866701061e-13,5.069840236e-13,1.600682326e-13,5.406052491e-14,4.307030382e-14,1.094772714e-13,9.476040401e-14,1.910261243e-13,6.902784406e-13,1.672363075e-13,8.040050871e-13,2.45912807e-14,9.141480131e-14,6.749411158e-14
59.1171875,3.67662191e-13,1.63943185e-13,9.737094411e-13,8.209695456e-14,4.355101086e-13,2.566244472e-13,7.832878489e-14,6.476772015e-14,9.431199334e-14,1.488127197e-13,4.046470699e-13,6.694921356e-14,1.670257877e-13,2.568180953e-13,7.459842471e-13,8.774041606e-13,3.798052869e-13,4.098218471e-13,1.861455101e-13,5.048426149e-13,1.56851456e-13,5.370489575e-14,4.267236349e-14,1.078952382e-13,9.501337572e-14,1.905105484e-13,6.919970908e-13,1.64487889e-13,8.068670027e-13,2.471998494e-14,9.140159569e-14,6.754809552e-14
59.125,3.575090434e-13,1.616259044e-13,9.747365527e-13,8.182106531e-14,4.357672063e-13,2.524331592e-13,7.856571972e-14,6.462326997e-14,9.373521799e-14,1.489171065e-13,4.073355634e-13,6.699811258e-14,1.650113936e-13,2.5502403e-13,7.456444762e-13,8.772973257e-13,3.785792601e-13,4.10320794e-13,1.85598713e-13,5.022987267e-13,1.536687335e-13,5.333172043e-14,4.225672786e-14,1.063523531e-13,9.524148839e-14,1.898870379e-13,6.935382047e-13,1.617946646e-13,8.093580096e-13,2.48610211e-14,9.145759148e-14,6.759164086e-14
59.1328125,3.473987782e-13,1.592474457e-13,9.758998334e-13,8.148829388e-14,4.361646528e-13,2.48304599e-13,7.87895442e-14,6.446896865e-14,9.304129499e-14,1.490254462e-13,4.09950151e-13,6.713799382e-14,1.631142001e-13,2.535112344e-13,7.452482256e-13,8.770174355e-13,3.774701289e-13,4.11048055e-13,1.851659245e-13,4.992973161e-13,1.505184084e-13,5.294715981e-14,4.181807059e-14,1.047278324e-13,9.547055172e-14,1.89110519e-13,6.949713992e-13,1.591128736e-13,8.117995637e-13,2.501311567e-14,9.167453485e-14,6.757572996e-14
59.140625,3.373127033e-13,1.567669318e-13,9.764767887e-13,8.101360176e-14,4.364891644e-13,2.442170887e-13,7.89901852e-14,6.434600624e-14,9.228840278e-14,1.491157089e-13,4.122957901e-13,6.730175626e-14,1.612072597e-13,2.520236408e-13,7.447763605e-13,8.76718992e-13,3.763005363e-13,4.11661874e-13,1.846538229e-13,4.963735682e-13,1.473608336e-13,5.255660042e-14,4.135197735e-14,1.030968987e-13,9.563169512e-14,1.882005233e-13,6.959255417e-13,1.564431106e-13,8.138818585e-13,2.515186475e-14,9.189896949e-14,6.753918779e-14
59.1484375,3.272500103e-13,1.54363439e-13,9.761053337e-13,8.052860684e-14,4.363064376e-13,2.400300214e-13,7.917510107e-14,6.426527789e-14,9.1548085e-14,1.491106329e-13,4.143624423e-13,6.738370387e-14,1.591410124e-13,2.501735818e-13,7.440916932e-13,8.762729801e-13,3.748088794e-13,4.117294465e-13,1.838989248e-13,4.936095175e-13,1.44215773e-13,5.214554119e-14,4.0864781e-14,1.015510802e-13,9.568107422e-14,1.871915099e-13,6.9635602e-13,1.537489568e-13,8.153155088e-13,2.526822521e-14,9.205001194e-14,6.75129077e-14
59.15625,3.172223926e-13,1.519059626e-13,9.75534087e-13,8.007251603e-14,4.360362023e-13,2.358481275e-13,7.935910746e-14,6.418222603e-14,9.075035823e-14,1.490689929e-13,4.163589803e-13,6.747061257e-14,1.571142829e-13,2.483215491e-13,7.430727815e-13,8.753094409e-13,3.731066162e-13,4.115020683e-13,1.831107723e-13,4.904263472e-13,1.411186117e-13,5.171626497e-14,4.034515222e-14,9.994479005e-14,9.56644128e-14,1.86042876e-13,6.966540201e-13,1.510064714e-13,8.164096946e-13,2.539331532e-14,9.224983136e-14,6.742577503e-14
59.1640625,3.074985511e-13,1.492822149e-13,9.749592255e-13,7.962433221e-14,4.359250067e-13,2.318961476e-13,7.952939738e-14,6.409606073e-14,8.988383065e-14,1.491058008e-13,4.183090455e-13,6.762228815e-14,1.552273998e-13,2.467422834e-13,7.419555309e-13,8.74140481e-13,3.714968688e-13,4.113364197e-13,1.824281156e-13,4.868403655e-13,1.380907268e-13,5.12882056e-14,3.979593459e-14,9.829654767e-14,9.561602601e-14,1.847850484e-13,6.968488269e-13,1.483742778e-13,8.173458689e-13,2.554637683e-14,9.253513139e-14,6.727116407e-14
59.171875,2.980920278e-13,1.467868015e-13,9.739348911e-13,7.922439101e-14,4.354680155e-13,2.280492019e-13,7.964638486e-14,6.40469225e-14,8.901818786e-14,1.491572328e-13,4.201567183e-13,6.777068841e-14,1.532879359e-13,2.45133556e-13,7.410177729e-13,8.732937665e-13,3.700259897e-13,4.111530528e-13,1.817102553e-13,4.833954761e-13,1.351748544e-13,5.085768305e-14,3.924449619e-14,9.679564482e-14,9.551929884e-14,1.835065665e-13,6.968063905e-13,1.459311147e-13,8.179753382e-13,2.570514415e-14,9.287293479e-14,6.710221514e-14
59.1796875,2.887671191e-13,1.445345356e-13,9.724994473e-13,7.883828875e-14,4.348038487e-13,2.241083419e-13,7.970301952e-14,6.398180543e-14,8.811118178e-14,1.491173093e-13,4.219230352e-13,6.79107938e-14,1.512792892e-13,2.434766797e-13,7.399478911e-13,8.723111033e-13,3.684282615e-13,4.108054793e-13,1.809221044e-13,4.799222743e-13,1.323457115e-13,5.042707442e-14,3.86919636e-14,9.533126888e-14,9.535960017e-14,1.821532407e-13,6.965458095e-13,1.435141648e-13,8.182474469e-13,2.584986561e-14,9.328248519e-14,6.690276259e-14
59.1875,2.796001896e-13,1.422792226e-13,9.706669146e-13,7.841914664e-14,4.343169543e-13,2.201255463e-13,7.973568725e-14,6.382586356e-14,8.707643982e-14,1.490306304e-13,4.235147365e-13,6.806592284e-14,1.492902474e-13,2.419303176e-13,7.383423982e-13,8.705723616e-13,3.665257016e-13,4.102844077e-13,1.801111158e-13,4.759037734e-13,1.294935091e-13,4.99941121e-14,3.812489333e-14,9.375358049e-14,9.512756472e-14,1.806156448e-13,6.958772721e-13,1.410178659e-13,8.180828245e-13,2.599350726e-14,9.372328055e-14,6.665208622e-14
59.1953125,2.706058104e-13,1.399710415e-13,9.682004585e-13,7.804288838e-14,4.33512822e-13,2.161581422e-13,7.974942706e-14,6.365967872e-14,8.595450196e-14,1.489259274e-13,4.24865961e-13,6.820231244e-14,1.472431581e-13,2.402516798e-13,7.364075294e-13,8.683895219e-13,3.644245063e-13,4.095504807e-13,1.791851206e-13,4.715435364e-13,1.266038183e-13,4.952180955e-14,3.755041722e-14,9.221064225e-14,9.48143458e-14,1.789287551e-13,6.94670876e-13,1.385085347e-13,8.173506747e-13,2.61572403e-14,9.416837572e-14,6.636990017e-14
59.203125,2.616787176e-13,1.377507719e-13,9.653476866e-13,7.772096823e-14,4.323122537e-13,2.122530199e-13,7.973252974e-14,6.359535145e-14,8.484042844e-14,1.487663101e-13,4.261047979e-13,6.833254544e-14,1.451569405e-13,2.384203254e-13,7.344782602e-13,8.661939297e-13,3.622642811e-13,4.086062363e-13,1.781479761e-13,4.673228063e-13,1.237784788e-13,4.902871751e-14,3.697002941e-14,9.075288966e-14,9.444795307e-14,1.772108633e-13,6.932074688e-13,1.360771212e-13,8.162271479e-13,2.633165521e-14,9.471990821e-14,6.606764827e-14
59.2109375,2.530367442e-13,1.35577182e-13,9.62496981e-13,7.732552647e-14,4.313717988e-13,2.08510296e-13,7.971399816e-14,6.358355845e-14,8.37266499e-14,1.486157004e-13,4.273253553e-13,6.850363809e-14,1.431530379e-13,2.368148739e-13,7.326083945e-13,8.639464891e-13,3.600906191e-13,4.076165914e-13,1.771642059e-13,4.633031306e-13,1.210612724e-13,4.858375962e-14,3.637416175e-14,8.92495074e-14,9.406767533e-14,1.755155851e-13,6.916751781e-13,1.337548197e-13,8.150189119e-13,2.648948095e-14,9.540200074e-14,6.575083684e-14
59.21875,2.446338227e-13,1.333270665e-13,9.596087891e-13,7.68357168e-14,4.305017571e-13,2.048499122e-13,7.969551028e-14,6.353124726e-14,8.254348972e-14,1.485184363e-13,4.285238251e-13,6.871023242e-14,1.411763166e-13,2.353935264e-13,7.307266696e-13,8.615347523e-13,3.578947757e-13,4.066843952e-13,1.762355139e-13,4.593251659e-13,1.184070417e-13,4.816570838e-14,3.577371698e-14,8.774446568e-14,9.365565422e-14,1.737707059e-13,6.898968987e-13,1.314616362e-13,8.136099685e-13,2.664005275e-14,9.610979051e-14,6.539513561e-14
59.2265625,2.361323784e-13,1.310275195e-13,9.56430149e-13,7.640529315e-14,4.291770883e-13,2.011406496e-13,7.964280495e-14,6.344539585e-14,8.129811836e-14,1.483602942e-13,4.296397832e-13,6.89173132e-14,1.391447492e-13,2.338373802e-13,7.285589672e-13,8.587706583e-13,3.555808843e-13,4.056684558e-13,1.752166349e-13,4.551606879e-13,1.157706114e-13,4.770995848e-14,3.518857173e-14,8.632460156e-14,9.317796903e-14,1.718713859e-13,6.876796e-13,1.290911952e-13,8.11609945e-13,2.681200484e-14,9.684656406e-14,6.496412161e-14
59.234375,2.278223978e-13,1.288305776e-13,9.527992099e-13,7.611347395e-14,4.276904883e-13,1.974836169e-13,7.957542806e-14,6.336022275e-14,8.00255208e-14,1.480986387e-13,4.305414028e-13,6.909837151e-14,1.371206158e-13,2.32235286e-13,7.259809514e-13,8.555620407e-13,3.531004431e-13,4.044561623e-13,1.740967873e-13,4.506705012e-13,1.131550231e-13,4.723379183e-14,3.462064581e-14,8.490306298e-14,9.265854572e-14,1.698738675e-13,6.85113995e-13,1.267121122e-13,8.091367909e-13,2.699475994e-14,9.769064906e-14,6.450154574e-14
59.2421875,2.200475418e-13,1.268507923e-13,9.489000794e-13,7.581958133e-14,4.262573736e-13,1.940003191e-13,7.950716343e-14,6.328008006e-14,7.868407621e-14,1.478578684e-13,4.312342784e-13,6.92876983e-14,1.351745384e-13,2.307921928e-13,7.23343793e-13,8.521797065e-13,3.505302091e-13,4.031507649e-13,1.729682128e-13,4.460220262e-13,1.106208971e-13,4.677568091e-14,3.406446035e-14,8.342236827e-14,9.211542087e-14,1.678893306e-13,6.824311632e-13,1.24492688e-13,8.066658712e-13,2.716884622e-14,9.863182556e-14,6.405076803e-14
59.25,2.124762672e-13,1.250441686e-13,9.44872574e-13,7.541139214e-14,4.246177361e-13,1.90625375e-13,7.93908102e-14,6.320052885e-14,7.725674963e-14,1.476671886e-13,4.318425069e-13,6.954697147e-14,1.332768386e-13,2.294136783e-13,7.206664307e-13,8.486573741e-13,3.478449893e-13,4.017895122e-13,1.718270637e-13,4.412899609e-13,1.081981e-13,4.63306127e-14,3.351802074e-14,8.193499377e-14,9.150164456e-14,1.658447824e-13,6.794980383e-13,1.224191364e-13,8.039803424e-13,2.734217429e-14,9.966940905e-14,6.354951075e-14
59.2578125,2.050093413e-13,1.233050765e-13,9.403540904e-13,7.50294849e-14,4.227841706e-13,1.872497413e-13,7.922845355e-14,6.311092898e-14,7.581615589e-14,1.473898006e-13,4.323626842e-13,6.98350122e-14,1.313157543e-13,2.279888727e-13,7.175466616e-13,8.44693063e-13,3.449279325e-13,4.00271961e-13,1.706107676e-13,4.363877608e-13,1.058230508e-13,4.58948045e-14,3.297222329e-14,8.046400693e-14,9.079847754e-14,1.636863925e-13,6.759852118e-13,1.203356383e-13,8.005398339e-13,2.751423169e-14,1.008471729e-13,6.29727551e-14
59.265625,1.979276935e-13,1.216106089e-13,9.353468663e-13,7.47773134e-14,4.209546848e-13,1.838592316e-13,7.906513564e-14,6.301890392e-14,7.440120067e-14,1.469568832e-13,4.328043777e-13,7.010218217e-14,1.292905927e-13,2.266123093e-13,7.141385873e-13,8.40334962e-13,3.417888979e-13,3.986244913e-13,1.693573338e-13,4.315185803e-13,1.034731017e-13,4.548073208e-14,3.242156831e-14,7.900068077e-14,9.006265103e-14,1.615424746e-13,6.720992891e-13,1.182337198e-13,7.966792159e-13,2.767334308e-14,1.021248726e-13,6.23926928e-14
59.2734375,1.910707528e-13,1.199908158e-13,9.303264692e-13,7.452272785e-14,4.191989082e-13,1.805293559e-13,7.888224316e-14,6.294238829e-14,7.29923287e-14,1.464503676e-13,4.331997921e-13,7.04135968e-14,1.273865317e-13,2.25404183e-13,7.107723036e-13,8.357630213e-13,3.384907781e-13,3.969360202e-13,1.681455674e-13,4.267583952e-13,1.01207643e-13,4.509288003e-14,3.188271022e-14,7.754838768e-14,8.93279739e-14,1.594277147e-13,6.682137507e-13,1.162173427e-13,7.928765057e-13,2.782390517e-14,1.034324038e-13,6.181587789e-14
59.28125,1.842322697e-13,1.18489083e-13,9.250244184e-13,7.421511936e-14,4.174663776e-13,1.772983152e-13,7.865356376e-14,6.285825233e-14,7.157443024e-14,1.459505317e-13,4.333904495e-13,7.077313818e-14,1.256007725e-13,2.243093107e-13,7.072570116e-13,8.309378382e-13,3.350812273e-13,3.95182248e-13,1.669200138e-13,4.218531673e-13,9.901491305e-14,4.470564025e-14,3.136250532e-14,7.611439915e-14,8.856503259e-14,1.572512052e-13,6.64165524e-13,1.142639841e-13,7.887074928e-13,2.798073711e-14,1.047563124e-13,6.119814528e-14
59.2890625,1.776078086e-13,1.171187959e-13,9.190806692e-13,7.393571205e-14,4.155140124e-13,1.741286086e-13,7.840378751e-14,6.274875376e-14,7.011596284e-14,1.454630018e-13,4.333404252e-13,7.110330941e-14,1.236996005e-13,2.231574954e-13,7.035547921e-13,8.259719632e-13,3.316665689e-13,3.93356497e-13,1.655867776e-13,4.169710433e-13,9.68464681e-14,4.428499518e-14,3.083896112e-14,7.471300956e-14,8.775096854e-14,1.550883354e-13,6.597538907e-13,1.12319306e-13,7.838548311e-13,2.815837994e-14,1.060942538e-13,6.056121668e-14
59.296875,1.712478974e-13,1.157781374e-13,9.130594825e-13,7.365602878e-14,4.133497376e-13,1.710668694e-13,7.814051149e-14,6.265204507e-14,6.860335884e-14,1.449608387e-13,4.332665806e-13,7.144267323e-14,1.217255654e-13,2.219695511e-13,6.998687684e-13,8.208984506e-13,3.282749506e-13,3.915014705e-13,1.642174065e-13,4.123761488e-13,9.47420218e-14,4.386350269e-14,3.031749677e-14,7.334193006e-14,8.689640865e-14,1.529846543e-13,6.550915199e-13,1.104332559e-13,7.787143771e-13,2.834861631e-14,1.074915534e-13,5.99088791e-14
59.3046875,1.65040049e-13,1.143943269e-13,9.071334834e-13,7.340274735e-14,4.113596519e-13,1.681539173e-13,7.784594507e-14,6.257806524e-14,6.708734525e-14,1.443742198e-13,4.331497642e-13,7.183145672e-14,1.198671452e-13,2.209158513e-13,6.959743647e-13,8.153454174e-13,3.247350331e-13,3.895204305e-13,1.62900896e-13,4.077506986e-13,9.273743194e-14,4.349750555e-14,2.983928422e-14,7.195981132e-14,8.600810994e-14,1.508270917e-13,6.50217212e-13,1.085931432e-13,7.734016709e-13,2.852141037e-14,1.09009783e-13,5.920528139e-14
59.3125,1.590613369e-13,1.130831945e-13,9.007022693e-13,7.329458125e-14,4.094308665e-13,1.652133282e-13,7.751965001e-14,6.246955358e-14,6.558727218e-14,1.436459314e-13,4.327711394e-13,7.219537927e-14,1.179869357e-13,2.199263004e-13,6.91596103e-13,8.091826354e-13,3.209024766e-13,3.8723951e-13,1.615388004e-13,4.028835155e-13,9.080638645e-14,4.314860938e-14,2.940705209e-14,7.053112014e-14,8.508213413e-14,1.486163182e-13,6.451742014e-13,1.067288656e-13,7.676937657e-13,2.867820787e-14,1.105940544e-13,5.847939525e-14
59.3203125,1.533659191e-13,1.119629969e-13,8.93790952e-13,7.321668323e-14,4.071876111e-13,1.621498066e-13,7.715930968e-14,6.230758617e-14,6.407042965e-14,1.428692582e-13,4.321604907e-13,7.255611344e-14,1.160083208e-13,2.189095997e-13,6.868753925e-13,8.027257749e-13,3.169138221e-13,3.847397358e-13,1.600757954e-13,3.979583527e-13,8.893751726e-14,4.276716275e-14,2.898994348e-14,6.909748878e-14,8.412752224e-14,1.464137935e-13,6.400787555e-13,1.049151203e-13,7.617427877e-13,2.884017073e-14,1.121924732e-13,5.774871744e-14
59.328125,1.479310225e-13,1.109980683e-13,8.8686636e-13,7.298901224e-14,4.05013852e-13,1.591975854e-13,7.675277472e-14,6.216643202e-14,6.255874466e-14,1.421709312e-13,4.315080475e-13,7.302262702e-14,1.142174238e-13,2.181016115e-13,6.820341227e-13,7.961460361e-13,3.129972334e-13,3.823317637e-13,1.586747748e-13,3.931437308e-13,8.711684946e-14,4.240720934e-14,2.858729894e-14,6.775264127e-14,8.314755134e-14,1.441752068e-13,6.34825052e-13,1.032589614e-13,7.557350974e-13,2.900317523e-14,1.138637035e-13,5.697147447e-14
59.3359375,1.428138823e-13,1.100863579e-13,8.799528232e-13,7.271518501e-14,4.032332773e-13,1.564949809e-13,7.630685743e-14,6.211812671e-14,6.10916061e-14,1.415032188e-13,4.308736757e-13,7.3568588e-14,1.126871615e-13,2.175686047e-13,6.771556538e-13,7.893563234e-13,3.090627843e-13,3.800671539e-13,1.573923441e-13,3.886676263e-13,8.532034099e-14,4.210290973e-14,2.821059923e-14,6.648923851e-14,8.212091785e-14,1.419245338e-13,6.293026206e-13,1.017242517e-13,7.495143844e-13,2.917260501e-14,1.156202696e-13,5.618078111e-14
59.34375,1.379651728e-13,1.091785801e-13,8.729324688e-13,7.258646852e-14,4.012939376e-13,1.538564716e-13,7.584205519e-14,6.212975394e-14,5.962915488e-14,1.407968289e-13,4.301270466e-13,7.411424333e-14,1.111607972e-13,2.170628785e-13,6.721363688e-13,7.821627114e-13,3.048236006e-13,3.777011107e-13,1.56059976e-13,3.843425024e-13,8.358335042e-14,4.18006914e-14,2.7858319e-14,6.518593596e-14,8.105363315e-14,1.397239733e-13,6.236050901e-13,1.002527343e-13,7.430097308e-13,2.935633584e-14,1.174433684e-13,5.542449131e-14
59.3515625,1.332632712e-13,1.083647323e-13,8.657563116e-13,7.263935787e-14,3.990026173e-13,1.51171768e-13,7.536674198e-14,6.211105379e-14,5.812671526e-14,1.401146705e-13,4.291095811e-13,7.466992933e-14,1.095802213e-13,2.166251825e-13,6.667834824e-13,7.743975298e-13,3.002677232e-13,3.75187103e-13,1.546317602e-13,3.795124042e-13,8.194856557e-14,4.149279966e-14,2.754044563e-14,6.381173529e-14,7.998378247e-14,1.375326249e-13,6.17789208e-13,9.885089317e-14,7.363695523e-13,2.952420344e-14,1.193695e-13,5.464173395e-14
59.359375,1.287773174e-13,1.077510135e-13,8.583599481e-13,7.276022207e-14,3.967747608e-13,1.485276124e-13,7.488072456e-14,6.20484725e-14,5.661073613e-14,1.394482398e-13,4.278797548e-13,7.524212049e-14,1.080266014e-13,2.163467466e-13,6.611972966e-13,7.662900553e-13,2.955982016e-13,3.726138514e-13,1.531858927e-13,3.744490735e-13,8.037859688e-14,4.121332223e-14,2.726428465e-14,6.243675744e-14,7.890946518e-14,1.353823236e-13,6.119118357e-13,9.749922347e-14,7.29636262e-13,2.967147261e-14,1.213503074e-13,5.380872156e-14
59.3671875,1.245606899e-13,1.072812135e-13,8.50744189e-13,7.280539881e-14,3.944141912e-13,1.459186301e-13,7.439247455e-14,6.20138473e-14,5.511662575e-14,1.386674745e-13,4.265717198e-13,7.579783676e-14,1.064486892e-13,2.159513724e-13,6.556210258e-13,7.582594502e-13,2.909178339e-13,3.698871715e-13,1.516734489e-13,3.69997822e-13,7.880899231e-14,4.093280612e-14,2.701886731e-14,6.107511645e-14,7.782411464e-14,1.333504423e-13,6.060438923e-13,9.615606356e-14,7.227050441e-13,2.982665082e-14,1.233220629e-13,5.299646253e-14
59.375,1.205255547e-13,1.069011017e-13,8.429082187e-13,7.283767292e-14,3.916785725e-13,1.432913086e-13,7.390693547e-14,6.203854865e-14,5.365090354e-14,1.377726716e-13,4.251679907e-13,7.636461073e-14,1.048878755e-13,2.154557392e-13,6.499899612e-13,7.502420572e-13,2.862490923e-13,3.670536775e-13,1.501067853e-13,3.658883702e-13,7.724698982e-14,4.063480421e-14,2.680187803e-14,5.973083341e-14,7.677655906e-14,1.313685226e-13,6.000787776e-13,9.487900364e-14,7.155850434e-13,2.997459394e-14,1.254041773e-13,5.222490601e-14
59.3828125,1.16803046e-13,1.066417098e-13,8.350236428e-13,7.297167404e-14,3.891417519e-13,1.407593744e-13,7.340800226e-14,6.207257269e-14,5.221748739e-14,1.369147844e-13,4.237123263e-13,7.701839664e-14,1.034785677e-13,2.152731235e-13,6.441902674e-13,7.419591408e-13,2.81577704e-13,3.643935278e-13,1.486592258e-13,3.615161851e-13,7.578588629e-14,4.037982187e-14,2.660486097e-14,5.8435608e-14,7.57729927e-14,1.294088489e-13,5.93959902e-13,9.380010861e-14,7.084374488e-13,3.010989838e-14,1.277100392e-13,5.147336134e-14
59.390625,1.136022991e-13,1.064773311e-13,8.274023446e-13,7.305269282e-14,3.870041265e-13,1.384307911e-13,7.289196073e-14,6.208902291e-14,5.080930914e-14,1.361522742e-13,4.223056072e-13,7.775966774e-14,1.021452431e-13,2.153946077e-13,6.383800612e-13,7.335584157e-13,2.768904808e-13,3.619342166e-13,1.473352979e-13,3.571171822e-13,7.448474969e-14,4.018935042e-14,2.640913693e-14,5.715700603e-14,7.475695021e-14,1.27561455e-13,5.877630679e-13,9.292066857e-14,7.01246405e-13,3.028061078e-14,1.301786829e-13,5.073551611e-14
59.3984375,1.106986673e-13,1.064446128e-13,8.199272648e-13,7.30314562e-14,3.847670674e-13,1.362112206e-13,7.239645984e-14,6.213364887e-14,4.940624657e-14,1.353660949e-13,4.208470224e-13,7.850412925e-14,1.007559512e-13,2.155345943e-13,6.326820514e-13,7.252788218e-13,2.722754324e-13,3.595227937e-13,1.4599475e-13,3.529132085e-13,7.325588658e-14,4.001633839e-14,2.62483233e-14,5.586265858e-14,7.375601478e-14,1.258261462e-13,5.814225977e-13,9.210020462e-14,6.938535842e-13,3.049250148e-14,1.327486059e-13,4.998925543e-14
59.40625,1.078436117e-13,1.06621446e-13,8.12336375e-13,7.316295204e-14,3.824374283e-13,1.34016258e-13,7.194649038e-14,6.224099893e-14,4.801114021e-14,1.344550018e-13,4.192596472e-13,7.923004315e-14,9.937940621e-14,2.157374328e-13,6.270138058e-13,7.170301442e-13,2.677779749e-13,3.571982856e-13,1.446401906e-13,3.488361743e-13,7.199359316e-14,3.984818784e-14,2.61739901e-14,5.458477271e-14,7.2845806e-14,1.241922757e-13,5.749640518e-13,9.130509418e-14,6.864105992e-13,3.070877831e-14,1.354358894e-13,4.925485563e-14
59.4140625,1.052614056e-13,1.069227204e-13,8.04832823e-13,7.340755055e-14,3.802286473e-13,1.319122682e-13,7.150588349e-14,6.239717796e-14,4.66419391e-14,1.335187053e-13,4.176581248e-13,8.000721032e-14,9.809027897e-14,2.161104624e-13,6.213348836e-13,7.087493787e-13,2.633276179e-13,3.549872817e-13,1.433036682e-13,3.450581355e-13,7.073725037e-14,3.970061363e-14,2.614959614e-14,5.333854428e-14,7.19848297e-14,1.227177696e-13,5.686079638e-13,9.063083525e-14,6.791237586e-13,3.092733657e-14,1.382457642e-13,4.857925335e-14
59.421875,1.029980833e-13,1.073537984e-13,7.975966082e-13,7.348244547e-14,3.778886489e-13,1.298998882e-13,7.10377773e-14,6.258870679e-14,4.529865274e-14,1.326905226e-13,4.160745913e-13,8.085215715e-14,9.683009843e-14,2.165755827e-13,6.156610207e-13,7.004803543e-13,2.588721123e-13,3.52749345e-13,1.419416765e-13,3.415881532e-13,6.955748244e-14,3.956054867e-14,2.610469706e-14,5.212061097e-14,7.10868263e-14,1.213563482e-13,5.622633582e-13,9.00948237e-14,6.717868978e-13,3.115519031e-14,1.411477726e-13,4.791959157e-14
59.4296875,1.007187365e-13,1.079962114e-13,7.904666921e-13,7.347209527e-14,3.754802897e-13,1.278928155e-13,7.056836291e-14,6.278886206e-14,4.39736758e-14,1.318941907e-13,4.144250227e-13,8.172615055e-14,9.559032734e-14,2.171335231e-13,6.098724938e-13,6.919781947e-13,2.543214833e-13,3.504477602e-13,1.405916036e-13,3.381095974e-13,6.843520675e-14,3.943018919e-14,2.604820542e-14,5.091531371e-14,7.017100903e-14,1.200356338e-13,5.556733063e-13,8.96444191e-14,6.642658497e-13,3.138683164e-14,1.441018002e-13,4.722864802e-14
59.4375,9.851787166e-14,1.086214639e-13,7.833046327e-13,7.356847378e-14,3.733286779e-13,1.259240385e-13,7.012285817e-14,6.294654104e-14,4.26606791e-14,1.310073692e-13,4.126502437e-13,8.262205001e-14,9.443016227e-14,2.178187562e-13,6.038231845e-13,6.829387888e-13,2.495932085e-13,3.481658349e-13,1.392991614e-13,3.345190732e-13,6.735428504e-14,3.933421195e-14,2.60250626e-14,4.967807215e-14,6.928792776e-14,1.187881596e-13,5.489228387e-13,8.925604361e-14,6.567061372e-13,3.162278083e-14,1.470956475e-13,4.654820115e-14
59.4453125,9.667395675e-14,1.091628893e-13,7.75981635e-13,7.370974729e-14,3.711732084e-13,1.24021885e-13,6.965058121e-14,6.3063474e-14,4.135173952e-14,1.300802983e-13,4.107662773e-13,8.351637108e-14,9.3310319e-14,2.184856898e-13,5.974933489e-13,6.734640768e-13,2.447676457e-13,3.458713322e-13,1.379954082e-13,3.310381085e-13,6.633413815e-14,3.9257987e-14,2.604910172e-14,4.842879602e-14,6.841364257e-14,1.176182144e-13,5.42129326e-13,8.891575405e-14,6.490168699e-13,3.18585925e-14,1.50139802e-13,4.589366383e-14
59.453125,9.495044889e-14,1.100243768e-13,7.685017649e-13,7.38876188e-14,3.688003388e-13,1.220781062e-13,6.909914217e-14,6.319766771e-14,4.007059563e-14,1.29195139e-13,4.089126822e-13,8.440200111e-14,9.215941818e-14,2.190524031e-13,5.908893505e-13,6.637827561e-13,2.399095816e-13,3.434970346e-13,1.366574843e-13,3.279493832e-13,6.535355756e-14,3.918767314e-14,2.612169315e-14,4.722832233e-14,6.752080759e-14,1.16540927e-13,5.352522858e-13,8.865452222e-14,6.411831453e-13,3.210432872e-14,1.532495911e-13,4.523916712e-14
59.4609375,9.32239858e-14,1.112364073e-13,7.612188369e-13,7.41614769e-14,3.665423903e-13,1.20104746e-13,6.850687573e-14,6.337137558e-14,3.88541479e-14,1.283487942e-13,4.071147335e-13,8.536175431e-14,9.10190915e-14,2.197154558e-13,5.840747852e-13,6.538862405e-13,2.350118488e-13,3.411335204e-13,1.353471343e-13,3.252384374e-13,6.438036228e-14,3.914894794e-14,2.623274585e-14,4.606808253e-14,6.66437315e-14,1.156609779e-13,5.2840899e-13,8.852527796e-14,6.335717644e-13,3.238371808e-14,1.564479495e-13,4.460531384e-14
59.46875,9.177660507e-14,1.124094422e-13,7.542857181e-13,7.444299603e-14,3.644298786e-13,1.182402379e-13,6.793602509e-14,6.355580854e-14,3.767277313e-14,1.275346536e-13,4.051780857e-13,8.641719538e-14,8.993949395e-14,2.205893251e-13,5.772178502e-13,6.437511e-13,2.301379239e-13,3.388684496e-13,1.340563158e-13,3.225596369e-13,6.342534532e-14,3.912566953e-14,2.636467665e-14,4.494622343e-14,6.580354765e-14,1.149565874e-13,5.216392786e-13,8.846930215e-14,6.261655709e-13,3.267842456e-14,1.59690558e-13,4.400747303e-14
59.4765625,9.057525777e-14,1.135913643e-13,7.474742651e-13,7.469036178e-14,3.622584132e-13,1.164636768e-13,6.738405537e-14,6.372836357e-14,3.6474854e-14,1.267540179e-13,4.031324019e-13,8.749402961e-14,8.890023801e-14,2.215282273e-13,5.703923173e-13,6.335842433e-13,2.252996248e-13,3.366564127e-13,1.327617034e-13,3.19832475e-13,6.251455219e-14,3.908413555e-14,2.652808738e-14,4.388605495e-14,6.497400439e-14,1.142923912e-13,5.147541679e-13,8.842405604e-14,6.186291636e-13,3.295832177e-14,1.629081857e-13,4.342636985e-14
59.484375,8.942386712e-14,1.149858831e-13,7.40756467e-13,7.499298682e-14,3.602571908e-13,1.147055324e-13,6.682878045e-14,6.389926165e-14,3.529000516e-14,1.259885819e-13,4.01175663e-13,8.860399315e-14,8.792711741e-14,2.225274446e-13,5.636384707e-13,6.236602632e-13,2.204769442e-13,3.345344488e-13,1.315226568e-13,3.173491692e-13,6.166833566e-14,3.906939865e-14,2.673394149e-14,4.284815022e-14,6.416360305e-14,1.136880493e-13,5.078325434e-13,8.847325941e-14,6.111216038e-13,3.323350114e-14,1.661840354e-13,4.287023835e-14
59.4921875,8.840181678e-14,1.16413145e-13,7.342284593e-13,7.538068896e-14,3.58510884e-13,1.129986912e-13,6.62816657e-14,6.409024091e-14,3.416407544e-14,1.252111634e-13,3.992006515e-13,8.977331145e-14,8.706157952e-14,2.236973683e-13,5.570627268e-13,6.139805543e-13,2.157394993e-13,3.325960045e-13,1.303503885e-13,3.151907883e-13,6.088792703e-14,3.91037876e-14,2.696206087e-14,4.181559827e-14,6.341612658e-14,1.132310352e-13,5.010782413e-13,8.865191548e-14,6.038387003e-13,3.35119561e-14,1.696120804e-13,4.235255389e-14
59.5,8.752907996e-14,1.178028102e-13,7.277659866e-13,7.582361437e-14,3.566806016e-13,1.113181663e-13,6.575299837e-14,6.431393273e-14,3.308283779e-14,1.243910729e-13,3.971155413e-13,9.092707449e-14,8.62404527e-14,2.248948824e-13,5.505444992e-13,6.042909678e-13,2.110509467e-13,3.307402794e-13,1.291715354e-13,3.132096841e-13,6.014760872e-14,3.912795025e-14,2.720893409e-14,4.082819889e-14,6.272309538e-14,1.128952863e-13,4.943272479e-13,8.886173664e-14,5.965464609e-13,3.379097689e-14,1.731099975e-13,4.186448734e-14
59.5078125,8.679328955e-14,1.19390547e-13,7.212840688e-13,7.632012288e-14,3.54764825e-13,1.096266744e-13,6.523108101e-14,6.458198404e-14,3.204472503e-14,1.235355689e-13,3.950741604e-13,9.206148506e-14,8.540085055e-14,2.260144811e-13,5.438664218e-13,5.945069026e-13,2.063171463e-13,3.288429382e-13,1.279961281e-13,3.113630995e-13,5.942938954e-14,3.915141727e-14,2.749955235e-14,3.987451249e-14,6.205367886e-14,1.126661817e-13,4.874750196e-13,8.910569461e-14,5.89226501e-13,3.408133431e-14,1.766422837e-13,4.141761428e-14
59.515625,8.630494823e-14,1.212314713e-13,7.148069252e-13,7.687694963e-14,3.529804538e-13,1.079551495e-13,6.470600661e-14,6.488154434e-14,3.106285403e-14,1.226775014e-13,3.929587251e-13,9.325499536e-14,8.456541652e-14,2.272003989e-13,5.370964945e-13,5.847291089e-13,2.015929651e-13,3.269370413e-13,1.268893164e-13,3.096614064e-13,5.872116003e-14,3.922267175e-14,2.783527535e-14,3.89275766e-14,6.142138487e-14,1.125819228e-13,4.807676448e-13,8.945155051e-14,5.820758316e-13,3.437535217e-14,1.802656922e-13,4.102333874e-14
59.5234375,8.596573068e-14,1.231205693e-13,7.08314223e-13,7.745272667e-14,3.512308475e-13,1.062672295e-13,6.416902529e-14,6.51742125e-14,3.009969977e-14,1.218198133e-13,3.905595231e-13,9.448403309e-14,8.376035325e-14,2.284517064e-13,5.303223034e-13,5.749512979e-13,1.969056152e-13,3.25036312e-13,1.25817492e-13,3.081494072e-13,5.800685161e-14,3.929168593e-14,2.818615347e-14,3.800499689e-14,6.08271623e-14,1.126137794e-13,4.742520991e-13,8.983823331e-14,5.750263102e-13,3.46613822e-14,1.838958494e-13,4.065630295e-14
59.53125,8.563677503e-14,1.248933817e-13,7.019508459e-13,7.798474721e-14,3.494943298e-13,1.045811111e-13,6.361140755e-14,6.548401253e-14,2.914080308e-14,1.209851282e-13,3.881302355e-13,9.569675171e-14,8.301730109e-14,2.296679531e-13,5.235458778e-13,5.652404431e-13,1.922205843e-13,3.231436283e-13,1.247414224e-13,3.069521063e-13,5.731921991e-14,3.933343167e-14,2.852916092e-14,3.71247585e-14,6.023791225e-14,1.127297896e-13,4.677121173e-13,9.02311498e-14,5.680740671e-13,3.496222771e-14,1.874626936e-13,4.030883386e-14
59.5390625,8.540979114e-14,1.266245329e-13,6.960006878e-13,7.852381558e-14,3.479065505e-13,1.030168186e-13,6.305316902e-14,6.585354121e-14,2.823247621e-14,1.202017565e-13,3.859207957e-13,9.693573936e-14,8.236595375e-14,2.309239911e-13,5.168998036e-13,5.55730857e-13,1.875760368e-13,3.213308997e-13,1.237010353e-13,3.060582053e-13,5.669845713e-14,3.940810167e-14,2.887630928e-14,3.628886205e-14,5.966678729e-14,1.129795078e-13,4.611456163e-13,9.071766727e-14,5.61373385e-13,3.529373284e-14,1.911094508e-13,4.001055242e-14
59.546875,8.52801864e-14,1.285654894e-13,6.904458982e-13,7.919650834e-14,3.463152923e-13,1.014868122e-13,6.252662811e-14,6.622165575e-14,2.737781829e-14,1.19425839e-13,3.837786907e-13,9.823728736e-14,8.174950078e-14,2.322508723e-13,5.103248744e-13,5.462653144e-13,1.829914733e-13,3.196036736e-13,1.226799415e-13,3.052784615e-13,5.609583623e-14,3.950095579e-14,2.92561905e-14,3.548257541e-14,5.915560647e-14,1.133856493e-13,4.547239834e-13,9.131923095e-14,5.548315975e-13,3.564970062e-14,1.949482784e-13,3.976081823e-14
59.5546875,8.518117587e-14,1.307883284e-13,6.849280571e-13,8.001201044e-14,3.445379519e-13,9.983594687e-14,6.202073869e-14,6.656083617e-14,2.653976445e-14,1.186462504e-13,3.815788878e-13,9.955986373e-14,8.11063554e-14,2.335608267e-13,5.035806516e-13,5.367326113e-13,1.78479417e-13,3.179019729e-13,1.21624385e-13,3.045679511e-13,5.546832403e-14,3.956233738e-14,2.966466118e-14,3.469929917e-14,5.868879578e-14,1.139033406e-13,4.484461211e-13,9.200145227e-14,5.483051452e-13,3.60293135e-14,1.988793471e-13,3.952875617e-14
59.5625,8.51981693e-14,1.330460655e-13,6.792590782e-13,8.088878713e-14,3.42674202e-13,9.816399865e-14,6.150697925e-14,6.697267312e-14,2.572152011e-14,1.179162265e-13,3.793244992e-13,1.008596059e-13,8.046418614e-14,2.348224175e-13,4.96759935e-13,5.27342787e-13,1.740227618e-13,3.161618185e-13,1.205839039e-13,3.04040709e-13,5.487096077e-14,3.962652236e-14,3.008224204e-14,3.395502294e-14,5.82324379e-14,1.145264444e-13,4.421204669e-13,9.274495436e-14,5.418423999e-13,3.641542167e-14,2.027585135e-13,3.932241393e-14
59.5703125,8.533735507e-14,1.351368082e-13,6.737747432e-13,8.173324693e-14,3.408651557e-13,9.655829596e-14,6.100385692e-14,6.747379223e-14,2.493835493e-14,1.172071539e-13,3.770176892e-13,1.021658668e-13,7.985214809e-14,2.360553007e-13,4.900392641e-13,5.181285257e-13,1.69517928e-13,3.14368654e-13,1.196238129e-13,3.035989857e-13,5.433445219e-14,3.971643197e-14,3.052273274e-14,3.322185165e-14,5.781472731e-14,1.152915788e-13,4.357060899e-13,9.346305547e-14,5.355024897e-13,3.678644159e-14,2.066229089e-13,3.917702533e-14
59.578125,8.5559863e-14,1.371570127e-13,6.688786724e-13,8.249828244e-14,3.391904687e-13,9.495868135e-14,6.053541841e-14,6.797744311e-14,2.419145099e-14,1.164796829e-13,3.748090503e-13,1.035217164e-13,7.926958112e-14,2.37314339e-13,4.833943712e-13,5.090172723e-13,1.650641762e-13,3.126822606e-13,1.187234101e-13,3.031169635e-13,5.38156432e-14,3.981294808e-14,3.099529558e-14,3.247395447e-14,5.748062295e-14,1.162108879e-13,4.294905881e-13,9.413868742e-14,5.29392892e-13,3.716686635e-14,2.106395033e-13,3.909963538e-14
59.5859375,8.592048954e-14,1.393046895e-13,6.643376318e-13,8.337164098e-14,3.375878496e-13,9.339070942e-14,6.007626717e-14,6.849117732e-14,2.348815021e-14,1.158068188e-13,3.727484292e-13,1.048818799e-13,7.872340392e-14,2.385911962e-13,4.769270146e-13,5.002264296e-13,1.608699236e-13,3.111861173e-13,1.178454355e-13,3.02906724e-13,5.329302158e-14,3.992043829e-14,3.148152996e-14,3.1771264e-14,5.721568443e-14,1.173037244e-13,4.235973721e-13,9.49127335e-14,5.235979697e-13,3.75936376e-14,2.147727189e-13,3.908474052e-14
59.59375,8.637641078e-14,1.416430869e-13,6.597020741e-13,8.4557277e-14,3.358506814e-13,9.186999256e-14,5.96178174e-14,6.905276164e-14,2.281980664e-14,1.152467092e-13,3.705975128e-13,1.062260121e-13,7.821298489e-14,2.398008562e-13,4.707220554e-13,4.918593616e-13,1.568429269e-13,3.09684485e-13,1.169724035e-13,3.031955116e-13,5.277174117e-14,4.002036059e-14,3.198035223e-14,3.114978634e-14,5.698333229e-14,1.185965411e-13,4.177151428e-13,9.581802542e-14,5.179589612e-13,3.805764029e-14,2.188256946e-13,3.913432014e-14
59.6015625,8.687231285e-14,1.441077857e-13,6.551880246e-13,8.584516662e-14,3.340622492e-13,9.032844125e-14,5.920254473e-14,6.963745098e-14,2.217307452e-14,1.147938551e-13,3.683231061e-13,1.076505354e-13,7.776693844e-14,2.410466638e-13,4.646343575e-13,4.837677951e-13,1.528892255e-13,3.08149794e-13,1.161123149e-13,3.036368813e-13,5.226673147e-14,4.009369809e-14,3.248121436e-14,3.058608474e-14,5.678504753e-14,1.200417898e-13,4.11766813e-13,9.677283275e-14,5.124430771e-13,3.851968778e-14,2.228621007e-13,3.922787665e-14
59.609375,8.746638212e-14,1.466097652e-13,6.511703691e-13,8.696446229e-14,3.324833795e-13,8.879041335e-14,5.883056172e-14,7.024727165e-14,2.156859219e-14,1.144467252e-13,3.660906635e-13,1.091580998e-13,7.74223516e-14,2.42432678e-13,4.586117005e-13,4.759209831e-13,1.490806077e-13,3.067598052e-13,1.152953974e-13,3.040981969e-13,5.181154342e-14,4.018787507e-14,3.294509358e-14,3.007618939e-14,5.662141425e-14,1.215670383e-13,4.060576823e-13,9.779110895e-14,5.072655944e-13,3.896457924e-14,2.270554145e-13,3.933340838e-14
59.6171875,8.810267643e-14,1.49105122e-13,6.473432752e-13,8.805326347e-14,3.309233948e-13,8.726148798e-14,5.844520718e-14,7.088229758e-14,2.101486018e-14,1.141413685e-13,3.637958919e-13,1.106369224e-13,7.71190554e-14,2.437253176e-13,4.526333414e-13,4.682371082e-13,1.452744986e-13,3.05407952e-13,1.144877062e-13,3.048496237e-13,5.13860787e-14,4.031150231e-14,3.339010295e-14,2.958677658e-14,5.646394791e-14,1.231813608e-13,4.005310073e-13,9.886165823e-14,5.022881882e-13,3.942591813e-14,2.313089014e-13,3.94574785e-14
59.625,8.866110668e-14,1.516533174e-13,6.433523049e-13,8.930886716e-14,3.290539973e-13,8.564881353e-14,5.803758155e-14,7.150196875e-14,2.047752518e-14,1.137851776e-13,3.613972682e-13,1.121038866e-13,7.679751014e-14,2.447769903e-13,4.465537987e-13,4.605456938e-13,1.413871132e-13,3.039724373e-13,1.136276893e-13,3.05719681e-13,5.093237508e-14,4.040176841e-14,3.387595721e-14,2.909371082e-14,5.632414916e-14,1.249211091e-13,3.948828747e-13,9.992628526e-14,4.972335818e-13,3.993412265e-14,2.355330792e-13,3.963102043e-14
59.6328125,8.920649162e-14,1.543355507e-13,6.394625929e-13,9.070190557e-14,3.270428263e-13,8.398305975e-14,5.764240127e-14,7.211534112e-14,1.994463771e-14,1.134194534e-13,3.591713152e-13,1.136182046e-13,7.652024831e-14,2.457774958e-13,4.404359594e-13,4.529565741e-13,1.376748289e-13,3.026779602e-13,1.127802314e-13,3.064935655e-13,5.047214702e-14,4.04578347e-14,3.439017422e-14,2.866490314e-14,5.62570699e-14,1.267863804e-13,3.892242769e-13,1.010549747e-13,4.923806638e-13,4.046769872e-14,2.398473495e-13,3.986084785e-14
59.640625,8.988538826e-14,1.57077827e-13,6.35962843e-13,9.217192996e-14,3.251952497e-13,8.237242802e-14,5.725545102e-14,7.274417198e-14,1.944898929e-14,1.131372398e-13,3.571654425e-13,1.151350467e-13,7.632359232e-14,2.46813259e-13,4.344965412e-13,4.456710048e-13,1.34227251e-13,3.016441913e-13,1.120560402e-13,3.075659608e-13,5.004491658e-14,4.05277925e-14,3.488402111e-14,2.831537902e-14,5.626633219e-14,1.287850604e-13,3.838165024e-13,1.022742102e-13,4.879892003e-13,4.100977366e-14,2.442880714e-13,4.014280021e-14
59.6484375,9.068024455e-14,1.597660849e-13,6.327610874e-13,9.370112216e-14,3.234326234e-13,8.080048514e-14,5.687713011e-14,7.337062084e-14,1.90035994e-14,1.129092345e-13,3.551670777e-13,1.166599167e-13,7.61371613e-14,2.47760671e-13,4.287665585e-13,4.387407428e-13,1.30894532e-13,3.007016043e-13,1.114160076e-13,3.090519884e-13,4.961881209e-14,4.060468406e-14,3.536630026e-14,2.798185812e-14,5.631747507e-14,1.309226593e-13,3.78649025e-13,1.034714322e-13,4.837477839e-13,4.157854796e-14,2.48778487e-13,4.049332433e-14
59.65625,9.141154608e-14,1.62503488e-13,6.298017276e-13,9.530268596e-14,3.215019599e-13,7.922383901e-14,5.655503679e-14,7.403135991e-14,1.858090852e-14,1.126841787e-13,3.531671782e-13,1.182311511e-13,7.592921391e-14,2.485194406e-13,4.232015749e-13,4.322196263e-13,1.276519944e-13,2.99746486e-13,1.107425293e-13,3.106075104e-13,4.919190009e-14,4.066180396e-14,3.586513207e-14,2.76924257e-14,5.64174333e-14,1.331672946e-13,3.735989807e-13,1.046764636e-13,4.796013609e-13,4.216591438e-14,2.532736782e-13,4.091638301e-14
59.6640625,9.204070343e-14,1.654379552e-13,6.272081127e-13,9.699131091e-14,3.194059181e-13,7.767662384e-14,5.627820452e-14,7.477602235e-14,1.816412451e-14,1.125099495e-13,3.512553602e-13,1.198164257e-13,7.575124446e-14,2.491248909e-13,4.177673144e-13,4.259838238e-13,1.244954498e-13,2.987964949e-13,1.100307629e-13,3.12413193e-13,4.880129237e-14,4.070911384e-14,3.637789552e-14,2.750285008e-14,5.656620399e-14,1.35494577e-13,3.6854966e-13,1.060168686e-13,4.759354384e-13,4.275060289e-14,2.577731291e-13,4.13717866e-14
59.671875,9.271135176e-14,1.684735379e-13,6.249408165e-13,9.870821507e-14,3.173449407e-13,7.616007661e-14,5.596578837e-14,7.555354459e-14,1.776353049e-14,1.123777665e-13,3.494129578e-13,1.214450332e-13,7.564216564e-14,2.497584111e-13,4.12388217e-13,4.197461273e-13,1.213749175e-13,2.978711658e-13,1.093645249e-13,3.147409919e-13,4.841250963e-14,4.076134843e-14,3.689704832e-14,2.737369283e-14,5.672228135e-14,1.379092269e-13,3.634915841e-13,1.074191925e-13,4.726507713e-13,4.334348531e-14,2.62379096e-13,4.183249797e-14
59.6796875,9.336409587e-14,1.714256006e-13,6.227056705e-13,1.004585285e-13,3.152939137e-13,7.460073451e-14,5.562371204e-14,7.631984139e-14,1.738177456e-14,1.121819797e-13,3.47572266e-13,1.231480105e-13,7.557739898e-14,2.504448017e-13,4.071127936e-13,4.136614214e-13,1.183532702e-13,2.969996194e-13,1.087589787e-13,3.172183948e-13,4.798953738e-14,4.08024008e-14,3.742082691e-14,2.727032019e-14,5.689654784e-14,1.404233159e-13,3.586112576e-13,1.087254933e-13,4.693766069e-13,4.394011525e-14,2.671146094e-13,4.232846852e-14
59.6875,9.390694658e-14,1.74254702e-13,6.20393808e-13,1.023411762e-13,3.130960191e-13,7.300208671e-14,5.533193372e-14,7.711140579e-14,1.702115086e-14,1.119936901e-13,3.456284691e-13,1.248228427e-13,7.551319898e-14,2.509623709e-13,4.020650101e-13,4.0815801e-13,1.155215374e-13,2.962436651e-13,1.081529011e-13,3.196141685e-13,4.757583734e-14,4.081115607e-14,3.793542328e-14,2.722520156e-14,5.713911837e-14,1.430445123e-13,3.539829642e-13,1.099750093e-13,4.66280151e-13,4.452194687e-14,2.717751844e-13,4.288535501e-14
59.6953125,9.458646658e-14,1.770103965e-13,6.18358498e-13,1.04351015e-13,3.108943759e-13,7.14756838e-14,5.507923913e-14,7.792204421e-14,1.670533183e-14,1.120002234e-13,3.436283213e-13,1.264422655e-13,7.54716839e-14,2.51304499e-13,3.971860135e-13,4.031373599e-13,1.128738872e-13,2.956727741e-13,1.075442417e-13,3.221115435e-13,4.718764651e-14,4.081159988e-14,3.84191879e-14,2.725957678e-14,5.742572243e-14,1.457355838e-13,3.49471217e-13,1.113240395e-13,4.635971601e-13,4.511574185e-14,2.763564721e-13,4.348393527e-14
59.703125,9.544401572e-14,1.797319779e-13,6.168740409e-13,1.064461439e-13,3.088286603e-13,7.000378985e-14,5.480820461e-14,7.871469339e-14,1.643700979e-14,1.121127896e-13,3.418274448e-13,1.280951709e-13,7.550137678e-14,2.516084113e-13,3.923445152e-13,3.982104209e-13,1.103189442e-13,2.952140909e-13,1.070075133e-13,3.246878636e-13,4.679074061e-14,4.08359135e-14,3.886889802e-14,2.734895352e-14,5.771375482e-14,1.484351511e-13,3.450664353e-13,1.12760697e-13,4.611204125e-13,4.574365469e-14,2.811003292e-13,4.41082105e-14
59.7109375,9.611053999e-14,1.824371721e-13,6.157002506e-13,1.086579038e-13,3.066931827e-13,6.844763483e-14,5.454858622e-14,7.953792451e-14,1.618096126e-14,1.121300046e-13,3.402511184e-13,1.297615127e-13,7.557250891e-14,2.517518908e-13,3.875702248e-13,3.933964105e-13,1.077836822e-13,2.946971016e-13,1.065552567e-13,3.273560284e-13,4.640038939e-14,4.085201384e-14,3.931051367e-14,2.74737533e-14,5.803666982e-14,1.511746571e-13,3.408286411e-13,1.141251647e-13,4.587095208e-13,4.637827224e-14,2.859310184e-13,4.476486314e-14
59.71875,9.661129781e-14,1.851419917e-13,6.145565093e-13,1.110205772e-13,3.044087855e-13,6.685873624e-14,5.433832598e-14,8.044186108e-14,1.592503526e-14,1.121327308e-13,3.38656785e-13,1.313844078e-13,7.564849197e-14,2.516863955e-13,3.829581692e-13,3.88900221e-13,1.053369754e-13,2.941809293e-13,1.061057852e-13,3.302801205e-13,4.605019169e-14,4.082850473e-14,3.976401116e-14,2.764359775e-14,5.842134007e-14,1.540444554e-13,3.366561405e-13,1.15443588e-13,4.564662824e-13,4.70108683e-14,2.906246829e-13,4.54588863e-14
59.7265625,9.731390712e-14,1.879186467e-13,6.134521637e-13,1.135973109e-13,3.020970487e-13,6.53585451e-14,5.414036483e-14,8.13933158e-14,1.569331166e-14,1.122429149e-13,3.370064261e-13,1.329901258e-13,7.574984711e-14,2.515722146e-13,3.785239616e-13,3.847492702e-13,1.030541178e-13,2.938083859e-13,1.056158903e-13,3.33299151e-13,4.571358244e-14,4.080324685e-14,4.021835914e-14,2.7857561e-14,5.883395632e-14,1.570355706e-13,3.325013313e-13,1.169040987e-13,4.543996063e-13,4.766208757e-14,2.952876236e-13,4.619939978e-14
59.734375,9.820073818e-14,1.908482251e-13,6.124641903e-13,1.163601301e-13,2.996531851e-13,6.385474284e-14,5.393090471e-14,8.238341557e-14,1.550150129e-14,1.123947772e-13,3.354344183e-13,1.346028865e-13,7.586387611e-14,2.513588631e-13,3.742546769e-13,3.809502662e-13,1.008703029e-13,2.934356955e-13,1.051373972e-13,3.363286488e-13,4.535467311e-14,4.079797779e-14,4.066635949e-14,2.812158836e-14,5.925390294e-14,1.600903809e-13,3.284743074e-13,1.184838497e-13,4.525003881e-13,4.832672632e-14,3.000582025e-13,4.7000094e-14
59.7421875,9.909303702e-14,1.937982365e-13,6.117220566e-13,1.191032211e-13,2.970356641e-13,6.230340313e-14,5.37329606e-14,8.343775945e-14,1.534898993e-14,1.125827218e-13,3.339347551e-13,1.362576246e-13,7.598211041e-14,2.509889479e-13,3.701489464e-13,3.774874518e-13,9.87647655e-14,2.929583287e-13,1.047191162e-13,3.395455699e-13,4.498731431e-14,4.078794767e-14,4.111804535e-14,2.847529414e-14,5.96892915e-14,1.632212121e-13,3.245961566e-13,1.20000158e-13,4.508078106e-13,4.89905945e-14,3.049038521e-13,4.78519257e-14
59.75,1.000004602e-13,1.964899227e-13,6.113428144e-13,1.21800869e-13,2.945134694e-13,6.085110449e-14,5.355980719e-14,8.451561851e-14,1.522279425e-14,1.128516916e-13,3.32453607e-13,1.379740102e-13,7.616696372e-14,2.506438903e-13,3.662150756e-13,3.743129929e-13,9.68415372e-14,2.925970844e-13,1.043544388e-13,3.426965022e-13,4.463712731e-14,4.077796469e-14,4.156684946e-14,2.890538389e-14,6.014800584e-14,1.664066769e-13,3.208031514e-13,1.214206045e-13,4.492626835e-13,4.965630471e-14,3.098496371e-13,4.872596617e-14
59.7578125,1.009075796e-13,1.989748049e-13,6.111880532e-13,1.246675966e-13,2.921741311e-13,5.949488319e-14,5.341933376e-14,8.55804761e-14,1.51023893e-14,1.131352895e-13,3.310236308e-13,1.396716988e-13,7.641124441e-14,2.502979019e-13,3.624831078e-13,3.715021531e-13,9.510858139e-14,2.924335379e-13,1.040363745e-13,3.456276694e-13,4.429365399e-14,4.078056981e-14,4.200421741e-14,2.935990616e-14,6.064357039e-14,1.695739418e-13,3.17105837e-13,1.228320281e-13,4.478477658e-13,5.032361483e-14,3.148756511e-13,4.960633512e-14
59.765625,1.018353084e-13,2.015591958e-13,6.110543008e-13,1.277461345e-13,2.898362024e-13,5.809025504e-14,5.331254698e-14,8.668008028e-14,1.499322072e-14,1.134127037e-13,3.296435285e-13,1.413230119e-13,7.662708686e-14,2.497438221e-13,3.588802054e-13,3.68991302e-13,9.341028092e-14,2.922344113e-13,1.037621287e-13,3.489046924e-13,4.393573013e-14,4.07739552e-14,4.244591446e-14,2.986388245e-14,6.117298205e-14,1.727850195e-13,3.135049456e-13,1.242991098e-13,4.466017662e-13,5.099259422e-14,3.198658242e-13,5.051030099e-14
59.7734375,1.028774348e-13,2.041805096e-13,6.109204658e-13,1.308655536e-13,2.873902621e-13,5.66295679e-14,5.321151365e-14,8.785215169e-14,1.491598819e-14,1.137257115e-13,3.282222051e-13,1.429974177e-13,7.681403242e-14,2.490248153e-13,3.552236928e-13,3.66541275e-13,9.167272213e-14,2.919103015e-13,1.034920669e-13,3.526060343e-13,4.357859872e-14,4.074517521e-14,4.288869505e-14,3.043710696e-14,6.171283386e-14,1.761557676e-13,3.099576219e-13,1.258055958e-13,4.454033504e-13,5.167051181e-14,3.248253356e-13,5.147258e-14
59.78125,1.039201245e-13,2.065882332e-13,6.109007255e-13,1.339086074e-13,2.847724094e-13,5.517461477e-14,5.310463927e-14,8.909321719e-14,1.485905071e-14,1.140526538e-13,3.267311679e-13,1.446826332e-13,7.701822857e-14,2.482185482e-13,3.51548153e-13,3.642915929e-13,9.006387046e-14,2.916258836e-13,1.031917507e-13,3.561513567e-13,4.324465136e-14,4.06898819e-14,4.331028126e-14,3.102904983e-14,6.226510582e-14,1.796258239e-13,3.065239788e-13,1.27238205e-13,4.442296897e-13,5.236018208e-14,3.298037544e-13,5.249625987e-14
59.7890625,1.048183136e-13,2.0892364e-13,6.111896858e-13,1.369548681e-13,2.819575141e-13,5.37464641e-14,5.300844172e-14,9.041548879e-14,1.480307316e-14,1.144182987e-13,3.252843328e-13,1.463531049e-13,7.723908436e-14,2.472595189e-13,3.480832146e-13,3.625493808e-13,8.874024537e-14,2.914935378e-13,1.028833162e-13,3.596672082e-13,4.291521007e-14,4.060116077e-14,4.373226092e-14,3.16530331e-14,6.284682499e-14,1.830793534e-13,3.032792827e-13,1.285622332e-13,4.433530715e-13,5.306250248e-14,3.348427495e-13,5.3538287e-14
59.796875,1.056208972e-13,2.113581235e-13,6.117980853e-13,1.401554601e-13,2.790022772e-13,5.235319864e-14,5.291795358e-14,9.178964654e-14,1.475299151e-14,1.148797927e-13,3.239735763e-13,1.480618721e-13,7.749630776e-14,2.461742759e-13,3.448464466e-13,3.611692352e-13,8.761503883e-14,2.915046428e-13,1.02603962e-13,3.634732013e-13,4.256916219e-14,4.050450776e-14,4.417528284e-14,3.237192572e-14,6.345867754e-14,1.864965269e-13,3.00112994e-13,1.298728954e-13,4.428603242e-13,5.376344116e-14,3.400536992e-13,5.455930628e-14
59.8046875,1.063561697e-13,2.137818053e-13,6.12473623e-13,1.434464984e-13,2.758786806e-13,5.096434132e-14,5.283327714e-14,9.312252418e-14,1.470661397e-14,1.15383988e-13,3.227797162e-13,1.497964103e-13,7.781586558e-14,2.449761854e-13,3.417615792e-13,3.599809305e-13,8.65864294e-14,2.916296913e-13,1.023523044e-13,3.671653333e-13,4.221490135e-14,4.041639701e-14,4.459110883e-14,3.317826849e-14,6.410404505e-14,1.898728563e-13,2.96933688e-13,1.311933813e-13,4.425619851e-13,5.443575071e-14,3.453926447e-13,5.55653328e-14
59.8125,1.071198879e-13,2.161896537e-13,6.132335671e-13,1.467640998e-13,2.726735054e-13,4.957508262e-14,5.278737173e-14,9.440090145e-14,1.466792085e-14,1.15875108e-13,3.216775871e-13,1.51512946e-13,7.817709465e-14,2.43621759e-13,3.389062939e-13,3.591621916e-13,8.568459418e-14,2.918148042e-13,1.021053924e-13,3.706272033e-13,4.185056435e-14,4.031327808e-14,4.495248059e-14,3.404615355e-14,6.478640363e-14,1.932722463e-13,2.939059888e-13,1.325165454e-13,4.424613014e-13,5.510179505e-14,3.507035028e-13,5.660049234e-14
59.8203125,1.080863537e-13,2.185194077e-13,6.143322756e-13,1.503044391e-13,2.69721632e-13,4.824196457e-14,5.277804516e-14,9.573461426e-14,1.467335159e-14,1.163538455e-13,3.206123363e-13,1.532449319e-13,7.856534795e-14,2.422477954e-13,3.362238321e-13,3.587036255e-13,8.489571744e-14,2.920156993e-13,1.018786153e-13,3.741638467e-13,4.147235509e-14,4.020596263e-14,4.530898773e-14,3.496538216e-14,6.549221344e-14,1.96814805e-13,2.911388764e-13,1.33864462e-13,4.425865931e-13,5.581577036e-14,3.560882565e-13,5.769088333e-14
59.828125,1.090231667e-13,2.204838397e-13,6.156317426e-13,1.540163645e-13,2.669772206e-13,4.693354442e-14,5.276031053e-14,9.72015063e-14,1.472380067e-14,1.167845462e-13,3.194888951e-13,1.549856206e-13,7.895718199e-14,2.408928883e-13,3.335450112e-13,3.583946674e-13,8.420279969e-14,2.922639739e-13,1.017107721e-13,3.776220627e-13,4.111063136e-14,4.01185039e-14,4.568010391e-14,3.589960871e-14,6.620987536e-14,2.004076993e-13,2.884569586e-13,1.350980385e-13,4.427135984e-13,5.655059212e-14,3.616823482e-13,5.879536027e-14
59.8359375,1.096376453e-13,2.222088968e-13,6.168957059e-13,1.576213966e-13,2.639635342e-13,4.557032299e-14,5.273030477e-14,9.87623356e-14,1.477109003e-14,1.171792593e-13,3.183461474e-13,1.566982782e-13,7.93127485e-14,2.393256872e-13,3.309607069e-13,3.582884998e-13,8.367309055e-14,2.925789663e-13,1.015650006e-13,3.809668706e-13,4.078044514e-14,4.000905369e-14,4.602909245e-14,3.685129772e-14,6.693428826e-14,2.038625334e-13,2.857484598e-13,1.361177864e-13,4.428247355e-13,5.723650104e-14,3.673521241e-13,5.987210896e-14
59.84375,1.102924072e-13,2.240981426e-13,6.183759749e-13,1.612637389e-13,2.607036126e-13,4.421650135e-14,5.272586988e-14,1.003435643e-13,1.481506808e-14,1.176317332e-13,3.173172118e-13,1.584535397e-13,7.968063911e-14,2.376011005e-13,3.286061729e-13,3.58456494e-13,8.328883648e-14,2.929193646e-13,1.013820239e-13,3.844911822e-13,4.04434908e-14,3.985862972e-14,4.634935145e-14,3.789571962e-14,6.766050053e-14,2.072517451e-13,2.831219255e-13,1.371563434e-13,4.431521002e-13,5.789716407e-14,3.730653217e-13,6.095318082e-14
59.8515625,1.113120358e-13,2.260606707e-13,6.203459421e-13,1.651169523e-13,2.576551314e-13,4.298259971e-14,5.275201237e-14,1.019283201e-13,1.489818093e-14,1.181507828e-13,3.16437912e-13,1.603149821e-13,8.013269874e-14,2.36024762e-13,3.264067984e-13,3.58738363e-13,8.295948845e-14,2.933157055e-13,1.012238567e-13,3.880057537e-13,4.007313401e-14,3.973545467e-14,4.666584464e-14,3.90697856e-14,6.839442497e-14,2.107061025e-13,2.806621005e-13,1.383709551e-13,4.436732785e-13,5.859024755e-14,3.790042804e-13,6.206071299e-14
59.859375,1.123628106e-13,2.278297076e-13,6.225559849e-13,1.69006511e-13,2.547425619e-13,4.184127972e-14,5.277699849e-14,1.035464624e-13,1.501192788e-14,1.186517096e-13,3.156592356e-13,1.621937225e-13,8.059899993e-14,2.344834361e-13,3.243092226e-13,3.590943087e-13,8.267824775e-14,2.938135402e-13,1.011431022e-13,3.912386703e-13,3.97026519e-14,3.966157624e-14,4.699634262e-14,4.031303862e-14,6.914154089e-14,2.141379904e-13,2.783709311e-13,1.395626614e-13,4.442951635e-13,5.928896911e-14,3.851206383e-13,6.316009762e-14
59.8671875,1.132411283e-13,2.294216698e-13,6.246354084e-13,1.729627214e-13,2.515378019e-13,4.069498576e-14,5.279055368e-14,1.051881321e-13,1.511308222e-14,1.191000453e-13,3.149035523e-13,1.639679173e-13,8.097586527e-14,2.326569744e-13,3.222934274e-13,3.596384165e-13,8.245635207e-14,2.94286478e-13,1.010388958e-13,3.942363177e-13,3.936597718e-14,3.956385431e-14,4.734514757e-14,4.156150707e-14,6.989694499e-14,2.174580283e-13,2.761285355e-13,1.406169495e-13,4.450377353e-13,5.995663433e-14,3.91153696e-13,6.424984604e-14
59.875,1.140870061e-13,2.308530822e-13,6.266390308e-13,1.770643796e-13,2.480800311e-13,3.951540758e-14,5.280941213e-14,1.067986417e-13,1.519635029e-14,1.195356854e-13,3.141271704e-13,1.656532305e-13,8.129620257e-14,2.305882666e-13,3.202674601e-13,3.603258774e-13,8.226066584e-14,2.946087686e-13,1.008656691e-13,3.969613345e-13,3.903692044e-14,3.94114754e-14,4.768884143e-14,4.282488601e-14,7.06544393e-14,2.206904144e-13,2.736804206e-13,1.416689149e-13,4.456895505e-13,6.061605612e-14,3.970440306e-13,6.534686131e-14
59.8828125,1.148756383e-13,2.321352108e-13,6.288187918e-13,1.81126618e-13,2.446845119e-13,3.835223434e-14,5.282918182e-14,1.084151499e-13,1.52945881e-14,1.19993268e-13,3.133814347e-13,1.673469252e-13,8.163178444e-14,2.284655987e-13,3.182360312e-13,3.610976881e-13,8.211500808e-14,2.948619469e-13,1.007164994e-13,3.996644548e-13,3.868923907e-14,3.925827731e-14,4.801236082e-14,4.412440293e-14,7.139726035e-14,2.238513348e-13,2.710446261e-13,1.4275006e-13,4.461495845e-13,6.127245764e-14,4.028925188e-13,6.643483626e-14
59.890625,1.156830849e-13,2.333709994e-13,6.311702992e-13,1.852174339e-13,2.413404115e-13,3.72446085e-14,5.283536374e-14,1.101519847e-13,1.542843369e-14,1.204485984e-13,3.126933155e-13,1.690486968e-13,8.197840712e-14,2.263045406e-13,3.162974629e-13,3.620903534e-13,8.213249403e-14,2.951520338e-13,1.006115079e-13,4.027075821e-13,3.836351978e-14,3.912800623e-14,4.834443851e-14,4.545186993e-14,7.212075848e-14,2.269895396e-13,2.685786765e-13,1.437426628e-13,4.468366481e-13,6.190171071e-14,4.087483686e-13,6.753621564e-14
59.8984375,1.166496143e-13,2.345931181e-13,6.336931553e-13,1.894821531e-13,2.3782476e-13,3.615689683e-14,5.284811411e-14,1.119820671e-13,1.557695845e-14,1.208645818e-13,3.120723304e-13,1.707193836e-13,8.233504879e-14,2.2404653e-13,3.145205463e-13,3.633818996e-13,8.236011131e-14,2.955172563e-13,1.005245105e-13,4.057393276e-13,3.808178873e-14,3.897995216e-14,4.868898235e-14,4.682794431e-14,7.287576306e-14,2.301738867e-13,2.663982497e-13,1.446455432e-13,4.48021519e-13,6.25173743e-14,4.147660699e-13,6.868313906e-14
59.90625,1.175197294e-13,2.358332721e-13,6.365863652e-13,1.937203875e-13,2.34156033e-13,3.504385372e-14,5.287782082e-14,1.137706599e-13,1.571905219e-14,1.212517997e-13,3.116300192e-13,1.724312988e-13,8.274042933e-14,2.216804974e-13,3.129344994e-13,3.648614763e-13,8.267846233e-14,2.960082452e-13,1.004980879e-13,4.085080064e-13,3.779126463e-14,3.880558384e-14,4.902161564e-14,4.828328639e-14,7.370561733e-14,2.333657865e-13,2.643300138e-13,1.455879369e-13,4.494707596e-13,6.314365061e-14,4.21152729e-13,6.983079297e-14
59.9140625,1.182400552e-13,2.370044986e-13,6.397046829e-13,1.978723801e-13,2.305717673e-13,3.394037422e-14,5.289774817e-14,1.155205929e-13,1.58723844e-14,1.216108194e-13,3.113730547e-13,1.741879571e-13,8.317247255e-14,2.19287855e-13,3.114101439e-13,3.663922128e-13,8.301091826e-14,2.965501394e-13,1.005062647e-13,4.112974129e-13,3.74779258e-14,3.864637526e-14,4.937103619e-14,4.98009925e-14,7.456680987e-14,2.364825094e-13,2.623149726e-13,1.465866284e-13,4.509054383e-13,6.376730775e-14,4.277328408e-13,7.096420729e-14
59.921875,1.192006705e-13,2.378366677e-13,6.427119726e-13,2.020453522e-13,2.271080192e-13,3.290836771e-14,5.292762858e-14,1.173182238e-13,1.604530277e-14,1.219038991e-13,3.111451925e-13,1.758459355e-13,8.354937115e-14,2.169123813e-13,3.097778593e-13,3.678707894e-13,8.344029106e-14,2.969698675e-13,1.004613354e-13,4.138936587e-13,3.718765614e-14,3.850198145e-14,4.975891759e-14,5.13637525e-14,7.540370482e-14,2.3950699e-13,2.603326344e-13,1.474916762e-13,4.52175216e-13,6.436878656e-14,4.341656375e-13,7.213799289e-14
59.9296875,1.203664829e-13,2.384164646e-13,6.457907472e-13,2.061606153e-13,2.236029224e-13,3.195119996e-14,5.301532391e-14,1.19146296e-13,1.622424582e-14,1.221449126e-13,3.109181268e-13,1.774201476e-13,8.385295797e-14,2.144176086e-13,3.081469974e-13,3.693614217e-13,8.396276996e-14,2.972908209e-13,1.003764907e-13,4.160598297e-13,3.691595182e-14,3.834099302e-14,5.013888228e-14,5.297853596e-14,7.622984792e-14,2.424586064e-13,2.583365138e-13,1.482376274e-13,4.533725339e-13,6.494395691e-14,4.405625313e-13,7.333219057e-14
59.9375,1.214526602e-13,2.390431311e-13,6.491297906e-13,2.102281746e-13,2.201135162e-13,3.10477764e-14,5.312192983e-14,1.209540362e-13,1.64219221e-14,1.223827692e-13,3.107266655e-13,1.79034646e-13,8.413043106e-14,2.117605384e-13,3.066442768e-13,3.71055635e-13,8.449070414e-14,2.976589029e-13,1.002983358e-13,4.181808319e-13,3.663577826e-14,3.818725391e-14,5.051001632e-14,5.464435963e-14,7.706601095e-14,2.45324392e-13,2.563749598e-13,1.489157569e-13,4.547874973e-13,6.548856116e-14,4.471832623e-13,7.447695023e-14
59.9453125,1.225943106e-13,2.395836312e-13,6.524863138e-13,2.143423784e-13,2.167860012e-13,3.02061427e-14,5.319636303e-14,1.227629182e-13,1.664121445e-14,1.226020065e-13,3.105411072e-13,1.80635074e-13,8.44047711e-14,2.091354562e-13,3.051384372e-13,3.72826927e-13,8.508621533e-14,2.980999322e-13,1.002416092e-13,4.201892437e-13,3.635930151e-14,3.807267943e-14,5.093130968e-14,5.638191859e-14,7.790317761e-14,2.480385901e-13,2.544059107e-13,1.495608666e-13,4.563446959e-13,6.600314227e-14,4.539637117e-13,7.557264414e-14
59.953125,1.238586941e-13,2.399241751e-13,6.559267151e-13,2.184678801e-13,2.134539763e-13,2.94157113e-14,5.328538911e-14,1.246092254e-13,1.685180172e-14,1.227708908e-13,3.10438319e-13,1.821798413e-13,8.466697688e-14,2.065632072e-13,3.036174647e-13,3.744265884e-13,8.579851281e-14,2.985689036e-13,1.002314562e-13,4.217218549e-13,3.607577967e-14,3.796084305e-14,5.139088651e-14,5.82287491e-14,7.87547178e-14,2.505956707e-13,2.523466652e-13,1.501397655e-13,4.577910862e-13,6.650304749e-14,4.608669683e-13,7.663962418e-14
59.9609375,1.250564846e-13,2.402571316e-13,6.596755493e-13,2.225814239e-13,2.099230117e-13,2.862309474e-14,5.341118187e-14,1.264797088e-13,1.70617008e-14,1.229143167e-13,3.104552502e-13,1.837396088e-13,8.488309228e-14,2.037991293e-13,3.022095374e-13,3.76057699e-13,8.653192133e-14,2.98978842e-13,1.002281393e-13,4.230419527e-13,3.577184234e-14,3.781273661e-14,5.183152405e-14,6.015068248e-14,7.962861492e-14,2.531049721e-13,2.503234288e-13,1.50647395e-13,4.59270514e-13,6.700469764e-14,4.67920135e-13,7.768014584e-14
59.96875,1.262576435e-13,2.404588743e-13,6.634867206e-13,2.266125365e-13,2.063254465e-13,2.783260358e-14,5.350995867e-14,1.283445674e-13,1.730192944e-14,1.230587734e-13,3.104825855e-13,1.852538148e-13,8.502074638e-14,2.007920074e-13,3.008169543e-13,3.779280008e-13,8.729202206e-14,2.992505191e-13,1.001729081e-13,4.24311142e-13,3.550006395e-14,3.765232039e-14,5.225904368e-14,6.206610484e-14,8.048099607e-14,2.555840883e-13,2.484070581e-13,1.510542353e-13,4.608649505e-13,6.750865378e-14,4.749387851e-13,7.872021585e-14
59.9765625,1.27600559e-13,2.403509144e-13,6.673037872e-13,2.305578658e-13,2.02843789e-13,2.712353188e-14,5.358557225e-14,1.302344386e-13,1.756441668e-14,1.231901288e-13,3.105917768e-13,1.866802244e-13,8.512793329e-14,1.977824083e-13,2.993736516e-13,3.798566575e-13,8.819589932e-14,2.994998469e-13,1.001315788e-13,4.253293647e-13,3.529118552e-14,3.751810621e-14,5.271344636e-14,6.398362947e-14,8.130358935e-14,2.579098199e-13,2.464947208e-13,1.513982827e-13,4.624324772e-13,6.800301698e-14,4.819511084e-13,7.976628287e-14
59.984375,1.289992217e-13,2.401500494e-13,6.714049788e-13,2.346017508e-13,1.994855893e-13,2.650164989e-14,5.371234882e-14,1.321879454e-13,1.784181604e-14,1.232725994e-13,3.108930503e-13,1.881235173e-13,8.525406162e-14,1.948989911e-13,2.980051629e-13,3.818003512e-13,8.924034149e-14,2.998451746e-13,1.001488612e-13,4.260775786e-13,3.509560671e-14,3.741035307e-14,5.320644924e-14,6.597005358e-14,8.215412231e-14,2.600571286e-13,2.445964003e-13,1.518008842e-13,4.640842592e-13,6.847914286e-14,4.891890147e-13,8.078485e-14
59.9921875,1.303795648e-13,2.398528399e-13,6.756634868e-13,2.38609386e-13,1.961941469e-13,2.588692056e-14,5.388321334e-14,1.341379504e-13,1.813972385e-14,1.232928232e-13,3.112341726e-13,1.895445437e-13,8.533503539e-14,1.919766242e-13,2.966450304e-13,3.838336454e-13,9.030499908e-14,3.00141571e-13,1.001534223e-13,4.264336166e-13,3.487219845e-14,3.730466504e-14,5.371649387e-14,6.798868334e-14,8.302782674e-14,2.620967674e-13,2.427349007e-13,1.521871293e-13,4.658067729e-13,6.893668595e-14,4.964747271e-13,8.177585088e-14
60,1.317425862e-13,2.392460839e-13,6.800014208e-13,2.423475369e-13,1.929251857e-13,2.528210628e-14,5.404252205e-14,1.360377852e-13,1.844704147e-14,1.233226462e-13,3.115794512e-13,1.908793725e-13,8.534264544e-14,1.888747668e-13,2.951808764e-13,3.858496522e-13,9.132642923e-14,3.002942446e-13,1.001496965e-13,4.264487519e-13,3.46231265e-14,3.719781997e-14,5.420830521e-14,6.998925202e-14,8.385546543e-14,2.640463306e-13,2.408558048e-13,1.524030624e-13,4.673831777e-13,6.938518291e-14,5.036653555e-13,8.276635659e-14
60.0078125,1.331503178e-13,2.384990521e-13,6.846988533e-13,2.460428569e-13,1.897058876e-13,2.476656339e-14,5.419505568e-14,1.379933965e-13,1.877019224e-14,1.234248943e-13,3.120806612e-13,1.922470372e-13,8.53381355e-14,1.857062991e-13,2.937203809e-13,3.87883414e-13,9.240411608e-14,3.004338945e-13,1.00186264e-13,4.265930099e-13,3.437075875e-14,3.710917423e-14,5.468421386e-14,7.206688884e-14,8.463961952e-14,2.659242324e-13,2.389978342e-13,1.525209427e-13,4.689885383e-13,6.983731626e-14,5.110420823e-13,8.374342359e-14
60.015625,1.347026227e-13,2.377442813e-13,6.89508219e-13,2.496755252e-13,1.865953711e-13,2.432514564e-14,5.436326488e-14,1.400618642e-13,1.911766493e-14,1.234956102e-13,3.126616602e-13,1.935744748e-13,8.52682681e-14,1.825264605e-13,2.92209552e-13,3.89944791e-13,9.362380857e-14,3.005426065e-13,1.002054955e-13,4.266830694e-13,3.415683506e-14,3.703065792e-14,5.518669934e-14,7.426254538e-14,8.542782197e-14,2.67705561e-13,2.371070789e-13,1.525782064e-13,4.707069219e-13,7.02723183e-14,5.184965182e-13,8.467738858e-14
60.0234375,1.363097262e-13,2.368634352e-13,6.93954846e-13,2.529571729e-13,1.835462577e-13,2.387605607e-14,5.453945448e-14,1.421269643e-13,1.945591747e-14,1.234426603e-13,3.132619526e-13,1.946602416e-13,8.505670052e-14,1.792019192e-13,2.905245794e-13,3.91760944e-13,9.483546555e-14,3.00453137e-13,1.002096452e-13,4.261670548e-13,3.398813088e-14,3.694217786e-14,5.572769882e-14,7.645698573e-14,8.621578676e-14,2.692487285e-13,2.350644803e-13,1.52520057e-13,4.722960341e-13,7.064637173e-14,5.256695125e-13,8.557369688e-14
60.03125,1.378091858e-13,2.360324853e-13,6.983605514e-13,2.562861387e-13,1.805272667e-13,2.343425218e-14,5.472260966e-14,1.441014521e-13,1.977768694e-14,1.233802184e-13,3.140826656e-13,1.957071228e-13,8.483339316e-14,1.758406875e-13,2.889680041e-13,3.934076159e-13,9.594284762e-14,3.002691302e-13,1.003218087e-13,4.253421196e-13,3.381061941e-14,3.686692018e-14,5.628812985e-14,7.864420435e-14,8.700205807e-14,2.70551932e-13,2.330619597e-13,1.52539222e-13,4.739689847e-13,7.097811101e-14,5.329172265e-13,8.644671859e-14
60.0390625,1.392461691e-13,2.353680651e-13,7.032713937e-13,2.599600893e-13,1.776549249e-13,2.307292539e-14,5.492017682e-14,1.460433949e-13,2.012719707e-14,1.233576527e-13,3.151338801e-13,1.96995734e-13,8.471320558e-14,1.727358801e-13,2.877996056e-13,3.952910424e-13,9.716980652e-14,3.002759411e-13,1.005353064e-13,4.245454337e-13,3.359795878e-14,3.682489671e-14,5.685818986e-14,8.091995143e-14,8.78181369e-14,2.718327857e-13,2.31283716e-13,1.527090221e-13,4.759372368e-13,7.134112539e-14,5.406979746e-13,8.728699751e-14
60.046875,1.407411775e-13,2.344427567e-13,7.085584127e-13,2.633625791e-13,1.749648829e-13,2.277738002e-14,5.512328126e-14,1.480533323e-13,2.051422164e-14,1.232486793e-13,3.161881821e-13,1.983419073e-13,8.456591914e-14,1.697845362e-13,2.867000863e-13,3.973664026e-13,9.864603843e-14,3.004394669e-13,1.00694132e-13,4.23513168e-13,3.337696432e-14,3.678284671e-14,5.742388044e-14,8.324918499e-14,8.86432499e-14,2.731482593e-13,2.295182911e-13,1.526841717e-13,4.778061104e-13,7.174345488e-14,5.486711338e-13,8.808997964e-14
60.0546875,1.42361398e-13,2.33025349e-13,7.136802178e-13,2.662148374e-13,1.723099874e-13,2.248715977e-14,5.531490893e-14,1.501654759e-13,2.091236982e-14,1.230635619e-13,3.17157487e-13,1.994716697e-13,8.42461731e-14,1.666696506e-13,2.85305372e-13,3.992766127e-13,1.001646093e-13,3.003973337e-13,1.007273354e-13,4.222714893e-13,3.316041405e-14,3.671545581e-14,5.799069608e-14,8.558772979e-14,8.941091064e-14,2.74279744e-13,2.27557109e-13,1.523771029e-13,4.794054208e-13,7.211158817e-14,5.563479567e-13,8.886536999e-14
60.0625,1.440979355e-13,2.314429896e-13,7.183321924e-13,2.689688648e-13,1.696320147e-13,2.221846408e-14,5.548439952e-14,1.523222008e-13,2.132158418e-14,1.228824828e-13,3.180307797e-13,2.004345782e-13,8.379784115e-14,1.634334729e-13,2.836680606e-13,4.008920485e-13,1.015874701e-13,3.00032482e-13,1.007098075e-13,4.209726434e-13,3.295167944e-14,3.664404813e-14,5.85930465e-14,8.796266163e-14,9.01092084e-14,2.750946988e-13,2.254658878e-13,1.5208066e-13,4.808967026e-13,7.239597581e-14,5.637538778e-13,8.96034901e-14
60.0703125,1.458544994e-13,2.298756977e-13,7.228182429e-13,2.717018107e-13,1.670789163e-13,2.201931385e-14,5.563812447e-14,1.544467192e-13,2.175917656e-14,1.226147937e-13,3.188537194e-13,2.013851028e-13,8.333404941e-14,1.602526205e-13,2.820052242e-13,4.023655298e-13,1.03018581e-13,2.996433484e-13,1.007452856e-13,4.19414243e-13,3.276755482e-14,3.660022293e-14,5.920666522e-14,9.035194979e-14,9.078684245e-14,2.757320527e-13,2.234215435e-13,1.518282931e-13,4.823217868e-13,7.262268562e-14,5.711635351e-13,9.029474376e-14
60.078125,1.476812183e-13,2.282548279e-13,7.276544438e-13,2.741771156e-13,1.647511537e-13,2.188153891e-14,5.57887325e-14,1.565153897e-13,2.222795315e-14,1.222607596e-13,3.198659242e-13,2.023570174e-13,8.289354919e-14,1.570625382e-13,2.804331037e-13,4.039474776e-13,1.045306335e-13,2.993592429e-13,1.008627603e-13,4.176162523e-13,3.260702445e-14,3.659790184e-14,5.977981795e-14,9.277450333e-14,9.146385054e-14,2.763659076e-13,2.215427219e-13,1.515306076e-13,4.839103223e-13,7.285623239e-14,5.787469958e-13,9.095883228e-14
60.0859375,1.496787646e-13,2.266425333e-13,7.327948247e-13,2.764787758e-13,1.625168583e-13,2.178028965e-14,5.59243262e-14,1.585452812e-13,2.270904678e-14,1.21985542e-13,3.211941158e-13,2.033148481e-13,8.245925036e-14,1.538270673e-13,2.788976564e-13,4.055887614e-13,1.060850134e-13,2.989643996e-13,1.010186444e-13,4.156253354e-13,3.245820147e-14,3.661518707e-14,6.035589768e-14,9.528278625e-14,9.210880155e-14,2.769597285e-13,2.196998544e-13,1.51271884e-13,4.856836993e-13,7.313032321e-14,5.864541004e-13,9.159347383e-14
60.09375,1.516727644e-13,2.249705666e-13,7.378925268e-13,2.787135375e-13,1.602352758e-13,2.171160208e-14,5.60345059e-14,1.605697037e-13,2.318181307e-14,1.217515777e-13,3.226715302e-13,2.042586063e-13,8.202660191e-14,1.507107422e-13,2.772931289e-13,4.069964587e-13,1.076909424e-13,2.984549924e-13,1.011869162e-13,4.130954872e-13,3.231336148e-14,3.661818689e-14,6.099165825e-14,9.7816212e-14,9.272978399e-14,2.773819043e-13,2.177146822e-13,1.509981708e-13,4.872371882e-13,7.341255285e-14,5.942053842e-13,9.217089389e-14
60.1015625,1.536234997e-13,2.230141428e-13,7.429387773e-13,2.807758629e-13,1.580079245e-13,2.167635011e-14,5.614850098e-14,1.626023186e-13,2.365682308e-14,1.214114766e-13,3.241619256e-13,2.051931568e-13,8.157232322e-14,1.477667774e-13,2.756527455e-13,4.08215035e-13,1.094101626e-13,2.980451651e-13,1.013748162e-13,4.101052475e-13,3.215460772e-14,3.662362616e-14,6.165346009e-14,1.003583695e-13,9.339296106e-14,2.776601678e-13,2.157176483e-13,1.506105371e-13,4.887161676e-13,7.366102914e-14,6.020487579e-13,9.271945927e-14
60.109375,1.557956311e-13,2.208822997e-13,7.479705729e-13,2.82617444e-13,1.559686286e-13,2.169833298e-14,5.627484185e-14,1.646279974e-13,2.414897776e-14,1.210223633e-13,3.256556359e-13,2.060349385e-13,8.103406025e-14,1.448394069e-13,2.739994438e-13,4.094236017e-13,1.112071298e-13,2.976620232e-13,1.015626366e-13,4.071857822e-13,3.199709692e-14,3.666484628e-14,6.231328508e-14,1.029869989e-13,9.408848309e-14,2.778729588e-13,2.138117636e-13,1.501960252e-13,4.904066783e-13,7.387944216e-14,6.099142422e-13,9.327849042e-14
60.1171875,1.581146703e-13,2.187918823e-13,7.528579453e-13,2.842609186e-13,1.540534663e-13,2.180431462e-14,5.636608554e-14,1.666687203e-13,2.464670972e-14,1.20665956e-13,3.271576482e-13,2.06748125e-13,8.042826436e-14,1.418739214e-13,2.72214552e-13,4.104821726e-13,1.129864674e-13,2.971034552e-13,1.017258485e-13,4.042403367e-13,3.189214243e-14,3.672414152e-14,6.298264805e-14,1.056767632e-13,9.47173087e-14,2.779210327e-13,2.118415629e-13,1.497560324e-13,4.919576927e-13,7.408294572e-14,6.176920361e-13,9.379398796e-14
60.125,1.60358399e-13,2.166942089e-13,7.576435161e-13,2.856923775e-13,1.521992463e-13,2.196992408e-14,5.641931092e-14,1.687336696e-13,2.515143578e-14,1.202857327e-13,3.287460741e-13,2.074296991e-13,7.983823944e-14,1.389940502e-13,2.702970608e-13,4.113067433e-13,1.14767627e-13,2.964022698e-13,1.018808779e-13,4.007845095e-13,3.182654268e-14,3.678393353e-14,6.366257874e-14,1.08379058e-13,9.526893728e-14,2.777222419e-13,2.097927228e-13,1.492953517e-13,4.933986863e-13,7.427647745e-14,6.254966725e-13,9.422137092e-14
60.1328125,1.627219853e-13,2.146414418e-13,7.624958226e-13,2.869813939e-13,1.504584621e-13,2.217859986e-14,5.651112744e-14,1.707244792e-13,2.567561508e-14,1.198461653e-13,3.304715909e-13,2.080819502e-13,7.924938889e-14,1.362138745e-13,2.683998511e-13,4.120340313e-13,1.166280173e-13,2.956686641e-13,1.020671851e-13,3.968991056e-13,3.174288137e-14,3.686543681e-14,6.438060077e-14,1.110874486e-13,9.583695937e-14,2.773987016e-13,2.077560223e-13,1.489721827e-13,4.950400402e-13,7.447029967e-14,6.333674495e-13,9.463231577e-14
60.140625,1.652723934e-13,2.126682579e-13,7.674687522e-13,2.881878816e-13,1.488311469e-13,2.245986654e-14,5.667224596e-14,1.725825595e-13,2.620506315e-14,1.193760977e-13,3.322416041e-13,2.086385309e-13,7.858454438e-14,1.334088201e-13,2.665394178e-13,4.126924194e-13,1.185633618e-13,2.949432207e-13,1.022978564e-13,3.929400659e-13,3.164945116e-14,3.69694607e-14,6.51432664e-14,1.137492339e-13,9.643914803e-14,2.770132598e-13,2.056827468e-13,1.486616483e-13,4.964808263e-13,7.465854869e-14,6.412238705e-13,9.505992455e-14
60.1484375,1.677707477e-13,2.103915608e-13,7.724332151e-13,2.891292334e-13,1.472749754e-13,2.278767513e-14,5.683644107e-14,1.744023579e-13,2.673804657e-14,1.188967104e-13,3.340293491e-13,2.091604499e-13,7.781768748e-14,1.305835167e-13,2.645519332e-13,4.131756085e-13,1.205189871e-13,2.941769428e-13,1.025036983e-13,3.888503076e-13,3.157695759e-14,3.707468866e-14,6.587688116e-14,1.164212557e-13,9.698846653e-14,2.764469736e-13,2.035737225e-13,1.4810733e-13,4.976027023e-13,7.482258077e-14,6.490881939e-13,9.54134805e-14
60.15625,1.70324243e-13,2.077029102e-13,7.771252959e-13,2.897113183e-13,1.458037442e-13,2.310395053e-14,5.694920819e-14,1.762585334e-13,2.729888923e-14,1.184024327e-13,3.359241375e-13,2.096403676e-13,7.695791753e-14,1.278106353e-13,2.62297658e-13,4.133097971e-13,1.223997289e-13,2.931870245e-13,1.026147296e-13,3.843512213e-13,3.152079903e-14,3.718810635e-14,6.657053833e-14,1.192273254e-13,9.743514916e-14,2.756472309e-13,2.014227026e-13,1.474816918e-13,4.988321242e-13,7.496349799e-14,6.567883038e-13,9.566147659e-14
60.1640625,1.731140268e-13,2.05058096e-13,7.81611191e-13,2.901510979e-13,1.444370659e-13,2.346158712e-14,5.703327275e-14,1.781195935e-13,2.789006486e-14,1.178721345e-13,3.379523461e-13,2.099894121e-13,7.606748196e-14,1.250499919e-13,2.598840501e-13,4.13054757e-13,1.241314626e-13,2.919371195e-13,1.02728427e-13,3.795202288e-13,3.149364452e-14,3.733300478e-14,6.729159821e-14,1.220935238e-13,9.783064765e-14,2.746969599e-13,1.99140746e-13,1.469730175e-13,5.000137675e-13,7.50833128e-14,6.642377587e-13,9.58872774e-14
60.171875,1.759626956e-13,2.025516566e-13,7.863421473e-13,2.904290084e-13,1.431945087e-13,2.393506718e-14,5.712921023e-14,1.799436122e-13,2.850603726e-14,1.173199678e-13,3.401170982e-13,2.103160646e-13,7.521137201e-14,1.223409835e-13,2.576240661e-13,4.127306956e-13,1.258190153e-13,2.906697191e-13,1.029733415e-13,3.747824203e-13,3.150575101e-14,3.751770627e-14,6.801341605e-14,1.249501755e-13,9.824504826e-14,2.736796121e-13,1.968560398e-13,1.464226231e-13,5.010728536e-13,7.518649354e-14,6.718927219e-13,9.612961344e-14
60.1796875,1.788274399e-13,1.999424003e-13,7.912885599e-13,2.903257196e-13,1.420992622e-13,2.44613847e-14,5.723305261e-14,1.817083888e-13,2.914558345e-14,1.167572618e-13,3.424064158e-13,2.106871945e-13,7.433995749e-14,1.198159789e-13,2.555596234e-13,4.125264885e-13,1.275737369e-13,2.894559375e-13,1.03255033e-13,3.702527244e-13,3.152385915e-14,3.77274286e-14,6.868162567e-14,1.278740789e-13,9.865899107e-14,2.726101198e-13,1.946835801e-13,1.458087375e-13,5.023284844e-13,7.530029222e-14,6.797873515e-13,9.634960805e-14
60.1875,1.818504419e-13,1.973706614e-13,7.958809745e-13,2.900623578e-13,1.411030432e-13,2.495621367e-14,5.730225939e-14,1.834385707e-13,2.978633707e-14,1.16149015e-13,3.447003636e-13,2.109345305e-13,7.342206458e-14,1.17381052e-13,2.533519185e-13,4.121623168e-13,1.292743829e-13,2.880854126e-13,1.034399524e-13,3.655881741e-13,3.15349397e-14,3.79385521e-14,6.933652649e-14,1.308353842e-13,9.898655509e-14,2.714103793e-13,1.924074212e-13,1.452734172e-13,5.033985538e-13,7.541321615e-14,6.872941076e-13,9.651409778e-14
60.1953125,1.850085608e-13,1.950100318e-13,7.999891144e-13,2.898713447e-13,1.40144153e-13,2.546016247e-14,5.730862431e-14,1.851897479e-13,3.042222519e-14,1.155496642e-13,3.469876043e-13,2.110417198e-13,7.253811944e-14,1.148778457e-13,2.508764774e-13,4.114452039e-13,1.308184044e-13,2.864852491e-13,1.036102613e-13,3.607014697e-13,3.155811662e-14,3.815975247e-14,6.999832979e-14,1.337984692e-13,9.920161887e-14,2.700254352e-13,1.899819672e-13,1.448071267e-13,5.040064657e-13,7.547988297e-14,6.944203178e-13,9.662336641e-14
60.203125,1.883373033e-13,1.927505956e-13,8.039815796e-13,2.894922753e-13,1.392502828e-13,2.604795164e-14,5.728159992e-14,1.869114476e-13,3.107221904e-14,1.150588214e-13,3.494590772e-13,2.111232413e-13,7.168370898e-14,1.124102241e-13,2.483566204e-13,4.104537033e-13,1.323216522e-13,2.847544954e-13,1.038640135e-13,3.558267651e-13,3.159690485e-14,3.841560321e-14,7.064631866e-14,1.368204327e-13,9.935963789e-14,2.685418478e-13,1.876437493e-13,1.444278793e-13,5.046560623e-13,7.553034703e-14,7.015163424e-13,9.671463174e-14
60.2109375,1.918939457e-13,1.905371977e-13,8.080353035e-13,2.887845656e-13,1.384729435e-13,2.671603287e-14,5.727036015e-14,1.88524444e-13,3.172955627e-14,1.145967496e-13,3.521397578e-13,2.111128835e-13,7.078374422e-14,1.100678125e-13,2.458591572e-13,4.092269884e-13,1.338665337e-13,2.829496262e-13,1.041459575e-13,3.508758878e-13,3.165772433e-14,3.869013844e-14,7.131480008e-14,1.39788258e-13,9.95116566e-14,2.670102874e-13,1.853556479e-13,1.441490526e-13,5.052768118e-13,7.561718501e-14,7.083569667e-13,9.682065502e-14
60.21875,1.955059481e-13,1.883026745e-13,8.120322969e-13,2.878882787e-13,1.37806504e-13,2.741668519e-14,5.72687703e-14,1.901061654e-13,3.239090134e-14,1.140544402e-13,3.548127551e-13,2.109944404e-13,6.987563432e-14,1.077413367e-13,2.432849854e-13,4.078459548e-13,1.353907947e-13,2.810925994e-13,1.04415479e-13,3.45643348e-13,3.174581819e-14,3.896436592e-14,7.2029116e-14,1.426086654e-13,9.96639978e-14,2.653677272e-13,1.82974361e-13,1.438030103e-13,5.055067014e-13,7.570040791e-14,7.149119861e-13,9.691720662e-14
60.2265625,1.991515558e-13,1.859663286e-13,8.157510161e-13,2.868310229e-13,1.372144889e-13,2.812792625e-14,5.723800335e-14,1.917235532e-13,3.306448939e-14,1.135002251e-13,3.573451983e-13,2.108623233e-13,6.899772671e-14,1.054114227e-13,2.406638949e-13,4.064102167e-13,1.368526586e-13,2.791515287e-13,1.046907514e-13,3.40267866e-13,3.183233098e-14,3.924979293e-14,7.276807235e-14,1.454264706e-13,9.977921793e-14,2.636360395e-13,1.806221245e-13,1.43366748e-13,5.056259914e-13,7.574271391e-14,7.213663521e-13,9.697800782e-14
60.234375,2.030087921e-13,1.836897947e-13,8.190438828e-13,2.857186931e-13,1.366706739e-13,2.886034412e-14,5.718288811e-14,1.933081227e-13,3.372206759e-14,1.129855533e-13,3.597583673e-13,2.106329626e-13,6.81040291e-14,1.031459038e-13,2.380074676e-13,4.048041643e-13,1.382719795e-13,2.770664816e-13,1.049496097e-13,3.348776671e-13,3.189951896e-14,3.95317355e-14,7.352695877e-14,1.48251618e-13,9.981358119e-14,2.618451454e-13,1.783217234e-13,1.42987789e-13,5.055822566e-13,7.578029013e-14,7.274215322e-13,9.701318445e-14
60.2421875,2.06963319e-13,1.815587474e-13,8.220797497e-13,2.846397843e-13,1.361619906e-13,2.961934452e-14,5.712867422e-14,1.948649963e-13,3.436637354e-14,1.124621776e-13,3.621836664e-13,2.102485714e-13,6.72018398e-14,1.00904094e-13,2.352093963e-13,4.028845978e-13,1.396596972e-13,2.748805948e-13,1.051895042e-13,3.294301299e-13,3.197482014e-14,3.979353646e-14,7.428256743e-14,1.509948312e-13,9.979001876e-14,2.5988629e-13,1.759030062e-13,1.426312231e-13,5.051808437e-13,7.581958103e-14,7.331707246e-13,9.701635428e-14
60.25,2.108549219e-13,1.794191161e-13,8.251528145e-13,2.833336448e-13,1.357183244e-13,3.042039949e-14,5.706191643e-14,1.964243571e-13,3.505512822e-14,1.119334764e-13,3.648347433e-13,2.098610629e-13,6.63338841e-14,9.868006427e-14,2.322898888e-13,4.007026014e-13,1.4101612e-13,2.726517717e-13,1.054649207e-13,3.239304765e-13,3.208489565e-14,4.008176528e-14,7.49870088e-14,1.537874546e-13,9.976505108e-14,2.577583171e-13,1.733967213e-13,1.422616183e-13,5.049784844e-13,7.583434554e-14,7.391272405e-13,9.698379492e-14
60.2578125,2.148797878e-13,1.772262722e-13,8.282466975e-13,2.81698959e-13,1.354703501e-13,3.131812804e-14,5.69626034e-14,1.978786197e-13,3.578671879e-14,1.114206035e-13,3.677015275e-13,2.095311882e-13,6.549118983e-14,9.659889964e-14,2.293826727e-13,3.983851951e-13,1.423678915e-13,2.703842006e-13,1.057924224e-13,3.182860633e-13,3.222023269e-14,4.043559641e-14,7.564882368e-14,1.566827129e-13,9.973331962e-14,2.55616869e-13,1.709272891e-13,1.419862943e-13,5.050469679e-13,7.583402638e-14,7.450044257e-13,9.695376045e-14
60.265625,2.19126453e-13,1.749717293e-13,8.311177689e-13,2.799877436e-13,1.35519537e-13,3.231572619e-14,5.684157567e-14,1.99223818e-13,3.65309124e-14,1.109181735e-13,3.70525134e-13,2.091965545e-13,6.466168682e-14,9.473559078e-14,2.264659315e-13,3.959684709e-13,1.437319918e-13,2.681292733e-13,1.061359468e-13,3.124018201e-13,3.235267675e-14,4.083241682e-14,7.630577813e-14,1.595580212e-13,9.96620597e-14,2.534678625e-13,1.684764355e-13,1.417413537e-13,5.047498266e-13,7.582804642e-14,7.50441219e-13,9.693365783e-14
60.2734375,2.233287078e-13,1.726621313e-13,8.336618586e-13,2.781527673e-13,1.357411999e-13,3.332377861e-14,5.67136927e-14,2.005979632e-13,3.730535083e-14,1.104468539e-13,3.732957831e-13,2.088248093e-13,6.38360946e-14,9.300468873e-14,2.234278355e-13,3.933314407e-13,1.450291138e-13,2.658836501e-13,1.064717154e-13,3.064788196e-13,3.248370675e-14,4.124614295e-14,7.696447227e-14,1.624122855e-13,9.955207869e-14,2.51195215e-13,1.660680895e-13,1.414201112e-13,5.041803642e-13,7.582284717e-14,7.557665688e-13,9.686410233e-14
60.28125,2.273976953e-13,1.705350155e-13,8.359153917e-13,2.759291265e-13,1.359820594e-13,3.432131183e-14,5.658906958e-14,2.019614182e-13,3.808744594e-14,1.099893638e-13,3.761974297e-13,2.083300903e-13,6.300920647e-14,9.12662252e-14,2.203359689e-13,3.903727766e-13,1.46182952e-13,2.635316627e-13,1.068154332e-13,3.00723913e-13,3.264446658e-14,4.165894136e-14,7.761945966e-14,1.652022461e-13,9.939821068e-14,2.487617858e-13,1.637260566e-13,1.411574738e-13,5.035975411e-13,7.583397111e-14,7.609500449e-13,9.670593866e-14
60.2890625,2.315457528e-13,1.685893711e-13,8.378336285e-13,2.734113688e-13,1.362966075e-13,3.538905649e-14,5.647650517e-14,2.031996467e-13,3.883043604e-14,1.094944239e-13,3.790947418e-13,2.076509972e-13,6.22152656e-14,8.951633124e-14,2.173169871e-13,3.871852344e-13,1.472689219e-13,2.610334233e-13,1.071895334e-13,2.950690438e-13,3.282575325e-14,4.205302757e-14,7.825774227e-14,1.678119306e-13,9.91844347e-14,2.461680361e-13,1.612940576e-13,1.410110025e-13,5.026333886e-13,7.582065562e-14,7.656776766e-13,9.649477793e-14
60.296875,2.358550528e-13,1.664888448e-13,8.394058577e-13,2.707877838e-13,1.367153649e-13,3.652544235e-14,5.63515658e-14,2.043629599e-13,3.956968551e-14,1.089840872e-13,3.818211401e-13,2.068648921e-13,6.145183408e-14,8.785846578e-14,2.142766035e-13,3.838166626e-13,1.483316612e-13,2.584083513e-13,1.075656857e-13,2.893315872e-13,3.298882117e-14,4.2447841e-14,7.886835069e-14,1.703501941e-13,9.892433352e-14,2.434652963e-13,1.587386891e-13,1.408276668e-13,5.013069697e-13,7.574344343e-14,7.701152913e-13,9.628718273e-14
60.3046875,2.402842534e-13,1.643993982e-13,8.408689248e-13,2.680368473e-13,1.371756282e-13,3.765476071e-14,5.617112461e-14,2.05512829e-13,4.034349316e-14,1.085134029e-13,3.846448754e-13,2.060471073e-13,6.069250485e-14,8.63114394e-14,2.111052615e-13,3.801794537e-13,1.492581489e-13,2.556855765e-13,1.079220247e-13,2.834342171e-13,3.314535914e-14,4.287468157e-14,7.946835508e-14,1.729300459e-13,9.863595729e-14,2.407688715e-13,1.562808653e-13,1.406218389e-13,5.000368187e-13,7.566756948e-14,7.74349568e-13,9.609378781e-14
60.3125,2.449093294e-13,1.627083455e-13,8.423276285e-13,2.65321286e-13,1.377794487e-13,3.879210254e-14,5.594029353e-14,2.066567068e-13,4.113487552e-14,1.081085533e-13,3.877628856e-13,2.05241322e-13,6.000770827e-14,8.489084973e-14,2.079639677e-13,3.763863753e-13,1.50064374e-13,2.53024577e-13,1.08325708e-13,2.775974232e-13,3.331723864e-14,4.333141334e-14,8.006346663e-14,1.75494749e-13,9.831829985e-14,2.380881712e-13,1.53981024e-13,1.405658859e-13,4.988050033e-13,7.564388567e-14,7.78310691e-13,9.589260153e-14
60.3203125,2.497658623e-13,1.61095707e-13,8.434570288e-13,2.628656312e-13,1.386174853e-13,3.999893986e-14,5.569988866e-14,2.078245307e-13,4.194077377e-14,1.077623644e-13,3.90897477e-13,2.044566917e-13,5.943866483e-14,8.368849362e-14,2.049818899e-13,3.726668586e-13,1.509425216e-13,2.505083692e-13,1.087984547e-13,2.720481445e-13,3.348023525e-14,4.380346679e-14,8.063213244e-14,1.78069488e-13,9.797176964e-14,2.35358036e-13,1.5169587e-13,1.40669654e-13,4.974894242e-13,7.562073102e-14,7.821392477e-13,9.568144424e-14
60.328125,2.547707598e-13,1.592867876e-13,8.44110429e-13,2.603721541e-13,1.395539624e-13,4.127344301e-14,5.545823278e-14,2.089925851e-13,4.27600307e-14,1.074132791e-13,3.938615682e-13,2.035788742e-13,5.889129597e-14,8.266297907e-14,2.019994968e-13,3.689325799e-13,1.51893935e-13,2.479542019e-13,1.092414405e-13,2.665656533e-13,3.363778481e-14,4.42790586e-14,8.118123108e-14,1.806625684e-13,9.759376871e-14,2.325838321e-13,1.494171647e-13,1.408517642e-13,4.960787552e-13,7.557037756e-14,7.857025264e-13,9.54727954e-14
60.3359375,2.598928494e-13,1.577888645e-13,8.445707125e-13,2.575003943e-13,1.405530357e-13,4.260066991e-14,5.520471056e-14,2.101143467e-13,4.358940203e-14,1.070333473e-13,3.968630198e-13,2.025503867e-13,5.833585411e-14,8.170618482e-14,1.98911362e-13,3.649420255e-13,1.527234135e-13,2.452717036e-13,1.096386627e-13,2.610115994e-13,3.383466461e-14,4.47625998e-14,8.173514133e-14,1.831684435e-13,9.717648857e-14,2.297482258e-13,1.472040805e-13,1.411265334e-13,4.944479974e-13,7.551288048e-14,7.887845595e-13,9.526429374e-14
60.34375,2.650938432e-13,1.568077131e-13,8.448620855e-13,2.544641891e-13,1.417264263e-13,4.399050041e-14,5.495746078e-14,2.111817058e-13,4.445198117e-14,1.066694886e-13,4.000302266e-13,2.01466029e-13,5.782463186e-14,8.084896631e-14,1.958387752e-13,3.607618938e-13,1.534000887e-13,2.426038781e-13,1.100769504e-13,2.557442444e-13,3.40610362e-14,4.528170092e-14,8.228273724e-14,1.855977007e-13,9.673253099e-14,2.268087777e-13,1.449991284e-13,1.415069262e-13,4.926602289e-13,7.543099227e-14,7.915812781e-13,9.505155643e-14
60.3515625,2.703237608e-13,1.558578553e-13,8.447648235e-13,2.513883636e-13,1.429874576e-13,4.542608069e-14,5.473037267e-14,2.121681379e-13,4.533110506e-14,1.063076945e-13,4.032310965e-13,2.003513169e-13,5.733851458e-14,8.008020427e-14,1.928373431e-13,3.566225479e-13,1.541000503e-13,2.400072957e-13,1.105426664e-13,2.508109807e-13,3.426839993e-14,4.58289341e-14,8.280389532e-14,1.880012973e-13,9.628216269e-14,2.238216636e-13,1.427604609e-13,1.419239307e-13,4.909111066e-13,7.532002024e-14,7.941649418e-13,9.483406265e-14
60.359375,2.756577826e-13,1.548194133e-13,8.443579898e-13,2.481399341e-13,1.441890581e-13,4.68648426e-14,5.449526056e-14,2.131028389e-13,4.619004903e-14,1.059137069e-13,4.06397809e-13,1.991878551e-13,5.688945243e-14,7.931455938e-14,1.898364919e-13,3.524643056e-13,1.549010194e-13,2.374171638e-13,1.109840065e-13,2.457354991e-13,3.445910487e-14,4.63676849e-14,8.329510166e-14,1.90362121e-13,9.581273979e-14,2.208097989e-13,1.405539388e-13,1.423426863e-13,4.891577753e-13,7.521065195e-14,7.964525505e-13,9.459787764e-14
60.3671875,2.811208045e-13,1.539444043e-13,8.436499311e-13,2.448983436e-13,1.454161742e-13,4.82923874e-14,5.423116863e-14,2.140396441e-13,4.705490688e-14,1.055559342e-13,4.09580989e-13,1.979938911e-13,5.651965401e-14,7.860741729e-14,1.867975115e-13,3.479808297e-13,1.555876812e-13,2.34776272e-13,1.114291035e-13,2.403902764e-13,3.466617745e-14,4.69113706e-14,8.372821999e-14,1.926759833e-13,9.528540737e-14,2.176947004e-13,1.384494143e-13,1.428149131e-13,4.873026432e-13,7.50854804e-14,7.985194407e-13,9.43438639e-14
60.375,2.866449501e-13,1.531972238e-13,8.424101589e-13,2.416758606e-13,1.467763848e-13,4.973478242e-14,5.396343305e-14,2.148942576e-13,4.79400094e-14,1.052718391e-13,4.127264127e-13,1.966953889e-13,5.614237271e-14,7.801935411e-14,1.836673635e-13,3.430266167e-13,1.558924988e-13,2.319994476e-13,1.118610113e-13,2.350764976e-13,3.489046433e-14,4.747738371e-14,8.40715653e-14,1.948642469e-13,9.468402937e-14,2.14510116e-13,1.36389614e-13,1.433921259e-13,4.852485589e-13,7.491856227e-14,8.001342838e-13,9.411664203e-14
60.3828125,2.922786909e-13,1.525699008e-13,8.40820483e-13,2.381243444e-13,1.482037833e-13,5.122082231e-14,5.371021376e-14,2.156280302e-13,4.881994572e-14,1.049958687e-13,4.157427511e-13,1.952818778e-13,5.572821966e-14,7.749939058e-14,1.803785367e-13,3.377504952e-13,1.559371889e-13,2.290786283e-13,1.122331367e-13,2.299382377e-13,3.51111958e-14,4.803195085e-14,8.437124491e-14,1.969060273e-13,9.403592435e-14,2.113820463e-13,1.342413707e-13,1.440672354e-13,4.82850614e-13,7.474365368e-14,8.010686045e-13,9.393632114e-14
60.390625,2.979761011e-13,1.52228784e-13,8.391832453e-13,2.344128041e-13,1.496332339e-13,5.275320768e-14,5.344143207e-14,2.163623168e-13,4.970894885e-14,1.046785597e-13,4.187096003e-13,1.938901811e-13,5.540822942e-14,7.704881138e-14,1.769976104e-13,3.324031868e-13,1.561066976e-13,2.261644115e-13,1.1261163e-13,2.249314289e-13,3.532457835e-14,4.857595578e-14,8.469954756e-14,1.98962826e-13,9.337092934e-14,2.08289071e-13,1.320466733e-13,1.447844935e-13,4.802324828e-13,7.457348818e-14,8.016851315e-13,9.374914793e-14
60.3984375,3.03537276e-13,1.520946393e-13,8.371809535e-13,2.308789395e-13,1.511043206e-13,5.431299193e-14,5.313146018e-14,2.171083758e-13,5.061560549e-14,1.043114799e-13,4.216943366e-13,1.924768941e-13,5.518671686e-14,7.668908491e-14,1.736562384e-13,3.270973915e-13,1.56459933e-13,2.233602145e-13,1.13058979e-13,2.200305848e-13,3.553913866e-14,4.91504324e-14,8.503480909e-14,2.010066642e-13,9.267972274e-14,2.051046889e-13,1.299278259e-13,1.454948859e-13,4.775574969e-13,7.437696436e-14,8.021412398e-13,9.352913171e-14
60.40625,3.090851816e-13,1.519970053e-13,8.345293594e-13,2.273654042e-13,1.526524617e-13,5.588362308e-14,5.279575711e-14,2.177985913e-13,5.152515554e-14,1.03947954e-13,4.245654926e-13,1.909201162e-13,5.49740861e-14,7.641046317e-14,1.703558602e-13,3.216808855e-13,1.567345802e-13,2.20611615e-13,1.135291437e-13,2.152597412e-13,3.575194748e-14,4.974988741e-14,8.531636871e-14,2.029007052e-13,9.193754015e-14,2.018102916e-13,1.277756708e-13,1.462340148e-13,4.746542595e-13,7.417126395e-14,8.021816966e-13,9.333343412e-14
60.4140625,3.149512163e-13,1.519315079e-13,8.316116928e-13,2.23911868e-13,1.542878993e-13,5.749052287e-14,5.243925923e-14,2.184975131e-13,5.246208328e-14,1.036755978e-13,4.273412741e-13,1.893212659e-13,5.482139722e-14,7.626496379e-14,1.670375619e-13,3.160025686e-13,1.568799032e-13,2.178561507e-13,1.140026707e-13,2.106908785e-13,3.596718408e-14,5.035494318e-14,8.556014378e-14,2.047677829e-13,9.115033836e-14,1.98512253e-13,1.255621397e-13,1.470780918e-13,4.715315995e-13,7.399832037e-14,8.01948986e-13,9.318633588e-14
60.421875,3.210652868e-13,1.519600524e-13,8.28734789e-13,2.206923142e-13,1.5607148e-13,5.916992116e-14,5.20447579e-14,2.192352274e-13,5.342108699e-14,1.034379574e-13,4.302871691e-13,1.877251343e-13,5.475922181e-14,7.62725301e-14,1.637613371e-13,3.102680041e-13,1.570670715e-13,2.151610215e-13,1.145142272e-13,2.063745267e-13,3.620835262e-14,5.097610818e-14,8.580797147e-14,2.066137888e-13,9.035018161e-14,1.952822019e-13,1.235829654e-13,1.480107929e-13,4.684795729e-13,7.384813597e-14,8.016182737e-13,9.305051462e-14
60.4296875,3.270579685e-13,1.522261429e-13,8.257011516e-13,2.173822421e-13,1.580252782e-13,6.086535677e-14,5.163368401e-14,2.199269523e-13,5.435875059e-14,1.03131188e-13,4.333470499e-13,1.860370209e-13,5.469715581e-14,7.636950751e-14,1.606033909e-13,3.04673677e-13,1.572716772e-13,2.126419101e-13,1.150430804e-13,2.022482187e-13,3.645903517e-14,5.161562655e-14,8.60455439e-14,2.082632319e-13,8.955258815e-14,1.920635272e-13,1.218602919e-13,1.489446228e-13,4.654253051e-13,7.369709172e-14,8.00971698e-13,9.292722599e-14
60.4375,3.328635475e-13,1.527520346e-13,8.222848717e-13,2.138407248e-13,1.600437007e-13,6.251305976e-14,5.123777652e-14,2.205665658e-13,5.530544447e-14,1.028291617e-13,4.361682746e-13,1.84328443e-13,5.461914135e-14,7.655328349e-14,1.57494168e-13,2.989782268e-13,1.573159795e-13,2.10245119e-13,1.155461647e-13,1.981737352e-13,3.666816702e-14,5.227346665e-14,8.623260542e-14,2.098575241e-13,8.873941921e-14,1.8878876e-13,1.20062446e-13,1.498527465e-13,4.621997259e-13,7.353752774e-14,8.000345125e-13,9.283807254e-14
60.4453125,3.387979926e-13,1.53293943e-13,8.183761638e-13,2.103274847e-13,1.620746263e-13,6.420536546e-14,5.082681212e-14,2.21213946e-13,5.629432454e-14,1.025850098e-13,4.387909947e-13,1.826583225e-13,5.460548011e-14,7.685665816e-14,1.543835817e-13,2.930540183e-13,1.572483198e-13,2.078081524e-13,1.160447197e-13,1.941018132e-13,3.685272026e-14,5.295188906e-14,8.634853722e-14,2.115280152e-13,8.789002851e-14,1.854915216e-13,1.182081546e-13,1.508069647e-13,4.589647738e-13,7.33505036e-14,7.989690916e-13,9.275991717e-14
60.453125,3.449894959e-13,1.53852995e-13,8.139713905e-13,2.068097042e-13,1.641831372e-13,6.602272077e-14,5.036882405e-14,2.218603409e-13,5.728508964e-14,1.023141374e-13,4.414797689e-13,1.80926772e-13,5.471226634e-14,7.726143298e-14,1.513630045e-13,2.872088298e-13,1.572761272e-13,2.05345657e-13,1.165868757e-13,1.901624087e-13,3.705907533e-14,5.362665985e-14,8.640210659e-14,2.130755235e-13,8.70053199e-14,1.822038094e-13,1.165460468e-13,1.519038876e-13,4.556560448e-13,7.313871589e-14,7.976001797e-13,9.266886577e-14
60.4609375,3.512082654e-13,1.547061893e-13,8.093467782e-13,2.031942826e-13,1.663457161e-13,6.787971888e-14,4.989269469e-14,2.224460297e-13,5.826927901e-14,1.020614292e-13,4.441492625e-13,1.791699847e-13,5.491206759e-14,7.775890483e-14,1.484461298e-13,2.814721439e-13,1.573701841e-13,2.029641297e-13,1.171742296e-13,1.8648018e-13,3.725485094e-14,5.429117709e-14,8.641937954e-14,2.144811947e-13,8.609118197e-14,1.789065023e-13,1.150015819e-13,1.531205509e-13,4.520533469e-13,7.294744407e-14,7.958816095e-13,9.258147082e-14
60.46875,3.57488335e-13,1.557662598e-13,8.047330955e-13,1.995656264e-13,1.685152517e-13,6.975109495e-14,4.942357494e-14,2.229464827e-13,5.926198073e-14,1.019244836e-13,4.467078796e-13,1.774473639e-13,5.511823294e-14,7.837323075e-14,1.455330917e-13,2.755237304e-13,1.573562557e-13,2.006323384e-13,1.177757295e-13,1.829743933e-13,3.742083423e-14,5.497734217e-14,8.641430262e-14,2.158743378e-13,8.515752861e-14,1.756285157e-13,1.134381421e-13,1.543103542e-13,4.484325735e-13,7.279444868e-14,7.939817543e-13,9.253917168e-14
60.4765625,3.640623888e-13,1.567692128e-13,7.999125941e-13,1.959183456e-13,1.707811374e-13,7.170655122e-14,4.896015568e-14,2.234095928e-13,6.023443779e-14,1.017909059e-13,4.493442393e-13,1.756143416e-13,5.53361022e-14,7.91269208e-14,1.42626253e-13,2.694036449e-13,1.572944679e-13,1.983246459e-13,1.183806043e-13,1.794886441e-13,3.761424451e-14,5.568611884e-14,8.638958739e-14,2.171431288e-13,8.423176579e-14,1.723887695e-13,1.119229557e-13,1.554594761e-13,4.450054431e-13,7.26357159e-14,7.917879195e-13,9.256041574e-14
60.484375,3.706278853e-13,1.578391505e-13,7.945495417e-13,1.923373397e-13,1.731382268e-13,7.368390863e-14,4.850601232e-14,2.238755421e-13,6.118584677e-14,1.015662292e-13,4.520361862e-13,1.736142672e-13,5.564732636e-14,8.00041803e-14,1.397707256e-13,2.633043863e-13,1.572865395e-13,1.960795457e-13,1.189792043e-13,1.760693103e-13,3.783409421e-14,5.638507877e-14,8.63451803e-14,2.182199868e-13,8.331936628e-14,1.691141463e-13,1.104672789e-13,1.567211262e-13,4.414203981e-13,7.242706225e-14,7.891364395e-13,9.259606464e-14
60.4921875,3.768345903e-13,1.591823246e-13,7.887006878e-13,1.888205332e-13,1.754533606e-13,7.562775959e-14,4.804154078e-14,2.243261871e-13,6.214659761e-14,1.013576149e-13,4.545486985e-13,1.715735005e-13,5.601108251e-14,8.095489981e-14,1.369387207e-13,2.570987565e-13,1.571726035e-13,1.938334165e-13,1.195459579e-13,1.729401294e-13,3.803308937e-14,5.706831903e-14,8.626596735e-14,2.192033502e-13,8.238226089e-14,1.657870229e-13,1.090089082e-13,1.580997537e-13,4.375468912e-13,7.218767748e-14,7.861394888e-13,9.260727084e-14
60.5,3.829860787e-13,1.606984176e-13,7.827938238e-13,1.850809208e-13,1.778017907e-13,7.764084014e-14,4.754989379e-14,2.247836246e-13,6.312588158e-14,1.012114535e-13,4.569546842e-13,1.695606734e-13,5.634815882e-14,8.2001478e-14,1.34155736e-13,2.507312435e-13,1.568620969e-13,1.915621159e-13,1.20112033e-13,1.701134128e-13,3.823638141e-14,5.776081209e-14,8.615269802e-14,2.201070983e-13,8.141132949e-14,1.625001867e-13,1.075789058e-13,1.594621741e-13,4.33689153e-13,7.197798554e-14,7.829720632e-13,9.264532347e-14
60.5078125,3.893011146e-13,1.622837752e-13,7.770622142e-13,1.812463421e-13,1.803417093e-13,7.973397904e-14,4.706955323e-14,2.252760659e-13,6.413594921e-14,1.010508463e-13,4.59467843e-13,1.675760619e-13,5.67058492e-14,8.321919509e-14,1.314918895e-13,2.443426299e-13,1.565149279e-13,1.894085329e-13,1.207514037e-13,1.673224733e-13,3.844770575e-14,5.848864885e-14,8.603716583e-14,2.209310193e-13,8.045336957e-14,1.592947205e-13,1.062496845e-13,1.608425046e-13,4.29941612e-13,7.181067832e-14,7.797405427e-13,9.274691518e-14
60.515625,3.955509693e-13,1.640744741e-13,7.711139765e-13,1.777409063e-13,1.829868091e-13,8.180751954e-14,4.661782427e-14,2.257056154e-13,6.514832665e-14,1.008797467e-13,4.620067058e-13,1.655622531e-13,5.715278413e-14,8.458482831e-14,1.289722524e-13,2.379458089e-13,1.561969661e-13,1.874372074e-13,1.214574552e-13,1.645271512e-13,3.860463678e-14,5.924287263e-14,8.591153979e-14,2.216625195e-13,7.952223172e-14,1.561294056e-13,1.050735979e-13,1.623675432e-13,4.261864476e-13,7.164070457e-14,7.763642421e-13,9.286366816e-14
60.5234375,4.017407273e-13,1.66149883e-13,7.645442804e-13,1.744537359e-13,1.856138532e-13,8.389461923e-14,4.615843688e-14,2.260010218e-13,6.609753644e-14,1.007331709e-13,4.644073764e-13,1.634241212e-13,5.77148278e-14,8.603320469e-14,1.266239327e-13,2.315822338e-13,1.558864759e-13,1.855741162e-13,1.221678732e-13,1.61946842e-13,3.872795414e-14,5.998027902e-14,8.572949277e-14,2.222020377e-13,7.857161965e-14,1.529700098e-13,1.040314955e-13,1.640216692e-13,4.223466549e-13,7.145074555e-14,7.725868098e-13,9.296046869e-14
60.53125,4.080443089e-13,1.683932681e-13,7.576903403e-13,1.711744116e-13,1.882246085e-13,8.605418931e-14,4.569131866e-14,2.262966471e-13,6.700876785e-14,1.005484799e-13,4.667487031e-13,1.612205029e-13,5.839965735e-14,8.756332262e-14,1.243895614e-13,2.25317147e-13,1.556618469e-13,1.837845243e-13,1.228748723e-13,1.595452684e-13,3.889285151e-14,6.068949071e-14,8.550751811e-14,2.226042524e-13,7.758508433e-14,1.498005629e-13,1.030013912e-13,1.657252753e-13,4.183885041e-13,7.12593043e-14,7.684667512e-13,9.306168445e-14
60.5390625,4.143662208e-13,1.708236909e-13,7.510027329e-13,1.680766701e-13,1.907830102e-13,8.823212297e-14,4.524142572e-14,2.267355922e-13,6.794313534e-14,1.002943749e-13,4.691441244e-13,1.590702982e-13,5.91591405e-14,8.91876868e-14,1.221317437e-13,2.189670453e-13,1.554765751e-13,1.820796347e-13,1.235968752e-13,1.572043488e-13,3.908846986e-14,6.139982863e-14,8.530767178e-14,2.230430443e-13,7.660612311e-14,1.466355909e-13,1.019244205e-13,1.674640926e-13,4.144502334e-13,7.107000678e-14,7.643575243e-13,9.319261359e-14
60.546875,4.205722004e-13,1.735263824e-13,7.44262677e-13,1.651574082e-13,1.933420096e-13,9.041147961e-14,4.480140741e-14,2.272416329e-13,6.888683098e-14,1.000751335e-13,4.714599401e-13,1.569439594e-13,5.99443784e-14,9.094190342e-14,1.199106022e-13,2.124719209e-13,1.551819451e-13,1.805295238e-13,1.243390571e-13,1.551144187e-13,3.92664669e-14,6.212274633e-14,8.512052924e-14,2.23488272e-13,7.566595684e-14,1.435200417e-13,1.008976386e-13,1.692476307e-13,4.106799792e-13,7.088093512e-14,7.602542464e-13,9.333885268e-14
60.5546875,4.266244138e-13,1.762836263e-13,7.371488061e-13,1.62171062e-13,1.960854656e-13,9.261978276e-14,4.436493852e-14,2.276448063e-13,6.983537556e-14,9.998117231e-14,4.735481098e-13,1.548202564e-13,6.07618563e-14,9.288079521e-14,1.178832944e-13,2.060868653e-13,1.548670527e-13,1.792447123e-13,1.251231223e-13,1.533567806e-13,3.941140395e-14,6.285740904e-14,8.487979438e-14,2.237857565e-13,7.474763912e-14,1.404491456e-13,1.000176319e-13,1.710536054e-13,4.069676671e-13,7.068367811e-14,7.559065149e-13,9.347039663e-14
60.5625,4.323946415e-13,1.789704701e-13,7.298321634e-13,1.591311406e-13,1.989185809e-13,9.481175149e-14,4.392523614e-14,2.279294205e-13,7.078999009e-14,9.997086158e-14,4.755584038e-13,1.52741324e-13,6.162245865e-14,9.494237541e-14,1.159883954e-13,1.998676236e-13,1.546586676e-13,1.781432615e-13,1.259362818e-13,1.517072721e-13,3.952472247e-14,6.360088944e-14,8.456959791e-14,2.238813915e-13,7.381625224e-14,1.373695176e-13,9.927970963e-14,1.72846471e-13,4.032128002e-13,7.047009208e-14,7.513202681e-13,9.359831313e-14
60.5703125,4.377805069e-13,1.818122173e-13,7.225418549e-13,1.562472894e-13,2.015667963e-13,9.696191242e-14,4.34697143e-14,2.282287529e-13,7.170470795e-14,9.996069093e-14,4.776262416e-13,1.50654467e-13,6.253327615e-14,9.699913806e-14,1.141495413e-13,1.937053707e-13,1.54416483e-13,1.770127638e-13,1.267030434e-13,1.501225344e-13,3.963313635e-14,6.432638381e-14,8.421356791e-14,2.23833417e-13,7.285028418e-14,1.342729701e-13,9.861529808e-14,1.74643265e-13,3.994122909e-13,7.027514578e-14,7.465449215e-13,9.375462892e-14
60.578125,4.430168264e-13,1.847745524e-13,7.15128145e-13,1.535602725e-13,2.041408876e-13,9.915334737e-14,4.303650832e-14,2.286034905e-13,7.260750113e-14,9.990781015e-14,4.795535741e-13,1.485022453e-13,6.348436129e-14,9.907593059e-14,1.124734826e-13,1.876885565e-13,1.540541614e-13,1.758791889e-13,1.274238936e-13,1.487445789e-13,3.976052286e-14,6.503343019e-14,8.381009172e-14,2.237721759e-13,7.187421092e-14,1.312007026e-13,9.795412105e-14,1.765061744e-13,3.954955236e-13,7.010167164e-14,7.415345678e-13,9.393987729e-14
60.5859375,4.485328181e-13,1.877273516e-13,7.073702171e-13,1.509434372e-13,2.069071671e-13,1.014579195e-13,4.26612088e-14,2.289736177e-13,7.354927921e-14,9.980000578e-14,4.812369582e-13,1.462986042e-13,6.445127717e-14,1.013007673e-13,1.110009245e-13,1.818474308e-13,1.537597487e-13,1.749409033e-13,1.282098708e-13,1.475471209e-13,3.988554565e-14,6.575764582e-14,8.33800367e-14,2.237463243e-13,7.095343617e-14,1.281928906e-13,9.730324828e-14,1.784520543e-13,3.915691476e-13,6.988465362e-14,7.364038531e-13,9.415872392e-14
60.59375,4.543379571e-13,1.910224583e-13,6.994366464e-13,1.484183558e-13,2.097534601e-13,1.038173823e-13,4.229520769e-14,2.292982222e-13,7.445574156e-14,9.967528927e-14,4.828965835e-13,1.440502904e-13,6.54625229e-14,1.036790205e-13,1.09645718e-13,1.760984226e-13,1.536664048e-13,1.742318042e-13,1.290810221e-13,1.464882306e-13,3.998600917e-14,6.647865452e-14,8.298474274e-14,2.236488674e-13,7.010092368e-14,1.252781719e-13,9.67456016e-14,1.80469823e-13,3.877893997e-13,6.966221321e-14,7.312511067e-13,9.441685109e-14
60.6015625,4.600218256e-13,1.947610094e-13,6.915616989e-13,1.461358907e-13,2.125018375e-13,1.061234077e-13,4.189402686e-14,2.296448238e-13,7.530716061e-14,9.959499228e-14,4.845595021e-13,1.418226158e-13,6.653213126e-14,1.061133065e-13,1.083588013e-13,1.705334916e-13,1.536810914e-13,1.736338327e-13,1.299280149e-13,1.456762369e-13,4.006912573e-14,6.715587791e-14,8.2611445e-14,2.234560826e-13,6.924105241e-14,1.22452024e-13,9.63382294e-14,1.825772339e-13,3.839691788e-13,6.95336001e-14,7.259986468e-13,9.467921561e-14
60.609375,4.65443398e-13,1.984195758e-13,6.834391766e-13,1.439974826e-13,2.152189461e-13,1.083825034e-13,4.148310843e-14,2.300203465e-13,7.619626316e-14,9.953388326e-14,4.859923911e-13,1.396728677e-13,6.761003585e-14,1.085675295e-13,1.071364028e-13,1.651657161e-13,1.536859508e-13,1.730624882e-13,1.307259322e-13,1.450682771e-13,4.015383753e-14,6.782344234e-14,8.218016771e-14,2.232535161e-13,6.833102026e-14,1.196643117e-13,9.605804353e-14,1.84741686e-13,3.800793798e-13,6.941579047e-14,7.206500341e-13,9.49394682e-14
60.6171875,4.707433262e-13,2.018664728e-13,6.747661311e-13,1.418121327e-13,2.178654377e-13,1.106853848e-13,4.109036682e-14,2.303252472e-13,7.70745519e-14,9.942058815e-14,4.871889135e-13,1.374752052e-13,6.870105322e-14,1.110527184e-13,1.06047706e-13,1.597973967e-13,1.536781223e-13,1.725349955e-13,1.315351391e-13,1.444039135e-13,4.026172878e-14,6.849898937e-14,8.169657973e-14,2.229807284e-13,6.742593743e-14,1.168766255e-13,9.582966561e-14,1.868887577e-13,3.764172872e-13,6.919734282e-14,7.151905563e-13,9.522405456e-14
60.625,4.759674491e-13,2.055123576e-13,6.659817834e-13,1.396683621e-13,2.203466389e-13,1.130617013e-13,4.073393688e-14,2.305407436e-13,7.785754379e-14,9.928547968e-14,4.882915812e-13,1.35156922e-13,6.984818914e-14,1.136008129e-13,1.052003185e-13,1.544715996e-13,1.537350684e-13,1.721393906e-13,1.323427149e-13,1.436981598e-13,4.037881303e-14,6.913764794e-14,8.123311817e-14,2.225642845e-13,6.658108128e-14,1.1410988e-13,9.55962816e-14,1.890585741e-13,3.728216119e-13,6.897498175e-14,7.095054431e-13,9.550747114e-14
60.6328125,4.811695464e-13,2.095288274e-13,6.575493304e-13,1.3766333e-13,2.228849148e-13,1.154962424e-13,4.043810375e-14,2.307818511e-13,7.866165059e-14,9.919867532e-14,4.893207713e-13,1.328973752e-13,7.105645781e-14,1.163270038e-13,1.045569446e-13,1.494063546e-13,1.538973404e-13,1.719297986e-13,1.331675716e-13,1.433031675e-13,4.046388142e-14,6.976905078e-14,8.079595513e-14,2.221409787e-13,6.579900475e-14,1.11399137e-13,9.53624484e-14,1.913539365e-13,3.690181125e-13,6.882447285e-14,7.038351526e-13,9.577577341e-14
60.640625,4.863136557e-13,2.137882163e-13,6.492648562e-13,1.35708036e-13,2.256347913e-13,1.179643047e-13,4.018221889e-14,2.311155778e-13,7.95522185e-14,9.91131018e-14,4.903370906e-13,1.307885859e-13,7.232261273e-14,1.192718463e-13,1.040259876e-13,1.445526183e-13,1.541284893e-13,1.718843955e-13,1.341092497e-13,1.432187563e-13,4.05345444e-14,7.045417468e-14,8.035129356e-14,2.217705649e-13,6.506347664e-14,1.087334218e-13,9.514837231e-14,1.937283428e-13,3.653991085e-13,6.866790495e-14,6.985204796e-13,9.606396809e-14
60.6484375,4.912320747e-13,2.180805449e-13,6.407722705e-13,1.338164088e-13,2.283571895e-13,1.204100396e-13,3.991326144e-14,2.314621891e-13,8.039189253e-14,9.896195679e-14,4.913734052e-13,1.286683146e-13,7.358672107e-14,1.222826442e-13,1.036541437e-13,1.397885365e-13,1.544527765e-13,1.719794061e-13,1.351190427e-13,1.430378109e-13,4.063065333e-14,7.112778687e-14,7.989975072e-14,2.212558945e-13,6.434277412e-14,1.060897314e-13,9.499043205e-14,1.960738169e-13,3.621018485e-13,6.849074742e-14,6.932029406e-13,9.636457584e-14
60.65625,4.960528173e-13,2.223395797e-13,6.319972421e-13,1.321171086e-13,2.310026352e-13,1.228595332e-13,3.963067995e-14,2.317037522e-13,8.114730888e-14,9.882196313e-14,4.922766089e-13,1.264715545e-13,7.480503436e-14,1.253347542e-13,1.03476118e-13,1.351295381e-13,1.549240783e-13,1.722646117e-13,1.360842888e-13,1.427190001e-13,4.071747397e-14,7.173826566e-14,7.945026306e-14,2.204815849e-13,6.362307145e-14,1.035014389e-13,9.495849179e-14,1.985003548e-13,3.585798618e-13,6.833466249e-14,6.874452606e-13,9.666864831e-14
60.6640625,5.009304536e-13,2.268921727e-13,6.231961747e-13,1.3060293e-13,2.338590068e-13,1.254157636e-13,3.938015784e-14,2.318412452e-13,8.193908762e-14,9.876482868e-14,4.930704502e-13,1.243605423e-13,7.61019594e-14,1.286223986e-13,1.034122724e-13,1.304755991e-13,1.554120729e-13,1.728555514e-13,1.370941304e-13,1.425719028e-13,4.076819438e-14,7.238390137e-14,7.899939803e-14,2.195839689e-13,6.295011007e-14,1.010211684e-13,9.501349867e-14,2.011810041e-13,3.549341454e-13,6.817318679e-14,6.817394958e-13,9.700937114e-14
60.671875,5.056680675e-13,2.318494963e-13,6.147403047e-13,1.29110034e-13,2.368948305e-13,1.280346766e-13,3.917330151e-14,2.320133667e-13,8.277915947e-14,9.868713765e-14,4.939701176e-13,1.224014909e-13,7.755046363e-14,1.321367393e-13,1.034469851e-13,1.25785163e-13,1.558034373e-13,1.737427859e-13,1.382227861e-13,1.426316305e-13,4.084105447e-14,7.309875774e-14,7.854578051e-14,2.187219193e-13,6.234865126e-14,9.863848101e-14,9.501997179e-14,2.039590953e-13,3.518059052e-13,6.799914926e-14,6.765997938e-13,9.73683727e-14
60.6796875,5.102926549e-13,2.367241723e-13,6.065006235e-13,1.275624739e-13,2.398233634e-13,1.306035291e-13,3.898318023e-14,2.322960099e-13,8.358674088e-14,9.852078698e-14,4.948621387e-13,1.204508704e-13,7.904676394e-14,1.356663355e-13,1.036610128e-13,1.213852648e-13,1.56287706e-13,1.747016129e-13,1.393499555e-13,1.427838297e-13,4.096566573e-14,7.377341246e-14,7.808454407e-14,2.179089144e-13,6.177503516e-14,9.631240689e-14,9.501456586e-14,2.065978713e-13,3.489686639e-13,6.783620563e-14,6.715858147e-13,9.771566169e-14
60.6875,5.15067749e-13,2.414096051e-13,5.981436599e-13,1.261166292e-13,2.426614181e-13,1.331896661e-13,3.880336256e-14,2.32571898e-13,8.434958069e-14,9.838603815e-14,4.955258501e-13,1.184514409e-13,8.058381552e-14,1.391997202e-13,1.04090921e-13,1.174656286e-13,1.570182161e-13,1.756222631e-13,1.404558344e-13,1.430659416e-13,4.110233674e-14,7.438837091e-14,7.760505945e-14,2.170781268e-13,6.121108464e-14,9.404593107e-14,9.513695653e-14,2.092695058e-13,3.458913893e-13,6.768373026e-14,6.663323815e-13,9.80833719e-14
60.6953125,5.198725717e-13,2.463694877e-13,5.898547168e-13,1.248423544e-13,2.455345332e-13,1.358992769e-13,3.864339581e-14,2.327473633e-13,8.510028287e-14,9.833318375e-14,4.961300185e-13,1.165206108e-13,8.221559721e-14,1.428635215e-13,1.047177854e-13,1.137505002e-13,1.578923166e-13,1.766675509e-13,1.416489928e-13,1.434808576e-13,4.124266634e-14,7.502611428e-14,7.710718232e-14,2.162474377e-13,6.067940456e-14,9.185329365e-14,9.53636117e-14,2.12184331e-13,3.428645188e-13,6.755687064e-14,6.61195798e-13,9.846453297e-14
60.703125,5.244362535e-13,2.515688821e-13,5.816888403e-13,1.235942122e-13,2.483985337e-13,1.386736019e-13,3.849128137e-14,2.329150554e-13,8.586220143e-14,9.826308282e-14,4.968157753e-13,1.146850559e-13,8.385891401e-14,1.466685779e-13,1.055208884e-13,1.100837679e-13,1.58884854e-13,1.77948543e-13,1.428950725e-13,1.43968557e-13,4.139703259e-14,7.569060291e-14,7.66162282e-14,2.154775697e-13,6.0174767e-14,8.970521241e-14,9.562891375e-14,2.151142923e-13,3.402281467e-13,6.743205993e-14,6.562734465e-13,9.880687794e-14
60.7109375,5.286508019e-13,2.566881676e-13,5.733319332e-13,1.224347847e-13,2.512806918e-13,1.414033883e-13,3.834479057e-14,2.331446391e-13,8.663881473e-14,9.818388091e-14,4.974139487e-13,1.128707381e-13,8.547307437e-14,1.505690832e-13,1.064751951e-13,1.066194879e-13,1.600137037e-13,1.794382086e-13,1.441129317e-13,1.445291204e-13,4.153846904e-14,7.634874505e-14,7.616361693e-14,2.146760342e-13,5.969457931e-14,8.757243693e-14,9.59254193e-14,2.178758662e-13,3.377066226e-13,6.72506524e-14,6.512729552e-13,9.911704183e-14
60.71875,5.325427156e-13,2.619439481e-13,5.649962662e-13,1.215262827e-13,2.542646577e-13,1.440514012e-13,3.822869023e-14,2.333609256e-13,8.738886478e-14,9.817049719e-14,4.979106607e-13,1.111047872e-13,8.710883854e-14,1.545385093e-13,1.075664959e-13,1.03375105e-13,1.611374635e-13,1.811371094e-13,1.45334589e-13,1.4519031e-13,4.166430748e-14,7.700988152e-14,7.574151011e-14,2.137685588e-13,5.926113055e-14,8.54810063e-14,9.617996696e-14,2.206760485e-13,3.351073535e-13,6.706093288e-14,6.462780738e-13,9.942519321e-14
60.7265625,5.364623167e-13,2.674617842e-13,5.569158923e-13,1.206753669e-13,2.572946777e-13,1.466689152e-13,3.815152151e-14,2.335244938e-13,8.807801359e-14,9.817732923e-14,4.984221128e-13,1.09404923e-13,8.876199849e-14,1.585796255e-13,1.088426559e-13,1.002831082e-13,1.62276632e-13,1.830362573e-13,1.465927271e-13,1.460060339e-13,4.180271677e-14,7.76647026e-14,7.531553168e-14,2.128818475e-13,5.887267144e-14,8.347488323e-14,9.638561052e-14,2.23623415e-13,3.326159187e-13,6.691814538e-14,6.414581395e-13,9.97439798e-14
60.734375,5.406223827e-13,2.729157719e-13,5.487199707e-13,1.196594569e-13,2.602890519e-13,1.493509188e-13,3.81131098e-14,2.336856248e-13,8.873405754e-14,9.817496943e-14,4.988598742e-13,1.07677034e-13,9.046196687e-14,1.627232163e-13,1.103682098e-13,9.742063418e-14,1.635999655e-13,1.851294427e-13,1.47888824e-13,1.469647341e-13,4.193811981e-14,7.829437671e-14,7.486887137e-14,2.120173935e-13,5.852157508e-14,8.15504892e-14,9.665330591e-14,2.26589708e-13,3.303477336e-13,6.675449487e-14,6.366672342e-13,1.000905618e-13
60.7421875,5.446479662e-13,2.783795815e-13,5.40420008e-13,1.185644944e-13,2.63202181e-13,1.520822276e-13,3.811625435e-14,2.338418311e-13,8.937371083e-14,9.820729264e-14,4.99173143e-13,1.059075242e-13,9.223777533e-14,1.669164214e-13,1.121011262e-13,9.48358797e-14,1.650055698e-13,1.874127247e-13,1.492180521e-13,1.479581374e-13,4.205110152e-14,7.890879793e-14,7.438948818e-14,2.110335033e-13,5.821306127e-14,7.968074166e-14,9.696949594e-14,2.295447658e-13,3.281844091e-13,6.654380667e-14,6.31841223e-13,1.004521838e-13
60.75,5.484288683e-13,2.841676814e-13,5.323479666e-13,1.175385138e-13,2.660273311e-13,1.547565557e-13,3.812933545e-14,2.339449649e-13,8.997385721e-14,9.824611612e-14,4.994323253e-13,1.041650842e-13,9.398814453e-14,1.710816516e-13,1.139541349e-13,9.252239925e-14,1.663639654e-13,1.897668273e-13,1.505290447e-13,1.490105252e-13,4.217893258e-14,7.950667282e-14,7.387756336e-14,2.100143803e-13,5.793052373e-14,7.789139269e-14,9.726452159e-14,2.324889123e-13,3.25981446e-13,6.634645497e-14,6.270055661e-13,1.008174092e-13
60.7578125,5.523463679e-13,2.900333645e-13,5.243392772e-13,1.16688113e-13,2.688883814e-13,1.573810063e-13,3.813436095e-14,2.340124968e-13,9.055565993e-14,9.827080756e-14,4.996027203e-13,1.02462311e-13,9.569185496e-14,1.753219294e-13,1.15959863e-13,9.049716635e-14,1.678172839e-13,1.921954575e-13,1.518141968e-13,1.501942611e-13,4.234978578e-14,8.009028211e-14,7.338043579e-14,2.090454307e-13,5.767587595e-14,7.622890573e-14,9.756588965e-14,2.353781896e-13,3.238188087e-13,6.617571066e-14,6.221372362e-13,1.012293088e-13
60.765625,5.563361542e-13,2.95729006e-13,5.163715784e-13,1.160167218e-13,2.718849312e-13,1.600222436e-13,3.817796901e-14,2.340553475e-13,9.115568557e-14,9.833011552e-14,4.996933954e-13,1.008324109e-13,9.745663957e-14,1.797793428e-13,1.181772682e-13,8.86838105e-14,1.694665983e-13,1.94947301e-13,1.531426307e-13,1.514139412e-13,4.253547286e-14,8.06839754e-14,7.293447719e-14,2.08005526e-13,5.749353705e-14,7.465607613e-14,9.785973808e-14,2.383221628e-13,3.218943039e-13,6.601235735e-14,6.174149833e-13,1.016752006e-13
60.7734375,5.601213047e-13,3.014969265e-13,5.086580928e-13,1.153589062e-13,2.749564054e-13,1.62660649e-13,3.827635904e-14,2.339830108e-13,9.173259949e-14,9.840820926e-14,4.997800251e-13,9.93093954e-14,9.925522955e-14,1.844149091e-13,1.20554669e-13,8.698983928e-14,1.713051899e-13,1.980493711e-13,1.545169155e-13,1.526456927e-13,4.270825554e-14,8.127869465e-14,7.251883285e-14,2.069229894e-13,5.738651213e-14,7.310191243e-14,9.813698575e-14,2.414130463e-13,3.20142645e-13,6.582438987e-14,6.129541116e-13,1.020696891e-13
60.78125,5.639055392e-13,3.073472057e-13,5.010412657e-13,1.146623644e-13,2.780238127e-13,1.652895382e-13,3.838805773e-14,2.337715574e-13,9.223872828e-14,9.849264022e-14,4.9983764e-13,9.782702586e-14,1.010130292e-13,1.891285492e-13,1.230708989e-13,8.545199535e-14,1.733420174e-13,2.012725444e-13,1.558901895e-13,1.539542972e-13,4.288510968e-14,8.185029468e-14,7.211683597e-14,2.058951672e-13,5.732057398e-14,7.160296474e-14,9.848367749e-14,2.444987814e-13,3.184160101e-13,6.558599054e-14,6.085731657e-13,1.024282113e-13
60.7890625,5.678099698e-13,3.130350907e-13,4.935970521e-13,1.139980144e-13,2.81001396e-13,1.679464171e-13,3.851860048e-14,2.335724535e-13,9.271467558e-14,9.86441064e-14,4.99936357e-13,9.636706558e-14,1.02804427e-13,1.938509714e-13,1.257924228e-13,8.415781897e-14,1.754518215e-13,2.045963493e-13,1.572696963e-13,1.552547456e-13,4.308525608e-14,8.241107291e-14,7.172927781e-14,2.048627302e-13,5.730649062e-14,7.024635429e-14,9.889577663e-14,2.474856903e-13,3.168827228e-13,6.536151868e-14,6.043080642e-13,1.028279793e-13
60.796875,5.715403163e-13,3.18726505e-13,4.865100216e-13,1.133388605e-13,2.838389345e-13,1.70607862e-13,3.87017257e-14,2.334758488e-13,9.321080798e-14,9.882530683e-14,5.001228757e-13,9.497896328e-14,1.04684109e-13,1.985367533e-13,1.287129796e-13,8.318592343e-14,1.775399518e-13,2.080968441e-13,1.586640848e-13,1.566071876e-13,4.328303312e-14,8.296965e-14,7.134719295e-14,2.03904652e-13,5.736560496e-14,6.900558423e-14,9.927579557e-14,2.50515925e-13,3.156569691e-13,6.517984198e-14,6.003544949e-13,1.032271928e-13
60.8046875,5.749877303e-13,3.246418877e-13,4.79284086e-13,1.127481306e-13,2.866629452e-13,1.732320513e-13,3.892043316e-14,2.333968483e-13,9.369388707e-14,9.894970216e-14,5.001199741e-13,9.359825961e-14,1.065994611e-13,2.032838956e-13,1.317866918e-13,8.251085957e-14,1.797351768e-13,2.116969783e-13,1.600614266e-13,1.582502467e-13,4.346842359e-14,8.350816672e-14,7.099013299e-14,2.031006137e-13,5.747775173e-14,6.778490777e-14,9.956652677e-14,2.536411585e-13,3.144971553e-13,6.493936144e-14,5.965409369e-13,1.035507522e-13
60.8125,5.783958498e-13,3.306006548e-13,4.717395431e-13,1.123226877e-13,2.895397295e-13,1.758104084e-13,3.915489804e-14,2.332804326e-13,9.409822629e-14,9.905472076e-14,4.998200337e-13,9.216206015e-14,1.085148826e-13,2.082384967e-13,1.350508347e-13,8.19602353e-14,1.820470673e-13,2.153902206e-13,1.614633155e-13,1.600242304e-13,4.368773973e-14,8.401146892e-14,7.068478688e-14,2.022157083e-13,5.761921541e-14,6.657637123e-14,9.973911459e-14,2.567152841e-13,3.13302295e-13,6.462334957e-14,5.926435728e-13,1.038288766e-13
60.8203125,5.82005271e-13,3.36461866e-13,4.644025156e-13,1.118623204e-13,2.92372445e-13,1.783486666e-13,3.941889447e-14,2.331550791e-13,9.442807844e-14,9.918510719e-14,4.99498958e-13,9.074216775e-14,1.104070604e-13,2.13349811e-13,1.385076671e-13,8.146487704e-14,1.843278888e-13,2.192660014e-13,1.628545017e-13,1.615768475e-13,4.394044987e-14,8.447934019e-14,7.039600057e-14,2.011606202e-13,5.778393991e-14,6.544566546e-14,9.984143315e-14,2.597024143e-13,3.122397336e-13,6.43270826e-14,5.887217226e-13,1.041117261e-13
60.828125,5.858208405e-13,3.422955796e-13,4.572873106e-13,1.112076098e-13,2.952321491e-13,1.809152795e-13,3.97200053e-14,2.330286317e-13,9.47572349e-14,9.933866003e-14,4.992075281e-13,8.938524762e-14,1.122672062e-13,2.185198819e-13,1.420622432e-13,8.110484501e-14,1.866153213e-13,2.23320138e-13,1.642399497e-13,1.630587081e-13,4.41744444e-14,8.494394557e-14,7.008152776e-14,2.001534479e-13,5.79804062e-14,6.442268348e-14,9.995272885e-14,2.627505952e-13,3.113274752e-13,6.405357782e-14,5.848901384e-13,1.044117574e-13
60.8359375,5.896092416e-13,3.481154998e-13,4.502516956e-13,1.105862755e-13,2.982203304e-13,1.835801856e-13,4.005392789e-14,2.329030745e-13,9.51175969e-14,9.95532629e-14,4.988711291e-13,8.810724536e-14,1.141532055e-13,2.237877306e-13,1.45720533e-13,8.092661646e-14,1.890199421e-13,2.275371123e-13,1.656805159e-13,1.648356676e-13,4.441011877e-14,8.544236659e-14,6.975559688e-14,1.992538013e-13,5.823535611e-14,6.349108477e-14,1.000606945e-13,2.659241036e-13,3.105592194e-13,6.374984451e-14,5.813287712e-13,1.047439888e-13
60.84375,5.931837203e-13,3.539762214e-13,4.436446914e-13,1.101591085e-13,3.011948447e-13,1.862806414e-13,4.041200011e-14,2.32768033e-13,9.546314217e-14,9.980447584e-14,4.986845071e-13,8.697496833e-14,1.160875028e-13,2.291589623e-13,1.496214123e-13,8.101811343e-14,1.915378513e-13,2.31933493e-13,1.671932955e-13,1.668816273e-13,4.468979024e-14,8.595598858e-14,6.943864919e-14,1.984300651e-13,5.855586428e-14,6.262588171e-14,1.001622604e-13,2.691471308e-13,3.100857895e-13,6.341018654e-14,5.781855996e-13,1.050900149e-13
60.8515625,5.96626877e-13,3.600356245e-13,4.373667804e-13,1.097281553e-13,3.041437855e-13,1.889331212e-13,4.079052703e-14,2.325920827e-13,9.578033153e-14,1.000223885e-13,4.986469155e-13,8.596417169e-14,1.18034337e-13,2.346186562e-13,1.537832613e-13,8.14274645e-14,1.941606638e-13,2.36489808e-13,1.687407557e-13,1.689584321e-13,4.499507655e-14,8.64603653e-14,6.913027041e-14,1.977536849e-13,5.891729265e-14,6.180183258e-14,1.002322166e-13,2.724060168e-13,3.098261274e-13,6.304979227e-14,5.752938567e-13,1.05400096e-13
60.859375,6.001383862e-13,3.662569691e-13,4.309852805e-13,1.091368252e-13,3.072300794e-13,1.915463322e-13,4.1210297e-14,2.324061651e-13,9.610951895e-14,1.002670152e-13,4.984728911e-13,8.497020794e-14,1.200183192e-13,2.402588836e-13,1.58083006e-13,8.198144264e-14,1.968736782e-13,2.412349231e-13,1.70316916e-13,1.710074013e-13,4.531817558e-14,8.696883366e-14,6.883525486e-14,1.971910302e-13,5.932296845e-14,6.10138731e-14,1.001682479e-13,2.757322742e-13,3.095124494e-13,6.269695726e-14,5.724948064e-13,1.056789003e-13
60.8671875,6.038143286e-13,3.723888363e-13,4.246136223e-13,1.085117074e-13,3.103296747e-13,1.941199407e-13,4.167280443e-14,2.322317631e-13,9.642945845e-14,1.005967161e-13,4.981490036e-13,8.398054847e-14,1.220516358e-13,2.460332738e-13,1.625192902e-13,8.260889141e-14,1.99643187e-13,2.46231229e-13,1.719116891e-13,1.730780223e-13,4.56482634e-14,8.745540428e-14,6.856285933e-14,1.966419915e-13,5.98066251e-14,6.029104512e-14,1.000562257e-13,2.790567604e-13,3.091702034e-13,6.234650985e-14,5.698248449e-13,1.059631862e-13
60.875,6.075654331e-13,3.783885721e-13,4.183763745e-13,1.079792847e-13,3.132841932e-13,1.966612035e-13,4.213904476e-14,2.320004069e-13,9.668665088e-14,1.009378019e-13,4.978256779e-13,8.301822527e-14,1.240583238e-13,2.517547379e-13,1.671756359e-13,8.346378785e-14,2.024792471e-13,2.51444834e-13,1.734985468e-13,1.751318634e-13,4.595143174e-14,8.788696776e-14,6.832049046e-14,1.960596466e-13,6.036250949e-14,5.966227008e-14,1.000494672e-13,2.823309486e-13,3.089308908e-13,6.195463931e-14,5.671641613e-13,1.062407781e-13
60.8828125,6.112454845e-13,3.844886073e-13,4.121389783e-13,1.075102505e-13,3.162987733e-13,1.992558624e-13,4.261402685e-14,2.317221892e-13,9.692040336e-14,1.01257193e-13,4.975262011e-13,8.209190147e-14,1.260388738e-13,2.575107634e-13,1.72003509e-13,8.456663248e-14,2.05390105e-13,2.568215439e-13,1.751144844e-13,1.77158255e-13,4.626586599e-14,8.832441212e-14,6.810706059e-14,1.954134478e-13,6.095133471e-14,5.913395408e-14,1.000291264e-13,2.856548268e-13,3.087441874e-13,6.153690931e-14,5.644551571e-13,1.064712542e-13
60.890625,6.148777685e-13,3.906614586e-13,4.060230115e-13,1.070831126e-13,3.194920416e-13,2.018985044e-13,4.315004155e-14,2.314799295e-13,9.718577589e-14,1.015794813e-13,4.972951084e-13,8.125784114e-14,1.280797766e-13,2.635009633e-13,1.770039327e-13,8.58933894e-14,2.08413501e-13,2.623759235e-13,1.767995034e-13,1.792614592e-13,4.662039047e-14,8.880797476e-14,6.79074365e-14,1.948038722e-13,6.158175401e-14,5.870772856e-14,9.992417501e-14,2.890954772e-13,3.086605789e-13,6.111043644e-14,5.619953427e-13,1.066586997e-13
60.8984375,6.185572742e-13,3.965755668e-13,4.001865042e-13,1.066401044e-13,3.226668302e-13,2.044401778e-13,4.37455745e-14,2.312082959e-13,9.743869776e-14,1.018790244e-13,4.971280839e-13,8.05234922e-14,1.301648141e-13,2.696151882e-13,1.823453589e-13,8.75443335e-14,2.116046137e-13,2.681133476e-13,1.785096477e-13,1.814068043e-13,4.695716409e-14,8.926217187e-14,6.771094421e-14,1.943385825e-13,6.230208676e-14,5.837885186e-14,9.985466751e-14,2.925410174e-13,3.087852746e-13,6.063975137e-14,5.599071304e-13,1.068626104e-13
60.90625,6.222471372e-13,4.022760045e-13,3.946181648e-13,1.060429757e-13,3.257772933e-13,2.068379605e-13,4.435622547e-14,2.308208305e-13,9.763810637e-14,1.021631587e-13,4.969177686e-13,7.983006475e-14,1.322245148e-13,2.757357703e-13,1.879890664e-13,8.946401285e-14,2.149050164e-13,2.740245828e-13,1.802034347e-13,1.834639828e-13,4.730173795e-14,8.96561474e-14,6.751047206e-14,1.939318539e-13,6.310001786e-14,5.812148899e-14,9.974758252e-14,2.958758278e-13,3.090008798e-13,6.01618373e-14,5.579441383e-13,1.071048151e-13
60.9140625,6.25899197e-13,4.081423457e-13,3.892843141e-13,1.053617572e-13,3.289632604e-13,2.092019252e-13,4.497156762e-14,2.304141593e-13,9.782289377e-14,1.024847837e-13,4.966877249e-13,7.919640777e-14,1.342718345e-13,2.820008797e-13,1.936797751e-13,9.150794565e-14,2.182729179e-13,2.801175811e-13,1.818859157e-13,1.855670587e-13,4.772151114e-14,9.00573285e-14,6.72992199e-14,1.935809396e-13,6.391657091e-14,5.79114422e-14,9.950054247e-14,2.991911576e-13,3.092911935e-13,5.972024029e-14,5.559801441e-13,1.073137837e-13
60.921875,6.295604851e-13,4.142663404e-13,3.839986207e-13,1.047820274e-13,3.322038059e-13,2.115901319e-13,4.560988451e-14,2.30066532e-13,9.801724787e-14,1.02859719e-13,4.964916769e-13,7.865611165e-14,1.36337306e-13,2.884570296e-13,1.994282121e-13,9.371101847e-14,2.217579894e-13,2.863688186e-13,1.835552958e-13,1.878842264e-13,4.814701604e-14,9.048109765e-14,6.709893868e-14,1.933738519e-13,6.476314863e-14,5.775833234e-14,9.924695325e-14,3.026815529e-13,3.098474156e-13,5.924144187e-14,5.540916137e-13,1.074514546e-13
60.9296875,6.332992997e-13,4.205607823e-13,3.78720406e-13,1.042339062e-13,3.354176291e-13,2.139799347e-13,4.629003141e-14,2.297217275e-13,9.82096438e-14,1.032920488e-13,4.962677789e-13,7.817789474e-14,1.384322191e-13,2.950061026e-13,2.054344168e-13,9.611506852e-14,2.253051772e-13,2.927693819e-13,1.852359615e-13,1.902877965e-13,4.854323327e-14,9.089249236e-14,6.69379328e-14,1.93211646e-13,6.569055598e-14,5.769611107e-14,9.902609315e-14,3.063504451e-13,3.106179689e-13,5.871211264e-14,5.523860407e-13,1.075805578e-13
60.9375,6.370974727e-13,4.26831871e-13,3.737572075e-13,1.036137525e-13,3.386263115e-13,2.163336238e-13,4.701445284e-14,2.293604866e-13,9.839707839e-14,1.037355878e-13,4.960296116e-13,7.776827346e-14,1.405733851e-13,3.016423325e-13,2.116780504e-13,9.869122093e-14,2.288526914e-13,2.993627176e-13,1.869634407e-13,1.926428124e-13,4.899598468e-14,9.129558804e-14,6.681859309e-14,1.930755689e-13,6.668429589e-14,5.774266371e-14,9.873246481e-14,3.099586319e-13,3.114451738e-13,5.822403173e-14,5.509720427e-13,1.077185758e-13
60.9453125,6.407532351e-13,4.325971802e-13,3.690762075e-13,1.029875415e-13,3.418397856e-13,2.185780402e-13,4.77683416e-14,2.289593692e-13,9.854619152e-14,1.040999928e-13,4.958180196e-13,7.7425287e-14,1.42728643e-13,3.083518353e-13,2.180490682e-13,1.014249427e-13,2.324191136e-13,3.061296572e-13,1.886903745e-13,1.948932255e-13,4.948708768e-14,9.169056952e-14,6.675241849e-14,1.930555175e-13,6.772575932e-14,5.788267517e-14,9.838554397e-14,3.133188002e-13,3.124323058e-13,5.77544314e-14,5.497684533e-13,1.078125957e-13
60.953125,6.44146689e-13,4.379364298e-13,3.643392195e-13,1.023618115e-13,3.450659376e-13,2.206885889e-13,4.85663801e-14,2.284362554e-13,9.863329144e-14,1.044425845e-13,4.955828996e-13,7.70856997e-14,1.448674252e-13,3.150795181e-13,2.245598385e-13,1.042507398e-13,2.358947932e-13,3.130193367e-13,1.903791403e-13,1.96998247e-13,4.993078946e-14,9.20648685e-14,6.673544875e-14,1.929748295e-13,6.884760662e-14,5.809582665e-14,9.804638563e-14,3.165764006e-13,3.136304315e-13,5.721348264e-14,5.485672881e-13,1.078728133e-13
60.9609375,6.475335826e-13,4.437287813e-13,3.597103407e-13,1.017658572e-13,3.483333098e-13,2.227717303e-13,4.943615814e-14,2.278774231e-13,9.872599638e-14,1.049064278e-13,4.954084258e-13,7.678672228e-14,1.470510481e-13,3.218744432e-13,2.312288795e-13,1.072199519e-13,2.392742261e-13,3.200786485e-13,1.920981348e-13,1.992349815e-13,5.035264355e-14,9.244180248e-14,6.67041732e-14,1.927723357e-13,7.004358142e-14,5.837776328e-14,9.771689442e-14,3.200851453e-13,3.149293966e-13,5.66397265e-14,5.474229912e-13,1.079422516e-13
60.96875,6.510925345e-13,4.500295281e-13,3.555095657e-13,1.012835239e-13,3.515903073e-13,2.248941074e-13,5.034543078e-14,2.274484077e-13,9.885247305e-14,1.054573569e-13,4.95435106e-13,7.660460788e-14,1.493017758e-13,3.287767605e-13,2.380413728e-13,1.105028754e-13,2.428323323e-13,3.273341079e-13,1.938541852e-13,2.018754824e-13,5.080092223e-14,9.281941916e-14,6.663789972e-14,1.927343275e-13,7.12712824e-14,5.872723728e-14,9.739758143e-14,3.239094587e-13,3.163790157e-13,5.611141511e-14,5.464738694e-13,1.080087209e-13
60.9765625,6.546337382e-13,4.559419768e-13,3.515215165e-13,1.007754052e-13,3.54816327e-13,2.269544627e-13,5.125725709e-14,2.270460042e-13,9.891266853e-14,1.059758897e-13,4.955038478e-13,7.645364296e-14,1.515235995e-13,3.357428947e-13,2.449791047e-13,1.139713373e-13,2.465632443e-13,3.347071964e-13,1.955478015e-13,2.046226451e-13,5.12686112e-14,9.314530391e-14,6.660284407e-14,1.928308758e-13,7.253841421e-14,5.914841693e-14,9.705797236e-14,3.276748602e-13,3.179810757e-13,5.560115073e-14,5.455635617e-13,1.080492392e-13
60.984375,6.581386492e-13,4.614082935e-13,3.474915555e-13,1.000819768e-13,3.581108509e-13,2.288595395e-13,5.219489165e-14,2.265212796e-13,9.888177241e-14,1.064686015e-13,4.953854513e-13,7.625687481e-14,1.536715229e-13,3.427866893e-13,2.520264652e-13,1.174342284e-13,2.501442558e-13,3.421591936e-13,1.971919137e-13,2.071659467e-13,5.174070342e-14,9.342128953e-14,6.661734378e-14,1.928191393e-13,7.386461686e-14,5.965884343e-14,9.662964285e-14,3.311423542e-13,3.195494667e-13,5.504980563e-14,5.445827655e-13,1.080586684e-13
60.9921875,6.61833781e-13,4.669676422e-13,3.436403475e-13,9.925578698e-14,3.615370089e-13,2.30705868e-13,5.316558098e-14,2.260065452e-13,9.888296527e-14,1.069834682e-13,4.95191249e-13,7.610959033e-14,1.558150276e-13,3.499878461e-13,2.592492953e-13,1.210810511e-13,2.535932327e-13,3.497215438e-13,1.989039357e-13,2.096070661e-13,5.220297112e-14,9.371375247e-14,6.663122965e-14,1.928596712e-13,7.524009794e-14,6.026189097e-14,9.605352736e-14,3.345338296e-13,3.211747088e-13,5.447521859e-14,5.437526246e-13,1.080473843e-13
61,6.657340839e-13,4.724723318e-13,3.401961117e-13,9.835480581e-14,3.651056644e-13,2.326778144e-13,5.415075299e-14,2.255760266e-13,9.895399157e-14,1.075102306e-13,4.951405823e-13,7.60789844e-14,1.580028995e-13,3.573931824e-13,2.666828462e-13,1.249501893e-13,2.57145312e-13,3.574298337e-13,2.007025891e-13,2.119980476e-13,5.266540299e-14,9.404795279e-14,6.663624562e-14,1.930481892e-13,7.666358257e-14,6.094350393e-14,9.537726603e-14,3.380877248e-13,3.230887632e-13,5.392794824e-14,5.431696675e-13,1.080517628e-13
61.0078125,6.696955875e-13,4.778133954e-13,3.370445363e-13,9.748873221e-14,3.687581404e-13,2.3476932e-13,5.516807039e-14,2.250702444e-13,9.899079825e-14,1.080470124e-13,4.952460904e-13,7.61258036e-14,1.601964368e-13,3.649313369e-13,2.742378165e-13,1.287854991e-13,2.608081531e-13,3.653144325e-13,2.025365335e-13,2.143703589e-13,5.314459542e-14,9.438714799e-14,6.666624351e-14,1.931108699e-13,7.813955045e-14,6.170390123e-14,9.48080192e-14,3.418081475e-13,3.251596429e-13,5.340201242e-14,5.426286665e-13,1.080676121e-13
61.015625,6.734975297e-13,4.833408045e-13,3.341139177e-13,9.677062689e-14,3.72277656e-13,2.367368146e-13,5.622067137e-14,2.244996928e-13,9.895783406e-14,1.08625987e-13,4.95467937e-13,7.624269196e-14,1.623242722e-13,3.724313468e-13,2.819423712e-13,1.32766829e-13,2.645468736e-13,3.733297832e-13,2.043767798e-13,2.168439264e-13,5.360928847e-14,9.469993269e-14,6.674367309e-14,1.93069122e-13,7.967500452e-14,6.254072347e-14,9.442524638e-14,3.456227624e-13,3.272904226e-13,5.28609426e-14,5.420898492e-13,1.080321694e-13
61.0234375,6.769123627e-13,4.88904102e-13,3.314829016e-13,9.602622973e-14,3.756099997e-13,2.384677097e-13,5.728942531e-14,2.240130966e-13,9.892932376e-14,1.092547156e-13,4.957741779e-13,7.643909224e-14,1.643890618e-13,3.798740289e-13,2.89880672e-13,1.371670254e-13,2.683322543e-13,3.813922313e-13,2.061759916e-13,2.192687617e-13,5.404112853e-14,9.499785889e-14,6.686364742e-14,1.932002015e-13,8.128579025e-14,6.342549784e-14,9.400071355e-14,3.49370529e-13,3.297083531e-13,5.229210649e-14,5.417484605e-13,1.079303384e-13
61.03125,6.802399895e-13,4.94198856e-13,3.28950118e-13,9.513536899e-14,3.790397709e-13,2.401642775e-13,5.8402226e-14,2.235349459e-13,9.892794692e-14,1.098763772e-13,4.959851834e-13,7.668147263e-14,1.66500147e-13,3.874667819e-13,2.979163082e-13,1.41670818e-13,2.720217412e-13,3.895541651e-13,2.07924348e-13,2.215618576e-13,5.446583766e-14,9.530706287e-14,6.698927973e-14,1.934471558e-13,8.295180078e-14,6.435942954e-14,9.339625981e-14,3.529173959e-13,3.323670166e-13,5.168519556e-14,5.416216507e-13,1.078088146e-13
61.0390625,6.840247527e-13,4.995003018e-13,3.262624998e-13,9.426487376e-14,3.826748604e-13,2.419608682e-13,5.957067268e-14,2.229783029e-13,9.890305477e-14,1.104304632e-13,4.959633672e-13,7.695483078e-14,1.687032469e-13,3.953204445e-13,3.05993533e-13,1.461298728e-13,2.756540216e-13,3.97893205e-13,2.096934474e-13,2.240011379e-13,5.49056931e-14,9.561933351e-14,6.711173035e-14,1.936477881e-13,8.463658996e-14,6.540757769e-14,9.277577513e-14,3.563863677e-13,3.349490997e-13,5.104912208e-14,5.415328791e-13,1.077063328e-13
61.046875,6.880933745e-13,5.050282745e-13,3.236778931e-13,9.341608707e-14,3.862423516e-13,2.437212551e-13,6.075155836e-14,2.224499776e-13,9.884150372e-14,1.109573404e-13,4.958737092e-13,7.727118218e-14,1.708749168e-13,4.032919043e-13,3.142927809e-13,1.509016735e-13,2.794366608e-13,4.062875733e-13,2.114801219e-13,2.266002939e-13,5.538760235e-14,9.590413095e-14,6.728040694e-14,1.938609164e-13,8.635256127e-14,6.660920739e-14,9.224887494e-14,3.599459871e-13,3.3748752e-13,5.04384042e-14,5.413746619e-13,1.076395923e-13
61.0546875,6.92002017e-13,5.107219974e-13,3.21435711e-13,9.250287055e-14,3.895650145e-13,2.453483952e-13,6.19448134e-14,2.219313219e-13,9.875627767e-14,1.115530551e-13,4.959247889e-13,7.761745731e-14,1.729332633e-13,4.112028666e-13,3.227880402e-13,1.559366911e-13,2.833347237e-13,4.146130542e-13,2.132154659e-13,2.291168189e-13,5.58958849e-14,9.616288607e-14,6.750392088e-14,1.941273435e-13,8.813046076e-14,6.790229462e-14,9.172865481e-14,3.635785393e-13,3.401834482e-13,4.986241995e-14,5.411272558e-13,1.075742391e-13
61.0625,6.958650494e-13,5.16400227e-13,3.192787343e-13,9.164001909e-14,3.928153678e-13,2.468990866e-13,6.318000979e-14,2.21281605e-13,9.861698648e-14,1.122211117e-13,4.960451594e-13,7.798039431e-14,1.749881221e-13,4.190688397e-13,3.313163305e-13,1.609097272e-13,2.872070648e-13,4.230320013e-13,2.149566724e-13,2.315626473e-13,5.635663945e-14,9.64139092e-14,6.773425722e-14,1.944018125e-13,8.998917922e-14,6.921484168e-14,9.119131755e-14,3.671503726e-13,3.429709991e-13,4.92643951e-14,5.408734531e-13,1.074366144e-13
61.0703125,6.997273544e-13,5.214765736e-13,3.172049925e-13,9.081139339e-14,3.962327102e-13,2.483919502e-13,6.444932978e-14,2.205827987e-13,9.841712229e-14,1.128733554e-13,4.960624544e-13,7.839053978e-14,1.771513813e-13,4.270233964e-13,3.399182087e-13,1.659738511e-13,2.91095991e-13,4.317216217e-13,2.167535365e-13,2.339668463e-13,5.677564266e-14,9.663474132e-14,6.796849981e-14,1.947277261e-13,9.193393261e-14,7.057732694e-14,9.074481874e-14,3.705274458e-13,3.457198504e-13,4.865039184e-14,5.408031035e-13,1.072237959e-13
61.078125,7.032795957e-13,5.258811956e-13,3.155425178e-13,8.99096291e-14,3.996950873e-13,2.497857303e-13,6.574644346e-14,2.199892484e-13,9.821975295e-14,1.134730051e-13,4.959705658e-13,7.887993538e-14,1.793760778e-13,4.350004776e-13,3.485878367e-13,1.71313962e-13,2.950133364e-13,4.404749583e-13,2.184561312e-13,2.363216329e-13,5.720058935e-14,9.678693164e-14,6.823577418e-14,1.951759155e-13,9.391857593e-14,7.205806431e-14,9.043284763e-14,3.738291503e-13,3.484618136e-13,4.807812566e-14,5.409164174e-13,1.069938532e-13
61.0859375,7.06611432e-13,5.306479529e-13,3.140660258e-13,8.902682951e-14,4.028027303e-13,2.510480253e-13,6.705547149e-14,2.194331997e-13,9.803500732e-14,1.140860214e-13,4.958388727e-13,7.941002556e-14,1.815625411e-13,4.427885573e-13,3.572469545e-13,1.767796888e-13,2.988570589e-13,4.490351713e-13,2.199774039e-13,2.387697986e-13,5.75850771e-14,9.688089562e-14,6.853560156e-14,1.956775378e-13,9.590329442e-14,7.365028851e-14,9.018087532e-14,3.773238434e-13,3.513192159e-13,4.75234487e-14,5.409616351e-13,1.067534636e-13
61.09375,7.099629345e-13,5.359996066e-13,3.124009971e-13,8.817377236e-14,4.055453601e-13,2.521612886e-13,6.834079919e-14,2.188062407e-13,9.778827855e-14,1.147687217e-13,4.956625941e-13,7.991005286e-14,1.836848496e-13,4.504318687e-13,3.659968767e-13,1.823231811e-13,3.026207648e-13,4.575637092e-13,2.214594251e-13,2.412244183e-13,5.790920689e-14,9.69528585e-14,6.886346846e-14,1.960691518e-13,9.792522139e-14,7.529348745e-14,8.991145611e-14,3.808432479e-13,3.543150955e-13,4.693464633e-14,5.408615483e-13,1.064757553e-13
61.1015625,7.131304254e-13,5.408725657e-13,3.10861475e-13,8.728522206e-14,4.083335803e-13,2.531553986e-13,6.962695523e-14,2.181573698e-13,9.747281385e-14,1.154877427e-13,4.954532272e-13,8.039010695e-14,1.857792624e-13,4.58109794e-13,3.748431897e-13,1.879884374e-13,3.06383482e-13,4.662709817e-13,2.229842003e-13,2.434728552e-13,5.823037811e-14,9.701301459e-14,6.921699892e-14,1.96314952e-13,1.000032204e-13,7.694960699e-14,8.959171464e-14,3.840528121e-13,3.572666622e-13,4.635010687e-14,5.408177998e-13,1.061608384e-13
61.109375,7.160347094e-13,5.45117653e-13,3.097981166e-13,8.644523671e-14,4.113002461e-13,2.540721834e-13,7.095449601e-14,2.175617764e-13,9.717108064e-14,1.162033201e-13,4.953015363e-13,8.092687989e-14,1.878827737e-13,4.658343298e-13,3.836688648e-13,1.937449954e-13,3.102183953e-13,4.750549318e-13,2.245067666e-13,2.45631433e-13,5.854519226e-14,9.70713024e-14,6.958907287e-14,1.965398525e-13,1.021157705e-13,7.863168166e-14,8.927650015e-14,3.871162828e-13,3.601383917e-13,4.581243148e-14,5.409737934e-13,1.058179768e-13
61.1171875,7.189267327e-13,5.49494858e-13,3.090094988e-13,8.557388289e-14,4.142718405e-13,2.548975688e-13,7.229674991e-14,2.170149312e-13,9.689903901e-14,1.169322573e-13,4.952154854e-13,8.153992108e-14,1.899871289e-13,4.736357823e-13,3.925937603e-13,1.996359192e-13,3.141484421e-13,4.838257338e-13,2.260584856e-13,2.47768199e-13,5.884038446e-14,9.714173736e-14,6.999706196e-14,1.968254463e-13,1.0428883e-13,8.037655925e-14,8.909646905e-14,3.902171717e-13,3.632338709e-13,4.528609936e-14,5.412957063e-13,1.054525592e-13
61.125,7.218254094e-13,5.539665808e-13,3.082675972e-13,8.452743635e-14,4.171732002e-13,2.556268734e-13,7.363480245e-14,2.164900467e-13,9.658894507e-14,1.176765952e-13,4.950622935e-13,8.217717009e-14,1.920486865e-13,4.815517885e-13,4.016796665e-13,2.056395842e-13,3.180965801e-13,4.926098106e-13,2.276584174e-13,2.497820966e-13,5.914788373e-14,9.718851415e-14,7.045432971e-14,1.971672473e-13,1.065246604e-13,8.218714076e-14,8.900828257e-14,3.931954308e-13,3.666246301e-13,4.475453507e-14,5.416303534e-13,1.050587348e-13
61.1328125,7.247010196e-13,5.582240077e-13,3.075953986e-13,8.350898547e-14,4.200122332e-13,2.563278664e-13,7.497951169e-14,2.159652123e-13,9.62303558e-14,1.184153865e-13,4.948074012e-13,8.281872674e-14,1.940720669e-13,4.894580453e-13,4.107338686e-13,2.116656083e-13,3.220737065e-13,5.014469334e-13,2.292326466e-13,2.518093462e-13,5.944311263e-14,9.718122508e-14,7.093878338e-14,1.975390088e-13,1.087720075e-13,8.404898505e-14,8.882445526e-14,3.961190372e-13,3.70040979e-13,4.425055104e-14,5.418157337e-13,1.046219046e-13
61.140625,7.277011726e-13,5.625242038e-13,3.071351408e-13,8.263516121e-14,4.228531861e-13,2.570609603e-13,7.632715558e-14,2.153969843e-13,9.588050826e-14,1.191783367e-13,4.946488688e-13,8.350452921e-14,1.961265339e-13,4.973556509e-13,4.197884922e-13,2.178013257e-13,3.262321184e-13,5.105149567e-13,2.307932803e-13,2.53907728e-13,5.968989619e-14,9.717686088e-14,7.143880237e-14,1.97882438e-13,1.110639112e-13,8.59836753e-14,8.862880196e-14,3.9920627e-13,3.735348855e-13,4.37662793e-14,5.419327146e-13,1.041578737e-13
61.1484375,7.307374695e-13,5.669105904e-13,3.070414282e-13,8.168727141e-14,4.257460524e-13,2.577900093e-13,7.770804446e-14,2.147631712e-13,9.553668381e-14,1.199977492e-13,4.947211632e-13,8.424041989e-14,1.982278364e-13,5.053593823e-13,4.290187737e-13,2.240989762e-13,3.305203145e-13,5.198256146e-13,2.323972536e-13,2.558624132e-13,5.990867697e-14,9.72099291e-14,7.196180992e-14,1.982043076e-13,1.134606266e-13,8.79869821e-14,8.862457025e-14,4.023788296e-13,3.773618676e-13,4.327787235e-14,5.42180248e-13,1.036839539e-13
61.15625,7.336654172e-13,5.71049086e-13,3.072083108e-13,8.064836704e-14,4.285748839e-13,2.584506177e-13,7.9139137e-14,2.141232594e-13,9.514546661e-14,1.208127811e-13,4.947949854e-13,8.497155085e-14,2.003298673e-13,5.133565451e-13,4.383240956e-13,2.304907709e-13,3.347646061e-13,5.290217656e-13,2.339960344e-13,2.576811166e-13,6.010806242e-14,9.721697662e-14,7.24998308e-14,1.985630645e-13,1.158985444e-13,9.000674621e-14,8.868817213e-14,4.054952497e-13,3.813459524e-13,4.281209867e-14,5.424947102e-13,1.031766788e-13
61.1640625,7.365884119e-13,5.749374416e-13,3.074229772e-13,7.970017649e-14,4.313053436e-13,2.59071184e-13,8.053567502e-14,2.135289762e-13,9.472005838e-14,1.215352478e-13,4.945916672e-13,8.569164617e-14,2.024501932e-13,5.212353404e-13,4.475872894e-13,2.370477872e-13,3.390312403e-13,5.379923537e-13,2.355558182e-13,2.595198018e-13,6.029404138e-14,9.718062703e-14,7.3040218e-14,1.988893715e-13,1.182977222e-13,9.20568094e-14,8.86861522e-14,4.084573855e-13,3.851956133e-13,4.237898029e-14,5.427704576e-13,1.026338949e-13
61.171875,7.394292876e-13,5.78866211e-13,3.077692903e-13,7.884677917e-14,4.340235492e-13,2.596680095e-13,8.184993931e-14,2.129246767e-13,9.429590816e-14,1.221831918e-13,4.942412655e-13,8.645637649e-14,2.045948373e-13,5.290688975e-13,4.568553394e-13,2.437591109e-13,3.433464333e-13,5.469527168e-13,2.371100214e-13,2.613371918e-13,6.047560406e-14,9.715634516e-14,7.358057387e-14,1.991242052e-13,1.206813068e-13,9.418854792e-14,8.879763403e-14,4.112047321e-13,3.890543907e-13,4.19337234e-14,5.430957259e-13,1.020751122e-13
61.1796875,7.42018677e-13,5.829014359e-13,3.083190719e-13,7.802131984e-14,4.366905886e-13,2.601428053e-13,8.315800147e-14,2.122633426e-13,9.384115572e-14,1.228426131e-13,4.93979309e-13,8.726576205e-14,2.066617493e-13,5.369022685e-13,4.661013078e-13,2.504223185e-13,3.475224815e-13,5.559165345e-13,2.386577563e-13,2.630797288e-13,6.062501748e-14,9.713502264e-14,7.412930888e-14,1.993566074e-13,1.230954841e-13,9.636841748e-14,8.91014886e-14,4.139178529e-13,3.931634507e-13,4.146687817e-14,5.434071706e-13,1.014722587e-13
61.1875,7.44486151e-13,5.868192085e-13,3.089534277e-13,7.717276644e-14,4.393687178e-13,2.605047617e-13,8.450204633e-14,2.115906059e-13,9.334293645e-14,1.235183992e-13,4.937105936e-13,8.808206082e-14,2.086612747e-13,5.447952967e-13,4.752740748e-13,2.570214445e-13,3.515778972e-13,5.648625201e-13,2.402025737e-13,2.647719512e-13,6.074969635e-14,9.708193208e-14,7.469822605e-14,1.99603487e-13,1.255448493e-13,9.855112817e-14,8.9430929e-14,4.166611036e-13,3.974438271e-13,4.102333621e-14,5.435844968e-13,1.008128779e-13
61.1953125,7.4681765e-13,5.905497023e-13,3.097172884e-13,7.624736555e-14,4.42127382e-13,2.608791405e-13,8.584538834e-14,2.10908155e-13,9.283704936e-14,1.241656703e-13,4.933277474e-13,8.891086435e-14,2.10747424e-13,5.527279574e-13,4.843993457e-13,2.636252778e-13,3.556455308e-13,5.738365705e-13,2.417438381e-13,2.664284474e-13,6.086806252e-14,9.701512758e-14,7.52733378e-14,1.998063806e-13,1.280068845e-13,1.007579244e-13,8.974205802e-14,4.191925597e-13,4.017408627e-13,4.061103423e-14,5.437757085e-13,1.001374686e-13
61.203125,7.48875965e-13,5.942638642e-13,3.106538416e-13,7.530930506e-14,4.447156192e-13,2.611902312e-13,8.718542414e-14,2.101556976e-13,9.229927413e-14,1.248327895e-13,4.929212038e-13,8.974171395e-14,2.128936433e-13,5.604876059e-13,4.934723763e-13,2.701671194e-13,3.596212994e-13,5.826752122e-13,2.432056307e-13,2.68058611e-13,6.092753026e-14,9.692160257e-14,7.58349816e-14,1.999666471e-13,1.304651959e-13,1.029933031e-13,9.014658009e-14,4.215375835e-13,4.060676725e-13,4.019850773e-14,5.439744379e-13,9.944497968e-14
61.2109375,7.509458232e-13,5.978809865e-13,3.116788812e-13,7.44389896e-14,4.471522036e-13,2.613364457e-13,8.854350859e-14,2.093540827e-13,9.169901939e-14,1.255823792e-13,4.924576529e-13,9.054394321e-14,2.149665928e-13,5.681279729e-13,5.024825399e-13,2.766903958e-13,3.634519063e-13,5.913492304e-13,2.445741358e-13,2.696061116e-13,6.094285374e-14,9.677652105e-14,7.639662758e-14,2.000330972e-13,1.329402822e-13,1.052413585e-13,9.067374658e-14,4.239185355e-13,4.104570412e-13,3.979918834e-14,5.43957373e-13,9.872587288e-14
61.21875,7.531513545e-13,6.012829865e-13,3.129063074e-13,7.363761066e-14,4.497798278e-13,2.614909018e-13,8.989717797e-14,2.085550917e-13,9.10929315e-14,1.263545744e-13,4.918683143e-13,9.13596387e-14,2.170287067e-13,5.758917811e-13,5.114863945e-13,2.833541531e-13,3.673180487e-13,6.00083757e-13,2.459612752e-13,2.71040894e-13,6.100689915e-14,9.663447956e-14,7.696518432e-14,1.999795835e-13,1.354480811e-13,1.075442328e-13,9.127509284e-14,4.262861982e-13,4.149460575e-13,3.944445915e-14,5.438448456e-13,9.802925117e-14
61.2265625,7.551259779e-13,6.047344801e-13,3.144023012e-13,7.293096263e-14,4.524194969e-13,2.617215963e-13,9.122830641e-14,2.077302925e-13,9.050049712e-14,1.270884365e-13,4.912773558e-13,9.223951225e-14,2.191623096e-13,5.836560553e-13,5.205913095e-13,2.902764814e-13,3.713839414e-13,6.08888803e-13,2.474267459e-13,2.724265442e-13,6.107818026e-14,9.652097642e-14,7.75350736e-14,1.999242597e-13,1.379757484e-13,1.099492897e-13,9.197380676e-14,4.285633053e-13,4.196549583e-13,3.910895614e-14,5.438200615e-13,9.734422705e-14
61.234375,7.568877076e-13,6.08149633e-13,3.160046649e-13,7.227444333e-14,4.548099631e-13,2.617977639e-13,9.257644369e-14,2.068599417e-13,8.985456253e-14,1.278213521e-13,4.907064283e-13,9.313912569e-14,2.213083061e-13,5.91287846e-13,5.298203762e-13,2.975033014e-13,3.75676124e-13,6.177010611e-13,2.489117528e-13,2.737288858e-13,6.105681785e-14,9.636238776e-14,7.813162393e-14,1.999149729e-13,1.405413933e-13,1.124020112e-13,9.283650091e-14,4.30726633e-13,4.245417365e-13,3.877234219e-14,5.437490238e-13,9.658528503e-14
61.2421875,7.587193245e-13,6.11092792e-13,3.177146069e-13,7.156752479e-14,4.571618611e-13,2.6164797e-13,9.395177498e-14,2.059718691e-13,8.913765636e-14,1.28554892e-13,4.899985296e-13,9.398935756e-14,2.234398785e-13,5.988451439e-13,5.38935197e-13,3.048094912e-13,3.800344556e-13,6.265425204e-13,2.503182344e-13,2.749092412e-13,6.098121622e-14,9.612255326e-14,7.875881624e-14,1.999104604e-13,1.431516417e-13,1.14806237e-13,9.381640435e-14,4.326685199e-13,4.29382258e-13,3.846338265e-14,5.435997675e-13,9.575715752e-14
61.25,7.605517299e-13,6.139195791e-13,3.195822445e-13,7.086653112e-14,4.594242208e-13,2.614566535e-13,9.527246072e-14,2.050509114e-13,8.83944347e-14,1.292215911e-13,4.891261731e-13,9.480131751e-14,2.255505504e-13,6.061717944e-13,5.477259001e-13,3.119200096e-13,3.843011213e-13,6.352765437e-13,2.516150114e-13,2.760264263e-13,6.092948647e-14,9.585054612e-14,7.937441869e-14,1.999130966e-13,1.457289019e-13,1.171950956e-13,9.48341503e-14,4.345017968e-13,4.342199719e-13,3.817993456e-14,5.43428623e-13,9.493691528e-14
61.2578125,7.625236356e-13,6.171255922e-13,3.216475858e-13,7.022446266e-14,4.615319671e-13,2.613746236e-13,9.651574538e-14,2.040901304e-13,8.766717009e-14,1.298308288e-13,4.882216284e-13,9.566719979e-14,2.276366068e-13,6.133989698e-13,5.564109847e-13,3.189955358e-13,3.886430159e-13,6.439640136e-13,2.529348187e-13,2.769821725e-13,6.090523934e-14,9.560486469e-14,7.997448228e-14,1.998663776e-13,1.482398803e-13,1.196713007e-13,9.595029188e-14,4.364398461e-13,4.393473986e-13,3.790755732e-14,5.432051402e-13,9.413861457e-14
61.265625,7.648056129e-13,6.202738086e-13,3.241769726e-13,6.95666548e-14,4.639378263e-13,2.614533903e-13,9.778549245e-14,2.031482498e-13,8.698481085e-14,1.304692934e-13,4.874313852e-13,9.664423259e-14,2.297850539e-13,6.210350393e-13,5.652511587e-13,3.262696634e-13,3.932094507e-13,6.528822459e-13,2.54383187e-13,2.776970676e-13,6.088093083e-14,9.5413944e-14,8.058287583e-14,1.997086094e-13,1.507650451e-13,1.221824282e-13,9.721406114e-14,4.383803805e-13,4.448048349e-13,3.767367286e-14,5.430800531e-13,9.333322954e-14
61.2734375,7.668529372e-13,6.230551227e-13,3.270350797e-13,6.8915097e-14,4.665083733e-13,2.615827345e-13,9.909501705e-14,2.022135906e-13,8.630178627e-14,1.311418812e-13,4.867107742e-13,9.76341168e-14,2.319567485e-13,6.287974361e-13,5.741086486e-13,3.33658437e-13,3.978103678e-13,6.618012017e-13,2.557876163e-13,2.78332105e-13,6.082364839e-14,9.523006693e-14,8.118418283e-14,1.99467666e-13,1.533190805e-13,1.24630341e-13,9.854548835e-14,4.401147101e-13,4.50321308e-13,3.746052117e-14,5.429823285e-13,9.250992383e-14
61.28125,7.684224723e-13,6.255848901e-13,3.296280704e-13,6.832008339e-14,4.685751405e-13,2.615420893e-13,1.003385002e-13,2.011884228e-13,8.552804666e-14,1.317541811e-13,4.857528875e-13,9.849405637e-14,2.339960418e-13,6.359764203e-13,5.827702147e-13,3.411000568e-13,4.023580105e-13,6.703881921e-13,2.569714233e-13,2.788319454e-13,6.07106673e-14,9.495906449e-14,8.176468605e-14,1.991137853e-13,1.558278622e-13,1.270939881e-13,9.991378526e-14,4.414982171e-13,4.556506245e-13,3.722263255e-14,5.424718157e-13,9.167270031e-14
61.2890625,7.699984883e-13,6.275382418e-13,3.320469007e-13,6.772586392e-14,4.703273794e-13,2.613179826e-13,1.015285597e-13,2.000726676e-13,8.468109119e-14,1.322821948e-13,4.844656206e-13,9.924086112e-14,2.360005975e-13,6.427172969e-13,5.912277656e-13,3.485817242e-13,4.069261891e-13,6.789069138e-13,2.580543653e-13,2.789860527e-13,6.054154957e-14,9.460448621e-14,8.233805237e-14,1.986534725e-13,1.583139937e-13,1.296332379e-13,1.01366116e-13,4.424929368e-13,4.608237999e-13,3.700280891e-14,5.416818445e-13,9.083127657e-14
61.296875,7.714408433e-13,6.29126138e-13,3.347548028e-13,6.716884415e-14,4.721597766e-13,2.610579408e-13,1.027311918e-13,1.989548719e-13,8.384380837e-14,1.328055479e-13,4.831374533e-13,9.999318279e-14,2.380951289e-13,6.493561101e-13,5.995282817e-13,3.559862155e-13,4.11381699e-13,6.874460917e-13,2.591693623e-13,2.790168031e-13,6.032247752e-14,9.4260681e-14,8.290760186e-14,1.98243708e-13,1.608210792e-13,1.32144035e-13,1.0292253e-13,4.434360856e-13,4.660861966e-13,3.683800929e-14,5.410624004e-13,8.998643219e-14
61.3046875,7.724425255e-13,6.31212232e-13,3.3755747e-13,6.672997836e-14,4.73840345e-13,2.607982058e-13,1.038729985e-13,1.978569194e-13,8.303918395e-14,1.333346577e-13,4.818431179e-13,1.008024947e-13,2.40129436e-13,6.557794275e-13,6.07627551e-13,3.632768796e-13,4.156475669e-13,6.955828926e-13,2.602616706e-13,2.791683095e-13,6.007738324e-14,9.39681361e-14,8.347003339e-14,1.979202583e-13,1.632425008e-13,1.345801112e-13,1.045895524e-13,4.446264427e-13,4.714709956e-13,3.668007781e-14,5.404235984e-13,8.914087081e-14
61.3125,7.736189721e-13,6.333977688e-13,3.402408959e-13,6.63440242e-14,4.754815752e-13,2.605475345e-13,1.049080586e-13,1.967521695e-13,8.227535492e-14,1.338107338e-13,4.804102161e-13,1.016434987e-13,2.420883703e-13,6.621636142e-13,6.153776617e-13,3.703876836e-13,4.198956155e-13,7.032918982e-13,2.613211118e-13,2.792154503e-13,5.983633993e-14,9.370319041e-14,8.401700628e-14,1.97555915e-13,1.655089147e-13,1.369580453e-13,1.06328461e-13,4.458049304e-13,4.767498968e-13,3.651755843e-14,5.395914111e-13,8.831487046e-14
61.3203125,7.751395639e-13,6.349791759e-13,3.429998527e-13,6.595882452e-14,4.773612946e-13,2.60322204e-13,1.059288109e-13,1.956241495e-13,8.154082212e-14,1.342701449e-13,4.788820948e-13,1.02467208e-13,2.441193474e-13,6.687071959e-13,6.22820211e-13,3.772697939e-13,4.24176325e-13,7.1090092e-13,2.624117749e-13,2.790724827e-13,5.960302909e-14,9.343873069e-14,8.452243918e-14,1.970944835e-13,1.677380235e-13,1.39241083e-13,1.080591554e-13,4.46756518e-13,4.819446706e-13,3.637814223e-14,5.387388448e-13,8.749766782e-14
61.328125,7.763251238e-13,6.36739746e-13,3.457859164e-13,6.563636887e-14,4.790612469e-13,2.600438715e-13,1.069717173e-13,1.944342558e-13,8.075060048e-14,1.347835969e-13,4.773179517e-13,1.032394665e-13,2.460928695e-13,6.750684884e-13,6.302999977e-13,3.842044473e-13,4.283902165e-13,7.183801068e-13,2.635008279e-13,2.789382482e-13,5.936367189e-14,9.314391705e-14,8.497352958e-14,1.965251312e-13,1.699928251e-13,1.414778075e-13,1.09767059e-13,4.476645827e-13,4.872373881e-13,3.624640886e-14,5.375993392e-13,8.664651486e-14
61.3359375,7.772340531e-13,6.388951312e-13,3.484821926e-13,6.541674765e-14,4.803883339e-13,2.596926654e-13,1.079879718e-13,1.931531436e-13,7.98726502e-14,1.353218941e-13,4.756050248e-13,1.039691259e-13,2.478763269e-13,6.811115277e-13,6.378050189e-13,3.912383445e-13,4.325101541e-13,7.256366725e-13,2.645253952e-13,2.786345512e-13,5.908152236e-14,9.280340583e-14,8.538965296e-14,1.957977825e-13,1.721878157e-13,1.437428839e-13,1.114801625e-13,4.485513778e-13,4.924820647e-13,3.611872193e-14,5.359864169e-13,8.575925272e-14
61.34375,7.782153503e-13,6.403640794e-13,3.512743111e-13,6.527661781e-14,4.817237924e-13,2.593311018e-13,1.089624191e-13,1.918119383e-13,7.898216375e-14,1.358304016e-13,4.737770743e-13,1.046810663e-13,2.496436034e-13,6.870126287e-13,6.448883736e-13,3.9794811e-13,4.365599446e-13,7.328621946e-13,2.654839029e-13,2.77889554e-13,5.872619778e-14,9.243614776e-14,8.580416987e-14,1.948830637e-13,1.743066649e-13,1.459674211e-13,1.132429619e-13,4.49273423e-13,4.975482911e-13,3.601555741e-14,5.343866482e-13,8.486374087e-14
61.3515625,7.789873833e-13,6.413381734e-13,3.54243378e-13,6.515723273e-14,4.830270723e-13,2.589301037e-13,1.098932572e-13,1.904784516e-13,7.811703931e-14,1.362905372e-13,4.719442966e-13,1.053841963e-13,2.514959864e-13,6.926537088e-13,6.516214659e-13,4.044542375e-13,4.406062192e-13,7.401328248e-13,2.663865991e-13,2.769882137e-13,5.834909692e-14,9.206035132e-14,8.623117232e-14,1.938720894e-13,1.76409461e-13,1.48130415e-13,1.151391112e-13,4.498705929e-13,5.027106802e-13,3.592987238e-14,5.330018696e-13,8.39752966e-14
61.359375,7.796875047e-13,6.42715341e-13,3.572686839e-13,6.500419443e-14,4.841409853e-13,2.584760639e-13,1.107938598e-13,1.892228972e-13,7.726744918e-14,1.367010466e-13,4.700291239e-13,1.06066769e-13,2.53359041e-13,6.980241789e-13,6.584179824e-13,4.112455791e-13,4.447025693e-13,7.472890127e-13,2.672598896e-13,2.762145254e-13,5.801301968e-14,9.168426653e-14,8.66360475e-14,1.929765661e-13,1.784833366e-13,1.502861663e-13,1.171745802e-13,4.503827841e-13,5.081338516e-13,3.585661263e-14,5.315589231e-13,8.310964258e-14
61.3671875,7.806410656e-13,6.440205015e-13,3.602654836e-13,6.481328194e-14,4.853088628e-13,2.580231485e-13,1.11699015e-13,1.88041964e-13,7.645367291e-14,1.371030798e-13,4.679459454e-13,1.067015039e-13,2.552093099e-13,7.033321481e-13,6.650539156e-13,4.180454288e-13,4.487539515e-13,7.541888135e-13,2.681267283e-13,2.753173157e-13,5.767790738e-14,9.131459403e-14,8.698522405e-14,1.922237827e-13,1.804915638e-13,1.523534162e-13,1.192662826e-13,4.507690919e-13,5.135695788e-13,3.579655008e-14,5.300248905e-13,8.226468194e-14
61.375,7.813010234e-13,6.44733317e-13,3.632158883e-13,6.46102436e-14,4.864518336e-13,2.575104017e-13,1.125738959e-13,1.868183864e-13,7.565579001e-14,1.375249955e-13,4.657425034e-13,1.07281948e-13,2.570093594e-13,7.084011769e-13,6.712031808e-13,4.244504385e-13,4.526304061e-13,7.607293158e-13,2.68938397e-13,2.741179396e-13,5.728942351e-14,9.093462349e-14,8.730390031e-14,1.913653205e-13,1.824408146e-13,1.543042775e-13,1.213920721e-13,4.510288792e-13,5.18824739e-13,3.573859243e-14,5.283887955e-13,8.141240072e-14
61.3828125,7.814488423e-13,6.452276461e-13,3.661971986e-13,6.446165439e-14,4.87295956e-13,2.568749155e-13,1.133721075e-13,1.854810374e-13,7.480863694e-14,1.379325417e-13,4.634651203e-13,1.078304133e-13,2.587472288e-13,7.130830947e-13,6.77138325e-13,4.307431802e-13,4.563407194e-13,7.669269792e-13,2.696585373e-13,2.728471403e-13,5.688255399e-14,9.052194002e-14,8.761675167e-14,1.90330308e-13,1.843368851e-13,1.562607049e-13,1.235903897e-13,4.511324736e-13,5.240216039e-13,3.569295937e-14,5.2653758e-13,8.054890843e-14
61.390625,7.816889527e-13,6.456447991e-13,3.692818501e-13,6.442523623e-14,4.880600978e-13,2.562122698e-13,1.141284368e-13,1.841168511e-13,7.393499192e-14,1.383107888e-13,4.610997977e-13,1.083707134e-13,2.605566341e-13,7.176702626e-13,6.829405987e-13,4.3702106e-13,4.599881023e-13,7.730088504e-13,2.703375315e-13,2.716347559e-13,5.648918933e-14,9.009343928e-14,8.790802413e-14,1.892773254e-13,1.861738644e-13,1.581800786e-13,1.258917185e-13,4.510704181e-13,5.29365445e-13,3.566610446e-14,5.246694832e-13,7.968944724e-14
61.3984375,7.819784615e-13,6.459404848e-13,3.724395289e-13,6.442955332e-14,4.888407973e-13,2.55574143e-13,1.148395989e-13,1.828028545e-13,7.310682372e-14,1.386451791e-13,4.586306679e-13,1.089261316e-13,2.624752627e-13,7.221661762e-13,6.882848089e-13,4.430127822e-13,4.636413146e-13,7.790609495e-13,2.709954599e-13,2.702994694e-13,5.606082984e-14,8.967407696e-14,8.817023523e-14,1.882095151e-13,1.879421935e-13,1.599688863e-13,1.28294495e-13,4.508890248e-13,5.349261442e-13,3.563757351e-14,5.229560121e-13,7.883798703e-14
61.40625,7.819777982e-13,6.461487653e-13,3.756489066e-13,6.440456404e-14,4.893368521e-13,2.549144063e-13,1.15471181e-13,1.814797225e-13,7.229864649e-14,1.388936897e-13,4.561038348e-13,1.094778954e-13,2.643495956e-13,7.262796944e-13,6.93308685e-13,4.489195839e-13,4.673094476e-13,7.848923812e-13,2.716027806e-13,2.686695567e-13,5.557534803e-14,8.925615167e-14,8.839843545e-14,1.870803384e-13,1.8965199e-13,1.617509977e-13,1.307691054e-13,4.505895262e-13,5.406136452e-13,3.561392653e-14,5.211857946e-13,7.800892486e-14
61.4140625,7.820245842e-13,6.461052613e-13,3.789296714e-13,6.438802775e-14,4.896573349e-13,2.542613583e-13,1.16095471e-13,1.800838374e-13,7.14516374e-14,1.391211755e-13,4.535911894e-13,1.09967487e-13,2.661237519e-13,7.30175924e-13,6.984199296e-13,4.550521543e-13,4.710113592e-13,7.904814908e-13,2.721977669e-13,2.668042728e-13,5.510607076e-14,8.883926925e-14,8.856592808e-14,1.859518333e-13,1.913505162e-13,1.635641092e-13,1.333400919e-13,4.50224358e-13,5.463138135e-13,3.561898374e-14,5.192316658e-13,7.721894722e-14
61.421875,7.820633483e-13,6.458265238e-13,3.823762586e-13,6.434572293e-14,4.900874115e-13,2.536262505e-13,1.167446117e-13,1.786475317e-13,7.059472552e-14,1.394027292e-13,4.510782736e-13,1.104157509e-13,2.679128603e-13,7.340796623e-13,7.03519395e-13,4.61185532e-13,4.746838423e-13,7.959683824e-13,2.72810701e-13,2.648459207e-13,5.468158002e-14,8.843571589e-14,8.865332314e-14,1.848200168e-13,1.930275862e-13,1.65275341e-13,1.360348033e-13,4.498044856e-13,5.520492312e-13,3.565197462e-14,5.172640151e-13,7.645802833e-14
61.4296875,7.815998752e-13,6.453421933e-13,3.860298661e-13,6.4251531e-14,4.904048053e-13,2.529191763e-13,1.173155528e-13,1.771955293e-13,6.976954557e-14,1.39628337e-13,4.485158094e-13,1.108772654e-13,2.69785975e-13,7.377279859e-13,7.082989179e-13,4.670952559e-13,4.781454693e-13,8.012542577e-13,2.733742087e-13,2.627805083e-13,5.422426505e-14,8.802324211e-14,8.866310164e-14,1.836654208e-13,1.946157128e-13,1.669405694e-13,1.387835308e-13,4.491303031e-13,5.579224396e-13,3.570370431e-14,5.153646187e-13,7.571637009e-14
61.4375,7.810764185e-13,6.445640221e-13,3.896361635e-13,6.4264017e-14,4.904946391e-13,2.521634718e-13,1.178049659e-13,1.75683926e-13,6.896758368e-14,1.3975518e-13,4.459462101e-13,1.113120033e-13,2.716708616e-13,7.410182933e-13,7.1277699e-13,4.729374959e-13,4.814384752e-13,8.062910931e-13,2.738871393e-13,2.605876015e-13,5.372242019e-14,8.759722388e-14,8.863460134e-14,1.824744167e-13,1.961481631e-13,1.686616822e-13,1.415806128e-13,4.482326824e-13,5.639351664e-13,3.57575475e-14,5.133987115e-13,7.500779407e-14
61.4453125,7.810015919e-13,6.438753728e-13,3.93092873e-13,6.441644074e-14,4.90653457e-13,2.514785819e-13,1.183133429e-13,1.741074891e-13,6.819719903e-14,1.399598218e-13,4.434067449e-13,1.117048676e-13,2.734808481e-13,7.44223059e-13,7.170877322e-13,4.788102512e-13,4.847552999e-13,8.113054195e-13,2.744141701e-13,2.583713568e-13,5.324830544e-14,8.720372026e-14,8.862006177e-14,1.81137087e-13,1.976879782e-13,1.703022037e-13,1.444906378e-13,4.474256995e-13,5.700057951e-13,3.580267375e-14,5.113356517e-13,7.434073379e-14
61.453125,7.807509239e-13,6.432758569e-13,3.967009167e-13,6.450070699e-14,4.907998954e-13,2.507986086e-13,1.188238717e-13,1.725132704e-13,6.746329337e-14,1.40270343e-13,4.407900005e-13,1.121024352e-13,2.752497582e-13,7.472843346e-13,7.211833855e-13,4.845687465e-13,4.879478212e-13,8.1623799e-13,2.748689695e-13,2.560573561e-13,5.279102006e-14,8.682567718e-14,8.858208802e-14,1.796865827e-13,1.991674414e-13,1.717557367e-13,1.47462209e-13,4.465870224e-13,5.761262626e-13,3.585638444e-14,5.093337647e-13,7.368936439e-14
61.4609375,7.800125671e-13,6.420554087e-13,4.004163527e-13,6.449220262e-14,4.906268577e-13,2.500156999e-13,1.192808351e-13,1.708732633e-13,6.672401116e-14,1.405301074e-13,4.379866618e-13,1.12449128e-13,2.770391742e-13,7.499851193e-13,7.249718714e-13,4.901318286e-13,4.90874595e-13,8.207720752e-13,2.751681269e-13,2.535050154e-13,5.231178801e-14,8.640487888e-14,8.843094314e-14,1.782753269e-13,2.005378129e-13,1.730944509e-13,1.50492596e-13,4.454084363e-13,5.823719397e-13,3.591486895e-14,5.073723992e-13,7.302655007e-14
61.46875,7.794197646e-13,6.40495071e-13,4.039579104e-13,6.457361901e-14,4.903137917e-13,2.4926318e-13,1.197073888e-13,1.691310875e-13,6.597512835e-14,1.407484214e-13,4.351015671e-13,1.126949569e-13,2.787829334e-13,7.525271744e-13,7.28495724e-13,4.955830576e-13,4.937873392e-13,8.249584652e-13,2.754423727e-13,2.508622967e-13,5.184709695e-14,8.598879034e-14,8.818304958e-14,1.768220865e-13,2.018558056e-13,1.743575255e-13,1.536778424e-13,4.441366467e-13,5.887930601e-13,3.595954926e-14,5.052536038e-13,7.237507469e-14
61.4765625,7.789842895e-13,6.393033726e-13,4.075629093e-13,6.475242571e-14,4.900252766e-13,2.486125777e-13,1.201070805e-13,1.673310025e-13,6.523948931e-14,1.409852192e-13,4.322940533e-13,1.129170496e-13,2.803980102e-13,7.550222733e-13,7.317997521e-13,5.009242211e-13,4.967357144e-13,8.289670148e-13,2.757379518e-13,2.482040521e-13,5.139935188e-14,8.561721754e-14,8.79234969e-14,1.752626529e-13,2.031085946e-13,1.755342815e-13,1.569389311e-13,4.429909829e-13,5.953271179e-13,3.601647382e-14,5.030221404e-13,7.175727257e-14
61.484375,7.782521525e-13,6.380268707e-13,4.113685171e-13,6.490165853e-14,4.895516419e-13,2.478853723e-13,1.204684012e-13,1.655194037e-13,6.447260498e-14,1.411616238e-13,4.294713405e-13,1.131169715e-13,2.819545833e-13,7.572164543e-13,7.348715409e-13,5.060914704e-13,4.995740977e-13,8.327395741e-13,2.759262612e-13,2.453976993e-13,5.094615211e-14,8.520350054e-14,8.768518289e-14,1.737683681e-13,2.042565683e-13,1.766100334e-13,1.601842153e-13,4.416925136e-13,6.018120465e-13,3.609297388e-14,5.008184269e-13,7.114090574e-14
61.4921875,7.775328835e-13,6.3634668e-13,4.149966461e-13,6.499329431e-14,4.889407356e-13,2.470809421e-13,1.208077839e-13,1.636676131e-13,6.365709954e-14,1.413096382e-13,4.26467178e-13,1.132231589e-13,2.835513454e-13,7.591289822e-13,7.378021378e-13,5.112050047e-13,5.024883496e-13,8.363259331e-13,2.760679834e-13,2.425150846e-13,5.054017582e-14,8.473531886e-14,8.746680131e-14,1.723168709e-13,2.053633337e-13,1.775305912e-13,1.63518446e-13,4.401806577e-13,6.082122183e-13,3.614748082e-14,4.985535676e-13,7.053025127e-14
61.5,7.769066688e-13,6.345731746e-13,4.184287822e-13,6.50763593e-14,4.883082409e-13,2.463360319e-13,1.211047382e-13,1.617973637e-13,6.286774966e-14,1.415391653e-13,4.233854327e-13,1.132692907e-13,2.851112913e-13,7.608479681e-13,7.405850537e-13,5.163352547e-13,5.054080712e-13,8.3968866e-13,2.762605142e-13,2.396212452e-13,5.018718839e-14,8.430144132e-14,8.722483853e-14,1.707288646e-13,2.064311539e-13,1.783075881e-13,1.66942641e-13,4.38645613e-13,6.147084268e-13,3.618720653e-14,4.961811306e-13,6.998468182e-14
61.5078125,7.756819852e-13,6.324734394e-13,4.219777366e-13,6.522214552e-14,4.873536697e-13,2.455287738e-13,1.213540665e-13,1.599686222e-13,6.212328722e-14,1.417441988e-13,4.203923887e-13,1.1328361e-13,2.865015301e-13,7.620663131e-13,7.429872926e-13,5.213067051e-13,5.078659513e-13,8.424991107e-13,2.763217436e-13,2.366195422e-13,4.980682708e-14,8.386907588e-14,8.686537737e-14,1.690919939e-13,2.073562172e-13,1.790225063e-13,1.703375165e-13,4.369750617e-13,6.213404631e-13,3.624938085e-14,4.93803541e-13,6.948783611e-14
61.515625,7.740347329e-13,6.299782401e-13,4.256684358e-13,6.546042833e-14,4.861193712e-13,2.446681045e-13,1.216096314e-13,1.581443753e-13,6.13721753e-14,1.41822667e-13,4.174256387e-13,1.132541821e-13,2.878085282e-13,7.628810017e-13,7.45117324e-13,5.261388168e-13,5.100371577e-13,8.449025422e-13,2.762116885e-13,2.33583603e-13,4.940821134e-14,8.338679465e-14,8.637909825e-14,1.675165911e-13,2.081462594e-13,1.796665711e-13,1.737444823e-13,4.351037459e-13,6.279406354e-13,3.63205316e-14,4.914192349e-13,6.898697863e-14
61.5234375,7.72809784e-13,6.274721967e-13,4.294898164e-13,6.569131152e-14,4.850913814e-13,2.440565719e-13,1.218730187e-13,1.562686548e-13,6.062255517e-14,1.419024527e-13,4.144040963e-13,1.132358987e-13,2.891982948e-13,7.638848863e-13,7.473994274e-13,5.310422434e-13,5.12444639e-13,8.473941547e-13,2.761819849e-13,2.305049774e-13,4.906340451e-14,8.293884964e-14,8.585859985e-14,1.658957424e-13,2.088878522e-13,1.801886659e-13,1.77243646e-13,4.332220855e-13,6.345879279e-13,3.638856081e-14,4.889851536e-13,6.852119084e-14
61.53125,7.717582333e-13,6.24829569e-13,4.333662377e-13,6.582364271e-14,4.840515829e-13,2.435599066e-13,1.221112033e-13,1.543922493e-13,5.989902819e-14,1.420460534e-13,4.113811011e-13,1.131999303e-13,2.905482948e-13,7.649037337e-13,7.497239872e-13,5.359415522e-13,5.149303282e-13,8.497438724e-13,2.761850835e-13,2.272218358e-13,4.875981612e-14,8.252788369e-14,8.533277224e-14,1.642372089e-13,2.095666618e-13,1.806085032e-13,1.808080706e-13,4.313050459e-13,6.415054317e-13,3.646720483e-14,4.864685231e-13,6.812894049e-14
61.5390625,7.702977587e-13,6.220183508e-13,4.37001208e-13,6.589372595e-14,4.82461703e-13,2.427800819e-13,1.223439194e-13,1.525663229e-13,5.916961648e-14,1.42162646e-13,4.083631119e-13,1.130401381e-13,2.916615255e-13,7.652966119e-13,7.516592533e-13,5.407049243e-13,5.171977756e-13,8.515222776e-13,2.759581471e-13,2.238859578e-13,4.846130625e-14,8.204146715e-14,8.475311805e-14,1.626847418e-13,2.101488417e-13,1.809487539e-13,1.843920449e-13,4.292072178e-13,6.485572142e-13,3.654245319e-14,4.837986111e-13,6.776211794e-14
61.546875,7.687827147e-13,6.191997909e-13,4.404708376e-13,6.594540758e-14,4.806828954e-13,2.419108939e-13,1.225863811e-13,1.507233611e-13,5.841706314e-14,1.422437537e-13,4.053214602e-13,1.128203392e-13,2.926960643e-13,7.65299236e-13,7.532360945e-13,5.453568917e-13,5.193647201e-13,8.53042313e-13,2.756049644e-13,2.206027579e-13,4.818041948e-14,8.151129223e-14,8.410909766e-14,1.611873249e-13,2.106765733e-13,1.811847676e-13,1.879638594e-13,4.269918903e-13,6.554837534e-13,3.65965955e-14,4.81079773e-13,6.739070667e-14
61.5546875,7.674462741e-13,6.160025079e-13,4.440689505e-13,6.604104898e-14,4.791662821e-13,2.412830938e-13,1.228311011e-13,1.487958349e-13,5.766964893e-14,1.423243383e-13,4.023502835e-13,1.126191603e-13,2.938376131e-13,7.65390901e-13,7.546055683e-13,5.497611656e-13,5.214112625e-13,8.544719974e-13,2.753082453e-13,2.171874945e-13,4.792352541e-14,8.103689287e-14,8.342407511e-14,1.595691184e-13,2.111606287e-13,1.812898871e-13,1.915739443e-13,4.247690446e-13,6.623271571e-13,3.663689235e-14,4.784474034e-13,6.704518282e-14
61.5625,7.658779045e-13,6.125397714e-13,4.476254339e-13,6.627755701e-14,4.774703443e-13,2.40683854e-13,1.230614275e-13,1.468509458e-13,5.695477414e-14,1.42389978e-13,3.995313644e-13,1.123395509e-13,2.948893424e-13,7.652168072e-13,7.556678604e-13,5.538834607e-13,5.232001913e-13,8.553710353e-13,2.749297691e-13,2.137634332e-13,4.76845225e-14,8.057397818e-14,8.269608749e-14,1.578115249e-13,2.115372328e-13,1.812998342e-13,1.953115085e-13,4.225917015e-13,6.692317028e-13,3.667168845e-14,4.757030646e-13,6.675995032e-14
61.5703125,7.640410591e-13,6.093232831e-13,4.510149946e-13,6.658033463e-14,4.752848454e-13,2.399141918e-13,1.23219558e-13,1.449785708e-13,5.628249959e-14,1.424631864e-13,3.967745856e-13,1.119607773e-13,2.957123733e-13,7.644304519e-13,7.564984454e-13,5.5808044e-13,5.248967272e-13,8.558029994e-13,2.744081554e-13,2.105041535e-13,4.74690399e-14,8.006488448e-14,8.191216607e-14,1.560590359e-13,2.117974471e-13,1.81317276e-13,1.991193226e-13,4.204308173e-13,6.762510815e-13,3.67213513e-14,4.727284942e-13,6.654898148e-14
61.578125,7.622590624e-13,6.058709516e-13,4.54505464e-13,6.680408888e-14,4.730197833e-13,2.391223628e-13,1.23314773e-13,1.431620618e-13,5.564481247e-14,1.425529426e-13,3.940037506e-13,1.115860801e-13,2.965544725e-13,7.634400966e-13,7.57362099e-13,5.625668597e-13,5.26692668e-13,8.563102032e-13,2.739167862e-13,2.07182454e-13,4.727656887e-14,7.955489604e-14,8.109252671e-14,1.54431641e-13,2.120578804e-13,1.813679607e-13,2.029556843e-13,4.181406777e-13,6.834368792e-13,3.680116623e-14,4.698510868e-13,6.638442233e-14
61.5859375,7.605329518e-13,6.018849214e-13,4.580827459e-13,6.701061768e-14,4.708661791e-13,2.383421809e-13,1.23460815e-13,1.413537492e-13,5.502177246e-14,1.426042829e-13,3.912918113e-13,1.11209652e-13,2.975452859e-13,7.626043799e-13,7.58298168e-13,5.671702844e-13,5.285204568e-13,8.567982846e-13,2.734651938e-13,2.03748848e-13,4.711378487e-14,7.906635486e-14,8.0275798e-14,1.528916617e-13,2.123979098e-13,1.813415178e-13,2.069289708e-13,4.157003538e-13,6.907858427e-13,3.687758135e-14,4.672530011e-13,6.622276017e-14
61.59375,7.587153854e-13,5.980247958e-13,4.615208261e-13,6.729141732e-14,4.686072832e-13,2.37480581e-13,1.236618802e-13,1.395263939e-13,5.439320828e-14,1.42619032e-13,3.886503832e-13,1.107770298e-13,2.98456616e-13,7.617205632e-13,7.590609359e-13,5.715634009e-13,5.301580128e-13,8.567498511e-13,2.729029924e-13,2.003685357e-13,4.700002966e-14,7.856068176e-14,7.944748025e-14,1.513232146e-13,2.12685793e-13,1.811518011e-13,2.109870406e-13,4.132232942e-13,6.981351932e-13,3.692411023e-14,4.646833152e-13,6.606734356e-14
61.6015625,7.568188761e-13,5.942802013e-13,4.648912921e-13,6.760774406e-14,4.662160717e-13,2.366040223e-13,1.238185878e-13,1.376486195e-13,5.374636001e-14,1.426413307e-13,3.859674032e-13,1.102983298e-13,2.991770395e-13,7.605415327e-13,7.593844145e-13,5.754607756e-13,5.314651859e-13,8.560946764e-13,2.722238056e-13,1.96969193e-13,4.692150521e-14,7.802647472e-14,7.855890208e-14,1.497140397e-13,2.127647894e-13,1.807969158e-13,2.149523496e-13,4.107086499e-13,7.052806113e-13,3.696341726e-14,4.619900666e-13,6.593374842e-14
61.609375,7.549669052e-13,5.902283408e-13,4.682755576e-13,6.793591673e-14,4.637881113e-13,2.358154497e-13,1.239552297e-13,1.35742383e-13,5.310077417e-14,1.426606215e-13,3.8325914e-13,1.09787843e-13,2.998570712e-13,7.591525824e-13,7.593968584e-13,5.790808322e-13,5.32638447e-13,8.551694806e-13,2.715369352e-13,1.935551962e-13,4.684248859e-14,7.74986447e-14,7.762568519e-14,1.481172373e-13,2.127228904e-13,1.803029456e-13,2.188947949e-13,4.0817249e-13,7.123018819e-13,3.700225089e-14,4.592935324e-13,6.581790161e-14
61.6171875,7.532129445e-13,5.861286414e-13,4.716625276e-13,6.822730255e-14,4.613531325e-13,2.350840388e-13,1.241502362e-13,1.338593844e-13,5.249063568e-14,1.426610971e-13,3.806765429e-13,1.092802883e-13,3.005109169e-13,7.577636045e-13,7.595122821e-13,5.829499708e-13,5.339278635e-13,8.542399329e-13,2.708964831e-13,1.902302508e-13,4.67627487e-14,7.701152665e-14,7.668648263e-14,1.465036357e-13,2.127093046e-13,1.797282997e-13,2.229418334e-13,4.056928632e-13,7.195984824e-13,3.702734284e-14,4.566868605e-13,6.573661447e-14
61.625,7.513627895e-13,5.820211183e-13,4.751418428e-13,6.840600073e-14,4.58918491e-13,2.343097444e-13,1.24367142e-13,1.319874956e-13,5.190974481e-14,1.426500271e-13,3.782551178e-13,1.087820983e-13,3.009479826e-13,7.563086892e-13,7.596818335e-13,5.869087898e-13,5.351594308e-13,8.53190081e-13,2.702502168e-13,1.868546228e-13,4.670531267e-14,7.655394613e-14,7.57225849e-14,1.448363495e-13,2.126663706e-13,1.79097775e-13,2.270065699e-13,4.031902504e-13,7.272930914e-13,3.705091967e-14,4.541366063e-13,6.570350818e-14
61.6328125,7.492538767e-13,5.776327786e-13,4.786009934e-13,6.853584118e-14,4.563212964e-13,2.334474014e-13,1.24546633e-13,1.301253162e-13,5.133722872e-14,1.426335968e-13,3.759088697e-13,1.081921362e-13,3.011030291e-13,7.544601686e-13,7.594593993e-13,5.904337787e-13,5.360914529e-13,8.516447714e-13,2.694839486e-13,1.833968412e-13,4.668206318e-14,7.608380769e-14,7.473677329e-14,1.431679754e-13,2.125011768e-13,1.783675655e-13,2.310636413e-13,4.006019621e-13,7.350172395e-13,3.707414136e-14,4.515174016e-13,6.571006612e-14
61.640625,7.470886842e-13,5.731840377e-13,4.818533975e-13,6.872771425e-14,4.534574278e-13,2.325550638e-13,1.247116024e-13,1.283136866e-13,5.077692334e-14,1.426249496e-13,3.735828174e-13,1.074868873e-13,3.011263456e-13,7.52214054e-13,7.588009607e-13,5.936292803e-13,5.368408091e-13,8.495524994e-13,2.685659481e-13,1.800321983e-13,4.669335e-14,7.559148019e-14,7.376795604e-14,1.415456275e-13,2.122589395e-13,1.77530963e-13,2.352151611e-13,3.980257214e-13,7.42590087e-13,3.708054903e-14,4.4877035e-13,6.576902659e-14
61.6484375,7.450597411e-13,5.688368232e-13,4.851200831e-13,6.903116653e-14,4.505976508e-13,2.316937071e-13,1.249229773e-13,1.265365375e-13,5.023209239e-14,1.426051853e-13,3.712966915e-13,1.067856927e-13,3.011899732e-13,7.499830973e-13,7.579810233e-13,5.967464563e-13,5.375324683e-13,8.472516825e-13,2.675987994e-13,1.767075431e-13,4.671297603e-14,7.510072861e-14,7.2781773e-14,1.39976387e-13,2.119723252e-13,1.76597071e-13,2.394100423e-13,3.954922906e-13,7.502094582e-13,3.708590274e-14,4.461150325e-13,6.5873726e-14
61.65625,7.430214184e-13,5.643893825e-13,4.88579892e-13,6.942352868e-14,4.478608829e-13,2.308276777e-13,1.252058526e-13,1.247673062e-13,4.970782849e-14,1.425480281e-13,3.691282559e-13,1.061130603e-13,3.013236897e-13,7.478592587e-13,7.570890085e-13,5.996883241e-13,5.381009288e-13,8.448633159e-13,2.666492024e-13,1.732915564e-13,4.670685959e-14,7.46210518e-14,7.172958432e-14,1.384579014e-13,2.116117685e-13,1.755413868e-13,2.435808761e-13,3.929719916e-13,7.579746354e-13,3.710390364e-14,4.437668902e-13,6.598205365e-14
61.6640625,7.4078747e-13,5.597256711e-13,4.920464473e-13,6.973337562e-14,4.449762314e-13,2.29905684e-13,1.255258761e-13,1.230124127e-13,4.920772108e-14,1.425187639e-13,3.671333752e-13,1.054007062e-13,3.013938987e-13,7.455109539e-13,7.560980507e-13,6.024840378e-13,5.384995594e-13,8.422073032e-13,2.65657876e-13,1.698481981e-13,4.670336697e-14,7.414419054e-14,7.065548912e-14,1.369224953e-13,2.111967635e-13,1.743963345e-13,2.478187434e-13,3.904655515e-13,7.658956047e-13,3.711415723e-14,4.41556869e-13,6.610983473e-14
61.671875,7.383397492e-13,5.548227668e-13,4.955327681e-13,6.989602333e-14,4.419043801e-13,2.28968012e-13,1.25859851e-13,1.212498447e-13,4.870403397e-14,1.425743192e-13,3.652931134e-13,1.046595875e-13,3.012804011e-13,7.42853824e-13,7.549239825e-13,6.051665772e-13,5.386925218e-13,8.391981685e-13,2.645779109e-13,1.66437585e-13,4.675786597e-14,7.366157793e-14,6.96011241e-14,1.353181068e-13,2.107528753e-13,1.732034623e-13,2.520761673e-13,3.879527948e-13,7.739682951e-13,3.711669989e-14,4.392472061e-13,6.629261579e-14
61.6796875,7.357758719e-13,5.498880611e-13,4.991566176e-13,7.013530614e-14,4.387998328e-13,2.28075109e-13,1.262309829e-13,1.19495012e-13,4.820129454e-14,1.426403424e-13,3.635866047e-13,1.039013352e-13,3.010362949e-13,7.400403791e-13,7.534400976e-13,6.075785564e-13,5.386811926e-13,8.358806822e-13,2.634511919e-13,1.630482835e-13,4.685090143e-14,7.317845798e-14,6.854037448e-14,1.337236503e-13,2.102531939e-13,1.719402194e-13,2.561780081e-13,3.855005667e-13,7.820095381e-13,3.712849848e-14,4.368805743e-13,6.65008592e-14
61.6875,7.332401817e-13,5.451656319e-13,5.027044811e-13,7.052768119e-14,4.355756409e-13,2.271738723e-13,1.266407729e-13,1.177782229e-13,4.775042719e-14,1.426547817e-13,3.619821621e-13,1.030776574e-13,3.007365566e-13,7.370472208e-13,7.517038923e-13,6.098072183e-13,5.385769623e-13,8.323216257e-13,2.622984575e-13,1.5966301e-13,4.693583832e-14,7.271208603e-14,6.746683525e-14,1.321731258e-13,2.096975107e-13,1.70611664e-13,2.602091981e-13,3.83179625e-13,7.899760002e-13,3.713397758e-14,4.345389682e-13,6.672866442e-14
61.6953125,7.307373915e-13,5.403835359e-13,5.061268578e-13,7.093536647e-14,4.322228838e-13,2.261873667e-13,1.270842076e-13,1.160196653e-13,4.732713719e-14,1.426616576e-13,3.604113975e-13,1.02195306e-13,3.00335549e-13,7.338309821e-13,7.49842303e-13,6.119726661e-13,5.383792612e-13,8.285525367e-13,2.610676037e-13,1.562482641e-13,4.704207674e-14,7.225058363e-14,6.640697504e-14,1.305953998e-13,2.091163609e-13,1.691998594e-13,2.643309903e-13,3.808760965e-13,7.980721513e-13,3.711864326e-14,4.322091885e-13,6.700774849e-14
61.703125,7.281108688e-13,5.353779726e-13,5.097115872e-13,7.13771546e-14,4.288799228e-13,2.251788411e-13,1.27586134e-13,1.142142666e-13,4.686254599e-14,1.426833055e-13,3.589031076e-13,1.013063144e-13,2.998122103e-13,7.304742303e-13,7.479213758e-13,6.14029888e-13,5.379966871e-13,8.244960351e-13,2.597433925e-13,1.528734468e-13,4.722231554e-14,7.175748957e-14,6.535394555e-14,1.290333024e-13,2.084975085e-13,1.676435814e-13,2.684534104e-13,3.785477885e-13,8.062828931e-13,3.710619815e-14,4.299475665e-13,6.73129639e-14
61.7109375,7.253018939e-13,5.304375372e-13,5.135183858e-13,7.186670434e-14,4.254558283e-13,2.24224306e-13,1.281420208e-13,1.12509601e-13,4.638285205e-14,1.426961202e-13,3.575468009e-13,1.00429792e-13,2.99229358e-13,7.270490249e-13,7.461646161e-13,6.16292578e-13,5.375539675e-13,8.201885075e-13,2.583950989e-13,1.496537367e-13,4.74635031e-14,7.124122213e-14,6.427271864e-14,1.275571576e-13,2.078342602e-13,1.660403784e-13,2.725410588e-13,3.762793632e-13,8.145459857e-13,3.711918099e-14,4.278543139e-13,6.764121827e-14
61.71875,7.224378313e-13,5.254172901e-13,5.174296647e-13,7.2300811e-14,4.219228623e-13,2.23279919e-13,1.28751578e-13,1.108881048e-13,4.595244569e-14,1.427103476e-13,3.563033172e-13,9.956062384e-14,2.98602626e-13,7.23637531e-13,7.446656337e-13,6.189785697e-13,5.372288608e-13,8.158706636e-13,2.57065369e-13,1.464551865e-13,4.772312725e-14,7.07465162e-14,6.315353938e-14,1.260722211e-13,2.071868067e-13,1.645149328e-13,2.767392291e-13,3.739965539e-13,8.230785055e-13,3.714137564e-14,4.259411439e-13,6.80544632e-14
61.7265625,7.196439244e-13,5.200735808e-13,5.213854848e-13,7.272322523e-14,4.184521952e-13,2.223203448e-13,1.294542803e-13,1.092019468e-13,4.557450397e-14,1.427380559e-13,3.55104055e-13,9.8662847e-14,2.978654608e-13,7.202324398e-13,7.430046062e-13,6.215316125e-13,5.36948744e-13,8.11528227e-13,2.557005044e-13,1.430558962e-13,4.799043445e-14,7.02795401e-14,6.202974776e-14,1.245247147e-13,2.065852359e-13,1.629496465e-13,2.80995568e-13,3.71675209e-13,8.318903372e-13,3.71396426e-14,4.240642159e-13,6.853256303e-14
61.734375,7.167856526e-13,5.148176214e-13,5.25290088e-13,7.319475515e-14,4.148998774e-13,2.213556997e-13,1.302242804e-13,1.074677151e-13,4.521354133e-14,1.427788836e-13,3.539962238e-13,9.769952301e-14,2.969421676e-13,7.166319295e-13,7.408925245e-13,6.235901168e-13,5.365747099e-13,8.068726584e-13,2.542322874e-13,1.395955328e-13,4.828051997e-14,6.98068429e-14,6.093306599e-14,1.229814271e-13,2.059628722e-13,1.612517111e-13,2.851212394e-13,3.694879686e-13,8.406894245e-13,3.711899318e-14,4.220418508e-13,6.899834347e-14
61.7421875,7.135631264e-13,5.098237687e-13,5.292704903e-13,7.366948049e-14,4.110584052e-13,2.203698298e-13,1.310117277e-13,1.057354218e-13,4.48161054e-14,1.428662179e-13,3.530519623e-13,9.671435809e-14,2.95880651e-13,7.128070441e-13,7.386959149e-13,6.255976411e-13,5.361011885e-13,8.019011646e-13,2.52694371e-13,1.363698386e-13,4.861832713e-14,6.931390212e-14,5.985714353e-14,1.214308554e-13,2.052839349e-13,1.595578009e-13,2.891557037e-13,3.674379257e-13,8.49442157e-13,3.712065508e-14,4.200066748e-13,6.946525408e-14
61.75,7.100747067e-13,5.046992602e-13,5.335348708e-13,7.416627835e-14,4.071723835e-13,2.194099689e-13,1.318539646e-13,1.039986723e-13,4.43681662e-14,1.429945011e-13,3.52301613e-13,9.575806963e-14,2.94841554e-13,7.089819061e-13,7.36740551e-13,6.278360969e-13,5.355464936e-13,7.96774018e-13,2.511816182e-13,1.332771746e-13,4.901747913e-14,6.882291853e-14,5.879757515e-14,1.198879516e-13,2.046142136e-13,1.579156598e-13,2.932373151e-13,3.653833921e-13,8.583110555e-13,3.714044502e-14,4.18257717e-13,6.997333443e-14
61.7578125,7.067337995e-13,4.99358481e-13,5.377660262e-13,7.46645967e-14,4.033612292e-13,2.184645217e-13,1.327591617e-13,1.02343773e-13,4.393922879e-14,1.430796392e-13,3.51675493e-13,9.477317915e-14,2.937697581e-13,7.050875785e-13,7.347418542e-13,6.300376624e-13,5.348693023e-13,7.913400332e-13,2.496506481e-13,1.300175904e-13,4.94438272e-14,6.834445869e-14,5.777270344e-14,1.18486083e-13,2.039742705e-13,1.562078852e-13,2.973140986e-13,3.632957658e-13,8.6726717e-13,3.71285789e-14,4.166472454e-13,7.051000486e-14
61.765625,7.034957813e-13,4.940097588e-13,5.416687045e-13,7.511709974e-14,3.993127425e-13,2.173916485e-13,1.336558337e-13,1.007834733e-13,4.356044326e-14,1.431112004e-13,3.510308451e-13,9.370419138e-14,2.924223224e-13,7.008205073e-13,7.323166725e-13,6.319411274e-13,5.340364785e-13,7.854675299e-13,2.479668868e-13,1.266727145e-13,4.985779623e-14,6.785551712e-14,5.678199562e-14,1.172042192e-13,2.032758884e-13,1.544157836e-13,3.012459862e-13,3.612091652e-13,8.761765345e-13,3.709690801e-14,4.148474566e-13,7.106962364e-14
61.7734375,7.001165593e-13,4.888514862e-13,5.456570224e-13,7.562910642e-14,3.950568393e-13,2.162632658e-13,1.345311003e-13,9.918837927e-14,4.318649672e-14,1.431780442e-13,3.504559381e-13,9.262526296e-14,2.90888116e-13,6.96351868e-13,7.296157068e-13,6.335668484e-13,5.331098097e-13,7.794444478e-13,2.462248486e-13,1.235292082e-13,5.029391855e-14,6.737038033e-14,5.580526432e-14,1.158733118e-13,2.024854596e-13,1.526072744e-13,3.050928038e-13,3.59256856e-13,8.850846269e-13,3.710674754e-14,4.130528474e-13,7.165476398e-14
61.78125,6.967584101e-13,4.84011539e-13,5.500683645e-13,7.62207486e-14,3.909883946e-13,2.152706596e-13,1.354405973e-13,9.758942583e-14,4.282436089e-14,1.432995855e-13,3.502053367e-13,9.160934145e-14,2.894179458e-13,6.921120893e-13,7.270913407e-13,6.35153073e-13,5.32138423e-13,7.735291443e-13,2.446044781e-13,1.20590769e-13,5.079637868e-14,6.693604774e-14,5.48263387e-14,1.14483828e-13,2.016872157e-13,1.508028306e-13,3.090919237e-13,3.57541577e-13,8.942861288e-13,3.715288631e-14,4.115518955e-13,7.226418867e-14
61.7890625,6.933849736e-13,4.791581141e-13,5.546251022e-13,7.679588912e-14,3.870169399e-13,2.142474557e-13,1.364288148e-13,9.609840168e-14,4.249053347e-14,1.43436712e-13,3.501902216e-13,9.058818168e-14,2.878364785e-13,6.879052877e-13,7.247366365e-13,6.368016071e-13,5.310099423e-13,7.675443262e-13,2.42947455e-13,1.177122757e-13,5.132771952e-14,6.650467265e-14,5.383739479e-14,1.131294822e-13,2.009266396e-13,1.4899875e-13,3.132622891e-13,3.55865226e-13,9.038609869e-13,3.718754162e-14,4.10114167e-13,7.291985486e-14
61.796875,6.897244099e-13,4.74063792e-13,5.590287345e-13,7.745209806e-14,3.82782428e-13,2.129879943e-13,1.374926867e-13,9.464283441e-14,4.212345274e-14,1.435975709e-13,3.501156609e-13,8.948290454e-14,2.85935463e-13,6.832849653e-13,7.221195557e-13,6.383270342e-13,5.297596522e-13,7.612979492e-13,2.410719172e-13,1.148833742e-13,5.185069148e-14,6.598788317e-14,5.287208025e-14,1.11803244e-13,2.001554431e-13,1.471690774e-13,3.173468216e-13,3.54127387e-13,9.133247339e-13,3.721567573e-14,4.084983766e-13,7.36059842e-14
61.8046875,6.861273688e-13,4.692963598e-13,5.6327506e-13,7.82709864e-14,3.784493582e-13,2.116943866e-13,1.385838658e-13,9.315858258e-14,4.171671642e-14,1.437784086e-13,3.500015085e-13,8.835450301e-14,2.839709622e-13,6.785493121e-13,7.192229769e-13,6.397131499e-13,5.287254888e-13,7.549632213e-13,2.391928822e-13,1.120907953e-13,5.239096997e-14,6.543893955e-14,5.198796906e-14,1.104766439e-13,1.993598694e-13,1.452789343e-13,3.212985333e-13,3.525732917e-13,9.224601302e-13,3.726336934e-14,4.069005258e-13,7.426707168e-14
61.8125,6.828685592e-13,4.649909097e-13,5.675677654e-13,7.911592885e-14,3.742963184e-13,2.105112753e-13,1.397031294e-13,9.171391465e-14,4.13500864e-14,1.439499241e-13,3.50011009e-13,8.728064151e-14,2.821004029e-13,6.741388909e-13,7.163508099e-13,6.41048558e-13,5.278508384e-13,7.486534405e-13,2.374394659e-13,1.092482227e-13,5.295902818e-14,6.495483378e-14,5.116338307e-14,1.091674088e-13,1.985769585e-13,1.433680427e-13,3.253337042e-13,3.512295954e-13,9.318861066e-13,3.732427513e-14,4.055236843e-13,7.492787894e-14
61.8203125,6.793612646e-13,4.604379196e-13,5.721403785e-13,7.995745984e-14,3.700964478e-13,2.092514544e-13,1.40891917e-13,9.033241289e-14,4.102963274e-14,1.44110486e-13,3.501918564e-13,8.621800987e-14,2.800893781e-13,6.697136258e-13,7.134090164e-13,6.421590796e-13,5.266048017e-13,7.421377515e-13,2.355875144e-13,1.064141001e-13,5.354638214e-14,6.449496129e-14,5.031542491e-14,1.078656565e-13,1.977916224e-13,1.415042297e-13,3.294854883e-13,3.49892361e-13,9.419664077e-13,3.739759052e-14,4.042872409e-13,7.565070875e-14
61.828125,6.753662516e-13,4.557108371e-13,5.769194146e-13,8.087961745e-14,3.656805035e-13,2.078564081e-13,1.421168688e-13,8.899803567e-14,4.069923213e-14,1.442415877e-13,3.506518884e-13,8.511881362e-14,2.778715951e-13,6.649828578e-13,7.103046793e-13,6.430863309e-13,5.250343709e-13,7.353753441e-13,2.335967831e-13,1.037697437e-13,5.416594484e-14,6.399652808e-14,4.944310738e-14,1.065629431e-13,1.96978232e-13,1.39667349e-13,3.336474473e-13,3.486199452e-13,9.522496469e-13,3.749681013e-14,4.030724973e-13,7.640537223e-14
61.8359375,6.713652598e-13,4.514092105e-13,5.817080212e-13,8.186239165e-14,3.612849129e-13,2.064567587e-13,1.433645061e-13,8.770054789e-14,4.034535017e-14,1.443524112e-13,3.514262695e-13,8.401325426e-14,2.756226032e-13,6.602528283e-13,7.072905142e-13,6.44119543e-13,5.236585204e-13,7.28626969e-13,2.316258727e-13,1.013127743e-13,5.479365544e-14,6.348605847e-14,4.862452132e-14,1.053035942e-13,1.96179094e-13,1.378048083e-13,3.37860231e-13,3.475061343e-13,9.624595555e-13,3.760387152e-14,4.018569629e-13,7.714706954e-14
61.84375,6.67372688e-13,4.471576706e-13,5.865364895e-13,8.296606574e-14,3.569326144e-13,2.050381605e-13,1.446799899e-13,8.639856948e-14,3.997880497e-14,1.445095097e-13,3.522885736e-13,8.289911078e-14,2.733586905e-13,6.555003515e-13,7.042611113e-13,6.451325067e-13,5.223710211e-13,7.218536999e-13,2.296110667e-13,9.885230014e-14,5.537930694e-14,6.29773042e-14,4.787960678e-14,1.041068375e-13,1.954183243e-13,1.359643146e-13,3.421733504e-13,3.464418677e-13,9.727814462e-13,3.769523517e-14,4.006107628e-13,7.792233036e-14
61.8515625,6.631218209e-13,4.42561255e-13,5.914500878e-13,8.428813259e-14,3.524120583e-13,2.035220255e-13,1.460065465e-13,8.511736185e-14,3.963002165e-14,1.446680095e-13,3.531404015e-13,8.175144231e-14,2.709761929e-13,6.504333896e-13,7.009312946e-13,6.459748688e-13,5.208419449e-13,7.148946514e-13,2.274821254e-13,9.63218944e-14,5.594006365e-14,6.245825256e-14,4.715959836e-14,1.02927175e-13,1.946657633e-13,1.342411109e-13,3.465322631e-13,3.454087735e-13,9.832648849e-13,3.780201824e-14,3.993369525e-13,7.878027093e-14
61.859375,6.587922449e-13,4.381591176e-13,5.964905802e-13,8.561081637e-14,3.478212201e-13,2.019368468e-13,1.472972404e-13,8.392004484e-14,3.93357972e-14,1.447285715e-13,3.541647572e-13,8.061829088e-14,2.684393149e-13,6.45295942e-13,6.975525147e-13,6.468715455e-13,5.192812735e-13,7.079254301e-13,2.253532037e-13,9.38502147e-14,5.652916102e-14,6.195020057e-14,4.644313802e-14,1.017306305e-13,1.939075536e-13,1.325886531e-13,3.508882067e-13,3.444590434e-13,9.93840609e-13,3.796552538e-14,3.981407518e-13,7.967637514e-14
61.8671875,6.54445278e-13,4.341105113e-13,6.017556714e-13,8.671126081e-14,3.433526197e-13,2.003241953e-13,1.486403262e-13,8.275113033e-14,3.905213804e-14,1.447576274e-13,3.553924692e-13,7.952625957e-14,2.658002675e-13,6.403353796e-13,6.942983523e-13,6.477650617e-13,5.177739302e-13,7.009325611e-13,2.232194589e-13,9.154565303e-14,5.716059093e-14,6.144838921e-14,4.573562036e-14,1.005282063e-13,1.931131338e-13,1.308390749e-13,3.551844522e-13,3.435340032e-13,1.004466834e-12,3.815728729e-14,3.970347435e-13,8.053301148e-14
61.875,6.498288543e-13,4.299193071e-13,6.071367289e-13,8.782589865e-14,3.389373678e-13,1.987078611e-13,1.500571565e-13,8.155175432e-14,3.871361622e-14,1.448388867e-13,3.566744176e-13,7.842781258e-14,2.631851709e-13,6.353813149e-13,6.909261104e-13,6.484176751e-13,5.160597642e-13,6.936130136e-13,2.20987816e-13,8.937133e-14,5.781873665e-14,6.092250413e-14,4.502461334e-14,9.933907003e-14,1.922535116e-13,1.289741629e-13,3.594075505e-13,3.426267572e-13,1.015114542e-12,3.832780159e-14,3.959041901e-13,8.135139142e-14
61.8828125,6.450088725e-13,4.256443355e-13,6.126579493e-13,8.919012189e-14,3.34490974e-13,1.97121114e-13,1.515039619e-13,8.038187587e-14,3.836389341e-14,1.449167358e-13,3.580839528e-13,7.733017023e-14,2.606143674e-13,6.304432148e-13,6.875290095e-13,6.490306377e-13,5.142642331e-13,6.861324144e-13,2.18715968e-13,8.721514012e-14,5.848644437e-14,6.039896728e-14,4.432244182e-14,9.817088873e-14,1.914029912e-13,1.271678052e-13,3.6368914e-13,3.418307479e-13,1.026007696e-12,3.850181254e-14,3.947923223e-13,8.220159304e-14
61.890625,6.402965181e-13,4.216305862e-13,6.185935974e-13,9.062990249e-14,3.300462806e-13,1.955477981e-13,1.529946623e-13,7.928658249e-14,3.806735504e-14,1.449377566e-13,3.597950457e-13,7.627332657e-14,2.579160168e-13,6.256091778e-13,6.843036169e-13,6.498184314e-13,5.126638302e-13,6.788234816e-13,2.164799978e-13,8.505658442e-14,5.916808244e-14,5.991117681e-14,4.367464149e-14,9.700425263e-14,1.906120679e-13,1.254834063e-13,3.68089362e-13,3.411484712e-13,1.037329964e-12,3.872719405e-14,3.937930436e-13,8.310142234e-14
61.8984375,6.356876127e-13,4.177196893e-13,6.246522213e-13,9.203950002e-14,3.255781265e-13,1.938973822e-13,1.544794697e-13,7.823847734e-14,3.779975148e-14,1.449017606e-13,3.616736941e-13,7.521462016e-14,2.54976448e-13,6.20624243e-13,6.809196699e-13,6.506036219e-13,5.111182146e-13,6.714585829e-13,2.142410823e-13,8.299707113e-14,5.986785583e-14,5.94229621e-14,4.308376555e-14,9.581911186e-14,1.898091889e-13,1.238124401e-13,3.72443384e-13,3.405111467e-13,1.048724379e-12,3.89829586e-14,3.927546978e-13,8.400795012e-14
61.90625,6.308674019e-13,4.137671908e-13,6.303608643e-13,9.355188059e-14,3.209869757e-13,1.920600164e-13,1.559179866e-13,7.719877462e-14,3.753753743e-14,1.448653427e-13,3.634932625e-13,7.411318152e-14,2.518361527e-13,6.152835245e-13,6.770975138e-13,6.511018412e-13,5.094123832e-13,6.637919283e-13,2.11936134e-13,8.107798008e-14,6.053605138e-14,5.889131765e-14,4.252504891e-14,9.465554057e-14,1.889885572e-13,1.221491937e-13,3.766270554e-13,3.399877752e-13,1.059882879e-12,3.924400664e-14,3.915626777e-13,8.492730864e-14
61.9140625,6.257513907e-13,4.099174117e-13,6.360700872e-13,9.518609288e-14,3.162940503e-13,1.900600045e-13,1.57393658e-13,7.612952353e-14,3.729953623e-14,1.449221844e-13,3.653564266e-13,7.300428425e-14,2.485810264e-13,6.097401584e-13,6.730104016e-13,6.511217982e-13,5.07543599e-13,6.560716538e-13,2.095697424e-13,7.923881877e-14,6.114083585e-14,5.833838118e-14,4.200999965e-14,9.354566432e-14,1.882051423e-13,1.205697913e-13,3.807124777e-13,3.39692166e-13,1.071077788e-12,3.954801185e-14,3.903735319e-13,8.587862596e-14
61.921875,6.206129718e-13,4.061498245e-13,6.421162043e-13,9.694604323e-14,3.117262242e-13,1.880861446e-13,1.588974579e-13,7.502402732e-14,3.70652115e-14,1.450153617e-13,3.674506844e-13,7.190793116e-14,2.453207379e-13,6.042854537e-13,6.688038867e-13,6.506569698e-13,5.055636708e-13,6.485322754e-13,2.072125138e-13,7.744675544e-14,6.174103632e-14,5.781239224e-14,4.15394258e-14,9.242829331e-14,1.874017679e-13,1.189878734e-13,3.848028044e-13,3.394952383e-13,1.082536165e-12,3.990854461e-14,3.89293998e-13,8.679103267e-14
61.9296875,6.154968547e-13,4.024134143e-13,6.481473075e-13,9.88874612e-14,3.073677368e-13,1.861540756e-13,1.60350108e-13,7.391530657e-14,3.679873208e-14,1.450514316e-13,3.697128425e-13,7.080629169e-14,2.420396666e-13,5.990042774e-13,6.644012627e-13,6.497830598e-13,5.03487405e-13,6.410609865e-13,2.048660437e-13,7.569124237e-14,6.236882703e-14,5.731081114e-14,4.107936127e-14,9.126146553e-14,1.865324983e-13,1.17305818e-13,3.889464454e-13,3.392645803e-13,1.094081523e-12,4.028573961e-14,3.882346337e-13,8.761041943e-14
61.9375,6.10271688e-13,3.988270118e-13,6.540970764e-13,1.008935654e-13,3.02992151e-13,1.840677057e-13,1.617868048e-13,7.282972283e-14,3.652549608e-14,1.451427115e-13,3.720865595e-13,6.97094269e-14,2.385653396e-13,5.936847336e-13,6.597412161e-13,6.485425184e-13,5.013001454e-13,6.334891115e-13,2.024535262e-13,7.398494038e-14,6.298090887e-14,5.679680445e-14,4.062949744e-14,9.008763458e-14,1.856528276e-13,1.156405903e-13,3.931300764e-13,3.391995379e-13,1.105546892e-12,4.068417661e-14,3.870904763e-13,8.841485394e-14
61.9453125,6.052135175e-13,3.953960331e-13,6.603047045e-13,1.029177459e-13,2.985733809e-13,1.81908622e-13,1.632165671e-13,7.178371818e-14,3.628516672e-14,1.453259617e-13,3.746497377e-13,6.86510791e-14,2.349233934e-13,5.883155792e-13,6.549827118e-13,6.472253005e-13,4.991397008e-13,6.259529134e-13,2.000176553e-13,7.241933128e-14,6.356961169e-14,5.627932358e-14,4.02194377e-14,8.890918769e-14,1.847863385e-13,1.141059995e-13,3.972543158e-13,3.394100681e-13,1.116975134e-12,4.114608076e-14,3.858953188e-13,8.927803473e-14
61.953125,6.004317328e-13,3.920629703e-13,6.667483059e-13,1.051039239e-13,2.942908052e-13,1.798988298e-13,1.646246291e-13,7.079271478e-14,3.606470068e-14,1.454372402e-13,3.773341068e-13,6.763478598e-14,2.313174287e-13,5.831501772e-13,6.503713101e-13,6.46140899e-13,4.972551002e-13,6.187755708e-13,1.976389861e-13,7.102593968e-14,6.414694751e-14,5.578150112e-14,3.986007349e-14,8.770513608e-14,1.839541431e-13,1.126504289e-13,4.012800877e-13,3.396597114e-13,1.128516624e-12,4.16641466e-14,3.848464058e-13,9.015018351e-14
61.9609375,5.954352346e-13,3.888688358e-13,6.732102287e-13,1.074066165e-13,2.899881618e-13,1.778781585e-13,1.660866188e-13,6.987316669e-14,3.583780042e-14,1.45474239e-13,3.80018338e-13,6.66285508e-14,2.277253312e-13,5.780483084e-13,6.458354581e-13,6.450652093e-13,4.955548378e-13,6.119079111e-13,1.952472353e-13,6.968522845e-14,6.469844196e-14,5.527654517e-14,3.955128531e-14,8.653568932e-14,1.831923498e-13,1.112391814e-13,4.053005557e-13,3.39854038e-13,1.140222604e-12,4.220698582e-14,3.840209933e-13,9.096616603e-14
61.96875,5.901237701e-13,3.858250587e-13,6.796687794e-13,1.097084797e-13,2.855471636e-13,1.757128658e-13,1.675870205e-13,6.904168763e-14,3.562277367e-14,1.455384326e-13,3.827860832e-13,6.562872901e-14,2.240221092e-13,5.72784448e-13,6.411246104e-13,6.436655151e-13,4.937184993e-13,6.049869782e-13,1.928039483e-13,6.82974528e-14,6.525452477e-14,5.476645184e-14,3.928060851e-14,8.541942974e-14,1.824291887e-13,1.098798813e-13,4.093022026e-13,3.401384821e-13,1.151926384e-12,4.277786381e-14,3.832597331e-13,9.173490578e-14
61.9765625,5.848460506e-13,3.829492635e-13,6.862037174e-13,1.120833631e-13,2.812144939e-13,1.736220747e-13,1.69036583e-13,6.827334171e-14,3.544763385e-14,1.455908013e-13,3.857021845e-13,6.465777768e-14,2.202479272e-13,5.675798948e-13,6.362285138e-13,6.419477754e-13,4.916756792e-13,5.979273778e-13,1.903670424e-13,6.690645375e-14,6.584049756e-14,5.429618821e-14,3.902101155e-14,8.426709191e-14,1.815921206e-13,1.085203353e-13,4.13139828e-13,3.405394512e-13,1.163543199e-12,4.339007222e-14,3.825001853e-13,9.248078188e-14
61.984375,5.794999087e-13,3.801401838e-13,6.928332955e-13,1.145459555e-13,2.769781332e-13,1.715661707e-13,1.704466203e-13,6.751927431e-14,3.528841997e-14,1.4562418e-13,3.886709342e-13,6.368147708e-14,2.164366244e-13,5.624265595e-13,6.312086635e-13,6.400164826e-13,4.895005202e-13,5.908388272e-13,1.878940164e-13,6.56449858e-14,6.639872837e-14,5.383682914e-14,3.876301004e-14,8.307398713e-14,1.807288016e-13,1.07163929e-13,4.168541863e-13,3.409646778e-13,1.17517399e-12,4.404017682e-14,3.817174821e-13,9.321251798e-14
61.9921875,5.739891361e-13,3.771666268e-13,6.994783027e-13,1.170752826e-13,2.726971452e-13,1.693107185e-13,1.71820582e-13,6.678071474e-14,3.511501384e-14,1.456987494e-13,3.917142655e-13,6.267532035e-14,2.125731071e-13,5.570893038e-13,6.261051613e-13,6.381005487e-13,4.8731719e-13,5.838117033e-13,1.853615328e-13,6.45885412e-14,6.6903016e-14,5.334545114e-14,3.851829459e-14,8.192792015e-14,1.79891606e-13,1.059037401e-13,4.206541304e-13,3.414265027e-13,1.186821374e-12,4.472981648e-14,3.807667664e-13,9.395402862e-14
62,5.686349629e-13,3.743151219e-13,7.061742085e-13,1.198018106e-13,2.685795921e-13,1.670433384e-13,1.731606169e-13,6.608915709e-14,3.496354285e-14,1.458138606e-13,3.949846114e-13,6.171370025e-14,2.086971223e-13,5.518224051e-13,6.210752058e-13,6.363512215e-13,4.853358704e-13,5.770367852e-13,1.828888613e-13,6.365064522e-14,6.738518987e-14,5.287503523e-14,3.83062482e-14,8.081284864e-14,1.791015915e-13,1.047504461e-13,4.245711964e-13,3.421429997e-13,1.198524599e-12,4.547299983e-14,3.797712179e-13,9.471769701e-14
62.0078125,5.634252379e-13,3.720826103e-13,7.130102161e-13,1.22713116e-13,2.645966384e-13,1.649386788e-13,1.745077436e-13,6.545126661e-14,3.486456984e-14,1.459655315e-13,3.984669541e-13,6.082589313e-14,2.047896086e-13,5.467783378e-13,6.160686608e-13,6.344229534e-13,4.834817538e-13,5.704952891e-13,1.805006634e-13,6.272763709e-14,6.78370314e-14,5.245230484e-14,3.813628939e-14,7.96704112e-14,1.783330954e-13,1.036421724e-13,4.284369094e-13,3.431959138e-13,1.210429974e-12,4.626771278e-14,3.789424806e-13,9.545441807e-14
62.015625,5.580775333e-13,3.701414454e-13,7.198707136e-13,1.256027533e-13,2.604861897e-13,1.62772483e-13,1.757824427e-13,6.484765815e-14,3.477034844e-14,1.461150246e-13,4.019936356e-13,5.995740944e-14,2.008390611e-13,5.417106663e-13,6.108921332e-13,6.321129465e-13,4.814800044e-13,5.639765255e-13,1.781043004e-13,6.188058383e-14,6.826781964e-14,5.202046426e-14,3.798403676e-14,7.854060973e-14,1.774884948e-13,1.025872055e-13,4.321715751e-13,3.442001439e-13,1.222432483e-12,4.709621559e-14,3.780910202e-13,9.61026911e-14
62.0234375,5.525585207e-13,3.680418457e-13,7.268507354e-13,1.284664835e-13,2.564265493e-13,1.604927932e-13,1.769489501e-13,6.426031132e-14,3.464948657e-14,1.46221457e-13,4.055094181e-13,5.913212336e-14,1.969497301e-13,5.367155954e-13,6.057416414e-13,6.298014149e-13,4.793680356e-13,5.576231905e-13,1.75692761e-13,6.12076105e-14,6.872817184e-14,5.156720293e-14,3.783620116e-14,7.744702272e-14,1.765966853e-13,1.016348455e-13,4.358978643e-13,3.449765546e-13,1.234411409e-12,4.796063653e-14,3.771377762e-13,9.668804668e-14
62.03125,5.468726998e-13,3.660792981e-13,7.342113753e-13,1.314831057e-13,2.525470561e-13,1.582801319e-13,1.781242261e-13,6.371304702e-14,3.454605061e-14,1.46365448e-13,4.09125373e-13,5.838510537e-14,1.930982817e-13,5.318885403e-13,6.008205805e-13,6.276415903e-13,4.773132325e-13,5.515596681e-13,1.733036528e-13,6.067718612e-14,6.920171718e-14,5.112388597e-14,3.771609119e-14,7.634531289e-14,1.757822251e-13,1.007677113e-13,4.397197265e-13,3.459247058e-13,1.246502198e-12,4.886935126e-14,3.763064218e-13,9.727979353e-14
62.0390625,5.41150789e-13,3.644031005e-13,7.415818158e-13,1.34639494e-13,2.486893504e-13,1.56141252e-13,1.792545108e-13,6.324136884e-14,3.449098895e-14,1.465343566e-13,4.129421109e-13,5.765777714e-14,1.891562238e-13,5.270208897e-13,5.95860784e-13,6.253411995e-13,4.753540857e-13,5.455699926e-13,1.709563062e-13,6.022084679e-14,6.964734632e-14,5.070287612e-14,3.760693534e-14,7.524325793e-14,1.749654995e-13,9.99014092e-14,4.435092401e-13,3.4709758e-13,1.258579569e-12,4.980861151e-14,3.755024142e-13,9.783823478e-14
62.046875,5.356486995e-13,3.627989019e-13,7.485630119e-13,1.377731654e-13,2.450187513e-13,1.540670552e-13,1.802598631e-13,6.283195386e-14,3.445816671e-14,1.465939672e-13,4.16904317e-13,5.693423215e-14,1.852113003e-13,5.222937103e-13,5.907451488e-13,6.228432785e-13,4.735514693e-13,5.39748514e-13,1.686807766e-13,5.985829863e-14,7.006951336e-14,5.031739026e-14,3.74767729e-14,7.416609049e-14,1.740572918e-13,9.900386264e-14,4.471118381e-13,3.481685634e-13,1.270364524e-12,5.07815394e-14,3.745911631e-13,9.82674544e-14
62.0546875,5.30152738e-13,3.613004622e-13,7.555496114e-13,1.409108002e-13,2.415206517e-13,1.52056937e-13,1.813063077e-13,6.246266518e-14,3.440115482e-14,1.466205666e-13,4.208592238e-13,5.622592755e-14,1.813805109e-13,5.177678188e-13,5.857845064e-13,6.204013066e-13,4.718549762e-13,5.342689724e-13,1.664235908e-13,5.965881677e-14,7.045695738e-14,4.993136265e-14,3.737044085e-14,7.308134165e-14,1.732009137e-13,9.818759413e-14,4.506470771e-13,3.492422927e-13,1.28202232e-12,5.181621322e-14,3.737455648e-13,9.862655947e-14
62.0625,5.243605062e-13,3.598228074e-13,7.627288677e-13,1.441936628e-13,2.377121926e-13,1.499074911e-13,1.823728475e-13,6.21203509e-14,3.42978568e-14,1.467321234e-13,4.247538071e-13,5.548048732e-14,1.775252624e-13,5.128897038e-13,5.809953693e-13,6.180528716e-13,4.700511922e-13,5.287912734e-13,1.640833722e-13,5.964429282e-14,7.080366525e-14,4.946608855e-14,3.732145198e-14,7.197756591e-14,1.724082728e-13,9.757336298e-14,4.542958051e-13,3.504368618e-13,1.2936685e-12,5.291729382e-14,3.728706401e-13,9.90523792e-14
62.0703125,5.18517655e-13,3.582442548e-13,7.697320278e-13,1.476205711e-13,2.337319617e-13,1.475357286e-13,1.832112443e-13,6.178294898e-14,3.41983793e-14,1.468073829e-13,4.286743994e-13,5.472761364e-14,1.735565824e-13,5.077044238e-13,5.759389711e-13,6.153720107e-13,4.680263419e-13,5.231679725e-13,1.616962021e-13,5.97508924e-14,7.114225566e-14,4.895326236e-14,3.728321028e-14,7.088722501e-14,1.714853005e-13,9.709435727e-14,4.579533477e-13,3.515756773e-13,1.305011121e-12,5.407963069e-14,3.717857406e-13,9.950703986e-14
62.078125,5.127862677e-13,3.569256023e-13,7.765901245e-13,1.51167867e-13,2.301024974e-13,1.451787172e-13,1.838854883e-13,6.147594393e-14,3.416172176e-14,1.467772741e-13,4.326644394e-13,5.40536048e-14,1.696461394e-13,5.028471854e-13,5.704410772e-13,6.120191568e-13,4.657838403e-13,5.176873806e-13,1.593549253e-13,5.987630691e-14,7.148642687e-14,4.849710079e-14,3.724073631e-14,6.982279122e-14,1.704467647e-13,9.658798458e-14,4.614068736e-13,3.527427073e-13,1.316071776e-12,5.530024846e-14,3.707596671e-13,9.985652135e-14
62.0859375,5.070216736e-13,3.560189078e-13,7.835083738e-13,1.548052129e-13,2.266352005e-13,1.430280667e-13,1.845746137e-13,6.123580882e-14,3.415338701e-14,1.467274381e-13,4.366866498e-13,5.34229305e-14,1.659080872e-13,4.982695342e-13,5.648682785e-13,6.083728994e-13,4.634932774e-13,5.123880567e-13,1.570588565e-13,6.00201443e-14,7.184798676e-14,4.810201435e-14,3.721932748e-14,6.876449682e-14,1.69439644e-13,9.602245287e-14,4.647041341e-13,3.540103245e-13,1.327219927e-12,5.65455491e-14,3.69926355e-13,1.000940795e-13
62.09375,5.013030868e-13,3.552114775e-13,7.903886672e-13,1.584117069e-13,2.230618287e-13,1.41045842e-13,1.851927636e-13,6.102660752e-14,3.413311502e-14,1.466494808e-13,4.407859718e-13,5.279831383e-14,1.622434355e-13,4.936590411e-13,5.595325652e-13,6.048977851e-13,4.61429569e-13,5.072193125e-13,1.54790574e-13,6.034058271e-14,7.221067014e-14,4.771594929e-14,3.719812472e-14,6.768210016e-14,1.684460499e-13,9.549523744e-14,4.680650285e-13,3.551997578e-13,1.338466703e-12,5.779723337e-14,3.690093199e-13,1.002838704e-13
62.1015625,4.956359724e-13,3.544269453e-13,7.972742346e-13,1.620825665e-13,2.196056595e-13,1.390645347e-13,1.856887142e-13,6.083251939e-14,3.413472632e-14,1.465033506e-13,4.450519648e-13,5.221629249e-14,1.585591835e-13,4.891092852e-13,5.542678761e-13,6.013777158e-13,4.595028403e-13,5.022525142e-13,1.525413129e-13,6.092491959e-14,7.24806818e-14,4.732582712e-14,3.716394029e-14,6.65877816e-14,1.674222629e-13,9.507281107e-14,4.714712765e-13,3.56399767e-13,1.349529356e-12,5.909437954e-14,3.679016329e-13,1.004401806e-13
62.109375,4.897539799e-13,3.537004111e-13,8.042386484e-13,1.659816605e-13,2.163048029e-13,1.369628036e-13,1.861435507e-13,6.069017617e-14,3.415871562e-14,1.463354412e-13,4.494474606e-13,5.165390594e-14,1.548643819e-13,4.846269335e-13,5.488622286e-13,5.975826597e-13,4.574612948e-13,4.973854603e-13,1.502697437e-13,6.165077611e-14,7.266887019e-14,4.692823971e-14,3.715643919e-14,6.552422223e-14,1.664046978e-13,9.473178704e-14,4.74668901e-13,3.577021923e-13,1.360290007e-12,6.04633628e-14,3.667351465e-13,1.005584182e-13
62.1171875,4.836766735e-13,3.529813891e-13,8.111474066e-13,1.698673111e-13,2.130712836e-13,1.348732438e-13,1.86540354e-13,6.057912867e-14,3.417101284e-14,1.461780157e-13,4.538790394e-13,5.110295812e-14,1.512129056e-13,4.802359106e-13,5.434887146e-13,5.937594083e-13,4.554752938e-13,4.926694695e-13,1.479935264e-13,6.244678599e-14,7.292032597e-14,4.653803631e-14,3.718967393e-14,6.447233384e-14,1.654026064e-13,9.442950253e-14,4.776511078e-13,3.588880468e-13,1.370882841e-12,6.188488147e-14,3.656700571e-13,1.006257409e-13
62.125,4.776613659e-13,3.52384727e-13,8.180549677e-13,1.735953339e-13,2.100597492e-13,1.330029639e-13,1.868752254e-13,6.047122483e-14,3.420686882e-14,1.460192026e-13,4.583083114e-13,5.062666222e-14,1.477071089e-13,4.761847567e-13,5.383795875e-13,5.899957447e-13,4.536671748e-13,4.883348094e-13,1.457760561e-13,6.340380864e-14,7.322696151e-14,4.619388215e-14,3.722596867e-14,6.342157455e-14,1.644103866e-13,9.416221683e-14,4.806428039e-13,3.599851004e-13,1.381514625e-12,6.333042549e-14,3.64823963e-13,1.006186622e-13
62.1328125,4.717884359e-13,3.519110608e-13,8.250137133e-13,1.774730564e-13,2.072133716e-13,1.313000993e-13,1.872151873e-13,6.042224236e-14,3.430233017e-14,1.458353153e-13,4.6267146e-13,5.020062238e-14,1.443945645e-13,4.723454794e-13,5.334352745e-13,5.86064774e-13,4.516861217e-13,4.841520771e-13,1.435872452e-13,6.453175264e-14,7.347333835e-14,4.588605572e-14,3.723613503e-14,6.242577902e-14,1.634134076e-13,9.394524678e-14,4.835440245e-13,3.612223349e-13,1.392096026e-12,6.477805009e-14,3.64046227e-13,1.005573187e-13
62.140625,4.659673432e-13,3.514181173e-13,8.317369685e-13,1.815650332e-13,2.042700816e-13,1.296042532e-13,1.875056982e-13,6.046899831e-14,3.44170904e-14,1.456147694e-13,4.669124531e-13,4.975416474e-14,1.411479208e-13,4.683455055e-13,5.284122535e-13,5.818928415e-13,4.49377425e-13,4.797799262e-13,1.413626024e-13,6.574273076e-14,7.370234112e-14,4.55663953e-14,3.72371059e-14,6.144347123e-14,1.623572304e-13,9.378934684e-14,4.860770468e-13,3.625145801e-13,1.402232515e-12,6.624184369e-14,3.63099818e-13,1.004725084e-13
62.1484375,4.60013351e-13,3.50942305e-13,8.38118782e-13,1.856574293e-13,2.012750915e-13,1.278808707e-13,1.876447499e-13,6.053860668e-14,3.451104855e-14,1.453722256e-13,4.711299613e-13,4.931267066e-14,1.378829336e-13,4.642584129e-13,5.233040169e-13,5.776162965e-13,4.470441088e-13,4.754135879e-13,1.39129519e-13,6.704100662e-14,7.398499355e-14,4.522434533e-14,3.726715367e-14,6.039884558e-14,1.612400776e-13,9.370012437e-14,4.883759694e-13,3.636229083e-13,1.411851208e-12,6.776009675e-14,3.620760175e-13,1.003248842e-13
62.15625,4.538896559e-13,3.504851664e-13,8.444344363e-13,1.897937227e-13,1.984432591e-13,1.261677561e-13,1.876665911e-13,6.057600214e-14,3.460136678e-14,1.451065715e-13,4.75423306e-13,4.893521345e-14,1.347350427e-13,4.604314784e-13,5.1837027e-13,5.733901592e-13,4.449101408e-13,4.713749297e-13,1.369511431e-13,6.85264545e-14,7.426574984e-14,4.488897017e-14,3.733510238e-14,5.937387561e-14,1.601317576e-13,9.367936166e-14,4.907311985e-13,3.645022591e-13,1.421361973e-12,6.931930971e-14,3.611630417e-13,1.00069529e-13
62.1640625,4.478078752e-13,3.500569098e-13,8.508027072e-13,1.940430158e-13,1.9581979e-13,1.245414599e-13,1.876511933e-13,6.067423052e-14,3.473661908e-14,1.448379265e-13,4.796688762e-13,4.863959895e-14,1.317736204e-13,4.569607022e-13,5.137940023e-13,5.69298407e-13,4.429679566e-13,4.676529503e-13,1.348323029e-13,7.027491511e-14,7.450170835e-14,4.458346338e-14,3.742252613e-14,5.841531208e-14,1.590635774e-13,9.374755661e-14,4.931020281e-13,3.65353811e-13,1.430886204e-12,7.088747396e-14,3.602948945e-13,9.975622709e-14
62.171875,4.418483886e-13,3.498776187e-13,8.570543449e-13,1.983070025e-13,1.932834242e-13,1.230433068e-13,1.875893194e-13,6.09113448e-14,3.493000042e-14,1.446194807e-13,4.837658417e-13,4.837829729e-14,1.288479208e-13,4.535617586e-13,5.094602286e-13,5.653602089e-13,4.411671145e-13,4.640184655e-13,1.327307166e-13,7.22334158e-14,7.470648478e-14,4.429011984e-14,3.751971547e-14,5.742033604e-14,1.580028105e-13,9.391429926e-14,4.953464948e-13,3.663540957e-13,1.439931388e-12,7.249206782e-14,3.592753913e-13,9.945313426e-14
62.1796875,4.36016144e-13,3.499638679e-13,8.630939043e-13,2.025934961e-13,1.907196676e-13,1.216003585e-13,1.8741769e-13,6.11945497e-14,3.51345247e-14,1.443919423e-13,4.878953113e-13,4.80777476e-14,1.258945173e-13,4.499383588e-13,5.051221892e-13,5.614794366e-13,4.394385786e-13,4.603190009e-13,1.306430847e-13,7.430660629e-14,7.490203056e-14,4.398066976e-14,3.761384834e-14,5.638851673e-14,1.568958023e-13,9.411589928e-14,4.97426497e-13,3.673856703e-13,1.448233315e-12,7.415681434e-14,3.580337814e-13,9.91265931e-14
62.1875,4.303877342e-13,3.500941872e-13,8.689762094e-13,2.069778636e-13,1.882156235e-13,1.201924469e-13,1.871083669e-13,6.147501184e-14,3.533816734e-14,1.440466827e-13,4.921698356e-13,4.778544425e-14,1.230541692e-13,4.462643078e-13,5.006382647e-13,5.573281229e-13,4.376634576e-13,4.566944617e-13,1.286214884e-13,7.65418229e-14,7.511770953e-14,4.368306069e-14,3.767752596e-14,5.539718753e-14,1.55710283e-13,9.431312934e-14,4.992615707e-13,3.683186861e-13,1.456231136e-12,7.585001903e-14,3.567037685e-13,9.870792366e-14
62.1953125,4.247144339e-13,3.50198754e-13,8.747081526e-13,2.113652538e-13,1.858856429e-13,1.189022779e-13,1.866993639e-13,6.184391631e-14,3.558276797e-14,1.43626356e-13,4.963804494e-13,4.759634968e-14,1.204093845e-13,4.428241631e-13,4.961292512e-13,5.52752925e-13,4.357096212e-13,4.532663483e-13,1.266488822e-13,7.898042755e-14,7.532611102e-14,4.342751382e-14,3.770135905e-14,5.43994649e-14,1.54473057e-13,9.458073749e-14,5.008226416e-13,3.691679404e-13,1.464152901e-12,7.755354739e-14,3.553858879e-13,9.821808282e-14
62.203125,4.18734922e-13,3.502904082e-13,8.802823824e-13,2.155634982e-13,1.836127068e-13,1.17742695e-13,1.862438376e-13,6.230867558e-14,3.586182295e-14,1.43217183e-13,5.003889597e-13,4.74638272e-14,1.178876555e-13,4.394974523e-13,4.919057151e-13,5.481529115e-13,4.335551875e-13,4.498603719e-13,1.246468565e-13,8.150772022e-14,7.549994355e-14,4.317618497e-14,3.770777571e-14,5.335758911e-14,1.532216415e-13,9.494228419e-14,5.022213191e-13,3.698526433e-13,1.471488925e-12,7.928215828e-14,3.540137796e-13,9.771793141e-14
62.2109375,4.126814436e-13,3.50391531e-13,8.856924917e-13,2.196850005e-13,1.81328629e-13,1.166570012e-13,1.857409709e-13,6.282631035e-14,3.614886544e-14,1.428308039e-13,5.042646667e-13,4.733482998e-14,1.154440327e-13,4.362193061e-13,4.879607901e-13,5.436995183e-13,4.312774507e-13,4.464216605e-13,1.22632473e-13,8.406625549e-14,7.571592006e-14,4.291219147e-14,3.772677644e-14,5.234203245e-14,1.519405547e-13,9.530826291e-14,5.034705036e-13,3.703894343e-13,1.477941577e-12,8.103267651e-14,3.526108896e-13,9.720076375e-14
62.21875,4.067010038e-13,3.505611704e-13,8.907123492e-13,2.241269175e-13,1.791766975e-13,1.156050375e-13,1.851577483e-13,6.341541194e-14,3.645574369e-14,1.424993344e-13,5.079722821e-13,4.725449584e-14,1.131443229e-13,4.331667023e-13,4.83890713e-13,5.389520584e-13,4.289030988e-13,4.43085178e-13,1.206612146e-13,8.670088665e-14,7.598749932e-14,4.267473721e-14,3.776796275e-14,5.139171459e-14,1.506186201e-13,9.56698458e-14,5.044339899e-13,3.709710003e-13,1.483885859e-12,8.278029015e-14,3.512077343e-13,9.662241086e-14
62.2265625,4.007697036e-13,3.507728838e-13,8.951870527e-13,2.28858028e-13,1.771939428e-13,1.145956328e-13,1.84490577e-13,6.402720952e-14,3.677540528e-14,1.422190304e-13,5.114944628e-13,4.720913449e-14,1.110149653e-13,4.302523066e-13,4.796670126e-13,5.339502593e-13,4.265381419e-13,4.398339557e-13,1.187177184e-13,8.945059742e-14,7.622109389e-14,4.24608975e-14,3.782380302e-14,5.048233987e-14,1.492978585e-13,9.610043872e-14,5.051019883e-13,3.715780876e-13,1.489587915e-12,8.452147783e-14,3.49644102e-13,9.59843473e-14
62.234375,3.95072136e-13,3.509834637e-13,8.994752033e-13,2.334578609e-13,1.752904745e-13,1.13662994e-13,1.837407597e-13,6.46543601e-14,3.710851774e-14,1.41879826e-13,5.150151333e-13,4.716873602e-14,1.089533811e-13,4.273179341e-13,4.757147344e-13,5.293139366e-13,4.243785616e-13,4.36697703e-13,1.167849322e-13,9.23998919e-14,7.645700171e-14,4.224063342e-14,3.789784377e-14,4.957782033e-14,1.480025948e-13,9.661500424e-14,5.056611985e-13,3.720835695e-13,1.494975187e-12,8.630497362e-14,3.479889654e-13,9.532667103e-14
62.2421875,3.894126712e-13,3.511937455e-13,9.039183716e-13,2.378912742e-13,1.734425255e-13,1.127485041e-13,1.829046765e-13,6.544509861e-14,3.750511369e-14,1.414361027e-13,5.185779798e-13,4.719828039e-14,1.068914633e-13,4.244525988e-13,4.720923688e-13,5.250430009e-13,4.223105789e-13,4.337654401e-13,1.148363384e-13,9.553630857e-14,7.67890067e-14,4.202592616e-14,3.799753933e-14,4.86501928e-14,1.46708803e-13,9.721214651e-14,5.062228202e-13,3.725042385e-13,1.500091607e-12,8.817558683e-14,3.465475578e-13,9.466011088e-14
62.25,3.834463928e-13,3.514296746e-13,9.083858052e-13,2.423433632e-13,1.71647777e-13,1.118404429e-13,1.820313855e-13,6.640265562e-14,3.797467074e-14,1.409470161e-13,5.220384539e-13,4.732254688e-14,1.049283693e-13,4.216744065e-13,4.686004012e-13,5.207493903e-13,4.201161261e-13,4.309027599e-13,1.128596252e-13,9.871550196e-14,7.713651927e-14,4.183826724e-14,3.811218222e-14,4.773420058e-14,1.454193041e-13,9.788937017e-14,5.066906064e-13,3.72873518e-13,1.505049785e-12,9.008196937e-14,3.452639651e-13,9.395277319e-14
62.2578125,3.775655085e-13,3.517911757e-13,9.127559802e-13,2.468500163e-13,1.699311929e-13,1.111401127e-13,1.811541302e-13,6.735734661e-14,3.846129648e-14,1.404172126e-13,5.254229479e-13,4.748797982e-14,1.031920553e-13,4.189768528e-13,4.654093751e-13,5.165802152e-13,4.179992549e-13,4.280916067e-13,1.109710632e-13,1.020065942e-13,7.742788488e-14,4.168642204e-14,3.822219115e-14,4.689069469e-14,1.441637471e-13,9.860258793e-14,5.069702499e-13,3.73207652e-13,1.509763171e-12,9.19447124e-14,3.439051125e-13,9.31854358e-14
62.265625,3.719622404e-13,3.522142081e-13,9.170499322e-13,2.515031126e-13,1.683668837e-13,1.106765462e-13,1.802145536e-13,6.828080947e-14,3.89240076e-14,1.398210519e-13,5.288233884e-13,4.768515857e-14,1.016555262e-13,4.164820356e-13,4.626854382e-13,5.127285268e-13,4.160916385e-13,4.255115429e-13,1.092170487e-13,1.055751115e-13,7.773992587e-14,4.156805122e-14,3.830034919e-14,4.609150925e-14,1.429123904e-13,9.936942744e-14,5.070905421e-13,3.734250617e-13,1.514012682e-12,9.378322531e-14,3.424999746e-13,9.237239399e-14
62.2734375,3.662072816e-13,3.525223738e-13,9.211652016e-13,2.562502622e-13,1.669869475e-13,1.10216507e-13,1.791999193e-13,6.924673108e-14,3.939070931e-14,1.392074693e-13,5.321297692e-13,4.794674433e-14,1.001854813e-13,4.141653543e-13,4.602507713e-13,5.090201266e-13,4.141044831e-13,4.231093396e-13,1.074487569e-13,1.09338557e-13,7.810425366e-14,4.146393457e-14,3.83365459e-14,4.52617125e-14,1.416168895e-13,1.002499187e-13,5.070683478e-13,3.734230581e-13,1.517702477e-12,9.563795141e-14,3.41098108e-13,9.154315126e-14
62.28125,3.605851561e-13,3.528933379e-13,9.250549706e-13,2.608883437e-13,1.658192601e-13,1.097923608e-13,1.78173926e-13,7.028036664e-14,3.993330626e-14,1.38614691e-13,5.352248476e-13,4.828457909e-14,9.875779929e-14,4.120014272e-13,4.580541948e-13,5.054735932e-13,4.121088937e-13,4.208333246e-13,1.056541885e-13,1.132380104e-13,7.849136792e-14,4.138074543e-14,3.837484875e-14,4.441085948e-14,1.403138116e-13,1.011934692e-13,5.068525211e-13,3.734142895e-13,1.520989216e-12,9.747813824e-14,3.39697529e-13,9.072973865e-14
62.2890625,3.55520373e-13,3.534824379e-13,9.287537482e-13,2.65487666e-13,1.648554023e-13,1.095945567e-13,1.771196263e-13,7.140736605e-14,4.054586134e-14,1.380121744e-13,5.381592831e-13,4.866734943e-14,9.748739311e-14,4.100889059e-13,4.561898268e-13,5.022250314e-13,4.104464344e-13,4.187504279e-13,1.039613537e-13,1.173752343e-13,7.892203182e-14,4.133900428e-14,3.844142931e-14,4.360325447e-14,1.390522717e-13,1.021318059e-13,5.06360368e-13,3.735338492e-13,1.523912288e-12,9.929768134e-14,3.383673657e-13,8.992007599e-14
62.296875,3.503669683e-13,3.53980389e-13,9.322088688e-13,2.701720005e-13,1.639501635e-13,1.095457612e-13,1.759962923e-13,7.263428203e-14,4.115452473e-14,1.374005828e-13,5.409431425e-13,4.906732594e-14,9.640874384e-14,4.082777454e-13,4.545560803e-13,4.99108719e-13,4.088097669e-13,4.166320189e-13,1.023044937e-13,1.216870076e-13,7.937207382e-14,4.131494519e-14,3.849701392e-14,4.285208367e-14,1.378011004e-13,1.031109606e-13,5.055305024e-13,3.734732531e-13,1.526195049e-12,1.011330554e-13,3.370797508e-13,8.906408123e-14
62.3046875,3.448250324e-13,3.542711638e-13,9.354298535e-13,2.750188726e-13,1.630461175e-13,1.095322616e-13,1.748463082e-13,7.391455992e-14,4.178249972e-14,1.367958083e-13,5.434604086e-13,4.953293305e-14,9.543607995e-14,4.064442879e-13,4.531124287e-13,4.960234206e-13,4.068348507e-13,4.143747235e-13,1.005967935e-13,1.260438698e-13,7.976460626e-14,4.129302097e-14,3.854258453e-14,4.213806698e-14,1.365463297e-13,1.042025528e-13,5.044823572e-13,3.731522857e-13,1.527886748e-12,1.029650181e-13,3.357974815e-13,8.817994643e-14
62.3125,3.39545158e-13,3.546485894e-13,9.384604426e-13,2.801323409e-13,1.622693818e-13,1.095428039e-13,1.736885026e-13,7.519813742e-14,4.24729252e-14,1.361445738e-13,5.457463147e-13,5.009033717e-14,9.454352915e-14,4.047879907e-13,4.520195787e-13,4.931469118e-13,4.049218308e-13,4.123343436e-13,9.894571278e-14,1.305246984e-13,8.012097828e-14,4.128718869e-14,3.862859065e-14,4.144307086e-14,1.353394701e-13,1.054368291e-13,5.034107174e-13,3.728518383e-13,1.529420512e-12,1.047619121e-13,3.345340447e-13,8.732699016e-14
62.3203125,3.345415248e-13,3.551702767e-13,9.41253014e-13,2.851973714e-13,1.616525781e-13,1.095877484e-13,1.725090623e-13,7.648445551e-14,4.316798018e-14,1.354300339e-13,5.479990285e-13,5.067870081e-14,9.378302716e-14,4.032599418e-13,4.513044418e-13,4.905886942e-13,4.033439862e-13,4.105692992e-13,9.739698233e-14,1.352228896e-13,8.051898191e-14,4.127937744e-14,3.874204986e-14,4.072908985e-14,1.341785125e-13,1.067763699e-13,5.0221463e-13,3.725945412e-13,1.530702848e-12,1.065389336e-13,3.331348167e-13,8.648001168e-14
62.328125,3.293737306e-13,3.556524154e-13,9.439017606e-13,2.899706461e-13,1.611852907e-13,1.098373426e-13,1.71333208e-13,7.784539036e-14,4.387056839e-14,1.347097944e-13,5.502051236e-13,5.132023802e-14,9.320977467e-14,4.017422608e-13,4.509175348e-13,4.883488384e-13,4.018017689e-13,4.088535405e-13,9.587604528e-14,1.400778112e-13,8.09755714e-14,4.127560192e-14,3.88426644e-14,4.000708416e-14,1.330148095e-13,1.081191151e-13,5.006768694e-13,3.722481409e-13,1.531304833e-12,1.082989197e-13,3.316182703e-13,8.559884723e-14
62.3359375,3.242668287e-13,3.560149422e-13,9.466535903e-13,2.948878034e-13,1.609584821e-13,1.103533567e-13,1.70160126e-13,7.931203982e-14,4.464041367e-14,1.3396188e-13,5.522220421e-13,5.208597725e-14,9.283143008e-14,4.005626608e-13,4.509354451e-13,4.864174727e-13,4.002614415e-13,4.072875945e-13,9.436094857e-14,1.450691255e-13,8.147553463e-14,4.132848062e-14,3.893848069e-14,3.935255818e-14,1.318699565e-13,1.094745237e-13,4.989056474e-13,3.71750766e-13,1.531372898e-12,1.100373509e-13,3.303375571e-13,8.473271408e-14
62.34375,3.194205737e-13,3.562288639e-13,9.494386166e-13,3.000083754e-13,1.608694856e-13,1.10858226e-13,1.689709316e-13,8.082204823e-14,4.542551434e-14,1.331386702e-13,5.5406851e-13,5.287838234e-14,9.251533086e-14,3.996019323e-13,4.512800703e-13,4.84693979e-13,3.988366063e-13,4.057826295e-13,9.281657657e-14,1.503320568e-13,8.197830309e-14,4.140779188e-14,3.90319608e-14,3.875830144e-14,1.30764189e-13,1.109646905e-13,4.970624714e-13,3.709844224e-13,1.531138877e-12,1.11762749e-13,3.291869969e-13,8.392779212e-14
62.3515625,3.145814697e-13,3.562914734e-13,9.517401585e-13,3.048898924e-13,1.606772203e-13,1.11255094e-13,1.677824899e-13,8.239152963e-14,4.618729107e-14,1.323070443e-13,5.556361829e-13,5.35755382e-14,9.213105345e-14,3.981453317e-13,4.51679418e-13,4.830908937e-13,3.972327508e-13,4.039101531e-13,9.119940716e-14,1.559129898e-13,8.242458674e-14,4.143717081e-14,3.910746106e-14,3.815273064e-14,1.29627408e-13,1.125647594e-13,4.949997696e-13,3.699803522e-13,1.530278683e-12,1.134470727e-13,3.276510624e-13,8.315412127e-14
62.359375,3.097282363e-13,3.562773529e-13,9.53312906e-13,3.097509432e-13,1.604768946e-13,1.117466125e-13,1.666002058e-13,8.410646088e-14,4.698757915e-14,1.315151875e-13,5.567103559e-13,5.424912603e-14,9.178283664e-14,3.963082822e-13,4.521625806e-13,4.816562259e-13,3.953460182e-13,4.017820732e-13,8.95856716e-14,1.615931618e-13,8.284540139e-14,4.144759326e-14,3.917871737e-14,3.75569541e-14,1.284489812e-13,1.141634988e-13,4.925971255e-13,3.689325926e-13,1.528658534e-12,1.150713949e-13,3.258514562e-13,8.237199606e-14
62.3671875,3.049912203e-13,3.562483446e-13,9.546159459e-13,3.149315115e-13,1.604975474e-13,1.123627184e-13,1.65429487e-13,8.594956122e-14,4.784202905e-14,1.307145574e-13,5.574776218e-13,5.500592861e-14,9.159029964e-14,3.94750867e-13,4.530334472e-13,4.804867147e-13,3.935362079e-13,3.997952757e-13,8.804131738e-14,1.671974642e-13,8.332090119e-14,4.149756575e-14,3.926528825e-14,3.701747285e-14,1.273285777e-13,1.157888186e-13,4.899986816e-13,3.678613652e-13,1.526617341e-12,1.166668207e-13,3.242492816e-13,8.15848117e-14
62.375,3.003427772e-13,3.561452496e-13,9.558876208e-13,3.201798714e-13,1.606606459e-13,1.129821704e-13,1.642518411e-13,8.784805145e-14,4.872967761e-14,1.298776241e-13,5.581689511e-13,5.583240205e-14,9.147220177e-14,3.933404687e-13,4.542754185e-13,4.796337954e-13,3.919544574e-13,3.978606456e-13,8.651191645e-14,1.728077033e-13,8.38282959e-14,4.155530566e-14,3.93665862e-14,3.650408143e-14,1.262630216e-13,1.174837604e-13,4.87342538e-13,3.666462412e-13,1.524162625e-12,1.182244552e-13,3.226725018e-13,8.081442375e-14
62.3828125,2.958125267e-13,3.558660282e-13,9.567199551e-13,3.253549571e-13,1.6087757e-13,1.135712416e-13,1.629924048e-13,8.975601941e-14,4.96539667e-14,1.289995701e-13,5.586089686e-13,5.669329936e-14,9.139206865e-14,3.918174777e-13,4.556151249e-13,4.7901553e-13,3.904654723e-13,3.958798134e-13,8.497328662e-14,1.784964672e-13,8.432612059e-14,4.160019755e-14,3.94810096e-14,3.599527646e-14,1.251531735e-13,1.192075563e-13,4.846102512e-13,3.652095738e-13,1.521038591e-12,1.197085472e-13,3.208225875e-13,8.005215098e-14
62.390625,2.914144061e-13,3.555020672e-13,9.571536873e-13,3.30486605e-13,1.613027214e-13,1.142120795e-13,1.617122528e-13,9.166489018e-14,5.060682572e-14,1.280838319e-13,5.587332601e-13,5.76106174e-14,9.142376242e-14,3.90477293e-13,4.57080572e-13,4.785109998e-13,3.889980275e-13,3.940315635e-13,8.346461542e-14,1.842687768e-13,8.486000397e-14,4.168115232e-14,3.960800002e-14,3.552401409e-14,1.240443635e-13,1.209625758e-13,4.816799889e-13,3.636125978e-13,1.517416427e-12,1.211337593e-13,3.189148151e-13,7.928331888e-14
62.3984375,2.870667652e-13,3.551132806e-13,9.576062174e-13,3.355108275e-13,1.619903537e-13,1.150257061e-13,1.605685456e-13,9.364127306e-14,5.159475592e-14,1.271656681e-13,5.586757196e-13,5.859754926e-14,9.153031918e-14,3.892810056e-13,4.588731462e-13,4.782198731e-13,3.875006341e-13,3.922543631e-13,8.196692273e-14,1.902086049e-13,8.543396468e-14,4.180352003e-14,3.973497516e-14,3.511452236e-14,1.230441945e-13,1.227791457e-13,4.784336513e-13,3.619718842e-13,1.513629956e-12,1.225029141e-13,3.170577939e-13,7.854980891e-14
62.40625,2.827726347e-13,3.543976333e-13,9.578016843e-13,3.405255031e-13,1.627664172e-13,1.159219825e-13,1.594946061e-13,9.572508931e-14,5.260638209e-14,1.262253732e-13,5.583537991e-13,5.959211161e-14,9.16571199e-14,3.878765795e-13,4.610017499e-13,4.783174843e-13,3.859551814e-13,3.903788713e-13,8.044364566e-14,1.963183218e-13,8.599243965e-14,4.191229795e-14,3.984435623e-14,3.47436204e-14,1.221050472e-13,1.246669092e-13,4.749256198e-13,3.601389563e-13,1.509704765e-12,1.237981488e-13,3.150419735e-13,7.789012724e-14
62.4140625,2.785716009e-13,3.533770307e-13,9.574262322e-13,3.455501019e-13,1.634853023e-13,1.167225824e-13,1.583801151e-13,9.785397135e-14,5.358616797e-14,1.252284978e-13,5.577242496e-13,6.053541387e-14,9.18720726e-14,3.863531077e-13,4.634474328e-13,4.787473834e-13,3.844399492e-13,3.884437039e-13,7.893105497e-14,2.025226547e-13,8.653943959e-14,4.199791969e-14,3.994654388e-14,3.438125425e-14,1.211622052e-13,1.266509804e-13,4.712659665e-13,3.580177154e-13,1.505486642e-12,1.250517496e-13,3.128882662e-13,7.727194441e-14
62.421875,2.745697454e-13,3.526387839e-13,9.567853428e-13,3.505584221e-13,1.641950875e-13,1.175368418e-13,1.573347632e-13,1.00005722e-13,5.457329575e-14,1.242250199e-13,5.568913386e-13,6.148009216e-14,9.21680493e-14,3.848764168e-13,4.661842935e-13,4.793696842e-13,3.829843281e-13,3.864488616e-13,7.746123567e-14,2.088783179e-13,8.708247857e-14,4.209521688e-14,4.008096739e-14,3.405029092e-14,1.202580994e-13,1.287095366e-13,4.674202716e-13,3.560216056e-13,1.500761811e-12,1.262790921e-13,3.106752632e-13,7.667661591e-14
62.4296875,2.709025969e-13,3.520368287e-13,9.560277617e-13,3.557950182e-13,1.65082787e-13,1.184682556e-13,1.563701981e-13,1.022425742e-13,5.566734832e-14,1.232148614e-13,5.558482568e-13,6.250978936e-14,9.243092853e-14,3.834052596e-13,4.690737867e-13,4.802009018e-13,3.815768746e-13,3.843917475e-13,7.599639851e-14,2.153938922e-13,8.761133901e-14,4.221552324e-14,4.025424461e-14,3.376871444e-14,1.193919001e-13,1.307915065e-13,4.634309863e-13,3.542589088e-13,1.495490797e-12,1.274328703e-13,3.082922176e-13,7.614070766e-14
62.4375,2.67354598e-13,3.507736977e-13,9.551051514e-13,3.611938063e-13,1.661577586e-13,1.193798922e-13,1.553583651e-13,1.045990601e-13,5.683453787e-14,1.221581281e-13,5.54638245e-13,6.361044474e-14,9.269259685e-14,3.819612301e-13,4.721666018e-13,4.814024253e-13,3.802465796e-13,3.823920055e-13,7.450688478e-14,2.219264816e-13,8.818199941e-14,4.234706542e-14,4.044474989e-14,3.349657156e-14,1.185418102e-13,1.329222332e-13,4.594474924e-13,3.521470075e-13,1.489961677e-12,1.284969442e-13,3.058465964e-13,7.567477849e-14
62.4453125,2.637067701e-13,3.491416691e-13,9.540364635e-13,3.664263022e-13,1.671851828e-13,1.202634972e-13,1.543792366e-13,1.070253584e-13,5.798122316e-14,1.211343297e-13,5.532725791e-13,6.471300918e-14,9.305829422e-14,3.804532194e-13,4.755819852e-13,4.830900517e-13,3.790372281e-13,3.804361628e-13,7.301831321e-14,2.284667437e-13,8.880284298e-14,4.246546987e-14,4.067426387e-14,3.322753622e-14,1.1777829e-13,1.351267932e-13,4.553672907e-13,3.496302403e-13,1.484167664e-12,1.294996866e-13,3.03497749e-13,7.52588898e-14
62.453125,2.603073826e-13,3.480036301e-13,9.526679113e-13,3.716798008e-13,1.681797405e-13,1.212056372e-13,1.535309905e-13,1.094488374e-13,5.912038881e-14,1.201565685e-13,5.515941178e-13,6.579720935e-14,9.345867518e-14,3.78778249e-13,4.791383621e-13,4.851287279e-13,3.780092402e-13,3.784356272e-13,7.155886475e-14,2.351240726e-13,8.939225709e-14,4.256584089e-14,4.096373891e-14,3.29919071e-14,1.171117638e-13,1.373776464e-13,4.510439373e-13,3.472734594e-13,1.477808747e-12,1.304442842e-13,3.010936707e-13,7.489800425e-14
62.4609375,2.573011171e-13,3.47038865e-13,9.511377733e-13,3.771149483e-13,1.693557431e-13,1.221740591e-13,1.527233229e-13,1.119152563e-13,6.029702078e-14,1.190919295e-13,5.496990809e-13,6.689527396e-14,9.383284555e-14,3.770809938e-13,4.828330348e-13,4.87414003e-13,3.771061063e-13,3.76362688e-13,7.01154755e-14,2.41857044e-13,8.996908727e-14,4.269532789e-14,4.12652871e-14,3.278922957e-14,1.16458509e-13,1.396630535e-13,4.466432279e-13,3.449742932e-13,1.47124328e-12,1.313037477e-13,2.986274403e-13,7.459316329e-14
62.46875,2.541712104e-13,3.455821034e-13,9.497264131e-13,3.823718669e-13,1.705422277e-13,1.231765107e-13,1.519650089e-13,1.145121309e-13,6.14735659e-14,1.179631242e-13,5.477253919e-13,6.801386696e-14,9.429004056e-14,3.753102626e-13,4.869535802e-13,4.901276651e-13,3.761303283e-13,3.741045003e-13,6.864306491e-14,2.484756022e-13,9.060182785e-14,4.285687731e-14,4.154293775e-14,3.264161446e-14,1.158348084e-13,1.419530115e-13,4.422350997e-13,3.422243492e-13,1.46493533e-12,1.320540887e-13,2.962377127e-13,7.430569375e-14
62.4765625,2.508726578e-13,3.438577233e-13,9.480675631e-13,3.873053698e-13,1.715605066e-13,1.241931305e-13,1.513217368e-13,1.17164488e-13,6.261957207e-14,1.168929555e-13,5.454475893e-13,6.912510939e-14,9.48155756e-14,3.733343444e-13,4.913262944e-13,4.931956859e-13,3.751165401e-13,3.717268298e-13,6.71278205e-14,2.548709049e-13,9.124854327e-14,4.298982711e-14,4.182536218e-14,3.256302453e-14,1.152908972e-13,1.442235288e-13,4.376277982e-13,3.391543987e-13,1.458401611e-12,1.327110667e-13,2.937317972e-13,7.402401646e-14
62.484375,2.479795062e-13,3.420648695e-13,9.459628439e-13,3.921030607e-13,1.727217462e-13,1.251245853e-13,1.506833974e-13,1.197980297e-13,6.381147697e-14,1.158428006e-13,5.428954158e-13,7.025171418e-14,9.525695785e-14,3.714287814e-13,4.956378256e-13,4.962948768e-13,3.743205803e-13,3.695396562e-13,6.56190935e-14,2.612894663e-13,9.188285569e-14,4.312185539e-14,4.21287344e-14,3.25011007e-14,1.147666538e-13,1.465383797e-13,4.328633455e-13,3.361094606e-13,1.451264822e-12,1.333248131e-13,2.910043699e-13,7.380962849e-14
62.4921875,2.454473553e-13,3.400272293e-13,9.436995368e-13,3.968830542e-13,1.741079776e-13,1.260138441e-13,1.500014063e-13,1.22476403e-13,6.507267498e-14,1.147669984e-13,5.403342559e-13,7.141472705e-14,9.565897964e-14,3.695955065e-13,5.001448647e-13,4.996411694e-13,3.737223822e-13,3.674417416e-13,6.4136214e-14,2.681286041e-13,9.253030306e-14,4.330180999e-14,4.243626836e-14,3.244857211e-14,1.142295918e-13,1.489359606e-13,4.281148239e-13,3.33029291e-13,1.443883183e-12,1.338981634e-13,2.882390011e-13,7.369620588e-14
62.5,2.427792361e-13,3.379559553e-13,9.410330109e-13,4.017425496e-13,1.753305652e-13,1.26931832e-13,1.493971866e-13,1.251743534e-13,6.627227749e-14,1.137002988e-13,5.375299853e-13,7.253554389e-14,9.613159537e-14,3.673837599e-13,5.049893728e-13,5.034925089e-13,3.73064248e-13,3.650640678e-13,6.262848433e-14,2.752307374e-13,9.314678544e-14,4.345181515e-14,4.275015236e-14,3.243547547e-14,1.137339089e-13,1.513765609e-13,4.232265929e-13,3.297916643e-13,1.436195069e-12,1.343685493e-13,2.853786691e-13,7.363674345e-14
62.5078125,2.400775546e-13,3.360193051e-13,9.379401848e-13,4.066344934e-13,1.764255164e-13,1.278890181e-13,1.489131547e-13,1.278415053e-13,6.739613629e-14,1.126133334e-13,5.343057963e-13,7.361121637e-14,9.660915945e-14,3.64952325e-13,5.09875337e-13,5.074362664e-13,3.722888028e-13,3.625407993e-13,6.109838893e-14,2.820672279e-13,9.372990414e-14,4.355357344e-14,4.308561952e-14,3.244603256e-14,1.132943156e-13,1.538507347e-13,4.180021e-13,3.264580575e-13,1.427981898e-12,1.34715192e-13,2.82387991e-13,7.362018616e-14
62.515625,2.377368276e-13,3.33910452e-13,9.350846843e-13,4.113961305e-13,1.777885742e-13,1.289368019e-13,1.485131478e-13,1.305963764e-13,6.860662198e-14,1.115102642e-13,5.30966703e-13,7.47749701e-14,9.704600855e-14,3.627628552e-13,5.14854943e-13,5.114042547e-13,3.715625953e-13,3.601462425e-13,5.960609888e-14,2.887483109e-13,9.435728469e-14,4.37126227e-14,4.343318242e-14,3.250678686e-14,1.128919697e-13,1.56362559e-13,4.12605438e-13,3.231271797e-13,1.419689867e-12,1.350026903e-13,2.79491311e-13,7.3684899e-14
62.5234375,2.35780277e-13,3.315704542e-13,9.321919039e-13,4.16051566e-13,1.793132215e-13,1.299605307e-13,1.482003666e-13,1.334656645e-13,6.989217641e-14,1.104521028e-13,5.274714318e-13,7.598202041e-14,9.747569746e-14,3.605376495e-13,5.2016829e-13,5.159675758e-13,3.710239335e-13,3.577475648e-13,5.813932218e-14,2.957953666e-13,9.498033018e-14,4.390449716e-14,4.376512246e-14,3.264452891e-14,1.125228802e-13,1.589087436e-13,4.073047181e-13,3.197956805e-13,1.411416119e-12,1.352682451e-13,2.765737194e-13,7.380852956e-14
62.53125,2.340751787e-13,3.291906029e-13,9.285274371e-13,4.205790648e-13,1.806475202e-13,1.307928937e-13,1.479664062e-13,1.363043263e-13,7.110021044e-14,1.093678735e-13,5.235504838e-13,7.703290012e-14,9.787782696e-14,3.579205145e-13,5.25628549e-13,5.21070534e-13,3.706443983e-13,3.552581369e-13,5.665783549e-14,3.031079047e-13,9.549411749e-14,4.40346007e-14,4.408556384e-14,3.278815467e-14,1.121929559e-13,1.615047715e-13,4.021050326e-13,3.163025255e-13,1.402767457e-12,1.354516086e-13,2.734124304e-13,7.39629564e-14
62.5390625,2.325390735e-13,3.266717274e-13,9.245146302e-13,4.249286377e-13,1.818848612e-13,1.315904836e-13,1.477900749e-13,1.391165171e-13,7.226909997e-14,1.081830934e-13,5.19388646e-13,7.796528571e-14,9.825271572e-14,3.551421288e-13,5.310570987e-13,5.26245699e-13,3.703290066e-13,3.527843152e-13,5.518275641e-14,3.102525313e-13,9.596282156e-14,4.415285094e-14,4.444695556e-14,3.292493497e-14,1.11943064e-13,1.641056885e-13,3.968187355e-13,3.12593932e-13,1.39391831e-12,1.355069816e-13,2.702105546e-13,7.419528631e-14
62.546875,2.310965495e-13,3.239399467e-13,9.205552384e-13,4.294158385e-13,1.832473702e-13,1.324693021e-13,1.476732453e-13,1.420358419e-13,7.350742772e-14,1.070097265e-13,5.150986023e-13,7.895240601e-14,9.862023822e-14,3.52289275e-13,5.36594152e-13,5.316718545e-13,3.700629714e-13,3.502158159e-13,5.370967856e-14,3.172162935e-13,9.649650379e-14,4.42983884e-14,4.487410999e-14,3.312796972e-14,1.117785273e-13,1.666659704e-13,3.913944568e-13,3.088880691e-13,1.384980704e-12,1.354859532e-13,2.670237612e-13,7.453412727e-14
62.5546875,2.297952574e-13,3.21161444e-13,9.162340154e-13,4.342052048e-13,1.846021509e-13,1.332459608e-13,1.476259309e-13,1.450772932e-13,7.476910253e-14,1.059646651e-13,5.104620423e-13,7.996475959e-14,9.895948421e-14,3.491422881e-13,5.423091478e-13,5.375970764e-13,3.697666818e-13,3.473836806e-13,5.220357368e-14,3.241452922e-13,9.708159482e-14,4.440731273e-14,4.532116417e-14,3.339255985e-14,1.116190341e-13,1.692646003e-13,3.859409679e-13,3.052938589e-13,1.375566111e-12,1.354333186e-13,2.636443726e-13,7.494831297e-14
62.5625,2.287428078e-13,3.184484756e-13,9.116216049e-13,4.389183041e-13,1.858338225e-13,1.339391302e-13,1.47675203e-13,1.4815078e-13,7.599799858e-14,1.050217276e-13,5.055498093e-13,8.092044994e-14,9.929851996e-14,3.458395264e-13,5.481697995e-13,5.437950125e-13,3.69341428e-13,3.444102973e-13,5.071487909e-14,3.310646249e-13,9.768596063e-14,4.449771355e-14,4.575262199e-14,3.368126436e-14,1.114559535e-13,1.719412027e-13,3.80454504e-13,3.017163003e-13,1.365915781e-12,1.353182302e-13,2.602306177e-13,7.541447492e-14
62.5703125,2.279360764e-13,3.157918709e-13,9.071310363e-13,4.433338539e-13,1.871712552e-13,1.347559058e-13,1.478471994e-13,1.511918328e-13,7.723193654e-14,1.041136658e-13,5.005964054e-13,8.186493939e-14,9.964616706e-14,3.427075196e-13,5.541962011e-13,5.502179463e-13,3.690438818e-13,3.415319539e-13,4.929763006e-14,3.379915452e-13,9.831086078e-14,4.464730385e-14,4.618427229e-14,3.39973971e-14,1.113742472e-13,1.746048492e-13,3.749367476e-13,2.981609748e-13,1.356647479e-12,1.351093336e-13,2.570060994e-13,7.592690044e-14
62.578125,2.273519865e-13,3.130084252e-13,9.024657534e-13,4.475709089e-13,1.88677962e-13,1.355846895e-13,1.481343712e-13,1.54223036e-13,7.848593933e-14,1.032224368e-13,4.954976547e-13,8.279868846e-14,9.991813217e-14,3.396037343e-13,5.603121215e-13,5.570513015e-13,3.691549757e-13,3.387592854e-13,4.788989373e-14,3.448146037e-13,9.889908191e-14,4.48259594e-14,4.662914088e-14,3.434201632e-14,1.113734822e-13,1.772228724e-13,3.695591344e-13,2.945951003e-13,1.34761573e-12,1.348070014e-13,2.537771448e-13,7.648839004e-14
62.5859375,2.269953107e-13,3.0989786e-13,8.971821924e-13,4.517062984e-13,1.900090697e-13,1.361947261e-13,1.485095656e-13,1.572795492e-13,7.97008585e-14,1.02368373e-13,4.900487526e-13,8.364758075e-14,1.001111782e-13,3.361257303e-13,5.663955337e-13,5.642111002e-13,3.694394686e-13,3.358910198e-13,4.644851694e-14,3.514522684e-13,9.939106003e-14,4.494704794e-14,4.70926442e-14,3.472638826e-14,1.114006302e-13,1.79838737e-13,3.642493309e-13,2.908701287e-13,1.338301711e-12,1.344190116e-13,2.503194384e-13,7.711029146e-14
62.59375,2.268260016e-13,3.066169819e-13,8.915529976e-13,4.55829805e-13,1.910302599e-13,1.366922662e-13,1.489502144e-13,1.603083054e-13,8.082527185e-14,1.015585098e-13,4.843408381e-13,8.4407139e-14,1.003048717e-13,3.322874535e-13,5.725126363e-13,5.715360481e-13,3.696717353e-13,3.328767944e-13,4.504001215e-14,3.581700235e-13,9.984256144e-14,4.500511319e-14,4.758379656e-14,3.514509555e-14,1.114778867e-13,1.824636856e-13,3.587153852e-13,2.870653593e-13,1.328586925e-12,1.339645588e-13,2.466962735e-13,7.779457864e-14
62.6015625,2.267985483e-13,3.033487734e-13,8.861181254e-13,4.597914103e-13,1.920105906e-13,1.372881916e-13,1.494614179e-13,1.632968295e-13,8.190246221e-14,1.00798127e-13,4.786599958e-13,8.510730158e-14,1.005079025e-13,3.283868717e-13,5.787692915e-13,5.79081067e-13,3.700188966e-13,3.298824414e-13,4.369996422e-14,3.651517107e-13,1.00336673e-13,4.507181403e-14,4.808464817e-14,3.555187523e-14,1.116313591e-13,1.85109075e-13,3.531044035e-13,2.83351472e-13,1.318839237e-12,1.334611836e-13,2.431058532e-13,7.854692974e-14
62.609375,2.268916616e-13,2.999626171e-13,8.807908572e-13,4.63199885e-13,1.931199654e-13,1.37884371e-13,1.500461925e-13,1.663642056e-13,8.302882942e-14,1.001098168e-13,4.730667664e-13,8.577154816e-14,1.006771833e-13,3.244421533e-13,5.850558442e-13,5.868888181e-13,3.704871147e-13,3.269352311e-13,4.238400094e-14,3.721318037e-13,1.008518258e-13,4.517887281e-14,4.857990941e-14,3.594720072e-14,1.118279958e-13,1.877667834e-13,3.477622992e-13,2.796634649e-13,1.309442357e-12,1.329182345e-13,2.396222224e-13,7.937401103e-14
62.6171875,2.271430828e-13,2.964262039e-13,8.752249396e-13,4.66341012e-13,1.943452403e-13,1.383161334e-13,1.506828671e-13,1.695409609e-13,8.422427899e-14,9.944640569e-14,4.673347852e-13,8.647083031e-14,1.007532179e-13,3.203708207e-13,5.912513589e-13,5.948315341e-13,3.709439275e-13,3.239867628e-13,4.106811861e-14,3.788513629e-13,1.01325705e-13,4.527865308e-14,4.908706132e-14,3.636537957e-14,1.120417828e-13,1.903712155e-13,3.425782838e-13,2.759463113e-13,1.300130566e-12,1.323440553e-13,2.361127216e-13,8.025490083e-14
62.625,2.276498467e-13,2.927717695e-13,8.697899269e-13,4.698237324e-13,1.956758334e-13,1.387434259e-13,1.513891764e-13,1.726976252e-13,8.542579631e-14,9.874443634e-14,4.614604173e-13,8.724979659e-14,1.007204089e-13,3.162791256e-13,5.974664492e-13,6.028558894e-13,3.715104563e-13,3.211255793e-13,3.976766883e-14,3.85417615e-13,1.017672303e-13,4.536007638e-14,4.959970693e-14,3.681550003e-14,1.122774023e-13,1.929134383e-13,3.37377324e-13,2.722571226e-13,1.290584295e-12,1.317167381e-13,2.325542554e-13,8.117148743e-14
62.6328125,2.283776836e-13,2.888327922e-13,8.647492563e-13,4.734003618e-13,1.970011239e-13,1.393146616e-13,1.521700183e-13,1.757938046e-13,8.658561948e-14,9.806948151e-14,4.556511792e-13,8.802757449e-14,1.006741473e-13,3.121233578e-13,6.03796463e-13,6.111279326e-13,3.722162008e-13,3.1826726e-13,3.850116075e-14,3.920869035e-13,1.022264412e-13,4.547238372e-14,5.009356834e-14,3.732359116e-14,1.125276102e-13,1.954633468e-13,3.322846919e-13,2.685291134e-13,1.281200908e-12,1.31004933e-13,2.290790074e-13,8.212961912e-14
62.640625,2.292170069e-13,2.847861275e-13,8.593050279e-13,4.767443832e-13,1.981483443e-13,1.398467028e-13,1.529713943e-13,1.789326455e-13,8.770185074e-14,9.746903769e-14,4.497446775e-13,8.867557429e-14,1.006659041e-13,3.077298002e-13,6.101752474e-13,6.197522626e-13,3.729372541e-13,3.151978801e-13,3.72843804e-14,3.988814623e-13,1.027067166e-13,4.559645693e-14,5.059128701e-14,3.788958867e-14,1.127796872e-13,1.980261452e-13,3.272910373e-13,2.647576036e-13,1.272080172e-12,1.302184957e-13,2.255633558e-13,8.313011514e-14
62.6484375,2.302070684e-13,2.81091369e-13,8.531237343e-13,4.801207099e-13,1.990648526e-13,1.402549627e-13,1.538479073e-13,1.821461612e-13,8.878378863e-14,9.686927202e-14,4.435046663e-13,8.916159659e-14,1.006432165e-13,3.031501417e-13,6.165795724e-13,6.286153567e-13,3.73788017e-13,3.120171795e-13,3.611155196e-14,4.055114408e-13,1.031695437e-13,4.566324347e-14,5.11151673e-14,3.844895082e-14,1.130705616e-13,2.00522215e-13,3.222834174e-13,2.611196848e-13,1.262783552e-12,1.293703897e-13,2.218181521e-13,8.416650766e-14
62.65625,2.313303344e-13,2.77517424e-13,8.470121592e-13,4.832432406e-13,1.997705732e-13,1.40653813e-13,1.548746294e-13,1.853476837e-13,8.98187884e-14,9.627332765e-14,4.371666317e-13,8.956942957e-14,1.005823206e-13,2.98406917e-13,6.228870845e-13,6.375634897e-13,3.748517776e-13,3.08864572e-13,3.494770892e-14,4.118455302e-13,1.036113927e-13,4.567291561e-14,5.163174972e-14,3.899231948e-14,1.134324425e-13,2.029162902e-13,3.173833786e-13,2.575572028e-13,1.253492497e-12,1.284745973e-13,2.179924233e-13,8.522633149e-14
62.6640625,2.325165258e-13,2.734449012e-13,8.411001811e-13,4.856048508e-13,2.002776222e-13,1.409223113e-13,1.559208083e-13,1.884762855e-13,9.078374523e-14,9.574131399e-14,4.309008446e-13,8.995436378e-14,1.004450777e-13,2.933632202e-13,6.287878009e-13,6.464358553e-13,3.759716772e-13,3.056307768e-13,3.376528834e-14,4.180803189e-13,1.040473763e-13,4.565755519e-14,5.21187553e-14,3.957633624e-14,1.13796181e-13,2.052494392e-13,3.126356764e-13,2.538371093e-13,1.24441637e-12,1.275824722e-13,2.142245714e-13,8.63011649e-14
62.671875,2.339729803e-13,2.69062946e-13,8.347768985e-13,4.877461724e-13,2.006200496e-13,1.409459344e-13,1.569302624e-13,1.915354679e-13,9.169114603e-14,9.522404367e-14,4.244955279e-13,9.02680391e-14,1.002067482e-13,2.880981373e-13,6.343304645e-13,6.551746959e-13,3.771138571e-13,3.023371976e-13,3.258338381e-14,4.242310127e-13,1.044411633e-13,4.562081268e-14,5.260338903e-14,4.02073243e-14,1.141138016e-13,2.075328665e-13,3.078624371e-13,2.500850013e-13,1.235135672e-12,1.266725583e-13,2.104466027e-13,8.74113127e-14
62.6796875,2.357423513e-13,2.650625924e-13,8.282710778e-13,4.901964608e-13,2.008845103e-13,1.410057522e-13,1.580748146e-13,1.945328834e-13,9.256823058e-14,9.466767422e-14,4.179370562e-13,9.051116367e-14,9.999201453e-14,2.828261758e-13,6.399469587e-13,6.640129902e-13,3.783291037e-13,2.991208478e-13,3.145137544e-14,4.301421136e-13,1.047910429e-13,4.55756285e-14,5.309970631e-14,4.086023438e-14,1.144612286e-13,2.097159712e-13,3.030401764e-13,2.465328739e-13,1.225795655e-12,1.256220029e-13,2.067142103e-13,8.854339755e-14
62.6875,2.374345058e-13,2.614136176e-13,8.221206563e-13,4.925647225e-13,2.011523628e-13,1.413057543e-13,1.59369062e-13,1.974718017e-13,9.340147803e-14,9.408877869e-14,4.114002375e-13,9.076653247e-14,9.986346818e-14,2.776047337e-13,6.457192327e-13,6.730679822e-13,3.795534553e-13,2.959187206e-13,3.038090206e-14,4.358701205e-13,1.051817165e-13,4.55397767e-14,5.358475092e-14,4.153452598e-14,1.148616411e-13,2.117928845e-13,2.983078143e-13,2.430330538e-13,1.21694766e-12,1.244237547e-13,2.031206581e-13,8.962677321e-14
62.6953125,2.390509121e-13,2.575437851e-13,8.160680658e-13,4.946385193e-13,2.01374609e-13,1.416201285e-13,1.60671132e-13,2.003640984e-13,9.418134442e-14,9.350996492e-14,4.048420954e-13,9.101633956e-14,9.968735802e-14,2.724218569e-13,6.514053927e-13,6.82114965e-13,3.807946408e-13,2.926846104e-13,2.934540203e-14,4.414681125e-13,1.056142369e-13,4.550199929e-14,5.40521297e-14,4.220955355e-14,1.152538984e-13,2.138377432e-13,2.937476652e-13,2.394686162e-13,1.208440656e-12,1.232217956e-13,1.995790744e-13,9.06709982e-14
62.703125,2.409802296e-13,2.534504037e-13,8.097951705e-13,4.965712957e-13,2.01453663e-13,1.417318064e-13,1.619757451e-13,2.032317689e-13,9.495508564e-14,9.297160885e-14,3.982769776e-13,9.119039597e-14,9.94083427e-14,2.672392403e-13,6.570098808e-13,6.911370325e-13,3.821377241e-13,2.895429962e-13,2.834493844e-14,4.469549607e-13,1.060050668e-13,4.544721024e-14,5.452128764e-14,4.285294834e-14,1.156594879e-13,2.158926419e-13,2.893903665e-13,2.360101355e-13,1.200122338e-12,1.220759048e-13,1.960392671e-13,9.176956699e-14
62.7109375,2.431114659e-13,2.495504659e-13,8.036010133e-13,4.982310808e-13,2.014074446e-13,1.417417064e-13,1.633191822e-13,2.06090232e-13,9.574120091e-14,9.249288274e-14,3.918938848e-13,9.132421711e-14,9.90858339e-14,2.619813983e-13,6.626345885e-13,7.002994528e-13,3.835896044e-13,2.865500796e-13,2.738068785e-14,4.525194253e-13,1.063874146e-13,4.537490534e-14,5.498322789e-14,4.349806746e-14,1.161065572e-13,2.179033571e-13,2.852002648e-13,2.326383166e-13,1.192243401e-12,1.209160954e-13,1.925779868e-13,9.292938366e-14
62.71875,2.451316107e-13,2.457194859e-13,7.977838106e-13,4.995769656e-13,2.01221895e-13,1.418218955e-13,1.64730987e-13,2.089121004e-13,9.646000432e-14,9.204678045e-14,3.856472711e-13,9.143671219e-14,9.871525279e-14,2.566183365e-13,6.682048952e-13,7.094696494e-13,3.850811132e-13,2.836045871e-13,2.641615933e-14,4.580994705e-13,1.068268627e-13,4.528185969e-14,5.541752758e-14,4.419811386e-14,1.165520769e-13,2.198177824e-13,2.811352351e-13,2.291902594e-13,1.184704412e-12,1.196955588e-13,1.89213351e-13,9.409973343e-14
62.7265625,2.471364348e-13,2.415829306e-13,7.921541723e-13,5.008185065e-13,2.007887776e-13,1.4196628e-13,1.662774062e-13,2.116784736e-13,9.704987997e-14,9.163959098e-14,3.79359863e-13,9.146069376e-14,9.831896342e-14,2.511600661e-13,6.737512317e-13,7.18618572e-13,3.865688816e-13,2.806265673e-13,2.544835807e-14,4.633987191e-13,1.072605253e-13,4.515799642e-14,5.584819478e-14,4.49243618e-14,1.170253966e-13,2.216863752e-13,2.772396949e-13,2.257327549e-13,1.177268303e-12,1.184306226e-13,1.858885545e-13,9.529546982e-14
62.734375,2.492681207e-13,2.373632614e-13,7.863834164e-13,5.019916168e-13,2.001318753e-13,1.420739488e-13,1.678952782e-13,2.144401281e-13,9.756889586e-14,9.127189809e-14,3.730999298e-13,9.137869144e-14,9.798003996e-14,2.456951042e-13,6.794572842e-13,7.281142365e-13,3.882581689e-13,2.777547775e-13,2.452059974e-14,4.685545776e-13,1.076443017e-13,4.500274288e-14,5.628211785e-14,4.563729025e-14,1.175938593e-13,2.235806203e-13,2.734926124e-13,2.223328781e-13,1.169979157e-12,1.171578209e-13,1.825996414e-13,9.651642307e-14
62.7421875,2.514771997e-13,2.33419802e-13,7.803694187e-13,5.030128927e-13,1.993537995e-13,1.421124485e-13,1.694908938e-13,2.172208072e-13,9.808377104e-14,9.092593643e-14,3.669553623e-13,9.120213638e-14,9.767184501e-14,2.402906684e-13,6.852720254e-13,7.380787206e-13,3.903770859e-13,2.751291103e-13,2.363587171e-14,4.738279534e-13,1.080250564e-13,4.483261569e-14,5.66648885e-14,4.637891611e-14,1.182248617e-13,2.254706193e-13,2.698417441e-13,2.189523363e-13,1.162875338e-12,1.15905584e-13,1.794023621e-13,9.770195722e-14
62.75,2.537091775e-13,2.295233172e-13,7.741643115e-13,5.03809949e-13,1.984724168e-13,1.420846008e-13,1.711228696e-13,2.199711754e-13,9.857686251e-14,9.066063952e-14,3.607768741e-13,9.092422547e-14,9.727980887e-14,2.34789899e-13,6.908944622e-13,7.481332204e-13,3.926312126e-13,2.725376188e-13,2.276734232e-14,4.789788105e-13,1.084004412e-13,4.465512327e-14,5.69879933e-14,4.716763197e-14,1.188512825e-13,2.272681584e-13,2.663571682e-13,2.156625811e-13,1.155869492e-12,1.146659717e-13,1.762894946e-13,9.884259199e-14
62.7578125,2.559895598e-13,2.253615725e-13,7.679567946e-13,5.043762152e-13,1.975283837e-13,1.419904878e-13,1.728033747e-13,2.226673301e-13,9.90331635e-14,9.049862569e-14,3.545151036e-13,9.05977878e-14,9.677382246e-14,2.2912837e-13,6.962018392e-13,7.579370248e-13,3.946870828e-13,2.698278647e-13,2.192644799e-14,4.837304194e-13,1.087472352e-13,4.445902864e-14,5.731389874e-14,4.795474778e-14,1.194452019e-13,2.289146526e-13,2.629936111e-13,2.124950717e-13,1.148809436e-12,1.134101636e-13,1.732242286e-13,9.997219574e-14
62.765625,2.584244242e-13,2.211084729e-13,7.620389206e-13,5.0484838e-13,1.965383237e-13,1.419021785e-13,1.744744532e-13,2.253065739e-13,9.946332589e-14,9.033750807e-14,3.483979654e-13,9.026507927e-14,9.624862972e-14,2.235247721e-13,7.01392054e-13,7.675842973e-13,3.968265504e-13,2.672499385e-13,2.113371135e-14,4.882601768e-13,1.091061967e-13,4.425388546e-14,5.766620445e-14,4.874898653e-14,1.200231518e-13,2.304229639e-13,2.596342105e-13,2.093669983e-13,1.141826679e-12,1.121226617e-13,1.702997941e-13,1.01088741e-13
62.7734375,2.609673566e-13,2.170089288e-13,7.563775162e-13,5.052584963e-13,1.953638579e-13,1.418742531e-13,1.761696626e-13,2.278732526e-13,9.98289814e-14,9.014334776e-14,3.424936158e-13,8.988067072e-14,9.579832115e-14,2.179934729e-13,7.066057268e-13,7.773326086e-13,3.992330697e-13,2.648457759e-13,2.037119369e-14,4.928661693e-13,1.094828212e-13,4.40526736e-14,5.802257877e-14,4.957749276e-14,1.206365394e-13,2.318866277e-13,2.564569858e-13,2.062900579e-13,1.135407989e-12,1.108052398e-13,1.675674485e-13,1.021907481e-13
62.78125,2.634654225e-13,2.129766947e-13,7.506112104e-13,5.055288907e-13,1.939391601e-13,1.418064281e-13,1.778654475e-13,2.303868194e-13,1.001052228e-13,8.998402681e-14,3.365840126e-13,8.942672464e-14,9.538160199e-14,2.12370912e-13,7.116174631e-13,7.870024129e-13,4.015612308e-13,2.623676748e-13,1.962736355e-14,4.975303443e-13,1.098185039e-13,4.382379184e-14,5.836733694e-14,5.038218463e-14,1.212743979e-13,2.333360049e-13,2.535705415e-13,2.033328602e-13,1.129438905e-12,1.094778851e-13,1.64860759e-13,1.032974596e-13
62.7890625,2.660523191e-13,2.088610301e-13,7.446746154e-13,5.056456317e-13,1.924130537e-13,1.416051425e-13,1.794662063e-13,2.328549347e-13,1.00344003e-13,8.984830594e-14,3.306425437e-13,8.892750915e-14,9.489450299e-14,2.067204542e-13,7.161297693e-13,7.961429636e-13,4.036426556e-13,2.598578178e-13,1.893256124e-14,5.019612207e-13,1.101237355e-13,4.35556231e-14,5.867552846e-14,5.114419916e-14,1.218568314e-13,2.346593644e-13,2.507068922e-13,2.005066977e-13,1.123323843e-12,1.081478577e-13,1.621267482e-13,1.044039526e-13
62.796875,2.688209711e-13,2.047417716e-13,7.38822587e-13,5.055076931e-13,1.909042441e-13,1.413728179e-13,1.810210498e-13,2.352323922e-13,1.005612134e-13,8.967429593e-14,3.248582511e-13,8.837718383e-14,9.433122405e-14,2.010540175e-13,7.202643258e-13,8.048260529e-13,4.055736346e-13,2.573819937e-13,1.829521397e-14,5.06071751e-13,1.104809705e-13,4.328889447e-14,5.892619542e-14,5.193336884e-14,1.223651399e-13,2.358220426e-13,2.478276498e-13,1.977892493e-13,1.117234736e-12,1.067942601e-13,1.595162513e-13,1.054816986e-13
62.8046875,2.715754774e-13,2.00780549e-13,7.331424737e-13,5.05171034e-13,1.89350059e-13,1.412387425e-13,1.826358263e-13,2.374893177e-13,1.006988337e-13,8.948138129e-14,3.192174816e-13,8.778623575e-14,9.375472224e-14,1.952999588e-13,7.243726941e-13,8.134455639e-13,4.07405917e-13,2.548140016e-13,1.768158229e-14,5.100419193e-13,1.108970969e-13,4.301407543e-14,5.913478285e-14,5.273814011e-14,1.228504822e-13,2.369105265e-13,2.452012751e-13,1.951687842e-13,1.111513085e-12,1.054337318e-13,1.570172163e-13,1.065030991e-13
62.8125,2.743812481e-13,1.969222007e-13,7.27535581e-13,5.048736961e-13,1.876197301e-13,1.411190997e-13,1.843142158e-13,2.396068164e-13,1.00742154e-13,8.932204316e-14,3.136226366e-13,8.717147737e-14,9.319153694e-14,1.896569646e-13,7.284639773e-13,8.219842554e-13,4.093120609e-13,2.522913029e-13,1.7093925e-14,5.137603921e-13,1.112968591e-13,4.26870045e-14,5.931932098e-14,5.348954884e-14,1.233607721e-13,2.37915412e-13,2.428098998e-13,1.926573767e-13,1.10585969e-12,1.041041282e-13,1.545737579e-13,1.074681695e-13
62.8203125,2.773489071e-13,1.929989721e-13,7.219390548e-13,5.042911145e-13,1.85693789e-13,1.408500289e-13,1.860193337e-13,2.415896244e-13,1.007411788e-13,8.91940945e-14,3.081295457e-13,8.651504454e-14,9.260741467e-14,1.841657544e-13,7.323788333e-13,8.303670037e-13,4.113579712e-13,2.499496813e-13,1.655176081e-14,5.170729212e-13,1.116581392e-13,4.233427454e-14,5.947865307e-14,5.423056496e-14,1.239073196e-13,2.388167045e-13,2.405552716e-13,1.901769677e-13,1.100352806e-12,1.027830969e-13,1.523160676e-13,1.084197334e-13
62.828125,2.802161336e-13,1.890887051e-13,7.163980081e-13,5.030760509e-13,1.837326338e-13,1.404745836e-13,1.877183694e-13,2.435231036e-13,1.007379321e-13,8.907506863e-14,3.027256736e-13,8.584034964e-14,9.195498695e-14,1.785593992e-13,7.36255964e-13,8.388915352e-13,4.133730295e-13,2.476385775e-13,1.602323234e-14,5.204079051e-13,1.120103047e-13,4.198636487e-14,5.962224914e-14,5.501895232e-14,1.244563197e-13,2.39713572e-13,2.385887497e-13,1.876735333e-13,1.09533763e-12,1.014601443e-13,1.502307373e-13,1.093934527e-13
62.8359375,2.829406797e-13,1.853803494e-13,7.110325514e-13,5.018550848e-13,1.818127487e-13,1.401700498e-13,1.893995755e-13,2.4545281e-13,1.007238925e-13,8.896128045e-14,2.973419358e-13,8.518932144e-14,9.130953296e-14,1.729733963e-13,7.40214907e-13,8.476066538e-13,4.154398955e-13,2.454721555e-13,1.55049152e-14,5.239579516e-13,1.12349043e-13,4.161374077e-14,5.977008171e-14,5.580135624e-14,1.250031441e-13,2.405981394e-13,2.369162342e-13,1.853481298e-13,1.090494582e-12,1.001780595e-13,1.482022819e-13,1.103672296e-13
62.84375,2.856166922e-13,1.818061227e-13,7.059241521e-13,5.010309581e-13,1.797161619e-13,1.399947473e-13,1.910867116e-13,2.473251114e-13,1.006323833e-13,8.885083014e-14,2.920896639e-13,8.453428332e-14,9.082987291e-14,1.677434342e-13,7.441478266e-13,8.561396742e-13,4.176572378e-13,2.436551191e-13,1.505867377e-14,5.271139549e-13,1.126947866e-13,4.121110858e-14,5.990228702e-14,5.656059937e-14,1.255901593e-13,2.413190968e-13,2.353874208e-13,1.832579077e-13,1.085811976e-12,9.890958452e-14,1.463860269e-13,1.112718049e-13
62.8515625,2.880313726e-13,1.782454014e-13,7.010967795e-13,4.999876621e-13,1.773661357e-13,1.398942147e-13,1.927690885e-13,2.491590146e-13,1.004461198e-13,8.876680858e-14,2.870749336e-13,8.385717717e-14,9.046952782e-14,1.627359506e-13,7.481233947e-13,8.64491491e-13,4.197926487e-13,2.419595599e-13,1.468961628e-14,5.297737084e-13,1.131242904e-13,4.080593698e-14,5.995785301e-14,5.735700369e-14,1.261919689e-13,2.418694198e-13,2.340581858e-13,1.811297012e-13,1.081884478e-12,9.758889287e-14,1.448518908e-13,1.120653888e-13
62.859375,2.903161248e-13,1.747546609e-13,6.964830729e-13,4.985077024e-13,1.750729823e-13,1.397753976e-13,1.943863022e-13,2.510224398e-13,1.002648439e-13,8.874403811e-14,2.822422984e-13,8.317676587e-14,9.003244076e-14,1.577718506e-13,7.521513887e-13,8.729776117e-13,4.219058938e-13,2.402605146e-13,1.434879126e-14,5.325827263e-13,1.136338947e-13,4.040234474e-14,5.992978644e-14,5.815548237e-14,1.267522385e-13,2.424111951e-13,2.329966042e-13,1.789585849e-13,1.078493319e-12,9.62552939e-14,1.433547006e-13,1.128178632e-13
62.8671875,2.928069444e-13,1.713096804e-13,6.918638824e-13,4.969920391e-13,1.728692867e-13,1.39536818e-13,1.959127754e-13,2.528366164e-13,1.001042229e-13,8.874681572e-14,2.775553744e-13,8.245343775e-14,8.953735247e-14,1.529300985e-13,7.558222598e-13,8.813615788e-13,4.242475458e-13,2.387342602e-13,1.404168613e-14,5.354478982e-13,1.141125273e-13,3.999138124e-14,5.988489649e-14,5.888048161e-14,1.272951638e-13,2.430133448e-13,2.321161873e-13,1.769360257e-13,1.074971994e-12,9.497984982e-14,1.418637148e-13,1.136013618e-13
62.875,2.952624639e-13,1.678992095e-13,6.871391919e-13,4.954314893e-13,1.703502694e-13,1.392136755e-13,1.973919625e-13,2.54460952e-13,9.982611472e-14,8.872892059e-14,2.730130345e-13,8.164958779e-14,8.911276854e-14,1.481252038e-13,7.589427687e-13,8.891453576e-13,4.26556985e-13,2.372962955e-13,1.378560952e-14,5.378161045e-13,1.145105954e-13,3.95494615e-14,5.984392047e-14,5.958139808e-14,1.278349884e-13,2.435361049e-13,2.313777157e-13,1.749890439e-13,1.071493083e-12,9.374735781e-14,1.405338952e-13,1.143253396e-13
62.8828125,2.975312102e-13,1.6475153e-13,6.824462941e-13,4.937480948e-13,1.674905877e-13,1.389307809e-13,1.988552446e-13,2.558835892e-13,9.940767635e-14,8.870202045e-14,2.685886052e-13,8.081157037e-14,8.870451192e-14,1.432712546e-13,7.617793249e-13,8.964067852e-13,4.286010628e-13,2.358097941e-13,1.35543569e-14,5.398804375e-13,1.149004442e-13,3.906032504e-14,5.976812339e-14,6.031383832e-14,1.283268724e-13,2.43841562e-13,2.307602996e-13,1.731040071e-13,1.068443802e-12,9.251563372e-14,1.392785837e-13,1.149070237e-13
62.890625,2.998070007e-13,1.618273412e-13,6.778401118e-13,4.920840665e-13,1.646238525e-13,1.386679544e-13,2.00243449e-13,2.5718613e-13,9.896848889e-14,8.86283246e-14,2.643199105e-13,7.998289564e-14,8.826929771e-14,1.385807774e-13,7.644998426e-13,9.034805521e-13,4.30596587e-13,2.34433871e-13,1.335255187e-14,5.418410427e-13,1.153325348e-13,3.8564503e-14,5.966235219e-14,6.101931141e-14,1.2878778e-13,2.440344531e-13,2.302655733e-13,1.713189932e-13,1.06572044e-12,9.128889274e-14,1.380853867e-13,1.154413268e-13
62.8984375,3.019045301e-13,1.587567336e-13,6.73295074e-13,4.902595562e-13,1.617457852e-13,1.383414554e-13,2.015041119e-13,2.584616126e-13,9.855083743e-14,8.84758047e-14,2.602441684e-13,7.916124813e-14,8.789579395e-14,1.341146368e-13,7.671419696e-13,9.105173871e-13,4.326070991e-13,2.332302005e-13,1.322029211e-14,5.43468752e-13,1.157610346e-13,3.809304985e-14,5.954863016e-14,6.166775952e-14,1.29280583e-13,2.442826593e-13,2.300592811e-13,1.694339781e-13,1.063202422e-12,9.008987261e-14,1.371385883e-13,1.159873555e-13
62.90625,3.038169265e-13,1.556597869e-13,6.68852149e-13,4.880850343e-13,1.587735727e-13,1.37954869e-13,2.026964778e-13,2.597853376e-13,9.815501121e-14,8.835611659e-14,2.562893573e-13,7.833619878e-14,8.754897008e-14,1.296622523e-13,7.696536667e-13,9.175959134e-13,4.345847565e-13,2.320633154e-13,1.315109121e-14,5.450006158e-13,1.16176646e-13,3.762096704e-14,5.940093721e-14,6.233981089e-14,1.297824485e-13,2.445093036e-13,2.301757028e-13,1.675166708e-13,1.06085637e-12,8.890438134e-14,1.363616025e-13,1.16477691e-13
62.9140625,3.05948865e-13,1.529167694e-13,6.644910587e-13,4.857293527e-13,1.558581967e-13,1.375129947e-13,2.038709084e-13,2.611114449e-13,9.777649548e-14,8.834511429e-14,2.52409547e-13,7.749677505e-14,8.713648072e-14,1.252521506e-13,7.71819437e-13,9.244524833e-13,4.36605927e-13,2.308902395e-13,1.311309538e-14,5.465738726e-13,1.166633776e-13,3.713967217e-14,5.920467014e-14,6.30848568e-14,1.302238619e-13,2.445344889e-13,2.303613544e-13,1.658781879e-13,1.058590979e-12,8.769987587e-14,1.356070813e-13,1.168903144e-13
62.921875,3.080946942e-13,1.502755871e-13,6.602404845e-13,4.833322297e-13,1.529574686e-13,1.370571207e-13,2.049846582e-13,2.622731058e-13,9.732069992e-14,8.835779385e-14,2.48641407e-13,7.666664697e-14,8.674566438e-14,1.211205458e-13,7.737882499e-13,9.307329115e-13,4.384803668e-13,2.297660085e-13,1.310779933e-14,5.476310288e-13,1.172315577e-13,3.665160807e-14,5.899402249e-14,6.382013172e-14,1.30623356e-13,2.443626971e-13,2.305499135e-13,1.643936872e-13,1.056430149e-12,8.649128426e-14,1.350066497e-13,1.172353407e-13
62.9296875,3.098789626e-13,1.474202495e-13,6.562269155e-13,4.809616463e-13,1.499242592e-13,1.366946947e-13,2.06005431e-13,2.632178305e-13,9.675623838e-14,8.831797606e-14,2.449829482e-13,7.589042975e-14,8.646154491e-14,1.172567869e-13,7.75937077e-13,9.36795794e-13,4.400283592e-13,2.287941206e-13,1.314676745e-14,5.482254449e-13,1.177824026e-13,3.614067586e-14,5.879771682e-14,6.445181314e-14,1.310530897e-13,2.441352061e-13,2.309539241e-13,1.628364352e-13,1.054429595e-12,8.530819235e-14,1.346515473e-13,1.175074374e-13
62.9375,3.115123834e-13,1.446815446e-13,6.52414199e-13,4.7857774e-13,1.468439444e-13,1.364094698e-13,2.069474825e-13,2.640856889e-13,9.61793601e-14,8.823296024e-14,2.414595427e-13,7.514363646e-14,8.622733115e-14,1.134859599e-13,7.780940078e-13,9.430738389e-13,4.415234752e-13,2.280334188e-13,1.323822046e-14,5.489937126e-13,1.182987492e-13,3.562981924e-14,5.859916121e-14,6.501966396e-14,1.315125426e-13,2.439236266e-13,2.316551124e-13,1.612943356e-13,1.052667507e-12,8.41369413e-14,1.345053958e-13,1.177437109e-13
62.9453125,3.130046495e-13,1.422412505e-13,6.487285094e-13,4.759287091e-13,1.437531594e-13,1.361081644e-13,2.078165042e-13,2.649685961e-13,9.559231345e-14,8.814063057e-14,2.381819275e-13,7.436727255e-14,8.602099479e-14,1.098015483e-13,7.800542684e-13,9.493659608e-13,4.432147048e-13,2.273839218e-13,1.33886578e-14,5.498593985e-13,1.188539125e-13,3.514342319e-14,5.835429648e-14,6.559924348e-14,1.319585411e-13,2.436833458e-13,2.326226157e-13,1.597608995e-13,1.051325171e-12,8.296834455e-14,1.345481331e-13,1.179513059e-13
62.953125,3.142611054e-13,1.398166554e-13,6.451547447e-13,4.731526648e-13,1.406117169e-13,1.357955344e-13,2.085988861e-13,2.658087896e-13,9.493297222e-14,8.805556834e-14,2.35099307e-13,7.356221008e-14,8.586988115e-14,1.062651427e-13,7.820633729e-13,9.556055124e-13,4.450903908e-13,2.267965325e-13,1.357053503e-14,5.506136213e-13,1.194414368e-13,3.463848134e-14,5.805337425e-14,6.617859102e-14,1.323916595e-13,2.434036239e-13,2.33834361e-13,1.581804341e-13,1.050270908e-12,8.181312814e-14,1.346483764e-13,1.180961047e-13
62.9609375,3.156552896e-13,1.374347336e-13,6.414962223e-13,4.706765842e-13,1.375245468e-13,1.354586738e-13,2.092770609e-13,2.665534455e-13,9.423583833e-14,8.794622933e-14,2.320011068e-13,7.276957499e-14,8.576248726e-14,1.028235795e-13,7.839856045e-13,9.617818255e-13,4.469979383e-13,2.263358193e-13,1.37665379e-14,5.513157333e-13,1.199984741e-13,3.409963595e-14,5.773998347e-14,6.675182923e-14,1.328254885e-13,2.431327185e-13,2.351472563e-13,1.567097178e-13,1.049121254e-12,8.065896112e-14,1.348032273e-13,1.181859742e-13
62.96875,3.170557451e-13,1.352773685e-13,6.37623623e-13,4.682269122e-13,1.345027322e-13,1.350298222e-13,2.098263051e-13,2.672041906e-13,9.354229519e-14,8.783447379e-14,2.289052876e-13,7.202706513e-14,8.56687972e-14,9.944253174e-14,7.853547086e-13,9.673798848e-13,4.485584003e-13,2.25915922e-13,1.400701344e-14,5.515208948e-13,1.205321199e-13,3.35824441e-14,5.744157542e-14,6.734365162e-14,1.332464182e-13,2.427867708e-13,2.364622023e-13,1.553583009e-13,1.047837688e-12,7.94924984e-14,1.352369456e-13,1.181832845e-13
62.9765625,3.178659827e-13,1.331441972e-13,6.337095466e-13,4.652983429e-13,1.314601642e-13,1.345503272e-13,2.102120177e-13,2.677636706e-13,9.28520696e-14,8.77540608e-14,2.259947359e-13,7.133293987e-14,8.552518889e-14,9.618925703e-14,7.862348714e-13,9.723367961e-13,4.496663182e-13,2.254353049e-13,1.427360505e-14,5.510702206e-13,1.210758453e-13,3.309522963e-14,5.713583766e-14,6.791328531e-14,1.336168858e-13,2.422404188e-13,2.378671019e-13,1.539322956e-13,1.046455061e-12,7.832065507e-14,1.358361969e-13,1.180269939e-13
62.984375,3.183685143e-13,1.309478507e-13,6.299093015e-13,4.621693643e-13,1.284532741e-13,1.341150179e-13,2.104715985e-13,2.682541943e-13,9.215691562e-14,8.762690267e-14,2.232361876e-13,7.063480008e-14,8.531460832e-14,9.311377761e-14,7.869619275e-13,9.772078956e-13,4.50767364e-13,2.25037055e-13,1.45213162e-14,5.506149295e-13,1.21611774e-13,3.258705722e-14,5.679795571e-14,6.8424295e-14,1.339172302e-13,2.415647249e-13,2.394009598e-13,1.524426485e-13,1.044907931e-12,7.715482155e-14,1.363364944e-13,1.177942125e-13
62.9921875,3.190949115e-13,1.289069049e-13,6.26326705e-13,4.592120062e-13,1.254616217e-13,1.337311252e-13,2.10717413e-13,2.687009391e-13,9.141498656e-14,8.745757489e-14,2.205339983e-13,6.992820298e-14,8.514180223e-14,9.019327816e-14,7.876654682e-13,9.819941337e-13,4.520271143e-13,2.248368922e-13,1.480292709e-14,5.502572271e-13,1.221336031e-13,3.205423344e-14,5.643626876e-14,6.891458412e-14,1.342086234e-13,2.408384291e-13,2.410461234e-13,1.510250288e-13,1.043534479e-12,7.600088754e-14,1.369198486e-13,1.175635854e-13
63,3.197397296e-13,1.270099397e-13,6.230386742e-13,4.562220529e-13,1.223673514e-13,1.333903967e-13,2.10925945e-13,2.690643339e-13,9.062585072e-14,8.734390943e-14,2.179671387e-13,6.927519491e-14,8.504085826e-14,8.73762342e-14,7.883296931e-13,9.863880659e-13,4.532105283e-13,2.247534639e-13,1.516823592e-14,5.495781509e-13,1.226823004e-13,3.153471531e-14,5.608452628e-14,6.941268591e-14,1.34535727e-13,2.400004655e-13,2.428512534e-13,1.496238162e-13,1.042534674e-12,7.48493122e-14,1.377456378e-13,1.172542517e-13
63.0078125,3.200027013e-13,1.251233765e-13,6.198717754e-13,4.530897269e-13,1.192789916e-13,1.331248451e-13,2.10974109e-13,2.692855486e-13,8.983501863e-14,8.71984371e-14,2.155755183e-13,6.867968493e-14,8.494481254e-14,8.468312961e-14,7.887848871e-13,9.904404539e-13,4.543284918e-13,2.247593043e-13,1.557460785e-14,5.486288093e-13,1.232676085e-13,3.103084941e-14,5.575437124e-14,6.991514328e-14,1.348260055e-13,2.3906097e-13,2.448232637e-13,1.481457471e-13,1.04149606e-12,7.371114988e-14,1.386704189e-13,1.167887379e-13
63.015625,3.201003392e-13,1.232909213e-13,6.166521169e-13,4.49941022e-13,1.163451759e-13,1.328718915e-13,2.10889753e-13,2.693968002e-13,8.901721254e-14,8.69593592e-14,2.133034825e-13,6.809418797e-14,8.485504906e-14,8.218606374e-14,7.888894386e-13,9.940851454e-13,4.553175015e-13,2.2483335e-13,1.600570041e-14,5.474973732e-13,1.238739224e-13,3.052070539e-14,5.54033912e-14,7.040082532e-14,1.350375282e-13,2.380787536e-13,2.469177133e-13,1.466763276e-13,1.040311868e-12,7.261540803e-14,1.396975383e-13,1.162192709e-13
63.0234375,3.201958683e-13,1.215345283e-13,6.134032621e-13,4.466427358e-13,1.134888968e-13,1.324709618e-13,2.107043765e-13,2.694800724e-13,8.815554061e-14,8.676642376e-14,2.111555083e-13,6.750721576e-14,8.475138241e-14,7.982336681e-14,7.886773324e-13,9.971834836e-13,4.558972214e-13,2.248357856e-13,1.646926066e-14,5.461729328e-13,1.245203258e-13,3.000408028e-14,5.499258622e-14,7.084502311e-14,1.352021046e-13,2.370263919e-13,2.490614611e-13,1.452823655e-13,1.039136498e-12,7.153184612e-14,1.408093667e-13,1.156337111e-13
63.03125,3.203270991e-13,1.198888878e-13,6.100716528e-13,4.431614199e-13,1.106067287e-13,1.319501231e-13,2.103469058e-13,2.695225619e-13,8.728144052e-14,8.659337031e-14,2.091029533e-13,6.691342331e-14,8.461591684e-14,7.750963916e-14,7.881987102e-13,1.000008854e-12,4.563055181e-13,2.248353061e-13,1.694768372e-14,5.448558547e-13,1.251915839e-13,2.948471895e-14,5.454061164e-14,7.128571015e-14,1.353120955e-13,2.35885523e-13,2.511965209e-13,1.439025838e-13,1.037722212e-12,7.043448983e-14,1.41889644e-13,1.150317097e-13
63.0390625,3.204168883e-13,1.18456131e-13,6.066066618e-13,4.398785014e-13,1.076749528e-13,1.315231365e-13,2.098825173e-13,2.694671171e-13,8.635738356e-14,8.631436947e-14,2.070497273e-13,6.630404412e-14,8.459233562e-14,7.534046981e-14,7.875823345e-13,1.002799637e-12,4.569523699e-13,2.250547638e-13,1.747345563e-14,5.434340403e-13,1.258323966e-13,2.895156953e-14,5.408674066e-14,7.174491995e-14,1.35397825e-13,2.346360461e-13,2.534611125e-13,1.425373125e-13,1.036076295e-12,6.936376211e-14,1.431147145e-13,1.143332369e-13
63.046875,3.20254267e-13,1.171678945e-13,6.031169828e-13,4.368725669e-13,1.047165248e-13,1.311717768e-13,2.093611318e-13,2.693613861e-13,8.538869922e-14,8.601802217e-14,2.050073244e-13,6.571651424e-14,8.470196521e-14,7.332493181e-14,7.868887369e-13,1.005374582e-12,4.575586713e-13,2.253604045e-13,1.806198416e-14,5.416797962e-13,1.264763862e-13,2.84133653e-14,5.364625313e-14,7.215398116e-14,1.355074703e-13,2.332635509e-13,2.559482892e-13,1.411894606e-13,1.034461794e-12,6.830647673e-14,1.445610365e-13,1.135368591e-13
63.0546875,3.19925879e-13,1.159438913e-13,5.997039297e-13,4.337038859e-13,1.018485534e-13,1.307028437e-13,2.086564655e-13,2.692596991e-13,8.448806031e-14,8.574265235e-14,2.030742537e-13,6.520087437e-14,8.47446884e-14,7.132241069e-14,7.859623311e-13,1.00767821e-12,4.577947048e-13,2.255681223e-13,1.864640249e-14,5.398643555e-13,1.271910167e-13,2.790169836e-14,5.320635295e-14,7.252143974e-14,1.355752291e-13,2.318984303e-13,2.584847409e-13,1.39776156e-13,1.032774059e-12,6.723819436e-14,1.459728765e-13,1.127307852e-13
63.0625,3.196428603e-13,1.148399444e-13,5.9640478e-13,4.303017833e-13,9.910813364e-14,1.301660735e-13,2.078034043e-13,2.691054728e-13,8.365018885e-14,8.539036574e-14,2.012569252e-13,6.474600639e-14,8.473451183e-14,6.942014028e-14,7.849428168e-13,1.010068627e-12,4.580015936e-13,2.259455572e-13,1.923062135e-14,5.381668884e-13,1.279352575e-13,2.741657273e-14,5.274615491e-14,7.292582924e-14,1.355919636e-13,2.306323365e-13,2.610852273e-13,1.383302325e-13,1.031080684e-12,6.622783503e-14,1.473644549e-13,1.119160529e-13
63.0703125,3.192362889e-13,1.13773788e-13,5.930704689e-13,4.270696856e-13,9.63313676e-14,1.296988719e-13,2.069103248e-13,2.688537076e-13,8.276510598e-14,8.500722182e-14,1.994669902e-13,6.428522436e-14,8.486037106e-14,6.776430594e-14,7.840174742e-13,1.012594991e-12,4.585057454e-13,2.266600473e-13,1.9885334e-14,5.363060905e-13,1.286394522e-13,2.692333468e-14,5.226845481e-14,7.332652756e-14,1.356503891e-13,2.293257379e-13,2.639011565e-13,1.368731219e-13,1.029383709e-12,6.525807057e-14,1.489116406e-13,1.110192717e-13
63.078125,3.185493127e-13,1.12649698e-13,5.895164637e-13,4.239516406e-13,9.346994019e-14,1.292832798e-13,2.058688555e-13,2.685119527e-13,8.18265174e-14,8.466585384e-14,1.977139241e-13,6.380336784e-14,8.510780866e-14,6.624755216e-14,7.827619915e-13,1.014720656e-12,4.591239075e-13,2.274663456e-13,2.060477682e-14,5.340145373e-13,1.293224724e-13,2.641942952e-14,5.179682003e-14,7.367634366e-14,1.357288838e-13,2.27849461e-13,2.667605721e-13,1.352434954e-13,1.027208991e-12,6.421580385e-14,1.505589473e-13,1.100151476e-13
63.0859375,3.177384425e-13,1.115652456e-13,5.860024088e-13,4.205197644e-13,9.070621066e-14,1.288956665e-13,2.046735142e-13,2.680878387e-13,8.089316663e-14,8.433733244e-14,1.961243533e-13,6.336731246e-14,8.536571883e-14,6.48052116e-14,7.810286575e-13,1.016333898e-12,4.596146647e-13,2.282745616e-13,2.135108728e-14,5.313079939e-13,1.300476921e-13,2.593882696e-14,5.135113676e-14,7.400807142e-14,1.357907134e-13,2.262553533e-13,2.696172949e-13,1.33485389e-13,1.024801888e-12,6.313338306e-14,1.52278496e-13,1.08934009e-13
63.09375,3.169381761e-13,1.105715584e-13,5.826918114e-13,4.169258173e-13,8.810886802e-14,1.284438146e-13,2.034386402e-13,2.676694892e-13,7.999518606e-14,8.402732887e-14,1.94649924e-13,6.29715971e-14,8.559681888e-14,6.348737905e-14,7.793774589e-13,1.017983046e-12,4.599344877e-13,2.291594771e-13,2.210586303e-14,5.285602382e-13,1.308159191e-13,2.547798818e-14,5.093985112e-14,7.427507804e-14,1.358725387e-13,2.246624147e-13,2.727090476e-13,1.318604988e-13,1.02260966e-12,6.20920639e-14,1.540331856e-13,1.07858269e-13
63.1015625,3.161883556e-13,1.096838198e-13,5.791145989e-13,4.136382963e-13,8.556259207e-14,1.278118221e-13,2.020510331e-13,2.673515783e-13,7.912307828e-14,8.371329663e-14,1.931037739e-13,6.2533739e-14,8.58141669e-14,6.224863776e-14,7.778518261e-13,1.019794731e-12,4.601986735e-13,2.300923401e-13,2.286015011e-14,5.260565595e-13,1.315426619e-13,2.500196181e-14,5.053977195e-14,7.445022792e-14,1.359133167e-13,2.231228405e-13,2.75931379e-13,1.303158899e-13,1.020008132e-12,6.105253615e-14,1.557141163e-13,1.068115418e-13
63.109375,3.154185333e-13,1.089201722e-13,5.751896943e-13,4.105422339e-13,8.301625584e-14,1.271919235e-13,2.004496918e-13,2.670285842e-13,7.821957198e-14,8.332172157e-14,1.915697386e-13,6.20848152e-14,8.60867049e-14,6.11045527e-14,7.759704785e-13,1.021342409e-12,4.605741191e-13,2.311567703e-13,2.363967451e-14,5.234764639e-13,1.322192381e-13,2.451941246e-14,5.010754313e-14,7.465236199e-14,1.358588764e-13,2.215253448e-13,2.790543951e-13,1.285990119e-13,1.016951526e-12,5.999110108e-14,1.574257053e-13,1.056601355e-13
63.1171875,3.144738202e-13,1.081473632e-13,5.714450861e-13,4.072444578e-13,8.05019678e-14,1.267385377e-13,1.987903572e-13,2.66532104e-13,7.728144352e-14,8.289087195e-14,1.902316578e-13,6.170324056e-14,8.638355876e-14,6.009956373e-14,7.736409406e-13,1.022316922e-12,4.608912715e-13,2.323510021e-13,2.443450195e-14,5.205559178e-13,1.329755828e-13,2.406085176e-14,4.965305725e-14,7.492140797e-14,1.357645088e-13,2.197317913e-13,2.821093857e-13,1.267447362e-13,1.014200191e-12,5.893410578e-14,1.592030536e-13,1.043497173e-13
63.125,3.134459512e-13,1.074451568e-13,5.678510244e-13,4.037724738e-13,7.807797675e-14,1.262060614e-13,1.970784315e-13,2.658956077e-13,7.639285967e-14,8.250763476e-14,1.88968617e-13,6.13738445e-14,8.656475873e-14,5.914378388e-14,7.709478644e-13,1.02271629e-12,4.608547378e-13,2.334146371e-13,2.519778955e-14,5.175148334e-13,1.338294285e-13,2.363011765e-14,4.92397099e-14,7.518579857e-14,1.356230211e-13,2.178332257e-13,2.851085598e-13,1.249549622e-13,1.011352422e-12,5.787886209e-14,1.609023764e-13,1.030192246e-13
63.1328125,3.123827279e-13,1.071222477e-13,5.641034201e-13,4.003237381e-13,7.582635742e-14,1.255325481e-13,1.952305989e-13,2.652651533e-13,7.555888573e-14,8.21569058e-14,1.876813993e-13,6.111490312e-14,8.668988662e-14,5.82783539e-14,7.680557893e-13,1.022973433e-12,4.607487005e-13,2.343824043e-13,2.597946146e-14,5.144057398e-13,1.346389355e-13,2.323407706e-14,4.889143463e-14,7.543808809e-14,1.354345804e-13,2.160283236e-13,2.881805922e-13,1.232083535e-13,1.008069573e-12,5.684242982e-14,1.626639352e-13,1.017215682e-13
63.140625,3.109424904e-13,1.069734204e-13,5.603883422e-13,3.968869593e-13,7.369510844e-14,1.249839435e-13,1.9327653e-13,2.646643571e-13,7.470264183e-14,8.176006046e-14,1.865085854e-13,6.095571579e-14,8.692304316e-14,5.762029687e-14,7.652639173e-13,1.023473981e-12,4.60905131e-13,2.354929227e-13,2.682729761e-14,5.11124745e-13,1.353784239e-13,2.286935346e-14,4.85648771e-14,7.564263697e-14,1.352772986e-13,2.143326367e-13,2.91483382e-13,1.21300188e-13,1.004995091e-12,5.583514143e-14,1.646024774e-13,1.003682173e-13
63.1484375,3.091695402e-13,1.066050947e-13,5.566648764e-13,3.93473288e-13,7.155743474e-14,1.245348941e-13,1.912116856e-13,2.640108352e-13,7.383708042e-14,8.128458218e-14,1.854041006e-13,6.078252067e-14,8.721388046e-14,5.701787486e-14,7.623678516e-13,1.023824387e-12,4.609370468e-13,2.366171035e-13,2.766463327e-14,5.07804088e-13,1.361275552e-13,2.249964283e-14,4.820875724e-14,7.574070323e-14,1.351050688e-13,2.125865532e-13,2.946662004e-13,1.192412534e-13,1.001664606e-12,5.482357986e-14,1.664653431e-13,9.892823387e-14
63.15625,3.076684373e-13,1.062773482e-13,5.525489088e-13,3.902002787e-13,6.95070026e-14,1.239800487e-13,1.890410639e-13,2.63306032e-13,7.303425726e-14,8.079352986e-14,1.842056178e-13,6.052223064e-14,8.744618608e-14,5.634141152e-14,7.589748065e-13,1.023657657e-12,4.605867761e-13,2.376091425e-13,2.846908208e-14,5.045079259e-13,1.368869609e-13,2.212623623e-14,4.781944902e-14,7.583624231e-14,1.348300959e-13,2.106631098e-13,2.974747226e-13,1.172837449e-13,9.973105251e-13,5.381853815e-14,1.681767298e-13,9.743043075e-14
63.1640625,3.065220979e-13,1.062889172e-13,5.481456268e-13,3.86989372e-13,6.766964641e-14,1.23351047e-13,1.868302422e-13,2.626137476e-13,7.227802056e-14,8.034899872e-14,1.830370405e-13,6.027373702e-14,8.763136655e-14,5.573602912e-14,7.553061097e-13,1.023273012e-12,4.602601457e-13,2.386030694e-13,2.932101137e-14,5.010693938e-13,1.376366461e-13,2.178489491e-14,4.744361169e-14,7.60154733e-14,1.345130634e-13,2.086242575e-13,3.002868301e-13,1.154557629e-13,9.926492343e-13,5.28454165e-14,1.698954191e-13,9.589906908e-14
63.171875,3.052634294e-13,1.064235685e-13,5.437183193e-13,3.836340671e-13,6.58972072e-14,1.227060884e-13,1.845418121e-13,2.618808168e-13,7.149730693e-14,7.991455727e-14,1.820129088e-13,6.008476751e-14,8.781760568e-14,5.527435466e-14,7.516195815e-13,1.022783635e-12,4.60128922e-13,2.396226152e-13,3.022960819e-14,4.973256016e-13,1.383775466e-13,2.146788079e-14,4.710913763e-14,7.616375274e-14,1.342042579e-13,2.066184175e-13,3.032666995e-13,1.135592558e-13,9.880307587e-13,5.187619252e-14,1.716255736e-13,9.434083819e-14
63.1796875,3.03770542e-13,1.066274012e-13,5.391543166e-13,3.801709936e-13,6.408918924e-14,1.220125524e-13,1.82138578e-13,2.610524763e-13,7.070178685e-14,7.94470307e-14,1.809703649e-13,5.990523296e-14,8.802917836e-14,5.487232343e-14,7.477398191e-13,1.022045271e-12,4.599113954e-13,2.405839216e-13,3.115214395e-14,4.933693248e-13,1.391048402e-13,2.11614258e-14,4.677969239e-14,7.621689347e-14,1.338539616e-13,2.046392972e-13,3.061423165e-13,1.115914057e-13,9.829394504e-13,5.090125724e-14,1.733454384e-13,9.27287316e-14
63.1875,3.022093331e-13,1.070537061e-13,5.344348465e-13,3.767107448e-13,6.24204059e-14,1.212697613e-13,1.796780476e-13,2.602346983e-13,6.996606349e-14,7.896304323e-14,1.798506884e-13,5.974543276e-14,8.824098704e-14,5.452525713e-14,7.435406646e-13,1.021073424e-12,4.594584256e-13,2.414980931e-13,3.208004109e-14,4.895052513e-13,1.398710857e-13,2.088164692e-14,4.643133046e-14,7.625507495e-14,1.334386247e-13,2.02592271e-13,3.088542986e-13,1.096467477e-13,9.776249093e-13,4.993054689e-14,1.750631752e-13,9.107173291e-14
63.1953125,3.006271886e-13,1.075176816e-13,5.297600505e-13,3.731373825e-13,6.097426352e-14,1.204572415e-13,1.771327285e-13,2.594739303e-13,6.929166436e-14,7.847594904e-14,1.788040638e-13,5.964526491e-14,8.839170655e-14,5.427702378e-14,7.390611812e-13,1.019743516e-12,4.588495631e-13,2.423693746e-13,3.300007086e-14,4.856626444e-13,1.407216281e-13,2.062552761e-14,4.610249726e-14,7.630693805e-14,1.329806023e-13,2.005039993e-13,3.115368497e-13,1.076903556e-13,9.723700559e-13,4.894792837e-14,1.767320048e-13,8.941806028e-14
63.203125,2.990184809e-13,1.07853187e-13,5.251496051e-13,3.695081616e-13,5.959545075e-14,1.195949132e-13,1.744421202e-13,2.586802724e-13,6.861379946e-14,7.797605912e-14,1.77858237e-13,5.957870356e-14,8.847333995e-14,5.408528891e-14,7.344608536e-13,1.018161624e-12,4.582516506e-13,2.43175849e-13,3.389151031e-14,4.815983847e-13,1.415994897e-13,2.038022526e-14,4.581089007e-14,7.635982195e-14,1.324825895e-13,1.984490791e-13,3.142849425e-13,1.057090606e-13,9.668516468e-13,4.797057505e-14,1.783201713e-13,8.776121656e-14
63.2109375,2.973446843e-13,1.082569555e-13,5.204520626e-13,3.66135385e-13,5.819646823e-14,1.187561196e-13,1.716634296e-13,2.578702022e-13,6.793349439e-14,7.745049466e-14,1.769067084e-13,5.947870212e-14,8.851507727e-14,5.38594216e-14,7.299108252e-13,1.016738091e-12,4.576741565e-13,2.438804413e-13,3.474436744e-14,4.777190576e-13,1.424560144e-13,2.014363046e-14,4.553097383e-14,7.642170122e-14,1.31913476e-13,1.964207236e-13,3.170515444e-13,1.037205484e-13,9.61046061e-13,4.703160784e-14,1.797439216e-13,8.609316897e-14
63.21875,2.955452659e-13,1.088378623e-13,5.155784556e-13,3.62856438e-13,5.687622834e-14,1.179106193e-13,1.688575537e-13,2.570919592e-13,6.729845728e-14,7.690452007e-14,1.759138969e-13,5.933892865e-14,8.854656125e-14,5.3620766e-14,7.251571161e-13,1.015133913e-12,4.569134381e-13,2.444826633e-13,3.556528209e-14,4.741954035e-13,1.433107019e-13,1.99114249e-14,4.526763747e-14,7.646790121e-14,1.312857428e-13,1.943613768e-13,3.195538751e-13,1.016689227e-13,9.549546326e-13,4.610334445e-14,1.810315245e-13,8.443212855e-14
63.2265625,2.936347587e-13,1.094804011e-13,5.106995605e-13,3.592823733e-13,5.571168241e-14,1.17080861e-13,1.660236096e-13,2.562652289e-13,6.669705636e-14,7.635604012e-14,1.749485695e-13,5.926183212e-14,8.860218994e-14,5.351535627e-14,7.199750021e-13,1.012836338e-12,4.560565983e-13,2.451257003e-13,3.639800142e-14,4.70260631e-13,1.441823608e-13,1.970034937e-14,4.502767416e-14,7.650153767e-14,1.306729298e-13,1.92233618e-13,3.21727067e-13,9.951493711e-14,9.484754252e-13,4.516762802e-14,1.824402436e-13,8.272880674e-14
63.234375,2.916802133e-13,1.10176496e-13,5.061083033e-13,3.557298641e-13,5.4633756e-14,1.163972082e-13,1.63159171e-13,2.553874533e-13,6.609953827e-14,7.578909125e-14,1.740950043e-13,5.928341632e-14,8.866073742e-14,5.356755964e-14,7.148274778e-13,1.010443678e-12,4.553970324e-13,2.458727782e-13,3.724863651e-14,4.65855194e-13,1.450804814e-13,1.951755835e-14,4.477533069e-14,7.655963564e-14,1.300597724e-13,1.900758465e-13,3.23927993e-13,9.729408997e-14,9.418814657e-13,4.426850196e-14,1.839390176e-13,8.094831057e-14
63.2421875,2.898316657e-13,1.109999513e-13,5.016255047e-13,3.525447075e-13,5.359466505e-14,1.157606349e-13,1.60252113e-13,2.545532946e-13,6.553078545e-14,7.519624809e-14,1.733120238e-13,5.926295366e-14,8.868276052e-14,5.365970716e-14,7.09976935e-13,1.008541719e-12,4.548802079e-13,2.466242169e-13,3.806097458e-14,4.61811988e-13,1.459954254e-13,1.932550265e-14,4.450832771e-14,7.660267409e-14,1.293754694e-13,1.879255314e-13,3.262749398e-13,9.510180447e-14,9.351405926e-13,4.341268189e-14,1.852255322e-13,7.915606784e-14
63.25,2.881528361e-13,1.118930602e-13,4.967424494e-13,3.492866031e-13,5.268363119e-14,1.149725738e-13,1.572887066e-13,2.537126308e-13,6.500812364e-14,7.461030602e-14,1.724694962e-13,5.91405029e-14,8.868879087e-14,5.378000574e-14,7.049345697e-13,1.00665337e-12,4.543778461e-13,2.47376438e-13,3.884645052e-14,4.580023765e-13,1.468919134e-13,1.912536802e-14,4.426391723e-14,7.660020431e-14,1.286683582e-13,1.857292509e-13,3.28470431e-13,9.299882612e-14,9.279540248e-13,4.255557505e-14,1.863546603e-13,7.737596714e-14
63.2578125,2.863402926e-13,1.127809868e-13,4.915097552e-13,3.458289401e-13,5.192586092e-14,1.141266344e-13,1.54278096e-13,2.527911091e-13,6.448960993e-14,7.40175914e-14,1.715885302e-13,5.904541813e-14,8.869381271e-14,5.397605227e-14,6.995976729e-13,1.004478566e-12,4.538962104e-13,2.481230361e-13,3.965245493e-14,4.538811005e-13,1.477677105e-13,1.895656598e-14,4.403752955e-14,7.660575752e-14,1.279776259e-13,1.834968176e-13,3.303642797e-13,9.089372764e-14,9.205755393e-13,4.170608403e-14,1.875064051e-13,7.556568776e-14
63.265625,2.842094589e-13,1.137735028e-13,4.863700654e-13,3.427388175e-13,5.120767578e-14,1.133746113e-13,1.512292422e-13,2.519046629e-13,6.395721198e-14,7.338963672e-14,1.707755805e-13,5.903236916e-14,8.871990916e-14,5.42321471e-14,6.944910979e-13,1.002451456e-12,4.533381746e-13,2.488117169e-13,4.044675506e-14,4.498439557e-13,1.486497633e-13,1.880337245e-14,4.381283288e-14,7.662036388e-14,1.272371532e-13,1.813431903e-13,3.321336494e-13,8.87134158e-14,9.131245468e-13,4.089641403e-14,1.88581889e-13,7.375075925e-14
63.2734375,2.821521686e-13,1.149866826e-13,4.813715721e-13,3.39957194e-13,5.051094645e-14,1.126749611e-13,1.481535464e-13,2.511520107e-13,6.34543327e-14,7.275342872e-14,1.699725614e-13,5.904226431e-14,8.882474781e-14,5.457072846e-14,6.896170185e-13,1.000630597e-12,4.527743056e-13,2.49575107e-13,4.12220997e-14,4.460899126e-13,1.495393214e-13,1.864735756e-14,4.360203252e-14,7.661510859e-14,1.264500205e-13,1.792536602e-13,3.339424559e-13,8.652825188e-14,9.052517319e-13,4.009544392e-14,1.895358873e-13,7.197795224e-14
63.28125,2.80402791e-13,1.162875998e-13,4.763407326e-13,3.369689721e-13,4.992854751e-14,1.120005869e-13,1.450737324e-13,2.504066697e-13,6.298279907e-14,7.210989029e-14,1.690958755e-13,5.905699436e-14,8.896987003e-14,5.498446556e-14,6.844856462e-13,9.985578584e-13,4.523682843e-13,2.504273087e-13,4.201753857e-14,4.421101968e-13,1.504142142e-13,1.851178011e-14,4.340063095e-14,7.662942522e-14,1.256563554e-13,1.771138496e-13,3.356678549e-13,8.435902594e-14,8.969993755e-13,3.928780822e-14,1.904358368e-13,7.021350951e-14
63.2890625,2.786398585e-13,1.175380933e-13,4.711941656e-13,3.339234151e-13,4.947183147e-14,1.113394309e-13,1.419992679e-13,2.495375199e-13,6.251072427e-14,7.145371465e-14,1.682036456e-13,5.904059116e-14,8.905237379e-14,5.536092796e-14,6.790633533e-13,9.961837632e-13,4.518823028e-13,2.511109474e-13,4.278296787e-14,4.379913681e-13,1.512617399e-13,1.839203557e-14,4.319981255e-14,7.664805715e-14,1.248193276e-13,1.749379647e-13,3.371101133e-13,8.219497491e-14,8.8857774e-13,3.852265259e-14,1.912196673e-13,6.84266397e-14
63.296875,2.767724872e-13,1.188484765e-13,4.658516169e-13,3.310268429e-13,4.912260762e-14,1.105968337e-13,1.389235031e-13,2.486512658e-13,6.209059533e-14,7.084359809e-14,1.673377928e-13,5.895981708e-14,8.90688765e-14,5.57092738e-14,6.73611077e-13,9.937834216e-13,4.511130766e-13,2.516288731e-13,4.347656907e-14,4.341955016e-13,1.52099226e-13,1.828323286e-14,4.301349106e-14,7.661277434e-14,1.239330448e-13,1.727933309e-13,3.383236928e-13,8.011387834e-14,8.799305468e-13,3.780303454e-14,1.9184457e-13,6.666546133e-14
63.3046875,2.750488129e-13,1.203032838e-13,4.60472478e-13,3.280504797e-13,4.890142508e-14,1.097965397e-13,1.358540939e-13,2.479038628e-13,6.17627954e-14,7.02951753e-14,1.665009824e-13,5.890927341e-14,8.908981043e-14,5.618004011e-14,6.681432214e-13,9.913379367e-13,4.502969694e-13,2.522077949e-13,4.416361869e-14,4.305348793e-13,1.529410272e-13,1.820633591e-14,4.28458036e-14,7.658673153e-14,1.230309854e-13,1.706562434e-13,3.394412419e-13,7.811751626e-14,8.711689824e-13,3.708630036e-14,1.923887312e-13,6.49596378e-14
63.3125,2.734043165e-13,1.21840062e-13,4.552911173e-13,3.251259174e-13,4.872245035e-14,1.090471991e-13,1.328005636e-13,2.472445058e-13,6.144150793e-14,6.976068879e-14,1.657401343e-13,5.894190051e-14,8.917628437e-14,5.676583559e-14,6.626448753e-13,9.88770299e-13,4.495640617e-13,2.52822254e-13,4.485278727e-14,4.267429381e-13,1.537611311e-13,1.813177159e-14,4.269767359e-14,7.661757217e-14,1.221026594e-13,1.684843187e-13,3.404453745e-13,7.613112098e-14,8.623373713e-13,3.638006755e-14,1.929103227e-13,6.325900101e-14
63.3203125,2.716936599e-13,1.234864068e-13,4.500731091e-13,3.224868257e-13,4.84797642e-14,1.083051476e-13,1.297268659e-13,2.46563239e-13,6.109870258e-14,6.92238843e-14,1.650173511e-13,5.895523627e-14,8.931137298e-14,5.730121167e-14,6.571638719e-13,9.86143737e-13,4.487083525e-13,2.53364168e-13,4.547890459e-14,4.229960839e-13,1.545379135e-13,1.802935481e-14,4.257337364e-14,7.661002192e-14,1.211345109e-13,1.662807279e-13,3.412820067e-13,7.415651066e-14,8.531083789e-13,3.569839431e-14,1.933837539e-13,6.15481476e-14
63.328125,2.700431345e-13,1.252425334e-13,4.446371838e-13,3.198188439e-13,4.829850579e-14,1.075307343e-13,1.266300517e-13,2.458596469e-13,6.081867473e-14,6.868154821e-14,1.642253887e-13,5.8917476e-14,8.940198178e-14,5.777892548e-14,6.516499123e-13,9.834215528e-13,4.476157844e-13,2.538888532e-13,4.604963023e-14,4.193168314e-13,1.552801698e-13,1.794213429e-14,4.24604599e-14,7.653038849e-14,1.201401609e-13,1.640746663e-13,3.419234136e-13,7.219269304e-14,8.434747895e-13,3.502567686e-14,1.937470779e-13,5.989008484e-14
63.3359375,2.684162178e-13,1.269590535e-13,4.393330047e-13,3.169986146e-13,4.83178696e-14,1.068107215e-13,1.236277464e-13,2.451228996e-13,6.057494968e-14,6.814707036e-14,1.634044476e-13,5.889831883e-14,8.946440211e-14,5.837613893e-14,6.461781865e-13,9.80703602e-13,4.465220997e-13,2.544503184e-13,4.660571329e-14,4.154849569e-13,1.560176306e-13,1.788519054e-14,4.235779451e-14,7.644260112e-14,1.191704502e-13,1.619003831e-13,3.424315258e-13,7.024959732e-14,8.3384435e-13,3.437847976e-14,1.940227537e-13,5.829464586e-14
63.34375,2.666729342e-13,1.286756784e-13,4.342786236e-13,3.143045447e-13,4.839581321e-14,1.061269888e-13,1.207620343e-13,2.443355901e-13,6.029014684e-14,6.765263619e-14,1.626886826e-13,5.888416283e-14,8.959043327e-14,5.911892383e-14,6.408380687e-13,9.78152896e-13,4.456514894e-13,2.54995502e-13,4.715416201e-14,4.115174365e-13,1.568140198e-13,1.782535336e-14,4.225914455e-14,7.634092127e-14,1.182578264e-13,1.59761548e-13,3.429029173e-13,6.84204229e-14,8.242871202e-13,3.377671877e-14,1.942762365e-13,5.670810763e-14
63.3515625,2.650153282e-13,1.305733429e-13,4.292104029e-13,3.116533548e-13,4.842374377e-14,1.053787358e-13,1.178780216e-13,2.435488387e-13,6.002449244e-14,6.715487448e-14,1.620935866e-13,5.88389991e-14,8.97025412e-14,5.982267466e-14,6.353555741e-13,9.75413766e-13,4.4469735e-13,2.554053938e-13,4.769411461e-14,4.076189802e-13,1.576694781e-13,1.777683816e-14,4.212231259e-14,7.62198269e-14,1.172980407e-13,1.576335843e-13,3.432221105e-13,6.668269477e-14,8.145712195e-13,3.319604341e-14,1.944445438e-13,5.513447111e-14
63.359375,2.635832505e-13,1.32572554e-13,4.241563182e-13,3.08928545e-13,4.854745782e-14,1.045915667e-13,1.149116771e-13,2.427237851e-13,5.981176713e-14,6.660830828e-14,1.615314347e-13,5.879452147e-14,8.969915266e-14,6.043658277e-14,6.295685245e-13,9.72163094e-13,4.433185625e-13,2.556271425e-13,4.819629736e-14,4.039084029e-13,1.584607447e-13,1.775144673e-14,4.195432134e-14,7.612365773e-14,1.161999421e-13,1.555155565e-13,3.432989419e-13,6.491330712e-14,8.047175059e-13,3.261998964e-14,1.944532674e-13,5.360927551e-14
63.3671875,2.621750574e-13,1.345600875e-13,4.192387879e-13,3.064109734e-13,4.880740445e-14,1.038248375e-13,1.119869616e-13,2.417715382e-13,5.957762351e-14,6.607773325e-14,1.60975256e-13,5.875991874e-14,8.964627271e-14,6.109203254e-14,6.238300492e-13,9.688457032e-13,4.418586731e-13,2.55776414e-13,4.863150616e-14,4.00373224e-13,1.591433358e-13,1.771300651e-14,4.181046549e-14,7.601142367e-14,1.150591922e-13,1.534438683e-13,3.432970957e-13,6.31501088e-14,7.948799156e-13,3.206200667e-14,1.94353676e-13,5.212481979e-14
63.375,2.607502958e-13,1.36705389e-13,4.143928628e-13,3.040913363e-13,4.908691043e-14,1.031209789e-13,1.091423684e-13,2.407916068e-13,5.934264226e-14,6.557989272e-14,1.605128708e-13,5.873614034e-14,8.959833933e-14,6.183777951e-14,6.183883472e-13,9.659160069e-13,4.40687324e-13,2.560005327e-13,4.904173267e-14,3.968880848e-13,1.598140989e-13,1.767667441e-14,4.167915954e-14,7.582991513e-14,1.13948096e-13,1.51439408e-13,3.432209307e-13,6.146245719e-14,7.850077607e-13,3.153914729e-14,1.942189859e-13,5.066177731e-14
63.3828125,2.593657792e-13,1.391243862e-13,4.097206062e-13,3.016428325e-13,4.940701854e-14,1.025502988e-13,1.063295414e-13,2.399138784e-13,5.917928796e-14,6.502258521e-14,1.602223311e-13,5.876982834e-14,8.956884214e-14,6.267528427e-14,6.130841316e-13,9.632082355e-13,4.396523709e-13,2.563324152e-13,4.948980118e-14,3.933634924e-13,1.605022376e-13,1.769520365e-14,4.153413992e-14,7.564413792e-14,1.128184793e-13,1.494438035e-13,3.429616915e-13,5.976767648e-14,7.750712011e-13,3.106052066e-14,1.941360389e-13,4.919614295e-14
63.390625,2.57812322e-13,1.416795214e-13,4.053306762e-13,2.990941362e-13,4.980670144e-14,1.020239553e-13,1.035583221e-13,2.39083293e-13,5.905187619e-14,6.440151966e-14,1.60064169e-13,5.886726154e-14,8.96133529e-14,6.364538616e-14,6.077796475e-13,9.604409127e-13,4.386441271e-13,2.566706575e-13,4.99778499e-14,3.89889047e-13,1.611780732e-13,1.774936145e-14,4.140190353e-14,7.550971174e-14,1.116794287e-13,1.473707218e-13,3.426400871e-13,5.80319268e-14,7.652640113e-13,3.060595042e-14,1.941458061e-13,4.77092852e-14
63.3984375,2.560849332e-13,1.442416178e-13,4.01041753e-13,2.966125176e-13,5.021503007e-14,1.013668572e-13,1.007920889e-13,2.382184539e-13,5.891990822e-14,6.378210844e-14,1.599603513e-13,5.897380539e-14,8.969713549e-14,6.46595324e-14,6.024507337e-13,9.575102008e-13,4.375867933e-13,2.568490941e-13,5.043146089e-14,3.865435612e-13,1.618681975e-13,1.778925012e-14,4.126739693e-14,7.540314905e-14,1.105451634e-13,1.452496145e-13,3.422192088e-13,5.632011218e-14,7.55644832e-13,3.01525206e-14,1.941071267e-13,4.624286762e-14
63.40625,2.545625534e-13,1.46787132e-13,3.967262565e-13,2.941810337e-13,5.064155712e-14,1.00678308e-13,9.798089147e-14,2.37296246e-13,5.879461274e-14,6.31272137e-14,1.598877813e-13,5.904807849e-14,8.974504512e-14,6.557153722e-14,5.970109863e-13,9.543110675e-13,4.361830897e-13,2.568434471e-13,5.076884869e-14,3.832330083e-13,1.625503768e-13,1.781285045e-14,4.109092343e-14,7.529933053e-14,1.093526006e-13,1.431941767e-13,3.414718092e-13,5.465019637e-14,7.459593637e-13,2.972792696e-14,1.938994047e-13,4.484145264e-14
63.4140625,2.533079758e-13,1.493493552e-13,3.924383689e-13,2.9185224e-13,5.113122722e-14,1.001319353e-13,9.521624396e-14,2.363210228e-13,5.867201894e-14,6.240634361e-14,1.598491378e-13,5.908579856e-14,8.978440586e-14,6.642281267e-14,5.913899217e-13,9.507845525e-13,4.34454058e-13,2.567702874e-13,5.102420158e-14,3.799022382e-13,1.631707131e-13,1.78386129e-14,4.090211637e-14,7.517694713e-14,1.081095612e-13,1.412120566e-13,3.404993239e-13,5.307200115e-14,7.36070848e-13,2.935594446e-14,1.935867261e-13,4.348464166e-14
63.421875,2.519854149e-13,1.520346228e-13,3.882080239e-13,2.896570553e-13,5.164773271e-14,9.960313394e-14,9.25626024e-14,2.353901334e-13,5.858188861e-14,6.172200877e-14,1.598549812e-13,5.913047049e-14,8.982953058e-14,6.733284433e-14,5.856905218e-13,9.471292025e-13,4.32731231e-13,2.5667006e-13,5.12945007e-14,3.766846209e-13,1.637863957e-13,1.788266828e-14,4.073078674e-14,7.504706497e-14,1.06891235e-13,1.392194022e-13,3.394839881e-13,5.164730794e-14,7.26195905e-13,2.900217778e-14,1.932558463e-13,4.215526868e-14
63.4296875,2.504687948e-13,1.549059596e-13,3.840502397e-13,2.874327053e-13,5.218931261e-14,9.892974055e-14,8.993381127e-14,2.345560647e-13,5.856214973e-14,6.113788712e-14,1.599278261e-13,5.92183216e-14,8.98721269e-14,6.82935144e-14,5.800681385e-13,9.435706116e-13,4.310188914e-13,2.565325285e-13,5.157016893e-14,3.73667932e-13,1.644328975e-13,1.79509882e-14,4.056352585e-14,7.494702318e-14,1.057043916e-13,1.372113245e-13,3.38343602e-13,5.02835567e-14,7.164702865e-13,2.865000167e-14,1.929426943e-13,4.085833974e-14
63.4375,2.489437537e-13,1.57854981e-13,3.799448628e-13,2.851521979e-13,5.276116216e-14,9.818833949e-14,8.730520216e-14,2.337074464e-13,5.85626741e-14,6.058784623e-14,1.600467878e-13,5.928402746e-14,8.99434097e-14,6.921544938e-14,5.744307354e-13,9.399147747e-13,4.291273491e-13,2.56347864e-13,5.178679905e-14,3.707125797e-13,1.650244673e-13,1.801614224e-14,4.040367155e-14,7.483076884e-14,1.045129083e-13,1.352302558e-13,3.369882721e-13,4.891542502e-14,7.066255673e-13,2.833431286e-14,1.925827785e-13,3.957838347e-14
63.4453125,2.476588791e-13,1.607502195e-13,3.758991328e-13,2.830250899e-13,5.332808478e-14,9.75245814e-14,8.475672988e-14,2.327988297e-13,5.853492596e-14,6.001671662e-14,1.60163507e-13,5.927274746e-14,9.000480149e-14,7.00708991e-14,5.68700931e-13,9.360648139e-13,4.271433383e-13,2.561138119e-13,5.195559133e-14,3.677039879e-13,1.655470684e-13,1.805784674e-14,4.02470439e-14,7.4663075e-14,1.033018318e-13,1.332610644e-13,3.354110662e-13,4.76597514e-14,6.96526017e-13,2.806055761e-14,1.920478724e-13,3.832113781e-14
63.453125,2.467435298e-13,1.63653475e-13,3.721454106e-13,2.811181998e-13,5.395741146e-14,9.700706379e-14,8.229765774e-14,2.318822005e-13,5.85003747e-14,5.940827844e-14,1.603264032e-13,5.928330589e-14,9.004250383e-14,7.098523567e-14,5.632458708e-13,9.325700865e-13,4.253246995e-13,2.55990799e-13,5.213379074e-14,3.647753164e-13,1.660761523e-13,1.810755527e-14,4.006441438e-14,7.454120143e-14,1.020892997e-13,1.313209963e-13,3.337269141e-13,4.654190865e-14,6.866422726e-13,2.77918828e-14,1.914828609e-13,3.712006413e-14
63.4609375,2.460113092e-13,1.667231865e-13,3.688742633e-13,2.792000206e-13,5.475950908e-14,9.659155216e-14,7.990000197e-14,2.309377869e-13,5.8488265e-14,5.875138191e-14,1.606394554e-13,5.941255974e-14,9.016778996e-14,7.211504777e-14,5.582936993e-13,9.296483768e-13,4.237141105e-13,2.560976253e-13,5.236342599e-14,3.620390728e-13,1.666059537e-13,1.819671557e-14,3.985906412e-14,7.450262579e-14,1.00920089e-13,1.294920279e-13,3.321794591e-13,4.542463475e-14,6.773365386e-13,2.751929015e-14,1.911868808e-13,3.598297695e-14
63.46875,2.451262088e-13,1.699375573e-13,3.658865868e-13,2.771173152e-13,5.568363682e-14,9.616146505e-14,7.759412416e-14,2.300211042e-13,5.853686189e-14,5.809413157e-14,1.610612558e-13,5.960148257e-14,9.036543679e-14,7.337514112e-14,5.535356558e-13,9.268504427e-13,4.221251726e-13,2.562384946e-13,5.261643988e-14,3.594396027e-13,1.671120668e-13,1.830832391e-14,3.965463259e-14,7.44640651e-14,9.980758511e-14,1.277662771e-13,3.307339571e-13,4.427481107e-14,6.682971683e-13,2.726675155e-14,1.910740555e-13,3.490945122e-14
63.4765625,2.440478082e-13,1.731437488e-13,3.629178632e-13,2.751233829e-13,5.656391959e-14,9.571180554e-14,7.538137232e-14,2.292359319e-13,5.864722018e-14,5.748066653e-14,1.614932968e-13,5.976969162e-14,9.050463759e-14,7.45256715e-14,5.488635242e-13,9.241477833e-13,4.20509184e-13,2.562925786e-13,5.280248075e-14,3.57004785e-13,1.676434479e-13,1.840840017e-14,3.946348861e-14,7.440758961e-14,9.872049411e-14,1.26056805e-13,3.291296951e-13,4.318844885e-14,6.59303602e-13,2.705183529e-14,1.908743634e-13,3.389308643e-14
63.484375,2.430060468e-13,1.763199817e-13,3.600545937e-13,2.734324652e-13,5.735275668e-14,9.532386931e-14,7.32109391e-14,2.284170381e-13,5.873222087e-14,5.688183615e-14,1.620268408e-13,5.993018058e-14,9.061589662e-14,7.556181269e-14,5.443445752e-13,9.21555276e-13,4.189059064e-13,2.563760403e-13,5.291390978e-14,3.546906685e-13,1.682071074e-13,1.849285864e-14,3.929426217e-14,7.432397751e-14,9.763625305e-14,1.243339377e-13,3.273678616e-13,4.222792478e-14,6.505329878e-13,2.687876456e-14,1.906182636e-13,3.289580278e-14
63.4921875,2.421111851e-13,1.795165737e-13,3.57573523e-13,2.717284089e-13,5.82195249e-14,9.500219622e-14,7.10895292e-14,2.273779655e-13,5.877328177e-14,5.62880845e-14,1.627747219e-13,6.01225181e-14,9.077258648e-14,7.668492864e-14,5.396920466e-13,9.185238902e-13,4.171532286e-13,2.564475989e-13,5.30259949e-14,3.522058704e-13,1.687387389e-13,1.859329374e-14,3.911778661e-14,7.415595708e-14,9.653735539e-14,1.225746492e-13,3.255546323e-13,4.134263269e-14,6.418782029e-13,2.673149648e-14,1.904202245e-13,3.190635128e-14
63.5,2.412521573e-13,1.827778378e-13,3.555416763e-13,2.697333874e-13,5.927486836e-14,9.473569006e-14,6.905581562e-14,2.262946025e-13,5.885823309e-14,5.570197827e-14,1.636576792e-13,6.03640222e-14,9.094241193e-14,7.792578979e-14,5.349364587e-13,9.151874509e-13,4.151929462e-13,2.564132123e-13,5.314919332e-14,3.496301732e-13,1.692091787e-13,1.872935016e-14,3.888555657e-14,7.397659067e-14,9.540028082e-14,1.20753497e-13,3.236636512e-13,4.042080544e-14,6.331754272e-13,2.658329407e-14,1.902339968e-13,3.095715674e-14
63.5078125,2.403670672e-13,1.862502214e-13,3.537337769e-13,2.677216151e-13,6.034747491e-14,9.451071726e-14,6.708159423e-14,2.25331049e-13,5.89878982e-14,5.509542029e-14,1.646378459e-13,6.064187063e-14,9.111335943e-14,7.915171251e-14,5.304790072e-13,9.121867574e-13,4.13197288e-13,2.563589681e-13,5.326709334e-14,3.474258048e-13,1.696372008e-13,1.887824817e-14,3.862596753e-14,7.388857922e-14,9.423297736e-14,1.18956966e-13,3.216930447e-13,3.95121425e-14,6.247175615e-13,2.644382497e-14,1.900102375e-13,3.005732401e-14
63.515625,2.395829254e-13,1.899421812e-13,3.519522163e-13,2.659093582e-13,6.131401062e-14,9.424886177e-14,6.513547944e-14,2.243351648e-13,5.909792012e-14,5.449467055e-14,1.657780809e-13,6.091096748e-14,9.127323504e-14,8.034344605e-14,5.260929626e-13,9.091511785e-13,4.111246075e-13,2.562852941e-13,5.339025878e-14,3.454673422e-13,1.700365295e-13,1.902176577e-14,3.840324396e-14,7.380479425e-14,9.307224836e-14,1.17261875e-13,3.195978855e-13,3.879259181e-14,6.166220919e-13,2.634706462e-14,1.897529175e-13,2.920518032e-14
63.5234375,2.388854377e-13,1.935352338e-13,3.502982064e-13,2.641059705e-13,6.229765622e-14,9.396365464e-14,6.325269336e-14,2.232054472e-13,5.919730611e-14,5.391053917e-14,1.670135628e-13,6.116446411e-14,9.141540168e-14,8.156265576e-14,5.214719933e-13,9.056362091e-13,4.088359363e-13,2.560964362e-13,5.348510395e-14,3.433110198e-13,1.703944363e-13,1.916959109e-14,3.819571094e-14,7.364456562e-14,9.194108692e-14,1.156161599e-13,3.173434142e-13,3.819742709e-14,6.085986422e-13,2.629055805e-14,1.895044667e-13,2.841578849e-14
63.53125,2.380261563e-13,1.968823893e-13,3.489871607e-13,2.622065995e-13,6.334142223e-14,9.376940605e-14,6.145419437e-14,2.220267347e-13,5.930050697e-14,5.327784728e-14,1.683114921e-13,6.144967647e-14,9.164769073e-14,8.279583483e-14,5.170335093e-13,9.021810324e-13,4.064491153e-13,2.558276199e-13,5.352842623e-14,3.411809532e-13,1.707055357e-13,1.931934416e-14,3.793835064e-14,7.348908389e-14,9.083406856e-14,1.140133299e-13,3.151052131e-13,3.754114371e-14,6.00619094e-13,2.62475906e-14,1.893210972e-13,2.767959064e-14
63.5390625,2.370845169e-13,2.002813255e-13,3.479938065e-13,2.603269386e-13,6.438617081e-14,9.366911189e-14,5.972184943e-14,2.208130399e-13,5.93929395e-14,5.264508055e-14,1.697991109e-13,6.176424366e-14,9.199623791e-14,8.403424822e-14,5.129657615e-13,8.990457534e-13,4.041264063e-13,2.555774008e-13,5.356868631e-14,3.393642801e-13,1.710164836e-13,1.946569428e-14,3.762761011e-14,7.337965691e-14,8.974002641e-14,1.124854859e-13,3.129028093e-13,3.6923904e-14,5.928410705e-13,2.621663613e-14,1.89150716e-13,2.696886787e-14
63.546875,2.364230765e-13,2.039649213e-13,3.47081806e-13,2.585592315e-13,6.546707354e-14,9.36067275e-14,5.806276573e-14,2.195274205e-13,5.948419187e-14,5.211323772e-14,1.714311802e-13,6.2068717e-14,9.232285918e-14,8.531963328e-14,5.089133257e-13,8.958434553e-13,4.019066259e-13,2.55426333e-13,5.364174052e-14,3.375291467e-13,1.713369199e-13,1.962429361e-14,3.730181256e-14,7.32695646e-14,8.866340854e-14,1.109308867e-13,3.104550698e-13,3.649877208e-14,5.851870445e-13,2.621685018e-14,1.889384228e-13,2.627047062e-14
63.5546875,2.359834342e-13,2.078161967e-13,3.462022175e-13,2.569544272e-13,6.656767796e-14,9.358862375e-14,5.647729346e-14,2.181901394e-13,5.955700218e-14,5.161950295e-14,1.730309312e-13,6.240062369e-14,9.262393734e-14,8.665827133e-14,5.048622047e-13,8.924827804e-13,3.997513757e-13,2.55391081e-13,5.376037626e-14,3.355221085e-13,1.715863577e-13,1.979344337e-14,3.698665021e-14,7.315112961e-14,8.76133792e-14,1.092986176e-13,3.077627784e-13,3.617621527e-14,5.776126112e-13,2.625676652e-14,1.887949324e-13,2.558243339e-14
63.5625,2.355586555e-13,2.117152988e-13,3.455607886e-13,2.55503533e-13,6.763689008e-14,9.359881006e-14,5.493007673e-14,2.168010212e-13,5.958325719e-14,5.112146023e-14,1.746812679e-13,6.281110766e-14,9.299754622e-14,8.804574543e-14,5.01011841e-13,8.891445025e-13,3.976157786e-13,2.554088492e-13,5.392258855e-14,3.336478009e-13,1.717692957e-13,1.995160289e-14,3.668601093e-14,7.302210768e-14,8.659646448e-14,1.077312288e-13,3.05144853e-13,3.589542347e-14,5.702529137e-13,2.632080829e-14,1.888089692e-13,2.492811287e-14
63.5703125,2.352931703e-13,2.157213524e-13,3.451996816e-13,2.541291246e-13,6.874042828e-14,9.362160326e-14,5.34156841e-14,2.153695161e-13,5.96025291e-14,5.069665794e-14,1.765492749e-13,6.325110063e-14,9.33990946e-14,8.947345475e-14,4.972879563e-13,8.859322077e-13,3.955514532e-13,2.55480329e-13,5.40631324e-14,3.319845927e-13,1.719801426e-13,2.010296599e-14,3.638270473e-14,7.286155664e-14,8.561835899e-14,1.062837283e-13,3.026233062e-13,3.571126022e-14,5.631472188e-13,2.639374703e-14,1.889220367e-13,2.433038788e-14
63.578125,2.351013767e-13,2.19764141e-13,3.449576933e-13,2.527710787e-13,6.986017666e-14,9.369873725e-14,5.194997276e-14,2.139486364e-13,5.963981019e-14,5.030229335e-14,1.785615401e-13,6.365449638e-14,9.3784003e-14,9.087094712e-14,4.935569294e-13,8.827015976e-13,3.934545227e-13,2.55566639e-13,5.413851787e-14,3.30345979e-13,1.72184707e-13,2.026283031e-14,3.60626963e-14,7.269305096e-14,8.465818611e-14,1.048343461e-13,2.999131074e-13,3.557041827e-14,5.561796122e-13,2.648768982e-14,1.890852239e-13,2.375704955e-14
63.5859375,2.346537068e-13,2.236015355e-13,3.4483323e-13,2.513626403e-13,7.08833127e-14,9.380696286e-14,5.052045927e-14,2.125114291e-13,5.965958149e-14,4.983563219e-14,1.806209067e-13,6.403551466e-14,9.418244829e-14,9.221841029e-14,4.897233584e-13,8.790576715e-13,3.910892882e-13,2.554970998e-13,5.419352924e-14,3.285822037e-13,1.72303235e-13,2.042451204e-14,3.573060106e-14,7.254617037e-14,8.367852325e-14,1.033357716e-13,2.969616946e-13,3.540423086e-14,5.492843786e-13,2.661409212e-14,1.892891513e-13,2.317961478e-14
63.59375,2.341435618e-13,2.273205819e-13,3.448896019e-13,2.499117918e-13,7.187043245e-14,9.38818878e-14,4.912995281e-14,2.109868627e-13,5.966779676e-14,4.933014624e-14,1.827989145e-13,6.445190485e-14,9.455288619e-14,9.361633289e-14,4.858181167e-13,8.750924267e-13,3.886620357e-13,2.553327857e-13,5.427103915e-14,3.266737748e-13,1.723693439e-13,2.058663259e-14,3.537639493e-14,7.240473991e-14,8.268081461e-14,1.01850966e-13,2.940410839e-13,3.527508391e-14,5.426399175e-13,2.676628605e-14,1.895511951e-13,2.262821494e-14
63.6015625,2.338312608e-13,2.31263514e-13,3.450812881e-13,2.485706164e-13,7.296976912e-14,9.398341846e-14,4.780828395e-14,2.093887743e-13,5.97046822e-14,4.884038932e-14,1.851326591e-13,6.494690643e-14,9.489503959e-14,9.511668091e-14,4.820564014e-13,8.712845398e-13,3.864243177e-13,2.553215158e-13,5.438613048e-14,3.248656963e-13,1.723952986e-13,2.077447628e-14,3.499126599e-14,7.223926152e-14,8.169643226e-14,1.003994225e-13,2.912587646e-13,3.523123353e-14,5.36426044e-13,2.694537838e-14,1.899525752e-13,2.211675264e-14
63.609375,2.335257482e-13,2.353537333e-13,3.454492412e-13,2.473401772e-13,7.421921098e-14,9.419681209e-14,4.655733015e-14,2.077348115e-13,5.976743728e-14,4.83901506e-14,1.875283158e-13,6.548568452e-14,9.528448228e-14,9.665348587e-14,4.78407521e-13,8.674563238e-13,3.840731104e-13,2.554432109e-13,5.452647434e-14,3.233567151e-13,1.723749468e-13,2.0999524e-14,3.461434999e-14,7.204538676e-14,8.074569469e-14,9.894792006e-14,2.883815581e-13,3.524522393e-14,5.304008691e-13,2.714401391e-14,1.904614266e-13,2.162186031e-14
63.6171875,2.33309467e-13,2.393335809e-13,3.460282385e-13,2.460001175e-13,7.552140284e-14,9.4456343e-14,4.536219767e-14,2.059896231e-13,5.9829761e-14,4.8025134e-14,1.89965094e-13,6.597148053e-14,9.566009445e-14,9.815040736e-14,4.747022648e-13,8.633557568e-13,3.815854494e-13,2.556078281e-13,5.463174237e-14,3.219478183e-13,1.723897738e-13,2.122829261e-14,3.427078668e-14,7.185398216e-14,7.983889026e-14,9.749329138e-14,2.853415562e-13,3.532402311e-14,5.243317449e-13,2.734265622e-14,1.909076852e-13,2.114792825e-14
63.625,2.334102809e-13,2.433069862e-13,3.467961699e-13,2.445378479e-13,7.670217157e-14,9.469584706e-14,4.422558812e-14,2.041679645e-13,5.986553668e-14,4.771423733e-14,1.925888003e-13,6.64306967e-14,9.596534853e-14,9.961092052e-14,4.711647496e-13,8.594154643e-13,3.793971577e-13,2.558945767e-13,5.471726056e-14,3.204976986e-13,1.724425301e-13,2.143400072e-14,3.392007922e-14,7.167165989e-14,7.896951952e-14,9.608216625e-14,2.823856063e-13,3.548302671e-14,5.185401822e-13,2.755740335e-14,1.91343276e-13,2.071320131e-14
63.6328125,2.334648823e-13,2.473242378e-13,3.480070694e-13,2.432012196e-13,7.778238976e-14,9.500876659e-14,4.315067597e-14,2.023228661e-13,5.98639645e-14,4.737785382e-14,1.954747409e-13,6.702584869e-14,9.634077072e-14,1.011459697e-13,4.679843904e-13,8.557080438e-13,3.773372389e-13,2.562286208e-13,5.489117915e-14,3.191636958e-13,1.724464079e-13,2.164678489e-14,3.353895946e-14,7.145728146e-14,7.811302993e-14,9.473963421e-14,2.795601149e-13,3.565561127e-14,5.132846019e-13,2.780740463e-14,1.920314242e-13,2.031523307e-14
63.640625,2.332665212e-13,2.513239368e-13,3.498207791e-13,2.42023277e-13,7.898596288e-14,9.544640602e-14,4.212228542e-14,2.004404991e-13,5.985699686e-14,4.702852845e-14,1.984791248e-13,6.77845669e-14,9.68414773e-14,1.028072554e-13,4.648964033e-13,8.517943119e-13,3.749902192e-13,2.564488329e-13,5.514310789e-14,3.179658967e-13,1.724409238e-13,2.189583305e-14,3.315358882e-14,7.124591756e-14,7.725668306e-14,9.342534543e-14,2.767108808e-13,3.579727798e-14,5.083751749e-13,2.806462683e-14,1.929984419e-13,1.995337827e-14
63.6484375,2.332059777e-13,2.555168204e-13,3.518060263e-13,2.407404833e-13,8.027836759e-14,9.588851144e-14,4.111457869e-14,1.984630597e-13,5.986606782e-14,4.671206368e-14,2.014869653e-13,6.856254865e-14,9.73248111e-14,1.044149548e-13,4.616841102e-13,8.476547315e-13,3.725077304e-13,2.566249565e-13,5.536006621e-14,3.16752655e-13,1.72493918e-13,2.215279146e-14,3.277525237e-14,7.111007407e-14,7.640163181e-14,9.210091775e-14,2.738457256e-13,3.59897221e-14,5.037708391e-13,2.83133038e-14,1.940316923e-13,1.962287076e-14
63.65625,2.332712465e-13,2.598025838e-13,3.536576107e-13,2.393095327e-13,8.144418081e-14,9.628550583e-14,4.012870363e-14,1.96381194e-13,5.986370668e-14,4.642783034e-14,2.045573654e-13,6.929748663e-14,9.774202186e-14,1.0581824e-13,4.583616499e-13,8.4331379e-13,3.699490621e-13,2.568238462e-13,5.552957536e-14,3.154499371e-13,1.725481038e-13,2.238953402e-14,3.240495476e-14,7.096777158e-14,7.555366436e-14,9.075920755e-14,2.709327255e-13,3.627482542e-14,4.995269396e-13,2.857743e-14,1.950235076e-13,1.930182118e-14
63.6640625,2.331182535e-13,2.637836845e-13,3.556322316e-13,2.380391367e-13,8.257391062e-14,9.673608705e-14,3.920507669e-14,1.942409051e-13,5.98361844e-14,4.615510882e-14,2.077215148e-13,7.004591994e-14,9.818003117e-14,1.071720213e-13,4.550128179e-13,8.387010773e-13,3.671641831e-13,2.569830477e-13,5.571005774e-14,3.140929089e-13,1.72543486e-13,2.262504991e-14,3.205136326e-14,7.073789463e-14,7.47243678e-14,8.93967448e-14,2.678967895e-13,3.656922926e-14,4.954783411e-13,2.887119861e-14,1.960042489e-13,1.898618708e-14
63.671875,2.329713523e-13,2.678308173e-13,3.578549559e-13,2.36973255e-13,8.382861876e-14,9.725087181e-14,3.835467106e-14,1.920697823e-13,5.979302362e-14,4.586896061e-14,2.109692087e-13,7.083435785e-14,9.868653845e-14,1.086577949e-13,4.518786479e-13,8.342533644e-13,3.644573736e-13,2.571869713e-13,5.592505011e-14,3.128586198e-13,1.724677898e-13,2.287783493e-14,3.169993991e-14,7.052627233e-14,7.39183746e-14,8.805876097e-14,2.649703948e-13,3.687663537e-14,4.917319118e-13,2.919496009e-14,1.970300165e-13,1.869579956e-14
63.6796875,2.331543829e-13,2.724314999e-13,3.602372973e-13,2.357895546e-13,8.508183931e-14,9.775497619e-14,3.754054269e-14,1.898610891e-13,5.973353699e-14,4.558580738e-14,2.143736155e-13,7.165424629e-14,9.924805151e-14,1.102017745e-13,4.490509579e-13,8.301685277e-13,3.620712525e-13,2.57584605e-13,5.617988255e-14,3.118209836e-13,1.723296778e-13,2.313462697e-14,3.133807988e-14,7.036525526e-14,7.314876436e-14,8.681310019e-14,2.623045771e-13,3.729379586e-14,4.885172996e-13,2.954242276e-14,1.98150959e-13,1.844003909e-14
63.6875,2.334431665e-13,2.770784638e-13,3.628723793e-13,2.345306907e-13,8.624179096e-14,9.829083383e-14,3.675745938e-14,1.876393182e-13,5.967255295e-14,4.535086385e-14,2.179501802e-13,7.251000302e-14,9.982249876e-14,1.116869808e-13,4.462812486e-13,8.259581678e-13,3.597370469e-13,2.581050355e-13,5.646855251e-14,3.107567534e-13,1.721931713e-13,2.338480873e-14,3.097454709e-14,7.012208816e-14,7.243966035e-14,8.563012774e-14,2.596427548e-13,3.780318826e-14,4.855464845e-13,2.990126521e-14,1.993686972e-13,1.821359256e-14
63.6953125,2.33564145e-13,2.814028652e-13,3.657860559e-13,2.335290506e-13,8.744752261e-14,9.897038702e-14,3.602780643e-14,1.854419846e-13,5.962219306e-14,4.514574929e-14,2.216371382e-13,7.341559353e-14,1.004088708e-13,1.131774229e-13,4.435245813e-13,8.214966543e-13,3.573430888e-13,2.586145048e-13,5.679326354e-14,3.096283516e-13,1.720832343e-13,2.364715947e-14,3.059750605e-14,6.979014602e-14,7.176525506e-14,8.443142608e-14,2.568925653e-13,3.835993092e-14,4.825976544e-13,3.028542657e-14,2.00695809e-13,1.800872252e-14
63.703125,2.336008588e-13,2.858322624e-13,3.689041794e-13,2.32637162e-13,8.878128063e-14,9.978862347e-14,3.533802692e-14,1.832404469e-13,5.95517234e-14,4.494913753e-14,2.254686559e-13,7.438750007e-14,1.010682069e-13,1.147713317e-13,4.409081531e-13,8.169847033e-13,3.550173246e-13,2.59156664e-13,5.717390573e-14,3.086420632e-13,1.719278166e-13,2.393964332e-14,3.020126417e-14,6.94749563e-14,7.106911099e-14,8.320772591e-14,2.541981446e-13,3.899163495e-14,4.79922392e-13,3.071295445e-14,2.021688627e-13,1.781785087e-14
63.7109375,2.337316542e-13,2.903785277e-13,3.723119915e-13,2.315209509e-13,9.017827982e-14,1.006367339e-13,3.467227362e-14,1.809789267e-13,5.945771988e-14,4.48005337e-14,2.294683721e-13,7.540571747e-14,1.01777563e-13,1.164207628e-13,4.3823759e-13,8.122209036e-13,3.526668261e-13,2.597777453e-13,5.758244357e-14,3.077027231e-13,1.71701726e-13,2.424765696e-14,2.982108237e-14,6.917980543e-14,7.03600383e-14,8.1975869e-14,2.514645426e-13,3.965837087e-14,4.775116394e-13,3.116532741e-14,2.037137432e-13,1.764045215e-14
63.71875,2.339701049e-13,2.946794493e-13,3.759904116e-13,2.302586549e-13,9.160585826e-14,1.014880901e-13,3.404310711e-14,1.786645246e-13,5.939987679e-14,4.468913217e-14,2.336050645e-13,7.642385779e-14,1.024716778e-13,1.180688838e-13,4.354052154e-13,8.07105346e-13,3.502175924e-13,2.603875603e-13,5.798738041e-14,3.066963518e-13,1.714494781e-13,2.45631599e-14,2.946899924e-14,6.886915309e-14,6.968472065e-14,8.073446994e-14,2.486349534e-13,4.033163553e-14,4.751433533e-13,3.16351604e-14,2.052857171e-13,1.748351829e-14
63.7265625,2.342586235e-13,2.988925609e-13,3.797057877e-13,2.289750006e-13,9.310930202e-14,1.024222811e-13,3.344863786e-14,1.763408527e-13,5.939592372e-14,4.456292173e-14,2.379100429e-13,7.744985726e-14,1.032216515e-13,1.198096532e-13,4.326720167e-13,8.019119498e-13,3.478436757e-13,2.610145321e-13,5.843679114e-14,3.058387819e-13,1.711571216e-13,2.490946713e-14,2.911853748e-14,6.855703032e-14,6.904685961e-14,7.949946817e-14,2.459317825e-13,4.110893789e-14,4.728914723e-13,3.214022175e-14,2.070163224e-13,1.73516619e-14
63.734375,2.346684992e-13,3.03202419e-13,3.83309553e-13,2.276660524e-13,9.46728758e-14,1.034253664e-13,3.287586496e-14,1.739798334e-13,5.937772109e-14,4.443745145e-14,2.422568793e-13,7.851854443e-14,1.040696635e-13,1.21674737e-13,4.300900196e-13,7.967860312e-13,3.456439046e-13,2.61811271e-13,5.89549356e-14,3.050953553e-13,1.707733838e-13,2.52796504e-14,2.875805066e-14,6.825593893e-14,6.842726211e-14,7.829183459e-14,2.434192121e-13,4.198942255e-14,4.707502692e-13,3.266514048e-14,2.089105364e-13,1.724468964e-14
63.7421875,2.352281772e-13,3.07520044e-13,3.868282362e-13,2.264633037e-13,9.6190705e-14,1.044163088e-13,3.232795255e-14,1.714855186e-13,5.929494552e-14,4.433657934e-14,2.464409034e-13,7.962666046e-14,1.048952664e-13,1.234963692e-13,4.274886722e-13,7.916966628e-13,3.435227622e-13,2.62690345e-13,5.949948486e-14,3.042234299e-13,1.703290435e-13,2.563825902e-14,2.838316641e-14,6.794841732e-14,6.781430109e-14,7.71175987e-14,2.409496671e-13,4.285848604e-14,4.685970341e-13,3.318705162e-14,2.108110589e-13,1.716119881e-14
63.75,2.357628692e-13,3.119692301e-13,3.904522168e-13,2.253698454e-13,9.766755584e-14,1.054604643e-13,3.18019987e-14,1.688672656e-13,5.918023941e-14,4.424812293e-14,2.506791045e-13,8.076893239e-14,1.056519869e-13,1.252004453e-13,4.248862832e-13,7.865062146e-13,3.413894807e-13,2.634523703e-13,6.006859065e-14,3.033669632e-13,1.699025838e-13,2.599616651e-14,2.799365094e-14,6.758771624e-14,6.719428758e-14,7.597115158e-14,2.384343537e-13,4.374333458e-14,4.665213058e-13,3.373110075e-14,2.12717175e-13,1.71029326e-14
63.7578125,2.36220098e-13,3.166039075e-13,3.943219755e-13,2.24212406e-13,9.921498002e-14,1.066311582e-13,3.129413084e-14,1.662676769e-13,5.907206813e-14,4.417758319e-14,2.552200443e-13,8.194381118e-14,1.064082356e-13,1.268835106e-13,4.223404366e-13,7.811058652e-13,3.392359211e-13,2.641546658e-13,6.066794269e-14,3.026490004e-13,1.694692877e-13,2.637395923e-14,2.76161706e-14,6.716075972e-14,6.656037186e-14,7.482878682e-14,2.358525152e-13,4.471487968e-14,4.644730648e-13,3.432082427e-14,2.146507531e-13,1.70739544e-14
63.765625,2.366994962e-13,3.2120616e-13,3.982999175e-13,2.230681781e-13,1.007870069e-13,1.078459602e-13,3.082853141e-14,1.637356167e-13,5.894613693e-14,4.412493579e-14,2.597998574e-13,8.3149925e-14,1.071824915e-13,1.285656118e-13,4.199183022e-13,7.757220349e-13,3.370869055e-13,2.649029127e-13,6.127322614e-14,3.019080724e-13,1.689410272e-13,2.674927725e-14,2.726449053e-14,6.672919046e-14,6.592134449e-14,7.36910664e-14,2.333047461e-13,4.572779332e-14,4.623655094e-13,3.4931937e-14,2.165768631e-13,1.706864491e-14
63.7734375,2.37175455e-13,3.257586916e-13,4.023363883e-13,2.220375344e-13,1.022944558e-13,1.09064412e-13,3.041796975e-14,1.611904732e-13,5.879017766e-14,4.408080136e-14,2.642821478e-13,8.441241757e-14,1.079772153e-13,1.302401234e-13,4.177466107e-13,7.704773813e-13,3.349600509e-13,2.656490045e-13,6.190764865e-14,3.012594247e-13,1.683537737e-13,2.711964081e-14,2.692377993e-14,6.632028863e-14,6.529411835e-14,7.259515059e-14,2.309202438e-13,4.676784718e-14,4.604967018e-13,3.554618092e-14,2.18626371e-13,1.707553896e-14
63.78125,2.376826294e-13,3.302888859e-13,4.064767378e-13,2.209318951e-13,1.038460282e-13,1.103038024e-13,3.002788736e-14,1.58612244e-13,5.865519826e-14,4.406180406e-14,2.688901112e-13,8.568874006e-14,1.087626911e-13,1.319360543e-13,4.156252798e-13,7.65080033e-13,3.328625826e-13,2.663897011e-13,6.256951032e-14,3.008682415e-13,1.677855294e-13,2.750460335e-14,2.659537449e-14,6.590063379e-14,6.46881898e-14,7.152634177e-14,2.286200398e-13,4.784449805e-14,4.589155675e-13,3.618816562e-14,2.207781648e-13,1.7095977e-14
63.7890625,2.382885583e-13,3.346349144e-13,4.104355573e-13,2.196686677e-13,1.054610251e-13,1.115136708e-13,2.963841849e-14,1.560225742e-13,5.854911652e-14,4.406529524e-14,2.735314127e-13,8.687713933e-14,1.094612923e-13,1.335454693e-13,4.13250075e-13,7.594772578e-13,3.308058253e-13,2.671491025e-13,6.319212138e-14,3.004492706e-13,1.671888046e-13,2.788327491e-14,2.628243159e-14,6.54788209e-14,6.409339257e-14,7.043025867e-14,2.263058108e-13,4.889304308e-14,4.572488313e-13,3.687554209e-14,2.22774464e-13,1.713368461e-14
63.796875,2.388009281e-13,3.388496801e-13,4.142061486e-13,2.183906e-13,1.069492625e-13,1.127429742e-13,2.928399356e-14,1.533940881e-13,5.841472547e-14,4.407209213e-14,2.780528201e-13,8.804380612e-14,1.101350452e-13,1.349882069e-13,4.108310323e-13,7.538653673e-13,3.287864931e-13,2.678896503e-13,6.381652956e-14,2.998082873e-13,1.665455409e-13,2.824383179e-14,2.596496126e-14,6.507090383e-14,6.350778328e-14,6.933324423e-14,2.240213954e-13,4.993809249e-14,4.555971208e-13,3.758842423e-14,2.247605616e-13,1.718367721e-14
63.8046875,2.39180224e-13,3.431268304e-13,4.182890344e-13,2.171521596e-13,1.083449959e-13,1.141022081e-13,2.898190089e-14,1.507313103e-13,5.826553813e-14,4.40915861e-14,2.826672826e-13,8.933938987e-14,1.108753238e-13,1.36416365e-13,4.086648627e-13,7.481931341e-13,3.267765454e-13,2.686338482e-13,6.45434372e-14,2.991821218e-13,1.6592311e-13,2.862551629e-14,2.563613029e-14,6.462497909e-14,6.29507367e-14,6.830952548e-14,2.217962754e-13,5.10904793e-14,4.543107971e-13,3.8309376e-14,2.270277575e-13,1.725450524e-14
63.8125,2.396871919e-13,3.474660306e-13,4.225396491e-13,2.159086866e-13,1.098704715e-13,1.155198345e-13,2.87018278e-14,1.480735454e-13,5.816380376e-14,4.41186849e-14,2.873927892e-13,9.069832078e-14,1.115663145e-13,1.379365136e-13,4.066140065e-13,7.424755617e-13,3.247917419e-13,2.694023246e-13,6.533847566e-14,2.987479654e-13,1.652618106e-13,2.905121598e-14,2.530878744e-14,6.408865693e-14,6.241673922e-14,6.735804465e-14,2.196583996e-13,5.233780812e-14,4.531761642e-13,3.90547153e-14,2.293519936e-13,1.735779342e-14
63.8203125,2.40265609e-13,3.51885274e-13,4.264419364e-13,2.146113499e-13,1.114992244e-13,1.169283646e-13,2.843267107e-14,1.454251255e-13,5.808508541e-14,4.414119993e-14,2.920553669e-13,9.199788564e-14,1.121645152e-13,1.395024632e-13,4.045379896e-13,7.368449543e-13,3.229243453e-13,2.701638664e-13,6.614626939e-14,2.983971148e-13,1.644876578e-13,2.950660515e-14,2.499384302e-14,6.349600075e-14,6.188541336e-14,6.642203103e-14,2.175881048e-13,5.36339919e-14,4.51893917e-13,3.985658421e-14,2.315774551e-13,1.747671371e-14
63.828125,2.40744236e-13,3.564410348e-13,4.303194624e-13,2.132633905e-13,1.131063403e-13,1.184053624e-13,2.818903851e-14,1.427886979e-13,5.798053182e-14,4.418833689e-14,2.967676249e-13,9.331345092e-14,1.128327725e-13,1.411072681e-13,4.025091971e-13,7.311798959e-13,3.212412678e-13,2.709915071e-13,6.699664758e-14,2.979764184e-13,1.637302901e-13,2.997290298e-14,2.470219434e-14,6.294607807e-14,6.137660458e-14,6.54862042e-14,2.154871331e-13,5.501048458e-14,4.506605682e-13,4.071877047e-14,2.339418622e-13,1.760280692e-14
63.8359375,2.41349202e-13,3.609801593e-13,4.34512764e-13,2.119513868e-13,1.146905352e-13,1.199329058e-13,2.796827282e-14,1.401614219e-13,5.786723909e-14,4.427485758e-14,3.015528586e-13,9.469991043e-14,1.135464056e-13,1.426804223e-13,4.005377629e-13,7.254182814e-13,3.196976767e-13,2.719189843e-13,6.786451057e-14,2.975523675e-13,1.630648124e-13,3.042503708e-14,2.442597502e-14,6.247825514e-14,6.090586079e-14,6.459488648e-14,2.13460762e-13,5.642707782e-14,4.497273205e-13,4.159841572e-14,2.36388807e-13,1.776462021e-14
63.84375,2.421563187e-13,3.65281356e-13,4.386184362e-13,2.106244267e-13,1.16178163e-13,1.214287296e-13,2.777044572e-14,1.375280644e-13,5.775220226e-14,4.438401044e-14,3.062044498e-13,9.60378796e-14,1.141270097e-13,1.44059914e-13,3.985769123e-13,7.196711505e-13,3.181915691e-13,2.727620516e-13,6.868048817e-14,2.973217674e-13,1.623287838e-13,3.084640051e-14,2.413653484e-14,6.202024794e-14,6.043600156e-14,6.378164978e-14,2.116240987e-13,5.779684256e-14,4.489097567e-13,4.246763005e-14,2.386738973e-13,1.797159531e-14
63.8515625,2.428273312e-13,3.693517556e-13,4.424892897e-13,2.091858855e-13,1.175408172e-13,1.229321728e-13,2.760329748e-14,1.349335665e-13,5.762780228e-14,4.450932986e-14,3.107577544e-13,9.727779396e-14,1.146335422e-13,1.45290878e-13,3.966321465e-13,7.13921972e-13,3.166717853e-13,2.734398471e-13,6.947477285e-14,2.972015871e-13,1.61433637e-13,3.12585994e-14,2.383808135e-14,6.151181225e-14,5.995075009e-14,6.300401385e-14,2.097604943e-13,5.916325892e-14,4.478066444e-13,4.33561236e-14,2.408704853e-13,1.819519322e-14
63.859375,2.432517053e-13,3.734523816e-13,4.464090197e-13,2.078680332e-13,1.189910356e-13,1.245000384e-13,2.745691075e-14,1.324320985e-13,5.754199084e-14,4.463098164e-14,3.153991252e-13,9.855484842e-14,1.152365022e-13,1.466164749e-13,3.947965493e-13,7.082199378e-13,3.151960273e-13,2.741923194e-13,7.035802511e-14,2.969496501e-13,1.605169103e-13,3.170480599e-14,2.356648178e-14,6.095671773e-14,5.949780886e-14,6.219668968e-14,2.077995295e-13,6.064287935e-14,4.465016241e-13,4.428827961e-14,2.431369262e-13,1.841721696e-14
63.8671875,2.436326868e-13,3.777225744e-13,4.504760633e-13,2.068191098e-13,1.206300757e-13,1.261440163e-13,2.733511725e-14,1.299879311e-13,5.751831423e-14,4.472873172e-14,3.202117881e-13,9.997662868e-14,1.159524697e-13,1.481498751e-13,3.93169015e-13,7.026146781e-13,3.138505828e-13,2.75223939e-13,7.139152177e-14,2.966266441e-13,1.596876906e-13,3.22034696e-14,2.332488147e-14,6.035083823e-14,5.910836826e-14,6.137044549e-14,2.059614929e-13,6.225335082e-14,4.455614112e-13,4.525575272e-14,2.455813446e-13,1.864094166e-14
63.875,2.440954977e-13,3.820100009e-13,4.547269984e-13,2.056928923e-13,1.223243386e-13,1.278792247e-13,2.725673058e-14,1.275477393e-13,5.750040316e-14,4.481721203e-14,3.251826113e-13,1.0147258e-13,1.16725291e-13,1.497676673e-13,3.916237591e-13,6.96950089e-13,3.126369508e-13,2.764183539e-13,7.249081781e-14,2.964283029e-13,1.588930799e-13,3.272484359e-14,2.308308606e-14,5.971564733e-14,5.874676832e-14,6.058202319e-14,2.042297429e-13,6.389994992e-14,4.450241957e-13,4.625239587e-14,2.482097994e-13,1.888682215e-14
63.8828125,2.446972901e-13,3.863366582e-13,4.590206465e-13,2.043340083e-13,1.240204799e-13,1.296908956e-13,2.721024942e-14,1.251158891e-13,5.746200445e-14,4.490378358e-14,3.301168129e-13,1.029336578e-13,1.174916665e-13,1.512982645e-13,3.900184135e-13,6.913333089e-13,3.11563405e-13,2.775760232e-13,7.353424381e-14,2.964033492e-13,1.580435426e-13,3.323839643e-14,2.282751455e-14,5.911606722e-14,5.837275495e-14,5.984659909e-14,2.025268321e-13,6.554358094e-14,4.443595104e-13,4.726686948e-14,2.50753607e-13,1.918419786e-14
63.890625,2.454122993e-13,3.90746562e-13,4.629970375e-13,2.030626612e-13,1.256953171e-13,1.315498365e-13,2.718327186e-14,1.227213572e-13,5.743580191e-14,4.498674621e-14,3.348594126e-13,1.043672035e-13,1.182003082e-13,1.52730369e-13,3.884724466e-13,6.85948897e-13,3.106608815e-13,2.786643184e-13,7.456311074e-14,2.964534108e-13,1.571034983e-13,3.376159268e-14,2.257274594e-14,5.856067929e-14,5.799954435e-14,5.913894827e-14,2.009395871e-13,6.725485996e-14,4.434978707e-13,4.83034629e-14,2.531150719e-13,1.951552616e-14
63.8984375,2.460485736e-13,3.948414657e-13,4.666881283e-13,2.019737976e-13,1.272738903e-13,1.334052678e-13,2.718521019e-14,1.203857993e-13,5.742364895e-14,4.507391493e-14,3.394996302e-13,1.057848673e-13,1.188895418e-13,1.541338626e-13,3.869918078e-13,6.80460116e-13,3.097527057e-13,2.796967975e-13,7.565769298e-14,2.96354809e-13,1.560868149e-13,3.429961463e-14,2.234331316e-14,5.799886293e-14,5.765494658e-14,5.843854043e-14,1.993426868e-13,6.900543719e-14,4.426561634e-13,4.938902873e-14,2.555020735e-13,1.983155115e-14
63.90625,2.465559206e-13,3.986040128e-13,4.702876476e-13,2.008777872e-13,1.288432141e-13,1.351821387e-13,2.720744435e-14,1.180998803e-13,5.740332877e-14,4.514946489e-14,3.440495642e-13,1.071362837e-13,1.196028981e-13,1.55460534e-13,3.854558837e-13,6.747280296e-13,3.086275078e-13,2.806765955e-13,7.676093626e-14,2.961531379e-13,1.550503822e-13,3.48145645e-14,2.214913045e-14,5.739952402e-14,5.732779552e-14,5.775218543e-14,1.976197233e-13,7.07071067e-14,4.41693455e-13,5.049097433e-14,2.578208548e-13,2.014905984e-14
63.9140625,2.471110929e-13,4.02541561e-13,4.736558935e-13,1.997164146e-13,1.30444134e-13,1.368977986e-13,2.724175227e-14,1.158635182e-13,5.739664672e-14,4.521195788e-14,3.484407537e-13,1.08454258e-13,1.202818398e-13,1.566252881e-13,3.840366968e-13,6.69230728e-13,3.074499239e-13,2.816799089e-13,7.783257567e-14,2.961804169e-13,1.540561838e-13,3.530483917e-14,2.196330282e-14,5.677777196e-14,5.699391055e-14,5.71016527e-14,1.959627363e-13,7.244300254e-14,4.40567139e-13,5.156416297e-14,2.598749099e-13,2.051786922e-14
63.921875,2.47721009e-13,4.0648979e-13,4.767720426e-13,1.984603012e-13,1.318833912e-13,1.386013119e-13,2.730090288e-14,1.137556799e-13,5.74490966e-14,4.530846394e-14,3.527356261e-13,1.097952007e-13,1.208651203e-13,1.57654718e-13,3.82789231e-13,6.640887285e-13,3.064707029e-13,2.826973563e-13,7.888914333e-14,2.963097383e-13,1.531090041e-13,3.579702582e-14,2.175340463e-14,5.618277757e-14,5.66579011e-14,5.648456678e-14,1.943773874e-13,7.424926787e-14,4.393983243e-13,5.264994255e-14,2.618026341e-13,2.091890318e-14
63.9296875,2.482709479e-13,4.102047614e-13,4.797669022e-13,1.971623984e-13,1.33223489e-13,1.402800422e-13,2.738269781e-14,1.118121893e-13,5.755638187e-14,4.545187005e-14,3.56891459e-13,1.111063026e-13,1.214024847e-13,1.586573028e-13,3.814279716e-13,6.589455777e-13,3.056161657e-13,2.836390669e-13,7.989990321e-14,2.962387894e-13,1.521605237e-13,3.628447574e-14,2.154160432e-14,5.56248392e-14,5.634399379e-14,5.588205827e-14,1.926689664e-13,7.600958718e-14,4.380264635e-13,5.376597866e-14,2.636757875e-13,2.131261298e-14
63.9375,2.488444366e-13,4.141524787e-13,4.825229943e-13,1.960962676e-13,1.347773497e-13,1.420265122e-13,2.748969621e-14,1.09913151e-13,5.766595434e-14,4.559148262e-14,3.60779836e-13,1.123772952e-13,1.220044056e-13,1.597287834e-13,3.800173231e-13,6.537704022e-13,3.047702054e-13,2.846059179e-13,8.090076229e-14,2.962174099e-13,1.511521955e-13,3.677348868e-14,2.137192408e-14,5.503795316e-14,5.607379905e-14,5.530757633e-14,1.909138511e-13,7.779555889e-14,4.364596261e-13,5.487307644e-14,2.654690006e-13,2.171457803e-14
63.9453125,2.494201722e-13,4.181743058e-13,4.850000255e-13,1.952975842e-13,1.364321575e-13,1.439312106e-13,2.763910097e-14,1.07987926e-13,5.776399547e-14,4.567973125e-14,3.644663294e-13,1.136657969e-13,1.226806277e-13,1.607998632e-13,3.788636187e-13,6.488046112e-13,3.039839837e-13,2.856895349e-13,8.195326892e-14,2.963729048e-13,1.500633857e-13,3.72827179e-14,2.122679661e-14,5.437514996e-14,5.584623991e-14,5.479252247e-14,1.892569765e-13,7.969958455e-14,4.349623726e-13,5.600083228e-14,2.672896931e-13,2.215241099e-14
63.953125,2.497600476e-13,4.216839887e-13,4.873924412e-13,1.9447169e-13,1.378651327e-13,1.458232171e-13,2.780434017e-14,1.061468412e-13,5.789075582e-14,4.573285891e-14,3.680778689e-13,1.149451838e-13,1.233107931e-13,1.617041264e-13,3.778652561e-13,6.440849952e-13,3.033013043e-13,2.867459932e-13,8.298278179e-14,2.964359779e-13,1.489650423e-13,3.778358998e-14,2.106468885e-14,5.366788753e-14,5.563353966e-14,5.433259593e-14,1.876588083e-13,8.156923383e-14,4.333932891e-13,5.717330264e-14,2.69065359e-13,2.262900719e-14
63.9609375,2.499719853e-13,4.250594615e-13,4.897279331e-13,1.935261704e-13,1.39175338e-13,1.475631307e-13,2.794872682e-14,1.044757142e-13,5.805561082e-14,4.583262176e-14,3.716463297e-13,1.161921681e-13,1.238562814e-13,1.62486107e-13,3.768054719e-13,6.394045323e-13,3.027574207e-13,2.877335179e-13,8.396337775e-14,2.964669747e-13,1.479340526e-13,3.826095586e-14,2.090659845e-14,5.299498233e-14,5.542300002e-14,5.388387734e-14,1.860571028e-13,8.339393407e-14,4.315386817e-13,5.834589282e-14,2.706624858e-13,2.313218436e-14
63.96875,2.503765665e-13,4.285571283e-13,4.917676769e-13,1.925500352e-13,1.405378234e-13,1.492561197e-13,2.809447513e-14,1.02946837e-13,5.824144893e-14,4.60066251e-14,3.750966769e-13,1.174201647e-13,1.244109582e-13,1.632839938e-13,3.756752465e-13,6.346201795e-13,3.023790804e-13,2.887438143e-13,8.498069819e-14,2.965067456e-13,1.468975016e-13,3.874815457e-14,2.078798256e-14,5.242711402e-14,5.523292951e-14,5.341011729e-14,1.844085664e-13,8.530481372e-14,4.295652435e-13,5.953597311e-14,2.72157225e-13,2.363714583e-14
63.9765625,2.509008067e-13,4.317758799e-13,4.932736525e-13,1.915354851e-13,1.418741872e-13,1.509410686e-13,2.826846027e-14,1.015331225e-13,5.846202412e-14,4.616764682e-14,3.782941288e-13,1.185753624e-13,1.250027637e-13,1.640573827e-13,3.744775173e-13,6.298915964e-13,3.02077807e-13,2.897305928e-13,8.602079827e-14,2.963097454e-13,1.457369894e-13,3.924861754e-14,2.069037536e-14,5.192626083e-14,5.506858649e-14,5.29306151e-14,1.827126373e-13,8.721167295e-14,4.275075657e-13,6.076429372e-14,2.735241506e-13,2.413728167e-14
63.984375,2.513952022e-13,4.349398162e-13,4.943646514e-13,1.905364969e-13,1.432078734e-13,1.525699974e-13,2.846038841e-14,1.001945005e-13,5.87022224e-14,4.62674745e-14,3.812714465e-13,1.196649347e-13,1.256140465e-13,1.647433794e-13,3.732819089e-13,6.253583576e-13,3.01757406e-13,2.906733184e-13,8.704650627e-14,2.960956273e-13,1.444833015e-13,3.973480141e-14,2.059200542e-14,5.138047396e-14,5.491154544e-14,5.250217155e-14,1.810287011e-13,8.905573163e-14,4.253047405e-13,6.195925738e-14,2.747272613e-13,2.4665943e-14
63.9921875,2.519420693e-13,4.382765927e-13,4.953969707e-13,1.896264349e-13,1.445751269e-13,1.541788807e-13,2.866857932e-14,9.888044901e-14,5.890391058e-14,4.63564547e-14,3.841265672e-13,1.207730309e-13,1.262606528e-13,1.652991058e-13,3.721894327e-13,6.209212143e-13,3.014267885e-13,2.916116919e-13,8.807363185e-14,2.961306519e-13,1.432203243e-13,4.019368928e-14,2.049966848e-14,5.079586196e-14,5.475134946e-14,5.215068543e-14,1.793774672e-13,9.091898814e-14,4.231486662e-13,6.311762489e-14,2.758929201e-13,2.524726538e-14
64,2.524594133e-13,4.412598751e-13,4.964044488e-13,1.887229531e-13,1.458419611e-13,1.557663717e-13,2.89031013e-14,9.763742872e-14,5.909471825e-14,4.647380186e-14,3.86797714e-13,1.218830688e-13,1.26876619e-13,1.657008381e-13,3.711398137e-13,6.165964238e-13,3.011355411e-13,2.92495936e-13,8.905796964e-14,2.96029403e-13,1.419529196e-13,4.063695922e-14,2.041182456e-14,5.026304145e-14,5.460072475e-14,5.185354794e-14,1.778012735e-13,9.276862761e-14,4.210307009e-13,6.431169618e-14,2.769711463e-13,2.586155911e-14
64.0078125,2.527925276e-13,4.4381415e-13,4.972493087e-13,1.87810528e-13,1.470918047e-13,1.573243104e-13,2.915669046e-14,9.653690496e-14,5.936610987e-14,4.663923327e-14,3.893104068e-13,1.229751698e-13,1.274368773e-13,1.661632791e-13,3.701015408e-13,6.124229647e-13,3.009027622e-13,2.933931983e-13,9.001682736e-14,2.956404775e-13,1.406892547e-13,4.11102328e-14,2.033057579e-14,4.97747935e-14,5.448880778e-14,5.156837971e-14,1.763068838e-13,9.460785244e-14,4.187575964e-13,6.551783675e-14,2.779111501e-13,2.648016552e-14
64.015625,2.530689913e-13,4.464018897e-13,4.979646331e-13,1.869784225e-13,1.484963608e-13,1.589225585e-13,2.942239335e-14,9.555698385e-14,5.970416864e-14,4.685132072e-14,3.917350354e-13,1.240780453e-13,1.280965215e-13,1.668076642e-13,3.691486769e-13,6.082599726e-13,3.007116773e-13,2.944159594e-13,9.10446292e-14,2.953712635e-13,1.394675469e-13,4.162289549e-14,2.027628241e-14,4.928523213e-14,5.442188097e-14,5.12672171e-14,1.747263802e-13,9.650786151e-14,4.164469662e-13,6.669275271e-14,2.788074582e-13,2.710441237e-14
64.0234375,2.53434073e-13,4.491282453e-13,4.984290399e-13,1.862041422e-13,1.499154211e-13,1.605360589e-13,2.971617483e-14,9.466073285e-14,6.002753529e-14,4.70539331e-14,3.939462671e-13,1.251285709e-13,1.288765483e-13,1.673741056e-13,3.683205896e-13,6.042515013e-13,3.006152852e-13,2.954826171e-13,9.210364283e-14,2.952646106e-13,1.382737827e-13,4.210907247e-14,2.02482295e-14,4.880717123e-14,5.437345115e-14,5.097170547e-14,1.73010637e-13,9.841991558e-14,4.141507094e-13,6.787936939e-14,2.794962491e-13,2.775547914e-14
64.03125,2.53851083e-13,4.518530912e-13,4.985517133e-13,1.854667415e-13,1.513039783e-13,1.621043451e-13,3.005681506e-14,9.385042405e-14,6.033100751e-14,4.723920298e-14,3.95961555e-13,1.261026951e-13,1.296247125e-13,1.678169959e-13,3.67716356e-13,6.007255988e-13,3.007413428e-13,2.966212522e-13,9.315203924e-14,2.950191231e-13,1.370666962e-13,4.255686885e-14,2.02272279e-14,4.833297155e-14,5.435551599e-14,5.072338359e-14,1.713312558e-13,1.003114669e-13,4.116539717e-13,6.909336256e-14,2.799243966e-13,2.843323033e-14
64.0390625,2.542058152e-13,4.543641722e-13,4.985909553e-13,1.848196037e-13,1.527796098e-13,1.636761236e-13,3.043674815e-14,9.313124874e-14,6.063336415e-14,4.746285548e-14,3.979029737e-13,1.27073464e-13,1.303983587e-13,1.683236019e-13,3.673975342e-13,5.975732132e-13,3.010485199e-13,2.979398274e-13,9.424235671e-14,2.946317687e-13,1.35854581e-13,4.301449984e-14,2.020615643e-14,4.784475602e-14,5.440857463e-14,5.051987867e-14,1.697265533e-13,1.021465876e-13,4.090198316e-13,7.028812921e-14,2.804123528e-13,2.912017252e-14
64.046875,2.543732771e-13,4.565640977e-13,4.985090735e-13,1.842357688e-13,1.541577233e-13,1.652438895e-13,3.084122738e-14,9.253888552e-14,6.092240919e-14,4.771099047e-14,3.995647181e-13,1.280059485e-13,1.313029935e-13,1.687225069e-13,3.671787493e-13,5.945210496e-13,3.013234426e-13,2.992358132e-13,9.531088331e-14,2.942688717e-13,1.346732549e-13,4.34592807e-14,2.017917822e-14,4.738634718e-14,5.450512392e-14,5.034114448e-14,1.68141837e-13,1.038521237e-13,4.064532103e-13,7.145927651e-14,2.808864919e-13,2.982933272e-14
64.0546875,2.544587595e-13,4.58682842e-13,4.979525549e-13,1.836744097e-13,1.55368403e-13,1.667477519e-13,3.127763888e-14,9.211626734e-14,6.122989672e-14,4.793296793e-14,4.007905901e-13,1.288452149e-13,1.321954078e-13,1.688770854e-13,3.66895861e-13,5.915735652e-13,3.015186857e-13,3.004130308e-13,9.627927766e-14,2.939495215e-13,1.335105209e-13,4.386433149e-14,2.015071509e-14,4.697007224e-14,5.461032158e-14,5.019306478e-14,1.665802003e-13,1.055435946e-13,4.038638643e-13,7.264243204e-14,2.810181059e-13,3.058070532e-14
64.0625,2.547471573e-13,4.607636999e-13,4.969788641e-13,1.831248579e-13,1.567138385e-13,1.681937236e-13,3.174554208e-14,9.182318282e-14,6.158882189e-14,4.813392607e-14,4.017890001e-13,1.296373122e-13,1.330325983e-13,1.690155486e-13,3.665807611e-13,5.887830781e-13,3.017988851e-13,3.01771876e-13,9.72267479e-14,2.936123939e-13,1.32321461e-13,4.426704081e-14,2.015193125e-14,4.654345901e-14,5.477381457e-14,5.007569563e-14,1.649493193e-13,1.072854435e-13,4.011353268e-13,7.382526158e-14,2.809337744e-13,3.134577846e-14
64.0703125,2.551879948e-13,4.626037498e-13,4.958012252e-13,1.825226176e-13,1.581919004e-13,1.695356544e-13,3.22193729e-14,9.159008537e-14,6.195995942e-14,4.834352098e-14,4.026925437e-13,1.303732578e-13,1.339876552e-13,1.69173627e-13,3.662171236e-13,5.860568212e-13,3.021872311e-13,3.03347807e-13,9.81787187e-14,2.932302514e-13,1.311125937e-13,4.466426512e-14,2.019190047e-14,4.611573938e-14,5.501027045e-14,4.997235793e-14,1.632346696e-13,1.089272125e-13,3.9827959e-13,7.496259026e-14,2.807877797e-13,3.209771308e-14
64.078125,2.554753981e-13,4.641490728e-13,4.94398705e-13,1.818865828e-13,1.595876357e-13,1.70724566e-13,3.269027554e-14,9.143428785e-14,6.232119608e-14,4.859316597e-14,4.034142803e-13,1.310116794e-13,1.350493859e-13,1.692194239e-13,3.65742943e-13,5.832618072e-13,3.02434695e-13,3.048045199e-13,9.905671452e-14,2.928079017e-13,1.298971185e-13,4.502546905e-14,2.023992924e-14,4.572541608e-14,5.524395433e-14,4.988670854e-14,1.616284077e-13,1.104691575e-13,3.952522214e-13,7.606857006e-14,2.804703405e-13,3.286232142e-14
64.0859375,2.555994308e-13,4.653585986e-13,4.92735701e-13,1.813172069e-13,1.609845548e-13,1.71824794e-13,3.317392779e-14,9.140893247e-14,6.268675567e-14,4.888303049e-14,4.038744985e-13,1.315645839e-13,1.360839848e-13,1.692218445e-13,3.652488852e-13,5.804829139e-13,3.024836565e-13,3.061139079e-13,9.986790627e-14,2.923694689e-13,1.286227041e-13,4.536241528e-14,2.028804791e-14,4.533245639e-14,5.54658e-14,4.98434086e-14,1.601417581e-13,1.119618597e-13,3.92035751e-13,7.719730529e-14,2.799526993e-13,3.365447097e-14
64.09375,2.557799596e-13,4.663439752e-13,4.907595374e-13,1.807763117e-13,1.624527733e-13,1.728708475e-13,3.368175243e-14,9.150872669e-14,6.305326028e-14,4.917317606e-14,4.041177798e-13,1.320348175e-13,1.371188113e-13,1.692597377e-13,3.649033504e-13,5.780935308e-13,3.027631311e-13,3.075846782e-13,1.006929546e-13,2.919149115e-13,1.2729253e-13,4.568955144e-14,2.035262913e-14,4.493232639e-14,5.574931652e-14,4.985364177e-14,1.58586462e-13,1.133809682e-13,3.886658185e-13,7.835088689e-14,2.792644833e-13,3.445411232e-14
64.1015625,2.560829081e-13,4.673583092e-13,4.884775879e-13,1.802316251e-13,1.639711538e-13,1.738894593e-13,3.421546777e-14,9.173345384e-14,6.345357121e-14,4.947707106e-14,4.042596577e-13,1.324632701e-13,1.381953198e-13,1.693368415e-13,3.647709626e-13,5.762634548e-13,3.035166522e-13,3.09311482e-13,1.015771327e-13,2.913640344e-13,1.259962028e-13,4.603222223e-14,2.041725916e-14,4.461280923e-14,5.61004081e-14,4.990199134e-14,1.569137393e-13,1.14876564e-13,3.851049318e-13,7.94915307e-14,2.784958529e-13,3.527158521e-14
64.109375,2.564424507e-13,4.68272008e-13,4.859824257e-13,1.797981016e-13,1.65598075e-13,1.74941354e-13,3.476568576e-14,9.212299863e-14,6.389810642e-14,4.981653413e-14,4.042140735e-13,1.328669365e-13,1.392775452e-13,1.693587584e-13,3.647684903e-13,5.747177342e-13,3.04341969e-13,3.110549227e-13,1.024594951e-13,2.907652728e-13,1.247293735e-13,4.639499306e-14,2.046134737e-14,4.43742712e-14,5.645976352e-14,4.99791813e-14,1.551623702e-13,1.164404359e-13,3.813475658e-13,8.059247779e-14,2.776503284e-13,3.613612269e-14
64.1171875,2.568399559e-13,4.689720375e-13,4.831228286e-13,1.7948965e-13,1.672169307e-13,1.759308534e-13,3.531634199e-14,9.263622795e-14,6.430816463e-14,5.01224417e-14,4.038019104e-13,1.331491776e-13,1.403662859e-13,1.691301614e-13,3.647721274e-13,5.73173925e-13,3.049345716e-13,3.126467219e-13,1.032342981e-13,2.903901731e-13,1.234292721e-13,4.670657402e-14,2.051133089e-14,4.412086753e-14,5.681009095e-14,5.010869092e-14,1.533928545e-13,1.178252151e-13,3.774907479e-13,8.163955278e-14,2.764125093e-13,3.703251425e-14
64.125,2.572986481e-13,4.696550793e-13,4.798171958e-13,1.792168905e-13,1.687877166e-13,1.767576051e-13,3.586065209e-14,9.318243824e-14,6.470732998e-14,5.037375185e-14,4.03093148e-13,1.333548974e-13,1.414682616e-13,1.688008925e-13,3.647593319e-13,5.716061433e-13,3.055095363e-13,3.142683129e-13,1.039664094e-13,2.901577763e-13,1.221283678e-13,4.697103855e-14,2.05889955e-14,4.383621554e-14,5.718663216e-14,5.030660238e-14,1.517136201e-13,1.191040218e-13,3.736155375e-13,8.263508477e-14,2.748494142e-13,3.792742746e-14
64.1328125,2.578307786e-13,4.701528378e-13,4.762905923e-13,1.78986985e-13,1.705413294e-13,1.775343146e-13,3.640897985e-14,9.379419682e-14,6.519310825e-14,5.065234525e-14,4.020925648e-13,1.336264555e-13,1.42591355e-13,1.686577917e-13,3.647626539e-13,5.701686827e-13,3.062334465e-13,3.161201206e-13,1.047782223e-13,2.895798814e-13,1.208389629e-13,4.727105119e-14,2.06685715e-14,4.356770779e-14,5.761921172e-14,5.054469299e-14,1.500543496e-13,1.203802286e-13,3.696820206e-13,8.358654014e-14,2.73423068e-13,3.882167645e-14
64.140625,2.584623936e-13,4.702465809e-13,4.724838039e-13,1.788097864e-13,1.723728687e-13,1.783016857e-13,3.699058626e-14,9.455095509e-14,6.567624564e-14,5.097395659e-14,4.006708883e-13,1.338423941e-13,1.437685239e-13,1.684385697e-13,3.647935838e-13,5.690401218e-13,3.070483776e-13,3.180788928e-13,1.055599541e-13,2.887545333e-13,1.195018253e-13,4.753578871e-14,2.073785699e-14,4.334285334e-14,5.808926354e-14,5.079297443e-14,1.482506509e-13,1.21498108e-13,3.655391972e-13,8.450911244e-14,2.718340647e-13,3.973631217e-14
64.1484375,2.592248331e-13,4.703224499e-13,4.68286315e-13,1.787116164e-13,1.740837426e-13,1.789827296e-13,3.761950143e-14,9.543071818e-14,6.607010288e-14,5.129938607e-14,3.990615486e-13,1.339023846e-13,1.450056919e-13,1.679622102e-13,3.649707276e-13,5.682539621e-13,3.079414503e-13,3.200497033e-13,1.062223113e-13,2.882511142e-13,1.181621166e-13,4.768882367e-14,2.082977805e-14,4.318640688e-14,5.856270572e-14,5.107754036e-14,1.464264763e-13,1.225928355e-13,3.61225018e-13,8.545010013e-14,2.696760685e-13,4.068545082e-14
64.15625,2.600957931e-13,4.707343175e-13,4.6403922e-13,1.788102466e-13,1.759879021e-13,1.796601929e-13,3.826956951e-14,9.638968902e-14,6.650685067e-14,5.164153016e-14,3.974976965e-13,1.340181674e-13,1.463440256e-13,1.677056095e-13,3.654464007e-13,5.67778692e-13,3.089052437e-13,3.222141135e-13,1.069485602e-13,2.879113062e-13,1.169208657e-13,4.787754813e-14,2.096207179e-14,4.307444103e-14,5.906779811e-14,5.145418183e-14,1.447785079e-13,1.23859262e-13,3.570900052e-13,8.641126889e-14,2.6756859e-13,4.166559023e-14
64.1640625,2.609624389e-13,4.712199349e-13,4.598106308e-13,1.79029053e-13,1.781750807e-13,1.80379905e-13,3.893060867e-14,9.742175651e-14,6.703945147e-14,5.201589657e-14,3.957395352e-13,1.342310595e-13,1.477923112e-13,1.677987678e-13,3.660741008e-13,5.675394442e-13,3.098890248e-13,3.245665464e-13,1.078005941e-13,2.872022715e-13,1.157540409e-13,4.817222974e-14,2.110999504e-14,4.293942831e-14,5.96532467e-14,5.191998794e-14,1.431815613e-13,1.25083073e-13,3.532032514e-13,8.731021696e-14,2.657809197e-13,4.2655757e-14
64.171875,2.616611105e-13,4.712992467e-13,4.552807482e-13,1.791500776e-13,1.802452259e-13,1.809923759e-13,3.961790949e-14,9.852674822e-14,6.755449723e-14,5.241514475e-14,3.936483046e-13,1.343160062e-13,1.491968347e-13,1.677641822e-13,3.66602773e-13,5.673627607e-13,3.108833628e-13,3.268573857e-13,1.085802502e-13,2.86308287e-13,1.145810691e-13,4.84141018e-14,2.125084905e-14,4.280287133e-14,6.029090871e-14,5.241976678e-14,1.414705323e-13,1.261567909e-13,3.491606325e-13,8.812394076e-14,2.636044515e-13,4.36468847e-14
64.1796875,2.622180007e-13,4.709691821e-13,4.505346392e-13,1.792597074e-13,1.822094535e-13,1.814801826e-13,4.031388227e-14,9.971575695e-14,6.80244769e-14,5.283094315e-14,3.913969527e-13,1.342900079e-13,1.505662687e-13,1.675619995e-13,3.671540655e-13,5.673074047e-13,3.119809093e-13,3.291873295e-13,1.092736451e-13,2.856090967e-13,1.133731498e-13,4.855678505e-14,2.138923839e-14,4.273576289e-14,6.094503945e-14,5.294265889e-14,1.397422986e-13,1.271783396e-13,3.448761814e-13,8.891585221e-14,2.610139445e-13,4.464888007e-14
64.1875,2.629169026e-13,4.706398478e-13,4.457086534e-13,1.795386981e-13,1.843556826e-13,1.819635981e-13,4.100881947e-14,1.009710728e-13,6.846605099e-14,5.323925969e-14,3.889762679e-13,1.342939881e-13,1.521590754e-13,1.675021628e-13,3.679085527e-13,5.675719264e-13,3.133122835e-13,3.318433024e-13,1.100337607e-13,2.849638862e-13,1.121347817e-13,4.869876056e-14,2.15350067e-14,4.272381539e-14,6.16538041e-14,5.350650431e-14,1.380658688e-13,1.280595977e-13,3.406896818e-13,8.968915099e-14,2.585797961e-13,4.565983334e-14
64.1953125,2.637931451e-13,4.702529452e-13,4.405304923e-13,1.798752527e-13,1.865903701e-13,1.823976466e-13,4.172864225e-14,1.022794941e-13,6.886443683e-14,5.363632924e-14,3.862575901e-13,1.34229835e-13,1.539427673e-13,1.674711276e-13,3.687028207e-13,5.680275589e-13,3.147680413e-13,3.346527529e-13,1.107861065e-13,2.842304597e-13,1.109114959e-13,4.882894983e-14,2.168886987e-14,4.273397734e-14,6.242749179e-14,5.410022924e-14,1.36343635e-13,1.287573918e-13,3.366324639e-13,9.039462843e-14,2.560963682e-13,4.668184121e-14
64.203125,2.645435431e-13,4.695565631e-13,4.349478245e-13,1.801741641e-13,1.887824957e-13,1.826838152e-13,4.246271761e-14,1.037136692e-13,6.927307915e-14,5.405067493e-14,3.833287506e-13,1.340316738e-13,1.556568924e-13,1.672775419e-13,3.695058759e-13,5.686395175e-13,3.161318946e-13,3.373613541e-13,1.114201884e-13,2.835326661e-13,1.097529986e-13,4.890900146e-14,2.185790627e-14,4.27727865e-14,6.32184403e-14,5.474141336e-14,1.345958634e-13,1.293961701e-13,3.325555876e-13,9.103777641e-14,2.532322341e-13,4.774481195e-14
64.2109375,2.651740985e-13,4.689248849e-13,4.292387545e-13,1.805160231e-13,1.910356826e-13,1.828774803e-13,4.319220856e-14,1.052855568e-13,6.9720872e-14,5.450355298e-14,3.803619076e-13,1.338309896e-13,1.573432963e-13,1.670783624e-13,3.705570034e-13,5.696874428e-13,3.175392351e-13,3.401859698e-13,1.120776093e-13,2.828309589e-13,1.086264255e-13,4.899091284e-14,2.20559502e-14,4.281065304e-14,6.404260614e-14,5.545027222e-14,1.32927926e-13,1.300312163e-13,3.28580823e-13,9.16494161e-14,2.502769557e-13,4.884198771e-14
64.21875,2.659589902e-13,4.684176365e-13,4.234650774e-13,1.80892718e-13,1.934412662e-13,1.830483815e-13,4.393753516e-14,1.068846797e-13,7.015349477e-14,5.501423238e-14,3.773266445e-13,1.336554929e-13,1.591317644e-13,1.670032197e-13,3.717854435e-13,5.710718374e-13,3.1915635e-13,3.432976673e-13,1.128446545e-13,2.819661553e-13,1.074843831e-13,4.908912284e-14,2.227631716e-14,4.283406314e-14,6.49390821e-14,5.616669384e-14,1.313076652e-13,1.306420288e-13,3.247732232e-13,9.221244698e-14,2.473354846e-13,4.99061177e-14
64.2265625,2.668782752e-13,4.675369128e-13,4.175014045e-13,1.813000266e-13,1.959984644e-13,1.831692839e-13,4.46949307e-14,1.084845822e-13,7.056217465e-14,5.556457124e-14,3.740487116e-13,1.334218283e-13,1.609740842e-13,1.669954853e-13,3.729853672e-13,5.725168659e-13,3.20811715e-13,3.465025897e-13,1.135954976e-13,2.809710873e-13,1.063535817e-13,4.916527982e-14,2.249847398e-14,4.291622016e-14,6.586018236e-14,5.686432109e-14,1.297330007e-13,1.311513197e-13,3.210606338e-13,9.269505378e-14,2.442004025e-13,5.091426452e-14
64.234375,2.678058271e-13,4.665070054e-13,4.11268161e-13,1.818240564e-13,1.985904984e-13,1.832349102e-13,4.546008287e-14,1.10134497e-13,7.094506841e-14,5.608858828e-14,3.70515454e-13,1.331398223e-13,1.62906411e-13,1.669992503e-13,3.743117637e-13,5.742190211e-13,3.224985521e-13,3.497412631e-13,1.142871469e-13,2.799783949e-13,1.05254068e-13,4.921418568e-14,2.272170542e-14,4.309039279e-14,6.677701106e-14,5.760381679e-14,1.282729841e-13,1.315038393e-13,3.17481174e-13,9.312259815e-14,2.409129265e-13,5.192022534e-14
64.2421875,2.688002807e-13,4.656093628e-13,4.047279791e-13,1.824155853e-13,2.011705558e-13,1.83307798e-13,4.626542115e-14,1.118222267e-13,7.127629875e-14,5.659127735e-14,3.668320531e-13,1.328237054e-13,1.649894004e-13,1.669840648e-13,3.75898207e-13,5.763705453e-13,3.244174955e-13,3.531505761e-13,1.149871605e-13,2.790642159e-13,1.041585363e-13,4.924637919e-14,2.295748374e-14,4.33002528e-14,6.774783652e-14,5.839254413e-14,1.268311e-13,1.317720325e-13,3.139076661e-13,9.352632308e-14,2.37520999e-13,5.29488353e-14
64.25,2.69926553e-13,4.643733214e-13,3.979508484e-13,1.829663857e-13,2.039516564e-13,1.833924661e-13,4.708421252e-14,1.135472455e-13,7.161347692e-14,5.713989314e-14,3.629892377e-13,1.324322203e-13,1.671079393e-13,1.670228875e-13,3.775778426e-13,5.787563718e-13,3.264689851e-13,3.567610183e-13,1.157104119e-13,2.782024703e-13,1.030578127e-13,4.928256718e-14,2.320828496e-14,4.352232496e-14,6.878216185e-14,5.920724165e-14,1.253325582e-13,1.319891489e-13,3.1012847e-13,9.386317967e-14,2.339582768e-13,5.39687914e-14
64.2578125,2.712014666e-13,4.628005041e-13,3.910674214e-13,1.835109949e-13,2.069556184e-13,1.8340353e-13,4.786453488e-14,1.15327418e-13,7.198691478e-14,5.773418497e-14,3.589816627e-13,1.319761731e-13,1.691651704e-13,1.672402028e-13,3.792644866e-13,5.811559452e-13,3.285201162e-13,3.605661131e-13,1.164615537e-13,2.772442818e-13,1.019409151e-13,4.933127618e-14,2.347072783e-14,4.375800744e-14,6.983093846e-14,6.007170473e-14,1.238968236e-13,1.321147898e-13,3.063249259e-13,9.411993369e-14,2.303324055e-13,5.497279588e-14
64.265625,2.725770427e-13,4.612393604e-13,3.840745713e-13,1.841422906e-13,2.099206765e-13,1.833176093e-13,4.864882982e-14,1.171597308e-13,7.230859654e-14,5.835566404e-14,3.548253192e-13,1.314790623e-13,1.712042554e-13,1.675364803e-13,3.810715503e-13,5.836519536e-13,3.307041509e-13,3.645422398e-13,1.172372127e-13,2.761505231e-13,1.007897826e-13,4.93408779e-14,2.373330342e-14,4.398108444e-14,7.090979965e-14,6.0980778e-14,1.225134144e-13,1.321408009e-13,3.027042086e-13,9.436494513e-14,2.266789908e-13,5.598952706e-14
64.2734375,2.739512551e-13,4.595061272e-13,3.769235319e-13,1.84892227e-13,2.129115818e-13,1.832005899e-13,4.947988167e-14,1.191052198e-13,7.257784973e-14,5.904362124e-14,3.504554173e-13,1.309400057e-13,1.73332502e-13,1.67749333e-13,3.830796557e-13,5.865479124e-13,3.330466072e-13,3.685936444e-13,1.180031781e-13,2.751387799e-13,9.966026753e-14,4.929825854e-14,2.398527437e-14,4.423694565e-14,7.205274325e-14,6.193633508e-14,1.210661893e-13,1.320498393e-13,2.991212562e-13,9.458056447e-14,2.228715461e-13,5.703297969e-14
64.28125,2.753529165e-13,4.576722243e-13,3.69714237e-13,1.856815942e-13,2.161053724e-13,1.830479173e-13,5.031741254e-14,1.211873161e-13,7.289283652e-14,5.980421059e-14,3.459357835e-13,1.30403806e-13,1.755752008e-13,1.679458872e-13,3.852139334e-13,5.898850227e-13,3.354153299e-13,3.726894668e-13,1.187656837e-13,2.743069943e-13,9.861001421e-14,4.926536683e-14,2.423186265e-14,4.45974588e-14,7.321444164e-14,6.29827898e-14,1.196277344e-13,1.318949043e-13,2.955033667e-13,9.469091359e-14,2.18993617e-13,5.808665468e-14
64.2890625,2.768260524e-13,4.560076539e-13,3.625396613e-13,1.864848711e-13,2.193129178e-13,1.828247993e-13,5.113794065e-14,1.232741526e-13,7.324271562e-14,6.055951911e-14,3.413627062e-13,1.299086317e-13,1.777578061e-13,1.682366471e-13,3.873827163e-13,5.932806643e-13,3.37804169e-13,3.768512242e-13,1.195391876e-13,2.734473562e-13,9.758539637e-14,4.923892736e-14,2.447238646e-14,4.498073798e-14,7.433845108e-14,6.406767796e-14,1.182725595e-13,1.317573004e-13,2.919533116e-13,9.475376692e-14,2.152095131e-13,5.911503845e-14
64.296875,2.783316342e-13,4.542930199e-13,3.5531244e-13,1.875071781e-13,2.22497003e-13,1.82614064e-13,5.195992093e-14,1.252871989e-13,7.356506896e-14,6.124130895e-14,3.366250458e-13,1.294346838e-13,1.798024038e-13,1.68666881e-13,3.897009432e-13,5.966098933e-13,3.402897217e-13,3.811026046e-13,1.203389421e-13,2.72434814e-13,9.653834808e-14,4.918743508e-14,2.470281505e-14,4.528526912e-14,7.544276788e-14,6.511754552e-14,1.169638475e-13,1.315523292e-13,2.885024307e-13,9.484341071e-14,2.115216107e-13,6.010190227e-14
64.3046875,2.799493642e-13,4.52529076e-13,3.479577495e-13,1.887576311e-13,2.258607892e-13,1.824484443e-13,5.278416237e-14,1.272846383e-13,7.385087628e-14,6.188840984e-14,3.31757333e-13,1.28946373e-13,1.818976067e-13,1.692306325e-13,3.922813603e-13,6.001421439e-13,3.429331765e-13,3.855015105e-13,1.212054639e-13,2.713953172e-13,9.551341944e-14,4.914213879e-14,2.494693668e-14,4.56004209e-14,7.657646985e-14,6.620891868e-14,1.15726564e-13,1.312353041e-13,2.851571001e-13,9.489912464e-14,2.078559647e-13,6.107784595e-14
64.3125,2.817158921e-13,4.508977878e-13,3.405599883e-13,1.898685185e-13,2.292642791e-13,1.822085848e-13,5.360204851e-14,1.292785857e-13,7.406727173e-14,6.25956549e-14,3.26995927e-13,1.283915205e-13,1.840821566e-13,1.697620352e-13,3.949848355e-13,6.039284113e-13,3.457603361e-13,3.900047441e-13,1.220919773e-13,2.704821148e-13,9.453564298e-14,4.907861883e-14,2.521419731e-14,4.603000041e-14,7.774566568e-14,6.739731024e-14,1.145575556e-13,1.309102223e-13,2.818733774e-13,9.487825118e-14,2.040278885e-13,6.205913913e-14
64.3203125,2.834953152e-13,4.490690762e-13,3.332112874e-13,1.907809253e-13,2.325758931e-13,1.818963931e-13,5.441705015e-14,1.312472303e-13,7.422041872e-14,6.336925095e-14,3.222972077e-13,1.27762616e-13,1.862169241e-13,1.702235117e-13,3.97700244e-13,6.077996095e-13,3.486750588e-13,3.944875335e-13,1.229335352e-13,2.697334163e-13,9.3575085e-14,4.89563446e-14,2.547429453e-14,4.6515115e-14,7.892470498e-14,6.86092642e-14,1.133889248e-13,1.305549689e-13,2.78602166e-13,9.481564569e-14,1.999936797e-13,6.302079464e-14
64.328125,2.852269438e-13,4.468286061e-13,3.258703418e-13,1.917900832e-13,2.359849031e-13,1.816098331e-13,5.524727095e-14,1.33221607e-13,7.440279213e-14,6.41519036e-14,3.174334097e-13,1.271145862e-13,1.883092593e-13,1.707969026e-13,4.004323234e-13,6.116683269e-13,3.515421483e-13,3.989135449e-13,1.237733387e-13,2.69026953e-13,9.260303692e-14,4.884175685e-14,2.572796212e-14,4.697327601e-14,8.011086595e-14,6.983740479e-14,1.122235819e-13,1.300609467e-13,2.754270164e-13,9.469312295e-14,1.960234151e-13,6.397951692e-14
64.3359375,2.868330263e-13,4.444134731e-13,3.184133411e-13,1.929271907e-13,2.394527564e-13,1.812613415e-13,5.61074766e-14,1.352144346e-13,7.460283236e-14,6.494800112e-14,3.124055359e-13,1.264357038e-13,1.903697245e-13,1.713970417e-13,4.032070102e-13,6.156641517e-13,3.544347803e-13,4.033212882e-13,1.246081694e-13,2.682515923e-13,9.16106667e-14,4.873765345e-14,2.600401147e-14,4.739741222e-14,8.132881119e-14,7.115785453e-14,1.111037501e-13,1.294295134e-13,2.723590681e-13,9.447333537e-14,1.920745027e-13,6.497913812e-14
64.34375,2.882702431e-13,4.421215282e-13,3.10848992e-13,1.941321989e-13,2.429097347e-13,1.807981845e-13,5.697509171e-14,1.372383006e-13,7.474232719e-14,6.576879508e-14,3.074056963e-13,1.25737154e-13,1.92417358e-13,1.719380918e-13,4.062722562e-13,6.201643335e-13,3.575916333e-13,4.079152761e-13,1.254450588e-13,2.675773119e-13,9.063677448e-14,4.857419605e-14,2.628834056e-14,4.781224461e-14,8.2609338e-14,7.259757632e-14,1.101266335e-13,1.287485721e-13,2.693928759e-13,9.41957829e-14,1.878797201e-13,6.600062875e-14
64.3515625,2.898862376e-13,4.402150275e-13,3.033819881e-13,1.954582842e-13,2.466496544e-13,1.804009906e-13,5.782811272e-14,1.393390668e-13,7.488245856e-14,6.658079633e-14,3.025209922e-13,1.251562843e-13,1.946439573e-13,1.727717838e-13,4.097987675e-13,6.252619372e-13,3.610726955e-13,4.129713071e-13,1.264402204e-13,2.67151046e-13,8.972359899e-14,4.842631421e-14,2.6562174e-14,4.824984893e-14,8.397424616e-14,7.416003651e-14,1.093554836e-13,1.280912909e-13,2.667147696e-13,9.390154506e-14,1.837273766e-13,6.701635764e-14
64.359375,2.919438166e-13,4.384723742e-13,2.960793851e-13,1.967909866e-13,2.506709022e-13,1.80140125e-13,5.86826699e-14,1.414565069e-13,7.506852903e-14,6.739898162e-14,2.975780283e-13,1.246922204e-13,1.970480288e-13,1.739909767e-13,4.134973628e-13,6.305523364e-13,3.647162851e-13,4.183633033e-13,1.275774362e-13,2.666857842e-13,8.883767315e-14,4.83532922e-14,2.684853573e-14,4.871283632e-14,8.539468566e-14,7.581628253e-14,1.086142202e-13,1.273690402e-13,2.642657809e-13,9.355988159e-14,1.798624754e-13,6.802186707e-14
64.3671875,2.941290773e-13,4.363028978e-13,2.887296785e-13,1.980646713e-13,2.545823302e-13,1.798866421e-13,5.952788592e-14,1.434564771e-13,7.520466017e-14,6.826080054e-14,2.924241e-13,1.241705758e-13,1.993766416e-13,1.752035498e-13,4.171255053e-13,6.357655585e-13,3.684124557e-13,4.237121761e-13,1.286345486e-13,2.658737421e-13,8.793590618e-14,4.824369941e-14,2.715168266e-14,4.918905252e-14,8.679384267e-14,7.745403809e-14,1.078032895e-13,1.264704416e-13,2.616950893e-13,9.314692578e-14,1.759037235e-13,6.895437071e-14
64.375,2.96158288e-13,4.338149881e-13,2.811997865e-13,1.994012057e-13,2.583191455e-13,1.795711018e-13,6.032653675e-14,1.453535735e-13,7.526887237e-14,6.913900913e-14,2.871850237e-13,1.235633421e-13,2.015671273e-13,1.762789994e-13,4.207182183e-13,6.408686103e-13,3.721146288e-13,4.289201036e-13,1.296119947e-13,2.648728266e-13,8.702251975e-14,4.806494356e-14,2.74411566e-14,4.969435084e-14,8.813333977e-14,7.901732403e-14,1.071079684e-13,1.255205489e-13,2.59030891e-13,9.271144398e-14,1.717356044e-13,6.977540454e-14
64.3828125,2.981693877e-13,4.315059591e-13,2.736371824e-13,2.00778391e-13,2.620536425e-13,1.792186942e-13,6.110014425e-14,1.472343536e-13,7.532766661e-14,6.999735957e-14,2.819891366e-13,1.229751717e-13,2.036923458e-13,1.773745053e-13,4.243081641e-13,6.458941891e-13,3.758155838e-13,4.34086172e-13,1.306604129e-13,2.639833389e-13,8.610470438e-14,4.789828972e-14,2.77159119e-14,5.02118625e-14,8.944280042e-14,8.059755739e-14,1.065426166e-13,1.246003599e-13,2.565934239e-13,9.228552743e-14,1.676501402e-13,7.057398677e-14
64.390625,3.003412663e-13,4.292305964e-13,2.6630979e-13,2.021441703e-13,2.659028554e-13,1.789380916e-13,6.187872799e-14,1.490562458e-13,7.538823542e-14,7.083718724e-14,2.768711936e-13,1.224550155e-13,2.057722554e-13,1.786115433e-13,4.280356237e-13,6.510509769e-13,3.796868187e-13,4.393420188e-13,1.318109189e-13,2.63219365e-13,8.520631694e-14,4.775693336e-14,2.800589321e-14,5.07150203e-14,9.075651801e-14,8.226084655e-14,1.059725053e-13,1.236108837e-13,2.544320476e-13,9.181700546e-14,1.63660536e-13,7.140450251e-14
64.3984375,3.026732686e-13,4.267368246e-13,2.593246769e-13,2.035242198e-13,2.699547376e-13,1.788003658e-13,6.262117108e-14,1.507680877e-13,7.544694532e-14,7.167138375e-14,2.719006515e-13,1.219949496e-13,2.078401403e-13,1.800743726e-13,4.319496549e-13,6.562668812e-13,3.837998689e-13,4.448059021e-13,1.330562815e-13,2.624276666e-13,8.435683965e-14,4.762950316e-14,2.831590464e-14,5.12516822e-14,9.207175852e-14,8.394223971e-14,1.054962891e-13,1.225948794e-13,2.523743797e-13,9.127512271e-14,1.597188734e-13,7.219863536e-14
64.40625,3.050123566e-13,4.243607047e-13,2.52460116e-13,2.048768731e-13,2.739725084e-13,1.786266718e-13,6.330520563e-14,1.524192936e-13,7.548330819e-14,7.250033748e-14,2.669869953e-13,1.215217335e-13,2.098429797e-13,1.816118287e-13,4.358438151e-13,6.612617885e-13,3.879081434e-13,4.503251135e-13,1.343240816e-13,2.615379525e-13,8.354037396e-14,4.74924319e-14,2.861754626e-14,5.182733611e-14,9.336405851e-14,8.559788022e-14,1.051805539e-13,1.215968289e-13,2.503463944e-13,9.069967122e-14,1.558598479e-13,7.292442129e-14
64.4140625,3.072245833e-13,4.223960701e-13,2.455021463e-13,2.063131764e-13,2.776100982e-13,1.783203954e-13,6.397630444e-14,1.540268877e-13,7.545675148e-14,7.328694758e-14,2.620079128e-13,1.209748504e-13,2.117023846e-13,1.830090171e-13,4.398171686e-13,6.66355201e-13,3.919168811e-13,4.556549998e-13,1.354867707e-13,2.605717571e-13,8.274464607e-14,4.729937592e-14,2.889647472e-14,5.237191488e-14,9.462241765e-14,8.730379022e-14,1.049305725e-13,1.205213787e-13,2.484881147e-13,9.009413538e-14,1.519833705e-13,7.362609866e-14
64.421875,3.094148012e-13,4.205951831e-13,2.385908198e-13,2.07946603e-13,2.8107597e-13,1.781354916e-13,6.464512549e-14,1.555724377e-13,7.544036328e-14,7.401697325e-14,2.571023317e-13,1.204276638e-13,2.134845268e-13,1.844012685e-13,4.440844841e-13,6.718846153e-13,3.960295868e-13,4.608612177e-13,1.366060547e-13,2.595937794e-13,8.196633695e-14,4.711131089e-14,2.917287107e-14,5.290385234e-14,9.585462284e-14,8.911291185e-14,1.047880767e-13,1.194471613e-13,2.468805377e-13,8.943302784e-14,1.481683932e-13,7.431842428e-14
64.4296875,3.117481886e-13,4.187040797e-13,2.318798454e-13,2.095760556e-13,2.847870113e-13,1.781765222e-13,6.528951056e-14,1.570856356e-13,7.549632201e-14,7.475950089e-14,2.523281862e-13,1.199518582e-13,2.152427398e-13,1.859631473e-13,4.484707939e-13,6.775512443e-13,4.003202926e-13,4.661589714e-13,1.378415497e-13,2.58711537e-13,8.117151493e-14,4.699796782e-14,2.9458509e-14,5.346798146e-14,9.707127789e-14,9.094995326e-14,1.047944731e-13,1.184708657e-13,2.453299262e-13,8.87578864e-14,1.445852331e-13,7.497377254e-14
64.4375,3.142111285e-13,4.167990673e-13,2.252778325e-13,2.111894582e-13,2.887177387e-13,1.782308571e-13,6.593685973e-14,1.585788367e-13,7.552369269e-14,7.554726471e-14,2.47523565e-13,1.195143455e-13,2.170008168e-13,1.876637032e-13,4.529549079e-13,6.832381612e-13,4.047278687e-13,4.71632076e-13,1.391797459e-13,2.57954729e-13,8.037150274e-14,4.68820985e-14,2.973330313e-14,5.403745885e-14,9.829092659e-14,9.274645554e-14,1.048646471e-13,1.174532154e-13,2.438147677e-13,8.811635268e-14,1.410900086e-13,7.556874677e-14
64.4453125,3.167294857e-13,4.14827791e-13,2.187390471e-13,2.129696679e-13,2.925545982e-13,1.782150502e-13,6.660415065e-14,1.600227449e-13,7.547951165e-14,7.631857879e-14,2.426766093e-13,1.19082549e-13,2.187925743e-13,1.894693212e-13,4.576653128e-13,6.890508239e-13,4.092699686e-13,4.771370428e-13,1.40502812e-13,2.571960227e-13,7.961382586e-14,4.671407875e-14,2.998910633e-14,5.464399015e-14,9.951553119e-14,9.45516489e-14,1.050250524e-13,1.163523266e-13,2.425751072e-13,8.748678353e-14,1.375755016e-13,7.612126183e-14
64.453125,3.192417671e-13,4.126275376e-13,2.123901854e-13,2.146975973e-13,2.960606514e-13,1.782129037e-13,6.725588812e-14,1.613794348e-13,7.543589583e-14,7.706137301e-14,2.379256094e-13,1.18655142e-13,2.204799639e-13,1.912859329e-13,4.623508706e-13,6.947305469e-13,4.13942591e-13,4.82423585e-13,1.417649112e-13,2.563427633e-13,7.887104487e-14,4.654764378e-14,3.025117764e-14,5.530885121e-14,1.007124602e-13,9.641863656e-14,1.053427917e-13,1.152940559e-13,2.415725394e-13,8.683878254e-14,1.341687493e-13,7.66767667e-14
64.4609375,3.216333114e-13,4.104034883e-13,2.063251198e-13,2.162102646e-13,2.992477235e-13,1.78252642e-13,6.788320917e-14,1.625990047e-13,7.537598197e-14,7.7823989e-14,2.333270803e-13,1.182358156e-13,2.219653922e-13,1.930107291e-13,4.66891678e-13,7.001537228e-13,4.186308429e-13,4.875148477e-13,1.430091021e-13,2.554376475e-13,7.809180184e-14,4.638438769e-14,3.053428062e-14,5.592005197e-14,1.018813035e-13,9.831818116e-14,1.057580519e-13,1.142682552e-13,2.406832054e-13,8.616022034e-14,1.30892085e-13,7.722647669e-14
64.46875,3.238246272e-13,4.083334765e-13,2.004607555e-13,2.177650095e-13,3.022752596e-13,1.78308242e-13,6.849342e-14,1.636943064e-13,7.526197309e-14,7.857973082e-14,2.28782633e-13,1.178342198e-13,2.234181671e-13,1.947195381e-13,4.714739473e-13,7.055581165e-13,4.232363714e-13,4.925925664e-13,1.442590374e-13,2.545373613e-13,7.728727594e-14,4.619271748e-14,3.08193877e-14,5.647038494e-14,1.030472644e-13,1.002248192e-13,1.062286333e-13,1.131767629e-13,2.400117302e-13,8.543742903e-14,1.276849138e-13,7.771724808e-14
64.4765625,3.259532247e-13,4.062647613e-13,1.947386311e-13,2.194430325e-13,3.052720876e-13,1.783718821e-13,6.90682366e-14,1.647532039e-13,7.514804544e-14,7.928382361e-14,2.242059909e-13,1.174670416e-13,2.249444977e-13,1.965336697e-13,4.761279796e-13,7.111374651e-13,4.278602126e-13,4.976451733e-13,1.454818148e-13,2.537635138e-13,7.650147914e-14,4.599641734e-14,3.109226155e-14,5.710413327e-14,1.041876413e-13,1.021516195e-13,1.068210721e-13,1.120407928e-13,2.395666002e-13,8.469038144e-14,1.245639861e-13,7.814723571e-14
64.484375,3.282717323e-13,4.042338883e-13,1.893722363e-13,2.211750353e-13,3.08439966e-13,1.785264088e-13,6.961334867e-14,1.658264207e-13,7.507989654e-14,8.001259457e-14,2.19789143e-13,1.171741389e-13,2.264952858e-13,1.985388108e-13,4.809254187e-13,7.169286846e-13,4.326534852e-13,5.026900345e-13,1.467271467e-13,2.532507626e-13,7.577172717e-14,4.584051618e-14,3.13682454e-14,5.78234445e-14,1.052950202e-13,1.040914915e-13,1.07625855e-13,1.109730869e-13,2.393481188e-13,8.395952944e-14,1.216033108e-13,7.855055363e-14
64.4921875,3.307526484e-13,4.022955276e-13,1.844513962e-13,2.229632823e-13,3.117721273e-13,1.788013677e-13,7.014022058e-14,1.669067929e-13,7.504584487e-14,8.084979581e-14,2.156546115e-13,1.169422718e-13,2.280070899e-13,2.006897588e-13,4.858934641e-13,7.226643181e-13,4.375041348e-13,5.077301229e-13,1.480784757e-13,2.527899007e-13,7.509263448e-14,4.573332374e-14,3.165318596e-14,5.852337164e-14,1.064006142e-13,1.060350681e-13,1.086245012e-13,1.099700177e-13,2.394192152e-13,8.323902744e-14,1.188653703e-13,7.893111746e-14
64.5,3.330981317e-13,4.001989439e-13,1.796787971e-13,2.246252214e-13,3.147711205e-13,1.790408965e-13,7.062941956e-14,1.679156892e-13,7.498078537e-14,8.171020573e-14,2.115220277e-13,1.166895551e-13,2.293413066e-13,2.02764724e-13,4.907876397e-13,7.280953181e-13,4.422938669e-13,5.125379264e-13,1.494615294e-13,2.519905378e-13,7.443652837e-14,4.561665558e-14,3.192092936e-14,5.919134537e-14,1.074775486e-13,1.07995158e-13,1.096713118e-13,1.088850124e-13,2.395830113e-13,8.249916918e-14,1.162579238e-13,7.92680465e-14
64.5078125,3.352175727e-13,3.979391781e-13,1.749777717e-13,2.261352316e-13,3.172994257e-13,1.792208133e-13,7.107779377e-14,1.687340537e-13,7.483201133e-14,8.247943301e-14,2.073171893e-13,1.164322284e-13,2.304884103e-13,2.04742714e-13,4.955772286e-13,7.333711943e-13,4.470909505e-13,5.171120156e-13,1.507916712e-13,2.509207716e-13,7.381430609e-14,4.545186045e-14,3.216339963e-14,5.984000996e-14,1.084928204e-13,1.099648909e-13,1.107022639e-13,1.077323009e-13,2.39751154e-13,8.174532305e-14,1.136659814e-13,7.954577488e-14
64.515625,3.372787903e-13,3.957249741e-13,1.705634943e-13,2.277843442e-13,3.198522991e-13,1.795060755e-13,7.148210901e-14,1.69410066e-13,7.468358955e-14,8.321096617e-14,2.033137245e-13,1.162342008e-13,2.316215371e-13,2.0676995e-13,5.003089633e-13,7.383942354e-13,4.517696362e-13,5.216539751e-13,1.521198902e-13,2.499769262e-13,7.322249896e-14,4.530194332e-14,3.24131117e-14,6.047032067e-14,1.094687685e-13,1.119334504e-13,1.118025604e-13,1.066964112e-13,2.401391619e-13,8.10029723e-14,1.111701657e-13,7.977747545e-14
64.5234375,3.394036985e-13,3.93569982e-13,1.663910963e-13,2.295548428e-13,3.224802569e-13,1.7989066e-13,7.18321189e-14,1.700982987e-13,7.460633529e-14,8.397493915e-14,1.99496581e-13,1.160482069e-13,2.327206499e-13,2.087994784e-13,5.048603421e-13,7.429573308e-13,4.562340529e-13,5.260801481e-13,1.534752694e-13,2.491965036e-13,7.2621633e-14,4.519687086e-14,3.268579057e-14,6.110870051e-14,1.103974859e-13,1.139024392e-13,1.130421397e-13,1.057752034e-13,2.407643334e-13,8.028019278e-14,1.088341909e-13,7.99787291e-14
64.53125,3.415870189e-13,3.915579296e-13,1.624039218e-13,2.312269185e-13,3.248488295e-13,1.802811044e-13,7.216008376e-14,1.707623295e-13,7.449804426e-14,8.470965458e-14,1.957221542e-13,1.158494258e-13,2.336952413e-13,2.108440008e-13,5.094343605e-13,7.474922593e-13,4.607358966e-13,5.303036003e-13,1.548329904e-13,2.483786899e-13,7.2016382e-14,4.507515744e-14,3.295495689e-14,6.175497095e-14,1.11257356e-13,1.15841471e-13,1.144242988e-13,1.048314594e-13,2.415917727e-13,7.957481145e-14,1.066187198e-13,8.012876478e-14
64.5390625,3.43691834e-13,3.896384094e-13,1.587534572e-13,2.327861779e-13,3.270357948e-13,1.806801753e-13,7.246563265e-14,1.712849568e-13,7.432706208e-14,8.539022019e-14,1.92071725e-13,1.156721917e-13,2.345869886e-13,2.129671016e-13,5.141218102e-13,7.521416788e-13,4.652601508e-13,5.343306941e-13,1.561668831e-13,2.476045586e-13,7.141994956e-14,4.493280012e-14,3.320521587e-14,6.241916046e-14,1.120553651e-13,1.17734702e-13,1.158883685e-13,1.038626755e-13,2.426552453e-13,7.889544204e-14,1.045370334e-13,8.022563531e-14
64.546875,3.45647344e-13,3.874176126e-13,1.553815553e-13,2.342009052e-13,3.291338624e-13,1.811035959e-13,7.271337644e-14,1.716917523e-13,7.421316076e-14,8.609334229e-14,1.885720452e-13,1.154798714e-13,2.353137191e-13,2.149847948e-13,5.185394416e-13,7.563917827e-13,4.69587904e-13,5.380630095e-13,1.574345896e-13,2.469450263e-13,7.081814855e-14,4.481532464e-14,3.346133158e-14,6.313359854e-14,1.12783956e-13,1.196159286e-13,1.173706747e-13,1.029268499e-13,2.437505083e-13,7.823875699e-14,1.025523746e-13,8.029679098e-14
64.5546875,3.476020462e-13,3.849400249e-13,1.521144636e-13,2.355425545e-13,3.310475172e-13,1.81630683e-13,7.295040328e-14,1.720243267e-13,7.414979606e-14,8.683871973e-14,1.851802471e-13,1.152690817e-13,2.358605932e-13,2.168747303e-13,5.227332796e-13,7.602733393e-13,4.738858126e-13,5.416144946e-13,1.586648933e-13,2.461698985e-13,7.023331517e-14,4.471321135e-14,3.374146583e-14,6.385573211e-14,1.134686488e-13,1.214694163e-13,1.189435281e-13,1.020176326e-13,2.448734597e-13,7.75811263e-14,1.00591139e-13,8.032822466e-14
64.5625,3.494931343e-13,3.826284543e-13,1.489492797e-13,2.370083318e-13,3.328245069e-13,1.822325513e-13,7.318324581e-14,1.722697714e-13,7.404343693e-14,8.758704106e-14,1.818664954e-13,1.150837348e-13,2.364180175e-13,2.187632392e-13,5.268870771e-13,7.640208155e-13,4.78125596e-13,5.450019142e-13,1.59877597e-13,2.452809702e-13,6.967207869e-14,4.46036889e-14,3.402822697e-14,6.454807212e-14,1.141315802e-13,1.232572222e-13,1.206866274e-13,1.011090374e-13,2.462725023e-13,7.694472834e-14,9.870158937e-14,8.032055331e-14
64.5703125,3.510872366e-13,3.803630647e-13,1.459157819e-13,2.383957578e-13,3.343063767e-13,1.826763962e-13,7.332039063e-14,1.724400102e-13,7.392894947e-14,8.833094347e-14,1.784885283e-13,1.148545235e-13,2.36867482e-13,2.20459992e-13,5.306720238e-13,7.674096539e-13,4.820139888e-13,5.478596833e-13,1.609447949e-13,2.444954244e-13,6.908387912e-14,4.44773183e-14,3.431438445e-14,6.525319681e-14,1.146979369e-13,1.250183805e-13,1.22549788e-13,1.002164804e-13,2.478046706e-13,7.637374843e-14,9.692366967e-14,8.031411045e-14
64.578125,3.526313805e-13,3.778317468e-13,1.430546842e-13,2.395102452e-13,3.35282953e-13,1.830690304e-13,7.34116062e-14,1.725507987e-13,7.383979576e-14,8.906238401e-14,1.75023543e-13,1.145308084e-13,2.369853015e-13,2.219650072e-13,5.342582625e-13,7.706423551e-13,4.858700548e-13,5.503525636e-13,1.618473216e-13,2.436303319e-13,6.846842049e-14,4.432023956e-14,3.461052016e-14,6.596687214e-14,1.151646815e-13,1.267702928e-13,1.245230693e-13,9.936640636e-14,2.493511191e-13,7.582286624e-14,9.521646302e-14,8.026460692e-14
64.5859375,3.543974389e-13,3.752593801e-13,1.404256445e-13,2.407446604e-13,3.360450384e-13,1.837625025e-13,7.355935933e-14,1.726161257e-13,7.371730963e-14,8.975392705e-14,1.71647892e-13,1.142171813e-13,2.370026308e-13,2.23616477e-13,5.382192519e-13,7.74124296e-13,4.900290999e-13,5.52964662e-13,1.627422436e-13,2.425710983e-13,6.788096719e-14,4.414922978e-14,3.488844245e-14,6.666051519e-14,1.156271518e-13,1.284962061e-13,1.266462547e-13,9.851309876e-14,2.511591747e-13,7.524456747e-14,9.355883668e-14,8.011269094e-14
64.59375,3.560359943e-13,3.729452134e-13,1.380730108e-13,2.422972324e-13,3.367447728e-13,1.846342001e-13,7.367385213e-14,1.726417109e-13,7.357717658e-14,9.041671932e-14,1.684190496e-13,1.139984821e-13,2.370940644e-13,2.253356906e-13,5.423229029e-13,7.775585804e-13,4.941095441e-13,5.554198401e-13,1.636236106e-13,2.417077681e-13,6.734847398e-14,4.399216661e-14,3.511733371e-14,6.736984249e-14,1.160437358e-13,1.302621916e-13,1.288864116e-13,9.76429166e-14,2.532162593e-13,7.470964852e-14,9.198127695e-14,7.992415552e-14
64.6015625,3.573509358e-13,3.707014453e-13,1.360494903e-13,2.43779187e-13,3.371502572e-13,1.854012484e-13,7.369731643e-14,1.725955681e-13,7.349632175e-14,9.110948942e-14,1.652923108e-13,1.138462453e-13,2.370494553e-13,2.268913656e-13,5.461328712e-13,7.805900287e-13,4.978832935e-13,5.574296393e-13,1.644095768e-13,2.410566005e-13,6.686272677e-14,4.384767241e-14,3.533517476e-14,6.80956391e-14,1.163493896e-13,1.320711519e-13,1.312186855e-13,9.686116595e-14,2.553709889e-13,7.425521332e-14,9.058040762e-14,7.974128813e-14
64.609375,3.586595374e-13,3.682209789e-13,1.342301489e-13,2.450061426e-13,3.374290033e-13,1.861272186e-13,7.371654668e-14,1.724730164e-13,7.347073369e-14,9.184865248e-14,1.622699733e-13,1.137044219e-13,2.368306559e-13,2.284368421e-13,5.496461444e-13,7.831958413e-13,5.014851612e-13,5.592875204e-13,1.65185604e-13,2.402150847e-13,6.638521103e-14,4.371472584e-14,3.557843761e-14,6.881671713e-14,1.166097062e-13,1.337849088e-13,1.336439959e-13,9.618043661e-14,2.576769301e-13,7.380544639e-14,8.937800065e-14,7.950435201e-14
64.6171875,3.600468483e-13,3.656498909e-13,1.324755654e-13,2.461545843e-13,3.377729997e-13,1.86868265e-13,7.369949567e-14,1.72270867e-13,7.346045789e-14,9.254592502e-14,1.593514935e-13,1.13560883e-13,2.365768807e-13,2.300329855e-13,5.52805166e-13,7.853557088e-13,5.048466974e-13,5.609937057e-13,1.659749146e-13,2.392686396e-13,6.588588499e-14,4.359680399e-14,3.582767658e-14,6.956761728e-14,1.168165188e-13,1.354006721e-13,1.361610337e-13,9.551579562e-14,2.601132054e-13,7.33341966e-14,8.82616275e-14,7.921304748e-14
64.625,3.613763243e-13,3.633728944e-13,1.310237684e-13,2.473324821e-13,3.378148e-13,1.876056984e-13,7.356478992e-14,1.719367438e-13,7.345484197e-14,9.314411138e-14,1.565148781e-13,1.13478473e-13,2.362653365e-13,2.315770726e-13,5.557578473e-13,7.873026738e-13,5.080638423e-13,5.624332393e-13,1.666876496e-13,2.384094154e-13,6.539560865e-14,4.348444554e-14,3.608131521e-14,7.033200318e-14,1.169272811e-13,1.370557365e-13,1.388131939e-13,9.492045579e-14,2.627517302e-13,7.288600631e-14,8.728139415e-14,7.890738092e-14
64.6328125,3.626349116e-13,3.613781374e-13,1.300809914e-13,2.485949524e-13,3.374472096e-13,1.884224894e-13,7.337439826e-14,1.715027956e-13,7.344718151e-14,9.373574262e-14,1.537323798e-13,1.135100472e-13,2.358973762e-13,2.331662495e-13,5.588256821e-13,7.892212246e-13,5.113622853e-13,5.638264802e-13,1.673611452e-13,2.37487738e-13,6.494487801e-14,4.337896504e-14,3.634653464e-14,7.107195078e-14,1.17019788e-13,1.387339227e-13,1.416005049e-13,9.446674964e-14,2.657895359e-13,7.247860066e-14,8.659581284e-14,7.856550212e-14
64.640625,3.636984005e-13,3.592560893e-13,1.294712616e-13,2.498622867e-13,3.370020933e-13,1.892590345e-13,7.317055353e-14,1.710528456e-13,7.344341543e-14,9.439435685e-14,1.510479007e-13,1.135834152e-13,2.35519241e-13,2.347887175e-13,5.617128987e-13,7.90694414e-13,5.144431623e-13,5.650152323e-13,1.680209488e-13,2.365700892e-13,6.451349409e-14,4.328699378e-14,3.65837625e-14,7.184542965e-14,1.170819355e-13,1.403230041e-13,1.444526808e-13,9.404798524e-14,2.690802691e-13,7.210702288e-14,8.608159674e-14,7.818375782e-14
64.6484375,3.645263856e-13,3.567357974e-13,1.290064203e-13,2.508564648e-13,3.364538516e-13,1.899988861e-13,7.291921177e-14,1.705427507e-13,7.344636148e-14,9.507073058e-14,1.485279143e-13,1.135777348e-13,2.350396234e-13,2.362173944e-13,5.639822858e-13,7.914006935e-13,5.169729804e-13,5.656416869e-13,1.685515106e-13,2.35698953e-13,6.408298604e-14,4.319153085e-14,3.678882368e-14,7.264487604e-14,1.170169389e-13,1.418066571e-13,1.473397138e-13,9.354572924e-14,2.723808387e-13,7.17523333e-14,8.551265827e-14,7.777943409e-14
64.65625,3.653760384e-13,3.539626838e-13,1.285905164e-13,2.515813644e-13,3.356278248e-13,1.907311372e-13,7.263464728e-14,1.699164264e-13,7.343985588e-14,9.575765725e-14,1.460539045e-13,1.134760382e-13,2.344082281e-13,2.374130096e-13,5.657739939e-13,7.915846044e-13,5.191470614e-13,5.658640251e-13,1.689353416e-13,2.34570075e-13,6.365572114e-14,4.308055745e-14,3.702045739e-14,7.335073177e-14,1.168778595e-13,1.432024539e-13,1.502642853e-13,9.302948612e-14,2.757029847e-13,7.140654396e-14,8.49287397e-14,7.73195353e-14
64.6640625,3.662469913e-13,3.512038085e-13,1.282345229e-13,2.523488246e-13,3.345795169e-13,1.915334661e-13,7.232964528e-14,1.692275027e-13,7.344728771e-14,9.650072231e-14,1.435310583e-13,1.133478982e-13,2.3365914e-13,2.384775227e-13,5.673447957e-13,7.914977754e-13,5.211782773e-13,5.658500412e-13,1.692521831e-13,2.332432101e-13,6.322453606e-14,4.297494655e-14,3.728796517e-14,7.397618911e-14,1.167190499e-13,1.445280809e-13,1.532532761e-13,9.265552605e-14,2.791199931e-13,7.109826444e-14,8.446420318e-14,7.679899012e-14
64.671875,3.668970231e-13,3.484056606e-13,1.281648836e-13,2.531768303e-13,3.332698755e-13,1.923746468e-13,7.199050787e-14,1.685121997e-13,7.349308523e-14,9.726157647e-14,1.411136236e-13,1.132341568e-13,2.327790297e-13,2.394622596e-13,5.687770375e-13,7.911946837e-13,5.230836701e-13,5.65532211e-13,1.695086655e-13,2.320020586e-13,6.277488979e-14,4.2891187e-14,3.755337891e-14,7.465053883e-14,1.164881063e-13,1.458222488e-13,1.563354244e-13,9.241554808e-14,2.827728312e-13,7.08284338e-14,8.412333639e-14,7.626069684e-14
64.6796875,3.674339947e-13,3.455203047e-13,1.284262118e-13,2.538242033e-13,3.316937229e-13,1.932241926e-13,7.162488825e-14,1.677578013e-13,7.354008101e-14,9.79831098e-14,1.388715297e-13,1.131414606e-13,2.318396846e-13,2.404353086e-13,5.700268423e-13,7.906330171e-13,5.248458574e-13,5.649904672e-13,1.697221411e-13,2.307411486e-13,6.233183991e-14,4.281968182e-14,3.78114964e-14,7.542151052e-14,1.16181618e-13,1.470733166e-13,1.594648297e-13,9.218980719e-14,2.86781082e-13,7.058525843e-14,8.389248604e-14,7.570790002e-14
64.6875,3.680320755e-13,3.428683924e-13,1.287894376e-13,2.542623177e-13,3.299811848e-13,1.940188475e-13,7.122055305e-14,1.669560474e-13,7.359942141e-14,9.868119596e-14,1.366930898e-13,1.13072541e-13,2.309133713e-13,2.413651794e-13,5.708653822e-13,7.896547081e-13,5.262162603e-13,5.641583365e-13,1.698822796e-13,2.29428668e-13,6.196483385e-14,4.275930124e-14,3.805853061e-14,7.628156544e-14,1.157901609e-13,1.482527292e-13,1.626034078e-13,9.201053325e-14,2.910180799e-13,7.037885266e-14,8.380292957e-14,7.513368838e-14
64.6953125,3.685394506e-13,3.403485121e-13,1.292057864e-13,2.546465223e-13,3.280248041e-13,1.947978016e-13,7.079040416e-14,1.660974207e-13,7.373161641e-14,9.939866427e-14,1.345296915e-13,1.129740758e-13,2.298621961e-13,2.420904649e-13,5.712851522e-13,7.882520026e-13,5.269809869e-13,5.628244023e-13,1.698536057e-13,2.28151007e-13,6.167785921e-14,4.27196424e-14,3.827422124e-14,7.71899159e-14,1.152883679e-13,1.493866415e-13,1.657365959e-13,9.191499177e-14,2.953507147e-13,7.016377967e-14,8.380365442e-14,7.454830898e-14
64.703125,3.688919957e-13,3.374137783e-13,1.297828786e-13,2.550951895e-13,3.258065801e-13,1.957255467e-13,7.039052127e-14,1.651982466e-13,7.390065128e-14,1.001787715e-13,1.323858e-13,1.128008435e-13,2.286717656e-13,2.426461669e-13,5.716076954e-13,7.866412735e-13,5.274455172e-13,5.611807312e-13,1.696445319e-13,2.267204857e-13,6.138360183e-14,4.269983477e-14,3.847981168e-14,7.805094508e-14,1.147745699e-13,1.504848918e-13,1.688680996e-13,9.178813695e-14,2.998271331e-13,6.992164555e-14,8.382447538e-14,7.392507831e-14
64.7109375,3.692661641e-13,3.343325047e-13,1.305571908e-13,2.555274601e-13,3.235960802e-13,1.967462408e-13,6.997234552e-14,1.642560343e-13,7.406096141e-14,1.010393512e-13,1.303095534e-13,1.1262638e-13,2.275486794e-13,2.432286802e-13,5.718168971e-13,7.848357128e-13,5.279268087e-13,5.594636644e-13,1.694479708e-13,2.251858881e-13,6.105880899e-14,4.270742965e-14,3.871830168e-14,7.886133813e-14,1.142905532e-13,1.515324813e-13,1.721887036e-13,9.165218522e-14,3.045760556e-13,6.974834634e-14,8.396042157e-14,7.32464393e-14
64.71875,3.697146932e-13,3.316195481e-13,1.314913159e-13,2.55646255e-13,3.212720807e-13,1.976310815e-13,6.945139814e-14,1.6320197e-13,7.425269964e-14,1.019398504e-13,1.28332615e-13,1.124950873e-13,2.264116006e-13,2.43791775e-13,5.71532573e-13,7.825699476e-13,5.28242445e-13,5.575046891e-13,1.692495142e-13,2.237997728e-13,6.075884295e-14,4.273687727e-14,3.898843729e-14,7.9713017e-14,1.137125042e-13,1.525563667e-13,1.758066953e-13,9.162639984e-14,3.096268634e-13,6.965790706e-14,8.427216417e-14,7.254905221e-14
64.7265625,3.700930739e-13,3.287978715e-13,1.325368549e-13,2.554375608e-13,3.185664496e-13,1.983769421e-13,6.888364329e-14,1.620396125e-13,7.446302314e-14,1.028287976e-13,1.2635186e-13,1.123541484e-13,2.250549678e-13,2.441635884e-13,5.70663513e-13,7.797292947e-13,5.282121685e-13,5.552229625e-13,1.688917431e-13,2.223819768e-13,6.048339023e-14,4.273947013e-14,3.925702139e-14,8.059962388e-14,1.130182521e-13,1.535758346e-13,1.794589706e-13,9.164953838e-14,3.147533363e-13,6.95680337e-14,8.461319572e-14,7.184475172e-14
64.734375,3.702753119e-13,3.255674513e-13,1.338217361e-13,2.553275654e-13,3.157475079e-13,1.991529856e-13,6.832428368e-14,1.608744282e-13,7.466047564e-14,1.03684413e-13,1.243794597e-13,1.122446304e-13,2.236690604e-13,2.444224067e-13,5.694510279e-13,7.764624055e-13,5.279182515e-13,5.527549245e-13,1.684303251e-13,2.207763631e-13,6.021623371e-14,4.271389554e-14,3.950844762e-14,8.148035478e-14,1.122891938e-13,1.545655613e-13,1.830717691e-13,9.170285477e-14,3.199323302e-13,6.949517915e-14,8.49579431e-14,7.110745474e-14
64.7421875,3.703724951e-13,3.225119548e-13,1.354097483e-13,2.554343087e-13,3.129934703e-13,2.000235719e-13,6.772889657e-14,1.597326027e-13,7.491289122e-14,1.045278298e-13,1.225138176e-13,1.122270932e-13,2.224128345e-13,2.447199597e-13,5.680741064e-13,7.728941792e-13,5.273584866e-13,5.500398737e-13,1.679732817e-13,2.191559185e-13,5.999489121e-14,4.273219396e-14,3.975483194e-14,8.2408102e-14,1.115063984e-13,1.555030841e-13,1.868939105e-13,9.189350576e-14,3.255660032e-13,6.945927133e-14,8.542402345e-14,7.033698782e-14
64.75,3.706214957e-13,3.197664151e-13,1.369815845e-13,2.554145025e-13,3.100532748e-13,2.009419014e-13,6.710217108e-14,1.585301915e-13,7.521664985e-14,1.05419538e-13,1.206158377e-13,1.122031795e-13,2.210682091e-13,2.450019875e-13,5.665058985e-13,7.690295244e-13,5.265070552e-13,5.46976714e-13,1.674510032e-13,2.175228999e-13,5.982663733e-14,4.279873499e-14,4.000525547e-14,8.337746825e-14,1.106456682e-13,1.563708443e-13,1.908515288e-13,9.215974369e-14,3.316628489e-13,6.940426126e-14,8.591770811e-14,6.954789971e-14
64.7578125,3.709231459e-13,3.16912251e-13,1.384303654e-13,2.551327718e-13,3.068745166e-13,2.018279625e-13,6.647337733e-14,1.572145356e-13,7.54621965e-14,1.063679326e-13,1.186249013e-13,1.1209065e-13,2.195484704e-13,2.451368948e-13,5.645416683e-13,7.647992349e-13,5.254126655e-13,5.436010508e-13,1.667659583e-13,2.158723052e-13,5.967365669e-14,4.283970847e-14,4.024747801e-14,8.430169435e-14,1.097346668e-13,1.57156827e-13,1.947432161e-13,9.23624671e-14,3.378450099e-13,6.933901178e-14,8.630061828e-14,6.873995273e-14
64.765625,3.709930348e-13,3.138471253e-13,1.400794086e-13,2.546999387e-13,3.035173782e-13,2.026412114e-13,6.581514184e-14,1.558464212e-13,7.568177344e-14,1.073286186e-13,1.167041489e-13,1.119375868e-13,2.179706449e-13,2.45085877e-13,5.620218696e-13,7.60089467e-13,5.240004608e-13,5.398691351e-13,1.659021178e-13,2.143174339e-13,5.95275658e-14,4.284432002e-14,4.047697184e-14,8.521376841e-14,1.087493492e-13,1.578856626e-13,1.986624526e-13,9.253100769e-14,3.441892361e-13,6.929270382e-14,8.664561886e-14,6.790335579e-14
64.7734375,3.709292641e-13,3.106437089e-13,1.419974848e-13,2.541699614e-13,2.99976849e-13,2.03459421e-13,6.51504726e-14,1.545254169e-13,7.600335839e-14,1.083361002e-13,1.148263134e-13,1.118119689e-13,2.163522997e-13,2.449799049e-13,5.591398355e-13,7.549911684e-13,5.222781486e-13,5.358410498e-13,1.649301817e-13,2.127124946e-13,5.940795444e-14,4.287299485e-14,4.070899885e-14,8.621296555e-14,1.077017835e-13,1.586102075e-13,2.026328979e-13,9.27711176e-14,3.509140233e-13,6.925462882e-14,8.706092397e-14,6.703332209e-14
64.78125,3.70896945e-13,3.073929816e-13,1.440571109e-13,2.535756401e-13,2.964797851e-13,2.043541357e-13,6.45317155e-14,1.532463791e-13,7.641654451e-14,1.094459785e-13,1.129566694e-13,1.117734e-13,2.147739953e-13,2.450234439e-13,5.562019161e-13,7.497803052e-13,5.204282601e-13,5.31763653e-13,1.639661904e-13,2.109937167e-13,5.933470237e-14,4.296341937e-14,4.09506594e-14,8.729116246e-14,1.066811208e-13,1.593838567e-13,2.06619731e-13,9.30751128e-14,3.579720865e-13,6.925892513e-14,8.760624744e-14,6.616832213e-14
64.7890625,3.707689149e-13,3.04214056e-13,1.462733757e-13,2.528832759e-13,2.930464915e-13,2.052415834e-13,6.392706453e-14,1.519591369e-13,7.683102783e-14,1.106179833e-13,1.112434444e-13,1.118046326e-13,2.13300186e-13,2.451496769e-13,5.531828395e-13,7.44498618e-13,5.184478394e-13,5.276181319e-13,1.62984096e-13,2.093613961e-13,5.930685294e-14,4.309357244e-14,4.120538968e-14,8.83900731e-14,1.056937147e-13,1.602144697e-13,2.107688066e-13,9.33222884e-14,3.653908037e-13,6.930675862e-14,8.826788245e-14,6.536557063e-14
64.796875,3.705835665e-13,3.011134783e-13,1.485793613e-13,2.521106054e-13,2.892897548e-13,2.060449031e-13,6.329614829e-14,1.507111436e-13,7.722257678e-14,1.118295651e-13,1.096396732e-13,1.118023759e-13,2.117550156e-13,2.45092002e-13,5.499897903e-13,7.391035396e-13,5.162895251e-13,5.232487123e-13,1.618707239e-13,2.07747101e-13,5.929121634e-14,4.321514782e-14,4.147610417e-14,8.948271822e-14,1.046793038e-13,1.610440101e-13,2.15065732e-13,9.354467447e-14,3.731349126e-13,6.933591471e-14,8.892877174e-14,6.460526134e-14
64.8046875,3.704381722e-13,2.98209411e-13,1.509702251e-13,2.514734248e-13,2.852174766e-13,2.068293368e-13,6.264167007e-14,1.495230936e-13,7.76268122e-14,1.13111807e-13,1.080545383e-13,1.117824171e-13,2.10098603e-13,2.44857506e-13,5.466992105e-13,7.336533148e-13,5.139996009e-13,5.187192308e-13,1.606841592e-13,2.06032936e-13,5.928456289e-14,4.332960265e-14,4.17370018e-14,9.057320706e-14,1.036231497e-13,1.618357966e-13,2.193494863e-13,9.395015082e-14,3.810809831e-13,6.936946736e-14,8.958799664e-14,6.38206608e-14
64.8125,3.701123302e-13,2.954590336e-13,1.535834542e-13,2.509514005e-13,2.811924354e-13,2.076466105e-13,6.196346006e-14,1.483165995e-13,7.809446624e-14,1.144379788e-13,1.065871981e-13,1.118415133e-13,2.084910445e-13,2.446414629e-13,5.431357393e-13,7.278615469e-13,5.113690028e-13,5.139666072e-13,1.595085965e-13,2.043896146e-13,5.933094474e-14,4.348305586e-14,4.197194094e-14,9.17075819e-14,1.02511129e-13,1.626095949e-13,2.2360126e-13,9.45085915e-14,3.893039491e-13,6.945594631e-14,9.033555189e-14,6.301131055e-14
64.8203125,3.696682669e-13,2.923863704e-13,1.56324921e-13,2.502407432e-13,2.772073269e-13,2.084798081e-13,6.128704384e-14,1.470871501e-13,7.862489455e-14,1.157816131e-13,1.051721185e-13,1.119329788e-13,2.068688981e-13,2.444367736e-13,5.39043814e-13,7.214954762e-13,5.083205218e-13,5.088851861e-13,1.582504305e-13,2.027891331e-13,5.941760439e-14,4.366882716e-14,4.221993598e-14,9.290096959e-14,1.013392835e-13,1.633483808e-13,2.278057519e-13,9.500935354e-14,3.977523708e-13,6.955192625e-14,9.109898821e-14,6.221489796e-14
64.828125,3.694661947e-13,2.889796592e-13,1.590687005e-13,2.492815026e-13,2.730865737e-13,2.093114088e-13,6.06433502e-14,1.458688846e-13,7.915895094e-14,1.171696927e-13,1.036855801e-13,1.11966148e-13,2.051176205e-13,2.441131177e-13,5.346236544e-13,7.149981971e-13,5.05264489e-13,5.037548609e-13,1.568575469e-13,2.010556581e-13,5.947446877e-14,4.384724893e-14,4.250727841e-14,9.410169124e-14,1.001680531e-13,1.640016311e-13,2.320221793e-13,9.545680257e-14,4.063514442e-13,6.961746851e-14,9.179055981e-14,6.142904007e-14
64.8359375,3.693067034e-13,2.856619578e-13,1.618537818e-13,2.481177319e-13,2.68880016e-13,2.100579728e-13,6.000752796e-14,1.44624437e-13,7.969623935e-14,1.186107628e-13,1.022467255e-13,1.119606254e-13,2.033165543e-13,2.43623073e-13,5.299699596e-13,7.084368753e-13,5.021981249e-13,4.986545668e-13,1.554027811e-13,1.993088275e-13,5.951151783e-14,4.403192256e-14,4.280471523e-14,9.532086174e-14,9.9011884e-14,1.645686949e-13,2.363973488e-13,9.58939212e-14,4.153358887e-13,6.965804548e-14,9.244245999e-14,6.063894621e-14
64.84375,3.688913339e-13,2.822976512e-13,1.646049851e-13,2.466961317e-13,2.646744376e-13,2.106431775e-13,5.935939857e-14,1.433700558e-13,8.029087348e-14,1.201371836e-13,1.009030885e-13,1.119632071e-13,2.014938704e-13,2.430185416e-13,5.247127205e-13,7.01072768e-13,4.985681836e-13,4.931891557e-13,1.538961143e-13,1.975838386e-13,5.960714836e-14,4.424195276e-14,4.308844258e-14,9.662930271e-14,9.779862427e-14,1.650701234e-13,2.407783269e-13,9.629136563e-14,4.246126791e-13,6.968446731e-14,9.30604459e-14,5.984600596e-14
64.8515625,3.68562212e-13,2.787844967e-13,1.673482226e-13,2.451735731e-13,2.604554619e-13,2.11166884e-13,5.871418892e-14,1.421376898e-13,8.093108276e-14,1.218044039e-13,9.955726684e-14,1.119952466e-13,1.996727211e-13,2.424368922e-13,5.188745398e-13,6.928689676e-13,4.943686012e-13,4.873285509e-13,1.523312893e-13,1.956266459e-13,5.976661014e-14,4.446295703e-14,4.336103049e-14,9.800864795e-14,9.651675427e-14,1.655077848e-13,2.450082451e-13,9.678394232e-14,4.33892436e-13,6.972297415e-14,9.367138243e-14,5.904866294e-14
64.859375,3.6845523e-13,2.754411952e-13,1.703088734e-13,2.436721996e-13,2.561778416e-13,2.117323597e-13,5.807227217e-14,1.408644721e-13,8.158391001e-14,1.235637019e-13,9.821446137e-14,1.120594115e-13,1.979652582e-13,2.4196383e-13,5.129397797e-13,6.846159878e-13,4.900443117e-13,4.813878935e-13,1.507475337e-13,1.934445476e-13,5.993089787e-14,4.470953728e-14,4.363105335e-14,9.939890988e-14,9.523183016e-14,1.659025773e-13,2.49326257e-13,9.741319037e-14,4.43525666e-13,6.97739959e-14,9.435524423e-14,5.825719298e-14
64.8671875,3.681416411e-13,2.720404405e-13,1.734459683e-13,2.420520499e-13,2.518716537e-13,2.122856651e-13,5.743073607e-14,1.395806496e-13,8.225831109e-14,1.253231533e-13,9.689291272e-14,1.121241939e-13,1.963000847e-13,2.414963257e-13,5.070155164e-13,6.765350371e-13,4.856813598e-13,4.753475518e-13,1.491055571e-13,1.913689735e-13,6.007659164e-14,4.500133116e-14,4.391652041e-14,1.008185421e-13,9.396139165e-14,1.66294841e-13,2.538050951e-13,9.795315384e-14,4.537330406e-13,6.980601852e-14,9.508444233e-14,5.750136421e-14
64.875,3.6763571e-13,2.683023011e-13,1.766232486e-13,2.403808333e-13,2.476710771e-13,2.128196888e-13,5.679055634e-14,1.383980336e-13,8.294417459e-14,1.270765357e-13,9.562549938e-14,1.121890447e-13,1.945626363e-13,2.409292846e-13,5.00930365e-13,6.683212601e-13,4.812187796e-13,4.691227594e-13,1.473808108e-13,1.89522185e-13,6.021747081e-14,4.531131513e-14,4.422255359e-14,1.023049474e-13,9.267331403e-14,1.667082236e-13,2.582068805e-13,9.839304229e-14,4.640138372e-13,6.982920784e-14,9.578464321e-14,5.678934307e-14
64.8828125,3.673458625e-13,2.646900742e-13,1.799829279e-13,2.388003418e-13,2.436325966e-13,2.134216901e-13,5.614565301e-14,1.372584612e-13,8.364848668e-14,1.288699054e-13,9.452348123e-14,1.123227973e-13,1.928874725e-13,2.403818851e-13,4.946750928e-13,6.599017553e-13,4.766964336e-13,4.628282512e-13,1.456864419e-13,1.877203793e-13,6.038121254e-14,4.563893306e-14,4.453185807e-14,1.038405577e-13,9.135743281e-14,1.671501414e-13,2.625743913e-13,9.899422862e-14,4.742436974e-13,6.986177665e-14,9.648635042e-14,5.610597011e-14
64.890625,3.671603926e-13,2.61331355e-13,1.835862362e-13,2.371143728e-13,2.396545498e-13,2.140380963e-13,5.551733012e-14,1.360634812e-13,8.440474783e-14,1.307602175e-13,9.354135535e-14,1.125514163e-13,1.913334265e-13,2.399903305e-13,4.882762142e-13,6.513929552e-13,4.720428586e-13,4.564269011e-13,1.440551451e-13,1.858633792e-13,6.060213054e-14,4.601628666e-14,4.484045122e-14,1.05383019e-13,9.002825294e-14,1.676247216e-13,2.670879149e-13,9.977633865e-14,4.848424532e-13,6.987635784e-14,9.721434744e-14,5.544959081e-14
64.8984375,3.668541801e-13,2.578044474e-13,1.87274097e-13,2.352627089e-13,2.356605389e-13,2.145475492e-13,5.493141668e-14,1.348382053e-13,8.514424743e-14,1.327562763e-13,9.252962387e-14,1.12805538e-13,1.897385325e-13,2.396448584e-13,4.817980781e-13,6.429503269e-13,4.672466094e-13,4.498449182e-13,1.423785779e-13,1.840039164e-13,6.087929399e-14,4.641425517e-14,4.514966406e-14,1.069093664e-13,8.870762394e-14,1.681181688e-13,2.716892455e-13,1.005108923e-13,4.958683173e-13,6.985469309e-14,9.788330155e-14,5.481320911e-14
64.90625,3.667946362e-13,2.541971913e-13,1.910286913e-13,2.334519496e-13,2.317344279e-13,2.150662621e-13,5.437316506e-14,1.335632061e-13,8.580969064e-14,1.347776087e-13,9.153327944e-14,1.130644093e-13,1.881081857e-13,2.392653048e-13,4.753187615e-13,6.345799303e-13,4.624392917e-13,4.432494153e-13,1.406689534e-13,1.820557785e-13,6.119719558e-14,4.680819768e-14,4.544837253e-14,1.084419014e-13,8.741277443e-14,1.686025623e-13,2.763263988e-13,1.011473814e-13,5.071648082e-13,6.981341318e-14,9.847365003e-14,5.417084929e-14
64.9140625,3.671842509e-13,2.507715765e-13,1.94966162e-13,2.315958576e-13,2.280086631e-13,2.157738141e-13,5.38318243e-14,1.322083368e-13,8.652682554e-14,1.368005467e-13,9.066471674e-14,1.134135928e-13,1.865931636e-13,2.390132032e-13,4.687231582e-13,6.260808811e-13,4.576076831e-13,4.36756442e-13,1.390159293e-13,1.799402705e-13,6.157825771e-14,4.72584964e-14,4.5746827e-14,1.100312066e-13,8.614327795e-14,1.691051127e-13,2.810373431e-13,1.018217564e-13,5.188132119e-13,6.977541029e-14,9.912045985e-14,5.35351001e-14
64.921875,3.674700555e-13,2.473973709e-13,1.990829824e-13,2.294855588e-13,2.244144282e-13,2.164892692e-13,5.33217164e-14,1.308820086e-13,8.736410559e-14,1.388767698e-13,8.989041786e-14,1.138672606e-13,1.851688219e-13,2.389046671e-13,4.619632105e-13,6.175503807e-13,4.527005122e-13,4.302826772e-13,1.373607951e-13,1.778778799e-13,6.202003702e-14,4.777027352e-14,4.607074476e-14,1.116899118e-13,8.490359719e-14,1.696891673e-13,2.85826378e-13,1.025174765e-13,5.308893676e-13,6.974686331e-14,9.9837898e-14,5.294419138e-14
64.9296875,3.673434069e-13,2.440509221e-13,2.032691594e-13,2.272109505e-13,2.207662269e-13,2.169454797e-13,5.284090999e-14,1.296612504e-13,8.818896596e-14,1.409639498e-13,8.914947616e-14,1.143428625e-13,1.837629263e-13,2.38779272e-13,4.551942641e-13,6.09246858e-13,4.478312439e-13,4.238527379e-13,1.356441304e-13,1.7597005e-13,6.246525189e-14,4.825193511e-14,4.641211597e-14,1.133681797e-13,8.371202186e-14,1.703033027e-13,2.907280203e-13,1.031112844e-13,5.432800023e-13,6.969550133e-14,1.004737307e-13,5.237964335e-14
64.9375,3.672607287e-13,2.40772007e-13,2.07492676e-13,2.249214682e-13,2.171492064e-13,2.172990126e-13,5.237793063e-14,1.284976991e-13,8.8944189e-14,1.430240725e-13,8.847046312e-14,1.148542727e-13,1.824562305e-13,2.387452593e-13,4.484249049e-13,6.009628709e-13,4.430337177e-13,4.176106484e-13,1.339543047e-13,1.739492281e-13,6.290209787e-14,4.869467245e-14,4.673712737e-14,1.150184625e-13,8.257106513e-14,1.708406879e-13,2.956969339e-13,1.036663357e-13,5.558726636e-13,6.959034905e-14,1.010602801e-13,5.18150105e-14
64.9453125,3.674729974e-13,2.373222315e-13,2.118844241e-13,2.226793013e-13,2.138094276e-13,2.177877021e-13,5.194521635e-14,1.273670229e-13,8.971046638e-14,1.45150326e-13,8.792191358e-14,1.15465805e-13,1.813159495e-13,2.389624084e-13,4.416499553e-13,5.925507523e-13,4.382106751e-13,4.114930668e-13,1.323421132e-13,1.717877062e-13,6.337347829e-14,4.917830909e-14,4.703891668e-14,1.166664849e-13,8.148162781e-14,1.713774111e-13,3.006432804e-13,1.042832484e-13,5.6877289e-13,6.94584918e-14,1.01728411e-13,5.129310941e-14
64.953125,3.677875178e-13,2.335723438e-13,2.165812261e-13,2.205214275e-13,2.107777907e-13,2.183380416e-13,5.156352493e-14,1.262757422e-13,9.051838607e-14,1.473794612e-13,8.752491333e-14,1.161504084e-13,1.802580912e-13,2.392881513e-13,4.350203961e-13,5.843191791e-13,4.333923263e-13,4.053214569e-13,1.307704465e-13,1.697784676e-13,6.389468265e-14,4.972841451e-14,4.735214208e-14,1.18374244e-13,8.044774537e-14,1.720687079e-13,3.057012376e-13,1.049040597e-13,5.821236849e-13,6.933553967e-14,1.023880377e-13,5.084144192e-14
64.9609375,3.682784032e-13,2.29663162e-13,2.215277878e-13,2.182899623e-13,2.079898931e-13,2.189111424e-13,5.122086737e-14,1.251906719e-13,9.136552708e-14,1.496456782e-13,8.722015825e-14,1.169043597e-13,1.791845387e-13,2.39641356e-13,4.283667139e-13,5.761602246e-13,4.286102368e-13,3.991464441e-13,1.292465548e-13,1.678664439e-13,6.446201603e-14,5.032656313e-14,4.769553547e-14,1.201453406e-13,7.942555587e-14,1.728545422e-13,3.109190416e-13,1.055154943e-13,5.957415047e-13,6.920732068e-14,1.029664195e-13,5.042116367e-14
64.96875,3.690014814e-13,2.257619838e-13,2.265402178e-13,2.157880424e-13,2.053982918e-13,2.195491692e-13,5.089225409e-14,1.240882874e-13,9.22498708e-14,1.519378787e-13,8.695528927e-14,1.17751853e-13,1.78129517e-13,2.400936404e-13,4.213629834e-13,5.6764989e-13,4.237163446e-13,3.930550595e-13,1.277624296e-13,1.65795641e-13,6.507660212e-14,5.094910615e-14,4.803463504e-14,1.219388742e-13,7.837893985e-14,1.735606378e-13,3.160212722e-13,1.061467058e-13,6.093963981e-13,6.904396533e-14,1.035637009e-13,5.001446255e-14
64.9765625,3.696270815e-13,2.220338003e-13,2.314903487e-13,2.131593643e-13,2.028694317e-13,2.201208082e-13,5.059590453e-14,1.229872832e-13,9.312354315e-14,1.542537443e-13,8.675363629e-14,1.186052441e-13,1.771802516e-13,2.405538863e-13,4.142211761e-13,5.590636302e-13,4.18682012e-13,3.868983167e-13,1.262442281e-13,1.637212285e-13,6.572414151e-14,5.156225042e-14,4.834971741e-14,1.237423489e-13,7.736180456e-14,1.741913626e-13,3.209747168e-13,1.067045185e-13,6.231966927e-13,6.88328011e-14,1.041678568e-13,4.963953495e-14
64.984375,3.701673685e-13,2.185138489e-13,2.363673685e-13,2.105907492e-13,2.003830934e-13,2.206060206e-13,5.035181921e-14,1.219072564e-13,9.396558218e-14,1.565610425e-13,8.663344153e-14,1.194121389e-13,1.76288434e-13,2.409748859e-13,4.072508768e-13,5.508052222e-13,4.136699893e-13,3.805695264e-13,1.246801879e-13,1.619034373e-13,6.640200119e-14,5.217923064e-14,4.866740968e-14,1.255585726e-13,7.63987206e-14,1.748960853e-13,3.260472745e-13,1.071626757e-13,6.37250263e-13,6.85816291e-14,1.046928251e-13,4.930134461e-14
64.9921875,3.709611466e-13,2.150215967e-13,2.413006996e-13,2.078931202e-13,1.980700044e-13,2.211244477e-13,5.01309549e-14,1.208454542e-13,9.480907419e-14,1.589011799e-13,8.656957432e-14,1.202751535e-13,1.753308438e-13,2.415090078e-13,4.002844262e-13,5.426042799e-13,4.086841524e-13,3.741431982e-13,1.231336997e-13,1.602268386e-13,6.712993336e-14,5.28391164e-14,4.898707299e-14,1.273947918e-13,7.542255137e-14,1.757296413e-13,3.312392574e-13,1.07638956e-13,6.515204372e-13,6.832840712e-14,1.051794202e-13,4.900802129e-14
65,3.718773247e-13,2.114761291e-13,2.465054669e-13,2.049169125e-13,1.959234023e-13,2.215851648e-13,4.992604438e-14,1.198094587e-13,9.567813141e-14,1.613219e-13,8.658467382e-14,1.212530311e-13,1.743432611e-13,2.42185406e-13,3.932633019e-13,5.343288907e-13,4.036609341e-13,3.676910542e-13,1.216564743e-13,1.585433153e-13,6.790115836e-14,5.353030508e-14,4.92866263e-14,1.292915625e-13,7.443899807e-14,1.766135693e-13,3.364569944e-13,1.081878894e-13,6.661154473e-13,6.810578188e-14,1.056827857e-13,4.87709482e-14
65.0078125,3.727709145e-13,2.079836066e-13,2.52022084e-13,2.019364277e-13,1.939290911e-13,2.219721485e-13,4.976219392e-14,1.188218815e-13,9.657959814e-14,1.637800106e-13,8.674410226e-14,1.222965128e-13,1.734413924e-13,2.429312347e-13,3.864404683e-13,5.262874148e-13,3.987343752e-13,3.613322711e-13,1.202925074e-13,1.569267174e-13,6.86967134e-14,5.424841981e-14,4.958708377e-14,1.312411563e-13,7.352356083e-14,1.775232756e-13,3.41827052e-13,1.087995942e-13,6.810808339e-13,6.789554153e-14,1.062008241e-13,4.857850212e-14
65.015625,3.740062371e-13,2.04540412e-13,2.576915236e-13,1.99140772e-13,1.922452744e-13,2.225015728e-13,4.962823136e-14,1.178605153e-13,9.748204431e-14,1.662478811e-13,8.704411979e-14,1.233903513e-13,1.72622164e-13,2.43843591e-13,3.798416423e-13,5.184884847e-13,3.940142219e-13,3.551931513e-13,1.190600246e-13,1.553448988e-13,6.95282991e-14,5.502216842e-14,4.991647372e-14,1.331322331e-13,7.267008239e-14,1.785424061e-13,3.473983132e-13,1.094597952e-13,6.962287888e-13,6.767633018e-14,1.06739332e-13,4.842256029e-14
65.0234375,3.756086856e-13,2.010380173e-13,2.635529676e-13,1.963190449e-13,1.908932581e-13,2.231446525e-13,4.952494777e-14,1.169035184e-13,9.835740387e-14,1.687611384e-13,8.743622679e-14,1.245797867e-13,1.71895663e-13,2.45090121e-13,3.734146865e-13,5.108540994e-13,3.894979609e-13,3.492428251e-13,1.179239852e-13,1.537151435e-13,7.040048061e-14,5.583748077e-14,5.027813931e-14,1.34937412e-13,7.186738697e-14,1.796900856e-13,3.531214276e-13,1.101207132e-13,7.115692285e-13,6.746579508e-14,1.073446099e-13,4.831291366e-14
65.03125,3.771312656e-13,1.975064203e-13,2.69825179e-13,1.93394783e-13,1.897077411e-13,2.23738191e-13,4.948288108e-14,1.159964477e-13,9.925449695e-14,1.713117218e-13,8.793391775e-14,1.259150475e-13,1.713445974e-13,2.466839275e-13,3.672734998e-13,5.035957589e-13,3.852603195e-13,3.434925775e-13,1.168791901e-13,1.522066006e-13,7.129130328e-14,5.666875111e-14,5.067428227e-14,1.36808878e-13,7.116593401e-14,1.809046653e-13,3.590096234e-13,1.107779571e-13,7.273210036e-13,6.725626163e-14,1.080755189e-13,4.826059415e-14
65.0390625,3.785925751e-13,1.940460336e-13,2.764350535e-13,1.905479055e-13,1.886739772e-13,2.243585968e-13,4.947479855e-14,1.151242849e-13,1.001666715e-13,1.738440372e-13,8.858868472e-14,1.27395947e-13,1.709274022e-13,2.484560657e-13,3.6135504e-13,4.966950289e-13,3.813014187e-13,3.380333098e-13,1.159616795e-13,1.508529155e-13,7.220243939e-14,5.752252988e-14,5.108352919e-14,1.38812266e-13,7.055327931e-14,1.82189851e-13,3.650117691e-13,1.1145867e-13,7.434010282e-13,6.700118233e-14,1.088608254e-13,4.828194174e-14
65.046875,3.802887446e-13,1.906253785e-13,2.831572156e-13,1.876530763e-13,1.879046944e-13,2.250308238e-13,4.946152495e-14,1.14206278e-13,1.010079062e-13,1.76374605e-13,8.942550642e-14,1.289697829e-13,1.705767595e-13,2.502781428e-13,3.554743205e-13,4.898646339e-13,3.774395632e-13,3.327612941e-13,1.151584702e-13,1.493528023e-13,7.315259346e-14,5.839555534e-14,5.147391108e-14,1.408075268e-13,6.997855628e-14,1.835532827e-13,3.711475841e-13,1.121152559e-13,7.595575438e-13,6.669447144e-14,1.09567055e-13,4.837751985e-14
65.0546875,3.821340179e-13,1.871624362e-13,2.900215957e-13,1.844652407e-13,1.874325699e-13,2.256473402e-13,4.946722346e-14,1.13287694e-13,1.01832807e-13,1.789808922e-13,9.044034962e-14,1.306240697e-13,1.703757496e-13,2.522690777e-13,3.496098749e-13,4.830040722e-13,3.735749913e-13,3.275165791e-13,1.144409737e-13,1.477385833e-13,7.412590262e-14,5.930078363e-14,5.185609532e-14,1.427318662e-13,6.94507137e-14,1.849313464e-13,3.775449426e-13,1.127146309e-13,7.758844189e-13,6.636074126e-14,1.102484375e-13,4.851174119e-14
65.0625,3.839827591e-13,1.837007036e-13,2.970632395e-13,1.812638207e-13,1.872484668e-13,2.262553468e-13,4.950491405e-14,1.124281163e-13,1.027382052e-13,1.816467566e-13,9.158379306e-14,1.32371653e-13,1.703342275e-13,2.545254688e-13,3.438001967e-13,4.762024764e-13,3.697711052e-13,3.222999196e-13,1.13815303e-13,1.463710777e-13,7.509360643e-14,6.026816222e-14,5.224026271e-14,1.446643589e-13,6.896730133e-14,1.86336182e-13,3.840928252e-13,1.133447878e-13,7.925062402e-13,6.600312245e-14,1.10977879e-13,4.867330337e-14
65.0703125,3.858623166e-13,1.803357566e-13,3.041587333e-13,1.783955425e-13,1.873404006e-13,2.269131011e-13,4.956406433e-14,1.115239583e-13,1.036411775e-13,1.842945494e-13,9.280068019e-14,1.341917368e-13,1.703212696e-13,2.569171769e-13,3.381404042e-13,4.696210881e-13,3.661204984e-13,3.171446325e-13,1.132761179e-13,1.451200993e-13,7.606583266e-14,6.12659745e-14,5.26132125e-14,1.465701151e-13,6.850520736e-14,1.878596258e-13,3.906418894e-13,1.141073369e-13,8.090778374e-13,6.564007535e-14,1.11674842e-13,4.890009224e-14
65.078125,3.878381397e-13,1.770455696e-13,3.113843181e-13,1.755536784e-13,1.877252203e-13,2.275740347e-13,4.967106751e-14,1.105298826e-13,1.044932717e-13,1.869583687e-13,9.413149231e-14,1.361470445e-13,1.7034943e-13,2.595065587e-13,3.327130297e-13,4.632379782e-13,3.626463129e-13,3.121085403e-13,1.128592228e-13,1.436397075e-13,7.707919033e-14,6.227031806e-14,5.300328303e-14,1.483859711e-13,6.809029191e-14,1.895194074e-13,3.973273811e-13,1.149615935e-13,8.253810623e-13,6.529919034e-14,1.124042781e-13,4.919810841e-14
65.0859375,3.900743722e-13,1.737693763e-13,3.189726144e-13,1.723380122e-13,1.885019256e-13,2.282357023e-13,4.982603391e-14,1.095808913e-13,1.053968487e-13,1.896840164e-13,9.565998086e-14,1.383508321e-13,1.705392286e-13,2.625502399e-13,3.273957379e-13,4.567914124e-13,3.592708061e-13,3.072650827e-13,1.126545563e-13,1.421771351e-13,7.814497364e-14,6.333481337e-14,5.344665049e-14,1.502520794e-13,6.773906462e-14,1.913166798e-13,4.042433523e-13,1.157677141e-13,8.418574916e-13,6.495713916e-14,1.13333721e-13,4.953343482e-14
65.09375,3.925218927e-13,1.705925351e-13,3.269599554e-13,1.68970404e-13,1.896478432e-13,2.288721557e-13,4.996987309e-14,1.087689894e-13,1.063549055e-13,1.923977284e-13,9.737742313e-14,1.407556703e-13,1.708808877e-13,2.659323586e-13,3.222171604e-13,4.504817747e-13,3.560468626e-13,3.025706115e-13,1.126369674e-13,1.410777308e-13,7.924119058e-14,6.445969624e-14,5.391930811e-14,1.522727696e-13,6.74359936e-14,1.932937955e-13,4.113922425e-13,1.165176603e-13,8.588610164e-13,6.459429681e-14,1.143856221e-13,4.990867596e-14
65.1015625,3.949008238e-13,1.675703263e-13,3.352847115e-13,1.658223143e-13,1.909993424e-13,2.29488594e-13,5.010015437e-14,1.08054052e-13,1.073118926e-13,1.951116369e-13,9.92267921e-14,1.432807423e-13,1.71320716e-13,2.694654691e-13,3.174591262e-13,4.448245263e-13,3.53234841e-13,2.980522102e-13,1.127227867e-13,1.400842252e-13,8.036207214e-14,6.559489053e-14,5.439981442e-14,1.543080476e-13,6.719994453e-14,1.953911471e-13,4.188747426e-13,1.173746179e-13,8.761639445e-13,6.424837845e-14,1.154846601e-13,5.033413856e-14
65.109375,3.97369124e-13,1.644806876e-13,3.439328902e-13,1.628335134e-13,1.926127466e-13,2.302371297e-13,5.02932427e-14,1.07354624e-13,1.083263973e-13,1.979375438e-13,1.012066022e-13,1.459717003e-13,1.71873503e-13,2.733665442e-13,3.1306328e-13,4.395897614e-13,3.50821583e-13,2.938359708e-13,1.129536278e-13,1.388733117e-13,8.151603675e-14,6.678163634e-14,5.491053563e-14,1.562560245e-13,6.705255645e-14,1.974922418e-13,4.265754788e-13,1.183910322e-13,8.934687363e-13,6.393317295e-14,1.167651184e-13,5.079133767e-14
65.1171875,4.0012304e-13,1.611532089e-13,3.527880352e-13,1.597619353e-13,1.945972545e-13,2.310753957e-13,5.05696682e-14,1.066296732e-13,1.093779201e-13,2.007869581e-13,1.033218717e-13,1.487637244e-13,1.725107007e-13,2.77596733e-13,3.087840245e-13,4.343712708e-13,3.484858001e-13,2.897608446e-13,1.133198003e-13,1.376074482e-13,8.267360691e-14,6.803683046e-14,5.546055792e-14,1.58182081e-13,6.697493147e-14,1.996497891e-13,4.342783291e-13,1.193927432e-13,9.106102227e-13,6.360966013e-14,1.181524559e-13,5.131371903e-14
65.125,4.02767664e-13,1.577933926e-13,3.617097503e-13,1.565459678e-13,1.967639771e-13,2.317462714e-13,5.086631883e-14,1.059228542e-13,1.103258115e-13,2.035036728e-13,1.055409507e-13,1.514975928e-13,1.731638006e-13,2.817217579e-13,3.047593982e-13,4.295756029e-13,3.462353272e-13,2.855832779e-13,1.136795612e-13,1.365492995e-13,8.38229767e-14,6.925508016e-14,5.60362764e-14,1.600951742e-13,6.694171488e-14,2.020019663e-13,4.421570097e-13,1.202477224e-13,9.274734819e-13,6.326646082e-14,1.193741721e-13,5.195735054e-14
65.1328125,4.052544172e-13,1.545820114e-13,3.707376736e-13,1.532657588e-13,1.990539578e-13,2.322902276e-13,5.11598646e-14,1.05266045e-13,1.111962418e-13,2.061905414e-13,1.078622876e-13,1.542582724e-13,1.738611767e-13,2.858407857e-13,3.011005496e-13,4.254310056e-13,3.443175153e-13,2.814707565e-13,1.140526188e-13,1.356979579e-13,8.502441312e-14,7.04216136e-14,5.663089259e-14,1.619565638e-13,6.693735886e-14,2.045184444e-13,4.50331327e-13,1.21046164e-13,9.441301143e-13,6.29287493e-14,1.204940819e-13,5.267952648e-14
65.140625,4.080412284e-13,1.514278985e-13,3.799350862e-13,1.500172039e-13,2.016716448e-13,2.329053542e-13,5.148522369e-14,1.0461652e-13,1.121330462e-13,2.090096863e-13,1.103098865e-13,1.572263121e-13,1.746955091e-13,2.903818573e-13,2.975836179e-13,4.21437886e-13,3.426551975e-13,2.776304178e-13,1.145879688e-13,1.349421278e-13,8.629638408e-14,7.164619381e-14,5.724143714e-14,1.63820574e-13,6.69705639e-14,2.070699539e-13,4.585332249e-13,1.219269298e-13,9.607180084e-13,6.260436648e-14,1.217895324e-13,5.341896589e-14
65.1484375,4.109270904e-13,1.483441175e-13,3.893074737e-13,1.468901891e-13,2.045697993e-13,2.335148742e-13,5.183246861e-14,1.039681843e-13,1.131295751e-13,2.119439597e-13,1.128975946e-13,1.603785424e-13,1.756985286e-13,2.952837813e-13,2.942070277e-13,4.175150284e-13,3.411163944e-13,2.739433236e-13,1.152967213e-13,1.342145309e-13,8.758231119e-14,7.29455997e-14,5.786320574e-14,1.657105773e-13,6.707369697e-14,2.09650065e-13,4.668514537e-13,1.229189536e-13,9.774101332e-13,6.228819441e-14,1.232788631e-13,5.419813439e-14
65.15625,4.134890424e-13,1.454710814e-13,3.989766e-13,1.439180598e-13,2.076398709e-13,2.34048954e-13,5.215879785e-14,1.033385474e-13,1.140957807e-13,2.14939942e-13,1.156902944e-13,1.636562e-13,1.768319208e-13,3.003726063e-13,2.912071284e-13,4.14019568e-13,3.398145634e-13,2.70378475e-13,1.161359391e-13,1.335042943e-13,8.887775804e-14,7.426900586e-14,5.848749398e-14,1.6753369e-13,6.724063749e-14,2.123442509e-13,4.757073396e-13,1.240130554e-13,9.944419735e-13,6.19867432e-14,1.248301444e-13,5.502647127e-14
65.1640625,4.160080323e-13,1.427593878e-13,4.090213551e-13,1.410013419e-13,2.110470739e-13,2.346329705e-13,5.247559227e-14,1.02701627e-13,1.150281919e-13,2.179606853e-13,1.187461325e-13,1.670873326e-13,1.780592394e-13,3.057414181e-13,2.885224592e-13,4.107981261e-13,3.387320644e-13,2.67064492e-13,1.171174074e-13,1.328464411e-13,9.021689687e-14,7.562697723e-14,5.911417499e-14,1.692477707e-13,6.743674186e-14,2.151812786e-13,4.848917779e-13,1.25190352e-13,1.011639215e-12,6.170389451e-14,1.264184876e-13,5.587648316e-14
65.171875,4.188082021e-13,1.40070641e-13,4.193296772e-13,1.380336294e-13,2.148924517e-13,2.353054659e-13,5.281985092e-14,1.020743568e-13,1.159805589e-13,2.20948959e-13,1.219873534e-13,1.706847594e-13,1.794241648e-13,3.114769974e-13,2.859688251e-13,4.075641097e-13,3.378022593e-13,2.639844862e-13,1.182699946e-13,1.32238994e-13,9.158787368e-14,7.704420118e-14,5.976875502e-14,1.709352912e-13,6.768670798e-14,2.181264029e-13,4.939256388e-13,1.263975144e-13,1.028605218e-12,6.142762554e-14,1.281022576e-13,5.676835045e-14
65.1796875,4.218717802e-13,1.373597562e-13,4.298675788e-13,1.350822667e-13,2.191639982e-13,2.360675744e-13,5.319096818e-14,1.01481519e-13,1.169802092e-13,2.239230035e-13,1.253320804e-13,1.744470118e-13,1.810252093e-13,3.176219037e-13,2.836415404e-13,4.045180655e-13,3.372481836e-13,2.611534452e-13,1.196406335e-13,1.316442135e-13,9.296865689e-14,7.853230313e-14,6.046657075e-14,1.726590263e-13,6.804674263e-14,2.211514265e-13,5.030148744e-13,1.276390189e-13,1.045443542e-12,6.115210492e-14,1.299535577e-13,5.773198585e-14
65.1875,4.250931761e-13,1.346390099e-13,4.406275813e-13,1.322035892e-13,2.237848521e-13,2.369383615e-13,5.356988803e-14,1.008789942e-13,1.179828707e-13,2.269222752e-13,1.288010465e-13,1.783069429e-13,1.828309245e-13,3.240370323e-13,2.816661387e-13,4.018796579e-13,3.371435292e-13,2.586161249e-13,1.21158997e-13,1.311259065e-13,9.433982757e-14,8.007227995e-14,6.119360417e-14,1.743640426e-13,6.850156951e-14,2.242581397e-13,5.124391646e-13,1.289194703e-13,1.062230166e-12,6.089559617e-14,1.319362425e-13,5.876038019e-14
65.1953125,4.281801409e-13,1.320015317e-13,4.514616521e-13,1.292829599e-13,2.284816338e-13,2.377631093e-13,5.395322592e-14,1.002747592e-13,1.189361174e-13,2.299011745e-13,1.323805921e-13,1.821729964e-13,1.846842038e-13,3.304633214e-13,2.799562972e-13,3.995558325e-13,3.372115161e-13,2.561592774e-13,1.226736123e-13,1.307930587e-13,9.569652844e-14,8.158918152e-14,6.194928387e-14,1.759850767e-13,6.898531792e-14,2.274542933e-13,5.219086328e-13,1.301500187e-13,1.07861909e-12,6.066367063e-14,1.339356186e-13,5.984615376e-14
65.203125,4.310697164e-13,1.295337615e-13,4.62397588e-13,1.263265394e-13,2.332469012e-13,2.384431371e-13,5.43460337e-14,9.970755128e-14,1.198796011e-13,2.328302925e-13,1.360779843e-13,1.861476155e-13,1.865760457e-13,3.370488361e-13,2.784306352e-13,3.974252454e-13,3.37348e-13,2.536557587e-13,1.242574935e-13,1.306018059e-13,9.709043237e-14,8.308188978e-14,6.274070197e-14,1.775807394e-13,6.947803399e-14,2.307374434e-13,5.313685914e-13,1.313642101e-13,1.09474212e-12,6.04232921e-14,1.359935878e-13,6.099421928e-14
65.2109375,4.340826386e-13,1.271564598e-13,4.735569314e-13,1.235210403e-13,2.383721348e-13,2.39089121e-13,5.474171514e-14,9.912301765e-14,1.208403907e-13,2.357264369e-13,1.400129325e-13,1.903512619e-13,1.886187209e-13,3.439689038e-13,2.770986769e-13,3.954583448e-13,3.376432224e-13,2.513076073e-13,1.260291923e-13,1.304084082e-13,9.853182732e-14,8.462318166e-14,6.355572902e-14,1.792328196e-13,7.000650166e-14,2.341077722e-13,5.411586041e-13,1.326912148e-13,1.111033612e-12,6.01687183e-14,1.381747594e-13,6.221679873e-14
65.21875,4.3716923e-13,1.247995781e-13,4.84813265e-13,1.208670369e-13,2.437759866e-13,2.396996872e-13,5.513032524e-14,9.850156721e-14,1.217653373e-13,2.386029681e-13,1.441822007e-13,1.94690799e-13,1.9078485e-13,3.510082849e-13,2.759764719e-13,3.936868949e-13,3.381415328e-13,2.492166719e-13,1.278910959e-13,1.301650581e-13,9.997208351e-14,8.618394339e-14,6.438246384e-14,1.808766959e-13,7.058137906e-14,2.375471005e-13,5.511665422e-13,1.340738591e-13,1.127274489e-12,5.99536053e-14,1.404040047e-13,6.34851614e-14
65.2265625,4.401528448e-13,1.225652274e-13,4.961287689e-13,1.181967215e-13,2.493251005e-13,2.402702707e-13,5.551779916e-14,9.790389736e-14,1.226836452e-13,2.415206937e-13,1.484329258e-13,1.991164115e-13,1.929900269e-13,3.582596234e-13,2.751207665e-13,3.92180829e-13,3.38939729e-13,2.473279254e-13,1.298488844e-13,1.299481772e-13,1.014524094e-13,8.773282972e-14,6.520394092e-14,1.823987262e-13,7.118986189e-14,2.410116839e-13,5.611001294e-13,1.354938246e-13,1.143149939e-12,5.979533772e-14,1.427351137e-13,6.471643819e-14
65.234375,4.432648329e-13,1.204886999e-13,5.076192939e-13,1.154855603e-13,2.551732879e-13,2.409800854e-13,5.591395068e-14,9.73161467e-14,1.236447296e-13,2.444989227e-13,1.527408998e-13,2.036461668e-13,1.952442372e-13,3.659266603e-13,2.745559522e-13,3.909625785e-13,3.400512379e-13,2.456447801e-13,1.319967132e-13,1.298203708e-13,1.030036156e-13,8.933554086e-14,6.602570144e-14,1.837771897e-13,7.182935965e-14,2.445268908e-13,5.711386022e-13,1.370830443e-13,1.158821682e-12,5.96476695e-14,1.452413474e-13,6.592827942e-14
65.2421875,4.464733029e-13,1.1842402e-13,5.192248447e-13,1.128380203e-13,2.611797036e-13,2.417934424e-13,5.632404876e-14,9.670483776e-14,1.2454424e-13,2.474387289e-13,1.571976166e-13,2.081876509e-13,1.975771561e-13,3.736758191e-13,2.7427113e-13,3.901304322e-13,3.414352284e-13,2.441222556e-13,1.341990996e-13,1.29731943e-13,1.045195123e-13,9.095464699e-14,6.691608738e-14,1.850161279e-13,7.251786536e-14,2.481839902e-13,5.814915976e-13,1.387315378e-13,1.174312175e-12,5.950713627e-14,1.477471517e-13,6.723552558e-14
65.25,4.495016542e-13,1.163387567e-13,5.309910581e-13,1.103404455e-13,2.671974044e-13,2.425133894e-13,5.674848872e-14,9.611389491e-14,1.25348969e-13,2.503332318e-13,1.618364086e-13,2.128030607e-13,2.000310982e-13,3.814319262e-13,2.743668513e-13,3.898558897e-13,3.43243507e-13,2.42746156e-13,1.364094559e-13,1.296822222e-13,1.059758257e-13,9.250600138e-14,6.788256909e-14,1.861717496e-13,7.326287702e-14,2.519658189e-13,5.920670064e-13,1.402994598e-13,1.189432867e-12,5.941194157e-14,1.502263966e-13,6.861084412e-14
65.2578125,4.52524762e-13,1.143519423e-13,5.42987741e-13,1.080364668e-13,2.734869667e-13,2.432335628e-13,5.716391833e-14,9.555771182e-14,1.262047099e-13,2.532547296e-13,1.665993269e-13,2.17652524e-13,2.026194066e-13,3.894712311e-13,2.747931693e-13,3.899325995e-13,3.453691105e-13,2.415769603e-13,1.387800855e-13,1.2982111e-13,1.074601657e-13,9.406618796e-14,6.882336205e-14,1.874110328e-13,7.403260651e-14,2.557582933e-13,6.026913136e-13,1.419539458e-13,1.204236087e-12,5.933878041e-14,1.528575701e-13,6.994492174e-14
65.265625,4.557357688e-13,1.124229652e-13,5.548701647e-13,1.059263882e-13,2.800200357e-13,2.44064745e-13,5.755473947e-14,9.499985546e-14,1.27119256e-13,2.560911081e-13,1.713967484e-13,2.225856189e-13,2.052623299e-13,3.975745483e-13,2.752799162e-13,3.899706103e-13,3.474509722e-13,2.405362397e-13,1.412520666e-13,1.301410401e-13,1.089462157e-13,9.568396163e-14,6.97231603e-14,1.887676985e-13,7.480719127e-14,2.595540333e-13,6.132034124e-13,1.436818107e-13,1.21883183e-12,5.923865481e-14,1.555447938e-13,7.127339798e-14
65.2734375,4.590396849e-13,1.105045565e-13,5.664756325e-13,1.039827465e-13,2.865706545e-13,2.448861313e-13,5.794660892e-14,9.444147186e-14,1.27972714e-13,2.587203411e-13,1.762697156e-13,2.274607967e-13,2.079780486e-13,4.056545869e-13,2.75933058e-13,3.901699132e-13,3.496878414e-13,2.395955484e-13,1.43740611e-13,1.304197746e-13,1.10400646e-13,9.727658303e-14,7.065266535e-14,1.900611966e-13,7.562017265e-14,2.634213205e-13,6.236827783e-13,1.452876252e-13,1.233093061e-12,5.912887728e-14,1.581694786e-13,7.265307373e-14
65.28125,4.623654028e-13,1.088131535e-13,5.781146082e-13,1.0214756e-13,2.932510442e-13,2.456646657e-13,5.834369013e-14,9.39040153e-14,1.287865663e-13,2.612709176e-13,1.813221903e-13,2.324471009e-13,2.108754979e-13,4.140723498e-13,2.770557201e-13,3.90890481e-13,3.523651798e-13,2.388652092e-13,1.463524458e-13,1.306182853e-13,1.118886268e-13,9.883817368e-14,7.158534037e-14,1.9122865e-13,7.648193394e-14,2.673239053e-13,6.343664287e-13,1.469445334e-13,1.246827531e-12,5.904822912e-14,1.608921233e-13,7.403401914e-14
65.2890625,4.654302626e-13,1.07410211e-13,5.898636764e-13,1.003700946e-13,3.000369401e-13,2.464110854e-13,5.871628484e-14,9.338342066e-14,1.295944619e-13,2.638733404e-13,1.864907375e-13,2.375945238e-13,2.139059734e-13,4.226952887e-13,2.784091677e-13,3.917947621e-13,3.551110509e-13,2.382687676e-13,1.49037899e-13,1.308545467e-13,1.133747885e-13,1.00403694e-13,7.249040213e-14,1.923537981e-13,7.736041793e-14,2.711946144e-13,6.451432233e-13,1.48808622e-13,1.260091831e-12,5.899605324e-14,1.637289528e-13,7.539894862e-14
65.296875,4.679845504e-13,1.060491801e-13,6.016099186e-13,9.871606691e-14,3.068095795e-13,2.470273888e-13,5.906024627e-14,9.286863561e-14,1.303365942e-13,2.664895768e-13,1.917497683e-13,2.427826472e-13,2.169879321e-13,4.312127447e-13,2.796587239e-13,3.924467876e-13,3.577102199e-13,2.376974443e-13,1.516823264e-13,1.311807644e-13,1.147882508e-13,1.019431124e-13,7.343573154e-14,1.934054622e-13,7.825347516e-14,2.751046061e-13,6.558426901e-13,1.506678356e-13,1.273070121e-12,5.896468793e-14,1.665175596e-13,7.678297335e-14
65.3046875,4.704504131e-13,1.04717018e-13,6.133739615e-13,9.726431088e-14,3.137359305e-13,2.475711291e-13,5.936220482e-14,9.238210917e-14,1.310720656e-13,2.691072698e-13,1.972169914e-13,2.480384809e-13,2.201316763e-13,4.397620227e-13,2.809422805e-13,3.929867035e-13,3.603816839e-13,2.371991663e-13,1.543701209e-13,1.317086098e-13,1.16210877e-13,1.034870443e-13,7.443300209e-14,1.94346301e-13,7.915155516e-14,2.791667361e-13,6.666230694e-13,1.525041269e-13,1.28567815e-12,5.895869069e-14,1.692943842e-13,7.818892334e-14
65.3125,4.731611936e-13,1.035445884e-13,6.251260294e-13,9.594962713e-14,3.20775308e-13,2.48193336e-13,5.959268194e-14,9.195771501e-14,1.319098368e-13,2.71762816e-13,2.028275108e-13,2.534126984e-13,2.233195504e-13,4.484384353e-13,2.824191575e-13,3.936560696e-13,3.631240419e-13,2.367525997e-13,1.571464582e-13,1.324369505e-13,1.176888506e-13,1.050956475e-13,7.541539981e-14,1.95258544e-13,8.002417168e-14,2.833310889e-13,6.775200056e-13,1.544829306e-13,1.297856104e-12,5.89744914e-14,1.72221446e-13,7.960693085e-14
65.3203125,4.75696566e-13,1.024248755e-13,6.369623874e-13,9.476302696e-14,3.278159734e-13,2.488351503e-13,5.97836958e-14,9.1554755e-14,1.327664867e-13,2.744249085e-13,2.084932947e-13,2.588862539e-13,2.266267562e-13,4.572700286e-13,2.841096078e-13,3.945279289e-13,3.659669522e-13,2.364266109e-13,1.600024726e-13,1.330888398e-13,1.191281204e-13,1.067256244e-13,7.635786619e-14,1.961426323e-13,8.09038889e-14,2.874308303e-13,6.884390621e-13,1.564929309e-13,1.309861769e-12,5.900717929e-14,1.75360467e-13,8.100635334e-14
65.328125,4.778925104e-13,1.01369865e-13,6.489636369e-13,9.386092095e-14,3.350913562e-13,2.494254958e-13,5.998672559e-14,9.109989612e-14,1.335226188e-13,2.770258036e-13,2.14334914e-13,2.644561659e-13,2.301474474e-13,4.662933365e-13,2.860703147e-13,3.956568769e-13,3.690724363e-13,2.364252846e-13,1.629808367e-13,1.336030394e-13,1.204877055e-13,1.083179992e-13,7.726783768e-14,1.969280727e-13,8.181512299e-14,2.914130974e-13,6.99420471e-13,1.584494156e-13,1.321551998e-12,5.906061684e-14,1.786220638e-13,8.235574207e-14
65.3359375,4.802666505e-13,1.005580186e-13,6.608158214e-13,9.32354397e-14,3.425832299e-13,2.500767211e-13,6.020340418e-14,9.061670996e-14,1.342352931e-13,2.795163095e-13,2.203048139e-13,2.700778306e-13,2.337123864e-13,4.753031282e-13,2.882550611e-13,3.9703107e-13,3.723601994e-13,2.366826842e-13,1.660059172e-13,1.341838335e-13,1.218027646e-13,1.0988014e-13,7.816531256e-14,1.976541954e-13,8.271649985e-14,2.953779534e-13,7.103344029e-13,1.604982091e-13,1.332370769e-12,5.913183383e-14,1.81898831e-13,8.369119977e-14
65.34375,4.829243736e-13,9.993460112e-14,6.724339472e-13,9.267164708e-14,3.500683025e-13,2.50794379e-13,6.04165608e-14,9.01698069e-14,1.34980143e-13,2.819129537e-13,2.262548872e-13,2.757339367e-13,2.372427753e-13,4.843230017e-13,2.906335884e-13,3.986515195e-13,3.758496322e-13,2.370377719e-13,1.690237883e-13,1.348331048e-13,1.230888577e-13,1.114343194e-13,7.906671277e-14,1.983641483e-13,8.362343211e-14,2.993767561e-13,7.210724887e-13,1.626404988e-13,1.34236481e-12,5.920789587e-14,1.85241654e-13,8.502910828e-14
65.3515625,4.852726816e-13,9.941728694e-14,6.840208741e-13,9.216804608e-14,3.575907722e-13,2.513523386e-13,6.058947785e-14,8.975588202e-14,1.356989012e-13,2.842666413e-13,2.322760818e-13,2.814303465e-13,2.409505846e-13,4.934890352e-13,2.932052148e-13,4.004778564e-13,3.795555054e-13,2.374765581e-13,1.720860481e-13,1.355512575e-13,1.243470153e-13,1.129671009e-13,7.994047422e-14,1.989896694e-13,8.456666337e-14,3.033552785e-13,7.317843678e-13,1.647232393e-13,1.351887996e-12,5.92841953e-14,1.886370817e-13,8.632496165e-14
65.359375,4.870453305e-13,9.901415147e-14,6.953236465e-13,9.19300137e-14,3.649859184e-13,2.516576753e-13,6.069886606e-14,8.935375909e-14,1.363319488e-13,2.865132962e-13,2.383645336e-13,2.870561285e-13,2.448222396e-13,5.024590268e-13,2.958125844e-13,4.023254626e-13,3.831525434e-13,2.379142158e-13,1.750975599e-13,1.364729544e-13,1.25564385e-13,1.144235813e-13,8.078408914e-14,1.994661002e-13,8.550093906e-14,3.073100999e-13,7.423812584e-13,1.667019148e-13,1.360869689e-12,5.936719899e-14,1.91909556e-13,8.760387785e-14
65.3671875,4.886443138e-13,9.86276792e-14,7.062152492e-13,9.194728592e-14,3.721218755e-13,2.51911115e-13,6.080565393e-14,8.89650386e-14,1.369332497e-13,2.88572678e-13,2.444014618e-13,2.926132505e-13,2.486783852e-13,5.112207603e-13,2.985069314e-13,4.042360063e-13,3.866917929e-13,2.383960601e-13,1.78027962e-13,1.374687672e-13,1.267458125e-13,1.158075846e-13,8.164634619e-14,1.998383537e-13,8.643387489e-14,3.1127208e-13,7.527778437e-13,1.686642726e-13,1.369389682e-12,5.945947506e-14,1.951338765e-13,8.891664326e-14
65.375,4.903910239e-13,9.832972037e-14,7.170822161e-13,9.206748854e-14,3.794044336e-13,2.522380893e-13,6.09508014e-14,8.859222847e-14,1.375520132e-13,2.905427854e-13,2.505134605e-13,2.982518476e-13,2.5257651e-13,5.202107446e-13,3.014998487e-13,4.063838571e-13,3.904966644e-13,2.391400319e-13,1.81029787e-13,1.383733965e-13,1.279242699e-13,1.172014353e-13,8.250545123e-14,2.002185463e-13,8.739753596e-14,3.151666524e-13,7.632117446e-13,1.707159574e-13,1.377678347e-12,5.956302156e-14,1.985099854e-13,9.022230751e-14
65.3828125,4.921618116e-13,9.83306103e-14,7.279124915e-13,9.236258027e-14,3.868279331e-13,2.525509265e-13,6.107026584e-14,8.824132028e-14,1.381286931e-13,2.925026222e-13,2.567661374e-13,3.039023076e-13,2.56542613e-13,5.29173405e-13,3.046360958e-13,4.086271613e-13,3.943665763e-13,2.40079279e-13,1.840332168e-13,1.393256645e-13,1.290830018e-13,1.185872687e-13,8.331032044e-14,2.006156482e-13,8.831797494e-14,3.189319794e-13,7.735196206e-13,1.728057974e-13,1.38540625e-12,5.969337643e-14,2.019216109e-13,9.148830312e-14
65.390625,4.937324527e-13,9.854526091e-14,7.384405824e-13,9.299199896e-14,3.939366692e-13,2.528505396e-13,6.112038112e-14,8.790338157e-14,1.386274341e-13,2.943881646e-13,2.630411136e-13,3.094628523e-13,2.605040163e-13,5.377691655e-13,3.077961534e-13,4.109122163e-13,3.982120314e-13,2.410784595e-13,1.869180448e-13,1.404011385e-13,1.301986633e-13,1.19884275e-13,8.408427778e-14,2.009168379e-13,8.917483144e-14,3.22644666e-13,7.83428901e-13,1.748251248e-13,1.392246806e-12,5.985747626e-14,2.052458813e-13,9.272555601e-14
65.3984375,4.94991069e-13,9.88196394e-14,7.48648731e-13,9.389805436e-14,4.008752944e-13,2.531544359e-13,6.11241121e-14,8.756637591e-14,1.391249737e-13,2.962028848e-13,2.693286103e-13,3.150240701e-13,2.645225007e-13,5.463125151e-13,3.11111993e-13,4.134065969e-13,4.022690924e-13,2.421786962e-13,1.897831279e-13,1.415466373e-13,1.312730305e-13,1.211334889e-13,8.485583414e-14,2.011270845e-13,9.005338012e-14,3.263496555e-13,7.932778501e-13,1.768650712e-13,1.398328966e-12,6.002902709e-14,2.085688648e-13,9.390875207e-14
65.40625,4.959550319e-13,9.913765342e-14,7.583701854e-13,9.491515846e-14,4.077792774e-13,2.532957043e-13,6.110668018e-14,8.725140635e-14,1.396257483e-13,2.979532848e-13,2.755317281e-13,3.205079956e-13,2.685628811e-13,5.547612222e-13,3.144467844e-13,4.159562617e-13,4.06342601e-13,2.432642947e-13,1.925755784e-13,1.428030379e-13,1.322360272e-13,1.22354651e-13,8.562661567e-14,2.013289424e-13,9.095605209e-14,3.30003863e-13,8.031312119e-13,1.789412149e-13,1.403666239e-12,6.018959541e-14,2.118633253e-13,9.505166184e-14
65.4140625,4.967788654e-13,9.945557363e-14,7.677014603e-13,9.60113428e-14,4.143359573e-13,2.532676819e-13,6.109654332e-14,8.69604103e-14,1.400138226e-13,2.995488228e-13,2.815616365e-13,3.258101427e-13,2.7253821e-13,5.628530499e-13,3.177393354e-13,4.183970929e-13,4.103204038e-13,2.442859861e-13,1.952105306e-13,1.440947906e-13,1.330840988e-13,1.234624094e-13,8.639956834e-14,2.014345838e-13,9.183736068e-14,3.336213136e-13,8.126305562e-13,1.808613541e-13,1.408314276e-12,6.036224078e-14,2.150589212e-13,9.621268624e-14
65.421875,4.975160974e-13,9.989337695e-14,7.770583928e-13,9.730652878e-14,4.207056731e-13,2.532463537e-13,6.107516541e-14,8.66760911e-14,1.402915409e-13,3.010522903e-13,2.876598291e-13,3.311043306e-13,2.765629644e-13,5.707847565e-13,3.211728285e-13,4.208295159e-13,4.143774213e-13,2.453824386e-13,1.978426814e-13,1.453021811e-13,1.339712793e-13,1.244765969e-13,8.714345447e-14,2.013843813e-13,9.26789823e-14,3.371960388e-13,8.218642994e-13,1.827201047e-13,1.412430951e-12,6.055211235e-14,2.181610327e-13,9.736856429e-14
65.4296875,4.980043827e-13,1.006243407e-13,7.860212257e-13,9.889994446e-14,4.270658478e-13,2.531239747e-13,6.097685133e-14,8.64415952e-14,1.405683906e-13,3.025931811e-13,2.938594212e-13,3.36372439e-13,2.806197117e-13,5.783734876e-13,3.245137312e-13,4.231352177e-13,4.181889927e-13,2.463938743e-13,2.004177048e-13,1.465708859e-13,1.348852723e-13,1.254553348e-13,8.783254931e-14,2.013192991e-13,9.343917049e-14,3.406237915e-13,8.307463028e-13,1.847360974e-13,1.415666347e-12,6.071621501e-14,2.2107044e-13,9.848387489e-14
65.4375,4.9824708e-13,1.014747623e-13,7.941046863e-13,1.007514618e-13,4.33058248e-13,2.528012571e-13,6.084293974e-14,8.628326174e-14,1.408474883e-13,3.040766796e-13,2.998695615e-13,3.414286773e-13,2.845940492e-13,5.853775988e-13,3.276283175e-13,4.253102066e-13,4.216760247e-13,2.47253177e-13,2.027781175e-13,1.48018052e-13,1.356509853e-13,1.263539198e-13,8.848509763e-14,2.012704123e-13,9.415811683e-14,3.438983881e-13,8.389553991e-13,1.867266155e-13,1.41801259e-12,6.08441206e-14,2.238180104e-13,9.957584206e-14
65.4453125,4.984936265e-13,1.022857819e-13,8.01962189e-13,1.028185922e-13,4.388229029e-13,2.525508993e-13,6.075658699e-14,8.612172543e-14,1.410920887e-13,3.054195744e-13,3.057518719e-13,3.464475152e-13,2.886193216e-13,5.924318175e-13,3.309676288e-13,4.27746755e-13,4.254563109e-13,2.483184812e-13,2.051088187e-13,1.495071257e-13,1.363116256e-13,1.27205954e-13,8.90825114e-14,2.011278571e-13,9.492984366e-14,3.471201384e-13,8.470125623e-13,1.885432959e-13,1.420319435e-12,6.098241774e-14,2.26679339e-13,1.006061089e-13
65.453125,4.987030237e-13,1.031770551e-13,8.098259942e-13,1.051270372e-13,4.446681808e-13,2.523689741e-13,6.064426902e-14,8.58992653e-14,1.412955369e-13,3.066947761e-13,3.116652709e-13,3.515186507e-13,2.926498173e-13,5.996734768e-13,3.345367051e-13,4.30436214e-13,4.294462752e-13,2.495291278e-13,2.074287358e-13,1.509823481e-13,1.369820515e-13,1.280698439e-13,8.958503323e-14,2.009126812e-13,9.567674043e-14,3.502718279e-13,8.552615304e-13,1.903277213e-13,1.422454933e-12,6.114737999e-14,2.296544259e-13,1.01536371e-13
65.4609375,4.985513905e-13,1.041685133e-13,8.169710317e-13,1.076071262e-13,4.501435442e-13,2.518643827e-13,6.041860926e-14,8.567401061e-14,1.414086644e-13,3.078874823e-13,3.174643501e-13,3.563691558e-13,2.964317933e-13,6.062998575e-13,3.378897915e-13,4.330431292e-13,4.330321168e-13,2.505075123e-13,2.094743381e-13,1.525711154e-13,1.375855436e-13,1.288417607e-13,9.001466964e-14,2.006816076e-13,9.629332079e-14,3.532626534e-13,8.629962664e-13,1.920315139e-13,1.42334603e-12,6.130908614e-14,2.324780277e-13,1.024170241e-13
65.46875,4.981214493e-13,1.052049991e-13,8.235174617e-13,1.101886913e-13,4.551689912e-13,2.511181223e-13,6.014131517e-14,8.551618028e-14,1.414660569e-13,3.089696906e-13,3.231826733e-13,3.610367388e-13,3.001159698e-13,6.123453465e-13,3.411053495e-13,4.356108782e-13,4.364054086e-13,2.514502004e-13,2.113625763e-13,1.543035856e-13,1.380878203e-13,1.295014282e-13,9.041050463e-14,2.004099788e-13,9.685945411e-14,3.561005064e-13,8.700570487e-13,1.936137239e-13,1.423256942e-12,6.146218209e-14,2.351818782e-13,1.032634254e-13
65.4765625,4.977704066e-13,1.063341729e-13,8.300296929e-13,1.130051043e-13,4.602057656e-13,2.505068753e-13,5.98584427e-14,8.540364199e-14,1.415472191e-13,3.099741537e-13,3.289860573e-13,3.657286379e-13,3.038805454e-13,6.183456491e-13,3.444495713e-13,4.382835369e-13,4.399941686e-13,2.526241095e-13,2.133124198e-13,1.560309923e-13,1.385394025e-13,1.301590663e-13,9.077746665e-14,2.000982235e-13,9.743575215e-14,3.588265212e-13,8.76958629e-13,1.952736827e-13,1.42300093e-12,6.162278402e-14,2.379345132e-13,1.040420324e-13
65.484375,4.974400038e-13,1.075764979e-13,8.361047059e-13,1.161847922e-13,4.649211453e-13,2.499266526e-13,5.954512752e-14,8.525436578e-14,1.4151778e-13,3.108093364e-13,3.347439685e-13,3.702352301e-13,3.075169538e-13,6.239647761e-13,3.479313575e-13,4.411177735e-13,4.437105771e-13,2.538164724e-13,2.15158832e-13,1.576622421e-13,1.388788517e-13,1.30743251e-13,9.109944751e-14,1.99729342e-13,9.796715276e-14,3.614073489e-13,8.835484282e-13,1.969386806e-13,1.422121027e-12,6.177691275e-14,2.406152177e-13,1.047597887e-13
65.4921875,4.970334753e-13,1.089517269e-13,8.413487403e-13,1.196402514e-13,4.689613925e-13,2.491983926e-13,5.922418776e-14,8.505508428e-14,1.412915759e-13,3.114561347e-13,3.40286898e-13,3.74400474e-13,3.109760997e-13,6.289151798e-13,3.515106063e-13,4.441863181e-13,4.473812023e-13,2.549062946e-13,2.1681424e-13,1.593222615e-13,1.390697651e-13,1.311781527e-13,9.135420144e-14,1.992601749e-13,9.844699438e-14,3.638152363e-13,8.895509578e-13,1.984371529e-13,1.42016978e-12,6.190139227e-14,2.431116582e-13,1.054175326e-13
65.5,4.967997346e-13,1.104655601e-13,8.460627628e-13,1.232074624e-13,4.728251462e-13,2.484836568e-13,5.890241937e-14,8.489950034e-14,1.410761531e-13,3.12082539e-13,3.455892528e-13,3.784256416e-13,3.143495e-13,6.33521779e-13,3.549919155e-13,4.472841076e-13,4.509005245e-13,2.559661259e-13,2.184059165e-13,1.611268407e-13,1.391776049e-13,1.315953218e-13,9.153599369e-14,1.987220921e-13,9.888836497e-14,3.661136742e-13,8.950974027e-13,1.999389167e-13,1.41745406e-12,6.200840416e-14,2.45568278e-13,1.060206843e-13
65.5078125,4.965297825e-13,1.120715402e-13,8.503861464e-13,1.26871876e-13,4.766094999e-13,2.477290174e-13,5.852609761e-14,8.484267106e-14,1.409106688e-13,3.126628556e-13,3.507113853e-13,3.823780715e-13,3.175687497e-13,6.37811862e-13,3.582842455e-13,4.502395151e-13,4.542428067e-13,2.569730439e-13,2.199076042e-13,1.629987025e-13,1.392091026e-13,1.319884868e-13,9.163348276e-14,1.981317185e-13,9.92664116e-14,3.683242844e-13,9.001424538e-13,2.014444234e-13,1.413990466e-12,6.212579837e-14,2.480259347e-13,1.06598535e-13
65.515625,4.956380275e-13,1.137776495e-13,8.542785705e-13,1.308180215e-13,4.799378553e-13,2.466648676e-13,5.80965298e-14,8.482795914e-14,1.405730279e-13,3.130538845e-13,3.558191579e-13,3.861545825e-13,3.207506638e-13,6.416565755e-13,3.616650347e-13,4.53292525e-13,4.575256511e-13,2.579687147e-13,2.212544272e-13,1.648628749e-13,1.391342015e-13,1.322042972e-13,9.162107651e-14,1.974589759e-13,9.960136778e-14,3.703150139e-13,9.047447553e-13,2.027137431e-13,1.409813812e-12,6.225906009e-14,2.503466358e-13,1.071121354e-13
65.5234375,4.943106855e-13,1.154758063e-13,8.577868543e-13,1.351215129e-13,4.829190429e-13,2.454080595e-13,5.765296131e-14,8.480659152e-14,1.400696289e-13,3.133351884e-13,3.608571477e-13,3.897179248e-13,3.239768714e-13,6.451557998e-13,3.651811984e-13,4.565515293e-13,4.607505228e-13,2.589910917e-13,2.224729751e-13,1.667290475e-13,1.389443749e-13,1.322923145e-13,9.153764873e-14,1.967250387e-13,9.992136782e-14,3.720359119e-13,9.091484435e-13,2.038410144e-13,1.405071026e-12,6.239718403e-14,2.525419795e-13,1.075372805e-13
65.53125,4.930599254e-13,1.170253518e-13,8.607421521e-13,1.396101859e-13,4.855778764e-13,2.442435846e-13,5.719641789e-14,8.478578039e-14,1.395485342e-13,3.135500686e-13,3.655547823e-13,3.93053371e-13,3.269632783e-13,6.482266454e-13,3.686455175e-13,4.598859834e-13,4.638907351e-13,2.599633319e-13,2.235336299e-13,1.685818365e-13,1.38645169e-13,1.323451927e-13,9.14498865e-14,1.959488198e-13,1.00199986e-13,3.736483679e-13,9.13202302e-13,2.049878212e-13,1.399322858e-12,6.252849093e-14,2.546894631e-13,1.079355901e-13
65.5390625,4.917118829e-13,1.186392339e-13,8.630053051e-13,1.442790135e-13,4.877121653e-13,2.431140453e-13,5.674038454e-14,8.47599032e-14,1.389875981e-13,3.135803207e-13,3.699373884e-13,3.962155078e-13,3.296767141e-13,6.507836837e-13,3.720845935e-13,4.632012341e-13,4.669142996e-13,2.608973051e-13,2.244080794e-13,1.704463739e-13,1.382938333e-13,1.323085131e-13,9.133962327e-14,1.951382739e-13,1.004220362e-13,3.751869142e-13,9.167184914e-13,2.06054377e-13,1.392545121e-12,6.263848226e-14,2.567096374e-13,1.082766704e-13
65.546875,4.900690635e-13,1.204522231e-13,8.646917377e-13,1.492434403e-13,4.895811878e-13,2.418102079e-13,5.630305315e-14,8.471865539e-14,1.383531029e-13,3.13463628e-13,3.741041097e-13,3.992439886e-13,3.323433955e-13,6.529489785e-13,3.754249022e-13,4.66294957e-13,4.69532638e-13,2.617857277e-13,2.251252317e-13,1.723865789e-13,1.378853302e-13,1.321776451e-13,9.117247198e-14,1.94318904e-13,1.006036937e-13,3.765028211e-13,9.197345451e-13,2.070195761e-13,1.385429371e-12,6.272669322e-14,2.585717149e-13,1.084915119e-13
65.5546875,4.884537004e-13,1.222655547e-13,8.658285246e-13,1.543234056e-13,4.91286691e-13,2.403296109e-13,5.584418919e-14,8.468250604e-14,1.376624863e-13,3.133191628e-13,3.779296126e-13,4.020360075e-13,3.348783427e-13,6.546881268e-13,3.786163421e-13,4.6924511e-13,4.717568826e-13,2.62575657e-13,2.257070505e-13,1.743947995e-13,1.373416883e-13,1.319854857e-13,9.096449712e-14,1.934306319e-13,1.007546256e-13,3.776698042e-13,9.222224079e-13,2.079556914e-13,1.377914696e-12,6.282465826e-14,2.604109528e-13,1.08665841e-13
65.5625,4.870381064e-13,1.241880307e-13,8.663414377e-13,1.594204964e-13,4.924252664e-13,2.388153084e-13,5.532406546e-14,8.467819369e-14,1.369023751e-13,3.13120838e-13,3.81491401e-13,4.045915076e-13,3.372314482e-13,6.559460482e-13,3.81944474e-13,4.725090901e-13,4.740811619e-13,2.633901324e-13,2.2618856e-13,1.764646203e-13,1.36734764e-13,1.316917679e-13,9.070999973e-14,1.924328875e-13,1.008700802e-13,3.788838354e-13,9.2435371e-13,2.088678753e-13,1.369552404e-12,6.295726218e-14,2.622771399e-13,1.088671644e-13
65.5703125,4.855916154e-13,1.263584067e-13,8.66175603e-13,1.64729107e-13,4.929309928e-13,2.372654177e-13,5.476618166e-14,8.472495532e-14,1.360894601e-13,3.128083861e-13,3.849556071e-13,4.069730277e-13,3.395341751e-13,6.567187237e-13,3.853698866e-13,4.760474665e-13,4.765355614e-13,2.642057194e-13,2.265605169e-13,1.78615041e-13,1.361312279e-13,1.312879464e-13,9.039494971e-14,1.914315743e-13,1.009396426e-13,3.800253008e-13,9.262698766e-13,2.097499878e-13,1.360447746e-12,6.310137704e-14,2.640445092e-13,1.090315999e-13
65.578125,4.838440892e-13,1.284070619e-13,8.654298127e-13,1.702376913e-13,4.930692896e-13,2.355596329e-13,5.421285424e-14,8.48202108e-14,1.352185752e-13,3.123711664e-13,3.882307407e-13,4.090975305e-13,3.417032208e-13,6.568709435e-13,3.885986831e-13,4.795792854e-13,4.788401924e-13,2.648174078e-13,2.267708728e-13,1.808355501e-13,1.353786555e-13,1.308033363e-13,9.00398612e-14,1.904515752e-13,1.009856465e-13,3.808648541e-13,9.276535923e-13,2.105000524e-13,1.350709201e-12,6.321941739e-14,2.656527856e-13,1.09134644e-13
65.5859375,4.817752828e-13,1.302653388e-13,8.645414706e-13,1.758722536e-13,4.930152585e-13,2.338044364e-13,5.367127184e-14,8.492002092e-14,1.342744744e-13,3.11851073e-13,3.913764038e-13,4.110381801e-13,3.437300846e-13,6.565853563e-13,3.918037341e-13,4.832695465e-13,4.811431565e-13,2.654351583e-13,2.268705974e-13,1.831324171e-13,1.344509174e-13,1.302681459e-13,8.965196437e-14,1.89412499e-13,1.010418486e-13,3.814435268e-13,9.285061191e-13,2.110702446e-13,1.340619074e-12,6.330951104e-14,2.67241079e-13,1.091743614e-13
65.59375,4.796515204e-13,1.322926063e-13,8.635879939e-13,1.817345785e-13,4.928852771e-13,2.321461949e-13,5.311258296e-14,8.499555429e-14,1.333174634e-13,3.113081283e-13,3.945316168e-13,4.129358658e-13,3.457269212e-13,6.561594448e-13,3.950592188e-13,4.870149524e-13,4.833916716e-13,2.662995487e-13,2.268905297e-13,1.854516436e-13,1.335302267e-13,1.29715988e-13,8.922524628e-14,1.883403323e-13,1.0106882e-13,3.818775648e-13,9.292037511e-13,2.116138969e-13,1.330535567e-12,6.339186816e-14,2.688769354e-13,1.091224956e-13
65.6015625,4.776021943e-13,1.344245367e-13,8.619490342e-13,1.877445762e-13,4.924956986e-13,2.303563067e-13,5.251695082e-14,8.508097596e-14,1.323155174e-13,3.106680906e-13,3.974736453e-13,4.145971584e-13,3.475348262e-13,6.552850949e-13,3.980833154e-13,4.904866078e-13,4.852056935e-13,2.670890797e-13,2.267333251e-13,1.877255995e-13,1.326110776e-13,1.290846656e-13,8.875123706e-14,1.872491114e-13,1.010194483e-13,3.821554841e-13,9.295760099e-13,2.121107627e-13,1.319896195e-12,6.347100516e-14,2.703845206e-13,1.090272482e-13
65.609375,4.755344604e-13,1.365712177e-13,8.595957639e-13,1.939222422e-13,4.916585019e-13,2.28332653e-13,5.190582959e-14,8.521611052e-14,1.312064828e-13,3.098499283e-13,4.00130934e-13,4.159803929e-13,3.491783831e-13,6.538476452e-13,4.010741366e-13,4.940492804e-13,4.867915623e-13,2.67706697e-13,2.26456175e-13,1.901485457e-13,1.315999284e-13,1.283357087e-13,8.819899589e-14,1.86094391e-13,1.009457704e-13,3.822911085e-13,9.294152859e-13,2.124797227e-13,1.308375833e-12,6.35401555e-14,2.717370639e-13,1.089290052e-13
65.6171875,4.735596629e-13,1.389967733e-13,8.571475104e-13,2.005842938e-13,4.906975902e-13,2.264273377e-13,5.130181137e-14,8.541144482e-14,1.301229613e-13,3.089797773e-13,4.027554753e-13,4.173738561e-13,3.509460808e-13,6.523249709e-13,4.043439006e-13,4.980049006e-13,4.884793187e-13,2.685337265e-13,2.262333848e-13,1.929081261e-13,1.305649945e-13,1.276035466e-13,8.757127741e-14,1.849254113e-13,1.008955569e-13,3.823573848e-13,9.290041065e-13,2.129543436e-13,1.296678648e-12,6.360312069e-14,2.731496201e-13,1.087914859e-13
65.625,4.716401725e-13,1.415760672e-13,8.543309474e-13,2.075910814e-13,4.89601404e-13,2.246261329e-13,5.069108961e-14,8.566686935e-14,1.290790961e-13,3.081141772e-13,4.052075971e-13,4.186325118e-13,3.526511415e-13,6.505072022e-13,4.075633834e-13,5.01892022e-13,4.899022523e-13,2.694526972e-13,2.259407401e-13,1.957353843e-13,1.29497621e-13,1.268844687e-13,8.69183496e-14,1.837190508e-13,1.008234264e-13,3.823542168e-13,9.28258465e-13,2.135424282e-13,1.284596178e-12,6.366291116e-14,2.745458574e-13,1.086401655e-13
65.6328125,4.693499862e-13,1.439912662e-13,8.505415285e-13,2.144933926e-13,4.878103047e-13,2.224993706e-13,5.006198362e-14,8.595410645e-14,1.278706481e-13,3.070949363e-13,4.07182165e-13,4.194340282e-13,3.540319567e-13,6.47859861e-13,4.104831733e-13,5.055239226e-13,4.908254275e-13,2.700949873e-13,2.253537346e-13,1.983267482e-13,1.282939885e-13,1.259821626e-13,8.626554442e-14,1.823599559e-13,1.007065395e-13,3.822080939e-13,9.268591336e-13,2.138982751e-13,1.271322704e-12,6.370098791e-14,2.757119929e-13,1.085129365e-13
65.640625,4.667878539e-13,1.464310571e-13,8.461925447e-13,2.213652224e-13,4.855201772e-13,2.201487136e-13,4.944050865e-14,8.624503426e-14,1.265558858e-13,3.05902028e-13,4.088378478e-13,4.200441597e-13,3.553838955e-13,6.448679727e-13,4.133955983e-13,5.093187747e-13,4.917079077e-13,2.707335514e-13,2.246027524e-13,2.008566234e-13,1.27014912e-13,1.2494147e-13,8.560820866e-14,1.809483846e-13,1.005993126e-13,3.818862831e-13,9.250965059e-13,2.14091387e-13,1.257499409e-12,6.369436688e-14,2.768643232e-13,1.083594804e-13
65.6484375,4.645134349e-13,1.490978878e-13,8.417160315e-13,2.284344138e-13,4.833295063e-13,2.179079597e-13,4.884838648e-14,8.656292713e-14,1.253234179e-13,3.046520771e-13,4.103373446e-13,4.207201355e-13,3.5686416e-13,6.419692945e-13,4.164734774e-13,5.134941772e-13,4.927912391e-13,2.716409313e-13,2.238726311e-13,2.035967449e-13,1.257446167e-13,1.239317748e-13,8.491685151e-14,1.796415368e-13,1.005302191e-13,3.814927493e-13,9.232901564e-13,2.14352069e-13,1.243910106e-12,6.365671258e-14,2.782086058e-13,1.081739511e-13
65.65625,4.624659827e-13,1.518552523e-13,8.368401433e-13,2.355850963e-13,4.809693434e-13,2.156072164e-13,4.826446142e-14,8.690313512e-14,1.240574054e-13,3.032935544e-13,4.115224261e-13,4.212273502e-13,3.58234646e-13,6.386790427e-13,4.196083901e-13,5.179494514e-13,4.937598179e-13,2.725069879e-13,2.230609391e-13,2.064926904e-13,1.24430865e-13,1.228731084e-13,8.415647358e-14,1.783391253e-13,1.004719396e-13,3.811652205e-13,9.212211633e-13,2.144730899e-13,1.230119716e-12,6.363329059e-14,2.795339193e-13,1.08000698e-13
65.6640625,4.603149917e-13,1.546514863e-13,8.315484212e-13,2.427648813e-13,4.781030958e-13,2.131525659e-13,4.767849008e-14,8.720444533e-14,1.226519836e-13,3.01735317e-13,4.123714722e-13,4.214775927e-13,3.594844802e-13,6.349033463e-13,4.227948947e-13,5.225968745e-13,4.945598155e-13,2.732122939e-13,2.22121468e-13,2.093791994e-13,1.230526706e-13,1.216947995e-13,8.337292098e-14,1.768928625e-13,1.004129612e-13,3.808250622e-13,9.187451449e-13,2.143929038e-13,1.215905128e-12,6.362824463e-14,2.807644946e-13,1.078138792e-13
65.671875,4.581742657e-13,1.575503543e-13,8.260368864e-13,2.501416632e-13,4.750426599e-13,2.108110077e-13,4.712299244e-14,8.748636699e-14,1.212315169e-13,3.000600803e-13,4.130444295e-13,4.21624056e-13,3.607297149e-13,6.310483642e-13,4.26089653e-13,5.274127712e-13,4.955294751e-13,2.740252593e-13,2.21177928e-13,2.12242802e-13,1.216493671e-13,1.205030947e-13,8.262389146e-14,1.753230943e-13,1.003663205e-13,3.802749413e-13,9.16000313e-13,2.143928568e-13,1.201517491e-12,6.359315199e-14,2.820419827e-13,1.075912228e-13
65.6796875,4.561213912e-13,1.605328964e-13,8.201823413e-13,2.577649571e-13,4.718754194e-13,2.085479912e-13,4.660379385e-14,8.783496427e-14,1.198292161e-13,2.98411243e-13,4.13582431e-13,4.216639884e-13,3.619145151e-13,6.269974175e-13,4.294323997e-13,5.323802074e-13,4.966581339e-13,2.749729473e-13,2.202128302e-13,2.150950325e-13,1.202183372e-13,1.192957871e-13,8.185998544e-14,1.73733501e-13,1.003366569e-13,3.795477664e-13,9.130102743e-13,2.144728196e-13,1.186779586e-12,6.35319145e-14,2.833404876e-13,1.073569226e-13
65.6875,4.540589787e-13,1.635451542e-13,8.140329785e-13,2.654409608e-13,4.684744684e-13,2.06163677e-13,4.609942976e-14,8.82492601e-14,1.183919451e-13,2.968618876e-13,4.139181203e-13,4.215999487e-13,3.630390904e-13,6.226021007e-13,4.327956601e-13,5.374887149e-13,4.976484773e-13,2.75947497e-13,2.191901095e-13,2.178380238e-13,1.187528962e-13,1.18003182e-13,8.104768212e-14,1.72201997e-13,1.003351752e-13,3.788044275e-13,9.097593186e-13,2.145088169e-13,1.171590515e-12,6.350947556e-14,2.846884691e-13,1.071049044e-13
65.6953125,4.52029595e-13,1.665193148e-13,8.077548799e-13,2.730246166e-13,4.649575725e-13,2.037350032e-13,4.561923334e-14,8.867946127e-14,1.169378162e-13,2.953740253e-13,4.139616927e-13,4.214767294e-13,3.641266031e-13,6.180255912e-13,4.362628484e-13,5.427785581e-13,4.984837176e-13,2.769806361e-13,2.182023289e-13,2.204932344e-13,1.172668228e-13,1.166636195e-13,8.022499561e-14,1.706944638e-13,1.003581016e-13,3.780172213e-13,9.063444784e-13,2.145638788e-13,1.156172798e-12,6.352793406e-14,2.861862866e-13,1.068340067e-13
65.703125,4.499676911e-13,1.694277053e-13,8.011280271e-13,2.806716912e-13,4.6114714e-13,2.012633439e-13,4.514938196e-14,8.912198917e-14,1.154486387e-13,2.938370495e-13,4.136736702e-13,4.211795798e-13,3.650778374e-13,6.130853293e-13,4.397412001e-13,5.481389438e-13,4.99114203e-13,2.779689114e-13,2.171789943e-13,2.232929567e-13,1.157645424e-13,1.152868574e-13,7.936522605e-14,1.691266807e-13,1.003443307e-13,3.770821614e-13,9.027013939e-13,2.145723506e-13,1.140449556e-12,6.353490215e-14,2.876812769e-13,1.065625276e-13
65.7109375,4.478363742e-13,1.723378831e-13,7.939863621e-13,2.885014042e-13,4.568557802e-13,1.986860139e-13,4.465085972e-14,8.957702309e-14,1.139235816e-13,2.92223431e-13,4.130892037e-13,4.206587279e-13,3.658782648e-13,6.076358838e-13,4.429764608e-13,5.532731398e-13,4.992844289e-13,2.788300208e-13,2.159939123e-13,2.262758761e-13,1.142309982e-13,1.138601761e-13,7.843967404e-14,1.674901718e-13,1.002704057e-13,3.760034348e-13,8.986351984e-13,2.14466206e-13,1.124234217e-12,6.351660044e-14,2.890930035e-13,1.062729717e-13
65.71875,4.45931517e-13,1.753887612e-13,7.864797872e-13,2.963368602e-13,4.525360994e-13,1.961932567e-13,4.415924731e-14,9.00413294e-14,1.124349021e-13,2.906010457e-13,4.122341658e-13,4.200244331e-13,3.666267451e-13,6.019947154e-13,4.460427077e-13,5.58272485e-13,4.991574694e-13,2.798133277e-13,2.147903914e-13,2.292339086e-13,1.126282806e-13,1.124502651e-13,7.75145249e-14,1.657837855e-13,1.002165756e-13,3.748171167e-13,8.942087826e-13,2.144045042e-13,1.107724182e-12,6.34662878e-14,2.905844724e-13,1.05975589e-13
65.7265625,4.442813856e-13,1.787441467e-13,7.786918114e-13,3.040715492e-13,4.483194593e-13,1.937927379e-13,4.371905929e-14,9.053322909e-14,1.109381283e-13,2.889747388e-13,4.112153184e-13,4.192837231e-13,3.673459517e-13,5.961947482e-13,4.492662926e-13,5.635695747e-13,4.991219428e-13,2.810197307e-13,2.136585812e-13,2.321804346e-13,1.109655584e-13,1.110485566e-13,7.661393019e-14,1.640281258e-13,1.002227595e-13,3.735752842e-13,8.89564934e-13,2.143732577e-13,1.091205266e-12,6.337266759e-14,2.921112809e-13,1.057180003e-13
65.734375,4.425386339e-13,1.823251709e-13,7.706720461e-13,3.118415893e-13,4.437378559e-13,1.912705227e-13,4.33028127e-14,9.104540943e-14,1.093445193e-13,2.872718383e-13,4.101630001e-13,4.183920336e-13,3.680193616e-13,5.90034028e-13,4.526867175e-13,5.691871407e-13,4.991306748e-13,2.822029218e-13,2.124484861e-13,2.352567321e-13,1.093125421e-13,1.095704011e-13,7.570051622e-14,1.623421451e-13,1.002363085e-13,3.723372687e-13,8.845821553e-13,2.142390041e-13,1.074511081e-12,6.327029192e-14,2.935495748e-13,1.054660801e-13
65.7421875,4.40762408e-13,1.857646725e-13,7.624702686e-13,3.198275352e-13,4.389235729e-13,1.887844055e-13,4.290939777e-14,9.15433051e-14,1.077187353e-13,2.854475036e-13,4.088899319e-13,4.173832892e-13,3.686571519e-13,5.836914456e-13,4.561193058e-13,5.748904625e-13,4.990086937e-13,2.833238385e-13,2.111625902e-13,2.383209753e-13,1.076546515e-13,1.080487651e-13,7.478991724e-14,1.607502609e-13,1.00243293e-13,3.710602934e-13,8.792346317e-13,2.141538837e-13,1.057261856e-12,6.318531184e-14,2.950365755e-13,1.051573769e-13
65.75,4.392640196e-13,1.889853252e-13,7.539470063e-13,3.279909454e-13,4.341741998e-13,1.864811385e-13,4.255387132e-14,9.201065945e-14,1.06107931e-13,2.835365579e-13,4.071797505e-13,4.162106437e-13,3.691728936e-13,5.771751496e-13,4.594272092e-13,5.806437981e-13,4.986773562e-13,2.844638379e-13,2.09897306e-13,2.412191823e-13,1.059205535e-13,1.065399203e-13,7.389697002e-14,1.591463233e-13,1.002545345e-13,3.69671802e-13,8.737304776e-13,2.14208084e-13,1.039598859e-12,6.309948726e-14,2.966113402e-13,1.048293607e-13
65.7578125,4.379755956e-13,1.923183355e-13,7.450452852e-13,3.359068102e-13,4.290552185e-13,1.840419754e-13,4.218929923e-14,9.245731981e-14,1.044420155e-13,2.816170629e-13,4.052847832e-13,4.147942978e-13,3.694328902e-13,5.701443731e-13,4.625270993e-13,5.864015342e-13,4.97948193e-13,2.854302022e-13,2.08542371e-13,2.441025415e-13,1.041681648e-13,1.049953833e-13,7.299981285e-14,1.575250886e-13,1.002354339e-13,3.681961674e-13,8.680118314e-13,2.141933668e-13,1.021904714e-12,6.300594818e-14,2.981089607e-13,1.045298739e-13
65.765625,4.366876859e-13,1.958390046e-13,7.359643632e-13,3.433929318e-13,4.23582158e-13,1.813902901e-13,4.180779825e-14,9.292574375e-14,1.027362408e-13,2.796931892e-13,4.034314603e-13,4.132548479e-13,3.695758697e-13,5.628048899e-13,4.655304793e-13,5.921613654e-13,4.968954708e-13,2.862278321e-13,2.07074125e-13,2.471214915e-13,1.024912658e-13,1.034094694e-13,7.21099937e-14,1.55920074e-13,1.002031996e-13,3.666993228e-13,8.618984966e-13,2.140362171e-13,1.004094456e-12,6.290355693e-14,2.995737821e-13,1.042288831e-13
65.7734375,4.353055071e-13,1.993065972e-13,7.268779237e-13,3.509305981e-13,4.18536625e-13,1.788597156e-13,4.145782854e-14,9.345323595e-14,1.010857853e-13,2.777074518e-13,4.013955218e-13,4.117835099e-13,3.699460741e-13,5.55739e-13,4.686866331e-13,5.980748105e-13,4.959086863e-13,2.872659437e-13,2.057139637e-13,2.502005694e-13,1.008404049e-13,1.018623611e-13,7.124693661e-14,1.542596378e-13,1.002458136e-13,3.652390313e-13,8.556102696e-13,2.138555554e-13,9.861648794e-13,6.279088106e-14,3.011911404e-13,1.039222296e-13
65.78125,4.338237397e-13,2.027655476e-13,7.178297709e-13,3.587392339e-13,4.138689178e-13,1.765128765e-13,4.113842192e-14,9.40083074e-14,9.949094751e-14,2.75695576e-13,3.990448696e-13,4.103619345e-13,3.705552167e-13,5.489634241e-13,4.720701919e-13,6.04158715e-13,4.951202219e-13,2.886887559e-13,2.045437001e-13,2.532406386e-13,9.914403439e-14,1.003753724e-13,7.04164264e-14,1.524807153e-13,1.003895776e-13,3.638236261e-13,8.494258533e-13,2.137428005e-13,9.684814043e-13,6.269062534e-14,3.029734696e-13,1.036640222e-13
65.7890625,4.324549242e-13,2.065068119e-13,7.087651203e-13,3.665781467e-13,4.088100354e-13,1.74233759e-13,4.085833268e-14,9.454759226e-14,9.788937163e-14,2.73731541e-13,3.965025541e-13,4.088449422e-13,3.710933529e-13,5.421074955e-13,4.756556596e-13,6.104424224e-13,4.944503889e-13,2.902475756e-13,2.03410002e-13,2.562695985e-13,9.743768214e-14,9.888881998e-14,6.963614483e-14,1.505887605e-13,1.005839081e-13,3.623666347e-13,8.431878878e-13,2.137927981e-13,9.508760992e-13,6.260735943e-14,3.048427359e-13,1.034516908e-13
65.796875,4.312985967e-13,2.105268128e-13,6.996195789e-13,3.744622133e-13,4.032962169e-13,1.720192018e-13,4.066131128e-14,9.508971119e-14,9.625938394e-14,2.717942963e-13,3.937576993e-13,4.072213765e-13,3.714988707e-13,5.350843025e-13,4.79387334e-13,6.170240281e-13,4.937824751e-13,2.917589374e-13,2.021989645e-13,2.593078564e-13,9.577264394e-14,9.735112002e-14,6.8889863e-14,1.486470792e-13,1.007919622e-13,3.608223312e-13,8.366115763e-13,2.13939831e-13,9.329539378e-13,6.253273886e-14,3.067954615e-13,1.032291078e-13
65.8046875,4.300948961e-13,2.145651e-13,6.904665699e-13,3.822455473e-13,3.977680693e-13,1.697860034e-13,4.051973449e-14,9.565569046e-14,9.462763015e-14,2.698639341e-13,3.907823335e-13,4.055794352e-13,3.719293144e-13,5.280726303e-13,4.830814784e-13,6.23694426e-13,4.92876972e-13,2.931949336e-13,2.009472145e-13,2.622290771e-13,9.414661786e-14,9.578826173e-14,6.814932077e-14,1.467584328e-13,1.010214362e-13,3.592512313e-13,8.297903162e-13,2.139493824e-13,9.151126464e-13,6.248015182e-14,3.088691911e-13,1.02996826e-13
65.8125,4.288622707e-13,2.185107955e-13,6.812317096e-13,3.895940007e-13,3.923573116e-13,1.675365618e-13,4.039047424e-14,9.621996535e-14,9.303095954e-14,2.679445939e-13,3.876448109e-13,4.038677196e-13,3.723227814e-13,5.211061732e-13,4.866934369e-13,6.302841254e-13,4.917552914e-13,2.946293815e-13,1.997482681e-13,2.649360714e-13,9.252181854e-14,9.427511385e-14,6.7444777e-14,1.449261924e-13,1.012871932e-13,3.576502671e-13,8.230279463e-13,2.138416929e-13,8.977418713e-13,6.242088609e-14,3.110000841e-13,1.027851686e-13
65.8203125,4.278634445e-13,2.224029757e-13,6.716325253e-13,3.967800107e-13,3.869349822e-13,1.654131285e-13,4.029689241e-14,9.676036391e-14,9.145777824e-14,2.659790378e-13,3.843049309e-13,4.019529033e-13,3.725188308e-13,5.139546914e-13,4.903652343e-13,6.369863091e-13,4.907060346e-13,2.961533143e-13,1.986011357e-13,2.675440053e-13,9.086209012e-14,9.279837355e-14,6.679766659e-14,1.430728384e-13,1.015744893e-13,3.559448044e-13,8.162129065e-13,2.137910645e-13,8.803662636e-13,6.231631303e-14,3.130402351e-13,1.025719885e-13
65.828125,4.26848893e-13,2.263346617e-13,6.618474316e-13,4.039973347e-13,3.813708225e-13,1.633215471e-13,4.024292544e-14,9.728947423e-14,8.988113849e-14,2.639787955e-13,3.808043699e-13,3.999240934e-13,3.725976068e-13,5.065914744e-13,4.940595834e-13,6.437997251e-13,4.896959305e-13,2.976993832e-13,1.974426249e-13,2.701910894e-13,8.920500331e-14,9.12821201e-14,6.618920732e-14,1.412049692e-13,1.01871879e-13,3.541555239e-13,8.089920943e-13,2.13769682e-13,8.626769538e-13,6.22186324e-14,3.150454717e-13,1.023426076e-13
65.8359375,4.256083243e-13,2.304694324e-13,6.523209936e-13,4.108808001e-13,3.757283485e-13,1.611640759e-13,4.019756365e-14,9.782108471e-14,8.83363328e-14,2.620435618e-13,3.773263503e-13,3.979997823e-13,3.727722176e-13,4.99392632e-13,4.976471367e-13,6.504974858e-13,4.885646297e-13,2.992162116e-13,1.963448967e-13,2.728716691e-13,8.762043421e-14,8.976219852e-14,6.563037641e-14,1.393514953e-13,1.022017423e-13,3.523877906e-13,8.015702439e-13,2.137838805e-13,8.451262238e-13,6.216634969e-14,3.172221751e-13,1.021358391e-13
65.84375,4.245927174e-13,2.347448473e-13,6.428062213e-13,4.174407574e-13,3.70156981e-13,1.591014646e-13,4.016403646e-14,9.834547581e-14,8.682401999e-14,2.601276869e-13,3.737517419e-13,3.961018919e-13,3.730580568e-13,4.923818772e-13,5.011244325e-13,6.570860898e-13,4.873766935e-13,3.00773298e-13,1.953826326e-13,2.755383518e-13,8.606362674e-14,8.829625919e-14,6.512294415e-14,1.374736928e-13,1.025637774e-13,3.506933753e-13,7.943059831e-13,2.139023334e-13,8.279023858e-13,6.209610552e-14,3.194866535e-13,1.019592918e-13
65.8515625,4.239399789e-13,2.388670919e-13,6.328256797e-13,4.239104316e-13,3.645046262e-13,1.57124014e-13,4.016656654e-14,9.886601806e-14,8.524891509e-14,2.581058124e-13,3.698264931e-13,3.939464618e-13,3.732554955e-13,4.850269681e-13,5.044975426e-13,6.636373397e-13,4.860755873e-13,3.0227273e-13,1.944040899e-13,2.781982168e-13,8.443548049e-14,8.680990187e-14,6.462673665e-14,1.35540153e-13,1.029285886e-13,3.490076067e-13,7.86896487e-13,2.139387271e-13,8.105564391e-13,6.196689262e-14,3.215933459e-13,1.01779958e-13
65.859375,4.231674819e-13,2.428821416e-13,6.226766479e-13,4.30285311e-13,3.586433782e-13,1.550838328e-13,4.022337348e-14,9.942515136e-14,8.361311798e-14,2.56027418e-13,3.657125837e-13,3.915807164e-13,3.733251353e-13,4.772713536e-13,5.078338417e-13,6.701590289e-13,4.845553754e-13,3.036061566e-13,1.933108614e-13,2.809462995e-13,8.277106207e-14,8.52710282e-14,6.41426248e-14,1.335713871e-13,1.033042594e-13,3.472554056e-13,7.791156459e-13,2.137534723e-13,7.929584919e-13,6.181697572e-14,3.235967322e-13,1.016004889e-13
65.8671875,4.221490902e-13,2.470175136e-13,6.129013152e-13,4.36734486e-13,3.529267947e-13,1.530740022e-13,4.032823139e-14,1.000369472e-13,8.205866708e-14,2.540213069e-13,3.61678144e-13,3.893542031e-13,3.734988657e-13,4.697427207e-13,5.112899197e-13,6.76760752e-13,4.830031315e-13,3.049790179e-13,1.922652746e-13,2.838307504e-13,8.118404499e-14,8.377459765e-14,6.370319481e-14,1.316418542e-13,1.037222474e-13,3.454952693e-13,7.713999351e-13,2.135369927e-13,7.755725252e-13,6.169330994e-14,3.257065682e-13,1.014332681e-13
65.875,4.211287329e-13,2.511821224e-13,6.034570266e-13,4.432421914e-13,3.475911066e-13,1.511905591e-13,4.044911176e-14,1.006501542e-13,8.06253791e-14,2.52084694e-13,3.576348042e-13,3.873553684e-13,3.738673608e-13,4.627334901e-13,5.149171816e-13,6.835369484e-13,4.816054221e-13,3.065595198e-13,1.913633913e-13,2.866862327e-13,7.968747905e-14,8.2344158e-14,6.33161887e-14,1.297901115e-13,1.041990017e-13,3.438071517e-13,7.639295023e-13,2.134304312e-13,7.586064401e-13,6.160431171e-14,3.27999693e-13,1.012630961e-13
65.8828125,4.202666604e-13,2.554153121e-13,5.940075919e-13,4.494949085e-13,3.423785449e-13,1.494114408e-13,4.059337846e-14,1.012429725e-13,7.921985709e-14,2.501324203e-13,3.534492389e-13,3.853169321e-13,3.742635184e-13,4.559462044e-13,5.186816985e-13,6.904810523e-13,4.803599204e-13,3.082624347e-13,1.905401338e-13,2.894437544e-13,7.820061381e-14,8.093999314e-14,6.300388736e-14,1.278921783e-13,1.047434946e-13,3.421539571e-13,7.563892859e-13,2.134027718e-13,7.417677001e-13,6.151083964e-14,3.304587452e-13,1.011032591e-13
65.890625,4.197121964e-13,2.599662976e-13,5.844002363e-13,4.554967453e-13,3.37165626e-13,1.477631219e-13,4.079332313e-14,1.018642692e-13,7.781628781e-14,2.481495113e-13,3.491490163e-13,3.830594867e-13,3.745878499e-13,4.491226875e-13,5.224719366e-13,6.975103875e-13,4.792269498e-13,3.100486384e-13,1.89801732e-13,2.923127924e-13,7.666772662e-14,7.958586753e-14,6.27890243e-14,1.258395181e-13,1.053379102e-13,3.405210013e-13,7.487256297e-13,2.134384875e-13,7.248796826e-13,6.139787081e-14,3.329599126e-13,1.009872015e-13
65.8984375,4.192405103e-13,2.646136825e-13,5.747151322e-13,4.611442235e-13,3.320585857e-13,1.46143546e-13,4.102610317e-14,1.025320547e-13,7.645428965e-14,2.461886857e-13,3.446989824e-13,3.806980703e-13,3.748643597e-13,4.422737476e-13,5.261020822e-13,7.044860299e-13,4.781041686e-13,3.118850861e-13,1.891399418e-13,2.953206146e-13,7.511939117e-14,7.827178106e-14,6.263375739e-14,1.237489534e-13,1.059393236e-13,3.389301888e-13,7.410933041e-13,2.13445633e-13,7.080975357e-13,6.131937811e-14,3.353953266e-13,1.008876624e-13
65.90625,4.183827601e-13,2.690448737e-13,5.651712698e-13,4.662768436e-13,3.269595373e-13,1.444298878e-13,4.126994334e-14,1.032006997e-13,7.512429046e-14,2.442432741e-13,3.401191916e-13,3.78425438e-13,3.751494801e-13,4.355593883e-13,5.296286881e-13,7.114188995e-13,4.769454383e-13,3.13644861e-13,1.884666607e-13,2.98275892e-13,7.363856942e-14,7.694547403e-14,6.248863687e-14,1.217511273e-13,1.065292372e-13,3.373076487e-13,7.335201629e-13,2.133200845e-13,6.916741937e-13,6.128450691e-14,3.379173337e-13,1.00748214e-13
65.9140625,4.174735057e-13,2.734898958e-13,5.559364535e-13,4.713429115e-13,3.218663358e-13,1.428127825e-13,4.155399319e-14,1.038458894e-13,7.382352908e-14,2.422729658e-13,3.356126884e-13,3.762897806e-13,3.755441874e-13,4.291914347e-13,5.332526251e-13,7.183756676e-13,4.758414451e-13,3.153816473e-13,1.878453493e-13,3.011672366e-13,7.225777592e-14,7.565749456e-14,6.235263397e-14,1.197793724e-13,1.071163745e-13,3.356381804e-13,7.261121992e-13,2.131773014e-13,6.757848973e-13,6.123264769e-14,3.40689581e-13,1.005836166e-13
65.921875,4.171543637e-13,2.781687594e-13,5.469809966e-13,4.764345874e-13,3.170347485e-13,1.414387269e-13,4.188047382e-14,1.044814483e-13,7.259427565e-14,2.40325587e-13,3.312058484e-13,3.741936247e-13,3.760121189e-13,4.231943957e-13,5.368430293e-13,7.251648672e-13,4.747096755e-13,3.172102082e-13,1.873753107e-13,3.040054841e-13,7.092229483e-14,7.447358758e-14,6.224762042e-14,1.17717876e-13,1.07699731e-13,3.340177785e-13,7.18932831e-13,2.131743344e-13,6.603356983e-13,6.116576771e-14,3.435751291e-13,1.004513659e-13
65.9296875,4.17113052e-13,2.829469428e-13,5.381310543e-13,4.810579723e-13,3.123890609e-13,1.401391089e-13,4.222948598e-14,1.051081663e-13,7.142493988e-14,2.384374976e-13,3.266961527e-13,3.720306123e-13,3.763465498e-13,4.173293992e-13,5.401833079e-13,7.316324749e-13,4.733765e-13,3.189849435e-13,1.869281144e-13,3.067363405e-13,6.957801001e-14,7.333936225e-14,6.218696657e-14,1.15571092e-13,1.082585071e-13,3.324027313e-13,7.116821086e-13,2.132770228e-13,6.450216181e-13,6.113351555e-14,3.463999993e-13,1.003394677e-13
65.9375,4.16809145e-13,2.877194203e-13,5.292720357e-13,4.853737416e-13,3.076718034e-13,1.388459561e-13,4.261776728e-14,1.05712347e-13,7.026753334e-14,2.365627717e-13,3.220509443e-13,3.698077683e-13,3.765430275e-13,4.114705786e-13,5.434085562e-13,7.379627284e-13,4.719829466e-13,3.20648342e-13,1.864212591e-13,3.094594826e-13,6.823265476e-14,7.220356115e-14,6.217792609e-14,1.134384219e-13,1.087985493e-13,3.306788858e-13,7.040994957e-13,2.133845608e-13,6.297050011e-13,6.112076992e-14,3.492169725e-13,1.001853675e-13
65.9453125,4.164421651e-13,2.925447752e-13,5.20525929e-13,4.896106491e-13,3.030904389e-13,1.376659769e-13,4.30534266e-14,1.062827205e-13,6.914716794e-14,2.347148171e-13,3.173791341e-13,3.676124471e-13,3.768248867e-13,4.057996265e-13,5.467104785e-13,7.443025433e-13,4.707371505e-13,3.224581439e-13,1.860223522e-13,3.121965794e-13,6.691698864e-14,7.110901156e-14,6.223503267e-14,1.113990368e-13,1.093779108e-13,3.288815733e-13,6.964276796e-13,2.135020804e-13,6.145310909e-13,6.107974779e-14,3.521414427e-13,9.999068134e-14
65.953125,4.163655178e-13,2.975433223e-13,5.120326211e-13,4.933894858e-13,2.988169429e-13,1.365804181e-13,4.351218502e-14,1.068186422e-13,6.809129656e-14,2.32898244e-13,3.126762865e-13,3.654257736e-13,3.772112762e-13,4.004028609e-13,5.500395309e-13,7.505508325e-13,4.695432515e-13,3.244500977e-13,1.858060391e-13,3.148922816e-13,6.563294632e-14,7.008354954e-14,6.236177338e-14,1.094319043e-13,1.100035711e-13,3.270666771e-13,6.889285296e-13,2.137172432e-13,5.996694385e-13,6.101109543e-14,3.551400363e-13,9.980571956e-14
65.9609375,4.166205777e-13,3.026785859e-13,5.036141603e-13,4.967474933e-13,2.944742435e-13,1.355200326e-13,4.398207856e-14,1.073449108e-13,6.70348223e-14,2.31013436e-13,3.079175392e-13,3.631080555e-13,3.77494487e-13,3.950487324e-13,5.533055569e-13,7.566397534e-13,4.682852097e-13,3.263438639e-13,1.85653733e-13,3.177012821e-13,6.436114544e-14,6.908475697e-14,6.252699907e-14,1.074545255e-13,1.105992736e-13,3.252421908e-13,6.813850143e-13,2.140232044e-13,5.850568524e-13,6.095312756e-14,3.580793377e-13,9.963178168e-14
65.96875,4.170516976e-13,3.078101244e-13,4.950562531e-13,4.999970626e-13,2.899019308e-13,1.345043426e-13,4.446623089e-14,1.078777688e-13,6.594190607e-14,2.290795563e-13,3.031009804e-13,3.606795864e-13,3.776412128e-13,3.896185964e-13,5.565387707e-13,7.626404895e-13,4.670327051e-13,3.281148937e-13,1.855402565e-13,3.205658798e-13,6.311359173e-14,6.80768677e-14,6.271315037e-14,1.05427048e-13,1.111530972e-13,3.234477271e-13,6.736485159e-13,2.142969121e-13,5.705003206e-13,6.092145304e-14,3.609654589e-13,9.943226906e-14
65.9765625,4.174207744e-13,3.130900068e-13,4.864857669e-13,5.030820935e-13,2.854756415e-13,1.33600109e-13,4.496787804e-14,1.084027157e-13,6.488573127e-14,2.272296469e-13,2.981753208e-13,3.583294934e-13,3.77806907e-13,3.843116675e-13,5.597679234e-13,7.68551669e-13,4.658069418e-13,3.299294454e-13,1.855203823e-13,3.231766352e-13,6.191357394e-14,6.708732765e-14,6.293496878e-14,1.03391185e-13,1.117011677e-13,3.216243752e-13,6.659622861e-13,2.145429566e-13,5.560127334e-13,6.088304491e-14,3.639193691e-13,9.918539439e-14
65.984375,4.177162791e-13,3.185251671e-13,4.780574022e-13,5.060347442e-13,2.813601269e-13,1.328724934e-13,4.549252886e-14,1.089324255e-13,6.391050215e-14,2.25456255e-13,2.931868142e-13,3.560303409e-13,3.779871827e-13,3.792315749e-13,5.628755022e-13,7.742049574e-13,4.645495731e-13,3.317146542e-13,1.85550404e-13,3.256687665e-13,6.071744747e-14,6.616072963e-14,6.318304211e-14,1.013835017e-13,1.122090255e-13,3.196293147e-13,6.583205452e-13,2.148539166e-13,5.416960501e-13,6.080432882e-14,3.668389603e-13,9.889059575e-14
65.9921875,4.180375876e-13,3.236519924e-13,4.697014507e-13,5.08772791e-13,2.773638171e-13,1.322346521e-13,4.604441695e-14,1.094912373e-13,6.296273792e-14,2.236977514e-13,2.882793031e-13,3.535767098e-13,3.780520051e-13,3.742610712e-13,5.657216656e-13,7.794851292e-13,4.632198779e-13,3.333670365e-13,1.855449122e-13,3.282748689e-13,5.948947067e-14,6.528053254e-14,6.345949802e-14,9.935676581e-14,1.126836746e-13,3.17513659e-13,6.504944592e-13,2.151381821e-13,5.275215099e-13,6.069773584e-14,3.694956624e-13,9.858524479e-14
66,4.183115833e-13,3.285911637e-13,4.614493973e-13,5.109786078e-13,2.734195223e-13,1.315224964e-13,4.661922273e-14,1.100434143e-13,6.201090068e-14,2.219574376e-13,2.834970096e-13,3.510217712e-13,3.780649018e-13,3.69414908e-13,5.683321604e-13,7.844189276e-13,4.617109635e-13,3.349554746e-13,1.8550233e-13,3.307978237e-13,5.83186748e-14,6.441179605e-14,6.381256051e-14,9.728808433e-14,1.131895393e-13,3.154622586e-13,6.426213081e-13,2.153256175e-13,5.136312829e-13,6.058784141e-14,3.719700487e-13,9.831540939e-14
66.0078125,4.186381449e-13,3.339277166e-13,4.534661801e-13,5.127943938e-13,2.696654882e-13,1.308384565e-13,4.719311266e-14,1.105404736e-13,6.110597645e-14,2.201824578e-13,2.788276711e-13,3.485827412e-13,3.781923901e-13,3.648277411e-13,5.707300615e-13,7.889360977e-13,4.599693995e-13,3.365232146e-13,1.855323736e-13,3.33253436e-13,5.728041465e-14,6.359231557e-14,6.42368893e-14,9.52663926e-14,1.136744753e-13,3.134699085e-13,6.348331498e-13,2.155575328e-13,5.001802412e-13,6.046255508e-14,3.745095539e-13,9.804599375e-14
66.015625,4.190928162e-13,3.393150163e-13,4.456277917e-13,5.143685077e-13,2.661620376e-13,1.303292599e-13,4.775519845e-14,1.109693028e-13,6.027330737e-14,2.183064572e-13,2.742078403e-13,3.462153326e-13,3.783728178e-13,3.603759954e-13,5.727773576e-13,7.929102512e-13,4.580948208e-13,3.380382249e-13,1.856740552e-13,3.358762729e-13,5.62824231e-14,6.284409841e-14,6.468206558e-14,9.334436354e-14,1.140690595e-13,3.113660551e-13,6.269884907e-13,2.157860096e-13,4.868750426e-13,6.029277952e-14,3.770839523e-13,9.769124893e-14
66.0234375,4.193449722e-13,3.441912205e-13,4.376034325e-13,5.154199608e-13,2.626166509e-13,1.297895024e-13,4.835121624e-14,1.113457841e-13,5.94455126e-14,2.163744063e-13,2.694311271e-13,3.436807552e-13,3.783481719e-13,3.557509354e-13,5.744347973e-13,7.964276204e-13,4.560477386e-13,3.393360222e-13,1.857100724e-13,3.384669387e-13,5.521545645e-14,6.207861208e-14,6.516354026e-14,9.145160591e-14,1.144234113e-13,3.091092256e-13,6.19132167e-13,2.157615188e-13,4.735696543e-13,6.009241937e-14,3.794624691e-13,9.725613944e-14
66.03125,4.194653525e-13,3.489428113e-13,4.294609096e-13,5.160020006e-13,2.587140177e-13,1.291141874e-13,4.90141609e-14,1.117433326e-13,5.858126821e-14,2.144981291e-13,2.644604375e-13,3.409245375e-13,3.780160759e-13,3.509883308e-13,5.759219934e-13,7.996681522e-13,4.537599287e-13,3.402215502e-13,1.855032382e-13,3.408605915e-13,5.411700132e-14,6.125576769e-14,6.570902621e-14,8.951879645e-14,1.147632011e-13,3.068363415e-13,6.113168058e-13,2.155759362e-13,4.606147869e-13,5.991049305e-14,3.815927142e-13,9.683556264e-14
66.0390625,4.199017272e-13,3.538815929e-13,4.2166292e-13,5.16392589e-13,2.547817742e-13,1.285894633e-13,4.970467939e-14,1.121862868e-13,5.773665235e-14,2.127300302e-13,2.595902505e-13,3.381633259e-13,3.776240113e-13,3.465188965e-13,5.774355509e-13,8.027095282e-13,4.515182146e-13,3.409498776e-13,1.853045178e-13,3.432702902e-13,5.307737211e-14,6.046935006e-14,6.629221478e-14,8.756057017e-14,1.150717091e-13,3.046181214e-13,6.034498318e-13,2.155027673e-13,4.480738236e-13,5.974779645e-14,3.836713185e-13,9.644999223e-14
66.046875,4.203887024e-13,3.58716999e-13,4.143141545e-13,5.164942028e-13,2.513069279e-13,1.282674622e-13,5.03938796e-14,1.125488208e-13,5.693524558e-14,2.109400278e-13,2.549246188e-13,3.355593818e-13,3.774216204e-13,3.425360438e-13,5.788989323e-13,8.055708415e-13,4.495220867e-13,3.41923603e-13,1.852855074e-13,3.456965341e-13,5.21028961e-14,5.975071359e-14,6.689936535e-14,8.56363968e-14,1.153754579e-13,3.023698917e-13,5.95738341e-13,2.154270198e-13,4.357626975e-13,5.956020723e-14,3.858070173e-13,9.600776407e-14
66.0546875,4.206485418e-13,3.634035205e-13,4.0701734e-13,5.161324249e-13,2.480754315e-13,1.278959493e-13,5.109632941e-14,1.127892282e-13,5.614221085e-14,2.089806897e-13,2.502250847e-13,3.329619982e-13,3.772253083e-13,3.387937528e-13,5.80145161e-13,8.082290599e-13,4.475459258e-13,3.429525758e-13,1.852719287e-13,3.480361338e-13,5.113842554e-14,5.903502978e-14,6.755241484e-14,8.375718057e-14,1.156562117e-13,3.000700205e-13,5.882957741e-13,2.151178545e-13,4.238339859e-13,5.934783258e-14,3.878239465e-13,9.548758334e-14
66.0625,4.211520286e-13,3.681409353e-13,3.996522902e-13,5.152938231e-13,2.447418293e-13,1.275395006e-13,5.181343006e-14,1.130508633e-13,5.539178497e-14,2.069811567e-13,2.454681524e-13,3.302232107e-13,3.767754779e-13,3.351534945e-13,5.81240785e-13,8.106706002e-13,4.455299304e-13,3.437497214e-13,1.852080038e-13,3.504887531e-13,5.017966295e-14,5.834022339e-14,6.827802637e-14,8.186284181e-14,1.158759398e-13,2.978469198e-13,5.808335578e-13,2.147299281e-13,4.123595585e-13,5.91402141e-14,3.896210072e-13,9.500607027e-14
66.0703125,4.219220707e-13,3.729598597e-13,3.925690446e-13,5.141231067e-13,2.414624632e-13,1.273968433e-13,5.254942678e-14,1.133750617e-13,5.473071127e-14,2.05106225e-13,2.40877787e-13,3.275002816e-13,3.762342788e-13,3.317402224e-13,5.823777728e-13,8.129367783e-13,4.436279027e-13,3.444927624e-13,1.85214413e-13,3.531988478e-13,4.928572884e-14,5.771654824e-14,6.907995608e-14,7.995161119e-14,1.160768297e-13,2.95768216e-13,5.734603842e-13,2.144913457e-13,4.011708442e-13,5.892994916e-14,3.913730236e-13,9.462142133e-14
66.078125,4.225376888e-13,3.777456646e-13,3.859096239e-13,5.128598917e-13,2.384221278e-13,1.273618218e-13,5.332101311e-14,1.136879222e-13,5.41222698e-14,2.032569651e-13,2.364455683e-13,3.249063137e-13,3.758058018e-13,3.285884509e-13,5.835585104e-13,8.150261418e-13,4.417634904e-13,3.452770526e-13,1.852726058e-13,3.560957289e-13,4.84624298e-14,5.712962463e-14,6.991650277e-14,7.809932878e-14,1.162841905e-13,2.937347274e-13,5.664975613e-13,2.143139479e-13,3.903086333e-13,5.870251455e-14,3.931420667e-13,9.424972886e-14
66.0859375,4.23249388e-13,3.82348686e-13,3.794881485e-13,5.115070468e-13,2.35675468e-13,1.273469647e-13,5.412049813e-14,1.140041475e-13,5.355631187e-14,2.01364608e-13,2.320278122e-13,3.223274706e-13,3.75413652e-13,3.256704153e-13,5.846686011e-13,8.168864187e-13,4.399198326e-13,3.460240491e-13,1.853709568e-13,3.590834637e-13,4.765630698e-14,5.657047024e-14,7.07649197e-14,7.632193579e-14,1.164742663e-13,2.916230918e-13,5.596494435e-13,2.140840844e-13,3.798117944e-13,5.846804476e-14,3.948019744e-13,9.382640971e-14
66.09375,4.241819419e-13,3.868729208e-13,3.732344019e-13,5.099343264e-13,2.332370555e-13,1.274129176e-13,5.493838893e-14,1.143167992e-13,5.305675566e-14,1.995234147e-13,2.276674268e-13,3.197412908e-13,3.75008502e-13,3.229896701e-13,5.856296104e-13,8.184351475e-13,4.381982326e-13,3.467757407e-13,1.85557517e-13,3.620380984e-13,4.687209648e-14,5.607148547e-14,7.165387063e-14,7.459860207e-14,1.166391822e-13,2.894199096e-13,5.526296462e-13,2.13881837e-13,3.695411026e-13,5.823347085e-14,3.963440824e-13,9.33626343e-14
66.1015625,4.247651416e-13,3.914684119e-13,3.671734379e-13,5.080662374e-13,2.308206591e-13,1.274728014e-13,5.577158933e-14,1.145597077e-13,5.256160366e-14,1.977180728e-13,2.234277514e-13,3.171786848e-13,3.745675776e-13,3.204231341e-13,5.863836998e-13,8.195992884e-13,4.364565283e-13,3.473684373e-13,1.85727085e-13,3.649615999e-13,4.614308236e-14,5.558369744e-14,7.257995522e-14,7.292870174e-14,1.167510847e-13,2.87204207e-13,5.456623564e-13,2.136715599e-13,3.594844045e-13,5.799963303e-14,3.977630603e-13,9.285985202e-14
66.109375,4.249399439e-13,3.958622221e-13,3.61255887e-13,5.057494872e-13,2.28258785e-13,1.274588573e-13,5.660043241e-14,1.147771993e-13,5.202417878e-14,1.958667588e-13,2.192469011e-13,3.145623814e-13,3.739888188e-13,3.179203651e-13,5.86983294e-13,8.204803803e-13,4.346476239e-13,3.47645871e-13,1.858049389e-13,3.679411798e-13,4.544931416e-14,5.505488443e-14,7.352063766e-14,7.127644507e-14,1.167980419e-13,2.850200981e-13,5.388573923e-13,2.13265934e-13,3.497010442e-13,5.776819594e-14,3.98949897e-13,9.23176171e-14
66.1171875,4.25230557e-13,3.999629331e-13,3.55437068e-13,5.030909658e-13,2.258845036e-13,1.274757362e-13,5.742127775e-14,1.150189496e-13,5.15151885e-14,1.939820278e-13,2.150683506e-13,3.119034717e-13,3.73323802e-13,3.156285436e-13,5.874483757e-13,8.211338279e-13,4.328579799e-13,3.47886134e-13,1.858622556e-13,3.708207291e-13,4.477493478e-14,5.452663384e-14,7.447852031e-14,6.962629266e-14,1.168107282e-13,2.827834878e-13,5.321245287e-13,2.126994003e-13,3.402081579e-13,5.752475882e-14,3.999242865e-13,9.175279585e-14
66.125,4.257622454e-13,4.040977222e-13,3.496714031e-13,5.003780316e-13,2.237807662e-13,1.275425954e-13,5.824829448e-14,1.152386784e-13,5.107032401e-14,1.920665536e-13,2.108720876e-13,3.092361902e-13,3.726389585e-13,3.135163605e-13,5.875570503e-13,8.212772345e-13,4.308548031e-13,3.481535143e-13,1.858707654e-13,3.734714469e-13,4.412008029e-14,5.402884016e-14,7.54312521e-14,6.800766515e-14,1.167577276e-13,2.803878666e-13,5.253370489e-13,2.12141734e-13,3.309884958e-13,5.725638808e-14,4.007467301e-13,9.11582382e-14
66.1328125,4.263398952e-13,4.081529182e-13,3.440181358e-13,4.973904664e-13,2.21646568e-13,1.276392468e-13,5.908003577e-14,1.154492138e-13,5.063580818e-14,1.900884707e-13,2.066969003e-13,3.064853421e-13,3.718430453e-13,3.114782741e-13,5.8730595e-13,8.208211372e-13,4.286321629e-13,3.481727018e-13,1.857953858e-13,3.760982035e-13,4.346469025e-14,5.354076995e-14,7.638366181e-14,6.640828837e-14,1.166248447e-13,2.779101289e-13,5.183221081e-13,2.115386839e-13,3.219247115e-13,5.698125085e-14,4.013798551e-13,9.053629884e-14
66.140625,4.268029815e-13,4.118712118e-13,3.38706919e-13,4.939068706e-13,2.195591265e-13,1.278402787e-13,5.991526541e-14,1.156850544e-13,5.020576179e-14,1.880817408e-13,2.02643243e-13,3.037230022e-13,3.710069133e-13,3.096737704e-13,5.871026008e-13,8.202090916e-13,4.266571656e-13,3.480899896e-13,1.857443914e-13,3.788780878e-13,4.282871473e-14,5.306684039e-14,7.739199997e-14,6.484764148e-14,1.165107231e-13,2.755540288e-13,5.113828422e-13,2.107875685e-13,3.131131384e-13,5.671047585e-14,4.018934479e-13,8.992642821e-14
66.1484375,4.270831627e-13,4.155646506e-13,3.337090499e-13,4.902593186e-13,2.177040503e-13,1.281218643e-13,6.074839686e-14,1.159040174e-13,4.981601655e-14,1.861367436e-13,1.986940453e-13,3.010554324e-13,3.702543012e-13,3.081356228e-13,5.870409461e-13,8.196897774e-13,4.249194366e-13,3.481173181e-13,1.857246081e-13,3.817901275e-13,4.224798133e-14,5.261942036e-14,7.842301271e-14,6.338253072e-14,1.164252884e-13,2.733131278e-13,5.050097054e-13,2.100002656e-13,3.048817266e-13,5.642012413e-14,4.023552164e-13,8.932185286e-14
66.15625,4.273776331e-13,4.193550923e-13,3.287706266e-13,4.865632815e-13,2.158865896e-13,1.284240198e-13,6.157143019e-14,1.161206473e-13,4.944832173e-14,1.842851436e-13,1.947601898e-13,2.9834446e-13,3.694306278e-13,3.066817772e-13,5.867962208e-13,8.189528552e-13,4.230479879e-13,3.479826479e-13,1.856426331e-13,3.846978068e-13,4.169812351e-14,5.218278088e-14,7.940467031e-14,6.194440837e-14,1.16254108e-13,2.709368246e-13,4.988469906e-13,2.092819479e-13,2.971400988e-13,5.611553098e-14,4.02635137e-13,8.866138226e-14
66.1640625,4.278837069e-13,4.22886118e-13,3.240307996e-13,4.825875169e-13,2.14076841e-13,1.288165075e-13,6.241327397e-14,1.163750523e-13,4.908307709e-14,1.824409782e-13,1.908863355e-13,2.955588486e-13,3.684500507e-13,3.054205814e-13,5.863254569e-13,8.177877588e-13,4.21137136e-13,3.475963174e-13,1.85528252e-13,3.874005145e-13,4.118217128e-14,5.17530942e-14,8.037990708e-14,6.046665199e-14,1.159978766e-13,2.683603935e-13,4.923629253e-13,2.085675725e-13,2.895311288e-13,5.583724246e-14,4.027289243e-13,8.794786219e-14
66.171875,4.284801498e-13,4.2616519e-13,3.196423098e-13,4.782755215e-13,2.124900084e-13,1.292654599e-13,6.328046936e-14,1.165895185e-13,4.875400939e-14,1.805653916e-13,1.871124916e-13,2.928419907e-13,3.674145902e-13,3.044571235e-13,5.858248211e-13,8.164303208e-13,4.192972204e-13,3.472287847e-13,1.854136775e-13,3.90037303e-13,4.074287249e-14,5.135301001e-14,8.140940613e-14,5.905417853e-14,1.157410214e-13,2.658127263e-13,4.858646288e-13,2.077842387e-13,2.820961967e-13,5.556510476e-14,4.027808308e-13,8.725895806e-14
66.1796875,4.290736587e-13,4.294899957e-13,3.152093511e-13,4.735465776e-13,2.110143476e-13,1.296312355e-13,6.410991496e-14,1.167098527e-13,4.847032304e-14,1.787146391e-13,1.833788367e-13,2.900806279e-13,3.662280038e-13,3.035405656e-13,5.852262564e-13,8.15021651e-13,4.173350389e-13,3.468491781e-13,1.852526649e-13,3.929698306e-13,4.033749849e-14,5.099157754e-14,8.248337227e-14,5.776333342e-14,1.154605601e-13,2.633917374e-13,4.79659271e-13,2.069235192e-13,2.750275119e-13,5.524314805e-14,4.02689723e-13,8.662092484e-14
66.1875,4.297154165e-13,4.327767934e-13,3.106178074e-13,4.683955102e-13,2.094377084e-13,1.299880325e-13,6.487735605e-14,1.168079137e-13,4.81829162e-14,1.767954694e-13,1.796843758e-13,2.871384538e-13,3.647786355e-13,3.026148822e-13,5.843495803e-13,8.133001706e-13,4.153244169e-13,3.462367348e-13,1.850468491e-13,3.960214101e-13,3.99038499e-14,5.06344629e-14,8.356670606e-14,5.650200719e-14,1.150891437e-13,2.609553022e-13,4.735500796e-13,2.059589782e-13,2.682985204e-13,5.488688236e-14,4.023082894e-13,8.597388102e-14
66.1953125,4.302656548e-13,4.356778842e-13,3.063581113e-13,4.631771715e-13,2.078216341e-13,1.304763103e-13,6.564015696e-14,1.169371481e-13,4.785890474e-14,1.74710746e-13,1.760461499e-13,2.841705012e-13,3.631886486e-13,3.018045245e-13,5.832765064e-13,8.111761283e-13,4.134609287e-13,3.454159236e-13,1.847724722e-13,3.988472307e-13,3.947184626e-14,5.022856262e-14,8.460461272e-14,5.522973382e-14,1.146372427e-13,2.584433567e-13,4.675247728e-13,2.048529395e-13,2.618064407e-13,5.45490242e-14,4.017220216e-13,8.527143363e-14
66.203125,4.305593374e-13,4.381580925e-13,3.025054737e-13,4.580503548e-13,2.062531481e-13,1.310248075e-13,6.64435276e-14,1.170862981e-13,4.752432959e-14,1.726672115e-13,1.724878607e-13,2.812464169e-13,3.614891544e-13,3.009714891e-13,5.822040087e-13,8.089110692e-13,4.116209183e-13,3.444829895e-13,1.843768682e-13,4.016997083e-13,3.908601626e-14,4.977228158e-14,8.560451924e-14,5.395552838e-14,1.141416638e-13,2.559273007e-13,4.616481632e-13,2.03682521e-13,2.554396563e-13,5.42423753e-14,4.009546436e-13,8.453029015e-14
66.2109375,4.308153766e-13,4.406035671e-13,2.987677509e-13,4.527600395e-13,2.048425352e-13,1.315597222e-13,6.727186671e-14,1.172343222e-13,4.723994553e-14,1.707743493e-13,1.691114719e-13,2.783081805e-13,3.596529236e-13,3.002233904e-13,5.810843219e-13,8.064402544e-13,4.096753668e-13,3.434778054e-13,1.839692092e-13,4.047883215e-13,3.87618245e-14,4.933539647e-14,8.665632135e-14,5.266210308e-14,1.135952304e-13,2.534244034e-13,4.557644404e-13,2.026182579e-13,2.492091004e-13,5.394576168e-14,3.99996485e-13,8.377507075e-14
66.21875,4.313833767e-13,4.431399581e-13,2.952699572e-13,4.471236927e-13,2.0378464e-13,1.321549723e-13,6.80724409e-14,1.173659813e-13,4.704379998e-14,1.687849651e-13,1.658630897e-13,2.754456645e-13,3.578548403e-13,3.000188374e-13,5.797483176e-13,8.035298332e-13,4.077372771e-13,3.424694591e-13,1.836761145e-13,4.077852029e-13,3.850339713e-14,4.896905473e-14,8.775386735e-14,5.141238522e-14,1.129879103e-13,2.509033781e-13,4.499616128e-13,2.01649579e-13,2.43309054e-13,5.36337854e-14,3.990340791e-13,8.300435405e-14
66.2265625,4.321365027e-13,4.453953703e-13,2.921036293e-13,4.411592407e-13,2.029491157e-13,1.327966773e-13,6.882439721e-14,1.175109403e-13,4.690048198e-14,1.666343335e-13,1.625907825e-13,2.726604934e-13,3.560922837e-13,3.002559965e-13,5.782209546e-13,8.003742214e-13,4.058770045e-13,3.413865888e-13,1.833814621e-13,4.105293366e-13,3.827940682e-14,4.862641903e-14,8.882104476e-14,5.028428332e-14,1.123327698e-13,2.483598249e-13,4.444274694e-13,2.005761123e-13,2.377892205e-13,5.331965189e-14,3.980495047e-13,8.221747464e-14
66.234375,4.326482704e-13,4.473252018e-13,2.889793064e-13,4.349942344e-13,2.0198587e-13,1.333623735e-13,6.956761762e-14,1.176894564e-13,4.675966141e-14,1.645443257e-13,1.594068369e-13,2.698059376e-13,3.540428219e-13,3.004002646e-13,5.765246901e-13,7.970320134e-13,4.039487424e-13,3.400154185e-13,1.829217255e-13,4.132661737e-13,3.807230283e-14,4.824169636e-14,8.987309095e-14,4.920530277e-14,1.116033029e-13,2.457981941e-13,4.389743911e-13,1.994002326e-13,2.324994558e-13,5.303831927e-14,3.967407977e-13,8.142017454e-14
66.2421875,4.330627126e-13,4.492559019e-13,2.859022933e-13,4.287789802e-13,2.00988041e-13,1.339469909e-13,7.031641094e-14,1.178346189e-13,4.66493002e-14,1.625495374e-13,1.563990785e-13,2.669282762e-13,3.516907619e-13,3.005025787e-13,5.746240559e-13,7.933144225e-13,4.019457376e-13,3.384408682e-13,1.823719612e-13,4.161791565e-13,3.790343124e-14,4.785559436e-14,9.092154864e-14,4.810637905e-14,1.107709801e-13,2.432133581e-13,4.335055049e-13,1.983650508e-13,2.27353659e-13,5.277831525e-14,3.951631933e-13,8.060692025e-14
66.25,4.339727114e-13,4.511700783e-13,2.832011901e-13,4.225123888e-13,2.003695821e-13,1.348046954e-13,7.104362965e-14,1.179487568e-13,4.662007983e-14,1.605405883e-13,1.534077573e-13,2.641769692e-13,3.493987604e-13,3.010970662e-13,5.72793385e-13,7.89574946e-13,4.002458568e-13,3.370818727e-13,1.819386033e-13,4.19203889e-13,3.776680275e-14,4.755010091e-14,9.19208967e-14,4.705628383e-14,1.099071095e-13,2.406071772e-13,4.283032512e-13,1.975677046e-13,2.224088026e-13,5.253221357e-14,3.936818842e-13,7.977876972e-14
66.2578125,4.353308649e-13,4.530318896e-13,2.809077435e-13,4.161563417e-13,2.001716288e-13,1.358518679e-13,7.174601644e-14,1.181763235e-13,4.66554868e-14,1.585157883e-13,1.50480632e-13,2.615588807e-13,3.472580151e-13,3.022954961e-13,5.712509165e-13,7.861489326e-13,3.989668579e-13,3.360693368e-13,1.81683283e-13,4.221162715e-13,3.766387891e-14,4.730568642e-14,9.288615871e-14,4.607201168e-14,1.090766078e-13,2.380016594e-13,4.234423604e-13,1.968509106e-13,2.17821806e-13,5.2325634e-14,3.923582619e-13,7.89568347e-14
66.265625,4.365752191e-13,4.549512927e-13,2.787556852e-13,4.09778266e-13,2.000316405e-13,1.367606614e-13,7.240564441e-14,1.185527747e-13,4.670420539e-14,1.564993883e-13,1.477510617e-13,2.589854798e-13,3.450521931e-13,3.036284154e-13,5.696797792e-13,7.827199759e-13,3.976551557e-13,3.350690098e-13,1.814416108e-13,4.247862292e-13,3.762673248e-14,4.705415991e-14,9.385430944e-14,4.50897812e-14,1.082310578e-13,2.35416148e-13,4.186836723e-13,1.960193407e-13,2.13610295e-13,5.212284498e-14,3.909811635e-13,7.814017399e-14
66.2734375,4.37666527e-13,4.565862884e-13,2.765480611e-13,4.033585686e-13,1.997419137e-13,1.37552578e-13,7.299382547e-14,1.189421487e-13,4.674020552e-14,1.545003541e-13,1.450366521e-13,2.563189227e-13,3.426850825e-13,3.047570921e-13,5.678143439e-13,7.790925293e-13,3.961125228e-13,3.338022744e-13,1.81029742e-13,4.273578173e-13,3.76256278e-14,4.678991736e-14,9.481759364e-14,4.413407451e-14,1.073264166e-13,2.328531944e-13,4.139478751e-13,1.950453056e-13,2.095404376e-13,5.188230435e-14,3.893536904e-13,7.730463653e-14
66.28125,4.388287085e-13,4.577341336e-13,2.743197437e-13,3.966703578e-13,1.994448031e-13,1.383905649e-13,7.354286014e-14,1.19276575e-13,4.678495799e-14,1.525152088e-13,1.422868535e-13,2.53514629e-13,3.40135125e-13,3.058561571e-13,5.656863286e-13,7.751686541e-13,3.944584156e-13,3.322468813e-13,1.80466659e-13,4.299866817e-13,3.761468628e-14,4.652297773e-14,9.57621588e-14,4.32300088e-14,1.063547919e-13,2.303237869e-13,4.092821537e-13,1.940711031e-13,2.055469794e-13,5.165039495e-14,3.873811252e-13,7.646493416e-14
66.2890625,4.399222488e-13,4.589050288e-13,2.722262938e-13,3.895312971e-13,1.992564043e-13,1.391289812e-13,7.407446486e-14,1.195985834e-13,4.688070588e-14,1.504960814e-13,1.397087758e-13,2.507310522e-13,3.373714223e-13,3.071132899e-13,5.632169775e-13,7.706588973e-13,3.925512969e-13,3.30486004e-13,1.79879295e-13,4.326258127e-13,3.762909926e-14,4.624215818e-14,9.666040747e-14,4.232232046e-14,1.052909777e-13,2.278070497e-13,4.046579884e-13,1.931691721e-13,2.017915159e-13,5.145232667e-14,3.852244116e-13,7.564335529e-14
66.296875,4.409877228e-13,4.602113124e-13,2.703103693e-13,3.821768282e-13,1.991098072e-13,1.398083585e-13,7.457256549e-14,1.199554549e-13,4.701847442e-14,1.48460851e-13,1.372244132e-13,2.480296297e-13,3.345269775e-13,3.084700612e-13,5.60556048e-13,7.659231948e-13,3.905494725e-13,3.28720598e-13,1.793061337e-13,4.35165395e-13,3.770073568e-14,4.597175806e-14,9.750032731e-14,4.143625482e-14,1.041830693e-13,2.252274325e-13,4.001131874e-13,1.922726691e-13,1.982540278e-13,5.125916371e-14,3.831109615e-13,7.480720313e-14
66.3046875,4.422895574e-13,4.610763937e-13,2.685382698e-13,3.750798791e-13,1.990508683e-13,1.407624325e-13,7.507028453e-14,1.203909862e-13,4.715447446e-14,1.464550753e-13,1.346850414e-13,2.45284352e-13,3.317237421e-13,3.099516098e-13,5.580959287e-13,7.614938441e-13,3.889192669e-13,3.270622541e-13,1.787150673e-13,4.375427916e-13,3.780144197e-14,4.573773928e-14,9.831948957e-14,4.063600785e-14,1.031161462e-13,2.225864436e-13,3.956863039e-13,1.913372824e-13,1.948917205e-13,5.106385704e-14,3.809476137e-13,7.394904561e-14
66.3125,4.435533096e-13,4.614171579e-13,2.669091291e-13,3.682560964e-13,1.991873538e-13,1.418309063e-13,7.557711089e-14,1.208810447e-13,4.729182989e-14,1.444106547e-13,1.322584755e-13,2.425169248e-13,3.288702814e-13,3.115910184e-13,5.556767817e-13,7.569593638e-13,3.873886145e-13,3.253313853e-13,1.780764616e-13,4.397147613e-13,3.791517974e-14,4.550246461e-14,9.912369535e-14,3.987191146e-14,1.020586216e-13,2.199753067e-13,3.912857625e-13,1.903023882e-13,1.918250886e-13,5.085020769e-14,3.785906886e-13,7.311517747e-14
66.3203125,4.444840229e-13,4.616849709e-13,2.653622824e-13,3.613221703e-13,1.994192697e-13,1.426354647e-13,7.602482293e-14,1.213334101e-13,4.746602018e-14,1.423209503e-13,1.300169414e-13,2.398437609e-13,3.259095272e-13,3.133132552e-13,5.529336039e-13,7.519653962e-13,3.855291235e-13,3.234520856e-13,1.773933072e-13,4.416578187e-13,3.806611285e-14,4.523903321e-14,9.989211609e-14,3.909962222e-14,1.009535928e-13,2.174023283e-13,3.868995899e-13,1.891497186e-13,1.889981033e-13,5.062417177e-14,3.761681156e-13,7.228439003e-14
66.328125,4.455167246e-13,4.619923015e-13,2.639276074e-13,3.542588735e-13,1.997001517e-13,1.434072572e-13,7.640284584e-14,1.217623564e-13,4.770175665e-14,1.403015781e-13,1.278138783e-13,2.372435985e-13,3.229045351e-13,3.152390376e-13,5.500486617e-13,7.468729798e-13,3.837104343e-13,3.216219399e-13,1.767359116e-13,4.434963418e-13,3.829061071e-14,4.499464403e-14,1.006392276e-13,3.835363679e-14,9.981699491e-14,2.148287311e-13,3.825674956e-13,1.881107203e-13,1.862350562e-13,5.045551859e-14,3.737712962e-13,7.140875681e-14
66.3359375,4.469392338e-13,4.621528446e-13,2.628197168e-13,3.473664421e-13,2.001711633e-13,1.444179323e-13,7.676657364e-14,1.222392446e-13,4.799574214e-14,1.383164229e-13,1.256641848e-13,2.347291986e-13,3.198872345e-13,3.175022657e-13,5.472339257e-13,7.417919181e-13,3.82178884e-13,3.198964542e-13,1.761558933e-13,4.453974611e-13,3.858876655e-14,4.479915572e-14,1.013632393e-13,3.764384614e-14,9.864718769e-14,2.123097918e-13,3.782653589e-13,1.873349284e-13,1.835825513e-13,5.034929077e-14,3.71352444e-13,7.053812958e-14
66.34375,4.484340627e-13,4.622190932e-13,2.61995836e-13,3.406388443e-13,2.00789803e-13,1.454181556e-13,7.712590911e-14,1.227087593e-13,4.829259677e-14,1.362477894e-13,1.236664907e-13,2.323498028e-13,3.168992636e-13,3.199420069e-13,5.443894684e-13,7.36632197e-13,3.806318578e-13,3.181578661e-13,1.756098104e-13,4.471836992e-13,3.891682139e-14,4.46122513e-14,1.020621718e-13,3.697636397e-14,9.74421385e-14,2.098951285e-13,3.741559265e-13,1.866208738e-13,1.811623557e-13,5.024183671e-14,3.689391575e-13,6.9714686e-14
66.3515625,4.499380713e-13,4.624285991e-13,2.611102745e-13,3.33798743e-13,2.013771104e-13,1.462501291e-13,7.744664496e-14,1.231228907e-13,4.854667799e-14,1.341555158e-13,1.217704416e-13,2.299544004e-13,3.13905705e-13,3.223955749e-13,5.414877579e-13,7.31525078e-13,3.790023307e-13,3.163582112e-13,1.750564634e-13,4.486433329e-13,3.92635169e-14,4.440928911e-14,1.027712065e-13,3.637456913e-14,9.624138854e-14,2.0754496e-13,3.703615878e-13,1.858630794e-13,1.789238738e-13,5.01263434e-14,3.664843421e-13,6.890110286e-14
66.359375,4.515757842e-13,4.626680775e-13,2.601114465e-13,3.268278972e-13,2.019403055e-13,1.47022139e-13,7.768886408e-14,1.235690323e-13,4.878696031e-14,1.321101734e-13,1.199042441e-13,2.274303345e-13,3.107429241e-13,3.248143922e-13,5.385337312e-13,7.264107494e-13,3.773705e-13,3.14462475e-13,1.744839665e-13,4.500929303e-13,3.964136445e-14,4.421157893e-14,1.034580836e-13,3.581040527e-14,9.503538828e-14,2.052270799e-13,3.665599076e-13,1.851622999e-13,1.767090788e-13,5.001388665e-14,3.638387998e-13,6.809986721e-14
66.3671875,4.531268711e-13,4.625684606e-13,2.592681319e-13,3.200686358e-13,2.025736255e-13,1.477758326e-13,7.785610528e-14,1.240956738e-13,4.905041505e-14,1.30065416e-13,1.180943642e-13,2.249581054e-13,3.074558008e-13,3.2722245e-13,5.355502445e-13,7.212281669e-13,3.756876498e-13,3.12500161e-13,1.738782192e-13,4.517216375e-13,4.003080034e-14,4.402941395e-14,1.040488833e-13,3.52612706e-14,9.379551884e-14,2.029306998e-13,3.6256072e-13,1.84470038e-13,1.745049345e-13,4.990147708e-14,3.610855792e-13,6.732940958e-14
66.375,4.545620266e-13,4.622516147e-13,2.586537375e-13,3.136289529e-13,2.033241176e-13,1.486169192e-13,7.801751511e-14,1.246447001e-13,4.934826917e-14,1.280469411e-13,1.163869442e-13,2.226445884e-13,3.042233513e-13,3.298105125e-13,5.326995456e-13,7.161337926e-13,3.740562724e-13,3.10625437e-13,1.732871216e-13,4.531268683e-13,4.045110133e-14,4.386082443e-14,1.045785093e-13,3.477432017e-14,9.256114405e-14,2.006430175e-13,3.586475658e-13,1.837364017e-13,1.725325753e-13,4.98170208e-14,3.584082286e-13,6.654342936e-14
66.3828125,4.560902707e-13,4.620327853e-13,2.580956077e-13,3.071300064e-13,2.041734689e-13,1.495927199e-13,7.81906272e-14,1.251715494e-13,4.969132518e-14,1.261030436e-13,1.147440057e-13,2.203256433e-13,3.009220995e-13,3.32560246e-13,5.298881855e-13,7.110248263e-13,3.725186805e-13,3.088378573e-13,1.72732466e-13,4.541708554e-13,4.093755888e-14,4.369584981e-14,1.051183776e-13,3.438088942e-14,9.135226322e-14,1.983871869e-13,3.54948207e-13,1.83034664e-13,1.708708415e-13,4.9755397e-14,3.557171321e-13,6.572496828e-14
66.390625,4.574887653e-13,4.615998785e-13,2.574842679e-13,3.004661255e-13,2.050175636e-13,1.504759251e-13,7.830675944e-14,1.256863171e-13,5.006409515e-14,1.241488665e-13,1.131076037e-13,2.179541459e-13,2.974126089e-13,3.351760112e-13,5.2679312e-13,7.057269119e-13,3.709247163e-13,3.069673825e-13,1.721143728e-13,4.551038237e-13,4.142664661e-14,4.350316264e-14,1.056378309e-13,3.403200421e-14,9.012189245e-14,1.961520831e-13,3.513759055e-13,1.822969287e-13,1.692933784e-13,4.966416773e-14,3.528702425e-13,6.489581202e-14
66.3984375,4.585768086e-13,4.607174666e-13,2.568793865e-13,2.939933912e-13,2.058819505e-13,1.512297153e-13,7.834843796e-14,1.262351088e-13,5.045652368e-14,1.221290726e-13,1.115588689e-13,2.156855283e-13,2.93902866e-13,3.377428632e-13,5.234672451e-13,7.003566132e-13,3.69306554e-13,3.049947402e-13,1.714312154e-13,4.559223915e-13,4.189120371e-14,4.329397229e-14,1.060674764e-13,3.366143914e-14,8.885665919e-14,1.938540081e-13,3.479408751e-13,1.81487055e-13,1.677319074e-13,4.953972718e-14,3.49986327e-13,6.403683293e-14
66.40625,4.597860376e-13,4.598534376e-13,2.563736306e-13,2.876634243e-13,2.069413235e-13,1.520789243e-13,7.83538659e-14,1.268256063e-13,5.089761081e-14,1.201108308e-13,1.101879739e-13,2.135268438e-13,2.905085415e-13,3.405664372e-13,5.201365701e-13,6.94943961e-13,3.677434049e-13,3.030295513e-13,1.708232782e-13,4.565681065e-13,4.244144375e-14,4.313121592e-14,1.064032104e-13,3.327321514e-14,8.759251043e-14,1.914941792e-13,3.445008865e-13,1.808149474e-13,1.663639912e-13,4.942241257e-14,3.472039179e-13,6.316158115e-14
66.4140625,4.613609501e-13,4.590906099e-13,2.559500392e-13,2.811298573e-13,2.081488123e-13,1.529621391e-13,7.832126503e-14,1.273877736e-13,5.137434315e-14,1.18126779e-13,1.088964823e-13,2.113430796e-13,2.870377284e-13,3.435567252e-13,5.166909782e-13,6.893744506e-13,3.661129149e-13,3.0108029e-13,1.70282166e-13,4.570700606e-13,4.310215038e-14,4.301873684e-14,1.066936129e-13,3.291351698e-14,8.633375413e-14,1.891833521e-13,3.408944036e-13,1.803307006e-13,1.652085277e-13,4.933316978e-14,3.444244049e-13,6.232723611e-14
66.421875,4.629229233e-13,4.579064565e-13,2.555700693e-13,2.745379797e-13,2.093094118e-13,1.536854577e-13,7.824913399e-14,1.279516906e-13,5.1839178e-14,1.161622841e-13,1.076068291e-13,2.091200623e-13,2.834161644e-13,3.465589377e-13,5.130834334e-13,6.837661451e-13,3.644286822e-13,2.990950736e-13,1.696966757e-13,4.573870259e-13,4.376347486e-14,4.289971605e-14,1.069614406e-13,3.258744716e-14,8.505873087e-14,1.869541216e-13,3.373150435e-13,1.797907382e-13,1.641718407e-13,4.926803577e-14,3.415145922e-13,6.151689864e-14
66.4296875,4.642490519e-13,4.563698404e-13,2.552723336e-13,2.681827695e-13,2.10454364e-13,1.543365541e-13,7.81726332e-14,1.286642311e-13,5.229974144e-14,1.142448213e-13,1.063938737e-13,2.069306347e-13,2.797794518e-13,3.496255531e-13,5.095999336e-13,6.783491083e-13,3.629067197e-13,2.971033726e-13,1.691034465e-13,4.576170029e-13,4.439656268e-14,4.275283912e-14,1.071802019e-13,3.228239887e-14,8.378400057e-14,1.84731937e-13,3.339563168e-13,1.791126034e-13,1.632568539e-13,4.922294614e-14,3.385415906e-13,6.068498527e-14
66.4375,4.656627465e-13,4.548911355e-13,2.549975057e-13,2.620195209e-13,2.117070461e-13,1.550450338e-13,7.80867926e-14,1.294792856e-13,5.279122859e-14,1.123971305e-13,1.052456672e-13,2.04801985e-13,2.761866851e-13,3.527153295e-13,5.061877793e-13,6.729738609e-13,3.615051323e-13,2.951292127e-13,1.685625295e-13,4.577129246e-13,4.503704751e-14,4.260598995e-14,1.07342679e-13,3.199332472e-14,8.253279501e-14,1.824710735e-13,3.307338768e-13,1.784969223e-13,1.624348823e-13,4.920651455e-14,3.356286177e-13,5.984865369e-14
66.4453125,4.674274199e-13,4.532101923e-13,2.546134125e-13,2.559767155e-13,2.13026795e-13,1.557768577e-13,7.793724347e-14,1.301990026e-13,5.33363106e-14,1.105942977e-13,1.040861477e-13,2.027274015e-13,2.72557197e-13,3.55768091e-13,5.023521794e-13,6.671955416e-13,3.599118762e-13,2.930376653e-13,1.680063923e-13,4.574086613e-13,4.567272215e-14,4.250777427e-14,1.074759217e-13,3.169645269e-14,8.127416713e-14,1.802024936e-13,3.275459813e-13,1.78083226e-13,1.616407535e-13,4.920196422e-14,3.327345921e-13,5.903140025e-14
66.453125,4.692229716e-13,4.510984156e-13,2.542026161e-13,2.500536155e-13,2.14293038e-13,1.564217428e-13,7.771113142e-14,1.308493151e-13,5.392916692e-14,1.088071067e-13,1.029799666e-13,2.00680757e-13,2.688025775e-13,3.587858803e-13,4.981052347e-13,6.611384711e-13,3.580927287e-13,2.907173897e-13,1.67384975e-13,4.570165655e-13,4.63233225e-14,4.246321878e-14,1.075862403e-13,3.140063732e-14,7.998574965e-14,1.780019236e-13,3.244245698e-13,1.777587704e-13,1.609052158e-13,4.91682268e-14,3.29764042e-13,5.823816381e-14
66.4609375,4.706815743e-13,4.491587998e-13,2.53883445e-13,2.442092103e-13,2.154301217e-13,1.568494949e-13,7.744429869e-14,1.315791014e-13,5.450103745e-14,1.07027992e-13,1.01976041e-13,1.986414725e-13,2.649514854e-13,3.61676268e-13,4.939946602e-13,6.554639304e-13,3.563481668e-13,2.883518878e-13,1.667530784e-13,4.5696132e-13,4.703629646e-14,4.239441806e-14,1.076760362e-13,3.113998304e-14,7.870477882e-14,1.759158772e-13,3.214675433e-13,1.773477167e-13,1.602623763e-13,4.911798506e-14,3.267855447e-13,5.747769952e-14
66.46875,4.721887802e-13,4.477828036e-13,2.535893391e-13,2.384907374e-13,2.165204599e-13,1.571639607e-13,7.714389826e-14,1.323466284e-13,5.502878254e-14,1.052717967e-13,1.009997248e-13,1.966418612e-13,2.611464292e-13,3.645226727e-13,4.900791613e-13,6.501030897e-13,3.547642947e-13,2.862092482e-13,1.662017846e-13,4.567803643e-13,4.778784028e-14,4.22831666e-14,1.07754784e-13,3.090049247e-14,7.745028157e-14,1.738733325e-13,3.186220855e-13,1.769109885e-13,1.596812666e-13,4.909146583e-14,3.239740226e-13,5.672659275e-14
66.4765625,4.742008091e-13,4.463433617e-13,2.534328339e-13,2.329614411e-13,2.178146983e-13,1.577084892e-13,7.680372972e-14,1.330761303e-13,5.561358814e-14,1.035693684e-13,1.000434263e-13,1.947158426e-13,2.574489781e-13,3.676192663e-13,4.860113613e-13,6.443856949e-13,3.531609339e-13,2.842763176e-13,1.657590874e-13,4.560470113e-13,4.854849807e-14,4.222409667e-14,1.077840121e-13,3.068263835e-14,7.619955608e-14,1.717623262e-13,3.156718575e-13,1.766486898e-13,1.5917591e-13,4.907718779e-14,3.213585729e-13,5.594665519e-14
66.484375,4.761821615e-13,4.44279536e-13,2.535923382e-13,2.27588727e-13,2.193275946e-13,1.584571411e-13,7.644008562e-14,1.338134483e-13,5.627527384e-14,1.019366161e-13,9.915053105e-14,1.92820779e-13,2.537317983e-13,3.708511841e-13,4.817889983e-13,6.383193201e-13,3.514755607e-13,2.823137575e-13,1.652831765e-13,4.551253747e-13,4.933660365e-14,4.221503455e-14,1.0771556e-13,3.050123154e-14,7.493646529e-14,1.696022195e-13,3.126618924e-13,1.764997377e-13,1.587698203e-13,4.906109326e-14,3.187288655e-13,5.514750592e-14
66.4921875,4.776109814e-13,4.419115312e-13,2.537289737e-13,2.22338728e-13,2.206632183e-13,1.589859924e-13,7.601547879e-14,1.345465997e-13,5.687682909e-14,1.003533656e-13,9.829758679e-14,1.908839292e-13,2.498744084e-13,3.737936751e-13,4.774391268e-13,6.322509657e-13,3.497267901e-13,2.801661402e-13,1.646058678e-13,4.542281652e-13,5.013737713e-14,4.215510737e-14,1.075765198e-13,3.02952361e-14,7.364490173e-14,1.674953547e-13,3.098532263e-13,1.762297702e-13,1.583564618e-13,4.90693735e-14,3.159434631e-13,5.435777668e-14
66.5,4.791099572e-13,4.395866289e-13,2.535220235e-13,2.172012602e-13,2.217048448e-13,1.592385528e-13,7.546302885e-14,1.35241239e-13,5.740035079e-14,9.880762335e-14,9.751438993e-14,1.88935329e-13,2.459613134e-13,3.765379934e-13,4.72744956e-13,6.260661176e-13,3.479037539e-13,2.779600591e-13,1.638490463e-13,4.531135815e-13,5.092040876e-14,4.207485618e-14,1.074273565e-13,3.005258784e-14,7.233455388e-14,1.654536013e-13,3.071984487e-13,1.759038198e-13,1.578490562e-13,4.912890437e-14,3.132402349e-13,5.357650766e-14
66.5078125,4.811308308e-13,4.372199919e-13,2.533359519e-13,2.122138865e-13,2.228739779e-13,1.595352175e-13,7.482856611e-14,1.35970982e-13,5.799377398e-14,9.734188003e-14,9.688276804e-14,1.87095308e-13,2.421457652e-13,3.794759665e-13,4.677726831e-13,6.19642169e-13,3.460258677e-13,2.759188258e-13,1.632704727e-13,4.516536848e-13,5.172220271e-14,4.206589302e-14,1.072803631e-13,2.987076033e-14,7.106154143e-14,1.634204312e-13,3.044712714e-13,1.757939654e-13,1.573949504e-13,4.924614624e-14,3.108532321e-13,5.279124148e-14
66.515625,4.830620454e-13,4.348724475e-13,2.533812562e-13,2.074411343e-13,2.24223188e-13,1.599002658e-13,7.420146676e-14,1.367047332e-13,5.86654571e-14,9.598043764e-14,9.637018239e-14,1.853615263e-13,2.38413235e-13,3.824384823e-13,4.627915882e-13,6.13086921e-13,3.440546211e-13,2.739888031e-13,1.628241586e-13,4.49926141e-13,5.258541936e-14,4.209041331e-14,1.071033635e-13,2.977182723e-14,6.983866766e-14,1.613883115e-13,3.016878551e-13,1.758980982e-13,1.57157637e-13,4.938405283e-14,3.085466076e-13,5.200665611e-14
66.5234375,4.846679757e-13,4.326304991e-13,2.532480847e-13,2.028943077e-13,2.253152075e-13,1.601322212e-13,7.356720619e-14,1.372948672e-13,5.926656118e-14,9.46663545e-14,9.59044871e-14,1.835961793e-13,2.34656375e-13,3.85055193e-13,4.578462595e-13,6.065235292e-13,3.420078232e-13,2.719989079e-13,1.62304064e-13,4.481980563e-13,5.347425999e-14,4.209087106e-14,1.06867315e-13,2.969215526e-14,6.862970566e-14,1.593922739e-13,2.989849867e-13,1.759842312e-13,1.570526453e-13,4.947766657e-14,3.06074553e-13,5.124228296e-14
66.53125,4.864921512e-13,4.303328805e-13,2.528613603e-13,1.986394858e-13,2.26246234e-13,1.60258082e-13,7.288306245e-14,1.378145955e-13,5.979029977e-14,9.337750346e-14,9.548788769e-14,1.817862713e-13,2.308892712e-13,3.875266067e-13,4.529520301e-13,6.001508416e-13,3.400718156e-13,2.700479389e-13,1.617531903e-13,4.467500467e-13,5.434548108e-14,4.210420482e-14,1.065798347e-13,2.960153272e-14,6.744447601e-14,1.574555515e-13,2.963709031e-13,1.759763069e-13,1.569560695e-13,4.952309886e-14,3.036473556e-13,5.051192326e-14
66.5390625,4.885854981e-13,4.280096115e-13,2.526166659e-13,1.946933445e-13,2.274515669e-13,1.604159959e-13,7.2163953e-14,1.384602768e-13,6.037230962e-14,9.218099117e-14,9.511363893e-14,1.800358214e-13,2.272096849e-13,3.901710733e-13,4.481520168e-13,5.940281093e-13,3.383036351e-13,2.682782159e-13,1.612946568e-13,4.453886819e-13,5.523030382e-14,4.216482781e-14,1.06276817e-13,2.948840423e-14,6.63169168e-14,1.555816106e-13,2.937808645e-13,1.759847616e-13,1.569168165e-13,4.957700987e-14,3.014514402e-13,4.98210118e-14
66.546875,4.906107501e-13,4.256162824e-13,2.525383828e-13,1.907819111e-13,2.287773241e-13,1.606132777e-13,7.143213917e-14,1.392145054e-13,6.104140887e-14,9.109783128e-14,9.475680106e-14,1.783394847e-13,2.236249838e-13,3.928552402e-13,4.433073038e-13,5.879862645e-13,3.366231437e-13,2.665976221e-13,1.60842742e-13,4.436882358e-13,5.614735877e-14,4.225957533e-14,1.059811403e-13,2.936431832e-14,6.525139443e-14,1.537755106e-13,2.912594119e-13,1.760606675e-13,1.569855317e-13,4.966425026e-14,2.993272501e-13,4.918347328e-14
66.5546875,4.925836406e-13,4.227629433e-13,2.523767531e-13,1.867779792e-13,2.299141915e-13,1.60767659e-13,7.068469013e-14,1.399729553e-13,6.1720297e-14,9.009090935e-14,9.444141456e-14,1.766419661e-13,2.200283359e-13,3.953277885e-13,4.382763039e-13,5.819657519e-13,3.349931091e-13,2.648873679e-13,1.602937355e-13,4.416675934e-13,5.704405555e-14,4.236717693e-14,1.056831344e-13,2.926084917e-14,6.423462328e-14,1.520518449e-13,2.888855136e-13,1.761313304e-13,1.570818871e-13,4.976327516e-14,2.971392859e-13,4.860221515e-14
66.5625,4.944362038e-13,4.196689075e-13,2.521353029e-13,1.830333415e-13,2.309319087e-13,1.607925711e-13,6.990114694e-14,1.407201066e-13,6.23632861e-14,8.915329624e-14,9.420276583e-14,1.749744056e-13,2.163609784e-13,3.975170513e-13,4.330924358e-13,5.759349222e-13,3.332849774e-13,2.631302362e-13,1.596958394e-13,4.395341442e-13,5.792658613e-14,4.245864721e-14,1.053590045e-13,2.916167536e-14,6.323694354e-14,1.503772182e-13,2.865640921e-13,1.761757984e-13,1.571466911e-13,4.985876477e-14,2.949378954e-13,4.803625664e-14
66.5703125,4.960161893e-13,4.169431604e-13,2.519116359e-13,1.797632967e-13,2.318633408e-13,1.607262e-13,6.908768746e-14,1.414263041e-13,6.295271492e-14,8.824014734e-14,9.403686178e-14,1.733747173e-13,2.127563131e-13,3.995555424e-13,4.27901023e-13,5.698545486e-13,3.314892437e-13,2.613949032e-13,1.59116714e-13,4.371460201e-13,5.885243283e-14,4.252431432e-14,1.049934634e-13,2.905427602e-14,6.225256481e-14,1.486720773e-13,2.842405104e-13,1.762463681e-13,1.572657971e-13,4.995634059e-14,2.928436909e-13,4.744133751e-14
66.578125,4.976060105e-13,4.142817584e-13,2.51710868e-13,1.767640082e-13,2.326920285e-13,1.607230624e-13,6.830165493e-14,1.420886071e-13,6.349557668e-14,8.726931571e-14,9.389228853e-14,1.718203018e-13,2.093525248e-13,4.016904955e-13,4.228667928e-13,5.639378763e-13,3.298647765e-13,2.598137728e-13,1.585590413e-13,4.344439915e-13,5.975627583e-14,4.259642657e-14,1.045870228e-13,2.896203764e-14,6.13233653e-14,1.469560243e-13,2.820425612e-13,1.762743974e-13,1.575382069e-13,5.005512626e-14,2.909546596e-13,4.68397734e-14
66.5859375,4.993638724e-13,4.111346442e-13,2.515459299e-13,1.739184466e-13,2.335406907e-13,1.607804932e-13,6.754177419e-14,1.427975895e-13,6.404532545e-14,8.62917021e-14,9.373184673e-14,1.702518059e-13,2.060017941e-13,4.038446782e-13,4.179186706e-13,5.582399546e-13,3.283853756e-13,2.583536083e-13,1.579795406e-13,4.317532559e-13,6.056554006e-14,4.269274025e-14,1.04156763e-13,2.88671752e-14,6.04475024e-14,1.453236728e-13,2.799289422e-13,1.761872858e-13,1.579119201e-13,5.014615286e-14,2.891388236e-13,4.628934439e-14
66.59375,5.010091874e-13,4.076568083e-13,2.513810554e-13,1.712834196e-13,2.344284764e-13,1.607407737e-13,6.671704988e-14,1.43568889e-13,6.463703995e-14,8.543846701e-14,9.360287837e-14,1.686219908e-13,2.024711495e-13,4.056707225e-13,4.127305326e-13,5.523922525e-13,3.267829824e-13,2.568421306e-13,1.573376523e-13,4.291224616e-13,6.136823809e-14,4.280215642e-14,1.037278658e-13,2.876878948e-14,5.95761891e-14,1.437428683e-13,2.777864065e-13,1.761052611e-13,1.582525731e-13,5.023569056e-14,2.871353959e-13,4.579101157e-14
66.6015625,5.025232835e-13,4.040285154e-13,2.510968058e-13,1.687900014e-13,2.353202949e-13,1.605797819e-13,6.580662445e-14,1.442914097e-13,6.524983367e-14,8.470353697e-14,9.351678917e-14,1.669594634e-13,1.988276027e-13,4.071982791e-13,4.072339045e-13,5.463387429e-13,3.25185678e-13,2.553265223e-13,1.566603618e-13,4.263059624e-13,6.220114686e-14,4.292894042e-14,1.033071429e-13,2.873661046e-14,5.872231227e-14,1.421395616e-13,2.757580386e-13,1.760534591e-13,1.585261564e-13,5.032395736e-14,2.850088228e-13,4.530183954e-14
66.609375,5.040777181e-13,4.004003254e-13,2.506850711e-13,1.663189119e-13,2.361495502e-13,1.603631853e-13,6.48760724e-14,1.44899305e-13,6.583832135e-14,8.400275582e-14,9.340103662e-14,1.653258059e-13,1.952809353e-13,4.086710785e-13,4.017417691e-13,5.404862261e-13,3.238350116e-13,2.539528215e-13,1.559861909e-13,4.234404186e-13,6.297858773e-14,4.306929057e-14,1.028729508e-13,2.876329719e-14,5.792695863e-14,1.405863557e-13,2.739160094e-13,1.75915287e-13,1.588768211e-13,5.039348668e-14,2.830479606e-13,4.481902322e-14
66.6171875,5.055156257e-13,3.970403247e-13,2.502796543e-13,1.639228637e-13,2.367029158e-13,1.600510441e-13,6.393675964e-14,1.454624015e-13,6.636955913e-14,8.334375662e-14,9.330101592e-14,1.637276825e-13,1.918169259e-13,4.100019515e-13,3.963606524e-13,5.348670847e-13,3.225638175e-13,2.526373003e-13,1.55287066e-13,4.206876576e-13,6.372690931e-14,4.319103728e-14,1.02404976e-13,2.87336687e-14,5.717076722e-14,1.391399462e-13,2.721204656e-13,1.75792124e-13,1.594435635e-13,5.045111465e-14,2.812337323e-13,4.436549087e-14
66.625,5.067486778e-13,3.936367765e-13,2.499293928e-13,1.618218356e-13,2.370456315e-13,1.596145974e-13,6.296070973e-14,1.460760589e-13,6.686481522e-14,8.276257189e-14,9.330564953e-14,1.621482174e-13,1.883042945e-13,4.11085938e-13,3.908414069e-13,5.291060777e-13,3.211238681e-13,2.512753092e-13,1.545301627e-13,4.177934167e-13,6.452637892e-14,4.329289113e-14,1.019085536e-13,2.861376203e-14,5.642252774e-14,1.377132428e-13,2.703130276e-13,1.757655347e-13,1.600811863e-13,5.051901386e-14,2.79327934e-13,4.39335764e-14
66.6328125,5.080242826e-13,3.899236381e-13,2.495669636e-13,1.601196052e-13,2.374745131e-13,1.591566893e-13,6.196789404e-14,1.467115212e-13,6.736568494e-14,8.223954313e-14,9.331843088e-14,1.605782052e-13,1.847847647e-13,4.121101733e-13,3.851263212e-13,5.23146794e-13,3.195448805e-13,2.499414473e-13,1.537232372e-13,4.146466377e-13,6.535567892e-14,4.340329533e-14,1.013981351e-13,2.849029667e-14,5.569030576e-14,1.362534268e-13,2.6846859e-13,1.756635403e-13,1.606073964e-13,5.05991523e-14,2.773697704e-13,4.351026496e-14
66.640625,5.093504556e-13,3.8634758e-13,2.491556266e-13,1.585778881e-13,2.378475426e-13,1.587238254e-13,6.099090522e-14,1.472876583e-13,6.785574699e-14,8.175564106e-14,9.327376123e-14,1.589743447e-13,1.813313524e-13,4.130958298e-13,3.793932629e-13,5.171710373e-13,3.179427058e-13,2.486101529e-13,1.528598502e-13,4.114086387e-13,6.619580853e-14,4.351121254e-14,1.008678801e-13,2.840759794e-14,5.49812784e-14,1.347952758e-13,2.665964987e-13,1.754915874e-13,1.611699777e-13,5.06812609e-14,2.755296641e-13,4.310414795e-14
66.6484375,5.103208587e-13,3.828787356e-13,2.486605244e-13,1.56986411e-13,2.378983577e-13,1.581748566e-13,6.001866163e-14,1.478189836e-13,6.82866308e-14,8.13149359e-14,9.32911358e-14,1.572621363e-13,1.777982588e-13,4.136701515e-13,3.736184147e-13,5.111761052e-13,3.162985603e-13,2.470819088e-13,1.518931323e-13,4.082156148e-13,6.701879796e-14,4.358532449e-14,1.003011069e-13,2.833433462e-14,5.428493453e-14,1.333662949e-13,2.648235045e-13,1.753331811e-13,1.618051564e-13,5.073791341e-14,2.736380512e-13,4.272964748e-14
66.65625,5.108334426e-13,3.790934172e-13,2.480721309e-13,1.555527777e-13,2.378215204e-13,1.574629392e-13,5.902528039e-14,1.483197084e-13,6.864790563e-14,8.093917896e-14,9.3401227e-14,1.554360024e-13,1.741185425e-13,4.137078758e-13,3.677822636e-13,5.05237102e-13,3.146098945e-13,2.45400328e-13,1.508302138e-13,4.05169723e-13,6.775048279e-14,4.36457038e-14,9.971154091e-14,2.82628864e-14,5.361791879e-14,1.319983472e-13,2.631402271e-13,1.750255607e-13,1.622601374e-13,5.074511862e-14,2.715086842e-13,4.240252418e-14
66.6640625,5.113881255e-13,3.75290532e-13,2.474955825e-13,1.544989783e-13,2.378560114e-13,1.56811337e-13,5.801805533e-14,1.48753874e-13,6.898155432e-14,8.064137491e-14,9.353192896e-14,1.536236116e-13,1.705665885e-13,4.137110167e-13,3.621331965e-13,4.995464305e-13,3.130665013e-13,2.439262653e-13,1.498045806e-13,4.020828658e-13,6.842925274e-14,4.374158763e-14,9.911841058e-14,2.818771135e-14,5.302887466e-14,1.307113902e-13,2.614656546e-13,1.746007385e-13,1.626888436e-13,5.071878535e-14,2.694231822e-13,4.212185927e-14
66.671875,5.122260263e-13,3.716136091e-13,2.469474051e-13,1.537542275e-13,2.379171299e-13,1.562885168e-13,5.701922376e-14,1.491483897e-13,6.932113836e-14,8.036096706e-14,9.37097915e-14,1.519317005e-13,1.67289946e-13,4.139743546e-13,3.56730274e-13,4.940363419e-13,3.118198293e-13,2.428112655e-13,1.488767592e-13,3.987206616e-13,6.913084859e-14,4.386621684e-14,9.84919315e-14,2.808306566e-14,5.253198903e-14,1.294870592e-13,2.599033972e-13,1.742443433e-13,1.634248914e-13,5.067674246e-14,2.676259364e-13,4.185777339e-14
66.6796875,5.129436253e-13,3.676695393e-13,2.463359795e-13,1.533147637e-13,2.378095035e-13,1.55644914e-13,5.60304676e-14,1.49508782e-13,6.961132961e-14,8.009445053e-14,9.395584728e-14,1.503099314e-13,1.640832846e-13,4.140806573e-13,3.513967024e-13,4.886287052e-13,3.108151477e-13,2.418594572e-13,1.479062587e-13,3.953352984e-13,6.979840962e-14,4.396497091e-14,9.78278241e-14,2.799596518e-14,5.209503283e-14,1.283311271e-13,2.585259126e-13,1.737944381e-13,1.642196858e-13,5.064118746e-14,2.659214952e-13,4.159269345e-14
66.6875,5.13402463e-13,3.636272015e-13,2.457376546e-13,1.532378231e-13,2.374782461e-13,1.548520655e-13,5.504915785e-14,1.497847085e-13,6.980729192e-14,7.999222287e-14,9.421418189e-14,1.487092465e-13,1.608758216e-13,4.13807677e-13,3.461331757e-13,4.833819935e-13,3.099598828e-13,2.409541223e-13,1.468547365e-13,3.920134864e-13,7.039022656e-14,4.403872209e-14,9.719937258e-14,2.79826817e-14,5.169837918e-14,1.272423614e-13,2.572640007e-13,1.731660252e-13,1.648326839e-13,5.065463068e-14,2.641882644e-13,4.133789132e-14
66.6953125,5.138819516e-13,3.598084069e-13,2.452196204e-13,1.53368194e-13,2.370817495e-13,1.541223986e-13,5.406364159e-14,1.500396198e-13,6.999734564e-14,8.004783574e-14,9.446896945e-14,1.471460086e-13,1.577650945e-13,4.13421655e-13,3.40912158e-13,4.781543091e-13,3.09159139e-13,2.401170451e-13,1.45849296e-13,3.885822845e-13,7.095388806e-14,4.413928563e-14,9.661889325e-14,2.799196933e-14,5.133578529e-14,1.261750259e-13,2.560532176e-13,1.725755971e-13,1.65529184e-13,5.0684714e-14,2.624983094e-13,4.110744133e-14
66.703125,5.142821293e-13,3.560546086e-13,2.446767812e-13,1.536351522e-13,2.36692766e-13,1.533970196e-13,5.304882399e-14,1.503495391e-13,7.023852036e-14,8.00485925e-14,9.472961715e-14,1.455696933e-13,1.546941565e-13,4.129194614e-13,3.356582936e-13,4.730010539e-13,3.084156969e-13,2.393358868e-13,1.448458069e-13,3.85411365e-13,7.150618179e-14,4.425769168e-14,9.601310356e-14,2.798992696e-14,5.100593594e-14,1.251395441e-13,2.548517523e-13,1.720073046e-13,1.664156905e-13,5.066183751e-14,2.608004384e-13,4.091105958e-14
66.7109375,5.144337943e-13,3.52296168e-13,2.441180098e-13,1.541728522e-13,2.361788171e-13,1.525422105e-13,5.20314486e-14,1.506639407e-13,7.047314508e-14,8.00293399e-14,9.500027495e-14,1.439623701e-13,1.516635101e-13,4.121730889e-13,3.305705632e-13,4.683084979e-13,3.079285317e-13,2.386591904e-13,1.437418947e-13,3.825794939e-13,7.203803744e-14,4.435480451e-14,9.539115906e-14,2.802386922e-14,5.074347545e-14,1.241955801e-13,2.537345385e-13,1.71359334e-13,1.673535946e-13,5.062277377e-14,2.59103196e-13,4.074771139e-14
66.71875,5.146128842e-13,3.484456868e-13,2.435280772e-13,1.55015478e-13,2.35561236e-13,1.51658135e-13,5.105771045e-14,1.509738549e-13,7.069718864e-14,8.01950969e-14,9.531310858e-14,1.423868261e-13,1.487758301e-13,4.112855961e-13,3.256519994e-13,4.639087267e-13,3.076633785e-13,2.381083722e-13,1.426152053e-13,3.794299468e-13,7.252944114e-14,4.445312117e-14,9.481584325e-14,2.809185754e-14,5.056514733e-14,1.233497789e-13,2.52820672e-13,1.707139201e-13,1.683273444e-13,5.060786047e-14,2.574577577e-13,4.061008603e-14
66.7265625,5.149293354e-13,3.443773739e-13,2.427179506e-13,1.562127192e-13,2.349091431e-13,1.507826079e-13,5.008799757e-14,1.513186276e-13,7.0918795e-14,8.047180938e-14,9.568366746e-14,1.407943796e-13,1.459417941e-13,4.102006756e-13,3.206199482e-13,4.593741058e-13,3.073330282e-13,2.375803958e-13,1.414805227e-13,3.760580982e-13,7.296390906e-14,4.457086124e-14,9.426267809e-14,2.815839409e-14,5.042659132e-14,1.225879965e-13,2.520212912e-13,1.700212659e-13,1.692834103e-13,5.056265841e-14,2.557084578e-13,4.051460433e-14
66.734375,5.151197545e-13,3.404202696e-13,2.418267859e-13,1.578125688e-13,2.341122954e-13,1.498869618e-13,4.907852688e-14,1.516675529e-13,7.106877735e-14,8.070660558e-14,9.60998897e-14,1.391422571e-13,1.431265661e-13,4.088724465e-13,3.156963733e-13,4.549693408e-13,3.070304128e-13,2.371335634e-13,1.402865789e-13,3.7307104e-13,7.338912574e-14,4.46765395e-14,9.369045115e-14,2.822049847e-14,5.031910815e-14,1.21914004e-13,2.512430986e-13,1.692198246e-13,1.702206342e-13,5.048046284e-14,2.538393766e-13,4.047641435e-14
66.7421875,5.150030815e-13,3.367216092e-13,2.412375315e-13,1.595593453e-13,2.332070407e-13,1.490373799e-13,4.807364465e-14,1.520108819e-13,7.114918568e-14,8.096542941e-14,9.653635563e-14,1.37548869e-13,1.405032059e-13,4.074838521e-13,3.112440047e-13,4.51000996e-13,3.07021746e-13,2.369240436e-13,1.39120675e-13,3.702902341e-13,7.380977256e-14,4.475869355e-14,9.311015452e-14,2.826231648e-14,5.02930039e-14,1.213289301e-13,2.505879772e-13,1.684090975e-13,1.713050403e-13,5.041897334e-14,2.520794896e-13,4.046301997e-14
66.75,5.146320336e-13,3.330594098e-13,2.4092718e-13,1.613475373e-13,2.322799965e-13,1.481756093e-13,4.709964847e-14,1.523406135e-13,7.121217916e-14,8.130270031e-14,9.694343986e-14,1.360310716e-13,1.38043298e-13,4.059888285e-13,3.070040541e-13,4.47281141e-13,3.072292235e-13,2.36878687e-13,1.379745699e-13,3.674667904e-13,7.415220593e-14,4.48328321e-14,9.252359449e-14,2.827499097e-14,5.035193221e-14,1.208432735e-13,2.500935776e-13,1.675518936e-13,1.725247095e-13,5.038227252e-14,2.504967626e-13,4.044038329e-14
66.7578125,5.143652545e-13,3.295418699e-13,2.405994251e-13,1.635160056e-13,2.312182314e-13,1.47264273e-13,4.613605675e-14,1.525778583e-13,7.123581275e-14,8.163798053e-14,9.733331694e-14,1.34465739e-13,1.355898147e-13,4.043445344e-13,3.027537611e-13,4.437871135e-13,3.0761772e-13,2.369192495e-13,1.3671883e-13,3.646839079e-13,7.441842012e-14,4.492503952e-14,9.193865344e-14,2.828269891e-14,5.045147135e-14,1.20439386e-13,2.496902167e-13,1.665764815e-13,1.737834401e-13,5.033623346e-14,2.490459387e-13,4.043390462e-14
66.765625,5.143948224e-13,3.260370073e-13,2.401192923e-13,1.662012708e-13,2.300713172e-13,1.464772577e-13,4.520225626e-14,1.527288763e-13,7.12176413e-14,8.191077799e-14,9.778871918e-14,1.328689558e-13,1.332118488e-13,4.02765201e-13,2.987027847e-13,4.406266925e-13,3.083388304e-13,2.371311442e-13,1.354017609e-13,3.617341609e-13,7.462903242e-14,4.505670518e-14,9.138474491e-14,2.830819578e-14,5.058669926e-14,1.20079907e-13,2.494052196e-13,1.655276472e-13,1.751366638e-13,5.02561437e-14,2.476647888e-13,4.048231187e-14
66.7734375,5.142025963e-13,3.221214437e-13,2.395994568e-13,1.692381799e-13,2.289282178e-13,1.457396733e-13,4.431079976e-14,1.528932453e-13,7.117682208e-14,8.215857196e-14,9.831193464e-14,1.313522085e-13,1.309921654e-13,4.011155301e-13,2.949007311e-13,4.376914991e-13,3.093165723e-13,2.374906081e-13,1.341068172e-13,3.585910556e-13,7.476045638e-14,4.5173938e-14,9.084736275e-14,2.837423024e-14,5.079597076e-14,1.19833114e-13,2.493097001e-13,1.643805816e-13,1.765773766e-13,5.015617718e-14,2.462084311e-13,4.057153112e-14
66.78125,5.135642616e-13,3.18232033e-13,2.393682538e-13,1.725109904e-13,2.276116937e-13,1.447992963e-13,4.34180942e-14,1.530888776e-13,7.109320683e-14,8.249681001e-14,9.884881002e-14,1.299581787e-13,1.288701501e-13,3.991981955e-13,2.912527165e-13,4.349562635e-13,3.104123338e-13,2.379317655e-13,1.328166906e-13,3.555547632e-13,7.487634142e-14,4.522420851e-14,9.029544775e-14,2.846309649e-14,5.108676835e-14,1.197875624e-13,2.493564799e-13,1.632336447e-13,1.780993594e-13,5.010018245e-14,2.447719387e-13,4.067446322e-14
66.7890625,5.131161724e-13,3.14857299e-13,2.395496784e-13,1.758310511e-13,2.261666461e-13,1.438293164e-13,4.25072008e-14,1.532746836e-13,7.099390554e-14,8.297737563e-14,9.940816453e-14,1.286561705e-13,1.268238934e-13,3.973380476e-13,2.87774507e-13,4.324246631e-13,3.116793011e-13,2.385429311e-13,1.315668748e-13,3.526035634e-13,7.502687603e-14,4.528258148e-14,8.974841252e-14,2.851936272e-14,5.141205631e-14,1.198563823e-13,2.494147436e-13,1.622736584e-13,1.797879484e-13,5.010251632e-14,2.435899409e-13,4.080908703e-14
66.796875,5.129611926e-13,3.115100483e-13,2.398096908e-13,1.792207476e-13,2.247774757e-13,1.430603677e-13,4.161465771e-14,1.534470372e-13,7.088798906e-14,8.35236071e-14,1.000019059e-13,1.273358491e-13,1.248628585e-13,3.955916048e-13,2.844521653e-13,4.300343791e-13,3.1312715e-13,2.393466326e-13,1.303192892e-13,3.496583364e-13,7.514390685e-14,4.539909388e-14,8.924237687e-14,2.855846613e-14,5.17578175e-14,1.199329431e-13,2.494905287e-13,1.613091595e-13,1.815729279e-13,5.010644646e-14,2.425197331e-13,4.098626777e-14
66.8046875,5.124847965e-13,3.080205641e-13,2.39942006e-13,1.830626193e-13,2.232601337e-13,1.422964186e-13,4.07638326e-14,1.53635259e-13,7.070757595e-14,8.409072143e-14,1.006119929e-13,1.259368526e-13,1.229982566e-13,3.935389645e-13,2.81379699e-13,4.280081992e-13,3.147293091e-13,2.402261534e-13,1.289634277e-13,3.468131419e-13,7.522534838e-14,4.549808124e-14,8.878249545e-14,2.861745207e-14,5.217436051e-14,1.200838721e-13,2.497379021e-13,1.600930634e-13,1.834015846e-13,5.00900855e-14,2.413503897e-13,4.117205634e-14
66.8125,5.116193415e-13,3.048345778e-13,2.400840199e-13,1.873028419e-13,2.215530571e-13,1.413900632e-13,3.993854471e-14,1.538535337e-13,7.046832542e-14,8.466566122e-14,1.012339533e-13,1.245611856e-13,1.212551728e-13,3.911762609e-13,2.787147905e-13,4.265834722e-13,3.165778965e-13,2.411368363e-13,1.275761122e-13,3.440416054e-13,7.5289725e-14,4.55520178e-14,8.833919689e-14,2.867087577e-14,5.266266921e-14,1.20369837e-13,2.501742091e-13,1.587413559e-13,1.853736238e-13,5.005182371e-14,2.401552999e-13,4.135392624e-14
66.8203125,5.106049938e-13,3.018201207e-13,2.402503046e-13,1.915587017e-13,2.198588467e-13,1.404277598e-13,3.911648568e-14,1.540702529e-13,7.021299441e-14,8.519214568e-14,1.018393659e-13,1.232763463e-13,1.195595987e-13,3.887220725e-13,2.763007561e-13,4.25551731e-13,3.186634922e-13,2.420857396e-13,1.262120276e-13,3.413284413e-13,7.524578286e-14,4.5589255e-14,8.788481735e-14,2.872255411e-14,5.31638627e-14,1.207435623e-13,2.506869172e-13,1.573232303e-13,1.873428701e-13,4.997893092e-14,2.389319822e-13,4.155191114e-14
66.828125,5.09461815e-13,2.986839812e-13,2.404058015e-13,1.959571253e-13,2.180974656e-13,1.394222168e-13,3.830623317e-14,1.543025265e-13,6.990347349e-14,8.572584218e-14,1.024210496e-13,1.220256609e-13,1.178623113e-13,3.861467784e-13,2.739518416e-13,4.246726172e-13,3.208458019e-13,2.430881639e-13,1.247622362e-13,3.386307511e-13,7.511645974e-14,4.559687981e-14,8.743990019e-14,2.878748253e-14,5.367864647e-14,1.212027081e-13,2.512509991e-13,1.5582602e-13,1.891108775e-13,4.990687409e-14,2.376431098e-13,4.176975217e-14
66.8359375,5.084521089e-13,2.956260054e-13,2.406998624e-13,2.007191134e-13,2.162662107e-13,1.38455234e-13,3.753171114e-14,1.546453731e-13,6.958944663e-14,8.640694143e-14,1.030634376e-13,1.207717947e-13,1.162927443e-13,3.836152282e-13,2.718426857e-13,4.240646423e-13,3.232261944e-13,2.442848209e-13,1.233022044e-13,3.358769247e-13,7.505673738e-14,4.561718535e-14,8.702707443e-14,2.882417016e-14,5.425375947e-14,1.217626168e-13,2.518618679e-13,1.544605998e-13,1.909266305e-13,4.986622677e-14,2.364366255e-13,4.201221949e-14
66.84375,5.07693115e-13,2.927247659e-13,2.411849242e-13,2.057260917e-13,2.145989194e-13,1.376695441e-13,3.679763985e-14,1.550838658e-13,6.934065442e-14,8.723272153e-14,1.037950785e-13,1.194998866e-13,1.149102988e-13,3.813435637e-13,2.701674286e-13,4.238949744e-13,3.260613544e-13,2.457806473e-13,1.219720574e-13,3.333235001e-13,7.506284505e-14,4.570329588e-14,8.662344346e-14,2.885310946e-14,5.490337726e-14,1.22371751e-13,2.525267491e-13,1.532776681e-13,1.930528253e-13,4.982492615e-14,2.353230521e-13,4.228142183e-14
66.8515625,5.067045376e-13,2.898725392e-13,2.417589181e-13,2.109737522e-13,2.129008454e-13,1.369308639e-13,3.610025856e-14,1.555032381e-13,6.905370473e-14,8.810000602e-14,1.045127014e-13,1.182099846e-13,1.136212976e-13,3.790920181e-13,2.6886895e-13,4.241170762e-13,3.29273076e-13,2.474162424e-13,1.206354531e-13,3.310773131e-13,7.501732903e-14,4.577122108e-14,8.623351047e-14,2.893979077e-14,5.561923187e-14,1.230383799e-13,2.533509647e-13,1.519892666e-13,1.953360617e-13,4.977483298e-14,2.341824086e-13,4.254466605e-14
66.859375,5.052700696e-13,2.871315334e-13,2.423982241e-13,2.164852932e-13,2.109124622e-13,1.360809637e-13,3.542552331e-14,1.559045362e-13,6.867174628e-14,8.895160766e-14,1.051625704e-13,1.169668254e-13,1.123937421e-13,3.766381649e-13,2.677986458e-13,4.246242968e-13,3.326036476e-13,2.490263894e-13,1.191806876e-13,3.288008319e-13,7.490345394e-14,4.576060572e-14,8.589280914e-14,2.905339604e-14,5.637297524e-14,1.238257712e-13,2.543367212e-13,1.504823778e-13,1.976243914e-13,4.974827725e-14,2.330219106e-13,4.279446646e-14
66.8671875,5.037257025e-13,2.845420105e-13,2.431484718e-13,2.221295164e-13,2.089021198e-13,1.352596013e-13,3.474344024e-14,1.563429728e-13,6.829707598e-14,8.979986353e-14,1.058056201e-13,1.157979053e-13,1.11217486e-13,3.741619247e-13,2.668896129e-13,4.254341741e-13,3.360786754e-13,2.506863258e-13,1.17716641e-13,3.265928936e-13,7.478295963e-14,4.575522042e-14,8.557233584e-14,2.915612184e-14,5.712996854e-14,1.247000896e-13,2.553164523e-13,1.489300582e-13,1.999808231e-13,4.975188262e-14,2.317995917e-13,4.30770236e-14
66.875,5.022986867e-13,2.820579989e-13,2.440784786e-13,2.279428823e-13,2.070503566e-13,1.345862633e-13,3.407072262e-14,1.567928809e-13,6.795774774e-14,9.069339295e-14,1.064986254e-13,1.146807905e-13,1.100936324e-13,3.718490308e-13,2.662511263e-13,4.266076105e-13,3.397990806e-13,2.524791949e-13,1.162995327e-13,3.248266645e-13,7.468975357e-14,4.580176089e-14,8.522979265e-14,2.92821562e-14,5.790693057e-14,1.256152972e-13,2.562423667e-13,1.474372148e-13,2.024466312e-13,4.977396213e-14,2.305276067e-13,4.341546809e-14
66.8828125,5.010046037e-13,2.7955742e-13,2.452556272e-13,2.33969512e-13,2.052068172e-13,1.339789364e-13,3.346369961e-14,1.572684799e-13,6.761165658e-14,9.162045818e-14,1.072533517e-13,1.136568799e-13,1.091696759e-13,3.696900307e-13,2.659957562e-13,4.280941833e-13,3.437057973e-13,2.543830197e-13,1.149366394e-13,3.231664102e-13,7.456963542e-14,4.586217034e-14,8.490090446e-14,2.943861771e-14,5.874328108e-14,1.266294712e-13,2.572968835e-13,1.459491123e-13,2.050446262e-13,4.980588332e-14,2.294670458e-13,4.379082261e-14
66.890625,4.997637432e-13,2.769717147e-13,2.466186549e-13,2.400614727e-13,2.033304166e-13,1.333699448e-13,3.291030071e-14,1.578529401e-13,6.726766945e-14,9.252944107e-14,1.080492654e-13,1.127327361e-13,1.084927492e-13,3.675704202e-13,2.660318174e-13,4.298198426e-13,3.477976266e-13,2.564026919e-13,1.136732024e-13,3.212157696e-13,7.436321948e-14,4.591988706e-14,8.462196891e-14,2.960352469e-14,5.96359218e-14,1.277774967e-13,2.586191586e-13,1.4442245e-13,2.077809452e-13,4.984590011e-14,2.286128192e-13,4.418176692e-14
66.8984375,4.984272686e-13,2.746689437e-13,2.480210248e-13,2.461886626e-13,2.01388721e-13,1.327482365e-13,3.23554446e-14,1.585239225e-13,6.6918008e-14,9.344123852e-14,1.088383675e-13,1.11818217e-13,1.078631477e-13,3.653857304e-13,2.663102587e-13,4.318274542e-13,3.520745774e-13,2.584992341e-13,1.124439515e-13,3.19325688e-13,7.414952616e-14,4.59694021e-14,8.437142664e-14,2.978200485e-14,6.05532401e-14,1.289780308e-13,2.600630069e-13,1.429296795e-13,2.105629429e-13,4.989474275e-14,2.276113897e-13,4.457095898e-14
66.90625,4.970321363e-13,2.72853102e-13,2.493870291e-13,2.524560825e-13,1.993182426e-13,1.321100817e-13,3.180984813e-14,1.591746931e-13,6.654093024e-14,9.437065419e-14,1.095941733e-13,1.108943907e-13,1.072206082e-13,3.632179785e-13,2.669178414e-13,4.341566255e-13,3.564476087e-13,2.605979991e-13,1.111567246e-13,3.177742077e-13,7.400442918e-14,4.600606788e-14,8.412887034e-14,2.998071392e-14,6.147380206e-14,1.30137836e-13,2.614143005e-13,1.414927402e-13,2.133642699e-13,4.992709421e-14,2.264391958e-13,4.495342572e-14
66.9140625,4.95728233e-13,2.709931465e-13,2.507076134e-13,2.589429023e-13,1.972381174e-13,1.315093956e-13,3.130695761e-14,1.59816141e-13,6.61492226e-14,9.528330484e-14,1.103393479e-13,1.099985419e-13,1.066941965e-13,3.611407829e-13,2.677594246e-13,4.367240531e-13,3.609675634e-13,2.627567668e-13,1.098475554e-13,3.163506898e-13,7.384294682e-14,4.604449836e-14,8.389540336e-14,3.019668279e-14,6.240945226e-14,1.31290744e-13,2.626991244e-13,1.399667114e-13,2.162163821e-13,4.993004138e-14,2.25277823e-13,4.535622028e-14
66.921875,4.945199891e-13,2.689599312e-13,2.520516762e-13,2.657209845e-13,1.952214843e-13,1.310239565e-13,3.083154938e-14,1.605342097e-13,6.574420221e-14,9.619437267e-14,1.111219519e-13,1.091000785e-13,1.062589666e-13,3.589826022e-13,2.687131695e-13,4.394925836e-13,3.656903274e-13,2.650459864e-13,1.085535069e-13,3.150408124e-13,7.362202774e-14,4.608774992e-14,8.368858322e-14,3.041972201e-14,6.338579846e-14,1.325809081e-13,2.640340653e-13,1.383347583e-13,2.190639279e-13,4.994850902e-14,2.240171201e-13,4.582540864e-14
66.9296875,4.933225678e-13,2.672903708e-13,2.535860879e-13,2.72728459e-13,1.932216434e-13,1.306331787e-13,3.036970054e-14,1.612897217e-13,6.532332731e-14,9.711860547e-14,1.119678338e-13,1.08211706e-13,1.058391056e-13,3.566838154e-13,2.699174523e-13,4.425249814e-13,3.704927568e-13,2.67424419e-13,1.072744124e-13,3.13935244e-13,7.341918609e-14,4.61344873e-14,8.353430763e-14,3.063959601e-14,6.439262061e-14,1.340453345e-13,2.654556137e-13,1.367676543e-13,2.219435844e-13,5.000517865e-14,2.226318311e-13,4.636045518e-14
66.9375,4.920018047e-13,2.658510745e-13,2.553440881e-13,2.797334448e-13,1.91251842e-13,1.301798143e-13,2.993227873e-14,1.620150513e-13,6.489736319e-14,9.803460608e-14,1.128170249e-13,1.074141006e-13,1.054852152e-13,3.543925279e-13,2.713932616e-13,4.457443035e-13,3.753629298e-13,2.698595688e-13,1.060381456e-13,3.127850866e-13,7.321708588e-14,4.617820764e-14,8.340834119e-14,3.087827659e-14,6.540966932e-14,1.35545934e-13,2.669399362e-13,1.352349214e-13,2.24871633e-13,5.006588906e-14,2.213377414e-13,4.688309211e-14
66.9453125,4.90556177e-13,2.643000694e-13,2.571206408e-13,2.866297171e-13,1.892583722e-13,1.295945332e-13,2.951628209e-14,1.627870928e-13,6.446636436e-14,9.895271103e-14,1.135810627e-13,1.066847738e-13,1.052014466e-13,3.520921111e-13,2.729695947e-13,4.490830293e-13,3.804221474e-13,2.723491855e-13,1.048296932e-13,3.115277302e-13,7.294173958e-14,4.619783426e-14,8.326349983e-14,3.116339471e-14,6.644610779e-14,1.370098126e-13,2.68353242e-13,1.336265688e-13,2.276264243e-13,5.011351999e-14,2.200978561e-13,4.73492751e-14
66.953125,4.89271934e-13,2.631140056e-13,2.588357128e-13,2.936681733e-13,1.871913908e-13,1.291168793e-13,2.911456713e-14,1.636506976e-13,6.403538277e-14,9.984801908e-14,1.142908925e-13,1.059636319e-13,1.04992207e-13,3.498032989e-13,2.748032091e-13,4.528147373e-13,3.856976191e-13,2.749177313e-13,1.03621525e-13,3.10453084e-13,7.263939867e-14,4.622173517e-14,8.311768995e-14,3.147670645e-14,6.749583066e-14,1.384953989e-13,2.696920044e-13,1.320994827e-13,2.30255876e-13,5.014443622e-14,2.187792397e-13,4.781181777e-14
66.9609375,4.881946069e-13,2.624503068e-13,2.60686906e-13,3.011011355e-13,1.85137303e-13,1.289333327e-13,2.872933123e-14,1.645120203e-13,6.359539537e-14,1.006724109e-13,1.15056235e-13,1.053063024e-13,1.049738617e-13,3.477375072e-13,2.771678753e-13,4.571295546e-13,3.912012095e-13,2.776266332e-13,1.024331001e-13,3.095594926e-13,7.236386253e-14,4.628410379e-14,8.298703034e-14,3.178155062e-14,6.85363181e-14,1.400303499e-13,2.712146996e-13,1.307160193e-13,2.331246893e-13,5.015552792e-14,2.175363605e-13,4.828629038e-14
66.96875,4.870061416e-13,2.616985834e-13,2.627344944e-13,3.08598393e-13,1.830467109e-13,1.287998234e-13,2.835712777e-14,1.653777606e-13,6.313094553e-14,1.014891718e-13,1.158886306e-13,1.047393478e-13,1.051134378e-13,3.457802039e-13,2.798842377e-13,4.617668328e-13,3.968904774e-13,2.804273175e-13,1.012334889e-13,3.087380084e-13,7.206324606e-14,4.633184753e-14,8.283122863e-14,3.208528401e-14,6.95835589e-14,1.416362134e-13,2.728999264e-13,1.292453167e-13,2.361799851e-13,5.017845403e-14,2.16435053e-13,4.872702826e-14
66.9765625,4.857544386e-13,2.607212845e-13,2.647509632e-13,3.157949534e-13,1.808804396e-13,1.285152327e-13,2.800959478e-14,1.66386163e-13,6.269807877e-14,1.023696029e-13,1.166828305e-13,1.041528845e-13,1.052356613e-13,3.436647059e-13,2.826869869e-13,4.665825891e-13,4.026055918e-13,2.832164704e-13,1.000051925e-13,3.081240884e-13,7.170423798e-14,4.635001834e-14,8.266583383e-14,3.24320625e-14,7.067253406e-14,1.433553947e-13,2.74422123e-13,1.276579829e-13,2.391669422e-13,5.02141913e-14,2.152590192e-13,4.916346929e-14
66.984375,4.84743908e-13,2.598984077e-13,2.666359901e-13,3.231169358e-13,1.789106702e-13,1.282994451e-13,2.771630877e-14,1.675623674e-13,6.234903142e-14,1.032634305e-13,1.173705305e-13,1.03500939e-13,1.053918838e-13,3.416279164e-13,2.85721694e-13,4.718056729e-13,4.083832278e-13,2.860425634e-13,9.885095963e-14,3.076165363e-13,7.134838484e-14,4.642028106e-14,8.255271346e-14,3.281640443e-14,7.181438109e-14,1.451355127e-13,2.757750543e-13,1.261778791e-13,2.421786678e-13,5.021397211e-14,2.13949182e-13,4.965741991e-14
66.9921875,4.838758589e-13,2.59490281e-13,2.685600632e-13,3.307762662e-13,1.771817269e-13,1.282662956e-13,2.74770361e-14,1.687932454e-13,6.202387846e-14,1.04100679e-13,1.18034811e-13,1.028792729e-13,1.057288104e-13,3.399563891e-13,2.891973617e-13,4.775517229e-13,4.144398755e-13,2.889723526e-13,9.779360334e-14,3.070899331e-13,7.10653209e-14,4.65368698e-14,8.24683529e-14,3.319023165e-14,7.298638669e-14,1.469038429e-13,2.771310884e-13,1.248683672e-13,2.452620396e-13,5.020313624e-14,2.126684729e-13,5.018658675e-14
67,4.829926549e-13,2.596064843e-13,2.705936998e-13,3.380755167e-13,1.753128336e-13,1.282084094e-13,2.726529186e-14,1.699885609e-13,6.166395463e-14,1.048519447e-13,1.187938293e-13,1.02314052e-13,1.061326357e-13,3.384050487e-13,2.930251015e-13,4.836867029e-13,4.207006469e-13,2.919470808e-13,9.671392088e-14,3.068356484e-13,7.085239007e-14,4.661543204e-14,8.235290883e-14,3.357946609e-14,7.413613837e-14,1.486807588e-13,2.784403243e-13,1.236550637e-13,2.482697642e-13,5.024731462e-14,2.114361619e-13,5.070227293e-14
67.0078125,4.822733645e-13,2.600193238e-13,2.725549741e-13,3.449027423e-13,1.73267591e-13,1.281152611e-13,2.706681758e-14,1.711713009e-13,6.130003608e-14,1.055140578e-13,1.195812488e-13,1.0172154e-13,1.064663813e-13,3.367410306e-13,2.970419825e-13,4.900511291e-13,4.268572826e-13,2.949190514e-13,9.560445244e-14,3.068162465e-13,7.06572966e-14,4.666960734e-14,8.221357249e-14,3.402988828e-14,7.523893732e-14,1.50487598e-13,2.796236984e-13,1.22497406e-13,2.511905902e-13,5.03172529e-14,2.101116097e-13,5.119600601e-14
67.015625,4.817650515e-13,2.603955122e-13,2.743581858e-13,3.519741943e-13,1.713787463e-13,1.281869724e-13,2.68745317e-14,1.724440024e-13,6.096624694e-14,1.061520742e-13,1.202332801e-13,1.011190558e-13,1.068544822e-13,3.351231142e-13,3.012747964e-13,4.966275678e-13,4.329143163e-13,2.979092987e-13,9.456424852e-14,3.06632715e-13,7.04524978e-14,4.675551272e-14,8.208283832e-14,3.449574624e-14,7.633313644e-14,1.523151227e-13,2.807325138e-13,1.213645343e-13,2.541266216e-13,5.037014271e-14,2.086961102e-13,5.167657546e-14
67.0234375,4.811952187e-13,2.608052528e-13,2.762048174e-13,3.59355597e-13,1.696244034e-13,1.283970465e-13,2.669767386e-14,1.738333971e-13,6.065634563e-14,1.06837769e-13,1.207732548e-13,1.006172684e-13,1.073954826e-13,3.336783568e-13,3.05808211e-13,5.0351646e-13,4.391828569e-13,3.009372227e-13,9.358825806e-14,3.064087336e-13,7.024882392e-14,4.68622596e-14,8.196770419e-14,3.49754763e-14,7.745116226e-14,1.541552637e-13,2.8188425e-13,1.20255184e-13,2.572249427e-13,5.043803909e-14,2.073657839e-13,5.214255766e-14
67.03125,4.804645875e-13,2.613469615e-13,2.78222072e-13,3.66720355e-13,1.677924038e-13,1.28596256e-13,2.656801874e-14,1.752517374e-13,6.036146656e-14,1.075222689e-13,1.213587247e-13,1.00207684e-13,1.079555342e-13,3.323187001e-13,3.105138361e-13,5.105873562e-13,4.456874449e-13,3.039419468e-13,9.261684278e-14,3.06387588e-13,7.005258843e-14,4.697139447e-14,8.186098862e-14,3.555769397e-14,7.857423103e-14,1.559716206e-13,2.830582451e-13,1.191592802e-13,2.604636113e-13,5.052582506e-14,2.061625373e-13,5.257755113e-14
67.0390625,4.797982196e-13,2.619506587e-13,2.80230342e-13,3.741068369e-13,1.659876067e-13,1.288123339e-13,2.648140803e-14,1.766800631e-13,6.010167409e-14,1.081141208e-13,1.220014465e-13,9.980003794e-14,1.084231092e-13,3.309304508e-13,3.151774405e-13,5.175642437e-13,4.520790784e-13,3.067783207e-13,9.165445636e-14,3.064457154e-13,6.98544492e-14,4.708739751e-14,8.176511294e-14,3.62175902e-14,7.966461491e-14,1.577559891e-13,2.839739844e-13,1.180416432e-13,2.635211541e-13,5.059011525e-14,2.049014187e-13,5.299223682e-14
67.046875,4.792699322e-13,2.626728461e-13,2.820818209e-13,3.812979692e-13,1.643168623e-13,1.291264401e-13,2.639717967e-14,1.781793663e-13,5.990392287e-14,1.086516426e-13,1.225676956e-13,9.93951108e-14,1.088477942e-13,3.294568054e-13,3.198330434e-13,5.245133393e-13,4.582020081e-13,3.09423533e-13,9.072299266e-14,3.066286911e-13,6.964195813e-14,4.720148359e-14,8.168790763e-14,3.685853589e-14,8.068726922e-14,1.595271402e-13,2.845660971e-13,1.169781971e-13,2.663341927e-13,5.062794513e-14,2.034771284e-13,5.341834837e-14
67.0546875,4.786810434e-13,2.635211605e-13,2.83881905e-13,3.880188692e-13,1.626090401e-13,1.295198928e-13,2.631165307e-14,1.797107291e-13,5.973236892e-14,1.09217258e-13,1.230127117e-13,9.903865914e-14,1.092988908e-13,3.279337063e-13,3.24637051e-13,5.315607746e-13,4.642187978e-13,3.120376858e-13,8.982151915e-14,3.070370719e-13,6.942673697e-14,4.730500349e-14,8.159734974e-14,3.750193269e-14,8.162933298e-14,1.612309423e-13,2.851091047e-13,1.160518421e-13,2.691515054e-13,5.065736147e-14,2.019876155e-13,5.382591472e-14
67.0625,4.780362322e-13,2.645352164e-13,2.857375688e-13,3.946574275e-13,1.607950798e-13,1.299538288e-13,2.624426355e-14,1.812210127e-13,5.953432315e-14,1.097517115e-13,1.234389188e-13,9.872519352e-14,1.097930819e-13,3.264245567e-13,3.295979235e-13,5.386141582e-13,4.702219496e-13,3.146710603e-13,8.892983664e-14,3.07518346e-13,6.926446357e-14,4.740201415e-14,8.145853607e-14,3.820614986e-14,8.252499995e-14,1.628444316e-13,2.856015596e-13,1.151764821e-13,2.719611932e-13,5.067195466e-14,2.004885405e-13,5.417566554e-14
67.0703125,4.774702966e-13,2.659116261e-13,2.875756306e-13,4.015355851e-13,1.590160337e-13,1.304060571e-13,2.619111272e-14,1.827859038e-13,5.933639718e-14,1.101757624e-13,1.239076243e-13,9.841294486e-14,1.103161604e-13,3.248840038e-13,3.346945083e-13,5.457831323e-13,4.761981746e-13,3.172165169e-13,8.801884403e-14,3.07997503e-13,6.917560482e-14,4.749082422e-14,8.131909475e-14,3.897855898e-14,8.343126246e-14,1.64434683e-13,2.859015304e-13,1.142888448e-13,2.746574208e-13,5.067272762e-14,1.988980431e-13,5.450818446e-14
67.078125,4.768043464e-13,2.675007661e-13,2.892907036e-13,4.083720068e-13,1.572858899e-13,1.308542363e-13,2.615152633e-14,1.84411544e-13,5.915932057e-14,1.105598253e-13,1.243741943e-13,9.806142321e-14,1.1086808e-13,3.232864228e-13,3.399503713e-13,5.53191229e-13,4.8219264e-13,3.197108238e-13,8.711595905e-14,3.084212944e-13,6.90886911e-14,4.756470668e-14,8.122940922e-14,3.981908274e-14,8.437738604e-14,1.65985617e-13,2.861871247e-13,1.134584162e-13,2.772707067e-13,5.06800218e-14,1.972130926e-13,5.483857294e-14
67.0859375,4.759690844e-13,2.689680575e-13,2.909459336e-13,4.149458712e-13,1.555573088e-13,1.313186681e-13,2.612765288e-14,1.859862601e-13,5.89775457e-14,1.109669007e-13,1.24833225e-13,9.770871245e-14,1.114897214e-13,3.217431444e-13,3.453226909e-13,5.606594383e-13,4.882086681e-13,3.223177648e-13,8.629662739e-14,3.088611773e-13,6.895457313e-14,4.763474094e-14,8.115240835e-14,4.068675097e-14,8.5341297e-14,1.674845796e-13,2.865704823e-13,1.12691194e-13,2.798279782e-13,5.070694895e-14,1.9558879e-13,5.512867091e-14
67.09375,4.753051044e-13,2.703514407e-13,2.92681516e-13,4.213741778e-13,1.539393177e-13,1.318378668e-13,2.610859772e-14,1.875748037e-13,5.884037819e-14,1.113480503e-13,1.252892796e-13,9.744386225e-14,1.121758669e-13,3.202671038e-13,3.507776387e-13,5.682162124e-13,4.941225242e-13,3.249834437e-13,8.554878523e-14,3.098018239e-13,6.881042877e-14,4.772819274e-14,8.104773883e-14,4.155565332e-14,8.627171329e-14,1.690706694e-13,2.869380048e-13,1.1192056e-13,2.824630633e-13,5.074551991e-14,1.940625563e-13,5.542204918e-14
67.1015625,4.748508215e-13,2.71797503e-13,2.944210927e-13,4.277831218e-13,1.524574328e-13,1.323992801e-13,2.610699735e-14,1.893287239e-13,5.880424462e-14,1.116902276e-13,1.256536425e-13,9.723053354e-14,1.128691467e-13,3.187392144e-13,3.563283883e-13,5.76011998e-13,4.998041916e-13,3.274703765e-13,8.477841718e-14,3.113116304e-13,6.868461602e-14,4.784643056e-14,8.090669039e-14,4.250432513e-14,8.714251253e-14,1.707354728e-13,2.87206895e-13,1.111540086e-13,2.851583789e-13,5.077210823e-14,1.924616263e-13,5.577026672e-14
67.109375,4.742814789e-13,2.733461642e-13,2.95959927e-13,4.341154939e-13,1.509805078e-13,1.329788688e-13,2.613824571e-14,1.911626286e-13,5.881068228e-14,1.120183964e-13,1.259104999e-13,9.697120759e-14,1.135780786e-13,3.171817123e-13,3.619085705e-13,5.837858289e-13,5.052577519e-13,3.297722819e-13,8.398022434e-14,3.127520628e-13,6.857119815e-14,4.796330675e-14,8.070859725e-14,4.356235156e-14,8.796920359e-14,1.722400873e-13,2.87234927e-13,1.104487403e-13,2.876215146e-13,5.077180621e-14,1.907519927e-13,5.609672219e-14
67.1171875,4.736536617e-13,2.749857755e-13,2.973114817e-13,4.401530636e-13,1.49545366e-13,1.335833462e-13,2.617028844e-14,1.929400365e-13,5.882007019e-14,1.122841419e-13,1.261648272e-13,9.669749817e-14,1.143050687e-13,3.156591746e-13,3.673956281e-13,5.912649894e-13,5.105444162e-13,3.320650375e-13,8.322765892e-14,3.139801902e-13,6.847420953e-14,4.808121963e-14,8.045891929e-14,4.464247753e-14,8.87604664e-14,1.735598166e-13,2.869639585e-13,1.09821131e-13,2.898804818e-13,5.075281064e-14,1.890603559e-13,5.635281311e-14
67.125,4.732114719e-13,2.766250428e-13,2.986137252e-13,4.457814824e-13,1.482536646e-13,1.342059229e-13,2.618151467e-14,1.946785009e-13,5.885887298e-14,1.12444087e-13,1.264186032e-13,9.645121148e-14,1.149822708e-13,3.14073388e-13,3.727162883e-13,5.984552838e-13,5.155676819e-13,3.34272955e-13,8.251446117e-14,3.154156082e-13,6.839058856e-14,4.82189943e-14,8.018740516e-14,4.571122411e-14,8.949317499e-14,1.748914777e-13,2.865452824e-13,1.092385787e-13,2.920915509e-13,5.072791381e-14,1.873239692e-13,5.661980885e-14
67.1328125,4.728054259e-13,2.783069215e-13,2.998454186e-13,4.511163098e-13,1.469668955e-13,1.348240215e-13,2.62052645e-14,1.963672164e-13,5.889669975e-14,1.125506245e-13,1.265813133e-13,9.61770606e-14,1.156185077e-13,3.123462545e-13,3.779052693e-13,6.053895193e-13,5.202059633e-13,3.362255989e-13,8.178449537e-14,3.17025919e-13,6.830618528e-14,4.83543939e-14,7.988328439e-14,4.679931054e-14,9.016138473e-14,1.762085039e-13,2.859525325e-13,1.086498648e-13,2.94133408e-13,5.068711362e-14,1.854415364e-13,5.690629111e-14
67.140625,4.722569022e-13,2.800317304e-13,3.008647092e-13,4.562451525e-13,1.455589597e-13,1.354425945e-13,2.626320382e-14,1.980062356e-13,5.892066722e-14,1.126522458e-13,1.266315293e-13,9.586318e-14,1.162596742e-13,3.104980892e-13,3.831046971e-13,6.12264068e-13,5.246213651e-13,3.380500437e-13,8.104481235e-14,3.185072421e-13,6.822448087e-14,4.846296781e-14,7.951595261e-14,4.792355947e-14,9.079895673e-14,1.773401708e-13,2.850729416e-13,1.080140714e-13,2.960876774e-13,5.060461487e-14,1.835142825e-13,5.710822792e-14
67.1484375,4.717562668e-13,2.81593588e-13,3.015869111e-13,4.612053358e-13,1.44147505e-13,1.360891722e-13,2.633494114e-14,1.99694418e-13,5.899993284e-14,1.127053613e-13,1.266071875e-13,9.555776293e-14,1.168851844e-13,3.085853335e-13,3.883668131e-13,6.192868431e-13,5.290568985e-13,3.39899438e-13,8.032002616e-14,3.198660671e-13,6.816821754e-14,4.857075666e-14,7.908782407e-14,4.912806704e-14,9.141504049e-14,1.783264831e-13,2.840218485e-13,1.073536647e-13,2.980511279e-13,5.048764459e-14,1.815848146e-13,5.723233256e-14
67.15625,4.714309419e-13,2.831832252e-13,3.021077775e-13,4.661390904e-13,1.428288231e-13,1.367785719e-13,2.640407477e-14,2.014024443e-13,5.913680956e-14,1.126742218e-13,1.265532872e-13,9.528021387e-14,1.175196633e-13,3.067367862e-13,3.935557575e-13,6.262278721e-13,5.334146919e-13,3.416556971e-13,7.959821316e-14,3.21263744e-13,6.816074527e-14,4.870101656e-14,7.864115352e-14,5.042559295e-14,9.197334595e-14,1.792932642e-13,2.82848918e-13,1.067744321e-13,2.997799793e-13,5.03721655e-14,1.795956953e-13,5.737718431e-14
67.1640625,4.710629687e-13,2.8510253e-13,3.026016898e-13,4.710043236e-13,1.415578451e-13,1.374880331e-13,2.647513655e-14,2.030199556e-13,5.927783796e-14,1.126037187e-13,1.264437306e-13,9.503110959e-14,1.181650513e-13,3.049312276e-13,3.985856993e-13,6.328017933e-13,5.373405865e-13,3.431972484e-13,7.887094683e-14,3.228300622e-13,6.818653788e-14,4.883588941e-14,7.820957241e-14,5.174533979e-14,9.24614158e-14,1.802149793e-13,2.814696994e-13,1.063325732e-13,3.012943017e-13,5.025717906e-14,1.775780461e-13,5.752737714e-14
67.171875,4.705473319e-13,2.87045522e-13,3.030838251e-13,4.75451007e-13,1.402988203e-13,1.381864218e-13,2.654934449e-14,2.045662922e-13,5.944020963e-14,1.125032587e-13,1.262064269e-13,9.480641286e-14,1.187171429e-13,3.029897289e-13,4.03521777e-13,6.390946879e-13,5.407123922e-13,3.445878522e-13,7.814367955e-14,3.245872173e-13,6.820594948e-14,4.896424022e-14,7.775875069e-14,5.307049425e-14,9.289288782e-14,1.810299682e-13,2.799244036e-13,1.059484478e-13,3.027776583e-13,5.013161722e-14,1.755431975e-13,5.76110192e-14
67.1796875,4.700714031e-13,2.888311962e-13,3.034974851e-13,4.793710427e-13,1.390540698e-13,1.388800835e-13,2.661698134e-14,2.060847768e-13,5.964044595e-14,1.123400317e-13,1.259124876e-13,9.460751729e-14,1.191874314e-13,3.010027049e-13,4.08443381e-13,6.453219451e-13,5.438494004e-13,3.459019974e-13,7.741778092e-14,3.264212777e-13,6.822965075e-14,4.909268757e-14,7.725059723e-14,5.444027907e-14,9.326035179e-14,1.817744474e-13,2.782664356e-13,1.055454588e-13,3.04141593e-13,5.002022414e-14,1.734886304e-13,5.763870671e-14
67.1875,4.696587626e-13,2.906573204e-13,3.038025383e-13,4.830294963e-13,1.378339871e-13,1.395647907e-13,2.668194328e-14,2.076382131e-13,5.985464465e-14,1.121755856e-13,1.256347301e-13,9.440260932e-14,1.196430605e-13,2.990389853e-13,4.133629535e-13,6.516222077e-13,5.470073212e-13,3.470561363e-13,7.668507175e-14,3.282974559e-13,6.828141151e-14,4.921094275e-14,7.671452518e-14,5.582511519e-14,9.356570836e-14,1.82473494e-13,2.764729961e-13,1.051108095e-13,3.053874992e-13,4.990553859e-14,1.714307669e-13,5.764219512e-14
67.1953125,4.690846748e-13,2.923356771e-13,3.03814503e-13,4.865168928e-13,1.365903397e-13,1.40194758e-13,2.675993166e-14,2.093168271e-13,6.009225479e-14,1.120674403e-13,1.25224389e-13,9.409121251e-14,1.199915316e-13,2.967351967e-13,4.181262416e-13,6.578327427e-13,5.498790443e-13,3.478980593e-13,7.592493597e-14,3.302232295e-13,6.832935166e-14,4.930406171e-14,7.616210238e-14,5.720879789e-14,9.38227324e-14,1.830345204e-13,2.744823327e-13,1.046313738e-13,3.064570857e-13,4.973461148e-14,1.692213354e-13,5.763188904e-14
67.203125,4.682398861e-13,2.937638551e-13,3.034536416e-13,4.89739764e-13,1.352122187e-13,1.407614608e-13,2.684012531e-14,2.110132182e-13,6.035461698e-14,1.119421895e-13,1.246267861e-13,9.368147172e-14,1.202145841e-13,2.940097873e-13,4.225333427e-13,6.635001256e-13,5.520848615e-13,3.484675999e-13,7.513952881e-14,3.320816254e-13,6.836387644e-14,4.937368546e-14,7.55745059e-14,5.866044737e-14,9.401505399e-14,1.833898214e-13,2.721707161e-13,1.041614491e-13,3.07157462e-13,4.953211821e-14,1.667716983e-13,5.76227764e-14
67.2109375,4.672879439e-13,2.953676123e-13,3.029811822e-13,4.927221499e-13,1.338084065e-13,1.413117507e-13,2.690005351e-14,2.125709357e-13,6.062888086e-14,1.117527977e-13,1.240255816e-13,9.332869412e-14,1.204467804e-13,2.913212809e-13,4.26717146e-13,6.686117812e-13,5.538083351e-13,3.48973466e-13,7.438139081e-14,3.33939435e-13,6.843236109e-14,4.943723464e-14,7.498536917e-14,6.020354947e-14,9.414255956e-14,1.836647959e-13,2.695702953e-13,1.038132605e-13,3.077379762e-13,4.933838242e-14,1.642864463e-13,5.760210742e-14
67.21875,4.665688636e-13,2.972249618e-13,3.025534483e-13,4.953647938e-13,1.326820271e-13,1.419018177e-13,2.69459788e-14,2.140210748e-13,6.094328796e-14,1.115480755e-13,1.234664275e-13,9.306042105e-14,1.207041469e-13,2.888409262e-13,4.30936645e-13,6.736197595e-13,5.554096077e-13,3.495002479e-13,7.369914148e-14,3.360354619e-13,6.853760339e-14,4.953057163e-14,7.439649809e-14,6.177689716e-14,9.423136662e-14,1.839804288e-13,2.669116717e-13,1.035810995e-13,3.083951842e-13,4.913217326e-14,1.618910335e-13,5.754886086e-14
67.2265625,4.661217934e-13,2.988593218e-13,3.020723362e-13,4.975362824e-13,1.318043842e-13,1.425840271e-13,2.69884099e-14,2.153635851e-13,6.12779426e-14,1.113562377e-13,1.228531655e-13,9.280477236e-14,1.209477095e-13,2.863984947e-13,4.350549661e-13,6.784845526e-13,5.568647278e-13,3.499746587e-13,7.307177219e-14,3.382143428e-13,6.862365224e-14,4.966058803e-14,7.372497739e-14,6.334283078e-14,9.42606075e-14,1.84207697e-13,2.64249856e-13,1.033484992e-13,3.088492831e-13,4.892391511e-14,1.595565842e-13,5.746007847e-14
67.234375,4.654800086e-13,3.000182891e-13,3.015044941e-13,4.994375273e-13,1.308857504e-13,1.433270293e-13,2.702769299e-14,2.165837265e-13,6.158369167e-14,1.111672965e-13,1.221793044e-13,9.260544693e-14,1.211931429e-13,2.839223172e-13,4.388267472e-13,6.82792826e-13,5.579504319e-13,3.502988515e-13,7.243676558e-14,3.402027771e-13,6.866648404e-14,4.977482042e-14,7.295780355e-14,6.493214089e-14,9.420598558e-14,1.842097521e-13,2.61450047e-13,1.030540058e-13,3.091392849e-13,4.873203285e-14,1.573522806e-13,5.730827916e-14
67.2421875,4.645056307e-13,3.010827166e-13,3.007922242e-13,5.011098474e-13,1.299102762e-13,1.440033421e-13,2.707544458e-14,2.178102609e-13,6.192173595e-14,1.109411434e-13,1.214208365e-13,9.245842279e-14,1.213729337e-13,2.812697146e-13,4.423437284e-13,6.865847353e-13,5.585649257e-13,3.503951338e-13,7.178046367e-14,3.422290115e-13,6.871022991e-14,4.985389385e-14,7.218612079e-14,6.658417826e-14,9.408865242e-14,1.840949603e-13,2.584747922e-13,1.027503358e-13,3.094950062e-13,4.849750645e-14,1.552013478e-13,5.709775303e-14
67.25,4.635543162e-13,3.025143619e-13,2.998596402e-13,5.02284641e-13,1.289721322e-13,1.445826452e-13,2.713055238e-14,2.19061762e-13,6.232850106e-14,1.106446514e-13,1.205525278e-13,9.225029544e-14,1.214115289e-13,2.783110296e-13,4.457476401e-13,6.900982323e-13,5.587072827e-13,3.502637969e-13,7.113504112e-14,3.444680295e-13,6.881329219e-14,4.99316951e-14,7.145634367e-14,6.82691152e-14,9.389657436e-14,1.839623806e-13,2.553583387e-13,1.025234712e-13,3.097357061e-13,4.820886878e-14,1.528497912e-13,5.690058551e-14
67.2578125,4.625602132e-13,3.040024411e-13,2.988688271e-13,5.031310192e-13,1.280323141e-13,1.451869037e-13,2.717717872e-14,2.20257984e-13,6.271957448e-14,1.103333597e-13,1.196717544e-13,9.200506038e-14,1.213505248e-13,2.752138125e-13,4.490188604e-13,6.933119434e-13,5.584112713e-13,3.499408428e-13,7.049766068e-14,3.467155243e-13,6.89831542e-14,5.000058837e-14,7.072237378e-14,6.994258723e-14,9.360740701e-14,1.837231685e-13,2.52075855e-13,1.023798135e-13,3.097196781e-13,4.794496901e-14,1.50331052e-13,5.673065352e-14
67.265625,4.613830514e-13,3.050548328e-13,2.979002091e-13,5.03957922e-13,1.271772181e-13,1.458835286e-13,2.722179824e-14,2.214322413e-13,6.309656179e-14,1.100474445e-13,1.1880098e-13,9.180291527e-14,1.212533845e-13,2.721212269e-13,4.521252447e-13,6.96175766e-13,5.577474227e-13,3.494267212e-13,6.986265029e-14,3.491032787e-13,6.919229344e-14,5.005373459e-14,6.992975747e-14,7.165788134e-14,9.325996491e-14,1.833085653e-13,2.485577625e-13,1.022795484e-13,3.094518617e-13,4.771510492e-14,1.478449526e-13,5.653542076e-14
67.2734375,4.603793209e-13,3.059715855e-13,2.967149695e-13,5.044988261e-13,1.264468955e-13,1.465836455e-13,2.726253293e-14,2.225520325e-13,6.35288622e-14,1.097447666e-13,1.178298691e-13,9.157464383e-14,1.211272267e-13,2.689274611e-13,4.549745264e-13,6.986839187e-13,5.567616759e-13,3.487700221e-13,6.925410438e-14,3.518153752e-13,6.940807554e-14,5.013016228e-14,6.908348688e-14,7.346027823e-14,9.285921659e-14,1.827459128e-13,2.447685815e-13,1.022258272e-13,3.08843348e-13,4.747010289e-14,1.453382819e-13,5.62972315e-14
67.28125,4.594470258e-13,3.069699893e-13,2.952221161e-13,5.045653855e-13,1.256403299e-13,1.471901705e-13,2.72760954e-14,2.235775219e-13,6.398933509e-14,1.094335894e-13,1.1674909e-13,9.126673249e-14,1.208904448e-13,2.655143741e-13,4.574892586e-13,7.008350084e-13,5.554351542e-13,3.480183887e-13,6.863168671e-14,3.544633895e-13,6.958599504e-14,5.02084442e-14,6.821968484e-14,7.529925449e-14,9.235188847e-14,1.820575489e-13,2.407729395e-13,1.021977851e-13,3.079970239e-13,4.72168016e-14,1.427099484e-13,5.60165651e-14
67.2890625,4.58095907e-13,3.077521775e-13,2.936082542e-13,5.044371806e-13,1.248000966e-13,1.477525063e-13,2.727421679e-14,2.246183289e-13,6.446565937e-14,1.091008654e-13,1.156449316e-13,9.095481239e-14,1.204827726e-13,2.619167364e-13,4.597995997e-13,7.027113447e-13,5.537642315e-13,3.47133338e-13,6.794344531e-14,3.569499627e-13,6.974493741e-14,5.023968915e-14,6.734458969e-14,7.719622912e-14,9.175109548e-14,1.812598961e-13,2.366550971e-13,1.021561287e-13,3.070593911e-13,4.697065227e-14,1.400421387e-13,5.571135928e-14
67.296875,4.565784853e-13,3.084945421e-13,2.919410704e-13,5.041750693e-13,1.241742426e-13,1.483684966e-13,2.727810631e-14,2.256111354e-13,6.498165483e-14,1.086176059e-13,1.145329904e-13,9.069307349e-14,1.2003941e-13,2.583209495e-13,4.619957115e-13,7.042681107e-13,5.517507138e-13,3.461387361e-13,6.725210091e-14,3.597005137e-13,6.997896975e-14,5.025803772e-14,6.644648639e-14,7.921668226e-14,9.110616251e-14,1.803708182e-13,2.324468912e-13,1.021514364e-13,3.059780929e-13,4.671825523e-14,1.373861861e-13,5.542888324e-14
67.3046875,4.552261431e-13,3.093653516e-13,2.901555486e-13,5.03609498e-13,1.236891608e-13,1.489802309e-13,2.727347594e-14,2.264055816e-13,6.549654505e-14,1.079894109e-13,1.133883481e-13,9.047789747e-14,1.196671961e-13,2.548321877e-13,4.639899592e-13,7.053791208e-13,5.49328081e-13,3.450845439e-13,6.660193651e-14,3.626625461e-13,7.028632831e-14,5.029116104e-14,6.550827024e-14,8.127075797e-14,9.040945878e-14,1.794121271e-13,2.282152309e-13,1.022264033e-13,3.048181402e-13,4.646378437e-14,1.347249652e-13,5.516096772e-14
67.3125,4.537199919e-13,3.098680218e-13,2.882830324e-13,5.027556523e-13,1.231976968e-13,1.49488778e-13,2.726682375e-14,2.271394393e-13,6.601933424e-14,1.074179771e-13,1.122322034e-13,9.030030608e-14,1.19240306e-13,2.512706234e-13,4.658070275e-13,7.061681045e-13,5.465116693e-13,3.438777841e-13,6.594004922e-14,3.655574278e-13,7.057573263e-14,5.031204066e-14,6.449941993e-14,8.328026795e-14,8.965942565e-14,1.784029314e-13,2.239837541e-13,1.023197944e-13,3.036372441e-13,4.620815859e-14,1.321195125e-13,5.486620943e-14
67.3203125,4.519591416e-13,3.099778879e-13,2.863390872e-13,5.016568074e-13,1.227489051e-13,1.499704692e-13,2.728605489e-14,2.279004889e-13,6.658913738e-14,1.069903005e-13,1.110775365e-13,9.010054053e-14,1.186860816e-13,2.474604598e-13,4.67505112e-13,7.067109505e-13,5.43436699e-13,3.4247288e-13,6.527396213e-14,3.684588148e-13,7.084235777e-14,5.032051495e-14,6.343966435e-14,8.5327358e-14,8.888335934e-14,1.772719834e-13,2.195795007e-13,1.023890814e-13,3.022598418e-13,4.593020527e-14,1.295691159e-13,5.455606029e-14
67.328125,4.501767072e-13,3.102065776e-13,2.8418542e-13,5.002953052e-13,1.223466842e-13,1.505043512e-13,2.730422469e-14,2.285532379e-13,6.714756792e-14,1.066056075e-13,1.098656214e-13,8.980412767e-14,1.180820431e-13,2.434653608e-13,4.68909439e-13,7.068078524e-13,5.400741324e-13,3.409973103e-13,6.465292649e-14,3.713625372e-13,7.111656975e-14,5.032688506e-14,6.23889954e-14,8.742056496e-14,8.806441539e-14,1.759470342e-13,2.148879673e-13,1.024599367e-13,3.006663641e-13,4.562963376e-14,1.269614576e-13,5.425109358e-14
67.3359375,4.483136874e-13,3.105197233e-13,2.817865261e-13,4.986625777e-13,1.220166285e-13,1.510027487e-13,2.726923819e-14,2.291207032e-13,6.76968015e-14,1.061778718e-13,1.085698704e-13,8.945461803e-14,1.17440737e-13,2.393599117e-13,4.698587979e-13,7.064214739e-13,5.36281256e-13,3.394970835e-13,6.404740736e-14,3.742969299e-13,7.138609634e-14,5.033524011e-14,6.133634369e-14,8.94949485e-14,8.71692281e-14,1.745241181e-13,2.101215178e-13,1.025693021e-13,2.990199153e-13,4.533351691e-14,1.243284992e-13,5.395893696e-14
67.34375,4.462848734e-13,3.106857132e-13,2.793579998e-13,4.967251253e-13,1.217881918e-13,1.514116298e-13,2.718195984e-14,2.296631221e-13,6.830050992e-14,1.057193153e-13,1.072662437e-13,8.915666482e-14,1.167317373e-13,2.351156768e-13,4.70451001e-13,7.056874359e-13,5.321365115e-13,3.378967157e-13,6.342027297e-14,3.77441893e-13,7.167112157e-14,5.035486428e-14,6.025050993e-14,9.162238643e-14,8.620292901e-14,1.730754707e-13,2.054692683e-13,1.02734845e-13,2.97287793e-13,4.506943886e-14,1.217897731e-13,5.367803292e-14
67.3515625,4.442381896e-13,3.10740865e-13,2.769843287e-13,4.945526577e-13,1.215245935e-13,1.518161977e-13,2.708584472e-14,2.300837049e-13,6.889412547e-14,1.052875237e-13,1.059830834e-13,8.89078063e-14,1.159410668e-13,2.307697391e-13,4.708878782e-13,7.04627966e-13,5.278332076e-13,3.362483884e-13,6.279176837e-14,3.806119674e-13,7.197143793e-14,5.035993421e-14,5.917267344e-14,9.385710059e-14,8.51859222e-14,1.715054536e-13,2.007451797e-13,1.029136232e-13,2.953764846e-13,4.484206225e-14,1.193182934e-13,5.336232642e-14
67.359375,4.42272163e-13,3.106353113e-13,2.744806634e-13,4.922829732e-13,1.212780382e-13,1.522869595e-13,2.701878838e-14,2.304094352e-13,6.94520843e-14,1.049097407e-13,1.04663596e-13,8.865112691e-14,1.150723723e-13,2.264922053e-13,4.713358789e-13,7.033330025e-13,5.234246524e-13,3.346740869e-13,6.221116596e-14,3.836834348e-13,7.224406231e-14,5.03536455e-14,5.81138991e-14,9.609814564e-14,8.41489026e-14,1.698125585e-13,1.957936216e-13,1.030610552e-13,2.93406907e-13,4.462387023e-14,1.169023376e-13,5.301198503e-14
67.3671875,4.40258566e-13,3.103874276e-13,2.71847305e-13,4.899122475e-13,1.212358e-13,1.527845965e-13,2.698102847e-14,2.307167801e-13,7.005940096e-14,1.045476255e-13,1.033250363e-13,8.84111648e-14,1.142292773e-13,2.22409442e-13,4.718691741e-13,7.019367625e-13,5.188710675e-13,3.331051711e-13,6.170600941e-14,3.868949949e-13,7.253553732e-14,5.038610415e-14,5.701287941e-14,9.82926302e-14,8.312114011e-14,1.681158322e-13,1.908701002e-13,1.032177623e-13,2.915121225e-13,4.43980146e-14,1.146191781e-13,5.270087103e-14
67.375,4.379672846e-13,3.101653679e-13,2.693151427e-13,4.873926974e-13,1.212349478e-13,1.532113132e-13,2.693735967e-14,2.309107881e-13,7.067303658e-14,1.041625903e-13,1.020250752e-13,8.823393495e-14,1.134564859e-13,2.184194808e-13,4.724385405e-13,7.004076589e-13,5.14124684e-13,3.314124737e-13,6.122068152e-14,3.901431757e-13,7.288704797e-14,5.041177714e-14,5.58552015e-14,1.004998411e-13,8.207909251e-14,1.664181161e-13,1.861830858e-13,1.034156609e-13,2.896032469e-13,4.418561025e-14,1.124210349e-13,5.2408226e-14
67.3828125,4.354661405e-13,3.099241536e-13,2.668762173e-13,4.847102767e-13,1.211311738e-13,1.535546226e-13,2.686688281e-14,2.309709018e-13,7.122803466e-14,1.037894888e-13,1.007385705e-13,8.810067108e-14,1.126097829e-13,2.14343588e-13,4.729832912e-13,6.987655167e-13,5.092098395e-13,3.296595457e-13,6.070527268e-14,3.933122436e-13,7.320889918e-14,5.036451883e-14,5.468160111e-14,1.02753104e-13,8.098287474e-14,1.646979089e-13,1.815507942e-13,1.036127285e-13,2.875886632e-13,4.399829086e-14,1.102218802e-13,5.205643442e-14
67.390625,4.329999539e-13,3.095678113e-13,2.643023774e-13,4.818151851e-13,1.210388e-13,1.538923084e-13,2.678309261e-14,2.310159174e-13,7.178943539e-14,1.034763314e-13,9.942675134e-14,8.796171526e-14,1.116427942e-13,2.101424948e-13,4.734688688e-13,6.971123489e-13,5.04240805e-13,3.279135236e-13,6.020213888e-14,3.966865765e-13,7.347356239e-14,5.029541552e-14,5.350786066e-14,1.050269686e-13,7.984903735e-14,1.629970806e-13,1.768471968e-13,1.037731648e-13,2.855450667e-13,4.382620803e-14,1.080237429e-13,5.167541012e-14
67.3984375,4.304030142e-13,3.090821151e-13,2.615479042e-13,4.786888513e-13,1.208946894e-13,1.542115385e-13,2.669827861e-14,2.310418461e-13,7.234897074e-14,1.031798888e-13,9.809461591e-14,8.77755338e-14,1.106680548e-13,2.058421337e-13,4.738291246e-13,6.953816892e-13,4.992211458e-13,3.261232017e-13,5.971236117e-14,4.001628376e-13,7.376126688e-14,5.022337836e-14,5.232533918e-14,1.072894862e-13,7.871455066e-14,1.612625973e-13,1.721813926e-13,1.038899222e-13,2.834634563e-13,4.367895183e-14,1.057968369e-13,5.130999445e-14
67.40625,4.275335616e-13,3.083437617e-13,2.588055245e-13,4.753162435e-13,1.206939989e-13,1.544908394e-13,2.661897707e-14,2.309218376e-13,7.284517819e-14,1.028395724e-13,9.676165763e-14,8.754152059e-14,1.096926709e-13,2.0151354e-13,4.740767823e-13,6.934584338e-13,4.940474367e-13,3.243780977e-13,5.920277317e-14,4.034934656e-13,7.406155205e-14,5.011473656e-14,5.113403875e-14,1.095532339e-13,7.758674839e-14,1.594292894e-13,1.675303526e-13,1.039827996e-13,2.812532919e-13,4.356997683e-14,1.035626276e-13,5.095173082e-14
67.4140625,4.247857019e-13,3.073811653e-13,2.562652009e-13,4.716565294e-13,1.206467078e-13,1.548470642e-13,2.655546543e-14,2.305905945e-13,7.33248123e-14,1.025025103e-13,9.546799732e-14,8.730980455e-14,1.086495414e-13,1.972466357e-13,4.742891753e-13,6.913101704e-13,4.887130247e-13,3.227831887e-13,5.87305596e-14,4.069071528e-13,7.433292499e-14,5.002021104e-14,4.995710227e-14,1.118487999e-13,7.644059767e-14,1.5754774e-13,1.628019419e-13,1.041086142e-13,2.789953584e-13,4.348708975e-14,1.014310948e-13,5.062418352e-14
67.421875,4.222563878e-13,3.064408925e-13,2.538840363e-13,4.677361918e-13,1.206745688e-13,1.552514256e-13,2.648985124e-14,2.301313859e-13,7.382474319e-14,1.022192446e-13,9.422538183e-14,8.71221351e-14,1.075099575e-13,1.929336532e-13,4.743539175e-13,6.888749252e-13,4.831787843e-13,3.21150139e-13,5.830210237e-14,4.103881758e-13,7.462056851e-14,4.995038975e-14,4.881539646e-14,1.141712589e-13,7.521553845e-14,1.556264667e-13,1.580795119e-13,1.04279299e-13,2.767008416e-13,4.341370994e-14,9.93837023e-14,5.03300262e-14
67.4296875,4.195261333e-13,3.05523555e-13,2.513709028e-13,4.635610067e-13,1.206630524e-13,1.554796235e-13,2.639273888e-14,2.29671874e-13,7.432563322e-14,1.019470443e-13,9.295789878e-14,8.695417549e-14,1.062646393e-13,1.88462075e-13,4.741200313e-13,6.861483824e-13,4.773457964e-13,3.193258911e-13,5.782598703e-14,4.137194567e-13,7.492364178e-14,4.983101806e-14,4.768361178e-14,1.165363499e-13,7.389740386e-14,1.536342895e-13,1.534033141e-13,1.044168004e-13,2.741698127e-13,4.333765585e-14,9.733961453e-14,5.002312467e-14
67.4375,4.165978443e-13,3.044961902e-13,2.485166273e-13,4.591976919e-13,1.207240294e-13,1.555708326e-13,2.629146611e-14,2.291871893e-13,7.480001393e-14,1.01671131e-13,9.159448736e-14,8.671380277e-14,1.050079515e-13,1.840397594e-13,4.737879653e-13,6.833093221e-13,4.714082408e-13,3.174767396e-13,5.730513669e-14,4.17130628e-13,7.518805979e-14,4.967873311e-14,4.653487477e-14,1.189431056e-13,7.258694658e-14,1.516353941e-13,1.487091422e-13,1.044619743e-13,2.713934785e-13,4.325456904e-14,9.529958894e-14,4.971027567e-14
67.4453125,4.137606269e-13,3.034266143e-13,2.455079079e-13,4.548932067e-13,1.207361252e-13,1.557711958e-13,2.622893365e-14,2.285881541e-13,7.51881795e-14,1.014188311e-13,9.018842187e-14,8.63685061e-14,1.038312646e-13,1.79823636e-13,4.735873266e-13,6.804661763e-13,4.656328006e-13,3.157307401e-13,5.679261492e-14,4.206961256e-13,7.545340497e-14,4.953983099e-14,4.538708631e-14,1.212867636e-13,7.133373259e-14,1.496694219e-13,1.440411044e-13,1.044827679e-13,2.685571104e-13,4.31929369e-14,9.325911435e-14,4.941819598e-14
67.453125,4.108684136e-13,3.022455298e-13,2.427077771e-13,4.505574145e-13,1.206509631e-13,1.560425644e-13,2.617388387e-14,2.279088018e-13,7.552771357e-14,1.011694985e-13,8.886363182e-14,8.606172443e-14,1.026061447e-13,1.756285535e-13,4.732641093e-13,6.773771484e-13,4.597825396e-13,3.139808165e-13,5.628017536e-14,4.241970596e-13,7.577464977e-14,4.938685687e-14,4.423650338e-14,1.235498888e-13,7.003602018e-14,1.477013957e-13,1.394298434e-13,1.045971345e-13,2.656785926e-13,4.318133455e-14,9.126706121e-14,4.914543549e-14
67.4609375,4.077272544e-13,3.007549104e-13,2.401593859e-13,4.457658057e-13,1.207528287e-13,1.561764696e-13,2.608188269e-14,2.27172627e-13,7.59405973e-14,1.009221032e-13,8.76456505e-14,8.589727491e-14,1.012231756e-13,1.713415406e-13,4.725547009e-13,6.738199861e-13,4.535544865e-13,3.121496611e-13,5.577851601e-14,4.276951674e-13,7.610229067e-14,4.921941462e-14,4.305715103e-14,1.25856708e-13,6.866302293e-14,1.457586378e-13,1.348291776e-13,1.047912449e-13,2.627031617e-13,4.31995502e-14,8.942392624e-14,4.891214027e-14
67.46875,4.045412409e-13,2.991378027e-13,2.376203878e-13,4.407142345e-13,1.209405665e-13,1.562060139e-13,2.597784897e-14,2.263410632e-13,7.638000069e-14,1.007136757e-13,8.644669232e-14,8.575814883e-14,9.980503336e-14,1.670929755e-13,4.717746683e-13,6.701661168e-13,4.472743717e-13,3.103452219e-13,5.529562535e-14,4.31198717e-13,7.638601497e-14,4.904684776e-14,4.188137891e-14,1.281959755e-13,6.732485625e-14,1.438778118e-13,1.303327894e-13,1.049399576e-13,2.596983478e-13,4.322952689e-14,8.76843952e-14,4.870668888e-14
67.4765625,4.01440945e-13,2.976285567e-13,2.350363161e-13,4.359783086e-13,1.209494419e-13,1.563002267e-13,2.587887024e-14,2.254862468e-13,7.674287862e-14,1.005461563e-13,8.523799879e-14,8.557716314e-14,9.843349223e-14,1.629321447e-13,4.712457562e-13,6.668933512e-13,4.413142409e-13,3.086767319e-13,5.479776847e-14,4.345799698e-13,7.665504866e-14,4.883194142e-14,4.07489256e-14,1.304704181e-13,6.603946669e-14,1.420102938e-13,1.260312286e-13,1.050075449e-13,2.567093427e-13,4.329778625e-14,8.59660188e-14,4.846900738e-14
67.484375,3.981957468e-13,2.960906538e-13,2.325307996e-13,4.314235251e-13,1.210111812e-13,1.564402296e-13,2.574922141e-14,2.246756398e-13,7.707992436e-14,1.004122452e-13,8.406689989e-14,8.544449555e-14,9.706493615e-14,1.587722264e-13,4.707091754e-13,6.637377791e-13,4.354343162e-13,3.070797805e-13,5.429885245e-14,4.37899663e-13,7.695266225e-14,4.857882154e-14,3.964388012e-14,1.327005179e-13,6.473113809e-14,1.401131408e-13,1.218048815e-13,1.050620089e-13,2.536791439e-13,4.340892288e-14,8.42933908e-14,4.820231767e-14
67.4921875,3.947198567e-13,2.945314229e-13,2.300754589e-13,4.266464952e-13,1.212666474e-13,1.564806302e-13,2.559105908e-14,2.238152104e-13,7.742323402e-14,1.00282719e-13,8.292791752e-14,8.534690299e-14,9.572422418e-14,1.546246067e-13,4.699119845e-13,6.602490984e-13,4.293690451e-13,3.05506464e-13,5.382455654e-14,4.411004193e-13,7.729506291e-14,4.832894767e-14,3.855991857e-14,1.348888015e-13,6.341398173e-14,1.382106632e-13,1.175835668e-13,1.051465108e-13,2.506132763e-13,4.35201606e-14,8.266808626e-14,4.795111352e-14
67.5,3.912909211e-13,2.931400893e-13,2.276155197e-13,4.217533313e-13,1.215323355e-13,1.564284343e-13,2.545113403e-14,2.228505805e-13,7.774867404e-14,1.001252627e-13,8.180208909e-14,8.520794279e-14,9.44367845e-14,1.50611895e-13,4.690658456e-13,6.566034709e-13,4.232334599e-13,3.040386993e-13,5.335411862e-14,4.441870818e-13,7.765195208e-14,4.809986378e-14,3.749761776e-14,1.370285846e-13,6.212586522e-14,1.363518967e-13,1.134540314e-13,1.05258115e-13,2.476143063e-13,4.361952903e-14,8.110306859e-14,4.773710417e-14
67.5078125,3.879597399e-13,2.917265387e-13,2.25221714e-13,4.168186502e-13,1.217881701e-13,1.563905118e-13,2.53357943e-14,2.218350419e-13,7.808989687e-14,1.000222487e-13,8.070258896e-14,8.505657631e-14,9.314782649e-14,1.467463954e-13,4.683334507e-13,6.530533539e-13,4.170912142e-13,3.02618835e-13,5.288584534e-14,4.474357031e-13,7.794273705e-14,4.788706967e-14,3.64139488e-14,1.392218763e-13,6.084111685e-14,1.345510445e-13,1.094379523e-13,1.053556769e-13,2.446737159e-13,4.375542777e-14,7.966727042e-14,4.758911194e-14
67.515625,3.844860585e-13,2.900875118e-13,2.229206599e-13,4.11670749e-13,1.219973594e-13,1.563504548e-13,2.52228429e-14,2.207276934e-13,7.840148209e-14,1.000318722e-13,7.961985489e-14,8.491701175e-14,9.183856369e-14,1.429381952e-13,4.676209033e-13,6.495066933e-13,4.110032878e-13,3.011991341e-13,5.243264165e-14,4.507404394e-13,7.815427448e-14,4.764352075e-14,3.530493424e-14,1.414444618e-13,5.957524846e-14,1.327776134e-13,1.05515127e-13,1.053994307e-13,2.416843334e-13,4.396393373e-14,7.832984753e-14,4.748740115e-14
67.5234375,3.809789662e-13,2.884077253e-13,2.207023363e-13,4.064091253e-13,1.22093804e-13,1.562690646e-13,2.511176311e-14,2.194471706e-13,7.858510737e-14,1.000442116e-13,7.857832019e-14,8.478783315e-14,9.051744774e-14,1.392245653e-13,4.669374408e-13,6.45987526e-13,4.0522574e-13,3.000408345e-13,5.199428165e-14,4.538922624e-13,7.839012819e-14,4.734109357e-14,3.423803598e-14,1.435288692e-13,5.837129284e-14,1.310418643e-13,1.017304739e-13,1.054151337e-13,2.386849434e-13,4.421039549e-14,7.703042427e-14,4.735933872e-14
67.53125,3.776108238e-13,2.867709478e-13,2.185241629e-13,4.012209219e-13,1.222246994e-13,1.561655036e-13,2.500393062e-14,2.18078794e-13,7.869523236e-14,1.000158983e-13,7.760291507e-14,8.467763192e-14,8.917882898e-14,1.356565518e-13,4.663225702e-13,6.426127038e-13,3.997225526e-13,2.991757792e-13,5.156919584e-14,4.571150508e-13,7.868220156e-14,4.703057014e-14,3.323803772e-14,1.454868479e-13,5.719510681e-14,1.293883239e-13,9.810607682e-14,1.054112976e-13,2.357528366e-13,4.443672166e-14,7.578821031e-14,4.721829877e-14
67.5390625,3.740908805e-13,2.851177888e-13,2.162394532e-13,3.960829985e-13,1.223560928e-13,1.559990815e-13,2.489334372e-14,2.167579602e-13,7.881608525e-14,1.000177543e-13,7.660095716e-14,8.452926451e-14,8.785698238e-14,1.321047743e-13,4.65708032e-13,6.393450071e-13,3.941935281e-13,2.982236125e-13,5.113249913e-14,4.603041263e-13,7.893226108e-14,4.672057594e-14,3.226853833e-14,1.474468708e-13,5.600735989e-14,1.277904619e-13,9.461244435e-14,1.053693161e-13,2.328072217e-13,4.464492311e-14,7.457411916e-14,4.711844269e-14
67.546875,3.703510997e-13,2.835073976e-13,2.139246409e-13,3.909925427e-13,1.223620937e-13,1.558309936e-13,2.479002184e-14,2.154313776e-13,7.892548918e-14,1.000175316e-13,7.555716057e-14,8.435213154e-14,8.658391324e-14,1.285341813e-13,4.651261833e-13,6.361590936e-13,3.886923394e-13,2.971941214e-13,5.069087397e-14,4.63151218e-13,7.913334349e-14,4.637544777e-14,3.130702953e-14,1.494300618e-13,5.483739967e-14,1.262240567e-13,9.121635243e-14,1.053680263e-13,2.298537464e-13,4.488282466e-14,7.33643158e-14,4.70348039e-14
67.5546875,3.66735126e-13,2.818298047e-13,2.11888181e-13,3.859070769e-13,1.224261542e-13,1.558204943e-13,2.470435363e-14,2.139683357e-13,7.900254599e-14,9.999250986e-14,7.462258235e-14,8.425537456e-14,8.534771154e-14,1.250931658e-13,4.645621099e-13,6.329425739e-13,3.833869152e-13,2.964051406e-13,5.029339473e-14,4.659779925e-13,7.938592805e-14,4.603107201e-14,3.035425057e-14,1.513894535e-13,5.371116788e-14,1.247310785e-13,8.790474032e-14,1.054453537e-13,2.2705605e-13,4.517448462e-14,7.225172788e-14,4.695379217e-14
67.5625,3.631439698e-13,2.799905461e-13,2.100585519e-13,3.806949916e-13,1.225734528e-13,1.558157537e-13,2.46216355e-14,2.12433949e-13,7.904261948e-14,1.000329166e-13,7.380611436e-14,8.417562229e-14,8.413160899e-14,1.217876414e-13,4.63855347e-13,6.295264928e-13,3.781502762e-13,2.957388286e-13,4.990629321e-14,4.689681869e-13,7.968678625e-14,4.569530761e-14,2.943404866e-14,1.532482978e-13,5.261651579e-14,1.232846695e-13,8.47032959e-14,1.054770679e-13,2.243648061e-13,4.550539108e-14,7.128563205e-14,4.69055615e-14
67.5703125,3.593201667e-13,2.782421318e-13,2.081011693e-13,3.75442113e-13,1.225989455e-13,1.556064294e-13,2.452584061e-14,2.109810722e-13,7.903612872e-14,1.001496363e-13,7.300598206e-14,8.398116666e-14,8.292031221e-14,1.185531882e-13,4.631057024e-13,6.260541955e-13,3.729307645e-13,2.95002489e-13,4.948066187e-14,4.71733287e-13,7.997689055e-14,4.531467092e-14,2.85786809e-14,1.549665803e-13,5.153726958e-14,1.218244635e-13,8.16153844e-14,1.054314127e-13,2.215596014e-13,4.583398592e-14,7.03997407e-14,4.687286452e-14
67.578125,3.555642378e-13,2.766152058e-13,2.060731024e-13,3.702896087e-13,1.225464595e-13,1.55421276e-13,2.442924658e-14,2.095497487e-13,7.899417825e-14,1.002982365e-13,7.228372717e-14,8.374290537e-14,8.174417469e-14,1.154757521e-13,4.625315453e-13,6.226686509e-13,3.678425088e-13,2.943517531e-13,4.907562932e-14,4.741899893e-13,8.027105963e-14,4.492382791e-14,2.776346436e-14,1.566085114e-13,5.047163121e-14,1.204104227e-13,7.861914357e-14,1.054178541e-13,2.187130238e-13,4.612883184e-14,6.95357875e-14,4.683837491e-14
67.5859375,3.521316435e-13,2.749358593e-13,2.042301246e-13,3.651679699e-13,1.224481521e-13,1.55438873e-13,2.4351041e-14,2.080089146e-13,7.889311293e-14,1.004869251e-13,7.168636173e-14,8.352401831e-14,8.067041669e-14,1.12608632e-13,4.620912672e-13,6.193359769e-13,3.629119094e-13,2.938553052e-13,4.872260515e-14,4.765063615e-13,8.054733408e-14,4.457055726e-14,2.693726438e-14,1.581686996e-13,4.944875133e-14,1.191211782e-13,7.577962346e-14,1.054466604e-13,2.161250209e-13,4.641840227e-14,6.870923531e-14,4.682975041e-14
67.59375,3.487848658e-13,2.734298328e-13,2.025627473e-13,3.600313369e-13,1.222454562e-13,1.554287119e-13,2.429056145e-14,2.064457005e-13,7.873264941e-14,1.006835883e-13,7.111702279e-14,8.327600897e-14,7.9669633e-14,1.098927501e-13,4.618092323e-13,6.163278732e-13,3.581988416e-13,2.934180828e-13,4.838139207e-14,4.787082315e-13,8.075494758e-14,4.421086296e-14,2.610653978e-14,1.595738869e-13,4.849823034e-14,1.179399913e-13,7.315471777e-14,1.054624591e-13,2.138030341e-13,4.673197467e-14,6.799270799e-14,4.685521871e-14
67.6015625,3.453395863e-13,2.720613632e-13,2.009251822e-13,3.548797018e-13,1.22067706e-13,1.553063063e-13,2.424483913e-14,2.049583019e-13,7.858932454e-14,1.008769853e-13,7.054944835e-14,8.303276414e-14,7.866981493e-14,1.072617028e-13,4.61720632e-13,6.137134165e-13,3.537209886e-13,2.930194398e-13,4.804960813e-14,4.809043287e-13,8.095834105e-14,4.382980823e-14,2.529617004e-14,1.609226879e-13,4.759654875e-14,1.168105638e-13,7.064731523e-14,1.054426148e-13,2.114563539e-13,4.703764685e-14,6.737672752e-14,4.690404026e-14
67.609375,3.419271325e-13,2.703560273e-13,1.992559167e-13,3.496975619e-13,1.218669223e-13,1.552532522e-13,2.421621454e-14,2.034358364e-13,7.842715735e-14,1.011454661e-13,7.000064695e-14,8.278434423e-14,7.769448783e-14,1.046527908e-13,4.615270355e-13,6.10906493e-13,3.493346477e-13,2.926508177e-13,4.771693197e-14,4.830495427e-13,8.120414086e-14,4.34406383e-14,2.450503486e-14,1.623154656e-13,4.671075285e-14,1.156693801e-13,6.818231859e-14,1.053699504e-13,2.08974701e-13,4.732697491e-14,6.671498574e-14,4.695909751e-14
67.6171875,3.387238282e-13,2.686777718e-13,1.976372367e-13,3.446356986e-13,1.214711155e-13,1.553061939e-13,2.419156363e-14,2.018234005e-13,7.813698628e-14,1.014860838e-13,6.94523575e-14,8.241798947e-14,7.676708433e-14,1.021103008e-13,4.611811611e-13,6.078322046e-13,3.450510518e-13,2.92374393e-13,4.736426341e-14,4.849455358e-13,8.141347427e-14,4.302009084e-14,2.374150078e-14,1.635990676e-13,4.584387211e-14,1.14524472e-13,6.583704959e-14,1.053062228e-13,2.065223894e-13,4.763784321e-14,6.599313194e-14,4.699289927e-14
67.625,3.3563445e-13,2.676131244e-13,1.961946394e-13,3.397066942e-13,1.210540915e-13,1.553484261e-13,2.416098463e-14,2.002252606e-13,7.779216322e-14,1.018361601e-13,6.897905367e-14,8.200204128e-14,7.587046138e-14,9.974092916e-14,4.609754099e-13,6.050130368e-13,3.409168597e-13,2.922427007e-13,4.702362027e-14,4.866987446e-13,8.157417577e-14,4.25943665e-14,2.300445983e-14,1.646705968e-13,4.499452623e-14,1.134817432e-13,6.364415515e-14,1.053067497e-13,2.042227466e-13,4.796605279e-14,6.539245375e-14,4.702721231e-14
67.6328125,3.323878079e-13,2.665096461e-13,1.948574713e-13,3.346408861e-13,1.207099578e-13,1.55267105e-13,2.413736615e-14,1.986384814e-13,7.748701761e-14,1.022160256e-13,6.863669298e-14,8.169297465e-14,7.504338786e-14,9.750227269e-14,4.607574317e-13,6.022890356e-13,3.367793571e-13,2.921082606e-13,4.668663172e-14,4.883282483e-13,8.175782711e-14,4.219075615e-14,2.226725428e-14,1.657011226e-13,4.416281445e-14,1.125361588e-13,6.154068469e-14,1.052911727e-13,2.02007323e-13,4.829175827e-14,6.49576862e-14,4.710101913e-14
67.640625,3.29075937e-13,2.649178239e-13,1.934950645e-13,3.295630224e-13,1.203276766e-13,1.550848144e-13,2.411501744e-14,1.970019543e-13,7.715776439e-14,1.026220694e-13,6.834266344e-14,8.145460725e-14,7.431577854e-14,9.536997569e-14,4.603384814e-13,5.993994849e-13,3.327382208e-13,2.919920171e-13,4.633612794e-14,4.896640284e-13,8.195926538e-14,4.17606765e-14,2.153989567e-14,1.667954105e-13,4.337033743e-14,1.115742366e-13,5.954807459e-14,1.052646237e-13,1.99727217e-13,4.862213377e-14,6.458456263e-14,4.718913075e-14
67.6484375,3.259494289e-13,2.635720238e-13,1.921975039e-13,3.248906199e-13,1.200740368e-13,1.550008211e-13,2.407453912e-14,1.954126323e-13,7.681014966e-14,1.030017021e-13,6.807713324e-14,8.121332136e-14,7.366677278e-14,9.345245617e-14,4.600833036e-13,5.968199566e-13,3.29046291e-13,2.921177265e-13,4.603345682e-14,4.909673721e-13,8.216398927e-14,4.131584094e-14,2.085656262e-14,1.67827508e-13,4.261183999e-14,1.106371342e-13,5.771823599e-14,1.053117056e-13,1.973734332e-13,4.893886349e-14,6.429293309e-14,4.727470626e-14
67.65625,3.227832282e-13,2.625369365e-13,1.910374656e-13,3.204932381e-13,1.199518676e-13,1.550464647e-13,2.404756372e-14,1.939147401e-13,7.648878547e-14,1.033865211e-13,6.78943166e-14,8.097244801e-14,7.31073571e-14,9.171956896e-14,4.601186445e-13,5.946152297e-13,3.255121527e-13,2.923470762e-13,4.576306458e-14,4.923997349e-13,8.240104927e-14,4.090774118e-14,2.020757377e-14,1.686992913e-13,4.188154684e-14,1.098197053e-13,5.598892904e-14,1.053299127e-13,1.951113619e-13,4.922262799e-14,6.414464194e-14,4.737697214e-14
67.6640625,3.194179487e-13,2.612164643e-13,1.898731729e-13,3.159790636e-13,1.195807603e-13,1.550180467e-13,2.407433018e-14,1.923258035e-13,7.606571619e-14,1.038377825e-13,6.774646991e-14,8.067254962e-14,7.263763245e-14,9.006182572e-14,4.601149857e-13,5.922279957e-13,3.219164722e-13,2.924544448e-13,4.544290596e-14,4.934669172e-13,8.264028846e-14,4.048251749e-14,1.95658308e-14,1.693901004e-13,4.121764952e-14,1.090527558e-13,5.432949667e-14,1.052539824e-13,1.929996757e-13,4.948994061e-14,6.406303903e-14,4.74670486e-14
67.671875,3.162249129e-13,2.599529181e-13,1.886247387e-13,3.113501621e-13,1.189789263e-13,1.548948274e-13,2.412325776e-14,1.905666074e-13,7.549407726e-14,1.043623602e-13,6.757549048e-14,8.026771577e-14,7.221657841e-14,8.849713144e-14,4.600553002e-13,5.896991306e-13,3.184394149e-13,2.926287766e-13,4.512875692e-14,4.940189405e-13,8.284225201e-14,4.000669441e-14,1.892804502e-14,1.698724987e-13,4.061656947e-14,1.082956276e-13,5.281288417e-14,1.052141217e-13,1.90933154e-13,4.973967614e-14,6.396805085e-14,4.75283233e-14
67.6796875,3.133247815e-13,2.591093811e-13,1.873765201e-13,3.067704189e-13,1.184409157e-13,1.547995007e-13,2.415554613e-14,1.888376932e-13,7.49361293e-14,1.049315619e-13,6.742574134e-14,7.982475792e-14,7.184406295e-14,8.703030674e-14,4.601682619e-13,5.874783209e-13,3.152116383e-13,2.929965279e-13,4.48842706e-14,4.945501567e-13,8.302980854e-14,3.954520913e-14,1.830353713e-14,1.702661974e-13,4.002602938e-14,1.076357416e-13,5.141563465e-14,1.052002109e-13,1.888921467e-13,4.997287191e-14,6.39027123e-14,4.761286888e-14
67.6875,3.104375518e-13,2.582683879e-13,1.86196691e-13,3.023538867e-13,1.179248955e-13,1.547515477e-13,2.418964388e-14,1.872617273e-13,7.44195365e-14,1.054784541e-13,6.735668133e-14,7.940156785e-14,7.154716404e-14,8.567291199e-14,4.604328904e-13,5.855524371e-13,3.121992747e-13,2.933844762e-13,4.463522549e-14,4.951612358e-13,8.321434901e-14,3.910668193e-14,1.771496729e-14,1.70744237e-13,3.945421884e-14,1.070857529e-13,5.006664854e-14,1.051294958e-13,1.868984651e-13,5.022688815e-14,6.393560405e-14,4.773443457e-14
67.6953125,3.075273476e-13,2.573261889e-13,1.850885408e-13,2.981773396e-13,1.173878234e-13,1.547871043e-13,2.423974236e-14,1.857041449e-13,7.384296129e-14,1.059710397e-13,6.73647375e-14,7.901830061e-14,7.135521205e-14,8.451071861e-14,4.606285623e-13,5.83590069e-13,3.093346687e-13,2.937153519e-13,4.435032258e-14,4.955492544e-13,8.340109814e-14,3.866316952e-14,1.717925338e-14,1.711925167e-13,3.893300071e-14,1.066118753e-13,4.884068312e-14,1.050631832e-13,1.848984024e-13,5.049587581e-14,6.40833552e-14,4.786941692e-14
67.703125,3.046965588e-13,2.563665935e-13,1.840312812e-13,2.941263555e-13,1.169029364e-13,1.548889795e-13,2.430309212e-14,1.840761652e-13,7.324763646e-14,1.064729882e-13,6.738138917e-14,7.867636746e-14,7.130761543e-14,8.348094446e-14,4.606105319e-13,5.814205524e-13,3.064607656e-13,2.939922725e-13,4.4079938e-14,4.957092187e-13,8.360362438e-14,3.824097825e-14,1.667558708e-14,1.714374457e-13,3.845003494e-14,1.062266754e-13,4.779978386e-14,1.049391147e-13,1.829262084e-13,5.072221013e-14,6.434479776e-14,4.802757776e-14
67.7109375,3.01926399e-13,2.552036883e-13,1.829852147e-13,2.90036617e-13,1.163129184e-13,1.548917564e-13,2.439346361e-14,1.824470591e-13,7.267588196e-14,1.070354403e-13,6.735588362e-14,7.828840099e-14,7.135562387e-14,8.2449122e-14,4.604752607e-13,5.792046787e-13,3.036244473e-13,2.942121618e-13,4.382424212e-14,4.957216329e-13,8.377213483e-14,3.782629344e-14,1.618378956e-14,1.716071599e-13,3.800630822e-14,1.058543288e-13,4.687945675e-14,1.046571418e-13,1.810996014e-13,5.088560918e-14,6.468831749e-14,4.818607705e-14
67.71875,2.99209407e-13,2.540887101e-13,1.818880563e-13,2.858833436e-13,1.155144859e-13,1.547677917e-13,2.449426552e-14,1.8081555e-13,7.204123348e-14,1.076435707e-13,6.733450501e-14,7.777628914e-14,7.139527288e-14,8.145940758e-14,4.603386025e-13,5.771089548e-13,3.010251201e-13,2.944542166e-13,4.356931058e-14,4.955278558e-13,8.386698517e-14,3.737357419e-14,1.571764181e-14,1.717954615e-13,3.760812373e-14,1.05407155e-13,4.605878622e-14,1.044105757e-13,1.794305801e-13,5.101200785e-14,6.504191662e-14,4.830215039e-14
67.7265625,2.965275805e-13,2.532841392e-13,1.807147273e-13,2.817262389e-13,1.146727369e-13,1.546404431e-13,2.456903749e-14,1.791251525e-13,7.133019701e-14,1.082452387e-13,6.737002109e-14,7.721944702e-14,7.14822546e-14,8.061429448e-14,4.601440263e-13,5.749976826e-13,2.985551133e-13,2.946872294e-13,4.332217386e-14,4.951995683e-13,8.395192956e-14,3.691790513e-14,1.528770994e-14,1.718467043e-13,3.723102819e-14,1.049784191e-13,4.535839694e-14,1.043052204e-13,1.778251325e-13,5.112713921e-14,6.543373092e-14,4.841014846e-14
67.734375,2.938859971e-13,2.523802373e-13,1.795638918e-13,2.777551187e-13,1.138856768e-13,1.545422386e-13,2.463939708e-14,1.774310857e-13,7.062102303e-14,1.087684211e-13,6.743175088e-14,7.673277183e-14,7.174903629e-14,7.995723416e-14,4.599160656e-13,5.728154197e-13,2.960807789e-13,2.948024741e-13,4.307046987e-14,4.946887406e-13,8.407918084e-14,3.650037872e-14,1.488525601e-14,1.71726923e-13,3.687889801e-14,1.04654846e-13,4.475865166e-14,1.041190295e-13,1.762045992e-13,5.1223946e-14,6.599145611e-14,4.854548587e-14
67.7421875,2.913249474e-13,2.511994334e-13,1.785348862e-13,2.740492943e-13,1.131503328e-13,1.544626682e-13,2.473584416e-14,1.757934179e-13,6.992761034e-14,1.092301918e-13,6.748773788e-14,7.630312817e-14,7.213202719e-14,7.947071864e-14,4.596872149e-13,5.706686588e-13,2.936881999e-13,2.948938459e-13,4.281606768e-14,4.937203005e-13,8.421088118e-14,3.608960922e-14,1.450120643e-14,1.715354539e-13,3.656867608e-14,1.043657092e-13,4.426208269e-14,1.037965883e-13,1.746096506e-13,5.126838389e-14,6.667922022e-14,4.868247578e-14
67.75,2.88795346e-13,2.501198686e-13,1.775614335e-13,2.703422436e-13,1.124650128e-13,1.543922869e-13,2.483644595e-14,1.741744579e-13,6.920909653e-14,1.097141003e-13,6.7582771e-14,7.583797867e-14,7.251275211e-14,7.905550293e-14,4.593343462e-13,5.684555421e-13,2.913529746e-13,2.950896787e-13,4.257901374e-14,4.923984304e-13,8.429900027e-14,3.566612006e-14,1.413255875e-14,1.712229545e-13,3.628053268e-14,1.040810935e-13,4.387568879e-14,1.035174506e-13,1.731417797e-13,5.126454925e-14,6.733871593e-14,4.881696599e-14
67.7578125,2.863365597e-13,2.493326237e-13,1.765672763e-13,2.66558416e-13,1.117176403e-13,1.542910004e-13,2.49288426e-14,1.725226593e-13,6.84208005e-14,1.10178168e-13,6.776935207e-14,7.528604445e-14,7.297601006e-14,7.869911834e-14,4.588910944e-13,5.66094952e-13,2.890735481e-13,2.953508694e-13,4.235673017e-14,4.909768774e-13,8.434775442e-14,3.524874843e-14,1.379118148e-14,1.70738391e-13,3.601635607e-14,1.038352713e-13,4.359662484e-14,1.03283471e-13,1.717956053e-13,5.125081115e-14,6.799172852e-14,4.894700962e-14
67.765625,2.840248747e-13,2.487496833e-13,1.756004309e-13,2.629319336e-13,1.108372706e-13,1.541745801e-13,2.502498062e-14,1.708055902e-13,6.756048255e-14,1.10555522e-13,6.800126251e-14,7.46901166e-14,7.360051191e-14,7.847767994e-14,4.583816978e-13,5.635993246e-13,2.869212934e-13,2.955824274e-13,4.214674148e-14,4.892652201e-13,8.44110891e-14,3.484156914e-14,1.349128857e-14,1.701633097e-13,3.579144627e-14,1.035874516e-13,4.343063868e-14,1.030049347e-13,1.705158288e-13,5.121834478e-14,6.873634317e-14,4.904007482e-14
67.7734375,2.81698833e-13,2.481577776e-13,1.746770204e-13,2.593857967e-13,1.099660644e-13,1.540892006e-13,2.512124186e-14,1.690478216e-13,6.671681666e-14,1.109277962e-13,6.819408332e-14,7.412532285e-14,7.428978612e-14,7.833583357e-14,4.576138034e-13,5.608429889e-13,2.847131664e-13,2.956706093e-13,4.195934398e-14,4.873165661e-13,8.452266781e-14,3.445135848e-14,1.321763323e-14,1.695534284e-13,3.557389097e-14,1.03321923e-13,4.331499458e-14,1.027350477e-13,1.693092869e-13,5.113178427e-14,6.95259843e-14,4.912235003e-14
67.78125,2.793186307e-13,2.472707221e-13,1.737561595e-13,2.557682602e-13,1.092032944e-13,1.540618903e-13,2.522230921e-14,1.673342822e-13,6.594112692e-14,1.113557759e-13,6.835832059e-14,7.358093713e-14,7.50309805e-14,7.821161292e-14,4.566724563e-13,5.579186397e-13,2.823821035e-13,2.955490828e-13,4.179349301e-14,4.855437689e-13,8.463520832e-14,3.40965996e-14,1.294941839e-14,1.689045939e-13,3.53515759e-14,1.030868884e-13,4.322417306e-14,1.024877127e-13,1.68191484e-13,5.098052414e-14,7.028477957e-14,4.922957697e-14
67.7890625,2.770518309e-13,2.460774412e-13,1.728785953e-13,2.522685251e-13,1.08472285e-13,1.541041805e-13,2.533621568e-14,1.656613324e-13,6.515557475e-14,1.118017504e-13,6.853819818e-14,7.298799535e-14,7.589553575e-14,7.814232236e-14,4.556832287e-13,5.549924528e-13,2.801424978e-13,2.952845183e-13,4.163278603e-14,4.836696244e-13,8.47002469e-14,3.375963471e-14,1.269391966e-14,1.681596244e-13,3.515308655e-14,1.028550111e-13,4.326756951e-14,1.02167357e-13,1.671921476e-13,5.076015821e-14,7.100450481e-14,4.930618185e-14
67.796875,2.747485469e-13,2.449037431e-13,1.721212494e-13,2.489136982e-13,1.077073653e-13,1.541227493e-13,2.544279505e-14,1.639849195e-13,6.431327264e-14,1.122567864e-13,6.874528853e-14,7.234910058e-14,7.678957034e-14,7.809825131e-14,4.544065048e-13,5.518389385e-13,2.779323399e-13,2.949399991e-13,4.145759087e-14,4.812969075e-13,8.472810586e-14,3.340243093e-14,1.245878127e-14,1.672186404e-13,3.496511147e-14,1.026005262e-13,4.344232588e-14,1.018150326e-13,1.663111986e-13,5.050644965e-14,7.17465596e-14,4.932767296e-14
67.8046875,2.722727441e-13,2.440107092e-13,1.714489398e-13,2.455209715e-13,1.06854676e-13,1.540353476e-13,2.553811239e-14,1.623712513e-13,6.345296569e-14,1.127076838e-13,6.90159033e-14,7.17035979e-14,7.763186342e-14,7.807873846e-14,4.529951697e-13,5.485024868e-13,2.75663914e-13,2.945444526e-13,4.127205777e-14,4.788579873e-13,8.472355585e-14,3.302183133e-14,1.224246628e-14,1.661295857e-13,3.476949553e-14,1.023873428e-13,4.36350749e-14,1.015651088e-13,1.654336404e-13,5.028361123e-14,7.259693102e-14,4.935300115e-14
67.8125,2.699050615e-13,2.432931834e-13,1.707157117e-13,2.421735035e-13,1.058345339e-13,1.539337418e-13,2.564668387e-14,1.60815468e-13,6.257574232e-14,1.131243939e-13,6.932020773e-14,7.102535418e-14,7.851631725e-14,7.816159925e-14,4.518795398e-13,5.453878728e-13,2.735806515e-13,2.94158497e-13,4.109865625e-14,4.765357594e-13,8.46891766e-14,3.264042201e-14,1.205951401e-14,1.65045886e-13,3.460067341e-14,1.022092281e-13,4.38943898e-14,1.013424041e-13,1.645353867e-13,5.005444667e-14,7.347323968e-14,4.938445754e-14
67.8203125,2.676873588e-13,2.424340894e-13,1.69855965e-13,2.389938988e-13,1.047072194e-13,1.538641656e-13,2.576456987e-14,1.59192861e-13,6.167373311e-14,1.135181223e-13,6.955258215e-14,7.028939408e-14,7.946700611e-14,7.829537406e-14,4.507851901e-13,5.423334993e-13,2.716680224e-13,2.937454096e-13,4.093284994e-14,4.739191663e-13,8.465334863e-14,3.22818443e-14,1.191844919e-14,1.639362135e-13,3.447057705e-14,1.020048264e-13,4.429143238e-14,1.009723597e-13,1.637944363e-13,4.974515077e-14,7.424372205e-14,4.93973675e-14
67.828125,2.653608891e-13,2.413362972e-13,1.690071459e-13,2.359233676e-13,1.03599784e-13,1.537787768e-13,2.587337829e-14,1.575446493e-13,6.078323914e-14,1.13879942e-13,6.976279073e-14,6.953349505e-14,8.0433314e-14,7.842260598e-14,4.493776242e-13,5.390446493e-13,2.697116081e-13,2.932181029e-13,4.076709761e-14,4.710631422e-13,8.46053896e-14,3.196059716e-14,1.179917836e-14,1.626825251e-13,3.434824984e-14,1.018246718e-13,4.476577748e-14,1.005146012e-13,1.633103956e-13,4.941554142e-14,7.502872773e-14,4.942852213e-14
67.8359375,2.630303733e-13,2.401381133e-13,1.682938122e-13,2.329225539e-13,1.025023018e-13,1.537435813e-13,2.598887578e-14,1.559787928e-13,5.990051365e-14,1.142146958e-13,7.006615753e-14,6.877752036e-14,8.146126616e-14,7.8608242e-14,4.479382169e-13,5.357428255e-13,2.678321967e-13,2.926375349e-13,4.062216179e-14,4.681091546e-13,8.451527949e-14,3.165463992e-14,1.168712928e-14,1.613226826e-13,3.422955129e-14,1.017158366e-13,4.530440217e-14,1.001274588e-13,1.629456176e-13,4.911844007e-14,7.595269734e-14,4.946948121e-14
67.84375,2.608576906e-13,2.389499161e-13,1.676406719e-13,2.299695013e-13,1.014017116e-13,1.537644226e-13,2.613346429e-14,1.543845799e-13,5.899160598e-14,1.145791271e-13,7.040933483e-14,6.801747722e-14,8.257818601e-14,7.884098207e-14,4.465062772e-13,5.323734457e-13,2.660199037e-13,2.920357442e-13,4.048382107e-14,4.647928569e-13,8.441626766e-14,3.133262338e-14,1.159166548e-14,1.599061991e-13,3.412413952e-14,1.01616203e-13,4.592897025e-14,9.978339456e-14,1.625109772e-13,4.876190323e-14,7.691488239e-14,4.945481307e-14
67.8515625,2.586629516e-13,2.378299146e-13,1.669810127e-13,2.271033189e-13,1.003196317e-13,1.537193796e-13,2.629677236e-14,1.526554399e-13,5.806091833e-14,1.149539796e-13,7.07489781e-14,6.727204751e-14,8.37542742e-14,7.907187347e-14,4.448237813e-13,5.285855746e-13,2.639995537e-13,2.912855271e-13,4.031105313e-14,4.6119079e-13,8.43437302e-14,3.101434469e-14,1.152060287e-14,1.583857937e-13,3.401905747e-14,1.015075276e-13,4.660347845e-14,9.939580179e-14,1.620511904e-13,4.83169712e-14,7.786427659e-14,4.939532046e-14
67.859375,2.564442314e-13,2.367377752e-13,1.663855285e-13,2.24411818e-13,9.916704439e-14,1.53662826e-13,2.645720116e-14,1.509181106e-13,5.71203058e-14,1.153166186e-13,7.114813706e-14,6.652550306e-14,8.499020439e-14,7.932779924e-14,4.430476036e-13,5.246047196e-13,2.619172852e-13,2.904205491e-13,4.013331174e-14,4.575665826e-13,8.426998293e-14,3.073382165e-14,1.146716927e-14,1.56779374e-13,3.391148156e-14,1.014288802e-13,4.732296022e-14,9.90063464e-14,1.618281975e-13,4.787489031e-14,7.884367093e-14,4.933961298e-14
67.8671875,2.544373921e-13,2.35634885e-13,1.65849934e-13,2.217530294e-13,9.79488218e-14,1.536729837e-13,2.660974899e-14,1.492946267e-13,5.618427112e-14,1.157140791e-13,7.158235924e-14,6.574019008e-14,8.625812415e-14,7.95982535e-14,4.413006281e-13,5.207528193e-13,2.600424753e-13,2.896309627e-13,3.999951411e-14,4.538670896e-13,8.416871011e-14,3.048424554e-14,1.142197905e-14,1.551572938e-13,3.381024844e-14,1.013608711e-13,4.809563849e-14,9.867784606e-14,1.618770266e-13,4.743333661e-14,7.98659686e-14,4.928141559e-14
67.875,2.525866603e-13,2.345925822e-13,1.652746198e-13,2.189956553e-13,9.683166359e-14,1.536235187e-13,2.676218183e-14,1.477285222e-13,5.527034239e-14,1.160684933e-13,7.19887893e-14,6.49476217e-14,8.754868311e-14,7.991061046e-14,4.393112294e-13,5.16758206e-13,2.581692811e-13,2.888530471e-13,3.988317221e-14,4.500808608e-13,8.404588845e-14,3.02467231e-14,1.138707689e-14,1.534974167e-13,3.370686703e-14,1.012732134e-13,4.893009127e-14,9.837792349e-14,1.61937009e-13,4.693319344e-14,8.098855683e-14,4.920470735e-14
67.8828125,2.50684109e-13,2.334133381e-13,1.647137981e-13,2.163327809e-13,9.579946135e-14,1.53544039e-13,2.693332605e-14,1.461277952e-13,5.434282997e-14,1.162797154e-13,7.238443943e-14,6.418713347e-14,8.89230403e-14,8.037169052e-14,4.370751593e-13,5.123925305e-13,2.56157958e-13,2.879139612e-13,3.976345283e-14,4.461120034e-13,8.391296016e-14,3.001118891e-14,1.137853874e-14,1.517390225e-13,3.359983172e-14,1.011662531e-13,4.988234245e-14,9.805234799e-14,1.619620645e-13,4.640611735e-14,8.219560213e-14,4.91061483e-14
67.890625,2.487360776e-13,2.318999754e-13,1.643081271e-13,2.13849818e-13,9.471222993e-14,1.536079085e-13,2.713318432e-14,1.44485424e-13,5.336809359e-14,1.164382433e-13,7.278569758e-14,6.343578616e-14,9.036705901e-14,8.093115273e-14,4.348797344e-13,5.078594293e-13,2.541907289e-13,2.868819779e-13,3.966278692e-14,4.417592785e-13,8.379709462e-14,2.977466202e-14,1.141539866e-14,1.498902316e-13,3.34971568e-14,1.010462595e-13,5.093341066e-14,9.770077426e-14,1.621009248e-13,4.588118647e-14,8.337367831e-14,4.897727809e-14
67.8984375,2.468168148e-13,2.30486643e-13,1.639872739e-13,2.113666383e-13,9.358852968e-14,1.536663557e-13,2.732606923e-14,1.428342888e-13,5.239039663e-14,1.166010716e-13,7.319468048e-14,6.267994576e-14,9.183133763e-14,8.145763059e-14,4.326463537e-13,5.032600355e-13,2.5223052e-13,2.8580967e-13,3.955447796e-14,4.37298578e-13,8.371781375e-14,2.955463263e-14,1.150184108e-14,1.480170135e-13,3.338299155e-14,1.009498112e-13,5.200051755e-14,9.733253829e-14,1.622815337e-13,4.533828315e-14,8.456589066e-14,4.883388852e-14
67.90625,2.449750154e-13,2.294242945e-13,1.636221007e-13,2.088490261e-13,9.251969116e-14,1.535639171e-13,2.748124462e-14,1.411792773e-13,5.145295016e-14,1.16742926e-13,7.361910888e-14,6.193397093e-14,9.334438075e-14,8.200521043e-14,4.301392139e-13,4.985059159e-13,2.501770362e-13,2.846359303e-13,3.943377976e-14,4.329300833e-13,8.363493998e-14,2.937333417e-14,1.161819475e-14,1.461614254e-13,3.325289715e-14,1.008849154e-13,5.311522475e-14,9.699097861e-14,1.624364924e-13,4.478384274e-14,8.584375818e-14,4.870164497e-14
67.9140625,2.432739846e-13,2.282818279e-13,1.633177308e-13,2.063907212e-13,9.158027144e-14,1.535883205e-13,2.763626567e-14,1.395075955e-13,5.054756083e-14,1.169343263e-13,7.404649291e-14,6.119289131e-14,9.489387475e-14,8.265622832e-14,4.275038877e-13,4.936400671e-13,2.481971587e-13,2.834746699e-13,3.939483451e-14,4.282488176e-13,8.350005963e-14,2.923893779e-14,1.17450682e-14,1.442601976e-13,3.313395154e-14,1.007905185e-13,5.434311974e-14,9.679939554e-14,1.627545431e-13,4.421560814e-14,8.713034073e-14,4.857105621e-14
67.921875,2.416253095e-13,2.270021068e-13,1.631268718e-13,2.040017375e-13,9.073055224e-14,1.538632903e-13,2.781559596e-14,1.378071918e-13,4.965169808e-14,1.171399664e-13,7.447632129e-14,6.044370478e-14,9.643881359e-14,8.331561634e-14,4.248763392e-13,4.886715854e-13,2.462647823e-13,2.823716758e-13,3.943820152e-14,4.23184368e-13,8.333330481e-14,2.913758326e-14,1.189113568e-14,1.422283073e-13,3.302267185e-14,1.006675759e-13,5.565613172e-14,9.673877238e-14,1.632978128e-13,4.361807707e-14,8.842704979e-14,4.841416116e-14
67.9296875,2.398941417e-13,2.259076553e-13,1.628687289e-13,2.016524196e-13,8.97689128e-14,1.539734245e-13,2.79848345e-14,1.360725018e-13,4.874084733e-14,1.172053408e-13,7.49162881e-14,5.968928988e-14,9.802502287e-14,8.391102327e-14,4.22080451e-13,4.835419013e-13,2.44163111e-13,2.811277697e-13,3.943510433e-14,4.181641227e-13,8.318054449e-14,2.902920265e-14,1.20660066e-14,1.401230061e-13,3.289875813e-14,1.005805584e-13,5.701152399e-14,9.656304273e-14,1.638740093e-13,4.301468365e-14,8.980870769e-14,4.821864439e-14
67.9375,2.381700922e-13,2.24897494e-13,1.625729588e-13,1.99299797e-13,8.871254204e-14,1.537513664e-13,2.814942133e-14,1.3434531e-13,4.782923867e-14,1.171798975e-13,7.537971838e-14,5.896065706e-14,9.969375675e-14,8.455035645e-14,4.191929803e-13,4.78473116e-13,2.420344085e-13,2.797563215e-13,3.938105777e-14,4.132584705e-13,8.304842785e-14,2.891064821e-14,1.225704101e-14,1.380449179e-13,3.278462141e-14,1.005199196e-13,5.841057238e-14,9.620583425e-14,1.644358141e-13,4.240244646e-14,9.126483092e-14,4.800233609e-14
67.9453125,2.365407246e-13,2.237893451e-13,1.624463901e-13,1.969764914e-13,8.776820076e-14,1.535709086e-13,2.834408209e-14,1.32657805e-13,4.695491902e-14,1.171708907e-13,7.589889406e-14,5.82766582e-14,1.014312386e-13,8.530291524e-14,4.165202553e-13,4.736869373e-13,2.400959503e-13,2.784195593e-13,3.936485977e-14,4.083126873e-13,8.291561173e-14,2.882903083e-14,1.246779756e-14,1.359746324e-13,3.269812279e-14,1.004503956e-13,5.989040216e-14,9.586888113e-14,1.651149516e-13,4.174080384e-14,9.278169377e-14,4.779310148e-14
67.953125,2.349183043e-13,2.225585798e-13,1.623566692e-13,1.947862178e-13,8.683407854e-14,1.535862891e-13,2.854266827e-14,1.309388198e-13,4.608897247e-14,1.171242842e-13,7.642814455e-14,5.757990357e-14,1.03191446e-13,8.606094188e-14,4.139445488e-13,4.689738248e-13,2.382131541e-13,2.770166576e-13,3.935623441e-14,4.033409154e-13,8.275323342e-14,2.877876997e-14,1.272215869e-14,1.338908314e-13,3.261897708e-14,1.003894804e-13,6.146063567e-14,9.559562616e-14,1.658595315e-13,4.103989258e-14,9.430272554e-14,4.758521882e-14
67.9609375,2.33288464e-13,2.212055227e-13,1.620953293e-13,1.926877087e-13,8.581212222e-14,1.535586379e-13,2.871449146e-14,1.291500526e-13,4.521182049e-14,1.170116179e-13,7.688500237e-14,5.683750162e-14,1.048963809e-13,8.677131868e-14,4.111852881e-13,4.640846398e-13,2.362126752e-13,2.754495946e-13,3.930864457e-14,3.983138449e-13,8.25523394e-14,2.873078837e-14,1.301733729e-14,1.318342836e-13,3.25317421e-14,1.003465535e-13,6.304312754e-14,9.528726312e-14,1.66512684e-13,4.033502846e-14,9.575190304e-14,4.736732809e-14
67.96875,2.316792014e-13,2.199900979e-13,1.618247789e-13,1.906022584e-13,8.492211107e-14,1.534136976e-13,2.888120148e-14,1.273832436e-13,4.438040042e-14,1.168453426e-13,7.731347305e-14,5.613230794e-14,1.065879333e-13,8.754254222e-14,4.083008722e-13,4.590245652e-13,2.340765044e-13,2.738013878e-13,3.927077584e-14,3.931448411e-13,8.235876413e-14,2.87180203e-14,1.333066063e-14,1.297677905e-13,3.242948806e-14,1.003136071e-13,6.459394352e-14,9.498074247e-14,1.671869196e-13,3.963838718e-14,9.724023087e-14,4.715697801e-14
67.9765625,2.300737342e-13,2.190011438e-13,1.617288331e-13,1.885775963e-13,8.415409054e-14,1.532927041e-13,2.906812978e-14,1.256698177e-13,4.358146944e-14,1.166175154e-13,7.776995239e-14,5.550442287e-14,1.08407716e-13,8.841629628e-14,4.054039708e-13,4.538571328e-13,2.318968355e-13,2.721051265e-13,3.926604468e-14,3.87796525e-13,8.221202126e-14,2.874124047e-14,1.36573578e-14,1.276400863e-13,3.231794385e-14,1.003004659e-13,6.617584503e-14,9.468702269e-14,1.680952829e-13,3.895455411e-14,9.886636547e-14,4.694562842e-14
67.984375,2.285843173e-13,2.178203456e-13,1.617295876e-13,1.865611136e-13,8.333167557e-14,1.532448472e-13,2.928202624e-14,1.239421727e-13,4.275770554e-14,1.164012141e-13,7.820012736e-14,5.487956186e-14,1.102917629e-13,8.929684382e-14,4.024552215e-13,4.486630436e-13,2.298392869e-13,2.703831442e-13,3.927479378e-14,3.822632491e-13,8.206087961e-14,2.876522406e-14,1.401267357e-14,1.255106478e-13,3.221945494e-14,1.003310605e-13,6.782794365e-14,9.431408997e-14,1.691717422e-13,3.826719671e-14,1.00513555e-13,4.671706939e-14
67.9921875,2.272532245e-13,2.163569657e-13,1.617020923e-13,1.844580643e-13,8.257758529e-14,1.532266194e-13,2.950733894e-14,1.222097252e-13,4.196741683e-14,1.161961504e-13,7.85824549e-14,5.422596279e-14,1.120552967e-13,9.012650496e-14,3.993919763e-13,4.433900373e-13,2.278426559e-13,2.686462467e-13,3.930687574e-14,3.766909719e-13,8.183069878e-14,2.883514716e-14,1.441278943e-14,1.233939542e-13,3.212176849e-14,1.004371058e-13,6.953675408e-14,9.390366486e-14,1.702599246e-13,3.756918583e-14,1.021273079e-13,4.651704356e-14
68,2.258892691e-13,2.149983813e-13,1.616236432e-13,1.824069536e-13,8.189870763e-14,1.532328537e-13,2.97248866e-14,1.205149293e-13,4.12536781e-14,1.158639146e-13,7.896338239e-14,5.358747667e-14,1.137305052e-13,9.094288951e-14,3.962202747e-13,4.378718122e-13,2.257412883e-13,2.668398021e-13,3.937600097e-14,3.712787652e-13,8.153871314e-14,2.897507608e-14,1.484829203e-14,1.212143151e-13,3.20063255e-14,1.00602454e-13,7.128013328e-14,9.356458828e-14,1.71410764e-13,3.6890326e-14,1.037570378e-13,4.635839827e-14
68.0078125,2.244301655e-13,2.137895221e-13,1.616248763e-13,1.805309758e-13,8.109256521e-14,1.533125227e-13,2.995425383e-14,1.188139516e-13,4.054616234e-14,1.154228089e-13,7.93607173e-14,5.299751597e-14,1.154553152e-13,9.177310981e-14,3.930629347e-13,4.322431405e-13,2.23673601e-13,2.650070139e-13,3.946571065e-14,3.659746986e-13,8.12662708e-14,2.911548983e-14,1.529676386e-14,1.190048843e-13,3.189910774e-14,1.00759685e-13,7.302621414e-14,9.324945456e-14,1.727242432e-13,3.621606624e-14,1.053448072e-13,4.616443301e-14
68.015625,2.229503718e-13,2.124422429e-13,1.618598271e-13,1.787209008e-13,8.029295346e-14,1.534470632e-13,3.019663876e-14,1.170626152e-13,3.983182624e-14,1.149833971e-13,7.977537981e-14,5.246758864e-14,1.172447928e-13,9.256184833e-14,3.89881865e-13,4.266286328e-13,2.21653574e-13,2.631326527e-13,3.953526951e-14,3.605914593e-13,8.104939389e-14,2.924514298e-14,1.576615598e-14,1.168599194e-13,3.178846504e-14,1.009077675e-13,7.479545418e-14,9.286937526e-14,1.741519076e-13,3.550614886e-14,1.068696206e-13,4.591494223e-14
68.0234375,2.214277623e-13,2.109062654e-13,1.622550619e-13,1.768759518e-13,7.969303846e-14,1.535134314e-13,3.041278294e-14,1.153037856e-13,3.916086483e-14,1.14494618e-13,8.021490872e-14,5.198848472e-14,1.190449583e-13,9.327563103e-14,3.864840423e-13,4.208208857e-13,2.194219702e-13,2.61084222e-13,3.957659355e-14,3.551511032e-13,8.085340241e-14,2.9404836e-14,1.626527458e-14,1.147503238e-13,3.162966551e-14,1.010899672e-13,7.661102185e-14,9.248257159e-14,1.755903026e-13,3.479852634e-14,1.084334201e-13,4.566868766e-14
68.03125,2.199401224e-13,2.093798686e-13,1.626854589e-13,1.749892192e-13,7.914831603e-14,1.535195449e-13,3.063285777e-14,1.136146501e-13,3.852658396e-14,1.139354194e-13,8.068226894e-14,5.153800811e-14,1.207756958e-13,9.401381874e-14,3.83077303e-13,4.149521202e-13,2.171544777e-13,2.590113349e-13,3.964996696e-14,3.497675372e-13,8.064797199e-14,2.95816889e-14,1.67756532e-14,1.126179271e-13,3.146263482e-14,1.012725099e-13,7.840001148e-14,9.218468425e-14,1.770634217e-13,3.412607147e-14,1.10057304e-13,4.543122016e-14
68.0390625,2.185873366e-13,2.078969462e-13,1.631771753e-13,1.730702129e-13,7.858062204e-14,1.535898764e-13,3.090869538e-14,1.119904828e-13,3.79119696e-14,1.13394833e-13,8.115531055e-14,5.110085855e-14,1.22388721e-13,9.484593159e-14,3.798823004e-13,4.092957293e-13,2.151452249e-13,2.571096836e-13,3.976978946e-14,3.442841504e-13,8.044016759e-14,2.977054688e-14,1.730590247e-14,1.104787777e-13,3.133948558e-14,1.014135099e-13,8.015503552e-14,9.19105268e-14,1.786809873e-13,3.343848454e-14,1.116952286e-13,4.517715125e-14
68.046875,2.172440434e-13,2.063462657e-13,1.636850031e-13,1.711872111e-13,7.808957972e-14,1.536622536e-13,3.11854405e-14,1.103296594e-13,3.731950434e-14,1.128277708e-13,8.159473227e-14,5.065999726e-14,1.239810646e-13,9.56864363e-14,3.765232549e-13,4.035008517e-13,2.131342449e-13,2.551929248e-13,3.98808805e-14,3.385488187e-13,8.022744031e-14,2.998772191e-14,1.787848159e-14,1.083444121e-13,3.122130547e-14,1.015555111e-13,8.198947732e-14,9.15601162e-14,1.803890844e-13,3.273191475e-14,1.133495754e-13,4.492986642e-14
68.0546875,2.158735465e-13,2.048706918e-13,1.641433062e-13,1.693755178e-13,7.765080532e-14,1.53660879e-13,3.141562434e-14,1.086154761e-13,3.67488864e-14,1.121462799e-13,8.202874376e-14,5.022468368e-14,1.256180823e-13,9.647433445e-14,3.728901732e-13,3.974331561e-13,2.110006673e-13,2.531666268e-13,3.99983861e-14,3.328615322e-13,8.000888479e-14,3.022276039e-14,1.847375818e-14,1.062251633e-13,3.10808892e-14,1.017573433e-13,8.390110372e-14,9.121160334e-14,1.820570929e-13,3.20757448e-14,1.150004651e-13,4.471219539e-14
68.0625,2.145999273e-13,2.035438975e-13,1.646996122e-13,1.67545744e-13,7.722413906e-14,1.537376921e-13,3.165697408e-14,1.069601421e-13,3.622503746e-14,1.114313589e-13,8.250346961e-14,4.983860018e-14,1.271747342e-13,9.725518796e-14,3.694467306e-13,3.91609471e-13,2.090590914e-13,2.512091189e-13,4.015391901e-14,3.27445443e-13,7.981207903e-14,3.048282928e-14,1.907838904e-14,1.04145196e-13,3.095136354e-14,1.02034481e-13,8.579473055e-14,9.093116484e-14,1.837964002e-13,3.146758586e-14,1.166222865e-13,4.450582893e-14
68.0703125,2.133389118e-13,2.020657122e-13,1.654475529e-13,1.656774447e-13,7.687252089e-14,1.53939824e-13,3.194084323e-14,1.053867915e-13,3.575835913e-14,1.107592599e-13,8.29692934e-14,4.95186066e-14,1.286152719e-13,9.805970185e-14,3.661955539e-13,3.860151972e-13,2.072529851e-13,2.492533748e-13,4.030048586e-14,3.22017781e-13,7.962661419e-14,3.077771321e-14,1.97091887e-14,1.020719439e-13,3.083752695e-14,1.023567947e-13,8.76869849e-14,9.061980775e-14,1.857482772e-13,3.084198831e-14,1.182600283e-13,4.429165993e-14
68.078125,2.119507179e-13,2.004719118e-13,1.662607678e-13,1.638783539e-13,7.658540329e-14,1.541158115e-13,3.22307005e-14,1.038288932e-13,3.532424226e-14,1.100730472e-13,8.34102475e-14,4.925005696e-14,1.30078467e-13,9.886372846e-14,3.628750965e-13,3.802512219e-13,2.052963839e-13,2.471307349e-13,4.043909253e-14,3.165263766e-13,7.940791249e-14,3.108326082e-14,2.036307329e-14,9.999497812e-14,3.07171842e-14,1.026773631e-13,8.961999229e-14,9.026125494e-14,1.877779642e-13,3.019859634e-14,1.199165348e-13,4.408159797e-14
68.0859375,2.105374279e-13,1.990403688e-13,1.670957522e-13,1.621461697e-13,7.628268715e-14,1.542489881e-13,3.252292292e-14,1.022952689e-13,3.492040632e-14,1.093431793e-13,8.389529047e-14,4.900712532e-14,1.315402419e-13,9.962529934e-14,3.597018075e-13,3.745538587e-13,2.033206167e-13,2.449851395e-13,4.06177269e-14,3.113095298e-13,7.916284083e-14,3.139543546e-14,2.102784588e-14,9.798795797e-14,3.059362048e-14,1.030076641e-13,9.156431748e-14,8.994198782e-14,1.897669716e-13,2.958636475e-14,1.21538729e-13,4.389571029e-14
68.09375,2.092380264e-13,1.975587542e-13,1.680589595e-13,1.603691661e-13,7.598500606e-14,1.544179398e-13,3.28423291e-14,1.007714019e-13,3.453227386e-14,1.085840498e-13,8.442425694e-14,4.876364762e-14,1.328793333e-13,1.003819739e-13,3.567733445e-13,3.691544382e-13,2.015044008e-13,2.429816125e-13,4.081206356e-14,3.063009022e-13,7.890960693e-14,3.172415661e-14,2.170232531e-14,9.603290568e-14,3.047653103e-14,1.033968105e-13,9.3543308e-14,8.964739003e-14,1.918134821e-13,2.901861455e-14,1.232062658e-13,4.372062723e-14
68.1015625,2.080227224e-13,1.960136908e-13,1.692167789e-13,1.585887033e-13,7.579422521e-14,1.546343207e-13,3.317987011e-14,9.918047162e-14,3.413561513e-14,1.077548309e-13,8.498714473e-14,4.855982901e-14,1.341884331e-13,1.012659624e-13,3.538254136e-13,3.637304163e-13,1.997022239e-13,2.410291e-13,4.101116112e-14,3.011994273e-13,7.864050092e-14,3.207435288e-14,2.239251145e-14,9.401334283e-14,3.035600227e-14,1.038287989e-13,9.562205329e-14,8.938831115e-14,1.939957723e-13,2.847681333e-14,1.250476854e-13,4.353703475e-14
68.109375,2.067897503e-13,1.947935315e-13,1.705616787e-13,1.569442601e-13,7.57334282e-14,1.549061766e-13,3.351684546e-14,9.758075018e-14,3.378119816e-14,1.068678913e-13,8.559956864e-14,4.846233122e-14,1.355529855e-13,1.022929099e-13,3.508710521e-13,3.581929259e-13,1.978067383e-13,2.390092187e-13,4.125399338e-14,2.960670575e-13,7.838330337e-14,3.247576231e-14,2.312166965e-14,9.194175542e-14,3.022335636e-14,1.042570027e-13,9.7771624e-14,8.923417298e-14,1.963164616e-13,2.793492232e-14,1.269869742e-13,4.336065755e-14
68.1171875,2.05512332e-13,1.936434591e-13,1.720316975e-13,1.554223701e-13,7.571167467e-14,1.551944278e-13,3.387675768e-14,9.608973213e-14,3.350473374e-14,1.060269126e-13,8.615797027e-14,4.844141284e-14,1.368562618e-13,1.033396835e-13,3.480912938e-13,3.528066237e-13,1.95935766e-13,2.369379356e-13,4.151773095e-14,2.910259291e-13,7.815330483e-14,3.291742211e-14,2.388378848e-14,8.994240675e-14,3.009648296e-14,1.046909197e-13,9.992653447e-14,8.909094365e-14,1.987939992e-13,2.737491716e-14,1.28864618e-13,4.319094814e-14
68.125,2.042224397e-13,1.921693482e-13,1.735552515e-13,1.539292563e-13,7.567309639e-14,1.554504492e-13,3.429011823e-14,9.466098426e-14,3.32475315e-14,1.052144296e-13,8.660036836e-14,4.844248502e-14,1.38066644e-13,1.043672291e-13,3.454595386e-13,3.475925122e-13,1.941876908e-13,2.348405943e-13,4.175443489e-14,2.860651633e-13,7.790980732e-14,3.333789978e-14,2.463583358e-14,8.807470845e-14,2.998710283e-14,1.051476688e-13,1.020658625e-13,8.884038006e-14,2.013790345e-13,2.681774537e-14,1.306660535e-13,4.300598707e-14
68.1328125,2.029543269e-13,1.906903978e-13,1.751274452e-13,1.524411725e-13,7.570357712e-14,1.557755658e-13,3.472838388e-14,9.320842829e-14,3.299355961e-14,1.043097953e-13,8.704595243e-14,4.848065453e-14,1.39268027e-13,1.054146729e-13,3.428917061e-13,3.423889395e-13,1.924936754e-13,2.326873985e-13,4.197707243e-14,2.812158381e-13,7.766187211e-14,3.375552713e-14,2.539150548e-14,8.629919177e-14,2.986786239e-14,1.056159666e-13,1.04154389e-13,8.857164955e-14,2.039384362e-13,2.628747527e-14,1.324469821e-13,4.283751226e-14
68.140625,2.018211336e-13,1.894156689e-13,1.767778089e-13,1.509347494e-13,7.591483494e-14,1.562552754e-13,3.5157092e-14,9.177391052e-14,3.279873393e-14,1.033500786e-13,8.751711303e-14,4.855987719e-14,1.404477377e-13,1.065219229e-13,3.403371327e-13,3.371705665e-13,1.907609083e-13,2.304994736e-13,4.223072311e-14,2.763960897e-13,7.745085385e-14,3.42396784e-14,2.619172077e-14,8.450349008e-14,2.973210915e-14,1.061231412e-13,1.06200319e-13,8.838528359e-14,2.064605618e-13,2.576312399e-14,1.342435312e-13,4.272362814e-14
68.1484375,2.008685397e-13,1.881828115e-13,1.785503651e-13,1.494195934e-13,7.62512296e-14,1.568006115e-13,3.560564352e-14,9.041194197e-14,3.266843884e-14,1.024667212e-13,8.791750602e-14,4.865823345e-14,1.415889653e-13,1.077228003e-13,3.378263667e-13,3.320444256e-13,1.890272981e-13,2.283257896e-13,4.254540602e-14,2.715056306e-13,7.724832302e-14,3.478114379e-14,2.701967771e-14,8.26263828e-14,2.961372471e-14,1.067040567e-13,1.083190258e-13,8.823487048e-14,2.091401933e-13,2.52400178e-14,1.360652694e-13,4.262901344e-14
68.15625,1.998894171e-13,1.870190308e-13,1.804982693e-13,1.479751422e-13,7.654157344e-14,1.573225771e-13,3.609014559e-14,8.9096513e-14,3.256133768e-14,1.016322155e-13,8.829135782e-14,4.878548291e-14,1.427020277e-13,1.089198022e-13,3.354952609e-13,3.270957068e-13,1.873678639e-13,2.261411414e-13,4.28975733e-14,2.66663442e-13,7.703372486e-14,3.53290303e-14,2.786024832e-14,8.07813927e-14,2.950326727e-14,1.072978668e-13,1.105240894e-13,8.80619219e-14,2.120659679e-13,2.47502865e-14,1.378630487e-13,4.251170098e-14
68.1640625,1.98811452e-13,1.859351269e-13,1.82554974e-13,1.465668128e-13,7.675152252e-14,1.578006506e-13,3.657805415e-14,8.779486658e-14,3.246100376e-14,1.007392175e-13,8.871278369e-14,4.894773687e-14,1.43721621e-13,1.099806394e-13,3.333326167e-13,3.222673135e-13,1.857787407e-13,2.239399003e-13,4.323948408e-14,2.619135522e-13,7.683988836e-14,3.586510693e-14,2.871908091e-14,7.906451883e-14,2.936911552e-14,1.078401885e-13,1.126700381e-13,8.787715785e-14,2.150182101e-13,2.428621761e-14,1.396291698e-13,4.238463187e-14
68.171875,1.977978968e-13,1.848371261e-13,1.845730338e-13,1.450982747e-13,7.696747075e-14,1.58209594e-13,3.707310854e-14,8.650903166e-14,3.238597931e-14,9.98128589e-14,8.912455032e-14,4.913582518e-14,1.446561707e-13,1.109752854e-13,3.31184848e-13,3.174748978e-13,1.842291082e-13,2.217290414e-13,4.356746339e-14,2.571912388e-13,7.665587369e-14,3.639637049e-14,2.958149283e-14,7.739839974e-14,2.923994178e-14,1.084020565e-13,1.147229705e-13,8.769537055e-14,2.1785642e-13,2.383037741e-14,1.414384724e-13,4.227648306e-14
68.1796875,1.967204608e-13,1.837130401e-13,1.865777033e-13,1.43655618e-13,7.716139913e-14,1.585653457e-13,3.759283826e-14,8.523902316e-14,3.235664071e-14,9.895205625e-14,8.948951993e-14,4.936126191e-14,1.456104718e-13,1.119794896e-13,3.290308297e-13,3.127352038e-13,1.826901534e-13,2.194020862e-13,4.387697017e-14,2.526130216e-13,7.645775915e-14,3.693532032e-14,3.046221529e-14,7.574658675e-14,2.914267187e-14,1.090624752e-13,1.16764029e-13,8.749430495e-14,2.207153695e-13,2.341416735e-14,1.432827169e-13,4.219400429e-14
68.1875,1.953905615e-13,1.825143214e-13,1.887149383e-13,1.423472647e-13,7.725286925e-14,1.589287294e-13,3.811323639e-14,8.397180126e-14,3.234958851e-14,9.814678941e-14,8.984002411e-14,4.963742533e-14,1.465655682e-13,1.129163135e-13,3.26925687e-13,3.080343298e-13,1.811358184e-13,2.169352819e-13,4.414952291e-14,2.481890748e-13,7.628688005e-14,3.747497678e-14,3.138882856e-14,7.417410629e-14,2.905529734e-14,1.097805572e-13,1.187787266e-13,8.726657972e-14,2.236424113e-13,2.304620784e-14,1.450985329e-13,4.21262542e-14
68.1953125,1.940486679e-13,1.813135228e-13,1.909695578e-13,1.410718015e-13,7.726807427e-14,1.593189038e-13,3.863841076e-14,8.271398911e-14,3.233104113e-14,9.729858615e-14,9.016074103e-14,4.994953509e-14,1.47424418e-13,1.138038953e-13,3.248861058e-13,3.033303045e-13,1.795784076e-13,2.144886046e-13,4.442414143e-14,2.436934911e-13,7.616734394e-14,3.800035262e-14,3.233426073e-14,7.264589916e-14,2.897764506e-14,1.105234293e-13,1.207246753e-13,8.703620065e-14,2.265855353e-13,2.26949198e-14,1.468878675e-13,4.207582045e-14
68.203125,1.928539493e-13,1.802531772e-13,1.932347513e-13,1.397500265e-13,7.725803377e-14,1.597154731e-13,3.920099998e-14,8.148928526e-14,3.232067691e-14,9.640194564e-14,9.040771222e-14,5.026758941e-14,1.481661939e-13,1.147480736e-13,3.229514279e-13,2.987077115e-13,1.780497203e-13,2.121062741e-13,4.473020556e-14,2.391446867e-13,7.606019053e-14,3.852378172e-14,3.327792525e-14,7.108712559e-14,2.89216648e-14,1.113062464e-13,1.226326873e-13,8.679169028e-14,2.295960543e-13,2.235671185e-14,1.486282371e-13,4.205044879e-14
68.2109375,1.916279554e-13,1.792505068e-13,1.955660354e-13,1.38530894e-13,7.727607558e-14,1.601359988e-13,3.978363426e-14,8.029634538e-14,3.234767172e-14,9.553971831e-14,9.060703789e-14,5.060961487e-14,1.488310382e-13,1.157296474e-13,3.211066114e-13,2.942508225e-13,1.765872267e-13,2.09705511e-13,4.503289157e-14,2.34745946e-13,7.595633781e-14,3.906026651e-14,3.423461005e-14,6.954685285e-14,2.886051059e-14,1.120856521e-13,1.245390448e-13,8.654071827e-14,2.326595342e-13,2.203687074e-14,1.503264094e-13,4.202183881e-14
68.21875,1.903392237e-13,1.783146032e-13,1.980979112e-13,1.375090535e-13,7.739968065e-14,1.606245543e-13,4.036008167e-14,7.912244201e-14,3.241268943e-14,9.470427395e-14,9.08501698e-14,5.104792038e-14,1.494989565e-13,1.167189787e-13,3.192829354e-13,2.899236177e-13,1.75228972e-13,2.07314086e-13,4.533417626e-14,2.3049812e-13,7.587996606e-14,3.961404183e-14,3.520218677e-14,6.80812562e-14,2.87816669e-14,1.128451142e-13,1.26479795e-13,8.636727895e-14,2.357782841e-13,2.17344473e-14,1.52132028e-13,4.197504932e-14
68.2265625,1.890838534e-13,1.775328099e-13,2.008257348e-13,1.365125045e-13,7.759121451e-14,1.611439012e-13,4.094857064e-14,7.797983338e-14,3.251509999e-14,9.384566292e-14,9.118732211e-14,5.157267598e-14,1.501949805e-13,1.177827757e-13,3.175672526e-13,2.857225713e-13,1.739580785e-13,2.049769946e-13,4.566793288e-14,2.263798669e-13,7.57960489e-14,4.019461732e-14,3.617659775e-14,6.663469474e-14,2.871352076e-14,1.136610908e-13,1.28491877e-13,8.62787809e-14,2.391131952e-13,2.147369629e-14,1.541007216e-13,4.194430219e-14
68.234375,1.878600887e-13,1.767161119e-13,2.036633825e-13,1.354541013e-13,7.774747614e-14,1.616431901e-13,4.157608239e-14,7.688026948e-14,3.264000041e-14,9.301638535e-14,9.156897916e-14,5.208606592e-14,1.508163876e-13,1.189355314e-13,3.160992328e-13,2.816616791e-13,1.727219423e-13,2.026537139e-13,4.602295412e-14,2.22413532e-13,7.566113841e-14,4.07917375e-14,3.71561476e-14,6.515364759e-14,2.866648883e-14,1.145298502e-13,1.305633338e-13,8.618491943e-14,2.425802716e-13,2.125662518e-14,1.560872378e-13,4.193213638e-14
68.2421875,1.866703097e-13,1.758518971e-13,2.065881574e-13,1.345019774e-13,7.789677738e-14,1.622063114e-13,4.225519383e-14,7.581922394e-14,3.277532868e-14,9.224362731e-14,9.192019723e-14,5.259657981e-14,1.513165128e-13,1.200902275e-13,3.14750793e-13,2.776076646e-13,1.714859001e-13,2.003329593e-13,4.638660949e-14,2.184581076e-13,7.552944073e-14,4.139074223e-14,3.812907242e-14,6.3697396e-14,2.861897716e-14,1.153646716e-13,1.326262835e-13,8.60676421e-14,2.45927165e-13,2.104924529e-14,1.580324113e-13,4.191952539e-14
68.25,1.855081977e-13,1.751452156e-13,2.096062937e-13,1.336053863e-13,7.809492541e-14,1.628589151e-13,4.296878334e-14,7.480136956e-14,3.295195709e-14,9.146208172e-14,9.221150632e-14,5.31887694e-14,1.517594624e-13,1.211799624e-13,3.13282349e-13,2.734456978e-13,1.702318681e-13,1.98036594e-13,4.676566418e-14,2.144578896e-13,7.544871977e-14,4.200605774e-14,3.910800799e-14,6.234323347e-14,2.85608078e-14,1.161811453e-13,1.345739616e-13,8.596572296e-14,2.492799173e-13,2.085752489e-14,1.6001114e-13,4.19326397e-14
68.2578125,1.844195226e-13,1.744243558e-13,2.127386996e-13,1.325138613e-13,7.831105707e-14,1.634633294e-13,4.368260621e-14,7.382753657e-14,3.318286189e-14,9.068949963e-14,9.245774309e-14,5.384571651e-14,1.521420334e-13,1.222548572e-13,3.117517786e-13,2.693072333e-13,1.690170559e-13,1.957883863e-13,4.716319147e-14,2.105374298e-13,7.536055714e-14,4.26341595e-14,4.010308627e-14,6.105517138e-14,2.85134761e-14,1.170355166e-13,1.363795136e-13,8.591012323e-14,2.528207979e-13,2.070468265e-14,1.620341189e-13,4.197316503e-14
68.265625,1.835283445e-13,1.735560657e-13,2.160915286e-13,1.313809059e-13,7.857257102e-14,1.640660045e-13,4.440930953e-14,7.287513467e-14,3.343264762e-14,8.996685842e-14,9.271788298e-14,5.453024873e-14,1.524430807e-13,1.234390999e-13,3.103978527e-13,2.653699984e-13,1.679555898e-13,1.936442682e-13,4.759478283e-14,2.066591166e-13,7.525819412e-14,4.325441925e-14,4.109167934e-14,5.977293597e-14,2.849302538e-14,1.178966787e-13,1.381787772e-13,8.59226899e-14,2.564171139e-13,2.056912588e-14,1.641098952e-13,4.200258181e-14
68.2734375,1.827300889e-13,1.728365865e-13,2.197283128e-13,1.304710285e-13,7.892012144e-14,1.648291142e-13,4.517290983e-14,7.193836929e-14,3.368444149e-14,8.919964954e-14,9.304901317e-14,5.527456022e-14,1.527208246e-13,1.247708106e-13,3.092709832e-13,2.616279068e-13,1.67052435e-13,1.916136677e-13,4.80565395e-14,2.027976071e-13,7.52389187e-14,4.38794971e-14,4.206848681e-14,5.852545821e-14,2.847870824e-14,1.187381959e-13,1.400460993e-13,8.593537181e-14,2.600753182e-13,2.043737631e-14,1.663205869e-13,4.202210348e-14
68.28125,1.818393735e-13,1.723644853e-13,2.235427825e-13,1.296013146e-13,7.925093689e-14,1.656172029e-13,4.594704831e-14,7.10557668e-14,3.395347185e-14,8.837161953e-14,9.343433444e-14,5.608529236e-14,1.529766077e-13,1.261772953e-13,3.083153321e-13,2.580486773e-13,1.66231243e-13,1.896372365e-13,4.852418133e-14,1.991430165e-13,7.530510494e-14,4.451376051e-14,4.303854975e-14,5.73224599e-14,2.846424659e-14,1.195748751e-13,1.418716951e-13,8.589477432e-14,2.639691031e-13,2.032850565e-14,1.686437858e-13,4.203502755e-14
68.2890625,1.809618906e-13,1.719706489e-13,2.275138921e-13,1.286547176e-13,7.95412887e-14,1.663280622e-13,4.674225308e-14,7.025605399e-14,3.427053226e-14,8.764677072e-14,9.383581518e-14,5.697124217e-14,1.531554157e-13,1.276435105e-13,3.075659393e-13,2.546774886e-13,1.654792705e-13,1.877144753e-13,4.902419902e-14,1.956543999e-13,7.536594069e-14,4.514618647e-14,4.398284706e-14,5.612743169e-14,2.847855627e-14,1.203935512e-13,1.436291561e-13,8.59373525e-14,2.680456136e-13,2.024347683e-14,1.709776721e-13,4.202713913e-14
68.296875,1.801612781e-13,1.717025054e-13,2.318124894e-13,1.278315928e-13,7.997028409e-14,1.672027939e-13,4.761925415e-14,6.950459663e-14,3.466789533e-14,8.704002498e-14,9.426623934e-14,5.798567017e-14,1.532864544e-13,1.292415803e-13,3.070219598e-13,2.514809296e-13,1.64793838e-13,1.858979303e-13,4.958751554e-14,1.921120679e-13,7.541437336e-14,4.580354353e-14,4.488733622e-14,5.497584186e-14,2.851132155e-14,1.211890286e-13,1.454431542e-13,8.616605836e-14,2.722146704e-13,2.018668665e-14,1.733988941e-13,4.202800601e-14
68.3046875,1.792978702e-13,1.716565598e-13,2.36395363e-13,1.270765481e-13,8.053805704e-14,1.682529276e-13,4.855572176e-14,6.874638495e-14,3.511139872e-14,8.638527258e-14,9.471607994e-14,5.908857643e-14,1.534098157e-13,1.309723093e-13,3.065994323e-13,2.483669621e-13,1.641704868e-13,1.841832146e-13,5.018398973e-14,1.886241621e-13,7.549274722e-14,4.648771972e-14,4.575097594e-14,5.389818954e-14,2.852601931e-14,1.219615421e-13,1.473130707e-13,8.645660372e-14,2.7648637e-13,2.01827638e-14,1.760361217e-13,4.20513951e-14
68.3125,1.78431609e-13,1.716718952e-13,2.409877141e-13,1.262252006e-13,8.102368881e-14,1.691702342e-13,4.947911932e-14,6.797080661e-14,3.551782844e-14,8.569169026e-14,9.513232397e-14,6.017126634e-14,1.534919687e-13,1.327442866e-13,3.062743672e-13,2.453281605e-13,1.63663171e-13,1.825096874e-13,5.07898366e-14,1.853232448e-13,7.560648723e-14,4.714332517e-14,4.658306116e-14,5.285357726e-14,2.853406778e-14,1.226630643e-13,1.491146921e-13,8.668513303e-14,2.807824957e-13,2.021080867e-14,1.787691471e-13,4.205599356e-14
68.3203125,1.776745096e-13,1.715356031e-13,2.456409585e-13,1.254184046e-13,8.145941063e-14,1.699918092e-13,5.039615262e-14,6.720365484e-14,3.588624941e-14,8.51036244e-14,9.554871835e-14,6.124621117e-14,1.535172871e-13,1.34518971e-13,3.060692936e-13,2.423807321e-13,1.63236447e-13,1.807977002e-13,5.140296788e-14,1.82053157e-13,7.576749943e-14,4.7768766e-14,4.740018158e-14,5.185283152e-14,2.854915657e-14,1.232931417e-13,1.508640343e-13,8.687292689e-14,2.850783128e-13,2.022573443e-14,1.814429755e-13,4.204235504e-14
68.328125,1.769104155e-13,1.713107121e-13,2.50686039e-13,1.247098947e-13,8.207015764e-14,1.710111356e-13,5.135242423e-14,6.648331465e-14,3.630105243e-14,8.459550295e-14,9.605540446e-14,6.240450736e-14,1.534945378e-13,1.363847957e-13,3.060140688e-13,2.395330347e-13,1.627793003e-13,1.790301019e-13,5.201139339e-14,1.787887184e-13,7.598745761e-14,4.8421709e-14,4.81871731e-14,5.091062992e-14,2.855618957e-14,1.239227417e-13,1.526779214e-13,8.708452833e-14,2.894947389e-13,2.024191635e-14,1.841689454e-13,4.204781729e-14
68.3359375,1.761376905e-13,1.712599455e-13,2.561283359e-13,1.239611262e-13,8.280774007e-14,1.722275871e-13,5.235504106e-14,6.583170811e-14,3.679223111e-14,8.406276794e-14,9.661866886e-14,6.366092294e-14,1.533920289e-13,1.384451408e-13,3.061710526e-13,2.368498332e-13,1.623523794e-13,1.773186223e-13,5.263738677e-14,1.756872027e-13,7.624521567e-14,4.911127387e-14,4.892747069e-14,4.997126711e-14,2.855983959e-14,1.245410147e-13,1.545527507e-13,8.735627899e-14,2.940925625e-13,2.028736681e-14,1.870816919e-13,4.206869046e-14
68.34375,1.754567754e-13,1.714184071e-13,2.616825958e-13,1.232245801e-13,8.343985357e-14,1.734466701e-13,5.338448957e-14,6.520363648e-14,3.728681405e-14,8.353744548e-14,9.71499826e-14,6.495450089e-14,1.532016059e-13,1.40596751e-13,3.065086979e-13,2.343427114e-13,1.620288163e-13,1.756865788e-13,5.329638624e-14,1.727652636e-13,7.652439891e-14,4.978882608e-14,4.965263505e-14,4.905781982e-14,2.856063418e-14,1.250864662e-13,1.564084187e-13,8.764580118e-14,2.988296307e-13,2.034818328e-14,1.90057659e-13,4.20862873e-14
68.3515625,1.747053854e-13,1.715493596e-13,2.672660869e-13,1.225673015e-13,8.389928732e-14,1.74579594e-13,5.442583974e-14,6.454943152e-14,3.772660367e-14,8.309588195e-14,9.766699397e-14,6.622028625e-14,1.529730636e-13,1.425799603e-13,3.068778659e-13,2.319406874e-13,1.616811593e-13,1.73951425e-13,5.393562106e-14,1.699506604e-13,7.683050982e-14,5.040843293e-14,5.038030954e-14,4.823867683e-14,2.855638543e-14,1.255939214e-13,1.581795857e-13,8.786143217e-14,3.035932994e-13,2.042457326e-14,1.929006807e-13,4.209425816e-14
68.359375,1.737460253e-13,1.71552812e-13,2.730153314e-13,1.218490951e-13,8.428693725e-14,1.756615568e-13,5.549705008e-14,6.391763782e-14,3.816215292e-14,8.273055973e-14,9.818012464e-14,6.74625136e-14,1.527385063e-13,1.443839487e-13,3.072193878e-13,2.296493355e-13,1.6126309e-13,1.720455384e-13,5.453675699e-14,1.671564322e-13,7.717903339e-14,5.097304905e-14,5.108356028e-14,4.745172132e-14,2.859004356e-14,1.261153082e-13,1.597808923e-13,8.799332755e-14,3.082948131e-13,2.052977258e-14,1.956376525e-13,4.208864233e-14
68.3671875,1.727051756e-13,1.715345624e-13,2.789887531e-13,1.210193359e-13,8.468946343e-14,1.767537998e-13,5.660592223e-14,6.336320329e-14,3.865168695e-14,8.239987417e-14,9.863525626e-14,6.87568068e-14,1.52515582e-13,1.462452096e-13,3.075510189e-13,2.274754436e-13,1.608532429e-13,1.700612441e-13,5.513589612e-14,1.643328839e-13,7.757327182e-14,5.152614029e-14,5.174294118e-14,4.662642574e-14,2.866241467e-14,1.266129429e-13,1.612608413e-13,8.812185712e-14,3.130207682e-13,2.064157997e-14,1.984804741e-13,4.208230564e-14
68.375,1.716739766e-13,1.715574449e-13,2.851486629e-13,1.202133273e-13,8.510104101e-14,1.778483303e-13,5.770439258e-14,6.285300235e-14,3.916621913e-14,8.209910157e-14,9.908469617e-14,7.013650393e-14,1.523175368e-13,1.481880795e-13,3.078675099e-13,2.253325621e-13,1.604241579e-13,1.68012127e-13,5.573012202e-14,1.615736565e-13,7.798492649e-14,5.208386924e-14,5.235756283e-14,4.582123716e-14,2.87055362e-14,1.270456093e-13,1.628394178e-13,8.832555718e-14,3.178222334e-13,2.075353364e-14,2.015171953e-13,4.209163009e-14
68.3828125,1.707091045e-13,1.716063037e-13,2.915674291e-13,1.195298381e-13,8.554621346e-14,1.78994793e-13,5.87989906e-14,6.23675738e-14,3.96882126e-14,8.184744855e-14,9.965101886e-14,7.15781966e-14,1.520846459e-13,1.501072138e-13,3.0830918e-13,2.232483829e-13,1.600225106e-13,1.659914135e-13,5.634068156e-14,1.588809035e-13,7.840773952e-14,5.264326845e-14,5.294373811e-14,4.509138038e-14,2.872425091e-14,1.274370442e-13,1.645179775e-13,8.863635539e-14,3.226053561e-13,2.089764767e-14,2.046339684e-13,4.210892938e-14
68.390625,1.698981216e-13,1.716943862e-13,2.984074594e-13,1.189403313e-13,8.611445461e-14,1.80355648e-13,5.997389388e-14,6.19310197e-14,4.02451143e-14,8.163064569e-14,1.003531802e-13,7.308773784e-14,1.517820512e-13,1.521185237e-13,3.090643695e-13,2.213315466e-13,1.597603451e-13,1.641370013e-13,5.702205324e-14,1.56143321e-13,7.888226645e-14,5.323041348e-14,5.352437821e-14,4.440470539e-14,2.877021393e-14,1.278161236e-13,1.660749343e-13,8.903275301e-14,3.274557285e-13,2.107779572e-14,2.077976877e-13,4.211864854e-14
68.3984375,1.69118953e-13,1.718696081e-13,3.056414643e-13,1.183384842e-13,8.674597714e-14,1.81870612e-13,6.122155165e-14,6.152518805e-14,4.08135569e-14,8.141579288e-14,1.011359099e-13,7.466245818e-14,1.515132085e-13,1.543061804e-13,3.099930925e-13,2.195091972e-13,1.595045751e-13,1.623044689e-13,5.772767836e-14,1.534821879e-13,7.941761734e-14,5.383546128e-14,5.408688482e-14,4.372212392e-14,2.882204755e-14,1.281568307e-13,1.675309887e-13,8.947600199e-14,3.325097834e-13,2.127567432e-14,2.111019487e-13,4.212274535e-14
68.40625,1.682391587e-13,1.720796581e-13,3.130569608e-13,1.176827195e-13,8.732237204e-14,1.833034144e-13,6.247434132e-14,6.113143974e-14,4.13710197e-14,8.121464123e-14,1.019139519e-13,7.626935197e-14,1.512954321e-13,1.565471963e-13,3.108414982e-13,2.176769875e-13,1.591629929e-13,1.604120407e-13,5.840414765e-14,1.510047755e-13,7.998543916e-14,5.440324018e-14,5.46024453e-14,4.305586279e-14,2.885942411e-14,1.284167642e-13,1.690398636e-13,8.992305419e-14,3.376357956e-13,2.149239993e-14,2.14521486e-13,4.213605197e-14
68.4140625,1.673554542e-13,1.721785209e-13,3.205892145e-13,1.170816813e-13,8.790377355e-14,1.846866085e-13,6.375456647e-14,6.07736465e-14,4.195502368e-14,8.104854974e-14,1.026061644e-13,7.792546703e-14,1.509682653e-13,1.587963204e-13,3.116797343e-13,2.158941423e-13,1.589020125e-13,1.586541554e-13,5.911413231e-14,1.485063185e-13,8.058550185e-14,5.493369804e-14,5.507086102e-14,4.243151692e-14,2.890906826e-14,1.286085128e-13,1.705360694e-13,9.031059215e-14,3.427807381e-13,2.17250524e-14,2.179685412e-13,4.214679946e-14
68.421875,1.664847347e-13,1.722344628e-13,3.283420654e-13,1.166080619e-13,8.85055202e-14,1.861674054e-13,6.507806782e-14,6.045034548e-14,4.256433529e-14,8.092078471e-14,1.032741786e-13,7.965605094e-14,1.505394577e-13,1.610868367e-13,3.126699431e-13,2.142125086e-13,1.587205705e-13,1.569587895e-13,5.987287025e-14,1.459211755e-13,8.123566884e-14,5.545757794e-14,5.550958472e-14,4.183034629e-14,2.896516866e-14,1.28759722e-13,1.719729758e-13,9.065466116e-14,3.481073491e-13,2.196102547e-14,2.214932594e-13,4.211980593e-14
68.4296875,1.655794365e-13,1.725020804e-13,3.363286638e-13,1.161219668e-13,8.902732954e-14,1.876782628e-13,6.639808008e-14,6.014837542e-14,4.316766475e-14,8.085977343e-14,1.040343996e-13,8.14222279e-14,1.501855404e-13,1.633980347e-13,3.137491538e-13,2.126197601e-13,1.584708039e-13,1.551087704e-13,6.060792813e-14,1.434374436e-13,8.193805302e-14,5.596873355e-14,5.592963555e-14,4.123796031e-14,2.90072133e-14,1.288431351e-13,1.734648374e-13,9.108166504e-14,3.535873739e-13,2.220101574e-14,2.25161824e-13,4.206843391e-14
68.4375,1.647176443e-13,1.729279582e-13,3.444773567e-13,1.154566596e-13,8.952002625e-14,1.891328303e-13,6.7734916e-14,5.989311681e-14,4.378233579e-14,8.086246555e-14,1.048315613e-13,8.319436093e-14,1.498406671e-13,1.657192786e-13,3.148026314e-13,2.110975891e-13,1.581949529e-13,1.532340353e-13,6.132037441e-14,1.410783672e-13,8.267253468e-14,5.64548372e-14,5.630735571e-14,4.068524054e-14,2.903934608e-14,1.288268822e-13,1.749783938e-13,9.161705738e-14,3.590736793e-13,2.245405835e-14,2.288745897e-13,4.203248333e-14
68.4453125,1.638153002e-13,1.73206757e-13,3.527913771e-13,1.146932174e-13,9.005659631e-14,1.905554946e-13,6.912974768e-14,5.969632571e-14,4.441831153e-14,8.087508658e-14,1.055688108e-13,8.500404605e-14,1.493331108e-13,1.680090859e-13,3.158036663e-13,2.09567824e-13,1.579223523e-13,1.514267766e-13,6.204143088e-14,1.387898564e-13,8.342006436e-14,5.690224601e-14,5.659622823e-14,4.01673785e-14,2.905596141e-14,1.287201351e-13,1.763504705e-13,9.214182357e-14,3.645845428e-13,2.273046627e-14,2.324930236e-13,4.199079959e-14
68.453125,1.627361467e-13,1.733547832e-13,3.613811531e-13,1.140516259e-13,9.064747755e-14,1.920394452e-13,7.055133204e-14,5.953035127e-14,4.507482752e-14,8.091542803e-14,1.063172194e-13,8.691261869e-14,1.487995956e-13,1.702971169e-13,3.167811089e-13,2.080184825e-13,1.575840975e-13,1.495634231e-13,6.275591622e-14,1.36641953e-13,8.421238429e-14,5.732011741e-14,5.680374979e-14,3.966635377e-14,2.905366749e-14,1.285478671e-13,1.775918436e-13,9.26354051e-14,3.701762077e-13,2.302692759e-14,2.361073487e-13,4.191289179e-14
68.4609375,1.616478639e-13,1.735830806e-13,3.704026136e-13,1.135350154e-13,9.139922459e-14,1.937381701e-13,7.198812124e-14,5.93736362e-14,4.577584128e-14,8.104029619e-14,1.071890176e-13,8.894929988e-14,1.484213883e-13,1.727729208e-13,3.178099028e-13,2.065613779e-13,1.572257305e-13,1.476892039e-13,6.34860506e-14,1.346064339e-13,8.508138465e-14,5.77716982e-14,5.698581846e-14,3.922864518e-14,2.905208733e-14,1.28338788e-13,1.788489248e-13,9.317463703e-14,3.758696517e-13,2.331658004e-14,2.399380956e-13,4.18216819e-14
68.46875,1.606715858e-13,1.737514437e-13,3.798785965e-13,1.129387578e-13,9.22515331e-14,1.956165205e-13,7.345455467e-14,5.922765884e-14,4.648091843e-14,8.123715076e-14,1.081665528e-13,9.103330019e-14,1.48052537e-13,1.753861056e-13,3.188871519e-13,2.051835538e-13,1.568912966e-13,1.458486974e-13,6.425203028e-14,1.3254582e-13,8.598137907e-14,5.824691415e-14,5.715512174e-14,3.885482945e-14,2.906167901e-14,1.280843878e-13,1.8014405e-13,9.371853598e-14,3.816491845e-13,2.358868432e-14,2.43901679e-13,4.172865047e-14
68.4765625,1.59692602e-13,1.736521664e-13,3.895706938e-13,1.122187029e-13,9.296118055e-14,1.974463237e-13,7.492994963e-14,5.911062374e-14,4.711737066e-14,8.148301952e-14,1.091133818e-13,9.30557558e-14,1.475338526e-13,1.778343169e-13,3.198690704e-13,2.037635302e-13,1.565169156e-13,1.439141984e-13,6.498212397e-14,1.304545653e-13,8.686392927e-14,5.863732616e-14,5.726598922e-14,3.847492468e-14,2.906616474e-14,1.277345356e-13,1.813412259e-13,9.420655772e-14,3.873717287e-13,2.386401556e-14,2.477050517e-13,4.162145746e-14
68.484375,1.587128417e-13,1.735347736e-13,3.992175892e-13,1.115291434e-13,9.360577049e-14,1.992224801e-13,7.642410936e-14,5.903945739e-14,4.773448022e-14,8.175502343e-14,1.099171701e-13,9.505500433e-14,1.469838344e-13,1.801574794e-13,3.206781437e-13,2.022996821e-13,1.560747311e-13,1.419074802e-13,6.563491889e-14,1.2839684e-13,8.773198774e-14,5.894878932e-14,5.728514796e-14,3.810649816e-14,2.903852136e-14,1.27291807e-13,1.823809309e-13,9.474243991e-14,3.929684917e-13,2.415396538e-14,2.514416214e-13,4.150839259e-14
68.4921875,1.578332375e-13,1.736907191e-13,4.089038151e-13,1.109115506e-13,9.443419616e-14,2.010807441e-13,7.795759528e-14,5.901098589e-14,4.842659182e-14,8.201754728e-14,1.106836962e-13,9.714853727e-14,1.465242905e-13,1.826797739e-13,3.214618222e-13,2.008813273e-13,1.556410005e-13,1.399898963e-13,6.629734763e-14,1.263068216e-13,8.861838728e-14,5.930089509e-14,5.725596864e-14,3.780691818e-14,2.898607571e-14,1.268040929e-13,1.834116893e-13,9.54119145e-14,3.986240039e-13,2.445862216e-14,2.554994473e-13,4.139353371e-14
68.5,1.570414458e-13,1.739841361e-13,4.190052768e-13,1.102799242e-13,9.541385461e-14,2.029740752e-13,7.948750249e-14,5.902084289e-14,4.916975892e-14,8.232430369e-14,1.116485524e-13,9.936578914e-14,1.461013364e-13,1.854760573e-13,3.224518644e-13,1.996247571e-13,1.553415335e-13,1.38204221e-13,6.70464346e-14,1.241079487e-13,8.962221305e-14,5.970155049e-14,5.724882192e-14,3.754156343e-14,2.895742328e-14,1.262844654e-13,1.845740706e-13,9.614006078e-14,4.045073878e-13,2.479106461e-14,2.599213849e-13,4.126779067e-14
68.5078125,1.562291227e-13,1.742120778e-13,4.29716632e-13,1.096170213e-13,9.64291066e-14,2.048814569e-13,8.100220877e-14,5.907677641e-14,4.988384641e-14,8.273248369e-14,1.128355644e-13,1.016676192e-13,1.456629867e-13,1.883768251e-13,3.236751708e-13,1.985697739e-13,1.551427e-13,1.364458025e-13,6.783618343e-14,1.219511037e-13,9.079389983e-14,6.005965328e-14,5.723636793e-14,3.727379226e-14,2.895932631e-14,1.257326705e-13,1.857924549e-13,9.688027474e-14,4.105642807e-13,2.515650976e-14,2.644208825e-13,4.113102256e-14
68.515625,1.553542231e-13,1.743436605e-13,4.408087386e-13,1.089448665e-13,9.751388571e-14,2.06938084e-13,8.255095318e-14,5.918543899e-14,5.057109743e-14,8.3173678e-14,1.140691364e-13,1.040084107e-13,1.452184742e-13,1.912596029e-13,3.249313493e-13,1.975366332e-13,1.548427344e-13,1.346179117e-13,6.862234027e-14,1.199951332e-13,9.198898259e-14,6.036609614e-14,5.713743853e-14,3.702405829e-14,2.894576233e-14,1.25124095e-13,1.869212678e-13,9.768300356e-14,4.166468942e-13,2.553378827e-14,2.68866876e-13,4.098306362e-14
68.5234375,1.546215253e-13,1.743624027e-13,4.519600765e-13,1.082627568e-13,9.871648157e-14,2.091612701e-13,8.41263142e-14,5.934272312e-14,5.129600055e-14,8.362231573e-14,1.152763144e-13,1.06354408e-13,1.447584182e-13,1.941414456e-13,3.261129733e-13,1.963998206e-13,1.544776753e-13,1.328277545e-13,6.946008369e-14,1.180874468e-13,9.310821126e-14,6.068711389e-14,5.695813683e-14,3.680461541e-14,2.890946834e-14,1.243991192e-13,1.879570792e-13,9.855750487e-14,4.22689063e-13,2.590479825e-14,2.733494432e-13,4.0830986e-14
68.53125,1.541707959e-13,1.743459931e-13,4.631590041e-13,1.075679342e-13,9.999275712e-14,2.114149771e-13,8.56852334e-14,5.951817797e-14,5.206105233e-14,8.413829584e-14,1.164922611e-13,1.087219017e-13,1.442800602e-13,1.970739174e-13,3.272632716e-13,1.952699839e-13,1.542550517e-13,1.311877403e-13,7.036138954e-14,1.160841273e-13,9.427721701e-14,6.102518864e-14,5.674208898e-14,3.663669527e-14,2.887309716e-14,1.235772276e-13,1.88963564e-13,9.947531576e-14,4.287390272e-13,2.628286521e-14,2.779336971e-13,4.068213922e-14
68.5390625,1.537212795e-13,1.743982486e-13,4.746949936e-13,1.068056284e-13,1.012855105e-13,2.136815742e-13,8.724551902e-14,5.967531294e-14,5.280228496e-14,8.469694071e-14,1.177389769e-13,1.111671436e-13,1.438103791e-13,2.000783004e-13,3.283945513e-13,1.941513739e-13,1.540816229e-13,1.29547371e-13,7.125343644e-14,1.141221895e-13,9.558742694e-14,6.131967642e-14,5.64811367e-14,3.655086234e-14,2.882937647e-14,1.227281393e-13,1.899178778e-13,1.004357222e-13,4.348422743e-13,2.669103216e-14,2.826063098e-13,4.051693589e-14
68.546875,1.530890779e-13,1.743816428e-13,4.867956706e-13,1.059457856e-13,1.026919499e-13,2.161262045e-13,8.884821698e-14,5.982653255e-14,5.351446749e-14,8.527222679e-14,1.190733748e-13,1.137256745e-13,1.433665249e-13,2.032518896e-13,3.296070784e-13,1.929878492e-13,1.53792599e-13,1.278481091e-13,7.214781518e-14,1.122497503e-13,9.699352184e-14,6.157340509e-14,5.617402016e-14,3.651205847e-14,2.877496319e-14,1.218305053e-13,1.90789575e-13,1.014421441e-13,4.409831584e-13,2.712416082e-14,2.873694515e-13,4.033577063e-14
68.5546875,1.52491463e-13,1.741368212e-13,4.992920484e-13,1.050790652e-13,1.043141274e-13,2.187850073e-13,9.048000246e-14,6.001086839e-14,5.423776567e-14,8.591312935e-14,1.205359935e-13,1.163692532e-13,1.429476974e-13,2.066246151e-13,3.310349486e-13,1.919663427e-13,1.535256569e-13,1.262600411e-13,7.310401692e-14,1.10367938e-13,9.845801646e-14,6.183578145e-14,5.585453886e-14,3.645981069e-14,2.873248108e-14,1.208618538e-13,1.916371903e-13,1.025043403e-13,4.471751106e-13,2.756568696e-14,2.922148203e-13,4.017894455e-14
68.5625,1.519885402e-13,1.737553469e-13,5.119238526e-13,1.041975454e-13,1.059881224e-13,2.214463415e-13,9.209462477e-14,6.024814872e-14,5.495681484e-14,8.659481264e-14,1.220772675e-13,1.190345206e-13,1.425386913e-13,2.099805317e-13,3.325352024e-13,1.911774797e-13,1.5341318e-13,1.247649417e-13,7.409384727e-14,1.085434222e-13,9.993813098e-14,6.208926868e-14,5.554156635e-14,3.63987801e-14,2.871250523e-14,1.198924969e-13,1.924916742e-13,1.036400794e-13,4.534702087e-13,2.803338732e-14,2.971118848e-13,4.005051337e-14
68.5703125,1.514313918e-13,1.733980942e-13,5.248691541e-13,1.031978783e-13,1.076145738e-13,2.240677889e-13,9.369975663e-14,6.055700786e-14,5.566677147e-14,8.726982546e-14,1.236893715e-13,1.217375103e-13,1.421392262e-13,2.132739991e-13,3.339733255e-13,1.904263254e-13,1.533725269e-13,1.232617946e-13,7.511657665e-14,1.068210479e-13,1.014195438e-13,6.230587995e-14,5.52134042e-14,3.63543997e-14,2.870480845e-14,1.189423357e-13,1.933211653e-13,1.048542482e-13,4.598876031e-13,2.856067762e-14,3.021123877e-13,3.991388851e-14
68.578125,1.508747136e-13,1.731025244e-13,5.382992071e-13,1.022166986e-13,1.093918946e-13,2.268438744e-13,9.533829295e-14,6.093707095e-14,5.641986441e-14,8.798272503e-14,1.254124092e-13,1.245575639e-13,1.417827973e-13,2.167499124e-13,3.355126229e-13,1.896474056e-13,1.533227511e-13,1.218270337e-13,7.623882662e-14,1.050705608e-13,1.029714982e-13,6.251798982e-14,5.481460479e-14,3.631318669e-14,2.86925688e-14,1.179250322e-13,1.94132738e-13,1.061586371e-13,4.663620952e-13,2.913241307e-14,3.072484242e-13,3.975408079e-14
68.5859375,1.504289431e-13,1.727666853e-13,5.518635701e-13,1.014244498e-13,1.113854739e-13,2.297769656e-13,9.699188457e-14,6.134907536e-14,5.722594088e-14,8.875719656e-14,1.271948047e-13,1.274659986e-13,1.41449957e-13,2.204160508e-13,3.371935378e-13,1.889160375e-13,1.532700027e-13,1.204663776e-13,7.743630927e-14,1.032665176e-13,1.045798797e-13,6.274499166e-14,5.432165894e-14,3.62660089e-14,2.866637594e-14,1.167799397e-13,1.949157989e-13,1.075547913e-13,4.727675935e-13,2.968823317e-14,3.12397221e-13,3.957696948e-14
68.59375,1.500183852e-13,1.722858991e-13,5.653872601e-13,1.006503227e-13,1.134838551e-13,2.327867691e-13,9.864272243e-14,6.178752314e-14,5.804970074e-14,8.958559804e-14,1.289745026e-13,1.303605629e-13,1.410653954e-13,2.241099869e-13,3.38846918e-13,1.881917494e-13,1.532253963e-13,1.191166134e-13,7.862967241e-14,1.014846252e-13,1.061698e-13,6.29797775e-14,5.378641081e-14,3.623216024e-14,2.863612127e-14,1.155432125e-13,1.956049362e-13,1.090056932e-13,4.791128347e-13,3.020533056e-14,3.174837955e-13,3.939629555e-14
68.6015625,1.495490921e-13,1.717167632e-13,5.79158411e-13,9.97098413e-14,1.156924368e-13,2.359256826e-13,1.003240456e-13,6.227715185e-14,5.886616977e-14,9.049594446e-14,1.307628618e-13,1.332377364e-13,1.40651128e-13,2.278337461e-13,3.404534725e-13,1.874634482e-13,1.531756045e-13,1.178248861e-13,7.98143727e-14,9.978371425e-14,1.077959436e-13,6.3208632e-14,5.325643388e-14,3.622367686e-14,2.861168977e-14,1.142971377e-13,1.962219233e-13,1.10498108e-13,4.855244411e-13,3.073096158e-14,3.225379642e-13,3.922804812e-14
68.609375,1.490983981e-13,1.711382328e-13,5.931820109e-13,9.867315221e-14,1.179880759e-13,2.391192323e-13,1.019970937e-13,6.278171637e-14,5.964924402e-14,9.14538571e-14,1.32551861e-13,1.361575491e-13,1.403020645e-13,2.315609404e-13,3.420724667e-13,1.86819448e-13,1.531685635e-13,1.165997309e-13,8.103206462e-14,9.829358835e-14,1.095140103e-13,6.338815678e-14,5.271819947e-14,3.623848214e-14,2.858670418e-14,1.130583504e-13,1.968440034e-13,1.120829607e-13,4.919427828e-13,3.130346711e-14,3.275270892e-13,3.906282502e-14
68.6171875,1.487760328e-13,1.705392353e-13,6.07272285e-13,9.760820041e-14,1.203313512e-13,2.423246494e-13,1.036173256e-13,6.326145632e-14,6.040548314e-14,9.239523963e-14,1.343459781e-13,1.391435056e-13,1.400103343e-13,2.353001537e-13,3.437495238e-13,1.862858878e-13,1.533055773e-13,1.154304436e-13,8.232022518e-14,9.702025824e-14,1.112778772e-13,6.352187174e-14,5.213788955e-14,3.626106101e-14,2.855482353e-14,1.117423156e-13,1.974315228e-13,1.138020983e-13,4.982689825e-13,3.189481742e-14,3.324839188e-13,3.888129434e-14
68.625,1.485118279e-13,1.699186895e-13,6.214627364e-13,9.652279881e-14,1.228664626e-13,2.457080131e-13,1.05262188e-13,6.37671034e-14,6.117316835e-14,9.337990221e-14,1.361921049e-13,1.421685718e-13,1.396992648e-13,2.39202023e-13,3.455344334e-13,1.858118282e-13,1.535048451e-13,1.143763442e-13,8.367482245e-14,9.573048295e-14,1.130750394e-13,6.36784137e-14,5.149942176e-14,3.626428174e-14,2.851312744e-14,1.103138561e-13,1.979058279e-13,1.156000743e-13,5.046220827e-13,3.246554722e-14,3.375036352e-13,3.868858944e-14
68.6328125,1.483005675e-13,1.692088722e-13,6.355906996e-13,9.544188174e-14,1.256771458e-13,2.491979831e-13,1.069328728e-13,6.435634909e-14,6.195158835e-14,9.44825758e-14,1.380529967e-13,1.451625409e-13,1.393691208e-13,2.432081365e-13,3.472558867e-13,1.852988435e-13,1.535870433e-13,1.13393065e-13,8.504795836e-14,9.433905078e-14,1.148997671e-13,6.386390256e-14,5.082786995e-14,3.62595793e-14,2.84556737e-14,1.088677546e-13,1.983058895e-13,1.173984863e-13,5.109797145e-13,3.302341866e-14,3.424995438e-13,3.849701773e-14
68.640625,1.48339416e-13,1.683405771e-13,6.494895415e-13,9.43473378e-14,1.286635898e-13,2.526413549e-13,1.085204567e-13,6.501943443e-14,6.274372886e-14,9.564868673e-14,1.398711829e-13,1.481085495e-13,1.390881312e-13,2.471917233e-13,3.487150142e-13,1.846638763e-13,1.53628134e-13,1.123949663e-13,8.643727327e-14,9.297350099e-14,1.167347493e-13,6.403969703e-14,5.016758825e-14,3.629506283e-14,2.838558723e-14,1.074581573e-13,1.986731806e-13,1.192749547e-13,5.170873707e-13,3.360486467e-14,3.474091867e-13,3.830747676e-14
68.6484375,1.485617736e-13,1.674546375e-13,6.634725713e-13,9.325391395e-14,1.317602189e-13,2.562223449e-13,1.100596981e-13,6.573080352e-14,6.358281384e-14,9.681711264e-14,1.417007282e-13,1.510712408e-13,1.388761816e-13,2.512523803e-13,3.500482354e-13,1.83940566e-13,1.537372343e-13,1.114229429e-13,8.785984331e-14,9.162900791e-14,1.186313347e-13,6.421028617e-14,4.951514312e-14,3.637026521e-14,2.831364383e-14,1.060127238e-13,1.989443115e-13,1.213473593e-13,5.229267424e-13,3.422855223e-14,3.523362028e-13,3.811276343e-14
68.65625,1.487379318e-13,1.666363405e-13,6.776894173e-13,9.222117056e-14,1.349849299e-13,2.599758429e-13,1.116229717e-13,6.646770768e-14,6.44505084e-14,9.803038038e-14,1.43601444e-13,1.540573405e-13,1.386619581e-13,2.554117144e-13,3.514141751e-13,1.832176332e-13,1.537979295e-13,1.105043397e-13,8.928442794e-14,9.02476249e-14,1.205708621e-13,6.438854665e-14,4.88339801e-14,3.643761779e-14,2.823842089e-14,1.044840576e-13,1.991623512e-13,1.235416573e-13,5.287006199e-13,3.487553348e-14,3.572575852e-13,3.790070328e-14
68.6640625,1.490300486e-13,1.657732774e-13,6.91886976e-13,9.123135898e-14,1.384231596e-13,2.636897375e-13,1.131372636e-13,6.720650657e-14,6.531692321e-14,9.934599884e-14,1.455939575e-13,1.570478149e-13,1.384223717e-13,2.596479117e-13,3.52815124e-13,1.825737331e-13,1.538407546e-13,1.096133236e-13,9.074653456e-14,8.895035165e-14,1.224634414e-13,6.458828577e-14,4.81066672e-14,3.649549022e-14,2.815313665e-14,1.029055726e-13,1.995050395e-13,1.258146047e-13,5.345035379e-13,3.552437398e-14,3.621540555e-13,3.767632721e-14
68.671875,1.495589229e-13,1.64883081e-13,7.060242836e-13,9.023850389e-14,1.420625958e-13,2.673886799e-13,1.145760841e-13,6.795977403e-14,6.618994365e-14,1.007569701e-13,1.476913748e-13,1.600792461e-13,1.382566035e-13,2.640133362e-13,3.54295372e-13,1.820439109e-13,1.540309441e-13,1.087526119e-13,9.23149271e-14,8.785890785e-14,1.243569072e-13,6.479803202e-14,4.732204136e-14,3.658926806e-14,2.806561782e-14,1.013004772e-13,1.998999781e-13,1.282937019e-13,5.402451363e-13,3.618968186e-14,3.671525913e-13,3.746399889e-14
68.6796875,1.500116776e-13,1.640132993e-13,7.200885917e-13,8.919688009e-14,1.456433719e-13,2.710666152e-13,1.159995464e-13,6.8753738e-14,6.703084317e-14,1.022255761e-13,1.498043944e-13,1.63095442e-13,1.381853157e-13,2.682795538e-13,3.55784654e-13,1.815531369e-13,1.542543774e-13,1.078768937e-13,9.390377483e-14,8.692059378e-14,1.262905383e-13,6.493902034e-14,4.648589583e-14,3.67113053e-14,2.798815095e-14,9.969078814e-14,2.001071476e-13,1.308899082e-13,5.457034039e-13,3.688235251e-14,3.721135504e-13,3.726655799e-14
68.6875,1.503183671e-13,1.630317254e-13,7.338707551e-13,8.808012289e-14,1.491442546e-13,2.746388473e-13,1.173969148e-13,6.958376558e-14,6.781732085e-14,1.037309208e-13,1.51841775e-13,1.660190714e-13,1.381152341e-13,2.723342907e-13,3.571730684e-13,1.810655554e-13,1.543972091e-13,1.069641096e-13,9.543703793e-14,8.600383878e-14,1.281824793e-13,6.501520764e-14,4.564211324e-14,3.68004217e-14,2.791648779e-14,9.81101157e-14,2.002091342e-13,1.333826511e-13,5.508553793e-13,3.757747099e-14,3.767953604e-13,3.706395016e-14
68.6953125,1.507872305e-13,1.618838063e-13,7.474524716e-13,8.6984779e-14,1.529433464e-13,2.783788325e-13,1.18751118e-13,7.045371124e-14,6.86527078e-14,1.052781545e-13,1.538916459e-13,1.689815754e-13,1.38068758e-13,2.766007391e-13,3.585702317e-13,1.806284958e-13,1.546149473e-13,1.061235723e-13,9.702978533e-14,8.500991485e-14,1.30075474e-13,6.515410644e-14,4.481934726e-14,3.687054768e-14,2.783207955e-14,9.652305932e-14,2.003517305e-13,1.359304202e-13,5.559592826e-13,3.826820759e-14,3.814049438e-13,3.684940122e-14
68.703125,1.514648928e-13,1.606033215e-13,7.610666936e-13,8.595694126e-14,1.570680884e-13,2.824167704e-13,1.200729101e-13,7.138409729e-14,6.958642093e-14,1.068837776e-13,1.560331303e-13,1.720764362e-13,1.381246964e-13,2.811648848e-13,3.59961198e-13,1.801698138e-13,1.549762467e-13,1.054047633e-13,9.874426534e-14,8.395248478e-14,1.320418121e-13,6.536906039e-14,4.400498024e-14,3.698180476e-14,2.772853172e-14,9.488318784e-14,2.003833243e-13,1.38759883e-13,5.610108867e-13,3.89766145e-14,3.861787302e-13,3.662647195e-14
68.7109375,1.522051768e-13,1.592433372e-13,7.746486261e-13,8.491474967e-14,1.612138974e-13,2.864224827e-13,1.213302827e-13,7.235249147e-14,7.049730652e-14,1.085410863e-13,1.582108052e-13,1.751392193e-13,1.382526892e-13,2.856162503e-13,3.612463155e-13,1.797047137e-13,1.554437388e-13,1.047436222e-13,1.005053619e-13,8.297552879e-14,1.339781633e-13,6.555176691e-14,4.318305558e-14,3.708227994e-14,2.763078704e-14,9.324223148e-14,2.003580802e-13,1.417084221e-13,5.658477826e-13,3.969598453e-14,3.909003633e-13,3.639812776e-14
68.71875,1.530418979e-13,1.580401255e-13,7.881111071e-13,8.39001966e-14,1.654575089e-13,2.903469425e-13,1.225230808e-13,7.332335697e-14,7.132198379e-14,1.102166873e-13,1.604228236e-13,1.780925076e-13,1.384295305e-13,2.900073688e-13,3.626700759e-13,1.79429039e-13,1.560211531e-13,1.041508157e-13,1.023190038e-13,8.217987538e-14,1.3587842e-13,6.569313919e-14,4.234503358e-14,3.712482969e-14,2.755899401e-14,9.163805931e-14,2.005622936e-13,1.446307582e-13,5.706977092e-13,4.040512517e-14,3.954199859e-13,3.617516295e-14
68.7265625,1.539882477e-13,1.57020625e-13,8.015310739e-13,8.292770629e-14,1.699567588e-13,2.94439664e-13,1.236939792e-13,7.431943434e-14,7.215002109e-14,1.118988249e-13,1.626764015e-13,1.810602126e-13,1.386403858e-13,2.945912795e-13,3.642800662e-13,1.791971592e-13,1.56544182e-13,1.036281911e-13,1.042093348e-13,8.148506754e-14,1.378599897e-13,6.585441562e-14,4.148415771e-14,3.721386476e-14,2.748535127e-14,9.001602723e-14,2.008134093e-13,1.476241384e-13,5.756875166e-13,4.111692217e-14,3.999193628e-13,3.595896697e-14
68.734375,1.549561584e-13,1.557552183e-13,8.14821369e-13,8.183911139e-14,1.745363202e-13,2.98619439e-13,1.24819811e-13,7.537369824e-14,7.301759613e-14,1.136008243e-13,1.648563788e-13,1.840336685e-13,1.388111997e-13,2.991512847e-13,3.656348285e-13,1.786892987e-13,1.569013849e-13,1.030681367e-13,1.06089833e-13,8.07747475e-14,1.398390283e-13,6.602223679e-14,4.060265366e-14,3.738010933e-14,2.737958952e-14,8.836404137e-14,2.007391012e-13,1.507138208e-13,5.804117402e-13,4.185482133e-14,4.043680145e-13,3.573624794e-14
68.7421875,1.56030814e-13,1.541483902e-13,8.276952439e-13,8.069729762e-14,1.791474938e-13,3.026497472e-13,1.258369129e-13,7.646704099e-14,7.38728821e-14,1.153408596e-13,1.669512726e-13,1.869059066e-13,1.389872331e-13,3.035270588e-13,3.666269118e-13,1.780424512e-13,1.573105875e-13,1.024789424e-13,1.079265326e-13,8.005400395e-14,1.417005292e-13,6.61527466e-14,3.971421498e-14,3.751407194e-14,2.726036826e-14,8.672480452e-14,2.004536568e-13,1.539155068e-13,5.845965859e-13,4.26196545e-14,4.08527393e-13,3.550933001e-14
68.75,1.573398228e-13,1.526178946e-13,8.401747749e-13,7.966370958e-14,1.839596379e-13,3.065814019e-13,1.267417316e-13,7.758354587e-14,7.473752152e-14,1.171747276e-13,1.691392047e-13,1.897471145e-13,1.392929439e-13,3.079381409e-13,3.675475151e-13,1.774530147e-13,1.578442702e-13,1.019908865e-13,1.09802708e-13,7.937977406e-14,1.435483613e-13,6.627475117e-14,3.884015262e-14,3.762138312e-14,2.715363e-14,8.508260559e-14,2.001868708e-13,1.573381614e-13,5.884322621e-13,4.339762412e-14,4.125741208e-13,3.528055145e-14
68.7578125,1.587738985e-13,1.512240939e-13,8.527043115e-13,7.862390495e-14,1.890283874e-13,3.106718542e-13,1.276063508e-13,7.875371437e-14,7.566061842e-14,1.191327944e-13,1.714705215e-13,1.926632091e-13,1.396999365e-13,3.125440537e-13,3.684841385e-13,1.76822504e-13,1.583224772e-13,1.015995068e-13,1.11774744e-13,7.880242322e-14,1.454571349e-13,6.645052331e-14,3.798594942e-14,3.775303625e-14,2.705686519e-14,8.342034106e-14,1.998833536e-13,1.609234557e-13,5.921588105e-13,4.417259862e-14,4.16823581e-13,3.503546532e-14
68.765625,1.602280947e-13,1.496793037e-13,8.653032497e-13,7.757425771e-14,1.943294779e-13,3.149482747e-13,1.284719392e-13,7.999244458e-14,7.65806074e-14,1.211115465e-13,1.737834795e-13,1.955576225e-13,1.401448315e-13,3.172396786e-13,3.694491633e-13,1.762179581e-13,1.587784541e-13,1.012314099e-13,1.137976023e-13,7.839616429e-14,1.473526574e-13,6.66475062e-14,3.713034238e-14,3.783558336e-14,2.695861103e-14,8.178147734e-14,1.994761632e-13,1.644930584e-13,5.95773116e-13,4.4932164e-14,4.209931759e-13,3.479172259e-14
68.7734375,1.617414636e-13,1.480142668e-13,8.773340026e-13,7.666659705e-14,1.99737667e-13,3.190730839e-13,1.292621375e-13,8.127299818e-14,7.742917737e-14,1.230382953e-13,1.759959869e-13,1.982911593e-13,1.406427818e-13,3.217831237e-13,3.704399904e-13,1.757627322e-13,1.593096438e-13,1.008880118e-13,1.157750327e-13,7.814618494e-14,1.491924438e-13,6.678290302e-14,3.627110884e-14,3.785590693e-14,2.685489307e-14,8.016708656e-14,1.990039573e-13,1.680304356e-13,5.990763715e-13,4.56705573e-14,4.247191043e-13,3.457735948e-14
68.78125,1.632554625e-13,1.464056808e-13,8.8858479e-13,7.573710747e-14,2.051003862e-13,3.229471074e-13,1.299183315e-13,8.259450007e-14,7.826788464e-14,1.250404835e-13,1.781742867e-13,2.009149269e-13,1.41175764e-13,3.261270834e-13,3.712470141e-13,1.75306191e-13,1.59839754e-13,1.005493656e-13,1.177128265e-13,7.788748651e-14,1.509915604e-13,6.689437847e-14,3.54339116e-14,3.790454724e-14,2.675836529e-14,7.852690453e-14,1.985205857e-13,1.71666064e-13,6.02043393e-13,4.639712252e-14,4.282705228e-13,3.435975177e-14
68.7890625,1.647730794e-13,1.448087554e-13,8.994251389e-13,7.467943501e-14,2.105464418e-13,3.268641608e-13,1.305018569e-13,8.398236027e-14,7.918146497e-14,1.272004157e-13,1.803055135e-13,2.035589615e-13,1.417441312e-13,3.305176025e-13,3.718332602e-13,1.747863527e-13,1.603609773e-13,1.002197511e-13,1.19728011e-13,7.754649532e-14,1.527714707e-13,6.706060702e-14,3.460912851e-14,3.800132853e-14,2.667636255e-14,7.687770639e-14,1.980678721e-13,1.755128707e-13,6.048950921e-13,4.71419747e-14,4.318995512e-13,3.411338266e-14
68.796875,1.665078705e-13,1.431687895e-13,9.099124496e-13,7.374946159e-14,2.162466771e-13,3.3082421e-13,1.31058482e-13,8.541302808e-14,8.015485159e-14,1.293738233e-13,1.822997962e-13,2.062238894e-13,1.423860226e-13,3.350395304e-13,3.724485939e-13,1.742873495e-13,1.60897749e-13,1.000082948e-13,1.218271447e-13,7.725481661e-14,1.545518361e-13,6.724165661e-14,3.376124733e-14,3.812639074e-14,2.658490459e-14,7.527070194e-14,1.9758829e-13,1.795248106e-13,6.075998637e-13,4.791774497e-14,4.353961265e-13,3.387942398e-14
68.8046875,1.684599941e-13,1.415234524e-13,9.199173114e-13,7.296672417e-14,2.221457969e-13,3.346410167e-13,1.315712056e-13,8.684927342e-14,8.113564532e-14,1.314592606e-13,1.841833639e-13,2.088314223e-13,1.430594232e-13,3.395582749e-13,3.731085965e-13,1.737415685e-13,1.614098345e-13,9.994319831e-14,1.239340465e-13,7.709382873e-14,1.563134437e-13,6.739553239e-14,3.290167185e-14,3.825912624e-14,2.647461003e-14,7.36778823e-14,1.969837681e-13,1.8354719e-13,6.099297612e-13,4.869660642e-14,4.386426832e-13,3.367183366e-14
68.8125,1.704141299e-13,1.39832347e-13,9.29492032e-13,7.212876978e-14,2.282122078e-13,3.384116617e-13,1.32009342e-13,8.831731254e-14,8.211581912e-14,1.335589942e-13,1.860317848e-13,2.113526499e-13,1.437471701e-13,3.44052032e-13,3.735532804e-13,1.730941055e-13,1.619510502e-13,9.992076493e-14,1.260610576e-13,7.700524586e-14,1.580295404e-13,6.755721474e-14,3.206709261e-14,3.836520796e-14,2.636374413e-14,7.206272184e-14,1.962748284e-13,1.875955245e-13,6.119186778e-13,4.94713559e-14,4.416905887e-13,3.345853287e-14
68.8203125,1.72387717e-13,1.380698527e-13,9.386790782e-13,7.132270829e-14,2.343697155e-13,3.421456951e-13,1.323085629e-13,8.983505195e-14,8.311303195e-14,1.357736433e-13,1.878597129e-13,2.138027657e-13,1.445227102e-13,3.484875163e-13,3.73711006e-13,1.724109486e-13,1.625507012e-13,9.9902669e-14,1.281872425e-13,7.699151623e-14,1.597166752e-13,6.7728166e-14,3.125753212e-14,3.848306322e-14,2.624485231e-14,7.048135647e-14,1.955317127e-13,1.918281733e-13,6.136743449e-13,5.027569558e-14,4.445778857e-13,3.323879214e-14
68.828125,1.74505452e-13,1.363970789e-13,9.476246637e-13,7.063575999e-14,2.404347997e-13,3.457516373e-13,1.324653234e-13,9.135668456e-14,8.41222347e-14,1.380814818e-13,1.897057098e-13,2.16202203e-13,1.45358653e-13,3.52801586e-13,3.737967346e-13,1.71725088e-13,1.631603401e-13,9.996681248e-14,1.302652814e-13,7.711071063e-14,1.613924358e-13,6.788787041e-14,3.046122659e-14,3.864123466e-14,2.611193968e-14,6.897438487e-14,1.947362146e-13,1.962444261e-13,6.152299351e-13,5.110951609e-14,4.473982764e-13,3.302044057e-14
68.8359375,1.766900516e-13,1.349111273e-13,9.562854725e-13,6.991769109e-14,2.46451014e-13,3.493439243e-13,1.325777683e-13,9.285985873e-14,8.509879719e-14,1.404077169e-13,1.915558353e-13,2.185118007e-13,1.461465328e-13,3.570351542e-13,3.739341312e-13,1.710540028e-13,1.638350169e-13,1.00167381e-13,1.32367601e-13,7.733813282e-14,1.630246297e-13,6.803759245e-14,2.968659965e-14,3.875873013e-14,2.599060662e-14,6.748465684e-14,1.938099456e-13,2.006841672e-13,6.167098648e-13,5.193177572e-14,4.499787007e-13,3.279183356e-14
68.84375,1.787760189e-13,1.333781038e-13,9.641347354e-13,6.916190437e-14,2.524794232e-13,3.528857662e-13,1.326733735e-13,9.436244501e-14,8.600373888e-14,1.426979111e-13,1.932633808e-13,2.206296177e-13,1.469062639e-13,3.611031759e-13,3.739728236e-13,1.704169977e-13,1.645880202e-13,1.004096482e-13,1.344840613e-13,7.766189896e-14,1.645460644e-13,6.815930077e-14,2.893093121e-14,3.883159634e-14,2.588220414e-14,6.598469245e-14,1.927893437e-13,2.050232493e-13,6.181218111e-13,5.272614816e-14,4.520489356e-13,3.255737049e-14
68.8515625,1.807584517e-13,1.316155039e-13,9.711250779e-13,6.848069474e-14,2.583875822e-13,3.562532565e-13,1.327021482e-13,9.587144454e-14,8.687747468e-14,1.449969789e-13,1.94787289e-13,2.225724671e-13,1.477185421e-13,3.649243659e-13,3.737861183e-13,1.697659901e-13,1.652919986e-13,1.005446975e-13,1.364939292e-13,7.813479524e-14,1.659676016e-13,6.826331861e-14,2.817032106e-14,3.895616177e-14,2.576459728e-14,6.452358747e-14,1.91827537e-13,2.093251703e-13,6.193226075e-13,5.350231862e-14,4.538905652e-13,3.232506298e-14
68.859375,1.828712436e-13,1.298323895e-13,9.777283268e-13,6.784321253e-14,2.642921907e-13,3.595308892e-13,1.326406344e-13,9.740861763e-14,8.780263576e-14,1.474053234e-13,1.96227883e-13,2.244764956e-13,1.485545375e-13,3.686575044e-13,3.73350432e-13,1.689647236e-13,1.658719457e-13,1.006050737e-13,1.384489292e-13,7.872566748e-14,1.674128431e-13,6.838963327e-14,2.739685867e-14,3.911510622e-14,2.562867494e-14,6.310613674e-14,1.908579615e-13,2.137974356e-13,6.202567317e-13,5.42741835e-14,4.557708686e-13,3.209206616e-14
68.8671875,1.852745079e-13,1.28161839e-13,9.837664127e-13,6.725318445e-14,2.704246288e-13,3.626336377e-13,1.324544761e-13,9.897736742e-14,8.877736027e-14,1.498797522e-13,1.976074983e-13,2.263451473e-13,1.493929489e-13,3.723472934e-13,3.725874096e-13,1.679087968e-13,1.663632102e-13,1.007214984e-13,1.404471408e-13,7.937353922e-14,1.688988108e-13,6.852276451e-14,2.663004182e-14,3.923916053e-14,2.546842509e-14,6.168451721e-14,1.896422838e-13,2.184183667e-13,6.207872942e-13,5.505791731e-14,4.57425952e-13,3.185649965e-14
68.875,1.878146351e-13,1.264553793e-13,9.889321594e-13,6.680852296e-14,2.766860422e-13,3.65525859e-13,1.321466808e-13,1.005197734e-13,8.973999174e-14,1.522700313e-13,1.989349916e-13,2.280965501e-13,1.503369019e-13,3.759536219e-13,3.716213769e-13,1.667667338e-13,1.6691551e-13,1.008676536e-13,1.424565444e-13,8.015066009e-14,1.702899587e-13,6.865949906e-14,2.58895327e-14,3.936648715e-14,2.52961028e-14,6.025733754e-14,1.882833457e-13,2.229488546e-13,6.207799497e-13,5.584079056e-14,4.588071725e-13,3.160783568e-14
68.8828125,1.903728444e-13,1.247707793e-13,9.934657508e-13,6.64620102e-14,2.829298449e-13,3.685022634e-13,1.317833262e-13,1.020423865e-13,9.070161988e-14,1.545833742e-13,2.002227041e-13,2.297443421e-13,1.513692821e-13,3.795362027e-13,3.70717914e-13,1.657887784e-13,1.676246012e-13,1.009794304e-13,1.444647369e-13,8.113140192e-14,1.715607684e-13,6.883254961e-14,2.51783184e-14,3.954281058e-14,2.513201323e-14,5.887033004e-14,1.870644184e-13,2.274357029e-13,6.204984189e-13,5.659466486e-14,4.600426768e-13,3.135338545e-14
68.890625,1.92973964e-13,1.232497284e-13,9.972807561e-13,6.60976903e-14,2.890758796e-13,3.713880898e-13,1.313487594e-13,1.036312024e-13,9.169146807e-14,1.569457563e-13,2.013335541e-13,2.312678043e-13,1.522806814e-13,3.828775789e-13,3.69739365e-13,1.648739873e-13,1.682938817e-13,1.011107518e-13,1.46427056e-13,8.223795902e-14,1.727583724e-13,6.898265016e-14,2.449395092e-14,3.972862559e-14,2.496018852e-14,5.754517564e-14,1.859139428e-13,2.320548595e-13,6.202144381e-13,5.733804929e-14,4.609033893e-13,3.11190129e-14
68.8984375,1.95544405e-13,1.217040701e-13,1.000234627e-12,6.575992073e-14,2.950060736e-13,3.73781845e-13,1.308010325e-13,1.052679762e-13,9.265591811e-14,1.593649766e-13,2.022204253e-13,2.326101541e-13,1.530831879e-13,3.858019783e-13,3.684420443e-13,1.638107239e-13,1.68785306e-13,1.012823727e-13,1.482576514e-13,8.336158705e-14,1.738292574e-13,6.904681887e-14,2.383410478e-14,3.988726118e-14,2.476898105e-14,5.625631555e-14,1.846110685e-13,2.367039969e-13,6.197156801e-13,5.810542178e-14,4.614178788e-13,3.088652019e-14
68.90625,1.980881741e-13,1.200256983e-13,1.002782588e-12,6.550516214e-14,3.008370883e-13,3.760286798e-13,1.301887394e-13,1.068649146e-13,9.356705721e-14,1.617854709e-13,2.030715085e-13,2.338379456e-13,1.54000173e-13,3.886266777e-13,3.66939485e-13,1.626172467e-13,1.692358238e-13,1.014466517e-13,1.500222261e-13,8.449515391e-14,1.747933505e-13,6.909940273e-14,2.318680876e-14,4.003966021e-14,2.457281771e-14,5.498101309e-14,1.831286056e-13,2.413156572e-13,6.187361036e-13,5.888734007e-14,4.619220261e-13,3.063396161e-14
68.9140625,2.006924496e-13,1.183691311e-13,1.004828159e-12,6.521748471e-14,3.067236781e-13,3.783860022e-13,1.295115307e-13,1.084383251e-13,9.446932589e-14,1.642012844e-13,2.039267422e-13,2.349498958e-13,1.549600143e-13,3.913681087e-13,3.652164487e-13,1.613024252e-13,1.696395426e-13,1.016079762e-13,1.517483182e-13,8.57203217e-14,1.757194137e-13,6.918760837e-14,2.254697205e-14,4.019326742e-14,2.435978557e-14,5.373147137e-14,1.815117109e-13,2.459317391e-13,6.173373813e-13,5.96599736e-14,4.622437859e-13,3.039384475e-14
68.921875,2.032964907e-13,1.167259643e-13,1.005762571e-12,6.484408008e-14,3.125547145e-13,3.804661815e-13,1.287131077e-13,1.100400014e-13,9.537129008e-14,1.665768928e-13,2.046550488e-13,2.358325106e-13,1.557747801e-13,3.936818795e-13,3.630748481e-13,1.59818607e-13,1.699338437e-13,1.018125933e-13,1.533277055e-13,8.711611999e-14,1.764981635e-13,6.925137964e-14,2.193043328e-14,4.032377079e-14,2.411610778e-14,5.249847682e-14,1.798247695e-13,2.504440926e-13,6.156795272e-13,6.04081361e-14,4.621430807e-13,3.017493427e-14
68.9296875,2.059388261e-13,1.150805774e-13,1.006000296e-12,6.4561792e-14,3.183716876e-13,3.823380639e-13,1.278390257e-13,1.116608578e-13,9.629557907e-14,1.689071286e-13,2.052961757e-13,2.366150145e-13,1.565981732e-13,3.958272942e-13,3.606993048e-13,1.582379606e-13,1.702614163e-13,1.021025792e-13,1.548384063e-13,8.867707903e-14,1.771096349e-13,6.930129552e-14,2.133627738e-14,4.046355809e-14,2.386151056e-14,5.125111183e-14,1.781645679e-13,2.549341827e-13,6.139403694e-13,6.11202102e-14,4.619211054e-13,2.994935182e-14
68.9375,2.086813849e-13,1.135809576e-13,1.006266764e-12,6.446718611e-14,3.243262341e-13,3.843453411e-13,1.26955771e-13,1.133014304e-13,9.731585368e-14,1.713028185e-13,2.059251321e-13,2.375257634e-13,1.575743213e-13,3.981595905e-13,3.583604792e-13,1.566255706e-13,1.706074869e-13,1.024714951e-13,1.564143063e-13,9.039265424e-14,1.777729374e-13,6.939473313e-14,2.074130149e-14,4.066065953e-14,2.36052445e-14,5.002147373e-14,1.765522631e-13,2.596422353e-13,6.122912191e-13,6.182199752e-14,4.617400737e-13,2.972883638e-14
68.9453125,2.113166249e-13,1.121544613e-13,1.006314441e-12,6.442291698e-14,3.302655314e-13,3.86202593e-13,1.260496766e-13,1.149690604e-13,9.840649083e-14,1.737884749e-13,2.064761204e-13,2.384779163e-13,1.585644682e-13,4.004147527e-13,3.559555106e-13,1.549817976e-13,1.708562568e-13,1.028572074e-13,1.579528624e-13,9.229925389e-14,1.78510313e-13,6.949651925e-14,2.015047793e-14,4.087131325e-14,2.334290251e-14,4.885347787e-14,1.749240349e-13,2.643955982e-13,6.106198619e-13,6.255857823e-14,4.61410007e-13,2.952892853e-14
68.953125,2.13854009e-13,1.106602109e-13,1.005807888e-12,6.435219457e-14,3.360979435e-13,3.877233864e-13,1.251077065e-13,1.166341112e-13,9.949099028e-14,1.762485047e-13,2.069311555e-13,2.393163741e-13,1.595361253e-13,4.024792651e-13,3.533307362e-13,1.533001101e-13,1.71121274e-13,1.032532436e-13,1.593761009e-13,9.43217298e-14,1.791183305e-13,6.958260456e-14,1.958177281e-14,4.107090454e-14,2.30823759e-14,4.771774955e-14,1.732081538e-13,2.68953995e-13,6.087212905e-13,6.331697531e-14,4.609795998e-13,2.933548898e-14
68.9609375,2.165213358e-13,1.092094509e-13,1.004750861e-12,6.431242257e-14,3.418438711e-13,3.891400413e-13,1.241231194e-13,1.183047074e-13,1.005831575e-13,1.78657342e-13,2.072793685e-13,2.400503037e-13,1.605674648e-13,4.04458517e-13,3.504574744e-13,1.51533432e-13,1.714032112e-13,1.036677167e-13,1.607083437e-13,9.631477587e-14,1.795561145e-13,6.968236648e-14,1.902304589e-14,4.1319403e-14,2.282467941e-14,4.660295271e-14,1.714470104e-13,2.734389541e-13,6.067049924e-13,6.404342125e-14,4.604906963e-13,2.915138074e-14
68.96875,2.191083156e-13,1.078519466e-13,1.002807212e-12,6.431207034e-14,3.472308093e-13,3.903004287e-13,1.230618223e-13,1.200287993e-13,1.016674919e-13,1.810598252e-13,2.07412176e-13,2.405773981e-13,1.615703958e-13,4.060372644e-13,3.472522835e-13,1.496508365e-13,1.715387852e-13,1.03996116e-13,1.618574177e-13,9.832642841e-14,1.798803814e-13,6.974540314e-14,1.847208644e-14,4.16049588e-14,2.255532895e-14,4.554193547e-14,1.697659736e-13,2.778691923e-13,6.045893087e-13,6.472546678e-14,4.595910059e-13,2.89762649e-14
68.9765625,2.214513193e-13,1.06542733e-13,9.998905806e-13,6.436561169e-14,3.522661182e-13,3.910775145e-13,1.219209888e-13,1.217839361e-13,1.026988037e-13,1.834349052e-13,2.073684774e-13,2.408234487e-13,1.62517475e-13,4.071543746e-13,3.43682279e-13,1.476338631e-13,1.716005649e-13,1.042188178e-13,1.628304721e-13,1.005018367e-13,1.801053732e-13,6.974079057e-14,1.79557993e-14,4.187263297e-14,2.225850082e-14,4.449307522e-14,1.680986073e-13,2.821587255e-13,6.020777273e-13,6.539133642e-14,4.581934116e-13,2.878271132e-14
68.984375,2.23889509e-13,1.053151591e-13,9.966171564e-13,6.450285107e-14,3.574675519e-13,3.918879852e-13,1.207284677e-13,1.235053415e-13,1.037494764e-13,1.857995952e-13,2.073302321e-13,2.410304975e-13,1.635240394e-13,4.083249147e-13,3.399205457e-13,1.454778385e-13,1.717106293e-13,1.045181584e-13,1.638431209e-13,1.028429872e-13,1.803150146e-13,6.977300911e-14,1.747320151e-14,4.216304444e-14,2.193628068e-14,4.339816203e-14,1.662868783e-13,2.864466893e-13,5.992934413e-13,6.605212784e-14,4.567178303e-13,2.856394854e-14
68.9921875,2.264717334e-13,1.040325928e-13,9.932128096e-13,6.464857605e-14,3.628512096e-13,3.927711819e-13,1.19485718e-13,1.252062264e-13,1.048491158e-13,1.882052978e-13,2.072930903e-13,2.413131425e-13,1.645501126e-13,4.095794324e-13,3.361774154e-13,1.433291498e-13,1.718415222e-13,1.049535862e-13,1.649312936e-13,1.05312654e-13,1.805539059e-13,6.986354927e-14,1.699383431e-14,4.251426591e-14,2.161527405e-14,4.231253361e-14,1.644130803e-13,2.907198981e-13,5.967023588e-13,6.669549127e-14,4.55266439e-13,2.834177519e-14
69,2.289875221e-13,1.026046231e-13,9.893023232e-13,6.481941529e-14,3.680317147e-13,3.933025788e-13,1.181771685e-13,1.269451225e-13,1.059108329e-13,1.905928621e-13,2.071453373e-13,2.414494767e-13,1.655419725e-13,4.105232294e-13,3.324541442e-13,1.412930629e-13,1.720030266e-13,1.053960645e-13,1.659453982e-13,1.079441185e-13,1.807357306e-13,6.990903799e-14,1.651242848e-14,4.290400584e-14,2.130606858e-14,4.130622976e-14,1.625944861e-13,2.948144098e-13,5.941914096e-13,6.732008966e-14,4.536222183e-13,2.814511588e-14
69.0078125,2.316641083e-13,1.013407604e-13,9.847829894e-13,6.517652478e-14,3.731916739e-13,3.935731173e-13,1.167908539e-13,1.287104649e-13,1.069700671e-13,1.928879809e-13,2.069277701e-13,2.414029287e-13,1.666436577e-13,4.112767001e-13,3.285898391e-13,1.392306095e-13,1.721544497e-13,1.058528214e-13,1.669082451e-13,1.107539018e-13,1.808163289e-13,6.993512386e-14,1.604962901e-14,4.333016438e-14,2.098952323e-14,4.035609882e-14,1.608007835e-13,2.988950019e-13,5.913644766e-13,6.792451769e-14,4.519238254e-13,2.799566296e-14
69.015625,2.345375707e-13,1.00336882e-13,9.796931353e-13,6.564851901e-14,3.784986192e-13,3.938414315e-13,1.153263221e-13,1.304327502e-13,1.080944637e-13,1.951185066e-13,2.066752313e-13,2.413143929e-13,1.678531986e-13,4.120243265e-13,3.24492829e-13,1.370415186e-13,1.721803024e-13,1.064059876e-13,1.678946943e-13,1.136856463e-13,1.807844914e-13,7.001349422e-14,1.561706838e-14,4.377378456e-14,2.066172426e-14,3.941652349e-14,1.590498177e-13,3.030736566e-13,5.882981133e-13,6.848411715e-14,4.502137475e-13,2.786610054e-14
69.0234375,2.370955007e-13,9.921870004e-14,9.739299139e-13,6.602483405e-14,3.835094897e-13,3.938828397e-13,1.138187472e-13,1.320725879e-13,1.091748475e-13,1.97325361e-13,2.062746623e-13,2.410974537e-13,1.689410383e-13,4.124579973e-13,3.20140636e-13,1.347302543e-13,1.721111716e-13,1.069748522e-13,1.687862321e-13,1.166377166e-13,1.805936175e-13,7.006135941e-14,1.520794538e-14,4.420463078e-14,2.033068321e-14,3.846559872e-14,1.572915321e-13,3.070699246e-13,5.85198522e-13,6.900204654e-14,4.480946024e-13,2.769457671e-14
69.03125,2.393181869e-13,9.795516269e-14,9.676816428e-13,6.6410983e-14,3.881423467e-13,3.936296167e-13,1.123008506e-13,1.33644243e-13,1.101691917e-13,1.995247512e-13,2.057207294e-13,2.406929433e-13,1.698875325e-13,4.124529427e-13,3.155082158e-13,1.322367766e-13,1.719891121e-13,1.075137814e-13,1.695047696e-13,1.19628262e-13,1.803099987e-13,7.003908786e-14,1.481285439e-14,4.465922429e-14,1.998345659e-14,3.750089877e-14,1.553632792e-13,3.108664958e-13,5.820454208e-13,6.95277483e-14,4.455851215e-13,2.747521423e-14
69.0390625,2.417159578e-13,9.691905132e-14,9.612353695e-13,6.699848858e-14,3.928306713e-13,3.933583071e-13,1.107459624e-13,1.352051535e-13,1.112095562e-13,2.017250919e-13,2.051974123e-13,2.402661795e-13,1.708793175e-13,4.122844341e-13,3.107220375e-13,1.296434512e-13,1.717495952e-13,1.081325277e-13,1.701624719e-13,1.228463958e-13,1.80074708e-13,7.00494411e-14,1.443573853e-14,4.515765173e-14,1.961390195e-14,3.657065154e-14,1.533500816e-13,3.148258496e-13,5.788365366e-13,7.006681416e-14,4.431174964e-13,2.727356982e-14
69.046875,2.44299873e-13,9.608726018e-14,9.545014715e-13,6.767729283e-14,3.97578106e-13,3.930413251e-13,1.091314671e-13,1.368191589e-13,1.12314046e-13,2.038598286e-13,2.047400351e-13,2.39834882e-13,1.719465923e-13,4.120914854e-13,3.060155335e-13,1.271536797e-13,1.714341647e-13,1.088487106e-13,1.708087444e-13,1.263316997e-13,1.798722633e-13,7.01137677e-14,1.408289999e-14,4.567557996e-14,1.92452059e-14,3.57245593e-14,1.514591928e-13,3.188779731e-13,5.756420739e-13,7.056779767e-14,4.407093316e-13,2.713637949e-14
69.0546875,2.467493328e-13,9.512919813e-14,9.472544206e-13,6.828783922e-14,4.021378978e-13,3.924806252e-13,1.074901812e-13,1.384651766e-13,1.133825006e-13,2.058247084e-13,2.041414199e-13,2.392618256e-13,1.729867253e-13,4.118263634e-13,3.013896026e-13,1.247222894e-13,1.711393982e-13,1.095863026e-13,1.713776133e-13,1.299288289e-13,1.795726183e-13,7.01635755e-14,1.374290469e-14,4.624422536e-14,1.889019387e-14,3.49334529e-14,1.496478118e-13,3.225357842e-13,5.725157005e-13,7.101707364e-14,4.382089607e-13,2.703056468e-14
69.0625,2.490709814e-13,9.405080006e-14,9.393869413e-13,6.883896436e-14,4.06508958e-13,3.916951137e-13,1.058381629e-13,1.400570117e-13,1.14408676e-13,2.076513743e-13,2.033277458e-13,2.385597317e-13,1.739403892e-13,4.113915844e-13,2.966254932e-13,1.221906201e-13,1.708354459e-13,1.103414908e-13,1.71868804e-13,1.336481009e-13,1.791541338e-13,7.019313532e-14,1.339998899e-14,4.688173895e-14,1.853229747e-14,3.414993914e-14,1.478107037e-13,3.257593743e-13,5.694819436e-13,7.144000111e-14,4.356497393e-13,2.690156946e-14
69.0703125,2.513465092e-13,9.304086069e-14,9.310784629e-13,6.936605563e-14,4.107030513e-13,3.907946974e-13,1.041834681e-13,1.415972062e-13,1.154427483e-13,2.094987254e-13,2.024894868e-13,2.378032773e-13,1.748209818e-13,4.107285678e-13,2.916706832e-13,1.19585921e-13,1.704791485e-13,1.111014503e-13,1.723158836e-13,1.375659584e-13,1.787201237e-13,7.02345934e-14,1.305807512e-14,4.753483498e-14,1.817023222e-14,3.337435956e-14,1.459424706e-13,3.289202112e-13,5.665015521e-13,7.184324879e-14,4.32974391e-13,2.675908191e-14
69.078125,2.535190129e-13,9.204761421e-14,9.228196302e-13,6.9951428e-14,4.148166879e-13,3.899498359e-13,1.025722238e-13,1.431574656e-13,1.165089843e-13,2.113931857e-13,2.017314095e-13,2.370034781e-13,1.757373352e-13,4.099988917e-13,2.867056092e-13,1.169778606e-13,1.700672485e-13,1.118539144e-13,1.727102933e-13,1.415699544e-13,1.783155015e-13,7.030492263e-14,1.273347624e-14,4.820318655e-14,1.782717179e-14,3.261015201e-14,1.44004778e-13,3.320458678e-13,5.635081813e-13,7.222726311e-14,4.302312604e-13,2.664089719e-14
69.0859375,2.556002434e-13,9.102619414e-14,9.146728857e-13,7.073637407e-14,4.189967374e-13,3.892267534e-13,1.009790354e-13,1.447182354e-13,1.176274099e-13,2.131391872e-13,2.009531993e-13,2.362022979e-13,1.767824136e-13,4.093090162e-13,2.818122773e-13,1.14368617e-13,1.695811053e-13,1.126824352e-13,1.730465511e-13,1.45632641e-13,1.778766098e-13,7.040367026e-14,1.243374234e-14,4.892350197e-14,1.749444077e-14,3.186752744e-14,1.42044896e-13,3.349133816e-13,5.604700906e-13,7.259125994e-14,4.276610209e-13,2.654510764e-14
69.09375,2.576260892e-13,9.013307131e-14,9.061381542e-13,7.166793752e-14,4.231081707e-13,3.883765589e-13,9.931868154e-14,1.462209224e-13,1.187957821e-13,2.146253751e-13,2.001135005e-13,2.354381034e-13,1.778822133e-13,4.085278178e-13,2.768712196e-13,1.117716147e-13,1.690636187e-13,1.135868093e-13,1.733159335e-13,1.499027198e-13,1.773867484e-13,7.051187185e-14,1.215257033e-14,4.967063058e-14,1.714315802e-14,3.119054742e-14,1.402451433e-13,3.37567347e-13,5.574554574e-13,7.292218911e-14,4.252159801e-13,2.646287109e-14
69.1015625,2.595850796e-13,8.935190435e-14,8.97178542e-13,7.25271647e-14,4.27146701e-13,3.872540401e-13,9.762613359e-14,1.47688507e-13,1.199875596e-13,2.160293053e-13,1.992592057e-13,2.346678679e-13,1.789254546e-13,4.07663242e-13,2.717924908e-13,1.091616478e-13,1.685431091e-13,1.144424077e-13,1.735110979e-13,1.544114058e-13,1.76897263e-13,7.062796541e-14,1.188035096e-14,5.043974496e-14,1.678558116e-14,3.057908073e-14,1.385989136e-13,3.401459128e-13,5.54577049e-13,7.323681842e-14,4.226730645e-13,2.639379225e-14
69.109375,2.614801461e-13,8.851266604e-14,8.882263282e-13,7.332332539e-14,4.312977601e-13,3.860091811e-13,9.597240299e-14,1.491529567e-13,1.212052218e-13,2.175448841e-13,1.983805441e-13,2.338697504e-13,1.799297948e-13,4.067632074e-13,2.66596894e-13,1.06493214e-13,1.679495896e-13,1.152750483e-13,1.736529864e-13,1.590808673e-13,1.764100248e-13,7.076204671e-14,1.161311557e-14,5.127783742e-14,1.644006162e-14,2.997140685e-14,1.369024491e-13,3.426884167e-13,5.517856931e-13,7.358197854e-14,4.200776589e-13,2.631815344e-14
69.1171875,2.633334345e-13,8.768829073e-14,8.793636087e-13,7.427116749e-14,4.353694964e-13,3.847527403e-13,9.430947078e-14,1.506187965e-13,1.224944239e-13,2.191070494e-13,1.974966546e-13,2.33123271e-13,1.809781593e-13,4.057167619e-13,2.613485698e-13,1.038383394e-13,1.673736508e-13,1.162519104e-13,1.737607748e-13,1.63879479e-13,1.75892464e-13,7.09238427e-14,1.135313085e-14,5.219190598e-14,1.609183853e-14,2.935827303e-14,1.351592969e-13,3.452528111e-13,5.490429263e-13,7.395745706e-14,4.176458433e-13,2.624155088e-14
69.125,2.652203135e-13,8.699522434e-14,8.704398312e-13,7.535308848e-14,4.392529153e-13,3.835674685e-13,9.26137156e-14,1.52101586e-13,1.238610541e-13,2.205300648e-13,1.966714529e-13,2.324522036e-13,1.820846032e-13,4.045881486e-13,2.561188057e-13,1.012683159e-13,1.670059689e-13,1.174049363e-13,1.73858252e-13,1.688458954e-13,1.75297301e-13,7.114353659e-14,1.110832284e-14,5.316278639e-14,1.573698345e-14,2.87844178e-14,1.335626395e-13,3.477241307e-13,5.465015445e-13,7.429996543e-14,4.154400495e-13,2.619779376e-14
69.1328125,2.671361199e-13,8.636808803e-14,8.613019263e-13,7.637259364e-14,4.431540515e-13,3.824336909e-13,9.093771491e-14,1.535490085e-13,1.251949053e-13,2.217681168e-13,1.9586527e-13,2.316830338e-13,1.831575837e-13,4.033900886e-13,2.508586571e-13,9.869461064e-14,1.66719428e-13,1.185896262e-13,1.73934615e-13,1.740493495e-13,1.745840299e-13,7.139134079e-14,1.088337321e-14,5.41702017e-14,1.538056204e-14,2.823854318e-14,1.321009348e-13,3.498853037e-13,5.440997417e-13,7.456318153e-14,4.132063215e-13,2.616689488e-14
69.140625,2.689168455e-13,8.583073988e-14,8.518040011e-13,7.735466542e-14,4.468836938e-13,3.810873895e-13,8.926334817e-14,1.548810702e-13,1.264206043e-13,2.229348289e-13,1.950246621e-13,2.307083864e-13,1.84141057e-13,4.018802586e-13,2.454661014e-13,9.607254871e-14,1.663285872e-13,1.196775101e-13,1.73913167e-13,1.794277097e-13,1.738424891e-13,7.15867399e-14,1.066887382e-14,5.518159973e-14,1.501358675e-14,2.767985404e-14,1.306265898e-13,3.518371866e-13,5.416347742e-13,7.477373107e-14,4.107349069e-13,2.611132469e-14
69.1484375,2.705567759e-13,8.540691159e-14,8.421730961e-13,7.842491274e-14,4.503053136e-13,3.794989853e-13,8.756178989e-14,1.561590803e-13,1.276470511e-13,2.241164082e-13,1.942069275e-13,2.297267997e-13,1.851100369e-13,4.001917844e-13,2.400645265e-13,9.35089363e-14,1.659790272e-13,1.207018669e-13,1.738139765e-13,1.848655585e-13,1.731728818e-13,7.177148138e-14,1.045604823e-14,5.621759155e-14,1.464857962e-14,2.713294175e-14,1.291996634e-13,3.537194812e-13,5.392877597e-13,7.498268802e-14,4.083218129e-13,2.605897264e-14
69.15625,2.721752406e-13,8.494805203e-14,8.326634861e-13,7.956621664e-14,4.537977685e-13,3.779047072e-13,8.588668142e-14,1.574762917e-13,1.289582211e-13,2.252645731e-13,1.934294448e-13,2.288878791e-13,1.861110072e-13,3.986320738e-13,2.348169929e-13,9.102785758e-14,1.657401985e-13,1.217588982e-13,1.737388179e-13,1.90444167e-13,1.724943597e-13,7.20302164e-14,1.025226427e-14,5.73214867e-14,1.43083439e-14,2.664616849e-14,1.279694599e-13,3.554011411e-13,5.372178586e-13,7.518590142e-14,4.062341702e-13,2.60421542e-14
69.1640625,2.737161504e-13,8.446175689e-14,8.230025586e-13,8.078217487e-14,4.573820449e-13,3.762750775e-13,8.426717375e-14,1.587976335e-13,1.302818222e-13,2.262993858e-13,1.926060519e-13,2.280372615e-13,1.871232664e-13,3.970364958e-13,2.296261528e-13,8.85836827e-14,1.654646072e-13,1.228280323e-13,1.736455758e-13,1.962341503e-13,1.717351393e-13,7.231572569e-14,1.006172709e-14,5.846603918e-14,1.398658817e-14,2.621802846e-14,1.268972761e-13,3.568550003e-13,5.352104085e-13,7.534190867e-14,4.041911078e-13,2.604630489e-14
69.171875,2.751520573e-13,8.406667678e-14,8.130815174e-13,8.207664484e-14,4.608123187e-13,3.745394362e-13,8.268039122e-14,1.600879781e-13,1.315960108e-13,2.271958942e-13,1.917062101e-13,2.27072766e-13,1.881676131e-13,3.952637223e-13,2.244142786e-13,8.622600446e-14,1.651910774e-13,1.238692873e-13,1.734602836e-13,2.021732286e-13,1.709129472e-13,7.258265515e-14,9.877713057e-15,5.963891112e-14,1.367153758e-14,2.582710733e-14,1.258506432e-13,3.581218767e-13,5.332475878e-13,7.544791733e-14,4.020173339e-13,2.606106503e-14
69.1796875,2.764772697e-13,8.370984452e-14,8.032789941e-13,8.336362318e-14,4.641837267e-13,3.728028195e-13,8.111490051e-14,1.6136004e-13,1.329382864e-13,2.279553786e-13,1.908143555e-13,2.261020401e-13,1.892159838e-13,3.934333478e-13,2.193021832e-13,8.397018141e-14,1.650132484e-13,1.249603233e-13,1.732469285e-13,2.083034079e-13,1.699944808e-13,7.286498967e-14,9.707473777e-15,6.087100279e-14,1.336029569e-14,2.546175899e-14,1.248421478e-13,3.590902031e-13,5.315220099e-13,7.553384177e-14,3.999328012e-13,2.6083555e-14
69.1875,2.775786812e-13,8.339598822e-14,7.936459176e-13,8.472082291e-14,4.674755313e-13,3.710261216e-13,7.955693455e-14,1.62579373e-13,1.342811957e-13,2.286052489e-13,1.900164484e-13,2.251838961e-13,1.902337636e-13,3.915732964e-13,2.143533421e-13,8.17841605e-14,1.648825445e-13,1.261625927e-13,1.730626957e-13,2.14588445e-13,1.690410519e-13,7.316689769e-14,9.564320804e-15,6.212135029e-14,1.305370155e-14,2.510773777e-14,1.240329578e-13,3.598550372e-13,5.299918502e-13,7.560370602e-14,3.980000737e-13,2.610383456e-14
69.1953125,2.786924273e-13,8.318570968e-14,7.838734755e-13,8.623092785e-14,4.706741576e-13,3.691737522e-13,7.800228766e-14,1.637295351e-13,1.35628533e-13,2.291731421e-13,1.892858988e-13,2.242631941e-13,1.913120009e-13,3.898106856e-13,2.095223989e-13,7.971470094e-14,1.648183423e-13,1.274516652e-13,1.729148789e-13,2.208659515e-13,1.681737012e-13,7.349464871e-14,9.438021647e-15,6.334573462e-14,1.276476544e-14,2.477246368e-14,1.234394394e-13,3.605871349e-13,5.285812017e-13,7.564538312e-14,3.961424926e-13,2.613696453e-14
69.203125,2.801028769e-13,8.296754501e-14,7.739028109e-13,8.768630482e-14,4.739991572e-13,3.672991433e-13,7.647568735e-14,1.648346434e-13,1.369871055e-13,2.296136998e-13,1.885437136e-13,2.232777162e-13,1.924304021e-13,3.881679366e-13,2.047692603e-13,7.77498002e-14,1.648022143e-13,1.287863362e-13,1.727913142e-13,2.272436756e-13,1.672886566e-13,7.38545708e-14,9.317368785e-15,6.457707182e-14,1.249267978e-14,2.448571807e-14,1.228233833e-13,3.610941806e-13,5.273002028e-13,7.567170218e-14,3.943887263e-13,2.619694855e-14
69.2109375,2.814768182e-13,8.273978232e-14,7.639142616e-13,8.907515704e-14,4.772814379e-13,3.653591057e-13,7.499148252e-14,1.658835327e-13,1.383025543e-13,2.298653858e-13,1.878000215e-13,2.222583622e-13,1.934826922e-13,3.863919991e-13,2.001256027e-13,7.584204146e-14,1.64746896e-13,1.301290367e-13,1.726216733e-13,2.338286911e-13,1.663101742e-13,7.419788854e-14,9.217187441e-15,6.582448788e-14,1.222103925e-14,2.424434795e-14,1.221292148e-13,3.612895405e-13,5.260913908e-13,7.569239598e-14,3.927077307e-13,2.626394915e-14
69.21875,2.826991679e-13,8.264888054e-14,7.54113743e-13,9.068103592e-14,4.804534012e-13,3.635362068e-13,7.355373978e-14,1.668794229e-13,1.396391913e-13,2.29954796e-13,1.870973741e-13,2.213540875e-13,1.946308043e-13,3.847209922e-13,1.957205823e-13,7.407593086e-14,1.647780913e-13,1.315456716e-13,1.724475019e-13,2.404257097e-13,1.653816111e-13,7.455103236e-14,9.146012014e-15,6.70945254e-14,1.196231839e-14,2.402682547e-14,1.2162443e-13,3.614693166e-13,5.250153089e-13,7.568101133e-14,3.91091389e-13,2.633476593e-14
69.2265625,2.841737798e-13,8.266190029e-14,7.445756165e-13,9.242151034e-14,4.839373626e-13,3.620496736e-13,7.215602305e-14,1.678285454e-13,1.410902028e-13,2.299663559e-13,1.864288867e-13,2.206102011e-13,1.959986498e-13,3.835082879e-13,1.91541734e-13,7.245404794e-14,1.649782085e-13,1.331513472e-13,1.724156696e-13,2.470194351e-13,1.64486447e-13,7.499480558e-14,9.089260387e-15,6.843735784e-14,1.173043206e-14,2.384515427e-14,1.213556142e-13,3.617247568e-13,5.242334288e-13,7.563321033e-14,3.896552784e-13,2.642350292e-14
69.234375,2.856615521e-13,8.270552943e-14,7.351926092e-13,9.406315044e-14,4.875772055e-13,3.605781421e-13,7.076985401e-14,1.687014113e-13,1.425718463e-13,2.299457666e-13,1.858225564e-13,2.199139411e-13,1.973711113e-13,3.823153447e-13,1.87384061e-13,7.087115533e-14,1.651884024e-13,1.348450568e-13,1.724609734e-13,2.538075005e-13,1.635137219e-13,7.54884084e-14,9.040692641e-15,6.984374672e-14,1.150208909e-14,2.371121469e-14,1.211059789e-13,3.61829785e-13,5.236733101e-13,7.559192026e-14,3.884285384e-13,2.651525391e-14
69.2421875,2.866897644e-13,8.274566683e-14,7.259554674e-13,9.572571312e-14,4.910525936e-13,3.588953702e-13,6.941061486e-14,1.695662968e-13,1.440706019e-13,2.29859833e-13,1.852830238e-13,2.192593877e-13,1.986686053e-13,3.808917673e-13,1.832498047e-13,6.941367163e-14,1.654165633e-13,1.364687766e-13,1.724208664e-13,2.608781674e-13,1.625695903e-13,7.598262597e-14,9.009102009e-15,7.127714214e-14,1.126947431e-14,2.361172507e-14,1.209031465e-13,3.616120784e-13,5.231159431e-13,7.555046101e-14,3.873795545e-13,2.66084037e-14
69.25,2.875575542e-13,8.266381639e-14,7.168781705e-13,9.744434691e-14,4.947504569e-13,3.572773968e-13,6.812928913e-14,1.705408989e-13,1.45703101e-13,2.296642628e-13,1.84706119e-13,2.186818134e-13,2.000045624e-13,3.796226105e-13,1.792791852e-13,6.817671042e-14,1.657752499e-13,1.38083002e-13,1.723142125e-13,2.683096639e-13,1.616979966e-13,7.651327283e-14,9.002008754e-15,7.275450708e-14,1.105826715e-14,2.354650629e-14,1.20900694e-13,3.610356644e-13,5.225720061e-13,7.544375656e-14,3.86454213e-13,2.673095235e-14
69.2578125,2.884376772e-13,8.252583042e-14,7.077479428e-13,9.909552057e-14,4.985939369e-13,3.557119829e-13,6.690345034e-14,1.716072054e-13,1.474295616e-13,2.293604959e-13,1.840787274e-13,2.180960698e-13,2.012868606e-13,3.783937193e-13,1.753811941e-13,6.706445033e-14,1.661797026e-13,1.397034756e-13,1.721641997e-13,2.760125665e-13,1.608011387e-13,7.706824162e-14,9.018766728e-15,7.429925091e-14,1.087208809e-14,2.3523314e-14,1.210522205e-13,3.602288535e-13,5.22316877e-13,7.527259769e-14,3.855194832e-13,2.687574426e-14
69.265625,2.890784563e-13,8.255844951e-14,6.985895183e-13,1.008135724e-13,5.021177563e-13,3.539973768e-13,6.568195963e-14,1.727090692e-13,1.491926759e-13,2.289404101e-13,1.835340601e-13,2.175330011e-13,2.024746051e-13,3.769534211e-13,1.715098368e-13,6.609068752e-14,1.666261173e-13,1.412431401e-13,1.719460129e-13,2.837643212e-13,1.599531863e-13,7.764170568e-14,9.040824721e-15,7.595797196e-14,1.069311788e-14,2.353382759e-14,1.213208464e-13,3.593874777e-13,5.225054496e-13,7.509258004e-14,3.846633421e-13,2.702193886e-14
69.2734375,2.897206948e-13,8.276067003e-14,6.898348451e-13,1.026751151e-13,5.057855057e-13,3.523498801e-13,6.449089876e-14,1.737997255e-13,1.510529789e-13,2.28423678e-13,1.831250614e-13,2.171268392e-13,2.037640848e-13,3.757247612e-13,1.678678103e-13,6.534939601e-14,1.672312418e-13,1.428482743e-13,1.717663837e-13,2.916787758e-13,1.592595151e-13,7.829233039e-14,9.050966006e-15,7.771433441e-14,1.052082549e-14,2.357248332e-14,1.217674333e-13,3.585324104e-13,5.22975564e-13,7.49141021e-14,3.841192791e-13,2.718152981e-14
69.28125,2.906005516e-13,8.30185719e-14,6.815815183e-13,1.045417623e-13,5.098998207e-13,3.509110619e-13,6.336746019e-14,1.747489526e-13,1.529238758e-13,2.279040722e-13,1.827919672e-13,2.16817239e-13,2.051890246e-13,3.748983004e-13,1.645423319e-13,6.475953867e-14,1.679651916e-13,1.446741497e-13,1.717028813e-13,2.997885007e-13,1.586447424e-13,7.89924639e-14,9.067221271e-15,7.937673044e-14,1.036742017e-14,2.364057103e-14,1.223700674e-13,3.575609723e-13,5.23588077e-13,7.473429442e-14,3.837204905e-13,2.734784959e-14
69.2890625,2.91393782e-13,8.326560966e-14,6.734295295e-13,1.064458601e-13,5.138354611e-13,3.494918321e-13,6.229060781e-14,1.755369353e-13,1.546824722e-13,2.273310217e-13,1.824542005e-13,2.164831145e-13,2.066204455e-13,3.741196466e-13,1.614677026e-13,6.430489702e-14,1.688375146e-13,1.465496087e-13,1.716786769e-13,3.0778902e-13,1.580058332e-13,7.967803537e-14,9.112674876e-15,8.089573357e-14,1.024251546e-14,2.37423831e-14,1.230948236e-13,3.563320772e-13,5.243777836e-13,7.454981871e-14,3.832175121e-13,2.749463916e-14
69.296875,2.920453524e-13,8.344365282e-14,6.651610712e-13,1.084517442e-13,5.175777191e-13,3.480782012e-13,6.124004791e-14,1.763196162e-13,1.56450737e-13,2.264936013e-13,1.820492322e-13,2.161583795e-13,2.08055361e-13,3.733307656e-13,1.586431913e-13,6.413003567e-14,1.699405825e-13,1.48354188e-13,1.716745943e-13,3.158609175e-13,1.573030043e-13,8.038960891e-14,9.180186037e-15,8.249409906e-14,1.014801643e-14,2.389291582e-14,1.239661465e-13,3.547158414e-13,5.25329549e-13,7.429938561e-14,3.828155927e-13,2.763781726e-14
69.3046875,2.928253144e-13,8.367775922e-14,6.569940219e-13,1.105063674e-13,5.21765401e-13,3.468274438e-13,6.02352658e-14,1.771208328e-13,1.583563098e-13,2.254054893e-13,1.816378828e-13,2.159176996e-13,2.095481829e-13,3.727298545e-13,1.560667758e-13,6.422650367e-14,1.711827197e-13,1.502667863e-13,1.717662075e-13,3.244134756e-13,1.565874651e-13,8.117356781e-14,9.261208196e-15,8.419964982e-14,1.007681733e-14,2.409401998e-14,1.249722187e-13,3.52845882e-13,5.264737179e-13,7.395074125e-14,3.826500608e-13,2.780455918e-14
69.3125,2.936551153e-13,8.411299005e-14,6.492200434e-13,1.126669383e-13,5.263601591e-13,3.457897295e-13,5.930176841e-14,1.778384618e-13,1.603273873e-13,2.242959376e-13,1.813633177e-13,2.157979821e-13,2.111089332e-13,3.723627608e-13,1.537419012e-13,6.448698309e-14,1.724704216e-13,1.523653384e-13,1.719655107e-13,3.331953664e-13,1.559701999e-13,8.201312958e-14,9.358758147e-15,8.58192923e-14,1.002793253e-14,2.432911233e-14,1.260971765e-13,3.510017378e-13,5.279481712e-13,7.357488988e-14,3.824833925e-13,2.798758074e-14
69.3203125,2.943609008e-13,8.462715526e-14,6.41891757e-13,1.149505385e-13,5.308799328e-13,3.448912953e-13,5.843491837e-14,1.785030416e-13,1.622783355e-13,2.232100577e-13,1.812564609e-13,2.157930515e-13,2.127008986e-13,3.722061042e-13,1.517370832e-13,6.494298875e-14,1.739257021e-13,1.544537182e-13,1.722258276e-13,3.418641885e-13,1.554498376e-13,8.288013058e-14,9.468775437e-15,8.739198953e-14,1.000582131e-14,2.459392136e-14,1.273595112e-13,3.492025056e-13,5.297397168e-13,7.321904763e-14,3.822965332e-13,2.817040147e-14
69.328125,2.950320595e-13,8.513230123e-14,6.349259027e-13,1.172553466e-13,5.3525614e-13,3.440234769e-13,5.76214102e-14,1.792229797e-13,1.642551892e-13,2.220295649e-13,1.812566384e-13,2.158574851e-13,2.142624435e-13,3.72246926e-13,1.500441849e-13,6.563534449e-14,1.756308911e-13,1.564247796e-13,1.725282733e-13,3.505219865e-13,1.549722236e-13,8.376228247e-14,9.587012814e-15,8.907461244e-14,1.000222524e-14,2.489318277e-14,1.287526439e-13,3.472974605e-13,5.317854328e-13,7.285942362e-14,3.823515414e-13,2.834849127e-14
69.3359375,2.958142039e-13,8.567525876e-14,6.283484813e-13,1.195857913e-13,5.398352012e-13,3.432417346e-13,5.688062159e-14,1.800220468e-13,1.663705596e-13,2.207341126e-13,1.813426734e-13,2.160021632e-13,2.158288461e-13,3.725273517e-13,1.485766546e-13,6.650715444e-14,1.774857481e-13,1.584140322e-13,1.728870589e-13,3.593196834e-13,1.545529762e-13,8.469964317e-14,9.712828253e-15,9.082622039e-14,1.001239899e-14,2.523700648e-14,1.302532725e-13,3.452178772e-13,5.340790691e-13,7.249868934e-14,3.827125682e-13,2.853714826e-14
69.34375,2.967223168e-13,8.621358135e-14,6.221597036e-13,1.219267874e-13,5.447556491e-13,3.426576232e-13,5.620673112e-14,1.808148121e-13,1.686089525e-13,2.193809858e-13,1.815435712e-13,2.162590125e-13,2.174565904e-13,3.730141089e-13,1.472749466e-13,6.750618795e-14,1.793684954e-13,1.604797547e-13,1.733019419e-13,3.683435444e-13,1.541746104e-13,8.572072639e-14,9.844112638e-15,9.256260496e-14,1.004298532e-14,2.563559074e-14,1.318465832e-13,3.429994899e-13,5.364286213e-13,7.214252581e-14,3.832385765e-13,2.875270674e-14
69.3515625,2.976040857e-13,8.672856626e-14,6.16172381e-13,1.242055286e-13,5.496891528e-13,3.421575414e-13,5.554004684e-14,1.815027319e-13,1.708357971e-13,2.17987201e-13,1.818674553e-13,2.165909819e-13,2.190692416e-13,3.735082094e-13,1.46084362e-13,6.859072736e-14,1.812365732e-13,1.625150265e-13,1.737511417e-13,3.774982054e-13,1.538229021e-13,8.676802754e-14,9.98876106e-15,9.429125719e-14,1.008757687e-14,2.605998376e-14,1.335364057e-13,3.407193743e-13,5.386984006e-13,7.174961867e-14,3.838302937e-13,2.897159924e-14
69.359375,2.983337753e-13,8.718814247e-14,6.102572442e-13,1.264597246e-13,5.545955071e-13,3.416558649e-13,5.489927342e-14,1.821522283e-13,1.730746731e-13,2.165152794e-13,1.822015333e-13,2.16970221e-13,2.20612161e-13,3.740352321e-13,1.450002709e-13,6.973392207e-14,1.831057574e-13,1.64545413e-13,1.742259089e-13,3.865001749e-13,1.535202211e-13,8.782623585e-14,1.015654115e-14,9.601435435e-14,1.0148606e-14,2.648737272e-14,1.35353427e-13,3.382570644e-13,5.411078784e-13,7.131084514e-14,3.845087126e-13,2.91794885e-14
69.3671875,2.990025178e-13,8.752773609e-14,6.044539263e-13,1.287285938e-13,5.597679181e-13,3.412521855e-13,5.436714015e-14,1.829013518e-13,1.754210659e-13,2.149476521e-13,1.824211462e-13,2.173996662e-13,2.221373772e-13,3.747804032e-13,1.441064952e-13,7.100504184e-14,1.850228171e-13,1.666493768e-13,1.747150136e-13,3.953139932e-13,1.532020762e-13,8.89337265e-14,1.034011373e-14,9.771808119e-14,1.024874772e-14,2.696005232e-14,1.372911478e-13,3.354342237e-13,5.437897279e-13,7.086660333e-14,3.853205281e-13,2.941707112e-14
69.375,2.99699663e-13,8.798038813e-14,5.988323845e-13,1.311238949e-13,5.649292312e-13,3.409546065e-13,5.390685216e-14,1.836829988e-13,1.777827924e-13,2.133484772e-13,1.826185559e-13,2.178913222e-13,2.236808051e-13,3.756352544e-13,1.434723335e-13,7.249598266e-14,1.870828206e-13,1.687225225e-13,1.75224559e-13,4.039749991e-13,1.528697331e-13,9.0049e-14,1.052865949e-14,9.939805255e-14,1.03768634e-14,2.748925561e-14,1.393427208e-13,3.325512318e-13,5.466071187e-13,7.042936051e-14,3.86205693e-13,2.968860389e-14
69.3828125,3.004417999e-13,8.872588449e-14,5.935000128e-13,1.338045836e-13,5.698946786e-13,3.407545657e-13,5.344228267e-14,1.84348501e-13,1.801098865e-13,2.117459238e-13,1.829388353e-13,2.185072563e-13,2.252626035e-13,3.765801283e-13,1.431062284e-13,7.418091283e-14,1.893495982e-13,1.707524287e-13,1.758408647e-13,4.124960188e-13,1.52642488e-13,9.115838253e-14,1.072284615e-14,1.010527538e-13,1.050538393e-14,2.802893984e-14,1.415937737e-13,3.299590906e-13,5.495142823e-13,6.998589254e-14,3.871317108e-13,2.994061959e-14
69.390625,3.013278003e-13,8.947080371e-14,5.885387342e-13,1.36543443e-13,5.752747746e-13,3.407060974e-13,5.302119866e-14,1.84940179e-13,1.825278385e-13,2.100737667e-13,1.833390103e-13,2.192698125e-13,2.2687805e-13,3.778987275e-13,1.429608664e-13,7.596564386e-14,1.917154091e-13,1.728917148e-13,1.766317897e-13,4.212467021e-13,1.524933139e-13,9.233685827e-14,1.092741306e-14,1.027160822e-13,1.064816623e-14,2.858835039e-14,1.440460728e-13,3.273665998e-13,5.525656368e-13,6.953196137e-14,3.882157624e-13,3.016634084e-14
69.3984375,3.023334441e-13,9.008305222e-14,5.839140443e-13,1.390669036e-13,5.811569165e-13,3.407399575e-13,5.268561895e-14,1.855980537e-13,1.850783781e-13,2.083427684e-13,1.837671234e-13,2.20126271e-13,2.285077755e-13,3.795723525e-13,1.429706982e-13,7.781808016e-14,1.940732234e-13,1.750930835e-13,1.775575178e-13,4.302204893e-13,1.52373916e-13,9.35869946e-14,1.114441644e-14,1.04445049e-13,1.081705632e-14,2.918549921e-14,1.465566474e-13,3.245087794e-13,5.558245088e-13,6.906055148e-14,3.895010895e-13,3.03955195e-14
69.40625,3.032735056e-13,9.075748898e-14,5.796055497e-13,1.41621039e-13,5.869352683e-13,3.408715985e-13,5.239525422e-14,1.863677979e-13,1.877199498e-13,2.0662457e-13,1.842613655e-13,2.210494779e-13,2.302024646e-13,3.813354698e-13,1.431403817e-13,7.97701076e-14,1.965179887e-13,1.772092957e-13,1.785666103e-13,4.388273458e-13,1.523466401e-13,9.487535562e-14,1.137378428e-14,1.062326361e-13,1.099628462e-14,2.978895611e-14,1.491313887e-13,3.216321232e-13,5.593749934e-13,6.856979735e-14,3.908724409e-13,3.06366998e-14
69.4140625,3.041568556e-13,9.140996973e-14,5.755923471e-13,1.443871793e-13,5.926202853e-13,3.412546577e-13,5.214609059e-14,1.87184521e-13,1.904221187e-13,2.048768375e-13,1.848093362e-13,2.219907697e-13,2.319163164e-13,3.831199857e-13,1.4346965e-13,8.184188628e-14,1.991154484e-13,1.792411115e-13,1.796107222e-13,4.473127247e-13,1.523100965e-13,9.621493108e-14,1.161593611e-14,1.079979362e-13,1.11874531e-14,3.043239089e-14,1.518639534e-13,3.18762982e-13,5.631034247e-13,6.807432563e-14,3.922264423e-13,3.091668933e-14
69.421875,3.051154131e-13,9.192329336e-14,5.71794691e-13,1.471356768e-13,5.984725906e-13,3.41813037e-13,5.194812522e-14,1.879735229e-13,1.931251748e-13,2.030646002e-13,1.854115035e-13,2.229265935e-13,2.334710801e-13,3.848991776e-13,1.438979694e-13,8.403844259e-14,2.018221409e-13,1.812083755e-13,1.806534165e-13,4.563718536e-13,1.521723962e-13,9.758002573e-14,1.186801252e-14,1.097108423e-13,1.139402382e-14,3.116887498e-14,1.546510517e-13,3.156927718e-13,5.668090938e-13,6.758249133e-14,3.935516401e-13,3.125525083e-14
69.4296875,3.061180428e-13,9.24898818e-14,5.682524931e-13,1.497831424e-13,6.043357049e-13,3.423927327e-13,5.177833079e-14,1.887441625e-13,1.958448649e-13,2.012809013e-13,1.861268575e-13,2.239741852e-13,2.348812937e-13,3.866605514e-13,1.444596769e-13,8.638245147e-14,2.047046264e-13,1.831627759e-13,1.817851715e-13,4.656305073e-13,1.521129589e-13,9.895255652e-14,1.21227591e-14,1.114162216e-13,1.160729254e-14,3.194258746e-14,1.574250996e-13,3.125796499e-13,5.705963383e-13,6.708865902e-14,3.94932037e-13,3.159821266e-14
69.4375,3.071003269e-13,9.320090676e-14,5.650243967e-13,1.524217763e-13,6.101742166e-13,3.429905667e-13,5.164925885e-14,1.89507913e-13,1.986175874e-13,1.995479711e-13,1.869331645e-13,2.25158633e-13,2.362927373e-13,3.884964038e-13,1.452143036e-13,8.888005576e-14,2.077593206e-13,1.851840673e-13,1.830787417e-13,4.745164837e-13,1.521771551e-13,1.003586072e-13,1.238226918e-14,1.130954784e-13,1.183760505e-14,3.270991696e-14,1.603285365e-13,3.095726445e-13,5.746807169e-13,6.657780757e-14,3.964197333e-13,3.189363472e-14
69.4453125,3.081226044e-13,9.396697531e-14,5.619643786e-13,1.550511663e-13,6.161361589e-13,3.435363407e-13,5.157191587e-14,1.902223307e-13,2.013772076e-13,1.977636997e-13,1.87757648e-13,2.263523821e-13,2.377109893e-13,3.904355006e-13,1.460552508e-13,9.14870411e-14,2.107690283e-13,1.872150488e-13,1.844323887e-13,4.832029783e-13,1.521991142e-13,1.017766774e-13,1.265700584e-14,1.147058883e-13,1.208969658e-14,3.350298079e-14,1.634277704e-13,3.064951965e-13,5.790466433e-13,6.603558316e-14,3.979467725e-13,3.217260587e-14
69.453125,3.09266244e-13,9.468735384e-14,5.589900889e-13,1.576883537e-13,6.223071481e-13,3.440569897e-13,5.151725825e-14,1.909268958e-13,2.041596808e-13,1.959030682e-13,1.88590079e-13,2.275629974e-13,2.391213891e-13,3.925295946e-13,1.468917959e-13,9.415271817e-14,2.136964795e-13,1.892397582e-13,1.857966224e-13,4.917983779e-13,1.521775201e-13,1.032117419e-13,1.294934018e-14,1.162961911e-13,1.234983257e-14,3.431991539e-14,1.666673689e-13,3.033275916e-13,5.83519563e-13,6.548196218e-14,3.994936354e-13,3.248972763e-14
69.4609375,3.105203974e-13,9.527517881e-14,5.562484249e-13,1.603804975e-13,6.286819344e-13,3.448361381e-13,5.149566879e-14,1.916917878e-13,2.070480178e-13,1.940165398e-13,1.894696621e-13,2.288304257e-13,2.405251066e-13,3.948343433e-13,1.478361522e-13,9.690158352e-14,2.167355972e-13,1.913316226e-13,1.872281509e-13,5.002600765e-13,1.521391853e-13,1.0470894e-13,1.325721333e-14,1.178654563e-13,1.262265373e-14,3.516909528e-14,1.699665624e-13,3.002204776e-13,5.879116952e-13,6.494920838e-14,4.010508919e-13,3.285533868e-14
69.46875,3.118378395e-13,9.588348202e-14,5.538240612e-13,1.631839419e-13,6.350388583e-13,3.459388631e-13,5.153286674e-14,1.924555228e-13,2.099421212e-13,1.921022859e-13,1.904340425e-13,2.300824499e-13,2.418827247e-13,3.972344373e-13,1.490489755e-13,9.985173765e-14,2.19934409e-13,1.934330567e-13,1.887087004e-13,5.087240454e-13,1.520350037e-13,1.062232941e-13,1.357702889e-14,1.193364149e-13,1.291715938e-14,3.609604838e-14,1.731872736e-13,2.971409582e-13,5.922437785e-13,6.441204365e-14,4.025311475e-13,3.324038645e-14
69.4765625,3.132502094e-13,9.668593804e-14,5.51698451e-13,1.660839824e-13,6.413875832e-13,3.471291426e-13,5.161425063e-14,1.931551443e-13,2.128116595e-13,1.901764922e-13,1.914545169e-13,2.313763219e-13,2.432442519e-13,3.997394305e-13,1.505452899e-13,1.030516587e-13,2.232392277e-13,1.955650224e-13,1.902547249e-13,5.17098315e-13,1.519793324e-13,1.077292418e-13,1.389894732e-14,1.207451626e-13,1.32319366e-14,3.706557858e-14,1.763424495e-13,2.940275272e-13,5.967303737e-13,6.382992665e-14,4.040563766e-13,3.360951467e-14
69.484375,3.147558341e-13,9.746325798e-14,5.499131005e-13,1.688733534e-13,6.480414897e-13,3.483253116e-13,5.174199986e-14,1.938400992e-13,2.157598267e-13,1.883149262e-13,1.924961995e-13,2.328260324e-13,2.446036352e-13,4.024500119e-13,1.521805419e-13,1.063564613e-13,2.266750193e-13,1.978649545e-13,1.919392885e-13,5.252448343e-13,1.52066492e-13,1.092832833e-13,1.422089944e-14,1.221609782e-13,1.357067487e-14,3.801521873e-14,1.796228328e-13,2.909451326e-13,6.013053217e-13,6.323685754e-14,4.058600295e-13,3.395158849e-14
69.4921875,3.162698622e-13,9.811136415e-14,5.484146164e-13,1.71543841e-13,6.548288442e-13,3.496280331e-13,5.192256864e-14,1.945669511e-13,2.187444295e-13,1.865052426e-13,1.936233447e-13,2.343706606e-13,2.45834138e-13,4.05199026e-13,1.538636768e-13,1.096578911e-13,2.302373483e-13,2.00232861e-13,1.937100969e-13,5.333136075e-13,1.521765249e-13,1.108672668e-13,1.454854885e-14,1.23569976e-13,1.392813951e-14,3.895930988e-14,1.830564823e-13,2.879105416e-13,6.057702186e-13,6.268168287e-14,4.078387191e-13,3.428798659e-14
69.5,3.17887146e-13,9.888804769e-14,5.469775283e-13,1.743635996e-13,6.614776601e-13,3.510720671e-13,5.212439475e-14,1.953485129e-13,2.217229406e-13,1.846489847e-13,1.948245369e-13,2.359305738e-13,2.47021806e-13,4.079345935e-13,1.556830361e-13,1.130608398e-13,2.338814903e-13,2.02550632e-13,1.955176526e-13,5.413549157e-13,1.522375584e-13,1.124535556e-13,1.487866261e-14,1.249834567e-13,1.430094837e-14,3.992211863e-14,1.865672988e-13,2.848438641e-13,6.103219699e-13,6.214042681e-14,4.097174096e-13,3.465734814e-14
69.5078125,3.197347593e-13,9.975797971e-14,5.456026089e-13,1.773113786e-13,6.682208833e-13,3.526237423e-13,5.234496153e-14,1.961265407e-13,2.247461422e-13,1.82740629e-13,1.959785121e-13,2.375083577e-13,2.483066577e-13,4.108483177e-13,1.576752985e-13,1.166333934e-13,2.375951617e-13,2.049185442e-13,1.97399039e-13,5.492400577e-13,1.523010712e-13,1.140802529e-13,1.520760099e-14,1.263865566e-13,1.470133373e-14,4.091260512e-14,1.901455184e-13,2.817135059e-13,6.151063806e-13,6.157533397e-14,4.114514351e-13,3.507449247e-14
69.515625,3.216123604e-13,1.005221567e-13,5.446887587e-13,1.802481044e-13,6.75070777e-13,3.543154514e-13,5.261312949e-14,1.968043379e-13,2.277628224e-13,1.808586537e-13,1.971838848e-13,2.391715095e-13,2.495686464e-13,4.1387697e-13,1.597738085e-13,1.202691481e-13,2.413542521e-13,2.073414242e-13,1.993338819e-13,5.568513661e-13,1.52424047e-13,1.157276251e-13,1.553482614e-14,1.27699528e-13,1.511631802e-14,4.193694317e-14,1.937406981e-13,2.786247445e-13,6.199033367e-13,6.099706187e-14,4.132801736e-13,3.549631068e-14
69.5234375,3.233580452e-13,1.013522726e-13,5.444026461e-13,1.832428094e-13,6.818213178e-13,3.561865844e-13,5.291840953e-14,1.974074633e-13,2.307528911e-13,1.790376081e-13,1.986248839e-13,2.410245824e-13,2.507467675e-13,4.16928965e-13,1.619742037e-13,1.238653791e-13,2.451065391e-13,2.097244688e-13,2.013272569e-13,5.641183696e-13,1.526573453e-13,1.173765913e-13,1.585326196e-14,1.28949547e-13,1.551895953e-14,4.295707407e-14,1.974057911e-13,2.756723223e-13,6.24750719e-13,6.041906361e-14,4.154271098e-13,3.587724451e-14
69.53125,3.251181378e-13,1.023130245e-13,5.442749554e-13,1.861449908e-13,6.88574275e-13,3.580673579e-13,5.324532553e-14,1.980407603e-13,2.337709297e-13,1.772639254e-13,2.001194563e-13,2.429426134e-13,2.51892876e-13,4.201209338e-13,1.641824281e-13,1.27379661e-13,2.488028446e-13,2.120196914e-13,2.034038172e-13,5.711818941e-13,1.529448483e-13,1.190503896e-13,1.616635688e-14,1.302050815e-13,1.591480052e-14,4.39441249e-14,2.012568029e-13,2.727322263e-13,6.298352399e-13,5.982408576e-14,4.175933994e-13,3.624356802e-14
69.5390625,3.269731633e-13,1.031065996e-13,5.439431838e-13,1.88803863e-13,6.952923165e-13,3.598532384e-13,5.361772547e-14,1.987313016e-13,2.367698349e-13,1.755012462e-13,2.013966275e-13,2.446838287e-13,2.529166901e-13,4.233797682e-13,1.662731568e-13,1.308503124e-13,2.524969158e-13,2.141856951e-13,2.054798376e-13,5.782002376e-13,1.531613043e-13,1.20702212e-13,1.649511649e-14,1.314426536e-13,1.632055291e-14,4.492605792e-14,2.05100931e-13,2.696580439e-13,6.34929925e-13,5.919813308e-14,4.193189906e-13,3.664473252e-14
69.546875,3.289251727e-13,1.037370634e-13,5.437368013e-13,1.915717197e-13,7.018465408e-13,3.618823702e-13,5.404791937e-14,1.994613679e-13,2.397570877e-13,1.73747226e-13,2.025873597e-13,2.463747701e-13,2.538478118e-13,4.265989766e-13,1.684414142e-13,1.344510151e-13,2.563746274e-13,2.163569427e-13,2.075774999e-13,5.850205549e-13,1.533350893e-13,1.223268867e-13,1.684508886e-14,1.326624267e-13,1.674392601e-14,4.592056544e-14,2.087980827e-13,2.666166474e-13,6.398761879e-13,5.856792535e-14,4.208859305e-13,3.708023139e-14
69.5546875,3.309985969e-13,1.045425272e-13,5.440319649e-13,1.946703399e-13,7.08268033e-13,3.64323435e-13,5.450624293e-14,2.001691208e-13,2.427752955e-13,1.721068769e-13,2.039362849e-13,2.482327273e-13,2.548147204e-13,4.29839633e-13,1.708762358e-13,1.382572334e-13,2.604486718e-13,2.186606974e-13,2.097932542e-13,5.91453986e-13,1.535645918e-13,1.239813546e-13,1.719089802e-14,1.338405595e-13,1.717754541e-14,4.692570893e-14,2.126068817e-13,2.638778342e-13,6.448801727e-13,5.798734851e-14,4.227378535e-13,3.751973645e-14
69.5625,3.330725278e-13,1.055267805e-13,5.446670676e-13,1.977919685e-13,7.144002421e-13,3.667297953e-13,5.496613025e-14,2.007711644e-13,2.456937275e-13,1.706208043e-13,2.053768088e-13,2.501176246e-13,2.55643341e-13,4.330152579e-13,1.733647454e-13,1.420725571e-13,2.644528025e-13,2.208948068e-13,2.120085672e-13,5.975339896e-13,1.538326406e-13,1.255954555e-13,1.751320415e-14,1.348482338e-13,1.759275446e-14,4.794139004e-14,2.165725383e-13,2.613802641e-13,6.499353985e-13,5.746863938e-14,4.245968855e-13,3.793628494e-14
69.5703125,3.351259496e-13,1.063819686e-13,5.453203274e-13,2.006785862e-13,7.203444342e-13,3.688658772e-13,5.544455274e-14,2.013311665e-13,2.484848553e-13,1.691175833e-13,2.067390363e-13,2.519196331e-13,2.561976368e-13,4.361003953e-13,1.757407325e-13,1.457243505e-13,2.682948861e-13,2.230054697e-13,2.141790739e-13,6.034231721e-13,1.540745959e-13,1.271263284e-13,1.783337939e-14,1.356989129e-13,1.799757098e-14,4.894828858e-14,2.204820699e-13,2.588039124e-13,6.548797101e-13,5.695977579e-14,4.26254578e-13,3.832095237e-14
69.578125,3.372539397e-13,1.070338946e-13,5.459872013e-13,2.03434282e-13,7.264420857e-13,3.710564482e-13,5.597358987e-14,2.019439365e-13,2.512993388e-13,1.675100999e-13,2.080642666e-13,2.537686841e-13,2.567065919e-13,4.39256906e-13,1.781410782e-13,1.4929998e-13,2.721826658e-13,2.252061524e-13,2.164687718e-13,6.09209611e-13,1.542439682e-13,1.286877584e-13,1.817658229e-14,1.365818101e-13,1.844027475e-14,4.993573023e-14,2.24478592e-13,2.560208746e-13,6.598520902e-13,5.642729014e-14,4.280039514e-13,3.869603797e-14
69.5859375,3.393035781e-13,1.076555571e-13,5.468875934e-13,2.063367763e-13,7.323287285e-13,3.734858692e-13,5.655408968e-14,2.025171513e-13,2.540944149e-13,1.659839697e-13,2.094710294e-13,2.55666758e-13,2.572655053e-13,4.423647361e-13,1.806361429e-13,1.529487585e-13,2.761777907e-13,2.273839e-13,2.188021695e-13,6.146716699e-13,1.543258977e-13,1.302814876e-13,1.851925905e-14,1.375186572e-13,1.891155984e-14,5.091810723e-14,2.287107792e-13,2.532544914e-13,6.649783092e-13,5.590741483e-14,4.298013141e-13,3.908209912e-14
69.59375,3.412772052e-13,1.083086349e-13,5.480439157e-13,2.094354408e-13,7.377199968e-13,3.760247761e-13,5.717124838e-14,2.02953096e-13,2.567300761e-13,1.64656483e-13,2.109391651e-13,2.574853244e-13,2.576846996e-13,4.452314238e-13,1.831549015e-13,1.566692714e-13,2.801285185e-13,2.293813398e-13,2.210128564e-13,6.196283282e-13,1.543684048e-13,1.317983194e-13,1.883365009e-14,1.383223606e-13,1.93659022e-14,5.190787826e-14,2.329315804e-13,2.507113627e-13,6.700463623e-13,5.543943471e-14,4.313411116e-13,3.946872763e-14
69.6015625,3.434293131e-13,1.089567928e-13,5.492284533e-13,2.124555095e-13,7.430687672e-13,3.785424845e-13,5.782257523e-14,2.032772916e-13,2.592093971e-13,1.633937606e-13,2.124099111e-13,2.591973782e-13,2.579251556e-13,4.479741483e-13,1.856926291e-13,1.603846081e-13,2.840229838e-13,2.314269475e-13,2.232387309e-13,6.242474724e-13,1.544029541e-13,1.332435803e-13,1.914621039e-14,1.389011722e-13,1.98183752e-14,5.290669894e-14,2.3704314e-13,2.48276834e-13,6.749151629e-13,5.499592386e-14,4.326870993e-13,3.983885305e-14
69.609375,3.45566973e-13,1.09635475e-13,5.504128298e-13,2.153901159e-13,7.482528017e-13,3.810154993e-13,5.850519311e-14,2.03479642e-13,2.615398001e-13,1.620929765e-13,2.13895677e-13,2.608491839e-13,2.580993179e-13,4.50661062e-13,1.883247924e-13,1.640882436e-13,2.879979386e-13,2.335957323e-13,2.255829732e-13,6.283542823e-13,1.544143914e-13,1.346464085e-13,1.947780941e-14,1.393394236e-13,2.029966847e-14,5.38774675e-14,2.412068004e-13,2.457684034e-13,6.798087391e-13,5.451206014e-14,4.339422757e-13,4.017902604e-14
69.6171875,3.474717554e-13,1.103661149e-13,5.517965151e-13,2.185037079e-13,7.528549693e-13,3.835667965e-13,5.921246334e-14,2.035544042e-13,2.637401415e-13,1.608431369e-13,2.153942462e-13,2.625027857e-13,2.582030447e-13,4.53272955e-13,1.910680615e-13,1.678033586e-13,2.920391961e-13,2.356715783e-13,2.27921304e-13,6.315542655e-13,1.544355504e-13,1.359975855e-13,1.978821308e-14,1.397145539e-13,2.079032802e-14,5.478021392e-14,2.454096865e-13,2.432509173e-13,6.848619803e-13,5.397775538e-14,4.350446152e-13,4.049040009e-14
69.625,3.495252296e-13,1.111330434e-13,5.534158886e-13,2.217072873e-13,7.573973804e-13,3.862765097e-13,5.994025562e-14,2.036124875e-13,2.659332825e-13,1.597630351e-13,2.169009165e-13,2.642207316e-13,2.582021402e-13,4.559667684e-13,1.937918129e-13,1.715075907e-13,2.959690383e-13,2.376366726e-13,2.302253073e-13,6.343216876e-13,1.545109637e-13,1.373590906e-13,2.004730759e-14,1.400497671e-13,2.127025838e-14,5.565597797e-14,2.496038536e-13,2.409067203e-13,6.897870925e-13,5.34561649e-14,4.362051779e-13,4.081879652e-14
69.6328125,3.518977502e-13,1.119214799e-13,5.552159877e-13,2.24856738e-13,7.622581107e-13,3.890718781e-13,6.068941627e-14,2.037281054e-13,2.681834683e-13,1.588296534e-13,2.184248719e-13,2.660038522e-13,2.581652771e-13,4.588150531e-13,1.964198575e-13,1.751941083e-13,2.997482188e-13,2.396284195e-13,2.325702266e-13,6.372911783e-13,1.545963404e-13,1.387824129e-13,2.02898179e-14,1.403902587e-13,2.175736936e-14,5.654304914e-14,2.538834079e-13,2.387392793e-13,6.944561451e-13,5.298069078e-14,4.37671679e-13,4.120175333e-14
69.640625,3.542177697e-13,1.125792235e-13,5.571533093e-13,2.280304569e-13,7.668909416e-13,3.919352945e-13,6.148252545e-14,2.038196867e-13,2.70390607e-13,1.579125433e-13,2.198643296e-13,2.677408685e-13,2.5810714e-13,4.616246847e-13,1.990539072e-13,1.788472715e-13,3.034977059e-13,2.416522403e-13,2.349256863e-13,6.400193475e-13,1.546128427e-13,1.401933745e-13,2.055082359e-14,1.407209474e-13,2.226940468e-14,5.740797917e-14,2.582335764e-13,2.3654196e-13,6.992010349e-13,5.251963271e-14,4.391163749e-13,4.159592766e-14
69.6484375,3.56293877e-13,1.129812153e-13,5.590399363e-13,2.310842733e-13,7.708907213e-13,3.947669624e-13,6.233431359e-14,2.037963957e-13,2.724082824e-13,1.569800025e-13,2.211405845e-13,2.692770191e-13,2.578997238e-13,4.641440661e-13,2.016550659e-13,1.823710927e-13,3.071757571e-13,2.435644066e-13,2.371782658e-13,6.419436338e-13,1.545427006e-13,1.414843818e-13,2.081495978e-14,1.40933748e-13,2.2789254e-14,5.825756775e-14,2.625010217e-13,2.342353624e-13,7.040046319e-13,5.20688521e-14,4.40127463e-13,4.194497911e-14
69.65625,3.582073608e-13,1.133488537e-13,5.607924208e-13,2.339565469e-13,7.743561858e-13,3.973435637e-13,6.32003526e-14,2.037230923e-13,2.742352934e-13,1.561366027e-13,2.223867041e-13,2.706329659e-13,2.574867352e-13,4.662884398e-13,2.040810162e-13,1.857740413e-13,3.106540155e-13,2.452518187e-13,2.392961547e-13,6.43311201e-13,1.544264823e-13,1.426488557e-13,2.106200812e-14,1.410200882e-13,2.329142383e-14,5.911392684e-14,2.666149642e-13,2.320417051e-13,7.084012447e-13,5.164807653e-14,4.40961344e-13,4.22684253e-14
69.6640625,3.600581927e-13,1.139234194e-13,5.625423528e-13,2.369578107e-13,7.774830097e-13,3.997533779e-13,6.403381846e-14,2.03704115e-13,2.760052337e-13,1.55395274e-13,2.236884316e-13,2.71990532e-13,2.569651672e-13,4.682390832e-13,2.064927041e-13,1.892525231e-13,3.140868116e-13,2.468359884e-13,2.414081299e-13,6.443559281e-13,1.543004594e-13,1.437668806e-13,2.129856495e-14,1.410743274e-13,2.378513244e-14,5.991761126e-14,2.706928668e-13,2.300456642e-13,7.124900544e-13,5.122667655e-14,4.41941377e-13,4.260601646e-14
69.671875,3.619423602e-13,1.146311205e-13,5.642918068e-13,2.401540326e-13,7.803650623e-13,4.022232035e-13,6.486267479e-14,2.03665974e-13,2.77739394e-13,1.546509689e-13,2.249516971e-13,2.734049221e-13,2.563989159e-13,4.70196455e-13,2.091043768e-13,1.928955479e-13,3.177156686e-13,2.484744482e-13,2.436109707e-13,6.449321901e-13,1.54152452e-13,1.44868902e-13,2.15237203e-14,1.411096216e-13,2.429722531e-14,6.065214468e-14,2.749372434e-13,2.280289649e-13,7.167870622e-13,5.078533688e-14,4.428643171e-13,4.295004598e-14
69.6796875,3.638303252e-13,1.154011559e-13,5.660403481e-13,2.434185345e-13,7.828743054e-13,4.047219295e-13,6.574113776e-14,2.034882254e-13,2.793530965e-13,1.538980324e-13,2.261682497e-13,2.748176796e-13,2.557837033e-13,4.721229751e-13,2.118342881e-13,1.96593562e-13,3.214863066e-13,2.501014044e-13,2.458274844e-13,6.45034152e-13,1.539524227e-13,1.459142824e-13,2.172354545e-14,1.411024285e-13,2.483236012e-14,6.138764665e-14,2.793455901e-13,2.259871839e-13,7.212438833e-13,5.036664478e-14,4.436601758e-13,4.328583812e-14
69.6875,3.655929752e-13,1.162227009e-13,5.679449237e-13,2.468108264e-13,7.849315731e-13,4.072350383e-13,6.66871347e-14,2.032274981e-13,2.808419688e-13,1.532195328e-13,2.273846002e-13,2.762109799e-13,2.550970653e-13,4.739079747e-13,2.14603139e-13,2.002932375e-13,3.252418773e-13,2.516464838e-13,2.479896465e-13,6.447380029e-13,1.537135697e-13,1.468909032e-13,2.190081589e-14,1.41081963e-13,2.538378382e-14,6.212359005e-14,2.837233149e-13,2.240969644e-13,7.255447796e-13,4.998438448e-14,4.445269549e-13,4.361633423e-14
69.6953125,3.67143343e-13,1.168908229e-13,5.699896922e-13,2.502671511e-13,7.866213311e-13,4.097915186e-13,6.769361396e-14,2.029655311e-13,2.821950097e-13,1.526430184e-13,2.285395039e-13,2.775293693e-13,2.542707798e-13,4.754885701e-13,2.17432116e-13,2.040391906e-13,3.289827779e-13,2.531273781e-13,2.500983751e-13,6.440117644e-13,1.534741449e-13,1.477945982e-13,2.206852881e-14,1.410588367e-13,2.595227997e-14,6.280139855e-14,2.880755143e-13,2.22277451e-13,7.297553302e-13,4.960588833e-14,4.453464331e-13,4.392803454e-14
69.703125,3.685469352e-13,1.173477403e-13,5.720978458e-13,2.536934175e-13,7.878520862e-13,4.122958413e-13,6.873973188e-14,2.026766978e-13,2.833626556e-13,1.521662994e-13,2.296401989e-13,2.787298817e-13,2.53311308e-13,4.76839761e-13,2.202715307e-13,2.078424923e-13,3.327618421e-13,2.545127749e-13,2.521466971e-13,6.429452141e-13,1.532244327e-13,1.485968375e-13,2.22383946e-14,1.409962304e-13,2.653678392e-14,6.342306845e-14,2.92534068e-13,2.204817122e-13,7.339954416e-13,4.923367633e-14,4.459937256e-13,4.421317441e-14
69.7109375,3.700489514e-13,1.179030001e-13,5.743105584e-13,2.571569433e-13,7.884973362e-13,4.148010559e-13,6.980379396e-14,2.023443396e-13,2.843576609e-13,1.517760514e-13,2.307796485e-13,2.798542822e-13,2.523168834e-13,4.780285764e-13,2.231561491e-13,2.117061043e-13,3.366123668e-13,2.558326402e-13,2.541806218e-13,6.416530656e-13,1.529031412e-13,1.493014419e-13,2.241893496e-14,1.40823959e-13,2.713287961e-14,6.401875545e-14,2.969950604e-13,2.188461919e-13,7.381444425e-13,4.889517162e-14,4.465879846e-13,4.449697451e-14
69.71875,3.716744817e-13,1.186433597e-13,5.764362411e-13,2.6061234e-13,7.886399971e-13,4.174001146e-13,7.089000671e-14,2.019340554e-13,2.851648632e-13,1.514146472e-13,2.319278189e-13,2.808654228e-13,2.512525366e-13,4.790585123e-13,2.261699679e-13,2.156208776e-13,3.40537001e-13,2.571509402e-13,2.562264433e-13,6.399844048e-13,1.52448706e-13,1.499203085e-13,2.25943447e-14,1.40492623e-13,2.774446698e-14,6.458906482e-14,3.013233908e-13,2.172632375e-13,7.420126295e-13,4.858391225e-14,4.470793273e-13,4.478072497e-14
69.7265625,3.73181563e-13,1.193197485e-13,5.783046179e-13,2.641881728e-13,7.883846749e-13,4.20006087e-13,7.201080252e-14,2.013824888e-13,2.857732506e-13,1.510623001e-13,2.330035553e-13,2.817132636e-13,2.500365381e-13,4.798520126e-13,2.292396617e-13,2.195092683e-13,3.444509631e-13,2.584201985e-13,2.582448785e-13,6.377425693e-13,1.518514619e-13,1.504631644e-13,2.273778787e-14,1.400689952e-13,2.838036786e-14,6.511437193e-14,3.055993926e-13,2.156260992e-13,7.455482456e-13,4.827246386e-14,4.474352682e-13,4.503505441e-14
69.734375,3.746140175e-13,1.199583947e-13,5.801965205e-13,2.681340955e-13,7.877726986e-13,4.226308995e-13,7.315777948e-14,2.007643621e-13,2.862631063e-13,1.507931709e-13,2.34000483e-13,2.824837474e-13,2.487528364e-13,4.804980161e-13,2.323211817e-13,2.233220225e-13,3.48295279e-13,2.596133864e-13,2.602771731e-13,6.349631222e-13,1.512156933e-13,1.509647852e-13,2.2852215e-14,1.396340562e-13,2.903453058e-14,6.556624835e-14,3.099027089e-13,2.141587128e-13,7.490439574e-13,4.795397429e-14,4.477705662e-13,4.526317139e-14
69.7421875,3.760391243e-13,1.207380922e-13,5.822077612e-13,2.720819291e-13,7.866979889e-13,4.252171258e-13,7.432346847e-14,2.001936984e-13,2.866004352e-13,1.506769485e-13,2.349182522e-13,2.832055926e-13,2.474457789e-13,4.810422539e-13,2.354693419e-13,2.270933976e-13,3.521253537e-13,2.607443996e-13,2.623246657e-13,6.317515016e-13,1.506492196e-13,1.513916132e-13,2.295821651e-14,1.391536832e-13,2.969517114e-14,6.59260549e-14,3.142629564e-13,2.128558313e-13,7.528253871e-13,4.764725981e-14,4.480015404e-13,4.546932047e-14
69.75,3.771649418e-13,1.21509862e-13,5.839889781e-13,2.756771829e-13,7.849169362e-13,4.275013453e-13,7.552718012e-14,1.99610814e-13,2.866617901e-13,1.506788806e-13,2.357558137e-13,2.838014246e-13,2.459679409e-13,4.812341711e-13,2.386497439e-13,2.308786394e-13,3.559623819e-13,2.617717641e-13,2.6424345e-13,6.281279421e-13,1.500296362e-13,1.51657973e-13,2.306360374e-14,1.385923912e-13,3.037322627e-14,6.620430428e-14,3.187145666e-13,2.113978477e-13,7.566353255e-13,4.736860631e-14,4.48109436e-13,4.562952083e-14
69.7578125,3.780085659e-13,1.221904778e-13,5.855416267e-13,2.793873891e-13,7.824485809e-13,4.296301422e-13,7.67903988e-14,1.989316548e-13,2.865276086e-13,1.50697827e-13,2.365551292e-13,2.842889401e-13,2.442332716e-13,4.809483293e-13,2.418183888e-13,2.347511248e-13,3.597517054e-13,2.626653131e-13,2.659921745e-13,6.240980995e-13,1.491937698e-13,1.517892862e-13,2.315823289e-14,1.379780693e-13,3.106682671e-14,6.645749344e-14,3.23144601e-13,2.098209958e-13,7.599891512e-13,4.712109446e-14,4.482126709e-13,4.577500838e-14
69.765625,3.789379939e-13,1.229656208e-13,5.872303644e-13,2.835000536e-13,7.796624571e-13,4.319793334e-13,7.810710088e-14,1.98219446e-13,2.863892521e-13,1.507060299e-13,2.373526234e-13,2.847610166e-13,2.423696617e-13,4.804700195e-13,2.449778297e-13,2.387276817e-13,3.634921195e-13,2.634131173e-13,2.67642842e-13,6.197371241e-13,1.482919453e-13,1.518771897e-13,2.322452242e-14,1.373392955e-13,3.173765346e-14,6.676415617e-14,3.274471223e-13,2.084175649e-13,7.629166129e-13,4.691310837e-14,4.481918181e-13,4.596852771e-14
69.7734375,3.79894359e-13,1.237485381e-13,5.89124792e-13,2.876517356e-13,7.768644216e-13,4.343946016e-13,7.947430671e-14,1.975492731e-13,2.862829436e-13,1.50795902e-13,2.381166072e-13,2.85269045e-13,2.40528984e-13,4.801022564e-13,2.48111284e-13,2.42718905e-13,3.672282218e-13,2.640650479e-13,2.692163644e-13,6.151857523e-13,1.475048383e-13,1.519394665e-13,2.327021494e-14,1.367219653e-13,3.239204806e-14,6.710851301e-14,3.317673139e-13,2.071995224e-13,7.657651811e-13,4.674951911e-14,4.480779503e-13,4.618155994e-14
69.78125,3.805797952e-13,1.243527417e-13,5.910827272e-13,2.917020869e-13,7.739390483e-13,4.365905907e-13,8.091544509e-14,1.968915453e-13,2.860814038e-13,1.510431657e-13,2.387438092e-13,2.857634095e-13,2.386739821e-13,4.797840345e-13,2.512785097e-13,2.467299183e-13,3.709648403e-13,2.647356071e-13,2.70727264e-13,6.10449833e-13,1.46719557e-13,1.519333415e-13,2.331689774e-14,1.361426597e-13,3.30810419e-14,6.736550424e-14,3.362185762e-13,2.060262947e-13,7.686866867e-13,4.661060203e-14,4.480969088e-13,4.635269315e-14
69.7890625,3.809933284e-13,1.249631168e-13,5.929597559e-13,2.957987463e-13,7.704429722e-13,4.386524671e-13,8.241972229e-14,1.96205473e-13,2.85662922e-13,1.514072771e-13,2.391488395e-13,2.860981663e-13,2.366684794e-13,4.792194637e-13,2.545063918e-13,2.508506207e-13,3.746709461e-13,2.653563266e-13,2.721165401e-13,6.053423254e-13,1.45849855e-13,1.518116113e-13,2.334968963e-14,1.35526754e-13,3.379219828e-14,6.74893057e-14,3.406912015e-13,2.048506581e-13,7.715442025e-13,4.647041243e-14,4.48037817e-13,4.649952767e-14
69.796875,3.81213748e-13,1.256310315e-13,5.94566844e-13,2.99968009e-13,7.661679241e-13,4.406364639e-13,8.393527145e-14,1.955265851e-13,2.850664461e-13,1.518017109e-13,2.393582641e-13,2.862473853e-13,2.345124552e-13,4.782639699e-13,2.576569261e-13,2.549920199e-13,3.782951972e-13,2.657661782e-13,2.732407564e-13,5.997914058e-13,1.44962522e-13,1.515569748e-13,2.33588966e-14,1.348395384e-13,3.448932288e-14,6.756019426e-14,3.45122584e-13,2.036008221e-13,7.741284424e-13,4.632151118e-14,4.477349452e-13,4.664739942e-14
69.8046875,3.811551874e-13,1.261287119e-13,5.960223285e-13,3.042042726e-13,7.612475048e-13,4.42490208e-13,8.546740588e-14,1.948839237e-13,2.843637519e-13,1.522022956e-13,2.395006386e-13,2.863642209e-13,2.322950648e-13,4.770196054e-13,2.60763411e-13,2.590481579e-13,3.818033542e-13,2.660105034e-13,2.741451377e-13,5.938232324e-13,1.440287432e-13,1.511779354e-13,2.338117847e-14,1.341392404e-13,3.520161437e-14,6.760950683e-14,3.495458358e-13,2.022077185e-13,7.765670308e-13,4.618326216e-14,4.475216916e-13,4.677208378e-14
69.8125,3.807958904e-13,1.266111871e-13,5.977474253e-13,3.084903044e-13,7.557532668e-13,4.443190302e-13,8.706457355e-14,1.942219555e-13,2.83492129e-13,1.526784017e-13,2.397350029e-13,2.864973008e-13,2.300372781e-13,4.756200608e-13,2.641027899e-13,2.631673107e-13,3.852867053e-13,2.661707694e-13,2.750460666e-13,5.873942819e-13,1.430323697e-13,1.506817062e-13,2.342081434e-14,1.334391786e-13,3.59540821e-14,6.760508406e-14,3.53923717e-13,2.007958651e-13,7.791635589e-13,4.608781482e-14,4.474461847e-13,4.687324163e-14
69.8203125,3.803200661e-13,1.273227618e-13,5.997391105e-13,3.128206436e-13,7.497825829e-13,4.461562887e-13,8.871452136e-14,1.935113196e-13,2.824348514e-13,1.533003396e-13,2.400714769e-13,2.865495539e-13,2.277267893e-13,4.740814201e-13,2.676983225e-13,2.674832082e-13,3.888918346e-13,2.662224844e-13,2.760007455e-13,5.806485072e-13,1.420583267e-13,1.500894312e-13,2.343509565e-14,1.327046974e-13,3.673022725e-14,6.75578883e-14,3.582252853e-13,1.995308016e-13,7.816933461e-13,4.603495888e-14,4.472376579e-13,4.69769301e-14
69.828125,3.797435589e-13,1.279892986e-13,6.015514942e-13,3.171889728e-13,7.433874185e-13,4.4779897e-13,9.03782727e-14,1.927974676e-13,2.812598119e-13,1.540424422e-13,2.402613198e-13,2.864767695e-13,2.253194604e-13,4.722522793e-13,2.712184426e-13,2.718577953e-13,3.925503435e-13,2.661188684e-13,2.768464286e-13,5.737005292e-13,1.410911931e-13,1.493954879e-13,2.341886985e-14,1.319529797e-13,3.752396011e-14,6.746939587e-14,3.624791786e-13,1.983562854e-13,7.836494507e-13,4.59994735e-14,4.469550601e-13,4.707225052e-14
69.8359375,3.788877308e-13,1.283873439e-13,6.030465385e-13,3.214709355e-13,7.363597495e-13,4.491940264e-13,9.206175436e-14,1.920636743e-13,2.799412023e-13,1.548632481e-13,2.401341221e-13,2.862947662e-13,2.227716879e-13,4.700526449e-13,2.745011225e-13,2.761453934e-13,3.960890227e-13,2.658160971e-13,2.774776173e-13,5.663028695e-13,1.40088354e-13,1.48562668e-13,2.339478999e-14,1.312004072e-13,3.832731776e-14,6.731413713e-14,3.666897735e-13,1.971679709e-13,7.851050254e-13,4.59903085e-14,4.467180725e-13,4.713820166e-14
69.84375,3.779499548e-13,1.287407724e-13,6.045141715e-13,3.257813594e-13,7.288877236e-13,4.506249341e-13,9.378840863e-14,1.912686377e-13,2.784901826e-13,1.557760527e-13,2.398808548e-13,2.860603024e-13,2.201899266e-13,4.677982896e-13,2.778641513e-13,2.804774339e-13,3.996106102e-13,2.654839442e-13,2.780335994e-13,5.585242965e-13,1.390843184e-13,1.476467253e-13,2.336251006e-14,1.304064639e-13,3.914173366e-14,6.712601966e-14,3.709032363e-13,1.960018209e-13,7.865645127e-13,4.60300011e-14,4.465003713e-13,4.718418715e-14
69.8515625,3.770876233e-13,1.292288831e-13,6.061473539e-13,3.304288263e-13,7.213562525e-13,4.521975028e-13,9.557247768e-14,1.904907063e-13,2.769835387e-13,1.567676698e-13,2.396735514e-13,2.858370875e-13,2.176700841e-13,4.656953754e-13,2.816127769e-13,2.850228308e-13,4.032374493e-13,2.65315217e-13,2.786277843e-13,5.507313312e-13,1.380680881e-13,1.467065012e-13,2.331779475e-14,1.295824936e-13,3.99975599e-14,6.692148617e-14,3.751800867e-13,1.948483806e-13,7.882026411e-13,4.610601266e-14,4.463687233e-13,4.721719863e-14
69.859375,3.758576748e-13,1.298221232e-13,6.077365565e-13,3.351844887e-13,7.133125744e-13,4.535673075e-13,9.740452787e-14,1.898015222e-13,2.753587372e-13,1.578098101e-13,2.393802238e-13,2.855449557e-13,2.150806545e-13,4.633348788e-13,2.854686456e-13,2.896285202e-13,4.06752012e-13,2.649954566e-13,2.791032589e-13,5.427041913e-13,1.370364613e-13,1.456445431e-13,2.326499018e-14,1.288074359e-13,4.087989438e-14,6.665353014e-14,3.794008868e-13,1.936592217e-13,7.896822838e-13,4.620673127e-14,4.462525351e-13,4.72264472e-14
69.8671875,3.742106523e-13,1.304015966e-13,6.089720552e-13,3.39676325e-13,7.043833846e-13,4.545625654e-13,9.92557514e-14,1.891598689e-13,2.735942728e-13,1.589139725e-13,2.389227485e-13,2.850853693e-13,2.123141631e-13,4.604700021e-13,2.890997036e-13,2.94157261e-13,4.101127696e-13,2.642618226e-13,2.793488281e-13,5.343258411e-13,1.360275404e-13,1.444109702e-13,2.321158518e-14,1.280726448e-13,4.175719258e-14,6.635957329e-14,3.834971004e-13,1.92486734e-13,7.907126362e-13,4.634333839e-14,4.460147712e-13,4.720832516e-14
69.875,3.7257843e-13,1.307981471e-13,6.099987155e-13,3.441389744e-13,6.95091959e-13,4.554108577e-13,1.011406018e-13,1.885513005e-13,2.718043937e-13,1.600724282e-13,2.384360041e-13,2.84561847e-13,2.094537992e-13,4.574310712e-13,2.927406341e-13,2.988441921e-13,4.136107787e-13,2.634471337e-13,2.794336248e-13,5.260785914e-13,1.350165496e-13,1.430925833e-13,2.316348837e-14,1.273166705e-13,4.266639825e-14,6.609884457e-14,3.877234733e-13,1.912986388e-13,7.91543383e-13,4.651457855e-14,4.458663292e-13,4.716600245e-14
69.8828125,3.706854135e-13,1.310413406e-13,6.111722428e-13,3.487387458e-13,6.855074379e-13,4.561220789e-13,1.030910047e-13,1.879883718e-13,2.699231737e-13,1.613000831e-13,2.379466234e-13,2.840402e-13,2.065374507e-13,4.542690567e-13,2.965288343e-13,3.037322412e-13,4.171351909e-13,2.626409691e-13,2.793354179e-13,5.177485667e-13,1.339982901e-13,1.41672972e-13,2.310459936e-14,1.265713298e-13,4.361446093e-14,6.57890645e-14,3.921121991e-13,1.900197543e-13,7.923687274e-13,4.671536412e-14,4.458894294e-13,4.710325854e-14
69.890625,3.682870134e-13,1.313315597e-13,6.123755546e-13,3.532919926e-13,6.752809874e-13,4.565696821e-13,1.050757005e-13,1.874366495e-13,2.678544496e-13,1.626579535e-13,2.373384177e-13,2.834169961e-13,2.035294682e-13,4.507731832e-13,3.002250039e-13,3.085493471e-13,4.204121467e-13,2.615914581e-13,2.791007329e-13,5.088085942e-13,1.329820687e-13,1.401058119e-13,2.302383414e-14,1.258605751e-13,4.455287014e-14,6.538779884e-14,3.962560099e-13,1.88791011e-13,7.928516947e-13,4.695670255e-14,4.457450253e-13,4.703314844e-14
69.8984375,3.659697544e-13,1.317240615e-13,6.134228544e-13,3.580442324e-13,6.649151955e-13,4.570398121e-13,1.070724077e-13,1.869507364e-13,2.658138633e-13,1.640828897e-13,2.366288418e-13,2.827924843e-13,2.005090936e-13,4.472475371e-13,3.040424603e-13,3.13473442e-13,4.238008644e-13,2.60559712e-13,2.789936555e-13,4.998449398e-13,1.319204183e-13,1.385128323e-13,2.294665209e-14,1.251505224e-13,4.552011151e-14,6.50005716e-14,4.002144832e-13,1.877370542e-13,7.930888951e-13,4.723375826e-14,4.454886983e-13,4.6967164e-14
69.90625,3.638514433e-13,1.321944045e-13,6.146167496e-13,3.633086086e-13,6.548633175e-13,4.578113304e-13,1.091358191e-13,1.866467508e-13,2.639623983e-13,1.654645882e-13,2.359377591e-13,2.824105199e-13,1.975734165e-13,4.440083158e-13,3.084052456e-13,3.188665332e-13,4.276618837e-13,2.598390289e-13,2.790691362e-13,4.913470587e-13,1.308897631e-13,1.369746911e-13,2.287966723e-14,1.244886473e-13,4.658417434e-14,6.464144921e-14,4.044942868e-13,1.867607146e-13,7.936460757e-13,4.752467952e-14,4.455983419e-13,4.690100709e-14
69.9140625,3.614444129e-13,1.326696392e-13,6.160951027e-13,3.687102712e-13,6.446599513e-13,4.586474434e-13,1.113072802e-13,1.864698561e-13,2.62095772e-13,1.668866352e-13,2.352534377e-13,2.821558118e-13,1.946316729e-13,4.407516477e-13,3.130944458e-13,3.245581121e-13,4.31679883e-13,2.591390755e-13,2.790847297e-13,4.827682183e-13,1.300025382e-13,1.353884603e-13,2.279561576e-14,1.239132105e-13,4.771712389e-14,6.422348656e-14,4.089286959e-13,1.857491853e-13,7.942601691e-13,4.783517221e-14,4.46064072e-13,4.681689315e-14
69.921875,3.587291278e-13,1.329396613e-13,6.175616818e-13,3.738328293e-13,6.3396592e-13,4.592187043e-13,1.135613001e-13,1.862913601e-13,2.600549158e-13,1.684567958e-13,2.344777566e-13,2.817569258e-13,1.915522454e-13,4.372356118e-13,3.177395036e-13,3.303143209e-13,4.355669269e-13,2.582793964e-13,2.789007505e-13,4.739487733e-13,1.291532536e-13,1.336792547e-13,2.269842103e-14,1.233745025e-13,4.888829519e-14,6.375361561e-14,4.13048878e-13,1.846252832e-13,7.944705235e-13,4.81836142e-14,4.465933781e-13,4.668922037e-14
69.9296875,3.558412196e-13,1.329966328e-13,6.189510064e-13,3.787833789e-13,6.229382051e-13,4.595371299e-13,1.158511166e-13,1.861263173e-13,2.579550574e-13,1.701067277e-13,2.336152829e-13,2.812675827e-13,1.884366414e-13,4.336563404e-13,3.223617715e-13,3.361347374e-13,4.394286541e-13,2.574033679e-13,2.785946183e-13,4.652217746e-13,1.282734033e-13,1.318988257e-13,2.260796042e-14,1.229140599e-13,5.011035887e-14,6.325769624e-14,4.17072386e-13,1.833924557e-13,7.947255089e-13,4.85523224e-14,4.472393555e-13,4.651369079e-14
69.9375,3.52773484e-13,1.331131813e-13,6.203537632e-13,3.837517659e-13,6.117016123e-13,4.59792114e-13,1.181525741e-13,1.860327955e-13,2.558732175e-13,1.717655128e-13,2.327247155e-13,2.808055228e-13,1.854424391e-13,4.300590705e-13,3.270498538e-13,3.419801152e-13,4.433237686e-13,2.56522848e-13,2.783111868e-13,4.564895499e-13,1.27451028e-13,1.300982623e-13,2.251517098e-14,1.22571262e-13,5.136799621e-14,6.271768624e-14,4.212592739e-13,1.822277918e-13,7.95185593e-13,4.891553028e-14,4.480175014e-13,4.632662927e-14
69.9453125,3.496717223e-13,1.333863398e-13,6.216399088e-13,3.887913406e-13,6.003578465e-13,4.600320774e-13,1.204820938e-13,1.860343871e-13,2.537598308e-13,1.734464266e-13,2.317793469e-13,2.802983933e-13,1.824706549e-13,4.262890199e-13,3.319099877e-13,3.480105781e-13,4.472461035e-13,2.556386045e-13,2.780958109e-13,4.477564236e-13,1.266349056e-13,1.282589022e-13,2.241847429e-14,1.222271205e-13,5.265092937e-14,6.217802165e-14,4.253916444e-13,1.812075833e-13,7.953357411e-13,4.928630018e-14,4.487503777e-13,4.615616617e-14
69.953125,3.466015855e-13,1.336816345e-13,6.227711483e-13,3.939013557e-13,5.889740442e-13,4.601817007e-13,1.228592055e-13,1.861808984e-13,2.51641715e-13,1.751776188e-13,2.307188622e-13,2.797483055e-13,1.793994567e-13,4.224349713e-13,3.370186141e-13,3.543727501e-13,4.512461072e-13,2.548146093e-13,2.778671109e-13,4.392003231e-13,1.257626806e-13,1.263575582e-13,2.233105985e-14,1.218627161e-13,5.397642896e-14,6.166260175e-14,4.293776598e-13,1.802150633e-13,7.952246367e-13,4.96865042e-14,4.494989786e-13,4.598954244e-14
69.9609375,3.435831993e-13,1.33874823e-13,6.238721248e-13,3.990396105e-13,5.774654877e-13,4.603085496e-13,1.252658561e-13,1.864510223e-13,2.495680139e-13,1.769891364e-13,2.29534054e-13,2.792228497e-13,1.763261299e-13,4.186180589e-13,3.422020385e-13,3.607861855e-13,4.553246033e-13,2.540023149e-13,2.776030585e-13,4.305688546e-13,1.24944796e-13,1.244161747e-13,2.224494895e-14,1.215911501e-13,5.533766256e-14,6.109932054e-14,4.332502156e-13,1.792048778e-13,7.950562193e-13,5.011311799e-14,4.504178337e-13,4.581179762e-14
69.96875,3.406034198e-13,1.339355039e-13,6.250092321e-13,4.043104186e-13,5.657578979e-13,4.604899325e-13,1.276698812e-13,1.867524296e-13,2.474949511e-13,1.788215891e-13,2.282437191e-13,2.787014446e-13,1.73278962e-13,4.146701393e-13,3.474142082e-13,3.672296471e-13,4.594750625e-13,2.531885294e-13,2.77322544e-13,4.217859149e-13,1.241973739e-13,1.224436242e-13,2.215300155e-14,1.213902066e-13,5.672187095e-14,6.048652066e-14,4.369867226e-13,1.781487822e-13,7.945842284e-13,5.055884631e-14,4.515302392e-13,4.56204098e-14
69.9765625,3.373118279e-13,1.339848526e-13,6.262665278e-13,4.098112056e-13,5.538684092e-13,4.605597039e-13,1.300522443e-13,1.871283262e-13,2.454339199e-13,1.805989289e-13,2.269110653e-13,2.782342075e-13,1.701667088e-13,4.10535759e-13,3.528809078e-13,3.740685885e-13,4.637114518e-13,2.52421889e-13,2.769652976e-13,4.131599616e-13,1.234656347e-13,1.204165699e-13,2.206444844e-14,1.21228015e-13,5.81384073e-14,5.989045958e-14,4.407707273e-13,1.769977869e-13,7.939470682e-13,5.10240235e-14,4.528659241e-13,4.541043998e-14
69.984375,3.336682012e-13,1.340484095e-13,6.275942495e-13,4.152318887e-13,5.419074096e-13,4.60458669e-13,1.324344564e-13,1.877047375e-13,2.434648646e-13,1.824545516e-13,2.256156078e-13,2.778608591e-13,1.670639569e-13,4.064886354e-13,3.586021153e-13,3.812273137e-13,4.680611393e-13,2.516755556e-13,2.765601104e-13,4.046610398e-13,1.228149953e-13,1.183430222e-13,2.197945958e-14,1.211699435e-13,5.960475514e-14,5.928064775e-14,4.44599204e-13,1.758740267e-13,7.933847493e-13,5.150341003e-14,4.543277768e-13,4.519005147e-14
69.9921875,3.302021321e-13,1.339111362e-13,6.287065851e-13,4.20302101e-13,5.299738148e-13,4.603968102e-13,1.348709483e-13,1.884746425e-13,2.415564412e-13,1.844985862e-13,2.242949139e-13,2.77428834e-13,1.640543562e-13,4.025719509e-13,3.64386043e-13,3.884435284e-13,4.725844348e-13,2.509395841e-13,2.76206198e-13,3.962342889e-13,1.222260846e-13,1.162431077e-13,2.18977673e-14,1.211795961e-13,6.114067646e-14,5.862521104e-14,4.481199507e-13,1.7485154e-13,7.925595977e-13,5.19838548e-14,4.557245338e-13,4.498268758e-14
70,3.270133627e-13,1.336716798e-13,6.29593208e-13,4.253171534e-13,5.180070371e-13,4.60429308e-13,1.37354878e-13,1.893482101e-13,2.396624239e-13,1.865695441e-13,2.228303592e-13,2.76905838e-13,1.610366602e-13,3.985072148e-13,3.702241657e-13,3.957752123e-13,4.772308168e-13,2.502510655e-13,2.758630453e-13,3.881117848e-13,1.2161756e-13,1.141228701e-13,2.182355946e-14,1.212079441e-13,6.273956227e-14,5.800318465e-14,4.513553839e-13,1.73775725e-13,7.913904127e-13,5.246446038e-14,4.571478273e-13,4.479926358e-14
70.0078125,3.237917635e-13,1.336957704e-13,6.306279889e-13,4.305010649e-13,5.060015461e-13,4.604541438e-13,1.398243814e-13,1.902985406e-13,2.378616558e-13,1.885907909e-13,2.213161734e-13,2.765095928e-13,1.579750828e-13,3.943374224e-13,3.762076768e-13,4.032120274e-13,4.818773213e-13,2.496210772e-13,2.754834669e-13,3.801658596e-13,1.211024669e-13,1.120120047e-13,2.174796465e-14,1.213033054e-13,6.436936281e-14,5.74445976e-14,4.546049255e-13,1.725926224e-13,7.902110463e-13,5.296926061e-14,4.588533616e-13,4.462644213e-14
70.015625,3.204568786e-13,1.337695382e-13,6.318988836e-13,4.355471304e-13,4.940302398e-13,4.604030967e-13,1.422687834e-13,1.913648435e-13,2.361725129e-13,1.906878071e-13,2.198580521e-13,2.762840422e-13,1.549358144e-13,3.903014229e-13,3.82316083e-13,4.106618009e-13,4.865096569e-13,2.490086385e-13,2.750646177e-13,3.721528106e-13,1.207595697e-13,1.098963627e-13,2.167342436e-14,1.214424826e-13,6.602110992e-14,5.687646363e-14,4.578652173e-13,1.713720933e-13,7.889571426e-13,5.351060272e-14,4.608660865e-13,4.443818357e-14
70.0234375,3.169035749e-13,1.334689769e-13,6.330311171e-13,4.403027123e-13,4.819631864e-13,4.601008224e-13,1.446931501e-13,1.925725979e-13,2.344978817e-13,1.92844824e-13,2.182758727e-13,2.760260778e-13,1.518892164e-13,3.862418936e-13,3.883743301e-13,4.181610369e-13,4.911071553e-13,2.483205863e-13,2.744989477e-13,3.64335693e-13,1.204508299e-13,1.076959055e-13,2.162063837e-14,1.216028755e-13,6.76913599e-14,5.629021305e-14,4.610607612e-13,1.70065548e-13,7.873835411e-13,5.407685301e-14,4.629732221e-13,4.422766125e-14
70.03125,3.131290306e-13,1.330871857e-13,6.33825185e-13,4.450521194e-13,4.698039181e-13,4.59523986e-13,1.470832382e-13,1.938694085e-13,2.328576339e-13,1.950087099e-13,2.16506607e-13,2.756956986e-13,1.488269978e-13,3.820466347e-13,3.942720885e-13,4.256488515e-13,4.956535845e-13,2.475871275e-13,2.737794449e-13,3.568550661e-13,1.201348794e-13,1.054410005e-13,2.158360239e-14,1.218449208e-13,6.93631029e-14,5.573938658e-14,4.641607443e-13,1.687315035e-13,7.855205495e-13,5.46845106e-14,4.650704115e-13,4.401455362e-14
70.0390625,3.094851815e-13,1.32986481e-13,6.345096578e-13,4.498857211e-13,4.578703944e-13,4.590530221e-13,1.494823326e-13,1.952202057e-13,2.313648154e-13,1.972800238e-13,2.14827517e-13,2.75453592e-13,1.458383471e-13,3.780277269e-13,4.002377481e-13,4.331121547e-13,5.002774768e-13,2.469476986e-13,2.730988643e-13,3.49394152e-13,1.199298129e-13,1.032596664e-13,2.153675345e-14,1.221371595e-13,7.105047552e-14,5.520053217e-14,4.670765628e-13,1.676063231e-13,7.835444704e-13,5.534864656e-14,4.673898261e-13,4.379993621e-14
70.046875,3.05984314e-13,1.328470081e-13,6.352103079e-13,4.545741733e-13,4.460911433e-13,4.588513945e-13,1.519199554e-13,1.967092432e-13,2.29982356e-13,1.99633299e-13,2.132590151e-13,2.753066156e-13,1.42915131e-13,3.741732778e-13,4.065488648e-13,4.407842815e-13,5.050415435e-13,2.463312379e-13,2.724897962e-13,3.419081128e-13,1.198542843e-13,1.011289195e-13,2.147976495e-14,1.224522828e-13,7.278343466e-14,5.461771248e-14,4.699198074e-13,1.666204657e-13,7.815528521e-13,5.602658621e-14,4.700459926e-13,4.356449244e-14
70.0546875,3.022381522e-13,1.323681967e-13,6.35767035e-13,4.590709565e-13,4.34100876e-13,4.585399722e-13,1.543232505e-13,1.98375888e-13,2.285954193e-13,2.019419894e-13,2.115208804e-13,2.751277536e-13,1.399668334e-13,3.701123148e-13,4.131208546e-13,4.487580734e-13,5.098485238e-13,2.456167556e-13,2.717765152e-13,3.346648844e-13,1.198610731e-13,9.891508664e-14,2.142830283e-14,1.228638968e-13,7.45572966e-14,5.401541571e-14,4.728362267e-13,1.65438981e-13,7.793099391e-13,5.670672477e-14,4.727131407e-13,4.331348207e-14
70.0625,2.982878196e-13,1.31706834e-13,6.362061938e-13,4.635443683e-13,4.221677927e-13,4.579142064e-13,1.566770027e-13,2.001339407e-13,2.272708521e-13,2.043012911e-13,2.096685098e-13,2.749905914e-13,1.370187401e-13,3.660498051e-13,4.197353815e-13,4.56842235e-13,5.145915596e-13,2.449503226e-13,2.709276371e-13,3.277430329e-13,1.199704844e-13,9.664513969e-14,2.13858222e-14,1.233565371e-13,7.63506863e-14,5.344965272e-14,4.757215634e-13,1.641108963e-13,7.766542505e-13,5.743517967e-14,4.753133629e-13,4.306519973e-14
70.0703125,2.945526227e-13,1.31022799e-13,6.366787963e-13,4.680186513e-13,4.10765451e-13,4.573049e-13,1.590799089e-13,2.019696033e-13,2.261556933e-13,2.068133281e-13,2.078757689e-13,2.750221428e-13,1.341565639e-13,3.624179483e-13,4.263756113e-13,4.64928772e-13,5.192107395e-13,2.444421211e-13,2.700939387e-13,3.21153661e-13,1.201819919e-13,9.445539121e-14,2.13406487e-14,1.239193698e-13,7.815766935e-14,5.291226953e-14,4.784883192e-13,1.62949664e-13,7.73944234e-13,5.81919274e-14,4.78155718e-13,4.282647373e-14
70.078125,2.911129696e-13,1.304061651e-13,6.370336818e-13,4.724009713e-13,3.995622937e-13,4.569360305e-13,1.615219381e-13,2.039263539e-13,2.251795033e-13,2.093249693e-13,2.05988722e-13,2.750765851e-13,1.313338674e-13,3.589074713e-13,4.331520694e-13,4.73140641e-13,5.238687908e-13,2.440027781e-13,2.693474028e-13,3.148420208e-13,1.204411271e-13,9.233588457e-14,2.128198643e-14,1.246035494e-13,7.9991903e-14,5.235743048e-14,4.810856379e-13,1.618694443e-13,7.712019632e-13,5.891874137e-14,4.811752324e-13,4.259894178e-14
70.0859375,2.87657196e-13,1.299288923e-13,6.371841737e-13,4.767068964e-13,3.880753477e-13,4.565711475e-13,1.638698415e-13,2.059565895e-13,2.241818765e-13,2.117339745e-13,2.039930996e-13,2.750436161e-13,1.284652562e-13,3.55084168e-13,4.400900176e-13,4.815150216e-13,5.288302844e-13,2.436312419e-13,2.686377015e-13,3.085109719e-13,1.20740385e-13,9.018832782e-14,2.122296894e-14,1.252868473e-13,8.186829453e-14,5.179700892e-14,4.834976375e-13,1.606374506e-13,7.680150067e-13,5.963252063e-14,4.841923569e-13,4.236322252e-14
70.09375,2.84065224e-13,1.294281572e-13,6.373491183e-13,4.809685744e-13,3.766243779e-13,4.560446112e-13,1.661216485e-13,2.080541853e-13,2.232239094e-13,2.141655548e-13,2.021256342e-13,2.750619766e-13,1.256513916e-13,3.512044178e-13,4.470623397e-13,4.898249689e-13,5.339347148e-13,2.43365396e-13,2.679547326e-13,3.021545299e-13,1.211141635e-13,8.802801778e-14,2.118560894e-14,1.258897078e-13,8.377980705e-14,5.130162283e-14,4.859781466e-13,1.594211428e-13,7.64628403e-13,6.037177958e-14,4.873683584e-13,4.209513852e-14
70.1015625,2.805438893e-13,1.287262784e-13,6.374053483e-13,4.851055284e-13,3.655919848e-13,4.554537592e-13,1.68371674e-13,2.102886219e-13,2.224236648e-13,2.166832255e-13,2.003007577e-13,2.750967186e-13,1.229816912e-13,3.474690508e-13,4.539486657e-13,4.979896642e-13,5.387862507e-13,2.430835261e-13,2.673029533e-13,2.962040655e-13,1.215618903e-13,8.589419444e-14,2.116446929e-14,1.265697055e-13,8.57110551e-14,5.089631223e-14,4.885122332e-13,1.583634494e-13,7.61238786e-13,6.114078671e-14,4.905694578e-13,4.181597737e-14
70.109375,2.770896007e-13,1.278822644e-13,6.369638434e-13,4.89004249e-13,3.54710489e-13,4.547156474e-13,1.705655028e-13,2.126179723e-13,2.217137227e-13,2.191781099e-13,1.983065693e-13,2.749872624e-13,1.202618102e-13,3.435465135e-13,4.607072857e-13,5.061920208e-13,5.433322139e-13,2.42646072e-13,2.666033605e-13,2.906984319e-13,1.220639775e-13,8.374006801e-14,2.11371035e-14,1.273440309e-13,8.764648667e-14,5.05307938e-14,4.905746443e-13,1.572385852e-13,7.57186996e-13,6.193703702e-14,4.934705799e-13,4.155965204e-14
70.1171875,2.735678384e-13,1.269860356e-13,6.3622225e-13,4.926044828e-13,3.438824726e-13,4.537697923e-13,1.7261884e-13,2.149585629e-13,2.210432414e-13,2.215725306e-13,1.962887802e-13,2.748744799e-13,1.174030387e-13,3.394528795e-13,4.672734253e-13,5.143545498e-13,5.477405558e-13,2.421029362e-13,2.658698073e-13,2.852442581e-13,1.226342872e-13,8.158937324e-14,2.109374905e-14,1.281144402e-13,8.956479391e-14,5.015983028e-14,4.921846641e-13,1.5598091e-13,7.524354911e-13,6.274413309e-14,4.963128955e-13,4.13258864e-14
70.125,2.702380805e-13,1.261594902e-13,6.356471168e-13,4.960413621e-13,3.335262564e-13,4.529511455e-13,1.746119562e-13,2.173184642e-13,2.204768847e-13,2.238825958e-13,1.944107585e-13,2.748997223e-13,1.147074838e-13,3.35683389e-13,4.737060971e-13,5.222685917e-13,5.521531311e-13,2.416787927e-13,2.652605783e-13,2.797291919e-13,1.232955307e-13,7.954238935e-14,2.104581867e-14,1.289340677e-13,9.14805952e-14,4.977682269e-14,4.939432592e-13,1.547969342e-13,7.477764839e-13,6.355219303e-14,4.993771826e-13,4.110494052e-14
70.1328125,2.672078571e-13,1.254942258e-13,6.351197204e-13,4.995674146e-13,3.236036202e-13,4.523757271e-13,1.76590102e-13,2.197173401e-13,2.200054606e-13,2.261414816e-13,1.925579448e-13,2.749355742e-13,1.122826335e-13,3.322080852e-13,4.802440405e-13,5.301314808e-13,5.56697693e-13,2.414739638e-13,2.647759447e-13,2.742586259e-13,1.240286885e-13,7.756048817e-14,2.101848706e-14,1.29785128e-13,9.34419111e-14,4.938738084e-14,4.958460487e-13,1.536490214e-13,7.432479113e-13,6.43826478e-14,5.024670296e-13,4.087442242e-14
70.140625,2.640551185e-13,1.247446505e-13,6.342777114e-13,5.030647117e-13,3.135922038e-13,4.517250624e-13,1.784818705e-13,2.221735818e-13,2.195815743e-13,2.284004807e-13,1.906291759e-13,2.749283288e-13,1.098229344e-13,3.285468349e-13,4.869274753e-13,5.381762703e-13,5.614031422e-13,2.413135813e-13,2.64276367e-13,2.689369025e-13,1.247901108e-13,7.553733921e-14,2.101888574e-14,1.305977024e-13,9.544817367e-14,4.900728828e-14,4.975035415e-13,1.523436865e-13,7.384460911e-13,6.524077789e-14,5.054647895e-13,4.060243216e-14
70.1484375,2.607607403e-13,1.237928513e-13,6.331127362e-13,5.061834085e-13,3.034989911e-13,4.509330837e-13,1.803041005e-13,2.246782393e-13,2.192065319e-13,2.306499617e-13,1.886889351e-13,2.74893705e-13,1.072509569e-13,3.247047218e-13,4.935768473e-13,5.462861149e-13,5.66224834e-13,2.411292272e-13,2.637886359e-13,2.639738868e-13,1.255604953e-13,7.350410432e-14,2.102493236e-14,1.314318895e-13,9.745452479e-14,4.866747136e-14,4.989850117e-13,1.509706287e-13,7.334490165e-13,6.611657607e-14,5.084170332e-13,4.031937699e-14
70.15625,2.577599416e-13,1.229983168e-13,6.318315165e-13,5.090082421e-13,2.937148928e-13,4.501146467e-13,1.820844597e-13,2.271308275e-13,2.188688114e-13,2.327564077e-13,1.868298335e-13,2.748107464e-13,1.047750202e-13,3.210091238e-13,5.001840996e-13,5.543794456e-13,5.711060551e-13,2.411074795e-13,2.633971837e-13,2.59389817e-13,1.263654436e-13,7.152801528e-14,2.102484979e-14,1.322756858e-13,9.94543009e-14,4.840083214e-14,5.004224194e-13,1.497076375e-13,7.283483797e-13,6.701087599e-14,5.113355863e-13,4.009472143e-14
70.1640625,2.549741629e-13,1.223575823e-13,6.30649686e-13,5.117412545e-13,2.84287479e-13,4.492483715e-13,1.837489909e-13,2.295406894e-13,2.186265987e-13,2.347173725e-13,1.850579938e-13,2.748446225e-13,1.023971335e-13,3.175192366e-13,5.06855837e-13,5.624900191e-13,5.759511347e-13,2.412669662e-13,2.630591602e-13,2.549776023e-13,1.272640377e-13,6.96021771e-14,2.102615198e-14,1.331363356e-13,1.01476467e-13,4.820369174e-14,5.017274581e-13,1.484737145e-13,7.231619649e-13,6.791435608e-14,5.144438273e-13,3.992582552e-14
70.171875,2.520913602e-13,1.21470613e-13,6.295440163e-13,5.142706183e-13,2.751307331e-13,4.484791076e-13,1.852989302e-13,2.320542935e-13,2.185571968e-13,2.367350216e-13,1.83299729e-13,2.750337277e-13,1.000649879e-13,3.141775679e-13,5.135196171e-13,5.704634967e-13,5.807286723e-13,2.414011689e-13,2.62777949e-13,2.507133974e-13,1.282851425e-13,6.773070514e-14,2.103172956e-14,1.341120563e-13,1.035191695e-13,4.801824722e-14,5.029734193e-13,1.471538301e-13,7.179658011e-13,6.884151441e-14,5.177760171e-13,3.975047738e-14
70.1796875,2.491833095e-13,1.20526167e-13,6.280695379e-13,5.166856336e-13,2.662148619e-13,4.478283731e-13,1.867570851e-13,2.346339297e-13,2.185473683e-13,2.387993136e-13,1.815236956e-13,2.750371741e-13,9.787174131e-14,3.108876403e-13,5.200082977e-13,5.781283968e-13,5.854127027e-13,2.414164352e-13,2.626082756e-13,2.466243346e-13,1.293736013e-13,6.590969448e-14,2.104673151e-14,1.350393765e-13,1.05537891e-13,4.781482575e-14,5.041889075e-13,1.458086567e-13,7.124970218e-13,6.98307058e-14,5.208148778e-13,3.953501465e-14
70.1875,2.462913897e-13,1.198353972e-13,6.260215616e-13,5.191389277e-13,2.573746286e-13,4.469419882e-13,1.880312271e-13,2.371542122e-13,2.185082941e-13,2.406567589e-13,1.797615388e-13,2.748198927e-13,9.574096509e-14,3.074395888e-13,5.26322921e-13,5.856436187e-13,5.899310931e-13,2.413607897e-13,2.624585808e-13,2.426999075e-13,1.304657554e-13,6.408181556e-14,2.107521357e-14,1.35785927e-13,1.075079069e-13,4.764492475e-14,5.05174529e-13,1.444168716e-13,7.065114582e-13,7.085230068e-14,5.234701815e-13,3.928961325e-14
70.1953125,2.433641645e-13,1.190570097e-13,6.238404295e-13,5.21322149e-13,2.485837539e-13,4.458413612e-13,1.891236143e-13,2.396701926e-13,2.185381811e-13,2.422692663e-13,1.780127549e-13,2.747423086e-13,9.350399768e-14,3.038189326e-13,5.326122549e-13,5.932459396e-13,5.943857487e-13,2.413169835e-13,2.622370289e-13,2.390881544e-13,1.315767551e-13,6.224293193e-14,2.110251489e-14,1.365873095e-13,1.094574945e-13,4.754675858e-14,5.059739029e-13,1.428478087e-13,7.001851416e-13,7.185075126e-14,5.26388787e-13,3.905343964e-14
70.203125,2.406536586e-13,1.180637353e-13,6.217904481e-13,5.231976532e-13,2.400540486e-13,4.449256737e-13,1.901441074e-13,2.421914004e-13,2.186150536e-13,2.437972244e-13,1.762727685e-13,2.74790139e-13,9.127025105e-14,3.002297425e-13,5.388941952e-13,6.007468828e-13,5.98860092e-13,2.413863839e-13,2.620782721e-13,2.357050668e-13,1.327475332e-13,6.046108097e-14,2.111641804e-14,1.374789077e-13,1.114039117e-13,4.749828681e-14,5.0681353e-13,1.412052027e-13,6.937075068e-13,7.28522295e-14,5.297061039e-13,3.886914919e-14
70.2109375,2.383428824e-13,1.172542252e-13,6.196232963e-13,5.252215791e-13,2.31848123e-13,4.442251166e-13,1.910881158e-13,2.446075049e-13,2.186581202e-13,2.453098663e-13,1.745421124e-13,2.747174701e-13,8.922545294e-14,2.967888969e-13,5.450476139e-13,6.078255817e-13,6.031887321e-13,2.415829563e-13,2.621409287e-13,2.322186448e-13,1.339823697e-13,5.876972365e-14,2.112126781e-14,1.382804496e-13,1.133203043e-13,4.74737759e-14,5.076090461e-13,1.39725752e-13,6.872449345e-13,7.389765352e-14,5.328669221e-13,3.873189269e-14
70.21875,2.361644261e-13,1.166038109e-13,6.171560392e-13,5.27274112e-13,2.23923267e-13,4.435697354e-13,1.919412627e-13,2.469466658e-13,2.187863737e-13,2.468363807e-13,1.727836864e-13,2.745691499e-13,8.731473981e-14,2.935072686e-13,5.510623726e-13,6.146296991e-13,6.073656709e-13,2.41789366e-13,2.623321006e-13,2.287469129e-13,1.352709516e-13,5.714593558e-14,2.112173266e-14,1.391038374e-13,1.151999995e-13,4.744506295e-14,5.081606333e-13,1.38398067e-13,6.808710101e-13,7.496705873e-14,5.35712403e-13,3.859408439e-14
70.2265625,2.338483193e-13,1.157891664e-13,6.143284793e-13,5.287894934e-13,2.163072574e-13,4.428719997e-13,1.927580036e-13,2.492821915e-13,2.190468842e-13,2.483634285e-13,1.710363969e-13,2.744077666e-13,8.538483741e-14,2.903023036e-13,5.569433518e-13,6.213710915e-13,6.115561364e-13,2.419231812e-13,2.624545296e-13,2.256263637e-13,1.366009398e-13,5.555276306e-14,2.112014936e-14,1.400204268e-13,1.170648915e-13,4.738954381e-14,5.084693381e-13,1.370486831e-13,6.741973169e-13,7.60450386e-14,5.38531774e-13,3.842602589e-14
70.234375,2.315234437e-13,1.149023286e-13,6.112093684e-13,5.297730496e-13,2.089474583e-13,4.420437564e-13,1.935017558e-13,2.515923385e-13,2.193335149e-13,2.497930071e-13,1.693940955e-13,2.742064661e-13,8.339229018e-14,2.870672914e-13,5.625850927e-13,6.278490511e-13,6.156874511e-13,2.420438118e-13,2.624989094e-13,2.227713363e-13,1.379626129e-13,5.398051653e-14,2.111656592e-14,1.408969456e-13,1.189079788e-13,4.734899232e-14,5.086049165e-13,1.356166843e-13,6.670111714e-13,7.716651166e-14,5.414413085e-13,3.824120653e-14
70.2421875,2.294589538e-13,1.141110111e-13,6.082099117e-13,5.306031577e-13,2.017687001e-13,4.412286536e-13,1.941131823e-13,2.538593988e-13,2.196433673e-13,2.511413838e-13,1.678138513e-13,2.740393311e-13,8.141144307e-14,2.838679018e-13,5.680236024e-13,6.339724891e-13,6.196567784e-13,2.422130362e-13,2.626185087e-13,2.199362378e-13,1.393582839e-13,5.24567844e-14,2.11102234e-14,1.417567341e-13,1.207151388e-13,4.739241578e-14,5.087082601e-13,1.34172496e-13,6.597488849e-13,7.837173309e-14,5.443652892e-13,3.807650538e-14
70.25,2.276477701e-13,1.133044748e-13,6.054353617e-13,5.3143593e-13,1.947974845e-13,4.40576723e-13,1.946138795e-13,2.560112555e-13,2.199392086e-13,2.524704305e-13,1.662593364e-13,2.738372534e-13,7.953680791e-14,2.807525388e-13,5.733852419e-13,6.399133601e-13,6.234964997e-13,2.423920878e-13,2.629085671e-13,2.170537855e-13,1.407732103e-13,5.098533931e-14,2.111219018e-14,1.425739865e-13,1.224957847e-13,4.751963851e-14,5.089243651e-13,1.328014078e-13,6.526151254e-13,7.964158467e-14,5.471446225e-13,3.795308205e-14
70.2578125,2.258595696e-13,1.124462489e-13,6.023506993e-13,5.322133406e-13,1.88072331e-13,4.398433668e-13,1.949906618e-13,2.579713036e-13,2.201236349e-13,2.536626466e-13,1.648605468e-13,2.734082945e-13,7.777851028e-14,2.776091925e-13,5.785526198e-13,6.455687982e-13,6.271286122e-13,2.425426019e-13,2.633064564e-13,2.14203557e-13,1.42188807e-13,4.953583619e-14,2.113127779e-14,1.43227618e-13,1.242189044e-13,4.765157536e-14,5.090808214e-13,1.314819075e-13,6.45293467e-13,8.089593512e-14,5.49603265e-13,3.785095993e-14
70.265625,2.240207419e-13,1.116790835e-13,5.986666282e-13,5.327476988e-13,1.816197902e-13,4.389055622e-13,1.952188932e-13,2.59860188e-13,2.20303904e-13,2.546511953e-13,1.636001751e-13,2.728047842e-13,7.608491358e-14,2.744262458e-13,5.832921647e-13,6.50673598e-13,6.304604688e-13,2.426102235e-13,2.636669494e-13,2.114828395e-13,1.436337799e-13,4.810700367e-14,2.115760849e-14,1.4386937e-13,1.258226198e-13,4.771990423e-14,5.089456534e-13,1.301405228e-13,6.376325977e-13,8.209642795e-14,5.517283799e-13,3.774068887e-14
70.2734375,2.222169842e-13,1.110059356e-13,5.945746663e-13,5.32888339e-13,1.753989228e-13,4.379708714e-13,1.95353077e-13,2.617843789e-13,2.205946497e-13,2.55572016e-13,1.622468095e-13,2.721660756e-13,7.441732161e-14,2.712571556e-13,5.875877904e-13,6.552476152e-13,6.335388204e-13,2.424966088e-13,2.639561411e-13,2.088126964e-13,1.451336496e-13,4.671387416e-14,2.118173821e-14,1.446204753e-13,1.273422998e-13,4.776943332e-14,5.086705537e-13,1.287931185e-13,6.297230277e-13,8.330932102e-14,5.536117929e-13,3.761718659e-14
70.28125,2.204183492e-13,1.10235499e-13,5.902410126e-13,5.327676281e-13,1.693191908e-13,4.370968889e-13,1.954178626e-13,2.636456117e-13,2.209119644e-13,2.564661274e-13,1.608200935e-13,2.714874352e-13,7.276145694e-14,2.68091063e-13,5.916694547e-13,6.595317532e-13,6.364385219e-13,2.422736668e-13,2.643148031e-13,2.061949042e-13,1.466510729e-13,4.536223353e-14,2.119541925e-14,1.45302742e-13,1.28867247e-13,4.790766968e-14,5.084268556e-13,1.27442302e-13,6.216388569e-13,8.461627634e-14,5.55377847e-13,3.748298117e-14
70.2890625,2.185923898e-13,1.093369101e-13,5.858463706e-13,5.326477301e-13,1.634260084e-13,4.36265675e-13,1.953459258e-13,2.65401644e-13,2.212039451e-13,2.572293474e-13,1.595703348e-13,2.707582961e-13,7.115611414e-14,2.649825941e-13,5.957135439e-13,6.63693501e-13,6.391815124e-13,2.420789613e-13,2.648174025e-13,2.0387496e-13,1.481680722e-13,4.406883123e-14,2.118159126e-14,1.458548148e-13,1.303647629e-13,4.814571641e-14,5.081011113e-13,1.26041138e-13,6.134401834e-13,8.602676844e-14,5.571695926e-13,3.734743414e-14
70.296875,2.168683958e-13,1.085564537e-13,5.814228703e-13,5.325004989e-13,1.577438832e-13,4.354488404e-13,1.950900266e-13,2.6710854e-13,2.214694046e-13,2.57841798e-13,1.584678509e-13,2.699459328e-13,6.965097565e-14,2.619094026e-13,5.995103509e-13,6.676074542e-13,6.416760532e-13,2.418001612e-13,2.653495217e-13,2.017482437e-13,1.497377679e-13,4.281887258e-14,2.114874147e-14,1.464001781e-13,1.317594785e-13,4.841235225e-14,5.076380483e-13,1.246564491e-13,6.050850569e-13,8.749569536e-14,5.588843123e-13,3.723456968e-14
70.3046875,2.152891806e-13,1.080114494e-13,5.76659923e-13,5.320030097e-13,1.521628174e-13,4.344444176e-13,1.947081829e-13,2.686897867e-13,2.216462078e-13,2.583254635e-13,1.572935716e-13,2.689611153e-13,6.819659053e-14,2.587429334e-13,6.027615512e-13,6.710220855e-13,6.438716233e-13,2.413774513e-13,2.658398329e-13,1.994594679e-13,1.513706924e-13,4.156440132e-14,2.113639575e-14,1.469234396e-13,1.330950719e-13,4.868259791e-14,5.070751525e-13,1.233413127e-13,5.964650575e-13,8.896637673e-14,5.602881208e-13,3.714293314e-14
70.3125,2.137702111e-13,1.075254812e-13,5.715777053e-13,5.310983637e-13,1.467549124e-13,4.333189824e-13,1.942873574e-13,2.70029147e-13,2.217286429e-13,2.586381143e-13,1.560705786e-13,2.678336207e-13,6.673427331e-14,2.555896372e-13,6.056196866e-13,6.739827902e-13,6.459345819e-13,2.410297418e-13,2.66361813e-13,1.971264767e-13,1.529875345e-13,4.032485778e-14,2.114683192e-14,1.473143566e-13,1.344024182e-13,4.896287332e-14,5.063893341e-13,1.219966248e-13,5.876377123e-13,9.041916083e-14,5.615105747e-13,3.704958205e-14
70.3203125,2.124034177e-13,1.069354555e-13,5.665164521e-13,5.300632098e-13,1.4162198e-13,4.32365376e-13,1.937927021e-13,2.711781287e-13,2.217602785e-13,2.588000281e-13,1.54941279e-13,2.666494843e-13,6.531265216e-14,2.525840053e-13,6.083583147e-13,6.766990637e-13,6.479309911e-13,2.407908815e-13,2.669877071e-13,1.949393645e-13,1.545458146e-13,3.915663457e-14,2.1133311e-14,1.476055925e-13,1.356124849e-13,4.924723164e-14,5.056758278e-13,1.206029376e-13,5.787611551e-13,9.190862327e-14,5.6276064e-13,3.696780009e-14
70.328125,2.112776411e-13,1.062399885e-13,5.612922857e-13,5.288914896e-13,1.365640838e-13,4.314064884e-13,1.931351213e-13,2.722560686e-13,2.217239921e-13,2.589422813e-13,1.539132073e-13,2.653587884e-13,6.397644181e-14,2.495345973e-13,6.109057556e-13,6.791489607e-13,6.497003644e-13,2.404619734e-13,2.677371472e-13,1.927035233e-13,1.560694231e-13,3.803373131e-14,2.108953139e-14,1.479330228e-13,1.367349546e-13,4.956476483e-14,5.050066539e-13,1.192750128e-13,5.698705481e-13,9.349483092e-14,5.637965005e-13,3.691741954e-14
70.3359375,2.101187907e-13,1.055572283e-13,5.556225677e-13,5.274196212e-13,1.315064783e-13,4.301554121e-13,1.923694562e-13,2.732588321e-13,2.215844772e-13,2.591167057e-13,1.529426337e-13,2.639001147e-13,6.270485519e-14,2.463340219e-13,6.13134194e-13,6.811536998e-13,6.51140688e-13,2.400202092e-13,2.685539033e-13,1.903588141e-13,1.575469444e-13,3.690154665e-14,2.107126916e-14,1.482579744e-13,1.378488453e-13,4.995067618e-14,5.042146203e-13,1.180473175e-13,5.608956263e-13,9.515060575e-14,5.644455733e-13,3.687915045e-14
70.34375,2.086980774e-13,1.050346817e-13,5.497955383e-13,5.257635848e-13,1.266735179e-13,4.287502874e-13,1.915678834e-13,2.74117533e-13,2.213699873e-13,2.591994167e-13,1.519920616e-13,2.623754433e-13,6.146918483e-14,2.431812454e-13,6.1495618e-13,6.825554637e-13,6.521147515e-13,2.394835887e-13,2.692959934e-13,1.880454336e-13,1.589798523e-13,3.577766547e-14,2.109446209e-14,1.484271242e-13,1.389095093e-13,5.036474771e-14,5.032557508e-13,1.168566138e-13,5.5174623e-13,9.682203628e-14,5.651005912e-13,3.684862356e-14
70.3515625,2.072474395e-13,1.046641197e-13,5.438969726e-13,5.239169247e-13,1.220699654e-13,4.272470343e-13,1.906169717e-13,2.748588919e-13,2.211667728e-13,2.590578824e-13,1.510735065e-13,2.608722944e-13,6.023120072e-14,2.400579894e-13,6.162066354e-13,6.833233545e-13,6.524664976e-13,2.387326408e-13,2.699418223e-13,1.857903589e-13,1.604417711e-13,3.469349758e-14,2.110092364e-14,1.48520883e-13,1.398208841e-13,5.074517444e-14,5.022581532e-13,1.156488367e-13,5.422938725e-13,9.851968734e-14,5.659508288e-13,3.683966056e-14
70.359375,2.059731694e-13,1.043468469e-13,5.375505253e-13,5.218433015e-13,1.175290516e-13,4.25616165e-13,1.894380155e-13,2.755155849e-13,2.209737764e-13,2.586860255e-13,1.503018981e-13,2.592589133e-13,5.901263239e-14,2.366860789e-13,6.170431269e-13,6.836714361e-13,6.524283934e-13,2.378005881e-13,2.70679604e-13,1.83631764e-13,1.619253315e-13,3.364042386e-14,2.10576993e-14,1.486574469e-13,1.406120154e-13,5.110552758e-14,5.011576007e-13,1.144441261e-13,5.325381717e-13,1.002554018e-13,5.665088847e-13,3.682651657e-14
70.3671875,2.047367383e-13,1.040422264e-13,5.308655426e-13,5.198792652e-13,1.131327643e-13,4.241577366e-13,1.881726088e-13,2.76013936e-13,2.206870911e-13,2.581500194e-13,1.496552766e-13,2.574348036e-13,5.791276146e-14,2.331698994e-13,6.178281866e-13,6.837824999e-13,6.523730909e-13,2.36890812e-13,2.716173128e-13,1.815490132e-13,1.633317255e-13,3.262717634e-14,2.100176658e-14,1.487118656e-13,1.413645863e-13,5.149280376e-14,4.999486661e-13,1.132963174e-13,5.228020395e-13,1.020002971e-13,5.665601095e-13,3.68009621e-14
70.375,2.035071222e-13,1.036393781e-13,5.24341586e-13,5.179031684e-13,1.090185108e-13,4.229073343e-13,1.869076057e-13,2.763364118e-13,2.203231746e-13,2.575410241e-13,1.489371721e-13,2.555572379e-13,5.690943039e-14,2.299101895e-13,6.183837377e-13,6.835038457e-13,6.52268878e-13,2.360274698e-13,2.726330393e-13,1.794203933e-13,1.646792576e-13,3.167238556e-14,2.096660038e-14,1.486777328e-13,1.420633758e-13,5.191146227e-14,4.988888886e-13,1.121685412e-13,5.133075104e-13,1.037822723e-13,5.665631298e-13,3.681158607e-14
70.3828125,2.024566845e-13,1.031046212e-13,5.179888396e-13,5.153220573e-13,1.050939497e-13,4.214282386e-13,1.855211364e-13,2.765551682e-13,2.199457577e-13,2.569208027e-13,1.481908279e-13,2.537035342e-13,5.588516409e-14,2.268599194e-13,6.183344647e-13,6.826554801e-13,6.518775768e-13,2.350600759e-13,2.736288742e-13,1.773176509e-13,1.66055618e-13,3.074276493e-14,2.094351634e-14,1.487213216e-13,1.426408786e-13,5.235701271e-14,4.980096949e-13,1.110421044e-13,5.037577448e-13,1.056752599e-13,5.667059998e-13,3.686018507e-14
70.390625,2.015543064e-13,1.027078904e-13,5.11547148e-13,5.123910403e-13,1.012382262e-13,4.196745214e-13,1.83943654e-13,2.766551024e-13,2.194801619e-13,2.561995161e-13,1.476459854e-13,2.517200002e-13,5.48687619e-14,2.237019081e-13,6.178927297e-13,6.813289778e-13,6.511159331e-13,2.339804718e-13,2.746767838e-13,1.7530036e-13,1.674292169e-13,2.981199407e-14,2.091897003e-14,1.48765164e-13,1.43116084e-13,5.283341861e-14,4.970692678e-13,1.100176377e-13,4.938906318e-13,1.07657285e-13,5.667257522e-13,3.689326842e-14
70.3984375,2.005647308e-13,1.025861382e-13,5.050266116e-13,5.096678292e-13,9.752752737e-14,4.179402602e-13,1.822625817e-13,2.766072221e-13,2.189354474e-13,2.55242058e-13,1.472700698e-13,2.496072218e-13,5.395437994e-14,2.204983755e-13,6.173580888e-13,6.796761783e-13,6.499904989e-13,2.32880957e-13,2.758312005e-13,1.731991622e-13,1.687371687e-13,2.891679092e-14,2.088941933e-14,1.486496745e-13,1.435614941e-13,5.330178661e-14,4.960285643e-13,1.090627806e-13,4.839646033e-13,1.096419273e-13,5.66592659e-13,3.690442254e-14
70.40625,1.993766504e-13,1.024874411e-13,4.984675741e-13,5.068717324e-13,9.408716858e-14,4.161668369e-13,1.805183284e-13,2.764937868e-13,2.184152241e-13,2.541261984e-13,1.468922266e-13,2.47501997e-13,5.313649234e-14,2.173662163e-13,6.165203491e-13,6.777162735e-13,6.485055953e-13,2.31675867e-13,2.770201752e-13,1.710498437e-13,1.700066053e-13,2.807582265e-14,2.084307946e-14,1.484465462e-13,1.439587569e-13,5.373377227e-14,4.95006387e-13,1.080463585e-13,4.742771422e-13,1.116411624e-13,5.663940573e-13,3.691032154e-14
70.4140625,1.981305959e-13,1.022554098e-13,4.917737605e-13,5.038127588e-13,9.084435594e-14,4.142458919e-13,1.786622717e-13,2.763469177e-13,2.17837437e-13,2.530249055e-13,1.465010345e-13,2.453375207e-13,5.238124452e-14,2.141573208e-13,6.151502067e-13,6.753673993e-13,6.467174426e-13,2.302881675e-13,2.781868749e-13,1.690624465e-13,1.712801801e-13,2.726517912e-14,2.077108979e-14,1.482391355e-13,1.442420972e-13,5.417255132e-14,4.940090272e-13,1.070578384e-13,4.647493145e-13,1.137374664e-13,5.660671764e-13,3.690192623e-14
70.421875,1.970621224e-13,1.020163586e-13,4.849495858e-13,5.007742377e-13,8.765289702e-14,4.123305983e-13,1.766937159e-13,2.760481538e-13,2.171062563e-13,2.519142088e-13,1.461258072e-13,2.430135181e-13,5.165517327e-14,2.109204923e-13,6.133229472e-13,6.724986991e-13,6.447179971e-13,2.288963891e-13,2.793712459e-13,1.671064597e-13,1.72577988e-13,2.648548895e-14,2.069143957e-14,1.479641248e-13,1.444331266e-13,5.462370527e-14,4.929956505e-13,1.061981116e-13,4.551206593e-13,1.159226976e-13,5.656301811e-13,3.690062191e-14
70.4296875,1.962081077e-13,1.018589057e-13,4.780680223e-13,4.975677152e-13,8.454644391e-14,4.104373355e-13,1.746518594e-13,2.755108789e-13,2.162848392e-13,2.507084639e-13,1.457688446e-13,2.406032408e-13,5.093376586e-14,2.078065924e-13,6.111831378e-13,6.691304762e-13,6.425229814e-13,2.275834384e-13,2.806160174e-13,1.649754636e-13,1.739039936e-13,2.574155943e-14,2.062468874e-14,1.475837521e-13,1.445858586e-13,5.504032435e-14,4.919504332e-13,1.053405431e-13,4.452854312e-13,1.181197478e-13,5.650624799e-13,3.694270528e-14
70.4375,1.953716252e-13,1.017433061e-13,4.711117544e-13,4.939239426e-13,8.160996538e-14,4.084595347e-13,1.725559056e-13,2.748415469e-13,2.15397847e-13,2.494972209e-13,1.454459985e-13,2.381592365e-13,5.025732561e-14,2.046565128e-13,6.089143328e-13,6.655976389e-13,6.401158302e-13,2.261809873e-13,2.819025443e-13,1.628563111e-13,1.751893369e-13,2.501457222e-14,2.056162065e-14,1.471967116e-13,1.446942396e-13,5.547646471e-14,4.908732243e-13,1.044324497e-13,4.354476869e-13,1.203364986e-13,5.642925417e-13,3.699995428e-14
70.4453125,1.943824953e-13,1.01656832e-13,4.64069442e-13,4.901084106e-13,7.881106271e-14,4.063815656e-13,1.704296653e-13,2.741754525e-13,2.144465945e-13,2.483423022e-13,1.451205739e-13,2.356546174e-13,4.962814934e-14,2.013699856e-13,6.065526983e-13,6.62120433e-13,6.375325695e-13,2.246473748e-13,2.831626425e-13,1.6095735e-13,1.763489944e-13,2.430187275e-14,2.049198928e-14,1.468852572e-13,1.4473138e-13,5.602472588e-14,4.898079768e-13,1.035703182e-13,4.258038605e-13,1.226405365e-13,5.635101609e-13,3.702718115e-14
70.453125,1.932389826e-13,1.016697695e-13,4.570208836e-13,4.862527061e-13,7.614329786e-14,4.041263704e-13,1.682744967e-13,2.734241019e-13,2.134727372e-13,2.471106551e-13,1.447868594e-13,2.331021714e-13,4.89923575e-14,1.981265781e-13,6.037289007e-13,6.583233804e-13,6.346593785e-13,2.230684001e-13,2.84324564e-13,1.591305132e-13,1.774436782e-13,2.360746498e-14,2.042834575e-14,1.465403569e-13,1.446737172e-13,5.662681828e-14,4.887850121e-13,1.027758844e-13,4.162561215e-13,1.250264753e-13,5.628698576e-13,3.704506444e-14
70.4609375,1.920851321e-13,1.017677983e-13,4.50066345e-13,4.822020752e-13,7.365169985e-14,4.017003814e-13,1.660503083e-13,2.724552713e-13,2.124505432e-13,2.457426208e-13,1.445219171e-13,2.305405317e-13,4.837340623e-14,1.95043764e-13,6.002016902e-13,6.537792812e-13,6.312698608e-13,2.214284428e-13,2.854079e-13,1.571900934e-13,1.786211592e-13,2.293173212e-14,2.037175961e-14,1.4606384e-13,1.444972816e-13,5.717058907e-14,4.877657359e-13,1.020537478e-13,4.06726747e-13,1.274673046e-13,5.622641361e-13,3.709519812e-14
70.46875,1.910221503e-13,1.017881675e-13,4.432558991e-13,4.779323927e-13,7.131270868e-14,3.992798272e-13,1.637578712e-13,2.713675509e-13,2.113776052e-13,2.443349717e-13,1.443106077e-13,2.279915171e-13,4.77973238e-14,1.920922591e-13,5.963064917e-13,6.487623698e-13,6.274658167e-13,2.197121455e-13,2.86506726e-13,1.551627132e-13,1.798714894e-13,2.229761346e-14,2.030759879e-14,1.455707503e-13,1.44225487e-13,5.768394837e-14,4.867185895e-13,1.013960965e-13,3.972407499e-13,1.300022154e-13,5.616592542e-13,3.716066251e-14
70.4765625,1.898786372e-13,1.017295823e-13,4.364996294e-13,4.734428452e-13,6.909804791e-14,3.967665847e-13,1.61419518e-13,2.702554467e-13,2.102972873e-13,2.428585123e-13,1.440853798e-13,2.254334632e-13,4.723432932e-14,1.891200503e-13,5.923241387e-13,6.437208515e-13,6.234576251e-13,2.17888944e-13,2.87628196e-13,1.531248943e-13,1.810418856e-13,2.170535422e-14,2.024068976e-14,1.451281687e-13,1.439063826e-13,5.82669948e-14,4.856918793e-13,1.006746165e-13,3.87658916e-13,1.326347506e-13,5.610196035e-13,3.71970537e-14
70.484375,1.885001752e-13,1.017713456e-13,4.295771459e-13,4.688334445e-13,6.701421603e-14,3.939279394e-13,1.590015156e-13,2.690330959e-13,2.091407166e-13,2.412017373e-13,1.438832943e-13,2.227888454e-13,4.672170143e-14,1.859648169e-13,5.880610167e-13,6.384950587e-13,6.190587407e-13,2.158553667e-13,2.887145098e-13,1.511170567e-13,1.820975946e-13,2.111460234e-14,2.018350973e-14,1.446265094e-13,1.435248792e-13,5.891843019e-14,4.847694825e-13,9.985853492e-14,3.779444096e-13,1.352907886e-13,5.602266866e-13,3.721628675e-14
70.4921875,1.870818426e-13,1.018721052e-13,4.224272773e-13,4.643241569e-13,6.50412186e-14,3.909099545e-13,1.564992154e-13,2.677005401e-13,2.078545147e-13,2.394430034e-13,1.437176618e-13,2.200119703e-13,4.629193088e-14,1.827723846e-13,5.833751463e-13,6.327908854e-13,6.141463671e-13,2.136541297e-13,2.898087222e-13,1.491770352e-13,1.831377161e-13,2.052198112e-14,2.013224344e-14,1.440375356e-13,1.430413818e-13,5.954594408e-14,4.839293573e-13,9.910471771e-14,3.68322491e-13,1.379519991e-13,5.59370751e-13,3.726084442e-14
70.5,1.857860886e-13,1.018956378e-13,4.152706101e-13,4.597514785e-13,6.319736733e-14,3.879298508e-13,1.539823594e-13,2.663646444e-13,2.065350938e-13,2.377146775e-13,1.43526837e-13,2.171565576e-13,4.588622358e-14,1.797654173e-13,5.784015708e-13,6.267599938e-13,6.090451205e-13,2.114256201e-13,2.909763353e-13,1.473347653e-13,1.841911094e-13,1.99617582e-14,2.007934982e-14,1.434798146e-13,1.424772898e-13,6.012665519e-14,4.830220386e-13,9.845436859e-14,3.588658233e-13,1.40667085e-13,5.585252003e-13,3.731744243e-14
70.5078125,1.84499019e-13,1.019427686e-13,4.08248099e-13,4.548362634e-13,6.152934944e-14,3.850016203e-13,1.514810432e-13,2.650155183e-13,2.052406388e-13,2.359837873e-13,1.433513469e-13,2.14308856e-13,4.549960227e-14,1.768034555e-13,5.732181173e-13,6.206072705e-13,6.039185122e-13,2.091547756e-13,2.921741125e-13,1.456036497e-13,1.852079096e-13,1.944462119e-14,2.001655971e-14,1.430304963e-13,1.418625771e-13,6.073553428e-14,4.820205039e-13,9.782325927e-14,3.495202674e-13,1.434428985e-13,5.57557811e-13,3.735264198e-14
70.515625,1.831677784e-13,1.020689402e-13,4.012719117e-13,4.497987677e-13,5.997518644e-14,3.821749922e-13,1.48976914e-13,2.635863838e-13,2.038957178e-13,2.34188892e-13,1.432706306e-13,2.114702183e-13,4.518744751e-14,1.736788825e-13,5.678433934e-13,6.143452501e-13,5.98568034e-13,2.067864755e-13,2.933830566e-13,1.439210908e-13,1.861676188e-13,1.896230318e-14,1.993395412e-14,1.425973717e-13,1.411924509e-13,6.138856191e-14,4.811299315e-13,9.725432273e-14,3.403952454e-13,1.462552119e-13,5.564916793e-13,3.738738599e-14
70.5234375,1.818393724e-13,1.021691773e-13,3.943285028e-13,4.448044152e-13,5.844425633e-14,3.793408648e-13,1.464677293e-13,2.620564137e-13,2.024221345e-13,2.323539028e-13,1.432060081e-13,2.085565918e-13,4.495510932e-14,1.704679564e-13,5.623538897e-13,6.08005404e-13,5.929022744e-13,2.043574268e-13,2.946563132e-13,1.421953478e-13,1.870701966e-13,1.849741356e-14,1.983561727e-14,1.420287876e-13,1.404835352e-13,6.201776479e-14,4.804142226e-13,9.681080475e-14,3.31521101e-13,1.49088277e-13,5.554117712e-13,3.74527947e-14
70.53125,1.804877646e-13,1.022909686e-13,3.874852065e-13,4.395994707e-13,5.697402066e-14,3.762430808e-13,1.439432771e-13,2.604111556e-13,2.008449184e-13,2.304965027e-13,1.430238921e-13,2.055685452e-13,4.477818921e-14,1.67350501e-13,5.566879571e-13,6.014788908e-13,5.869428822e-13,2.01881049e-13,2.959453139e-13,1.404542196e-13,1.879175152e-13,1.802999994e-14,1.973351893e-14,1.413501613e-13,1.397401526e-13,6.260832237e-14,4.795872804e-13,9.638072334e-14,3.227128707e-13,1.519101021e-13,5.542410994e-13,3.753921115e-14
70.5390625,1.790761971e-13,1.025167132e-13,3.807548871e-13,4.342426712e-13,5.568128061e-14,3.730338069e-13,1.414066136e-13,2.586495334e-13,1.992680528e-13,2.28611718e-13,1.4274387e-13,2.026467004e-13,4.461956886e-14,1.6444538e-13,5.506655942e-13,5.94541816e-13,5.806889303e-13,1.993390105e-13,2.971433771e-13,1.387529682e-13,1.887447045e-13,1.758199585e-14,1.963282062e-14,1.406810959e-13,1.389134241e-13,6.32003277e-14,4.785354028e-13,9.586683037e-14,3.139274231e-13,1.547248371e-13,5.530669575e-13,3.761912122e-14
70.546875,1.775433006e-13,1.02752083e-13,3.742621368e-13,4.290173578e-13,5.462137004e-14,3.699305351e-13,1.388956266e-13,2.567673805e-13,1.977348281e-13,2.267256698e-13,1.424891912e-13,1.998489677e-13,4.445495102e-14,1.61747346e-13,5.442625008e-13,5.873219214e-13,5.742362877e-13,1.96727115e-13,2.982652984e-13,1.370846817e-13,1.89606788e-13,1.718827377e-14,1.953585439e-14,1.400214336e-13,1.380007695e-13,6.381411751e-14,4.77622621e-13,9.53807656e-14,3.053314889e-13,1.57618327e-13,5.520961432e-13,3.767354519e-14
70.5546875,1.759083593e-13,1.029672694e-13,3.680911584e-13,4.237061652e-13,5.368843743e-14,3.666867734e-13,1.364045937e-13,2.54743478e-13,1.961517482e-13,2.248599095e-13,1.423308384e-13,1.970419209e-13,4.4312004e-14,1.590907772e-13,5.376022353e-13,5.801010541e-13,5.676467829e-13,1.940539195e-13,2.99388757e-13,1.35488343e-13,1.905038044e-13,1.682140674e-14,1.944283317e-14,1.393409347e-13,1.370462598e-13,6.446017854e-14,4.770239695e-13,9.506155096e-14,2.969425093e-13,1.606364073e-13,5.51265989e-13,3.772467309e-14
70.5625,1.744099729e-13,1.032685096e-13,3.620513747e-13,4.181488951e-13,5.276600489e-14,3.632611814e-13,1.339095773e-13,2.526215345e-13,1.944106669e-13,2.229613927e-13,1.422761646e-13,1.941343995e-13,4.421230237e-14,1.563740974e-13,5.308669964e-13,5.729009477e-13,5.609152814e-13,1.914272077e-13,3.005652242e-13,1.339771877e-13,1.913481616e-13,1.645233873e-14,1.935614823e-14,1.386267977e-13,1.360505075e-13,6.513530587e-14,4.764038743e-13,9.485602749e-14,2.886700214e-13,1.637140631e-13,5.504482291e-13,3.781287169e-14
70.5703125,1.730762958e-13,1.036557236e-13,3.560540798e-13,4.12753623e-13,5.19812997e-14,3.600072728e-13,1.314463486e-13,2.504984182e-13,1.925595772e-13,2.209613097e-13,1.422879108e-13,1.912345501e-13,4.416850636e-14,1.537115981e-13,5.242446823e-13,5.657660746e-13,5.54205827e-13,1.889647933e-13,3.01812413e-13,1.325154467e-13,1.9209318e-13,1.612635585e-14,1.928604307e-14,1.378693187e-13,1.350276996e-13,6.583262926e-14,4.756233815e-13,9.46151214e-14,2.806674241e-13,1.667951301e-13,5.496860183e-13,3.789717647e-14
70.578125,1.715660683e-13,1.040209461e-13,3.501890551e-13,4.076146776e-13,5.14350181e-14,3.56846635e-13,1.290352566e-13,2.484050247e-13,1.907689843e-13,2.189404268e-13,1.42261932e-13,1.88441937e-13,4.41952327e-14,1.51185325e-13,5.176076105e-13,5.586957259e-13,5.475715214e-13,1.865153756e-13,3.030400896e-13,1.311725942e-13,1.928417681e-13,1.585831961e-14,1.923161381e-14,1.371768637e-13,1.339991311e-13,6.656535373e-14,4.74859986e-13,9.43162142e-14,2.729970087e-13,1.698858403e-13,5.489081955e-13,3.790743005e-14
70.5859375,1.698290723e-13,1.043338804e-13,3.444016258e-13,4.022744475e-13,5.094484566e-14,3.534591895e-13,1.266474506e-13,2.462797482e-13,1.890848662e-13,2.170687918e-13,1.421300438e-13,1.856884589e-13,4.423648393e-14,1.48700105e-13,5.105109132e-13,5.512546214e-13,5.406182993e-13,1.838072684e-13,3.041478124e-13,1.29952618e-13,1.93681938e-13,1.558337066e-14,1.917210665e-14,1.365869083e-13,1.328907807e-13,6.730032365e-14,4.739918078e-13,9.406711556e-14,2.652605966e-13,1.72988015e-13,5.479242608e-13,3.789492107e-14
70.59375,1.681486642e-13,1.046627272e-13,3.388009746e-13,3.965714829e-13,5.051376976e-14,3.499520571e-13,1.242751482e-13,2.440644954e-13,1.87377811e-13,2.153335367e-13,1.419740677e-13,1.829375158e-13,4.424788778e-14,1.462155913e-13,5.029043865e-13,5.432528127e-13,5.330661796e-13,1.808971676e-13,3.052156921e-13,1.287172637e-13,1.945354842e-13,1.530184795e-14,1.909254277e-14,1.359219852e-13,1.316603528e-13,6.799151696e-14,4.72897712e-13,9.391887299e-14,2.573376579e-13,1.761061243e-13,5.468474493e-13,3.794508529e-14
70.6015625,1.665220282e-13,1.050400602e-13,3.337185358e-13,3.907269799e-13,5.036357524e-14,3.464684903e-13,1.219231217e-13,2.417893041e-13,1.855885902e-13,2.135827122e-13,1.419132841e-13,1.802716249e-13,4.428017607e-14,1.438405079e-13,4.953355739e-13,5.353088975e-13,5.252765509e-13,1.780739443e-13,3.063492988e-13,1.275202765e-13,1.953095899e-13,1.508101339e-14,1.900201647e-14,1.351679273e-13,1.30403342e-13,6.869088312e-14,4.719160413e-13,9.380755182e-14,2.497086937e-13,1.79255707e-13,5.459912583e-13,3.803222287e-14
70.609375,1.648405418e-13,1.054174905e-13,3.290552113e-13,3.849680381e-13,5.035093069e-14,3.429127785e-13,1.196039227e-13,2.39503468e-13,1.837615985e-13,2.118081167e-13,1.419487901e-13,1.776693587e-13,4.435125851e-14,1.416306841e-13,4.881151465e-13,5.278995021e-13,5.177325416e-13,1.754128839e-13,3.075047372e-13,1.265419982e-13,1.960270244e-13,1.490482239e-14,1.892502701e-14,1.345063345e-13,1.291754694e-13,6.943116309e-14,4.711863096e-13,9.37089006e-14,2.424749239e-13,1.824154318e-13,5.453314358e-13,3.811805087e-14
70.6171875,1.632088879e-13,1.057946223e-13,3.243902596e-13,3.794277446e-13,5.027673958e-14,3.392701616e-13,1.173336215e-13,2.371912121e-13,1.818972593e-13,2.10094424e-13,1.419844473e-13,1.750280266e-13,4.445625574e-14,1.395033242e-13,4.809021768e-13,5.207070991e-13,5.103812512e-13,1.727742182e-13,3.086233768e-13,1.257604976e-13,1.967352662e-13,1.472058256e-14,1.887319816e-14,1.339129645e-13,1.279369608e-13,7.016682817e-14,4.704133274e-13,9.369014414e-14,2.352465446e-13,1.855660205e-13,5.445804671e-13,3.821388954e-14
70.625,1.615514677e-13,1.062230591e-13,3.195419072e-13,3.739061508e-13,5.035522166e-14,3.355070414e-13,1.150578674e-13,2.348748812e-13,1.800227102e-13,2.084227037e-13,1.419495479e-13,1.72379526e-13,4.464862197e-14,1.373175488e-13,4.733931093e-13,5.133742402e-13,5.028615333e-13,1.700492294e-13,3.096997347e-13,1.250604486e-13,1.974387421e-13,1.454177482e-14,1.882525304e-14,1.332651494e-13,1.266883878e-13,7.094220765e-14,4.695612435e-13,9.375707125e-14,2.280222356e-13,1.887255245e-13,5.436553731e-13,3.828571919e-14
70.6328125,1.597171836e-13,1.066286414e-13,3.146288269e-13,3.681651888e-13,5.067034725e-14,3.315903363e-13,1.127401585e-13,2.326464397e-13,1.782107925e-13,2.067717441e-13,1.418869695e-13,1.698049954e-13,4.491759116e-14,1.350294846e-13,4.658077726e-13,5.060233692e-13,4.951072892e-13,1.672253504e-13,3.10769717e-13,1.244132229e-13,1.981300596e-13,1.438522272e-14,1.875379065e-14,1.326251317e-13,1.254527645e-13,7.179162571e-14,4.687735859e-13,9.384819691e-14,2.210326869e-13,1.919000761e-13,5.42706897e-13,3.830505215e-14
70.640625,1.579580649e-13,1.068914431e-13,3.100555433e-13,3.624947942e-13,5.102948943e-14,3.277632922e-13,1.104781677e-13,2.304785993e-13,1.764312516e-13,2.052333586e-13,1.41872783e-13,1.673023331e-13,4.51826689e-14,1.328278698e-13,4.584003026e-13,4.988319913e-13,4.873410793e-13,1.644089501e-13,3.119495275e-13,1.238376072e-13,1.987912378e-13,1.424977743e-14,1.865818135e-14,1.320712252e-13,1.242052078e-13,7.257085401e-14,4.679305152e-13,9.400091971e-14,2.14251705e-13,1.950875719e-13,5.418963083e-13,3.832859354e-14
70.6484375,1.564710109e-13,1.070939036e-13,3.060379095e-13,3.571036259e-13,5.147029578e-14,3.241236152e-13,1.0833326e-13,2.282363027e-13,1.746001322e-13,2.0386577e-13,1.418786391e-13,1.648311674e-13,4.543876985e-14,1.30852517e-13,4.511212953e-13,4.918058929e-13,4.796537158e-13,1.617344911e-13,3.132907178e-13,1.233501031e-13,1.993746991e-13,1.414921632e-14,1.85566336e-14,1.315331366e-13,1.229344542e-13,7.322675841e-14,4.670245063e-13,9.429548933e-14,2.076927469e-13,1.982741445e-13,5.411911907e-13,3.838453159e-14
70.65625,1.550148826e-13,1.074239096e-13,3.020595018e-13,3.516879907e-13,5.206541737e-14,3.203911135e-13,1.062455109e-13,2.259296749e-13,1.72714528e-13,2.025843802e-13,1.418324108e-13,1.623310261e-13,4.572598042e-14,1.288884549e-13,4.440123711e-13,4.850518363e-13,4.72014836e-13,1.591442727e-13,3.146771245e-13,1.229789808e-13,1.99850638e-13,1.406977599e-14,1.847032758e-14,1.309579769e-13,1.21676001e-13,7.391546824e-14,4.662380485e-13,9.467659671e-14,2.014267091e-13,2.014121502e-13,5.403334396e-13,3.843491876e-14
70.6640625,1.534663005e-13,1.079169826e-13,2.977488381e-13,3.462795227e-13,5.265404523e-14,3.165283091e-13,1.042059379e-13,2.236762729e-13,1.708232109e-13,2.012748907e-13,1.417202554e-13,1.598116089e-13,4.605698504e-14,1.267893884e-13,4.371861391e-13,4.786732104e-13,4.644771773e-13,1.564912458e-13,3.159893451e-13,1.227797581e-13,2.002735639e-13,1.398902094e-14,1.840579966e-14,1.304391294e-13,1.204408587e-13,7.467602702e-14,4.654299548e-13,9.503364054e-14,1.952912327e-13,2.045054516e-13,5.392851425e-13,3.84765149e-14
70.671875,1.519700927e-13,1.084739221e-13,2.935655658e-13,3.411875152e-13,5.322230673e-14,3.127634384e-13,1.022421487e-13,2.214404316e-13,1.689564914e-13,1.999130968e-13,1.415786784e-13,1.574119164e-13,4.643090943e-14,1.247975342e-13,4.303636649e-13,4.724210453e-13,4.570082113e-13,1.537883427e-13,3.171810445e-13,1.227067261e-13,2.007347538e-13,1.392661967e-14,1.834211941e-14,1.300340402e-13,1.191801573e-13,7.540570285e-14,4.643886573e-13,9.535942947e-14,1.891571524e-13,2.075846854e-13,5.383693865e-13,3.852304018e-14
70.6796875,1.50554969e-13,1.08998043e-13,2.898324519e-13,3.361140096e-13,5.397368986e-14,3.090297671e-13,1.003127681e-13,2.191314183e-13,1.67112125e-13,1.985712603e-13,1.414920334e-13,1.551940716e-13,4.683965997e-14,1.230684701e-13,4.232435762e-13,4.660360619e-13,4.49447849e-13,1.510916153e-13,3.182595643e-13,1.226441673e-13,2.012616811e-13,1.389530058e-14,1.826137858e-14,1.296520537e-13,1.178560236e-13,7.610907439e-14,4.633290347e-13,9.572992211e-14,1.831563856e-13,2.106018758e-13,5.377075613e-13,3.855988901e-14
70.6875,1.491753146e-13,1.094358979e-13,2.863260351e-13,3.307415005e-13,5.495293601e-14,3.051526275e-13,9.840633464e-14,2.168361097e-13,1.652817628e-13,1.973690583e-13,1.414625747e-13,1.530596409e-13,4.72771604e-14,1.21442243e-13,4.160359393e-13,4.596734799e-13,4.417761517e-13,1.483668134e-13,3.19306952e-13,1.226897041e-13,2.018074804e-13,1.38813299e-14,1.816901269e-14,1.292813642e-13,1.164951558e-13,7.683381696e-14,4.624341893e-13,9.621846966e-14,1.773821844e-13,2.135776373e-13,5.371422647e-13,3.858523959e-14
70.6953125,1.477856159e-13,1.097970355e-13,2.828527059e-13,3.255101075e-13,5.599802197e-14,3.012242082e-13,9.656777333e-14,2.146144355e-13,1.634488515e-13,1.963307337e-13,1.41304847e-13,1.509251996e-13,4.773415249e-14,1.197718113e-13,4.09000387e-13,4.534969159e-13,4.340661678e-13,1.456307423e-13,3.203757071e-13,1.229625473e-13,2.02282601e-13,1.388127859e-14,1.807002465e-14,1.289988236e-13,1.151344925e-13,7.754768001e-14,4.61457378e-13,9.67843529e-14,1.717403863e-13,2.166102916e-13,5.365616165e-13,3.860085049e-14
70.703125,1.463153336e-13,1.101407236e-13,2.793050008e-13,3.207775898e-13,5.707181345e-14,2.973821935e-13,9.480242278e-14,2.123394682e-13,1.615847292e-13,1.952990846e-13,1.409655693e-13,1.488038514e-13,4.821607574e-14,1.180901595e-13,4.020889972e-13,4.474369594e-13,4.263148267e-13,1.429632962e-13,3.214431361e-13,1.233545637e-13,2.026261303e-13,1.390796696e-14,1.797011026e-14,1.287485563e-13,1.137778232e-13,7.821617128e-14,4.602355671e-13,9.727852364e-14,1.662326852e-13,2.195872178e-13,5.358335943e-13,3.860663104e-14
70.7109375,1.448486394e-13,1.105036013e-13,2.757541651e-13,3.161673627e-13,5.832345693e-14,2.935885529e-13,9.309907337e-14,2.100086898e-13,1.597202071e-13,1.941860258e-13,1.4067918e-13,1.46768796e-13,4.876109667e-14,1.165293993e-13,3.952927963e-13,4.415833483e-13,4.185843238e-13,1.403495178e-13,3.224936932e-13,1.239069795e-13,2.029068763e-13,1.397697832e-14,1.787610943e-14,1.284925143e-13,1.124141047e-13,7.882815307e-14,4.589588348e-13,9.770562667e-14,1.610091321e-13,2.223412211e-13,5.349714062e-13,3.863421585e-14
70.71875,1.435183866e-13,1.108865148e-13,2.725248588e-13,3.11291412e-13,5.969794508e-14,2.89735301e-13,9.145427002e-14,2.077677158e-13,1.578944544e-13,1.931402968e-13,1.405417642e-13,1.448417318e-13,4.934608981e-14,1.151208158e-13,3.886671056e-13,4.361102201e-13,4.110092975e-13,1.377087851e-13,3.23486369e-13,1.247393883e-13,2.032291288e-13,1.406901086e-14,1.776977564e-14,1.28304632e-13,1.11029333e-13,7.940637494e-14,4.577092145e-13,9.824443306e-14,1.559930967e-13,2.250137362e-13,5.342473704e-13,3.868858694e-14
70.7265625,1.422751886e-13,1.112870294e-13,2.696445589e-13,3.063298082e-13,6.100223993e-14,2.858183784e-13,8.983834819e-14,2.055769258e-13,1.560552532e-13,1.922245395e-13,1.40421428e-13,1.429354969e-13,4.990278061e-14,1.137605467e-13,3.821387245e-13,4.309119274e-13,4.035633105e-13,1.350655803e-13,3.243919771e-13,1.256603368e-13,2.035606193e-13,1.415363086e-14,1.763893137e-14,1.281531788e-13,1.096302389e-13,8.004322499e-14,4.563729499e-13,9.889814655e-14,1.509794547e-13,2.277950576e-13,5.337016297e-13,3.872720501e-14
70.734375,1.410112022e-13,1.116748821e-13,2.668797614e-13,3.016409146e-13,6.237953617e-14,2.819434321e-13,8.82498457e-14,2.033578321e-13,1.54207316e-13,1.913068839e-13,1.40319612e-13,1.410428261e-13,5.044697161e-14,1.124567466e-13,3.756657556e-13,4.258217296e-13,3.960935095e-13,1.325184082e-13,3.252577772e-13,1.26606028e-13,2.038296071e-13,1.426448124e-14,1.751074756e-14,1.279946559e-13,1.082387935e-13,8.077044896e-14,4.550165132e-13,9.952723668e-14,1.461053306e-13,2.306031564e-13,5.331794611e-13,3.87533015e-14
70.7421875,1.396544402e-13,1.120375103e-13,2.64164204e-13,2.972466756e-13,6.401281358e-14,2.781102536e-13,8.674653803e-14,2.012160992e-13,1.524461548e-13,1.903964589e-13,1.402718511e-13,1.392782001e-13,5.100376265e-14,1.112445223e-13,3.692991455e-13,4.20897328e-13,3.88549029e-13,1.300083646e-13,3.260616592e-13,1.277965303e-13,2.04073498e-13,1.442477225e-14,1.74011555e-14,1.278959983e-13,1.068422597e-13,8.146975209e-14,4.537378312e-13,1.001539029e-13,1.415148675e-13,2.332704734e-13,5.326912278e-13,3.880487068e-14
70.75,1.382460518e-13,1.124806689e-13,2.614251517e-13,2.929068839e-13,6.576212933e-14,2.74196027e-13,8.535450635e-14,1.991701459e-13,1.507498158e-13,1.895817518e-13,1.401465948e-13,1.376565282e-13,5.156787005e-14,1.100255774e-13,3.630664526e-13,4.162583029e-13,3.80996356e-13,1.273632403e-13,3.267612205e-13,1.292283698e-13,2.043566499e-13,1.458554735e-14,1.729472901e-14,1.278496863e-13,1.054316107e-13,8.204390044e-14,4.523453154e-13,1.008221776e-13,1.369753179e-13,2.357295035e-13,5.321346653e-13,3.888420119e-14
70.7578125,1.369632528e-13,1.130609999e-13,2.587050762e-13,2.885110633e-13,6.75717717e-14,2.702096876e-13,8.403639482e-14,1.971171454e-13,1.490449359e-13,1.888010236e-13,1.399282814e-13,1.361011261e-13,5.218871596e-14,1.0885729e-13,3.570180582e-13,4.119171299e-13,3.735332976e-13,1.246416919e-13,3.274662791e-13,1.308023338e-13,2.046609739e-13,1.474441743e-14,1.718424432e-14,1.278234209e-13,1.040436379e-13,8.254456639e-14,4.507112951e-13,1.014637441e-13,1.324746497e-13,2.380473699e-13,5.31392256e-13,3.897588927e-14
70.765625,1.357651221e-13,1.135808161e-13,2.562479203e-13,2.841801588e-13,6.948202167e-14,2.662635689e-13,8.277282667e-14,1.951031785e-13,1.473417344e-13,1.880685196e-13,1.397671815e-13,1.345458845e-13,5.284982042e-14,1.078586875e-13,3.512368709e-13,4.078872235e-13,3.662877788e-13,1.220762965e-13,3.282197812e-13,1.325359806e-13,2.048994899e-13,1.493414662e-14,1.706927099e-14,1.278566724e-13,1.026827742e-13,8.30804821e-14,4.490330242e-13,1.021143862e-13,1.283223709e-13,2.403897458e-13,5.306610899e-13,3.904898273e-14
70.7734375,1.344418435e-13,1.13897868e-13,2.539447538e-13,2.80061023e-13,7.136431468e-14,2.623787283e-13,8.157840635e-14,1.931820958e-13,1.456280406e-13,1.874818703e-13,1.396505318e-13,1.3294444e-13,5.346407612e-14,1.068861972e-13,3.457029807e-13,4.042238318e-13,3.592848081e-13,1.196666222e-13,3.288701646e-13,1.343816391e-13,2.050283806e-13,1.51221114e-14,1.694840295e-14,1.279074944e-13,1.013114329e-13,8.369082972e-14,4.473617495e-13,1.02846658e-13,1.244340245e-13,2.427824779e-13,5.299868464e-13,3.907778596e-14
70.78125,1.330680103e-13,1.142213529e-13,2.516440925e-13,2.761594935e-13,7.320825464e-14,2.585378984e-13,8.044446547e-14,1.912398888e-13,1.438970073e-13,1.869647171e-13,1.394725425e-13,1.313973127e-13,5.406978802e-14,1.058950529e-13,3.402965181e-13,4.008297939e-13,3.523450326e-13,1.172558183e-13,3.293415906e-13,1.363339645e-13,2.051384428e-13,1.529759031e-14,1.682876846e-14,1.27905791e-13,9.993706007e-14,8.428964887e-14,4.454451008e-13,1.035887808e-13,1.205520221e-13,2.450662728e-13,5.292023689e-13,3.909971978e-14
70.7890625,1.317383492e-13,1.147086727e-13,2.496417998e-13,2.7235138e-13,7.510328636e-14,2.547310288e-13,7.937401042e-14,1.892084491e-13,1.421983582e-13,1.864832743e-13,1.392987025e-13,1.300355667e-13,5.471086274e-14,1.050378958e-13,3.349912815e-13,3.975618184e-13,3.454057425e-13,1.148467117e-13,3.297070458e-13,1.38380781e-13,2.053100945e-13,1.5496274e-14,1.670608962e-14,1.278863296e-13,9.859737414e-14,8.475381981e-14,4.432588352e-13,1.043131797e-13,1.168292131e-13,2.47160574e-13,5.283815871e-13,3.913472279e-14
70.796875,1.303442897e-13,1.152243649e-13,2.479167105e-13,2.685847683e-13,7.70444838e-14,2.509381497e-13,7.841771693e-14,1.871561028e-13,1.405084193e-13,1.861545201e-13,1.392383918e-13,1.287442421e-13,5.53438542e-14,1.042266411e-13,3.298626957e-13,3.945113337e-13,3.386282895e-13,1.124706291e-13,3.300330379e-13,1.404188853e-13,2.054789203e-13,1.57051247e-14,1.657024268e-14,1.278967238e-13,9.728639906e-14,8.511802456e-14,4.410793742e-13,1.050914821e-13,1.134235232e-13,2.491079725e-13,5.275314259e-13,3.913933766e-14
70.8046875,1.289880473e-13,1.157120492e-13,2.460899669e-13,2.649783393e-13,7.911197068e-14,2.472343128e-13,7.758377813e-14,1.851316456e-13,1.387686691e-13,1.859478126e-13,1.392497271e-13,1.273992385e-13,5.600652663e-14,1.033348625e-13,3.248633044e-13,3.917111468e-13,3.319691939e-13,1.100562785e-13,3.303130627e-13,1.425743234e-13,2.055935541e-13,1.591003438e-14,1.642994966e-14,1.279274789e-13,9.595319327e-14,8.553269305e-14,4.389556658e-13,1.059127905e-13,1.101724032e-13,2.509662793e-13,5.264717582e-13,3.913646355e-14
70.8125,1.278060855e-13,1.161880704e-13,2.442832144e-13,2.615925327e-13,8.12571994e-14,2.437055879e-13,7.682938269e-14,1.83117308e-13,1.36988305e-13,1.858005821e-13,1.392376705e-13,1.261000957e-13,5.670716491e-14,1.02491494e-13,3.199105511e-13,3.889950955e-13,3.252886846e-13,1.076314829e-13,3.304854196e-13,1.449884637e-13,2.056737033e-13,1.612762867e-14,1.628659208e-14,1.279279204e-13,9.456919479e-14,8.599265512e-14,4.366638002e-13,1.06732757e-13,1.069810609e-13,2.527760375e-13,5.25309688e-13,3.918114129e-14
70.8203125,1.266082389e-13,1.165657083e-13,2.427096159e-13,2.58357062e-13,8.327969233e-14,2.402304035e-13,7.615059021e-14,1.810941131e-13,1.351909874e-13,1.857672706e-13,1.392220689e-13,1.249111937e-13,5.735911497e-14,1.017910308e-13,3.151014395e-13,3.864481569e-13,3.187716136e-13,1.053081105e-13,3.30536596e-13,1.475236503e-13,2.056964548e-13,1.63486394e-14,1.613345572e-14,1.278957187e-13,9.317917794e-14,8.635530005e-14,4.341371094e-13,1.075448896e-13,1.039516144e-13,2.544776347e-13,5.242428019e-13,3.922420111e-14
70.828125,1.253228443e-13,1.170032628e-13,2.412569063e-13,2.552747165e-13,8.534478538e-14,2.366714175e-13,7.554404597e-14,1.790918141e-13,1.334248067e-13,1.857642041e-13,1.393313568e-13,1.23813251e-13,5.80304788e-14,1.012507982e-13,3.104656762e-13,3.841924461e-13,3.125148413e-13,1.03084192e-13,3.304977176e-13,1.501603738e-13,2.056766741e-13,1.658025518e-14,1.598684665e-14,1.279342194e-13,9.182937638e-14,8.661017351e-14,4.314907877e-13,1.083652549e-13,1.011584484e-13,2.560061504e-13,5.232659482e-13,3.923301676e-14
70.8359375,1.241521102e-13,1.176976983e-13,2.400341954e-13,2.523316799e-13,8.763008212e-14,2.33144117e-13,7.497789027e-14,1.771549208e-13,1.317377248e-13,1.857056467e-13,1.396020481e-13,1.228341686e-13,5.881740334e-14,1.009219954e-13,3.05885441e-13,3.820039527e-13,3.062724862e-13,1.009293967e-13,3.303467513e-13,1.529264441e-13,2.056528394e-13,1.685103578e-14,1.584764071e-14,1.280552006e-13,9.048298481e-14,8.685171984e-14,4.287728948e-13,1.092702719e-13,9.858749277e-14,2.574458907e-13,5.223857957e-13,3.927552101e-14
70.84375,1.231301838e-13,1.183130217e-13,2.390625998e-13,2.494092452e-13,8.988632183e-14,2.297612527e-13,7.445926364e-14,1.752516796e-13,1.300718802e-13,1.8571627e-13,1.398621634e-13,1.219099335e-13,5.961380448e-14,1.006963114e-13,3.014260652e-13,3.798459592e-13,2.999954895e-13,9.886402657e-14,3.301286116e-13,1.556607933e-13,2.055165218e-13,1.713729789e-14,1.568698499e-14,1.281225624e-13,8.909789491e-14,8.707997554e-14,4.260111659e-13,1.102513033e-13,9.617889368e-14,2.588154574e-13,5.214973471e-13,3.935823643e-14
70.8515625,1.221759807e-13,1.186420883e-13,2.379231065e-13,2.465989958e-13,9.201477424e-14,2.264444773e-13,7.400046014e-14,1.733220413e-13,1.283451888e-13,1.858193796e-13,1.399817849e-13,1.209322627e-13,6.036083544e-14,1.00363928e-13,2.972250686e-13,3.779528714e-13,2.938533262e-13,9.683813319e-14,3.299543451e-13,1.584002986e-13,2.052239174e-13,1.740532094e-14,1.551276235e-14,1.280994937e-13,8.771459051e-14,8.726003019e-14,4.232632326e-13,1.111744143e-13,9.386944765e-14,2.60006506e-13,5.203451341e-13,3.942547819e-14
70.859375,1.213442537e-13,1.191052392e-13,2.366338825e-13,2.441091596e-13,9.417230578e-14,2.232005388e-13,7.359380359e-14,1.714256717e-13,1.265799176e-13,1.859579479e-13,1.401006446e-13,1.199783077e-13,6.114045413e-14,9.993344095e-14,2.932578582e-13,3.763314195e-13,2.878902445e-13,9.481764845e-14,3.297533473e-13,1.612758605e-13,2.049757619e-13,1.766793082e-14,1.535266397e-14,1.280823154e-13,8.6388644e-14,8.741843675e-14,4.204757554e-13,1.120837548e-13,9.166482328e-14,2.610680732e-13,5.190042382e-13,3.949830482e-14
70.8671875,1.206123496e-13,1.197787296e-13,2.357087995e-13,2.417978655e-13,9.637318672e-14,2.20075186e-13,7.325582083e-14,1.696874982e-13,1.248749877e-13,1.862356816e-13,1.403890584e-13,1.1918328e-13,6.194221584e-14,9.962501798e-14,2.894730041e-13,3.749686392e-13,2.821105752e-13,9.291438482e-14,3.293652759e-13,1.642471372e-13,2.048517417e-13,1.794677185e-14,1.519025476e-14,1.281731379e-13,8.509846969e-14,8.755705276e-14,4.175605888e-13,1.130960521e-13,8.964576854e-14,2.620879791e-13,5.178477134e-13,3.960684668e-14
70.875,1.197910151e-13,1.2029612e-13,2.351596969e-13,2.394456588e-13,9.859314688e-14,2.169206225e-13,7.297475442e-14,1.680872845e-13,1.232861733e-13,1.86618121e-13,1.407948833e-13,1.185246148e-13,6.270031702e-14,9.954647077e-14,2.857795844e-13,3.738962589e-13,2.764573014e-13,9.117421882e-14,3.287781405e-13,1.673565331e-13,2.046751465e-13,1.824136279e-14,1.501475627e-14,1.284038761e-13,8.378497149e-14,8.762990378e-14,4.145391501e-13,1.140723691e-13,8.785378173e-14,2.629636053e-13,5.169786755e-13,3.971366205e-14
70.8828125,1.189038887e-13,1.207743977e-13,2.345554752e-13,2.372191816e-13,1.007604291e-13,2.137529322e-13,7.273305067e-14,1.664836275e-13,1.217169412e-13,1.869370483e-13,1.411874234e-13,1.178758733e-13,6.344928845e-14,9.953727682e-14,2.821353474e-13,3.729284392e-13,2.708561604e-13,8.947040757e-14,3.280847403e-13,1.705261813e-13,2.043631103e-13,1.853020408e-14,1.485425433e-14,1.28649545e-13,8.24647565e-14,8.760750101e-14,4.114332919e-13,1.149357847e-13,8.621661042e-14,2.636298596e-13,5.16081591e-13,3.980983164e-14
70.890625,1.18184044e-13,1.213967951e-13,2.337406804e-13,2.353140849e-13,1.027899476e-13,2.108034052e-13,7.258286799e-14,1.648594352e-13,1.200461077e-13,1.873006357e-13,1.415321583e-13,1.17161963e-13,6.42667177e-14,9.946565125e-14,2.787467815e-13,3.720713664e-13,2.654307267e-13,8.773850011e-14,3.273920802e-13,1.735386522e-13,2.039935267e-13,1.880011537e-14,1.470340658e-14,1.287901306e-13,8.12008247e-14,8.7481064e-14,4.082452033e-13,1.158734504e-13,8.467799283e-14,2.641359026e-13,5.148548953e-13,3.993452833e-14
70.8984375,1.175479837e-13,1.219217404e-13,2.329370474e-13,2.336126778e-13,1.04833247e-13,2.079286001e-13,7.251899133e-14,1.633175552e-13,1.183316545e-13,1.878532948e-13,1.418783849e-13,1.164496096e-13,6.514469499e-14,9.944171777e-14,2.756875063e-13,3.71574038e-13,2.602141166e-13,8.603361505e-14,3.266707424e-13,1.76594131e-13,2.036315034e-13,1.906515161e-14,1.453085516e-14,1.289005824e-13,7.997314705e-14,8.729510523e-14,4.050192219e-13,1.169101093e-13,8.329685307e-14,2.64495304e-13,5.13432906e-13,4.009213142e-14
70.90625,1.167975387e-13,1.224182297e-13,2.324207536e-13,2.319463234e-13,1.069557526e-13,2.048732989e-13,7.247308476e-14,1.618533956e-13,1.166719333e-13,1.884959679e-13,1.422910544e-13,1.158580582e-13,6.59888725e-14,9.954288786e-14,2.727899899e-13,3.714285617e-13,2.551179177e-13,8.440746488e-14,3.257507692e-13,1.79897732e-13,2.033081332e-13,1.93319353e-14,1.435368924e-14,1.290461508e-13,7.873953724e-14,8.715115963e-14,4.017108357e-13,1.17909244e-13,8.211461578e-14,2.647646078e-13,5.120851878e-13,4.025895902e-14
70.9140625,1.161792565e-13,1.23128181e-13,2.32126389e-13,2.303025334e-13,1.090394461e-13,2.018851974e-13,7.249146396e-14,1.604049767e-13,1.150425872e-13,1.891880792e-13,1.42760262e-13,1.153852853e-13,6.679698605e-14,9.970173104e-14,2.701252464e-13,3.71577334e-13,2.503022505e-13,8.2913999e-14,3.246916783e-13,1.832321853e-13,2.029671088e-13,1.960450941e-14,1.419682584e-14,1.291935938e-13,7.753618387e-14,8.705908819e-14,3.982477313e-13,1.189087019e-13,8.110572576e-14,2.649691913e-13,5.107044392e-13,4.043198214e-14
70.921875,1.157950324e-13,1.237969404e-13,2.317135412e-13,2.28813948e-13,1.111475648e-13,1.991744318e-13,7.262992052e-14,1.590230024e-13,1.13410011e-13,1.899760261e-13,1.432357261e-13,1.149320601e-13,6.767272402e-14,9.988333882e-14,2.677882759e-13,3.720635963e-13,2.457882466e-13,8.152959805e-14,3.236674759e-13,1.866089202e-13,2.024964478e-13,1.989440287e-14,1.403648916e-14,1.293726359e-13,7.63641019e-14,8.689584175e-14,3.947177327e-13,1.199477275e-13,8.026885622e-14,2.649631306e-13,5.091381198e-13,4.061862394e-14
70.9296875,1.152348716e-13,1.242833509e-13,2.311684059e-13,2.275968925e-13,1.132406901e-13,1.965215057e-13,7.283427021e-14,1.57740617e-13,1.117735657e-13,1.908210764e-13,1.437503211e-13,1.144403613e-13,6.857676173e-14,1.000742919e-13,2.656335593e-13,3.727910575e-13,2.413220488e-13,8.010807477e-14,3.225270677e-13,1.90158465e-13,2.019372671e-13,2.016903208e-14,1.385431014e-14,1.295986893e-13,7.517047741e-14,8.660594463e-14,3.911689777e-13,1.209509141e-13,7.958181022e-14,2.647194156e-13,5.075463285e-13,4.081531347e-14
70.9375,1.145272418e-13,1.248513373e-13,2.30784545e-13,2.265093867e-13,1.151485472e-13,1.938528048e-13,7.309368444e-14,1.564846644e-13,1.101253386e-13,1.917478517e-13,1.443226503e-13,1.139258903e-13,6.939694605e-14,1.003014049e-13,2.637228154e-13,3.737824056e-13,2.370142393e-13,7.864938763e-14,3.212024579e-13,1.936357098e-13,2.014007267e-13,2.039597497e-14,1.366271006e-14,1.298088167e-13,7.398438458e-14,8.629166702e-14,3.875158081e-13,1.219627378e-13,7.898752237e-14,2.644093144e-13,5.059646001e-13,4.101826294e-14
70.9453125,1.140892865e-13,1.255033866e-13,2.305952344e-13,2.253758827e-13,1.17073183e-13,1.912823094e-13,7.342658712e-14,1.552494336e-13,1.084909532e-13,1.928060561e-13,1.448805853e-13,1.134466717e-13,7.021256968e-14,1.006527633e-13,2.621499186e-13,3.751023913e-13,2.330239464e-13,7.732768305e-14,3.199750117e-13,1.970167279e-13,2.008389323e-13,2.062225814e-14,1.345955276e-14,1.30000381e-13,7.284802851e-14,8.603160528e-14,3.837969367e-13,1.230721453e-13,7.852743629e-14,2.640464055e-13,5.042390243e-13,4.123637399e-14
70.953125,1.137348109e-13,1.261498054e-13,2.304635469e-13,2.243232052e-13,1.191422693e-13,1.887490306e-13,7.378199653e-14,1.540851897e-13,1.068935025e-13,1.938988087e-13,1.454655134e-13,1.130551481e-13,7.110545045e-14,1.010951938e-13,2.606599682e-13,3.764739379e-13,2.290840703e-13,7.616012827e-14,3.187827927e-13,2.005416558e-13,2.00190971e-13,2.088344544e-14,1.324237861e-14,1.302239577e-13,7.172223325e-14,8.57580354e-14,3.800871905e-13,1.2422337e-13,7.829477931e-14,2.635221996e-13,5.024748242e-13,4.147292074e-14
70.9609375,1.131819709e-13,1.269631216e-13,2.303900833e-13,2.234904661e-13,1.210385521e-13,1.862259436e-13,7.415387357e-14,1.529393316e-13,1.053139077e-13,1.949443351e-13,1.46207524e-13,1.127366795e-13,7.19543387e-14,1.015489944e-13,2.592054477e-13,3.778122134e-13,2.251807118e-13,7.503040789e-14,3.172726236e-13,2.04043965e-13,1.995303869e-13,2.113433581e-14,1.303789857e-14,1.304937166e-13,7.058999997e-14,8.540274747e-14,3.763242715e-13,1.253431884e-13,7.825761372e-14,2.628410762e-13,5.008061762e-13,4.171354598e-14
70.96875,1.127064903e-13,1.278760237e-13,2.30362602e-13,2.22835655e-13,1.2269848e-13,1.838212012e-13,7.457996208e-14,1.517624077e-13,1.037382475e-13,1.959881702e-13,1.470542166e-13,1.124206377e-13,7.269121615e-14,1.020365251e-13,2.580604439e-13,3.794386873e-13,2.215827285e-13,7.391155905e-14,3.155824507e-13,2.073857129e-13,1.98874833e-13,2.134846697e-14,1.28563896e-14,1.307673265e-13,6.947907479e-14,8.503331929e-14,3.725287925e-13,1.264394435e-13,7.832121099e-14,2.620113819e-13,4.990300708e-13,4.195547714e-14
70.9765625,1.12392941e-13,1.285854376e-13,2.303440966e-13,2.223509708e-13,1.243728961e-13,1.815786686e-13,7.50582385e-14,1.506247947e-13,1.02150525e-13,1.971047534e-13,1.478815982e-13,1.120776951e-13,7.342783685e-14,1.025231492e-13,2.572022352e-13,3.813415481e-13,2.181729336e-13,7.281661354e-14,3.14012802e-13,2.108323015e-13,1.981362553e-13,2.15572397e-14,1.267046416e-14,1.309655275e-13,6.839349856e-14,8.47116876e-14,3.687651316e-13,1.275382636e-13,7.849298984e-14,2.61019477e-13,4.969918193e-13,4.220894778e-14
70.984375,1.119460217e-13,1.291538388e-13,2.303911595e-13,2.219713141e-13,1.260379453e-13,1.79484942e-13,7.561707643e-14,1.495669894e-13,1.005415073e-13,1.983429301e-13,1.487309865e-13,1.117686242e-13,7.420833311e-14,1.029858269e-13,2.563978972e-13,3.832139334e-13,2.147918817e-13,7.177742113e-14,3.123975124e-13,2.143896843e-13,1.973225367e-13,2.177202647e-14,1.246893142e-14,1.310761143e-13,6.732407226e-14,8.435493262e-14,3.649045568e-13,1.286483761e-13,7.882929786e-14,2.599184774e-13,4.948593691e-13,4.246693472e-14
70.9921875,1.113891501e-13,1.298791369e-13,2.305152163e-13,2.215690221e-13,1.275326958e-13,1.774849601e-13,7.627463087e-14,1.485373294e-13,9.894545346e-14,1.996556568e-13,1.496673843e-13,1.115461564e-13,7.494399829e-14,1.035477791e-13,2.555935822e-13,3.850333615e-13,2.115546569e-13,7.084787291e-14,3.10560125e-13,2.177966885e-13,1.965260785e-13,2.196852824e-14,1.227524062e-14,1.311623713e-13,6.625170497e-14,8.389396954e-14,3.608714797e-13,1.297568282e-13,7.932545626e-14,2.587113911e-13,4.927621979e-13,4.273004337e-14
71,1.1099779e-13,1.307756043e-13,2.306990959e-13,2.212391905e-13,1.288645577e-13,1.755543466e-13,7.697728012e-14,1.475300574e-13,9.737952393e-14,2.009420749e-13,1.506630579e-13,1.113719002e-13,7.563213918e-14,1.042105948e-13,2.549015607e-13,3.869698581e-13,2.08458416e-13,6.997982151e-14,3.08667521e-13,2.210715933e-13,1.957341236e-13,2.214529169e-14,1.210053316e-14,1.312399761e-13,6.517271031e-14,8.340222182e-14,3.56804352e-13,1.308658344e-13,7.998028436e-14,2.573675469e-13,4.906136108e-13,4.302592872e-14
71.0078125,1.107947724e-13,1.316182601e-13,2.310318851e-13,2.210905299e-13,1.300797878e-13,1.737944368e-13,7.772677658e-14,1.465914862e-13,9.582126427e-14,2.022235786e-13,1.517071803e-13,1.112070038e-13,7.636392864e-14,1.048551915e-13,2.545071312e-13,3.8916977e-13,2.05468008e-13,6.912897079e-14,3.067712305e-13,2.242972707e-13,1.948600601e-13,2.232253664e-14,1.192600967e-14,1.312909702e-13,6.412613099e-14,8.295143224e-14,3.527781429e-13,1.320064257e-13,8.080818664e-14,2.559479804e-13,4.883999908e-13,4.335771345e-14
71.015625,1.105454669e-13,1.323673018e-13,2.315824733e-13,2.210286811e-13,1.311524725e-13,1.721965754e-13,7.854963218e-14,1.457158558e-13,9.426244494e-14,2.035820034e-13,1.527883291e-13,1.110815949e-13,7.710523293e-14,1.055358234e-13,2.544087565e-13,3.916438993e-13,2.026777843e-13,6.838006299e-14,3.046917064e-13,2.273799505e-13,1.939115125e-13,2.248124086e-14,1.174285777e-14,1.31316629e-13,6.310716572e-14,8.252946338e-14,3.48785071e-13,1.331940124e-13,8.175002318e-14,2.544772189e-13,4.862770224e-13,4.369113933e-14
71.0234375,1.100766048e-13,1.332604065e-13,2.323323631e-13,2.210287559e-13,1.320566922e-13,1.705982004e-13,7.938294979e-14,1.44865404e-13,9.270544169e-14,2.050126076e-13,1.538819502e-13,1.110225695e-13,7.777096588e-14,1.063334095e-13,2.54348887e-13,3.941854094e-13,2.000515025e-13,6.774508646e-14,3.024152169e-13,2.303190848e-13,1.929818043e-13,2.258784414e-14,1.156817827e-14,1.313035889e-13,6.207614975e-14,8.210970194e-14,3.448650476e-13,1.344378584e-13,8.277223116e-14,2.528878268e-13,4.842969694e-13,4.400347349e-14
71.03125,1.09494968e-13,1.343932245e-13,2.332443532e-13,2.210829322e-13,1.328726464e-13,1.689868985e-13,8.021801434e-14,1.440303048e-13,9.11603603e-14,2.064855374e-13,1.550634006e-13,1.110164407e-13,7.843732159e-14,1.071879094e-13,2.542657862e-13,3.967428251e-13,1.975162766e-13,6.713632296e-14,3.000711266e-13,2.332439551e-13,1.921302385e-13,2.267079932e-14,1.140905965e-14,1.312538769e-13,6.106564832e-14,8.165366739e-14,3.409547391e-13,1.357145677e-13,8.39322626e-14,2.511669604e-13,4.823518822e-13,4.430779865e-14
71.0390625,1.090138024e-13,1.355403254e-13,2.342305186e-13,2.210987738e-13,1.336675552e-13,1.674506417e-13,8.114130594e-14,1.43222006e-13,8.964141738e-14,2.07990245e-13,1.563902315e-13,1.110301985e-13,7.916561632e-14,1.080799288e-13,2.543537222e-13,3.995440365e-13,1.951435221e-13,6.656764709e-14,2.976489976e-13,2.362386762e-13,1.913247933e-13,2.27678226e-14,1.125449572e-14,1.311933063e-13,6.010592649e-14,8.115440672e-14,3.369128461e-13,1.369375811e-13,8.520697667e-14,2.493503907e-13,4.804076765e-13,4.463898146e-14
71.046875,1.086623732e-13,1.365805341e-13,2.352302658e-13,2.212171828e-13,1.343584879e-13,1.660116005e-13,8.214606525e-14,1.42460452e-13,8.812578099e-14,2.095291291e-13,1.57766862e-13,1.110342431e-13,7.988439268e-14,1.090343041e-13,2.54695837e-13,4.0260217e-13,1.929795432e-13,6.609513478e-14,2.951303905e-13,2.392738514e-13,1.904516409e-13,2.285604253e-14,1.110296386e-14,1.311032636e-13,5.916841561e-14,8.071120707e-14,3.327796506e-13,1.381209993e-13,8.654385146e-14,2.474714998e-13,4.784750675e-13,4.500580533e-14
71.0546875,1.083142992e-13,1.376893383e-13,2.363013445e-13,2.216152218e-13,1.349519903e-13,1.646710823e-13,8.31525522e-14,1.417603875e-13,8.660491562e-14,2.111408698e-13,1.591719863e-13,1.110657189e-13,8.062836242e-14,1.09993062e-13,2.552679161e-13,4.057651389e-13,1.909962485e-13,6.570598888e-14,2.926181507e-13,2.422266491e-13,1.894487574e-13,2.292279221e-14,1.095478621e-14,1.309710474e-13,5.826357766e-14,8.037532783e-14,3.287078017e-13,1.39395763e-13,8.802907733e-14,2.45567189e-13,4.764775566e-13,4.537600197e-14
71.0625,1.078818049e-13,1.389527701e-13,2.374902138e-13,2.220999153e-13,1.355685223e-13,1.633692813e-13,8.415068515e-14,1.411239919e-13,8.513195205e-14,2.128177753e-13,1.60706345e-13,1.11196322e-13,8.145019829e-14,1.108987262e-13,2.560274713e-13,4.091389292e-13,1.891534346e-13,6.538755018e-14,2.900799483e-13,2.451245023e-13,1.884213069e-13,2.299036215e-14,1.080119233e-14,1.308630045e-13,5.740275892e-14,8.003792513e-14,3.247145597e-13,1.407394576e-13,8.96845038e-14,2.436066212e-13,4.744429563e-13,4.574959032e-14
71.0703125,1.074119069e-13,1.401743514e-13,2.388094611e-13,2.22494563e-13,1.361019769e-13,1.620853344e-13,8.517174854e-14,1.405465541e-13,8.371028591e-14,2.144823539e-13,1.623040227e-13,1.113907506e-13,8.220073476e-14,1.117627773e-13,2.569303154e-13,4.128428086e-13,1.874466354e-13,6.51581841e-14,2.873577085e-13,2.481576301e-13,1.874475277e-13,2.304091761e-14,1.064866443e-14,1.308168658e-13,5.654331261e-14,7.965294662e-14,3.207186899e-13,1.420092806e-13,9.138102642e-14,2.415419281e-13,4.725050785e-13,4.615849986e-14
71.078125,1.069601818e-13,1.41231741e-13,2.402864099e-13,2.229371973e-13,1.363905094e-13,1.60968033e-13,8.62406813e-14,1.399967005e-13,8.22744397e-14,2.161151994e-13,1.638509768e-13,1.115618251e-13,8.282845382e-14,1.126302352e-13,2.580673037e-13,4.167738447e-13,1.859853022e-13,6.50462166e-14,2.844822506e-13,2.512451875e-13,1.864328384e-13,2.305383398e-14,1.050867335e-14,1.307685205e-13,5.568965466e-14,7.933811187e-14,3.167051152e-13,1.431896074e-13,9.311142388e-14,2.39418768e-13,4.706051687e-13,4.657571613e-14
71.0859375,1.064447149e-13,1.423337524e-13,2.418663281e-13,2.235896752e-13,1.365380474e-13,1.600539312e-13,8.736805403e-14,1.394465327e-13,8.083084088e-14,2.177457304e-13,1.654674648e-13,1.117507198e-13,8.35084567e-14,1.135700142e-13,2.594965003e-13,4.208651508e-13,1.848209434e-13,6.505814529e-14,2.815758666e-13,2.54104545e-13,1.853597902e-13,2.307055965e-14,1.036900892e-14,1.306825986e-13,5.487932005e-14,7.913771121e-14,3.127312794e-13,1.443053314e-13,9.498230235e-14,2.372605257e-13,4.686610443e-13,4.696318335e-14
71.09375,1.058676259e-13,1.436706897e-13,2.435391172e-13,2.245196213e-13,1.366590731e-13,1.59182733e-13,8.850792107e-14,1.389326157e-13,7.94250127e-14,2.193919097e-13,1.672577e-13,1.120509993e-13,8.428511563e-14,1.146145027e-13,2.610401658e-13,4.250765672e-13,1.838152217e-13,6.516188298e-14,2.786196971e-13,2.567227444e-13,1.843517975e-13,2.310645295e-14,1.022046219e-14,1.30575686e-13,5.410687446e-14,7.895943262e-14,3.088564079e-13,1.453505158e-13,9.703853648e-14,2.350372712e-13,4.668321438e-13,4.735749671e-14
71.1015625,1.053631107e-13,1.450683806e-13,2.454700998e-13,2.256283586e-13,1.36687905e-13,1.58304676e-13,8.960169589e-14,1.384877232e-13,7.802337908e-14,2.211085061e-13,1.691053432e-13,1.124305005e-13,8.505889253e-14,1.156938488e-13,2.625952787e-13,4.293045119e-13,1.82871752e-13,6.53601571e-14,2.755509449e-13,2.592444749e-13,1.833911126e-13,2.310125564e-14,1.007392872e-14,1.30385382e-13,5.337425342e-14,7.878527285e-14,3.050751325e-13,1.464046955e-13,9.930183625e-14,2.327939236e-13,4.65176621e-13,4.779008818e-14
71.109375,1.047938675e-13,1.462975022e-13,2.476863548e-13,2.266755461e-13,1.365213549e-13,1.574900962e-13,9.067107672e-14,1.380845506e-13,7.66107374e-14,2.229051745e-13,1.709212086e-13,1.128087703e-13,8.58099246e-14,1.167242078e-13,2.64305607e-13,4.336159366e-13,1.820151845e-13,6.566267047e-14,2.723029231e-13,2.617295784e-13,1.823729604e-13,2.302848446e-14,9.930138589e-15,1.300847639e-13,5.267660994e-14,7.869822976e-14,3.012770875e-13,1.474709588e-13,1.017156025e-13,2.305468459e-13,4.635309479e-13,4.823336394e-14
71.1171875,1.039335432e-13,1.473968207e-13,2.499944357e-13,2.277364739e-13,1.361089731e-13,1.568010962e-13,9.177567487e-14,1.377261973e-13,7.524537946e-14,2.246679352e-13,1.727321816e-13,1.131912009e-13,8.65523957e-14,1.177324794e-13,2.663070937e-13,4.381769398e-13,1.81298094e-13,6.601458114e-14,2.688401068e-13,2.642120343e-13,1.813242768e-13,2.293590191e-14,9.781415499e-15,1.298025293e-13,5.198063399e-14,7.870774625e-14,2.973991031e-13,1.484010947e-13,1.041674582e-13,2.282225777e-13,4.619106987e-13,4.866393727e-14
71.125,1.030026754e-13,1.485132527e-13,2.523596169e-13,2.290672982e-13,1.355584749e-13,1.562712907e-13,9.292252971e-14,1.374324291e-13,7.391831218e-14,2.263542159e-13,1.74581859e-13,1.136164729e-13,8.732505079e-14,1.188080354e-13,2.686354918e-13,4.430116998e-13,1.808555805e-13,6.64461799e-14,2.653525348e-13,2.666523783e-13,1.802680861e-13,2.285489775e-14,9.63427402e-15,1.295884747e-13,5.131789711e-14,7.875729358e-14,2.936011167e-13,1.492526459e-13,1.06765167e-13,2.258465694e-13,4.60449536e-13,4.908357807e-14
71.1328125,1.023222689e-13,1.497469619e-13,2.549258818e-13,2.304513269e-13,1.350081029e-13,1.55794125e-13,9.407768483e-14,1.371338174e-13,7.256753943e-14,2.280557265e-13,1.765344568e-13,1.140904316e-13,8.817163082e-14,1.199316135e-13,2.712815775e-13,4.481567765e-13,1.80792935e-13,6.708543998e-14,2.620244031e-13,2.690001268e-13,1.791599345e-13,2.276304347e-14,9.500742571e-15,1.293663922e-13,5.073884753e-14,7.888048601e-14,2.900445266e-13,1.502405619e-13,1.096800277e-13,2.234848732e-13,4.590833388e-13,4.951549054e-14
71.140625,1.017898405e-13,1.510868697e-13,2.577786726e-13,2.315839623e-13,1.343166445e-13,1.552642992e-13,9.521906477e-14,1.367618212e-13,7.119844654e-14,2.297788296e-13,1.786035566e-13,1.145986987e-13,8.899532895e-14,1.20974015e-13,2.74189865e-13,4.536341161e-13,1.810245887e-13,6.791753472e-14,2.586660333e-13,2.712888267e-13,1.780408837e-13,2.262833891e-14,9.388917687e-15,1.291286542e-13,5.021531695e-14,7.915717349e-14,2.866385432e-13,1.512687313e-13,1.127830165e-13,2.210864015e-13,4.57720734e-13,4.998754151e-14
71.1484375,1.01131092e-13,1.524321731e-13,2.609604756e-13,2.327024577e-13,1.333676341e-13,1.548058484e-13,9.63641117e-14,1.363849789e-13,6.984404115e-14,2.314741567e-13,1.807485387e-13,1.151453873e-13,8.973849886e-14,1.21949635e-13,2.772981654e-13,4.592638645e-13,1.814430345e-13,6.884477892e-14,2.55068992e-13,2.73483028e-13,1.769674237e-13,2.245772457e-14,9.300110848e-15,1.288394509e-13,4.973196622e-14,7.955534257e-14,2.832625745e-13,1.521250633e-13,1.159335415e-13,2.186563537e-13,4.564388587e-13,5.047523828e-14
71.15625,1.00258604e-13,1.538362771e-13,2.644405923e-13,2.340632899e-13,1.324043779e-13,1.545129905e-13,9.755523153e-14,1.361257888e-13,6.854165802e-14,2.332028903e-13,1.830120679e-13,1.158008257e-13,9.055804494e-14,1.23055339e-13,2.805557575e-13,4.650027567e-13,1.820581965e-13,6.989863896e-14,2.513895939e-13,2.756090294e-13,1.759185675e-13,2.230109458e-14,9.222828323e-15,1.284599401e-13,4.931111522e-14,7.999292765e-14,2.799587706e-13,1.529319889e-13,1.192739722e-13,2.162838271e-13,4.553542911e-13,5.094413488e-14
71.1640625,9.927978772e-14,1.553625844e-13,2.680678473e-13,2.355491317e-13,1.314878882e-13,1.543137194e-13,9.878245461e-14,1.360021954e-13,6.733002529e-14,2.349536189e-13,1.85404353e-13,1.165932802e-13,9.149487692e-14,1.242801311e-13,2.839553365e-13,4.710433408e-13,1.829167401e-13,7.111427837e-14,2.477870004e-13,2.777792201e-13,1.748780289e-13,2.216639831e-14,9.147809064e-15,1.28138718e-13,4.892985198e-14,8.047230954e-14,2.767772433e-13,1.538277315e-13,1.228674204e-13,2.139016725e-13,4.544085892e-13,5.142400723e-14
71.171875,9.834791723e-14,1.567895806e-13,2.717307256e-13,2.37060917e-13,1.303062323e-13,1.541907727e-13,9.996396848e-14,1.35912427e-13,6.614384972e-14,2.365680086e-13,1.877745576e-13,1.173653695e-13,9.236577707e-14,1.253543626e-13,2.875469091e-13,4.773143166e-13,1.840029302e-13,7.242523423e-14,2.441728067e-13,2.798029684e-13,1.738088177e-13,2.198524182e-14,9.076787691e-15,1.278909378e-13,4.85694431e-14,8.101468043e-14,2.737102848e-13,1.546751233e-13,1.265209807e-13,2.11391674e-13,4.533302577e-13,5.193650931e-14
71.1796875,9.747557324e-14,1.580825987e-13,2.75409587e-13,2.385457994e-13,1.288720806e-13,1.540704616e-13,1.010761333e-13,1.35772848e-13,6.489245154e-14,2.380782778e-13,1.900457248e-13,1.179916913e-13,9.313485175e-14,1.262624728e-13,2.913198508e-13,4.836056275e-13,1.851929256e-13,7.380503286e-14,2.405054299e-13,2.815698018e-13,1.726623097e-13,2.174445703e-14,9.008527072e-15,1.274848225e-13,4.824315499e-14,8.161079845e-14,2.707403785e-13,1.554322036e-13,1.301149758e-13,2.088274568e-13,4.520537378e-13,5.246200281e-14
71.1875,9.659427568e-14,1.595622067e-13,2.791815588e-13,2.399344869e-13,1.275096905e-13,1.538188446e-13,1.022045905e-13,1.356321411e-13,6.363575073e-14,2.396867941e-13,1.923471752e-13,1.185959435e-13,9.39392453e-14,1.272551521e-13,2.952530774e-13,4.900586553e-13,1.864403513e-13,7.527774796e-14,2.368694552e-13,2.834974669e-13,1.715134094e-13,2.152077272e-14,8.944367673e-15,1.269608087e-13,4.794077697e-14,8.22954453e-14,2.678621714e-13,1.561967237e-13,1.337416033e-13,2.063299852e-13,4.509263346e-13,5.301702643e-14
71.1953125,9.572661203e-14,1.611633664e-13,2.832415267e-13,2.414094519e-13,1.261992518e-13,1.535848797e-13,1.033811766e-13,1.355796516e-13,6.245468034e-14,2.413653823e-13,1.947735221e-13,1.192941695e-13,9.48099548e-14,1.283332869e-13,2.994205273e-13,4.968342647e-13,1.879125673e-13,7.684612688e-14,2.332713216e-13,2.857438657e-13,1.704394897e-13,2.132627219e-14,8.893191446e-15,1.265382138e-13,4.767037982e-14,8.310109994e-14,2.651230418e-13,1.569006672e-13,1.375517452e-13,2.038794977e-13,4.500629323e-13,5.361799563e-14
71.203125,9.488398622e-14,1.625450092e-13,2.875783303e-13,2.431314594e-13,1.247538321e-13,1.535278232e-13,1.045122232e-13,1.356034428e-13,6.131252211e-14,2.429556072e-13,1.972462453e-13,1.200268869e-13,9.569696867e-14,1.293317521e-13,3.037577082e-13,5.037442519e-13,1.89661659e-13,7.854585527e-14,2.296807034e-13,2.879904594e-13,1.693401258e-13,2.110426878e-14,8.854099877e-15,1.261427669e-13,4.746743131e-14,8.40018464e-14,2.625083088e-13,1.575112059e-13,1.416227146e-13,2.013979835e-13,4.491125337e-13,5.423525423e-14
71.2109375,9.403973424e-14,1.638558254e-13,2.918947669e-13,2.449214096e-13,1.232336538e-13,1.534604548e-13,1.055499723e-13,1.35643434e-13,6.017447922e-14,2.44494498e-13,1.997036411e-13,1.207550872e-13,9.66117068e-14,1.302773032e-13,3.080899669e-13,5.106307172e-13,1.915155098e-13,8.039189453e-14,2.261504722e-13,2.902524349e-13,1.68111575e-13,2.086081929e-14,8.821153604e-15,1.256731402e-13,4.733080475e-14,8.501363899e-14,2.599009164e-13,1.581557389e-13,1.459300969e-13,1.988704034e-13,4.479340839e-13,5.487686668e-14
71.21875,9.323649631e-14,1.653773752e-13,2.961828044e-13,2.467049169e-13,1.216744726e-13,1.533188786e-13,1.065716239e-13,1.357007151e-13,5.905103167e-14,2.460669665e-13,2.022069515e-13,1.214869482e-13,9.759725202e-14,1.312199276e-13,3.125415801e-13,5.176123256e-13,1.934744399e-13,8.228953208e-14,2.227108095e-13,2.926049743e-13,1.668279534e-13,2.062553582e-14,8.795526273e-15,1.251896153e-13,4.725596449e-14,8.61678115e-14,2.573067109e-13,1.587882987e-13,1.504324606e-13,1.963708359e-13,4.467307516e-13,5.556864097e-14
71.2265625,9.242138889e-14,1.670061278e-13,3.007242739e-13,2.485876403e-13,1.19969955e-13,1.532646965e-13,1.076257259e-13,1.358010644e-13,5.793975142e-14,2.476465471e-13,2.047495828e-13,1.222020389e-13,9.866353695e-14,1.321345127e-13,3.173258478e-13,5.248629577e-13,1.957049331e-13,8.421044003e-14,2.192884293e-13,2.947268973e-13,1.656222527e-13,2.037553356e-14,8.778375736e-15,1.24635542e-13,4.724995122e-14,8.740094956e-14,2.547920075e-13,1.593057513e-13,1.550963479e-13,1.939781992e-13,4.456115394e-13,5.626545656e-14
71.234375,9.146890118e-14,1.686233392e-13,3.054541248e-13,2.504777688e-13,1.181531357e-13,1.532020174e-13,1.086657121e-13,1.359285516e-13,5.685724567e-14,2.492187961e-13,2.072351121e-13,1.22931587e-13,9.97775277e-14,1.330868678e-13,3.223487017e-13,5.324795329e-13,1.982286054e-13,8.625908952e-14,2.158183284e-13,2.966686169e-13,1.645218519e-13,2.010536163e-14,8.775001398e-15,1.240148737e-13,4.728860502e-14,8.869594924e-14,2.523362147e-13,1.598416664e-13,1.598561362e-13,1.91667801e-13,4.445520762e-13,5.694059911e-14
71.2421875,9.051357641e-14,1.702324964e-13,3.101900551e-13,2.52376477e-13,1.163283693e-13,1.530491876e-13,1.096722227e-13,1.360550137e-13,5.582822789e-14,2.507794324e-13,2.09712666e-13,1.237143994e-13,1.009029901e-13,1.340998716e-13,3.275843556e-13,5.405051432e-13,2.010136587e-13,8.843138323e-14,2.123294372e-13,2.989068851e-13,1.634426116e-13,1.984478011e-14,8.79065815e-15,1.235278019e-13,4.736453341e-14,9.015101327e-14,2.500452475e-13,1.604587502e-13,1.647276483e-13,1.893864725e-13,4.435037957e-13,5.764324112e-14
71.25,8.972811861e-14,1.717958188e-13,3.151504455e-13,2.5448313e-13,1.144856087e-13,1.530199614e-13,1.106855321e-13,1.361826667e-13,5.482844517e-14,2.522928694e-13,2.122901807e-13,1.245241994e-13,1.020453746e-13,1.350750952e-13,3.332375603e-13,5.489363274e-13,2.040618733e-13,9.065582503e-14,2.088942321e-13,3.014246051e-13,1.623252023e-13,1.95866833e-14,8.816059244e-15,1.231534445e-13,4.750188407e-14,9.176891277e-14,2.480218735e-13,1.609933881e-13,1.698161268e-13,1.871542703e-13,4.42489732e-13,5.838332932e-14
71.2578125,8.895318569e-14,1.733659697e-13,3.204550149e-13,2.566874188e-13,1.126192778e-13,1.530979017e-13,1.117027962e-13,1.36318526e-13,5.382222042e-14,2.537315545e-13,2.149155537e-13,1.253597767e-13,1.032365171e-13,1.359868502e-13,3.392179014e-13,5.576667808e-13,2.072776353e-13,9.300139669e-14,2.055458062e-13,3.038829162e-13,1.612115636e-13,1.93137445e-14,8.852094828e-15,1.226988643e-13,4.768964627e-14,9.348032955e-14,2.460832062e-13,1.613547763e-13,1.751078546e-13,1.849731333e-13,4.4164012e-13,5.913445582e-14
71.265625,8.807416656e-14,1.749999349e-13,3.258275707e-13,2.58792926e-13,1.10770504e-13,1.530775351e-13,1.126755108e-13,1.364404945e-13,5.281768338e-14,2.550469117e-13,2.17536568e-13,1.262339862e-13,1.045092967e-13,1.368685226e-13,3.452042971e-13,5.664648035e-13,2.10567085e-13,9.548198741e-14,2.022527039e-13,3.062894543e-13,1.601245392e-13,1.905053353e-14,8.91339951e-15,1.222128683e-13,4.790965462e-14,9.532517934e-14,2.441394438e-13,1.615785253e-13,1.805398726e-13,1.828034004e-13,4.408832561e-13,5.991840237e-14
71.2734375,8.725669578e-14,1.766714066e-13,3.312563904e-13,2.609009239e-13,1.089110672e-13,1.53038564e-13,1.135989221e-13,1.365431295e-13,5.185393135e-14,2.562790512e-13,2.202211505e-13,1.271468181e-13,1.058701432e-13,1.377392257e-13,3.51173084e-13,5.751773552e-13,2.139688172e-13,9.79861621e-14,1.989845744e-13,3.087625444e-13,1.59037696e-13,1.880545313e-14,8.984797717e-15,1.218070266e-13,4.817776722e-14,9.731437964e-14,2.423296805e-13,1.618143048e-13,1.862131678e-13,1.806703181e-13,4.40025791e-13,6.073413547e-14
71.28125,8.652361096e-14,1.784677763e-13,3.370067406e-13,2.629795781e-13,1.069730656e-13,1.530484837e-13,1.145104577e-13,1.366840744e-13,5.094775216e-14,2.57586853e-13,2.229863003e-13,1.281403228e-13,1.072702944e-13,1.386228869e-13,3.572729829e-13,5.839089713e-13,2.175685942e-13,1.005559738e-13,1.957599013e-13,3.112435772e-13,1.579778814e-13,1.854170612e-14,9.04557602e-15,1.214300473e-13,4.850225368e-14,9.93701783e-14,2.406427354e-13,1.622467057e-13,1.922126419e-13,1.78600759e-13,4.391877226e-13,6.153010217e-14
71.2890625,8.575382544e-14,1.80353884e-13,3.42950381e-13,2.649236487e-13,1.049490899e-13,1.530402514e-13,1.154226511e-13,1.369020817e-13,5.007798317e-14,2.588863819e-13,2.257413476e-13,1.29186067e-13,1.086776316e-13,1.394714764e-13,3.635555816e-13,5.928909248e-13,2.214511309e-13,1.032744416e-13,1.925669839e-13,3.137366864e-13,1.569502469e-13,1.82528796e-14,9.11867307e-15,1.210746973e-13,4.887614407e-14,1.015391215e-13,2.390665769e-13,1.626924986e-13,1.983858225e-13,1.765439091e-13,4.384720786e-13,6.230807339e-14
71.296875,8.500841866e-14,1.820805385e-13,3.488168504e-13,2.669661951e-13,1.029103705e-13,1.531273492e-13,1.163111266e-13,1.371536976e-13,4.923909751e-14,2.599115845e-13,2.284202423e-13,1.301732979e-13,1.101259251e-13,1.402665959e-13,3.70075961e-13,6.023006877e-13,2.256579755e-13,1.060666141e-13,1.893408426e-13,3.164254491e-13,1.559050861e-13,1.797492462e-14,9.221838994e-15,1.207697159e-13,4.928865754e-14,1.038938578e-13,2.376954309e-13,1.628208252e-13,2.045261992e-13,1.744936822e-13,4.37711054e-13,6.310519245e-14
71.3046875,8.432657485e-14,1.837868109e-13,3.547669832e-13,2.691979344e-13,1.009468212e-13,1.533005501e-13,1.171562585e-13,1.374270768e-13,4.844583318e-14,2.60779442e-13,2.311053526e-13,1.311449636e-13,1.116075011e-13,1.41119726e-13,3.768019634e-13,6.121309891e-13,2.301019285e-13,1.089397305e-13,1.860876004e-13,3.194353996e-13,1.548857697e-13,1.771707366e-14,9.331697708e-15,1.204397914e-13,4.972377466e-14,1.063452216e-13,2.364239857e-13,1.628172818e-13,2.106559648e-13,1.72511198e-13,4.370177206e-13,6.392198125e-14
71.3125,8.359673098e-14,1.857586591e-13,3.610097156e-13,2.714171095e-13,9.902349201e-14,1.533570554e-13,1.179638131e-13,1.377809745e-13,4.767900917e-14,2.61779521e-13,2.338750366e-13,1.32213192e-13,1.130587006e-13,1.419989499e-13,3.835674568e-13,6.221421323e-13,2.346565771e-13,1.119863509e-13,1.828752687e-13,3.225369335e-13,1.539290717e-13,1.745795105e-14,9.438604822e-15,1.20074711e-13,5.019562631e-14,1.088522349e-13,2.352232904e-13,1.629541743e-13,2.169924436e-13,1.705927595e-13,4.366453936e-13,6.475798782e-14
71.3203125,8.283833526e-14,1.876452397e-13,3.674159296e-13,2.736865532e-13,9.698429367e-14,1.534112472e-13,1.18742782e-13,1.38193728e-13,4.692556829e-14,2.627825994e-13,2.36541612e-13,1.333100944e-13,1.145006464e-13,1.427659984e-13,3.904135637e-13,6.321797321e-13,2.392928305e-13,1.151233776e-13,1.796958997e-13,3.253889111e-13,1.529380445e-13,1.718555587e-14,9.560149445e-15,1.197792943e-13,5.073520367e-14,1.115021645e-13,2.342979434e-13,1.630028625e-13,2.236325176e-13,1.687078125e-13,4.363895415e-13,6.561771945e-14
71.328125,8.215125665e-14,1.891417196e-13,3.738746117e-13,2.760607387e-13,9.48185146e-14,1.536072347e-13,1.195069179e-13,1.385748986e-13,4.622058482e-14,2.635930847e-13,2.389838912e-13,1.343640035e-13,1.160239805e-13,1.435172239e-13,3.975310511e-13,6.423753305e-13,2.44035773e-13,1.182245329e-13,1.76518234e-13,3.281515385e-13,1.519241163e-13,1.690609599e-14,9.699835343e-15,1.195764235e-13,5.133837821e-14,1.142959836e-13,2.335504705e-13,1.628489192e-13,2.304607777e-13,1.66897925e-13,4.36022696e-13,6.648530941e-14
71.3359375,8.150981646e-14,1.907179563e-13,3.804614438e-13,2.782784696e-13,9.269145001e-14,1.537378506e-13,1.202804222e-13,1.389384019e-13,4.556593067e-14,2.643845939e-13,2.414923931e-13,1.354643972e-13,1.176431201e-13,1.443655159e-13,4.048176022e-13,6.527493362e-13,2.48892933e-13,1.213200497e-13,1.734004466e-13,3.311396626e-13,1.510311417e-13,1.663606915e-14,9.848023649e-15,1.194022486e-13,5.199176592e-14,1.171639457e-13,2.32776757e-13,1.627892401e-13,2.374352282e-13,1.651858146e-13,4.357104041e-13,6.734647744e-14
71.34375,8.090627553e-14,1.926514911e-13,3.871832012e-13,2.803407725e-13,9.064730182e-14,1.537393371e-13,1.210314356e-13,1.393545576e-13,4.491555331e-14,2.652558019e-13,2.442168412e-13,1.366345739e-13,1.192980798e-13,1.452252928e-13,4.120031083e-13,6.630752814e-13,2.538514887e-13,1.244958537e-13,1.704100048e-13,3.341264255e-13,1.502147857e-13,1.637651957e-14,9.999586519e-15,1.192149525e-13,5.268238201e-14,1.200712023e-13,2.321933954e-13,1.628894234e-13,2.446134728e-13,1.6350713e-13,4.355432733e-13,6.818174318e-14
71.3515625,8.040004425e-14,1.945758721e-13,3.939399898e-13,2.82509207e-13,8.863817263e-14,1.537555206e-13,1.216867731e-13,1.398089447e-13,4.426822706e-14,2.659904629e-13,2.469259268e-13,1.377540173e-13,1.209681666e-13,1.460766229e-13,4.190936475e-13,6.733585499e-13,2.58898682e-13,1.277550978e-13,1.675526147e-13,3.370623391e-13,1.49317659e-13,1.611798954e-14,1.015626377e-14,1.190078103e-13,5.337937728e-14,1.230077706e-13,2.319733507e-13,1.629244441e-13,2.519309187e-13,1.618187037e-13,4.35386755e-13,6.899295793e-14
71.359375,7.995287709e-14,1.964062781e-13,4.007282504e-13,2.847883866e-13,8.671518604e-14,1.537582084e-13,1.222713943e-13,1.402638957e-13,4.364215639e-14,2.664907496e-13,2.49595139e-13,1.387804569e-13,1.226890807e-13,1.468844331e-13,4.263474462e-13,6.83896305e-13,2.640975867e-13,1.310292167e-13,1.648098369e-13,3.405295553e-13,1.483752408e-13,1.587680375e-14,1.033171937e-14,1.188043478e-13,5.410492275e-14,1.260522245e-13,2.319592318e-13,1.628112674e-13,2.593735864e-13,1.60150407e-13,4.351723424e-13,6.984785546e-14
71.3671875,7.946949736e-14,1.983757034e-13,4.077716119e-13,2.870459442e-13,8.484245682e-14,1.537275447e-13,1.228688447e-13,1.407330252e-13,4.301251775e-14,2.669099754e-13,2.523767141e-13,1.398190389e-13,1.244827446e-13,1.475285121e-13,4.339280094e-13,6.947613966e-13,2.695499191e-13,1.343457479e-13,1.621357529e-13,3.444939461e-13,1.475325487e-13,1.565890597e-14,1.053489554e-14,1.186102523e-13,5.493113153e-14,1.292882144e-13,2.321058567e-13,1.626107684e-13,2.671244164e-13,1.585191484e-13,4.349489672e-13,7.077480063e-14
71.375,7.895040128e-14,2.003497468e-13,4.152581085e-13,2.891795789e-13,8.28977408e-14,1.537056393e-13,1.234668938e-13,1.412281469e-13,4.239213288e-14,2.673556843e-13,2.551935947e-13,1.409623694e-13,1.26361717e-13,1.482229646e-13,4.416891852e-13,7.0564933e-13,2.751673457e-13,1.377857945e-13,1.594928585e-13,3.48164878e-13,1.468034702e-13,1.544284966e-14,1.075021571e-14,1.184112795e-13,5.584893614e-14,1.326032083e-13,2.324569198e-13,1.623983367e-13,2.752295447e-13,1.568925126e-13,4.348570069e-13,7.17051524e-14
71.3828125,7.849627242e-14,2.021350647e-13,4.228599867e-13,2.911400799e-13,8.09862802e-14,1.536206536e-13,1.240222682e-13,1.417406318e-13,4.18385034e-14,2.677819828e-13,2.579500409e-13,1.421769781e-13,1.283545996e-13,1.492451644e-13,4.493828403e-13,7.163438454e-13,2.807683171e-13,1.412471184e-13,1.569470519e-13,3.514282195e-13,1.460529228e-13,1.524643368e-14,1.096210638e-14,1.182671834e-13,5.679279299e-14,1.358526218e-13,2.329352113e-13,1.621737787e-13,2.834914521e-13,1.552452844e-13,4.34960151e-13,7.260339986e-14
71.390625,7.816298546e-14,2.038959081e-13,4.301056427e-13,2.931324386e-13,7.924455112e-14,1.534897574e-13,1.245499208e-13,1.42279643e-13,4.132827601e-14,2.681208583e-13,2.606722915e-13,1.43380683e-13,1.304039609e-13,1.502908971e-13,4.570510651e-13,7.270773823e-13,2.864450974e-13,1.446680136e-13,1.545857153e-13,3.547965249e-13,1.451850895e-13,1.508684364e-14,1.117756634e-14,1.182368935e-13,5.776259505e-14,1.391078622e-13,2.335418148e-13,1.618543448e-13,2.917890801e-13,1.536059011e-13,4.350596162e-13,7.349288803e-14
71.3984375,7.786081372e-14,2.057253756e-13,4.372624966e-13,2.953324697e-13,7.756209895e-14,1.533900427e-13,1.250583716e-13,1.428605931e-13,4.080585736e-14,2.683980502e-13,2.634045084e-13,1.445734513e-13,1.323760002e-13,1.510107761e-13,4.648773728e-13,7.38139222e-13,2.923369653e-13,1.481985629e-13,1.52349763e-13,3.584473121e-13,1.443000333e-13,1.492092661e-14,1.140538703e-14,1.182510187e-13,5.877766744e-14,1.425111407e-13,2.343248257e-13,1.615022273e-13,3.001781311e-13,1.520439348e-13,4.35042432e-13,7.438702272e-14
71.40625,7.752230194e-14,2.074796327e-13,4.449424956e-13,2.975695558e-13,7.587703911e-14,1.532707287e-13,1.255603834e-13,1.434601364e-13,4.030881685e-14,2.686717024e-13,2.662575099e-13,1.458136383e-13,1.343067006e-13,1.516796733e-13,4.728456546e-13,7.494137736e-13,2.98285855e-13,1.518055179e-13,1.50103002e-13,3.623140172e-13,1.435343579e-13,1.474691028e-14,1.164218957e-14,1.182573469e-13,5.982285915e-14,1.460582633e-13,2.352402766e-13,1.612250727e-13,3.087546293e-13,1.505900999e-13,4.351497936e-13,7.531712286e-14
71.4140625,7.722199676e-14,2.091990989e-13,4.530797301e-13,2.997136771e-13,7.424905726e-14,1.531371653e-13,1.260809492e-13,1.440409882e-13,3.987728361e-14,2.688751315e-13,2.692739947e-13,1.471152771e-13,1.363646714e-13,1.526164839e-13,4.809288416e-13,7.607527737e-13,3.042597909e-13,1.553649706e-13,1.478174698e-13,3.6626317e-13,1.428562661e-13,1.461342316e-14,1.188479579e-14,1.18322786e-13,6.090638516e-14,1.496417904e-13,2.36317659e-13,1.608841895e-13,3.175875431e-13,1.491834147e-13,4.355382769e-13,7.630467431e-14
71.421875,7.698342871e-14,2.110608676e-13,4.612064878e-13,3.01806866e-13,7.262882436e-14,1.530014808e-13,1.265803953e-13,1.44618343e-13,3.947336246e-14,2.688971152e-13,2.723735736e-13,1.484415789e-13,1.385218687e-13,1.536597868e-13,4.891260666e-13,7.722304755e-13,3.104461705e-13,1.590016221e-13,1.455549525e-13,3.701173624e-13,1.42192549e-13,1.450204473e-14,1.213341758e-14,1.184543038e-13,6.20389395e-14,1.532176468e-13,2.376078594e-13,1.603768039e-13,3.266748475e-13,1.477632836e-13,4.360096299e-13,7.731330382e-14
71.4296875,7.675595941e-14,2.129671358e-13,4.692360499e-13,3.038305209e-13,7.099904921e-14,1.527891315e-13,1.270397683e-13,1.452153946e-13,3.90698749e-14,2.687845874e-13,2.755469602e-13,1.497561154e-13,1.406445376e-13,1.545925571e-13,4.972466533e-13,7.837082395e-13,3.166791283e-13,1.626695051e-13,1.433433494e-13,3.739593189e-13,1.41538567e-13,1.437606067e-14,1.238617197e-14,1.185485039e-13,6.318876828e-14,1.568356922e-13,2.390123753e-13,1.598276365e-13,3.359373487e-13,1.463558661e-13,4.363745262e-13,7.832428369e-14
71.4375,7.660572179e-14,2.147527704e-13,4.773895938e-13,3.058471581e-13,6.942609446e-14,1.526137344e-13,1.2752802e-13,1.4580251e-13,3.867765179e-14,2.686364117e-13,2.787625965e-13,1.510652468e-13,1.427991974e-13,1.554856141e-13,5.052539158e-13,7.949556895e-13,3.22712192e-13,1.661099804e-13,1.411823545e-13,3.778882139e-13,1.408854368e-13,1.425734781e-14,1.264179554e-14,1.185915562e-13,6.434281083e-14,1.605007695e-13,2.405095681e-13,1.592514293e-13,3.453266016e-13,1.450044632e-13,4.367330297e-13,7.933843913e-14
71.4453125,7.661961419e-14,2.165400608e-13,4.858074306e-13,3.079091395e-13,6.786945242e-14,1.525708367e-13,1.280521123e-13,1.46377098e-13,3.830425638e-14,2.684231436e-13,2.819632901e-13,1.524074719e-13,1.450839204e-13,1.564704571e-13,5.133856897e-13,8.060834641e-13,3.287457079e-13,1.69421762e-13,1.390982587e-13,3.817352551e-13,1.402545807e-13,1.415764544e-14,1.290212166e-14,1.186973016e-13,6.552668232e-14,1.641698097e-13,2.422413078e-13,1.58598611e-13,3.549089778e-13,1.437105418e-13,4.372788467e-13,8.032336638e-14
71.453125,7.677911315e-14,2.184053768e-13,4.943951447e-13,3.098430771e-13,6.632907941e-14,1.524471809e-13,1.285563628e-13,1.469794998e-13,3.79539232e-14,2.681076852e-13,2.852479106e-13,1.537791271e-13,1.474214956e-13,1.575079863e-13,5.216502245e-13,8.172369613e-13,3.349416624e-13,1.728262181e-13,1.371330212e-13,3.854960454e-13,1.396802482e-13,1.406401842e-14,1.317179458e-14,1.189123356e-13,6.675696804e-14,1.678776755e-13,2.442057881e-13,1.579920482e-13,3.647652323e-13,1.424509974e-13,4.379480225e-13,8.128662933e-14
71.4609375,7.705412677e-14,2.202312488e-13,5.029311632e-13,3.116341424e-13,6.492119637e-14,1.521817325e-13,1.290496718e-13,1.47586976e-13,3.761908159e-14,2.677504794e-13,2.88591367e-13,1.551485072e-13,1.497629904e-13,1.585142575e-13,5.299038709e-13,8.28393959e-13,3.411830083e-13,1.762822073e-13,1.353121586e-13,3.893976094e-13,1.391098721e-13,1.398209821e-14,1.345647226e-14,1.19167251e-13,6.803246267e-14,1.716598688e-13,2.46296554e-13,1.574861388e-13,3.74852919e-13,1.411825162e-13,4.384874536e-13,8.227122125e-14
71.46875,7.737606751e-14,2.220605724e-13,5.113652729e-13,3.13491125e-13,6.363504541e-14,1.519724082e-13,1.295371632e-13,1.481518163e-13,3.729432562e-14,2.673898667e-13,2.917680883e-13,1.565259281e-13,1.521613592e-13,1.595458528e-13,5.38106091e-13,8.39470631e-13,3.474400667e-13,1.797470222e-13,1.335994176e-13,3.934248624e-13,1.38529016e-13,1.391704346e-14,1.375582123e-14,1.194326932e-13,6.932987474e-14,1.75460434e-13,2.485512999e-13,1.569683117e-13,3.850686269e-13,1.399036634e-13,4.388937404e-13,8.324849202e-14
71.4765625,7.7683628e-14,2.238871691e-13,5.198159323e-13,3.153760366e-13,6.239323186e-14,1.518195349e-13,1.299822347e-13,1.486974026e-13,3.699533046e-14,2.669875387e-13,2.94819494e-13,1.579049366e-13,1.546058911e-13,1.606623276e-13,5.460735291e-13,8.50195168e-13,3.536525941e-13,1.831903736e-13,1.319106909e-13,3.973151013e-13,1.380263765e-13,1.386756109e-14,1.406236419e-14,1.197521433e-13,7.062007919e-14,1.792279436e-13,2.509483266e-13,1.563765649e-13,3.953752779e-13,1.386920088e-13,4.393589958e-13,8.417435331e-14
71.484375,7.809808734e-14,2.254971079e-13,5.283724643e-13,3.170965479e-13,6.123467149e-14,1.516114729e-13,1.303928003e-13,1.492532092e-13,3.671768629e-14,2.664838431e-13,2.979967201e-13,1.592449856e-13,1.570598856e-13,1.617802411e-13,5.537222646e-13,8.60452125e-13,3.596778459e-13,1.865306718e-13,1.302412382e-13,4.010045971e-13,1.376210643e-13,1.383531371e-14,1.437053542e-14,1.201321966e-13,7.190854482e-14,1.829524885e-13,2.533596134e-13,1.557002548e-13,4.058424539e-13,1.375714112e-13,4.398707766e-13,8.507867155e-14
71.4921875,7.868047784e-14,2.270036071e-13,5.370829147e-13,3.185943394e-13,6.017978543e-14,1.513253658e-13,1.307869911e-13,1.497849679e-13,3.644195565e-14,2.658181642e-13,3.013417446e-13,1.605658888e-13,1.595312927e-13,1.62823548e-13,5.612729397e-13,8.705095468e-13,3.655033538e-13,1.898091591e-13,1.286527571e-13,4.047068725e-13,1.372595947e-13,1.381289479e-14,1.468024473e-14,1.205252746e-13,7.320007442e-14,1.866553608e-13,2.559389799e-13,1.549435526e-13,4.166311302e-13,1.364663379e-13,4.403778046e-13,8.599825136e-14
71.5,7.925773319e-14,2.286232946e-13,5.458608498e-13,3.198881321e-13,5.915745407e-14,1.509194412e-13,1.311527324e-13,1.502432628e-13,3.617461553e-14,2.649663985e-13,3.047410507e-13,1.619021207e-13,1.619964496e-13,1.638026709e-13,5.686569798e-13,8.803194129e-13,3.710705268e-13,1.93025643e-13,1.271136573e-13,4.08357508e-13,1.36917248e-13,1.379493843e-14,1.499592615e-14,1.209035428e-13,7.448090187e-14,1.903817522e-13,2.588960382e-13,1.541593063e-13,4.277642353e-13,1.353383757e-13,4.409947357e-13,8.692261342e-14
71.5078125,7.982842112e-14,2.301486059e-13,5.545751641e-13,3.210630308e-13,5.814264545e-14,1.504124969e-13,1.314822135e-13,1.506233624e-13,3.592630386e-14,2.639769463e-13,3.081161098e-13,1.632538225e-13,1.644420997e-13,1.647668281e-13,5.756207315e-13,8.895697256e-13,3.763719826e-13,1.961274327e-13,1.255715222e-13,4.11581119e-13,1.365711104e-13,1.37859235e-14,1.532314576e-14,1.213156318e-13,7.577757615e-14,1.941094865e-13,2.620285898e-13,1.533745773e-13,4.389989286e-13,1.342041573e-13,4.417344622e-13,8.782900061e-14
71.515625,8.059404367e-14,2.315479285e-13,5.633640864e-13,3.221213294e-13,5.719138974e-14,1.498502144e-13,1.317628492e-13,1.509620261e-13,3.570435962e-14,2.629365422e-13,3.114540342e-13,1.646583456e-13,1.669247141e-13,1.658070527e-13,5.823119504e-13,8.984165506e-13,3.816434461e-13,1.992395172e-13,1.240821726e-13,4.144571346e-13,1.362278513e-13,1.379254622e-14,1.566021249e-14,1.218269391e-13,7.712428493e-14,1.977973902e-13,2.651715252e-13,1.526051791e-13,4.502601757e-13,1.330723911e-13,4.425520009e-13,8.871539799e-14
71.5234375,8.154616739e-14,2.330594845e-13,5.723365211e-13,3.229462211e-13,5.634989187e-14,1.491688024e-13,1.320074809e-13,1.512907275e-13,3.551702665e-14,2.619134331e-13,3.14786025e-13,1.661040117e-13,1.694629941e-13,1.669318457e-13,5.888920883e-13,9.071118994e-13,3.868982188e-13,2.023575399e-13,1.226660522e-13,4.173296936e-13,1.359300478e-13,1.382417661e-14,1.600239481e-14,1.223907512e-13,7.849631208e-14,2.014745396e-13,2.685084789e-13,1.518676216e-13,4.617724746e-13,1.319661007e-13,4.435169539e-13,8.96014514e-14
71.53125,8.25860767e-14,2.344710036e-13,5.813214356e-13,3.237386015e-13,5.55994094e-14,1.484252673e-13,1.322586071e-13,1.516169056e-13,3.53486333e-14,2.608935762e-13,3.181266133e-13,1.6748392e-13,1.720023308e-13,1.680308636e-13,5.953015813e-13,9.155856587e-13,3.919403494e-13,2.052514364e-13,1.212741405e-13,4.201355099e-13,1.356663742e-13,1.387890097e-14,1.635003012e-14,1.229380226e-13,7.985505762e-14,2.051112614e-13,2.720309979e-13,1.510807424e-13,4.734748447e-13,1.308974018e-13,4.445469996e-13,9.048246743e-14
71.5390625,8.372235086e-14,2.356077568e-13,5.90338067e-13,3.247964549e-13,5.489768772e-14,1.477849061e-13,1.324951397e-13,1.519381288e-13,3.518386182e-14,2.597932919e-13,3.214986809e-13,1.68806487e-13,1.744993715e-13,1.690876248e-13,6.016350456e-13,9.237999154e-13,3.968606045e-13,2.079302794e-13,1.19944431e-13,4.228849681e-13,1.354212798e-13,1.394318341e-14,1.669892154e-14,1.235300815e-13,8.118458971e-14,2.086547375e-13,2.755721393e-13,1.501946786e-13,4.850725611e-13,1.298316307e-13,4.454622024e-13,9.131315178e-14
71.546875,8.490204704e-14,2.367673907e-13,5.995116052e-13,3.25912829e-13,5.425214419e-14,1.471979252e-13,1.326805132e-13,1.522619767e-13,3.503374224e-14,2.585933264e-13,3.249362538e-13,1.70173067e-13,1.76961567e-13,1.701679932e-13,6.079688455e-13,9.318003262e-13,4.017770199e-13,2.1056987e-13,1.187132847e-13,4.258306344e-13,1.35227773e-13,1.401474798e-14,1.704089893e-14,1.242175531e-13,8.248712556e-14,2.121776452e-13,2.792546706e-13,1.493140835e-13,4.966678985e-13,1.287467845e-13,4.46335205e-13,9.208830394e-14
71.5546875,8.611921572e-14,2.379592092e-13,6.086659842e-13,3.269033783e-13,5.370872913e-14,1.465584025e-13,1.328458585e-13,1.526232739e-13,3.490663681e-14,2.573501945e-13,3.284138886e-13,1.715638605e-13,1.794439603e-13,1.712616558e-13,6.142387725e-13,9.397051467e-13,4.066639001e-13,2.132081921e-13,1.175252427e-13,4.288858563e-13,1.350908156e-13,1.409940441e-14,1.737602284e-14,1.249666647e-13,8.378828392e-14,2.156772251e-13,2.831519249e-13,1.484953319e-13,5.08506157e-13,1.276564614e-13,4.473129708e-13,9.285108405e-14
71.5625,8.749090662e-14,2.390458686e-13,6.176919942e-13,3.280067378e-13,5.325270546e-14,1.459342673e-13,1.329992894e-13,1.530121237e-13,3.478942861e-14,2.560689823e-13,3.319138847e-13,1.729222442e-13,1.819733691e-13,1.723093549e-13,6.204343477e-13,9.476025881e-13,4.115818056e-13,2.158487987e-13,1.163827486e-13,4.318844929e-13,1.349968879e-13,1.419790016e-14,1.770651978e-14,1.25786592e-13,8.50898934e-14,2.190179005e-13,2.870956352e-13,1.476810866e-13,5.204514664e-13,1.265824936e-13,4.483802814e-13,9.358771905e-14
71.5703125,8.898721232e-14,2.402373218e-13,6.266060066e-13,3.291804173e-13,5.279025092e-14,1.453675736e-13,1.331296012e-13,1.533320271e-13,3.46564218e-14,2.54732078e-13,3.354246975e-13,1.742400704e-13,1.844982711e-13,1.732397788e-13,6.263823559e-13,9.551368462e-13,4.164041546e-13,2.184293286e-13,1.153202238e-13,4.347922434e-13,1.349224121e-13,1.430493299e-14,1.803902535e-14,1.266509863e-13,8.637045152e-14,2.222269551e-13,2.911020554e-13,1.468439504e-13,5.323125442e-13,1.255284458e-13,4.494505911e-13,9.425525791e-14
71.578125,9.053634303e-14,2.414284827e-13,6.352888967e-13,3.301449372e-13,5.232811422e-14,1.447905145e-13,1.332830328e-13,1.53567749e-13,3.45240148e-14,2.533691464e-13,3.388937408e-13,1.754941646e-13,1.870259049e-13,1.741147499e-13,6.31921799e-13,9.620641276e-13,4.209028608e-13,2.208267885e-13,1.143087269e-13,4.374537467e-13,1.348107858e-13,1.442433721e-14,1.83889612e-14,1.274932424e-13,8.766190585e-14,2.254256842e-13,2.953121524e-13,1.459803553e-13,5.44209056e-13,1.244520018e-13,4.504411818e-13,9.488877013e-14
71.5859375,9.221879948e-14,2.423172925e-13,6.439067488e-13,3.31017715e-13,5.203026267e-14,1.441671968e-13,1.334684564e-13,1.538254516e-13,3.445498602e-14,2.519699719e-13,3.423904228e-13,1.767415954e-13,1.896464634e-13,1.751952649e-13,6.373053965e-13,9.687701443e-13,4.252242877e-13,2.230976397e-13,1.133819637e-13,4.399589446e-13,1.347080632e-13,1.457897452e-14,1.875239119e-14,1.283781617e-13,8.899446967e-14,2.285820173e-13,2.997234719e-13,1.451122967e-13,5.563781803e-13,1.233334774e-13,4.514051896e-13,9.552761805e-14
71.59375,9.4044932e-14,2.431930425e-13,6.527240195e-13,3.319153189e-13,5.193773941e-14,1.435047336e-13,1.336347742e-13,1.541110878e-13,3.442700203e-14,2.504652356e-13,3.460255683e-13,1.780689962e-13,1.923379653e-13,1.765052744e-13,6.426535181e-13,9.752996569e-13,4.294627991e-13,2.253313021e-13,1.126048689e-13,4.425099352e-13,1.347242834e-13,1.476170859e-14,1.910656109e-14,1.293201733e-13,9.032647762e-14,2.316473552e-13,3.043221129e-13,1.443015555e-13,5.689140336e-13,1.222103668e-13,4.524506112e-13,9.613992076e-14
71.6015625,9.593646504e-14,2.442797191e-13,6.614570007e-13,3.326553722e-13,5.191180411e-14,1.427806822e-13,1.337723958e-13,1.543147215e-13,3.435333626e-14,2.488211006e-13,3.497242047e-13,1.793829991e-13,1.949966852e-13,1.777438126e-13,6.476962703e-13,9.81238051e-13,4.333765674e-13,2.274489407e-13,1.119156085e-13,4.448799451e-13,1.347702505e-13,1.493576368e-14,1.94454615e-14,1.30182078e-13,9.16378424e-14,2.34656782e-13,3.090653653e-13,1.435167346e-13,5.816818316e-13,1.21064372e-13,4.534245887e-13,9.673163315e-14
71.609375,9.790216845e-14,2.452455904e-13,6.69904654e-13,3.33233974e-13,5.190528783e-14,1.419511505e-13,1.338876992e-13,1.543801838e-13,3.425989068e-14,2.470635984e-13,3.534363034e-13,1.805738164e-13,1.975985221e-13,1.788290323e-13,6.523713926e-13,9.86661838e-13,4.369167942e-13,2.293826519e-13,1.112338561e-13,4.469525351e-13,1.346904308e-13,1.512045457e-14,1.976871445e-14,1.30990924e-13,9.29410569e-14,2.375921812e-13,3.13833844e-13,1.426875084e-13,5.944605609e-13,1.19870642e-13,4.541678717e-13,9.734871845e-14
71.6171875,1.000281502e-13,2.460053074e-13,6.78377016e-13,3.337537566e-13,5.19196332e-14,1.41064274e-13,1.339888259e-13,1.543431085e-13,3.420654351e-14,2.452636518e-13,3.572339744e-13,1.816989491e-13,2.001259361e-13,1.798522477e-13,6.567860295e-13,9.917241571e-13,4.40190923e-13,2.311264933e-13,1.105662639e-13,4.48897829e-13,1.345698147e-13,1.534173864e-14,2.007297118e-14,1.318684592e-13,9.420240153e-14,2.40409733e-13,3.186458809e-13,1.418922449e-13,6.07211116e-13,1.187192344e-13,4.548362792e-13,9.795311054e-14
71.625,1.024103085e-13,2.467728351e-13,6.870339474e-13,3.34170978e-13,5.190181363e-14,1.402512528e-13,1.341206765e-13,1.543125265e-13,3.416465866e-14,2.434777333e-13,3.611235862e-13,1.828383683e-13,2.025776312e-13,1.807809996e-13,6.609650427e-13,9.96296653e-13,4.432261523e-13,2.327118828e-13,1.0994361e-13,4.506434181e-13,1.345696462e-13,1.555861424e-14,2.038163014e-14,1.327793889e-13,9.542310858e-14,2.431593928e-13,3.236362933e-13,1.41209386e-13,6.201053082e-13,1.1764524e-13,4.555994654e-13,9.849782728e-14
71.6328125,1.048969649e-13,2.475236079e-13,6.95919871e-13,3.345361052e-13,5.193174429e-14,1.395201047e-13,1.342879698e-13,1.543345676e-13,3.414533305e-14,2.41657998e-13,3.651581502e-13,1.840620333e-13,2.0508631e-13,1.81768291e-13,6.650639347e-13,1.000631035e-12,4.461944795e-13,2.342728201e-13,1.094033236e-13,4.521862902e-13,1.346903092e-13,1.577940735e-14,2.071477235e-14,1.337378547e-13,9.667302693e-14,2.459187561e-13,3.288732555e-13,1.405195099e-13,6.333071698e-13,1.165414894e-13,4.565710563e-13,9.902177185e-14
71.640625,1.071624732e-13,2.482156351e-13,7.050883581e-13,3.348367785e-13,5.210398439e-14,1.387682353e-13,1.344597467e-13,1.54265458e-13,3.419351733e-14,2.39725986e-13,3.693822164e-13,1.85405902e-13,2.077056754e-13,1.830260197e-13,6.691205406e-13,1.004930565e-12,4.491662961e-13,2.358471698e-13,1.089352781e-13,4.53672502e-13,1.348699848e-13,1.60596271e-14,2.105061765e-14,1.347983758e-13,9.794946513e-14,2.486707822e-13,3.343100767e-13,1.396944723e-13,6.467769723e-13,1.153651723e-13,4.578393206e-13,9.954011387e-14
71.6484375,1.093935427e-13,2.488805057e-13,7.142040035e-13,3.348439932e-13,5.232964122e-14,1.379825902e-13,1.346578301e-13,1.5401558e-13,3.425989576e-14,2.376992597e-13,3.73589488e-13,1.867334089e-13,2.10274948e-13,1.843406577e-13,6.728894703e-13,1.008851336e-12,4.518889e-13,2.372821884e-13,1.084735333e-13,4.549633053e-13,1.350730605e-13,1.635672988e-14,2.137825339e-14,1.358252178e-13,9.919132215e-14,2.51334781e-13,3.397874359e-13,1.388084397e-13,6.60352858e-13,1.141541672e-13,4.591438321e-13,1.000283027e-13
71.65625,1.120446925e-13,2.493834443e-13,7.231229856e-13,3.346579875e-13,5.259425576e-14,1.372007689e-13,1.348827441e-13,1.53698659e-13,3.429956031e-14,2.356429079e-13,3.77669906e-13,1.879411827e-13,2.127443058e-13,1.854939385e-13,6.763301106e-13,1.012287613e-12,4.542662277e-13,2.385266927e-13,1.080391519e-13,4.559654664e-13,1.352776529e-13,1.66252784e-14,2.171962953e-14,1.367700418e-13,1.00405027e-13,2.538690881e-13,3.452575594e-13,1.379929863e-13,6.740268979e-13,1.12914404e-13,4.602420862e-13,1.005051379e-13
71.6640625,1.149630573e-13,2.497069098e-13,7.322091992e-13,3.346540685e-13,5.298151091e-14,1.364268345e-13,1.350730429e-13,1.533676015e-13,3.434262859e-14,2.335811628e-13,3.818039169e-13,1.891404295e-13,2.152497633e-13,1.866401597e-13,6.795341045e-13,1.015391336e-12,4.56390198e-13,2.396700501e-13,1.076871088e-13,4.567232324e-13,1.355055142e-13,1.691719813e-14,2.20718731e-14,1.378030737e-13,1.016010052e-13,2.562684173e-13,3.509025355e-13,1.372389563e-13,6.878503753e-13,1.116800512e-13,4.613890253e-13,1.009669665e-13
71.671875,1.178634468e-13,2.501060053e-13,7.41378208e-13,3.347215284e-13,5.340535313e-14,1.356609302e-13,1.352243212e-13,1.529597034e-13,3.440100541e-14,2.314895457e-13,3.860240565e-13,1.903768444e-13,2.177764614e-13,1.878357484e-13,6.823993321e-13,1.018009706e-12,4.582113572e-13,2.407159927e-13,1.073737899e-13,4.571379672e-13,1.357852968e-13,1.724131234e-14,2.2412677e-14,1.389372527e-13,1.027370264e-13,2.585522203e-13,3.567646901e-13,1.364822789e-13,7.016739954e-13,1.104826864e-13,4.626976412e-13,1.013722461e-13
71.6796875,1.209147699e-13,2.506473373e-13,7.502850019e-13,3.3449676e-13,5.380513651e-14,1.348841699e-13,1.353976816e-13,1.524719118e-13,3.447599727e-14,2.293460852e-13,3.902324805e-13,1.915638846e-13,2.202066828e-13,1.88984155e-13,6.84985389e-13,1.020136052e-12,4.597754127e-13,2.41625512e-13,1.070904046e-13,4.573159348e-13,1.360856637e-13,1.755906819e-14,2.275060336e-14,1.400498941e-13,1.038341164e-13,2.60792197e-13,3.626687691e-13,1.357537576e-13,7.154175787e-13,1.092644506e-13,4.639156393e-13,1.017345331e-13
71.6875,1.241479026e-13,2.510747621e-13,7.591210449e-13,3.340832186e-13,5.432048927e-14,1.340954009e-13,1.356121596e-13,1.519429858e-13,3.458688115e-14,2.271954112e-13,3.944831117e-13,1.927030404e-13,2.225963959e-13,1.901622999e-13,6.874749507e-13,1.021996194e-12,4.612629875e-13,2.424360827e-13,1.068857864e-13,4.574839356e-13,1.363580828e-13,1.78940822e-14,2.310302901e-14,1.411618233e-13,1.0496307e-13,2.630025444e-13,3.685493488e-13,1.350811834e-13,7.292207119e-13,1.079939731e-13,4.650459596e-13,1.020830242e-13
71.6953125,1.274207307e-13,2.51271202e-13,7.679479008e-13,3.336868492e-13,5.500884931e-14,1.333171315e-13,1.358124671e-13,1.514255909e-13,3.472808107e-14,2.250522379e-13,3.987630055e-13,1.938014736e-13,2.250116605e-13,1.913846561e-13,6.896902084e-13,1.023461056e-12,4.626177902e-13,2.431956065e-13,1.06716425e-13,4.576399799e-13,1.366030522e-13,1.826091071e-14,2.345781495e-14,1.4231184e-13,1.060924969e-13,2.650846892e-13,3.744001023e-13,1.34376911e-13,7.4303043e-13,1.067143853e-13,4.661356359e-13,1.024157377e-13
71.703125,1.308252498e-13,2.514252906e-13,7.764742955e-13,3.331518292e-13,5.57643235e-14,1.325383106e-13,1.359528864e-13,1.509672435e-13,3.48851927e-14,2.228060302e-13,4.029699453e-13,1.947998727e-13,2.273721056e-13,1.925045397e-13,6.914627211e-13,1.024357912e-12,4.637051739e-13,2.438978125e-13,1.065438855e-13,4.57852131e-13,1.368571129e-13,1.863042743e-14,2.379970347e-14,1.434576543e-13,1.071492749e-13,2.669987623e-13,3.802021624e-13,1.335775736e-13,7.566285095e-13,1.054352373e-13,4.670068856e-13,1.027355879e-13
71.7109375,1.343408456e-13,2.516017e-13,7.848289815e-13,3.324671942e-13,5.653053017e-14,1.318316996e-13,1.36097291e-13,1.505169567e-13,3.5056686e-14,2.20420835e-13,4.071441295e-13,1.957259822e-13,2.296819493e-13,1.935703812e-13,6.930437249e-13,1.024911975e-12,4.646060609e-13,2.44483842e-13,1.064202367e-13,4.580788235e-13,1.37130679e-13,1.900900228e-14,2.414308106e-14,1.446166298e-13,1.081697653e-13,2.687950701e-13,3.860577494e-13,1.327510861e-13,7.700194267e-13,1.041425263e-13,4.677763432e-13,1.030269177e-13
71.71875,1.378736431e-13,2.515565789e-13,7.93214594e-13,3.31914513e-13,5.736494961e-14,1.312758919e-13,1.363103213e-13,1.499960785e-13,3.52425201e-14,2.180097579e-13,4.113018187e-13,1.96629973e-13,2.32022402e-13,1.947272702e-13,6.945588083e-13,1.025301802e-12,4.653753226e-13,2.448892948e-13,1.063559279e-13,4.57988239e-13,1.373953731e-13,1.941339243e-14,2.450664934e-14,1.458350892e-13,1.092059277e-13,2.704962107e-13,3.919818261e-13,1.319605714e-13,7.833001045e-13,1.028488219e-13,4.686588544e-13,1.032797323e-13
71.7265625,1.415724464e-13,2.512299744e-13,8.014005931e-13,3.314699926e-13,5.831531635e-14,1.307053747e-13,1.364986319e-13,1.493824485e-13,3.544528084e-14,2.155867765e-13,4.153879828e-13,1.974737913e-13,2.343103922e-13,1.958839696e-13,6.957938475e-13,1.025416114e-12,4.659258814e-13,2.451560824e-13,1.063315423e-13,4.575827405e-13,1.37638904e-13,1.98340664e-14,2.487551762e-14,1.47079611e-13,1.10209759e-13,2.721183949e-13,3.97850902e-13,1.311714335e-13,7.964909508e-13,1.015549212e-13,4.694544298e-13,1.03525806e-13
71.734375,1.453919008e-13,2.510016862e-13,8.092708224e-13,3.30984852e-13,5.930591968e-14,1.300509026e-13,1.36597513e-13,1.486742304e-13,3.564973392e-14,2.130918351e-13,4.195136492e-13,1.982760052e-13,2.364741424e-13,1.969166314e-13,6.967828893e-13,1.025190172e-12,4.662934868e-13,2.454295372e-13,1.063690376e-13,4.570234648e-13,1.378768194e-13,2.026726924e-14,2.521923224e-14,1.482876663e-13,1.11147376e-13,2.736643691e-13,4.037242883e-13,1.303659274e-13,8.096271935e-13,1.002387605e-13,4.700337694e-13,1.037331883e-13
71.7421875,1.491307046e-13,2.511230745e-13,8.17013981e-13,3.307324977e-13,6.026585381e-14,1.295881342e-13,1.36723738e-13,1.479295791e-13,3.583513183e-14,2.105768453e-13,4.238255142e-13,1.991302032e-13,2.386591793e-13,1.97911887e-13,6.978074487e-13,1.024691885e-12,4.665903204e-13,2.457419006e-13,1.064614171e-13,4.562050165e-13,1.381328407e-13,2.070970073e-14,2.553288514e-14,1.494568004e-13,1.120614412e-13,2.751054435e-13,4.097071283e-13,1.296099087e-13,8.226900866e-13,9.889655103e-14,4.705917631e-13,1.038445342e-13
71.75,1.529785754e-13,2.513138902e-13,8.247690548e-13,3.308619341e-13,6.128065586e-14,1.293488355e-13,1.369169744e-13,1.472050547e-13,3.601028325e-14,2.080584241e-13,4.282908124e-13,2.000085312e-13,2.409398396e-13,1.98925621e-13,6.98812355e-13,1.023918812e-12,4.667429502e-13,2.459516146e-13,1.06588998e-13,4.552946086e-13,1.384338365e-13,2.115508156e-14,2.583774946e-14,1.506364428e-13,1.129719466e-13,2.764962392e-13,4.157431978e-13,1.289378457e-13,8.356539479e-13,9.757146225e-14,4.711605021e-13,1.039401756e-13
71.7578125,1.571230256e-13,2.512455032e-13,8.324781759e-13,3.309249697e-13,6.239465439e-14,1.290108027e-13,1.370762769e-13,1.464363698e-13,3.617819067e-14,2.054704927e-13,4.327800415e-13,2.00776892e-13,2.431645337e-13,1.99838178e-13,6.995456275e-13,1.022825957e-12,4.666562785e-13,2.460153523e-13,1.067644728e-13,4.545212677e-13,1.387492889e-13,2.160483848e-14,2.615878778e-14,1.518379762e-13,1.138801156e-13,2.7791674e-13,4.218699258e-13,1.282870948e-13,8.486177095e-13,9.62990131e-14,4.716177102e-13,1.04103743e-13
71.765625,1.613555235e-13,2.50956923e-13,8.399258133e-13,3.306062266e-13,6.352553133e-14,1.28539501e-13,1.372188751e-13,1.455862375e-13,3.634259531e-14,2.028398474e-13,4.371592183e-13,2.014240077e-13,2.452462078e-13,2.006242738e-13,7.000977693e-13,1.021524246e-12,4.664351318e-13,2.460571514e-13,1.069624219e-13,4.535914077e-13,1.390064764e-13,2.205411655e-14,2.650577944e-14,1.530380529e-13,1.148176612e-13,2.793325121e-13,4.28148154e-13,1.275846842e-13,8.616069591e-13,9.502258509e-14,4.71975624e-13,1.042661147e-13
71.7734375,1.655684219e-13,2.505431656e-13,8.470735921e-13,3.301121706e-13,6.46937002e-14,1.281208705e-13,1.374081467e-13,1.447040284e-13,3.65389675e-14,2.001829057e-13,4.414062956e-13,2.020529287e-13,2.472575783e-13,2.014113666e-13,7.006849228e-13,1.020192459e-12,4.661610918e-13,2.460917768e-13,1.07139024e-13,4.523722081e-13,1.392175872e-13,2.250388427e-14,2.686330664e-14,1.542534239e-13,1.157736543e-13,2.806977318e-13,4.3438375e-13,1.268165339e-13,8.744627066e-13,9.368578063e-14,4.722559509e-13,1.043764509e-13
71.78125,1.699354883e-13,2.499730799e-13,8.54062521e-13,3.296134865e-13,6.596852505e-14,1.277052565e-13,1.375682623e-13,1.437550762e-13,3.675343039e-14,1.974287995e-13,4.456561387e-13,2.026244468e-13,2.492249393e-13,2.021812138e-13,7.01158581e-13,1.018776407e-12,4.65764159e-13,2.460176054e-13,1.073075041e-13,4.511240137e-13,1.394144565e-13,2.296162199e-14,2.721630381e-14,1.554501003e-13,1.166861191e-13,2.819987081e-13,4.403822371e-13,1.260261326e-13,8.86970739e-13,9.234828304e-14,4.723509431e-13,1.044880412e-13
71.7890625,1.745039904e-13,2.493420396e-13,8.607161497e-13,3.290711189e-13,6.73056247e-14,1.272021777e-13,1.376564458e-13,1.426868298e-13,3.693339821e-14,1.946184909e-13,4.499687901e-13,2.030140915e-13,2.511080766e-13,2.028006728e-13,7.01245777e-13,1.017055904e-12,4.652168356e-13,2.458409419e-13,1.074930167e-13,4.498471735e-13,1.395492809e-13,2.342053846e-14,2.757518234e-14,1.565276106e-13,1.175407725e-13,2.831927475e-13,4.462137247e-13,1.252725577e-13,8.990180599e-13,9.105244928e-14,4.721534019e-13,1.046220331e-13
71.796875,1.791010637e-13,2.487625363e-13,8.66930577e-13,3.284839565e-13,6.869116746e-14,1.26701714e-13,1.377576901e-13,1.415717646e-13,3.711888295e-14,1.918575004e-13,4.542886252e-13,2.033263394e-13,2.529251308e-13,2.033373085e-13,7.010301591e-13,1.015017427e-12,4.64536295e-13,2.456273817e-13,1.076905604e-13,4.484734833e-13,1.396604738e-13,2.388912243e-14,2.794298942e-14,1.575500021e-13,1.183653769e-13,2.843022744e-13,4.520543733e-13,1.245563272e-13,9.108335977e-13,8.974341977e-14,4.718125224e-13,1.047496442e-13
71.8046875,1.836714637e-13,2.481095591e-13,8.731549508e-13,3.27831956e-13,7.014847645e-14,1.26273336e-13,1.379161435e-13,1.404906796e-13,3.737502671e-14,1.891462375e-13,4.586170429e-13,2.037419379e-13,2.546890232e-13,2.039334875e-13,7.007606202e-13,1.012826436e-12,4.636810831e-13,2.453868873e-13,1.078782959e-13,4.47096464e-13,1.398714246e-13,2.43844941e-14,2.829459765e-14,1.58692098e-13,1.191640777e-13,2.853860217e-13,4.579454664e-13,1.23851811e-13,9.227431847e-13,8.841862531e-14,4.716369056e-13,1.048604777e-13
71.8125,1.88413745e-13,2.472907719e-13,8.795084635e-13,3.270425079e-13,7.160316557e-14,1.258579982e-13,1.380949398e-13,1.394192035e-13,3.766170408e-14,1.864661525e-13,4.629110035e-13,2.041656675e-13,2.563331014e-13,2.045010145e-13,7.003674993e-13,1.010413677e-12,4.626176829e-13,2.450854459e-13,1.080362155e-13,4.456380248e-13,1.401289007e-13,2.488677363e-14,2.862355864e-14,1.599357173e-13,1.199251545e-13,2.864129573e-13,4.637266094e-13,1.231896231e-13,9.346005413e-13,8.712921521e-14,4.715188967e-13,1.049695172e-13
71.8203125,1.934255237e-13,2.464526777e-13,8.855160715e-13,3.261658393e-13,7.305821708e-14,1.25402883e-13,1.382496315e-13,1.382854889e-13,3.793194462e-14,1.837887438e-13,4.670683011e-13,2.044584359e-13,2.579067272e-13,2.04963802e-13,6.995811641e-13,1.007478092e-12,4.61363787e-13,2.446604903e-13,1.082177922e-13,4.440470786e-13,1.402801096e-13,2.539023778e-14,2.896054534e-14,1.611495464e-13,1.20645944e-13,2.873645733e-13,4.693320997e-13,1.225873777e-13,9.461675191e-13,8.585105177e-14,4.710261698e-13,1.050916508e-13
71.828125,1.985931199e-13,2.456790774e-13,8.911282644e-13,3.253286475e-13,7.469877085e-14,1.249815919e-13,1.383579965e-13,1.370931098e-13,3.822644047e-14,1.810310937e-13,4.711478919e-13,2.047303311e-13,2.596179522e-13,2.055381701e-13,6.983757311e-13,1.003929125e-12,4.599830415e-13,2.441533286e-13,1.085352645e-13,4.423886991e-13,1.403460605e-13,2.59348204e-14,2.932233259e-14,1.623201949e-13,1.213360577e-13,2.882478637e-13,4.749502233e-13,1.220056426e-13,9.576089423e-13,8.454132497e-14,4.702207036e-13,1.051918804e-13
71.8359375,2.039361793e-13,2.448307408e-13,8.96648283e-13,3.24535768e-13,7.65829029e-14,1.246652768e-13,1.384464819e-13,1.359324242e-13,3.858073566e-14,1.782089e-13,4.752619947e-13,2.050541831e-13,2.614446619e-13,2.063250324e-13,6.969206003e-13,9.999456338e-13,4.58516791e-13,2.436977175e-13,1.089704555e-13,4.404846367e-13,1.404612831e-13,2.652267375e-14,2.96928435e-14,1.634851867e-13,1.220054389e-13,2.889842515e-13,4.805838773e-13,1.214195525e-13,9.689114481e-13,8.322274489e-14,4.69489707e-13,1.052221675e-13
71.84375,2.094903814e-13,2.438405621e-13,9.020024103e-13,3.237167298e-13,7.850220076e-14,1.243634487e-13,1.385578169e-13,1.34812463e-13,3.896348856e-14,1.754166126e-13,4.7939283e-13,2.052850228e-13,2.631087885e-13,2.070178624e-13,6.953476725e-13,9.957447957e-13,4.569064249e-13,2.432476655e-13,1.09367573e-13,4.382885119e-13,1.406785261e-13,2.711001028e-14,3.006000422e-14,1.646315195e-13,1.226479555e-13,2.895704128e-13,4.860286846e-13,1.208185612e-13,9.797886246e-13,8.192742995e-14,4.68738335e-13,1.052208492e-13
71.8515625,2.150895177e-13,2.429469283e-13,9.070603633e-13,3.22933471e-13,8.033443432e-14,1.240459638e-13,1.38701227e-13,1.336561563e-13,3.934720733e-14,1.726475418e-13,4.834945715e-13,2.053624251e-13,2.646031307e-13,2.074499879e-13,6.938171551e-13,9.916039776e-13,4.551750062e-13,2.427104961e-13,1.097024089e-13,4.362247386e-13,1.409336764e-13,2.769051018e-14,3.042119292e-14,1.657208126e-13,1.232668691e-13,2.901555817e-13,4.913778975e-13,1.202338789e-13,9.903602525e-13,8.065199277e-14,4.676892977e-13,1.052451256e-13
71.859375,2.20735821e-13,2.42317307e-13,9.119042631e-13,3.223521043e-13,8.222678114e-14,1.238485381e-13,1.388639825e-13,1.32482618e-13,3.975861883e-14,1.698623812e-13,4.87511992e-13,2.054282594e-13,2.661922438e-13,2.078973924e-13,6.923796592e-13,9.87640141e-13,4.534404785e-13,2.422035604e-13,1.101067436e-13,4.344597937e-13,1.411507121e-13,2.829551001e-14,3.076460834e-14,1.667699588e-13,1.238819335e-13,2.907888903e-13,4.967355055e-13,1.197330898e-13,1.00083397e-12,7.937518753e-14,4.664832842e-13,1.052764967e-13
71.8671875,2.265548037e-13,2.416608152e-13,9.164437466e-13,3.219857577e-13,8.425403238e-14,1.237325211e-13,1.390085073e-13,1.313366083e-13,4.021202047e-14,1.670769571e-13,4.91381113e-13,2.055548627e-13,2.679254529e-13,2.08510226e-13,6.907593821e-13,9.83503161e-13,4.51624831e-13,2.417439252e-13,1.105884235e-13,4.325943867e-13,1.413518945e-13,2.8930442e-14,3.109606408e-14,1.678913178e-13,1.244792626e-13,2.913550448e-13,5.018731575e-13,1.192538204e-13,1.010958743e-12,7.809344564e-14,4.652917736e-13,1.052890368e-13
71.875,2.324279938e-13,2.407812524e-13,9.204100341e-13,3.2161172e-13,8.631924366e-14,1.235102961e-13,1.391106155e-13,1.301734138e-13,4.066567902e-14,1.643002727e-13,4.951202518e-13,2.05596577e-13,2.696443334e-13,2.090904229e-13,6.887486208e-13,9.789481398e-13,4.496619217e-13,2.411674196e-13,1.110391211e-13,4.304563466e-13,1.415590611e-13,2.956633899e-14,3.145159486e-14,1.69080795e-13,1.250259013e-13,2.917621849e-13,5.067927101e-13,1.187040366e-13,1.020493089e-12,7.683015709e-14,4.639109325e-13,1.05276713e-13
71.8828125,2.383568084e-13,2.39963847e-13,9.237342588e-13,3.210362584e-13,8.846886798e-14,1.232186966e-13,1.392183734e-13,1.290024696e-13,4.111661327e-14,1.615427958e-13,4.987425672e-13,2.054079524e-13,2.712384038e-13,2.095439439e-13,6.865381463e-13,9.74280364e-13,4.477362687e-13,2.405013455e-13,1.114726997e-13,4.284009406e-13,1.416999024e-13,3.019277265e-14,3.184255436e-14,1.70133386e-13,1.255297057e-13,2.920513706e-13,5.11709582e-13,1.18179803e-13,1.029523711e-12,7.558352169e-14,4.621245756e-13,1.052369547e-13
71.890625,2.44535768e-13,2.39223497e-13,9.267536857e-13,3.203992181e-13,9.075021479e-14,1.230167029e-13,1.393685828e-13,1.278892503e-13,4.16145553e-14,1.588143515e-13,5.022606226e-13,2.050802352e-13,2.726909811e-13,2.099462213e-13,6.843724835e-13,9.697083458e-13,4.458708363e-13,2.39858262e-13,1.119534374e-13,4.266296794e-13,1.417855202e-13,3.083222889e-14,3.224594558e-14,1.710210637e-13,1.260238447e-13,2.923701203e-13,5.164626527e-13,1.177268473e-13,1.038231242e-12,7.433987734e-14,4.600769838e-13,1.052164887e-13
71.8984375,2.508071715e-13,2.382598843e-13,9.298644713e-13,3.19971115e-13,9.296310283e-14,1.229155013e-13,1.395345298e-13,1.268049639e-13,4.213109432e-14,1.56107923e-13,5.057588633e-13,2.047795842e-13,2.741001225e-13,2.10314292e-13,6.822926997e-13,9.651019136e-13,4.43932429e-13,2.392415086e-13,1.12444013e-13,4.248761496e-13,1.419190685e-13,3.147976302e-14,3.26558485e-14,1.71939867e-13,1.265187965e-13,2.92776318e-13,5.209041549e-13,1.172393908e-13,1.046706201e-12,7.314220274e-14,4.580297605e-13,1.05237962e-13
71.90625,2.569937933e-13,2.37277414e-13,9.328290246e-13,3.19671112e-13,9.50826458e-14,1.22839761e-13,1.396986497e-13,1.257016055e-13,4.261255947e-14,1.534448148e-13,5.091821007e-13,2.044617132e-13,2.755226822e-13,2.106823558e-13,6.801775533e-13,9.604026134e-13,4.420057083e-13,2.387059458e-13,1.129268262e-13,4.229523507e-13,1.420790025e-13,3.211060786e-14,3.307017556e-14,1.728907887e-13,1.269755791e-13,2.931258903e-13,5.252235106e-13,1.167646964e-13,1.054710899e-12,7.200333585e-14,4.559028903e-13,1.05229657e-13
71.9140625,2.633989499e-13,2.364909503e-13,9.350864018e-13,3.192798513e-13,9.736892819e-14,1.227615368e-13,1.398389294e-13,1.245997959e-13,4.31149813e-14,1.507847738e-13,5.124116671e-13,2.040013513e-13,2.768604185e-13,2.110946453e-13,6.778255356e-13,9.554994353e-13,4.401149095e-13,2.382520279e-13,1.134504971e-13,4.210424749e-13,1.422021407e-13,3.275464203e-14,3.346636246e-14,1.737611406e-13,1.273503976e-13,2.933218433e-13,5.294009972e-13,1.163784931e-13,1.061919793e-12,7.082828219e-14,4.534284512e-13,1.051685743e-13
71.921875,2.701776496e-13,2.355541012e-13,9.36838012e-13,3.189214549e-13,9.983481221e-14,1.227592596e-13,1.399380892e-13,1.235041733e-13,4.367137239e-14,1.480152156e-13,5.156096321e-13,2.034534471e-13,2.781504279e-13,2.115082961e-13,6.752956259e-13,9.503327549e-13,4.381835227e-13,2.378044024e-13,1.140207915e-13,4.192428023e-13,1.423223125e-13,3.344512289e-14,3.384470736e-14,1.746292507e-13,1.276979871e-13,2.934494068e-13,5.333272763e-13,1.15968749e-13,1.068630008e-12,6.957838528e-14,4.507230452e-13,1.051082161e-13
71.9296875,2.769879451e-13,2.344766502e-13,9.387648518e-13,3.187160762e-13,1.023137506e-13,1.229011689e-13,1.400560164e-13,1.223969052e-13,4.42140013e-14,1.451910839e-13,5.189595134e-13,2.029468631e-13,2.795303736e-13,2.119196597e-13,6.729069325e-13,9.452449888e-13,4.363389411e-13,2.37464232e-13,1.146241976e-13,4.173708442e-13,1.424732777e-13,3.414720561e-14,3.422414939e-14,1.755670045e-13,1.280953628e-13,2.935782139e-13,5.372263021e-13,1.155237063e-13,1.075444739e-12,6.835707755e-14,4.48142323e-13,1.050404343e-13
71.9375,2.836680063e-13,2.336539481e-13,9.408385109e-13,3.184969066e-13,1.048341903e-13,1.230686055e-13,1.402239541e-13,1.213020264e-13,4.475227895e-14,1.424677306e-13,5.223229265e-13,2.024771654e-13,2.808887299e-13,2.123307065e-13,6.705984038e-13,9.402773953e-13,4.344881821e-13,2.372510569e-13,1.152602932e-13,4.153871036e-13,1.426775557e-13,3.483963912e-14,3.460445862e-14,1.765045804e-13,1.284824425e-13,2.937242563e-13,5.411252839e-13,1.151417615e-13,1.082324281e-12,6.722035428e-14,4.456222321e-13,1.049513903e-13
71.9453125,2.90493359e-13,2.329165967e-13,9.424874727e-13,3.182536619e-13,1.07451913e-13,1.231577485e-13,1.403963987e-13,1.202505266e-13,4.535034788e-14,1.398251298e-13,5.254819485e-13,2.019383715e-13,2.821341894e-13,2.126554351e-13,6.68012943e-13,9.349426461e-13,4.3232667e-13,2.369730495e-13,1.159249244e-13,4.135013436e-13,1.428987226e-13,3.554999392e-14,3.500218716e-14,1.774019758e-13,1.288015218e-13,2.939174485e-13,5.446801483e-13,1.147960494e-13,1.088761442e-12,6.608950905e-14,4.427751332e-13,1.048973194e-13
71.953125,2.97656053e-13,2.320644868e-13,9.435487182e-13,3.181167036e-13,1.101878202e-13,1.232735595e-13,1.405949114e-13,1.19226898e-13,4.597047479e-14,1.372096002e-13,5.283763629e-13,2.012737063e-13,2.83436784e-13,2.129335727e-13,6.652512894e-13,9.293710132e-13,4.301106193e-13,2.367082183e-13,1.166619529e-13,4.11872662e-13,1.429716015e-13,3.627765136e-14,3.544955048e-14,1.782569817e-13,1.291354734e-13,2.941342662e-13,5.478755865e-13,1.145154086e-13,1.094556254e-12,6.491409755e-14,4.395211708e-13,1.048907008e-13
71.9609375,3.049660273e-13,2.313681293e-13,9.442861258e-13,3.180173571e-13,1.131086909e-13,1.234843651e-13,1.408468552e-13,1.18208432e-13,4.6577413e-14,1.346525317e-13,5.311206712e-13,2.005530062e-13,2.84803923e-13,2.132851321e-13,6.62642592e-13,9.241760553e-13,4.282558814e-13,2.366658863e-13,1.174840014e-13,4.105179828e-13,1.428989001e-13,3.70063635e-14,3.59287821e-14,1.790756707e-13,1.295071656e-13,2.943576891e-13,5.510227586e-13,1.143465205e-13,1.09987052e-12,6.375480715e-14,4.361469351e-13,1.048820714e-13
71.96875,3.121292479e-13,2.30691514e-13,9.448711789e-13,3.17895743e-13,1.160982967e-13,1.237485603e-13,1.410732026e-13,1.172162733e-13,4.720449702e-14,1.320659969e-13,5.338656106e-13,1.998578718e-13,2.860311276e-13,2.13585822e-13,6.600730489e-13,9.192041161e-13,4.265436408e-13,2.36710785e-13,1.182736938e-13,4.09295184e-13,1.42913918e-13,3.774167731e-14,3.639688189e-14,1.798980026e-13,1.298259594e-13,2.946270493e-13,5.541832094e-13,1.140975973e-13,1.104817257e-12,6.266082919e-14,4.328366618e-13,1.048504283e-13
71.9765625,3.191868188e-13,2.297169623e-13,9.452262529e-13,3.177891824e-13,1.190014363e-13,1.240676202e-13,1.412372743e-13,1.162592457e-13,4.783715955e-14,1.293631436e-13,5.365219412e-13,1.991464129e-13,2.871298557e-13,2.136859917e-13,6.572393274e-13,9.139115866e-13,4.246582155e-13,2.366949764e-13,1.189932665e-13,4.079280024e-13,1.430358922e-13,3.847875221e-14,3.684739298e-14,1.807150306e-13,1.300841199e-13,2.948978538e-13,5.572013499e-13,1.137160637e-13,1.10932072e-12,6.159503525e-14,4.29448292e-13,1.048039151e-13
71.984375,3.264901887e-13,2.288436549e-13,9.451609111e-13,3.176989153e-13,1.219862861e-13,1.243960283e-13,1.413765686e-13,1.152844788e-13,4.846124275e-14,1.266741732e-13,5.389233807e-13,1.983678817e-13,2.882861427e-13,2.137686677e-13,6.540720867e-13,9.082588869e-13,4.226673028e-13,2.367207661e-13,1.197906949e-13,4.063106931e-13,1.430968484e-13,3.922200134e-14,3.729510773e-14,1.814915998e-13,1.303211687e-13,2.951015317e-13,5.599724596e-13,1.13487196e-13,1.113321997e-12,6.052453571e-14,4.257923739e-13,1.047621157e-13
71.9921875,3.341722118e-13,2.283446261e-13,9.44564906e-13,3.176522015e-13,1.252165728e-13,1.246639261e-13,1.414780559e-13,1.142698174e-13,4.912510967e-14,1.240811544e-13,5.411099234e-13,1.97536436e-13,2.895273112e-13,2.140169833e-13,6.50644398e-13,9.023869849e-13,4.206489754e-13,2.368247025e-13,1.207117544e-13,4.045770563e-13,1.430882707e-13,3.999620171e-14,3.775331168e-14,1.822276687e-13,1.305239382e-13,2.952687027e-13,5.624305175e-13,1.134469321e-13,1.116802684e-12,5.9470699e-14,4.219011317e-13,1.047326655e-13
72,3.419808657e-13,2.277397831e-13,9.434474961e-13,3.175620843e-13,1.285456969e-13,1.249322511e-13,1.41536843e-13,1.132599543e-13,4.981888983e-14,1.214876168e-13,5.430958869e-13,1.965925414e-13,2.906963019e-13,2.142711881e-13,6.470877105e-13,8.963866586e-13,4.186070317e-13,2.36965288e-13,1.216098842e-13,4.027868723e-13,1.430241645e-13,4.078318496e-14,3.822688877e-14,1.828830042e-13,1.307086766e-13,2.953901558e-13,5.645629481e-13,1.13303201e-13,1.119614804e-12,5.843829563e-14,4.178519516e-13,1.046812698e-13
72.0078125,3.497230034e-13,2.26905954e-13,9.418280075e-13,3.173174886e-13,1.318747173e-13,1.25245381e-13,1.415854127e-13,1.122613147e-13,5.048896716e-14,1.18885307e-13,5.448966126e-13,1.955028204e-13,2.917345434e-13,2.143979368e-13,6.435100102e-13,8.903957338e-13,4.165912492e-13,2.371864232e-13,1.224372049e-13,4.009156407e-13,1.428768762e-13,4.155395823e-14,3.870356922e-14,1.834404231e-13,1.308958093e-13,2.95433517e-13,5.66473658e-13,1.130327821e-13,1.121803862e-12,5.740778853e-14,4.136233295e-13,1.045957228e-13
72.015625,3.574425262e-13,2.26290593e-13,9.398071663e-13,3.171215513e-13,1.35309723e-13,1.255430916e-13,1.416079287e-13,1.112583249e-13,5.116157706e-14,1.163585798e-13,5.467176422e-13,1.944318473e-13,2.927999142e-13,2.145867824e-13,6.398739329e-13,8.843091698e-13,4.145878694e-13,2.37514628e-13,1.23323114e-13,3.990217023e-13,1.427565589e-13,4.233825975e-14,3.91780677e-14,1.839638212e-13,1.31043434e-13,2.954869133e-13,5.682760348e-13,1.128741864e-13,1.123754536e-12,5.63924902e-14,4.092833109e-13,1.045126389e-13
72.0234375,3.651719498e-13,2.25902732e-13,9.375835998e-13,3.170613248e-13,1.388893838e-13,1.258068152e-13,1.416015355e-13,1.103065131e-13,5.188636959e-14,1.139145741e-13,5.485151295e-13,1.934746518e-13,2.939123854e-13,2.149509447e-13,6.361687996e-13,8.779999416e-13,4.125522901e-13,2.379093973e-13,1.243196588e-13,3.971658978e-13,1.427125219e-13,4.315656547e-14,3.966349742e-14,1.844374776e-13,1.311423854e-13,2.956015801e-13,5.699148594e-13,1.12876807e-13,1.125404335e-12,5.541524597e-14,4.049080363e-13,1.044485155e-13
72.03125,3.729077297e-13,2.254459705e-13,9.351397453e-13,3.168759767e-13,1.42530732e-13,1.260711948e-13,1.416061916e-13,1.094392768e-13,5.264751526e-14,1.115222692e-13,5.499963015e-13,1.924924323e-13,2.948983027e-13,2.153093841e-13,6.324766105e-13,8.717394094e-13,4.105290032e-13,2.383451663e-13,1.253213047e-13,3.95392767e-13,1.426268256e-13,4.397530637e-14,4.016672838e-14,1.848234042e-13,1.312337597e-13,2.957133987e-13,5.712324326e-13,1.129097352e-13,1.126278086e-12,5.44731686e-14,4.003729999e-13,1.043982627e-13
72.0390625,3.807028038e-13,2.249057037e-13,9.322719445e-13,3.166031112e-13,1.461989652e-13,1.263880564e-13,1.415999759e-13,1.085820075e-13,5.339906793e-14,1.091191803e-13,5.51216723e-13,1.914022254e-13,2.95834917e-13,2.155960482e-13,6.287068224e-13,8.65608669e-13,4.086059271e-13,2.388617482e-13,1.262634804e-13,3.937536919e-13,1.424918505e-13,4.478085056e-14,4.068667639e-14,1.852183175e-13,1.313214037e-13,2.957781448e-13,5.722222986e-13,1.128866766e-13,1.126543679e-12,5.355174985e-14,3.956220466e-13,1.043427545e-13
72.046875,3.885390685e-13,2.242946012e-13,9.28995378e-13,3.164963459e-13,1.49945385e-13,1.267721009e-13,1.415495797e-13,1.076895779e-13,5.413018759e-14,1.066478916e-13,5.523401251e-13,1.902437225e-13,2.968577018e-13,2.159317768e-13,6.246862099e-13,8.592189337e-13,4.067373405e-13,2.394789889e-13,1.271813876e-13,3.921723012e-13,1.423771505e-13,4.559649422e-14,4.121731205e-14,1.856567959e-13,1.313774324e-13,2.95731152e-13,5.729791878e-13,1.128070726e-13,1.126561708e-12,5.263233508e-14,3.90772995e-13,1.042378622e-13
72.0546875,3.963183151e-13,2.236902189e-13,9.254423486e-13,3.165131e-13,1.537903523e-13,1.271174403e-13,1.415085516e-13,1.068188895e-13,5.487677701e-14,1.042299614e-13,5.532922815e-13,1.890186435e-13,2.978096833e-13,2.162772475e-13,6.205350386e-13,8.525817683e-13,4.047259721e-13,2.400852995e-13,1.280898233e-13,3.905113475e-13,1.422462983e-13,4.643232098e-14,4.174677477e-14,1.860358455e-13,1.313892748e-13,2.955515512e-13,5.734940758e-13,1.127590118e-13,1.126042333e-12,5.172271538e-14,3.857829463e-13,1.040948052e-13
72.0625,4.040740994e-13,2.233886302e-13,9.216511098e-13,3.16572129e-13,1.576810718e-13,1.273917987e-13,1.415214555e-13,1.05997929e-13,5.564275172e-14,1.020104042e-13,5.541445856e-13,1.87767323e-13,2.987106139e-13,2.1656645e-13,6.165284103e-13,8.461865896e-13,4.025910909e-13,2.406627851e-13,1.290065677e-13,3.887792282e-13,1.420828185e-13,4.727560398e-14,4.228022414e-14,1.863541688e-13,1.313875147e-13,2.954278633e-13,5.738209091e-13,1.128347215e-13,1.125051001e-12,5.086349517e-14,3.806005139e-13,1.039838238e-13
72.0703125,4.119308919e-13,2.232690643e-13,9.17780717e-13,3.166515823e-13,1.616159772e-13,1.277321232e-13,1.415551382e-13,1.051946526e-13,5.638053833e-14,9.988259659e-14,5.550015117e-13,1.865507392e-13,2.997403137e-13,2.169047846e-13,6.126847213e-13,8.400800773e-13,4.006090248e-13,2.414082054e-13,1.299848294e-13,3.870917214e-13,1.419291711e-13,4.810848211e-14,4.283298117e-14,1.866604743e-13,1.314167389e-13,2.954873659e-13,5.741341465e-13,1.1298152e-13,1.12411121e-12,5.00554787e-14,3.754527162e-13,1.03922673e-13
72.078125,4.197286742e-13,2.228917049e-13,9.138889292e-13,3.166523008e-13,1.656466534e-13,1.281401545e-13,1.415874053e-13,1.044168791e-13,5.710598814e-14,9.77215964e-14,5.55666994e-13,1.852952622e-13,3.006718102e-13,2.172714914e-13,6.088320887e-13,8.33985189e-13,3.988169043e-13,2.423363601e-13,1.309963265e-13,3.855455598e-13,1.417647433e-13,4.893231453e-14,4.340184858e-14,1.868684085e-13,1.314552479e-13,2.955765543e-13,5.74367885e-13,1.131213753e-13,1.122768547e-12,4.926430618e-14,3.704197144e-13,1.03877858e-13
72.0859375,4.271337636e-13,2.224793161e-13,9.09566878e-13,3.166087952e-13,1.697379209e-13,1.28497443e-13,1.416301458e-13,1.036912849e-13,5.787502153e-14,9.560447148e-14,5.560731295e-13,1.839273594e-13,3.013511098e-13,2.175157953e-13,6.049019268e-13,8.280046334e-13,3.970844157e-13,2.432738246e-13,1.319911987e-13,3.841491159e-13,1.415393864e-13,4.97700527e-14,4.397555248e-14,1.869176294e-13,1.314581846e-13,2.955629551e-13,5.742751192e-13,1.133307738e-13,1.120420987e-12,4.848540329e-14,3.652363373e-13,1.038132408e-13
72.09375,4.344084199e-13,2.224867693e-13,9.045489399e-13,3.16548612e-13,1.738620962e-13,1.288502704e-13,1.416618561e-13,1.030056974e-13,5.866111599e-14,9.355035927e-14,5.563759736e-13,1.824792709e-13,3.020927853e-13,2.176990079e-13,6.008967536e-13,8.222247686e-13,3.954544159e-13,2.442489294e-13,1.330359669e-13,3.827967044e-13,1.412481607e-13,5.062450027e-14,4.454144106e-14,1.868885711e-13,1.314335635e-13,2.954766575e-13,5.738779197e-13,1.136523445e-13,1.117690339e-12,4.771034053e-14,3.59776536e-13,1.037044102e-13
72.1015625,4.421238654e-13,2.225639764e-13,8.992203712e-13,3.16391228e-13,1.781092082e-13,1.292705329e-13,1.416644724e-13,1.023509983e-13,5.942924068e-14,9.1468002e-14,5.565027702e-13,1.80967627e-13,3.029710954e-13,2.179665603e-13,5.968018853e-13,8.163051195e-13,3.938270182e-13,2.45289385e-13,1.341517664e-13,3.813528878e-13,1.4094472e-13,5.147443891e-14,4.508946605e-14,1.868394288e-13,1.313792552e-13,2.953339891e-13,5.733895442e-13,1.139416374e-13,1.114935926e-12,4.692852709e-14,3.541609572e-13,1.035781768e-13
72.109375,4.499285589e-13,2.222337007e-13,8.939997788e-13,3.162312444e-13,1.824677001e-13,1.297163731e-13,1.416877267e-13,1.017085441e-13,6.019766375e-14,8.939008735e-14,5.563500444e-13,1.794354298e-13,3.037759593e-13,2.182748752e-13,5.926777347e-13,8.10116514e-13,3.919742772e-13,2.462730007e-13,1.35228164e-13,3.797219004e-13,1.407049928e-13,5.231171176e-14,4.564254893e-14,1.867732464e-13,1.312845299e-13,2.951366622e-13,5.728340794e-13,1.141229449e-13,1.111599696e-12,4.618706826e-14,3.485028375e-13,1.034588967e-13
72.1171875,4.572434618e-13,2.218136136e-13,8.888354062e-13,3.160535045e-13,1.867802922e-13,1.301973481e-13,1.41759117e-13,1.010162349e-13,6.094679119e-14,8.737730878e-14,5.560857442e-13,1.779674252e-13,3.045539964e-13,2.185116796e-13,5.885715439e-13,8.039207239e-13,3.900563487e-13,2.473042892e-13,1.362558667e-13,3.77938478e-13,1.405161919e-13,5.313559683e-14,4.622901001e-14,1.867179632e-13,1.31181935e-13,2.949313681e-13,5.72057396e-13,1.143449588e-13,1.10782866e-12,4.551471387e-14,3.42878375e-13,1.033182027e-13
72.125,4.646339136e-13,2.217723145e-13,8.834683009e-13,3.156905537e-13,1.910685531e-13,1.307576167e-13,1.418310437e-13,1.002645613e-13,6.165454032e-14,8.539576523e-14,5.557780923e-13,1.765259536e-13,3.053460644e-13,2.186766499e-13,5.844120522e-13,7.977931513e-13,3.883616979e-13,2.485845366e-13,1.373493567e-13,3.762391507e-13,1.402823937e-13,5.394860848e-14,4.6829699e-14,1.866459402e-13,1.310651724e-13,2.947672424e-13,5.709952274e-13,1.147570991e-13,1.10412927e-12,4.486825977e-14,3.372497252e-13,1.031739407e-13
72.1328125,4.72454627e-13,2.220390743e-13,8.777350665e-13,3.154177622e-13,1.954875971e-13,1.313818526e-13,1.418997887e-13,9.953534391e-14,6.235604334e-14,8.347323289e-14,5.552618388e-13,1.750339247e-13,3.06042094e-13,2.188473998e-13,5.802510728e-13,7.917464312e-13,3.868730077e-13,2.500350436e-13,1.385205542e-13,3.747531567e-13,1.399732607e-13,5.476749476e-14,4.742283599e-14,1.864609474e-13,1.309005394e-13,2.946595883e-13,5.69761286e-13,1.153172489e-13,1.100068042e-12,4.423534358e-14,3.314830527e-13,1.030608559e-13
72.140625,4.798872018e-13,2.223366376e-13,8.715947032e-13,3.154647996e-13,1.999731073e-13,1.320273079e-13,1.42005214e-13,9.888027861e-14,6.305355135e-14,8.165111405e-14,5.544798442e-13,1.735027801e-13,3.06683879e-13,2.190179503e-13,5.762565294e-13,7.860101067e-13,3.854977674e-13,2.514924269e-13,1.396820062e-13,3.733134752e-13,1.396335104e-13,5.558812358e-14,4.802793555e-14,1.861600363e-13,1.307228324e-13,2.945522346e-13,5.684400216e-13,1.158614077e-13,1.095200459e-12,4.363592144e-14,3.255924257e-13,1.029366645e-13
72.1484375,4.868141256e-13,2.225386786e-13,8.650393385e-13,3.15382383e-13,2.044023669e-13,1.326109284e-13,1.421116638e-13,9.82680448e-14,6.372746682e-14,7.984230273e-14,5.534840264e-13,1.719080434e-13,3.072959863e-13,2.191082205e-13,5.723571583e-13,7.805573749e-13,3.841637655e-13,2.528996979e-13,1.408003359e-13,3.718380268e-13,1.39262603e-13,5.638686367e-14,4.86527015e-14,1.858066321e-13,1.305578936e-13,2.944028771e-13,5.670008471e-13,1.163080834e-13,1.089833535e-12,4.303837273e-14,3.196408829e-13,1.028035506e-13
72.15625,4.939812733e-13,2.226645264e-13,8.581465544e-13,3.149136809e-13,2.088974146e-13,1.331250528e-13,1.421760002e-13,9.76638509e-14,6.441479749e-14,7.799993307e-14,5.522631989e-13,1.702410615e-13,3.078272911e-13,2.192054824e-13,5.683906912e-13,7.750760787e-13,3.828120401e-13,2.543156126e-13,1.419145596e-13,3.703672598e-13,1.3880688e-13,5.717821166e-14,4.927432758e-14,1.853779346e-13,1.303966262e-13,2.942923808e-13,5.65498156e-13,1.167421953e-13,1.084343254e-12,4.241547661e-14,3.136127061e-13,1.027106106e-13
72.1640625,5.01278952e-13,2.228388956e-13,8.511574938e-13,3.143952843e-13,2.135574669e-13,1.337213806e-13,1.42228773e-13,9.708219422e-14,6.513892404e-14,7.619795126e-14,5.508517835e-13,1.686246579e-13,3.083654971e-13,2.194821637e-13,5.644137915e-13,7.695512371e-13,3.816023192e-13,2.559562715e-13,1.430789223e-13,3.68793218e-13,1.38264412e-13,5.799251273e-14,4.989135736e-14,1.848621282e-13,1.302688639e-13,2.94255344e-13,5.63974969e-13,1.172441162e-13,1.078901705e-12,4.179892835e-14,3.076188698e-13,1.02612977e-13
72.171875,5.083077601e-13,2.231681724e-13,8.441661655e-13,3.139522364e-13,2.182738388e-13,1.344200428e-13,1.422835542e-13,9.655385658e-14,6.58812819e-14,7.44720444e-14,5.493158515e-13,1.670969271e-13,3.088958221e-13,2.198887769e-13,5.604809072e-13,7.641794631e-13,3.806486506e-13,2.578966944e-13,1.443101899e-13,3.672100758e-13,1.376931713e-13,5.882513804e-14,5.052445764e-14,1.84347184e-13,1.301573835e-13,2.941727135e-13,5.622700237e-13,1.178057534e-13,1.073385343e-12,4.122511782e-14,3.017481037e-13,1.024961799e-13
72.1796875,5.151941503e-13,2.236550411e-13,8.369307044e-13,3.134330179e-13,2.230154745e-13,1.350612426e-13,1.42339436e-13,9.607899636e-14,6.664107518e-14,7.282069733e-14,5.475693363e-13,1.65529533e-13,3.092769816e-13,2.202928306e-13,5.565634002e-13,7.590158165e-13,3.797527112e-13,2.599176876e-13,1.455555357e-13,3.659702547e-13,1.370938749e-13,5.966053446e-14,5.117448275e-14,1.838456382e-13,1.299961183e-13,2.939792713e-13,5.603313903e-13,1.184706541e-13,1.067400181e-12,4.070462841e-14,2.958214113e-13,1.024362141e-13
72.1875,5.218558479e-13,2.242470161e-13,8.292677788e-13,3.128312389e-13,2.27823526e-13,1.35693415e-13,1.424319903e-13,9.562707153e-14,6.739771979e-14,7.124630917e-14,5.455107664e-13,1.638541493e-13,3.095946744e-13,2.206614353e-13,5.527051195e-13,7.540345412e-13,3.787966321e-13,2.618938468e-13,1.467341553e-13,3.649554268e-13,1.364256392e-13,6.048760532e-14,5.182393035e-14,1.832813655e-13,1.298080262e-13,2.937184713e-13,5.582816904e-13,1.192624899e-13,1.060898689e-12,4.020957997e-14,2.897145849e-13,1.02401523e-13
72.1953125,5.282499934e-13,2.247919727e-13,8.213179228e-13,3.121635407e-13,2.325693748e-13,1.364883111e-13,1.42530378e-13,9.515140657e-14,6.809589698e-14,6.968019264e-14,5.432435087e-13,1.621180083e-13,3.099586891e-13,2.20928438e-13,5.488535738e-13,7.49097548e-13,3.778346152e-13,2.638422525e-13,1.478212267e-13,3.636824784e-13,1.357401424e-13,6.129390093e-14,5.246250571e-14,1.82676536e-13,1.296161909e-13,2.934123526e-13,5.560530853e-13,1.200221292e-13,1.054073448e-12,3.969062441e-14,2.835432607e-13,1.02306773e-13
72.203125,5.346225039e-13,2.25173854e-13,8.133605542e-13,3.11452507e-13,2.37149189e-13,1.373392922e-13,1.425576811e-13,9.46127067e-14,6.872219045e-14,6.806708383e-14,5.409536586e-13,1.603964991e-13,3.10275387e-13,2.210899249e-13,5.449374709e-13,7.440364775e-13,3.76826854e-13,2.657296933e-13,1.4887334e-13,3.621109145e-13,1.35113532e-13,6.208407054e-14,5.309012285e-14,1.820821472e-13,1.293744759e-13,2.930854919e-13,5.536065914e-13,1.20645427e-13,1.046907966e-12,3.916660399e-14,2.774462639e-13,1.021763211e-13
72.2109375,5.408296723e-13,2.256252651e-13,8.054662437e-13,3.107820418e-13,2.417130964e-13,1.380608269e-13,1.425528238e-13,9.402908849e-14,6.930704645e-14,6.648464143e-14,5.38689394e-13,1.587337971e-13,3.105267332e-13,2.213119162e-13,5.411353522e-13,7.389441131e-13,3.758097637e-13,2.676503568e-13,1.499570631e-13,3.604914714e-13,1.345068294e-13,6.286524798e-14,5.370374153e-14,1.814382287e-13,1.29113505e-13,2.927894084e-13,5.511558868e-13,1.213011326e-13,1.039568446e-12,3.869982468e-14,2.714995874e-13,1.02043251e-13
72.21875,5.468145391e-13,2.264185983e-13,7.973527836e-13,3.100863207e-13,2.464314022e-13,1.38731628e-13,1.425852405e-13,9.344747046e-14,6.988391918e-14,6.500488233e-14,5.363157407e-13,1.570960734e-13,3.108093604e-13,2.216901894e-13,5.375255473e-13,7.339436175e-13,3.749068144e-13,2.697418074e-13,1.510790034e-13,3.588592975e-13,1.338482147e-13,6.36345838e-14,5.429522629e-14,1.80709105e-13,1.288878005e-13,2.925391473e-13,5.487321377e-13,1.221354329e-13,1.032325869e-12,3.826450641e-14,2.656381626e-13,1.019065213e-13
72.2265625,5.528603591e-13,2.273787396e-13,7.889272358e-13,3.092909987e-13,2.512294863e-13,1.394929805e-13,1.426176042e-13,9.286407219e-14,7.047179688e-14,6.35706512e-14,5.336961324e-13,1.554708289e-13,3.111660606e-13,2.221811608e-13,5.339523143e-13,7.2901058e-13,3.740874022e-13,2.719197761e-13,1.522083302e-13,3.572023024e-13,1.331362086e-13,6.440029977e-14,5.487412694e-14,1.799674168e-13,1.286618263e-13,2.923181004e-13,5.461983299e-13,1.230410957e-13,1.025063716e-12,3.779780948e-14,2.597185093e-13,1.017910571e-13
72.234375,5.587720796e-13,2.282330447e-13,7.805395624e-13,3.084602315e-13,2.5592223e-13,1.403333023e-13,1.426433077e-13,9.225900255e-14,7.104427105e-14,6.212000055e-14,5.308609022e-13,1.538873288e-13,3.115588665e-13,2.22692826e-13,5.304813637e-13,7.243032631e-13,3.73345881e-13,2.740942445e-13,1.533054995e-13,3.555967104e-13,1.323782931e-13,6.515293483e-14,5.547426197e-14,1.792282337e-13,1.284397441e-13,2.920886691e-13,5.435906696e-13,1.238921987e-13,1.017620284e-12,3.732993218e-14,2.538031521e-13,1.016927165e-13
72.2421875,5.643176454e-13,2.290181979e-13,7.721719e-13,3.074654171e-13,2.605267733e-13,1.411865183e-13,1.427389063e-13,9.163424616e-14,7.157299649e-14,6.069473712e-14,5.278207403e-13,1.522694387e-13,3.118310055e-13,2.231117141e-13,5.272148419e-13,7.199395708e-13,3.72691421e-13,2.762564643e-13,1.543322805e-13,3.540573373e-13,1.31548046e-13,6.586756724e-14,5.610895795e-14,1.783936572e-13,1.282603885e-13,2.918156308e-13,5.409054744e-13,1.24724822e-13,1.009966017e-12,3.691512281e-14,2.479985382e-13,1.015955504e-13
72.25,5.69654311e-13,2.298593084e-13,7.634697926e-13,3.061649325e-13,2.651874236e-13,1.419956752e-13,1.428947149e-13,9.097101536e-14,7.207736655e-14,5.934984708e-14,5.245086918e-13,1.505926256e-13,3.119332982e-13,2.234851538e-13,5.239584246e-13,7.156558603e-13,3.71981626e-13,2.783526212e-13,1.55317833e-13,3.525040189e-13,1.306568933e-13,6.656618108e-14,5.675418246e-14,1.774369171e-13,1.280708182e-13,2.915390229e-13,5.381014815e-13,1.256177999e-13,1.002083646e-12,3.653987079e-14,2.422327085e-13,1.015121196e-13
72.2578125,5.746601425e-13,2.308276262e-13,7.546217887e-13,3.048764875e-13,2.698131804e-13,1.427395516e-13,1.430376778e-13,9.02674654e-14,7.254041988e-14,5.806117852e-14,5.210436989e-13,1.49003666e-13,3.120745016e-13,2.239428736e-13,5.206625021e-13,7.113258195e-13,3.712867291e-13,2.804649871e-13,1.563284733e-13,3.507681208e-13,1.297662637e-13,6.726173371e-14,5.740051466e-14,1.764820457e-13,1.278397099e-13,2.913114186e-13,5.353127845e-13,1.265897306e-13,9.94201987e-13,3.617625275e-14,2.36521478e-13,1.01411743e-13
72.265625,5.79313633e-13,2.31879148e-13,7.458170808e-13,3.038267955e-13,2.742424019e-13,1.43466071e-13,1.431742976e-13,8.956530562e-14,7.292485343e-14,5.679402936e-14,5.174860449e-13,1.474796298e-13,3.122471656e-13,2.243827552e-13,5.175001802e-13,7.071278571e-13,3.707799004e-13,2.827004007e-13,1.573305923e-13,3.487875726e-13,1.288660686e-13,6.79117275e-14,5.805766829e-14,1.756151035e-13,1.276123237e-13,2.910714652e-13,5.325355867e-13,1.276090468e-13,9.863957086e-13,3.581549127e-14,2.309408266e-13,1.012702526e-13
72.2734375,5.839058989e-13,2.327905836e-13,7.367718308e-13,3.026692721e-13,2.786177204e-13,1.442161883e-13,1.433308933e-13,8.885863393e-14,7.329090016e-14,5.556477622e-14,5.136229829e-13,1.458601139e-13,3.121943184e-13,2.247334962e-13,5.144826344e-13,7.030707419e-13,3.702578938e-13,2.849393749e-13,1.582713986e-13,3.467660384e-13,1.278962575e-13,6.852974492e-14,5.870011939e-14,1.747494664e-13,1.27383048e-13,2.907186232e-13,5.296377478e-13,1.286408671e-13,9.782955183e-13,3.54615177e-14,2.254477059e-13,1.011257226e-13
72.28125,5.882151396e-13,2.335377827e-13,7.27689896e-13,3.011986748e-13,2.830741499e-13,1.450194032e-13,1.434937302e-13,8.810576006e-14,7.367155394e-14,5.437021817e-14,5.095669518e-13,1.442304386e-13,3.120007356e-13,2.25166441e-13,5.116136515e-13,6.990737904e-13,3.696296352e-13,2.871635517e-13,1.592188016e-13,3.447430254e-13,1.269235724e-13,6.916390825e-14,5.929170603e-14,1.737705473e-13,1.27127042e-13,2.902662516e-13,5.266928015e-13,1.297040049e-13,9.699172049e-13,3.514623267e-14,2.201139873e-13,1.009760416e-13
72.2890625,5.92085358e-13,2.343854161e-13,7.189859745e-13,2.996065216e-13,2.874965299e-13,1.45898047e-13,1.436624365e-13,8.732196514e-14,7.398387755e-14,5.317196889e-14,5.056654083e-13,1.426885938e-13,3.118762953e-13,2.256660411e-13,5.089033866e-13,6.950938424e-13,3.690803944e-13,2.894687903e-13,1.601942945e-13,3.425093951e-13,1.260287036e-13,6.977438301e-14,5.98490436e-14,1.726992493e-13,1.268541191e-13,2.898136624e-13,5.236995689e-13,1.308205845e-13,9.616354198e-13,3.487659962e-14,2.149790024e-13,1.008174144e-13
72.296875,5.959443777e-13,2.354533169e-13,7.102668e-13,2.979055234e-13,2.918916321e-13,1.467492559e-13,1.438265597e-13,8.654298677e-14,7.423776951e-14,5.197939208e-14,5.016992226e-13,1.41117929e-13,3.117111484e-13,2.260802595e-13,5.061303718e-13,6.909685709e-13,3.684315765e-13,2.917153462e-13,1.611038375e-13,3.402351173e-13,1.251092525e-13,7.033597201e-14,6.040815106e-14,1.716317782e-13,1.265475061e-13,2.89389149e-13,5.20535502e-13,1.319477948e-13,9.533925228e-13,3.46044755e-14,2.098086817e-13,1.007056077e-13
72.3046875,5.996813358e-13,2.36746568e-13,7.012127587e-13,2.960828269e-13,2.963169003e-13,1.475130075e-13,1.4396463e-13,8.575995776e-14,7.450015048e-14,5.082969028e-14,4.974059398e-13,1.395247695e-13,3.114829345e-13,2.265125662e-13,5.032396353e-13,6.867026633e-13,3.676085693e-13,2.938911611e-13,1.619710806e-13,3.381753458e-13,1.240977336e-13,7.089912278e-14,6.096794237e-14,1.705737324e-13,1.262115175e-13,2.889048253e-13,5.173429724e-13,1.330915564e-13,9.450777665e-13,3.432957482e-14,2.045900492e-13,1.006077052e-13
72.3125,6.028490148e-13,2.382130358e-13,6.922480694e-13,2.94365773e-13,3.00572095e-13,1.483597131e-13,1.44101569e-13,8.493853742e-14,7.467924117e-14,4.971917924e-14,4.931383665e-13,1.380037764e-13,3.113336982e-13,2.270092973e-13,5.004906894e-13,6.824875864e-13,3.670465359e-13,2.962546428e-13,1.628774496e-13,3.359662649e-13,1.231057796e-13,7.144018161e-14,6.151648029e-14,1.694251607e-13,1.258989597e-13,2.88309196e-13,5.142557285e-13,1.343415462e-13,9.368241411e-13,3.411096971e-14,1.996025786e-13,1.004384957e-13
72.3203125,6.05739182e-13,2.395802579e-13,6.835497826e-13,2.927749403e-13,3.046098251e-13,1.493281115e-13,1.442434907e-13,8.407684039e-14,7.472844452e-14,4.863618776e-14,4.889834847e-13,1.364812262e-13,3.111442553e-13,2.274147643e-13,4.979471935e-13,6.783366687e-13,3.667408665e-13,2.987672485e-13,1.637411717e-13,3.334025352e-13,1.221760771e-13,7.190552041e-14,6.206364382e-14,1.681755266e-13,1.256138177e-13,2.87703435e-13,5.111724475e-13,1.356815328e-13,9.285969863e-13,3.393849773e-14,1.948389151e-13,1.002542238e-13
72.328125,6.086870756e-13,2.408211113e-13,6.748527311e-13,2.911372894e-13,3.086963433e-13,1.50246218e-13,1.443579975e-13,8.323509524e-14,7.478175993e-14,4.75853191e-14,4.84515816e-13,1.349481884e-13,3.108149478e-13,2.277986907e-13,4.955610309e-13,6.743509547e-13,3.663446624e-13,3.012554309e-13,1.645287173e-13,3.310027151e-13,1.212385244e-13,7.234796004e-14,6.261353858e-14,1.669460994e-13,1.253343977e-13,2.871955239e-13,5.080883158e-13,1.369953837e-13,9.204160974e-13,3.374624297e-14,1.901321419e-13,1.001372233e-13
72.3359375,6.115135159e-13,2.422446963e-13,6.660911603e-13,2.894700881e-13,3.128768053e-13,1.511878956e-13,1.444705166e-13,8.244424482e-14,7.486455885e-14,4.656016546e-14,4.797818004e-13,1.335078113e-13,3.105343377e-13,2.283359181e-13,4.934403321e-13,6.70737854e-13,3.660177629e-13,3.038214893e-13,1.653881003e-13,3.289151844e-13,1.202757337e-13,7.280835827e-14,6.314762424e-14,1.657580792e-13,1.250709904e-13,2.867176095e-13,5.05024863e-13,1.382779209e-13,9.123727323e-13,3.353619976e-14,1.855155024e-13,1.000455311e-13
72.34375,6.141713012e-13,2.437825807e-13,6.573406879e-13,2.87826403e-13,3.169884237e-13,1.522755339e-13,1.446058118e-13,8.163249417e-14,7.489272153e-14,4.556160953e-14,4.751463775e-13,1.321198763e-13,3.103642953e-13,2.289703141e-13,4.915184861e-13,6.672903128e-13,3.658541783e-13,3.064528173e-13,1.663263236e-13,3.266731217e-13,1.192999215e-13,7.324627601e-14,6.365885247e-14,1.645389879e-13,1.24814663e-13,2.861330835e-13,5.019453514e-13,1.396181225e-13,9.042598924e-13,3.336144848e-14,1.810304447e-13,9.993623395e-14
72.3515625,6.166930006e-13,2.452685215e-13,6.486819294e-13,2.862212147e-13,3.209788494e-13,1.53299769e-13,1.447187053e-13,8.074995573e-14,7.487619203e-14,4.459886475e-14,4.705331864e-13,1.307341528e-13,3.101957339e-13,2.296015367e-13,4.896361025e-13,6.63767832e-13,3.656131422e-13,3.089680845e-13,1.671727784e-13,3.242096862e-13,1.183426918e-13,7.364532959e-14,6.415737079e-14,1.633191845e-13,1.245489678e-13,2.854589958e-13,4.989778005e-13,1.410473111e-13,8.961296537e-13,3.323185206e-14,1.766621679e-13,9.983254404e-14
72.359375,6.18865242e-13,2.469574455e-13,6.402347522e-13,2.847291028e-13,3.247365825e-13,1.541776905e-13,1.448030904e-13,7.984349792e-14,7.479842815e-14,4.364330919e-14,4.657840529e-13,1.294084676e-13,3.10029289e-13,2.301811429e-13,4.879729539e-13,6.603817432e-13,3.653803735e-13,3.114186363e-13,1.679041629e-13,3.217440713e-13,1.174654006e-13,7.399854589e-14,6.463476157e-14,1.620972806e-13,1.242831177e-13,2.848382622e-13,4.961557285e-13,1.425085181e-13,8.884375405e-13,3.311168351e-14,1.724041079e-13,9.976382241e-14
72.3671875,6.206390079e-13,2.488460139e-13,6.319921073e-13,2.832899868e-13,3.282335135e-13,1.551280954e-13,1.449044792e-13,7.895109436e-14,7.462418096e-14,4.267397541e-14,4.610465656e-13,1.281381245e-13,3.098467194e-13,2.306999728e-13,4.867649467e-13,6.572965548e-13,3.652791991e-13,3.139145037e-13,1.686407087e-13,3.192166963e-13,1.166382918e-13,7.429347628e-14,6.508448635e-14,1.607819219e-13,1.240209994e-13,2.843396741e-13,4.933272108e-13,1.439201418e-13,8.811856213e-13,3.298139766e-14,1.682081778e-13,9.975614957e-14
72.375,6.222724561e-13,2.506021085e-13,6.238848176e-13,2.817995917e-13,3.317940139e-13,1.561778834e-13,1.450368577e-13,7.807601766e-14,7.445423216e-14,4.175318354e-14,4.564376516e-13,1.268944171e-13,3.095420686e-13,2.313156668e-13,4.858829909e-13,6.54389556e-13,3.651841717e-13,3.164394632e-13,1.694256931e-13,3.166426177e-13,1.15781966e-13,7.458020196e-14,6.553307837e-14,1.594484797e-13,1.237715578e-13,2.838783948e-13,4.905471042e-13,1.453167251e-13,8.740403798e-13,3.286579493e-14,1.641338153e-13,9.979712116e-14
72.3828125,6.239341337e-13,2.523001676e-13,6.158723809e-13,2.803278235e-13,3.355168309e-13,1.572075761e-13,1.451988517e-13,7.722225975e-14,7.432537186e-14,4.093746143e-14,4.518969451e-13,1.256859575e-13,3.090773401e-13,2.320873373e-13,4.85021715e-13,6.514823568e-13,3.651350714e-13,3.189932347e-13,1.70198857e-13,3.141419886e-13,1.149077427e-13,7.488617169e-14,6.597656903e-14,1.582195859e-13,1.235246317e-13,2.83295047e-13,4.878489306e-13,1.468409483e-13,8.668794962e-13,3.279571806e-14,1.60277846e-13,9.982897521e-14
72.390625,6.255103056e-13,2.541223136e-13,6.078561277e-13,2.788665858e-13,3.390415071e-13,1.582444894e-13,1.453736806e-13,7.634991258e-14,7.413179135e-14,4.017983588e-14,4.472786708e-13,1.244775745e-13,3.084935551e-13,2.327958878e-13,4.841355282e-13,6.484743607e-13,3.651507599e-13,3.215451567e-13,1.708993986e-13,3.116184319e-13,1.140292714e-13,7.515451362e-14,6.636104291e-14,1.570066649e-13,1.232343449e-13,2.825291176e-13,4.85076175e-13,1.484979898e-13,8.596317249e-13,3.27689254e-14,1.5652468e-13,9.98428237e-14
72.3984375,6.267331903e-13,2.559894709e-13,5.998718847e-13,2.773404749e-13,3.422805701e-13,1.593155367e-13,1.455430837e-13,7.540781823e-14,7.38676027e-14,3.943925061e-14,4.424461225e-13,1.232887801e-13,3.078959575e-13,2.333910515e-13,4.835413557e-13,6.455620407e-13,3.651148612e-13,3.240424622e-13,1.715626749e-13,3.090302331e-13,1.131066595e-13,7.537086385e-14,6.669300293e-14,1.557373772e-13,1.229371933e-13,2.817326654e-13,4.823801973e-13,1.501817398e-13,8.524589535e-13,3.277398258e-14,1.528242632e-13,9.987030083e-14
72.40625,6.275269653e-13,2.579088469e-13,5.920973447e-13,2.759434947e-13,3.454542677e-13,1.604123122e-13,1.457336232e-13,7.442102164e-14,7.357110256e-14,3.874801214e-14,4.375046599e-13,1.221900348e-13,3.073362589e-13,2.340279673e-13,4.833720924e-13,6.429116361e-13,3.650843336e-13,3.26464196e-13,1.722518723e-13,3.06465651e-13,1.121875023e-13,7.557109392e-14,6.704312696e-14,1.544854104e-13,1.226997724e-13,2.810807598e-13,4.799550655e-13,1.519193539e-13,8.45681601e-13,3.281145312e-14,1.493280023e-13,9.990120573e-14
72.4140625,6.282699115e-13,2.598471918e-13,5.844597403e-13,2.74836856e-13,3.485788602e-13,1.615874904e-13,1.459221553e-13,7.343381853e-14,7.319857223e-14,3.809051294e-14,4.326778505e-13,1.211134874e-13,3.066804924e-13,2.346706025e-13,4.83281562e-13,6.40239865e-13,3.650699233e-13,3.287545601e-13,1.729113541e-13,3.039462888e-13,1.113717869e-13,7.575138027e-14,6.740637005e-14,1.532864388e-13,1.224351655e-13,2.805246708e-13,4.774918629e-13,1.537295053e-13,8.390142137e-13,3.286638251e-14,1.459916628e-13,9.992230662e-14
72.421875,6.292522638e-13,2.616900795e-13,5.768054538e-13,2.737967769e-13,3.516385792e-13,1.628307967e-13,1.46040927e-13,7.243860737e-14,7.278239425e-14,3.742440175e-14,4.279112604e-13,1.199934422e-13,3.058884824e-13,2.352636224e-13,4.831591332e-13,6.374898256e-13,3.650073886e-13,3.309471034e-13,1.734770304e-13,3.015605133e-13,1.106166167e-13,7.591080254e-14,6.771325945e-14,1.521590328e-13,1.220685151e-13,2.799278346e-13,4.74810251e-13,1.554794697e-13,8.321047693e-13,3.291348412e-14,1.426878952e-13,9.995583096e-14
72.4296875,6.299634708e-13,2.636597589e-13,5.69336778e-13,2.726753305e-13,3.545540537e-13,1.64049636e-13,1.46150194e-13,7.143511934e-14,7.238991162e-14,3.68102416e-14,4.230675061e-13,1.189411704e-13,3.05141664e-13,2.35860361e-13,4.833513273e-13,6.349995692e-13,3.649516975e-13,3.330985622e-13,1.739906976e-13,2.992533182e-13,1.098151111e-13,7.604747078e-14,6.796591643e-14,1.511015808e-13,1.217101225e-13,2.792885376e-13,4.72317024e-13,1.571689841e-13,8.254384054e-13,3.296520514e-14,1.39561146e-13,1.000185079e-13
72.4375,6.298941965e-13,2.658965355e-13,5.622606931e-13,2.716758741e-13,3.570299764e-13,1.652306901e-13,1.463309053e-13,7.045854964e-14,7.196433745e-14,3.630029012e-14,4.182494932e-13,1.180138343e-13,3.044607884e-13,2.363744272e-13,4.839224674e-13,6.326949554e-13,3.648050716e-13,3.350882096e-13,1.744662582e-13,2.96679732e-13,1.090162978e-13,7.611224518e-14,6.821511901e-14,1.499990739e-13,1.21414711e-13,2.786559593e-13,4.702897976e-13,1.58966159e-13,8.193672953e-13,3.306378908e-14,1.367128194e-13,1.001233495e-13
72.4453125,6.295946316e-13,2.680252533e-13,5.554172058e-13,2.708272232e-13,3.592538953e-13,1.664816653e-13,1.465139373e-13,6.95141838e-14,7.1474499e-14,3.582536288e-14,4.135202413e-13,1.171150249e-13,3.036623082e-13,2.36804843e-13,4.847296942e-13,6.304291267e-13,3.64553731e-13,3.369566494e-13,1.749062169e-13,2.938895353e-13,1.08323783e-13,7.611484719e-14,6.846842977e-14,1.488208519e-13,1.210979024e-13,2.780340724e-13,4.684437573e-13,1.608712963e-13,8.133911189e-13,3.322421702e-14,1.340019895e-13,1.002756763e-13
72.453125,6.295909837e-13,2.698523586e-13,5.487298854e-13,2.699480218e-13,3.61736901e-13,1.67860608e-13,1.46646055e-13,6.856487678e-14,7.098628141e-14,3.532620662e-14,4.087575109e-13,1.162308988e-13,3.026893798e-13,2.373481168e-13,4.858990399e-13,6.284842907e-13,3.645086771e-13,3.389285818e-13,1.753678593e-13,2.913459954e-13,1.077152156e-13,7.613021852e-14,6.872864196e-14,1.476943845e-13,1.207547313e-13,2.774506442e-13,4.664505556e-13,1.627369682e-13,8.071633926e-13,3.342691584e-14,1.31409206e-13,1.004467443e-13
72.4609375,6.293827508e-13,2.71701772e-13,5.423936931e-13,2.692597193e-13,3.641790836e-13,1.692440983e-13,1.467675955e-13,6.758522653e-14,7.048799812e-14,3.480885718e-14,4.039353346e-13,1.15446851e-13,3.016591442e-13,2.379228584e-13,4.87425204e-13,6.268716229e-13,3.64625183e-13,3.408868115e-13,1.757907378e-13,2.891210688e-13,1.071579102e-13,7.613624794e-14,6.901152309e-14,1.466700417e-13,1.204251293e-13,2.769640008e-13,4.644373961e-13,1.645594651e-13,8.00950745e-13,3.365349136e-14,1.2904763e-13,1.006352308e-13
72.46875,6.287153662e-13,2.738783459e-13,5.36345406e-13,2.690688982e-13,3.660941828e-13,1.705836512e-13,1.469043212e-13,6.657839958e-14,6.992095162e-14,3.428861524e-14,3.991278579e-13,1.14748598e-13,3.007431015e-13,2.383197539e-13,4.890707633e-13,6.252918834e-13,3.645774543e-13,3.426488795e-13,1.760734152e-13,2.870242275e-13,1.066611571e-13,7.607088459e-14,6.928594553e-14,1.45718629e-13,1.200790254e-13,2.765691394e-13,4.626676614e-13,1.664999549e-13,7.950360733e-13,3.390211341e-14,1.268622322e-13,1.008839869e-13
72.4765625,6.280856506e-13,2.763937428e-13,5.303066864e-13,2.690493072e-13,3.678611628e-13,1.720292864e-13,1.470966629e-13,6.555644989e-14,6.932789314e-14,3.381585825e-14,3.943645128e-13,1.140553156e-13,2.99956285e-13,2.386892924e-13,4.90798192e-13,6.236246253e-13,3.644121721e-13,3.4436271e-13,1.763215243e-13,2.849302802e-13,1.061677896e-13,7.598557054e-14,6.952151738e-14,1.448355108e-13,1.197156594e-13,2.761292646e-13,4.609899421e-13,1.686744067e-13,7.894128212e-13,3.419205546e-14,1.247669708e-13,1.011734367e-13
72.484375,6.275606783e-13,2.789620698e-13,5.243464773e-13,2.688049414e-13,3.69725006e-13,1.735213094e-13,1.473248068e-13,6.452850851e-14,6.876276622e-14,3.341706996e-14,3.896780076e-13,1.133748319e-13,2.99021845e-13,2.391677989e-13,4.926040855e-13,6.216875701e-13,3.641515457e-13,3.460096864e-13,1.766346559e-13,2.82501086e-13,1.056696708e-13,7.592786456e-14,6.974467494e-14,1.439829234e-13,1.193467174e-13,2.754928233e-13,4.591684364e-13,1.709953996e-13,7.838484423e-13,3.45462203e-14,1.228490868e-13,1.014422836e-13
72.4921875,6.268789114e-13,2.81240979e-13,5.186642983e-13,2.685176214e-13,3.713033319e-13,1.748687874e-13,1.474335639e-13,6.349893351e-14,6.818592787e-14,3.303141524e-14,3.85065733e-13,1.127569445e-13,2.97789045e-13,2.395964709e-13,4.944423217e-13,6.194782471e-13,3.636617138e-13,3.474110492e-13,1.769067829e-13,2.796586651e-13,1.052700377e-13,7.583568528e-14,6.99539996e-14,1.431462936e-13,1.189235619e-13,2.747391951e-13,4.573579578e-13,1.732954233e-13,7.781984721e-13,3.494173673e-14,1.211502945e-13,1.017161958e-13
72.5,6.261454057e-13,2.833561501e-13,5.131864176e-13,2.684617422e-13,3.7263007e-13,1.762546779e-13,1.474234201e-13,6.247871748e-14,6.756951467e-14,3.264433813e-14,3.804679397e-13,1.122037218e-13,2.965046011e-13,2.399507536e-13,4.965276048e-13,6.17507399e-13,3.631769302e-13,3.487535293e-13,1.770884537e-13,2.769801941e-13,1.049685994e-13,7.567663226e-14,7.011017874e-14,1.424072772e-13,1.184627687e-13,2.741060093e-13,4.556856607e-13,1.755809669e-13,7.726643097e-13,3.533562354e-14,1.195690246e-13,1.020567664e-13
72.5078125,6.253561886e-13,2.856767729e-13,5.079154649e-13,2.687496202e-13,3.739792337e-13,1.778661647e-13,1.474991224e-13,6.148888976e-14,6.694920636e-14,3.23084067e-14,3.759159055e-13,1.117298876e-13,2.953420386e-13,2.403561627e-13,4.99064807e-13,6.160289106e-13,3.629309423e-13,3.502103945e-13,1.772661948e-13,2.747037359e-13,1.046734283e-13,7.549513701e-14,7.023093865e-14,1.418259634e-13,1.180489129e-13,2.736464213e-13,4.540987864e-13,1.779470112e-13,7.674557637e-13,3.574534096e-14,1.181255121e-13,1.024447254e-13
72.515625,6.243148554e-13,2.881665699e-13,5.030063311e-13,2.69442585e-13,3.751560672e-13,1.794664119e-13,1.476792701e-13,6.053957642e-14,6.632529341e-14,3.200951954e-14,3.715084515e-13,1.113538622e-13,2.942089813e-13,2.407685115e-13,5.019299396e-13,6.147600948e-13,3.627372617e-13,3.515460007e-13,1.774469508e-13,2.724274931e-13,1.043942918e-13,7.529980113e-14,7.034755611e-14,1.413537885e-13,1.176680462e-13,2.732182114e-13,4.527203087e-13,1.803723011e-13,7.625077538e-13,3.620756785e-14,1.169401834e-13,1.02833794e-13
72.5234375,6.231903993e-13,2.90632805e-13,4.983229504e-13,2.703293949e-13,3.76072297e-13,1.809710199e-13,1.478150126e-13,5.962074001e-14,6.56724482e-14,3.171953382e-14,3.672399187e-13,1.11004059e-13,2.930681826e-13,2.411096186e-13,5.0490355e-13,6.134832712e-13,3.624383994e-13,3.526246475e-13,1.775802233e-13,2.700519063e-13,1.041864774e-13,7.507427559e-14,7.043240724e-14,1.408929738e-13,1.172525201e-13,2.727223919e-13,4.515321854e-13,1.82865119e-13,7.576133333e-13,3.670200372e-14,1.159510911e-13,1.032262576e-13
72.53125,6.223536361e-13,2.930907671e-13,4.936332523e-13,2.712540261e-13,3.769556161e-13,1.826703501e-13,1.478903068e-13,5.870645061e-14,6.500959719e-14,3.14527741e-14,3.629660801e-13,1.106183818e-13,2.919294381e-13,2.414230697e-13,5.078868e-13,6.121630975e-13,3.621421329e-13,3.536492748e-13,1.776776345e-13,2.677640913e-13,1.040496196e-13,7.483950356e-14,7.046947154e-14,1.404399571e-13,1.16809675e-13,2.721753342e-13,4.502628064e-13,1.854890345e-13,7.525743829e-13,3.720553385e-14,1.150293758e-13,1.036398269e-13
72.5390625,6.21870991e-13,2.95463071e-13,4.890277108e-13,2.724645468e-13,3.777940067e-13,1.846093916e-13,1.479385154e-13,5.776873212e-14,6.433544819e-14,3.118640031e-14,3.58576137e-13,1.102579683e-13,2.907288807e-13,2.417646838e-13,5.109715257e-13,6.108716588e-13,3.619752508e-13,3.547439112e-13,1.777486715e-13,2.655027215e-13,1.039601967e-13,7.459888501e-14,7.049411634e-14,1.401022772e-13,1.163703334e-13,2.716641203e-13,4.489335435e-13,1.881294032e-13,7.474899436e-13,3.773660851e-14,1.142142005e-13,1.040742851e-13
72.546875,6.21402138e-13,2.976633125e-13,4.847039069e-13,2.74003737e-13,3.78494835e-13,1.865269231e-13,1.479527174e-13,5.68118074e-14,6.362558129e-14,3.092151493e-14,3.542110663e-13,1.099923047e-13,2.894502145e-13,2.421824627e-13,5.143293254e-13,6.097180384e-13,3.61901038e-13,3.55838495e-13,1.77784672e-13,2.63203349e-13,1.039096436e-13,7.432394419e-14,7.054143762e-14,1.398790533e-13,1.159362984e-13,2.71207422e-13,4.476797274e-13,1.907205544e-13,7.427199569e-13,3.831037547e-14,1.13581374e-13,1.045156713e-13
72.5546875,6.207051124e-13,2.999475026e-13,4.807264267e-13,2.756683355e-13,3.791410935e-13,1.883789107e-13,1.479839003e-13,5.585611988e-14,6.291762922e-14,3.071547247e-14,3.500845193e-13,1.098266432e-13,2.881473952e-13,2.427110179e-13,5.179505164e-13,6.085808397e-13,3.618088955e-13,3.569422757e-13,1.778404022e-13,2.608987877e-13,1.039273131e-13,7.402383563e-14,7.061501883e-14,1.39663337e-13,1.155085946e-13,2.706860207e-13,4.464802378e-13,1.934945005e-13,7.383182063e-13,3.892735598e-14,1.131343755e-13,1.049497627e-13
72.5625,6.200762994e-13,3.025336803e-13,4.770191526e-13,2.775472171e-13,3.796939212e-13,1.903372964e-13,1.480428522e-13,5.489789166e-14,6.222590751e-14,3.054051385e-14,3.460972889e-13,1.097427306e-13,2.868713968e-13,2.432710485e-13,5.217421738e-13,6.073151146e-13,3.616805832e-13,3.580795037e-13,1.779491105e-13,2.585595008e-13,1.040266686e-13,7.371704059e-14,7.068154165e-14,1.394916088e-13,1.150728887e-13,2.701029386e-13,4.454986315e-13,1.964952749e-13,7.340930118e-13,3.9579392e-14,1.128537865e-13,1.053876686e-13
72.5703125,6.196932076e-13,3.052277563e-13,4.733352433e-13,2.796803533e-13,3.800012266e-13,1.923899863e-13,1.480546185e-13,5.395571507e-14,6.148953539e-14,3.034782112e-14,3.420393074e-13,1.096681972e-13,2.855943696e-13,2.437044845e-13,5.256908166e-13,6.060385647e-13,3.61450574e-13,3.590591751e-13,1.780046556e-13,2.562451221e-13,1.041515828e-13,7.337973442e-14,7.071868879e-14,1.39435419e-13,1.146040316e-13,2.696359375e-13,4.447477012e-13,1.994483612e-13,7.299544776e-13,4.024491318e-14,1.126591506e-13,1.058561632e-13
72.578125,6.192907914e-13,3.078277673e-13,4.695990776e-13,2.820508741e-13,3.801495534e-13,1.944152064e-13,1.48028472e-13,5.307761864e-14,6.072609373e-14,3.020215295e-14,3.379963168e-13,1.095563714e-13,2.842159496e-13,2.440246962e-13,5.298404381e-13,6.049703569e-13,3.611102836e-13,3.598265916e-13,1.779511241e-13,2.540387775e-13,1.042764097e-13,7.302187519e-14,7.075881124e-14,1.394438549e-13,1.141274986e-13,2.692759124e-13,4.438662368e-13,2.024263656e-13,7.257300992e-13,4.092882024e-14,1.125124218e-13,1.063540897e-13
72.5859375,6.189858482e-13,3.104189038e-13,4.661907014e-13,2.850213159e-13,3.804377863e-13,1.965337588e-13,1.480189626e-13,5.224052768e-14,6.001222485e-14,3.012231126e-14,3.341571711e-13,1.095135838e-13,2.827853354e-13,2.444845556e-13,5.343845954e-13,6.043317167e-13,3.609978721e-13,3.606823668e-13,1.779279549e-13,2.519541698e-13,1.044567565e-13,7.26989797e-14,7.080888657e-14,1.395415385e-13,1.136905843e-13,2.688689749e-13,4.429331084e-13,2.05733751e-13,7.214363338e-13,4.166210462e-14,1.125474388e-13,1.068604776e-13
72.59375,6.189729213e-13,3.130163752e-13,4.633802358e-13,2.88518207e-13,3.808853179e-13,1.988863317e-13,1.47996446e-13,5.137395002e-14,5.931346451e-14,3.002462581e-14,3.305341591e-13,1.096153955e-13,2.814418184e-13,2.451630087e-13,5.393641431e-13,6.040749511e-13,3.612044884e-13,3.616326402e-13,1.77979773e-13,2.500653339e-13,1.047498059e-13,7.238840957e-14,7.082686862e-14,1.397940397e-13,1.13268559e-13,2.684315685e-13,4.42319313e-13,2.091933852e-13,7.174865561e-13,4.244471779e-14,1.12847177e-13,1.073754018e-13
72.6015625,6.187535752e-13,3.154236427e-13,4.609313406e-13,2.918013955e-13,3.810913027e-13,2.012909774e-13,1.479408991e-13,5.048617708e-14,5.856514041e-14,2.992393566e-14,3.270614389e-13,1.097593179e-13,2.801045558e-13,2.457946179e-13,5.443863441e-13,6.037905055e-13,3.613323441e-13,3.623293338e-13,1.779582468e-13,2.482747461e-13,1.051582061e-13,7.20230765e-14,7.083456766e-14,1.401307531e-13,1.128125467e-13,2.680046681e-13,4.418475587e-13,2.125117296e-13,7.139148297e-13,4.325950693e-14,1.13325757e-13,1.079096234e-13
72.609375,6.181808019e-13,3.176916017e-13,4.586501873e-13,2.949248098e-13,3.809387794e-13,2.036353652e-13,1.478932043e-13,4.963935015e-14,5.781010119e-14,2.989088741e-14,3.236757467e-13,1.098998076e-13,2.786996052e-13,2.463025548e-13,5.493450867e-13,6.034425357e-13,3.614089013e-13,3.628493242e-13,1.778673444e-13,2.46354e-13,1.056142292e-13,7.163509553e-14,7.088173455e-14,1.405441116e-13,1.123596704e-13,2.675517104e-13,4.413068897e-13,2.158752212e-13,7.10421377e-13,4.410658952e-14,1.139401919e-13,1.084630272e-13
72.6171875,6.178949812e-13,3.200889628e-13,4.566221643e-13,2.986643158e-13,3.80780873e-13,2.061468198e-13,1.478729325e-13,4.884627802e-14,5.709310123e-14,2.987944869e-14,3.203135438e-13,1.101102473e-13,2.773630796e-13,2.468922541e-13,5.546497907e-13,6.033992796e-13,3.617144251e-13,3.63420627e-13,1.778155929e-13,2.444674419e-13,1.060733352e-13,7.127242046e-14,7.092546345e-14,1.411083892e-13,1.119542323e-13,2.671578539e-13,4.408781715e-13,2.194756093e-13,7.070835013e-13,4.498333758e-14,1.146745947e-13,1.090459914e-13
72.625,6.180351164e-13,3.225381259e-13,4.54796155e-13,3.02978627e-13,3.805909275e-13,2.089187639e-13,1.478638439e-13,4.806609766e-14,5.637258299e-14,2.9849786e-14,3.169812039e-13,1.103452002e-13,2.7606318e-13,2.475076443e-13,5.603414858e-13,6.035806224e-13,3.619948659e-13,3.638373166e-13,1.777155203e-13,2.428236267e-13,1.065999918e-13,7.088122856e-14,7.092335142e-14,1.417503264e-13,1.115434187e-13,2.668880505e-13,4.405353432e-13,2.231921468e-13,7.038774782e-13,4.589726315e-14,1.154337537e-13,1.096742259e-13
72.6328125,6.18307057e-13,3.248611924e-13,4.530556986e-13,3.072874059e-13,3.800602583e-13,2.117723481e-13,1.478300887e-13,4.726830234e-14,5.562245361e-14,2.986983476e-14,3.137554942e-13,1.105162669e-13,2.746408751e-13,2.480030733e-13,5.660983949e-13,6.036590119e-13,3.621164739e-13,3.640690516e-13,1.775140577e-13,2.411199511e-13,1.072206048e-13,7.043621104e-14,7.092865024e-14,1.424119906e-13,1.110945448e-13,2.666184095e-13,4.4017193e-13,2.269916719e-13,7.005383568e-13,4.687789111e-14,1.162252092e-13,1.103272665e-13
72.640625,6.188040523e-13,3.271800774e-13,4.515376469e-13,3.116357932e-13,3.794064359e-13,2.146479491e-13,1.477464925e-13,4.647771084e-14,5.487865643e-14,2.995289611e-14,3.106785789e-13,1.107060208e-13,2.731666248e-13,2.485567183e-13,5.718575655e-13,6.036250028e-13,3.623368378e-13,3.643782355e-13,1.773456033e-13,2.391312243e-13,1.078905507e-13,7.000228023e-14,7.096981412e-14,1.431637833e-13,1.106557452e-13,2.662970273e-13,4.399693347e-13,2.309122302e-13,6.972548309e-13,4.791231513e-14,1.171759473e-13,1.109773406e-13
72.6484375,6.19435506e-13,3.293639664e-13,4.503556886e-13,3.164153702e-13,3.78826725e-13,2.17615914e-13,1.4763874e-13,4.572893693e-14,5.413965415e-14,3.00257493e-14,3.076932736e-13,1.109849333e-13,2.717082857e-13,2.492100519e-13,5.776270341e-13,6.035395147e-13,3.625511945e-13,3.645710965e-13,1.771735652e-13,2.370782094e-13,1.086533198e-13,6.958317592e-14,7.099683771e-14,1.439922327e-13,1.102113499e-13,2.660161665e-13,4.399577732e-13,2.34819753e-13,6.941600134e-13,4.893909285e-14,1.182806722e-13,1.116469146e-13
72.65625,6.199496311e-13,3.311973587e-13,4.493295595e-13,3.216398086e-13,3.780257019e-13,2.206740751e-13,1.475293329e-13,4.500569164e-14,5.335961981e-14,3.008250903e-14,3.04723132e-13,1.112512731e-13,2.702110712e-13,2.49724176e-13,5.833962439e-13,6.034840195e-13,3.626313077e-13,3.644050302e-13,1.768340949e-13,2.350678829e-13,1.09520392e-13,6.912230815e-14,7.099529576e-14,1.448739002e-13,1.097080168e-13,2.657843198e-13,4.399653974e-13,2.386906519e-13,6.909356612e-13,4.994365206e-14,1.194216133e-13,1.123698427e-13
72.6640625,6.207842631e-13,3.332531233e-13,4.483200843e-13,3.27081142e-13,3.770739933e-13,2.238376281e-13,1.474179452e-13,4.429895737e-14,5.256874466e-14,3.017222016e-14,3.017936535e-13,1.114686226e-13,2.687523249e-13,2.502087565e-13,5.893668128e-13,6.03657708e-13,3.628935571e-13,3.642489241e-13,1.764443203e-13,2.330251132e-13,1.10375869e-13,6.864094856e-14,7.100469407e-14,1.458719495e-13,1.092121981e-13,2.655220889e-13,4.399570353e-13,2.427989449e-13,6.877047992e-13,5.096973637e-14,1.205960928e-13,1.131389076e-13
72.671875,6.223253359e-13,3.3593619e-13,4.475539378e-13,3.327241152e-13,3.763572393e-13,2.272046034e-13,1.473327707e-13,4.363840285e-14,5.184210904e-14,3.028644908e-14,2.989952711e-13,1.117602142e-13,2.673773069e-13,2.509764601e-13,5.957053157e-13,6.04140364e-13,3.634809095e-13,3.643711549e-13,1.762289712e-13,2.310540518e-13,1.112137255e-13,6.819706993e-14,7.103523337e-14,1.469355449e-13,1.088024472e-13,2.651879634e-13,4.399386425e-13,2.473026085e-13,6.848550521e-13,5.202991758e-14,1.219153293e-13,1.139364602e-13
72.6796875,6.240987285e-13,3.384308514e-13,4.473061797e-13,3.38687537e-13,3.757248996e-13,2.307837391e-13,1.472675489e-13,4.300862892e-14,5.116138368e-14,3.038778602e-14,2.963514792e-13,1.121528974e-13,2.659558515e-13,2.519092218e-13,6.023815085e-13,6.049374061e-13,3.642006758e-13,3.644733071e-13,1.761183669e-13,2.292647992e-13,1.121194744e-13,6.77805359e-14,7.107225934e-14,1.479846367e-13,1.084204755e-13,2.648252635e-13,4.399752357e-13,2.519151884e-13,6.821674469e-13,5.310204032e-14,1.23405071e-13,1.147560042e-13
72.6875,6.258089007e-13,3.402337893e-13,4.473965056e-13,3.448789268e-13,3.749220287e-13,2.344544141e-13,1.471703235e-13,4.237387015e-14,5.047908588e-14,3.048032845e-14,2.9377787e-13,1.125310494e-13,2.644606777e-13,2.527451984e-13,6.092717794e-13,6.059912696e-13,3.649135856e-13,3.643446594e-13,1.759099134e-13,2.275625697e-13,1.130622289e-13,6.735416507e-14,7.111497265e-14,1.490992626e-13,1.079934766e-13,2.645312975e-13,4.401738044e-13,2.563459916e-13,6.793256299e-13,5.419915319e-14,1.24938729e-13,1.155888914e-13
72.6953125,6.278001251e-13,3.421010271e-13,4.474677364e-13,3.512045788e-13,3.7406584e-13,2.382002307e-13,1.470648428e-13,4.177250551e-14,4.983094416e-14,3.060058041e-14,2.912191839e-13,1.128743349e-13,2.630110343e-13,2.535461441e-13,6.161529462e-13,6.070547634e-13,3.655710549e-13,3.641039594e-13,1.756093411e-13,2.258807768e-13,1.14024117e-13,6.691849125e-14,7.115820604e-14,1.503320043e-13,1.075375115e-13,2.643046938e-13,4.403889089e-13,2.6082367e-13,6.764519567e-13,5.534240254e-14,1.264353249e-13,1.164325795e-13
72.703125,6.301334708e-13,3.444019107e-13,4.476232139e-13,3.578012374e-13,3.731782348e-13,2.421375533e-13,1.469872921e-13,4.124381742e-14,4.923837591e-14,3.076786456e-14,2.887981642e-13,1.132556881e-13,2.61698254e-13,2.544278084e-13,6.229017924e-13,6.080203246e-13,3.66201887e-13,3.637990029e-13,1.753437193e-13,2.242914061e-13,1.15083866e-13,6.649225865e-14,7.119967128e-14,1.516266415e-13,1.070839736e-13,2.64028994e-13,4.404938073e-13,2.656244974e-13,6.736835419e-13,5.649557519e-14,1.279788064e-13,1.172946529e-13
72.7109375,6.326330471e-13,3.465755409e-13,4.481446637e-13,3.647329102e-13,3.722288776e-13,2.462788444e-13,1.468876484e-13,4.074798967e-14,4.865211514e-14,3.093948159e-14,2.866144616e-13,1.136666876e-13,2.604866908e-13,2.553602077e-13,6.296491931e-13,6.090212764e-13,3.668748708e-13,3.633770641e-13,1.751220717e-13,2.227515475e-13,1.1625841e-13,6.60777482e-14,7.12643952e-14,1.529501221e-13,1.06642264e-13,2.636784314e-13,4.406873359e-13,2.705640477e-13,6.709875303e-13,5.762350224e-14,1.296578899e-13,1.181933005e-13
72.71875,6.354435254e-13,3.485052033e-13,4.489188984e-13,3.719766162e-13,3.713216695e-13,2.5056441e-13,1.467625665e-13,4.025402773e-14,4.80630028e-14,3.105912087e-14,2.845078447e-13,1.140840319e-13,2.591873005e-13,2.56344641e-13,6.365277675e-13,6.101063779e-13,3.676319662e-13,3.628567617e-13,1.748800013e-13,2.210816546e-13,1.175036089e-13,6.566356533e-14,7.136102959e-14,1.542851503e-13,1.062070659e-13,2.633249791e-13,4.410752982e-13,2.755343637e-13,6.683112896e-13,5.875705266e-14,1.314789678e-13,1.191507444e-13
72.7265625,6.385955637e-13,3.505702787e-13,4.49710565e-13,3.794470667e-13,3.703468704e-13,2.549722671e-13,1.466650261e-13,3.978562526e-14,4.751392551e-14,3.117282729e-14,2.823394332e-13,1.145222518e-13,2.577143205e-13,2.573561311e-13,6.434756677e-13,6.112328077e-13,3.684677847e-13,3.621955516e-13,1.745896074e-13,2.193267802e-13,1.187837262e-13,6.524954403e-14,7.146314436e-14,1.556682216e-13,1.057475357e-13,2.629749274e-13,4.415294901e-13,2.806889983e-13,6.656196417e-13,5.992772035e-14,1.334033649e-13,1.201471983e-13
72.734375,6.419473453e-13,3.527190422e-13,4.505091908e-13,3.868078827e-13,3.692227677e-13,2.594465646e-13,1.465566534e-13,3.934547478e-14,4.702143534e-14,3.137023022e-14,2.802074877e-13,1.149139468e-13,2.562017396e-13,2.58302554e-13,6.503534597e-13,6.123457049e-13,3.692282316e-13,3.61298671e-13,1.742316731e-13,2.177357103e-13,1.20071574e-13,6.485596015e-14,7.156811115e-14,1.571876939e-13,1.052501246e-13,2.626062927e-13,4.419599908e-13,2.859678469e-13,6.628563693e-13,6.113684236e-14,1.353304536e-13,1.211337723e-13
72.7421875,6.456157478e-13,3.548439022e-13,4.514654492e-13,3.941046091e-13,3.681558623e-13,2.640356192e-13,1.463865549e-13,3.891590123e-14,4.658013538e-14,3.162086284e-14,2.782003419e-13,1.152553689e-13,2.54706285e-13,2.592874777e-13,6.572370386e-13,6.135210027e-13,3.699562657e-13,3.603142386e-13,1.738593569e-13,2.163552488e-13,1.214156848e-13,6.449810947e-14,7.17002991e-14,1.588071919e-13,1.047581948e-13,2.622782985e-13,4.423375461e-13,2.913676198e-13,6.599614199e-13,6.240946236e-14,1.372780362e-13,1.221091561e-13
72.75,6.494794516e-13,3.571844768e-13,4.528097389e-13,4.018428682e-13,3.670823985e-13,2.688545664e-13,1.461891293e-13,3.851715058e-14,4.616246246e-14,3.184073662e-14,2.763241426e-13,1.157265679e-13,2.532560253e-13,2.604924216e-13,6.643370822e-13,6.150552806e-13,3.710657751e-13,3.594631324e-13,1.735821473e-13,2.15063435e-13,1.228885181e-13,6.415628881e-14,7.186851012e-14,1.604528215e-13,1.043202144e-13,2.620743383e-13,4.428013073e-13,2.969991427e-13,6.571470203e-13,6.374192715e-14,1.394645656e-13,1.230985035e-13
72.7578125,6.532135068e-13,3.595660689e-13,4.544902279e-13,4.097948009e-13,3.657923067e-13,2.737802252e-13,1.459942586e-13,3.816459243e-14,4.572465407e-14,3.204417652e-14,2.745463721e-13,1.163245126e-13,2.519576911e-13,2.618018396e-13,6.714841497e-13,6.169008562e-13,3.724959219e-13,3.586150293e-13,1.733224641e-13,2.137997444e-13,1.244312346e-13,6.380408079e-14,7.208156272e-14,1.621700699e-13,1.039217821e-13,2.619551408e-13,4.435409959e-13,3.025524571e-13,6.547048123e-13,6.505339296e-14,1.41878899e-13,1.240996726e-13
72.765625,6.572316551e-13,3.614810222e-13,4.561532606e-13,4.175724452e-13,3.645315459e-13,2.788092351e-13,1.458191664e-13,3.782630008e-14,4.52958005e-14,3.22729319e-14,2.727510055e-13,1.168267818e-13,2.506586174e-13,2.630783372e-13,6.784389666e-13,6.186659498e-13,3.737827536e-13,3.576130428e-13,1.729406879e-13,2.125180684e-13,1.259600722e-13,6.34664686e-14,7.234458108e-14,1.639619131e-13,1.035026254e-13,2.617549437e-13,4.443331635e-13,3.079601165e-13,6.523017287e-13,6.632421804e-14,1.442420245e-13,1.251090239e-13
72.7734375,6.619155825e-13,3.631471168e-13,4.578925542e-13,4.257609339e-13,3.634707889e-13,2.842503099e-13,1.456820306e-13,3.749350046e-14,4.494146698e-14,3.251584775e-14,2.709683077e-13,1.172770793e-13,2.491877328e-13,2.644875283e-13,6.855100649e-13,6.204627873e-13,3.751184658e-13,3.566595005e-13,1.725676483e-13,2.112285376e-13,1.275419228e-13,6.317504697e-14,7.262232036e-14,1.657891327e-13,1.0304847e-13,2.614126028e-13,4.449085811e-13,3.13754931e-13,6.494993094e-13,6.762652933e-14,1.465711029e-13,1.261211797e-13
72.78125,6.666189435e-13,3.65101659e-13,4.600733445e-13,4.344095078e-13,3.623359097e-13,2.899943552e-13,1.455394818e-13,3.720048635e-14,4.462232033e-14,3.27733126e-14,2.693585281e-13,1.178448685e-13,2.478011035e-13,2.660943231e-13,6.928110573e-13,6.225250442e-13,3.767246414e-13,3.558059338e-13,1.72323699e-13,2.100002064e-13,1.292716753e-13,6.289344607e-14,7.288710479e-14,1.677001044e-13,1.026129986e-13,2.610692013e-13,4.454795517e-13,3.197976258e-13,6.466654952e-13,6.894465186e-14,1.490749533e-13,1.271265887e-13
72.7890625,6.71110359e-13,3.671324385e-13,4.624574503e-13,4.426230932e-13,3.611062314e-13,2.956465302e-13,1.45366652e-13,3.694079013e-14,4.427622525e-14,3.304282777e-14,2.678154856e-13,1.183910256e-13,2.465864495e-13,2.677116709e-13,6.99825046e-13,6.245028429e-13,3.780985833e-13,3.547360755e-13,1.720362856e-13,2.087817526e-13,1.311009658e-13,6.259982959e-14,7.316378527e-14,1.696709615e-13,1.02215094e-13,2.608151654e-13,4.461789028e-13,3.255143175e-13,6.441342612e-13,7.020485495e-14,1.51682235e-13,1.281478922e-13
72.796875,6.761084379e-13,3.688209913e-13,4.646768778e-13,4.505684255e-13,3.600128423e-13,3.013302457e-13,1.452120927e-13,3.667274465e-14,4.394152158e-14,3.328547049e-14,2.661761822e-13,1.187911224e-13,2.452330031e-13,2.693083344e-13,7.063931166e-13,6.261906884e-13,3.791564818e-13,3.534048022e-13,1.71611128e-13,2.075111234e-13,1.329096521e-13,6.233960845e-14,7.346795275e-14,1.71639887e-13,1.018121475e-13,2.605596014e-13,4.467973008e-13,3.312242405e-13,6.415543101e-13,7.144467126e-14,1.542820131e-13,1.291816616e-13
72.8046875,6.814802051e-13,3.703128066e-13,4.668879528e-13,4.589234798e-13,3.589212429e-13,3.072298292e-13,1.450743189e-13,3.640535005e-14,4.362884391e-14,3.352010993e-14,2.645524283e-13,1.191900908e-13,2.437883528e-13,2.709480356e-13,7.127852632e-13,6.27801993e-13,3.803992939e-13,3.520801471e-13,1.711536703e-13,2.062258496e-13,1.346603809e-13,6.209527475e-14,7.37798769e-14,1.737159538e-13,1.013951318e-13,2.602091422e-13,4.47329342e-13,3.372462933e-13,6.388564055e-13,7.271125942e-14,1.569151599e-13,1.301605197e-13
72.8125,6.86519828e-13,3.718491432e-13,4.692426146e-13,4.673349206e-13,3.576290425e-13,3.131755155e-13,1.44911689e-13,3.617749955e-14,4.329393027e-14,3.3797101e-14,2.629951538e-13,1.196458809e-13,2.424865209e-13,2.725772475e-13,7.190338116e-13,6.294135778e-13,3.818056206e-13,3.507856488e-13,1.706851107e-13,2.049495493e-13,1.364198069e-13,6.180375027e-14,7.409245971e-14,1.759584214e-13,1.009821907e-13,2.597848855e-13,4.479119376e-13,3.431686357e-13,6.363491022e-13,7.396045916e-14,1.595470954e-13,1.310736026e-13
72.8203125,6.916530621e-13,3.733973529e-13,4.717224771e-13,4.755692157e-13,3.563190655e-13,3.192373833e-13,1.447267553e-13,3.597537888e-14,4.299150757e-14,3.406696803e-14,2.614322561e-13,1.200986125e-13,2.411438513e-13,2.74276029e-13,7.252264481e-13,6.311342621e-13,3.832040866e-13,3.493944421e-13,1.702303111e-13,2.03789601e-13,1.382488381e-13,6.151978993e-14,7.440929044e-14,1.782250595e-13,1.005517745e-13,2.593768027e-13,4.485299577e-13,3.490244231e-13,6.338877615e-13,7.519069788e-14,1.621806872e-13,1.319923537e-13
72.828125,6.973909138e-13,3.748696737e-13,4.744417869e-13,4.839297496e-13,3.552159457e-13,3.255745009e-13,1.445131707e-13,3.575919215e-14,4.27830923e-14,3.42878076e-14,2.599587713e-13,1.205762281e-13,2.396951005e-13,2.762120726e-13,7.31495407e-13,6.330447363e-13,3.847866653e-13,3.479537641e-13,1.698869736e-13,2.028321229e-13,1.401223193e-13,6.132029073e-14,7.473672849e-14,1.804313269e-13,1.001010543e-13,2.590274476e-13,4.491817119e-13,3.551477416e-13,6.312428705e-13,7.643090391e-14,1.649053614e-13,1.329474262e-13
72.8359375,7.03115593e-13,3.761886203e-13,4.773818301e-13,4.92262348e-13,3.542517807e-13,3.319688338e-13,1.442746782e-13,3.555335731e-14,4.260506332e-14,3.455187627e-14,2.586533479e-13,1.210596648e-13,2.384312838e-13,2.782932639e-13,7.376102217e-13,6.348780995e-13,3.864672642e-13,3.464953668e-13,1.695757057e-13,2.018648824e-13,1.419976281e-13,6.115215331e-14,7.510877838e-14,1.826141848e-13,9.968148672e-14,2.586666687e-13,4.498165066e-13,3.612663907e-13,6.286295813e-13,7.763799931e-14,1.67647283e-13,1.339161121e-13
72.84375,7.084809684e-13,3.772841048e-13,4.803145779e-13,5.004547439e-13,3.532186042e-13,3.382715313e-13,1.440542318e-13,3.541112197e-14,4.240783698e-14,3.490323711e-14,2.574104925e-13,1.21467942e-13,2.373093081e-13,2.803149513e-13,7.434650432e-13,6.366071313e-13,3.880079999e-13,3.449091811e-13,1.691388648e-13,2.007438301e-13,1.438789499e-13,6.095112755e-14,7.553716526e-14,1.848317753e-13,9.930675758e-14,2.582418385e-13,4.503063419e-13,3.672066546e-13,6.261674276e-13,7.881106697e-14,1.70319727e-13,1.348806782e-13
72.8515625,7.139559515e-13,3.781779829e-13,4.831388472e-13,5.086822646e-13,3.520383468e-13,3.446003929e-13,1.43836581e-13,3.531004719e-14,4.220462468e-14,3.524500466e-14,2.561245052e-13,1.218213168e-13,2.360571658e-13,2.822730162e-13,7.49314276e-13,6.385623749e-13,3.89604226e-13,3.431823236e-13,1.686150271e-13,1.996451552e-13,1.457440985e-13,6.072971198e-14,7.596677816e-14,1.871464709e-13,9.894328574e-14,2.577934266e-13,4.507615903e-13,3.731919828e-13,6.235906684e-13,8.001796984e-14,1.729823869e-13,1.358220054e-13
72.859375,7.195769646e-13,3.789849727e-13,4.859367324e-13,5.168028677e-13,3.508198016e-13,3.510391934e-13,1.436016288e-13,3.52064132e-14,4.198696622e-14,3.555456982e-14,2.547896332e-13,1.221725801e-13,2.347431709e-13,2.843040717e-13,7.553219125e-13,6.408150642e-13,3.914839303e-13,3.414426621e-13,1.681099256e-13,1.986791462e-13,1.475519568e-13,6.050959397e-14,7.636815215e-14,1.895158556e-13,9.85901532e-14,2.573408003e-13,4.513747814e-13,3.791674473e-13,6.207489043e-13,8.124770144e-14,1.756541789e-13,1.367224014e-13
72.8671875,7.249856749e-13,3.797434519e-13,4.888489397e-13,5.247885402e-13,3.496304355e-13,3.575937851e-13,1.433944296e-13,3.513131835e-14,4.178678716e-14,3.592227396e-14,2.535221602e-13,1.225271848e-13,2.334847301e-13,2.864366485e-13,7.614103868e-13,6.432195844e-13,3.934654529e-13,3.396763516e-13,1.676099821e-13,1.978671148e-13,1.493615447e-13,6.031911564e-14,7.678436222e-14,1.918465057e-13,9.824733226e-14,2.568685235e-13,4.520531133e-13,3.85007502e-13,6.178616762e-13,8.244986491e-14,1.783626489e-13,1.375807252e-13
72.875,7.302721664e-13,3.803288572e-13,4.918503312e-13,5.32722448e-13,3.484061162e-13,3.641457193e-13,1.431875114e-13,3.510892615e-14,4.166178158e-14,3.635284066e-14,2.524078797e-13,1.228639908e-13,2.321678338e-13,2.885325697e-13,7.67191685e-13,6.454796091e-13,3.952101956e-13,3.377095618e-13,1.670517741e-13,1.971813732e-13,1.512457226e-13,6.017470636e-14,7.72246827e-14,1.941618657e-13,9.786905033e-14,2.563341209e-13,4.525883709e-13,3.908114955e-13,6.150924913e-13,8.362847722e-14,1.811408726e-13,1.384070983e-13
72.8828125,7.357389627e-13,3.80792867e-13,4.947849682e-13,5.403602089e-13,3.471874825e-13,3.70667733e-13,1.429388866e-13,3.511013234e-14,4.15759729e-14,3.677482362e-14,2.513134918e-13,1.231527519e-13,2.307966564e-13,2.906145258e-13,7.723834542e-13,6.473048056e-13,3.967194588e-13,3.355934683e-13,1.664445636e-13,1.963363982e-13,1.531408588e-13,6.003750484e-14,7.763981087e-14,1.964560184e-13,9.745304921e-14,2.556433564e-13,4.529337544e-13,3.966357947e-13,6.122691985e-13,8.478017947e-14,1.838440044e-13,1.392269212e-13
72.890625,7.413984093e-13,3.813494234e-13,4.978266153e-13,5.477794542e-13,3.461265399e-13,3.774659022e-13,1.427421192e-13,3.514152657e-14,4.147743295e-14,3.717277069e-14,2.501705932e-13,1.234376454e-13,2.295316629e-13,2.929563247e-13,7.774834464e-13,6.491095347e-13,3.984175025e-13,3.335929499e-13,1.658681099e-13,1.952851074e-13,1.5498519e-13,5.989496866e-14,7.802181807e-14,1.986626105e-13,9.706854875e-14,2.548334484e-13,4.532361874e-13,4.024689667e-13,6.093543302e-13,8.588817845e-14,1.864340439e-13,1.400496123e-13
72.8984375,7.46926897e-13,3.817419509e-13,5.012187079e-13,5.551190045e-13,3.451754312e-13,3.845165088e-13,1.426154137e-13,3.521007495e-14,4.138515211e-14,3.755756327e-14,2.491158479e-13,1.23765273e-13,2.283510481e-13,2.955240014e-13,7.828468058e-13,6.51361458e-13,4.003873789e-13,3.316312681e-13,1.653055881e-13,1.944328467e-13,1.568468742e-13,5.977731175e-14,7.839804849e-14,2.008598609e-13,9.672252952e-14,2.540616871e-13,4.536522748e-13,4.081500159e-13,6.06601542e-13,8.696884882e-14,1.891055191e-13,1.408336332e-13
72.90625,7.521021274e-13,3.816085425e-13,5.046706334e-13,5.618832959e-13,3.440792165e-13,3.913203303e-13,1.424299011e-13,3.527045029e-14,4.132115606e-14,3.793226845e-14,2.48110501e-13,1.240271892e-13,2.270866771e-13,2.979247332e-13,7.878160405e-13,6.535182335e-13,4.021360508e-13,3.293330964e-13,1.646158652e-13,1.937728534e-13,1.587665206e-13,5.966259022e-14,7.875831794e-14,2.031215715e-13,9.633816292e-14,2.532810135e-13,4.540249944e-13,4.135061021e-13,6.039118704e-13,8.804389312e-14,1.91828256e-13,1.415502133e-13
72.9140625,7.573870602e-13,3.813729028e-13,5.079237267e-13,5.681608083e-13,3.42771122e-13,3.979755406e-13,1.422051108e-13,3.533591862e-14,4.129761056e-14,3.832740605e-14,2.469990754e-13,1.241594209e-13,2.257183029e-13,3.001433576e-13,7.921467346e-13,6.552442595e-13,4.036568574e-13,3.267455769e-13,1.638101666e-13,1.929538469e-13,1.606735222e-13,5.953228753e-14,7.91005293e-14,2.053779735e-13,9.590613153e-14,2.523667645e-13,4.540562617e-13,4.188564073e-13,6.009085199e-13,8.912755019e-14,1.944277258e-13,1.422409405e-13
72.921875,7.632238019e-13,3.81541761e-13,5.112447652e-13,5.74798823e-13,3.415139033e-13,4.050282245e-13,1.420649892e-13,3.546539142e-14,4.131293248e-14,3.87609997e-14,2.458452705e-13,1.242977178e-13,2.243785615e-13,3.025348656e-13,7.966250459e-13,6.572656465e-13,4.054837938e-13,3.242934657e-13,1.630652445e-13,1.92151413e-13,1.625153688e-13,5.943396047e-14,7.947230805e-14,2.076052523e-13,9.55044063e-14,2.514392858e-13,4.538773766e-13,4.244901333e-13,5.976449806e-13,9.021361292e-14,1.970063513e-13,1.429475117e-13
72.9296875,7.689575989e-13,3.818151651e-13,5.14768788e-13,5.81629486e-13,3.4043991e-13,4.12324526e-13,1.419687408e-13,3.563277919e-14,4.131635727e-14,3.920283731e-14,2.447188346e-13,1.24511599e-13,2.231326082e-13,3.051518318e-13,8.014022569e-13,6.598022655e-13,4.075061148e-13,3.219989647e-13,1.62379722e-13,1.916474097e-13,1.643239e-13,5.936864449e-14,7.988912415e-14,2.098116747e-13,9.51547471e-14,2.506144115e-13,4.538412878e-13,4.299844487e-13,5.944029113e-13,9.126552711e-14,1.997020948e-13,1.436376865e-13
72.9375,7.739007211e-13,3.817746897e-13,5.182820945e-13,5.878520962e-13,3.392971584e-13,4.194351973e-13,1.418269689e-13,3.579499093e-14,4.128650284e-14,3.961901705e-14,2.435497276e-13,1.247037413e-13,2.219166527e-13,3.07786912e-13,8.056934842e-13,6.621259506e-13,4.092392709e-13,3.195165783e-13,1.615863422e-13,1.912321268e-13,1.661496515e-13,5.927868061e-14,8.030803362e-14,2.11971524e-13,9.479442249e-14,2.497619917e-13,4.538073102e-13,4.350030618e-13,5.912387649e-13,9.227895334e-14,2.02410803e-13,1.442438443e-13
72.9453125,7.78610831e-13,3.814783529e-13,5.216862937e-13,5.93538146e-13,3.380441265e-13,4.265418417e-13,1.416688617e-13,3.597412638e-14,4.128311246e-14,4.001646567e-14,2.423733267e-13,1.248125419e-13,2.206593785e-13,3.104242679e-13,8.092282129e-13,6.63973624e-13,4.108213151e-13,3.168421762e-13,1.606681151e-13,1.907285646e-13,1.679848838e-13,5.918146363e-14,8.070874494e-14,2.141114238e-13,9.438428806e-14,2.487520295e-13,4.533751328e-13,4.398605183e-13,5.881189015e-13,9.327349597e-14,2.050039096e-13,1.447483862e-13
72.953125,7.837079584e-13,3.81036002e-13,5.250666207e-13,5.990062653e-13,3.3705027e-13,4.339032934e-13,1.415369022e-13,3.617728925e-14,4.135425166e-14,4.044519773e-14,2.412900331e-13,1.24862186e-13,2.193357701e-13,3.131898153e-13,8.12420606e-13,6.656649378e-13,4.124863131e-13,3.142095702e-13,1.597402574e-13,1.902286117e-13,1.69784109e-13,5.914280123e-14,8.110124096e-14,2.162039969e-13,9.39479407e-14,2.476375129e-13,4.526505217e-13,4.447837488e-13,5.849431728e-13,9.422782732e-14,2.075071343e-13,1.452136554e-13
72.9609375,7.888100887e-13,3.803745923e-13,5.285571653e-13,6.041488627e-13,3.362520219e-13,4.413282428e-13,1.414216845e-13,3.639435866e-14,4.147483276e-14,4.092087721e-14,2.402765561e-13,1.248979094e-13,2.179482803e-13,3.160290904e-13,8.154790521e-13,6.672658035e-13,4.13974865e-13,3.114947354e-13,1.588266944e-13,1.897737296e-13,1.715567427e-13,5.914459101e-14,8.148103381e-14,2.182102832e-13,9.351409605e-14,2.465742208e-13,4.519935186e-13,4.496181921e-13,5.815992527e-13,9.51321181e-14,2.100320586e-13,1.457160995e-13
72.96875,7.935130196e-13,3.795327402e-13,5.321442251e-13,6.090078355e-13,3.351461033e-13,4.4863383e-13,1.413015667e-13,3.665274371e-14,4.158844663e-14,4.137279235e-14,2.392618115e-13,1.249485539e-13,2.165589421e-13,3.187549973e-13,8.182959665e-13,6.687012988e-13,4.151888894e-13,3.085054375e-13,1.578693287e-13,1.893928093e-13,1.733363591e-13,5.911812007e-14,8.18554272e-14,2.202605053e-13,9.308312673e-14,2.456312593e-13,4.5132011e-13,4.542899774e-13,5.781574798e-13,9.601529366e-14,2.125755701e-13,1.462430626e-13
72.9765625,7.979871773e-13,3.787123835e-13,5.355491021e-13,6.136536886e-13,3.338109026e-13,4.559370885e-13,1.411678775e-13,3.696201495e-14,4.168560534e-14,4.177624874e-14,2.382005116e-13,1.249852337e-13,2.152381576e-13,3.214310074e-13,8.208269937e-13,6.700355352e-13,4.164457181e-13,3.054758018e-13,1.568605036e-13,1.891210898e-13,1.750783113e-13,5.906488075e-14,8.224529738e-14,2.22373563e-13,9.264356387e-14,2.446466707e-13,4.503750037e-13,4.588321929e-13,5.746147027e-13,9.687051008e-14,2.149910276e-13,1.466981125e-13
72.984375,8.022564245e-13,3.77817048e-13,5.386606465e-13,6.1775953e-13,3.326203532e-13,4.633062312e-13,1.410505287e-13,3.729390914e-14,4.180564747e-14,4.221321879e-14,2.370519957e-13,1.249562836e-13,2.139238226e-13,3.242483235e-13,8.230918191e-13,6.712506171e-13,4.178281763e-13,3.025399517e-13,1.558183561e-13,1.888566691e-13,1.767204491e-13,5.902602489e-14,8.262773238e-14,2.243693048e-13,9.21793071e-14,2.434149067e-13,4.491856891e-13,4.63078021e-13,5.708399838e-13,9.766628504e-14,2.172613618e-13,1.470213049e-13
72.9921875,8.059932275e-13,3.765645279e-13,5.417022832e-13,6.211371818e-13,3.313241258e-13,4.705342867e-13,1.409662651e-13,3.764197668e-14,4.194274205e-14,4.269961814e-14,2.358322772e-13,1.248499157e-13,2.124968781e-13,3.270446308e-13,8.250183778e-13,6.722777493e-13,4.190667218e-13,2.99376729e-13,1.547025083e-13,1.885508001e-13,1.782969951e-13,5.898240001e-14,8.296093589e-14,2.262666087e-13,9.167246672e-14,2.419563317e-13,4.477955675e-13,4.668709695e-13,5.668887932e-13,9.841409726e-14,2.194845169e-13,1.472358092e-13
73,8.093610355e-13,3.752036963e-13,5.447911342e-13,6.241695073e-13,3.297384892e-13,4.775852971e-13,1.408585646e-13,3.801816651e-14,4.20699699e-14,4.316845039e-14,2.346610667e-13,1.247049597e-13,2.10983509e-13,3.297056296e-13,8.266377685e-13,6.73257466e-13,4.201795298e-13,2.959703104e-13,1.535167997e-13,1.883648638e-13,1.798994561e-13,5.892284281e-14,8.325608943e-14,2.281768319e-13,9.113190834e-14,2.404473377e-13,4.46228528e-13,4.705202378e-13,5.627926653e-13,9.91522249e-14,2.216590591e-13,1.473938231e-13
73.0078125,8.132217779e-13,3.739591904e-13,5.478994066e-13,6.272506448e-13,3.283650741e-13,4.849058338e-13,1.406931634e-13,3.842505122e-14,4.222581959e-14,4.363213977e-14,2.33636193e-13,1.24574982e-13,2.094677969e-13,3.326065922e-13,8.282251513e-13,6.743748616e-13,4.215684096e-13,2.927638971e-13,1.523685202e-13,1.883922941e-13,1.815560543e-13,5.892199512e-14,8.355207308e-14,2.300618571e-13,9.058322833e-14,2.390210923e-13,4.446717099e-13,4.7433106e-13,5.584854343e-13,9.986210579e-14,2.237986029e-13,1.475436319e-13
73.015625,8.177354482e-13,3.722798767e-13,5.509488114e-13,6.301180487e-13,3.27373038e-13,4.926701362e-13,1.405257845e-13,3.886244574e-14,4.240981353e-14,4.413842425e-14,2.326411523e-13,1.244137712e-13,2.079148065e-13,3.358155997e-13,8.298340519e-13,6.754905737e-13,4.232032903e-13,2.897467338e-13,1.512384944e-13,1.884403622e-13,1.831933817e-13,5.89895962e-14,8.384376944e-14,2.319773865e-13,9.001695647e-14,2.376338602e-13,4.430752655e-13,4.778727069e-13,5.541369933e-13,1.004581173e-13,2.258887229e-13,1.476767677e-13
73.0234375,8.216957154e-13,3.699762617e-13,5.537386675e-13,6.32243618e-13,3.2630259e-13,5.003253701e-13,1.404044554e-13,3.931910868e-14,4.254675966e-14,4.466862904e-14,2.315045236e-13,1.241251267e-13,2.063175649e-13,3.388842869e-13,8.311171694e-13,6.763107333e-13,4.244895255e-13,2.865093764e-13,1.499740881e-13,1.883233802e-13,1.847516845e-13,5.900979821e-14,8.40874908e-14,2.339387795e-13,8.941660008e-14,2.361036773e-13,4.411557215e-13,4.807433365e-13,5.498457985e-13,1.009610153e-13,2.277885348e-13,1.477021321e-13
73.03125,8.24413211e-13,3.676347606e-13,5.563634508e-13,6.337188511e-13,3.250668458e-13,5.075455463e-13,1.403171318e-13,3.978050051e-14,4.266788947e-14,4.519554594e-14,2.303450977e-13,1.238015771e-13,2.047947284e-13,3.418480802e-13,8.319655384e-13,6.768545294e-13,4.253423449e-13,2.831064747e-13,1.486313637e-13,1.881508301e-13,1.862784168e-13,5.895933527e-14,8.426758276e-14,2.356978079e-13,8.880976485e-14,2.344097872e-13,4.390204428e-13,4.833672169e-13,5.454446724e-13,1.015346664e-13,2.295877048e-13,1.475917143e-13
73.0390625,8.268306874e-13,3.65318107e-13,5.592117327e-13,6.348889889e-13,3.239456691e-13,5.146426491e-13,1.402485649e-13,4.026069724e-14,4.286976615e-14,4.571624619e-14,2.293407905e-13,1.235886443e-13,2.033372932e-13,3.450455899e-13,8.325548781e-13,6.77292331e-13,4.262961679e-13,2.798081067e-13,1.473653701e-13,1.88041562e-13,1.878269155e-13,5.893654397e-14,8.441449516e-14,2.372232856e-13,8.820814789e-14,2.327260541e-13,4.369344699e-13,4.860385371e-13,5.409714829e-13,1.021838921e-13,2.314808569e-13,1.474490205e-13
73.046875,8.29704029e-13,3.627083004e-13,5.621791167e-13,6.354548357e-13,3.228991342e-13,5.217388698e-13,1.401920529e-13,4.077691392e-14,4.311306652e-14,4.624643144e-14,2.283195948e-13,1.233588688e-13,2.017709009e-13,3.482678276e-13,8.326660567e-13,6.774727684e-13,4.273392034e-13,2.764677939e-13,1.460412604e-13,1.879000632e-13,1.893787771e-13,5.894647671e-14,8.455438132e-14,2.387736157e-13,8.757314293e-14,2.310658259e-13,4.347455569e-13,4.884297421e-13,5.364965534e-13,1.027215322e-13,2.332576221e-13,1.473304312e-13
73.0546875,8.325195532e-13,3.599378997e-13,5.648795096e-13,6.351608206e-13,3.217975059e-13,5.286975185e-13,1.40130563e-13,4.131118845e-14,4.332361869e-14,4.681423681e-14,2.271094113e-13,1.229422833e-13,2.000768495e-13,3.513068652e-13,8.320390651e-13,6.772071561e-13,4.280396207e-13,2.729237854e-13,1.445016235e-13,1.877098006e-13,1.909083591e-13,5.893681805e-14,8.469454582e-14,2.403294803e-13,8.69005696e-14,2.292904653e-13,4.322420758e-13,4.90471653e-13,5.318053337e-13,1.031284392e-13,2.347212136e-13,1.471818204e-13
73.0625,8.347462785e-13,3.571561077e-13,5.673999985e-13,6.34592275e-13,3.207051452e-13,5.355925761e-13,1.400652662e-13,4.185343882e-14,4.354157506e-14,4.739763349e-14,2.258988141e-13,1.224476383e-13,1.984055288e-13,3.544068537e-13,8.311258983e-13,6.767551794e-13,4.285463839e-13,2.693514263e-13,1.429283001e-13,1.875706538e-13,1.923978539e-13,5.894121474e-14,8.484488258e-14,2.417002617e-13,8.623466592e-14,2.274064091e-13,4.295526851e-13,4.923566745e-13,5.268650636e-13,1.035356054e-13,2.360657325e-13,1.469582444e-13
73.0703125,8.365234799e-13,3.543817833e-13,5.699189356e-13,6.340802094e-13,3.196017361e-13,5.424352961e-13,1.400168098e-13,4.243185945e-14,4.37983176e-14,4.797361296e-14,2.248079457e-13,1.220088792e-13,1.967867984e-13,3.576060262e-13,8.303602867e-13,6.763675752e-13,4.291086436e-13,2.658153548e-13,1.414638551e-13,1.874423779e-13,1.938555558e-13,5.897412692e-14,8.499349231e-14,2.429296493e-13,8.558327679e-14,2.255334033e-13,4.268728388e-13,4.939961107e-13,5.218532986e-13,1.039468103e-13,2.373561518e-13,1.466530764e-13
73.078125,8.381282472e-13,3.515494181e-13,5.723920376e-13,6.3307303e-13,3.184415583e-13,5.491267556e-13,1.399815439e-13,4.306001312e-14,4.406067244e-14,4.86010356e-14,2.236721035e-13,1.215790957e-13,1.951324265e-13,3.607327106e-13,8.293557542e-13,6.757688174e-13,4.294600522e-13,2.621665342e-13,1.399479336e-13,1.872449618e-13,1.953525311e-13,5.898721819e-14,8.511265436e-14,2.441146941e-13,8.491441402e-14,2.237250991e-13,4.241559924e-13,4.952984755e-13,5.168117307e-13,1.04326052e-13,2.385153592e-13,1.462991683e-13
73.0859375,8.396098771e-13,3.483335568e-13,5.748941983e-13,6.313016201e-13,3.173346094e-13,5.557450664e-13,1.399526858e-13,4.372034666e-14,4.434583978e-14,4.92914931e-14,2.224354065e-13,1.211246141e-13,1.934266247e-13,3.638708283e-13,8.276952721e-13,6.746826625e-13,4.295192795e-13,2.584134047e-13,1.382943641e-13,1.869783897e-13,1.968975808e-13,5.899824929e-14,8.521238644e-14,2.45234578e-13,8.421716438e-14,2.218987079e-13,4.211396603e-13,4.962890843e-13,5.118447299e-13,1.046886185e-13,2.396573261e-13,1.459467194e-13
73.09375,8.408150411e-13,3.448850349e-13,5.77338687e-13,6.290614215e-13,3.162858285e-13,5.622590645e-13,1.399540371e-13,4.440547229e-14,4.46867151e-14,4.996732619e-14,2.211848406e-13,1.206560146e-13,1.91686103e-13,3.670474511e-13,8.255322174e-13,6.732535435e-13,4.295127866e-13,2.546359116e-13,1.366025375e-13,1.866523018e-13,1.983885524e-13,5.904449461e-14,8.531137066e-14,2.462641173e-13,8.350180097e-14,2.19916566e-13,4.177116027e-13,4.969690958e-13,5.069708717e-13,1.049857702e-13,2.407344183e-13,1.455526696e-13
73.1015625,8.41763733e-13,3.417070857e-13,5.793849128e-13,6.263422715e-13,3.151671423e-13,5.685373853e-13,1.39970974e-13,4.510998698e-14,4.503857314e-14,5.062014825e-14,2.199055165e-13,1.201208106e-13,1.898532164e-13,3.700735733e-13,8.229766492e-13,6.715401552e-13,4.293464155e-13,2.507764919e-13,1.348838678e-13,1.862698531e-13,1.997966104e-13,5.908965666e-14,8.539405353e-14,2.471852317e-13,8.275433486e-14,2.178294637e-13,4.140940038e-13,4.974758619e-13,5.018506975e-13,1.05194392e-13,2.415046583e-13,1.450536344e-13
73.109375,8.427103714e-13,3.384463983e-13,5.811914727e-13,6.229695344e-13,3.140628301e-13,5.747028288e-13,1.399364525e-13,4.58033258e-14,4.537282207e-14,5.128323024e-14,2.186008183e-13,1.195303413e-13,1.879156763e-13,3.730127791e-13,8.199083688e-13,6.693373129e-13,4.288968977e-13,2.468323385e-13,1.331108238e-13,1.857380192e-13,2.01211224e-13,5.912463313e-14,8.544643553e-14,2.479771648e-13,8.194252839e-14,2.158030856e-13,4.103714562e-13,4.978360471e-13,4.963813367e-13,1.054007634e-13,2.420367801e-13,1.445049931e-13
73.1171875,8.43530876e-13,3.346351514e-13,5.83277123e-13,6.191081109e-13,3.13127313e-13,5.807914791e-13,1.39851649e-13,4.646103174e-14,4.57389739e-14,5.194947851e-14,2.173421619e-13,1.190005751e-13,1.86010176e-13,3.761499004e-13,8.164065872e-13,6.66670266e-13,4.283443023e-13,2.428383963e-13,1.31343702e-13,1.850086316e-13,2.027080157e-13,5.919178516e-14,8.546370845e-14,2.48660531e-13,8.108479136e-14,2.137751752e-13,4.063212533e-13,4.978141084e-13,4.908957535e-13,1.056384879e-13,2.42599545e-13,1.439364454e-13
73.125,8.438763777e-13,3.306731118e-13,5.85608817e-13,6.150291854e-13,3.121821677e-13,5.866613324e-13,1.397870274e-13,4.711081065e-14,4.614873495e-14,5.265040727e-14,2.160654111e-13,1.185217736e-13,1.841942502e-13,3.794451016e-13,8.12693164e-13,6.638416523e-13,4.277681676e-13,2.386868587e-13,1.295788008e-13,1.843369881e-13,2.042798879e-13,5.92746744e-14,8.544915508e-14,2.492826443e-13,8.024368888e-14,2.116111714e-13,4.019504002e-13,4.974539421e-13,4.855329955e-13,1.058600951e-13,2.432415527e-13,1.432846133e-13
73.1328125,8.43855342e-13,3.268831552e-13,5.876980273e-13,6.109082945e-13,3.110127193e-13,5.924340127e-13,1.397493272e-13,4.780926096e-14,4.656061747e-14,5.341432923e-14,2.146678438e-13,1.17950786e-13,1.822920155e-13,3.825482045e-13,8.08880178e-13,6.61036438e-13,4.27145808e-13,2.344362578e-13,1.277644742e-13,1.838447852e-13,2.058298473e-13,5.933302615e-14,8.543350112e-14,2.498265934e-13,7.941853219e-14,2.093899266e-13,3.975079292e-13,4.970397147e-13,4.801316452e-13,1.060405059e-13,2.43760109e-13,1.425635238e-13
73.140625,8.435851922e-13,3.232908167e-13,5.892960402e-13,6.06672202e-13,3.098261381e-13,5.981753522e-13,1.396961859e-13,4.855498079e-14,4.69847285e-14,5.420433644e-14,2.132033892e-13,1.172882023e-13,1.802319805e-13,3.853876279e-13,8.048801174e-13,6.58143059e-13,4.264867809e-13,2.3038587e-13,1.259517328e-13,1.832611709e-13,2.072892952e-13,5.938491981e-14,8.54087135e-14,2.501497254e-13,7.85530442e-14,2.071650221e-13,3.930046672e-13,4.965862185e-13,4.744887541e-13,1.06173804e-13,2.439399899e-13,1.418158462e-13
73.1484375,8.428113278e-13,3.1993695e-13,5.905481766e-13,6.019212702e-13,3.088717574e-13,6.036466838e-13,1.396418743e-13,4.929475901e-14,4.744130037e-14,5.501951205e-14,2.117377847e-13,1.166730484e-13,1.782452138e-13,3.882793084e-13,8.004307581e-13,6.548732586e-13,4.25614163e-13,2.264988908e-13,1.241668056e-13,1.825270693e-13,2.087115668e-13,5.945291702e-14,8.532613561e-14,2.502204841e-13,7.765494152e-14,2.048582382e-13,3.883091558e-13,4.959450769e-13,4.68535292e-13,1.062736264e-13,2.438789445e-13,1.409941006e-13
73.15625,8.415030887e-13,3.162209537e-13,5.91680383e-13,5.964130617e-13,3.080131781e-13,6.08787051e-13,1.396205525e-13,5.004396306e-14,4.78862791e-14,5.586227758e-14,2.102255619e-13,1.161053256e-13,1.76449102e-13,3.913338835e-13,7.954659999e-13,6.511303743e-13,4.244213341e-13,2.224423704e-13,1.223292039e-13,1.817889756e-13,2.100756103e-13,5.951888379e-14,8.521626275e-14,2.503031753e-13,7.677189883e-14,2.025029677e-13,3.834269249e-13,4.948447077e-13,4.625685856e-13,1.06350092e-13,2.438435044e-13,1.400895589e-13
73.1640625,8.398696709e-13,3.11589278e-13,5.926793633e-13,5.902159335e-13,3.070931277e-13,6.135962126e-13,1.396033038e-13,5.085392324e-14,4.830412598e-14,5.667405653e-14,2.086118877e-13,1.154703315e-13,1.746450888e-13,3.942871807e-13,7.901375243e-13,6.470728344e-13,4.230734475e-13,2.182119217e-13,1.204225158e-13,1.809506793e-13,2.112518651e-13,5.955877035e-14,8.512292846e-14,2.505201782e-13,7.589236167e-14,2.001878447e-13,3.784181028e-13,4.929344816e-13,4.568591372e-13,1.063546515e-13,2.437664076e-13,1.391661619e-13
73.171875,8.380303726e-13,3.06780153e-13,5.934161788e-13,5.83438223e-13,3.061549705e-13,6.179852265e-13,1.395351646e-13,5.167316991e-14,4.87554568e-14,5.747275612e-14,2.068910283e-13,1.147827716e-13,1.727140084e-13,3.970225463e-13,7.842899163e-13,6.426608966e-13,4.215896247e-13,2.139829563e-13,1.185055837e-13,1.8001814e-13,2.123031066e-13,5.957180505e-14,8.498801791e-14,2.505895289e-13,7.497895243e-14,1.978979958e-13,3.733218301e-13,4.905135683e-13,4.511342149e-13,1.06287584e-13,2.434429319e-13,1.38238991e-13
73.1796875,8.361458968e-13,3.025737593e-13,5.939026254e-13,5.763945643e-13,3.051975383e-13,6.22274783e-13,1.394107638e-13,5.244152546e-14,4.926768258e-14,5.83275315e-14,2.051178648e-13,1.141276195e-13,1.707700646e-13,3.997151033e-13,7.77779406e-13,6.377594689e-13,4.199400512e-13,2.097236534e-13,1.166008111e-13,1.791317165e-13,2.13386936e-13,5.959137679e-14,8.479450849e-14,2.503612123e-13,7.402654472e-14,1.955895217e-13,3.681215143e-13,4.883320186e-13,4.451058734e-13,1.062464405e-13,2.42959928e-13,1.372844834e-13
73.1875,8.341011407e-13,2.984615638e-13,5.94141352e-13,5.693251989e-13,3.042687276e-13,6.267308676e-13,1.392693167e-13,5.321209967e-14,4.979525279e-14,5.920289741e-14,2.033848973e-13,1.134744058e-13,1.688993696e-13,4.024635885e-13,7.710199068e-13,6.325680214e-13,4.18275768e-13,2.054239235e-13,1.14705721e-13,1.781354615e-13,2.144386864e-13,5.964460425e-14,8.460942283e-14,2.500369012e-13,7.304835168e-14,1.932133659e-13,3.627156319e-13,4.862609056e-13,4.388937078e-13,1.062434233e-13,2.42401358e-13,1.36271498e-13
73.1953125,8.314852427e-13,2.937533898e-13,5.941565411e-13,5.618539387e-13,3.0349897e-13,6.309134268e-13,1.39147799e-13,5.401325229e-14,5.029999789e-14,6.004945551e-14,2.016852907e-13,1.127686929e-13,1.67084482e-13,4.051723545e-13,7.642401943e-13,6.272236979e-13,4.164902019e-13,2.011458083e-13,1.127747811e-13,1.769816799e-13,2.153862001e-13,5.969460803e-14,8.440817972e-14,2.497183964e-13,7.206069762e-14,1.90747106e-13,3.570857011e-13,4.835577342e-13,4.325976028e-13,1.061893601e-13,2.416471228e-13,1.351646912e-13
73.203125,8.284567288e-13,2.887297943e-13,5.941756504e-13,5.537889167e-13,3.027504372e-13,6.346167532e-13,1.390684742e-13,5.479923464e-14,5.079624318e-14,6.089267903e-14,1.999338971e-13,1.120644144e-13,1.652918629e-13,4.077520839e-13,7.571619199e-13,6.216813862e-13,4.1446142e-13,1.968452832e-13,1.107512517e-13,1.759509618e-13,2.163577624e-13,5.970400446e-14,8.413424277e-14,2.493202778e-13,7.106049082e-14,1.882652214e-13,3.513695617e-13,4.80330561e-13,4.262130642e-13,1.060791316e-13,2.406890705e-13,1.340006174e-13
73.2109375,8.254560305e-13,2.839471546e-13,5.942284745e-13,5.455886192e-13,3.018373594e-13,6.382932035e-13,1.390215145e-13,5.558798059e-14,5.132322792e-14,6.174581124e-14,1.98167039e-13,1.114345112e-13,1.635022823e-13,4.103122953e-13,7.498907619e-13,6.162637931e-13,4.125855751e-13,1.925568458e-13,1.087113735e-13,1.750659112e-13,2.174044557e-13,5.971647616e-14,8.384261527e-14,2.488170852e-13,7.002764165e-14,1.857974789e-13,3.457139581e-13,4.771546863e-13,4.198262488e-13,1.059686613e-13,2.396786211e-13,1.328589591e-13
73.21875,8.2235238e-13,2.792570544e-13,5.940978323e-13,5.372623031e-13,3.009473341e-13,6.420262609e-13,1.389433726e-13,5.642418147e-14,5.190385735e-14,6.261462628e-14,1.964797138e-13,1.108843365e-13,1.617571687e-13,4.130559639e-13,7.427100574e-13,6.111329819e-13,4.109804129e-13,1.8838293e-13,1.067594054e-13,1.741322137e-13,2.184318638e-13,5.977787897e-14,8.357809243e-14,2.482292073e-13,6.898051435e-14,1.833030433e-13,3.401786149e-13,4.738706881e-13,4.135125214e-13,1.058476072e-13,2.387295304e-13,1.31746534e-13
73.2265625,8.191106643e-13,2.742809721e-13,5.9391956e-13,5.283668625e-13,3.00253638e-13,6.455621613e-13,1.388025267e-13,5.727307743e-14,5.252302822e-14,6.351757051e-14,1.948155839e-13,1.103728301e-13,1.600852708e-13,4.159363757e-13,7.353674019e-13,6.057668209e-13,4.091661089e-13,1.842640849e-13,1.048393912e-13,1.731098774e-13,2.194235503e-13,5.986304412e-14,8.330982919e-14,2.475495382e-13,6.795334839e-14,1.808524448e-13,3.346491518e-13,4.701596425e-13,4.073180503e-13,1.056945503e-13,2.378232615e-13,1.306358917e-13
73.234375,8.159857225e-13,2.692190028e-13,5.939027822e-13,5.191111566e-13,2.996054729e-13,6.489963827e-13,1.386757362e-13,5.808615323e-14,5.314085571e-14,6.442786817e-14,1.930519004e-13,1.098375204e-13,1.583847749e-13,4.187302356e-13,7.277517755e-13,5.999947255e-13,4.071139598e-13,1.801291339e-13,1.028713478e-13,1.719652822e-13,2.204029354e-13,5.994599735e-14,8.303446099e-14,2.467276467e-13,6.693262819e-14,1.785043914e-13,3.28930652e-13,4.662825786e-13,4.011833342e-13,1.055327998e-13,2.367948756e-13,1.295389061e-13
73.2421875,8.125685586e-13,2.642861606e-13,5.937440003e-13,5.099262489e-13,2.988804623e-13,6.523217653e-13,1.386045508e-13,5.886251451e-14,5.374028049e-14,6.532385158e-14,1.911708283e-13,1.092632844e-13,1.565946225e-13,4.214039913e-13,7.200426031e-13,5.941292517e-13,4.050720512e-13,1.759487678e-13,1.008651744e-13,1.706671044e-13,2.21350873e-13,6.00324323e-14,8.275972729e-14,2.457043307e-13,6.589908289e-14,1.761555195e-13,3.231090575e-13,4.623503796e-13,3.949334315e-13,1.053609869e-13,2.355444987e-13,1.284491764e-13
73.25,8.084602358e-13,2.591950937e-13,5.931607446e-13,5.006068947e-13,2.980959005e-13,6.552691693e-13,1.384896873e-13,5.963157693e-14,5.435294743e-14,6.624023136e-14,1.892248753e-13,1.087127651e-13,1.548324529e-13,4.239987013e-13,7.118670733e-13,5.878881045e-13,4.027286531e-13,1.716126274e-13,9.881300934e-14,1.692791605e-13,2.222875006e-13,6.010716814e-14,8.246515277e-14,2.445914125e-13,6.485395486e-14,1.737633992e-13,3.174125785e-13,4.58101838e-13,3.886477447e-13,1.051648061e-13,2.34172801e-13,1.273103634e-13
73.2578125,8.042423672e-13,2.53869886e-13,5.923177793e-13,4.908516231e-13,2.972626295e-13,6.579176773e-13,1.382861592e-13,6.042989707e-14,5.501392728e-14,6.719291037e-14,1.872670291e-13,1.081980528e-13,1.531594941e-13,4.2645698e-13,7.029328629e-13,5.809936329e-13,3.999773818e-13,1.67169942e-13,9.671222215e-14,1.678387162e-13,2.232176037e-13,6.015239833e-14,8.214922755e-14,2.435657263e-13,6.378170881e-14,1.713950905e-13,3.117331936e-13,4.536411674e-13,3.825016923e-13,1.049893049e-13,2.327428711e-13,1.261076448e-13
73.265625,8.002203791e-13,2.486100995e-13,5.914177093e-13,4.808767227e-13,2.964478208e-13,6.604797045e-13,1.381109247e-13,6.124636061e-14,5.572325133e-14,6.816133896e-14,1.853199937e-13,1.076687551e-13,1.514912611e-13,4.288585874e-13,6.938183061e-13,5.739926998e-13,3.973031422e-13,1.628477325e-13,9.463978568e-14,1.664036553e-13,2.240871115e-13,6.019963731e-14,8.181603793e-14,2.424991055e-13,6.269265361e-14,1.690351384e-13,3.059107025e-13,4.492270326e-13,3.763641003e-13,1.048635058e-13,2.312487607e-13,1.249105471e-13
73.2734375,7.958077117e-13,2.434858775e-13,5.905539615e-13,4.71087602e-13,2.957286134e-13,6.628854844e-13,1.380218039e-13,6.203350431e-14,5.64643543e-14,6.914032278e-14,1.833556968e-13,1.071730878e-13,1.498295014e-13,4.313777573e-13,6.84930102e-13,5.672083575e-13,3.947771828e-13,1.586679708e-13,9.265853768e-14,1.650194856e-13,2.249211046e-13,6.028677914e-14,8.14558156e-14,2.411601612e-13,6.163024474e-14,1.666562305e-13,3.001151354e-13,4.447158159e-13,3.702223463e-13,1.047260836e-13,2.297818374e-13,1.237514447e-13
73.28125,7.909218909e-13,2.384069589e-13,5.897589628e-13,4.614690674e-13,2.950708647e-13,6.650776001e-13,1.379217431e-13,6.279636067e-14,5.720400332e-14,7.013781349e-14,1.813710039e-13,1.06783591e-13,1.482478787e-13,4.339888693e-13,6.759913215e-13,5.603676517e-13,3.921549988e-13,1.545254153e-13,9.074981668e-14,1.636207027e-13,2.257790071e-13,6.039428986e-14,8.107543811e-14,2.396728709e-13,6.058433308e-14,1.643061331e-13,2.944205945e-13,4.399722938e-13,3.642770047e-13,1.045431002e-13,2.283494766e-13,1.225655437e-13
73.2890625,7.861357553e-13,2.333757267e-13,5.888538975e-13,4.516250128e-13,2.944168203e-13,6.670530744e-13,1.377470558e-13,6.35709821e-14,5.791343084e-14,7.116871872e-14,1.793973946e-13,1.064248155e-13,1.467166027e-13,4.365512089e-13,6.667993398e-13,5.533777388e-13,3.895509172e-13,1.504318674e-13,8.885009165e-14,1.621927251e-13,2.266030268e-13,6.04797374e-14,8.069778458e-14,2.38259518e-13,5.953804518e-14,1.620252243e-13,2.88700405e-13,4.351333243e-13,3.584061733e-13,1.043678803e-13,2.268047834e-13,1.213424889e-13
73.296875,7.815269521e-13,2.283633729e-13,5.876279176e-13,4.41532173e-13,2.937532386e-13,6.687370897e-13,1.375336385e-13,6.43677161e-14,5.86323713e-14,7.225064026e-14,1.773724936e-13,1.060146386e-13,1.452073644e-13,4.389839879e-13,6.573002478e-13,5.461666002e-13,3.869208898e-13,1.463717506e-13,8.690754802e-14,1.60713703e-13,2.27351454e-13,6.054624007e-14,8.035235535e-14,2.36843016e-13,5.853108832e-14,1.598628328e-13,2.830388128e-13,4.302256435e-13,3.524990073e-13,1.042138502e-13,2.251132233e-13,1.201610783e-13
73.3046875,7.768142364e-13,2.232899545e-13,5.861200572e-13,4.315177415e-13,2.93069759e-13,6.702075387e-13,1.373155011e-13,6.519674122e-14,5.940418474e-14,7.335909837e-14,1.751989231e-13,1.055818922e-13,1.437381921e-13,4.412727518e-13,6.475331783e-13,5.386442315e-13,3.839955024e-13,1.423048748e-13,8.494018405e-14,1.590804913e-13,2.281059741e-13,6.062029285e-14,8.003273468e-14,2.352924128e-13,5.753806844e-14,1.578048844e-13,2.774654886e-13,4.251196547e-13,3.467348228e-13,1.040301678e-13,2.233128038e-13,1.190152582e-13
73.3125,7.720515156e-13,2.18154797e-13,5.844986982e-13,4.214985788e-13,2.923250561e-13,6.715979893e-13,1.371132578e-13,6.604107514e-14,6.01827117e-14,7.444501031e-14,1.729273986e-13,1.051434639e-13,1.422316529e-13,4.435016584e-13,6.378515679e-13,5.311900722e-13,3.810152456e-13,1.382963341e-13,8.302202824e-14,1.573860829e-13,2.288920024e-13,6.069884226e-14,7.966618357e-14,2.336417433e-13,5.647854066e-14,1.556841514e-13,2.717536067e-13,4.198273805e-13,3.409926184e-13,1.038108344e-13,2.213798265e-13,1.178417761e-13
73.3203125,7.673181289e-13,2.13151346e-13,5.828744711e-13,4.113528459e-13,2.914755391e-13,6.728727169e-13,1.369487037e-13,6.683463442e-14,6.094685673e-14,7.553202609e-14,1.706689766e-13,1.047408262e-13,1.406647278e-13,4.457880997e-13,6.283232135e-13,5.240238594e-13,3.783311765e-13,1.343516314e-13,8.120450448e-14,1.557692632e-13,2.296430868e-13,6.078101938e-14,7.923335635e-14,2.31914207e-13,5.539995401e-14,1.53462914e-13,2.660083188e-13,4.145580767e-13,3.351175686e-13,1.035972516e-13,2.194267491e-13,1.166721694e-13
73.328125,7.623412407e-13,2.084097062e-13,5.812295244e-13,4.01328459e-13,2.905828985e-13,6.739641883e-13,1.367966728e-13,6.757123311e-14,6.17603932e-14,7.670067912e-14,1.684167477e-13,1.044746514e-13,1.392013705e-13,4.481263007e-13,6.185425518e-13,5.16778933e-13,3.757248629e-13,1.303975164e-13,7.945707213e-14,1.541272222e-13,2.303496746e-13,6.088124226e-14,7.880780966e-14,2.30118404e-13,5.439885684e-14,1.513448446e-13,2.605625969e-13,4.093797283e-13,3.294593207e-13,1.034067857e-13,2.176057507e-13,1.155448232e-13
73.3359375,7.569734495e-13,2.036930347e-13,5.794271526e-13,3.913307141e-13,2.897724077e-13,6.747699979e-13,1.366061818e-13,6.832639552e-14,6.261554565e-14,7.794945043e-14,1.66108897e-13,1.042869486e-13,1.378956812e-13,4.504162823e-13,6.08492518e-13,5.09329769e-13,3.729191378e-13,1.265083942e-13,7.770093637e-14,1.524288194e-13,2.310168893e-13,6.097231438e-14,7.840258019e-14,2.28313124e-13,5.344427593e-14,1.493865898e-13,2.552586992e-13,4.040499075e-13,3.240869051e-13,1.032159215e-13,2.157586802e-13,1.144340919e-13
73.34375,7.5158736e-13,1.98943491e-13,5.774112547e-13,3.812735515e-13,2.890878831e-13,6.752415183e-13,1.363764634e-13,6.912852755e-14,6.344528731e-14,7.919703103e-14,1.637514463e-13,1.040330382e-13,1.36636256e-13,4.526730157e-13,5.984954752e-13,5.018683062e-13,3.700277478e-13,1.228223371e-13,7.596393217e-14,1.507915836e-13,2.316069052e-13,6.103686072e-14,7.798821361e-14,2.264473998e-13,5.249014196e-14,1.474225182e-13,2.498230924e-13,3.985962115e-13,3.185193883e-13,1.030016424e-13,2.13703262e-13,1.133496079e-13
73.3515625,7.464618921e-13,1.944777214e-13,5.753023607e-13,3.71709944e-13,2.885136005e-13,6.756261291e-13,1.361470762e-13,6.99448215e-14,6.427943621e-14,8.041740266e-14,1.613941064e-13,1.037774284e-13,1.354358888e-13,4.550815164e-13,5.885752254e-13,4.943759976e-13,3.672182272e-13,1.192862078e-13,7.436781542e-14,1.492186879e-13,2.321403855e-13,6.113709282e-14,7.760198131e-14,2.244310064e-13,5.156758499e-14,1.454025862e-13,2.444824632e-13,3.934151665e-13,3.127186567e-13,1.027943876e-13,2.116413908e-13,1.122933836e-13
73.359375,7.412426618e-13,1.901432627e-13,5.731982344e-13,3.626045476e-13,2.879206339e-13,6.760239928e-13,1.359288217e-13,7.077237509e-14,6.51605805e-14,8.163594187e-14,1.590509979e-13,1.036222119e-13,1.343239236e-13,4.576348105e-13,5.786996134e-13,4.869242297e-13,3.645066998e-13,1.157338253e-13,7.288441093e-14,1.476883515e-13,2.326795955e-13,6.128374631e-14,7.724140189e-14,2.223498146e-13,5.066977563e-14,1.434158941e-13,2.394454821e-13,3.883408156e-13,3.071238344e-13,1.026305088e-13,2.09762459e-13,1.112077439e-13
73.3671875,7.355976833e-13,1.855706198e-13,5.710930042e-13,3.532078059e-13,2.871177846e-13,6.761231295e-13,1.356992422e-13,7.163502106e-14,6.604173408e-14,8.285808297e-14,1.566987545e-13,1.034850716e-13,1.332015638e-13,4.600016498e-13,5.689501901e-13,4.797376084e-13,3.618462234e-13,1.12161212e-13,7.139118484e-14,1.461764956e-13,2.332424924e-13,6.13847643e-14,7.684266824e-14,2.202688424e-13,4.976388421e-14,1.414970271e-13,2.345349542e-13,3.828857966e-13,3.018430044e-13,1.024808859e-13,2.078855418e-13,1.101059108e-13
73.375,7.297752234e-13,1.810624082e-13,5.689922364e-13,3.436731606e-13,2.862742487e-13,6.758850848e-13,1.35469345e-13,7.253506344e-14,6.690763938e-14,8.408355243e-14,1.543346665e-13,1.033349495e-13,1.321099684e-13,4.621685094e-13,5.592967276e-13,4.727449342e-13,3.591809193e-13,1.08729913e-13,6.99308725e-14,1.446334356e-13,2.33834899e-13,6.143629773e-14,7.642091215e-14,2.181057613e-13,4.887558947e-14,1.396141838e-13,2.296821078e-13,3.77324183e-13,2.966771572e-13,1.023270848e-13,2.058790817e-13,1.090461407e-13
73.3828125,7.240447527e-13,1.769078068e-13,5.668928415e-13,3.345594714e-13,2.857038389e-13,6.755677654e-13,1.352832397e-13,7.345548191e-14,6.778334649e-14,8.527051809e-14,1.519463649e-13,1.032473513e-13,1.311698793e-13,4.645525441e-13,5.498075261e-13,4.658296414e-13,3.565231039e-13,1.054964085e-13,6.858339111e-14,1.431706009e-13,2.344306468e-13,6.151768256e-14,7.600886303e-14,2.159095329e-13,4.801451603e-14,1.377330118e-13,2.250205697e-13,3.719981387e-13,2.915187919e-13,1.021887005e-13,2.038828414e-13,1.079957101e-13
73.390625,7.182585088e-13,1.728212827e-13,5.647893394e-13,3.256593572e-13,2.851684184e-13,6.75060958e-13,1.351244319e-13,7.437426365e-14,6.862806277e-14,8.634989293e-14,1.494793338e-13,1.031883277e-13,1.302791443e-13,4.671225619e-13,5.406406077e-13,4.591258986e-13,3.539273123e-13,1.023457541e-13,6.729562434e-14,1.418500224e-13,2.349689179e-13,6.159500685e-14,7.556621137e-14,2.137872179e-13,4.715255669e-14,1.358710527e-13,2.205380138e-13,3.665327835e-13,2.863751553e-13,1.020446392e-13,2.019478782e-13,1.069315658e-13
73.3984375,7.121729016e-13,1.686908732e-13,5.627715463e-13,3.16852523e-13,2.84344431e-13,6.741848046e-13,1.349245769e-13,7.52843953e-14,6.944129686e-14,8.738430217e-14,1.469549375e-13,1.031180062e-13,1.293429579e-13,4.694512991e-13,5.316237092e-13,4.5261681e-13,3.512967072e-13,9.920833261e-14,6.602992226e-14,1.405253205e-13,2.354892002e-13,6.160554825e-14,7.507975332e-14,2.116162935e-13,4.630712141e-14,1.340883806e-13,2.161558764e-13,3.608538503e-13,2.812859651e-13,1.019133983e-13,1.999642414e-13,1.059111332e-13
73.40625,7.058468698e-13,1.646622515e-13,5.608385007e-13,3.083904894e-13,2.835082292e-13,6.731486222e-13,1.346844123e-13,7.621778942e-14,7.032717745e-14,8.849682918e-14,1.444618117e-13,1.030981447e-13,1.284555073e-13,4.7161715e-13,5.224896608e-13,4.460991443e-13,3.484547095e-13,9.611602555e-14,6.479869575e-14,1.392054359e-13,2.360785612e-13,6.161247775e-14,7.458127299e-14,2.093218142e-13,4.549801762e-14,1.32385408e-13,2.118732561e-13,3.554066044e-13,2.762512264e-13,1.018714095e-13,1.979045633e-13,1.049416046e-13
73.4140625,6.996602915e-13,1.607031853e-13,5.588060719e-13,3.002232949e-13,2.828829615e-13,6.721648013e-13,1.344629807e-13,7.72135658e-14,7.129610457e-14,8.963441164e-14,1.41991969e-13,1.03108718e-13,1.276068154e-13,4.739563913e-13,5.133929661e-13,4.396834857e-13,3.455353153e-13,9.30781353e-14,6.359788667e-14,1.379984549e-13,2.366783307e-13,6.16721454e-14,7.407591265e-14,2.070662283e-13,4.468700102e-14,1.307109978e-13,2.076742868e-13,3.501453562e-13,2.71239768e-13,1.018611509e-13,1.958409055e-13,1.039857632e-13
73.421875,6.937694094e-13,1.568422226e-13,5.566858695e-13,2.923270072e-13,2.82221965e-13,6.712176847e-13,1.342623854e-13,7.825145261e-14,7.224361694e-14,9.068228204e-14,1.395446528e-13,1.03101276e-13,1.26710903e-13,4.76409909e-13,5.046698117e-13,4.3370316e-13,3.429277211e-13,9.009847667e-14,6.247904354e-14,1.368715769e-13,2.371831192e-13,6.175004845e-14,7.355861174e-14,2.048763819e-13,4.385655189e-14,1.290506643e-13,2.036151171e-13,3.447660615e-13,2.662921919e-13,1.017811259e-13,1.938841309e-13,1.030511991e-13
73.4296875,6.878221078e-13,1.532442111e-13,5.546791493e-13,2.847477576e-13,2.814203886e-13,6.701749302e-13,1.340453449e-13,7.92745152e-14,7.316820651e-14,9.167229775e-14,1.372262851e-13,1.031736035e-13,1.25865518e-13,4.788405783e-13,4.963687468e-13,4.282022462e-13,3.406909186e-13,8.724510516e-14,6.14989858e-14,1.358927452e-13,2.376284424e-13,6.18289423e-14,7.302694023e-14,2.026542435e-13,4.305404538e-14,1.274154676e-13,1.998627728e-13,3.393706291e-13,2.614859168e-13,1.016998668e-13,1.921225565e-13,1.021446258e-13
73.4375,6.817129738e-13,1.499203913e-13,5.527431324e-13,2.772622553e-13,2.806469479e-13,6.688595507e-13,1.338323793e-13,8.028968511e-14,7.413810695e-14,9.265704559e-14,1.349806688e-13,1.033647891e-13,1.25169703e-13,4.813055411e-13,4.883561316e-13,4.229876233e-13,3.385084804e-13,8.457946081e-14,6.061656879e-14,1.35080515e-13,2.380989501e-13,6.190968201e-14,7.247782101e-14,2.004894829e-13,4.231803093e-14,1.258405861e-13,1.964360023e-13,3.340921906e-13,2.568361601e-13,1.016635522e-13,1.904675635e-13,1.012719372e-13
73.4453125,6.758374911e-13,1.467186411e-13,5.507566939e-13,2.698827792e-13,2.799993083e-13,6.672968382e-13,1.33662312e-13,8.13570719e-14,7.512301711e-14,9.36134733e-14,1.325949942e-13,1.035333802e-13,1.245379249e-13,4.838136954e-13,4.805568034e-13,4.179582661e-13,3.362572428e-13,8.206171221e-14,5.978246254e-14,1.341470687e-13,2.385915785e-13,6.196794804e-14,7.192151796e-14,1.984320034e-13,4.162304356e-14,1.24370785e-13,1.931665902e-13,3.288403474e-13,2.523001169e-13,1.015984092e-13,1.887540774e-13,1.004604402e-13
73.453125,6.702016329e-13,1.434931882e-13,5.487792838e-13,2.628043637e-13,2.794351748e-13,6.656363145e-13,1.33474064e-13,8.246676811e-14,7.608546002e-14,9.455321921e-14,1.301047598e-13,1.036440175e-13,1.238857651e-13,4.863017255e-13,4.728585104e-13,4.130718662e-13,3.340861129e-13,7.959244319e-14,5.9009606e-14,1.330470969e-13,2.390551384e-13,6.20082335e-14,7.135705416e-14,1.96346555e-13,4.092137706e-14,1.229639872e-13,1.899865018e-13,3.23592941e-13,2.47841129e-13,1.015618616e-13,1.870179796e-13,9.966945089e-14
73.4609375,6.644172391e-13,1.403349445e-13,5.468060576e-13,2.559428331e-13,2.788245411e-13,6.638059088e-13,1.331796135e-13,8.354509511e-14,7.705948522e-14,9.551041927e-14,1.277183382e-13,1.038276229e-13,1.232508523e-13,4.887464531e-13,4.651384863e-13,4.08279436e-13,3.320382913e-13,7.715234725e-14,5.833267234e-14,1.320675557e-13,2.394596494e-13,6.205029034e-14,7.078348801e-14,1.942225681e-13,4.022006254e-14,1.215557072e-13,1.870238867e-13,3.184680895e-13,2.434918417e-13,1.016641062e-13,1.853965631e-13,9.883768996e-14
73.46875,6.58564362e-13,1.375008332e-13,5.448583311e-13,2.493890313e-13,2.782482133e-13,6.618191141e-13,1.328523377e-13,8.457985493e-14,7.802655842e-14,9.647438437e-14,1.254127778e-13,1.041002397e-13,1.227182645e-13,4.912224208e-13,4.575109384e-13,4.036234111e-13,3.300477631e-13,7.484597254e-14,5.776390056e-14,1.311508867e-13,2.39797129e-13,6.208326211e-14,7.022656632e-14,1.921235426e-13,3.956488036e-14,1.201977012e-13,1.843889117e-13,3.1357235e-13,2.393064526e-13,1.018310706e-13,1.838617543e-13,9.80287071e-14
73.4765625,6.529766109e-13,1.349754402e-13,5.430500025e-13,2.433446111e-13,2.779568029e-13,6.599001887e-13,1.326023546e-13,8.562336402e-14,7.893633842e-14,9.745194156e-14,1.230261714e-13,1.043466329e-13,1.222999736e-13,4.937923152e-13,4.501601845e-13,3.991822255e-13,3.281208145e-13,7.273507886e-14,5.726545162e-14,1.301045283e-13,2.400684484e-13,6.210387777e-14,6.968875874e-14,1.900144815e-13,3.895538375e-14,1.18941872e-13,1.820121923e-13,3.088859382e-13,2.352612899e-13,1.019756101e-13,1.822898224e-13,9.732373112e-14
73.484375,6.475879172e-13,1.325014057e-13,5.411262912e-13,2.375728048e-13,2.776750144e-13,6.578513358e-13,1.323088894e-13,8.669756983e-14,7.983310505e-14,9.845963948e-14,1.205623851e-13,1.045253342e-13,1.218726814e-13,4.962243754e-13,4.429627469e-13,3.949379521e-13,3.262413469e-13,7.069345729e-14,5.681240343e-14,1.291683001e-13,2.402954308e-13,6.211682666e-14,6.915398616e-14,1.879542427e-13,3.835810375e-14,1.177110904e-13,1.797697875e-13,3.043108378e-13,2.31285117e-13,1.021199728e-13,1.806615325e-13,9.666761061e-14
73.4921875,6.421909856e-13,1.299827821e-13,5.387416373e-13,2.319424295e-13,2.76953063e-13,6.552773254e-13,1.318229003e-13,8.777482594e-14,8.077401734e-14,9.943448882e-14,1.181138806e-13,1.046746008e-13,1.213631819e-13,4.98325002e-13,4.356691617e-13,3.907875947e-13,3.242840756e-13,6.857598096e-14,5.642506854e-14,1.285689397e-13,2.404930389e-13,6.211486524e-14,6.863268691e-14,1.860089603e-13,3.777178529e-14,1.164282146e-13,1.776499403e-13,2.99782711e-13,2.273244156e-13,1.02252472e-13,1.790583616e-13,9.597959618e-14
73.5,6.368181666e-13,1.275348435e-13,5.360873992e-13,2.267372817e-13,2.761149916e-13,6.524170462e-13,1.312799178e-13,8.884122491e-14,8.173212865e-14,1.003104596e-13,1.156709098e-13,1.048296665e-13,1.208874474e-13,5.004246201e-13,4.283701592e-13,3.867371875e-13,3.222145797e-13,6.646372284e-14,5.608049092e-14,1.281536916e-13,2.406145836e-13,6.211411492e-14,6.811939914e-14,1.840644873e-13,3.720699331e-14,1.151357341e-13,1.757014939e-13,2.95271513e-13,2.233744827e-13,1.023700417e-13,1.77541764e-13,9.527076701e-14
73.5078125,6.315047006e-13,1.25329461e-13,5.334063799e-13,2.219828422e-13,2.754940263e-13,6.496404096e-13,1.308427288e-13,8.995627392e-14,8.266437791e-14,1.011420652e-13,1.131976509e-13,1.050006268e-13,1.205005948e-13,5.027063022e-13,4.214203601e-13,3.830321588e-13,3.20203937e-13,6.45200397e-14,5.575353079e-14,1.278147174e-13,2.406073956e-13,6.211438249e-14,6.760031624e-14,1.821206529e-13,3.66651628e-14,1.139245557e-13,1.739761433e-13,2.908328644e-13,2.194816689e-13,1.025482227e-13,1.760963356e-13,9.457905794e-14
73.515625,6.26070801e-13,1.23379885e-13,5.306219682e-13,2.174099388e-13,2.746966114e-13,6.467070556e-13,1.304326605e-13,9.118583861e-14,8.354353422e-14,1.020105388e-13,1.107429652e-13,1.051378646e-13,1.201075382e-13,5.047643426e-13,4.149019494e-13,3.797853913e-13,3.183394009e-13,6.27175833e-14,5.548964571e-14,1.276094006e-13,2.404756169e-13,6.206173758e-14,6.709886671e-14,1.803001031e-13,3.615605241e-14,1.12808782e-13,1.725129552e-13,2.865290239e-13,2.156320123e-13,1.027999951e-13,1.746759386e-13,9.39171734e-14
73.5234375,6.204701424e-13,1.214865364e-13,5.278078955e-13,2.130281915e-13,2.736855312e-13,6.434349103e-13,1.299664606e-13,9.247537765e-14,8.436909375e-14,1.029006535e-13,1.083097664e-13,1.052063448e-13,1.197371855e-13,5.065619818e-13,4.085561516e-13,3.767147197e-13,3.164774435e-13,6.097120038e-14,5.529216214e-14,1.275410863e-13,2.402266915e-13,6.196644664e-14,6.661747469e-14,1.785147359e-13,3.567157151e-14,1.117017163e-13,1.712251691e-13,2.822401493e-13,2.117563752e-13,1.03046472e-13,1.732852877e-13,9.329795731e-14
73.53125,6.150378481e-13,1.196222979e-13,5.25106671e-13,2.0914557e-13,2.729527069e-13,6.401672182e-13,1.294829877e-13,9.374147976e-14,8.522991067e-14,1.03794037e-13,1.058051829e-13,1.052967163e-13,1.194738614e-13,5.085823861e-13,4.023395068e-13,3.737202288e-13,3.1458567e-13,5.933068112e-14,5.51199081e-14,1.276595065e-13,2.399000112e-13,6.192414331e-14,6.613205456e-14,1.766908072e-13,3.519306375e-14,1.105429265e-13,1.69993964e-13,2.779922598e-13,2.078946456e-13,1.03236686e-13,1.719881625e-13,9.273147252e-14
73.5390625,6.098621169e-13,1.179650109e-13,5.224243924e-13,2.058256276e-13,2.723537344e-13,6.370285107e-13,1.289885184e-13,9.50310236e-14,8.619314498e-14,1.047241371e-13,1.03260887e-13,1.05470186e-13,1.192077808e-13,5.107621178e-13,3.964932506e-13,3.711197121e-13,3.128051929e-13,5.78124291e-14,5.500300116e-14,1.280114973e-13,2.395952902e-13,6.193463963e-14,6.564460785e-14,1.749707445e-13,3.474582933e-14,1.093783271e-13,1.689013762e-13,2.740725331e-13,2.04133138e-13,1.033913987e-13,1.708008929e-13,9.218681021e-14
73.546875,6.045017943e-13,1.164618234e-13,5.196936952e-13,2.026473222e-13,2.714630909e-13,6.337126987e-13,1.284853428e-13,9.640102407e-14,8.715138262e-14,1.056434013e-13,1.008032221e-13,1.05621045e-13,1.188690295e-13,5.126743912e-13,3.910272069e-13,3.689902578e-13,3.111008035e-13,5.633216376e-14,5.497853052e-14,1.284793621e-13,2.392897397e-13,6.189586693e-14,6.513511565e-14,1.733909863e-13,3.435540213e-14,1.082722038e-13,1.680849753e-13,2.703409278e-13,2.004868464e-13,1.035662839e-13,1.696559003e-13,9.161125782e-14
73.5546875,5.989521111e-13,1.149413698e-13,5.169378549e-13,1.993947409e-13,2.70507428e-13,6.301783301e-13,1.280105598e-13,9.781431301e-14,8.801786413e-14,1.06469194e-13,9.839280973e-14,1.056961852e-13,1.185854206e-13,5.144721219e-13,3.858028672e-13,3.6710152e-13,3.093596357e-13,5.489167402e-14,5.503473783e-14,1.290924089e-13,2.388567204e-13,6.181035199e-14,6.4580435e-14,1.718907234e-13,3.398821294e-14,1.072439275e-13,1.674923179e-13,2.664023391e-13,1.969295277e-13,1.03770525e-13,1.685739988e-13,9.102076688e-14
73.5625,5.937408805e-13,1.134547722e-13,5.14222442e-13,1.964838423e-13,2.697717292e-13,6.266825989e-13,1.275269088e-13,9.927923659e-14,8.891330179e-14,1.072669648e-13,9.596367351e-14,1.057981312e-13,1.183760503e-13,5.165056878e-13,3.809029532e-13,3.654387172e-13,3.076803663e-13,5.354998057e-14,5.516910761e-14,1.300576938e-13,2.383498126e-13,6.177948399e-14,6.403494812e-14,1.705130548e-13,3.361534608e-14,1.062523069e-13,1.66980969e-13,2.625175157e-13,1.933291407e-13,1.039678975e-13,1.676810054e-13,9.049029996e-14
73.5703125,5.886863738e-13,1.121583283e-13,5.117582881e-13,1.941254023e-13,2.690761458e-13,6.231987244e-13,1.269940149e-13,1.008323261e-13,8.989645084e-14,1.081102381e-13,9.362404273e-14,1.059539868e-13,1.181610605e-13,5.186810537e-13,3.764007581e-13,3.641155667e-13,3.061671808e-13,5.23084943e-14,5.537046485e-14,1.312675469e-13,2.378955506e-13,6.17997848e-14,6.35307102e-14,1.692430029e-13,3.325465102e-14,1.051929325e-13,1.665106914e-13,2.590684475e-13,1.895933112e-13,1.041824374e-13,1.669599731e-13,9.001043078e-14
73.578125,5.831961978e-13,1.111101933e-13,5.095384051e-13,1.91971844e-13,2.682683456e-13,6.194631494e-13,1.264668908e-13,1.024123873e-13,9.081197415e-14,1.089082701e-13,9.142189239e-14,1.060929094e-13,1.180180359e-13,5.208274762e-13,3.722106263e-13,3.631042242e-13,3.047465597e-13,5.118180537e-14,5.561523115e-14,1.324778688e-13,2.374074511e-13,6.177166509e-14,6.300210413e-14,1.680375197e-13,3.291410601e-14,1.040598932e-13,1.661912484e-13,2.557130061e-13,1.859411474e-13,1.04446235e-13,1.663067924e-13,8.949869427e-14
73.5859375,5.775508999e-13,1.101923894e-13,5.071933348e-13,1.898983722e-13,2.673431683e-13,6.154269085e-13,1.259659912e-13,1.039983276e-13,9.161801536e-14,1.096290356e-13,8.924946179e-14,1.062274299e-13,1.179728163e-13,5.229076222e-13,3.682799287e-13,3.623122329e-13,3.03310967e-13,5.018263508e-14,5.590617864e-14,1.337998727e-13,2.36775144e-13,6.167536611e-14,6.24231809e-14,1.669597053e-13,3.25861789e-14,1.030185425e-13,1.661262357e-13,2.521483722e-13,1.825271951e-13,1.047067985e-13,1.657546778e-13,8.897325438e-14
73.59375,5.722102801e-13,1.092744694e-13,5.045623349e-13,1.880965851e-13,2.66254373e-13,6.112224037e-13,1.254340748e-13,1.056807904e-13,9.245670785e-14,1.103791136e-13,8.70566868e-14,1.063729704e-13,1.178726732e-13,5.247455047e-13,3.645200164e-13,3.616507161e-13,3.017626403e-13,4.925945706e-14,5.622586304e-14,1.35396049e-13,2.360540271e-13,6.156157163e-14,6.186653e-14,1.659775939e-13,3.228909194e-14,1.021483494e-13,1.662478119e-13,2.486485378e-13,1.790939086e-13,1.049426194e-13,1.65274377e-13,8.851848987e-14
73.6015625,5.668385584e-13,1.084056141e-13,5.01790806e-13,1.865644964e-13,2.651225332e-13,6.069233405e-13,1.248570069e-13,1.074508829e-13,9.332306431e-14,1.111124943e-13,8.485638518e-14,1.064407349e-13,1.177249093e-13,5.262850143e-13,3.608271727e-13,3.61104814e-13,3.000592329e-13,4.839437747e-14,5.653020815e-14,1.371990477e-13,2.352616035e-13,6.14354048e-14,6.13845891e-14,1.650041706e-13,3.203634079e-14,1.013380346e-13,1.664967728e-13,2.453071095e-13,1.754699538e-13,1.051800528e-13,1.647117575e-13,8.810919775e-14
73.609375,5.612253111e-13,1.075676639e-13,4.990368485e-13,1.852493693e-13,2.641583702e-13,6.025826421e-13,1.242633522e-13,1.091937103e-13,9.41130506e-14,1.116944245e-13,8.266732663e-14,1.064276466e-13,1.176573955e-13,5.278697861e-13,3.57293879e-13,3.607508244e-13,2.983442734e-13,4.760642063e-14,5.682650239e-14,1.39167068e-13,2.343787902e-13,6.129087677e-14,6.094226914e-14,1.640930752e-13,3.17990624e-14,1.004981489e-13,1.669430901e-13,2.419278653e-13,1.718424623e-13,1.053838916e-13,1.641784485e-13,8.76679991e-14
73.6171875,5.557505419e-13,1.067555127e-13,4.965544795e-13,1.841817179e-13,2.632600422e-13,5.982301093e-13,1.236558251e-13,1.109120007e-13,9.489765564e-14,1.122351564e-13,8.056988221e-14,1.064847866e-13,1.17577556e-13,5.296957422e-13,3.540300254e-13,3.606116055e-13,2.967888861e-13,4.685413647e-14,5.717447076e-14,1.413058867e-13,2.335481244e-13,6.116176687e-14,6.04801695e-14,1.632644362e-13,3.154942897e-14,9.962983512e-14,1.675541351e-13,2.386692198e-13,1.68376383e-13,1.055695896e-13,1.639264897e-13,8.721078634e-14
73.625,5.505378102e-13,1.062752462e-13,4.944624804e-13,1.83205379e-13,2.622285402e-13,5.938121577e-13,1.230305994e-13,1.126880629e-13,9.575320397e-14,1.128865987e-13,7.859566146e-14,1.066459433e-13,1.173943461e-13,5.315238085e-13,3.509812553e-13,3.606637183e-13,2.9536284e-13,4.612016806e-14,5.761057305e-14,1.436040599e-13,2.328680457e-13,6.105333827e-14,6.000619502e-14,1.625174743e-13,3.130271601e-14,9.876459362e-14,1.682391746e-13,2.357657724e-13,1.650802074e-13,1.058322071e-13,1.638611154e-13,8.678890286e-14
73.6328125,5.454332431e-13,1.060499422e-13,4.924296048e-13,1.821884266e-13,2.61217578e-13,5.89372576e-13,1.224149556e-13,1.144983218e-13,9.65670045e-14,1.13501536e-13,7.66577505e-14,1.067460232e-13,1.172879544e-13,5.332766362e-13,3.48128378e-13,3.609038536e-13,2.939598316e-13,4.548236174e-14,5.809783518e-14,1.461139502e-13,2.321543969e-13,6.093112841e-14,5.957333019e-14,1.619719557e-13,3.108693079e-14,9.796001788e-14,1.690418102e-13,2.329189108e-13,1.61888462e-13,1.061205672e-13,1.637590558e-13,8.640596748e-14
73.640625,5.404369449e-13,1.05505287e-13,4.901807532e-13,1.81402185e-13,2.604020563e-13,5.850088773e-13,1.21840553e-13,1.162878608e-13,9.726512387e-14,1.139292153e-13,7.472547593e-14,1.067108576e-13,1.173410472e-13,5.351250205e-13,3.455448656e-13,3.613098644e-13,2.925627064e-13,4.49728351e-14,5.857355167e-14,1.487892187e-13,2.312300174e-13,6.078395186e-14,5.917540523e-14,1.615849827e-13,3.09049412e-14,9.722230765e-14,1.699833916e-13,2.297954277e-13,1.587071665e-13,1.063129194e-13,1.636669392e-13,8.60513149e-14
73.6484375,5.354484245e-13,1.047759704e-13,4.878158888e-13,1.81098351e-13,2.595514233e-13,5.805403275e-13,1.212663062e-13,1.181086744e-13,9.794213853e-14,1.143312323e-13,7.286668179e-14,1.066483551e-13,1.173212548e-13,5.369072359e-13,3.432070534e-13,3.618874235e-13,2.911705955e-13,4.450723686e-14,5.903880285e-14,1.515168545e-13,2.3019429e-13,6.061492178e-14,5.876435788e-14,1.611796825e-13,3.074134965e-14,9.649243004e-14,1.710495322e-13,2.26675598e-13,1.55540923e-13,1.064782588e-13,1.636963928e-13,8.570689273e-14
73.65625,5.302761989e-13,1.044258768e-13,4.853825138e-13,1.81026024e-13,2.584359136e-13,5.757095909e-13,1.20596777e-13,1.200014887e-13,9.867488429e-14,1.148536658e-13,7.110282617e-14,1.065949363e-13,1.170924009e-13,5.383416431e-13,3.409532131e-13,3.626512206e-13,2.897720878e-13,4.401125626e-14,5.953010072e-14,1.544247829e-13,2.291746615e-13,6.042463286e-14,5.834062632e-14,1.60835533e-13,3.058315938e-14,9.575803873e-14,1.722909827e-13,2.238917477e-13,1.523939948e-13,1.067251788e-13,1.638239964e-13,8.534728513e-14
73.6640625,5.249716255e-13,1.043147752e-13,4.828294358e-13,1.808690405e-13,2.57179402e-13,5.70588996e-13,1.198312316e-13,1.218951537e-13,9.943118615e-14,1.153615537e-13,6.938985402e-14,1.06471858e-13,1.168172194e-13,5.395482697e-13,3.3868235e-13,3.635217075e-13,2.883933405e-13,4.35076309e-14,6.004918334e-14,1.576718655e-13,2.280990578e-13,6.02259225e-14,5.792997229e-14,1.606741945e-13,3.043050188e-14,9.503881809e-14,1.736339418e-13,2.212168746e-13,1.491873347e-13,1.069885735e-13,1.640265733e-13,8.499132979e-14
73.671875,5.19788699e-13,1.042097232e-13,4.80224582e-13,1.806766822e-13,2.559693593e-13,5.65393007e-13,1.190685245e-13,1.237660866e-13,1.001530746e-13,1.157360005e-13,6.769443596e-14,1.062840827e-13,1.166349104e-13,5.407115811e-13,3.365214347e-13,3.6444806e-13,2.870414544e-13,4.306942855e-14,6.059549901e-14,1.611132409e-13,2.268703531e-13,6.001911157e-14,5.753692878e-14,1.606182374e-13,3.029576272e-14,9.434464449e-14,1.749768791e-13,2.184194937e-13,1.460077431e-13,1.071969988e-13,1.643122866e-13,8.467299917e-14
73.6796875,5.150145961e-13,1.042199959e-13,4.776322603e-13,1.806274252e-13,2.549422391e-13,5.602947552e-13,1.183436913e-13,1.256861958e-13,1.008411019e-13,1.160578085e-13,6.602169145e-14,1.061113821e-13,1.165049892e-13,5.418951617e-13,3.346687867e-13,3.655413168e-13,2.857520117e-13,4.275555409e-14,6.119226998e-14,1.645786774e-13,2.255358075e-13,5.98105478e-14,5.716892857e-14,1.60671731e-13,3.01823972e-14,9.369580863e-14,1.764530085e-13,2.156972658e-13,1.429958983e-13,1.073943232e-13,1.646856653e-13,8.436960601e-14
73.6875,5.105591088e-13,1.042379171e-13,4.751485281e-13,1.808780852e-13,2.541414303e-13,5.554230073e-13,1.176168753e-13,1.276482164e-13,1.015584497e-13,1.163756156e-13,6.440507122e-14,1.059749214e-13,1.163728916e-13,5.432912066e-13,3.331397416e-13,3.669365036e-13,2.846373822e-13,4.256486506e-14,6.184176043e-14,1.681953193e-13,2.24201175e-13,5.964470893e-14,5.683824612e-14,1.608679292e-13,3.007403431e-14,9.30518984e-14,1.781544603e-13,2.131570233e-13,1.400396314e-13,1.076000873e-13,1.651951103e-13,8.404996985e-14
73.6953125,5.058325213e-13,1.042789863e-13,4.728395811e-13,1.814217395e-13,2.532213933e-13,5.505570606e-13,1.16870382e-13,1.296118758e-13,1.023194486e-13,1.166465209e-13,6.285597777e-14,1.058326091e-13,1.162089167e-13,5.447563265e-13,3.317841819e-13,3.685969917e-13,2.836155314e-13,4.24165961e-14,6.250223845e-14,1.722050802e-13,2.228795345e-13,5.950730388e-14,5.653864626e-14,1.611044064e-13,2.996670929e-14,9.236530869e-14,1.799605063e-13,2.106329392e-13,1.370340353e-13,1.077731935e-13,1.658556222e-13,8.373944892e-14
73.703125,5.007310668e-13,1.04528202e-13,4.703734467e-13,1.819253195e-13,2.518457291e-13,5.453236709e-13,1.160940044e-13,1.316461822e-13,1.030428502e-13,1.169101008e-13,6.132707416e-14,1.056105926e-13,1.159698029e-13,5.456841876e-13,3.304463699e-13,3.703377622e-13,2.824123664e-13,4.223395755e-14,6.312075763e-14,1.766004587e-13,2.214650061e-13,5.93069353e-14,5.625384643e-14,1.614183127e-13,2.988353294e-14,9.173378593e-14,1.818177841e-13,2.081185242e-13,1.340413525e-13,1.07907697e-13,1.665381241e-13,8.347328898e-14
73.7109375,4.958943466e-13,1.047425905e-13,4.674618161e-13,1.823023568e-13,2.503649188e-13,5.399097678e-13,1.152748484e-13,1.337616514e-13,1.036975397e-13,1.172116883e-13,5.979209291e-14,1.052913589e-13,1.157052212e-13,5.461046516e-13,3.291174972e-13,3.72052776e-13,2.810460976e-13,4.205192462e-14,6.369323875e-14,1.8111118e-13,2.199228877e-13,5.905080601e-14,5.597761413e-14,1.619147134e-13,2.983082228e-14,9.123316425e-14,1.83749269e-13,2.057487855e-13,1.310403228e-13,1.08015059e-13,1.671367051e-13,8.324250443e-14
73.71875,4.914475733e-13,1.04881395e-13,4.645114441e-13,1.82914396e-13,2.492788189e-13,5.347767889e-13,1.144418711e-13,1.358452616e-13,1.04356103e-13,1.174698031e-13,5.832071969e-14,1.049852233e-13,1.155450864e-13,5.467544254e-13,3.279888963e-13,3.738087769e-13,2.797720719e-13,4.197476497e-14,6.426047749e-14,1.856221404e-13,2.184091306e-13,5.884171247e-14,5.571963524e-14,1.624915395e-13,2.978491443e-14,9.075872365e-14,1.857271896e-13,2.035163712e-13,1.280168889e-13,1.080772752e-13,1.677596284e-13,8.301602858e-14
73.7265625,4.869312497e-13,1.053405663e-13,4.619141644e-13,1.837337945e-13,2.484533711e-13,5.298969344e-13,1.136341979e-13,1.379216035e-13,1.050434288e-13,1.176568087e-13,5.696481658e-14,1.047346938e-13,1.154947158e-13,5.477384537e-13,3.272280126e-13,3.757358502e-13,2.786082616e-13,4.204669631e-14,6.483830318e-14,1.903266905e-13,2.169770126e-13,5.867196755e-14,5.548882382e-14,1.631319557e-13,2.974268711e-14,9.025162884e-14,1.877798636e-13,2.013726111e-13,1.250717615e-13,1.081043194e-13,1.685146433e-13,8.278903411e-14
73.734375,4.823746312e-13,1.059735123e-13,4.59351858e-13,1.844247392e-13,2.474856712e-13,5.249749247e-13,1.128434362e-13,1.401242039e-13,1.056977084e-13,1.178868492e-13,5.565112783e-14,1.043893616e-13,1.154181498e-13,5.484446748e-13,3.267477277e-13,3.779520122e-13,2.77448736e-13,4.220006521e-14,6.540788482e-14,1.953747761e-13,2.154061975e-13,5.845049613e-14,5.52834254e-14,1.639953175e-13,2.97279528e-14,8.979283363e-14,1.899897114e-13,1.993420875e-13,1.221904823e-13,1.081350579e-13,1.692923739e-13,8.258994326e-14
73.7421875,4.780037507e-13,1.063825771e-13,4.564872167e-13,1.850771234e-13,2.462519009e-13,5.199093898e-13,1.120173346e-13,1.424166579e-13,1.062931463e-13,1.181840643e-13,5.431840286e-14,1.038717729e-13,1.152387812e-13,5.486053955e-13,3.263154313e-13,3.804069919e-13,2.762947345e-13,4.233585479e-14,6.593575092e-14,2.007302834e-13,2.136001211e-13,5.818089785e-14,5.510804356e-14,1.650471449e-13,2.974160438e-14,8.940615792e-14,1.92380234e-13,1.974012417e-13,1.19320403e-13,1.081400872e-13,1.700255774e-13,8.243729796e-14
73.75,4.736201165e-13,1.066850381e-13,4.534590009e-13,1.858567563e-13,2.448688016e-13,5.147389262e-13,1.111210097e-13,1.446737736e-13,1.068496475e-13,1.184391767e-13,5.301644451e-14,1.033000179e-13,1.150189133e-13,5.484286758e-13,3.258544701e-13,3.828753811e-13,2.751387887e-13,4.247010499e-14,6.639265388e-14,2.063286412e-13,2.117479872e-13,5.791428668e-14,5.496803325e-14,1.661567993e-13,2.976297278e-14,8.903419445e-14,1.948753091e-13,1.954605193e-13,1.165226695e-13,1.080533038e-13,1.708246397e-13,8.231877806e-14
73.7578125,4.690846268e-13,1.070521537e-13,4.504749125e-13,1.867530067e-13,2.435050563e-13,5.095568097e-13,1.102035217e-13,1.468916842e-13,1.073601464e-13,1.186276451e-13,5.177408583e-14,1.027536121e-13,1.148471824e-13,5.481296883e-13,3.255483786e-13,3.853504645e-13,2.740266076e-13,4.271681647e-14,6.682392805e-14,2.121069314e-13,2.099125862e-13,5.763967879e-14,5.485265773e-14,1.673441924e-13,2.979049553e-14,8.865050196e-14,1.973274052e-13,1.934906424e-13,1.137609127e-13,1.078940724e-13,1.716826247e-13,8.2212696e-14
73.765625,4.64498662e-13,1.074513589e-13,4.475616077e-13,1.878279072e-13,2.421859011e-13,5.043891372e-13,1.093359721e-13,1.491201261e-13,1.078281135e-13,1.188153613e-13,5.055214502e-14,1.021985457e-13,1.147247846e-13,5.478011097e-13,3.254929371e-13,3.879470701e-13,2.730199538e-13,4.30856569e-14,6.729354649e-14,2.180167221e-13,2.079539495e-13,5.734563992e-14,5.475710732e-14,1.685994021e-13,2.983775779e-14,8.826789519e-14,1.997052157e-13,1.915244208e-13,1.109516374e-13,1.077179833e-13,1.724841931e-13,8.210018903e-14
73.7734375,4.599277892e-13,1.078677883e-13,4.446034895e-13,1.889079646e-13,2.408369862e-13,4.991557235e-13,1.08501699e-13,1.513712156e-13,1.082925537e-13,1.190010783e-13,4.934401458e-14,1.016094598e-13,1.146003627e-13,5.4743192e-13,3.254900245e-13,3.904888472e-13,2.719965149e-13,4.348710214e-14,6.774462908e-14,2.24079251e-13,2.058799132e-13,5.705964239e-14,5.469195588e-14,1.69875e-13,2.991159941e-14,8.791350292e-14,2.021504219e-13,1.895571852e-13,1.082029932e-13,1.075044053e-13,1.732651246e-13,8.198637942e-14
73.78125,4.555390042e-13,1.083021338e-13,4.415160346e-13,1.897902157e-13,2.395459636e-13,4.93944839e-13,1.076595723e-13,1.536424726e-13,1.087512003e-13,1.191397549e-13,4.818832243e-14,1.009940341e-13,1.14469369e-13,5.470367003e-13,3.255138426e-13,3.929933733e-13,2.709582467e-13,4.393152493e-14,6.81159772e-14,2.303535847e-13,2.038358703e-13,5.678550558e-14,5.465475765e-14,1.712559911e-13,3.001277261e-14,8.760510777e-14,2.04734959e-13,1.876039662e-13,1.056136385e-13,1.07214686e-13,1.741007434e-13,8.190465173e-14
73.7890625,4.514528737e-13,1.088310184e-13,4.384495949e-13,1.907230488e-13,2.383535321e-13,4.889022421e-13,1.06819858e-13,1.559218174e-13,1.091808061e-13,1.192452519e-13,4.712061384e-14,1.003654904e-13,1.143360074e-13,5.466547324e-13,3.257773344e-13,3.958459126e-13,2.701352063e-13,4.445897713e-14,6.847038535e-14,2.368769787e-13,2.018470682e-13,5.650478584e-14,5.462263675e-14,1.727902708e-13,3.013280727e-14,8.734068674e-14,2.074104448e-13,1.857568945e-13,1.031007522e-13,1.068692e-13,1.749735799e-13,8.185494294e-14
73.796875,4.473734686e-13,1.093943495e-13,4.35479806e-13,1.917326918e-13,2.369923088e-13,4.838791362e-13,1.059790034e-13,1.581927148e-13,1.096041763e-13,1.193547214e-13,4.612005974e-14,9.970334878e-14,1.141431531e-13,5.46075036e-13,3.261436353e-13,3.988914717e-13,2.694426855e-13,4.498211872e-14,6.882781349e-14,2.43580457e-13,1.998195637e-13,5.62110397e-14,5.458414897e-14,1.743645185e-13,3.025668547e-14,8.712843112e-14,2.101380515e-13,1.83991441e-13,1.005967655e-13,1.064902245e-13,1.758586281e-13,8.180552865e-14
73.8046875,4.430458878e-13,1.098042005e-13,4.323716489e-13,1.925367919e-13,2.353584053e-13,4.787655e-13,1.051254921e-13,1.604370281e-13,1.100100731e-13,1.194503387e-13,4.510532913e-14,9.895243683e-14,1.138741446e-13,5.450511191e-13,3.264024453e-13,4.016907963e-13,2.686271137e-13,4.546807899e-14,6.913595842e-14,2.503496875e-13,1.976756123e-13,5.589926667e-14,5.456630321e-14,1.759108525e-13,3.038565283e-14,8.697624578e-14,2.128712643e-13,1.821760217e-13,9.810513919e-14,1.060578448e-13,1.766966587e-13,8.177085162e-14
73.8125,4.387730933e-13,1.102755386e-13,4.290730394e-13,1.93369561e-13,2.337859328e-13,4.737841484e-13,1.042865915e-13,1.626496645e-13,1.103477388e-13,1.195121956e-13,4.407570639e-14,9.814321371e-14,1.136121607e-13,5.43788281e-13,3.268617545e-13,4.045731232e-13,2.678470338e-13,4.606425358e-14,6.944274217e-14,2.572196794e-13,1.954364026e-13,5.558338079e-14,5.4598912e-14,1.775057756e-13,3.053407525e-14,8.68606729e-14,2.156227056e-13,1.803932151e-13,9.562096037e-14,1.055549045e-13,1.774553558e-13,8.177614243e-14
73.8203125,4.3484236e-13,1.109955949e-13,4.258425739e-13,1.945042125e-13,2.324624879e-13,4.69023472e-13,1.034572965e-13,1.648856735e-13,1.106597576e-13,1.195948741e-13,4.31270987e-14,9.737279995e-14,1.133871532e-13,5.425901298e-13,3.277651165e-13,4.079582205e-13,2.672616438e-13,4.682875408e-14,6.979403254e-14,2.643049137e-13,1.932149856e-13,5.529380156e-14,5.466736952e-14,1.792091935e-13,3.070088549e-14,8.675761536e-14,2.185034389e-13,1.788042912e-13,9.317912198e-14,1.049992718e-13,1.782453738e-13,8.17959198e-14
73.828125,4.309452976e-13,1.116794522e-13,4.226886364e-13,1.956959676e-13,2.311356101e-13,4.642748705e-13,1.026021698e-13,1.671917023e-13,1.110057105e-13,1.197257745e-13,4.225332268e-14,9.661425e-14,1.131133149e-13,5.412753358e-13,3.28851121e-13,4.115328723e-13,2.66640946e-13,4.760922636e-14,7.00991353e-14,2.716316018e-13,1.910510432e-13,5.501185694e-14,5.475382316e-14,1.809740864e-13,3.08721593e-14,8.667040541e-14,2.214941313e-13,1.772915296e-13,9.081964988e-14,1.044118241e-13,1.791022261e-13,8.181461794e-14
73.8359375,4.268210393e-13,1.123441608e-13,4.193715235e-13,1.968232651e-13,2.296311891e-13,4.594905769e-13,1.017406101e-13,1.695175565e-13,1.113315541e-13,1.198282909e-13,4.138424132e-14,9.577479526e-14,1.127524028e-13,5.395407583e-13,3.299794916e-13,4.151231496e-13,2.659917206e-13,4.832812006e-14,7.032489967e-14,2.791695429e-13,1.888311427e-13,5.470082512e-14,5.486911773e-14,1.827975323e-13,3.104474955e-14,8.660597042e-14,2.244677843e-13,1.757235477e-13,8.851003275e-14,1.037794204e-13,1.799018599e-13,8.184719403e-14
73.84375,4.228256135e-13,1.131851087e-13,4.159262958e-13,1.979373271e-13,2.281078217e-13,4.548496623e-13,1.009005016e-13,1.718257956e-13,1.116046962e-13,1.198855708e-13,4.056164644e-14,9.489153628e-14,1.123792155e-13,5.375117044e-13,3.313410185e-13,4.190661318e-13,2.65710953e-13,4.909995208e-14,7.057544444e-14,2.86861917e-13,1.865004712e-13,5.438967836e-14,5.500542005e-14,1.847756535e-13,3.122599394e-14,8.655785595e-14,2.274718119e-13,1.742283784e-13,8.623059176e-14,1.030892287e-13,1.806279688e-13,8.189384854e-14
73.8515625,4.19226784e-13,1.139648587e-13,4.126104917e-13,1.989823074e-13,2.266567804e-13,4.504486607e-13,1.000670426e-13,1.741552647e-13,1.118874582e-13,1.199764221e-13,3.981578673e-14,9.404692688e-14,1.120194398e-13,5.354532656e-13,3.330157437e-13,4.234170642e-13,2.658658519e-13,4.999206678e-14,7.089028784e-14,2.947241923e-13,1.841727266e-13,5.411871299e-14,5.51539657e-14,1.868733267e-13,3.141617948e-14,8.653297056e-14,2.30620896e-13,1.728873148e-13,8.401632564e-14,1.023671937e-13,1.813643033e-13,8.196156632e-14
73.859375,4.157725465e-13,1.146899865e-13,4.094432916e-13,2.00078829e-13,2.251957162e-13,4.462579804e-13,9.923970724e-14,1.765060683e-13,1.122084491e-13,1.200771521e-13,3.907672115e-14,9.322339885e-14,1.116074667e-13,5.333765008e-13,3.348840031e-13,4.279135701e-13,2.661270937e-13,5.094331081e-14,7.120367267e-14,3.028438333e-13,1.819103584e-13,5.388122812e-14,5.534154868e-14,1.889419848e-13,3.160857661e-14,8.655897813e-14,2.338533095e-13,1.716038256e-13,8.187543323e-14,1.01626933e-13,1.821416762e-13,8.206064265e-14
73.8671875,4.122740047e-13,1.155451176e-13,4.062652877e-13,2.01247853e-13,2.237743356e-13,4.421808454e-13,9.84358022e-14,1.788350321e-13,1.12526925e-13,1.201267494e-13,3.834704483e-14,9.236086276e-14,1.111797945e-13,5.312261872e-13,3.368269276e-13,4.324409174e-13,2.663392632e-13,5.194035561e-14,7.145686741e-14,3.11050321e-13,1.796280092e-13,5.366061168e-14,5.556938713e-14,1.910191999e-13,3.181477095e-14,8.662841724e-14,2.37032481e-13,1.703087778e-13,7.9777677e-14,1.008485792e-13,1.829837468e-13,8.216755223e-14
73.875,4.087041865e-13,1.162530276e-13,4.031313877e-13,2.022368334e-13,2.224404245e-13,4.380996367e-13,9.764982513e-14,1.811259166e-13,1.127670575e-13,1.202105902e-13,3.770339696e-14,9.142668116e-14,1.108611897e-13,5.289534288e-13,3.388461165e-13,4.36954105e-13,2.665610431e-13,5.30320738e-14,7.161639779e-14,3.191225202e-13,1.772838801e-13,5.342493551e-14,5.581604628e-14,1.931992411e-13,3.206658226e-14,8.670924157e-14,2.401127899e-13,1.690042519e-13,7.770932491e-14,1.000286203e-13,1.838299121e-13,8.227684903e-14
73.8828125,4.050208544e-13,1.16827135e-13,4.001455357e-13,2.031034086e-13,2.210172971e-13,4.340477259e-13,9.686362926e-14,1.833604428e-13,1.128883255e-13,1.203771436e-13,3.714818719e-14,9.043204237e-14,1.105806353e-13,5.26365513e-13,3.409889773e-13,4.414153864e-13,2.668097624e-13,5.418470293e-14,7.170473879e-14,3.272857722e-13,1.749367289e-13,5.315024868e-14,5.610087839e-14,1.953749567e-13,3.236330404e-14,8.683571492e-14,2.431836933e-13,1.677465829e-13,7.570989118e-14,9.915465051e-14,1.845323487e-13,8.242186651e-14
73.890625,4.01469077e-13,1.175866315e-13,3.971249504e-13,2.039875785e-13,2.194418809e-13,4.301243645e-13,9.605927784e-14,1.855301638e-13,1.129753641e-13,1.205030951e-13,3.664406339e-14,8.94200119e-14,1.101313662e-13,5.234138735e-13,3.431780668e-13,4.459059579e-13,2.671370221e-13,5.531824271e-14,7.179710168e-14,3.356923517e-13,1.726017542e-13,5.288211187e-14,5.643666448e-14,1.97487478e-13,3.265646794e-14,8.70508067e-14,2.463845247e-13,1.665711068e-13,7.384336978e-14,9.81935863e-14,1.851149296e-13,8.259919654e-14
73.8984375,3.982248998e-13,1.182858078e-13,3.939331676e-13,2.047266773e-13,2.178535848e-13,4.262412375e-13,9.523066181e-14,1.87676772e-13,1.130829718e-13,1.205301448e-13,3.618471245e-14,8.838246806e-14,1.095472378e-13,5.20316746e-13,3.453608364e-13,4.505360536e-13,2.676571369e-13,5.645686922e-14,7.188382915e-14,3.440753977e-13,1.702216883e-13,5.263848182e-14,5.680714968e-14,1.996707672e-13,3.292546956e-14,8.729229491e-14,2.496566649e-13,1.653716307e-13,7.208763045e-14,9.717269747e-14,1.856871147e-13,8.277071521e-14
73.90625,3.949473357e-13,1.1878112e-13,3.907399072e-13,2.054535755e-13,2.162476354e-13,4.223928531e-13,9.440906156e-14,1.898432681e-13,1.131195964e-13,1.205410651e-13,3.576941929e-14,8.727404301e-14,1.09043787e-13,5.170941077e-13,3.477037504e-13,4.553882547e-13,2.683595385e-13,5.770303859e-14,7.188739501e-14,3.524733347e-13,1.677647419e-13,5.235673803e-14,5.722720543e-14,2.019694242e-13,3.321055183e-14,8.751550956e-14,2.528038872e-13,1.641049812e-13,7.033588194e-14,9.61352478e-14,1.861804731e-13,8.29436824e-14
73.9140625,3.915380622e-13,1.193926685e-13,3.876483771e-13,2.064666e-13,2.146026563e-13,4.188641836e-13,9.364007042e-14,1.920336228e-13,1.130855753e-13,1.205636437e-13,3.539892419e-14,8.613295811e-14,1.086493469e-13,5.136076252e-13,3.503242227e-13,4.604952739e-13,2.69150856e-13,5.909548919e-14,7.182510002e-14,3.611139301e-13,1.652840543e-13,5.204362864e-14,5.770323817e-14,2.042982164e-13,3.35399232e-14,8.781173922e-14,2.558915968e-13,1.629049025e-13,6.856906421e-14,9.505237214e-14,1.865254078e-13,8.316592187e-14
73.921875,3.883753475e-13,1.200988012e-13,3.84553949e-13,2.07547725e-13,2.130323069e-13,4.156355488e-13,9.290288056e-14,1.942134584e-13,1.130808331e-13,1.205358653e-13,3.50778324e-14,8.502113412e-14,1.082419082e-13,5.09947864e-13,3.530706062e-13,4.657295012e-13,2.700345871e-13,6.058389502e-14,7.176410793e-14,3.697897228e-13,1.628689881e-13,5.176043109e-14,5.818710465e-14,2.066342519e-13,3.38884601e-14,8.82275741e-14,2.591209036e-13,1.617933541e-13,6.688073057e-14,9.392342757e-14,1.867987022e-13,8.343799587e-14
73.9296875,3.85505348e-13,1.207957459e-13,3.813546579e-13,2.08464169e-13,2.114711957e-13,4.122506333e-13,9.209822858e-14,1.963420344e-13,1.130644579e-13,1.204320253e-13,3.479986687e-14,8.390436671e-14,1.077907289e-13,5.06178623e-13,3.557344506e-13,4.709250138e-13,2.710472117e-13,6.21072439e-14,7.172276595e-14,3.784523021e-13,1.605252246e-13,5.148747809e-14,5.864671038e-14,2.090088675e-13,3.422447867e-14,8.863882928e-14,2.624050862e-13,1.607296522e-13,6.5307538e-14,9.280400293e-14,1.870640375e-13,8.370065318e-14
73.9375,3.827371545e-13,1.215902267e-13,3.780201663e-13,2.093588218e-13,2.098033378e-13,4.08672647e-13,9.119673587e-14,1.984368725e-13,1.130048428e-13,1.20337845e-13,3.455598154e-14,8.274395671e-14,1.073056901e-13,5.022119022e-13,3.582783125e-13,4.760805237e-13,2.721390426e-13,6.363040824e-14,7.170384829e-14,3.873903042e-13,1.581841363e-13,5.121377928e-14,5.910018154e-14,2.114256719e-13,3.45500201e-14,8.895840236e-14,2.656082288e-13,1.598422462e-13,6.378995418e-14,9.16755539e-14,1.873393961e-13,8.393762591e-14
73.9453125,3.801115424e-13,1.223232655e-13,3.74642257e-13,2.101989755e-13,2.082339222e-13,4.053570313e-13,9.031227132e-14,2.005311622e-13,1.129931668e-13,1.203844606e-13,3.433883862e-14,8.156721316e-14,1.067593854e-13,4.981395338e-13,3.608398948e-13,4.812432702e-13,2.73252949e-13,6.515856133e-14,7.166834084e-14,3.963880652e-13,1.558379452e-13,5.098365663e-14,5.957943335e-14,2.13847694e-13,3.488761164e-14,8.928140802e-14,2.688363131e-13,1.591422863e-13,6.22831616e-14,9.049911114e-14,1.875931494e-13,8.419009695e-14
73.953125,3.776367846e-13,1.22924962e-13,3.713356962e-13,2.108341801e-13,2.069365776e-13,4.023867842e-13,8.950524487e-14,2.026009089e-13,1.1300084e-13,1.205685472e-13,3.41526498e-14,8.038457567e-14,1.061911236e-13,4.940563921e-13,3.63564927e-13,4.864040977e-13,2.744379762e-13,6.675728085e-14,7.156414956e-14,4.050542951e-13,1.535244311e-13,5.077588553e-14,6.010208705e-14,2.16256531e-13,3.524613303e-14,8.969593379e-14,2.721022248e-13,1.584371602e-13,6.080908924e-14,8.931394509e-14,1.877197605e-13,8.445444753e-14
73.9609375,3.752392071e-13,1.235955109e-13,3.680628138e-13,2.113701312e-13,2.056759723e-13,3.994404388e-13,8.869495953e-14,2.046414956e-13,1.129441159e-13,1.207622618e-13,3.402441329e-14,7.91938451e-14,1.056747933e-13,4.898068747e-13,3.664863417e-13,4.91647022e-13,2.758162832e-13,6.847953221e-14,7.145191723e-14,4.136122032e-13,1.512411179e-13,5.055458559e-14,6.064756502e-14,2.187282716e-13,3.561949742e-14,9.015624372e-14,2.752666863e-13,1.577299567e-13,5.942942925e-14,8.812724533e-14,1.877198958e-13,8.471760433e-14
73.96875,3.729281164e-13,1.242554071e-13,3.64829602e-13,2.118670254e-13,2.041986974e-13,3.964512742e-13,8.787047195e-14,2.067023484e-13,1.128699812e-13,1.209303296e-13,3.397166341e-14,7.802176703e-14,1.051862724e-13,4.852899559e-13,3.696713083e-13,4.971923675e-13,2.774595277e-13,7.030634087e-14,7.139901609e-14,4.224391214e-13,1.489826261e-13,5.034638765e-14,6.117995159e-14,2.21331e-13,3.601751441e-14,9.063927794e-14,2.783984901e-13,1.571447615e-13,5.820003832e-14,8.688600291e-14,1.876903078e-13,8.503665377e-14
73.9765625,3.707104804e-13,1.248168575e-13,3.617195362e-13,2.122911861e-13,2.026541769e-13,3.936696526e-13,8.711148027e-14,2.087925109e-13,1.12784254e-13,1.211167574e-13,3.398037891e-14,7.686414256e-14,1.046864093e-13,4.806125565e-13,3.732544001e-13,5.031842565e-13,2.793192601e-13,7.223605173e-14,7.136060429e-14,4.3158133e-13,1.467539475e-13,5.015480367e-14,6.170498614e-14,2.239992005e-13,3.645069603e-14,9.119478686e-14,2.816349126e-13,1.566224499e-13,5.711817844e-14,8.558416696e-14,1.876004983e-13,8.543155748e-14
73.984375,3.686494422e-13,1.254110384e-13,3.585961369e-13,2.128102962e-13,2.01319345e-13,3.912414602e-13,8.638750224e-14,2.108630388e-13,1.12643411e-13,1.212943028e-13,3.402108781e-14,7.569526366e-14,1.042071974e-13,4.758822903e-13,3.771066744e-13,5.094405697e-13,2.812606171e-13,7.427992747e-14,7.132052359e-14,4.408539548e-13,1.445546389e-13,4.997448475e-14,6.22630822e-14,2.266255446e-13,3.68930391e-14,9.180585389e-14,2.848982143e-13,1.561254822e-13,5.609937466e-14,8.423622386e-14,1.873939544e-13,8.583589561e-14
73.9921875,3.667778544e-13,1.25967026e-13,3.553398282e-13,2.13500044e-13,2.001606452e-13,3.890369994e-13,8.56294542e-14,2.128630696e-13,1.125145108e-13,1.214477759e-13,3.407086219e-14,7.454162061e-14,1.03739697e-13,4.710924675e-13,3.808656999e-13,5.155577127e-13,2.831807369e-13,7.636189527e-14,7.130351969e-14,4.49929776e-13,1.424033563e-13,4.983770739e-14,6.288167048e-14,2.291500718e-13,3.732304913e-14,9.241404952e-14,2.881059844e-13,1.557493396e-13,5.505351898e-14,8.284254061e-14,1.871215404e-13,8.621955426e-14
74,3.65030265e-13,1.264459109e-13,3.522074682e-13,2.141570685e-13,1.990503752e-13,3.869565983e-13,8.489305031e-14,2.14798242e-13,1.124275173e-13,1.216392232e-13,3.41576648e-14,7.344348935e-14,1.03257823e-13,4.662604864e-13,3.845618563e-13,5.21496936e-13,2.851601883e-13,7.845794968e-14,7.127001389e-14,4.58728978e-13,1.403032963e-13,4.973712659e-14,6.355492154e-14,2.315735936e-13,3.776671836e-14,9.302895872e-14,2.913200019e-13,1.554909275e-13,5.402685308e-14,8.143960822e-14,1.868236164e-13,8.660760463e-14
74.0078125,3.635371949e-13,1.270443082e-13,3.494808328e-13,2.148022636e-13,1.980930858e-13,3.851927594e-13,8.4228636e-14,2.167284499e-13,1.12304284e-13,1.218923796e-13,3.435176334e-14,7.239490745e-14,1.028365555e-13,4.615718206e-13,3.886614914e-13,5.276883266e-13,2.873898372e-13,8.06911375e-14,7.120982537e-14,4.675448333e-13,1.382679909e-13,4.964801433e-14,6.426583432e-14,2.339772707e-13,3.824957534e-14,9.368945875e-14,2.945598731e-13,1.553192684e-13,5.315612027e-14,8.006233991e-14,1.865246738e-13,8.702286245e-14
74.015625,3.623263683e-13,1.277520684e-13,3.470486401e-13,2.156680737e-13,1.97238579e-13,3.837963611e-13,8.357446074e-14,2.186352557e-13,1.121193817e-13,1.221750974e-13,3.464777324e-14,7.135103493e-14,1.024858569e-13,4.570154594e-13,3.931935077e-13,5.342117147e-13,2.898643442e-13,8.306341223e-14,7.115877434e-14,4.764747648e-13,1.363492597e-13,4.957860863e-14,6.500950296e-14,2.364268375e-13,3.875930717e-14,9.440380517e-14,2.977211177e-13,1.55303711e-13,5.241743168e-14,7.869301763e-14,1.862210002e-13,8.747755853e-14
74.0234375,3.610753773e-13,1.284086141e-13,3.445376144e-13,2.165857162e-13,1.961713335e-13,3.823845281e-13,8.289430717e-14,2.204419165e-13,1.119019776e-13,1.224559737e-13,3.495053967e-14,7.025382628e-14,1.020605033e-13,4.521885608e-13,3.976226964e-13,5.406683526e-13,2.924265665e-13,8.541132721e-14,7.109199579e-14,4.854384508e-13,1.344743962e-13,4.950657817e-14,6.576172277e-14,2.389262076e-13,3.927394199e-14,9.513850957e-14,3.007202175e-13,1.554046614e-13,5.165507869e-14,7.729543502e-14,1.858323032e-13,8.794537191e-14
74.03125,3.598476911e-13,1.290081037e-13,3.417820898e-13,2.172722633e-13,1.949346043e-13,3.808446891e-13,8.22301549e-14,2.222025079e-13,1.116860074e-13,1.227271779e-13,3.523699249e-14,6.909474248e-14,1.015413885e-13,4.470117436e-13,4.018372923e-13,5.470575772e-13,2.950889772e-13,8.773466921e-14,7.09826081e-14,4.945079132e-13,1.325289464e-13,4.942043918e-14,6.649802913e-14,2.414955253e-13,3.978709778e-14,9.58593595e-14,3.036191492e-13,1.55510607e-13,5.089391891e-14,7.585455537e-14,1.853762853e-13,8.839822571e-14
74.0390625,3.588906773e-13,1.296135581e-13,3.390631855e-13,2.179921126e-13,1.937981519e-13,3.795926767e-13,8.159325196e-14,2.239798438e-13,1.114741159e-13,1.230340016e-13,3.558717889e-14,6.792071179e-14,1.010648386e-13,4.417858455e-13,4.06247471e-13,5.536772675e-13,2.978771718e-13,9.016806485e-14,7.083039823e-14,5.035480957e-13,1.306401002e-13,4.935704791e-14,6.727459854e-14,2.440858028e-13,4.031296243e-14,9.662123711e-14,3.064906801e-13,1.556990587e-13,5.027713257e-14,7.440653239e-14,1.848756944e-13,8.886782192e-14
74.046875,3.578620548e-13,1.302851759e-13,3.366128018e-13,2.190057235e-13,1.926870069e-13,3.787217491e-13,8.096088776e-14,2.256816211e-13,1.111887117e-13,1.233908616e-13,3.603449884e-14,6.67411337e-14,1.006361999e-13,4.364147599e-13,4.109376443e-13,5.60430257e-13,3.006300021e-13,9.271041424e-14,7.062825306e-14,5.123651619e-13,1.289172971e-13,4.9295301e-14,6.81337971e-14,2.465775288e-13,4.087024219e-14,9.75028446e-14,3.092915594e-13,1.560183025e-13,4.978063193e-14,7.298522557e-14,1.841563328e-13,8.936745997e-14
74.0546875,3.567322778e-13,1.309855369e-13,3.342188527e-13,2.199917828e-13,1.915693516e-13,3.778838731e-13,8.034788919e-14,2.272997799e-13,1.10856476e-13,1.237269747e-13,3.654186306e-14,6.556205803e-14,1.001991534e-13,4.308440533e-13,4.157459082e-13,5.672131848e-13,3.033473488e-13,9.531404123e-14,7.044523072e-14,5.212423138e-13,1.271889898e-13,4.921545265e-14,6.897365958e-14,2.489913956e-13,4.144738994e-14,9.846169419e-14,3.120379623e-13,1.562993409e-13,4.933362644e-14,7.153513074e-14,1.832513131e-13,8.986974503e-14
74.0625,3.560267248e-13,1.315335509e-13,3.3176905e-13,2.207234051e-13,1.906275443e-13,3.770233936e-13,7.976697325e-14,2.289582574e-13,1.106408276e-13,1.240680288e-13,3.709414625e-14,6.445699751e-14,9.981034976e-14,4.255075395e-13,4.206943462e-13,5.741288056e-13,3.062040454e-13,9.80041512e-14,7.034978811e-14,5.30288148e-13,1.254027669e-13,4.918662679e-14,6.971306026e-14,2.513831172e-13,4.20148567e-14,9.937932562e-14,3.147337213e-13,1.565490514e-13,4.895742303e-14,7.002813685e-14,1.824672584e-13,9.037227065e-14
74.0703125,3.55449475e-13,1.319047628e-13,3.295044761e-13,2.214056178e-13,1.897095808e-13,3.763002198e-13,7.920174941e-14,2.306327228e-13,1.104932156e-13,1.245225607e-13,3.768425762e-14,6.342027854e-14,9.948203321e-14,4.203527752e-13,4.256887734e-13,5.809384504e-13,3.091202915e-13,1.007555542e-13,7.026245858e-14,5.390669967e-13,1.237194864e-13,4.920402416e-14,7.043838407e-14,2.537044986e-13,4.257445586e-14,1.001775651e-13,3.171460615e-13,1.569793684e-13,4.860382928e-14,6.855265352e-14,1.81764611e-13,9.084461762e-14
74.078125,3.545493057e-13,1.323414149e-13,3.274984825e-13,2.221373728e-13,1.886745683e-13,3.757420984e-13,7.867622898e-14,2.322307429e-13,1.102288697e-13,1.250129133e-13,3.829502919e-14,6.233761291e-14,9.918081761e-14,4.149966192e-13,4.306238544e-13,5.874485199e-13,3.119314601e-13,1.035107207e-13,7.013062334e-14,5.475598978e-13,1.221286824e-13,4.919611083e-14,7.122038481e-14,2.560284677e-13,4.314522886e-14,1.008984264e-13,3.192108161e-13,1.57529291e-13,4.8249206e-14,6.712419596e-14,1.809396815e-13,9.12562639e-14
74.0859375,3.540041114e-13,1.330068565e-13,3.256936055e-13,2.229476225e-13,1.878822264e-13,3.754996299e-13,7.822566431e-14,2.337812364e-13,1.099101417e-13,1.254119465e-13,3.89623663e-14,6.123675891e-14,9.899186407e-14,4.098370722e-13,4.357952044e-13,5.940158346e-13,3.147392723e-13,1.063116933e-13,7.004776916e-14,5.5612139e-13,1.20578539e-13,4.921736521e-14,7.19950415e-14,2.584156769e-13,4.371411527e-14,1.016769041e-13,3.211860139e-13,1.580591663e-13,4.80344128e-14,6.56597783e-14,1.801344674e-13,9.168305117e-14
74.09375,3.540657955e-13,1.33761721e-13,3.242001559e-13,2.239466164e-13,1.874293893e-13,3.756555012e-13,7.781377553e-14,2.352930865e-13,1.096454978e-13,1.258414075e-13,3.973218384e-14,6.025291969e-14,9.891973945e-14,4.051934492e-13,4.41434914e-13,6.008960965e-13,3.177118307e-13,1.092523052e-13,7.005027759e-14,5.645516115e-13,1.191719978e-13,4.931158153e-14,7.271921724e-14,2.606236941e-13,4.427088184e-14,1.025074672e-13,3.230741485e-13,1.587377968e-13,4.79793606e-14,6.418412045e-14,1.793839485e-13,9.217263485e-14
74.1015625,3.538582497e-13,1.344140147e-13,3.229675504e-13,2.249438261e-13,1.868684298e-13,3.758674128e-13,7.740047833e-14,2.367298073e-13,1.093512616e-13,1.264325095e-13,4.057119549e-14,5.93504216e-14,9.877749994e-14,4.004400981e-13,4.473295552e-13,6.079935969e-13,3.209022657e-13,1.123482769e-13,7.006311121e-14,5.725806809e-13,1.17891565e-13,4.938179354e-14,7.34587709e-14,2.625710203e-13,4.485670437e-14,1.032788957e-13,3.247796621e-13,1.596199812e-13,4.795150731e-14,6.275741278e-14,1.784560681e-13,9.266820426e-14
74.109375,3.53377945e-13,1.34985259e-13,3.21812778e-13,2.256892718e-13,1.861266383e-13,3.759811351e-13,7.700033123e-14,2.381131044e-13,1.090222962e-13,1.270652763e-13,4.144807349e-14,5.843664519e-14,9.853054627e-14,3.953123081e-13,4.532131812e-13,6.151912376e-13,3.24248721e-13,1.155010075e-13,7.005142565e-14,5.804645023e-13,1.166459216e-13,4.941935642e-14,7.426064887e-14,2.646051399e-13,4.548255473e-14,1.040818492e-13,3.265072545e-13,1.604736183e-13,4.79876065e-14,6.132953512e-14,1.77426733e-13,9.317273853e-14
74.1171875,3.53475953e-13,1.355006785e-13,3.208223901e-13,2.263439308e-13,1.855843005e-13,3.763079385e-13,7.661479533e-14,2.394340815e-13,1.087534517e-13,1.276389461e-13,4.239065251e-14,5.756491919e-14,9.833745407e-14,3.903723636e-13,4.589615059e-13,6.222078122e-13,3.275676717e-13,1.186191982e-13,7.00363894e-14,5.882524034e-13,1.155160626e-13,4.9520916e-14,7.505475176e-14,2.668443775e-13,4.607785066e-14,1.049874911e-13,3.281795255e-13,1.613110019e-13,4.814999435e-14,5.988450174e-14,1.765072491e-13,9.37085228e-14
74.125,3.540026637e-13,1.358846695e-13,3.200359923e-13,2.270485301e-13,1.852890575e-13,3.768892274e-13,7.623111437e-14,2.406713284e-13,1.084928401e-13,1.282501051e-13,4.339134498e-14,5.673921035e-14,9.820352951e-14,3.85733994e-13,4.645932869e-13,6.289183743e-13,3.308125144e-13,1.217664988e-13,7.00301537e-14,5.956530576e-13,1.145316234e-13,4.965168761e-14,7.577094235e-14,2.690152569e-13,4.662604256e-14,1.058050326e-13,3.29504007e-13,1.623415999e-13,4.832985292e-14,5.848495323e-14,1.75601041e-13,9.421220391e-14
74.1328125,3.543333653e-13,1.362108607e-13,3.192873519e-13,2.277018315e-13,1.850100205e-13,3.774772756e-13,7.586579071e-14,2.418894453e-13,1.081638999e-13,1.289502501e-13,4.443599504e-14,5.58462779e-14,9.803346547e-14,3.809911937e-13,4.703689343e-13,6.358050227e-13,3.341966597e-13,1.250638782e-13,7.00332458e-14,6.028035112e-13,1.135690221e-13,4.973197655e-14,7.646456864e-14,2.710744188e-13,4.720765163e-14,1.065328241e-13,3.307460733e-13,1.635068299e-13,4.853233099e-14,5.712593474e-14,1.746063592e-13,9.469383846e-14
74.140625,3.546748293e-13,1.365581702e-13,3.187101231e-13,2.283608552e-13,1.847440959e-13,3.780741124e-13,7.552780766e-14,2.430995476e-13,1.078191926e-13,1.296469948e-13,4.558227126e-14,5.491150197e-14,9.787490279e-14,3.761966987e-13,4.765158616e-13,6.432037279e-13,3.378632992e-13,1.285242782e-13,7.007432933e-14,6.101619036e-13,1.126181287e-13,4.981409372e-14,7.719111514e-14,2.732080472e-13,4.784237199e-14,1.074052122e-13,3.321608733e-13,1.64637327e-13,4.889573437e-14,5.577615026e-14,1.736232275e-13,9.524362027e-14
74.1484375,3.553589337e-13,1.368724415e-13,3.185243303e-13,2.291282447e-13,1.845995219e-13,3.78731296e-13,7.521314947e-14,2.442412555e-13,1.075085412e-13,1.30298134e-13,4.68308382e-14,5.406100708e-14,9.778333871e-14,3.716844948e-13,4.829729237e-13,6.508566408e-13,3.417287586e-13,1.321110834e-13,7.020891094e-14,6.178617627e-13,1.117531408e-13,4.995517556e-14,7.789232522e-14,2.753707982e-13,4.848081179e-14,1.08384049e-13,3.334566131e-13,1.657488031e-13,4.941885444e-14,5.446634432e-14,1.727505788e-13,9.584819038e-14
74.15625,3.561556229e-13,1.372178967e-13,3.185731281e-13,2.299368901e-13,1.84547382e-13,3.794648347e-13,7.494244604e-14,2.453720741e-13,1.072199835e-13,1.309703028e-13,4.810135011e-14,5.329222139e-14,9.771800044e-14,3.673964096e-13,4.896387396e-13,6.585544699e-13,3.456031483e-13,1.357979608e-13,7.042268465e-14,6.255679174e-13,1.109560575e-13,5.012135396e-14,7.854478312e-14,2.774229168e-13,4.913175069e-14,1.09335706e-13,3.345637227e-13,1.669417555e-13,5.005444588e-14,5.321666503e-14,1.720037054e-13,9.645674203e-14
74.1640625,3.570044072e-13,1.376055729e-13,3.187784192e-13,2.307870711e-13,1.845462081e-13,3.804782532e-13,7.472714165e-14,2.465521716e-13,1.069349962e-13,1.316926551e-13,4.940777086e-14,5.255512974e-14,9.768780078e-14,3.631299979e-13,4.965254846e-13,6.662253167e-13,3.49329374e-13,1.395232485e-13,7.065017655e-14,6.327794465e-13,1.102151663e-13,5.029178736e-14,7.921487688e-14,2.794156384e-13,4.981468913e-14,1.103353923e-13,3.356242943e-13,1.682815533e-13,5.079208054e-14,5.200746566e-14,1.712984189e-13,9.707877651e-14
74.171875,3.582991102e-13,1.379308385e-13,3.192573358e-13,2.317303634e-13,1.846323574e-13,3.81766925e-13,7.453753229e-14,2.476559876e-13,1.066430461e-13,1.324287384e-13,5.079746782e-14,5.186225974e-14,9.770738913e-14,3.589528527e-13,5.035847482e-13,6.736743064e-13,3.529316588e-13,1.432248494e-13,7.094038368e-14,6.394384077e-13,1.095859913e-13,5.049541687e-14,7.989283719e-14,2.813922385e-13,5.048484601e-14,1.113590757e-13,3.364452677e-13,1.697848038e-13,5.155020345e-14,5.082592032e-14,1.705615524e-13,9.769728832e-14
74.1796875,3.600927173e-13,1.383001704e-13,3.198551873e-13,2.327305311e-13,1.848350381e-13,3.830483433e-13,7.434912384e-14,2.485946375e-13,1.063519543e-13,1.331897348e-13,5.222150548e-14,5.119473475e-14,9.77111201e-14,3.549482222e-13,5.106942755e-13,6.808920848e-13,3.565004432e-13,1.469013788e-13,7.137274665e-14,6.459777906e-13,1.090767161e-13,5.074229077e-14,8.050156321e-14,2.832717282e-13,5.111236456e-14,1.122915068e-13,3.36998248e-13,1.714183607e-13,5.231406626e-14,4.96780872e-14,1.69854629e-13,9.828473775e-14
74.1875,3.618979858e-13,1.386928943e-13,3.205200946e-13,2.337547762e-13,1.851694475e-13,3.843422685e-13,7.417775551e-14,2.494742622e-13,1.060656177e-13,1.340187574e-13,5.369107858e-14,5.052953042e-14,9.772734374e-14,3.510528686e-13,5.178598201e-13,6.880750584e-13,3.600195566e-13,1.506151622e-13,7.186393641e-14,6.524553987e-13,1.086526204e-13,5.099749732e-14,8.104688534e-14,2.850687318e-13,5.172769534e-14,1.131949881e-13,3.374996886e-13,1.731270974e-13,5.318649855e-14,4.858595279e-14,1.691832085e-13,9.886230485e-14
74.1953125,3.635198936e-13,1.389365342e-13,3.215933597e-13,2.347272272e-13,1.856316257e-13,3.857866502e-13,7.405139713e-14,2.503384679e-13,1.057714271e-13,1.348998315e-13,5.52946953e-14,4.993329856e-14,9.787314254e-14,3.473184801e-13,5.252080516e-13,6.952602092e-13,3.634916644e-13,1.544377022e-13,7.233244351e-14,6.58481012e-13,1.083374641e-13,5.123364524e-14,8.157827225e-14,2.868449316e-13,5.237105868e-14,1.141241967e-13,3.378209877e-13,1.748805342e-13,5.418807654e-14,4.754705504e-14,1.684852327e-13,9.944391553e-14
74.203125,3.652398315e-13,1.392754257e-13,3.231052721e-13,2.35622252e-13,1.861176937e-13,3.872376511e-13,7.397955919e-14,2.510895849e-13,1.054732084e-13,1.358104104e-13,5.697700628e-14,4.944501988e-14,9.809553028e-14,3.438080069e-13,5.327526379e-13,7.023958385e-13,3.669076768e-13,1.583489233e-13,7.284476977e-14,6.640839763e-13,1.081646918e-13,5.146746294e-14,8.209050443e-14,2.884925377e-13,5.304787593e-14,1.150557876e-13,3.378432628e-13,1.767277967e-13,5.52980311e-14,4.653038891e-14,1.678315811e-13,1.000422009e-13
74.2109375,3.671453675e-13,1.398063683e-13,3.247268995e-13,2.366586811e-13,1.865501128e-13,3.886794488e-13,7.395133777e-14,2.517463462e-13,1.051664712e-13,1.367549267e-13,5.863659894e-14,4.899316215e-14,9.826297002e-14,3.403957545e-13,5.404311209e-13,7.095750238e-13,3.702128523e-13,1.623070355e-13,7.34275703e-14,6.696131225e-13,1.080878191e-13,5.171241191e-14,8.256539156e-14,2.899618883e-13,5.372603427e-14,1.160406917e-13,3.377827879e-13,1.787291725e-13,5.654513335e-14,4.556128789e-14,1.672592226e-13,1.006729663e-13
74.21875,3.692371905e-13,1.401948773e-13,3.264489874e-13,2.378911364e-13,1.871229378e-13,3.903349617e-13,7.393601473e-14,2.524165279e-13,1.048495758e-13,1.376899855e-13,6.035099197e-14,4.854536907e-14,9.845903327e-14,3.371585927e-13,5.482917631e-13,7.16910558e-13,3.735484281e-13,1.664028977e-13,7.406099334e-14,6.751025343e-13,1.080853487e-13,5.197525378e-14,8.3015619e-14,2.914448907e-13,5.439555696e-14,1.170716588e-13,3.376906753e-13,1.808345317e-13,5.791568397e-14,4.468052684e-14,1.667366456e-13,1.012861207e-13
74.2265625,3.717437792e-13,1.405671849e-13,3.284831176e-13,2.389998314e-13,1.880568083e-13,3.922000042e-13,7.391965952e-14,2.530673362e-13,1.045853161e-13,1.385788437e-13,6.221589573e-14,4.817145892e-14,9.883759105e-14,3.343965038e-13,5.563414482e-13,7.243141111e-13,3.770273688e-13,1.706998313e-13,7.480401379e-14,6.804779031e-13,1.082091804e-13,5.229999759e-14,8.345104359e-14,2.929986496e-13,5.509054286e-14,1.180857725e-13,3.374544411e-13,1.82951469e-13,5.941314105e-14,4.384341214e-14,1.664033548e-13,1.018595212e-13
74.234375,3.744895381e-13,1.411059529e-13,3.309030541e-13,2.399431225e-13,1.891391754e-13,3.940746894e-13,7.394942895e-14,2.536460849e-13,1.044028921e-13,1.394706643e-13,6.417890546e-14,4.789735296e-14,9.93308636e-14,3.319869759e-13,5.644990388e-13,7.316792409e-13,3.804827834e-13,1.750753151e-13,7.562394082e-14,6.858137504e-13,1.084144102e-13,5.268353085e-14,8.386301042e-14,2.944330825e-13,5.581691792e-14,1.191514833e-13,3.371240493e-13,1.850327086e-13,6.108665026e-14,4.303207619e-14,1.663237073e-13,1.024864324e-13
74.2421875,3.7703251e-13,1.414824579e-13,3.337104395e-13,2.410362301e-13,1.900364172e-13,3.959292515e-13,7.405588285e-14,2.542280509e-13,1.042254993e-13,1.404070114e-13,6.619317195e-14,4.766380413e-14,9.978327712e-14,3.295649869e-13,5.728111055e-13,7.391362396e-13,3.839197555e-13,1.794543132e-13,7.638847079e-14,6.911022184e-13,1.086258735e-13,5.303834416e-14,8.424128194e-14,2.957260116e-13,5.654837945e-14,1.20307356e-13,3.367476077e-13,1.871253046e-13,6.289014564e-14,4.232238728e-14,1.662863381e-13,1.031923945e-13
74.25,3.796685317e-13,1.417460816e-13,3.368046019e-13,2.422458383e-13,1.908743556e-13,3.979072389e-13,7.417956306e-14,2.548295316e-13,1.040179632e-13,1.413971037e-13,6.829442208e-14,4.743790774e-14,1.001925118e-13,3.27219146e-13,5.812664531e-13,7.466651137e-13,3.874758897e-13,1.83897929e-13,7.714257019e-14,6.961521133e-13,1.089463472e-13,5.33508586e-14,8.45755303e-14,2.970410213e-13,5.727713069e-14,1.214378764e-13,3.36274166e-13,1.894286937e-13,6.477806929e-14,4.171667273e-14,1.661860282e-13,1.038743188e-13
74.2578125,3.827911757e-13,1.421206567e-13,3.400670346e-13,2.43286703e-13,1.919089258e-13,4.000569166e-13,7.428640772e-14,2.553676267e-13,1.038300265e-13,1.424745746e-13,7.049512276e-14,4.723912893e-14,1.006390288e-13,3.251781731e-13,5.896932189e-13,7.538968898e-13,3.909305058e-13,1.883709916e-13,7.800052394e-14,7.00719309e-13,1.094504724e-13,5.369007966e-14,8.485630263e-14,2.984108578e-13,5.799633094e-14,1.224911352e-13,3.356293746e-13,1.920072628e-13,6.682034965e-14,4.113760955e-14,1.661254333e-13,1.045097109e-13
74.265625,3.859488758e-13,1.423547845e-13,3.436082757e-13,2.442004209e-13,1.930735191e-13,4.022560565e-13,7.443142222e-14,2.558372975e-13,1.036721386e-13,1.436106145e-13,7.277452734e-14,4.710551899e-14,1.01158584e-13,3.233576618e-13,5.98157275e-13,7.607889285e-13,3.941196914e-13,1.928034065e-13,7.892453659e-14,7.047946085e-13,1.100385981e-13,5.405262376e-14,8.50958463e-14,2.997634465e-13,5.870960969e-14,1.235387455e-13,3.347424348e-13,1.946072309e-13,6.904831439e-14,4.059319601e-14,1.661805427e-13,1.051635074e-13
74.2734375,3.889151859e-13,1.425313382e-13,3.474897938e-13,2.451946078e-13,1.942997553e-13,4.044498115e-13,7.463353601e-14,2.562580469e-13,1.03512704e-13,1.447020544e-13,7.510853086e-14,4.706366023e-14,1.017479213e-13,3.216948504e-13,6.068096994e-13,7.676828372e-13,3.972722092e-13,1.973042525e-13,7.989204831e-14,7.086774451e-13,1.107035188e-13,5.440020727e-14,8.532849789e-14,3.010339536e-13,5.945143958e-14,1.246377907e-13,3.33688275e-13,1.971383456e-13,7.143414643e-14,4.013006882e-14,1.663802601e-13,1.058402467e-13
74.28125,3.921447486e-13,1.429266637e-13,3.514436469e-13,2.463220289e-13,1.955943212e-13,4.066429024e-13,7.48506209e-14,2.566046915e-13,1.033376999e-13,1.457264949e-13,7.746091811e-14,4.705075389e-14,1.023649681e-13,3.201737235e-13,6.154807641e-13,7.746050783e-13,4.004495901e-13,2.019491051e-13,8.091704072e-14,7.124993841e-13,1.114883118e-13,5.473882321e-14,8.556511521e-14,3.02169232e-13,6.022623847e-14,1.257875421e-13,3.325719182e-13,1.997622825e-13,7.39751292e-14,3.972254872e-14,1.666513785e-13,1.065413368e-13
74.2890625,3.95523558e-13,1.432962718e-13,3.5534034e-13,2.475219792e-13,1.967520174e-13,4.086859697e-13,7.506959853e-14,2.569158272e-13,1.031476644e-13,1.467543513e-13,7.985745635e-14,4.69820428e-14,1.029755181e-13,3.185951446e-13,6.241175095e-13,7.814349822e-13,4.034388064e-13,2.065648596e-13,8.191039628e-14,7.160801181e-13,1.12287934e-13,5.505511125e-14,8.57618713e-14,3.032097522e-13,6.100345936e-14,1.269418269e-13,3.312581956e-13,2.024051697e-13,7.66514242e-14,3.933635038e-14,1.668582259e-13,1.07301409e-13
74.296875,3.98593738e-13,1.436386828e-13,3.594834263e-13,2.486562081e-13,1.977233786e-13,4.105518019e-13,7.529636649e-14,2.572224893e-13,1.029550819e-13,1.478560047e-13,8.239197289e-14,4.692515233e-14,1.036411887e-13,3.169477091e-13,6.329472015e-13,7.88232777e-13,4.061620926e-13,2.110251762e-13,8.28729882e-14,7.193333522e-13,1.131110757e-13,5.53352798e-14,8.587456012e-14,3.042141613e-13,6.177713944e-14,1.280852721e-13,3.296370606e-13,2.049716125e-13,7.94775411e-14,3.898047596e-14,1.670495203e-13,1.080917956e-13
74.3046875,4.016868588e-13,1.441475021e-13,3.640330258e-13,2.497241791e-13,1.988397041e-13,4.124783938e-13,7.552772421e-14,2.57453698e-13,1.02758613e-13,1.490633955e-13,8.505592663e-14,4.697062664e-14,1.044195246e-13,3.154771458e-13,6.418782595e-13,7.948832897e-13,4.087007293e-13,2.154841242e-13,8.393127066e-14,7.222736749e-13,1.141102465e-13,5.561526559e-14,8.593253823e-14,3.05108498e-13,6.255777136e-14,1.29289543e-13,3.278965269e-13,2.076477067e-13,8.250203771e-14,3.86723626e-14,1.673190953e-13,1.088731047e-13
74.3125,4.051832971e-13,1.445031685e-13,3.687325433e-13,2.509942432e-13,2.002117625e-13,4.144860888e-13,7.577457551e-14,2.576076352e-13,1.025329516e-13,1.503127533e-13,8.774907243e-14,4.704513255e-14,1.052400112e-13,3.141999764e-13,6.507116101e-13,8.013482085e-13,4.112255543e-13,2.20122109e-13,8.506813283e-14,7.249356295e-13,1.152177357e-13,5.590103122e-14,8.598199996e-14,3.058458894e-13,6.335810505e-14,1.305632506e-13,3.262155708e-13,2.104485471e-13,8.566716875e-14,3.842266974e-14,1.676015295e-13,1.096659045e-13
74.3203125,4.087005444e-13,1.447045642e-13,3.735190538e-13,2.524771205e-13,2.015845752e-13,4.163701789e-13,7.604332357e-14,2.57776092e-13,1.022779669e-13,1.515029078e-13,9.050309046e-14,4.70883416e-14,1.060275122e-13,3.129578803e-13,6.596893359e-13,8.080384501e-13,4.138958728e-13,2.249365834e-13,8.620825727e-14,7.275181942e-13,1.162932484e-13,5.614988692e-14,8.598743414e-14,3.065172792e-13,6.41853245e-14,1.317972188e-13,3.245362609e-13,2.131867039e-13,8.89197823e-14,3.822979456e-14,1.678700955e-13,1.104763412e-13
74.328125,4.119622049e-13,1.451992757e-13,3.786440506e-13,2.538234297e-13,2.028567972e-13,4.181508833e-13,7.632503603e-14,2.579532022e-13,1.020133311e-13,1.526508559e-13,9.343204244e-14,4.716656064e-14,1.068241646e-13,3.117445769e-13,6.690181611e-13,8.151236481e-13,4.166156068e-13,2.298653922e-13,8.739380899e-14,7.300645512e-13,1.174204516e-13,5.635574016e-14,8.591062708e-14,3.071534661e-13,6.501873033e-14,1.329993877e-13,3.227431985e-13,2.158792357e-13,9.233227202e-14,3.808887772e-14,1.681520916e-13,1.113118637e-13
74.3359375,4.152549058e-13,1.458656704e-13,3.841116273e-13,2.550252188e-13,2.041753225e-13,4.199544366e-13,7.663604096e-14,2.580665126e-13,1.017442925e-13,1.538100571e-13,9.651295151e-14,4.731568715e-14,1.077284423e-13,3.106963682e-13,6.785984508e-13,8.223132614e-13,4.192181196e-13,2.349217794e-13,8.865376428e-14,7.322986441e-13,1.186738779e-13,5.655398686e-14,8.580590235e-14,3.076936189e-13,6.587453802e-14,1.343304042e-13,3.20879996e-13,2.185671232e-13,9.597473511e-14,3.801159181e-14,1.684617988e-13,1.122210257e-13
74.34375,4.187658386e-13,1.463917543e-13,3.898518574e-13,2.562987387e-13,2.056374461e-13,4.217723955e-13,7.700811786e-14,2.580850251e-13,1.014667861e-13,1.549491742e-13,9.967822198e-14,4.752174945e-14,1.08797454e-13,3.099725893e-13,6.884784753e-13,8.295376918e-13,4.218009403e-13,2.401609876e-13,8.99860509e-14,7.341251815e-13,1.199892697e-13,5.676014856e-14,8.57106845e-14,3.081692933e-13,6.681936491e-14,1.358404845e-13,3.191460678e-13,2.212077049e-13,9.990947906e-14,3.801017498e-14,1.689516023e-13,1.131971518e-13
74.3515625,4.224214112e-13,1.468932626e-13,3.960507567e-13,2.575126002e-13,2.07166952e-13,4.235906565e-13,7.742629398e-14,2.579811755e-13,1.011558805e-13,1.560758843e-13,1.029617553e-13,4.777852155e-14,1.099597412e-13,3.094971915e-13,6.986555833e-13,8.36868195e-13,4.245143254e-13,2.45556958e-13,9.140959961e-14,7.357204367e-13,1.213552592e-13,5.695189043e-14,8.558277855e-14,3.0865995e-13,6.783158446e-14,1.374376014e-13,3.175843627e-13,2.239276126e-13,1.041499221e-13,3.808996378e-14,1.696728776e-13,1.141821527e-13
74.359375,4.262465435e-13,1.475184657e-13,4.026237644e-13,2.586346036e-13,2.086678611e-13,4.254304679e-13,7.784250759e-14,2.577798503e-13,1.008010237e-13,1.572561368e-13,1.063694602e-13,4.806187276e-14,1.110613023e-13,3.089920789e-13,7.088214063e-13,8.44193209e-13,4.273124691e-13,2.510019032e-13,9.288183012e-14,7.372147079e-13,1.228033809e-13,5.711574658e-14,8.540925742e-14,3.091184228e-13,6.882260164e-14,1.390635763e-13,3.159641593e-13,2.268438812e-13,1.085316414e-13,3.824891205e-14,1.703720722e-13,1.151717524e-13
74.3671875,4.302872092e-13,1.482741663e-13,4.092478276e-13,2.59952298e-13,2.102149725e-13,4.273137991e-13,7.825663711e-14,2.575804961e-13,1.0045806e-13,1.584804721e-13,1.098421552e-13,4.837775696e-14,1.120926515e-13,3.08541352e-13,7.189658964e-13,8.515707658e-13,4.301156175e-13,2.564741568e-13,9.437152166e-14,7.385933297e-13,1.243363893e-13,5.728364833e-14,8.521523481e-14,3.094592297e-13,6.980578956e-14,1.407049316e-13,3.14201573e-13,2.298634983e-13,1.129746485e-13,3.846328917e-14,1.709914384e-13,1.161922771e-13
74.375,4.344035269e-13,1.490566803e-13,4.160367235e-13,2.614314589e-13,2.118861783e-13,4.292764658e-13,7.869968333e-14,2.573858274e-13,1.001569869e-13,1.597190154e-13,1.13382088e-13,4.875154196e-14,1.132005001e-13,3.084471223e-13,7.294118328e-13,8.591581849e-13,4.329064874e-13,2.620211941e-13,9.592272585e-14,7.39624563e-13,1.259699859e-13,5.747387455e-14,8.49939276e-14,3.097243507e-13,7.083809985e-14,1.423578764e-13,3.124569039e-13,2.329025221e-13,1.175930189e-13,3.872964359e-14,1.71774142e-13,1.172415089e-13
74.3828125,4.384760848e-13,1.49754613e-13,4.2315854e-13,2.628241915e-13,2.135814489e-13,4.312574389e-13,7.915775872e-14,2.571211448e-13,9.984165077e-14,1.609750834e-13,1.169949041e-13,4.913925294e-14,1.144228633e-13,3.085317674e-13,7.401167818e-13,8.668176823e-13,4.356361437e-13,2.675932084e-13,9.752537093e-14,7.401959302e-13,1.276854235e-13,5.764175004e-14,8.472673543e-14,3.099523381e-13,7.188780541e-14,1.440398501e-13,3.10728365e-13,2.359230988e-13,1.223588219e-13,3.907561572e-14,1.726975424e-13,1.182943568e-13
74.390625,4.425324259e-13,1.504544176e-13,4.304042534e-13,2.641551485e-13,2.152219116e-13,4.330927486e-13,7.961377775e-14,2.568178654e-13,9.947674015e-14,1.622098964e-13,1.206458697e-13,4.950359603e-14,1.156572898e-13,3.084456995e-13,7.508009333e-13,8.744068674e-13,4.382489406e-13,2.731228968e-13,9.913224028e-14,7.406481643e-13,1.294434841e-13,5.774716914e-14,8.439666373e-14,3.100611395e-13,7.292115772e-14,1.457345472e-13,3.089104215e-13,2.388423406e-13,1.27233889e-13,3.947685688e-14,1.735274869e-13,1.193389883e-13
74.3984375,4.465431044e-13,1.511536587e-13,4.378075758e-13,2.655328532e-13,2.167923781e-13,4.347480392e-13,8.00864245e-14,2.565090182e-13,9.908503686e-14,1.634220464e-13,1.243978715e-13,4.988554241e-14,1.168871577e-13,3.082734242e-13,7.614631568e-13,8.820074245e-13,4.407367868e-13,2.786382761e-13,1.007448713e-13,7.410832717e-13,1.312932883e-13,5.781316198e-14,8.401255271e-14,3.100496095e-13,7.397815155e-14,1.474382941e-13,3.07056735e-13,2.417031123e-13,1.323993315e-13,3.989466124e-14,1.742734747e-13,1.204240027e-13
74.40625,4.505294139e-13,1.518042022e-13,4.45605999e-13,2.670531652e-13,2.182774863e-13,4.364003548e-13,8.056602566e-14,2.561192402e-13,9.868921483e-14,1.646711361e-13,1.283307041e-13,5.032714995e-14,1.181937621e-13,3.082594695e-13,7.722166745e-13,8.896623158e-13,4.431399225e-13,2.841993655e-13,1.023841744e-13,7.411628405e-13,1.332724991e-13,5.788479044e-14,8.365028286e-14,3.100195208e-13,7.508788396e-14,1.492480952e-13,3.052349904e-13,2.446747158e-13,1.379005796e-13,4.037778247e-14,1.750715087e-13,1.215942649e-13
74.4140625,4.546994225e-13,1.526414231e-13,4.535900467e-13,2.687124246e-13,2.198189202e-13,4.381415044e-13,8.104154556e-14,2.556555701e-13,9.83043321e-14,1.658860286e-13,1.323414234e-13,5.082017232e-14,1.19561745e-13,3.084589752e-13,7.830015034e-13,8.97327133e-13,4.45551183e-13,2.89854822e-13,1.040844459e-13,7.410248666e-13,1.352817042e-13,5.796280593e-14,8.333295415e-14,3.099394848e-13,7.622741549e-14,1.512009367e-13,3.034870193e-13,2.47722779e-13,1.43619622e-13,4.096411141e-14,1.759434581e-13,1.228033203e-13
74.421875,4.58973921e-13,1.536676028e-13,4.615133846e-13,2.701904808e-13,2.21505035e-13,4.397697492e-13,8.154862509e-14,2.551975993e-13,9.792342073e-14,1.669571186e-13,1.363090885e-13,5.131785449e-14,1.209060519e-13,3.087943259e-13,7.936601759e-13,9.049308155e-13,4.479950259e-13,2.955739396e-13,1.058367738e-13,7.409607733e-13,1.372536213e-13,5.800278929e-14,8.295663128e-14,3.097585325e-13,7.737515451e-14,1.531648259e-13,3.018429077e-13,2.506288348e-13,1.495345726e-13,4.159597707e-14,1.768852875e-13,1.240010216e-13
74.4296875,4.630077943e-13,1.5461849e-13,4.695572422e-13,2.71409769e-13,2.231272755e-13,4.41126871e-13,8.207006905e-14,2.546779916e-13,9.751238114e-14,1.679811808e-13,1.403178632e-13,5.180754356e-14,1.222606886e-13,3.091477842e-13,8.041572418e-13,9.124368169e-13,4.5042823e-13,3.012841537e-13,1.07577428e-13,7.406010368e-13,1.392788374e-13,5.798759844e-14,8.248244746e-14,3.095678062e-13,7.854310006e-14,1.550625093e-13,3.002034824e-13,2.53413083e-13,1.555631988e-13,4.224804618e-14,1.778991668e-13,1.251889767e-13
74.4375,4.669433151e-13,1.555699489e-13,4.778357593e-13,2.727440602e-13,2.245913654e-13,4.423638279e-13,8.253307077e-14,2.540375677e-13,9.706646947e-14,1.690677761e-13,1.444895711e-13,5.232760395e-14,1.236717741e-13,3.094309916e-13,8.146318826e-13,9.200083728e-13,4.529546492e-13,3.070450327e-13,1.093210471e-13,7.39793693e-13,1.414076946e-13,5.794504837e-14,8.201228981e-14,3.093467264e-13,7.974837945e-14,1.570031543e-13,2.986030868e-13,2.562553345e-13,1.61668194e-13,4.296976772e-14,1.789090337e-13,1.263748015e-13
74.4453125,4.711442656e-13,1.565432342e-13,4.86302872e-13,2.742096088e-13,2.260604144e-13,4.436460935e-13,8.294721567e-14,2.534102014e-13,9.661704977e-14,1.701607538e-13,1.488043142e-13,5.285370107e-14,1.25041297e-13,3.096090924e-13,8.251609372e-13,9.277611121e-13,4.556322906e-13,3.128919201e-13,1.111053126e-13,7.389908119e-13,1.435780751e-13,5.789037201e-14,8.160378717e-14,3.089660751e-13,8.097732412e-14,1.590889279e-13,2.972181132e-13,2.590879614e-13,1.680332516e-13,4.377518117e-14,1.798479681e-13,1.276138948e-13
74.453125,4.754146762e-13,1.574034061e-13,4.951681425e-13,2.756258508e-13,2.275941631e-13,4.450013973e-13,8.337692109e-14,2.528487281e-13,9.617760202e-14,1.712929863e-13,1.532298837e-13,5.337346325e-14,1.263809353e-13,3.097899293e-13,8.357362925e-13,9.355326527e-13,4.582495037e-13,3.187123795e-13,1.129102856e-13,7.382048768e-13,1.4582971e-13,5.783268518e-14,8.120812123e-14,3.085045819e-13,8.22174058e-14,1.612453641e-13,2.958656817e-13,2.618637834e-13,1.746651697e-13,4.463400299e-14,1.808068382e-13,1.289467628e-13
74.4609375,4.794630087e-13,1.583833383e-13,5.045174129e-13,2.772072312e-13,2.29167553e-13,4.46420322e-13,8.382962916e-14,2.522187191e-13,9.572492694e-14,1.725808634e-13,1.577900341e-13,5.398146778e-14,1.278744187e-13,3.102004241e-13,8.464173931e-13,9.432559973e-13,4.607388802e-13,3.245188977e-13,1.147639507e-13,7.371921901e-13,1.482459428e-13,5.778179857e-14,8.076401456e-14,3.080815271e-13,8.348589383e-14,1.633341191e-13,2.943353995e-13,2.647680462e-13,1.814094006e-13,4.552345778e-14,1.818989494e-13,1.302860795e-13
74.46875,4.834856296e-13,1.595007322e-13,5.138680311e-13,2.78951917e-13,2.307617077e-13,4.47774284e-13,8.427694213e-14,2.515057819e-13,9.523466081e-14,1.738916282e-13,1.624302261e-13,5.464756476e-14,1.294842554e-13,3.107873351e-13,8.571044156e-13,9.509790543e-13,4.632310749e-13,3.303761947e-13,1.166496764e-13,7.36119165e-13,1.507235469e-13,5.770217788e-14,8.024505213e-14,3.076077322e-13,8.477632927e-14,1.653803775e-13,2.928953565e-13,2.67695357e-13,1.883130497e-13,4.64274824e-14,1.830534193e-13,1.315928708e-13
74.4765625,4.876888334e-13,1.60484651e-13,5.229007344e-13,2.805555095e-13,2.322748099e-13,4.489371064e-13,8.470059757e-14,2.508098533e-13,9.472004907e-14,1.749852296e-13,1.670620208e-13,5.524974466e-14,1.310217211e-13,3.112554201e-13,8.676171225e-13,9.586078415e-13,4.65669167e-13,3.362092076e-13,1.184762398e-13,7.349364739e-13,1.531808954e-13,5.756934367e-14,7.968418748e-14,3.070198532e-13,8.606604723e-14,1.675367831e-13,2.91691626e-13,2.703725296e-13,1.954335612e-13,4.735284814e-14,1.841670711e-13,1.329538378e-13
74.484375,4.919054982e-13,1.616175024e-13,5.320128196e-13,2.821216563e-13,2.336338802e-13,4.499650688e-13,8.509350574e-14,2.500896178e-13,9.419460544e-14,1.758845433e-13,1.717452602e-13,5.585790632e-14,1.325242207e-13,3.115777526e-13,8.780976443e-13,9.662276928e-13,4.680681385e-13,3.420197168e-13,1.202958454e-13,7.334062792e-13,1.557486123e-13,5.741962803e-14,7.914160499e-14,3.063712962e-13,8.73738691e-14,1.698134416e-13,2.904991789e-13,2.729544783e-13,2.027861839e-13,4.833139068e-14,1.852543766e-13,1.343533577e-13
74.4921875,4.959117253e-13,1.630350345e-13,5.414850234e-13,2.837946443e-13,2.348183449e-13,4.508997808e-13,8.546729688e-14,2.49276941e-13,9.363747959e-14,1.76754774e-13,1.765704701e-13,5.650728719e-14,1.340670099e-13,3.118557359e-13,8.886115532e-13,9.740219682e-13,4.705585145e-13,3.477787894e-13,1.221395218e-13,7.318551782e-13,1.584639767e-13,5.726101181e-14,7.861046393e-14,3.056786812e-13,8.869484549e-14,1.72059679e-13,2.892229168e-13,2.755699505e-13,2.103893779e-13,4.936779793e-14,1.863080915e-13,1.357125939e-13
74.5,4.997989883e-13,1.642357297e-13,5.509951223e-13,2.854216855e-13,2.358753733e-13,4.517836117e-13,8.58492046e-14,2.484470183e-13,9.306130401e-14,1.776483129e-13,1.814503021e-13,5.707502792e-14,1.356024559e-13,3.121092024e-13,8.98902938e-13,9.817612304e-13,4.729665264e-13,3.533478593e-13,1.238797052e-13,7.305144076e-13,1.611952065e-13,5.707156298e-14,7.804615876e-14,3.049747564e-13,8.999043039e-14,1.742208504e-13,2.878716618e-13,2.779901843e-13,2.180191812e-13,5.043362223e-14,1.873367266e-13,1.370759806e-13
74.5078125,5.038069563e-13,1.652603377e-13,5.603811807e-13,2.87064358e-13,2.37024709e-13,4.527380638e-13,8.625943834e-14,2.476674448e-13,9.250530087e-14,1.785579033e-13,1.862802819e-13,5.7647331e-14,1.371903746e-13,3.125323124e-13,9.090201117e-13,9.89204099e-13,4.75193612e-13,3.588927085e-13,1.255718128e-13,7.289031812e-13,1.639424146e-13,5.686835321e-14,7.745294583e-14,3.042662822e-13,9.130285282e-14,1.76392757e-13,2.865330024e-13,2.802546645e-13,2.256374738e-13,5.151127866e-14,1.884448187e-13,1.384827887e-13
74.515625,5.07789961e-13,1.665755516e-13,5.699086135e-13,2.888499761e-13,2.382956101e-13,4.536547605e-13,8.668213509e-14,2.469178718e-13,9.194430203e-14,1.794903206e-13,1.911524567e-13,5.838236769e-14,1.388975888e-13,3.131800867e-13,9.192413019e-13,9.965876112e-13,4.774186322e-13,3.645912562e-13,1.273608639e-13,7.267965278e-13,1.668060745e-13,5.665042806e-14,7.683253582e-14,3.034463596e-13,9.267984635e-14,1.786469495e-13,2.85425544e-13,2.825962902e-13,2.336509008e-13,5.261123949e-14,1.896169433e-13,1.399001615e-13
74.5234375,5.114212911e-13,1.681194189e-13,5.797141868e-13,2.90667338e-13,2.393808671e-13,4.543323381e-13,8.707631515e-14,2.461879229e-13,9.13561862e-14,1.804318552e-13,1.962112197e-13,5.917272142e-14,1.406424621e-13,3.13705546e-13,9.296062361e-13,1.004310476e-12,4.796122865e-13,3.702098738e-13,1.291515588e-13,7.246986634e-13,1.698149625e-13,5.638713629e-14,7.61611042e-14,3.025397004e-13,9.406693729e-14,1.809818233e-13,2.844625534e-13,2.84938897e-13,2.420744602e-13,5.375935077e-14,1.907281086e-13,1.413681811e-13
74.53125,5.148578251e-13,1.697268762e-13,5.896478305e-13,2.924504478e-13,2.40200957e-13,4.548350634e-13,8.744132317e-14,2.454641665e-13,9.079245551e-14,1.813583603e-13,2.014197866e-13,5.991388567e-14,1.423828203e-13,3.139560528e-13,9.400741008e-13,1.012522443e-12,4.817768231e-13,3.75678813e-13,1.308646898e-13,7.229141648e-13,1.729660192e-13,5.608865251e-14,7.549000618e-14,3.016832188e-13,9.545235885e-14,1.833885205e-13,2.834790113e-13,2.871788683e-13,2.505665476e-13,5.495153135e-14,1.917443835e-13,1.429556282e-13
74.5390625,5.184172126e-13,1.713313848e-13,5.994572788e-13,2.941100131e-13,2.409452186e-13,4.552349884e-13,8.780481588e-14,2.44698974e-13,9.026173938e-14,1.822514894e-13,2.065853053e-13,6.064047661e-14,1.441073865e-13,3.140781444e-13,9.503656791e-13,1.02084262e-12,4.840791244e-13,3.811728965e-13,1.32557421e-13,7.21012643e-13,1.761839438e-13,5.577171394e-14,7.489634575e-14,3.007715978e-13,9.689310591e-14,1.858197201e-13,2.827142055e-13,2.893134629e-13,2.592196677e-13,5.613425901e-14,1.926322839e-13,1.446280936e-13
74.546875,5.220142787e-13,1.727535821e-13,6.09095187e-13,2.955636224e-13,2.416625287e-13,4.555419217e-13,8.814040641e-14,2.438782674e-13,8.969427604e-14,1.830935711e-13,2.116358162e-13,6.135090017e-14,1.457806741e-13,3.141067788e-13,9.600733112e-13,1.028753029e-12,4.864052045e-13,3.866056573e-13,1.342297149e-13,7.185359804e-13,1.793748382e-13,5.543247361e-14,7.434307947e-14,2.996630283e-13,9.835414283e-14,1.88206905e-13,2.822880911e-13,2.912695538e-13,2.681959734e-13,5.729666996e-14,1.933948671e-13,1.462937719e-13
74.5546875,5.254274603e-13,1.741567846e-13,6.189244365e-13,2.970668051e-13,2.423309348e-13,4.558485728e-13,8.840282445e-14,2.430220419e-13,8.906127303e-14,1.838986925e-13,2.167699444e-13,6.207849414e-14,1.474673304e-13,3.140766149e-13,9.694643966e-13,1.036472811e-12,4.887222214e-13,3.919097199e-13,1.359207831e-13,7.157335511e-13,1.826598125e-13,5.508363581e-14,7.378464062e-14,2.985008173e-13,9.978302102e-14,1.906152987e-13,2.821114964e-13,2.931415054e-13,2.773862307e-13,5.851904952e-14,1.941944787e-13,1.479228138e-13
74.5625,5.285869037e-13,1.757654436e-13,6.291081385e-13,2.987473858e-13,2.429052242e-13,4.56048852e-13,8.862024573e-14,2.4212213e-13,8.839924415e-14,1.847212009e-13,2.221323693e-13,6.285061678e-14,1.491843917e-13,3.140322653e-13,9.789826945e-13,1.044423908e-12,4.911923262e-13,3.971649921e-13,1.376668373e-13,7.130307119e-13,1.862015562e-13,5.472349184e-14,7.328359509e-14,2.973742636e-13,1.012287743e-13,1.931627871e-13,2.823084385e-13,2.951043104e-13,2.867559641e-13,5.983903239e-14,1.950668378e-13,1.495794607e-13
74.5703125,5.316608261e-13,1.773712997e-13,6.392729637e-13,3.002774815e-13,2.433329642e-13,4.560097259e-13,8.885758541e-14,2.411609711e-13,8.773044416e-14,1.855769012e-13,2.275738984e-13,6.357884992e-14,1.508366178e-13,3.138982208e-13,9.884425259e-13,1.052421987e-12,4.936833548e-13,4.023628664e-13,1.393806838e-13,7.102481763e-13,1.898793963e-13,5.432534189e-14,7.284381839e-14,2.961646895e-13,1.027350905e-13,1.95783795e-13,2.827870171e-13,2.970615064e-13,2.962631056e-13,6.118767448e-14,1.95853741e-13,1.513059235e-13
74.578125,5.349176303e-13,1.789591786e-13,6.493181787e-13,3.0155145e-13,2.437321043e-13,4.559223615e-13,8.912342129e-14,2.401698041e-13,8.70314779e-14,1.863982874e-13,2.329924139e-13,6.425271026e-14,1.524557926e-13,3.136993733e-13,9.977633487e-13,1.060443132e-12,4.962234409e-13,4.076310162e-13,1.410613681e-13,7.071342132e-13,1.935168106e-13,5.388132941e-14,7.236277065e-14,2.948875725e-13,1.042891212e-13,1.983690482e-13,2.832736395e-13,2.988725229e-13,3.058962518e-13,6.253046982e-14,1.965503961e-13,1.530525294e-13
74.5859375,5.381438838e-13,1.806096407e-13,6.595279077e-13,3.02864446e-13,2.441226255e-13,4.558419869e-13,8.937476278e-14,2.392039291e-13,8.628794212e-14,1.871485266e-13,2.384986933e-13,6.493305017e-14,1.541003149e-13,3.134844193e-13,1.007077141e-12,1.068665849e-12,4.990064924e-13,4.129931856e-13,1.427312305e-13,7.038779872e-13,1.971766262e-13,5.339680776e-14,7.184098087e-14,2.936343063e-13,1.058709571e-13,2.009600643e-13,2.839095745e-13,3.005228302e-13,3.157568697e-13,6.390421735e-14,1.97288992e-13,1.548010369e-13
74.59375,5.409604239e-13,1.819905887e-13,6.698174071e-13,3.043684896e-13,2.443664591e-13,4.556230573e-13,8.959190892e-14,2.382564167e-13,8.553513508e-14,1.878921266e-13,2.440954636e-13,6.559457434e-14,1.557269397e-13,3.132022923e-13,1.016059121e-12,1.076650137e-12,5.017033009e-13,4.181134393e-13,1.442954329e-13,7.005589046e-13,2.009738893e-13,5.289759996e-14,7.136752719e-14,2.923437427e-13,1.074564508e-13,2.035779995e-13,2.848026305e-13,3.01963467e-13,3.256807561e-13,6.529537281e-14,1.981177521e-13,1.565844869e-13
74.6015625,5.436079438e-13,1.8322003e-13,6.799324613e-13,3.059743399e-13,2.445496106e-13,4.553575505e-13,8.978890933e-14,2.372811613e-13,8.479016934e-14,1.886493741e-13,2.496614742e-13,6.625402289e-14,1.573730363e-13,3.129089856e-13,1.024548243e-12,1.084161279e-12,5.041915098e-13,4.229629053e-13,1.457906416e-13,6.971576122e-13,2.049003913e-13,5.241670539e-14,7.094498125e-14,2.909932281e-13,1.090377006e-13,2.061778098e-13,2.857728386e-13,3.032051202e-13,3.35583153e-13,6.666861976e-14,1.989781195e-13,1.583736934e-13
74.609375,5.46242667e-13,1.849117665e-13,6.899538814e-13,3.076091016e-13,2.446485999e-13,4.550505211e-13,8.996312754e-14,2.363113119e-13,8.40205918e-14,1.89358709e-13,2.552130705e-13,6.696783588e-14,1.590612614e-13,3.12565615e-13,1.032913246e-12,1.091774297e-12,5.069577094e-13,4.277955386e-13,1.472968881e-13,6.939451076e-13,2.089265939e-13,5.191384977e-14,7.053874476e-14,2.896708545e-13,1.10628017e-13,2.087911161e-13,2.868780246e-13,3.043554716e-13,3.457436071e-13,6.806211685e-14,1.997279171e-13,1.601393467e-13
74.6171875,5.485512456e-13,1.86972908e-13,7.001118242e-13,3.093710805e-13,2.443818824e-13,4.545762283e-13,9.011760201e-14,2.354121351e-13,8.322952832e-14,1.900406959e-13,2.608789586e-13,6.771416567e-14,1.607363876e-13,3.120232239e-13,1.041431535e-12,1.099919058e-12,5.101433259e-13,4.326350905e-13,1.487492172e-13,6.909706504e-13,2.130501791e-13,5.133583717e-14,7.015053042e-14,2.883908844e-13,1.122574473e-13,2.114608182e-13,2.8824821e-13,3.054841449e-13,3.56098092e-13,6.950769746e-14,2.003680023e-13,1.619255283e-13
74.625,5.50749095e-13,1.88987318e-13,7.105484777e-13,3.113566069e-13,2.439049084e-13,4.541460225e-13,9.029684615e-14,2.34543543e-13,8.245391916e-14,1.907457832e-13,2.667195842e-13,6.849112482e-14,1.624792345e-13,3.115047849e-13,1.050243495e-12,1.108622894e-12,5.136064818e-13,4.376002244e-13,1.502051639e-13,6.879568145e-13,2.17270294e-13,5.073578615e-14,6.976890741e-14,2.871180643e-13,1.1397568e-13,2.141935728e-13,2.898304608e-13,3.066276422e-13,3.664686046e-13,7.097387217e-14,2.011464393e-13,1.637699251e-13
74.6328125,5.531826251e-13,1.909995351e-13,7.211060166e-13,3.13330066e-13,2.435462638e-13,4.538149751e-13,9.051475683e-14,2.336480909e-13,8.169707813e-14,1.914199721e-13,2.726162326e-13,6.928938539e-14,1.642923913e-13,3.112083078e-13,1.059191977e-12,1.117670613e-12,5.172499131e-13,4.427134262e-13,1.517293041e-13,6.848977725e-13,2.216078203e-13,5.017011219e-14,6.939261388e-14,2.858351296e-13,1.157429352e-13,2.169755312e-13,2.916012501e-13,3.07695068e-13,3.770842713e-13,7.245170425e-14,2.021207589e-13,1.656726971e-13
74.640625,5.554609964e-13,1.929551335e-13,7.314193578e-13,3.150400969e-13,2.431423942e-13,4.532374488e-13,9.071911376e-14,2.327662021e-13,8.095470566e-14,1.920479506e-13,2.783914428e-13,7.003727959e-14,1.659656876e-13,3.108209646e-13,1.067718541e-12,1.126587457e-12,5.207867938e-13,4.475519451e-13,1.531422004e-13,6.819246932e-13,2.2606013e-13,4.959962184e-14,6.904359339e-14,2.845116129e-13,1.174413156e-13,2.197244135e-13,2.935154708e-13,3.08500083e-13,3.878401173e-13,7.395986806e-14,2.030565065e-13,1.675933256e-13
74.6484375,5.574382432e-13,1.947315117e-13,7.41458474e-13,3.166954056e-13,2.425702535e-13,4.524578281e-13,9.087221376e-14,2.319209297e-13,8.023020091e-14,1.927056302e-13,2.840821285e-13,7.074848167e-14,1.675046572e-13,3.101876862e-13,1.075749336e-12,1.135297138e-12,5.242379044e-13,4.520329023e-13,1.543992029e-13,6.790263564e-13,2.305656706e-13,4.900271232e-14,6.870743137e-14,2.831496669e-13,1.190840599e-13,2.224238809e-13,2.955361968e-13,3.091061788e-13,3.98391877e-13,7.548023221e-14,2.03874034e-13,1.694725233e-13
74.65625,5.594534069e-13,1.965228939e-13,7.513777881e-13,3.18518491e-13,2.419514971e-13,4.51743751e-13,9.100034462e-14,2.310772288e-13,7.950945629e-14,1.933944434e-13,2.897956043e-13,7.145496119e-14,1.690740044e-13,3.095076209e-13,1.083608536e-12,1.143968617e-12,5.278167955e-13,4.564006959e-13,1.556271612e-13,6.761163268e-13,2.35120346e-13,4.840771179e-14,6.836649985e-14,2.817641724e-13,1.207576841e-13,2.251383571e-13,2.976435893e-13,3.097089202e-13,4.088674511e-13,7.698352768e-14,2.046414195e-13,1.713351087e-13
74.6640625,5.613185583e-13,1.983113753e-13,7.611248888e-13,3.203402326e-13,2.411817622e-13,4.509490238e-13,9.115545704e-14,2.302527205e-13,7.877812089e-14,1.940666031e-13,2.954504872e-13,7.210948241e-14,1.706207704e-13,3.087735527e-13,1.091177527e-12,1.152327344e-12,5.313034748e-13,4.605033419e-13,1.567635296e-13,6.729374323e-13,2.39815739e-13,4.779838819e-14,6.803112337e-14,2.803479651e-13,1.224361298e-13,2.277771348e-13,2.997027639e-13,3.102286211e-13,4.193048141e-13,7.846823028e-14,2.053446199e-13,1.73217489e-13
74.671875,5.628190759e-13,2.000208972e-13,7.707317537e-13,3.220262475e-13,2.402499219e-13,4.49963044e-13,9.132344389e-14,2.294497432e-13,7.80204385e-14,1.947220124e-13,3.010050322e-13,7.274357673e-14,1.720707031e-13,3.079287542e-13,1.098317576e-12,1.160276938e-12,5.346888705e-13,4.642765805e-13,1.577705213e-13,6.693846115e-13,2.447081195e-13,4.715118932e-14,6.769177744e-14,2.789436531e-13,1.240642455e-13,2.302428879e-13,3.018279004e-13,3.105329082e-13,4.296010513e-13,7.995425905e-14,2.059981452e-13,1.750439842e-13
74.6796875,5.642440921e-13,2.019265381e-13,7.802057569e-13,3.23694933e-13,2.393653413e-13,4.489111926e-13,9.142051365e-14,2.285882634e-13,7.722787569e-14,1.953754133e-13,3.064990128e-13,7.341096326e-14,1.734472002e-13,3.070699537e-13,1.105055078e-12,1.167952749e-12,5.381344446e-13,4.678843072e-13,1.587530528e-13,6.656779336e-13,2.497823779e-13,4.650039716e-14,6.734975493e-14,2.775458821e-13,1.256148619e-13,2.326138636e-13,3.042285233e-13,3.107412345e-13,4.3997003e-13,8.146607308e-14,2.066415225e-13,1.767857284e-13
74.6875,5.655643105e-13,2.039452888e-13,7.893693531e-13,3.25450661e-13,2.384198945e-13,4.477858395e-13,9.14697604e-14,2.276826674e-13,7.643328398e-14,1.960492367e-13,3.118404054e-13,7.406620197e-14,1.747385293e-13,3.062203192e-13,1.111342348e-12,1.175269577e-12,5.414197452e-13,4.71210931e-13,1.596892591e-13,6.617924198e-13,2.54981465e-13,4.586749667e-14,6.704710032e-14,2.760464075e-13,1.27094746e-13,2.349057558e-13,3.066324729e-13,3.109326456e-13,4.50334104e-13,8.299286541e-14,2.073028916e-13,1.785285994e-13
74.6953125,5.665890675e-13,2.05751771e-13,7.98428815e-13,3.272584013e-13,2.37234641e-13,4.466234819e-13,9.160291419e-14,2.268437301e-13,7.565323503e-14,1.967188433e-13,3.170749237e-13,7.472129089e-14,1.760369973e-13,3.054706018e-13,1.11761974e-12,1.182738729e-12,5.4485126e-13,4.743771787e-13,1.605643046e-13,6.577622686e-13,2.602092477e-13,4.523111096e-14,6.679253312e-14,2.744918896e-13,1.286272597e-13,2.371375475e-13,3.08968313e-13,3.109794448e-13,4.605537068e-13,8.450034614e-14,2.081139511e-13,1.802918716e-13
74.703125,5.675659542e-13,2.07587915e-13,8.076751593e-13,3.290148158e-13,2.35935302e-13,4.455069473e-13,9.180239697e-14,2.260472689e-13,7.484158575e-14,1.97315767e-13,3.224273669e-13,7.541549638e-14,1.774341831e-13,3.049024726e-13,1.124215204e-12,1.190882815e-12,5.489226005e-13,4.777362633e-13,1.614421793e-13,6.540395722e-13,2.654672e-13,4.458606089e-14,6.655340024e-14,2.730141096e-13,1.302678e-13,2.394703353e-13,3.116374241e-13,3.108439078e-13,4.7104647e-13,8.600025142e-14,2.090970667e-13,1.820389909e-13
74.7109375,5.685411338e-13,2.096601791e-13,8.168068568e-13,3.307348533e-13,2.345518746e-13,4.44320911e-13,9.194271506e-14,2.252013781e-13,7.396203125e-14,1.979113867e-13,3.278330351e-13,7.607925126e-14,1.787908321e-13,3.042623479e-13,1.130429226e-12,1.198906765e-12,5.530850105e-13,4.810370582e-13,1.622300861e-13,6.504519272e-13,2.708677942e-13,4.393155221e-14,6.63196717e-14,2.714773037e-13,1.318707778e-13,2.418451369e-13,3.144844933e-13,3.106463554e-13,4.817347208e-13,8.751411478e-14,2.100446618e-13,1.837700245e-13
74.71875,5.692274884e-13,2.117210789e-13,8.255813462e-13,3.325509376e-13,2.329785734e-13,4.430711042e-13,9.203587719e-14,2.243461959e-13,7.304331972e-14,1.986193118e-13,3.330877225e-13,7.668877791e-14,1.800323311e-13,3.033721463e-13,1.135867499e-12,1.206249004e-12,5.569542804e-13,4.839245402e-13,1.628541083e-13,6.463857064e-13,2.763656978e-13,4.325197523e-14,6.609630107e-14,2.697460629e-13,1.33379185e-13,2.44017591e-13,3.171264212e-13,3.104241787e-13,4.919843278e-13,8.900380698e-14,2.109332763e-13,1.85455909e-13
74.7265625,5.696825257e-13,2.136331016e-13,8.341429264e-13,3.343574128e-13,2.31292892e-13,4.418583077e-13,9.213273451e-14,2.235329127e-13,7.217014796e-14,1.993787871e-13,3.38228174e-13,7.729356605e-14,1.812465921e-13,3.024084375e-13,1.140980508e-12,1.213442163e-12,5.609126895e-13,4.865313657e-13,1.633995182e-13,6.420980782e-13,2.818243978e-13,4.257149179e-14,6.587746835e-14,2.68039134e-13,1.348739075e-13,2.459950518e-13,3.198002207e-13,3.101058115e-13,5.019229093e-13,9.044444398e-14,2.11959007e-13,1.870650201e-13
74.734375,5.70077998e-13,2.152647944e-13,8.424724682e-13,3.358894353e-13,2.295714502e-13,4.405169206e-13,9.221480742e-14,2.227352128e-13,7.139829418e-14,2.00176621e-13,3.43297959e-13,7.786543168e-14,1.823906013e-13,3.014724157e-13,1.145840141e-12,1.220517919e-12,5.648663374e-13,4.889187182e-13,1.638511555e-13,6.379750404e-13,2.873328972e-13,4.192609295e-14,6.566505179e-14,2.665145007e-13,1.363559439e-13,2.478989105e-13,3.226412095e-13,3.09639123e-13,5.119113686e-13,9.188578557e-14,2.130998549e-13,1.886242411e-13
74.7421875,5.703433427e-13,2.166506506e-13,8.505524084e-13,3.37314746e-13,2.277286711e-13,4.39013503e-13,9.232555324e-14,2.219943171e-13,7.064486182e-14,2.010878968e-13,3.482491962e-13,7.83942454e-14,1.834377623e-13,3.005764045e-13,1.150529523e-12,1.227429043e-12,5.687910986e-13,4.91097769e-13,1.641758223e-13,6.337793715e-13,2.930017722e-13,4.128460491e-14,6.548105118e-14,2.65018173e-13,1.378334522e-13,2.497472948e-13,3.254222953e-13,3.090231992e-13,5.217996818e-13,9.336994175e-14,2.142157395e-13,1.901532144e-13
74.75,5.705133968e-13,2.183985352e-13,8.585068591e-13,3.391490711e-13,2.256951042e-13,4.376206485e-13,9.249995613e-14,2.21378509e-13,6.980751431e-14,2.019695309e-13,3.531233005e-13,7.897363406e-14,1.845378918e-13,2.998248835e-13,1.155545702e-12,1.234871227e-12,5.732332029e-13,4.933307555e-13,1.645078895e-13,6.296661324e-13,2.98723638e-13,4.061529929e-14,6.535314139e-14,2.634933817e-13,1.393550787e-13,2.51597687e-13,3.28227236e-13,3.08359461e-13,5.316861774e-13,9.487215139e-14,2.153935151e-13,1.916775846e-13
74.7578125,5.707103532e-13,2.206646468e-13,8.663024041e-13,3.414741193e-13,2.235159944e-13,4.363739375e-13,9.266077427e-14,2.208462588e-13,6.894440308e-14,2.027106281e-13,3.579504118e-13,7.96533505e-14,1.857175269e-13,2.991576052e-13,1.160687206e-12,1.242828896e-12,5.780655566e-13,4.956761446e-13,1.64894764e-13,6.259463467e-13,3.044657838e-13,3.995526024e-14,6.527449056e-14,2.620285179e-13,1.408771523e-13,2.534884649e-13,3.312226694e-13,3.077766847e-13,5.417711597e-13,9.634030081e-14,2.167269203e-13,1.93246048e-13
74.765625,5.708365115e-13,2.228488978e-13,8.738991386e-13,3.438073144e-13,2.213161963e-13,4.350888085e-13,9.278414803e-14,2.203357609e-13,6.813111767e-14,2.035135845e-13,3.626947747e-13,8.037365533e-14,1.868433348e-13,2.984023478e-13,1.16542797e-12,1.250550107e-12,5.827560344e-13,4.978956854e-13,1.652252093e-13,6.221345377e-13,3.103100328e-13,3.93214869e-14,6.518737708e-14,2.605662853e-13,1.423627868e-13,2.55330366e-13,3.342546321e-13,3.071790207e-13,5.517391109e-13,9.774206044e-14,2.180744946e-13,1.948155949e-13
74.7734375,5.707375878e-13,2.248612015e-13,8.811824177e-13,3.458794517e-13,2.191239544e-13,4.33687742e-13,9.291783548e-14,2.198397051e-13,6.731320924e-14,2.044561053e-13,3.673307743e-13,8.105505588e-14,1.87882919e-13,2.975673144e-13,1.169856495e-12,1.257841303e-12,5.87319744e-13,4.998238121e-13,1.654776857e-13,6.178210977e-13,3.161901358e-13,3.867649984e-14,6.505142958e-14,2.59042087e-13,1.438208739e-13,2.570194574e-13,3.371067791e-13,3.063576909e-13,5.613225898e-13,9.908860827e-14,2.193615492e-13,1.962776979e-13
74.78125,5.704148804e-13,2.269198232e-13,8.879095634e-13,3.479779241e-13,2.167793285e-13,4.321562842e-13,9.305058206e-14,2.193652986e-13,6.645299151e-14,2.053863437e-13,3.718203827e-13,8.167437339e-14,1.888806216e-13,2.967114586e-13,1.174042182e-12,1.26484222e-12,5.918976104e-13,5.014609983e-13,1.656911919e-13,6.133686578e-13,3.220715041e-13,3.801532074e-14,6.489565495e-14,2.575056923e-13,1.452243335e-13,2.585137255e-13,3.397771268e-13,3.053409922e-13,5.705823768e-13,1.004213961e-13,2.207422235e-13,1.976110021e-13
74.7890625,5.699792154e-13,2.288009294e-13,8.942004779e-13,3.502686157e-13,2.142415362e-13,4.30576772e-13,9.317662716e-14,2.189450089e-13,6.55918426e-14,2.063222276e-13,3.761587801e-13,8.225432403e-14,1.897988375e-13,2.958157425e-13,1.177873804e-12,1.271779601e-12,5.966547176e-13,5.029693677e-13,1.658210007e-13,6.091301155e-13,3.280339765e-13,3.736441133e-14,6.476186252e-14,2.559456877e-13,1.465931213e-13,2.598742173e-13,3.425081028e-13,3.04273742e-13,5.79555011e-13,1.017550095e-13,2.222217202e-13,1.988719976e-13
74.796875,5.695284369e-13,2.305640076e-13,9.002231266e-13,3.524832327e-13,2.11693611e-13,4.289895945e-13,9.331446094e-14,2.185922913e-13,6.474474362e-14,2.073197554e-13,3.803542365e-13,8.280667959e-14,1.90538495e-13,2.9485961e-13,1.181406668e-12,1.278836341e-12,6.017131838e-13,5.044338279e-13,1.65812932e-13,6.049917473e-13,3.339503927e-13,3.672101726e-14,6.46577016e-14,2.543629266e-13,1.479511277e-13,2.612056033e-13,3.454024619e-13,3.031344435e-13,5.882388416e-13,1.030622704e-13,2.235954307e-13,2.001138506e-13
74.8046875,5.68961708e-13,2.325269028e-13,9.058146468e-13,3.545586916e-13,2.091631051e-13,4.271803116e-13,9.342589817e-14,2.182702806e-13,6.390885568e-14,2.082970817e-13,3.843941168e-13,8.333312299e-14,1.910784118e-13,2.938096581e-13,1.184557536e-12,1.28562874e-12,6.066890464e-13,5.05677477e-13,1.656754254e-13,6.007298762e-13,3.39659957e-13,3.607176983e-14,6.457034511e-14,2.528319519e-13,1.492336101e-13,2.624890509e-13,3.482270992e-13,3.018533969e-13,5.965897967e-13,1.043457614e-13,2.249033729e-13,2.013600192e-13
74.8125,5.680555947e-13,2.344648766e-13,9.110738589e-13,3.566708052e-13,2.065084729e-13,4.251077816e-13,9.349741859e-14,2.179961283e-13,6.309142954e-14,2.093283129e-13,3.88366206e-13,8.381324349e-14,1.914943579e-13,2.92635496e-13,1.187348637e-12,1.291983718e-12,6.113727666e-13,5.066456921e-13,1.654447674e-13,5.96400302e-13,3.453035609e-13,3.54176631e-14,6.446035843e-14,2.512598783e-13,1.504358527e-13,2.636222395e-13,3.508894941e-13,3.004924312e-13,6.045080943e-13,1.056564761e-13,2.263199065e-13,2.025621935e-13
74.8203125,5.668539894e-13,2.361240034e-13,9.160990899e-13,3.586267138e-13,2.037508251e-13,4.230246938e-13,9.357982689e-14,2.177935119e-13,6.22627522e-14,2.105542624e-13,3.922891668e-13,8.417252895e-14,1.918049177e-13,2.91335617e-13,1.190025503e-12,1.298340101e-12,6.161081915e-13,5.07467758e-13,1.651383127e-13,5.921264746e-13,3.509848347e-13,3.475516605e-14,6.429483884e-14,2.495014049e-13,1.516109608e-13,2.645614479e-13,3.534704438e-13,2.99151228e-13,6.119710375e-13,1.069839436e-13,2.276983474e-13,2.036337774e-13
74.828125,5.656040394e-13,2.376793634e-13,9.205761141e-13,3.602989859e-13,2.009631233e-13,4.209177765e-13,9.368115322e-14,2.175840744e-13,6.138784503e-14,2.118498035e-13,3.959997796e-13,8.442845046e-14,1.920108484e-13,2.899501305e-13,1.192495905e-12,1.304653104e-12,6.209630906e-13,5.08096735e-13,1.647402756e-13,5.876861148e-13,3.566115253e-13,3.407900243e-14,6.41172221e-14,2.477031826e-13,1.527469669e-13,2.653788474e-13,3.559390947e-13,2.977737259e-13,6.190833172e-13,1.082382693e-13,2.289584756e-13,2.045830817e-13
74.8359375,5.642895972e-13,2.392625915e-13,9.246133154e-13,3.621749297e-13,1.980736699e-13,4.18658452e-13,9.377134719e-14,2.173579222e-13,6.049053883e-14,2.130565914e-13,3.995331162e-13,8.475684965e-14,1.922263683e-13,2.886179288e-13,1.194699933e-12,1.31064183e-12,6.257896496e-13,5.084880469e-13,1.642630238e-13,5.830070607e-13,3.622493415e-13,3.339916715e-14,6.397753979e-14,2.460895539e-13,1.538534877e-13,2.66213493e-13,3.58370072e-13,2.962049977e-13,6.260812662e-13,1.094076034e-13,2.304242773e-13,2.0549178e-13
74.84375,5.627191463e-13,2.40852758e-13,9.28436745e-13,3.645022678e-13,1.950547459e-13,4.164001646e-13,9.385521584e-14,2.172337978e-13,5.962399602e-14,2.142431042e-13,4.029854918e-13,8.519563165e-14,1.924332186e-13,2.873652199e-13,1.196808081e-12,1.316473274e-12,6.306337302e-13,5.087195337e-13,1.637466057e-13,5.784304543e-13,3.679466513e-13,3.273269683e-14,6.384016277e-14,2.445990879e-13,1.54942637e-13,2.670031068e-13,3.607769356e-13,2.944965254e-13,6.32935889e-13,1.105722056e-13,2.321317183e-13,2.063526158e-13
74.8515625,5.608959509e-13,2.423585405e-13,9.315766747e-13,3.66829185e-13,1.919334934e-13,4.141674575e-13,9.395556979e-14,2.172104263e-13,5.879938037e-14,2.154858139e-13,4.061235403e-13,8.55383469e-14,1.923698628e-13,2.859306458e-13,1.198588275e-12,1.322077381e-12,6.353784902e-13,5.086650614e-13,1.631336402e-13,5.738799193e-13,3.734454982e-13,3.208000543e-14,6.367884289e-14,2.430508767e-13,1.559430105e-13,2.675082328e-13,3.629381192e-13,2.928362456e-13,6.391331909e-13,1.117402554e-13,2.336667389e-13,2.070912992e-13
74.859375,5.589052782e-13,2.437148143e-13,9.340203877e-13,3.689538407e-13,1.88651003e-13,4.118028816e-13,9.406172168e-14,2.17181403e-13,5.797838868e-14,2.167425016e-13,4.089027642e-13,8.57071143e-14,1.919879135e-13,2.842211396e-13,1.199979017e-12,1.327339546e-12,6.399200535e-13,5.081799711e-13,1.623476166e-13,5.690657981e-13,3.786625096e-13,3.142755511e-14,6.352590703e-14,2.414488197e-13,1.568280349e-13,2.677960742e-13,3.649675749e-13,2.912008527e-13,6.445831704e-13,1.12861706e-13,2.350053811e-13,2.077132593e-13
74.8671875,5.568210359e-13,2.451472875e-13,9.36453158e-13,3.712000132e-13,1.852816386e-13,4.09449552e-13,9.413880241e-14,2.171759604e-13,5.714160201e-14,2.179900045e-13,4.116322422e-13,8.589239492e-14,1.915960971e-13,2.825895842e-13,1.201512105e-12,1.332682501e-12,6.445223702e-13,5.074704212e-13,1.615131218e-13,5.642906548e-13,3.838731485e-13,3.078650996e-14,6.336647223e-14,2.399003358e-13,1.576460443e-13,2.681389133e-13,3.671379392e-13,2.895055314e-13,6.498862126e-13,1.139349975e-13,2.365201077e-13,2.082704853e-13
74.875,5.547985373e-13,2.468121007e-13,9.387601039e-13,3.736411396e-13,1.820309056e-13,4.0727139e-13,9.422016343e-14,2.172750019e-13,5.630567175e-14,2.192358323e-13,4.142454823e-13,8.620164106e-14,1.91371805e-13,2.812835916e-13,1.203225429e-12,1.338281674e-12,6.493768753e-13,5.067991268e-13,1.6078059e-13,5.59737586e-13,3.891051797e-13,3.018629996e-14,6.317001379e-14,2.383586314e-13,1.584448852e-13,2.684909949e-13,3.692777411e-13,2.877679165e-13,6.552027719e-13,1.149552374e-13,2.382808353e-13,2.087708064e-13
74.8828125,5.52761901e-13,2.484263779e-13,9.404353172e-13,3.759964826e-13,1.787962778e-13,4.050643824e-13,9.438610855e-14,2.17420359e-13,5.545842507e-14,2.204783049e-13,4.164956821e-13,8.650047806e-14,1.911455702e-13,2.801067626e-13,1.204662143e-12,1.343825565e-12,6.543143402e-13,5.061171282e-13,1.600193642e-13,5.550714668e-13,3.941137098e-13,2.961090976e-14,6.297777284e-14,2.366976593e-13,1.592774259e-13,2.686746617e-13,3.712298662e-13,2.858733369e-13,6.601889607e-13,1.159146832e-13,2.401534754e-13,2.092098454e-13
74.890625,5.503265801e-13,2.498007443e-13,9.416558292e-13,3.781570694e-13,1.752764744e-13,4.026435752e-13,9.459263576e-14,2.175185529e-13,5.457398596e-14,2.217965364e-13,4.185775187e-13,8.669565356e-14,1.907400749e-13,2.788342248e-13,1.205775998e-12,1.349081295e-12,6.590382252e-13,5.051891441e-13,1.590505834e-13,5.502077012e-13,3.989735464e-13,2.90115465e-14,6.280260132e-14,2.349863141e-13,1.601124738e-13,2.687122896e-13,3.730636684e-13,2.837567011e-13,6.648472244e-13,1.168711193e-13,2.421663721e-13,2.095706711e-13
74.8984375,5.474233798e-13,2.511406027e-13,9.426110616e-13,3.803052105e-13,1.715187077e-13,4.000928744e-13,9.47351268e-14,2.175864942e-13,5.367844773e-14,2.232675959e-13,4.206764314e-13,8.690452558e-14,1.902330495e-13,2.775574324e-13,1.206758961e-12,1.353983894e-12,6.634724854e-13,5.039621049e-13,1.579845258e-13,5.452125817e-13,4.039440616e-13,2.839242201e-14,6.258616461e-14,2.333378966e-13,1.608603484e-13,2.686579209e-13,3.747046174e-13,2.815991492e-13,6.693040472e-13,1.17842963e-13,2.443728104e-13,2.098142459e-13
74.90625,5.443847113e-13,2.526348678e-13,9.432137566e-13,3.825755938e-13,1.67846703e-13,3.975340909e-13,9.485327167e-14,2.177015788e-13,5.281063675e-14,2.247556824e-13,4.226410716e-13,8.722041164e-14,1.897566908e-13,2.764861504e-13,1.207825561e-12,1.358799838e-12,6.678907476e-13,5.026709375e-13,1.569973299e-13,5.400616932e-13,4.089097699e-13,2.78013423e-14,6.232122532e-14,2.316603024e-13,1.615617669e-13,2.68550253e-13,3.76202053e-13,2.793891747e-13,6.734073373e-13,1.187688721e-13,2.46733242e-13,2.099567596e-13
74.9140625,5.41362126e-13,2.542113006e-13,9.434603498e-13,3.848273361e-13,1.643964632e-13,3.950006634e-13,9.501772017e-14,2.179228698e-13,5.197111994e-14,2.261360089e-13,4.243688038e-13,8.75313591e-14,1.892348523e-13,2.756157944e-13,1.209130965e-12,1.363856672e-12,6.724756427e-13,5.014383789e-13,1.56052312e-13,5.350327183e-13,4.135754275e-13,2.724724376e-14,6.205918316e-14,2.299379194e-13,1.622802453e-13,2.684468551e-13,3.777111225e-13,2.770003135e-13,6.769791405e-13,1.196520695e-13,2.49165865e-13,2.100386507e-13
74.921875,5.383076304e-13,2.557381153e-13,9.43161897e-13,3.869896682e-13,1.610361411e-13,3.924534385e-13,9.518174808e-14,2.182653545e-13,5.11369841e-14,2.275916162e-13,4.258496771e-13,8.773692038e-14,1.88576559e-13,2.747935076e-13,1.210386955e-12,1.368899137e-12,6.771255937e-13,5.001003573e-13,1.550697299e-13,5.302661858e-13,4.179814163e-13,2.670559379e-14,6.181805404e-14,2.283494225e-13,1.629612509e-13,2.682773238e-13,3.790717641e-13,2.746582514e-13,6.799946061e-13,1.205351963e-13,2.516159634e-13,2.100253207e-13
74.9296875,5.352125188e-13,2.573123106e-13,9.42217078e-13,3.893422653e-13,1.576035659e-13,3.898782438e-13,9.530615203e-14,2.18662195e-13,5.027359631e-14,2.292379762e-13,4.271103502e-13,8.792267579e-14,1.878636866e-13,2.740060682e-13,1.211335379e-12,1.373622291e-12,6.818556662e-13,4.986186405e-13,1.540741221e-13,5.254136065e-13,4.222929373e-13,2.617440591e-14,6.157159734e-14,2.268734e-13,1.635739468e-13,2.679428803e-13,3.801881799e-13,2.725063699e-13,6.825844076e-13,1.213990476e-13,2.541750253e-13,2.098575869e-13
74.9375,5.32011294e-13,2.590623239e-13,9.408888983e-13,3.91980238e-13,1.541029432e-13,3.873309234e-13,9.539808357e-14,2.190189585e-13,4.938395465e-14,2.308386828e-13,4.282891705e-13,8.814651043e-14,1.870766028e-13,2.732792798e-13,1.212147989e-12,1.378120498e-12,6.866449376e-13,4.970907539e-13,1.530643918e-13,5.204114999e-13,4.263452171e-13,2.566423622e-14,6.128941135e-14,2.253372309e-13,1.64115805e-13,2.674808953e-13,3.811992237e-13,2.703049265e-13,6.847784538e-13,1.222447206e-13,2.569383833e-13,2.095229744e-13
74.9453125,5.28743907e-13,2.607864283e-13,9.390966603e-13,3.945766846e-13,1.506363577e-13,3.847804789e-13,9.544620134e-14,2.193667662e-13,4.853039034e-14,2.323018473e-13,4.29395462e-13,8.831111694e-14,1.860870516e-13,2.725106352e-13,1.21286759e-12,1.382428774e-12,6.912736721e-13,4.954277061e-13,1.519971233e-13,5.155520719e-13,4.299481664e-13,2.517219846e-14,6.097993918e-14,2.237734633e-13,1.645604912e-13,2.669456561e-13,3.820395256e-13,2.680137195e-13,6.863688596e-13,1.231018108e-13,2.597859719e-13,2.090628653e-13
74.953125,5.256553082e-13,2.623082363e-13,9.366389061e-13,3.96998008e-13,1.472162259e-13,3.821702179e-13,9.548393239e-14,2.198012443e-13,4.771578674e-14,2.338514473e-13,4.303044784e-13,8.838159886e-14,1.849983867e-13,2.717418439e-13,1.213482443e-12,1.386650047e-12,6.958751629e-13,4.936311428e-13,1.508960225e-13,5.107361236e-13,4.333036137e-13,2.469687967e-14,6.067855023e-14,2.222531428e-13,1.649693761e-13,2.663472727e-13,3.826428021e-13,2.658235835e-13,6.874137279e-13,1.239462581e-13,2.625946603e-13,2.085643082e-13
74.9609375,5.226959377e-13,2.63713641e-13,9.33901218e-13,3.993567522e-13,1.437940723e-13,3.795711956e-13,9.555551823e-14,2.202610585e-13,4.686288495e-14,2.355001347e-13,4.310176462e-13,8.844529752e-14,1.839471374e-13,2.711547517e-13,1.214102908e-12,1.39087207e-12,7.006665745e-13,4.918908358e-13,1.497852038e-13,5.056036484e-13,4.365988832e-13,2.423665815e-14,6.037942865e-14,2.207327915e-13,1.653950485e-13,2.656908535e-13,3.831545599e-13,2.636890255e-13,6.881863545e-13,1.247757092e-13,2.654321132e-13,2.080568572e-13
74.96875,5.195205185e-13,2.650024999e-13,9.310177335e-13,4.016131352e-13,1.403299602e-13,3.769334272e-13,9.561610002e-14,2.206360496e-13,4.59783903e-14,2.370483122e-13,4.315126149e-13,8.85097575e-14,1.828251476e-13,2.706663371e-13,1.214538317e-12,1.394800887e-12,7.053106529e-13,4.901050175e-13,1.486227204e-13,5.001729997e-13,4.39681884e-13,2.378048113e-14,6.006267597e-14,2.192492219e-13,1.65772459e-13,2.649594959e-13,3.836115955e-13,2.615009914e-13,6.886150805e-13,1.256263035e-13,2.683822102e-13,2.074745702e-13
74.9765625,5.161173091e-13,2.662534221e-13,9.274659954e-13,4.038254547e-13,1.367763993e-13,3.741036267e-13,9.563923294e-14,2.210284964e-13,4.51475507e-14,2.385597353e-13,4.317375198e-13,8.851705295e-14,1.815972155e-13,2.700849975e-13,1.214777497e-12,1.398588013e-12,7.096643794e-13,4.880676165e-13,1.474170719e-13,4.94786227e-13,4.424612697e-13,2.333206415e-14,5.975677712e-14,2.178383786e-13,1.66109425e-13,2.64169532e-13,3.840210012e-13,2.593319081e-13,6.886737954e-13,1.26449417e-13,2.714366784e-13,2.067932007e-13
74.984375,5.126598641e-13,2.676911593e-13,9.231708408e-13,4.061902633e-13,1.33195489e-13,3.712207746e-13,9.56676146e-14,2.215776777e-13,4.437080533e-14,2.402147665e-13,4.318674642e-13,8.850660985e-14,1.803834491e-13,2.694414952e-13,1.215165179e-12,1.40269526e-12,7.140961731e-13,4.859087753e-13,1.46217234e-13,4.895544568e-13,4.450132395e-13,2.29011742e-14,5.94753221e-14,2.163960778e-13,1.664668379e-13,2.63361354e-13,3.844293523e-13,2.57228208e-13,6.885596529e-13,1.271595074e-13,2.745239603e-13,2.060331646e-13
74.9921875,5.090317227e-13,2.691705326e-13,9.185504567e-13,4.085700258e-13,1.297242178e-13,3.684325339e-13,9.568365283e-14,2.221662599e-13,4.35849292e-14,2.419092775e-13,4.320255551e-13,8.853717157e-14,1.791487183e-13,2.687559639e-13,1.215373601e-12,1.40650386e-12,7.184317192e-13,4.836878732e-13,1.449749119e-13,4.842763731e-13,4.472967856e-13,2.247220035e-14,5.918054031e-14,2.14880143e-13,1.667652142e-13,2.624902516e-13,3.846968971e-13,2.550999796e-13,6.881495595e-13,1.277586661e-13,2.775926518e-13,2.051629128e-13
75,5.051533142e-13,2.705154166e-13,9.136967361e-13,4.106909534e-13,1.263225771e-13,3.655167912e-13,9.565508247e-14,2.226108452e-13,4.277500238e-14,2.434635662e-13,4.320868685e-13,8.856890599e-14,1.778127631e-13,2.680069098e-13,1.214907923e-12,1.409293237e-12,7.222156076e-13,4.812127293e-13,1.436402854e-13,4.788859571e-13,4.492589527e-13,2.203978625e-14,5.88535524e-14,2.133705522e-13,1.669477106e-13,2.614991401e-13,3.848135232e-13,2.528502545e-13,6.874527735e-13,1.283036617e-13,2.807552918e-13,2.04161446e-13
75.0078125,5.011574733e-13,2.719170537e-13,9.08670472e-13,4.126230237e-13,1.22876891e-13,3.624129756e-13,9.564660612e-14,2.229772383e-13,4.196471351e-14,2.449643339e-13,4.320707645e-13,8.856119172e-14,1.764409736e-13,2.673930777e-13,1.214314027e-12,1.411780175e-12,7.258244586e-13,4.785226459e-13,1.4227613e-13,4.734951876e-13,4.50963716e-13,2.162939112e-14,5.8496604e-14,2.119035082e-13,1.67102748e-13,2.604165989e-13,3.850055359e-13,2.505161352e-13,6.868351063e-13,1.28852506e-13,2.841232866e-13,2.030500784e-13
75.015625,4.970329876e-13,2.733473545e-13,9.037379364e-13,4.146049451e-13,1.194281734e-13,3.594578676e-13,9.569176914e-14,2.234616255e-13,4.117529075e-14,2.465815104e-13,4.321138349e-13,8.852878851e-14,1.750532082e-13,2.670492343e-13,1.214223001e-12,1.41480333e-12,7.29745596e-13,4.758129731e-13,1.409098006e-13,4.681815688e-13,4.524883622e-13,2.124179165e-14,5.809584365e-14,2.104726568e-13,1.672420775e-13,2.592660801e-13,3.851437497e-13,2.482612972e-13,6.860217301e-13,1.294392441e-13,2.875617768e-13,2.018427233e-13
75.0234375,4.928426799e-13,2.746281639e-13,8.987172812e-13,4.167084352e-13,1.160347788e-13,3.567340868e-13,9.571764951e-14,2.24090561e-13,4.040803818e-14,2.482528068e-13,4.32099502e-13,8.844373801e-14,1.735539092e-13,2.667769164e-13,1.214413535e-12,1.418140492e-12,7.336942186e-13,4.730903857e-13,1.394906113e-13,4.630816373e-13,4.538781542e-13,2.085137832e-14,5.7656044e-14,2.091063765e-13,1.672823758e-13,2.580389904e-13,3.849408808e-13,2.46183886e-13,6.844368675e-13,1.30032601e-13,2.909467673e-13,2.005738262e-13
75.03125,4.889204859e-13,2.759079111e-13,8.9315341e-13,4.188578824e-13,1.127023501e-13,3.539966767e-13,9.569816511e-14,2.247180465e-13,3.963906669e-14,2.497766207e-13,4.318785128e-13,8.826461572e-14,1.719032694e-13,2.664307982e-13,1.214589292e-12,1.421350318e-12,7.373902509e-13,4.703520661e-13,1.380443455e-13,4.582159062e-13,4.549984266e-13,2.04632387e-14,5.721246378e-14,2.078303331e-13,1.672398837e-13,2.56773924e-13,3.846205283e-13,2.442699632e-13,6.823540959e-13,1.30584416e-13,2.943873461e-13,1.992626963e-13
75.0390625,4.852110042e-13,2.77276537e-13,8.871849429e-13,4.21021367e-13,1.094876429e-13,3.512522334e-13,9.568912904e-14,2.252583982e-13,3.886085616e-14,2.511501729e-13,4.315314288e-13,8.807110964e-14,1.701973478e-13,2.661456312e-13,1.214749056e-12,1.424300024e-12,7.40905208e-13,4.676191285e-13,1.366220228e-13,4.533400595e-13,4.556715918e-13,2.0102083e-14,5.678991748e-14,2.065905273e-13,1.671724855e-13,2.555099389e-13,3.844432901e-13,2.425006969e-13,6.802506566e-13,1.310916793e-13,2.979723177e-13,1.978763616e-13
75.046875,4.811939108e-13,2.786477574e-13,8.812007127e-13,4.231807374e-13,1.063763098e-13,3.486099177e-13,9.571060927e-14,2.257781331e-13,3.809896567e-14,2.525927823e-13,4.310834425e-13,8.796040538e-14,1.685487826e-13,2.660203242e-13,1.214829804e-12,1.426981642e-12,7.440799224e-13,4.647345497e-13,1.351496213e-13,4.483996617e-13,4.560959026e-13,1.976441847e-14,5.638793351e-14,2.052948473e-13,1.670569019e-13,2.542141754e-13,3.841353113e-13,2.407588701e-13,6.779895654e-13,1.315560577e-13,3.016350849e-13,1.964364117e-13
75.0546875,4.767820079e-13,2.799586652e-13,8.749622857e-13,4.251751449e-13,1.032266105e-13,3.45818534e-13,9.574331503e-14,2.263421982e-13,3.736565804e-14,2.541066714e-13,4.303875786e-13,8.784234812e-14,1.668632767e-13,2.65910331e-13,1.214685648e-12,1.429343735e-12,7.467281518e-13,4.615548969e-13,1.335303934e-13,4.435193309e-13,4.564174007e-13,1.942216874e-14,5.598495184e-14,2.039644703e-13,1.668576742e-13,2.528594531e-13,3.834574347e-13,2.388046574e-13,6.753083683e-13,1.319769895e-13,3.052780219e-13,1.949867182e-13
75.0625,4.723811007e-13,2.810610325e-13,8.680947763e-13,4.270301605e-13,1.00023143e-13,3.427221603e-13,9.577627855e-14,2.268992357e-13,3.664221777e-14,2.554128056e-13,4.294405449e-13,8.758342562e-14,1.649523562e-13,2.656571376e-13,1.21424568e-12,1.431205878e-12,7.490119344e-13,4.581595087e-13,1.318106804e-13,4.386084788e-13,4.563237519e-13,1.906658764e-14,5.55594398e-14,2.026747256e-13,1.665726932e-13,2.514762806e-13,3.825616004e-13,2.366392391e-13,6.721405408e-13,1.323851856e-13,3.088497747e-13,1.934692645e-13
75.0703125,4.680599196e-13,2.82041586e-13,8.609498591e-13,4.290711534e-13,9.694548208e-14,3.397169599e-13,9.58063588e-14,2.273979827e-13,3.590749339e-14,2.566242941e-13,4.284514102e-13,8.725021086e-14,1.629109003e-13,2.653940352e-13,1.213692668e-12,1.432639373e-12,7.510704205e-13,4.547128809e-13,1.301042469e-13,4.336286049e-13,4.558442817e-13,1.872829545e-14,5.512516074e-14,2.013670495e-13,1.662244015e-13,2.500588135e-13,3.815412468e-13,2.346348341e-13,6.686045634e-13,1.328002372e-13,3.124135163e-13,1.918325939e-13
75.078125,4.634561765e-13,2.831343371e-13,8.540235421e-13,4.311576254e-13,9.406434895e-14,3.370108309e-13,9.585354135e-14,2.27889826e-13,3.516399916e-14,2.58182999e-13,4.275446958e-13,8.694369682e-14,1.609404257e-13,2.653711697e-13,1.213290481e-12,1.434010832e-12,7.528617468e-13,4.512800003e-13,1.283971441e-13,4.28718411e-13,4.554186156e-13,1.84205208e-14,5.470119084e-14,2.000024812e-13,1.658701454e-13,2.485641265e-13,3.803886182e-13,2.329385628e-13,6.649933007e-13,1.332116312e-13,3.161024121e-13,1.901208262e-13
75.0859375,4.5845596e-13,2.841452645e-13,8.471067587e-13,4.328284866e-13,9.120965747e-14,3.341746534e-13,9.592589001e-14,2.284155641e-13,3.443887061e-14,2.598617729e-13,4.266299855e-13,8.661029427e-14,1.589532112e-13,2.655247102e-13,1.212973098e-12,1.435400398e-12,7.544055156e-13,4.477744983e-13,1.265753397e-13,4.239687882e-13,4.548986067e-13,1.810503992e-14,5.425780041e-14,1.987142686e-13,1.655065397e-13,2.47045594e-13,3.792400056e-13,2.311218452e-13,6.61372043e-13,1.336098263e-13,3.199499632e-13,1.883735924e-13
75.09375,4.534389472e-13,2.850497548e-13,8.397501688e-13,4.343694692e-13,8.828646926e-14,3.310685723e-13,9.598399037e-14,2.289480236e-13,3.375328135e-14,2.610844663e-13,4.255585438e-13,8.622842746e-14,1.568386041e-13,2.65637194e-13,1.21265748e-12,1.436775375e-12,7.558479893e-13,4.441679752e-13,1.246655694e-13,4.1952109e-13,4.538800748e-13,1.777518503e-14,5.37658209e-14,1.975434731e-13,1.650501475e-13,2.455894886e-13,3.781135934e-13,2.289285526e-13,6.575420948e-13,1.339704994e-13,3.238680347e-13,1.866011683e-13
75.1015625,4.486846528e-13,2.861766261e-13,8.320183767e-13,4.362428779e-13,8.543926173e-14,3.281350884e-13,9.603599876e-14,2.294888907e-13,3.30973081e-14,2.620738792e-13,4.243063543e-13,8.587325317e-14,1.547276176e-13,2.657959618e-13,1.212528895e-12,1.438256108e-12,7.573511699e-13,4.406555636e-13,1.22828307e-13,4.153091329e-13,4.525189436e-13,1.747890978e-14,5.325557368e-14,1.963627623e-13,1.645293414e-13,2.441293466e-13,3.768222833e-13,2.267546691e-13,6.534615724e-13,1.342826137e-13,3.277592178e-13,1.847813773e-13
75.109375,4.438871766e-13,2.872767051e-13,8.243393049e-13,4.380830089e-13,8.27407198e-14,3.254363891e-13,9.613555358e-14,2.299939102e-13,3.243602559e-14,2.632368526e-13,4.230218494e-13,8.554091603e-14,1.527065049e-13,2.662214542e-13,1.212512413e-12,1.439575833e-12,7.587744822e-13,4.372899004e-13,1.210670791e-13,4.109200928e-13,4.510503705e-13,1.721801575e-14,5.275319424e-14,1.951309258e-13,1.640431665e-13,2.425524379e-13,3.753707309e-13,2.248390067e-13,6.492190397e-13,1.345988091e-13,3.316528375e-13,1.828292068e-13
75.1171875,4.387415204e-13,2.880802461e-13,8.168652232e-13,4.395889849e-13,8.010911025e-14,3.226401275e-13,9.624022425e-14,2.303054132e-13,3.174574661e-14,2.642838272e-13,4.218320066e-13,8.519706321e-14,1.507199411e-13,2.668485779e-13,1.212306018e-12,1.440351006e-12,7.597142746e-13,4.338080436e-13,1.192404125e-13,4.063667453e-13,4.494433845e-13,1.695313957e-14,5.22433255e-14,1.938753447e-13,1.635274967e-13,2.409162792e-13,3.73949756e-13,2.229103534e-13,6.44950905e-13,1.349377275e-13,3.356670934e-13,1.807257907e-13
75.125,4.335708148e-13,2.888977254e-13,8.092551417e-13,4.410885136e-13,7.757681192e-14,3.198055608e-13,9.628010564e-14,2.304302441e-13,3.106233546e-14,2.650447117e-13,4.206412537e-13,8.485690388e-14,1.487385952e-13,2.674408203e-13,1.2119904e-12,1.440890728e-12,7.602528369e-13,4.301439663e-13,1.173551537e-13,4.020200048e-13,4.476661551e-13,1.668976409e-14,5.173530798e-14,1.925989192e-13,1.628968135e-13,2.39341342e-13,3.726146057e-13,2.209071538e-13,6.407977755e-13,1.352356664e-13,3.397287352e-13,1.785781866e-13
75.1328125,4.286677203e-13,2.896581378e-13,8.013321185e-13,4.426795659e-13,7.520035592e-14,3.171366949e-13,9.62950646e-14,2.305995084e-13,3.043397408e-14,2.657887234e-13,4.193595042e-13,8.448186697e-14,1.46738278e-13,2.679508478e-13,1.211806438e-12,1.441619857e-12,7.608667338e-13,4.264892918e-13,1.155229343e-13,3.978032529e-13,4.456217801e-13,1.644676517e-14,5.125336366e-14,1.913732554e-13,1.622402518e-13,2.378221696e-13,3.712982116e-13,2.190119817e-13,6.365605691e-13,1.355150227e-13,3.436879484e-13,1.764495764e-13
75.140625,4.237083843e-13,2.902385492e-13,7.93482294e-13,4.442103307e-13,7.289258311e-14,3.145190965e-13,9.633100239e-14,2.308704288e-13,2.982508177e-14,2.665043783e-13,4.181167058e-13,8.40544887e-14,1.447271095e-13,2.685624842e-13,1.211707573e-12,1.442285306e-12,7.614219356e-13,4.228143726e-13,1.137350605e-13,3.936295674e-13,4.432717061e-13,1.621644584e-14,5.077440429e-14,1.902220154e-13,1.61612146e-13,2.36306589e-13,3.699344197e-13,2.17182438e-13,6.319698619e-13,1.358850546e-13,3.477144314e-13,1.743147873e-13
75.1484375,4.184958049e-13,2.911130597e-13,7.857794319e-13,4.457561616e-13,7.064149829e-14,3.118733242e-13,9.637893831e-14,2.310969194e-13,2.918989566e-14,2.670970118e-13,4.169266867e-13,8.366923953e-14,1.427981624e-13,2.694053201e-13,1.211603226e-12,1.442580721e-12,7.615100056e-13,4.190352726e-13,1.119550305e-13,3.897642794e-13,4.407353902e-13,1.60059211e-14,5.027425601e-14,1.890266926e-13,1.609418776e-13,2.3479339e-13,3.685276473e-13,2.153547823e-13,6.272408841e-13,1.362997293e-13,3.519627602e-13,1.721554328e-13
75.15625,4.133435472e-13,2.92212469e-13,7.777658763e-13,4.473384556e-13,6.8540133e-14,3.09325704e-13,9.645766568e-14,2.312786981e-13,2.856880777e-14,2.676782337e-13,4.155948528e-13,8.333802472e-14,1.409668786e-13,2.703877963e-13,1.211617772e-12,1.442799164e-12,7.613547931e-13,4.153085265e-13,1.102218058e-13,3.86164997e-13,4.37926525e-13,1.582549308e-14,4.977113522e-14,1.877754304e-13,1.602279625e-13,2.332726536e-13,3.671857963e-13,2.135791933e-13,6.226231412e-13,1.366063414e-13,3.561844053e-13,1.699471129e-13
75.1640625,4.083127089e-13,2.930722188e-13,7.696412383e-13,4.489115353e-13,6.658156724e-14,3.069154005e-13,9.656499189e-14,2.31502321e-13,2.798289775e-14,2.681645977e-13,4.142240455e-13,8.295836019e-14,1.391486806e-13,2.714029381e-13,1.211893846e-12,1.443201142e-12,7.611330443e-13,4.116714376e-13,1.085076198e-13,3.826491405e-13,4.348052797e-13,1.565543314e-14,4.928127355e-14,1.865638438e-13,1.59514646e-13,2.317496276e-13,3.659154576e-13,2.118442697e-13,6.180476734e-13,1.368344258e-13,3.60256565e-13,1.676899412e-13
75.171875,4.031250254e-13,2.93948733e-13,7.620423984e-13,4.50522597e-13,6.473348806e-14,3.045333766e-13,9.664883194e-14,2.317255818e-13,2.73957016e-14,2.684520044e-13,4.131660342e-13,8.253204955e-14,1.373277106e-13,2.725014499e-13,1.212356463e-12,1.443438888e-12,7.605037822e-13,4.079897335e-13,1.067508758e-13,3.793588996e-13,4.316882501e-13,1.548967771e-14,4.880650233e-14,1.853584851e-13,1.587794909e-13,2.302998965e-13,3.646233674e-13,2.101643735e-13,6.136074224e-13,1.37128122e-13,3.644149651e-13,1.654661065e-13
75.1796875,3.978470084e-13,2.949789464e-13,7.547167516e-13,4.520251471e-13,6.300095189e-14,3.020918782e-13,9.671998783e-14,2.318921788e-13,2.682879699e-14,2.686414975e-13,4.123549919e-13,8.213922862e-14,1.355472551e-13,2.737540925e-13,1.212837206e-12,1.443288394e-12,7.595214408e-13,4.043195694e-13,1.05014884e-13,3.762845716e-13,4.285978242e-13,1.534923105e-14,4.834199107e-14,1.841404759e-13,1.580068211e-13,2.289401977e-13,3.634319825e-13,2.085251546e-13,6.094111915e-13,1.374773059e-13,3.687149084e-13,1.632959104e-13
75.1875,3.926923737e-13,2.958443637e-13,7.470877011e-13,4.533011388e-13,6.134918491e-14,2.99638221e-13,9.682058275e-14,2.320139586e-13,2.632012512e-14,2.687180343e-13,4.113488002e-13,8.178136031e-14,1.338448132e-13,2.751413821e-13,1.213263161e-12,1.443118454e-12,7.585243457e-13,4.007285076e-13,1.033515843e-13,3.73240281e-13,4.252037788e-13,1.52317463e-14,4.786584323e-14,1.830100351e-13,1.572099609e-13,2.275844347e-13,3.62468692e-13,2.068470933e-13,6.051525145e-13,1.377847101e-13,3.730066531e-13,1.610845065e-13
75.1953125,3.875350958e-13,2.966764112e-13,7.393100464e-13,4.546142434e-13,5.978811165e-14,2.972649327e-13,9.69186911e-14,2.320792938e-13,2.583024845e-14,2.686922788e-13,4.100290009e-13,8.142641738e-14,1.322575866e-13,2.766188246e-13,1.2135288e-12,1.443004302e-12,7.57309126e-13,3.970960146e-13,1.016917972e-13,3.703303511e-13,4.215552662e-13,1.511940262e-14,4.737788318e-14,1.819337653e-13,1.563826299e-13,2.262131348e-13,3.615638493e-13,2.05251847e-13,6.00692679e-13,1.380637664e-13,3.772894637e-13,1.588223168e-13
75.203125,3.823089473e-13,2.976423868e-13,7.31718328e-13,4.560797556e-13,5.837001426e-14,2.949560746e-13,9.697927176e-14,2.320515284e-13,2.532509937e-14,2.686971145e-13,4.087247579e-13,8.108026262e-14,1.307633252e-13,2.781750194e-13,1.213566605e-12,1.442556759e-12,7.557175747e-13,3.934159897e-13,1.000249066e-13,3.676813884e-13,4.179017559e-13,1.501859639e-14,4.690892604e-14,1.808030894e-13,1.555199464e-13,2.248781494e-13,3.606724045e-13,2.038606957e-13,5.964115651e-13,1.3837671e-13,3.815969399e-13,1.565857631e-13
75.2109375,3.771849895e-13,2.985516067e-13,7.244185369e-13,4.573972464e-13,5.707671847e-14,2.926925038e-13,9.703937859e-14,2.319397717e-13,2.482622197e-14,2.686210924e-13,4.076787697e-13,8.074342386e-14,1.292854371e-13,2.798246316e-13,1.213645974e-12,1.44184854e-12,7.540253856e-13,3.89794838e-13,9.840675408e-14,3.651897575e-13,4.142268929e-13,1.493453891e-14,4.64508953e-14,1.796747115e-13,1.546289192e-13,2.235738439e-13,3.599723813e-13,2.02506891e-13,5.924555745e-13,1.387164171e-13,3.858618948e-13,1.543552589e-13
75.21875,3.720979246e-13,2.99315125e-13,7.175359671e-13,4.584623081e-13,5.59127593e-14,2.905405663e-13,9.715026657e-14,2.318416971e-13,2.434759225e-14,2.683437033e-13,4.068134728e-13,8.037705069e-14,1.278061262e-13,2.81578555e-13,1.21411815e-12,1.441276836e-12,7.522274049e-13,3.862364145e-13,9.681634403e-14,3.627716237e-13,4.104524849e-13,1.485181637e-14,4.59652451e-14,1.785951895e-13,1.537395816e-13,2.22292208e-13,3.593919555e-13,2.010930792e-13,5.884941676e-13,1.390597887e-13,3.90060387e-13,1.520870605e-13
75.2265625,3.669117888e-13,2.998922222e-13,7.109635591e-13,4.596028557e-13,5.493174756e-14,2.885196792e-13,9.731318183e-14,2.318616507e-13,2.389019336e-14,2.679965218e-13,4.060207047e-13,7.996073339e-14,1.263850172e-13,2.834487329e-13,1.215026863e-12,1.440947346e-12,7.502138415e-13,3.828032264e-13,9.525183228e-14,3.605058815e-13,4.065438918e-13,1.477538199e-14,4.546500024e-14,1.775060702e-13,1.52896063e-13,2.210698383e-13,3.587965192e-13,1.997493504e-13,5.844306973e-13,1.394192668e-13,3.94270284e-13,1.498279401e-13
75.234375,3.617992977e-13,3.004683372e-13,7.04382158e-13,4.610577506e-13,5.408689281e-14,2.865997319e-13,9.74801335e-14,2.319382605e-13,2.346478164e-14,2.676053208e-13,4.052848169e-13,7.955224636e-14,1.250899783e-13,2.854139312e-13,1.21616732e-12,1.44082352e-12,7.481597503e-13,3.795590346e-13,9.375931143e-14,3.585951079e-13,4.025132524e-13,1.472567308e-14,4.499493019e-14,1.764498285e-13,1.52070337e-13,2.198967794e-13,3.583050174e-13,1.985718655e-13,5.805498332e-13,1.397863646e-13,3.98543569e-13,1.476025924e-13
75.2421875,3.568018456e-13,3.013433214e-13,6.977603027e-13,4.626136732e-13,5.327230648e-14,2.847221684e-13,9.762677156e-14,2.319205849e-13,2.308252191e-14,2.671380388e-13,4.045402182e-13,7.919970535e-14,1.239294321e-13,2.873628118e-13,1.217188998e-12,1.440622828e-12,7.459048542e-13,3.762788437e-13,9.22754982e-14,3.57071091e-13,3.985056669e-13,1.468981237e-14,4.45474798e-14,1.754702099e-13,1.511914534e-13,2.187365009e-13,3.579541896e-13,1.975404705e-13,5.769866064e-13,1.401232658e-13,4.027819373e-13,1.453740925e-13
75.25,3.517153017e-13,3.021308316e-13,6.912916761e-13,4.639960175e-13,5.247999686e-14,2.827896298e-13,9.779692979e-14,2.317909476e-13,2.27423365e-14,2.666547326e-13,4.037826818e-13,7.885981013e-14,1.22844747e-13,2.892837953e-13,1.217908864e-12,1.439902373e-12,7.431322015e-13,3.727832711e-13,9.073787036e-14,3.55680575e-13,3.94516442e-13,1.465130174e-14,4.408293342e-14,1.744673231e-13,1.502673288e-13,2.175998138e-13,3.576599828e-13,1.965100651e-13,5.736595099e-13,1.404356034e-13,4.069100348e-13,1.431362364e-13
75.2578125,3.466644847e-13,3.025484028e-13,6.850756711e-13,4.653589237e-13,5.180685883e-14,2.80860107e-13,9.801482799e-14,2.316052329e-13,2.241848503e-14,2.660117618e-13,4.031486825e-13,7.851782183e-14,1.218207622e-13,2.913960283e-13,1.21858984e-12,1.43880599e-12,7.401378644e-13,3.693200804e-13,8.925018998e-14,3.543780348e-13,3.903258034e-13,1.463423878e-14,4.361520265e-14,1.734261495e-13,1.493438978e-13,2.165157184e-13,3.574751359e-13,1.953643039e-13,5.704998815e-13,1.407623642e-13,4.11084426e-13,1.409114011e-13
75.265625,3.418515321e-13,3.031376961e-13,6.790541352e-13,4.669208052e-13,5.131997416e-14,2.790648674e-13,9.823452319e-14,2.313791528e-13,2.209121031e-14,2.650611215e-13,4.026313865e-13,7.823576629e-14,1.209267154e-13,2.938176422e-13,1.219405677e-12,1.437757727e-12,7.372800886e-13,3.661205917e-13,8.789625438e-14,3.533056423e-13,3.859344339e-13,1.465533492e-14,4.31881754e-14,1.724380697e-13,1.484307549e-13,2.155167351e-13,3.574618056e-13,1.941914479e-13,5.674196554e-13,1.411021835e-13,4.154152536e-13,1.387159427e-13
75.2734375,3.36958585e-13,3.039528763e-13,6.731377296e-13,4.684877557e-13,5.095499721e-14,2.772821619e-13,9.842844513e-14,2.311636359e-13,2.178437373e-14,2.63990563e-13,4.021060693e-13,7.801792212e-14,1.201914068e-13,2.964233968e-13,1.220171306e-12,1.436697719e-12,7.343902788e-13,3.630131144e-13,8.660702213e-14,3.523300741e-13,3.815518335e-13,1.469233478e-14,4.278865805e-14,1.714815799e-13,1.475360096e-13,2.146224662e-13,3.576717414e-13,1.930353251e-13,5.644582161e-13,1.414403336e-13,4.197861287e-13,1.365463003e-13
75.28125,3.316937323e-13,3.045637569e-13,6.674884163e-13,4.69880177e-13,5.066675889e-14,2.754016822e-13,9.862874232e-14,2.309942865e-13,2.151893849e-14,2.629616265e-13,4.016679153e-13,7.782337801e-14,1.195650039e-13,2.991238235e-13,1.220924194e-12,1.43546876e-12,7.31246907e-13,3.598202937e-13,8.531755323e-14,3.514347869e-13,3.772339317e-13,1.47309804e-14,4.238091066e-14,1.705223122e-13,1.466603733e-13,2.137967129e-13,3.581757554e-13,1.918688922e-13,5.618868485e-13,1.418028058e-13,4.241713245e-13,1.34373601e-13
75.2890625,3.264010419e-13,3.051771748e-13,6.623244234e-13,4.712686752e-13,5.055578916e-14,2.73615157e-13,9.887461648e-14,2.307843454e-13,2.127878751e-14,2.618970634e-13,4.01454464e-13,7.767712138e-14,1.190139955e-13,3.018780915e-13,1.221863215e-12,1.43412252e-12,7.278620532e-13,3.566893785e-13,8.406822274e-14,3.508603404e-13,3.72895319e-13,1.47873447e-14,4.197815267e-14,1.695847118e-13,1.457904157e-13,2.130213035e-13,3.588608529e-13,1.908392854e-13,5.597248376e-13,1.422088248e-13,4.286493957e-13,1.322257267e-13
75.296875,3.214718698e-13,3.06015538e-13,6.574741578e-13,4.727928466e-13,5.066218653e-14,2.720104206e-13,9.91739742e-14,2.304661783e-13,2.105574119e-14,2.607200074e-13,4.01355113e-13,7.764027858e-14,1.185863806e-13,3.046862767e-13,1.222902183e-12,1.432737801e-12,7.244207059e-13,3.538003646e-13,8.295081051e-14,3.504648267e-13,3.684791081e-13,1.488555857e-14,4.160439946e-14,1.685864317e-13,1.449537402e-13,2.123548127e-13,3.596710744e-13,1.89984661e-13,5.577313567e-13,1.426333861e-13,4.331990479e-13,1.301888952e-13
75.3046875,3.167140978e-13,3.069326538e-13,6.527539037e-13,4.743990494e-13,5.08937616e-14,2.704102327e-13,9.950319082e-14,2.301047881e-13,2.086266097e-14,2.594347507e-13,4.012975858e-13,7.773306068e-14,1.183763833e-13,3.077586656e-13,1.224005261e-12,1.431510105e-12,7.211229476e-13,3.510738766e-13,8.198810584e-14,3.500372873e-13,3.640369746e-13,1.503239023e-14,4.126350859e-14,1.674817956e-13,1.441874519e-13,2.118149062e-13,3.608332662e-13,1.890938007e-13,5.560810376e-13,1.430482308e-13,4.378564297e-13,1.282447813e-13
75.3125,3.117389042e-13,3.077963789e-13,6.482938937e-13,4.759644177e-13,5.120490229e-14,2.687279145e-13,9.985471125e-14,2.297666412e-13,2.070297739e-14,2.580827461e-13,4.01416816e-13,7.786558835e-14,1.183516632e-13,3.111720778e-13,1.225328693e-12,1.430448009e-12,7.178165479e-13,3.483334639e-13,8.10616222e-14,3.498190819e-13,3.596793961e-13,1.519804544e-14,4.095355419e-14,1.664422211e-13,1.434766907e-13,2.113302478e-13,3.623669434e-13,1.880600372e-13,5.550350017e-13,1.434502478e-13,4.426813362e-13,1.262882964e-13
75.3203125,3.065524334e-13,3.082367817e-13,6.440897054e-13,4.773447391e-13,5.157711818e-14,2.670028682e-13,1.00257206e-13,2.294264996e-13,2.056994892e-14,2.566306818e-13,4.01738949e-13,7.789985661e-14,1.183476837e-13,3.146531796e-13,1.226785062e-12,1.429189838e-12,7.142624339e-13,3.455894342e-13,8.008986651e-14,3.498818245e-13,3.5536579e-13,1.535033075e-14,4.064598208e-14,1.655564466e-13,1.427940249e-13,2.108627822e-13,3.640005837e-13,1.868946057e-13,5.542137747e-13,1.438585064e-13,4.475533895e-13,1.24319418e-13
75.328125,3.014000978e-13,3.082734427e-13,6.400886927e-13,4.785591763e-13,5.201144464e-14,2.652550541e-13,1.007059414e-13,2.290298044e-13,2.046557503e-14,2.549843563e-13,4.021423039e-13,7.791663645e-14,1.183994658e-13,3.181751005e-13,1.2281072e-12,1.427669106e-12,7.106437902e-13,3.430038024e-13,7.918722835e-14,3.499823273e-13,3.50979567e-13,1.551116024e-14,4.031621175e-14,1.646736493e-13,1.421393684e-13,2.104479066e-13,3.657232901e-13,1.856729478e-13,5.532990355e-13,1.442934455e-13,4.524348999e-13,1.224162212e-13
75.3359375,2.963090014e-13,3.086746897e-13,6.365198941e-13,4.797499305e-13,5.259913416e-14,2.635264449e-13,1.011580191e-13,2.285583427e-13,2.04052626e-14,2.532793829e-13,4.026388501e-13,7.815478498e-14,1.187259427e-13,3.22002544e-13,1.229250346e-12,1.426151396e-12,7.071471211e-13,3.406023486e-13,7.845049877e-14,3.501762409e-13,3.466388492e-13,1.57225494e-14,3.99971107e-14,1.63715807e-13,1.415257919e-13,2.101195189e-13,3.677702724e-13,1.846043472e-13,5.526714975e-13,1.447509697e-13,4.574830002e-13,1.2058191e-13
75.34375,2.91186967e-13,3.094961879e-13,6.333899962e-13,4.809573003e-13,5.333765743e-14,2.618558078e-13,1.016008114e-13,2.280411255e-13,2.039067892e-14,2.51702627e-13,4.033250219e-13,7.857827747e-14,1.19279651e-13,3.260298904e-13,1.230401644e-12,1.424662104e-12,7.036348332e-13,3.382087241e-13,7.77985884e-14,3.506615114e-13,3.425325298e-13,1.597528064e-14,3.971682578e-14,1.627625971e-13,1.409486975e-13,2.098747545e-13,3.702120726e-13,1.837305537e-13,5.525681858e-13,1.452236369e-13,4.626665838e-13,1.187716306e-13
75.3515625,2.861073068e-13,3.101009275e-13,6.304356473e-13,4.822675248e-13,5.412954181e-14,2.602279115e-13,1.020372942e-13,2.275131041e-13,2.038867629e-14,2.500888099e-13,4.042032363e-13,7.894213901e-14,1.198381373e-13,3.299985161e-13,1.231666068e-12,1.42308843e-12,7.00005688e-13,3.357281325e-13,7.715414346e-14,3.51389992e-13,3.385804966e-13,1.623143795e-14,3.945673431e-14,1.618211651e-13,1.403751378e-13,2.096823965e-13,3.728994362e-13,1.828942106e-13,5.526854193e-13,1.457196173e-13,4.677891435e-13,1.169915468e-13
75.359375,2.811236146e-13,3.104854449e-13,6.278135459e-13,4.837292288e-13,5.504299499e-14,2.586275651e-13,1.024760412e-13,2.269623319e-13,2.037952227e-14,2.483162697e-13,4.053108394e-13,7.925663181e-14,1.204691047e-13,3.340777584e-13,1.232925966e-12,1.421366092e-12,6.962578937e-13,3.333056676e-13,7.654855959e-14,3.522033513e-13,3.346151545e-13,1.649643752e-14,3.920413059e-14,1.608476419e-13,1.398154958e-13,2.095233724e-13,3.757338942e-13,1.820754482e-13,5.52962045e-13,1.462377785e-13,4.729467367e-13,1.152768025e-13
75.3671875,2.761779105e-13,3.108432982e-13,6.258023946e-13,4.850743713e-13,5.615563406e-14,2.570743372e-13,1.029549562e-13,2.263588586e-13,2.039164103e-14,2.465833572e-13,4.067188635e-13,7.97002885e-14,1.213521766e-13,3.384965585e-13,1.234159487e-12,1.419511408e-12,6.924685368e-13,3.310959221e-13,7.603668826e-14,3.530014951e-13,3.306382292e-13,1.680892607e-14,3.894876656e-14,1.599060611e-13,1.393371778e-13,2.094280208e-13,3.788948573e-13,1.812706481e-13,5.537112151e-13,1.467785325e-13,4.784281286e-13,1.136195368e-13
75.375,2.713387955e-13,3.111007076e-13,6.24130237e-13,4.862256958e-13,5.734911677e-14,2.556267621e-13,1.034758917e-13,2.257137431e-13,2.044167636e-14,2.448895643e-13,4.082708563e-13,8.023688095e-14,1.223899068e-13,3.430988371e-13,1.235530009e-12,1.417731581e-12,6.88816664e-13,3.290269999e-13,7.563351767e-14,3.538126252e-13,3.267073744e-13,1.716422063e-14,3.867567284e-14,1.590449404e-13,1.389200571e-13,2.094042642e-13,3.824859716e-13,1.804047602e-13,5.54893535e-13,1.473556072e-13,4.841277584e-13,1.119885904e-13
75.3828125,2.666747654e-13,3.113434508e-13,6.225142282e-13,4.875162646e-13,5.856268002e-14,2.543058029e-13,1.04003489e-13,2.250491414e-13,2.050475746e-14,2.430448834e-13,4.098018702e-13,8.0731641e-14,1.234342039e-13,3.47707134e-13,1.236995924e-12,1.416043216e-12,6.85219296e-13,3.269546589e-13,7.52928095e-14,3.546503006e-13,3.228571018e-13,1.752165245e-14,3.841224556e-14,1.581520723e-13,1.384743758e-13,2.093968934e-13,3.862152587e-13,1.795598112e-13,5.561576429e-13,1.479622254e-13,4.896796502e-13,1.103866657e-13
75.390625,2.62060293e-13,3.115985594e-13,6.212640638e-13,4.889680882e-13,5.988210496e-14,2.530284376e-13,1.045597812e-13,2.243727484e-13,2.057944086e-14,2.411097968e-13,4.115436885e-13,8.125208197e-14,1.245918826e-13,3.52494904e-13,1.238477485e-12,1.414221341e-12,6.814982638e-13,3.249566883e-13,7.500356826e-14,3.554308614e-13,3.191512632e-13,1.789376454e-14,3.819259262e-14,1.571578946e-13,1.380435844e-13,2.09429025e-13,3.900423052e-13,1.788386585e-13,5.576580177e-13,1.485919642e-13,4.952419377e-13,1.088260196e-13
75.3984375,2.574681162e-13,3.117980383e-13,6.206859172e-13,4.903385512e-13,6.133047252e-14,2.51739437e-13,1.051661862e-13,2.237083938e-13,2.069923212e-14,2.391441339e-13,4.136869949e-13,8.193509241e-14,1.259973947e-13,3.57682568e-13,1.240138442e-12,1.412370096e-12,6.778957383e-13,3.231901839e-13,7.48601781e-14,3.563046126e-13,3.155880259e-13,1.83262861e-14,3.800072046e-14,1.561921976e-13,1.377320542e-13,2.096099154e-13,3.943667143e-13,1.781749122e-13,5.598361667e-13,1.492659967e-13,5.012656402e-13,1.073113183e-13
75.40625,2.530546229e-13,3.119188879e-13,6.205209808e-13,4.916601e-13,6.286019219e-14,2.504882407e-13,1.057788557e-13,2.230381243e-13,2.085956709e-14,2.370505525e-13,4.159414988e-13,8.272334389e-14,1.275532787e-13,3.631212398e-13,1.24182836e-12,1.410536326e-12,6.746087798e-13,3.215453677e-13,7.487264676e-14,3.574256025e-13,3.120539597e-13,1.880494557e-14,3.78116364e-14,1.553334638e-13,1.374909533e-13,2.098946209e-13,3.991485292e-13,1.77477356e-13,5.623909484e-13,1.49982335e-13,5.075576552e-13,1.058620208e-13
75.4140625,2.488445852e-13,3.118371413e-13,6.204020669e-13,4.929756557e-13,6.445078678e-14,2.493242692e-13,1.063849729e-13,2.22286736e-13,2.10225129e-14,2.349222857e-13,4.181419306e-13,8.350394305e-14,1.291419336e-13,3.68522115e-13,1.243069978e-12,1.40828164e-12,6.713824433e-13,3.198515646e-13,7.492170511e-14,3.584877763e-13,3.084915493e-13,1.929910755e-14,3.762129178e-14,1.544715648e-13,1.372172943e-13,2.100969877e-13,4.040557215e-13,1.767657938e-13,5.64810012e-13,1.507101185e-13,5.136608344e-13,1.044525565e-13
75.421875,2.447363621e-13,3.118377507e-13,6.203015695e-13,4.943622686e-13,6.612265543e-14,2.482611869e-13,1.069919317e-13,2.215059075e-13,2.119724866e-14,2.328892919e-13,4.205221653e-13,8.433105208e-14,1.308392229e-13,3.738776728e-13,1.243910321e-12,1.405553096e-12,6.680157437e-13,3.182108375e-13,7.500444063e-14,3.594230531e-13,3.049492694e-13,1.983054363e-14,3.743407201e-14,1.535690674e-13,1.36914853e-13,2.101933686e-13,4.091992081e-13,1.761822997e-13,5.674442407e-13,1.514302126e-13,5.197055302e-13,1.030203756e-13
75.4296875,2.407345179e-13,3.123214798e-13,6.203340486e-13,4.960786723e-13,6.791146583e-14,2.47254583e-13,1.07569887e-13,2.208496852e-13,2.14182086e-14,2.308316525e-13,4.230429531e-13,8.526271891e-14,1.327071658e-13,3.79337033e-13,1.2448097e-12,1.402839695e-12,6.645479304e-13,3.167552791e-13,7.521709203e-14,3.606801652e-13,3.014604259e-13,2.040427444e-14,3.726563581e-14,1.527193373e-13,1.366393617e-13,2.103439096e-13,4.145981635e-13,1.757532086e-13,5.705306779e-13,1.52136252e-13,5.25964092e-13,1.016104547e-13
75.4375,2.369557603e-13,3.127463389e-13,6.207014664e-13,4.978595337e-13,6.98342224e-14,2.462255315e-13,1.081545419e-13,2.202738264e-13,2.167502029e-14,2.286984372e-13,4.25490258e-13,8.624791326e-14,1.346975295e-13,3.850372173e-13,1.245955275e-12,1.400322505e-12,6.611873471e-13,3.155305053e-13,7.558018003e-14,3.62197676e-13,2.980657189e-13,2.099047656e-14,3.712030769e-14,1.519270696e-13,1.364581145e-13,2.106618121e-13,4.200216729e-13,1.75282816e-13,5.73598499e-13,1.528711939e-13,5.324300151e-13,1.003174756e-13
75.4453125,2.334150072e-13,3.126891212e-13,6.217232311e-13,4.992344243e-13,7.190261397e-14,2.452168053e-13,1.088096295e-13,2.196028527e-13,2.19522347e-14,2.26629988e-13,4.281478887e-13,8.730615631e-14,1.368320359e-13,3.910951501e-13,1.247292088e-12,1.39796692e-12,6.583053776e-13,3.14670537e-13,7.608219569e-14,3.635746764e-13,2.948632849e-13,2.160277994e-14,3.6978606e-14,1.511371418e-13,1.364136512e-13,2.111492603e-13,4.257677769e-13,1.748060113e-13,5.768870939e-13,1.537229696e-13,5.391481944e-13,9.910176368e-14
75.453125,2.298520934e-13,3.127680583e-13,6.232964951e-13,5.005791064e-13,7.407523537e-14,2.442809795e-13,1.094684763e-13,2.188515092e-13,2.226531279e-14,2.246291518e-13,4.312958777e-13,8.845945071e-14,1.390856721e-13,3.972755961e-13,1.248572893e-12,1.39568035e-12,6.557793128e-13,3.140548985e-13,7.666847271e-14,3.650498684e-13,2.91842987e-13,2.22600531e-14,3.683930744e-14,1.503476981e-13,1.364146111e-13,2.117204191e-13,4.321034366e-13,1.745468842e-13,5.810100367e-13,1.546782747e-13,5.460103566e-13,9.787663719e-14
75.4609375,2.260629179e-13,3.130350901e-13,6.247516471e-13,5.021910404e-13,7.623274147e-14,2.432607658e-13,1.100573799e-13,2.181244251e-13,2.261603244e-14,2.225697023e-13,4.345394941e-13,8.958406728e-14,1.412700029e-13,4.030864025e-13,1.249296763e-12,1.392903531e-12,6.529070709e-13,3.13219518e-13,7.723433286e-14,3.668456983e-13,2.888079238e-13,2.292669006e-14,3.672125273e-14,1.495615139e-13,1.36332207e-13,2.122248337e-13,4.385494324e-13,1.743098508e-13,5.853591523e-13,1.555925137e-13,5.52608806e-13,9.665335761e-14
75.46875,2.223238073e-13,3.127375891e-13,6.257606995e-13,5.035106799e-13,7.838631265e-14,2.420462655e-13,1.10628675e-13,2.174046621e-13,2.299986789e-14,2.204357327e-13,4.374974337e-13,9.064275032e-14,1.433503154e-13,4.085402245e-13,1.249215717e-12,1.389250191e-12,6.496027306e-13,3.121158294e-13,7.780665329e-14,3.685283318e-13,2.856348284e-13,2.358958706e-14,3.662774504e-14,1.488176034e-13,1.361994025e-13,2.12594199e-13,4.44914875e-13,1.738121647e-13,5.892532287e-13,1.563769086e-13,5.588749821e-13,9.546257267e-14
75.4765625,2.189202098e-13,3.12002366e-13,6.267499885e-13,5.044988879e-13,8.06728422e-14,2.407838999e-13,1.112038214e-13,2.166805757e-13,2.342736326e-14,2.182936555e-13,4.404481877e-13,9.175554061e-14,1.454976033e-13,4.14073005e-13,1.248638508e-12,1.385155138e-12,6.464220023e-13,3.111385598e-13,7.848957269e-14,3.699019437e-13,2.824757883e-13,2.428827082e-14,3.655668304e-14,1.481684588e-13,1.36111977e-13,2.129025844e-13,4.516213445e-13,1.732533475e-13,5.931889527e-13,1.570973713e-13,5.651543277e-13,9.428725747e-14
75.484375,2.156278921e-13,3.115183695e-13,6.281345209e-13,5.057709803e-13,8.30611463e-14,2.39573331e-13,1.117338255e-13,2.159954666e-13,2.388698434e-14,2.161643569e-13,4.43741123e-13,9.293618285e-14,1.477628211e-13,4.198045868e-13,1.247935623e-12,1.380925374e-12,6.433558068e-13,3.103418343e-13,7.926888036e-14,3.712946656e-13,2.79526428e-13,2.50369498e-14,3.65109526e-14,1.475390886e-13,1.360513302e-13,2.132131009e-13,4.586203708e-13,1.728472389e-13,5.974849542e-13,1.578712221e-13,5.716252274e-13,9.310815648e-14
75.4921875,2.122608074e-13,3.11186677e-13,6.298599201e-13,5.072242329e-13,8.547104919e-14,2.383515995e-13,1.122455563e-13,2.153189986e-13,2.436335861e-14,2.140273911e-13,4.472894153e-13,9.412764846e-14,1.500995088e-13,4.256251821e-13,1.247139738e-12,1.376320781e-12,6.401052356e-13,3.095589452e-13,8.011687398e-14,3.728320065e-13,2.767316732e-13,2.581755617e-14,3.647947095e-14,1.468735879e-13,1.359780707e-13,2.135221669e-13,4.656153847e-13,1.725331872e-13,6.01861547e-13,1.587398383e-13,5.782242256e-13,9.193623205e-14
75.5,2.090341296e-13,3.105396696e-13,6.318028719e-13,5.084037147e-13,8.80059678e-14,2.370971803e-13,1.127893315e-13,2.146010157e-13,2.487177019e-14,2.11910274e-13,4.509506159e-13,9.53742518e-14,1.525183965e-13,4.315457232e-13,1.24612491e-12,1.371418368e-12,6.369197417e-13,3.088860202e-13,8.106728369e-14,3.743814201e-13,2.739551806e-13,2.662122151e-14,3.644596165e-14,1.462795706e-13,1.359323343e-13,2.138463886e-13,4.728290973e-13,1.723115873e-13,6.064279353e-13,1.596526289e-13,5.848748934e-13,9.080993556e-14
75.5078125,2.060294971e-13,3.096953442e-13,6.339811385e-13,5.093389858e-13,9.068465445e-14,2.358130435e-13,1.133227194e-13,2.13860353e-13,2.541499422e-14,2.098729334e-13,4.547715919e-13,9.671020176e-14,1.55007529e-13,4.37533894e-13,1.244772572e-12,1.366422143e-12,6.339346028e-13,3.083553585e-13,8.210090761e-14,3.758467186e-13,2.712592711e-13,2.744281699e-14,3.641284935e-14,1.457735032e-13,1.359305459e-13,2.141999839e-13,4.803664746e-13,1.721848613e-13,6.113034144e-13,1.605533089e-13,5.915432407e-13,8.973326673e-14
75.515625,2.030918723e-13,3.089911594e-13,6.362891171e-13,5.10174329e-13,9.336871028e-14,2.344722954e-13,1.137996058e-13,2.13126631e-13,2.598111744e-14,2.078581048e-13,4.587080453e-13,9.807671611e-14,1.575348541e-13,4.434721069e-13,1.242923924e-12,1.361057634e-12,6.308075744e-13,3.077711192e-13,8.317183595e-14,3.771703806e-13,2.686970034e-13,2.828311287e-14,3.63970531e-14,1.452171874e-13,1.359300781e-13,2.145323565e-13,4.879508949e-13,1.720306075e-13,6.162059451e-13,1.614236942e-13,5.982275805e-13,8.865675158e-14
75.5234375,2.00228617e-13,3.082432213e-13,6.38522578e-13,5.110432471e-13,9.608109642e-14,2.330985039e-13,1.142596084e-13,2.124157703e-13,2.658357738e-14,2.057738279e-13,4.626519755e-13,9.942358321e-14,1.60097022e-13,4.49317657e-13,1.24059257e-12,1.355353182e-12,6.27621472e-13,3.071278584e-13,8.428482134e-14,3.784701695e-13,2.661062674e-13,2.915865906e-14,3.640555665e-14,1.44599062e-13,1.359371281e-13,2.147888233e-13,4.956713537e-13,1.71809641e-13,6.211086681e-13,1.622514819e-13,6.049481059e-13,8.7584198e-14
75.53125,1.974898048e-13,3.071865115e-13,6.407343298e-13,5.119809396e-13,9.889738035e-14,2.316941439e-13,1.147522553e-13,2.117365589e-13,2.723314167e-14,2.036934421e-13,4.666991545e-13,1.007767982e-13,1.626872852e-13,4.551407233e-13,1.23810463e-12,1.349804754e-12,6.248014262e-13,3.065764535e-13,8.54746962e-14,3.798960591e-13,2.634341279e-13,3.007972481e-14,3.642128089e-14,1.440206733e-13,1.359944414e-13,2.149871235e-13,5.037878767e-13,1.715555371e-13,6.261932162e-13,1.630547853e-13,6.117992958e-13,8.656764632e-14
75.5390625,1.947586316e-13,3.060022883e-13,6.431783086e-13,5.127235755e-13,1.017302903e-13,2.302019831e-13,1.152559487e-13,2.110730425e-13,2.79192554e-14,2.016568454e-13,4.709476213e-13,1.021995788e-13,1.653472888e-13,4.611047524e-13,1.235616365e-12,1.344293046e-12,6.22217339e-13,3.060871177e-13,8.676548506e-14,3.812837913e-13,2.608838028e-13,3.104226861e-14,3.643526269e-14,1.435020572e-13,1.36085377e-13,2.152021465e-13,5.121757976e-13,1.712605264e-13,6.314351734e-13,1.638963071e-13,6.188831667e-13,8.559266371e-14
75.546875,1.919982115e-13,3.04740069e-13,6.459471287e-13,5.133357476e-13,1.045927209e-13,2.2866686e-13,1.157302285e-13,2.104244367e-13,2.864187596e-14,1.995473393e-13,4.753248586e-13,1.037003021e-13,1.681301072e-13,4.672683182e-13,1.232943881e-12,1.3384323e-12,6.195935716e-13,3.056105344e-13,8.812523548e-14,3.826073199e-13,2.585633017e-13,3.204011715e-14,3.647388857e-14,1.43015686e-13,1.36181056e-13,2.154781003e-13,5.207137229e-13,1.709500033e-13,6.368534709e-13,1.647920015e-13,6.26124929e-13,8.462582064e-14
75.5546875,1.893749595e-13,3.032757116e-13,6.48965653e-13,5.140589602e-13,1.076311252e-13,2.271857759e-13,1.161983176e-13,2.098027183e-13,2.940335666e-14,1.974317157e-13,4.798492394e-13,1.052407603e-13,1.709751345e-13,4.735068017e-13,1.230042652e-12,1.33242895e-12,6.171522158e-13,3.052681656e-13,8.952294231e-14,3.842010701e-13,2.563921577e-13,3.306585552e-14,3.653709308e-14,1.425457178e-13,1.363015699e-13,2.157494697e-13,5.294528846e-13,1.706908356e-13,6.425334021e-13,1.65695183e-13,6.333982603e-13,8.367400297e-14
75.5625,1.870294817e-13,3.018509635e-13,6.521754618e-13,5.145425947e-13,1.107906489e-13,2.257195379e-13,1.166873612e-13,2.091546176e-13,3.018722193e-14,1.955041987e-13,4.845931169e-13,1.068349581e-13,1.738213789e-13,4.798213943e-13,1.226925381e-12,1.326294922e-12,6.150413765e-13,3.051051702e-13,9.100922772e-14,3.85883615e-13,2.543081161e-13,3.412035656e-14,3.657268707e-14,1.420833915e-13,1.364524028e-13,2.159285447e-13,5.383572702e-13,1.705398461e-13,6.483887251e-13,1.665853461e-13,6.407087877e-13,8.272239015e-14
75.5703125,1.849273428e-13,3.005814282e-13,6.555469348e-13,5.147844068e-13,1.13935171e-13,2.242131641e-13,1.17139743e-13,2.084245317e-13,3.098014746e-14,1.936636371e-13,4.894659767e-13,1.085168119e-13,1.767083256e-13,4.862760112e-13,1.223403322e-12,1.319712505e-12,6.130485515e-13,3.050171036e-13,9.261184438e-14,3.871175091e-13,2.522881248e-13,3.52127773e-14,3.658262379e-14,1.416456691e-13,1.366045353e-13,2.16072826e-13,5.474940078e-13,1.705282505e-13,6.543364827e-13,1.674760624e-13,6.480693613e-13,8.177533412e-14
75.578125,1.829589391e-13,2.992882227e-13,6.590601072e-13,5.154220288e-13,1.171088472e-13,2.227152161e-13,1.175040143e-13,2.076869849e-13,3.179038915e-14,1.91716802e-13,4.944232045e-13,1.102615504e-13,1.796367838e-13,4.926823766e-13,1.21951987e-12,1.313020481e-12,6.111097189e-13,3.049863566e-13,9.428594636e-14,3.88174387e-13,2.503500366e-13,3.633144085e-14,3.663256432e-14,1.412356394e-13,1.367424938e-13,2.162849966e-13,5.569518632e-13,1.705984876e-13,6.603952428e-13,1.68378315e-13,6.554387347e-13,8.088766657e-14
75.5859375,1.810831299e-13,2.979943586e-13,6.627136667e-13,5.162054749e-13,1.203504373e-13,2.21212705e-13,1.178261693e-13,2.070461882e-13,3.2630041e-14,1.897435821e-13,4.995299685e-13,1.120239299e-13,1.825706114e-13,4.989674816e-13,1.215503494e-12,1.306539449e-12,6.093227692e-13,3.0504647e-13,9.602167531e-14,3.8951784e-13,2.485362772e-13,3.745739547e-14,3.672027976e-14,1.408360028e-13,1.368743742e-13,2.164945054e-13,5.665427562e-13,1.706194966e-13,6.66526303e-13,1.693006432e-13,6.627897695e-13,8.003349007e-14
75.59375,1.793049287e-13,2.964467306e-13,6.664764009e-13,5.165203281e-13,1.236444853e-13,2.196184431e-13,1.181568684e-13,2.0646018e-13,3.349708217e-14,1.878868709e-13,5.047141809e-13,1.137786382e-13,1.855442816e-13,5.053695936e-13,1.211176183e-12,1.2997035e-12,6.076554238e-13,3.051367154e-13,9.782434813e-14,3.907900336e-13,2.467338742e-13,3.860768837e-14,3.68008122e-14,1.404731221e-13,1.37035552e-13,2.165794871e-13,5.762059444e-13,1.705390739e-13,6.726753414e-13,1.702246285e-13,6.701157601e-13,7.913234273e-14
75.6015625,1.77605066e-13,2.94273478e-13,6.702403321e-13,5.167125349e-13,1.270648951e-13,2.179292381e-13,1.18493849e-13,2.058448232e-13,3.439735937e-14,1.861669091e-13,5.098580214e-13,1.155309208e-13,1.885551314e-13,5.118435241e-13,1.206236026e-12,1.29210336e-12,6.059700356e-13,3.052091127e-13,9.966309861e-14,3.917568203e-13,2.44802728e-13,3.98025347e-14,3.689994274e-14,1.401834423e-13,1.372453148e-13,2.165742461e-13,5.861012423e-13,1.704495393e-13,6.788801543e-13,1.711114594e-13,6.774493291e-13,7.821263286e-14
75.609375,1.760189299e-13,2.920124667e-13,6.739604083e-13,5.169629406e-13,1.305810874e-13,2.162035208e-13,1.188287973e-13,2.052287305e-13,3.535140218e-14,1.84543713e-13,5.149979207e-13,1.173229931e-13,1.915433199e-13,5.181530259e-13,1.20078206e-12,1.284050425e-12,6.04167457e-13,3.052802989e-13,1.015447339e-13,3.92726341e-13,2.429002188e-13,4.102200212e-14,3.704336017e-14,1.399622227e-13,1.374518681e-13,2.165577774e-13,5.96125116e-13,1.704610882e-13,6.852571638e-13,1.71976491e-13,6.848154144e-13,7.733453856e-14
75.6171875,1.746185906e-13,2.902293727e-13,6.778122117e-13,5.169351143e-13,1.340358866e-13,2.144892504e-13,1.191215556e-13,2.046311803e-13,3.634191396e-14,1.829118305e-13,5.202245419e-13,1.191784469e-13,1.945483172e-13,5.244403964e-13,1.194992227e-12,1.275846436e-12,6.023910029e-13,3.053524562e-13,1.03501132e-13,3.936290664e-13,2.412282616e-13,4.224795591e-14,3.719508077e-14,1.397840014e-13,1.376167664e-13,2.165383813e-13,6.061396854e-13,1.705861148e-13,6.919153337e-13,1.728714408e-13,6.921640261e-13,7.646374186e-14
75.625,1.733344319e-13,2.884526387e-13,6.818103115e-13,5.168576409e-13,1.37457961e-13,2.127545355e-13,1.193107209e-13,2.039937454e-13,3.733044142e-14,1.812328342e-13,5.255161357e-13,1.210535186e-13,1.975878452e-13,5.307206321e-13,1.188705558e-12,1.267487952e-12,6.008356025e-13,3.05383098e-13,1.05495697e-13,3.943147219e-13,2.39609961e-13,4.348661862e-14,3.735504853e-14,1.396142062e-13,1.377643878e-13,2.164946591e-13,6.162201867e-13,1.70770192e-13,6.987113114e-13,1.737719328e-13,6.994004936e-13,7.557744207e-14
75.6328125,1.720723081e-13,2.86225695e-13,6.855714976e-13,5.168371719e-13,1.409762833e-13,2.108605457e-13,1.194285036e-13,2.033442111e-13,3.833950244e-14,1.796124178e-13,5.307369701e-13,1.228824198e-13,2.005359065e-13,5.366253851e-13,1.181686464e-12,1.258774043e-12,5.993197797e-13,3.05297418e-13,1.074689197e-13,3.950322476e-13,2.377711645e-13,4.473640482e-14,3.756094922e-14,1.394522884e-13,1.37895742e-13,2.163543967e-13,6.263147533e-13,1.70933217e-13,7.052780909e-13,1.746041192e-13,7.064557999e-13,7.471980174e-14
75.640625,1.70953469e-13,2.837169983e-13,6.891173046e-13,5.165134502e-13,1.446141938e-13,2.088409201e-13,1.195526258e-13,2.027648454e-13,3.940435796e-14,1.780604876e-13,5.358869996e-13,1.246803599e-13,2.034116672e-13,5.422943517e-13,1.174148246e-12,1.24963918e-12,5.977272256e-13,3.051536634e-13,1.094576569e-13,3.957534726e-13,2.358048921e-13,4.59988988e-14,3.780101178e-14,1.393518085e-13,1.380094811e-13,2.160747626e-13,6.364120479e-13,1.710240788e-13,7.115978447e-13,1.753959164e-13,7.134559834e-13,7.389160942e-14
75.6484375,1.700875634e-13,2.811109656e-13,6.929811282e-13,5.161280765e-13,1.483667467e-13,2.069342474e-13,1.196591918e-13,2.022253626e-13,4.049532566e-14,1.764990584e-13,5.411571043e-13,1.265334969e-13,2.063897739e-13,5.481645033e-13,1.166538609e-12,1.240476276e-12,5.963807846e-13,3.051487792e-13,1.115386457e-13,3.963230487e-13,2.339805105e-13,4.728461026e-14,3.804432764e-14,1.393304673e-13,1.381381209e-13,2.157665212e-13,6.466719558e-13,1.711182363e-13,7.180496163e-13,1.762395472e-13,7.205930747e-13,7.305061631e-14
75.65625,1.69340289e-13,2.785237297e-13,6.970201754e-13,5.159703819e-13,1.52145273e-13,2.050939426e-13,1.196992727e-13,2.016774886e-13,4.158790386e-14,1.749648708e-13,5.465125395e-13,1.284215493e-13,2.093932554e-13,5.539891715e-13,1.15884376e-12,1.231562962e-12,5.953490576e-13,3.052571329e-13,1.136629622e-13,3.96953744e-13,2.323037601e-13,4.858096492e-14,3.82821791e-14,1.393403849e-13,1.382644151e-13,2.155092264e-13,6.570215544e-13,1.713165197e-13,7.247353095e-13,1.771017556e-13,7.276658641e-13,7.219751208e-14
75.6640625,1.686215605e-13,2.760138077e-13,7.006749559e-13,5.157619177e-13,1.558100643e-13,2.030818496e-13,1.197152389e-13,2.011394299e-13,4.269062461e-14,1.734652532e-13,5.517209129e-13,1.302338959e-13,2.122247978e-13,5.594637962e-13,1.150861824e-12,1.222762256e-12,5.944111387e-13,3.053124183e-13,1.157330561e-13,3.97629236e-13,2.305690146e-13,4.987519172e-14,3.850333028e-14,1.393356517e-13,1.383606375e-13,2.152248198e-13,6.67394539e-13,1.715627432e-13,7.314660661e-13,1.778822463e-13,7.344035692e-13,7.135367024e-14
75.671875,1.680332407e-13,2.73438702e-13,7.041870295e-13,5.154927304e-13,1.594054876e-13,2.010056148e-13,1.197438974e-13,2.006057934e-13,4.378850155e-14,1.719417252e-13,5.568663135e-13,1.319960462e-13,2.149661809e-13,5.64876204e-13,1.142762763e-12,1.214099216e-12,5.937132255e-13,3.054075352e-13,1.177871667e-13,3.98145941e-13,2.287299077e-13,5.11781132e-14,3.871174659e-14,1.393187996e-13,1.384592171e-13,2.148674091e-13,6.779299572e-13,1.717631066e-13,7.381977643e-13,1.78619515e-13,7.410525036e-13,7.052573384e-14
75.6796875,1.676156131e-13,2.707045884e-13,7.079250834e-13,5.151776271e-13,1.630154748e-13,1.990291458e-13,1.197559754e-13,2.000919477e-13,4.489144983e-14,1.704757729e-13,5.62172599e-13,1.337767121e-13,2.177544214e-13,5.702959604e-13,1.134564655e-12,1.205578271e-12,5.933900844e-13,3.056422598e-13,1.198875289e-13,3.986830227e-13,2.269372738e-13,5.248923065e-14,3.893822999e-14,1.393521273e-13,1.385678019e-13,2.144581014e-13,6.8848336e-13,1.719537641e-13,7.449021833e-13,1.794066502e-13,7.477879452e-13,6.972647288e-14
75.6875,1.673349563e-13,2.679065891e-13,7.116252746e-13,5.146309028e-13,1.666255075e-13,1.970126726e-13,1.197402338e-13,1.996498885e-13,4.60498628e-14,1.691351737e-13,5.675697198e-13,1.355221783e-13,2.205261236e-13,5.7550652e-13,1.125999216e-12,1.196946665e-12,5.932406268e-13,3.059011606e-13,1.220112261e-13,3.993274377e-13,2.252437066e-13,5.380536486e-14,3.919617407e-14,1.394654973e-13,1.386719287e-13,2.140067398e-13,6.98887481e-13,1.722333729e-13,7.515338531e-13,1.802271911e-13,7.54326239e-13,6.895210318e-14
75.6953125,1.672480116e-13,2.652412687e-13,7.153163856e-13,5.142050819e-13,1.703577468e-13,1.949413791e-13,1.197081568e-13,1.992317828e-13,4.726425217e-14,1.678344601e-13,5.729395711e-13,1.372821119e-13,2.232660452e-13,5.807310045e-13,1.117241882e-12,1.188403939e-12,5.933073293e-13,3.062289475e-13,1.242036276e-13,3.999448371e-13,2.235630996e-13,5.515515999e-14,3.94719348e-14,1.395893938e-13,1.38796463e-13,2.135660047e-13,7.09334468e-13,1.726669108e-13,7.582431524e-13,1.810511703e-13,7.60712441e-13,6.817446522e-14
75.703125,1.674062783e-13,2.62782184e-13,7.194061979e-13,5.139644794e-13,1.743714676e-13,1.929759131e-13,1.196480258e-13,1.987676711e-13,4.851097531e-14,1.665606827e-13,5.783384488e-13,1.392127424e-13,2.260883737e-13,5.86212225e-13,1.108590596e-12,1.180341935e-12,5.937703119e-13,3.067885682e-13,1.26543717e-13,4.006357924e-13,2.219110534e-13,5.656080948e-14,3.974863429e-14,1.397118289e-13,1.389430289e-13,2.131537198e-13,7.198327396e-13,1.731960959e-13,7.651662195e-13,1.81887949e-13,7.673132234e-13,6.740524548e-14
75.7109375,1.677151733e-13,2.602131067e-13,7.236824264e-13,5.132933096e-13,1.785360411e-13,1.910126882e-13,1.195503132e-13,1.982914689e-13,4.978277461e-14,1.653304359e-13,5.837399785e-13,1.412214247e-13,2.289895925e-13,5.916818478e-13,1.099780228e-12,1.172430595e-12,5.943986839e-13,3.074703812e-13,1.28933312e-13,4.013380122e-13,2.203785349e-13,5.798693398e-14,4.001616572e-14,1.399138965e-13,1.390888851e-13,2.127014471e-13,7.302333879e-13,1.736282871e-13,7.722783598e-13,1.826901305e-13,7.739562167e-13,6.668036568e-14
75.71875,1.680337583e-13,2.573065608e-13,7.275783246e-13,5.123731113e-13,1.825996062e-13,1.888870891e-13,1.194230546e-13,1.978213845e-13,5.103813458e-14,1.640416713e-13,5.889206292e-13,1.430976245e-13,2.318410933e-13,5.96885434e-13,1.090522404e-12,1.164220008e-12,5.949047408e-13,3.080528756e-13,1.312160869e-13,4.01788127e-13,2.189120571e-13,5.937489636e-14,4.02767756e-14,1.401726485e-13,1.392257468e-13,2.122016707e-13,7.406058152e-13,1.738863994e-13,7.794455424e-13,1.83410508e-13,7.801790373e-13,6.597726066e-14
75.7265625,1.684337475e-13,2.544208261e-13,7.310783332e-13,5.116312245e-13,1.865542727e-13,1.867340432e-13,1.192809077e-13,1.97345174e-13,5.227161965e-14,1.627223548e-13,5.937470334e-13,1.448892096e-13,2.346192424e-13,6.019422913e-13,1.080971854e-12,1.155909855e-12,5.954327567e-13,3.085402246e-13,1.334307815e-13,4.021534675e-13,2.173992341e-13,6.073097624e-14,4.053419878e-14,1.404167406e-13,1.39321097e-13,2.116446991e-13,7.508159539e-13,1.74149519e-13,7.86405316e-13,1.840643951e-13,7.859922726e-13,6.525099563e-14
75.734375,1.691752656e-13,2.51812648e-13,7.345588176e-13,5.106382569e-13,1.905722163e-13,1.847313504e-13,1.191396819e-13,1.969201816e-13,5.35504169e-14,1.61543882e-13,5.98402088e-13,1.467311203e-13,2.374122214e-13,6.069897167e-13,1.071318824e-12,1.147789157e-12,5.962910777e-13,3.091012753e-13,1.357003855e-13,4.026215943e-13,2.158493908e-13,6.211365137e-14,4.078438022e-14,1.406858827e-13,1.39368054e-13,2.10948499e-13,7.606568512e-13,1.745827257e-13,7.931235789e-13,1.846347145e-13,7.91675346e-13,6.451550429e-14
75.7421875,1.702192109e-13,2.491590383e-13,7.381330115e-13,5.095030702e-13,1.946532172e-13,1.82832611e-13,1.190001954e-13,1.965747136e-13,5.486077086e-14,1.604924349e-13,6.030885564e-13,1.485828066e-13,2.402344231e-13,6.119445898e-13,1.061589061e-12,1.1398838e-12,5.975297644e-13,3.097999746e-13,1.379763428e-13,4.030268033e-13,2.142988022e-13,6.351472681e-14,4.103534194e-14,1.409959645e-13,1.394257203e-13,2.101748466e-13,7.704148322e-13,1.75084325e-13,7.999284593e-13,1.851054759e-13,7.972955847e-13,6.380930632e-14
75.75,1.711756616e-13,2.462536369e-13,7.416848763e-13,5.087330875e-13,1.986531366e-13,1.808833321e-13,1.18859129e-13,1.962230684e-13,5.613302999e-14,1.594568931e-13,6.077398647e-13,1.5039401e-13,2.430642216e-13,6.167703324e-13,1.05175319e-12,1.132213441e-12,5.989881299e-13,3.10531286e-13,1.401524797e-13,4.03440719e-13,2.127383247e-13,6.487876197e-14,4.129682478e-14,1.412770344e-13,1.395147777e-13,2.094757484e-13,7.803330148e-13,1.754569747e-13,8.069338127e-13,1.855612829e-13,8.02799066e-13,6.313168472e-14
75.7578125,1.719807716e-13,2.433646303e-13,7.452639933e-13,5.07725834e-13,2.026177143e-13,1.78811209e-13,1.187028071e-13,1.957447049e-13,5.73832226e-14,1.584478314e-13,6.123016688e-13,1.5221558e-13,2.45931422e-13,6.216178474e-13,1.041660262e-12,1.124589879e-12,6.005373344e-13,3.112488843e-13,1.42300847e-13,4.039545196e-13,2.111988573e-13,6.621988246e-14,4.154308974e-14,1.415223023e-13,1.395930553e-13,2.088287517e-13,7.90147069e-13,1.757664946e-13,8.139375396e-13,1.860778193e-13,8.081443031e-13,6.245259456e-14
75.765625,1.729959655e-13,2.406535523e-13,7.489145918e-13,5.061868718e-13,2.066465521e-13,1.767059371e-13,1.184713337e-13,1.951079718e-13,5.863263235e-14,1.574671992e-13,6.168236053e-13,1.540560577e-13,2.487840414e-13,6.264845824e-13,1.03114371e-12,1.116670977e-12,6.021274546e-13,3.120188092e-13,1.445061746e-13,4.042204515e-13,2.097128352e-13,6.757649779e-14,4.175182502e-14,1.417928251e-13,1.396279769e-13,2.081376186e-13,7.995997573e-13,1.762677973e-13,8.208372379e-13,1.8662018e-13,8.132730219e-13,6.17589316e-14
75.7734375,1.743770995e-13,2.379313747e-13,7.525208633e-13,5.049607348e-13,2.106851885e-13,1.746974815e-13,1.18146439e-13,1.944837287e-13,5.989597816e-14,1.565121875e-13,6.212280447e-13,1.558995338e-13,2.515739503e-13,6.312667791e-13,1.020410473e-12,1.108705373e-12,6.038650505e-13,3.128602709e-13,1.467076727e-13,4.042326076e-13,2.082693432e-13,6.895390612e-14,4.196416795e-14,1.421399107e-13,1.396331655e-13,2.073951756e-13,8.087472072e-13,1.769810873e-13,8.27714213e-13,1.8712667e-13,8.183228214e-13,6.108041388e-14
75.78125,1.759741172e-13,2.351646859e-13,7.561384483e-13,5.041088202e-13,2.147761188e-13,1.727645491e-13,1.178300308e-13,1.940690744e-13,6.125133223e-14,1.556827782e-13,6.254789035e-13,1.577907179e-13,2.544122639e-13,6.36114022e-13,1.009887588e-12,1.10130262e-12,6.059827365e-13,3.137707968e-13,1.488924619e-13,4.04514303e-13,2.068806276e-13,7.036368267e-14,4.222045542e-14,1.42567687e-13,1.3967075e-13,2.066375339e-13,8.177847288e-13,1.777340261e-13,8.347052928e-13,1.875878515e-13,8.235317894e-13,6.045190223e-14
75.7890625,1.776533325e-13,2.32535415e-13,7.597855207e-13,5.030070139e-13,2.189748827e-13,1.70822749e-13,1.175916267e-13,1.93754268e-13,6.265921864e-14,1.549586625e-13,6.295959025e-13,1.597052572e-13,2.572938824e-13,6.410616618e-13,9.995432664e-13,1.094442436e-12,6.084614929e-13,3.147102043e-13,1.510744418e-13,4.051212063e-13,2.055350405e-13,7.177039198e-14,4.248078984e-14,1.430052955e-13,1.397601305e-13,2.059087223e-13,8.267721232e-13,1.78454512e-13,8.417159375e-13,1.880355981e-13,8.286716127e-13,5.985655533e-14
75.796875,1.79343905e-13,2.299484587e-13,7.632353139e-13,5.017859955e-13,2.231241909e-13,1.689341899e-13,1.173713994e-13,1.933130785e-13,6.39638483e-14,1.541629976e-13,6.334405361e-13,1.615658512e-13,2.60080752e-13,6.458951559e-13,9.891128837e-13,1.087862213e-12,6.111231148e-13,3.155875334e-13,1.5316281e-13,4.056930781e-13,2.041911889e-13,7.310360673e-14,4.269784994e-14,1.434199335e-13,1.398260794e-13,2.052043557e-13,8.354823462e-13,1.790640601e-13,8.484824884e-13,1.884888227e-13,8.333675272e-13,5.92522613e-14
75.8046875,1.810895605e-13,2.27356978e-13,7.666185164e-13,5.007484714e-13,2.272162115e-13,1.672254221e-13,1.171320443e-13,1.927954306e-13,6.520200451e-14,1.533236547e-13,6.370525059e-13,1.634390729e-13,2.628242049e-13,6.507340625e-13,9.788793446e-13,1.08183136e-12,6.140656171e-13,3.165136931e-13,1.551823241e-13,4.062739924e-13,2.029058789e-13,7.440178367e-14,4.288503682e-14,1.438735312e-13,1.398313638e-13,2.044697961e-13,8.437294608e-13,1.795617822e-13,8.551204754e-13,1.889202966e-13,8.378443865e-13,5.862924249e-14
75.8125,1.830803649e-13,2.251273046e-13,7.70203374e-13,4.998640823e-13,2.314334707e-13,1.656938161e-13,1.169279855e-13,1.923666916e-13,6.652243446e-14,1.526217906e-13,6.406658765e-13,1.653903641e-13,2.655558622e-13,6.557815931e-13,9.6918847e-13,1.076546283e-12,6.173978278e-13,3.176823819e-13,1.572638812e-13,4.071072671e-13,2.017271749e-13,7.574082503e-14,4.305047569e-14,1.443520068e-13,1.398287115e-13,2.03712949e-13,8.516397175e-13,1.80241037e-13,8.618127635e-13,1.893070295e-13,8.423698582e-13,5.801028284e-14
75.8203125,1.853605543e-13,2.231825062e-13,7.736801037e-13,4.990546827e-13,2.357486452e-13,1.642439961e-13,1.167860789e-13,1.920417009e-13,6.79082979e-14,1.519893886e-13,6.441886914e-13,1.673162649e-13,2.681602712e-13,6.60820742e-13,9.597546129e-13,1.071778175e-12,6.210005972e-13,3.189887689e-13,1.593623165e-13,4.080954116e-13,2.005702583e-13,7.709072733e-14,4.318017869e-14,1.44774963e-13,1.398565379e-13,2.029718705e-13,8.593692795e-13,1.81156407e-13,8.68336661e-13,1.896613252e-13,8.46683618e-13,5.743289602e-14
75.828125,1.877252882e-13,2.209842169e-13,7.7680051e-13,4.980549424e-13,2.400234431e-13,1.628155019e-13,1.1666446e-13,1.917621533e-13,6.928796369e-14,1.512503692e-13,6.474422839e-13,1.691837394e-13,2.707156863e-13,6.657036143e-13,9.503145303e-13,1.067387548e-12,6.248041334e-13,3.202565424e-13,1.613935512e-13,4.089793552e-13,1.994187622e-13,7.839982392e-14,4.329672328e-14,1.451612031e-13,1.399042049e-13,2.022620154e-13,8.668737865e-13,1.819242498e-13,8.746993201e-13,1.899973073e-13,8.506121184e-13,5.691711312e-14
75.8359375,1.900947049e-13,2.186941829e-13,7.798005606e-13,4.969107938e-13,2.441938973e-13,1.614408949e-13,1.165371297e-13,1.914613991e-13,7.06507026e-14,1.505071637e-13,6.50484887e-13,1.710699763e-13,2.73331085e-13,6.705366919e-13,9.410167911e-13,1.063283776e-12,6.28773571e-13,3.215492616e-13,1.634019455e-13,4.097110512e-13,1.983396638e-13,7.965930824e-14,4.34324357e-14,1.455526191e-13,1.399448499e-13,2.016222471e-13,8.740248854e-13,1.82553792e-13,8.811677358e-13,1.903368685e-13,8.542230663e-13,5.642584847e-14
75.84375,1.9265763e-13,2.167537711e-13,7.827045249e-13,4.9607285e-13,2.482441785e-13,1.602076731e-13,1.164211961e-13,1.91106007e-13,7.197144475e-14,1.499321318e-13,6.532681664e-13,1.729263886e-13,2.758912431e-13,6.752896118e-13,9.318857078e-13,1.059454298e-12,6.329505317e-13,3.229784337e-13,1.653901899e-13,4.104760516e-13,1.972736967e-13,8.087106395e-14,4.358250734e-14,1.459453573e-13,1.399766628e-13,2.010277224e-13,8.808048874e-13,1.834276769e-13,8.876508896e-13,1.906858972e-13,8.574550876e-13,5.591474539e-14
75.8515625,1.954807955e-13,2.149812644e-13,7.853445972e-13,4.953520714e-13,2.522180825e-13,1.591161332e-13,1.163157572e-13,1.907636881e-13,7.325287105e-14,1.494162682e-13,6.55690361e-13,1.746764795e-13,2.783445029e-13,6.798989165e-13,9.228467003e-13,1.056212142e-12,6.375318908e-13,3.245247289e-13,1.672817886e-13,4.114027326e-13,1.961828444e-13,8.205354682e-14,4.372277103e-14,1.463631174e-13,1.400178024e-13,2.003796272e-13,8.872654038e-13,1.844257332e-13,8.940302959e-13,1.909820028e-13,8.60313436e-13,5.539896086e-14
75.859375,1.983909994e-13,2.132491767e-13,7.877517222e-13,4.944243524e-13,2.560644045e-13,1.581079372e-13,1.162198273e-13,1.904587029e-13,7.45286473e-14,1.487917568e-13,6.577951062e-13,1.763596418e-13,2.807203665e-13,6.844408565e-13,9.140330169e-13,1.053627584e-12,6.424420451e-13,3.260848928e-13,1.690188813e-13,4.123761689e-13,1.951789541e-13,8.320302809e-14,4.382666729e-14,1.467778171e-13,1.400436297e-13,1.996709023e-13,8.933024535e-13,1.852234813e-13,9.002346445e-13,1.91183117e-13,8.629047601e-13,5.490243657e-14
75.8671875,2.013710015e-13,2.116828147e-13,7.900111664e-13,4.936968666e-13,2.597505706e-13,1.572406942e-13,1.161908323e-13,1.900984604e-13,7.578093872e-14,1.481298994e-13,6.595864132e-13,1.780196801e-13,2.829756521e-13,6.890553314e-13,9.055645322e-13,1.051422333e-12,6.474821252e-13,3.276416795e-13,1.706345501e-13,4.133062543e-13,1.942675748e-13,8.430433953e-14,4.388835961e-14,1.470922189e-13,1.40047175e-13,1.98963062e-13,8.988655887e-13,1.859629384e-13,9.060293713e-13,1.913392024e-13,8.652712117e-13,5.441750292e-14
75.875,2.04585734e-13,2.101303855e-13,7.922828641e-13,4.93204807e-13,2.634899515e-13,1.565711165e-13,1.162387192e-13,1.89664628e-13,7.700621614e-14,1.47572719e-13,6.611793119e-13,1.796991009e-13,2.851486739e-13,6.938421395e-13,8.974051752e-13,1.049624282e-12,6.528422224e-13,3.293512963e-13,1.722654631e-13,4.142846279e-13,1.933488328e-13,8.54011652e-14,4.393230685e-14,1.47325415e-13,1.400834915e-13,1.982958514e-13,9.041673931e-13,1.868229169e-13,9.116538743e-13,1.914863614e-13,8.675048835e-13,5.394787349e-14
75.8828125,2.080460015e-13,2.085974788e-13,7.946871701e-13,4.925308062e-13,2.673185646e-13,1.560395236e-13,1.162731225e-13,1.892328085e-13,7.823377051e-14,1.471306411e-13,6.627532739e-13,1.814346383e-13,2.872946392e-13,6.986686811e-13,8.894994254e-13,1.048355061e-12,6.586574812e-13,3.312930578e-13,1.739333746e-13,4.153361698e-13,1.924500643e-13,8.650898074e-14,4.396852383e-14,1.475746089e-13,1.401311356e-13,1.976797812e-13,9.092005142e-13,1.876955181e-13,9.175347921e-13,1.91603386e-13,8.695665742e-13,5.349209946e-14
75.890625,2.116799937e-13,2.072765453e-13,7.970327267e-13,4.919665182e-13,2.710520328e-13,1.556544837e-13,1.162852835e-13,1.888177159e-13,7.944037289e-14,1.467538256e-13,6.640929024e-13,1.831507908e-13,2.893676673e-13,7.033344857e-13,8.818527642e-13,1.047547917e-12,6.647494365e-13,3.333624014e-13,1.755109543e-13,4.164277907e-13,1.916018843e-13,8.75794863e-14,4.39859786e-14,1.478226148e-13,1.401290879e-13,1.97027397e-13,9.137019196e-13,1.88543623e-13,9.233368347e-13,1.916820483e-13,8.712633727e-13,5.302190824e-14
75.8984375,2.154874403e-13,2.060117126e-13,7.99082728e-13,4.917367404e-13,2.747558187e-13,1.554368353e-13,1.163539595e-13,1.883885206e-13,8.06085048e-14,1.463940826e-13,6.649628304e-13,1.847633961e-13,2.913414721e-13,7.078485952e-13,8.745035017e-13,1.047247564e-12,6.710467024e-13,3.354876562e-13,1.769998103e-13,4.175918957e-13,1.907511451e-13,8.861895292e-14,4.39802474e-14,1.479945176e-13,1.401198505e-13,1.962766764e-13,9.177105001e-13,1.894420336e-13,9.28619317e-13,1.917386658e-13,8.726509242e-13,5.255579376e-14
75.90625,2.194473582e-13,2.048254816e-13,8.007290593e-13,4.913914486e-13,2.784676154e-13,1.552830385e-13,1.164544385e-13,1.879418174e-13,8.177602105e-14,1.45995005e-13,6.655449613e-13,1.863018267e-13,2.93202022e-13,7.122930473e-13,8.674324688e-13,1.047421268e-12,6.775458496e-13,3.376697515e-13,1.78471814e-13,4.18782107e-13,1.899527258e-13,8.964695845e-14,4.395040984e-14,1.480864798e-13,1.401348171e-13,1.955646282e-13,9.213789963e-13,1.904136124e-13,9.335140188e-13,1.918003745e-13,8.738645249e-13,5.214852375e-14
75.9140625,2.235831796e-13,2.04025329e-13,8.019880769e-13,4.909150628e-13,2.821283439e-13,1.551726264e-13,1.165176072e-13,1.874919738e-13,8.29568645e-14,1.455481044e-13,6.658994059e-13,1.878288674e-13,2.950033944e-13,7.168580781e-13,8.605540958e-13,1.047849524e-12,6.842592365e-13,3.399567022e-13,1.799135026e-13,4.199875578e-13,1.89261721e-13,9.06396908e-14,4.391747825e-14,1.481434524e-13,1.401488787e-13,1.949721853e-13,9.247391892e-13,1.914400042e-13,9.382199666e-13,1.918655319e-13,8.748908358e-13,5.178476703e-14
75.921875,2.279460465e-13,2.034050462e-13,8.031415434e-13,4.90566502e-13,2.859003177e-13,1.551865468e-13,1.165657325e-13,1.870442163e-13,8.413501165e-14,1.451194648e-13,6.658678652e-13,1.893849171e-13,2.968666431e-13,7.217114095e-13,8.537718645e-13,1.048410276e-12,6.912661021e-13,3.423883671e-13,1.813312334e-13,4.212909453e-13,1.885511913e-13,9.161406333e-14,4.391020663e-14,1.482168077e-13,1.401786599e-13,1.943723695e-13,9.279777839e-13,1.924323071e-13,9.428733075e-13,1.918641618e-13,8.757900915e-13,5.14146218e-14
75.9296875,2.324182197e-13,2.026545307e-13,8.043006467e-13,4.901885785e-13,2.895738864e-13,1.553664274e-13,1.166561109e-13,1.865805974e-13,8.529382793e-14,1.447673291e-13,6.655521897e-13,1.909499664e-13,2.986615662e-13,7.265244601e-13,8.471040415e-13,1.049056134e-12,6.98433056e-13,3.448195405e-13,1.826603559e-13,4.224684778e-13,1.877792648e-13,9.256549078e-14,4.390164304e-14,1.483144496e-13,1.402012208e-13,1.937279265e-13,9.310940105e-13,1.933461493e-13,9.475740904e-13,1.917722725e-13,8.764953521e-13,5.104848861e-14
75.9375,2.368736739e-13,2.02009258e-13,8.051268029e-13,4.89920707e-13,2.926939425e-13,1.557633387e-13,1.168207104e-13,1.860969996e-13,8.640952074e-14,1.444703409e-13,6.65046995e-13,1.924358671e-13,3.001673312e-13,7.309952077e-13,8.408066015e-13,1.049958779e-12,7.056469604e-13,3.471594846e-13,1.837852699e-13,4.232762739e-13,1.871025431e-13,9.342999617e-14,4.385226027e-14,1.483551232e-13,1.40165346e-13,1.931264536e-13,9.336190014e-13,1.942976794e-13,9.521530964e-13,1.916697513e-13,8.767314449e-13,5.071204183e-14
75.9453125,2.414090577e-13,2.016502704e-13,8.055368982e-13,4.900760427e-13,2.956576976e-13,1.562917023e-13,1.170213115e-13,1.856008945e-13,8.749762172e-14,1.441824957e-13,6.641658452e-13,1.938288838e-13,3.014807751e-13,7.354421596e-13,8.350443205e-13,1.051454207e-12,7.130940178e-13,3.496225108e-13,1.848276968e-13,4.240858676e-13,1.86550738e-13,9.424960249e-14,4.376915874e-14,1.482752396e-13,1.401178666e-13,1.925497136e-13,9.352771724e-13,1.953458481e-13,9.563560601e-13,1.915758065e-13,8.765095311e-13,5.04008664e-14
75.953125,2.46157168e-13,2.014650343e-13,8.058217113e-13,4.903032719e-13,2.989711935e-13,1.567601114e-13,1.171779247e-13,1.850439566e-13,8.859712327e-14,1.43929133e-13,6.628723922e-13,1.952015969e-13,3.027399783e-13,7.400388591e-13,8.296544188e-13,1.053524651e-12,7.208429611e-13,3.523154137e-13,1.85921401e-13,4.252550162e-13,1.860112166e-13,9.510857794e-14,4.365161176e-14,1.48146803e-13,1.400924337e-13,1.919531962e-13,9.363182758e-13,1.964319903e-13,9.600726503e-13,1.914348959e-13,8.760555771e-13,5.01174782e-14
75.9609375,2.510590398e-13,2.014425168e-13,8.059915938e-13,4.902721813e-13,3.02201048e-13,1.572635416e-13,1.173420775e-13,1.844009423e-13,8.967275481e-14,1.437538629e-13,6.613731564e-13,1.96550979e-13,3.039240522e-13,7.445472086e-13,8.246257952e-13,1.056109588e-12,7.288389778e-13,3.550840221e-13,1.869463469e-13,4.265189517e-13,1.854956727e-13,9.594112096e-14,4.349488578e-14,1.480544872e-13,1.400636667e-13,1.913957891e-13,9.371417762e-13,1.97522781e-13,9.634760299e-13,1.912694791e-13,8.754332149e-13,4.986341393e-14
75.96875,2.559985438e-13,2.01555522e-13,8.058894182e-13,4.902398262e-13,3.050764432e-13,1.579677335e-13,1.176288479e-13,1.837519584e-13,9.067269055e-14,1.436229479e-13,6.597453878e-13,1.978331728e-13,3.050909915e-13,7.490411617e-13,8.201491726e-13,1.059404361e-12,7.371323459e-13,3.578995207e-13,1.878619626e-13,4.277049048e-13,1.850684171e-13,9.667753655e-14,4.333446736e-14,1.479578171e-13,1.400660514e-13,1.909200963e-13,9.379197029e-13,1.985533781e-13,9.669535389e-13,1.911128638e-13,8.746505796e-13,4.963168807e-14
75.9765625,2.611069888e-13,2.016945455e-13,8.055919326e-13,4.903831747e-13,3.080024971e-13,1.587915874e-13,1.179876323e-13,1.831468883e-13,9.163856257e-14,1.434941401e-13,6.578794658e-13,1.990742726e-13,3.062537967e-13,7.537408248e-13,8.16133129e-13,1.063262732e-12,7.456891893e-13,3.608544473e-13,1.887427998e-13,4.289619405e-13,1.84714025e-13,9.737706211e-14,4.318808592e-14,1.478039658e-13,1.401178305e-13,1.904804055e-13,9.383741917e-13,1.995008967e-13,9.704417171e-13,1.909144186e-13,8.736490129e-13,4.944491867e-14
75.984375,2.665538303e-13,2.01866205e-13,8.051945403e-13,4.906741106e-13,3.109945177e-13,1.597446218e-13,1.183246471e-13,1.825623835e-13,9.260808734e-14,1.433663987e-13,6.556412883e-13,2.002783746e-13,3.07271087e-13,7.584946779e-13,8.124290809e-13,1.06738007e-12,7.544498267e-13,3.639235656e-13,1.895023013e-13,4.301852732e-13,1.844339072e-13,9.805286738e-14,4.303929714e-14,1.476072085e-13,1.4016571e-13,1.900358628e-13,9.38133095e-13,2.004694998e-13,9.734922757e-13,1.906601831e-13,8.722382569e-13,4.931589285e-14
75.9921875,2.72086473e-13,2.020965552e-13,8.0462291e-13,4.910985392e-13,3.137272255e-13,1.608930357e-13,1.186719711e-13,1.819999046e-13,9.353491865e-14,1.432124863e-13,6.529979284e-13,2.013895757e-13,3.0813913e-13,7.63118682e-13,8.091028586e-13,1.071807991e-12,7.633383763e-13,3.670251903e-13,1.901045477e-13,4.312593123e-13,1.842211869e-13,9.86489204e-14,4.288554321e-14,1.473526421e-13,1.402011694e-13,1.896141353e-13,9.373212633e-13,2.014396167e-13,9.761486216e-13,1.903969242e-13,8.704383726e-13,4.920317356e-14
76,2.774709602e-13,2.02442186e-13,8.038204295e-13,4.914621527e-13,3.162626082e-13,1.620987208e-13,1.190652078e-13,1.814461655e-13,9.441778193e-14,1.430146256e-13,6.501119461e-13,2.024279363e-13,3.089927755e-13,7.677311504e-13,8.06190204e-13,1.07660501e-12,7.722540255e-13,3.70188575e-13,1.906954351e-13,4.323781557e-13,1.840205408e-13,9.920582136e-14,4.272557004e-14,1.470356281e-13,1.402577857e-13,1.892522739e-13,9.362974561e-13,2.023569346e-13,9.787493695e-13,1.901283036e-13,8.685343448e-13,4.908506045e-14
76.0078125,2.82954617e-13,2.030821409e-13,8.028895144e-13,4.916890919e-13,3.187374434e-13,1.633502111e-13,1.194884127e-13,1.808815996e-13,9.532361864e-14,1.428171456e-13,6.47193594e-13,2.034722644e-13,3.098257339e-13,7.72473301e-13,8.037131771e-13,1.081793176e-12,7.81430723e-13,3.735257847e-13,1.91303335e-13,4.335689522e-13,1.83884987e-13,9.978570356e-14,4.256162151e-14,1.467239624e-13,1.403423664e-13,1.889396732e-13,9.351089078e-13,2.034095783e-13,9.813449367e-13,1.898569217e-13,8.666261524e-13,4.899367339e-14
76.015625,2.8857238e-13,2.039748809e-13,8.019827751e-13,4.920854289e-13,3.210444309e-13,1.647666782e-13,1.199370811e-13,1.803462407e-13,9.623750152e-14,1.426546794e-13,6.442256081e-13,2.045207356e-13,3.105129076e-13,7.772560265e-13,8.01638818e-13,1.087375368e-12,7.909709188e-13,3.769704534e-13,1.918120117e-13,4.346473835e-13,1.839001458e-13,1.003350416e-13,4.240878779e-14,1.464041895e-13,1.40432193e-13,1.886818932e-13,9.336249286e-13,2.046211438e-13,9.83916842e-13,1.896167896e-13,8.645377223e-13,4.894426417e-14
76.0234375,2.940367972e-13,2.047339118e-13,8.010873105e-13,4.926651458e-13,3.231623436e-13,1.662715095e-13,1.204186287e-13,1.798059979e-13,9.708567146e-14,1.425284558e-13,6.409929951e-13,2.05535786e-13,3.110451149e-13,7.820168025e-13,7.998001831e-13,1.093050995e-12,8.004444019e-13,3.803411747e-13,1.921797408e-13,4.356551567e-13,1.839366131e-13,1.008029764e-13,4.225592078e-14,1.459917501e-13,1.405121332e-13,1.885317055e-13,9.318526484e-13,2.056268903e-13,9.864174854e-13,1.893683591e-13,8.62206601e-13,4.892336871e-14
76.03125,2.995380338e-13,2.051879358e-13,7.999889052e-13,4.929586389e-13,3.252237294e-13,1.678007365e-13,1.209459161e-13,1.791591469e-13,9.786687325e-14,1.424020449e-13,6.373762461e-13,2.06514666e-13,3.11527183e-13,7.869076072e-13,7.982564613e-13,1.09878455e-12,8.099039069e-13,3.837719732e-13,1.924639067e-13,4.367571431e-13,1.838318912e-13,1.012254898e-13,4.209207604e-14,1.455202612e-13,1.406335235e-13,1.884813667e-13,9.298804162e-13,2.063025568e-13,9.886767419e-13,1.890338136e-13,8.597292894e-13,4.892717216e-14
76.0390625,3.054069577e-13,2.056957542e-13,7.985922178e-13,4.928588689e-13,3.272946424e-13,1.69402157e-13,1.214914588e-13,1.784422418e-13,9.862733933e-14,1.421917749e-13,6.335352517e-13,2.074464719e-13,3.119577904e-13,7.919569076e-13,7.971125486e-13,1.10490687e-12,8.198268575e-13,3.875261533e-13,1.927385769e-13,4.379565108e-13,1.836829891e-13,1.016292146e-13,4.193092186e-14,1.45041251e-13,1.408257524e-13,1.88437547e-13,9.276373649e-13,2.069955281e-13,9.906722507e-13,1.886573716e-13,8.570918826e-13,4.895409564e-14
76.046875,3.114928407e-13,2.065873127e-13,7.97142624e-13,4.927994053e-13,3.293570624e-13,1.710795974e-13,1.21993924e-13,1.77721587e-13,9.940017069e-14,1.419062467e-13,6.297064671e-13,2.083505757e-13,3.122537152e-13,7.969992547e-13,7.961096262e-13,1.111155935e-12,8.299415663e-13,3.914998744e-13,1.930106948e-13,4.391242529e-13,1.836286674e-13,1.020198887e-13,4.175081969e-14,1.445094493e-13,1.409971108e-13,1.883486761e-13,9.249197039e-13,2.079737742e-13,9.924509412e-13,1.883399556e-13,8.542978916e-13,4.899745848e-14
76.0546875,3.17580704e-13,2.076317286e-13,7.95697424e-13,4.930146864e-13,3.312823423e-13,1.728650125e-13,1.224718178e-13,1.769485332e-13,1.001813833e-13,1.416580027e-13,6.257941579e-13,2.0924089e-13,3.123934341e-13,8.018935696e-13,7.951088338e-13,1.117033689e-12,8.397977666e-13,3.954119207e-13,1.931992477e-13,4.401379378e-13,1.835739556e-13,1.023995237e-13,4.152685292e-14,1.439347438e-13,1.410951252e-13,1.88248745e-13,9.216984898e-13,2.091035844e-13,9.93904176e-13,1.880430181e-13,8.513998989e-13,4.905236158e-14
76.0625,3.236085565e-13,2.084817226e-13,7.937988685e-13,4.933322082e-13,3.328930357e-13,1.747295652e-13,1.229762342e-13,1.761287029e-13,1.009077827e-13,1.41451071e-13,6.215139281e-13,2.100192263e-13,3.123524937e-13,8.064864205e-13,7.942614067e-13,1.122712773e-12,8.495463699e-13,3.991765625e-13,1.932634955e-13,4.410003632e-13,1.834012585e-13,1.027201887e-13,4.129791441e-14,1.433498213e-13,1.41179322e-13,1.881684176e-13,9.18142233e-13,2.100944469e-13,9.949707124e-13,1.87654683e-13,8.481963727e-13,4.911299345e-14
76.0703125,3.296547742e-13,2.093180015e-13,7.914278461e-13,4.935786009e-13,3.343561919e-13,1.766035733e-13,1.234997215e-13,1.75307167e-13,1.015555397e-13,1.412157747e-13,6.169664667e-13,2.106902162e-13,3.121993179e-13,8.109660094e-13,7.936054165e-13,1.128558034e-12,8.593707479e-13,4.029706322e-13,1.932790084e-13,4.417911401e-13,1.832173334e-13,1.029709458e-13,4.109006984e-14,1.426959509e-13,1.4128271e-13,1.881032604e-13,9.143944281e-13,2.109252604e-13,9.958160606e-13,1.871948459e-13,8.446305931e-13,4.918690144e-14
76.078125,3.360089377e-13,2.105261173e-13,7.892538038e-13,4.937974068e-13,3.360676153e-13,1.786349979e-13,1.240418747e-13,1.744263708e-13,1.022013912e-13,1.409434474e-13,6.124373194e-13,2.114381826e-13,3.121198616e-13,8.159035188e-13,7.932379904e-13,1.134663495e-12,8.693310273e-13,4.07036764e-13,1.933127377e-13,4.426034183e-13,1.831799888e-13,1.032337266e-13,4.087246597e-14,1.419859923e-13,1.414096767e-13,1.880568554e-13,9.105146164e-13,2.118624286e-13,9.966358174e-13,1.867615651e-13,8.411150533e-13,4.929548103e-14
76.0859375,3.426147321e-13,2.120531819e-13,7.872507689e-13,4.941719493e-13,3.379626853e-13,1.80892191e-13,1.245865972e-13,1.734879006e-13,1.028812708e-13,1.406014439e-13,6.078013109e-13,2.122446093e-13,3.120442368e-13,8.212240607e-13,7.932668944e-13,1.140977325e-12,8.794260124e-13,4.112577891e-13,1.933251761e-13,4.436168492e-13,1.832675776e-13,1.035282935e-13,4.063157506e-14,1.413113151e-13,1.415477956e-13,1.880207169e-13,9.064106159e-13,2.129717538e-13,9.973286858e-13,1.863519883e-13,8.3772361e-13,4.944106629e-14
76.09375,3.491108098e-13,2.135615093e-13,7.84725068e-13,4.946782654e-13,3.396642223e-13,1.831561227e-13,1.250943207e-13,1.725941983e-13,1.035500471e-13,1.402119972e-13,6.028621695e-13,2.129318263e-13,3.117797282e-13,8.263277875e-13,7.934872633e-13,1.147372851e-12,8.894903992e-13,4.153569017e-13,1.932582725e-13,4.44838534e-13,1.833693461e-13,1.037894382e-13,4.038871286e-14,1.406533423e-13,1.416443616e-13,1.879574856e-13,9.019045416e-13,2.140203634e-13,9.976716049e-13,1.858991251e-13,8.340513336e-13,4.960704405e-14
76.1015625,3.556182998e-13,2.149502109e-13,7.817394829e-13,4.950065046e-13,3.411146371e-13,1.853711203e-13,1.256209608e-13,1.717439924e-13,1.04188872e-13,1.399219106e-13,5.977832362e-13,2.135412415e-13,3.114088491e-13,8.312100901e-13,7.938308998e-13,1.153953656e-12,8.996181953e-13,4.194555743e-13,1.931093025e-13,4.459345765e-13,1.834586971e-13,1.039960946e-13,4.01625772e-14,1.399743106e-13,1.417208843e-13,1.878876083e-13,8.97029629e-13,2.149357598e-13,9.978105697e-13,1.853959299e-13,8.300482925e-13,4.978944715e-14
76.109375,3.622515731e-13,2.163765555e-13,7.787752626e-13,4.952207794e-13,3.423933248e-13,1.876460331e-13,1.262067802e-13,1.708666635e-13,1.048005185e-13,1.396910241e-13,5.926556324e-13,2.141646195e-13,3.10959581e-13,8.360501306e-13,7.944829154e-13,1.160849394e-12,9.098963255e-13,4.236603247e-13,1.928865644e-13,4.468056694e-13,1.835721077e-13,1.04155134e-13,3.995095147e-14,1.392991971e-13,1.41830147e-13,1.878927806e-13,8.919568109e-13,2.158686148e-13,9.979759832e-13,1.848799583e-13,8.259131791e-13,4.999764433e-14
76.1171875,3.687112688e-13,2.179414648e-13,7.758160202e-13,4.957104148e-13,3.435312334e-13,1.899484361e-13,1.267638183e-13,1.699138324e-13,1.053925167e-13,1.393235671e-13,5.873615298e-13,2.147745474e-13,3.103334522e-13,8.408273555e-13,7.953664535e-13,1.167645222e-12,9.199588172e-13,4.277783333e-13,1.926211265e-13,4.477067698e-13,1.837333172e-13,1.042852861e-13,3.972583446e-14,1.385710901e-13,1.419231461e-13,1.879738408e-13,8.867440355e-13,2.16877633e-13,9.98044175e-13,1.843713209e-13,8.217215276e-13,5.022715465e-14
76.125,3.751625805e-13,2.196312213e-13,7.727528477e-13,4.961957843e-13,3.446823294e-13,1.922627062e-13,1.272701357e-13,1.688270699e-13,1.05984518e-13,1.388835132e-13,5.819381361e-13,2.153882543e-13,3.09675326e-13,8.458721607e-13,7.963537395e-13,1.173987849e-12,9.297880235e-13,4.318938227e-13,1.923618498e-13,4.48587829e-13,1.839617386e-13,1.044342674e-13,3.947330104e-14,1.377175529e-13,1.419794852e-13,1.880326111e-13,8.814068537e-13,2.179079429e-13,9.979423678e-13,1.838603948e-13,8.1757006e-13,5.045276051e-14
76.1328125,3.818908931e-13,2.214414413e-13,7.695600614e-13,4.961730789e-13,3.458196409e-13,1.94606931e-13,1.277851961e-13,1.67658109e-13,1.065504961e-13,1.38513672e-13,5.76438429e-13,2.159639164e-13,3.090031048e-13,8.511942404e-13,7.974976346e-13,1.180082828e-12,9.396346275e-13,4.361052399e-13,1.920509142e-13,4.4925164e-13,1.842650674e-13,1.045757233e-13,3.921920146e-14,1.368078123e-13,1.420332178e-13,1.880259858e-13,8.75915284e-13,2.189292466e-13,9.977344844e-13,1.833270637e-13,8.13306436e-13,5.066815936e-14
76.140625,3.885504406e-13,2.233353291e-13,7.661805646e-13,4.960034801e-13,3.467230287e-13,1.969440597e-13,1.28288387e-13,1.665461948e-13,1.070728595e-13,1.380994999e-13,5.707760556e-13,2.164201234e-13,3.080938991e-13,8.562762201e-13,7.986812624e-13,1.18593688e-12,9.491923908e-13,4.401136879e-13,1.915938614e-13,4.498061931e-13,1.846109275e-13,1.046459368e-13,3.897736585e-14,1.359352778e-13,1.420413762e-13,1.880158078e-13,8.701585617e-13,2.199584012e-13,9.972923388e-13,1.827785807e-13,8.087113029e-13,5.090163282e-14
76.1484375,3.95161024e-13,2.252065262e-13,7.627634863e-13,4.960726038e-13,3.474725805e-13,1.993588541e-13,1.287680091e-13,1.654405558e-13,1.076016052e-13,1.375681233e-13,5.649825707e-13,2.168809343e-13,3.070948991e-13,8.613723465e-13,7.998002655e-13,1.191364391e-12,9.58490406e-13,4.439869492e-13,1.910536149e-13,4.502112179e-13,1.849416115e-13,1.046941526e-13,3.873425431e-14,1.350990417e-13,1.420086305e-13,1.880275357e-13,8.641421777e-13,2.210089925e-13,9.966656618e-13,1.822407049e-13,8.041512047e-13,5.115476894e-14
76.15625,4.021534646e-13,2.269778169e-13,7.593058e-13,4.960596185e-13,3.48203427e-13,2.019062626e-13,1.292808615e-13,1.642016319e-13,1.08123342e-13,1.370480319e-13,5.591535044e-13,2.173999374e-13,3.062253064e-13,8.668935139e-13,8.010484499e-13,1.196685113e-12,9.681638059e-13,4.48130701e-13,1.90504215e-13,4.503196577e-13,1.851813614e-13,1.04770588e-13,3.849486065e-14,1.342639529e-13,1.420321753e-13,1.880075645e-13,8.579651575e-13,2.220287477e-13,9.961346564e-13,1.817054565e-13,7.998779306e-13,5.140041507e-14
76.1640625,4.091739601e-13,2.286436116e-13,7.555808703e-13,4.958786982e-13,3.487802447e-13,2.044136148e-13,1.298401148e-13,1.628922544e-13,1.085728561e-13,1.365530363e-13,5.532761707e-13,2.177877694e-13,3.052702964e-13,8.722280465e-13,8.025347484e-13,1.2022374e-12,9.780535964e-13,4.524011399e-13,1.898551634e-13,4.504828405e-13,1.852949169e-13,1.048139796e-13,3.827734961e-14,1.334178979e-13,1.421190587e-13,1.880082267e-13,8.516593737e-13,2.229777527e-13,9.956170202e-13,1.811539038e-13,7.954608655e-13,5.16623773e-14
76.171875,4.158642897e-13,2.303529234e-13,7.517973123e-13,4.957577504e-13,3.492278532e-13,2.068104686e-13,1.304144675e-13,1.616090213e-13,1.089973884e-13,1.359568541e-13,5.473798841e-13,2.180501291e-13,3.041381623e-13,8.771668907e-13,8.041757572e-13,1.207851681e-12,9.876533462e-13,4.565897213e-13,1.890842721e-13,4.509755288e-13,1.853988494e-13,1.048111631e-13,3.807886082e-14,1.325742431e-13,1.422323159e-13,1.88168221e-13,8.452723499e-13,2.239463596e-13,9.94917451e-13,1.806086846e-13,7.908373283e-13,5.197672456e-14
76.1796875,4.226525274e-13,2.322919219e-13,7.481262826e-13,4.955784903e-13,3.497284848e-13,2.092015832e-13,1.309667567e-13,1.603036686e-13,1.094653921e-13,1.352279699e-13,5.414943839e-13,2.18356077e-13,3.02977226e-13,8.823608647e-13,8.059434291e-13,1.213340336e-12,9.972190352e-13,4.609302515e-13,1.88337372e-13,4.514868926e-13,1.856116803e-13,1.048303642e-13,3.788356853e-14,1.317272504e-13,1.423677219e-13,1.884136813e-13,8.388633867e-13,2.249988531e-13,9.941343115e-13,1.80087146e-13,7.864113836e-13,5.230938885e-14
76.1875,4.295035096e-13,2.342121235e-13,7.440819498e-13,4.952587181e-13,3.501700718e-13,2.115325069e-13,1.314676928e-13,1.589863696e-13,1.099321179e-13,1.344442468e-13,5.354717828e-13,2.186190077e-13,3.016343355e-13,8.875919993e-13,8.07703198e-13,1.218563281e-12,1.006709732e-12,4.652736987e-13,1.876048189e-13,4.519428455e-13,1.857931945e-13,1.048592463e-13,3.768204975e-14,1.308525858e-13,1.42455251e-13,1.885350019e-13,8.323630732e-13,2.259815858e-13,9.932292927e-13,1.795419841e-13,7.819754653e-13,5.262769398e-14
76.1953125,4.35921529e-13,2.357503381e-13,7.395046156e-13,4.949020684e-13,3.503995871e-13,2.137078133e-13,1.319286657e-13,1.577472481e-13,1.103570391e-13,1.336736677e-13,5.292175798e-13,2.18729426e-13,2.999973202e-13,8.922400918e-13,8.092197698e-13,1.223196584e-12,1.0154968e-12,4.691796008e-13,1.86714005e-13,4.526079697e-13,1.857758423e-13,1.048411735e-13,3.747222572e-14,1.300067927e-13,1.424513013e-13,1.885357923e-13,8.256736302e-13,2.267382115e-13,9.920911369e-13,1.789171228e-13,7.771608503e-13,5.295230056e-14
76.203125,4.421263722e-13,2.372273517e-13,7.350408223e-13,4.944658792e-13,3.506466352e-13,2.158601237e-13,1.323584871e-13,1.565360541e-13,1.107808385e-13,1.328907035e-13,5.229402942e-13,2.188722824e-13,2.984238971e-13,8.96798672e-13,8.106065887e-13,1.227294866e-12,1.023708487e-12,4.729074501e-13,1.857510723e-13,4.533014247e-13,1.856965913e-13,1.048160162e-13,3.725706909e-14,1.29262936e-13,1.424473916e-13,1.885467205e-13,8.188747776e-13,2.274101228e-13,9.91001219e-13,1.782278595e-13,7.723624854e-13,5.329108974e-14
76.2109375,4.48494489e-13,2.390181387e-13,7.310566543e-13,4.93943215e-13,3.511836481e-13,2.180751337e-13,1.327598035e-13,1.552306554e-13,1.112330315e-13,1.320278697e-13,5.168636815e-13,2.191989153e-13,2.971342793e-13,9.018459584e-13,8.121756877e-13,1.231335377e-12,1.031884789e-12,4.769406759e-13,1.849666317e-13,4.537528325e-13,1.856888787e-13,1.048403232e-13,3.705092303e-14,1.285385043e-13,1.425080292e-13,1.886131643e-13,8.121649639e-13,2.281918421e-13,9.90104132e-13,1.77535334e-13,7.679919629e-13,5.364581247e-14
76.21875,4.549828057e-13,2.407441994e-13,7.271816758e-13,4.932224909e-13,3.518504871e-13,2.201730282e-13,1.33158524e-13,1.538449681e-13,1.116879545e-13,1.311047928e-13,5.10875428e-13,2.195717203e-13,2.958641562e-13,9.070768842e-13,8.13850586e-13,1.235320962e-12,1.039993047e-12,4.811601592e-13,1.84270865e-13,4.541632223e-13,1.856190358e-13,1.048669053e-13,3.687269797e-14,1.277320631e-13,1.425993279e-13,1.887452179e-13,8.056174097e-13,2.289470115e-13,9.890643315e-13,1.768738076e-13,7.638046378e-13,5.403188801e-14
76.2265625,4.615791598e-13,2.421584684e-13,7.231084787e-13,4.920813389e-13,3.523680481e-13,2.220658378e-13,1.335142063e-13,1.524633616e-13,1.121158935e-13,1.301609416e-13,5.048085719e-13,2.198543004e-13,2.944623668e-13,9.12225095e-13,8.153703945e-13,1.238915966e-12,1.047953046e-12,4.853765588e-13,1.834334413e-13,4.546685534e-13,1.854449209e-13,1.048507108e-13,3.671142012e-14,1.269097523e-13,1.426924414e-13,1.888901453e-13,7.991574601e-13,2.295051058e-13,9.878635053e-13,1.762429686e-13,7.596176688e-13,5.442434827e-14
76.234375,4.679986694e-13,2.436038343e-13,7.190453226e-13,4.908452757e-13,3.528491246e-13,2.239197493e-13,1.33782925e-13,1.510894526e-13,1.125200992e-13,1.291717706e-13,4.988143148e-13,2.201170454e-13,2.931194751e-13,9.173039609e-13,8.167971773e-13,1.24219539e-12,1.055749517e-12,4.896412273e-13,1.825628339e-13,4.551077831e-13,1.85294071e-13,1.04839681e-13,3.65321652e-14,1.261165963e-13,1.427785428e-13,1.889646739e-13,7.927226307e-13,2.300206368e-13,9.868723014e-13,1.756202399e-13,7.555823275e-13,5.480303668e-14
76.2421875,4.738650885e-13,2.45104819e-13,7.152210105e-13,4.898182729e-13,3.534437875e-13,2.258108949e-13,1.340680191e-13,1.496808551e-13,1.129053354e-13,1.28171735e-13,4.929977014e-13,2.204259285e-13,2.918937947e-13,9.222246275e-13,8.183015398e-13,1.245298533e-12,1.063129935e-12,4.938411788e-13,1.817972893e-13,4.554084576e-13,1.85101734e-13,1.048489136e-13,3.633967292e-14,1.252834664e-13,1.428677386e-13,1.890367936e-13,7.863052269e-13,2.305806766e-13,9.86071894e-13,1.749541437e-13,7.516242933e-13,5.520733433e-14
76.25,4.796868031e-13,2.464288978e-13,7.115299202e-13,4.885292183e-13,3.539579806e-13,2.276865751e-13,1.344271602e-13,1.482421198e-13,1.13268662e-13,1.272178602e-13,4.871390982e-13,2.207510566e-13,2.906818649e-13,9.27180551e-13,8.198749147e-13,1.248129272e-12,1.070315396e-12,4.979940732e-13,1.810231134e-13,4.555492821e-13,1.847373044e-13,1.048323463e-13,3.617572845e-14,1.244596571e-13,1.429988761e-13,1.89186438e-13,7.800002551e-13,2.310422762e-13,9.853368978e-13,1.742291571e-13,7.476574348e-13,5.564078349e-14
76.2578125,4.860445806e-13,2.477818447e-13,7.078343796e-13,4.86893887e-13,3.543660981e-13,2.29571203e-13,1.3473926e-13,1.4679828e-13,1.136471503e-13,1.262368759e-13,4.81189311e-13,2.211274685e-13,2.89529339e-13,9.324643304e-13,8.214085166e-13,1.250662515e-12,1.077722366e-12,5.023962086e-13,1.802470304e-13,4.55505247e-13,1.843190975e-13,1.048151987e-13,3.604107268e-14,1.237487688e-13,1.431538553e-13,1.893361905e-13,7.738868974e-13,2.315130824e-13,9.848128659e-13,1.735169529e-13,7.439322739e-13,5.605355477e-14
76.265625,4.92540608e-13,2.493597072e-13,7.040488148e-13,4.855111975e-13,3.54914137e-13,2.314339122e-13,1.349723455e-13,1.45318382e-13,1.140596125e-13,1.251681855e-13,4.753449418e-13,2.21561705e-13,2.884098603e-13,9.378330693e-13,8.227494122e-13,1.25275222e-12,1.084859988e-12,5.069083481e-13,1.795729617e-13,4.553942104e-13,1.839727907e-13,1.048371733e-13,3.589915999e-14,1.230398999e-13,1.43257505e-13,1.894314873e-13,7.677204692e-13,2.32180381e-13,9.842526072e-13,1.728492573e-13,7.4040891e-13,5.644501419e-14
76.2734375,4.98688316e-13,2.508719836e-13,7.000463665e-13,4.842317122e-13,3.555055616e-13,2.331606028e-13,1.352345647e-13,1.437612007e-13,1.144314031e-13,1.240778918e-13,4.695418683e-13,2.219082669e-13,2.871234828e-13,9.429339645e-13,8.239140347e-13,1.254251557e-12,1.091203625e-12,5.111133808e-13,1.788785664e-13,4.552825051e-13,1.83601454e-13,1.048414314e-13,3.574997003e-14,1.222120456e-13,1.43315494e-13,1.895051699e-13,7.612928675e-13,2.327887431e-13,9.832716416e-13,1.72140568e-13,7.366749035e-13,5.684781333e-14
76.28125,5.044665452e-13,2.520712991e-13,6.959481329e-13,4.825413214e-13,3.559661138e-13,2.347474202e-13,1.355167572e-13,1.421797882e-13,1.147400287e-13,1.229844464e-13,4.636538383e-13,2.221389842e-13,2.85734529e-13,9.477781944e-13,8.250915021e-13,1.255446221e-12,1.097088437e-12,5.151036401e-13,1.780951e-13,4.55128596e-13,1.831330791e-13,1.048041168e-13,3.561991369e-14,1.213978151e-13,1.43397135e-13,1.895810708e-13,7.548965075e-13,2.330987136e-13,9.822295057e-13,1.713507107e-13,7.327618377e-13,5.726832004e-14
76.2890625,5.100105918e-13,2.532090288e-13,6.919987241e-13,4.807682366e-13,3.565874575e-13,2.36218748e-13,1.357197103e-13,1.40650524e-13,1.150971025e-13,1.218301698e-13,4.5786526e-13,2.224237303e-13,2.844974339e-13,9.52541411e-13,8.261833318e-13,1.256466116e-12,1.102735304e-12,5.191904728e-13,1.773753518e-13,4.550008225e-13,1.82672769e-13,1.048003769e-13,3.550847088e-14,1.20707258e-13,1.434979382e-13,1.896798111e-13,7.487436456e-13,2.333736521e-13,9.815275661e-13,1.70551586e-13,7.290324734e-13,5.770817272e-14
76.296875,5.156778423e-13,2.54646378e-13,6.881971021e-13,4.79211049e-13,3.575534861e-13,2.375860618e-13,1.358535166e-13,1.391342801e-13,1.155341277e-13,1.206164895e-13,4.523095699e-13,2.228186268e-13,2.833990844e-13,9.574789821e-13,8.270348909e-13,1.257135657e-12,1.108165875e-12,5.234568951e-13,1.767561871e-13,4.549109715e-13,1.822907394e-13,1.048509381e-13,3.541137686e-14,1.200231004e-13,1.435939734e-13,1.898045342e-13,7.427164946e-13,2.338642465e-13,9.809840284e-13,1.697763417e-13,7.255451731e-13,5.817235865e-14
76.3046875,5.215488176e-13,2.562552896e-13,6.846234544e-13,4.775053545e-13,3.585854783e-13,2.389312779e-13,1.359920863e-13,1.375472456e-13,1.159349581e-13,1.193715528e-13,4.468967022e-13,2.232490132e-13,2.82322873e-13,9.62656782e-13,8.278707434e-13,1.257638764e-12,1.11370576e-12,5.279090193e-13,1.761672195e-13,4.547297947e-13,1.81884635e-13,1.048983904e-13,3.534716196e-14,1.192672379e-13,1.437346155e-13,1.899837043e-13,7.369579312e-13,2.344602166e-13,9.805612081e-13,1.689991349e-13,7.222191302e-13,5.866625297e-14
76.3125,5.272058025e-13,2.576454244e-13,6.813967884e-13,4.755371427e-13,3.595921065e-13,2.402477125e-13,1.361463642e-13,1.358910074e-13,1.16267087e-13,1.180730789e-13,4.415557574e-13,2.237185313e-13,2.813404915e-13,9.678213064e-13,8.287103779e-13,1.258001046e-12,1.119171603e-12,5.323786493e-13,1.756198674e-13,4.544900865e-13,1.813463226e-13,1.049301179e-13,3.531843204e-14,1.185290033e-13,1.439304006e-13,1.902706658e-13,7.315872335e-13,2.350155133e-13,9.803602197e-13,1.68222724e-13,7.190564979e-13,5.918735741e-14
76.3203125,5.326234075e-13,2.588153413e-13,6.781572098e-13,4.734587135e-13,3.607101759e-13,2.414467859e-13,1.362939466e-13,1.342274274e-13,1.166211323e-13,1.166769237e-13,4.361979967e-13,2.242406583e-13,2.80518877e-13,9.729422077e-13,8.293064601e-13,1.257871606e-12,1.124055256e-12,5.366242564e-13,1.750809178e-13,4.542821933e-13,1.807140197e-13,1.049681331e-13,3.530289082e-14,1.178761063e-13,1.441174996e-13,1.905654632e-13,7.263163356e-13,2.354548383e-13,9.802176044e-13,1.674350351e-13,7.160100231e-13,5.969525406e-14
76.328125,5.379337485e-13,2.599654333e-13,6.746539721e-13,4.711584221e-13,3.617921072e-13,2.425272768e-13,1.364404292e-13,1.32620718e-13,1.170191601e-13,1.151895384e-13,4.307908037e-13,2.247472e-13,2.797525549e-13,9.781053611e-13,8.298511064e-13,1.257493314e-12,1.128578574e-12,5.407314161e-13,1.744951942e-13,4.540338267e-13,1.800523141e-13,1.049986211e-13,3.529425593e-14,1.172749043e-13,1.442942379e-13,1.907624884e-13,7.210990198e-13,2.357118415e-13,9.80162758e-13,1.666088447e-13,7.130480207e-13,6.017365584e-14
76.3359375,5.428941467e-13,2.610805615e-13,6.713033788e-13,4.686412009e-13,3.627784428e-13,2.43458568e-13,1.365908279e-13,1.310799816e-13,1.174158267e-13,1.137081257e-13,4.25542714e-13,2.252208942e-13,2.789105851e-13,9.831210371e-13,8.305170561e-13,1.257205955e-12,1.132990239e-12,5.448405082e-13,1.739522662e-13,4.537887628e-13,1.793399714e-13,1.050226321e-13,3.530197376e-14,1.166806462e-13,1.444977289e-13,1.909919751e-13,7.161635987e-13,2.358926481e-13,9.803336298e-13,1.65786805e-13,7.102337559e-13,6.068292156e-14
76.34375,5.477302706e-13,2.621528477e-13,6.683630785e-13,4.660488702e-13,3.639889035e-13,2.442241803e-13,1.367361788e-13,1.295146944e-13,1.178153214e-13,1.122885111e-13,4.205618701e-13,2.257415166e-13,2.780097771e-13,9.880717838e-13,8.310484561e-13,1.256672537e-12,1.137054513e-12,5.48904026e-13,1.735428174e-13,4.536815415e-13,1.78579492e-13,1.050898964e-13,3.532231835e-14,1.161176343e-13,1.447060483e-13,1.913282755e-13,7.114812904e-13,2.361752449e-13,9.806046367e-13,1.650028032e-13,7.07625268e-13,6.124971798e-14
76.3515625,5.528020915e-13,2.6323579e-13,6.655687267e-13,4.633337489e-13,3.654085438e-13,2.449832233e-13,1.368936584e-13,1.278633646e-13,1.182239257e-13,1.108257455e-13,4.1564619e-13,2.263339026e-13,2.771608925e-13,9.932240701e-13,8.315373383e-13,1.255849961e-12,1.140784858e-12,5.529568019e-13,1.73178947e-13,4.535853664e-13,1.778500977e-13,1.051966057e-13,3.534707909e-14,1.156406789e-13,1.449029319e-13,1.916757379e-13,7.069881726e-13,2.364776794e-13,9.810607018e-13,1.641976832e-13,7.051503226e-13,6.183345239e-14
76.359375,5.576320659e-13,2.642604051e-13,6.628701787e-13,4.60613045e-13,3.666612959e-13,2.45793218e-13,1.370862061e-13,1.261978119e-13,1.1860932e-13,1.092420088e-13,4.107066151e-13,2.26937022e-13,2.764087255e-13,9.983657661e-13,8.322956001e-13,1.255096831e-12,1.14425503e-12,5.56996221e-13,1.727382765e-13,4.533902368e-13,1.771848398e-13,1.052683931e-13,3.539159779e-14,1.152215964e-13,1.451169884e-13,1.920823834e-13,7.026815856e-13,2.365994137e-13,9.819676085e-13,1.633428116e-13,7.026506463e-13,6.24371023e-14
76.3671875,5.62004554e-13,2.651908318e-13,6.605629045e-13,4.58001735e-13,3.678082423e-13,2.464998191e-13,1.372938116e-13,1.245753212e-13,1.189653242e-13,1.076105905e-13,4.059306431e-13,2.275537534e-13,2.757537445e-13,1.003368467e-12,8.331538209e-13,1.25435142e-12,1.147490059e-12,5.609097287e-13,1.722880464e-13,4.532594613e-13,1.765037024e-13,1.053016268e-13,3.548495337e-14,1.147934696e-13,1.453729989e-13,1.926333893e-13,6.985136054e-13,2.365857668e-13,9.832399234e-13,1.625060773e-13,7.001708411e-13,6.308585316e-14
76.375,5.664448602e-13,2.660811023e-13,6.586852217e-13,4.551993475e-13,3.690794451e-13,2.470722094e-13,1.37475658e-13,1.229489297e-13,1.192933599e-13,1.059835745e-13,4.014403653e-13,2.282265803e-13,2.752117394e-13,1.00843767e-12,8.339179253e-13,1.253544867e-12,1.150906221e-12,5.64807877e-13,1.71980649e-13,4.531633915e-13,1.75701425e-13,1.053593436e-13,3.561732678e-14,1.143756415e-13,1.45675709e-13,1.932293072e-13,6.946312276e-13,2.3663259e-13,9.846818237e-13,1.617319443e-13,6.978736593e-13,6.374645127e-14
76.3828125,5.710037484e-13,2.669944211e-13,6.569116295e-13,4.522141231e-13,3.703385255e-13,2.476191603e-13,1.376207376e-13,1.212825394e-13,1.195844668e-13,1.043686542e-13,3.971300923e-13,2.289033008e-13,2.747829022e-13,1.013463129e-12,8.346551212e-13,1.252725898e-12,1.154459937e-12,5.688466209e-13,1.717722394e-13,4.52895511e-13,1.747769442e-13,1.054391085e-13,3.574475575e-14,1.140120077e-13,1.459970382e-13,1.937774802e-13,6.910384e-13,2.367947932e-13,9.862226026e-13,1.609823118e-13,6.95681039e-13,6.439072586e-14
76.390625,5.754015505e-13,2.679678844e-13,6.551118386e-13,4.493742166e-13,3.715992452e-13,2.481156214e-13,1.377634759e-13,1.196114032e-13,1.198863086e-13,1.027930554e-13,3.928487425e-13,2.295511077e-13,2.744815556e-13,1.018376559e-12,8.353103114e-13,1.251643227e-12,1.157420256e-12,5.729311795e-13,1.715238317e-13,4.526673628e-13,1.738212228e-13,1.055152867e-13,3.587653116e-14,1.137176246e-13,1.463238694e-13,1.942982659e-13,6.874257793e-13,2.369592033e-13,9.878510072e-13,1.602112892e-13,6.93560195e-13,6.504898439e-14
76.3984375,5.796222213e-13,2.688661307e-13,6.53599673e-13,4.464104432e-13,3.73101057e-13,2.484299871e-13,1.379248093e-13,1.179982609e-13,1.202507727e-13,1.011732432e-13,3.886412498e-13,2.302649634e-13,2.743095898e-13,1.023460138e-12,8.358725792e-13,1.250303639e-12,1.15975584e-12,5.769803678e-13,1.712774739e-13,4.527621526e-13,1.728908533e-13,1.056115415e-13,3.606283392e-14,1.135244761e-13,1.467051718e-13,1.948772545e-13,6.839603001e-13,2.370007544e-13,9.89764007e-13,1.594337272e-13,6.917465366e-13,6.574637611e-14
76.40625,5.83539421e-13,2.696058971e-13,6.526027706e-13,4.432059614e-13,3.74721287e-13,2.48599916e-13,1.380644712e-13,1.164584763e-13,1.206448873e-13,9.940729672e-14,3.847181728e-13,2.311157523e-13,2.742412118e-13,1.028715581e-12,8.365174365e-13,1.249048001e-12,1.162003414e-12,5.810557136e-13,1.711102558e-13,4.528980688e-13,1.720015727e-13,1.057251466e-13,3.628664728e-14,1.133938226e-13,1.471357192e-13,1.956069513e-13,6.810605103e-13,2.369389816e-13,9.9215449e-13,1.586888603e-13,6.902828206e-13,6.645610974e-14
76.4140625,5.871707896e-13,2.703931023e-13,6.519413563e-13,4.403652073e-13,3.762736168e-13,2.488353282e-13,1.381822713e-13,1.149371696e-13,1.210249395e-13,9.761031424e-14,3.811261844e-13,2.320544223e-13,2.743148851e-13,1.033938732e-12,8.372913875e-13,1.247880862e-12,1.164165144e-12,5.851773839e-13,1.709588282e-13,4.528479515e-13,1.711498843e-13,1.058295487e-13,3.650149875e-14,1.132252808e-13,1.475400173e-13,1.964201539e-13,6.784777397e-13,2.368835823e-13,9.94900709e-13,1.579496071e-13,6.889753296e-13,6.715152695e-14
76.421875,5.908033588e-13,2.712493674e-13,6.513793773e-13,4.37816976e-13,3.779375952e-13,2.491271264e-13,1.383461216e-13,1.134179215e-13,1.213928901e-13,9.589199524e-14,3.776601197e-13,2.329785972e-13,2.744991786e-13,1.039059356e-12,8.380643225e-13,1.246619279e-12,1.16600684e-12,5.892857015e-13,1.708051741e-13,4.529536345e-13,1.702456063e-13,1.059457992e-13,3.67254347e-14,1.130420782e-13,1.479305291e-13,1.971870987e-13,6.758734978e-13,2.368296747e-13,9.977556831e-13,1.571565384e-13,6.876861544e-13,6.786343429e-14
76.4296875,5.943192781e-13,2.719582837e-13,6.50851278e-13,4.349670587e-13,3.798117762e-13,2.492423264e-13,1.385363897e-13,1.119324504e-13,1.217499964e-13,9.414725765e-14,3.74187214e-13,2.338503971e-13,2.746649954e-13,1.044022032e-12,8.386984419e-13,1.24510522e-12,1.167453948e-12,5.93329509e-13,1.70711946e-13,4.533112166e-13,1.69217437e-13,1.060827979e-13,3.697959438e-14,1.129034609e-13,1.483634897e-13,1.979580627e-13,6.734766034e-13,2.367288274e-13,1.000566216e-12,1.56335299e-13,6.863135e-13,6.861143222e-14
76.4375,5.975023539e-13,2.725694957e-13,6.505117105e-13,4.320636716e-13,3.817043154e-13,2.492045519e-13,1.386891371e-13,1.104469125e-13,1.220902675e-13,9.233863612e-14,3.708232695e-13,2.347714006e-13,2.7489204e-13,1.048973306e-12,8.392788178e-13,1.24327838e-12,1.168532764e-12,5.973357919e-13,1.706582584e-13,4.535346464e-13,1.681487079e-13,1.062057139e-13,3.72438375e-14,1.127689082e-13,1.488229749e-13,1.988300659e-13,6.714552517e-13,2.366289844e-13,1.003484181e-12,1.555618241e-13,6.849821742e-13,6.935156029e-14
76.4453125,6.005436431e-13,2.731569906e-13,6.50651944e-13,4.293170926e-13,3.835406896e-13,2.491735477e-13,1.388426304e-13,1.089495647e-13,1.224185879e-13,9.056532537e-14,3.677286059e-13,2.358037583e-13,2.752899411e-13,1.054066322e-12,8.400737117e-13,1.241516609e-12,1.169470856e-12,6.013277315e-13,1.706066088e-13,4.536547222e-13,1.671029349e-13,1.063265229e-13,3.751394232e-14,1.126798095e-13,1.492933697e-13,1.998078582e-13,6.69681652e-13,2.36509731e-13,1.006881195e-12,1.54852992e-13,6.839844061e-13,7.009147647e-14
76.453125,6.035392396e-13,2.736439441e-13,6.511853068e-13,4.26301535e-13,3.855156024e-13,2.49041182e-13,1.390109286e-13,1.075223007e-13,1.227653193e-13,8.879851093e-14,3.648840637e-13,2.368561262e-13,2.757021801e-13,1.059093919e-12,8.409552e-13,1.240049863e-12,1.170277039e-12,6.052667763e-13,1.706140179e-13,4.540124069e-13,1.660305352e-13,1.065022493e-13,3.77923072e-14,1.127349169e-13,1.497674942e-13,2.008534112e-13,6.68178718e-13,2.363069933e-13,1.010745469e-12,1.541762122e-13,6.832432125e-13,7.089162058e-14
76.4609375,6.063554544e-13,2.741839505e-13,6.516920045e-13,4.231389475e-13,3.877503813e-13,2.487005528e-13,1.391428902e-13,1.06187302e-13,1.231654635e-13,8.696845732e-14,3.621319391e-13,2.37927325e-13,2.761005759e-13,1.064022273e-12,8.415477578e-13,1.238514773e-12,1.170636827e-12,6.091768355e-13,1.707323373e-13,4.544449748e-13,1.649372849e-13,1.067268958e-13,3.807758984e-14,1.128588101e-13,1.502027902e-13,2.018770917e-13,6.670868139e-13,2.361101664e-13,1.01479286e-12,1.534976609e-13,6.825457565e-13,7.171472801e-14
76.46875,6.089454314e-13,2.748357978e-13,6.521431937e-13,4.201618841e-13,3.900240902e-13,2.482336233e-13,1.392877306e-13,1.049345983e-13,1.235835537e-13,8.515040671e-14,3.593694722e-13,2.390868322e-13,2.766670875e-13,1.068975514e-12,8.420387743e-13,1.236957473e-12,1.170635575e-12,6.130345066e-13,1.709024901e-13,4.547410393e-13,1.638463699e-13,1.069282855e-13,3.84013284e-14,1.129894892e-13,1.506110292e-13,2.028807044e-13,6.6636557e-13,2.35927901e-13,1.018992406e-12,1.527974629e-13,6.819610703e-13,7.251779209e-14
76.4765625,6.11238116e-13,2.752508712e-13,6.527511481e-13,4.171347318e-13,3.920902999e-13,2.476710906e-13,1.39501635e-13,1.038198277e-13,1.239576817e-13,8.33933097e-14,3.565806986e-13,2.402140011e-13,2.773623662e-13,1.073607625e-12,8.427558311e-13,1.235844044e-12,1.170505938e-12,6.166580519e-13,1.710092799e-13,4.552564429e-13,1.626860625e-13,1.070712383e-13,3.877709735e-14,1.132366901e-13,1.510561636e-13,2.040106347e-13,6.658081472e-13,2.355545981e-13,1.02330075e-12,1.520708027e-13,6.814078322e-13,7.33882295e-14
76.484375,6.130634329e-13,2.753353176e-13,6.534446011e-13,4.14063887e-13,3.939880476e-13,2.470007858e-13,1.397255715e-13,1.028144366e-13,1.242874616e-13,8.162846558e-14,3.537698505e-13,2.411977444e-13,2.780551044e-13,1.077629341e-12,8.434764279e-13,1.234972372e-12,1.16996679e-12,6.200142454e-13,1.710277482e-13,4.562039163e-13,1.614413935e-13,1.071725166e-13,3.917107684e-14,1.135725812e-13,1.515436776e-13,2.052783193e-13,6.653404549e-13,2.349518975e-13,1.027694813e-12,1.513049462e-13,6.806152676e-13,7.436856696e-14
76.4921875,6.144792823e-13,2.755138909e-13,6.541979424e-13,4.111315102e-13,3.958395204e-13,2.462182821e-13,1.399413826e-13,1.0183242e-13,1.245872451e-13,7.981208581e-14,3.510298056e-13,2.421477754e-13,2.78789043e-13,1.081400712e-12,8.441017791e-13,1.23401221e-12,1.168884538e-12,6.232916724e-13,1.710714586e-13,4.572327952e-13,1.602199456e-13,1.07253281e-13,3.95768496e-14,1.138405836e-13,1.520411236e-13,2.065872065e-13,6.651599117e-13,2.34341625e-13,1.032488185e-12,1.505009494e-13,6.796778658e-13,7.538675899e-14
76.5,6.160142306e-13,2.760423411e-13,6.551776176e-13,4.081176164e-13,3.978304174e-13,2.453460419e-13,1.401889979e-13,1.00907192e-13,1.249008864e-13,7.794831034e-14,3.484619685e-13,2.43168918e-13,2.796716269e-13,1.085466653e-12,8.449614492e-13,1.233328628e-12,1.167748637e-12,6.266596345e-13,1.712487234e-13,4.581505196e-13,1.590976072e-13,1.073673233e-13,4.000951158e-14,1.141190118e-13,1.525467772e-13,2.079553888e-13,6.654124945e-13,2.338379255e-13,1.037748497e-12,1.497000174e-13,6.789271455e-13,7.644098524e-14
76.5078125,6.179633232e-13,2.765620933e-13,6.563631512e-13,4.051534113e-13,4.001138399e-13,2.445368035e-13,1.404585808e-13,1.000521677e-13,1.252894776e-13,7.607616505e-14,3.459488647e-13,2.442468963e-13,2.807801427e-13,1.089936557e-12,8.460839895e-13,1.233149384e-12,1.166806265e-12,6.301439431e-13,1.715155447e-13,4.591058675e-13,1.580527654e-13,1.075494038e-13,4.045292468e-14,1.145467995e-13,1.530765445e-13,2.093876055e-13,6.659987009e-13,2.332824726e-13,1.043192738e-12,1.489073097e-13,6.784107455e-13,7.756406302e-14
76.515625,6.195949687e-13,2.766749646e-13,6.576754811e-13,4.026176986e-13,4.02354677e-13,2.437987966e-13,1.407711674e-13,9.920347749e-14,1.256606976e-13,7.429420014e-14,3.433759768e-13,2.453324194e-13,2.820136985e-13,1.094266789e-12,8.472584464e-13,1.233135674e-12,1.165615162e-12,6.334815984e-13,1.717472505e-13,4.600645721e-13,1.570205915e-13,1.077067703e-13,4.089187488e-14,1.150126493e-13,1.536205197e-13,2.108316501e-13,6.667684657e-13,2.325003607e-13,1.048802564e-12,1.480848092e-13,6.77869185e-13,7.868618909e-14
76.5234375,6.203958307e-13,2.767039668e-13,6.592216635e-13,4.00197525e-13,4.042757739e-13,2.429171254e-13,1.411662864e-13,9.841834904e-14,1.259178577e-13,7.2624562e-14,3.409294476e-13,2.464048174e-13,2.831730405e-13,1.098069506e-12,8.485516487e-13,1.233173742e-12,1.16385141e-12,6.36443985e-13,1.719352598e-13,4.609918256e-13,1.559808335e-13,1.077850522e-13,4.132650274e-14,1.154378441e-13,1.541440231e-13,2.12307997e-13,6.676339741e-13,2.316218779e-13,1.054587363e-12,1.472523862e-13,6.771945752e-13,7.977838421e-14
76.53125,6.211472309e-13,2.771015389e-13,6.610741185e-13,3.975027314e-13,4.063024154e-13,2.418837607e-13,1.415672785e-13,9.776568776e-14,1.262009411e-13,7.095140709e-14,3.387360909e-13,2.475353949e-13,2.843301651e-13,1.101877128e-12,8.500213071e-13,1.233469746e-12,1.161784255e-12,6.393193767e-13,1.72183708e-13,4.621583345e-13,1.549864088e-13,1.07903085e-13,4.176006728e-14,1.159391175e-13,1.546465898e-13,2.13854436e-13,6.686911219e-13,2.308734073e-13,1.060484016e-12,1.464517434e-13,6.766503621e-13,8.095269915e-14
76.5390625,6.221547139e-13,2.775673474e-13,6.631427827e-13,3.947012898e-13,4.085721174e-13,2.407448024e-13,1.418959064e-13,9.714318157e-14,1.265649476e-13,6.922625547e-14,3.366055965e-13,2.487364791e-13,2.855974278e-13,1.105924552e-12,8.514923288e-13,1.233965149e-12,1.159576697e-12,6.422460561e-13,1.72500775e-13,4.635459583e-13,1.540379367e-13,1.080851081e-13,4.221546354e-14,1.165107762e-13,1.551467533e-13,2.155029465e-13,6.701662913e-13,2.301432886e-13,1.06668724e-12,1.456658665e-13,6.762941413e-13,8.225721911e-14
76.546875,6.226424269e-13,2.777881685e-13,6.653320265e-13,3.919346338e-13,4.10618833e-13,2.393931585e-13,1.422247026e-13,9.648313429e-14,1.268263144e-13,6.752641839e-14,3.344406338e-13,2.49857071e-13,2.868388696e-13,1.10950681e-12,8.528985584e-13,1.234505174e-12,1.15698857e-12,6.448050494e-13,1.727943627e-13,4.647203618e-13,1.530504428e-13,1.081976093e-13,4.270406851e-14,1.170454531e-13,1.556242572e-13,2.172439493e-13,6.719433444e-13,2.292729912e-13,1.073109276e-12,1.44868645e-13,6.757388264e-13,8.357400832e-14
76.5546875,6.227022972e-13,2.780119202e-13,6.676731988e-13,3.892133023e-13,4.125088378e-13,2.380172953e-13,1.42631807e-13,9.587602538e-14,1.269934759e-13,6.586094684e-14,3.323621666e-13,2.508808738e-13,2.880672583e-13,1.112555201e-12,8.543319519e-13,1.235272864e-12,1.154111532e-12,6.470011924e-13,1.730568531e-13,4.657317829e-13,1.520163728e-13,1.082595332e-13,4.320654004e-14,1.176096665e-13,1.5609238e-13,2.189667914e-13,6.737273544e-13,2.283931353e-13,1.079425284e-12,1.440502367e-13,6.749551242e-13,8.482402722e-14
76.5625,6.229022044e-13,2.782403672e-13,6.702934e-13,3.866828996e-13,4.145499333e-13,2.368521638e-13,1.430582532e-13,9.538887588e-14,1.272434447e-13,6.41453254e-14,3.303831361e-13,2.519736915e-13,2.894436017e-13,1.115700093e-12,8.558480183e-13,1.236500767e-12,1.151334202e-12,6.49259751e-13,1.733283644e-13,4.670640223e-13,1.510132162e-13,1.083821659e-13,4.37246408e-14,1.182798669e-13,1.566057263e-13,2.206949126e-13,6.756957987e-13,2.274757884e-13,1.085915296e-12,1.432156762e-13,6.743448139e-13,8.607588993e-14
76.5703125,6.227988824e-13,2.782556305e-13,6.732575754e-13,3.843889304e-13,4.164918183e-13,2.356616964e-13,1.434508234e-13,9.500479362e-14,1.275329083e-13,6.235778699e-14,3.284356448e-13,2.531439072e-13,2.909099596e-13,1.1188766e-12,8.575515671e-13,1.238227938e-12,1.148629328e-12,6.515022299e-13,1.735743033e-13,4.687177961e-13,1.500473686e-13,1.085103368e-13,4.427157979e-14,1.189802067e-13,1.571396724e-13,2.225921189e-13,6.780945064e-13,2.262923936e-13,1.092836038e-12,1.424091541e-13,6.738641161e-13,8.738835338e-14
76.578125,6.222602801e-13,2.78299379e-13,6.764388809e-13,3.822593904e-13,4.182546441e-13,2.343305959e-13,1.43880661e-13,9.470978247e-14,1.277634393e-13,6.057670352e-14,3.265385686e-13,2.542802195e-13,2.924055874e-13,1.121821928e-12,8.595902753e-13,1.240544077e-12,1.145843157e-12,6.535720374e-13,1.737673091e-13,4.70471881e-13,1.490644982e-13,1.085776034e-13,4.483024746e-14,1.196959532e-13,1.576511825e-13,2.245967957e-13,6.806698236e-13,2.249670692e-13,1.099803949e-12,1.416226308e-13,6.731898392e-13,8.874534815e-14
76.5859375,6.219613437e-13,2.786143928e-13,6.795653461e-13,3.803059728e-13,4.201173579e-13,2.33082876e-13,1.443876522e-13,9.450503614e-14,1.279979243e-13,5.88838384e-14,3.247272455e-13,2.553840213e-13,2.94003218e-13,1.124761909e-12,8.619184322e-13,1.24347656e-12,1.143070647e-12,6.556620763e-13,1.739542914e-13,4.72421868e-13,1.480711127e-13,1.086506918e-13,4.539048503e-14,1.204756278e-13,1.58175856e-13,2.265499249e-13,6.832639294e-13,2.237326346e-13,1.106755906e-12,1.407635085e-13,6.72453247e-13,9.01402082e-14
76.59375,6.217189539e-13,2.790117514e-13,6.82595577e-13,3.785334572e-13,4.220522247e-13,2.318688064e-13,1.448935482e-13,9.43936715e-14,1.282644483e-13,5.726434715e-14,3.230378571e-13,2.565027773e-13,2.957284984e-13,1.127762833e-12,8.644025794e-13,1.246850846e-12,1.140303354e-12,6.577538091e-13,1.741915511e-13,4.74487671e-13,1.471349376e-13,1.08763606e-13,4.596528342e-14,1.212529876e-13,1.587347494e-13,2.28513021e-13,6.861502784e-13,2.224524972e-13,1.114064532e-12,1.398293426e-13,6.719222696e-13,9.154875837e-14
76.6015625,6.209716361e-13,2.793361816e-13,6.859438458e-13,3.7691391e-13,4.239403221e-13,2.305494193e-13,1.453631917e-13,9.439613387e-14,1.285099493e-13,5.56417158e-14,3.214755641e-13,2.576493875e-13,2.976007861e-13,1.130672296e-12,8.671064601e-13,1.250699887e-12,1.137492706e-12,6.59744028e-13,1.744870419e-13,4.764591148e-13,1.462857196e-13,1.088677965e-13,4.655978192e-14,1.219888669e-13,1.593137087e-13,2.305990883e-13,6.894703259e-13,2.209980423e-13,1.12176655e-12,1.389171443e-13,6.714791207e-13,9.293840012e-14
76.609375,6.200564604e-13,2.797422708e-13,6.898056291e-13,3.754903136e-13,4.256811933e-13,2.292125569e-13,1.458448744e-13,9.454639032e-14,1.287109692e-13,5.403292371e-14,3.199423954e-13,2.588003524e-13,2.99541535e-13,1.133338575e-12,8.701281937e-13,1.255251626e-12,1.134713044e-12,6.6170854e-13,1.747721069e-13,4.785545574e-13,1.454733619e-13,1.089187411e-13,4.717965077e-14,1.227674969e-13,1.599104679e-13,2.32842985e-13,6.931163292e-13,2.195299879e-13,1.129742204e-12,1.380405828e-13,6.708790205e-13,9.438099376e-14
76.6171875,6.19213593e-13,2.803821275e-13,6.937582746e-13,3.74279147e-13,4.270577169e-13,2.278541979e-13,1.463646097e-13,9.483884612e-14,1.288488686e-13,5.251895645e-14,3.183945162e-13,2.598742343e-13,3.013781358e-13,1.135548014e-12,8.733886178e-13,1.260483405e-12,1.131944557e-12,6.63530146e-13,1.749676694e-13,4.808848715e-13,1.446497222e-13,1.088988265e-13,4.782721824e-14,1.235888931e-13,1.604970144e-13,2.35229649e-13,6.970409888e-13,2.1814846e-13,1.137844418e-12,1.371568097e-13,6.700692268e-13,9.593713224e-14
76.625,6.181060819e-13,2.810055817e-13,6.976771523e-13,3.731927267e-13,4.28307013e-13,2.264920359e-13,1.469369448e-13,9.519718682e-14,1.289438611e-13,5.106501747e-14,3.169082588e-13,2.6086156e-13,3.032320774e-13,1.137540608e-12,8.768326682e-13,1.26619772e-12,1.129233715e-12,6.651309606e-13,1.751227714e-13,4.831369667e-13,1.438428098e-13,1.088541741e-13,4.848059553e-14,1.243794783e-13,1.610650113e-13,2.376416615e-13,7.012237024e-13,2.167701895e-13,1.145812357e-12,1.362810707e-13,6.691454292e-13,9.751475183e-14
76.6328125,6.167687972e-13,2.813322237e-13,7.019234877e-13,3.722109679e-13,4.298647562e-13,2.252444766e-13,1.475571861e-13,9.557363322e-14,1.290736799e-13,4.959310889e-14,3.155076383e-13,2.618994089e-13,3.053266327e-13,1.139803537e-12,8.804818619e-13,1.272249927e-12,1.12666355e-12,6.666923282e-13,1.753687637e-13,4.853359688e-13,1.430974743e-13,1.08858091e-13,4.91327089e-14,1.251970111e-13,1.616559426e-13,2.400513121e-13,7.055910194e-13,2.153323424e-13,1.153794435e-12,1.354214312e-13,6.68277037e-13,9.906247684e-14
76.640625,6.154246444e-13,2.817653767e-13,7.062990134e-13,3.713839033e-13,4.31509011e-13,2.23929238e-13,1.481702558e-13,9.603393303e-14,1.292428524e-13,4.813302003e-14,3.141499035e-13,2.630444431e-13,3.075101682e-13,1.142104917e-12,8.842325058e-13,1.278667523e-12,1.124029852e-12,6.681636972e-13,1.757232209e-13,4.878301189e-13,1.423875079e-13,1.088891943e-13,4.980952246e-14,1.261316478e-13,1.622644689e-13,2.425882415e-13,7.100885992e-13,2.138422714e-13,1.162133983e-12,1.345305499e-13,6.675565357e-13,1.00662946e-13
76.6484375,6.139625348e-13,2.826816866e-13,7.103321831e-13,3.705986433e-13,4.329446271e-13,2.223980519e-13,1.487706294e-13,9.664383264e-14,1.293840737e-13,4.67051795e-14,3.127808663e-13,2.641518015e-13,3.09584394e-13,1.143998984e-12,8.879661421e-13,1.285681956e-12,1.121287227e-12,6.694224457e-13,1.760687255e-13,4.906198828e-13,1.416292979e-13,1.088782555e-13,5.050832018e-14,1.271312693e-13,1.628652952e-13,2.451845315e-13,7.14716801e-13,2.123148973e-13,1.170617757e-12,1.335811659e-13,6.668029712e-13,1.023231908e-13
76.65625,6.123132605e-13,2.835280187e-13,7.14224798e-13,3.698096194e-13,4.342632026e-13,2.209248452e-13,1.493846371e-13,9.739023696e-14,1.294759457e-13,4.526102904e-14,3.113430937e-13,2.650992734e-13,3.115983072e-13,1.145525802e-12,8.917296016e-13,1.293267446e-12,1.118691404e-12,6.705781302e-13,1.763127521e-13,4.934513869e-13,1.407838754e-13,1.088212476e-13,5.118172837e-14,1.281169122e-13,1.634663824e-13,2.476550785e-13,7.195375207e-13,2.107576518e-13,1.17886844e-12,1.326013254e-13,6.657466674e-13,1.039680215e-13
76.6640625,6.104875753e-13,2.839143206e-13,7.182514267e-13,3.693317784e-13,4.35253422e-13,2.19598738e-13,1.49959978e-13,9.827424234e-14,1.295210394e-13,4.382243952e-14,3.098815867e-13,2.659387202e-13,3.135376765e-13,1.146576432e-12,8.956330684e-13,1.301150659e-12,1.116163692e-12,6.715203249e-13,1.764655872e-13,4.961540302e-13,1.39940087e-13,1.087264484e-13,5.181001634e-14,1.290947186e-13,1.640320396e-13,2.500952457e-13,7.245680468e-13,2.091893975e-13,1.186869334e-12,1.31635362e-13,6.643447551e-13,1.056055304e-13
76.671875,6.085325712e-13,2.843797134e-13,7.223027793e-13,3.692827172e-13,4.357743384e-13,2.182095927e-13,1.504803597e-13,9.929782959e-14,1.295116142e-13,4.245749751e-14,3.085119597e-13,2.667669714e-13,3.153660081e-13,1.147076434e-12,8.997826372e-13,1.309525509e-12,1.113600931e-12,6.721191258e-13,1.766007916e-13,4.988184198e-13,1.392282135e-13,1.085873808e-13,5.243408396e-14,1.300834427e-13,1.645322326e-13,2.526646594e-13,7.296831715e-13,2.07649707e-13,1.194771325e-12,1.306972061e-13,6.627377953e-13,1.072824714e-13
76.6796875,6.067419795e-13,2.851485829e-13,7.264752346e-13,3.693106909e-13,4.364082415e-13,2.168034087e-13,1.510307425e-13,1.003882751e-13,1.29483026e-13,4.117101583e-14,3.072691684e-13,2.676048181e-13,3.172271441e-13,1.147611821e-12,9.041784072e-13,1.318656636e-12,1.111276123e-12,6.72676412e-13,1.768029832e-13,5.018116811e-13,1.386273784e-13,1.084517212e-13,5.309227998e-14,1.310966378e-13,1.650234967e-13,2.552831261e-13,7.347776685e-13,2.061399071e-13,1.202759292e-12,1.297598477e-13,6.611266973e-13,1.090034113e-13
76.6875,6.051038379e-13,2.857871915e-13,7.308264039e-13,3.693136161e-13,4.374268268e-13,2.154557881e-13,1.516302457e-13,1.015084995e-13,1.294724279e-13,3.995092191e-14,3.061044036e-13,2.683985642e-13,3.191289291e-13,1.148345374e-12,9.085778475e-13,1.328213751e-12,1.109125605e-12,6.732618093e-13,1.770756604e-13,5.052632269e-13,1.379808288e-13,1.083523966e-13,5.376360224e-14,1.321574187e-13,1.65530715e-13,2.5786008e-13,7.399062181e-13,2.045874216e-13,1.210780371e-12,1.287998008e-13,6.595950979e-13,1.107628418e-13
76.6953125,6.03203892e-13,2.863407001e-13,7.350021308e-13,3.69523663e-13,4.382684988e-13,2.140282604e-13,1.522201903e-13,1.027155765e-13,1.294520488e-13,3.87939508e-14,3.048717427e-13,2.690755648e-13,3.208681736e-13,1.148560365e-12,9.128353459e-13,1.338026799e-12,1.106838992e-12,6.735356071e-13,1.773158624e-13,5.088772485e-13,1.372449853e-13,1.082316373e-13,5.440772773e-14,1.332338211e-13,1.660042287e-13,2.604346838e-13,7.451554557e-13,2.029753664e-13,1.218522441e-12,1.278279278e-13,6.578922312e-13,1.125416238e-13
76.703125,6.01122586e-13,2.871695462e-13,7.389434658e-13,3.699535648e-13,4.386511011e-13,2.125643164e-13,1.527927741e-13,1.040404519e-13,1.294111792e-13,3.766532e-14,3.034226467e-13,2.696613778e-13,3.224416947e-13,1.148090275e-12,9.17158981e-13,1.348302119e-12,1.10452944e-12,6.734839774e-13,1.774716726e-13,5.124319604e-13,1.36557845e-13,1.080580973e-13,5.503453421e-14,1.342879336e-13,1.664207898e-13,2.630391987e-13,7.505095231e-13,2.013897844e-13,1.22605728e-12,1.268578256e-13,6.558345579e-13,1.143202475e-13
76.7109375,5.990430803e-13,2.880353135e-13,7.42915491e-13,3.705131918e-13,4.388219378e-13,2.111379587e-13,1.533691845e-13,1.054699295e-13,1.293808174e-13,3.653468021e-14,3.018453851e-13,2.702378669e-13,3.239802146e-13,1.147321438e-12,9.215759002e-13,1.358801308e-12,1.102117793e-12,6.731700441e-13,1.775717518e-13,5.158653652e-13,1.360010237e-13,1.078576462e-13,5.568712713e-14,1.353719963e-13,1.667767836e-13,2.656765666e-13,7.558772758e-13,1.998048407e-13,1.233594228e-12,1.258762363e-13,6.536132651e-13,1.161207795e-13
76.71875,5.966164885e-13,2.886228417e-13,7.467666717e-13,3.711236742e-13,4.388245438e-13,2.095864731e-13,1.53942349e-13,1.069828731e-13,1.293200605e-13,3.541934966e-14,3.002923852e-13,2.707211298e-13,3.254207976e-13,1.146049364e-12,9.257419265e-13,1.369200608e-12,1.099227907e-12,6.723582667e-13,1.775771975e-13,5.191326951e-13,1.354969302e-13,1.076020244e-13,5.637583529e-14,1.365047065e-13,1.670577535e-13,2.682969265e-13,7.611632106e-13,1.980781622e-13,1.240790628e-12,1.248566392e-13,6.511873399e-13,1.179470338e-13
76.7265625,5.939891925e-13,2.89141289e-13,7.502544328e-13,3.716898408e-13,4.385925952e-13,2.079943391e-13,1.545032993e-13,1.085411626e-13,1.29161105e-13,3.436843646e-14,2.987061947e-13,2.709627807e-13,3.267264288e-13,1.144111657e-12,9.296669045e-13,1.37979129e-12,1.096284047e-12,6.711617701e-13,1.77459856e-13,5.222744537e-13,1.349931628e-13,1.072681513e-13,5.707580559e-14,1.375891287e-13,1.672887729e-13,2.707904437e-13,7.663032044e-13,1.962379606e-13,1.247433182e-12,1.237834391e-13,6.482818003e-13,1.197512724e-13
76.734375,5.916628494e-13,2.897551446e-13,7.535584847e-13,3.725322184e-13,4.382089182e-13,2.066369381e-13,1.550571782e-13,1.101752253e-13,1.289321478e-13,3.340784746e-14,2.97046728e-13,2.710378069e-13,3.280068693e-13,1.141923086e-12,9.337931407e-13,1.390959285e-12,1.093993258e-12,6.699274062e-13,1.773024369e-13,5.252458387e-13,1.345280623e-13,1.069076373e-13,5.776235612e-14,1.385958938e-13,1.675119349e-13,2.731747618e-13,7.713257381e-13,1.944293586e-13,1.253890124e-12,1.2266726e-13,6.450679146e-13,1.215122544e-13
76.7421875,5.892262715e-13,2.904380375e-13,7.5683662e-13,3.739561189e-13,4.376408276e-13,2.05351137e-13,1.556037947e-13,1.119577441e-13,1.286812182e-13,3.248751917e-14,2.954260158e-13,2.711027782e-13,3.291783499e-13,1.139493003e-12,9.381737265e-13,1.402635329e-12,1.092036889e-12,6.684888782e-13,1.771407624e-13,5.280184666e-13,1.34118956e-13,1.06532891e-13,5.841845228e-14,1.396225845e-13,1.677041216e-13,2.755715437e-13,7.763514774e-13,1.92652727e-13,1.260294255e-12,1.215421989e-13,6.417852442e-13,1.23247323e-13
76.75,5.863944776e-13,2.912769193e-13,7.60039413e-13,3.753949524e-13,4.368461158e-13,2.038734371e-13,1.561243466e-13,1.138481797e-13,1.284118764e-13,3.155507187e-14,2.938775121e-13,2.711509597e-13,3.300667381e-13,1.1365356e-12,9.424446386e-13,1.414476986e-12,1.089835801e-12,6.66621126e-13,1.769448581e-13,5.308417799e-13,1.337670738e-13,1.061196657e-13,5.904540007e-14,1.407172186e-13,1.678092999e-13,2.77947114e-13,7.813670158e-13,1.908280423e-13,1.266405145e-12,1.204244074e-13,6.382928151e-13,1.249725593e-13
76.7578125,5.83801843e-13,2.921774571e-13,7.631695706e-13,3.763858811e-13,4.359601734e-13,2.023617985e-13,1.566050006e-13,1.158099923e-13,1.281345309e-13,3.065084642e-14,2.923092526e-13,2.711162217e-13,3.307727171e-13,1.133219257e-12,9.46551544e-13,1.426428589e-12,1.087589767e-12,6.64504291e-13,1.767141162e-13,5.338366489e-13,1.334706641e-13,1.05691748e-13,5.965722557e-14,1.418376115e-13,1.678405035e-13,2.80217423e-13,7.861683285e-13,1.889078064e-13,1.272143648e-12,1.192783424e-13,6.345185501e-13,1.267175727e-13
76.765625,5.813656833e-13,2.929652887e-13,7.661335874e-13,3.775281283e-13,4.349417738e-13,2.009730822e-13,1.570635847e-13,1.179129386e-13,1.278257484e-13,2.981421571e-14,2.906353671e-13,2.709781576e-13,3.314615138e-13,1.129516594e-12,9.506931799e-13,1.43890318e-12,1.085570293e-12,6.621742176e-13,1.764038066e-13,5.36865928e-13,1.331615067e-13,1.052410877e-13,6.024529174e-14,1.429539822e-13,1.678521804e-13,2.824466992e-13,7.906928577e-13,1.868960002e-13,1.277592252e-12,1.180678668e-13,6.304465219e-13,1.284925216e-13
76.7734375,5.783608249e-13,2.937082685e-13,7.687675029e-13,3.792589234e-13,4.335825468e-13,1.996161284e-13,1.575216122e-13,1.201236427e-13,1.274457953e-13,2.901316589e-14,2.888637787e-13,2.70741001e-13,3.320954692e-13,1.125056392e-12,9.547314403e-13,1.451855199e-12,1.083588564e-12,6.594849423e-13,1.759751572e-13,5.39860298e-13,1.32795016e-13,1.047234883e-13,6.081237965e-14,1.440688646e-13,1.678358226e-13,2.846366091e-13,7.950318558e-13,1.849020054e-13,1.282801907e-12,1.168169489e-13,6.259734476e-13,1.302448056e-13
76.78125,5.749849638e-13,2.943613377e-13,7.711356236e-13,3.811636814e-13,4.319620504e-13,1.982214278e-13,1.579535253e-13,1.223446477e-13,1.270476843e-13,2.825422691e-14,2.870665854e-13,2.704271012e-13,3.325553654e-13,1.120007557e-12,9.583775935e-13,1.464541712e-12,1.081482462e-12,6.564946622e-13,1.754876576e-13,5.426791863e-13,1.324339149e-13,1.041598076e-13,6.140055617e-14,1.451793311e-13,1.677438171e-13,2.866746083e-13,7.9918436e-13,1.829672753e-13,1.287579256e-12,1.155691673e-13,6.212361568e-13,1.319402899e-13
76.7890625,5.717110179e-13,2.94980928e-13,7.732965413e-13,3.829470301e-13,4.302991107e-13,1.967423039e-13,1.583003581e-13,1.246458948e-13,1.266825872e-13,2.759046465e-14,2.852117397e-13,2.700101163e-13,3.327523225e-13,1.114725695e-12,9.618053185e-13,1.477005829e-12,1.079312709e-12,6.532263764e-13,1.749657062e-13,5.453447582e-13,1.321092684e-13,1.035801354e-13,6.199243441e-14,1.462709547e-13,1.675602881e-13,2.885981725e-13,8.032478678e-13,1.809831573e-13,1.291608365e-12,1.143301674e-13,6.163396309e-13,1.336162011e-13
76.796875,5.685286122e-13,2.959004595e-13,7.751563472e-13,3.846941596e-13,4.285239933e-13,1.952327475e-13,1.585849346e-13,1.271051702e-13,1.262869917e-13,2.700086478e-14,2.832262857e-13,2.694142691e-13,3.3272924e-13,1.109086523e-12,9.655345799e-13,1.490206228e-12,1.07730047e-12,6.496415898e-13,1.743811395e-13,5.482507404e-13,1.317673921e-13,1.02975648e-13,6.251005565e-14,1.473368252e-13,1.673042684e-13,2.904916375e-13,8.074223252e-13,1.789783461e-13,1.2950465e-12,1.13074143e-13,6.111411499e-13,1.352989288e-13
76.8046875,5.656023882e-13,2.968647041e-13,7.768131404e-13,3.86550089e-13,4.264550333e-13,1.939603229e-13,1.58922431e-13,1.296396384e-13,1.258019386e-13,2.641326813e-14,2.811961658e-13,2.686457067e-13,3.326784119e-13,1.103057117e-12,9.697639849e-13,1.504337971e-12,1.075773227e-12,6.459378217e-13,1.737420764e-13,5.512756674e-13,1.313972439e-13,1.023502e-13,6.296394108e-14,1.483673543e-13,1.67034935e-13,2.922804338e-13,8.11622063e-13,1.770531324e-13,1.298243645e-12,1.117686995e-13,6.057339048e-13,1.369595512e-13
76.8125,5.629924427e-13,2.97484427e-13,7.78384845e-13,3.887508001e-13,4.241273597e-13,1.929566661e-13,1.592905994e-13,1.321747847e-13,1.252510906e-13,2.580620666e-14,2.791919019e-13,2.677976809e-13,3.326552856e-13,1.096838569e-12,9.740931394e-13,1.518695623e-12,1.074703251e-12,6.421976047e-13,1.730418685e-13,5.538984525e-13,1.310389412e-13,1.016932657e-13,6.342304883e-14,1.493294205e-13,1.667804281e-13,2.939373473e-13,8.156488464e-13,1.751112466e-13,1.301070861e-12,1.10420105e-13,6.00261634e-13,1.385670325e-13
76.8203125,5.602930263e-13,2.982210802e-13,7.796382903e-13,3.912599792e-13,4.216161161e-13,1.91907464e-13,1.595228467e-13,1.347301897e-13,1.246724132e-13,2.520511764e-14,2.771109962e-13,2.669134737e-13,3.325050064e-13,1.09021355e-12,9.779871626e-13,1.532859717e-12,1.073661544e-12,6.381417767e-13,1.722778872e-13,5.56292193e-13,1.30689103e-13,1.009773969e-13,6.388151206e-14,1.502315845e-13,1.664572546e-13,2.955483563e-13,8.194704534e-13,1.731028309e-13,1.303381452e-12,1.090769691e-13,5.945093171e-13,1.401237349e-13
76.828125,5.573970754e-13,2.993043595e-13,7.803994806e-13,3.937737171e-13,4.188276208e-13,1.9077545e-13,1.596361024e-13,1.373399436e-13,1.240708953e-13,2.463914074e-14,2.74862712e-13,2.659373805e-13,3.32185941e-13,1.08285928e-12,9.814868418e-13,1.546988906e-12,1.072590808e-12,6.336885597e-13,1.714604014e-13,5.587295483e-13,1.303116362e-13,1.002108873e-13,6.430782908e-14,1.511476412e-13,1.660240562e-13,2.970770058e-13,8.230489641e-13,1.711404664e-13,1.305283678e-12,1.077308513e-13,5.883791957e-13,1.416284769e-13
76.8359375,5.545277985e-13,3.003292439e-13,7.808712215e-13,3.963579309e-13,4.1578407e-13,1.897946786e-13,1.597705934e-13,1.400034255e-13,1.23438108e-13,2.412683939e-14,2.724723239e-13,2.648443362e-13,3.318269325e-13,1.075056733e-12,9.850653504e-13,1.561352421e-12,1.071798412e-12,6.291172378e-13,1.705560726e-13,5.609923794e-13,1.299232983e-13,9.941668442e-14,6.470010435e-14,1.521056557e-13,1.655649431e-13,2.98424501e-13,8.264170563e-13,1.692233566e-13,1.306692564e-12,1.063249665e-13,5.821242134e-13,1.430435213e-13
76.84375,5.517680531e-13,3.013042458e-13,7.811746057e-13,3.990745982e-13,4.127369113e-13,1.889117646e-13,1.598750806e-13,1.426963674e-13,1.228259227e-13,2.366229766e-14,2.700374765e-13,2.637191567e-13,3.314239889e-13,1.067188989e-12,9.886804503e-13,1.575745523e-12,1.071115081e-12,6.244970612e-13,1.696113065e-13,5.631456203e-13,1.295758576e-13,9.86323338e-14,6.504691198e-14,1.530892679e-13,1.65081728e-13,2.996215549e-13,8.296165918e-13,1.672897507e-13,1.307587537e-12,1.048899051e-13,5.759283958e-13,1.443613067e-13
76.8515625,5.492345159e-13,3.022976297e-13,7.810937808e-13,4.0163217e-13,4.096776637e-13,1.879629698e-13,1.598794993e-13,1.454406745e-13,1.223003517e-13,2.322578625e-14,2.675856505e-13,2.625595258e-13,3.307917273e-13,1.059050771e-12,9.918421029e-13,1.589676427e-12,1.070180796e-12,6.196367158e-13,1.68710733e-13,5.652653912e-13,1.292350279e-13,9.788802116e-14,6.535946639e-14,1.541066064e-13,1.644940934e-13,3.007092933e-13,8.323901614e-13,1.653715978e-13,1.30815377e-12,1.034793706e-13,5.697245917e-13,1.456368558e-13
76.859375,5.468999598e-13,3.031481476e-13,7.804697042e-13,4.041399722e-13,4.062876655e-13,1.870264549e-13,1.598676711e-13,1.482454884e-13,1.217733652e-13,2.282152338e-14,2.649666806e-13,2.612033242e-13,3.298582017e-13,1.050338636e-12,9.946243939e-13,1.603289733e-12,1.069250168e-12,6.145314333e-13,1.677566794e-13,5.670447327e-13,1.288203828e-13,9.711806557e-14,6.567484014e-14,1.551123248e-13,1.638393266e-13,3.016339331e-13,8.346547325e-13,1.634793995e-13,1.308204526e-12,1.02038428e-13,5.633117575e-13,1.468754149e-13
76.8671875,5.444426963e-13,3.040195941e-13,7.794335653e-13,4.068103848e-13,4.02591851e-13,1.86126063e-13,1.598256056e-13,1.51001278e-13,1.211204303e-13,2.247455357e-14,2.621527867e-13,2.59620976e-13,3.287160456e-13,1.041182468e-12,9.973659631e-13,1.616900122e-12,1.068583226e-12,6.092394786e-13,1.666709965e-13,5.685926423e-13,1.283670506e-13,9.626249838e-14,6.597702727e-14,1.560468143e-13,1.631669431e-13,3.023635521e-13,8.367408691e-13,1.615806973e-13,1.307384819e-12,1.005295789e-13,5.565998358e-13,1.480232081e-13
76.875,5.419050813e-13,3.049055899e-13,7.780423521e-13,4.09257776e-13,3.989321254e-13,1.851505243e-13,1.596410566e-13,1.536525377e-13,1.204205791e-13,2.218813995e-14,2.593570196e-13,2.579605295e-13,3.273809608e-13,1.031750407e-12,9.997691084e-13,1.630015145e-12,1.067804094e-12,6.036301182e-13,1.655794481e-13,5.700843701e-13,1.279448964e-13,9.540000941e-14,6.621994175e-14,1.569834382e-13,1.62404873e-13,3.028818331e-13,8.386678836e-13,1.596605418e-13,1.305775736e-12,9.90092408e-14,5.497267744e-13,1.490716635e-13
76.8828125,5.396364106e-13,3.055982846e-13,7.761253475e-13,4.114757461e-13,3.953058083e-13,1.841980608e-13,1.593393804e-13,1.562913677e-13,1.197812679e-13,2.194511473e-14,2.566017123e-13,2.562710552e-13,3.258255903e-13,1.021961997e-12,1.001527502e-12,1.642301786e-12,1.066718378e-12,5.976987985e-13,1.645210984e-13,5.711981493e-13,1.275097757e-13,9.458586116e-14,6.640284265e-14,1.579870907e-13,1.615201481e-13,3.031152447e-13,8.401702994e-13,1.57713791e-13,1.303653795e-12,9.747701706e-14,5.427898112e-13,1.500102179e-13
76.890625,5.375916111e-13,3.062354748e-13,7.737636656e-13,4.140590585e-13,3.914528338e-13,1.834313111e-13,1.59019495e-13,1.589435783e-13,1.191299928e-13,2.174349125e-14,2.537426382e-13,2.54498873e-13,3.240902926e-13,1.011716248e-12,1.002940891e-12,1.65419626e-12,1.065701433e-12,5.91617862e-13,1.633990976e-13,5.720131309e-13,1.270077511e-13,9.374632702e-14,6.656637917e-14,1.589717777e-13,1.605795073e-13,3.030882672e-13,8.412172662e-13,1.557655435e-13,1.301054244e-12,9.589323664e-14,5.357098896e-13,1.508118608e-13
76.8984375,5.356319746e-13,3.068011685e-13,7.711944548e-13,4.169573577e-13,3.873462001e-13,1.827580905e-13,1.587111601e-13,1.615690561e-13,1.184181932e-13,2.157853213e-14,2.50822634e-13,2.5264426e-13,3.221405545e-13,1.001029973e-12,1.004171555e-12,1.665785175e-12,1.064926341e-12,5.854053724e-13,1.622239929e-13,5.728104137e-13,1.264439585e-13,9.285083421e-14,6.673905928e-14,1.598757024e-13,1.596053343e-13,3.029519583e-13,8.417936236e-13,1.53850519e-13,1.29783151e-12,9.430192415e-14,5.28421603e-13,1.515338869e-13
76.90625,5.338128947e-13,3.073391142e-13,7.682179535e-13,4.197578698e-13,3.831152987e-13,1.820504397e-13,1.583495743e-13,1.642104983e-13,1.177340703e-13,2.142236224e-14,2.478781557e-13,2.507608869e-13,3.199667421e-13,9.900625731e-13,1.005053907e-12,1.676844939e-12,1.064166223e-12,5.790507949e-13,1.610519328e-13,5.733332847e-13,1.258335732e-13,9.196331349e-14,6.68796549e-14,1.607428639e-13,1.585454738e-13,3.027163632e-13,8.419228245e-13,1.519852923e-13,1.293991961e-12,9.273135692e-14,5.209643065e-13,1.522173042e-13
76.9140625,5.319480605e-13,3.082234406e-13,7.646922922e-13,4.225096955e-13,3.78842369e-13,1.81325013e-13,1.578312652e-13,1.669008924e-13,1.171079564e-13,2.12774362e-14,2.448609564e-13,2.488710421e-13,3.176899502e-13,9.789052219e-13,1.005627613e-12,1.687538754e-12,1.063188987e-12,5.725607811e-13,1.598694666e-13,5.736562913e-13,1.252438515e-13,9.110606003e-14,6.692795494e-14,1.616064032e-13,1.573638014e-13,3.022728107e-13,8.417973939e-13,1.501549484e-13,1.289685269e-12,9.113543125e-14,5.134036448e-13,1.528010629e-13
76.921875,5.300182427e-13,3.09124593e-13,7.608821275e-13,4.251860297e-13,3.74574868e-13,1.8057307e-13,1.571912586e-13,1.696076091e-13,1.164638462e-13,2.11888507e-14,2.418260181e-13,2.468491195e-13,3.152477326e-13,9.672972691e-13,1.00588457e-12,1.697807755e-12,1.06191812e-12,5.657235881e-13,1.586634032e-13,5.741145622e-13,1.246976409e-13,9.023547397e-14,6.692229898e-14,1.624615087e-13,1.560942394e-13,3.01613051e-13,8.413083443e-13,1.482786511e-13,1.284730336e-12,8.949911923e-14,5.05675078e-13,1.532759917e-13
76.9296875,5.284623594e-13,3.095899391e-13,7.56553652e-13,4.276467033e-13,3.702450557e-13,1.797746816e-13,1.565586196e-13,1.722976422e-13,1.157534101e-13,2.11699453e-14,2.386954117e-13,2.445360155e-13,3.125068244e-13,9.550148969e-13,1.005567359e-12,1.707328583e-12,1.060544867e-12,5.584830564e-13,1.57415321e-13,5.743213333e-13,1.240519552e-13,8.93178266e-14,6.692736831e-14,1.632804797e-13,1.547983454e-13,3.007183523e-13,8.401987644e-13,1.463389048e-13,1.278768259e-12,8.781711239e-14,4.976296381e-13,1.53673292e-13
76.9375,5.270980863e-13,3.100586846e-13,7.51325589e-13,4.300879215e-13,3.656860402e-13,1.789761094e-13,1.559057345e-13,1.749206355e-13,1.149895642e-13,2.120232026e-14,2.352967732e-13,2.420459911e-13,3.096439269e-13,9.422746848e-13,1.004676584e-12,1.716201926e-12,1.059273249e-12,5.511472287e-13,1.560853244e-13,5.740098604e-13,1.232702748e-13,8.835332772e-14,6.69090195e-14,1.640361319e-13,1.534736278e-13,2.995583808e-13,8.385847147e-13,1.444419858e-13,1.271968312e-12,8.606970674e-14,4.893439635e-13,1.539509659e-13
76.9453125,5.25384641e-13,3.106544468e-13,7.457291591e-13,4.325421278e-13,3.608817093e-13,1.78188128e-13,1.551431665e-13,1.774433825e-13,1.141994572e-13,2.129417098e-14,2.317838223e-13,2.396156803e-13,3.067810951e-13,9.293708144e-13,1.003474914e-12,1.724524413e-12,1.057959186e-12,5.438058136e-13,1.546901338e-13,5.735089102e-13,1.22555151e-13,8.736238832e-14,6.682682998e-14,1.64745202e-13,1.520727222e-13,2.98266492e-13,8.366488869e-13,1.425918245e-13,1.264791287e-12,8.430742753e-14,4.810510966e-13,1.541046585e-13
76.953125,5.238504365e-13,3.110673527e-13,7.401320408e-13,4.347956862e-13,3.560070765e-13,1.774457019e-13,1.543111601e-13,1.798943229e-13,1.134080746e-13,2.143870496e-14,2.283556492e-13,2.372248601e-13,3.037495984e-13,9.164249981e-13,1.002072704e-12,1.73211491e-12,1.056561229e-12,5.363308764e-13,1.533091725e-13,5.72798548e-13,1.219726372e-13,8.637721961e-14,6.670807039e-14,1.654167086e-13,1.506049553e-13,2.968855037e-13,8.34376349e-13,1.407066127e-13,1.257317941e-12,8.257419073e-14,4.727988204e-13,1.541896601e-13
76.9609375,5.230256979e-13,3.114896873e-13,7.341377132e-13,4.369510112e-13,3.511675983e-13,1.768629137e-13,1.534552082e-13,1.822909644e-13,1.12634296e-13,2.15777573e-14,2.249311174e-13,2.347439048e-13,3.005372963e-13,9.034684898e-13,1.000484559e-12,1.739090229e-12,1.055395772e-12,5.288230667e-13,1.519863538e-13,5.71801031e-13,1.213706477e-13,8.541548572e-14,6.656857771e-14,1.660417145e-13,1.491236331e-13,2.952678559e-13,8.317221691e-13,1.388393974e-13,1.249409464e-12,8.083966501e-14,4.645397178e-13,1.542008476e-13
76.96875,5.222359851e-13,3.119147806e-13,7.279516696e-13,4.391505163e-13,3.463281939e-13,1.76428865e-13,1.525662838e-13,1.84621409e-13,1.118739772e-13,2.168926582e-14,2.215240084e-13,2.322160424e-13,2.973008674e-13,8.904495775e-13,9.98735666e-13,1.745694816e-12,1.054555996e-12,5.214039547e-13,1.506896154e-13,5.707851036e-13,1.207132305e-13,8.445353853e-14,6.641469977e-14,1.666561741e-13,1.476489885e-13,2.934551634e-13,8.287083185e-13,1.370747527e-13,1.241058493e-12,7.913228791e-14,4.563395803e-13,1.541152049e-13
76.9765625,5.212508566e-13,3.121862084e-13,7.219860969e-13,4.411968205e-13,3.415401592e-13,1.760169914e-13,1.516512124e-13,1.868770575e-13,1.111148761e-13,2.181315138e-14,2.18251882e-13,2.297384844e-13,2.940594205e-13,8.774482676e-13,9.967800494e-13,1.751845294e-12,1.053847026e-12,5.140815928e-13,1.494027497e-13,5.696753516e-13,1.20073597e-13,8.347361007e-14,6.626547646e-14,1.672784957e-13,1.461671828e-13,2.915686923e-13,8.25499351e-13,1.354025579e-13,1.23228103e-12,7.748873714e-14,4.482977502e-13,1.53934859e-13
76.984375,5.207218944e-13,3.126360965e-13,7.157048789e-13,4.429253998e-13,3.369129884e-13,1.75615145e-13,1.506799104e-13,1.890484532e-13,1.103892609e-13,2.197506424e-14,2.149984635e-13,2.27309653e-13,2.90770517e-13,8.646232251e-13,9.946190694e-13,1.757362628e-12,1.053153829e-12,5.0685916e-13,1.481623562e-13,5.683326553e-13,1.194496264e-13,8.252014966e-14,6.608809404e-14,1.678899489e-13,1.446528648e-13,2.895200711e-13,8.221162588e-13,1.338045378e-13,1.222987514e-12,7.582062032e-14,4.404248019e-13,1.536645295e-13
76.9921875,5.205519156e-13,3.131558532e-13,7.087842961e-13,4.444665458e-13,3.322854595e-13,1.752819443e-13,1.496127282e-13,1.911356312e-13,1.097283831e-13,2.219081383e-14,2.116648933e-13,2.248795894e-13,2.873936677e-13,8.517890036e-13,9.923206414e-13,1.762169964e-12,1.052411429e-12,4.995711232e-13,1.469564446e-13,5.669310741e-13,1.1883453e-13,8.162687321e-14,6.584268976e-14,1.685086818e-13,1.430841982e-13,2.872934812e-13,8.183043928e-13,1.32245687e-13,1.213156369e-12,7.409439061e-14,4.326236253e-13,1.533335826e-13
77,5.203736525e-13,3.133048347e-13,7.016674067e-13,4.459812499e-13,3.273832592e-13,1.750251248e-13,1.484876193e-13,1.931204801e-13,1.090642448e-13,2.247891553e-14,2.083521824e-13,2.224189961e-13,2.839177481e-13,8.387343428e-13,9.897885196e-13,1.766244066e-12,1.051684668e-12,4.921230904e-13,1.457472332e-13,5.652832528e-13,1.182243226e-13,8.074416474e-14,6.556526976e-14,1.691127525e-13,1.414764622e-13,2.849709464e-13,8.141262649e-13,1.30671837e-13,1.202980939e-12,7.24062471e-14,4.24841606e-13,1.529224139e-13
77.0078125,5.204872531e-13,3.133336827e-13,6.94458123e-13,4.473747661e-13,3.223283703e-13,1.748389486e-13,1.473316131e-13,1.949546197e-13,1.083292434e-13,2.27993328e-14,2.05061879e-13,2.199345807e-13,2.804256969e-13,8.256602282e-13,9.868221318e-13,1.76947945e-12,1.051051688e-12,4.847286669e-13,1.445801021e-13,5.631657716e-13,1.175567885e-13,7.983383108e-14,6.528223931e-14,1.696285675e-13,1.398582819e-13,2.824575193e-13,8.097868812e-13,1.291127221e-13,1.192520557e-12,7.076706105e-14,4.171737374e-13,1.523552299e-13
77.015625,5.207230282e-13,3.134610667e-13,6.869649762e-13,4.484857411e-13,3.174118819e-13,1.746540803e-13,1.461076434e-13,1.966503746e-13,1.075877709e-13,2.309499466e-14,2.017098469e-13,2.174138456e-13,2.76861089e-13,8.126293212e-13,9.833318689e-13,1.771566934e-12,1.050101778e-12,4.773546982e-13,1.434752268e-13,5.609390435e-13,1.168176328e-13,7.893473345e-14,6.496569931e-14,1.700673976e-13,1.38205252e-13,2.797084118e-13,8.049819163e-13,1.276127093e-13,1.181474275e-12,6.912360496e-14,4.096209524e-13,1.516641467e-13
77.0234375,5.204498587e-13,3.134317056e-13,6.790644829e-13,4.494127118e-13,3.125049448e-13,1.743208374e-13,1.44802207e-13,1.982914676e-13,1.068926163e-13,2.338386806e-14,1.983237708e-13,2.147719448e-13,2.730127244e-13,7.992517224e-13,9.792790538e-13,1.772440672e-12,1.048421515e-12,4.697183529e-13,1.423316589e-13,5.587682641e-13,1.160244934e-13,7.80549961e-14,6.46312291e-14,1.704649013e-13,1.364820543e-13,2.76825251e-13,7.995439867e-13,1.261018891e-13,1.169699765e-12,6.74942577e-14,4.020048254e-13,1.509229435e-13
77.03125,5.200193057e-13,3.132408519e-13,6.705898394e-13,4.502786646e-13,3.073786986e-13,1.738336304e-13,1.434379498e-13,1.999146995e-13,1.061775526e-13,2.369899667e-14,1.949497783e-13,2.119721233e-13,2.689301887e-13,7.853884831e-13,9.746851046e-13,1.772490837e-12,1.046394691e-12,4.619697285e-13,1.411133703e-13,5.563541368e-13,1.151377436e-13,7.714682861e-14,6.431372834e-14,1.708170688e-13,1.347181928e-13,2.737841176e-13,7.938485828e-13,1.245311563e-13,1.157443218e-12,6.588036673e-14,3.943149742e-13,1.500845062e-13
77.0390625,5.202012507e-13,3.130477432e-13,6.618531981e-13,4.510080217e-13,3.02298682e-13,1.733841947e-13,1.420267007e-13,2.014629958e-13,1.054330284e-13,2.403046898e-14,1.916226883e-13,2.091716312e-13,2.648752575e-13,7.715524239e-13,9.697044143e-13,1.771741093e-12,1.04447612e-12,4.544191394e-13,1.399443507e-13,5.536358476e-13,1.142082109e-13,7.623786259e-14,6.397760466e-14,1.711778994e-13,1.329448168e-13,2.705689629e-13,7.879781448e-13,1.230120281e-13,1.144906129e-12,6.42654096e-14,3.868059135e-13,1.491163071e-13
77.046875,5.207415461e-13,3.128373789e-13,6.532889184e-13,4.515565408e-13,2.975726294e-13,1.730590238e-13,1.405720184e-13,2.028759597e-13,1.047461319e-13,2.438509365e-14,1.883975317e-13,2.065403783e-13,2.608764697e-13,7.582001238e-13,9.644116094e-13,1.769754847e-12,1.042405067e-12,4.46985196e-13,1.388933016e-13,5.508138045e-13,1.133713506e-13,7.540458033e-14,6.359445664e-14,1.715658665e-13,1.311389155e-13,2.672886534e-13,7.81636645e-13,1.215808591e-13,1.132134986e-12,6.269311612e-14,3.796070518e-13,1.480851148e-13
77.0546875,5.208969006e-13,3.125101076e-13,6.445246022e-13,4.518742106e-13,2.929276415e-13,1.727383058e-13,1.390823683e-13,2.041714798e-13,1.041076194e-13,2.478422358e-14,1.852363233e-13,2.039787325e-13,2.567483332e-13,7.450288619e-13,9.587638331e-13,1.766547357e-12,1.039898147e-12,4.395173191e-13,1.378613873e-13,5.480194374e-13,1.125935078e-13,7.461408105e-14,6.319862275e-14,1.718826554e-13,1.292930883e-13,2.639005807e-13,7.747128003e-13,1.200575558e-13,1.119090532e-12,6.116176641e-14,3.725152183e-13,1.470063423e-13
77.0625,5.206825623e-13,3.118758179e-13,6.352176878e-13,4.51878268e-13,2.88007078e-13,1.723625425e-13,1.375672637e-13,2.05363528e-13,1.034296874e-13,2.520843419e-14,1.820413907e-13,2.012937184e-13,2.524036221e-13,7.31565658e-13,9.527131572e-13,1.762247672e-12,1.037050194e-12,4.319936151e-13,1.367678319e-13,5.45063106e-13,1.117541799e-13,7.378705793e-14,6.279646772e-14,1.721106073e-13,1.274232276e-13,2.602646482e-13,7.671952103e-13,1.183969886e-13,1.105581844e-12,5.961326257e-14,3.653507315e-13,1.458210039e-13
77.0703125,5.205275846e-13,3.108506714e-13,6.256519707e-13,4.517068593e-13,2.829598297e-13,1.719806041e-13,1.360236624e-13,2.063944014e-13,1.027198561e-13,2.563263998e-14,1.787685394e-13,1.985259707e-13,2.478912174e-13,7.179705825e-13,9.460419344e-13,1.756491125e-12,1.033798079e-12,4.2434018e-13,1.356449501e-13,5.414335497e-13,1.10880044e-13,7.294129885e-14,6.236774401e-14,1.723321706e-13,1.255202622e-13,2.56410964e-13,7.590956582e-13,1.167662404e-13,1.091539249e-12,5.806036188e-14,3.582322447e-13,1.444969493e-13
77.078125,5.203244088e-13,3.096168568e-13,6.158801114e-13,4.51389802e-13,2.779992752e-13,1.715320409e-13,1.344276015e-13,2.072532992e-13,1.020346397e-13,2.607508121e-14,1.754259853e-13,1.957958163e-13,2.432707555e-13,7.044727522e-13,9.386293305e-13,1.749407544e-12,1.030079615e-12,4.165975161e-13,1.345108711e-13,5.371734958e-13,1.100237976e-13,7.210945837e-14,6.193167286e-14,1.725608659e-13,1.235865274e-13,2.524620195e-13,7.506193392e-13,1.151659333e-13,1.077214452e-12,5.654452014e-14,3.512440979e-13,1.430525328e-13
77.0859375,5.198906749e-13,3.083391152e-13,6.058440771e-13,4.506561632e-13,2.730492376e-13,1.709418567e-13,1.327531809e-13,2.07988977e-13,1.013635565e-13,2.656665397e-14,1.721205572e-13,1.930812199e-13,2.385822548e-13,6.908752387e-13,9.308357845e-13,1.741714876e-12,1.026230421e-12,4.089549343e-13,1.333566935e-13,5.330570902e-13,1.091340396e-13,7.127220134e-14,6.149870722e-14,1.727815417e-13,1.216348773e-13,2.484650537e-13,7.41996653e-13,1.135128901e-13,1.062834744e-12,5.506617747e-14,3.442817678e-13,1.415242803e-13
77.09375,5.196226274e-13,3.069422119e-13,5.957639985e-13,4.496202721e-13,2.681768436e-13,1.703473737e-13,1.310153601e-13,2.086108612e-13,1.006953129e-13,2.710252611e-14,1.689600575e-13,1.903644634e-13,2.338412775e-13,6.77237812e-13,9.22875924e-13,1.733313179e-12,1.022413535e-12,4.014787071e-13,1.322354047e-13,5.293029527e-13,1.081624042e-13,7.045527803e-14,6.10514027e-14,1.729948569e-13,1.196549815e-13,2.443526897e-13,7.331785483e-13,1.118930714e-13,1.048311692e-12,5.361236691e-14,3.374071396e-13,1.399241006e-13
77.1015625,5.196915804e-13,3.053172119e-13,5.855897358e-13,4.486695308e-13,2.635996222e-13,1.698965513e-13,1.292701619e-13,2.091411201e-13,1.000647111e-13,2.764964372e-14,1.658668308e-13,1.876883316e-13,2.290421761e-13,6.638950321e-13,9.145289761e-13,1.723686073e-12,1.018323581e-12,3.941781151e-13,1.311957163e-13,5.254058667e-13,1.071175575e-13,6.970344622e-14,6.059259395e-14,1.731448267e-13,1.176661257e-13,2.400419241e-13,7.239241844e-13,1.103213937e-13,1.03344542e-12,5.215022684e-14,3.307738058e-13,1.382474093e-13
77.109375,5.196297701e-13,3.036549024e-13,5.752711271e-13,4.475877387e-13,2.591740224e-13,1.694969847e-13,1.275271693e-13,2.09582348e-13,9.946379152e-14,2.819472794e-14,1.627932308e-13,1.850543122e-13,2.242267826e-13,6.50764759e-13,9.058678575e-13,1.712991826e-12,1.013739341e-12,3.871074657e-13,1.302125484e-13,5.211776234e-13,1.060635049e-13,6.897913348e-14,6.011844513e-14,1.731822852e-13,1.15694611e-13,2.356093525e-13,7.142683123e-13,1.087027877e-13,1.018302193e-12,5.067827975e-14,3.243206174e-13,1.365036164e-13
77.1171875,5.192364816e-13,3.021045755e-13,5.651479565e-13,4.459484656e-13,2.546629536e-13,1.690148309e-13,1.257328243e-13,2.09845505e-13,9.885482802e-14,2.874021427e-14,1.598676343e-13,1.824850768e-13,2.194318406e-13,6.376822614e-13,8.971018411e-13,1.701209266e-12,1.008638797e-12,3.802159091e-13,1.292596349e-13,5.167852437e-13,1.050964334e-13,6.823898168e-14,5.961369362e-14,1.731486593e-13,1.137034587e-13,2.311786131e-13,7.0445909e-13,1.070734183e-13,1.003115225e-12,4.927428488e-14,3.180030966e-13,1.34686229e-13
77.125,5.187151141e-13,3.003411313e-13,5.551597632e-13,4.439101676e-13,2.502362865e-13,1.684782739e-13,1.239034318e-13,2.09913892e-13,9.826751266e-14,2.926637019e-14,1.570581371e-13,1.799996908e-13,2.145700138e-13,6.247882683e-13,8.879956314e-13,1.687906898e-12,1.003004878e-12,3.734061755e-13,1.283443401e-13,5.12382038e-13,1.042034276e-13,6.751568778e-14,5.909810816e-14,1.730940949e-13,1.116812402e-13,2.266979037e-13,6.943674773e-13,1.054690558e-13,9.878398032e-13,4.795505109e-14,3.118796308e-13,1.327915756e-13
77.1328125,5.180144885e-13,2.98216032e-13,5.448306359e-13,4.417562531e-13,2.459950497e-13,1.679213963e-13,1.221158965e-13,2.098421403e-13,9.772101823e-14,2.977261186e-14,1.5417553e-13,1.774926169e-13,2.095747767e-13,6.119946653e-13,8.783586554e-13,1.673341501e-12,9.969438428e-13,3.666237865e-13,1.274469003e-13,5.081010968e-13,1.032603951e-13,6.68328281e-14,5.859480971e-14,1.730004568e-13,1.096724513e-13,2.220936715e-13,6.837541058e-13,1.038405728e-13,9.722825115e-13,4.663110612e-14,3.058349518e-13,1.30864159e-13
77.140625,5.169820445e-13,2.960406399e-13,5.341714554e-13,4.394269707e-13,2.416586857e-13,1.672839507e-13,1.203357903e-13,2.096180139e-13,9.715094214e-14,3.030315918e-14,1.512522637e-13,1.749015281e-13,2.045400496e-13,5.990284033e-13,8.682898575e-13,1.658022745e-12,9.905982023e-13,3.597986033e-13,1.26512023e-13,5.038754819e-13,1.022378718e-13,6.614914352e-14,5.81141477e-14,1.728517365e-13,1.076636261e-13,2.174341545e-13,6.728003275e-13,1.022092567e-13,9.565290296e-13,4.528206018e-14,2.997447205e-13,1.289252587e-13
77.1484375,5.158321792e-13,2.938686653e-13,5.235160199e-13,4.368730476e-13,2.372264105e-13,1.665628539e-13,1.184768824e-13,2.092958044e-13,9.655975077e-14,3.086264805e-14,1.484228322e-13,1.72346057e-13,1.995424409e-13,5.860756393e-13,8.578470375e-13,1.64198104e-12,9.840699376e-13,3.530260667e-13,1.255587692e-13,4.996159931e-13,1.012134228e-13,6.544392604e-14,5.767236364e-14,1.727037151e-13,1.056288264e-13,2.127699222e-13,6.616657823e-13,1.006029879e-13,9.407951904e-13,4.397095293e-14,2.937340371e-13,1.269417265e-13
77.15625,5.149513543e-13,2.915835112e-13,5.1286585e-13,4.341618211e-13,2.330372119e-13,1.658605203e-13,1.165765585e-13,2.089295217e-13,9.603086994e-14,3.140997847e-14,1.456175775e-13,1.698873782e-13,1.945501393e-13,5.734913111e-13,8.471749671e-13,1.625287547e-12,9.775279696e-13,3.465459241e-13,1.247035255e-13,4.954173895e-13,1.002073913e-13,6.476543321e-14,5.723541079e-14,1.725604767e-13,1.036127133e-13,2.080603651e-13,6.503029653e-13,9.901424284e-14,9.250987756e-13,4.270139524e-14,2.879340943e-13,1.249035354e-13
77.1640625,5.143646575e-13,2.892226725e-13,5.020508845e-13,4.313180961e-13,2.290552177e-13,1.652352944e-13,1.14700014e-13,2.08384824e-13,9.553586634e-14,3.195160483e-14,1.427424583e-13,1.674217069e-13,1.895675878e-13,5.611998949e-13,8.363985258e-13,1.607945032e-12,9.709117787e-13,3.403052639e-13,1.239610819e-13,4.911280358e-13,9.920514412e-14,6.414003129e-14,5.674278278e-14,1.723039315e-13,1.016294723e-13,2.032817977e-13,6.388082735e-13,9.74714016e-14,9.092952332e-13,4.144492478e-14,2.822951921e-13,1.22814525e-13
77.171875,5.136649364e-13,2.867250003e-13,4.911827172e-13,4.284036063e-13,2.250399334e-13,1.646278744e-13,1.128165377e-13,2.076527108e-13,9.500856239e-14,3.251374789e-14,1.399264898e-13,1.649402402e-13,1.846673833e-13,5.490155499e-13,8.253720996e-13,1.589654477e-12,9.638575961e-13,3.340663571e-13,1.232135754e-13,4.865532066e-13,9.824674524e-14,6.353181406e-14,5.6219294e-14,1.719173524e-13,9.963859937e-14,1.98452994e-13,6.271715313e-13,9.595167754e-14,8.933865237e-13,4.022472312e-14,2.767945182e-13,1.206579074e-13
77.1796875,5.125633147e-13,2.841600424e-13,4.80526972e-13,4.253882587e-13,2.210838313e-13,1.639437455e-13,1.109081676e-13,2.069124597e-13,9.451436822e-14,3.307051491e-14,1.373265148e-13,1.625692635e-13,1.798593712e-13,5.370160566e-13,8.14074522e-13,1.570440954e-12,9.562029065e-13,3.278595307e-13,1.224476207e-13,4.820052049e-13,9.734362414e-14,6.293594709e-14,5.572426442e-14,1.715152986e-13,9.764286661e-14,1.936049321e-13,6.152212731e-13,9.439769775e-14,8.776533442e-13,3.905482376e-14,2.715496139e-13,1.184562208e-13
77.1875,5.11186301e-13,2.816926074e-13,4.699936224e-13,4.220556116e-13,2.172743218e-13,1.631651282e-13,1.090152839e-13,2.060955014e-13,9.409022135e-14,3.360817284e-14,1.348343602e-13,1.60301382e-13,1.750367267e-13,5.25261301e-13,8.026580321e-13,1.550524743e-12,9.481098104e-13,3.218337219e-13,1.217309035e-13,4.777455653e-13,9.642602469e-14,6.238119973e-14,5.525467245e-14,1.710612707e-13,9.56646034e-14,1.887593288e-13,6.030946352e-13,9.28326606e-14,8.621922392e-13,3.790141768e-14,2.665847183e-13,1.162686941e-13
77.1953125,5.097487488e-13,2.791604212e-13,4.592997057e-13,4.183911852e-13,2.134750953e-13,1.62361401e-13,1.071416306e-13,2.050504343e-13,9.365456729e-14,3.416543312e-14,1.322708654e-13,1.580193989e-13,1.701550862e-13,5.13694068e-13,7.911082222e-13,1.529952407e-12,9.398838423e-13,3.160237016e-13,1.21039364e-13,4.736090391e-13,9.545189247e-14,6.184556514e-14,5.479243307e-14,1.704557079e-13,9.369951931e-14,1.839046455e-13,5.910496857e-13,9.128566233e-14,8.467352313e-13,3.675946535e-14,2.617222799e-13,1.140961052e-13
77.203125,5.083017765e-13,2.764816362e-13,4.486209636e-13,4.145754459e-13,2.097221469e-13,1.615741659e-13,1.052823904e-13,2.038913845e-13,9.319363627e-14,3.475077119e-14,1.297331015e-13,1.557449826e-13,1.653618251e-13,5.023895866e-13,7.794265027e-13,1.508871091e-12,9.317604886e-13,3.104557097e-13,1.203623334e-13,4.694761559e-13,9.444970877e-14,6.130270268e-14,5.43402988e-14,1.697829788e-13,9.176723398e-14,1.790371164e-13,5.790474478e-13,8.974183016e-14,8.312413076e-13,3.566843754e-14,2.569166047e-13,1.11879992e-13
77.2109375,5.06757549e-13,2.737082885e-13,4.383487149e-13,4.105749257e-13,2.061774316e-13,1.607742083e-13,1.034784169e-13,2.026721295e-13,9.275979055e-14,3.532855346e-14,1.273699045e-13,1.535786068e-13,1.607605264e-13,4.915075781e-13,7.676673375e-13,1.487251394e-12,9.235516639e-13,3.051291251e-13,1.197358494e-13,4.652509674e-13,9.345239224e-14,6.077443439e-14,5.390615462e-14,1.691091955e-13,8.991025245e-14,1.742217318e-13,5.669602727e-13,8.820139989e-14,8.15928722e-13,3.464154998e-14,2.523948293e-13,1.096080646e-13
77.21875,5.049813202e-13,2.706725352e-13,4.284456544e-13,4.063319711e-13,2.027809085e-13,1.599343001e-13,1.017272315e-13,2.012675017e-13,9.234172193e-14,3.589796489e-14,1.250939592e-13,1.515231038e-13,1.562688134e-13,4.810522106e-13,7.557453924e-13,1.46488473e-12,9.149983949e-13,3.00006938e-13,1.191119469e-13,4.608317193e-13,9.246533204e-14,6.026407303e-14,5.351279306e-14,1.683620801e-13,8.813595503e-14,1.695418016e-13,5.548789444e-13,8.666611022e-14,8.008844684e-13,3.366181744e-14,2.482546622e-13,1.073376879e-13
77.2265625,5.028584097e-13,2.674210758e-13,4.186731992e-13,4.019595326e-13,1.99330967e-13,1.590250118e-13,9.997828618e-14,1.997044248e-13,9.192005671e-14,3.64897345e-14,1.228401742e-13,1.495255378e-13,1.518390855e-13,4.708110027e-13,7.436591146e-13,1.442011397e-12,9.062844689e-13,2.950792879e-13,1.184455842e-13,4.564730975e-13,9.146140644e-14,5.97468234e-14,5.316955962e-14,1.675376808e-13,8.642392785e-14,1.64993724e-13,5.429816238e-13,8.510469289e-14,7.862470057e-13,3.272229234e-14,2.4430259e-13,1.050928211e-13
77.234375,5.003114137e-13,2.641396984e-13,4.08996362e-13,3.975033649e-13,1.957600672e-13,1.58046462e-13,9.824605274e-14,1.981054122e-13,9.150869824e-14,3.709975342e-14,1.206780193e-13,1.475539804e-13,1.475306122e-13,4.606070028e-13,7.315526586e-13,1.418862233e-12,8.974912174e-13,2.903001021e-13,1.177778361e-13,4.524370715e-13,9.042775836e-14,5.922091783e-14,5.285177418e-14,1.66668288e-13,8.476597912e-14,1.605138499e-13,5.311940399e-13,8.34920729e-14,7.720670878e-13,3.181717465e-14,2.404208042e-13,1.028383046e-13
77.2421875,4.974977162e-13,2.6082044e-13,3.994699423e-13,3.930645376e-13,1.922442497e-13,1.571026646e-13,9.656129298e-14,1.964944827e-13,9.111431343e-14,3.770086626e-14,1.185931515e-13,1.456291083e-13,1.43388508e-13,4.50610222e-13,7.195203311e-13,1.395368155e-12,8.884431512e-13,2.856843984e-13,1.171335566e-13,4.48640725e-13,8.941407474e-14,5.870149011e-14,5.254764247e-14,1.657345537e-13,8.316451587e-14,1.561128144e-13,5.193699389e-13,8.188740672e-14,7.58095802e-13,3.094152601e-14,2.367364018e-13,1.005814274e-13
77.25,4.94706836e-13,2.576565976e-13,3.901313236e-13,3.887276068e-13,1.889570001e-13,1.562121769e-13,9.489077116e-14,1.948471484e-13,9.073902201e-14,3.829597042e-14,1.165449325e-13,1.438052012e-13,1.393949218e-13,4.410347019e-13,7.076128408e-13,1.371793481e-12,8.793229766e-13,2.813499995e-13,1.165066741e-13,4.45094939e-13,8.842901302e-14,5.819807832e-14,5.226764017e-14,1.647531843e-13,8.161937133e-14,1.518652367e-13,5.077192089e-13,8.035575456e-14,7.444034188e-13,3.010374353e-14,2.333549147e-13,9.837246894e-14
77.2578125,4.917509362e-13,2.546647394e-13,3.810359025e-13,3.841338071e-13,1.857848843e-13,1.552111875e-13,9.323590769e-14,1.930742632e-13,9.036093935e-14,3.888690587e-14,1.145612959e-13,1.420629782e-13,1.354568977e-13,4.317501512e-13,6.957346799e-13,1.348085701e-12,8.702126652e-13,2.772737169e-13,1.159068334e-13,4.418878583e-13,8.742239515e-14,5.770425783e-14,5.201424694e-14,1.636793819e-13,8.013173866e-14,1.477501356e-13,4.963679648e-13,7.882472747e-14,7.312848017e-13,2.929548501e-14,2.301917988e-13,9.620375077e-14
77.265625,4.882968433e-13,2.515065777e-13,3.72200811e-13,3.790266053e-13,1.826457747e-13,1.540728413e-13,9.163674771e-14,1.910832506e-13,8.997151608e-14,3.942109184e-14,1.126426824e-13,1.403535029e-13,1.315373736e-13,4.226794592e-13,6.836365687e-13,1.323431434e-12,8.606009448e-13,2.733440084e-13,1.153569374e-13,4.388035585e-13,8.643754355e-14,5.721960333e-14,5.177499328e-14,1.624113122e-13,7.868673935e-14,1.436490872e-13,4.84957902e-13,7.726911046e-14,7.18465625e-13,2.849480137e-14,2.271549759e-13,9.40296041e-14
77.2734375,4.847006194e-13,2.483862399e-13,3.635264808e-13,3.737575119e-13,1.797092805e-13,1.529567216e-13,9.00564477e-14,1.889496938e-13,8.962940936e-14,3.986742747e-14,1.107913832e-13,1.387021703e-13,1.277226098e-13,4.139178024e-13,6.712853228e-13,1.29781754e-12,8.503135494e-13,2.69535813e-13,1.148610959e-13,4.356980548e-13,8.551077301e-14,5.677571907e-14,5.152734964e-14,1.610588502e-13,7.724730201e-14,1.395322333e-13,4.733321451e-13,7.581672924e-14,7.055872696e-13,2.770784453e-14,2.242824041e-13,9.185319967e-14
77.28125,4.813676248e-13,2.455002574e-13,3.549221589e-13,3.685313883e-13,1.769329429e-13,1.518864798e-13,8.846092072e-14,1.867767497e-13,8.932519077e-14,4.029782276e-14,1.090334702e-13,1.370963044e-13,1.24011156e-13,4.053176287e-13,6.589073255e-13,1.272150696e-12,8.398807743e-13,2.658017998e-13,1.14359093e-13,4.327675115e-13,8.454983318e-14,5.637058007e-14,5.127777953e-14,1.597854413e-13,7.581366289e-14,1.355063048e-13,4.617614988e-13,7.443901029e-14,6.928730749e-13,2.695504864e-14,2.216109243e-13,8.97158315e-14
77.2890625,4.780321678e-13,2.423831015e-13,3.465302846e-13,3.63222962e-13,1.740976438e-13,1.507823789e-13,8.690396303e-14,1.845199055e-13,8.896645081e-14,4.077290614e-14,1.073697387e-13,1.354928706e-13,1.203389663e-13,3.968312845e-13,6.466169098e-13,1.246483611e-12,8.29586509e-13,2.621648888e-13,1.13825108e-13,4.30000925e-13,8.357458697e-14,5.595325106e-14,5.107454645e-14,1.584749207e-13,7.443276221e-14,1.316441858e-13,4.503280557e-13,7.301315062e-14,6.805516332e-13,2.624801359e-14,2.191240953e-13,8.764412252e-14
77.296875,4.744233313e-13,2.390774272e-13,3.384842502e-13,3.579460293e-13,1.713046611e-13,1.496498755e-13,8.540990793e-14,1.821640399e-13,8.859296029e-14,4.125099297e-14,1.058126147e-13,1.339593312e-13,1.167619233e-13,3.887458743e-13,6.343611562e-13,1.220372298e-12,8.19234363e-13,2.587877248e-13,1.133394047e-13,4.271008059e-13,8.270648139e-14,5.552846803e-14,5.0928574e-14,1.570039444e-13,7.312228204e-14,1.278937299e-13,4.389598423e-13,7.162648109e-14,6.685088076e-13,2.55882209e-14,2.16826878e-13,8.563182484e-14
77.3046875,4.705787136e-13,2.360426021e-13,3.305687888e-13,3.52755961e-13,1.687005744e-13,1.485096437e-13,8.395717309e-14,1.798238206e-13,8.830938125e-14,4.171298992e-14,1.043415744e-13,1.325287797e-13,1.133145195e-13,3.810587526e-13,6.222232668e-13,1.194355792e-12,8.088559747e-13,2.556667258e-13,1.129054476e-13,4.242077167e-13,8.18773691e-14,5.513578942e-14,5.080289331e-14,1.555162167e-13,7.187418793e-14,1.242023995e-13,4.277479625e-13,7.032115276e-14,6.566819075e-13,2.494917919e-14,2.14704921e-13,8.36600552e-14
77.3125,4.665495672e-13,2.331294133e-13,3.226392484e-13,3.474943528e-13,1.661961334e-13,1.473687409e-13,8.256544199e-14,1.775574196e-13,8.809012743e-14,4.219092116e-14,1.028966882e-13,1.31127801e-13,1.099617127e-13,3.735492384e-13,6.104129144e-13,1.169070139e-12,7.986670551e-13,2.526580846e-13,1.124508767e-13,4.218591133e-13,8.100166594e-14,5.476862053e-14,5.070622499e-14,1.541152293e-13,7.069878223e-14,1.206134138e-13,4.167408534e-13,6.899431681e-14,6.451354237e-13,2.430901564e-14,2.127428752e-13,8.17447408e-14
77.3203125,4.624712752e-13,2.302308833e-13,3.149345169e-13,3.422379377e-13,1.637954667e-13,1.462361868e-13,8.12404097e-14,1.753003036e-13,8.79007517e-14,4.264179179e-14,1.015007485e-13,1.297707183e-13,1.067247218e-13,3.662729426e-13,5.989092806e-13,1.144090543e-12,7.884941544e-13,2.497691031e-13,1.120205104e-13,4.200983858e-13,8.016840695e-14,5.442497351e-14,5.067886305e-14,1.526939527e-13,6.959089387e-14,1.171885476e-13,4.058810311e-13,6.771896239e-14,6.339152345e-13,2.369613956e-14,2.110011925e-13,7.992072324e-14
77.328125,4.583880185e-13,2.274992412e-13,3.075960268e-13,3.369881962e-13,1.61530315e-13,1.450775839e-13,7.99492091e-14,1.729971445e-13,8.775654608e-14,4.302295928e-14,1.001834813e-13,1.285029049e-13,1.036358508e-13,3.593174666e-13,5.875936159e-13,1.119081938e-12,7.782125112e-13,2.471046465e-13,1.116531361e-13,4.185282418e-13,7.939697518e-14,5.410619105e-14,5.070566808e-14,1.511817316e-13,6.85415279e-14,1.139348628e-13,3.952230915e-13,6.656066144e-14,6.23113192e-13,2.31305385e-14,2.095120054e-13,7.816922133e-14
77.3359375,4.541659828e-13,2.247713036e-13,3.005455945e-13,3.31497036e-13,1.592701122e-13,1.438962429e-13,7.870149846e-14,1.706586489e-13,8.760661944e-14,4.34036562e-14,9.891090903e-14,1.272724622e-13,1.007570747e-13,3.527035271e-13,5.765914593e-13,1.094515268e-12,7.682401998e-13,2.447433087e-13,1.112852735e-13,4.170903824e-13,7.863338343e-14,5.377453338e-14,5.074947475e-14,1.496182998e-13,6.758026398e-14,1.10819544e-13,3.848703659e-13,6.538456185e-14,6.127791928e-13,2.259052814e-14,2.082125443e-13,7.64498204e-14
77.34375,4.499251728e-13,2.220879944e-13,2.93795788e-13,3.258943648e-13,1.570228215e-13,1.427608594e-13,7.751744637e-14,1.683080887e-13,8.743118861e-14,4.381924319e-14,9.770970322e-14,1.26067449e-13,9.813217052e-14,3.464830746e-13,5.659120197e-13,1.070447534e-12,7.586796185e-13,2.426753083e-13,1.109315752e-13,4.159427916e-13,7.791427825e-14,5.343397674e-14,5.08163589e-14,1.480083411e-13,6.670973338e-14,1.078054737e-13,3.747301562e-13,6.420197048e-14,6.027345766e-13,2.207509619e-14,2.070363236e-13,7.47808103e-14
77.3515625,4.457629312e-13,2.19675535e-13,2.873654464e-13,3.204815041e-13,1.549223418e-13,1.41674305e-13,7.637212158e-14,1.659480919e-13,8.730671661e-14,4.421009338e-14,9.662341933e-14,1.249498001e-13,9.563430621e-14,3.405589761e-13,5.553376982e-13,1.046412857e-12,7.490431017e-13,2.407852977e-13,1.106436435e-13,4.150297324e-13,7.724349194e-14,5.313089304e-14,5.091369344e-14,1.463147409e-13,6.588552796e-14,1.049044271e-13,3.646574863e-13,6.31212629e-14,5.928888676e-13,2.159645335e-14,2.05993216e-13,7.318949307e-14
77.359375,4.413100586e-13,2.17301445e-13,2.812686248e-13,3.150778757e-13,1.529601926e-13,1.405534566e-13,7.525865178e-14,1.635945139e-13,8.726196064e-14,4.456977653e-14,9.563744151e-14,1.239637266e-13,9.320375991e-14,3.349285712e-13,5.449559897e-13,1.022566953e-12,7.393189361e-13,2.390513908e-13,1.103810092e-13,4.142797771e-13,7.661242445e-14,5.285897717e-14,5.101323265e-14,1.445472136e-13,6.510855648e-14,1.021666936e-13,3.548395536e-13,6.202911769e-14,5.835236281e-13,2.114084288e-14,2.051940759e-13,7.16593719e-14
77.3671875,4.363809235e-13,2.148479366e-13,2.755882768e-13,3.094222726e-13,1.511122315e-13,1.393173068e-13,7.419959898e-14,1.613001767e-13,8.72710187e-14,4.494060327e-14,9.475063123e-14,1.231136007e-13,9.095759159e-14,3.297437191e-13,5.349043517e-13,9.992764887e-13,7.298711386e-13,2.375267317e-13,1.101086616e-13,4.137116472e-13,7.608861546e-14,5.259244148e-14,5.110772058e-14,1.427692282e-13,6.441271823e-14,9.959226509e-14,3.455212361e-13,6.082812056e-14,5.747285838e-13,2.071126166e-14,2.046695527e-13,7.019334189e-14
77.375,4.313426991e-13,2.125413314e-13,2.702148188e-13,3.036683489e-13,1.493808205e-13,1.379918121e-13,7.318086254e-14,1.59071944e-13,8.730641459e-14,4.531148136e-14,9.393156764e-14,1.223128078e-13,8.887155623e-14,3.248221494e-13,5.249395551e-13,9.762658856e-13,7.205527557e-13,2.361116693e-13,1.098170189e-13,4.13319507e-13,7.562342399e-14,5.232829287e-14,5.123039193e-14,1.410091623e-13,6.378028558e-14,9.715393327e-14,3.364822231e-13,5.963561921e-14,5.661638173e-13,2.033141269e-14,2.042320022e-13,6.881810403e-14
77.3828125,4.264444454e-13,2.102671226e-13,2.650042336e-13,2.980259003e-13,1.477006498e-13,1.367087051e-13,7.218439498e-14,1.568190963e-13,8.732449491e-14,4.565158302e-14,9.315167881e-14,1.214843213e-13,8.6870769e-14,3.199763609e-13,5.149387327e-13,9.531718464e-13,7.110895305e-13,2.347402689e-13,1.094985866e-13,4.130781453e-13,7.509776153e-14,5.206256065e-14,5.138863644e-14,1.39192363e-13,6.318006307e-14,9.486451615e-14,3.274476029e-13,5.853830921e-14,5.577467417e-13,1.999855435e-14,2.038169337e-13,6.752871373e-14
77.390625,4.215153444e-13,2.07860777e-13,2.601385395e-13,2.924014234e-13,1.460951863e-13,1.354742356e-13,7.124554336e-14,1.544923897e-13,8.73470805e-14,4.595537817e-14,9.251005275e-14,1.207177376e-13,8.502585824e-14,3.15428388e-13,5.050432081e-13,9.300510779e-13,7.015511878e-13,2.335375547e-13,1.092130041e-13,4.129191987e-13,7.455322693e-14,5.181140283e-14,5.156359494e-14,1.372532337e-13,6.263515842e-14,9.27182336e-14,3.185832395e-13,5.750468142e-14,5.496553532e-13,1.969929607e-14,2.036195258e-13,6.632403182e-14
77.3984375,4.163573819e-13,2.055194848e-13,2.556768801e-13,2.866427053e-13,1.446141862e-13,1.341449462e-13,7.038023768e-14,1.521715763e-13,8.743103271e-14,4.623658846e-14,9.202494608e-14,1.200526643e-13,8.331243872e-14,3.111695738e-13,4.95301894e-13,9.072166073e-13,6.920629303e-13,2.325415882e-13,1.089805193e-13,4.128966145e-13,7.404151044e-14,5.158023414e-14,5.17661671e-14,1.352703448e-13,6.217362126e-14,9.068463919e-14,3.100737527e-13,5.650673695e-14,5.418289866e-13,1.942277893e-14,2.036109049e-13,6.522236884e-14
77.40625,4.110084973e-13,2.032828255e-13,2.512873732e-13,2.808959858e-13,1.431465043e-13,1.327331235e-13,6.953299661e-14,1.499335212e-13,8.753430552e-14,4.651283326e-14,9.1518682e-14,1.19347719e-13,8.164336414e-14,3.069003321e-13,4.857889702e-13,8.849917552e-13,6.82719904e-13,2.316727325e-13,1.087114682e-13,4.132321287e-13,7.350893404e-14,5.132592761e-14,5.199966822e-14,1.333411172e-13,6.176673194e-14,8.876590831e-14,3.018181698e-13,5.554189801e-14,5.3423694e-13,1.91464488e-14,2.035158676e-13,6.421044139e-14
77.4140625,4.056527026e-13,2.010438064e-13,2.468792369e-13,2.753916331e-13,1.416847395e-13,1.31372017e-13,6.867392267e-14,1.477803547e-13,8.764368108e-14,4.676198293e-14,9.096388818e-14,1.185906722e-13,8.007836572e-14,3.027396033e-13,4.765631239e-13,8.633699178e-13,6.735609775e-13,2.309597666e-13,1.083978205e-13,4.139061998e-13,7.29700745e-14,5.105246717e-14,5.222717631e-14,1.314388147e-13,6.137926857e-14,8.69349641e-14,2.937232437e-13,5.461540089e-14,5.269237069e-13,1.88736177e-14,2.033633902e-13,6.326563254e-14
77.421875,4.003448435e-13,1.989762627e-13,2.427414031e-13,2.70020724e-13,1.403940719e-13,1.300343129e-13,6.784193946e-14,1.457059923e-13,8.783690603e-14,4.695829811e-14,9.054703849e-14,1.17916415e-13,7.866077876e-14,2.989360824e-13,4.674974907e-13,8.421598761e-13,6.644721484e-13,2.304146114e-13,1.08119644e-13,4.147468828e-13,7.249289248e-14,5.081387134e-14,5.244085585e-14,1.295188279e-13,6.10247643e-14,8.515410953e-14,2.858364533e-13,5.373153524e-14,5.196724082e-13,1.863973214e-14,2.033973732e-13,6.239087167e-14
77.4296875,3.949064019e-13,1.971526878e-13,2.38977033e-13,2.645469614e-13,1.392105341e-13,1.286043286e-13,6.705289562e-14,1.436954409e-13,8.807183812e-14,4.714810634e-14,9.029643425e-14,1.172923747e-13,7.735332167e-14,2.952855504e-13,4.585352853e-13,8.212911585e-13,6.552877414e-13,2.298685009e-13,1.078489103e-13,4.158337063e-13,7.208231252e-14,5.05871004e-14,5.266413086e-14,1.275798351e-13,6.07141772e-14,8.348674643e-14,2.782019956e-13,5.286686358e-14,5.124233931e-13,1.844772291e-14,2.035680422e-13,6.159466917e-14
77.4375,3.892687509e-13,1.953563358e-13,2.354715077e-13,2.590012414e-13,1.379726959e-13,1.27069298e-13,6.627832095e-14,1.417130803e-13,8.826351541e-14,4.736921723e-14,9.007864289e-14,1.166269007e-13,7.615426447e-14,2.916095495e-13,4.497009188e-13,8.006230979e-13,6.459291184e-13,2.292580021e-13,1.075412158e-13,4.172048893e-13,7.172206058e-14,5.032707289e-14,5.288706922e-14,1.25596439e-13,6.043016988e-14,8.197856276e-14,2.708019288e-13,5.198930695e-14,5.055129349e-13,1.826915704e-14,2.036949485e-13,6.088452704e-14
77.4453125,3.836951334e-13,1.936152782e-13,2.322004697e-13,2.535759307e-13,1.368609272e-13,1.255247086e-13,6.551358692e-14,1.397584462e-13,8.849871761e-14,4.758584661e-14,8.990687232e-14,1.160038755e-13,7.507170899e-14,2.881947906e-13,4.410170955e-13,7.802353192e-13,6.36648742e-13,2.287988476e-13,1.0729535e-13,4.186910455e-13,7.138754239e-14,5.008332372e-14,5.309345934e-14,1.235746457e-13,6.018479886e-14,8.054564616e-14,2.636714083e-13,5.112881708e-14,4.990971937e-13,1.809886135e-14,2.038800812e-13,6.023986039e-14
77.453125,3.783528764e-13,1.920729295e-13,2.291665818e-13,2.48419683e-13,1.360534636e-13,1.240869361e-13,6.478758183e-14,1.378653647e-13,8.884201906e-14,4.779798872e-14,8.986292159e-14,1.154794383e-13,7.410973303e-14,2.852187402e-13,4.326276208e-13,7.605428867e-13,6.277863191e-13,2.28563573e-13,1.071617873e-13,4.202326591e-13,7.104359643e-14,4.989965197e-14,5.329410818e-14,1.215729684e-13,5.999977004e-14,7.914338061e-14,2.568499873e-13,5.037061972e-14,4.929140208e-13,1.794756298e-14,2.04274983e-13,5.962241335e-14
77.4609375,3.730566013e-13,1.905790069e-13,2.263242338e-13,2.435051157e-13,1.353216952e-13,1.227339063e-13,6.411591953e-14,1.360604402e-13,8.920456472e-14,4.805745014e-14,8.987565059e-14,1.149495184e-13,7.32429515e-14,2.823631742e-13,4.245387977e-13,7.414668052e-13,6.191084467e-13,2.283235775e-13,1.070165537e-13,4.218289836e-13,7.070150776e-14,4.972852745e-14,5.350415844e-14,1.195942534e-13,5.984881613e-14,7.782736592e-14,2.501681151e-13,4.972608835e-14,4.866367059e-13,1.781486046e-14,2.047592703e-13,5.907020417e-14
77.46875,3.676877956e-13,1.891691138e-13,2.236943022e-13,2.386179753e-13,1.344867769e-13,1.213209421e-13,6.347113268e-14,1.343696584e-13,8.957171537e-14,4.834615036e-14,8.989942186e-14,1.143888714e-13,7.242397934e-14,2.794526686e-13,4.166285456e-13,7.227655648e-13,6.103097043e-13,2.28058792e-13,1.068119048e-13,4.234748193e-13,7.040858326e-14,4.953803719e-14,5.374845397e-14,1.176260391e-13,5.970954234e-14,7.661070933e-14,2.435258659e-13,4.911035201e-14,4.803247493e-13,1.769916291e-14,2.052477614e-13,5.863445916e-14
77.4765625,3.62289268e-13,1.881364403e-13,2.213639509e-13,2.337431018e-13,1.337004818e-13,1.198495024e-13,6.282864023e-14,1.328188528e-13,9.001600903e-14,4.859432404e-14,9.003572781e-14,1.139005053e-13,7.171577804e-14,2.767707508e-13,4.09069702e-13,7.048494288e-13,6.017058737e-13,2.279824034e-13,1.066514936e-13,4.252898403e-13,7.019318465e-14,4.935653632e-14,5.403379934e-14,1.157040013e-13,5.960587269e-14,7.546473379e-14,2.371514071e-13,4.850583345e-14,4.743785834e-13,1.760369443e-14,2.058884612e-13,5.824844814e-14
77.484375,3.568270489e-13,1.873324546e-13,2.194122907e-13,2.291307085e-13,1.330344715e-13,1.184908525e-13,6.22304164e-14,1.313896994e-13,9.051273448e-14,4.878567652e-14,9.029669467e-14,1.13507649e-13,7.120356533e-14,2.744202719e-13,4.019971073e-13,6.87875152e-13,5.935651873e-13,2.280664727e-13,1.065523582e-13,4.27345363e-13,7.003286174e-14,4.919258877e-14,5.431418671e-14,1.138088221e-13,5.956353766e-14,7.439696073e-14,2.311050436e-13,4.797405547e-14,4.688473892e-13,1.752765141e-14,2.066947349e-13,5.78654656e-14
77.4921875,3.514454337e-13,1.864126571e-13,2.178289545e-13,2.247882092e-13,1.324147033e-13,1.173074737e-13,6.171542822e-14,1.300188881e-13,9.100369817e-14,4.895169034e-14,9.061224438e-14,1.131567565e-13,7.085265351e-14,2.722220236e-13,3.952099752e-13,6.714067199e-13,5.858092587e-13,2.281905033e-13,1.064597573e-13,4.295782206e-13,6.987329089e-14,4.903493896e-14,5.457896657e-14,1.118724258e-13,5.959202724e-14,7.343848117e-14,2.252199939e-13,4.749256623e-14,4.634063222e-13,1.746490714e-14,2.075271001e-13,5.757606073e-14
77.5,3.46319824e-13,1.854855926e-13,2.164529854e-13,2.205391047e-13,1.318581261e-13,1.161455901e-13,6.124574823e-14,1.287009136e-13,9.150025543e-14,4.913010071e-14,9.100517156e-14,1.128355571e-13,7.0634576e-14,2.702125363e-13,3.886445076e-13,6.55388463e-13,5.783746189e-13,2.283898868e-13,1.063870063e-13,4.31879613e-13,6.971466252e-14,4.888452892e-14,5.488595989e-14,1.098912398e-13,5.968626151e-14,7.262153876e-14,2.196052578e-13,4.700449798e-14,4.580465874e-13,1.741293659e-14,2.084559833e-13,5.743123068e-14
77.5078125,3.411203487e-13,1.847916394e-13,2.152032811e-13,2.163982906e-13,1.313427812e-13,1.148281973e-13,6.079431562e-14,1.275181141e-13,9.201863017e-14,4.934787178e-14,9.146335281e-14,1.125383442e-13,7.054927015e-14,2.68463529e-13,3.823529901e-13,6.39927584e-13,5.71010478e-13,2.286565155e-13,1.063101945e-13,4.34117557e-13,6.960393931e-14,4.871833117e-14,5.523379711e-14,1.079080656e-13,5.98201326e-14,7.193621615e-14,2.143684411e-13,4.655852044e-14,4.529304363e-13,1.738147403e-14,2.096059795e-13,5.737447559e-14
77.515625,3.356629488e-13,1.843061717e-13,2.142722424e-13,2.123255059e-13,1.307976029e-13,1.134049859e-13,6.037871488e-14,1.264866172e-13,9.255531093e-14,4.959646699e-14,9.194621605e-14,1.122545222e-13,7.056749706e-14,2.668531094e-13,3.762435823e-13,6.249175725e-13,5.636222394e-13,2.290094888e-13,1.061888935e-13,4.363317813e-13,6.953952805e-14,4.85156027e-14,5.555115868e-14,1.059751622e-13,5.998132352e-14,7.130896862e-14,2.093630609e-13,4.620763104e-14,4.480061292e-13,1.737512351e-14,2.108930851e-13,5.737602647e-14
77.5234375,3.3043046e-13,1.83884143e-13,2.137442862e-13,2.082039493e-13,1.302985555e-13,1.120800828e-13,5.998459952e-14,1.255330563e-13,9.310969446e-14,4.985682539e-14,9.254267063e-14,1.120071102e-13,7.070517576e-14,2.653702684e-13,3.703592525e-13,6.105207603e-13,5.566570052e-13,2.295280186e-13,1.061059481e-13,4.386627442e-13,6.950424748e-14,4.831414055e-14,5.583379963e-14,1.041284523e-13,6.018411868e-14,7.069827542e-14,2.046069972e-13,4.591544071e-14,4.432656996e-13,1.737193006e-14,2.122340328e-13,5.743876169e-14
77.53125,3.255381678e-13,1.834852046e-13,2.133715539e-13,2.042249021e-13,1.299034766e-13,1.108588211e-13,5.959566396e-14,1.246865957e-13,9.368109849e-14,5.013078002e-14,9.328211173e-14,1.117940764e-13,7.095104161e-14,2.640559991e-13,3.647704292e-13,5.968201378e-13,5.501817469e-13,2.300671934e-13,1.061088954e-13,4.410237545e-13,6.951329069e-14,4.814364829e-14,5.614799837e-14,1.023321186e-13,6.043028511e-14,7.01400246e-14,2.001554124e-13,4.566117884e-14,4.387307172e-13,1.735818398e-14,2.136203801e-13,5.755493735e-14
77.5390625,3.205416146e-13,1.832698465e-13,2.130395383e-13,2.005971706e-13,1.295322486e-13,1.095830892e-13,5.923751028e-14,1.24048225e-13,9.429002869e-14,5.040180828e-14,9.406253319e-14,1.115799059e-13,7.124758548e-14,2.628164668e-13,3.593286386e-13,5.83557353e-13,5.437890096e-13,2.305100662e-13,1.061178578e-13,4.433598686e-13,6.955382022e-14,4.797814297e-14,5.651567801e-14,1.005556066e-13,6.071327708e-14,6.966574893e-14,1.95844314e-13,4.547238115e-14,4.342892841e-13,1.736356926e-14,2.149793338e-13,5.774448189e-14
77.546875,3.154785367e-13,1.83346319e-13,2.128887456e-13,1.972120157e-13,1.291599121e-13,1.08287662e-13,5.89211899e-14,1.235763678e-13,9.494885711e-14,5.065203919e-14,9.486170479e-14,1.113628734e-13,7.164311268e-14,2.616228121e-13,3.540505487e-13,5.708198016e-13,5.375442671e-13,2.310320542e-13,1.061017708e-13,4.458910472e-13,6.959707642e-14,4.780005811e-14,5.689627319e-14,9.882958763e-14,6.104148407e-14,6.926804006e-14,1.916486897e-13,4.535391421e-14,4.298982025e-13,1.740715044e-14,2.162757194e-13,5.803006403e-14
77.5546875,3.10661345e-13,1.83579419e-13,2.129067621e-13,1.939784371e-13,1.288143763e-13,1.070830503e-13,5.863312523e-14,1.23150213e-13,9.562445478e-14,5.09233543e-14,9.568226577e-14,1.111534244e-13,7.216711724e-14,2.605101362e-13,3.491032718e-13,5.587898414e-13,5.31585042e-13,2.31661135e-13,1.060793328e-13,4.487099395e-13,6.965156258e-14,4.761824937e-14,5.726492389e-14,9.712992991e-14,6.141114176e-14,6.89220459e-14,1.876625813e-13,4.529206161e-14,4.255845337e-13,1.745313504e-14,2.175598351e-13,5.839449829e-14
77.5625,3.060138981e-13,1.838562805e-13,2.130237984e-13,1.909206613e-13,1.285056583e-13,1.058960276e-13,5.836993822e-14,1.227581664e-13,9.631709816e-14,5.125040645e-14,9.651203602e-14,1.109612328e-13,7.274048918e-14,2.594986582e-13,3.44360976e-13,5.4712269e-13,5.25641996e-13,2.322008498e-13,1.060546478e-13,4.51566473e-13,6.972333857e-14,4.744670907e-14,5.76384256e-14,9.540823174e-14,6.179922377e-14,6.858649723e-14,1.838219155e-13,4.527063969e-14,4.213650927e-13,1.747247609e-14,2.188483536e-13,5.880626832e-14
77.5703125,3.014778001e-13,1.841711434e-13,2.13347353e-13,1.880144424e-13,1.283021439e-13,1.04704901e-13,5.814050442e-14,1.224596184e-13,9.705992862e-14,5.160686214e-14,9.742714783e-14,1.108131617e-13,7.338578814e-14,2.586833519e-13,3.396697337e-13,5.355937183e-13,5.197611319e-13,2.326535748e-13,1.060814015e-13,4.541253031e-13,6.979807453e-14,4.730545352e-14,5.801826911e-14,9.370615223e-14,6.220499554e-14,6.823500797e-14,1.800888874e-13,4.5276719e-14,4.172657724e-13,1.748433041e-14,2.201446311e-13,5.923278404e-14
77.578125,2.97161816e-13,1.845458392e-13,2.138634724e-13,1.853109972e-13,1.282180304e-13,1.036109725e-13,5.795357054e-14,1.222811738e-13,9.780920128e-14,5.198625887e-14,9.842491978e-14,1.106861866e-13,7.41433692e-14,2.580282955e-13,3.351513843e-13,5.245366219e-13,5.14265867e-13,2.331470865e-13,1.061744749e-13,4.563576777e-13,6.986898755e-14,4.718158938e-14,5.838823532e-14,9.204093421e-14,6.264799317e-14,6.789376126e-14,1.765100639e-13,4.532555961e-14,4.131960467e-13,1.750328561e-14,2.214362447e-13,5.967383712e-14
77.5859375,2.929956823e-13,1.850698328e-13,2.144215275e-13,1.828647866e-13,1.281178957e-13,1.025354712e-13,5.778836614e-14,1.222244301e-13,9.852542051e-14,5.240378499e-14,9.942058534e-14,1.105262936e-13,7.490353773e-14,2.573160887e-13,3.308484614e-13,5.141302648e-13,5.090511247e-13,2.336837879e-13,1.0625023e-13,4.586365109e-13,6.993381709e-14,4.703749503e-14,5.877224997e-14,9.037142985e-14,6.31214111e-14,6.759960717e-14,1.730774535e-13,4.542232335e-14,4.09075066e-13,1.752022693e-14,2.226682989e-13,6.019080963e-14
77.59375,2.888938379e-13,1.857463532e-13,2.151073654e-13,1.805822836e-13,1.279422914e-13,1.013612973e-13,5.760781061e-14,1.222955088e-13,9.927833005e-14,5.282703518e-14,1.004942682e-13,1.10359061e-13,7.564133325e-14,2.565420681e-13,3.266287585e-13,5.040939687e-13,5.038364535e-13,2.342187943e-13,1.062898706e-13,4.611580893e-13,7.000411339e-14,4.68860564e-14,5.918602837e-14,8.875047615e-14,6.359457821e-14,6.734102981e-14,1.697789071e-13,4.555916401e-14,4.049765196e-13,1.754200441e-14,2.238812595e-13,6.080975805e-14
77.6015625,2.84892891e-13,1.86518666e-13,2.160597597e-13,1.784357227e-13,1.277873576e-13,1.001950429e-13,5.74067362e-14,1.22494481e-13,1.000898254e-13,5.322864931e-14,1.017272335e-13,1.10210924e-13,7.646177674e-14,2.558421689e-13,3.224689172e-13,4.942736454e-13,4.986445832e-13,2.347278852e-13,1.063318838e-13,4.636531434e-13,7.010147268e-14,4.675040746e-14,5.95756618e-14,8.723597674e-14,6.405242513e-14,6.709208922e-14,1.666026029e-13,4.577009654e-14,4.0085464e-13,1.758480936e-14,2.251469872e-13,6.147225927e-14
77.609375,2.809919258e-13,1.874030763e-13,2.171661574e-13,1.764957766e-13,1.276794238e-13,9.910689508e-14,5.71958073e-14,1.227953898e-13,1.008703937e-13,5.365434411e-14,1.030219598e-13,1.100146521e-13,7.734483874e-14,2.551605793e-13,3.184327648e-13,4.848686803e-13,4.936352635e-13,2.352025667e-13,1.063485547e-13,4.658897041e-13,7.022023986e-14,4.659897736e-14,5.99163226e-14,8.574147008e-14,6.450528123e-14,6.687090649e-14,1.635388568e-13,4.604902081e-14,3.965942973e-13,1.764278997e-14,2.263493213e-13,6.215581412e-14
77.6171875,2.772203049e-13,1.883264009e-13,2.183686543e-13,1.747859956e-13,1.27566809e-13,9.803819454e-14,5.699521816e-14,1.231716266e-13,1.01614132e-13,5.417655102e-14,1.043358441e-13,1.097637238e-13,7.821696981e-14,2.545083237e-13,3.145888032e-13,4.760001991e-13,4.888833062e-13,2.356613777e-13,1.063439066e-13,4.678129377e-13,7.035341699e-14,4.642561121e-14,6.026526168e-14,8.420125886e-14,6.497962011e-14,6.669578171e-14,1.606245198e-13,4.633649171e-14,3.923277747e-13,1.770189099e-14,2.273962124e-13,6.289868266e-14
77.625,2.736241556e-13,1.893351322e-13,2.198176042e-13,1.733354303e-13,1.274981867e-13,9.699426435e-14,5.683404575e-14,1.23633245e-13,1.024038828e-13,5.480793195e-14,1.057373096e-13,1.095688605e-13,7.911184673e-14,2.540787385e-13,3.109994148e-13,4.67551492e-13,4.843635943e-13,2.361023935e-13,1.063871534e-13,4.694018367e-13,7.052999527e-14,4.627314638e-14,6.064839836e-14,8.268653177e-14,6.548846939e-14,6.653690461e-14,1.57871403e-13,4.667808028e-14,3.882378569e-13,1.776165574e-14,2.284435598e-13,6.36917606e-14
77.6328125,2.701013615e-13,1.906400325e-13,2.215168645e-13,1.720954224e-13,1.274969595e-13,9.59211623e-14,5.668746827e-14,1.241813979e-13,1.032184215e-13,5.548277049e-14,1.072313996e-13,1.094402879e-13,8.005481827e-14,2.537938169e-13,3.075487741e-13,4.593809742e-13,4.799246253e-13,2.364992643e-13,1.064566868e-13,4.708122091e-13,7.077020689e-14,4.612920821e-14,6.103380449e-14,8.124078819e-14,6.600402157e-14,6.638125331e-14,1.552615901e-13,4.712653197e-14,3.842911037e-13,1.782865602e-14,2.295629878e-13,6.450234439e-14
77.640625,2.665872568e-13,1.920613002e-13,2.233139162e-13,1.709301696e-13,1.274116554e-13,9.474822293e-14,5.652402153e-14,1.247740944e-13,1.039797323e-13,5.61551403e-14,1.087688132e-13,1.092653827e-13,8.103054102e-14,2.533814104e-13,3.04094066e-13,4.514270723e-13,4.754267373e-13,2.368697991e-13,1.064771857e-13,4.72181522e-13,7.105674572e-14,4.594855258e-14,6.141828585e-14,7.9816991e-14,6.651208875e-14,6.626453918e-14,1.527648836e-13,4.75924994e-14,3.803437287e-13,1.790780351e-14,2.306199342e-13,6.536149768e-14
77.6484375,2.632337817e-13,1.93365262e-13,2.252375219e-13,1.698947439e-13,1.272036148e-13,9.362440832e-14,5.637599351e-14,1.254056691e-13,1.047285835e-13,5.684897151e-14,1.103469835e-13,1.090475786e-13,8.206785593e-14,2.529224523e-13,3.00744793e-13,4.437416777e-13,4.709809253e-13,2.3726059e-13,1.064741647e-13,4.734371984e-13,7.136415993e-14,4.575690151e-14,6.181956122e-14,7.840455049e-14,6.704386801e-14,6.619865088e-14,1.503233021e-13,4.805011888e-14,3.763267364e-13,1.800177906e-14,2.316538427e-13,6.631087015e-14
77.65625,2.601413968e-13,1.947614082e-13,2.27384877e-13,1.69134829e-13,1.270451074e-13,9.26033025e-14,5.623288344e-14,1.261179886e-13,1.055376602e-13,5.756579936e-14,1.120230366e-13,1.088716305e-13,8.317990613e-14,2.526359486e-13,2.975080409e-13,4.363324162e-13,4.667387432e-13,2.376425107e-13,1.064958627e-13,4.745574255e-13,7.16767099e-14,4.559129671e-14,6.222808092e-14,7.703978277e-14,6.75930898e-14,6.61522333e-14,1.479513536e-13,4.8586943e-14,3.723102662e-13,1.810598015e-14,2.327916769e-13,6.732891818e-14
77.6640625,2.572315222e-13,1.963340151e-13,2.296363688e-13,1.68627023e-13,1.269294679e-13,9.150401298e-14,5.60535042e-14,1.268912061e-13,1.063476297e-13,5.828991704e-14,1.13800321e-13,1.086790407e-13,8.432800184e-14,2.523875551e-13,2.941860254e-13,4.290636648e-13,4.626523588e-13,2.379373837e-13,1.065148329e-13,4.755392056e-13,7.200211169e-14,4.541954032e-14,6.264029642e-14,7.570640958e-14,6.812820602e-14,6.610215967e-14,1.457023436e-13,4.919828335e-14,3.683602649e-13,1.820604199e-14,2.338752411e-13,6.837488665e-14
77.671875,2.545010768e-13,1.98030515e-13,2.319056216e-13,1.683099998e-13,1.267270953e-13,9.035791274e-14,5.589002304e-14,1.276732505e-13,1.070946969e-13,5.905895876e-14,1.156113811e-13,1.084019011e-13,8.548438364e-14,2.520380626e-13,2.909041038e-13,4.220179015e-13,4.588102608e-13,2.381887032e-13,1.065477031e-13,4.762859017e-13,7.236540224e-14,4.523078467e-14,6.308625406e-14,7.436825194e-14,6.868829009e-14,6.605166608e-14,1.435775613e-13,4.984518712e-14,3.644418186e-13,1.829565752e-14,2.347748167e-13,6.945009428e-14
77.6796875,2.520094036e-13,1.999352569e-13,2.34394163e-13,1.681646998e-13,1.265793707e-13,8.931152436e-14,5.57651609e-14,1.285022025e-13,1.078705521e-13,5.989001592e-14,1.175232866e-13,1.081711565e-13,8.664388388e-14,2.51820249e-13,2.878861997e-13,4.153778075e-13,4.553790056e-13,2.385168984e-13,1.066796143e-13,4.767535873e-13,7.276530183e-14,4.508027116e-14,6.358305745e-14,7.306191521e-14,6.930574513e-14,6.602075275e-14,1.41617009e-13,5.053061908e-14,3.60536949e-13,1.839469361e-14,2.357172062e-13,7.05672708e-14
77.6875,2.496739536e-13,2.018364731e-13,2.372334698e-13,1.682000824e-13,1.266324799e-13,8.829447769e-14,5.561023274e-14,1.294313832e-13,1.087511772e-13,6.075826525e-14,1.196523537e-13,1.080942887e-13,8.783439181e-14,2.51904783e-13,2.849917703e-13,4.089576798e-13,4.521341899e-13,2.389213787e-13,1.069016089e-13,4.768784994e-13,7.318961859e-14,4.497449198e-14,6.409581371e-14,7.184054656e-14,6.993448317e-14,6.602831902e-14,1.398155793e-13,5.122600078e-14,3.566454486e-13,1.852543182e-14,2.368443416e-13,7.169443314e-14
77.6953125,2.474407871e-13,2.035677792e-13,2.402314732e-13,1.684654025e-13,1.267115581e-13,8.72684267e-14,5.54303897e-14,1.304214358e-13,1.096459246e-13,6.165697567e-14,1.218873409e-13,1.080553207e-13,8.906759303e-14,2.520789954e-13,2.821375015e-13,4.026629096e-13,4.488845508e-13,2.39332086e-13,1.071225809e-13,4.766395352e-13,7.366047407e-14,4.48552588e-14,6.458643944e-14,7.069300363e-14,7.055621874e-14,6.606649191e-14,1.380720367e-13,5.194174475e-14,3.527480773e-13,1.867594713e-14,2.379525201e-13,7.279563823e-14
77.703125,2.453899557e-13,2.053661745e-13,2.432234647e-13,1.688599075e-13,1.266695927e-13,8.624778945e-14,5.526280909e-14,1.314351323e-13,1.10481875e-13,6.256849178e-14,1.241056066e-13,1.079321089e-13,9.023509357e-14,2.521074097e-13,2.793716876e-13,3.966621291e-13,4.45797001e-13,2.396942468e-13,1.073069863e-13,4.762444453e-13,7.418455389e-14,4.470963882e-14,6.507553478e-14,6.959080349e-14,7.118670247e-14,6.610508249e-14,1.364257015e-13,5.271021842e-14,3.488339471e-13,1.882017186e-14,2.388983699e-13,7.388869273e-14
77.7109375,2.434994279e-13,2.07216296e-13,2.462853709e-13,1.692821586e-13,1.265916233e-13,8.512818852e-14,5.508108483e-14,1.324801017e-13,1.113101378e-13,6.351128755e-14,1.263668063e-13,1.077587616e-13,9.127015868e-14,2.52046932e-13,2.76538727e-13,3.907453591e-13,4.427934165e-13,2.399344643e-13,1.07462565e-13,4.75823241e-13,7.472552712e-14,4.456699897e-14,6.560547406e-14,6.851487299e-14,7.180481705e-14,6.613215964e-14,1.34938534e-13,5.350038315e-14,3.448351337e-13,1.896225696e-14,2.39787723e-13,7.498890112e-14
77.71875,2.416878657e-13,2.090577526e-13,2.49493021e-13,1.699790403e-13,1.265752067e-13,8.397678924e-14,5.490822936e-14,1.335225081e-13,1.12150505e-13,6.455589426e-14,1.286517153e-13,1.075922319e-13,9.232333565e-14,2.520767902e-13,2.736362685e-13,3.847230369e-13,4.396528873e-13,2.400785909e-13,1.076053807e-13,4.752599905e-13,7.528059297e-14,4.442825828e-14,6.618239866e-14,6.743210017e-14,7.242145718e-14,6.617140908e-14,1.334720862e-13,5.434341741e-14,3.407525175e-13,1.91203067e-14,2.407277522e-13,7.607908166e-14
77.7265625,2.399885023e-13,2.110985883e-13,2.52775551e-13,1.710830299e-13,1.26668526e-13,8.296192831e-14,5.478299742e-14,1.345454898e-13,1.129601004e-13,6.565499327e-14,1.308957023e-13,1.074147532e-13,9.350263136e-14,2.522118293e-13,2.708052271e-13,3.788592452e-13,4.364809748e-13,2.40226688e-13,1.07757553e-13,4.744330297e-13,7.587396157e-14,4.428158931e-14,6.679135594e-14,6.634110283e-14,7.307674933e-14,6.622309275e-14,1.319437428e-13,5.527184877e-14,3.366923803e-13,1.928238044e-14,2.416917884e-13,7.717136686e-14
77.734375,2.384123287e-13,2.131925568e-13,2.560135923e-13,1.722677441e-13,1.268376702e-13,8.19591606e-14,5.464162798e-14,1.356279624e-13,1.137357559e-13,6.671891441e-14,1.331939385e-13,1.071864321e-13,9.469581772e-14,2.523271071e-13,2.67901331e-13,3.731507697e-13,4.333170484e-13,2.403076447e-13,1.078979837e-13,4.732567213e-13,7.647938841e-14,4.412962485e-14,6.740946519e-14,6.52847135e-14,7.373362709e-14,6.623058352e-14,1.304246605e-13,5.618427677e-14,3.325435844e-13,1.94233091e-14,2.425935784e-13,7.827542909e-14
77.7421875,2.369432008e-13,2.152208943e-13,2.592196297e-13,1.734112453e-13,1.269207292e-13,8.083249828e-14,5.443329566e-14,1.368217665e-13,1.144896813e-13,6.781553185e-14,1.356299558e-13,1.069068345e-13,9.580817425e-14,2.523783475e-13,2.649480224e-13,3.674790809e-13,4.301296778e-13,2.402010391e-13,1.080139679e-13,4.717390694e-13,7.707338773e-14,4.397411862e-14,6.800644152e-14,6.428199622e-14,7.433907242e-14,6.618776493e-14,1.289786948e-13,5.707891561e-14,3.281894573e-13,1.955412857e-14,2.434030213e-13,7.935494325e-14
77.75,2.356919565e-13,2.174671363e-13,2.626250507e-13,1.747909315e-13,1.268957866e-13,7.972235163e-14,5.421023321e-14,1.380698228e-13,1.152167194e-13,6.900506858e-14,1.382082788e-13,1.066170755e-13,9.686445636e-14,2.524505143e-13,2.622810207e-13,3.62140837e-13,4.271609897e-13,2.399985656e-13,1.08170596e-13,4.700615798e-13,7.77014082e-14,4.382119426e-14,6.858611146e-14,6.332323277e-14,7.492462411e-14,6.618209177e-14,1.276774778e-13,5.807911944e-14,3.238787515e-13,1.971255735e-14,2.442056904e-13,8.042093632e-14
77.7578125,2.347542759e-13,2.198098706e-13,2.663645684e-13,1.764940444e-13,1.269711881e-13,7.873564375e-14,5.403631625e-14,1.39320928e-13,1.159409064e-13,7.024493405e-14,1.40920133e-13,1.063502584e-13,9.789925092e-14,2.526575616e-13,2.598793085e-13,3.571738936e-13,4.245056676e-13,2.398807503e-13,1.084067307e-13,4.683757744e-13,7.838842301e-14,4.368869091e-14,6.918984939e-14,6.239850911e-14,7.555025069e-14,6.624267617e-14,1.265141498e-13,5.916129669e-14,3.197386875e-13,1.99099201e-14,2.45096701e-13,8.153277306e-14
77.765625,2.340288684e-13,2.220247021e-13,2.702077032e-13,1.784166075e-13,1.271925248e-13,7.780900011e-14,5.390491113e-14,1.406160732e-13,1.166954635e-13,7.153416032e-14,1.436400682e-13,1.061094282e-13,9.893888285e-14,2.530117444e-13,2.575118329e-13,3.522968712e-13,4.220139097e-13,2.399181103e-13,1.086875037e-13,4.666818539e-13,7.907821889e-14,4.357892426e-14,6.984341618e-14,6.150107115e-14,7.622745202e-14,6.631446216e-14,1.25383089e-13,6.025529146e-14,3.156084185e-13,2.012554464e-14,2.460291136e-13,8.267906918e-14
77.7734375,2.333350934e-13,2.243622766e-13,2.739794386e-13,1.805581868e-13,1.273521022e-13,7.685811194e-14,5.37493721e-14,1.419943984e-13,1.174705379e-13,7.284123026e-14,1.462777027e-13,1.058883312e-13,9.998488916e-14,2.533377451e-13,2.551642237e-13,3.47546269e-13,4.196432594e-13,2.400296168e-13,1.089789462e-13,4.648656515e-13,7.972989956e-14,4.346723826e-14,7.054394123e-14,6.064507388e-14,7.691522934e-14,6.641803839e-14,1.242790175e-13,6.138604454e-14,3.115432897e-13,2.034912906e-14,2.468890706e-13,8.38148044e-14
77.78125,2.326696149e-13,2.268495041e-13,2.778711791e-13,1.828664746e-13,1.273877746e-13,7.586373539e-14,5.355663184e-14,1.433866312e-13,1.182347568e-13,7.409795215e-14,1.489606167e-13,1.056778224e-13,1.010325735e-13,2.535145277e-13,2.528323086e-13,3.429796011e-13,4.172984457e-13,2.400843105e-13,1.092474963e-13,4.628441617e-13,8.039230098e-14,4.33426315e-14,7.127573691e-14,5.983679783e-14,7.75824568e-14,6.662361323e-14,1.232262662e-13,6.256065028e-14,3.07637846e-13,2.058983474e-14,2.477188806e-13,8.494778599e-14
77.7890625,2.322081548e-13,2.293444625e-13,2.820083501e-13,1.852338975e-13,1.274543537e-13,7.48976791e-14,5.338727322e-14,1.447217174e-13,1.189746783e-13,7.535883572e-14,1.517806508e-13,1.054814142e-13,1.021222222e-13,2.537123947e-13,2.505324918e-13,3.385255214e-13,4.14909518e-13,2.401202761e-13,1.094808175e-13,4.607053757e-13,8.112946157e-14,4.323009778e-14,7.201338893e-14,5.904949459e-14,7.825475308e-14,6.689550062e-14,1.222317649e-13,6.379686644e-14,3.037666512e-13,2.084962455e-14,2.486831309e-13,8.607538472e-14
77.796875,2.319585952e-13,2.319705377e-13,2.862642776e-13,1.877213962e-13,1.276053092e-13,7.398191188e-14,5.321684092e-14,1.46038574e-13,1.196941543e-13,7.665111783e-14,1.547008312e-13,1.053116542e-13,1.03246521e-13,2.540723526e-13,2.482957823e-13,3.342099433e-13,4.125937483e-13,2.402511274e-13,1.097201778e-13,4.583960741e-13,8.192288541e-14,4.314128473e-14,7.273886421e-14,5.828459821e-14,7.893539756e-14,6.714307448e-14,1.213846818e-13,6.510283483e-14,2.999046976e-13,2.112755287e-14,2.497910224e-13,8.715475771e-14
77.8046875,2.317523418e-13,2.346892295e-13,2.90582038e-13,1.904339767e-13,1.27753409e-13,7.302694534e-14,5.297591533e-14,1.473320399e-13,1.203891116e-13,7.789575723e-14,1.57725178e-13,1.051338018e-13,1.043343705e-13,2.544588358e-13,2.459699634e-13,3.299099633e-13,4.102640546e-13,2.403786991e-13,1.099695828e-13,4.556981768e-13,8.271453165e-14,4.305164841e-14,7.345991757e-14,5.75470168e-14,7.957840106e-14,6.736134872e-14,1.206368861e-13,6.640215231e-14,2.960696273e-13,2.1432872e-14,2.508943967e-13,8.818277316e-14
77.8125,2.316414102e-13,2.374644585e-13,2.949370779e-13,1.933418945e-13,1.278610228e-13,7.202642656e-14,5.2716375e-14,1.485109009e-13,1.210511894e-13,7.913350362e-14,1.608091671e-13,1.048955522e-13,1.053548285e-13,2.547499966e-13,2.435581024e-13,3.255809365e-13,4.078053487e-13,2.403660444e-13,1.101908754e-13,4.527657352e-13,8.351227679e-14,4.295164459e-14,7.419774774e-14,5.678846989e-14,8.019401536e-14,6.760780782e-14,1.198295383e-13,6.771773719e-14,2.921827267e-13,2.175752048e-14,2.519219475e-13,8.920135476e-14
77.8203125,2.317690707e-13,2.404041145e-13,2.992110847e-13,1.963617777e-13,1.279661055e-13,7.103519329e-14,5.248989257e-14,1.496143675e-13,1.217038111e-13,8.044425654e-14,1.638393954e-13,1.046228731e-13,1.062922062e-13,2.549959429e-13,2.412496872e-13,3.214535588e-13,4.054493783e-13,2.402986843e-13,1.10399583e-13,4.497831228e-13,8.435601517e-14,4.285678436e-14,7.495915747e-14,5.60225391e-14,8.081984089e-14,6.789614043e-14,1.190126325e-13,6.911259289e-14,2.882768845e-13,2.207425093e-14,2.528635824e-13,9.021952451e-14
77.828125,2.320413229e-13,2.432772816e-13,3.034261137e-13,1.994097758e-13,1.281242394e-13,7.002364315e-14,5.224878649e-14,1.507480416e-13,1.223709534e-13,8.177547967e-14,1.668278679e-13,1.043711833e-13,1.071619503e-13,2.552710925e-13,2.389324927e-13,3.174246865e-13,4.03250792e-13,2.402926476e-13,1.106203182e-13,4.46486592e-13,8.522566071e-14,4.276969743e-14,7.574049926e-14,5.532916911e-14,8.143820105e-14,6.819600302e-14,1.182453703e-13,7.048660178e-14,2.843866303e-13,2.238576544e-14,2.53703062e-13,9.120376417e-14
77.8359375,2.323801531e-13,2.46057339e-13,3.076754071e-13,2.025202997e-13,1.28341941e-13,6.898636679e-14,5.198858264e-14,1.518792499e-13,1.230201379e-13,8.311569322e-14,1.698486365e-13,1.041263633e-13,1.080359155e-13,2.555722897e-13,2.36483498e-13,3.133125915e-13,4.009916284e-13,2.403280404e-13,1.108354915e-13,4.429115824e-13,8.608674862e-14,4.268450698e-14,7.656354395e-14,5.467315608e-14,8.205361618e-14,6.851913218e-14,1.174765195e-13,7.186985081e-14,2.805187391e-13,2.27177964e-14,2.545137894e-13,9.214882763e-14
77.84375,2.328645191e-13,2.491400833e-13,3.118536184e-13,2.059346953e-13,1.285472164e-13,6.796517356e-14,5.173456489e-14,1.529785473e-13,1.23630949e-13,8.451444304e-14,1.729032064e-13,1.038564971e-13,1.088857443e-13,2.558171772e-13,2.34128958e-13,3.094661203e-13,3.987457927e-13,2.40360601e-13,1.110452039e-13,4.395370005e-13,8.694954487e-14,4.260254375e-14,7.744781095e-14,5.397867878e-14,8.269376289e-14,6.891392677e-14,1.167806937e-13,7.343900252e-14,2.767996456e-13,2.30667736e-14,2.553445608e-13,9.309652826e-14
77.8515625,2.335029689e-13,2.523360086e-13,3.159418391e-13,2.096617289e-13,1.28740503e-13,6.694733979e-14,5.144966023e-14,1.540892281e-13,1.242576071e-13,8.591342167e-14,1.760104227e-13,1.035776191e-13,1.096348842e-13,2.560010451e-13,2.319551967e-13,3.06020736e-13,3.966606963e-13,2.403805813e-13,1.112689775e-13,4.364028403e-13,8.781904881e-14,4.2532047e-14,7.834981336e-14,5.330834211e-14,8.332238251e-14,6.93733176e-14,1.161587155e-13,7.50377217e-14,2.731592627e-13,2.341518489e-14,2.560979026e-13,9.406815187e-14
77.859375,2.342356804e-13,2.552033312e-13,3.202287264e-13,2.132915335e-13,1.290127844e-13,6.59370088e-14,5.11293902e-14,1.551537133e-13,1.249234157e-13,8.725023166e-14,1.79236282e-13,1.033038402e-13,1.103569623e-13,2.56234602e-13,2.297404955e-13,3.025006209e-13,3.945829416e-13,2.40390325e-13,1.115045973e-13,4.33159647e-13,8.869505782e-14,4.248645417e-14,7.922515349e-14,5.271515591e-14,8.391968279e-14,6.984094656e-14,1.15473607e-13,7.643054207e-14,2.69401999e-13,2.376775711e-14,2.567545449e-13,9.503137567e-14
77.8671875,2.349772884e-13,2.578963305e-13,3.248170238e-13,2.167496047e-13,1.293111019e-13,6.495850785e-14,5.081844462e-14,1.561069366e-13,1.255627377e-13,8.857270748e-14,1.825861124e-13,1.030144953e-13,1.1112194e-13,2.564899462e-13,2.273687333e-13,2.98678825e-13,3.923723907e-13,2.40405261e-13,1.117357395e-13,4.296082182e-13,8.961041329e-14,4.245907187e-14,8.010494024e-14,5.212995091e-14,8.452869624e-14,7.029593655e-14,1.147917328e-13,7.777331511e-14,2.656766297e-13,2.413405367e-14,2.574110603e-13,9.594347377e-14
77.875,2.35668973e-13,2.605266224e-13,3.293752232e-13,2.204361006e-13,1.295089902e-13,6.394387424e-14,5.050407034e-14,1.570204138e-13,1.261332547e-13,8.991086408e-14,1.859765631e-13,1.026825077e-13,1.118648561e-13,2.566444899e-13,2.249325535e-13,2.9486413e-13,3.900979608e-13,2.404465104e-13,1.119481657e-13,4.258658525e-13,9.055474449e-14,4.242178823e-14,8.102631792e-14,5.15327932e-14,8.514756731e-14,7.078070993e-14,1.14192788e-13,7.91782532e-14,2.620706299e-13,2.451643039e-14,2.580403496e-13,9.680303397e-14
77.8828125,2.364590537e-13,2.630368178e-13,3.337293307e-13,2.243660696e-13,1.29680042e-13,6.283909014e-14,5.014951758e-14,1.579354753e-13,1.266678432e-13,9.122037246e-14,1.893590608e-13,1.023052383e-13,1.125681241e-13,2.567658765e-13,2.22561252e-13,2.91346584e-13,3.87887962e-13,2.40530891e-13,1.121511608e-13,4.223579571e-13,9.146602803e-14,4.237228606e-14,8.198182904e-14,5.097229057e-14,8.574564621e-14,7.135491077e-14,1.135625869e-13,8.050768101e-14,2.583561219e-13,2.491778124e-14,2.585912676e-13,9.764695158e-14
77.890625,2.3747379e-13,2.65755817e-13,3.381775561e-13,2.282062361e-13,1.299825429e-13,6.174987263e-14,4.978306581e-14,1.588027379e-13,1.272046188e-13,9.249467366e-14,1.928034616e-13,1.019374192e-13,1.132848231e-13,2.57016311e-13,2.203018916e-13,2.880652265e-13,3.85822392e-13,2.406745719e-13,1.123736746e-13,4.19121179e-13,9.23833392e-14,4.233231898e-14,8.295802752e-14,5.043141793e-14,8.634342211e-14,7.200486857e-14,1.129008657e-13,8.185615082e-14,2.546173957e-13,2.533587811e-14,2.591681674e-13,9.84747519e-14
77.8984375,2.38556278e-13,2.687764604e-13,3.42898166e-13,2.319506327e-13,1.304284857e-13,6.078430447e-14,4.945916707e-14,1.596199899e-13,1.277496637e-13,9.379172152e-14,1.963454899e-13,1.016412383e-13,1.140057598e-13,2.574286862e-13,2.181379634e-13,2.848084992e-13,3.838696754e-13,2.408833787e-13,1.12613279e-13,4.156416399e-13,9.342039416e-14,4.230414447e-14,8.39390519e-14,4.988954352e-14,8.695742295e-14,7.265727383e-14,1.122822146e-13,8.340094396e-14,2.510845626e-13,2.576951524e-14,2.598178623e-13,9.924462768e-14
77.90625,2.396084563e-13,2.716429987e-13,3.476235019e-13,2.357632262e-13,1.309273548e-13,5.98532178e-14,4.915850413e-14,1.604191937e-13,1.282817226e-13,9.511725216e-14,1.999169665e-13,1.013660751e-13,1.146965352e-13,2.578775959e-13,2.160689365e-13,2.816034341e-13,3.819091767e-13,2.411170404e-13,1.128274993e-13,4.120485849e-13,9.455701615e-14,4.227432317e-14,8.492351098e-14,4.938215194e-14,8.75631705e-14,7.332609826e-14,1.116591233e-13,8.49593662e-14,2.475389457e-13,2.622003983e-14,2.604102896e-13,9.998544964e-14
77.9140625,2.407024297e-13,2.74206088e-13,3.521847815e-13,2.396487583e-13,1.313913553e-13,5.883062487e-14,4.881252835e-14,1.611984392e-13,1.287559027e-13,9.642991138e-14,2.035229743e-13,1.010014011e-13,1.153700789e-13,2.581970074e-13,2.140449814e-13,2.785771196e-13,3.798577461e-13,2.413262349e-13,1.129763797e-13,4.088361109e-13,9.567977694e-14,4.223097036e-14,8.594255942e-14,4.889536038e-14,8.815042843e-14,7.407241726e-14,1.110155712e-13,8.633400478e-14,2.437777244e-13,2.667700778e-14,2.60877157e-13,1.007491471e-13
77.921875,2.417496526e-13,2.767324133e-13,3.567687967e-13,2.435245434e-13,1.317907487e-13,5.777791852e-14,4.844061895e-14,1.6194144e-13,1.291450392e-13,9.77523607e-14,2.071756535e-13,1.005524356e-13,1.160424769e-13,2.584091843e-13,2.119931626e-13,2.756261779e-13,3.777517814e-13,2.41534398e-13,1.130498598e-13,4.055602426e-13,9.678710809e-14,4.216327239e-14,8.699323924e-14,4.838251888e-14,8.873726541e-14,7.4851955e-14,1.103549746e-13,8.765227777e-14,2.399757603e-13,2.71399917e-14,2.613029069e-13,1.014784892e-13
77.9296875,2.426691929e-13,2.793612869e-13,3.61465273e-13,2.473104109e-13,1.321698176e-13,5.677023062e-14,4.811137898e-14,1.626246854e-13,1.294904912e-13,9.907421702e-14,2.107597771e-13,1.001128374e-13,1.166645563e-13,2.586355535e-13,2.099464046e-13,2.72683935e-13,3.75625536e-13,2.417314514e-13,1.13073529e-13,4.018670068e-13,9.795494691e-14,4.208055489e-14,8.803782594e-14,4.786275965e-14,8.932151323e-14,7.564307142e-14,1.096407576e-13,8.906835457e-14,2.362503595e-13,2.762759333e-14,2.617335992e-13,1.02136489e-13
77.9375,2.43690098e-13,2.820789659e-13,3.661333101e-13,2.510814446e-13,1.326069688e-13,5.574587415e-14,4.779193405e-14,1.632332284e-13,1.298632037e-13,1.003087334e-13,2.14303169e-13,9.97227549e-14,1.171845169e-13,2.588561008e-13,2.079258585e-13,2.698718636e-13,3.733944999e-13,2.418311408e-13,1.130915606e-13,3.983935913e-13,9.920215363e-14,4.201919606e-14,8.907442218e-14,4.735036412e-14,8.986800156e-14,7.653148032e-14,1.089116092e-13,9.056205403e-14,2.325797793e-13,2.813615917e-14,2.621169263e-13,1.027986828e-13
77.9453125,2.450082502e-13,2.847908261e-13,3.707041297e-13,2.549506643e-13,1.331945435e-13,5.471723809e-14,4.744045657e-14,1.63782224e-13,1.302627771e-13,1.015126236e-13,2.17990892e-13,9.93701313e-14,1.176737121e-13,2.591611576e-13,2.059116989e-13,2.672146523e-13,3.711211773e-13,2.419310236e-13,1.131323199e-13,3.952432232e-13,1.005131447e-13,4.199559807e-14,9.011455386e-14,4.681446646e-14,9.038293802e-14,7.74902711e-14,1.081832472e-13,9.20664071e-14,2.289772845e-13,2.86524395e-14,2.624506544e-13,1.034615638e-13
77.953125,2.464618055e-13,2.874275832e-13,3.752298743e-13,2.58839822e-13,1.339347119e-13,5.376840167e-14,4.710531264e-14,1.642906352e-13,1.306314972e-13,1.027968822e-13,2.217816713e-13,9.90380289e-14,1.182255566e-13,2.597584674e-13,2.039871171e-13,2.647020731e-13,3.690499354e-13,2.422336571e-13,1.131820757e-13,3.918482384e-13,1.018777052e-13,4.197826422e-14,9.11689385e-14,4.62812696e-14,9.092267157e-14,7.841701474e-14,1.074358724e-13,9.356767572e-14,2.254248161e-13,2.919532981e-14,2.627918313e-13,1.040411976e-13
77.9609375,2.47848918e-13,2.900709464e-13,3.797519781e-13,2.627572731e-13,1.346715141e-13,5.283394806e-14,4.677902116e-14,1.647760169e-13,1.309711088e-13,1.040536437e-13,2.255329412e-13,9.870344206e-14,1.187997493e-13,2.604751808e-13,2.021926991e-13,2.624056121e-13,3.670818292e-13,2.426420832e-13,1.131960955e-13,3.884672895e-13,1.032713913e-13,4.194216517e-14,9.226356653e-14,4.57997461e-14,9.146885772e-14,7.937907171e-14,1.067633835e-13,9.507931792e-14,2.219349431e-13,2.97721111e-14,2.631150287e-13,1.045596329e-13
77.96875,2.492572387e-13,2.926821416e-13,3.842548848e-13,2.667770829e-13,1.353865173e-13,5.185390077e-14,4.640761637e-14,1.652650692e-13,1.313328912e-13,1.051725742e-13,2.292932074e-13,9.836706728e-14,1.193508049e-13,2.61061218e-13,2.004527813e-13,2.603198199e-13,3.649274498e-13,2.429710792e-13,1.13163184e-13,3.856231541e-13,1.046748499e-13,4.191182655e-14,9.337949596e-14,4.534351717e-14,9.195520988e-14,8.045538102e-14,1.061660459e-13,9.657352647e-14,2.185376232e-13,3.034990914e-14,2.63384593e-13,1.050694858e-13
77.9765625,2.508522016e-13,2.951805538e-13,3.887047757e-13,2.70756036e-13,1.363323261e-13,5.093569892e-14,4.603722552e-14,1.657806309e-13,1.317298924e-13,1.062336887e-13,2.330881959e-13,9.807197818e-14,1.199198218e-13,2.617511824e-13,1.987757364e-13,2.584130995e-13,3.627350874e-13,2.433418755e-13,1.13130056e-13,3.83044645e-13,1.06094569e-13,4.191451361e-14,9.447529766e-14,4.489590034e-14,9.241635976e-14,8.156117324e-14,1.05472624e-13,9.805267796e-14,2.151355524e-13,3.092244337e-14,2.637095391e-13,1.055497828e-13
77.984375,2.525940646e-13,2.97756315e-13,3.931112343e-13,2.747079516e-13,1.37550091e-13,5.010592556e-14,4.569592492e-14,1.663446163e-13,1.32154837e-13,1.072662123e-13,2.36852287e-13,9.783689744e-14,1.204995473e-13,2.627094767e-13,1.971901484e-13,2.566954318e-13,3.607194164e-13,2.438728357e-13,1.131172912e-13,3.804725034e-13,1.075447428e-13,4.193866542e-14,9.557095208e-14,4.448873879e-14,9.289584608e-14,8.266800358e-14,1.046916076e-13,9.959830712e-14,2.116956314e-13,3.152131161e-14,2.641475662e-13,1.059942835e-13
77.9921875,2.543639057e-13,3.003630283e-13,3.97421835e-13,2.787662095e-13,1.387244296e-13,4.923915246e-14,4.531118771e-14,1.669485947e-13,1.325893939e-13,1.082370432e-13,2.40611367e-13,9.759909715e-14,1.210323696e-13,2.636238303e-13,1.956499649e-13,2.551606777e-13,3.587523013e-13,2.444407491e-13,1.130861385e-13,3.78098959e-13,1.090342976e-13,4.196221618e-14,9.668501605e-14,4.409716821e-14,9.334466013e-14,8.385761877e-14,1.03986618e-13,1.011809974e-13,2.083226906e-13,3.214756314e-14,2.645039577e-13,1.064135887e-13
78,2.561784982e-13,3.027042158e-13,4.015242111e-13,2.827036547e-13,1.397905439e-13,4.831633352e-14,4.487626998e-14,1.675148388e-13,1.329937479e-13,1.09193122e-13,2.443661017e-13,9.73029539e-14,1.215224062e-13,2.643802103e-13,1.941918075e-13,2.538578024e-13,3.568369582e-13,2.450113601e-13,1.130368254e-13,3.759173971e-13,1.105581147e-13,4.198466446e-14,9.780137041e-14,4.368327087e-14,9.376970941e-14,8.512323343e-14,1.03357428e-13,1.026950223e-13,2.049897637e-13,3.277744016e-14,2.646456831e-13,1.067903595e-13
78.0078125,2.581180955e-13,3.050371412e-13,4.055324913e-13,2.863579425e-13,1.410234205e-13,4.743178416e-14,4.44505714e-14,1.679816119e-13,1.333780059e-13,1.101220441e-13,2.480527811e-13,9.70117772e-14,1.220188877e-13,2.652671903e-13,1.928700223e-13,2.527826912e-13,3.550752853e-13,2.456929062e-13,1.130217909e-13,3.737102409e-13,1.120986864e-13,4.20214368e-14,9.892747108e-14,4.328276672e-14,9.422826623e-14,8.640973003e-14,1.027122597e-13,1.041987526e-13,2.01628035e-13,3.341421186e-14,2.6476035e-13,1.071192521e-13
78.015625,2.601555257e-13,3.076097888e-13,4.095881488e-13,2.898777084e-13,1.424081676e-13,4.659726015e-14,4.403668962e-14,1.683929218e-13,1.337627015e-13,1.109681948e-13,2.516989434e-13,9.679412412e-14,1.225600088e-13,2.663680112e-13,1.91624222e-13,2.517750639e-13,3.532840184e-13,2.464764134e-13,1.130309691e-13,3.714057613e-13,1.136481973e-13,4.20719606e-14,1.000425687e-13,4.290460891e-14,9.468175021e-14,8.772254634e-14,1.020240339e-13,1.057588587e-13,1.983187091e-13,3.406397559e-14,2.64990405e-13,1.07408182e-13
78.0234375,2.622011625e-13,3.100330219e-13,4.134686911e-13,2.933568656e-13,1.437255945e-13,4.578474208e-14,4.363455811e-14,1.688219181e-13,1.340893995e-13,1.117837353e-13,2.553392383e-13,9.659673298e-14,1.23158256e-13,2.675249483e-13,1.904773021e-13,2.50864913e-13,3.514086417e-13,2.473107473e-13,1.130205429e-13,3.691080874e-13,1.152222657e-13,4.211765642e-14,1.010918999e-13,4.249959047e-14,9.510427072e-14,8.906967352e-14,1.01265766e-13,1.073161107e-13,1.950767562e-13,3.470635941e-14,2.651987422e-13,1.076824333e-13
78.03125,2.642585696e-13,3.122543959e-13,4.170814449e-13,2.969326433e-13,1.451522207e-13,4.503272692e-14,4.325910575e-14,1.692711106e-13,1.343458287e-13,1.125770138e-13,2.589813911e-13,9.639229019e-14,1.238121513e-13,2.68773866e-13,1.89565455e-13,2.50305425e-13,3.496775486e-13,2.482416699e-13,1.1304077e-13,3.670636088e-13,1.168513562e-13,4.217018104e-14,1.020850197e-13,4.207208567e-14,9.554652457e-14,9.045729284e-14,1.004313166e-13,1.088622275e-13,1.918254925e-13,3.53367261e-14,2.653359756e-13,1.079702095e-13
78.0390625,2.663245454e-13,3.145089249e-13,4.207579903e-13,3.005570904e-13,1.469131102e-13,4.433608496e-14,4.287487888e-14,1.696910691e-13,1.346047769e-13,1.132630601e-13,2.626743352e-13,9.623715569e-14,1.245050866e-13,2.702060236e-13,1.888263483e-13,2.500470316e-13,3.48061084e-13,2.492508405e-13,1.131319695e-13,3.654001574e-13,1.1854792e-13,4.225081304e-14,1.030549559e-13,4.16653397e-14,9.598072398e-14,9.190307899e-14,9.958942593e-14,1.10356066e-13,1.886078003e-13,3.597934892e-14,2.655359598e-13,1.082137925e-13
78.046875,2.68262228e-13,3.165609773e-13,4.245404015e-13,3.038417405e-13,1.487488389e-13,4.361085651e-14,4.247140338e-14,1.700539064e-13,1.348604153e-13,1.138640373e-13,2.663467547e-13,9.610771236e-14,1.251775662e-13,2.716841289e-13,1.880626988e-13,2.498035453e-13,3.463533203e-13,2.502217924e-13,1.131940606e-13,3.639337639e-13,1.202932641e-13,4.232630135e-14,1.040085487e-13,4.128258869e-14,9.635516133e-14,9.339117092e-14,9.878160384e-14,1.117199604e-13,1.854685985e-13,3.664317986e-14,2.657744877e-13,1.083562355e-13
78.0546875,2.701185509e-13,3.185105497e-13,4.281619565e-13,3.068618681e-13,1.50488161e-13,4.286598978e-14,4.20964094e-14,1.703835154e-13,1.350814906e-13,1.144482169e-13,2.69889096e-13,9.597195196e-14,1.258197078e-13,2.731845209e-13,1.873602565e-13,2.496522959e-13,3.44637121e-13,2.511927638e-13,1.131796346e-13,3.625147267e-13,1.220835247e-13,4.237305316e-14,1.049737996e-13,4.090291934e-14,9.672359273e-14,9.492916708e-14,9.800614658e-14,1.13095358e-13,1.823675014e-13,3.732174091e-14,2.659537686e-13,1.084761095e-13
78.0625,2.722069516e-13,3.206876852e-13,4.317211019e-13,3.09880471e-13,1.524236517e-13,4.219697895e-14,4.174890121e-14,1.706977371e-13,1.353189447e-13,1.149930674e-13,2.734481236e-13,9.591142501e-14,1.265378401e-13,2.749867471e-13,1.869438384e-13,2.498331839e-13,3.430587448e-13,2.52319244e-13,1.1319712e-13,3.61180983e-13,1.239308961e-13,4.243449134e-14,1.059483583e-13,4.050754521e-14,9.711056332e-14,9.65589028e-14,9.729324734e-14,1.145833561e-13,1.793037866e-13,3.802096299e-14,2.661605233e-13,1.086248756e-13
78.0703125,2.745131835e-13,3.226312569e-13,4.353652173e-13,3.126174964e-13,1.546490991e-13,4.160197914e-14,4.139685368e-14,1.709773141e-13,1.355752357e-13,1.155064417e-13,2.771651957e-13,9.593682692e-14,1.273435539e-13,2.771302908e-13,1.866957507e-13,2.501432411e-13,3.414631144e-13,2.535324822e-13,1.132677299e-13,3.598995291e-13,1.258015972e-13,4.25276593e-14,1.068875142e-13,4.010119506e-14,9.745923881e-14,9.824310458e-14,9.661787842e-14,1.160257936e-13,1.762557099e-13,3.874413676e-14,2.664468582e-13,1.087345071e-13
78.078125,2.766526633e-13,3.241217478e-13,4.388702003e-13,3.151078617e-13,1.569316043e-13,4.098790277e-14,4.104795349e-14,1.712546072e-13,1.358007211e-13,1.160394985e-13,2.808807145e-13,9.595833425e-14,1.281049791e-13,2.792793897e-13,1.863873209e-13,2.503487556e-13,3.396631501e-13,2.54660771e-13,1.132905243e-13,3.586704032e-13,1.276510132e-13,4.261814499e-14,1.078121795e-13,3.972308565e-14,9.777398046e-14,9.99350152e-14,9.589723082e-14,1.173942843e-13,1.732046386e-13,3.947692391e-14,2.667038463e-13,1.088039258e-13
78.0859375,2.785528396e-13,3.255788315e-13,4.42155735e-13,3.17684228e-13,1.59284188e-13,4.031398279e-14,4.069441852e-14,1.716107282e-13,1.360240461e-13,1.165494369e-13,2.844731066e-13,9.599220226e-14,1.288458948e-13,2.813411187e-13,1.861075586e-13,2.507543563e-13,3.377962795e-13,2.558197837e-13,1.132573594e-13,3.577349319e-13,1.295130111e-13,4.270008762e-14,1.087649295e-13,3.939203615e-14,9.809874451e-14,1.016949754e-13,9.518402554e-14,1.187502544e-13,1.702639979e-13,4.020370453e-14,2.669110513e-13,1.088891902e-13
78.09375,2.804420305e-13,3.268330049e-13,4.454265295e-13,3.200759488e-13,1.618427584e-13,3.963952414e-14,4.031800281e-14,1.720254361e-13,1.362727046e-13,1.169694639e-13,2.880383388e-13,9.609609452e-14,1.297024276e-13,2.83527053e-13,1.859651975e-13,2.51584906e-13,3.360906368e-13,2.571984647e-13,1.132133389e-13,3.573016269e-13,1.314642117e-13,4.278818558e-14,1.097224663e-13,3.909236025e-14,9.842084804e-14,1.03550581e-13,9.456240468e-14,1.199939332e-13,1.6744177e-13,4.092702195e-14,2.671517779e-13,1.089524744e-13
78.1015625,2.824006534e-13,3.279111609e-13,4.486836227e-13,3.223192473e-13,1.644958311e-13,3.903117103e-14,3.995022734e-14,1.723981292e-13,1.365065487e-13,1.173088046e-13,2.915771087e-13,9.622811449e-14,1.305901462e-13,2.858464906e-13,1.858581167e-13,2.525734546e-13,3.345158162e-13,2.587104896e-13,1.131439133e-13,3.572237042e-13,1.335257005e-13,4.288349328e-14,1.106575544e-13,3.881130734e-14,9.871456487e-14,1.054349593e-13,9.391863118e-14,1.212083627e-13,1.645628567e-13,4.167376412e-14,2.674186441e-13,1.089470539e-13
78.109375,2.844773893e-13,3.295378923e-13,4.517342271e-13,3.248740705e-13,1.671517058e-13,3.846713086e-14,3.960639372e-14,1.727060358e-13,1.367073495e-13,1.175879631e-13,2.949541113e-13,9.636063289e-14,1.313673959e-13,2.88206512e-13,1.857909894e-13,2.536219237e-13,3.32988149e-13,2.602713984e-13,1.130610819e-13,3.570874511e-13,1.356496987e-13,4.29887802e-14,1.115505053e-13,3.851274445e-14,9.897539171e-14,1.073308336e-13,9.316038617e-14,1.226059468e-13,1.616470233e-13,4.245953745e-14,2.676391575e-13,1.088842949e-13
78.1171875,2.86724523e-13,3.313720302e-13,4.545430235e-13,3.272384016e-13,1.699280286e-13,3.794445223e-14,3.926411793e-14,1.729861033e-13,1.368762532e-13,1.178412679e-13,2.981791587e-13,9.654675606e-14,1.321736534e-13,2.907663517e-13,1.859224115e-13,2.549068567e-13,3.316143896e-13,2.620079803e-13,1.130138234e-13,3.566313122e-13,1.377862048e-13,4.309838679e-14,1.123620045e-13,3.815683401e-14,9.920642923e-14,1.092480819e-13,9.239925215e-14,1.240745215e-13,1.588573194e-13,4.325498265e-14,2.678350928e-13,1.087417336e-13
78.125,2.889461267e-13,3.324716542e-13,4.572586839e-13,3.288385797e-13,1.729068233e-13,3.753421167e-14,3.893793168e-14,1.732505418e-13,1.369911836e-13,1.181119681e-13,3.014317903e-13,9.681076576e-14,1.331750723e-13,2.936503984e-13,1.862864188e-13,2.563757226e-13,3.304095825e-13,2.63945204e-13,1.129911149e-13,3.560682159e-13,1.399277211e-13,4.319398157e-14,1.130999971e-13,3.778225158e-14,9.94244344e-14,1.111661103e-13,9.170272851e-14,1.25443537e-13,1.561505056e-13,4.403811979e-14,2.681127086e-13,1.084998284e-13
78.1328125,2.909961812e-13,3.331298939e-13,4.599455016e-13,3.302152403e-13,1.760131953e-13,3.717279761e-14,3.863534442e-14,1.735004207e-13,1.370448418e-13,1.183225469e-13,3.047721613e-13,9.709039438e-14,1.342137885e-13,2.966343454e-13,1.867335316e-13,2.57903324e-13,3.291668898e-13,2.659152964e-13,1.129344811e-13,3.557683951e-13,1.420820097e-13,4.327110659e-14,1.138187438e-13,3.743590724e-14,9.963132352e-14,1.131281645e-13,9.102195151e-14,1.267609536e-13,1.534372781e-13,4.483266396e-14,2.684303735e-13,1.082153874e-13
78.140625,2.930960694e-13,3.339998118e-13,4.624292483e-13,3.3177256e-13,1.79113416e-13,3.671634453e-14,3.831773974e-14,1.737443197e-13,1.370595956e-13,1.183680853e-13,3.079881252e-13,9.731485878e-14,1.350849172e-13,2.994840532e-13,1.871286037e-13,2.595236254e-13,3.278320483e-13,2.678451959e-13,1.128147172e-13,3.55754201e-13,1.442603219e-13,4.334216078e-14,1.14542328e-13,3.707627103e-14,9.980389779e-14,1.15167985e-13,9.03477568e-14,1.280414581e-13,1.507555044e-13,4.564620479e-14,2.685923216e-13,1.079300191e-13
78.1484375,2.953390461e-13,3.350346009e-13,4.6459764e-13,3.332958981e-13,1.821805749e-13,3.622352628e-14,3.798534411e-14,1.740391979e-13,1.370705815e-13,1.183196818e-13,3.108924038e-13,9.750932193e-14,1.358834543e-13,3.022696297e-13,1.875596163e-13,2.612865985e-13,3.265433201e-13,2.698019679e-13,1.126549612e-13,3.559617728e-13,1.46485449e-13,4.341996675e-14,1.152563078e-13,3.668584576e-14,9.99350035e-14,1.172077554e-13,8.967303796e-14,1.292602704e-13,1.480804238e-13,4.645211988e-14,2.686151744e-13,1.076204352e-13
78.15625,2.97392188e-13,3.359596409e-13,4.666105493e-13,3.347389188e-13,1.853511567e-13,3.579966036e-14,3.766848316e-14,1.744713112e-13,1.370956875e-13,1.182811655e-13,3.136158347e-13,9.774932937e-14,1.367639024e-13,3.051331109e-13,1.881852733e-13,2.632706313e-13,3.252432532e-13,2.717974527e-13,1.124778871e-13,3.565802401e-13,1.48741874e-13,4.350261745e-14,1.159283055e-13,3.633650488e-14,1.00028688e-13,1.19229741e-13,8.897596531e-14,1.3040986e-13,1.453526045e-13,4.724324375e-14,2.686954869e-13,1.072727407e-13
78.1640625,2.991679432e-13,3.365197379e-13,4.685225084e-13,3.360608967e-13,1.887003322e-13,3.541027172e-14,3.737579067e-14,1.749703163e-13,1.371025994e-13,1.182468395e-13,3.163368012e-13,9.804548297e-14,1.376930039e-13,3.081307405e-13,1.889854921e-13,2.654985784e-13,3.238255305e-13,2.73816584e-13,1.12296889e-13,3.575303097e-13,1.509964222e-13,4.359118618e-14,1.165378797e-13,3.603353116e-14,1.00102643e-13,1.213050739e-13,8.829765194e-14,1.314290306e-13,1.426369408e-13,4.802347641e-14,2.688159773e-13,1.068896579e-13
78.171875,3.011079157e-13,3.367869027e-13,4.70198139e-13,3.371199475e-13,1.921495254e-13,3.506456094e-14,3.713059124e-14,1.753351468e-13,1.370541914e-13,1.182331291e-13,3.189881226e-13,9.838389554e-14,1.386561883e-13,3.113719208e-13,1.899365986e-13,2.67828757e-13,3.225194502e-13,2.759592318e-13,1.121846961e-13,3.58328112e-13,1.532763587e-13,4.370972069e-14,1.170994174e-13,3.568164391e-14,1.002054337e-13,1.234085967e-13,8.766878345e-14,1.323822573e-13,1.400088378e-13,4.878574116e-14,2.688980349e-13,1.064594337e-13
78.1796875,3.033677992e-13,3.370575287e-13,4.717564805e-13,3.379389991e-13,1.957265544e-13,3.479021416e-14,3.693106368e-14,1.755698829e-13,1.369655476e-13,1.182507e-13,3.215067504e-13,9.87842099e-14,1.397199428e-13,3.149014198e-13,1.910606864e-13,2.701894424e-13,3.2146185e-13,2.782712901e-13,1.121821391e-13,3.589760464e-13,1.555921564e-13,4.385160094e-14,1.176272039e-13,3.526376985e-14,1.003314087e-13,1.254902001e-13,8.705848756e-14,1.333921422e-13,1.374442651e-13,4.954020309e-14,2.690515238e-13,1.06000569e-13
78.1875,3.055267205e-13,3.370791421e-13,4.734291084e-13,3.384758413e-13,1.995585302e-13,3.452096295e-14,3.672305967e-14,1.758945069e-13,1.368671737e-13,1.182312087e-13,3.239910854e-13,9.924690608e-14,1.408295236e-13,3.185451103e-13,1.922454385e-13,2.726282526e-13,3.20330653e-13,2.805683087e-13,1.121825971e-13,3.599419454e-13,1.579107665e-13,4.397124036e-14,1.181274756e-13,3.485595656e-14,1.00405268e-13,1.275893202e-13,8.645538079e-14,1.343855428e-13,1.349002388e-13,5.030641619e-14,2.692892475e-13,1.055594193e-13
78.1953125,3.073746739e-13,3.366797458e-13,4.750809378e-13,3.386995317e-13,2.03578608e-13,3.426085536e-14,3.650981213e-14,1.763743079e-13,1.367631159e-13,1.18174954e-13,3.264208151e-13,9.975559901e-14,1.41903876e-13,3.221663219e-13,1.934749481e-13,2.751667006e-13,3.190010722e-13,2.827316197e-13,1.121144667e-13,3.611378969e-13,1.602780885e-13,4.407413705e-14,1.186123993e-13,3.448226606e-14,1.004283413e-13,1.297222399e-13,8.588837446e-14,1.353329058e-13,1.324001903e-13,5.108315375e-14,2.694867339e-13,1.051303658e-13
78.203125,3.091559527e-13,3.364444141e-13,4.764928054e-13,3.387935024e-13,2.076380732e-13,3.40623842e-14,3.632625435e-14,1.76858291e-13,1.366517857e-13,1.18106783e-13,3.286260637e-13,1.003107241e-13,1.429921789e-13,3.258142523e-13,1.948732404e-13,2.778300359e-13,3.177791662e-13,2.849281332e-13,1.120475755e-13,3.622770306e-13,1.627321705e-13,4.420377256e-14,1.190719535e-13,3.412872784e-14,1.004563452e-13,1.318752828e-13,8.539059644e-14,1.36352167e-13,1.299937426e-13,5.186310982e-14,2.696635675e-13,1.046751138e-13
78.2109375,3.11022821e-13,3.365571516e-13,4.777802161e-13,3.388909288e-13,2.117902436e-13,3.389802298e-14,3.613834557e-14,1.772665834e-13,1.365399084e-13,1.179507916e-13,3.305983181e-13,1.009137258e-13,1.441122867e-13,3.295641145e-13,1.963839096e-13,2.805848658e-13,3.166908521e-13,2.872792051e-13,1.120100811e-13,3.637677864e-13,1.652057602e-13,4.436203919e-14,1.195005534e-13,3.380374475e-14,1.004478152e-13,1.340666789e-13,8.497612502e-14,1.374126052e-13,1.276395943e-13,5.26500778e-14,2.698592765e-13,1.041887523e-13
78.21875,3.129108837e-13,3.364799003e-13,4.790747383e-13,3.389799841e-13,2.161251733e-13,3.37667882e-14,3.593941552e-14,1.776733615e-13,1.364046547e-13,1.177070264e-13,3.325062287e-13,1.015627096e-13,1.452071923e-13,3.334819555e-13,1.979601749e-13,2.833427341e-13,3.154913194e-13,2.896579377e-13,1.119787271e-13,3.658422761e-13,1.676993559e-13,4.453349376e-14,1.199149771e-13,3.346824341e-14,1.003542833e-13,1.362821606e-13,8.462675542e-14,1.384139223e-13,1.252558634e-13,5.345613388e-14,2.700110908e-13,1.036687554e-13
78.2265625,3.147993767e-13,3.359980457e-13,4.802817344e-13,3.389018559e-13,2.205805046e-13,3.369030467e-14,3.578736563e-14,1.781338244e-13,1.361968818e-13,1.174847684e-13,3.344637094e-13,1.022394841e-13,1.463153609e-13,3.37618632e-13,1.996994358e-13,2.861409979e-13,3.142417356e-13,2.919765792e-13,1.119905325e-13,3.67915601e-13,1.702571607e-13,4.471127856e-14,1.202783174e-13,3.306423599e-14,1.002395395e-13,1.385056164e-13,8.43213416e-14,1.393754907e-13,1.228861397e-13,5.42879314e-14,2.701777475e-13,1.031124884e-13
78.234375,3.167618845e-13,3.352964559e-13,4.814402856e-13,3.384805828e-13,2.251327435e-13,3.365044391e-14,3.568340614e-14,1.786241732e-13,1.359424962e-13,1.173131942e-13,3.36472407e-13,1.029398784e-13,1.475126686e-13,3.41963251e-13,2.015446442e-13,2.890687874e-13,3.131304979e-13,2.943536527e-13,1.120531301e-13,3.697802462e-13,1.728096145e-13,4.488588699e-14,1.205479205e-13,3.264137755e-14,1.001462489e-13,1.407616479e-13,8.40639509e-14,1.403285225e-13,1.20611855e-13,5.51289628e-14,2.705051871e-13,1.025607996e-13
78.2421875,3.188027732e-13,3.345219756e-13,4.827311045e-13,3.379177358e-13,2.298370457e-13,3.366624507e-14,3.559197693e-14,1.791359116e-13,1.357328979e-13,1.171772553e-13,3.384464761e-13,1.037248164e-13,1.487646192e-13,3.465122783e-13,2.034154585e-13,2.921068047e-13,3.121051249e-13,2.968680274e-13,1.121069481e-13,3.718162361e-13,1.753440416e-13,4.506218428e-14,1.207857534e-13,3.227735918e-14,1.00019859e-13,1.430093811e-13,8.385522676e-14,1.412803279e-13,1.183940648e-13,5.595708633e-14,2.709621827e-13,1.02029295e-13
78.25,3.207279052e-13,3.336692733e-13,4.840066042e-13,3.374092917e-13,2.34630234e-13,3.37259757e-14,3.551411141e-14,1.796792233e-13,1.355519014e-13,1.170630962e-13,3.402349084e-13,1.046045453e-13,1.500039465e-13,3.512164052e-13,2.053604494e-13,2.951297325e-13,3.10975891e-13,2.993663205e-13,1.121222923e-13,3.73899296e-13,1.779389595e-13,4.52386207e-14,1.210414514e-13,3.194042573e-14,9.982036372e-14,1.451781231e-13,8.366142964e-14,1.421898543e-13,1.161812805e-13,5.676609677e-14,2.713936261e-13,1.014576129e-13
78.2578125,3.224369607e-13,3.326124694e-13,4.849962738e-13,3.366634482e-13,2.394560104e-13,3.377932647e-14,3.54551925e-14,1.802245834e-13,1.35300145e-13,1.16912141e-13,3.417655366e-13,1.054988092e-13,1.512417391e-13,3.559831641e-13,2.073925562e-13,2.980489128e-13,3.096726158e-13,3.017442201e-13,1.121187742e-13,3.757773093e-13,1.805430517e-13,4.540382819e-14,1.212512871e-13,3.157759089e-14,9.956790783e-14,1.473043952e-13,8.345474833e-14,1.429851959e-13,1.140037193e-13,5.755779178e-14,2.717798674e-13,1.008027518e-13
78.265625,3.241900508e-13,3.314801825e-13,4.858586527e-13,3.355618826e-13,2.444407419e-13,3.389257536e-14,3.542310376e-14,1.807588807e-13,1.350028639e-13,1.167363318e-13,3.430994021e-13,1.064395196e-13,1.52531315e-13,3.609145186e-13,2.096040337e-13,3.010250799e-13,3.084137161e-13,3.042157893e-13,1.121535311e-13,3.777584813e-13,1.831000597e-13,4.559031317e-14,1.21382785e-13,3.121326129e-14,9.930130403e-14,1.494686509e-13,8.327421599e-14,1.437667977e-13,1.118863683e-13,5.835226455e-14,2.722747328e-13,1.000918817e-13
78.2734375,3.261321784e-13,3.304753392e-13,4.86795323e-13,3.343861834e-13,2.496128909e-13,3.41128386e-14,3.542896445e-14,1.813245241e-13,1.347485917e-13,1.166148435e-13,3.442621672e-13,1.075180441e-13,1.538743617e-13,3.660971394e-13,2.120498166e-13,3.042142496e-13,3.074045329e-13,3.069153155e-13,1.12269718e-13,3.799609691e-13,1.856762771e-13,4.582554254e-14,1.214914409e-13,3.086712749e-14,9.903969943e-14,1.516867292e-13,8.316370071e-14,1.446511136e-13,1.098182352e-13,5.916808277e-14,2.729485969e-13,9.937594739e-14
78.28125,3.280187898e-13,3.293057845e-13,4.875539509e-13,3.331439214e-13,2.547644923e-13,3.433709529e-14,3.545971449e-14,1.819366523e-13,1.344872796e-13,1.165436981e-13,3.452059976e-13,1.086340014e-13,1.551961745e-13,3.712562387e-13,2.145218456e-13,3.074593877e-13,3.06481189e-13,3.095986884e-13,1.124182202e-13,3.8216125e-13,1.882533599e-13,4.606349796e-14,1.215981343e-13,3.050468378e-14,9.876174039e-14,1.53913825e-13,8.309318786e-14,1.454843114e-13,1.077927659e-13,5.99739556e-14,2.736316316e-13,9.867809681e-14
78.2890625,3.297409283e-13,3.277733257e-13,4.879896424e-13,3.31675294e-13,2.598658216e-13,3.45271977e-14,3.551235185e-14,1.825542378e-13,1.341337818e-13,1.164969862e-13,3.459880357e-13,1.096632544e-13,1.564452836e-13,3.762271695e-13,2.169689934e-13,3.106941408e-13,3.054942374e-13,3.121232493e-13,1.125504524e-13,3.844158045e-13,1.907665062e-13,4.627216755e-14,1.216772945e-13,3.011606498e-14,9.844597765e-14,1.56080885e-13,8.304689393e-14,1.461685199e-13,1.058095117e-13,6.075117994e-14,2.741812524e-13,9.796538189e-14
78.296875,3.314750029e-13,3.261896307e-13,4.884413851e-13,3.300184467e-13,2.651837933e-13,3.476670537e-14,3.55943144e-14,1.831309597e-13,1.33756101e-13,1.164836523e-13,3.467705262e-13,1.107158947e-13,1.576692038e-13,3.812934405e-13,2.19479184e-13,3.139302053e-13,3.045021214e-13,3.146108691e-13,1.127197491e-13,3.86685191e-13,1.93260082e-13,4.649880501e-14,1.217255803e-13,2.974738671e-14,9.80918977e-14,1.581501917e-13,8.306041641e-14,1.469107274e-13,1.038740536e-13,6.154212259e-14,2.747308667e-13,9.720932429e-14
78.3046875,3.333190357e-13,3.246068559e-13,4.890630666e-13,3.281529067e-13,2.707667891e-13,3.509151078e-14,3.569420631e-14,1.83660726e-13,1.33451319e-13,1.164825208e-13,3.475598594e-13,1.119171328e-13,1.589189805e-13,3.866000048e-13,2.218734987e-13,3.168437609e-13,3.034142651e-13,3.170318738e-13,1.129681642e-13,3.886842891e-13,1.957349208e-13,4.678094841e-14,1.217463321e-13,2.942940452e-14,9.768790523e-14,1.601366325e-13,8.31192526e-14,1.478273654e-13,1.020022455e-13,6.234887098e-14,2.754293743e-13,9.645064281e-14
78.3125,3.352041952e-13,3.22805764e-13,4.895487708e-13,3.260264797e-13,2.763269915e-13,3.545188247e-14,3.58221432e-14,1.842091084e-13,1.331625136e-13,1.164833762e-13,3.481390801e-13,1.131814499e-13,1.601808893e-13,3.919824851e-13,2.242193458e-13,3.194433722e-13,3.022374728e-13,3.193602237e-13,1.132513097e-13,3.905540386e-13,1.981198234e-13,4.708181054e-14,1.217276607e-13,2.913931792e-14,9.725064148e-14,1.620832751e-13,8.321520414e-14,1.487186971e-13,1.00211681e-13,6.313536754e-14,2.761907719e-13,9.570970392e-14
78.3203125,3.369878372e-13,3.208491784e-13,4.897625543e-13,3.237557772e-13,2.817917891e-13,3.578520901e-14,3.599512773e-14,1.848207602e-13,1.327929839e-13,1.164891335e-13,3.484041101e-13,1.144094219e-13,1.614657525e-13,3.974682728e-13,2.26927399e-13,3.223192722e-13,3.01265844e-13,3.218415761e-13,1.135448973e-13,3.926091702e-13,2.004306833e-13,4.735992151e-14,1.216648875e-13,2.884735503e-14,9.682901783e-14,1.640488806e-13,8.342386867e-14,1.493935921e-13,9.849558205e-14,6.393745817e-14,2.769498199e-13,9.493872885e-14
78.328125,3.386577742e-13,3.188474948e-13,4.898872867e-13,3.214528165e-13,2.873798759e-13,3.613122154e-14,3.618900031e-14,1.854119431e-13,1.32378024e-13,1.164860586e-13,3.485360517e-13,1.15671557e-13,1.628112013e-13,4.031719733e-13,2.299103414e-13,3.254934497e-13,3.005070881e-13,3.245545842e-13,1.139062877e-13,3.947804809e-13,2.027583931e-13,4.764622062e-14,1.215752405e-13,2.854794794e-14,9.640320961e-14,1.66035233e-13,8.374979167e-14,1.500005908e-13,9.680669098e-14,6.479071009e-14,2.778167856e-13,9.412500114e-14
78.3359375,3.403674898e-13,3.16803623e-13,4.899213634e-13,3.191286033e-13,2.930676315e-13,3.658827758e-14,3.63870572e-14,1.859167368e-13,1.319878643e-13,1.165125893e-13,3.486621161e-13,1.170446344e-13,1.641686372e-13,4.089227026e-13,2.327770834e-13,3.283806017e-13,2.997036758e-13,3.272553588e-13,1.143730273e-13,3.969579788e-13,2.052021051e-13,4.79829759e-14,1.214890351e-13,2.824724349e-14,9.591689985e-14,1.679495826e-13,8.407373732e-14,1.50822649e-13,9.511008587e-14,6.564738849e-14,2.787839379e-13,9.328610096e-14
78.34375,3.420760819e-13,3.146885523e-13,4.898302744e-13,3.166462231e-13,2.986731396e-13,3.712029166e-14,3.659425727e-14,1.864132473e-13,1.315965721e-13,1.165911077e-13,3.487312168e-13,1.184692259e-13,1.654743877e-13,4.145788864e-13,2.354936365e-13,3.308164249e-13,2.988201129e-13,3.298238209e-13,1.148874217e-13,3.991444355e-13,2.077667374e-13,4.834448989e-14,1.214057596e-13,2.796214504e-14,9.538044608e-14,1.697503648e-13,8.432775072e-14,1.517955943e-13,9.344311251e-14,6.648341892e-14,2.797231395e-13,9.24066777e-14
78.3515625,3.437462798e-13,3.124165124e-13,4.899843859e-13,3.13801858e-13,3.043803431e-13,3.76624972e-14,3.680445408e-14,1.869582819e-13,1.311773724e-13,1.166621791e-13,3.487913292e-13,1.199147376e-13,1.667901424e-13,4.203348973e-13,2.381275256e-13,3.329984838e-13,2.978890669e-13,3.323483516e-13,1.154165305e-13,4.012897613e-13,2.103001214e-13,4.870861825e-14,1.212787942e-13,2.770175356e-14,9.481726967e-14,1.715119305e-13,8.45597303e-14,1.527008037e-13,9.186912102e-14,6.733179358e-14,2.807201262e-13,9.151959074e-14
78.359375,3.456668645e-13,3.101303078e-13,4.905417949e-13,3.107883342e-13,3.104188806e-13,3.827132116e-14,3.702729621e-14,1.875008825e-13,1.307647771e-13,1.167315973e-13,3.48848208e-13,1.214488617e-13,1.681812475e-13,4.263243018e-13,2.407265176e-13,3.350657777e-13,2.968937875e-13,3.348600482e-13,1.160253615e-13,4.034687492e-13,2.127262334e-13,4.910154553e-14,1.210971573e-13,2.74436273e-14,9.422599069e-14,1.732670761e-13,8.486181833e-14,1.536377763e-13,9.039519765e-14,6.81894108e-14,2.819078229e-13,9.070308699e-14
78.3671875,3.477394313e-13,3.079179196e-13,4.909863526e-13,3.079552602e-13,3.165273186e-13,3.893053345e-14,3.727319173e-14,1.880134007e-13,1.303499967e-13,1.168525014e-13,3.48691145e-13,1.230332868e-13,1.695756234e-13,4.322876596e-13,2.434027826e-13,3.370753638e-13,2.958737269e-13,3.372289177e-13,1.167257126e-13,4.0575418e-13,2.151493717e-13,4.951713367e-14,1.209156086e-13,2.7182883e-14,9.362563856e-14,1.749497297e-13,8.529327522e-14,1.546478832e-13,8.898649599e-14,6.902066797e-14,2.831504718e-13,8.9929006e-14
78.375,3.494497407e-13,3.053575159e-13,4.911018708e-13,3.050270713e-13,3.224385459e-13,3.956382316e-14,3.752587268e-14,1.885237754e-13,1.298935378e-13,1.169928326e-13,3.48331029e-13,1.245782129e-13,1.7090329e-13,4.379949551e-13,2.460460818e-13,3.388624022e-13,2.947680689e-13,3.393081881e-13,1.174685975e-13,4.079503975e-13,2.176261236e-13,4.993670868e-14,1.207599119e-13,2.694786127e-14,9.301566836e-14,1.765283869e-13,8.581530343e-14,1.554883879e-13,8.76308985e-14,6.982248659e-14,2.843464334e-13,8.910017566e-14
78.3828125,3.509580304e-13,3.024755937e-13,4.912653537e-13,3.017133934e-13,3.283189362e-13,4.023848788e-14,3.779371194e-14,1.890497391e-13,1.294289246e-13,1.171229827e-13,3.479606993e-13,1.261725953e-13,1.722205172e-13,4.436656485e-13,2.485684341e-13,3.403272491e-13,2.935669643e-13,3.412333267e-13,1.182928329e-13,4.098973241e-13,2.201414999e-13,5.038812952e-14,1.206103812e-13,2.672192458e-14,9.236938726e-14,1.780524558e-13,8.637391265e-14,1.562531671e-13,8.632648661e-14,7.06280267e-14,2.85645081e-13,8.821845236e-14
78.390625,3.526977479e-13,2.999569483e-13,4.914453654e-13,2.984943435e-13,3.342374559e-13,4.100288542e-14,3.810390585e-14,1.895846065e-13,1.289849234e-13,1.172729836e-13,3.47428997e-13,1.278844856e-13,1.735950185e-13,4.495203883e-13,2.512321614e-13,3.417873496e-13,2.924965227e-13,3.433036386e-13,1.19209884e-13,4.116775728e-13,2.226746252e-13,5.086596789e-14,1.204650173e-13,2.64617573e-14,9.17088513e-14,1.795407817e-13,8.700666573e-14,1.572359166e-13,8.504593958e-14,7.145691603e-14,2.870969403e-13,8.734786672e-14
78.3984375,3.54436291e-13,2.976247887e-13,4.914490639e-13,2.954716216e-13,3.400413482e-13,4.179285683e-14,3.845583939e-14,1.900969888e-13,1.285014041e-13,1.174979334e-13,3.466255765e-13,1.29578275e-13,1.749948989e-13,4.553559132e-13,2.541148382e-13,3.434512686e-13,2.916234735e-13,3.454781796e-13,1.201129894e-13,4.134825459e-13,2.251293931e-13,5.132523463e-14,1.203073987e-13,2.618852998e-14,9.106397859e-14,1.809603635e-13,8.772535613e-14,1.582801278e-13,8.379602011e-14,7.228890243e-14,2.885653947e-13,8.649882577e-14
78.40625,3.560107097e-13,2.947756246e-13,4.916172119e-13,2.919532339e-13,3.458364827e-13,4.261224502e-14,3.884383678e-14,1.905502316e-13,1.279412557e-13,1.178784854e-13,3.458342053e-13,1.312032174e-13,1.763347679e-13,4.610196835e-13,2.569673372e-13,3.45118349e-13,2.907817262e-13,3.474970846e-13,1.209840014e-13,4.155098108e-13,2.27468839e-13,5.177733907e-14,1.201004607e-13,2.593706731e-14,9.041153708e-14,1.823484695e-13,8.848339396e-14,1.592036799e-13,8.263251466e-14,7.311830817e-14,2.899817016e-13,8.566754544e-14
78.4140625,3.576489388e-13,2.917158971e-13,4.920353202e-13,2.880700356e-13,3.517058626e-13,4.348201828e-14,3.925674574e-14,1.909352306e-13,1.273431491e-13,1.183818634e-13,3.451176756e-13,1.32869401e-13,1.77586881e-13,4.66659887e-13,2.597843199e-13,3.466931019e-13,2.899644252e-13,3.493618986e-13,1.219112384e-13,4.17694994e-13,2.297769487e-13,5.224886473e-14,1.198624683e-13,2.568672255e-14,8.973442012e-14,1.837747483e-13,8.935171921e-14,1.601726692e-13,8.156982514e-14,7.397343702e-14,2.913544624e-13,8.487012768e-14
78.421875,3.592256753e-13,2.889319777e-13,4.924582589e-13,2.845528036e-13,3.574437093e-13,4.438460661e-14,3.966521154e-14,1.912707627e-13,1.267401581e-13,1.188448557e-13,3.443271909e-13,1.346197659e-13,1.788212224e-13,4.722998658e-13,2.626853406e-13,3.482578748e-13,2.892477253e-13,3.511859352e-13,1.229264222e-13,4.196917077e-13,2.320591122e-13,5.273080004e-14,1.196273955e-13,2.543479935e-14,8.904074686e-14,1.851698354e-13,9.040877883e-14,1.612185585e-13,8.059445058e-14,7.485017281e-14,2.927652989e-13,8.408217053e-14
78.4296875,3.606338369e-13,2.861254482e-13,4.931205188e-13,2.810864452e-13,3.63170341e-13,4.537864053e-14,4.006699299e-14,1.916036829e-13,1.26158523e-13,1.192526832e-13,3.435310426e-13,1.364581278e-13,1.80109528e-13,4.779200572e-13,2.655157253e-13,3.496498351e-13,2.885532243e-13,3.529583151e-13,1.240317382e-13,4.2139927e-13,2.343070415e-13,5.323389467e-14,1.19394146e-13,2.521538961e-14,8.832530539e-14,1.864072983e-13,9.152528377e-14,1.622494103e-13,7.972304242e-14,7.571912543e-14,2.943824384e-13,8.326925303e-14
78.4375,3.621679155e-13,2.831633657e-13,4.939410017e-13,2.772228579e-13,3.691548788e-13,4.646496122e-14,4.048736557e-14,1.919828862e-13,1.256189403e-13,1.197397292e-13,3.425427015e-13,1.38346802e-13,1.814138811e-13,4.836176804e-13,2.681541127e-13,3.506208093e-13,2.877442735e-13,3.546581093e-13,1.251834347e-13,4.230748553e-13,2.365779639e-13,5.376033694e-14,1.191862904e-13,2.502369598e-14,8.758329743e-14,1.875001763e-13,9.259414696e-14,1.633251035e-13,7.892977606e-14,7.656728788e-14,2.961385368e-13,8.246872796e-14
78.4453125,3.637661825e-13,2.802242332e-13,4.942195951e-13,2.734366853e-13,3.75028283e-13,4.75011801e-14,4.0928606e-14,1.923924435e-13,1.250812262e-13,1.203275122e-13,3.410346068e-13,1.401303166e-13,1.82626862e-13,4.891380038e-13,2.707013476e-13,3.512817382e-13,2.867363484e-13,3.56177515e-13,1.26278134e-13,4.248875309e-13,2.388133942e-13,5.427076478e-14,1.190060062e-13,2.483800822e-14,8.680679421e-14,1.885333981e-13,9.370709113e-14,1.644229772e-13,7.814813958e-14,7.737378495e-14,2.976932917e-13,8.172940485e-14
78.453125,3.651046556e-13,2.771005948e-13,4.941212179e-13,2.697897834e-13,3.804467653e-13,4.847233562e-14,4.13667989e-14,1.927619975e-13,1.245158604e-13,1.209422791e-13,3.393364697e-13,1.418008667e-13,1.837205164e-13,4.941434193e-13,2.731516011e-13,3.518422339e-13,2.855853825e-13,3.573718446e-13,1.273547288e-13,4.26743571e-13,2.409611974e-13,5.477272379e-14,1.187906471e-13,2.465846789e-14,8.597441426e-14,1.895062287e-13,9.489127498e-14,1.654574515e-13,7.739121032e-14,7.813464735e-14,2.989820338e-13,8.10247376e-14
78.4609375,3.663059939e-13,2.73657444e-13,4.943330461e-13,2.657946068e-13,3.857710936e-13,4.950135647e-14,4.179273747e-14,1.930565299e-13,1.239557848e-13,1.215524949e-13,3.378137941e-13,1.435125806e-13,1.84767466e-13,4.988978309e-13,2.753767644e-13,3.521618428e-13,2.844706325e-13,3.583778541e-13,1.285316134e-13,4.284340879e-13,2.431117928e-13,5.530418291e-14,1.185574771e-13,2.447043592e-14,8.51054018e-14,1.903413178e-13,9.605152192e-14,1.664496453e-13,7.670701731e-14,7.888366252e-14,3.002638182e-13,8.030271557e-14
78.46875,3.675958965e-13,2.701835396e-13,4.946425186e-13,2.615973933e-13,3.911710484e-13,5.057504428e-14,4.223135901e-14,1.932840259e-13,1.233857201e-13,1.221926502e-13,3.362136705e-13,1.452088743e-13,1.857742508e-13,5.036512078e-13,2.773407447e-13,3.520376396e-13,2.833893079e-13,3.593673765e-13,1.297503093e-13,4.298905976e-13,2.452377583e-13,5.583991525e-14,1.18374883e-13,2.427658502e-14,8.424733711e-14,1.909940766e-13,9.717024496e-14,1.673969353e-13,7.606500424e-14,7.962512618e-14,3.015753916e-13,7.955450137e-14
78.4765625,3.689478752e-13,2.668152226e-13,4.947589072e-13,2.574751462e-13,3.963860885e-13,5.163957314e-14,4.268796154e-14,1.934175631e-13,1.227699722e-13,1.229317472e-13,3.345017265e-13,1.467997154e-13,1.866809417e-13,5.08170368e-13,2.790441594e-13,3.515124576e-13,2.821365421e-13,3.60193553e-13,1.309357151e-13,4.312841821e-13,2.472478982e-13,5.636566871e-14,1.181811166e-13,2.411545025e-14,8.33853348e-14,1.915154576e-13,9.826309456e-14,1.683899459e-13,7.542357491e-14,8.034313147e-14,3.027690289e-13,7.879784484e-14
78.484375,3.703355776e-13,2.63395849e-13,4.949565478e-13,2.533916179e-13,4.014940246e-13,5.279065496e-14,4.312568499e-14,1.934258425e-13,1.221622198e-13,1.237511919e-13,3.329083413e-13,1.484379361e-13,1.875644673e-13,5.124698236e-13,2.805350058e-13,3.506534586e-13,2.807277361e-13,3.607596082e-13,1.321556156e-13,4.326743976e-13,2.492080416e-13,5.692713027e-14,1.179135962e-13,2.397029186e-14,8.246849297e-14,1.919632663e-13,9.932592192e-14,1.695851272e-13,7.481620804e-14,8.104826526e-14,3.039026138e-13,7.80428733e-14
78.4921875,3.717091526e-13,2.598711009e-13,4.951393947e-13,2.494432039e-13,4.065971737e-13,5.405148607e-14,4.355167782e-14,1.933784185e-13,1.215809364e-13,1.245637325e-13,3.31171149e-13,1.501401358e-13,1.88541327e-13,5.167401074e-13,2.819596911e-13,3.495424895e-13,2.793726847e-13,3.612191921e-13,1.334256992e-13,4.338631578e-13,2.511036224e-13,5.75113094e-14,1.176483274e-13,2.38069507e-14,8.150329462e-14,1.923144507e-13,1.003987551e-13,1.708181383e-13,7.42815494e-14,8.173845865e-14,3.050816348e-13,7.72912126e-14
78.5,3.730064621e-13,2.564023618e-13,4.951536022e-13,2.454394903e-13,4.114596533e-13,5.529661333e-14,4.4015809e-14,1.933589118e-13,1.209517939e-13,1.254120653e-13,3.291316266e-13,1.517469453e-13,1.8956769e-13,5.208251105e-13,2.833720419e-13,3.48350497e-13,2.780850698e-13,3.616566984e-13,1.34724817e-13,4.34751871e-13,2.528420448e-13,5.806327434e-14,1.17416903e-13,2.367796261e-14,8.053787824e-14,1.925529203e-13,1.014895688e-13,1.719195955e-13,7.380409145e-14,8.241336999e-14,3.063030194e-13,7.655366619e-14
78.5078125,3.743458699e-13,2.531086263e-13,4.954556172e-13,2.411178361e-13,4.1613104e-13,5.657187483e-14,4.45172793e-14,1.933088877e-13,1.202803659e-13,1.263791782e-13,3.272037537e-13,1.533592727e-13,1.906230535e-13,5.247804923e-13,2.847579117e-13,3.471019202e-13,2.768381838e-13,3.620963678e-13,1.361313307e-13,4.353999849e-13,2.545506436e-13,5.861935938e-14,1.171737709e-13,2.359770128e-14,7.960165168e-14,1.927130669e-13,1.025930599e-13,1.731408616e-13,7.338301256e-14,8.311169861e-14,3.076584077e-13,7.584378955e-14
78.515625,3.758206794e-13,2.499018976e-13,4.96169216e-13,2.369076538e-13,4.208145661e-13,5.801371659e-14,4.502937942e-14,1.931343546e-13,1.196355394e-13,1.273930622e-13,3.254920396e-13,1.551121819e-13,1.917445804e-13,5.288500608e-13,2.861503514e-13,3.457118406e-13,2.757338235e-13,3.625475077e-13,1.376550035e-13,4.35906334e-13,2.563165946e-13,5.923922301e-14,1.169521153e-13,2.348244584e-14,7.867662126e-14,1.928037124e-13,1.037708954e-13,1.74612223e-13,7.30548667e-14,8.384281076e-14,3.091891305e-13,7.514813542e-14
78.5234375,3.773014585e-13,2.466706657e-13,4.967988895e-13,2.329451307e-13,4.253252406e-13,5.950233489e-14,4.553952154e-14,1.928584186e-13,1.189976596e-13,1.28385121e-13,3.236638029e-13,1.568373547e-13,1.92796932e-13,5.326953049e-13,2.873864993e-13,3.441378077e-13,2.74635974e-13,3.628011546e-13,1.391708265e-13,4.364933509e-13,2.579622022e-13,5.98851392e-14,1.167803181e-13,2.334236847e-14,7.770048426e-14,1.92802029e-13,1.049896919e-13,1.760623133e-13,7.279532736e-14,8.456291038e-14,3.106570255e-13,7.444597636e-14
78.53125,3.785908689e-13,2.433068848e-13,4.972523574e-13,2.287276754e-13,4.295420477e-13,6.092143615e-14,4.603565656e-14,1.925282483e-13,1.183126434e-13,1.294036333e-13,3.216856825e-13,1.584269062e-13,1.936896747e-13,5.359815343e-13,2.882376979e-13,3.422888904e-13,2.733325009e-13,3.627006848e-13,1.406235529e-13,4.372492039e-13,2.594309612e-13,6.049559931e-14,1.165944284e-13,2.324996445e-14,7.665344227e-14,1.926580958e-13,1.06129279e-13,1.773678235e-13,7.253944826e-14,8.524751623e-14,3.119029991e-13,7.374766614e-14
78.5390625,3.796186889e-13,2.396298453e-13,4.978709366e-13,2.244397818e-13,4.336099175e-13,6.241156872e-14,4.653965874e-14,1.921245562e-13,1.175810682e-13,1.304556918e-13,3.197035441e-13,1.59994381e-13,1.945506397e-13,5.390015889e-13,2.888488478e-13,3.401250133e-13,2.720035354e-13,3.623871944e-13,1.420752211e-13,4.3793805e-13,2.608739803e-13,6.107378341e-14,1.163704213e-13,2.314527833e-14,7.559751434e-14,1.923444351e-13,1.072093247e-13,1.786406853e-13,7.231519103e-14,8.591792366e-14,3.130885465e-13,7.30650116e-14
78.546875,3.805810722e-13,2.357803725e-13,4.98652181e-13,2.204983496e-13,4.375067468e-13,6.399148647e-14,4.706681322e-14,1.916384093e-13,1.168396207e-13,1.315029177e-13,3.176218395e-13,1.615706441e-13,1.953721832e-13,5.418872998e-13,2.894347031e-13,3.377238577e-13,2.707441424e-13,3.618901937e-13,1.435744982e-13,4.384451808e-13,2.623014539e-13,6.165362215e-14,1.1615032e-13,2.297217933e-14,7.455571268e-14,1.91979849e-13,1.083010714e-13,1.79869824e-13,7.218717206e-14,8.659053757e-14,3.143286839e-13,7.239921306e-14
78.5546875,3.817172742e-13,2.32182042e-13,4.992521735e-13,2.164996317e-13,4.411512789e-13,6.551170747e-14,4.758325834e-14,1.911121164e-13,1.161345529e-13,1.325834541e-13,3.15312904e-13,1.631019989e-13,1.960427984e-13,5.444158828e-13,2.899469959e-13,3.35183719e-13,2.693276392e-13,3.611128647e-13,1.450939205e-13,4.388850197e-13,2.635933914e-13,6.225365845e-14,1.159418066e-13,2.282210009e-14,7.349076103e-14,1.916710627e-13,1.094062588e-13,1.810259231e-13,7.21379945e-14,8.722694024e-14,3.155126373e-13,7.177674214e-14
78.5625,3.828649701e-13,2.287896301e-13,4.99535669e-13,2.121890188e-13,4.44518809e-13,6.699918527e-14,4.811389523e-14,1.905710006e-13,1.154577463e-13,1.337636771e-13,3.128582392e-13,1.645684725e-13,1.966303497e-13,5.465721194e-13,2.903736601e-13,3.327029778e-13,2.67899488e-13,3.60213421e-13,1.465798746e-13,4.392751677e-13,2.647196667e-13,6.286096873e-14,1.157237445e-13,2.274054415e-14,7.2421389e-14,1.912825229e-13,1.105383287e-13,1.822203131e-13,7.213977354e-14,8.779345769e-14,3.165400737e-13,7.119978342e-14
78.5703125,3.836976362e-13,2.252126831e-13,4.997655843e-13,2.079095188e-13,4.474889432e-13,6.850473078e-14,4.870365858e-14,1.899873752e-13,1.147353803e-13,1.350417481e-13,3.104338425e-13,1.659214755e-13,1.971470672e-13,5.483539278e-13,2.90703284e-13,3.30374348e-13,2.667547676e-13,3.593112809e-13,1.480244599e-13,4.396361971e-13,2.657214683e-13,6.344495234e-14,1.155035e-13,2.26607908e-14,7.138024945e-14,1.906857048e-13,1.116589297e-13,1.834472436e-13,7.222567385e-14,8.833991388e-14,3.173993687e-13,7.06018938e-14
78.578125,3.842811721e-13,2.214910795e-13,5.001974444e-13,2.038104212e-13,4.501696654e-13,6.999367386e-14,4.928184195e-14,1.89342894e-13,1.139450415e-13,1.363379875e-13,3.080822686e-13,1.671569346e-13,1.975247011e-13,5.497317191e-13,2.908211203e-13,3.279902569e-13,2.656505386e-13,3.582465175e-13,1.494467761e-13,4.399982535e-13,2.666219478e-13,6.400556865e-14,1.153170806e-13,2.256633162e-14,7.033546455e-14,1.899944173e-13,1.127141124e-13,1.845509444e-13,7.243032092e-14,8.890073005e-14,3.181066564e-13,6.995902173e-14
78.5859375,3.848925003e-13,2.179539662e-13,5.006820719e-13,1.999372755e-13,4.528500143e-13,7.156578283e-14,4.98007243e-14,1.886461884e-13,1.131265463e-13,1.375613525e-13,3.056645341e-13,1.683447498e-13,1.978757347e-13,5.509561802e-13,2.908596959e-13,3.254860605e-13,2.643431296e-13,3.569547516e-13,1.508429576e-13,4.401783779e-13,2.67412839e-13,6.456797862e-14,1.151648311e-13,2.248327021e-14,6.926655873e-14,1.892997804e-13,1.137873348e-13,1.855734673e-13,7.272370066e-14,8.942440352e-14,3.187045244e-13,6.933428528e-14
78.59375,3.855557444e-13,2.145805528e-13,5.009630555e-13,1.962998539e-13,4.553560057e-13,7.324600049e-14,5.032952354e-14,1.878772602e-13,1.122845219e-13,1.387348147e-13,3.030713198e-13,1.694643428e-13,1.982234527e-13,5.520706919e-13,2.909831254e-13,3.229397203e-13,2.629555839e-13,3.554711015e-13,1.521941937e-13,4.400703338e-13,2.68081498e-13,6.511751241e-14,1.149879428e-13,2.240341108e-14,6.817956012e-14,1.885115078e-13,1.148893275e-13,1.866474143e-13,7.301513084e-14,8.988918519e-14,3.191950686e-13,6.874578721e-14
78.6015625,3.861142777e-13,2.110531985e-13,5.011818555e-13,1.92551934e-13,4.573768689e-13,7.488510501e-14,5.08956626e-14,1.870491821e-13,1.11426556e-13,1.399802742e-13,3.003540268e-13,1.70497293e-13,1.984399935e-13,5.527743143e-13,2.910006989e-13,3.201663413e-13,2.614888866e-13,3.537693134e-13,1.534930937e-13,4.397889984e-13,2.686629374e-13,6.561812299e-14,1.147779822e-13,2.233070697e-14,6.707019572e-14,1.875612349e-13,1.15875717e-13,1.876805184e-13,7.328946383e-14,9.031739698e-14,3.19585843e-13,6.815484053e-14
78.609375,3.865627858e-13,2.073875057e-13,5.016227477e-13,1.886148087e-13,4.591328635e-13,7.656428957e-14,5.147319e-14,1.862280667e-13,1.106048336e-13,1.41308168e-13,2.976072674e-13,1.715660519e-13,1.986347378e-13,5.531249325e-13,2.908160155e-13,3.171343318e-13,2.59932821e-13,3.519756683e-13,1.547726219e-13,4.393374265e-13,2.692059945e-13,6.609437644e-14,1.14598697e-13,2.227056219e-14,6.59633349e-14,1.864926344e-13,1.167337845e-13,1.886876754e-13,7.36591182e-14,9.070933597e-14,3.199938465e-13,6.757835785e-14
78.6171875,3.869965042e-13,2.03957858e-13,5.021155723e-13,1.848781622e-13,4.607395951e-13,7.840479701e-14,5.206032223e-14,1.853717203e-13,1.09802396e-13,1.426013028e-13,2.948635962e-13,1.726421683e-13,1.988775724e-13,5.532555719e-13,2.905469958e-13,3.141509967e-13,2.584484904e-13,3.501799082e-13,1.560289855e-13,4.387377951e-13,2.6967151e-13,6.658389781e-14,1.144494027e-13,2.219811046e-14,6.487191888e-14,1.85371962e-13,1.17514839e-13,1.898697198e-13,7.413684717e-14,9.108999502e-14,3.203805099e-13,6.705182079e-14
78.625,3.873019102e-13,2.007256742e-13,5.023294942e-13,1.813215177e-13,4.617547789e-13,8.017415295e-14,5.263909037e-14,1.8440069e-13,1.08925718e-13,1.438602586e-13,2.921184437e-13,1.734881217e-13,1.989297959e-13,5.5280161e-13,2.900814263e-13,3.112625198e-13,2.570227822e-13,3.481954885e-13,1.571412549e-13,4.381921709e-13,2.700048998e-13,6.704028556e-14,1.142880598e-13,2.211775791e-14,6.376663053e-14,1.842248013e-13,1.182105028e-13,1.910633435e-13,7.462932144e-14,9.14803669e-14,3.20490384e-13,6.656153321e-14
78.6328125,3.873916303e-13,1.973381191e-13,5.024859774e-13,1.776763421e-13,4.621620256e-13,8.17865116e-14,5.32053394e-14,1.833824828e-13,1.079772093e-13,1.45198144e-13,2.893877813e-13,1.741529398e-13,1.987898921e-13,5.517129909e-13,2.893488003e-13,3.083301239e-13,2.556580895e-13,3.460154637e-13,1.581152116e-13,4.376872439e-13,2.702966371e-13,6.742939682e-14,1.141343724e-13,2.204899125e-14,6.266872269e-14,1.830200825e-13,1.189463912e-13,1.92065605e-13,7.520884571e-14,9.184604696e-14,3.20402237e-13,6.608787971e-14
78.640625,3.876002509e-13,1.939544128e-13,5.02946135e-13,1.741745321e-13,4.626386115e-13,8.354934048e-14,5.378975599e-14,1.823596386e-13,1.070557923e-13,1.465965418e-13,2.866693235e-13,1.749418484e-13,1.987134206e-13,5.506060062e-13,2.886207153e-13,3.054256426e-13,2.545715138e-13,3.43857695e-13,1.591922265e-13,4.370329253e-13,2.706398774e-13,6.782901335e-14,1.139969082e-13,2.196734815e-14,6.160673602e-14,1.817236569e-13,1.197887574e-13,1.93193355e-13,7.594099331e-14,9.219486945e-14,3.204665477e-13,6.56053229e-14
78.6484375,3.881087632e-13,1.908232793e-13,5.035050661e-13,1.710620875e-13,4.633568885e-13,8.552711818e-14,5.438415394e-14,1.812816077e-13,1.061767154e-13,1.479667062e-13,2.838873279e-13,1.758304816e-13,1.986661221e-13,5.496496142e-13,2.880387507e-13,3.026281086e-13,2.53746435e-13,3.416802984e-13,1.604155054e-13,4.362943748e-13,2.708895603e-13,6.827873095e-14,1.138582743e-13,2.186408914e-14,6.053908618e-14,1.803635027e-13,1.205526296e-13,1.945976929e-13,7.666457675e-14,9.256385743e-14,3.206157317e-13,6.509803353e-14
78.65625,3.884675541e-13,1.87688856e-13,5.039580974e-13,1.681479701e-13,4.637637252e-13,8.748139783e-14,5.498082786e-14,1.801959006e-13,1.052760634e-13,1.49344491e-13,2.810061401e-13,1.765677783e-13,1.985416394e-13,5.483993558e-13,2.874692612e-13,2.999652949e-13,2.529664345e-13,3.393902794e-13,1.615331651e-13,4.35647053e-13,2.708518506e-13,6.869611492e-14,1.137410748e-13,2.178077311e-14,5.94666162e-14,1.789951627e-13,1.212208663e-13,1.95954089e-13,7.737373541e-14,9.292160349e-14,3.206034939e-13,6.463125872e-14
78.6640625,3.8836673e-13,1.844333662e-13,5.045231765e-13,1.652918175e-13,4.635986177e-13,8.93972168e-14,5.561265488e-14,1.791144838e-13,1.043302497e-13,1.50775412e-13,2.780544381e-13,1.771480603e-13,1.984499635e-13,5.467518353e-13,2.868536888e-13,2.974966727e-13,2.522076351e-13,3.37075821e-13,1.624558067e-13,4.350361758e-13,2.705709499e-13,6.90323792e-14,1.136212273e-13,2.173528105e-14,5.843587474e-14,1.776325069e-13,1.219587796e-13,1.971582887e-13,7.827669947e-14,9.324301477e-14,3.205309924e-13,6.424566772e-14
78.671875,3.880259093e-13,1.812624617e-13,5.051613826e-13,1.625127073e-13,4.629925082e-13,9.137908995e-14,5.628625239e-14,1.779263164e-13,1.033351654e-13,1.522015479e-13,2.750026437e-13,1.776553428e-13,1.983808645e-13,5.448399374e-13,2.861994937e-13,2.951577861e-13,2.5149138e-13,3.346380127e-13,1.632869678e-13,4.342479293e-13,2.701893165e-13,6.931609945e-14,1.134428327e-13,2.170359398e-14,5.742751292e-14,1.762450206e-13,1.226820322e-13,1.98296869e-13,7.930955657e-14,9.354178826e-14,3.20459641e-13,6.386383639e-14
78.6796875,3.876272349e-13,1.782365325e-13,5.056113051e-13,1.597945223e-13,4.619376299e-13,9.336956127e-14,5.69857348e-14,1.766623173e-13,1.023034588e-13,1.535770873e-13,2.718884824e-13,1.780610064e-13,1.98221674e-13,5.424900798e-13,2.854294455e-13,2.928613193e-13,2.507750275e-13,3.319309629e-13,1.640524888e-13,4.332627565e-13,2.697461981e-13,6.95674778e-14,1.132755839e-13,2.166199982e-14,5.642667544e-14,1.748172347e-13,1.232570051e-13,1.993764199e-13,8.028553256e-14,9.380560196e-14,3.202751012e-13,6.346592423e-14
78.6875,3.872075015e-13,1.753499864e-13,5.060354004e-13,1.572669048e-13,4.604725338e-13,9.535001408e-14,5.768467446e-14,1.754063459e-13,1.012954805e-13,1.549154546e-13,2.688580929e-13,1.78390341e-13,1.980336375e-13,5.396441993e-13,2.844860619e-13,2.9061415e-13,2.500941503e-13,3.291500969e-13,1.647384225e-13,4.323913828e-13,2.692088981e-13,6.980306162e-14,1.132035536e-13,2.16047756e-14,5.545851598e-14,1.73378742e-13,1.237717699e-13,2.005266799e-13,8.130806116e-14,9.404503041e-14,3.200669695e-13,6.312501007e-14
78.6953125,3.867255082e-13,1.725140727e-13,5.066561109e-13,1.550259045e-13,4.587409984e-13,9.739654747e-14,5.83465726e-14,1.740732966e-13,1.003012215e-13,1.562640016e-13,2.658621254e-13,1.786814417e-13,1.978550318e-13,5.365537361e-13,2.834382879e-13,2.883772991e-13,2.494831651e-13,3.264684134e-13,1.65320324e-13,4.317077552e-13,2.685132983e-13,7.001818383e-14,1.131595054e-13,2.15445368e-14,5.4500185e-14,1.719437242e-13,1.242926065e-13,2.017234126e-13,8.247765948e-14,9.429537817e-14,3.198971015e-13,6.281347336e-14
78.703125,3.86011736e-13,1.69559166e-13,5.073687708e-13,1.528987452e-13,4.56679073e-13,9.949789512e-14,5.900972924e-14,1.726408586e-13,9.924328144e-14,1.576962605e-13,2.627357073e-13,1.78907285e-13,1.976168293e-13,5.332832136e-13,2.824232057e-13,2.861924664e-13,2.489500268e-13,3.237488972e-13,1.65778363e-13,4.30807126e-13,2.676415231e-13,7.017915804e-14,1.13067727e-13,2.149036122e-14,5.353530162e-14,1.704920741e-13,1.248099377e-13,2.027796296e-13,8.369376211e-14,9.454846517e-14,3.196392141e-13,6.247424578e-14
78.7109375,3.852150099e-13,1.66644467e-13,5.08113969e-13,1.508815904e-13,4.543081455e-13,1.016179724e-13,5.973415093e-14,1.712197267e-13,9.816001697e-14,1.592156514e-13,2.594973479e-13,1.791045133e-13,1.973618492e-13,5.298035104e-13,2.814976582e-13,2.842693624e-13,2.485666475e-13,3.208964725e-13,1.662177142e-13,4.296844352e-13,2.666711546e-13,7.031552615e-14,1.129581914e-13,2.144509399e-14,5.260541206e-14,1.69046032e-13,1.253368489e-13,2.038683465e-13,8.496154655e-14,9.480189193e-14,3.193714177e-13,6.217366862e-14
78.71875,3.846192536e-13,1.639975668e-13,5.088961919e-13,1.491301102e-13,4.518348545e-13,1.037598881e-13,6.046798629e-14,1.698117677e-13,9.712425952e-14,1.607282086e-13,2.5617634e-13,1.792899392e-13,1.971577524e-13,5.262846939e-13,2.805944708e-13,2.826558921e-13,2.483546354e-13,3.180229376e-13,1.666795333e-13,4.28769641e-13,2.656243e-13,7.046652555e-14,1.128796915e-13,2.142567608e-14,5.172582904e-14,1.676463406e-13,1.25831535e-13,2.050672096e-13,8.636816421e-14,9.505569063e-14,3.192463143e-13,6.194206167e-14
78.7265625,3.838986636e-13,1.614956625e-13,5.096402916e-13,1.474934706e-13,4.490921979e-13,1.058918172e-13,6.116687559e-14,1.683666736e-13,9.608071245e-14,1.621624864e-13,2.527531212e-13,1.793701816e-13,1.969542983e-13,5.227003914e-13,2.796335289e-13,2.81160717e-13,2.481934455e-13,3.151771567e-13,1.669834728e-13,4.278535796e-13,2.644560343e-13,7.056872715e-14,1.128457873e-13,2.142045652e-14,5.087341218e-14,1.662549776e-13,1.262584029e-13,2.060322957e-13,8.787942373e-14,9.525622745e-14,3.191279221e-13,6.169734041e-14
78.734375,3.827485384e-13,1.58985169e-13,5.104131681e-13,1.45915172e-13,4.458142404e-13,1.080207369e-13,6.189578592e-14,1.6691946e-13,9.500752131e-14,1.635239569e-13,2.493330623e-13,1.79329812e-13,1.967157031e-13,5.187638928e-13,2.785836871e-13,2.796790661e-13,2.479529129e-13,3.121805165e-13,1.670625921e-13,4.265139029e-13,2.63207503e-13,7.058124321e-14,1.128138316e-13,2.139124042e-14,5.002208061e-14,1.648059135e-13,1.266336544e-13,2.068113082e-13,8.946115156e-14,9.539010211e-14,3.188488082e-13,6.142830107e-14
78.7421875,3.815428512e-13,1.564584809e-13,5.113226458e-13,1.446842041e-13,4.422871447e-13,1.102129448e-13,6.267574447e-14,1.654923487e-13,9.398604268e-14,1.648511584e-13,2.459331843e-13,1.792543906e-13,1.964550122e-13,5.144997054e-13,2.774916905e-13,2.783165998e-13,2.476721269e-13,3.089195613e-13,1.67093116e-13,4.251164319e-13,2.619220919e-13,7.05754534e-14,1.127248203e-13,2.136455054e-14,4.916198305e-14,1.633091399e-13,1.269422887e-13,2.077281025e-13,9.112831249e-14,9.550533798e-14,3.184841758e-13,6.12004837e-14
78.75,3.804176218e-13,1.540168178e-13,5.122996409e-13,1.437459839e-13,4.387542673e-13,1.124596112e-13,6.344955934e-14,1.640408073e-13,9.299109546e-14,1.661402e-13,2.424469198e-13,1.791664856e-13,1.961421359e-13,5.10162757e-13,2.764869441e-13,2.771983343e-13,2.475540632e-13,3.056421654e-13,1.671478039e-13,4.240034455e-13,2.605668926e-13,7.059198569e-14,1.126211449e-13,2.137131081e-14,4.833912522e-14,1.618363229e-13,1.272149205e-13,2.086195535e-13,9.287371013e-14,9.560808027e-14,3.181796612e-13,6.101180988e-14
78.7578125,3.790922373e-13,1.517857659e-13,5.133042421e-13,1.42778887e-13,4.349091195e-13,1.147377577e-13,6.422104955e-14,1.625132015e-13,9.191787893e-14,1.673563197e-13,2.389578245e-13,1.790254246e-13,1.957549595e-13,5.057422348e-13,2.756174781e-13,2.763390459e-13,2.477347267e-13,3.025689032e-13,1.671046641e-13,4.228510579e-13,2.591468487e-13,7.058415198e-14,1.125766699e-13,2.135117633e-14,4.759188452e-14,1.604519919e-13,1.275136148e-13,2.093300293e-13,9.475157582e-14,9.570439181e-14,3.179138647e-13,6.082691685e-14
78.765625,3.777666258e-13,1.495858204e-13,5.144201964e-13,1.41889885e-13,4.306472305e-13,1.170974754e-13,6.504619655e-14,1.609189682e-13,9.079839968e-14,1.685751871e-13,2.35561076e-13,1.788156473e-13,1.953534177e-13,5.011807273e-13,2.748359121e-13,2.75778208e-13,2.482014035e-13,2.995493478e-13,1.669219234e-13,4.214980498e-13,2.576694016e-13,7.052339587e-14,1.125534938e-13,2.129182323e-14,4.688720408e-14,1.591503087e-13,1.278100792e-13,2.101048572e-13,9.683118635e-14,9.582484673e-14,3.175808659e-13,6.066478754e-14
78.7734375,3.767348068e-13,1.472645879e-13,5.157415443e-13,1.412582695e-13,4.263035853e-13,1.195347975e-13,6.593343422e-14,1.593285381e-13,8.9734008e-14,1.698911448e-13,2.321613077e-13,1.785831368e-13,1.949936214e-13,4.966555663e-13,2.742391603e-13,2.756607815e-13,2.489408853e-13,2.96476387e-13,1.667107591e-13,4.201212901e-13,2.561044183e-13,7.044256004e-14,1.124969724e-13,2.12728039e-14,4.621405603e-14,1.5785895e-13,1.280958341e-13,2.109875768e-13,9.903316536e-14,9.593509432e-14,3.172852394e-13,6.056001133e-14
78.78125,3.756725325e-13,1.451252888e-13,5.173433045e-13,1.406855643e-13,4.219297707e-13,1.219874362e-13,6.685229471e-14,1.577486989e-13,8.870136056e-14,1.712037066e-13,2.287650628e-13,1.783551765e-13,1.946122596e-13,4.921979906e-13,2.739469072e-13,2.759991182e-13,2.498755845e-13,2.933823357e-13,1.665047508e-13,4.187206086e-13,2.544782178e-13,7.036546551e-14,1.124136953e-13,2.128497139e-14,4.558072536e-14,1.565382208e-13,1.284014867e-13,2.117858282e-13,1.012545346e-13,9.600315361e-14,3.171743432e-13,6.050396412e-14
78.7890625,3.742688094e-13,1.432402263e-13,5.191393311e-13,1.400780016e-13,4.172585875e-13,1.244400588e-13,6.779334192e-14,1.561135618e-13,8.761241887e-14,1.724248411e-13,2.254384581e-13,1.780471167e-13,1.941134874e-13,4.875547025e-13,2.737772134e-13,2.765551601e-13,2.507824135e-13,2.901093339e-13,1.66184836e-13,4.171946221e-13,2.527873437e-13,7.024972894e-14,1.122955895e-13,2.127600075e-14,4.493085233e-14,1.551852576e-13,1.286659129e-13,2.124991353e-13,1.035356654e-13,9.606842333e-14,3.170720404e-13,6.045465823e-14
78.796875,3.727068276e-13,1.412714317e-13,5.208801872e-13,1.396196355e-13,4.121994936e-13,1.26881829e-13,6.876879679e-14,1.544401934e-13,8.648427957e-14,1.736451443e-13,2.220545869e-13,1.776076333e-13,1.935214972e-13,4.826026107e-13,2.734969054e-13,2.77133896e-13,2.515740155e-13,2.86610292e-13,1.656930644e-13,4.154532496e-13,2.509662709e-13,7.005659031e-14,1.121534858e-13,2.12881988e-14,4.425206175e-14,1.537654534e-13,1.28840095e-13,2.131770391e-13,1.059229213e-13,9.612346564e-14,3.168485284e-13,6.039314206e-14
78.8046875,3.711581006e-13,1.39228164e-13,5.225463202e-13,1.39384891e-13,4.068317525e-13,1.293204665e-13,6.978439749e-14,1.528072831e-13,8.539780862e-14,1.748733825e-13,2.185413003e-13,1.771341699e-13,1.929019294e-13,4.774625368e-13,2.7321412e-13,2.778209955e-13,2.524151626e-13,2.831077831e-13,1.650790583e-13,4.134797468e-13,2.490842586e-13,6.98169231e-14,1.120408827e-13,2.132545974e-14,4.36235758e-14,1.522995329e-13,1.289561233e-13,2.137479411e-13,1.083676232e-13,9.612208378e-14,3.167354466e-13,6.035657967e-14
78.8125,3.695329899e-13,1.373117518e-13,5.244253753e-13,1.393446762e-13,4.012594229e-13,1.318183595e-13,7.085305274e-14,1.51215651e-13,8.434905827e-14,1.760438761e-13,2.150237349e-13,1.766927955e-13,1.922672186e-13,4.722952402e-13,2.731564082e-13,2.788237145e-13,2.534465083e-13,2.796351585e-13,1.643485869e-13,4.114963545e-13,2.472763298e-13,6.955016702e-14,1.119578798e-13,2.13145218e-14,4.306529561e-14,1.50901545e-13,1.290335006e-13,2.142032358e-13,1.108772413e-13,9.609714048e-14,3.168223517e-13,6.038689878e-14
78.8203125,3.678194682e-13,1.354744362e-13,5.266361791e-13,1.394592758e-13,3.955655238e-13,1.343541653e-13,7.198687897e-14,1.496193149e-13,8.328689285e-14,1.771923004e-13,2.115699913e-13,1.762461449e-13,1.916617768e-13,4.672394952e-13,2.733264638e-13,2.801856749e-13,2.547125643e-13,2.761544851e-13,1.635196009e-13,4.096318994e-13,2.455372427e-13,6.923341275e-14,1.11880532e-13,2.127058818e-14,4.254645352e-14,1.496202426e-13,1.291073788e-13,2.146473487e-13,1.135617392e-13,9.609316043e-14,3.16930922e-13,6.047269047e-14
78.828125,3.661901715e-13,1.337042819e-13,5.290230506e-13,1.395778047e-13,3.897200513e-13,1.36863117e-13,7.314653751e-14,1.480079434e-13,8.222566423e-14,1.78282195e-13,2.081768677e-13,1.757827201e-13,1.911303185e-13,4.623307298e-13,2.735954185e-13,2.81788099e-13,2.562949368e-13,2.728399779e-13,1.626712234e-13,4.077654852e-13,2.43814592e-13,6.887765645e-14,1.118137059e-13,2.124912931e-14,4.208955088e-14,1.484210632e-13,1.29201553e-13,2.151465217e-13,1.164531243e-13,9.609971491e-14,3.170718197e-13,6.058251632e-14
78.8359375,3.646509407e-13,1.320159922e-13,5.315828366e-13,1.397151333e-13,3.837460384e-13,1.394430986e-13,7.428850859e-14,1.463923476e-13,8.119298852e-14,1.792279425e-13,2.048772302e-13,1.753194521e-13,1.906248852e-13,4.57458808e-13,2.739212113e-13,2.836005736e-13,2.582089759e-13,2.696939067e-13,1.617856134e-13,4.058884628e-13,2.420651011e-13,6.850227759e-14,1.117319332e-13,2.123750148e-14,4.170354771e-14,1.472757204e-13,1.292604864e-13,2.1566832e-13,1.194549099e-13,9.610980822e-14,3.173594142e-13,6.071179265e-14
78.84375,3.629043687e-13,1.302736493e-13,5.344008347e-13,1.401662595e-13,3.777501839e-13,1.42184757e-13,7.54443038e-14,1.447910485e-13,8.015602851e-14,1.801003182e-13,2.016296841e-13,1.748386365e-13,1.900912323e-13,4.525212114e-13,2.743688821e-13,2.857097586e-13,2.602550796e-13,2.664842045e-13,1.607683712e-13,4.039377937e-13,2.401960311e-13,6.808425892e-14,1.116232018e-13,2.124202554e-14,4.134514929e-14,1.461222845e-13,1.292708664e-13,2.16118749e-13,1.225094546e-13,9.609854643e-14,3.177059757e-13,6.08610308e-14
78.8515625,3.607860104e-13,1.284777386e-13,5.372302731e-13,1.408956257e-13,3.715783366e-13,1.449135489e-13,7.665925916e-14,1.432353446e-13,7.908338256e-14,1.809524416e-13,1.982972929e-13,1.742928072e-13,1.894997954e-13,4.474487979e-13,2.749708537e-13,2.881229441e-13,2.621650352e-13,2.631160556e-13,1.595910221e-13,4.016959695e-13,2.382145911e-13,6.760281215e-14,1.115332823e-13,2.12991783e-14,4.099990577e-14,1.449283004e-13,1.292672405e-13,2.163783293e-13,1.256501692e-13,9.601683162e-14,3.180108453e-13,6.102321571e-14
78.859375,3.585628648e-13,1.268106475e-13,5.39902879e-13,1.414882164e-13,3.650742321e-13,1.474724056e-13,7.793615798e-14,1.41718967e-13,7.80072693e-14,1.817502972e-13,1.948131462e-13,1.736644359e-13,1.888190873e-13,4.422318262e-13,2.756656327e-13,2.908164215e-13,2.639194802e-13,2.596395078e-13,1.582673721e-13,3.993391009e-13,2.362835322e-13,6.706947682e-14,1.114687732e-13,2.139302681e-14,4.069406955e-14,1.437944921e-13,1.292330783e-13,2.164265524e-13,1.289008989e-13,9.58880363e-14,3.183774386e-13,6.121893961e-14
78.8671875,3.565707802e-13,1.253619359e-13,5.428590415e-13,1.419764453e-13,3.585063606e-13,1.50044912e-13,7.927854276e-14,1.401798076e-13,7.697993109e-14,1.825351136e-13,1.912918387e-13,1.730472912e-13,1.881141347e-13,4.370890406e-13,2.764901655e-13,2.938821464e-13,2.658356765e-13,2.561889388e-13,1.56850889e-13,3.972331876e-13,2.345179223e-13,6.652457681e-14,1.114168049e-13,2.149101531e-14,4.045141574e-14,1.427913493e-13,1.292062454e-13,2.164479153e-13,1.322928646e-13,9.578222943e-14,3.189783423e-13,6.149033884e-14
78.875,3.547723365e-13,1.240811559e-13,5.465092569e-13,1.427544531e-13,3.519923553e-13,1.528501401e-13,8.068123789e-14,1.385950949e-13,7.599182414e-14,1.833225502e-13,1.879458884e-13,1.72562921e-13,1.87506318e-13,4.322362491e-13,2.776409444e-13,2.973864565e-13,2.682002697e-13,2.52895186e-13,1.554364463e-13,3.952959618e-13,2.328997672e-13,6.599470601e-14,1.11410681e-13,2.158210254e-14,4.027227213e-14,1.418759198e-13,1.292710849e-13,2.166185021e-13,1.359038524e-13,9.572525959e-14,3.198524574e-13,6.184420301e-14
78.8828125,3.529205834e-13,1.228700072e-13,5.506577858e-13,1.437598934e-13,3.452430727e-13,1.558092433e-13,8.211690911e-14,1.370036118e-13,7.498392043e-14,1.84079519e-13,1.848124149e-13,1.721992888e-13,1.869951587e-13,4.275880918e-13,2.791658329e-13,3.012614116e-13,2.709640361e-13,2.496839119e-13,1.540457904e-13,3.932902396e-13,2.31305218e-13,6.544148278e-14,1.114376633e-13,2.166096398e-14,4.014041719e-14,1.410462316e-13,1.294030635e-13,2.168514134e-13,1.397389125e-13,9.57165299e-14,3.209340836e-13,6.223704085e-14
78.890625,3.510425467e-13,1.216572881e-13,5.54992293e-13,1.447313872e-13,3.382913779e-13,1.58797334e-13,8.359678501e-14,1.354159352e-13,7.393826052e-14,1.848157621e-13,1.816806172e-13,1.718524713e-13,1.864713373e-13,4.230653159e-13,2.809284957e-13,3.054876623e-13,2.740327456e-13,2.46486799e-13,1.526416022e-13,3.91176819e-13,2.295690467e-13,6.484095849e-14,1.114390071e-13,2.174226838e-14,4.00655334e-14,1.403125052e-13,1.295825748e-13,2.169372161e-13,1.437066229e-13,9.572491231e-14,3.221901097e-13,6.262649822e-14
78.8984375,3.493099788e-13,1.204483447e-13,5.594421576e-13,1.458186009e-13,3.313654906e-13,1.618368289e-13,8.514492448e-14,1.338434469e-13,7.287338411e-14,1.854416458e-13,1.78451669e-13,1.714371125e-13,1.85866174e-13,4.187120922e-13,2.829447814e-13,3.101666891e-13,2.774671728e-13,2.433837317e-13,1.512175923e-13,3.889922132e-13,2.276953126e-13,6.423019764e-14,1.114102527e-13,2.183522543e-14,4.006569688e-14,1.396291079e-13,1.298904675e-13,2.168252464e-13,1.477733975e-13,9.569601685e-14,3.235950494e-13,6.303243629e-14
78.90625,3.475625915e-13,1.192786488e-13,5.64123189e-13,1.471628543e-13,3.243145396e-13,1.648793e-13,8.67205686e-14,1.323319484e-13,7.179678868e-14,1.858908768e-13,1.753120506e-13,1.709626533e-13,1.85261671e-13,4.144114574e-13,2.853074267e-13,3.153449261e-13,2.811743711e-13,2.403191481e-13,1.497622037e-13,3.869046692e-13,2.258631002e-13,6.360095029e-14,1.113691606e-13,2.192156473e-14,4.011340809e-14,1.390382566e-13,1.3034286e-13,2.166568641e-13,1.520163694e-13,9.565691899e-14,3.251651869e-13,6.352060145e-14
78.9140625,3.45612151e-13,1.181193284e-13,5.693048324e-13,1.485319347e-13,3.17083028e-13,1.678563166e-13,8.829083458e-14,1.3085301e-13,7.073259676e-14,1.863385761e-13,1.723896701e-13,1.705676106e-13,1.847992163e-13,4.101169142e-13,2.879130852e-13,3.209734026e-13,2.850217798e-13,2.372187592e-13,1.482589148e-13,3.850415461e-13,2.241297002e-13,6.292487204e-14,1.113472555e-13,2.20147194e-14,4.019845482e-14,1.386238443e-13,1.308922512e-13,2.165313488e-13,1.565502161e-13,9.567060664e-14,3.270589367e-13,6.409584652e-14
78.921875,3.436053966e-13,1.16933166e-13,5.749859939e-13,1.498053815e-13,3.098383553e-13,1.708957975e-13,8.991913298e-14,1.293598764e-13,6.968964036e-14,1.868503347e-13,1.695757846e-13,1.70309795e-13,1.844271535e-13,4.059983975e-13,2.906668128e-13,3.270190123e-13,2.891992494e-13,2.341810037e-13,1.467111049e-13,3.831933942e-13,2.224112332e-13,6.223379684e-14,1.114112271e-13,2.214929809e-14,4.03643995e-14,1.383061078e-13,1.315293353e-13,2.163530363e-13,1.613867066e-13,9.570241749e-14,3.293008771e-13,6.467769034e-14
78.9296875,3.415556626e-13,1.157944707e-13,5.80801915e-13,1.511388373e-13,3.024458978e-13,1.7407762e-13,9.165837241e-14,1.279256399e-13,6.862735118e-14,1.872561414e-13,1.667663691e-13,1.700430122e-13,1.839898073e-13,4.020073772e-13,2.9364134e-13,3.334396568e-13,2.937880722e-13,2.311737045e-13,1.450923949e-13,3.811608482e-13,2.207055436e-13,6.151922905e-14,1.115444393e-13,2.230584435e-14,4.060601447e-14,1.379603239e-13,1.321989771e-13,2.160395027e-13,1.663474494e-13,9.571000511e-14,3.316326111e-13,6.523292897e-14
78.9375,3.392860397e-13,1.147257184e-13,5.867824049e-13,1.525219699e-13,2.948613917e-13,1.772604225e-13,9.345163489e-14,1.26590916e-13,6.755276047e-14,1.875670236e-13,1.639758395e-13,1.697254772e-13,1.835213077e-13,3.980301686e-13,2.96887409e-13,3.401992569e-13,2.984917759e-13,2.280718375e-13,1.433889542e-13,3.790579986e-13,2.190705485e-13,6.073776547e-14,1.116547466e-13,2.244649257e-14,4.087471802e-14,1.376308033e-13,1.32873886e-13,2.156301206e-13,1.713660065e-13,9.572517504e-14,3.339884131e-13,6.582701639e-14
78.9453125,3.368637949e-13,1.136114837e-13,5.933443477e-13,1.538307249e-13,2.8735964e-13,1.803860032e-13,9.525419866e-14,1.252624602e-13,6.650865024e-14,1.878978718e-13,1.612592422e-13,1.695140021e-13,1.830951055e-13,3.942786028e-13,3.004699471e-13,3.474300231e-13,3.032842321e-13,2.249430078e-13,1.416454883e-13,3.770744188e-13,2.175337296e-13,5.993225628e-14,1.117509874e-13,2.257708668e-14,4.11865376e-14,1.374327367e-13,1.33707488e-13,2.150964772e-13,1.766885575e-13,9.575295807e-14,3.366276224e-13,6.650805643e-14
78.953125,3.344154597e-13,1.125425128e-13,6.00516347e-13,1.551769455e-13,2.799063973e-13,1.835673648e-13,9.712073131e-14,1.239139179e-13,6.548258351e-14,1.881470413e-13,1.587166458e-13,1.69450229e-13,1.826546206e-13,3.909102339e-13,3.045162903e-13,3.552875968e-13,3.085053494e-13,2.21888515e-13,1.398942569e-13,3.752491567e-13,2.161252484e-13,5.914991981e-14,1.118946119e-13,2.271431579e-14,4.158388397e-14,1.37385285e-13,1.34787431e-13,2.144417295e-13,1.823749471e-13,9.579315094e-14,3.396801728e-13,6.725498504e-14
78.9609375,3.320552651e-13,1.11697023e-13,6.080686147e-13,1.565922741e-13,2.724078086e-13,1.868370082e-13,9.907662098e-14,1.226111327e-13,6.448449094e-14,1.882287104e-13,1.563997017e-13,1.694548174e-13,1.82221715e-13,3.878962166e-13,3.089587639e-13,3.636361706e-13,3.142334989e-13,2.189688772e-13,1.381618086e-13,3.734050076e-13,2.148340683e-13,5.836998705e-14,1.120609274e-13,2.286136418e-14,4.206625581e-14,1.374393063e-13,1.359544481e-13,2.137809751e-13,1.881357409e-13,9.589503514e-14,3.430925964e-13,6.803938781e-14
78.96875,3.299968788e-13,1.108870408e-13,6.159753963e-13,1.578233403e-13,2.65120183e-13,1.901177263e-13,1.010746041e-13,1.213233268e-13,6.353744553e-14,1.882655468e-13,1.541677055e-13,1.695288558e-13,1.818640799e-13,3.852902329e-13,3.135995238e-13,3.722296299e-13,3.202792084e-13,2.162500509e-13,1.364767027e-13,3.713802035e-13,2.135936141e-13,5.758357841e-14,1.122326864e-13,2.302118661e-14,4.263060875e-14,1.375708149e-13,1.370939903e-13,2.130465826e-13,1.939434856e-13,9.603913852e-14,3.468169267e-13,6.885722334e-14
78.9765625,3.280937651e-13,1.099260555e-13,6.243135509e-13,1.589029101e-13,2.580323654e-13,1.93406492e-13,1.031134906e-13,1.199805194e-13,6.258098935e-14,1.883630062e-13,1.518941333e-13,1.697042296e-13,1.815437085e-13,3.830147322e-13,3.184457558e-13,3.810383709e-13,3.265255062e-13,2.13660273e-13,1.348000627e-13,3.693079076e-13,2.123796057e-13,5.679137359e-14,1.124651859e-13,2.319230926e-14,4.328077912e-14,1.377976009e-13,1.382618025e-13,2.121351917e-13,2.000387869e-13,9.616096523e-14,3.508142751e-13,6.971577128e-14
78.984375,3.260067129e-13,1.089679527e-13,6.331794826e-13,1.601399873e-13,2.508823063e-13,1.968106778e-13,1.052278392e-13,1.186548259e-13,6.160997863e-14,1.884778197e-13,1.49688347e-13,1.700108949e-13,1.812957743e-13,3.809441811e-13,3.236297454e-13,3.901554819e-13,3.329842567e-13,2.111455811e-13,1.331143521e-13,3.672954522e-13,2.111915128e-13,5.598883701e-14,1.127726673e-13,2.338103493e-14,4.400434105e-14,1.381419419e-13,1.395108523e-13,2.111883491e-13,2.064393705e-13,9.629154325e-14,3.55199266e-13,7.061589852e-14
78.9921875,3.238036138e-13,1.080729329e-13,6.425630509e-13,1.614663271e-13,2.436961054e-13,2.003416928e-13,1.074087892e-13,1.174678047e-13,6.069651332e-14,1.885268311e-13,1.476357369e-13,1.704839869e-13,1.811824883e-13,3.791918771e-13,3.291891139e-13,3.997065004e-13,3.397675711e-13,2.087568695e-13,1.314658857e-13,3.652432966e-13,2.100037051e-13,5.518235169e-14,1.131136082e-13,2.360150437e-14,4.479425536e-14,1.386119946e-13,1.408961473e-13,2.102201639e-13,2.130914642e-13,9.646199442e-14,3.60085895e-13,7.155652298e-14
79,3.215755481e-13,1.071706706e-13,6.522965204e-13,1.626595684e-13,2.364846496e-13,2.038595392e-13,1.096426668e-13,1.163908388e-13,5.979231935e-14,1.885257319e-13,1.456526555e-13,1.710575738e-13,1.810803701e-13,3.776877185e-13,3.350991382e-13,4.098549461e-13,3.469310569e-13,2.063682531e-13,1.298149681e-13,3.632060948e-13,2.088210754e-13,5.434224277e-14,1.134698813e-13,2.384471164e-14,4.564626728e-14,1.392070669e-13,1.424787948e-13,2.091001027e-13,2.200317648e-13,9.663592455e-14,3.651993561e-13,7.255772063e-14
79.0078125,3.19363924e-13,1.063105195e-13,6.625019747e-13,1.638109497e-13,2.29238114e-13,2.073767265e-13,1.119346662e-13,1.153156119e-13,5.884855932e-14,1.885552942e-13,1.438217258e-13,1.716715953e-13,1.809328286e-13,3.762879406e-13,3.413410823e-13,4.205846108e-13,3.544798327e-13,2.0393017e-13,1.281464137e-13,3.61240173e-13,2.076722682e-13,5.34698458e-14,1.138355524e-13,2.410836762e-14,4.655870893e-14,1.399194099e-13,1.442472327e-13,2.079793752e-13,2.271993788e-13,9.684359174e-14,3.703964827e-13,7.363295235e-14
79.015625,3.174231615e-13,1.054982016e-13,6.734835175e-13,1.650392702e-13,2.221970176e-13,2.110239418e-13,1.142872698e-13,1.142345789e-13,5.794707818e-14,1.885895806e-13,1.423436101e-13,1.724083121e-13,1.808778071e-13,3.752805931e-13,3.479546389e-13,4.317387228e-13,3.625119828e-13,2.017009174e-13,1.265909659e-13,3.591952791e-13,2.065833031e-13,5.264257855e-14,1.142084339e-13,2.441244195e-14,4.756202333e-14,1.407616935e-13,1.462050869e-13,2.069664519e-13,2.345560473e-13,9.714153525e-14,3.760723066e-13,7.476463641e-14
79.0234375,3.154938456e-13,1.047385677e-13,6.85058695e-13,1.663414726e-13,2.153197405e-13,2.146741803e-13,1.16703659e-13,1.131811018e-13,5.706579262e-14,1.885475115e-13,1.410879453e-13,1.732773098e-13,1.80932325e-13,3.747088068e-13,3.549998139e-13,4.433452959e-13,3.708774021e-13,1.996661441e-13,1.251201751e-13,3.571342793e-13,2.056142686e-13,5.183269519e-14,1.14627504e-13,2.47291538e-14,4.86702127e-14,1.417780286e-13,1.483690867e-13,2.058592895e-13,2.421205771e-13,9.748607441e-14,3.822462253e-13,7.594507652e-14
79.03125,3.131006964e-13,1.041011526e-13,6.96888693e-13,1.676713912e-13,2.08367375e-13,2.182159565e-13,1.191644686e-13,1.121277875e-13,5.61071693e-14,1.884577603e-13,1.398115091e-13,1.7418441e-13,1.810381415e-13,3.742395226e-13,3.624152328e-13,4.554848023e-13,3.792606733e-13,1.975623717e-13,1.235651791e-13,3.552354021e-13,2.048121957e-13,5.094839485e-14,1.151308155e-13,2.502492013e-14,4.984157613e-14,1.429624117e-13,1.506809197e-13,2.046427704e-13,2.498084431e-13,9.7829192e-14,3.88436412e-13,7.716667531e-14
79.0390625,3.106714475e-13,1.035133314e-13,7.091257782e-13,1.688790466e-13,2.015331919e-13,2.218928637e-13,1.216514507e-13,1.110743927e-13,5.513949572e-14,1.88354138e-13,1.386132712e-13,1.751988342e-13,1.812762208e-13,3.741153143e-13,3.701700033e-13,4.680966759e-13,3.879220989e-13,1.955165313e-13,1.220243916e-13,3.534248046e-13,2.041742022e-13,5.006432857e-14,1.156951969e-13,2.534376963e-14,5.106819568e-14,1.44251626e-13,1.53134972e-13,2.034836088e-13,2.57641393e-13,9.818704863e-14,3.947552872e-13,7.841550883e-14
79.046875,3.085763001e-13,1.029517646e-13,7.220157637e-13,1.699704362e-13,1.948958774e-13,2.257880731e-13,1.242012566e-13,1.100585358e-13,5.422063437e-14,1.881950814e-13,1.376222913e-13,1.764233547e-13,1.816483834e-13,3.745601675e-13,3.784423487e-13,4.81272285e-13,3.972828814e-13,1.937183826e-13,1.206421805e-13,3.517026856e-13,2.036978298e-13,4.925349003e-14,1.162770405e-13,2.570719046e-14,5.239913616e-14,1.456681409e-13,1.5580855e-13,2.022995426e-13,2.65792848e-13,9.856396055e-14,4.015716802e-13,7.974938614e-14
79.0546875,3.06422823e-13,1.025354781e-13,7.354618415e-13,1.711331989e-13,1.881718643e-13,2.296525053e-13,1.268351294e-13,1.09061754e-13,5.327252275e-14,1.880050884e-13,1.367385503e-13,1.777627595e-13,1.820235736e-13,3.750708839e-13,3.872978679e-13,4.952298223e-13,4.071769926e-13,1.920303118e-13,1.192808975e-13,3.501230683e-13,2.033233473e-13,4.841650471e-14,1.168809696e-13,2.608208846e-14,5.383939396e-14,1.472896978e-13,1.587142305e-13,2.009781421e-13,2.742664171e-13,9.896566488e-14,4.08620095e-13,8.12286286e-14
79.0625,3.04272982e-13,1.02202157e-13,7.492978041e-13,1.723039001e-13,1.814838223e-13,2.334438969e-13,1.295213898e-13,1.080669277e-13,5.230989647e-14,1.878441276e-13,1.359766415e-13,1.791467833e-13,1.823988667e-13,3.755935125e-13,3.965114159e-13,5.09874664e-13,4.17450959e-13,1.904215334e-13,1.178949015e-13,3.485335089e-13,2.029245445e-13,4.753067157e-14,1.175393271e-13,2.648572948e-14,5.534969088e-14,1.490714762e-13,1.61809251e-13,1.996362725e-13,2.828883546e-13,9.943130836e-14,4.157456786e-13,8.278162484e-14
79.0703125,3.024735453e-13,1.01877092e-13,7.635196988e-13,1.733659264e-13,1.751111828e-13,2.372854413e-13,1.322492616e-13,1.071027448e-13,5.141617904e-14,1.876607345e-13,1.354461764e-13,1.806488269e-13,1.828517777e-13,3.766401114e-13,4.059340713e-13,5.249402879e-13,4.281686374e-13,1.889886731e-13,1.16637637e-13,3.470246871e-13,2.025092478e-13,4.66928798e-14,1.182214944e-13,2.691755012e-14,5.691779727e-14,1.509405929e-13,1.650326178e-13,1.983808044e-13,2.915290217e-13,9.996238246e-14,4.232962998e-13,8.433850822e-14
79.078125,3.008357211e-13,1.016876898e-13,7.782409809e-13,1.744798663e-13,1.68934756e-13,2.412009434e-13,1.350138269e-13,1.06152558e-13,5.057033295e-14,1.873854387e-13,1.350726121e-13,1.82311845e-13,1.834523545e-13,3.782133796e-13,4.156446847e-13,5.404366812e-13,4.391742305e-13,1.877441585e-13,1.154973407e-13,3.457869906e-13,2.022241947e-13,4.589307183e-14,1.188648856e-13,2.73239717e-14,5.855267189e-14,1.529349953e-13,1.683437964e-13,1.971956416e-13,3.002774796e-13,1.005030076e-13,4.312977326e-13,8.594399495e-14
79.0859375,2.993094135e-13,1.016257035e-13,7.935717955e-13,1.757093539e-13,1.628678692e-13,2.452833354e-13,1.37794077e-13,1.051792983e-13,4.974036951e-14,1.870577081e-13,1.348010604e-13,1.841498229e-13,1.843209981e-13,3.802339882e-13,4.257267732e-13,5.565018717e-13,4.505848659e-13,1.868240166e-13,1.143938914e-13,3.445036402e-13,2.021015474e-13,4.508109747e-14,1.195277519e-13,2.774304578e-14,6.027026842e-14,1.550530677e-13,1.718232109e-13,1.960372534e-13,3.093738882e-13,1.010289061e-13,4.39565947e-13,8.759955985e-14
79.09375,2.979957891e-13,1.015650757e-13,8.094067814e-13,1.768326508e-13,1.569072446e-13,2.495110601e-13,1.40594791e-13,1.042161509e-13,4.893349969e-14,1.867297956e-13,1.347035119e-13,1.861361863e-13,1.853857278e-13,3.827684934e-13,4.361459425e-13,5.730348526e-13,4.626582368e-13,1.862500452e-13,1.133446111e-13,3.430016354e-13,2.02037129e-13,4.428200249e-14,1.202935606e-13,2.823161682e-14,6.207615475e-14,1.572363015e-13,1.75527117e-13,1.94836909e-13,3.187740193e-13,1.015927982e-13,4.481670025e-13,8.924016341e-14
79.1015625,2.967671553e-13,1.015748291e-13,8.254157282e-13,1.776320605e-13,1.509397109e-13,2.535969216e-13,1.434086271e-13,1.033018972e-13,4.813627474e-14,1.863752888e-13,1.347511566e-13,1.881356292e-13,1.86356955e-13,3.854074124e-13,4.467653582e-13,5.898208119e-13,4.749854156e-13,1.857311002e-13,1.123125335e-13,3.416383494e-13,2.019885008e-13,4.350077953e-14,1.210580131e-13,2.873962941e-14,6.392832441e-14,1.595145408e-13,1.793409171e-13,1.935525542e-13,3.281826533e-13,1.022299031e-13,4.569942298e-13,9.088077056e-14
79.109375,2.957094059e-13,1.017211355e-13,8.415360503e-13,1.78160483e-13,1.450940995e-13,2.575226474e-13,1.462239317e-13,1.024135036e-13,4.736286592e-14,1.859816739e-13,1.348960196e-13,1.901432659e-13,1.872434568e-13,3.880210481e-13,4.575247916e-13,6.06862898e-13,4.873016515e-13,1.852235882e-13,1.113021068e-13,3.404020864e-13,2.02019349e-13,4.272753841e-14,1.217389857e-13,2.924087375e-14,6.5802603e-14,1.619049343e-13,1.831995327e-13,1.92234949e-13,3.375775422e-13,1.028923063e-13,4.658528594e-13,9.257764325e-14
79.1171875,2.946172809e-13,1.018616119e-13,8.582729066e-13,1.787194982e-13,1.395128748e-13,2.615401112e-13,1.490804992e-13,1.015328819e-13,4.662725781e-14,1.856116787e-13,1.352198694e-13,1.923591649e-13,1.883129625e-13,3.911121995e-13,4.685970009e-13,6.243254857e-13,5.000009134e-13,1.848961356e-13,1.104004908e-13,3.390563706e-13,2.022004533e-13,4.197665739e-14,1.224829286e-13,2.974441087e-14,6.774889162e-14,1.644105373e-13,1.872134799e-13,1.908971533e-13,3.47128341e-13,1.035705523e-13,4.749037062e-13,9.434254683e-14
79.125,2.930009281e-13,1.018803537e-13,8.759943657e-13,1.793513141e-13,1.340435438e-13,2.65598629e-13,1.519786071e-13,1.006880286e-13,4.5884697e-14,1.852924127e-13,1.357733968e-13,1.948328999e-13,1.895606446e-13,3.947117405e-13,4.801338388e-13,6.422979211e-13,5.131503776e-13,1.846749333e-13,1.095770669e-13,3.379137179e-13,2.025275786e-13,4.123154161e-14,1.233554382e-13,3.021832876e-14,6.979602754e-14,1.67165798e-13,1.914979673e-13,1.894587288e-13,3.569310749e-13,1.043396232e-13,4.842744111e-13,9.617992294e-14
79.1328125,2.914393367e-13,1.018644352e-13,8.943199568e-13,1.797715902e-13,1.287554044e-13,2.695789007e-13,1.548642976e-13,9.989664214e-14,4.513411777e-14,1.849600303e-13,1.365095208e-13,1.974209572e-13,1.908823323e-13,3.98622261e-13,4.920709021e-13,6.608306097e-13,5.267379722e-13,1.846426191e-13,1.088391053e-13,3.371902067e-13,2.029116973e-13,4.04930376e-14,1.24238685e-13,3.070018857e-14,7.192308998e-14,1.702010529e-13,1.960532695e-13,1.879678204e-13,3.670693638e-13,1.052036525e-13,4.938780605e-13,9.809008517e-14
79.140625,2.906268716e-13,1.019361239e-13,9.127925411e-13,1.800890586e-13,1.238350311e-13,2.736575288e-13,1.577481641e-13,9.913291978e-14,4.44247498e-14,1.845725716e-13,1.373891677e-13,2.000764847e-13,1.92402601e-13,4.030836085e-13,5.043293879e-13,6.799067749e-13,5.411098236e-13,1.850649787e-13,1.083024017e-13,3.365597008e-13,2.032735588e-13,3.98048659e-14,1.251314482e-13,3.124244543e-14,7.412912793e-14,1.733230791e-13,2.007910291e-13,1.866168263e-13,3.774318302e-13,1.060936878e-13,5.037403802e-13,1.000470537e-13
79.1484375,2.899893653e-13,1.020816705e-13,9.313700331e-13,1.806383727e-13,1.191052914e-13,2.778872329e-13,1.606492782e-13,9.83631118e-14,4.374466374e-14,1.841686155e-13,1.384028566e-13,2.028320407e-13,1.941495727e-13,4.080315135e-13,5.16835517e-13,6.993216564e-13,5.560280276e-13,1.857587566e-13,1.078847258e-13,3.358529329e-13,2.036435477e-13,3.916036171e-14,1.26088776e-13,3.178441897e-14,7.640686822e-14,1.764717342e-13,2.056564873e-13,1.854281365e-13,3.877662377e-13,1.069997493e-13,5.138193851e-13,1.02025103e-13
79.15625,2.892181528e-13,1.022942246e-13,9.500192035e-13,1.812624028e-13,1.144807405e-13,2.820892948e-13,1.635287899e-13,9.758241222e-14,4.305973359e-14,1.837936941e-13,1.395415671e-13,2.056763226e-13,1.95963987e-13,4.131321286e-13,5.294819364e-13,7.190683988e-13,5.71097643e-13,1.864778873e-13,1.074523764e-13,3.351456824e-13,2.041150402e-13,3.853172179e-14,1.270623025e-13,3.231604189e-14,7.874396313e-14,1.797426174e-13,2.106808112e-13,1.842492201e-13,3.981371961e-13,1.079349799e-13,5.239343506e-13,1.040176136e-13
79.1640625,2.886996518e-13,1.026542997e-13,9.688975157e-13,1.81720494e-13,1.10072526e-13,2.862482059e-13,1.663767995e-13,9.682402276e-14,4.236816842e-14,1.834394308e-13,1.407995132e-13,2.086339929e-13,1.978618445e-13,4.184655156e-13,5.423432617e-13,7.394620008e-13,5.86686161e-13,1.874325362e-13,1.070997605e-13,3.344537885e-13,2.047161531e-13,3.792491594e-14,1.280793678e-13,3.290650107e-14,8.117556244e-14,1.831535461e-13,2.158800455e-13,1.830145668e-13,4.087805928e-13,1.089042905e-13,5.341789385e-13,1.060440077e-13
79.171875,2.881849869e-13,1.030986719e-13,9.884396489e-13,1.820905597e-13,1.05735813e-13,2.90403662e-13,1.692060688e-13,9.612375318e-14,4.167250356e-14,1.830570409e-13,1.422085006e-13,2.117604099e-13,1.999570861e-13,4.240940691e-13,5.555172907e-13,7.603998987e-13,6.027962044e-13,1.887138578e-13,1.068769727e-13,3.338731065e-13,2.053994105e-13,3.732664748e-14,1.291976608e-13,3.353206992e-14,8.370289612e-14,1.867420411e-13,2.212489526e-13,1.817284652e-13,4.197112998e-13,1.099453102e-13,5.447648036e-13,1.081261373e-13
79.1796875,2.87530262e-13,1.035107399e-13,1.008544886e-12,1.823971058e-13,1.01476662e-13,2.945094185e-13,1.720225781e-13,9.544531577e-14,4.100617282e-14,1.826282448e-13,1.438268947e-13,2.150325981e-13,2.022142448e-13,4.299926473e-13,5.689146691e-13,7.814738175e-13,6.188835904e-13,1.901453081e-13,1.067129032e-13,3.334805509e-13,2.061523672e-13,3.674389011e-14,1.303081975e-13,3.415194878e-14,8.627597669e-14,1.90536349e-13,2.267948238e-13,1.804270328e-13,4.308116514e-13,1.110478691e-13,5.555908807e-13,1.102481054e-13
79.1875,2.871742801e-13,1.040188018e-13,1.028834878e-12,1.826413904e-13,9.7595714e-14,2.986992588e-13,1.748565675e-13,9.471085175e-14,4.039851751e-14,1.822043115e-13,1.456691646e-13,2.183825538e-13,2.046190708e-13,4.363806531e-13,5.826087725e-13,8.028859754e-13,6.351359034e-13,1.91765159e-13,1.066514975e-13,3.332628382e-13,2.070065953e-13,3.622985469e-14,1.313149391e-13,3.478029053e-14,8.891317397e-14,1.944173175e-13,2.324743357e-13,1.792315656e-13,4.420113707e-13,1.121497169e-13,5.664673452e-13,1.123896414e-13
79.1953125,2.869580807e-13,1.047200482e-13,1.049394088e-12,1.828956722e-13,9.398418165e-14,3.030681435e-13,1.776811354e-13,9.394456944e-14,3.979396339e-14,1.818252086e-13,1.477076544e-13,2.217771532e-13,2.07235541e-13,4.431446539e-13,5.967040153e-13,8.249092273e-13,6.518787353e-13,1.936544399e-13,1.067077721e-13,3.332731064e-13,2.07928402e-13,3.576286595e-14,1.322826179e-13,3.540366752e-14,9.163985814e-14,1.983353436e-13,2.382579107e-13,1.78142131e-13,4.533170677e-13,1.132587076e-13,5.773844379e-13,1.145558352e-13
79.203125,2.865848854e-13,1.054234226e-13,1.07009349e-12,1.830894637e-13,9.034645827e-14,3.073264071e-13,1.804162841e-13,9.324799947e-14,3.91494186e-14,1.814576572e-13,1.498667875e-13,2.252052404e-13,2.099824855e-13,4.498937704e-13,6.108604417e-13,8.471264791e-13,6.688199226e-13,1.957313266e-13,1.067734054e-13,3.33440668e-13,2.088332764e-13,3.526960462e-14,1.332828441e-13,3.602869449e-14,9.438977367e-14,2.023630642e-13,2.441952354e-13,1.769987555e-13,4.646382617e-13,1.144042146e-13,5.883324595e-13,1.167362555e-13
79.2109375,2.863178157e-13,1.060123247e-13,1.090506661e-12,1.831901423e-13,8.680533367e-14,3.11326087e-13,1.830923366e-13,9.262837627e-14,3.85088931e-14,1.810759232e-13,1.520144657e-13,2.286580628e-13,2.127332562e-13,4.566901333e-13,6.248734148e-13,8.693541859e-13,6.859194177e-13,1.979804351e-13,1.068510007e-13,3.336803488e-13,2.09680899e-13,3.476100304e-14,1.343020812e-13,3.668483446e-14,9.713132944e-14,2.064710223e-13,2.502942307e-13,1.757972711e-13,4.757611353e-13,1.155518506e-13,5.992245161e-13,1.189088096e-13
79.21875,2.861641608e-13,1.065941625e-13,1.110802669e-12,1.8327066e-13,8.349019072e-14,3.153812204e-13,1.857932238e-13,9.202426272e-14,3.789009804e-14,1.807177612e-13,1.541418059e-13,2.321400205e-13,2.155586103e-13,4.637101818e-13,6.390933668e-13,8.919888026e-13,7.034041019e-13,2.004182223e-13,1.070224963e-13,3.341501356e-13,2.104638001e-13,3.428374081e-14,1.352935171e-13,3.736086157e-14,9.992223583e-14,2.106014744e-13,2.564897169e-13,1.746607308e-13,4.86770951e-13,1.166781462e-13,6.100100874e-13,1.21079899e-13
79.2265625,2.860463004e-13,1.07256662e-13,1.131235519e-12,1.83311572e-13,8.031459859e-14,3.196184456e-13,1.884828322e-13,9.144251649e-14,3.727828847e-14,1.803974e-13,1.563955594e-13,2.356654843e-13,2.185732925e-13,4.709577434e-13,6.536445872e-13,9.150822021e-13,7.212136725e-13,2.030757688e-13,1.072884864e-13,3.347845445e-13,2.112191897e-13,3.384381411e-14,1.36271539e-13,3.807092526e-14,1.027930179e-13,2.147982495e-13,2.627667401e-13,1.735988824e-13,4.979135409e-13,1.178127864e-13,6.207370229e-13,1.232642217e-13
79.234375,2.862066484e-13,1.079983053e-13,1.151591598e-12,1.833245313e-13,7.7330985e-14,3.237847083e-13,1.910802022e-13,9.091327817e-14,3.670671161e-14,1.800525901e-13,1.588052114e-13,2.392495066e-13,2.217353474e-13,4.785571873e-13,6.682598713e-13,9.383818886e-13,7.392546875e-13,2.060640758e-13,1.076364668e-13,3.353109732e-13,2.120439895e-13,3.344357792e-14,1.372933597e-13,3.881731904e-14,1.057203559e-13,2.190971031e-13,2.69199075e-13,1.725526763e-13,5.090364309e-13,1.18990649e-13,6.31564079e-13,1.254434813e-13
79.2421875,2.864576626e-13,1.08716965e-13,1.171786729e-12,1.832852778e-13,7.45854843e-14,3.277742303e-13,1.935904169e-13,9.040740402e-14,3.61732276e-14,1.796468349e-13,1.612619574e-13,2.428745266e-13,2.249385278e-13,4.863796409e-13,6.828138737e-13,9.617053887e-13,7.572529861e-13,2.092688155e-13,1.080512717e-13,3.358320569e-13,2.129384752e-13,3.307634515e-14,1.383025319e-13,3.95453597e-14,1.086530838e-13,2.234370308e-13,2.757747459e-13,1.714451081e-13,5.199172982e-13,1.201985529e-13,6.424891967e-13,1.275746085e-13
79.25,2.864881503e-13,1.093462855e-13,1.191779618e-12,1.830935988e-13,7.196956142e-14,3.316581265e-13,1.960484925e-13,8.989171416e-14,3.560676592e-14,1.792383622e-13,1.637354717e-13,2.464708209e-13,2.28105963e-13,4.940311885e-13,6.972254281e-13,9.848130538e-13,7.74843499e-13,2.124344805e-13,1.084780953e-13,3.364613961e-13,2.137938948e-13,3.271935416e-14,1.392036973e-13,4.027533422e-14,1.115281374e-13,2.27705978e-13,2.822981277e-13,1.70259164e-13,5.305911267e-13,1.213812369e-13,6.531398378e-13,1.296563668e-13
79.2578125,2.866094516e-13,1.101163414e-13,1.211443327e-12,1.829419108e-13,6.947400052e-14,3.354612408e-13,1.984430361e-13,8.937411083e-14,3.500552266e-14,1.788696934e-13,1.66264106e-13,2.500241321e-13,2.312575237e-13,5.015969057e-13,7.115328867e-13,1.007868794e-12,7.923514457e-13,2.156818163e-13,1.089258218e-13,3.370686508e-13,2.146232873e-13,3.238180838e-14,1.400433345e-13,4.104344509e-14,1.143569118e-13,2.319261511e-13,2.887328803e-13,1.691664361e-13,5.410766682e-13,1.225410006e-13,6.633350242e-13,1.317498063e-13
79.265625,2.870783891e-13,1.11185783e-13,1.230996133e-12,1.829820897e-13,6.714586192e-14,3.392111179e-13,2.007597607e-13,8.887719778e-14,3.443681229e-14,1.785001266e-13,1.688555567e-13,2.536159496e-13,2.345441475e-13,5.093992961e-13,7.260475943e-13,1.031310698e-12,8.102294095e-13,2.192552983e-13,1.094700537e-13,3.377448583e-13,2.155096255e-13,3.208068561e-14,1.408852194e-13,4.180333534e-14,1.172282238e-13,2.362683551e-13,2.953019915e-13,1.682397026e-13,5.514887858e-13,1.237232695e-13,6.734026673e-13,1.338792071e-13
79.2734375,2.87702236e-13,1.122853176e-13,1.250507151e-12,1.829520711e-13,6.49739204e-14,3.428735285e-13,2.03022162e-13,8.842465364e-14,3.39029679e-14,1.78124777e-13,1.714871701e-13,2.572449016e-13,2.380210075e-13,5.173946615e-13,7.407476223e-13,1.054930937e-12,8.282223499e-13,2.230538715e-13,1.101202401e-13,3.385735702e-13,2.163946716e-13,3.179740282e-14,1.4172429e-13,4.257099102e-14,1.201699693e-13,2.407293395e-13,3.01985476e-13,1.672795223e-13,5.619650961e-13,1.249007485e-13,6.834571901e-13,1.360009624e-13
79.28125,2.883084081e-13,1.133239258e-13,1.26973667e-12,1.828968189e-13,6.298830031e-14,3.464443577e-13,2.052453799e-13,8.802674122e-14,3.336709471e-14,1.778125507e-13,1.741551511e-13,2.608499491e-13,2.415948052e-13,5.254853787e-13,7.553977851e-13,1.078486206e-12,8.461177908e-13,2.269602388e-13,1.108241169e-13,3.394517742e-13,2.172318757e-13,3.152306311e-14,1.425639837e-13,4.337485246e-14,1.231210203e-13,2.451578086e-13,3.085830914e-13,1.66279889e-13,5.723382374e-13,1.260532084e-13,6.932618099e-13,1.381011196e-13
79.2890625,2.888852053e-13,1.145808846e-13,1.288785831e-12,1.831386657e-13,6.118600209e-14,3.501315005e-13,2.074186206e-13,8.766485501e-14,3.285486086e-14,1.775690666e-13,1.768899819e-13,2.645204138e-13,2.452921175e-13,5.337193234e-13,7.701795838e-13,1.102278243e-12,8.640592131e-13,2.310623216e-13,1.11575515e-13,3.404521171e-13,2.181123608e-13,3.128035777e-14,1.433516646e-13,4.414762591e-14,1.260391472e-13,2.49572813e-13,3.15152373e-13,1.654948525e-13,5.825039706e-13,1.272332226e-13,7.028974116e-13,1.401846663e-13
79.296875,2.896163146e-13,1.159988603e-13,1.307593414e-12,1.834476211e-13,5.953322619e-14,3.539456528e-13,2.095198251e-13,8.732576983e-14,3.240685873e-14,1.773123509e-13,1.796614046e-13,2.683234171e-13,2.491400328e-13,5.421062578e-13,7.850587483e-13,1.126091941e-12,8.819732048e-13,2.353692806e-13,1.124098148e-13,3.414707176e-13,2.190572737e-13,3.107573423e-14,1.44037817e-13,4.491373538e-14,1.289308026e-13,2.540118101e-13,3.217056432e-13,1.649207394e-13,5.92442593e-13,1.284497472e-13,7.125188405e-13,1.422164081e-13
79.3046875,2.906543515e-13,1.172994532e-13,1.325776704e-12,1.835780518e-13,5.806786074e-14,3.575579723e-13,2.114841305e-13,8.702573615e-14,3.198826051e-14,1.770058886e-13,1.824387974e-13,2.720977242e-13,2.529561163e-13,5.506146884e-13,7.995624015e-13,1.149417797e-12,8.998087413e-13,2.39828067e-13,1.132991066e-13,3.422191425e-13,2.199779338e-13,3.088971886e-14,1.446990915e-13,4.574647256e-14,1.317986591e-13,2.584017032e-13,3.281133423e-13,1.643461904e-13,6.019262731e-13,1.296879296e-13,7.218600861e-13,1.44197739e-13
79.3125,2.917418415e-13,1.185513463e-13,1.343447161e-12,1.83772829e-13,5.671213982e-14,3.60898188e-13,2.132612272e-13,8.677302163e-14,3.154091649e-14,1.766943686e-13,1.853100039e-13,2.756975027e-13,2.566351251e-13,5.590063336e-13,8.136975427e-13,1.172510314e-12,9.176219615e-13,2.444284867e-13,1.141376395e-13,3.429542978e-13,2.208274761e-13,3.071195435e-14,1.453401415e-13,4.657506601e-14,1.346238451e-13,2.627446037e-13,3.344525134e-13,1.637070194e-13,6.110159382e-13,1.309304571e-13,7.306282803e-13,1.461638267e-13
79.3203125,2.927064323e-13,1.198927868e-13,1.360553803e-12,1.840143114e-13,5.534333517e-14,3.641613722e-13,2.149060658e-13,8.655321614e-14,3.1085152e-14,1.764124546e-13,1.882143917e-13,2.791301252e-13,2.602482762e-13,5.669872376e-13,8.277060407e-13,1.19557228e-12,9.351250112e-13,2.490847167e-13,1.148799761e-13,3.440073972e-13,2.21604082e-13,3.055221516e-14,1.458496401e-13,4.736756142e-14,1.373784958e-13,2.669668483e-13,3.406965513e-13,1.630045971e-13,6.19897135e-13,1.320631828e-13,7.388021267e-13,1.480686938e-13
79.328125,2.937920712e-13,1.213152078e-13,1.376627216e-12,1.84107544e-13,5.41221837e-14,3.673562628e-13,2.164697766e-13,8.635849476e-14,3.068174155e-14,1.761461503e-13,1.909414176e-13,2.824494313e-13,2.638588777e-13,5.748274923e-13,8.414641787e-13,1.218315e-12,9.521486815e-13,2.537672521e-13,1.156282635e-13,3.451358431e-13,2.223309759e-13,3.04260583e-14,1.462360409e-13,4.819326853e-14,1.400529342e-13,2.709134497e-13,3.466920024e-13,1.622729025e-13,6.28295843e-13,1.330512366e-13,7.465997312e-13,1.498594469e-13
79.3359375,2.950230816e-13,1.228223281e-13,1.392097205e-12,1.842198032e-13,5.321390932e-14,3.704402749e-13,2.179252002e-13,8.61825913e-14,3.033062111e-14,1.758743237e-13,1.936062103e-13,2.857655185e-13,2.675673659e-13,5.829743595e-13,8.549831984e-13,1.240788123e-12,9.690112274e-13,2.586068112e-13,1.165038092e-13,3.461739576e-13,2.230270401e-13,3.034201969e-14,1.465760483e-13,4.903044195e-14,1.426872359e-13,2.747359329e-13,3.526661775e-13,1.616299832e-13,6.36263108e-13,1.340565124e-13,7.543447803e-13,1.51589437e-13
79.34375,2.961621586e-13,1.243096279e-13,1.407567763e-12,1.844035441e-13,5.246927291e-14,3.734189553e-13,2.192822275e-13,8.601567078e-14,2.999309254e-14,1.755865461e-13,1.964135728e-13,2.891086823e-13,2.713744175e-13,5.911886946e-13,8.683487895e-13,1.263017954e-12,9.857780945e-13,2.636180112e-13,1.174761139e-13,3.47283887e-13,2.236403979e-13,3.029238373e-14,1.468957015e-13,4.985214133e-14,1.453226032e-13,2.786492693e-13,3.587533039e-13,1.610399313e-13,6.442938231e-13,1.351243318e-13,7.619188364e-13,1.533031142e-13
79.3515625,2.972080925e-13,1.256933123e-13,1.422511002e-12,1.845571789e-13,5.177583381e-14,3.76224159e-13,2.205676074e-13,8.587554682e-14,2.966166669e-14,1.752894877e-13,1.991764768e-13,2.923153007e-13,2.750754788e-13,5.990353541e-13,8.813176568e-13,1.284617075e-12,1.002060482e-12,2.686687854e-13,1.184194652e-13,3.484964124e-13,2.24153381e-13,3.025658081e-14,1.472129148e-13,5.069418285e-14,1.479271526e-13,2.824984984e-13,3.645886796e-13,1.603491609e-13,6.521426519e-13,1.361239884e-13,7.688646383e-13,1.549615251e-13
79.359375,2.983097701e-13,1.271093006e-13,1.43647157e-12,1.847661652e-13,5.123661011e-14,3.788824086e-13,2.217296151e-13,8.57720864e-14,2.934278969e-14,1.75028146e-13,2.017530864e-13,2.953119081e-13,2.786444771e-13,6.06601015e-13,8.938036944e-13,1.305524063e-12,1.017717247e-12,2.737495757e-13,1.193012216e-13,3.497169965e-13,2.246186373e-13,3.022447539e-14,1.474643261e-13,5.151911642e-14,1.504511102e-13,2.861106087e-13,3.700386326e-13,1.59623078e-13,6.591931113e-13,1.370367152e-13,7.751554261e-13,1.565404503e-13
79.3671875,2.996112404e-13,1.285978097e-13,1.449559037e-12,1.849241131e-13,5.089681523e-14,3.814455848e-13,2.22728047e-13,8.566345778e-14,2.903771634e-14,1.748259742e-13,2.042954188e-13,2.981772857e-13,2.82226685e-13,6.140952031e-13,9.059658754e-13,1.326000007e-12,1.033057731e-12,2.789598868e-13,1.201760615e-13,3.508438272e-13,2.250039611e-13,3.020641752e-14,1.475592357e-13,5.22807764e-14,1.529001095e-13,2.895544208e-13,3.753705421e-13,1.590189872e-13,6.655150336e-13,1.379173861e-13,7.809516907e-13,1.580296905e-13
79.375,3.011508837e-13,1.300884319e-13,1.461649143e-12,1.850099129e-13,5.070234192e-14,3.838516348e-13,2.236006099e-13,8.55514745e-14,2.876366152e-14,1.746312688e-13,2.068193792e-13,3.009102681e-13,2.857906858e-13,6.215707069e-13,9.17840714e-13,1.346159118e-12,1.048367662e-12,2.843402519e-13,1.210578469e-13,3.518156645e-13,2.252811618e-13,3.02188367e-14,1.475523171e-13,5.299928455e-14,1.552933804e-13,2.92852152e-13,3.807003024e-13,1.585047384e-13,6.714596296e-13,1.387435079e-13,7.86216965e-13,1.59384718e-13
79.3828125,3.026743476e-13,1.316111095e-13,1.472880184e-12,1.854569603e-13,5.062972705e-14,3.861968994e-13,2.243835303e-13,8.551831508e-14,2.853066928e-14,1.74427928e-13,2.092474976e-13,3.03517161e-13,2.89291244e-13,6.290573408e-13,9.294264685e-13,1.365934906e-12,1.0634689e-12,2.898013082e-13,1.219390746e-13,3.526639408e-13,2.255325494e-13,3.027319384e-14,1.475010436e-13,5.36999103e-14,1.576307486e-13,2.959392464e-13,3.859388201e-13,1.580018344e-13,6.771132309e-13,1.394938663e-13,7.911059428e-13,1.606052751e-13
79.390625,3.040240252e-13,1.331081238e-13,1.483514557e-12,1.861703998e-13,5.068689539e-14,3.885673063e-13,2.25048468e-13,8.558550242e-14,2.832003143e-14,1.742714533e-13,2.116026585e-13,3.060371973e-13,2.927288812e-13,6.363466959e-13,9.405560515e-13,1.384988353e-12,1.07786786e-12,2.951492694e-13,1.228210701e-13,3.533896175e-13,2.257362049e-13,3.036447814e-14,1.473549682e-13,5.445295226e-14,1.598871008e-13,2.988169155e-13,3.909388272e-13,1.575206301e-13,6.823616239e-13,1.40168104e-13,7.956817115e-13,1.617466039e-13
79.3984375,3.053905754e-13,1.345358315e-13,1.493121957e-12,1.86581057e-13,5.08600454e-14,3.907060101e-13,2.255307438e-13,8.570192089e-14,2.812026269e-14,1.741402661e-13,2.138393625e-13,3.083701681e-13,2.959906421e-13,6.431402283e-13,9.509937298e-13,1.40312099e-12,1.091364108e-12,3.003073388e-13,1.236633118e-13,3.540681644e-13,2.257878698e-13,3.046591467e-14,1.470965023e-13,5.53022062e-14,1.620057658e-13,3.015087757e-13,3.95622338e-13,1.570541423e-13,6.870466923e-13,1.40764992e-13,7.996325975e-13,1.628210591e-13
79.40625,3.067960102e-13,1.360136113e-13,1.501530209e-12,1.869141485e-13,5.10800079e-14,3.925050474e-13,2.258357589e-13,8.586649117e-14,2.793667847e-14,1.739654453e-13,2.15933095e-13,3.104652261e-13,2.990940181e-13,6.495267509e-13,9.609656988e-13,1.420665087e-12,1.104164747e-12,3.054184449e-13,1.244577123e-13,3.548179093e-13,2.257252191e-13,3.056232508e-14,1.467268634e-13,5.613926776e-14,1.639853958e-13,3.0401855e-13,4.000947233e-13,1.565703768e-13,6.912371146e-13,1.413135399e-13,8.029755841e-13,1.638023435e-13
79.4140625,3.081224495e-13,1.374977685e-13,1.509192194e-12,1.876302845e-13,5.134061001e-14,3.942413701e-13,2.260385141e-13,8.609411945e-14,2.777126528e-14,1.737790124e-13,2.179657807e-13,3.124454357e-13,3.02173494e-13,6.557174383e-13,9.70726598e-13,1.437816022e-12,1.116479725e-12,3.106149396e-13,1.252734612e-13,3.554599163e-13,2.255881458e-13,3.06751073e-14,1.462235204e-13,5.68898877e-14,1.659001455e-13,3.063268933e-13,4.043977619e-13,1.560795105e-13,6.950741389e-13,1.418103995e-13,8.059836804e-13,1.64673623e-13
79.421875,3.094837251e-13,1.389259969e-13,1.516070315e-12,1.884980185e-13,5.176839783e-14,3.959880897e-13,2.261280173e-13,8.635965594e-14,2.763090156e-14,1.736074461e-13,2.199371185e-13,3.143417296e-13,3.051665417e-13,6.616778799e-13,9.800511004e-13,1.454347613e-12,1.12829483e-12,3.158757127e-13,1.260948422e-13,3.558610369e-13,2.253423928e-13,3.082089766e-14,1.456059326e-13,5.762765253e-14,1.677446647e-13,3.083936676e-13,4.083904618e-13,1.555881508e-13,6.984336649e-13,1.422151712e-13,8.085229975e-13,1.654223568e-13
79.4296875,3.107964696e-13,1.405328045e-13,1.521780912e-12,1.893532652e-13,5.235739196e-14,3.974885517e-13,2.260155465e-13,8.66472578e-14,2.752053415e-14,1.733821625e-13,2.218083097e-13,3.160597336e-13,3.079767432e-13,6.672781913e-13,9.887380909e-13,1.469967517e-12,1.139225383e-12,3.210149219e-13,1.268117127e-13,3.562276666e-13,2.250602016e-13,3.097807199e-14,1.448707973e-13,5.838236582e-14,1.6942046e-13,3.102101011e-13,4.119715859e-13,1.550704898e-13,7.011842124e-13,1.425301192e-13,8.103635838e-13,1.660519954e-13
79.4375,3.118082442e-13,1.423988518e-13,1.526141195e-12,1.903521649e-13,5.291600276e-14,3.986277746e-13,2.256867574e-13,8.693454342e-14,2.742599835e-14,1.73106973e-13,2.235323463e-13,3.17538338e-13,3.106088304e-13,6.723772863e-13,9.967183478e-13,1.4843529e-12,1.148855436e-12,3.25791266e-13,1.274210036e-13,3.5651967e-13,2.247902416e-13,3.113139231e-14,1.440045861e-13,5.911724697e-14,1.709023706e-13,3.117610889e-13,4.151548683e-13,1.545425511e-13,7.032873817e-13,1.427550789e-13,8.114999411e-13,1.665526606e-13
79.4453125,3.127903616e-13,1.442297918e-13,1.529080712e-12,1.914147215e-13,5.34406491e-14,3.995795337e-13,2.252060424e-13,8.721263654e-14,2.733997843e-14,1.728724291e-13,2.249982912e-13,3.187371463e-13,3.130433783e-13,6.769472826e-13,1.00387949e-12,1.497517521e-12,1.157532431e-12,3.302897738e-13,1.28001882e-13,3.564799935e-13,2.24401038e-13,3.130076218e-14,1.430964573e-13,5.985509168e-14,1.722658173e-13,3.129812856e-13,4.180364295e-13,1.540456582e-13,7.046359998e-13,1.428637822e-13,8.119802644e-13,1.668837723e-13
79.453125,3.140814753e-13,1.458474546e-13,1.530878752e-12,1.924345216e-13,5.410010145e-14,4.004578587e-13,2.246359411e-13,8.755107928e-14,2.7270377e-14,1.726665338e-13,2.262441829e-13,3.196431878e-13,3.152750621e-13,6.810997386e-13,1.010342801e-12,1.509847913e-12,1.165854676e-12,3.348327496e-13,1.285290383e-13,3.562594177e-13,2.237929586e-13,3.148540613e-14,1.421983071e-13,6.06281645e-14,1.735644432e-13,3.138777779e-13,4.206447052e-13,1.53534224e-13,7.052827018e-13,1.428664951e-13,8.118592982e-13,1.670850665e-13
79.4609375,3.154868966e-13,1.474240071e-13,1.53178553e-12,1.934593353e-13,5.487770042e-14,4.011081854e-13,2.239730516e-13,8.796993465e-14,2.721775599e-14,1.724053988e-13,2.274080826e-13,3.202996834e-13,3.172597619e-13,6.847817235e-13,1.016270441e-12,1.521366457e-12,1.173634321e-12,3.394116624e-13,1.289347133e-13,3.561450647e-13,2.229999895e-13,3.16556656e-14,1.412151523e-13,6.139907884e-14,1.747523615e-13,3.145710705e-13,4.228618055e-13,1.529603033e-13,7.05394059e-13,1.427880299e-13,8.110724896e-13,1.672363564e-13
79.46875,3.169407016e-13,1.491989393e-13,1.531654056e-12,1.945693434e-13,5.568535767e-14,4.015602419e-13,2.231717324e-13,8.838666085e-14,2.719447273e-14,1.721111656e-13,2.284384798e-13,3.207999304e-13,3.189809242e-13,6.880698522e-13,1.021697602e-12,1.532012468e-12,1.180627832e-12,3.438764036e-13,1.292859453e-13,3.560604844e-13,2.220966951e-13,3.183091557e-14,1.40077394e-13,6.211107049e-14,1.757688723e-13,3.151122081e-13,4.24737581e-13,1.524130461e-13,7.050009957e-13,1.42644984e-13,8.09636329e-13,1.67263808e-13
79.4765625,3.185453527e-13,1.511427941e-13,1.530678292e-12,1.959375375e-13,5.659400607e-14,4.02135883e-13,2.222783369e-13,8.879956099e-14,2.722582775e-14,1.718799679e-13,2.292509787e-13,3.212563212e-13,3.206363176e-13,6.913737067e-13,1.026797502e-12,1.542009709e-12,1.187039662e-12,3.48273018e-13,1.296803218e-13,3.55776636e-13,2.211796639e-13,3.205001574e-14,1.388154812e-13,6.277419517e-14,1.766699418e-13,3.154325218e-13,4.264307908e-13,1.519736824e-13,7.042316621e-13,1.424499212e-13,8.078802394e-13,1.670743878e-13
79.484375,3.199577503e-13,1.530641019e-13,1.528997815e-12,1.975454862e-13,5.761916954e-14,4.026910547e-13,2.213523746e-13,8.927074178e-14,2.73032042e-14,1.71718287e-13,2.298787088e-13,3.216249177e-13,3.222576809e-13,6.945882063e-13,1.031514274e-12,1.551149512e-12,1.192567526e-12,3.524318118e-13,1.300529529e-13,3.552816125e-13,2.202957808e-13,3.228188977e-14,1.374720576e-13,6.344522558e-14,1.775156104e-13,3.155362329e-13,4.278304266e-13,1.516121086e-13,7.032345453e-13,1.421725745e-13,8.057942111e-13,1.667694076e-13
79.4921875,3.210595e-13,1.549340398e-13,1.526071819e-12,1.991586045e-13,5.86475912e-14,4.028305346e-13,2.202990172e-13,8.979587269e-14,2.74016951e-14,1.715444308e-13,2.303425209e-13,3.217428375e-13,3.236076733e-13,6.972359898e-13,1.035542827e-12,1.559163948e-12,1.196936947e-12,3.56146836e-13,1.303216018e-13,3.547631666e-13,2.193792773e-13,3.250067177e-14,1.360672846e-13,6.41210268e-14,1.782270327e-13,3.15471884e-13,4.288633078e-13,1.513001619e-13,7.0177271e-13,1.417852317e-13,8.030337982e-13,1.664216971e-13
79.5,3.223165744e-13,1.567423991e-13,1.521891875e-12,2.007828137e-13,5.971595801e-14,4.028186326e-13,2.190588917e-13,9.039128054e-14,2.752413157e-14,1.71333381e-13,2.306852292e-13,3.216268008e-13,3.247530352e-13,6.994986351e-13,1.039041063e-12,1.566479032e-12,1.200857822e-12,3.597394293e-13,1.305616455e-13,3.543274663e-13,2.183186223e-13,3.274858335e-14,1.345918836e-13,6.477193476e-14,1.787595045e-13,3.151164254e-13,4.296974275e-13,1.509763282e-13,6.995405984e-13,1.413141578e-13,7.997890965e-13,1.659326599e-13
79.5078125,3.237240379e-13,1.584199647e-13,1.51686584e-12,2.024995713e-13,6.094885041e-14,4.029351264e-13,2.177061739e-13,9.108256117e-14,2.767471145e-14,1.711348441e-13,2.309199608e-13,3.213582081e-13,3.258791964e-13,7.015752423e-13,1.042193681e-12,1.573290288e-12,1.204573129e-12,3.634345625e-13,1.308058902e-13,3.539601191e-13,2.170376374e-13,3.302484243e-14,1.330386399e-13,6.542747504e-14,1.791864812e-13,3.143710755e-13,4.30313924e-13,1.505612999e-13,6.966287337e-13,1.407628084e-13,7.962775354e-13,1.652944031e-13
79.515625,3.248452179e-13,1.600993107e-13,1.510548191e-12,2.043204741e-13,6.229260769e-14,4.028124642e-13,2.162152353e-13,9.179164377e-14,2.785566536e-14,1.709658246e-13,2.309227887e-13,3.208695923e-13,3.26843926e-13,7.030842559e-13,1.044611763e-12,1.579102629e-12,1.207231833e-12,3.669234852e-13,1.309542033e-13,3.535768253e-13,2.156039884e-13,3.328294402e-14,1.314415869e-13,6.607580546e-14,1.795145123e-13,3.133879192e-13,4.305639869e-13,1.501434331e-13,6.932286039e-13,1.401028057e-13,7.92142019e-13,1.646000281e-13
79.5234375,3.257751689e-13,1.618655547e-13,1.502787712e-12,2.063427129e-13,6.365461039e-14,4.023357325e-13,2.145292462e-13,9.246385445e-14,2.808860203e-14,1.708002707e-13,2.306758981e-13,3.201678046e-13,3.275748566e-13,7.040376783e-13,1.04606404e-12,1.583553802e-12,1.208575226e-12,3.700740504e-13,1.310039747e-13,3.529141017e-13,2.141665319e-13,3.353652051e-14,1.298078956e-13,6.665655928e-14,1.796921036e-13,3.122257716e-13,4.304542997e-13,1.498040977e-13,6.892414672e-13,1.393423848e-13,7.87333145e-13,1.63807381e-13
79.53125,3.268329984e-13,1.635361897e-13,1.494350946e-12,2.083216312e-13,6.506614924e-14,4.018085654e-13,2.127315046e-13,9.314698256e-14,2.837420153e-14,1.706067158e-13,2.303325429e-13,3.193392885e-13,3.281463172e-13,7.047301535e-13,1.046728201e-12,1.586660296e-12,1.209112429e-12,3.730357223e-13,1.310288774e-13,3.518962613e-13,2.12681086e-13,3.38077144e-14,1.28081718e-13,6.721726914e-14,1.797243817e-13,3.107288314e-13,4.299681779e-13,1.494094566e-13,6.845240438e-13,1.385051736e-13,7.821862628e-13,1.628448808e-13
79.5390625,3.279840902e-13,1.650253828e-13,1.485242132e-12,2.098836721e-13,6.652560031e-14,4.01188563e-13,2.108509418e-13,9.387280359e-14,2.86915636e-14,1.703464181e-13,2.299326764e-13,3.183253656e-13,3.284672659e-13,7.049467373e-13,1.046671037e-12,1.588681291e-12,1.209009064e-12,3.758282676e-13,1.310044194e-13,3.5085131e-13,2.110064291e-13,3.407642019e-14,1.262428984e-13,6.782328654e-14,1.796265594e-13,3.089139073e-13,4.290744387e-13,1.488839364e-13,6.792400767e-13,1.376032664e-13,7.766368272e-13,1.617629991e-13
79.546875,3.289978627e-13,1.664146759e-13,1.474817168e-12,2.113799065e-13,6.797150731e-14,4.002709577e-13,2.088185854e-13,9.464812216e-14,2.904568646e-14,1.700410491e-13,2.293759352e-13,3.170687744e-13,3.285410712e-13,7.04520838e-13,1.045913241e-12,1.589900056e-12,1.208148563e-12,3.784702252e-13,1.30894195e-13,3.498565561e-13,2.091964703e-13,3.4340694e-14,1.243546278e-13,6.841233912e-14,1.794191515e-13,3.069154692e-13,4.278981438e-13,1.48334092e-13,6.735838925e-13,1.366389419e-13,7.705048706e-13,1.606078347e-13
79.5546875,3.296658524e-13,1.67838968e-13,1.463123023e-12,2.132461511e-13,6.941858807e-14,3.990221903e-13,2.066423211e-13,9.54714621e-14,2.943942823e-14,1.697719475e-13,2.285871879e-13,3.155979846e-13,3.284863535e-13,7.035651384e-13,1.044508806e-12,1.590274577e-12,1.206351232e-12,3.809263496e-13,1.306939028e-13,3.488020764e-13,2.073334677e-13,3.460118446e-14,1.224704089e-13,6.894053854e-14,1.791143433e-13,3.047277687e-13,4.265409766e-13,1.478270944e-13,6.674672158e-13,1.356059139e-13,7.637965969e-13,1.593887578e-13
79.5625,3.301342742e-13,1.693881107e-13,1.450547478e-12,2.1526585e-13,7.09463622e-14,3.975267134e-13,2.043658368e-13,9.630350385e-14,2.986642703e-14,1.695296576e-13,2.275932234e-13,3.13920362e-13,3.282463188e-13,7.021323291e-13,1.042492159e-12,1.589766475e-12,1.203545e-12,3.830880675e-13,1.303823494e-13,3.478913629e-13,2.053820759e-13,3.485251131e-14,1.205621779e-13,6.946440308e-14,1.786619972e-13,3.023657653e-13,4.248960554e-13,1.473428121e-13,6.608512003e-13,1.345291831e-13,7.564878102e-13,1.581143432e-13
79.5703125,3.307759154e-13,1.707484554e-13,1.437232069e-12,2.173037598e-13,7.261437572e-14,3.960338493e-13,2.020297467e-13,9.714308575e-14,3.035382272e-14,1.692405214e-13,2.264689515e-13,3.121028455e-13,3.278082457e-13,7.004796398e-13,1.039993024e-12,1.588431389e-12,1.200090114e-12,3.851339185e-13,1.299953611e-13,3.469831566e-13,2.033629385e-13,3.512549227e-14,1.185976656e-13,7.000840805e-14,1.780735268e-13,2.998494291e-13,4.227758084e-13,1.467885067e-13,6.538677039e-13,1.334168572e-13,7.487189396e-13,1.567172279e-13
79.578125,3.314548398e-13,1.716450278e-13,1.423045438e-12,2.19450706e-13,7.434535336e-14,3.945283859e-13,1.996765206e-13,9.802710903e-14,3.090588141e-14,1.689167688e-13,2.25158666e-13,3.10185444e-13,3.272319781e-13,6.986628509e-13,1.036944803e-12,1.585972707e-12,1.196016844e-12,3.871354196e-13,1.295694082e-13,3.456155202e-13,2.012929303e-13,3.541922124e-14,1.166162194e-13,7.053628736e-14,1.774335254e-13,2.970691104e-13,4.202164242e-13,1.460651533e-13,6.464765098e-13,1.321878736e-13,7.407117236e-13,1.551537635e-13
79.5859375,3.318507526e-13,1.725054147e-13,1.407812488e-12,2.215785281e-13,7.597219212e-14,3.926996356e-13,1.972523631e-13,9.894133948e-14,3.147971593e-14,1.685917691e-13,2.235798347e-13,3.080799481e-13,3.264080132e-13,6.961948198e-13,1.033181924e-12,1.582351e-12,1.190821368e-12,3.887248196e-13,1.290690428e-13,3.440467242e-13,1.991212838e-13,3.569131875e-14,1.146299981e-13,7.103014792e-14,1.767024733e-13,2.940196154e-13,4.174553707e-13,1.452646196e-13,6.386008148e-13,1.308146891e-13,7.324487376e-13,1.535062279e-13
79.59375,3.32085674e-13,1.73653407e-13,1.391932203e-12,2.23746274e-13,7.753425451e-14,3.907514286e-13,1.947003554e-13,9.988597454e-14,3.208282051e-14,1.682556346e-13,2.218840176e-13,3.058408284e-13,3.253045097e-13,6.930730395e-13,1.029060716e-12,1.578196625e-12,1.184713628e-12,3.898754368e-13,1.285250879e-13,3.427355668e-13,1.96906843e-13,3.596320016e-14,1.125637576e-13,7.152042063e-14,1.757942695e-13,2.908112429e-13,4.145409783e-13,1.445212685e-13,6.303629475e-13,1.293974021e-13,7.239022215e-13,1.517895908e-13
79.6015625,3.322085463e-13,1.748007745e-13,1.375749064e-12,2.26156104e-13,7.919903031e-14,3.889875185e-13,1.920691282e-13,1.00905488e-13,3.275181362e-14,1.679361492e-13,2.201963154e-13,3.035957217e-13,3.240556571e-13,6.898039226e-13,1.024891248e-12,1.573689427e-12,1.178252586e-12,3.909341302e-13,1.279910567e-13,3.414903928e-13,1.947066651e-13,3.626919955e-14,1.103937958e-13,7.203855739e-14,1.747501675e-13,2.874403662e-13,4.113924652e-13,1.437906677e-13,6.218314501e-13,1.279668497e-13,7.150639458e-13,1.499368048e-13
79.609375,3.322437542e-13,1.758639753e-13,1.358691951e-12,2.286063433e-13,8.093315807e-14,3.870567763e-13,1.893699092e-13,1.019706549e-13,3.346396133e-14,1.676478693e-13,2.183757154e-13,3.012241668e-13,3.226806076e-13,6.864493442e-13,1.020236632e-12,1.568249157e-12,1.171143274e-12,3.918418761e-13,1.274243821e-13,3.400411116e-13,1.924263523e-13,3.658524426e-14,1.081935319e-13,7.253779602e-14,1.736214226e-13,2.838848702e-13,4.080415657e-13,1.430568736e-13,6.129728757e-13,1.264600521e-13,7.058748428e-13,1.480034081e-13
79.6171875,3.325419481e-13,1.769673942e-13,1.340635416e-12,2.3090946e-13,8.268855134e-14,3.848407485e-13,1.865915155e-13,1.030129798e-13,3.420023747e-14,1.673381751e-13,2.163602038e-13,2.9861856e-13,3.211596447e-13,6.82924263e-13,1.01478426e-12,1.561591555e-12,1.163061307e-12,3.924540932e-13,1.268241164e-13,3.383339904e-13,1.900297469e-13,3.690846312e-14,1.059999922e-13,7.29588673e-14,1.723984767e-13,2.80137263e-13,4.043776518e-13,1.423514768e-13,6.037706776e-13,1.248963367e-13,6.964709299e-13,1.460501267e-13
79.625,3.328574534e-13,1.779334969e-13,1.322309781e-12,2.332092721e-13,8.453499277e-14,3.826864067e-13,1.837847031e-13,1.040559029e-13,3.498437472e-14,1.669985308e-13,2.142645075e-13,2.958754735e-13,3.195034883e-13,6.791565511e-13,1.008804851e-12,1.553986703e-12,1.154210651e-12,3.928680519e-13,1.262034468e-13,3.364060218e-13,1.87564364e-13,3.724415653e-14,1.037873247e-13,7.335066707e-14,1.71084093e-13,2.761369535e-13,4.002580825e-13,1.415584634e-13,5.941455275e-13,1.23323791e-13,6.868565653e-13,1.440087653e-13
79.6328125,3.324661229e-13,1.786053558e-13,1.303518994e-12,2.355255248e-13,8.638562043e-14,3.804271906e-13,1.809128863e-13,1.051470685e-13,3.581639782e-14,1.666471223e-13,2.120811806e-13,2.93014846e-13,3.176148364e-13,6.747675345e-13,1.002355365e-12,1.545637988e-12,1.144502421e-12,3.929030046e-13,1.254758439e-13,3.344908667e-13,1.850198496e-13,3.75561456e-14,1.015430248e-13,7.376795913e-14,1.696644505e-13,2.719515058e-13,3.959164191e-13,1.406210052e-13,5.841544418e-13,1.216968197e-13,6.767591258e-13,1.418573294e-13
79.640625,3.315410168e-13,1.789985373e-13,1.28361681e-12,2.377165651e-13,8.813548759e-14,3.777796569e-13,1.779140427e-13,1.062319615e-13,3.667732618e-14,1.662352811e-13,2.097135555e-13,2.90010705e-13,3.15439715e-13,6.697411414e-13,9.95248562e-13,1.536451384e-12,1.133844026e-12,3.92384864e-13,1.246514058e-13,3.325937255e-13,1.824192678e-13,3.784085701e-14,9.92754131e-14,7.417504093e-14,1.68125711e-13,2.677020089e-13,3.915550705e-13,1.396090557e-13,5.740468844e-13,1.199709689e-13,6.663276754e-13,1.396387581e-13
79.6484375,3.306413326e-13,1.791810316e-13,1.263011517e-12,2.397424314e-13,8.986519953e-14,3.749692432e-13,1.74884381e-13,1.072448816e-13,3.755215455e-14,1.657567183e-13,2.071346079e-13,2.86895838e-13,3.130601188e-13,6.643927225e-13,9.875947618e-13,1.526359314e-12,1.122545933e-12,3.91622029e-13,1.238246975e-13,3.304578594e-13,1.797903126e-13,3.811445481e-14,9.700661328e-14,7.455166482e-14,1.665165652e-13,2.633319293e-13,3.869820841e-13,1.384763301e-13,5.637651375e-13,1.181756807e-13,6.558514346e-13,1.373686423e-13
79.65625,3.296989801e-13,1.793346881e-13,1.24199499e-12,2.417129599e-13,9.159536469e-14,3.720913999e-13,1.718823088e-13,1.082539862e-13,3.843027554e-14,1.653085616e-13,2.043432902e-13,2.83589943e-13,3.105058212e-13,6.585638457e-13,9.795626858e-13,1.515543005e-12,1.110612299e-12,3.907529672e-13,1.229360889e-13,3.282381771e-13,1.770583364e-13,3.836391394e-14,9.477664257e-14,7.490459213e-14,1.648608846e-13,2.58817758e-13,3.820480696e-13,1.372385618e-13,5.529985335e-13,1.163457955e-13,6.44996369e-13,1.351236323e-13
79.6640625,3.285622852e-13,1.794811605e-13,1.220179108e-12,2.438400019e-13,9.331744255e-14,3.690766706e-13,1.688277594e-13,1.093490014e-13,3.935126835e-14,1.649314428e-13,2.013807961e-13,2.800502256e-13,3.077745571e-13,6.522297407e-13,9.711685423e-13,1.504245406e-12,1.097975276e-12,3.895456463e-13,1.219351344e-13,3.26248883e-13,1.742064695e-13,3.861504838e-14,9.260522145e-14,7.52095289e-14,1.63125409e-13,2.542551837e-13,3.768830363e-13,1.360794443e-13,5.418024921e-13,1.144943242e-13,6.33539677e-13,1.329677791e-13
79.671875,3.272022342e-13,1.794933461e-13,1.197851173e-12,2.460954636e-13,9.50910998e-14,3.660802735e-13,1.657355179e-13,1.104810379e-13,4.035777988e-14,1.645364778e-13,1.983548895e-13,2.764294951e-13,3.049433524e-13,6.458151948e-13,9.625835982e-13,1.492635145e-12,1.085048752e-12,3.880674168e-13,1.209345665e-13,3.244550803e-13,1.713008773e-13,3.889498765e-14,9.047274505e-14,7.547777759e-14,1.613353624e-13,2.496136117e-13,3.716664862e-13,1.349557883e-13,5.305289808e-13,1.126257742e-13,6.219258069e-13,1.30807407e-13
79.6796875,3.256237164e-13,1.794997791e-13,1.175494296e-12,2.481746073e-13,9.681712373e-14,3.630793316e-13,1.626824788e-13,1.115917933e-13,4.140581696e-14,1.640463583e-13,1.953224369e-13,2.727807428e-13,3.020743644e-13,6.392844055e-13,9.539798473e-13,1.480705552e-12,1.071919544e-12,3.865717042e-13,1.199853898e-13,3.227051612e-13,1.683479949e-13,3.915872682e-14,8.835415402e-14,7.574905809e-14,1.595560319e-13,2.448346674e-13,3.663711066e-13,1.336721951e-13,5.193548398e-13,1.107201776e-13,6.10427152e-13,1.285583788e-13
79.6875,3.242124435e-13,1.796105361e-13,1.152765668e-12,2.501726586e-13,9.842831472e-14,3.59951978e-13,1.59619545e-13,1.127478223e-13,4.245919844e-14,1.635116274e-13,1.922213489e-13,2.690266518e-13,2.991510002e-13,6.323855605e-13,9.451499016e-13,1.468213502e-12,1.058150237e-12,3.849812341e-13,1.190293735e-13,3.20810862e-13,1.653819576e-13,3.939811688e-14,8.624326789e-14,7.602732133e-14,1.57755973e-13,2.39984557e-13,3.607915207e-13,1.323179267e-13,5.082085874e-13,1.087521673e-13,5.988825452e-13,1.262492061e-13
79.6953125,3.230452094e-13,1.797137767e-13,1.129577135e-12,2.525092215e-13,1.00071311e-13,3.568589449e-13,1.564784063e-13,1.140022449e-13,4.355806115e-14,1.630087626e-13,1.889877365e-13,2.652003979e-13,2.961418843e-13,6.252179322e-13,9.358766238e-13,1.455195139e-12,1.043695054e-12,3.830825369e-13,1.180365752e-13,3.187335622e-13,1.624762647e-13,3.965764774e-14,8.414668112e-14,7.632774202e-14,1.558429795e-13,2.350893935e-13,3.54988668e-13,1.310499728e-13,4.96910864e-13,1.06740877e-13,5.872184732e-13,1.239030064e-13
79.703125,3.215300078e-13,1.798720591e-13,1.106463364e-12,2.550323727e-13,1.017199217e-13,3.537637912e-13,1.532904312e-13,1.152930096e-13,4.47077602e-14,1.625009715e-13,1.856987009e-13,2.613378088e-13,2.930493399e-13,6.177478713e-13,9.263374377e-13,1.442049823e-12,1.028838815e-12,3.808862084e-13,1.16987839e-13,3.1689421e-13,1.595990409e-13,3.991072293e-14,8.207381729e-14,7.6646278e-14,1.538338328e-13,2.301477602e-13,3.492378241e-13,1.297789565e-13,4.854261996e-13,1.047379829e-13,5.754790379e-13,1.215518927e-13
79.7109375,3.196383682e-13,1.801492493e-13,1.083400073e-12,2.572632811e-13,1.032777446e-13,3.504151608e-13,1.501154019e-13,1.165595797e-13,4.588070653e-14,1.61940958e-13,1.824462776e-13,2.573927823e-13,2.898837844e-13,6.099674529e-13,9.1674598e-13,1.42880572e-12,1.013733114e-12,3.786211402e-13,1.158793241e-13,3.155606582e-13,1.566999973e-13,4.011684158e-14,8.003636915e-14,7.690917301e-14,1.518449065e-13,2.252351614e-13,3.434613898e-13,1.284289396e-13,4.739536825e-13,1.027635261e-13,5.63697189e-13,1.192410372e-13
79.71875,3.178494456e-13,1.802814519e-13,1.059988291e-12,2.593362232e-13,1.04920716e-13,3.469808524e-13,1.469770334e-13,1.178439194e-13,4.710872844e-14,1.613883141e-13,1.791537465e-13,2.533885205e-13,2.866378323e-13,6.022196905e-13,9.071593582e-13,1.415359217e-12,9.985781959e-13,3.764460318e-13,1.147676496e-13,3.143848587e-13,1.537935513e-13,4.031618976e-14,7.804603663e-14,7.710540388e-14,1.499130597e-13,2.20369023e-13,3.375451099e-13,1.270583989e-13,4.62545367e-13,1.007888429e-13,5.51916093e-13,1.169400134e-13
79.7265625,3.16002324e-13,1.800958783e-13,1.036382549e-12,2.616531312e-13,1.066960792e-13,3.436922676e-13,1.438453082e-13,1.191979916e-13,4.841170179e-14,1.608789248e-13,1.757777806e-13,2.493904604e-13,2.833461249e-13,5.945251547e-13,8.976434599e-13,1.401857444e-12,9.833829692e-13,3.741856306e-13,1.137049543e-13,3.130292514e-13,1.508733827e-13,4.054337713e-14,7.609868306e-14,7.730966274e-14,1.479733717e-13,2.154891972e-13,3.317681623e-13,1.256550279e-13,4.510585951e-13,9.8789677e-14,5.401760879e-13,1.146150294e-13
79.734375,3.138429736e-13,1.79766258e-13,1.012883101e-12,2.640587836e-13,1.084098711e-13,3.403347003e-13,1.406794866e-13,1.20551888e-13,4.973524805e-14,1.603700452e-13,1.724389367e-13,2.454182336e-13,2.800738404e-13,5.866292148e-13,8.880145757e-13,1.387923905e-12,9.6769939e-13,3.716165411e-13,1.126777063e-13,3.115226087e-13,1.479499428e-13,4.077058558e-14,7.416649683e-14,7.75279837e-14,1.459834879e-13,2.105831093e-13,3.261634022e-13,1.241899729e-13,4.395831088e-13,9.678027853e-14,5.285795675e-13,1.122762903e-13
79.7421875,3.11620957e-13,1.794770964e-13,9.894050442e-13,2.66241964e-13,1.10090615e-13,3.367760745e-13,1.375074084e-13,1.218398795e-13,5.104676197e-14,1.598576183e-13,1.691253286e-13,2.414692442e-13,2.767829852e-13,5.786398287e-13,8.779495656e-13,1.373092519e-12,9.51351018e-13,3.688356769e-13,1.116200117e-13,3.099989448e-13,1.450561996e-13,4.09696756e-14,7.22223199e-14,7.772899269e-14,1.439348788e-13,2.056506118e-13,3.203522751e-13,1.227219355e-13,4.282403498e-13,9.47820645e-14,5.171307897e-13,1.099138648e-13
79.75,3.093870657e-13,1.792286662e-13,9.658570347e-13,2.683643311e-13,1.118534016e-13,3.332296559e-13,1.343744831e-13,1.231581631e-13,5.238593479e-14,1.593279479e-13,1.656977354e-13,2.375168192e-13,2.733776549e-13,5.706664451e-13,8.676557313e-13,1.357931029e-12,9.347527528e-13,3.659605664e-13,1.104921079e-13,3.085978825e-13,1.421470476e-13,4.115313219e-14,7.026921233e-14,7.793764199e-14,1.418171087e-13,2.006988069e-13,3.142721662e-13,1.212450999e-13,4.168618953e-13,9.280087405e-14,5.055899514e-13,1.075583925e-13
79.7578125,3.069618292e-13,1.789404893e-13,9.423431326e-13,2.706364476e-13,1.136018082e-13,3.297702884e-13,1.31261035e-13,1.245553928e-13,5.379821566e-14,1.586964961e-13,1.621964853e-13,2.335623626e-13,2.698760046e-13,5.625612762e-13,8.574947947e-13,1.342938657e-12,9.181159201e-13,3.628859729e-13,1.093440036e-13,3.073947522e-13,1.391940454e-13,4.134747818e-14,6.832699163e-14,7.814702914e-14,1.396468446e-13,1.957978285e-13,3.081558467e-13,1.196910607e-13,4.054519226e-13,9.084003765e-14,4.939072276e-13,1.052634859e-13
79.765625,3.043680647e-13,1.785514699e-13,9.188269212e-13,2.729498622e-13,1.152380048e-13,3.26270335e-13,1.281460599e-13,1.259174063e-13,5.527689648e-14,1.579644481e-13,1.586886309e-13,2.296448009e-13,2.663523334e-13,5.542660934e-13,8.47241724e-13,1.327647828e-12,9.01181667e-13,3.595651875e-13,1.082221252e-13,3.062761325e-13,1.362442622e-13,4.15427553e-14,6.64101266e-14,7.829439738e-14,1.374572478e-13,1.9096411e-13,3.020254515e-13,1.180950177e-13,3.942452765e-13,8.888555678e-14,4.823202719e-13,1.029763844e-13
79.7734375,3.016171744e-13,1.780214003e-13,8.950737043e-13,2.752370321e-13,1.167790022e-13,3.226787622e-13,1.250537917e-13,1.272316457e-13,5.678560412e-14,1.572578271e-13,1.55081981e-13,2.257107806e-13,2.627842189e-13,5.457344071e-13,8.36592348e-13,1.311787227e-12,8.838067198e-13,3.560552167e-13,1.07084143e-13,3.050490825e-13,1.332717465e-13,4.171107659e-14,6.455699965e-14,7.837296207e-14,1.352720558e-13,1.86123826e-13,2.957686519e-13,1.165025461e-13,3.831426599e-13,8.690750363e-14,4.708258238e-13,1.006645586e-13
79.78125,2.986890861e-13,1.773842464e-13,8.711308097e-13,2.774776696e-13,1.182931991e-13,3.189725348e-13,1.219920102e-13,1.28577896e-13,5.831801067e-14,1.566399513e-13,1.513838372e-13,2.216808869e-13,2.591082838e-13,5.369347214e-13,8.256195168e-13,1.295533678e-12,8.661047851e-13,3.523414851e-13,1.05885806e-13,3.036874092e-13,1.302300584e-13,4.186088143e-14,6.281898013e-14,7.843979251e-14,1.331062922e-13,1.812840308e-13,2.893724543e-13,1.14850376e-13,3.719620238e-13,8.492571571e-14,4.592837514e-13,9.841793187e-14
79.7890625,2.956500508e-13,1.767749093e-13,8.474847944e-13,2.795104779e-13,1.198198246e-13,3.15144784e-13,1.189498181e-13,1.299068369e-13,5.987444272e-14,1.560435801e-13,1.477304026e-13,2.176040765e-13,2.55354519e-13,5.280405554e-13,8.14455929e-13,1.278896102e-12,8.481587684e-13,3.484272078e-13,1.046471206e-13,3.02365806e-13,1.271974835e-13,4.199323814e-14,6.116344584e-14,7.852369194e-14,1.309355594e-13,1.764999889e-13,2.829165915e-13,1.131266905e-13,3.608759697e-13,8.299057256e-14,4.478081481e-13,9.623379786e-14
79.796875,2.924796059e-13,1.762236989e-13,8.243195721e-13,2.813928896e-13,1.212435501e-13,3.113220028e-13,1.159426165e-13,1.31183644e-13,6.141718808e-14,1.55402727e-13,1.441101677e-13,2.135241722e-13,2.515992053e-13,5.190588533e-13,8.033288642e-13,1.262113573e-12,8.300623823e-13,3.443796798e-13,1.034083095e-13,3.012165864e-13,1.242306427e-13,4.208071267e-14,5.950043974e-14,7.85896189e-14,1.287278412e-13,1.717332422e-13,2.765080695e-13,1.114079865e-13,3.499863479e-13,8.10790236e-14,4.364754726e-13,9.400493303e-14
79.8046875,2.891848361e-13,1.75626191e-13,8.012153536e-13,2.833509077e-13,1.225075619e-13,3.075716593e-13,1.129894516e-13,1.324845819e-13,6.294740101e-14,1.547437144e-13,1.404337652e-13,2.09403289e-13,2.478228965e-13,5.098029957e-13,7.924887622e-13,1.245653601e-12,8.120221031e-13,3.402329626e-13,1.021824347e-13,3.002696277e-13,1.212620232e-13,4.214732012e-14,5.784088576e-14,7.860691962e-14,1.265205724e-13,1.670006749e-13,2.702102312e-13,1.096690868e-13,3.392007436e-13,7.914386075e-14,4.25212595e-13,9.177262136e-14
79.8125,2.858326725e-13,1.749415738e-13,7.781126148e-13,2.853061177e-13,1.237818177e-13,3.037991127e-13,1.100957496e-13,1.33800697e-13,6.451958081e-14,1.540989623e-13,1.367516377e-13,2.05288375e-13,2.439836541e-13,5.004481173e-13,7.817913034e-13,1.229473402e-12,7.941383586e-13,3.359864637e-13,1.00961628e-13,2.995489953e-13,1.182753057e-13,4.223310028e-14,5.627171492e-14,7.860839828e-14,1.243586481e-13,1.624232832e-13,2.639866762e-13,1.0784206e-13,3.286277859e-13,7.72242858e-14,4.14119277e-13,8.965145839e-14
79.8203125,2.823372373e-13,1.741347791e-13,7.555578457e-13,2.871765362e-13,1.251230826e-13,3.000372136e-13,1.072742409e-13,1.35045858e-13,6.612050105e-14,1.534231218e-13,1.331549608e-13,2.012844037e-13,2.401944539e-13,4.913440367e-13,7.710447406e-13,1.21314249e-12,7.762925979e-13,3.316395614e-13,9.97779244e-14,2.988828214e-13,1.153566729e-13,4.231010469e-14,5.479121195e-14,7.861116783e-14,1.222284665e-13,1.579723821e-13,2.577382081e-13,1.059899401e-13,3.183963119e-13,7.536640733e-14,4.033426975e-13,8.758997884e-14
79.828125,2.787184485e-13,1.7321684e-13,7.33640745e-13,2.891036813e-13,1.264474897e-13,2.96413375e-13,1.045243159e-13,1.362061467e-13,6.770569648e-14,1.526982318e-13,1.29636621e-13,1.9739444e-13,2.365840705e-13,4.824893924e-13,7.604720193e-13,1.196608981e-12,7.584134959e-13,3.272458564e-13,9.868462502e-14,2.980308381e-13,1.125444505e-13,4.236124118e-14,5.332897681e-14,7.857557652e-14,1.201355371e-13,1.53552719e-13,2.514771478e-13,1.04165111e-13,3.084199416e-13,7.354237611e-14,3.928663317e-13,8.549438365e-14
79.8359375,2.75186181e-13,1.723612082e-13,7.119822882e-13,2.910070307e-13,1.277957605e-13,2.928544675e-13,1.018183931e-13,1.37350499e-13,6.930786217e-14,1.519916454e-13,1.261750786e-13,1.935548824e-13,2.330733158e-13,4.736866765e-13,7.503141166e-13,1.180441752e-12,7.406600538e-13,3.228543606e-13,9.764986868e-14,2.972021131e-13,1.098014835e-13,4.241766506e-14,5.187514455e-14,7.852979831e-14,1.181078934e-13,1.492692609e-13,2.453567017e-13,1.023142432e-13,2.986497506e-13,7.173695083e-14,3.826205815e-13,8.343494821e-14
79.84375,2.717256763e-13,1.715555225e-13,6.906447741e-13,2.927615274e-13,1.291367164e-13,2.892731732e-13,9.914791055e-14,1.385743542e-13,7.095286868e-14,1.513179762e-13,1.227911781e-13,1.897145293e-13,2.295447947e-13,4.648409181e-13,7.404532191e-13,1.165023307e-12,7.232183664e-13,3.183613157e-13,9.659843008e-14,2.967252778e-13,1.070980971e-13,4.247163153e-14,5.048188895e-14,7.854879029e-14,1.161195745e-13,1.452142257e-13,2.394147905e-13,1.004675556e-13,2.891191074e-13,6.99806747e-14,3.724884161e-13,8.151669982e-14
79.8515625,2.682347639e-13,1.706303255e-13,6.698147632e-13,2.945295844e-13,1.303713294e-13,2.857178156e-13,9.652640477e-14,1.398750326e-13,7.263128697e-14,1.506262655e-13,1.194565658e-13,1.858649117e-13,2.260279288e-13,4.560315253e-13,7.306058945e-13,1.149836486e-12,7.060415987e-13,3.137241441e-13,9.552369281e-14,2.964658877e-13,1.04424699e-13,4.250705646e-14,4.918178055e-14,7.859077091e-14,1.141423905e-13,1.412935773e-13,2.335854995e-13,9.869830224e-14,2.798287976e-13,6.828301024e-14,3.62410456e-13,7.970150821e-14
79.859375,2.64739342e-13,1.697310915e-13,6.492242497e-13,2.963229955e-13,1.316270339e-13,2.821133627e-13,9.394514801e-14,1.411565813e-13,7.43740407e-14,1.49943957e-13,1.160955072e-13,1.82050722e-13,2.225215381e-13,4.47378444e-13,7.206972941e-13,1.134399423e-12,6.888495484e-13,3.090926597e-13,9.443868461e-14,2.962741325e-13,1.017841035e-13,4.254947066e-14,4.794401687e-14,7.858704897e-14,1.12184897e-13,1.374650312e-13,2.278952288e-13,9.693224426e-14,2.70764473e-13,6.662242624e-14,3.525209673e-13,7.790800248e-14
79.8671875,2.610984501e-13,1.689621195e-13,6.287791192e-13,2.980269479e-13,1.32966258e-13,2.784304337e-13,9.139402247e-14,1.424215515e-13,7.615488636e-14,1.493609757e-13,1.127187162e-13,1.782760095e-13,2.189527046e-13,4.387389559e-13,7.109226592e-13,1.119030215e-12,6.714294687e-13,3.04396705e-13,9.333544643e-14,2.962515627e-13,9.920032244e-14,4.259118601e-14,4.671948166e-14,7.858407808e-14,1.102281192e-13,1.337317116e-13,2.222675631e-13,9.513797915e-14,2.618259153e-13,6.497802745e-14,3.428442776e-13,7.615579936e-14
79.875,2.572443259e-13,1.681151366e-13,6.089009282e-13,2.99772618e-13,1.34243625e-13,2.749235535e-13,8.889549511e-14,1.437104265e-13,7.788349984e-14,1.48893591e-13,1.094328409e-13,1.745170015e-13,2.153952558e-13,4.299968507e-13,7.013252817e-13,1.103862317e-12,6.53989945e-13,2.994600842e-13,9.225235397e-14,2.962525785e-13,9.668369128e-14,4.260819134e-14,4.552011998e-14,7.860419463e-14,1.08270552e-13,1.300200007e-13,2.165384279e-13,9.344328758e-14,2.52970052e-13,6.336086669e-14,3.33257421e-13,7.449653266e-14
79.8828125,2.534849488e-13,1.672318294e-13,5.897872061e-13,3.015715096e-13,1.355438554e-13,2.716469652e-13,8.647009933e-14,1.44952527e-13,7.960629953e-14,1.484513155e-13,1.062936046e-13,1.708762948e-13,2.119845872e-13,4.215289625e-13,6.917835165e-13,1.088656757e-12,6.369794046e-13,2.945610382e-13,9.124571925e-14,2.960652258e-13,9.421945462e-14,4.263750311e-14,4.438734985e-14,7.858610203e-14,1.063846062e-13,1.263799763e-13,2.108619628e-13,9.181665091e-14,2.444341848e-13,6.180899819e-14,3.238583718e-13,7.290849635e-14
79.890625,2.499117975e-13,1.664558875e-13,5.711317427e-13,3.03279008e-13,1.370083773e-13,2.683285369e-13,8.412112196e-14,1.46117133e-13,8.141013372e-14,1.479466248e-13,1.032309635e-13,1.674346554e-13,2.086767844e-13,4.135364869e-13,6.824707006e-13,1.073702702e-12,6.204992435e-13,2.899879949e-13,9.029169578e-14,2.959069697e-13,9.179828818e-14,4.269813581e-14,4.331663696e-14,7.853591699e-14,1.045962002e-13,1.229615988e-13,2.05494777e-13,9.007348273e-14,2.363751929e-13,6.031767219e-14,3.147503874e-13,7.135929727e-14
79.8984375,2.463107171e-13,1.656713344e-13,5.527551205e-13,3.050098465e-13,1.384512149e-13,2.649329164e-13,8.185529967e-14,1.472578459e-13,8.320887811e-14,1.474155287e-13,1.001600078e-13,1.640357013e-13,2.053737318e-13,4.055621995e-13,6.735619443e-13,1.059335424e-12,6.04315375e-13,2.855110142e-13,8.931507654e-14,2.960388425e-13,8.939520104e-14,4.274240387e-14,4.229283311e-14,7.849085601e-14,1.028471152e-13,1.197564142e-13,2.00358573e-13,8.825847563e-14,2.285914508e-13,5.884958238e-14,3.057913343e-13,6.988622658e-14
79.90625,2.427632259e-13,1.649836855e-13,5.348086673e-13,3.067991105e-13,1.397595856e-13,2.615829128e-13,7.965591433e-14,1.48369147e-13,8.493317106e-14,1.469342887e-13,9.711404538e-14,1.605507753e-13,2.021003291e-13,3.974178693e-13,6.648654712e-13,1.045321767e-12,5.88327112e-13,2.809580414e-13,8.83065723e-14,2.96389918e-13,8.698322636e-14,4.275458711e-14,4.131607951e-14,7.840683602e-14,1.01119427e-13,1.166898804e-13,1.953013968e-13,8.654740862e-14,2.209575016e-13,5.741595591e-14,2.969745444e-13,6.851763158e-14
79.9140625,2.393990664e-13,1.644696679e-13,5.172625475e-13,3.084383867e-13,1.410529187e-13,2.582329538e-13,7.748310912e-14,1.494353298e-13,8.667379651e-14,1.464684656e-13,9.414952603e-14,1.570992986e-13,1.989099088e-13,3.894678916e-13,6.562890012e-13,1.031470827e-12,5.725335702e-13,2.764252192e-13,8.733209592e-14,2.968003505e-13,8.460765979e-14,4.276381545e-14,4.036299534e-14,7.8273507e-14,9.942531465e-14,1.137423185e-13,1.903341581e-13,8.492409987e-14,2.136089789e-13,5.603309382e-14,2.884241036e-13,6.720236626e-14
79.921875,2.360478675e-13,1.637553862e-13,4.999482631e-13,3.099653307e-13,1.423109502e-13,2.549680951e-13,7.53520345e-14,1.504733203e-13,8.846911521e-14,1.459607788e-13,9.12031906e-14,1.537765256e-13,1.958217621e-13,3.817932381e-13,6.479029524e-13,1.017788646e-12,5.568927005e-13,2.718218018e-13,8.640501542e-14,2.972001591e-13,8.232199675e-14,4.277433026e-14,3.942457247e-14,7.816721676e-14,9.77407503e-14,1.108763517e-13,1.854561951e-13,8.329776342e-14,2.065666064e-13,5.467791378e-14,2.800640595e-13,6.59115777e-14
79.9296875,2.326399668e-13,1.629417532e-13,4.830885187e-13,3.115620915e-13,1.435153695e-13,2.51912454e-13,7.332175482e-14,1.514853058e-13,9.026636676e-14,1.454368194e-13,8.823637716e-14,1.505336527e-13,1.928307103e-13,3.742538464e-13,6.396646012e-13,1.004322326e-12,5.415196527e-13,2.670993375e-13,8.546078877e-14,2.976802589e-13,8.0096656e-14,4.277614557e-14,3.85397011e-14,7.810467624e-14,9.607576779e-14,1.08118558e-13,1.806749199e-13,8.166384296e-14,1.997213796e-13,5.335775705e-14,2.718462985e-13,6.469548079e-14
79.9375,2.292339215e-13,1.625324475e-13,4.669518395e-13,3.132745406e-13,1.448063741e-13,2.488591593e-13,7.138859931e-14,1.525118753e-13,9.206385394e-14,1.449223361e-13,8.533549018e-14,1.473738985e-13,1.898832124e-13,3.669364345e-13,6.317152225e-13,9.91359594e-13,5.265539838e-13,2.62464336e-13,8.450096087e-14,2.983991921e-13,7.791431308e-14,4.276764233e-14,3.772867638e-14,7.803387413e-14,9.448022199e-14,1.055623071e-13,1.760655752e-13,8.003680511e-14,1.931435704e-13,5.208941966e-14,2.638895223e-13,6.356988393e-14
79.9453125,2.258516939e-13,1.622151108e-13,4.513704045e-13,3.151698077e-13,1.461555127e-13,2.457632308e-13,6.950577365e-14,1.53585133e-13,9.386918537e-14,1.444322584e-13,8.252676391e-14,1.443276269e-13,1.869842572e-13,3.598583255e-13,6.242688038e-13,9.790207939e-13,5.119600434e-13,2.579570483e-13,8.360817697e-14,2.992357061e-13,7.581019302e-14,4.275479647e-14,3.698299469e-14,7.794847957e-14,9.296243255e-14,1.031998345e-13,1.716407465e-13,7.846865188e-14,1.8697941e-13,5.084626861e-14,2.562421822e-13,6.250184206e-14
79.953125,2.226737582e-13,1.615518207e-13,4.362805383e-13,3.171772667e-13,1.474460228e-13,2.429241986e-13,6.767801319e-14,1.546535775e-13,9.567112386e-14,1.440114198e-13,7.977738555e-14,1.413520542e-13,1.842075883e-13,3.529709557e-13,6.171886615e-13,9.670974878e-13,4.978247438e-13,2.535164432e-13,8.278200135e-14,3.000112833e-13,7.377349845e-14,4.276077245e-14,3.63089767e-14,7.787512896e-14,9.151128907e-14,1.010013094e-13,1.673751845e-13,7.701726914e-14,1.811847385e-13,4.963909058e-14,2.488842854e-13,6.151232017e-14
79.9609375,2.19758446e-13,1.60887817e-13,4.218935624e-13,3.190152031e-13,1.487460643e-13,2.402455222e-13,6.592229776e-14,1.556901678e-13,9.749074255e-14,1.436713497e-13,7.713820888e-14,1.384529973e-13,1.814966792e-13,3.463745961e-13,6.102889178e-13,9.556166626e-13,4.843177519e-13,2.49239015e-13,8.193667822e-14,3.009038788e-13,7.178434418e-14,4.278553242e-14,3.56933739e-14,7.782235886e-14,9.012175643e-14,9.901133312e-14,1.632866057e-13,7.561350484e-14,1.756788499e-13,4.851972976e-14,2.417581774e-13,6.061844831e-14
79.96875,2.168792692e-13,1.603256724e-13,4.081833119e-13,3.206760667e-13,1.500924728e-13,2.37432581e-13,6.422147658e-14,1.566867786e-13,9.931440457e-14,1.433926438e-13,7.462348484e-14,1.357141954e-13,1.787854191e-13,3.4002672e-13,6.035248013e-13,9.445449068e-13,4.71303545e-13,2.451050276e-13,8.107868237e-14,3.019758343e-13,6.987028853e-14,4.279460025e-14,3.509140852e-14,7.778584552e-14,8.877833124e-14,9.721679425e-14,1.593532977e-13,7.41758011e-14,1.705510529e-13,4.747761695e-14,2.348294489e-13,5.975970478e-14
79.9765625,2.140509533e-13,1.595987566e-13,3.951250376e-13,3.224287627e-13,1.514191815e-13,2.347334253e-13,6.258887403e-14,1.575836043e-13,1.010955258e-13,1.431518617e-13,7.218716691e-14,1.331453216e-13,1.762105867e-13,3.337983475e-13,5.9687886e-13,9.335420311e-13,4.585479243e-13,2.409921468e-13,8.030060739e-14,3.030114353e-13,6.801853798e-14,4.27992737e-14,3.449531295e-14,7.773372114e-14,8.748783003e-14,9.557232433e-14,1.55525217e-13,7.27490805e-14,1.658471803e-13,4.6475296e-14,2.282727204e-13,5.892675936e-14
79.984375,2.113525789e-13,1.589657652e-13,3.828446773e-13,3.24278908e-13,1.527247887e-13,2.323389634e-13,6.104986162e-14,1.583791693e-13,1.028537801e-13,1.42883738e-13,6.987303356e-14,1.30658282e-13,1.738256238e-13,3.277338709e-13,5.905197493e-13,9.227280199e-13,4.459915172e-13,2.369217963e-13,7.960265928e-14,3.041410276e-13,6.619528033e-14,4.283536425e-14,3.39423914e-14,7.762732874e-14,8.62581608e-14,9.411875737e-14,1.51857866e-13,7.137067252e-14,1.6144254e-13,4.552379943e-14,2.22156362e-13,5.820034907e-14
79.9921875,2.085695956e-13,1.585906383e-13,3.711396602e-13,3.259698583e-13,1.540069699e-13,2.298964165e-13,5.958050359e-14,1.591153634e-13,1.046153177e-13,1.425747849e-13,6.769222523e-14,1.282076256e-13,1.714837918e-13,3.218633611e-13,5.845402181e-13,9.124189324e-13,4.336540236e-13,2.328908325e-13,7.891644548e-14,3.055139647e-13,6.443667721e-14,4.287565017e-14,3.345433987e-14,7.747286335e-14,8.507036891e-14,9.288284013e-14,1.484389448e-13,7.00206673e-14,1.572924715e-13,4.463524789e-14,2.162372121e-13,5.758679245e-14
80,2.058062283e-13,1.581290043e-13,3.598789738e-13,3.274834314e-13,1.553387757e-13,2.273764121e-13,5.818707794e-14,1.597827994e-13,1.063580737e-13,1.423276508e-13,6.555785347e-14,1.258643332e-13,1.691939061e-13,3.162779425e-13,5.787581163e-13,9.023856479e-13,4.217368448e-13,2.288746051e-13,7.825836501e-14,3.068124392e-13,6.277139696e-14,4.290015624e-14,3.301699763e-14,7.730027536e-14,8.394887528e-14,9.181198005e-14,1.451960416e-13,6.87157712e-14,1.534532126e-13,4.379563329e-14,2.104940604e-13,5.700869461e-14
80.0078125,2.034016328e-13,1.575838771e-13,3.493625347e-13,3.29103103e-13,1.568728035e-13,2.251613254e-13,5.690225086e-14,1.604190663e-13,1.080935104e-13,1.421862388e-13,6.350351824e-14,1.236839368e-13,1.670367187e-13,3.111060489e-13,5.732393064e-13,8.925708463e-13,4.10467046e-13,2.249665599e-13,7.76639884e-14,3.080185608e-13,6.117677124e-14,4.295101668e-14,3.26082634e-14,7.715310485e-14,8.291924133e-14,9.08798718e-14,1.420110072e-13,6.745771769e-14,1.498922372e-13,4.300463885e-14,2.050841134e-13,5.646183227e-14
80.015625,2.011693777e-13,1.571577993e-13,3.395141841e-13,3.308737873e-13,1.584458642e-13,2.231185434e-13,5.565771574e-14,1.610718298e-13,1.098352277e-13,1.420863732e-13,6.162360036e-14,1.215751993e-13,1.648691686e-13,3.060532542e-13,5.681474858e-13,8.833346442e-13,3.996673082e-13,2.211453839e-13,7.708289876e-14,3.094654121e-13,5.96693596e-14,4.302402646e-14,3.222617911e-14,7.708582233e-14,8.192086012e-14,9.011466052e-14,1.389500294e-13,6.620082361e-14,1.465943457e-13,4.227437781e-14,1.998274976e-13,5.60021136e-14
80.0234375,1.988892912e-13,1.566980558e-13,3.299474772e-13,3.324862336e-13,1.598121943e-13,2.208639662e-13,5.439941599e-14,1.616566618e-13,1.115310642e-13,1.420178291e-13,5.985610187e-14,1.19445398e-13,1.626039756e-13,3.008873242e-13,5.632503736e-13,8.745507333e-13,3.891132607e-13,2.173138998e-13,7.647389426e-14,3.110151422e-13,5.827033704e-14,4.306553117e-14,3.188621905e-14,7.705513576e-14,8.093247795e-14,8.953030858e-14,1.361146451e-13,6.493790998e-14,1.436190345e-13,4.159928978e-14,1.945973713e-13,5.562681931e-14
80.03125,1.96724022e-13,1.561715952e-13,3.208309624e-13,3.338318442e-13,1.611767952e-13,2.185235316e-13,5.323564783e-14,1.620967483e-13,1.131523492e-13,1.420267386e-13,5.810674819e-14,1.173475284e-13,1.603880744e-13,2.959722312e-13,5.584127907e-13,8.658342607e-13,3.788829332e-13,2.135367425e-13,7.585154687e-14,3.124942515e-13,5.692530644e-14,4.307992073e-14,3.15933102e-14,7.694453039e-14,8.002721044e-14,8.911526042e-14,1.334517382e-13,6.368679662e-14,1.40952534e-13,4.095991429e-14,1.89595693e-13,5.530963831e-14
80.0390625,1.945899069e-13,1.557156574e-13,3.124887175e-13,3.350427222e-13,1.626465679e-13,2.16326213e-13,5.223114632e-14,1.624423982e-13,1.147207538e-13,1.421215302e-13,5.639636544e-14,1.153247337e-13,1.583167534e-13,2.91356084e-13,5.537914292e-13,8.572299736e-13,3.688922277e-13,2.097871261e-13,7.52344753e-14,3.140859319e-13,5.559500659e-14,4.309015402e-14,3.132993002e-14,7.677240357e-14,7.922030291e-14,8.886936772e-14,1.309107817e-13,6.245624569e-14,1.385892506e-13,4.03570186e-14,1.848549579e-13,5.506603626e-14
80.046875,1.92348914e-13,1.552412708e-13,3.048287086e-13,3.361402885e-13,1.638833536e-13,2.141861627e-13,5.128552039e-14,1.62754567e-13,1.162281971e-13,1.42292978e-13,5.47682315e-14,1.133207555e-13,1.563894317e-13,2.865997749e-13,5.493945854e-13,8.489228281e-13,3.590164413e-13,2.059303014e-13,7.465469531e-14,3.156942747e-13,5.4319691e-14,4.307624482e-14,3.107380916e-14,7.663049265e-14,7.847022953e-14,8.879106518e-14,1.285336604e-13,6.127465276e-14,1.36576833e-13,3.980969034e-14,1.802842531e-13,5.48947101e-14
80.0546875,1.90275655e-13,1.547052468e-13,2.976656437e-13,3.37232723e-13,1.649327462e-13,2.120361513e-13,5.034473982e-14,1.630387107e-13,1.176725107e-13,1.425273405e-13,5.323729102e-14,1.113409407e-13,1.545762136e-13,2.818258554e-13,5.452188538e-13,8.410112552e-13,3.495585083e-13,2.021066599e-13,7.411054229e-14,3.17203574e-13,5.31283121e-14,4.304359281e-14,3.082640748e-14,7.646226106e-14,7.776914944e-14,8.886162383e-14,1.263494157e-13,6.014249482e-14,1.348730907e-13,3.930519494e-14,1.759288105e-13,5.477663101e-14
80.0625,1.884302515e-13,1.541556687e-13,2.908886826e-13,3.384940438e-13,1.661915741e-13,2.09885435e-13,4.94550036e-14,1.632542978e-13,1.190965553e-13,1.427979872e-13,5.184083784e-14,1.094609509e-13,1.527258798e-13,2.773712225e-13,5.413044868e-13,8.334996061e-13,3.406749427e-13,1.984879287e-13,7.354262626e-14,3.188630625e-13,5.200629417e-14,4.302882922e-14,3.061625632e-14,7.619399087e-14,7.710422067e-14,8.910167668e-14,1.243505219e-13,5.900582693e-14,1.334783589e-13,3.881924697e-14,1.717124011e-13,5.474738469e-14
80.0703125,1.865352049e-13,1.534987351e-13,2.845815272e-13,3.397861945e-13,1.675509106e-13,2.077109692e-13,4.863690248e-14,1.633898033e-13,1.205169889e-13,1.431225088e-13,5.063250712e-14,1.076756077e-13,1.507772066e-13,2.730706791e-13,5.375851251e-13,8.262784804e-13,3.321186406e-13,1.949355786e-13,7.29585776e-14,3.206694509e-13,5.096288841e-14,4.302522432e-14,3.045803033e-14,7.59127555e-14,7.647614289e-14,8.955094198e-14,1.225012462e-13,5.786287413e-14,1.324907054e-13,3.838269595e-14,1.675563152e-13,5.483345788e-14
80.078125,1.846669152e-13,1.528153907e-13,2.790636374e-13,3.409687855e-13,1.687961533e-13,2.056309983e-13,4.789624961e-14,1.635429744e-13,1.219183003e-13,1.435576823e-13,4.960146435e-14,1.059228402e-13,1.489384968e-13,2.68936847e-13,5.342083793e-13,8.195196649e-13,3.239457114e-13,1.913804683e-13,7.241498956e-14,3.225207284e-13,5.002934237e-14,4.300998659e-14,3.033393296e-14,7.568983897e-14,7.593211546e-14,9.018020751e-14,1.208026849e-13,5.681422545e-14,1.318248341e-13,3.8028723e-14,1.636109494e-13,5.499551648e-14
80.0859375,1.830901391e-13,1.523104465e-13,2.743131682e-13,3.421981245e-13,1.701241139e-13,2.037579425e-13,4.72327446e-14,1.63759037e-13,1.232820945e-13,1.440982404e-13,4.865765637e-14,1.041895079e-13,1.473316303e-13,2.651948096e-13,5.313327249e-13,8.13489964e-13,3.163782842e-13,1.879807455e-13,7.190421001e-14,3.245822854e-13,4.919564139e-14,4.299282844e-14,3.023296536e-14,7.54677486e-14,7.547594075e-14,9.096957666e-14,1.193452105e-13,5.593008519e-14,1.313471465e-13,3.772376608e-14,1.599040025e-13,5.522634937e-14
80.09375,1.817149317e-13,1.518667978e-13,2.700300402e-13,3.435644072e-13,1.714980743e-13,2.019752753e-13,4.663125757e-14,1.639506006e-13,1.245687946e-13,1.446854355e-13,4.775476616e-14,1.025096261e-13,1.45808105e-13,2.615837206e-13,5.287320261e-13,8.079522226e-13,3.092595321e-13,1.847491312e-13,7.142496846e-14,3.266894372e-13,4.840733977e-14,4.297454206e-14,3.016484885e-14,7.522564665e-14,7.508063009e-14,9.196815175e-14,1.181139549e-13,5.511762886e-14,1.311909826e-13,3.743573161e-14,1.563100847e-13,5.554869916e-14
80.1015625,1.803206293e-13,1.513498367e-13,2.663331919e-13,3.449815439e-13,1.726494807e-13,2.002041059e-13,4.612386815e-14,1.641059632e-13,1.257754566e-13,1.453386771e-13,4.692389322e-14,1.00927801e-13,1.442485372e-13,2.579109515e-13,5.262983435e-13,8.026527865e-13,3.024702808e-13,1.815880198e-13,7.099531918e-14,3.285978644e-13,4.763157808e-14,4.293981377e-14,3.014193747e-14,7.503387081e-14,7.476549129e-14,9.316583692e-14,1.169647738e-13,5.425755921e-14,1.314889935e-13,3.718190853e-14,1.528942381e-13,5.592053219e-14
80.109375,1.789785005e-13,1.508899452e-13,2.63412446e-13,3.463425895e-13,1.737494477e-13,1.985024394e-13,4.571398562e-14,1.642308557e-13,1.269523661e-13,1.461393242e-13,4.617108187e-14,9.947033662e-14,1.426936442e-13,2.544716801e-13,5.241035126e-13,7.976560416e-13,2.961306552e-13,1.785641862e-13,7.057906951e-14,3.305472387e-13,4.6899548e-14,4.290430301e-14,3.017667137e-14,7.490552456e-14,7.452843528e-14,9.451591858e-14,1.159115731e-13,5.342678106e-14,1.321744419e-13,3.69821909e-14,1.498005153e-13,5.629988828e-14
80.1171875,1.779281652e-13,1.505019175e-13,2.610394265e-13,3.475651605e-13,1.75009142e-13,1.968686301e-13,4.532552994e-14,1.641998121e-13,1.280800436e-13,1.47056601e-13,4.550405795e-14,9.811527128e-14,1.412237932e-13,2.513227012e-13,5.22004027e-13,7.928548682e-13,2.902021143e-13,1.757469042e-13,7.01757666e-14,3.325545276e-13,4.625158972e-14,4.289092425e-14,3.025741453e-14,7.474176388e-14,7.433204653e-14,9.604826872e-14,1.150551523e-13,5.272132337e-14,1.332160023e-13,3.684671307e-14,1.47056597e-13,5.671420554e-14
80.125,1.771449693e-13,1.501150303e-13,2.590653178e-13,3.487387525e-13,1.762528446e-13,1.953295479e-13,4.497690023e-14,1.640114667e-13,1.291086208e-13,1.479694794e-13,4.498438258e-14,9.681445846e-14,1.398733316e-13,2.482614159e-13,5.200781938e-13,7.882739391e-13,2.846272188e-13,1.730299134e-13,6.982585439e-14,3.344030579e-13,4.567343017e-14,4.289115813e-14,3.035030128e-14,7.44871175e-14,7.4188887e-14,9.776931024e-14,1.143415812e-13,5.202504576e-14,1.346007103e-13,3.677825605e-14,1.445863697e-13,5.719363173e-14
80.1328125,1.763971067e-13,1.498434474e-13,2.576225985e-13,3.500074237e-13,1.774370809e-13,1.939463886e-13,4.47514276e-14,1.638094558e-13,1.300868201e-13,1.488669919e-13,4.461973187e-14,9.554013918e-14,1.385782021e-13,2.45322096e-13,5.185456934e-13,7.841829783e-13,2.794874201e-13,1.703268934e-13,6.948955124e-14,3.363261205e-13,4.514244571e-14,4.289681487e-14,3.046940763e-14,7.422335728e-14,7.411616316e-14,9.963487098e-14,1.137130599e-13,5.127711609e-14,1.362255678e-13,3.67592797e-14,1.422254718e-13,5.773815059e-14
80.140625,1.757245686e-13,1.497149465e-13,2.568032096e-13,3.51320707e-13,1.786956384e-13,1.926403096e-13,4.45998132e-14,1.63554661e-13,1.310446424e-13,1.498259288e-13,4.434418041e-14,9.42928849e-14,1.372731327e-13,2.425528363e-13,5.170934438e-13,7.803159779e-13,2.74723221e-13,1.67688961e-13,6.912021384e-14,3.384503987e-13,4.466818193e-14,4.291197611e-14,3.065867828e-14,7.399968791e-14,7.408039722e-14,1.016652478e-13,1.132113298e-13,5.061757316e-14,1.38075999e-13,3.678221932e-14,1.399319509e-13,5.833520081e-14
80.1484375,1.753035273e-13,1.495662255e-13,2.56618297e-13,3.525622489e-13,1.799374214e-13,1.913495634e-13,4.446450183e-14,1.631518255e-13,1.319258087e-13,1.508445206e-13,4.412463233e-14,9.308826746e-14,1.360207146e-13,2.399105711e-13,5.154520479e-13,7.763216003e-13,2.702368868e-13,1.65131263e-13,6.87332131e-14,3.405840601e-13,4.423765012e-14,4.292629719e-14,3.08981395e-14,7.374738427e-14,7.406827185e-14,1.038805429e-13,1.128390265e-13,5.005686119e-14,1.402552706e-13,3.685127347e-14,1.378660705e-13,5.897314128e-14
80.15625,1.749766867e-13,1.493416781e-13,2.570188612e-13,3.536300564e-13,1.810661695e-13,1.900875814e-13,4.44032992e-14,1.626773785e-13,1.327375539e-13,1.518864193e-13,4.396384551e-14,9.194552112e-14,1.348612134e-13,2.374309686e-13,5.13907668e-13,7.725378513e-13,2.660934641e-13,1.625759933e-13,6.833158476e-14,3.428682102e-13,4.382862722e-14,4.292492976e-14,3.114143904e-14,7.345169156e-14,7.410565885e-14,1.062473763e-13,1.125775698e-13,4.947614838e-14,1.428288798e-13,3.694749426e-14,1.360612832e-13,5.965587504e-14
80.1640625,1.74509514e-13,1.490699904e-13,2.579720335e-13,3.545662752e-13,1.821609686e-13,1.887740086e-13,4.44276906e-14,1.621805161e-13,1.335255615e-13,1.529901045e-13,4.387271354e-14,9.087472767e-14,1.337185292e-13,2.350769477e-13,5.126261794e-13,7.692276896e-13,2.623357951e-13,1.600226834e-13,6.792749132e-14,3.454199249e-13,4.34783897e-14,4.290689552e-14,3.139726274e-14,7.315834377e-14,7.420654414e-14,1.087754118e-13,1.124453427e-13,4.890819326e-14,1.457899985e-13,3.706821367e-14,1.343965569e-13,6.037541855e-14
80.171875,1.7404169e-13,1.487412668e-13,2.595336316e-13,3.557024061e-13,1.832835971e-13,1.874393131e-13,4.449146285e-14,1.616286684e-13,1.342820192e-13,1.541975264e-13,4.38851443e-14,8.9873955e-14,1.325848687e-13,2.328410344e-13,5.115104769e-13,7.661743373e-13,2.589207167e-13,1.575632219e-13,6.754497413e-14,3.480253849e-13,4.322542396e-14,4.289168825e-14,3.168938068e-14,7.285429487e-14,7.436929093e-14,1.115003221e-13,1.124424373e-13,4.841523185e-14,1.490865783e-13,3.724265294e-14,1.328846423e-13,6.112581232e-14
80.1796875,1.738475849e-13,1.48447158e-13,2.616098656e-13,3.570596119e-13,1.844926922e-13,1.862489525e-13,4.460052379e-14,1.610220305e-13,1.350175775e-13,1.554691529e-13,4.400828637e-14,8.893429007e-14,1.315236876e-13,2.308567407e-13,5.105350291e-13,7.632386376e-13,2.557598078e-13,1.552203583e-13,6.716742585e-14,3.506496785e-13,4.304168476e-14,4.291160173e-14,3.201430406e-14,7.254695099e-14,7.458864607e-14,1.14433995e-13,1.125570055e-13,4.79575033e-14,1.526918034e-13,3.746066131e-14,1.315904993e-13,6.194392983e-14
80.1875,1.738486584e-13,1.482920019e-13,2.640899895e-13,3.581955751e-13,1.857719838e-13,1.851028007e-13,4.476235712e-14,1.603207519e-13,1.357098827e-13,1.567543991e-13,4.41909468e-14,8.8038228e-14,1.305266869e-13,2.290164731e-13,5.096805146e-13,7.604475352e-13,2.527754542e-13,1.52959341e-13,6.681969876e-14,3.533068142e-13,4.289017512e-14,4.294889694e-14,3.236762199e-14,7.225366836e-14,7.486464838e-14,1.175857619e-13,1.128103992e-13,4.753017533e-14,1.56623968e-13,3.769711587e-14,1.304556686e-13,6.282711523e-14
80.1953125,1.737624314e-13,1.481487804e-13,2.671916201e-13,3.591311229e-13,1.869571912e-13,1.838510703e-13,4.497897998e-14,1.595076762e-13,1.36272426e-13,1.580893162e-13,4.441390413e-14,8.718177784e-14,1.295829599e-13,2.271426346e-13,5.090036206e-13,7.578963808e-13,2.500918452e-13,1.507931809e-13,6.655262615e-14,3.558962329e-13,4.276608464e-14,4.294340505e-14,3.275325442e-14,7.19104851e-14,7.520540852e-14,1.209191813e-13,1.132246309e-13,4.715106095e-14,1.60860416e-13,3.798191634e-14,1.294305995e-13,6.371983371e-14
80.203125,1.737073759e-13,1.478555882e-13,2.710119941e-13,3.601928926e-13,1.880898568e-13,1.826767281e-13,4.526886501e-14,1.586616231e-13,1.367514774e-13,1.59540645e-13,4.474230861e-14,8.639540676e-14,1.286984423e-13,2.254497087e-13,5.08498091e-13,7.555455356e-13,2.47840103e-13,1.487270309e-13,6.631131546e-14,3.585148616e-13,4.267562614e-14,4.29165664e-14,3.316942653e-14,7.152860768e-14,7.559053253e-14,1.243698255e-13,1.137439267e-13,4.681478244e-14,1.653923433e-13,3.833378308e-14,1.285532705e-13,6.463177704e-14
80.2109375,1.739763326e-13,1.475220207e-13,2.752453023e-13,3.611977565e-13,1.893383422e-13,1.816668677e-13,4.559853276e-14,1.577834592e-13,1.372479232e-13,1.610808255e-13,4.521409282e-14,8.567459133e-14,1.278148452e-13,2.240285949e-13,5.079338744e-13,7.53168767e-13,2.459171405e-13,1.467124285e-13,6.603317228e-14,3.612508901e-13,4.262786917e-14,4.292943324e-14,3.360405855e-14,7.119889556e-14,7.59831484e-14,1.279468562e-13,1.143047116e-13,4.653587381e-14,1.702494537e-13,3.872222274e-14,1.27825258e-13,6.558729876e-14
80.21875,1.743202957e-13,1.473158143e-13,2.797792475e-13,3.620112112e-13,1.905145059e-13,1.806126188e-13,4.594316552e-14,1.568507449e-13,1.376812603e-13,1.626477853e-13,4.575180304e-14,8.494331773e-14,1.269230024e-13,2.225302415e-13,5.074330206e-13,7.510628167e-13,2.443407365e-13,1.447327881e-13,6.575730696e-14,3.641006644e-13,4.261987337e-14,4.293217065e-14,3.405723252e-14,7.088243173e-14,7.641022152e-14,1.317080802e-13,1.150025488e-13,4.630005268e-14,1.753892257e-13,3.914458382e-14,1.271713251e-13,6.656123939e-14
80.2265625,1.744809848e-13,1.47109097e-13,2.8477666e-13,3.628810497e-13,1.914524741e-13,1.794951987e-13,4.63538244e-14,1.55933974e-13,1.37985895e-13,1.642694115e-13,4.627433682e-14,8.418926928e-14,1.260940287e-13,2.208770307e-13,5.072761257e-13,7.496203307e-13,2.432181484e-13,1.428234576e-13,6.550905754e-14,3.671079613e-13,4.263500098e-14,4.287449009e-14,3.456267198e-14,7.052391455e-14,7.69326298e-14,1.356711395e-13,1.15911438e-13,4.611595595e-14,1.808378428e-13,3.960761063e-14,1.265523e-13,6.758101161e-14
80.234375,1.747889414e-13,1.46690974e-13,2.902576042e-13,3.637690987e-13,1.924489766e-13,1.784928163e-13,4.683748538e-14,1.549745311e-13,1.382616483e-13,1.659466454e-13,4.68203215e-14,8.350308848e-14,1.253249194e-13,2.193628396e-13,5.07039042e-13,7.481732198e-13,2.423117442e-13,1.409949793e-13,6.526228761e-14,3.70058125e-13,4.267798588e-14,4.283525014e-14,3.513809333e-14,7.014506882e-14,7.753054799e-14,1.397912784e-13,1.168726373e-13,4.605202401e-14,1.867185476e-13,4.008085226e-14,1.260352261e-13,6.868565424e-14
80.2421875,1.753269021e-13,1.461965218e-13,2.962983104e-13,3.64555499e-13,1.936629559e-13,1.775967858e-13,4.734377154e-14,1.538555052e-13,1.385384789e-13,1.675688568e-13,4.749398918e-14,8.291042759e-14,1.245963634e-13,2.180583624e-13,5.063740211e-13,7.462716449e-13,2.414783717e-13,1.392173526e-13,6.501090417e-14,3.728718679e-13,4.277332816e-14,4.285786152e-14,3.575132557e-14,6.96845741e-14,7.814309409e-14,1.440390074e-13,1.178363079e-13,4.605774943e-14,1.929575508e-13,4.057882481e-14,1.257176122e-13,6.983965113e-14
80.25,1.758124584e-13,1.458996596e-13,3.030992289e-13,3.653915688e-13,1.948572816e-13,1.766862272e-13,4.786979993e-14,1.527046257e-13,1.387719879e-13,1.691385934e-13,4.83464461e-14,8.237329351e-14,1.239526354e-13,2.168846312e-13,5.058413543e-13,7.448066034e-13,2.410507806e-13,1.374952661e-13,6.476957887e-14,3.760310204e-13,4.292209357e-14,4.288559427e-14,3.638670748e-14,6.914680688e-14,7.878838497e-14,1.484960937e-13,1.189917437e-13,4.604735472e-14,1.994743916e-13,4.115837366e-14,1.256337828e-13,7.103441014e-14
80.2578125,1.764367074e-13,1.457049747e-13,3.105696284e-13,3.662667467e-13,1.95974379e-13,1.757976265e-13,4.842975462e-14,1.516409832e-13,1.389964654e-13,1.708141799e-13,4.932307314e-14,8.192223365e-14,1.233796265e-13,2.158678116e-13,5.058102351e-13,7.441975379e-13,2.412225747e-13,1.358928867e-13,6.456614193e-14,3.795698598e-13,4.309107685e-14,4.291654075e-14,3.706343541e-14,6.870541167e-14,7.951395268e-14,1.532175389e-13,1.203547597e-13,4.610257038e-14,2.064539836e-13,4.180540194e-14,1.257453269e-13,7.228837786e-14
80.265625,1.77361907e-13,1.453288004e-13,3.185111152e-13,3.671407199e-13,1.971505185e-13,1.751148309e-13,4.903083602e-14,1.505380721e-13,1.39197325e-13,1.726198375e-13,5.034294908e-14,8.156308752e-14,1.228531226e-13,2.149933007e-13,5.059555997e-13,7.43828286e-13,2.418244241e-13,1.344250976e-13,6.440911105e-14,3.829374175e-13,4.326430541e-14,4.297682461e-14,3.777632302e-14,6.835688942e-14,8.02966176e-14,1.580881178e-13,1.21811019e-13,4.625713219e-14,2.139166964e-13,4.247742035e-14,1.259994433e-13,7.357028356e-14
80.2734375,1.782479197e-13,1.447949633e-13,3.269972994e-13,3.681486501e-13,1.983603747e-13,1.746936579e-13,4.970846625e-14,1.493342181e-13,1.392786003e-13,1.744530471e-13,5.143186999e-14,8.121904655e-14,1.224199371e-13,2.142397862e-13,5.061537378e-13,7.435780326e-13,2.427284766e-13,1.330365931e-13,6.425888007e-14,3.861692924e-13,4.348000559e-14,4.302441327e-14,3.850405737e-14,6.792443557e-14,8.110035484e-14,1.630320836e-13,1.233926837e-13,4.641087337e-14,2.216345523e-13,4.318613812e-14,1.264002876e-13,7.486499945e-14
80.28125,1.790414328e-13,1.443285288e-13,3.360534692e-13,3.691051195e-13,1.995395672e-13,1.742946477e-13,5.047643361e-14,1.481105967e-13,1.392388196e-13,1.763257696e-13,5.264702973e-14,8.089339385e-14,1.220266297e-13,2.13645526e-13,5.065217728e-13,7.436285376e-13,2.438972265e-13,1.317416824e-13,6.410889406e-14,3.895270726e-13,4.376374942e-14,4.303882453e-14,3.924355733e-14,6.741307997e-14,8.194273055e-14,1.680992373e-13,1.250758409e-13,4.656828669e-14,2.296106271e-13,4.393251517e-14,1.269647908e-13,7.616891457e-14
80.2890625,1.798949046e-13,1.44003944e-13,3.455114725e-13,3.697275697e-13,2.006502838e-13,1.737158239e-13,5.131112246e-14,1.468818113e-13,1.391592841e-13,1.782672145e-13,5.393204556e-14,8.064424125e-14,1.215603454e-13,2.131634296e-13,5.069526486e-13,7.437711095e-13,2.453109183e-13,1.305626782e-13,6.398377347e-14,3.927934847e-13,4.408626346e-14,4.304883928e-14,3.999997037e-14,6.692520498e-14,8.284037171e-14,1.732641952e-13,1.267529176e-13,4.677897791e-14,2.379316949e-13,4.469470664e-14,1.276368062e-13,7.74608222e-14
80.296875,1.806505699e-13,1.43708747e-13,3.553990977e-13,3.701879608e-13,2.016316673e-13,1.731122918e-13,5.220592934e-14,1.456718419e-13,1.390948442e-13,1.801951577e-13,5.52271949e-14,8.042936825e-14,1.21078478e-13,2.127510206e-13,5.073538553e-13,7.440641731e-13,2.469939778e-13,1.294117209e-13,6.384069283e-14,3.96066222e-13,4.443649787e-14,4.305213691e-14,4.078007201e-14,6.646820598e-14,8.37769164e-14,1.785008107e-13,1.284546897e-13,4.702386606e-14,2.465008414e-13,4.549203423e-14,1.283681869e-13,7.878945369e-14
80.3046875,1.813475593e-13,1.432633349e-13,3.658565455e-13,3.706811762e-13,2.025741192e-13,1.726887514e-13,5.316146673e-14,1.445405815e-13,1.390437718e-13,1.820837587e-13,5.657226274e-14,8.019104316e-14,1.206641624e-13,2.124819809e-13,5.078088455e-13,7.447898141e-13,2.489949227e-13,1.283174388e-13,6.364122294e-14,3.997783292e-13,4.482019597e-14,4.30403532e-14,4.158366321e-14,6.60387919e-14,8.47425883e-14,1.838895739e-13,1.302275161e-13,4.731823379e-14,2.553127175e-13,4.634457195e-14,1.291724924e-13,8.020409222e-14
80.3125,1.82180372e-13,1.426620273e-13,3.767746872e-13,3.711562259e-13,2.035505993e-13,1.723459123e-13,5.417051999e-14,1.434226751e-13,1.389417688e-13,1.83979026e-13,5.799437439e-14,7.995456708e-14,1.202632635e-13,2.123447002e-13,5.083756141e-13,7.458239182e-13,2.513776129e-13,1.27432202e-13,6.343192041e-14,4.037507214e-13,4.520363876e-14,4.302459882e-14,4.240391544e-14,6.562987795e-14,8.574886935e-14,1.894187321e-13,1.320744865e-13,4.764453421e-14,2.644343671e-13,4.723900097e-14,1.30036886e-13,8.163611708e-14
80.3203125,1.829956447e-13,1.421556879e-13,3.879915153e-13,3.716533223e-13,2.043798663e-13,1.718827275e-13,5.523333721e-14,1.422250486e-13,1.387391776e-13,1.858584279e-13,5.94833935e-14,7.975786869e-14,1.198853057e-13,2.122129364e-13,5.090259311e-13,7.468891282e-13,2.540382547e-13,1.266628871e-13,6.324981611e-14,4.075191457e-13,4.558113973e-14,4.299816052e-14,4.324433859e-14,6.519496681e-14,8.680331173e-14,1.950018844e-13,1.340385484e-13,4.793308145e-14,2.738211678e-13,4.816593778e-14,1.30978268e-13,8.30138792e-14
80.328125,1.837522254e-13,1.418121612e-13,3.995472211e-13,3.722436465e-13,2.050558472e-13,1.713571996e-13,5.634094301e-14,1.40975567e-13,1.384590233e-13,1.877073361e-13,6.105080327e-14,7.961596663e-14,1.196287774e-13,2.120938013e-13,5.097042852e-13,7.478982151e-13,2.567715145e-13,1.258606554e-13,6.30950358e-14,4.111201956e-13,4.598764687e-14,4.296475052e-14,4.40986403e-14,6.470255328e-14,8.788413506e-14,2.006540462e-13,1.360503588e-13,4.8230053e-14,2.834740177e-13,4.910900963e-14,1.320842624e-13,8.435093758e-14
80.3359375,1.846621918e-13,1.413863029e-13,4.114946562e-13,3.728896658e-13,2.058875619e-13,1.70988689e-13,5.747659804e-14,1.397234866e-13,1.38132808e-13,1.89580746e-13,6.266862665e-14,7.951819362e-14,1.19452231e-13,2.12129221e-13,5.10367677e-13,7.488935675e-13,2.596783329e-13,1.251811265e-13,6.297061807e-14,4.148576141e-13,4.640534783e-14,4.295108352e-14,4.495702873e-14,6.415915043e-14,8.896314688e-14,2.063971024e-13,1.379710915e-13,4.860774912e-14,2.933643736e-13,5.005560197e-14,1.33313631e-13,8.569006112e-14
80.34375,1.856454476e-13,1.408610508e-13,4.237707856e-13,3.734991131e-13,2.068820735e-13,1.707293528e-13,5.863870519e-14,1.38475144e-13,1.377878931e-13,1.91526641e-13,6.425764543e-14,7.943553911e-14,1.192348589e-13,2.123387622e-13,5.109628948e-13,7.499656142e-13,2.62912685e-13,1.247164488e-13,6.284942438e-14,4.188009757e-13,4.680698834e-14,4.29526427e-14,4.584318818e-14,6.364101918e-14,9.006151221e-14,2.122154988e-13,1.398316512e-13,4.904015646e-14,3.033737977e-13,5.103770047e-14,1.345144104e-13,8.705706825e-14
80.3515625,1.865168089e-13,1.404424765e-13,4.363633127e-13,3.739032732e-13,2.077292055e-13,1.703528379e-13,5.982523814e-14,1.372217461e-13,1.374391845e-13,1.935745475e-13,6.582343782e-14,7.938254853e-14,1.189788893e-13,2.12592323e-13,5.114857688e-13,7.512258094e-13,2.66378224e-13,1.243356733e-13,6.27166164e-14,4.227823115e-13,4.721797962e-14,4.294370498e-14,4.675839155e-14,6.320982791e-14,9.121560637e-14,2.18126574e-13,1.417400573e-13,4.951090384e-14,3.136084512e-13,5.207634852e-14,1.356916347e-13,8.841881473e-14
80.359375,1.873527114e-13,1.400816454e-13,4.494005752e-13,3.741996453e-13,2.084052959e-13,1.699631802e-13,6.102167307e-14,1.359362128e-13,1.370373217e-13,1.956758532e-13,6.749497848e-14,7.938525744e-14,1.187486607e-13,2.128487369e-13,5.120698916e-13,7.527785891e-13,2.701169447e-13,1.240341986e-13,6.261738925e-14,4.266990043e-13,4.76480429e-14,4.29222135e-14,4.765833787e-14,6.276443218e-14,9.239663291e-14,2.241188306e-13,1.437361485e-13,5.003152866e-14,3.242189329e-13,5.314621263e-14,1.369541362e-13,8.974438991e-14
80.3671875,1.882758635e-13,1.396874786e-13,4.62905346e-13,3.747663441e-13,2.091090334e-13,1.697747673e-13,6.222663921e-14,1.346263397e-13,1.365700284e-13,1.977105819e-13,6.93131856e-14,7.942205525e-14,1.185561378e-13,2.131566856e-13,5.127147353e-13,7.544636158e-13,2.741006358e-13,1.237694527e-13,6.256300787e-14,4.305676738e-13,4.808385825e-14,4.290338842e-14,4.855289127e-14,6.222069189e-14,9.356011365e-14,2.301785835e-13,1.458075247e-13,5.061624779e-14,3.350134519e-13,5.422898484e-14,1.383012171e-13,9.109711707e-14
80.375,1.892925786e-13,1.393628263e-13,4.765947572e-13,3.754172661e-13,2.098564921e-13,1.696264561e-13,6.346226569e-14,1.33346578e-13,1.361098593e-13,1.997116109e-13,7.111714109e-14,7.948913034e-14,1.183991218e-13,2.134465831e-13,5.132095103e-13,7.559678163e-13,2.780073792e-13,1.233904713e-13,6.253376554e-14,4.343580903e-13,4.852322991e-14,4.289941066e-14,4.948902026e-14,6.167963818e-14,9.473053928e-14,2.363442436e-13,1.4789517e-13,5.128819404e-14,3.458247169e-13,5.531523788e-14,1.396863689e-13,9.251298764e-14
80.3828125,1.90338556e-13,1.390511328e-13,4.902865275e-13,3.756708547e-13,2.10588555e-13,1.693880827e-13,6.473673075e-14,1.321031314e-13,1.356419565e-13,2.017857144e-13,7.284214104e-14,7.958478012e-14,1.183045326e-13,2.136686411e-13,5.136434275e-13,7.575098234e-13,2.82040011e-13,1.230944889e-13,6.256259641e-14,4.381974208e-13,4.894753738e-14,4.290196542e-14,5.04494391e-14,6.119504988e-14,9.595580005e-14,2.426063875e-13,1.500061451e-13,5.200354285e-14,3.567794176e-13,5.639566571e-14,1.411221864e-13,9.393433307e-14
80.390625,1.9136328e-13,1.385878204e-13,5.042662854e-13,3.759047786e-13,2.113192142e-13,1.692747864e-13,6.60339583e-14,1.308700136e-13,1.350841994e-13,2.038277586e-13,7.464943469e-14,7.96516273e-14,1.18328796e-13,2.139895543e-13,5.143265748e-13,7.595437978e-13,2.867140803e-13,1.231303351e-13,6.263900245e-14,4.424068e-13,4.934987186e-14,4.288867759e-14,5.14122357e-14,6.068616027e-14,9.724294521e-14,2.48936764e-13,1.522438184e-13,5.272782281e-14,3.67925619e-13,5.748786375e-14,1.426440326e-13,9.534478059e-14
80.3984375,1.923778437e-13,1.380142748e-13,5.18774479e-13,3.765646861e-13,2.120089304e-13,1.693377267e-13,6.736899854e-14,1.296576736e-13,1.344692531e-13,2.057415301e-13,7.656011636e-14,7.969411482e-14,1.185045921e-13,2.145060399e-13,5.151736809e-13,7.619454437e-13,2.918437104e-13,1.232799016e-13,6.268025983e-14,4.469812617e-13,4.975299214e-14,4.285975781e-14,5.24061448e-14,6.013824052e-14,9.857485374e-14,2.553682067e-13,1.546130379e-13,5.351908699e-14,3.792178558e-13,5.860795687e-14,1.442777739e-13,9.675947636e-14
80.40625,1.933521685e-13,1.373611947e-13,5.335924038e-13,3.770467999e-13,2.125958222e-13,1.693544826e-13,6.877103397e-14,1.284695291e-13,1.338728236e-13,2.0766642e-13,7.843671447e-14,7.979397884e-14,1.187428244e-13,2.150565669e-13,5.159454038e-13,7.64499138e-13,2.971274496e-13,1.233456124e-13,6.270254422e-14,4.516526069e-13,5.01465907e-14,4.282900883e-14,5.342211275e-14,5.960903139e-14,9.994219091e-14,2.619086183e-13,1.570457478e-13,5.437015735e-14,3.907860063e-13,5.975330796e-14,1.46000767e-13,9.81657551e-14
80.4140625,1.943296559e-13,1.365970925e-13,5.484916788e-13,3.769983562e-13,2.131515987e-13,1.692871286e-13,7.020506146e-14,1.273044597e-13,1.332971375e-13,2.09646706e-13,8.033467865e-14,7.99375343e-14,1.189400569e-13,2.155758521e-13,5.167395424e-13,7.67341048e-13,3.026878015e-13,1.234398969e-13,6.278687769e-14,4.564077977e-13,5.051533971e-14,4.279924126e-14,5.441067967e-14,5.910291604e-14,1.013489684e-13,2.685343978e-13,1.59548156e-13,5.524874681e-14,4.026629758e-13,6.092202908e-14,1.477471138e-13,9.959018013e-14
80.421875,1.955384753e-13,1.358728557e-13,5.635370263e-13,3.770750861e-13,2.138329382e-13,1.693244745e-13,7.162889709e-14,1.261910206e-13,1.327249825e-13,2.115461493e-13,8.234898861e-14,8.004306725e-14,1.191731459e-13,2.162612985e-13,5.176830845e-13,7.703761464e-13,3.083978501e-13,1.235831346e-13,6.290295682e-14,4.613144134e-13,5.090170482e-14,4.278622919e-14,5.537675738e-14,5.856019454e-14,1.027831435e-13,2.752240166e-13,1.620824316e-13,5.623088762e-14,4.145554824e-13,6.20953732e-14,1.495212247e-13,1.010423487e-13
80.4296875,1.969604736e-13,1.352587632e-13,5.788672425e-13,3.774555418e-13,2.146653628e-13,1.695582623e-13,7.306694635e-14,1.251129506e-13,1.321295588e-13,2.133759231e-13,8.439456689e-14,8.011338532e-14,1.195333738e-13,2.171665934e-13,5.186539877e-13,7.733568065e-13,3.140882449e-13,1.237476577e-13,6.299758738e-14,4.662753381e-13,5.13395959e-14,4.280181407e-14,5.636218934e-14,5.7949097e-14,1.042127279e-13,2.819192326e-13,1.645517898e-13,5.729441001e-14,4.263062489e-13,6.326726766e-14,1.513676467e-13,1.024597948e-13
80.4375,1.981978636e-13,1.345737891e-13,5.94538261e-13,3.776217952e-13,2.154443741e-13,1.698363824e-13,7.453006699e-14,1.240288713e-13,1.314850899e-13,2.152389696e-13,8.644975971e-14,8.021672335e-14,1.199493228e-13,2.18018288e-13,5.195368521e-13,7.763978275e-13,3.199975161e-13,1.240041693e-13,6.312005428e-14,4.712473303e-13,5.179969294e-14,4.281010914e-14,5.736697558e-14,5.734901288e-14,1.056511203e-13,2.886041698e-13,1.670084903e-13,5.830975597e-14,4.381820316e-13,6.447425517e-14,1.532411067e-13,1.038349744e-13
80.4453125,1.991224835e-13,1.337802097e-13,6.104474359e-13,3.77544521e-13,2.160285711e-13,1.70021834e-13,7.598515789e-14,1.229725026e-13,1.308330814e-13,2.171076776e-13,8.85716486e-14,8.040066759e-14,1.20389496e-13,2.187481585e-13,5.203606182e-13,7.796171569e-13,3.261746437e-13,1.243127881e-13,6.329893392e-14,4.762122673e-13,5.224420195e-14,4.278308045e-14,5.835684364e-14,5.682284905e-14,1.071320805e-13,2.952986087e-13,1.695729839e-13,5.932852066e-14,4.503407462e-13,6.570559592e-14,1.55117134e-13,1.052058157e-13
80.453125,2.000502434e-13,1.329765785e-13,6.264076217e-13,3.774063319e-13,2.165986834e-13,1.702630034e-13,7.743151989e-14,1.219619413e-13,1.302134603e-13,2.189432721e-13,9.070662956e-14,8.064243143e-14,1.208788954e-13,2.197212198e-13,5.21114397e-13,7.827238358e-13,3.323585814e-13,1.24596564e-13,6.346344945e-14,4.810331977e-13,5.266299959e-14,4.275264198e-14,5.931742268e-14,5.628347352e-14,1.08605568e-13,3.019051462e-13,1.721723589e-13,6.047561559e-14,4.624744618e-13,6.689709078e-14,1.570712874e-13,1.065396917e-13
80.4609375,2.011212945e-13,1.321046844e-13,6.423813764e-13,3.771015561e-13,2.172741161e-13,1.706607622e-13,7.889575044e-14,1.209484063e-13,1.295946815e-13,2.207650107e-13,9.281955918e-14,8.08754284e-14,1.213401297e-13,2.210389662e-13,5.216930211e-13,7.853841124e-13,3.384323383e-13,1.248682154e-13,6.357117365e-14,4.856272533e-13,5.305337334e-14,4.274470625e-14,6.025419806e-14,5.567380773e-14,1.100117506e-13,3.083132563e-13,1.746250496e-13,6.170386943e-14,4.743360538e-13,6.804582912e-14,1.59081093e-13,1.077942825e-13
80.46875,2.021628103e-13,1.311901304e-13,6.584048928e-13,3.768002168e-13,2.178740135e-13,1.710395759e-13,8.03773246e-14,1.19954862e-13,1.289631952e-13,2.225475434e-13,9.49487982e-14,8.110356798e-14,1.217864848e-13,2.223306083e-13,5.221185554e-13,7.877250492e-13,3.444138856e-13,1.25102491e-13,6.367823915e-14,4.901361269e-13,5.341192971e-14,4.274388525e-14,6.115287379e-14,5.507347945e-14,1.113771303e-13,3.14554669e-13,1.769011835e-13,6.293762483e-14,4.860700196e-13,6.918796896e-14,1.610300313e-13,1.089808202e-13
80.4765625,2.031586617e-13,1.304022182e-13,6.743646968e-13,3.767202705e-13,2.183976779e-13,1.713549239e-13,8.183714237e-14,1.190343046e-13,1.283536554e-13,2.242874279e-13,9.706858718e-14,8.136449344e-14,1.223152661e-13,2.23455837e-13,5.224490611e-13,7.900837958e-13,3.503505036e-13,1.252643892e-13,6.382820259e-14,4.948019221e-13,5.373619809e-14,4.274424986e-14,6.199901877e-14,5.452715883e-14,1.127006847e-13,3.207061059e-13,1.790898683e-13,6.422636943e-14,4.977450181e-13,7.032112915e-14,1.628899176e-13,1.10131099e-13
80.484375,2.041716199e-13,1.296506923e-13,6.901235136e-13,3.76553968e-13,2.190105962e-13,1.716826557e-13,8.324332803e-14,1.181615548e-13,1.277711825e-13,2.260440546e-13,9.914802948e-14,8.161212788e-14,1.228325375e-13,2.245296173e-13,5.225426496e-13,7.924424326e-13,3.562481572e-13,1.253848047e-13,6.398349743e-14,4.996199724e-13,5.401463155e-14,4.274749106e-14,6.28196015e-14,5.399963029e-14,1.139537855e-13,3.268200882e-13,1.812216222e-13,6.560803825e-14,5.092127696e-13,7.143402154e-14,1.64646968e-13,1.112845001e-13
80.4921875,2.050254196e-13,1.287858113e-13,7.057939696e-13,3.761401732e-13,2.195476309e-13,1.719772925e-13,8.464430688e-14,1.17361191e-13,1.271780595e-13,2.27785598e-13,1.012381693e-13,8.182858738e-14,1.233116433e-13,2.25532864e-13,5.225403922e-13,7.94785741e-13,3.621726125e-13,1.255666795e-13,6.414033656e-14,5.043652315e-13,5.42470004e-14,4.273307856e-14,6.362823574e-14,5.345605107e-14,1.152160968e-13,3.328963001e-13,1.83279817e-13,6.698842588e-14,5.205051239e-13,7.252708429e-14,1.663010692e-13,1.124404857e-13
80.5,2.057755687e-13,1.279882766e-13,7.216659164e-13,3.75836871e-13,2.199117802e-13,1.723863259e-13,8.609963046e-14,1.166907843e-13,1.265400668e-13,2.294336569e-13,1.033999412e-13,8.207766878e-14,1.239260784e-13,2.265995012e-13,5.229460459e-13,7.974242453e-13,3.684039777e-13,1.259475741e-13,6.435804842e-14,5.091098354e-13,5.446778319e-14,4.269703603e-14,6.439041821e-14,5.288515259e-14,1.16537727e-13,3.388753871e-13,1.852787972e-13,6.831231356e-14,5.317506798e-13,7.361134052e-14,1.679748049e-13,1.135573749e-13
80.5078125,2.068020745e-13,1.273498988e-13,7.376881695e-13,3.75734888e-13,2.203932624e-13,1.730351728e-13,8.755614721e-14,1.160545126e-13,1.258651252e-13,2.310641623e-13,1.056057956e-13,8.233022746e-14,1.245873988e-13,2.278620098e-13,5.235851403e-13,8.002276774e-13,3.748724942e-13,1.264483077e-13,6.459798261e-14,5.140844001e-13,5.468786934e-14,4.266567579e-14,6.511345031e-14,5.231514459e-14,1.178148919e-13,3.447858046e-13,1.872549716e-13,6.971128115e-14,5.428789417e-13,7.47047969e-14,1.696797458e-13,1.146412917e-13
80.515625,2.079299727e-13,1.266485171e-13,7.533601432e-13,3.755263972e-13,2.209450334e-13,1.735780969e-13,8.894690263e-14,1.153509053e-13,1.251874814e-13,2.327694983e-13,1.077572679e-13,8.251756594e-14,1.251126194e-13,2.289653731e-13,5.238033589e-13,8.027343895e-13,3.810989405e-13,1.268635791e-13,6.477864415e-14,5.190677626e-13,5.486682714e-14,4.264293136e-14,6.584874238e-14,5.174693244e-14,1.190136284e-13,3.506685642e-13,1.89220415e-13,7.126071067e-14,5.537977819e-13,7.578219642e-14,1.712830808e-13,1.156951248e-13
80.5234375,2.086908761e-13,1.258523623e-13,7.685219052e-13,3.751952025e-13,2.211980614e-13,1.739139413e-13,9.028914342e-14,1.146577851e-13,1.245057091e-13,2.344559987e-13,1.09867451e-13,8.271240126e-14,1.257092085e-13,2.297300266e-13,5.23744261e-13,8.051478253e-13,3.871827933e-13,1.272944421e-13,6.497416169e-14,5.237303084e-13,5.500401107e-14,4.261426026e-14,6.657975315e-14,5.114105024e-14,1.202253507e-13,3.563984918e-13,1.911327033e-13,7.286818499e-14,5.645070039e-13,7.681481863e-14,1.728821236e-13,1.166600972e-13
80.53125,2.093503082e-13,1.251139132e-13,7.835721662e-13,3.749657682e-13,2.212820613e-13,1.744440892e-13,9.157626786e-14,1.140474404e-13,1.238022679e-13,2.360475697e-13,1.120472197e-13,8.299415728e-14,1.265446252e-13,2.305617319e-13,5.238203232e-13,8.078172661e-13,3.935202708e-13,1.278947841e-13,6.526080007e-14,5.281867212e-13,5.513941585e-14,4.258654197e-14,6.725763951e-14,5.054911897e-14,1.21445817e-13,3.619395447e-13,1.929687682e-13,7.453229061e-14,5.749494133e-13,7.784955501e-14,1.746430703e-13,1.175521825e-13
80.5390625,2.102642642e-13,1.244007656e-13,7.985649655e-13,3.747626244e-13,2.21518254e-13,1.751453364e-13,9.278515425e-14,1.134828187e-13,1.230945241e-13,2.376142767e-13,1.142373898e-13,8.329134323e-14,1.274102394e-13,2.31561621e-13,5.238146635e-13,8.10488753e-13,3.998723146e-13,1.284933659e-13,6.555594664e-14,5.326365414e-13,5.52493e-14,4.256151554e-14,6.789178582e-14,5.002326352e-14,1.226012473e-13,3.674175655e-13,1.947476054e-13,7.626367363e-14,5.85026062e-13,7.890046577e-14,1.76381279e-13,1.18446166e-13
80.546875,2.111826868e-13,1.237110549e-13,8.130597373e-13,3.744007228e-13,2.21826534e-13,1.757212837e-13,9.396951568e-14,1.129528788e-13,1.223855003e-13,2.391706591e-13,1.16307777e-13,8.34939779e-14,1.281766834e-13,2.323816466e-13,5.23651607e-13,8.129640913e-13,4.059809848e-13,1.289766637e-13,6.582957445e-14,5.370966031e-13,5.528595875e-14,4.252267378e-14,6.849103644e-14,4.948606928e-14,1.236891449e-13,3.727621741e-13,1.96391454e-13,7.793470474e-14,5.946507996e-13,7.988321606e-14,1.778500748e-13,1.193009302e-13
80.5546875,2.120427474e-13,1.23109933e-13,8.269841948e-13,3.73979826e-13,2.221093322e-13,1.763185256e-13,9.51507578e-14,1.124764155e-13,1.21651357e-13,2.406996594e-13,1.183315426e-13,8.359821471e-14,1.289271224e-13,2.330078823e-13,5.235710264e-13,8.15324781e-13,4.119936264e-13,1.294517588e-13,6.613344152e-14,5.415888429e-13,5.52772469e-14,4.247321412e-14,6.904115508e-14,4.892633015e-14,1.247243311e-13,3.778485801e-13,1.9784254e-13,7.959916623e-14,6.038350975e-13,8.077895536e-14,1.791515765e-13,1.2005366e-13
80.5625,2.129611909e-13,1.224198786e-13,8.4074051e-13,3.735570447e-13,2.223732634e-13,1.770568772e-13,9.62633602e-14,1.120315967e-13,1.208925746e-13,2.422772258e-13,1.204260061e-13,8.371403885e-14,1.297158655e-13,2.337082512e-13,5.234334762e-13,8.174734505e-13,4.178804405e-13,1.299465017e-13,6.641353459e-14,5.460476288e-13,5.528168828e-14,4.241448327e-14,6.955632177e-14,4.842111008e-14,1.257075908e-13,3.827739828e-13,1.992496972e-13,8.144117907e-14,6.127709116e-13,8.166948571e-14,1.805390172e-13,1.207376878e-13
80.5703125,2.136505144e-13,1.215805151e-13,8.544959573e-13,3.729855901e-13,2.224410512e-13,1.777726887e-13,9.729970442e-14,1.115845406e-13,1.201002243e-13,2.438945258e-13,1.225820783e-13,8.390876792e-14,1.305449922e-13,2.345240785e-13,5.230941252e-13,8.192623676e-13,4.235720844e-13,1.304373188e-13,6.664604693e-14,5.502776006e-13,5.530760571e-14,4.231891143e-14,7.002532679e-14,4.791341704e-14,1.266424783e-13,3.875443864e-13,2.006431936e-13,8.338524041e-14,6.214518848e-13,8.258298485e-14,1.820298018e-13,1.213445469e-13
80.578125,2.140980204e-13,1.20877905e-13,8.679846655e-13,3.723534067e-13,2.22276688e-13,1.784696077e-13,9.831905964e-14,1.111302966e-13,1.192614452e-13,2.454352003e-13,1.247536591e-13,8.4089531e-14,1.313518461e-13,2.353082713e-13,5.226683942e-13,8.206395117e-13,4.291387323e-13,1.30914002e-13,6.693531501e-14,5.542219468e-13,5.531356981e-14,4.219065358e-14,7.040756989e-14,4.732525902e-14,1.275032535e-13,3.92038608e-13,2.018093853e-13,8.532370139e-14,6.29511249e-13,8.348741584e-14,1.833933663e-13,1.21842148e-13
80.5859375,2.147114991e-13,1.203453344e-13,8.809645166e-13,3.718077278e-13,2.221587791e-13,1.791972869e-13,9.932298323e-14,1.107141359e-13,1.184255928e-13,2.468839224e-13,1.268643008e-13,8.419024122e-14,1.320968755e-13,2.359955317e-13,5.220977699e-13,8.216676288e-13,4.34481428e-13,1.313392989e-13,6.728589502e-14,5.580414576e-13,5.526791767e-14,4.207645548e-14,7.073091375e-14,4.671860443e-14,1.282823533e-13,3.963226359e-13,2.027440148e-13,8.731412675e-14,6.36924173e-13,8.436210028e-14,1.845646048e-13,1.223076066e-13
80.59375,2.154434905e-13,1.197403359e-13,8.93388154e-13,3.711762952e-13,2.222164162e-13,1.799141958e-13,1.002639778e-13,1.103917603e-13,1.176243795e-13,2.482819976e-13,1.288641107e-13,8.428998993e-14,1.328915286e-13,2.366600707e-13,5.213977454e-13,8.226527487e-13,4.396433977e-13,1.317622023e-13,6.760966653e-14,5.619499279e-13,5.518809875e-14,4.198688103e-14,7.104042211e-14,4.613363308e-14,1.290105051e-13,4.004557215e-13,2.03623934e-13,8.931138829e-14,6.441269018e-13,8.517235866e-14,1.857613223e-13,1.227842271e-13
80.6015625,2.160276772e-13,1.190968746e-13,9.051887347e-13,3.70470322e-13,2.22308905e-13,1.806663556e-13,1.011284694e-13,1.101478068e-13,1.168207828e-13,2.496412055e-13,1.30839103e-13,8.440330766e-14,1.337511777e-13,2.372759658e-13,5.207339209e-13,8.237439258e-13,4.448486006e-13,1.322008692e-13,6.792036199e-14,5.659592681e-13,5.508307304e-14,4.189587917e-14,7.132050958e-14,4.553935588e-14,1.296846457e-13,4.043599287e-13,2.044408365e-13,9.127661468e-14,6.51179305e-13,8.59019922e-14,1.869852253e-13,1.23213581e-13
80.609375,2.165464022e-13,1.185211431e-13,9.164702752e-13,3.699326773e-13,2.223196849e-13,1.814097814e-13,1.019464673e-13,1.099245458e-13,1.160154511e-13,2.510043604e-13,1.328621707e-13,8.445937777e-14,1.34529384e-13,2.376501848e-13,5.199158088e-13,8.24650178e-13,4.499151392e-13,1.325444859e-13,6.826288624e-14,5.697915985e-13,5.492512805e-14,4.180001717e-14,7.156795871e-14,4.493999846e-14,1.303088598e-13,4.08070687e-13,2.051524364e-13,9.334398941e-14,6.577526185e-13,8.661102249e-14,1.879990635e-13,1.236110191e-13
80.6171875,2.171246524e-13,1.179297736e-13,9.275211583e-13,3.693646338e-13,2.222712598e-13,1.820771201e-13,1.02738447e-13,1.096954219e-13,1.152185795e-13,2.523811733e-13,1.34860415e-13,8.448221795e-14,1.352580414e-13,2.378056149e-13,5.187540236e-13,8.251560078e-13,4.545640768e-13,1.32823196e-13,6.863010505e-14,5.732671487e-13,5.472245145e-14,4.170968252e-14,7.179608945e-14,4.434667246e-14,1.309149141e-13,4.116117505e-13,2.057734361e-13,9.554731586e-14,6.637404217e-13,8.733653705e-14,1.888584036e-13,1.240187283e-13
80.625,2.178397913e-13,1.17364763e-13,9.380987899e-13,3.685215263e-13,2.222726939e-13,1.828097313e-13,1.034696941e-13,1.094677214e-13,1.143843244e-13,2.537262761e-13,1.367219745e-13,8.450672686e-14,1.360602128e-13,2.379886528e-13,5.174507498e-13,8.253199162e-13,4.588979126e-13,1.331367791e-13,6.902491657e-14,5.765238892e-13,5.450212179e-14,4.162666721e-14,7.198066019e-14,4.376213271e-14,1.314546661e-13,4.148589247e-13,2.062177621e-13,9.780476908e-14,6.691211233e-13,8.802513441e-14,1.897306793e-13,1.243772599e-13
80.6328125,2.187656858e-13,1.169068564e-13,9.476862762e-13,3.676845192e-13,2.223836366e-13,1.835994105e-13,1.040955272e-13,1.092801264e-13,1.135336976e-13,2.550582769e-13,1.384465488e-13,8.449077416e-14,1.368652652e-13,2.382035985e-13,5.160509078e-13,8.251169014e-13,4.629442292e-13,1.333780792e-13,6.944435001e-14,5.796625107e-13,5.425204973e-14,4.155602352e-14,7.211059605e-14,4.320594694e-14,1.318526955e-13,4.177977183e-13,2.064471845e-13,1.001206585e-13,6.737993936e-13,8.864455226e-14,1.904886205e-13,1.246530227e-13
80.640625,2.197464316e-13,1.164422724e-13,9.565475868e-13,3.670191716e-13,2.225284719e-13,1.842695233e-13,1.046331996e-13,1.091744466e-13,1.12738147e-13,2.564349034e-13,1.402066535e-13,8.443828521e-14,1.376164398e-13,2.382570934e-13,5.144035775e-13,8.244834208e-13,4.665414255e-13,1.334620592e-13,6.986427705e-14,5.826924756e-13,5.398613136e-14,4.149783471e-14,7.219231415e-14,4.267015217e-14,1.321315619e-13,4.205049801e-13,2.065337997e-13,1.025143948e-13,6.778906913e-13,8.923179378e-14,1.910499264e-13,1.248874695e-13
80.6484375,2.206279863e-13,1.159250693e-13,9.651696824e-13,3.663097204e-13,2.226140884e-13,1.848858509e-13,1.051126709e-13,1.091449876e-13,1.119744971e-13,2.578601385e-13,1.421358631e-13,8.438819711e-14,1.383795414e-13,2.381225953e-13,5.126239775e-13,8.235567271e-13,4.697690899e-13,1.334742036e-13,7.026550612e-14,5.857695047e-13,5.374233716e-14,4.144145805e-14,7.221740874e-14,4.214219203e-14,1.323395005e-13,4.229934109e-13,2.06507103e-13,1.049542702e-13,6.815425767e-13,8.980415818e-14,1.915571434e-13,1.250930889e-13
80.65625,2.214672803e-13,1.154435951e-13,9.733468047e-13,3.654875742e-13,2.226361215e-13,1.855082212e-13,1.05516595e-13,1.091715799e-13,1.112302773e-13,2.592854943e-13,1.441126239e-13,8.433205193e-14,1.391131422e-13,2.379134426e-13,5.108700582e-13,8.225144818e-13,4.728006074e-13,1.334450708e-13,7.062091318e-14,5.889257171e-13,5.348909148e-14,4.138996976e-14,7.221429896e-14,4.164436253e-14,1.324883207e-13,4.253147109e-13,2.064022347e-13,1.073955483e-13,6.84653926e-13,9.033895631e-14,1.920505582e-13,1.252717392e-13
80.6640625,2.222473453e-13,1.150245565e-13,9.809050666e-13,3.646326153e-13,2.226540792e-13,1.86045637e-13,1.058432825e-13,1.092590235e-13,1.105572437e-13,2.606815499e-13,1.460260357e-13,8.426570818e-14,1.397767944e-13,2.377057242e-13,5.09169141e-13,8.214507126e-13,4.756542692e-13,1.333983021e-13,7.095421884e-14,5.919353475e-13,5.318785102e-14,4.135171859e-14,7.221110921e-14,4.116133969e-14,1.326017665e-13,4.274989762e-13,2.062344725e-13,1.098357109e-13,6.871879056e-13,9.082759891e-14,1.924986567e-13,1.254223025e-13
80.671875,2.229505129e-13,1.146720705e-13,9.880504972e-13,3.638038703e-13,2.227207509e-13,1.866099257e-13,1.061274609e-13,1.094166406e-13,1.098978346e-13,2.621066308e-13,1.479604824e-13,8.41930885e-14,1.405045262e-13,2.374783526e-13,5.076450139e-13,8.205120181e-13,4.784113535e-13,1.334623652e-13,7.135128027e-14,5.947503169e-13,5.28786015e-14,4.131361705e-14,7.217024277e-14,4.06519636e-14,1.326980457e-13,4.294822707e-13,2.059279472e-13,1.123701034e-13,6.893340769e-13,9.1280611e-14,1.929762361e-13,1.255178706e-13
80.6796875,2.237823739e-13,1.143508604e-13,9.946229024e-13,3.630486296e-13,2.228192193e-13,1.87277408e-13,1.063732791e-13,1.096417287e-13,1.091771045e-13,2.635823077e-13,1.498863245e-13,8.408969901e-14,1.413213028e-13,2.371325801e-13,5.06241939e-13,8.196208601e-13,4.811149846e-13,1.336324889e-13,7.180953817e-14,5.974541727e-13,5.258286276e-14,4.127114345e-14,7.20837873e-14,4.015680635e-14,1.327619052e-13,4.312631342e-13,2.054646197e-13,1.15052441e-13,6.911247179e-13,9.169240124e-14,1.934783365e-13,1.25585611e-13
80.6875,2.248789425e-13,1.140050123e-13,1.000283075e-12,3.622611212e-13,2.229264352e-13,1.878763522e-13,1.065701508e-13,1.099011109e-13,1.084803018e-13,2.650174943e-13,1.516447715e-13,8.395014056e-14,1.420698973e-13,2.366160591e-13,5.045774852e-13,8.182390377e-13,4.834588908e-13,1.33719065e-13,7.225118351e-14,5.999303916e-13,5.224755293e-14,4.124968493e-14,7.198111106e-14,3.973070266e-14,1.327600742e-13,4.328180947e-13,2.048423039e-13,1.178355234e-13,6.923207056e-13,9.20293706e-14,1.938476368e-13,1.256551397e-13
80.6953125,2.260531103e-13,1.137339575e-13,1.005231516e-12,3.613613205e-13,2.23044031e-13,1.884511121e-13,1.067269469e-13,1.101609622e-13,1.078530423e-13,2.664206351e-13,1.532665111e-13,8.380243318e-14,1.427646682e-13,2.359900641e-13,5.026083769e-13,8.161768862e-13,4.852184282e-13,1.336719569e-13,7.268016926e-14,6.021908139e-13,5.185567673e-14,4.124605612e-14,7.181703151e-14,3.932813392e-14,1.326489544e-13,4.34003043e-13,2.039581955e-13,1.207037103e-13,6.928457819e-13,9.22805115e-14,1.940509963e-13,1.256458056e-13
80.703125,2.270428366e-13,1.135931535e-13,1.009866179e-12,3.604700569e-13,2.230816362e-13,1.891432759e-13,1.068343332e-13,1.10452174e-13,1.072035179e-13,2.678467907e-13,1.548776897e-13,8.366222329e-14,1.435239253e-13,2.353350094e-13,5.006905895e-13,8.139089323e-13,4.866317451e-13,1.336256112e-13,7.31231897e-14,6.044035875e-13,5.146557304e-14,4.121895142e-14,7.155738228e-14,3.891893911e-14,1.324254016e-13,4.348060357e-13,2.027839777e-13,1.235508433e-13,6.928709661e-13,9.249180416e-14,1.94260992e-13,1.255173968e-13
80.7109375,2.278847732e-13,1.134092756e-13,1.014010885e-12,3.595820665e-13,2.230028914e-13,1.897340059e-13,1.068710502e-13,1.108071068e-13,1.065271381e-13,2.692002736e-13,1.564731848e-13,8.350812895e-14,1.442629034e-13,2.346146329e-13,4.987730584e-13,8.114798527e-13,4.877687748e-13,1.33570107e-13,7.354030848e-14,6.063890679e-13,5.109926854e-14,4.117650766e-14,7.126858116e-14,3.856747535e-14,1.321308955e-13,4.353890818e-13,2.014057365e-13,1.262151503e-13,6.923465521e-13,9.268975388e-14,1.945274597e-13,1.25366431e-13
80.71875,2.288187712e-13,1.131128229e-13,1.017145402e-12,3.586175683e-13,2.229913442e-13,1.900744427e-13,1.068224046e-13,1.111835934e-13,1.058884534e-13,2.705093344e-13,1.579990091e-13,8.329586802e-14,1.449046426e-13,2.336458086e-13,4.964915565e-13,8.084682328e-13,4.8829817e-13,1.333345012e-13,7.391557825e-14,6.079939042e-13,5.070541496e-14,4.116600743e-14,7.098281e-14,3.826879901e-14,1.317550475e-13,4.358370643e-13,1.998858682e-13,1.288425307e-13,6.911036408e-13,9.284723062e-14,1.946667252e-13,1.252351046e-13
80.7265625,2.298332567e-13,1.1282571e-13,1.019370657e-12,3.576270351e-13,2.230957303e-13,1.903920534e-13,1.066773872e-13,1.11547967e-13,1.052545356e-13,2.719374884e-13,1.594403897e-13,8.301629658e-14,1.455516925e-13,2.323439626e-13,4.939129953e-13,8.050220457e-13,4.882859222e-13,1.329304392e-13,7.428324315e-14,6.094939086e-13,5.025815586e-14,4.117029814e-14,7.067025812e-14,3.79369961e-14,1.312734592e-13,4.361110595e-13,1.982780572e-13,1.316349391e-13,6.893688887e-13,9.296630174e-14,1.946352687e-13,1.250635979e-13
80.734375,2.307436502e-13,1.125792772e-13,1.021286224e-12,3.565376651e-13,2.231209911e-13,1.907721135e-13,1.064746391e-13,1.11922441e-13,1.045971323e-13,2.73366011e-13,1.608375729e-13,8.271682809e-14,1.462289668e-13,2.309484799e-13,4.913499732e-13,8.015084193e-13,4.882416723e-13,1.325598047e-13,7.467284406e-14,6.109201037e-13,4.979122528e-14,4.114524532e-14,7.036077299e-14,3.759918684e-14,1.307541475e-13,4.361595315e-13,1.966373289e-13,1.344485512e-13,6.874258832e-13,9.307224332e-14,1.946188651e-13,1.248471689e-13
80.7421875,2.316355011e-13,1.123342732e-13,1.022937423e-12,3.553158889e-13,2.231150443e-13,1.910827034e-13,1.062527936e-13,1.12325787e-13,1.039567564e-13,2.746648214e-13,1.623052783e-13,8.243962677e-14,1.468890827e-13,2.297415e-13,4.888568091e-13,7.978867606e-13,4.883219464e-13,1.322956795e-13,7.510714073e-14,6.120355226e-13,4.933690472e-14,4.111749552e-14,7.008921106e-14,3.73293744e-14,1.302395959e-13,4.359869888e-13,1.949943518e-13,1.371997036e-13,6.851589792e-13,9.31574021e-14,1.946786039e-13,1.246293603e-13
80.75,2.326655798e-13,1.121032524e-13,1.02397851e-12,3.541990121e-13,2.232870073e-13,1.913658512e-13,1.059614247e-13,1.127618424e-13,1.033211234e-13,2.760302883e-13,1.63883103e-13,8.218396003e-14,1.475659615e-13,2.286495257e-13,4.863122757e-13,7.940409319e-13,4.882229763e-13,1.320199875e-13,7.556298989e-14,6.129885825e-13,4.889831808e-14,4.112214503e-14,6.979684177e-14,3.708191928e-14,1.29638727e-13,4.35611028e-13,1.93322978e-13,1.400496446e-13,6.824232273e-13,9.322243646e-14,1.947335247e-13,1.243915732e-13
80.7578125,2.337325533e-13,1.119373708e-13,1.024373427e-12,3.531866986e-13,2.234839776e-13,1.916637248e-13,1.055840397e-13,1.132300921e-13,1.026503585e-13,2.775142947e-13,1.654119264e-13,8.192450866e-14,1.482308625e-13,2.27348383e-13,4.835735042e-13,7.897868911e-13,4.87585262e-13,1.316203116e-13,7.597968914e-14,6.138656493e-13,4.844737715e-14,4.112718026e-14,6.942326315e-14,3.68194261e-14,1.288910287e-13,4.349801586e-13,1.915008599e-13,1.42965431e-13,6.792069846e-13,9.32609457e-14,1.947683901e-13,1.240759648e-13
80.765625,2.347559179e-13,1.119082043e-13,1.024122241e-12,3.520137477e-13,2.234772023e-13,1.918318139e-13,1.051831791e-13,1.137185934e-13,1.019741567e-13,2.789440526e-13,1.667560206e-13,8.165395925e-14,1.488245731e-13,2.256892969e-13,4.806118409e-13,7.849961128e-13,4.863159432e-13,1.311253963e-13,7.637534979e-14,6.144172321e-13,4.795832035e-14,4.110440235e-14,6.89928245e-14,3.659459819e-14,1.280627538e-13,4.340916639e-13,1.895014364e-13,1.458143612e-13,6.754925691e-13,9.322613849e-14,1.94786906e-13,1.236754479e-13
80.7734375,2.358194969e-13,1.120027446e-13,1.023287459e-12,3.506748739e-13,2.234202518e-13,1.918838201e-13,1.047392773e-13,1.14206117e-13,1.013356523e-13,2.80344581e-13,1.680004316e-13,8.141254615e-14,1.494257667e-13,2.23889379e-13,4.775619289e-13,7.799685961e-13,4.846854616e-13,1.306278619e-13,7.679630839e-14,6.147537152e-13,4.747538353e-14,4.107963451e-14,6.855930076e-14,3.640619723e-14,1.272008023e-13,4.330532247e-13,1.874557426e-13,1.486792217e-13,6.714621777e-13,9.312969279e-14,1.948197817e-13,1.232475757e-13
80.78125,2.369330843e-13,1.121339485e-13,1.02224499e-12,3.492886624e-13,2.234849651e-13,1.920087032e-13,1.042277608e-13,1.146633723e-13,1.00720909e-13,2.817508836e-13,1.692322281e-13,8.122348797e-14,1.500973778e-13,2.222188039e-13,4.744504069e-13,7.748804521e-13,4.828691405e-13,1.301151006e-13,7.718856967e-14,6.151161653e-13,4.704990296e-14,4.107253294e-14,6.81413869e-14,3.621101465e-14,1.262829919e-13,4.318743496e-13,1.853384881e-13,1.515822433e-13,6.673101294e-13,9.30286794e-14,1.949671041e-13,1.228354169e-13
80.7890625,2.380476333e-13,1.122782534e-13,1.021011533e-12,3.479392449e-13,2.235941372e-13,1.922074167e-13,1.03738412e-13,1.150865961e-13,1.000901811e-13,2.83048785e-13,1.703870686e-13,8.103931663e-14,1.508071994e-13,2.206295466e-13,4.712829404e-13,7.696131724e-13,4.807508143e-13,1.295475898e-13,7.751838725e-14,6.153310681e-13,4.664930567e-14,4.106819476e-14,6.772135156e-14,3.602960398e-14,1.25317581e-13,4.304768856e-13,1.83033072e-13,1.543835325e-13,6.628849134e-13,9.290129408e-14,1.952062209e-13,1.224108202e-13
80.796875,2.392467221e-13,1.124048071e-13,1.019149155e-12,3.467805264e-13,2.237600171e-13,1.923473985e-13,1.0327458e-13,1.154926295e-13,9.943775915e-14,2.842662393e-13,1.714907486e-13,8.080874839e-14,1.515219626e-13,2.189401449e-13,4.681953568e-13,7.642175989e-13,4.783500332e-13,1.289675366e-13,7.785911019e-14,6.152951664e-13,4.625732672e-14,4.106422052e-14,6.728587219e-14,3.588027189e-14,1.24321257e-13,4.288806885e-13,1.80627765e-13,1.571126832e-13,6.58050345e-13,9.271534879e-14,1.953628086e-13,1.219395077e-13
80.8046875,2.406541316e-13,1.124866579e-13,1.0165381e-12,3.456986117e-13,2.241080529e-13,1.923728046e-13,1.027210025e-13,1.15852936e-13,9.878866359e-14,2.854763842e-13,1.72691902e-13,8.051788938e-14,1.521617211e-13,2.171724869e-13,4.650276123e-13,7.584996251e-13,4.756730501e-13,1.283156039e-13,7.821895423e-14,6.151273406e-13,4.591587416e-14,4.10818068e-14,6.685015293e-14,3.573239386e-14,1.232455237e-13,4.271238586e-13,1.782128779e-13,1.598908334e-13,6.528776969e-13,9.25022735e-14,1.953596389e-13,1.214415282e-13
80.8125,2.421170347e-13,1.126284117e-13,1.013407001e-12,3.443960634e-13,2.245323328e-13,1.922867921e-13,1.02067823e-13,1.161558517e-13,9.812686698e-14,2.866603492e-13,1.739856486e-13,8.018648841e-14,1.52699074e-13,2.153952031e-13,4.615458231e-13,7.522035027e-13,4.7254744e-13,1.274993326e-13,7.852735183e-14,6.148658367e-13,4.559595341e-14,4.111181399e-14,6.642450772e-14,3.55718236e-14,1.220581856e-13,4.25204116e-13,1.757547375e-13,1.626590198e-13,6.473669308e-13,9.227537068e-14,1.953046439e-13,1.209270226e-13
80.8203125,2.433198848e-13,1.128868575e-13,1.009997722e-12,3.429797675e-13,2.248001252e-13,1.921685325e-13,1.013834628e-13,1.164720948e-13,9.741692509e-14,2.878917626e-13,1.752711568e-13,7.987020159e-14,1.532700889e-13,2.135022063e-13,4.580384931e-13,7.457965206e-13,4.691418609e-13,1.266715474e-13,7.880832946e-14,6.14607339e-13,4.524044327e-14,4.111934326e-14,6.600636946e-14,3.541685906e-14,1.208259615e-13,4.231527873e-13,1.732601866e-13,1.653808078e-13,6.415015909e-13,9.202902647e-14,1.953292121e-13,1.203726184e-13
80.828125,2.444108077e-13,1.132107496e-13,1.006286387e-12,3.416802185e-13,2.249464912e-13,1.920666813e-13,1.00687887e-13,1.168201257e-13,9.671058256e-14,2.891765718e-13,1.76518696e-13,7.957582066e-14,1.539310627e-13,2.113845124e-13,4.546901616e-13,7.395521101e-13,4.656419729e-13,1.25956252e-13,7.912572987e-14,6.143589573e-13,4.48898009e-14,4.112375222e-14,6.561188276e-14,3.528571294e-14,1.19616287e-13,4.209927027e-13,1.706663568e-13,1.68187259e-13,6.353171598e-13,9.175803529e-14,1.954197944e-13,1.198053176e-13
80.8359375,2.458304908e-13,1.135906229e-13,1.001871822e-12,3.403671625e-13,2.252013222e-13,1.918635651e-13,9.996978416e-14,1.171341335e-13,9.607729973e-14,2.903592942e-13,1.776719571e-13,7.925701429e-14,1.546060219e-13,2.091219145e-13,4.512082873e-13,7.330023098e-13,4.617354147e-13,1.252108198e-13,7.946647372e-14,6.13919288e-13,4.458501477e-14,4.117387268e-14,6.524704953e-14,3.517705896e-14,1.183975833e-13,4.187403605e-13,1.678900049e-13,1.710842626e-13,6.288565651e-13,9.143175945e-14,1.955001119e-13,1.192737213e-13
80.84375,2.473850546e-13,1.139335836e-13,9.968381413e-13,3.388751853e-13,2.255644719e-13,1.915634082e-13,9.919567198e-14,1.173985064e-13,9.54638318e-14,2.914830598e-13,1.787488038e-13,7.895703932e-14,1.553031548e-13,2.068850189e-13,4.475962532e-13,7.261135547e-13,4.574470408e-13,1.244041901e-13,7.982711762e-14,6.133186361e-13,4.429343845e-14,4.124292289e-14,6.488228441e-14,3.508762556e-14,1.171172361e-13,4.164043185e-13,1.650826125e-13,1.739274407e-13,6.222743515e-13,9.10862e-14,1.956262915e-13,1.187383604e-13
80.8515625,2.485951579e-13,1.141531581e-13,9.918318203e-13,3.372440355e-13,2.25833595e-13,1.91333493e-13,9.836342073e-14,1.176259515e-13,9.479157831e-14,2.926786512e-13,1.79899928e-13,7.873035899e-14,1.560226378e-13,2.047267213e-13,4.440357952e-13,7.19150606e-13,4.532215099e-13,1.236568466e-13,8.02280525e-14,6.126653953e-13,4.400133137e-14,4.127560695e-14,6.449701793e-14,3.504433519e-14,1.157851518e-13,4.138986996e-13,1.623511419e-13,1.76692457e-13,6.156322021e-13,9.079663938e-14,1.958432367e-13,1.181362052e-13
80.859375,2.497125849e-13,1.144360226e-13,9.866389657e-13,3.355806566e-13,2.260375177e-13,1.910861631e-13,9.753063524e-14,1.178186743e-13,9.408518807e-14,2.938066793e-13,1.810578863e-13,7.849071883e-14,1.566897806e-13,2.025672974e-13,4.403447231e-13,7.118756032e-13,4.488849345e-13,1.229107323e-13,8.062652192e-14,6.118232319e-13,4.371876615e-14,4.129360364e-14,6.409159372e-14,3.504392663e-14,1.144160324e-13,4.111973729e-13,1.595418059e-13,1.794031816e-13,6.087930527e-13,9.049367895e-14,1.960167349e-13,1.174930697e-13
80.8671875,2.511099843e-13,1.148878755e-13,9.80673212e-13,3.340016084e-13,2.263405698e-13,1.907073117e-13,9.669431548e-14,1.180355736e-13,9.337914441e-14,2.94758602e-13,1.820530316e-13,7.81877354e-14,1.573666152e-13,2.003693472e-13,4.36532741e-13,7.043283974e-13,4.441651012e-13,1.221226314e-13,8.100088102e-14,6.10831708e-13,4.343596091e-14,4.133469511e-14,6.367658196e-14,3.500793129e-14,1.130121725e-13,4.084628237e-13,1.56646504e-13,1.820511595e-13,6.018001852e-13,9.008812633e-14,1.961109028e-13,1.168616188e-13
80.875,2.524512659e-13,1.153127082e-13,9.744695681e-13,3.324919774e-13,2.266216164e-13,1.904163102e-13,9.580506142e-14,1.183083135e-13,9.265361814e-14,2.956823314e-13,1.830438574e-13,7.791341149e-14,1.58175922e-13,1.981605753e-13,4.32956156e-13,6.970403614e-13,4.394797085e-13,1.214409442e-13,8.141261924e-14,6.09919305e-13,4.316343985e-14,4.137912044e-14,6.328413892e-14,3.492161949e-14,1.116269022e-13,4.058044271e-13,1.538828346e-13,1.847361136e-13,5.948139824e-13,8.967125398e-14,1.962917877e-13,1.162481791e-13
80.8828125,2.535115096e-13,1.156354768e-13,9.684281959e-13,3.308991168e-13,2.26731422e-13,1.902247595e-13,9.488396696e-14,1.185622112e-13,9.191622723e-14,2.966372099e-13,1.841514691e-13,7.769259931e-14,1.590614291e-13,1.959310235e-13,4.296053704e-13,6.900235426e-13,4.349588734e-13,1.208862981e-13,8.186106743e-14,6.090471335e-13,4.291911975e-14,4.140878627e-14,6.292789805e-14,3.488572412e-14,1.102945764e-13,4.031499119e-13,1.512649051e-13,1.874740938e-13,5.877960951e-13,8.93190355e-14,1.965921237e-13,1.156355683e-13
80.890625,2.54661388e-13,1.159586625e-13,9.618319731e-13,3.292002127e-13,2.26851078e-13,1.898187387e-13,9.396980594e-14,1.187505214e-13,9.119550546e-14,2.975316233e-13,1.851751243e-13,7.744841141e-14,1.598972434e-13,1.936767423e-13,4.261469175e-13,6.828180304e-13,4.301157463e-13,1.203152104e-13,8.22623203e-14,6.080077749e-13,4.268877707e-14,4.144075134e-14,6.258229579e-14,3.491629209e-14,1.089509155e-13,4.003961087e-13,1.485734799e-13,1.90093276e-13,5.80668435e-13,8.895750418e-14,1.968715519e-13,1.149958115e-13
80.8984375,2.560067439e-13,1.163451588e-13,9.545790492e-13,3.274724877e-13,2.271184938e-13,1.892788915e-13,9.307518625e-14,1.188970559e-13,9.047716214e-14,2.983626546e-13,1.861160131e-13,7.715933011e-14,1.606846798e-13,1.91405866e-13,4.225040178e-13,6.753008418e-13,4.248646906e-13,1.196860694e-13,8.261388379e-14,6.067262166e-13,4.246603587e-14,4.149051272e-14,6.224224859e-14,3.491250273e-14,1.075563219e-13,3.975216815e-13,1.457194234e-13,1.926051045e-13,5.734263602e-13,8.855240649e-14,1.970780241e-13,1.143196031e-13
80.90625,2.572662362e-13,1.16864109e-13,9.473651579e-13,3.2572262e-13,2.274391252e-13,1.888996906e-13,9.220220589e-14,1.190011922e-13,8.975159487e-14,2.991593907e-13,1.871543934e-13,7.685829697e-14,1.615039951e-13,1.890930598e-13,4.188633041e-13,6.677204404e-13,4.194759583e-13,1.190258205e-13,8.29846723e-14,6.053827077e-13,4.225760135e-14,4.15632233e-14,6.192255442e-14,3.488097451e-14,1.061499997e-13,3.946029919e-13,1.428310635e-13,1.951381684e-13,5.661281103e-13,8.814314711e-14,1.972848826e-13,1.136401679e-13
80.9140625,2.585022114e-13,1.174726445e-13,9.400438811e-13,3.239907081e-13,2.278145184e-13,1.885312696e-13,9.130618166e-14,1.190613095e-13,8.903608e-14,2.998870914e-13,1.881472229e-13,7.656845574e-14,1.623546939e-13,1.867949978e-13,4.15287968e-13,6.601520505e-13,4.139321743e-13,1.183198569e-13,8.337185864e-14,6.04212498e-13,4.205141893e-14,4.165079077e-14,6.161868656e-14,3.492303319e-14,1.047248833e-13,3.916891454e-13,1.399935954e-13,1.975724747e-13,5.588754079e-13,8.772290512e-14,1.975590881e-13,1.129745763e-13
80.921875,2.599273436e-13,1.180230606e-13,9.321883786e-13,3.223300965e-13,2.282762353e-13,1.880032357e-13,9.036734137e-14,1.191091508e-13,8.831276526e-14,3.005472131e-13,1.889568886e-13,7.628528148e-14,1.631529798e-13,1.846065795e-13,4.116825473e-13,6.524450559e-13,4.082150187e-13,1.175927818e-13,8.373585332e-14,6.031278389e-13,4.184676447e-14,4.17312581e-14,6.132290871e-14,3.502087383e-14,1.032526835e-13,3.887362137e-13,1.37141298e-13,1.998263957e-13,5.51592626e-13,8.728291242e-14,1.978552739e-13,1.123198283e-13
80.9296875,2.612979601e-13,1.185719135e-13,9.242703927e-13,3.206542806e-13,2.286777911e-13,1.875573661e-13,8.944465655e-14,1.191422359e-13,8.755506168e-14,3.011884084e-13,1.898017344e-13,7.598798768e-14,1.639265291e-13,1.824593338e-13,4.081522386e-13,6.447705973e-13,4.025354663e-13,1.169302693e-13,8.40937763e-14,6.019963762e-13,4.166824559e-14,4.179691822e-14,6.102074274e-14,3.509751705e-14,1.017851144e-13,3.857736271e-13,1.342714205e-13,2.020728513e-13,5.442412427e-13,8.685822317e-14,1.980997047e-13,1.116948152e-13
80.9375,2.622883468e-13,1.192265689e-13,9.16651453e-13,3.189022818e-13,2.288833964e-13,1.872731209e-13,8.855702106e-14,1.191200373e-13,8.677300408e-14,3.017980622e-13,1.90771918e-13,7.569128101e-14,1.647860516e-13,1.802502663e-13,4.048786833e-13,6.374036965e-13,3.969535349e-13,1.163711673e-13,8.446017461e-14,6.008556952e-13,4.153013478e-14,4.184748293e-14,6.070647551e-14,3.516620458e-14,1.003671409e-13,3.828504878e-13,1.314844197e-13,2.04323814e-13,5.370653572e-13,8.646074228e-14,1.983830476e-13,1.110793701e-13
80.9453125,2.631122791e-13,1.199304821e-13,9.088798734e-13,3.171897082e-13,2.289133543e-13,1.868495237e-13,8.768877784e-14,1.190350742e-13,8.596516815e-14,3.022806694e-13,1.91655163e-13,7.541528572e-14,1.656654805e-13,1.78028834e-13,4.017026116e-13,6.300691548e-13,3.913320897e-13,1.158730991e-13,8.482615307e-14,5.995049667e-13,4.142289271e-14,4.18768944e-14,6.043318244e-14,3.524199575e-14,9.898029005e-14,3.798924038e-13,1.287802927e-13,2.064116328e-13,5.300567721e-13,8.606844371e-14,1.987947463e-13,1.104257907e-13
80.953125,2.641991443e-13,1.206705724e-13,9.007892949e-13,3.155105875e-13,2.28947184e-13,1.862465803e-13,8.686024307e-14,1.189052535e-13,8.513681705e-14,3.025982491e-13,1.924021942e-13,7.51476519e-14,1.664701856e-13,1.758950535e-13,3.984733503e-13,6.225637238e-13,3.856726835e-13,1.154179064e-13,8.523488221e-14,5.979000901e-13,4.132290785e-14,4.191439106e-14,6.024323574e-14,3.531097669e-14,9.76187679e-14,3.769404095e-13,1.261179655e-13,2.084008399e-13,5.230100606e-13,8.567071242e-14,1.992249116e-13,1.097755823e-13
80.9609375,2.655394102e-13,1.214240792e-13,8.927819614e-13,3.136234816e-13,2.291739005e-13,1.857613264e-13,8.603185758e-14,1.187079859e-13,8.433209723e-14,3.028545542e-13,1.931674031e-13,7.491674152e-14,1.673271408e-13,1.738884884e-13,3.95286744e-13,6.151503352e-13,3.800712014e-13,1.150278409e-13,8.570075449e-14,5.964453888e-13,4.122360135e-14,4.200027056e-14,6.009641976e-14,3.542646414e-14,9.627613832e-14,3.741364631e-13,1.235259631e-13,2.104308754e-13,5.161089483e-13,8.527509071e-14,1.996478219e-13,1.091732075e-13
80.96875,2.668272304e-13,1.220792826e-13,8.847642865e-13,3.115562338e-13,2.294755905e-13,1.853630976e-13,8.512728083e-14,1.184085746e-13,8.353153286e-14,3.030914968e-13,1.939414259e-13,7.473182982e-14,1.682740489e-13,1.719068602e-13,3.920200642e-13,6.076544424e-13,3.743699489e-13,1.146358877e-13,8.612825056e-14,5.950091963e-13,4.114281985e-14,4.210237533e-14,5.995357103e-14,3.561185405e-14,9.49184607e-14,3.71378424e-13,1.209405312e-13,2.123472814e-13,5.09391076e-13,8.488053838e-14,2.001587745e-13,1.08544147e-13
80.9765625,2.680268044e-13,1.226776416e-13,8.762543922e-13,3.09674162e-13,2.29674344e-13,1.847446287e-13,8.417491231e-14,1.180458478e-13,8.267023245e-14,3.031955163e-13,1.945965983e-13,7.450674005e-14,1.691389699e-13,1.697906507e-13,3.885755842e-13,5.997932114e-13,3.683324905e-13,1.141724128e-13,8.648539551e-14,5.931762522e-13,4.107162724e-14,4.217071009e-14,5.981703037e-14,3.578329848e-14,9.3555565e-14,3.685559053e-13,1.18272551e-13,2.13979694e-13,5.025598934e-13,8.4466575e-14,2.006482875e-13,1.078628724e-13
80.984375,2.693202173e-13,1.232827591e-13,8.674440536e-13,3.079884805e-13,2.299626813e-13,1.839993938e-13,8.324168078e-14,1.176918268e-13,8.179241743e-14,3.031581419e-13,1.951569049e-13,7.423853927e-14,1.69941157e-13,1.676677963e-13,3.853152658e-13,5.921365606e-13,3.621572991e-13,1.137490174e-13,8.68514977e-14,5.913760764e-13,4.099650537e-14,4.223621065e-14,5.968207983e-14,3.590582705e-14,9.223752699e-14,3.658478927e-13,1.156369947e-13,2.154702202e-13,4.958117881e-13,8.402847722e-14,2.010031389e-13,1.072495299e-13
80.9921875,2.706413946e-13,1.238717184e-13,8.587886605e-13,3.061965381e-13,2.304567332e-13,1.834116799e-13,8.234528967e-14,1.173562153e-13,8.097102862e-14,3.030797918e-13,1.957032628e-13,7.401581979e-14,1.708021498e-13,1.65786845e-13,3.824371142e-13,5.851531794e-13,3.56234287e-13,1.134706055e-13,8.722108351e-14,5.90020837e-13,4.095633127e-14,4.233747973e-14,5.955411689e-14,3.602036727e-14,9.09840958e-14,3.633363313e-13,1.131412424e-13,2.169564456e-13,4.894114391e-13,8.358986403e-14,2.013340043e-13,1.067426426e-13
81,2.717440981e-13,1.246232622e-13,8.501463743e-13,3.043586451e-13,2.308790713e-13,1.828686808e-13,8.150356721e-14,1.170057399e-13,8.017253584e-14,3.029156235e-13,1.962227136e-13,7.380802038e-14,1.716358657e-13,1.64003001e-13,3.797246503e-13,5.784996067e-13,3.505631069e-13,1.132604329e-13,8.75512486e-14,5.887800439e-13,4.096268114e-14,4.244437225e-14,5.945528939e-14,3.613668718e-14,8.97890087e-14,3.608610609e-13,1.106960563e-13,2.183756278e-13,4.830546284e-13,8.316161418e-14,2.016907242e-13,1.062324793e-13
81.0078125,2.726698792e-13,1.256373659e-13,8.414320025e-13,3.026573442e-13,2.310844627e-13,1.822392019e-13,8.071624606e-14,1.16607898e-13,7.936906214e-14,3.025773544e-13,1.967170513e-13,7.356943404e-14,1.724332353e-13,1.620838989e-13,3.771155049e-13,5.719881669e-13,3.449504487e-13,1.130655678e-13,8.789144832e-14,5.87536732e-13,4.096930471e-14,4.253620739e-14,5.938776607e-14,3.627447116e-14,8.863980688e-14,3.584170185e-13,1.08287302e-13,2.197366523e-13,4.767132494e-13,8.274078258e-14,2.020815529e-13,1.056975119e-13
81.015625,2.73737686e-13,1.266132657e-13,8.329417904e-13,3.009693748e-13,2.312011862e-13,1.816982701e-13,7.993806477e-14,1.161375168e-13,7.858393092e-14,3.020764848e-13,1.971811612e-13,7.336027811e-14,1.733219817e-13,1.601742546e-13,3.746407468e-13,5.656926997e-13,3.393415876e-13,1.129101481e-13,8.824148684e-14,5.863613667e-13,4.097828604e-14,4.263984929e-14,5.935153637e-14,3.646058589e-14,8.751555856e-14,3.561439744e-13,1.060289628e-13,2.210553757e-13,4.706971448e-13,8.233071304e-14,2.025931422e-13,1.052253501e-13
81.0234375,2.750578269e-13,1.274458075e-13,8.245279104e-13,2.992303215e-13,2.313453787e-13,1.812241506e-13,7.915113739e-14,1.156018395e-13,7.779431598e-14,3.014281955e-13,1.975595803e-13,7.317203545e-14,1.742115819e-13,1.584093537e-13,3.721333853e-13,5.593244562e-13,3.336747514e-13,1.127548754e-13,8.85551038e-14,5.850185967e-13,4.101562321e-14,4.276608424e-14,5.934958425e-14,3.664139601e-14,8.640746992e-14,3.540051243e-13,1.039032343e-13,2.222375799e-13,4.648351634e-13,8.193064353e-14,2.031227193e-13,1.048014344e-13
81.03125,2.763677538e-13,1.283949225e-13,8.158222564e-13,2.975456014e-13,2.315809484e-13,1.806006819e-13,7.837775649e-14,1.15016503e-13,7.697621557e-14,3.006725765e-13,1.979277007e-13,7.293886906e-14,1.749842311e-13,1.566766076e-13,3.695378979e-13,5.527536876e-13,3.279302041e-13,1.1260631e-13,8.887683984e-14,5.835801331e-13,4.106299944e-14,4.28957511e-14,5.936088221e-14,3.676728178e-14,8.532455194e-14,3.518832233e-13,1.018380723e-13,2.233404249e-13,4.589478827e-13,8.155244646e-14,2.035372498e-13,1.043418463e-13
81.0390625,2.77429239e-13,1.294282688e-13,8.069052227e-13,2.959605122e-13,2.318113125e-13,1.798868639e-13,7.762631584e-14,1.143821116e-13,7.614456691e-14,2.998304774e-13,1.983282359e-13,7.266635647e-14,1.757155527e-13,1.549393164e-13,3.670882493e-13,5.464091752e-13,3.222334234e-13,1.125618749e-13,8.91920648e-14,5.82328616e-13,4.111745951e-14,4.300498846e-14,5.936395846e-14,3.687025605e-14,8.427342971e-14,3.49818114e-13,9.98759067e-14,2.243516472e-13,4.532412072e-13,8.121088672e-14,2.039452672e-13,1.038569716e-13
81.046875,2.783592919e-13,1.303482504e-13,7.979302678e-13,2.94477938e-13,2.319162508e-13,1.792279407e-13,7.689503949e-14,1.137393646e-13,7.529593372e-14,2.988539802e-13,1.98553824e-13,7.23694233e-14,1.764068418e-13,1.532774214e-13,3.649536449e-13,5.405130197e-13,3.166352941e-13,1.126293394e-13,8.942794602e-14,5.811187056e-13,4.118066497e-14,4.308818813e-14,5.935912279e-14,3.698134716e-14,8.325197436e-14,3.478745337e-13,9.800798383e-14,2.250486275e-13,4.476899646e-13,8.087537679e-14,2.043558342e-13,1.033895763e-13
81.0546875,2.793900689e-13,1.313221232e-13,7.890875209e-13,2.929341796e-13,2.320832904e-13,1.786436505e-13,7.619140409e-14,1.131115622e-13,7.444558378e-14,2.978600887e-13,1.986089644e-13,7.209551553e-14,1.770547132e-13,1.517560383e-13,3.629530017e-13,5.347569634e-13,3.111490867e-13,1.127604794e-13,8.968083786e-14,5.79810848e-13,4.123151376e-14,4.318180246e-14,5.935975517e-14,3.7105186e-14,8.225668704e-14,3.459666063e-13,9.612871045e-14,2.256845815e-13,4.421598157e-13,8.053013481e-14,2.04699561e-13,1.029313401e-13
81.0625,2.804563959e-13,1.325308657e-13,7.806517121e-13,2.911659232e-13,2.323876609e-13,1.781690336e-13,7.550970588e-14,1.12404455e-13,7.361602641e-14,2.96935648e-13,1.988030918e-13,7.190624219e-14,1.777840463e-13,1.503766862e-13,3.608896053e-13,5.290186156e-13,3.058811207e-13,1.129617555e-13,9.001887784e-14,5.78560031e-13,4.130046109e-14,4.330588319e-14,5.938535195e-14,3.723780458e-14,8.129752606e-14,3.440410186e-13,9.42454439e-14,2.266666892e-13,4.368106015e-13,8.02207979e-14,2.051192037e-13,1.024756587e-13
81.0703125,2.81290463e-13,1.337705348e-13,7.723077532e-13,2.894164213e-13,2.325335227e-13,1.77705103e-13,7.482993019e-14,1.115500309e-13,7.275610167e-14,2.957948724e-13,1.991045753e-13,7.17066685e-14,1.785208294e-13,1.489894244e-13,3.58944947e-13,5.235647465e-13,3.007858929e-13,1.132064304e-13,9.029382036e-14,5.77433902e-13,4.141060104e-14,4.341026025e-14,5.943229043e-14,3.73641794e-14,8.039487437e-14,3.422104172e-13,9.245310049e-14,2.275368701e-13,4.317279806e-13,7.99488975e-14,2.055988836e-13,1.020123737e-13
81.078125,2.81884957e-13,1.348215909e-13,7.636736454e-13,2.878383319e-13,2.32503759e-13,1.770706349e-13,7.416484145e-14,1.106292082e-13,7.18465472e-14,2.943427965e-13,1.992952804e-13,7.140232633e-14,1.791015519e-13,1.475228821e-13,3.572452949e-13,5.183507121e-13,2.956706487e-13,1.134416413e-13,9.046172813e-14,5.76387287e-13,4.151434958e-14,4.347317147e-14,5.947423717e-14,3.751053853e-14,7.954492635e-14,3.405285443e-13,9.07550297e-14,2.278462765e-13,4.268119929e-13,7.967350112e-14,2.05942965e-13,1.015233119e-13
81.0859375,2.825403355e-13,1.358226651e-13,7.550974078e-13,2.862220671e-13,2.325652103e-13,1.763703246e-13,7.355192578e-14,1.097100378e-13,7.095940473e-14,2.928837733e-13,1.995285141e-13,7.108930118e-14,1.796419219e-13,1.461824183e-13,3.555540827e-13,5.130244268e-13,2.905384692e-13,1.136918684e-13,9.064919165e-14,5.753406168e-13,4.16236923e-14,4.355147357e-14,5.951646453e-14,3.770383654e-14,7.87207068e-14,3.389192308e-13,8.910330332e-14,2.281076517e-13,4.219834728e-13,7.942132574e-14,2.062577065e-13,1.010432489e-13
81.09375,2.833698872e-13,1.370293364e-13,7.46633625e-13,2.846685259e-13,2.326635314e-13,1.757652512e-13,7.297631374e-14,1.08759569e-13,7.009650116e-14,2.913273665e-13,1.999252578e-13,7.080864758e-14,1.802366106e-13,1.450505811e-13,3.538347885e-13,5.076711957e-13,2.855581321e-13,1.139994395e-13,9.08656164e-14,5.742105487e-13,4.178327472e-14,4.366329997e-14,5.958748589e-14,3.78841866e-14,7.791697926e-14,3.373736749e-13,8.749773152e-14,2.285983383e-13,4.171244435e-13,7.921257016e-14,2.066593213e-13,1.006010471e-13
81.1015625,2.841089844e-13,1.383618323e-13,7.378948603e-13,2.833755966e-13,2.32636459e-13,1.751715432e-13,7.238934357e-14,1.077660568e-13,6.920214757e-14,2.89356138e-13,2.002663189e-13,7.048517034e-14,1.807697994e-13,1.439355221e-13,3.522626244e-13,5.025976826e-13,2.807774322e-13,1.143456169e-13,9.104665821e-14,5.730398833e-13,4.194205346e-14,4.376644964e-14,5.968963494e-14,3.801939439e-14,7.714937565e-14,3.359336713e-13,8.596445442e-14,2.288559357e-13,4.122099207e-13,7.8999566e-14,2.069927499e-13,1.001630181e-13
81.109375,2.846043079e-13,1.395626019e-13,7.291675052e-13,2.821026764e-13,2.325590054e-13,1.745382508e-13,7.179289784e-14,1.067747253e-13,6.831532596e-14,2.871784194e-13,2.004220548e-13,7.014940402e-14,1.81230598e-13,1.427731829e-13,3.507504933e-13,4.977541555e-13,2.760956814e-13,1.146903285e-13,9.119708739e-14,5.71876251e-13,4.207807158e-14,4.385808475e-14,5.981458254e-14,3.817232432e-14,7.642429758e-14,3.346067604e-13,8.452642226e-14,2.287904802e-13,4.073964975e-13,7.878961392e-14,2.072147938e-13,9.972886902e-14
81.1171875,2.851076717e-13,1.407772882e-13,7.206986772e-13,2.807408098e-13,2.325329884e-13,1.739166319e-13,7.120525306e-14,1.058028459e-13,6.749011527e-14,2.850474758e-13,2.004352144e-13,6.984761825e-14,1.816801276e-13,1.416834562e-13,3.493099389e-13,4.931462595e-13,2.715187665e-13,1.150653989e-13,9.134607519e-14,5.707715467e-13,4.224905128e-14,4.396648612e-14,5.995644363e-14,3.835915212e-14,7.575430004e-14,3.334526722e-13,8.319633504e-14,2.287228235e-13,4.027728126e-13,7.863133068e-14,2.073634066e-13,9.933739949e-14
81.125,2.857975268e-13,1.42260584e-13,7.121328485e-13,2.794109127e-13,2.325672617e-13,1.732880502e-13,7.061518112e-14,1.047943915e-13,6.668705034e-14,2.828298462e-13,2.0035464e-13,6.953464839e-14,1.820914227e-13,1.407321959e-13,3.482051554e-13,4.890034492e-13,2.672495968e-13,1.155823662e-13,9.153475991e-14,5.698982989e-13,4.243105923e-14,4.408819366e-14,6.009315041e-14,3.854277706e-14,7.51631936e-14,3.325272824e-13,8.198017822e-14,2.286640507e-13,3.983601611e-13,7.850397463e-14,2.074176359e-13,9.897823958e-14
81.1328125,2.864512182e-13,1.437083861e-13,7.035926698e-13,2.780462288e-13,2.325848212e-13,1.726581319e-13,7.003560876e-14,1.036827236e-13,6.585471382e-14,2.8046884e-13,2.00265939e-13,6.920325988e-14,1.824630269e-13,1.398786998e-13,3.473742362e-13,4.852359131e-13,2.633018137e-13,1.16245986e-13,9.175523016e-14,5.692426029e-13,4.255482566e-14,4.420377607e-14,6.022267911e-14,3.871875418e-14,7.464348786e-14,3.317711624e-13,8.089409263e-14,2.284322979e-13,3.941706735e-13,7.838301676e-14,2.074919655e-13,9.862661544e-14
81.140625,2.869164911e-13,1.44830365e-13,6.952424956e-13,2.767731041e-13,2.325242948e-13,1.720424125e-13,6.948760861e-14,1.025097135e-13,6.499059867e-14,2.779835322e-13,2.001401937e-13,6.885328178e-14,1.827785789e-13,1.390047755e-13,3.465866647e-13,4.816274055e-13,2.593791242e-13,1.16911952e-13,9.193279012e-14,5.685920191e-13,4.263233884e-14,4.431093709e-14,6.038585293e-14,3.886533973e-14,7.416393011e-14,3.311193058e-13,7.993292717e-14,2.279464063e-13,3.900739929e-13,7.827534174e-14,2.075757506e-13,9.828932047e-14
81.1484375,2.873805547e-13,1.459470442e-13,6.865883521e-13,2.757989904e-13,2.325025343e-13,1.713827374e-13,6.893865305e-14,1.013775167e-13,6.411632568e-14,2.753137146e-13,1.998495711e-13,6.844624589e-14,1.8299157e-13,1.38062662e-13,3.459188113e-13,4.782800196e-13,2.554120502e-13,1.17561289e-13,9.208325757e-14,5.67899594e-13,4.271243685e-14,4.442032875e-14,6.059239231e-14,3.897400113e-14,7.372605211e-14,3.305658643e-13,7.906672843e-14,2.272683628e-13,3.859734443e-13,7.815260874e-14,2.074573104e-13,9.797200268e-14
81.15625,2.878528195e-13,1.472573446e-13,6.777262622e-13,2.749162309e-13,2.325014479e-13,1.706738841e-13,6.835748746e-14,1.002722226e-13,6.324947795e-14,2.725935862e-13,1.994654753e-13,6.802723851e-14,1.831658458e-13,1.371320867e-13,3.45458988e-13,4.752460422e-13,2.51624092e-13,1.183067484e-13,9.22694181e-14,5.671022453e-13,4.283359462e-14,4.452352721e-14,6.079437612e-14,3.91153042e-14,7.335023769e-14,3.300954324e-13,7.831842533e-14,2.265361115e-13,3.81964063e-13,7.801272081e-14,2.072502533e-13,9.765881368e-14
81.1640625,2.880618101e-13,1.486329824e-13,6.69257401e-13,2.741112095e-13,2.322544944e-13,1.699429313e-13,6.775918012e-14,9.911401594e-14,6.237839067e-14,2.699505968e-13,1.991313434e-13,6.766580452e-14,1.833450575e-13,1.36214777e-13,3.451485177e-13,4.723715549e-13,2.480623526e-13,1.19141246e-13,9.248130727e-14,5.661071118e-13,4.300844758e-14,4.459172637e-14,6.097442524e-14,3.930848993e-14,7.302805073e-14,3.296922997e-13,7.772441828e-14,2.25765222e-13,3.780929896e-13,7.791463256e-14,2.07193007e-13,9.730819423e-14
81.171875,2.88123681e-13,1.502468685e-13,6.609628099e-13,2.736959691e-13,2.318358888e-13,1.692057089e-13,6.717008661e-14,9.791394295e-14,6.149151392e-14,2.672290088e-13,1.988064442e-13,6.731754227e-14,1.83470299e-13,1.353030712e-13,3.450484936e-13,4.696905206e-13,2.446815764e-13,1.200440589e-13,9.273734034e-14,5.651681345e-13,4.32003533e-14,4.463815642e-14,6.11665409e-14,3.948307301e-14,7.27472383e-14,3.293682825e-13,7.722377525e-14,2.249405396e-13,3.743125442e-13,7.786361115e-14,2.071549758e-13,9.690417508e-14
81.1796875,2.884209451e-13,1.521579726e-13,6.524810047e-13,2.7346424e-13,2.315347299e-13,1.685254853e-13,6.662916685e-14,9.670033583e-14,6.060438026e-14,2.643272005e-13,1.984006859e-13,6.69050736e-14,1.83548562e-13,1.345149771e-13,3.452360904e-13,4.673538667e-13,2.415088565e-13,1.210823866e-13,9.301237455e-14,5.644559131e-13,4.33764966e-14,4.47046761e-14,6.137702742e-14,3.962582735e-14,7.25267505e-14,3.291724038e-13,7.677097224e-14,2.24091578e-13,3.706438954e-13,7.781373242e-14,2.070049571e-13,9.650930645e-14
81.1875,2.888080664e-13,1.539512423e-13,6.440250884e-13,2.729837297e-13,2.312159646e-13,1.678589154e-13,6.61543908e-14,9.54440174e-14,5.97175365e-14,2.613065839e-13,1.978970839e-13,6.643188402e-14,1.836026931e-13,1.338332622e-13,3.45655436e-13,4.653794119e-13,2.384668573e-13,1.222063283e-13,9.317205803e-14,5.63794756e-13,4.353584759e-14,4.477719451e-14,6.158402207e-14,3.977578674e-14,7.238710773e-14,3.292033018e-13,7.646164915e-14,2.23071037e-13,3.671430521e-13,7.777124095e-14,2.068466715e-13,9.616714255e-14
81.1953125,2.889953672e-13,1.555953627e-13,6.357028883e-13,2.723606166e-13,2.307694497e-13,1.671369854e-13,6.568200081e-14,9.414767741e-14,5.883396471e-14,2.582013517e-13,1.973277356e-13,6.597064566e-14,1.836201402e-13,1.331639973e-13,3.462740357e-13,4.6378042e-13,2.355644083e-13,1.233383585e-13,9.327006307e-14,5.633628961e-13,4.367101006e-14,4.483772497e-14,6.179003883e-14,3.992959788e-14,7.231444339e-14,3.294836e-13,7.633752783e-14,2.218223208e-13,3.638165434e-13,7.776637252e-14,2.067169154e-13,9.58410299e-14
81.203125,2.89235339e-13,1.574577461e-13,6.274902759e-13,2.719091322e-13,2.304769186e-13,1.665189744e-13,6.516047974e-14,9.283220039e-14,5.798430497e-14,2.55061151e-13,1.967400458e-13,6.556466483e-14,1.836577271e-13,1.326140464e-13,3.470385431e-13,4.624953423e-13,2.329760902e-13,1.245460329e-13,9.348614138e-14,5.634073103e-13,4.377632545e-14,4.492463512e-14,6.199972451e-14,4.005997696e-14,7.227405765e-14,3.298545276e-13,7.626344389e-14,2.206145063e-13,3.6057808e-13,7.778137431e-14,2.065679602e-13,9.551170101e-14
81.2109375,2.896380615e-13,1.594367175e-13,6.193907324e-13,2.716911599e-13,2.303088894e-13,1.660260436e-13,6.463434024e-14,9.14722414e-14,5.71465724e-14,2.518848842e-13,1.961305553e-13,6.515605795e-14,1.836895435e-13,1.321875029e-13,3.477697906e-13,4.612615645e-13,2.306785946e-13,1.258207392e-13,9.374684461e-14,5.634391469e-13,4.385654505e-14,4.502990284e-14,6.22091778e-14,4.016099919e-14,7.225906034e-14,3.301716854e-13,7.617773474e-14,2.194836814e-13,3.573102365e-13,7.777771389e-14,2.06346045e-13,9.518259787e-14
81.21875,2.89837424e-13,1.612190478e-13,6.112453595e-13,2.715483652e-13,2.299553824e-13,1.654055378e-13,6.413434589e-14,9.007231318e-14,5.62803677e-14,2.48560469e-13,1.955057983e-13,6.469942847e-14,1.835738245e-13,1.317014104e-13,3.48434111e-13,4.600087315e-13,2.285553325e-13,1.270631925e-13,9.393227456e-14,5.631352789e-13,4.392074179e-14,4.509899853e-14,6.244054838e-14,4.027622352e-14,7.229851349e-14,3.305096907e-13,7.618459954e-14,2.181826446e-13,3.540199073e-13,7.77623005e-14,2.060240838e-13,9.483861359e-14
81.2265625,2.898306299e-13,1.628451665e-13,6.031194988e-13,2.712733397e-13,2.294947752e-13,1.646973845e-13,6.363893231e-14,8.868260766e-14,5.543910973e-14,2.450821818e-13,1.94902931e-13,6.4250254e-14,1.833417073e-13,1.311925993e-13,3.49240279e-13,4.589461502e-13,2.265613133e-13,1.283000616e-13,9.412171167e-14,5.629763762e-13,4.399572697e-14,4.515211618e-14,6.270485665e-14,4.045586721e-14,7.239222477e-14,3.31009527e-13,7.631141915e-14,2.16749399e-13,3.507358366e-13,7.777960057e-14,2.057158007e-13,9.451070492e-14
81.234375,2.898651616e-13,1.644831123e-13,5.951624201e-13,2.708679698e-13,2.290530098e-13,1.640590136e-13,6.316161137e-14,8.730200972e-14,5.464891193e-14,2.415467933e-13,1.942487465e-13,6.381805153e-14,1.831010127e-13,1.307290922e-13,3.502596434e-13,4.58090916e-13,2.245279903e-13,1.295669358e-13,9.431585638e-14,5.630471973e-13,4.409488023e-14,4.522114197e-14,6.296694481e-14,4.064779274e-14,7.250311539e-14,3.316704192e-13,7.650958761e-14,2.152910022e-13,3.474559795e-13,7.783408563e-14,2.054634609e-13,9.423355172e-14
81.2421875,2.898361956e-13,1.662455524e-13,5.871571243e-13,2.705375127e-13,2.285122601e-13,1.633206804e-13,6.270886054e-14,8.589685082e-14,5.382325054e-14,2.379887003e-13,1.934977652e-13,6.333951329e-14,1.828040733e-13,1.301862362e-13,3.513735394e-13,4.574049633e-13,2.22496142e-13,1.308781851e-13,9.44417007e-14,5.62906226e-13,4.420484792e-14,4.527502582e-14,6.322038535e-14,4.077307358e-14,7.2640574e-14,3.324431924e-13,7.685390383e-14,2.136849499e-13,3.443847927e-13,7.790290492e-14,2.051403799e-13,9.396084794e-14
81.25,2.897723749e-13,1.681555018e-13,5.791589762e-13,2.704008642e-13,2.279677366e-13,1.625201639e-13,6.223665959e-14,8.447893283e-14,5.295391463e-14,2.344115497e-13,1.927987815e-13,6.284588726e-14,1.824498981e-13,1.296481163e-13,3.525985868e-13,4.570932689e-13,2.208561736e-13,1.323630157e-13,9.458183659e-14,5.626859564e-13,4.432470803e-14,4.532035512e-14,6.351677649e-14,4.086458877e-14,7.284798615e-14,3.333400961e-13,7.742212586e-14,2.119737729e-13,3.416577839e-13,7.801109386e-14,2.047939571e-13,9.366807558e-14
81.2578125,2.899008289e-13,1.701053909e-13,5.714773145e-13,2.703829135e-13,2.275395491e-13,1.619302267e-13,6.174498293e-14,8.307893491e-14,5.213040549e-14,2.307718498e-13,1.921989846e-13,6.240943734e-14,1.821133306e-13,1.292999892e-13,3.53982408e-13,4.571169206e-13,2.196211089e-13,1.340338168e-13,9.47880332e-14,5.626682286e-13,4.444500148e-14,4.539250785e-14,6.387149575e-14,4.096249378e-14,7.311682991e-14,3.343231627e-13,7.81235183e-14,2.103238788e-13,3.389378433e-13,7.816636482e-14,2.045182728e-13,9.339211744e-14
81.265625,2.900673062e-13,1.720408276e-13,5.638885177e-13,2.703473944e-13,2.270847037e-13,1.613832031e-13,6.127264484e-14,8.170099965e-14,5.135926378e-14,2.269945842e-13,1.915297368e-13,6.199614734e-14,1.817396247e-13,1.290324651e-13,3.554463069e-13,4.572130882e-13,2.184692499e-13,1.357135033e-13,9.498797383e-14,5.626654847e-13,4.454154512e-14,4.547136763e-14,6.423488767e-14,4.105079252e-14,7.342045847e-14,3.35317444e-13,7.886281628e-14,2.08634673e-13,3.359973777e-13,7.830712774e-14,2.041840155e-13,9.313383395e-14
81.2734375,2.90138367e-13,1.739283516e-13,5.562565002e-13,2.703156506e-13,2.266669462e-13,1.606985687e-13,6.081678437e-14,8.034055638e-14,5.061808119e-14,2.231386587e-13,1.907312685e-13,6.155859103e-14,1.813035638e-13,1.287727716e-13,3.570255451e-13,4.575434381e-13,2.174278064e-13,1.373750812e-13,9.516721481e-14,5.626995815e-13,4.46257394e-14,4.555488048e-14,6.45891756e-14,4.117148609e-14,7.377230714e-14,3.363931479e-13,7.968415912e-14,2.067810641e-13,3.331445288e-13,7.842242591e-14,2.038205982e-13,9.289528556e-14
81.28125,2.903047613e-13,1.757343852e-13,5.488806457e-13,2.704127291e-13,2.264269739e-13,1.600860869e-13,6.036775048e-14,7.900801803e-14,4.993405039e-14,2.193061401e-13,1.898999947e-13,6.111754174e-14,1.808695502e-13,1.286048903e-13,3.587802782e-13,4.582753871e-13,2.165903881e-13,1.391035203e-13,9.533643671e-14,5.629372237e-13,4.47123259e-14,4.567174328e-14,6.498197489e-14,4.136087147e-14,7.417431735e-14,3.376567077e-13,8.065994772e-14,2.048735168e-13,3.305473736e-13,7.855910873e-14,2.036155467e-13,9.271087053e-14
81.2890625,2.905708473e-13,1.776650843e-13,5.415771129e-13,2.706061213e-13,2.261450043e-13,1.594804246e-13,5.991988438e-14,7.771940008e-14,4.927951523e-14,2.154578152e-13,1.890814126e-13,6.067249625e-14,1.803542907e-13,1.284198776e-13,3.605696458e-13,4.591118553e-13,2.158188672e-13,1.408630739e-13,9.550022404e-14,5.63190515e-13,4.479079063e-14,4.579199086e-14,6.542810234e-14,4.154319297e-14,7.459047987e-14,3.390264606e-13,8.179666669e-14,2.030146703e-13,3.279720608e-13,7.870451772e-14,2.034139147e-13,9.255567129e-14
81.296875,2.908914077e-13,1.798378096e-13,5.341129341e-13,2.708678384e-13,2.25763077e-13,1.587193187e-13,5.94481866e-14,7.647476936e-14,4.861682917e-14,2.115474778e-13,1.882664134e-13,6.020463818e-14,1.797018564e-13,1.28160579e-13,3.623887084e-13,4.600513586e-13,2.151636899e-13,1.42642518e-13,9.571754162e-14,5.634993084e-13,4.488153806e-14,4.589208652e-14,6.58713663e-14,4.166787746e-14,7.501039858e-14,3.404073493e-13,8.308533549e-14,2.011901219e-13,3.25326968e-13,7.884270871e-14,2.030235163e-13,9.238679266e-14
81.3046875,2.913989039e-13,1.820317708e-13,5.269585821e-13,2.7128325e-13,2.255050448e-13,1.581014913e-13,5.897727344e-14,7.526210271e-14,4.799094973e-14,2.076447973e-13,1.874660289e-13,5.974880962e-14,1.790921001e-13,1.280171479e-13,3.644952173e-13,4.615189666e-13,2.147963652e-13,1.445296819e-13,9.598197389e-14,5.641297889e-13,4.501892418e-14,4.600922236e-14,6.629248367e-14,4.17880036e-14,7.547986991e-14,3.419044539e-13,8.455072882e-14,1.994019728e-13,3.227190494e-13,7.902414226e-14,2.02660373e-13,9.22252057e-14
81.3125,2.919620819e-13,1.842293302e-13,5.202177867e-13,2.717624571e-13,2.252547674e-13,1.576639872e-13,5.855311226e-14,7.407353301e-14,4.740754601e-14,2.03818522e-13,1.867073332e-13,5.932503823e-14,1.785889568e-13,1.279794259e-13,3.669782011e-13,4.635086679e-13,2.146812046e-13,1.465569811e-13,9.624223746e-14,5.648596277e-13,4.519402969e-14,4.614416142e-14,6.674556089e-14,4.194813137e-14,7.603923839e-14,3.435958575e-13,8.616634976e-14,1.97661355e-13,3.20166435e-13,7.926568239e-14,2.024917537e-13,9.207352833e-14
81.3203125,2.923202405e-13,1.865439972e-13,5.133475029e-13,2.722882224e-13,2.248354392e-13,1.570177519e-13,5.813237712e-14,7.289668993e-14,4.680653707e-14,2.000541304e-13,1.859686917e-13,5.888518506e-14,1.78026797e-13,1.27867584e-13,3.696614004e-13,4.656464186e-13,2.147557095e-13,1.486789463e-13,9.654256522e-14,5.654087297e-13,4.538250598e-14,4.626089853e-14,6.724688859e-14,4.214189705e-14,7.665522549e-14,3.453422149e-13,8.78070302e-14,1.959124416e-13,3.176478233e-13,7.952646947e-14,2.023516312e-13,9.189367192e-14
81.328125,2.925440611e-13,1.888411733e-13,5.063773701e-13,2.731078416e-13,2.244036338e-13,1.562558314e-13,5.766656855e-14,7.172018102e-14,4.619024086e-14,1.962967783e-13,1.851599089e-13,5.841159325e-14,1.773660141e-13,1.277413491e-13,3.723743791e-13,4.678019929e-13,2.150113032e-13,1.508307065e-13,9.688591357e-14,5.659023529e-13,4.55752708e-14,4.635849437e-14,6.775520493e-14,4.234649958e-14,7.726872016e-14,3.470305587e-13,8.946164751e-14,1.941030652e-13,3.151695739e-13,7.979343841e-14,2.021472857e-13,9.169005879e-14
81.3359375,2.928404367e-13,1.911949373e-13,4.997119765e-13,2.740834433e-13,2.240179318e-13,1.556742062e-13,5.719132732e-14,7.056677612e-14,4.55981756e-14,1.925360506e-13,1.842856983e-13,5.794955047e-14,1.766916516e-13,1.27720637e-13,3.75086211e-13,4.700525287e-13,2.154146889e-13,1.529984686e-13,9.721192846e-14,5.664405112e-13,4.577025413e-14,4.645186125e-14,6.826273839e-14,4.254936488e-14,7.789172438e-14,3.487348999e-13,9.131437351e-14,1.923177224e-13,3.127594346e-13,8.007353893e-14,2.019768988e-13,9.14852125e-14
81.34375,2.932992356e-13,1.93765689e-13,4.932000364e-13,2.748000027e-13,2.236277052e-13,1.551131818e-13,5.672413564e-14,6.946654806e-14,4.503738555e-14,1.888176204e-13,1.834677418e-13,5.751218134e-14,1.760196072e-13,1.277654989e-13,3.778750379e-13,4.72493157e-13,2.160383341e-13,1.552408862e-13,9.757539595e-14,5.670678588e-13,4.596688004e-14,4.655798532e-14,6.878748719e-14,4.276948674e-14,7.856753495e-14,3.504994143e-13,9.342988793e-14,1.906807249e-13,3.104812816e-13,8.03461343e-14,2.018683149e-13,9.128057096e-14
81.3515625,2.938285156e-13,1.962695534e-13,4.865743886e-13,2.754265218e-13,2.23269384e-13,1.54463679e-13,5.624456218e-14,6.840427545e-14,4.450577631e-14,1.851313802e-13,1.826755258e-13,5.707098733e-14,1.753819171e-13,1.278377573e-13,3.807681561e-13,4.752043955e-13,2.169771338e-13,1.575374448e-13,9.799972467e-14,5.678702521e-13,4.616632216e-14,4.668411952e-14,6.932981446e-14,4.301818786e-14,7.927921932e-14,3.522466014e-13,9.564955027e-14,1.891036551e-13,3.082920769e-13,8.059145965e-14,2.017676735e-13,9.108863742e-14
81.359375,2.942435378e-13,1.986214549e-13,4.7993917e-13,2.763434985e-13,2.228409172e-13,1.538548726e-13,5.576735156e-14,6.736430735e-14,4.399079365e-14,1.814103302e-13,1.81751125e-13,5.661756534e-14,1.747965528e-13,1.279368868e-13,3.836642216e-13,4.781249141e-13,2.180818132e-13,1.597699151e-13,9.835903903e-14,5.687518404e-13,4.638377389e-14,4.680212654e-14,6.989520646e-14,4.327717843e-14,7.998120434e-14,3.539511261e-13,9.786668844e-14,1.87378296e-13,3.060279625e-13,8.082792496e-14,2.016930629e-13,9.090600624e-14
81.3671875,2.946429002e-13,2.011411496e-13,4.734038223e-13,2.773642294e-13,2.223685054e-13,1.532579213e-13,5.529854331e-14,6.636509343e-14,4.348480621e-14,1.776643353e-13,1.807328011e-13,5.615355969e-14,1.741776276e-13,1.280837863e-13,3.864605474e-13,4.810393927e-13,2.191202572e-13,1.619458039e-13,9.864365932e-14,5.695952003e-13,4.66353891e-14,4.691337595e-14,7.047385967e-14,4.3546571e-14,8.066580122e-14,3.556353817e-13,1.001161292e-13,1.855101459e-13,3.036784807e-13,8.107883679e-14,2.017073015e-13,9.069428125e-14
81.375,2.952466503e-13,2.038097944e-13,4.669868089e-13,2.781757525e-13,2.221058564e-13,1.526672119e-13,5.482024419e-14,6.538213395e-14,4.3004149e-14,1.739527236e-13,1.797955364e-13,5.56920963e-14,1.735258181e-13,1.283461053e-13,3.891636625e-13,4.838541576e-13,2.202019911e-13,1.642305046e-13,9.901491539e-14,5.703120355e-13,4.690992191e-14,4.705457426e-14,7.103816622e-14,4.38171309e-14,8.136600784e-14,3.57263747e-13,1.024828378e-13,1.836972405e-13,3.014159595e-13,8.133067164e-14,2.017936555e-13,9.044847725e-14
81.3828125,2.959043491e-13,2.065182259e-13,4.607634262e-13,2.789139133e-13,2.219025314e-13,1.521680411e-13,5.434449665e-14,6.437076416e-14,4.25390747e-14,1.702973869e-13,1.789630117e-13,5.528402875e-14,1.729289777e-13,1.286924963e-13,3.919128922e-13,4.867760506e-13,2.216385505e-13,1.667101001e-13,9.954119442e-14,5.707783923e-13,4.720149123e-14,4.720034456e-14,7.161874891e-14,4.404869879e-14,8.211249533e-14,3.588370343e-13,1.050314833e-13,1.820626518e-13,2.99316417e-13,8.157713986e-14,2.018908464e-13,9.020367638e-14
81.390625,2.96469553e-13,2.093445255e-13,4.547004257e-13,2.798222351e-13,2.215087957e-13,1.516990427e-13,5.386982881e-14,6.338415123e-14,4.207978406e-14,1.667167618e-13,1.781229424e-13,5.493590708e-14,1.723359001e-13,1.290262289e-13,3.947973173e-13,4.899448432e-13,2.233340679e-13,1.69252657e-13,1.001169489e-13,5.712300725e-13,4.752415609e-14,4.732580192e-14,7.225686292e-14,4.426993973e-14,8.287922556e-14,3.604159785e-13,1.076798845e-13,1.805466915e-13,2.972867301e-13,8.183911556e-14,2.020128922e-13,8.998012493e-14
81.3984375,2.971707143e-13,2.120852136e-13,4.486288131e-13,2.808718386e-13,2.212018353e-13,1.512626866e-13,5.337038749e-14,6.248431461e-14,4.166481389e-14,1.631878877e-13,1.771459996e-13,5.456750641e-14,1.716830504e-13,1.293983628e-13,3.976971075e-13,4.931812954e-13,2.249580292e-13,1.716903864e-13,1.006250385e-13,5.720306179e-13,4.786203165e-14,4.748580346e-14,7.29136973e-14,4.454860379e-14,8.362817824e-14,3.620119928e-13,1.102854383e-13,1.789723651e-13,2.952378205e-13,8.208625206e-14,2.021939571e-13,8.978581088e-14
81.40625,2.980787374e-13,2.146763081e-13,4.425191856e-13,2.820548353e-13,2.210925906e-13,1.509180742e-13,5.287254162e-14,6.161736249e-14,4.129424614e-14,1.596369858e-13,1.759438696e-13,5.415279425e-14,1.710427617e-13,1.298450123e-13,4.006327773e-13,4.965336565e-13,2.266520662e-13,1.740571369e-13,1.010958558e-13,5.730703591e-13,4.819188015e-14,4.768058794e-14,7.356286534e-14,4.484804908e-14,8.439468408e-14,3.636380992e-13,1.128994587e-13,1.772701459e-13,2.931789582e-13,8.226638398e-14,2.023799543e-13,8.961498582e-14
81.4140625,2.988855624e-13,2.174477304e-13,4.365463377e-13,2.835376314e-13,2.208568303e-13,1.504975672e-13,5.240352597e-14,6.0752186e-14,4.091804096e-14,1.561090215e-13,1.746009977e-13,5.376859747e-14,1.704321154e-13,1.30219219e-13,4.03863775e-13,5.003827887e-13,2.286875255e-13,1.764640825e-13,1.016322647e-13,5.741845323e-13,4.854193928e-14,4.783292464e-14,7.424032607e-14,4.511220715e-14,8.521823169e-14,3.653229543e-13,1.156810913e-13,1.755849433e-13,2.91183898e-13,8.241619895e-14,2.025139497e-13,8.943052641e-14
81.421875,2.994522282e-13,2.203287126e-13,4.308272853e-13,2.851771073e-13,2.205056314e-13,1.499225145e-13,5.19199987e-14,5.995694606e-14,4.054313984e-14,1.527221907e-13,1.733303571e-13,5.344147685e-14,1.698009675e-13,1.304789733e-13,4.073990908e-13,5.047508463e-13,2.30943698e-13,1.789203828e-13,1.022243543e-13,5.754068858e-13,4.894738053e-14,4.794675065e-14,7.494453605e-14,4.539606994e-14,8.607602704e-14,3.670107531e-13,1.186869283e-13,1.740021877e-13,2.89355659e-13,8.259574805e-14,2.026401014e-13,8.921980873e-14
81.4296875,3.00036717e-13,2.23122961e-13,4.252672005e-13,2.866536479e-13,2.201922299e-13,1.493831534e-13,5.140519455e-14,5.924115319e-14,4.019816976e-14,1.494431749e-13,1.721796426e-13,5.311698553e-14,1.691661238e-13,1.307477292e-13,4.111085814e-13,5.0940715e-13,2.334410441e-13,1.814361483e-13,1.028345684e-13,5.76612754e-13,4.939165939e-14,4.806919286e-14,7.565580295e-14,4.572549762e-14,8.695988855e-14,3.686755758e-13,1.218859472e-13,1.724480298e-13,2.8775816e-13,8.279316152e-14,2.027983476e-13,8.902371245e-14
81.4375,3.008461962e-13,2.261095319e-13,4.197316675e-13,2.881591005e-13,2.197747843e-13,1.489313121e-13,5.091133715e-14,5.853226151e-14,3.985698293e-14,1.461959363e-13,1.710089039e-13,5.278672955e-14,1.685176303e-13,1.310196865e-13,4.150080537e-13,5.14259059e-13,2.363280388e-13,1.839856745e-13,1.035132237e-13,5.778259456e-13,4.983712303e-14,4.818263725e-14,7.639886605e-14,4.602702306e-14,8.787136612e-14,3.703723245e-13,1.251926692e-13,1.709369261e-13,2.86293517e-13,8.297639233e-14,2.029334917e-13,8.885510367e-14
81.4453125,3.017605892e-13,2.292745097e-13,4.14209551e-13,2.898997008e-13,2.193658301e-13,1.484625782e-13,5.045242571e-14,5.779482465e-14,3.951091646e-14,1.43031917e-13,1.697754608e-13,5.249005503e-14,1.678326558e-13,1.312731081e-13,4.188537866e-13,5.190278241e-13,2.392567633e-13,1.864361179e-13,1.042543115e-13,5.792025442e-13,5.028123403e-14,4.829604131e-14,7.718219393e-14,4.630808182e-14,8.877092208e-14,3.720303109e-13,1.285389505e-13,1.69506068e-13,2.847668669e-13,8.312104042e-14,2.030644822e-13,8.868000876e-14
81.453125,3.026910896e-13,2.322500514e-13,4.087886103e-13,2.91558947e-13,2.192778785e-13,1.47967937e-13,4.999564403e-14,5.705591285e-14,3.920438922e-14,1.399779634e-13,1.68586287e-13,5.223499425e-14,1.671738283e-13,1.316628114e-13,4.224230821e-13,5.236046166e-13,2.419965238e-13,1.888083272e-13,1.050045076e-13,5.804877675e-13,5.076226209e-14,4.846390439e-14,7.798942365e-14,4.664665631e-14,8.965740368e-14,3.735656138e-13,1.319730509e-13,1.680781265e-13,2.831880094e-13,8.322345434e-14,2.033593211e-13,8.850499076e-14
81.4609375,3.037587311e-13,2.352235884e-13,4.03621658e-13,2.931478612e-13,2.193403294e-13,1.474835538e-13,4.954520655e-14,5.638719904e-14,3.895049427e-14,1.36979523e-13,1.675064781e-13,5.20187065e-14,1.665477434e-13,1.32221146e-13,4.261759917e-13,5.285800275e-13,2.450025363e-13,1.91293854e-13,1.058105049e-13,5.815916753e-13,5.131404553e-14,4.865791493e-14,7.881377075e-14,4.701214857e-14,9.058060975e-14,3.751382155e-13,1.355589723e-13,1.666965982e-13,2.81816395e-13,8.334779037e-14,2.038466241e-13,8.836526484e-14
81.46875,3.049244395e-13,2.385166384e-13,3.988055664e-13,2.950049436e-13,2.192211332e-13,1.470726313e-13,4.912079285e-14,5.583170861e-14,3.871541991e-14,1.340399491e-13,1.664835289e-13,5.185379227e-14,1.659194234e-13,1.327900865e-13,4.30473066e-13,5.342875707e-13,2.485895369e-13,1.939632756e-13,1.06716445e-13,5.828840748e-13,5.193261145e-14,4.881182316e-14,7.963493336e-14,4.73510907e-14,9.155839218e-14,3.768642334e-13,1.393036603e-13,1.654782032e-13,2.807855822e-13,8.353004054e-14,2.043788813e-13,8.823418e-14
81.4765625,3.059983422e-13,2.418507576e-13,3.942441771e-13,2.968687917e-13,2.189473433e-13,1.467647324e-13,4.870688143e-14,5.53298807e-14,3.848781756e-14,1.311789909e-13,1.654253809e-13,5.17305104e-14,1.653533416e-13,1.333458914e-13,4.349131923e-13,5.402672627e-13,2.525395834e-13,1.967628039e-13,1.076877207e-13,5.842868269e-13,5.25830269e-14,4.894298742e-14,8.045526338e-14,4.771061971e-14,9.259106253e-14,3.785527881e-13,1.432014535e-13,1.643172084e-13,2.799506795e-13,8.369355498e-14,2.049706357e-13,8.80668924e-14
81.484375,3.070188079e-13,2.449542181e-13,3.898100042e-13,2.985061468e-13,2.186167564e-13,1.464000005e-13,4.829189518e-14,5.483095826e-14,3.827549441e-14,1.283510648e-13,1.643227755e-13,5.161284707e-14,1.648253325e-13,1.339101283e-13,4.392062133e-13,5.462259577e-13,2.565987057e-13,1.995683244e-13,1.087067829e-13,5.855315526e-13,5.323154893e-14,4.908198569e-14,8.130670103e-14,4.809194174e-14,9.365912835e-14,3.800598843e-13,1.472041163e-13,1.631002904e-13,2.791925726e-13,8.378780082e-14,2.056712113e-13,8.788307684e-14
81.4921875,3.081727354e-13,2.480713348e-13,3.854968211e-13,3.002913917e-13,2.182329178e-13,1.458854397e-13,4.788693119e-14,5.436376242e-14,3.805974198e-14,1.255332109e-13,1.632563836e-13,5.147980411e-14,1.642113944e-13,1.343936826e-13,4.435211175e-13,5.522685218e-13,2.606271475e-13,2.022102273e-13,1.097510067e-13,5.869080936e-13,5.390493692e-14,4.920970445e-14,8.217201275e-14,4.841329276e-14,9.468991198e-14,3.814935471e-13,1.512578823e-13,1.619272489e-13,2.785081122e-13,8.385164365e-14,2.063077107e-13,8.770795878e-14
81.5,3.095341064e-13,2.514017465e-13,3.812735071e-13,3.022170778e-13,2.178890595e-13,1.454039313e-13,4.748318717e-14,5.393720117e-14,3.784629847e-14,1.227771173e-13,1.622151986e-13,5.134313892e-14,1.635835212e-13,1.348383704e-13,4.478209869e-13,5.582949393e-13,2.645401573e-13,2.046702661e-13,1.107519182e-13,5.884916343e-13,5.467020959e-14,4.934259261e-14,8.304100268e-14,4.869762995e-14,9.565469497e-14,3.82922952e-13,1.55309879e-13,1.608336571e-13,2.777797664e-13,8.389277828e-14,2.06862507e-13,8.753684124e-14
81.5078125,3.110013379e-13,2.547087772e-13,3.770688906e-13,3.039146274e-13,2.176823201e-13,1.450374734e-13,4.706897644e-14,5.356175312e-14,3.768844868e-14,1.201326116e-13,1.611030871e-13,5.122309681e-14,1.630457717e-13,1.353421008e-13,4.518994472e-13,5.641427742e-13,2.683038605e-13,2.070123577e-13,1.116817185e-13,5.898923338e-13,5.550576556e-14,4.952038609e-14,8.396560766e-14,4.905266751e-14,9.660963773e-14,3.842772485e-13,1.592581805e-13,1.597232886e-13,2.769274029e-13,8.388295789e-14,2.075581902e-13,8.73963144e-14
81.515625,3.124165162e-13,2.57870858e-13,3.729356577e-13,3.056034428e-13,2.17600571e-13,1.446404558e-13,4.667833238e-14,5.32798621e-14,3.757458537e-14,1.175648622e-13,1.599930705e-13,5.112409711e-14,1.624998123e-13,1.358417627e-13,4.558997121e-13,5.700095249e-13,2.720015352e-13,2.092540427e-13,1.126159896e-13,5.911678958e-13,5.632783202e-14,4.971078976e-14,8.493922753e-14,4.948191311e-14,9.75855671e-14,3.855103487e-13,1.63204163e-13,1.586278062e-13,2.762042465e-13,8.38359002e-14,2.083840404e-13,8.729163243e-14
81.5234375,3.138813948e-13,2.611890233e-13,3.690121618e-13,3.075621467e-13,2.176220435e-13,1.442432358e-13,4.634745072e-14,5.305716132e-14,3.744214765e-14,1.150085166e-13,1.590316478e-13,5.105153302e-14,1.619416154e-13,1.364072827e-13,4.601461779e-13,5.762529869e-13,2.759716854e-13,2.115408319e-13,1.136549558e-13,5.92560532e-13,5.715515594e-14,4.987748875e-14,8.590926334e-14,4.989889242e-14,9.857548892e-14,3.866171468e-13,1.674385064e-13,1.576618903e-13,2.758373468e-13,8.37726365e-14,2.092406238e-13,8.714743502e-14
81.53125,3.156044338e-13,2.646740593e-13,3.6537345e-13,3.094780779e-13,2.177216609e-13,1.440309434e-13,4.605720192e-14,5.284145308e-14,3.732248075e-14,1.125013753e-13,1.581416835e-13,5.102061639e-14,1.615022467e-13,1.372288515e-13,4.646017035e-13,5.828737697e-13,2.803779807e-13,2.139574102e-13,1.147544845e-13,5.938944818e-13,5.805802896e-14,5.005843738e-14,8.689833438e-14,5.027193095e-14,9.958761761e-14,3.875985108e-13,1.718758281e-13,1.567936453e-13,2.756314319e-13,8.367625387e-14,2.102239082e-13,8.694604424e-14
81.5390625,3.173872478e-13,2.679532104e-13,3.619653123e-13,3.111914025e-13,2.178093662e-13,1.43936617e-13,4.577483278e-14,5.26612476e-14,3.726367997e-14,1.10110621e-13,1.572062062e-13,5.102258051e-14,1.611214168e-13,1.381558219e-13,4.690098277e-13,5.895926665e-13,2.849294776e-13,2.163120147e-13,1.157938645e-13,5.952124948e-13,5.902136837e-14,5.026377341e-14,8.791727613e-14,5.064114138e-14,1.006087332e-13,3.884794214e-13,1.761937204e-13,1.559182375e-13,2.753611803e-13,8.352854116e-14,2.112890262e-13,8.676995992e-14
81.546875,3.18947657e-13,2.711791006e-13,3.586785389e-13,3.130717874e-13,2.17826633e-13,1.437644121e-13,4.549692599e-14,5.251360627e-14,3.720819515e-14,1.078073076e-13,1.563132913e-13,5.103825298e-14,1.606961077e-13,1.389396542e-13,4.73559577e-13,5.965494909e-13,2.896060203e-13,2.185808798e-13,1.168407897e-13,5.969685178e-13,6.001728023e-14,5.044087586e-14,8.890262555e-14,5.102821319e-14,1.016115373e-13,3.892881461e-13,1.804900001e-13,1.550852126e-13,2.751518959e-13,8.334723269e-14,2.123264721e-13,8.663160886e-14
81.5546875,3.204600385e-13,2.747318448e-13,3.555179651e-13,3.153172341e-13,2.178262854e-13,1.435506663e-13,4.522190524e-14,5.238016315e-14,3.713138243e-14,1.055936767e-13,1.555104306e-13,5.108721692e-14,1.603164682e-13,1.396986946e-13,4.786156763e-13,6.041045403e-13,2.946727199e-13,2.209620533e-13,1.180187877e-13,5.99186827e-13,6.106658488e-14,5.058935445e-14,8.985766009e-14,5.142437902e-14,1.026241248e-13,3.900865726e-13,1.849867522e-13,1.544087246e-13,2.751884251e-13,8.316282603e-14,2.13511481e-13,8.647881207e-14
81.5625,3.221979116e-13,2.783626659e-13,3.525621175e-13,3.17692479e-13,2.178571489e-13,1.434021639e-13,4.494673699e-14,5.233169808e-14,3.709497383e-14,1.035114831e-13,1.546878874e-13,5.119149785e-14,1.600272809e-13,1.405985e-13,4.839177836e-13,6.12003587e-13,2.999098902e-13,2.234098278e-13,1.192477068e-13,6.013825037e-13,6.21696318e-14,5.07563681e-14,9.087114057e-14,5.185732656e-14,1.036948435e-13,3.909530643e-13,1.895628908e-13,1.538309839e-13,2.754534448e-13,8.297236071e-14,2.149276641e-13,8.633883063e-14
81.5703125,3.241595889e-13,2.818958707e-13,3.498120451e-13,3.200483368e-13,2.179184737e-13,1.432839566e-13,4.469614505e-14,5.238751447e-14,3.70909996e-14,1.014718115e-13,1.538268934e-13,5.133133305e-14,1.597365539e-13,1.415760776e-13,4.890862151e-13,6.198844533e-13,3.050908389e-13,2.258202144e-13,1.204684346e-13,6.033342897e-13,6.331038734e-14,5.094261823e-14,9.197180984e-14,5.234300002e-14,1.048112332e-13,3.918122567e-13,1.941207542e-13,1.532603807e-13,2.758645014e-13,8.275049796e-14,2.164008795e-13,8.624998119e-14
81.578125,3.261811724e-13,2.856729635e-13,3.472365604e-13,3.224761293e-13,2.180442088e-13,1.431874146e-13,4.449740383e-14,5.246156923e-14,3.706486964e-14,9.940837402e-14,1.529781721e-13,5.149049329e-14,1.594243135e-13,1.425713205e-13,4.942889442e-13,6.27941828e-13,3.104390896e-13,2.282375527e-13,1.217489287e-13,6.052360228e-13,6.448370122e-14,5.112346418e-14,9.309195559e-14,5.280979601e-14,1.059142621e-13,3.924909894e-13,1.987233217e-13,1.527457309e-13,2.763875973e-13,8.248683232e-14,2.17918227e-13,8.616574444e-14
81.5859375,3.28086589e-13,2.896116529e-13,3.447557154e-13,3.24985406e-13,2.182097633e-13,1.4313538e-13,4.433920409e-14,5.254637747e-14,3.703940226e-14,9.741607918e-14,1.521009245e-13,5.166890324e-14,1.591232995e-13,1.435582173e-13,4.995630743e-13,6.362216314e-13,3.15888683e-13,2.305358364e-13,1.230209195e-13,6.071823333e-13,6.566563516e-14,5.129488038e-14,9.417069032e-14,5.322882985e-14,1.069637373e-13,3.929919531e-13,2.033233043e-13,1.522777061e-13,2.769919148e-13,8.217691674e-14,2.195301751e-13,8.605172951e-14
81.59375,3.299497339e-13,2.93321522e-13,3.422592169e-13,3.275363116e-13,2.183127966e-13,1.430826288e-13,4.419419296e-14,5.270917056e-14,3.705929053e-14,9.551668042e-14,1.512197301e-13,5.185727736e-14,1.588306225e-13,1.445178771e-13,5.046625162e-13,6.445068603e-13,3.212537123e-13,2.326075798e-13,1.241982241e-13,6.091116019e-13,6.684671741e-14,5.14667235e-14,9.523071079e-14,5.368774866e-14,1.079705307e-13,3.934338771e-13,2.078879099e-13,1.518046535e-13,2.776395352e-13,8.182956084e-14,2.211480051e-13,8.593758112e-14
81.6015625,3.320378687e-13,2.969627125e-13,3.398670885e-13,3.301386932e-13,2.184414855e-13,1.430809568e-13,4.406267018e-14,5.293615795e-14,3.711524926e-14,9.365339444e-14,1.504502681e-13,5.20728007e-14,1.585874074e-13,1.455684347e-13,5.097878546e-13,6.52968266e-13,3.268492244e-13,2.346786182e-13,1.253916359e-13,6.111568156e-13,6.806444102e-14,5.165843204e-14,9.631602215e-14,5.420784661e-14,1.089846664e-13,3.938268201e-13,2.124586828e-13,1.514236281e-13,2.78358108e-13,8.148136796e-14,2.228134042e-13,8.583988372e-14
81.609375,3.343058222e-13,3.007482864e-13,3.377762578e-13,3.327044984e-13,2.187598217e-13,1.43215085e-13,4.396976468e-14,5.315875122e-14,3.717193027e-14,9.187460831e-14,1.49737697e-13,5.234574907e-14,1.584295801e-13,1.467742359e-13,5.152605444e-13,6.617600376e-13,3.327829625e-13,2.368669992e-13,1.266563444e-13,6.134663402e-13,6.934304172e-14,5.186570838e-14,9.741033985e-14,5.471312927e-14,1.100424792e-13,3.941519821e-13,2.169798614e-13,1.511285062e-13,2.792326797e-13,8.113818657e-14,2.246143593e-13,8.573897839e-14
81.6171875,3.365369401e-13,3.044942528e-13,3.358894093e-13,3.352853775e-13,2.191423133e-13,1.433948031e-13,4.392898101e-14,5.337694411e-14,3.722266323e-14,9.018315128e-14,1.489515886e-13,5.265139144e-14,1.582884467e-13,1.480106718e-13,5.210112812e-13,6.707367321e-13,3.387237534e-13,2.389968752e-13,1.279099491e-13,6.158994349e-13,7.066659526e-14,5.206135783e-14,9.84959649e-14,5.520397606e-14,1.111238758e-13,3.944510755e-13,2.21465302e-13,1.507623216e-13,2.803021846e-13,8.076011363e-14,2.264646284e-13,8.562735501e-14
81.625,3.388050396e-13,3.082537176e-13,3.340944904e-13,3.381087387e-13,2.194303452e-13,1.435693312e-13,4.392683918e-14,5.365062246e-14,3.730703972e-14,8.849233522e-14,1.481665329e-13,5.296196677e-14,1.581267535e-13,1.492781233e-13,5.269728336e-13,6.799430826e-13,3.446670451e-13,2.410264244e-13,1.291635238e-13,6.183215426e-13,7.202619112e-14,5.226615792e-14,9.959967179e-14,5.571534853e-14,1.12194062e-13,3.947181599e-13,2.260409219e-13,1.504124183e-13,2.815767246e-13,8.033400332e-14,2.283679728e-13,8.553062065e-14
81.6328125,3.411360137e-13,3.122591598e-13,3.324460528e-13,3.410395803e-13,2.196728878e-13,1.43782981e-13,4.395165875e-14,5.398703456e-14,3.742932616e-14,8.684270867e-14,1.474613212e-13,5.329973339e-14,1.580004744e-13,1.506522029e-13,5.330711802e-13,6.893492299e-13,3.506670784e-13,2.430094687e-13,1.304388854e-13,6.207259501e-13,7.343624351e-14,5.249918747e-14,1.007207515e-13,5.620418645e-14,1.132565714e-13,3.949031251e-13,2.306224182e-13,1.502192295e-13,2.830426124e-13,7.986721354e-14,2.304058254e-13,8.546357455e-14
81.640625,3.432588009e-13,3.163056282e-13,3.30860412e-13,3.438647054e-13,2.198018382e-13,1.439417875e-13,4.401857165e-14,5.435002598e-14,3.752604467e-14,8.53033019e-14,1.46721363e-13,5.365240819e-14,1.578860853e-13,1.51939721e-13,5.391000401e-13,6.987233476e-13,3.564482951e-13,2.448299826e-13,1.316444111e-13,6.230258095e-13,7.488957931e-14,5.269929083e-14,1.018305149e-13,5.665756788e-14,1.143259442e-13,3.950064476e-13,2.350093197e-13,1.500092606e-13,2.845843447e-13,7.934614125e-14,2.324409733e-13,8.539422009e-14
81.6484375,3.451616382e-13,3.201396596e-13,3.293229803e-13,3.467804045e-13,2.197624501e-13,1.440406881e-13,4.414482964e-14,5.476436624e-14,3.759736778e-14,8.381778909e-14,1.45930203e-13,5.398350167e-14,1.577196822e-13,1.530330245e-13,5.452034879e-13,7.082877058e-13,3.62105163e-13,2.464973326e-13,1.327817522e-13,6.252852921e-13,7.634285525e-14,5.28508194e-14,1.029365042e-13,5.713200953e-14,1.154127378e-13,3.950664066e-13,2.392332515e-13,1.496948914e-13,2.861994416e-13,7.878213914e-14,2.343784244e-13,8.530453737e-14
81.65625,3.472232126e-13,3.239675771e-13,3.28036805e-13,3.497919064e-13,2.197979449e-13,1.442554835e-13,4.432245464e-14,5.524365615e-14,3.769538449e-14,8.236214587e-14,1.452193411e-13,5.433321563e-14,1.575746732e-13,1.542229668e-13,5.516747514e-13,7.183465562e-13,3.681143404e-13,2.482716261e-13,1.339870322e-13,6.277595745e-13,7.779163707e-14,5.302309447e-14,1.040619757e-13,5.761558011e-14,1.165389784e-13,3.951001301e-13,2.434627289e-13,1.494871754e-13,2.880980297e-13,7.821694894e-14,2.364071581e-13,8.522288423e-14
81.6640625,3.49574302e-13,3.280116378e-13,3.268928943e-13,3.527470518e-13,2.199505501e-13,1.445223953e-13,4.453758229e-14,5.571981778e-14,3.777886799e-14,8.096021771e-14,1.445357689e-13,5.473888506e-14,1.575119363e-13,1.556231301e-13,5.584038936e-13,7.286595478e-13,3.745108172e-13,2.501865202e-13,1.352892413e-13,6.304572303e-13,7.928254713e-14,5.320296766e-14,1.052072501e-13,5.80485068e-14,1.176922921e-13,3.950719924e-13,2.477906649e-13,1.494455948e-13,2.902544208e-13,7.765255021e-14,2.386441605e-13,8.514695975e-14
81.671875,3.5198302e-13,3.321785571e-13,3.256379549e-13,3.559183676e-13,2.200049607e-13,1.446913385e-13,4.479508341e-14,5.619117437e-14,3.782136213e-14,7.957105703e-14,1.43762993e-13,5.51535885e-14,1.574570045e-13,1.570218397e-13,5.652184847e-13,7.390731524e-13,3.809736567e-13,2.519910862e-13,1.365740179e-13,6.333002836e-13,8.081268296e-14,5.334535144e-14,1.063461639e-13,5.846590026e-14,1.188254177e-13,3.949487063e-13,2.522127988e-13,1.494196834e-13,2.924135675e-13,7.705711599e-14,2.409654095e-13,8.505430664e-14
81.6796875,3.543751821e-13,3.363759099e-13,3.245552583e-13,3.592687556e-13,2.200923101e-13,1.449334015e-13,4.510847836e-14,5.672465298e-14,3.791587238e-14,7.81962489e-14,1.430380665e-13,5.557569166e-14,1.574377175e-13,1.585083712e-13,5.721380978e-13,7.497590579e-13,3.874208528e-13,2.536690128e-13,1.377665316e-13,6.364038692e-13,8.236818475e-14,5.351395133e-14,1.074482731e-13,5.894539894e-14,1.199431596e-13,3.947808207e-13,2.566078595e-13,1.493872516e-13,2.946747146e-13,7.642960394e-14,2.433197155e-13,8.49766872e-14
81.6875,3.568335014e-13,3.406790856e-13,3.240744442e-13,3.62355392e-13,2.203627581e-13,1.453968358e-13,4.547697425e-14,5.73142467e-14,3.808274137e-14,7.69091258e-14,1.42505028e-13,5.608614024e-14,1.576107067e-13,1.60323165e-13,5.792466355e-13,7.607953268e-13,3.940153329e-13,2.554709154e-13,1.38921604e-13,6.396938365e-13,8.401523134e-14,5.373281842e-14,1.085384403e-13,5.947952987e-14,1.210936805e-13,3.946227042e-13,2.608902771e-13,1.494530045e-13,2.973484503e-13,7.58001541e-14,2.458688577e-13,8.493584404e-14
81.6953125,3.59269535e-13,3.45244381e-13,3.240816015e-13,3.654816241e-13,2.205567147e-13,1.459625638e-13,4.588063582e-14,5.795630142e-14,3.823365362e-14,7.572048193e-14,1.420559228e-13,5.669355897e-14,1.579814972e-13,1.622903821e-13,5.868363764e-13,7.724400835e-13,4.009034231e-13,2.574801472e-13,1.401512659e-13,6.429832912e-13,8.575138106e-14,5.392436843e-14,1.096743982e-13,6.002994063e-14,1.222996954e-13,3.944603533e-13,2.65194021e-13,1.496797962e-13,3.004399139e-13,7.517469732e-14,2.487115591e-13,8.490032072e-14
81.703125,3.617049303e-13,3.501752688e-13,3.241391116e-13,3.691667629e-13,2.206284246e-13,1.465732792e-13,4.630739925e-14,5.867608192e-14,3.835638732e-14,7.460273635e-14,1.415759056e-13,5.731373954e-14,1.584212841e-13,1.641851034e-13,5.950806132e-13,7.849776834e-13,4.080941995e-13,2.595719748e-13,1.414747179e-13,6.464614687e-13,8.744366805e-14,5.409187113e-14,1.108476485e-13,6.058906401e-14,1.235633515e-13,3.943150843e-13,2.696216345e-13,1.500428344e-13,3.037720074e-13,7.452223239e-14,2.516609011e-13,8.487183313e-14
81.7109375,3.644437106e-13,3.553119581e-13,3.240147363e-13,3.731828769e-13,2.208349773e-13,1.47280573e-13,4.677740119e-14,5.941460181e-14,3.848212579e-14,7.354751213e-14,1.410880967e-13,5.791129617e-14,1.58881137e-13,1.661425953e-13,6.036532016e-13,7.979905565e-13,4.154771267e-13,2.616796126e-13,1.428055249e-13,6.503182044e-13,8.907052163e-14,5.429191703e-14,1.120061804e-13,6.111767275e-14,1.248617056e-13,3.942190639e-13,2.7404584e-13,1.504709748e-13,3.072083234e-13,7.3829975e-14,2.545241098e-13,8.487443269e-14
81.71875,3.675147975e-13,3.604426993e-13,3.23887603e-13,3.7732822e-13,2.211059249e-13,1.480826516e-13,4.731578771e-14,6.013196875e-14,3.859601008e-14,7.25321739e-14,1.406041825e-13,5.8541843e-14,1.59402271e-13,1.682936191e-13,6.123272786e-13,8.108998338e-13,4.22898822e-13,2.638350279e-13,1.441272452e-13,6.542961169e-13,9.075528614e-14,5.450674376e-14,1.13132245e-13,6.159197409e-14,1.261462878e-13,3.940835651e-13,2.783891025e-13,1.509527305e-13,3.106909835e-13,7.311293429e-14,2.574362172e-13,8.488273463e-14
81.7265625,3.705393529e-13,3.657132107e-13,3.240908439e-13,3.816572396e-13,2.212527004e-13,1.489666113e-13,4.792448763e-14,6.087184171e-14,3.87000139e-14,7.155682365e-14,1.401191016e-13,5.925826706e-14,1.600417786e-13,1.705618101e-13,6.211885828e-13,8.237880734e-13,4.302044685e-13,2.660052068e-13,1.454804026e-13,6.581003626e-13,9.253774759e-14,5.47127316e-14,1.142258918e-13,6.208925796e-14,1.274103251e-13,3.938199991e-13,2.827125977e-13,1.515144337e-13,3.143515629e-13,7.236117565e-14,2.605822812e-13,8.486441933e-14
81.734375,3.732651997e-13,3.712528779e-13,3.246709804e-13,3.859697501e-13,2.213355768e-13,1.499010446e-13,4.859995239e-14,6.162558884e-14,3.879252047e-14,7.065340231e-14,1.396755384e-13,6.004466245e-14,1.608025024e-13,1.728578079e-13,6.301530741e-13,8.369680226e-13,4.373910906e-13,2.680677494e-13,1.467798409e-13,6.617797346e-13,9.436708925e-14,5.490062197e-14,1.152943444e-13,6.265375848e-14,1.286882651e-13,3.934880944e-13,2.870378619e-13,1.521026795e-13,3.18359173e-13,7.157021861e-14,2.63893926e-13,8.481421393e-14
81.7421875,3.757339337e-13,3.767807725e-13,3.254525858e-13,3.902723557e-13,2.213947379e-13,1.508576178e-13,4.933107316e-14,6.239381991e-14,3.884434196e-14,6.980384307e-14,1.392831007e-13,6.085603052e-14,1.616092184e-13,1.751555952e-13,6.392194617e-13,8.505327027e-13,4.446890532e-13,2.700324216e-13,1.479426236e-13,6.656327722e-13,9.621578283e-14,5.504122317e-14,1.163666552e-13,6.321706526e-14,1.29988496e-13,3.931754672e-13,2.914027832e-13,1.52658785e-13,3.226906066e-13,7.078351616e-14,2.67277986e-13,8.473838658e-14
81.75,3.781590484e-13,3.822105363e-13,3.263324934e-13,3.948153736e-13,2.214091639e-13,1.519098488e-13,5.009022021e-14,6.324626508e-14,3.888145554e-14,6.895482563e-14,1.388950612e-13,6.168308963e-14,1.624496534e-13,1.775174203e-13,6.486543966e-13,8.644420032e-13,4.522287303e-13,2.720868556e-13,1.490916627e-13,6.698589446e-13,9.806583799e-14,5.515803677e-14,1.174671203e-13,6.374179707e-14,1.313026306e-13,3.928986372e-13,2.958151608e-13,1.532420893e-13,3.272327218e-13,7.001898577e-14,2.70742807e-13,8.466984442e-14
81.7578125,3.808342729e-13,3.879546989e-13,3.272789958e-13,3.995627952e-13,2.213888156e-13,1.531287092e-13,5.088719771e-14,6.41597051e-14,3.894147407e-14,6.80866973e-14,1.385117926e-13,6.25598385e-14,1.634109617e-13,1.800743829e-13,6.585207355e-13,8.785832475e-13,4.599035414e-13,2.743284082e-13,1.503863274e-13,6.742013757e-13,9.990260973e-14,5.530224818e-14,1.18599887e-13,6.424873509e-14,1.326472816e-13,3.926501547e-13,3.001152668e-13,1.539543157e-13,3.319135541e-13,6.925508076e-14,2.743384295e-13,8.462966108e-14
81.765625,3.838662461e-13,3.94200897e-13,3.283623802e-13,4.044913896e-13,2.212903537e-13,1.544872095e-13,5.176999893e-14,6.506985999e-14,3.90186381e-14,6.722458875e-14,1.381734441e-13,6.352304119e-14,1.644946704e-13,1.829133474e-13,6.6877831e-13,8.930252964e-13,4.677093375e-13,2.767155986e-13,1.51820139e-13,6.78346116e-13,1.017149585e-13,5.547558311e-14,1.197379316e-13,6.475345894e-14,1.340475538e-13,3.924089077e-13,3.042581892e-13,1.547958222e-13,3.367825528e-13,6.849911366e-14,2.782311302e-13,8.459438659e-14
81.7734375,3.871402137e-13,4.006448935e-13,3.296592513e-13,4.096518229e-13,2.211655963e-13,1.559444885e-13,5.27293162e-14,6.601447411e-14,3.913647392e-14,6.642310868e-14,1.378282006e-13,6.455371936e-14,1.656138763e-13,1.860202208e-13,6.794492573e-13,9.080180406e-13,4.757190393e-13,2.791843448e-13,1.532502103e-13,6.825801431e-13,1.034776502e-13,5.567812469e-14,1.208250852e-13,6.529837467e-14,1.354800728e-13,3.921637511e-13,3.084381189e-13,1.556567274e-13,3.420019553e-13,6.774190215e-14,2.824756972e-13,8.456668196e-14
81.78125,3.90536374e-13,4.070668763e-13,3.310101723e-13,4.149266513e-13,2.210989286e-13,1.574763932e-13,5.371592504e-14,6.701863515e-14,3.929456094e-14,6.569776796e-14,1.373800725e-13,6.558870513e-14,1.667582837e-13,1.892493499e-13,6.903170982e-13,9.234595118e-13,4.838085784e-13,2.815951361e-13,1.545359959e-13,6.872731108e-13,1.052006012e-13,5.589737424e-14,1.218547716e-13,6.589722018e-14,1.368790529e-13,3.919433891e-13,3.12725961e-13,1.564915738e-13,3.476045275e-13,6.693604291e-14,2.868374251e-13,8.456558118e-14
81.7890625,3.938738338e-13,4.13582887e-13,3.323376459e-13,4.203451217e-13,2.209581106e-13,1.590550141e-13,5.474482953e-14,6.807008994e-14,3.941614691e-14,6.499796118e-14,1.368954272e-13,6.662445723e-14,1.679684115e-13,1.924668901e-13,7.012511022e-13,9.389872325e-13,4.918763227e-13,2.839093419e-13,1.557356837e-13,6.921916903e-13,1.069184529e-13,5.608496985e-14,1.22887256e-13,6.649139705e-14,1.382514873e-13,3.91740113e-13,3.170101187e-13,1.574085393e-13,3.534575625e-13,6.609720364e-14,2.91246955e-13,8.45559827e-14
81.796875,3.970292301e-13,4.203547337e-13,3.338933862e-13,4.258933985e-13,2.206954123e-13,1.606782168e-13,5.585124407e-14,6.919561798e-14,3.949997444e-14,6.431548067e-14,1.365173715e-13,6.77250356e-14,1.69249458e-13,1.957997963e-13,7.125600026e-13,9.546511151e-13,5.000690473e-13,2.863917443e-13,1.570519505e-13,6.970678399e-13,1.086315834e-13,5.62571353e-14,1.239436163e-13,6.706889906e-14,1.396908978e-13,3.915305468e-13,3.212429936e-13,1.584568008e-13,3.594719175e-13,6.52806933e-14,2.959075843e-13,8.452204032e-14
81.8046875,4.001983528e-13,4.273865928e-13,3.357706228e-13,4.31321234e-13,2.204550685e-13,1.623843746e-13,5.701202597e-14,7.036517807e-14,3.961593537e-14,6.368770484e-14,1.362087847e-13,6.891247478e-14,1.705977581e-13,1.9941142e-13,7.244745868e-13,9.708090868e-13,5.085060173e-13,2.892071085e-13,1.585229896e-13,7.020541401e-13,1.103414693e-13,5.646380556e-14,1.249889446e-13,6.765022649e-14,1.412254761e-13,3.913906512e-13,3.25469551e-13,1.595123178e-13,3.656725165e-13,6.448278175e-14,3.008394076e-13,8.45097294e-14
81.8125,4.034734353e-13,4.345870884e-13,3.378141358e-13,4.367800882e-13,2.202182377e-13,1.642079454e-13,5.82085941e-14,7.151879473e-14,3.974439416e-14,6.307830349e-14,1.35878562e-13,7.01568012e-14,1.720120046e-13,2.031788816e-13,7.368005045e-13,9.873508198e-13,5.169535608e-13,2.92130657e-13,1.600390154e-13,7.072461744e-13,1.120464978e-13,5.668113221e-14,1.26012846e-13,6.820526943e-14,1.427995033e-13,3.913518277e-13,3.296970744e-13,1.605077821e-13,3.722019139e-13,6.36805558e-14,3.059325386e-13,8.452525369e-14
81.8203125,4.06600328e-13,4.419600038e-13,3.400390951e-13,4.425869175e-13,2.19978193e-13,1.661251489e-13,5.946586172e-14,7.268873926e-14,3.984692008e-14,6.244360424e-14,1.355783351e-13,7.144367271e-14,1.735138186e-13,2.069942684e-13,7.492077542e-13,1.00374768e-12,5.250439966e-13,2.949733455e-13,1.615467857e-13,7.12519586e-13,1.137217247e-13,5.689212505e-14,1.270320609e-13,6.874747189e-14,1.443887754e-13,3.912787777e-13,3.337514603e-13,1.615509045e-13,3.791099352e-13,6.287117392e-14,3.111968792e-13,8.453672189e-14
81.828125,4.096642285e-13,4.496445431e-13,3.424974647e-13,4.485862182e-13,2.198416431e-13,1.681282587e-13,6.080033822e-14,7.389268911e-14,3.996093645e-14,6.18371648e-14,1.353071933e-13,7.278543165e-14,1.751582049e-13,2.110125308e-13,7.61753484e-13,1.020193608e-12,5.330218283e-13,2.978822346e-13,1.630332132e-13,7.178416526e-13,1.153907276e-13,5.712857969e-14,1.280519964e-13,6.933975851e-14,1.460099685e-13,3.911724644e-13,3.37490426e-13,1.627474722e-13,3.861990462e-13,6.205506259e-14,3.166565292e-13,8.455677824e-14
81.8359375,4.131252322e-13,4.576462722e-13,3.450663809e-13,4.546792262e-13,2.196352917e-13,1.702889847e-13,6.221503805e-14,7.510187457e-14,4.01015458e-14,6.129460026e-14,1.34960148e-13,7.419587056e-14,1.769120032e-13,2.153338773e-13,7.750182639e-13,1.037668122e-12,5.41681573e-13,3.010609862e-13,1.645439744e-13,7.233776465e-13,1.170700823e-13,5.738258708e-14,1.290659324e-13,6.998939622e-14,1.47694269e-13,3.912702546e-13,3.412181815e-13,1.640730967e-13,3.934793147e-13,6.126195778e-14,3.223400987e-13,8.461124088e-14
81.84375,4.169400051e-13,4.657239531e-13,3.477366716e-13,4.609777758e-13,2.192106257e-13,1.726196668e-13,6.370991698e-14,7.635915974e-14,4.024283781e-14,6.077092326e-14,1.346031009e-13,7.565077218e-14,1.786651875e-13,2.198637567e-13,7.892144748e-13,1.056301646e-12,5.510769927e-13,3.044874198e-13,1.661494189e-13,7.293458627e-13,1.187002033e-13,5.763392753e-14,1.300766117e-13,7.066635704e-14,1.494678326e-13,3.916271701e-13,3.452822832e-13,1.654296583e-13,4.012372861e-13,6.051512012e-14,3.282554022e-13,8.469403562e-14
81.8515625,4.20624411e-13,4.737366688e-13,3.507086682e-13,4.673323242e-13,2.187989977e-13,1.750538744e-13,6.526452996e-14,7.769635054e-14,4.038088827e-14,6.025976599e-14,1.34411012e-13,7.710857999e-14,1.804500804e-13,2.245350382e-13,8.037714482e-13,1.075224471e-12,5.604179235e-13,3.080470147e-13,1.677548859e-13,7.356163483e-13,1.202956682e-13,5.789397954e-14,1.311152088e-13,7.130988801e-14,1.512985744e-13,3.920373205e-13,3.494956621e-13,1.66748717e-13,4.094403788e-13,5.977465598e-14,3.343008081e-13,8.47830643e-14
81.859375,4.240800861e-13,4.818128207e-13,3.540452605e-13,4.736694192e-13,2.18459108e-13,1.775789528e-13,6.686445832e-14,7.906773496e-14,4.051516489e-14,5.980202618e-14,1.343523579e-13,7.858768904e-14,1.823872969e-13,2.293756464e-13,8.184183054e-13,1.094230829e-12,5.695174988e-13,3.117763042e-13,1.692613872e-13,7.417702963e-13,1.219290331e-13,5.81569246e-14,1.32193279e-13,7.18715355e-14,1.531557286e-13,3.924219526e-13,3.536368062e-13,1.680331259e-13,4.178816167e-13,5.900772479e-14,3.404371523e-13,8.485987946e-14
81.8671875,4.276102241e-13,4.900906606e-13,3.574790982e-13,4.801741647e-13,2.18022821e-13,1.801711157e-13,6.852243308e-14,8.046363979e-14,4.064636222e-14,5.937269996e-14,1.342278183e-13,8.011154832e-14,1.844393852e-13,2.344050952e-13,8.334592267e-13,1.113710833e-12,5.787899046e-13,3.156972627e-13,1.707751251e-13,7.479252673e-13,1.235388586e-13,5.841323149e-14,1.332525567e-13,7.243969098e-14,1.55076013e-13,3.928745391e-13,3.57825603e-13,1.693469104e-13,4.265650073e-13,5.822311001e-14,3.466860765e-13,8.493932382e-14
81.875,4.313766216e-13,4.985555455e-13,3.607921246e-13,4.868422097e-13,2.175482333e-13,1.828058377e-13,7.024547885e-14,8.190465727e-14,4.078316547e-14,5.890471652e-14,1.339438643e-13,8.163565141e-14,1.865026144e-13,2.395905784e-13,8.4893753e-13,1.133566237e-12,5.881772614e-13,3.196250973e-13,1.723543751e-13,7.545164551e-13,1.250372491e-13,5.867276236e-14,1.342480815e-13,7.310419803e-14,1.570607052e-13,3.934331789e-13,3.620624333e-13,1.707397549e-13,4.354665714e-13,5.742235746e-14,3.52993469e-13,8.504718735e-14
81.8828125,4.352358935e-13,5.070269858e-13,3.641636586e-13,4.934573966e-13,2.170556511e-13,1.855597244e-13,7.202065139e-14,8.338047974e-14,4.091702275e-14,5.842219643e-14,1.336010446e-13,8.31402503e-14,1.88595626e-13,2.449204407e-13,8.647325609e-13,1.1536373e-12,5.974837693e-13,3.235042878e-13,1.739204061e-13,7.61207835e-13,1.264460206e-13,5.893453666e-14,1.35206519e-13,7.37867576e-14,1.590531344e-13,3.940598708e-13,3.662467114e-13,1.721290952e-13,4.44598992e-13,5.662536032e-14,3.593464504e-13,8.516056338e-14
81.890625,4.38995087e-13,5.153921673e-13,3.677465026e-13,4.99883563e-13,2.164674386e-13,1.884084816e-13,7.382094784e-14,8.487469722e-14,4.105575495e-14,5.803040722e-14,1.333312566e-13,8.466627125e-14,1.907939665e-13,2.50486472e-13,8.808389137e-13,1.173975441e-12,6.068567405e-13,3.275648854e-13,1.75491502e-13,7.675208613e-13,1.277935792e-13,5.921016174e-14,1.361412588e-13,7.441702035e-14,1.610512564e-13,3.947057085e-13,3.704738051e-13,1.734316651e-13,4.540757591e-13,5.586568052e-14,3.657562819e-13,8.525580997e-14
81.8984375,4.427232771e-13,5.240171814e-13,3.714330903e-13,5.063392161e-13,2.159580918e-13,1.912576193e-13,7.562385577e-14,8.635485503e-14,4.121971521e-14,5.775521342e-14,1.331331801e-13,8.625698069e-14,1.931669032e-13,2.564056596e-13,8.971482448e-13,1.194441169e-12,6.163380482e-13,3.319414817e-13,1.7713893e-13,7.738278986e-13,1.291143704e-13,5.952543348e-14,1.370428375e-13,7.502583476e-14,1.630961606e-13,3.953561099e-13,3.747898663e-13,1.7480545e-13,4.637847804e-13,5.512108326e-14,3.722796166e-13,8.534991397e-14
81.90625,4.466107193e-13,5.332052956e-13,3.75309822e-13,5.131891458e-13,2.15577665e-13,1.942296402e-13,7.745430053e-14,8.780556415e-14,4.137299766e-14,5.751300149e-14,1.329397604e-13,8.793829922e-14,1.957179383e-13,2.626412281e-13,9.13634535e-13,1.215036767e-12,6.258471713e-13,3.365162282e-13,1.788209915e-13,7.80369816e-13,1.304449315e-13,5.985793879e-14,1.379410513e-13,7.561561301e-14,1.651949044e-13,3.960405353e-13,3.790862141e-13,1.763765609e-13,4.736755628e-13,5.436222988e-14,3.790812973e-13,8.542997871e-14
81.9140625,4.506145373e-13,5.42502217e-13,3.794448016e-13,5.202737247e-13,2.15081839e-13,1.973739505e-13,7.935179659e-14,8.927744334e-14,4.148574532e-14,5.72501382e-14,1.327264982e-13,8.96619127e-14,1.983037322e-13,2.690102413e-13,9.303349479e-13,1.23592134e-12,6.35404576e-13,3.411159395e-13,1.804553014e-13,7.869048044e-13,1.317145919e-13,6.017338352e-14,1.388472822e-13,7.619581894e-14,1.673204455e-13,3.967805691e-13,3.832982203e-13,1.779794105e-13,4.839039009e-13,5.362148022e-14,3.860218626e-13,8.548005419e-14
81.921875,4.546594543e-13,5.516969589e-13,3.834956346e-13,5.273003319e-13,2.144596206e-13,2.004830628e-13,8.128951123e-14,9.079934241e-14,4.160959332e-14,5.698065925e-14,1.324723366e-13,9.136415975e-14,2.008371211e-13,2.754317243e-13,9.472075849e-13,1.257067506e-12,6.450668625e-13,3.457426155e-13,1.820733014e-13,7.93778668e-13,1.328789427e-13,6.049964947e-14,1.397266554e-13,7.682674338e-14,1.69450388e-13,3.976325339e-13,3.874816678e-13,1.79582601e-13,4.943322608e-13,5.293092579e-14,3.928123843e-13,8.555842764e-14
81.9296875,4.58840067e-13,5.612908598e-13,3.873697378e-13,5.344261076e-13,2.138098724e-13,2.035544907e-13,8.322295962e-14,9.235355645e-14,4.177487151e-14,5.67232465e-14,1.321743822e-13,9.310709148e-14,2.034216493e-13,2.820102014e-13,9.643964303e-13,1.278493509e-12,6.549451543e-13,3.506114194e-13,1.837982694e-13,8.012435858e-13,1.340154605e-13,6.086853508e-14,1.405827888e-13,7.750716757e-14,1.716039786e-13,3.986427162e-13,3.917536835e-13,1.813526702e-13,5.047796681e-13,5.226785856e-14,3.996742483e-13,8.569879067e-14
81.9375,4.631124309e-13,5.711193601e-13,3.914102862e-13,5.415373499e-13,2.13071652e-13,2.067569213e-13,8.51787174e-14,9.393623035e-14,4.193877113e-14,5.64988456e-14,1.318884376e-13,9.493054185e-14,2.061085539e-13,2.888120442e-13,9.818500691e-13,1.300009572e-12,6.649294765e-13,3.557875e-13,1.856112781e-13,8.085350363e-13,1.351293688e-13,6.125366079e-14,1.414322719e-13,7.816585403e-14,1.738032534e-13,3.996825247e-13,3.96021097e-13,1.831625069e-13,5.15369604e-13,5.15921674e-14,4.067776957e-13,8.583419876e-14
81.9453125,4.673481596e-13,5.807165725e-13,3.95693976e-13,5.484620592e-13,2.123524493e-13,2.100695994e-13,8.719613858e-14,9.5525315e-14,4.208829432e-14,5.630562632e-14,1.316564113e-13,9.677531801e-14,2.08885425e-13,2.958692475e-13,9.993007869e-13,1.321298291e-12,6.747393152e-13,3.611282163e-13,1.873791172e-13,8.153513763e-13,1.361771664e-13,6.163292404e-14,1.42236828e-13,7.875123598e-14,1.760261305e-13,4.006769969e-13,4.000973262e-13,1.848598326e-13,5.261960468e-13,5.09084422e-14,4.138551023e-13,8.59115877e-14
81.953125,4.716191209e-13,5.906669529e-13,4.001301744e-13,5.557602744e-13,2.117589699e-13,2.134849377e-13,8.925731934e-14,9.712116426e-14,4.225286134e-14,5.609836022e-14,1.314864753e-13,9.870087645e-14,2.118347491e-13,3.033443042e-13,1.017205549e-12,1.342897877e-12,6.846253476e-13,3.66712059e-13,1.891682778e-13,8.223850649e-13,1.371995001e-13,6.202311355e-14,1.429854022e-13,7.928689977e-14,1.782779585e-13,4.018246858e-13,4.042336706e-13,1.866483253e-13,5.373854025e-13,5.026862814e-14,4.210269887e-13,8.59683819e-14
81.9609375,4.760087075e-13,6.012277933e-13,4.047706644e-13,5.63475809e-13,2.111012646e-13,2.170538638e-13,9.134411639e-14,9.878412772e-14,4.242622817e-14,5.587649469e-14,1.3135202e-13,1.007594834e-13,2.14946169e-13,3.112651896e-13,1.036008788e-12,1.365423755e-12,6.949430202e-13,3.726315193e-13,1.910909631e-13,8.297042858e-13,1.381821417e-13,6.242226511e-14,1.43734811e-13,7.984169329e-14,1.806043607e-13,4.032161004e-13,4.086967004e-13,1.885882819e-13,5.489993897e-13,4.968813121e-14,4.284792154e-13,8.606965757e-14
81.96875,4.805709836e-13,6.115723451e-13,4.095549963e-13,5.70850066e-13,2.103223742e-13,2.207108481e-13,9.347178545e-14,1.004925234e-13,4.259102871e-14,5.568777449e-14,1.311737179e-13,1.028190308e-13,2.181210335e-13,3.194246516e-13,1.05513792e-12,1.38840856e-12,7.054599715e-13,3.787213698e-13,1.930581582e-13,8.368146452e-13,1.390693507e-13,6.281915608e-14,1.445001082e-13,8.041597071e-14,1.83008286e-13,4.047023976e-13,4.131991182e-13,1.905027324e-13,5.607053164e-13,4.912785923e-14,4.358633664e-13,8.621833689e-14
81.9765625,4.853547144e-13,6.216867081e-13,4.14409381e-13,5.780730967e-13,2.095240014e-13,2.244687063e-13,9.563240569e-14,1.021921764e-13,4.27727583e-14,5.552861233e-14,1.309462919e-13,1.04863207e-13,2.214219609e-13,3.277912294e-13,1.074375104e-12,1.411549258e-12,7.161556093e-13,3.850584555e-13,1.950834259e-13,8.439281169e-13,1.399044871e-13,6.324087646e-14,1.452298277e-13,8.097935265e-14,1.854781808e-13,4.062383203e-13,4.176009249e-13,1.924271032e-13,5.724125619e-13,4.858016609e-14,4.432404172e-13,8.634213279e-14
81.984375,4.900878409e-13,6.32241825e-13,4.193286768e-13,5.856583408e-13,2.086221708e-13,2.283327121e-13,9.779549682e-14,1.039504866e-13,4.298918735e-14,5.537787311e-14,1.30749502e-13,1.069908077e-13,2.248668061e-13,3.36409473e-13,1.094107931e-12,1.43511097e-12,7.272597667e-13,3.917855237e-13,1.972591113e-13,8.514710399e-13,1.406905812e-13,6.369492125e-14,1.459085848e-13,8.158154047e-14,1.880083328e-13,4.0781537e-13,4.221143395e-13,1.944097661e-13,5.843788188e-13,4.805345844e-14,4.509873671e-13,8.640979516e-14
81.9921875,4.94554368e-13,6.430326744e-13,4.241838807e-13,5.930261405e-13,2.076740208e-13,2.321032666e-13,9.996543831e-14,1.057614236e-13,4.321018958e-14,5.526497186e-14,1.305635069e-13,1.091175849e-13,2.282830876e-13,3.451103088e-13,1.113854907e-12,1.458643624e-12,7.383235099e-13,3.985180149e-13,1.993938661e-13,8.592793297e-13,1.413813879e-13,6.414899431e-14,1.465798304e-13,8.222511196e-14,1.90538773e-13,4.09355874e-13,4.26611406e-13,1.963546833e-13,5.96453779e-13,4.751786745e-14,4.587992314e-13,8.648479252e-14
82,4.990705317e-13,6.536700856e-13,4.289735845e-13,5.997825816e-13,2.069317496e-13,2.357492454e-13,1.021554811e-13,1.074942764e-13,4.342348197e-14,5.520521599e-14,1.303246741e-13,1.11177869e-13,2.316157117e-13,3.539022249e-13,1.133057533e-12,1.48162273e-12,7.48970339e-13,4.04979396e-13,2.013379207e-13,8.670680055e-13,1.420274265e-13,6.461598849e-14,1.472700618e-13,8.28207128e-14,1.930166565e-13,4.109380441e-13,4.309721133e-13,1.982900814e-13,6.084956901e-13,4.697510825e-14,4.664433881e-13,8.65889399e-14
82.0078125,5.037610158e-13,6.641772905e-13,4.33827091e-13,6.063896219e-13,2.063250216e-13,2.394521688e-13,1.04338985e-13,1.092118894e-13,4.366625397e-14,5.514683025e-14,1.300532836e-13,1.132577732e-13,2.349415314e-13,3.629855536e-13,1.152183276e-12,1.504444346e-12,7.595877462e-13,4.114570437e-13,2.032736062e-13,8.748403349e-13,1.425998656e-13,6.512323399e-14,1.479599944e-13,8.337836766e-14,1.954699304e-13,4.126508787e-13,4.354330057e-13,2.002011908e-13,6.206921623e-13,4.647154997e-14,4.741985143e-13,8.667920961e-14
82.015625,5.08351142e-13,6.745030056e-13,4.387258781e-13,6.131426858e-13,2.056389249e-13,2.432430821e-13,1.064944419e-13,1.110842595e-13,4.395065288e-14,5.503269318e-14,1.297838439e-13,1.153745096e-13,2.383242112e-13,3.722985784e-13,1.171624831e-12,1.527443599e-12,7.703366485e-13,4.181355346e-13,2.053355884e-13,8.826456271e-13,1.42989966e-13,6.563684883e-14,1.48613633e-13,8.396159664e-14,1.979358765e-13,4.144109152e-13,4.399325161e-13,2.02004817e-13,6.329175576e-13,4.601423656e-14,4.819685571e-13,8.677467366e-14
82.0234375,5.129574353e-13,6.848780145e-13,4.437332875e-13,6.200976333e-13,2.049415102e-13,2.471210236e-13,1.08636126e-13,1.130489804e-13,4.424169074e-14,5.488770417e-14,1.295682371e-13,1.175486284e-13,2.418804611e-13,3.817869896e-13,1.191290064e-12,1.55040111e-12,7.809834897e-13,4.249644273e-13,2.075023722e-13,8.90357105e-13,1.433215429e-13,6.614144259e-14,1.491945e-13,8.453905418e-14,2.00409282e-13,4.16201182e-13,4.4425341e-13,2.038736502e-13,6.450388993e-13,4.558507376e-14,4.895503988e-13,8.690290977e-14
82.03125,5.177365085e-13,6.955793821e-13,4.488502617e-13,6.271048502e-13,2.043124141e-13,2.510546534e-13,1.107710549e-13,1.149593812e-13,4.452617283e-14,5.478837312e-14,1.294171791e-13,1.19809377e-13,2.45589418e-13,3.915395043e-13,1.21110265e-12,1.573122044e-12,7.915107346e-13,4.319317985e-13,2.097399737e-13,8.97864659e-13,1.437387816e-13,6.6668773e-14,1.497015412e-13,8.508922973e-14,2.0287787e-13,4.180666019e-13,4.485571556e-13,2.05910256e-13,6.572102868e-13,4.518617191e-14,4.970857179e-13,8.701865196e-14
82.0390625,5.224067928e-13,7.063109006e-13,4.537895637e-13,6.337781286e-13,2.036412183e-13,2.548339812e-13,1.128940442e-13,1.168283616e-13,4.481847598e-14,5.47342813e-14,1.29197392e-13,1.220268742e-13,2.492404339e-13,4.013727545e-13,1.230827787e-12,1.59563005e-12,8.019684717e-13,4.389554288e-13,2.119523132e-13,9.05378098e-13,1.44077048e-13,6.720814948e-14,1.502022544e-13,8.565313787e-14,2.053595085e-13,4.199773232e-13,4.529468043e-13,2.079352293e-13,6.693362079e-13,4.482438767e-14,5.045344868e-13,8.711119411e-14
82.046875,5.270088277e-13,7.170217962e-13,4.586158972e-13,6.402148614e-13,2.028812209e-13,2.584870579e-13,1.149960123e-13,1.187257394e-13,4.511389718e-14,5.467209747e-14,1.288905491e-13,1.241741688e-13,2.528620233e-13,4.111614876e-13,1.250349609e-12,1.618111176e-12,8.124746895e-13,4.460430338e-13,2.141418143e-13,9.130777826e-13,1.442201155e-13,6.774124961e-14,1.50742939e-13,8.624807643e-14,2.078742868e-13,4.219352728e-13,4.573045018e-13,2.099514001e-13,6.813712573e-13,4.450340593e-14,5.118564243e-13,8.7211364e-14
82.0546875,5.317839563e-13,7.27914552e-13,4.636146296e-13,6.466149199e-13,2.021385232e-13,2.622564763e-13,1.17044291e-13,1.2067577e-13,4.541146295e-14,5.46176601e-14,1.28659029e-13,1.263970494e-13,2.566335992e-13,4.211489046e-13,1.269843451e-12,1.640537207e-12,8.231158652e-13,4.533020489e-13,2.164386416e-13,9.207309465e-13,1.443173778e-13,6.830128461e-14,1.51264407e-13,8.686080234e-14,2.10375278e-13,4.238938289e-13,4.616448585e-13,2.120327198e-13,6.934476833e-13,4.420694446e-14,5.192377579e-13,8.730270055e-14
82.0625,5.364306e-13,7.385555686e-13,4.685470921e-13,6.527001399e-13,2.014954593e-13,2.660187568e-13,1.190278415e-13,1.226759501e-13,4.57397544e-14,5.45917401e-14,1.284776128e-13,1.286424628e-13,2.604429483e-13,4.313438965e-13,1.289202205e-12,1.662568648e-12,8.335334184e-13,4.605793195e-13,2.187708505e-13,9.282712966e-13,1.444163075e-13,6.889578935e-14,1.517059629e-13,8.74570428e-14,2.128080948e-13,4.25761427e-13,4.65965843e-13,2.140227852e-13,7.052895168e-13,4.391241371e-14,5.265287609e-13,8.739353438e-14
82.0703125,5.40809768e-13,7.487184532e-13,4.732413462e-13,6.585998375e-13,2.008978318e-13,2.695739395e-13,1.209828144e-13,1.247248507e-13,4.611206355e-14,5.454917246e-14,1.282336661e-13,1.307888908e-13,2.641444017e-13,4.415181523e-13,1.308330909e-12,1.684284155e-12,8.435835741e-13,4.677586905e-13,2.210054644e-13,9.360095079e-13,1.444118015e-13,6.94912155e-14,1.520907791e-13,8.802296991e-14,2.152146946e-13,4.276470718e-13,4.701999874e-13,2.159132224e-13,7.16755865e-13,4.36482737e-14,5.334790979e-13,8.753328385e-14
82.078125,5.453422422e-13,7.588212566e-13,4.779281324e-13,6.646191545e-13,2.002727972e-13,2.730759828e-13,1.229149823e-13,1.268464454e-13,4.650737537e-14,5.44733666e-14,1.280012615e-13,1.329029474e-13,2.678540271e-13,4.517554635e-13,1.327413343e-12,1.705988021e-12,8.537293919e-13,4.750515604e-13,2.232571785e-13,9.438165736e-13,1.44298877e-13,7.008975587e-14,1.524595388e-13,8.860396588e-14,2.176526126e-13,4.29664795e-13,4.744034451e-13,2.178213177e-13,7.281835074e-13,4.344287121e-14,5.402868157e-13,8.76990499e-14
82.0859375,5.501148453e-13,7.688365603e-13,4.824999164e-13,6.703859601e-13,1.996554834e-13,2.766338497e-13,1.248078524e-13,1.290333274e-13,4.691742887e-14,5.438765003e-14,1.27777128e-13,1.350102984e-13,2.716479187e-13,4.622029999e-13,1.34633005e-12,1.727503063e-12,8.640918029e-13,4.825417919e-13,2.256183971e-13,9.511947225e-13,1.441065375e-13,7.071669005e-14,1.528342387e-13,8.919844358e-14,2.201173859e-13,4.317105137e-13,4.785429777e-13,2.19669218e-13,7.395338119e-13,4.326273415e-14,5.471840583e-13,8.784586044e-14
82.09375,5.548444889e-13,7.785759077e-13,4.868043687e-13,6.75867537e-13,1.990434006e-13,2.801956599e-13,1.266818474e-13,1.312363088e-13,4.735473123e-14,5.430236411e-14,1.274659469e-13,1.370743158e-13,2.754557586e-13,4.727690441e-13,1.36504757e-12,1.74885797e-12,8.744286533e-13,4.900960426e-13,2.279967552e-13,9.582343342e-13,1.438248441e-13,7.136294303e-14,1.531879456e-13,8.975345298e-14,2.225827614e-13,4.337053893e-13,4.824589919e-13,2.21491227e-13,7.505395719e-13,4.309332021e-14,5.540406418e-13,8.799050876e-14
82.1015625,5.594618707e-13,7.883082013e-13,4.910868267e-13,6.814989943e-13,1.98387815e-13,2.837565542e-13,1.285080941e-13,1.334577316e-13,4.780554646e-14,5.424039881e-14,1.271707371e-13,1.391279364e-13,2.792501612e-13,4.833575348e-13,1.383907362e-12,1.770448831e-12,8.8478278e-13,4.976594962e-13,2.303555533e-13,9.654519729e-13,1.434911714e-13,7.199871724e-14,1.534226088e-13,9.028614979e-14,2.249950573e-13,4.35642749e-13,4.862061354e-13,2.234151498e-13,7.613199219e-13,4.296052561e-14,5.605780774e-13,8.813400584e-14
82.109375,5.640285228e-13,7.979983818e-13,4.953062046e-13,6.869913203e-13,1.978072615e-13,2.871978749e-13,1.302000114e-13,1.35703481e-13,4.824642683e-14,5.421181463e-14,1.26950908e-13,1.411252104e-13,2.830085636e-13,4.939426153e-13,1.402593339e-12,1.791919082e-12,8.951004807e-13,5.051537798e-13,2.327076697e-13,9.728891035e-13,1.431062006e-13,7.262538087e-14,1.535394085e-13,9.081417782e-14,2.273169417e-13,4.375234062e-13,4.900253298e-13,2.253001095e-13,7.71965774e-13,4.28635156e-14,5.667271467e-13,8.8252879e-14
82.1171875,5.686406218e-13,8.073552172e-13,4.992187099e-13,6.920644896e-13,1.973577473e-13,2.904383935e-13,1.317863738e-13,1.379355182e-13,4.870210298e-14,5.419419524e-14,1.266667643e-13,1.430160132e-13,2.866870392e-13,5.045316904e-13,1.420461104e-12,1.812598586e-12,9.052149586e-13,5.124679321e-13,2.350042853e-13,9.801196387e-13,1.42605078e-13,7.327200732e-14,1.536909672e-13,9.131237057e-14,2.295962127e-13,4.394544636e-13,4.939615993e-13,2.270877266e-13,7.823416097e-13,4.279795223e-14,5.726757727e-13,8.837242319e-14
82.125,5.733231054e-13,8.163937506e-13,5.030391377e-13,6.970578952e-13,1.968302637e-13,2.936913268e-13,1.333770695e-13,1.40186109e-13,4.920076786e-14,5.418501954e-14,1.263204963e-13,1.448948745e-13,2.903518487e-13,5.151462226e-13,1.437867701e-12,1.832692e-12,9.152591779e-13,5.19678497e-13,2.372625998e-13,9.869474282e-13,1.420121974e-13,7.393338766e-14,1.53898636e-13,9.18146376e-14,2.318709597e-13,4.414456099e-13,4.977645905e-13,2.289227244e-13,7.923781042e-13,4.27630018e-14,5.784641656e-13,8.853003574e-14
82.1328125,5.779071879e-13,8.250362011e-13,5.069865563e-13,7.01919247e-13,1.962220926e-13,2.970767629e-13,1.34953383e-13,1.425040722e-13,4.971655128e-14,5.417815071e-14,1.260186631e-13,1.467940779e-13,2.941232046e-13,5.257642658e-13,1.455397829e-12,1.852571905e-12,9.251534453e-13,5.269370141e-13,2.395902729e-13,9.935599507e-13,1.413936712e-13,7.458922781e-14,1.540286331e-13,9.232316242e-14,2.341166306e-13,4.433333431e-13,5.012959019e-13,2.307296699e-13,8.02100098e-13,4.272712212e-14,5.839767334e-13,8.87260138e-14
82.140625,5.824724435e-13,8.333132615e-13,5.108509533e-13,7.06572945e-13,1.957607095e-13,3.004651459e-13,1.36423111e-13,1.448384921e-13,5.024493727e-14,5.416728097e-14,1.257003152e-13,1.486658398e-13,2.97980053e-13,5.364866311e-13,1.472713492e-12,1.871974209e-12,9.346379764e-13,5.342455538e-13,2.4200396e-13,1.00002469e-12,1.407260203e-13,7.527216904e-14,1.540932117e-13,9.275734154e-14,2.363105563e-13,4.451169244e-13,5.047516096e-13,2.324840299e-13,8.115697069e-13,4.268560069e-14,5.89328468e-13,8.893619423e-14
82.1484375,5.872295849e-13,8.41678112e-13,5.144388754e-13,7.113714993e-13,1.953150226e-13,3.037879128e-13,1.378005408e-13,1.471633517e-13,5.08253496e-14,5.419623123e-14,1.252924472e-13,1.505467257e-13,3.017765409e-13,5.474363875e-13,1.489401389e-12,1.890730611e-12,9.440105486e-13,5.415264608e-13,2.443997532e-13,1.006219769e-12,1.399814849e-13,7.599306341e-14,1.541908129e-13,9.31471e-14,2.384368789e-13,4.468915178e-13,5.082193988e-13,2.343977774e-13,8.207489504e-13,4.267295142e-14,5.945876826e-13,8.912470387e-14
82.15625,5.919081174e-13,8.500892642e-13,5.178401844e-13,7.159764483e-13,1.947026153e-13,3.070046736e-13,1.391458971e-13,1.49517534e-13,5.143371992e-14,5.426802968e-14,1.248772083e-13,1.524304902e-13,3.054454781e-13,5.584002029e-13,1.50563868e-12,1.909015472e-12,9.535392092e-13,5.487773989e-13,2.467403689e-13,1.012263275e-12,1.391872516e-13,7.668864334e-14,1.542703312e-13,9.358429824e-14,2.405063933e-13,4.48598557e-13,5.115097441e-13,2.363815338e-13,8.295168679e-13,4.269677803e-14,5.995626516e-13,8.927756888e-14
82.1640625,5.963986651e-13,8.5805938e-13,5.212020184e-13,7.198771323e-13,1.942525665e-13,3.100798492e-13,1.404445588e-13,1.519009784e-13,5.201978954e-14,5.432939594e-14,1.245642601e-13,1.542382707e-13,3.090583393e-13,5.692182209e-13,1.521471039e-12,1.926612058e-12,9.627671751e-13,5.5599342e-13,2.491146202e-13,1.018222198e-12,1.383541115e-13,7.736258464e-14,1.542605866e-13,9.402688625e-14,2.425381756e-13,4.501653054e-13,5.145468821e-13,2.382255612e-13,8.378655877e-13,4.275198804e-14,6.042396269e-13,8.940776847e-14
82.171875,6.011669288e-13,8.656688027e-13,5.244523087e-13,7.235423393e-13,1.941610612e-13,3.130844018e-13,1.416465926e-13,1.543147311e-13,5.262462849e-14,5.439955298e-14,1.243469714e-13,1.55975178e-13,3.126810216e-13,5.801161177e-13,1.536622333e-12,1.943155581e-12,9.713521725e-13,5.630692031e-13,2.515727441e-13,1.023720314e-12,1.374550822e-13,7.810021189e-14,1.542015526e-13,9.442498971e-14,2.444851115e-13,4.515855774e-13,5.174129549e-13,2.400648602e-13,8.457638569e-13,4.283285409e-14,6.087501671e-13,8.951934974e-14
82.1796875,6.062084395e-13,8.730701429e-13,5.274104744e-13,7.272049721e-13,1.940463933e-13,3.159690142e-13,1.427286803e-13,1.567518662e-13,5.328739566e-14,5.451353042e-14,1.241049734e-13,1.576683388e-13,3.162954165e-13,5.910868271e-13,1.551161803e-12,1.95901132e-12,9.796872674e-13,5.700198716e-13,2.540931266e-13,1.028720349e-12,1.364468219e-13,7.889560462e-14,1.54115942e-13,9.481510133e-14,2.463452643e-13,4.529248665e-13,5.202427163e-13,2.419371464e-13,8.531643517e-13,4.292623315e-14,6.130864615e-13,8.963277924e-14
82.1875,6.111230428e-13,8.800192172e-13,5.301228644e-13,7.304149264e-13,1.937532757e-13,3.186600414e-13,1.437056399e-13,1.591444369e-13,5.3962026e-14,5.46340333e-14,1.237729975e-13,1.593190973e-13,3.198758478e-13,6.018720397e-13,1.565459493e-12,1.974781754e-12,9.882771543e-13,5.770379646e-13,2.566877762e-13,1.033851827e-12,1.353333414e-13,7.967772051e-14,1.539725366e-13,9.518060381e-14,2.481976373e-13,4.54313583e-13,5.231607177e-13,2.436956545e-13,8.601312565e-13,4.305800081e-14,6.172254736e-13,8.978059339e-14
82.1953125,6.161235305e-13,8.867457909e-13,5.326259999e-13,7.333094222e-13,1.936199501e-13,3.213493524e-13,1.446060674e-13,1.614937154e-13,5.46405722e-14,5.474764003e-14,1.233991312e-13,1.609756221e-13,3.234457123e-13,6.126112476e-13,1.579403238e-12,1.990202582e-12,9.970507876e-13,5.841113969e-13,2.59336855e-13,1.039270357e-12,1.342070555e-13,8.046039333e-14,1.537664438e-13,9.550986806e-14,2.499947951e-13,4.556671543e-13,5.259582925e-13,2.454849777e-13,8.666074479e-13,4.323629215e-14,6.211095566e-13,8.993384194e-14
82.203125,6.214240118e-13,8.936414169e-13,5.346981789e-13,7.361677919e-13,1.937184997e-13,3.240696551e-13,1.454030103e-13,1.638669147e-13,5.53668056e-14,5.487135471e-14,1.229744959e-13,1.626398172e-13,3.269988065e-13,6.234572966e-13,1.592382406e-12,2.004490267e-12,1.005446877e-12,5.909878154e-13,2.619530505e-13,1.044348192e-12,1.330998206e-13,8.128807276e-14,1.535251343e-13,9.588306695e-14,2.516256379e-13,4.567495656e-13,5.283822271e-13,2.473990504e-13,8.725801613e-13,4.339288755e-14,6.246806117e-13,9.004586826e-14
82.2109375,6.265350998e-13,9.0013987e-13,5.363617002e-13,7.386069422e-13,1.93748176e-13,3.265256644e-13,1.460508632e-13,1.662546916e-13,5.611872863e-14,5.500116896e-14,1.22470748e-13,1.642214418e-13,3.304205015e-13,6.340941457e-13,1.604164526e-12,2.017374221e-12,1.013166298e-12,5.97524671e-13,2.645015977e-13,1.048671586e-12,1.319062484e-13,8.21222923e-14,1.532772302e-13,9.629437426e-14,2.531252846e-13,4.575843959e-13,5.306650712e-13,2.491666319e-13,8.781835021e-13,4.352309859e-14,6.280152189e-13,9.012585326e-14
82.21875,6.310344217e-13,9.054881154e-13,5.378962797e-13,7.404161022e-13,1.936041676e-13,3.286682153e-13,1.465999065e-13,1.686531001e-13,5.68562034e-14,5.516075183e-14,1.21975341e-13,1.656640979e-13,3.336138322e-13,6.443077849e-13,1.615023158e-12,2.029036652e-12,1.020443628e-12,6.036943284e-13,2.669555746e-13,1.052263688e-12,1.305822281e-13,8.288861411e-14,1.530117398e-13,9.664816665e-14,2.54551811e-13,4.582717286e-13,5.328877928e-13,2.507021951e-13,8.831934626e-13,4.370036758e-14,6.309940017e-13,9.017031821e-14
82.2265625,6.351292708e-13,9.099597298e-13,5.392091328e-13,7.418007037e-13,1.93468241e-13,3.306671487e-13,1.470962631e-13,1.711042798e-13,5.761453857e-14,5.534825074e-14,1.215102355e-13,1.669781645e-13,3.366369305e-13,6.542720025e-13,1.624981535e-12,2.039532804e-12,1.027349574e-12,6.095003775e-13,2.692682359e-13,1.055219182e-12,1.292036948e-13,8.359702987e-14,1.526820235e-13,9.696886671e-14,2.558659705e-13,4.587260859e-13,5.346511747e-13,2.522318123e-13,8.873710247e-13,4.390815655e-14,6.333932787e-13,9.01534478e-14
82.234375,6.394136066e-13,9.142429239e-13,5.401078363e-13,7.429367933e-13,1.935307256e-13,3.325690344e-13,1.474589726e-13,1.735928042e-13,5.844481061e-14,5.549147769e-14,1.209921204e-13,1.68228999e-13,3.395707747e-13,6.642031378e-13,1.633914955e-12,2.048902081e-12,1.033705772e-12,6.150724107e-13,2.71537648e-13,1.057769331e-12,1.278038899e-13,8.434915283e-14,1.522791357e-13,9.732430837e-14,2.570233517e-13,4.589608244e-13,5.359277852e-13,2.538664147e-13,8.90905611e-13,4.410160277e-14,6.354441422e-13,9.012170768e-14
82.2421875,6.44208076e-13,9.18466147e-13,5.407982979e-13,7.440787357e-13,1.93787755e-13,3.344676073e-13,1.476503617e-13,1.761144702e-13,5.933601755e-14,5.559692226e-14,1.204688993e-13,1.695085356e-13,3.423947353e-13,6.741460587e-13,1.64215978e-12,2.057464114e-12,1.039691533e-12,6.204903206e-13,2.738856122e-13,1.060081631e-12,1.263839502e-13,8.517538285e-14,1.518260535e-13,9.768519102e-14,2.580252669e-13,4.591251784e-13,5.369913073e-13,2.555783218e-13,8.937939599e-13,4.432009497e-14,6.373700028e-13,9.014133338e-14
82.25,6.490220665e-13,9.224100228e-13,5.413831621e-13,7.453243637e-13,1.940309689e-13,3.363822384e-13,1.477540161e-13,1.786960002e-13,6.023258665e-14,5.57507735e-14,1.200087973e-13,1.707907356e-13,3.450743349e-13,6.838543609e-13,1.650010565e-12,2.0655204e-12,1.045528337e-12,6.256170083e-13,2.762185053e-13,1.062035926e-12,1.249740308e-13,8.597529343e-14,1.513243055e-13,9.805494244e-14,2.589284245e-13,4.592490505e-13,5.377855423e-13,2.573188003e-13,8.960384843e-13,4.457032636e-14,6.388619441e-13,9.018636661e-14
82.2578125,6.534562333e-13,9.259997083e-13,5.416139232e-13,7.465044401e-13,1.941889109e-13,3.381313621e-13,1.477872982e-13,1.812983557e-13,6.111300846e-14,5.593013053e-14,1.195103097e-13,1.719543184e-13,3.476222302e-13,6.931600371e-13,1.657250678e-12,2.073045634e-12,1.051123978e-12,6.304158337e-13,2.784548358e-13,1.06368422e-12,1.235408561e-13,8.672230545e-14,1.507690347e-13,9.848362327e-14,2.597776814e-13,4.592612435e-13,5.383164745e-13,2.590294272e-13,8.980550173e-13,4.481543591e-14,6.398133411e-13,9.019817727e-14
82.265625,6.579262705e-13,9.291615895e-13,5.413657739e-13,7.475356033e-13,1.944430276e-13,3.397562285e-13,1.477038718e-13,1.839216902e-13,6.201713739e-14,5.604633152e-14,1.189104713e-13,1.729690291e-13,3.50064371e-13,7.023178522e-13,1.663697015e-12,2.079831403e-12,1.056476586e-12,6.350384911e-13,2.806879802e-13,1.065311973e-12,1.22019893e-13,8.750261634e-14,1.501435131e-13,9.89332758e-14,2.605083533e-13,4.590482132e-13,5.387113225e-13,2.607167838e-13,8.996641245e-13,4.507458073e-14,6.405127648e-13,9.018022071e-14
82.2734375,6.62404761e-13,9.316586356e-13,5.406107011e-13,7.481072484e-13,1.947867752e-13,3.413529341e-13,1.475161389e-13,1.866197503e-13,6.294861291e-14,5.612512454e-14,1.182510455e-13,1.738422438e-13,3.523681765e-13,7.112610506e-13,1.66925631e-12,2.085563541e-12,1.06144028e-12,6.393735305e-13,2.828960065e-13,1.06686401e-12,1.204380002e-13,8.828941608e-14,1.494240907e-13,9.935841702e-14,2.610620883e-13,4.585195242e-13,5.387651493e-13,2.623780453e-13,9.001906701e-13,4.534169217e-14,6.40795326e-13,9.015859644e-14
82.28125,6.663426673e-13,9.334855093e-13,5.393193569e-13,7.479115201e-13,1.950603981e-13,3.427163583e-13,1.472331889e-13,1.893334266e-13,6.386200173e-14,5.624238597e-14,1.175090784e-13,1.745580103e-13,3.544571824e-13,7.196164704e-13,1.673735176e-12,2.09000125e-12,1.065609971e-12,6.431732567e-13,2.849510104e-13,1.068057924e-12,1.188300559e-13,8.90023727e-14,1.486390126e-13,9.979292398e-14,2.614816088e-13,4.577538037e-13,5.384017046e-13,2.639600868e-13,8.998419966e-13,4.557321131e-14,6.403499728e-13,9.012598624e-14
82.2890625,6.700795062e-13,9.349159628e-13,5.378600432e-13,7.474309581e-13,1.953825109e-13,3.438394608e-13,1.468451863e-13,1.920031801e-13,6.479743713e-14,5.637138231e-14,1.167187982e-13,1.752168808e-13,3.563681141e-13,7.277770055e-13,1.67722503e-12,2.093306096e-12,1.069145394e-12,6.465976837e-13,2.868793581e-13,1.068903621e-12,1.171575136e-13,8.971084324e-14,1.478210159e-13,1.002583427e-13,2.617775968e-13,4.568846969e-13,5.37892112e-13,2.654835213e-13,8.992820065e-13,4.581677193e-14,6.395536452e-13,9.007876294e-14
82.296875,6.739589089e-13,9.358988418e-13,5.365992944e-13,7.469876883e-13,1.958104919e-13,3.449030083e-13,1.463649383e-13,1.946831162e-13,6.58189146e-14,5.645563145e-14,1.16031972e-13,1.758935123e-13,3.581372895e-13,7.360386011e-13,1.679737172e-12,2.095562721e-12,1.072387988e-12,6.497545591e-13,2.886903199e-13,1.069497818e-12,1.154232892e-13,9.045922443e-14,1.469568026e-13,1.007321746e-13,2.618886749e-13,4.559051606e-13,5.371634805e-13,2.6694251e-13,8.984558801e-13,4.612860907e-14,6.386814377e-13,9.004438292e-14
82.3046875,6.774480505e-13,9.362066109e-13,5.351435161e-13,7.460897976e-13,1.961016534e-13,3.457679815e-13,1.457742044e-13,1.973737401e-13,6.685490413e-14,5.651988059e-14,1.15422375e-13,1.764400799e-13,3.596356847e-13,7.436747147e-13,1.68098414e-12,2.096504152e-12,1.075033713e-12,6.523148943e-13,2.903201094e-13,1.069602712e-12,1.137005849e-13,9.115609445e-14,1.460770862e-13,1.011752062e-13,2.618085145e-13,4.547203754e-13,5.359095744e-13,2.682680713e-13,8.968620431e-13,4.645087099e-14,6.372668621e-13,9.002989905e-14
82.3125,6.806667561e-13,9.360487221e-13,5.330239962e-13,7.447664143e-13,1.963239597e-13,3.464184581e-13,1.450746253e-13,2.000457935e-13,6.783605019e-14,5.658864886e-14,1.146991807e-13,1.767859212e-13,3.609125988e-13,7.506265344e-13,1.681369413e-12,2.09643661e-12,1.077099729e-12,6.543782455e-13,2.91920327e-13,1.069020546e-12,1.120005003e-13,9.181411764e-14,1.452315757e-13,1.015694718e-13,2.616296732e-13,4.532799661e-13,5.342629495e-13,2.695462134e-13,8.943379377e-13,4.673149494e-14,6.351645985e-13,9.001066703e-14
82.3203125,6.841427491e-13,9.355663778e-13,5.304648389e-13,7.434893453e-13,1.967641513e-13,3.470961603e-13,1.443163879e-13,2.027353279e-13,6.882490468e-14,5.664317014e-14,1.138574527e-13,1.770564918e-13,3.621716068e-13,7.576223146e-13,1.681332154e-12,2.095852393e-12,1.079110325e-12,6.563692476e-13,2.93595031e-13,1.068180655e-12,1.102622617e-13,9.252171661e-14,1.443672736e-13,1.019642045e-13,2.613994019e-13,4.516282752e-13,5.324931582e-13,2.708795697e-13,8.911948428e-13,4.700198829e-14,6.327348025e-13,8.998394055e-14
82.328125,6.873928566e-13,9.343749922e-13,5.276913146e-13,7.41976305e-13,1.972653632e-13,3.476628601e-13,1.434644112e-13,2.053928654e-13,6.985713673e-14,5.670379089e-14,1.130394216e-13,1.772312712e-13,3.632328578e-13,7.642576694e-13,1.679963052e-12,2.094039524e-12,1.080730601e-12,6.579477587e-13,2.950668879e-13,1.067497331e-12,1.084757467e-13,9.322302726e-14,1.434113582e-13,1.023685645e-13,2.609951778e-13,4.497982239e-13,5.304469019e-13,2.721656894e-13,8.876153496e-13,4.728670323e-14,6.298624559e-13,8.995931055e-14
82.3359375,6.90154812e-13,9.323662477e-13,5.245888063e-13,7.398706509e-13,1.976124722e-13,3.478974905e-13,1.424696467e-13,2.079509854e-13,7.090392923e-14,5.679343383e-14,1.122472052e-13,1.772222802e-13,3.638930131e-13,7.699746043e-13,1.676659822e-12,2.090307382e-12,1.081351073e-12,6.587401815e-13,2.961872287e-13,1.066456176e-12,1.066859185e-13,9.385757187e-14,1.423803218e-13,1.027219933e-13,2.603403495e-13,4.477365059e-13,5.278935729e-13,2.733331569e-13,8.83390137e-13,4.757809792e-14,6.263927084e-13,8.993386829e-14
82.34375,6.929353634e-13,9.299787697e-13,5.212090644e-13,7.373381938e-13,1.979902552e-13,3.479323961e-13,1.413926188e-13,2.105016894e-13,7.197658816e-14,5.68896827e-14,1.113862494e-13,1.771339618e-13,3.644092975e-13,7.754254117e-13,1.672418106e-12,2.085435767e-12,1.081340126e-12,6.592220908e-13,2.9722368e-13,1.064611208e-12,1.0489483e-13,9.448240329e-14,1.413153822e-13,1.030654683e-13,2.595849553e-13,4.454718626e-13,5.250159423e-13,2.74455711e-13,8.785563491e-13,4.787195028e-14,6.226812841e-13,8.991971108e-14
82.3515625,6.956266124e-13,9.273806153e-13,5.176210023e-13,7.345292412e-13,1.985231898e-13,3.47865013e-13,1.402559243e-13,2.130706368e-13,7.306371644e-14,5.701254855e-14,1.10455173e-13,1.770178374e-13,3.648792973e-13,7.808944766e-13,1.667912586e-12,2.079993327e-12,1.081058814e-12,6.59611336e-13,2.983390798e-13,1.062539329e-12,1.030738999e-13,9.511871928e-14,1.402444712e-13,1.034474529e-13,2.588006287e-13,4.430929302e-13,5.220426316e-13,2.755930934e-13,8.733294809e-13,4.816826037e-14,6.187798256e-13,8.991410559e-14
82.359375,6.9797927e-13,9.242566419e-13,5.137355492e-13,7.316452553e-13,1.990869857e-13,3.477359791e-13,1.390418327e-13,2.155356351e-13,7.412638066e-14,5.718176028e-14,1.095012235e-13,1.767707133e-13,3.650510823e-13,7.859066878e-13,1.66277116e-12,2.073414252e-12,1.080159589e-12,6.595251069e-13,2.993865746e-13,1.060457681e-12,1.012352615e-13,9.574167583e-14,1.391822311e-13,1.037810807e-13,2.578505529e-13,4.405387199e-13,5.187574805e-13,2.767454863e-13,8.675380121e-13,4.847715191e-14,6.144454347e-13,8.987982768e-14
82.3671875,7.001793919e-13,9.203510936e-13,5.095779361e-13,7.28671547e-13,1.995702267e-13,3.475117363e-13,1.378117668e-13,2.179382491e-13,7.519244545e-14,5.731554775e-14,1.084935375e-13,1.763657343e-13,3.648860496e-13,7.903703219e-13,1.656688175e-12,2.065528143e-12,1.078480187e-12,6.589156071e-13,3.00204008e-13,1.057787383e-12,9.93947425e-14,9.633603488e-14,1.380976058e-13,1.040826955e-13,2.567153611e-13,4.377627277e-13,5.149099818e-13,2.777468896e-13,8.610990223e-13,4.87985655e-14,6.097119712e-13,8.983128134e-14
82.375,7.020124268e-13,9.158216826e-13,5.05101442e-13,7.251295783e-13,1.999777263e-13,3.468795342e-13,1.365559875e-13,2.204101081e-13,7.627181398e-14,5.736123801e-14,1.073890707e-13,1.758339531e-13,3.644730171e-13,7.942748065e-13,1.649473106e-12,2.056730832e-12,1.076305805e-12,6.579696728e-13,3.00832892e-13,1.05459497e-12,9.753918152e-14,9.686442576e-14,1.369728633e-13,1.044640824e-13,2.555024006e-13,4.348330902e-13,5.10690938e-13,2.78393177e-13,8.541696077e-13,4.909825153e-14,6.045386924e-13,8.981426767e-14
82.3828125,7.034924821e-13,9.110938123e-13,5.002259946e-13,7.211985532e-13,2.004432838e-13,3.459268075e-13,1.351795675e-13,2.228670114e-13,7.732746602e-14,5.737997467e-14,1.062560265e-13,1.75234481e-13,3.638523522e-13,7.977009416e-13,1.641163157e-12,2.046973497e-12,1.073894633e-12,6.567210026e-13,3.015113462e-13,1.051048247e-12,9.568299412e-14,9.735824414e-14,1.358384913e-13,1.048557552e-13,2.542006116e-13,4.316772393e-13,5.063139144e-13,2.788927402e-13,8.466726206e-13,4.936102162e-14,5.989925577e-13,8.978665071e-14
82.390625,7.051265314e-13,9.063046798e-13,4.951647392e-13,7.174667754e-13,2.009286814e-13,3.45143368e-13,1.337017723e-13,2.25197221e-13,7.838278431e-14,5.741540811e-14,1.051709981e-13,1.746416317e-13,3.630927115e-13,8.00987422e-13,1.632182605e-12,2.036016882e-12,1.071153582e-12,6.550780996e-13,3.022667362e-13,1.046597679e-12,9.38479404e-14,9.788456825e-14,1.346832634e-13,1.052013692e-13,2.52736072e-13,4.282049464e-13,5.016510419e-13,2.795737094e-13,8.386719588e-13,4.961996999e-14,5.934294181e-13,8.968373158e-14
82.3984375,7.066200437e-13,9.010722574e-13,4.899545294e-13,7.135180965e-13,2.011680676e-13,3.44320556e-13,1.321629872e-13,2.274818153e-13,7.944639727e-14,5.746126923e-14,1.040745429e-13,1.739286428e-13,3.620322569e-13,8.037538043e-13,1.622462734e-12,2.023975612e-12,1.067697961e-12,6.527761724e-13,3.027684514e-13,1.041524482e-12,9.20085067e-14,9.837132561e-14,1.334774933e-13,1.056076472e-13,2.510893536e-13,4.245583267e-13,4.966059647e-13,2.802663435e-13,8.303493451e-13,4.990117091e-14,5.87621589e-13,8.954537214e-14
82.40625,7.076102842e-13,8.949933523e-13,4.843604301e-13,7.089282553e-13,2.012728692e-13,3.430352163e-13,1.305210644e-13,2.29785359e-13,8.047385718e-14,5.752137225e-14,1.029006321e-13,1.729455263e-13,3.604939092e-13,8.055279504e-13,1.611658961e-12,2.011115394e-12,1.063514618e-12,6.498474545e-13,3.029404244e-13,1.036681953e-12,9.016012046e-14,9.876492124e-14,1.322577346e-13,1.060497337e-13,2.492835447e-13,4.208377547e-13,4.913392141e-13,2.80728309e-13,8.214104573e-13,5.020098396e-14,5.811481041e-13,8.944648917e-14
82.4140625,7.084898787e-13,8.881306958e-13,4.784736366e-13,7.042377779e-13,2.015075443e-13,3.415846695e-13,1.287932218e-13,2.320436833e-13,8.148912467e-14,5.758027373e-14,1.016989324e-13,1.718258877e-13,3.587055676e-13,8.067426323e-13,1.599951983e-12,1.997437059e-12,1.058941083e-12,6.466203069e-13,3.030247754e-13,1.031731123e-12,8.833937358e-14,9.915521328e-14,1.310468869e-13,1.064269808e-13,2.473456033e-13,4.169426997e-13,4.859681094e-13,2.811053772e-13,8.117064133e-13,5.050000064e-14,5.743089177e-13,8.938136973e-14
82.421875,7.090746887e-13,8.809441885e-13,4.723934647e-13,6.996250961e-13,2.01683788e-13,3.401548435e-13,1.270333113e-13,2.34189114e-13,8.250447002e-14,5.760350853e-14,1.005068705e-13,1.706784304e-13,3.568546571e-13,8.075631029e-13,1.58741016e-12,1.982635445e-12,1.053874047e-12,6.429434426e-13,3.030236497e-13,1.026397195e-12,8.653259039e-14,9.954521592e-14,1.298134636e-13,1.067936933e-13,2.452669861e-13,4.128268265e-13,4.804078395e-13,2.814805661e-13,8.016871576e-13,5.076986396e-14,5.672953544e-13,8.929138193e-14
82.4296875,7.090243295e-13,8.73704629e-13,4.66036473e-13,6.947586567e-13,2.018064927e-13,3.385317563e-13,1.252315545e-13,2.361878765e-13,8.347657426e-14,5.759142568e-14,9.931008636e-14,1.694674196e-13,3.548939241e-13,8.079206964e-13,1.573837856e-12,1.966572276e-12,1.048122162e-12,6.386626616e-13,3.028921688e-13,1.021256044e-12,8.470724975e-14,9.988392273e-14,1.285625837e-13,1.071712436e-13,2.430645769e-13,4.085754206e-13,4.745783773e-13,2.817601919e-13,7.916344389e-13,5.101920949e-14,5.599872697e-13,8.916801299e-14
82.4375,7.088695104e-13,8.661052185e-13,4.596499842e-13,6.896875477e-13,2.021445388e-13,3.367749908e-13,1.233736115e-13,2.380809033e-13,8.446827903e-14,5.757220999e-14,9.812401935e-14,1.682700684e-13,3.528268249e-13,8.082682438e-13,1.559338246e-12,1.949352079e-12,1.041856344e-12,6.340345754e-13,3.027092966e-13,1.015906621e-12,8.28934958e-14,1.002239241e-13,1.273191326e-13,1.075196307e-13,2.407679688e-13,4.042722514e-13,4.684996097e-13,2.819823878e-13,7.813704639e-13,5.129636032e-14,5.526062515e-13,8.906555137e-14
82.4453125,7.086667513e-13,8.578987536e-13,4.532385586e-13,6.843620131e-13,2.023583952e-13,3.348534468e-13,1.21450393e-13,2.399885401e-13,8.552247082e-14,5.756660492e-14,9.692688941e-14,1.670396098e-13,3.504861936e-13,8.082396902e-13,1.54398093e-12,1.931027019e-12,1.035009216e-12,6.288738365e-13,3.023206966e-13,1.009621959e-12,8.112160526e-14,1.005307451e-13,1.260712281e-13,1.079057643e-13,2.383112091e-13,3.998966872e-13,4.621486235e-13,2.821460797e-13,7.705734266e-13,5.159518963e-14,5.450013283e-13,8.899781104e-14
82.453125,7.080033501e-13,8.49321554e-13,4.462975036e-13,6.786771643e-13,2.0221252e-13,3.326000763e-13,1.194575934e-13,2.419358523e-13,8.65217039e-14,5.75766513e-14,9.565650114e-14,1.655658425e-13,3.47709667e-13,8.070508617e-13,1.527855522e-12,1.911876185e-12,1.027514861e-12,6.230064822e-13,3.016762534e-13,1.002989925e-12,7.937135549e-14,1.007169769e-13,1.248083617e-13,1.083373566e-13,2.356900893e-13,3.953335919e-13,4.555127046e-13,2.821668416e-13,7.591543146e-13,5.186334088e-14,5.367620917e-13,8.892158861e-14
82.4609375,7.071475871e-13,8.403542075e-13,4.389707335e-13,6.729978686e-13,2.021829551e-13,3.30287093e-13,1.174295183e-13,2.438494737e-13,8.745306997e-14,5.760079489e-14,9.435138779e-14,1.639389092e-13,3.447533968e-13,8.052586878e-13,1.511276736e-12,1.892243048e-12,1.019733105e-12,6.169015616e-13,3.010330129e-13,9.964466589e-13,7.761631949e-14,1.00867589e-13,1.235155281e-13,1.087284219e-13,2.330184585e-13,3.905480273e-13,4.487102913e-13,2.821050587e-13,7.474680431e-13,5.211064595e-14,5.282824317e-13,8.882351198e-14
82.46875,7.060829647e-13,8.307599562e-13,4.317396806e-13,6.673211065e-13,2.022599057e-13,3.280263808e-13,1.153691711e-13,2.457295508e-13,8.842623761e-14,5.764800973e-14,9.30803028e-14,1.623287015e-13,3.417188232e-13,8.032888499e-13,1.494107099e-12,1.871874801e-12,1.011630099e-12,6.105143096e-13,3.003182193e-13,9.895834303e-13,7.585203784e-14,1.010295398e-13,1.22169866e-13,1.091250633e-13,2.302552497e-13,3.856268262e-13,4.417522382e-13,2.819943025e-13,7.356217049e-13,5.236716079e-14,5.198005567e-13,8.870483027e-14
82.4765625,7.04502671e-13,8.20912977e-13,4.243390784e-13,6.612387006e-13,2.020610447e-13,3.255369703e-13,1.132666617e-13,2.475770567e-13,8.941316551e-14,5.771736956e-14,9.180238262e-14,1.606294678e-13,3.383956114e-13,8.006147032e-13,1.476106168e-12,1.850541166e-12,1.002841479e-12,6.034504585e-13,2.993326334e-13,9.824632991e-13,7.410976483e-14,1.011266318e-13,1.208163795e-13,1.095892104e-13,2.27313209e-13,3.806348102e-13,4.344849694e-13,2.817942001e-13,7.232981772e-13,5.260135218e-14,5.10867081e-13,8.856988396e-14
82.484375,7.028204109e-13,8.111940404e-13,4.166443117e-13,6.549721942e-13,2.018691722e-13,3.229314006e-13,1.111805101e-13,2.49310474e-13,9.036298586e-14,5.779704598e-14,9.047927369e-14,1.588437005e-13,3.349088017e-13,7.97495049e-13,1.45761318e-12,1.828620846e-12,9.93508897e-13,5.961324064e-13,2.98267321e-13,9.753031624e-13,7.241744444e-14,1.012105348e-13,1.195286216e-13,1.100448473e-13,2.243087758e-13,3.756180284e-13,4.269528036e-13,2.815859872e-13,7.107814435e-13,5.280907417e-14,5.016791241e-13,8.847521598e-14
82.4921875,7.010106357e-13,8.012488853e-13,4.090812027e-13,6.48789003e-13,2.018011885e-13,3.203657509e-13,1.091289277e-13,2.50917676e-13,9.130348732e-14,5.788519818e-14,8.9162229e-14,1.570994241e-13,3.314255311e-13,7.943044207e-13,1.438696711e-12,1.806253914e-12,9.838558167e-13,5.88852809e-13,2.971581503e-13,9.678691618e-13,7.074363433e-14,1.013186239e-13,1.18300933e-13,1.10456291e-13,2.213089889e-13,3.705806418e-13,4.193313573e-13,2.813438108e-13,6.985500412e-13,5.304294721e-14,4.926702309e-13,8.841887972e-14
82.5,6.985374752e-13,7.907209685e-13,4.015256254e-13,6.423354701e-13,2.014547725e-13,3.175915146e-13,1.070536996e-13,2.524628071e-13,9.219290628e-14,5.797541764e-14,8.788637897e-14,1.552861864e-13,3.277538756e-13,7.904722001e-13,1.419047388e-12,1.783178833e-12,9.738898673e-13,5.811906408e-13,2.957996159e-13,9.60129443e-13,6.908821882e-14,1.013262531e-13,1.170792392e-13,1.108723933e-13,2.182286957e-13,3.654082223e-13,4.115989093e-13,2.808716122e-13,6.861882789e-13,5.329590953e-14,4.834868741e-13,8.83034773e-14
82.5078125,6.957407385e-13,7.79649493e-13,3.936426341e-13,6.355059142e-13,2.009289131e-13,3.145860324e-13,1.049460728e-13,2.539567372e-13,9.301703986e-14,5.806960566e-14,8.663247961e-14,1.532970266e-13,3.238144807e-13,7.858763647e-13,1.398850708e-12,1.759439034e-12,9.636873596e-13,5.730613186e-13,2.942742604e-13,9.522452062e-13,6.751640361e-14,1.012159055e-13,1.158156814e-13,1.113010185e-13,2.150566444e-13,3.600652963e-13,4.037262832e-13,2.801731543e-13,6.733056792e-13,5.353098881e-14,4.739477837e-13,8.814483953e-14
82.515625,6.92760288e-13,7.682258242e-13,3.856904894e-13,6.285644031e-13,2.004646479e-13,3.114410374e-13,1.028205405e-13,2.553961241e-13,9.383533396e-14,5.819127586e-14,8.538233213e-14,1.512181222e-13,3.196834819e-13,7.808075485e-13,1.378362816e-12,1.735249358e-12,9.530384196e-13,5.646599539e-13,2.926568444e-13,9.443198611e-13,6.600326415e-14,1.010586269e-13,1.144812862e-13,1.117366943e-13,2.117973825e-13,3.546544091e-13,3.958377692e-13,2.793656803e-13,6.602407091e-13,5.377873398e-14,4.643455018e-13,8.803221144e-14
82.5234375,6.891200657e-13,7.569098326e-13,3.778407669e-13,6.215669925e-13,1.998933842e-13,3.080477312e-13,1.006725727e-13,2.567983731e-13,9.459947965e-14,5.832750566e-14,8.413522184e-14,1.491225123e-13,3.153698239e-13,7.751769167e-13,1.357561601e-12,1.710729958e-12,9.417275429e-13,5.560317812e-13,2.908844725e-13,9.364410684e-13,6.447621351e-14,1.008298071e-13,1.131199603e-13,1.121913145e-13,2.084237217e-13,3.491570854e-13,3.879399617e-13,2.784603008e-13,6.471571909e-13,5.405269203e-14,4.547146474e-13,8.791629194e-14
82.53125,6.852474882e-13,7.45903715e-13,3.698961363e-13,6.1464168e-13,1.992823467e-13,3.046006672e-13,9.853876544e-14,2.581343159e-13,9.528069467e-14,5.845257603e-14,8.288153209e-14,1.470662186e-13,3.109767932e-13,7.692157027e-13,1.33651519e-12,1.685913336e-12,9.30089085e-13,5.473156259e-13,2.890956729e-13,9.283149723e-13,6.297771857e-14,1.005581829e-13,1.118080473e-13,1.126590608e-13,2.049956752e-13,3.435091614e-13,3.798793884e-13,2.775210202e-13,6.339692629e-13,5.4298954e-14,4.450808838e-13,8.77505202e-14
82.5390625,6.814353785e-13,7.346181205e-13,3.617392583e-13,6.078855703e-13,1.987458289e-13,3.012365482e-13,9.643129771e-14,2.593475253e-13,9.597017247e-14,5.859746761e-14,8.156820205e-14,1.450143033e-13,3.065043787e-13,7.629394745e-13,1.314993765e-12,1.660567244e-12,9.181337001e-13,5.383726372e-13,2.872649372e-13,9.196692408e-13,6.153963186e-14,1.002989941e-13,1.105263079e-13,1.131281673e-13,2.015431063e-13,3.378108355e-13,3.716117539e-13,2.765278941e-13,6.20766122e-13,5.450246633e-14,4.354285715e-13,8.761415949e-14
82.546875,6.769989637e-13,7.227340636e-13,3.533216626e-13,6.009197424e-13,1.980709862e-13,2.975719608e-13,9.429892653e-14,2.604395124e-13,9.665402083e-14,5.8770493e-14,8.017269916e-14,1.428036801e-13,3.017798745e-13,7.557997717e-13,1.292697486e-12,1.634620129e-12,9.054656882e-13,5.289085009e-13,2.851544712e-13,9.108858444e-13,6.01050574e-14,9.998424795e-14,1.092086488e-13,1.135805073e-13,1.980121427e-13,3.321292684e-13,3.632781366e-13,2.752678851e-13,6.074651508e-13,5.469795815e-14,4.25483168e-13,8.752872602e-14
82.5546875,6.722319694e-13,7.108403115e-13,3.448176872e-13,5.935471164e-13,1.973478518e-13,2.936168827e-13,9.215280517e-14,2.614851248e-13,9.72816007e-14,5.894301847e-14,7.880359961e-14,1.404883632e-13,2.969050544e-13,7.482155102e-13,1.270139907e-12,1.608526761e-12,8.924610177e-13,5.192731552e-13,2.829016876e-13,9.022370962e-13,5.868693002e-14,9.96149017e-14,1.078768329e-13,1.140086558e-13,1.944203697e-13,3.263883029e-13,3.550028423e-13,2.738093787e-13,5.939786322e-13,5.489718765e-14,4.154604158e-13,8.744771792e-14
82.5625,6.6787269e-13,6.992975237e-13,3.365377097e-13,5.861074555e-13,1.967710981e-13,2.898272413e-13,9.006467741e-14,2.62534481e-13,9.7919886e-14,5.916422524e-14,7.754477987e-14,1.382432428e-13,2.920677005e-13,7.408511634e-13,1.247855328e-12,1.582528611e-12,8.796601823e-13,5.098509255e-13,2.807008092e-13,8.935539125e-13,5.732584351e-14,9.927483768e-14,1.065922148e-13,1.144604342e-13,1.908265392e-13,3.205698078e-13,3.467435284e-13,2.724531356e-13,5.806020994e-13,5.509290807e-14,4.057682602e-13,8.737559216e-14
82.5703125,6.632567978e-13,6.876981866e-13,3.283084162e-13,5.786963758e-13,1.96111956e-13,2.860799933e-13,8.804654929e-14,2.635374957e-13,9.855312884e-14,5.946288962e-14,7.630045662e-14,1.359916178e-13,2.871649653e-13,7.331087542e-13,1.225539044e-12,1.556413867e-12,8.667847776e-13,5.004051069e-13,2.783995058e-13,8.848793827e-13,5.598536011e-14,9.890785165e-14,1.053436944e-13,1.149781601e-13,1.872444388e-13,3.147481694e-13,3.384772321e-13,2.710880251e-13,5.675196274e-13,5.527620524e-14,3.960730219e-13,8.730970657e-14
82.578125,6.579140854e-13,6.756344446e-13,3.198998407e-13,5.710586079e-13,1.953218639e-13,2.820483095e-13,8.606408853e-14,2.64431574e-13,9.910661295e-14,5.974635174e-14,7.499402245e-14,1.336964467e-13,2.821483828e-13,7.247310489e-13,1.202830176e-12,1.530075894e-12,8.536285038e-13,4.907960891e-13,2.759650937e-13,8.762049139e-13,5.466832093e-14,9.845147874e-14,1.040779233e-13,1.155256423e-13,1.836521097e-13,3.089607523e-13,3.303048221e-13,2.694224341e-13,5.545489846e-13,5.545485307e-14,3.861343493e-13,8.723031254e-14
82.5859375,6.524995615e-13,6.631891498e-13,3.115800434e-13,5.631365783e-13,1.946186054e-13,2.779049231e-13,8.410947128e-14,2.652012832e-13,9.964560477e-14,6.000384297e-14,7.368586626e-14,1.314909298e-13,2.771043547e-13,7.16356434e-13,1.179704218e-12,1.503403129e-12,8.40354748e-13,4.810981182e-13,2.734955196e-13,8.672765989e-13,5.341307835e-14,9.796964059e-14,1.027947053e-13,1.160428617e-13,1.799904215e-13,3.031474578e-13,3.221610014e-13,2.676001554e-13,5.414983385e-13,5.566196202e-14,3.763245509e-13,8.714117859e-14
82.59375,6.471502109e-13,6.507820667e-13,3.033840219e-13,5.550531458e-13,1.939424647e-13,2.738105043e-13,8.21862066e-14,2.65837202e-13,1.002064236e-13,6.03320144e-14,7.239986033e-14,1.292925448e-13,2.719692912e-13,7.078405703e-13,1.156273632e-12,1.476328117e-12,8.268606404e-13,4.711966678e-13,2.709328979e-13,8.582628355e-13,5.219437844e-14,9.748530185e-14,1.01544858e-13,1.165172362e-13,1.762590384e-13,2.972259918e-13,3.138798972e-13,2.65868504e-13,5.283246425e-13,5.588301688e-14,3.666481062e-13,8.702808126e-14
82.6015625,6.415703242e-13,6.38643109e-13,2.950535413e-13,5.46974647e-13,1.932318076e-13,2.696663956e-13,8.026812795e-14,2.663711442e-13,1.007143911e-13,6.068835895e-14,7.113036943e-14,1.269788782e-13,2.667126812e-13,6.987689669e-13,1.132907123e-12,1.449264158e-12,8.131920657e-13,4.611518303e-13,2.683240758e-13,8.494950218e-13,5.100554214e-14,9.697620048e-14,1.003401968e-13,1.169898567e-13,1.72543916e-13,2.912769345e-13,3.056049822e-13,2.64116799e-13,5.152151429e-13,5.605837016e-14,3.568829115e-13,8.691007529e-14
82.609375,6.358037341e-13,6.264389239e-13,2.867581983e-13,5.390093024e-13,1.925175035e-13,2.654079259e-13,7.834653929e-14,2.668460107e-13,1.011685672e-13,6.097885565e-14,6.993198324e-14,1.246626573e-13,2.614228926e-13,6.89404326e-13,1.109728621e-12,1.422425767e-12,7.995563144e-13,4.511522499e-13,2.657351169e-13,8.407573008e-13,4.986836528e-14,9.645208752e-14,9.914605463e-14,1.175042421e-13,1.688639408e-13,2.854728981e-13,2.975387528e-13,2.621622844e-13,5.024427365e-13,5.619140344e-14,3.472227842e-13,8.685844407e-14
82.6171875,6.297238178e-13,6.138328479e-13,2.786528359e-13,5.309911541e-13,1.916444328e-13,2.60986344e-13,7.648753103e-14,2.672484813e-13,1.016048588e-13,6.128061645e-14,6.878664134e-14,1.223630253e-13,2.560928764e-13,6.797499233e-13,1.086407096e-12,1.395411457e-12,7.856181518e-13,4.410896693e-13,2.630109491e-13,8.316717105e-13,4.87576101e-14,9.588949165e-14,9.797113541e-14,1.18025023e-13,1.652029462e-13,2.797917378e-13,2.89550205e-13,2.600099755e-13,4.899584608e-13,5.631190081e-14,3.376982496e-13,8.687171673e-14
82.625,6.232984292e-13,6.010465048e-13,2.705510513e-13,5.228164878e-13,1.90634148e-13,2.564584105e-13,7.47329396e-14,2.676295049e-13,1.0200421e-13,6.167437782e-14,6.761726919e-14,1.199961456e-13,2.507329499e-13,6.69594715e-13,1.063070123e-12,1.368243333e-12,7.711751963e-13,4.309462425e-13,2.601504831e-13,8.22216899e-13,4.767663553e-14,9.526731441e-14,9.685045266e-14,1.184692903e-13,1.616073924e-13,2.741066449e-13,2.815351857e-13,2.577177094e-13,4.775872309e-13,5.639917228e-14,3.281132624e-13,8.68915953e-14
82.6328125,6.167585476e-13,5.884030041e-13,2.625314243e-13,5.146977893e-13,1.896690776e-13,2.51975735e-13,7.301673199e-14,2.680537491e-13,1.023580552e-13,6.209893513e-14,6.645091499e-14,1.17656809e-13,2.454288132e-13,6.591690357e-13,1.040106021e-12,1.341404751e-12,7.567363625e-13,4.209547686e-13,2.573204405e-13,8.126091683e-13,4.665876496e-14,9.460446141e-14,9.57516955e-14,1.18858083e-13,1.580702004e-13,2.684225667e-13,2.7366505e-13,2.553326613e-13,4.654099968e-13,5.646019352e-14,3.186285628e-13,8.689097462e-14
82.640625,6.09942341e-13,5.759509482e-13,2.547128687e-13,5.065961738e-13,1.8867536e-13,2.474557425e-13,7.129526333e-14,2.684011747e-13,1.02673017e-13,6.252280718e-14,6.532280758e-14,1.154081086e-13,2.401527885e-13,6.485723675e-13,1.017206897e-12,1.314817226e-12,7.425503454e-13,4.111333855e-13,2.54473568e-13,8.031346432e-13,4.567331074e-14,9.389815569e-14,9.462447661e-14,1.193239027e-13,1.545363598e-13,2.627602204e-13,2.66018946e-13,2.52905808e-13,4.535015043e-13,5.652987902e-14,3.093993288e-13,8.685530882e-14
82.6484375,6.028885349e-13,5.636585184e-13,2.468533304e-13,4.981831412e-13,1.876909406e-13,2.427818368e-13,6.961030057e-14,2.685567279e-13,1.029698394e-13,6.29952329e-14,6.419578012e-14,1.131558925e-13,2.348414903e-13,6.37689167e-13,9.939785901e-13,1.288191776e-12,7.283440023e-13,4.01372939e-13,2.515365645e-13,7.940067358e-13,4.469751724e-14,9.317421788e-14,9.348813511e-14,1.199160856e-13,1.51013647e-13,2.570861065e-13,2.584496618e-13,2.504417747e-13,4.417981271e-13,5.657944518e-14,3.003035387e-13,8.680853919e-14
82.65625,5.960730636e-13,5.514719169e-13,2.389139642e-13,4.894904787e-13,1.868922812e-13,2.380602864e-13,6.796874564e-14,2.685563489e-13,1.032768141e-13,6.351594848e-14,6.3087096e-14,1.108825395e-13,2.294901207e-13,6.266004694e-13,9.705776553e-13,1.261626688e-12,7.139956767e-13,3.916486268e-13,2.485449339e-13,7.851786115e-13,4.376626656e-14,9.247971792e-14,9.237323055e-14,1.205322742e-13,1.474814443e-13,2.514178627e-13,2.50868306e-13,2.4791779e-13,4.303180992e-13,5.658244086e-14,2.913360469e-13,8.679640178e-14
82.6640625,5.893232555e-13,5.394049444e-13,2.311481263e-13,4.808059123e-13,1.860779721e-13,2.333097747e-13,6.63446741e-14,2.683883712e-13,1.035584808e-13,6.404630783e-14,6.203560667e-14,1.086421617e-13,2.241041844e-13,6.153481201e-13,9.47182678e-13,1.235150421e-12,6.995158075e-13,3.818980674e-13,2.454701068e-13,7.763611384e-13,4.288884946e-14,9.17750401e-14,9.126384193e-14,1.210891956e-13,1.43893714e-13,2.457607988e-13,2.433821343e-13,2.453548319e-13,4.190583698e-13,5.657753592e-14,2.825533618e-13,8.679746404e-14
82.671875,5.823232634e-13,5.275397019e-13,2.236398289e-13,4.722569362e-13,1.850955652e-13,2.285225886e-13,6.476551966e-14,2.680719084e-13,1.03783037e-13,6.459455231e-14,6.102305658e-14,1.064591483e-13,2.18782653e-13,6.04018544e-13,9.240130622e-13,1.208769157e-12,6.849854482e-13,3.72222178e-13,2.423826753e-13,7.672361088e-13,4.205568404e-14,9.102378728e-14,9.014870014e-14,1.216082921e-13,1.403250737e-13,2.401083016e-13,2.361280913e-13,2.428045285e-13,4.079671068e-13,5.658705405e-14,2.739404115e-13,8.679915446e-14
82.6796875,5.75390074e-13,5.157204952e-13,2.164042494e-13,4.638405113e-13,1.841647303e-13,2.23883888e-13,6.326706237e-14,2.677574142e-13,1.039817395e-13,6.519772715e-14,6.007113654e-14,1.043538029e-13,2.136125999e-13,5.92825466e-13,9.014045118e-13,1.182753806e-12,6.70651716e-13,3.628712909e-13,2.394041296e-13,7.577355923e-13,4.127049915e-14,9.026213587e-14,8.90498342e-14,1.221019672e-13,1.368607881e-13,2.345443689e-13,2.290931727e-13,2.402723223e-13,3.971507635e-13,5.660826698e-14,2.655532679e-13,8.683006288e-14
82.6875,5.6845414e-13,5.03858941e-13,2.094387034e-13,4.554164349e-13,1.833066964e-13,2.193930034e-13,6.184447761e-14,2.674602176e-13,1.04143795e-13,6.586372402e-14,5.920441351e-14,1.023100325e-13,2.085104647e-13,5.816730359e-13,8.791742906e-13,1.157186241e-12,6.565811746e-13,3.538270182e-13,2.364119575e-13,7.481727432e-13,4.05180469e-14,8.948499007e-14,8.799150133e-14,1.225630411e-13,1.334547065e-13,2.291015685e-13,2.222101774e-13,2.377130233e-13,3.867203291e-13,5.665819867e-14,2.573973001e-13,8.683815681e-14
82.6953125,5.612044606e-13,4.923193149e-13,2.025616436e-13,4.468521827e-13,1.824226421e-13,2.148369054e-13,6.046993716e-14,2.670736607e-13,1.042501039e-13,6.656951086e-14,5.834606386e-14,1.003008078e-13,2.03452347e-13,5.703855077e-13,8.569177558e-13,1.131921239e-12,6.427041015e-13,3.449869037e-13,2.333282951e-13,7.389136494e-13,3.979415611e-14,8.867670794e-14,8.697684348e-14,1.230381515e-13,1.300613586e-13,2.236917308e-13,2.154872377e-13,2.351198845e-13,3.766153317e-13,5.672466859e-14,2.49418132e-13,8.677474661e-14
82.703125,5.539596582e-13,4.812503807e-13,1.956435151e-13,4.382332396e-13,1.815643297e-13,2.101890413e-13,5.910711137e-14,2.665704406e-13,1.043300302e-13,6.73036334e-14,5.745385871e-14,9.832290599e-14,1.984843339e-13,5.589652353e-13,8.346940826e-13,1.106855304e-12,6.290179696e-13,3.363546325e-13,2.302783662e-13,7.298698812e-13,3.912760631e-14,8.78611126e-14,8.598244592e-14,1.235345567e-13,1.267069467e-13,2.182870989e-13,2.088933218e-13,2.325058835e-13,3.667402242e-13,5.675915315e-14,2.416033805e-13,8.669777215e-14
82.7109375,5.467039278e-13,4.703181475e-13,1.887525574e-13,4.296122983e-13,1.80543411e-13,2.05494903e-13,5.775788476e-14,2.65924435e-13,1.043474079e-13,6.807653982e-14,5.659978187e-14,9.634132847e-14,1.935136426e-13,5.472196501e-13,8.126263601e-13,1.081838604e-12,6.153039727e-13,3.277500741e-13,2.272131241e-13,7.206533866e-13,3.852278572e-14,8.699597415e-14,8.497934263e-14,1.23978724e-13,1.233904926e-13,2.129104799e-13,2.02369363e-13,2.298238903e-13,3.57036425e-13,5.675705355e-14,2.338522847e-13,8.662815094e-14
82.71875,5.390820167e-13,4.594173827e-13,1.820347284e-13,4.210224117e-13,1.792547269e-13,2.008088091e-13,5.647105702e-14,2.651681428e-13,1.042757798e-13,6.890094934e-14,5.582245266e-14,9.438379011e-14,1.885804734e-13,5.351477849e-13,7.907555149e-13,1.057040785e-12,6.014678087e-13,3.191447455e-13,2.240505157e-13,7.112585192e-13,3.795872674e-14,8.604624093e-14,8.396498213e-14,1.243685011e-13,1.200976965e-13,2.075517024e-13,1.959887231e-13,2.270883664e-13,3.475185892e-13,5.676086651e-14,2.261766701e-13,8.654652625e-14
82.7265625,5.316035747e-13,4.486739296e-13,1.756203245e-13,4.126073477e-13,1.781262304e-13,1.962974405e-13,5.526029208e-14,2.644444327e-13,1.042179538e-13,6.979384487e-14,5.509567699e-14,9.255594981e-14,1.838619905e-13,5.232559886e-13,7.693246498e-13,1.032932497e-12,5.879140457e-13,3.108765942e-13,2.209527703e-13,7.020656603e-13,3.743504466e-14,8.510141931e-14,8.295810455e-14,1.247732138e-13,1.168505346e-13,2.022633865e-13,1.898412005e-13,2.24430495e-13,3.382406332e-13,5.679076977e-14,2.188024926e-13,8.650593187e-14
82.734375,5.245991262e-13,4.380606249e-13,1.69420726e-13,4.04194017e-13,1.773332897e-13,1.918775316e-13,5.409369987e-14,2.637478974e-13,1.042057638e-13,7.075326008e-14,5.440554886e-14,9.080799362e-14,1.792110555e-13,5.116238133e-13,7.483254214e-13,1.009392697e-12,5.747196311e-13,3.029048497e-13,2.179463692e-13,6.932408011e-13,3.695391782e-14,8.420830246e-14,8.19719285e-14,1.251944246e-13,1.136464872e-13,1.97106475e-13,1.839067092e-13,2.218352248e-13,3.291261646e-13,5.682541648e-14,2.11670454e-13,8.652323232e-14
82.7421875,5.173826433e-13,4.276319411e-13,1.63209247e-13,3.95565465e-13,1.765100102e-13,1.873046839e-13,5.296190313e-14,2.629592509e-13,1.041339017e-13,7.173855031e-14,5.372538929e-14,8.900521822e-14,1.744546499e-13,4.998057509e-13,7.274810626e-13,9.860456088e-13,5.614923671e-13,2.949129711e-13,2.148444131e-13,6.846785875e-13,3.649468959e-14,8.329038556e-14,8.099438621e-14,1.255932469e-13,1.104572497e-13,1.920114202e-13,1.781529384e-13,2.191181341e-13,3.201381066e-13,5.683875763e-14,2.045499257e-13,8.653205813e-14
82.75,5.098113253e-13,4.175671703e-13,1.57045506e-13,3.871129972e-13,1.755495495e-13,1.827596545e-13,5.188147419e-14,2.620542393e-13,1.039752343e-13,7.273624141e-14,5.303537783e-14,8.720557999e-14,1.698368498e-13,4.878505133e-13,7.069105872e-13,9.631754307e-13,5.483229154e-13,2.871075537e-13,2.116745434e-13,6.762990701e-13,3.605698202e-14,8.232000474e-14,7.999478195e-14,1.259692304e-13,1.073002328e-13,1.869039623e-13,1.725546718e-13,2.163068123e-13,3.114725521e-13,5.683145414e-14,1.975952469e-13,8.650996238e-14
82.7578125,5.024224032e-13,4.079140032e-13,1.511668944e-13,3.790686203e-13,1.74628702e-13,1.78494897e-13,5.087027417e-14,2.610185396e-13,1.037719679e-13,7.3783169e-14,5.239536732e-14,8.553070793e-14,1.655442075e-13,4.761181873e-13,6.869050263e-13,9.411290275e-13,5.355477243e-13,2.797622391e-13,2.086114432e-13,6.680649494e-13,3.568282778e-14,8.134532117e-14,7.898022174e-14,1.263498626e-13,1.042291046e-13,1.818443043e-13,1.671130093e-13,2.136259896e-13,3.032257398e-13,5.682878446e-14,1.910197165e-13,8.647047775e-14
82.765625,4.951031399e-13,3.985307398e-13,1.456201367e-13,3.710750582e-13,1.737277158e-13,1.743297175e-13,4.99394465e-14,2.599119743e-13,1.035142027e-13,7.48895669e-14,5.186789171e-14,8.395066326e-14,1.614449166e-13,4.645022831e-13,6.675333059e-13,9.198817417e-13,5.230978088e-13,2.727012274e-13,2.056686162e-13,6.599994687e-13,3.539052726e-14,8.037290229e-14,7.800948602e-14,1.267583542e-13,1.012885152e-13,1.769588655e-13,1.619145978e-13,2.110598434e-13,2.952423386e-13,5.685444796e-14,1.847111416e-13,8.642062112e-14
82.7734375,4.875743351e-13,3.891492226e-13,1.403434658e-13,3.631392203e-13,1.727664186e-13,1.701187356e-13,4.906637658e-14,2.589135511e-13,1.032166344e-13,7.602886476e-14,5.142984574e-14,8.239801738e-14,1.574396643e-13,4.527636767e-13,6.488370329e-13,8.995047838e-13,5.109701891e-13,2.658494548e-13,2.02766474e-13,6.521440518e-13,3.514376671e-14,7.937454164e-14,7.710339562e-14,1.271745274e-13,9.848469035e-14,1.723193265e-13,1.569940872e-13,2.084154512e-13,2.874128938e-13,5.690864264e-14,1.785381126e-13,8.640085757e-14
82.78125,4.801303112e-13,3.7975465e-13,1.352282889e-13,3.553759768e-13,1.717656973e-13,1.659431269e-13,4.821152869e-14,2.579830464e-13,1.029453604e-13,7.720365198e-14,5.10247687e-14,8.087674653e-14,1.534999083e-13,4.410195984e-13,6.306105158e-13,8.798341424e-13,4.993331056e-13,2.593267047e-13,1.998666638e-13,6.443539471e-13,3.490729127e-14,7.835732645e-14,7.621868932e-14,1.275772362e-13,9.577394343e-14,1.678377629e-13,1.522862745e-13,2.057415824e-13,2.797744828e-13,5.697647318e-14,1.725105514e-13,8.642810333e-14
82.7890625,4.729328369e-13,3.707027143e-13,1.300986017e-13,3.473323e-13,1.70789963e-13,1.617508863e-13,4.73824691e-14,2.569035838e-13,1.02703607e-13,7.845745349e-14,5.060311293e-14,7.940593895e-14,1.496252789e-13,4.294437353e-13,6.124336879e-13,8.60376008e-13,4.880163379e-13,2.530943166e-13,1.969849585e-13,6.364854679e-13,3.467230355e-14,7.735008504e-14,7.533215889e-14,1.279957421e-13,9.313120464e-14,1.633386362e-13,1.477900341e-13,2.031823318e-13,2.724322693e-13,5.703949717e-14,1.666994672e-13,8.644065132e-14
82.796875,4.65750806e-13,3.621828857e-13,1.249719755e-13,3.390456878e-13,1.699211298e-13,1.575181875e-13,4.66164546e-14,2.556757816e-13,1.024245978e-13,7.980790144e-14,5.01473629e-14,7.800097227e-14,1.459176608e-13,4.179866694e-13,5.94438211e-13,8.412005255e-13,4.767897733e-13,2.471338572e-13,1.941642226e-13,6.287133389e-13,3.446332282e-14,7.63483449e-14,7.445007723e-14,1.284121062e-13,9.057737908e-14,1.588168373e-13,1.435494566e-13,2.006587054e-13,2.654438633e-13,5.706773937e-14,1.611767829e-13,8.638918985e-14
82.8046875,4.585802175e-13,3.541844171e-13,1.200609624e-13,3.31185171e-13,1.691402546e-13,1.534093451e-13,4.590890288e-14,2.543987581e-13,1.020826227e-13,8.119501418e-14,4.972313359e-14,7.669354044e-14,1.424037616e-13,4.066143148e-13,5.770249623e-13,8.226917612e-13,4.657509853e-13,2.41501626e-13,1.914169001e-13,6.212368965e-13,3.433241987e-14,7.533726967e-14,7.35643699e-14,1.287916531e-13,8.808595247e-14,1.544121418e-13,1.395430557e-13,1.981344187e-13,2.587256876e-13,5.705377179e-14,1.558929543e-13,8.63004209e-14
82.8125,4.51690102e-13,3.466478801e-13,1.154105787e-13,3.236347042e-13,1.683644537e-13,1.494369023e-13,4.522609587e-14,2.530331398e-13,1.017167098e-13,8.25643187e-14,4.938442272e-14,7.548557916e-14,1.390115735e-13,3.95424201e-13,5.59967306e-13,8.045891624e-13,4.549920932e-13,2.361229723e-13,1.88737679e-13,6.138647979e-13,3.426247085e-14,7.434020708e-14,7.268001373e-14,1.292042089e-13,8.560521415e-14,1.501334387e-13,1.357205399e-13,1.957456175e-13,2.522398301e-13,5.704449483e-14,1.507625866e-13,8.621345876e-14
82.8203125,4.449870312e-13,3.391610499e-13,1.108807813e-13,3.158865203e-13,1.675837087e-13,1.454447776e-13,4.455841777e-14,2.51559484e-13,1.013321776e-13,8.395038977e-14,4.907059123e-14,7.430518421e-14,1.357325764e-13,3.843288563e-13,5.429222617e-13,7.865069008e-13,4.443920696e-13,2.308961052e-13,1.861166216e-13,6.063313053e-13,3.417250495e-14,7.335518837e-14,7.181928983e-14,1.296429535e-13,8.31684885e-14,1.459064689e-13,1.32050486e-13,1.93417381e-13,2.460179613e-13,5.705639748e-14,1.45766194e-13,8.611307281e-14
82.828125,4.379938047e-13,3.315159761e-13,1.064235883e-13,3.081925025e-13,1.66766529e-13,1.41436978e-13,4.391298174e-14,2.500554982e-13,1.008878021e-13,8.538464244e-14,4.874048528e-14,7.309901062e-14,1.325575008e-13,3.731088816e-13,5.26160238e-13,7.687565455e-13,4.33884823e-13,2.258195981e-13,1.83515734e-13,5.988253841e-13,3.407658017e-14,7.233202876e-14,7.09859546e-14,1.299815949e-13,8.082806475e-14,1.417674731e-13,1.285431379e-13,1.909822758e-13,2.39952042e-13,5.704259594e-14,1.408662333e-13,8.597384391e-14
82.8359375,4.308216555e-13,3.24245492e-13,1.021439622e-13,3.008561062e-13,1.659258993e-13,1.375732947e-13,4.329706618e-14,2.485509029e-13,1.003919346e-13,8.684205715e-14,4.846148697e-14,7.193285148e-14,1.295009147e-13,3.619445398e-13,5.099877656e-13,7.517540307e-13,4.236488697e-13,2.209955847e-13,1.809708591e-13,5.916261656e-13,3.404223504e-14,7.128872528e-14,7.018566881e-14,1.302630036e-13,7.85752093e-14,1.377467461e-13,1.252316731e-13,1.886001865e-13,2.340465668e-13,5.701262988e-14,1.361461161e-13,8.582043092e-14
82.84375,4.242186947e-13,3.176235979e-13,9.813910236e-14,2.936423569e-13,1.652306887e-13,1.339082824e-13,4.272420071e-14,2.469807856e-13,9.988389573e-14,8.830084893e-14,4.82827912e-14,7.088689934e-14,1.266457589e-13,3.512435069e-13,4.94268323e-13,7.353023484e-13,4.138930127e-13,2.165752516e-13,1.786022744e-13,5.844926292e-13,3.404688038e-14,7.029740242e-14,6.942235103e-14,1.30577848e-13,7.640408274e-14,1.337740828e-13,1.221084765e-13,1.864147038e-13,2.285333671e-13,5.701576977e-14,1.31800432e-13,8.566648217e-14
82.8515625,4.181873979e-13,3.11335674e-13,9.436401801e-14,2.864141199e-13,1.646736261e-13,1.303197695e-13,4.219765293e-14,2.453133314e-13,9.937636159e-14,8.973022056e-14,4.817470332e-14,6.993541335e-14,1.239492782e-13,3.409578083e-13,4.788215326e-13,7.191018792e-13,4.045304811e-13,2.125302424e-13,1.763769782e-13,5.771859591e-13,3.406941317e-14,6.935710189e-14,6.866610515e-14,1.308334677e-13,7.431424139e-14,1.298352551e-13,1.191587543e-13,1.842331745e-13,2.233926473e-13,5.701061725e-14,1.277678033e-13,8.549341658e-14
82.859375,4.119648549e-13,3.053454455e-13,9.07019895e-14,2.792816179e-13,1.639854711e-13,1.267298788e-13,4.170611588e-14,2.436452865e-13,9.889233121e-14,9.115243368e-14,4.807174994e-14,6.902043061e-14,1.213213061e-13,3.30738918e-13,4.636341853e-13,7.033620492e-13,3.953298173e-13,2.086560986e-13,1.740832143e-13,5.699977605e-13,3.414460664e-14,6.842573108e-14,6.790756216e-14,1.310331816e-13,7.227229811e-14,1.259844377e-13,1.163808353e-13,1.819868055e-13,2.183918424e-13,5.694317213e-14,1.238507876e-13,8.532416676e-14
82.8671875,4.054231356e-13,2.997348345e-13,8.713799743e-14,2.723328653e-13,1.630853584e-13,1.232226504e-13,4.124629842e-14,2.420122502e-13,9.841799027e-14,9.26907527e-14,4.793038933e-14,6.813371721e-14,1.188264668e-13,3.205063448e-13,4.487265277e-13,6.883241524e-13,3.862740224e-13,2.048897369e-13,1.716369202e-13,5.630465486e-13,3.425630936e-14,6.748261951e-14,6.717736617e-14,1.312978174e-13,7.02637804e-14,1.222058603e-13,1.137559475e-13,1.798419147e-13,2.135060945e-13,5.684767994e-14,1.200689497e-13,8.514921903e-14
82.875,3.989250342e-13,2.942851496e-13,8.374240808e-14,2.655831886e-13,1.62141996e-13,1.198181948e-13,4.081719867e-14,2.402517934e-13,9.78725005e-14,9.433688467e-14,4.780969256e-14,6.729443727e-14,1.165043816e-13,3.103839168e-13,4.341536512e-13,6.737742022e-13,3.774470179e-13,2.013279296e-13,1.691781506e-13,5.56013909e-13,3.43823922e-14,6.650591171e-14,6.646964188e-14,1.315568228e-13,6.830761098e-14,1.184684808e-13,1.11320959e-13,1.777599695e-13,2.08783509e-13,5.675527081e-14,1.164813162e-13,8.48788822e-14
82.8828125,3.92491064e-13,2.889083551e-13,8.052701034e-14,2.589175937e-13,1.612573517e-13,1.164365471e-13,4.041877759e-14,2.383038058e-13,9.726233845e-14,9.593801068e-14,4.778212471e-14,6.651311541e-14,1.142939541e-13,3.004695936e-13,4.199741767e-13,6.595520195e-13,3.688709325e-13,1.980260899e-13,1.668334331e-13,5.488402597e-13,3.455217927e-14,6.551245447e-14,6.576473447e-14,1.31737291e-13,6.642330006e-14,1.148326691e-13,1.0911217e-13,1.756186201e-13,2.04223358e-13,5.666264985e-14,1.130337235e-13,8.45354326e-14
82.890625,3.862658062e-13,2.837777689e-13,7.745387419e-14,2.523641922e-13,1.604806852e-13,1.131615761e-13,4.006421683e-14,2.363286437e-13,9.667417977e-14,9.75085364e-14,4.776868458e-14,6.57815177e-14,1.122056732e-13,2.908930853e-13,4.061945637e-13,6.458955604e-13,3.606683085e-13,1.950135251e-13,1.646046031e-13,5.417929291e-13,3.474946313e-14,6.45637297e-14,6.508938961e-14,1.319267848e-13,6.463379048e-14,1.113556848e-13,1.070408589e-13,1.735479352e-13,1.998924772e-13,5.657705436e-14,1.097334742e-13,8.42441117e-14
82.8984375,3.805551529e-13,2.790860882e-13,7.452903479e-14,2.461447092e-13,1.598734457e-13,1.101151027e-13,3.974501665e-14,2.343623159e-13,9.609102317e-14,9.913192081e-14,4.76847263e-14,6.510438063e-14,1.102775419e-13,2.817314868e-13,3.928075685e-13,6.329144429e-13,3.5293488e-13,1.923276227e-13,1.6247779e-13,5.350923938e-13,3.494097226e-14,6.366456876e-14,6.444580834e-14,1.32126925e-13,6.293419475e-14,1.079746063e-13,1.050667422e-13,1.716525026e-13,1.958011158e-13,5.647986224e-14,1.066615077e-13,8.39854799e-14
82.90625,3.750779666e-13,2.748273357e-13,7.176951472e-14,2.400692042e-13,1.59310653e-13,1.071621567e-13,3.9421314e-14,2.322945358e-13,9.544666371e-14,1.007377122e-13,4.761169463e-14,6.448636394e-14,1.084682023e-13,2.728070088e-13,3.797391891e-13,6.203521955e-13,3.454780098e-13,1.89917606e-13,1.604210389e-13,5.286749247e-13,3.516302114e-14,6.276217916e-14,6.379353442e-14,1.322834867e-13,6.128106878e-14,1.045896521e-13,1.032639118e-13,1.697912861e-13,1.918820457e-13,5.634863297e-14,1.038231969e-13,8.365873723e-14
82.9140625,3.694675562e-13,2.707316049e-13,6.912053377e-14,2.338362641e-13,1.58545314e-13,1.041686084e-13,3.907997215e-14,2.301728039e-13,9.475246248e-14,1.023067759e-13,4.761761413e-14,6.386141237e-14,1.067038777e-13,2.638716858e-13,3.669233956e-13,6.080875509e-13,3.381344717e-13,1.876727277e-13,1.583549755e-13,5.220552888e-13,3.54336333e-14,6.183341611e-14,6.31415318e-14,1.323861956e-13,5.966838833e-14,1.012217194e-13,1.016105005e-13,1.67889055e-13,1.8809006e-13,5.621306739e-14,1.010924702e-13,8.328352809e-14
82.921875,3.640210652e-13,2.667879522e-13,6.652038574e-14,2.27782026e-13,1.576580157e-13,1.012797481e-13,3.87476185e-14,2.281198564e-13,9.404429697e-14,1.039154446e-13,4.765160066e-14,6.319184981e-14,1.049845701e-13,2.550244349e-13,3.545052075e-13,5.963305339e-13,3.310698657e-13,1.855995874e-13,1.563237307e-13,5.150662197e-13,3.571587881e-14,6.090604092e-14,6.251811586e-14,1.323725928e-13,5.813801102e-14,9.797878037e-14,1.000653843e-13,1.660619105e-13,1.843581975e-13,5.609759566e-14,9.838785854e-14,8.292124158e-14
82.9296875,3.590644974e-13,2.633160759e-13,6.401306e-14,2.221404961e-13,1.570509844e-13,9.861144596e-14,3.845755095e-14,2.261050174e-13,9.336844666e-14,1.055624507e-13,4.769795901e-14,6.260014156e-14,1.034433465e-13,2.466197766e-13,3.425802984e-13,5.851332962e-13,3.244018475e-13,1.838162475e-13,1.544859017e-13,5.083120288e-13,3.601351899e-14,6.003712456e-14,6.190182455e-14,1.322942391e-13,5.670540656e-14,9.488607145e-14,9.869806386e-14,1.643961783e-13,1.807351226e-13,5.599132647e-14,9.586506301e-14,8.258165576e-14
82.9375,3.544558617e-13,2.603179377e-13,6.167828855e-14,2.165343084e-13,1.567911112e-13,9.604037378e-14,3.822857809e-14,2.240620932e-13,9.27664619e-14,1.072654426e-13,4.778280887e-14,6.218093689e-14,1.021574167e-13,2.387332452e-13,3.309479958e-13,5.742818258e-13,3.180029434e-13,1.82338527e-13,1.528192982e-13,5.019972452e-13,3.636006994e-14,5.925290347e-14,6.129138853e-14,1.323147568e-13,5.534627744e-14,9.188221191e-14,9.752200196e-14,1.629161743e-13,1.773841401e-13,5.58755858e-14,9.365853335e-14,8.225658954e-14
82.9453125,3.499720761e-13,2.576147541e-13,5.950217675e-14,2.1094592e-13,1.564393478e-13,9.349515449e-14,3.80404993e-14,2.220353884e-13,9.217001864e-14,1.090524619e-13,4.788054524e-14,6.181470384e-14,1.009799427e-13,2.311009081e-13,3.195716574e-13,5.638923357e-13,3.118969989e-13,1.810603966e-13,1.511421043e-13,4.956676361e-13,3.674281673e-14,5.849199945e-14,6.072180533e-14,1.323742101e-13,5.403940031e-14,8.893913974e-14,9.649961063e-14,1.616174233e-13,1.742225246e-13,5.572389798e-14,9.161965126e-14,8.190488818e-14
82.953125,3.454734164e-13,2.551205646e-13,5.743854114e-14,2.057131134e-13,1.557457696e-13,9.10849027e-14,3.786384499e-14,2.200693273e-13,9.148533199e-14,1.108233495e-13,4.798308119e-14,6.137078374e-14,9.979034221e-14,2.235963592e-13,3.087283097e-13,5.543199673e-13,3.062896962e-13,1.799405601e-13,1.494231455e-13,4.893706426e-13,3.713288244e-14,5.768451935e-14,6.017488176e-14,1.323523426e-13,5.279047088e-14,8.605948703e-14,9.564225165e-14,1.60374567e-13,1.710340272e-13,5.555207161e-14,8.961605932e-14,8.148307557e-14
82.9609375,3.409737858e-13,2.526855935e-13,5.551973185e-14,2.007122801e-13,1.549505195e-13,8.887066159e-14,3.771360428e-14,2.18130961e-13,9.075794649e-14,1.125235358e-13,4.812226855e-14,6.090725633e-14,9.867799577e-14,2.163893822e-13,2.984615147e-13,5.454140177e-13,3.011616551e-13,1.790393017e-13,1.4778037e-13,4.833673531e-13,3.754795055e-14,5.685927627e-14,5.962100042e-14,1.323334481e-13,5.162094304e-14,8.324781961e-14,9.491262813e-14,1.590946588e-13,1.678781503e-13,5.541404466e-14,8.773474542e-14,8.101966528e-14
82.96875,3.367451836e-13,2.505648242e-13,5.377697309e-14,1.958241833e-13,1.542529891e-13,8.679056891e-14,3.759914435e-14,2.162094655e-13,9.00679234e-14,1.142283617e-13,4.827010676e-14,6.052530055e-14,9.773642519e-14,2.095984904e-13,2.885748407e-13,5.368388128e-13,2.963368071e-13,1.78415801e-13,1.462538284e-13,4.774520128e-13,3.802316501e-14,5.608325738e-14,5.910411647e-14,1.323448734e-13,5.053623114e-14,8.053649605e-14,9.42814987e-14,1.578957832e-13,1.64916835e-13,5.528449773e-14,8.604927138e-14,8.056113288e-14
82.9765625,3.328330087e-13,2.491911214e-13,5.213562627e-14,1.912416893e-13,1.535419115e-13,8.47733536e-14,3.749006571e-14,2.143222892e-13,8.938291648e-14,1.159603584e-13,4.839835886e-14,6.020312669e-14,9.692326432e-14,2.030367791e-13,2.789916217e-13,5.286884595e-13,2.917610854e-13,1.780314773e-13,1.447620739e-13,4.715396885e-13,3.854863752e-14,5.534660793e-14,5.865582085e-14,1.323061208e-13,4.951556451e-14,7.793170613e-14,9.379939777e-14,1.568610385e-13,1.621005818e-13,5.510620798e-14,8.450516053e-14,8.009987181e-14
82.984375,3.288777352e-13,2.481851242e-13,5.052616529e-14,1.868201072e-13,1.526955927e-13,8.278165399e-14,3.738721247e-14,2.124161523e-13,8.863494301e-14,1.176846455e-13,4.857940939e-14,5.987304647e-14,9.613278256e-14,1.964594013e-13,2.696264264e-13,5.20942878e-13,2.873896774e-13,1.777509871e-13,1.432441177e-13,4.656146134e-13,3.909049385e-14,5.458887024e-14,5.822467057e-14,1.322293452e-13,4.853550368e-14,7.538488209e-14,9.343074818e-14,1.559225397e-13,1.592881913e-13,5.491796739e-14,8.300193987e-14,7.959983993e-14
82.9921875,3.248048697e-13,2.47150795e-13,4.900200423e-14,1.823418687e-13,1.517505151e-13,8.084507685e-14,3.73167103e-14,2.104543153e-13,8.783273654e-14,1.193804875e-13,4.883213599e-14,5.954254492e-14,9.534493296e-14,1.899563797e-13,2.604146823e-13,5.133228196e-13,2.831522588e-13,1.775230727e-13,1.417597048e-13,4.594647168e-13,3.963396079e-14,5.380264499e-14,5.777129796e-14,1.321174906e-13,4.759632764e-14,7.28721569e-14,9.30976382e-14,1.550860954e-13,1.56476985e-13,5.475289379e-14,8.152072886e-14,7.904749223e-14
83,3.209186625e-13,2.464328542e-13,4.762586219e-14,1.780293594e-13,1.508128078e-13,7.904639782e-14,3.726147856e-14,2.08522071e-13,8.704632053e-14,1.210343553e-13,4.903300693e-14,5.925319571e-14,9.468313558e-14,1.837777936e-13,2.515353044e-13,5.059749381e-13,2.790941908e-13,1.774216801e-13,1.403785978e-13,4.533798466e-13,4.016914339e-14,5.303593115e-14,5.732295346e-14,1.319565716e-13,4.671963102e-14,7.040908543e-14,9.282193784e-14,1.543386702e-13,1.537971083e-13,5.455434418e-14,8.017829425e-14,7.847957627e-14
83.0078125,3.173094471e-13,2.459313874e-13,4.637530545e-14,1.739809494e-13,1.4997969e-13,7.738577832e-14,3.719296098e-14,2.066652155e-13,8.630786726e-14,1.226587659e-13,4.915445335e-14,5.899406531e-14,9.41897899e-14,1.779142049e-13,2.430867457e-13,4.991367147e-13,2.752538673e-13,1.774603309e-13,1.390738327e-13,4.477599102e-13,4.070340276e-14,5.23086386e-14,5.69096867e-14,1.318149084e-13,4.590990235e-14,6.802053879e-14,9.259529533e-14,1.535144833e-13,1.512673918e-13,5.43000718e-14,7.901375556e-14,7.792765106e-14
83.015625,3.13906035e-13,2.452226551e-13,4.523355234e-14,1.700226818e-13,1.492475736e-13,7.578449951e-14,3.711037884e-14,2.048071855e-13,8.556741012e-14,1.242392204e-13,4.932215467e-14,5.873712141e-14,9.374277034e-14,1.722508014e-13,2.349110826e-13,4.925964837e-13,2.715997911e-13,1.776330185e-13,1.378388715e-13,4.422456927e-13,4.126918282e-14,5.160108007e-14,5.652787884e-14,1.316917154e-13,4.514318156e-14,6.572693179e-14,9.239675492e-14,1.526114409e-13,1.487532074e-13,5.402878626e-14,7.793000281e-14,7.735001263e-14
83.0234375,3.107272727e-13,2.447148911e-13,4.420392797e-14,1.662005164e-13,1.484909574e-13,7.424280245e-14,3.701398698e-14,2.029287555e-13,8.479516462e-14,1.257370483e-13,4.954068029e-14,5.848925386e-14,9.332680686e-14,1.668206397e-13,2.269573421e-13,4.862634392e-13,2.681726871e-13,1.779762793e-13,1.366924274e-13,4.36605175e-13,4.186263503e-14,5.090758563e-14,5.615045899e-14,1.315437991e-13,4.440473198e-14,6.348821775e-14,9.232252944e-14,1.518094189e-13,1.462680609e-13,5.374910184e-14,7.6939976e-14,7.672098165e-14
83.03125,3.076569791e-13,2.447009881e-13,4.325573979e-14,1.62567444e-13,1.476180776e-13,7.282098567e-14,3.69074752e-14,2.010811898e-13,8.402751554e-14,1.271888351e-13,4.970595679e-14,5.823819399e-14,9.300017856e-14,1.616029414e-13,2.192909652e-13,4.803136682e-13,2.649966822e-13,1.783722913e-13,1.355385665e-13,4.312212074e-13,4.246583954e-14,5.023014502e-14,5.575388005e-14,1.314197929e-13,4.369672027e-14,6.125543265e-14,9.238101078e-14,1.510731427e-13,1.439034323e-13,5.345410682e-14,7.606872513e-14,7.609248125e-14
83.0390625,3.044322705e-13,2.446802763e-13,4.238882457e-14,1.589932117e-13,1.466368734e-13,7.150256239e-14,3.681462321e-14,1.992369819e-13,8.325238315e-14,1.286292185e-13,4.984329422e-14,5.794071622e-14,9.266434652e-14,1.564829804e-13,2.11854628e-13,4.746560963e-13,2.61981016e-13,1.786570177e-13,1.342988599e-13,4.260769143e-13,4.310115225e-14,4.954925781e-14,5.536781049e-14,1.312858003e-13,4.302539974e-14,5.908248556e-14,9.242140898e-14,1.502519746e-13,1.415215421e-13,5.314015543e-14,7.517613827e-14,7.546115138e-14
83.046875,3.009163648e-13,2.445944013e-13,4.162617247e-14,1.555606353e-13,1.455546524e-13,7.021244011e-14,3.675212636e-14,1.973738373e-13,8.243824168e-14,1.300411003e-13,5.000134621e-14,5.761483432e-14,9.22653021e-14,1.514827446e-13,2.045910008e-13,4.69151054e-13,2.590676474e-13,1.788965491e-13,1.330423853e-13,4.208299013e-13,4.37484888e-14,4.88617855e-14,5.504716343e-14,1.310583722e-13,4.240652471e-14,5.701533727e-14,9.242880145e-14,1.493972723e-13,1.390572752e-13,5.277526082e-14,7.425336627e-14,7.476723325e-14
83.0546875,2.97212073e-13,2.448101594e-13,4.09228571e-14,1.524375271e-13,1.44393253e-13,6.89240533e-14,3.670174439e-14,1.955762766e-13,8.166760787e-14,1.314394268e-13,5.012312344e-14,5.731577389e-14,9.190939096e-14,1.467148868e-13,1.975664756e-13,4.639330768e-13,2.562434293e-13,1.79172195e-13,1.318006767e-13,4.15609994e-13,4.435669195e-14,4.820484564e-14,5.477359097e-14,1.308279649e-13,4.183843635e-14,5.500316065e-14,9.251422683e-14,1.485798331e-13,1.367261707e-13,5.235736014e-14,7.347114644e-14,7.406026087e-14
83.0625,2.936552058e-13,2.451295091e-13,4.024587248e-14,1.49509392e-13,1.432412602e-13,6.769646e-14,3.663328301e-14,1.938622844e-13,8.100038668e-14,1.328004878e-13,5.02183876e-14,5.701642597e-14,9.159276454e-14,1.422246478e-13,1.908887677e-13,4.591084679e-13,2.535077283e-13,1.794303793e-13,1.305338497e-13,4.106375246e-13,4.497635869e-14,4.759503968e-14,5.448143962e-14,1.306442485e-13,4.129594818e-14,5.304506698e-14,9.265942854e-14,1.47745779e-13,1.345159314e-13,5.195269047e-14,7.279859642e-14,7.341446604e-14
83.0703125,2.90523388e-13,2.453266715e-13,3.963874167e-14,1.467023673e-13,1.421380788e-13,6.662101729e-14,3.655335321e-14,1.921287602e-13,8.033273219e-14,1.340704103e-13,5.033633767e-14,5.667256352e-14,9.123846783e-14,1.379829065e-13,1.846187322e-13,4.546899818e-13,2.510129815e-13,1.797613164e-13,1.292931462e-13,4.058461807e-13,4.565664456e-14,4.699949597e-14,5.416841695e-14,1.303944527e-13,4.078495161e-14,5.119321353e-14,9.28199898e-14,1.469316045e-13,1.32163752e-13,5.158779449e-14,7.207811459e-14,7.276305723e-14
83.078125,2.876857392e-13,2.456460463e-13,3.912127076e-14,1.441639802e-13,1.410408409e-13,6.570105865e-14,3.648880817e-14,1.903750845e-13,7.960836584e-14,1.352976454e-13,5.0404972e-14,5.634103186e-14,9.090658665e-14,1.339303169e-13,1.786745934e-13,4.506718841e-13,2.489043323e-13,1.803177644e-13,1.281448973e-13,4.011944073e-13,4.632009167e-14,4.640531721e-14,5.38766627e-14,1.301126891e-13,4.032650874e-14,4.942213618e-14,9.308362518e-14,1.462207044e-13,1.297426582e-13,5.119920978e-14,7.134963449e-14,7.20444777e-14
83.0859375,2.848336268e-13,2.461571289e-13,3.869166181e-14,1.41863445e-13,1.399293698e-13,6.480669867e-14,3.64266763e-14,1.887020939e-13,7.892909176e-14,1.365043299e-13,5.041515144e-14,5.606700131e-14,9.063161577e-14,1.300577294e-13,1.728983325e-13,4.468476925e-13,2.469846586e-13,1.809765115e-13,1.270513285e-13,3.966045012e-13,4.694838183e-14,4.584546971e-14,5.361319472e-14,1.299180297e-13,3.990415004e-14,4.770496977e-14,9.349168091e-14,1.455219606e-13,1.275129652e-13,5.074555828e-14,7.071425089e-14,7.131834705e-14
83.09375,2.818819945e-13,2.467610418e-13,3.837292909e-14,1.396207025e-13,1.387795947e-13,6.384967637e-14,3.633971567e-14,1.870899365e-13,7.833022672e-14,1.376185827e-13,5.049119834e-14,5.579019907e-14,9.033219516e-14,1.263928584e-13,1.672989862e-13,4.430720014e-13,2.450102076e-13,1.815507117e-13,1.259676751e-13,3.919356457e-13,4.764709055e-14,4.532786021e-14,5.336463265e-14,1.297252262e-13,3.950399257e-14,4.60798192e-14,9.3974174e-14,1.447244313e-13,1.254257682e-13,5.026612397e-14,7.013575667e-14,7.061482986e-14
83.1015625,2.789460805e-13,2.475719716e-13,3.812943062e-14,1.374633554e-13,1.37563144e-13,6.294074774e-14,3.623828578e-14,1.854613086e-13,7.773248498e-14,1.386659124e-13,5.060926659e-14,5.547236929e-14,9.001777061e-14,1.229010393e-13,1.620229584e-13,4.395817577e-13,2.431404171e-13,1.821151307e-13,1.249041117e-13,3.873123486e-13,4.841355032e-14,4.482491144e-14,5.312713612e-14,1.294314948e-13,3.913916158e-14,4.454167747e-14,9.452372546e-14,1.438923272e-13,1.233465328e-13,4.979985329e-14,6.956954661e-14,6.990714966e-14
83.109375,2.761805086e-13,2.485710147e-13,3.78858455e-14,1.354809493e-13,1.363632436e-13,6.220832181e-14,3.613537805e-14,1.838527018e-13,7.713058085e-14,1.397377157e-13,5.064094239e-14,5.515517968e-14,8.977921164e-14,1.195530453e-13,1.570691114e-13,4.364812784e-13,2.415779158e-13,1.827870179e-13,1.238859095e-13,3.828891568e-13,4.913343073e-14,4.434044128e-14,5.289316886e-14,1.290993078e-13,3.881168563e-14,4.304606729e-14,9.514701362e-14,1.431289929e-13,1.213213128e-13,4.933409127e-14,6.905459123e-14,6.921204197e-14
83.1171875,2.736429716e-13,2.496864794e-13,3.765788086e-14,1.336712797e-13,1.352605825e-13,6.157940216e-14,3.602367443e-14,1.823318018e-13,7.659248474e-14,1.40817797e-13,5.062139471e-14,5.487497427e-14,8.96189526e-14,1.163944525e-13,1.523071658e-13,4.335449627e-13,2.401805019e-13,1.835074491e-13,1.22951266e-13,3.785862105e-13,4.979897371e-14,4.390317606e-14,5.26579769e-14,1.287966616e-13,3.852148812e-14,4.160558983e-14,9.57724514e-14,1.424662542e-13,1.193597507e-13,4.88522699e-14,6.862915641e-14,6.853722655e-14
83.125,2.712019552e-13,2.511498221e-13,3.750763475e-14,1.320989235e-13,1.341375587e-13,6.093375873e-14,3.590346933e-14,1.809222657e-13,7.612366276e-14,1.418003874e-13,5.062900133e-14,5.461645864e-14,8.94870976e-14,1.13426736e-13,1.477643131e-13,4.308918449e-13,2.388709301e-13,1.842129758e-13,1.220984906e-13,3.744338638e-13,5.048848654e-14,4.350138042e-14,5.242770992e-14,1.285584385e-13,3.827200695e-14,4.025556314e-14,9.641865679e-14,1.418706261e-13,1.174029377e-13,4.83772172e-14,6.827057389e-14,6.784721307e-14
83.1328125,2.687188379e-13,2.528733068e-13,3.743071726e-14,1.307410403e-13,1.328300199e-13,6.030559771e-14,3.577402729e-14,1.796235067e-13,7.565681042e-14,1.425986203e-13,5.06337713e-14,5.431253469e-14,8.935970881e-14,1.105704789e-13,1.435456047e-13,4.288067098e-13,2.378043615e-13,1.849102e-13,1.212146764e-13,3.704255304e-13,5.122237567e-14,4.308205321e-14,5.219984606e-14,1.283854083e-13,3.804308292e-14,3.897906592e-14,9.715552621e-14,1.412219308e-13,1.154621899e-13,4.793388702e-14,6.79045095e-14,6.712499203e-14
83.140625,2.662143166e-13,2.543160525e-13,3.738779792e-14,1.293966387e-13,1.313600371e-13,5.977354139e-14,3.562563948e-14,1.783732334e-13,7.51426454e-14,1.432638443e-13,5.061417648e-14,5.392287623e-14,8.922909607e-14,1.077774126e-13,1.395283539e-13,4.270044501e-13,2.369259084e-13,1.855750608e-13,1.202103382e-13,3.662373019e-13,5.196910421e-14,4.26187104e-14,5.196357e-14,1.281642028e-13,3.782246673e-14,3.773554407e-14,9.78761261e-14,1.404316362e-13,1.135321556e-13,4.748787412e-14,6.747803854e-14,6.636707863e-14
83.1484375,2.637036255e-13,2.554576639e-13,3.737769646e-14,1.280778346e-13,1.298671162e-13,5.934675544e-14,3.546764772e-14,1.771414425e-13,7.463271557e-14,1.439441627e-13,5.056570905e-14,5.351197818e-14,8.911307104e-14,1.050964575e-13,1.355980477e-13,4.252347187e-13,2.360694241e-13,1.862039746e-13,1.191803929e-13,3.619295363e-13,5.268827421e-14,4.215859787e-14,5.171915032e-14,1.27863846e-13,3.763234943e-14,3.653646323e-14,9.849730805e-14,1.395668925e-13,1.115934695e-13,4.698899114e-14,6.704035147e-14,6.56027044e-14
83.15625,2.610977928e-13,2.567048252e-13,3.74380226e-14,1.269890636e-13,1.284226628e-13,5.900815707e-14,3.532268517e-14,1.760183521e-13,7.422245472e-14,1.446707758e-13,5.048057464e-14,5.313394379e-14,8.903002627e-14,1.026316681e-13,1.31974487e-13,4.238629684e-13,2.353420984e-13,1.868374241e-13,1.182457471e-13,3.580255574e-13,5.336550401e-14,4.176634023e-14,5.147213776e-14,1.276414699e-13,3.749013681e-14,3.543200959e-14,9.917052565e-14,1.387470154e-13,1.097074692e-13,4.646989225e-14,6.667753156e-14,6.489950623e-14
83.1640625,2.584265421e-13,2.580951264e-13,3.758561365e-14,1.261311172e-13,1.270122533e-13,5.87261518e-14,3.519089673e-14,1.750114991e-13,7.39003544e-14,1.453702026e-13,5.043160256e-14,5.275454989e-14,8.896929442e-14,1.004142399e-13,1.287759098e-13,4.229598062e-13,2.348289688e-13,1.874573433e-13,1.17364164e-13,3.544837875e-13,5.405909914e-14,4.143464328e-14,5.12187834e-14,1.275017757e-13,3.738844434e-14,3.442130999e-14,9.996802369e-14,1.380390907e-13,1.078868962e-13,4.599318479e-14,6.639349622e-14,6.424699468e-14
83.171875,2.559482482e-13,2.595056868e-13,3.777837555e-14,1.254035578e-13,1.256491813e-13,5.846984452e-14,3.50445191e-14,1.739870333e-13,7.35858363e-14,1.460111026e-13,5.046067404e-14,5.236435758e-14,8.893448948e-14,9.837141569e-14,1.256969367e-13,4.220162547e-13,2.343471324e-13,1.880137403e-13,1.164728992e-13,3.508665061e-13,5.482028377e-14,4.11202383e-14,5.096010748e-14,1.27244792e-13,3.730074591e-14,3.346078558e-14,1.007429787e-13,1.374142848e-13,1.060595549e-13,4.553917571e-14,6.614409126e-14,6.357944219e-14
83.1796875,2.537705072e-13,2.608782591e-13,3.79775865e-14,1.247625752e-13,1.243480415e-13,5.82319789e-14,3.48669012e-14,1.729133717e-13,7.327286074e-14,1.465969693e-13,5.048864326e-14,5.197589854e-14,8.892261479e-14,9.644136505e-14,1.22539251e-13,4.208761057e-13,2.337810815e-13,1.884837947e-13,1.155944368e-13,3.471952535e-13,5.559481043e-14,4.08222151e-14,5.071406309e-14,1.268530461e-13,3.719910468e-14,3.254158468e-14,1.014475134e-13,1.367562094e-13,1.042452701e-13,4.507105523e-14,6.591443643e-14,6.290993408e-14
83.1875,2.515845569e-13,2.621114285e-13,3.820258678e-14,1.241329573e-13,1.230028447e-13,5.799070146e-14,3.468087585e-14,1.718894954e-13,7.299082667e-14,1.471644835e-13,5.04803601e-14,5.156267872e-14,8.887995074e-14,9.458527316e-14,1.194985364e-13,4.198381636e-13,2.332257233e-13,1.888724967e-13,1.147165438e-13,3.436202789e-13,5.631822048e-14,4.054681731e-14,5.04802534e-14,1.265082413e-13,3.709668831e-14,3.166622593e-14,1.021958597e-13,1.36058198e-13,1.025235402e-13,4.461035451e-14,6.569930971e-14,6.226835496e-14
83.1953125,2.492093086e-13,2.633093233e-13,3.847228331e-14,1.235622701e-13,1.215552526e-13,5.77496526e-14,3.45045342e-14,1.709902405e-13,7.275479444e-14,1.477354571e-13,5.044893996e-14,5.11379137e-14,8.878707148e-14,9.278197344e-14,1.167704604e-13,4.191124091e-13,2.327907946e-13,1.892622861e-13,1.138393241e-13,3.401577256e-13,5.700270931e-14,4.028534195e-14,5.022366176e-14,1.26280609e-13,3.702862045e-14,3.082531476e-14,1.030222628e-13,1.354198996e-13,1.008753417e-13,4.415673317e-14,6.549874325e-14,6.164513077e-14
83.203125,2.469935039e-13,2.645737298e-13,3.877957236e-14,1.232305814e-13,1.20184316e-13,5.757889241e-14,3.431762665e-14,1.702205383e-13,7.260869266e-14,1.482384433e-13,5.034983528e-14,5.072743834e-14,8.870304336e-14,9.113405089e-14,1.143605457e-13,4.187483503e-13,2.324894723e-13,1.897275135e-13,1.130611479e-13,3.369940337e-13,5.766308691e-14,4.006364735e-14,4.993739291e-14,1.260747373e-13,3.699073322e-14,3.004562843e-14,1.038486845e-13,1.348055878e-13,9.921773887e-14,4.368161776e-14,6.533485859e-14,6.105993038e-14
83.2109375,2.45123161e-13,2.657100114e-13,3.913658792e-14,1.2312373e-13,1.189920965e-13,5.750206071e-14,3.411283205e-14,1.695029102e-13,7.254292232e-14,1.486602802e-13,5.019139344e-14,5.028415642e-14,8.867424757e-14,8.973511285e-14,1.122046012e-13,4.186264725e-13,2.322522848e-13,1.90193521e-13,1.123882679e-13,3.341116337e-13,5.829443724e-14,3.98960947e-14,4.966039872e-14,1.257847329e-13,3.696389091e-14,2.9346832e-14,1.04636132e-13,1.341666376e-13,9.750738843e-14,4.320493853e-14,6.518816805e-14,6.051082649e-14
83.21875,2.432359306e-13,2.667185572e-13,3.95446169e-14,1.230698222e-13,1.177994517e-13,5.747204203e-14,3.390540454e-14,1.687831688e-13,7.247303864e-14,1.490935239e-13,5.004627794e-14,4.97929221e-14,8.867235618e-14,8.845349476e-14,1.102247156e-13,4.185511887e-13,2.320389607e-13,1.905715927e-13,1.116966149e-13,3.311837515e-13,5.891440572e-14,3.973470865e-14,4.939317285e-14,1.254227023e-13,3.694491748e-14,2.868122738e-14,1.054296799e-13,1.335837809e-13,9.577375984e-14,4.274085647e-14,6.499313434e-14,5.995606996e-14
83.2265625,2.411822086e-13,2.677764462e-13,3.995906041e-14,1.230364544e-13,1.165338236e-13,5.747308656e-14,3.367716976e-14,1.681401642e-13,7.241385473e-14,1.495452313e-13,4.99247477e-14,4.929937813e-14,8.862070734e-14,8.716497211e-14,1.083627073e-13,4.185010041e-13,2.318510408e-13,1.908632439e-13,1.109685636e-13,3.282333422e-13,5.953485005e-14,3.956945747e-14,4.909367266e-14,1.250780949e-13,3.691299289e-14,2.801887707e-14,1.062628487e-13,1.330435992e-13,9.406572941e-14,4.226654808e-14,6.475718318e-14,5.941635808e-14
83.234375,2.392125839e-13,2.687735839e-13,4.037377924e-14,1.231296047e-13,1.153279964e-13,5.751056113e-14,3.340036528e-14,1.675929866e-13,7.243413879e-14,1.49970616e-13,4.983432172e-14,4.879606842e-14,8.850946229e-14,8.598095467e-14,1.065843224e-13,4.18506365e-13,2.316364861e-13,1.91065996e-13,1.102728633e-13,3.254831361e-13,6.014863855e-14,3.945332529e-14,4.876965689e-14,1.247469873e-13,3.685689192e-14,2.740156082e-14,1.071176999e-13,1.324745199e-13,9.236984237e-14,4.18084481e-14,6.456309263e-14,5.890608855e-14
83.2421875,2.372845607e-13,2.696587999e-13,4.084321558e-14,1.233795043e-13,1.141519626e-13,5.75842196e-14,3.309177646e-14,1.670336219e-13,7.248513012e-14,1.503640906e-13,4.979286532e-14,4.827473733e-14,8.845065835e-14,8.497526493e-14,1.048741865e-13,4.185814995e-13,2.313950682e-13,1.912066499e-13,1.095980225e-13,3.228486158e-13,6.074599123e-14,3.938023922e-14,4.845301062e-14,1.243713543e-13,3.681637062e-14,2.685830068e-14,1.080067961e-13,1.318962589e-13,9.068562092e-14,4.13969298e-14,6.443481114e-14,5.836544706e-14
83.25,2.352251852e-13,2.705374407e-13,4.135503213e-14,1.236196688e-13,1.129016601e-13,5.769165377e-14,3.27736276e-14,1.664987135e-13,7.254617865e-14,1.506810752e-13,4.972823155e-14,4.778278106e-14,8.848457605e-14,8.405910802e-14,1.032710457e-13,4.188613829e-13,2.31201254e-13,1.913426548e-13,1.08934231e-13,3.202869273e-13,6.130865815e-14,3.93091516e-14,4.811740859e-14,1.239998052e-13,3.681057281e-14,2.637090078e-14,1.089528631e-13,1.312548823e-13,8.910138995e-14,4.097304758e-14,6.433418378e-14,5.780656225e-14
83.2578125,2.332703545e-13,2.71241201e-13,4.181581689e-14,1.237217449e-13,1.116673666e-13,5.777972331e-14,3.243495614e-14,1.661333857e-13,7.2713717e-14,1.509083399e-13,4.95890272e-14,4.730769542e-14,8.850126597e-14,8.324247843e-14,1.018362821e-13,4.194302023e-13,2.310480352e-13,1.914565566e-13,1.083273096e-13,3.179836646e-13,6.18449077e-14,3.92698392e-14,4.774270664e-14,1.237012103e-13,3.68065061e-14,2.592610083e-14,1.099108788e-13,1.305095257e-13,8.763190129e-14,4.049501928e-14,6.425520229e-14,5.731805058e-14
83.265625,2.315694581e-13,2.717176794e-13,4.221025745e-14,1.238560852e-13,1.105014559e-13,5.783072103e-14,3.207944453e-14,1.659225716e-13,7.298511222e-14,1.511222202e-13,4.944457796e-14,4.679121307e-14,8.850133538e-14,8.25977621e-14,1.006205659e-13,4.202769114e-13,2.309804328e-13,1.915485391e-13,1.077728879e-13,3.159513179e-13,6.238357152e-14,3.928877246e-14,4.737062089e-14,1.234529097e-13,3.680247714e-14,2.55245697e-14,1.108763307e-13,1.29808008e-13,8.61867829e-14,4.002286674e-14,6.420542384e-14,5.690628805e-14
83.2734375,2.298521113e-13,2.723643029e-13,4.261934756e-14,1.241968397e-13,1.09321573e-13,5.796384599e-14,3.175157439e-14,1.657850966e-13,7.327628057e-14,1.513498392e-13,4.934301685e-14,4.625218416e-14,8.861955202e-14,8.205700367e-14,9.963449422e-14,4.214225456e-13,2.310993501e-13,1.916601644e-13,1.072432852e-13,3.140702639e-13,6.289507715e-14,3.933117492e-14,4.700790673e-14,1.231949544e-13,3.682718391e-14,2.516216149e-14,1.119165399e-13,1.292200038e-13,8.477932684e-14,3.960250053e-14,6.417219125e-14,5.651977808e-14
83.28125,2.28060613e-13,2.732735053e-13,4.306821625e-14,1.246513515e-13,1.081690682e-13,5.823191463e-14,3.146796698e-14,1.657267154e-13,7.360975002e-14,1.515661448e-13,4.924843934e-14,4.572186325e-14,8.883953281e-14,8.156802108e-14,9.879238816e-14,4.227640823e-13,2.312659389e-13,1.917446914e-13,1.067517634e-13,3.123963807e-13,6.333758596e-14,3.939395292e-14,4.661151515e-14,1.228763897e-13,3.686577273e-14,2.483727759e-14,1.129953435e-13,1.286590077e-13,8.346059963e-14,3.920338224e-14,6.415822073e-14,5.614569366e-14
83.2890625,2.263882462e-13,2.739236802e-13,4.350979211e-14,1.251484479e-13,1.071112758e-13,5.84994657e-14,3.117785009e-14,1.657559056e-13,7.401476101e-14,1.517557268e-13,4.9130337e-14,4.517574593e-14,8.903045527e-14,8.116661001e-14,9.80435957e-14,4.241818571e-13,2.313424784e-13,1.917784877e-13,1.062894746e-13,3.109687932e-13,6.374313642e-14,3.94951656e-14,4.619318192e-14,1.225359868e-13,3.689012027e-14,2.454760877e-14,1.140276982e-13,1.280906533e-13,8.215325396e-14,3.879318152e-14,6.415124834e-14,5.579247425e-14
83.296875,2.247280591e-13,2.740702968e-13,4.393432547e-14,1.257622485e-13,1.060579635e-13,5.870089764e-14,3.084358724e-14,1.658671784e-13,7.445757289e-14,1.518743582e-13,4.898743944e-14,4.462958369e-14,8.917752974e-14,8.080135113e-14,9.74702298e-14,4.257421049e-13,2.314677009e-13,1.918024089e-13,1.058289703e-13,3.096088649e-13,6.41472396e-14,3.960568267e-14,4.578481842e-14,1.223014849e-13,3.690702233e-14,2.42860356e-14,1.150548356e-13,1.274671748e-13,8.082696215e-14,3.837134376e-14,6.410849184e-14,5.547279144e-14
83.3046875,2.229841222e-13,2.741542115e-13,4.437950709e-14,1.264962384e-13,1.049812055e-13,5.893370192e-14,3.049350092e-14,1.6606726e-13,7.496107313e-14,1.519105886e-13,4.882924283e-14,4.412162127e-14,8.933076347e-14,8.044565585e-14,9.708962461e-14,4.273977529e-13,2.316555329e-13,1.917536375e-13,1.053899754e-13,3.082509049e-13,6.454071065e-14,3.972332861e-14,4.536321781e-14,1.221653256e-13,3.692276687e-14,2.406647731e-14,1.161085745e-13,1.267430737e-13,7.956582242e-14,3.795226652e-14,6.403894371e-14,5.520587213e-14
83.3125,2.213888848e-13,2.744467289e-13,4.486658763e-14,1.272691473e-13,1.039750221e-13,5.92156996e-14,3.015256173e-14,1.663475415e-13,7.555172782e-14,1.519283924e-13,4.867783588e-14,4.360941794e-14,8.948584446e-14,8.019740814e-14,9.683055444e-14,4.29033838e-13,2.317652169e-13,1.915869504e-13,1.049982128e-13,3.07101107e-13,6.492484916e-14,3.989232076e-14,4.492737304e-14,1.219871931e-13,3.693469543e-14,2.391081626e-14,1.171018206e-13,1.260310258e-13,7.837401375e-14,3.755052582e-14,6.396657874e-14,5.499497788e-14
83.3203125,2.199089378e-13,2.746070202e-13,4.537376635e-14,1.280219057e-13,1.030437779e-13,5.945742093e-14,2.980407406e-14,1.667422298e-13,7.620078179e-14,1.519574228e-13,4.854407028e-14,4.30647118e-14,8.962524735e-14,8.004194931e-14,9.670275078e-14,4.308085862e-13,2.31874981e-13,1.913582946e-13,1.046343164e-13,3.062815804e-13,6.531006905e-14,4.010616007e-14,4.45090079e-14,1.2176955e-13,3.695278312e-14,2.379902753e-14,1.179988183e-13,1.254064733e-13,7.722476071e-14,3.715455595e-14,6.3847667e-14,5.483631099e-14
83.328125,2.182006977e-13,2.744007063e-13,4.585726548e-14,1.28767893e-13,1.021439811e-13,5.966382577e-14,2.943411993e-14,1.672929428e-13,7.692186626e-14,1.51970538e-13,4.839675896e-14,4.254050674e-14,8.976589389e-14,7.990171952e-14,9.671488715e-14,4.328158518e-13,2.320261878e-13,1.910230967e-13,1.04267632e-13,3.057362885e-13,6.569168218e-14,4.033335246e-14,4.407759054e-14,1.216151961e-13,3.697782243e-14,2.370051688e-14,1.188662611e-13,1.247696393e-13,7.615758674e-14,3.674552279e-14,6.368694386e-14,5.473985919e-14
83.3359375,2.163302733e-13,2.740290354e-13,4.631847135e-14,1.295795364e-13,1.012945095e-13,5.990700628e-14,2.904488561e-14,1.679085339e-13,7.772147844e-14,1.519570847e-13,4.820779048e-14,4.204283141e-14,8.993830931e-14,7.986229463e-14,9.682612425e-14,4.348706775e-13,2.320758193e-13,1.90577322e-13,1.039120207e-13,3.053672732e-13,6.606142895e-14,4.05892924e-14,4.36020316e-14,1.214940632e-13,3.700282304e-14,2.363593025e-14,1.197675564e-13,1.240823117e-13,7.515067447e-14,3.634746033e-14,6.358651902e-14,5.469982507e-14
83.34375,2.146534458e-13,2.73712327e-13,4.681393292e-14,1.304622974e-13,1.005039456e-13,6.01802261e-14,2.864068443e-14,1.684875875e-13,7.854583525e-14,1.519223948e-13,4.80179989e-14,4.15370809e-14,9.013472908e-14,7.997378711e-14,9.704924404e-14,4.368951532e-13,2.320857934e-13,1.90207304e-13,1.03629461e-13,3.049553377e-13,6.641045628e-14,4.089025031e-14,4.312339034e-14,1.213146255e-13,3.70338791e-14,2.363869866e-14,1.207267297e-13,1.234285856e-13,7.415699906e-14,3.599286753e-14,6.35773384e-14,5.46682119e-14
83.3515625,2.131852255e-13,2.734916522e-13,4.73621437e-14,1.313601452e-13,9.974971465e-14,6.045452247e-14,2.822656863e-14,1.691058092e-13,7.94100026e-14,1.518483668e-13,4.786047693e-14,4.104331161e-14,9.031720852e-14,8.013597083e-14,9.738883895e-14,4.38966004e-13,2.321874057e-13,1.899233208e-13,1.03427119e-13,3.043909703e-13,6.673840043e-14,4.122129037e-14,4.265347352e-14,1.211050659e-13,3.706455582e-14,2.370147856e-14,1.216953676e-13,1.227984288e-13,7.320372296e-14,3.56648088e-14,6.359369615e-14,5.461110511e-14
83.359375,2.117152126e-13,2.731869776e-13,4.792293625e-14,1.322698682e-13,9.901027599e-14,6.073938889e-14,2.780165689e-14,1.698783317e-13,8.038104037e-14,1.517158607e-13,4.76922115e-14,4.057057927e-14,9.05022362e-14,8.032601613e-14,9.783767646e-14,4.411746166e-13,2.322620587e-13,1.89524752e-13,1.032086906e-13,3.039458768e-13,6.704163676e-14,4.157063087e-14,4.215701848e-14,1.209783712e-13,3.707866218e-14,2.380343801e-14,1.226070234e-13,1.220999555e-13,7.229346055e-14,3.533417953e-14,6.360778486e-14,5.457483033e-14
83.3671875,2.101939257e-13,2.726587786e-13,4.847027757e-14,1.331667521e-13,9.829137889e-14,6.100776723e-14,2.736784892e-14,1.707872043e-13,8.145771708e-14,1.515716231e-13,4.751582324e-14,4.011157471e-14,9.074381057e-14,8.058405798e-14,9.842641164e-14,4.436256569e-13,2.322392991e-13,1.890120564e-13,1.029364355e-13,3.038746387e-13,6.729264492e-14,4.194556819e-14,4.16343084e-14,1.209672982e-13,3.708033549e-14,2.393652356e-14,1.235231855e-13,1.214003171e-13,7.143777615e-14,3.500639043e-14,6.364914006e-14,5.462478331e-14
83.375,2.087321346e-13,2.721513936e-13,4.899949952e-14,1.340071541e-13,9.764411178e-14,6.124391535e-14,2.693368895e-14,1.717585761e-13,8.26047908e-14,1.514830924e-13,4.737888029e-14,3.969637844e-14,9.104648854e-14,8.089550127e-14,9.909485506e-14,4.462622679e-13,2.322553703e-13,1.885212763e-13,1.026967633e-13,3.041631738e-13,6.748147853e-14,4.236507235e-14,4.108176746e-14,1.209905058e-13,3.706471792e-14,2.409911771e-14,1.245411414e-13,1.20857702e-13,7.070783384e-14,3.46986616e-14,6.375018489e-14,5.474839671e-14
83.3828125,2.074073605e-13,2.716934533e-13,4.951143408e-14,1.348632779e-13,9.702824614e-14,6.152101878e-14,2.649491084e-14,1.727802571e-13,8.377621924e-14,1.514361686e-13,4.723308852e-14,3.929462375e-14,9.14143085e-14,8.125385661e-14,9.978582943e-14,4.48983959e-13,2.323867727e-13,1.880719339e-13,1.025162231e-13,3.046727933e-13,6.762633806e-14,4.28241915e-14,4.048035971e-14,1.209892052e-13,3.70194345e-14,2.429999986e-14,1.256349275e-13,1.20428824e-13,7.007080266e-14,3.441619342e-14,6.390292313e-14,5.489391864e-14
83.390625,2.061142237e-13,2.709312089e-13,5.000998583e-14,1.358001859e-13,9.631200882e-14,6.18449544e-14,2.605312725e-14,1.738893847e-13,8.492646164e-14,1.514034657e-13,4.704960173e-14,3.883562334e-14,9.188434759e-14,8.162797331e-14,1.006045333e-13,4.518970261e-13,2.32561475e-13,1.876554849e-13,1.02332353e-13,3.05117311e-13,6.773219095e-14,4.32843525e-14,3.986703153e-14,1.209424959e-13,3.697450319e-14,2.454468019e-14,1.267588562e-13,1.200020465e-13,6.94327983e-14,3.415337196e-14,6.40476111e-14,5.504955574e-14
83.3984375,2.047426432e-13,2.701355465e-13,5.046936886e-14,1.367499108e-13,9.559125672e-14,6.210376565e-14,2.563006327e-14,1.750930105e-13,8.610887267e-14,1.51399702e-13,4.6914038e-14,3.836952525e-14,9.242812366e-14,8.199930831e-14,1.015551298e-13,4.549697569e-13,2.326401716e-13,1.872559975e-13,1.021630596e-13,3.054254385e-13,6.781158435e-14,4.374792298e-14,3.927730353e-14,1.208095309e-13,3.69581699e-14,2.481320867e-14,1.279122159e-13,1.196407062e-13,6.881099643e-14,3.390144118e-14,6.417745053e-14,5.523366818e-14
83.40625,2.034088312e-13,2.697719935e-13,5.085980474e-14,1.376507022e-13,9.511270525e-14,6.228019681e-14,2.522024153e-14,1.763537303e-13,8.742496576e-14,1.513794802e-13,4.682490328e-14,3.798983095e-14,9.29757433e-14,8.248106981e-14,1.024844309e-13,4.579711505e-13,2.325543955e-13,1.867999391e-13,1.0207027e-13,3.060064033e-13,6.788872656e-14,4.426653139e-14,3.868979272e-14,1.206784548e-13,3.694711408e-14,2.508570234e-14,1.290565435e-13,1.193376314e-13,6.82595159e-14,3.36597848e-14,6.43754e-14,5.54620817e-14
83.4140625,2.021615001e-13,2.693594892e-13,5.11937935e-14,1.384932204e-13,9.481568547e-14,6.243757569e-14,2.479119269e-14,1.776428136e-13,8.88701241e-14,1.512824173e-13,4.668624293e-14,3.768418184e-14,9.354553026e-14,8.31168009e-14,1.033890222e-13,4.609552875e-13,2.323961825e-13,1.862591882e-13,1.020169466e-13,3.069826854e-13,6.795361583e-14,4.484293361e-14,3.810367174e-14,1.207091454e-13,3.69314991e-14,2.537376938e-14,1.301521259e-13,1.189257038e-13,6.781331759e-14,3.342210872e-14,6.465063514e-14,5.573052422e-14
83.421875,2.008761639e-13,2.6843524e-13,5.148887333e-14,1.392735784e-13,9.448678908e-14,6.256223165e-14,2.434201605e-14,1.789348376e-13,9.03600697e-14,1.511612581e-13,4.649167239e-14,3.739594681e-14,9.419978836e-14,8.379004552e-14,1.043596453e-13,4.641105854e-13,2.322467494e-13,1.856908365e-13,1.019622403e-13,3.079813391e-13,6.79789216e-14,4.543175311e-14,3.75288634e-14,1.207791846e-13,3.693428508e-14,2.56941776e-14,1.312139713e-13,1.184249476e-13,6.746862931e-14,3.316859736e-14,6.491695839e-14,5.601169739e-14
83.4296875,1.996948838e-13,2.673255881e-13,5.176315719e-14,1.400423835e-13,9.418994973e-14,6.268581445e-14,2.389408942e-14,1.8021902e-13,9.18459151e-14,1.510977108e-13,4.626956574e-14,3.711654539e-14,9.493391193e-14,8.449842084e-14,1.054434704e-13,4.674232143e-13,2.321370369e-13,1.852115204e-13,1.019822587e-13,3.089328979e-13,6.794595225e-14,4.602010873e-14,3.692221427e-14,1.206638683e-13,3.694728576e-14,2.60297207e-14,1.323000167e-13,1.180198362e-13,6.712669828e-14,3.291148667e-14,6.518127649e-14,5.629241566e-14
83.4375,1.98780669e-13,2.661477876e-13,5.203120544e-14,1.408101751e-13,9.401722502e-14,6.289809426e-14,2.345037534e-14,1.815710487e-13,9.335379079e-14,1.510889523e-13,4.601607003e-14,3.68771291e-14,9.570099335e-14,8.529289458e-14,1.067155716e-13,4.708708529e-13,2.321385671e-13,1.848611749e-13,1.021102901e-13,3.100347066e-13,6.785628253e-14,4.661608187e-14,3.625845352e-14,1.204826437e-13,3.694250966e-14,2.635694119e-14,1.334694561e-13,1.177315455e-13,6.677939207e-14,3.269478061e-14,6.551966802e-14,5.659118008e-14
83.4453125,1.978376986e-13,2.648187993e-13,5.225284121e-14,1.414306257e-13,9.383420515e-14,6.312528232e-14,2.301005155e-14,1.830614758e-13,9.494262276e-14,1.510748403e-13,4.575136432e-14,3.667873505e-14,9.64712408e-14,8.607680316e-14,1.081271551e-13,4.743836475e-13,2.321370967e-13,1.844290445e-13,1.022207918e-13,3.113492798e-13,6.775863822e-14,4.722011741e-14,3.557489257e-14,1.204303033e-13,3.691538919e-14,2.669617146e-14,1.346491176e-13,1.17428099e-13,6.654436129e-14,3.25155178e-14,6.58961129e-14,5.693293843e-14
83.453125,1.967521689e-13,2.63650347e-13,5.244865288e-14,1.41872808e-13,9.359957285e-14,6.327256215e-14,2.25800876e-14,1.846354865e-13,9.661244773e-14,1.510205371e-13,4.548494595e-14,3.647030765e-14,9.725756464e-14,8.68351841e-14,1.095189573e-13,4.778344074e-13,2.319348427e-13,1.837711666e-13,1.022514979e-13,3.129704481e-13,6.768696523e-14,4.784925064e-14,3.489610726e-14,1.20426785e-13,3.687186651e-14,2.707744213e-14,1.357192794e-13,1.170450395e-13,6.637883513e-14,3.232732842e-14,6.623226568e-14,5.733663128e-14
83.4609375,1.958862773e-13,2.62645187e-13,5.275198227e-14,1.423936699e-13,9.342558825e-14,6.34474012e-14,2.215145035e-14,1.862416986e-13,9.831203882e-14,1.509610788e-13,4.522340519e-14,3.624736952e-14,9.810765862e-14,8.770031713e-14,1.109597846e-13,4.814206517e-13,2.317217529e-13,1.83115819e-13,1.023095124e-13,3.148610629e-13,6.761557776e-14,4.851767179e-14,3.421370318e-14,1.203975326e-13,3.682129059e-14,2.748978451e-14,1.367907968e-13,1.166726591e-13,6.619609591e-14,3.212406387e-14,6.655540551e-14,5.779743336e-14
83.46875,1.952227366e-13,2.61424183e-13,5.312814589e-14,1.430855934e-13,9.331607888e-14,6.369338257e-14,2.1705895e-14,1.879023027e-13,1.000413221e-13,1.509051031e-13,4.500128066e-14,3.605860912e-14,9.901717265e-14,8.869013654e-14,1.125896984e-13,4.853354055e-13,2.317043096e-13,1.825968718e-13,1.02439839e-13,3.167952817e-13,6.754227322e-14,4.921432855e-14,3.353041291e-14,1.20400692e-13,3.677191126e-14,2.792107933e-14,1.379958339e-13,1.163897267e-13,6.608275824e-14,3.193147824e-14,6.692519132e-14,5.828392613e-14
83.4765625,1.944714869e-13,2.601496917e-13,5.337246045e-14,1.437017397e-13,9.326020653e-14,6.386663281e-14,2.124949851e-14,1.896006708e-13,1.018419905e-13,1.507866877e-13,4.479625742e-14,3.590945814e-14,9.991526337e-14,8.975592132e-14,1.143089983e-13,4.892946066e-13,2.316191183e-13,1.820415986e-13,1.025942747e-13,3.188208327e-13,6.74766329e-14,4.994217755e-14,3.285631948e-14,1.204279987e-13,3.671115795e-14,2.838014243e-14,1.391864144e-13,1.161246129e-13,6.603097002e-14,3.175003529e-14,6.735586116e-14,5.879297755e-14
83.484375,1.937863221e-13,2.591504423e-13,5.35029112e-14,1.442005396e-13,9.32958345e-14,6.394843465e-14,2.080024523e-14,1.913370894e-13,1.037148458e-13,1.506169807e-13,4.456502292e-14,3.580224047e-14,1.008006117e-13,9.0888853e-14,1.160472207e-13,4.931926576e-13,2.31337436e-13,1.814527992e-13,1.027832145e-13,3.210748746e-13,6.737888853e-14,5.070013666e-14,3.217957906e-14,1.20482344e-13,3.663098593e-14,2.885573671e-14,1.40269335e-13,1.158407521e-13,6.593200462e-14,3.157615366e-14,6.783601815e-14,5.935382179e-14
83.4921875,1.932380794e-13,2.582483831e-13,5.36911134e-14,1.447583931e-13,9.332520554e-14,6.405088997e-14,2.035831376e-14,1.93180857e-13,1.056179757e-13,1.504797707e-13,4.433100159e-14,3.574759503e-14,1.017587129e-13,9.201193215e-14,1.179144944e-13,4.974053252e-13,2.311462133e-13,1.809706968e-13,1.029801421e-13,3.234532904e-13,6.725317669e-14,5.144234121e-14,3.147681303e-14,1.206089935e-13,3.655181968e-14,2.934758238e-14,1.413921026e-13,1.156121198e-13,6.587827716e-14,3.142357214e-14,6.831423416e-14,5.996471529e-14
83.5,1.925560253e-13,2.574009621e-13,5.390587409e-14,1.452192371e-13,9.326703564e-14,6.416776176e-14,1.992207006e-14,1.951064112e-13,1.075202922e-13,1.503746522e-13,4.409509548e-14,3.568830951e-14,1.028246041e-13,9.308998695e-14,1.199275704e-13,5.020033134e-13,2.311084123e-13,1.805269298e-13,1.031181228e-13,3.259326923e-13,6.715563603e-14,5.21581041e-14,3.075357357e-14,1.20721401e-13,3.648440202e-14,2.989981166e-14,1.425818497e-13,1.154541425e-13,6.595925253e-14,3.129047321e-14,6.875263251e-14,6.06019252e-14
83.5078125,1.91833575e-13,2.568409197e-13,5.405975981e-14,1.453616605e-13,9.323492721e-14,6.424608729e-14,1.94957697e-14,1.970209886e-13,1.094474755e-13,1.502734562e-13,4.383438842e-14,3.560341941e-14,1.039534801e-13,9.422689647e-14,1.219809474e-13,5.066814568e-13,2.310392153e-13,1.800585959e-13,1.032671497e-13,3.285742271e-13,6.707528472e-14,5.290501709e-14,3.003877195e-14,1.207465362e-13,3.641285659e-14,3.051843261e-14,1.437270878e-13,1.153749487e-13,6.603891145e-14,3.116250464e-14,6.918884679e-14,6.126083352e-14
83.515625,1.91274995e-13,2.562952821e-13,5.421518556e-14,1.453794529e-13,9.3292401e-14,6.430710687e-14,1.907328114e-14,1.989479019e-13,1.114554084e-13,1.501750851e-13,4.358770681e-14,3.556663029e-14,1.05076129e-13,9.542590419e-14,1.239948813e-13,5.11310588e-13,2.308879399e-13,1.796097884e-13,1.034903188e-13,3.3129516e-13,6.697896105e-14,5.369365497e-14,2.933185138e-14,1.207899759e-13,3.632920612e-14,3.11461606e-14,1.448391955e-13,1.15356951e-13,6.603462598e-14,3.103734264e-14,6.96273245e-14,6.193817447e-14
83.5234375,1.907483891e-13,2.554575706e-13,5.438717024e-14,1.454862742e-13,9.33948034e-14,6.4361989e-14,1.865809969e-14,2.00931196e-13,1.135472261e-13,1.500434449e-13,4.33749872e-14,3.559602863e-14,1.061624468e-13,9.660014842e-14,1.259484138e-13,5.15854465e-13,2.30610444e-13,1.791637938e-13,1.037270576e-13,3.34044987e-13,6.687506159e-14,5.448527334e-14,2.861476223e-14,1.20922927e-13,3.624528554e-14,3.175684949e-14,1.459737363e-13,1.152521753e-13,6.605248044e-14,3.091043871e-14,7.003837171e-14,6.262859943e-14
83.53125,1.903354255e-13,2.548017571e-13,5.450053852e-14,1.456313965e-13,9.357312887e-14,6.440240101e-14,1.826228383e-14,2.029207374e-13,1.156751815e-13,1.499038765e-13,4.316198397e-14,3.565003888e-14,1.073022405e-13,9.78484443e-14,1.27958078e-13,5.203685956e-13,2.302156192e-13,1.787789034e-13,1.040056769e-13,3.368587147e-13,6.673944773e-14,5.529323884e-14,2.790351237e-14,1.210914323e-13,3.61737786e-14,3.237652501e-14,1.471076281e-13,1.151185629e-13,6.617457628e-14,3.078916344e-14,7.050208306e-14,6.33399245e-14
83.5390625,1.902005773e-13,2.546394834e-13,5.458657151e-14,1.457511736e-13,9.381529348e-14,6.444197352e-14,1.787135854e-14,2.049072529e-13,1.178074434e-13,1.498573007e-13,4.29450358e-14,3.570867982e-14,1.085917804e-13,9.929157512e-14,1.302034322e-13,5.251682545e-13,2.298933277e-13,1.785593828e-13,1.043727621e-13,3.398285227e-13,6.654263157e-14,5.613549255e-14,2.721869832e-14,1.212522986e-13,3.611637733e-14,3.303059237e-14,1.482097817e-13,1.152244034e-13,6.635027193e-14,3.071580119e-14,7.108493449e-14,6.407372127e-14
83.546875,1.900573183e-13,2.544527106e-13,5.472213038e-14,1.458108471e-13,9.399580552e-14,6.44824828e-14,1.747766182e-14,2.069469692e-13,1.199458653e-13,1.498784083e-13,4.274183923e-14,3.57466803e-14,1.099449783e-13,1.007835284e-13,1.326399404e-13,5.303007192e-13,2.296622413e-13,1.784081028e-13,1.047095324e-13,3.430553708e-13,6.633947293e-14,5.697813581e-14,2.654961508e-14,1.213854619e-13,3.606810366e-14,3.372363211e-14,1.492983106e-13,1.15480465e-13,6.651214414e-14,3.069598287e-14,7.168404652e-14,6.482547149e-14
83.5546875,1.897632854e-13,2.540287317e-13,5.4863669e-14,1.458092022e-13,9.409046896e-14,6.452477537e-14,1.710568343e-14,2.090191018e-13,1.221099023e-13,1.498457336e-13,4.256621304e-14,3.578252699e-14,1.112497988e-13,1.021671188e-13,1.350372373e-13,5.353760591e-13,2.293698327e-13,1.781975553e-13,1.049620598e-13,3.463345014e-13,6.619372794e-14,5.781092396e-14,2.58905034e-14,1.215094481e-13,3.602466955e-14,3.44312488e-14,1.503950433e-13,1.156273871e-13,6.669337575e-14,3.066255791e-14,7.221512988e-14,6.55982537e-14
83.5625,1.896014448e-13,2.538905435e-13,5.493506137e-14,1.457987999e-13,9.419437834e-14,6.458828201e-14,1.675942137e-14,2.110584089e-13,1.243042396e-13,1.497526555e-13,4.241322136e-14,3.588229696e-14,1.125622044e-13,1.035681764e-13,1.373234143e-13,5.402833341e-13,2.290380644e-13,1.77967782e-13,1.052327377e-13,3.494113831e-13,6.607267256e-14,5.865719947e-14,2.5244258e-14,1.216972886e-13,3.597767268e-14,3.512527764e-14,1.514048134e-13,1.157834063e-13,6.691340483e-14,3.059068151e-14,7.273925913e-14,6.637958909e-14
83.5703125,1.896356272e-13,2.542636601e-13,5.496749714e-14,1.457234638e-13,9.435956466e-14,6.466335072e-14,1.642245444e-14,2.130794849e-13,1.264978974e-13,1.496755984e-13,4.222135655e-14,3.60201427e-14,1.139401923e-13,1.05131075e-13,1.396297399e-13,5.452319238e-13,2.286797266e-13,1.777747352e-13,1.05547508e-13,3.524822118e-13,6.590452616e-14,5.951194094e-14,2.459371874e-14,1.219470464e-13,3.59218881e-14,3.581817357e-14,1.522088076e-13,1.160967714e-13,6.707442246e-14,3.053680063e-14,7.331293612e-14,6.71482607e-14
83.578125,1.896698748e-13,2.547200321e-13,5.503678278e-14,1.455683072e-13,9.453129405e-14,6.470257206e-14,1.609137525e-14,2.151434443e-13,1.286664081e-13,1.496144902e-13,4.197171566e-14,3.612143029e-14,1.153552019e-13,1.067347517e-13,1.420459905e-13,5.502565756e-13,2.281845521e-13,1.776021771e-13,1.058526027e-13,3.557114006e-13,6.569900022e-14,6.034888896e-14,2.39334689e-14,1.221895527e-13,3.587628464e-14,3.65386227e-14,1.52924173e-13,1.163963422e-13,6.716177579e-14,3.05211071e-14,7.390832492e-14,6.792210585e-14
83.5859375,1.895673864e-13,2.549089983e-13,5.515046718e-14,1.454589942e-13,9.459461687e-14,6.468838154e-14,1.576308829e-14,2.172790883e-13,1.308249389e-13,1.495140356e-13,4.174780736e-14,3.619734543e-14,1.168246024e-13,1.082060915e-13,1.445576365e-13,5.554333056e-13,2.276289433e-13,1.773990191e-13,1.061157393e-13,3.589996678e-13,6.55316724e-14,6.115051409e-14,2.328681142e-14,1.224341132e-13,3.585709808e-14,3.730400681e-14,1.53737186e-13,1.16568654e-13,6.729751627e-14,3.051412461e-14,7.446949137e-14,6.874660551e-14
83.59375,1.893107488e-13,2.550904891e-13,5.528965307e-14,1.453199249e-13,9.454726883e-14,6.467775835e-14,1.545036551e-14,2.194703217e-13,1.330095045e-13,1.494017288e-13,4.158070019e-14,3.629306939e-14,1.183677483e-13,1.095786226e-13,1.471499415e-13,5.609460045e-13,2.271732286e-13,1.771456563e-13,1.063158322e-13,3.625252283e-13,6.542845995e-14,6.193334731e-14,2.265763921e-14,1.227404342e-13,3.583945505e-14,3.812063173e-14,1.545908965e-13,1.167504008e-13,6.748930604e-14,3.052146071e-14,7.498248698e-14,6.962940406e-14
83.6015625,1.890943715e-13,2.556421717e-13,5.547207222e-14,1.450130277e-13,9.451446693e-14,6.471971295e-14,1.517608905e-14,2.216649097e-13,1.352467685e-13,1.493493414e-13,4.142574645e-14,3.641853607e-14,1.199420003e-13,1.109771357e-13,1.49805112e-13,5.666236291e-13,2.267878487e-13,1.769195228e-13,1.064801992e-13,3.663827122e-13,6.536086845e-14,6.273880722e-14,2.202723822e-14,1.231312783e-13,3.580321488e-14,3.895188504e-14,1.553832606e-13,1.170544488e-13,6.765039251e-14,3.05563012e-14,7.548941099e-14,7.05219127e-14
83.609375,1.890420704e-13,2.563724797e-13,5.56746559e-14,1.446433698e-13,9.452392639e-14,6.474938166e-14,1.492023206e-14,2.238539789e-13,1.375179202e-13,1.493042178e-13,4.129074721e-14,3.655586604e-14,1.215510085e-13,1.124372653e-13,1.525107818e-13,5.722865009e-13,2.264285523e-13,1.767837336e-13,1.066575043e-13,3.701997619e-13,6.530907999e-14,6.355886187e-14,2.139914904e-14,1.235596959e-13,3.578078041e-14,3.976457641e-14,1.561959277e-13,1.174140336e-13,6.781317746e-14,3.059953039e-14,7.600566426e-14,7.138107587e-14
83.6171875,1.889574545e-13,2.570725398e-13,5.581509599e-14,1.442326358e-13,9.454679777e-14,6.469832095e-14,1.466039044e-14,2.260924219e-13,1.397657823e-13,1.491856741e-13,4.11794234e-14,3.667873811e-14,1.232119263e-13,1.13927533e-13,1.55317601e-13,5.782226841e-13,2.261200262e-13,1.76705558e-13,1.068534697e-13,3.739370839e-13,6.524981032e-14,6.434714895e-14,2.07953792e-14,1.238966465e-13,3.579845611e-14,4.06058276e-14,1.57112474e-13,1.177491563e-13,6.804323776e-14,3.064647814e-14,7.650197188e-14,7.221882448e-14
83.625,1.887900033e-13,2.580316127e-13,5.58854618e-14,1.437388168e-13,9.462974129e-14,6.463710484e-14,1.441475275e-14,2.283219764e-13,1.419568709e-13,1.490833011e-13,4.103473452e-14,3.67999692e-14,1.248628678e-13,1.154118746e-13,1.581762091e-13,5.84424302e-13,2.257460199e-13,1.766285598e-13,1.07059757e-13,3.778623911e-13,6.517394749e-14,6.51033449e-14,2.022601268e-14,1.240903529e-13,3.582177842e-14,4.149305392e-14,1.580433711e-13,1.181232082e-13,6.828498342e-14,3.070110749e-14,7.696022533e-14,7.305755715e-14
83.6328125,1.887021802e-13,2.592601239e-13,5.596821014e-14,1.433768762e-13,9.472423366e-14,6.46505116e-14,1.418465792e-14,2.30423777e-13,1.441152971e-13,1.490965011e-13,4.085768734e-14,3.695025456e-14,1.264874763e-13,1.168702682e-13,1.608937401e-13,5.903493198e-13,2.251502758e-13,1.764860805e-13,1.072330025e-13,3.81763237e-13,6.511677231e-14,6.585333478e-14,1.968517874e-14,1.242850703e-13,3.581269102e-14,4.234966773e-14,1.58820583e-13,1.185958363e-13,6.846302381e-14,3.074759946e-14,7.735982433e-14,7.389376988e-14
83.640625,1.886686755e-13,2.604484809e-13,5.610967663e-14,1.432007124e-13,9.474963498e-14,6.471208218e-14,1.395995166e-14,2.325300393e-13,1.46313874e-13,1.491579825e-13,4.069982387e-14,3.711861858e-14,1.28170958e-13,1.183393202e-13,1.635405086e-13,5.961364433e-13,2.244580598e-13,1.763153245e-13,1.073492636e-13,3.855295147e-13,6.508070469e-14,6.661651691e-14,1.915756942e-14,1.246115483e-13,3.579197198e-14,4.317684328e-14,1.594596304e-13,1.191126831e-13,6.861875286e-14,3.079543312e-14,7.773718079e-14,7.474398805e-14
83.6484375,1.886828966e-13,2.617111516e-13,5.629101581e-14,1.428939554e-13,9.481625982e-14,6.476715709e-14,1.375669016e-14,2.348231838e-13,1.48597579e-13,1.491950851e-13,4.053870453e-14,3.729586524e-14,1.299344256e-13,1.198754352e-13,1.664488175e-13,6.025273735e-13,2.239330812e-13,1.763011295e-13,1.075055604e-13,3.895811452e-13,6.502868892e-14,6.741258937e-14,1.863139084e-14,1.250496248e-13,3.579779186e-14,4.406751196e-14,1.601883022e-13,1.196400624e-13,6.883527192e-14,3.087468636e-14,7.820354937e-14,7.563501914e-14
83.65625,1.888269443e-13,2.631807626e-13,5.648193742e-14,1.422989531e-13,9.496597111e-14,6.478981846e-14,1.357659225e-14,2.371346047e-13,1.508959573e-13,1.492239081e-13,4.033377345e-14,3.748505446e-14,1.316932742e-13,1.214195914e-13,1.696070111e-13,6.09370438e-13,2.235281267e-13,1.764473289e-13,1.077309198e-13,3.939058371e-13,6.497504841e-14,6.821450207e-14,1.810904717e-14,1.255532332e-13,3.582393649e-14,4.502434984e-14,1.610484026e-13,1.201690451e-13,6.909144966e-14,3.097691511e-14,7.872072978e-14,7.654314861e-14
83.6640625,1.889694963e-13,2.647583355e-13,5.666645495e-14,1.415587562e-13,9.502574363e-14,6.478859245e-14,1.340928324e-14,2.392868837e-13,1.531202774e-13,1.492629125e-13,4.012172843e-14,3.765529385e-14,1.33422989e-13,1.228247092e-13,1.727054553e-13,6.159963562e-13,2.230159759e-13,1.765879178e-13,1.079001861e-13,3.980752004e-13,6.495003936e-14,6.897543558e-14,1.759568556e-14,1.260776309e-13,3.58481456e-14,4.599012284e-14,1.618309529e-13,1.207050511e-13,6.932646588e-14,3.107877529e-14,7.91228774e-14,7.744008173e-14
83.671875,1.890215808e-13,2.666211635e-13,5.684394776e-14,1.408662029e-13,9.492602526e-14,6.481977344e-14,1.326011721e-14,2.414342739e-13,1.552889552e-13,1.493210551e-13,3.992745714e-14,3.779279843e-14,1.352245523e-13,1.24080638e-13,1.75727494e-13,6.226139956e-13,2.224767245e-13,1.767643558e-13,1.079793328e-13,4.021724578e-13,6.495227694e-14,6.970484648e-14,1.709408126e-14,1.265774677e-13,3.588075713e-14,4.695813929e-14,1.625040456e-13,1.213532324e-13,6.955752221e-14,3.117906576e-14,7.941057097e-14,7.833973791e-14
83.6796875,1.890538903e-13,2.688785205e-13,5.700479484e-14,1.402851595e-13,9.470762936e-14,6.489722996e-14,1.312402127e-14,2.436419131e-13,1.574263491e-13,1.49392268e-13,3.969696543e-14,3.791995379e-14,1.371696477e-13,1.253282916e-13,1.788301918e-13,6.296314336e-13,2.220703407e-13,1.77023994e-13,1.079959972e-13,4.064288906e-13,6.500325018e-14,7.040125839e-14,1.661015508e-14,1.27092517e-13,3.593313388e-14,4.792076972e-14,1.63167399e-13,1.221148809e-13,6.977143804e-14,3.127748976e-14,7.966025676e-14,7.923154307e-14
83.6875,1.890178563e-13,2.712861447e-13,5.714380501e-14,1.396495744e-13,9.436775599e-14,6.496430659e-14,1.299506363e-14,2.45734103e-13,1.595052148e-13,1.494738263e-13,3.940278763e-14,3.803729638e-14,1.391774276e-13,1.266211469e-13,1.819658407e-13,6.366548329e-13,2.216257538e-13,1.772100729e-13,1.079100001e-13,4.106689999e-13,6.512065432e-14,7.103610918e-14,1.6143587e-14,1.276670254e-13,3.598571226e-14,4.886228942e-14,1.637604875e-13,1.228157965e-13,6.98980137e-14,3.13777546e-14,7.985636532e-14,8.007726758e-14
83.6953125,1.889726221e-13,2.737454414e-13,5.730803244e-14,1.388849306e-13,9.400399942e-14,6.500949051e-14,1.287585752e-14,2.477022323e-13,1.615493563e-13,1.496340864e-13,3.910582774e-14,3.815571388e-14,1.411389343e-13,1.279062657e-13,1.850726104e-13,6.433438516e-13,2.210270374e-13,1.773570587e-13,1.077982875e-13,4.148500952e-13,6.52772544e-14,7.165012555e-14,1.569287421e-14,1.282630387e-13,3.602628067e-14,4.979962818e-14,1.64289242e-13,1.23458629e-13,7.000552082e-14,3.14913157e-14,8.006570622e-14,8.088803488e-14
83.703125,1.891042533e-13,2.763836924e-13,5.752112965e-14,1.381827449e-13,9.371534692e-14,6.504926483e-14,1.275541017e-14,2.496899812e-13,1.635917136e-13,1.49902399e-13,3.886521592e-14,3.831031209e-14,1.430782439e-13,1.291771758e-13,1.882188676e-13,6.499794252e-13,2.204465334e-13,1.776431869e-13,1.077814859e-13,4.192213186e-13,6.54690378e-14,7.22778804e-14,1.526816461e-14,1.288723162e-13,3.606505469e-14,5.073500475e-14,1.648931958e-13,1.241978272e-13,7.023143611e-14,3.160888747e-14,8.03734615e-14,8.169801256e-14
83.7109375,1.892950601e-13,2.793744797e-13,5.771141637e-14,1.375366645e-13,9.340007594e-14,6.507531331e-14,1.264320033e-14,2.517090039e-13,1.656069919e-13,1.501870981e-13,3.867015106e-14,3.848708003e-14,1.450831026e-13,1.304298271e-13,1.914338529e-13,6.567738795e-13,2.19923688e-13,1.779834427e-13,1.077739918e-13,4.237921077e-13,6.570197689e-14,7.28752397e-14,1.486912517e-14,1.295055016e-13,3.610582106e-14,5.166720326e-14,1.655201584e-13,1.250394668e-13,7.052881838e-14,3.172390639e-14,8.06822617e-14,8.250496723e-14
83.71875,1.894181389e-13,2.826592612e-13,5.78419578e-14,1.36784657e-13,9.301849528e-14,6.513901248e-14,1.256586726e-14,2.53706113e-13,1.676113163e-13,1.50459579e-13,3.847913064e-14,3.864558575e-14,1.471678345e-13,1.316542653e-13,1.946840173e-13,6.63672607e-13,2.193867566e-13,1.782809124e-13,1.077022857e-13,4.283179441e-13,6.591597044e-14,7.345523552e-14,1.448115957e-14,1.301015813e-13,3.615383413e-14,5.263088655e-14,1.66053259e-13,1.259387359e-13,7.077502812e-14,3.185461375e-14,8.094102796e-14,8.33003073e-14
83.7265625,1.896380117e-13,2.858302884e-13,5.798636278e-14,1.360356322e-13,9.271665199e-14,6.52975562e-14,1.251429529e-14,2.556806627e-13,1.696574141e-13,1.507909597e-13,3.827970527e-14,3.879011112e-14,1.492960614e-13,1.329606506e-13,1.979678627e-13,6.70696719e-13,2.189123469e-13,1.786555073e-13,1.076624185e-13,4.327185658e-13,6.606797719e-14,7.408547503e-14,1.411090227e-14,1.306670369e-13,3.622634691e-14,5.363161945e-14,1.665747932e-13,1.26901432e-13,7.099152665e-14,3.199365465e-14,8.125747866e-14,8.409658688e-14
83.734375,1.899431992e-13,2.88992404e-13,5.820309802e-14,1.353721494e-13,9.252361093e-14,6.54973825e-14,1.247825908e-14,2.576463185e-13,1.717227665e-13,1.511748592e-13,3.809663636e-14,3.894577789e-14,1.514547597e-13,1.344259032e-13,2.013838473e-13,6.779701895e-13,2.18500956e-13,1.791473285e-13,1.076663047e-13,4.372137916e-13,6.623019059e-14,7.474064213e-14,1.37747049e-14,1.313212569e-13,3.632444944e-14,5.464216796e-14,1.671411288e-13,1.279254187e-13,7.123983709e-14,3.211738891e-14,8.163432788e-14,8.490465503e-14
83.7421875,1.901856067e-13,2.926801558e-13,5.849454817e-14,1.346992246e-13,9.233231955e-14,6.570359781e-14,1.2458815e-14,2.595999963e-13,1.737559856e-13,1.515666084e-13,3.795709904e-14,3.912843786e-14,1.536475684e-13,1.35924789e-13,2.05040247e-13,6.85586165e-13,2.181244409e-13,1.79723284e-13,1.076450383e-13,4.419712588e-13,6.648756324e-14,7.536532434e-14,1.346133966e-14,1.320729625e-13,3.643645401e-14,5.567257925e-14,1.676919347e-13,1.29052645e-13,7.150969299e-14,3.225600732e-14,8.1990523e-14,8.57187384e-14
83.75,1.904904345e-13,2.965281974e-13,5.885732171e-14,1.34077301e-13,9.211838155e-14,6.595526983e-14,1.242821528e-14,2.615177138e-13,1.757573791e-13,1.519972721e-13,3.785953612e-14,3.934573606e-14,1.55863958e-13,1.373553931e-13,2.088227067e-13,6.934431061e-13,2.17979835e-13,1.804535806e-13,1.076436121e-13,4.467845444e-13,6.680807667e-14,7.597310768e-14,1.31537667e-14,1.328125287e-13,3.656926245e-14,5.674717919e-14,1.68271288e-13,1.302829541e-13,7.180692674e-14,3.245277822e-14,8.233651801e-14,8.652307806e-14
83.7578125,1.909084847e-13,3.000064129e-13,5.924767893e-14,1.335382404e-13,9.189391931e-14,6.621304721e-14,1.238469538e-14,2.634011035e-13,1.777427176e-13,1.524916883e-13,3.775731808e-14,3.957545024e-14,1.580905237e-13,1.387375229e-13,2.125661546e-13,7.013275733e-13,2.180890237e-13,1.813124274e-13,1.076995383e-13,4.515043118e-13,6.71107186e-14,7.656874885e-14,1.285976944e-14,1.335273397e-13,3.673222325e-14,5.787230307e-14,1.689242025e-13,1.315168171e-13,7.214948392e-14,3.26854027e-14,8.266609977e-14,8.730877062e-14
83.765625,1.911628418e-13,3.036250659e-13,5.962065136e-14,1.329702347e-13,9.159141817e-14,6.642946273e-14,1.236714042e-14,2.652752912e-13,1.79704791e-13,1.530206701e-13,3.757841653e-14,3.977392732e-14,1.603446329e-13,1.400384968e-13,2.16365655e-13,7.09237535e-13,2.180996261e-13,1.821232999e-13,1.077122092e-13,4.563441748e-13,6.740200128e-14,7.712426513e-14,1.259296815e-14,1.342787306e-13,3.69103102e-14,5.903770391e-14,1.69521129e-13,1.327313592e-13,7.250559372e-14,3.290615577e-14,8.292167693e-14,8.807410507e-14
83.7734375,1.911042255e-13,3.076031653e-13,6.003512704e-14,1.324060769e-13,9.113375767e-14,6.668855271e-14,1.237455955e-14,2.671087965e-13,1.816235645e-13,1.535661033e-13,3.730938888e-14,3.992199528e-14,1.62663841e-13,1.412544528e-13,2.202831936e-13,7.172407802e-13,2.178849264e-13,1.82832475e-13,1.075865165e-13,4.612726437e-13,6.774008519e-14,7.76397081e-14,1.234923566e-14,1.350717067e-13,3.70911234e-14,6.019991178e-14,1.699938511e-13,1.339141796e-13,7.286149918e-14,3.310780035e-14,8.312254739e-14,8.881403167e-14
83.78125,1.90964594e-13,3.113675683e-13,6.054533603e-14,1.318179383e-13,9.056951801e-14,6.702644559e-14,1.23863997e-14,2.688795164e-13,1.834955536e-13,1.541354036e-13,3.70196371e-14,4.003507455e-14,1.650406047e-13,1.424772962e-13,2.241825838e-13,7.252599818e-13,2.177094907e-13,1.835685826e-13,1.073700811e-13,4.660416288e-13,6.812502044e-14,7.812783731e-14,1.211933994e-14,1.359022872e-13,3.728827402e-14,6.134823871e-14,1.704650423e-13,1.349832622e-13,7.32294248e-14,3.330723876e-14,8.332194305e-14,8.953580697e-14
83.7890625,1.910644348e-13,3.150384297e-13,6.105826466e-14,1.310304452e-13,9.005135194e-14,6.733511985e-14,1.240844687e-14,2.70621621e-13,1.853301173e-13,1.547401861e-13,3.675931524e-14,4.014008052e-14,1.674054294e-13,1.436745758e-13,2.280922205e-13,7.333117027e-13,2.176933803e-13,1.844243722e-13,1.071760676e-13,4.70885028e-13,6.853868083e-14,7.859286124e-14,1.191564551e-14,1.36761977e-13,3.750552263e-14,6.254275342e-14,1.709877658e-13,1.360178895e-13,7.358105123e-14,3.350557241e-14,8.351162434e-14,9.024463791e-14
83.796875,1.913814178e-13,3.192568747e-13,6.148664784e-14,1.301593545e-13,8.960263907e-14,6.760062679e-14,1.244089125e-14,2.723110273e-13,1.871120848e-13,1.553838791e-13,3.651967727e-14,4.025803193e-14,1.69710184e-13,1.447383982e-13,2.321018078e-13,7.414467922e-13,2.176654038e-13,1.853223946e-13,1.070137609e-13,4.760048899e-13,6.900106903e-14,7.904230084e-14,1.17558783e-14,1.37595524e-13,3.771673353e-14,6.378232473e-14,1.714830626e-13,1.371658959e-13,7.391274166e-14,3.369139739e-14,8.364849948e-14,9.091171789e-14
83.8046875,1.915565763e-13,3.239597193e-13,6.19190287e-14,1.294064221e-13,8.907708727e-14,6.793842885e-14,1.248334648e-14,2.739463472e-13,1.888530394e-13,1.56061647e-13,3.629639011e-14,4.039124726e-14,1.719936144e-13,1.457183664e-13,2.361111197e-13,7.495882288e-13,2.175110778e-13,1.861604298e-13,1.068036479e-13,4.810838195e-13,6.94974042e-14,7.947734325e-14,1.162267451e-14,1.384229253e-13,3.7914963e-14,6.500432647e-14,1.719325494e-13,1.383722489e-13,7.426840762e-14,3.387559321e-14,8.371391049e-14,9.154644265e-14
83.8125,1.914934109e-13,3.286598918e-13,6.246741226e-14,1.286675066e-13,8.845647388e-14,6.833599356e-14,1.254192549e-14,2.756304664e-13,1.906264222e-13,1.567794267e-13,3.608843043e-14,4.05178181e-14,1.743448447e-13,1.467133932e-13,2.401367563e-13,7.578011892e-13,2.17300812e-13,1.869873439e-13,1.065345412e-13,4.861247641e-13,6.997464575e-14,7.990390815e-14,1.149264564e-14,1.393205855e-13,3.813355192e-14,6.624804539e-14,1.7235014e-13,1.395703288e-13,7.464414915e-14,3.40835007e-14,8.374471872e-14,9.223082959e-14
83.8203125,1.914788163e-13,3.332222963e-13,6.308549779e-14,1.278798997e-13,8.786815921e-14,6.866386784e-14,1.260535759e-14,2.773220848e-13,1.924204988e-13,1.575497822e-13,3.587250572e-14,4.061112242e-14,1.768237242e-13,1.477208931e-13,2.442627119e-13,7.661253476e-13,2.170701497e-13,1.878494177e-13,1.062373368e-13,4.913739858e-13,7.043541553e-14,8.03338726e-14,1.138331583e-14,1.402098875e-13,3.838743786e-14,6.758074984e-14,1.726991617e-13,1.408090181e-13,7.5028963e-14,3.430497182e-14,8.377070816e-14,9.29723391e-14
83.828125,1.915809425e-13,3.377990072e-13,6.367244615e-14,1.27130021e-13,8.729683097e-14,6.893221457e-14,1.267251367e-14,2.788608398e-13,1.941279053e-13,1.58365191e-13,3.562350231e-14,4.06743802e-14,1.794006236e-13,1.487059066e-13,2.483331181e-13,7.743168343e-13,2.167694815e-13,1.886676383e-13,1.059034357e-13,4.964922982e-13,7.090671158e-14,8.07511857e-14,1.13118964e-14,1.409927314e-13,3.865352946e-14,6.894361489e-14,1.730062956e-13,1.420589602e-13,7.545275027e-14,3.451474403e-14,8.375625429e-14,9.367414615e-14
83.8359375,1.916599196e-13,3.423643629e-13,6.422960169e-14,1.263732441e-13,8.667114551e-14,6.927368627e-14,1.275542769e-14,2.80319166e-13,1.957767666e-13,1.591902496e-13,3.534092096e-14,4.07475244e-14,1.81968915e-13,1.496548224e-13,2.523227986e-13,7.823969455e-13,2.165009582e-13,1.894694289e-13,1.055703838e-13,5.012906666e-13,7.137458745e-14,8.114877679e-14,1.126326729e-14,1.417831557e-13,3.892580566e-14,7.026983722e-14,1.733476423e-13,1.432725681e-13,7.590039723e-14,3.472452323e-14,8.370495922e-14,9.431258912e-14
83.84375,1.91782867e-13,3.467684064e-13,6.482790948e-14,1.255744582e-13,8.607167051e-14,6.972746339e-14,1.284018402e-14,2.818536099e-13,1.974794731e-13,1.600031028e-13,3.507397191e-14,4.085608051e-14,1.844556006e-13,1.505854994e-13,2.564598667e-13,7.906867689e-13,2.164161013e-13,1.903810263e-13,1.052947416e-13,5.062941255e-13,7.183369248e-14,8.156088752e-14,1.123195855e-14,1.42672383e-13,3.921556204e-14,7.159042011e-14,1.736961931e-13,1.4451654e-13,7.634662408e-14,3.4945963e-14,8.368017617e-14,9.494668593e-14
83.8515625,1.919878044e-13,3.511569232e-13,6.551734595e-14,1.247867818e-13,8.552929107e-14,7.023360615e-14,1.290941935e-14,2.833653349e-13,1.99171002e-13,1.608692206e-13,3.485244861e-14,4.096834557e-14,1.868939329e-13,1.515110453e-13,2.607250014e-13,7.991059151e-13,2.164038739e-13,1.913515917e-13,1.050248623e-13,5.116792174e-13,7.229497242e-14,8.198392703e-14,1.122377232e-14,1.435922524e-13,3.950375632e-14,7.293655205e-14,1.739821863e-13,1.458389736e-13,7.683342203e-14,3.516407518e-14,8.365944766e-14,9.558348658e-14
83.859375,1.921556348e-13,3.557081984e-13,6.628465339e-14,1.239967445e-13,8.492631519e-14,7.075376677e-14,1.296677757e-14,2.847188689e-13,2.007293212e-13,1.618787077e-13,3.460827453e-14,4.104819565e-14,1.893571631e-13,1.523810599e-13,2.649546637e-13,8.074144378e-13,2.163552535e-13,1.923080833e-13,1.047087489e-13,5.170146489e-13,7.275101736e-14,8.236999178e-14,1.123240271e-14,1.445372108e-13,3.97747886e-14,7.430816764e-14,1.74254986e-13,1.472216229e-13,7.73900982e-14,3.53825884e-14,8.358419619e-14,9.619843422e-14
83.8671875,1.92325377e-13,3.602927565e-13,6.706585264e-14,1.232280907e-13,8.424559304e-14,7.128168419e-14,1.301876857e-14,2.859954993e-13,2.021909353e-13,1.629855147e-13,3.432038682e-14,4.110879259e-14,1.918889427e-13,1.531713796e-13,2.692182406e-13,8.157694462e-13,2.164341041e-13,1.933792068e-13,1.043930209e-13,5.221377605e-13,7.321842511e-14,8.271258494e-14,1.126291507e-14,1.454917105e-13,4.00627417e-14,7.572076724e-14,1.746336576e-13,1.486527922e-13,7.799328229e-14,3.561514777e-14,8.348810561e-14,9.678464349e-14
83.875,1.925458889e-13,3.648316547e-13,6.784772123e-14,1.225150258e-13,8.355894356e-14,7.181090281e-14,1.306821827e-14,2.873047425e-13,2.036025246e-13,1.640824431e-13,3.407430481e-14,4.1155721e-14,1.944961176e-13,1.539056252e-13,2.735927472e-13,8.243322752e-13,2.166900389e-13,1.946366429e-13,1.040837872e-13,5.272652592e-13,7.372623243e-14,8.301545864e-14,1.132698087e-14,1.463494627e-13,4.039130565e-14,7.717544185e-14,1.751019161e-13,1.500869911e-13,7.860841298e-14,3.585327247e-14,8.33840865e-14,9.733300673e-14
83.8828125,1.926982775e-13,3.693335456e-13,6.868488935e-14,1.217685542e-13,8.283405217e-14,7.233988145e-14,1.311361172e-14,2.886237877e-13,2.049490034e-13,1.651705609e-13,3.385971264e-14,4.117629386e-14,1.971194679e-13,1.545715482e-13,2.779881323e-13,8.328952453e-13,2.169467347e-13,1.95943075e-13,1.037325924e-13,5.325373529e-13,7.426385676e-14,8.326920234e-14,1.14174855e-14,1.471927827e-13,4.073135065e-14,7.86234595e-14,1.754927088e-13,1.514646684e-13,7.921819613e-14,3.609213465e-14,8.323712067e-14,9.786584267e-14
83.890625,1.927942899e-13,3.737698174e-13,6.956506968e-14,1.209910462e-13,8.206362692e-14,7.289691416e-14,1.316561451e-14,2.898692051e-13,2.062910548e-13,1.662774358e-13,3.362141745e-14,4.122162774e-14,1.996705017e-13,1.5526005e-13,2.823059365e-13,8.411486251e-13,2.17177422e-13,1.971756941e-13,1.033822696e-13,5.377967374e-13,7.482183103e-14,8.35310442e-14,1.152820955e-14,1.481450335e-13,4.106548134e-14,8.000449015e-14,1.757624208e-13,1.528333394e-13,7.986300106e-14,3.633468521e-14,8.311646879e-14,9.84095432e-14
83.8984375,1.929349841e-13,3.782420871e-13,7.04410888e-14,1.203178122e-13,8.134853231e-14,7.354638738e-14,1.324759743e-14,2.909885268e-13,2.076427549e-13,1.673983168e-13,3.342299184e-14,4.132583256e-14,2.021847632e-13,1.560996112e-13,2.865420619e-13,8.490884422e-13,2.17448892e-13,1.983561036e-13,1.030991674e-13,5.428251111e-13,7.53722551e-14,8.384480052e-14,1.165675263e-14,1.490351272e-13,4.141339754e-14,8.13370348e-14,1.760629927e-13,1.542887086e-13,8.056326696e-14,3.657712918e-14,8.306829531e-14,9.89200118e-14
83.90625,1.930465385e-13,3.826738855e-13,7.136888136e-14,1.197939995e-13,8.06637675e-14,7.429441757e-14,1.334726746e-14,2.92019736e-13,2.088629202e-13,1.685834468e-13,3.324868743e-14,4.1384921e-14,2.048040479e-13,1.568778206e-13,2.908414122e-13,8.571277404e-13,2.177333908e-13,1.995971738e-13,1.028133366e-13,5.478741726e-13,7.58500041e-14,8.411620722e-14,1.179416059e-14,1.497871991e-13,4.177961943e-14,8.271916887e-14,1.764445634e-13,1.557928269e-13,8.124795581e-14,3.682144484e-14,8.293573245e-14,9.937208517e-14
83.9140625,1.930678718e-13,3.869067788e-13,7.239176962e-14,1.193859293e-13,7.98910381e-14,7.504954414e-14,1.34422363e-14,2.930634004e-13,2.099390835e-13,1.698445766e-13,3.298384369e-14,4.134262617e-14,2.075306626e-13,1.573460478e-13,2.953134374e-13,8.654644559e-13,2.180654274e-13,2.009411175e-13,1.024354568e-13,5.533161865e-13,7.630650239e-14,8.427837301e-14,1.19455622e-14,1.50634231e-13,4.214992944e-14,8.41637775e-14,1.768167073e-13,1.572311938e-13,8.192934731e-14,3.706967665e-14,8.263666509e-14,9.981621822e-14
83.921875,1.930570435e-13,3.912252306e-13,7.344898368e-14,1.189759241e-13,7.909867254e-14,7.579153078e-14,1.355165961e-14,2.941718511e-13,2.110563302e-13,1.710886897e-13,3.269752596e-14,4.133288053e-14,2.101978578e-13,1.577557089e-13,2.998025787e-13,8.736129931e-13,2.184911916e-13,2.022447444e-13,1.020500398e-13,5.588598943e-13,7.686580837e-14,8.442631867e-14,1.21156919e-14,1.515860348e-13,4.252137955e-14,8.557906554e-14,1.771759632e-13,1.586222184e-13,8.272495627e-14,3.73291606e-14,8.237000076e-14,1.00262962e-13
83.9296875,1.930012336e-13,3.95618514e-13,7.451334956e-14,1.184279939e-13,7.839685779e-14,7.657801669e-14,1.366985883e-14,2.953072554e-13,2.122458712e-13,1.723130457e-13,3.250346306e-14,4.142646061e-14,2.12740886e-13,1.583417634e-13,3.041887432e-13,8.812751773e-13,2.189266492e-13,2.03424941e-13,1.017781259e-13,5.641190836e-13,7.747730287e-14,8.461873971e-14,1.229165133e-14,1.524308611e-13,4.289543266e-14,8.696920729e-14,1.775405359e-13,1.600577431e-13,8.362127945e-14,3.761920107e-14,8.225503628e-14,1.006786683e-13
83.9375,1.928889335e-13,3.995403333e-13,7.558887128e-14,1.178884447e-13,7.769944009e-14,7.735347718e-14,1.375911889e-14,2.963903708e-13,2.13363038e-13,1.736253243e-13,3.233911484e-14,4.151161208e-14,2.152676826e-13,1.588570642e-13,3.086238384e-13,8.88930211e-13,2.193682056e-13,2.046528148e-13,1.015615606e-13,5.693840735e-13,7.803542416e-14,8.478502408e-14,1.248180325e-14,1.532363469e-13,4.327487589e-14,8.841649771e-14,1.778747955e-13,1.615341174e-13,8.453687462e-14,3.792422888e-14,8.212830938e-14,1.01067804e-13
83.9453125,1.928060195e-13,4.031154313e-13,7.666994425e-14,1.175333568e-13,7.694676457e-14,7.809027463e-14,1.383948093e-14,2.973847633e-13,2.143972133e-13,1.750324929e-13,3.216301618e-14,4.153968503e-14,2.17848135e-13,1.59188679e-13,3.131929996e-13,8.968672161e-13,2.199373534e-13,2.060419273e-13,1.013046946e-13,5.749902225e-13,7.858473703e-14,8.491389451e-14,1.270327997e-14,1.541545857e-13,4.366669416e-14,8.990385859e-14,1.782309494e-13,1.630300999e-13,8.55183214e-14,3.821239171e-14,8.190736504e-14,1.01436829e-13
83.953125,1.927811335e-13,4.067820586e-13,7.785334573e-14,1.171752054e-13,7.622539783e-14,7.895131974e-14,1.393691298e-14,2.983369127e-13,2.154418167e-13,1.764638009e-13,3.199466327e-14,4.158283677e-14,2.204492428e-13,1.595616057e-13,3.177641784e-13,9.046703213e-13,2.206172887e-13,2.074574313e-13,1.010469171e-13,5.807499178e-13,7.914417483e-14,8.508178909e-14,1.2940308e-14,1.550789671e-13,4.406425928e-14,9.137743101e-14,1.786553574e-13,1.645658912e-13,8.663373094e-14,3.850556239e-14,8.173746855e-14,1.017821937e-13
83.9609375,1.927700066e-13,4.103028734e-13,7.921073245e-14,1.167038257e-13,7.553863707e-14,7.997186285e-14,1.401959464e-14,2.9928713e-13,2.164963975e-13,1.779322738e-13,3.179008278e-14,4.166453621e-14,2.230300533e-13,1.599976248e-13,3.222183792e-13,9.120541533e-13,2.21262644e-13,2.08768729e-13,1.008121945e-13,5.864030593e-13,7.966317897e-14,8.529327166e-14,1.31898649e-14,1.559129651e-13,4.445556203e-14,9.284506593e-14,1.79053932e-13,1.660936503e-13,8.787638392e-14,3.882269788e-14,8.166672596e-14,1.021261455e-13
83.96875,1.927563079e-13,4.135897603e-13,8.063599455e-14,1.163092869e-13,7.484827581e-14,8.099909926e-14,1.40880243e-14,3.002154023e-13,2.175382597e-13,1.794564276e-13,3.157393702e-14,4.175990521e-14,2.255778661e-13,1.604083302e-13,3.265911327e-13,9.192785173e-13,2.218344023e-13,2.099927335e-13,1.00549916e-13,5.920364525e-13,8.019228036e-14,8.549542934e-14,1.347991289e-14,1.567394789e-13,4.485193738e-14,9.433082588e-14,1.793774501e-13,1.675539207e-13,8.919542205e-14,3.913592154e-14,8.157473467e-14,1.024767034e-13
83.9765625,1.927205661e-13,4.16953648e-13,8.209547546e-14,1.160191042e-13,7.420720608e-14,8.208721538e-14,1.418369057e-14,3.011157469e-13,2.185794928e-13,1.8094156e-13,3.142249215e-14,4.184900716e-14,2.281471168e-13,1.608761405e-13,3.310767615e-13,9.266274253e-13,2.224319571e-13,2.112222262e-13,1.002874636e-13,5.978489427e-13,8.076237072e-14,8.568344196e-14,1.380783553e-14,1.576061503e-13,4.527556536e-14,9.587291439e-14,1.796884324e-13,1.690018037e-13,9.049229478e-14,3.945317655e-14,8.14176473e-14,1.028197396e-13
83.984375,1.926609237e-13,4.202930501e-13,8.367901212e-14,1.15768421e-13,7.358991416e-14,8.335963294e-14,1.429648997e-14,3.019881769e-13,2.195769342e-13,1.823517492e-13,3.129296345e-14,4.190427811e-14,2.308217787e-13,1.613640775e-13,3.357743879e-13,9.340401532e-13,2.23135527e-13,2.125421755e-13,1.000727349e-13,6.037055735e-13,8.130076117e-14,8.58698667e-14,1.414348984e-14,1.584731757e-13,4.572177435e-14,9.748193447e-14,1.800161756e-13,1.705193037e-13,9.175153876e-14,3.980273256e-14,8.125255048e-14,1.031530716e-13
83.9921875,1.926198808e-13,4.233866606e-13,8.531398756e-14,1.156488098e-13,7.29264942e-14,8.465168553e-14,1.439038707e-14,3.027929714e-13,2.204962218e-13,1.838325819e-13,3.114677108e-14,4.194921119e-14,2.335416404e-13,1.617419403e-13,3.404295208e-13,9.412403677e-13,2.238973016e-13,2.139099756e-13,9.985963382e-14,6.093741456e-13,8.181458468e-14,8.604618775e-14,1.447813611e-14,1.593206022e-13,4.615757239e-14,9.907377379e-14,1.80334712e-13,1.720833813e-13,9.310217797e-14,4.015150713e-14,8.111230664e-14,1.034647861e-13
84,1.925450688e-13,4.261711706e-13,8.687779108e-14,1.155965766e-13,7.229230148e-14,8.583838002e-14,1.446739138e-14,3.035246516e-13,2.213869904e-13,1.854382645e-13,3.102906199e-14,4.204055695e-14,2.361483189e-13,1.620624314e-13,3.447825563e-13,9.480010191e-13,2.246178458e-13,2.151871736e-13,9.96138086e-14,6.150424776e-13,8.234999869e-14,8.621151085e-14,1.482391955e-14,1.601581836e-13,4.656431233e-14,1.005820941e-13,1.80582828e-13,1.735659705e-13,9.457972775e-14,4.045951288e-14,8.098099054e-14,1.03731207e-13
84.0078125,1.923325477e-13,4.2855935e-13,8.844182067e-14,1.154273619e-13,7.173375532e-14,8.707657522e-14,1.454453642e-14,3.042137758e-13,2.222611213e-13,1.870323377e-13,3.095045485e-14,4.21542913e-14,2.386325611e-13,1.623518274e-13,3.489413291e-13,9.543052767e-13,2.252741262e-13,2.163477437e-13,9.935775103e-14,6.208884497e-13,8.286100752e-14,8.636522951e-14,1.519756589e-14,1.609866191e-13,4.695834439e-14,1.020414503e-13,1.807141608e-13,1.749012724e-13,9.610574289e-14,4.07340285e-14,8.081355349e-14,1.039453417e-13
84.015625,1.920855952e-13,4.308124964e-13,9.010164609e-14,1.152002185e-13,7.117411137e-14,8.844327959e-14,1.462584622e-14,3.04857315e-13,2.230718429e-13,1.886233292e-13,3.092640952e-14,4.223839145e-14,2.411190173e-13,1.625721428e-13,3.531182167e-13,9.603717548e-13,2.259237013e-13,2.175140887e-13,9.911505227e-14,6.267307839e-13,8.332806436e-14,8.650665561e-14,1.560158338e-14,1.617855734e-13,4.735730148e-14,1.035140134e-13,1.807854311e-13,1.762496475e-13,9.77103934e-14,4.099333647e-14,8.061838915e-14,1.041243091e-13
84.0234375,1.919904295e-13,4.331859261e-13,9.18454781e-14,1.150901412e-13,7.059930721e-14,8.986943233e-14,1.470557619e-14,3.054739788e-13,2.238283086e-13,1.903366119e-13,3.098165831e-14,4.230032508e-14,2.43666802e-13,1.628226777e-13,3.573757672e-13,9.664651058e-13,2.266530203e-13,2.188010812e-13,9.891484327e-14,6.325867836e-13,8.379623375e-14,8.665469633e-14,1.601630878e-14,1.625502871e-13,4.776531185e-14,1.05042254e-13,1.808572866e-13,1.77778262e-13,9.942877548e-14,4.12563514e-14,8.047244134e-14,1.043070848e-13
84.03125,1.91974724e-13,4.353385651e-13,9.366303584e-14,1.151546245e-13,7.001087821e-14,9.138520216e-14,1.478079297e-14,3.061009946e-13,2.245573856e-13,1.920806223e-13,3.105052107e-14,4.235015934e-14,2.462203866e-13,1.630935399e-13,3.616503737e-13,9.725071077e-13,2.27491988e-13,2.201845882e-13,9.873933327e-14,6.385417799e-13,8.426787162e-14,8.681047004e-14,1.643442562e-14,1.633109334e-13,4.818643117e-14,1.065930964e-13,1.809074524e-13,1.793787251e-13,1.011845344e-13,4.153219279e-14,8.035815823e-14,1.045009961e-13
84.0390625,1.918737994e-13,4.370626281e-13,9.560648096e-14,1.15294014e-13,6.940130169e-14,9.304435926e-14,1.486659449e-14,3.066808192e-13,2.25246097e-13,1.937419604e-13,3.10919886e-14,4.239658386e-14,2.486774989e-13,1.632747662e-13,3.657572755e-13,9.780370573e-13,2.283226081e-13,2.2150672e-13,9.853407125e-14,6.443530599e-13,8.470856478e-14,8.696375539e-14,1.686972798e-14,1.640701741e-13,4.860331058e-14,1.080701088e-13,1.808986877e-13,1.808855756e-13,1.030052058e-13,4.180307225e-14,8.019895532e-14,1.046628884e-13
84.046875,1.916979687e-13,4.384901793e-13,9.776190652e-14,1.153156529e-13,6.888292499e-14,9.481106736e-14,1.497748082e-14,3.071263083e-13,2.259014932e-13,1.954083546e-13,3.116412362e-14,4.247423817e-14,2.509900482e-13,1.635259189e-13,3.695991955e-13,9.827835241e-13,2.289929859e-13,2.226574325e-13,9.834224401e-14,6.500623937e-13,8.509605213e-14,8.714539293e-14,1.732549838e-14,1.647932807e-13,4.898550675e-14,1.09475297e-13,1.807567159e-13,1.822890381e-13,1.050025275e-13,4.206257264e-14,8.006070478e-14,1.04791975e-13
84.0546875,1.91454258e-13,4.395175459e-13,1.001055318e-13,1.152158642e-13,6.846596156e-14,9.663198332e-14,1.510093448e-14,3.074735359e-13,2.265394396e-13,1.970812089e-13,3.12768343e-14,4.257990919e-14,2.53201998e-13,1.639500788e-13,3.733526452e-13,9.870436556e-13,2.295506479e-13,2.23695174e-13,9.822148851e-14,6.559650752e-13,8.545112949e-14,8.736143434e-14,1.779126388e-14,1.654808142e-13,4.93475368e-14,1.108832915e-13,1.804582228e-13,1.835813033e-13,1.071465097e-13,4.232278975e-14,8.001455176e-14,1.049263775e-13
84.0625,1.910970446e-13,4.402957292e-13,1.024749694e-13,1.151580947e-13,6.796260549e-14,9.846774119e-14,1.522276811e-14,3.078325067e-13,2.271444807e-13,1.986555848e-13,3.138990255e-14,4.268703612e-14,2.553541054e-13,1.64302206e-13,3.771672487e-13,9.912955437e-13,2.301874156e-13,2.247237007e-13,9.810451444e-14,6.619278584e-13,8.582603571e-14,8.755028445e-14,1.825243805e-14,1.661614909e-13,4.972569632e-14,1.122918873e-13,1.801805417e-13,1.84788217e-13,1.093755826e-13,4.257824139e-14,7.996731536e-14,1.050573092e-13
84.0703125,1.906986397e-13,4.411934079e-13,1.048496039e-13,1.151214614e-13,6.735588238e-14,1.00336784e-13,1.535262376e-14,3.082290315e-13,2.276959165e-13,2.00180158e-13,3.150757206e-14,4.279248103e-14,2.574634796e-13,1.644945954e-13,3.809583885e-13,9.956377105e-13,2.309514663e-13,2.257843098e-13,9.793284409e-14,6.678189413e-13,8.62201337e-14,8.768617239e-14,1.870319123e-14,1.668422288e-13,5.011846185e-14,1.136894299e-13,1.800095783e-13,1.860241372e-13,1.116736267e-13,4.282053335e-14,7.985758756e-14,1.051718838e-13
84.078125,1.903118053e-13,4.418053763e-13,1.073434069e-13,1.150459087e-13,6.676914559e-14,1.022827905e-13,1.549566198e-14,3.085867713e-13,2.281701691e-13,2.017157149e-13,3.163632752e-14,4.286793653e-14,2.595965886e-13,1.646729497e-13,3.8464132e-13,9.998003465e-13,2.3172066e-13,2.268801764e-13,9.773054269e-14,6.737435954e-13,8.661254028e-14,8.779512484e-14,1.916569879e-14,1.675161401e-13,5.05198058e-14,1.150898678e-13,1.797762217e-13,1.87242676e-13,1.139336631e-13,4.305487715e-14,7.973669224e-14,1.052803263e-13
84.0859375,1.898916957e-13,4.416698226e-13,1.099052269e-13,1.150287525e-13,6.619520031e-14,1.042461738e-13,1.563496021e-14,3.088738776e-13,2.285991584e-13,2.03214855e-13,3.177366747e-14,4.291091366e-14,2.617848346e-13,1.648388922e-13,3.88232989e-13,1.003642795e-12,2.324527479e-13,2.279890833e-13,9.752233464e-14,6.795557266e-13,8.70160838e-14,8.789758012e-14,1.965618106e-14,1.681636586e-13,5.094301125e-14,1.164827842e-13,1.794926977e-13,1.883218942e-13,1.161493662e-13,4.328757783e-14,7.962834745e-14,1.05377538e-13
84.09375,1.894869284e-13,4.413294706e-13,1.12484791e-13,1.150711666e-13,6.568615186e-14,1.061908806e-13,1.576030403e-14,3.09138194e-13,2.29101066e-13,2.047047485e-13,3.194380087e-14,4.300824894e-14,2.639226164e-13,1.650259913e-13,3.91752718e-13,1.007323584e-12,2.332165121e-13,2.290846955e-13,9.736297767e-14,6.852225853e-13,8.736618924e-14,8.804372873e-14,2.014872331e-14,1.687491652e-13,5.137592753e-14,1.179173664e-13,1.793813717e-13,1.893584788e-13,1.18554693e-13,4.35241418e-14,7.955482901e-14,1.054811664e-13
84.1015625,1.891657625e-13,4.412716827e-13,1.152193801e-13,1.151333003e-13,6.532595205e-14,1.082287247e-13,1.588396573e-14,3.093318339e-13,2.296655748e-13,2.062495031e-13,3.216216163e-14,4.318674674e-14,2.659092017e-13,1.653495843e-13,3.951830111e-13,1.010787326e-12,2.339901318e-13,2.301289364e-13,9.729279181e-14,6.909165518e-13,8.758826565e-14,8.826142678e-14,2.061956658e-14,1.692556319e-13,5.178601346e-14,1.194095762e-13,1.793674059e-13,1.904404026e-13,1.212376412e-13,4.375124185e-14,7.954162729e-14,1.055875814e-13
84.109375,1.888496848e-13,4.411782205e-13,1.181229345e-13,1.153208746e-13,6.493841673e-14,1.103990628e-13,1.602543144e-14,3.093398537e-13,2.30091983e-13,2.078061594e-13,3.242494421e-14,4.336255831e-14,2.678174384e-13,1.65686242e-13,3.984265112e-13,1.013565083e-12,2.346896266e-13,2.310402676e-13,9.723113066e-14,6.963996389e-13,8.778899941e-14,8.846075895e-14,2.10815061e-14,1.69693089e-13,5.216188978e-14,1.208008817e-13,1.791832383e-13,1.914862293e-13,1.240204401e-13,4.3946151e-14,7.951873912e-14,1.056113867e-13
84.1171875,1.884298813e-13,4.407986368e-13,1.21064826e-13,1.156180224e-13,6.44000407e-14,1.126265171e-13,1.619658292e-14,3.092445377e-13,2.303251138e-13,2.092984849e-13,3.272626739e-14,4.350162961e-14,2.697814428e-13,1.658808516e-13,4.014251736e-13,1.015534862e-12,2.353524177e-13,2.318393771e-13,9.711008126e-14,7.016425552e-13,8.807637456e-14,8.856914621e-14,2.155327647e-14,1.700968397e-13,5.251617486e-14,1.220424779e-13,1.788521278e-13,1.925019715e-13,1.267941577e-13,4.412752344e-14,7.942307593e-14,1.055563777e-13
84.125,1.87895915e-13,4.401620407e-13,1.240795149e-13,1.15835308e-13,6.389050117e-14,1.149293002e-13,1.639268365e-14,3.09242839e-13,2.305505693e-13,2.106994398e-13,3.30565773e-14,4.362793397e-14,2.717648063e-13,1.660081853e-13,4.043397232e-13,1.017263233e-12,2.360715581e-13,2.327022434e-13,9.697003404e-14,7.072766938e-13,8.837206711e-14,8.864970537e-14,2.203613345e-14,1.705383917e-13,5.287684851e-14,1.233155031e-13,1.785624912e-13,1.935166581e-13,1.29557594e-13,4.432009229e-14,7.93005526e-14,1.055597377e-13
84.1328125,1.873680963e-13,4.391625467e-13,1.272682045e-13,1.159186466e-13,6.348411713e-14,1.173532804e-13,1.660027152e-14,3.093231088e-13,2.308700526e-13,2.120578571e-13,3.34234565e-14,4.374536389e-14,2.736062612e-13,1.661437799e-13,4.072837643e-13,1.019030455e-12,2.368172851e-13,2.336488342e-13,9.683397416e-14,7.133874544e-13,8.861572701e-14,8.876930452e-14,2.251756206e-14,1.710433164e-13,5.325797673e-14,1.246628075e-13,1.782890084e-13,1.944511225e-13,1.32334428e-13,4.449992328e-14,7.91984747e-14,1.056550061e-13
84.140625,1.869791482e-13,4.378596251e-13,1.306271832e-13,1.159868974e-13,6.307949003e-14,1.198716565e-13,1.681838967e-14,3.093283189e-13,2.311857944e-13,2.134711072e-13,3.384904472e-14,4.388069175e-14,2.752793666e-13,1.663180947e-13,4.100717093e-13,1.020336688e-12,2.374696256e-13,2.344861947e-13,9.669747796e-14,7.193331821e-13,8.886013944e-14,8.891364412e-14,2.298559989e-14,1.715207684e-13,5.362761144e-14,1.259505451e-13,1.778744728e-13,1.953558154e-13,1.352331694e-13,4.465746458e-14,7.912564266e-14,1.05754003e-13
84.1484375,1.865831055e-13,4.364954875e-13,1.341246625e-13,1.16156853e-13,6.267720955e-14,1.224895052e-13,1.705393351e-14,3.092177769e-13,2.31387658e-13,2.14937062e-13,3.434052092e-14,4.405215457e-14,2.769120703e-13,1.665849532e-13,4.125571231e-13,1.020882804e-12,2.379742309e-13,2.351777756e-13,9.656945514e-14,7.249312996e-13,8.912680082e-14,8.904148837e-14,2.344348617e-14,1.719083057e-13,5.395967039e-14,1.271472779e-13,1.773141323e-13,1.96311695e-13,1.38283343e-13,4.481876708e-14,7.907707587e-14,1.058126495e-13
84.15625,1.859097374e-13,4.35014904e-13,1.376740211e-13,1.163940216e-13,6.226599817e-14,1.251931758e-13,1.730378567e-14,3.090320968e-13,2.314589497e-13,2.163350484e-13,3.489734047e-14,4.420958994e-14,2.785695943e-13,1.668622797e-13,4.148135686e-13,1.020969441e-12,2.383684489e-13,2.358366721e-13,9.640854701e-14,7.304095607e-13,8.941139291e-14,8.911711064e-14,2.390476905e-14,1.722761926e-13,5.42812783e-14,1.28275125e-13,1.767032674e-13,1.971864625e-13,1.413794815e-13,4.496370517e-14,7.899998471e-14,1.058148706e-13
84.1640625,1.850708159e-13,4.332996594e-13,1.411789723e-13,1.165816636e-13,6.179681086e-14,1.279116663e-13,1.755815125e-14,3.087424453e-13,2.314407635e-13,2.175950295e-13,3.550867609e-14,4.433605794e-14,2.801859671e-13,1.670211458e-13,4.168450908e-13,1.020629502e-12,2.386605977e-13,2.364405739e-13,9.618342523e-14,7.357593234e-13,8.972382138e-14,8.915138831e-14,2.437910258e-14,1.726516841e-13,5.460283163e-14,1.293117702e-13,1.760059692e-13,1.979464025e-13,1.445340811e-13,4.504470186e-14,7.88589143e-14,1.057524867e-13
84.171875,1.843886411e-13,4.314904229e-13,1.44706185e-13,1.167787838e-13,6.136421302e-14,1.306979042e-13,1.781150102e-14,3.082970865e-13,2.31368948e-13,2.187622616e-13,3.61431265e-14,4.448201208e-14,2.816829378e-13,1.671271613e-13,4.185778793e-13,1.019542371e-12,2.388012886e-13,2.369362953e-13,9.594371483e-14,7.40964234e-13,9.002777912e-14,8.920123601e-14,2.485865513e-14,1.729545726e-13,5.48835137e-14,1.302758557e-13,1.751510483e-13,1.987329737e-13,1.478137796e-13,4.50712633e-14,7.871398409e-14,1.056717092e-13
84.1796875,1.838618371e-13,4.296485002e-13,1.4835618e-13,1.170594989e-13,6.102910905e-14,1.336529489e-13,1.807090641e-14,3.077409684e-13,2.312726263e-13,2.199189864e-13,3.678778159e-14,4.465959048e-14,2.830549575e-13,1.67337755e-13,4.200220889e-13,1.01777482e-12,2.388011865e-13,2.373466303e-13,9.570940336e-14,7.461788058e-13,9.028044008e-14,8.928105008e-14,2.531968375e-14,1.731977618e-13,5.511094804e-14,1.311993121e-13,1.742455523e-13,1.994843612e-13,1.511586717e-13,4.509041968e-14,7.863787679e-14,1.056015159e-13
84.1875,1.833049997e-13,4.276788716e-13,1.521068239e-13,1.172880296e-13,6.07188847e-14,1.367110965e-13,1.835115654e-14,3.071735079e-13,2.312033984e-13,2.210830106e-13,3.747392067e-14,4.484588768e-14,2.843437764e-13,1.677082819e-13,4.212272593e-13,1.015709844e-12,2.387582928e-13,2.376558707e-13,9.545971772e-14,7.515382042e-13,9.050723945e-14,8.936921607e-14,2.575380807e-14,1.73478238e-13,5.531887246e-14,1.320821746e-13,1.73410675e-13,2.000990759e-13,1.545532581e-13,4.513019448e-14,7.86466996e-14,1.055149397e-13
84.1953125,1.827196598e-13,4.255970805e-13,1.559580322e-13,1.174860507e-13,6.043719041e-14,1.398101739e-13,1.865844759e-14,3.066085503e-13,2.311604758e-13,2.221827165e-13,3.824168803e-14,4.504670219e-14,2.856034562e-13,1.681919922e-13,4.223169503e-13,1.013529765e-12,2.387577695e-13,2.379106529e-13,9.523140271e-14,7.570951385e-13,9.076837078e-14,8.947496231e-14,2.617400894e-14,1.737902865e-13,5.552743862e-14,1.329196726e-13,1.725786508e-13,2.007057556e-13,1.580747641e-13,4.518115084e-14,7.873024443e-14,1.054000623e-13
84.203125,1.821801024e-13,4.234865431e-13,1.599588793e-13,1.178492636e-13,6.020964265e-14,1.430314557e-13,1.899650368e-14,3.059876575e-13,2.310637334e-13,2.231807793e-13,3.909707311e-14,4.527097253e-14,2.869030248e-13,1.687230263e-13,4.23363192e-13,1.011075717e-12,2.387662748e-13,2.38211024e-13,9.505625925e-14,7.627412332e-13,9.109738174e-14,8.960047215e-14,2.65914803e-14,1.740994954e-13,5.573675892e-14,1.336753599e-13,1.716293559e-13,2.013569363e-13,1.617441591e-13,4.520708505e-14,7.885673854e-14,1.052686328e-13
84.2109375,1.816700392e-13,4.213994199e-13,1.640684943e-13,1.182907113e-13,5.999297785e-14,1.463875644e-13,1.936467695e-14,3.053081565e-13,2.3090166e-13,2.241437978e-13,4.001307899e-14,4.549866789e-14,2.882567838e-13,1.692755565e-13,4.241958592e-13,1.008096432e-12,2.386665019e-13,2.384882737e-13,9.490461814e-14,7.683292246e-13,9.145968773e-14,8.972405799e-14,2.701532468e-14,1.744522329e-13,5.594205181e-14,1.343516653e-13,1.705563835e-13,2.019809922e-13,1.655424432e-13,4.5208636e-14,7.899378108e-14,1.051307246e-13
84.21875,1.811698845e-13,4.192895377e-13,1.682414281e-13,1.1870451e-13,5.980543094e-14,1.497925092e-13,1.973955443e-14,3.046172087e-13,2.307419834e-13,2.251275235e-13,4.09680056e-14,4.57028671e-14,2.895997132e-13,1.69864979e-13,4.248494984e-13,1.004863378e-12,2.385383572e-13,2.386973096e-13,9.477537802e-14,7.739161331e-13,9.179228606e-14,8.985093312e-14,2.74346759e-14,1.748534042e-13,5.614339377e-14,1.350689211e-13,1.695002411e-13,2.026390763e-13,1.694458909e-13,4.524291222e-14,7.917430179e-14,1.049949558e-13
84.2265625,1.806815572e-13,4.170086677e-13,1.725576279e-13,1.192361852e-13,5.965620944e-14,1.532429947e-13,2.011046197e-14,3.039260674e-13,2.305813257e-13,2.26094885e-13,4.19647324e-14,4.5898192e-14,2.909187473e-13,1.705389187e-13,4.256962642e-13,1.001960924e-12,2.386509674e-13,2.389611561e-13,9.470879186e-14,7.795548032e-13,9.210771965e-14,8.999422735e-14,2.781137583e-14,1.752382336e-13,5.636317682e-14,1.358978819e-13,1.686441691e-13,2.033552742e-13,1.734682626e-13,4.532482392e-14,7.945463802e-14,1.04857146e-13
84.234375,1.801772029e-13,4.145755657e-13,1.770742652e-13,1.198142736e-13,5.948686943e-14,1.56780721e-13,2.050605662e-14,3.032136866e-13,2.303727536e-13,2.269465492e-13,4.302288871e-14,4.613157596e-14,2.922016227e-13,1.712954002e-13,4.266308821e-13,9.990794594e-13,2.389080876e-13,2.392228596e-13,9.468995835e-14,7.851479279e-13,9.244800899e-14,9.013994008e-14,2.814284227e-14,1.755880116e-13,5.659921382e-14,1.367447766e-13,1.679140819e-13,2.039868797e-13,1.776598693e-13,4.53903456e-14,7.97752806e-14,1.047091725e-13
84.2421875,1.795867106e-13,4.12056428e-13,1.816907316e-13,1.202237724e-13,5.932341915e-14,1.604028453e-13,2.094439308e-14,3.024663373e-13,2.301183911e-13,2.276044297e-13,4.416244282e-14,4.638399597e-14,2.933337836e-13,1.71974752e-13,4.271136255e-13,9.953184995e-13,2.388656285e-13,2.39287405e-13,9.462739515e-14,7.906815987e-13,9.278375078e-14,9.026376202e-14,2.846459524e-14,1.759325621e-13,5.68023793e-14,1.374827943e-13,1.669788383e-13,2.04419926e-13,1.819196957e-13,4.539038419e-14,7.999810786e-14,1.045434357e-13
84.25,1.788260843e-13,4.092429746e-13,1.863505915e-13,1.205812302e-13,5.919113605e-14,1.641073903e-13,2.142104925e-14,3.016896803e-13,2.298273621e-13,2.281110461e-13,4.537213854e-14,4.659526386e-14,2.943576553e-13,1.724887314e-13,4.271677923e-13,9.907456482e-13,2.38519309e-13,2.392076204e-13,9.44680462e-14,7.961744293e-13,9.310648246e-14,9.034857465e-14,2.878363749e-14,1.763066871e-13,5.697921351e-14,1.380634286e-13,1.657678107e-13,2.046337354e-13,1.861403367e-13,4.533631989e-14,8.012576885e-14,1.043486214e-13
84.2578125,1.779751488e-13,4.061410199e-13,1.911791547e-13,1.210326368e-13,5.903951851e-14,1.679015922e-13,2.193309385e-14,3.008930696e-13,2.295062719e-13,2.285906829e-13,4.662843203e-14,4.680646151e-14,2.954662846e-13,1.730495642e-13,4.272345109e-13,9.861576234e-13,2.383007445e-13,2.391640159e-13,9.430221245e-14,8.016344577e-13,9.347257709e-14,9.041225708e-14,2.909838073e-14,1.76718694e-13,5.719091132e-14,1.385586721e-13,1.646028486e-13,2.047567541e-13,1.904980769e-13,4.526183678e-14,8.029522011e-14,1.041504077e-13
84.265625,1.773140059e-13,4.032016317e-13,1.962134229e-13,1.214957258e-13,5.892929515e-14,1.717847022e-13,2.245888322e-14,3.000545095e-13,2.291744175e-13,2.291413344e-13,4.79440433e-14,4.70788777e-14,2.965570486e-13,1.738014104e-13,4.273526376e-13,9.81739592e-13,2.38295272e-13,2.392079848e-13,9.423961622e-14,8.072504607e-13,9.387237739e-14,9.04993024e-14,2.941798371e-14,1.771137793e-13,5.741571771e-14,1.391116377e-13,1.636438141e-13,2.050273805e-13,1.950853752e-13,4.519168744e-14,8.052749078e-14,1.039875676e-13
84.2734375,1.768996408e-13,4.005369348e-13,2.013060632e-13,1.219648128e-13,5.893288904e-14,1.757374152e-13,2.297903703e-14,2.991403538e-13,2.28812589e-13,2.29815454e-13,4.932393591e-14,4.734486109e-14,2.974194092e-13,1.745673038e-13,4.272602778e-13,9.770148068e-13,2.381901969e-13,2.392699659e-13,9.422585709e-14,8.130219877e-13,9.426521775e-14,9.060852404e-14,2.971631606e-14,1.77447741e-13,5.758693474e-14,1.397304177e-13,1.626736652e-13,2.054295675e-13,1.997010846e-13,4.5119573e-14,8.072958512e-14,1.038317989e-13
84.28125,1.764172127e-13,3.977679979e-13,2.064212486e-13,1.224797644e-13,5.89334169e-14,1.797004169e-13,2.35146393e-14,2.981609789e-13,2.283874584e-13,2.305235968e-13,5.074200973e-14,4.754243851e-14,2.982048828e-13,1.752268417e-13,4.268244202e-13,9.715724829e-13,2.378060524e-13,2.392206204e-13,9.414928144e-14,8.184869703e-13,9.469106416e-14,9.069989966e-14,2.996746832e-14,1.777484684e-13,5.77265699e-14,1.402740583e-13,1.615213236e-13,2.057060824e-13,2.043103831e-13,4.501639327e-14,8.090559172e-14,1.036405208e-13
84.2890625,1.757167551e-13,3.946621744e-13,2.116072604e-13,1.229706728e-13,5.884860642e-14,1.836596481e-13,2.408267767e-14,2.971493479e-13,2.279134939e-13,2.310315119e-13,5.219693182e-14,4.772477351e-14,2.990733995e-13,1.758571519e-13,4.260969975e-13,9.654877129e-13,2.372293337e-13,2.390564217e-13,9.400615434e-14,8.234315151e-13,9.517174814e-14,9.076762156e-14,3.019761389e-14,1.780494181e-13,5.789060327e-14,1.406932482e-13,1.60264959e-13,2.057959785e-13,2.089847059e-13,4.487563011e-14,8.111426061e-14,1.034283308e-13
84.296875,1.750087436e-13,3.913701055e-13,2.16779041e-13,1.234294833e-13,5.874608361e-14,1.876650626e-13,2.466660213e-14,2.960954081e-13,2.274061731e-13,2.313168728e-13,5.368861004e-14,4.792714095e-14,2.998753631e-13,1.764627462e-13,4.252259464e-13,9.591765032e-13,2.366018211e-13,2.38934334e-13,9.382179694e-14,8.281989535e-13,9.568029691e-14,9.082759185e-14,3.042985202e-14,1.783768092e-13,5.806934751e-14,1.410573577e-13,1.590163227e-13,2.05852493e-13,2.136061206e-13,4.471570005e-14,8.133004487e-14,1.032068681e-13
84.3046875,1.744508281e-13,3.883063507e-13,2.219607856e-13,1.239007095e-13,5.864914323e-14,1.916870661e-13,2.524327053e-14,2.949480655e-13,2.268392155e-13,2.316318197e-13,5.522343573e-14,4.813655646e-14,3.005630307e-13,1.770175911e-13,4.243247174e-13,9.528894134e-13,2.360041554e-13,2.389352559e-13,9.362850113e-14,8.330502304e-13,9.624610822e-14,9.08808615e-14,3.064659662e-14,1.787483554e-13,5.822803934e-14,1.414068139e-13,1.578364255e-13,2.060125742e-13,2.182330323e-13,4.455254096e-14,8.152449471e-14,1.029619207e-13
84.3125,1.74006127e-13,3.856381494e-13,2.273495259e-13,1.244012112e-13,5.856025131e-14,1.956731148e-13,2.58032214e-14,2.937088142e-13,2.262069824e-13,2.320249786e-13,5.686699663e-14,4.836789742e-14,3.012806772e-13,1.776085474e-13,4.234195575e-13,9.46604658e-13,2.354866341e-13,2.390470932e-13,9.352199493e-14,8.379780534e-13,9.688491811e-14,9.092970011e-14,3.082335265e-14,1.79141956e-13,5.836732947e-14,1.41742943e-13,1.56754288e-13,2.063094872e-13,2.230529968e-13,4.439998208e-14,8.173109469e-14,1.026991151e-13
84.3203125,1.735762149e-13,3.829807342e-13,2.328842038e-13,1.250079067e-13,5.854494499e-14,1.996799688e-13,2.637155242e-14,2.924777928e-13,2.255886528e-13,2.322934477e-13,5.862416749e-14,4.862365456e-14,3.020088524e-13,1.782857796e-13,4.223716319e-13,9.400659602e-13,2.349692867e-13,2.391481307e-13,9.349874197e-14,8.429589573e-13,9.755445768e-14,9.09874273e-14,3.096091758e-14,1.795785755e-13,5.850152262e-14,1.420298861e-13,1.556669173e-13,2.06601343e-13,2.279069914e-13,4.425833065e-14,8.197076379e-14,1.024391869e-13
84.328125,1.73103105e-13,3.801710761e-13,2.383445104e-13,1.257059711e-13,5.861970473e-14,2.03744351e-13,2.69773782e-14,2.912923829e-13,2.250625299e-13,2.324183768e-13,6.040838656e-14,4.88800861e-14,3.026428758e-13,1.790075182e-13,4.208585958e-13,9.327402962e-13,2.341587577e-13,2.389688636e-13,9.342002495e-14,8.478817361e-13,9.826225026e-14,9.107065067e-14,3.108749072e-14,1.800856474e-13,5.86178619e-14,1.421981402e-13,1.544216608e-13,2.067547228e-13,2.326493439e-13,4.409956323e-14,8.224487035e-14,1.022009605e-13
84.3359375,1.726729442e-13,3.774057967e-13,2.438140514e-13,1.263148681e-13,5.873042813e-14,2.078220095e-13,2.759508432e-14,2.900361509e-13,2.245590141e-13,2.325408011e-13,6.222181312e-14,4.913162943e-14,3.032225423e-13,1.79758326e-13,4.188504004e-13,9.245258047e-13,2.329859833e-13,2.385310199e-13,9.32741292e-14,8.525995023e-13,9.899554873e-14,9.117276907e-14,3.1213786e-14,1.805640582e-13,5.870485504e-14,1.42250648e-13,1.530429924e-13,2.068459596e-13,2.374484451e-13,4.390010284e-14,8.255814034e-14,1.019769825e-13
84.34375,1.723451217e-13,3.744702584e-13,2.494504619e-13,1.268188143e-13,5.883541886e-14,2.118801966e-13,2.819465793e-14,2.886877531e-13,2.239765086e-13,2.326743682e-13,6.411023096e-14,4.937696725e-14,3.037758426e-13,1.805351251e-13,4.167583227e-13,9.160802193e-13,2.318314797e-13,2.3820892e-13,9.316142798e-14,8.571309648e-13,9.967358612e-14,9.125896348e-14,3.131301139e-14,1.809870634e-13,5.879244911e-14,1.42267232e-13,1.516551343e-13,2.06912983e-13,2.423298171e-13,4.367170794e-14,8.289434606e-14,1.017247351e-13
84.3515625,1.719948077e-13,3.713284403e-13,2.55131415e-13,1.273489374e-13,5.893213282e-14,2.158729866e-13,2.87933071e-14,2.873828464e-13,2.233756178e-13,2.327675519e-13,6.605120421e-14,4.962094281e-14,3.042202617e-13,1.81295209e-13,4.147115895e-13,9.077246761e-13,2.308450038e-13,2.380862761e-13,9.305743408e-14,8.615319246e-13,1.003241631e-13,9.133170068e-14,3.137851151e-14,1.814928131e-13,5.889776993e-14,1.423125805e-13,1.502876616e-13,2.068950312e-13,2.471995484e-13,4.344586318e-14,8.323543529e-14,1.014474446e-13
84.359375,1.71620347e-13,3.685476405e-13,2.607425478e-13,1.278590732e-13,5.904520411e-14,2.198034969e-13,2.9399699e-14,2.860866174e-13,2.228008413e-13,2.328023515e-13,6.806693312e-14,4.986434797e-14,3.045689791e-13,1.820047996e-13,4.124749856e-13,8.991685307e-13,2.297725531e-13,2.379931211e-13,9.290637598e-14,8.657785623e-13,1.010263747e-13,9.142220558e-14,3.143795439e-14,1.820696658e-13,5.899964719e-14,1.424238188e-13,1.489158836e-13,2.068659906e-13,2.521432957e-13,4.32351481e-14,8.357182714e-14,1.012019886e-13
84.3671875,1.714026087e-13,3.660868918e-13,2.663934888e-13,1.283016927e-13,5.917236204e-14,2.237768393e-13,3.000366698e-14,2.846554308e-13,2.221601834e-13,2.32759745e-13,7.018949235e-14,5.007530293e-14,3.049645968e-13,1.826943676e-13,4.101174634e-13,8.90470946e-13,2.286693065e-13,2.379601002e-13,9.277250543e-14,8.699144844e-13,1.017372469e-13,9.151011169e-14,3.150151796e-14,1.826207818e-13,5.911113752e-14,1.425838751e-13,1.475412213e-13,2.068769084e-13,2.571804671e-13,4.301648136e-14,8.389617591e-14,1.009888142e-13
84.375,1.713823649e-13,3.634683473e-13,2.721817597e-13,1.288140975e-13,5.930825166e-14,2.27804864e-13,3.061223558e-14,2.831907756e-13,2.214852567e-13,2.326740412e-13,7.236422716e-14,5.026700302e-14,3.054663045e-13,1.834681325e-13,4.07841428e-13,8.819356269e-13,2.277608261e-13,2.379970269e-13,9.270531679e-14,8.741264712e-13,1.024399242e-13,9.158755663e-14,3.155200887e-14,1.832266689e-13,5.925574948e-14,1.427225885e-13,1.461977061e-13,2.068792926e-13,2.622443942e-13,4.277391054e-14,8.425555011e-14,1.007704287e-13
84.3828125,1.715069586e-13,3.60933634e-13,2.780838068e-13,1.29471425e-13,5.951788421e-14,2.318400289e-13,3.122969291e-14,2.818280635e-13,2.208869984e-13,2.326190654e-13,7.457859858e-14,5.050391767e-14,3.060306171e-13,1.844075691e-13,4.055656032e-13,8.734813557e-13,2.268624901e-13,2.379777456e-13,9.26619316e-14,8.785439127e-13,1.032076177e-13,9.170682186e-14,3.15716874e-14,1.838931277e-13,5.939689915e-14,1.428272418e-13,1.449300744e-13,2.069581252e-13,2.674051328e-13,4.252787081e-14,8.469975912e-14,1.005485721e-13
84.390625,1.717347046e-13,3.587393526e-13,2.84053877e-13,1.302764249e-13,5.981243151e-14,2.35926854e-13,3.185009658e-14,2.804660808e-13,2.202852344e-13,2.325953129e-13,7.686686122e-14,5.077504403e-14,3.066210254e-13,1.854334772e-13,4.032370596e-13,8.649171414e-13,2.258337942e-13,2.379232632e-13,9.260567468e-14,8.829520597e-13,1.040358994e-13,9.185053078e-14,3.156816543e-14,1.845060623e-13,5.951571912e-14,1.4292339e-13,1.437035616e-13,2.071588677e-13,2.726780253e-13,4.228396809e-14,8.516234315e-14,1.003203408e-13
84.3984375,1.71984435e-13,3.566491693e-13,2.900351065e-13,1.31228337e-13,6.007443101e-14,2.399995435e-13,3.247022467e-14,2.790646665e-13,2.196134766e-13,2.325501527e-13,7.922729402e-14,5.103805633e-14,3.071785516e-13,1.864095399e-13,4.008947251e-13,8.561969104e-13,2.248921746e-13,2.37912975e-13,9.254586789e-14,8.86983643e-13,1.048904377e-13,9.19529971e-14,3.156862263e-14,1.851371088e-13,5.965746472e-14,1.429884007e-13,1.424368985e-13,2.073595501e-13,2.779797405e-13,4.202710491e-14,8.55749757e-14,1.000813348e-13
84.40625,1.723271676e-13,3.546334204e-13,2.960066221e-13,1.321183971e-13,6.026781628e-14,2.43960488e-13,3.308896566e-14,2.777132228e-13,2.189644384e-13,2.32450168e-13,8.167591781e-14,5.130493488e-14,3.076578579e-13,1.873632045e-13,3.984134183e-13,8.47294454e-13,2.240640232e-13,2.379373662e-13,9.249758436e-14,8.907194464e-13,1.057839787e-13,9.205202099e-14,3.157164087e-14,1.858267887e-13,5.983407639e-14,1.43040925e-13,1.411713544e-13,2.075693837e-13,2.833131708e-13,4.177869695e-14,8.598778016e-14,9.986942052e-14
84.4140625,1.729024222e-13,3.526308418e-13,3.02079086e-13,1.328091023e-13,6.049920753e-14,2.480034416e-13,3.37191729e-14,2.763402656e-13,2.183208031e-13,2.323021843e-13,8.419125601e-14,5.155568612e-14,3.081178767e-13,1.884004279e-13,3.957341975e-13,8.382360787e-13,2.231933741e-13,2.37985957e-13,9.243982037e-14,8.946012203e-13,1.066847653e-13,9.220026263e-14,3.156200231e-14,1.864507866e-13,6.000933868e-14,1.431494076e-13,1.399956265e-13,2.078419373e-13,2.886445298e-13,4.155958918e-14,8.641985627e-14,9.968922607e-14
84.421875,1.735622395e-13,3.504829667e-13,3.083195102e-13,1.33604083e-13,6.081545336e-14,2.522345169e-13,3.436251457e-14,2.748677567e-13,2.176099544e-13,2.321484145e-13,8.673041448e-14,5.176052292e-14,3.086152321e-13,1.895029789e-13,3.929976845e-13,8.290795603e-13,2.223386395e-13,2.380367495e-13,9.233949052e-14,8.987074075e-13,1.075721608e-13,9.234781325e-14,3.15605935e-14,1.870898431e-13,6.017441277e-14,1.432869204e-13,1.388440197e-13,2.080866994e-13,2.938809094e-13,4.134497494e-14,8.68095508e-14,9.949294671e-14
84.4296875,1.741470282e-13,3.485687953e-13,3.145416325e-13,1.346741259e-13,6.115217189e-14,2.563554157e-13,3.498608483e-14,2.734122758e-13,2.169046516e-13,2.31996952e-13,8.937021853e-14,5.195738439e-14,3.091305857e-13,1.905939425e-13,3.90247839e-13,8.198623806e-13,2.215416484e-13,2.380942975e-13,9.222226224e-14,9.027974148e-13,1.084966682e-13,9.245263035e-14,3.156854008e-14,1.878817278e-13,6.034419706e-14,1.433972471e-13,1.376081335e-13,2.08330713e-13,2.990498939e-13,4.113163468e-14,8.715517749e-14,9.927023307e-14
84.4375,1.748092588e-13,3.47149372e-13,3.205852671e-13,1.35714326e-13,6.146143703e-14,2.602311272e-13,3.55817848e-14,2.720232888e-13,2.162418935e-13,2.318251287e-13,9.211482848e-14,5.21599611e-14,3.09650386e-13,1.916679959e-13,3.87413048e-13,8.106582024e-13,2.207317379e-13,2.382348006e-13,9.213631732e-14,9.069399988e-13,1.094739186e-13,9.254664797e-14,3.15373312e-14,1.887261095e-13,6.052335058e-14,1.435326599e-13,1.363568918e-13,2.086679737e-13,3.042409987e-13,4.094439175e-14,8.751095652e-14,9.90418153e-14
84.4453125,1.756497525e-13,3.458488488e-13,3.265903862e-13,1.365878222e-13,6.177253956e-14,2.640923663e-13,3.617657841e-14,2.706283429e-13,2.155820199e-13,2.316629335e-13,9.479638808e-14,5.235766178e-14,3.101805847e-13,1.927641602e-13,3.845051021e-13,8.015263402e-13,2.19982921e-13,2.384794053e-13,9.207466028e-14,9.112846118e-13,1.104931536e-13,9.266458602e-14,3.145948425e-14,1.896017316e-13,6.071611612e-14,1.437358954e-13,1.352322759e-13,2.090009333e-13,3.095174688e-13,4.076930788e-14,8.792574729e-14,9.881538116e-14
84.453125,1.765526998e-13,3.444563703e-13,3.32667029e-13,1.374663054e-13,6.211967981e-14,2.680020935e-13,3.677245771e-14,2.692540718e-13,2.149454291e-13,2.314922288e-13,9.739157425e-14,5.256620927e-14,3.107307134e-13,1.93890215e-13,3.815903259e-13,7.924876812e-13,2.193216039e-13,2.388122712e-13,9.199732455e-14,9.155354804e-13,1.115519308e-13,9.279964771e-14,3.137565287e-14,1.905815425e-13,6.093219581e-14,1.439386207e-13,1.342138301e-13,2.092662119e-13,3.148589333e-13,4.059052843e-14,8.842442237e-14,9.860160959e-14
84.4609375,1.774996497e-13,3.430408704e-13,3.387370702e-13,1.383568812e-13,6.246990202e-14,2.718376259e-13,3.736878651e-14,2.679409828e-13,2.143082346e-13,2.311841788e-13,1.000291628e-13,5.274360856e-14,3.112846911e-13,1.950043787e-13,3.787313205e-13,7.835931983e-13,2.186391569e-13,2.392562817e-13,9.186514494e-14,9.194715286e-13,1.126157474e-13,9.291508366e-14,3.129397725e-14,1.915744815e-13,6.116908513e-14,1.44094629e-13,1.331966898e-13,2.095371907e-13,3.201271436e-13,4.04269743e-14,8.894341844e-14,9.840476706e-14
84.46875,1.786094417e-13,3.417136473e-13,3.448850761e-13,1.39195273e-13,6.281240818e-14,2.756771609e-13,3.798919088e-14,2.666209039e-13,2.136184095e-13,2.307222617e-13,1.027655994e-13,5.288131135e-14,3.117617884e-13,1.961293773e-13,3.759939673e-13,7.74855186e-13,2.180226618e-13,2.397743892e-13,9.169372985e-14,9.233733638e-13,1.137034184e-13,9.301249915e-14,3.120214281e-14,1.925626367e-13,6.140517714e-14,1.442579125e-13,1.322168863e-13,2.098339767e-13,3.253296526e-13,4.027497089e-14,8.941810449e-14,9.821069028e-14
84.4765625,1.799059583e-13,3.407626443e-13,3.512314046e-13,1.400597842e-13,6.320902192e-14,2.796470865e-13,3.86319226e-14,2.652430275e-13,2.129086716e-13,2.302318662e-13,1.056034562e-13,5.308861246e-14,3.121531365e-13,1.973815539e-13,3.733548162e-13,7.661408016e-13,2.175718805e-13,2.402880116e-13,9.15817474e-14,9.273529836e-13,1.148675378e-13,9.314008553e-14,3.110988053e-14,1.935989504e-13,6.162822819e-14,1.444751234e-13,1.313637046e-13,2.101847927e-13,3.306147573e-13,4.011147428e-14,8.990202879e-14,9.800363496e-14
84.484375,1.812639168e-13,3.400496373e-13,3.575742459e-13,1.409656138e-13,6.36405113e-14,2.835894215e-13,3.926869507e-14,2.638312649e-13,2.121684199e-13,2.297352353e-13,1.084745341e-13,5.334620122e-14,3.125506645e-13,1.987089136e-13,3.706668121e-13,7.572817462e-13,2.171170289e-13,2.407807177e-13,9.154391475e-14,9.312464277e-13,1.16036894e-13,9.32841377e-14,3.102982371e-14,1.945839642e-13,6.18556902e-14,1.447367651e-13,1.30594827e-13,2.10574246e-13,3.358761806e-13,3.9948329e-14,9.040503319e-14,9.778522938e-14
84.4921875,1.826015368e-13,3.390661222e-13,3.637570633e-13,1.41786264e-13,6.402901886e-14,2.872538547e-13,3.988693749e-14,2.624338302e-13,2.113915666e-13,2.291863359e-13,1.113126975e-13,5.352896178e-14,3.129195884e-13,1.999072525e-13,3.678393342e-13,7.483309133e-13,2.166153809e-13,2.412758239e-13,9.147118331e-14,9.351856086e-13,1.171568062e-13,9.340192215e-14,3.096201618e-14,1.955732679e-13,6.210642974e-14,1.450526522e-13,1.298412735e-13,2.108432654e-13,3.409873422e-13,3.981315781e-14,9.085350919e-14,9.760044379e-14
84.5,1.840550702e-13,3.38067892e-13,3.699345905e-13,1.424602313e-13,6.442203694e-14,2.906957866e-13,4.048642592e-14,2.61065138e-13,2.106802395e-13,2.28637592e-13,1.142011028e-13,5.370040931e-14,3.131861275e-13,2.010168709e-13,3.649530559e-13,7.39482828e-13,2.162567856e-13,2.418432789e-13,9.137048522e-14,9.391310943e-13,1.183204659e-13,9.353177783e-14,3.089618005e-14,1.967351074e-13,6.237998646e-14,1.454325538e-13,1.291213418e-13,2.110351208e-13,3.461569465e-13,3.97057462e-14,9.130127925e-14,9.747232364e-14
84.5078125,1.857938713e-13,3.375617137e-13,3.761837428e-13,1.431452452e-13,6.487565609e-14,2.941695025e-13,4.106498139e-14,2.596687419e-13,2.099981574e-13,2.281330876e-13,1.171405969e-13,5.393577995e-14,3.134876957e-13,2.022083255e-13,3.621181917e-13,7.307121968e-13,2.160523617e-13,2.425812191e-13,9.132492659e-14,9.426965055e-13,1.195376906e-13,9.369130952e-14,3.081491576e-14,1.979442036e-13,6.266745758e-14,1.458168596e-13,1.284797584e-13,2.114019062e-13,3.514559992e-13,3.959895095e-14,9.184047544e-14,9.73252025e-14
84.515625,1.877355496e-13,3.372287234e-13,3.824800989e-13,1.43971767e-13,6.533043755e-14,2.976860321e-13,4.161683775e-14,2.582442205e-13,2.092260874e-13,2.276258242e-13,1.200474577e-13,5.413362344e-14,3.139236937e-13,2.034102424e-13,3.593385503e-13,7.218913743e-13,2.159095511e-13,2.434612233e-13,9.127396786e-14,9.461933453e-13,1.20706426e-13,9.383136488e-14,3.071816696e-14,1.991260695e-13,6.29544036e-14,1.461988345e-13,1.279404927e-13,2.118985117e-13,3.566434036e-13,3.948221746e-14,9.241397538e-14,9.712874742e-14
84.5234375,1.896905992e-13,3.36711238e-13,3.889159347e-13,1.447156001e-13,6.578296545e-14,3.010459873e-13,4.214189262e-14,2.568859975e-13,2.084711218e-13,2.270914376e-13,1.230864264e-13,5.429146247e-14,3.143133522e-13,2.045450576e-13,3.565509374e-13,7.13041856e-13,2.15846192e-13,2.44319163e-13,9.117800735e-14,9.501630486e-13,1.218449335e-13,9.397345567e-14,3.062959652e-14,2.004369842e-13,6.323551077e-14,1.466918022e-13,1.274511307e-13,2.123072635e-13,3.616690591e-13,3.938892928e-14,9.297313173e-14,9.697703489e-14
84.53125,1.916757436e-13,3.362124855e-13,3.954101133e-13,1.452043344e-13,6.628632162e-14,3.042280191e-13,4.266233716e-14,2.555821452e-13,2.078259978e-13,2.265414956e-13,1.263589144e-13,5.451069341e-14,3.145010339e-13,2.057274615e-13,3.537157443e-13,7.041256624e-13,2.158556903e-13,2.450771068e-13,9.113103435e-14,9.540959922e-13,1.23026368e-13,9.415973504e-14,3.055784273e-14,2.018107712e-13,6.352755628e-14,1.47294569e-13,1.269284714e-13,2.126662476e-13,3.666479904e-13,3.933215991e-14,9.3563506e-14,9.688284929e-14
84.5390625,1.93865704e-13,3.359323731e-13,4.016400617e-13,1.456960418e-13,6.68137484e-14,3.07322838e-13,4.319296461e-14,2.542635594e-13,2.071926892e-13,2.259312211e-13,1.296030686e-13,5.475666296e-14,3.145446509e-13,2.069845943e-13,3.508538691e-13,6.951459866e-13,2.159331728e-13,2.458201562e-13,9.112213919e-14,9.575011503e-13,1.242405079e-13,9.435322853e-14,3.048815771e-14,2.031440571e-13,6.383216461e-14,1.47856593e-13,1.264487037e-13,2.130610027e-13,3.715696588e-13,3.926638276e-14,9.418338301e-14,9.676769743e-14
84.546875,1.963316546e-13,3.35967666e-13,4.075291077e-13,1.463014665e-13,6.735745718e-14,3.102747875e-13,4.370772391e-14,2.529702993e-13,2.065692961e-13,2.251946193e-13,1.326763732e-13,5.49928715e-14,3.145013556e-13,2.082609083e-13,3.479829117e-13,6.863443937e-13,2.161074552e-13,2.466238024e-13,9.105971905e-14,9.608080491e-13,1.254885332e-13,9.454850959e-14,3.042369414e-14,2.045380433e-13,6.41327011e-14,1.483822084e-13,1.261493911e-13,2.134409343e-13,3.764432183e-13,3.917200156e-14,9.480695348e-14,9.665548281e-14
84.5546875,1.989860527e-13,3.363180924e-13,4.133604514e-13,1.468058481e-13,6.795038927e-14,3.130771149e-13,4.418538508e-14,2.516762669e-13,2.059771049e-13,2.243861364e-13,1.356929663e-13,5.527904534e-14,3.144123074e-13,2.096053362e-13,3.450889718e-13,6.777239149e-13,2.16320186e-13,2.475077733e-13,9.099398233e-14,9.640480758e-13,1.267983429e-13,9.47791681e-14,3.038340176e-14,2.059070188e-13,6.444858952e-14,1.489974296e-13,1.260070521e-13,2.138601431e-13,3.813584213e-13,3.908291417e-14,9.547148323e-14,9.657706706e-14
84.5625,2.017490576e-13,3.367522868e-13,4.193430093e-13,1.472465112e-13,6.855473121e-14,3.158908891e-13,4.464121371e-14,2.50310928e-13,2.053347434e-13,2.236537441e-13,1.386995163e-13,5.560878749e-14,3.144074836e-13,2.110307773e-13,3.422672018e-13,6.691316764e-13,2.165728026e-13,2.485111726e-13,9.10025403e-14,9.669551424e-13,1.281397054e-13,9.502178934e-14,3.035866042e-14,2.071537046e-13,6.480524229e-14,1.496867991e-13,1.259670003e-13,2.144297221e-13,3.863660126e-13,3.902189662e-14,9.620095582e-14,9.648488653e-14
84.5703125,2.046578082e-13,3.37201173e-13,4.253120506e-13,1.477680998e-13,6.91602959e-14,3.187028563e-13,4.508424704e-14,2.490205108e-13,2.047203076e-13,2.229867406e-13,1.417432841e-13,5.592575629e-14,3.14483187e-13,2.12461937e-13,3.396864858e-13,6.608551703e-13,2.169579162e-13,2.495913683e-13,9.102994156e-14,9.701496213e-13,1.294515661e-13,9.526349451e-14,3.032560514e-14,2.084646757e-13,6.517276159e-14,1.504201361e-13,1.260319323e-13,2.15064989e-13,3.914040992e-13,3.899411652e-14,9.694693671e-14,9.642160985e-14
84.578125,2.077921676e-13,3.378108603e-13,4.310139538e-13,1.48293412e-13,6.981891084e-14,3.213389335e-13,4.55151461e-14,2.479097563e-13,2.042246645e-13,2.22213122e-13,1.448725481e-13,5.621099325e-14,3.144536831e-13,2.13886343e-13,3.373048461e-13,6.530317952e-13,2.174379422e-13,2.50634162e-13,9.099873466e-14,9.739370583e-13,1.307104729e-13,9.552253958e-14,3.028730978e-14,2.098582152e-13,6.552817594e-14,1.512547041e-13,1.261480483e-13,2.156303612e-13,3.962546674e-13,3.898754072e-14,9.766302101e-14,9.644382844e-14
84.5859375,2.111321822e-13,3.386389562e-13,4.366132982e-13,1.488224676e-13,7.050983957e-14,3.238949277e-13,4.595851757e-14,2.4681461e-13,2.037097273e-13,2.213465622e-13,1.479903412e-13,5.648602347e-14,3.143136967e-13,2.153623423e-13,3.349406672e-13,6.45195549e-13,2.179634804e-13,2.516587344e-13,9.093251313e-14,9.775214013e-13,1.319765975e-13,9.578822083e-14,3.026586029e-14,2.112224935e-13,6.590098358e-14,1.521245687e-13,1.262927946e-13,2.161975258e-13,4.008721932e-13,3.896515037e-14,9.839964632e-14,9.646015338e-14
84.59375,2.145340355e-13,3.397462215e-13,4.424406271e-13,1.493692249e-13,7.11988713e-14,3.26549306e-13,4.642486757e-14,2.45682481e-13,2.031609488e-13,2.20570712e-13,1.510610257e-13,5.68243694e-14,3.141981055e-13,2.169383672e-13,3.325943665e-13,6.371999497e-13,2.18567364e-13,2.52732257e-13,9.090321694e-14,9.806456305e-13,1.333313025e-13,9.607484683e-14,3.026852546e-14,2.126746507e-13,6.630214084e-14,1.529396621e-13,1.265084015e-13,2.168943185e-13,4.055767341e-13,3.892772463e-14,9.924267421e-14,9.64339725e-14
84.6015625,2.178949843e-13,3.409744594e-13,4.48374163e-13,1.497867734e-13,7.188341355e-14,3.290919284e-13,4.68836175e-14,2.446275362e-13,2.027104441e-13,2.198656564e-13,1.541421803e-13,5.72252857e-14,3.140487072e-13,2.18550112e-13,3.303532302e-13,6.293793206e-13,2.191995316e-13,2.538429636e-13,9.089253113e-14,9.837270743e-13,1.347141618e-13,9.638918218e-14,3.027344092e-14,2.141929865e-13,6.672265199e-14,1.53813098e-13,1.267807052e-13,2.176271938e-13,4.104507147e-13,3.89151921e-14,1.001479667e-13,9.646004794e-14
84.609375,2.212989003e-13,3.41946362e-13,4.541703992e-13,1.501019893e-13,7.251406625e-14,3.312890786e-13,4.731678963e-14,2.436011284e-13,2.022732112e-13,2.190863911e-13,1.571953738e-13,5.758075909e-14,3.137760558e-13,2.200571189e-13,3.281758288e-13,6.217699133e-13,2.198599828e-13,2.550148117e-13,9.082418429e-14,9.866330136e-13,1.360059991e-13,9.666446068e-14,3.026305155e-14,2.155850828e-13,6.717925599e-14,1.548251784e-13,1.271600731e-13,2.182459001e-13,4.151741403e-13,3.892714047e-14,1.010009636e-13,9.654256866e-14
84.6171875,2.249381875e-13,3.428948207e-13,4.599507315e-13,1.504248579e-13,7.313944166e-14,3.333586561e-13,4.773244692e-14,2.425402949e-13,2.017676972e-13,2.182656747e-13,1.602301614e-13,5.791332443e-14,3.13412533e-13,2.215263366e-13,3.260444492e-13,6.142868272e-13,2.206815583e-13,2.562256926e-13,9.075407668e-14,9.893391074e-13,1.372622299e-13,9.690811472e-14,3.027628793e-14,2.169087846e-13,6.76571879e-14,1.55881968e-13,1.277669054e-13,2.188588941e-13,4.196994378e-13,3.894128482e-14,1.018215465e-13,9.663752107e-14
84.625,2.289016218e-13,3.443116685e-13,4.657757606e-13,1.506597966e-13,7.390285939e-14,3.355545514e-13,4.813257389e-14,2.415399297e-13,2.012916732e-13,2.174879051e-13,1.633313518e-13,5.831735549e-14,3.129374264e-13,2.231623036e-13,3.240863665e-13,6.070985865e-13,2.217105041e-13,2.573936771e-13,9.078609206e-14,9.923510548e-13,1.385885482e-13,9.720350073e-14,3.036233085e-14,2.182583999e-13,6.81161678e-14,1.569717865e-13,1.28542159e-13,2.196356212e-13,4.242120695e-13,3.89606793e-14,1.026866254e-13,9.678632825e-14
84.6328125,2.330005087e-13,3.459218523e-13,4.715040509e-13,1.50821665e-13,7.471758546e-14,3.377557701e-13,4.853028088e-14,2.406102901e-13,2.008093625e-13,2.167324412e-13,1.664340168e-13,5.872625075e-14,3.123981006e-13,2.248858085e-13,3.223766747e-13,6.002638e-13,2.229268684e-13,2.586379928e-13,9.085588235e-14,9.954802961e-13,1.399362689e-13,9.750725186e-14,3.049902584e-14,2.195966451e-13,6.859146818e-14,1.581582161e-13,1.293920811e-13,2.204929916e-13,4.286882428e-13,3.899161621e-14,1.035730829e-13,9.698141333e-14
84.640625,2.369252071e-13,3.474230889e-13,4.772013712e-13,1.510813742e-13,7.540047715e-14,3.397411503e-13,4.894236452e-14,2.396490557e-13,2.002317574e-13,2.15971276e-13,1.694366935e-13,5.910260685e-14,3.119390212e-13,2.264779048e-13,3.208099005e-13,5.93662749e-13,2.242721443e-13,2.600930874e-13,9.088036039e-14,9.980280468e-13,1.41256988e-13,9.774736026e-14,3.064493776e-14,2.209123976e-13,6.913709585e-14,1.594086819e-13,1.304194672e-13,2.212912255e-13,4.331532333e-13,3.904611798e-14,1.044777623e-13,9.71603771e-14
84.6484375,2.407053767e-13,3.490777907e-13,4.829380031e-13,1.513810759e-13,7.604691519e-14,3.414846017e-13,4.934807262e-14,2.386511683e-13,1.996526667e-13,2.151749796e-13,1.723776411e-13,5.953832409e-14,3.114730769e-13,2.279943088e-13,3.193028328e-13,5.873280829e-13,2.256190034e-13,2.616392524e-13,9.091011795e-14,1.00010554e-12,1.425944485e-13,9.798951715e-14,3.080307273e-14,2.221197584e-13,6.972588296e-14,1.607258464e-13,1.316617405e-13,2.220447717e-13,4.376875249e-13,3.913559181e-14,1.054648302e-13,9.736508432e-14
84.65625,2.446565514e-13,3.508102002e-13,4.88598281e-13,1.515481706e-13,7.679860221e-14,3.43133774e-13,4.97348359e-14,2.377137953e-13,1.991443245e-13,2.143264531e-13,1.752926076e-13,6.001510012e-14,3.108554626e-13,2.295833983e-13,3.179790055e-13,5.814263841e-13,2.270470512e-13,2.632180798e-13,9.096524397e-14,1.00236507e-12,1.439188734e-13,9.827661133e-14,3.097623213e-14,2.232420815e-13,7.032890975e-14,1.621777769e-13,1.32984762e-13,2.227970821e-13,4.421192657e-13,3.923511043e-14,1.065139526e-13,9.765205288e-14
84.6640625,2.488282786e-13,3.524421366e-13,4.942466077e-13,1.515835239e-13,7.75652536e-14,3.447999826e-13,5.01322752e-14,2.368970832e-13,1.986668623e-13,2.134928507e-13,1.781411677e-13,6.048047564e-14,3.102007907e-13,2.312288897e-13,3.16949888e-13,5.759731339e-13,2.287350484e-13,2.649136487e-13,9.101350244e-14,1.004990803e-12,1.45152531e-13,9.85545006e-14,3.116337943e-14,2.245180249e-13,7.096884038e-14,1.63718885e-13,1.34390568e-13,2.235913562e-13,4.464245013e-13,3.932640187e-14,1.075876913e-13,9.796945556e-14
84.671875,2.530584836e-13,3.543179663e-13,5.000003214e-13,1.515363399e-13,7.824780258e-14,3.463713052e-13,5.054520846e-14,2.361285189e-13,1.981869298e-13,2.126886985e-13,1.809165505e-13,6.098918484e-14,3.095804303e-13,2.328818452e-13,3.16088049e-13,5.707401458e-13,2.305334087e-13,2.666512206e-13,9.106874003e-14,1.007667278e-12,1.463193545e-13,9.881003012e-14,3.138810034e-14,2.258646568e-13,7.164718969e-14,1.652832127e-13,1.359967211e-13,2.244688187e-13,4.508159255e-13,3.943117426e-14,1.08743776e-13,9.827981332e-14
84.6796875,2.573277852e-13,3.563449248e-13,5.057420051e-13,1.513774145e-13,7.88713572e-14,3.477331013e-13,5.095280225e-14,2.353171568e-13,1.976630092e-13,2.118504238e-13,1.836777932e-13,6.151660737e-14,3.088695935e-13,2.344941545e-13,3.152618177e-13,5.655628492e-13,2.322765644e-13,2.683308328e-13,9.111513508e-14,1.010130858e-12,1.474732579e-13,9.905829349e-14,3.165794906e-14,2.270138164e-13,7.23410533e-14,1.669317197e-13,1.37751319e-13,2.253365089e-13,4.551541794e-13,3.95573946e-14,1.099642555e-13,9.862577311e-14
84.6875,2.616065208e-13,3.58080151e-13,5.114364273e-13,1.511236505e-13,7.948591367e-14,3.490112273e-13,5.13643265e-14,2.345127893e-13,1.970893574e-13,2.110234441e-13,1.864862433e-13,6.200765746e-14,3.080270405e-13,2.360251201e-13,3.145471342e-13,5.60557498e-13,2.341340595e-13,2.700321124e-13,9.114412946e-14,1.012377366e-12,1.486104477e-13,9.928664666e-14,3.196539582e-14,2.280876558e-13,7.304932772e-14,1.686927804e-13,1.395411051e-13,2.261198385e-13,4.592457408e-13,3.970046297e-14,1.111545954e-13,9.902298256e-14
84.6953125,2.659419427e-13,3.599982003e-13,5.171615591e-13,1.508482331e-13,8.014424144e-14,3.503183231e-13,5.178044664e-14,2.337421139e-13,1.965156716e-13,2.102392449e-13,1.89345409e-13,6.255272312e-14,3.07157101e-13,2.376411798e-13,3.140255888e-13,5.558133953e-13,2.362015221e-13,2.718164991e-13,9.124407658e-14,1.014373681e-12,1.497449508e-13,9.950799876e-14,3.231651103e-14,2.29192406e-13,7.37730679e-14,1.704711977e-13,1.414572708e-13,2.269881431e-13,4.633590797e-13,3.987360788e-14,1.123918173e-13,9.943796334e-14
84.703125,2.706517641e-13,3.625985338e-13,5.228182385e-13,1.505411666e-13,8.086463275e-14,3.51598104e-13,5.217199995e-14,2.329078275e-13,1.95936392e-13,2.093877417e-13,1.921688566e-13,6.318497636e-14,3.063691092e-13,2.395644191e-13,3.136550539e-13,5.512421442e-13,2.383093297e-13,2.7359491e-13,9.142699762e-14,1.016072193e-12,1.509237786e-13,9.974421386e-14,3.26910216e-14,2.301505055e-13,7.44979435e-14,1.72208122e-13,1.436620356e-13,2.2807831e-13,4.676316479e-13,4.005907983e-14,1.138051688e-13,9.986314214e-14
84.7109375,2.7567586e-13,3.652653396e-13,5.283399158e-13,1.502350162e-13,8.158307869e-14,3.527840223e-13,5.25463025e-14,2.320116735e-13,1.953251088e-13,2.084748318e-13,1.948071065e-13,6.380058828e-14,3.056101155e-13,2.416313232e-13,3.134027855e-13,5.468513256e-13,2.403276971e-13,2.752868306e-13,9.15680503e-14,1.017675295e-12,1.521164102e-13,9.996964874e-14,3.306159315e-14,2.309758952e-13,7.522882991e-14,1.739631303e-13,1.461228857e-13,2.291981151e-13,4.718051509e-13,4.021727114e-14,1.152940718e-13,1.003265162e-13
84.71875,2.80453695e-13,3.674878399e-13,5.338456848e-13,1.500548328e-13,8.220975845e-14,3.538118301e-13,5.294461966e-14,2.311448451e-13,1.946785994e-13,2.075835451e-13,1.972104654e-13,6.437974538e-14,3.046759838e-13,2.434689305e-13,3.133197278e-13,5.427715504e-13,2.42343863e-13,2.770120728e-13,9.162056282e-14,1.01927078e-12,1.532053084e-13,1.001412372e-13,3.345537801e-14,2.317908239e-13,7.600723877e-14,1.758436469e-13,1.487207651e-13,2.300951049e-13,4.75794567e-13,4.038129149e-14,1.166978571e-13,1.008556638e-13
84.7265625,2.849915074e-13,3.695230677e-13,5.394398286e-13,1.498385781e-13,8.275041584e-14,3.547167871e-13,5.33787036e-14,2.303169553e-13,1.939790129e-13,2.066023132e-13,1.995423962e-13,6.497437264e-14,3.035798671e-13,2.451269321e-13,3.13502941e-13,5.390956781e-13,2.44602376e-13,2.789689928e-13,9.165678055e-14,1.020734496e-12,1.54155896e-13,1.002606218e-13,3.389308064e-14,2.325597937e-13,7.68527116e-14,1.779054201e-13,1.514783985e-13,2.308027564e-13,4.796793921e-13,4.062083718e-14,1.180677136e-13,1.014584137e-13
84.734375,2.898019914e-13,3.715563765e-13,5.451893856e-13,1.493326286e-13,8.333782715e-14,3.556648985e-13,5.382982241e-14,2.29517078e-13,1.932520967e-13,2.054835119e-13,2.019401272e-13,6.559687267e-14,3.025540937e-13,2.469520453e-13,3.13976657e-13,5.358151667e-13,2.471517059e-13,2.811103321e-13,9.172609581e-14,1.022212562e-12,1.550810353e-13,1.003760402e-13,3.434248026e-14,2.332933744e-13,7.772214043e-14,1.800813081e-13,1.544674924e-13,2.315221541e-13,4.835057748e-13,4.092007267e-14,1.195491591e-13,1.02107903e-13
84.7421875,2.947502954e-13,3.737416899e-13,5.51025851e-13,1.487733044e-13,8.397224446e-14,3.565516666e-13,5.4279155e-14,2.287286692e-13,1.925303942e-13,2.044203086e-13,2.042993337e-13,6.625631939e-14,3.015769423e-13,2.488484104e-13,3.146084512e-13,5.327621078e-13,2.496761888e-13,2.832278515e-13,9.181156052e-14,1.023758e-12,1.560457941e-13,1.004945695e-13,3.479140179e-14,2.340258547e-13,7.859130787e-14,1.822582384e-13,1.576340019e-13,2.323309716e-13,4.874667054e-13,4.121029017e-14,1.211498591e-13,1.027679627e-13
84.75,2.99389744e-13,3.763502873e-13,5.566763495e-13,1.483645089e-13,8.444297361e-14,3.571243189e-13,5.471913792e-14,2.279181587e-13,1.917868347e-13,2.034571087e-13,2.065120362e-13,6.694358967e-14,3.004494295e-13,2.504501233e-13,3.152898884e-13,5.298123452e-13,2.52011419e-13,2.852582844e-13,9.187269291e-14,1.025058543e-12,1.569934327e-13,1.005701605e-13,3.526220845e-14,2.347135104e-13,7.949554138e-14,1.844214334e-13,1.608777977e-13,2.331873219e-13,4.916410675e-13,4.147349449e-14,1.227692409e-13,1.034482167e-13
84.7578125,3.039848797e-13,3.791766462e-13,5.621214164e-13,1.478554035e-13,8.479643015e-14,3.575972713e-13,5.515539146e-14,2.271224185e-13,1.910347196e-13,2.02445492e-13,2.086508084e-13,6.764382846e-14,2.991994478e-13,2.519562898e-13,3.161141729e-13,5.271374785e-13,2.543858427e-13,2.872479227e-13,9.192025112e-14,1.026126911e-12,1.579219547e-13,1.006236067e-13,3.576315131e-14,2.353207342e-13,8.043576348e-14,1.866265756e-13,1.642148197e-13,2.340907015e-13,4.958154952e-13,4.172920063e-14,1.244006631e-13,1.041804874e-13
84.765625,3.089835637e-13,3.818027793e-13,5.677220229e-13,1.472930539e-13,8.535066912e-14,3.582905084e-13,5.560332576e-14,2.263536997e-13,1.902866976e-13,2.013522613e-13,2.107850581e-13,6.839432e-14,2.979582981e-13,2.538419016e-13,3.172422918e-13,5.249364284e-13,2.569742376e-13,2.89275962e-13,9.202237886e-14,1.027149448e-12,1.588676816e-13,1.007119051e-13,3.630292215e-14,2.357800802e-13,8.137936569e-14,1.889304191e-13,1.677890205e-13,2.350150295e-13,4.999209373e-13,4.200532173e-14,1.261502406e-13,1.049649616e-13
84.7734375,3.141757529e-13,3.841995377e-13,5.736031528e-13,1.468823054e-13,8.608697405e-14,3.589947515e-13,5.608350405e-14,2.255653984e-13,1.894997771e-13,2.001801577e-13,2.128742559e-13,6.919815301e-14,2.967170293e-13,2.559923791e-13,3.187232087e-13,5.231501483e-13,2.597417255e-13,2.91430769e-13,9.218578008e-14,1.028006632e-12,1.597730705e-13,1.008053845e-13,3.690075776e-14,2.361063152e-13,8.235364131e-14,1.914027953e-13,1.717124504e-13,2.358219387e-13,5.040001607e-13,4.23363104e-14,1.280541289e-13,1.058002673e-13
84.78125,3.191333455e-13,3.864677238e-13,5.795019751e-13,1.462787616e-13,8.67424943e-14,3.594549805e-13,5.660073483e-14,2.247921267e-13,1.887167754e-13,1.989099747e-13,2.148495019e-13,6.999856695e-14,2.954071979e-13,2.580006615e-13,3.20468298e-13,5.216614695e-13,2.625850929e-13,2.936603345e-13,9.233770302e-14,1.02869828e-12,1.606181196e-13,1.008597437e-13,3.755090523e-14,2.364295343e-13,8.340170714e-14,1.94024163e-13,1.759228717e-13,2.364826768e-13,5.079558796e-13,4.26985949e-14,1.300386679e-13,1.067063881e-13
84.7890625,3.238264152e-13,3.886837601e-13,5.852836221e-13,1.453599562e-13,8.730023853e-14,3.598244931e-13,5.712989439e-14,2.240316176e-13,1.879588418e-13,1.976583754e-13,2.167012245e-13,7.078026201e-14,2.940350107e-13,2.597944601e-13,3.223576273e-13,5.204811122e-13,2.653678522e-13,2.958694562e-13,9.24449634e-14,1.029232504e-12,1.6145787e-13,1.008701407e-13,3.822421384e-14,2.36677777e-13,8.450709743e-14,1.966624451e-13,1.803096286e-13,2.37168655e-13,5.118377364e-13,4.302525607e-14,1.320096807e-13,1.076796908e-13
84.796875,3.284631882e-13,3.909623862e-13,5.911145115e-13,1.4459006e-13,8.781809364e-14,3.602575476e-13,5.766382233e-14,2.231999278e-13,1.871113445e-13,1.965096958e-13,2.184932501e-13,7.155657469e-14,2.926796348e-13,2.614571078e-13,3.24443889e-13,5.196851738e-13,2.681396996e-13,2.981108629e-13,9.253954797e-14,1.02948757e-12,1.622410957e-13,1.008131761e-13,3.890347211e-14,2.367560548e-13,8.56439761e-14,1.993280989e-13,1.849030758e-13,2.379468309e-13,5.157873563e-13,4.332936313e-14,1.339229356e-13,1.086886359e-13
84.8046875,3.331527608e-13,3.932849218e-13,5.971222454e-13,1.439943096e-13,8.82491734e-14,3.606807848e-13,5.823731674e-14,2.223600893e-13,1.861888953e-13,1.95370648e-13,2.202191037e-13,7.233734098e-14,2.913603314e-13,2.630609902e-13,3.268794485e-13,5.193150098e-13,2.711375459e-13,3.004261534e-13,9.265199725e-14,1.029801149e-12,1.629244135e-13,1.007047686e-13,3.959719943e-14,2.368438034e-13,8.681370688e-14,2.021513292e-13,1.897632576e-13,2.38691741e-13,5.197374569e-13,4.366868118e-14,1.358717237e-13,1.097209739e-13
84.8125,3.378678941e-13,3.956652867e-13,6.030919563e-13,1.432206223e-13,8.859264639e-14,3.609682772e-13,5.885137738e-14,2.215951332e-13,1.853009602e-13,1.941769698e-13,2.217828895e-13,7.313756244e-14,2.899946816e-13,2.646960673e-13,3.295464912e-13,5.192672002e-13,2.743179645e-13,3.027193322e-13,9.277157776e-14,1.030318626e-12,1.636094992e-13,1.005950709e-13,4.032087323e-14,2.369618933e-13,8.800469744e-14,2.05047353e-13,1.948083597e-13,2.393521448e-13,5.236406379e-13,4.402874099e-14,1.379562235e-13,1.107979826e-13
84.8203125,3.426016447e-13,3.981989963e-13,6.086968458e-13,1.423098122e-13,8.886004158e-14,3.610607171e-13,5.945635996e-14,2.208189756e-13,1.843923859e-13,1.929350723e-13,2.232318935e-13,7.393526969e-14,2.885558097e-13,2.663124216e-13,3.321737166e-13,5.19352938e-13,2.774161138e-13,3.049011567e-13,9.287304799e-14,1.030386968e-12,1.643014549e-13,1.004616535e-13,4.106676294e-14,2.369031377e-13,8.919533056e-14,2.078633032e-13,1.999255489e-13,2.399959597e-13,5.275136799e-13,4.437841559e-14,1.40091802e-13,1.119395719e-13
84.828125,3.474194009e-13,4.007353297e-13,6.140620471e-13,1.414241454e-13,8.90991664e-14,3.610490534e-13,6.00396978e-14,2.200116517e-13,1.834394633e-13,1.916620955e-13,2.247096404e-13,7.472295215e-14,2.870942361e-13,2.678649898e-13,3.348475802e-13,5.196099467e-13,2.804943643e-13,3.070391051e-13,9.298363504e-14,1.029873339e-12,1.648968966e-13,1.002951263e-13,4.181499656e-14,2.367158372e-13,9.040638687e-14,2.107297984e-13,2.051424333e-13,2.406682294e-13,5.313130963e-13,4.473863228e-14,1.422396266e-13,1.13144659e-13
84.8359375,3.523078889e-13,4.031481185e-13,6.196040587e-13,1.405477125e-13,8.940883964e-14,3.610280844e-13,6.062404053e-14,2.192340098e-13,1.825252558e-13,1.904420008e-13,2.261753687e-13,7.55516171e-14,2.856039862e-13,2.694351894e-13,3.378447616e-13,5.203053801e-13,2.837671504e-13,3.09289524e-13,9.313473757e-14,1.029384698e-12,1.654352597e-13,1.001432117e-13,4.257005099e-14,2.364991184e-13,9.167662289e-14,2.138242564e-13,2.105740827e-13,2.413789866e-13,5.351680669e-13,4.513516546e-14,1.444898284e-13,1.144302326e-13
84.84375,3.571711349e-13,4.05567463e-13,6.253018824e-13,1.396388051e-13,8.970728156e-14,3.60874604e-13,6.121298814e-14,2.184102086e-13,1.815962454e-13,1.892702562e-13,2.274810195e-13,7.640755251e-14,2.840509218e-13,2.709472843e-13,3.410685877e-13,5.214190039e-13,2.870561243e-13,3.115650336e-13,9.326648034e-14,1.028994666e-12,1.659535301e-13,9.99798203e-14,4.334412477e-14,2.361317612e-13,9.29807424e-14,2.17074759e-13,2.162614943e-13,2.420737753e-13,5.392014738e-13,4.557087963e-14,1.467668571e-13,1.158151723e-13
84.8515625,3.619972917e-13,4.079804238e-13,6.308826598e-13,1.386605492e-13,8.987077424e-14,3.604898129e-13,6.182991389e-14,2.174880289e-13,1.806060305e-13,1.880160965e-13,2.286109169e-13,7.724007669e-14,2.824855029e-13,2.723183624e-13,3.442405311e-13,5.225563915e-13,2.900851358e-13,3.13596287e-13,9.334128789e-14,1.02839248e-12,1.663532008e-13,9.976757234e-14,4.41309093e-14,2.356383306e-13,9.427417055e-14,2.20351787e-13,2.221494785e-13,2.426717434e-13,5.432497536e-13,4.602203436e-14,1.490301811e-13,1.172433355e-13
84.859375,3.667901979e-13,4.103458867e-13,6.364948229e-13,1.377251245e-13,8.99955882e-14,3.600243432e-13,6.250174407e-14,2.165533898e-13,1.796398804e-13,1.867404549e-13,2.29656162e-13,7.809420234e-14,2.810209198e-13,2.736912603e-13,3.474033453e-13,5.236166825e-13,2.929965873e-13,3.155018887e-13,9.34393742e-14,1.027417443e-12,1.666527712e-13,9.954295103e-14,4.493535168e-14,2.351667151e-13,9.559516375e-14,2.236356779e-13,2.281943313e-13,2.432526122e-13,5.472513992e-13,4.645425419e-14,1.514666547e-13,1.186651845e-13
84.8671875,3.714491248e-13,4.127766875e-13,6.42370978e-13,1.36949356e-13,9.013114997e-14,3.59595905e-13,6.318433976e-14,2.156183572e-13,1.786594683e-13,1.856076287e-13,2.306440871e-13,7.899105784e-14,2.79695949e-13,2.750564666e-13,3.507442604e-13,5.249237944e-13,2.9598364e-13,3.175979332e-13,9.35935441e-14,1.025918881e-12,1.669675233e-13,9.929094806e-14,4.577794483e-14,2.346232652e-13,9.699698817e-14,2.269623788e-13,2.344100886e-13,2.439290677e-13,5.512862732e-13,4.687494329e-14,1.540290506e-13,1.201459482e-13
84.875,3.759335808e-13,4.151560485e-13,6.483047435e-13,1.361171055e-13,9.019512415e-14,3.591257482e-13,6.384757558e-14,2.146238089e-13,1.77572671e-13,1.845301611e-13,2.314778924e-13,7.98701946e-14,2.784311892e-13,2.763096016e-13,3.542858106e-13,5.26634125e-13,2.989272704e-13,3.197484928e-13,9.374450665e-14,1.02409151e-12,1.672898466e-13,9.898007562e-14,4.665489616e-14,2.338652383e-13,9.846389772e-14,2.303857143e-13,2.408715431e-13,2.445812844e-13,5.553117051e-13,4.730377553e-14,1.565358317e-13,1.217365995e-13
84.8828125,3.803554561e-13,4.17409863e-13,6.540799547e-13,1.351265641e-13,9.023392617e-14,3.58533185e-13,6.454413203e-14,2.135937221e-13,1.764478693e-13,1.83359214e-13,2.321148988e-13,8.075552246e-14,2.77169747e-13,2.776192281e-13,3.580542704e-13,5.287289965e-13,3.01834621e-13,3.217379281e-13,9.389884802e-14,1.022332002e-12,1.675958849e-13,9.866404966e-14,4.754932176e-14,2.329719676e-13,9.997882792e-14,2.339118043e-13,2.476876296e-13,2.450764475e-13,5.594383446e-13,4.772812887e-14,1.59161037e-13,1.233947821e-13
84.890625,3.848059469e-13,4.197114599e-13,6.598149147e-13,1.342412911e-13,9.029674338e-14,3.578356972e-13,6.528876097e-14,2.125629181e-13,1.753185805e-13,1.82116762e-13,2.3268903e-13,8.169560036e-14,2.759092303e-13,2.789974087e-13,3.621091934e-13,5.31255014e-13,3.048964091e-13,3.237369374e-13,9.40881823e-14,1.020524033e-12,1.678768447e-13,9.833730919e-14,4.846123996e-14,2.320523947e-13,1.015448198e-13,2.375067583e-13,2.548134935e-13,2.454915659e-13,5.637718978e-13,4.816078468e-14,1.619895337e-13,1.251133644e-13
84.8984375,3.892815767e-13,4.218386755e-13,6.656277637e-13,1.334601917e-13,9.031674091e-14,3.57127658e-13,6.604781952e-14,2.115059714e-13,1.741149476e-13,1.808174566e-13,2.332514891e-13,8.262021815e-14,2.746218067e-13,2.801698611e-13,3.663575272e-13,5.340809992e-13,3.079973911e-13,3.258459778e-13,9.427805365e-14,1.018416312e-12,1.68036657e-13,9.792803838e-14,4.939421603e-14,2.310490857e-13,1.031479428e-13,2.412189058e-13,2.620252853e-13,2.459049417e-13,5.680504547e-13,4.863172928e-14,1.647489873e-13,1.269305784e-13
84.90625,3.938122974e-13,4.236164816e-13,6.715110158e-13,1.325456159e-13,9.031903219e-14,3.565221128e-13,6.68463006e-14,2.104112768e-13,1.728548531e-13,1.794663481e-13,2.33672052e-13,8.349467319e-14,2.733581507e-13,2.812173043e-13,3.707536391e-13,5.370839778e-13,3.109937615e-13,3.279668714e-13,9.448455477e-14,1.01613182e-12,1.680802683e-13,9.747533822e-14,5.035262468e-14,2.298600311e-13,1.047941745e-13,2.450931655e-13,2.692951931e-13,2.463495833e-13,5.72255823e-13,4.91168846e-14,1.674196505e-13,1.288402998e-13
84.9140625,3.98446155e-13,4.255863206e-13,6.774629844e-13,1.3157499e-13,9.033311395e-14,3.559879687e-13,6.769825005e-14,2.092914174e-13,1.715702872e-13,1.781429286e-13,2.33951784e-13,8.44003084e-14,2.722168096e-13,2.823879859e-13,3.754193519e-13,5.404609369e-13,3.140977072e-13,3.301305152e-13,9.476046917e-14,1.013791397e-12,1.681375552e-13,9.703458215e-14,5.134429396e-14,2.285475741e-13,1.064906666e-13,2.490123467e-13,2.768582129e-13,2.468734161e-13,5.767601393e-13,4.958502411e-14,1.702026536e-13,1.308035715e-13
84.921875,4.030558318e-13,4.278543025e-13,6.833946961e-13,1.30706983e-13,9.022958849e-14,3.553380685e-13,6.854914316e-14,2.081545138e-13,1.702329218e-13,1.768449338e-13,2.341868638e-13,8.534847246e-14,2.711222311e-13,2.835041146e-13,3.802918262e-13,5.442310836e-13,3.173542148e-13,3.323078396e-13,9.503920624e-14,1.011360921e-12,1.68177878e-13,9.65506058e-14,5.235146896e-14,2.272657408e-13,1.081959331e-13,2.528539942e-13,2.847423958e-13,2.473560495e-13,5.815091751e-13,5.004276557e-14,1.730357885e-13,1.327846274e-13
84.9296875,4.074660831e-13,4.297541229e-13,6.891779272e-13,1.299174408e-13,8.998583267e-14,3.545038732e-13,6.939401114e-14,2.070418337e-13,1.689042111e-13,1.755533688e-13,2.342982135e-13,8.626184908e-14,2.700014516e-13,2.843767179e-13,3.851825054e-13,5.481692837e-13,3.205210658e-13,3.343469783e-13,9.524744503e-14,1.008837478e-12,1.681118598e-13,9.600185947e-14,5.333733437e-14,2.25990789e-13,1.098891604e-13,2.566789617e-13,2.926998133e-13,2.476786757e-13,5.861429991e-13,5.049565517e-14,1.758033608e-13,1.347974401e-13
84.9375,4.117770348e-13,4.311915286e-13,6.949204444e-13,1.29213115e-13,8.979220276e-14,3.536459055e-13,7.028499615e-14,2.059979918e-13,1.676430186e-13,1.743697152e-13,2.342655315e-13,8.713469106e-14,2.689757347e-13,2.851859607e-13,3.902279549e-13,5.52390646e-13,3.23676032e-13,3.363305437e-13,9.545224978e-14,1.00623669e-12,1.680090074e-13,9.542771232e-14,5.429102942e-14,2.246109089e-13,1.11604799e-13,2.606025675e-13,3.006448012e-13,2.480154486e-13,5.90626287e-13,5.096009912e-14,1.785434336e-13,1.368976516e-13
84.9453125,4.161255147e-13,4.325494502e-13,7.008462566e-13,1.28550966e-13,8.969552317e-14,3.528509396e-13,7.122290285e-14,2.049805887e-13,1.663312469e-13,1.732718955e-13,2.343005395e-13,8.801708633e-14,2.680459067e-13,2.860007912e-13,3.956569723e-13,5.571027682e-13,3.270806597e-13,3.384405978e-13,9.569967285e-14,1.003535802e-12,1.678872856e-13,9.479891939e-14,5.523366991e-14,2.232062098e-13,1.133688099e-13,2.646423664e-13,3.087166679e-13,2.484381582e-13,5.950708674e-13,5.147023566e-14,1.812878976e-13,1.390707236e-13
84.953125,4.203503605e-13,4.339131233e-13,7.068892309e-13,1.277711202e-13,8.951811944e-14,3.519697521e-13,7.216918206e-14,2.039255235e-13,1.648950651e-13,1.720971711e-13,2.344700434e-13,8.891601078e-14,2.670554705e-13,2.866324857e-13,4.013276856e-13,5.621889719e-13,3.306492373e-13,3.406293017e-13,9.593702465e-14,1.00062678e-12,1.676618085e-13,9.409642876e-14,5.619835826e-14,2.218306358e-13,1.151909365e-13,2.68779682e-13,3.169969823e-13,2.487531486e-13,5.995727769e-13,5.201424279e-14,1.840800266e-13,1.412804127e-13
84.9609375,4.243387488e-13,4.354239319e-13,7.127881916e-13,1.269110749e-13,8.920915248e-14,3.509327954e-13,7.31120737e-14,2.028627121e-13,1.634603204e-13,1.708870087e-13,2.345806855e-13,8.981757186e-14,2.660654907e-13,2.870658797e-13,4.07015646e-13,5.675407239e-13,3.341618665e-13,3.427906037e-13,9.61754091e-14,9.974279675e-13,1.673787949e-13,9.339393912e-14,5.720522647e-14,2.202977443e-13,1.170799956e-13,2.729978265e-13,3.254684006e-13,2.49044791e-13,6.042776378e-13,5.254030168e-14,1.86964355e-13,1.435727494e-13
84.96875,4.281769815e-13,4.370353942e-13,7.18552799e-13,1.261825677e-13,8.88787491e-14,3.498759916e-13,7.406857978e-14,2.01826596e-13,1.620831992e-13,1.6976243e-13,2.344927288e-13,9.070766088e-14,2.652482422e-13,2.874574333e-13,4.127618324e-13,5.731420099e-13,3.375950604e-13,3.449267727e-13,9.646129846e-14,9.940520598e-13,1.670977177e-13,9.270826368e-14,5.823453551e-14,2.185916987e-13,1.190216059e-13,2.772305355e-13,3.341013411e-13,2.495127266e-13,6.091440314e-13,5.303573407e-14,1.899120417e-13,1.459322109e-13
84.9765625,4.318421447e-13,4.382280741e-13,7.243916416e-13,1.25637236e-13,8.854042279e-14,3.488222219e-13,7.504672143e-14,2.007518382e-13,1.606606444e-13,1.686204238e-13,2.341955695e-13,9.15662651e-14,2.645925786e-13,2.878331678e-13,4.186304057e-13,5.788695131e-13,3.409648915e-13,3.470288946e-13,9.674449382e-14,9.906080232e-13,1.667310067e-13,9.197310736e-14,5.926177597e-14,2.169486434e-13,1.209840208e-13,2.814460591e-13,3.428541615e-13,2.499029671e-13,6.140185762e-13,5.353333474e-14,1.929251812e-13,1.482571476e-13
84.984375,4.354189025e-13,4.390646676e-13,7.302601446e-13,1.251723842e-13,8.82015097e-14,3.47689386e-13,7.60281992e-14,1.995927435e-13,1.591859673e-13,1.673740186e-13,2.337469425e-13,9.242603978e-14,2.640643143e-13,2.881723281e-13,4.245635195e-13,5.846780918e-13,3.442242027e-13,3.490770467e-13,9.700462479e-14,9.869937262e-13,1.662709016e-13,9.120315126e-14,6.031370533e-14,2.153271515e-13,1.229546543e-13,2.857388746e-13,3.517118914e-13,2.500069165e-13,6.189832471e-13,5.404879901e-14,1.960212972e-13,1.505819082e-13
84.9921875,4.391900741e-13,4.401336057e-13,7.359868252e-13,1.247233216e-13,8.795697964e-14,3.465704605e-13,7.70198858e-14,1.984258053e-13,1.577545097e-13,1.661340715e-13,2.332799744e-13,9.333576865e-14,2.636962161e-13,2.88510502e-13,4.30601383e-13,5.907041476e-13,3.474322178e-13,3.511301499e-13,9.732730864e-14,9.831002819e-13,1.65823302e-13,9.045392991e-14,6.14220453e-14,2.135463774e-13,1.249638843e-13,2.901779178e-13,3.606811086e-13,2.501203334e-13,6.241431508e-13,5.45685932e-14,1.991518847e-13,1.530261616e-13
85,4.430652556e-13,4.412555068e-13,7.417027422e-13,1.243008916e-13,8.775962947e-14,3.455683955e-13,7.806450473e-14,1.97318861e-13,1.563487954e-13,1.649551838e-13,2.328320897e-13,9.42406729e-14,2.634131854e-13,2.887842161e-13,4.368785082e-13,5.970400612e-13,3.507544899e-13,3.532593195e-13,9.772008197e-14,9.790165633e-13,1.65336953e-13,8.968349185e-14,6.255408256e-14,2.117470557e-13,1.270480739e-13,2.946841177e-13,3.696889856e-13,2.50387281e-13,6.293215461e-13,5.509071165e-14,2.022805686e-13,1.555712819e-13
85.0078125,4.467275971e-13,4.419411264e-13,7.476824467e-13,1.239667086e-13,8.749131918e-14,3.446082167e-13,7.916056108e-14,1.962055483e-13,1.548827445e-13,1.637916608e-13,2.323011597e-13,9.508584012e-14,2.631408638e-13,2.889383174e-13,4.433881258e-13,6.0359191e-13,3.542082076e-13,3.554556363e-13,9.811096153e-14,9.748511467e-13,1.646879407e-13,8.884952187e-14,6.36618685e-14,2.099853552e-13,1.291881e-13,2.991735611e-13,3.786828724e-13,2.505889261e-13,6.344475353e-13,5.561816943e-14,2.054015342e-13,1.581116971e-13
85.015625,4.502232481e-13,4.424779424e-13,7.539008204e-13,1.237539177e-13,8.718695564e-14,3.436221039e-13,8.027241156e-14,1.949890352e-13,1.53353192e-13,1.626499304e-13,2.316888193e-13,9.594466641e-14,2.629761449e-13,2.890903874e-13,4.500153874e-13,6.102400773e-13,3.576704236e-13,3.576689952e-13,9.852373625e-14,9.705405558e-13,1.639514289e-13,8.799409244e-14,6.475594753e-14,2.080282522e-13,1.313503304e-13,3.036630114e-13,3.878138966e-13,2.507362204e-13,6.398574156e-13,5.61348056e-14,2.085313465e-13,1.606142269e-13
85.0234375,4.536699115e-13,4.432562436e-13,7.600103015e-13,1.235697339e-13,8.683952419e-14,3.425575863e-13,8.139134438e-14,1.936642584e-13,1.517741428e-13,1.615282817e-13,2.310487897e-13,9.682513538e-14,2.62958992e-13,2.892218288e-13,4.566961105e-13,6.170080542e-13,3.61120225e-13,3.598543798e-13,9.897620436e-14,9.660620221e-13,1.632498317e-13,8.711561864e-14,6.586897838e-14,2.059287202e-13,1.335382091e-13,3.081821828e-13,3.972346578e-13,2.509781723e-13,6.456283777e-13,5.663791576e-14,2.116913121e-13,1.631270185e-13
85.03125,4.570141834e-13,4.439867694e-13,7.65775982e-13,1.23314123e-13,8.636482955e-14,3.413384754e-13,8.249517826e-14,1.92265143e-13,1.501057253e-13,1.604027155e-13,2.30320805e-13,9.760563136e-14,2.629409255e-13,2.890963213e-13,4.633404886e-13,6.238227332e-13,3.645356705e-13,3.619447907e-13,9.937087312e-14,9.614882251e-13,1.625263821e-13,8.615721094e-14,6.699381942e-14,2.039162995e-13,1.357302556e-13,3.127081446e-13,4.068236052e-13,2.511815244e-13,6.512525662e-13,5.714622149e-14,2.148076604e-13,1.656737177e-13
85.0390625,4.603383067e-13,4.443683072e-13,7.714595545e-13,1.230649245e-13,8.586685695e-14,3.400821929e-13,8.356041232e-14,1.90823089e-13,1.483783628e-13,1.592968319e-13,2.295528727e-13,9.833112538e-14,2.62880699e-13,2.887520367e-13,4.698613234e-13,6.304860194e-13,3.678215479e-13,3.638968737e-13,9.972378092e-14,9.566938419e-13,1.61734311e-13,8.515625075e-14,6.811284703e-14,2.019142594e-13,1.378816271e-13,3.171990207e-13,4.163770026e-13,2.512279153e-13,6.566338633e-13,5.767097132e-14,2.178705961e-13,1.681905598e-13
85.046875,4.637388293e-13,4.446841663e-13,7.773885987e-13,1.229400116e-13,8.547769287e-14,3.389728137e-13,8.463404153e-14,1.893833053e-13,1.467117929e-13,1.581849571e-13,2.288782853e-13,9.91647828e-14,2.629336952e-13,2.885046775e-13,4.763983438e-13,6.371590176e-13,3.711170083e-13,3.657797414e-13,1.001907671e-13,9.516883003e-13,1.609752333e-13,8.419967833e-14,6.923679074e-14,1.998566153e-13,1.400108138e-13,3.216412484e-13,4.258760086e-13,2.51255773e-13,6.622670115e-13,5.821868913e-14,2.210484083e-13,1.706425155e-13
85.0546875,4.672059878e-13,4.451779504e-13,7.832275465e-13,1.229055201e-13,8.512441205e-14,3.379410264e-13,8.57549109e-14,1.879395022e-13,1.451084968e-13,1.570133671e-13,2.281543064e-13,1.000206266e-13,2.631624266e-13,2.883851685e-13,4.831324924e-13,6.441580806e-13,3.746526556e-13,3.676947189e-13,1.007492789e-13,9.469466965e-13,1.602641731e-13,8.326193505e-14,7.03628955e-14,1.978441969e-13,1.421602445e-13,3.260549649e-13,4.354085128e-13,2.513429401e-13,6.680517547e-13,5.876239225e-14,2.242975664e-13,1.730932028e-13
85.0625,4.708516785e-13,4.455898046e-13,7.885141597e-13,1.229057244e-13,8.474312691e-14,3.368518351e-13,8.687409979e-14,1.864486868e-13,1.434573551e-13,1.558582196e-13,2.272027959e-13,1.007298783e-13,2.634807811e-13,2.881784726e-13,4.899681457e-13,6.513857615e-13,3.783420006e-13,3.696452706e-13,1.012564651e-13,9.426258256e-13,1.594836832e-13,8.227069014e-14,7.146647266e-14,1.958252837e-13,1.44323261e-13,3.304766375e-13,4.450137883e-13,2.514173482e-13,6.735398293e-13,5.924833095e-14,2.273570558e-13,1.755700465e-13
85.0703125,4.74696922e-13,4.45861209e-13,7.935962963e-13,1.229306179e-13,8.439921702e-14,3.35695842e-13,8.795341986e-14,1.849251626e-13,1.417676753e-13,1.547952962e-13,2.261975837e-13,1.014027192e-13,2.638310254e-13,2.879053785e-13,4.967748062e-13,6.586621395e-13,3.820431482e-13,3.715679988e-13,1.017589085e-13,9.382300147e-13,1.586398337e-13,8.12582884e-14,7.257260122e-14,1.937394684e-13,1.46487707e-13,3.349497788e-13,4.546228701e-13,2.51478272e-13,6.78991697e-13,5.971181424e-14,2.302826488e-13,1.780565576e-13
85.078125,4.784532692e-13,4.463672515e-13,7.98975175e-13,1.228930968e-13,8.410200494e-14,3.344298355e-13,8.903229071e-14,1.833672412e-13,1.401055642e-13,1.537371399e-13,2.252942829e-13,1.021678756e-13,2.641877356e-13,2.876602526e-13,5.036102985e-13,6.660097189e-13,3.857822557e-13,3.73418874e-13,1.023419727e-13,9.334249361e-13,1.578240861e-13,8.027667093e-14,7.373530766e-14,1.916317587e-13,1.486647701e-13,3.394719001e-13,4.641393309e-13,2.515584576e-13,6.846508845e-13,6.023665088e-14,2.332668209e-13,1.805863304e-13
85.0859375,4.818865851e-13,4.469793004e-13,8.044368071e-13,1.227670529e-13,8.375190929e-14,3.330441553e-13,9.014002791e-14,1.817542185e-13,1.384220387e-13,1.526094604e-13,2.24362533e-13,1.029017595e-13,2.645520056e-13,2.872182152e-13,5.105207241e-13,6.734311087e-13,3.894925561e-13,3.752235442e-13,1.029202415e-13,9.283652522e-13,1.569996295e-13,7.927387548e-14,7.49385638e-14,1.894600932e-13,1.508557563e-13,3.439835496e-13,4.736028542e-13,2.515662595e-13,6.901552499e-13,6.078810702e-14,2.361675932e-13,1.831474048e-13
85.09375,4.850716665e-13,4.471101705e-13,8.096925536e-13,1.227058643e-13,8.332049547e-14,3.316878173e-13,9.123803313e-14,1.801839161e-13,1.367106165e-13,1.514775391e-13,2.233549565e-13,1.035286908e-13,2.650065078e-13,2.864120296e-13,5.175214789e-13,6.810300409e-13,3.931302611e-13,3.770417425e-13,1.034607807e-13,9.234099611e-13,1.56104777e-13,7.820800726e-14,7.613094218e-14,1.872467734e-13,1.530500791e-13,3.484979279e-13,4.830813893e-13,2.514068847e-13,6.954317741e-13,6.129315233e-14,2.388502705e-13,1.85677722e-13
85.1015625,4.882534153e-13,4.467706652e-13,8.14865229e-13,1.227763342e-13,8.294536962e-14,3.30449312e-13,9.229318835e-14,1.787171646e-13,1.3505074e-13,1.504088758e-13,2.223708702e-13,1.04153108e-13,2.655954705e-13,2.855264943e-13,5.246400408e-13,6.888726966e-13,3.968468731e-13,3.788596399e-13,1.040608163e-13,9.186933902e-13,1.551687536e-13,7.713184477e-14,7.732042658e-14,1.851059689e-13,1.552439732e-13,3.530770477e-13,4.925177141e-13,2.511729606e-13,7.007231795e-13,6.177828834e-14,2.414614063e-13,1.882133903e-13
85.109375,4.91560179e-13,4.464409377e-13,8.19974252e-13,1.228980889e-13,8.270295608e-14,3.292443905e-13,9.3337132e-14,1.772059854e-13,1.333983162e-13,1.493958243e-13,2.213632645e-13,1.047994974e-13,2.662455727e-13,2.847873978e-13,5.31729694e-13,6.966517753e-13,4.006548727e-13,3.806578207e-13,1.047185737e-13,9.137424892e-13,1.541979594e-13,7.606808547e-14,7.853467837e-14,1.83009904e-13,1.574412733e-13,3.576247622e-13,5.018907509e-13,2.510096275e-13,7.060007615e-13,6.226697529e-14,2.440761087e-13,1.907796034e-13
85.1171875,4.948933074e-13,4.463620284e-13,8.24880239e-13,1.230650913e-13,8.248595058e-14,3.279703098e-13,9.440088537e-14,1.755499314e-13,1.316859488e-13,1.484179822e-13,2.202362605e-13,1.054136607e-13,2.669078396e-13,2.840376186e-13,5.385821781e-13,7.04124427e-13,4.043753703e-13,3.82493782e-13,1.053620183e-13,9.081625339e-13,1.531826286e-13,7.498919756e-14,7.975588839e-14,1.809280716e-13,1.596341537e-13,3.619808511e-13,5.111959195e-13,2.509013314e-13,7.112666387e-13,6.272225658e-14,2.466174336e-13,1.932689116e-13
85.125,4.982362574e-13,4.465389474e-13,8.295680035e-13,1.232688188e-13,8.229249226e-14,3.26605484e-13,9.545835976e-14,1.738460884e-13,1.299926523e-13,1.47475158e-13,2.190596026e-13,1.060054461e-13,2.676002429e-13,2.832009814e-13,5.452224276e-13,7.113802008e-13,4.079822537e-13,3.8429785e-13,1.060130795e-13,9.023508253e-13,1.521548382e-13,7.391764508e-14,8.095914193e-14,1.788527009e-13,1.617895033e-13,3.661675457e-13,5.203039421e-13,2.507907121e-13,7.165632124e-13,6.313357581e-14,2.490353553e-13,1.956334188e-13
85.1328125,5.016474586e-13,4.466727361e-13,8.340283188e-13,1.234339577e-13,8.225411408e-14,3.252379901e-13,9.648032902e-14,1.721733516e-13,1.283552628e-13,1.465651656e-13,2.179370633e-13,1.065696217e-13,2.683197838e-13,2.823598896e-13,5.51858093e-13,7.185834026e-13,4.116382966e-13,3.85928545e-13,1.067211806e-13,8.967340164e-13,1.510970662e-13,7.286836494e-14,8.215214534e-14,1.766484273e-13,1.63887796e-13,3.702837561e-13,5.29215029e-13,2.506898129e-13,7.216993656e-13,6.351811763e-14,2.512986977e-13,1.979427356e-13
85.140625,5.04888605e-13,4.462932099e-13,8.383456753e-13,1.236127678e-13,8.23168117e-14,3.239596006e-13,9.747501217e-14,1.705247854e-13,1.267053033e-13,1.456763415e-13,2.168632494e-13,1.070919643e-13,2.690716661e-13,2.814613812e-13,5.586909085e-13,7.259869169e-13,4.154732416e-13,3.875179503e-13,1.074931792e-13,8.913267334e-13,1.499831793e-13,7.179693681e-14,8.33562328e-14,1.743564511e-13,1.659612308e-13,3.743529718e-13,5.380901177e-13,2.505425506e-13,7.266730372e-13,6.38926797e-14,2.534554132e-13,2.002059527e-13
85.1484375,5.077947931e-13,4.455176693e-13,8.42735751e-13,1.238959494e-13,8.234604045e-14,3.226860192e-13,9.845850047e-14,1.689040368e-13,1.250613088e-13,1.448210283e-13,2.158054864e-13,1.076355322e-13,2.699228293e-13,2.804772615e-13,5.657209445e-13,7.336458871e-13,4.194219201e-13,3.892252196e-13,1.083275013e-13,8.861408384e-13,1.488775855e-13,7.070639788e-14,8.458184761e-14,1.722182052e-13,1.680517206e-13,3.784086435e-13,5.469291239e-13,2.502945606e-13,7.317305173e-13,6.426932035e-14,2.55616408e-13,2.023914646e-13
85.15625,5.105723969e-13,4.448714165e-13,8.471202766e-13,1.242402973e-13,8.233750252e-14,3.213017187e-13,9.943091838e-14,1.672891357e-13,1.234797636e-13,1.44034876e-13,2.147605531e-13,1.082208969e-13,2.709266225e-13,2.794328739e-13,5.726830439e-13,7.411878749e-13,4.233021741e-13,3.909192464e-13,1.091840101e-13,8.809771924e-13,1.47796814e-13,6.964217739e-14,8.581958053e-14,1.702228831e-13,1.701601277e-13,3.824803519e-13,5.556792506e-13,2.500321257e-13,7.36907719e-13,6.462740071e-14,2.577625348e-13,2.045198246e-13
85.1640625,5.132021288e-13,4.443653509e-13,8.512556662e-13,1.246383882e-13,8.224019332e-14,3.198795008e-13,1.003738678e-13,1.655950816e-13,1.218902893e-13,1.433119954e-13,2.136972934e-13,1.087667749e-13,2.720123114e-13,2.782012315e-13,5.794029089e-13,7.484453172e-13,4.270631894e-13,3.925578655e-13,1.099753635e-13,8.754919159e-13,1.466630286e-13,6.857646094e-14,8.705107819e-14,1.682160884e-13,1.722568531e-13,3.8651719e-13,5.64374518e-13,2.497618436e-13,7.420847402e-13,6.496547927e-14,2.598108045e-13,2.065915792e-13
85.171875,5.155735019e-13,4.437042032e-13,8.55164472e-13,1.25132651e-13,8.200961295e-14,3.185062819e-13,1.012714033e-13,1.637751676e-13,1.202088572e-13,1.426031913e-13,2.125759917e-13,1.092295692e-13,2.730386215e-13,2.767835549e-13,5.859723989e-13,7.555333255e-13,4.307702945e-13,3.942143999e-13,1.106793018e-13,8.697457931e-13,1.454817055e-13,6.745949256e-14,8.8273156e-14,1.661950528e-13,1.743007896e-13,3.904603308e-13,5.729495276e-13,2.493774923e-13,7.471759877e-13,6.53277951e-14,2.617201892e-13,2.085826137e-13
85.1796875,5.180452347e-13,4.429143048e-13,8.588524047e-13,1.256254685e-13,8.18210812e-14,3.171639496e-13,1.021438546e-13,1.619145257e-13,1.185076576e-13,1.419033669e-13,2.114247278e-13,1.096385755e-13,2.740150276e-13,2.754575286e-13,5.924595258e-13,7.623656782e-13,4.344916205e-13,3.956944745e-13,1.113992951e-13,8.639165068e-13,1.443225354e-13,6.633217681e-14,8.950303672e-14,1.641639551e-13,1.762613601e-13,3.942477693e-13,5.812741933e-13,2.489707117e-13,7.520964593e-13,6.568916443e-14,2.634037423e-13,2.105049167e-13
85.1875,5.207649263e-13,4.42136424e-13,8.622512091e-13,1.260116504e-13,8.181470468e-14,3.158976379e-13,1.030257984e-13,1.601302715e-13,1.168934484e-13,1.412663639e-13,2.102903802e-13,1.100233003e-13,2.750954295e-13,2.743657232e-13,5.989031988e-13,7.690009681e-13,4.383750482e-13,3.969575438e-13,1.12224013e-13,8.580347164e-13,1.431731289e-13,6.525949288e-14,9.075199443e-14,1.621163153e-13,1.781677391e-13,3.978099664e-13,5.892349152e-13,2.487107304e-13,7.567587837e-13,6.598243042e-14,2.648556177e-13,2.123471333e-13
85.1953125,5.23344071e-13,4.41370777e-13,8.655497241e-13,1.263414355e-13,8.188743886e-14,3.147288077e-13,1.038976241e-13,1.583991553e-13,1.15311571e-13,1.406984867e-13,2.091727312e-13,1.103957853e-13,2.762825793e-13,2.733784502e-13,6.054179323e-13,7.757412725e-13,4.424909279e-13,3.984050855e-13,1.130855423e-13,8.521738563e-13,1.419849162e-13,6.421290039e-14,9.199678669e-14,1.601051425e-13,1.800814363e-13,4.012393487e-13,5.968379833e-13,2.484816792e-13,7.611318906e-13,6.62573926e-14,2.662507241e-13,2.140566812e-13
85.203125,5.257107188e-13,4.405720899e-13,8.687741028e-13,1.266700599e-13,8.19362956e-14,3.13513425e-13,1.046878035e-13,1.566412066e-13,1.136833776e-13,1.401223275e-13,2.08068219e-13,1.107632634e-13,2.774488024e-13,2.723299602e-13,6.119515794e-13,7.825759547e-13,4.466696498e-13,4.001245301e-13,1.139016689e-13,8.463124211e-13,1.407538854e-13,6.313475144e-14,9.321153762e-14,1.581434174e-13,1.819843509e-13,4.047276052e-13,6.044139758e-13,2.480563047e-13,7.654349808e-13,6.659586088e-14,2.676797659e-13,2.156282468e-13
85.2109375,5.280715892e-13,4.397237913e-13,8.716918117e-13,1.269808845e-13,8.200736087e-14,3.122388283e-13,1.053845928e-13,1.548955399e-13,1.121015663e-13,1.395136825e-13,2.070013142e-13,1.111503175e-13,2.786278656e-13,2.711953804e-13,6.18352904e-13,7.89324832e-13,4.508106361e-13,4.017326231e-13,1.147500325e-13,8.404390015e-13,1.395097969e-13,6.206381109e-14,9.442000787e-14,1.562464378e-13,1.837985311e-13,4.082205278e-13,6.121071753e-13,2.474714821e-13,7.699357414e-13,6.695193924e-14,2.690602445e-13,2.171088905e-13
85.21875,5.303536477e-13,4.389104883e-13,8.74512883e-13,1.272870951e-13,8.216486681e-14,3.111116943e-13,1.060696597e-13,1.532179191e-13,1.106239047e-13,1.38956189e-13,2.060293894e-13,1.115731074e-13,2.799043586e-13,2.701020184e-13,6.246729176e-13,7.959366676e-13,4.550081046e-13,4.031452039e-13,1.157046195e-13,8.346351477e-13,1.382851824e-13,6.105357375e-14,9.564371947e-14,1.544230818e-13,1.855193544e-13,4.1146621e-13,6.194763367e-13,2.469289588e-13,7.744023805e-13,6.725043673e-14,2.703217393e-13,2.185158535e-13
85.2265625,5.325525144e-13,4.381942437e-13,8.774405207e-13,1.276264275e-13,8.237964163e-14,3.101514654e-13,1.067647067e-13,1.515656453e-13,1.091302955e-13,1.384878196e-13,2.052049654e-13,1.119808056e-13,2.811932582e-13,2.690758152e-13,6.30956418e-13,8.023481064e-13,4.593026476e-13,4.045807452e-13,1.16688088e-13,8.287712065e-13,1.370746563e-13,6.005279281e-14,9.68519801e-14,1.526013821e-13,1.871878603e-13,4.144087342e-13,6.263459363e-13,2.464649119e-13,7.785168278e-13,6.7495933e-14,2.7143661e-13,2.198025869e-13
85.234375,5.348383344e-13,4.374328692e-13,8.799931089e-13,1.279926669e-13,8.259645886e-14,3.092103305e-13,1.073925426e-13,1.49905116e-13,1.075965244e-13,1.380520404e-13,2.044469508e-13,1.123208643e-13,2.824279304e-13,2.679906474e-13,6.37045209e-13,8.085605223e-13,4.636618425e-13,4.059996147e-13,1.176439996e-13,8.228538445e-13,1.358709754e-13,5.902796151e-14,9.805025325e-14,1.507952799e-13,1.887858815e-13,4.171958842e-13,6.330294639e-13,2.459672656e-13,7.824673597e-13,6.770481628e-14,2.72387889e-13,2.209366335e-13
85.2421875,5.371213035e-13,4.365017437e-13,8.819522026e-13,1.283617982e-13,8.286916398e-14,3.08330278e-13,1.079522213e-13,1.482416799e-13,1.061302212e-13,1.376103306e-13,2.036008101e-13,1.126197161e-13,2.836735546e-13,2.669010641e-13,6.42859372e-13,8.146157335e-13,4.680587329e-13,4.072458276e-13,1.186144913e-13,8.170747357e-13,1.347073896e-13,5.804280157e-14,9.928872008e-14,1.490827686e-13,1.902980342e-13,4.198817471e-13,6.394969299e-13,2.453880497e-13,7.863312956e-13,6.788268552e-14,2.731899137e-13,2.21963007e-13
85.25,5.391964596e-13,4.35435727e-13,8.836959514e-13,1.287441495e-13,8.325452013e-14,3.075416528e-13,1.085081549e-13,1.465694023e-13,1.047083023e-13,1.371616034e-13,2.026662496e-13,1.129074829e-13,2.849618172e-13,2.659219481e-13,6.485166708e-13,8.204667642e-13,4.724668815e-13,4.084080231e-13,1.196013707e-13,8.11146959e-13,1.33562285e-13,5.710333531e-14,1.005320715e-13,1.47436189e-13,1.917663763e-13,4.223965308e-13,6.456054043e-13,2.447085936e-13,7.898568632e-13,6.805394143e-14,2.738763174e-13,2.228841669e-13
85.2578125,5.410859796e-13,4.343129558e-13,8.852341841e-13,1.291822878e-13,8.368171881e-14,3.066726736e-13,1.090338854e-13,1.449221871e-13,1.032791241e-13,1.36744231e-13,2.017435396e-13,1.131871816e-13,2.862954521e-13,2.649748994e-13,6.541310334e-13,8.261957174e-13,4.769282109e-13,4.096179599e-13,1.205871244e-13,8.049475249e-13,1.323865682e-13,5.61600572e-14,1.016984064e-13,1.458683123e-13,1.931943719e-13,4.24704542e-13,6.515302837e-13,2.439428259e-13,7.931451783e-13,6.821159542e-14,2.745153534e-13,2.236022993e-13
85.265625,5.429445247e-13,4.332928932e-13,8.864664246e-13,1.297099658e-13,8.416451438e-14,3.05749093e-13,1.094870348e-13,1.433365329e-13,1.019210352e-13,1.364260374e-13,2.008804121e-13,1.135002738e-13,2.877007709e-13,2.641199716e-13,6.597245567e-13,8.319385722e-13,4.815229019e-13,4.108367675e-13,1.216251121e-13,7.990664683e-13,1.31244414e-13,5.525349559e-14,1.028010696e-13,1.443965439e-13,1.945308661e-13,4.268240192e-13,6.572231585e-13,2.432466325e-13,7.964167973e-13,6.832451329e-14,2.751576169e-13,2.24109979e-13
85.2734375,5.447848787e-13,4.324083402e-13,8.876527484e-13,1.302861544e-13,8.479933992e-14,3.049961011e-13,1.099046891e-13,1.417785408e-13,1.0063774e-13,1.361654672e-13,2.000991223e-13,1.138467711e-13,2.891143828e-13,2.634682239e-13,6.652708483e-13,8.376671128e-13,4.862919498e-13,4.120599248e-13,1.227119924e-13,7.935867093e-13,1.301607233e-13,5.441117688e-14,1.039052949e-13,1.42892104e-13,1.957730957e-13,4.287694406e-13,6.624988743e-13,2.426431904e-13,7.995064846e-13,6.841213933e-14,2.757096664e-13,2.245332655e-13
85.28125,5.46423721e-13,4.314114072e-13,8.886222164e-13,1.308300726e-13,8.544730111e-14,3.043502327e-13,1.103164616e-13,1.402514142e-13,9.934106841e-14,1.35867034e-13,1.993291483e-13,1.141049683e-13,2.904176281e-13,2.627027067e-13,6.706889701e-13,8.433375209e-13,4.91183601e-13,4.13313069e-13,1.237153354e-13,7.880132744e-13,1.290063853e-13,5.355387139e-14,1.050369714e-13,1.413719871e-13,1.969630794e-13,4.305450379e-13,6.674314263e-13,2.41933878e-13,8.02266945e-13,6.849014386e-14,2.759996072e-13,2.249442139e-13
85.2890625,5.4783841e-13,4.302992239e-13,8.889269339e-13,1.313804883e-13,8.596008525e-14,3.035982399e-13,1.10710924e-13,1.388035975e-13,9.805740325e-14,1.355716056e-13,1.984491458e-13,1.142141442e-13,2.916232756e-13,2.616012971e-13,6.758412332e-13,8.487917935e-13,4.959907498e-13,4.143964966e-13,1.245991291e-13,7.824102548e-13,1.277654827e-13,5.266795835e-14,1.061814738e-13,1.399870275e-13,1.980921585e-13,4.321275552e-13,6.719738716e-13,2.411426298e-13,8.047585803e-13,6.851101047e-14,2.759896668e-13,2.2529874e-13
85.296875,5.492044521e-13,4.29303599e-13,8.88747012e-13,1.320104232e-13,8.651196347e-14,3.02796124e-13,1.110530471e-13,1.373923731e-13,9.68331962e-14,1.353104427e-13,1.975826851e-13,1.142979103e-13,2.928726206e-13,2.605419763e-13,6.807046164e-13,8.538371191e-13,5.006886455e-13,4.152150276e-13,1.255288196e-13,7.769212267e-13,1.265656059e-13,5.182952448e-14,1.072907028e-13,1.386498248e-13,1.991160519e-13,4.334285116e-13,6.760513353e-13,2.403843883e-13,8.069971547e-13,6.84636092e-14,2.758397743e-13,2.254738256e-13
85.3046875,5.504535927e-13,4.283205063e-13,8.884237805e-13,1.326098952e-13,8.722945468e-14,3.021207371e-13,1.112952595e-13,1.359870393e-13,9.563314474e-14,1.350180228e-13,1.969409076e-13,1.144619255e-13,2.942467186e-13,2.59802057e-13,6.855094078e-13,8.587597136e-13,5.056538793e-13,4.161486926e-13,1.266109029e-13,7.712460137e-13,1.254145916e-13,5.1040973e-14,1.083446426e-13,1.372953361e-13,2.000574186e-13,4.343996478e-13,6.798894767e-13,2.395211113e-13,8.08973399e-13,6.840794818e-14,2.757229114e-13,2.253819874e-13
85.3125,5.515352462e-13,4.272952976e-13,8.879914028e-13,1.331187547e-13,8.801952603e-14,3.016433355e-13,1.114572461e-13,1.346689904e-13,9.447387314e-14,1.34758795e-13,1.964196625e-13,1.146761778e-13,2.956693943e-13,2.592568047e-13,6.904632355e-13,8.638712224e-13,5.109829213e-13,4.174403323e-13,1.277637618e-13,7.653498413e-13,1.242807751e-13,5.027323089e-14,1.093903227e-13,1.36080888e-13,2.009748088e-13,4.352006795e-13,6.835816119e-13,2.385989852e-13,8.106759669e-13,6.83794738e-14,2.756171184e-13,2.251394485e-13
85.3203125,5.527758803e-13,4.264381432e-13,8.875292765e-13,1.336904273e-13,8.889948928e-14,3.013226918e-13,1.11603319e-13,1.33434971e-13,9.338343245e-14,1.346180332e-13,1.958335139e-13,1.149084448e-13,2.970306999e-13,2.588980708e-13,6.954611327e-13,8.688453938e-13,5.162699856e-13,4.187437603e-13,1.289025024e-13,7.594488473e-13,1.232041837e-13,4.954958668e-14,1.104286927e-13,1.349552955e-13,2.018383756e-13,4.360296812e-13,6.870281252e-13,2.378084686e-13,8.12128084e-13,6.83741072e-14,2.753742155e-13,2.248859011e-13
85.328125,5.542233459e-13,4.256044253e-13,8.869826319e-13,1.342679423e-13,8.988750695e-14,3.009789826e-13,1.117379873e-13,1.321931441e-13,9.2310704e-14,1.344833932e-13,1.952452545e-13,1.151409778e-13,2.983175464e-13,2.587234813e-13,7.003063191e-13,8.734570073e-13,5.214718082e-13,4.197815976e-13,1.300111132e-13,7.53609495e-13,1.221247006e-13,4.885823077e-14,1.113904975e-13,1.337560355e-13,2.025859188e-13,4.368009618e-13,6.9021429e-13,2.369310361e-13,8.134802471e-13,6.836976692e-14,2.749171349e-13,2.245266572e-13
85.3359375,5.555380697e-13,4.247024367e-13,8.86113745e-13,1.346209807e-13,9.085276477e-14,3.005132962e-13,1.118378588e-13,1.309728637e-13,9.125872601e-14,1.342980542e-13,1.947613385e-13,1.153374112e-13,2.99554899e-13,2.585312251e-13,7.04968223e-13,8.780239606e-13,5.269656453e-13,4.207344985e-13,1.311090519e-13,7.479181048e-13,1.209743931e-13,4.816374034e-14,1.122759485e-13,1.326099879e-13,2.032423548e-13,4.373257058e-13,6.930210726e-13,2.358558631e-13,8.147690042e-13,6.83288242e-14,2.74283765e-13,2.239688381e-13
85.34375,5.567518075e-13,4.241420313e-13,8.849080533e-13,1.349063394e-13,9.181191414e-14,3.001277355e-13,1.118802684e-13,1.298181908e-13,9.029090717e-14,1.34155419e-13,1.943792627e-13,1.155378846e-13,3.007290651e-13,2.583230593e-13,7.094483742e-13,8.825763725e-13,5.327490474e-13,4.217428335e-13,1.322631045e-13,7.42394726e-13,1.198650706e-13,4.750689187e-14,1.131573936e-13,1.316170715e-13,2.038296031e-13,4.376642764e-13,6.953889902e-13,2.349337911e-13,8.158061626e-13,6.826178714e-14,2.735758902e-13,2.232983083e-13
85.3515625,5.580040542e-13,4.2385064e-13,8.832631914e-13,1.35394117e-13,9.28469314e-14,2.999716518e-13,1.118351029e-13,1.28661893e-13,8.940086508e-14,1.340520658e-13,1.940316877e-13,1.157734677e-13,3.018118476e-13,2.582038752e-13,7.13620869e-13,8.867058956e-13,5.384848849e-13,4.226520256e-13,1.334555063e-13,7.369127382e-13,1.188655754e-13,4.693374639e-14,1.140654582e-13,1.306634798e-13,2.043028975e-13,4.379099329e-13,6.975150077e-13,2.341984006e-13,8.164708376e-13,6.819736411e-14,2.728253651e-13,2.225311169e-13
85.359375,5.590156631e-13,4.232367599e-13,8.809284705e-13,1.359419138e-13,9.385548564e-14,2.998746144e-13,1.117240511e-13,1.274868637e-13,8.854948266e-14,1.339500357e-13,1.935909664e-13,1.159502105e-13,3.027968149e-13,2.580299342e-13,7.173452031e-13,8.902500004e-13,5.440145199e-13,4.233468504e-13,1.345644965e-13,7.313194564e-13,1.178709166e-13,4.640452189e-14,1.149704723e-13,1.297652258e-13,2.046638589e-13,4.379174187e-13,6.994169823e-13,2.333462654e-13,8.167852043e-13,6.808508391e-14,2.719225228e-13,2.215700111e-13
85.3671875,5.596756642e-13,4.222767099e-13,8.781374163e-13,1.363731222e-13,9.483902711e-14,2.996893989e-13,1.115726435e-13,1.263337413e-13,8.770606188e-14,1.338839973e-13,1.930560332e-13,1.160522702e-13,3.037218884e-13,2.577779628e-13,7.207031403e-13,8.933764378e-13,5.494087665e-13,4.239693635e-13,1.356069199e-13,7.253918547e-13,1.168116831e-13,4.586526023e-14,1.158130065e-13,1.289978113e-13,2.049445735e-13,4.375755073e-13,7.00948197e-13,2.323341048e-13,8.167944349e-13,6.789942494e-14,2.708178377e-13,2.203926146e-13
85.375,5.602947522e-13,4.212893104e-13,8.752437196e-13,1.367984774e-13,9.598168959e-14,2.994883327e-13,1.113602257e-13,1.252034019e-13,8.685438219e-14,1.338363031e-13,1.926010928e-13,1.161832514e-13,3.046382068e-13,2.576693458e-13,7.239487367e-13,8.962617427e-13,5.54809551e-13,4.246503007e-13,1.366884353e-13,7.191964599e-13,1.157244086e-13,4.532965347e-14,1.165473148e-13,1.282738276e-13,2.051241697e-13,4.369725583e-13,7.021064463e-13,2.312071373e-13,8.165653572e-13,6.770430141e-14,2.695859955e-13,2.190516875e-13
85.3828125,5.609679108e-13,4.204092062e-13,8.721066757e-13,1.372978381e-13,9.729140724e-14,2.993472983e-13,1.111238255e-13,1.241358966e-13,8.605532683e-14,1.338078949e-13,1.92249486e-13,1.163362769e-13,3.055699992e-13,2.577294558e-13,7.271698799e-13,8.98997363e-13,5.602560475e-13,4.25285698e-13,1.377972917e-13,7.131531987e-13,1.146830719e-13,4.484435512e-14,1.171959229e-13,1.275505801e-13,2.052161872e-13,4.361629307e-13,7.029009245e-13,2.300125616e-13,8.161702619e-13,6.749971295e-14,2.682566961e-13,2.176053039e-13
85.390625,5.614753757e-13,4.198174794e-13,8.686293465e-13,1.37795484e-13,9.860881653e-14,2.992524477e-13,1.109025001e-13,1.231571453e-13,8.534730161e-14,1.338724612e-13,1.918811849e-13,1.164652113e-13,3.065209394e-13,2.578370491e-13,7.30309696e-13,9.016744045e-13,5.657140406e-13,4.25853843e-13,1.389203413e-13,7.073041577e-13,1.137401827e-13,4.440852115e-14,1.178190489e-13,1.268921219e-13,2.052808523e-13,4.351687557e-13,7.034523737e-13,2.289105803e-13,8.156461839e-13,6.725397467e-14,2.66864191e-13,2.160922232e-13
85.3984375,5.617887249e-13,4.194562988e-13,8.649926502e-13,1.382200834e-13,9.986936514e-14,2.991821895e-13,1.106322938e-13,1.221790339e-13,8.465212165e-14,1.339924265e-13,1.915060893e-13,1.166016101e-13,3.074225833e-13,2.579874494e-13,7.334233775e-13,9.044166622e-13,5.712614146e-13,4.265439375e-13,1.40062396e-13,7.014720985e-13,1.128307801e-13,4.39817315e-14,1.184343445e-13,1.262857033e-13,2.053075724e-13,4.341032324e-13,7.039334492e-13,2.278436178e-13,8.149387606e-13,6.702996477e-14,2.654505458e-13,2.145261607e-13
85.40625,5.620758592e-13,4.188766128e-13,8.611910597e-13,1.386282471e-13,1.011433751e-13,2.991632591e-13,1.103047073e-13,1.211692241e-13,8.393600324e-14,1.34074109e-13,1.911406664e-13,1.167203985e-13,3.081923292e-13,2.582339545e-13,7.365470786e-13,9.072128362e-13,5.76952989e-13,4.273557829e-13,1.411426807e-13,6.957639247e-13,1.118574368e-13,4.356414939e-14,1.190035762e-13,1.256944017e-13,2.052555575e-13,4.32952795e-13,7.041079655e-13,2.266427525e-13,8.139155972e-13,6.68426585e-14,2.639493087e-13,2.128930848e-13
85.4140625,5.622379431e-13,4.178957838e-13,8.571653841e-13,1.391604871e-13,1.025164491e-13,2.99246332e-13,1.099943944e-13,1.202053985e-13,8.324672995e-14,1.341378065e-13,1.907320853e-13,1.168027286e-13,3.089006311e-13,2.586467996e-13,7.396337758e-13,9.099571166e-13,5.827438824e-13,4.281254321e-13,1.421710523e-13,6.901117693e-13,1.108505388e-13,4.317964765e-14,1.194970306e-13,1.251506583e-13,2.051241168e-13,4.3154589e-13,7.037588213e-13,2.253726627e-13,8.125641622e-13,6.66175926e-14,2.623668057e-13,2.111162771e-13
85.421875,5.620643777e-13,4.167869699e-13,8.529786592e-13,1.397788344e-13,1.039757494e-13,2.994156956e-13,1.096760271e-13,1.193003657e-13,8.259053298e-14,1.342286326e-13,1.903687041e-13,1.169271831e-13,3.09617663e-13,2.592132406e-13,7.427174593e-13,9.126854664e-13,5.886477243e-13,4.288458991e-13,1.432558581e-13,6.844120909e-13,1.098666434e-13,4.281970454e-14,1.1994724e-13,1.246806102e-13,2.04896774e-13,4.298921077e-13,7.031677454e-13,2.240899256e-13,8.11009898e-13,6.63636922e-14,2.607860644e-13,2.091623043e-13
85.4296875,5.618230753e-13,4.159278067e-13,8.485581912e-13,1.403337173e-13,1.05500463e-13,2.996335568e-13,1.092898571e-13,1.184176786e-13,8.197725469e-14,1.343604029e-13,1.901577283e-13,1.170991376e-13,3.102962416e-13,2.598471276e-13,7.457443376e-13,9.153511425e-13,5.946163256e-13,4.295482974e-13,1.443927012e-13,6.788440026e-13,1.089000792e-13,4.249370243e-14,1.203720205e-13,1.24278042e-13,2.045663797e-13,4.28099208e-13,7.024504615e-13,2.228025273e-13,8.093305621e-13,6.611169274e-14,2.591530533e-13,2.071210102e-13
85.4375,5.618233223e-13,4.15411732e-13,8.438313761e-13,1.40882044e-13,1.071485794e-13,2.999487956e-13,1.088676466e-13,1.175793498e-13,8.143246658e-14,1.345489667e-13,1.900116221e-13,1.172711202e-13,3.110069603e-13,2.606555536e-13,7.485922823e-13,9.177789986e-13,6.006081502e-13,4.302537985e-13,1.455491963e-13,6.732134619e-13,1.0795987e-13,4.223156034e-14,1.206941065e-13,1.2393943e-13,2.041809655e-13,4.260851945e-13,7.013735557e-13,2.215890794e-13,8.075498449e-13,6.581812652e-14,2.574705329e-13,2.049915485e-13
85.4453125,5.616953552e-13,4.148244447e-13,8.388703586e-13,1.414655079e-13,1.08881681e-13,3.003664006e-13,1.084369516e-13,1.168188774e-13,8.093261082e-14,1.34772195e-13,1.898310614e-13,1.174599449e-13,3.117725263e-13,2.616977113e-13,7.513582718e-13,9.201077427e-13,6.067698539e-13,4.310208031e-13,1.467021584e-13,6.673950585e-13,1.070424935e-13,4.200988971e-14,1.208725226e-13,1.236417289e-13,2.037496344e-13,4.238466192e-13,6.99940218e-13,2.203589373e-13,8.056018925e-13,6.549537885e-14,2.557862141e-13,2.027142509e-13
85.453125,5.611509961e-13,4.139282781e-13,8.336692495e-13,1.419541727e-13,1.106030461e-13,3.007655598e-13,1.079768099e-13,1.161189658e-13,8.047853107e-14,1.350268938e-13,1.896333784e-13,1.176362854e-13,3.12344172e-13,2.627017164e-13,7.540187042e-13,9.224193054e-13,6.129611508e-13,4.317217462e-13,1.477478066e-13,6.619076448e-13,1.061217347e-13,4.179805102e-14,1.209959198e-13,1.233426012e-13,2.032295558e-13,4.215885361e-13,6.982678406e-13,2.190398102e-13,8.033172897e-13,6.518996197e-14,2.539221909e-13,2.004166784e-13
85.4609375,5.606273358e-13,4.131065332e-13,8.282626722e-13,1.42414082e-13,1.1234653e-13,3.011323608e-13,1.074745634e-13,1.154263054e-13,8.008935827e-14,1.353525211e-13,1.894575051e-13,1.1776703e-13,3.127057913e-13,2.63588201e-13,7.562643332e-13,9.242786383e-13,6.188065715e-13,4.321995282e-13,1.487058187e-13,6.565507755e-13,1.052216561e-13,4.161305862e-14,1.211184675e-13,1.230684156e-13,2.026297431e-13,4.192888684e-13,6.963058875e-13,2.178027467e-13,8.007319131e-13,6.486729828e-14,2.518642221e-13,1.981439544e-13
85.46875,5.602842902e-13,4.124415554e-13,8.227730208e-13,1.429824922e-13,1.141116269e-13,3.016269521e-13,1.06930862e-13,1.147112536e-13,7.972602931e-14,1.356876973e-13,1.893565515e-13,1.179258202e-13,3.131433302e-13,2.645921272e-13,7.580909815e-13,9.255234288e-13,6.245165851e-13,4.325824898e-13,1.497291983e-13,6.505720254e-13,1.043464683e-13,4.146396715e-14,1.211916896e-13,1.228931427e-13,2.019815172e-13,4.16724037e-13,6.939985426e-13,2.166215851e-13,7.980738389e-13,6.451333689e-14,2.499177359e-13,1.957026089e-13
85.4765625,5.596345047e-13,4.116338697e-13,8.17055138e-13,1.435514407e-13,1.158542851e-13,3.023036326e-13,1.06358112e-13,1.139980619e-13,7.938505942e-14,1.359422845e-13,1.89354921e-13,1.181297277e-13,3.136088409e-13,2.657062228e-13,7.597032261e-13,9.264895484e-13,6.304484693e-13,4.330043847e-13,1.507972967e-13,6.444462741e-13,1.034418715e-13,4.134955148e-14,1.21203062e-13,1.227605311e-13,2.012656045e-13,4.139012059e-13,6.912920358e-13,2.153204646e-13,7.952990519e-13,6.416596912e-14,2.480863584e-13,1.931008478e-13
85.484375,5.58657182e-13,4.109466568e-13,8.109230202e-13,1.441171362e-13,1.176587372e-13,3.030124392e-13,1.057619984e-13,1.133192927e-13,7.911844816e-14,1.362070791e-13,1.893498112e-13,1.183002155e-13,3.138678083e-13,2.667787709e-13,7.610058645e-13,9.271824284e-13,6.36268933e-13,4.333867703e-13,1.517951535e-13,6.388148372e-13,1.025050062e-13,4.128246366e-14,1.211765194e-13,1.225819521e-13,2.004616362e-13,4.109510202e-13,6.881845788e-13,2.140335362e-13,7.92151575e-13,6.380625796e-14,2.460885264e-13,1.905320276e-13
85.4921875,5.579042171e-13,4.106415191e-13,8.045413978e-13,1.448073343e-13,1.195169249e-13,3.036440145e-13,1.051248492e-13,1.127030489e-13,7.892210135e-14,1.366127883e-13,1.892154174e-13,1.184275145e-13,3.139820437e-13,2.678217282e-13,7.61954821e-13,9.274658021e-13,6.416586962e-13,4.336190055e-13,1.527352125e-13,6.331299803e-13,1.01581758e-13,4.125039284e-14,1.210806734e-13,1.224878307e-13,1.995743662e-13,4.078862677e-13,6.847801664e-13,2.128852707e-13,7.886252206e-13,6.340843792e-14,2.438790568e-13,1.879663548e-13
85.5,5.573331383e-13,4.102519924e-13,7.98066254e-13,1.454870396e-13,1.213409701e-13,3.042764817e-13,1.044560266e-13,1.121624403e-13,7.874496124e-14,1.370872699e-13,1.88980346e-13,1.185668939e-13,3.140911926e-13,2.688690709e-13,7.627492377e-13,9.275258383e-13,6.468668837e-13,4.336916654e-13,1.536799096e-13,6.270670986e-13,1.006834648e-13,4.122723896e-14,1.208829033e-13,1.225568145e-13,1.986068788e-13,4.04681968e-13,6.810616094e-13,2.1171843e-13,7.849529858e-13,6.300096049e-14,2.416124672e-13,1.85287317e-13
85.5078125,5.563171263e-13,4.095631827e-13,7.914903959e-13,1.460678057e-13,1.232433137e-13,3.050242385e-13,1.03791725e-13,1.116432946e-13,7.853851868e-14,1.374854381e-13,1.888059264e-13,1.187691419e-13,3.142429172e-13,2.700098308e-13,7.6347642e-13,9.274664543e-13,6.521358251e-13,4.337872767e-13,1.546719212e-13,6.209747477e-13,9.979170811e-14,4.121161717e-14,1.20604549e-13,1.225822736e-13,1.975878106e-13,4.013079892e-13,6.770208748e-13,2.104696169e-13,7.813293125e-13,6.259796704e-14,2.394531792e-13,1.825138453e-13
85.515625,5.549711669e-13,4.089679107e-13,7.849292118e-13,1.467803566e-13,1.25277909e-13,3.059399425e-13,1.031355269e-13,1.111056145e-13,7.83062754e-14,1.378225694e-13,1.887774545e-13,1.190446839e-13,3.144591865e-13,2.713822217e-13,7.642136633e-13,9.273816536e-13,6.575485105e-13,4.340646538e-13,1.557153866e-13,6.149576781e-13,9.891224826e-14,4.122538863e-14,1.202653087e-13,1.225313215e-13,1.965513845e-13,3.977911032e-13,6.728273528e-13,2.092565365e-13,7.778141724e-13,6.219447321e-14,2.374293431e-13,1.797039784e-13
85.5234375,5.541501739e-13,4.085943004e-13,7.784489904e-13,1.476762858e-13,1.273630441e-13,3.070623446e-13,1.024782552e-13,1.106100461e-13,7.813911275e-14,1.381774245e-13,1.887906323e-13,1.193500538e-13,3.146672194e-13,2.730053962e-13,7.650579937e-13,9.275109662e-13,6.631816788e-13,4.343624576e-13,1.567824425e-13,6.09142469e-13,9.811119763e-14,4.131065469e-14,1.198585949e-13,1.226275367e-13,1.95472185e-13,3.942380969e-13,6.684683301e-13,2.081484289e-13,7.742880634e-13,6.179349435e-14,2.353810581e-13,1.769051726e-13
85.53125,5.538698521e-13,4.083452689e-13,7.719156748e-13,1.485261766e-13,1.296127705e-13,3.083137129e-13,1.0183551e-13,1.101977278e-13,7.807774644e-14,1.385088307e-13,1.88751866e-13,1.196882723e-13,3.148296815e-13,2.7490229e-13,7.658401145e-13,9.276994707e-13,6.689626868e-13,4.345772455e-13,1.579014542e-13,6.036354954e-13,9.742008441e-14,4.147754367e-14,1.193889231e-13,1.228213588e-13,1.943333488e-13,3.906025972e-13,6.638100938e-13,2.070980523e-13,7.704955165e-13,6.138691258e-14,2.333214077e-13,1.74102558e-13
85.5390625,5.533149688e-13,4.082847352e-13,7.651700601e-13,1.492786048e-13,1.320639465e-13,3.095265695e-13,1.012080962e-13,1.098342482e-13,7.805245034e-14,1.387760196e-13,1.88722414e-13,1.200925032e-13,3.149812252e-13,2.770270943e-13,7.663587257e-13,9.276268531e-13,6.74775676e-13,4.348651029e-13,1.590613125e-13,5.981281428e-13,9.673543091e-14,4.167496331e-14,1.188754184e-13,1.229287424e-13,1.931816936e-13,3.867620854e-13,6.589179276e-13,2.05997954e-13,7.663494581e-13,6.097430275e-14,2.314028212e-13,1.71232177e-13
85.546875,5.525127375e-13,4.083089638e-13,7.580907961e-13,1.500535544e-13,1.345131617e-13,3.107925884e-13,1.005563237e-13,1.095006376e-13,7.804889167e-14,1.390529495e-13,1.887249943e-13,1.205182541e-13,3.150505619e-13,2.791795232e-13,7.666300411e-13,9.273842838e-13,6.805341209e-13,4.351779307e-13,1.601620974e-13,5.925520743e-13,9.598132414e-14,4.189097893e-14,1.18310582e-13,1.230352357e-13,1.920015798e-13,3.827958043e-13,6.537519399e-13,2.048540792e-13,7.621173758e-13,6.056620631e-14,2.29512777e-13,1.683213873e-13
85.5546875,5.521082655e-13,4.082509663e-13,7.509011867e-13,1.508856998e-13,1.369758898e-13,3.12349463e-13,9.986678969e-14,1.091913609e-13,7.810920088e-14,1.393418678e-13,1.887171338e-13,1.209818365e-13,3.150646834e-13,2.814188726e-13,7.667743821e-13,9.271061199e-13,6.861309535e-13,4.353845471e-13,1.612344545e-13,5.870757488e-13,9.522975566e-14,4.217111656e-14,1.176563876e-13,1.232213576e-13,1.907144295e-13,3.788088904e-13,6.482641741e-13,2.037715658e-13,7.581120016e-13,6.016259815e-14,2.27618102e-13,1.654004816e-13
85.5625,5.518658193e-13,4.083326672e-13,7.441245799e-13,1.517800707e-13,1.395460178e-13,3.140754772e-13,9.919985088e-14,1.088976006e-13,7.820000802e-14,1.395475881e-13,1.887721278e-13,1.21586503e-13,3.151975122e-13,2.839292202e-13,7.670202789e-13,9.26777317e-13,6.916442889e-13,4.356572784e-13,1.623705612e-13,5.815082628e-13,9.452705829e-14,4.25056022e-14,1.169008859e-13,1.23418695e-13,1.89373498e-13,3.748068959e-13,6.428155695e-13,2.027245802e-13,7.543548301e-13,5.977647738e-14,2.25951328e-13,1.624390445e-13
85.5703125,5.511903558e-13,4.088113756e-13,7.376284737e-13,1.527601728e-13,1.420781116e-13,3.156872079e-13,9.860042391e-14,1.086430545e-13,7.82758331e-14,1.397092294e-13,1.88913123e-13,1.222769901e-13,3.15378878e-13,2.865178923e-13,7.674380903e-13,9.263862949e-13,6.971602346e-13,4.360936412e-13,1.635130703e-13,5.75716494e-13,9.383086027e-14,4.284509579e-14,1.160649836e-13,1.236377665e-13,1.880964912e-13,3.707868228e-13,6.374656615e-13,2.016678527e-13,7.506588655e-13,5.940491668e-14,2.244070731e-13,1.594850392e-13
85.578125,5.502599862e-13,4.094675444e-13,7.307662679e-13,1.537765582e-13,1.445901068e-13,3.172290966e-13,9.803058626e-14,1.084504527e-13,7.836883771e-14,1.399335274e-13,1.889706395e-13,1.229292154e-13,3.154284063e-13,2.890373296e-13,7.67701867e-13,9.257412461e-13,7.02487876e-13,4.364995277e-13,1.64624168e-13,5.698912946e-13,9.311876907e-14,4.319290547e-14,1.151478084e-13,1.238975364e-13,1.868201631e-13,3.666068023e-13,6.316055397e-13,2.006596186e-13,7.46810716e-13,5.899365964e-14,2.226897978e-13,1.565498657e-13
85.5859375,5.49518177e-13,4.098993167e-13,7.236521495e-13,1.547632576e-13,1.473123798e-13,3.188894916e-13,9.746040166e-14,1.083054809e-13,7.852795286e-14,1.401943552e-13,1.888907638e-13,1.235942305e-13,3.154017281e-13,2.91691079e-13,7.676066121e-13,9.24708107e-13,7.075512732e-13,4.367646083e-13,1.657419167e-13,5.642271885e-13,9.237778713e-14,4.358452797e-14,1.141464506e-13,1.24165558e-13,1.854239416e-13,3.621798631e-13,6.251009272e-13,1.996590563e-13,7.427087433e-13,5.853306441e-14,2.209293476e-13,1.535524984e-13
85.59375,5.490753744e-13,4.101355828e-13,7.167774945e-13,1.557405308e-13,1.502532627e-13,3.207034345e-13,9.691257313e-14,1.081807652e-13,7.874542424e-14,1.40448096e-13,1.888157929e-13,1.243209976e-13,3.153496958e-13,2.944992985e-13,7.672474148e-13,9.23411447e-13,7.124430248e-13,4.36947446e-13,1.668073932e-13,5.588192142e-13,9.15976622e-14,4.40297074e-14,1.130974172e-13,1.244517154e-13,1.839708273e-13,3.577587264e-13,6.184647224e-13,1.986200693e-13,7.384535271e-13,5.808951435e-14,2.193246469e-13,1.505678919e-13
85.6015625,5.488572708e-13,4.105897925e-13,7.099221622e-13,1.567301951e-13,1.532424621e-13,3.226115378e-13,9.638465119e-14,1.080780238e-13,7.898880504e-14,1.407223689e-13,1.887931342e-13,1.250161109e-13,3.151670314e-13,2.972621396e-13,7.66586627e-13,9.218021032e-13,7.170184469e-13,4.370378566e-13,1.677661952e-13,5.534814084e-13,9.082062297e-14,4.450623321e-14,1.120099734e-13,1.247485684e-13,1.825404231e-13,3.534384746e-13,6.117426498e-13,1.976506599e-13,7.341359306e-13,5.768445906e-14,2.17767064e-13,1.477054449e-13
85.609375,5.486667276e-13,4.113377473e-13,7.027727079e-13,1.577025757e-13,1.561637217e-13,3.245526011e-13,9.58499753e-14,1.080236706e-13,7.927502378e-14,1.410140017e-13,1.88788362e-13,1.256656633e-13,3.148470552e-13,2.999834217e-13,7.656308513e-13,9.198257106e-13,7.212301292e-13,4.369327225e-13,1.686718653e-13,5.479462644e-13,9.008947029e-14,4.500153448e-14,1.108407562e-13,1.250560502e-13,1.810597698e-13,3.489683963e-13,6.046731009e-13,1.967642686e-13,7.297274715e-13,5.728196371e-14,2.16210194e-13,1.448619016e-13
85.6171875,5.484166138e-13,4.120160404e-13,6.955650588e-13,1.587032355e-13,1.590525326e-13,3.265813518e-13,9.532053147e-14,1.079660501e-13,7.960217293e-14,1.413198604e-13,1.888375554e-13,1.263739277e-13,3.14514902e-13,3.028128932e-13,7.646229829e-13,9.177500841e-13,7.253983558e-13,4.367205169e-13,1.695760486e-13,5.423590241e-13,8.940193068e-14,4.553689902e-14,1.095978543e-13,1.253759408e-13,1.795060473e-13,3.443604806e-13,5.974281892e-13,1.959016738e-13,7.253355721e-13,5.687770766e-14,2.147607497e-13,1.419675693e-13
85.625,5.482906804e-13,4.12618267e-13,6.885343986e-13,1.598509259e-13,1.62092756e-13,3.288336339e-13,9.483325379e-14,1.078146347e-13,7.98884814e-14,1.41660409e-13,1.889434238e-13,1.271694155e-13,3.142332234e-13,3.058318964e-13,7.636242617e-13,9.156863455e-13,7.296726757e-13,4.367096303e-13,1.705041477e-13,5.369703105e-13,8.874504301e-14,4.611653632e-14,1.083400428e-13,1.256270857e-13,1.779735163e-13,3.398011192e-13,5.901934435e-13,1.951405082e-13,7.21127417e-13,5.648160754e-14,2.134397347e-13,1.391165793e-13
85.6328125,5.48302238e-13,4.134549524e-13,6.817256997e-13,1.611616352e-13,1.653496845e-13,3.312794009e-13,9.440328516e-14,1.076460888e-13,8.015099132e-14,1.419893232e-13,1.890678361e-13,1.280439716e-13,3.13987375e-13,3.090384047e-13,7.625929076e-13,9.135803167e-13,7.33930932e-13,4.369177966e-13,1.71473407e-13,5.318274665e-13,8.812280479e-14,4.672791172e-14,1.070534169e-13,1.258741432e-13,1.764728954e-13,3.352040448e-13,5.828983658e-13,1.944600901e-13,7.170939077e-13,5.607981514e-14,2.12287761e-13,1.363288511e-13
85.640625,5.482615514e-13,4.144008929e-13,6.751994131e-13,1.625261879e-13,1.687391026e-13,3.338210191e-13,9.401489908e-14,1.075988929e-13,8.052823061e-14,1.422736434e-13,1.892513134e-13,1.290624638e-13,3.13816266e-13,3.124514651e-13,7.617209025e-13,9.116175336e-13,7.381959573e-13,4.371129056e-13,1.725076201e-13,5.26895371e-13,8.756022647e-14,4.740165842e-14,1.056775095e-13,1.262914954e-13,1.749633101e-13,3.30533924e-13,5.755882973e-13,1.937119515e-13,7.132193795e-13,5.567750822e-14,2.11428859e-13,1.335480953e-13
85.6484375,5.482507829e-13,4.152904019e-13,6.688883984e-13,1.638519884e-13,1.722760027e-13,3.364805815e-13,9.365509109e-14,1.076377306e-13,8.102471136e-14,1.425679584e-13,1.895086728e-13,1.302209064e-13,3.137544034e-13,3.161296725e-13,7.610712404e-13,9.098552543e-13,7.425092723e-13,4.374013294e-13,1.73630226e-13,5.219606842e-13,8.706074725e-14,4.815201808e-14,1.042084078e-13,1.267579803e-13,1.734827077e-13,3.259237127e-13,5.682363305e-13,1.929507728e-13,7.094737939e-13,5.530247494e-14,2.108165734e-13,1.307895308e-13
85.65625,5.484420418e-13,4.164152642e-13,6.626139774e-13,1.651843938e-13,1.759295093e-13,3.392235767e-13,9.333326321e-14,1.07690504e-13,8.154164695e-14,1.428735962e-13,1.897537623e-13,1.313931126e-13,3.136799762e-13,3.199357365e-13,7.603343016e-13,9.079947504e-13,7.466226676e-13,4.378701676e-13,1.74742068e-13,5.169416038e-13,8.65779291e-14,4.89305484e-14,1.026562018e-13,1.271085953e-13,1.720320673e-13,3.213165806e-13,5.606188707e-13,1.923168656e-13,7.057087757e-13,5.494810688e-14,2.102515709e-13,1.280917867e-13
85.6640625,5.487472375e-13,4.178064512e-13,6.563089618e-13,1.666401022e-13,1.79574405e-13,3.420118539e-13,9.305228458e-14,1.077500647e-13,8.208611049e-14,1.431383331e-13,1.899737832e-13,1.325575442e-13,3.135217269e-13,3.236685605e-13,7.592629018e-13,9.058366207e-13,7.503291809e-13,4.382084231e-13,1.757441389e-13,5.120890399e-13,8.607506891e-14,4.973341834e-14,1.010257073e-13,1.27483267e-13,1.705515073e-13,3.166148114e-13,5.527596946e-13,1.918071431e-13,7.019752542e-13,5.45804507e-14,2.097381481e-13,1.254512357e-13
85.671875,5.490952504e-13,4.191516277e-13,6.500928457e-13,1.681616779e-13,1.832913798e-13,3.449824374e-13,9.280997991e-14,1.077674423e-13,8.269268906e-14,1.433838009e-13,1.902635557e-13,1.338216517e-13,3.134389709e-13,3.275115351e-13,7.579931175e-13,9.035227284e-13,7.539454036e-13,4.384379058e-13,1.767702861e-13,5.073861888e-13,8.555939541e-14,5.060987911e-14,9.938163501e-14,1.27965e-13,1.690732245e-13,3.118883733e-13,5.448481956e-13,1.913720771e-13,6.984862413e-13,5.42076552e-14,2.094708755e-13,1.228539978e-13
85.6796875,5.495570402e-13,4.205207954e-13,6.441345265e-13,1.696027579e-13,1.87195863e-13,3.481407623e-13,9.261071984e-14,1.077664904e-13,8.333292538e-14,1.436282429e-13,1.906349476e-13,1.351927675e-13,3.134959159e-13,3.31676059e-13,7.568192504e-13,9.013483336e-13,7.578665705e-13,4.388891215e-13,1.779017313e-13,5.027095583e-13,8.506646623e-14,5.154782008e-14,9.775992318e-14,1.284662991e-13,1.676504677e-13,3.071919459e-13,5.368930169e-13,1.909100171e-13,6.952457389e-13,5.387390482e-14,2.094573514e-13,1.203085364e-13
85.6875,5.500894225e-13,4.220393223e-13,6.383182705e-13,1.710855833e-13,1.911961991e-13,3.512999167e-13,9.243928299e-14,1.078597434e-13,8.398465896e-14,1.438345937e-13,1.909796981e-13,1.365894449e-13,3.135355957e-13,3.359070877e-13,7.557597745e-13,8.993347407e-13,7.617707684e-13,4.393807697e-13,1.789574484e-13,4.98271081e-13,8.463389555e-14,5.249738049e-14,9.609162077e-14,1.289501185e-13,1.662275047e-13,3.025331494e-13,5.28842083e-13,1.903413168e-13,6.921780977e-13,5.357161413e-14,2.095057198e-13,1.178217468e-13
85.6953125,5.506293297e-13,4.235419039e-13,6.324088902e-13,1.727772637e-13,1.952648127e-13,3.545157394e-13,9.230289576e-14,1.080056694e-13,8.463445242e-14,1.440138347e-13,1.912174683e-13,1.380107003e-13,3.135014224e-13,3.400399689e-13,7.545708641e-13,8.971470886e-13,7.651722928e-13,4.396367812e-13,1.799021838e-13,4.939862439e-13,8.424108094e-14,5.346034582e-14,9.435381592e-14,1.293669167e-13,1.647577438e-13,2.97880272e-13,5.206174077e-13,1.898131263e-13,6.892606107e-13,5.324836915e-14,2.095590653e-13,1.153677213e-13
85.703125,5.513109616e-13,4.251202768e-13,6.266502752e-13,1.745413806e-13,1.994670809e-13,3.579986891e-13,9.225485719e-14,1.081095004e-13,8.528421947e-14,1.441812234e-13,1.913830908e-13,1.395198107e-13,3.134955941e-13,3.44355808e-13,7.532297634e-13,8.947199079e-13,7.68374466e-13,4.39876962e-13,1.809318965e-13,4.895074718e-13,8.383819563e-14,5.446784299e-14,9.260643436e-14,1.297423507e-13,1.632860341e-13,2.931539397e-13,5.121938126e-13,1.894475809e-13,6.864974953e-13,5.29092538e-14,2.097600523e-13,1.129437273e-13
85.7109375,5.522581684e-13,4.269446812e-13,6.214522112e-13,1.762689664e-13,2.037619998e-13,3.617106099e-13,9.228822512e-14,1.082226314e-13,8.597829072e-14,1.443062378e-13,1.915862421e-13,1.411620445e-13,3.135996991e-13,3.489780295e-13,7.519304416e-13,8.923361712e-13,7.717701464e-13,4.402760401e-13,1.820709802e-13,4.84982435e-13,8.343624167e-14,5.553007167e-14,9.085153721e-14,1.302130127e-13,1.618551835e-13,2.884409358e-13,5.038168323e-13,1.891093409e-13,6.84078413e-13,5.259999963e-14,2.102214204e-13,1.105986778e-13
85.71875,5.534285042e-13,4.288521226e-13,6.166731215e-13,1.780012383e-13,2.081602311e-13,3.65516614e-13,9.233972271e-14,1.083675857e-13,8.674137907e-14,1.444210389e-13,1.91896128e-13,1.429374566e-13,3.137952673e-13,3.537475175e-13,7.5065434e-13,8.899623e-13,7.750612709e-13,4.407325086e-13,1.832172125e-13,4.806638713e-13,8.306464224e-14,5.664502114e-14,8.905641021e-14,1.3073444e-13,1.604605966e-13,2.838752927e-13,4.955710857e-13,1.887329752e-13,6.821325412e-13,5.231479878e-14,2.109152728e-13,1.083406943e-13
85.7265625,5.547901413e-13,4.308767468e-13,6.119562696e-13,1.796739361e-13,2.127376804e-13,3.694338054e-13,9.241199826e-14,1.084887468e-13,8.755636528e-14,1.445540257e-13,1.922853035e-13,1.448031513e-13,3.139644919e-13,3.586802867e-13,7.493319474e-13,8.873987016e-13,7.780461071e-13,4.412306636e-13,1.844086409e-13,4.763963868e-13,8.272332789e-14,5.781307405e-14,8.720772846e-14,1.312013164e-13,1.590757282e-13,2.79320178e-13,4.871719681e-13,1.884422917e-13,6.804784953e-13,5.203357027e-14,2.117794782e-13,1.06116654e-13
85.734375,5.562643956e-13,4.332296614e-13,6.072839275e-13,1.813383771e-13,2.173789173e-13,3.734827136e-13,9.254402317e-14,1.086120216e-13,8.83914975e-14,1.446255708e-13,1.927178937e-13,1.467240244e-13,3.14056942e-13,3.638189379e-13,7.480895785e-13,8.847667717e-13,7.809601879e-13,4.417887208e-13,1.856693927e-13,4.719336536e-13,8.24122953e-14,5.901270524e-14,8.527250125e-14,1.316459437e-13,1.57690446e-13,2.746518314e-13,4.786396969e-13,1.882719242e-13,6.790337187e-13,5.176802187e-14,2.127846373e-13,1.039024863e-13
85.7421875,5.576338092e-13,4.357053089e-13,6.028335507e-13,1.831806746e-13,2.219411423e-13,3.776228223e-13,9.273893404e-14,1.087727832e-13,8.921711062e-14,1.446415318e-13,1.932065446e-13,1.487026877e-13,3.141756023e-13,3.689960577e-13,7.468891119e-13,8.821164712e-13,7.837909613e-13,4.423473753e-13,1.869029489e-13,4.672539541e-13,8.212564488e-14,6.021005464e-14,8.328397545e-14,1.320325121e-13,1.563396271e-13,2.699909699e-13,4.701836239e-13,1.88167738e-13,6.778724617e-13,5.149683437e-14,2.138935527e-13,1.017294052e-13
85.75,5.59015112e-13,4.380633563e-13,5.987734037e-13,1.851153916e-13,2.266000129e-13,3.819360063e-13,9.300042222e-14,1.089373846e-13,9.006454642e-14,1.44720889e-13,1.937454206e-13,1.50778271e-13,3.14397666e-13,3.742536174e-13,7.455417129e-13,8.792604169e-13,7.864713103e-13,4.42946637e-13,1.881276429e-13,4.626725717e-13,8.188559609e-14,6.143111611e-14,8.134909331e-14,1.323363448e-13,1.550548707e-13,2.653760431e-13,4.615911312e-13,1.881353067e-13,6.769463344e-13,5.118502991e-14,2.151278357e-13,9.963699163e-14
85.7578125,5.609200127e-13,4.404490831e-13,5.951431004e-13,1.869997096e-13,2.316246098e-13,3.865790925e-13,9.335059946e-14,1.09090243e-13,9.099677201e-14,1.448391962e-13,1.943132846e-13,1.530104707e-13,3.147357558e-13,3.799101717e-13,7.442014381e-13,8.763143516e-13,7.893153235e-13,4.437177781e-13,1.894827927e-13,4.584386637e-13,8.173849476e-14,6.274041112e-14,7.946707777e-14,1.326514417e-13,1.538318491e-13,2.607621117e-13,4.527848431e-13,1.881860817e-13,6.762938008e-13,5.087157022e-14,2.166088911e-13,9.763664173e-14
85.765625,5.633596671e-13,4.430259397e-13,5.918099716e-13,1.889146694e-13,2.369396237e-13,3.915152106e-13,9.379725193e-14,1.092357572e-13,9.199731707e-14,1.449018708e-13,1.949613525e-13,1.553989944e-13,3.151813831e-13,3.859778991e-13,7.431265375e-13,8.735621341e-13,7.923908405e-13,4.446588668e-13,1.909555952e-13,4.543135683e-13,8.164774215e-14,6.41360424e-14,7.756943226e-14,1.329648219e-13,1.526637367e-13,2.562317622e-13,4.441072333e-13,1.882895524e-13,6.760302175e-13,5.060056867e-14,2.18384393e-13,9.571453051e-14
85.7734375,5.657626497e-13,4.458333947e-13,5.887280344e-13,1.909123778e-13,2.422895646e-13,3.965586636e-13,9.429901578e-14,1.093650445e-13,9.301312645e-14,1.449437266e-13,1.957866872e-13,1.578884232e-13,3.15652179e-13,3.92175403e-13,7.421828311e-13,8.708652695e-13,7.952662574e-13,4.456107253e-13,1.92414889e-13,4.501711455e-13,8.156694901e-14,6.557517602e-14,7.565992979e-14,1.332472214e-13,1.515236021e-13,2.517845574e-13,4.355881507e-13,1.884255183e-13,6.761332906e-13,5.033734599e-14,2.203837826e-13,9.384993943e-14
85.78125,5.680258243e-13,4.48809508e-13,5.858740559e-13,1.929937024e-13,2.476321777e-13,4.016340712e-13,9.480372837e-14,1.094792876e-13,9.404740969e-14,1.449889839e-13,1.967742529e-13,1.604450638e-13,3.161084788e-13,3.984151873e-13,7.411357063e-13,8.679528288e-13,7.9775909e-13,4.465115132e-13,1.938325586e-13,4.461973222e-13,8.152410531e-14,6.705103231e-14,7.37336027e-14,1.335611652e-13,1.503792554e-13,2.473197819e-13,4.270361985e-13,1.885971637e-13,6.765979393e-13,5.004945334e-14,2.225280607e-13,9.202837582e-14
85.7890625,5.70589031e-13,4.517903028e-13,5.830004911e-13,1.951423661e-13,2.530323222e-13,4.067569505e-13,9.535114872e-14,1.095929289e-13,9.512938242e-14,1.450031502e-13,1.977528665e-13,1.630227634e-13,3.165900602e-13,4.04732994e-13,7.400030076e-13,8.649669128e-13,8.001456973e-13,4.474900949e-13,1.952307038e-13,4.422523146e-13,8.148132449e-14,6.85624697e-14,7.177637179e-14,1.338931747e-13,1.492709364e-13,2.428966227e-13,4.184797178e-13,1.887963413e-13,6.773370157e-13,4.976092396e-14,2.247302231e-13,9.027097373e-14
85.796875,5.735782388e-13,4.548544554e-13,5.800981333e-13,1.972647937e-13,2.584936915e-13,4.11946478e-13,9.599179388e-14,1.097259827e-13,9.62631601e-14,1.450207298e-13,1.986395329e-13,1.656163912e-13,3.170750104e-13,4.111252074e-13,7.389607153e-13,8.622252086e-13,8.026392792e-13,4.486642154e-13,1.966231068e-13,4.382205669e-13,8.139605552e-14,7.010079529e-14,6.98415786e-14,1.342385392e-13,1.482468808e-13,2.386075245e-13,4.099060377e-13,1.890284522e-13,6.782014948e-13,4.949791676e-14,2.269993329e-13,8.861029966e-14
85.8046875,5.76751457e-13,4.581763636e-13,5.776036975e-13,1.994455519e-13,2.640682926e-13,4.172963543e-13,9.666163183e-14,1.0986742e-13,9.74216624e-14,1.450479397e-13,1.995826304e-13,1.683371103e-13,3.176009367e-13,4.176719564e-13,7.382046792e-13,8.598067552e-13,8.051533481e-13,4.500240632e-13,1.980880919e-13,4.343730122e-13,8.13698171e-14,7.168091137e-14,6.793514127e-14,1.345926381e-13,1.47273913e-13,2.344352433e-13,4.013537897e-13,1.893461562e-13,6.793849498e-13,4.926891624e-14,2.294865797e-13,8.702458252e-14
85.8125,5.799581504e-13,4.615194198e-13,5.756169354e-13,2.017744283e-13,2.69804451e-13,4.2288572e-13,9.735067022e-14,1.099735116e-13,9.859475839e-14,1.450306161e-13,2.006309074e-13,1.712063053e-13,3.18279017e-13,4.244012205e-13,7.376241599e-13,8.574480522e-13,8.074220598e-13,4.514224424e-13,1.996323368e-13,4.306458394e-13,8.144473765e-14,7.331987167e-14,6.601440113e-14,1.348499194e-13,1.463188411e-13,2.303596792e-13,3.929553566e-13,1.89726215e-13,6.809982057e-13,4.906699517e-14,2.322026816e-13,8.549694343e-14
85.8203125,5.832505561e-13,4.647038287e-13,5.737063497e-13,2.040272102e-13,2.757033915e-13,4.28650608e-13,9.816041768e-14,1.100431502e-13,9.982004758e-14,1.450006771e-13,2.01584129e-13,1.741168799e-13,3.190240829e-13,4.312460071e-13,7.367779335e-13,8.547252839e-13,8.093094712e-13,4.526890714e-13,2.011353942e-13,4.26694569e-13,8.153748744e-14,7.50169347e-14,6.41133932e-14,1.350661868e-13,1.453895329e-13,2.263014067e-13,3.84470546e-13,1.900622542e-13,6.826869516e-13,4.886256373e-14,2.35012967e-13,8.405486736e-14
85.828125,5.867812983e-13,4.680391985e-13,5.716933842e-13,2.06164346e-13,2.817994498e-13,4.345038843e-13,9.906890257e-14,1.100830588e-13,1.010928768e-13,1.449906659e-13,2.024087691e-13,1.770912894e-13,3.197283894e-13,4.382796158e-13,7.35659492e-13,8.516616446e-13,8.110762844e-13,4.538950533e-13,2.026021393e-13,4.225510436e-13,8.165378648e-14,7.675023225e-14,6.224055699e-14,1.353366768e-13,1.444786934e-13,2.221653742e-13,3.7573854e-13,1.904090989e-13,6.844031991e-13,4.864033202e-14,2.379414658e-13,8.266594118e-14
85.8359375,5.905524743e-13,4.71686514e-13,5.699015058e-13,2.084037729e-13,2.88008258e-13,4.404462513e-13,9.998894805e-14,1.100512168e-13,1.023552393e-13,1.449522959e-13,2.033040257e-13,1.802165967e-13,3.205586925e-13,4.455719462e-13,7.34710742e-13,8.487293988e-13,8.12995014e-13,4.552013196e-13,2.041567836e-13,4.184126269e-13,8.183450259e-14,7.848810851e-14,6.033722212e-14,1.355097149e-13,1.435903192e-13,2.180364856e-13,3.671229785e-13,1.908904911e-13,6.86551523e-13,4.841952495e-14,2.411073854e-13,8.127899527e-14
85.84375,5.943771183e-13,4.754702081e-13,5.686726731e-13,2.106965582e-13,2.942007925e-13,4.465527744e-13,1.009642838e-13,1.09958084e-13,1.036160866e-13,1.448861033e-13,2.043116526e-13,1.834768427e-13,3.21654739e-13,4.530503362e-13,7.33944635e-13,8.459905014e-13,8.149474859e-13,4.565758767e-13,2.058092187e-13,4.144396768e-13,8.206389385e-14,8.024481857e-14,5.843060462e-14,1.355789734e-13,1.427490267e-13,2.140115397e-13,3.587302095e-13,1.914162109e-13,6.892652889e-13,4.822203487e-14,2.445466161e-13,7.993454942e-14
85.8515625,5.982596892e-13,4.793418717e-13,5.680239014e-13,2.130312817e-13,3.005127016e-13,4.529463694e-13,1.020249419e-13,1.098787098e-13,1.049153576e-13,1.448032924e-13,2.053913722e-13,1.86868911e-13,3.228831448e-13,4.607436971e-13,7.331953858e-13,8.432992379e-13,8.168975979e-13,4.580847172e-13,2.075033475e-13,4.108268541e-13,8.236946454e-14,8.206115015e-14,5.657604441e-14,1.357066014e-13,1.4194304e-13,2.100582561e-13,3.503740546e-13,1.919145962e-13,6.923968751e-13,4.805946377e-14,2.482387342e-13,7.867003469e-14
85.859375,6.024161523e-13,4.832630641e-13,5.677436302e-13,2.155846109e-13,3.070635828e-13,4.597238326e-13,1.031308383e-13,1.098312475e-13,1.062332266e-13,1.446609813e-13,2.066108802e-13,1.903880558e-13,3.241268954e-13,4.687482728e-13,7.326952194e-13,8.40955659e-13,8.191010646e-13,4.59913887e-13,2.092326615e-13,4.07446706e-13,8.275114628e-14,8.392947925e-14,5.474589548e-14,1.357939437e-13,1.411629582e-13,2.061813585e-13,3.422182265e-13,1.924987283e-13,6.958081934e-13,4.792790395e-14,2.521152082e-13,7.747061492e-14
85.8671875,6.06932926e-13,4.870537167e-13,5.677403308e-13,2.182401861e-13,3.136927112e-13,4.668864694e-13,1.043244035e-13,1.097757596e-13,1.075382076e-13,1.444955959e-13,2.079143911e-13,1.939578656e-13,3.254536342e-13,4.770437071e-13,7.325345277e-13,8.389981105e-13,8.215673682e-13,4.61963077e-13,2.110117608e-13,4.03856923e-13,8.313821773e-14,8.582275061e-14,5.29264886e-14,1.357584819e-13,1.404521529e-13,2.023629452e-13,3.343045737e-13,1.931465735e-13,6.994594852e-13,4.780289434e-14,2.561370267e-13,7.632822145e-14
85.875,6.11738561e-13,4.906811166e-13,5.681047653e-13,2.208532989e-13,3.203456641e-13,4.74304714e-13,1.0565024e-13,1.096788731e-13,1.088109495e-13,1.443798419e-13,2.091897007e-13,1.975771561e-13,3.26908477e-13,4.855844811e-13,7.326059476e-13,8.370942388e-13,8.241438564e-13,4.641269944e-13,2.128639922e-13,3.999047896e-13,8.353539783e-14,8.772902432e-14,5.113236762e-14,1.356978362e-13,1.398455235e-13,1.985259542e-13,3.263835902e-13,1.937384118e-13,7.034728982e-13,4.767271525e-14,2.603424068e-13,7.521326696e-14
85.8828125,6.167235458e-13,4.943820506e-13,5.688408952e-13,2.235204064e-13,3.271577925e-13,4.817991264e-13,1.070642762e-13,1.095498904e-13,1.100676566e-13,1.442850451e-13,2.105539616e-13,2.013230763e-13,3.284395517e-13,4.943500633e-13,7.330587999e-13,8.354365296e-13,8.268751216e-13,4.66600354e-13,2.147901164e-13,3.958413748e-13,8.397734585e-14,8.963986279e-14,4.934493829e-14,1.355620069e-13,1.393311292e-13,1.947553558e-13,3.185508088e-13,1.943474844e-13,7.078807481e-13,4.755053234e-14,2.647424532e-13,7.412154746e-14
85.890625,6.219411097e-13,4.98592925e-13,5.698522164e-13,2.262200502e-13,3.341724264e-13,4.893868112e-13,1.085417798e-13,1.094428191e-13,1.113898253e-13,1.441914939e-13,2.120896124e-13,2.052320249e-13,3.300585654e-13,5.033643547e-13,7.338101417e-13,8.341880132e-13,8.297274362e-13,4.694435553e-13,2.167754289e-13,3.918795216e-13,8.445445705e-14,9.158404596e-14,4.757251942e-14,1.353222805e-13,1.38882985e-13,1.91139658e-13,3.109167614e-13,1.950974638e-13,7.1263705e-13,4.743867115e-14,2.693530006e-13,7.312015416e-14
85.8984375,6.276182219e-13,5.034215535e-13,5.710566261e-13,2.289454401e-13,3.413960852e-13,4.972172677e-13,1.100747993e-13,1.093648426e-13,1.127911882e-13,1.441408929e-13,2.136209135e-13,2.092873042e-13,3.317916855e-13,5.126552952e-13,7.344775672e-13,8.329671138e-13,8.325998026e-13,4.724322454e-13,2.188334651e-13,3.880332673e-13,8.500723753e-14,9.35891687e-14,4.584660598e-14,1.350799779e-13,1.38470671e-13,1.875462853e-13,3.032382552e-13,1.959915059e-13,7.178156223e-13,4.732120185e-14,2.741439682e-13,7.221537961e-14
85.90625,6.335001076e-13,5.080935355e-13,5.72381034e-13,2.317969765e-13,3.487940679e-13,5.052045282e-13,1.116282405e-13,1.092491524e-13,1.141783221e-13,1.441048054e-13,2.150397216e-13,2.133883625e-13,3.335177625e-13,5.220427107e-13,7.350749015e-13,8.316817152e-13,8.354794936e-13,4.753343188e-13,2.209076716e-13,3.84278835e-13,8.566116411e-14,9.560570545e-14,4.415885358e-14,1.347954318e-13,1.380626275e-13,1.839222125e-13,2.95499337e-13,1.969181965e-13,7.232040715e-13,4.71927084e-14,2.789194689e-13,7.13504898e-14
85.9140625,6.389228854e-13,5.120148292e-13,5.738622316e-13,2.346777905e-13,3.561601628e-13,5.131408345e-13,1.131989073e-13,1.090675645e-13,1.155259463e-13,1.440191611e-13,2.164676938e-13,2.174545207e-13,3.351762321e-13,5.313244791e-13,7.357747805e-13,8.304646107e-13,8.381895342e-13,4.780756003e-13,2.229045071e-13,3.805415774e-13,8.634974877e-14,9.759355346e-14,4.250223295e-14,1.344356895e-13,1.376595903e-13,1.804008376e-13,2.879220257e-13,1.977054316e-13,7.285193745e-13,4.707048344e-14,2.836372066e-13,7.051637299e-14
85.921875,6.440572911e-13,5.158768404e-13,5.755773305e-13,2.375600278e-13,3.633845673e-13,5.2109997e-13,1.148027932e-13,1.088649924e-13,1.168980388e-13,1.439218414e-13,2.180420575e-13,2.215865015e-13,3.369355183e-13,5.406339463e-13,7.366008629e-13,8.293658433e-13,8.407924864e-13,4.80874076e-13,2.249141266e-13,3.767299502e-13,8.705143339e-14,9.959799715e-14,4.088349707e-14,1.340906168e-13,1.37300628e-13,1.770077416e-13,2.805231261e-13,1.984138174e-13,7.340961648e-13,4.696885103e-14,2.8853026e-13,6.971675186e-14
85.9296875,6.497255571e-13,5.203328971e-13,5.774792151e-13,2.405835162e-13,3.706952796e-13,5.293483832e-13,1.164586128e-13,1.08690054e-13,1.183278932e-13,1.438971968e-13,2.197653313e-13,2.25875942e-13,3.388755874e-13,5.501831879e-13,7.377436109e-13,8.28734828e-13,8.438546099e-13,4.839983865e-13,2.270858211e-13,3.729523568e-13,8.778982756e-14,1.016591695e-13,3.929105122e-14,1.337605795e-13,1.370157235e-13,1.736635768e-13,2.732649489e-13,1.993089411e-13,7.401748307e-13,4.687391779e-14,2.936528451e-13,6.895486608e-14
85.9375,6.559472359e-13,5.249274385e-13,5.795780068e-13,2.436598262e-13,3.783403376e-13,5.379401115e-13,1.182155777e-13,1.085337118e-13,1.197782842e-13,1.439188346e-13,2.215078634e-13,2.302208493e-13,3.408537741e-13,5.599493043e-13,7.392674225e-13,8.286223367e-13,8.474388916e-13,4.873976976e-13,2.293492224e-13,3.693001215e-13,8.852105536e-14,1.037442773e-13,3.773089241e-14,1.333880359e-13,1.36792279e-13,1.703322995e-13,2.661555792e-13,2.003420216e-13,7.463876074e-13,4.677453867e-14,2.988462233e-13,6.823313542e-14
85.9453125,6.621908934e-13,5.292932994e-13,5.81906303e-13,2.467146956e-13,3.861968123e-13,5.466169489e-13,1.20067001e-13,1.083312317e-13,1.211744247e-13,1.438694714e-13,2.23164372e-13,2.345248912e-13,3.428272014e-13,5.698319488e-13,7.409454425e-13,8.286444975e-13,8.51019639e-13,4.909601646e-13,2.315680371e-13,3.656397137e-13,8.923090876e-14,1.058016681e-13,3.62290232e-14,1.329325951e-13,1.366015547e-13,1.670153447e-13,2.591701332e-13,2.012775501e-13,7.52626472e-13,4.668709373e-14,3.040796051e-13,6.752010831e-14
85.953125,6.684589384e-13,5.336770024e-13,5.843407676e-13,2.499132048e-13,3.93993325e-13,5.552465003e-13,1.219185892e-13,1.080648003e-13,1.225295637e-13,1.437181183e-13,2.248227602e-13,2.388512368e-13,3.449212382e-13,5.798125366e-13,7.42763146e-13,8.289707035e-13,8.545575829e-13,4.94720962e-13,2.337734808e-13,3.619840344e-13,9.001483896e-14,1.078531401e-13,3.478527561e-14,1.323970565e-13,1.364365285e-13,1.637791364e-13,2.52363664e-13,2.022063387e-13,7.590332621e-13,4.66155372e-14,3.094174149e-13,6.685844712e-14
85.9609375,6.74967042e-13,5.382147931e-13,5.869075284e-13,2.532514942e-13,4.017564402e-13,5.640639558e-13,1.237346591e-13,1.077902767e-13,1.239437373e-13,1.4353102e-13,2.266299905e-13,2.432914111e-13,3.471424902e-13,5.899320528e-13,7.44799473e-13,8.298009254e-13,8.582864949e-13,4.986542036e-13,2.360324323e-13,3.584006706e-13,9.093630827e-14,1.099641112e-13,3.338254264e-14,1.318755352e-13,1.363133149e-13,1.606789119e-13,2.457688921e-13,2.032684213e-13,7.655012405e-13,4.654928515e-14,3.148906512e-13,6.632704222e-14
85.96875,6.816469364e-13,5.429407756e-13,5.897061648e-13,2.565479342e-13,4.09586249e-13,5.730673414e-13,1.255797867e-13,1.075331319e-13,1.253958809e-13,1.433398109e-13,2.285625587e-13,2.477967785e-13,3.49332584e-13,6.001626831e-13,7.469962571e-13,8.308204175e-13,8.62142195e-13,5.027013446e-13,2.383055443e-13,3.546740465e-13,9.193162652e-14,1.120951961e-13,3.200930429e-14,1.313458226e-13,1.362452645e-13,1.576511718e-13,2.393056417e-13,2.043410608e-13,7.721329362e-13,4.65005404e-14,3.204468857e-13,6.584525365e-14
85.9765625,6.884610905e-13,5.478336673e-13,5.925594792e-13,2.597775659e-13,4.173644682e-13,5.819362379e-13,1.274984582e-13,1.072783522e-13,1.267973629e-13,1.431929283e-13,2.304932467e-13,2.522404039e-13,3.514632758e-13,6.103889962e-13,7.494084586e-13,8.320921841e-13,8.661693049e-13,5.068356734e-13,2.405577562e-13,3.508147036e-13,9.291770727e-14,1.141586131e-13,3.066767368e-14,1.307078709e-13,1.362201172e-13,1.546651359e-13,2.330034151e-13,2.054037816e-13,7.791318191e-13,4.647827475e-14,3.259523455e-13,6.533041603e-14
85.984375,6.954982861e-13,5.526861742e-13,5.954763352e-13,2.630791089e-13,4.251246242e-13,5.908805154e-13,1.294697534e-13,1.070040993e-13,1.28171678e-13,1.431824939e-13,2.323897159e-13,2.566372232e-13,3.537038296e-13,6.206428581e-13,7.52048184e-13,8.337877949e-13,8.704903395e-13,5.110554996e-13,2.42820503e-13,3.470983976e-13,9.391243474e-14,1.161955431e-13,2.937736045e-14,1.300614187e-13,1.362199e-13,1.517722912e-13,2.269445832e-13,2.066100779e-13,7.863116404e-13,4.64703905e-14,3.313935444e-13,6.486083584e-14
85.9921875,7.027160801e-13,5.575317623e-13,5.987241097e-13,2.665645419e-13,4.330238402e-13,6.002671532e-13,1.314660251e-13,1.06676651e-13,1.295229406e-13,1.432391804e-13,2.343255355e-13,2.61091079e-13,3.560890305e-13,6.310566599e-13,7.548457159e-13,8.357137375e-13,8.750054515e-13,5.154758292e-13,2.45087664e-13,3.433330722e-13,9.498835296e-14,1.182622326e-13,2.814128501e-14,1.294467482e-13,1.362598495e-13,1.48945546e-13,2.210464178e-13,2.079118053e-13,7.935695937e-13,4.647287911e-14,3.368914093e-13,6.445643882e-14
86,7.099161233e-13,5.624611204e-13,6.022180103e-13,2.701749925e-13,4.409705151e-13,6.097365487e-13,1.334836676e-13,1.063118198e-13,1.308216659e-13,1.431814761e-13,2.363543227e-13,2.656125808e-13,3.584942418e-13,6.416231528e-13,7.57933176e-13,8.3803847e-13,8.796646011e-13,5.201258571e-13,2.473414602e-13,3.392516137e-13,9.617315708e-14,1.203135369e-13,2.693684616e-14,1.28726321e-13,1.363670889e-13,1.461454452e-13,2.15278514e-13,2.091205196e-13,8.010484651e-13,4.647748624e-14,3.425338619e-13,6.404610763e-14
86.0078125,7.170610318e-13,5.672946795e-13,6.058268056e-13,2.738506829e-13,4.489987809e-13,6.190587835e-13,1.355155665e-13,1.059558351e-13,1.321535119e-13,1.430312065e-13,2.384528372e-13,2.702138038e-13,3.609377751e-13,6.523295781e-13,7.613370237e-13,8.409628747e-13,8.84510743e-13,5.248814245e-13,2.496549276e-13,3.352185822e-13,9.745220091e-14,1.223524052e-13,2.576598141e-14,1.279297179e-13,1.365322888e-13,1.434287792e-13,2.098239587e-13,2.10265658e-13,8.086942409e-13,4.646803851e-14,3.483597287e-13,6.364285653e-14
86.015625,7.244671995e-13,5.72156671e-13,6.095959541e-13,2.776685722e-13,4.572708329e-13,6.286309196e-13,1.375490493e-13,1.056082235e-13,1.335424393e-13,1.429504932e-13,2.405461865e-13,2.748881758e-13,3.634316e-13,6.631668382e-13,7.648904093e-13,8.442710352e-13,8.896032873e-13,5.297528748e-13,2.520496334e-13,3.315789912e-13,9.878422898e-14,1.244180815e-13,2.465395433e-14,1.271155242e-13,1.367196243e-13,1.408199218e-13,2.047060001e-13,2.11525012e-13,8.163498137e-13,4.645621007e-14,3.542293453e-13,6.328484924e-14
86.0234375,7.322587148e-13,5.772413887e-13,6.132882317e-13,2.815704588e-13,4.654903933e-13,6.383943176e-13,1.396006747e-13,1.052788806e-13,1.348807114e-13,1.429525045e-13,2.425567619e-13,2.794919571e-13,3.658290261e-13,6.739858913e-13,7.685976975e-13,8.479338695e-13,8.950047167e-13,5.347170865e-13,2.544021179e-13,3.280413493e-13,1.001110711e-13,1.264608013e-13,2.359872576e-14,1.262147279e-13,1.36903508e-13,1.382692516e-13,1.99652419e-13,2.128953096e-13,8.239367481e-13,4.646310832e-14,3.599323123e-13,6.296817057e-14
86.03125,7.400384006e-13,5.822756995e-13,6.169083866e-13,2.854480146e-13,4.734381636e-13,6.479602021e-13,1.416820279e-13,1.049664174e-13,1.36180129e-13,1.42949771e-13,2.445199126e-13,2.840229121e-13,3.68179076e-13,6.84769297e-13,7.724038719e-13,8.518149592e-13,9.004901912e-13,5.396418801e-13,2.566764242e-13,3.242420868e-13,1.014456274e-13,1.284556307e-13,2.257429379e-14,1.253046326e-13,1.370801302e-13,1.357582086e-13,1.945985918e-13,2.142621215e-13,8.314773304e-13,4.648473106e-14,3.656308098e-13,6.26798276e-14
86.0390625,7.476933223e-13,5.872842195e-13,6.209440904e-13,2.8940271e-13,4.814550582e-13,6.575503769e-13,1.437604119e-13,1.046089124e-13,1.375280315e-13,1.429321044e-13,2.466037183e-13,2.886786376e-13,3.706860443e-13,6.95667329e-13,7.761998291e-13,8.556838669e-13,9.059132409e-13,5.446611867e-13,2.589889533e-13,3.203437537e-13,1.028724276e-13,1.304588102e-13,2.15721782e-14,1.244777984e-13,1.372642082e-13,1.333099472e-13,1.897905411e-13,2.156819177e-13,8.391780007e-13,4.650536183e-14,3.715568182e-13,6.239738555e-14
86.046875,7.556043651e-13,5.924383192e-13,6.253069955e-13,2.934184248e-13,4.896312581e-13,6.674764884e-13,1.45839859e-13,1.042228602e-13,1.389053641e-13,1.429399553e-13,2.488627407e-13,2.93441752e-13,3.733231235e-13,7.066851617e-13,7.802327797e-13,8.600107996e-13,9.117022918e-13,5.499047501e-13,2.613785011e-13,3.166648077e-13,1.043956701e-13,1.324880817e-13,2.060969602e-14,1.236400801e-13,1.374820595e-13,1.309430475e-13,1.852586293e-13,2.172171499e-13,8.471330314e-13,4.651639353e-14,3.775244813e-13,6.214414554e-14
86.0546875,7.637734434e-13,5.973298511e-13,6.295193268e-13,2.973593262e-13,4.977686373e-13,6.775815737e-13,1.479797618e-13,1.03871037e-13,1.402622238e-13,1.429870975e-13,2.511325394e-13,2.981294827e-13,3.759586475e-13,7.177752813e-13,7.846450384e-13,8.650523686e-13,9.1805213e-13,5.552273425e-13,2.637731019e-13,3.130908574e-13,1.059215507e-13,1.345128639e-13,1.969984231e-14,1.227342463e-13,1.377528517e-13,1.286438792e-13,1.808412254e-13,2.187284422e-13,8.551333429e-13,4.652550497e-14,3.833507676e-13,6.194863299e-14
86.0625,7.719843379e-13,6.021587202e-13,6.336649849e-13,3.013595333e-13,5.060151703e-13,6.876437603e-13,1.501640206e-13,1.035144424e-13,1.415758862e-13,1.430672734e-13,2.5331085e-13,3.027427139e-13,3.785346216e-13,7.289316789e-13,7.892024216e-13,8.703185347e-13,9.245385326e-13,5.606549343e-13,2.661356511e-13,3.094568403e-13,1.074217549e-13,1.364992161e-13,1.883316447e-14,1.21765792e-13,1.380640875e-13,1.263913796e-13,1.765632186e-13,2.2019034e-13,8.630646198e-13,4.654155918e-14,3.890765846e-13,6.174798882e-14
86.0703125,7.804058708e-13,6.077581355e-13,6.379373814e-13,3.055752429e-13,5.144056564e-13,6.975906741e-13,1.52319929e-13,1.031355543e-13,1.428640951e-13,1.431841489e-13,2.554921008e-13,3.073833092e-13,3.810537903e-13,7.401340509e-13,7.939293464e-13,8.758411276e-13,9.310535425e-13,5.662907183e-13,2.685007914e-13,3.059916298e-13,1.089747901e-13,1.384408945e-13,1.79989087e-14,1.207365127e-13,1.38399925e-13,1.242347395e-13,1.724561757e-13,2.217935305e-13,8.711292322e-13,4.655399795e-14,3.947216112e-13,6.15252655e-14
86.078125,7.890088504e-13,6.136672045e-13,6.422962324e-13,3.0999092e-13,5.226911655e-13,7.075373542e-13,1.544703049e-13,1.027701244e-13,1.44191844e-13,1.433557101e-13,2.577437208e-13,3.120949144e-13,3.83666453e-13,7.514592512e-13,7.990009565e-13,8.819218829e-13,9.378432473e-13,5.720300158e-13,2.709076303e-13,3.027317352e-13,1.106189378e-13,1.403867574e-13,1.7201418e-14,1.19696732e-13,1.387934825e-13,1.222329915e-13,1.684610462e-13,2.235364816e-13,8.795257337e-13,4.655929034e-14,4.004236e-13,6.134996853e-14
86.0859375,7.974119478e-13,6.18971935e-13,6.467189944e-13,3.145904959e-13,5.309276032e-13,7.176044624e-13,1.566552795e-13,1.023863395e-13,1.455294901e-13,1.435973127e-13,2.599919589e-13,3.168246408e-13,3.863964368e-13,7.628118584e-13,8.041924425e-13,8.882768754e-13,9.447803235e-13,5.778951929e-13,2.732920429e-13,2.993988223e-13,1.12287574e-13,1.423345802e-13,1.644922679e-14,1.186190157e-13,1.392524066e-13,1.203175529e-13,1.646385726e-13,2.25228396e-13,8.879739514e-13,4.656212047e-14,4.062267657e-13,6.119894099e-14
86.09375,8.056112379e-13,6.241286786e-13,6.509516552e-13,3.192152812e-13,5.391508979e-13,7.275124605e-13,1.587906164e-13,1.019966723e-13,1.467802016e-13,1.439077855e-13,2.621557538e-13,3.214126181e-13,3.889663705e-13,7.73794479e-13,8.092460598e-13,8.948345354e-13,9.515921279e-13,5.838944448e-13,2.755332251e-13,2.960445196e-13,1.139348689e-13,1.441983998e-13,1.574903337e-14,1.174840686e-13,1.396861283e-13,1.183943403e-13,1.610170385e-13,2.26849501e-13,8.959097956e-13,4.655239514e-14,4.117849504e-13,6.102968849e-14
86.1015625,8.13792717e-13,6.296112142e-13,6.548313162e-13,3.237084246e-13,5.471164995e-13,7.370473626e-13,1.60818218e-13,1.016547013e-13,1.47966923e-13,1.442547753e-13,2.642633063e-13,3.258252706e-13,3.913553613e-13,7.843840599e-13,8.142713163e-13,9.018504641e-13,9.583065683e-13,5.898231603e-13,2.776565082e-13,2.928179687e-13,1.155954635e-13,1.459802075e-13,1.509983224e-14,1.164205933e-13,1.400597444e-13,1.16501742e-13,1.575253735e-13,2.284750454e-13,9.03388964e-13,4.655085434e-14,4.170317729e-13,6.090139113e-14
86.109375,8.219262495e-13,6.348924274e-13,6.587503293e-13,3.282212839e-13,5.550058046e-13,7.465563414e-13,1.62823211e-13,1.012942086e-13,1.491431333e-13,1.445915538e-13,2.664105604e-13,3.302292109e-13,3.938287489e-13,7.949675391e-13,8.19436299e-13,9.091827403e-13,9.650395311e-13,5.957783943e-13,2.797796504e-13,2.89635323e-13,1.17292419e-13,1.477592994e-13,1.448833753e-14,1.153873765e-13,1.40467526e-13,1.14694964e-13,1.541728793e-13,2.300828921e-13,9.109048563e-13,4.65957091e-14,4.223197525e-13,6.082335808e-14
86.1171875,8.300564031e-13,6.397936916e-13,6.629281136e-13,3.328541026e-13,5.63215015e-13,7.562385432e-13,1.648484819e-13,1.008855095e-13,1.502913725e-13,1.44926487e-13,2.68637942e-13,3.346649945e-13,3.963284778e-13,8.055891668e-13,8.247198769e-13,9.166327351e-13,9.717593858e-13,6.019478031e-13,2.819004719e-13,2.865517283e-13,1.190364101e-13,1.495227674e-13,1.391103592e-14,1.142004557e-13,1.40923845e-13,1.129359662e-13,1.50946283e-13,2.316925809e-13,9.183506452e-13,4.66557011e-14,4.275953332e-13,6.073459592e-14
86.125,8.381719146e-13,6.44773456e-13,6.671459815e-13,3.374988143e-13,5.714255025e-13,7.658380288e-13,1.668352251e-13,1.005345434e-13,1.514185872e-13,1.453028229e-13,2.708916682e-13,3.390135671e-13,3.986956618e-13,8.160204993e-13,8.301060799e-13,9.243453554e-13,9.78455284e-13,6.080682698e-13,2.839631103e-13,2.835968718e-13,1.208531324e-13,1.512066703e-13,1.337922236e-14,1.129639877e-13,1.413400994e-13,1.112177197e-13,1.478308045e-13,2.333832165e-13,9.254611855e-13,4.668671251e-14,4.325780415e-13,6.064567397e-14
86.1328125,8.460723989e-13,6.499930876e-13,6.713012919e-13,3.421357272e-13,5.791085389e-13,7.752437676e-13,1.687835449e-13,1.002678644e-13,1.525144412e-13,1.456968749e-13,2.730740495e-13,3.432316088e-13,4.010411695e-13,8.261893389e-13,8.357157134e-13,9.325463344e-13,9.852906873e-13,6.140307701e-13,2.859655816e-13,2.80609968e-13,1.226868849e-13,1.527956195e-13,1.28896683e-14,1.118401148e-13,1.417344102e-13,1.096108175e-13,1.44909799e-13,2.351089603e-13,9.324762308e-13,4.671535015e-14,4.373522771e-13,6.059968278e-14
86.140625,8.538164699e-13,6.551419193e-13,6.752895099e-13,3.467745338e-13,5.865644994e-13,7.844566047e-13,1.707144084e-13,1.000179694e-13,1.535176115e-13,1.460670444e-13,2.750906962e-13,3.473038447e-13,4.033539745e-13,8.360733489e-13,8.414934446e-13,9.411994551e-13,9.922395706e-13,6.201392069e-13,2.878734162e-13,2.777641509e-13,1.244528754e-13,1.542968567e-13,1.243032942e-14,1.107051807e-13,1.421693747e-13,1.081381784e-13,1.42114799e-13,2.367709725e-13,9.39298415e-13,4.67694745e-14,4.419575684e-13,6.059645656e-14
86.1484375,8.615694319e-13,6.598855396e-13,6.789786516e-13,3.514077722e-13,5.943475303e-13,7.933587685e-13,1.725703635e-13,9.976217958e-14,1.544403412e-13,1.464476986e-13,2.769409665e-13,3.511964542e-13,4.055057432e-13,8.456941105e-13,8.471388606e-13,9.499506629e-13,9.989492511e-13,6.263638326e-13,2.896456397e-13,2.753444981e-13,1.262072229e-13,1.557287987e-13,1.200571772e-14,1.094815558e-13,1.425938485e-13,1.067448406e-13,1.393360281e-13,2.383971397e-13,9.454708105e-13,4.683689698e-14,4.462360138e-13,6.061698271e-14
86.15625,8.69205761e-13,6.6438222e-13,6.825301954e-13,3.560358637e-13,6.021728816e-13,8.019902365e-13,1.74338513e-13,9.951540311e-14,1.55333892e-13,1.468684448e-13,2.78765293e-13,3.549657631e-13,4.076152759e-13,8.551608961e-13,8.52653393e-13,9.586940902e-13,1.005389268e-12,6.323584474e-13,2.913349154e-13,2.731145541e-13,1.280562028e-13,1.571127115e-13,1.161634919e-14,1.083030918e-13,1.429679935e-13,1.053803129e-13,1.367180756e-13,2.400417278e-13,9.512427718e-13,4.689905859e-14,4.502793225e-13,6.064068515e-14
86.1640625,8.765627025e-13,6.691057157e-13,6.860662483e-13,3.605663898e-13,6.094499962e-13,8.104482532e-13,1.760709667e-13,9.931043955e-14,1.561885612e-13,1.473053506e-13,2.806845588e-13,3.586661688e-13,4.09749832e-13,8.644055059e-13,8.582999246e-13,9.677260682e-13,1.011841474e-12,6.380280558e-13,2.92978711e-13,2.707347514e-13,1.299999596e-13,1.584327962e-13,1.124516343e-14,1.07198552e-13,1.433311456e-13,1.040480801e-13,1.343380348e-13,2.416738733e-13,9.570848337e-13,4.69352054e-14,4.542233129e-13,6.066406824e-14
86.171875,8.836290938e-13,6.741471289e-13,6.894941605e-13,3.651221741e-13,6.163587936e-13,8.186794132e-13,1.777384076e-13,9.916478785e-14,1.57000452e-13,1.477567973e-13,2.826529863e-13,3.622459314e-13,4.117568998e-13,8.732311959e-13,8.639850795e-13,9.770970582e-13,1.018218151e-12,6.434764657e-13,2.945221799e-13,2.683465501e-13,1.319829116e-13,1.59670615e-13,1.088998763e-14,1.060648446e-13,1.436680607e-13,1.027896005e-13,1.320754825e-13,2.433117316e-13,9.627033515e-13,4.694840098e-14,4.579403071e-13,6.070451141e-14
86.1796875,8.90598687e-13,6.793244914e-13,6.927522854e-13,3.699879501e-13,6.233803049e-13,8.267197581e-13,1.792894472e-13,9.904481228e-14,1.577995808e-13,1.482371333e-13,2.845494108e-13,3.656775669e-13,4.136554543e-13,8.816981336e-13,8.694926541e-13,9.866946324e-13,1.024424101e-12,6.488294226e-13,2.959620796e-13,2.662254212e-13,1.33947498e-13,1.608538558e-13,1.056976737e-14,1.049182501e-13,1.439441338e-13,1.016073089e-13,1.299347589e-13,2.450299937e-13,9.676796631e-13,4.695836402e-14,4.613922737e-13,6.076683652e-14
86.1875,8.977609026e-13,6.844616655e-13,6.95698491e-13,3.749450275e-13,6.304207084e-13,8.345984756e-13,1.807690684e-13,9.8924668e-14,1.585835181e-13,1.487498241e-13,2.86311845e-13,3.690133719e-13,4.155636116e-13,8.900494574e-13,8.749170444e-13,9.965633837e-13,1.030700296e-12,6.541888277e-13,2.973659835e-13,2.642810157e-13,1.358678454e-13,1.620082094e-13,1.029424892e-14,1.038476122e-13,1.442132999e-13,1.004556413e-13,1.279763736e-13,2.467701793e-13,9.722311971e-13,4.694591478e-14,4.64743297e-13,6.084263601e-14
86.1953125,9.04923807e-13,6.89305969e-13,6.982675874e-13,3.796623491e-13,6.372378304e-13,8.421578625e-13,1.822199544e-13,9.879234797e-14,1.593215732e-13,1.493059357e-13,2.879648019e-13,3.722758132e-13,4.173927163e-13,8.982786172e-13,8.803126271e-13,1.006556547e-12,1.036946406e-12,6.595041883e-13,2.98724664e-13,2.623305763e-13,1.378016994e-13,1.631148122e-13,1.005828287e-14,1.028119119e-13,1.445132297e-13,9.934258862e-14,1.261723404e-13,2.484297757e-13,9.767015897e-13,4.690303283e-14,4.680237162e-13,6.091653962e-14
86.203125,9.11699044e-13,6.93970622e-13,7.007344613e-13,3.843603872e-13,6.43940996e-13,8.494118863e-13,1.836106424e-13,9.865015454e-14,1.600154778e-13,1.498767059e-13,2.895903575e-13,3.754442808e-13,4.190685396e-13,9.062028971e-13,8.856090958e-13,1.016530644e-12,1.042890493e-12,6.646902802e-13,3.00011425e-13,2.60545881e-13,1.397989332e-13,1.641665847e-13,9.853026732e-15,1.017410175e-13,1.447945557e-13,9.831344237e-14,1.244934204e-13,2.500811826e-13,9.809782121e-13,4.686988717e-14,4.711456329e-13,6.096996894e-14
86.2109375,9.183181606e-13,6.988245496e-13,7.032068567e-13,3.891449115e-13,6.505328392e-13,8.565143206e-13,1.849052645e-13,9.856653235e-14,1.607048033e-13,1.504366862e-13,2.912340087e-13,3.785006547e-13,4.206520092e-13,9.138316064e-13,8.908961453e-13,1.026675679e-12,1.048732029e-12,6.697655641e-13,3.012820457e-13,2.590534948e-13,1.418259366e-13,1.651941188e-13,9.670119325e-15,1.007102006e-13,1.450282898e-13,9.735859898e-14,1.228938974e-13,2.518421392e-13,9.848242403e-13,4.685356879e-14,4.740830614e-13,6.103156732e-14
86.21875,9.250056278e-13,7.037453298e-13,7.054330316e-13,3.938142962e-13,6.567405865e-13,8.633893854e-13,1.860893246e-13,9.855931671e-14,1.613886337e-13,1.510631698e-13,2.928308091e-13,3.814015141e-13,4.221232136e-13,9.211714266e-13,8.962022339e-13,1.037046449e-12,1.054565511e-12,6.746889233e-13,3.025185158e-13,2.575873231e-13,1.438497823e-13,1.661937846e-13,9.510509102e-15,9.978283769e-14,1.452254171e-13,9.646990746e-14,1.213857217e-13,2.537214656e-13,9.883517104e-13,4.683980116e-14,4.767685938e-13,6.116979427e-14
86.2265625,9.314031986e-13,7.085892257e-13,7.073414879e-13,3.985158628e-13,6.625425859e-13,8.699324388e-13,1.871615809e-13,9.852448391e-14,1.620046981e-13,1.517742488e-13,2.943019376e-13,3.841097548e-13,4.234446991e-13,9.28043087e-13,9.013385426e-13,1.047433984e-12,1.060079071e-12,6.79378155e-13,3.035976951e-13,2.560698504e-13,1.458681933e-13,1.67111938e-13,9.383059965e-15,9.886183017e-14,1.453740647e-13,9.565865314e-14,1.200438561e-13,2.556739588e-13,9.917024511e-13,4.684873689e-14,4.791144513e-13,6.137676196e-14
86.234375,9.373626961e-13,7.134583015e-13,7.090117213e-13,4.032599018e-13,6.681960466e-13,8.760438636e-13,1.881390697e-13,9.843105267e-14,1.625192748e-13,1.5243405e-13,2.956492609e-13,3.866476267e-13,4.246196755e-13,9.344419236e-13,9.061533312e-13,1.057686804e-12,1.065180036e-12,6.838432323e-13,3.044877876e-13,2.547039685e-13,1.478776169e-13,1.679046149e-13,9.289175145e-15,9.786545866e-14,1.454708435e-13,9.487156275e-14,1.188004115e-13,2.575404483e-13,9.946138364e-13,4.686843667e-14,4.811596647e-13,6.155280671e-14
86.2421875,9.430762937e-13,7.180294004e-13,7.103457776e-13,4.076370586e-13,6.737357952e-13,8.815022537e-13,1.890311445e-13,9.836049189e-14,1.629620175e-13,1.530264742e-13,2.968786484e-13,3.890364835e-13,4.25565899e-13,9.405101004e-13,9.106019997e-13,1.067734528e-12,1.069923672e-12,6.880198632e-13,3.052425007e-13,2.534523472e-13,1.498753068e-13,1.685723824e-13,9.221966129e-15,9.685240928e-14,1.455257512e-13,9.406864251e-14,1.175790145e-13,2.591699571e-13,9.968391981e-13,4.685138106e-14,4.829468975e-13,6.167061682e-14
86.25,9.485066714e-13,7.222609259e-13,7.113199593e-13,4.11789457e-13,6.790597964e-13,8.864609231e-13,1.89832532e-13,9.833360148e-14,1.63397425e-13,1.536997507e-13,2.979982036e-13,3.913101248e-13,4.263425573e-13,9.462420659e-13,9.146763383e-13,1.077511311e-12,1.074134592e-12,6.917754049e-13,3.059108827e-13,2.522961539e-13,1.518465322e-13,1.691850178e-13,9.174310494e-15,9.590146907e-14,1.455118422e-13,9.329587113e-14,1.164465354e-13,2.607603323e-13,9.986306411e-13,4.680253144e-14,4.845012318e-13,6.181977979e-14
86.2578125,9.534328391e-13,7.267215327e-13,7.120766926e-13,4.161056541e-13,6.842484904e-13,8.912166314e-13,1.905398375e-13,9.83201005e-14,1.638704005e-13,1.54469728e-13,2.990812032e-13,3.935197823e-13,4.271760271e-13,9.515890792e-13,9.18341553e-13,1.086831433e-12,1.077622824e-12,6.951423572e-13,3.065299194e-13,2.51363084e-13,1.537729945e-13,1.698030871e-13,9.142841744e-15,9.502679547e-14,1.454152667e-13,9.256131305e-14,1.153926788e-13,2.625014858e-13,1.000285983e-12,4.675077927e-14,4.859258437e-13,6.202458801e-14
86.265625,9.576321934e-13,7.310340789e-13,7.125712892e-13,4.202916948e-13,6.892025368e-13,8.954535517e-13,1.911477206e-13,9.832968903e-14,1.643110332e-13,1.552371266e-13,3.00103645e-13,3.955483099e-13,4.279418666e-13,9.563921582e-13,9.215583466e-13,1.095638367e-12,1.080430708e-12,6.981908711e-13,3.070206994e-13,2.504726365e-13,1.556274161e-13,1.703481135e-13,9.131840639e-15,9.423144177e-14,1.452730276e-13,9.182527587e-14,1.143672223e-13,2.640843966e-13,1.001586342e-12,4.669115569e-14,4.871259329e-13,6.221779445e-14
86.2734375,9.611996705e-13,7.344206836e-13,7.126652774e-13,4.242315738e-13,6.936320957e-13,8.990157498e-13,1.916551897e-13,9.838877796e-14,1.646194768e-13,1.559934486e-13,3.009306353e-13,3.972299852e-13,4.283378676e-13,9.604724906e-13,9.245364309e-13,1.104424216e-12,1.08292584e-12,7.009234719e-13,3.072899422e-13,2.495214333e-13,1.573618428e-13,1.707428924e-13,9.145555426e-15,9.35118863e-14,1.45103058e-13,9.112369497e-14,1.134383632e-13,2.653219102e-13,1.002199643e-12,4.662290082e-14,4.87822735e-13,6.241790851e-14
86.28125,9.645930709e-13,7.375645913e-13,7.124433288e-13,4.28289412e-13,6.977180484e-13,9.023083034e-13,1.920572416e-13,9.850687485e-14,1.648318484e-13,1.567629102e-13,3.016287253e-13,3.986832303e-13,4.284876589e-13,9.640426606e-13,9.275255397e-13,1.113522058e-12,1.085480943e-12,7.034463803e-13,3.074725365e-13,2.487998799e-13,1.589963266e-13,1.710601662e-13,9.184494649e-15,9.278009359e-14,1.449014066e-13,9.052509514e-14,1.126523482e-13,2.66571581e-13,1.002259407e-12,4.656236004e-14,4.880844253e-13,6.268496769e-14
86.2890625,9.678343044e-13,7.412679242e-13,7.119801166e-13,4.321777879e-13,7.017354345e-13,9.051466509e-13,1.923326748e-13,9.865119875e-14,1.650016739e-13,1.575329974e-13,3.023459218e-13,4.000648308e-13,4.285836753e-13,9.67253224e-13,9.302970451e-13,1.122541081e-12,1.08790832e-12,7.058107806e-13,3.076804794e-13,2.482969511e-13,1.605977522e-13,1.71321638e-13,9.255431013e-15,9.195744343e-14,1.44681429e-13,9.001620448e-14,1.120285962e-13,2.679665266e-13,1.002011362e-12,4.650423794e-14,4.882110854e-13,6.297022381e-14
86.296875,9.706267193e-13,7.450167434e-13,7.112099945e-13,4.355812784e-13,7.054289454e-13,9.072103096e-13,1.924882116e-13,9.877674838e-14,1.651168741e-13,1.583090471e-13,3.029782987e-13,4.013057642e-13,4.285165859e-13,9.698920026e-13,9.326243679e-13,1.131319995e-12,1.089867871e-12,7.078832452e-13,3.077758961e-13,2.478079646e-13,1.621732031e-13,1.714634561e-13,9.354390207e-15,9.115661624e-14,1.444296314e-13,8.952473933e-14,1.115908091e-13,2.692683233e-13,1.001460913e-12,4.643136657e-14,4.882398723e-13,6.322185089e-14
86.3046875,9.73111662e-13,7.485110529e-13,7.101752429e-13,4.390870854e-13,7.08714115e-13,9.089771173e-13,1.92535791e-13,9.892067924e-14,1.652261475e-13,1.590933887e-13,3.034429181e-13,4.023947038e-13,4.282992878e-13,9.720597008e-13,9.347450471e-13,1.140090761e-12,1.091396196e-12,7.096036122e-13,3.076999481e-13,2.475687072e-13,1.63768491e-13,1.715445992e-13,9.456659913e-15,9.05116559e-14,1.441014341e-13,8.902090304e-14,1.112391195e-13,2.705169896e-13,1.000712417e-12,4.634783615e-14,4.880524214e-13,6.347321518e-14
86.3125,9.753231199e-13,7.520825305e-13,7.08808862e-13,4.427879428e-13,7.118176579e-13,9.10460781e-13,1.924307562e-13,9.913771967e-14,1.653384448e-13,1.598721391e-13,3.038131958e-13,4.033353371e-13,4.28053093e-13,9.739268275e-13,9.365703007e-13,1.14853077e-12,1.092382802e-12,7.109333785e-13,3.075276584e-13,2.47676144e-13,1.654285224e-13,1.716095049e-13,9.563453392e-15,8.995024622e-14,1.43688084e-13,8.853957672e-14,1.108940003e-13,2.718049805e-13,9.997852674e-13,4.626013395e-14,4.875442877e-13,6.373813625e-14
86.3203125,9.769867129e-13,7.554325753e-13,7.068988874e-13,4.459266755e-13,7.146048553e-13,9.111207188e-13,1.921766695e-13,9.937144741e-14,1.653567844e-13,1.606452147e-13,3.039968953e-13,4.03980467e-13,4.277012716e-13,9.752865532e-13,9.376863117e-13,1.156246708e-12,1.092642951e-12,7.118237326e-13,3.072233817e-13,2.477590059e-13,1.670090839e-13,1.715659665e-13,9.70398248e-15,8.938647814e-14,1.432269956e-13,8.809397122e-14,1.106266493e-13,2.729520202e-13,9.983086589e-13,4.615488874e-14,4.866676816e-13,6.400927817e-14
86.328125,9.781363754e-13,7.581881446e-13,7.046724181e-13,4.485370662e-13,7.170246859e-13,9.112458371e-13,1.918530822e-13,9.956629506e-14,1.653042736e-13,1.614136211e-13,3.039752838e-13,4.044118826e-13,4.272079027e-13,9.761976041e-13,9.383458711e-13,1.163567587e-12,1.092447762e-12,7.12454907e-13,3.067864808e-13,2.477503828e-13,1.684310789e-13,1.714183245e-13,9.870948496e-15,8.885679114e-14,1.427475551e-13,8.76723473e-14,1.104590814e-13,2.739694371e-13,9.962732226e-13,4.603598222e-14,4.855688879e-13,6.430760191e-14
86.3359375,9.787370378e-13,7.607551272e-13,7.024011926e-13,4.512347145e-13,7.192157681e-13,9.110813306e-13,1.914206945e-13,9.978683521e-14,1.652629981e-13,1.621923977e-13,3.039996382e-13,4.048420956e-13,4.26607734e-13,9.767157633e-13,9.388647327e-13,1.170677994e-12,1.09177777e-12,7.128236401e-13,3.062876761e-13,2.47835191e-13,1.698541217e-13,1.712437594e-13,1.003596765e-14,8.837154715e-14,1.422106703e-13,8.729944713e-14,1.103454893e-13,2.750242678e-13,9.940768024e-13,4.593267777e-14,4.842971332e-13,6.462016895e-14
86.34375,9.787665843e-13,7.634254187e-13,6.997659973e-13,4.539927973e-13,7.209670885e-13,9.1022691e-13,1.907813935e-13,1.000764884e-13,1.651938984e-13,1.629963726e-13,3.040519189e-13,4.051407066e-13,4.258417804e-13,9.765059113e-13,9.388289781e-13,1.177155749e-12,1.090182575e-12,7.126083211e-13,3.056819823e-13,2.479409075e-13,1.713000147e-13,1.71023646e-13,1.021016771e-14,8.793548789e-14,1.415542411e-13,8.695575407e-14,1.103114798e-13,2.760327914e-13,9.915464981e-13,4.583989087e-14,4.826980995e-13,6.49192056e-14
86.3515625,9.787643989e-13,7.659905098e-13,6.966973096e-13,4.565135676e-13,7.225226852e-13,9.089049132e-13,1.90011577e-13,1.003718299e-13,1.651148573e-13,1.637925913e-13,3.03923785e-13,4.052210292e-13,4.249556089e-13,9.758728201e-13,9.38154141e-13,1.182903987e-12,1.087902264e-12,7.120022464e-13,3.049977351e-13,2.481649853e-13,1.726371058e-13,1.707775125e-13,1.041232407e-14,8.758845558e-14,1.408176734e-13,8.657255825e-14,1.103983401e-13,2.769286455e-13,9.884015031e-13,4.572388135e-14,4.809139579e-13,6.523316818e-14
86.359375,9.787560269e-13,7.683258663e-13,6.935656014e-13,4.586511941e-13,7.24472845e-13,9.073855361e-13,1.892140979e-13,1.006347826e-13,1.650905626e-13,1.64581426e-13,3.03739702e-13,4.052742166e-13,4.239970736e-13,9.753417703e-13,9.372794853e-13,1.188188628e-12,1.085377885e-12,7.113854109e-13,3.043718202e-13,2.487271826e-13,1.739002817e-13,1.705483956e-13,1.062986783e-14,8.72978773e-14,1.400784538e-13,8.617585558e-14,1.106207203e-13,2.77797608e-13,9.850012456e-13,4.558059402e-14,4.791484939e-13,6.557795795e-14
86.3671875,9.780395785e-13,7.703119511e-13,6.901434406e-13,4.603338057e-13,7.262523824e-13,9.051644025e-13,1.883394948e-13,1.008958974e-13,1.650208305e-13,1.654315573e-13,3.035665953e-13,4.052094149e-13,4.228297324e-13,9.743979789e-13,9.360515587e-13,1.192884944e-12,1.082257669e-12,7.103371572e-13,3.037311501e-13,2.49338464e-13,1.751159015e-13,1.702567429e-13,1.085166452e-14,8.702775937e-14,1.393084968e-13,8.580015136e-14,1.109959745e-13,2.785840363e-13,9.814472821e-13,4.541445517e-14,4.771496383e-13,6.59139899e-14
86.375,9.766064329e-13,7.718622342e-13,6.860695949e-13,4.617867469e-13,7.271476788e-13,9.022171859e-13,1.873459797e-13,1.011639211e-13,1.648206317e-13,1.663540731e-13,3.031787202e-13,4.047642903e-13,4.214463212e-13,9.725560855e-13,9.342106369e-13,1.196970442e-12,1.078353313e-12,7.084441483e-13,3.02919861e-13,2.498167209e-13,1.761784841e-13,1.698549466e-13,1.107882942e-14,8.681060285e-14,1.384635361e-13,8.539259806e-14,1.114939745e-13,2.792227492e-13,9.773427075e-13,4.521361388e-14,4.747289569e-13,6.623777482e-14
86.3828125,9.747291595e-13,7.732596233e-13,6.816635897e-13,4.632152924e-13,7.276491595e-13,8.989194627e-13,1.86243044e-13,1.014156213e-13,1.645629154e-13,1.673123154e-13,3.025761605e-13,4.040206864e-13,4.199445989e-13,9.701076236e-13,9.320950141e-13,1.200936585e-12,1.074088403e-12,7.060786516e-13,3.019489208e-13,2.505566942e-13,1.771184855e-13,1.693856978e-13,1.130855705e-14,8.664220149e-14,1.375703059e-13,8.500240667e-14,1.120317885e-13,2.79810301e-13,9.727267158e-13,4.499589214e-14,4.720472406e-13,6.66002761e-14
86.390625,9.721858915e-13,7.744746467e-13,6.771411775e-13,4.64474274e-13,7.279996383e-13,8.950835561e-13,1.850108267e-13,1.01630228e-13,1.642877626e-13,1.682968411e-13,3.018986061e-13,4.031486104e-13,4.182669521e-13,9.671742275e-13,9.297442523e-13,1.204673875e-12,1.06945182e-12,7.035380678e-13,3.008443224e-13,2.515085451e-13,1.780303104e-13,1.688442579e-13,1.154675968e-14,8.648296753e-14,1.366405501e-13,8.474611776e-14,1.125940736e-13,2.803656334e-13,9.678463443e-13,4.480821888e-14,4.691757186e-13,6.70090635e-14
86.3984375,9.691632026e-13,7.750581119e-13,6.723047298e-13,4.654558349e-13,7.278205222e-13,8.906278745e-13,1.836609427e-13,1.017975014e-13,1.639726996e-13,1.692573784e-13,3.010826283e-13,4.021301804e-13,4.164210126e-13,9.637934303e-13,9.267682871e-13,1.207410627e-12,1.064048493e-12,7.006981398e-13,2.99613862e-13,2.521357604e-13,1.788663094e-13,1.682352456e-13,1.180438145e-14,8.62986041e-14,1.356593537e-13,8.456449947e-14,1.132889419e-13,2.80802558e-13,9.625572516e-13,4.465968885e-14,4.661184599e-13,6.741093832e-14
86.40625,9.659835111e-13,7.754817722e-13,6.67066077e-13,4.661098873e-13,7.272259365e-13,8.856513726e-13,1.821832578e-13,1.019448655e-13,1.636058618e-13,1.701617442e-13,3.001222807e-13,4.009159052e-13,4.144621476e-13,9.600524209e-13,9.231858367e-13,1.209242284e-12,1.057843326e-12,6.974237441e-13,2.983015251e-13,2.525388968e-13,1.796241359e-13,1.675824193e-13,1.20749363e-14,8.608185352e-14,1.345998457e-13,8.434639029e-14,1.14172457e-13,2.811657291e-13,9.567790548e-13,4.450554232e-14,4.628474906e-13,6.77838834e-14
86.4140625,9.62246124e-13,7.764995234e-13,6.614176925e-13,4.664388802e-13,7.262662877e-13,8.800450146e-13,1.805250309e-13,1.021096882e-13,1.631724715e-13,1.710987976e-13,2.990998693e-13,3.994733211e-13,4.122813555e-13,9.55609402e-13,9.192371965e-13,1.21089956e-12,1.051032784e-12,6.935864072e-13,2.968763983e-13,2.531663996e-13,1.804175005e-13,1.668476925e-13,1.234746927e-14,8.593231567e-14,1.334204077e-13,8.4108524e-14,1.151308113e-13,2.815774463e-13,9.50720492e-13,4.43098703e-14,4.591851499e-13,6.815891184e-14
86.421875,9.577682434e-13,7.772321971e-13,6.554727537e-13,4.666788611e-13,7.247760242e-13,8.740794926e-13,1.78768312e-13,1.022654261e-13,1.626963224e-13,1.720766528e-13,2.979577189e-13,3.977920776e-13,4.098684147e-13,9.504263856e-13,9.148942149e-13,1.212223502e-12,1.043774804e-12,6.892238023e-13,2.953218622e-13,2.539911896e-13,1.812108958e-13,1.660428902e-13,1.262640967e-14,8.589896324e-14,1.321703175e-13,8.387407919e-14,1.160984588e-13,2.819532488e-13,9.443934127e-13,4.409345337e-14,4.55188969e-13,6.854338432e-14
86.4296875,9.529286222e-13,7.766260561e-13,6.493023822e-13,4.666855464e-13,7.230572345e-13,8.678124541e-13,1.769840279e-13,1.023679528e-13,1.62191295e-13,1.729321822e-13,2.966491634e-13,3.958698435e-13,4.073031296e-13,9.448799567e-13,9.098961089e-13,1.212499778e-12,1.035991001e-12,6.845227816e-13,2.936975516e-13,2.547776928e-13,1.818041714e-13,1.652170677e-13,1.291987918e-14,8.583530944e-14,1.309298726e-13,8.362648857e-14,1.171349252e-13,2.820351505e-13,9.375024179e-13,4.389250968e-14,4.510775113e-13,6.891372346e-14
86.4375,9.477202697e-13,7.754633809e-13,6.425680745e-13,4.659939581e-13,7.211232518e-13,8.606062725e-13,1.750339557e-13,1.024333744e-13,1.616177965e-13,1.736256376e-13,2.952302392e-13,3.936860872e-13,4.044906538e-13,9.387345631e-13,9.039847051e-13,1.211599534e-12,1.027313745e-12,6.794298801e-13,2.919720216e-13,2.553663567e-13,1.821470077e-13,1.643292454e-13,1.322390362e-14,8.570434814e-14,1.296282949e-13,8.337714771e-14,1.181779745e-13,2.818089361e-13,9.299240986e-13,4.371209273e-14,4.467407922e-13,6.927674792e-14
86.4453125,9.419199729e-13,7.744967311e-13,6.3529575e-13,4.648736194e-13,7.186502069e-13,8.526599959e-13,1.728947837e-13,1.024819105e-13,1.610050395e-13,1.743096235e-13,2.937582288e-13,3.913326304e-13,4.014248899e-13,9.317746215e-13,8.973822155e-13,1.209863381e-12,1.017751092e-12,6.738823113e-13,2.901306124e-13,2.557194322e-13,1.823847731e-13,1.633818473e-13,1.352797985e-14,8.565236212e-14,1.282002172e-13,8.312625233e-14,1.191135664e-13,2.815329324e-13,9.219350955e-13,4.35483236e-14,4.420845795e-13,6.964822706e-14
86.453125,9.356677886e-13,7.732473228e-13,6.280776239e-13,4.638388218e-13,7.158731362e-13,8.448156357e-13,1.707428224e-13,1.025063707e-13,1.603903733e-13,1.750750905e-13,2.922692367e-13,3.889089105e-13,3.982734409e-13,9.244995829e-13,8.906504747e-13,1.207664273e-12,1.007881694e-12,6.679963342e-13,2.882945685e-13,2.560639885e-13,1.825810344e-13,1.62447257e-13,1.383185872e-14,8.566009121e-14,1.267400885e-13,8.286339038e-14,1.200583912e-13,2.813055644e-13,9.138160116e-13,4.339078741e-14,4.372763192e-13,7.000986058e-14
86.4609375,9.291863612e-13,7.717773466e-13,6.208880422e-13,4.627219308e-13,7.129125013e-13,8.36852051e-13,1.685687549e-13,1.025445458e-13,1.597388141e-13,1.759160578e-13,2.907155413e-13,3.86367417e-13,3.950945946e-13,9.171727169e-13,8.839062076e-13,1.205304963e-12,9.980008162e-13,6.617992645e-13,2.86494222e-13,2.565340129e-13,1.827202742e-13,1.615001951e-13,1.414615475e-14,8.56412704e-14,1.252972372e-13,8.261945834e-14,1.211996457e-13,2.81093257e-13,9.056507254e-13,4.32124295e-14,4.323795592e-13,7.036280566e-14
86.46875,9.225610866e-13,7.704960371e-13,6.133583588e-13,4.613203264e-13,7.095942747e-13,8.282820395e-13,1.662627289e-13,1.02645063e-13,1.591036481e-13,1.767963736e-13,2.890391514e-13,3.837532491e-13,3.91923053e-13,9.097292053e-13,8.769419396e-13,1.202754505e-12,9.87865817e-13,6.554016229e-13,2.84671208e-13,2.569889524e-13,1.828727582e-13,1.605185322e-13,1.447399196e-14,8.568903198e-14,1.238260305e-13,8.242761584e-14,1.224947024e-13,2.809384911e-13,8.974305178e-13,4.301625636e-14,4.27458722e-13,7.075194801e-14
86.4765625,9.157828828e-13,7.687223712e-13,6.056393641e-13,4.596358627e-13,7.06261408e-13,8.193501229e-13,1.638947831e-13,1.027657276e-13,1.585235784e-13,1.775954924e-13,2.872906205e-13,3.811065726e-13,3.887451699e-13,9.022490426e-13,8.696750279e-13,1.199613757e-12,9.772410566e-13,6.488850698e-13,2.828342694e-13,2.574702423e-13,1.830003185e-13,1.595529301e-13,1.480657846e-14,8.581940933e-14,1.223385748e-13,8.227169521e-14,1.237775679e-13,2.806772512e-13,8.888234038e-13,4.282697959e-14,4.226073331e-13,7.118468814e-14
86.484375,9.08701574e-13,7.659568432e-13,5.976810944e-13,4.574713109e-13,7.029807737e-13,8.101023143e-13,1.615168319e-13,1.028388229e-13,1.578768342e-13,1.782519269e-13,2.854456072e-13,3.781981942e-13,3.853252104e-13,8.944813371e-13,8.61924198e-13,1.195601684e-12,9.660321318e-13,6.418940936e-13,2.80943132e-13,2.581303045e-13,1.828999381e-13,1.585706453e-13,1.513707256e-14,8.590163409e-14,1.208479459e-13,8.210591909e-14,1.250285294e-13,2.800382713e-13,8.79519112e-13,4.262830801e-14,4.176450842e-13,7.161510886e-14
86.4921875,9.011171605e-13,7.629873264e-13,5.892377251e-13,4.549179046e-13,6.991923331e-13,8.003525874e-13,1.590701801e-13,1.028767404e-13,1.57179431e-13,1.789250053e-13,2.834224288e-13,3.750013945e-13,3.815900492e-13,8.860616717e-13,8.535497513e-13,1.190811749e-12,9.541761447e-13,6.342543595e-13,2.789531858e-13,2.588401312e-13,1.825743112e-13,1.575417625e-13,1.546759297e-14,8.596190456e-14,1.193166459e-13,8.19062057e-14,1.263403987e-13,2.792072264e-13,8.700054837e-13,4.239808181e-14,4.12485695e-13,7.202401779e-14
86.5,8.930165696e-13,7.604532479e-13,5.806686776e-13,4.523631383e-13,6.948852976e-13,7.903203876e-13,1.565661215e-13,1.029059944e-13,1.565740402e-13,1.797306264e-13,2.81315936e-13,3.718131903e-13,3.777972413e-13,8.771799271e-13,8.447895579e-13,1.185460143e-12,9.418109846e-13,6.263350314e-13,2.769487179e-13,2.593978613e-13,1.822249661e-13,1.565373633e-13,1.58035462e-14,8.611557073e-14,1.177435726e-13,8.168257219e-14,1.276963369e-13,2.785388645e-13,8.60781895e-13,4.215086479e-14,4.073200551e-13,7.24245896e-14
86.5078125,8.847198124e-13,7.578830302e-13,5.721596126e-13,4.497628793e-13,6.903196387e-13,7.801741317e-13,1.540335294e-13,1.028977087e-13,1.559712512e-13,1.805511011e-13,2.791785205e-13,3.68583963e-13,3.74045568e-13,8.681056645e-13,8.358876082e-13,1.179695639e-12,9.293023777e-13,6.182780813e-13,2.749361398e-13,2.597642198e-13,1.818849971e-13,1.555464135e-13,1.614090217e-14,8.632550146e-14,1.161484845e-13,8.144901568e-14,1.290402287e-13,2.779226118e-13,8.513834989e-13,4.189391416e-14,4.021008101e-13,7.282521676e-14
86.515625,8.765740916e-13,7.545677214e-13,5.632618042e-13,4.468162552e-13,6.853304908e-13,7.697932635e-13,1.514417227e-13,1.02839501e-13,1.552562538e-13,1.813128142e-13,2.768913541e-13,3.650574226e-13,3.701775126e-13,8.587834331e-13,8.267805562e-13,1.173478575e-12,9.167834216e-13,6.099238153e-13,2.72816906e-13,2.599692095e-13,1.814430557e-13,1.545015814e-13,1.646874916e-14,8.650196914e-14,1.145302037e-13,8.12153951e-14,1.304461186e-13,2.77108354e-13,8.413477408e-13,4.162322451e-14,3.966674976e-13,7.325227889e-14
86.5234375,8.684321377e-13,7.506650716e-13,5.539114349e-13,4.433989842e-13,6.799724368e-13,7.590520505e-13,1.487697266e-13,1.027682009e-13,1.545366428e-13,1.820845735e-13,2.745144742e-13,3.613565811e-13,3.661007712e-13,8.491476317e-13,8.172433707e-13,1.166460119e-12,9.038644349e-13,6.012942106e-13,2.70618691e-13,2.600519774e-13,1.808721305e-13,1.534407673e-13,1.679630584e-14,8.665457164e-14,1.128737674e-13,8.097607268e-14,1.319279835e-13,2.761803615e-13,8.309025776e-13,4.135034965e-14,3.911392935e-13,7.371910981e-14
86.53125,8.598953767e-13,7.469205527e-13,5.445040063e-13,4.395791053e-13,6.745012045e-13,7.478659293e-13,1.459934992e-13,1.026803583e-13,1.538710796e-13,1.828409124e-13,2.722309881e-13,3.576809522e-13,3.618634186e-13,8.392476359e-13,8.07093679e-13,1.158370157e-12,8.901914886e-13,5.924418013e-13,2.684081772e-13,2.600444577e-13,1.802462816e-13,1.524023966e-13,1.714672444e-14,8.684308852e-14,1.111502817e-13,8.070730814e-14,1.333616705e-13,2.752762769e-13,8.202830345e-13,4.108113716e-14,3.856765485e-13,7.416826183e-14
86.5390625,8.50978074e-13,7.433171943e-13,5.351791534e-13,4.356063705e-13,6.68920514e-13,7.363641691e-13,1.431031065e-13,1.025036722e-13,1.532285947e-13,1.835120327e-13,2.699839927e-13,3.540052874e-13,3.575904024e-13,8.292112386e-13,7.96319631e-13,1.149282036e-12,8.759208808e-13,5.833921254e-13,2.661914866e-13,2.599815302e-13,1.796117e-13,1.513845724e-13,1.751308382e-14,8.706908751e-14,1.093754265e-13,8.042295367e-14,1.347636589e-13,2.743571901e-13,8.095947977e-13,4.081331726e-14,3.803395914e-13,7.45672881e-14
86.546875,8.419508631e-13,7.392776354e-13,5.258105523e-13,4.315456253e-13,6.633266265e-13,7.247595781e-13,1.401370288e-13,1.022154656e-13,1.526441751e-13,1.841634192e-13,2.676238032e-13,3.503002502e-13,3.533403673e-13,8.190779863e-13,7.849465542e-13,1.139197267e-12,8.612474187e-13,5.741951597e-13,2.640204814e-13,2.59908052e-13,1.788801145e-13,1.504224914e-13,1.786585566e-14,8.728316406e-14,1.0759382e-13,8.014253239e-14,1.362545223e-13,2.734148018e-13,7.989221189e-13,4.054675645e-14,3.750766e-13,7.498321413e-14
86.5546875,8.328061361e-13,7.349388964e-13,5.161930702e-13,4.271801089e-13,6.577343371e-13,7.129512811e-13,1.371091977e-13,1.019045456e-13,1.520845888e-13,1.848554366e-13,2.651769026e-13,3.465009454e-13,3.49003537e-13,8.086387176e-13,7.730102958e-13,1.128193869e-12,8.461380395e-13,5.647156565e-13,2.618851164e-13,2.598201675e-13,1.779676861e-13,1.494891802e-13,1.82019059e-14,8.750172025e-14,1.05772719e-13,7.981905801e-14,1.37814432e-13,2.724764845e-13,7.880722325e-13,4.026960297e-14,3.696380246e-13,7.545056803e-14
86.5625,8.234118318e-13,7.304688231e-13,5.062901716e-13,4.224987677e-13,6.517831086e-13,7.008776381e-13,1.34047061e-13,1.01622703e-13,1.514598799e-13,1.855462278e-13,2.627420984e-13,3.424884854e-13,3.445160906e-13,7.978396895e-13,7.607987745e-13,1.116780681e-12,8.307487373e-13,5.549001694e-13,2.596684932e-13,2.596348328e-13,1.769615444e-13,1.485047933e-13,1.85410056e-14,8.775993989e-14,1.038866582e-13,7.943838258e-14,1.393874881e-13,2.714540612e-13,7.769430221e-13,3.997462762e-14,3.639516754e-13,7.590013836e-14
86.5703125,8.13892981e-13,7.254830458e-13,4.96404853e-13,4.175769852e-13,6.454091542e-13,6.887590626e-13,1.310312601e-13,1.012953798e-13,1.507943794e-13,1.862200155e-13,2.60332714e-13,3.383258775e-13,3.399778263e-13,7.870338856e-13,7.486780224e-13,1.105272917e-12,8.15373608e-13,5.450113867e-13,2.57384702e-13,2.592531526e-13,1.759597116e-13,1.474982916e-13,1.889052932e-14,8.799273313e-14,1.020109051e-13,7.906748876e-14,1.410140708e-13,2.702994283e-13,7.658026703e-13,3.967176102e-14,3.582965119e-13,7.628506043e-14
86.578125,8.044479276e-13,7.203162653e-13,4.866688789e-13,4.124610001e-13,6.389674211e-13,6.766358274e-13,1.280540362e-13,1.008799847e-13,1.501472873e-13,1.868787994e-13,2.57870504e-13,3.341649986e-13,3.35475434e-13,7.764982597e-13,7.367937459e-13,1.093675722e-12,8.000477969e-13,5.351571549e-13,2.551439867e-13,2.587609097e-13,1.74988943e-13,1.465394326e-13,1.924245855e-14,8.817663579e-14,1.001792532e-13,7.873109583e-14,1.427626157e-13,2.691224476e-13,7.548039404e-13,3.93641099e-14,3.528313669e-13,7.664559107e-14
86.5859375,7.950380603e-13,7.154709465e-13,4.768336844e-13,4.074465145e-13,6.325162003e-13,6.644417984e-13,1.250536112e-13,1.004189502e-13,1.495287432e-13,1.87487626e-13,2.552793414e-13,3.300050186e-13,3.310202782e-13,7.661377689e-13,7.250283057e-13,1.082043211e-12,7.846216378e-13,5.251545436e-13,2.529266909e-13,2.583718246e-13,1.740962511e-13,1.456216179e-13,1.958582679e-14,8.838951457e-14,9.834534676e-14,7.839846366e-14,1.446441192e-13,2.679573884e-13,7.438296937e-13,3.905042662e-14,3.474676546e-13,7.702174355e-14
86.59375,7.854873538e-13,7.102248882e-13,4.668146631e-13,4.024611075e-13,6.258077207e-13,6.522445304e-13,1.220633994e-13,9.990458808e-14,1.489249719e-13,1.880597607e-13,2.525657085e-13,3.257427461e-13,3.265569014e-13,7.556813718e-13,7.129244241e-13,1.069918594e-12,7.689509853e-13,5.148684485e-13,2.506494463e-13,2.579924192e-13,1.73209857e-13,1.447134701e-13,1.991823428e-14,8.861436611e-14,9.650249141e-14,7.803525793e-14,1.465567205e-13,2.666919215e-13,7.327227869e-13,3.873040657e-14,3.420741675e-13,7.739562393e-14
86.6015625,7.756436222e-13,7.042233971e-13,4.567235199e-13,3.969896565e-13,6.187697234e-13,6.398754329e-13,1.190840255e-13,9.93242951e-14,1.482962526e-13,1.886206172e-13,2.497738344e-13,3.213320954e-13,3.219906265e-13,7.449044774e-13,7.002022468e-13,1.056832067e-12,7.529797055e-13,5.042832763e-13,2.482972926e-13,2.57410351e-13,1.721700709e-13,1.437839387e-13,2.025447587e-14,8.879760363e-14,9.465634664e-14,7.762483254e-14,1.484392432e-13,2.653010984e-13,7.214293468e-13,3.839876704e-14,3.365551857e-13,7.774610213e-14
86.609375,7.655072072e-13,6.982992031e-13,4.46558022e-13,3.912182285e-13,6.114903122e-13,6.271510674e-13,1.160297789e-13,9.873527174e-14,1.476370331e-13,1.891075098e-13,2.469531088e-13,3.168531135e-13,3.173598565e-13,7.33844535e-13,6.873317806e-13,1.043444843e-12,7.368846332e-13,4.935856134e-13,2.459047983e-13,2.567721549e-13,1.710250127e-13,1.428199159e-13,2.060826672e-14,8.89828047e-14,9.27919299e-14,7.723918288e-14,1.504016604e-13,2.638588912e-13,7.101406066e-13,3.80768108e-14,3.310366973e-13,7.809395495e-14
86.6171875,7.553910107e-13,6.924347846e-13,4.364269849e-13,3.85551858e-13,6.040260495e-13,6.144320797e-13,1.129429613e-13,9.813408224e-14,1.46973297e-13,1.894984882e-13,2.441671057e-13,3.123885582e-13,3.127795301e-13,7.22816372e-13,6.747007697e-13,1.030233072e-12,7.209322337e-13,4.831345699e-13,2.43519261e-13,2.561398499e-13,1.698777986e-13,1.418672651e-13,2.097204285e-14,8.915521016e-14,9.094817163e-14,7.695073174e-14,1.524283313e-13,2.623689571e-13,6.990155121e-13,3.780239511e-14,3.25740281e-13,7.845121193e-14
86.625,7.455234382e-13,6.859650464e-13,4.265539611e-13,3.796679978e-13,5.965049632e-13,6.020118387e-13,1.099368875e-13,9.746607835e-14,1.462911122e-13,1.899038726e-13,2.414140855e-13,3.078845272e-13,3.082162059e-13,7.120381426e-13,6.619863285e-13,1.016534616e-12,7.050876318e-13,4.729663979e-13,2.411539944e-13,2.553324205e-13,1.686478978e-13,1.40965895e-13,2.13362131e-14,8.926167725e-14,8.916873428e-14,7.669141042e-14,1.543045193e-13,2.608301794e-13,6.878779701e-13,3.75631869e-14,3.205989266e-13,7.879857831e-14
86.6328125,7.35624164e-13,6.793264875e-13,4.168373529e-13,3.735509385e-13,5.890544798e-13,5.895680211e-13,1.069553693e-13,9.675928898e-14,1.456087193e-13,1.903840056e-13,2.386512462e-13,3.03311358e-13,3.036169736e-13,7.013790972e-13,6.489955235e-13,1.002185935e-12,6.891141663e-13,4.62730729e-13,2.387939942e-13,2.545163876e-13,1.673189256e-13,1.401036979e-13,2.170513545e-14,8.936583171e-14,8.741550454e-14,7.640579672e-14,1.560514756e-13,2.593317976e-13,6.766379777e-13,3.731539701e-14,3.154931292e-13,7.914109754e-14
86.640625,7.255597847e-13,6.729409112e-13,4.070126867e-13,3.675658099e-13,5.814672893e-13,5.769200431e-13,1.039115856e-13,9.604768687e-14,1.449710389e-13,1.908592428e-13,2.359154035e-13,2.987509407e-13,2.99026979e-13,6.906343455e-13,6.359417987e-13,9.876880004e-13,6.730992926e-13,4.522894048e-13,2.36462149e-13,2.537908127e-13,1.659924539e-13,1.392607717e-13,2.207806787e-14,8.949864043e-14,8.564865627e-14,7.612538532e-14,1.579048298e-13,2.579014248e-13,6.654532506e-13,3.704641708e-14,3.105138483e-13,7.948968872e-14
86.6484375,7.157135886e-13,6.662609186e-13,3.971390647e-13,3.613316912e-13,5.735009779e-13,5.643648065e-13,1.008930576e-13,9.5301949e-14,1.443341218e-13,1.912598848e-13,2.33224929e-13,2.941686472e-13,2.943934901e-13,6.798500437e-13,6.228834049e-13,9.729305232e-13,6.573366647e-13,4.4182032e-13,2.341692377e-13,2.527690783e-13,1.646411056e-13,1.384224744e-13,2.244659162e-14,8.959547784e-14,8.389296114e-14,7.581382676e-14,1.598790827e-13,2.564063933e-13,6.54304724e-13,3.676035992e-14,3.056383975e-13,7.981812854e-14
86.65625,7.061182742e-13,6.59311751e-13,3.873850493e-13,3.546028656e-13,5.653754494e-13,5.519748974e-13,9.797134277e-14,9.449530208e-14,1.436543773e-13,1.915927781e-13,2.305042589e-13,2.894509991e-13,2.896257698e-13,6.691439446e-13,6.097586401e-13,9.576697989e-13,6.416626599e-13,4.313699986e-13,2.318637086e-13,2.514497798e-13,1.63226013e-13,1.375946252e-13,2.281230268e-14,8.964451855e-14,8.216464811e-14,7.545218342e-14,1.618429566e-13,2.547685693e-13,6.430964277e-13,3.646194719e-14,3.007319542e-13,8.012335184e-14
86.6640625,6.964503159e-13,6.526789803e-13,3.776905207e-13,3.478879449e-13,5.573615545e-13,5.39558775e-13,9.50578878e-14,9.361324796e-14,1.429832868e-13,1.918845201e-13,2.277729064e-13,2.846749764e-13,2.848198828e-13,6.585109046e-13,5.965277311e-13,9.420284234e-13,6.257304902e-13,4.208641286e-13,2.295432604e-13,2.50257959e-13,1.618276562e-13,1.368158875e-13,2.317400563e-14,8.96499459e-14,8.043310886e-14,7.512240013e-14,1.637913895e-13,2.531325661e-13,6.318988325e-13,3.616804911e-14,2.958740255e-13,8.043901953e-14
86.671875,6.868631182e-13,6.460197252e-13,3.680170688e-13,3.412578684e-13,5.494544196e-13,5.271833261e-13,9.210437818e-14,9.268680684e-14,1.423645907e-13,1.921716769e-13,2.251442286e-13,2.799766993e-13,2.800809819e-13,6.480199724e-13,5.831119325e-13,9.260164384e-13,6.097555047e-13,4.103872618e-13,2.272757084e-13,2.492062088e-13,1.604297329e-13,1.360990391e-13,2.352061725e-14,8.960707713e-14,7.86784217e-14,7.481142535e-14,1.657319425e-13,2.516196884e-13,6.206742441e-13,3.588191216e-14,2.911713041e-13,8.076323846e-14
86.6796875,6.774857513e-13,6.388340196e-13,3.584460246e-13,3.3455951e-13,5.416512189e-13,5.149770835e-13,8.917620156e-14,9.177353534e-14,1.417676124e-13,1.924606905e-13,2.225963082e-13,2.753025227e-13,2.753406387e-13,6.377228353e-13,5.695474905e-13,9.096866796e-13,5.940226551e-13,4.000050952e-13,2.250477851e-13,2.48112791e-13,1.589374127e-13,1.354077454e-13,2.386507258e-14,8.955625419e-14,7.691238669e-14,7.443488813e-14,1.675939679e-13,2.501075255e-13,6.09325547e-13,3.55923426e-14,2.865015538e-13,8.106096094e-14
86.6875,6.679701133e-13,6.315591032e-13,3.489529682e-13,3.280566211e-13,5.337887955e-13,5.028826123e-13,8.630045389e-14,9.081944443e-14,1.41133843e-13,1.926967074e-13,2.200341104e-13,2.705759875e-13,2.705712089e-13,6.274599117e-13,5.559503872e-13,8.931917824e-13,5.783281237e-13,3.896275782e-13,2.227796791e-13,2.468952852e-13,1.574070507e-13,1.34711299e-13,2.423728266e-14,8.948491392e-14,7.515009861e-14,7.401093139e-14,1.693867517e-13,2.484824514e-13,5.980349874e-13,3.530128291e-14,2.81783431e-13,8.13029684e-14
86.6953125,6.584141802e-13,6.244632619e-13,3.395239469e-13,3.215693559e-13,5.256127299e-13,4.909578551e-13,8.348052338e-14,8.977687164e-14,1.404677663e-13,1.928830973e-13,2.174692168e-13,2.658699693e-13,2.658651473e-13,6.172352019e-13,5.424060809e-13,8.765280635e-13,5.626357222e-13,3.792645597e-13,2.204906517e-13,2.454272576e-13,1.559309511e-13,1.340202022e-13,2.462718615e-14,8.935614195e-14,7.341214654e-14,7.357217301e-14,1.712098142e-13,2.468341093e-13,5.869658522e-13,3.499521687e-14,2.771688422e-13,8.149540187e-14
86.703125,6.49254079e-13,6.171947701e-13,3.301942068e-13,3.147489099e-13,5.1730036e-13,4.79262124e-13,8.074978403e-14,8.87667356e-14,1.398328005e-13,1.930949955e-13,2.149174166e-13,2.611938301e-13,2.612049264e-13,6.071790179e-13,5.290130597e-13,8.598091141e-13,5.471938103e-13,3.68959091e-13,2.182376984e-13,2.438829599e-13,1.544644406e-13,1.333523546e-13,2.499744895e-14,8.921758208e-14,7.171704798e-14,7.312202549e-14,1.730672367e-13,2.452411335e-13,5.759074025e-13,3.465439157e-14,2.726995284e-13,8.171325168e-14
86.7109375,6.402914804e-13,6.098577826e-13,3.208263708e-13,3.079579627e-13,5.090119733e-13,4.67573733e-13,7.806238037e-14,8.782731499e-14,1.39206705e-13,1.933069128e-13,2.123260063e-13,2.564086285e-13,2.564990767e-13,5.970920413e-13,5.157452124e-13,8.431875928e-13,5.319523479e-13,3.586291218e-13,2.159739919e-13,2.425244743e-13,1.52957141e-13,1.326820756e-13,2.53473479e-14,8.906999442e-14,7.005455737e-14,7.271487747e-14,1.748613154e-13,2.436941931e-13,5.646757448e-13,3.431977016e-14,2.68184213e-13,8.200567583e-14
86.71875,6.313613858e-13,6.028339854e-13,3.113996133e-13,3.014015981e-13,5.005528845e-13,4.558833671e-13,7.534515648e-14,8.681368741e-14,1.385281796e-13,1.934567599e-13,2.097182912e-13,2.515326059e-13,2.518427373e-13,5.869773519e-13,5.025630753e-13,8.266408895e-13,5.169557276e-13,3.484165253e-13,2.13695828e-13,2.410949483e-13,1.514415042e-13,1.319999738e-13,2.570065208e-14,8.885256212e-14,6.842579732e-14,7.236970333e-14,1.765921996e-13,2.422433809e-13,5.53486774e-13,3.403088941e-14,2.636763116e-13,8.229104054e-14
86.7265625,6.229135654e-13,5.959802747e-13,3.021959377e-13,2.948235092e-13,4.920132955e-13,4.445766873e-13,7.266538239e-14,8.570704598e-14,1.378491552e-13,1.936234506e-13,2.071764798e-13,2.467584938e-13,2.473842858e-13,5.773257443e-13,4.897033951e-13,8.103288508e-13,5.025935708e-13,3.386098565e-13,2.115113677e-13,2.394211984e-13,1.4996126e-13,1.313695952e-13,2.605908151e-14,8.859195188e-14,6.686783281e-14,7.203305443e-14,1.783931547e-13,2.409185402e-13,5.426145934e-13,3.373497891e-14,2.594380705e-13,8.249849925e-14
86.734375,6.149331901e-13,5.890168454e-13,2.932805623e-13,2.883179731e-13,4.835674592e-13,4.336921469e-13,7.011015082e-14,8.461586381e-14,1.372178499e-13,1.93847497e-13,2.04669867e-13,2.421037337e-13,2.430407792e-13,5.681698853e-13,4.773181757e-13,7.944111517e-13,4.888243423e-13,3.290871935e-13,2.093947637e-13,2.378346126e-13,1.485471363e-13,1.308052358e-13,2.641559869e-14,8.832932223e-14,6.538325349e-14,7.170263117e-14,1.803120815e-13,2.395938014e-13,5.320181047e-13,3.339481479e-14,2.55383277e-13,8.269191382e-14
86.7421875,6.069455618e-13,5.818278801e-13,2.845017177e-13,2.819709649e-13,4.750817936e-13,4.229051824e-13,6.762698175e-14,8.353201141e-14,1.366315531e-13,1.939795428e-13,2.021326214e-13,2.374868611e-13,2.386913057e-13,5.591577846e-13,4.65168097e-13,7.786330203e-13,4.752144414e-13,3.196343885e-13,2.072451248e-13,2.364676821e-13,1.471764127e-13,1.302608665e-13,2.677387734e-14,8.80726182e-14,6.393493914e-14,7.142250132e-14,1.821919555e-13,2.381425129e-13,5.215189778e-13,3.307409547e-14,2.513968708e-13,8.29302838e-14
86.75,5.991312887e-13,5.744448346e-13,2.759272643e-13,2.755919731e-13,4.666832152e-13,4.122605041e-13,6.515553134e-14,8.240244683e-14,1.361432079e-13,1.939463213e-13,1.996365873e-13,2.329815687e-13,2.344223964e-13,5.504247082e-13,4.530750736e-13,7.628002733e-13,4.617290914e-13,3.104325507e-13,2.051540827e-13,2.351861619e-13,1.457847137e-13,1.297802115e-13,2.713618343e-14,8.786139221e-14,6.251809882e-14,7.11885194e-14,1.838875429e-13,2.366407052e-13,5.11103705e-13,3.280766261e-14,2.477309147e-13,8.318288739e-14
86.7578125,5.917283437e-13,5.67289838e-13,2.675545794e-13,2.693190302e-13,4.584876935e-13,4.019458761e-13,6.273258958e-14,8.124810285e-14,1.357133219e-13,1.938816506e-13,1.972369834e-13,2.285731408e-13,2.302885905e-13,5.420327617e-13,4.411652974e-13,7.471186069e-13,4.486013965e-13,3.015500753e-13,2.031567602e-13,2.339791894e-13,1.443974688e-13,1.29380328e-13,2.750434101e-14,8.766681555e-14,6.114265637e-14,7.096335972e-14,1.855088915e-13,2.352529268e-13,5.008561617e-13,3.254321461e-14,2.443441201e-13,8.341603488e-14
86.765625,5.842718895e-13,5.604912361e-13,2.591894922e-13,2.633041461e-13,4.50141301e-13,3.91778412e-13,6.039739928e-14,8.009752357e-14,1.352041899e-13,1.938814939e-13,1.94804208e-13,2.240791836e-13,2.261469071e-13,5.335527354e-13,4.295521947e-13,7.317960373e-13,4.358561207e-13,2.927300814e-13,2.010536202e-13,2.327875139e-13,1.430551571e-13,1.289375986e-13,2.788067416e-14,8.740322845e-14,5.979892542e-14,7.075449717e-14,1.872437417e-13,2.339391928e-13,4.907401933e-13,3.225381033e-14,2.408472055e-13,8.362124173e-14
86.7734375,5.766893212e-13,5.535073773e-13,2.508976513e-13,2.573230755e-13,4.416779395e-13,3.816574292e-13,5.814294181e-14,7.895845949e-14,1.346605711e-13,1.938992585e-13,1.922841459e-13,2.195281958e-13,2.219232756e-13,5.249681326e-13,4.181924598e-13,7.1677758e-13,4.234289493e-13,2.839613435e-13,1.988438869e-13,2.31561248e-13,1.416837935e-13,1.284468627e-13,2.825746984e-14,8.708603928e-14,5.849371024e-14,7.06198858e-14,1.890528221e-13,2.325376224e-13,4.806989836e-13,3.196140803e-14,2.372824843e-13,8.381854167e-14
86.78125,5.696439932e-13,5.464239279e-13,2.427920939e-13,2.51268609e-13,4.334622293e-13,3.718076652e-13,5.595501107e-14,7.780452355e-14,1.341916199e-13,1.938806533e-13,1.898606401e-13,2.15085517e-13,2.177321869e-13,5.166797162e-13,4.070234108e-13,7.018567947e-13,4.113365506e-13,2.754581207e-13,1.967640316e-13,2.303799809e-13,1.40289887e-13,1.280580579e-13,2.863245092e-14,8.674274471e-14,5.724084466e-14,7.056598756e-14,1.908117836e-13,2.311234785e-13,4.708524993e-13,3.167089207e-14,2.33864121e-13,8.406613944e-14
86.7890625,5.632113742e-13,5.398044703e-13,2.347362117e-13,2.452128407e-13,4.253056751e-13,3.622781716e-13,5.38273238e-14,7.658759335e-14,1.337289347e-13,1.938233185e-13,1.876030448e-13,2.107105878e-13,2.136585497e-13,5.086894582e-13,3.960050502e-13,6.868980152e-13,3.995640093e-13,2.671963607e-13,1.948130348e-13,2.291793091e-13,1.389965686e-13,1.277654431e-13,2.901851605e-14,8.632712957e-14,5.602536963e-14,7.052545335e-14,1.92535268e-13,2.29852641e-13,4.612713834e-13,3.137436136e-14,2.304942825e-13,8.435938554e-14
86.796875,5.567253243e-13,5.331911617e-13,2.267693197e-13,2.392732114e-13,4.170696293e-13,3.529350406e-13,5.17545648e-14,7.534554825e-14,1.332179115e-13,1.937388837e-13,1.853464456e-13,2.063330571e-13,2.096696706e-13,5.007586702e-13,3.850727074e-13,6.719617884e-13,3.879861201e-13,2.589998281e-13,1.928344379e-13,2.279560888e-13,1.377649168e-13,1.274460934e-13,2.941628132e-14,8.585894766e-14,5.483108195e-14,7.048175136e-14,1.942359889e-13,2.286018365e-13,4.517660226e-13,3.107315891e-14,2.27175597e-13,8.460549102e-14
86.8046875,5.499866262e-13,5.260820191e-13,2.190991624e-13,2.336188016e-13,4.090042698e-13,3.43812343e-13,4.973107971e-14,7.415507695e-14,1.327205187e-13,1.936357597e-13,1.830728332e-13,2.020341667e-13,2.057407053e-13,4.92870334e-13,3.742345416e-13,6.572441839e-13,3.765752555e-13,2.508754499e-13,1.908416336e-13,2.269185923e-13,1.364937355e-13,1.270993507e-13,2.981057378e-14,8.542286143e-14,5.366313072e-14,7.04669688e-14,1.958690071e-13,2.272634442e-13,4.422393431e-13,3.077374323e-14,2.24030364e-13,8.477172572e-14
86.8125,5.434966554e-13,5.190880614e-13,2.117142038e-13,2.279764081e-13,4.009783214e-13,3.349749058e-13,4.776894342e-14,7.298153413e-14,1.322558892e-13,1.935243889e-13,1.809095684e-13,1.978512311e-13,2.018789336e-13,4.851784512e-13,3.636318798e-13,6.429405008e-13,3.656040137e-13,2.43055651e-13,1.888827477e-13,2.259509965e-13,1.352748535e-13,1.267769069e-13,3.019983895e-14,8.502997474e-14,5.254057832e-14,7.046786857e-14,1.974546748e-13,2.259944381e-13,4.32877973e-13,3.049295114e-14,2.209945552e-13,8.490966681e-14
86.8203125,5.376033314e-13,5.124759645e-13,2.045880498e-13,2.219534132e-13,3.928750026e-13,3.264172332e-13,4.589582588e-14,7.176487236e-14,1.318160538e-13,1.934020745e-13,1.787808983e-13,1.937510548e-13,1.980592514e-13,4.778436595e-13,3.533444501e-13,6.29064906e-13,3.552845139e-13,2.357089573e-13,1.869655554e-13,2.248238477e-13,1.341859351e-13,1.264888515e-13,3.059861963e-14,8.462696269e-14,5.148957539e-14,7.049822981e-14,1.990116268e-13,2.248329567e-13,4.237983223e-13,3.024295156e-14,2.180861211e-13,8.505787318e-14
86.828125,5.321444919e-13,5.058012826e-13,1.977668537e-13,2.160504367e-13,3.851186892e-13,3.182344989e-13,4.411259608e-14,7.054137298e-14,1.314341172e-13,1.932314671e-13,1.765852818e-13,1.897559251e-13,1.942931508e-13,4.709185067e-13,3.433719674e-13,6.1549149e-13,3.45415264e-13,2.287134622e-13,1.851739108e-13,2.238343453e-13,1.331390841e-13,1.262738412e-13,3.102015301e-14,8.419491453e-14,5.051435799e-14,7.06131393e-14,2.005274658e-13,2.23660284e-13,4.149678381e-13,3.001215668e-14,2.154299747e-13,8.524337751e-14
86.8359375,5.269496192e-13,4.992022015e-13,1.911291497e-13,2.108454733e-13,3.778174597e-13,3.104649172e-13,4.240148446e-14,6.93456752e-14,1.311142951e-13,1.929852057e-13,1.74485335e-13,1.858829912e-13,1.906706455e-13,4.644123099e-13,3.337859295e-13,6.022218496e-13,3.358184607e-13,2.21944339e-13,1.835370253e-13,2.232150717e-13,1.320978654e-13,1.261596493e-13,3.146187873e-14,8.376492409e-14,4.959240441e-14,7.077218839e-14,2.020312722e-13,2.225447133e-13,4.064095144e-13,2.978512878e-14,2.129769835e-13,8.546065046e-14
86.84375,5.220870299e-13,4.930142039e-13,1.846069523e-13,2.058935022e-13,3.705726465e-13,3.029226236e-13,4.076033561e-14,6.815629838e-14,1.308014161e-13,1.92696731e-13,1.725940143e-13,1.821086759e-13,1.872135232e-13,4.583147485e-13,3.245362987e-13,5.892807932e-13,3.266368321e-13,2.154933139e-13,1.819594958e-13,2.226383621e-13,1.311089661e-13,1.260833172e-13,3.190100995e-14,8.333342459e-14,4.871517069e-14,7.091395157e-14,2.035315109e-13,2.215792951e-13,3.98112482e-13,2.955863694e-14,2.106639376e-13,8.564057636e-14
86.8515625,5.175007568e-13,4.8705902e-13,1.78328365e-13,2.008129174e-13,3.632860189e-13,2.955273757e-13,3.917322818e-14,6.696812783e-14,1.304626119e-13,1.924084259e-13,1.707548e-13,1.784424989e-13,1.838584953e-13,4.524244839e-13,3.153989086e-13,5.765652648e-13,3.178988229e-13,2.093251205e-13,1.804005545e-13,2.219673493e-13,1.301527505e-13,1.259906484e-13,3.232452449e-14,8.286608618e-14,4.788181144e-14,7.108919588e-14,2.050410908e-13,2.206929577e-13,3.900023749e-13,2.933284685e-14,2.085322959e-13,8.577360999e-14
86.859375,5.130803695e-13,4.81220268e-13,1.722914055e-13,1.959221606e-13,3.561531847e-13,2.884532141e-13,3.761863612e-14,6.578563866e-14,1.301509296e-13,1.921166219e-13,1.688706719e-13,1.748823575e-13,1.805834429e-13,4.465986037e-13,3.06361637e-13,5.641312684e-13,3.094717115e-13,2.032317337e-13,1.788731314e-13,2.214707958e-13,1.291881196e-13,1.259237752e-13,3.274518454e-14,8.240978165e-14,4.706813498e-14,7.130694517e-14,2.065939768e-13,2.198546512e-13,3.820683491e-13,2.910159718e-14,2.065658072e-13,8.592914318e-14
86.8671875,5.089629998e-13,4.754809484e-13,1.663400107e-13,1.91217479e-13,3.491777766e-13,2.817350623e-13,3.612563841e-14,6.460123317e-14,1.298899353e-13,1.917990866e-13,1.670159763e-13,1.71332895e-13,1.77341791e-13,4.409613764e-13,2.976225676e-13,5.52149611e-13,3.014389205e-13,1.97213661e-13,1.773188186e-13,2.211676627e-13,1.282318755e-13,1.258993913e-13,3.316342173e-14,8.200189335e-14,4.625993697e-14,7.146694571e-14,2.081050503e-13,2.190461178e-13,3.742475597e-13,2.885195838e-14,2.046436298e-13,8.610092557e-14
86.875,5.051429176e-13,4.697313802e-13,1.604086418e-13,1.864783282e-13,3.422010393e-13,2.751813312e-13,3.472636031e-14,6.343013861e-14,1.295838668e-13,1.914571408e-13,1.652052677e-13,1.677263576e-13,1.740672455e-13,4.35479222e-13,2.892775354e-13,5.406114916e-13,2.939411856e-13,1.914172457e-13,1.756991133e-13,2.208323728e-13,1.273144225e-13,1.258404727e-13,3.35665763e-14,8.155167475e-14,4.548329849e-14,7.157207006e-14,2.095377478e-13,2.181952496e-13,3.66461478e-13,2.8587877e-14,2.026328667e-13,8.623659035e-14
86.8828125,5.01400786e-13,4.642247537e-13,1.545788128e-13,1.819781302e-13,3.352005657e-13,2.687631791e-13,3.339620592e-14,6.228445123e-14,1.292088054e-13,1.911199371e-13,1.63435046e-13,1.641799289e-13,1.708602495e-13,4.300352876e-13,2.813329885e-13,5.29539884e-13,2.869655529e-13,1.858997278e-13,1.741109327e-13,2.204223008e-13,1.264524228e-13,1.257353231e-13,3.396563751e-14,8.102722543e-14,4.476377287e-14,7.173547797e-14,2.110230928e-13,2.173823984e-13,3.588648198e-13,2.833740799e-14,2.006187749e-13,8.634657649e-14
86.890625,4.978783601e-13,4.592401519e-13,1.490313701e-13,1.778365138e-13,3.283771377e-13,2.626204764e-13,3.211646747e-14,6.115647322e-14,1.288727877e-13,1.907780694e-13,1.617959275e-13,1.608476381e-13,1.678388857e-13,4.248502388e-13,2.737363664e-13,5.190397466e-13,2.80525407e-13,1.806852456e-13,1.726671607e-13,2.200637891e-13,1.256546547e-13,1.256719876e-13,3.436939495e-14,8.05171223e-14,4.409469713e-14,7.196951641e-14,2.124850992e-13,2.167108514e-13,3.516118679e-13,2.810573572e-14,1.988691957e-13,8.644512461e-14
86.8984375,4.947904678e-13,4.544879383e-13,1.438229054e-13,1.73743661e-13,3.218416769e-13,2.567565441e-13,3.090995841e-14,6.00671674e-14,1.285934027e-13,1.903705509e-13,1.602971826e-13,1.576836826e-13,1.649183474e-13,4.200167962e-13,2.663888289e-13,5.090333945e-13,2.746084375e-13,1.757283608e-13,1.71346892e-13,2.198798735e-13,1.248995573e-13,1.256653212e-13,3.476616877e-14,8.003216644e-14,4.346592246e-14,7.220387568e-14,2.137530208e-13,2.160704613e-13,3.445702874e-13,2.786520721e-14,1.973644471e-13,8.653007569e-14
86.90625,4.918934707e-13,4.497458754e-13,1.387155393e-13,1.697133092e-13,3.154058627e-13,2.510980741e-13,2.978011875e-14,5.902196664e-14,1.283101412e-13,1.8992652e-13,1.58800892e-13,1.54539063e-13,1.620292325e-13,4.152502821e-13,2.593104154e-13,4.994313849e-13,2.690716317e-13,1.709006707e-13,1.700531107e-13,2.198861647e-13,1.241538225e-13,1.256604567e-13,3.516427714e-14,7.953919505e-14,4.288026921e-14,7.242451093e-14,2.150173028e-13,2.15393316e-13,3.37616486e-13,2.761214247e-14,1.95845009e-13,8.661173025e-14
86.9140625,4.890225633e-13,4.452550581e-13,1.335225075e-13,1.659939704e-13,3.089358372e-13,2.456469148e-13,2.870112089e-14,5.796393176e-14,1.280293554e-13,1.895416537e-13,1.572164769e-13,1.513738166e-13,1.592328849e-13,4.105182773e-13,2.525317796e-13,4.902322171e-13,2.63846598e-13,1.662069943e-13,1.687438216e-13,2.199879168e-13,1.234313365e-13,1.256520199e-13,3.557451225e-14,7.905693365e-14,4.232702676e-14,7.264653964e-14,2.163905273e-13,2.147758274e-13,3.307778683e-13,2.737739647e-14,1.943240491e-13,8.667074161e-14
86.921875,4.863799782e-13,4.410127734e-13,1.284088413e-13,1.625302287e-13,3.026068383e-13,2.404065367e-13,2.767347878e-14,5.688643393e-14,1.277690421e-13,1.891613268e-13,1.556013184e-13,1.482616835e-13,1.565352623e-13,4.060558231e-13,2.459517872e-13,4.813402878e-13,2.589606668e-13,1.617649335e-13,1.674587975e-13,2.201578167e-13,1.227398224e-13,1.256626889e-13,3.597466142e-14,7.857108083e-14,4.179216419e-14,7.286607187e-14,2.17568089e-13,2.142087659e-13,3.240313558e-13,2.717601917e-14,1.92995317e-13,8.670924107e-14
86.9296875,4.840284651e-13,4.367560264e-13,1.23588498e-13,1.591368062e-13,2.96616511e-13,2.353786625e-13,2.672454617e-14,5.585348595e-14,1.275462715e-13,1.886826958e-13,1.540925948e-13,1.453107966e-13,1.539225088e-13,4.018721855e-13,2.395685433e-13,4.727571875e-13,2.544419492e-13,1.576124639e-13,1.662817285e-13,2.204476876e-13,1.220207857e-13,1.257198196e-13,3.635696831e-14,7.808559759e-14,4.129849008e-14,7.309232789e-14,2.184796744e-13,2.136136209e-13,3.174420677e-13,2.698398189e-14,1.918990194e-13,8.677573415e-14
86.9375,4.818436647e-13,4.326310058e-13,1.190317168e-13,1.557686366e-13,2.909218168e-13,2.305865933e-13,2.585372947e-14,5.485101317e-14,1.273775091e-13,1.88167657e-13,1.527649306e-13,1.425612729e-13,1.514337273e-13,3.978366235e-13,2.334943496e-13,4.646250582e-13,2.503597418e-13,1.53738665e-13,1.652462665e-13,2.208103262e-13,1.212878917e-13,1.258361132e-13,3.674245316e-14,7.765113665e-14,4.087327739e-14,7.334769619e-14,2.194155702e-13,2.130322151e-13,3.111989197e-13,2.676778625e-14,1.909723281e-13,8.683639356e-14
86.9453125,4.797657772e-13,4.288502242e-13,1.146154548e-13,1.525334496e-13,2.853573742e-13,2.260251797e-13,2.502939978e-14,5.381719052e-14,1.272005187e-13,1.876575187e-13,1.515326997e-13,1.399261505e-13,1.490510667e-13,3.938859119e-13,2.277298146e-13,4.569597456e-13,2.467141651e-13,1.501211281e-13,1.642686331e-13,2.211864172e-13,1.206539367e-13,1.259519779e-13,3.713252039e-14,7.721819587e-14,4.049781772e-14,7.364045963e-14,2.204769663e-13,2.124886757e-13,3.052421354e-13,2.652964318e-14,1.901277835e-13,8.682191341e-14
86.953125,4.778091507e-13,4.252106168e-13,1.103171696e-13,1.495456617e-13,2.798529149e-13,2.217190468e-13,2.424555487e-14,5.278358275e-14,1.269825805e-13,1.870750868e-13,1.502858998e-13,1.373283239e-13,1.467556018e-13,3.900317514e-13,2.222543064e-13,4.498199378e-13,2.434685591e-13,1.466889405e-13,1.632813349e-13,2.216614004e-13,1.201099322e-13,1.260316975e-13,3.751988563e-14,7.673325077e-14,4.014462084e-14,7.395076843e-14,2.216133568e-13,2.119337344e-13,2.994180893e-13,2.630121124e-14,1.893233146e-13,8.67683499e-14
86.9609375,4.76090615e-13,4.217196586e-13,1.061767406e-13,1.467181809e-13,2.743941161e-13,2.17711118e-13,2.352460585e-14,5.179945856e-14,1.267950536e-13,1.864473384e-13,1.490375233e-13,1.347937936e-13,1.446153134e-13,3.863691078e-13,2.170658809e-13,4.432833308e-13,2.407016535e-13,1.43402908e-13,1.623358971e-13,2.222888632e-13,1.19566309e-13,1.261353066e-13,3.791029766e-14,7.627723932e-14,3.981623435e-14,7.424505472e-14,2.227541533e-13,2.114268191e-13,2.938809243e-13,2.609060525e-14,1.886406911e-13,8.672299437e-14
86.96875,4.746860887e-13,4.187016655e-13,1.021785109e-13,1.439748745e-13,2.68928798e-13,2.139481946e-13,2.286980069e-14,5.084311356e-14,1.266608336e-13,1.858464537e-13,1.478095854e-13,1.323495694e-13,1.426576054e-13,3.828921519e-13,2.120382612e-13,4.370770842e-13,2.383178551e-13,1.402947302e-13,1.614678647e-13,2.229673843e-13,1.190609796e-13,1.262816429e-13,3.829943548e-14,7.58745057e-14,3.952138958e-14,7.453783586e-14,2.23696438e-13,2.110793403e-13,2.887235126e-13,2.588491293e-14,1.881251761e-13,8.66854181e-14
86.9765625,4.735168011e-13,4.159678691e-13,9.82592421e-14,1.414275423e-13,2.635330172e-13,2.103697243e-13,2.227380849e-14,4.990513833e-14,1.265390736e-13,1.852326676e-13,1.465679183e-13,1.299833867e-13,1.408107928e-13,3.794515988e-13,2.07127975e-13,4.310521466e-13,2.360967802e-13,1.373864631e-13,1.606564587e-13,2.236734045e-13,1.186185801e-13,1.264300949e-13,3.868258041e-14,7.543147627e-14,3.926666869e-14,7.488275219e-14,2.244263326e-13,2.108391384e-13,2.836883217e-13,2.56876132e-14,1.876822828e-13,8.667609606e-14
86.984375,4.725944366e-13,4.130993436e-13,9.442628104e-14,1.390283883e-13,2.583764311e-13,2.069927e-13,2.173969853e-14,4.898887002e-14,1.264037163e-13,1.846238716e-13,1.453379566e-13,1.276838777e-13,1.390145083e-13,3.760911376e-13,2.025326374e-13,4.256000173e-13,2.342498545e-13,1.346769534e-13,1.59924246e-13,2.245265387e-13,1.18150255e-13,1.265863833e-13,3.906908295e-14,7.493272743e-14,3.906248418e-14,7.527474098e-14,2.25221924e-13,2.105714962e-13,2.786887383e-13,2.549938562e-14,1.872558163e-13,8.666919055e-14
86.9921875,4.719135556e-13,4.102839426e-13,9.078375954e-14,1.366767047e-13,2.534049615e-13,2.038214641e-13,2.12601909e-14,4.806649591e-14,1.262396735e-13,1.840861387e-13,1.441823764e-13,1.254687633e-13,1.373082288e-13,3.730169371e-13,1.983639071e-13,4.208999784e-13,2.330701755e-13,1.321858238e-13,1.592894331e-13,2.255195305e-13,1.176572633e-13,1.267637655e-13,3.945969268e-14,7.445749354e-14,3.89093314e-14,7.566906109e-14,2.261359075e-13,2.102847779e-13,2.739882301e-13,2.530850408e-14,1.869666788e-13,8.659880094e-14
87,4.712207966e-13,4.078471607e-13,8.73998363e-14,1.345930616e-13,2.484737053e-13,2.008650645e-13,2.08330852e-14,4.716633468e-14,1.260879896e-13,1.835260345e-13,1.430989663e-13,1.2339814e-13,1.357805605e-13,3.701767774e-13,1.945314992e-13,4.166772133e-13,2.323640704e-13,1.299415629e-13,1.587274624e-13,2.265188938e-13,1.172030668e-13,1.269492633e-13,3.984890821e-14,7.405511267e-14,3.880313012e-14,7.607114032e-14,2.269609431e-13,2.100808214e-13,2.696718496e-13,2.512212035e-14,1.869597814e-13,8.649165529e-14
87.0078125,4.70469701e-13,4.056949555e-13,8.421018606e-14,1.328903852e-13,2.436631799e-13,1.981609505e-13,2.047820534e-14,4.634907868e-14,1.259917861e-13,1.828558591e-13,1.420600162e-13,1.214755219e-13,1.344263653e-13,3.673590948e-13,1.909829508e-13,4.128497596e-13,2.319376089e-13,1.279230285e-13,1.582401407e-13,2.275467183e-13,1.167638327e-13,1.271474625e-13,4.023478848e-14,7.37016948e-14,3.874085448e-14,7.649669583e-14,2.276538769e-13,2.099538577e-13,2.655401388e-13,2.494665047e-14,1.871471932e-13,8.638679753e-14
87.015625,4.700216277e-13,4.037484151e-13,8.112971157e-14,1.313379336e-13,2.391363339e-13,1.956947996e-13,2.018612603e-14,4.558195112e-14,1.259107934e-13,1.821678832e-13,1.410737478e-13,1.196376369e-13,1.33185758e-13,3.646555977e-13,1.876631296e-13,4.094238055e-13,2.318372892e-13,1.260634788e-13,1.578442633e-13,2.287466263e-13,1.163576883e-13,1.273753837e-13,4.061118249e-14,7.3350032e-14,3.870828066e-14,7.692010355e-14,2.283012229e-13,2.098407184e-13,2.615526164e-13,2.476561582e-14,1.873509684e-13,8.625266724e-14
87.0234375,4.700913593e-13,4.021388379e-13,7.817850219e-14,1.298640569e-13,2.349441065e-13,1.934575308e-13,1.991814235e-14,4.481585953e-14,1.258453557e-13,1.815319606e-13,1.401666751e-13,1.179159553e-13,1.320838177e-13,3.623149977e-13,1.844279979e-13,4.061826373e-13,2.319998404e-13,1.243641021e-13,1.575566229e-13,2.301226697e-13,1.160710968e-13,1.276500189e-13,4.097698243e-14,7.300137658e-14,3.869631698e-14,7.731975062e-14,2.288610575e-13,2.098129487e-13,2.578430102e-13,2.457578901e-14,1.876179564e-13,8.610531139e-14
87.03125,4.705082751e-13,4.008347356e-13,7.537536729e-14,1.285331144e-13,2.309834407e-13,1.914607587e-13,1.968277186e-14,4.406825692e-14,1.258034758e-13,1.809098172e-13,1.393208171e-13,1.163318963e-13,1.311075557e-13,3.602285104e-13,1.81272688e-13,4.030591647e-13,2.324205185e-13,1.229144404e-13,1.573682553e-13,2.314875739e-13,1.158758628e-13,1.279389357e-13,4.132553697e-14,7.263553708e-14,3.871875656e-14,7.769873755e-14,2.292111271e-13,2.099425466e-13,2.543013215e-13,2.438866332e-14,1.880101032e-13,8.597792806e-14
87.0390625,4.709890355e-13,3.995616967e-13,7.266015597e-14,1.27234313e-13,2.270193742e-13,1.896072452e-13,1.952324075e-14,4.33405037e-14,1.256780696e-13,1.802841998e-13,1.384609702e-13,1.14754656e-13,1.301319596e-13,3.580868434e-13,1.783340731e-13,4.001951882e-13,2.332046747e-13,1.217313764e-13,1.571785316e-13,2.327003748e-13,1.156711477e-13,1.281518641e-13,4.163935828e-14,7.218157502e-14,3.878805235e-14,7.807246173e-14,2.293745306e-13,2.100632674e-13,2.506942272e-13,2.420970214e-14,1.884345314e-13,8.582194547e-14
87.046875,4.71448074e-13,3.981720197e-13,7.003491855e-14,1.259542224e-13,2.230056854e-13,1.87829264e-13,1.943148869e-14,4.263658525e-14,1.254822439e-13,1.796590294e-13,1.375662712e-13,1.131714132e-13,1.29169761e-13,3.55905587e-13,1.756033548e-13,3.97651385e-13,2.342695677e-13,1.207162987e-13,1.56958088e-13,2.339530087e-13,1.15445305e-13,1.283090094e-13,4.194083346e-14,7.170871099e-14,3.889397926e-14,7.84586568e-14,2.295074171e-13,2.100414651e-13,2.471423896e-13,2.405477702e-14,1.889454449e-13,8.563011538e-14
87.0546875,4.720718159e-13,3.968897763e-13,6.756602669e-14,1.248505364e-13,2.191731804e-13,1.862594291e-13,1.935886769e-14,4.199220573e-14,1.253793852e-13,1.790259204e-13,1.36702175e-13,1.117317867e-13,1.283994638e-13,3.538808611e-13,1.729578507e-13,3.954348317e-13,2.355305836e-13,1.198132884e-13,1.56859494e-13,2.355092818e-13,1.152450094e-13,1.285340211e-13,4.226806681e-14,7.136361242e-14,3.90153268e-14,7.884739345e-14,2.296002035e-13,2.100788406e-13,2.438891101e-13,2.392873739e-14,1.896322726e-13,8.547062075e-14
87.0625,4.729060096e-13,3.959375798e-13,6.523187251e-14,1.239248018e-13,2.155684281e-13,1.849567329e-13,1.929838062e-14,4.136844365e-14,1.25333711e-13,1.783850975e-13,1.358862488e-13,1.104157684e-13,1.278694717e-13,3.519649107e-13,1.703946973e-13,3.935390528e-13,2.369972802e-13,1.190533792e-13,1.569218508e-13,2.371796368e-13,1.150652242e-13,1.288104336e-13,4.259044547e-14,7.109187065e-14,3.914626127e-14,7.921881687e-14,2.295300304e-13,2.103244686e-13,2.408576478e-13,2.380212255e-14,1.903541441e-13,8.533241538e-14
87.0703125,4.737737402e-13,3.95165998e-13,6.298050812e-14,1.231089036e-13,2.120278767e-13,1.837690756e-13,1.928140697e-14,4.072382387e-14,1.252252573e-13,1.777283623e-13,1.350722469e-13,1.09134472e-13,1.274646187e-13,3.500415025e-13,1.68020427e-13,3.920034451e-13,2.386302945e-13,1.18447457e-13,1.570238598e-13,2.387010143e-13,1.148424258e-13,1.290427554e-13,4.286957103e-14,7.078061967e-14,3.930272192e-14,7.958227217e-14,2.294105238e-13,2.105970036e-13,2.37924722e-13,2.366482379e-14,1.910894958e-13,8.51524317e-14
87.078125,4.748042568e-13,3.944056156e-13,6.085004759e-14,1.224713125e-13,2.086011102e-13,1.826761189e-13,1.931042783e-14,4.013901334e-14,1.251487208e-13,1.77058132e-13,1.342503163e-13,1.079806994e-13,1.271377153e-13,3.482353735e-13,1.659084758e-13,3.909535555e-13,2.405256779e-13,1.179852002e-13,1.572070364e-13,2.403064237e-13,1.145611416e-13,1.292729251e-13,4.31420324e-14,7.048652291e-14,3.949359281e-14,7.994995787e-14,2.293820832e-13,2.108144084e-13,2.351687171e-13,2.353502463e-14,1.920243537e-13,8.494481469e-14
87.0859375,4.761433729e-13,3.937650805e-13,5.889282929e-14,1.220347338e-13,2.054180191e-13,1.818048759e-13,1.936730278e-14,3.964384409e-14,1.251758064e-13,1.763981616e-13,1.334366056e-13,1.070001689e-13,1.269396442e-13,3.466574867e-13,1.640294571e-13,3.90336653e-13,2.42737047e-13,1.177070934e-13,1.575427346e-13,2.42168434e-13,1.143104748e-13,1.295542399e-13,4.343897749e-14,7.0250801e-14,3.971303781e-14,8.033799771e-14,2.29321696e-13,2.111035813e-13,2.326498013e-13,2.341286421e-14,1.931495878e-13,8.475300122e-14
87.09375,4.774369368e-13,3.933491726e-13,5.70725692e-14,1.216671911e-13,2.02386808e-13,1.810959273e-13,1.945860489e-14,3.914655436e-14,1.251909013e-13,1.757391299e-13,1.326348239e-13,1.060537627e-13,1.268581707e-13,3.45111479e-13,1.623086397e-13,3.899968863e-13,2.450170648e-13,1.17638943e-13,1.578718956e-13,2.440612461e-13,1.141597091e-13,1.298206896e-13,4.373888923e-14,7.000313654e-14,3.996126196e-14,8.078068218e-14,2.291564577e-13,2.114207932e-13,2.30328495e-13,2.330391008e-14,1.943035969e-13,8.457559805e-14
87.1015625,4.786015564e-13,3.930895289e-13,5.530641597e-14,1.213171239e-13,1.994230052e-13,1.80471738e-13,1.958992851e-14,3.864183695e-14,1.251480163e-13,1.750702135e-13,1.318484844e-13,1.050684106e-13,1.268498635e-13,3.434521019e-13,1.607374848e-13,3.899605104e-13,2.473212456e-13,1.177138583e-13,1.581135483e-13,2.45997928e-13,1.140588972e-13,1.300423587e-13,4.402920173e-14,6.972683792e-14,4.023200168e-14,8.125350547e-14,2.289214001e-13,2.116730504e-13,2.281062973e-13,2.322423556e-14,1.954295535e-13,8.439599156e-14
87.109375,4.800550723e-13,3.9293034e-13,5.359487588e-14,1.211175348e-13,1.965927003e-13,1.800643857e-13,1.974726769e-14,3.819957222e-14,1.251203879e-13,1.744199105e-13,1.310963692e-13,1.041294131e-13,1.269936926e-13,3.41909369e-13,1.593268518e-13,3.901603435e-13,2.498776824e-13,1.178787802e-13,1.584284857e-13,2.481543398e-13,1.139371484e-13,1.302804802e-13,4.43041511e-14,6.946734423e-14,4.051114539e-14,8.167514467e-14,2.285100046e-13,2.11966446e-13,2.259474401e-13,2.314824214e-14,1.965971335e-13,8.420064769e-14
87.1171875,4.817021261e-13,3.930057764e-13,5.202865635e-14,1.211447996e-13,1.938727733e-13,1.798822561e-13,1.993861223e-14,3.781397906e-14,1.251249614e-13,1.737978126e-13,1.304309729e-13,1.033236545e-13,1.273576761e-13,3.406165581e-13,1.580473477e-13,3.904431437e-13,2.526518913e-13,1.181671326e-13,1.588761991e-13,2.503392651e-13,1.138060463e-13,1.305532077e-13,4.455148693e-14,6.925470459e-14,4.081004716e-14,8.203438853e-14,2.279328721e-13,2.123711623e-13,2.240400542e-13,2.304881527e-14,1.979444247e-13,8.397955033e-14
87.125,4.831744043e-13,3.93415553e-13,5.063377589e-14,1.213177262e-13,1.91192059e-13,1.797888075e-13,2.018783061e-14,3.746892229e-14,1.251365334e-13,1.732115545e-13,1.298720203e-13,1.026444188e-13,1.278614939e-13,3.393615038e-13,1.56919894e-13,3.909740194e-13,2.555470793e-13,1.185865305e-13,1.593601761e-13,2.524023847e-13,1.137141874e-13,1.308267313e-13,4.479131426e-14,6.909942292e-14,4.114573586e-14,8.238544235e-14,2.274126034e-13,2.128535498e-13,2.224559674e-13,2.295483969e-14,1.994704846e-13,8.374659583e-14
87.1328125,4.847319777e-13,3.938949653e-13,4.936156803e-14,1.21595896e-13,1.886779216e-13,1.798785398e-13,2.048961966e-14,3.718106359e-14,1.251675231e-13,1.726923708e-13,1.293365409e-13,1.020397795e-13,1.285001624e-13,3.381339487e-13,1.559609937e-13,3.918975067e-13,2.586833697e-13,1.191127675e-13,1.598784473e-13,2.545275115e-13,1.136615123e-13,1.311102877e-13,4.504375265e-14,6.897585747e-14,4.150868893e-14,8.274539687e-14,2.269556218e-13,2.134281162e-13,2.209572607e-13,2.288925115e-14,2.010378228e-13,8.352016237e-14
87.140625,4.866687353e-13,3.942863039e-13,4.820880706e-14,1.219977602e-13,1.864465709e-13,1.802479205e-13,2.081956955e-14,3.693607097e-14,1.252277383e-13,1.721991144e-13,1.287686379e-13,1.015047187e-13,1.293632775e-13,3.371167496e-13,1.550872338e-13,3.930367223e-13,2.620712427e-13,1.197835898e-13,1.604946413e-13,2.568037077e-13,1.136156976e-13,1.314276067e-13,4.528401529e-14,6.885300981e-14,4.188530518e-14,8.30975617e-14,2.263781709e-13,2.140728696e-13,2.195266001e-13,2.282943873e-14,2.026979162e-13,8.328706113e-14
87.1484375,4.887547421e-13,3.949390156e-13,4.717333504e-14,1.225192213e-13,1.843682614e-13,1.807487806e-13,2.116307468e-14,3.672917277e-14,1.252978669e-13,1.716532097e-13,1.28221294e-13,1.010689911e-13,1.303766298e-13,3.361914062e-13,1.54286367e-13,3.943220409e-13,2.655728025e-13,1.205942728e-13,1.612030223e-13,2.591945288e-13,1.135841607e-13,1.317507029e-13,4.549329558e-14,6.874699508e-14,4.226088065e-14,8.342936154e-14,2.256579076e-13,2.147374753e-13,2.183768165e-13,2.276243986e-14,2.045524083e-13,8.302850599e-14
87.15625,4.908456704e-13,3.959428412e-13,4.621585412e-14,1.23232414e-13,1.823882441e-13,1.813753031e-13,2.15242005e-14,3.658182585e-14,1.253789928e-13,1.710851241e-13,1.277229756e-13,1.007266514e-13,1.314489999e-13,3.352657771e-13,1.536418419e-13,3.95826487e-13,2.691342238e-13,1.214434555e-13,1.619750449e-13,2.617152109e-13,1.135857403e-13,1.320702777e-13,4.569083214e-14,6.868012997e-14,4.262107912e-14,8.372849873e-14,2.248871624e-13,2.154429062e-13,2.174395871e-13,2.270571615e-14,2.064614539e-13,8.275173289e-14
87.1640625,4.931301186e-13,3.969762378e-13,4.534144079e-14,1.241502893e-13,1.806350761e-13,1.822601738e-13,2.19217977e-14,3.648371929e-14,1.254872575e-13,1.705682699e-13,1.272696794e-13,1.004551855e-13,1.326615282e-13,3.345452518e-13,1.531139949e-13,3.974933373e-13,2.728265091e-13,1.223395029e-13,1.62827098e-13,2.642741283e-13,1.13600818e-13,1.324317651e-13,4.589761103e-14,6.863165362e-14,4.298764722e-14,8.397868163e-14,2.240959621e-13,2.16195664e-13,2.165726644e-13,2.267063393e-14,2.083427566e-13,8.246233482e-14
87.171875,4.957328673e-13,3.981769965e-13,4.457759746e-14,1.250794781e-13,1.790699152e-13,1.833374972e-13,2.236294644e-14,3.642578228e-14,1.256100002e-13,1.700982383e-13,1.269156007e-13,1.002616328e-13,1.340424334e-13,3.340548902e-13,1.526114427e-13,3.992375849e-13,2.767321811e-13,1.234211178e-13,1.638028562e-13,2.667504174e-13,1.136309953e-13,1.328373461e-13,4.611334997e-14,6.856283644e-14,4.338555595e-14,8.416217991e-14,2.232045295e-13,2.170306127e-13,2.158523189e-13,2.264808771e-14,2.103463263e-13,8.215324213e-14
87.1796875,4.98490312e-13,3.997650184e-13,4.394130832e-14,1.260369815e-13,1.775977864e-13,1.845660291e-13,2.283565706e-14,3.642053221e-14,1.257535723e-13,1.696428152e-13,1.266573018e-13,1.001684087e-13,1.355333858e-13,3.336471609e-13,1.521944589e-13,4.010430171e-13,2.807103305e-13,1.247369352e-13,1.648895937e-13,2.692054428e-13,1.136977816e-13,1.332511544e-13,4.631656147e-14,6.848457883e-14,4.379693672e-14,8.430710457e-14,2.22119299e-13,2.180220135e-13,2.153066646e-13,2.26377561e-14,2.125409395e-13,8.183701586e-14
87.1875,5.010794238e-13,4.012554239e-13,4.345112696e-14,1.272843204e-13,1.762788115e-13,1.860060379e-13,2.333299683e-14,3.645704374e-14,1.259388336e-13,1.691707603e-13,1.263645078e-13,1.001503009e-13,1.371254313e-13,3.332830745e-13,1.519786548e-13,4.03021069e-13,2.845777964e-13,1.262230669e-13,1.659680714e-13,2.717351336e-13,1.137640612e-13,1.336588043e-13,4.648653047e-14,6.845486222e-14,4.421432869e-14,8.449565687e-14,2.209295009e-13,2.190157726e-13,2.14827395e-13,2.266045493e-14,2.147933238e-13,8.152403361e-14
87.1953125,5.034223785e-13,4.022529324e-13,4.304898256e-14,1.28676659e-13,1.750000359e-13,1.875178978e-13,2.384859326e-14,3.653487294e-14,1.260997558e-13,1.686405173e-13,1.259641071e-13,1.001121081e-13,1.387697116e-13,3.328411249e-13,1.519538369e-13,4.053098131e-13,2.884711749e-13,1.277829431e-13,1.669404879e-13,2.743117652e-13,1.138015777e-13,1.340140139e-13,4.663095982e-14,6.84789791e-14,4.465572996e-14,8.472173682e-14,2.19773609e-13,2.197467768e-13,2.143573678e-13,2.271066072e-14,2.169460417e-13,8.117846056e-14
87.203125,5.057444781e-13,4.031916985e-13,4.265402528e-14,1.299302837e-13,1.735645386e-13,1.88997719e-13,2.437463367e-14,3.668624621e-14,1.261763333e-13,1.680941276e-13,1.255262787e-13,1.000231053e-13,1.40468929e-13,3.322597882e-13,1.520010554e-13,4.077534325e-13,2.92472296e-13,1.293023525e-13,1.678674232e-13,2.768630721e-13,1.138511937e-13,1.342913208e-13,4.676729947e-14,6.852259646e-14,4.510740528e-14,8.48603742e-14,2.18552325e-13,2.203200954e-13,2.140081107e-13,2.274988901e-14,2.189953637e-13,8.077137415e-14
87.2109375,5.081522436e-13,4.046221603e-13,4.232260968e-14,1.31364496e-13,1.721354533e-13,1.906226987e-13,2.492283945e-14,3.69099066e-14,1.262365236e-13,1.676554457e-13,1.251355933e-13,9.998828361e-14,1.423827736e-13,3.317414133e-13,1.520950903e-13,4.10239192e-13,2.96455063e-13,1.307958842e-13,1.688699378e-13,2.794195311e-13,1.139125903e-13,1.345715101e-13,4.689923744e-14,6.860405356e-14,4.55503365e-14,8.488106331e-14,2.17118747e-13,2.210915964e-13,2.139499954e-13,2.277467632e-14,2.210676728e-13,8.033537966e-14
87.21875,5.106005913e-13,4.064407668e-13,4.213905467e-14,1.332650218e-13,1.709024946e-13,1.924817659e-13,2.550456154e-14,3.717228965e-14,1.26311931e-13,1.673299314e-13,1.248138444e-13,1.000626724e-13,1.445499243e-13,3.313526362e-13,1.523840025e-13,4.130733118e-13,3.005901633e-13,1.324467141e-13,1.699751493e-13,2.821269747e-13,1.139421667e-13,1.34886528e-13,4.702715057e-14,6.872281543e-14,4.600485887e-14,8.489316388e-14,2.155689682e-13,2.221056318e-13,2.141075974e-13,2.281344206e-14,2.232043171e-13,7.990258709e-14
87.2265625,5.131223467e-13,4.08215093e-13,4.207443645e-14,1.352693107e-13,1.697535698e-13,1.944662837e-13,2.611275869e-14,3.74625317e-14,1.263347068e-13,1.669661053e-13,1.245359543e-13,1.001828359e-13,1.468653459e-13,3.310232449e-13,1.529311323e-13,4.163391699e-13,3.050540652e-13,1.343431363e-13,1.711349041e-13,2.849872819e-13,1.139635484e-13,1.351644172e-13,4.714892926e-14,6.8821346e-14,4.649129296e-14,8.494581289e-14,2.140944235e-13,2.231025134e-13,2.143068625e-13,2.287028288e-14,2.253766456e-13,7.946387944e-14
87.234375,5.157185843e-13,4.099233465e-13,4.21029037e-14,1.372093458e-13,1.686584564e-13,1.965278476e-13,2.674796843e-14,3.777858424e-14,1.26313609e-13,1.66494307e-13,1.242499554e-13,1.00334312e-13,1.493312268e-13,3.308516524e-13,1.536223257e-13,4.1969219e-13,3.095774754e-13,1.36414343e-13,1.723227456e-13,2.877608221e-13,1.139913988e-13,1.354034869e-13,4.726044417e-14,6.890152044e-14,4.701107325e-14,8.499807771e-14,2.127138275e-13,2.240040764e-13,2.146260198e-13,2.293754952e-14,2.276506534e-13,7.901658353e-14
87.2421875,5.182700291e-13,4.116796475e-13,4.226287875e-14,1.393414035e-13,1.677184832e-13,1.986577954e-13,2.741347657e-14,3.811576045e-14,1.263062638e-13,1.660229099e-13,1.239358621e-13,1.005628429e-13,1.519381068e-13,3.308236151e-13,1.54415856e-13,4.229996136e-13,3.139580149e-13,1.386219607e-13,1.735658222e-13,2.903674024e-13,1.139540421e-13,1.356481338e-13,4.73651297e-14,6.900949961e-14,4.756278519e-14,8.502638161e-14,2.112521639e-13,2.249211631e-13,2.151073933e-13,2.300988702e-14,2.300658444e-13,7.856173167e-14
87.25,5.20663822e-13,4.13143865e-13,4.256550603e-14,1.415749037e-13,1.668904931e-13,2.008683371e-13,2.809963131e-14,3.84943302e-14,1.26300603e-13,1.65640473e-13,1.23639929e-13,1.008644008e-13,1.545981842e-13,3.307813041e-13,1.553126778e-13,4.262472513e-13,3.182116893e-13,1.409322498e-13,1.748889935e-13,2.930343076e-13,1.138527961e-13,1.358820068e-13,4.746260204e-14,6.915368787e-14,4.812751401e-14,8.501025048e-14,2.095838763e-13,2.258079676e-13,2.156279546e-13,2.307976831e-14,2.325137379e-13,7.808081834e-14
87.2578125,5.229512993e-13,4.143668489e-13,4.297505757e-14,1.437584331e-13,1.661273095e-13,2.032540203e-13,2.880770879e-14,3.89288659e-14,1.262822248e-13,1.653186423e-13,1.23401855e-13,1.012089205e-13,1.573463117e-13,3.307849158e-13,1.562154561e-13,4.292919393e-13,3.222473185e-13,1.432551403e-13,1.762568822e-13,2.958613047e-13,1.138188227e-13,1.361059884e-13,4.755071219e-14,6.932638816e-14,4.86809047e-14,8.493817383e-14,2.07808982e-13,2.266609439e-13,2.162839217e-13,2.316255508e-14,2.348651e-13,7.758564559e-14
87.265625,5.253785792e-13,4.161243649e-13,4.344880058e-14,1.461118451e-13,1.654747835e-13,2.057890826e-13,2.954517654e-14,3.938970915e-14,1.262763075e-13,1.650243111e-13,1.23193667e-13,1.01593636e-13,1.602426352e-13,3.309237833e-13,1.57137569e-13,4.32257673e-13,3.261027929e-13,1.455911391e-13,1.776329382e-13,2.987377148e-13,1.138947031e-13,1.363506131e-13,4.763973905e-14,6.951339213e-14,4.923092837e-14,8.486463083e-14,2.060401424e-13,2.277062062e-13,2.172164066e-13,2.327257489e-14,2.371348721e-13,7.711767181e-14
87.2734375,5.280566197e-13,4.183499058e-13,4.396825644e-14,1.486075556e-13,1.649517715e-13,2.083268839e-13,3.030098888e-14,3.986954905e-14,1.263169289e-13,1.647418466e-13,1.229662289e-13,1.020373681e-13,1.63227384e-13,3.311361731e-13,1.581964888e-13,4.353825759e-13,3.299740981e-13,1.48021106e-13,1.7904803e-13,3.017143408e-13,1.139707555e-13,1.366147809e-13,4.773763662e-14,6.972439721e-14,4.979863569e-14,8.482455538e-14,2.042190916e-13,2.28900614e-13,2.182918369e-13,2.339052672e-14,2.39483842e-13,7.667525763e-14
87.28125,5.307477227e-13,4.201221899e-13,4.456322922e-14,1.51041197e-13,1.64555874e-13,2.109357759e-13,3.106938695e-14,4.042631137e-14,1.264012103e-13,1.644340382e-13,1.227260797e-13,1.025364357e-13,1.662581076e-13,3.313928373e-13,1.593380658e-13,4.385539898e-13,3.338923726e-13,1.505621887e-13,1.805170881e-13,3.048341565e-13,1.139966931e-13,1.368852303e-13,4.785135482e-14,6.998175632e-14,5.038192468e-14,8.475971404e-14,2.022873263e-13,2.299397749e-13,2.193542444e-13,2.351196413e-14,2.418971441e-13,7.622350283e-14
87.2890625,5.332359211e-13,4.214315728e-13,4.527604565e-14,1.536516435e-13,1.642293991e-13,2.137956613e-13,3.186450221e-14,4.107499333e-14,1.264344092e-13,1.640956701e-13,1.225267422e-13,1.030380181e-13,1.693530166e-13,3.31626961e-13,1.604899796e-13,4.416496439e-13,3.378551278e-13,1.532197424e-13,1.819851133e-13,3.077978464e-13,1.140198492e-13,1.371259292e-13,4.79908581e-14,7.020992309e-14,5.097130803e-14,8.462676747e-14,2.002911208e-13,2.308948597e-13,2.203575509e-13,2.365003452e-14,2.44118317e-13,7.574750289e-14
87.296875,5.356201514e-13,4.228895613e-13,4.609956305e-14,1.566310108e-13,1.639264042e-13,2.168245813e-13,3.268985685e-14,4.174482574e-14,1.263720246e-13,1.637405429e-13,1.223634149e-13,1.035277191e-13,1.725557437e-13,3.318138376e-13,1.617731635e-13,4.448683051e-13,3.418953183e-13,1.56031327e-13,1.834384119e-13,3.105189515e-13,1.140297155e-13,1.373108863e-13,4.812567724e-14,7.035899454e-14,5.157179638e-14,8.44590132e-14,1.983148381e-13,2.319743784e-13,2.213684233e-13,2.378850667e-14,2.462096782e-13,7.524530052e-14
87.3046875,5.381249459e-13,4.245649179e-13,4.700239377e-14,1.597319212e-13,1.637656927e-13,2.198505292e-13,3.353440707e-14,4.242053732e-14,1.263272927e-13,1.633495927e-13,1.221758623e-13,1.040579374e-13,1.759292544e-13,3.321743019e-13,1.632547116e-13,4.483503572e-13,3.459130697e-13,1.589638809e-13,1.849367695e-13,3.134799179e-13,1.140093107e-13,1.374912336e-13,4.820201146e-14,7.055349827e-14,5.218327045e-14,8.428449855e-14,1.964084896e-13,2.330707121e-13,2.226229762e-13,2.391951884e-14,2.485113052e-13,7.471875754e-14
87.3125,5.407640344e-13,4.26447718e-13,4.799583449e-14,1.628025014e-13,1.637495122e-13,2.229010378e-13,3.439946142e-14,4.317081838e-14,1.263385763e-13,1.629447464e-13,1.219797605e-13,1.046209158e-13,1.794591822e-13,3.32756601e-13,1.648138174e-13,4.519221428e-13,3.497648617e-13,1.619277452e-13,1.864795859e-13,3.168475714e-13,1.140249257e-13,1.376873406e-13,4.82298886e-14,7.08538096e-14,5.278750101e-14,8.409246074e-14,1.944847361e-13,2.341584608e-13,2.241913293e-13,2.406476862e-14,2.5096112e-13,7.418262183e-14
87.3203125,5.432884712e-13,4.285104625e-13,4.909986611e-14,1.659069263e-13,1.636607752e-13,2.260360999e-13,3.529153213e-14,4.399637853e-14,1.26311853e-13,1.625864652e-13,1.217906027e-13,1.051649129e-13,1.831042112e-13,3.332843665e-13,1.663785206e-13,4.554302927e-13,3.533945219e-13,1.649180259e-13,1.879704351e-13,3.201631106e-13,1.140663373e-13,1.378401624e-13,4.826360143e-14,7.116764695e-14,5.338258076e-14,8.387637411e-14,1.924349737e-13,2.353165675e-13,2.258481753e-13,2.422016834e-14,2.533388931e-13,7.365352397e-14
87.328125,5.456385515e-13,4.301906961e-13,5.027744771e-14,1.690625725e-13,1.635700773e-13,2.292594839e-13,3.619398908e-14,4.483017606e-14,1.262393167e-13,1.622469065e-13,1.215089207e-13,1.057074844e-13,1.868712095e-13,3.337373274e-13,1.680132049e-13,4.589471255e-13,3.569344714e-13,1.680201781e-13,1.89358105e-13,3.233013232e-13,1.140182222e-13,1.37941051e-13,4.831322429e-14,7.146556464e-14,5.399441491e-14,8.363722168e-14,1.903400948e-13,2.363269621e-13,2.274877285e-13,2.436244309e-14,2.557405163e-13,7.313490054e-14
87.3359375,5.480821775e-13,4.313074096e-13,5.149054636e-14,1.722842816e-13,1.637610285e-13,2.326310042e-13,3.708416631e-14,4.567505342e-14,1.26147149e-13,1.618501171e-13,1.211515007e-13,1.062762304e-13,1.906670713e-13,3.343453319e-13,1.697278621e-13,4.6240554e-13,3.606035832e-13,1.712351089e-13,1.907169561e-13,3.265140014e-13,1.13898187e-13,1.380194848e-13,4.835707145e-14,7.173558131e-14,5.462246471e-14,8.334658399e-14,1.882688889e-13,2.370847538e-13,2.291693357e-13,2.449536944e-14,2.581568279e-13,7.260481736e-14
87.34375,5.50667188e-13,4.326199104e-13,5.27617548e-14,1.756401252e-13,1.641585059e-13,2.361477193e-13,3.796865928e-14,4.658980271e-14,1.260247122e-13,1.613966388e-13,1.209093193e-13,1.068679269e-13,1.9441401e-13,3.351429137e-13,1.714386281e-13,4.655966135e-13,3.643020327e-13,1.744257133e-13,1.921367982e-13,3.296750876e-13,1.138613621e-13,1.380869663e-13,4.839294016e-14,7.194551241e-14,5.522604381e-14,8.296225947e-14,1.861373946e-13,2.379237609e-13,2.309273802e-13,2.464406052e-14,2.604271691e-13,7.203179514e-14
87.3515625,5.531648538e-13,4.345301779e-13,5.412960077e-14,1.792569825e-13,1.645430746e-13,2.397097496e-13,3.886007839e-14,4.759638522e-14,1.259335103e-13,1.609193927e-13,1.207987964e-13,1.074954333e-13,1.982462867e-13,3.360708965e-13,1.732018367e-13,4.687583705e-13,3.678073979e-13,1.775337217e-13,1.935949457e-13,3.326842528e-13,1.139462272e-13,1.38177064e-13,4.842686608e-14,7.219280691e-14,5.579018455e-14,8.251200445e-14,1.839968029e-13,2.390389409e-13,2.328896577e-13,2.482918871e-14,2.626650597e-13,7.142017429e-14
87.359375,5.554102459e-13,4.364310996e-13,5.560566813e-14,1.831752575e-13,1.648885852e-13,2.432771535e-13,3.975215627e-14,4.867123458e-14,1.258589074e-13,1.604070592e-13,1.206692487e-13,1.081267837e-13,2.021948959e-13,3.370106457e-13,1.752128642e-13,4.72289344e-13,3.712297766e-13,1.806581722e-13,1.949933118e-13,3.358980516e-13,1.140240215e-13,1.382571708e-13,4.845592887e-14,7.25336805e-14,5.634676002e-14,8.208339232e-14,1.819961749e-13,2.401815378e-13,2.351423575e-13,2.503814256e-14,2.649387894e-13,7.079697559e-14
87.3671875,5.572746099e-13,4.377500867e-13,5.714579475e-14,1.871348251e-13,1.651278201e-13,2.468077322e-13,4.066011396e-14,4.977350628e-14,1.25646845e-13,1.598440607e-13,1.204735054e-13,1.086781319e-13,2.060894983e-13,3.376966812e-13,1.77466832e-13,4.759789045e-13,3.746607917e-13,1.838464789e-13,1.962703806e-13,3.394139476e-13,1.139940936e-13,1.382153476e-13,4.847780218e-14,7.286070206e-14,5.692373344e-14,8.168130402e-14,1.800723537e-13,2.410563439e-13,2.374765431e-13,2.522599196e-14,2.670420817e-13,7.016643543e-14
87.375,5.588984822e-13,4.386802263e-13,5.867761392e-14,1.908944058e-13,1.652804315e-13,2.502729868e-13,4.162047011e-14,5.090034178e-14,1.253186526e-13,1.592612217e-13,1.202165306e-13,1.091476676e-13,2.099283089e-13,3.381552342e-13,1.797655518e-13,4.794932621e-13,3.779988338e-13,1.870688587e-13,1.974443761e-13,3.429325307e-13,1.139116572e-13,1.380735553e-13,4.84965568e-14,7.317035306e-14,5.75161914e-14,8.122171595e-14,1.780765661e-13,2.416772549e-13,2.397299789e-13,2.538006008e-14,2.689613724e-13,6.952530484e-14
87.3828125,5.606297337e-13,4.397179103e-13,6.02350799e-14,1.945679583e-13,1.656392579e-13,2.537968988e-13,4.261930073e-14,5.210259221e-14,1.25055299e-13,1.58693669e-13,1.199608635e-13,1.096340894e-13,2.13807268e-13,3.387566579e-13,1.820523536e-13,4.829670596e-13,3.812571027e-13,1.903327552e-13,1.985920327e-13,3.464013925e-13,1.138760884e-13,1.379665756e-13,4.852054317e-14,7.355328907e-14,5.809790964e-14,8.068795264e-14,1.759707102e-13,2.422906067e-13,2.421001659e-13,2.554379857e-14,2.709213632e-13,6.887515689e-14
87.390625,5.623222221e-13,4.41020695e-13,6.192888025e-14,1.983995555e-13,1.662679193e-13,2.574557123e-13,4.36046971e-14,5.337602916e-14,1.248756478e-13,1.581205931e-13,1.198687745e-13,1.102151377e-13,2.177277762e-13,3.39597573e-13,1.843901066e-13,4.864450202e-13,3.843734258e-13,1.936150681e-13,1.997781925e-13,3.498991189e-13,1.13869085e-13,1.379157757e-13,4.855307861e-14,7.397669271e-14,5.865424642e-14,8.012916734e-14,1.737754523e-13,2.430310739e-13,2.447650207e-13,2.574562314e-14,2.730143872e-13,6.820848385e-14
87.3984375,5.637590433e-13,4.424118064e-13,6.374810472e-14,2.025529939e-13,1.668780846e-13,2.611693488e-13,4.457277885e-14,5.46510406e-14,1.246747637e-13,1.57526448e-13,1.19903495e-13,1.108513366e-13,2.217498074e-13,3.404817127e-13,1.86797327e-13,4.897820789e-13,3.872985438e-13,1.968974454e-13,2.009825198e-13,3.533325099e-13,1.138369135e-13,1.37845545e-13,4.858464547e-14,7.438377009e-14,5.920632757e-14,7.954985204e-14,1.716146924e-13,2.43853845e-13,2.476008217e-13,2.595882506e-14,2.751429615e-13,6.753389656e-14
87.40625,5.652234796e-13,4.437264827e-13,6.557923414e-14,2.069516258e-13,1.673515905e-13,2.64851636e-13,4.555536543e-14,5.593997518e-14,1.244078243e-13,1.569533012e-13,1.198377713e-13,1.114218294e-13,2.258500094e-13,3.412875852e-13,1.893052567e-13,4.931406042e-13,3.903032139e-13,2.00264059e-13,2.021235471e-13,3.567366876e-13,1.138112362e-13,1.377048816e-13,4.860674282e-14,7.477967466e-14,5.977309602e-14,7.895259861e-14,1.696406857e-13,2.447177146e-13,2.504852785e-13,2.615693218e-14,2.771300484e-13,6.687662197e-14
87.4140625,5.666013823e-13,4.447990231e-13,6.736110622e-14,2.112599787e-13,1.677881525e-13,2.683388521e-13,4.654896904e-14,5.729776745e-14,1.24092804e-13,1.563847552e-13,1.196198567e-13,1.11876132e-13,2.298329373e-13,3.41906362e-13,1.919063748e-13,4.966191768e-13,3.932982171e-13,2.037315356e-13,2.031288455e-13,3.602693425e-13,1.137885871e-13,1.374793738e-13,4.862367107e-14,7.517669264e-14,6.033819366e-14,7.838093532e-14,1.677828899e-13,2.454872859e-13,2.534295175e-13,2.635251468e-14,2.788812645e-13,6.623643902e-14
87.421875,5.674771972e-13,4.45442822e-13,6.911702342e-14,2.153898903e-13,1.682398411e-13,2.715397855e-13,4.753103241e-14,5.868389868e-14,1.237669946e-13,1.557481435e-13,1.193169151e-13,1.122700452e-13,2.337049131e-13,3.422997923e-13,1.945200307e-13,4.999812226e-13,3.957785327e-13,2.072120591e-13,2.039782716e-13,3.638951187e-13,1.137020862e-13,1.371935794e-13,4.863968591e-14,7.561804959e-14,6.089230807e-14,7.783811098e-14,1.659149657e-13,2.459910857e-13,2.563980342e-13,2.655321483e-14,2.804844697e-13,6.55972872e-14
87.4296875,5.681505493e-13,4.458888094e-13,7.096037298e-14,2.196450806e-13,1.687192364e-13,2.747581859e-13,4.851321932e-14,6.007388254e-14,1.234335491e-13,1.550832308e-13,1.190093296e-13,1.126700403e-13,2.375953008e-13,3.426740893e-13,1.971998623e-13,5.03265726e-13,3.979507285e-13,2.107101677e-13,2.047351771e-13,3.675502665e-13,1.135923329e-13,1.368879594e-13,4.865625173e-14,7.610905462e-14,6.144287448e-14,7.728637954e-14,1.641416132e-13,2.464140141e-13,2.594492456e-13,2.674534368e-14,2.820369807e-13,6.49542143e-14
87.4375,5.68881255e-13,4.466047583e-13,7.301827996e-14,2.24204112e-13,1.692528469e-13,2.782709788e-13,4.952593165e-14,6.153638172e-14,1.230804348e-13,1.544575128e-13,1.188685697e-13,1.131363266e-13,2.414607793e-13,3.432240563e-13,2.000792486e-13,5.067493723e-13,4.004395756e-13,2.142862026e-13,2.054841974e-13,3.713340995e-13,1.135466377e-13,1.365731705e-13,4.867980934e-14,7.65880368e-14,6.19849446e-14,7.671376591e-14,1.625448435e-13,2.470509715e-13,2.628100319e-13,2.693933774e-14,2.835554759e-13,6.430761752e-14
87.4453125,5.694590285e-13,4.474263587e-13,7.524017793e-14,2.289096157e-13,1.699249305e-13,2.818957373e-13,5.057095162e-14,6.305280073e-14,1.22740202e-13,1.538132556e-13,1.188757748e-13,1.136710028e-13,2.453268524e-13,3.439406182e-13,2.030758145e-13,5.102956486e-13,4.031610167e-13,2.179633257e-13,2.062223163e-13,3.752526081e-13,1.135314949e-13,1.362375759e-13,4.870667491e-14,7.705908062e-14,6.253240261e-14,7.611610405e-14,1.609641017e-13,2.47784758e-13,2.664672384e-13,2.714881953e-14,2.850412531e-13,6.367005948e-14
87.453125,5.701465476e-13,4.478771594e-13,7.742820248e-14,2.334687471e-13,1.707896144e-13,2.85400192e-13,5.161812763e-14,6.452258648e-14,1.223985094e-13,1.531100237e-13,1.18777277e-13,1.141526526e-13,2.49257524e-13,3.446951048e-13,2.059936192e-13,5.135906471e-13,4.057209074e-13,2.217353796e-13,2.069001962e-13,3.791325116e-13,1.134836386e-13,1.358566966e-13,4.872687891e-14,7.753170855e-14,6.310209296e-14,7.548679804e-14,1.593043299e-13,2.483891404e-13,2.701267368e-13,2.734849132e-14,2.863994025e-13,6.305702963e-14
87.4609375,5.710587034e-13,4.480941471e-13,7.951424118e-14,2.378499928e-13,1.716866557e-13,2.887915026e-13,5.264532887e-14,6.597986478e-14,1.219931913e-13,1.523614776e-13,1.185543648e-13,1.145272783e-13,2.530933147e-13,3.453161762e-13,2.088283735e-13,5.166922191e-13,4.080415125e-13,2.254979227e-13,2.074922726e-13,3.829407425e-13,1.133930772e-13,1.354130571e-13,4.875728757e-14,7.796060125e-14,6.364840863e-14,7.484437981e-14,1.576767829e-13,2.488906536e-13,2.737026344e-13,2.752953924e-14,2.875406389e-13,6.244901029e-14
87.46875,5.714562526e-13,4.483229505e-13,8.1651958e-14,2.423833704e-13,1.724928902e-13,2.92115703e-13,5.366286474e-14,6.752096826e-14,1.215692436e-13,1.51507588e-13,1.183443137e-13,1.149195362e-13,2.567896032e-13,3.458065805e-13,2.117206529e-13,5.197904408e-13,4.10088013e-13,2.291876193e-13,2.079581552e-13,3.868233287e-13,1.132455228e-13,1.349243002e-13,4.881745356e-14,7.841718585e-14,6.414653763e-14,7.419782568e-14,1.561404801e-13,2.492951313e-13,2.774331437e-13,2.771656674e-14,2.886512777e-13,6.180927246e-14
87.4765625,5.711200165e-13,4.483340886e-13,8.396536789e-14,2.470570037e-13,1.733509146e-13,2.953584575e-13,5.4688028e-14,6.909986009e-14,1.21191154e-13,1.505520247e-13,1.180962702e-13,1.15375697e-13,2.604816182e-13,3.463424646e-13,2.146948498e-13,5.228319887e-13,4.118454665e-13,2.329119627e-13,2.08279356e-13,3.907594614e-13,1.130633523e-13,1.344030666e-13,4.888370444e-14,7.899996996e-14,6.465707648e-14,7.352219188e-14,1.546492272e-13,2.495347624e-13,2.815088683e-13,2.79022188e-14,2.899046404e-13,6.114692761e-14
87.484375,5.707188673e-13,4.480440652e-13,8.63549917e-14,2.514943468e-13,1.743319675e-13,2.984718357e-13,5.572011371e-14,7.063476e-14,1.208050087e-13,1.496175544e-13,1.178080587e-13,1.157787242e-13,2.64035561e-13,3.468845305e-13,2.175767992e-13,5.25602598e-13,4.134056989e-13,2.366130655e-13,2.085152889e-13,3.945869018e-13,1.129220181e-13,1.33844488e-13,4.892928109e-14,7.962338683e-14,6.518055909e-14,7.280802123e-14,1.531464016e-13,2.497106646e-13,2.857679704e-13,2.806957609e-14,2.910279109e-13,6.051672369e-14
87.4921875,5.705191142e-13,4.476343575e-13,8.870050733e-14,2.558590595e-13,1.753476642e-13,3.014935191e-13,5.675026141e-14,7.217081357e-14,1.203845362e-13,1.487084194e-13,1.175991361e-13,1.1608928e-13,2.672853449e-13,3.472635919e-13,2.202175969e-13,5.279797913e-13,4.1474262e-13,2.400655625e-13,2.086961219e-13,3.983525551e-13,1.128491118e-13,1.332708479e-13,4.897289054e-14,8.021685229e-14,6.563482769e-14,7.208367903e-14,1.515479487e-13,2.499657139e-13,2.899167761e-13,2.823956079e-14,2.917343574e-13,5.993937189e-14
87.5,5.702266315e-13,4.471348968e-13,9.104889283e-14,2.604962189e-13,1.763994608e-13,3.045416446e-13,5.776618085e-14,7.377443318e-14,1.19990015e-13,1.477478331e-13,1.174204118e-13,1.163771866e-13,2.704178884e-13,3.475571122e-13,2.227456731e-13,5.301880399e-13,4.15842718e-13,2.433665646e-13,2.087729153e-13,4.02262259e-13,1.128236917e-13,1.326976556e-13,4.903866369e-14,8.086182232e-14,6.602736045e-14,7.137762004e-14,1.499032494e-13,2.502814202e-13,2.940690839e-13,2.842201481e-14,2.922392324e-13,5.937346341e-14
87.5078125,5.696558741e-13,4.465540796e-13,9.342944974e-14,2.651994074e-13,1.77495593e-13,3.07538311e-13,5.876441812e-14,7.54263838e-14,1.196274177e-13,1.467483274e-13,1.171757559e-13,1.166467456e-13,2.735815789e-13,3.47890631e-13,2.253948364e-13,5.326424466e-13,4.16877203e-13,2.467426313e-13,2.087270106e-13,4.064076391e-13,1.12816481e-13,1.320998808e-13,4.911167932e-14,8.157603179e-14,6.642502584e-14,7.068694548e-14,1.484251692e-13,2.505465452e-13,2.985341772e-13,2.859824895e-14,2.927543645e-13,5.880199326e-14
87.515625,5.689336961e-13,4.457724999e-13,9.579031705e-14,2.698083125e-13,1.786219839e-13,3.103400813e-13,5.976987122e-14,7.7099961e-14,1.192531653e-13,1.456748621e-13,1.169056217e-13,1.168434104e-13,2.766455473e-13,3.482102059e-13,2.281583429e-13,5.353452603e-13,4.17956613e-13,2.501076077e-13,2.085951961e-13,4.107072626e-13,1.127697205e-13,1.314622838e-13,4.916608263e-14,8.230072913e-14,6.681891292e-14,6.999527043e-14,1.470938443e-13,2.506711866e-13,3.031667855e-13,2.876383934e-14,2.930835169e-13,5.825601803e-14
87.5234375,5.682548835e-13,4.446095382e-13,9.818449847e-14,2.744321083e-13,1.798418658e-13,3.130424571e-13,6.078693155e-14,7.879568516e-14,1.18851819e-13,1.444460557e-13,1.166310965e-13,1.169818742e-13,2.795166024e-13,3.484630597e-13,2.309273568e-13,5.379851102e-13,4.190542721e-13,2.534245305e-13,2.083945835e-13,4.149204115e-13,1.126507921e-13,1.307817648e-13,4.921512746e-14,8.303918902e-14,6.719522849e-14,6.93128778e-14,1.457318543e-13,2.506881984e-13,3.07745122e-13,2.892397911e-14,2.9319994e-13,5.771620763e-14
87.53125,5.673957934e-13,4.434466086e-13,1.007008462e-13,2.790612191e-13,1.811150014e-13,3.156799223e-13,6.177236679e-14,8.048742622e-14,1.184293875e-13,1.43139686e-13,1.163361393e-13,1.171485197e-13,2.822692676e-13,3.486575165e-13,2.337760447e-13,5.405759099e-13,4.201090828e-13,2.568990667e-13,2.081078298e-13,4.188729348e-13,1.1249275e-13,1.300457992e-13,4.929205848e-14,8.379604263e-14,6.758819677e-14,6.865611134e-14,1.444834964e-13,2.507260051e-13,3.125311372e-13,2.907651391e-14,2.933980965e-13,5.713079306e-14
87.5390625,5.659990062e-13,4.425818827e-13,1.033068707e-13,2.838016351e-13,1.823551837e-13,3.181366836e-13,6.272625117e-14,8.215605486e-14,1.180237515e-13,1.418575677e-13,1.160420655e-13,1.173821569e-13,2.84991225e-13,3.488334599e-13,2.367411636e-13,5.431864529e-13,4.209702047e-13,2.604800923e-13,2.077251587e-13,4.22772554e-13,1.123250613e-13,1.292702792e-13,4.938300291e-14,8.457544967e-14,6.798744777e-14,6.800605866e-14,1.434908979e-13,2.507870573e-13,3.176812512e-13,2.922320516e-14,2.936794714e-13,5.652804422e-14
87.546875,5.643177391e-13,4.414131047e-13,1.059498586e-13,2.886938161e-13,1.836903539e-13,3.204849387e-13,6.369676588e-14,8.382597148e-14,1.176717608e-13,1.405324809e-13,1.15742068e-13,1.176302417e-13,2.876369091e-13,3.490839403e-13,2.396378338e-13,5.455698564e-13,4.215408944e-13,2.639084842e-13,2.072620805e-13,4.268607692e-13,1.121598518e-13,1.284819897e-13,4.945775671e-14,8.54246563e-14,6.835191385e-14,6.735797734e-14,1.425021529e-13,2.507423365e-13,3.228868736e-13,2.937318866e-14,2.938273643e-13,5.596082901e-14
87.5546875,5.627261635e-13,4.396092574e-13,1.086404149e-13,2.933261331e-13,1.85226774e-13,3.227452605e-13,6.467013092e-14,8.549072199e-14,1.1732723e-13,1.390923843e-13,1.154274542e-13,1.178490513e-13,2.900617407e-13,3.494256228e-13,2.423833239e-13,5.477220935e-13,4.219810335e-13,2.672588037e-13,2.067151054e-13,4.309411793e-13,1.120043858e-13,1.276624638e-13,4.954754289e-14,8.630594939e-14,6.869528291e-14,6.675524909e-14,1.414345797e-13,2.505228407e-13,3.28047747e-13,2.95342244e-14,2.938935324e-13,5.540759521e-14
87.5625,5.610717103e-13,4.376921764e-13,1.113967022e-13,2.975144666e-13,1.86832212e-13,3.24733202e-13,6.560912718e-14,8.711046456e-14,1.169433396e-13,1.375710596e-13,1.151223694e-13,1.180578967e-13,2.922489363e-13,3.497650688e-13,2.450973026e-13,5.498612165e-13,4.224037551e-13,2.707755558e-13,2.060485002e-13,4.34817476e-13,1.118193826e-13,1.268014086e-13,4.968503824e-14,8.713048093e-14,6.904906535e-14,6.620723875e-14,1.405533568e-13,2.501284587e-13,3.334649785e-13,2.969197134e-14,2.939980692e-13,5.484163162e-14
87.5703125,5.591727442e-13,4.358648299e-13,1.142153344e-13,3.017177914e-13,1.884015421e-13,3.265371109e-13,6.653738882e-14,8.870122749e-14,1.165850552e-13,1.359886175e-13,1.148343626e-13,1.182807531e-13,2.943192412e-13,3.500384903e-13,2.478012681e-13,5.518228327e-13,4.226399511e-13,2.744104941e-13,2.052724551e-13,4.386800576e-13,1.115791701e-13,1.259479107e-13,4.984353636e-14,8.793623443e-14,6.940080583e-14,6.566270404e-14,1.398644328e-13,2.496603599e-13,3.392282188e-13,2.981417093e-14,2.940768453e-13,5.429089812e-14
87.578125,5.570581969e-13,4.339416763e-13,1.170906032e-13,3.06313481e-13,1.899727351e-13,3.283832665e-13,6.746257207e-14,9.029645703e-14,1.163027354e-13,1.34343055e-13,1.145938752e-13,1.185214162e-13,2.963102996e-13,3.502154681e-13,2.504292471e-13,5.534892571e-13,4.226410714e-13,2.779954485e-13,2.044369069e-13,4.426291373e-13,1.113492039e-13,1.251200473e-13,5.000906716e-14,8.879316472e-14,6.97251096e-14,6.509935507e-14,1.391868668e-13,2.493160061e-13,3.451013204e-13,2.990188972e-14,2.940749269e-13,5.377246195e-14
87.5859375,5.54716944e-13,4.319610313e-13,1.200235197e-13,3.110098062e-13,1.915619536e-13,3.301163435e-13,6.834522714e-14,9.187703532e-14,1.16029659e-13,1.32689035e-13,1.144105768e-13,1.187692592e-13,2.981725962e-13,3.502494773e-13,2.529764095e-13,5.551207636e-13,4.225905556e-13,2.815190115e-13,2.035257865e-13,4.465124852e-13,1.111831209e-13,1.242497196e-13,5.018087178e-14,8.969889571e-14,7.002598606e-14,6.454163214e-14,1.3856695e-13,2.490500879e-13,3.510024998e-13,2.9989349e-14,2.940145289e-13,5.325937955e-14
87.59375,5.521596874e-13,4.298206069e-13,1.229499909e-13,3.152675872e-13,1.931324284e-13,3.31477772e-13,6.917952339e-14,9.343287383e-14,1.157186298e-13,1.31081601e-13,1.14171343e-13,1.189800649e-13,2.998482815e-13,3.500827452e-13,2.553715639e-13,5.566836433e-13,4.223967555e-13,2.849448705e-13,2.02470922e-13,4.503206413e-13,1.110435868e-13,1.232804521e-13,5.031874557e-14,9.066110726e-14,7.030886058e-14,6.399778532e-14,1.380400373e-13,2.485920923e-13,3.570123905e-13,3.008822189e-14,2.938643854e-13,5.272790186e-14
87.6015625,5.493075739e-13,4.273713328e-13,1.257588748e-13,3.191851969e-13,1.946622735e-13,3.324867936e-13,6.998960802e-14,9.497407215e-14,1.153855804e-13,1.294922157e-13,1.1380699e-13,1.191090526e-13,3.012746086e-13,3.496652125e-13,2.575113371e-13,5.578803842e-13,4.217571915e-13,2.881496475e-13,2.012324052e-13,4.540735085e-13,1.108982164e-13,1.22223388e-13,5.04171449e-14,9.166044717e-14,7.054666398e-14,6.34551762e-14,1.375049821e-13,2.479350622e-13,3.630267555e-13,3.019180365e-14,2.935106606e-13,5.218639669e-14
87.609375,5.460387686e-13,4.248356268e-13,1.284898891e-13,3.232425678e-13,1.96159203e-13,3.332720816e-13,7.078875324e-14,9.648127591e-14,1.150206868e-13,1.27851531e-13,1.134073631e-13,1.191774665e-13,3.024892053e-13,3.490444253e-13,2.594484322e-13,5.587462966e-13,4.207068253e-13,2.911713745e-13,1.998222095e-13,4.576806875e-13,1.107696165e-13,1.211085525e-13,5.052602963e-14,9.265482498e-14,7.07276167e-14,6.290934701e-14,1.369668304e-13,2.472222561e-13,3.689973426e-13,3.029570628e-14,2.929258716e-13,5.165294259e-14
87.6171875,5.425824022e-13,4.222671693e-13,1.312837985e-13,3.273178388e-13,1.976639117e-13,3.339205166e-13,7.157570337e-14,9.797018175e-14,1.146502196e-13,1.261232621e-13,1.130265434e-13,1.192512383e-13,3.035976533e-13,3.483385372e-13,2.612699287e-13,5.594316372e-13,4.194811046e-13,2.941713421e-13,1.983334463e-13,4.613038506e-13,1.106633322e-13,1.199764197e-13,5.065892255e-14,9.368788415e-14,7.08916897e-14,6.235954176e-14,1.364712572e-13,2.463848903e-13,3.751522131e-13,3.037890337e-14,2.92302235e-13,5.112984546e-14
87.625,5.391388224e-13,4.194355415e-13,1.341576845e-13,3.31161864e-13,1.992638098e-13,3.344374349e-13,7.232935763e-14,9.948309434e-14,1.14343008e-13,1.243078242e-13,1.126494408e-13,1.193578422e-13,3.045979655e-13,3.47593088e-13,2.629836183e-13,5.599564431e-13,4.181384305e-13,2.971964919e-13,1.968814112e-13,4.651308328e-13,1.105435245e-13,1.188664205e-13,5.080079174e-14,9.476628993e-14,7.10651877e-14,6.18010222e-14,1.360262274e-13,2.454292555e-13,3.815382655e-13,3.042821495e-14,2.917847241e-13,5.060989426e-14
87.6328125,5.355186612e-13,4.164585391e-13,1.371157611e-13,3.350544005e-13,2.010383569e-13,3.347606176e-13,7.305335224e-14,1.009659976e-13,1.140770934e-13,1.22434231e-13,1.123165125e-13,1.194886462e-13,3.054838748e-13,3.468520067e-13,2.646590445e-13,5.604426414e-13,4.16695777e-13,3.002345113e-13,1.954535083e-13,4.688660898e-13,1.103973057e-13,1.177677903e-13,5.094246486e-14,9.583739752e-14,7.123202495e-14,6.123808452e-14,1.357220423e-13,2.44538803e-13,3.880553289e-13,3.046609506e-14,2.913031595e-13,5.009065885e-14
87.640625,5.316817508e-13,4.135626528e-13,1.402427132e-13,3.390295348e-13,2.029355356e-13,3.349311424e-13,7.379312499e-14,1.023726464e-13,1.138062021e-13,1.205478601e-13,1.120304768e-13,1.196596234e-13,3.063174356e-13,3.46189257e-13,2.66418313e-13,5.610577797e-13,4.152401538e-13,3.033014465e-13,1.939446566e-13,4.722919169e-13,1.102604574e-13,1.166546226e-13,5.106041392e-14,9.69697251e-14,7.139136416e-14,6.069277951e-14,1.356232695e-13,2.436915563e-13,3.948611076e-13,3.049979093e-14,2.908365186e-13,4.9575314e-14
87.6484375,5.277094218e-13,4.105946159e-13,1.435136364e-13,3.427835419e-13,2.048105071e-13,3.350194067e-13,7.454653682e-14,1.037806902e-13,1.135450239e-13,1.186708231e-13,1.117369786e-13,1.198674267e-13,3.070374923e-13,3.455252163e-13,2.682306517e-13,5.617470105e-13,4.137821694e-13,3.063330081e-13,1.923220247e-13,4.757146732e-13,1.101547891e-13,1.155230257e-13,5.115924757e-14,9.817940693e-14,7.155525488e-14,6.018001483e-14,1.356599334e-13,2.427440525e-13,4.019627247e-13,3.050713996e-14,2.903511524e-13,4.906431013e-14
87.65625,5.23472286e-13,4.074460993e-13,1.468206833e-13,3.463516764e-13,2.066342235e-13,3.349201116e-13,7.525517733e-14,1.0516426e-13,1.132700096e-13,1.168157556e-13,1.114737668e-13,1.200543701e-13,3.075605757e-13,3.447274673e-13,2.698571339e-13,5.621770292e-13,4.121720929e-13,3.092244396e-13,1.906335806e-13,4.791975844e-13,1.100625735e-13,1.143598177e-13,5.127300129e-14,9.932133908e-14,7.170427213e-14,5.967836906e-14,1.357506569e-13,2.417322915e-13,4.091408801e-13,3.049582242e-14,2.896809007e-13,4.85512223e-14
87.6640625,5.191257908e-13,4.043126472e-13,1.501269336e-13,3.498332375e-13,2.085294056e-13,3.345677076e-13,7.590347336e-14,1.063692481e-13,1.129757276e-13,1.14998529e-13,1.112671813e-13,1.20224917e-13,3.079667923e-13,3.438389967e-13,2.711198443e-13,5.621020846e-13,4.102444343e-13,3.120101118e-13,1.889287263e-13,4.824075013e-13,1.099742006e-13,1.131721933e-13,5.139031699e-14,1.004154318e-13,7.18142386e-14,5.916033446e-14,1.358407522e-13,2.407559052e-13,4.164842933e-13,3.049433519e-14,2.889151871e-13,4.804756268e-14
87.671875,5.149583816e-13,4.01218624e-13,1.534369307e-13,3.532683566e-13,2.105785864e-13,3.340997856e-13,7.653748057e-14,1.07474392e-13,1.127445771e-13,1.131661007e-13,1.110312848e-13,1.204597628e-13,3.082625544e-13,3.429252637e-13,2.722177007e-13,5.618305835e-13,4.081779404e-13,3.148225295e-13,1.872446131e-13,4.854376524e-13,1.098817426e-13,1.119920435e-13,5.149197264e-14,1.016006366e-13,7.189924096e-14,5.863258676e-14,1.359043988e-13,2.398144919e-13,4.240067343e-13,3.049532326e-14,2.882762736e-13,4.758127957e-14
87.6796875,5.107375994e-13,3.979707559e-13,1.568109911e-13,3.568411238e-13,2.127210842e-13,3.335966688e-13,7.719845496e-14,1.08700434e-13,1.125797965e-13,1.11242176e-13,1.107866162e-13,1.20775079e-13,3.083710826e-13,3.419737157e-13,2.734613869e-13,5.617492487e-13,4.063559449e-13,3.176858032e-13,1.856029469e-13,4.886300522e-13,1.09761267e-13,1.108097546e-13,5.160021091e-14,1.028551248e-13,7.199270846e-14,5.810977838e-14,1.360035928e-13,2.388357421e-13,4.315150586e-13,3.047361217e-14,2.876569891e-13,4.714143772e-14
87.6875,5.063210974e-13,3.946196955e-13,1.603185032e-13,3.604727033e-13,2.148708707e-13,3.330273055e-13,7.785799551e-14,1.09984632e-13,1.124180052e-13,1.092816513e-13,1.10659128e-13,1.211226017e-13,3.084204659e-13,3.410299313e-13,2.747345086e-13,5.616021907e-13,4.046678361e-13,3.204680583e-13,1.839646986e-13,4.918632878e-13,1.096325531e-13,1.096243172e-13,5.171888473e-14,1.041498009e-13,7.209712485e-14,5.75988065e-14,1.361851837e-13,2.377971382e-13,4.39289673e-13,3.043198036e-14,2.869724464e-13,4.670422858e-14
87.6953125,5.019388327e-13,3.9133512e-13,1.638729773e-13,3.6389425e-13,2.170299529e-13,3.323488356e-13,7.844423374e-14,1.111470339e-13,1.12279402e-13,1.073924414e-13,1.106000682e-13,1.214659609e-13,3.084939407e-13,3.400961335e-13,2.757066267e-13,5.610316452e-13,4.026443446e-13,3.230874479e-13,1.822213719e-13,4.948616541e-13,1.095493463e-13,1.084683524e-13,5.183594817e-14,1.054836827e-13,7.218473191e-14,5.71243759e-14,1.364020051e-13,2.36753988e-13,4.474876049e-13,3.039018935e-14,2.863527268e-13,4.629567228e-14
87.703125,4.973489585e-13,3.880345879e-13,1.673653404e-13,3.670747634e-13,2.192137789e-13,3.313522084e-13,7.89610626e-14,1.122371995e-13,1.121814157e-13,1.055440142e-13,1.104754545e-13,1.218002384e-13,3.084137766e-13,3.390712411e-13,2.763687838e-13,5.601267562e-13,4.001999161e-13,3.256643823e-13,1.803225532e-13,4.976124394e-13,1.095073204e-13,1.073077793e-13,5.196624382e-14,1.067806124e-13,7.225836283e-14,5.669793384e-14,1.366448018e-13,2.356348995e-13,4.556440887e-13,3.034814878e-14,2.857700685e-13,4.59168794e-14
87.7109375,4.921696812e-13,3.845900998e-13,1.708897834e-13,3.700529451e-13,2.213862213e-13,3.298495538e-13,7.94739433e-14,1.133322337e-13,1.121036894e-13,1.036407747e-13,1.103268714e-13,1.221906171e-13,3.081493608e-13,3.379678375e-13,2.768807159e-13,5.589274671e-13,3.974726871e-13,3.283017093e-13,1.783588132e-13,5.00164555e-13,1.094565205e-13,1.06098516e-13,5.210784116e-14,1.080977125e-13,7.234280509e-14,5.628634001e-14,1.369662342e-13,2.343052807e-13,4.638185047e-13,3.028311205e-14,2.852247682e-13,4.551586857e-14
87.71875,4.866281332e-13,3.809541152e-13,1.746032351e-13,3.728919494e-13,2.235443967e-13,3.280587417e-13,7.997961965e-14,1.143547727e-13,1.120636916e-13,1.016972333e-13,1.102417528e-13,1.226905971e-13,3.078133296e-13,3.3683112e-13,2.772493865e-13,5.573482638e-13,3.944288008e-13,3.308605573e-13,1.76381196e-13,5.025881884e-13,1.09378273e-13,1.04875074e-13,5.223435795e-14,1.095169433e-13,7.241049944e-14,5.587726692e-14,1.373740229e-13,2.32858938e-13,4.724210058e-13,3.018686641e-14,2.848305217e-13,4.510333649e-14
87.7265625,4.809231341e-13,3.769822121e-13,1.784981397e-13,3.755410665e-13,2.257307743e-13,3.261710899e-13,8.044320002e-14,1.152650692e-13,1.12041545e-13,9.97888522e-14,1.101818879e-13,1.232170919e-13,3.072740741e-13,3.355379456e-13,2.773922313e-13,5.555056727e-13,3.910834908e-13,3.331875753e-13,1.742955617e-13,5.049773675e-13,1.092968915e-13,1.036411314e-13,5.234624368e-14,1.1088434e-13,7.242285745e-14,5.550148438e-14,1.378608362e-13,2.313796693e-13,4.810624232e-13,3.007969148e-14,2.844127958e-13,4.472620356e-14
87.734375,4.74958678e-13,3.726478149e-13,1.824395925e-13,3.776546047e-13,2.279530319e-13,3.239345527e-13,8.088404842e-14,1.161202141e-13,1.120020126e-13,9.7910727e-14,1.101233052e-13,1.236882099e-13,3.064173324e-13,3.340138141e-13,2.772046882e-13,5.534192872e-13,3.875001443e-13,3.353264901e-13,1.720786035e-13,5.072421241e-13,1.092407636e-13,1.023663512e-13,5.24587384e-14,1.121609159e-13,7.241010233e-14,5.515515554e-14,1.384204221e-13,2.297414437e-13,4.894331537e-13,2.997361395e-14,2.83808752e-13,4.436452055e-14
87.7421875,4.688482075e-13,3.681185789e-13,1.863617972e-13,3.792853452e-13,2.301892759e-13,3.212752619e-13,8.131370616e-14,1.169627168e-13,1.119956882e-13,9.601091387e-14,1.101205926e-13,1.24147187e-13,3.054028328e-13,3.323523253e-13,2.766795708e-13,5.509857402e-13,3.836489148e-13,3.373419986e-13,1.698467635e-13,5.092849074e-13,1.091926323e-13,1.010875726e-13,5.257091967e-14,1.135362281e-13,7.240702004e-14,5.480634962e-14,1.389887849e-13,2.279720767e-13,4.979338706e-13,2.986156448e-14,2.832108458e-13,4.399951215e-14
87.75,4.627010388e-13,3.635017011e-13,1.903285911e-13,3.809550742e-13,2.324514876e-13,3.185524987e-13,8.171035853e-14,1.177952366e-13,1.12051046e-13,9.410644658e-14,1.101707159e-13,1.246565835e-13,3.04367788e-13,3.30655352e-13,2.760402486e-13,5.483998907e-13,3.796457628e-13,3.392969511e-13,1.67659101e-13,5.112277707e-13,1.091127136e-13,9.983637452e-14,5.268099985e-14,1.14993329e-13,7.240093589e-14,5.447402346e-14,1.395733147e-13,2.262436336e-13,5.066517525e-13,2.974197898e-14,2.827632267e-13,4.365584042e-14
87.7578125,4.565225626e-13,3.590553296e-13,1.943706949e-13,3.827553597e-13,2.34802216e-13,3.158679734e-13,8.206899328e-14,1.185891631e-13,1.121383344e-13,9.224282324e-14,1.102355073e-13,1.252573746e-13,3.03359474e-13,3.290432143e-13,2.754536808e-13,5.459120961e-13,3.756853018e-13,3.413596105e-13,1.655009727e-13,5.131248739e-13,1.090258187e-13,9.860455318e-14,5.280276392e-14,1.163909405e-13,7.239515195e-14,5.420042172e-14,1.403246471e-13,2.245830835e-13,5.154734754e-13,2.96148338e-14,2.824774754e-13,4.33342735e-14
87.765625,4.504414734e-13,3.550377911e-13,1.984375573e-13,3.845155785e-13,2.372713439e-13,3.129973459e-13,8.239266635e-14,1.193210131e-13,1.122682134e-13,9.039440193e-14,1.103608463e-13,1.259545848e-13,3.023861095e-13,3.275654353e-13,2.748082864e-13,5.434179139e-13,3.716815342e-13,3.435154386e-13,1.6337057e-13,5.148127823e-13,1.089872088e-13,9.741018601e-14,5.294232609e-14,1.177635281e-13,7.240269453e-14,5.398002646e-14,1.412718198e-13,2.229812655e-13,5.246126284e-13,2.947732115e-14,2.823562216e-13,4.302250479e-14
87.7734375,4.443470907e-13,3.510930915e-13,2.02550932e-13,3.862066151e-13,2.398203537e-13,3.099014769e-13,8.268658417e-14,1.199912185e-13,1.124393409e-13,8.851918043e-14,1.105868553e-13,1.266843292e-13,3.013285489e-13,3.260734688e-13,2.739946202e-13,5.40707771e-13,3.67403409e-13,3.455056724e-13,1.612338818e-13,5.161759587e-13,1.089831229e-13,9.624848435e-14,5.306174704e-14,1.191662844e-13,7.239337026e-14,5.377301737e-14,1.422663299e-13,2.213883276e-13,5.339812061e-13,2.933524653e-14,2.822610113e-13,4.271843382e-14
87.78125,4.379908542e-13,3.468658285e-13,2.067707894e-13,3.876625241e-13,2.42413466e-13,3.066484769e-13,8.296046615e-14,1.205841877e-13,1.12615367e-13,8.66317112e-14,1.108640674e-13,1.274340758e-13,3.001559242e-13,3.245071087e-13,2.730427249e-13,5.378079592e-13,3.628429085e-13,3.472981624e-13,1.590468652e-13,5.172722965e-13,1.089701878e-13,9.508380953e-14,5.3122784e-14,1.205908105e-13,7.234671125e-14,5.354678404e-14,1.432920704e-13,2.196746482e-13,5.43294202e-13,2.918953713e-14,2.821607276e-13,4.241222713e-14
87.7890625,4.314379636e-13,3.426606851e-13,2.110564035e-13,3.888877153e-13,2.449378161e-13,3.032037424e-13,8.320082385e-14,1.211235978e-13,1.128068737e-13,8.475851433e-14,1.112030156e-13,1.282456067e-13,2.989432606e-13,3.229429323e-13,2.719469882e-13,5.348786892e-13,3.581848851e-13,3.49004039e-13,1.568101601e-13,5.182557727e-13,1.089627382e-13,9.392521166e-14,5.316175088e-14,1.220161574e-13,7.228750253e-14,5.330448689e-14,1.444532907e-13,2.178694833e-13,5.526383428e-13,2.903777894e-14,2.822002216e-13,4.210913669e-14
87.796875,4.246000853e-13,3.385426052e-13,2.153776926e-13,3.900783571e-13,2.472555059e-13,2.995292474e-13,8.340642637e-14,1.216855077e-13,1.130345613e-13,8.291550705e-14,1.117118106e-13,1.290847231e-13,2.975572896e-13,3.212736466e-13,2.706636232e-13,5.319296377e-13,3.534940631e-13,3.505044176e-13,1.545047162e-13,5.192240847e-13,1.090132711e-13,9.277971973e-14,5.322581998e-14,1.233810135e-13,7.223107161e-14,5.308709156e-14,1.457234128e-13,2.160129311e-13,5.620678163e-13,2.88901388e-14,2.822925739e-13,4.181904722e-14
87.8046875,4.172772912e-13,3.342064603e-13,2.198223307e-13,3.909598104e-13,2.495512135e-13,2.955956785e-13,8.36160367e-14,1.222452492e-13,1.132831994e-13,8.112756635e-14,1.12383668e-13,1.299415534e-13,2.959370402e-13,3.194205532e-13,2.692090514e-13,5.288444017e-13,3.486609177e-13,3.518582094e-13,1.521173922e-13,5.200436293e-13,1.091122671e-13,9.161810543e-14,5.328926453e-14,1.247099441e-13,7.217864028e-14,5.290818377e-14,1.470404925e-13,2.140019782e-13,5.71526925e-13,2.874131374e-14,2.823433284e-13,4.153591538e-14
87.8125,4.098719289e-13,3.299090632e-13,2.244371646e-13,3.91329111e-13,2.521001286e-13,2.914723246e-13,8.382915109e-14,1.227015722e-13,1.135338107e-13,7.940461469e-14,1.130667587e-13,1.308736903e-13,2.943588013e-13,3.175865684e-13,2.676310707e-13,5.25592618e-13,3.436529468e-13,3.533889443e-13,1.497314367e-13,5.205125023e-13,1.091566976e-13,9.04477748e-14,5.33297888e-14,1.260883204e-13,7.213678798e-14,5.272725003e-14,1.484261794e-13,2.11940176e-13,5.81154012e-13,2.856992871e-14,2.825352015e-13,4.127359313e-14
87.8203125,4.027695667e-13,3.258685571e-13,2.291314567e-13,3.916562914e-13,2.547883256e-13,2.873687824e-13,8.399650525e-14,1.230579537e-13,1.137922774e-13,7.772813959e-14,1.137101628e-13,1.318665085e-13,2.929323537e-13,3.159090122e-13,2.659204953e-13,5.221102648e-13,3.385155082e-13,3.549745566e-13,1.474449483e-13,5.20679453e-13,1.091248601e-13,8.931881078e-14,5.337446438e-14,1.274591699e-13,7.208811809e-14,5.252708738e-14,1.498607453e-13,2.10016962e-13,5.909632648e-13,2.838816267e-14,2.829200276e-13,4.103937905e-14
87.828125,3.957061812e-13,3.216474346e-13,2.338319272e-13,3.921311033e-13,2.574832096e-13,2.832837226e-13,8.411856536e-14,1.233858201e-13,1.141124126e-13,7.607559204e-14,1.144381573e-13,1.329081362e-13,2.914722972e-13,3.14333106e-13,2.639880567e-13,5.18277455e-13,3.33234781e-13,3.56256096e-13,1.452635321e-13,5.206589632e-13,1.091657898e-13,8.826209164e-14,5.342248822e-14,1.287692362e-13,7.201563966e-14,5.232985427e-14,1.513234425e-13,2.081414637e-13,6.0078191e-13,2.822315524e-14,2.834058773e-13,4.08047156e-14
87.8359375,3.885830742e-13,3.172323941e-13,2.385689065e-13,3.923779249e-13,2.602932458e-13,2.790134982e-13,8.423135005e-14,1.237094064e-13,1.145204779e-13,7.443961799e-14,1.153298441e-13,1.340401441e-13,2.899357218e-13,3.128270212e-13,2.618302195e-13,5.142722025e-13,3.279053266e-13,3.573530394e-13,1.431411904e-13,5.203327655e-13,1.093232937e-13,8.725782961e-14,5.345551177e-14,1.300837507e-13,7.194639734e-14,5.213684717e-14,1.528866609e-13,2.062549371e-13,6.10537897e-13,2.80636543e-14,2.840316663e-13,4.057208978e-14
87.84375,3.816229479e-13,3.13050901e-13,2.433609697e-13,3.924159227e-13,2.632011405e-13,2.746118851e-13,8.432176237e-14,1.240224966e-13,1.149529717e-13,7.282800269e-14,1.163063832e-13,1.352294852e-13,2.884053692e-13,3.114003314e-13,2.596193153e-13,5.10377541e-13,3.226906254e-13,3.58489181e-13,1.410484206e-13,5.196302797e-13,1.094325666e-13,8.627439036e-14,5.3491581e-14,1.313995633e-13,7.189981793e-14,5.194856002e-14,1.545688023e-13,2.044347098e-13,6.202568393e-13,2.788569264e-14,2.84775274e-13,4.037221368e-14
87.8515625,3.746435555e-13,3.088655241e-13,2.48212569e-13,3.925091891e-13,2.661901232e-13,2.702478329e-13,8.436926185e-14,1.24309352e-13,1.153854257e-13,7.125219629e-14,1.173033313e-13,1.364556729e-13,2.869031016e-13,3.100921775e-13,2.574322953e-13,5.064698761e-13,3.175032314e-13,3.596102205e-13,1.389729161e-13,5.187259169e-13,1.094598298e-13,8.532167878e-14,5.352841736e-14,1.326862393e-13,7.185901762e-14,5.178543558e-14,1.563006599e-13,2.025576343e-13,6.300388803e-13,2.769571225e-14,2.855889666e-13,4.019724844e-14
87.859375,3.673829097e-13,3.04407345e-13,2.53229518e-13,3.923659815e-13,2.693567647e-13,2.658153099e-13,8.438978662e-14,1.24548605e-13,1.15847107e-13,6.972974349e-14,1.183915833e-13,1.377784044e-13,2.854451725e-13,3.088898479e-13,2.551318457e-13,5.022893202e-13,3.121642924e-13,3.607260112e-13,1.369047561e-13,5.176372108e-13,1.095555042e-13,8.439571941e-14,5.352892458e-14,1.339643946e-13,7.181597443e-14,5.163218041e-14,1.580954692e-13,2.00510421e-13,6.398640368e-13,2.751082027e-14,2.865736795e-13,4.001737557e-14
87.8671875,3.600918732e-13,3.001357049e-13,2.585098226e-13,3.916836763e-13,2.72615619e-13,2.612002899e-13,8.437111901e-14,1.2473481e-13,1.163081505e-13,6.827246728e-14,1.196584225e-13,1.39192139e-13,2.840056469e-13,3.076824572e-13,2.526861452e-13,4.978959101e-13,3.067371469e-13,3.61870265e-13,1.348733226e-13,5.161877935e-13,1.097328862e-13,8.346403014e-14,5.349751377e-14,1.351924662e-13,7.1768067e-14,5.14578365e-14,1.600331427e-13,1.984335547e-13,6.495584429e-13,2.732293986e-14,2.877359399e-13,3.981658866e-14
87.875,3.530812124e-13,2.962022259e-13,2.639588516e-13,3.908151709e-13,2.759703517e-13,2.565262678e-13,8.429915775e-14,1.248764248e-13,1.167794144e-13,6.68612399e-14,1.211039528e-13,1.406655944e-13,2.825319229e-13,3.065293142e-13,2.50250794e-13,4.935146153e-13,3.013944753e-13,3.629414606e-13,1.329527299e-13,5.144937365e-13,1.098855364e-13,8.257593117e-14,5.346384694e-14,1.363673334e-13,7.171099433e-14,5.127860129e-14,1.621090313e-13,1.964360871e-13,6.592490538e-13,2.711261796e-14,2.88998539e-13,3.960812913e-14
87.8828125,3.462612267e-13,2.921699573e-13,2.693870705e-13,3.900169067e-13,2.795555597e-13,2.519014898e-13,8.423467211e-14,1.249834265e-13,1.173327186e-13,6.548629747e-14,1.226636312e-13,1.422030834e-13,2.810495587e-13,3.055701557e-13,2.478621728e-13,4.892381249e-13,2.96173442e-13,3.639265118e-13,1.311501196e-13,5.127851033e-13,1.100019356e-13,8.179125503e-14,5.342537727e-14,1.375683132e-13,7.16650258e-14,5.111023096e-14,1.642421619e-13,1.944997855e-13,6.691088072e-13,2.688995226e-14,2.904028757e-13,3.94304006e-14
87.890625,3.394446751e-13,2.879929996e-13,2.747240974e-13,3.890499952e-13,2.831484084e-13,2.473283068e-13,8.420814237e-14,1.250548185e-13,1.17923917e-13,6.416667876e-14,1.242534576e-13,1.437501904e-13,2.795737836e-13,3.046640546e-13,2.454092985e-13,4.849514236e-13,2.909551716e-13,3.648331681e-13,1.293805816e-13,5.109145848e-13,1.101018665e-13,8.104229485e-14,5.338007268e-14,1.387642415e-13,7.163447895e-14,5.093045972e-14,1.663897609e-13,1.925974166e-13,6.789085068e-13,2.668037067e-14,2.919271855e-13,3.929067529e-14
87.8984375,3.326208468e-13,2.838600396e-13,2.800177259e-13,3.879187163e-13,2.865729021e-13,2.427732094e-13,8.415233758e-14,1.250978848e-13,1.184831845e-13,6.28906121e-14,1.258375921e-13,1.45277011e-13,2.780681274e-13,3.036799314e-13,2.428732357e-13,4.805283002e-13,2.856306114e-13,3.65587163e-13,1.275965618e-13,5.087085897e-13,1.101600979e-13,8.027413761e-14,5.334310319e-14,1.399101336e-13,7.158937222e-14,5.073600262e-14,1.685789475e-13,1.906566251e-13,6.885698121e-13,2.648306652e-14,2.934540421e-13,3.916833319e-14
87.90625,3.257945138e-13,2.797038904e-13,2.852785902e-13,3.868002151e-13,2.900297714e-13,2.38104586e-13,8.404370305e-14,1.251457916e-13,1.190621573e-13,6.16447577e-14,1.274538671e-13,1.468439908e-13,2.765498401e-13,3.027449727e-13,2.403125574e-13,4.760599768e-13,2.802635846e-13,3.662296065e-13,1.258173506e-13,5.062600243e-13,1.101847512e-13,7.95398405e-14,5.330730267e-14,1.410640089e-13,7.153434887e-14,5.054682691e-14,1.708607433e-13,1.886495638e-13,6.982085232e-13,2.629477308e-14,2.949847769e-13,3.906764237e-14
87.9140625,3.189741197e-13,2.756840115e-13,2.904883205e-13,3.855429271e-13,2.935530394e-13,2.332503805e-13,8.392320069e-14,1.25196781e-13,1.197000203e-13,6.046921023e-14,1.291594806e-13,1.484725257e-13,2.750746312e-13,3.019260931e-13,2.377351023e-13,4.716675599e-13,2.749603878e-13,3.668293127e-13,1.240866619e-13,5.035275347e-13,1.102188896e-13,7.886737651e-14,5.324823863e-14,1.422041552e-13,7.149294679e-14,5.035570191e-14,1.732807313e-13,1.866992991e-13,7.076630279e-13,2.612519287e-14,2.966175033e-13,3.898559845e-14
87.921875,3.122704746e-13,2.720408682e-13,2.957409438e-13,3.84152758e-13,2.971356353e-13,2.283787754e-13,8.378641766e-14,1.252190523e-13,1.203769036e-13,5.938365171e-14,1.309998827e-13,1.501570554e-13,2.736620235e-13,3.012099652e-13,2.35172414e-13,4.673311347e-13,2.697147362e-13,3.673599056e-13,1.224620245e-13,5.004565644e-13,1.102833212e-13,7.824614255e-14,5.314866256e-14,1.432815675e-13,7.144234907e-14,5.014217577e-14,1.758272935e-13,1.848728465e-13,7.169667023e-13,2.594982645e-14,2.984284366e-13,3.890028534e-14
87.9296875,3.056184463e-13,2.684783554e-13,3.011203744e-13,3.828172264e-13,3.009067158e-13,2.236246485e-13,8.363022862e-14,1.252349328e-13,1.210888931e-13,5.836465812e-14,1.329545307e-13,1.519026599e-13,2.722791983e-13,3.006075596e-13,2.326955643e-13,4.630487976e-13,2.644982594e-13,3.678328295e-13,1.209215647e-13,4.973338464e-13,1.103597351e-13,7.767551071e-14,5.30019991e-14,1.443403181e-13,7.136045588e-14,4.991089529e-14,1.783810636e-13,1.830337359e-13,7.263180277e-13,2.5734776e-14,3.003579955e-13,3.881586396e-14
87.9375,2.987976702e-13,2.647318011e-13,3.06520593e-13,3.813549006e-13,3.046576542e-13,2.189068666e-13,8.349015764e-14,1.252620732e-13,1.218130088e-13,5.739626799e-14,1.349290273e-13,1.536721943e-13,2.708782866e-13,3.000313526e-13,2.302540372e-13,4.587945081e-13,2.592706567e-13,3.682222575e-13,1.193743985e-13,4.942719045e-13,1.103991886e-13,7.712550817e-14,5.282925566e-14,1.453395675e-13,7.126875321e-14,4.968897312e-14,1.808412887e-13,1.810756247e-13,7.354352342e-13,2.550910837e-14,3.022434738e-13,3.874375283e-14
87.9453125,2.919422261e-13,2.61019807e-13,3.118838066e-13,3.796473395e-13,3.082629611e-13,2.141686839e-13,8.335814079e-14,1.252528059e-13,1.225346846e-13,5.644686717e-14,1.369343278e-13,1.554734852e-13,2.694742388e-13,2.994555292e-13,2.277182661e-13,4.544956908e-13,2.539823684e-13,3.684475637e-13,1.178342733e-13,4.909945673e-13,1.1038943e-13,7.658283921e-14,5.266222983e-14,1.462174678e-13,7.119113544e-14,4.950097474e-14,1.832645328e-13,1.791104856e-13,7.441297144e-13,2.531608096e-14,3.041073807e-13,3.869635971e-14
87.953125,2.85309901e-13,2.574366776e-13,3.173426785e-13,3.778109699e-13,3.120619836e-13,2.094392708e-13,8.321144865e-14,1.251920178e-13,1.232872065e-13,5.550349489e-14,1.391070986e-13,1.573621704e-13,2.681295255e-13,2.989809302e-13,2.251019609e-13,4.502449844e-13,2.487158116e-13,3.685934215e-13,1.163673848e-13,4.874399946e-13,1.103899912e-13,7.608266686e-14,5.249454942e-14,1.470775929e-13,7.114010653e-14,4.933864772e-14,1.857357512e-13,1.772362981e-13,7.526814043e-13,2.513617893e-14,3.061068566e-13,3.86985765e-14
87.9609375,2.787542614e-13,2.53923535e-13,3.229185492e-13,3.756768792e-13,3.160807672e-13,2.047054442e-13,8.307125925e-14,1.251270522e-13,1.240738532e-13,5.46268521e-14,1.414768523e-13,1.593095617e-13,2.668847422e-13,2.986165273e-13,2.225492418e-13,4.461749351e-13,2.436144213e-13,3.688266422e-13,1.149675422e-13,4.837488419e-13,1.104357167e-13,7.563374267e-14,5.230531765e-14,1.479551232e-13,7.112187738e-14,4.916599123e-14,1.882400572e-13,1.753536403e-13,7.611924485e-13,2.493655317e-14,3.082556969e-13,3.873280198e-14
87.96875,2.721443052e-13,2.50593006e-13,3.284832574e-13,3.731974548e-13,3.200665533e-13,1.999969283e-13,8.294107606e-14,1.251013675e-13,1.248754087e-13,5.384473023e-14,1.439616776e-13,1.612710598e-13,2.657468742e-13,2.983782688e-13,2.201360313e-13,4.422774562e-13,2.387221594e-13,3.691810408e-13,1.136630524e-13,4.79905494e-13,1.104884479e-13,7.522636816e-14,5.210649778e-14,1.487208966e-13,7.112440324e-14,4.897328855e-14,1.907565176e-13,1.734006758e-13,7.69614108e-13,2.472916616e-14,3.10554333e-13,3.875753087e-14
87.9765625,2.656812387e-13,2.473607474e-13,3.340007271e-13,3.706770271e-13,3.241008322e-13,1.953909997e-13,8.279076735e-14,1.25114771e-13,1.256887224e-13,5.310498178e-14,1.46509991e-13,1.632502684e-13,2.646528843e-13,2.983076325e-13,2.177995948e-13,4.385037034e-13,2.339751103e-13,3.695502096e-13,1.124951233e-13,4.759349453e-13,1.105366912e-13,7.48640117e-14,5.191497909e-14,1.493618632e-13,7.113208562e-14,4.879038255e-14,1.933009936e-13,1.714730481e-13,7.778939228e-13,2.453404832e-14,3.130068656e-13,3.878566759e-14
87.984375,2.594291011e-13,2.440881824e-13,3.394552812e-13,3.681375843e-13,3.282165608e-13,1.908564007e-13,8.260877181e-14,1.251260606e-13,1.265027255e-13,5.238688395e-14,1.490792302e-13,1.652390027e-13,2.635168267e-13,2.9829218e-13,2.154863634e-13,4.347946236e-13,2.292433752e-13,3.697669002e-13,1.113939446e-13,4.719218991e-13,1.10625015e-13,7.453842403e-14,5.172423474e-14,1.499748723e-13,7.113567159e-14,4.862933195e-14,1.958539904e-13,1.696254983e-13,7.85793676e-13,2.434912453e-14,3.154385669e-13,3.8844047e-14
87.9921875,2.532276995e-13,2.410525846e-13,3.447901063e-13,3.65528288e-13,3.32272019e-13,1.863390593e-13,8.24128325e-14,1.251544437e-13,1.273401723e-13,5.17158953e-14,1.516629033e-13,1.672609615e-13,2.62368628e-13,2.982754342e-13,2.133075172e-13,4.312270634e-13,2.24553201e-13,3.698056608e-13,1.103165071e-13,4.678261763e-13,1.107368811e-13,7.424613748e-14,5.15203763e-14,1.505650779e-13,7.112473272e-14,4.84548692e-14,1.983465408e-13,1.678274355e-13,7.933056945e-13,2.417060109e-14,3.177593655e-13,3.891948182e-14
88,2.470389962e-13,2.383437349e-13,3.500584316e-13,3.630005678e-13,3.363517159e-13,1.818848638e-13,8.223632918e-14,1.252741443e-13,1.282317646e-13,5.110908708e-14,1.543055474e-13,1.693391226e-13,2.612811966e-13,2.983311589e-13,2.113330178e-13,4.27976092e-13,2.201209063e-13,3.697872486e-13,1.09308204e-13,4.636137817e-13,1.107851769e-13,7.398219518e-14,5.12888305e-14,1.511011871e-13,7.110254741e-14,4.82287308e-14,2.006975103e-13,1.660458485e-13,8.005860517e-13,2.399892123e-14,3.200778909e-13,3.898858741e-14
88.0078125,2.409954055e-13,2.356000547e-13,3.553252287e-13,3.603770749e-13,3.405775098e-13,1.775268651e-13,8.208209873e-14,1.254432606e-13,1.29150982e-13,5.057764715e-14,1.569862796e-13,1.7143432e-13,2.602566416e-13,2.984752102e-13,2.093585248e-13,4.248596278e-13,2.159136732e-13,3.69682386e-13,1.083688666e-13,4.592294216e-13,1.107672405e-13,7.373911924e-14,5.102568473e-14,1.516168294e-13,7.108424476e-14,4.796259278e-14,2.028937731e-13,1.642617467e-13,8.074631689e-13,2.382974665e-14,3.224361501e-13,3.905056287e-14
88.015625,2.352150475e-13,2.327777446e-13,3.605309365e-13,3.574560078e-13,3.449670934e-13,1.732763788e-13,8.190868538e-14,1.255926177e-13,1.301093954e-13,5.010487035e-14,1.596938336e-13,1.735682192e-13,2.593208313e-13,2.988061165e-13,2.072832474e-13,4.216727946e-13,2.117351932e-13,3.694535067e-13,1.075030158e-13,4.546292009e-13,1.107683184e-13,7.356280782e-14,5.074916178e-14,1.521499432e-13,7.10787071e-14,4.77054004e-14,2.05025812e-13,1.625098459e-13,8.139224112e-13,2.365901653e-14,3.2490987e-13,3.914121784e-14
88.0234375,2.296084627e-13,2.300060062e-13,3.656439376e-13,3.5450308e-13,3.495064506e-13,1.691915411e-13,8.171328587e-14,1.25773785e-13,1.311366087e-13,4.965220392e-14,1.625053295e-13,1.757590237e-13,2.58494063e-13,2.99383094e-13,2.05346522e-13,4.187285441e-13,2.077392405e-13,3.693227634e-13,1.067499969e-13,4.500528508e-13,1.10787781e-13,7.347416825e-14,5.046661957e-14,1.52658677e-13,7.110135615e-14,4.747720153e-14,2.071438806e-13,1.608016847e-13,8.2018011e-13,2.348858357e-14,3.275660973e-13,3.928509831e-14
88.03125,2.240230685e-13,2.271145211e-13,3.706756036e-13,3.515839489e-13,3.540256875e-13,1.652276141e-13,8.152558752e-14,1.259879844e-13,1.321647996e-13,4.92393308e-14,1.653863663e-13,1.77895081e-13,2.57677843e-13,2.999385411e-13,2.035994843e-13,4.161256316e-13,2.040869792e-13,3.693877381e-13,1.060658568e-13,4.456412361e-13,1.107519674e-13,7.339690018e-14,5.016016579e-14,1.530856458e-13,7.116313753e-14,4.725229498e-14,2.091925219e-13,1.590447156e-13,8.261062746e-13,2.332426003e-14,3.301562646e-13,3.944170042e-14
88.0390625,2.185355818e-13,2.242497379e-13,3.755685519e-13,3.48421506e-13,3.584515052e-13,1.612474835e-13,8.13136822e-14,1.262011068e-13,1.331733675e-13,4.892276703e-14,1.682193001e-13,1.799832401e-13,2.56829937e-13,3.003476334e-13,2.018359241e-13,4.135160777e-13,2.005648718e-13,3.694524006e-13,1.054062373e-13,4.410753798e-13,1.106786665e-13,7.330920285e-14,4.98290084e-14,1.534975177e-13,7.123743688e-14,4.701596109e-14,2.111863973e-13,1.57215479e-13,8.316823172e-13,2.316897552e-14,3.325639613e-13,3.958080398e-14
88.046875,2.131847359e-13,2.218423542e-13,3.803661572e-13,3.451155744e-13,3.629666831e-13,1.573121537e-13,8.104640404e-14,1.265017821e-13,1.342358842e-13,4.867646547e-14,1.71081213e-13,1.821922402e-13,2.560684649e-13,3.00883744e-13,2.001508752e-13,4.110125093e-13,1.971112464e-13,3.694796372e-13,1.048194626e-13,4.361993996e-13,1.106474839e-13,7.327411488e-14,4.949239218e-14,1.539691003e-13,7.12929207e-14,4.677942007e-14,2.132350184e-13,1.554073541e-13,8.37212725e-13,2.301969828e-14,3.351172077e-13,3.9720987e-14
88.0546875,2.078368199e-13,2.197720822e-13,3.852199839e-13,3.419792277e-13,3.67611106e-13,1.535930191e-13,8.077037802e-14,1.268829598e-13,1.353289189e-13,4.841994703e-14,1.7411257e-13,1.845130997e-13,2.554233861e-13,3.016616558e-13,1.987390531e-13,4.088865928e-13,1.939209144e-13,3.695457389e-13,1.043282162e-13,4.312470602e-13,1.106626542e-13,7.32900596e-14,4.914392084e-14,1.544101016e-13,7.132533926e-14,4.653865701e-14,2.153240687e-13,1.536716418e-13,8.425874899e-13,2.287691333e-14,3.378664716e-13,3.985455799e-14
88.0625,2.026560981e-13,2.177586978e-13,3.900107877e-13,3.38986759e-13,3.72304596e-13,1.500407691e-13,8.050651011e-14,1.272153849e-13,1.36401095e-13,4.817326996e-14,1.772022848e-13,1.868009031e-13,2.547728049e-13,3.025757525e-13,1.974612819e-13,4.068579276e-13,1.909546701e-13,3.694820798e-13,1.039159272e-13,4.262737048e-13,1.106605048e-13,7.33322777e-14,4.876777472e-14,1.547633813e-13,7.132632407e-14,4.628064237e-14,2.173110527e-13,1.520372881e-13,8.474281679e-13,2.274102765e-14,3.404553491e-13,3.99788741e-14
88.0703125,1.978981705e-13,2.159128649e-13,3.94455547e-13,3.359715929e-13,3.771004302e-13,1.465352307e-13,8.022404224e-14,1.275597832e-13,1.374870268e-13,4.802808615e-14,1.801609415e-13,1.890267329e-13,2.540874089e-13,3.036329885e-13,1.962333229e-13,4.047967569e-13,1.881130865e-13,3.691935182e-13,1.03580544e-13,4.211872103e-13,1.105992162e-13,7.342129711e-14,4.839003372e-14,1.551038942e-13,7.130305488e-14,4.60135598e-14,2.191645423e-13,1.505099239e-13,8.516528531e-13,2.260095396e-14,3.428513845e-13,4.013957948e-14
88.078125,1.933227829e-13,2.141806471e-13,3.986514486e-13,3.32911861e-13,3.819976735e-13,1.431311873e-13,7.99471846e-14,1.280348686e-13,1.385769962e-13,4.797488659e-14,1.830589827e-13,1.912124607e-13,2.534342369e-13,3.047803666e-13,1.952264091e-13,4.030841104e-13,1.855295224e-13,3.689389019e-13,1.032714297e-13,4.160780208e-13,1.104988543e-13,7.353549507e-14,4.804169698e-14,1.553939552e-13,7.131226e-14,4.575726673e-14,2.209837645e-13,1.489893702e-13,8.553517342e-13,2.244953158e-14,3.452711919e-13,4.034340305e-14
88.0859375,1.886677394e-13,2.123214303e-13,4.029078019e-13,3.298370253e-13,3.869029708e-13,1.398811344e-13,7.970189331e-14,1.285856828e-13,1.396508673e-13,4.793821917e-14,1.860627889e-13,1.933682065e-13,2.527896779e-13,3.058757379e-13,1.944881549e-13,4.019273123e-13,1.832835391e-13,3.688761764e-13,1.029254833e-13,4.110534597e-13,1.103945113e-13,7.364244314e-14,4.769499391e-14,1.555597914e-13,7.137414852e-14,4.553249143e-14,2.227924647e-13,1.474161679e-13,8.586853836e-13,2.228772663e-14,3.476905106e-13,4.055858561e-14
88.09375,1.84132562e-13,2.10429145e-13,4.071830657e-13,3.26747168e-13,3.91760275e-13,1.367354242e-13,7.942161489e-14,1.291705646e-13,1.407553505e-13,4.790807408e-14,1.89112121e-13,1.955088571e-13,2.520927963e-13,3.069553034e-13,1.939054665e-13,4.011407085e-13,1.812829428e-13,3.688150255e-13,1.025630043e-13,4.061171453e-13,1.102738334e-13,7.377043004e-14,4.731302869e-14,1.556975654e-13,7.14270193e-14,4.534455479e-14,2.245221732e-13,1.458279985e-13,8.617801504e-13,2.211534053e-14,3.500080923e-13,4.078749447e-14
88.1015625,1.798560352e-13,2.086642867e-13,4.112223992e-13,3.236366865e-13,3.965464205e-13,1.336710957e-13,7.90654064e-14,1.298132107e-13,1.418695321e-13,4.788414618e-14,1.92099297e-13,1.975971864e-13,2.513551158e-13,3.080982866e-13,1.933714792e-13,4.004064431e-13,1.794276971e-13,3.686014077e-13,1.022436606e-13,4.011676474e-13,1.101277055e-13,7.392684222e-14,4.691648911e-14,1.5584006e-13,7.143791556e-14,4.515854392e-14,2.261500546e-13,1.442164942e-13,8.645384686e-13,2.195098295e-14,3.522240777e-13,4.103644226e-14
88.109375,1.757233439e-13,2.070519484e-13,4.149707912e-13,3.20520035e-13,4.013903856e-13,1.307046365e-13,7.870201808e-14,1.304908703e-13,1.42963444e-13,4.785379599e-14,1.951221861e-13,1.996359649e-13,2.506116919e-13,3.093022737e-13,1.928382332e-13,3.996092468e-13,1.776790766e-13,3.683180571e-13,1.020204291e-13,3.959734792e-13,1.099956229e-13,7.409871019e-14,4.653182912e-14,1.558813754e-13,7.144263166e-14,4.493976591e-14,2.276713095e-13,1.426359719e-13,8.668509184e-13,2.181378124e-14,3.543510743e-13,4.13052159e-14
88.1171875,1.717575403e-13,2.056983198e-13,4.185388426e-13,3.174451627e-13,4.06476653e-13,1.278919487e-13,7.838350458e-14,1.312080318e-13,1.441116467e-13,4.786638697e-14,1.982506112e-13,2.017200289e-13,2.499023122e-13,3.106570168e-13,1.924203092e-13,3.989752941e-13,1.761217006e-13,3.680860358e-13,1.019220706e-13,3.905046042e-13,1.098728086e-13,7.432284422e-14,4.614787841e-14,1.558565324e-13,7.146245576e-14,4.469556733e-14,2.290269455e-13,1.412478912e-13,8.686989321e-13,2.168159489e-14,3.564554701e-13,4.160315812e-14
88.125,1.680127733e-13,2.045824329e-13,4.219758316e-13,3.144347164e-13,4.117216753e-13,1.2526977e-13,7.807378552e-14,1.319890091e-13,1.453037817e-13,4.793917842e-14,2.013694486e-13,2.038455781e-13,2.492310752e-13,3.122183772e-13,1.922134109e-13,3.985611939e-13,1.748331427e-13,3.679189721e-13,1.019074923e-13,3.850611657e-13,1.096970842e-13,7.460787238e-14,4.576315842e-14,1.558630091e-13,7.147979558e-14,4.442946272e-14,2.301856523e-13,1.400076511e-13,8.700198297e-13,2.153962607e-14,3.585738065e-13,4.190258058e-14
88.1328125,1.643741709e-13,2.035055357e-13,4.251693538e-13,3.114448748e-13,4.168852221e-13,1.227312299e-13,7.77284905e-14,1.328103009e-13,1.464280442e-13,4.801132204e-14,2.044029915e-13,2.058997941e-13,2.484998e-13,3.138166476e-13,1.920686727e-13,3.981247577e-13,1.737003168e-13,3.677137239e-13,1.019216462e-13,3.797611051e-13,1.094542743e-13,7.490122762e-14,4.53833456e-14,1.558443179e-13,7.14623941e-14,4.413003375e-14,2.311753545e-13,1.387018575e-13,8.707767629e-13,2.140963163e-14,3.605684048e-13,4.21749346e-14
88.140625,1.607975857e-13,2.02432605e-13,4.28008516e-13,3.084368006e-13,4.218473752e-13,1.202094529e-13,7.734972914e-14,1.336648202e-13,1.475040413e-13,4.810366862e-14,2.073723e-13,2.078415744e-13,2.476675839e-13,3.153094903e-13,1.918672124e-13,3.977089245e-13,1.72638902e-13,3.673523587e-13,1.019628053e-13,3.744284709e-13,1.091697514e-13,7.519016023e-14,4.497996506e-14,1.557478357e-13,7.139316528e-14,4.382086248e-14,2.320042281e-13,1.37342974e-13,8.710038769e-13,2.1289341e-14,3.623230151e-13,4.246219133e-14
88.1484375,1.573380516e-13,2.0142761e-13,4.30571377e-13,3.054073127e-13,4.266960651e-13,1.17800211e-13,7.696289011e-14,1.345668824e-13,1.486391492e-13,4.828840639e-14,2.102818495e-13,2.097126756e-13,2.468388151e-13,3.16780618e-13,1.916606441e-13,3.975060613e-13,1.717173995e-13,3.668466437e-13,1.020243628e-13,3.690695052e-13,1.088720973e-13,7.550031282e-14,4.453752489e-14,1.556349086e-13,7.130537186e-14,4.352982299e-14,2.326744089e-13,1.360854519e-13,8.707803868e-13,2.116918216e-14,3.638863311e-13,4.280332249e-14
88.15625,1.540133146e-13,2.005174152e-13,4.329056499e-13,3.023812556e-13,4.317105929e-13,1.15515512e-13,7.65731773e-14,1.355346792e-13,1.498596318e-13,4.853318565e-14,2.131205615e-13,2.115766189e-13,2.460435582e-13,3.183673269e-13,1.914712807e-13,3.974335285e-13,1.709393886e-13,3.662621794e-13,1.02096e-13,3.638283955e-13,1.08607843e-13,7.582984618e-14,4.408838426e-14,1.555354452e-13,7.122507152e-14,4.323852598e-14,2.331938815e-13,1.34927489e-13,8.70079478e-13,2.1071956e-14,3.652803511e-13,4.317177042e-14
88.1640625,1.509029235e-13,1.997364742e-13,4.349023764e-13,2.994228405e-13,4.369829645e-13,1.133072171e-13,7.615842074e-14,1.365894077e-13,1.511224109e-13,4.878461935e-14,2.158464169e-13,2.134632579e-13,2.452194786e-13,3.200966884e-13,1.913462056e-13,3.974294899e-13,1.70293044e-13,3.655984556e-13,1.022160003e-13,3.586386312e-13,1.083661977e-13,7.61690563e-14,4.364648403e-14,1.554137022e-13,7.111944035e-14,4.292439109e-14,2.335167722e-13,1.338103456e-13,8.686285688e-13,2.099285626e-14,3.664532816e-13,4.353267049e-14
88.171875,1.480590627e-13,1.990184233e-13,4.36579381e-13,2.965101959e-13,4.422097714e-13,1.112193206e-13,7.5706619e-14,1.376861795e-13,1.523813074e-13,4.904565621e-14,2.184340166e-13,2.153221831e-13,2.443926188e-13,3.218806853e-13,1.913597446e-13,3.975524631e-13,1.698504021e-13,3.648801814e-13,1.02395302e-13,3.534177395e-13,1.080748201e-13,7.652228264e-14,4.318847665e-14,1.552781098e-13,7.098199643e-14,4.259938228e-14,2.336343322e-13,1.327236228e-13,8.664224867e-13,2.090229135e-14,3.674774237e-13,4.387917184e-14
88.1796875,1.453813598e-13,1.982898047e-13,4.380390609e-13,2.935378302e-13,4.472287247e-13,1.09221023e-13,7.522862206e-14,1.387828523e-13,1.536410889e-13,4.929880345e-14,2.209476895e-13,2.171128953e-13,2.4358232e-13,3.236200913e-13,1.914497254e-13,3.977504731e-13,1.695831019e-13,3.641384717e-13,1.025842909e-13,3.48229934e-13,1.077176249e-13,7.689085143e-14,4.271777366e-14,1.551922741e-13,7.084496525e-14,4.228534024e-14,2.336416439e-13,1.316543309e-13,8.638758007e-13,2.081129863e-14,3.684814433e-13,4.422919648e-14
88.1875,1.428625094e-13,1.975835085e-13,4.392578264e-13,2.905766551e-13,4.522275808e-13,1.072737603e-13,7.474552797e-14,1.399170051e-13,1.549172591e-13,4.954473347e-14,2.233856316e-13,2.188367962e-13,2.427148618e-13,3.253342922e-13,1.915808413e-13,3.979635634e-13,1.694080467e-13,3.633152666e-13,1.027764927e-13,3.430302058e-13,1.07298785e-13,7.726364406e-14,4.226216352e-14,1.551400666e-13,7.069300515e-14,4.198432862e-14,2.335423646e-13,1.306504816e-13,8.609772686e-13,2.073435407e-14,3.69372984e-13,4.460601758e-14
88.1953125,1.405500866e-13,1.969334778e-13,4.402670699e-13,2.877544693e-13,4.57308165e-13,1.054904728e-13,7.427453593e-14,1.410775134e-13,1.561583296e-13,4.983371419e-14,2.256866701e-13,2.204847416e-13,2.417948714e-13,3.271186461e-13,1.918602857e-13,3.982249434e-13,1.693719544e-13,3.624523057e-13,1.030195136e-13,3.377427452e-13,1.068167453e-13,7.762982815e-14,4.181948221e-14,1.550015008e-13,7.050722214e-14,4.16759682e-14,2.332563663e-13,1.297202539e-13,8.57472037e-13,2.065422267e-14,3.700173701e-13,4.499089476e-14
88.203125,1.383162683e-13,1.965723837e-13,4.41153873e-13,2.85036198e-13,4.624787825e-13,1.039013963e-13,7.379272441e-14,1.42239901e-13,1.573710685e-13,5.014916252e-14,2.279603792e-13,2.221404327e-13,2.40935721e-13,3.29041029e-13,1.923671856e-13,3.986673624e-13,1.695477821e-13,3.617329857e-13,1.033443755e-13,3.325119471e-13,1.063638465e-13,7.801860849e-14,4.137162408e-14,1.54772835e-13,7.031112002e-14,4.134969741e-14,2.328881194e-13,1.287280658e-13,8.536982162e-13,2.056517188e-14,3.706029425e-13,4.534846228e-14
88.2109375,1.361730279e-13,1.967421045e-13,4.418576191e-13,2.825259763e-13,4.677779277e-13,1.024395102e-13,7.327398404e-14,1.434749037e-13,1.586561542e-13,5.043828524e-14,2.30281091e-13,2.239029528e-13,2.401792063e-13,3.31101941e-13,1.930918652e-13,3.994040751e-13,1.699265521e-13,3.611286077e-13,1.037516625e-13,3.274576131e-13,1.059849537e-13,7.846807594e-14,4.092129077e-14,1.546042839e-13,7.009920573e-14,4.102108859e-14,2.325631801e-13,1.277267449e-13,8.498466006e-13,2.048308732e-14,3.712904317e-13,4.570005934e-14
88.21875,1.343180381e-13,1.970361288e-13,4.42301099e-13,2.803275215e-13,4.730279184e-13,1.010945326e-13,7.276470929e-14,1.447808183e-13,1.599790871e-13,5.074101282e-14,2.324495327e-13,2.256246328e-13,2.394128373e-13,3.33151186e-13,1.9389285e-13,4.002251311e-13,1.704362508e-13,3.60390919e-13,1.041847547e-13,3.224992251e-13,1.055512359e-13,7.892794126e-14,4.047789494e-14,1.545239022e-13,6.985051783e-14,4.069449804e-14,2.321218742e-13,1.269357318e-13,8.454114038e-13,2.042613021e-14,3.717988274e-13,4.608793177e-14
88.2265625,1.326755639e-13,1.970142656e-13,4.424736817e-13,2.780699891e-13,4.780245217e-13,9.977978441e-14,7.229417416e-14,1.460644962e-13,1.612170958e-13,5.110916789e-14,2.343832413e-13,2.271360854e-13,2.385176638e-13,3.350337101e-13,1.946064708e-13,4.008954227e-13,1.710156259e-13,3.594935683e-13,1.045593975e-13,3.175592015e-13,1.050265324e-13,7.932357693e-14,4.004395128e-14,1.5441743e-13,6.958684072e-14,4.036496794e-14,2.313934328e-13,1.262421105e-13,8.402085879e-13,2.040152423e-14,3.719187033e-13,4.650303293e-14
88.234375,1.311238165e-13,1.970148452e-13,4.423593397e-13,2.755084064e-13,4.829203261e-13,9.845178828e-14,7.179670207e-14,1.473296804e-13,1.624015723e-13,5.15097335e-14,2.362720293e-13,2.285483975e-13,2.375440811e-13,3.368748462e-13,1.953497596e-13,4.016221841e-13,1.717570804e-13,3.58665079e-13,1.048886134e-13,3.126233542e-13,1.045186639e-13,7.96878976e-14,3.962163558e-14,1.542699448e-13,6.932778922e-14,4.005798362e-14,2.304387578e-13,1.254285341e-13,8.345476492e-13,2.039327031e-14,3.718477268e-13,4.691390727e-14
88.2421875,1.298124637e-13,1.97253977e-13,4.41998623e-13,2.730016527e-13,4.879309976e-13,9.72383981e-14,7.124609017e-14,1.486260625e-13,1.636069031e-13,5.190898028e-14,2.381211986e-13,2.299616001e-13,2.365781227e-13,3.388448733e-13,1.962740783e-13,4.025870802e-13,1.727886135e-13,3.57989491e-13,1.052396968e-13,3.077599501e-13,1.040060753e-13,8.007466898e-14,3.920921377e-14,1.541487157e-13,6.906849648e-14,3.979393281e-14,2.293283632e-13,1.246082016e-13,8.285203207e-13,2.038600635e-14,3.716640817e-13,4.731886313e-14
88.25,1.28740981e-13,1.974442309e-13,4.414327629e-13,2.70733188e-13,4.930416413e-13,9.613301897e-14,7.069419758e-14,1.499748101e-13,1.648079595e-13,5.230861837e-14,2.397642048e-13,2.313056398e-13,2.35586239e-13,3.408947e-13,1.972299506e-13,4.035885451e-13,1.740288517e-13,3.573889162e-13,1.056104241e-13,3.030814077e-13,1.034361336e-13,8.046196753e-14,3.880613473e-14,1.540408544e-13,6.880869945e-14,3.95492531e-14,2.281251476e-13,1.238678993e-13,8.222065799e-13,2.038470841e-14,3.712911245e-13,4.773541548e-14
88.2578125,1.277595601e-13,1.976933452e-13,4.406725539e-13,2.684704458e-13,4.981465963e-13,9.507164231e-14,7.014693342e-14,1.513767788e-13,1.659821335e-13,5.269469257e-14,2.412779343e-13,2.325857011e-13,2.345936816e-13,3.430147255e-13,1.981451411e-13,4.04478444e-13,1.753401059e-13,3.568765728e-13,1.059995901e-13,2.984636132e-13,1.029011232e-13,8.083812792e-14,3.841435642e-14,1.538778186e-13,6.854214434e-14,3.930710562e-14,2.269564801e-13,1.231329324e-13,8.158066579e-13,2.039514758e-14,3.708948933e-13,4.816825596e-14
88.265625,1.269625581e-13,1.982087151e-13,4.397612932e-13,2.66119855e-13,5.03066699e-13,9.413847443e-14,6.958279962e-14,1.527457944e-13,1.67119856e-13,5.305827365e-14,2.427841917e-13,2.338190854e-13,2.336512016e-13,3.451746337e-13,1.991163863e-13,4.053152651e-13,1.767255294e-13,3.563864988e-13,1.064219183e-13,2.937338104e-13,1.024223253e-13,8.120898602e-14,3.802069165e-14,1.536702548e-13,6.825328956e-14,3.908444354e-14,2.257826954e-13,1.224729224e-13,8.091722967e-13,2.041994613e-14,3.705210582e-13,4.861104584e-14
88.2734375,1.264265597e-13,1.986959596e-13,4.385642428e-13,2.637498466e-13,5.077018679e-13,9.326355988e-14,6.90115964e-14,1.540584456e-13,1.682112196e-13,5.341548294e-14,2.441166389e-13,2.349236288e-13,2.326062544e-13,3.471382578e-13,2.000439063e-13,4.06161331e-13,1.782133454e-13,3.556513571e-13,1.068112273e-13,2.890474707e-13,1.018973603e-13,8.153932981e-14,3.762154157e-14,1.535369692e-13,6.792999551e-14,3.888357144e-14,2.24439481e-13,1.219185433e-13,8.019890635e-13,2.046301873e-14,3.698564607e-13,4.907214894e-14
88.28125,1.260333645e-13,1.990623785e-13,4.368454191e-13,2.614983109e-13,5.122817903e-13,9.232929378e-14,6.8420445e-14,1.554586295e-13,1.692974158e-13,5.37818126e-14,2.451214213e-13,2.359131665e-13,2.313791463e-13,3.489207578e-13,2.008537801e-13,4.069771014e-13,1.797923749e-13,3.546620928e-13,1.071434124e-13,2.844608622e-13,1.013012559e-13,8.182439961e-14,3.725083113e-14,1.535110065e-13,6.756211433e-14,3.867489173e-14,2.229064049e-13,1.213655113e-13,7.942290785e-13,2.052531442e-14,3.688002247e-13,4.955917049e-14
88.2890625,1.257546621e-13,1.99551342e-13,4.347391806e-13,2.594894946e-13,5.169566994e-13,9.14842547e-14,6.779019374e-14,1.569403338e-13,1.703742636e-13,5.417887229e-14,2.459174371e-13,2.368507298e-13,2.30139378e-13,3.507788882e-13,2.016726659e-13,4.076290558e-13,1.814612656e-13,3.537261605e-13,1.075054699e-13,2.797320617e-13,1.006593252e-13,8.210193896e-14,3.692428022e-14,1.534425217e-13,6.715781845e-14,3.844295027e-14,2.212233681e-13,1.208512357e-13,7.860251774e-13,2.060667921e-14,3.675676058e-13,5.00435955e-14
88.296875,1.256175745e-13,2.000976958e-13,4.325232972e-13,2.575174777e-13,5.21507162e-13,9.076082303e-14,6.714394821e-14,1.583434211e-13,1.713830963e-13,5.461611879e-14,2.466468283e-13,2.3768652e-13,2.289020515e-13,3.526318161e-13,2.024807236e-13,4.081493044e-13,1.832347992e-13,3.528627187e-13,1.078947137e-13,2.748804818e-13,9.99802845e-14,8.236844309e-14,3.66060665e-14,1.532787415e-13,6.674029399e-14,3.8207744e-14,2.194085293e-13,1.20416021e-13,7.774647354e-13,2.069588479e-14,3.662496902e-13,5.050040429e-14
88.3046875,1.255967775e-13,2.005530821e-13,4.30126158e-13,2.553893018e-13,5.258671563e-13,9.000169341e-14,6.648801061e-14,1.597041617e-13,1.723484441e-13,5.504860431e-14,2.47302972e-13,2.3840706e-13,2.27530678e-13,3.543535171e-13,2.031817221e-13,4.086429658e-13,1.851018998e-13,3.518373733e-13,1.082381288e-13,2.700749605e-13,9.930116314e-14,8.26150508e-14,3.62702195e-14,1.531344699e-13,6.630525558e-14,3.797830439e-14,2.17511595e-13,1.199645369e-13,7.685715158e-13,2.078074422e-14,3.648217904e-13,5.095256487e-14
88.3125,1.257218181e-13,2.010479372e-13,4.27403833e-13,2.533717715e-13,5.301966876e-13,8.926347082e-14,6.579306351e-14,1.610875011e-13,1.732969031e-13,5.541699325e-14,2.478379026e-13,2.390705825e-13,2.260727831e-13,3.561073933e-13,2.038168262e-13,4.089173018e-13,1.869702839e-13,3.506764272e-13,1.085686895e-13,2.652687692e-13,9.863702846e-14,8.286318484e-14,3.593064449e-14,1.529833106e-13,6.582268992e-14,3.773575716e-14,2.1553102e-13,1.19489371e-13,7.593593707e-13,2.087312904e-14,3.632636598e-13,5.142073334e-14
88.3203125,1.260225056e-13,2.017500699e-13,4.244280678e-13,2.516936548e-13,5.344017447e-13,8.861186348e-14,6.506725068e-14,1.623659931e-13,1.741897029e-13,5.572288242e-14,2.482286149e-13,2.396686224e-13,2.245912371e-13,3.578676583e-13,2.043914948e-13,4.089368365e-13,1.887966791e-13,3.495005161e-13,1.089038651e-13,2.605241198e-13,9.797405739e-14,8.310421465e-14,3.561237095e-14,1.527441537e-13,6.529305358e-14,3.749209987e-14,2.134903718e-13,1.19069468e-13,7.499698545e-13,2.098378347e-14,3.61507184e-13,5.188705873e-14
88.328125,1.264527849e-13,2.026288916e-13,4.212793606e-13,2.501913909e-13,5.383228737e-13,8.79499922e-14,6.436410225e-14,1.635172758e-13,1.750460314e-13,5.603328359e-14,2.484650078e-13,2.401768993e-13,2.230571163e-13,3.594846798e-13,2.049033386e-13,4.090379755e-13,1.90682092e-13,3.482514236e-13,1.091552461e-13,2.558942513e-13,9.730966205e-14,8.33118026e-14,3.533405768e-14,1.525326783e-13,6.476379357e-14,3.728388172e-14,2.114884126e-13,1.187553363e-13,7.405547481e-13,2.111259525e-14,3.595753938e-13,5.232981072e-14
88.3359375,1.269590314e-13,2.034425928e-13,4.179582335e-13,2.486203258e-13,5.420726923e-13,8.73014263e-14,6.369793605e-14,1.646768888e-13,1.758876528e-13,5.637660148e-14,2.48565351e-13,2.406041518e-13,2.215378146e-13,3.611001774e-13,2.054224841e-13,4.091649661e-13,1.926504822e-13,3.469469978e-13,1.093104242e-13,2.511532468e-13,9.660945981e-14,8.348876801e-14,3.508749358e-14,1.524078246e-13,6.425556989e-14,3.709782515e-14,2.094693767e-13,1.185180468e-13,7.309935981e-13,2.127129087e-14,3.575956427e-13,5.274471755e-14
88.34375,1.275553716e-13,2.041363659e-13,4.144728828e-13,2.469044313e-13,5.458058057e-13,8.671228148e-14,6.300929439e-14,1.658645889e-13,1.766838311e-13,5.665493853e-14,2.485919326e-13,2.409776007e-13,2.200614371e-13,3.628301143e-13,2.059357789e-13,4.090405728e-13,1.946427907e-13,3.457224394e-13,1.094721267e-13,2.463702072e-13,9.587906966e-14,8.365318779e-14,3.484761006e-14,1.522586131e-13,6.371547196e-14,3.690822663e-14,2.073543125e-13,1.182080133e-13,7.21086867e-13,2.145340627e-14,3.555932958e-13,5.315621633e-14
88.3515625,1.283264269e-13,2.050294755e-13,4.108551111e-13,2.452001494e-13,5.494961401e-13,8.612909503e-14,6.226747864e-14,1.670142503e-13,1.774620687e-13,5.680549668e-14,2.485529998e-13,2.413367728e-13,2.185366157e-13,3.645494521e-13,2.06389869e-13,4.087736735e-13,1.966832109e-13,3.445547687e-13,1.096888049e-13,2.418301517e-13,9.51887997e-14,8.382160487e-14,3.462521257e-14,1.520845796e-13,6.311153527e-14,3.673737451e-14,2.052527711e-13,1.17815898e-13,7.108981098e-13,2.163340588e-14,3.535031829e-13,5.359962669e-14
88.359375,1.29270261e-13,2.06075084e-13,4.070579172e-13,2.436002511e-13,5.529316371e-13,8.558142733e-14,6.153422117e-14,1.680838194e-13,1.782052071e-13,5.69617446e-14,2.482987263e-13,2.415830568e-13,2.169330686e-13,3.660990374e-13,2.067457268e-13,4.083231291e-13,1.987192384e-13,3.432762451e-13,1.09888644e-13,2.373099471e-13,9.44860201e-14,8.397906265e-14,3.444330533e-14,1.519175276e-13,6.248917044e-14,3.658331123e-14,2.031192562e-13,1.175138739e-13,7.005146398e-13,2.182101894e-14,3.512289204e-13,5.404887832e-14
88.3671875,1.303296288e-13,2.068334264e-13,4.029162804e-13,2.419261472e-13,5.560051943e-13,8.508303111e-14,6.083893301e-14,1.690687323e-13,1.788289909e-13,5.721169825e-14,2.477564412e-13,2.415674272e-13,2.152164588e-13,3.674113515e-13,2.069787755e-13,4.075746303e-13,2.007420143e-13,3.418240738e-13,1.100097823e-13,2.326176908e-13,9.368305862e-14,8.409138215e-14,3.427973784e-14,1.516787147e-13,6.18684144e-14,3.641264668e-14,2.007849801e-13,1.172522776e-13,6.898082983e-13,2.203719849e-14,3.486882374e-13,5.444721166e-14
88.375,1.316190355e-13,2.074476474e-13,3.984645693e-13,2.402248579e-13,5.590065736e-13,8.457055523e-14,6.011657567e-14,1.700637533e-13,1.794277994e-13,5.742655067e-14,2.471493284e-13,2.414328876e-13,2.133628528e-13,3.68680537e-13,2.072603833e-13,4.069778844e-13,2.030244675e-13,3.403375617e-13,1.101256268e-13,2.281094345e-13,9.288208961e-14,8.418323179e-14,3.41154648e-14,1.514141943e-13,6.122074415e-14,3.626714292e-14,1.984353385e-13,1.169163235e-13,6.78810777e-13,2.227217327e-14,3.459949115e-13,5.482108477e-14
88.3828125,1.331848103e-13,2.083025076e-13,3.939827306e-13,2.387437636e-13,5.620170852e-13,8.406633765e-14,5.934252299e-14,1.711120537e-13,1.800996125e-13,5.754966774e-14,2.465994765e-13,2.413685671e-13,2.115056198e-13,3.700849862e-13,2.077346725e-13,4.066815939e-13,2.056047855e-13,3.389235832e-13,1.102958563e-13,2.238423668e-13,9.2162025e-14,8.428165664e-14,3.397624931e-14,1.512430912e-13,6.056086642e-14,3.620853359e-14,1.963137111e-13,1.166467496e-13,6.678112165e-13,2.251289523e-14,3.432926695e-13,5.522887738e-14
88.390625,1.348026505e-13,2.091725695e-13,3.89435834e-13,2.372970518e-13,5.645701106e-13,8.357311881e-14,5.856474337e-14,1.720590489e-13,1.806732012e-13,5.768472971e-14,2.458698472e-13,2.412072489e-13,2.096831108e-13,3.713395418e-13,2.081780039e-13,4.061184018e-13,2.081285742e-13,3.374524237e-13,1.10402569e-13,2.194394471e-13,9.143051897e-14,8.431953312e-14,3.387390596e-14,1.510803213e-13,5.991580876e-14,3.619377747e-14,1.942734299e-13,1.164657596e-13,6.568118771e-13,2.275623602e-14,3.404189069e-13,5.564446907e-14
88.3984375,1.36400169e-13,2.098638024e-13,3.845499906e-13,2.356734349e-13,5.66640235e-13,8.305023436e-14,5.779333774e-14,1.728169885e-13,1.810470559e-13,5.782333661e-14,2.448580142e-13,2.407943067e-13,2.0776031e-13,3.722743652e-13,2.084280364e-13,4.051924438e-13,2.105530212e-13,3.358326173e-13,1.10361718e-13,2.149385742e-13,9.067635981e-14,8.42528095e-14,3.379279409e-14,1.508007514e-13,5.925604116e-14,3.616632761e-14,1.921238304e-13,1.161926948e-13,6.455406147e-13,2.301025549e-14,3.371941413e-13,5.601408399e-14
88.40625,1.381232028e-13,2.106484589e-13,3.794369527e-13,2.341056376e-13,5.68710951e-13,8.257610581e-14,5.70145692e-14,1.734833313e-13,1.813576089e-13,5.788309337e-14,2.437480119e-13,2.402671665e-13,2.057592849e-13,3.73217129e-13,2.08651363e-13,4.042706156e-13,2.131000866e-13,3.341965132e-13,1.102618016e-13,2.106311206e-13,8.997799448e-14,8.414499308e-14,3.373863889e-14,1.504413676e-13,5.855549638e-14,3.616113171e-14,1.898671624e-13,1.158417152e-13,6.340476168e-13,2.329933772e-14,3.337627566e-13,5.634023508e-14
88.4140625,1.399693585e-13,2.116024374e-13,3.74344369e-13,2.326418044e-13,5.707200708e-13,8.220122673e-14,5.625173815e-14,1.740968878e-13,1.816681571e-13,5.789940573e-14,2.425501404e-13,2.397202161e-13,2.037793559e-13,3.742687786e-13,2.088969651e-13,4.032937936e-13,2.157414762e-13,3.326007311e-13,1.101437877e-13,2.064704495e-13,8.931896661e-14,8.404867588e-14,3.372866632e-14,1.50095583e-13,5.783694101e-14,3.620442349e-14,1.875198952e-13,1.155074933e-13,6.226067291e-13,2.36253576e-14,3.303187484e-13,5.664719539e-14
88.421875,1.419074043e-13,2.12589254e-13,3.692373919e-13,2.31058484e-13,5.724643116e-13,8.186029704e-14,5.55104139e-14,1.746427841e-13,1.819856681e-13,5.791699687e-14,2.411694936e-13,2.391533148e-13,2.018058663e-13,3.752808941e-13,2.090597841e-13,4.021532752e-13,2.184414138e-13,3.309836351e-13,1.09980598e-13,2.023311077e-13,8.866770636e-14,8.396868798e-14,3.376182943e-14,1.498617179e-13,5.712685136e-14,3.625824097e-14,1.851720448e-13,1.151668176e-13,6.112735754e-13,2.396179376e-14,3.269194883e-13,5.694692102e-14
88.4296875,1.440436566e-13,2.136477857e-13,3.640871231e-13,2.293883948e-13,5.742054063e-13,8.151956411e-14,5.47621799e-14,1.751589975e-13,1.823415595e-13,5.791122263e-14,2.397265603e-13,2.385828439e-13,1.998533589e-13,3.763314573e-13,2.091551154e-13,4.009927821e-13,2.212771674e-13,3.293667462e-13,1.0982251e-13,1.982632237e-13,8.802085031e-14,8.390368047e-14,3.382955686e-14,1.497694433e-13,5.642314544e-14,3.630912968e-14,1.829753537e-13,1.14838562e-13,6.000245601e-13,2.430009159e-14,3.235515513e-13,5.724531707e-14
88.4375,1.464071504e-13,2.147701354e-13,3.588945214e-13,2.277270228e-13,5.758259273e-13,8.11452258e-14,5.400978056e-14,1.755891967e-13,1.826051844e-13,5.786683059e-14,2.382945747e-13,2.378874198e-13,1.978777914e-13,3.773443066e-13,2.092011506e-13,3.997734706e-13,2.241753512e-13,3.277165786e-13,1.096667398e-13,1.94284247e-13,8.733764897e-14,8.381165133e-14,3.392607782e-14,1.496610254e-13,5.570381454e-14,3.638184098e-14,1.808871224e-13,1.14550202e-13,5.88840811e-13,2.464836998e-14,3.200482941e-13,5.753881569e-14
88.4453125,1.488349106e-13,2.15798175e-13,3.535636217e-13,2.260319901e-13,5.769025204e-13,8.074042424e-14,5.327607479e-14,1.758294772e-13,1.826654227e-13,5.776696452e-14,2.367538943e-13,2.369732421e-13,1.957549118e-13,3.780988474e-13,2.091819971e-13,3.984189747e-13,2.270644694e-13,3.259398389e-13,1.094126283e-13,1.90352991e-13,8.663182712e-14,8.365695973e-14,3.405374405e-14,1.493946915e-13,5.496192598e-14,3.6491553e-14,1.787526334e-13,1.142252544e-13,5.775752228e-13,2.500896661e-14,3.162893025e-13,5.782052791e-14
88.453125,1.511162625e-13,2.166540422e-13,3.482068033e-13,2.242886132e-13,5.776445201e-13,8.042299962e-14,5.255688285e-14,1.759503205e-13,1.826559444e-13,5.761176384e-14,2.350974618e-13,2.359840024e-13,1.935916219e-13,3.78739227e-13,2.091398556e-13,3.970259075e-13,2.299751354e-13,3.24120218e-13,1.090587693e-13,1.864660629e-13,8.597454617e-14,8.348120613e-14,3.422193554e-14,1.490579525e-13,5.422182239e-14,3.665284383e-14,1.765648046e-13,1.137855149e-13,5.662202126e-13,2.538479092e-14,3.124898052e-13,5.809250885e-14
88.4609375,1.532897839e-13,2.174490542e-13,3.42991982e-13,2.224411728e-13,5.783458041e-13,8.018290119e-14,5.183767498e-14,1.760667821e-13,1.826567613e-13,5.745579394e-14,2.334142259e-13,2.349925456e-13,1.915319727e-13,3.79406985e-13,2.090888526e-13,3.956221405e-13,2.329247334e-13,3.223724156e-13,1.086736788e-13,1.826058481e-13,8.536392251e-14,8.331232707e-14,3.442991339e-14,1.487830818e-13,5.34971029e-14,3.687392048e-14,1.744002544e-13,1.132443125e-13,5.549617351e-13,2.578075047e-14,3.088369698e-13,5.83510862e-14
88.46875,1.556333893e-13,2.184311981e-13,3.377493656e-13,2.205229683e-13,5.788224132e-13,7.987776052e-14,5.11170215e-14,1.761493462e-13,1.825956166e-13,5.730802449e-14,2.31670491e-13,2.339205575e-13,1.89457057e-13,3.799891401e-13,2.090476123e-13,3.94214489e-13,2.360257213e-13,3.206579797e-13,1.08262662e-13,1.78776709e-13,8.476345596e-14,8.312786724e-14,3.467434648e-14,1.485729624e-13,5.277995329e-14,3.714177879e-14,1.72278687e-13,1.127160317e-13,5.438093729e-13,2.619847684e-14,3.052093604e-13,5.857546953e-14
88.4765625,1.582074404e-13,2.196297076e-13,3.323404469e-13,2.187677804e-13,5.790886914e-13,7.955390204e-14,5.04121722e-14,1.761506489e-13,1.824925803e-13,5.713139509e-14,2.298348227e-13,2.327919457e-13,1.87325339e-13,3.805381806e-13,2.090726034e-13,3.92862586e-13,2.393678359e-13,3.189453751e-13,1.078373615e-13,1.75071e-13,8.416355259e-14,8.294095194e-14,3.495710866e-14,1.483728161e-13,5.207928274e-14,3.745380094e-14,1.701957752e-13,1.123002107e-13,5.327014585e-13,2.663279752e-14,3.015374594e-13,5.877274533e-14
88.484375,1.608888782e-13,2.207866258e-13,3.26930014e-13,2.171932312e-13,5.793659506e-13,7.933354313e-14,4.974802734e-14,1.760778818e-13,1.823830121e-13,5.694437579e-14,2.279830247e-13,2.31627618e-13,1.852461581e-13,3.81166906e-13,2.091673828e-13,3.915758274e-13,2.428454044e-13,3.17276866e-13,1.074198275e-13,1.714983945e-13,8.354963201e-14,8.276474938e-14,3.526430389e-14,1.481291787e-13,5.140538715e-14,3.782075055e-14,1.681434937e-13,1.119520753e-13,5.216959305e-13,2.707854338e-14,2.978735611e-13,5.900236336e-14
88.4921875,1.637338469e-13,2.2195476e-13,3.216227468e-13,2.155981137e-13,5.795237926e-13,7.916946634e-14,4.910873549e-14,1.759014353e-13,1.822068609e-13,5.675726845e-14,2.261439492e-13,2.303778886e-13,1.831774796e-13,3.81821652e-13,2.093630012e-13,3.904275425e-13,2.464403296e-13,3.157088995e-13,1.069669486e-13,1.679184522e-13,8.293903668e-14,8.256222955e-14,3.559079652e-14,1.478208767e-13,5.074625343e-14,3.824566399e-14,1.661228476e-13,1.115971878e-13,5.107556281e-13,2.754548502e-14,2.941735615e-13,5.926982754e-14
88.5,1.667306606e-13,2.233464556e-13,3.163808651e-13,2.139193632e-13,5.793747599e-13,7.899871079e-14,4.845323595e-14,1.755948549e-13,1.819512601e-13,5.654211713e-14,2.242452617e-13,2.290827367e-13,1.810822127e-13,3.824615213e-13,2.0965911e-13,3.894269168e-13,2.502203988e-13,3.142436536e-13,1.064563301e-13,1.643283076e-13,8.237416146e-14,8.232452452e-14,3.596582988e-14,1.474944162e-13,5.009406626e-14,3.872388319e-14,1.641912896e-13,1.112249923e-13,4.998325322e-13,2.80384583e-14,2.904454485e-13,5.947805192e-14
88.5078125,1.696905935e-13,2.245967526e-13,3.111785474e-13,2.120665539e-13,5.789622484e-13,7.881907159e-14,4.779438292e-14,1.751863972e-13,1.816337741e-13,5.633585285e-14,2.222242227e-13,2.277260624e-13,1.790071846e-13,3.829867459e-13,2.098582299e-13,3.882971596e-13,2.540347885e-13,3.127075937e-13,1.05911236e-13,1.608884504e-13,8.184798472e-14,8.206716219e-14,3.639140216e-14,1.471976568e-13,4.943895755e-14,3.923518794e-14,1.623454619e-13,1.107922302e-13,4.890019869e-13,2.854647919e-14,2.867326553e-13,5.959588745e-14
88.515625,1.726034178e-13,2.254337729e-13,3.059380602e-13,2.099562572e-13,5.782620272e-13,7.859325835e-14,4.716647261e-14,1.746803728e-13,1.812302334e-13,5.618001377e-14,2.201027548e-13,2.261864536e-13,1.768767853e-13,3.83280927e-13,2.098814461e-13,3.868981574e-13,2.577454234e-13,3.10965128e-13,1.052881638e-13,1.575561849e-13,8.134807231e-14,8.176965315e-14,3.683453838e-14,1.469254046e-13,4.876071356e-14,3.976970051e-14,1.604499177e-13,1.102615603e-13,4.782595453e-13,2.90793348e-14,2.829181415e-13,5.970985068e-14
88.5234375,1.755844768e-13,2.26398771e-13,3.005819654e-13,2.07828683e-13,5.771949383e-13,7.833960077e-14,4.655976387e-14,1.740700774e-13,1.807521596e-13,5.602890619e-14,2.179449399e-13,2.245086437e-13,1.746769007e-13,3.834936198e-13,2.099347519e-13,3.854332017e-13,2.61474858e-13,3.092216153e-13,1.04556346e-13,1.54142621e-13,8.088403836e-14,8.143109379e-14,3.730796194e-14,1.466596227e-13,4.807713731e-14,4.034065534e-14,1.584872366e-13,1.097090961e-13,4.676353173e-13,2.964654168e-14,2.789900084e-13,5.983561415e-14
88.53125,1.787147813e-13,2.277256633e-13,2.951336802e-13,2.058442808e-13,5.758517482e-13,7.814342174e-14,4.596614331e-14,1.73398966e-13,1.802084546e-13,5.58565e-14,2.157340599e-13,2.227904818e-13,1.725184673e-13,3.837537689e-13,2.10059871e-13,3.839422662e-13,2.653335652e-13,3.07654555e-13,1.037972001e-13,1.506761657e-13,8.042866903e-14,8.107659898e-14,3.783891648e-14,1.463796278e-13,4.742502952e-14,4.091406555e-14,1.56581805e-13,1.09196228e-13,4.572381995e-13,3.020537726e-14,2.751134275e-13,5.990939137e-14
88.5390625,1.819820191e-13,2.289126369e-13,2.8963833e-13,2.038087464e-13,5.742897869e-13,7.798665887e-14,4.538947404e-14,1.726663244e-13,1.795633315e-13,5.569910939e-14,2.134004748e-13,2.209605904e-13,1.703479198e-13,3.839008943e-13,2.101209749e-13,3.822904827e-13,2.692445302e-13,3.060335902e-13,1.030237338e-13,1.472710831e-13,7.997321811e-14,8.069637512e-14,3.839680371e-14,1.460672024e-13,4.678486611e-14,4.145681731e-14,1.546895446e-13,1.08624777e-13,4.469551589e-13,3.072580852e-14,2.712660647e-13,5.993926113e-14
88.546875,1.851308836e-13,2.299234495e-13,2.841543704e-13,2.0169458e-13,5.723777475e-13,7.780177249e-14,4.481515874e-14,1.718112765e-13,1.788515616e-13,5.556123635e-14,2.110009811e-13,2.190040507e-13,1.680962983e-13,3.838758443e-13,2.102360862e-13,3.805909523e-13,2.731006036e-13,3.041507267e-13,1.021482762e-13,1.438902157e-13,7.957064924e-14,8.029976751e-14,3.896478586e-14,1.457472962e-13,4.612277799e-14,4.204998945e-14,1.527233961e-13,1.07912888e-13,4.367188798e-13,3.126060238e-14,2.673791629e-13,5.995597919e-14
88.5546875,1.881023843e-13,2.310783719e-13,2.787433372e-13,1.996612082e-13,5.701079972e-13,7.7633901e-14,4.425800967e-14,1.708656845e-13,1.781307642e-13,5.54177075e-14,2.086434104e-13,2.1700559e-13,1.658585236e-13,3.838502774e-13,2.105793533e-13,3.790148396e-13,2.76965888e-13,3.021896308e-13,1.012157199e-13,1.405063498e-13,7.922263355e-14,7.991782859e-14,3.958689031e-14,1.454362657e-13,4.546567608e-14,4.274342306e-14,1.507863358e-13,1.071885034e-13,4.266742178e-13,3.185900587e-14,2.635573322e-13,5.994005824e-14
88.5625,1.912923794e-13,2.321662136e-13,2.733691271e-13,1.976039557e-13,5.676865142e-13,7.754348368e-14,4.374316206e-14,1.699098228e-13,1.773496083e-13,5.526273263e-14,2.06277777e-13,2.149069846e-13,1.636287354e-13,3.838724508e-13,2.110299937e-13,3.775275139e-13,2.810301174e-13,3.003937884e-13,1.003155671e-13,1.371942191e-13,7.887466042e-14,7.951049027e-14,4.02789448e-14,1.450842704e-13,4.484693362e-14,4.34434041e-14,1.48887352e-13,1.065385752e-13,4.167015688e-13,3.248545754e-14,2.597494458e-13,5.989985311e-14
88.5703125,1.947333436e-13,2.330572356e-13,2.679796793e-13,1.953815933e-13,5.651645687e-13,7.748026303e-14,4.324253399e-14,1.689202954e-13,1.764835009e-13,5.510739982e-14,2.038261768e-13,2.126485981e-13,1.613463254e-13,3.838265063e-13,2.114517936e-13,3.76098771e-13,2.852505916e-13,2.987467991e-13,9.936768918e-14,1.340169055e-13,7.853926858e-14,7.905252238e-14,4.100697117e-14,1.446867555e-13,4.425168264e-14,4.412213799e-14,1.46928731e-13,1.058232893e-13,4.067136052e-13,3.30933223e-14,2.558263349e-13,5.986031674e-14
88.578125,1.980411981e-13,2.340295883e-13,2.626173407e-13,1.931283058e-13,5.624104222e-13,7.739028217e-14,4.275117109e-14,1.678721158e-13,1.756362249e-13,5.497520656e-14,2.013416879e-13,2.103434907e-13,1.590980704e-13,3.836579809e-13,2.119164065e-13,3.747551368e-13,2.893725344e-13,2.970646848e-13,9.831526797e-14,1.309693687e-13,7.826699285e-14,7.861831474e-14,4.175927023e-14,1.443411976e-13,4.36663715e-14,4.486176835e-14,1.450160182e-13,1.050144733e-13,3.970476317e-13,3.368868086e-14,2.519521247e-13,5.98009097e-14
88.5859375,2.01292678e-13,2.350522411e-13,2.573069926e-13,1.909663705e-13,5.594217635e-13,7.729858558e-14,4.230691478e-14,1.667913726e-13,1.748239196e-13,5.487237413e-14,1.98861908e-13,2.080399091e-13,1.568847623e-13,3.833989959e-13,2.124909622e-13,3.734774707e-13,2.93438395e-13,2.952363808e-13,9.723913303e-14,1.279552803e-13,7.805239536e-14,7.822607231e-14,4.254521481e-14,1.440649408e-13,4.309707298e-14,4.565080243e-14,1.431997779e-13,1.042489537e-13,3.87668084e-13,3.428005806e-14,2.482339632e-13,5.971273908e-14
88.59375,2.047295133e-13,2.360383684e-13,2.519908223e-13,1.888266213e-13,5.562757815e-13,7.722787521e-14,4.188824353e-14,1.655958904e-13,1.739044069e-13,5.477664055e-14,1.963638496e-13,2.056485346e-13,1.545898841e-13,3.830825871e-13,2.13170688e-13,3.722880526e-13,2.97694223e-13,2.93359009e-13,9.61464986e-14,1.249164401e-13,7.786426003e-14,7.780076588e-14,4.335637628e-14,1.437265203e-13,4.25327606e-14,4.643526245e-14,1.413195693e-13,1.034735593e-13,3.781198217e-13,3.486223217e-14,2.444773426e-13,5.961569593e-14
88.6015625,2.081703107e-13,2.37177408e-13,2.46640562e-13,1.866456114e-13,5.529201528e-13,7.718053772e-14,4.146331414e-14,1.642082482e-13,1.728517491e-13,5.468281236e-14,1.938633066e-13,2.031598725e-13,1.522532018e-13,3.827112487e-13,2.139757379e-13,3.712161677e-13,3.020674494e-13,2.915510499e-13,9.499515243e-14,1.21963926e-13,7.768597217e-14,7.734022026e-14,4.419070027e-14,1.432709696e-13,4.196752479e-14,4.725449655e-14,1.394043196e-13,1.025943243e-13,3.685190986e-13,3.544459518e-14,2.406298848e-13,5.950165176e-14
88.609375,2.114998809e-13,2.38363252e-13,2.413112753e-13,1.844731243e-13,5.492265969e-13,7.717671188e-14,4.106804862e-14,1.627580036e-13,1.717912937e-13,5.459325645e-14,1.913691351e-13,2.006193775e-13,1.499410765e-13,3.822327358e-13,2.149132413e-13,3.70231231e-13,3.063761514e-13,2.897362558e-13,9.382540845e-14,1.191583753e-13,7.752376037e-14,7.689227544e-14,4.507115509e-14,1.427951724e-13,4.143250856e-14,4.814178639e-14,1.375770694e-13,1.017010254e-13,3.592438993e-13,3.60209444e-14,2.368200834e-13,5.935894662e-14
88.6171875,2.14866507e-13,2.394409556e-13,2.36079163e-13,1.823451114e-13,5.451743214e-13,7.720556699e-14,4.071793018e-14,1.6134281e-13,1.707127171e-13,5.451075742e-14,1.888909605e-13,1.980148951e-13,1.475881481e-13,3.816238459e-13,2.159863999e-13,3.693692705e-13,3.107332352e-13,2.878812869e-13,9.265555847e-14,1.163892221e-13,7.742974882e-14,7.643827565e-14,4.600571076e-14,1.423427107e-13,4.094892784e-14,4.907463437e-14,1.357517738e-13,1.007909804e-13,3.502096778e-13,3.65754283e-14,2.330589212e-13,5.920290698e-14
88.625,2.182533718e-13,2.406102657e-13,2.310016679e-13,1.801581065e-13,5.409223015e-13,7.723285324e-14,4.038539593e-14,1.598687684e-13,1.69520372e-13,5.44843651e-14,1.864784014e-13,1.953781789e-13,1.452275261e-13,3.809935138e-13,2.172389371e-13,3.686813087e-13,3.152580088e-13,2.861402156e-13,9.146898562e-14,1.136457284e-13,7.743252153e-14,7.595957709e-14,4.697064047e-14,1.418951273e-13,4.049255177e-14,5.004848969e-14,1.339128171e-13,9.976412063e-14,3.41338062e-13,3.713316822e-14,2.293983167e-13,5.902875552e-14
88.6328125,2.21533854e-13,2.418211317e-13,2.261050736e-13,1.778216356e-13,5.365647596e-13,7.728111126e-14,4.006673747e-14,1.583170542e-13,1.682875146e-13,5.453571203e-14,1.841156288e-13,1.927696525e-13,1.429779465e-13,3.803826663e-13,2.186404736e-13,3.680831096e-13,3.198265419e-13,2.844956374e-13,9.029006012e-14,1.110423913e-13,7.746766295e-14,7.549251077e-14,4.795313354e-14,1.415218891e-13,4.003630163e-14,5.106235971e-14,1.321475334e-13,9.868001983e-14,3.327468449e-13,3.771380215e-14,2.259525737e-13,5.880499379e-14
88.640625,2.24775607e-13,2.429610661e-13,2.213473854e-13,1.754355582e-13,5.319946705e-13,7.738211108e-14,3.975760487e-14,1.567607375e-13,1.670889278e-13,5.459239013e-14,1.817854777e-13,1.901362978e-13,1.407680417e-13,3.796671924e-13,2.200817414e-13,3.674400885e-13,3.24330659e-13,2.827711054e-13,8.912716492e-14,1.085492054e-13,7.749973415e-14,7.505620294e-14,4.896986055e-14,1.412235438e-13,3.958366654e-14,5.208984722e-14,1.30368843e-13,9.764391924e-14,3.243219767e-13,3.829508643e-14,2.226115209e-13,5.853361501e-14
88.6484375,2.281640531e-13,2.443578599e-13,2.166412225e-13,1.730972427e-13,5.272656604e-13,7.750713641e-14,3.944834141e-14,1.55169919e-13,1.658453803e-13,5.462546279e-14,1.795535232e-13,1.874198514e-13,1.384668993e-13,3.788903438e-13,2.215438364e-13,3.666737374e-13,3.287707457e-13,2.810329101e-13,8.797645698e-14,1.060437849e-13,7.759264653e-14,7.463381416e-14,5.003339537e-14,1.40832906e-13,3.914664381e-14,5.311523169e-14,1.285285566e-13,9.668396021e-14,3.159401967e-13,3.887003911e-14,2.192311348e-13,5.82606907e-14
88.65625,2.316870549e-13,2.459580785e-13,2.119579185e-13,1.707695212e-13,5.225346137e-13,7.763441988e-14,3.916622238e-14,1.535582709e-13,1.645698743e-13,5.469115455e-14,1.773442172e-13,1.846671601e-13,1.361427502e-13,3.781748806e-13,2.230649646e-13,3.658519348e-13,3.331228072e-13,2.793671297e-13,8.682548024e-14,1.035498758e-13,7.776489498e-14,7.421589547e-14,5.113518852e-14,1.403712327e-13,3.872317992e-14,5.416190525e-14,1.2672367e-13,9.57838126e-14,3.077453305e-13,3.943927786e-14,2.159104477e-13,5.801350417e-14
88.6640625,2.351154635e-13,2.472553313e-13,2.073288471e-13,1.684382738e-13,5.175825082e-13,7.777892156e-14,3.892869312e-14,1.520171647e-13,1.633426268e-13,5.478932114e-14,1.749856542e-13,1.818693377e-13,1.338814341e-13,3.773320224e-13,2.246335497e-13,3.651960839e-13,3.374348438e-13,2.775814495e-13,8.560018471e-14,1.011673878e-13,7.795880394e-14,7.379857254e-14,5.225835074e-14,1.400668867e-13,3.830163674e-14,5.52609158e-14,1.249320136e-13,9.484471088e-14,2.997962561e-13,3.997999239e-14,2.127105559e-13,5.776277352e-14
88.671875,2.384130971e-13,2.483487984e-13,2.027519211e-13,1.660520088e-13,5.122358018e-13,7.791971736e-14,3.870775538e-14,1.504685874e-13,1.620660045e-13,5.488393198e-14,1.725408201e-13,1.789514541e-13,1.316055414e-13,3.76284669e-13,2.26286061e-13,3.647675836e-13,3.418395559e-13,2.756217828e-13,8.429728537e-14,9.88838221e-14,7.817324262e-14,7.337073682e-14,5.339210951e-14,1.398458571e-13,3.788052422e-14,5.638614035e-14,1.230968979e-13,9.37829749e-14,2.918998672e-13,4.049064351e-14,2.095161738e-13,5.746848404e-14
88.6796875,2.417619067e-13,2.4960518e-13,1.982155188e-13,1.635250503e-13,5.068141171e-13,7.802103902e-14,3.847993057e-14,1.488139573e-13,1.606850852e-13,5.500033953e-14,1.701532381e-13,1.759691658e-13,1.292740457e-13,3.753718211e-13,2.281186651e-13,3.644043834e-13,3.462769595e-13,2.736852555e-13,8.301609014e-14,9.664545434e-14,7.846675391e-14,7.294398687e-14,5.454991486e-14,1.394486197e-13,3.74757587e-14,5.750197152e-14,1.212248467e-13,9.263352685e-14,2.839162837e-13,4.099071858e-14,2.063533586e-13,5.714285613e-14
88.6875,2.451258355e-13,2.509578827e-13,1.937694178e-13,1.61031337e-13,5.014079474e-13,7.812579717e-14,3.82571168e-14,1.471627311e-13,1.593418707e-13,5.516413033e-14,1.677949038e-13,1.730294515e-13,1.269569905e-13,3.746300133e-13,2.301495139e-13,3.640954965e-13,3.505510405e-13,2.717625726e-13,8.173876846e-14,9.445727478e-14,7.886613423e-14,7.25533734e-14,5.57520486e-14,1.389741114e-13,3.709814546e-14,5.865165379e-14,1.192412873e-13,9.145498551e-14,2.759788911e-13,4.14835284e-14,2.033698908e-13,5.683500049e-14
88.6953125,2.483441414e-13,2.52377568e-13,1.894752577e-13,1.587465692e-13,4.956897235e-13,7.830377382e-14,3.807252911e-14,1.455748582e-13,1.580571726e-13,5.53711834e-14,1.654602647e-13,1.701039276e-13,1.24664943e-13,3.737052578e-13,2.323298075e-13,3.639444073e-13,3.546920247e-13,2.697341739e-13,8.038264894e-14,9.228449721e-14,7.934204763e-14,7.219291889e-14,5.69755636e-14,1.386151168e-13,3.674592229e-14,5.986201331e-14,1.171582083e-13,9.02771584e-14,2.683154935e-13,4.196188595e-14,2.005140529e-13,5.655694565e-14
88.703125,2.514689261e-13,2.539505684e-13,1.85343173e-13,1.564169732e-13,4.897481235e-13,7.85255981e-14,3.79318848e-14,1.439766332e-13,1.567281366e-13,5.563374127e-14,1.632166457e-13,1.671396936e-13,1.223899798e-13,3.726355768e-13,2.34625479e-13,3.639392392e-13,3.588559477e-13,2.677211576e-13,7.899349132e-14,9.01171683e-14,7.985685095e-14,7.182529621e-14,5.818688871e-14,1.382629434e-13,3.642417147e-14,6.108240512e-14,1.151461033e-13,8.907169255e-14,2.609446997e-13,4.240806702e-14,1.976755584e-13,5.626884961e-14
88.7109375,2.545822816e-13,2.555563028e-13,1.813393335e-13,1.538547041e-13,4.839285456e-13,7.872218543e-14,3.77910308e-14,1.424025815e-13,1.553833113e-13,5.594649464e-14,1.610490217e-13,1.641690631e-13,1.201814838e-13,3.716913311e-13,2.370484261e-13,3.641288893e-13,3.63016029e-13,2.658323882e-13,7.761725205e-14,8.810031506e-14,8.043716199e-14,7.146012765e-14,5.941180355e-14,1.378689476e-13,3.612983681e-14,6.229821611e-14,1.132068733e-13,8.777566531e-14,2.537256742e-13,4.281522222e-14,1.949324213e-13,5.594044512e-14
88.71875,2.576304993e-13,2.571254601e-13,1.774006109e-13,1.513114743e-13,4.780927882e-13,7.89163622e-14,3.763828623e-14,1.408782048e-13,1.540406482e-13,5.628106156e-14,1.589430641e-13,1.612020055e-13,1.180086809e-13,3.707611819e-13,2.396362507e-13,3.645348166e-13,3.670830185e-13,2.63944827e-13,7.621452276e-14,8.626147954e-14,8.11196344e-14,7.111546826e-14,6.068216994e-14,1.375567388e-13,3.583908831e-14,6.352188768e-14,1.112210774e-13,8.645887865e-14,2.465888776e-13,4.321251991e-14,1.923126792e-13,5.557329549e-14
88.7265625,2.606509977e-13,2.586568722e-13,1.734692855e-13,1.488718347e-13,4.720475162e-13,7.915347867e-14,3.752106039e-14,1.39296812e-13,1.526319393e-13,5.665204097e-14,1.568987662e-13,1.582018287e-13,1.1581259e-13,3.696858744e-13,2.423331016e-13,3.649019704e-13,3.710619775e-13,2.619960445e-13,7.480190132e-14,8.440614609e-14,8.184351932e-14,7.077203648e-14,6.197350975e-14,1.372700107e-13,3.554834864e-14,6.474969435e-14,1.092038524e-13,8.523996722e-14,2.395314939e-13,4.361958309e-14,1.897105603e-13,5.517854624e-14
88.734375,2.638212002e-13,2.600828557e-13,1.695479239e-13,1.46334425e-13,4.66003711e-13,7.94215174e-14,3.74459574e-14,1.376874878e-13,1.512038064e-13,5.710860735e-14,1.548186416e-13,1.551575675e-13,1.136587785e-13,3.686172673e-13,2.450658588e-13,3.651261268e-13,3.74967511e-13,2.600909235e-13,7.342739878e-14,8.251863991e-14,8.25543072e-14,7.044001574e-14,6.326844763e-14,1.369187191e-13,3.527522868e-14,6.602736744e-14,1.071594707e-13,8.406313055e-14,2.32560635e-13,4.402658808e-14,1.871765035e-13,5.478186925e-14
88.7421875,2.67105131e-13,2.614926335e-13,1.656770836e-13,1.438074925e-13,4.599294814e-13,7.972303278e-14,3.738304315e-14,1.361980023e-13,1.498176754e-13,5.767155657e-14,1.526422681e-13,1.520654737e-13,1.115658167e-13,3.675910109e-13,2.479653036e-13,3.655171242e-13,3.788466695e-13,2.582157382e-13,7.204964321e-14,8.075491978e-14,8.329317569e-14,7.01235975e-14,6.45765633e-14,1.365996842e-13,3.501615214e-14,6.735506497e-14,1.050415428e-13,8.283147224e-14,2.25697388e-13,4.44153411e-14,1.847836943e-13,5.440229645e-14
88.75,2.701928587e-13,2.630454864e-13,1.618720818e-13,1.41501685e-13,4.53446706e-13,8.006288142e-14,3.734165634e-14,1.347987838e-13,1.484055335e-13,5.829321531e-14,1.504617716e-13,1.489276508e-13,1.094361775e-13,3.663818988e-13,2.511202118e-13,3.662141085e-13,3.827722292e-13,2.562506682e-13,7.060422415e-14,7.908781283e-14,8.407458407e-14,6.976565838e-14,6.588025008e-14,1.363402652e-13,3.476867901e-14,6.863642705e-14,1.029343749e-13,8.155724778e-14,2.189510407e-13,4.475932218e-14,1.823940091e-13,5.40216795e-14
88.7578125,2.730738951e-13,2.648573676e-13,1.581506624e-13,1.39210999e-13,4.466986566e-13,8.040765658e-14,3.732106571e-14,1.333661254e-13,1.469372349e-13,5.888688666e-14,1.483968745e-13,1.457888723e-13,1.073018094e-13,3.650140623e-13,2.543362028e-13,3.669789315e-13,3.866809588e-13,2.543153697e-13,6.912263044e-14,7.74588133e-14,8.489909289e-14,6.937715512e-14,6.717265321e-14,1.360478979e-13,3.455130898e-14,6.988998199e-14,1.009193162e-13,8.027169437e-14,2.12401745e-13,4.506762586e-14,1.799940134e-13,5.363351168e-14
88.765625,2.761051431e-13,2.669971994e-13,1.545620084e-13,1.367534091e-13,4.401926712e-13,8.077264309e-14,3.728834718e-14,1.31889474e-13,1.454604837e-13,5.944701626e-14,1.46486455e-13,1.426948638e-13,1.052745718e-13,3.637753243e-13,2.575561899e-13,3.677268423e-13,3.904550958e-13,2.526187729e-13,6.770206914e-14,7.594404013e-14,8.583115996e-14,6.904088377e-14,6.84846663e-14,1.357183065e-13,3.435872669e-14,7.121414597e-14,9.894168218e-14,7.902507823e-14,2.061752769e-13,4.53829161e-14,1.77774364e-13,5.325614381e-14
88.7734375,2.792734434e-13,2.691226232e-13,1.511071969e-13,1.343451696e-13,4.33893885e-13,8.118983671e-14,3.725307604e-14,1.30432771e-13,1.440125269e-13,6.00587805e-14,1.446734111e-13,1.396632592e-13,1.033018511e-13,3.626654252e-13,2.609664289e-13,3.685822634e-13,3.941068677e-13,2.510064514e-13,6.637505131e-14,7.452763439e-14,8.685126009e-14,6.875041707e-14,6.980977109e-14,1.354102976e-13,3.41633552e-14,7.255126206e-14,9.697165977e-14,7.787723667e-14,2.00186273e-13,4.568852783e-14,1.757263531e-13,5.287327393e-14
88.78125,2.822463119e-13,2.708709333e-13,1.477322569e-13,1.320808439e-13,4.275122627e-13,8.161512975e-14,3.724368937e-14,1.290660699e-13,1.426367665e-13,6.07469975e-14,1.428919309e-13,1.366849055e-13,1.012794824e-13,3.614759322e-13,2.645234335e-13,3.694826894e-13,3.976337685e-13,2.492128657e-13,6.507286049e-14,7.314665612e-14,8.785695907e-14,6.846645731e-14,7.110871514e-14,1.351580658e-13,3.395598942e-14,7.380567706e-14,9.501839782e-14,7.675744807e-14,1.942365335e-13,4.594524431e-14,1.737464276e-13,5.246769793e-14
88.7890625,2.850402203e-13,2.726462977e-13,1.444310215e-13,1.297748204e-13,4.210999708e-13,8.203425729e-14,3.725212317e-14,1.278168177e-13,1.413068886e-13,6.147379778e-14,1.41168519e-13,1.33700572e-13,9.922753142e-14,3.602354757e-13,2.681070734e-13,3.703589415e-13,4.009107369e-13,2.473086304e-13,6.373656251e-14,7.187896446e-14,8.887384034e-14,6.820909474e-14,7.238020502e-14,1.349446742e-13,3.37418941e-14,7.501606158e-14,9.302733557e-14,7.552640669e-14,1.883730461e-13,4.617204176e-14,1.719101711e-13,5.206812103e-14
88.796875,2.878409052e-13,2.748101058e-13,1.412369039e-13,1.274369155e-13,4.147086955e-13,8.250989042e-14,3.72780691e-14,1.266471753e-13,1.399311068e-13,6.224808349e-14,1.395087952e-13,1.306817222e-13,9.721309812e-14,3.590378561e-13,2.71896811e-13,3.71419206e-13,4.039259629e-13,2.454351928e-13,6.239301109e-14,7.074954456e-14,8.997608887e-14,6.797123264e-14,7.364613201e-14,1.347189343e-13,3.353636887e-14,7.624028758e-14,9.099129062e-14,7.420316619e-14,1.827630013e-13,4.637778991e-14,1.702500073e-13,5.168860932e-14
88.8046875,2.906752571e-13,2.769638953e-13,1.381416889e-13,1.251996445e-13,4.082641932e-13,8.306183589e-14,3.734393537e-14,1.255381331e-13,1.385313652e-13,6.307250856e-14,1.378353909e-13,1.276894204e-13,9.525590116e-14,3.578382864e-13,2.759984423e-13,3.727271107e-13,4.068008807e-13,2.435510543e-13,6.110198394e-14,6.962530437e-14,9.111641956e-14,6.77383044e-14,7.491346198e-14,1.345065153e-13,3.335541425e-14,7.747302845e-14,8.900309417e-14,7.294007062e-14,1.773711418e-13,4.654502462e-14,1.687056462e-13,5.131709505e-14
88.8125,2.935130605e-13,2.789579403e-13,1.35098896e-13,1.22990169e-13,4.018123453e-13,8.365128704e-14,3.745349955e-14,1.245096669e-13,1.371749362e-13,6.39161605e-14,1.361715836e-13,1.247268435e-13,9.331429383e-14,3.566158292e-13,2.802533498e-13,3.740624107e-13,4.094975767e-13,2.416190045e-13,5.98707516e-14,6.847362097e-14,9.224740063e-14,6.754146299e-14,7.616492556e-14,1.343585268e-13,3.318809486e-14,7.868189554e-14,8.708386968e-14,7.176926633e-14,1.720576347e-13,4.668801667e-14,1.673100669e-13,5.095900776e-14
88.8203125,2.962186705e-13,2.810880538e-13,1.320935684e-13,1.207798752e-13,3.953414756e-13,8.423379295e-14,3.75889042e-14,1.235806205e-13,1.358462426e-13,6.481623202e-14,1.346177786e-13,1.217379762e-13,9.136136485e-14,3.553391328e-13,2.846343136e-13,3.75488142e-13,4.119200187e-13,2.396606129e-13,5.865151617e-14,6.741392413e-14,9.340948717e-14,6.736493165e-14,7.737739466e-14,1.342405104e-13,3.302997499e-14,7.984906054e-14,8.516202746e-14,7.059211951e-14,1.668147582e-13,4.681230595e-14,1.660710338e-13,5.062003795e-14
88.828125,2.98783951e-13,2.83265343e-13,1.292113893e-13,1.186788876e-13,3.88848275e-13,8.481051813e-14,3.772645363e-14,1.227731913e-13,1.345483721e-13,6.581815865e-14,1.331498081e-13,1.18776032e-13,8.947075602e-14,3.540063167e-13,2.892302202e-13,3.772247101e-13,4.14210173e-13,2.377580992e-13,5.743519322e-14,6.645994416e-14,9.463210093e-14,6.717076289e-14,7.857068115e-14,1.341515653e-13,3.2907371e-14,8.100803534e-14,8.324419464e-14,6.941709234e-14,1.617548826e-13,4.691121302e-14,1.64933183e-13,5.030045041e-14
88.8359375,3.014709096e-13,2.853435601e-13,1.265500515e-13,1.166029764e-13,3.825338928e-13,8.546337357e-14,3.786111704e-14,1.220517268e-13,1.332772324e-13,6.686092075e-14,1.317038065e-13,1.158892833e-13,8.768332912e-14,3.528014446e-13,2.939840567e-13,3.790719834e-13,4.165122899e-13,2.3602537e-13,5.626767004e-14,6.552617478e-14,9.590150072e-14,6.69868827e-14,7.976915615e-14,1.341099486e-13,3.281609611e-14,8.217698225e-14,8.139015547e-14,6.831322357e-14,1.569343411e-13,4.701005241e-14,1.639118978e-13,4.999672707e-14
88.84375,3.042161226e-13,2.87426208e-13,1.240372651e-13,1.144253521e-13,3.764150475e-13,8.621326763e-14,3.801705159e-14,1.2134154e-13,1.319763143e-13,6.787845384e-14,1.303116283e-13,1.130117976e-13,8.591835469e-14,3.517880047e-13,2.988192104e-13,3.807897515e-13,4.187372371e-13,2.343806299e-13,5.514741937e-14,6.464866069e-14,9.718785689e-14,6.682460158e-14,8.09409645e-14,1.340376392e-13,3.272593418e-14,8.331840128e-14,7.957658907e-14,6.721779262e-14,1.522678303e-13,4.711058572e-14,1.629981961e-13,4.968485981e-14
88.8515625,3.067562969e-13,2.894433653e-13,1.21539617e-13,1.123087988e-13,3.70270233e-13,8.695530176e-14,3.819312347e-14,1.206838782e-13,1.306769777e-13,6.889012861e-14,1.290229147e-13,1.101455792e-13,8.415029364e-14,3.507661598e-13,3.037585296e-13,3.825320257e-13,4.208356882e-13,2.327020978e-13,5.403592036e-14,6.386977557e-14,9.846382258e-14,6.664977887e-14,8.207588676e-14,1.339251387e-13,3.26440691e-14,8.443896072e-14,7.77937281e-14,6.611097207e-14,1.476654752e-13,4.718189916e-14,1.621216605e-13,4.937187088e-14
88.859375,3.092742721e-13,2.914028052e-13,1.190750391e-13,1.104159945e-13,3.640920511e-13,8.766354006e-14,3.835263565e-14,1.201706501e-13,1.294247639e-13,6.992908712e-14,1.27862742e-13,1.073283862e-13,8.240413969e-14,3.496619364e-13,3.088502057e-13,3.84448706e-13,4.228743153e-13,2.311088693e-13,5.29416435e-14,6.309560893e-14,9.974065036e-14,6.646249233e-14,8.31986605e-14,1.338450384e-13,3.257710752e-14,8.55782152e-14,7.610442104e-14,6.511359151e-14,1.431243905e-13,4.723051602e-14,1.61261578e-13,4.909741115e-14
88.8671875,3.11894053e-13,2.934369382e-13,1.166976076e-13,1.086451023e-13,3.580747721e-13,8.840291388e-14,3.85006344e-14,1.197966437e-13,1.281853877e-13,7.10030241e-14,1.268142848e-13,1.045110677e-13,8.062534323e-14,3.486051457e-13,3.141197308e-13,3.865215966e-13,4.248327236e-13,2.296278395e-13,5.188763537e-14,6.23379251e-14,1.01039296e-13,6.628369876e-14,8.428090395e-14,1.337621977e-13,3.250147262e-14,8.672137137e-14,7.447773576e-14,6.422418656e-14,1.38625253e-13,4.727082483e-14,1.604370084e-13,4.88447005e-14
88.875,3.144117602e-13,2.953902614e-13,1.143957141e-13,1.068871363e-13,3.523816198e-13,8.916911599e-14,3.867882434e-14,1.195404138e-13,1.270110097e-13,7.21071384e-14,1.257931214e-13,1.017433482e-13,7.883497084e-14,3.477222985e-13,3.195296838e-13,3.887289509e-13,4.266750585e-13,2.280936313e-13,5.089303727e-14,6.170244797e-14,1.023498334e-13,6.613471279e-14,8.531105662e-14,1.336611675e-13,3.242417498e-14,8.783562236e-14,7.2860302e-14,6.333827219e-14,1.341733524e-13,4.728347323e-14,1.597360881e-13,4.858407169e-14
88.8828125,3.169548731e-13,2.973427573e-13,1.121944269e-13,1.051836864e-13,3.470130265e-13,8.995839142e-14,3.888748648e-14,1.193891076e-13,1.259492897e-13,7.323866517e-14,1.247821252e-13,9.913281766e-14,7.715030849e-14,3.470633161e-13,3.250385744e-13,3.909818216e-13,4.28407942e-13,2.265860624e-13,4.998917531e-14,6.109354786e-14,1.036883741e-13,6.603771836e-14,8.633162185e-14,1.336141354e-13,3.236871993e-14,8.889772678e-14,7.136126114e-14,6.248208127e-14,1.299011409e-13,4.72630057e-14,1.592662669e-13,4.834656983e-14
88.890625,3.197271041e-13,2.996792734e-13,1.101169415e-13,1.036034576e-13,3.417724296e-13,9.079435447e-14,3.910131251e-14,1.192855369e-13,1.248946769e-13,7.441584179e-14,1.238596056e-13,9.660883024e-14,7.555826205e-14,3.465465806e-13,3.306637856e-13,3.932316121e-13,4.299883448e-13,2.252979086e-13,4.915895707e-14,6.042096651e-14,1.050929737e-13,6.597341478e-14,8.732190465e-14,1.335906219e-13,3.231983329e-14,8.990837792e-14,7.004569035e-14,6.172517269e-14,1.258883852e-13,4.723003489e-14,1.589661065e-13,4.814393598e-14
88.8984375,3.224691001e-13,3.022683316e-13,1.081505475e-13,1.021673197e-13,3.365682671e-13,9.162505006e-14,3.931912776e-14,1.192305347e-13,1.238359947e-13,7.5614808e-14,1.230208244e-13,9.411774161e-14,7.40028095e-14,3.460643543e-13,3.363577883e-13,3.955244091e-13,4.313812587e-13,2.241494517e-13,4.835602369e-14,5.981026555e-14,1.065296657e-13,6.591495793e-14,8.825415466e-14,1.335410449e-13,3.226581644e-14,9.09184493e-14,6.882290954e-14,6.106500979e-14,1.220623576e-13,4.718813682e-14,1.587595247e-13,4.794981515e-14
88.90625,3.248865888e-13,3.048826725e-13,1.063254528e-13,1.008206762e-13,3.314369992e-13,9.24097212e-14,3.953595282e-14,1.192840333e-13,1.228495557e-13,7.675547477e-14,1.222352105e-13,9.173924098e-14,7.252137199e-14,3.455797089e-13,3.420510566e-13,3.978070684e-13,4.325622847e-13,2.230076141e-13,4.758240438e-14,5.927703044e-14,1.079404133e-13,6.586622692e-14,8.917480463e-14,1.33510173e-13,3.222696305e-14,9.193043295e-14,6.769737336e-14,6.046658622e-14,1.183896993e-13,4.711850704e-14,1.587210639e-13,4.777042534e-14
88.9140625,3.270225948e-13,3.075858837e-13,1.046208071e-13,9.947621989e-14,3.26307174e-13,9.318710903e-14,3.973003206e-14,1.19450031e-13,1.218581453e-13,7.78614959e-14,1.215583961e-13,8.94342493e-14,7.10974028e-14,3.450583927e-13,3.47827252e-13,4.00114272e-13,4.335303868e-13,2.219231579e-13,4.684339692e-14,5.870695738e-14,1.093371933e-13,6.580994116e-14,9.00776308e-14,1.335029442e-13,3.221183184e-14,9.28835161e-14,6.671618812e-14,5.984597918e-14,1.149046359e-13,4.70164827e-14,1.588194018e-13,4.761999417e-14
88.921875,3.292363651e-13,3.100214696e-13,1.029417029e-13,9.813881494e-14,3.213098167e-13,9.399577701e-14,3.990912151e-14,1.197349415e-13,1.208473037e-13,7.906035397e-14,1.209435567e-13,8.712914704e-14,6.969649775e-14,3.446044921e-13,3.537392894e-13,4.026376824e-13,4.344568598e-13,2.210024193e-13,4.613659316e-14,5.815208446e-14,1.107257197e-13,6.573832688e-14,9.091145512e-14,1.335310485e-13,3.221059794e-14,9.379284347e-14,6.579313206e-14,5.917681589e-14,1.115812241e-13,4.690646625e-14,1.589211761e-13,4.750568014e-14
88.9296875,3.318022971e-13,3.120308261e-13,1.012838719e-13,9.687872645e-14,3.166432617e-13,9.485339037e-14,4.010387962e-14,1.201791862e-13,1.199444726e-13,8.037324014e-14,1.202586838e-13,8.489098951e-14,6.83686814e-14,3.443186302e-13,3.596736009e-13,4.053182803e-13,4.354489367e-13,2.202234015e-13,4.548830859e-14,5.768816337e-14,1.12075243e-13,6.568173918e-14,9.168766687e-14,1.336668729e-13,3.221117385e-14,9.469623102e-14,6.490606265e-14,5.85905164e-14,1.083684142e-13,4.680516178e-14,1.590458307e-13,4.744222471e-14
88.9375,3.342943533e-13,3.142606501e-13,9.96715208e-14,9.572656439e-14,3.119628438e-13,9.573100874e-14,4.031508456e-14,1.207670887e-13,1.190986797e-13,8.17352164e-14,1.195622308e-13,8.272030486e-14,6.708383381e-14,3.439157941e-13,3.656218497e-13,4.07973841e-13,4.362821218e-13,2.193815885e-13,4.487353134e-14,5.726417942e-14,1.134216699e-13,6.561577965e-14,9.239622881e-14,1.338702263e-13,3.219922931e-14,9.554311571e-14,6.411331277e-14,5.814479357e-14,1.052452949e-13,4.669568665e-14,1.592253878e-13,4.740225612e-14
88.9453125,3.362719929e-13,3.167316009e-13,9.807223683e-14,9.467278529e-14,3.070476929e-13,9.657628776e-14,4.0525232e-14,1.214683388e-13,1.182088879e-13,8.315435689e-14,1.189747434e-13,8.054638885e-14,6.576709752e-14,3.432403937e-13,3.716878687e-13,4.106508622e-13,4.368022324e-13,2.183965369e-13,4.423799327e-14,5.686755625e-14,1.148124087e-13,6.550318566e-14,9.299742363e-14,1.340564064e-13,3.217952835e-14,9.629526999e-14,6.336240018e-14,5.772596474e-14,1.022140542e-13,4.6561025e-14,1.594398898e-13,4.735314666e-14
88.953125,3.381451947e-13,3.1883529e-13,9.65301174e-14,9.362714004e-14,3.023484932e-13,9.739396987e-14,4.07301274e-14,1.223045095e-13,1.173691626e-13,8.465644671e-14,1.184515961e-13,7.842218942e-14,6.448608215e-14,3.426543469e-13,3.778012956e-13,4.133490829e-13,4.371338201e-13,2.17501846e-13,4.362499294e-14,5.650348203e-14,1.162005002e-13,6.538879799e-14,9.352534766e-14,1.342795933e-13,3.217226463e-14,9.698157972e-14,6.26561762e-14,5.729885371e-14,9.931980435e-14,4.641145687e-14,1.597886662e-13,4.732966253e-14
88.9609375,3.401657656e-13,3.208510573e-13,9.508671449e-14,9.248143185e-14,2.979563482e-13,9.815892164e-14,4.092380271e-14,1.232871026e-13,1.166205564e-13,8.622077684e-14,1.179657402e-13,7.639643398e-14,6.329814603e-14,3.422433423e-13,3.83853184e-13,4.15977199e-13,4.372914385e-13,2.167914588e-13,4.307851796e-14,5.61232822e-14,1.175321561e-13,6.528462019e-14,9.400911849e-14,1.345913224e-13,3.217426553e-14,9.763172603e-14,6.211168596e-14,5.69231001e-14,9.659671452e-14,4.625420009e-14,1.603003423e-13,4.734904339e-14
88.96875,3.420334766e-13,3.231568196e-13,9.365407795e-14,9.135070317e-14,2.935030486e-13,9.884803438e-14,4.110755985e-14,1.243788558e-13,1.15889406e-13,8.7837415e-14,1.175744894e-13,7.443389682e-14,6.214808832e-14,3.417551213e-13,3.899443896e-13,4.186844758e-13,4.372474427e-13,2.161064017e-13,4.255386467e-14,5.574775848e-14,1.187987926e-13,6.51415431e-14,9.441346426e-14,1.349432867e-13,3.217244355e-14,9.826061797e-14,6.171640414e-14,5.659277408e-14,9.401344807e-14,4.606937539e-14,1.608512055e-13,4.737205159e-14
88.9765625,3.439557191e-13,3.253250409e-13,9.222904825e-14,9.042102765e-14,2.89166198e-13,9.960839592e-14,4.13053821e-14,1.255379435e-13,1.151971889e-13,8.948182744e-14,1.172351538e-13,7.255266198e-14,6.104266395e-14,3.413671013e-13,3.961552692e-13,4.21582047e-13,4.372121481e-13,2.155086096e-13,4.206029737e-14,5.542602849e-14,1.200091181e-13,6.49925997e-14,9.473426621e-14,1.353310114e-13,3.21720219e-14,9.885122634e-14,6.141473011e-14,5.631850466e-14,9.1551407e-14,4.585280185e-14,1.615004618e-13,4.739320494e-14
88.984375,3.461496475e-13,3.273124326e-13,9.091469091e-14,8.959118206e-14,2.852247888e-13,1.005297479e-13,4.152314356e-14,1.267740827e-13,1.145619008e-13,9.110724756e-14,1.168820074e-13,7.076459498e-14,6.003048574e-14,3.41280844e-13,4.023697868e-13,4.244512882e-13,4.372532755e-13,2.151022471e-13,4.16435069e-14,5.511695903e-14,1.212269863e-13,6.489138707e-14,9.500411394e-14,1.35779982e-13,3.217217151e-14,9.936504602e-14,6.125968861e-14,5.613947553e-14,8.923712788e-14,4.563531491e-14,1.623939964e-13,4.742941892e-14
88.9921875,3.481436339e-13,3.294295878e-13,8.96377387e-14,8.872124337e-14,2.813886802e-13,1.0146086e-13,4.174533153e-14,1.281325054e-13,1.139357944e-13,9.274112929e-14,1.165482543e-13,6.900434769e-14,5.907777247e-14,3.41214668e-13,4.085196906e-13,4.271862066e-13,4.371468461e-13,2.14675595e-13,4.123820079e-14,5.480754636e-14,1.224750925e-13,6.47957353e-14,9.523016309e-14,1.362484605e-13,3.21617698e-14,9.981107465e-14,6.125495633e-14,5.598505202e-14,8.706016521e-14,4.541292569e-14,1.634021532e-13,4.748399216e-14
89,3.49883562e-13,3.313564817e-13,8.825348794e-14,8.790754196e-14,2.775010134e-13,1.02302728e-13,4.196963185e-14,1.296250675e-13,1.133569919e-13,9.446005466e-14,1.16236149e-13,6.726269535e-14,5.814285726e-14,3.410199502e-13,4.146378733e-13,4.299816821e-13,4.368990271e-13,2.141469984e-13,4.078790962e-14,5.457004167e-14,1.236461284e-13,6.467318724e-14,9.539018786e-14,1.367410018e-13,3.214704962e-14,1.002336467e-13,6.134044351e-14,5.579115457e-14,8.495635774e-14,4.515687962e-14,1.643364581e-13,4.758944602e-14
89.0078125,3.517675379e-13,3.328895061e-13,8.684967637e-14,8.717775618e-14,2.737796194e-13,1.030931639e-13,4.218444557e-14,1.312535068e-13,1.128676559e-13,9.627946717e-14,1.159017483e-13,6.560130545e-14,5.722094832e-14,3.408545849e-13,4.207019449e-13,4.329148144e-13,4.366979748e-13,2.137079024e-13,4.036186498e-14,5.441668988e-14,1.247212201e-13,6.454950297e-14,9.54626089e-14,1.373384605e-13,3.21398252e-14,1.006714953e-13,6.148441377e-14,5.562820331e-14,8.289796556e-14,4.491512673e-14,1.652589266e-13,4.776623406e-14
89.015625,3.536875588e-13,3.344462015e-13,8.560546872e-14,8.647282483e-14,2.702487679e-13,1.038725033e-13,4.237747308e-14,1.330311415e-13,1.123976551e-13,9.814944108e-14,1.155878626e-13,6.403257874e-14,5.63057511e-14,3.407733038e-13,4.26785638e-13,4.359119884e-13,4.364522821e-13,2.133874733e-13,4.001411031e-14,5.429403698e-14,1.258206994e-13,6.442082924e-14,9.547211656e-14,1.379784403e-13,3.214651541e-14,1.011486738e-13,6.165924973e-14,5.555052172e-14,8.09470583e-14,4.473923324e-14,1.662776884e-13,4.797561351e-14
89.0234375,3.555720913e-13,3.362270896e-13,8.451911325e-14,8.587238714e-14,2.668166237e-13,1.047193232e-13,4.257833173e-14,1.349230734e-13,1.119103578e-13,1.000135242e-13,1.153792951e-13,6.252253797e-14,5.543169308e-14,3.40785983e-13,4.330359686e-13,4.39011624e-13,4.36058441e-13,2.131798195e-13,3.972205914e-14,5.420280075e-14,1.269349407e-13,6.426654288e-14,9.545064847e-14,1.385186749e-13,3.218395795e-14,1.016281554e-13,6.190998115e-14,5.553050624e-14,7.916154851e-14,4.455762382e-14,1.673434594e-13,4.820141436e-14
89.03125,3.575484734e-13,3.380538969e-13,8.346940832e-14,8.533430322e-14,2.635336588e-13,1.056064084e-13,4.280404166e-14,1.369029048e-13,1.11472443e-13,1.018822265e-13,1.15267492e-13,6.106268319e-14,5.46687866e-14,3.408578763e-13,4.392703859e-13,4.421501011e-13,4.355976826e-13,2.131883703e-13,3.945385434e-14,5.415226496e-14,1.279542961e-13,6.409294032e-14,9.536575915e-14,1.390565027e-13,3.225389176e-14,1.020297865e-13,6.231295157e-14,5.553296283e-14,7.751179949e-14,4.429562616e-14,1.684118739e-13,4.84759118e-14
89.0390625,3.593030625e-13,3.397517732e-13,8.240668913e-14,8.471545573e-14,2.604256834e-13,1.063876129e-13,4.302742264e-14,1.389995187e-13,1.111165833e-13,1.038333959e-13,1.151775864e-13,5.966876913e-14,5.402288716e-14,3.40857344e-13,4.452028789e-13,4.450562513e-13,4.349326657e-13,2.13294302e-13,3.917957654e-14,5.407916937e-14,1.288900939e-13,6.391462982e-14,9.520300209e-14,1.397463175e-13,3.232194706e-14,1.023292445e-13,6.282607621e-14,5.553173285e-14,7.598023172e-14,4.399747117e-14,1.695741311e-13,4.880264815e-14
89.046875,3.608049293e-13,3.412750216e-13,8.139597992e-14,8.415700836e-14,2.574578983e-13,1.071497851e-13,4.324568654e-14,1.411863182e-13,1.10775857e-13,1.058663857e-13,1.151118444e-13,5.83394411e-14,5.342926148e-14,3.408579796e-13,4.509982088e-13,4.477138057e-13,4.339555657e-13,2.133644572e-13,3.891451478e-14,5.394210749e-14,1.298068809e-13,6.374567207e-14,9.500852767e-14,1.404673348e-13,3.237096678e-14,1.025665825e-13,6.34259446e-14,5.555832823e-14,7.460775383e-14,4.372276124e-14,1.708744233e-13,4.914226018e-14
89.0546875,3.625183231e-13,3.428170857e-13,8.05025944e-14,8.377582516e-14,2.545898313e-13,1.08047132e-13,4.347288468e-14,1.434242605e-13,1.103976675e-13,1.078930191e-13,1.151449163e-13,5.706274195e-14,5.284749983e-14,3.410013589e-13,4.569210626e-13,4.503884283e-13,4.329957878e-13,2.135727652e-13,3.871793023e-14,5.37842725e-14,1.307074164e-13,6.357529772e-14,9.477125128e-14,1.411252527e-13,3.242180976e-14,1.027775594e-13,6.416861014e-14,5.566619244e-14,7.338225133e-14,4.347194235e-14,1.721807862e-13,4.946319562e-14
89.0625,3.643028259e-13,3.44480179e-13,7.969731411e-14,8.340625473e-14,2.517739765e-13,1.089515419e-13,4.369580984e-14,1.457579466e-13,1.100295326e-13,1.099224653e-13,1.152561725e-13,5.585129935e-14,5.22921653e-14,3.411862206e-13,4.628939749e-13,4.531275528e-13,4.32159388e-13,2.139904678e-13,3.85846102e-14,5.364047213e-14,1.315585553e-13,6.336975324e-14,9.444415112e-14,1.418376547e-13,3.247948344e-14,1.029548285e-13,6.502342563e-14,5.581899041e-14,7.226633865e-14,4.323294018e-14,1.734271167e-13,4.977678839e-14
89.0703125,3.658127106e-13,3.459813817e-13,7.894061495e-14,8.303942029e-14,2.49063898e-13,1.097775957e-13,4.391580991e-14,1.481788925e-13,1.097068785e-13,1.120173712e-13,1.153459133e-13,5.472371057e-14,5.178269792e-14,3.413845799e-13,4.688280001e-13,4.557760092e-13,4.310615563e-13,2.144603157e-13,3.847929638e-14,5.348392334e-14,1.323369812e-13,6.313440087e-14,9.4050621e-14,1.42565576e-13,3.253025767e-14,1.030744718e-13,6.596314951e-14,5.599329272e-14,7.128106531e-14,4.300350766e-14,1.747465441e-13,5.011546289e-14
89.078125,3.672864858e-13,3.471909269e-13,7.824920988e-14,8.276663105e-14,2.465471171e-13,1.106194408e-13,4.414841523e-14,1.506202584e-13,1.0938653e-13,1.141313724e-13,1.154074634e-13,5.367116396e-14,5.133735625e-14,3.417025573e-13,4.746944539e-13,4.582763639e-13,4.296065424e-13,2.14963822e-13,3.841377385e-14,5.328163784e-14,1.330927502e-13,6.289721909e-14,9.361576559e-14,1.431906057e-13,3.257850252e-14,1.031453886e-13,6.701878029e-14,5.622533298e-14,7.041456658e-14,4.278191511e-14,1.762053513e-13,5.048285651e-14
89.0859375,3.688122595e-13,3.484033063e-13,7.760647887e-14,8.246293601e-14,2.441575385e-13,1.11445491e-13,4.437722688e-14,1.531222675e-13,1.090677767e-13,1.162396705e-13,1.155101661e-13,5.26682407e-14,5.097796168e-14,3.420247609e-13,4.803579331e-13,4.606873035e-13,4.280578725e-13,2.15570556e-13,3.836724744e-14,5.30719028e-14,1.338927117e-13,6.265207511e-14,9.31196803e-14,1.438487403e-13,3.262982952e-14,1.03184894e-13,6.813011057e-14,5.64888013e-14,6.96332616e-14,4.256204662e-14,1.777019654e-13,5.087317123e-14
89.09375,3.701976551e-13,3.497995217e-13,7.697895292e-14,8.21702319e-14,2.418049535e-13,1.122248266e-13,4.45861494e-14,1.557522063e-13,1.08788148e-13,1.184237657e-13,1.157138873e-13,5.170152795e-14,5.067210846e-14,3.422264463e-13,4.859137879e-13,4.631936982e-13,4.265488205e-13,2.16308304e-13,3.831569479e-14,5.294552676e-14,1.346936833e-13,6.238762316e-14,9.25715724e-14,1.446477937e-13,3.268331962e-14,1.032056785e-13,6.92708657e-14,5.680286309e-14,6.900093518e-14,4.235175461e-14,1.791415474e-13,5.130293392e-14
89.1015625,3.715491519e-13,3.511193972e-13,7.639162442e-14,8.211970315e-14,2.395340103e-13,1.130406865e-13,4.478897108e-14,1.584997922e-13,1.085332536e-13,1.206653022e-13,1.160424563e-13,5.07896292e-14,5.03605842e-14,3.424172149e-13,4.916134483e-13,4.659349132e-13,4.251464706e-13,2.172025538e-13,3.831690681e-14,5.291456318e-14,1.354279279e-13,6.210565103e-14,9.198510073e-14,1.454910552e-13,3.275256037e-14,1.032535357e-13,7.049977367e-14,5.723564651e-14,6.853786278e-14,4.217732819e-14,1.804758629e-13,5.176933817e-14
89.109375,3.729697344e-13,3.520298975e-13,7.583707031e-14,8.218432083e-14,2.374304732e-13,1.138660919e-13,4.500157597e-14,1.613562689e-13,1.083169401e-13,1.228512264e-13,1.164105738e-13,4.99559962e-14,5.006098081e-14,3.426865401e-13,4.973270233e-13,4.68722573e-13,4.238499677e-13,2.1815315e-13,3.838922086e-14,5.291055325e-14,1.360994331e-13,6.180875442e-14,9.133220134e-14,1.463702609e-13,3.283711837e-14,1.033275966e-13,7.174784235e-14,5.768142044e-14,6.810089148e-14,4.202837741e-14,1.817462998e-13,5.225584848e-14
89.1171875,3.743960624e-13,3.526956009e-13,7.528999041e-14,8.21395064e-14,2.355333429e-13,1.146642515e-13,4.522637753e-14,1.643023662e-13,1.08173391e-13,1.250144762e-13,1.167191397e-13,4.919566036e-14,4.981981278e-14,3.430548608e-13,5.028144217e-13,4.713431172e-13,4.2250782e-13,2.190459479e-13,3.848382859e-14,5.292958309e-14,1.367165737e-13,6.151443764e-14,9.061470561e-14,1.473130542e-13,3.291154016e-14,1.033581124e-13,7.296904204e-14,5.808592959e-14,6.763135222e-14,4.187767426e-14,1.831058016e-13,5.27747906e-14
89.125,3.757403931e-13,3.534866657e-13,7.48085557e-14,8.215920429e-14,2.337683996e-13,1.154708978e-13,4.544427663e-14,1.672934742e-13,1.080452479e-13,1.27285644e-13,1.170203165e-13,4.850995687e-14,4.962595481e-14,3.434943884e-13,5.081219883e-13,4.738548104e-13,4.210849569e-13,2.199406094e-13,3.859411336e-14,5.299952752e-14,1.372849796e-13,6.122295219e-14,8.987362453e-14,1.48240999e-13,3.29737803e-14,1.03360499e-13,7.428587294e-14,5.862404041e-14,6.725826193e-14,4.175544793e-14,1.84560313e-13,5.332676439e-14
89.1328125,3.767785745e-13,3.541790834e-13,7.436174988e-14,8.237004058e-14,2.319367693e-13,1.161975983e-13,4.562676617e-14,1.703439493e-13,1.078922043e-13,1.296789316e-13,1.173495176e-13,4.78888978e-14,4.946365027e-14,3.437845681e-13,5.132063262e-13,4.762426732e-13,4.196171288e-13,2.208650071e-13,3.869420058e-14,5.306107839e-14,1.377967758e-13,6.08972186e-14,8.910681814e-14,1.491903334e-13,3.30376615e-14,1.033672895e-13,7.571615439e-14,5.927703875e-14,6.703397975e-14,4.167212985e-14,1.859343964e-13,5.389088827e-14
89.140625,3.775462207e-13,3.544242515e-13,7.379974245e-14,8.252512432e-14,2.299340522e-13,1.167890891e-13,4.577987089e-14,1.73469312e-13,1.077519862e-13,1.32112037e-13,1.17626884e-13,4.726098079e-14,4.933983112e-14,3.437731588e-13,5.179129391e-13,4.783689888e-13,4.180213869e-13,2.218088944e-13,3.874826466e-14,5.303574239e-14,1.382011888e-13,6.052338315e-14,8.828319339e-14,1.502550649e-13,3.31005856e-14,1.032842264e-13,7.718669582e-14,5.982016499e-14,6.69023797e-14,4.156093816e-14,1.871847191e-13,5.446304845e-14
89.1484375,3.783452243e-13,3.545241346e-13,7.318737977e-14,8.255777664e-14,2.278968987e-13,1.173788935e-13,4.593989149e-14,1.766152987e-13,1.07609195e-13,1.345417898e-13,1.178817563e-13,4.661074046e-14,4.9253902e-14,3.436485014e-13,5.224523504e-13,4.803695892e-13,4.162947034e-13,2.228730196e-13,3.882934361e-14,5.293274357e-14,1.385253477e-13,6.011733028e-14,8.739595392e-14,1.513223201e-13,3.317485851e-14,1.030887887e-13,7.87378749e-14,6.027092869e-14,6.690061946e-14,4.13995945e-14,1.883981952e-13,5.50265817e-14
89.15625,3.790506204e-13,3.54708093e-13,7.274838086e-14,8.273778914e-14,2.26049374e-13,1.180209147e-13,4.61253874e-14,1.7976393e-13,1.074594172e-13,1.369852878e-13,1.182025949e-13,4.604624617e-14,4.922032924e-14,3.436607817e-13,5.271530367e-13,4.825096841e-13,4.145238009e-13,2.240700818e-13,3.898675273e-14,5.284616423e-14,1.388516904e-13,5.969477709e-14,8.64405364e-14,1.522703121e-13,3.327747157e-14,1.028845867e-13,8.038551299e-14,6.077344775e-14,6.707111308e-14,4.123839346e-14,1.89649829e-13,5.557254901e-14
89.1640625,3.795464613e-13,3.547687272e-13,7.247932764e-14,8.308847507e-14,2.244911364e-13,1.18635009e-13,4.632251886e-14,1.829654112e-13,1.073880917e-13,1.394554585e-13,1.185311201e-13,4.562781502e-14,4.926339993e-14,3.438814027e-13,5.319226636e-13,4.847767172e-13,4.127158411e-13,2.25344512e-13,3.9156334e-14,5.286902393e-14,1.391404231e-13,5.928476737e-14,8.542792018e-14,1.532276063e-13,3.338052615e-14,1.026588991e-13,8.211952619e-14,6.134195966e-14,6.736070728e-14,4.110961643e-14,1.910595082e-13,5.614431315e-14
89.171875,3.801652866e-13,3.547580889e-13,7.225102125e-14,8.337718711e-14,2.231228014e-13,1.191874845e-13,4.650993285e-14,1.862315914e-13,1.073998597e-13,1.419373272e-13,1.188058092e-13,4.531202013e-14,4.939056049e-14,3.442538941e-13,5.36503259e-13,4.870198339e-13,4.108975527e-13,2.267700606e-13,3.932052388e-14,5.297891914e-14,1.393445124e-13,5.889509349e-14,8.441473755e-14,1.543521617e-13,3.346452668e-14,1.023775207e-13,8.402122011e-14,6.196619866e-14,6.777954317e-14,4.102301844e-14,1.926551305e-13,5.674815762e-14
89.1796875,3.808878636e-13,3.547335761e-13,7.209230199e-14,8.36346817e-14,2.218110325e-13,1.197107693e-13,4.669146669e-14,1.895117317e-13,1.074113213e-13,1.444348128e-13,1.190706485e-13,4.506860521e-14,4.960030357e-14,3.446975642e-13,5.409524216e-13,4.892592656e-13,4.091741951e-13,2.283780729e-13,3.951084308e-14,5.307879687e-14,1.39532911e-13,5.849975896e-14,8.342060777e-14,1.555457352e-13,3.356890854e-14,1.021420475e-13,8.605275544e-14,6.261789175e-14,6.835772959e-14,4.097056282e-14,1.942955339e-13,5.734052987e-14
89.1875,3.814341733e-13,3.544803981e-13,7.204933997e-14,8.402686784e-14,2.205505459e-13,1.202710595e-13,4.688419679e-14,1.927694499e-13,1.074185918e-13,1.469626519e-13,1.193629352e-13,4.487227804e-14,4.985358777e-14,3.451739782e-13,5.45449047e-13,4.915796238e-13,4.076030793e-13,2.301075767e-13,3.972208146e-14,5.315039857e-14,1.397115177e-13,5.810292445e-14,8.239114783e-14,1.566251798e-13,3.371259707e-14,1.019567653e-13,8.806241629e-14,6.327110977e-14,6.900991723e-14,4.092280101e-14,1.959318805e-13,5.793465274e-14
89.1953125,3.818841985e-13,3.54166613e-13,7.203886138e-14,8.449669659e-14,2.193144748e-13,1.208440535e-13,4.707224948e-14,1.960260969e-13,1.07453978e-13,1.494908198e-13,1.196981048e-13,4.468915289e-14,5.010312274e-14,3.455740454e-13,5.499080446e-13,4.939199764e-13,4.060315491e-13,2.31943686e-13,3.995960777e-14,5.324065892e-14,1.398104968e-13,5.770864893e-14,8.13043552e-14,1.576574544e-13,3.385610474e-14,1.017025928e-13,9.009365271e-14,6.398283937e-14,6.973736993e-14,4.087099978e-14,1.975886561e-13,5.854297102e-14
89.203125,3.822353611e-13,3.540165259e-13,7.202655211e-14,8.497719082e-14,2.180638604e-13,1.212993714e-13,4.722816942e-14,1.993021126e-13,1.07511723e-13,1.519935468e-13,1.200621284e-13,4.455215396e-14,5.038989917e-14,3.458124419e-13,5.541759818e-13,4.9618501e-13,4.041704945e-13,2.338560804e-13,4.022119501e-14,5.337157817e-14,1.398530037e-13,5.728828005e-14,8.01936722e-14,1.587966612e-13,3.398138532e-14,1.01393255e-13,9.22759031e-14,6.472826897e-14,7.066795657e-14,4.080682364e-14,1.992199302e-13,5.912434609e-14
89.2109375,3.823995827e-13,3.537362516e-13,7.211706725e-14,8.55300521e-14,2.169436008e-13,1.216795594e-13,4.736434068e-14,2.025562374e-13,1.075866851e-13,1.544984026e-13,1.204080647e-13,4.450596338e-14,5.077512821e-14,3.461131593e-13,5.583360942e-13,4.983756103e-13,4.020329594e-13,2.358404201e-13,4.048873314e-14,5.353133193e-14,1.398965092e-13,5.685870063e-14,7.907022739e-14,1.599348085e-13,3.411395371e-14,1.0111032e-13,9.457553679e-14,6.54233911e-14,7.178895899e-14,4.070810726e-14,2.008704659e-13,5.970287449e-14
89.21875,3.82489383e-13,3.532053611e-13,7.236562048e-14,8.614411758e-14,2.159889092e-13,1.221118542e-13,4.75043878e-14,2.057601024e-13,1.076519458e-13,1.570255143e-13,1.207493765e-13,4.452344308e-14,5.123731463e-14,3.466022612e-13,5.624516434e-13,5.004867225e-13,3.999193354e-13,2.379357147e-13,4.077827051e-14,5.368524261e-14,1.399300776e-13,5.643457181e-14,7.792663937e-14,1.609500618e-13,3.42672338e-14,1.008539946e-13,9.692435802e-14,6.610931677e-14,7.301755912e-14,4.059728985e-14,2.025548358e-13,6.033179656e-14
89.2265625,3.823451049e-13,3.525730744e-13,7.266457111e-14,8.674896577e-14,2.14943702e-13,1.224842645e-13,4.764332598e-14,2.089685086e-13,1.07675722e-13,1.595799178e-13,1.211084934e-13,4.456590563e-14,5.175269955e-14,3.469516122e-13,5.66332404e-13,5.024819308e-13,3.978915713e-13,2.400641607e-13,4.106380616e-14,5.382929001e-14,1.399086654e-13,5.594591037e-14,7.676375972e-14,1.619937161e-13,3.443540878e-14,1.00617537e-13,9.930403502e-14,6.677892822e-14,7.438332768e-14,4.050719378e-14,2.040558015e-13,6.096742005e-14
89.234375,3.818730578e-13,3.517416845e-13,7.290870226e-14,8.735076824e-14,2.137346022e-13,1.227189995e-13,4.776796229e-14,2.122194014e-13,1.076765182e-13,1.621748247e-13,1.214695449e-13,4.462382714e-14,5.231839186e-14,3.470327226e-13,5.698891288e-13,5.043850975e-13,3.958706983e-13,2.421648752e-13,4.130998908e-14,5.4018912e-14,1.397877277e-13,5.537898263e-14,7.558091655e-14,1.631467138e-13,3.461313445e-14,1.003881389e-13,1.01667499e-13,6.737226769e-14,7.587392549e-14,4.042599201e-14,2.052980263e-13,6.156697478e-14
89.2421875,3.815037786e-13,3.508429064e-13,7.314505126e-14,8.803993838e-14,2.125324275e-13,1.229873331e-13,4.788109413e-14,2.154710256e-13,1.076642749e-13,1.647814126e-13,1.218924929e-13,4.470625558e-14,5.287981326e-14,3.471139808e-13,5.733790327e-13,5.062790923e-13,3.939501213e-13,2.443194466e-13,4.160275381e-14,5.428432796e-14,1.395812192e-13,5.482862249e-14,7.439413174e-14,1.642849462e-13,3.479058129e-14,1.001234449e-13,1.040209746e-13,6.802952593e-14,7.740044587e-14,4.035064213e-14,2.064966587e-13,6.216586907e-14
89.25,3.812921234e-13,3.501777013e-13,7.346739797e-14,8.887310942e-14,2.113782456e-13,1.233288852e-13,4.79990526e-14,2.187105388e-13,1.076424775e-13,1.673767384e-13,1.224122916e-13,4.485783615e-14,5.342813486e-14,3.47266871e-13,5.769972303e-13,5.082181252e-13,3.9215485e-13,2.465789022e-13,4.199127552e-14,5.459654489e-14,1.393593658e-13,5.431744847e-14,7.322288148e-14,1.654091398e-13,3.496764237e-14,9.982826344e-14,1.064253465e-13,6.884099843e-14,7.896672584e-14,4.029291597e-14,2.077610654e-13,6.277643372e-14
89.2578125,3.808144706e-13,3.49365923e-13,7.388568673e-14,8.972517875e-14,2.102872704e-13,1.236061987e-13,4.81281968e-14,2.219607859e-13,1.076515696e-13,1.70024506e-13,1.229187603e-13,4.51001389e-14,5.408144971e-14,3.474462462e-13,5.805106758e-13,5.10085634e-13,3.903763479e-13,2.489467571e-13,4.236433209e-14,5.490694425e-14,1.39121482e-13,5.378052569e-14,7.204703929e-14,1.665616732e-13,3.516733946e-14,9.953236563e-14,1.088367786e-13,6.961416874e-14,8.063205872e-14,4.024276088e-14,2.090377193e-13,6.336989314e-14
89.265625,3.800530856e-13,3.479692836e-13,7.434792047e-14,9.047533414e-14,2.093017415e-13,1.238027776e-13,4.824815047e-14,2.251520792e-13,1.07667704e-13,1.727435395e-13,1.233706177e-13,4.53692086e-14,5.490190924e-14,3.476917844e-13,5.836079371e-13,5.11694625e-13,3.885482845e-13,2.513805516e-13,4.265656963e-14,5.51717249e-14,1.388205498e-13,5.320586089e-14,7.084892263e-14,1.676247426e-13,3.539915592e-14,9.924986522e-14,1.112041048e-13,7.024204828e-14,8.240530119e-14,4.019498005e-14,2.102809516e-13,6.39398812e-14
89.2734375,3.791971703e-13,3.464485403e-13,7.477904133e-14,9.121460991e-14,2.082731885e-13,1.239271679e-13,4.833338437e-14,2.282077307e-13,1.076202722e-13,1.754211526e-13,1.23842228e-13,4.561905876e-14,5.576671057e-14,3.478452837e-13,5.863443587e-13,5.131130609e-13,3.866075614e-13,2.537437182e-13,4.292810617e-14,5.541123577e-14,1.385017166e-13,5.261882738e-14,6.966186089e-14,1.685928377e-13,3.563318297e-14,9.899181872e-14,1.136083142e-13,7.083752904e-14,8.425830821e-14,4.013978714e-14,2.114383072e-13,6.449854789e-14
89.28125,3.782507594e-13,3.453424422e-13,7.515275342e-14,9.199422579e-14,2.070816317e-13,1.239184786e-13,4.837359735e-14,2.312002759e-13,1.075424709e-13,1.780030677e-13,1.243258956e-13,4.589938065e-14,5.65553697e-14,3.477611234e-13,5.889200529e-13,5.145096503e-13,3.845477399e-13,2.559912367e-13,4.322196429e-14,5.570893187e-14,1.382407254e-13,5.201205934e-14,6.851017502e-14,1.696111506e-13,3.583620327e-14,9.872988593e-14,1.160647988e-13,7.145809995e-14,8.616274682e-14,4.005511833e-14,2.125045069e-13,6.505101121e-14
89.2890625,3.771738214e-13,3.443815777e-13,7.559307383e-14,9.278148571e-14,2.058749399e-13,1.23823391e-13,4.83823039e-14,2.341856409e-13,1.074928794e-13,1.805983077e-13,1.24793224e-13,4.625185651e-14,5.73335348e-14,3.475749461e-13,5.913858373e-13,5.158679908e-13,3.82435848e-13,2.58207988e-13,4.352825698e-14,5.61015354e-14,1.380222735e-13,5.138137502e-14,6.735613575e-14,1.70655128e-13,3.601855493e-14,9.846381474e-14,1.184551055e-13,7.210201842e-14,8.813043381e-14,3.996805194e-14,2.135288784e-13,6.559594785e-14
89.296875,3.758764301e-13,3.430950665e-13,7.622013073e-14,9.363262711e-14,2.048298028e-13,1.237610469e-13,4.840553664e-14,2.370791105e-13,1.074485542e-13,1.833044094e-13,1.252762746e-13,4.664271886e-14,5.820135673e-14,3.473843598e-13,5.937961324e-13,5.172255003e-13,3.803195087e-13,2.604605249e-13,4.383333676e-14,5.654949436e-14,1.377756551e-13,5.075958244e-14,6.61682715e-14,1.716491553e-13,3.622750593e-14,9.82682523e-14,1.207757625e-13,7.277097971e-14,9.017542422e-14,3.991426745e-14,2.145330875e-13,6.615448006e-14
89.3046875,3.744458199e-13,3.415323602e-13,7.693167154e-14,9.450871603e-14,2.03906231e-13,1.237507116e-13,4.846956066e-14,2.398736049e-13,1.073983231e-13,1.860819968e-13,1.257612165e-13,4.704117533e-14,5.910754983e-14,3.471595454e-13,5.962126411e-13,5.186564192e-13,3.783145236e-13,2.627843831e-13,4.414588319e-14,5.70055705e-14,1.37448538e-13,5.017007519e-14,6.498892309e-14,1.72707869e-13,3.648404266e-14,9.811666797e-14,1.231463086e-13,7.339520672e-14,9.227773952e-14,3.985420208e-14,2.155456974e-13,6.675440072e-14
89.3125,3.730584256e-13,3.39932195e-13,7.761287282e-14,9.537049409e-14,2.028860367e-13,1.237186633e-13,4.853271888e-14,2.426620183e-13,1.073530178e-13,1.888521258e-13,1.262293389e-13,4.747475115e-14,5.999308519e-14,3.468627625e-13,5.985730341e-13,5.200525116e-13,3.76472437e-13,2.651246732e-13,4.448087097e-14,5.74866129e-14,1.370382443e-13,4.957631428e-14,6.386367654e-14,1.738814123e-13,3.675750391e-14,9.79259345e-14,1.255874427e-13,7.395487157e-14,9.4488763e-14,3.975728132e-14,2.165202101e-13,6.735378049e-14
89.3203125,3.715132188e-13,3.382383757e-13,7.835323488e-14,9.637326454e-14,2.016773535e-13,1.236077813e-13,4.855637586e-14,2.454185028e-13,1.072987517e-13,1.916007979e-13,1.26709261e-13,4.798189893e-14,6.091541207e-14,3.464321046e-13,6.008412601e-13,5.214658217e-13,3.746724917e-13,2.674150725e-13,4.483109619e-14,5.807994169e-14,1.365876258e-13,4.893736315e-14,6.276900875e-14,1.75013649e-13,3.703091545e-14,9.778291844e-14,1.280149069e-13,7.455078629e-14,9.686717527e-14,3.967300996e-14,2.173357152e-13,6.790143961e-14
89.328125,3.697406313e-13,3.364295846e-13,7.918504366e-14,9.745862884e-14,2.004688446e-13,1.234669928e-13,4.856076366e-14,2.480807201e-13,1.072428453e-13,1.9433629e-13,1.271960285e-13,4.855193173e-14,6.189470846e-14,3.459487603e-13,6.030108555e-13,5.230454709e-13,3.729715046e-13,2.697415313e-13,4.520457591e-14,5.879151195e-14,1.361500549e-13,4.828804847e-14,6.168159419e-14,1.76053744e-13,3.732768387e-14,9.77632447e-14,1.303834231e-13,7.520248038e-14,9.929733309e-14,3.963165705e-14,2.180540741e-13,6.84455133e-14
89.3359375,3.680322626e-13,3.347685898e-13,7.999763409e-14,9.843269322e-14,1.993859846e-13,1.233705103e-13,4.857239364e-14,2.506781367e-13,1.071742583e-13,1.970423882e-13,1.277061372e-13,4.915219974e-14,6.290520922e-14,3.455905153e-13,6.050179944e-13,5.245569214e-13,3.714705938e-13,2.721304176e-13,4.562538799e-14,5.947534584e-14,1.357696671e-13,4.767099154e-14,6.062632786e-14,1.770914045e-13,3.765463045e-14,9.77642477e-14,1.327226576e-13,7.58432292e-14,1.01693925e-13,3.96032425e-14,2.187896711e-13,6.902003768e-14
89.34375,3.662470868e-13,3.332487638e-13,8.08095743e-14,9.945312573e-14,1.983403569e-13,1.232541598e-13,4.859291687e-14,2.531938998e-13,1.070490881e-13,1.997373826e-13,1.282925654e-13,4.978532129e-14,6.399779499e-14,3.452949985e-13,6.068946053e-13,5.258136858e-13,3.698994608e-13,2.745012719e-13,4.606997428e-14,6.007254375e-14,1.354359243e-13,4.706243196e-14,5.96151227e-14,1.780632106e-13,3.799711479e-14,9.775881434e-14,1.350494931e-13,7.648413567e-14,1.042047092e-13,3.956594159e-14,2.194423809e-13,6.957341219e-14
89.3515625,3.641196953e-13,3.315220234e-13,8.168765861e-14,1.006294006e-13,1.97252645e-13,1.230196136e-13,4.860786501e-14,2.555791781e-13,1.068960661e-13,2.024833517e-13,1.289004403e-13,5.04458529e-14,6.517770502e-14,3.448464072e-13,6.086537261e-13,5.270243829e-13,3.680731072e-13,2.768681091e-13,4.649970387e-14,6.074822883e-14,1.350533936e-13,4.644671876e-14,5.864035968e-14,1.788655275e-13,3.835154938e-14,9.783006414e-14,1.37368112e-13,7.713810811e-14,1.069156318e-13,3.951098571e-14,2.199572975e-13,7.010243076e-14
89.359375,3.618680752e-13,3.295705414e-13,8.25880401e-14,1.01787058e-13,1.960554335e-13,1.227025345e-13,4.859520599e-14,2.578864644e-13,1.067549232e-13,2.052872234e-13,1.294530649e-13,5.109359457e-14,6.637096471e-14,3.441958425e-13,6.101589905e-13,5.282333915e-13,3.662258468e-13,2.792043061e-13,4.690948583e-14,6.162986039e-14,1.345611257e-13,4.584042629e-14,5.771071289e-14,1.796227541e-13,3.871450532e-14,9.796512889e-14,1.397769244e-13,7.776293368e-14,1.097000411e-13,3.944045634e-14,2.204701644e-13,7.063391401e-14
89.3671875,3.595805015e-13,3.275944079e-13,8.354110823e-14,1.029296307e-13,1.947906177e-13,1.223565888e-13,4.856437402e-14,2.601553846e-13,1.065849531e-13,2.080886841e-13,1.300005911e-13,5.174205488e-14,6.759667639e-14,3.435193146e-13,6.114610364e-13,5.292879654e-13,3.644773281e-13,2.815077398e-13,4.731065491e-14,6.259851587e-14,1.340153856e-13,4.523200136e-14,5.682442634e-14,1.804546445e-13,3.908564431e-14,9.811531097e-14,1.423170895e-13,7.835842843e-14,1.124907679e-13,3.938466948e-14,2.210539123e-13,7.113524025e-14
89.375,3.571436051e-13,3.255136326e-13,8.460285423e-14,1.041037993e-13,1.936706504e-13,1.219769017e-13,4.855087054e-14,2.623248555e-13,1.063709975e-13,2.108599701e-13,1.305794628e-13,5.243081768e-14,6.887110425e-14,3.429738149e-13,6.127691177e-13,5.302335251e-13,3.627107914e-13,2.839176643e-13,4.773164262e-14,6.350068561e-14,1.334811682e-13,4.461404205e-14,5.596739857e-14,1.812634777e-13,3.946733613e-14,9.826944435e-14,1.448275435e-13,7.891352361e-14,1.153356251e-13,3.933106427e-14,2.216452949e-13,7.161071708e-14
89.3828125,3.545876053e-13,3.233198919e-13,8.572292738e-14,1.052247248e-13,1.92620051e-13,1.215892066e-13,4.855278118e-14,2.643541989e-13,1.061302117e-13,2.136358873e-13,1.311671593e-13,5.312717658e-14,7.012049745e-14,3.423981105e-13,6.140987361e-13,5.311651063e-13,3.609411085e-13,2.863229907e-13,4.817975156e-14,6.441135722e-14,1.329834662e-13,4.400343406e-14,5.514543088e-14,1.819962797e-13,3.984603719e-14,9.842082332e-14,1.472844778e-13,7.940931119e-14,1.18244955e-13,3.923228943e-14,2.221342081e-13,7.209533793e-14
89.390625,3.517537449e-13,3.212634646e-13,8.694177106e-14,1.064110452e-13,1.913482628e-13,1.211878307e-13,4.85388966e-14,2.662709217e-13,1.058376523e-13,2.164406616e-13,1.318206796e-13,5.381796211e-14,7.138651575e-14,3.415647918e-13,6.154141103e-13,5.321223486e-13,3.592253306e-13,2.885258748e-13,4.862264363e-14,6.547694592e-14,1.325323645e-13,4.338707048e-14,5.436148107e-14,1.827317507e-13,4.023125929e-14,9.862825055e-14,1.498626597e-13,7.993923648e-14,1.212115763e-13,3.913356417e-14,2.224943455e-13,7.254833757e-14
89.3984375,3.486201321e-13,3.193185792e-13,8.829766001e-14,1.077806447e-13,1.899697811e-13,1.207021666e-13,4.849949152e-14,2.68116152e-13,1.055057876e-13,2.192362994e-13,1.325710699e-13,5.455550384e-14,7.276219601e-14,3.406027318e-13,6.167223607e-13,5.331588126e-13,3.575259503e-13,2.907027318e-13,4.907075745e-14,6.664603067e-14,1.320730272e-13,4.275343827e-14,5.360089621e-14,1.834731689e-13,4.065774658e-14,9.894925347e-14,1.525163354e-13,8.05325049e-14,1.242404447e-13,3.90879699e-14,2.228461222e-13,7.295220404e-14
89.40625,3.455445837e-13,3.172584723e-13,8.965834355e-14,1.091928214e-13,1.887068501e-13,1.201665713e-13,4.845103969e-14,2.698951946e-13,1.051720903e-13,2.219833853e-13,1.33308443e-13,5.533561104e-14,7.418614554e-14,3.396813751e-13,6.179548551e-13,5.342539782e-13,3.559051188e-13,2.929356606e-13,4.955429144e-14,6.778876061e-14,1.315633018e-13,4.212827208e-14,5.286453837e-14,1.841826741e-13,4.111697359e-14,9.933743779e-14,1.551086372e-13,8.106172381e-14,1.273355391e-13,3.901914705e-14,2.232075176e-13,7.336813333e-14
89.4140625,3.423876552e-13,3.151686706e-13,9.104456062e-14,1.105814399e-13,1.874091817e-13,1.196783193e-13,4.841945535e-14,2.715317432e-13,1.047962077e-13,2.247273533e-13,1.339776246e-13,5.612842491e-14,7.560891412e-14,3.386798249e-13,6.191163863e-13,5.353615333e-13,3.544343613e-13,2.950224682e-13,5.004457752e-14,6.891853742e-14,1.310793795e-13,4.150948597e-14,5.216570826e-14,1.84853215e-13,4.158462233e-14,9.977240587e-14,1.576665535e-13,8.154743268e-14,1.305188468e-13,3.88921679e-14,2.234400898e-13,7.380426047e-14
89.421875,3.387473528e-13,3.131228849e-13,9.261015318e-14,1.120018442e-13,1.859540133e-13,1.191920238e-13,4.840610672e-14,2.729421337e-13,1.043510558e-13,2.275337211e-13,1.346586618e-13,5.695994179e-14,7.707420903e-14,3.374703372e-13,6.202047171e-13,5.364202539e-13,3.529482683e-13,2.969761946e-13,5.052108678e-14,7.010257035e-14,1.306470495e-13,4.086729869e-14,5.149390248e-14,1.85445e-13,4.206858066e-14,1.002963001e-13,1.601203486e-13,8.211403299e-14,1.337682737e-13,3.879861877e-14,2.235343384e-13,7.421539184e-14
89.4296875,3.349010861e-13,3.108447199e-13,9.428228212e-14,1.1344803e-13,1.84468815e-13,1.186312629e-13,4.838106559e-14,2.741893699e-13,1.038931108e-13,2.303650939e-13,1.353925973e-13,5.783859827e-14,7.856552619e-14,3.361113115e-13,6.210787851e-13,5.373354457e-13,3.513269637e-13,2.988846821e-13,5.101211208e-14,7.131853181e-14,1.301706155e-13,4.02127669e-14,5.082670387e-14,1.859773401e-13,4.256383152e-14,1.008988556e-13,1.624364586e-13,8.268729202e-14,1.370230706e-13,3.874546779e-14,2.235686871e-13,7.459230059e-14
89.4375,3.311701246e-13,3.083261101e-13,9.596335778e-14,1.149281714e-13,1.830710667e-13,1.180555849e-13,4.833793424e-14,2.754105549e-13,1.034569063e-13,2.331370032e-13,1.361528791e-13,5.87471564e-14,8.007311455e-14,3.347773452e-13,6.217837754e-13,5.381844664e-13,3.497455476e-13,3.007113924e-13,5.154372251e-14,7.253474984e-14,1.29636701e-13,3.957990093e-14,5.017096571e-14,1.865136623e-13,4.305922234e-14,1.015463568e-13,1.648319396e-13,8.318565043e-14,1.402674093e-13,3.865335958e-14,2.23573734e-13,7.494233873e-14
89.4453125,3.273400286e-13,3.059757991e-13,9.769700487e-14,1.164760832e-13,1.817407614e-13,1.175092314e-13,4.828952346e-14,2.76586427e-13,1.03014689e-13,2.358517311e-13,1.369305428e-13,5.968454472e-14,8.163233148e-14,3.335230477e-13,6.224686613e-13,5.390897874e-13,3.482828123e-13,3.024986382e-13,5.2113215e-14,7.381846051e-14,1.291003106e-13,3.896726559e-14,4.954684868e-14,1.869915875e-13,4.356703938e-14,1.022222477e-13,1.673255848e-13,8.36872913e-14,1.43480486e-13,3.852500256e-14,2.23576905e-13,7.526948826e-14
89.453125,3.232274047e-13,3.037691485e-13,9.946761706e-14,1.18093775e-13,1.802780808e-13,1.169266088e-13,4.822012556e-14,2.775938743e-13,1.025293284e-13,2.385641181e-13,1.377019365e-13,6.063615505e-14,8.320192709e-14,3.320756264e-13,6.230226454e-13,5.399551472e-13,3.468103019e-13,3.042047021e-13,5.266999914e-14,7.523457536e-14,1.285470523e-13,3.833617046e-14,4.894971915e-14,1.873881084e-13,4.408400327e-14,1.029217418e-13,1.697506496e-13,8.419789508e-14,1.46668294e-13,3.839330109e-14,2.23489809e-13,7.558448139e-14
89.4609375,3.188449888e-13,3.01303839e-13,1.012761012e-13,1.197068754e-13,1.785930364e-13,1.162799416e-13,4.812162179e-14,2.784503691e-13,1.0199694e-13,2.412563584e-13,1.384301988e-13,6.159797026e-14,8.475143624e-14,3.303256712e-13,6.233727427e-13,5.40702106e-13,3.453721844e-13,3.057460772e-13,5.318461122e-14,7.669481299e-14,1.279934367e-13,3.766975399e-14,4.837839065e-14,1.878169561e-13,4.460449805e-14,1.03679723e-13,1.721714667e-13,8.466449861e-14,1.499064132e-13,3.826098293e-14,2.232194859e-13,7.589387183e-14
89.46875,3.143691125e-13,2.987482998e-13,1.031706304e-13,1.212142526e-13,1.770175605e-13,1.156348833e-13,4.801570378e-14,2.792424157e-13,1.014484936e-13,2.438681368e-13,1.391602427e-13,6.258422197e-14,8.632310109e-14,3.286981298e-13,6.236961146e-13,5.413911457e-13,3.440902682e-13,3.072980693e-13,5.373538406e-14,7.807371265e-14,1.275079945e-13,3.701960355e-14,4.784776216e-14,1.882389304e-13,4.514291387e-14,1.044963901e-13,1.746184647e-13,8.513019317e-14,1.531641747e-13,3.814559644e-14,2.229228655e-13,7.619492195e-14
89.4765625,3.101349668e-13,2.965784149e-13,1.051354199e-13,1.227531443e-13,1.75751332e-13,1.150480515e-13,4.790212463e-14,2.799317987e-13,1.008935785e-13,2.464434887e-13,1.39978562e-13,6.360080902e-14,8.791205536e-14,3.274039009e-13,6.241274919e-13,5.421018796e-13,3.429628944e-13,3.089775101e-13,5.438928244e-14,7.942807295e-14,1.270792296e-13,3.642896258e-14,4.73381772e-14,1.885495548e-13,4.569079188e-14,1.05315411e-13,1.770079624e-13,8.564726175e-14,1.564047352e-13,3.804189774e-14,2.227086082e-13,7.646535144e-14
89.484375,3.060274737e-13,2.946340488e-13,1.072323212e-13,1.245529814e-13,1.744424928e-13,1.14486971e-13,4.775855274e-14,2.804928804e-13,1.003218479e-13,2.490931408e-13,1.408750853e-13,6.467823886e-14,8.950596602e-14,3.260302294e-13,6.246804453e-13,5.430084565e-13,3.420075184e-13,3.106401836e-13,5.509927555e-14,8.094081973e-14,1.266547864e-13,3.585074494e-14,4.682031889e-14,1.888602176e-13,4.623554493e-14,1.061711848e-13,1.79470545e-13,8.625669758e-14,1.597681788e-13,3.79352854e-14,2.224478472e-13,7.669534238e-14
89.4921875,3.015964988e-13,2.92398809e-13,1.095303924e-13,1.265061014e-13,1.72884189e-13,1.138908008e-13,4.758798608e-14,2.809946145e-13,9.973700735e-14,2.51794498e-13,1.417933926e-13,6.579660367e-14,9.113500432e-14,3.243025618e-13,6.252939763e-13,5.441803317e-13,3.411839925e-13,3.122228026e-13,5.581683706e-14,8.268249368e-14,1.262077544e-13,3.524066545e-14,4.63200804e-14,1.892072453e-13,4.679846568e-14,1.071630602e-13,1.820801321e-13,8.697289736e-14,1.63243145e-13,3.786683033e-14,2.220816611e-13,7.692638179e-14
89.5,2.969665122e-13,2.898100945e-13,1.119488014e-13,1.283888485e-13,1.713534611e-13,1.132998818e-13,4.742839452e-14,2.813974646e-13,9.910074786e-14,2.544223393e-13,1.427664525e-13,6.686043937e-14,9.278890694e-14,3.224839225e-13,6.259004481e-13,5.454038168e-13,3.404471386e-13,3.137961702e-13,5.65706994e-14,8.449369105e-14,1.257211712e-13,3.462885452e-14,4.586837397e-14,1.894125914e-13,4.740369245e-14,1.082872652e-13,1.84652519e-13,8.767871754e-14,1.666453732e-13,3.785204844e-14,2.216275538e-13,7.716779341e-14
89.5078125,2.924631994e-13,2.872477914e-13,1.144413134e-13,1.302189112e-13,1.699220941e-13,1.127525824e-13,4.730462556e-14,2.815921876e-13,9.837333479e-14,2.5695653e-13,1.43804385e-13,6.789796375e-14,9.445159501e-14,3.207968407e-13,6.265688915e-13,5.466211478e-13,3.399009178e-13,3.153573138e-13,5.739831668e-14,8.621871746e-14,1.252251045e-13,3.402540908e-14,4.544492391e-14,1.894722258e-13,4.805373187e-14,1.09470524e-13,1.870821086e-13,8.828180987e-14,1.700284394e-13,3.783740453e-14,2.210805684e-13,7.736788014e-14
89.515625,2.879075288e-13,2.850291683e-13,1.169811374e-13,1.321030822e-13,1.683273458e-13,1.121423049e-13,4.71770676e-14,2.816029829e-13,9.762202947e-14,2.594671142e-13,1.447940914e-13,6.902016543e-14,9.61366602e-14,3.190752538e-13,6.273370295e-13,5.480162743e-13,3.394442958e-13,3.168065137e-13,5.827493868e-14,8.799948352e-14,1.2476175e-13,3.340995695e-14,4.503270456e-14,1.895320348e-13,4.871613065e-14,1.10700079e-13,1.894104108e-13,8.88783987e-14,1.734818247e-13,3.780020963e-14,2.205486577e-13,7.752852412e-14
89.5234375,2.832403135e-13,2.830927588e-13,1.195340858e-13,1.340826211e-13,1.666266566e-13,1.114567426e-13,4.70081263e-14,2.815047399e-13,9.690236179e-14,2.619936502e-13,1.457302447e-13,7.020627401e-14,9.782296633e-14,3.172584922e-13,6.281386218e-13,5.495700969e-13,3.389416618e-13,3.181404857e-13,5.916204732e-14,8.997821753e-14,1.24320048e-13,3.281506897e-14,4.465845677e-14,1.896014354e-13,4.935598311e-14,1.120183223e-13,1.91739929e-13,8.958535324e-14,1.769106082e-13,3.777177382e-14,2.201282496e-13,7.768215197e-14
89.53125,2.787056729e-13,2.811529447e-13,1.222605885e-13,1.36106695e-13,1.650935713e-13,1.108680388e-13,4.684173317e-14,2.813158466e-13,9.615486087e-14,2.645360377e-13,1.467701655e-13,7.141244151e-14,9.948887486e-14,3.155928012e-13,6.290151736e-13,5.511511842e-13,3.387217981e-13,3.195412179e-13,6.00903546e-14,9.198828308e-14,1.238915976e-13,3.226669527e-14,4.434625996e-14,1.896514754e-13,5.000643905e-14,1.134385378e-13,1.941872398e-13,9.039009006e-14,1.803438422e-13,3.777859347e-14,2.19743147e-13,7.780634613e-14
89.5390625,2.741063484e-13,2.790754535e-13,1.252405699e-13,1.381304318e-13,1.635982112e-13,1.103759926e-13,4.670511463e-14,2.8102743e-13,9.534018455e-14,2.67024499e-13,1.479382647e-13,7.265620494e-14,1.011660424e-13,3.139817733e-13,6.299245412e-13,5.527810546e-13,3.389194785e-13,3.210274547e-13,6.107444517e-14,9.401722251e-14,1.234547904e-13,3.171974644e-14,4.407453895e-14,1.896507181e-13,5.070863202e-14,1.149437568e-13,1.967151431e-13,9.118357696e-14,1.838708254e-13,3.781406092e-14,2.192740716e-13,7.790296603e-14
89.546875,2.691539033e-13,2.769250018e-13,1.282824406e-13,1.402525514e-13,1.619041852e-13,1.09828427e-13,4.654793313e-14,2.806034508e-13,9.448557931e-14,2.693750582e-13,1.491314084e-13,7.390509739e-14,1.028943546e-13,3.120464508e-13,6.306460494e-13,5.544469814e-13,3.391894403e-13,3.223900358e-13,6.206450164e-14,9.629552152e-14,1.229509422e-13,3.114993887e-14,4.381040758e-14,1.89526772e-13,5.143781777e-14,1.165378408e-13,1.992249364e-13,9.190827766e-14,1.87452923e-13,3.785094259e-14,2.186705167e-13,7.80071683e-14
89.5546875,2.641263639e-13,2.748329322e-13,1.313222782e-13,1.424455592e-13,1.601383563e-13,1.09245332e-13,4.635021852e-14,2.80065109e-13,9.360829893e-14,2.716436298e-13,1.503413071e-13,7.514131101e-14,1.046413148e-13,3.099057812e-13,6.311911058e-13,5.560803162e-13,3.395467868e-13,3.236348893e-13,6.308743152e-14,9.868664696e-14,1.224127899e-13,3.058751726e-14,4.356788731e-14,1.893559569e-13,5.217440257e-14,1.181842602e-13,2.01691717e-13,9.2676093e-14,1.9105973e-13,3.788995952e-14,2.180018711e-13,7.809777831e-14
89.5625,2.592353842e-13,2.72940363e-13,1.344362736e-13,1.445134179e-13,1.584051307e-13,1.086910225e-13,4.613157067e-14,2.794968248e-13,9.271459908e-14,2.738965694e-13,1.516098298e-13,7.639827548e-14,1.06305398e-13,3.078445432e-13,6.317965277e-13,5.577901641e-13,3.401921875e-13,3.248933653e-13,6.419411448e-14,1.009367862e-13,1.219338109e-13,3.004078621e-14,4.338156644e-14,1.892348756e-13,5.292494455e-14,1.198153984e-13,2.041158665e-13,9.353938336e-14,1.946484188e-13,3.794853309e-14,2.173849848e-13,7.816102774e-14
89.5703125,2.542804805e-13,2.712494331e-13,1.376867145e-13,1.465855107e-13,1.566528584e-13,1.081411706e-13,4.589350206e-14,2.788555397e-13,9.179164883e-14,2.760568217e-13,1.529788257e-13,7.768546533e-14,1.079108774e-13,3.057915305e-13,6.326194108e-13,5.597633952e-13,3.4100118e-13,3.261890516e-13,6.533282967e-14,1.032413209e-13,1.215081092e-13,2.949858723e-14,4.324157596e-14,1.890432659e-13,5.369266594e-14,1.215138494e-13,2.066469942e-13,9.435102927e-14,1.982675146e-13,3.800967732e-14,2.168425828e-13,7.823543439e-14
89.578125,2.492369922e-13,2.696306036e-13,1.412291278e-13,1.489228994e-13,1.549751153e-13,1.076424283e-13,4.566032726e-14,2.780577781e-13,9.082453475e-14,2.781418407e-13,1.544729721e-13,7.90440167e-14,1.096170112e-13,3.037554747e-13,6.336770757e-13,5.619887942e-13,3.420142747e-13,3.276249714e-13,6.649515855e-14,1.057814412e-13,1.210798479e-13,2.896634254e-14,4.311126464e-14,1.887477873e-13,5.449563107e-14,1.234035997e-13,2.094038272e-13,9.513200436e-14,2.020848899e-13,3.807494255e-14,2.163825863e-13,7.832011431e-14
89.5859375,2.442388403e-13,2.680888483e-13,1.450407377e-13,1.514012235e-13,1.533727605e-13,1.072433784e-13,4.544737738e-14,2.771706138e-13,8.984885843e-14,2.803144524e-13,1.560045907e-13,8.04990644e-14,1.11413037e-13,3.017800092e-13,6.347813241e-13,5.642994781e-13,3.433786612e-13,3.291885199e-13,6.77471427e-14,1.084244068e-13,1.20623964e-13,2.844668198e-14,4.298303892e-14,1.884853825e-13,5.531809577e-14,1.253866147e-13,2.12193171e-13,9.611535261e-14,2.059674902e-13,3.818331613e-14,2.160041093e-13,7.838487446e-14
89.59375,2.392964754e-13,2.667145421e-13,1.489114615e-13,1.538511831e-13,1.517117275e-13,1.069033469e-13,4.520686765e-14,2.762086501e-13,8.886480192e-14,2.825523024e-13,1.57549764e-13,8.197220132e-14,1.131933343e-13,2.997158661e-13,6.35755932e-13,5.666098734e-13,3.449652512e-13,3.306975464e-13,6.909236329e-14,1.111128825e-13,1.201433474e-13,2.794101809e-14,4.288090424e-14,1.881753802e-13,5.612860539e-14,1.273457193e-13,2.149760094e-13,9.729268445e-14,2.097267657e-13,3.832114426e-14,2.156207218e-13,7.843311921e-14
89.6015625,2.344593344e-13,2.653565923e-13,1.528852836e-13,1.563343061e-13,1.501110336e-13,1.065993204e-13,4.492312826e-14,2.750792232e-13,8.781729093e-14,2.846983022e-13,1.592259595e-13,8.342617294e-14,1.150198471e-13,2.976663932e-13,6.366975834e-13,5.689071295e-13,3.467194067e-13,3.322432232e-13,7.05095447e-14,1.138500098e-13,1.196890572e-13,2.745628307e-14,4.28192631e-14,1.876655256e-13,5.697287302e-14,1.293558449e-13,2.179516206e-13,9.84505705e-14,2.135290413e-13,3.844905197e-14,2.152423209e-13,7.846915614e-14
89.609375,2.296558251e-13,2.637114783e-13,1.569910981e-13,1.588247563e-13,1.486682352e-13,1.062819012e-13,4.463592025e-14,2.73852384e-13,8.675480518e-14,2.867650835e-13,1.60954456e-13,8.489600088e-14,1.168789625e-13,2.957517307e-13,6.376103888e-13,5.710962803e-13,3.486250892e-13,3.339084904e-13,7.196017224e-14,1.165677096e-13,1.192598472e-13,2.69839696e-14,4.277874905e-14,1.870905292e-13,5.786295673e-14,1.314430742e-13,2.209508215e-13,9.953476593e-14,2.173318303e-13,3.858119488e-14,2.149357809e-13,7.848857863e-14
89.6171875,2.246988755e-13,2.618799228e-13,1.610638118e-13,1.612345172e-13,1.472169242e-13,1.059043159e-13,4.434988405e-14,2.726528002e-13,8.577346472e-14,2.888276686e-13,1.625742689e-13,8.640887962e-14,1.186335662e-13,2.937557014e-13,6.383876408e-13,5.731529776e-13,3.505788854e-13,3.355011042e-13,7.341070934e-14,1.192827099e-13,1.187684561e-13,2.651695556e-14,4.27484965e-14,1.866152475e-13,5.87300335e-14,1.335500713e-13,2.237440195e-13,1.006379296e-13,2.209536059e-13,3.873944178e-14,2.14639595e-13,7.849533643e-14
89.625,2.197556125e-13,2.604306532e-13,1.65213499e-13,1.636610691e-13,1.457172318e-13,1.055644875e-13,4.405754897e-14,2.714236273e-13,8.483082745e-14,2.908602694e-13,1.642303687e-13,8.802466363e-14,1.203774904e-13,2.91707841e-13,6.392510815e-13,5.753344409e-13,3.527647426e-13,3.370696341e-13,7.495007257e-14,1.220317607e-13,1.182423055e-13,2.606236301e-14,4.274911442e-14,1.861919166e-13,5.9598381e-14,1.357458229e-13,2.26512399e-13,1.018586932e-13,2.246896678e-13,3.892888587e-14,2.143659306e-13,7.847754606e-14
89.6328125,2.149613422e-13,2.594658006e-13,1.6958346e-13,1.662405005e-13,1.44197942e-13,1.053183442e-13,4.377843092e-14,2.700941252e-13,8.384430354e-14,2.928562394e-13,1.660534767e-13,8.972226742e-14,1.222175437e-13,2.897468885e-13,6.403531202e-13,5.778858316e-13,3.55309389e-13,3.387321361e-13,7.659401424e-14,1.24841161e-13,1.177704175e-13,2.5610728e-14,4.277016849e-14,1.857267954e-13,6.052137119e-14,1.380620888e-13,2.293210689e-13,1.031992255e-13,2.286304996e-13,3.915066048e-14,2.141398147e-13,7.842105905e-14
89.640625,2.099990282e-13,2.583271872e-13,1.739695778e-13,1.689070046e-13,1.425645592e-13,1.050707986e-13,4.351249998e-14,2.686783568e-13,8.282305998e-14,2.948266512e-13,1.678767128e-13,9.135088623e-14,1.239894361e-13,2.876142759e-13,6.414365042e-13,5.806676439e-13,3.57947078e-13,3.403007034e-13,7.818462278e-14,1.277822219e-13,1.172930282e-13,2.514767136e-14,4.278063581e-14,1.851762948e-13,6.143655627e-14,1.40342973e-13,2.320115554e-13,1.045234358e-13,2.323352977e-13,3.936787436e-14,2.137558021e-13,7.834335284e-14
89.6484375,2.048643768e-13,2.568228982e-13,1.782505321e-13,1.714894005e-13,1.409061763e-13,1.048047928e-13,4.32422543e-14,2.671582624e-13,8.178266561e-14,2.966815793e-13,1.696024807e-13,9.289049542e-14,1.256416895e-13,2.85275579e-13,6.42391748e-13,5.833849823e-13,3.605966969e-13,3.41784603e-13,7.973665252e-14,1.307552605e-13,1.167693022e-13,2.468638877e-14,4.2807312e-14,1.8454066e-13,6.231640303e-14,1.42516044e-13,2.346681956e-13,1.057684791e-13,2.357715475e-13,3.955242947e-14,2.131664244e-13,7.827280036e-14
89.65625,1.999692515e-13,2.555200293e-13,1.825061703e-13,1.740045962e-13,1.393832337e-13,1.045691325e-13,4.296165941e-14,2.655338797e-13,8.072226879e-14,2.98333717e-13,1.713193886e-13,9.444427318e-14,1.273301299e-13,2.830576634e-13,6.43311009e-13,5.859780285e-13,3.63365229e-13,3.433462738e-13,8.139882787e-14,1.335695609e-13,1.162837806e-13,2.424968829e-14,4.288115726e-14,1.838446719e-13,6.321720668e-14,1.447037612e-13,2.374538871e-13,1.070232823e-13,2.392678563e-13,3.974102509e-14,2.126278298e-13,7.821423103e-14
89.6640625,1.952738105e-13,2.545244027e-13,1.867831011e-13,1.766098982e-13,1.378966916e-13,1.043340524e-13,4.266692591e-14,2.638564173e-13,7.966706184e-14,2.998667224e-13,1.730932569e-13,9.60180769e-14,1.290639834e-13,2.809359432e-13,6.441359062e-13,5.88548771e-13,3.661814127e-13,3.448278682e-13,8.313145107e-14,1.363106932e-13,1.158261277e-13,2.384370427e-14,4.297704691e-14,1.830777213e-13,6.413312071e-14,1.469838699e-13,2.403579298e-13,1.083486723e-13,2.428172558e-13,3.996308681e-14,2.121874477e-13,7.813897939e-14
89.671875,1.904865269e-13,2.534669186e-13,1.911614412e-13,1.792937303e-13,1.363436129e-13,1.040862003e-13,4.235386247e-14,2.621319451e-13,7.860581613e-14,3.01464603e-13,1.749604873e-13,9.759604772e-14,1.307762078e-13,2.786934865e-13,6.448863055e-13,5.911646423e-13,3.690874078e-13,3.461655325e-13,8.487598672e-14,1.391763959e-13,1.153269296e-13,2.34498883e-14,4.308603929e-14,1.822616696e-13,6.502685986e-14,1.493126744e-13,2.433217837e-13,1.098021386e-13,2.462721741e-13,4.02242739e-14,2.116874733e-13,7.801116656e-14
89.6796875,1.856663127e-13,2.523623023e-13,1.956786639e-13,1.819854742e-13,1.347882441e-13,1.038641051e-13,4.202054863e-14,2.603504437e-13,7.750953533e-14,3.031760603e-13,1.769148714e-13,9.920426225e-14,1.32504002e-13,2.763478855e-13,6.456841468e-13,5.938586834e-13,3.722214871e-13,3.475871666e-13,8.669539259e-14,1.421388531e-13,1.148198033e-13,2.304836352e-14,4.322748996e-14,1.814643197e-13,6.590914745e-14,1.516667973e-13,2.462778019e-13,1.114434616e-13,2.496308794e-13,4.055260095e-14,2.111526968e-13,7.782817844e-14
89.6875,1.80926251e-13,2.513562162e-13,2.002780621e-13,1.847605587e-13,1.332542313e-13,1.036786876e-13,4.167566059e-14,2.58527738e-13,7.642033597e-14,3.048684515e-13,1.788896719e-13,1.008312095e-13,1.342532199e-13,2.739844993e-13,6.46499522e-13,5.966105808e-13,3.755201558e-13,3.491187973e-13,8.858798456e-14,1.450811929e-13,1.143256693e-13,2.265659709e-14,4.339394662e-14,1.806541837e-13,6.680424777e-14,1.540829206e-13,2.491889202e-13,1.131767818e-13,2.529523126e-13,4.094763623e-14,2.107056538e-13,7.761663895e-14
89.6953125,1.762540834e-13,2.504241125e-13,2.049251767e-13,1.875927318e-13,1.316832338e-13,1.035082963e-13,4.133795303e-14,2.566610996e-13,7.536897267e-14,3.064564046e-13,1.808488489e-13,1.024606572e-13,1.359597915e-13,2.716396381e-13,6.473161918e-13,5.993666523e-13,3.788958095e-13,3.505993579e-13,9.049770044e-14,1.480239328e-13,1.138236827e-13,2.228911762e-14,4.357174132e-14,1.797906634e-13,6.771851578e-14,1.565883031e-13,2.520870335e-13,1.148821249e-13,2.562471163e-13,4.13712656e-14,2.103294869e-13,7.740801975e-14
89.703125,1.716834921e-13,2.495874529e-13,2.095434974e-13,1.903184607e-13,1.300560603e-13,1.033367116e-13,4.100764674e-14,2.547494996e-13,7.430258622e-14,3.079766698e-13,1.827735078e-13,1.040790476e-13,1.375961873e-13,2.693092648e-13,6.481602805e-13,6.021460525e-13,3.823588121e-13,3.520131091e-13,9.239926644e-14,1.51067136e-13,1.133413815e-13,2.191326834e-14,4.375655207e-14,1.789410423e-13,6.8630082e-14,1.591602174e-13,2.549871412e-13,1.165639274e-13,2.594462576e-13,4.181681435e-14,2.099009975e-13,7.722031204e-14
89.7109375,1.67184421e-13,2.488111534e-13,2.141727473e-13,1.930140694e-13,1.284787579e-13,1.032227101e-13,4.067544439e-14,2.528102274e-13,7.320855574e-14,3.094133408e-13,1.846783351e-13,1.056910693e-13,1.392025423e-13,2.670412814e-13,6.490236349e-13,6.050365105e-13,3.860771149e-13,3.535118001e-13,9.431180694e-14,1.542555748e-13,1.128694433e-13,2.15224155e-14,4.395017951e-14,1.780778211e-13,6.953593897e-14,1.617529746e-13,2.579266457e-13,1.182437429e-13,2.626059265e-13,4.23005176e-14,2.094105689e-13,7.703266748e-14
89.71875,1.627042859e-13,2.481732059e-13,2.190328169e-13,1.959264794e-13,1.270797014e-13,1.032240203e-13,4.03407801e-14,2.508581772e-13,7.216076166e-14,3.107157507e-13,1.866545762e-13,1.073859728e-13,1.408538022e-13,2.650138347e-13,6.500926785e-13,6.081767425e-13,3.903333452e-13,3.552681307e-13,9.633431064e-14,1.575692932e-13,1.123712217e-13,2.116252825e-14,4.417754262e-14,1.771101557e-13,7.048045303e-14,1.643696294e-13,2.610236866e-13,1.199818594e-13,2.658755966e-13,4.283807959e-14,2.090439587e-13,7.681438345e-14
89.7265625,1.583454091e-13,2.479460003e-13,2.240845959e-13,1.990228216e-13,1.258228709e-13,1.03257054e-13,3.9990387e-14,2.489137063e-13,7.118793698e-14,3.119305382e-13,1.887394812e-13,1.09197227e-13,1.425704974e-13,2.632305953e-13,6.515115109e-13,6.116565172e-13,3.95030425e-13,3.572672474e-13,9.850088016e-14,1.609492758e-13,1.118948591e-13,2.084880551e-14,4.444073403e-14,1.761602402e-13,7.146179638e-14,1.670477459e-13,2.643528867e-13,1.2185365e-13,2.692492853e-13,4.344066682e-14,2.089199625e-13,7.657772432e-14
89.734375,1.542021982e-13,2.479284054e-13,2.291258862e-13,2.020632691e-13,1.246271863e-13,1.032909388e-13,3.962765799e-14,2.469637998e-13,7.022130244e-14,3.131121377e-13,1.908854325e-13,1.110039837e-13,1.442862539e-13,2.614546151e-13,6.530100854e-13,6.153108858e-13,3.998185831e-13,3.593263457e-13,1.007013187e-13,1.642974337e-13,1.114591094e-13,2.055712016e-14,4.470488344e-14,1.753331718e-13,7.243587322e-14,1.697576145e-13,2.677814038e-13,1.238024475e-13,2.72689352e-13,4.408531838e-14,2.088958844e-13,7.634199108e-14
89.7421875,1.501905206e-13,2.476598616e-13,2.341825014e-13,2.050544951e-13,1.234837186e-13,1.034574149e-13,3.928588998e-14,2.44971192e-13,6.919350713e-14,3.142604634e-13,1.930390834e-13,1.127140806e-13,1.459407739e-13,2.595925855e-13,6.543658987e-13,6.189399636e-13,4.047177201e-13,3.613142913e-13,1.028634069e-13,1.675668653e-13,1.109909359e-13,2.026772492e-14,4.497288376e-14,1.744316224e-13,7.340205649e-14,1.724271323e-13,2.710290086e-13,1.257762404e-13,2.760749397e-13,4.474645492e-14,2.087253568e-13,7.609325334e-14
89.75,1.461634055e-13,2.473339682e-13,2.39251245e-13,2.081889358e-13,1.223239123e-13,1.037441603e-13,3.89492708e-14,2.429620059e-13,6.813093609e-14,3.153863857e-13,1.951329947e-13,1.143610162e-13,1.475449968e-13,2.57700045e-13,6.556775258e-13,6.225898523e-13,4.097474778e-13,3.631723229e-13,1.049745825e-13,1.708100312e-13,1.105020069e-13,1.996945841e-14,4.52568643e-14,1.733474077e-13,7.434617476e-14,1.750406336e-13,2.740358685e-13,1.278018868e-13,2.791877078e-13,4.542686704e-14,2.083538342e-13,7.582148023e-14
89.7578125,1.421383873e-13,2.473441872e-13,2.442697794e-13,2.114207701e-13,1.211292955e-13,1.040022039e-13,3.857744403e-14,2.40940527e-13,6.710953102e-14,3.164574971e-13,1.971764075e-13,1.160241742e-13,1.491465122e-13,2.557978923e-13,6.569391822e-13,6.262303631e-13,4.146537532e-13,3.649560334e-13,1.070355167e-13,1.740479211e-13,1.100992316e-13,1.967691423e-14,4.552723813e-14,1.722852129e-13,7.524362432e-14,1.776143112e-13,2.770243492e-13,1.298240036e-13,2.821888797e-13,4.611746688e-14,2.080518312e-13,7.553469503e-14
89.765625,1.383154644e-13,2.475260915e-13,2.493455589e-13,2.1453394e-13,1.200499973e-13,1.042364575e-13,3.819392045e-14,2.38807872e-13,6.614114743e-14,3.173941655e-13,1.992571848e-13,1.177489015e-13,1.507586203e-13,2.539209705e-13,6.580560681e-13,6.296996301e-13,4.195415327e-13,3.668569648e-13,1.0913196e-13,1.772187861e-13,1.097990565e-13,1.941931333e-14,4.579723837e-14,1.713146169e-13,7.614590997e-14,1.801635731e-13,2.800944079e-13,1.318155029e-13,2.853164855e-13,4.681610046e-14,2.080571165e-13,7.52396369e-14
89.7734375,1.34738118e-13,2.47587128e-13,2.544535098e-13,2.175031668e-13,1.191272493e-13,1.045002674e-13,3.78187463e-14,2.365437294e-13,6.518943553e-14,3.18203454e-13,2.013510006e-13,1.194910795e-13,1.523619739e-13,2.52061134e-13,6.59081467e-13,6.331055104e-13,4.246867911e-13,3.688991883e-13,1.113084709e-13,1.80308118e-13,1.094914094e-13,1.919196276e-14,4.611840693e-14,1.702851354e-13,7.708516149e-14,1.82706839e-13,2.832358822e-13,1.338628105e-13,2.883789623e-13,4.753550971e-14,2.082090033e-13,7.493926036e-14
89.78125,1.312228907e-13,2.47570101e-13,2.594732806e-13,2.204704113e-13,1.182373902e-13,1.047945625e-13,3.742192837e-14,2.34263178e-13,6.425457228e-14,3.189564517e-13,2.034233328e-13,1.212012758e-13,1.539697317e-13,2.501498568e-13,6.600225716e-13,6.366061383e-13,4.299565846e-13,3.70913377e-13,1.134962756e-13,1.83429805e-13,1.090769152e-13,1.897496448e-14,4.647438455e-14,1.69222984e-13,7.801210901e-14,1.85223051e-13,2.865190089e-13,1.359936492e-13,2.913375333e-13,4.825049758e-14,2.083002906e-13,7.46228731e-14
89.7890625,1.277409012e-13,2.476508176e-13,2.645238805e-13,2.234815443e-13,1.173651827e-13,1.051749446e-13,3.700895785e-14,2.320330093e-13,6.333917257e-14,3.196850479e-13,2.055460578e-13,1.229089786e-13,1.555743405e-13,2.48194133e-13,6.608537014e-13,6.401011827e-13,4.352609359e-13,3.728875098e-13,1.156906739e-13,1.866607115e-13,1.085884973e-13,1.876531206e-14,4.683033781e-14,1.682462001e-13,7.891513388e-14,1.876884648e-13,2.898683415e-13,1.381786606e-13,2.943321633e-13,4.895455074e-14,2.08376762e-13,7.428267417e-14
89.796875,1.2440179e-13,2.478096064e-13,2.696202402e-13,2.2643426e-13,1.16594683e-13,1.056209158e-13,3.661291752e-14,2.298362773e-13,6.242448195e-14,3.203807729e-13,2.076578734e-13,1.246090181e-13,1.571064416e-13,2.462526806e-13,6.61675488e-13,6.435343114e-13,4.407036936e-13,3.749225887e-13,1.17908071e-13,1.898052487e-13,1.08144324e-13,1.856383808e-14,4.720412892e-14,1.672823234e-13,7.982851987e-14,1.901268606e-13,2.932032321e-13,1.403465864e-13,2.971720435e-13,4.968685273e-14,2.084759362e-13,7.394348279e-14
89.8046875,1.211707443e-13,2.478787789e-13,2.745529533e-13,2.293255506e-13,1.159355813e-13,1.060247977e-13,3.62275808e-14,2.276252661e-13,6.151439864e-14,3.209798436e-13,2.096263272e-13,1.262461201e-13,1.585810007e-13,2.443691616e-13,6.625214053e-13,6.469520534e-13,4.461156538e-13,3.770175135e-13,1.200846795e-13,1.926603999e-13,1.077745745e-13,1.837485767e-14,4.760413429e-14,1.662359887e-13,8.075157043e-14,1.925380136e-13,2.966924588e-13,1.423880767e-13,2.99830712e-13,5.043716493e-14,2.08575948e-13,7.361229995e-14
89.8125,1.180296745e-13,2.479766233e-13,2.793293123e-13,2.32349135e-13,1.153482436e-13,1.064298217e-13,3.583999299e-14,2.253309772e-13,6.060003322e-14,3.214183212e-13,2.115412024e-13,1.278378776e-13,1.600984182e-13,2.42574279e-13,6.633197951e-13,6.503223235e-13,4.513796562e-13,3.791720156e-13,1.222201798e-13,1.953905594e-13,1.07406431e-13,1.820169504e-14,4.801611888e-14,1.651170939e-13,8.166551554e-14,1.949023862e-13,3.003115227e-13,1.443855563e-13,3.025102661e-13,5.118847121e-14,2.086743035e-13,7.324307787e-14
89.8203125,1.150774526e-13,2.483650833e-13,2.840800818e-13,2.355129433e-13,1.148338484e-13,1.069184119e-13,3.545585507e-14,2.229524818e-13,5.966365644e-14,3.217563546e-13,2.135228107e-13,1.294322493e-13,1.616522169e-13,2.408916228e-13,6.640468128e-13,6.536245165e-13,4.567230264e-13,3.814207274e-13,1.243627108e-13,1.981273764e-13,1.070250498e-13,1.804338568e-14,4.84434815e-14,1.639385842e-13,8.256270957e-14,1.97223956e-13,3.03819608e-13,1.465091309e-13,3.051150868e-13,5.197696783e-14,2.087374728e-13,7.281513952e-14
89.828125,1.123197992e-13,2.488660747e-13,2.888082722e-13,2.385440657e-13,1.144210363e-13,1.074492042e-13,3.507507149e-14,2.20535966e-13,5.87433945e-14,3.220773486e-13,2.155071212e-13,1.310385144e-13,1.631500195e-13,2.393612608e-13,6.64673971e-13,6.568178315e-13,4.622132716e-13,3.837441402e-13,1.264913589e-13,2.007034009e-13,1.06682976e-13,1.791140904e-14,4.888670852e-14,1.627480606e-13,8.344259571e-14,1.994732846e-13,3.072980481e-13,1.487141512e-13,3.076193674e-13,5.280138256e-14,2.088475377e-13,7.236562889e-14
89.8359375,1.097211749e-13,2.492265195e-13,2.935429978e-13,2.413773746e-13,1.14119741e-13,1.080373978e-13,3.469668298e-14,2.180567135e-13,5.785974052e-14,3.223339283e-13,2.174365448e-13,1.326592315e-13,1.645695831e-13,2.379740608e-13,6.652136778e-13,6.598373787e-13,4.677283092e-13,3.861580862e-13,1.286146879e-13,2.031255803e-13,1.063676735e-13,1.780704235e-14,4.934200609e-14,1.616016817e-13,8.43104586e-14,2.016254693e-13,3.109187034e-13,1.509325906e-13,3.101344343e-13,5.364173496e-14,2.09128598e-13,7.191469597e-14
89.84375,1.073216197e-13,2.496032898e-13,2.982847402e-13,2.442117257e-13,1.139381805e-13,1.087447511e-13,3.432384051e-14,2.155329889e-13,5.69859669e-14,3.224651231e-13,2.193360664e-13,1.342694962e-13,1.65958933e-13,2.366863959e-13,6.657842013e-13,6.628051389e-13,4.733273609e-13,3.887320861e-13,1.307776197e-13,2.055175199e-13,1.060229612e-13,1.771414413e-14,4.981316852e-14,1.604677741e-13,8.517469383e-14,2.036991343e-13,3.146130348e-13,1.531752158e-13,3.125651818e-13,5.451361688e-14,2.095052405e-13,7.145108956e-14
89.8515625,1.050963489e-13,2.500840324e-13,3.028735477e-13,2.471435435e-13,1.138453724e-13,1.09484146e-13,3.39536494e-14,2.130685768e-13,5.614362012e-14,3.225009513e-13,2.211974803e-13,1.35817186e-13,1.67344347e-13,2.355294814e-13,6.664102516e-13,6.658963329e-13,4.790547603e-13,3.914031885e-13,1.329271416e-13,2.077971189e-13,1.056655288e-13,1.76339953e-14,5.028600986e-14,1.593400929e-13,8.604148498e-14,2.056886885e-13,3.183630705e-13,1.553493595e-13,3.149568661e-13,5.539600574e-14,2.098938554e-13,7.098440301e-14
89.859375,1.029230789e-13,2.505988756e-13,3.072088158e-13,2.501195593e-13,1.137222749e-13,1.101372782e-13,3.357947247e-14,2.106364712e-13,5.534109902e-14,3.224587466e-13,2.229937786e-13,1.37292335e-13,1.686844749e-13,2.34432675e-13,6.669909092e-13,6.690768105e-13,4.847307236e-13,3.939749367e-13,1.34965405e-13,2.100226199e-13,1.053584984e-13,1.756161995e-14,5.075107864e-14,1.582539471e-13,8.688741598e-14,2.076356764e-13,3.221605918e-13,1.574121833e-13,3.173292655e-13,5.627698687e-14,2.10279255e-13,7.05331073e-14
89.8671875,1.007536831e-13,2.513254705e-13,3.114012088e-13,2.530083342e-13,1.13545649e-13,1.107520345e-13,3.319527212e-14,2.081399711e-13,5.452347855e-14,3.223187223e-13,2.247540326e-13,1.387286459e-13,1.699310775e-13,2.332059908e-13,6.674565303e-13,6.72185817e-13,4.902016611e-13,3.963737473e-13,1.368836912e-13,2.123346523e-13,1.051108055e-13,1.748155258e-14,5.12303827e-14,1.57151331e-13,8.767447186e-14,2.096187259e-13,3.258362542e-13,1.594486074e-13,3.193999265e-13,5.720899549e-14,2.105968783e-13,7.008463333e-14
89.875,9.873365407e-14,2.523946857e-13,3.156254432e-13,2.557494739e-13,1.134681421e-13,1.114703499e-13,3.280536031e-14,2.056324173e-13,5.370723686e-14,3.221076812e-13,2.265510935e-13,1.401593842e-13,1.711028981e-13,2.319380028e-13,6.677852323e-13,6.751285583e-13,4.955707553e-13,3.987319496e-13,1.387681377e-13,2.145928402e-13,1.048771946e-13,1.742058608e-14,5.173073089e-14,1.559817507e-13,8.842001641e-14,2.115552579e-13,3.29338359e-13,1.615079747e-13,3.212841256e-13,5.818536357e-14,2.109135386e-13,6.961529706e-14
89.8828125,9.703399314e-14,2.53643862e-13,3.198922573e-13,2.584782055e-13,1.1351226e-13,1.123298578e-13,3.242495475e-14,2.031786566e-13,5.294899943e-14,3.218541199e-13,2.283957214e-13,1.41578382e-13,1.722433804e-13,2.308498761e-13,6.68043559e-13,6.780136915e-13,5.010704168e-13,4.011596164e-13,1.406904068e-13,2.16741469e-13,1.046235925e-13,1.740037492e-14,5.223579665e-14,1.547950493e-13,8.916561847e-14,2.133166752e-13,3.327594617e-13,1.636271206e-13,3.233231783e-13,5.91422776e-14,2.113167366e-13,6.912851961e-14
89.890625,9.550949684e-14,2.548870476e-13,3.240102842e-13,2.611956385e-13,1.135076137e-13,1.132047225e-13,3.206131729e-14,2.007303945e-13,5.221386387e-14,3.215047452e-13,2.301968704e-13,1.429238537e-13,1.733752699e-13,2.298038824e-13,6.683206822e-13,6.810050149e-13,5.066860829e-13,4.036011549e-13,1.425858343e-13,2.18884055e-13,1.043518396e-13,1.738545158e-14,5.274512717e-14,1.536115588e-13,8.990661975e-14,2.149355783e-13,3.361113949e-13,1.657222688e-13,3.253161233e-13,6.007128214e-14,2.116762516e-13,6.865207328e-14
89.8984375,9.386584806e-14,2.560139848e-13,3.27876602e-13,2.637249341e-13,1.134245716e-13,1.139885958e-13,3.171575104e-14,1.982632361e-13,5.146792041e-14,3.210256611e-13,2.319048927e-13,1.441670361e-13,1.744954661e-13,2.285897548e-13,6.684982182e-13,6.83965374e-13,5.121449253e-13,4.059715172e-13,1.443383176e-13,2.209455907e-13,1.040699244e-13,1.736181012e-14,5.326038772e-14,1.524186423e-13,9.062815541e-14,2.164649449e-13,3.393805007e-13,1.676121108e-13,3.27055743e-13,6.099375435e-14,2.119676141e-13,6.819316796e-14
89.90625,9.219261127e-14,2.571250457e-13,3.316411061e-13,2.661331479e-13,1.134150052e-13,1.147386453e-13,3.139257166e-14,1.957794304e-13,5.075149403e-14,3.205071358e-13,2.335746573e-13,1.453898094e-13,1.755706073e-13,2.273662261e-13,6.684368461e-13,6.866727596e-13,5.173767325e-13,4.08293173e-13,1.459862927e-13,2.229475834e-13,1.0376579e-13,1.736470768e-14,5.377293215e-14,1.512582413e-13,9.132704761e-14,2.179076239e-13,3.426140733e-13,1.694352937e-13,3.287222934e-13,6.193327808e-14,2.123695377e-13,6.771179327e-14
89.9140625,9.077515814e-14,2.584796621e-13,3.354149237e-13,2.685792067e-13,1.135484824e-13,1.155482117e-13,3.108888007e-14,1.932477554e-13,5.008084329e-14,3.199994653e-13,2.352439409e-13,1.466574628e-13,1.76603503e-13,2.263456278e-13,6.683137407e-13,6.89287503e-13,5.225784705e-13,4.106516888e-13,1.476418033e-13,2.250145605e-13,1.034466808e-13,1.740668995e-14,5.428685391e-14,1.501403744e-13,9.200073314e-14,2.193003568e-13,3.459348218e-13,1.714205338e-13,3.303742835e-13,6.290945527e-14,2.129075526e-13,6.717944065e-14
89.921875,8.957711165e-14,2.599917993e-13,3.391199533e-13,2.710485575e-13,1.137589395e-13,1.164419868e-13,3.080185374e-14,1.906746314e-13,4.942070883e-14,3.193862028e-13,2.36891754e-13,1.478973328e-13,1.776294724e-13,2.25466673e-13,6.683319039e-13,6.920390896e-13,5.278481999e-13,4.130656289e-13,1.492753599e-13,2.269961596e-13,1.031672029e-13,1.746573842e-14,5.481553264e-14,1.489768216e-13,9.26669812e-14,2.206588023e-13,3.494513323e-13,1.733977455e-13,3.319239073e-13,6.390491703e-14,2.134452255e-13,6.662746427e-14
89.9296875,8.845540357e-14,2.614405114e-13,3.427388351e-13,2.735268126e-13,1.140077282e-13,1.174118082e-13,3.053473856e-14,1.880887316e-13,4.875198482e-14,3.186073086e-13,2.384917215e-13,1.490610682e-13,1.786263193e-13,2.246215397e-13,6.683111631e-13,6.947328737e-13,5.330538935e-13,4.154256781e-13,1.508157618e-13,2.287743155e-13,1.029362497e-13,1.752972749e-14,5.53626203e-14,1.477266765e-13,9.331840805e-14,2.219681146e-13,3.529943036e-13,1.752236829e-13,3.333440991e-13,6.491606367e-14,2.139137198e-13,6.608130722e-14
89.9375,8.745427413e-14,2.62983625e-13,3.463232243e-13,2.758762892e-13,1.143462034e-13,1.184046512e-13,3.027902246e-14,1.854958144e-13,4.810574582e-14,3.177565779e-13,2.400527127e-13,1.502376743e-13,1.79573786e-13,2.238246731e-13,6.679495303e-13,6.970827676e-13,5.379576388e-13,4.176344377e-13,1.52305695e-13,2.304099061e-13,1.026815741e-13,1.761321056e-14,5.591483862e-14,1.464860405e-13,9.391398475e-14,2.231971755e-13,3.56280735e-13,1.770333311e-13,3.34627402e-13,6.594795203e-14,2.144188406e-13,6.553031738e-14
89.9453125,8.65908431e-14,2.646357707e-13,3.497393676e-13,2.778436736e-13,1.147733286e-13,1.193759018e-13,3.003061729e-14,1.829173439e-13,4.750721354e-14,3.168310518e-13,2.416243441e-13,1.514137804e-13,1.80462875e-13,2.230563562e-13,6.673080996e-13,6.992186057e-13,5.425474204e-13,4.197509452e-13,1.537599604e-13,2.318165993e-13,1.023935124e-13,1.772364129e-14,5.645139225e-14,1.452959736e-13,9.447849494e-14,2.242622945e-13,3.594050938e-13,1.787783498e-13,3.357674001e-13,6.695126907e-14,2.150569747e-13,6.49921173e-14
89.953125,8.582130175e-14,2.661476546e-13,3.528359739e-13,2.79551484e-13,1.151880015e-13,1.203796522e-13,2.981169959e-14,1.80363563e-13,4.692073998e-14,3.157615049e-13,2.431923025e-13,1.52444576e-13,1.812187578e-13,2.222629071e-13,6.66724952e-13,7.014412405e-13,5.471360061e-13,4.218491922e-13,1.551037273e-13,2.330234997e-13,1.021499064e-13,1.783929269e-14,5.697027631e-14,1.440740115e-13,9.505694683e-14,2.251535799e-13,3.626456962e-13,1.803377388e-13,3.367347701e-13,6.791723621e-14,2.156538381e-13,6.448609742e-14
89.9609375,8.517455815e-14,2.677937188e-13,3.557434552e-13,2.813517244e-13,1.155658421e-13,1.214402868e-13,2.962908397e-14,1.7782778e-13,4.634552064e-14,3.146611104e-13,2.446635496e-13,1.534012623e-13,1.818656831e-13,2.214975054e-13,6.662863587e-13,7.037551124e-13,5.517702564e-13,4.238891738e-13,1.563465603e-13,2.343225209e-13,1.019578494e-13,1.796133802e-14,5.748594029e-14,1.428746455e-13,9.560120244e-14,2.259684518e-13,3.659903184e-13,1.818880756e-13,3.376499911e-13,6.891096781e-14,2.161267061e-13,6.397858071e-14
89.96875,8.463103638e-14,2.699575666e-13,3.586027349e-13,2.832470995e-13,1.159774142e-13,1.224616868e-13,2.945248208e-14,1.753206074e-13,4.584646337e-14,3.136110311e-13,2.460640883e-13,1.544667584e-13,1.825383675e-13,2.207975547e-13,6.656852422e-13,7.059437869e-13,5.560811898e-13,4.258447378e-13,1.575468566e-13,2.357366714e-13,1.017660815e-13,1.811847891e-14,5.801329264e-14,1.418237973e-13,9.605880098e-14,2.26730896e-13,3.693377837e-13,1.835833937e-13,3.386993315e-13,6.994389848e-14,2.167286132e-13,6.345334498e-14
89.9765625,8.41221894e-14,2.723527629e-13,3.612822115e-13,2.849918476e-13,1.164315415e-13,1.233962735e-13,2.926839602e-14,1.728042716e-13,4.539834889e-14,3.124358211e-13,2.475032277e-13,1.55540247e-13,1.831882948e-13,2.20109871e-13,6.646940863e-13,7.078062315e-13,5.599275143e-13,4.276926222e-13,1.586485578e-13,2.369677666e-13,1.015981189e-13,1.829763781e-14,5.857193948e-14,1.407919719e-13,9.645492174e-14,2.273879927e-13,3.727338461e-13,1.852686491e-13,3.396769334e-13,7.097863771e-14,2.174603675e-13,6.293157824e-14
89.984375,8.367994467e-14,2.74757199e-13,3.636467434e-13,2.865158815e-13,1.168830026e-13,1.243027512e-13,2.910079457e-14,1.702367302e-13,4.492410432e-14,3.110464232e-13,2.489161127e-13,1.564414109e-13,1.836926458e-13,2.19450123e-13,6.634888783e-13,7.093024451e-13,5.634384833e-13,4.293223773e-13,1.595809766e-13,2.378999013e-13,1.014916934e-13,1.847291399e-14,5.915506423e-14,1.396442063e-13,9.681738684e-14,2.27900989e-13,3.761282508e-13,1.867506755e-13,3.403498884e-13,7.199409098e-14,2.180572385e-13,6.240261579e-14
89.9921875,8.335916421e-14,2.773336669e-13,3.657491624e-13,2.87928576e-13,1.173050155e-13,1.252147744e-13,2.896374682e-14,1.676791561e-13,4.444524787e-14,3.09599406e-13,2.50206581e-13,1.572031998e-13,1.84118703e-13,2.188457625e-13,6.623633153e-13,7.10724843e-13,5.667235434e-13,4.307545099e-13,1.603749385e-13,2.387082669e-13,1.014030795e-13,1.865749139e-14,5.972628232e-14,1.385391012e-13,9.715720766e-14,2.282688114e-13,3.793945294e-13,1.880438069e-13,3.409364756e-13,7.298518898e-14,2.185500672e-13,6.185282178e-14
90,8.317823765e-14,2.798830462e-13,3.676874054e-13,2.892304548e-13,1.177275072e-13,1.261399407e-13,2.884607867e-14,1.6515167e-13,4.39780081e-14,3.081436363e-13,2.515152739e-13,1.578774107e-13,1.845228471e-13,2.18288175e-13,6.613390897e-13,7.122989692e-13,5.699881503e-13,4.321803358e-13,1.61093539e-13,2.395084897e-13,1.01285379e-13,1.886214191e-14,6.029828097e-14,1.375530014e-13,9.749531869e-14,2.285701472e-13,3.825776301e-13,1.892488262e-13,3.415476632e-13,7.399575228e-14,2.190574698e-13,6.129247734e-14
90.0078125,8.318685068e-14,2.822262322e-13,3.695095923e-13,2.903244246e-13,1.182416591e-13,1.271114073e-13,2.87444853e-14,1.625638114e-13,4.349046076e-14,3.065587489e-13,2.529293227e-13,1.584699742e-13,1.84833804e-13,2.178600663e-13,6.601783565e-13,7.136582865e-13,5.732770254e-13,4.336011668e-13,1.617847426e-13,2.401576419e-13,1.011525072e-13,1.909046547e-14,6.090919255e-14,1.365272381e-13,9.782134229e-14,2.288350046e-13,3.857149269e-13,1.903840104e-13,3.42003612e-13,7.506883423e-14,2.195587211e-13,6.070544927e-14
90.015625,8.336023903e-14,2.84719253e-13,3.711454975e-13,2.912387889e-13,1.188389848e-13,1.281137642e-13,2.866980573e-14,1.599055018e-13,4.302546607e-14,3.048246877e-13,2.542129086e-13,1.590303238e-13,1.850438256e-13,2.174990985e-13,6.586275486e-13,7.144134556e-13,5.762746624e-13,4.348279104e-13,1.624273814e-13,2.405421358e-13,1.010208976e-13,1.934244084e-14,6.152702253e-14,1.354488583e-13,9.808956493e-14,2.289501732e-13,3.886994341e-13,1.914617409e-13,3.422662358e-13,7.61641528e-14,2.200651563e-13,6.008408648e-14
90.0234375,8.353923926e-14,2.874515646e-13,3.724763629e-13,2.919795645e-13,1.193773038e-13,1.290778658e-13,2.862000997e-14,1.572492607e-13,4.262061259e-14,3.03022433e-13,2.552428903e-13,1.595420869e-13,1.851949856e-13,2.169389025e-13,6.565988306e-13,7.147130459e-13,5.788206304e-13,4.358016941e-13,1.629155449e-13,2.407936904e-13,1.00876454e-13,1.958505262e-14,6.211078506e-14,1.34456434e-13,9.827560208e-14,2.288889833e-13,3.915370288e-13,1.925198389e-13,3.423613045e-13,7.7244134e-14,2.205130274e-13,5.946321515e-14
90.03125,8.367383333e-14,2.901685721e-13,3.73531974e-13,2.925187584e-13,1.198217612e-13,1.300036147e-13,2.857912559e-14,1.546196416e-13,4.223520159e-14,3.011895462e-13,2.562717977e-13,1.599553156e-13,1.852773601e-13,2.162268169e-13,6.542822685e-13,7.148075706e-13,5.810468358e-13,4.365818228e-13,1.632321272e-13,2.410306559e-13,1.007209263e-13,1.98181273e-14,6.267983408e-14,1.33569694e-13,9.839063584e-14,2.287375836e-13,3.943394427e-13,1.935068351e-13,3.422959992e-13,7.833168119e-14,2.208767938e-13,5.885163841e-14
90.0390625,8.391701187e-14,2.92982325e-13,3.743358591e-13,2.930532197e-13,1.202584391e-13,1.309513148e-13,2.854853535e-14,1.520036248e-13,4.18600044e-14,2.992911777e-13,2.574061519e-13,1.602770863e-13,1.852693623e-13,2.156101401e-13,6.519699153e-13,7.148198566e-13,5.830759146e-13,4.372246031e-13,1.634794094e-13,2.4123219e-13,1.005932408e-13,2.009048982e-14,6.324977872e-14,1.327174107e-13,9.845900332e-14,2.284793231e-13,3.971148926e-13,1.943908199e-13,3.420806823e-13,7.944813667e-14,2.212924104e-13,5.8233065e-14
90.046875,8.434002573e-14,2.960532578e-13,3.748335802e-13,2.936251088e-13,1.207395547e-13,1.319277839e-13,2.854980775e-14,1.493392364e-13,4.149953395e-14,2.972624327e-13,2.584341294e-13,1.605096619e-13,1.851765564e-13,2.150251932e-13,6.495954059e-13,7.147107322e-13,5.849708059e-13,4.377973898e-13,1.636931364e-13,2.413289925e-13,1.005159383e-13,2.039540467e-14,6.382616514e-14,1.318563084e-13,9.850334918e-14,2.28095253e-13,3.998753919e-13,1.952515655e-13,3.416306083e-13,8.060722804e-14,2.217320308e-13,5.76088289e-14
90.0546875,8.48479633e-14,2.992708403e-13,3.752003253e-13,2.939156426e-13,1.213092759e-13,1.329155889e-13,2.858632484e-14,1.465721128e-13,4.113391268e-14,2.951425825e-13,2.593436213e-13,1.607195823e-13,1.850335383e-13,2.144223634e-13,6.468345255e-13,7.141273812e-13,5.866323483e-13,4.383202356e-13,1.638556414e-13,2.411848905e-13,1.004581117e-13,2.070335132e-14,6.441679323e-14,1.309921784e-13,9.85264718e-14,2.27661626e-13,4.026576902e-13,1.961178313e-13,3.410394049e-13,8.181501195e-14,2.221582832e-13,5.696830373e-14
90.0625,8.542501976e-14,3.025033069e-13,3.755970222e-13,2.938795089e-13,1.219430653e-13,1.339309979e-13,2.863545383e-14,1.437893773e-13,4.079423519e-14,2.93065612e-13,2.603002053e-13,1.609816298e-13,1.848454038e-13,2.13961717e-13,6.437007112e-13,7.129804077e-13,5.878954671e-13,4.387217913e-13,1.639746085e-13,2.407812151e-13,1.003771071e-13,2.103372171e-14,6.497702046e-14,1.301421151e-13,9.850516069e-14,2.271887294e-13,4.053745487e-13,1.96954708e-13,3.40483046e-13,8.305164383e-14,2.226972833e-13,5.631092662e-14
90.0703125,8.608841154e-14,3.055699613e-13,3.757992564e-13,2.937463623e-13,1.2249272e-13,1.349555666e-13,2.86897319e-14,1.41078009e-13,4.050348726e-14,2.910240422e-13,2.612500969e-13,1.611919652e-13,1.845804352e-13,2.135539521e-13,6.404377885e-13,7.116646481e-13,5.888087568e-13,4.388644398e-13,1.640138566e-13,2.403437661e-13,1.002578415e-13,2.138190866e-14,6.548199246e-14,1.292814471e-13,9.842400832e-14,2.266574442e-13,4.0800393e-13,1.977370775e-13,3.397975379e-13,8.430219213e-14,2.232318413e-13,5.567909356e-14
90.078125,8.672235242e-14,3.086056105e-13,3.756896472e-13,2.935585512e-13,1.229333425e-13,1.359551275e-13,2.877132009e-14,1.383833201e-13,4.022069051e-14,2.88918189e-13,2.621387427e-13,1.613073331e-13,1.842781426e-13,2.130198856e-13,6.370322882e-13,7.102149201e-13,5.894117179e-13,4.386445883e-13,1.639530477e-13,2.399873379e-13,1.001026368e-13,2.172748956e-14,6.60078641e-14,1.284141046e-13,9.829341248e-14,2.261152049e-13,4.10688695e-13,1.984637198e-13,3.388993071e-13,8.557200159e-14,2.236310707e-13,5.508177455e-14
90.0859375,8.732721572e-14,3.121123077e-13,3.754318964e-13,2.932462619e-13,1.23423958e-13,1.369565166e-13,2.889628264e-14,1.356662453e-13,3.993880706e-14,2.867841989e-13,2.630414187e-13,1.614515718e-13,1.839726326e-13,2.124873393e-13,6.333272259e-13,7.082639654e-13,5.896260524e-13,4.38175588e-13,1.638587636e-13,2.395240024e-13,9.99208539e-14,2.209844691e-14,6.660045564e-14,1.275971482e-13,9.811717028e-14,2.255363448e-13,4.134215634e-13,1.992130691e-13,3.379283646e-13,8.688805806e-14,2.240786955e-13,5.447969945e-14
90.09375,8.807133355e-14,3.159058178e-13,3.749800063e-13,2.926194365e-13,1.240316175e-13,1.379562229e-13,2.905442163e-14,1.32940421e-13,3.967800088e-14,2.846618668e-13,2.638712264e-13,1.615800317e-13,1.83595399e-13,2.120883998e-13,6.292764953e-13,7.057032603e-13,5.894616136e-13,4.376255528e-13,1.637525197e-13,2.387469681e-13,9.973176462e-14,2.250090277e-14,6.720585554e-14,1.267918684e-13,9.789397396e-14,2.248324865e-13,4.160672887e-13,1.999680965e-13,3.367982249e-13,8.826789655e-14,2.245736917e-13,5.386438088e-14
90.1015625,8.893036347e-14,3.194274279e-13,3.742886531e-13,2.916047033e-13,1.246603041e-13,1.389205705e-13,2.923795186e-14,1.301897021e-13,3.942291267e-14,2.824998106e-13,2.645906546e-13,1.615997697e-13,1.831357655e-13,2.117648478e-13,6.25020706e-13,7.027375881e-13,5.889234946e-13,4.369129561e-13,1.635892276e-13,2.377160402e-13,9.954813692e-14,2.29025985e-14,6.777753504e-14,1.259045847e-13,9.763862759e-14,2.240321755e-13,4.186832545e-13,2.005829224e-13,3.355696311e-13,8.966637664e-14,2.249547359e-13,5.324300593e-14
90.109375,8.977944946e-14,3.229430185e-13,3.735494432e-13,2.905884094e-13,1.252120443e-13,1.399224674e-13,2.946452028e-14,1.274394168e-13,3.916914394e-14,2.803140661e-13,2.654092505e-13,1.616017344e-13,1.826013209e-13,2.114494213e-13,6.208305693e-13,6.997477693e-13,5.881339691e-13,4.359410163e-13,1.633380677e-13,2.367089745e-13,9.934473621e-14,2.330612733e-14,6.830270623e-14,1.249901373e-13,9.733947637e-14,2.231902976e-13,4.213626515e-13,2.011310057e-13,3.344359402e-13,9.106253502e-14,2.252895822e-13,5.259919333e-14
90.1171875,9.065926085e-14,3.266852014e-13,3.727066948e-13,2.896379304e-13,1.257102178e-13,1.409954122e-13,2.97414934e-14,1.247232403e-13,3.893500247e-14,2.78084735e-13,2.663414808e-13,1.615733152e-13,1.818769788e-13,2.111083779e-13,6.166836729e-13,6.96878019e-13,5.873396198e-13,4.348022713e-13,1.629601129e-13,2.357919644e-13,9.908910736e-14,2.373048572e-14,6.878571545e-14,1.241720326e-13,9.696624827e-14,2.22227772e-13,4.239961488e-13,2.016871452e-13,3.330434659e-13,9.251875258e-14,2.25624976e-13,5.193894046e-14
90.125,9.158467665e-14,3.302437661e-13,3.715703061e-13,2.882993018e-13,1.262988286e-13,1.420186822e-13,3.004399359e-14,1.220060027e-13,3.873589412e-14,2.757003509e-13,2.672060598e-13,1.614409054e-13,1.809898057e-13,2.108312878e-13,6.123077976e-13,6.937649004e-13,5.863520868e-13,4.335518771e-13,1.624787588e-13,2.347091141e-13,9.882365843e-14,2.418591983e-14,6.926646863e-14,1.234381386e-13,9.655167238e-14,2.210902359e-13,4.265241224e-13,2.020443286e-13,3.312345759e-13,9.403642118e-14,2.260056245e-13,5.129514513e-14
90.1328125,9.253630184e-14,3.337629096e-13,3.702459581e-13,2.866608635e-13,1.270483993e-13,1.430075147e-13,3.037301125e-14,1.192953496e-13,3.857824918e-14,2.732296802e-13,2.680345593e-13,1.613283467e-13,1.801740135e-13,2.107838729e-13,6.078160709e-13,6.903413378e-13,5.848971785e-13,4.322458134e-13,1.620091246e-13,2.334208942e-13,9.861605708e-14,2.468064495e-14,6.975671359e-14,1.227040698e-13,9.6146183e-14,2.198837955e-13,4.291156232e-13,2.022629681e-13,3.295786758e-13,9.554507105e-14,2.26588322e-13,5.067424315e-14
90.140625,9.360605453e-14,3.377098874e-13,3.688220823e-13,2.850810891e-13,1.278447354e-13,1.44113445e-13,3.076230093e-14,1.166252418e-13,3.843468771e-14,2.708137656e-13,2.689094878e-13,1.612732577e-13,1.794787726e-13,2.108942458e-13,6.034357271e-13,6.869468233e-13,5.832532678e-13,4.309748911e-13,1.615572804e-13,2.321689074e-13,9.842843528e-14,2.519682677e-14,7.0223384e-14,1.219604061e-13,9.572435203e-14,2.186903163e-13,4.319292804e-13,2.026331467e-13,3.281620164e-13,9.705112644e-14,2.272810967e-13,5.005982688e-14
90.1484375,9.475783075e-14,3.418662698e-13,3.672592645e-13,2.834248688e-13,1.285718653e-13,1.452567166e-13,3.119513684e-14,1.139489926e-13,3.828541021e-14,2.683871717e-13,2.698028921e-13,1.611485621e-13,1.787489088e-13,2.109568627e-13,5.989660414e-13,6.833966046e-13,5.814980593e-13,4.295839946e-13,1.61021695e-13,2.30960978e-13,9.817916261e-14,2.571840329e-14,7.067297451e-14,1.212340463e-13,9.524504136e-14,2.174782056e-13,4.348954717e-13,2.030296579e-13,3.265416684e-13,9.860921166e-14,2.279188433e-13,4.944152168e-14
90.15625,9.586923109e-14,3.459899347e-13,3.655878466e-13,2.81617455e-13,1.292324066e-13,1.462746272e-13,3.163045266e-14,1.112458504e-13,3.815558451e-14,2.658898372e-13,2.707296053e-13,1.609495536e-13,1.779132871e-13,2.109528525e-13,5.942694715e-13,6.793668183e-13,5.792550138e-13,4.278814068e-13,1.603950427e-13,2.296372639e-13,9.787965405e-14,2.625723153e-14,7.111617631e-14,1.205400231e-13,9.471686227e-14,2.162347965e-13,4.377780499e-13,2.032717232e-13,3.248276174e-13,1.00233625e-13,2.285618893e-13,4.881342575e-14
90.1640625,9.702900549e-14,3.502255768e-13,3.637244212e-13,2.797146146e-13,1.29899896e-13,1.472551158e-13,3.209168337e-14,1.08550776e-13,3.80501062e-14,2.633744735e-13,2.716568271e-13,1.607172257e-13,1.769923437e-13,2.109694127e-13,5.894809504e-13,6.750756889e-13,5.766033679e-13,4.259907615e-13,1.597276914e-13,2.282135651e-13,9.759107979e-14,2.681518216e-14,7.152181125e-14,1.199160528e-13,9.415605741e-14,2.149639098e-13,4.404913977e-13,2.034917068e-13,3.232151915e-13,1.019159069e-13,2.29198612e-13,4.818072918e-14
90.171875,9.829188314e-14,3.546191356e-13,3.616615502e-13,2.775507624e-13,1.306759437e-13,1.48303016e-13,3.260439866e-14,1.058538499e-13,3.797287993e-14,2.608441219e-13,2.725559589e-13,1.604953411e-13,1.760340057e-13,2.110785533e-13,5.845744035e-13,6.706672444e-13,5.738556586e-13,4.240624153e-13,1.590620315e-13,2.26783196e-13,9.732820936e-14,2.740492335e-14,7.190861595e-14,1.193615309e-13,9.356670738e-14,2.136511021e-13,4.432543634e-13,2.037487583e-13,3.214523638e-13,1.03652787e-13,2.298392238e-13,4.756339039e-14
90.1796875,9.954577373e-14,3.591424333e-13,3.596887675e-13,2.75170864e-13,1.315813311e-13,1.493643022e-13,3.314365576e-14,1.03170248e-13,3.796606551e-14,2.583585944e-13,2.735790985e-13,1.603971715e-13,1.750934541e-13,2.113162254e-13,5.794756099e-13,6.659910318e-13,5.708944191e-13,4.220737353e-13,1.584706322e-13,2.253621001e-13,9.703895591e-14,2.805456414e-14,7.232210073e-14,1.188129861e-13,9.294644767e-14,2.12310647e-13,4.461501934e-13,2.040818366e-13,3.195351241e-13,1.054657769e-13,2.306664496e-13,4.696356981e-14
90.1875,1.008417334e-13,3.636750071e-13,3.578165675e-13,2.727346336e-13,1.325494076e-13,1.504509491e-13,3.372111208e-14,1.005579997e-13,3.800666126e-14,2.559804299e-13,2.747626782e-13,1.603562856e-13,1.741581398e-13,2.116274162e-13,5.742464982e-13,6.610329375e-13,5.676237959e-13,4.200230492e-13,1.579500275e-13,2.239142942e-13,9.666084335e-14,2.873740253e-14,7.272459279e-14,1.182784094e-13,9.228325214e-14,2.109262953e-13,4.48945183e-13,2.045759835e-13,3.176884216e-13,1.073708327e-13,2.316477047e-13,4.635802092e-14
90.1953125,1.02296297e-13,3.68142266e-13,3.557331842e-13,2.702175244e-13,1.335690797e-13,1.516036612e-13,3.437258974e-14,9.799210713e-14,3.803015882e-14,2.535654138e-13,2.759246445e-13,1.602042038e-13,1.732014706e-13,2.119785291e-13,5.68971187e-13,6.559430269e-13,5.642227085e-13,4.179295806e-13,1.574009098e-13,2.224647571e-13,9.624293101e-14,2.941691042e-14,7.307857203e-14,1.178054973e-13,9.158363104e-14,2.094914526e-13,4.516899125e-13,2.050922422e-13,3.158478839e-13,1.093393219e-13,2.32634112e-13,4.574177537e-14
90.203125,1.038190801e-13,3.728713776e-13,3.534079712e-13,2.677047599e-13,1.346182939e-13,1.527345791e-13,3.507278103e-14,9.541323099e-14,3.80639415e-14,2.510528339e-13,2.770074208e-13,1.599993164e-13,1.722387496e-13,2.123637338e-13,5.637317123e-13,6.508841778e-13,5.607406168e-13,4.157481281e-13,1.567796763e-13,2.211264111e-13,9.588662166e-14,3.011719057e-14,7.343040757e-14,1.173531006e-13,9.08698555e-14,2.08097371e-13,4.546540761e-13,2.055506364e-13,3.139573318e-13,1.113461241e-13,2.336301867e-13,4.513191269e-14
90.2109375,1.05318022e-13,3.778537213e-13,3.509337011e-13,2.65122464e-13,1.356239524e-13,1.538230086e-13,3.580287746e-14,9.283166699e-14,3.813995437e-14,2.485770564e-13,2.780590968e-13,1.598013898e-13,1.712594883e-13,2.126832052e-13,5.584124352e-13,6.456949376e-13,5.57052044e-13,4.134253461e-13,1.560941613e-13,2.198500913e-13,9.553615695e-14,3.084449657e-14,7.380660861e-14,1.169008643e-13,9.014426598e-14,2.067326722e-13,4.576307821e-13,2.060325223e-13,3.120696636e-13,1.133751416e-13,2.345554815e-13,4.452653218e-14
90.21875,1.068535538e-13,3.824904253e-13,3.483255522e-13,2.622388548e-13,1.366382219e-13,1.550107144e-13,3.659731037e-14,9.02797181e-14,3.821063762e-14,2.460951539e-13,2.791118914e-13,1.595351669e-13,1.70276379e-13,2.12941337e-13,5.528373298e-13,6.400441234e-13,5.531359332e-13,4.109863315e-13,1.553819443e-13,2.184446176e-13,9.507299503e-14,3.156182324e-14,7.417406247e-14,1.165026512e-13,8.940733812e-14,2.052892063e-13,4.604276287e-13,2.064535936e-13,3.100988649e-13,1.154271374e-13,2.353607042e-13,4.391784704e-14
90.2265625,1.084617664e-13,3.867820948e-13,3.457039887e-13,2.592967506e-13,1.37723281e-13,1.563518064e-13,3.744935849e-14,8.777452656e-14,3.826757447e-14,2.435149626e-13,2.802564566e-13,1.592524678e-13,1.693481215e-13,2.132772584e-13,5.471923526e-13,6.341810474e-13,5.491288524e-13,4.085031418e-13,1.547297163e-13,2.169794438e-13,9.454241063e-14,3.227047121e-14,7.451131453e-14,1.161580163e-13,8.866148035e-14,2.038443251e-13,4.634323564e-13,2.067984859e-13,3.080823185e-13,1.175763809e-13,2.362099232e-13,4.332091606e-14
90.234375,1.100786955e-13,3.912615197e-13,3.430043937e-13,2.564473642e-13,1.388411316e-13,1.57722797e-13,3.831909748e-14,8.530945564e-14,3.835610471e-14,2.409543995e-13,2.814647536e-13,1.590213363e-13,1.684474445e-13,2.136970917e-13,5.415532146e-13,6.283580628e-13,5.449701242e-13,4.058966513e-13,1.541326247e-13,2.156129881e-13,9.404703142e-14,3.300534765e-14,7.481135995e-14,1.158300936e-13,8.787513065e-14,2.024633836e-13,4.667346175e-13,2.071997559e-13,3.06151498e-13,1.198436846e-13,2.371325629e-13,4.273836669e-14
90.2421875,1.116895214e-13,3.959789441e-13,3.400511825e-13,2.533760494e-13,1.400864191e-13,1.590274937e-13,3.92244683e-14,8.284659511e-14,3.848085608e-14,2.384533412e-13,2.825893106e-13,1.587875547e-13,1.675134577e-13,2.142036168e-13,5.356718856e-13,6.221340989e-13,5.403645626e-13,4.030559049e-13,1.535176898e-13,2.142138944e-13,9.358339143e-14,3.378156221e-14,7.507583201e-14,1.155040271e-13,8.702314586e-14,2.010215091e-13,4.699219497e-13,2.076542161e-13,3.041657933e-13,1.221456439e-13,2.380418737e-13,4.21503641e-14
90.25,1.133604976e-13,4.007007521e-13,3.370571199e-13,2.502084691e-13,1.414843699e-13,1.603113836e-13,4.019144336e-14,8.039509711e-14,3.862097084e-14,2.359678723e-13,2.836877958e-13,1.585637344e-13,1.665763609e-13,2.148242524e-13,5.297408014e-13,6.155191379e-13,5.354295146e-13,4.001376136e-13,1.529185763e-13,2.127477188e-13,9.308932125e-14,3.457764508e-14,7.533612139e-14,1.151778657e-13,8.613846416e-14,1.995807086e-13,4.730535013e-13,2.082329964e-13,3.020751695e-13,1.245126669e-13,2.389818267e-13,4.156459075e-14
90.2578125,1.150124268e-13,4.052331053e-13,3.341718272e-13,2.471851334e-13,1.427555967e-13,1.61621615e-13,4.118708645e-14,7.801116414e-14,3.87643026e-14,2.336045793e-13,2.848846824e-13,1.583723912e-13,1.65663636e-13,2.153594357e-13,5.240391847e-13,6.090455347e-13,5.30528011e-13,3.972205555e-13,1.52352211e-13,2.114634544e-13,9.251901186e-14,3.535162117e-14,7.560787923e-14,1.148888626e-13,8.525177061e-14,1.983363223e-13,4.764562946e-13,2.089891587e-13,3.000909748e-13,1.270255203e-13,2.399511234e-13,4.100322422e-14
90.265625,1.164950618e-13,4.095254888e-13,3.311355409e-13,2.439554448e-13,1.438898193e-13,1.628830945e-13,4.218625768e-14,7.567601216e-14,3.891565555e-14,2.313616649e-13,2.861213803e-13,1.581643888e-13,1.647604502e-13,2.157382468e-13,5.181806032e-13,6.024256481e-13,5.254451206e-13,3.940828224e-13,1.517639841e-13,2.103440936e-13,9.190826302e-14,3.611370561e-14,7.586687952e-14,1.146381793e-13,8.433927452e-14,1.971873128e-13,4.800167468e-13,2.096856711e-13,2.981080657e-13,1.296092488e-13,2.409180424e-13,4.045283331e-14
90.2734375,1.179448897e-13,4.139936536e-13,3.278836904e-13,2.404754672e-13,1.452182527e-13,1.640357238e-13,4.32133795e-14,7.333522134e-14,3.910618774e-14,2.290562839e-13,2.873657073e-13,1.579509699e-13,1.638634246e-13,2.16197539e-13,5.119541407e-13,5.952632764e-13,5.199339776e-13,3.907391294e-13,1.512106608e-13,2.091408664e-13,9.134493078e-14,3.692209205e-14,7.610451111e-14,1.143711825e-13,8.33807709e-14,1.959571027e-13,4.835438679e-13,2.103099726e-13,2.958746229e-13,1.322168915e-13,2.419358721e-13,3.989634317e-14
90.28125,1.195356776e-13,4.188967273e-13,3.245776177e-13,2.371008889e-13,1.466994457e-13,1.651760263e-13,4.428878251e-14,7.101842642e-14,3.933705558e-14,2.26666068e-13,2.886817234e-13,1.57729976e-13,1.629384303e-13,2.167538744e-13,5.057432308e-13,5.879999025e-13,5.143609859e-13,3.8740813e-13,1.507429145e-13,2.079054847e-13,9.081855709e-14,3.776839057e-14,7.63300247e-14,1.141243299e-13,8.239941443e-14,1.946922899e-13,4.870052129e-13,2.110878908e-13,2.935601312e-13,1.349102075e-13,2.429530743e-13,3.934942426e-14
90.2890625,1.211238083e-13,4.238629607e-13,3.21251862e-13,2.336801803e-13,1.481306759e-13,1.664154086e-13,4.541092724e-14,6.876116195e-14,3.957032986e-14,2.242873575e-13,2.90060946e-13,1.574895951e-13,1.619949698e-13,2.173423544e-13,4.996533157e-13,5.808114665e-13,5.088354316e-13,3.840217749e-13,1.502825222e-13,2.067799246e-13,9.026775046e-14,3.860661315e-14,7.652924309e-14,1.139455071e-13,8.140964908e-14,1.934489462e-13,4.903884928e-13,2.119157779e-13,2.913848035e-13,1.37668331e-13,2.439353342e-13,3.882036837e-14
90.296875,1.226233232e-13,4.28680454e-13,3.179860329e-13,2.300794359e-13,1.496633827e-13,1.677467798e-13,4.658057872e-14,6.65248431e-14,3.980917024e-14,2.219582649e-13,2.914356176e-13,1.573430669e-13,1.611575864e-13,2.181296616e-13,4.935136788e-13,5.733662627e-13,5.030029022e-13,3.805118461e-13,1.498269067e-13,2.056656333e-13,8.971337735e-14,3.94570071e-14,7.668969214e-14,1.13765402e-13,8.039815449e-14,1.92233972e-13,4.938731384e-13,2.126992716e-13,2.893039513e-13,1.404593271e-13,2.450292799e-13,3.829402687e-14
90.3046875,1.241162486e-13,4.332848864e-13,3.147991017e-13,2.265903545e-13,1.513741539e-13,1.691399783e-13,4.779230814e-14,6.429344979e-14,4.007318072e-14,2.197314676e-13,2.927410259e-13,1.572930503e-13,1.604505309e-13,2.190094124e-13,4.873467126e-13,5.656906361e-13,4.969289907e-13,3.770209871e-13,1.494363668e-13,2.045184492e-13,8.915171569e-14,4.033508194e-14,7.682807579e-14,1.135554817e-13,7.937713558e-14,1.910919011e-13,4.97548119e-13,2.135682341e-13,2.872942282e-13,1.4333032e-13,2.462179798e-13,3.776593621e-14
90.3125,1.2555893e-13,4.374116939e-13,3.115180668e-13,2.231297455e-13,1.531348062e-13,1.705792792e-13,4.903015829e-14,6.210775266e-14,4.034866827e-14,2.176117221e-13,2.939879915e-13,1.571747727e-13,1.5974793e-13,2.197343343e-13,4.811390107e-13,5.579080525e-13,4.908774926e-13,3.735562449e-13,1.491105178e-13,2.034121868e-13,8.851581718e-14,4.121401454e-14,7.695523926e-14,1.133688021e-13,7.836920758e-14,1.899829567e-13,5.011466952e-13,2.144662935e-13,2.853476359e-13,1.462771268e-13,2.473353367e-13,3.72443784e-14
90.3203125,1.270095015e-13,4.413804029e-13,3.081372698e-13,2.194381013e-13,1.549931002e-13,1.719999056e-13,5.028961273e-14,5.998053528e-14,4.064653979e-14,2.155031343e-13,2.952880113e-13,1.570088722e-13,1.590101515e-13,2.204968632e-13,4.748497809e-13,5.499883711e-13,4.847168506e-13,3.700328862e-13,1.488824025e-13,2.023244062e-13,8.78220122e-14,4.21161622e-14,7.705563415e-14,1.132154258e-13,7.733704235e-14,1.888319441e-13,5.046489109e-13,2.153832802e-13,2.834164115e-13,1.492606843e-13,2.484496023e-13,3.673573081e-14
90.328125,1.286052053e-13,4.457568895e-13,3.047425895e-13,2.157438136e-13,1.569882923e-13,1.733714525e-13,5.157811775e-14,5.788565145e-14,4.098359635e-14,2.133680519e-13,2.966648267e-13,1.569109548e-13,1.582759192e-13,2.214411709e-13,4.685942359e-13,5.420454723e-13,4.783611553e-13,3.664387113e-13,1.487508026e-13,2.012912362e-13,8.714136942e-14,4.306377167e-14,7.711511875e-14,1.13068131e-13,7.623716184e-14,1.876824253e-13,5.083670423e-13,2.164637488e-13,2.814783123e-13,1.522907425e-13,2.496496983e-13,3.624040129e-14
90.3359375,1.301841346e-13,4.502879627e-13,3.013121905e-13,2.122233028e-13,1.590820407e-13,1.747870177e-13,5.290430038e-14,5.580675423e-14,4.133193063e-14,2.112532562e-13,2.980539275e-13,1.56850832e-13,1.575783127e-13,2.224375051e-13,4.624333925e-13,5.341106166e-13,4.720430746e-13,3.627881465e-13,1.486626403e-13,2.003811589e-13,8.649822162e-14,4.401897196e-14,7.714360627e-14,1.128934987e-13,7.511779632e-14,1.86588406e-13,5.123390747e-13,2.17636557e-13,2.794405127e-13,1.553993131e-13,2.508388744e-13,3.574084282e-14
90.34375,1.316757598e-13,4.547836036e-13,2.979528819e-13,2.087078432e-13,1.613919527e-13,1.763324294e-13,5.427644291e-14,5.376300174e-14,4.16990106e-14,2.091990153e-13,2.995045871e-13,1.568382406e-13,1.570089991e-13,2.236072577e-13,4.563654144e-13,5.261488538e-13,4.658896364e-13,3.592171996e-13,1.487217257e-13,1.994651894e-13,8.58875276e-14,4.499130002e-14,7.716080828e-14,1.127315288e-13,7.404502462e-14,1.855486035e-13,5.164350273e-13,2.189153654e-13,2.77398936e-13,1.586073593e-13,2.520523738e-13,3.522380559e-14
90.3515625,1.332789884e-13,4.596032787e-13,2.947029235e-13,2.052005804e-13,1.638849989e-13,1.779389124e-13,5.568897072e-14,5.179542947e-14,4.210557703e-14,2.07196399e-13,3.010626798e-13,1.568881832e-13,1.565517623e-13,2.249619535e-13,4.503943607e-13,5.182931487e-13,4.597351293e-13,3.558008839e-13,1.489730469e-13,1.985118274e-13,8.52644494e-14,4.600688567e-14,7.71654929e-14,1.126825588e-13,7.298937804e-14,1.845964116e-13,5.206312052e-13,2.204567702e-13,2.756449681e-13,1.618718612e-13,2.533431916e-13,3.471759317e-14
90.359375,1.348577881e-13,4.643992878e-13,2.913487737e-13,2.0179754e-13,1.663050974e-13,1.794742434e-13,5.712303255e-14,4.98920087e-14,4.248227323e-14,2.051764291e-13,3.026329795e-13,1.568521332e-13,1.560108953e-13,2.261027685e-13,4.444010786e-13,5.104633672e-13,4.533530831e-13,3.523390131e-13,1.491839429e-13,1.977055603e-13,8.456491941e-14,4.699530236e-14,7.713819199e-14,1.126678412e-13,7.189115183e-14,1.837417813e-13,5.248599155e-13,2.220160661e-13,2.739674254e-13,1.651491836e-13,2.544894906e-13,3.424991297e-14
90.3671875,1.361690852e-13,4.685399669e-13,2.878900736e-13,1.983656535e-13,1.686579117e-13,1.809463761e-13,5.85778882e-14,4.799072352e-14,4.280728163e-14,2.031308376e-13,3.041374734e-13,1.567088207e-13,1.553750572e-13,2.269946085e-13,4.38315946e-13,5.024608836e-13,4.46766542e-13,3.487774855e-13,1.49292768e-13,1.970350816e-13,8.378036148e-14,4.793193101e-14,7.70822254e-14,1.125534061e-13,7.07643142e-14,1.82918657e-13,5.291338006e-13,2.233445395e-13,2.71997887e-13,1.684952885e-13,2.554244421e-13,3.380178643e-14
90.375,1.37419081e-13,4.72496765e-13,2.844846219e-13,1.948051011e-13,1.711273184e-13,1.824716967e-13,6.006872889e-14,4.610781319e-14,4.319565587e-14,2.011546643e-13,3.055712574e-13,1.566472551e-13,1.548428777e-13,2.280070884e-13,4.322625568e-13,4.944451672e-13,4.402298838e-13,3.453149721e-13,1.49534593e-13,1.963998778e-13,8.293116479e-14,4.891122033e-14,7.702752912e-14,1.124629419e-13,6.965514677e-14,1.821131002e-13,5.335723078e-13,2.246951612e-13,2.700783103e-13,1.719112188e-13,2.564113465e-13,3.335537394e-14
90.3828125,1.387693644e-13,4.768787385e-13,2.810475565e-13,1.912062031e-13,1.737469942e-13,1.840296761e-13,6.158798202e-14,4.431210696e-14,4.367673144e-14,1.992578111e-13,3.069701433e-13,1.567069808e-13,1.544529973e-13,2.291837083e-13,4.263122383e-13,4.865302854e-13,4.337998767e-13,3.419145528e-13,1.499516749e-13,1.959004273e-13,8.205884894e-14,4.994362709e-14,7.697319233e-14,1.12511528e-13,6.855909949e-14,1.813836301e-13,5.381113198e-13,2.262437409e-13,2.68477616e-13,1.753208546e-13,2.574962095e-13,3.292114724e-14
90.390625,1.400565215e-13,4.813043675e-13,2.775402482e-13,1.87664187e-13,1.765126746e-13,1.85498086e-13,6.311759261e-14,4.258231069e-14,4.414520836e-14,1.973676891e-13,3.084253132e-13,1.567677862e-13,1.541303568e-13,2.303482848e-13,4.204508672e-13,4.78602081e-13,4.27291265e-13,3.384149017e-13,1.503998263e-13,1.95573249e-13,8.124206245e-14,5.094771595e-14,7.687305611e-14,1.125892134e-13,6.743920459e-14,1.807305839e-13,5.426677062e-13,2.278440684e-13,2.667874902e-13,1.787691659e-13,2.585000804e-13,3.249587867e-14
90.3984375,1.412904525e-13,4.853711324e-13,2.741129682e-13,1.842263849e-13,1.793804953e-13,1.869427982e-13,6.467592497e-14,4.087536395e-14,4.457360697e-14,1.954941019e-13,3.099486478e-13,1.567674596e-13,1.538671945e-13,2.31482483e-13,4.147320539e-13,4.708205188e-13,4.207515329e-13,3.349364927e-13,1.508760304e-13,1.953465985e-13,8.048083602e-14,5.192285688e-14,7.671070439e-14,1.126397772e-13,6.629996014e-14,1.801001202e-13,5.472913536e-13,2.294582003e-13,2.649638712e-13,1.822955407e-13,2.594066857e-13,3.206900234e-14
90.40625,1.426352045e-13,4.892932863e-13,2.707913074e-13,1.808790738e-13,1.822757178e-13,1.885017225e-13,6.628953567e-14,3.92221065e-14,4.500904843e-14,1.93665195e-13,3.11463592e-13,1.567118216e-13,1.536232979e-13,2.326502424e-13,4.091838043e-13,4.633394346e-13,4.144208032e-13,3.316571218e-13,1.514380422e-13,1.952155703e-13,7.969546075e-14,5.290558358e-14,7.653203978e-14,1.127010806e-13,6.518348326e-14,1.794788714e-13,5.519248463e-13,2.311699369e-13,2.634119194e-13,1.85832613e-13,2.602510292e-13,3.165464414e-14
90.4140625,1.440407788e-13,4.932287317e-13,2.675117686e-13,1.775496201e-13,1.853515179e-13,1.900640578e-13,6.793241811e-14,3.762575086e-14,4.54673966e-14,1.918717466e-13,3.129971018e-13,1.566826881e-13,1.533778997e-13,2.339585011e-13,4.037373424e-13,4.559111376e-13,4.08245073e-13,3.285370732e-13,1.521019308e-13,1.950937798e-13,7.889815539e-14,5.390636642e-14,7.636400707e-14,1.127847026e-13,6.408899184e-14,1.788790364e-13,5.565697848e-13,2.33012884e-13,2.62014723e-13,1.894216146e-13,2.610788646e-13,3.12623096e-14
90.421875,1.453659408e-13,4.970512193e-13,2.642353528e-13,1.742594609e-13,1.887762363e-13,1.914817086e-13,6.956840877e-14,3.605650177e-14,4.597431809e-14,1.901541683e-13,3.14574193e-13,1.567452821e-13,1.532109978e-13,2.354520108e-13,3.983420206e-13,4.484583988e-13,4.020113155e-13,3.254752659e-13,1.528827989e-13,1.949525973e-13,7.814832927e-14,5.495710455e-14,7.617217137e-14,1.129177777e-13,6.297617428e-14,1.782999373e-13,5.614083766e-13,2.349732049e-13,2.604918531e-13,1.931165183e-13,2.620119895e-13,3.08786852e-14
90.4296875,1.465941086e-13,5.006717235e-13,2.60938936e-13,1.71104989e-13,1.923654013e-13,1.928450067e-13,7.121477447e-14,3.455911589e-14,4.653506692e-14,1.885497616e-13,3.160902887e-13,1.567949323e-13,1.53134074e-13,2.369569557e-13,3.930357814e-13,4.412326937e-13,3.957770956e-13,3.224454709e-13,1.537363106e-13,1.950171601e-13,7.739496774e-14,5.604354276e-14,7.593173074e-14,1.130786418e-13,6.185280606e-14,1.777542136e-13,5.663720953e-13,2.369761849e-13,2.590557605e-13,1.968176782e-13,2.629521157e-13,3.05031766e-14
90.4375,1.477852211e-13,5.041104529e-13,2.577116873e-13,1.680712861e-13,1.9590804e-13,1.942477038e-13,7.289397339e-14,3.318215069e-14,4.70972283e-14,1.87024625e-13,3.175601944e-13,1.567726011e-13,1.531017182e-13,2.383250167e-13,3.878745823e-13,4.342364998e-13,3.896710624e-13,3.194474388e-13,1.546178627e-13,1.95326861e-13,7.656886357e-14,5.709161177e-14,7.565485185e-14,1.132370782e-13,6.075310584e-14,1.772682455e-13,5.712645262e-13,2.390057711e-13,2.578865673e-13,2.005148569e-13,2.637028456e-13,3.015290979e-14
90.4453125,1.489662525e-13,5.07448278e-13,2.546111826e-13,1.650897521e-13,1.994803124e-13,1.956833735e-13,7.459502845e-14,3.189383374e-14,4.765987486e-14,1.8554271e-13,3.191169983e-13,1.568053462e-13,1.53145322e-13,2.396273159e-13,3.828038027e-13,4.27286724e-13,3.836189468e-13,3.164769713e-13,1.555812254e-13,1.956489041e-13,7.570317976e-14,5.809876327e-14,7.533922012e-14,1.134466679e-13,5.965817717e-14,1.768497181e-13,5.762014577e-13,2.411551768e-13,2.568079156e-13,2.042999234e-13,2.643677906e-13,2.982859952e-14
90.453125,1.50064769e-13,5.10769484e-13,2.515328717e-13,1.621617166e-13,2.031251755e-13,1.971816872e-13,7.631190936e-14,3.066298573e-14,4.825750974e-14,1.840804541e-13,3.206855344e-13,1.569006546e-13,1.532540013e-13,2.409217858e-13,3.777033806e-13,4.203889887e-13,3.775755555e-13,3.135132108e-13,1.566430558e-13,1.959769457e-13,7.484077288e-14,5.91034461e-14,7.49832284e-14,1.136679556e-13,5.854460862e-14,1.764873882e-13,5.812356109e-13,2.433952125e-13,2.55704492e-13,2.081180285e-13,2.650363292e-13,2.951332927e-14
90.4609375,1.509831661e-13,5.141533181e-13,2.484345936e-13,1.592790093e-13,2.06716963e-13,1.986539183e-13,7.803494306e-14,2.948778249e-14,4.88606864e-14,1.826039063e-13,3.221099667e-13,1.56923848e-13,1.533440351e-13,2.421732959e-13,3.725931158e-13,4.13583561e-13,3.715889831e-13,3.104823907e-13,1.577272046e-13,1.964306916e-13,7.398038144e-14,6.009895443e-14,7.462538652e-14,1.138420398e-13,5.743281084e-14,1.761745857e-13,5.861697251e-13,2.455838448e-13,2.546204977e-13,2.118894203e-13,2.655814306e-13,2.920186835e-14
90.46875,1.51776749e-13,5.176090208e-13,2.453319859e-13,1.564514286e-13,2.102967823e-13,1.999588858e-13,7.973813827e-14,2.8352028e-14,4.945299577e-14,1.811216507e-13,3.234429484e-13,1.568855379e-13,1.534404512e-13,2.434461019e-13,3.676180615e-13,4.068602144e-13,3.656355158e-13,3.073522206e-13,1.588187512e-13,1.969518212e-13,7.314773815e-14,6.109420607e-14,7.428417769e-14,1.1408647e-13,5.632600417e-14,1.75917413e-13,5.910499039e-13,2.477379312e-13,2.535255268e-13,2.156542033e-13,2.660279519e-13,2.890463591e-14
90.4765625,1.525709652e-13,5.207930095e-13,2.422147541e-13,1.538433879e-13,2.140895647e-13,2.012502043e-13,8.142354031e-14,2.726449482e-14,5.006872775e-14,1.797035327e-13,3.247573527e-13,1.568712729e-13,1.536655097e-13,2.448269201e-13,3.628612448e-13,4.003382898e-13,3.597796108e-13,3.042652509e-13,1.599924631e-13,1.97580189e-13,7.235159456e-14,6.210304415e-14,7.391349638e-14,1.144193186e-13,5.521496806e-14,1.757078005e-13,5.960195779e-13,2.499512394e-13,2.523636174e-13,2.194260304e-13,2.664809891e-13,2.862634093e-14
90.484375,1.533059814e-13,5.233517947e-13,2.391985e-13,1.51558214e-13,2.181359972e-13,2.026652704e-13,8.310249101e-14,2.626890961e-14,5.071042125e-14,1.783985912e-13,3.260073801e-13,1.56895217e-13,1.540568175e-13,2.462017513e-13,3.583208114e-13,3.941503393e-13,3.541619494e-13,3.013610805e-13,1.613009035e-13,1.984992789e-13,7.151149981e-14,6.30964374e-14,7.348025201e-14,1.147242238e-13,5.412782017e-14,1.755151927e-13,6.009436512e-13,2.521677747e-13,2.512222404e-13,2.231615324e-13,2.669044527e-13,2.836327196e-14
90.4921875,1.539216965e-13,5.2570297e-13,2.36304753e-13,1.493537484e-13,2.222633156e-13,2.039948102e-13,8.476238224e-14,2.535746044e-14,5.136895748e-14,1.771606325e-13,3.271827405e-13,1.569489949e-13,1.545127721e-13,2.474413497e-13,3.539576897e-13,3.882482749e-13,3.486953489e-13,2.985753602e-13,1.627214416e-13,1.996427987e-13,7.060253255e-14,6.407517557e-14,7.302432382e-14,1.15076071e-13,5.307604666e-14,1.753215361e-13,6.05762193e-13,2.543588985e-13,2.501811817e-13,2.268478264e-13,2.672660052e-13,2.811125828e-14
90.5,1.546509973e-13,5.284024299e-13,2.333012139e-13,1.469865041e-13,2.263968227e-13,2.051880993e-13,8.641467445e-14,2.447123378e-14,5.20453199e-14,1.759181238e-13,3.282545883e-13,1.569633756e-13,1.549371332e-13,2.486660227e-13,3.497157815e-13,3.825515853e-13,3.432851998e-13,2.958375905e-13,1.642040345e-13,2.007433495e-13,6.973845279e-14,6.506221934e-14,7.259746218e-14,1.155395403e-13,5.20354229e-14,1.751231828e-13,6.105857271e-13,2.566718609e-13,2.491234444e-13,2.305016419e-13,2.674950335e-13,2.785640992e-14
90.5078125,1.556338894e-13,5.311563501e-13,2.301872128e-13,1.446447388e-13,2.306440055e-13,2.064509657e-13,8.808288379e-14,2.360662907e-14,5.272105607e-14,1.746907268e-13,3.291843497e-13,1.568943794e-13,1.553796499e-13,2.499988034e-13,3.456162268e-13,3.770852011e-13,3.380725305e-13,2.931980516e-13,1.657644452e-13,2.017397215e-13,6.896283902e-14,6.604116522e-14,7.219027972e-14,1.159700893e-13,5.101049594e-14,1.749384431e-13,6.154129232e-13,2.591604828e-13,2.479842452e-13,2.341572239e-13,2.675276976e-13,2.759033109e-14
90.515625,1.565889497e-13,5.336535289e-13,2.271991822e-13,1.425566427e-13,2.350814859e-13,2.076951342e-13,8.974076105e-14,2.282274772e-14,5.340705309e-14,1.73514366e-13,3.301330317e-13,1.568685643e-13,1.559075173e-13,2.513127065e-13,3.417448034e-13,3.71841138e-13,3.330215648e-13,2.906389896e-13,1.674423347e-13,2.028281975e-13,6.818071971e-14,6.700777046e-14,7.17585073e-14,1.163531629e-13,5.000737227e-14,1.748329466e-13,6.203186237e-13,2.616820079e-13,2.469315694e-13,2.37812999e-13,2.67514476e-13,2.734298659e-14
90.5234375,1.57255493e-13,5.361018485e-13,2.24259236e-13,1.4056099e-13,2.396111436e-13,2.087436857e-13,9.135577193e-14,2.214232772e-14,5.412886861e-14,1.723320076e-13,3.311713648e-13,1.569436613e-13,1.564696219e-13,2.524923797e-13,3.380641713e-13,3.667298416e-13,3.27864072e-13,2.880625919e-13,1.691645212e-13,2.041445179e-13,6.735163516e-14,6.796660865e-14,7.129151393e-14,1.168328833e-13,4.89950576e-14,1.748128419e-13,6.254035933e-13,2.640906612e-13,2.460258363e-13,2.4137276e-13,2.67515903e-13,2.714041594e-14
90.53125,1.576611148e-13,5.383300797e-13,2.211763284e-13,1.385203067e-13,2.441195058e-13,2.097334416e-13,9.293475299e-14,2.153633584e-14,5.485682492e-14,1.711024546e-13,3.319962188e-13,1.569921725e-13,1.570607313e-13,2.536355586e-13,3.344265143e-13,3.617246006e-13,3.22597153e-13,2.854542268e-13,1.708303324e-13,2.055740486e-13,6.650628997e-14,6.889187297e-14,7.081191809e-14,1.174064808e-13,4.79731036e-14,1.747588244e-13,6.304051417e-13,2.662800216e-13,2.451094935e-13,2.447539146e-13,2.673798932e-13,2.694723211e-14
90.5390625,1.579611492e-13,5.401506039e-13,2.180885416e-13,1.365791958e-13,2.486632702e-13,2.107222954e-13,9.448084948e-14,2.099126015e-14,5.557434569e-14,1.698828129e-13,3.325026897e-13,1.56989149e-13,1.577496986e-13,2.548572485e-13,3.308431477e-13,3.569036272e-13,3.174665386e-13,2.829176911e-13,1.72475222e-13,2.069870909e-13,6.565666232e-14,6.979301709e-14,7.033708581e-14,1.179727476e-13,4.698157304e-14,1.746285523e-13,6.350524543e-13,2.68281287e-13,2.441639627e-13,2.480095308e-13,2.671570152e-13,2.673140503e-14
90.546875,1.583696349e-13,5.420904885e-13,2.151864834e-13,1.347946529e-13,2.532875758e-13,2.115692417e-13,9.598088595e-14,2.051882735e-14,5.631606943e-14,1.687282829e-13,3.33053598e-13,1.570186498e-13,1.58484656e-13,2.5615913e-13,3.275391263e-13,3.524238348e-13,3.126621416e-13,2.805933885e-13,1.741810608e-13,2.085050801e-13,6.484101429e-14,7.070271054e-14,6.988018072e-14,1.18521684e-13,4.603741747e-14,1.745531546e-13,6.395326653e-13,2.703469316e-13,2.433320376e-13,2.512423616e-13,2.670032812e-13,2.653216493e-14
90.5546875,1.58877078e-13,5.443277508e-13,2.124568891e-13,1.331038025e-13,2.579148924e-13,2.123185958e-13,9.74370945e-14,2.012230409e-14,5.709167324e-14,1.676552054e-13,3.33776484e-13,1.570861255e-13,1.592038442e-13,2.575406654e-13,3.246470246e-13,3.484194677e-13,3.082565177e-13,2.785117368e-13,1.75975688e-13,2.102555809e-13,6.408364324e-14,7.160804595e-14,6.94392242e-14,1.191166692e-13,4.514196168e-14,1.746168801e-13,6.441409365e-13,2.725974878e-13,2.426477943e-13,2.544758614e-13,2.668905771e-13,2.637972009e-14
90.5625,1.592235032e-13,5.463742502e-13,2.098396167e-13,1.315334686e-13,2.626268689e-13,2.13074367e-13,9.885541044e-14,1.978832535e-14,5.789125295e-14,1.666695152e-13,3.343560583e-13,1.571906367e-13,1.599962682e-13,2.590679521e-13,3.220130851e-13,3.447485897e-13,3.040818771e-13,2.766074134e-13,1.778798222e-13,2.120491054e-13,6.333417429e-14,7.250216532e-14,6.897188742e-14,1.197806849e-13,4.429321392e-14,1.747481241e-13,6.488567378e-13,2.748753558e-13,2.420677042e-13,2.576703506e-13,2.667933743e-13,2.623375466e-14
90.5703125,1.594678339e-13,5.481054448e-13,2.072711425e-13,1.300722691e-13,2.675425582e-13,2.137682309e-13,1.00214273e-13,1.949693072e-14,5.870822505e-14,1.657184776e-13,3.34629335e-13,1.573358745e-13,1.608964941e-13,2.607153693e-13,3.194293533e-13,3.411489555e-13,2.998702199e-13,2.748654817e-13,1.798648325e-13,2.136124799e-13,6.257786998e-14,7.338984294e-14,6.845352466e-14,1.204751328e-13,4.34605296e-14,1.748572337e-13,6.534021883e-13,2.770605226e-13,2.415799628e-13,2.607662544e-13,2.666640775e-13,2.606799978e-14
90.578125,1.598185663e-13,5.496572594e-13,2.046453661e-13,1.286752612e-13,2.72424239e-13,2.143565894e-13,1.014997916e-13,1.924630755e-14,5.951857605e-14,1.647170201e-13,3.347240624e-13,1.574708463e-13,1.618141102e-13,2.622605812e-13,3.168987982e-13,3.377060049e-13,2.956876871e-13,2.731929199e-13,1.81842147e-13,2.149527584e-13,6.184520845e-14,7.423526192e-14,6.792519829e-14,1.212010912e-13,4.26177914e-14,1.749352617e-13,6.575998652e-13,2.79114667e-13,2.411304552e-13,2.636946009e-13,2.663386809e-13,2.591379038e-14
90.5859375,1.601094825e-13,5.51056163e-13,2.019152838e-13,1.273694681e-13,2.770992778e-13,2.148998638e-13,1.027557274e-13,1.906440216e-14,6.03217028e-14,1.636730882e-13,3.34720464e-13,1.575789238e-13,1.627534155e-13,2.635727607e-13,3.145105531e-13,3.346214062e-13,2.917540441e-13,2.713907394e-13,1.837875463e-13,2.16357569e-13,6.112925049e-14,7.502116732e-14,6.740780482e-14,1.219911576e-13,4.178090709e-14,1.750109372e-13,6.615881769e-13,2.810347446e-13,2.406416792e-13,2.664549897e-13,2.658049682e-13,2.578505612e-14
90.59375,1.60269599e-13,5.522493545e-13,1.991936881e-13,1.260923305e-13,2.818919063e-13,2.154582161e-13,1.040030955e-13,1.89787063e-14,6.114644803e-14,1.626589971e-13,3.345675775e-13,1.57661783e-13,1.638088377e-13,2.648007022e-13,3.122476228e-13,3.318135368e-13,2.880351331e-13,2.695237049e-13,1.857225512e-13,2.181497328e-13,6.043119013e-14,7.57695963e-14,6.685741822e-14,1.228358312e-13,4.097110435e-14,1.750558511e-13,6.654385941e-13,2.828897352e-13,2.401315961e-13,2.6912052e-13,2.651589946e-13,2.566078028e-14
90.6015625,1.604700059e-13,5.528228007e-13,1.966332497e-13,1.2478776e-13,2.869762413e-13,2.160159848e-13,1.051712316e-13,1.898870387e-14,6.199885769e-14,1.616690955e-13,3.342251862e-13,1.576997247e-13,1.649787256e-13,2.660289647e-13,3.100850642e-13,3.292458001e-13,2.844392075e-13,2.678238549e-13,1.876437135e-13,2.20301368e-13,5.973532368e-14,7.648737677e-14,6.626136941e-14,1.237554754e-13,4.018077606e-14,1.750105606e-13,6.689494536e-13,2.845996121e-13,2.396666108e-13,2.716731938e-13,2.644059972e-13,2.553845346e-14
90.609375,1.605850281e-13,5.528293833e-13,1.94154807e-13,1.236087663e-13,2.9198064e-13,2.164224633e-13,1.062395529e-13,1.906670685e-14,6.287456011e-14,1.606478269e-13,3.337459053e-13,1.577216965e-13,1.661520194e-13,2.671240455e-13,3.080589031e-13,3.269931028e-13,2.809582234e-13,2.662019275e-13,1.895678125e-13,2.223937932e-13,5.897592979e-14,7.719021885e-14,6.565949024e-14,1.247728242e-13,3.938981314e-14,1.749059689e-13,6.721594721e-13,2.860623122e-13,2.392481777e-13,2.739978099e-13,2.636121812e-13,2.542222433e-14
90.6171875,1.604937495e-13,5.532034233e-13,1.915653134e-13,1.226180326e-13,2.966746023e-13,2.165971049e-13,1.072859224e-13,1.919529551e-14,6.377277158e-14,1.596124662e-13,3.331830554e-13,1.577424165e-13,1.672481568e-13,2.680499157e-13,3.06178519e-13,3.24958672e-13,2.775527975e-13,2.644507539e-13,1.914852729e-13,2.242637533e-13,5.81892388e-14,7.789454239e-14,6.505638931e-14,1.258451352e-13,3.859960185e-14,1.748074706e-13,6.753669758e-13,2.874749908e-13,2.388468232e-13,2.760940083e-13,2.62859162e-13,2.529865748e-14
90.625,1.603462673e-13,5.538443318e-13,1.889693561e-13,1.216713426e-13,3.013327873e-13,2.167035936e-13,1.082994963e-13,1.941387256e-14,6.469821988e-14,1.586135506e-13,3.324908787e-13,1.57746996e-13,1.683278248e-13,2.689277688e-13,3.044839781e-13,3.232240415e-13,2.743125597e-13,2.626623363e-13,1.933451069e-13,2.262422817e-13,5.748000978e-14,7.857157128e-14,6.443107055e-14,1.270036593e-13,3.783803315e-14,1.747087474e-13,6.786052222e-13,2.88922299e-13,2.384565971e-13,2.780843077e-13,2.620854422e-13,2.517934452e-14
90.6328125,1.601245138e-13,5.537576558e-13,1.865780937e-13,1.207601722e-13,3.062048205e-13,2.168350169e-13,1.091975793e-13,1.975160558e-14,6.567028006e-14,1.576496143e-13,3.316537694e-13,1.577850659e-13,1.694990761e-13,2.698268367e-13,3.030349572e-13,3.220112458e-13,2.713654603e-13,2.609774538e-13,1.951849143e-13,2.284710991e-13,5.682020358e-14,7.920871534e-14,6.380098651e-14,1.282777689e-13,3.711561071e-14,1.746128025e-13,6.817349934e-13,2.902158655e-13,2.380706836e-13,2.79998637e-13,2.612557843e-13,2.509898313e-14
90.640625,1.598441591e-13,5.533320435e-13,1.842850151e-13,1.199755165e-13,3.111639614e-13,2.168616211e-13,1.100069112e-13,2.013597303e-14,6.666028448e-14,1.567077428e-13,3.307487602e-13,1.578601632e-13,1.707299304e-13,2.707478594e-13,3.01712569e-13,3.210282251e-13,2.685607087e-13,2.59363482e-13,1.970673914e-13,2.306823275e-13,5.614274914e-14,7.982672395e-14,6.318106227e-14,1.295260889e-13,3.640981942e-14,1.74541395e-13,6.846737414e-13,2.914293498e-13,2.377035362e-13,2.817512222e-13,2.603725e-13,2.504875455e-14
90.6484375,1.597080533e-13,5.532052988e-13,1.819441077e-13,1.192544171e-13,3.1598653e-13,2.167378751e-13,1.10782579e-13,2.050940514e-14,6.761333975e-14,1.55782461e-13,3.297640102e-13,1.57907914e-13,1.719158234e-13,2.716756278e-13,3.003773964e-13,3.199560705e-13,2.657874844e-13,2.578072098e-13,1.989588942e-13,2.327861799e-13,5.547210119e-14,8.041298693e-14,6.254480453e-14,1.30725769e-13,3.570833046e-14,1.74458799e-13,6.873315499e-13,2.927001874e-13,2.373948023e-13,2.833285958e-13,2.593671034e-13,2.4992141e-14
90.65625,1.595772993e-13,5.527496716e-13,1.79652434e-13,1.184875842e-13,3.206753475e-13,2.165483996e-13,1.114952734e-13,2.094218568e-14,6.858050876e-14,1.548550501e-13,3.286012714e-13,1.579702295e-13,1.730810697e-13,2.726060627e-13,2.991339e-13,3.190953378e-13,2.631826294e-13,2.562989432e-13,2.008242829e-13,2.349658451e-13,5.48205919e-14,8.095903212e-14,6.188465212e-14,1.320635128e-13,3.501480899e-14,1.743497823e-13,6.897312766e-13,2.938035702e-13,2.371496144e-13,2.847995361e-13,2.582751275e-13,2.492997644e-14
90.6640625,1.592608821e-13,5.519004957e-13,1.774815551e-13,1.176905862e-13,3.253995728e-13,2.163080305e-13,1.121227384e-13,2.148619326e-14,6.964114349e-14,1.539515823e-13,3.272605628e-13,1.58118673e-13,1.7434684e-13,2.735858273e-13,2.980690218e-13,3.185910114e-13,2.60676783e-13,2.547541619e-13,2.026447211e-13,2.372034692e-13,5.418846885e-14,8.149418087e-14,6.122619595e-14,1.33556206e-13,3.432726259e-14,1.742320033e-13,6.919246708e-13,2.946411843e-13,2.369880904e-13,2.86144547e-13,2.572250347e-13,2.488027068e-14
90.671875,1.589460931e-13,5.51183926e-13,1.75406305e-13,1.170226994e-13,3.30205425e-13,2.159803987e-13,1.126604281e-13,2.208252828e-14,7.073737165e-14,1.531077554e-13,3.257905707e-13,1.583306821e-13,1.757495465e-13,2.746080157e-13,2.971159794e-13,3.18177079e-13,2.581185607e-13,2.531938534e-13,2.043809033e-13,2.39268289e-13,5.361112251e-14,8.200545928e-14,6.056706703e-14,1.35085443e-13,3.365631964e-14,1.740894794e-13,6.938276889e-13,2.95428006e-13,2.369221755e-13,2.873032782e-13,2.561757256e-13,2.484264797e-14
90.6796875,1.585840279e-13,5.500671707e-13,1.733971097e-13,1.166124565e-13,3.349067528e-13,2.155419562e-13,1.130806943e-13,2.269239779e-14,7.176221445e-14,1.522452173e-13,3.241404313e-13,1.58542006e-13,1.771806707e-13,2.755166638e-13,2.963309784e-13,3.179318161e-13,2.556862162e-13,2.516712986e-13,2.060499858e-13,2.41168814e-13,5.305409419e-14,8.243236497e-14,5.98883792e-14,1.366265446e-13,3.301622617e-14,1.739517639e-13,6.954650865e-13,2.961434295e-13,2.367867692e-13,2.883132457e-13,2.549697486e-13,2.481798642e-14
90.6875,1.578880175e-13,5.482763935e-13,1.713403438e-13,1.162868107e-13,3.393768232e-13,2.149541766e-13,1.134023132e-13,2.334548072e-14,7.271919836e-14,1.512920243e-13,3.222499384e-13,1.586667219e-13,1.785380678e-13,2.762054055e-13,2.957372015e-13,3.179959407e-13,2.534303652e-13,2.500714381e-13,2.07669546e-13,2.431562059e-13,5.245665306e-14,8.276983826e-14,5.920226119e-14,1.381334218e-13,3.239000305e-14,1.738434368e-13,6.968577664e-13,2.965669759e-13,2.364257929e-13,2.891815635e-13,2.536057613e-13,2.480573023e-14
90.6953125,1.57049445e-13,5.465561608e-13,1.692275121e-13,1.158233391e-13,3.437847096e-13,2.141730134e-13,1.136615871e-13,2.406352363e-14,7.371017226e-14,1.503509049e-13,3.202114986e-13,1.587268982e-13,1.798855322e-13,2.768127851e-13,2.951212057e-13,3.181101783e-13,2.511159963e-13,2.483588791e-13,2.092130646e-13,2.4521986e-13,5.187696826e-14,8.309641134e-14,5.853016224e-14,1.396133004e-13,3.176174008e-14,1.73665219e-13,6.978338466e-13,2.967776597e-13,2.360159175e-13,2.89839028e-13,2.522655626e-13,2.479280335e-14
90.703125,1.563956388e-13,5.449746827e-13,1.672383216e-13,1.153768523e-13,3.482434682e-13,2.132177011e-13,1.13833663e-13,2.484566716e-14,7.479151587e-14,1.494900116e-13,3.181566253e-13,1.588668883e-13,1.813024301e-13,2.775042669e-13,2.944459192e-13,3.182339841e-13,2.488191144e-13,2.466761204e-13,2.107080734e-13,2.471491457e-13,5.138650434e-14,8.346320955e-14,5.78824363e-14,1.412127419e-13,3.114704878e-14,1.733813544e-13,6.984813963e-13,2.970209249e-13,2.357715123e-13,2.903112736e-13,2.510194297e-13,2.478143368e-14
90.7109375,1.558148539e-13,5.431371891e-13,1.653235868e-13,1.151106966e-13,3.525180787e-13,2.122218722e-13,1.139246054e-13,2.568210423e-14,7.586554242e-14,1.485646901e-13,3.160256075e-13,1.590152411e-13,1.826866041e-13,2.781692407e-13,2.939051859e-13,3.186008119e-13,2.467479176e-13,2.449848814e-13,2.121407315e-13,2.49040398e-13,5.094064378e-14,8.379451464e-14,5.725941977e-14,1.429008386e-13,3.055160457e-14,1.730712321e-13,6.989937873e-13,2.972276499e-13,2.355484192e-13,2.906369839e-13,2.496616082e-13,2.478171454e-14
90.71875,1.551042906e-13,5.411580715e-13,1.63267042e-13,1.148547137e-13,3.564117886e-13,2.11288358e-13,1.140044875e-13,2.656778477e-14,7.683309387e-14,1.475127586e-13,3.136704107e-13,1.589772906e-13,1.83941627e-13,2.785811583e-13,2.934882062e-13,3.191489433e-13,2.447805655e-13,2.431248314e-13,2.134068735e-13,2.510428842e-13,5.048366747e-14,8.399448835e-14,5.663318004e-14,1.445238762e-13,2.995840975e-14,1.727028291e-13,6.991202009e-13,2.971698552e-13,2.351313615e-13,2.90764732e-13,2.480514577e-13,2.478410254e-14
90.7265625,1.54248163e-13,5.388785684e-13,1.611845232e-13,1.145637778e-13,3.600048584e-13,2.103195593e-13,1.140562034e-13,2.7525243e-14,7.778393698e-14,1.465186128e-13,3.110953966e-13,1.588541174e-13,1.851455656e-13,2.787212128e-13,2.931072676e-13,3.197829909e-13,2.428371486e-13,2.411291373e-13,2.145026752e-13,2.530228771e-13,5.002783036e-14,8.41080845e-14,5.598957064e-14,1.461601701e-13,2.936775033e-14,1.722430041e-13,6.987339387e-13,2.969062159e-13,2.345915427e-13,2.90701062e-13,2.463452377e-13,2.478731996e-14
90.734375,1.533179774e-13,5.359662226e-13,1.592979352e-13,1.144001404e-13,3.634386392e-13,2.09200231e-13,1.13968905e-13,2.856507872e-14,7.883056585e-14,1.456559586e-13,3.083523441e-13,1.588143353e-13,1.863683395e-13,2.78740728e-13,2.928098246e-13,3.20591663e-13,2.410039131e-13,2.390722482e-13,2.154806871e-13,2.549942108e-13,4.958420888e-14,8.423088272e-14,5.537213753e-14,1.479150687e-13,2.879743746e-14,1.717991061e-13,6.981344137e-13,2.965312254e-13,2.340859126e-13,2.904380607e-13,2.446675162e-13,2.480757953e-14
90.7421875,1.524567721e-13,5.327106994e-13,1.575099539e-13,1.143088833e-13,3.668198938e-13,2.079870644e-13,1.137270147e-13,2.96567172e-14,7.992377333e-14,1.447652578e-13,3.05397962e-13,1.587968959e-13,1.875950332e-13,2.787556623e-13,2.925524825e-13,3.215163159e-13,2.392444866e-13,2.369719918e-13,2.163372455e-13,2.570754633e-13,4.913972951e-14,8.434464376e-14,5.479153708e-14,1.497261634e-13,2.824949299e-14,1.713639985e-13,6.97333395e-13,2.958968865e-13,2.335878438e-13,2.898795611e-13,2.429615187e-13,2.484278212e-14
90.75,1.516687654e-13,5.293496439e-13,1.556950068e-13,1.141859875e-13,3.700679657e-13,2.067728936e-13,1.134431217e-13,3.07811562e-14,8.097965221e-14,1.438142814e-13,3.02253996e-13,1.587554515e-13,1.888377834e-13,2.787269448e-13,2.922856733e-13,3.225062708e-13,2.375783294e-13,2.349052108e-13,2.171130476e-13,2.590606214e-13,4.869584416e-14,8.437791896e-14,5.419015594e-14,1.516006582e-13,2.771195667e-14,1.708324821e-13,6.961772498e-13,2.950245088e-13,2.330090375e-13,2.890992776e-13,2.412156046e-13,2.488188424e-14
90.7578125,1.507139245e-13,5.257037305e-13,1.539454149e-13,1.140935324e-13,3.729775144e-13,2.056058389e-13,1.131747685e-13,3.194475114e-14,8.19882438e-14,1.429305135e-13,2.990297903e-13,1.587289052e-13,1.901260113e-13,2.785162124e-13,2.920680699e-13,3.23616808e-13,2.360200138e-13,2.328461566e-13,2.178258754e-13,2.608264777e-13,4.825726431e-14,8.432821479e-14,5.356495412e-14,1.535635572e-13,2.718650661e-14,1.702667805e-13,6.948056682e-13,2.940804109e-13,2.324148097e-13,2.882449643e-13,2.394774053e-13,2.492674745e-14
90.765625,1.495580832e-13,5.217467577e-13,1.522908271e-13,1.139604613e-13,3.757421824e-13,2.044619922e-13,1.128464485e-13,3.31509503e-14,8.298897959e-14,1.420914345e-13,2.957083156e-13,1.587108834e-13,1.914696258e-13,2.781594428e-13,2.917868995e-13,3.24677619e-13,2.34316987e-13,2.306846559e-13,2.184074983e-13,2.625514265e-13,4.781437698e-14,8.425240183e-14,5.296856438e-14,1.555340566e-13,2.668551286e-14,1.697115285e-13,6.931759889e-13,2.929193127e-13,2.31890766e-13,2.872249694e-13,2.377778391e-13,2.497331101e-14
90.7734375,1.484936669e-13,5.175820797e-13,1.506203421e-13,1.137059252e-13,3.786409375e-13,2.031572622e-13,1.123826886e-13,3.441288041e-14,8.403740195e-14,1.412039269e-13,2.922214742e-13,1.586907616e-13,1.928208138e-13,2.778216515e-13,2.913680422e-13,3.256393178e-13,2.324473644e-13,2.284925729e-13,2.188642571e-13,2.642863449e-13,4.737309885e-14,8.419945811e-14,5.239883525e-14,1.575453538e-13,2.620272623e-14,1.690425564e-13,6.910115253e-13,2.914545398e-13,2.313172397e-13,2.859482143e-13,2.361397778e-13,2.50145995e-14
90.78125,1.475947879e-13,5.133615902e-13,1.489297267e-13,1.135531877e-13,3.813540793e-13,2.015748636e-13,1.118024447e-13,3.574591477e-14,8.511859915e-14,1.403258558e-13,2.88679118e-13,1.586194452e-13,1.940275173e-13,2.774358154e-13,2.911384448e-13,3.26900255e-13,2.307964547e-13,2.263688198e-13,2.192294326e-13,2.660222143e-13,4.696242975e-14,8.415513032e-14,5.183982043e-14,1.596517751e-13,2.572020055e-14,1.682550602e-13,6.884057237e-13,2.899784246e-13,2.306128462e-13,2.845201862e-13,2.344925324e-13,2.50561688e-14
90.7890625,1.46606204e-13,5.093273454e-13,1.47305541e-13,1.136236467e-13,3.836052465e-13,1.998841638e-13,1.111635545e-13,3.714007402e-14,8.615239144e-14,1.395102067e-13,2.85188466e-13,1.584459555e-13,1.950237155e-13,2.768744074e-13,2.913010967e-13,3.285984764e-13,2.294391669e-13,2.242604056e-13,2.194707135e-13,2.677244445e-13,4.659677692e-14,8.405435871e-14,5.13170126e-14,1.617030528e-13,2.524133389e-14,1.674783749e-13,6.857103275e-13,2.885762595e-13,2.299830176e-13,2.82971328e-13,2.327488172e-13,2.509953788e-14
90.796875,1.453935359e-13,5.05300274e-13,1.457408675e-13,1.137015278e-13,3.856505462e-13,1.982472093e-13,1.105008749e-13,3.858039613e-14,8.712712833e-14,1.386882351e-13,2.816138856e-13,1.582558062e-13,1.959734965e-13,2.762213696e-13,2.915820755e-13,3.30397669e-13,2.281070178e-13,2.221299341e-13,2.195946372e-13,2.69188216e-13,4.625271744e-14,8.38724047e-14,5.08267628e-14,1.636624214e-13,2.478013331e-14,1.667132707e-13,6.830136082e-13,2.869617929e-13,2.295169751e-13,2.812358353e-13,2.30976913e-13,2.514545023e-14
90.8046875,1.440590968e-13,5.007977631e-13,1.442239013e-13,1.137325102e-13,3.875787629e-13,1.966136512e-13,1.098114472e-13,4.006758435e-14,8.809066164e-14,1.378339986e-13,2.778439001e-13,1.581122662e-13,1.970066593e-13,2.754803244e-13,2.918431523e-13,3.322381094e-13,2.268165573e-13,2.199760207e-13,2.195935759e-13,2.705826827e-13,4.589165087e-14,8.364751051e-14,5.034651661e-14,1.657428533e-13,2.433875685e-14,1.659035362e-13,6.800466751e-13,2.85015295e-13,2.289588867e-13,2.793271839e-13,2.292326003e-13,2.521025958e-14
90.8125,1.427389554e-13,4.959011692e-13,1.428318959e-13,1.138869753e-13,3.892562907e-13,1.949090494e-13,1.090599176e-13,4.160269662e-14,8.905581624e-14,1.369880498e-13,2.740089337e-13,1.579524011e-13,1.980614494e-13,2.745650663e-13,2.923123093e-13,3.343622761e-13,2.257932754e-13,2.177958825e-13,2.19423924e-13,2.723215736e-13,4.551383093e-14,8.339953314e-14,4.990164831e-14,1.679972905e-13,2.392634038e-14,1.65074466e-13,6.76564932e-13,2.82893018e-13,2.282386037e-13,2.772617143e-13,2.274280803e-13,2.530044686e-14
90.8203125,1.41489511e-13,4.909986765e-13,1.415591067e-13,1.141204212e-13,3.907202331e-13,1.931062366e-13,1.082258812e-13,4.316448747e-14,9.000381252e-14,1.361423392e-13,2.701807455e-13,1.577561198e-13,1.990974694e-13,2.735676696e-13,2.930263818e-13,3.367268349e-13,2.249960525e-13,2.156207573e-13,2.191331785e-13,2.741284756e-13,4.51589711e-14,8.310764683e-14,4.950470706e-14,1.702621295e-13,2.355512101e-14,1.642393491e-13,6.727287113e-13,2.806901382e-13,2.276040784e-13,2.750380967e-13,2.255376409e-13,2.539989571e-14
90.828125,1.402497797e-13,4.859390451e-13,1.403096419e-13,1.143090673e-13,3.919427747e-13,1.912023309e-13,1.073328657e-13,4.472154553e-14,9.091614124e-14,1.352805183e-13,2.662578932e-13,1.575333832e-13,2.001495695e-13,2.725359558e-13,2.937096251e-13,3.390813188e-13,2.241354609e-13,2.133916463e-13,2.187291562e-13,2.755910319e-13,4.482757039e-14,8.277537175e-14,4.911527796e-14,1.724450009e-13,2.320596647e-14,1.633778492e-13,6.687113133e-13,2.783263411e-13,2.270468264e-13,2.727086509e-13,2.236415544e-13,2.550187157e-14
90.8359375,1.389418347e-13,4.805062935e-13,1.3909622e-13,1.145672662e-13,3.928868904e-13,1.892601094e-13,1.064033728e-13,4.629883024e-14,9.181358119e-14,1.344290891e-13,2.622407498e-13,1.572702236e-13,2.011798773e-13,2.714001883e-13,2.942514218e-13,3.41363881e-13,2.231100109e-13,2.110363358e-13,2.181379314e-13,2.770094265e-13,4.448379481e-14,8.243672719e-14,4.871795487e-14,1.745654062e-13,2.285602451e-14,1.624875633e-13,6.642908266e-13,2.757861204e-13,2.263407804e-13,2.702883032e-13,2.217832425e-13,2.561494926e-14
90.84375,1.375433096e-13,4.750521376e-13,1.379676911e-13,1.14975157e-13,3.936405743e-13,1.873180422e-13,1.054289284e-13,4.795875092e-14,9.273889202e-14,1.335900157e-13,2.58206953e-13,1.570079386e-13,2.021159292e-13,2.70190427e-13,2.948376359e-13,3.437054624e-13,2.221682253e-13,2.086612413e-13,2.17428495e-13,2.785544856e-13,4.413822176e-14,8.208778573e-14,4.833614529e-14,1.767221213e-13,2.252223447e-14,1.615610018e-13,6.59443079e-13,2.731976543e-13,2.255784883e-13,2.67726987e-13,2.199925423e-13,2.57376526e-14
90.8515625,1.35980984e-13,4.697059746e-13,1.36865301e-13,1.153489374e-13,3.941034377e-13,1.853329638e-13,1.043935629e-13,4.9676996e-14,9.365726139e-14,1.327346715e-13,2.541054184e-13,1.567525159e-13,2.029570318e-13,2.688731639e-13,2.955750585e-13,3.461877688e-13,2.214453455e-13,2.062878125e-13,2.166668038e-13,2.799061621e-13,4.380938008e-14,8.167899402e-14,4.797476645e-14,1.790069961e-13,2.221764288e-14,1.606012129e-13,6.544493974e-13,2.704927346e-13,2.249389701e-13,2.650086962e-13,2.182622994e-13,2.586359941e-14
90.859375,1.342677487e-13,4.639882079e-13,1.357517155e-13,1.155289972e-13,3.941701748e-13,1.833036602e-13,1.032890814e-13,5.138392508e-14,9.450379032e-14,1.318527988e-13,2.498618919e-13,1.564237283e-13,2.037287903e-13,2.673436975e-13,2.963302776e-13,3.487102757e-13,2.207410314e-13,2.037262742e-13,2.15708787e-13,2.810888895e-13,4.346597222e-14,8.118573971e-14,4.76254511e-14,1.813256539e-13,2.191215665e-14,1.596183242e-13,6.491367679e-13,2.674444663e-13,2.242598221e-13,2.621348692e-13,2.164477366e-13,2.600442952e-14
90.8671875,1.326432668e-13,4.578531498e-13,1.346941088e-13,1.156211664e-13,3.939736099e-13,1.813054007e-13,1.02121158e-13,5.310287065e-14,9.530079625e-14,1.309292293e-13,2.45527978e-13,1.560090135e-13,2.044314039e-13,2.656660953e-13,2.970046401e-13,3.511880493e-13,2.199950352e-13,2.009645351e-13,2.144891547e-13,2.823654313e-13,4.311081343e-14,8.063755851e-14,4.728956003e-14,1.835545102e-13,2.158577964e-14,1.585751606e-13,6.432377292e-13,2.641518826e-13,2.233953505e-13,2.590817748e-13,2.144489714e-13,2.617145537e-14
90.875,1.311511801e-13,4.517247109e-13,1.337351961e-13,1.158296364e-13,3.935724218e-13,1.79372943e-13,1.00913898e-13,5.486703969e-14,9.607954991e-14,1.29948588e-13,2.411975491e-13,1.555537101e-13,2.050761081e-13,2.638862412e-13,2.976533581e-13,3.53707626e-13,2.193585452e-13,1.981825689e-13,2.131466801e-13,2.836868473e-13,4.279624972e-14,8.006900963e-14,4.696779277e-14,1.85754934e-13,2.126286025e-14,1.574436738e-13,6.370868526e-13,2.608472311e-13,2.224533147e-13,2.558673827e-13,2.12376607e-13,2.633918837e-14
90.8828125,1.294974644e-13,4.453860123e-13,1.32832646e-13,1.161778663e-13,3.929412931e-13,1.774356754e-13,9.968431698e-14,5.663448316e-14,9.681599979e-14,1.289559847e-13,2.368730826e-13,1.550592578e-13,2.056985456e-13,2.619368553e-13,2.983057769e-13,3.562718072e-13,2.187888035e-13,1.954118171e-13,2.117345483e-13,2.849072422e-13,4.251413575e-14,7.947088241e-14,4.666181121e-14,1.879866676e-13,2.096995837e-14,1.562525771e-13,6.308887031e-13,2.574207063e-13,2.214404237e-13,2.525670488e-13,2.103323421e-13,2.647976353e-14
90.890625,1.27640643e-13,4.384706693e-13,1.319909578e-13,1.165520235e-13,3.921041783e-13,1.754016489e-13,9.842681424e-14,5.841136676e-14,9.752257541e-14,1.280152773e-13,2.325208519e-13,1.545523257e-13,2.063207134e-13,2.598747709e-13,2.989598736e-13,3.587476718e-13,2.181898004e-13,1.9264534e-13,2.10199659e-13,2.859575033e-13,4.221489529e-14,7.882200684e-14,4.637786249e-14,1.902244443e-13,2.070777599e-14,1.550231334e-13,6.243078992e-13,2.537735787e-13,2.203107426e-13,2.492197903e-13,2.083168712e-13,2.662464473e-14
90.8984375,1.258651807e-13,4.315261035e-13,1.313024732e-13,1.170005759e-13,3.910674389e-13,1.732713763e-13,9.714267388e-14,6.024539942e-14,9.824535418e-14,1.271274028e-13,2.282128469e-13,1.541130931e-13,2.069359151e-13,2.578211876e-13,2.996632548e-13,3.611691402e-13,2.176248191e-13,1.899996206e-13,2.085934751e-13,2.868545979e-13,4.191626305e-14,7.815481288e-14,4.612088334e-14,1.924708426e-13,2.045932418e-14,1.537679888e-13,6.172793456e-13,2.50172783e-13,2.192418482e-13,2.457956169e-13,2.063895577e-13,2.681171776e-14
90.90625,1.242130638e-13,4.250577628e-13,1.307242098e-13,1.176667863e-13,3.898946861e-13,1.710979469e-13,9.584411953e-14,6.209584908e-14,9.897326053e-14,1.262562027e-13,2.23989633e-13,1.537475938e-13,2.075108029e-13,2.558029793e-13,3.004083174e-13,3.636384673e-13,2.170748982e-13,1.874657801e-13,2.069895679e-13,2.877595382e-13,4.167212238e-14,7.750812629e-14,4.589811939e-14,1.946681038e-13,2.020703299e-14,1.525015241e-13,6.100703055e-13,2.467792001e-13,2.183382095e-13,2.422622996e-13,2.045409739e-13,2.700551728e-14
90.9140625,1.225368457e-13,4.18591675e-13,1.30119085e-13,1.184399311e-13,3.885741228e-13,1.6891483e-13,9.451748889e-14,6.391637389e-14,9.96646864e-14,1.253815716e-13,2.197513004e-13,1.533688731e-13,2.079966035e-13,2.537740972e-13,3.011498678e-13,3.661056242e-13,2.164743378e-13,1.849007931e-13,2.0531367e-13,2.887146413e-13,4.147259283e-14,7.684786468e-14,4.570681927e-14,1.967517984e-13,1.995712607e-14,1.512131919e-13,6.026986162e-13,2.433508388e-13,2.174419609e-13,2.386365688e-13,2.026190688e-13,2.717323559e-14
90.921875,1.209002742e-13,4.117458067e-13,1.296040736e-13,1.191146392e-13,3.870018194e-13,1.667531063e-13,9.314365261e-14,6.574840591e-14,1.003305498e-13,1.245137306e-13,2.155448344e-13,1.52963267e-13,2.083777882e-13,2.516591794e-13,3.019383728e-13,3.685856583e-13,2.159182536e-13,1.823182455e-13,2.034823515e-13,2.896402276e-13,4.126383066e-14,7.614235369e-14,4.553007412e-14,1.98825143e-13,1.972899899e-14,1.499332869e-13,5.951130661e-13,2.397085501e-13,2.164594805e-13,2.349689713e-13,2.006327195e-13,2.735742824e-14
90.9296875,1.193801337e-13,4.049141504e-13,1.293190032e-13,1.197694785e-13,3.853135334e-13,1.646179932e-13,9.175698371e-14,6.761201397e-14,1.010038602e-13,1.236718152e-13,2.115031137e-13,1.525980309e-13,2.08680326e-13,2.49470165e-13,3.028116295e-13,3.711566902e-13,2.154785856e-13,1.798051776e-13,2.01553624e-13,2.90618437e-13,4.104229103e-14,7.541813292e-14,4.537439197e-14,2.009368157e-13,1.952420901e-14,1.486990303e-13,5.87380794e-13,2.36017291e-13,2.154420675e-13,2.312650899e-13,1.986899857e-13,2.757454913e-14
90.9375,1.178573706e-13,3.983540697e-13,1.290788405e-13,1.205533274e-13,3.83555286e-13,1.625223532e-13,9.04062037e-14,6.947127745e-14,1.016509703e-13,1.228226998e-13,2.074735056e-13,1.522325544e-13,2.089276108e-13,2.472693302e-13,3.03702698e-13,3.73675586e-13,2.151067223e-13,1.77365359e-13,1.995797651e-13,2.916282664e-13,4.085331787e-14,7.467501076e-14,4.525661939e-14,2.029562743e-13,1.934239284e-14,1.474213224e-13,5.794162086e-13,2.324026168e-13,2.144391843e-13,2.274593471e-13,1.967282566e-13,2.777380563e-14
90.9453125,1.162803595e-13,3.917472029e-13,1.288039207e-13,1.21366448e-13,3.814224876e-13,1.605189127e-13,8.906543768e-14,7.132625044e-14,1.022226827e-13,1.219160682e-13,2.033172838e-13,1.517711133e-13,2.091280696e-13,2.449889616e-13,3.045920629e-13,3.760274312e-13,2.148053607e-13,1.750359933e-13,1.974955035e-13,2.924541917e-13,4.071092837e-14,7.389472012e-14,4.514587767e-14,2.048738469e-13,1.918786584e-14,1.460368512e-13,5.711045072e-13,2.2872883e-13,2.135101955e-13,2.23551473e-13,1.947223452e-13,2.795459795e-14
90.953125,1.146809988e-13,3.84833398e-13,1.286381423e-13,1.220793871e-13,3.788713861e-13,1.585253482e-13,8.767743422e-14,7.32035345e-14,1.027482599e-13,1.209790245e-13,1.991667663e-13,1.512182491e-13,2.092469083e-13,2.425387099e-13,3.055451033e-13,3.784343514e-13,2.146081391e-13,1.72766222e-13,1.952221687e-13,2.931379874e-13,4.058725131e-14,7.308794297e-14,4.500654466e-14,2.068013458e-13,1.904229733e-14,1.446589911e-13,5.625021236e-13,2.248740447e-13,2.126199805e-13,2.196412289e-13,1.927036518e-13,2.817040354e-14
90.9609375,1.129953103e-13,3.777772716e-13,1.285102725e-13,1.227808993e-13,3.760930581e-13,1.564221815e-13,8.626295287e-14,7.508991804e-14,1.03245978e-13,1.200407564e-13,1.950332804e-13,1.505813564e-13,2.092302328e-13,2.399292246e-13,3.065805711e-13,3.810549659e-13,2.144667079e-13,1.703573392e-13,1.927527788e-13,2.938160975e-13,4.045891898e-14,7.22246051e-14,4.486944456e-14,2.087069042e-13,1.889376825e-14,1.433550755e-13,5.536389904e-13,2.208638482e-13,2.11609861e-13,2.157482822e-13,1.905351716e-13,2.842373315e-14
90.96875,1.112829077e-13,3.708285584e-13,1.283937782e-13,1.236110597e-13,3.73096248e-13,1.54366597e-13,8.487855281e-14,7.694919741e-14,1.036637484e-13,1.190573468e-13,1.90880297e-13,1.498764721e-13,2.091303909e-13,2.37217664e-13,3.076621482e-13,3.836881555e-13,2.143160172e-13,1.678636387e-13,1.901762519e-13,2.943861215e-13,4.033147101e-14,7.128036376e-14,4.478004492e-14,2.105050105e-13,1.876609774e-14,1.420645161e-13,5.445455213e-13,2.167676723e-13,2.104738606e-13,2.118179119e-13,1.882262712e-13,2.868808915e-14
90.9765625,1.097003321e-13,3.6390054e-13,1.284921447e-13,1.245563514e-13,3.699844269e-13,1.5248763e-13,8.351095689e-14,7.878190727e-14,1.040060548e-13,1.180221945e-13,1.868783265e-13,1.492086423e-13,2.090108294e-13,2.344997442e-13,3.088000719e-13,3.862157478e-13,2.141791182e-13,1.655063588e-13,1.875912478e-13,2.948615807e-13,4.024103524e-14,7.032952522e-14,4.47372236e-14,2.122148538e-13,1.867122241e-14,1.407825617e-13,5.353679348e-13,2.126536448e-13,2.09325585e-13,2.078643387e-13,1.859896371e-13,2.896961074e-14
90.984375,1.081093764e-13,3.567696341e-13,1.287376794e-13,1.255482275e-13,3.668106871e-13,1.506158739e-13,8.213504124e-14,8.063339812e-14,1.043356167e-13,1.170000754e-13,1.830269254e-13,1.485669632e-13,2.087682814e-13,2.317715844e-13,3.100907528e-13,3.888702846e-13,2.141464936e-13,1.632168128e-13,1.84961147e-13,2.953924643e-13,4.02008799e-14,6.941448414e-14,4.471699861e-14,2.138667986e-13,1.859645554e-14,1.395239483e-13,5.261148049e-13,2.085454126e-13,2.081196076e-13,2.039013899e-13,1.837615337e-13,2.927654322e-14
90.9921875,1.063628714e-13,3.496240068e-13,1.289725794e-13,1.26627633e-13,3.633562179e-13,1.487491308e-13,8.079655359e-14,8.252404452e-14,1.046406352e-13,1.160262486e-13,1.791687327e-13,1.478288368e-13,2.083406365e-13,2.289345761e-13,3.116029175e-13,3.917849906e-13,2.14255976e-13,1.609314363e-13,1.822486988e-13,2.959022002e-13,4.016390453e-14,6.848260617e-14,4.470020128e-14,2.154543654e-13,1.854280174e-14,1.382560583e-13,5.166775281e-13,2.044595695e-13,2.067986473e-13,1.999225555e-13,1.814091238e-13,2.960260336e-14
91,1.046929753e-13,3.428023289e-13,1.293580909e-13,1.278530431e-13,3.597188995e-13,1.470511961e-13,7.95141483e-14,8.440186538e-14,1.048631204e-13,1.150690465e-13,1.753862253e-13,1.470263245e-13,2.07836134e-13,2.261110206e-13,3.132315723e-13,3.947135006e-13,2.144540355e-13,1.58859963e-13,1.795528665e-13,2.963091213e-13,4.010816297e-14,6.752621663e-14,4.469238373e-14,2.169580993e-13,1.85151608e-14,1.370020126e-13,5.071366277e-13,2.004490516e-13,2.054741506e-13,1.959959148e-13,1.790709439e-13,2.994287471e-14
91.0078125,1.032485503e-13,3.361750034e-13,1.299809013e-13,1.291437238e-13,3.561574218e-13,1.453646224e-13,7.822148771e-14,8.621060796e-14,1.050025614e-13,1.140863025e-13,1.71777921e-13,1.462381272e-13,2.072642828e-13,2.234533635e-13,3.147873271e-13,3.974217117e-13,2.146676416e-13,1.570284382e-13,1.76895224e-13,2.966695155e-13,4.007257845e-14,6.658434316e-14,4.471903967e-14,2.183218794e-13,1.850379231e-14,1.357807797e-13,4.975808872e-13,1.964973629e-13,2.042108612e-13,1.921460733e-13,1.767802413e-13,3.029059383e-14
91.015625,1.018667546e-13,3.295453906e-13,1.307482044e-13,1.303809187e-13,3.524667947e-13,1.435452179e-13,7.690586416e-14,8.797001183e-14,1.051049348e-13,1.13139635e-13,1.683161334e-13,1.454489284e-13,2.065627589e-13,2.207756637e-13,3.162197229e-13,3.999745698e-13,2.148222846e-13,1.552069575e-13,1.74179459e-13,2.96931724e-13,4.006978713e-14,6.565264536e-14,4.477198082e-14,2.195306287e-13,1.849543277e-14,1.345492124e-13,4.879106039e-13,1.926017153e-13,2.029554519e-13,1.883036085e-13,1.74445076e-13,3.065326317e-14
91.0234375,1.004362373e-13,3.230089105e-13,1.316585634e-13,1.316047106e-13,3.484612555e-13,1.41826029e-13,7.564519563e-14,8.973235745e-14,1.051781878e-13,1.123434006e-13,1.650414868e-13,1.446764934e-13,2.058052545e-13,2.179054192e-13,3.176344521e-13,4.025087686e-13,2.148905334e-13,1.532934894e-13,1.713795565e-13,2.971038873e-13,4.009304174e-14,6.469976937e-14,4.481985722e-14,2.206675199e-13,1.847920522e-14,1.333408362e-13,4.781223269e-13,1.888231297e-13,2.016895995e-13,1.844773932e-13,1.721369994e-13,3.104623755e-14
91.03125,9.888276231e-14,3.163484461e-13,1.326678144e-13,1.329865854e-13,3.442945307e-13,1.403209859e-13,7.445833983e-14,9.149391731e-14,1.051698479e-13,1.116257562e-13,1.618947835e-13,1.439128285e-13,2.05013273e-13,2.149234386e-13,3.190988878e-13,4.050314677e-13,2.149485393e-13,1.513147104e-13,1.68486617e-13,2.973535564e-13,4.015858117e-14,6.369599665e-14,4.486817313e-14,2.217565104e-13,1.845816476e-14,1.322059619e-13,4.683185408e-13,1.850284155e-13,2.003785718e-13,1.807178507e-13,1.69852213e-13,3.145358642e-14
91.0390625,9.718168093e-14,3.092891076e-13,1.337187068e-13,1.345796027e-13,3.400316842e-13,1.388353594e-13,7.32882728e-14,9.321881399e-14,1.050761448e-13,1.108286952e-13,1.587454252e-13,1.430862983e-13,2.04120303e-13,2.118776214e-13,3.204938313e-13,4.074543015e-13,2.150194759e-13,1.493011604e-13,1.655067682e-13,2.976762751e-13,4.025178773e-14,6.265470672e-14,4.493482539e-14,2.227365342e-13,1.844744983e-14,1.310607272e-13,4.584298832e-13,1.810962028e-13,1.98954569e-13,1.769919169e-13,1.675056218e-13,3.18611259e-14
91.046875,9.555883576e-14,3.023514669e-13,1.34847912e-13,1.361669044e-13,3.356937077e-13,1.372796805e-13,7.2128745e-14,9.492362505e-14,1.049781265e-13,1.100015788e-13,1.556824902e-13,1.422190173e-13,2.031933235e-13,2.088205506e-13,3.217011136e-13,4.097303372e-13,2.150718916e-13,1.473164039e-13,1.625577844e-13,2.979945641e-13,4.035790156e-14,6.164000249e-14,4.502246317e-14,2.236776097e-13,1.845580272e-14,1.298542982e-13,4.483924524e-13,1.772733166e-13,1.975024431e-13,1.732869808e-13,1.651796833e-13,3.22921902e-14
91.0546875,9.409825058e-14,2.960594693e-13,1.360248676e-13,1.375534225e-13,3.313482925e-13,1.357665673e-13,7.102828326e-14,9.664338492e-14,1.048962521e-13,1.092442126e-13,1.52793696e-13,1.413649893e-13,2.02272754e-13,2.059133175e-13,3.229415947e-13,4.1202262e-13,2.152647831e-13,1.454569067e-13,1.596931865e-13,2.983847638e-13,4.05249398e-14,6.065108559e-14,4.513858028e-14,2.246889833e-13,1.849543911e-14,1.287043452e-13,4.38379581e-13,1.737321318e-13,1.961756435e-13,1.696690157e-13,1.628703917e-13,3.275435306e-14
91.0625,9.258071465e-14,2.90057952e-13,1.373130809e-13,1.389624625e-13,3.269054508e-13,1.343909073e-13,7.00058201e-14,9.835486343e-14,1.047603307e-13,1.085356993e-13,1.500220489e-13,1.405246676e-13,2.012578649e-13,2.031444259e-13,3.245715469e-13,4.145582549e-13,2.157448971e-13,1.438078e-13,1.568550884e-13,2.988563726e-13,4.076320332e-14,5.961872916e-14,4.527223731e-14,2.256414356e-13,1.857587053e-14,1.277082462e-13,4.285475659e-13,1.703281096e-13,1.949214798e-13,1.661775317e-13,1.60446175e-13,3.323098788e-14
91.0703125,9.102749139e-14,2.839185931e-13,1.388813075e-13,1.407817873e-13,3.223011415e-13,1.331150195e-13,6.9041197e-14,1.000409019e-13,1.045317547e-13,1.079007801e-13,1.47392215e-13,1.397058945e-13,2.001417071e-13,2.003118948e-13,3.265897544e-13,4.173207502e-13,2.163386495e-13,1.423365415e-13,1.540441419e-13,2.993690228e-13,4.100399799e-14,5.853713108e-14,4.539902609e-14,2.263829244e-13,1.868140661e-14,1.268115085e-13,4.188214017e-13,1.669928703e-13,1.935821712e-13,1.627679927e-13,1.579581246e-13,3.372907401e-14
91.078125,8.961613279e-14,2.775767084e-13,1.406030642e-13,1.429460922e-13,3.176221281e-13,1.318643853e-13,6.810871379e-14,1.017326967e-13,1.042241823e-13,1.073341291e-13,1.448857724e-13,1.388640137e-13,1.989693564e-13,1.973608943e-13,3.28757294e-13,4.20176618e-13,2.168831581e-13,1.409191962e-13,1.512370323e-13,2.999496812e-13,4.121835195e-14,5.744241833e-14,4.552576302e-14,2.270050441e-13,1.880162504e-14,1.259157382e-13,4.090565007e-13,1.636486878e-13,1.921456923e-13,1.593625517e-13,1.55475891e-13,3.425409094e-14
91.0859375,8.823279512e-14,2.709702261e-13,1.422684672e-13,1.450364995e-13,3.129380685e-13,1.306553581e-13,6.719441727e-14,1.034122242e-13,1.038733282e-13,1.066994135e-13,1.423676212e-13,1.379524064e-13,1.977123432e-13,1.944456554e-13,3.309214062e-13,4.230257967e-13,2.174062728e-13,1.395298199e-13,1.48376985e-13,3.004508666e-13,4.143431798e-14,5.634047892e-14,4.565518142e-14,2.2756768e-13,1.894169964e-14,1.249910512e-13,3.992294323e-13,1.601262042e-13,1.906668686e-13,1.559521977e-13,1.529512732e-13,3.478555335e-14
91.09375,8.676003247e-14,2.643613365e-13,1.439575372e-13,1.470027317e-13,3.083222428e-13,1.294842702e-13,6.630325011e-14,1.050493976e-13,1.035165173e-13,1.060155082e-13,1.398965906e-13,1.370572866e-13,1.963993027e-13,1.916661329e-13,3.32985768e-13,4.257212088e-13,2.178623434e-13,1.382134713e-13,1.455535398e-13,3.007738343e-13,4.167886638e-14,5.524934346e-14,4.577669836e-14,2.279983072e-13,1.909147729e-14,1.240636199e-13,3.894368043e-13,1.566050092e-13,1.891644481e-13,1.525915231e-13,1.504412632e-13,3.531326235e-14
91.1015625,8.529472126e-14,2.582360499e-13,1.457753313e-13,1.491963818e-13,3.037635864e-13,1.283073468e-13,6.54557896e-14,1.067192184e-13,1.031431678e-13,1.054515782e-13,1.376460142e-13,1.36225744e-13,1.950372437e-13,1.889375107e-13,3.35015353e-13,4.283355688e-13,2.183057257e-13,1.369910301e-13,1.428337293e-13,3.012433625e-13,4.198886849e-14,5.418910264e-14,4.591535311e-14,2.283697321e-13,1.924754836e-14,1.231674936e-13,3.797188205e-13,1.534063967e-13,1.877079255e-13,1.493034427e-13,1.479999967e-13,3.584143779e-14
91.109375,8.385734675e-14,2.525130271e-13,1.476807415e-13,1.516231907e-13,2.990482115e-13,1.272153094e-13,6.467489124e-14,1.08447813e-13,1.027226511e-13,1.050058419e-13,1.355650053e-13,1.353569434e-13,1.935317195e-13,1.861526542e-13,3.37217207e-13,4.311262361e-13,2.189405937e-13,1.358759083e-13,1.400915977e-13,3.020140356e-13,4.237825887e-14,5.313271709e-14,4.607999724e-14,2.287502937e-13,1.942359974e-14,1.223385239e-13,3.699351612e-13,1.504139791e-13,1.863442208e-13,1.461025206e-13,1.455124257e-13,3.637581182e-14
91.1171875,8.242640893e-14,2.468139972e-13,1.495937795e-13,1.539309106e-13,2.941141019e-13,1.262641059e-13,6.396712339e-14,1.100878956e-13,1.022434116e-13,1.045826505e-13,1.334869319e-13,1.343932578e-13,1.919206727e-13,1.833311407e-13,3.395443155e-13,4.33912926e-13,2.196277193e-13,1.348411276e-13,1.372830713e-13,3.027033968e-13,4.279702598e-14,5.205211394e-14,4.623681689e-14,2.289488646e-13,1.961937314e-14,1.21588481e-13,3.599965679e-13,1.473405794e-13,1.849693793e-13,1.430047331e-13,1.429102563e-13,3.692733055e-14
91.125,8.109661292e-14,2.410422634e-13,1.514689833e-13,1.561625719e-13,2.891871982e-13,1.253293887e-13,6.331474841e-14,1.115729191e-13,1.016801798e-13,1.041745394e-13,1.313951419e-13,1.33372465e-13,1.903034696e-13,1.805630457e-13,3.418648754e-13,4.363969431e-13,2.201347753e-13,1.339041221e-13,1.345430082e-13,3.031577574e-13,4.321100768e-14,5.095364798e-14,4.639454276e-14,2.288463544e-13,1.98396246e-14,1.208708845e-13,3.501029399e-13,1.441944686e-13,1.834806419e-13,1.399604718e-13,1.40244733e-13,3.749228746e-14
91.1328125,7.988439943e-14,2.352190762e-13,1.533826275e-13,1.586122332e-13,2.84326479e-13,1.243696723e-13,6.269445341e-14,1.130297652e-13,1.010313047e-13,1.037758373e-13,1.294005598e-13,1.323300072e-13,1.88598831e-13,1.778885968e-13,3.442950817e-13,4.388299622e-13,2.206680444e-13,1.331330417e-13,1.318924916e-13,3.036544435e-13,4.364786621e-14,4.984527263e-14,4.65782007e-14,2.286293073e-13,2.009189359e-14,1.201430476e-13,3.404517752e-13,1.411419416e-13,1.819153104e-13,1.36947782e-13,1.375518912e-13,3.805720915e-14
91.140625,7.86817369e-14,2.295089887e-13,1.553867329e-13,1.611782132e-13,2.79395995e-13,1.23447448e-13,6.210855012e-14,1.14502593e-13,1.00343163e-13,1.033759666e-13,1.275760433e-13,1.31294924e-13,1.86772467e-13,1.752738227e-13,3.467955513e-13,4.413777809e-13,2.213611508e-13,1.324405847e-13,1.292278147e-13,3.042201809e-13,4.41296467e-14,4.87348785e-14,4.675865961e-14,2.284446491e-13,2.035180637e-14,1.194177751e-13,3.309583287e-13,1.382534841e-13,1.803486867e-13,1.340317686e-13,1.348902671e-13,3.862940419e-14
91.1484375,7.748282179e-14,2.241410585e-13,1.574404586e-13,1.637312291e-13,2.745041236e-13,1.22601424e-13,6.159297999e-14,1.159008462e-13,9.962713666e-14,1.030098955e-13,1.258934315e-13,1.303074056e-13,1.849648965e-13,1.727367635e-13,3.491963552e-13,4.438084411e-13,2.220258613e-13,1.317754106e-13,1.266010943e-13,3.046837266e-13,4.465394489e-14,4.764862112e-14,4.692363379e-14,2.281863317e-13,2.060850149e-14,1.187172402e-13,3.215609083e-13,1.355164127e-13,1.78797697e-13,1.312293881e-13,1.323457484e-13,3.921496151e-14
91.15625,7.638443548e-14,2.189903808e-13,1.596303803e-13,1.664823919e-13,2.698194315e-13,1.218977451e-13,6.117221741e-14,1.172268036e-13,9.885561845e-14,1.026974141e-13,1.243030802e-13,1.293776897e-13,1.831772423e-13,1.703574279e-13,3.516993531e-13,4.461970531e-13,2.227070386e-13,1.31300332e-13,1.241541633e-13,3.051182957e-13,4.5226774e-14,4.659426394e-14,4.710310084e-14,2.277295623e-13,2.088192542e-14,1.180571569e-13,3.123757254e-13,1.329395869e-13,1.772289812e-13,1.285170989e-13,1.298869308e-13,3.980294973e-14
91.1640625,7.538874212e-14,2.139321842e-13,1.619829321e-13,1.694399045e-13,2.651686023e-13,1.21265821e-13,6.081173337e-14,1.185470988e-13,9.801700821e-14,1.024433955e-13,1.228134751e-13,1.284395137e-13,1.812721128e-13,1.680792518e-13,3.544285603e-13,4.48628679e-13,2.234923497e-13,1.310079466e-13,1.218442561e-13,3.056155007e-13,4.584478435e-14,4.553908967e-14,4.729454467e-14,2.271146439e-13,2.116353627e-14,1.174398956e-13,3.033814617e-13,1.30533165e-13,1.756434686e-13,1.25910858e-13,1.274130666e-13,4.03929505e-14
91.171875,7.440640807e-14,2.091432627e-13,1.643468221e-13,1.723789694e-13,2.604018072e-13,1.205532279e-13,6.046839936e-14,1.198576333e-13,9.711943609e-14,1.022494377e-13,1.214765824e-13,1.274382985e-13,1.792698475e-13,1.658150679e-13,3.571188492e-13,4.508131682e-13,2.241799205e-13,1.307234217e-13,1.195589384e-13,3.061630307e-13,4.648369149e-14,4.447444363e-14,4.747997309e-14,2.264296673e-13,2.143864643e-14,1.168419727e-13,2.944705488e-13,1.282430463e-13,1.741298863e-13,1.233927443e-13,1.249218983e-13,4.09946062e-14
91.1796875,7.341148202e-14,2.0455753e-13,1.667934164e-13,1.75380491e-13,2.556621114e-13,1.198966647e-13,6.016680126e-14,1.211605966e-13,9.619142487e-14,1.020900074e-13,1.203089539e-13,1.264410034e-13,1.772692745e-13,1.636488329e-13,3.598016232e-13,4.528806039e-13,2.248070361e-13,1.304548044e-13,1.173231354e-13,3.068969405e-13,4.713831575e-14,4.342902294e-14,4.76724736e-14,2.256782695e-13,2.172263672e-14,1.162864025e-13,2.857009368e-13,1.260351681e-13,1.726974141e-13,1.20931128e-13,1.224229835e-13,4.161563214e-14
91.1875,7.244575918e-14,1.999963829e-13,1.694361072e-13,1.786006515e-13,2.509775971e-13,1.194334791e-13,5.996357792e-14,1.224890123e-13,9.524067138e-14,1.019895697e-13,1.19241843e-13,1.254937838e-13,1.752384515e-13,1.615911208e-13,3.627510091e-13,4.552181337e-13,2.256513067e-13,1.302460623e-13,1.151558524e-13,3.0789928e-13,4.783253681e-14,4.239336476e-14,4.78831477e-14,2.248457812e-13,2.201902754e-14,1.158148759e-13,2.770884869e-13,1.239466408e-13,1.712275752e-13,1.185553513e-13,1.198565711e-13,4.225557573e-14
91.1953125,7.151906001e-14,1.956477568e-13,1.720860178e-13,1.818957473e-13,2.462773672e-13,1.190084351e-13,5.987701876e-14,1.23819482e-13,9.424373697e-14,1.020223508e-13,1.182255051e-13,1.245292591e-13,1.731300501e-13,1.595487523e-13,3.658863604e-13,4.576284386e-13,2.266504575e-13,1.30100427e-13,1.130089389e-13,3.090070065e-13,4.857140169e-14,4.134985879e-14,4.809838472e-14,2.239566292e-13,2.232375528e-14,1.15378053e-13,2.685529792e-13,1.219894562e-13,1.697464367e-13,1.162805993e-13,1.172731721e-13,4.289846375e-14
91.203125,7.063025774e-14,1.915465179e-13,1.747048149e-13,1.851635104e-13,2.41731984e-13,1.186244034e-13,5.987740916e-14,1.251121909e-13,9.322782428e-14,1.021643444e-13,1.173129537e-13,1.2355057e-13,1.710099504e-13,1.575988556e-13,3.690584727e-13,4.599234775e-13,2.276100023e-13,1.300835451e-13,1.109214524e-13,3.101775258e-13,4.93251905e-14,4.033920231e-14,4.83034591e-14,2.229991028e-13,2.264811923e-14,1.149575775e-13,2.601682892e-13,1.201325747e-13,1.683711809e-13,1.140923399e-13,1.147788693e-13,4.354961918e-14
91.2109375,6.981926014e-14,1.874325745e-13,1.774612813e-13,1.88572826e-13,2.374719082e-13,1.184183496e-13,5.990981294e-14,1.263687416e-13,9.221993238e-14,1.02316686e-13,1.165035276e-13,1.226301088e-13,1.689255178e-13,1.557846089e-13,3.722680104e-13,4.623078168e-13,2.285493456e-13,1.30150062e-13,1.089636838e-13,3.115308495e-13,5.008356934e-14,3.938152701e-14,4.850113635e-14,2.219258926e-13,2.298538651e-14,1.146353377e-13,2.51995576e-13,1.183578927e-13,1.670227623e-13,1.119843248e-13,1.12302154e-13,4.423153834e-14
91.21875,6.909152673e-14,1.834275273e-13,1.802370449e-13,1.922123358e-13,2.333187436e-13,1.18255808e-13,5.996094575e-14,1.276043334e-13,9.115826109e-14,1.02470022e-13,1.156932265e-13,1.217210794e-13,1.668005238e-13,1.539885689e-13,3.754184952e-13,4.646986484e-13,2.295021425e-13,1.302385129e-13,1.071132036e-13,3.130122878e-13,5.087239986e-14,3.843153406e-14,4.869432708e-14,2.207353223e-13,2.332015978e-14,1.143842691e-13,2.43948463e-13,1.166803518e-13,1.656354371e-13,1.099245269e-13,1.097599601e-13,4.491435155e-14
91.2265625,6.837590871e-14,1.797542009e-13,1.828704823e-13,1.958466879e-13,2.29057747e-13,1.180463222e-13,6.009217251e-14,1.288360781e-13,9.000845237e-14,1.027015398e-13,1.148941696e-13,1.207265959e-13,1.645526688e-13,1.522051456e-13,3.78493919e-13,4.669258401e-13,2.30496197e-13,1.304480294e-13,1.052990856e-13,3.145029385e-13,5.169862727e-14,3.745842332e-14,4.886312489e-14,2.194643061e-13,2.366368476e-14,1.14101688e-13,2.360703251e-13,1.151135679e-13,1.643184875e-13,1.079179483e-13,1.072081218e-13,4.556908847e-14
91.234375,6.766523366e-14,1.761721347e-13,1.85521647e-13,1.992926597e-13,2.246987162e-13,1.179416807e-13,6.033729498e-14,1.300555346e-13,8.882336156e-14,1.030731674e-13,1.142364906e-13,1.196805011e-13,1.62221224e-13,1.504566073e-13,3.815974361e-13,4.691312532e-13,2.316121132e-13,1.307894828e-13,1.034806892e-13,3.15986204e-13,5.255164727e-14,3.647883754e-14,4.900157913e-14,2.181431651e-13,2.403218539e-14,1.138234962e-13,2.284382123e-13,1.136065985e-13,1.630574264e-13,1.060209466e-13,1.04680509e-13,4.624052004e-14
91.2421875,6.706826689e-14,1.72546743e-13,1.883279904e-13,2.027921029e-13,2.204742246e-13,1.179577317e-13,6.06479077e-14,1.31244299e-13,8.76464403e-14,1.035967343e-13,1.137343328e-13,1.187183761e-13,1.599234755e-13,1.487278533e-13,3.847125871e-13,4.71347089e-13,2.328149486e-13,1.311909821e-13,1.017323398e-13,3.174913689e-13,5.344365647e-14,3.553679407e-14,4.914232128e-14,2.167897382e-13,2.442399329e-14,1.136036558e-13,2.209309566e-13,1.12144941e-13,1.617803989e-13,1.041980605e-13,1.022232898e-13,4.694797851e-14
91.25,6.661584403e-14,1.691624897e-13,1.911479162e-13,2.065757871e-13,2.165279396e-13,1.179578603e-13,6.098970115e-14,1.32459961e-13,8.649328522e-14,1.042189042e-13,1.132986086e-13,1.17876764e-13,1.577169156e-13,1.471407724e-13,3.879140231e-13,4.735691666e-13,2.340064741e-13,1.316799736e-13,1.001695778e-13,3.19256655e-13,5.437362456e-14,3.46568608e-14,4.929525415e-14,2.15413949e-13,2.482485528e-14,1.134155843e-13,2.13553316e-13,1.108448798e-13,1.605868815e-13,1.023963678e-13,9.989411945e-14,4.766273203e-14
91.2578125,6.621024575e-14,1.660732399e-13,1.93816613e-13,2.104619838e-13,2.127114426e-13,1.179038478e-13,6.137838828e-14,1.337363569e-13,8.533997851e-14,1.048589399e-13,1.129014149e-13,1.1702263e-13,1.555355453e-13,1.457309811e-13,3.913305168e-13,4.758963792e-13,2.351421525e-13,1.322424708e-13,9.874882522e-14,3.214754554e-13,5.531678512e-14,3.379739714e-14,4.943006758e-14,2.139828902e-13,2.522051956e-14,1.132800595e-13,2.065434337e-13,1.097280356e-13,1.594750228e-13,1.00681368e-13,9.75955837e-14,4.840010745e-14
91.265625,6.582621935e-14,1.63022998e-13,1.96395727e-13,2.143228765e-13,2.089761932e-13,1.178605828e-13,6.182370237e-14,1.349478538e-13,8.411996612e-14,1.055157977e-13,1.12553337e-13,1.16096115e-13,1.532993843e-13,1.443791556e-13,3.947608343e-13,4.780763894e-13,2.361603422e-13,1.328622614e-13,9.738406374e-14,3.237072073e-13,5.628238934e-14,3.292934566e-14,4.953723475e-14,2.123969401e-13,2.561160826e-14,1.131861363e-13,1.999148903e-13,1.086519022e-13,1.58304309e-13,9.906503293e-14,9.528227916e-14,4.91544545e-14
91.2734375,6.554298012e-14,1.600016895e-13,1.990146274e-13,2.182659051e-13,2.054875709e-13,1.178734556e-13,6.23194261e-14,1.360156883e-13,8.284399754e-14,1.062542139e-13,1.122496895e-13,1.152104308e-13,1.510470634e-13,1.431071666e-13,3.980003382e-13,4.798912441e-13,2.370823093e-13,1.336216315e-13,9.611592155e-14,3.255256144e-13,5.729087743e-14,3.20889217e-14,4.963505735e-14,2.106442508e-13,2.600694998e-14,1.130400803e-13,1.934071744e-13,1.075997237e-13,1.571174159e-13,9.746620366e-14,9.306227227e-14,4.987292866e-14
91.28125,6.540114767e-14,1.572080277e-13,2.016376792e-13,2.22256183e-13,2.02203796e-13,1.178940307e-13,6.285602566e-14,1.370773737e-13,8.15955779e-14,1.070861479e-13,1.120295033e-13,1.14399693e-13,1.488612159e-13,1.419621354e-13,4.012410796e-13,4.817349265e-13,2.381009025e-13,1.345073586e-13,9.494599408e-14,3.273904813e-13,5.833451211e-14,3.128007967e-14,4.973064462e-14,2.089107169e-13,2.64138441e-14,1.128733733e-13,1.869248893e-13,1.066806419e-13,1.560055626e-13,9.591438461e-14,9.091427294e-14,5.058574868e-14
91.2890625,6.53558558e-14,1.546231815e-13,2.042222692e-13,2.262672094e-13,1.989919839e-13,1.17935642e-13,6.343805284e-14,1.382445669e-13,8.038079104e-14,1.079850377e-13,1.119212916e-13,1.135958008e-13,1.467355893e-13,1.408980333e-13,4.046873205e-13,4.838802698e-13,2.392977065e-13,1.354097068e-13,9.382019955e-14,3.297363853e-13,5.940977524e-14,3.047495412e-14,4.980951622e-14,2.072904195e-13,2.683530289e-14,1.127896855e-13,1.80616715e-13,1.058674393e-13,1.54936367e-13,9.446134631e-14,8.879151774e-14,5.134777071e-14
91.296875,6.531590564e-14,1.519778388e-13,2.067834449e-13,2.303650728e-13,1.958901601e-13,1.181283952e-13,6.409910592e-14,1.394402221e-13,7.914612598e-14,1.089810317e-13,1.118272851e-13,1.127844397e-13,1.446339336e-13,1.399001063e-13,4.082229183e-13,4.860153607e-13,2.404899442e-13,1.3627226e-13,9.276965798e-14,3.32142861e-13,6.049425136e-14,2.968192688e-14,4.985947683e-14,2.056153875e-13,2.725874523e-14,1.127458267e-13,1.74569366e-13,1.050204238e-13,1.539269201e-13,9.303478231e-14,8.675186648e-14,5.211711597e-14
91.3046875,6.526374282e-14,1.491210217e-13,2.091893403e-13,2.343635293e-13,1.928755269e-13,1.184068011e-13,6.485444339e-14,1.405915718e-13,7.787981966e-14,1.101377165e-13,1.116699854e-13,1.119216422e-13,1.425568698e-13,1.388786314e-13,4.116486368e-13,4.879689286e-13,2.415590509e-13,1.371110799e-13,9.17932921e-14,3.34267786e-13,6.15411427e-14,2.889737481e-14,4.990078041e-14,2.038118079e-13,2.76791146e-14,1.126634847e-13,1.687166234e-13,1.040978553e-13,1.529816582e-13,9.160220289e-14,8.471786418e-14,5.286613217e-14
91.3125,6.52938092e-14,1.463312091e-13,2.113693301e-13,2.381834537e-13,1.899273953e-13,1.185814187e-13,6.567765123e-14,1.417529475e-13,7.660984355e-14,1.114640779e-13,1.115384556e-13,1.10976893e-13,1.404742108e-13,1.378064798e-13,4.150267762e-13,4.900013585e-13,2.426512989e-13,1.38017804e-13,9.085117235e-14,3.364666593e-13,6.257998434e-14,2.811865438e-14,4.994996741e-14,2.02033298e-13,2.811327361e-14,1.125666804e-13,1.630188455e-13,1.032363598e-13,1.520239612e-13,9.020730073e-14,8.264700356e-14,5.363291401e-14
91.3203125,6.543134158e-14,1.439635921e-13,2.135212028e-13,2.421773989e-13,1.871835281e-13,1.187162806e-13,6.655422466e-14,1.429734224e-13,7.537267824e-14,1.129148004e-13,1.114854961e-13,1.100715681e-13,1.383491713e-13,1.368958376e-13,4.186026438e-13,4.922604816e-13,2.438569933e-13,1.390177122e-13,9.001467759e-14,3.391286048e-13,6.367764806e-14,2.73917609e-14,4.997350015e-14,2.003377404e-13,2.855082532e-14,1.124926073e-13,1.575193003e-13,1.025877505e-13,1.51112852e-13,8.884385628e-14,8.071029358e-14,5.441847218e-14
91.328125,6.561561129e-14,1.418333401e-13,2.157815175e-13,2.464099986e-13,1.846330159e-13,1.189476894e-13,6.749944547e-14,1.442029117e-13,7.417663964e-14,1.144866985e-13,1.114494856e-13,1.092725506e-13,1.362250287e-13,1.36187791e-13,4.223561114e-13,4.945583886e-13,2.45060706e-13,1.400217955e-13,8.931736614e-14,3.42187796e-13,6.480439771e-14,2.672061014e-14,4.994762953e-14,1.986631313e-13,2.896655788e-14,1.124485882e-13,1.522350232e-13,1.020953776e-13,1.503542146e-13,8.753092117e-14,7.892181687e-14,5.519988067e-14
91.3359375,6.583490652e-14,1.395580743e-13,2.181007954e-13,2.504992547e-13,1.821153949e-13,1.192566088e-13,6.852814682e-14,1.454125782e-13,7.299213741e-14,1.162327797e-13,1.114615471e-13,1.084842977e-13,1.341309013e-13,1.354926594e-13,4.260870694e-13,4.968123309e-13,2.46285636e-13,1.410296488e-13,8.865690707e-14,3.453440341e-13,6.590671959e-14,2.605351308e-14,4.98974774e-14,1.970279357e-13,2.937858108e-14,1.124351094e-13,1.47137096e-13,1.016096718e-13,1.496730184e-13,8.631724418e-14,7.715635963e-14,5.598042347e-14
91.34375,6.60759803e-14,1.372332574e-13,2.203996102e-13,2.544227059e-13,1.796456881e-13,1.196156231e-13,6.962175106e-14,1.466807419e-13,7.180816637e-14,1.181358194e-13,1.115724074e-13,1.076683421e-13,1.320050017e-13,1.347899608e-13,4.29890702e-13,4.992509784e-13,2.476857406e-13,1.420615526e-13,8.800915228e-14,3.485430269e-13,6.700150259e-14,2.53839393e-14,4.984124104e-14,1.954336754e-13,2.979995758e-14,1.12444151e-13,1.422042434e-13,1.01122333e-13,1.489592594e-13,8.514683886e-14,7.544733635e-14,5.676717871e-14
91.3515625,6.635783887e-14,1.350085002e-13,2.225716738e-13,2.584853907e-13,1.773533745e-13,1.199808801e-13,7.073397691e-14,1.48024411e-13,7.063761907e-14,1.20137999e-13,1.116866994e-13,1.068706281e-13,1.29845621e-13,1.341321378e-13,4.338741761e-13,5.018912637e-13,2.491816589e-13,1.430716448e-13,8.745476402e-14,3.519585537e-13,6.809150885e-14,2.473692202e-14,4.978502027e-14,1.937947972e-13,3.020796745e-14,1.124673515e-13,1.374295271e-13,1.006689763e-13,1.482006287e-13,8.396632344e-14,7.381851304e-14,5.755981705e-14
91.359375,6.676690619e-14,1.327558639e-13,2.245865863e-13,2.626537087e-13,1.752832592e-13,1.203138605e-13,7.187634893e-14,1.493357105e-13,6.948774173e-14,1.223079027e-13,1.117526297e-13,1.061025371e-13,1.277645533e-13,1.335321171e-13,4.378455285e-13,5.044429669e-13,2.506317733e-13,1.441097721e-13,8.700762784e-14,3.554667078e-13,6.915759696e-14,2.412540522e-14,4.973529619e-14,1.921117038e-13,3.06097901e-14,1.124877883e-13,1.32799704e-13,1.00238936e-13,1.474433523e-13,8.282575525e-14,7.224913522e-14,5.833561501e-14
91.3671875,6.72420812e-14,1.306784493e-13,2.265077178e-13,2.667216503e-13,1.733962834e-13,1.206948982e-13,7.311562023e-14,1.506219825e-13,6.838257109e-14,1.247252663e-13,1.118470966e-13,1.053649107e-13,1.258094784e-13,1.330917163e-13,4.417746469e-13,5.069377088e-13,2.521005257e-13,1.452016904e-13,8.664114363e-14,3.589029212e-13,7.023609794e-14,2.356192727e-14,4.967781265e-14,1.904795398e-13,3.102975131e-14,1.124992104e-13,1.282973441e-13,9.989985147e-14,1.467932262e-13,8.172735739e-14,7.081240014e-14,5.908069294e-14
91.375,6.767277719e-14,1.290578609e-13,2.283334998e-13,2.707739174e-13,1.716612443e-13,1.211485102e-13,7.444484737e-14,1.51992757e-13,6.732382933e-14,1.273130386e-13,1.120018803e-13,1.0465909e-13,1.239172411e-13,1.32818968e-13,4.457625546e-13,5.095544366e-13,2.536203215e-13,1.462906851e-13,8.638432775e-14,3.625107587e-13,7.134368319e-14,2.303707006e-14,4.96183569e-14,1.889067638e-13,3.145582408e-14,1.125229873e-13,1.239657078e-13,9.97303688e-14,1.46288298e-13,8.062119014e-14,6.948050164e-14,5.983677235e-14
91.3828125,6.815137035e-14,1.274949178e-13,2.300962012e-13,2.749319645e-13,1.700802751e-13,1.215952223e-13,7.581276173e-14,1.533727113e-13,6.6241356e-14,1.300153997e-13,1.121983582e-13,1.039553948e-13,1.220279478e-13,1.325784013e-13,4.496650264e-13,5.121403795e-13,2.551628261e-13,1.474600203e-13,8.625291061e-14,3.663197916e-13,7.241018105e-14,2.252297846e-14,4.95769018e-14,1.872957729e-13,3.187590078e-14,1.12552166e-13,1.199000545e-13,9.965057647e-14,1.458029833e-13,7.952864107e-14,6.814007433e-14,6.06095718e-14
91.390625,6.87411954e-14,1.256505948e-13,2.318059723e-13,2.790422265e-13,1.686036975e-13,1.219855758e-13,7.722493405e-14,1.546295647e-13,6.511125528e-14,1.328932442e-13,1.123960575e-13,1.032191401e-13,1.201023225e-13,1.323112898e-13,4.534850363e-13,5.147134084e-13,2.567870182e-13,1.487358404e-13,8.61883998e-14,3.700865904e-13,7.339603656e-14,2.201931449e-14,4.951169124e-14,1.8559755e-13,3.229865352e-14,1.12580775e-13,1.160960519e-13,9.955016994e-14,1.452472409e-13,7.846471207e-14,6.682638482e-14,6.134397429e-14
91.3984375,6.937908171e-14,1.239029243e-13,2.332543047e-13,2.829425189e-13,1.672216711e-13,1.222438033e-13,7.867192689e-14,1.558516597e-13,6.402815987e-14,1.359629911e-13,1.125133755e-13,1.024522147e-13,1.18147524e-13,1.320186293e-13,4.573985265e-13,5.174825381e-13,2.583993431e-13,1.499441681e-13,8.61646112e-14,3.7390328e-13,7.43652441e-14,2.155351071e-14,4.938758345e-14,1.83882504e-13,3.272291145e-14,1.126455288e-13,1.124700527e-13,9.94731915e-14,1.446795956e-13,7.738498577e-14,6.561678056e-14,6.205572407e-14
91.40625,7.009733548e-14,1.224338958e-13,2.34445887e-13,2.865914002e-13,1.660805876e-13,1.223838338e-13,8.012708934e-14,1.571372923e-13,6.304265673e-14,1.392122205e-13,1.125911036e-13,1.017048676e-13,1.162742195e-13,1.317523818e-13,4.612245809e-13,5.201885382e-13,2.598283282e-13,1.510879862e-13,8.623818578e-14,3.776382513e-13,7.539204184e-14,2.114653925e-14,4.924360889e-14,1.822364625e-13,3.314712055e-14,1.127131372e-13,1.090142134e-13,9.949232949e-14,1.44185464e-13,7.629250419e-14,6.452490266e-14,6.279127692e-14
91.4140625,7.091170717e-14,1.20964112e-13,2.35798958e-13,2.899205457e-13,1.652049173e-13,1.226088419e-13,8.163945541e-14,1.583949726e-13,6.207888631e-14,1.426587036e-13,1.127851669e-13,1.01014351e-13,1.145468832e-13,1.316308938e-13,4.648294697e-13,5.225964401e-13,2.612304821e-13,1.523556737e-13,8.642377976e-14,3.808931553e-13,7.648618665e-14,2.078074588e-14,4.909240893e-14,1.806643807e-13,3.358683284e-14,1.127137371e-13,1.057290079e-13,9.956155123e-14,1.438169115e-13,7.523855214e-14,6.354300104e-14,6.351975416e-14
91.421875,7.175488221e-14,1.195263448e-13,2.374022437e-13,2.930864249e-13,1.643881327e-13,1.2297065e-13,8.323523176e-14,1.595611674e-13,6.107893296e-14,1.462605277e-13,1.130855388e-13,1.003357996e-13,1.1286159e-13,1.316286157e-13,4.684659867e-13,5.249677705e-13,2.627968363e-13,1.537860708e-13,8.666827191e-14,3.840312235e-13,7.760143571e-14,2.041701164e-14,4.89233289e-14,1.791171863e-13,3.405117531e-14,1.126955117e-13,1.025654027e-13,9.965882947e-14,1.435699472e-13,7.423631706e-14,6.261154477e-14,6.421475827e-14
91.4296875,7.265834476e-14,1.182815004e-13,2.388151084e-13,2.96447744e-13,1.635634844e-13,1.233012914e-13,8.485169069e-14,1.607087728e-13,6.007255379e-14,1.499691579e-13,1.133557651e-13,9.958816728e-14,1.111409773e-13,1.315752256e-13,4.721223812e-13,5.273853862e-13,2.643928994e-13,1.552725211e-13,8.694872492e-14,3.87600731e-13,7.865844386e-14,2.005793632e-14,4.878065949e-14,1.775638664e-13,3.452122879e-14,1.127076327e-13,9.952525473e-14,9.984310703e-14,1.433715393e-13,7.326030793e-14,6.172353725e-14,6.488933939e-14
91.4375,7.364867474e-14,1.170388486e-13,2.398539003e-13,2.998999654e-13,1.628975515e-13,1.235398452e-13,8.647356029e-14,1.619021345e-13,5.911047013e-14,1.538016227e-13,1.135760047e-13,9.876131051e-14,1.094543931e-13,1.314362135e-13,4.756069826e-13,5.298048403e-13,2.659766938e-13,1.567144994e-13,8.726676662e-14,3.914806663e-13,7.960848455e-14,1.973918742e-14,4.866637171e-14,1.760531472e-13,3.497534403e-14,1.127040843e-13,9.663139486e-14,1.000630324e-13,1.431887277e-13,7.228863656e-14,6.097522445e-14,6.555156664e-14
91.4453125,7.464995865e-14,1.156843315e-13,2.408203074e-13,3.030611339e-13,1.62477281e-13,1.237542589e-13,8.815174211e-14,1.631281656e-13,5.822624742e-14,1.57758099e-13,1.137884177e-13,9.795523255e-14,1.078477155e-13,1.31369505e-13,4.791373521e-13,5.324661935e-13,2.677171867e-13,1.581261778e-13,8.762605769e-14,3.954686684e-13,8.050534267e-14,1.946893618e-14,4.851133058e-14,1.746506066e-13,3.542592968e-14,1.126909778e-13,9.390447942e-14,1.002359808e-13,1.430666175e-13,7.132432232e-14,6.035934194e-14,6.623670121e-14
91.453125,7.560648309e-14,1.144147138e-13,2.418837044e-13,3.060435974e-13,1.621868393e-13,1.239935761e-13,8.989526978e-14,1.643237388e-13,5.739835495e-14,1.618411203e-13,1.140030991e-13,9.726200454e-14,1.062799496e-13,1.314731446e-13,4.82851217e-13,5.352722515e-13,2.695144132e-13,1.595833001e-13,8.804662545e-14,3.992662948e-13,8.14424587e-14,1.922605359e-14,4.830894093e-14,1.732732573e-13,3.588707194e-14,1.12699404e-13,9.138158055e-14,1.004629123e-13,1.430190128e-13,7.036784049e-14,5.977873712e-14,6.695650601e-14
91.4609375,7.649945333e-14,1.133468366e-13,2.42826797e-13,3.091024396e-13,1.619516154e-13,1.242336129e-13,9.166187868e-14,1.654600167e-13,5.65519171e-14,1.660726636e-13,1.142380533e-13,9.662693572e-14,1.047371283e-13,1.316386532e-13,4.865025952e-13,5.378510173e-13,2.711373209e-13,1.61037747e-13,8.853071458e-14,4.025447703e-13,8.240193197e-14,1.898837597e-14,4.808964573e-14,1.717864869e-13,3.633499358e-14,1.126847e-13,8.898575005e-14,1.00820328e-13,1.430281122e-13,6.938280217e-14,5.924429863e-14,6.76492069e-14
91.46875,7.73835961e-14,1.123581525e-13,2.434669543e-13,3.121443485e-13,1.619117359e-13,1.243955944e-13,9.341486805e-14,1.666050323e-13,5.5672188e-14,1.704031111e-13,1.144584751e-13,9.595831383e-14,1.032444864e-13,1.317964622e-13,4.900650843e-13,5.403840445e-13,2.727125742e-13,1.624616773e-13,8.907851131e-14,4.058134476e-13,8.325502022e-14,1.875655229e-14,4.784268191e-14,1.702604851e-13,3.676450111e-14,1.126437787e-13,8.663609903e-14,1.011962661e-13,1.431096683e-13,6.835459101e-14,5.880967646e-14,6.829794405e-14
91.4765625,7.835952578e-14,1.112808185e-13,2.438880647e-13,3.15113116e-13,1.621125258e-13,1.244956122e-13,9.51655486e-14,1.67806157e-13,5.482488239e-14,1.747729857e-13,1.145891597e-13,9.525966067e-14,1.01806565e-13,1.320225875e-13,4.936559617e-13,5.431427749e-13,2.744677561e-13,1.63967475e-13,8.96835319e-14,4.095461689e-13,8.395017127e-14,1.855317034e-14,4.759002269e-14,1.68836003e-13,3.721645615e-14,1.126268305e-13,8.446167454e-14,1.015192212e-13,1.432599441e-13,6.733023072e-14,5.84444119e-14,6.89466222e-14
91.484375,7.941554802e-14,1.100989468e-13,2.441545193e-13,3.1797459e-13,1.623559104e-13,1.245871844e-13,9.69349659e-14,1.690004111e-13,5.403974415e-14,1.791779691e-13,1.146672857e-13,9.45174405e-14,1.003984986e-13,1.322301864e-13,4.970837359e-13,5.459094141e-13,2.763362986e-13,1.655573896e-13,9.027640441e-14,4.132443603e-13,8.458929422e-14,1.83802961e-14,4.736903811e-14,1.67474053e-13,3.770192883e-14,1.126185265e-13,8.25218261e-14,1.017985116e-13,1.434312285e-13,6.632734397e-14,5.80956362e-14,6.959413528e-14
91.4921875,8.053793466e-14,1.08936249e-13,2.442230406e-13,3.205086757e-13,1.626367906e-13,1.246018019e-13,9.870474205e-14,1.701282957e-13,5.328817126e-14,1.836258734e-13,1.147754524e-13,9.370060258e-14,9.89895501e-14,1.322800953e-13,5.001970773e-13,5.485607877e-13,2.782108282e-13,1.67200146e-13,9.084575715e-14,4.166270162e-13,8.524354528e-14,1.82223988e-14,4.714291346e-14,1.661032203e-13,3.819204808e-14,1.125838336e-13,8.06795597e-14,1.020393674e-13,1.436156942e-13,6.531402666e-14,5.777013531e-14,7.021526432e-14
91.5,8.178513888e-14,1.078713364e-13,2.441872723e-13,3.227390891e-13,1.631456735e-13,1.245579645e-13,1.005007205e-13,1.71203557e-13,5.255094141e-14,1.881901421e-13,1.148931574e-13,9.289667294e-14,9.75959911e-14,1.323284608e-13,5.031310937e-13,5.51219558e-13,2.80150805e-13,1.690104686e-13,9.149176027e-14,4.198747517e-13,8.585545225e-14,1.808775638e-14,4.688762913e-14,1.647526716e-13,3.868365024e-14,1.125256059e-13,7.895191346e-14,1.023537834e-13,1.43864479e-13,6.430729532e-14,5.752389188e-14,7.080144245e-14
91.5078125,8.309070084e-14,1.068961546e-13,2.441878448e-13,3.248498538e-13,1.638367866e-13,1.245590815e-13,1.02376141e-13,1.72251224e-13,5.184423922e-14,1.929240996e-13,1.149949085e-13,9.218361124e-14,9.628429409e-14,1.324985929e-13,5.059920324e-13,5.538802909e-13,2.82155601e-13,1.709568495e-13,9.221758053e-14,4.228971127e-13,8.640279995e-14,1.798929049e-14,4.665047735e-14,1.634256947e-13,3.919293041e-14,1.124624728e-13,7.740969126e-14,1.028129247e-13,1.442189324e-13,6.334285717e-14,5.74124663e-14,7.135545983e-14
91.515625,8.434439558e-14,1.059849902e-13,2.441618938e-13,3.267445277e-13,1.645885147e-13,1.244879428e-13,1.042590373e-13,1.732725869e-13,5.119364321e-14,1.977203687e-13,1.15115734e-13,9.149366211e-14,9.507210005e-14,1.326633375e-13,5.087838315e-13,5.565250996e-13,2.841247529e-13,1.728542822e-13,9.294983879e-14,4.25760379e-13,8.69380654e-14,1.792149905e-14,4.644517599e-14,1.621066525e-13,3.971699286e-14,1.124195467e-13,7.592628099e-14,1.032521423e-13,1.446576093e-13,6.238230288e-14,5.745967801e-14,7.19001934e-14
91.5234375,8.556505455e-14,1.051213191e-13,2.439999454e-13,3.284514556e-13,1.65429886e-13,1.242654996e-13,1.060705007e-13,1.742724284e-13,5.059355851e-14,2.025567144e-13,1.152486562e-13,9.076275968e-14,9.390843723e-14,1.328093816e-13,5.115047934e-13,5.591740418e-13,2.860630792e-13,1.747101152e-13,9.372807207e-14,4.285834437e-13,8.744735057e-14,1.788031219e-14,4.624571567e-14,1.608482538e-13,4.024662917e-14,1.123677962e-13,7.450267893e-14,1.036049887e-13,1.451239399e-13,6.139009168e-14,5.764033662e-14,7.243129763e-14
91.53125,8.680757835e-14,1.0430864e-13,2.437534534e-13,3.302386775e-13,1.66390325e-13,1.241059138e-13,1.078850873e-13,1.752692924e-13,5.002793422e-14,2.075578414e-13,1.153675442e-13,9.003398115e-14,9.278178613e-14,1.330244695e-13,5.141390988e-13,5.618300452e-13,2.880844991e-13,1.766561641e-13,9.459578968e-14,4.311739142e-13,8.788888573e-14,1.786825882e-14,4.605501241e-14,1.596932472e-13,4.078619284e-14,1.122457054e-13,7.330302514e-14,1.040370799e-13,1.456340654e-13,6.040018962e-14,5.791382712e-14,7.291758621e-14
91.5390625,8.812549665e-14,1.034919075e-13,2.435077412e-13,3.319721016e-13,1.675220528e-13,1.240924015e-13,1.097520465e-13,1.762266816e-13,4.949782677e-14,2.126464479e-13,1.15499737e-13,8.937969306e-14,9.173170396e-14,1.333039477e-13,5.16707218e-13,5.646125556e-13,2.902751406e-13,1.787616658e-13,9.551796347e-14,4.336461964e-13,8.827490638e-14,1.788558937e-14,4.586610863e-14,1.585901558e-13,4.134908664e-14,1.121024484e-13,7.225351926e-14,1.045615546e-13,1.462788622e-13,5.941895836e-14,5.82981378e-14,7.337792482e-14
91.546875,8.949381069e-14,1.025791346e-13,2.432768653e-13,3.33325053e-13,1.688212366e-13,1.240817817e-13,1.116221498e-13,1.770850434e-13,4.897903738e-14,2.176735112e-13,1.156585766e-13,8.881993409e-14,9.076224839e-14,1.336744811e-13,5.192551225e-13,5.675763326e-13,2.926380666e-13,1.810213643e-13,9.649795858e-14,4.361278047e-13,8.859571249e-14,1.792145309e-14,4.565636634e-14,1.574580798e-13,4.194328773e-14,1.120259553e-13,7.120815604e-14,1.050632396e-13,1.470735157e-13,5.841128204e-14,5.880663559e-14,7.383876772e-14
91.5546875,9.076096951e-14,1.01650443e-13,2.430928129e-13,3.344514922e-13,1.701473327e-13,1.240872187e-13,1.135027962e-13,1.779483867e-13,4.84686633e-14,2.227537413e-13,1.158228962e-13,8.830634672e-14,8.985275419e-14,1.341253745e-13,5.218072798e-13,5.706382936e-13,2.951346634e-13,1.83331975e-13,9.753637573e-14,4.38401754e-13,8.883547497e-14,1.796500521e-14,4.544874762e-14,1.563479186e-13,4.25632195e-14,1.119610146e-13,7.024553757e-14,1.055928189e-13,1.479526314e-13,5.739106804e-14,5.938113803e-14,7.42932282e-14
91.5625,9.194254339e-14,1.008498941e-13,2.429756976e-13,3.355858152e-13,1.715612148e-13,1.241572538e-13,1.154115764e-13,1.789540414e-13,4.804008411e-14,2.280107977e-13,1.159958624e-13,8.779144634e-14,8.900593848e-14,1.345427843e-13,5.243001044e-13,5.737869067e-13,2.977208088e-13,1.856214733e-13,9.859448638e-14,4.4062028e-13,8.902622374e-14,1.803267644e-14,4.526579221e-14,1.554000842e-13,4.319593076e-14,1.118032734e-13,6.941595169e-14,1.062059446e-13,1.488821895e-13,5.638287799e-14,6.002545928e-14,7.474895839e-14
91.5703125,9.323426239e-14,1.001047406e-13,2.427975131e-13,3.364099427e-13,1.732282051e-13,1.241132753e-13,1.172957317e-13,1.7994377e-13,4.769550542e-14,2.333621926e-13,1.161699223e-13,8.726191699e-14,8.82163977e-14,1.349028472e-13,5.264322412e-13,5.768002909e-13,3.002651843e-13,1.879385252e-13,9.969767275e-14,4.427792328e-13,8.91632737e-14,1.813560449e-14,4.507208487e-14,1.545398369e-13,4.382617501e-14,1.115606335e-13,6.864285995e-14,1.068231573e-13,1.498375532e-13,5.536936879e-14,6.078269256e-14,7.518413533e-14
91.578125,9.464040726e-14,9.92653271e-14,2.42396637e-13,3.365027321e-13,1.75005159e-13,1.238314856e-13,1.191301286e-13,1.806904267e-13,4.733303955e-14,2.38715449e-13,1.162927398e-13,8.667994509e-14,8.745628679e-14,1.352190632e-13,5.279447184e-13,5.792562609e-13,3.025816194e-13,1.902982661e-13,1.008705279e-13,4.442795643e-13,8.921880376e-14,1.824718884e-14,4.483840552e-14,1.535430606e-13,4.444498903e-14,1.112770601e-13,6.793810544e-14,1.074001112e-13,1.507985964e-13,5.435373117e-14,6.157003909e-14,7.554750522e-14
91.5859375,9.60067667e-14,9.834451119e-14,2.417938915e-13,3.36113767e-13,1.766998328e-13,1.234560144e-13,1.209321549e-13,1.812616779e-13,4.693306275e-14,2.440414807e-13,1.163506421e-13,8.603682683e-14,8.669980642e-14,1.354596001e-13,5.290335996e-13,5.812068333e-13,3.046608258e-13,1.926694268e-13,1.020488239e-13,4.451498777e-13,8.92282816e-14,1.835017393e-14,4.458397314e-14,1.524278529e-13,4.506115308e-14,1.109186325e-13,6.734710286e-14,1.079525624e-13,1.518062521e-13,5.334959637e-14,6.234011786e-14,7.58443519e-14
91.59375,9.727410966e-14,9.748408226e-14,2.410921655e-13,3.358494152e-13,1.783329731e-13,1.231136246e-13,1.227121787e-13,1.817678577e-13,4.653832647e-14,2.493497279e-13,1.164087583e-13,8.541748433e-14,8.592744637e-14,1.356736231e-13,5.299313591e-13,5.829905358e-13,3.066220711e-13,1.95046214e-13,1.031971745e-13,4.458167533e-13,8.922853363e-14,1.844889737e-14,4.433614432e-14,1.51311296e-13,4.568446383e-14,1.104456022e-13,6.684360791e-14,1.085097696e-13,1.528718273e-13,5.232796246e-14,6.318482734e-14,7.606972122e-14
91.6015625,9.850158319e-14,9.679479767e-14,2.403226705e-13,3.356635447e-13,1.799956012e-13,1.227328723e-13,1.244861851e-13,1.821670869e-13,4.614522082e-14,2.546808642e-13,1.165174245e-13,8.485977172e-14,8.516580798e-14,1.359055536e-13,5.305371226e-13,5.846616733e-13,3.084902631e-13,1.97429407e-13,1.043648445e-13,4.461544442e-13,8.921209584e-14,1.855010731e-14,4.410812267e-14,1.501500087e-13,4.630946976e-14,1.09916997e-13,6.642247711e-14,1.091321234e-13,1.539520346e-13,5.128552686e-14,6.41110493e-14,7.620083931e-14
91.609375,9.97934663e-14,9.619132875e-14,2.395375468e-13,3.349797576e-13,1.818280524e-13,1.22256077e-13,1.262532496e-13,1.825099533e-13,4.578635317e-14,2.600075575e-13,1.166519597e-13,8.429850336e-14,8.449484462e-14,1.361154857e-13,5.30870974e-13,5.862919521e-13,3.102892979e-13,1.998743203e-13,1.055964329e-13,4.46259185e-13,8.915730453e-14,1.868472803e-14,4.39011005e-14,1.49022609e-13,4.693217576e-14,1.094063713e-13,6.60838783e-14,1.098169371e-13,1.550644208e-13,5.027079362e-14,6.509628463e-14,7.632415423e-14
91.6171875,1.01141969e-13,9.551584932e-14,2.387814659e-13,3.338025729e-13,1.838484973e-13,1.217455267e-13,1.279931771e-13,1.828937336e-13,4.55134343e-14,2.65249329e-13,1.167661773e-13,8.372507664e-14,8.39326316e-14,1.363332783e-13,5.310952931e-13,5.879860241e-13,3.120976989e-13,2.024152213e-13,1.068815805e-13,4.463975204e-13,8.903339042e-14,1.886798178e-14,4.371091314e-14,1.480908348e-13,4.755910367e-14,1.088844445e-13,6.578478556e-14,1.10483343e-13,1.562435979e-13,4.929339745e-14,6.624686364e-14,7.650488192e-14
91.625,1.024545478e-13,9.478322445e-14,2.379524955e-13,3.326192108e-13,1.858689179e-13,1.21213268e-13,1.297104005e-13,1.832392205e-13,4.528380617e-14,2.703748082e-13,1.168295286e-13,8.319123498e-14,8.340737594e-14,1.366271156e-13,5.311291307e-13,5.895632868e-13,3.139462748e-13,2.050050225e-13,1.081753311e-13,4.46186767e-13,8.883938721e-14,1.905584522e-14,4.353779723e-14,1.472063827e-13,4.82067136e-14,1.083102264e-13,6.55348195e-14,1.110942428e-13,1.574865328e-13,4.832717072e-14,6.757900636e-14,7.664342844e-14
91.6328125,1.038203971e-13,9.403297121e-14,2.36980767e-13,3.313774016e-13,1.878706441e-13,1.205950811e-13,1.314197953e-13,1.834572074e-13,4.503828187e-14,2.754323739e-13,1.168351263e-13,8.266917309e-14,8.287842227e-14,1.369560168e-13,5.309436655e-13,5.91048126e-13,3.159341105e-13,2.077453549e-13,1.094650079e-13,4.454670522e-13,8.858789063e-14,1.922313565e-14,4.336981329e-14,1.462071551e-13,4.88990408e-14,1.077260788e-13,6.538292438e-14,1.116840102e-13,1.588143883e-13,4.738221376e-14,6.89797626e-14,7.668923398e-14
91.640625,1.053447529e-13,9.323776241e-14,2.36007035e-13,3.297331204e-13,1.899800512e-13,1.199138004e-13,1.331280597e-13,1.836052034e-13,4.478695547e-14,2.805202142e-13,1.168388073e-13,8.211721707e-14,8.237213619e-14,1.372537666e-13,5.307277671e-13,5.927538647e-13,3.18157043e-13,2.107821772e-13,1.107944993e-13,4.44695836e-13,8.824767397e-14,1.94003072e-14,4.318065138e-14,1.452572431e-13,4.963344635e-14,1.071669597e-13,6.531125261e-14,1.123084786e-13,1.602308493e-13,4.647250634e-14,7.045562619e-14,7.673451489e-14
91.6484375,1.068411847e-13,9.248070062e-14,2.351504478e-13,3.278317902e-13,1.921610228e-13,1.192820946e-13,1.348410851e-13,1.837372425e-13,4.45557265e-14,2.856174245e-13,1.168974475e-13,8.158841425e-14,8.193041759e-14,1.37579308e-13,5.30512601e-13,5.946016764e-13,3.204665118e-13,2.139500278e-13,1.12182507e-13,4.439253689e-13,8.783159415e-14,1.960302947e-14,4.296583618e-14,1.444458512e-13,5.037942409e-14,1.066051765e-13,6.530362803e-14,1.129597175e-13,1.61728278e-13,4.557146308e-14,7.204798907e-14,7.680175762e-14
91.65625,1.081527548e-13,9.183377281e-14,2.343348899e-13,3.258765865e-13,1.943914776e-13,1.187250021e-13,1.36555594e-13,1.838259308e-13,4.435471356e-14,2.906051266e-13,1.169636324e-13,8.11180831e-14,8.157032664e-14,1.380443604e-13,5.302072812e-13,5.963561627e-13,3.227507029e-13,2.170606787e-13,1.135975678e-13,4.427899709e-13,8.740967977e-14,1.981361488e-14,4.274227386e-14,1.436424298e-13,5.113874177e-14,1.060127874e-13,6.54167997e-14,1.136028398e-13,1.633522106e-13,4.466837571e-14,7.366953816e-14,7.682177337e-14
91.6640625,1.094287386e-13,9.125793645e-14,2.335047959e-13,3.236907054e-13,1.967423176e-13,1.181156946e-13,1.382532167e-13,1.838362735e-13,4.418562231e-14,2.955190907e-13,1.169842205e-13,8.067275257e-14,8.124829921e-14,1.386171603e-13,5.297765626e-13,5.981293417e-13,3.251310692e-13,2.202397368e-13,1.15028185e-13,4.412198304e-13,8.697763702e-14,2.002108545e-14,4.252405202e-14,1.428439526e-13,5.193535675e-14,1.054009335e-13,6.565056265e-14,1.14327503e-13,1.650717504e-13,4.379734787e-14,7.529703201e-14,7.679405472e-14
91.671875,1.107821722e-13,9.074576291e-14,2.327619083e-13,3.212925856e-13,1.991855757e-13,1.173977339e-13,1.398924936e-13,1.837486916e-13,4.404438762e-14,3.003530656e-13,1.170029672e-13,8.027963812e-14,8.09320834e-14,1.3921975e-13,5.29170503e-13,5.999794619e-13,3.276222668e-13,2.235857498e-13,1.164768997e-13,4.394814916e-13,8.651114565e-14,2.02364667e-14,4.232654835e-14,1.421235119e-13,5.275670795e-14,1.048049974e-13,6.588586951e-14,1.151422408e-13,1.668125054e-13,4.296712205e-14,7.708241557e-14,7.676103438e-14
91.6796875,1.120921829e-13,9.025149179e-14,2.321622069e-13,3.189520404e-13,2.016338405e-13,1.167174571e-13,1.414520188e-13,1.835554349e-13,4.391604521e-14,3.049160358e-13,1.170579052e-13,7.997950463e-14,8.067278343e-14,1.399196005e-13,5.284102174e-13,6.017579502e-13,3.301461199e-13,2.269975259e-13,1.179228537e-13,4.376921368e-13,8.603359098e-14,2.046449095e-14,4.215354998e-14,1.414167003e-13,5.358891926e-14,1.04227972e-13,6.606128969e-14,1.158262277e-13,1.686665883e-13,4.213784564e-14,7.909302689e-14,7.670115412e-14
91.6875,1.132899914e-13,8.972390656e-14,2.31610715e-13,3.164827591e-13,2.040285803e-13,1.161120462e-13,1.429882168e-13,1.832923118e-13,4.376880615e-14,3.092927937e-13,1.171424627e-13,7.969112993e-14,8.046958201e-14,1.406851427e-13,5.275200738e-13,6.034339706e-13,3.327346016e-13,2.304476539e-13,1.193664321e-13,4.355335921e-13,8.550655476e-14,2.068239577e-14,4.198523167e-14,1.406587039e-13,5.445084945e-14,1.036361833e-13,6.626818051e-14,1.163823635e-13,1.707020482e-13,4.128973566e-14,8.115245348e-14,7.65829093e-14
91.6953125,1.14497885e-13,8.923731104e-14,2.310762308e-13,3.135147503e-13,2.064306941e-13,1.154203643e-13,1.44530733e-13,1.830149128e-13,4.360221006e-14,3.137098985e-13,1.172599118e-13,7.935067291e-14,8.023795662e-14,1.413287891e-13,5.26404432e-13,6.05052894e-13,3.353553991e-13,2.340200857e-13,1.20840309e-13,4.329148949e-13,8.488005944e-14,2.089088391e-14,4.180967397e-14,1.398860759e-13,5.533812957e-14,1.030367673e-13,6.658225474e-14,1.17047695e-13,1.727832196e-13,4.04448157e-14,8.314201519e-14,7.64457633e-14
91.703125,1.157630368e-13,8.874183809e-14,2.306643473e-13,3.103282554e-13,2.090025427e-13,1.146866279e-13,1.460036734e-13,1.827075158e-13,4.345897864e-14,3.17971064e-13,1.17383187e-13,7.903098194e-14,7.998476512e-14,1.419417022e-13,5.250947277e-13,6.066481003e-13,3.379535966e-13,2.377443487e-13,1.223360566e-13,4.303108279e-13,8.420709575e-14,2.112270486e-14,4.162995983e-14,1.391366098e-13,5.622004147e-14,1.024358992e-13,6.695578092e-14,1.177317199e-13,1.748433653e-13,3.961914552e-14,8.522946723e-14,7.631377175e-14
91.7109375,1.169531389e-13,8.811082564e-14,2.303793951e-13,3.07382997e-13,2.116975434e-13,1.140821332e-13,1.473789068e-13,1.823152169e-13,4.335059528e-14,3.218606203e-13,1.174603665e-13,7.877190169e-14,7.975934706e-14,1.427332484e-13,5.236198755e-13,6.08171749e-13,3.405555206e-13,2.41541265e-13,1.238058296e-13,4.27765421e-13,8.352548922e-14,2.136509754e-14,4.14516039e-14,1.384136726e-13,5.709580288e-14,1.017606974e-13,6.733709011e-14,1.182392869e-13,1.769333712e-13,3.879999241e-14,8.753465368e-14,7.612744502e-14
91.71875,1.180600935e-13,8.747319571e-14,2.301393164e-13,3.043999898e-13,2.143367453e-13,1.135133033e-13,1.487286436e-13,1.818607567e-13,4.325716115e-14,3.255460576e-13,1.174952316e-13,7.852121902e-14,7.953583054e-14,1.435553801e-13,5.217592429e-13,6.094216548e-13,3.430796456e-13,2.453335484e-13,1.252505009e-13,4.248495843e-13,8.279522499e-14,2.159066477e-14,4.129425672e-14,1.377290479e-13,5.79866458e-14,1.009783349e-13,6.7730469e-14,1.187012355e-13,1.79059085e-13,3.796878806e-14,8.992386145e-14,7.586603693e-14
91.7265625,1.192343794e-13,8.694715331e-14,2.300725836e-13,3.008442115e-13,2.16954755e-13,1.128758874e-13,1.5007311e-13,1.813605109e-13,4.316524622e-14,3.291346041e-13,1.17548676e-13,7.828160605e-14,7.933480541e-14,1.442554542e-13,5.195701965e-13,6.104376007e-13,3.455152882e-13,2.492208855e-13,1.267045946e-13,4.216377294e-13,8.200594272e-14,2.182086172e-14,4.116322337e-14,1.370921168e-13,5.890758792e-14,1.001677602e-13,6.811889503e-14,1.19218769e-13,1.812856679e-13,3.714269574e-14,9.234659591e-14,7.558823988e-14
91.734375,1.204628358e-13,8.645858718e-14,2.303879348e-13,2.968023552e-13,2.196159861e-13,1.122632275e-13,1.51364185e-13,1.807279393e-13,4.305691957e-14,3.325699731e-13,1.176767997e-13,7.810675293e-14,7.921208529e-14,1.450255913e-13,5.174429866e-13,6.115279649e-13,3.480387823e-13,2.533443118e-13,1.281494616e-13,4.183138856e-13,8.119437549e-14,2.205839977e-14,4.1023686e-14,1.364551775e-13,5.986468895e-14,9.939950401e-14,6.847556967e-14,1.197165102e-13,1.836580114e-13,3.637067864e-14,9.492160707e-14,7.530433778e-14
91.7421875,1.216567334e-13,8.601129162e-14,2.309695872e-13,2.927087337e-13,2.22293681e-13,1.116684156e-13,1.525898207e-13,1.79950731e-13,4.294470396e-14,3.358729902e-13,1.178392458e-13,7.799372712e-14,7.91272988e-14,1.460096255e-13,5.153512237e-13,6.126400334e-13,3.505990203e-13,2.576470903e-13,1.29562616e-13,4.146971315e-13,8.039071635e-14,2.228366054e-14,4.086479434e-14,1.357785506e-13,6.084816643e-14,9.867372553e-14,6.881576854e-14,1.20212677e-13,1.860388873e-13,3.566433635e-14,9.767361291e-14,7.498520661e-14
91.75,1.228896027e-13,8.55959513e-14,2.315226786e-13,2.887621848e-13,2.25043325e-13,1.110479256e-13,1.537762487e-13,1.791535158e-13,4.286580517e-14,3.390526033e-13,1.17949001e-13,7.790649837e-14,7.906140333e-14,1.470892339e-13,5.130172138e-13,6.135648652e-13,3.530522371e-13,2.620477735e-13,1.309986775e-13,4.108446006e-13,7.958372339e-14,2.252193435e-14,4.071889479e-14,1.351454415e-13,6.184543296e-14,9.792972912e-14,6.915874045e-14,1.207363093e-13,1.884087998e-13,3.49827436e-14,1.005607419e-13,7.464549002e-14
91.7578125,1.241607817e-13,8.512230289e-14,2.320226231e-13,2.849304767e-13,2.278122688e-13,1.104820138e-13,1.549224916e-13,1.783822312e-13,4.280201502e-14,3.420644969e-13,1.180734756e-13,7.78434054e-14,7.906030314e-14,1.481020542e-13,5.104955781e-13,6.1448112e-13,3.555216404e-13,2.665203591e-13,1.324894108e-13,4.069491941e-13,7.872212403e-14,2.278088363e-14,4.058742686e-14,1.346181054e-13,6.284966003e-14,9.710290461e-14,6.951391353e-14,1.212346645e-13,1.909232256e-13,3.428997252e-14,1.035603439e-13,7.429186194e-14
91.765625,1.252937278e-13,8.468872397e-14,2.32694317e-13,2.810594825e-13,2.304437168e-13,1.099408958e-13,1.559937196e-13,1.775771622e-13,4.272423015e-14,3.448298499e-13,1.183236318e-13,7.782903709e-14,7.908896119e-14,1.490377431e-13,5.079020914e-13,6.154961834e-13,3.580298435e-13,2.709152606e-13,1.339625551e-13,4.029522567e-13,7.780600531e-14,2.302123666e-14,4.044945816e-14,1.340927847e-13,6.385186779e-14,9.625578923e-14,6.990187267e-14,1.216680886e-13,1.935458218e-13,3.358449488e-14,1.066189616e-13,7.391125411e-14
91.7734375,1.262449368e-13,8.440167658e-14,2.337122686e-13,2.769689703e-13,2.330182275e-13,1.093605674e-13,1.569978126e-13,1.767199191e-13,4.265103581e-14,3.472914266e-13,1.186252143e-13,7.788004576e-14,7.911189228e-14,1.500737964e-13,5.052264225e-13,6.164532231e-13,3.605036157e-13,2.752358724e-13,1.353735979e-13,3.988335371e-13,7.689931697e-14,2.323868045e-14,4.032860575e-14,1.33532008e-13,6.487634017e-14,9.549207585e-14,7.03256944e-14,1.220232309e-13,1.961960713e-13,3.290986254e-14,1.097682666e-13,7.351553298e-14
91.78125,1.271268073e-13,8.411151202e-14,2.350816143e-13,2.726920717e-13,2.356681155e-13,1.088430835e-13,1.579966027e-13,1.75814252e-13,4.258399124e-14,3.496102624e-13,1.189300514e-13,7.799705381e-14,7.919439189e-14,1.512956167e-13,5.024915423e-13,6.174044258e-13,3.631378967e-13,2.797968101e-13,1.367892782e-13,3.945482722e-13,7.599047244e-14,2.345251721e-14,4.026184271e-14,1.330477444e-13,6.597112434e-14,9.474899068e-14,7.077080951e-14,1.223641722e-13,1.990014047e-13,3.231786217e-14,1.131133442e-13,7.309518799e-14
91.7890625,1.280259503e-13,8.371865869e-14,2.366473849e-13,2.684080712e-13,2.383736932e-13,1.084106558e-13,1.590081811e-13,1.748423689e-13,4.251413759e-14,3.519325487e-13,1.193056969e-13,7.816794264e-14,7.936748514e-14,1.525653394e-13,4.996095057e-13,6.183511744e-13,3.659224243e-13,2.846623896e-13,1.382785326e-13,3.899570643e-13,7.500983537e-14,2.366887935e-14,4.023854484e-14,1.326083049e-13,6.712211156e-14,9.392784222e-14,7.122961305e-14,1.227547334e-13,2.019824416e-13,3.177710124e-14,1.166343303e-13,7.262760517e-14
91.796875,1.29027742e-13,8.338697369e-14,2.382355367e-13,2.640708823e-13,2.411584552e-13,1.079579295e-13,1.600016579e-13,1.738126424e-13,4.246406511e-14,3.541107367e-13,1.196627855e-13,7.836747208e-14,7.960032639e-14,1.53873533e-13,4.964694204e-13,6.19005665e-13,3.684786316e-13,2.895628565e-13,1.39846651e-13,3.85134706e-13,7.399533734e-14,2.390832836e-14,4.021820117e-14,1.320951228e-13,6.827504667e-14,9.306921462e-14,7.169126719e-14,1.231421634e-13,2.049911257e-13,3.121421534e-14,1.202872562e-13,7.213920613e-14
91.8046875,1.301163612e-13,8.322321399e-14,2.398539471e-13,2.594803311e-13,2.439666073e-13,1.074695995e-13,1.609507515e-13,1.727573295e-13,4.243505834e-14,3.56034554e-13,1.199191233e-13,7.856837439e-14,7.986418817e-14,1.553076016e-13,4.9318765e-13,6.193999579e-13,3.707764376e-13,2.944191275e-13,1.414576533e-13,3.801862078e-13,7.303613658e-14,2.41721055e-14,4.018008223e-14,1.316073085e-13,6.941885554e-14,9.220589724e-14,7.21539077e-14,1.235066785e-13,2.080078497e-13,3.06293061e-14,1.240982188e-13,7.164968828e-14
91.8125,1.310682569e-13,8.305404642e-14,2.416328362e-13,2.547778259e-13,2.46592242e-13,1.069734814e-13,1.618316597e-13,1.717053835e-13,4.240815777e-14,3.577288965e-13,1.202287261e-13,7.876397429e-14,8.009868342e-14,1.567405362e-13,4.899056429e-13,6.199103139e-13,3.731226227e-13,2.992718047e-13,1.430348533e-13,3.751518105e-13,7.210525695e-14,2.441793433e-14,4.014107031e-14,1.312642283e-13,7.056575234e-14,9.129946427e-14,7.262526593e-14,1.238308301e-13,2.110620124e-13,3.005439532e-14,1.280058139e-13,7.113902859e-14
91.8203125,1.318060743e-13,8.276876695e-14,2.436598488e-13,2.503408211e-13,2.490693528e-13,1.065338957e-13,1.626766072e-13,1.70659261e-13,4.238260105e-14,3.591462876e-13,1.206251771e-13,7.898176482e-14,8.028820421e-14,1.581463678e-13,4.866835727e-13,6.206296589e-13,3.756307364e-13,3.040965159e-13,1.445351179e-13,3.701844378e-13,7.113462888e-14,2.46298073e-14,4.012218626e-14,1.309457233e-13,7.173398956e-14,9.036810582e-14,7.308354209e-14,1.24016645e-13,2.141455062e-13,2.950083873e-14,1.319629341e-13,7.060414948e-14
91.828125,1.32567791e-13,8.253945105e-14,2.459838017e-13,2.460949686e-13,2.516387188e-13,1.062420936e-13,1.635458256e-13,1.695848727e-13,4.234753916e-14,3.603203737e-13,1.209693732e-13,7.925478987e-14,8.052024788e-14,1.597331946e-13,4.835686641e-13,6.213877439e-13,3.782496361e-13,3.090220745e-13,1.460299316e-13,3.652515013e-13,7.014560999e-14,2.483597568e-14,4.011102478e-14,1.305616226e-13,7.295297341e-14,8.946710851e-14,7.350747326e-14,1.241333491e-13,2.173327984e-13,2.899840763e-14,1.360780306e-13,7.005706324e-14
91.8359375,1.334177629e-13,8.238622494e-14,2.485823888e-13,2.416424928e-13,2.542928894e-13,1.059971813e-13,1.64379702e-13,1.684856836e-13,4.229593209e-14,3.613126964e-13,1.213308314e-13,7.956072452e-14,8.081432183e-14,1.614563343e-13,4.804525994e-13,6.22083963e-13,3.808396624e-13,3.141066713e-13,1.475888527e-13,3.602297622e-13,6.916431442e-14,2.505631159e-14,4.009271986e-14,1.30217976e-13,7.420884942e-14,8.860465358e-14,7.390765621e-14,1.242918924e-13,2.206430107e-13,2.854987244e-14,1.403793137e-13,6.950903983e-14
91.84375,1.341391495e-13,8.211610104e-14,2.513646858e-13,2.37044119e-13,2.568130158e-13,1.056770057e-13,1.651053183e-13,1.674009309e-13,4.225000618e-14,3.620453588e-13,1.218345462e-13,7.986259038e-14,8.109960388e-14,1.631411201e-13,4.772058754e-13,6.226935853e-13,3.832557659e-13,3.191664862e-13,1.491872053e-13,3.552182877e-13,6.816818114e-14,2.528722463e-14,4.008716536e-14,1.299469197e-13,7.54692514e-14,8.774423246e-14,7.42884171e-14,1.243688129e-13,2.240055883e-13,2.810613712e-14,1.447796921e-13,6.89648814e-14
91.8515625,1.347554527e-13,8.182815493e-14,2.543665957e-13,2.326157047e-13,2.59194381e-13,1.054273963e-13,1.657979559e-13,1.662977199e-13,4.22217149e-14,3.625475331e-13,1.224107121e-13,8.021819638e-14,8.139979907e-14,1.649196868e-13,4.739012601e-13,6.232150516e-13,3.855903366e-13,3.243016517e-13,1.508157133e-13,3.500714197e-13,6.718103796e-14,2.552064814e-14,4.010908889e-14,1.296614186e-13,7.675715275e-14,8.683240371e-14,7.467751883e-14,1.243464449e-13,2.274834058e-13,2.766227645e-14,1.493400235e-13,6.838677817e-14
91.859375,1.354771927e-13,8.171118592e-14,2.577047476e-13,2.282868483e-13,2.616881247e-13,1.053505044e-13,1.665133253e-13,1.651449289e-13,4.220960767e-14,3.628887979e-13,1.230254636e-13,8.069461548e-14,8.178986275e-14,1.668958425e-13,4.706115706e-13,6.236789669e-13,3.879617066e-13,3.298162046e-13,1.524903766e-13,3.44587144e-13,6.62437824e-14,2.575797843e-14,4.014284896e-14,1.293948449e-13,7.809452496e-14,8.58804202e-14,7.514078087e-14,1.243851632e-13,2.311505176e-13,2.725126967e-14,1.54169659e-13,6.775338846e-14
91.8671875,1.362714738e-13,8.166058701e-14,2.613304996e-13,2.239487145e-13,2.643415951e-13,1.053268642e-13,1.67211162e-13,1.640117695e-13,4.220719031e-14,3.630017057e-13,1.237167836e-13,8.122710976e-14,8.223885266e-14,1.689143441e-13,4.673867051e-13,6.242188346e-13,3.903500617e-13,3.355705938e-13,1.541562152e-13,3.391805175e-13,6.53335842e-14,2.599941738e-14,4.018740966e-14,1.292363999e-13,7.946620624e-14,8.497327146e-14,7.566137108e-14,1.244325492e-13,2.349263975e-13,2.687094615e-14,1.592005058e-13,6.711885207e-14
91.875,1.370746099e-13,8.161335489e-14,2.651625741e-13,2.197842088e-13,2.668928449e-13,1.0535063e-13,1.679136595e-13,1.629143096e-13,4.2186714e-14,3.629690167e-13,1.244292769e-13,8.175133799e-14,8.267766414e-14,1.709900324e-13,4.643678156e-13,6.250314784e-13,3.929077297e-13,3.41306981e-13,1.557720268e-13,3.341311269e-13,6.443871983e-14,2.623167871e-14,4.026116027e-14,1.291349063e-13,8.088462535e-14,8.412548641e-14,7.614382741e-14,1.243717513e-13,2.387840483e-13,2.652087903e-14,1.643601132e-13,6.650162769e-14
91.8828125,1.379538089e-13,8.162793431e-14,2.692815921e-13,2.158157748e-13,2.693217718e-13,1.055194889e-13,1.686670153e-13,1.617775439e-13,4.214768564e-14,3.6288203e-13,1.251377497e-13,8.233164113e-14,8.312019951e-14,1.733318608e-13,4.615358593e-13,6.260707493e-13,3.957805471e-13,3.471484189e-13,1.573979768e-13,3.291424565e-13,6.357689946e-14,2.645906719e-14,4.035860374e-14,1.290408793e-13,8.236561939e-14,8.328284892e-14,7.657907249e-14,1.242521423e-13,2.427852561e-13,2.621501311e-14,1.697245052e-13,6.586126712e-14
91.890625,1.387680261e-13,8.164952603e-14,2.737221879e-13,2.118311519e-13,2.718989225e-13,1.057628575e-13,1.694352292e-13,1.606192505e-13,4.212853168e-14,3.625545904e-13,1.258940204e-13,8.301078797e-14,8.361967648e-14,1.758927529e-13,4.587296299e-13,6.270592771e-13,3.987144433e-13,3.531105003e-13,1.590967572e-13,3.24255392e-13,6.271229633e-14,2.671042709e-14,4.046321936e-14,1.290314887e-13,8.386963161e-14,8.246360252e-14,7.702700911e-14,1.240931362e-13,2.469056055e-13,2.593784413e-14,1.753038031e-13,6.522969887e-14
91.8984375,1.393374568e-13,8.167991316e-14,2.783735263e-13,2.077998441e-13,2.746082352e-13,1.059618764e-13,1.701591184e-13,1.595065591e-13,4.212424609e-14,3.619594359e-13,1.267052962e-13,8.373278128e-14,8.417710641e-14,1.784202093e-13,4.559207147e-13,6.279034351e-13,4.014347062e-13,3.589130819e-13,1.608718754e-13,3.19691759e-13,6.180990271e-14,2.698847662e-14,4.057557615e-14,1.291120428e-13,8.535373854e-14,8.170336202e-14,7.748120567e-14,1.238889939e-13,2.511013586e-13,2.567218749e-14,1.809593884e-13,6.466170699e-14
91.90625,1.398508827e-13,8.173209973e-14,2.832071121e-13,2.039005401e-13,2.772596874e-13,1.061595171e-13,1.707975189e-13,1.584135274e-13,4.210212155e-14,3.612690079e-13,1.275806681e-13,8.446734363e-14,8.475483667e-14,1.809034994e-13,4.530629553e-13,6.286732384e-13,4.040251303e-13,3.645832611e-13,1.626873004e-13,3.15184788e-13,6.090540387e-14,2.727255197e-14,4.068707533e-14,1.291768931e-13,8.683146597e-14,8.094945601e-14,7.791132469e-14,1.236721419e-13,2.553882638e-13,2.542462504e-14,1.866804194e-13,6.410998795e-14
91.9140625,1.405289585e-13,8.168552221e-14,2.883299652e-13,2.002637401e-13,2.798938939e-13,1.064765165e-13,1.713517417e-13,1.573108109e-13,4.207527203e-14,3.603845211e-13,1.285358814e-13,8.523448195e-14,8.534028431e-14,1.835686112e-13,4.500854323e-13,6.293070472e-13,4.066212818e-13,3.704454646e-13,1.644752747e-13,3.105617503e-13,6.003890212e-14,2.75593966e-14,4.078105128e-14,1.292199939e-13,8.834619033e-14,8.015898144e-14,7.83337929e-14,1.233773116e-13,2.597709609e-13,2.520608106e-14,1.926561656e-13,6.350783331e-14
91.921875,1.412739647e-13,8.156496665e-14,2.938305728e-13,1.968282224e-13,2.825113302e-13,1.06935958e-13,1.718873363e-13,1.562122679e-13,4.20550394e-14,3.591939005e-13,1.29525847e-13,8.603374297e-14,8.593302197e-14,1.864821625e-13,4.471743255e-13,6.297540902e-13,4.091768509e-13,3.765271224e-13,1.662123053e-13,3.059990885e-13,5.922043497e-14,2.784793918e-14,4.087537731e-14,1.293002201e-13,8.991095124e-14,7.937534777e-14,7.87566871e-14,1.229373228e-13,2.642696846e-13,2.503023972e-14,1.989775794e-13,6.28591033e-14
91.9296875,1.41936408e-13,8.150628867e-14,2.997008546e-13,1.934657709e-13,2.850175273e-13,1.074759685e-13,1.724647497e-13,1.55098635e-13,4.201094553e-14,3.578510383e-13,1.305269277e-13,8.685425323e-14,8.651778011e-14,1.895346144e-13,4.445498011e-13,6.301831751e-13,4.116637022e-13,3.825973752e-13,1.679648903e-13,3.015798062e-13,5.845447963e-14,2.813134126e-14,4.099568907e-14,1.293915145e-13,9.150756203e-14,7.863069353e-14,7.916890452e-14,1.22427141e-13,2.689082607e-13,2.489423399e-14,2.055295696e-13,6.219606013e-14
91.9375,1.425365073e-13,8.151969477e-14,3.058384857e-13,1.902108922e-13,2.875632227e-13,1.081274878e-13,1.73110677e-13,1.539674842e-13,4.194237029e-14,3.564233004e-13,1.315392112e-13,8.770821113e-14,8.711291573e-14,1.92723498e-13,4.421698511e-13,6.307731179e-13,4.141834474e-13,3.886084095e-13,1.697976987e-13,2.973545561e-13,5.773239116e-14,2.842529596e-14,4.112391692e-14,1.294697875e-13,9.313350143e-14,7.788380194e-14,7.95834705e-14,1.219405527e-13,2.73593803e-13,2.477353554e-14,2.121804192e-13,6.154966783e-14
91.9453125,1.431557675e-13,8.160624064e-14,3.121647249e-13,1.871455118e-13,2.902467923e-13,1.089735222e-13,1.738189367e-13,1.528599367e-13,4.188754235e-14,3.548540504e-13,1.325374591e-13,8.860195411e-14,8.77506321e-14,1.960686334e-13,4.399134423e-13,6.314466504e-13,4.167421174e-13,3.946235604e-13,1.717150829e-13,2.933194443e-13,5.702996685e-14,2.874424767e-14,4.124017004e-14,1.295770412e-13,9.477956333e-14,7.710120916e-14,8.002207321e-14,1.214731972e-13,2.782348312e-13,2.467076007e-14,2.188930172e-13,6.092305133e-14
91.953125,1.437685522e-13,8.173190176e-14,3.187831541e-13,1.842529423e-13,2.928327885e-13,1.099326215e-13,1.745234819e-13,1.517768647e-13,4.184192845e-14,3.531627944e-13,1.33592611e-13,8.951142636e-14,8.840108659e-14,1.994831362e-13,4.377385716e-13,6.320278061e-13,4.191897723e-13,4.005616238e-13,1.736809661e-13,2.893599981e-13,5.633050121e-14,2.906795184e-14,4.13694037e-14,1.297411909e-13,9.641622596e-14,7.633435342e-14,8.049028969e-14,1.209385566e-13,2.829644728e-13,2.460717522e-14,2.2574e-13,6.027828896e-14
91.9609375,1.442752561e-13,8.180618564e-14,3.258647306e-13,1.815521178e-13,2.952851477e-13,1.109067427e-13,1.751953409e-13,1.507096873e-13,4.178006014e-14,3.513554642e-13,1.348132052e-13,9.044788627e-14,8.906065146e-14,2.030129623e-13,4.357102704e-13,6.325952221e-13,4.215617001e-13,4.064267974e-13,1.756616132e-13,2.855851021e-13,5.565407611e-14,2.938916567e-14,4.152605199e-14,1.29968367e-13,9.80726446e-14,7.565684769e-14,8.095889633e-14,1.202845308e-13,2.879702296e-13,2.457968767e-14,2.328565983e-13,5.961470724e-14
91.96875,1.447540558e-13,8.191357542e-14,3.333651179e-13,1.790060123e-13,2.979182254e-13,1.119851995e-13,1.75885214e-13,1.497036303e-13,4.174077912e-14,3.494427772e-13,1.361402229e-13,9.148272365e-14,8.982410027e-14,2.067865623e-13,4.339204465e-13,6.333262117e-13,4.240391708e-13,4.124464754e-13,1.776917714e-13,2.82125487e-13,5.504068445e-14,2.974784383e-14,4.167080427e-14,1.302585548e-13,9.979321319e-14,7.50551924e-14,8.138733707e-14,1.195971393e-13,2.932107745e-13,2.458687415e-14,2.402933449e-13,5.898182375e-14
91.9765625,1.4536061e-13,8.214928469e-14,3.410441358e-13,1.765050611e-13,3.007586557e-13,1.131857479e-13,1.765738437e-13,1.487859653e-13,4.17608712e-14,3.47471611e-13,1.374813074e-13,9.260134522e-14,9.070831942e-14,2.106944328e-13,4.322178736e-13,6.340929105e-13,4.265101553e-13,4.186363839e-13,1.798032696e-13,2.788600492e-13,5.447022935e-14,3.015954131e-14,4.17824765e-14,1.305974967e-13,1.015298854e-13,7.445666034e-14,8.182848729e-14,1.189554656e-13,2.985390992e-13,2.4634731e-14,2.479891638e-13,5.837705421e-14
91.984375,1.459840505e-13,8.236560768e-14,3.48781442e-13,1.742059366e-13,3.03489783e-13,1.143807938e-13,1.772078559e-13,1.479049693e-13,4.177198607e-14,3.453779848e-13,1.388487111e-13,9.36669263e-14,9.159153181e-14,2.146089223e-13,4.303929012e-13,6.347195735e-13,4.288027271e-13,4.247498536e-13,1.819131674e-13,2.757411323e-13,5.387519504e-14,3.056862243e-14,4.19169001e-14,1.309840291e-13,1.032598637e-13,7.382946812e-14,8.235190242e-14,1.182717317e-13,3.038736361e-13,2.470727468e-14,2.558584388e-13,5.774998447e-14
91.9921875,1.465061384e-13,8.24305515e-14,3.567089628e-13,1.72281317e-13,3.060886039e-13,1.156171705e-13,1.778568121e-13,1.469989983e-13,4.170859416e-14,3.431267182e-13,1.402060157e-13,9.464188806e-14,9.244479496e-14,2.186732949e-13,4.285971654e-13,6.353060019e-13,4.310670306e-13,4.308021002e-13,1.839952115e-13,2.727449646e-13,5.324938915e-14,3.094362634e-14,4.212443822e-14,1.314146839e-13,1.050635478e-13,7.318252534e-14,8.284791641e-14,1.174666866e-13,3.091755611e-13,2.480074732e-14,2.638484496e-13,5.709835194e-14
92,1.470882036e-13,8.243762042e-14,3.649825462e-13,1.704469533e-13,3.088198268e-13,1.169961265e-13,1.785810976e-13,1.461000158e-13,4.163324742e-14,3.408865325e-13,1.415396104e-13,9.564853576e-14,9.337081201e-14,2.229792955e-13,4.270015839e-13,6.358460516e-13,4.333272075e-13,4.369700506e-13,1.86182594e-13,2.697423296e-13,5.264153912e-14,3.134392654e-14,4.23629298e-14,1.3187781e-13,1.069404362e-13,7.253797736e-14,8.323169873e-14,1.166549791e-13,3.145630528e-13,2.493397979e-14,2.720256401e-13,5.645936659e-14
92.0078125,1.477693837e-13,8.253158811e-14,3.735672455e-13,1.6842372e-13,3.116552001e-13,1.183941197e-13,1.793064696e-13,1.452956999e-13,4.161926408e-14,3.387547998e-13,1.430125427e-13,9.676246624e-14,9.437634702e-14,2.2736399e-13,4.254833093e-13,6.362026198e-13,4.353853887e-13,4.431729807e-13,1.884885081e-13,2.667977271e-13,5.207614557e-14,3.180623909e-14,4.25721424e-14,1.323906723e-13,1.087884379e-13,7.195084327e-14,8.36769354e-14,1.159473156e-13,3.202202478e-13,2.50957497e-14,2.804582528e-13,5.584326608e-14
92.015625,1.48393379e-13,8.272358242e-14,3.823472041e-13,1.664362392e-13,3.143523469e-13,1.197618589e-13,1.799966866e-13,1.445741041e-13,4.163007904e-14,3.365983376e-13,1.447034402e-13,9.794962044e-14,9.537774066e-14,2.317360989e-13,4.240887638e-13,6.366143037e-13,4.374275175e-13,4.493714602e-13,1.907676388e-13,2.640155576e-13,5.155106272e-14,3.227252177e-14,4.27687299e-14,1.329471584e-13,1.106113908e-13,7.145741979e-14,8.425778633e-14,1.152394222e-13,3.260149162e-13,2.526461469e-14,2.890156652e-13,5.523361639e-14
92.0234375,1.490371992e-13,8.29247352e-14,3.913146143e-13,1.648481466e-13,3.16971964e-13,1.212756914e-13,1.807272617e-13,1.438512252e-13,4.161312875e-14,3.343238201e-13,1.464687088e-13,9.91620462e-14,9.638321955e-14,2.362222954e-13,4.230494687e-13,6.373539235e-13,4.397308967e-13,4.557354564e-13,1.93041703e-13,2.61371678e-13,5.104957231e-14,3.271192348e-14,4.299225834e-14,1.334993562e-13,1.12498347e-13,7.101077303e-14,8.477574626e-14,1.144177517e-13,3.317310264e-13,2.5454994e-14,2.976526918e-13,5.462386311e-14
92.03125,1.498902335e-13,8.308070237e-14,4.005554038e-13,1.637051029e-13,3.197558128e-13,1.229572126e-13,1.815257111e-13,1.431482321e-13,4.158836727e-14,3.320019927e-13,1.482434516e-13,1.003670212e-13,9.744973345e-14,2.409376278e-13,4.222860862e-13,6.381771209e-13,4.42047628e-13,4.622406968e-13,1.954587068e-13,2.589629544e-13,5.054918448e-14,3.317679756e-14,4.323837883e-14,1.340505402e-13,1.144483947e-13,7.056489636e-14,8.520090812e-14,1.135568921e-13,3.375193933e-13,2.568096798e-14,3.065976133e-13,5.402495232e-14
92.0390625,1.50911543e-13,8.314723776e-14,4.101404951e-13,1.626719943e-13,3.227155142e-13,1.246766996e-13,1.823363457e-13,1.425461154e-13,4.159112771e-14,3.29707131e-13,1.500936605e-13,1.015634973e-13,9.858166636e-14,2.458674711e-13,4.216259763e-13,6.388924948e-13,4.441941344e-13,4.687528394e-13,1.980012518e-13,2.568094662e-13,5.004974217e-14,3.369280396e-14,4.34897825e-14,1.346495609e-13,1.164116947e-13,7.014857152e-14,8.56910654e-14,1.127046733e-13,3.435358534e-13,2.593036648e-14,3.158854775e-13,5.344206129e-14
92.046875,1.519119725e-13,8.311899432e-14,4.200472067e-13,1.614048532e-13,3.256842619e-13,1.264582419e-13,1.831358023e-13,1.420255239e-13,4.161894408e-14,3.274366329e-13,1.519804741e-13,1.027804078e-13,9.977927698e-14,2.509409554e-13,4.211321368e-13,6.397229929e-13,4.464449981e-13,4.752697569e-13,2.005611965e-13,2.547335997e-13,4.956283304e-14,3.423151205e-14,4.374459978e-14,1.353239279e-13,1.184018623e-13,6.978685488e-14,8.620313819e-14,1.117974319e-13,3.496496717e-13,2.619796221e-14,3.252687056e-13,5.286821521e-14
92.0546875,1.5273516e-13,8.315772786e-14,4.301344189e-13,1.600738129e-13,3.28531734e-13,1.283093346e-13,1.839380155e-13,1.415086082e-13,4.165018675e-14,3.251263739e-13,1.53826895e-13,1.040160356e-13,1.010300601e-13,2.560774465e-13,4.20771687e-13,6.406026319e-13,4.48764175e-13,4.816640129e-13,2.031376445e-13,2.527368449e-13,4.909373137e-14,3.477491664e-14,4.401824082e-14,1.360577968e-13,1.204378178e-13,6.947018206e-14,8.665137859e-14,1.108667914e-13,3.558046187e-13,2.649711418e-14,3.346913933e-13,5.230478756e-14
92.0625,1.534408167e-13,8.330614875e-14,4.402917252e-13,1.590925591e-13,3.312749908e-13,1.300886508e-13,1.847238248e-13,1.409681779e-13,4.167117102e-14,3.227052925e-13,1.557054056e-13,1.052669402e-13,1.022905016e-13,2.612545405e-13,4.203823494e-13,6.411544308e-13,4.507663295e-13,4.878428368e-13,2.05788622e-13,2.509010908e-13,4.864855838e-14,3.531729376e-14,4.433486363e-14,1.367841166e-13,1.224896439e-13,6.921677926e-14,8.713914498e-14,1.099537272e-13,3.62063973e-13,2.683566789e-14,3.442999925e-13,5.175270792e-14
92.0703125,1.543082194e-13,8.33298256e-14,4.506449241e-13,1.584217495e-13,3.34089294e-13,1.318421655e-13,1.854814217e-13,1.404239624e-13,4.168399392e-14,3.202207277e-13,1.577491274e-13,1.065788417e-13,1.035991778e-13,2.666064226e-13,4.200722488e-13,6.414922769e-13,4.525664824e-13,4.941026125e-13,2.085446358e-13,2.491578922e-13,4.823336931e-14,3.586973297e-14,4.468136954e-14,1.374970378e-13,1.245527337e-13,6.903732439e-14,8.772346429e-14,1.089686872e-13,3.68440444e-13,2.720334609e-14,3.541877933e-13,5.119057076e-14
92.078125,1.554143521e-13,8.320527825e-14,4.614058506e-13,1.577621666e-13,3.370784211e-13,1.337957333e-13,1.862613845e-13,1.398951967e-13,4.17049138e-14,3.178054699e-13,1.599831665e-13,1.0796497e-13,1.05039842e-13,2.722743145e-13,4.200557034e-13,6.419908416e-13,4.545344902e-13,5.006111289e-13,2.114280934e-13,2.474734561e-13,4.785337272e-14,3.647265498e-14,4.501725244e-14,1.382968693e-13,1.266614689e-13,6.887967111e-14,8.836148699e-14,1.079230387e-13,3.749938972e-13,2.759023427e-14,3.643567322e-13,5.060493596e-14
92.0859375,1.565337341e-13,8.316879747e-14,4.724728746e-13,1.571040811e-13,3.401540491e-13,1.358988199e-13,1.870975547e-13,1.39396343e-13,4.175432339e-14,3.1551001e-13,1.622999212e-13,1.093706174e-13,1.065609582e-13,2.781162023e-13,4.202471444e-13,6.425824129e-13,4.565431676e-13,5.070981233e-13,2.144427418e-13,2.458856281e-13,4.749479076e-14,3.712968937e-14,4.535048633e-14,1.391777284e-13,1.288212393e-13,6.871249166e-14,8.9065098e-14,1.069808353e-13,3.817094551e-13,2.799970012e-14,3.746709923e-13,5.002511308e-14
92.09375,1.575673299e-13,8.324757117e-14,4.835126855e-13,1.565743133e-13,3.43205219e-13,1.378662172e-13,1.879497298e-13,1.389649617e-13,4.18279156e-14,3.133242685e-13,1.645769987e-13,1.107567761e-13,1.0804171e-13,2.838523759e-13,4.204744022e-13,6.431459749e-13,4.583832385e-13,5.134660386e-13,2.175028771e-13,2.44470461e-13,4.712626104e-14,3.778839069e-14,4.571255576e-14,1.400264495e-13,1.310139571e-13,6.858402296e-14,8.982180319e-14,1.061688705e-13,3.884253283e-13,2.843062719e-14,3.849768516e-13,4.949402891e-14
92.1015625,1.586350383e-13,8.333022826e-14,4.945174041e-13,1.561684444e-13,3.461495404e-13,1.397166726e-13,1.887869446e-13,1.386083573e-13,4.189269021e-14,3.111903524e-13,1.668201886e-13,1.121276182e-13,1.094704192e-13,2.895211993e-13,4.208324122e-13,6.43851947e-13,4.602489902e-13,5.198835243e-13,2.205015053e-13,2.432992776e-13,4.676981687e-14,3.842954409e-14,4.608623143e-14,1.408536572e-13,1.332177709e-13,6.852875785e-14,9.057601922e-14,1.053303027e-13,3.951256438e-13,2.88847375e-14,3.953070425e-13,4.901389709e-14
92.109375,1.598396288e-13,8.341489759e-14,5.058282466e-13,1.558846022e-13,3.490231602e-13,1.418010216e-13,1.896335887e-13,1.382590112e-13,4.195022668e-14,3.089282277e-13,1.6911226e-13,1.135243597e-13,1.109171823e-13,2.95444014e-13,4.214958968e-13,6.446622025e-13,4.622621489e-13,5.263204275e-13,2.234992726e-13,2.423146853e-13,4.64876112e-14,3.909334973e-14,4.64424824e-14,1.417111935e-13,1.354052599e-13,6.850669834e-14,9.132555973e-14,1.043493865e-13,4.018875869e-13,2.938252907e-14,4.058018882e-13,4.853750828e-14
92.1171875,1.611756338e-13,8.351599441e-14,5.175391445e-13,1.557585423e-13,3.520556261e-13,1.44210855e-13,1.905117864e-13,1.379187239e-13,4.204521061e-14,3.065131474e-13,1.714669794e-13,1.149960203e-13,1.124294872e-13,3.017074586e-13,4.22417184e-13,6.454457472e-13,4.643112715e-13,5.326873205e-13,2.266187334e-13,2.415295589e-13,4.62712389e-14,3.980540003e-14,4.678846364e-14,1.42583153e-13,1.375916666e-13,6.848075036e-14,9.207472338e-14,1.032804799e-13,4.086749529e-13,2.992025156e-14,4.16581792e-13,4.803011003e-14
92.125,1.625234209e-13,8.362759931e-14,5.293582539e-13,1.557460949e-13,3.552201766e-13,1.46622449e-13,1.914241417e-13,1.376719007e-13,4.216192677e-14,3.042299443e-13,1.738442973e-13,1.164786956e-13,1.13971071e-13,3.079922391e-13,4.233825326e-13,6.463725767e-13,4.664033799e-13,5.390021692e-13,2.2977352e-13,2.40990318e-13,4.606085822e-14,4.053479789e-14,4.715038124e-14,1.435222909e-13,1.398036263e-13,6.846833039e-14,9.283664491e-14,1.022553774e-13,4.15472271e-13,3.046034187e-14,4.275277795e-13,4.752560068e-14
92.1328125,1.638357479e-13,8.373962136e-14,5.410712628e-13,1.55816613e-13,3.581774027e-13,1.488604069e-13,1.923640335e-13,1.374657543e-13,4.223677851e-14,3.021448529e-13,1.762088131e-13,1.178492437e-13,1.154571186e-13,3.140365882e-13,4.24231651e-13,6.473639423e-13,4.684825417e-13,5.451765293e-13,2.328581772e-13,2.404805771e-13,4.584032132e-14,4.124822917e-14,4.755129848e-14,1.445612421e-13,1.41991002e-13,6.848938597e-14,9.36597952e-14,1.012989267e-13,4.222575854e-13,3.099966998e-14,4.382498262e-13,4.707556924e-14
92.140625,1.653052955e-13,8.380315785e-14,5.527915321e-13,1.560093595e-13,3.610298953e-13,1.511312978e-13,1.932945128e-13,1.372027881e-13,4.229841152e-14,2.999691301e-13,1.785573074e-13,1.19168911e-13,1.169212743e-13,3.200459385e-13,4.250702347e-13,6.481091698e-13,4.703477614e-13,5.512277638e-13,2.360166553e-13,2.399694753e-13,4.563994872e-14,4.197713042e-14,4.797358499e-14,1.455855304e-13,1.441152897e-13,6.854077038e-14,9.452825786e-14,1.003415467e-13,4.289613706e-13,3.157240295e-14,4.487967114e-13,4.666922275e-14
92.1484375,1.669997253e-13,8.376360506e-14,5.647271003e-13,1.562514348e-13,3.641502445e-13,1.535942229e-13,1.941962406e-13,1.369645972e-13,4.241693684e-14,2.976888875e-13,1.809582511e-13,1.205849997e-13,1.184827845e-13,3.263495026e-13,4.262032717e-13,6.488538397e-13,4.720815854e-13,5.573432615e-13,2.393347139e-13,2.397642235e-13,4.549923421e-14,4.276209274e-14,4.836275215e-14,1.465444029e-13,1.462318198e-13,6.861484659e-14,9.539324775e-14,9.936616512e-14,4.356605354e-13,3.217995293e-14,4.597088242e-13,4.625973865e-14
92.15625,1.686036003e-13,8.363815206e-14,5.767712302e-13,1.564362995e-13,3.672963246e-13,1.561563253e-13,1.951257078e-13,1.368066169e-13,4.25538666e-14,2.955714052e-13,1.834194826e-13,1.220297042e-13,1.200990962e-13,3.328122094e-13,4.276074519e-13,6.498117433e-13,4.738365074e-13,5.632977119e-13,2.426379844e-13,2.397850131e-13,4.541249718e-14,4.356502179e-14,4.871510317e-14,1.474976993e-13,1.483637762e-13,6.868998698e-14,9.626409069e-14,9.839695776e-14,4.423691631e-13,3.278239016e-14,4.709050693e-13,4.583156705e-14
92.1640625,1.699619821e-13,8.357422378e-14,5.885738889e-13,1.56688785e-13,3.700802382e-13,1.587151948e-13,1.961346453e-13,1.366471988e-13,4.265314365e-14,2.936434667e-13,1.858061576e-13,1.233764273e-13,1.2164091e-13,3.390949257e-13,4.289111595e-13,6.505631462e-13,4.754444762e-13,5.687245884e-13,2.458607823e-13,2.3973544e-13,4.531900815e-14,4.434130674e-14,4.907717818e-14,1.48438042e-13,1.504634992e-13,6.875853466e-14,9.714624744e-14,9.746405775e-14,4.488969867e-13,3.336075205e-14,4.818236048e-13,4.539963187e-14
92.171875,1.714798598e-13,8.363544583e-14,6.002214055e-13,1.571146062e-13,3.728038453e-13,1.613287924e-13,1.972143789e-13,1.365258221e-13,4.276794689e-14,2.918440484e-13,1.881109294e-13,1.247158735e-13,1.231576184e-13,3.453329284e-13,4.301589385e-13,6.511281594e-13,4.769178143e-13,5.739931972e-13,2.491631897e-13,2.397223851e-13,4.520661225e-14,4.512974047e-14,4.945426156e-14,1.493731354e-13,1.525314301e-13,6.885519519e-14,9.805068072e-14,9.663720381e-14,4.553387852e-13,3.394899811e-14,4.926136279e-13,4.497906552e-14
92.1796875,1.734868965e-13,8.361835091e-14,6.121944438e-13,1.574974787e-13,3.758691301e-13,1.641252276e-13,1.983469855e-13,1.365176954e-13,4.293856544e-14,2.902144739e-13,1.904900703e-13,1.261505875e-13,1.247802985e-13,3.518816461e-13,4.316848288e-13,6.519415295e-13,4.785212685e-13,5.795938098e-13,2.526107203e-13,2.398821289e-13,4.511804976e-14,4.597684278e-14,4.98244426e-14,1.50380351e-13,1.546032385e-13,6.897594717e-14,9.902767721e-14,9.59109801e-14,4.620085281e-13,3.457037993e-14,5.037457153e-13,4.457536674e-14
92.1875,1.756046059e-13,8.34639532e-14,6.244201787e-13,1.576942657e-13,3.790897688e-13,1.670578974e-13,1.994866596e-13,1.364893477e-13,4.310182589e-14,2.886048944e-13,1.929211048e-13,1.275961349e-13,1.264944144e-13,3.585970727e-13,4.332811097e-13,6.526331788e-13,4.800766315e-13,5.851548908e-13,2.561140399e-13,2.401187639e-13,4.504960408e-14,4.685994761e-14,5.018967837e-14,1.514075147e-13,1.566570546e-13,6.906844959e-14,1.000712267e-13,9.515968238e-14,4.68790967e-13,3.518271238e-14,5.150184439e-13,4.418296112e-14
92.1953125,1.773414057e-13,8.340329297e-14,6.363531559e-13,1.578965223e-13,3.820877125e-13,1.699171528e-13,2.005856455e-13,1.363386045e-13,4.321263686e-14,2.868640391e-13,1.952677329e-13,1.289774078e-13,1.281822237e-13,3.650668448e-13,4.346622938e-13,6.528548644e-13,4.813253234e-13,5.902247136e-13,2.596134493e-13,2.403571517e-13,4.498778591e-14,4.772639409e-14,5.055100862e-14,1.523273753e-13,1.586563758e-13,6.915154015e-14,1.011369222e-13,9.43479243e-14,4.753451557e-13,3.575155142e-14,5.259536722e-13,4.379088559e-14
92.203125,1.788964111e-13,8.343042131e-14,6.479625333e-13,1.582254867e-13,3.848142321e-13,1.727080211e-13,2.016957356e-13,1.361934372e-13,4.330933059e-14,2.851822703e-13,1.975650572e-13,1.303320664e-13,1.297989094e-13,3.713083694e-13,4.361775177e-13,6.532883903e-13,4.826347822e-13,5.951002718e-13,2.631296386e-13,2.405548484e-13,4.494803961e-14,4.855724272e-14,5.09102148e-14,1.532046964e-13,1.606343855e-13,6.928592244e-14,1.022150451e-13,9.355845095e-14,4.816677731e-13,3.63116339e-14,5.365384001e-13,4.340142085e-14
92.2109375,1.806903711e-13,8.334775689e-14,6.596022433e-13,1.585871552e-13,3.87497026e-13,1.75613124e-13,2.028483947e-13,1.361592168e-13,4.343102587e-14,2.836910512e-13,1.998864073e-13,1.316813012e-13,1.31434053e-13,3.776327953e-13,4.380996626e-13,6.543160445e-13,4.842819379e-13,6.00105082e-13,2.667188921e-13,2.407776326e-13,4.490761611e-14,4.93919273e-14,5.128574944e-14,1.541952867e-13,1.626442526e-13,6.946128974e-14,1.032789166e-13,9.279257763e-14,4.879415491e-13,3.690225342e-14,5.471384897e-13,4.303830035e-14
92.21875,1.826660977e-13,8.317380292e-14,6.712613759e-13,1.589337525e-13,3.902315251e-13,1.785847882e-13,2.039642414e-13,1.361751859e-13,4.35633522e-14,2.822582465e-13,2.022113581e-13,1.330001715e-13,1.331524312e-13,3.840611818e-13,4.401579228e-13,6.553991458e-13,4.859095619e-13,6.050616762e-13,2.703765123e-13,2.411068311e-13,4.484891956e-14,5.02632498e-14,5.167427598e-14,1.552457806e-13,1.646584783e-13,6.96416647e-14,1.043176624e-13,9.201614892e-14,4.942301758e-13,3.751540535e-14,5.578861766e-13,4.271189758e-14
92.2265625,1.846378617e-13,8.29774492e-14,6.826842647e-13,1.592847305e-13,3.928395568e-13,1.814867914e-13,2.050400288e-13,1.361658515e-13,4.367367617e-14,2.808893394e-13,2.045183588e-13,1.342759504e-13,1.348615392e-13,3.903545523e-13,4.421242175e-13,6.562753207e-13,4.873301907e-13,6.097791305e-13,2.739898383e-13,2.413552564e-13,4.480664081e-14,5.112841182e-14,5.205125986e-14,1.561866502e-13,1.66610661e-13,6.982345013e-14,1.053812651e-13,9.127744587e-14,5.004536135e-13,3.812106067e-14,5.684445067e-13,4.239095928e-14
92.234375,1.866572174e-13,8.276110549e-14,6.938098023e-13,1.596400487e-13,3.953086744e-13,1.843567745e-13,2.061106289e-13,1.361385635e-13,4.376961047e-14,2.79675142e-13,2.067890705e-13,1.355296504e-13,1.364974228e-13,3.964618017e-13,4.439908164e-13,6.571607895e-13,4.887767062e-13,6.143220598e-13,2.775244723e-13,2.414803164e-13,4.479122412e-14,5.19619037e-14,5.240965492e-14,1.570338084e-13,1.684948764e-13,7.001547779e-14,1.064746748e-13,9.058882647e-14,5.065073632e-13,3.87148306e-14,5.786754593e-13,4.20549342e-14
92.2421875,1.887290558e-13,8.252864436e-14,7.04759835e-13,1.599855263e-13,3.978767805e-13,1.871996213e-13,2.070900186e-13,1.361384747e-13,4.389124868e-14,2.785114336e-13,2.090353299e-13,1.367883608e-13,1.381332068e-13,4.025293135e-13,4.457860025e-13,6.580668681e-13,4.902336413e-13,6.187460281e-13,2.810997985e-13,2.418283594e-13,4.479804505e-14,5.282360883e-14,5.275292132e-14,1.579238578e-13,1.703293526e-13,7.023343539e-14,1.075564458e-13,8.990879479e-14,5.124474707e-13,3.932906626e-14,5.888817865e-13,4.173404941e-14
92.25,1.907373198e-13,8.222328302e-14,7.15574988e-13,1.602646331e-13,4.004791314e-13,1.899768714e-13,2.079805741e-13,1.361745747e-13,4.404057588e-14,2.773331514e-13,2.112833127e-13,1.380180963e-13,1.397669633e-13,4.085349029e-13,4.475827554e-13,6.588903719e-13,4.915098202e-13,6.229076806e-13,2.847148408e-13,2.424872846e-13,4.483731298e-14,5.372848761e-14,5.308378819e-14,1.588689622e-13,1.720997152e-13,7.047245198e-14,1.086229777e-13,8.924823467e-14,5.183178275e-13,3.996304942e-14,5.990180666e-13,4.144780578e-14
92.2578125,1.926734557e-13,8.193046517e-14,7.261248718e-13,1.604655483e-13,4.028391643e-13,1.927567431e-13,2.089047116e-13,1.362205246e-13,4.418291945e-14,2.762429982e-13,2.134687372e-13,1.391768963e-13,1.413220058e-13,4.143528211e-13,4.494059511e-13,6.597407178e-13,4.927621485e-13,6.267007808e-13,2.882352336e-13,2.431619223e-13,4.488486126e-14,5.461204483e-14,5.340597202e-14,1.59802271e-13,1.738015668e-13,7.071898243e-14,1.096709449e-13,8.860533664e-14,5.239572244e-13,4.057733936e-14,6.087719093e-13,4.117426717e-14
92.265625,1.946563298e-13,8.18375931e-14,7.363839787e-13,1.606854807e-13,4.050165875e-13,1.955495111e-13,2.098254764e-13,1.362706484e-13,4.431110287e-14,2.752837483e-13,2.15592652e-13,1.4032083e-13,1.428397879e-13,4.200960923e-13,4.512930807e-13,6.607961955e-13,4.942416568e-13,6.303303825e-13,2.917169346e-13,2.436985146e-13,4.493682709e-14,5.546583124e-14,5.371681475e-14,1.607065854e-13,1.75454247e-13,7.100675527e-14,1.106902624e-13,8.795864623e-14,5.29389942e-13,4.119198324e-14,6.183251649e-13,4.090365532e-14
92.2734375,1.967988298e-13,8.181474937e-14,7.464507607e-13,1.609293856e-13,4.071851259e-13,1.983009732e-13,2.10667945e-13,1.363293926e-13,4.44393589e-14,2.744352784e-13,2.177568746e-13,1.414943366e-13,1.44382192e-13,4.258797798e-13,4.533083636e-13,6.619907387e-13,4.958342634e-13,6.339511719e-13,2.952844064e-13,2.441332831e-13,4.503930177e-14,5.632929238e-14,5.401792097e-14,1.615803565e-13,1.770594263e-13,7.133883114e-14,1.117193899e-13,8.736187303e-14,5.348282103e-13,4.183926613e-14,6.278861267e-13,4.064611727e-14
92.28125,1.990881346e-13,8.164002884e-14,7.56166086e-13,1.610575074e-13,4.093252446e-13,2.010218103e-13,2.114903919e-13,1.36389201e-13,4.457516836e-14,2.737174858e-13,2.198740479e-13,1.426425691e-13,1.459194483e-13,4.315008377e-13,4.552656331e-13,6.631300157e-13,4.973215819e-13,6.373722645e-13,2.988503591e-13,2.44526079e-13,4.517395024e-14,5.719821184e-14,5.431300313e-14,1.624352738e-13,1.785907053e-13,7.164492389e-14,1.128223475e-13,8.683731164e-14,5.401451277e-13,4.246731152e-14,6.371654321e-13,4.040436505e-14
92.2890625,2.014009001e-13,8.135043647e-14,7.653210609e-13,1.610517932e-13,4.114595083e-13,2.036696894e-13,2.122841245e-13,1.364562691e-13,4.472557212e-14,2.731438577e-13,2.21830821e-13,1.437513669e-13,1.474368704e-13,4.368352748e-13,4.570190699e-13,6.642810025e-13,4.987709798e-13,6.40505645e-13,3.023692509e-13,2.449751022e-13,4.528737665e-14,5.806163169e-14,5.459066033e-14,1.633077987e-13,1.800278135e-13,7.192328724e-14,1.140255735e-13,8.633934875e-14,5.451542405e-13,4.304307756e-14,6.460007467e-13,4.017809985e-14
92.296875,2.036228934e-13,8.101195805e-14,7.740569046e-13,1.610771165e-13,4.135628767e-13,2.061879663e-13,2.13002312e-13,1.365244847e-13,4.487260433e-14,2.727013206e-13,2.237403002e-13,1.448497907e-13,1.489333434e-13,4.420414341e-13,4.587799436e-13,6.655014429e-13,5.002746095e-13,6.434142086e-13,3.059236692e-13,2.455580697e-13,4.539371365e-14,5.891782384e-14,5.484965542e-14,1.641899303e-13,1.813948256e-13,7.224988796e-14,1.15264856e-13,8.589614989e-14,5.499732168e-13,4.360990937e-14,6.545480059e-13,3.996139924e-14
92.3046875,2.056997159e-13,8.068512803e-14,7.824834584e-13,1.612137268e-13,4.154030588e-13,2.086258528e-13,2.137088194e-13,1.365686858e-13,4.498587428e-14,2.723634338e-13,2.255856564e-13,1.459028252e-13,1.503748464e-13,4.471249256e-13,4.605842622e-13,6.665981888e-13,5.016971199e-13,6.45945353e-13,3.094151985e-13,2.462443206e-13,4.55135074e-14,5.973760079e-14,5.510746591e-14,1.650552363e-13,1.82717756e-13,7.264296598e-14,1.164443258e-13,8.554055012e-14,5.545979782e-13,4.418820661e-14,6.627935707e-13,3.975513898e-14
92.3125,2.077070599e-13,8.04458518e-14,7.90476156e-13,1.613343864e-13,4.169539139e-13,2.110029741e-13,2.144103849e-13,1.366208337e-13,4.509480686e-14,2.721330819e-13,2.272245181e-13,1.469054599e-13,1.517729578e-13,4.519651543e-13,4.622303001e-13,6.676976038e-13,5.030378134e-13,6.480840056e-13,3.12764227e-13,2.469196172e-13,4.565507032e-14,6.052360282e-14,5.536450841e-14,1.659136746e-13,1.839635707e-13,7.306092332e-14,1.175792818e-13,8.52361878e-14,5.589931199e-13,4.476408105e-14,6.706172591e-13,3.958383224e-14
92.3203125,2.097684087e-13,8.019748959e-14,7.979944048e-13,1.6131336e-13,4.184214005e-13,2.13316606e-13,2.150238906e-13,1.367369029e-13,4.524174931e-14,2.720652357e-13,2.288035259e-13,1.479031811e-13,1.531615589e-13,4.566118581e-13,4.637464092e-13,6.690490789e-13,5.045015143e-13,6.50064118e-13,3.16137827e-13,2.475170924e-13,4.585029106e-14,6.132216682e-14,5.560699677e-14,1.667524515e-13,1.850927025e-13,7.345523741e-14,1.187330831e-13,8.497810034e-14,5.633693842e-13,4.531870936e-14,6.780152581e-13,3.944338016e-14
92.328125,2.117712739e-13,7.989883002e-14,8.049897673e-13,1.612053138e-13,4.197386618e-13,2.15609382e-13,2.15533587e-13,1.368858676e-13,4.538741531e-14,2.721333915e-13,2.304337262e-13,1.488651122e-13,1.545023959e-13,4.610173202e-13,4.651402036e-13,6.703585947e-13,5.060282441e-13,6.518137497e-13,3.19524925e-13,2.480595602e-13,4.607371521e-14,6.211900762e-14,5.581935906e-14,1.675468168e-13,1.86097616e-13,7.381020875e-14,1.198790923e-13,8.472439346e-14,5.676398872e-13,4.582771342e-14,6.849591118e-13,3.928854043e-14
92.3359375,2.135689588e-13,7.965119793e-14,8.114567322e-13,1.611023043e-13,4.207550604e-13,2.178527254e-13,2.159822702e-13,1.369989095e-13,4.549244219e-14,2.72249047e-13,2.31909716e-13,1.497615627e-13,1.557425864e-13,4.650453134e-13,4.663471051e-13,6.714919318e-13,5.074081892e-13,6.532099897e-13,3.227179363e-13,2.485529561e-13,4.626792154e-14,6.286281872e-14,5.598766597e-14,1.683238358e-13,1.869787177e-13,7.418270985e-14,1.209857302e-13,8.439742228e-14,5.71511291e-13,4.631211795e-14,6.91440892e-13,3.911588959e-14
92.34375,2.153690998e-13,7.941343095e-14,8.176961737e-13,1.609617577e-13,4.216923191e-13,2.200425402e-13,2.16448282e-13,1.370775904e-13,4.559995312e-14,2.724815798e-13,2.331993484e-13,1.506345014e-13,1.569012133e-13,4.689005116e-13,4.676032336e-13,6.728287292e-13,5.087569101e-13,6.544997197e-13,3.257856156e-13,2.490571924e-13,4.646966588e-14,6.357303372e-14,5.613608658e-14,1.69106629e-13,1.877794521e-13,7.460597495e-14,1.220765822e-13,8.410825529e-14,5.750866079e-13,4.680943835e-14,6.976118343e-13,3.896803544e-14
92.3515625,2.173545203e-13,7.916017991e-14,8.236931922e-13,1.607226427e-13,4.227462552e-13,2.222572615e-13,2.169784412e-13,1.371634101e-13,4.573297772e-14,2.729310837e-13,2.344489886e-13,1.514619328e-13,1.580210952e-13,4.727814991e-13,4.69017971e-13,6.74363765e-13,5.102890086e-13,6.557342416e-13,3.288724578e-13,2.497184506e-13,4.672050862e-14,6.428654703e-14,5.629658905e-14,1.698947079e-13,1.88548235e-13,7.501573527e-14,1.231540411e-13,8.399326625e-14,5.784048296e-13,4.729029255e-14,7.034952035e-13,3.886115578e-14
92.359375,2.192973842e-13,7.896871729e-14,8.288834667e-13,1.60435436e-13,4.236735363e-13,2.244255679e-13,2.174745291e-13,1.372702043e-13,4.584906559e-14,2.734720464e-13,2.355669763e-13,1.521933838e-13,1.590904914e-13,4.764113575e-13,4.703352667e-13,6.758932497e-13,5.119559311e-13,6.566163495e-13,3.318640688e-13,2.505594776e-13,4.69676679e-14,6.497836436e-14,5.643483915e-14,1.707100342e-13,1.892386289e-13,7.537569734e-14,1.242168829e-13,8.390130443e-14,5.812990236e-13,4.771769349e-14,7.088081806e-13,3.878062345e-14
92.3671875,2.20992196e-13,7.879977719e-14,8.332341797e-13,1.601446241e-13,4.242475702e-13,2.264441482e-13,2.178512582e-13,1.37391271e-13,4.594406817e-14,2.739698408e-13,2.364839955e-13,1.52882027e-13,1.600789753e-13,4.795604691e-13,4.714875372e-13,6.775500444e-13,5.136067613e-13,6.570942401e-13,3.347010877e-13,2.515545236e-13,4.719338886e-14,6.562994935e-14,5.651505306e-14,1.715439573e-13,1.89791904e-13,7.572496867e-14,1.252857364e-13,8.367854414e-14,5.840404006e-13,4.810754905e-14,7.134461363e-13,3.871165167e-14
92.375,2.225402494e-13,7.870481314e-14,8.372850575e-13,1.598093699e-13,4.245886661e-13,2.284026504e-13,2.181626925e-13,1.375199085e-13,4.605436484e-14,2.745445588e-13,2.373506994e-13,1.535678594e-13,1.609978765e-13,4.823922633e-13,4.725164961e-13,6.791816164e-13,5.151195933e-13,6.573008184e-13,3.375227281e-13,2.527023902e-13,4.745121037e-14,6.626976576e-14,5.657180289e-14,1.723473577e-13,1.902207601e-13,7.608467063e-14,1.263475536e-13,8.349510407e-14,5.868429632e-13,4.848164428e-14,7.176984095e-13,3.865273883e-14
92.3828125,2.240312503e-13,7.874363042e-14,8.410040172e-13,1.594375376e-13,4.24791746e-13,2.303185995e-13,2.184251134e-13,1.376466354e-13,4.616899515e-14,2.753602017e-13,2.381781438e-13,1.542002214e-13,1.61846901e-13,4.849882161e-13,4.732745903e-13,6.804749243e-13,5.164054862e-13,6.571816089e-13,3.403827406e-13,2.538008337e-13,4.773424823e-14,6.690541364e-14,5.662055649e-14,1.731199132e-13,1.905256714e-13,7.644876329e-14,1.273662939e-13,8.352561357e-14,5.893249193e-13,4.884559018e-14,7.216669754e-13,3.860737537e-14
92.390625,2.25424085e-13,7.863773146e-14,8.440013564e-13,1.591103553e-13,4.247875592e-13,2.320487293e-13,2.18577019e-13,1.377639451e-13,4.626045638e-14,2.763636186e-13,2.388533275e-13,1.547683055e-13,1.62590279e-13,4.872522783e-13,4.73762453e-13,6.816411341e-13,5.175340587e-13,6.566581134e-13,3.431874978e-13,2.547272447e-13,4.800279952e-14,6.751110422e-14,5.662005746e-14,1.738884989e-13,1.906839464e-13,7.67965453e-14,1.283402819e-13,8.363735843e-14,5.913420963e-13,4.918523403e-14,7.251257198e-13,3.855150677e-14
92.3984375,2.267183319e-13,7.831971722e-14,8.463350112e-13,1.587990307e-13,4.246053226e-13,2.335841496e-13,2.186152782e-13,1.378853143e-13,4.634376162e-14,2.774129787e-13,2.393827857e-13,1.552963217e-13,1.632250831e-13,4.891942762e-13,4.741189843e-13,6.829164875e-13,5.186686762e-13,6.557957204e-13,3.458373709e-13,2.557068415e-13,4.827842173e-14,6.807912253e-14,5.656670191e-14,1.746535936e-13,1.907064701e-13,7.709817555e-14,1.293215018e-13,8.366459835e-14,5.931708861e-13,4.947174941e-14,7.27992578e-13,3.847063203e-14
92.40625,2.278785592e-13,7.819450939e-14,8.481407536e-13,1.584195996e-13,4.242720967e-13,2.350303569e-13,2.186055868e-13,1.380509414e-13,4.64271162e-14,2.785008489e-13,2.39759442e-13,1.557447431e-13,1.637407904e-13,4.907714736e-13,4.743319859e-13,6.842682894e-13,5.198476472e-13,6.546509447e-13,3.483014852e-13,2.567915485e-13,4.856182853e-14,6.861146263e-14,5.650296328e-14,1.754184535e-13,1.906174844e-13,7.738484727e-14,1.303556053e-13,8.36770131e-14,5.947626385e-13,4.970595099e-14,7.302502544e-13,3.841702721e-14
92.4140625,2.287694547e-13,7.835289989e-14,8.49340478e-13,1.580741815e-13,4.236726367e-13,2.364181961e-13,2.186030418e-13,1.382818559e-13,4.648468205e-14,2.79687436e-13,2.399443625e-13,1.560873172e-13,1.640936513e-13,4.918664761e-13,4.743777024e-13,6.857446896e-13,5.210124208e-13,6.531927145e-13,3.506237084e-13,2.578239869e-13,4.880845518e-14,6.909316265e-14,5.643698823e-14,1.761566895e-13,1.904350147e-13,7.770515118e-14,1.313914684e-13,8.377465215e-14,5.959331495e-13,4.991043319e-14,7.318054039e-13,3.841953758e-14
92.421875,2.294488518e-13,7.84934338e-14,8.499284733e-13,1.578579388e-13,4.228163055e-13,2.377118519e-13,2.185539777e-13,1.3852092e-13,4.651130379e-14,2.809655129e-13,2.400078133e-13,1.563771307e-13,1.643227851e-13,4.925959238e-13,4.742581305e-13,6.872247953e-13,5.22138996e-13,6.514145275e-13,3.528693445e-13,2.588876342e-13,4.905702357e-14,6.952665994e-14,5.63368898e-14,1.768193829e-13,1.901511627e-13,7.801709559e-14,1.323666115e-13,8.391167357e-14,5.968200296e-13,5.009211676e-14,7.327962152e-13,3.841819192e-14
92.4296875,2.301386337e-13,7.853856244e-14,8.498484818e-13,1.576018908e-13,4.217616489e-13,2.388293114e-13,2.183510806e-13,1.386883771e-13,4.652276579e-14,2.82335625e-13,2.399867796e-13,1.56634976e-13,1.644921964e-13,4.930649203e-13,4.739691137e-13,6.885497849e-13,5.232485756e-13,6.493535341e-13,3.550590295e-13,2.599744491e-13,4.938039059e-14,6.993422933e-14,5.618883034e-14,1.774571557e-13,1.897316412e-13,7.828878857e-14,1.333339711e-13,8.405213422e-14,5.975673589e-13,5.024677614e-14,7.333394948e-13,3.838405183e-14
92.4375,2.307818258e-13,7.860339135e-14,8.490006886e-13,1.572431326e-13,4.203201816e-13,2.397396405e-13,2.180322307e-13,1.388073742e-13,4.650987651e-14,2.838106986e-13,2.398244487e-13,1.567991094e-13,1.645459696e-13,4.930755172e-13,4.736245278e-13,6.900423033e-13,5.244175552e-13,6.470102267e-13,3.571075528e-13,2.608881051e-13,4.973439573e-14,7.02971523e-14,5.601226225e-14,1.781395166e-13,1.891828382e-13,7.858854859e-14,1.343423374e-13,8.422216359e-14,5.981016404e-13,5.035844458e-14,7.332122697e-13,3.83602046e-14
92.4453125,2.312475412e-13,7.876069866e-14,8.475422717e-13,1.569857701e-13,4.184961068e-13,2.405769206e-13,2.176916082e-13,1.389628731e-13,4.646926406e-14,2.852909855e-13,2.395450646e-13,1.568398026e-13,1.644522957e-13,4.926255384e-13,4.732361947e-13,6.919016154e-13,5.25738906e-13,6.444725972e-13,3.589126577e-13,2.618348899e-13,5.005151191e-14,7.059112212e-14,5.581834795e-14,1.788013458e-13,1.885412943e-13,7.892683971e-14,1.353404936e-13,8.438638111e-14,5.98316673e-13,5.042068348e-14,7.323957549e-13,3.835761669e-14
92.453125,2.317059832e-13,7.901640693e-14,8.456295611e-13,1.567937391e-13,4.167388511e-13,2.414364324e-13,2.172904943e-13,1.39150057e-13,4.644213844e-14,2.866913726e-13,2.392170074e-13,1.568154611e-13,1.643086889e-13,4.920539967e-13,4.726434967e-13,6.93795501e-13,5.271763693e-13,6.419257914e-13,3.605853718e-13,2.631451436e-13,5.035900243e-14,7.086650264e-14,5.560136209e-14,1.79409084e-13,1.878195761e-13,7.920820654e-14,1.362918125e-13,8.450113619e-14,5.981898379e-13,5.046402276e-14,7.311757568e-13,3.835788182e-14
92.4609375,2.321666707e-13,7.930659883e-14,8.431798588e-13,1.564468773e-13,4.150994335e-13,2.421985189e-13,2.168175724e-13,1.393086551e-13,4.644272694e-14,2.881247306e-13,2.388163009e-13,1.567639063e-13,1.641334355e-13,4.913603241e-13,4.719221678e-13,6.956366574e-13,5.286164743e-13,6.392989166e-13,3.62287304e-13,2.646261853e-13,5.067514322e-14,7.115295516e-14,5.537793683e-14,1.800422463e-13,1.870370097e-13,7.942640901e-14,1.372185519e-13,8.46299106e-14,5.977744994e-13,5.049943375e-14,7.294975023e-13,3.837000489e-14
92.46875,2.323768468e-13,7.966127002e-14,8.40075207e-13,1.560673056e-13,4.129921564e-13,2.427435298e-13,2.163602056e-13,1.394462413e-13,4.640775513e-14,2.897325648e-13,2.382645096e-13,1.566235182e-13,1.638094303e-13,4.902071046e-13,4.712292519e-13,6.976203306e-13,5.300572212e-13,6.363274353e-13,3.638767634e-13,2.65901998e-13,5.097044561e-14,7.13730079e-14,5.516981024e-14,1.80655438e-13,1.862011005e-13,7.968134841e-14,1.381671937e-13,8.486261395e-14,5.971515095e-13,5.048702649e-14,7.270969901e-13,3.839714644e-14
92.4765625,2.323917206e-13,8.014643392e-14,8.362145393e-13,1.558165908e-13,4.10244226e-13,2.430816816e-13,2.158791611e-13,1.395821865e-13,4.630270999e-14,2.914851678e-13,2.37516287e-13,1.563565865e-13,1.633069898e-13,4.885702306e-13,4.703524833e-13,6.995436515e-13,5.314582037e-13,6.329920824e-13,3.651898618e-13,2.669136238e-13,5.126075105e-14,7.14956816e-14,5.495226027e-14,1.811441719e-13,1.852584892e-13,7.998527029e-14,1.391788669e-13,8.518880342e-14,5.963895262e-13,5.040722393e-14,7.240730411e-13,3.842552582e-14
92.484375,2.323729891e-13,8.061422926e-14,8.316990967e-13,1.554871609e-13,4.073527358e-13,2.432460376e-13,2.15239429e-13,1.396910972e-13,4.619634123e-14,2.932915504e-13,2.36642521e-13,1.560715539e-13,1.627268135e-13,4.866468134e-13,4.691077292e-13,7.011741415e-13,5.32659613e-13,6.294384189e-13,3.663729701e-13,2.678648124e-13,5.15933074e-14,7.160670947e-14,5.467878643e-14,1.816015624e-13,1.841566341e-13,8.025448456e-14,1.401962234e-13,8.553494179e-14,5.954698935e-13,5.029739369e-14,7.20708187e-13,3.845436408e-14
92.4921875,2.322409122e-13,8.097115215e-14,8.26903304e-13,1.549683015e-13,4.045478026e-13,2.433459782e-13,2.144526597e-13,1.398021613e-13,4.613859712e-14,2.951437895e-13,2.35775988e-13,1.558552231e-13,1.62114457e-13,4.844686247e-13,4.677634233e-13,7.028316586e-13,5.337954783e-13,6.257518857e-13,3.675153785e-13,2.689809252e-13,5.198418106e-14,7.173186957e-14,5.434001664e-14,1.821223349e-13,1.829051937e-13,8.046469482e-14,1.411366561e-13,8.588311667e-14,5.942729701e-13,5.019805645e-14,7.170406577e-13,3.848723795e-14
92.5,2.320057838e-13,8.138333719e-14,8.21814721e-13,1.545217947e-13,4.015832655e-13,2.435284046e-13,2.136571725e-13,1.399825554e-13,4.607066052e-14,2.970598828e-13,2.348888989e-13,1.555918546e-13,1.614094567e-13,4.820410229e-13,4.665807961e-13,7.048731136e-13,5.35232817e-13,6.219950446e-13,3.684870951e-13,2.702810696e-13,5.240759696e-14,7.180176549e-14,5.397260308e-14,1.82616997e-13,1.815694917e-13,8.067421883e-14,1.42096503e-13,8.626202475e-14,5.928010412e-13,5.009020797e-14,7.128836455e-13,3.852892733e-14
92.5078125,2.317357786e-13,8.190923785e-14,8.16047446e-13,1.543532995e-13,3.983910225e-13,2.437018183e-13,2.129174595e-13,1.401923636e-13,4.594044493e-14,2.990157636e-13,2.338582227e-13,1.551654389e-13,1.60569674e-13,4.794336267e-13,4.654542363e-13,7.071664045e-13,5.36936966e-13,6.181057178e-13,3.693004651e-13,2.716609742e-13,5.28099201e-14,7.179993693e-14,5.361577537e-14,1.830310704e-13,1.802050376e-13,8.091964183e-14,1.431815437e-13,8.66820119e-14,5.911404337e-13,4.99222201e-14,7.080848466e-13,3.858326092e-14
92.515625,2.313946929e-13,8.242235802e-14,8.097340657e-13,1.543636698e-13,3.951842279e-13,2.437070456e-13,2.121622396e-13,1.403498976e-13,4.579078879e-14,3.010098795e-13,2.327253329e-13,1.546659843e-13,1.596224437e-13,4.766775351e-13,4.642120531e-13,7.094263934e-13,5.386349023e-13,6.139979536e-13,3.700756036e-13,2.731501759e-13,5.318776357e-14,7.177008988e-14,5.325973898e-14,1.834049088e-13,1.787680067e-13,8.11593607e-14,1.442402652e-13,8.716453406e-14,5.891531953e-13,4.97016864e-14,7.027055573e-13,3.863400118e-14
92.5234375,2.310396175e-13,8.292822016e-14,8.032373104e-13,1.543122303e-13,3.920183011e-13,2.436650596e-13,2.113120506e-13,1.404981002e-13,4.567766441e-14,3.030652653e-13,2.315757077e-13,1.542074586e-13,1.586221839e-13,4.737791823e-13,4.628216949e-13,7.115808556e-13,5.403361379e-13,6.098043546e-13,3.707979573e-13,2.74779724e-13,5.36013978e-14,7.173951253e-14,5.28696899e-14,1.837808551e-13,1.771971709e-13,8.134584729e-14,1.45147429e-13,8.771993676e-14,5.86805763e-13,4.946891837e-14,6.969663254e-13,3.867708674e-14
92.53125,2.306279989e-13,8.361847902e-14,7.96400252e-13,1.540927252e-13,3.887224289e-13,2.43669494e-13,2.103849871e-13,1.407094961e-13,4.559702209e-14,3.051442374e-13,2.303619775e-13,1.537741278e-13,1.576281417e-13,4.706524226e-13,4.613228238e-13,7.137386814e-13,5.420705771e-13,6.055810684e-13,3.714618695e-13,2.764183364e-13,5.40521549e-14,7.171425791e-14,5.244942186e-14,1.842311696e-13,1.755479488e-13,8.151934269e-14,1.460907564e-13,8.830300088e-14,5.845053415e-13,4.920222084e-14,6.909959761e-13,3.87406827e-14
92.5390625,2.299996585e-13,8.462749082e-14,7.890613685e-13,1.538778518e-13,3.851996933e-13,2.435722995e-13,2.094366861e-13,1.409331615e-13,4.550644043e-14,3.072364806e-13,2.290536008e-13,1.533154522e-13,1.566314047e-13,4.671531191e-13,4.598347495e-13,7.161238008e-13,5.437856455e-13,6.01195293e-13,3.721092879e-13,2.779733579e-13,5.449793491e-14,7.167185524e-14,5.201756496e-14,1.847164561e-13,1.738845283e-13,8.173757588e-14,1.471948356e-13,8.890866626e-14,5.824095946e-13,4.887233139e-14,6.84637207e-13,3.882854465e-14
92.546875,2.292352467e-13,8.580281649e-14,7.813206883e-13,1.538483514e-13,3.814903465e-13,2.433387752e-13,2.084781844e-13,1.41119374e-13,4.537578189e-14,3.09426591e-13,2.276534908e-13,1.527828699e-13,1.5551017e-13,4.632986862e-13,4.584304732e-13,7.188880405e-13,5.456341971e-13,5.967004321e-13,3.726443459e-13,2.795130353e-13,5.496914371e-14,7.157428212e-14,5.156957797e-14,1.85079751e-13,1.721744984e-13,8.197312328e-14,1.482593282e-13,8.956537432e-14,5.801160983e-13,4.850516271e-14,6.776221223e-13,3.892192515e-14
92.5546875,2.283701635e-13,8.689343414e-14,7.730015456e-13,1.53935791e-13,3.775803898e-13,2.430050171e-13,2.074740476e-13,1.413291952e-13,4.522110297e-14,3.116979691e-13,2.260904609e-13,1.521412298e-13,1.542005967e-13,4.591685585e-13,4.569672281e-13,7.218799723e-13,5.476591249e-13,5.922121303e-13,3.72941941e-13,2.811754614e-13,5.549614908e-14,7.14178103e-14,5.111628997e-14,1.853827502e-13,1.703844172e-13,8.218936334e-14,1.491524097e-13,9.022675856e-14,5.774495137e-13,4.811019159e-14,6.699676294e-13,3.903251488e-14
92.5625,2.273774532e-13,8.795019146e-14,7.639780529e-13,1.540701245e-13,3.734524837e-13,2.425373111e-13,2.063972622e-13,1.415865178e-13,4.506998592e-14,3.139326386e-13,2.243575412e-13,1.514202275e-13,1.528105018e-13,4.547936564e-13,4.553685429e-13,7.249081818e-13,5.497155947e-13,5.877013795e-13,3.730399654e-13,2.830464016e-13,5.603598543e-14,7.121840717e-14,5.068063623e-14,1.857775453e-13,1.685229913e-13,8.239658216e-14,1.499887958e-13,9.088266652e-14,5.745888803e-13,4.767805035e-14,6.619081059e-13,3.916249885e-14
92.5703125,2.265830935e-13,8.913801432e-14,7.545937967e-13,1.543381411e-13,3.692329475e-13,2.421219175e-13,2.052942457e-13,1.418268675e-13,4.490700015e-14,3.16154285e-13,2.22551396e-13,1.506354807e-13,1.514264377e-13,4.503092369e-13,4.53819856e-13,7.280630033e-13,5.519524788e-13,5.832291881e-13,3.730520255e-13,2.850109715e-13,5.655687333e-14,7.098278968e-14,5.024738659e-14,1.86142525e-13,1.666069077e-13,8.258371443e-14,1.508216144e-13,9.161847745e-14,5.715084341e-13,4.72351467e-14,6.534831358e-13,3.927531298e-14
92.578125,2.259930617e-13,9.039303273e-14,7.450271043e-13,1.54747308e-13,3.649725895e-13,2.418591899e-13,2.042117588e-13,1.420313031e-13,4.471067029e-14,3.184359283e-13,2.207136837e-13,1.497824796e-13,1.499927e-13,4.457646651e-13,4.523727921e-13,7.314241352e-13,5.544759501e-13,5.788208966e-13,3.730272975e-13,2.868447931e-13,5.705788903e-14,7.071900483e-14,4.979104842e-14,1.863596813e-13,1.646587395e-13,8.274447127e-14,1.516242293e-13,9.241802839e-14,5.682120749e-13,4.678482536e-14,6.446387323e-13,3.936428983e-14
92.5859375,2.25080063e-13,9.168120914e-14,7.351273887e-13,1.552221089e-13,3.605750645e-13,2.41416064e-13,2.031063179e-13,1.422314379e-13,4.450143775e-14,3.207457023e-13,2.188620628e-13,1.489547818e-13,1.484838849e-13,4.410208491e-13,4.508991107e-13,7.34907009e-13,5.570464967e-13,5.743865262e-13,3.729141736e-13,2.885838416e-13,5.755222662e-14,7.042443023e-14,4.931925007e-14,1.865384886e-13,1.626910401e-13,8.292411677e-14,1.524754322e-13,9.3158305e-14,5.650036779e-13,4.62889563e-14,6.355391192e-13,3.945792871e-14
92.59375,2.239090736e-13,9.311940319e-14,7.249361053e-13,1.557859414e-13,3.5610869e-13,2.407384386e-13,2.019617456e-13,1.424551938e-13,4.43083218e-14,3.231169219e-13,2.170157375e-13,1.482030528e-13,1.469819225e-13,4.361663083e-13,4.495180166e-13,7.386197187e-13,5.597340693e-13,5.700684083e-13,3.726250344e-13,2.905545559e-13,5.808625834e-14,7.009752209e-14,4.884439683e-14,1.867399445e-13,1.607121289e-13,8.31432684e-14,1.534260872e-13,9.383669894e-14,5.61965346e-13,4.575151988e-14,6.26327157e-13,3.956498452e-14
92.6015625,2.228561154e-13,9.462122009e-14,7.144650274e-13,1.564348629e-13,3.516256156e-13,2.401327859e-13,2.008091795e-13,1.427218647e-13,4.412777788e-14,3.256003715e-13,2.150849334e-13,1.473701135e-13,1.45479084e-13,4.313170495e-13,4.483180482e-13,7.426504111e-13,5.626975483e-13,5.658889992e-13,3.721783312e-13,2.928531301e-13,5.864772519e-14,6.976376405e-14,4.835911116e-14,1.869625545e-13,1.587078785e-13,8.337373431e-14,1.543817403e-13,9.458594734e-14,5.588090968e-13,4.520483933e-14,6.168347219e-13,3.968916067e-14
92.609375,2.216106351e-13,9.597475583e-14,7.034822688e-13,1.570810207e-13,3.468774253e-13,2.394436312e-13,1.995894566e-13,1.4297894e-13,4.392090935e-14,3.280797801e-13,2.129932553e-13,1.463344011e-13,1.438223108e-13,4.261587062e-13,4.469704715e-13,7.466064371e-13,5.655009468e-13,5.61428087e-13,3.716620874e-13,2.951226806e-13,5.915714884e-14,6.942102382e-14,4.785446077e-14,1.872176582e-13,1.566064047e-13,8.359192324e-14,1.552529083e-13,9.546081151e-14,5.553567749e-13,4.464750294e-14,6.068293488e-13,3.983313334e-14
92.6171875,2.199744073e-13,9.733010792e-14,6.920945816e-13,1.578043602e-13,3.418665541e-13,2.384607897e-13,1.982862146e-13,1.431820031e-13,4.3661656e-14,3.305239113e-13,2.108300018e-13,1.45210307e-13,1.419878912e-13,4.20591925e-13,4.454169619e-13,7.503524966e-13,5.680195938e-13,5.566892334e-13,3.710624883e-13,2.971721542e-13,5.964788616e-14,6.902954366e-14,4.732944971e-14,1.874206611e-13,1.54411091e-13,8.379871244e-14,1.560697846e-13,9.636057263e-14,5.517047096e-13,4.407527966e-14,5.963646161e-13,3.997819686e-14
92.625,2.183682138e-13,9.905423553e-14,6.807687286e-13,1.587575969e-13,3.36985171e-13,2.37559207e-13,1.970456212e-13,1.434365118e-13,4.339080394e-14,3.33087497e-13,2.086868938e-13,1.441357227e-13,1.40164506e-13,4.151091954e-13,4.442380393e-13,7.546291837e-13,5.709553621e-13,5.522641922e-13,3.703351148e-13,2.993358395e-13,6.022489166e-14,6.859878782e-14,4.678383137e-14,1.875715437e-13,1.522569011e-13,8.402752263e-14,1.56924919e-13,9.722039949e-14,5.48049233e-13,4.350457775e-14,5.857184631e-13,4.013163707e-14
92.6328125,2.169387711e-13,1.010664876e-13,6.696378964e-13,1.598361311e-13,3.322264861e-13,2.369779165e-13,1.959312265e-13,1.437750107e-13,4.314314274e-14,3.357640468e-13,2.065473934e-13,1.430893364e-13,1.384343855e-13,4.099197617e-13,4.436936644e-13,7.597958192e-13,5.745313081e-13,5.482451164e-13,3.695284088e-13,3.017847933e-13,6.086655707e-14,6.816791391e-14,4.622450052e-14,1.877770514e-13,1.501773393e-13,8.428965327e-14,1.578186093e-13,9.812424527e-14,5.444241086e-13,4.294373475e-14,5.750415072e-13,4.031808394e-14
92.640625,2.155307183e-13,1.029369307e-13,6.584368697e-13,1.608878866e-13,3.272853991e-13,2.364932399e-13,1.948506199e-13,1.440274592e-13,4.287140611e-14,3.384465269e-13,2.043908498e-13,1.419987577e-13,1.366789533e-13,4.04723298e-13,4.433382951e-13,7.651224661e-13,5.782557857e-13,5.442530289e-13,3.686581353e-13,3.041873959e-13,6.150296586e-14,6.772625859e-14,4.567069388e-14,1.879432431e-13,1.480682254e-13,8.452886487e-14,1.586561655e-13,9.913226585e-14,5.405873828e-13,4.239055003e-14,5.642484987e-13,4.050257537e-14
92.6484375,2.141390437e-13,1.046466341e-13,6.469633884e-13,1.619994428e-13,3.22252407e-13,2.359728121e-13,1.937680271e-13,1.441714841e-13,4.255610252e-14,3.412101341e-13,2.022109389e-13,1.408711872e-13,1.348574697e-13,3.993910728e-13,4.429321039e-13,7.703153818e-13,5.820620309e-13,5.402874541e-13,3.676887713e-13,3.06409045e-13,6.213805383e-14,6.726267635e-14,4.513225944e-14,1.879922592e-13,1.459256882e-13,8.473311347e-14,1.594561865e-13,1.002092526e-13,5.364921452e-13,4.183694248e-14,5.532735688e-13,4.065431873e-14
92.65625,2.126801239e-13,1.064819463e-13,6.352964906e-13,1.632505583e-13,3.172569772e-13,2.354110752e-13,1.927120418e-13,1.443677186e-13,4.225612724e-14,3.440637558e-13,1.999924144e-13,1.397498294e-13,1.330536822e-13,3.939809737e-13,4.42719357e-13,7.759994026e-13,5.861575242e-13,5.364975008e-13,3.666740035e-13,3.087372235e-13,6.277233851e-14,6.680183703e-14,4.460283008e-14,1.880869197e-13,1.438197132e-13,8.495938701e-14,1.603094201e-13,1.01340742e-13,5.325178387e-13,4.127107492e-14,5.421609626e-13,4.082318265e-14
92.6640625,2.1112643e-13,1.084359605e-13,6.237038474e-13,1.646267216e-13,3.121306332e-13,2.348610479e-13,1.916806932e-13,1.446082148e-13,4.197682752e-14,3.468307953e-13,1.977630964e-13,1.386114031e-13,1.312863542e-13,3.884616813e-13,4.427464203e-13,7.822031886e-13,5.903746225e-13,5.328030411e-13,3.656518018e-13,3.113068299e-13,6.341002385e-14,6.633380004e-14,4.407987269e-14,1.88237296e-13,1.417260803e-13,8.518810514e-14,1.611725501e-13,1.025186165e-13,5.287545248e-13,4.070074821e-14,5.309211525e-13,4.102523683e-14
92.671875,2.096755027e-13,1.104074301e-13,6.1230809e-13,1.661847381e-13,3.068812525e-13,2.34503673e-13,1.90663052e-13,1.447959087e-13,4.166508625e-14,3.495135307e-13,1.955785526e-13,1.374137762e-13,1.295146651e-13,3.828758717e-13,4.428108992e-13,7.88309573e-13,5.946148103e-13,5.292284101e-13,3.645305843e-13,3.139439838e-13,6.410301158e-14,6.58198307e-14,4.355472884e-14,1.883059161e-13,1.396051333e-13,8.536637854e-14,1.620178332e-13,1.037020572e-13,5.248163829e-13,4.014299554e-14,5.195649975e-13,4.11914023e-14
92.6796875,2.082941892e-13,1.124350821e-13,6.009568646e-13,1.678839824e-13,3.016608096e-13,2.342973857e-13,1.896518663e-13,1.449486158e-13,4.131560028e-14,3.522640026e-13,1.934609224e-13,1.361970076e-13,1.277406795e-13,3.773728512e-13,4.429549504e-13,7.943131063e-13,5.990446033e-13,5.258990065e-13,3.632718405e-13,3.16465996e-13,6.484474287e-14,6.526431928e-14,4.301344862e-14,1.883444711e-13,1.374897566e-13,8.554754296e-14,1.629417806e-13,1.04890343e-13,5.206631462e-13,3.959247112e-14,5.081623916e-13,4.130377059e-14
92.6875,2.068477344e-13,1.145663431e-13,5.89555257e-13,1.696145075e-13,2.964238681e-13,2.340175944e-13,1.886696262e-13,1.450616701e-13,4.094353769e-14,3.550637196e-13,1.913983447e-13,1.350003551e-13,1.259972842e-13,3.72032824e-13,4.43358673e-13,8.006069092e-13,6.036617511e-13,5.227997802e-13,3.619842573e-13,3.188355834e-13,6.556693613e-14,6.469932018e-14,4.248063461e-14,1.883707225e-13,1.354145009e-13,8.579651005e-14,1.639400443e-13,1.061444682e-13,5.166142173e-13,3.903809165e-14,4.967348652e-13,4.142276326e-14
92.6953125,2.05515841e-13,1.16962791e-13,5.781639756e-13,1.714863452e-13,2.911738382e-13,2.337190766e-13,1.87761553e-13,1.451029677e-13,4.054786319e-14,3.57838066e-13,1.893598609e-13,1.337793397e-13,1.242952071e-13,3.668184707e-13,4.439937206e-13,8.071990349e-13,6.083486236e-13,5.199279277e-13,3.607756321e-13,3.211252911e-13,6.626306961e-14,6.414387809e-14,4.198823071e-14,1.882719805e-13,1.333884571e-13,8.608775167e-14,1.649278556e-13,1.07528402e-13,5.126322185e-13,3.848234876e-14,4.852829447e-13,4.156749361e-14
92.703125,2.04405707e-13,1.196142993e-13,5.667694453e-13,1.73572312e-13,2.860592725e-13,2.335624399e-13,1.869002242e-13,1.451253159e-13,4.015072218e-14,3.606259594e-13,1.87315002e-13,1.325160052e-13,1.22628164e-13,3.616598736e-13,4.447729094e-13,8.138809349e-13,6.130912394e-13,5.173125269e-13,3.596555366e-13,3.233972276e-13,6.696952877e-14,6.361069279e-14,4.15076102e-14,1.880955092e-13,1.314182797e-13,8.63793101e-14,1.659068825e-13,1.090166185e-13,5.085256919e-13,3.792818663e-14,4.738844023e-13,4.169921257e-14
92.7109375,2.033796863e-13,1.22109959e-13,5.553132663e-13,1.757266233e-13,2.810796052e-13,2.335201798e-13,1.860285453e-13,1.451760014e-13,3.977408095e-14,3.634406425e-13,1.852508468e-13,1.312434308e-13,1.210103511e-13,3.565806844e-13,4.457678241e-13,8.206099394e-13,6.179499192e-13,5.148877455e-13,3.585428661e-13,3.257283639e-13,6.769595516e-14,6.309730131e-14,4.100674598e-14,1.879567853e-13,1.294929368e-13,8.665643924e-14,1.66872865e-13,1.105037265e-13,5.0442408e-13,3.73737546e-14,4.625575885e-13,4.180764701e-14
92.71875,2.02426242e-13,1.244357113e-13,5.438036819e-13,1.779695887e-13,2.760928469e-13,2.335269522e-13,1.851652555e-13,1.45264733e-13,3.940649628e-14,3.662131414e-13,1.83165716e-13,1.299478981e-13,1.194282531e-13,3.516114671e-13,4.470619105e-13,8.27576272e-13,6.230454936e-13,5.126249427e-13,3.573456913e-13,3.282809472e-13,6.844298445e-14,6.257748173e-14,4.051220756e-14,1.878773953e-13,1.275897113e-13,8.692442121e-14,1.678280586e-13,1.119655472e-13,5.004293226e-13,3.681521957e-14,4.511902618e-13,4.19264266e-14
92.7265625,2.015633623e-13,1.269946767e-13,5.323297175e-13,1.804299295e-13,2.710601257e-13,2.335501845e-13,1.843448887e-13,1.45382037e-13,3.903412966e-14,3.689331558e-13,1.810883766e-13,1.286374227e-13,1.178184667e-13,3.467062972e-13,4.48609455e-13,8.348768702e-13,6.283760674e-13,5.105847846e-13,3.560714863e-13,3.310666263e-13,6.920404084e-14,6.204002089e-14,4.004070114e-14,1.878449118e-13,1.257094264e-13,8.721669295e-14,1.688791235e-13,1.13442166e-13,4.964386408e-13,3.62525539e-14,4.39786792e-13,4.205880409e-14
92.734375,2.007180962e-13,1.296802734e-13,5.210354713e-13,1.830346144e-13,2.661002883e-13,2.335982653e-13,1.83574067e-13,1.454603543e-13,3.865127702e-14,3.717242539e-13,1.790653873e-13,1.273794199e-13,1.162032265e-13,3.419289998e-13,4.50348075e-13,8.422600814e-13,6.33763621e-13,5.088242732e-13,3.547831063e-13,3.338459773e-13,6.995404771e-14,6.150389158e-14,3.956759638e-14,1.877591282e-13,1.238766013e-13,8.755010947e-14,1.700660603e-13,1.149164366e-13,4.925424129e-13,3.569109407e-14,4.285219307e-13,4.216106439e-14
92.7421875,1.999206786e-13,1.32307978e-13,5.099012499e-13,1.857317733e-13,2.612607915e-13,2.337168552e-13,1.828569338e-13,1.454938176e-13,3.824906588e-14,3.746780401e-13,1.770884167e-13,1.26141284e-13,1.146708267e-13,3.373404052e-13,4.523070175e-13,8.49667433e-13,6.391993145e-13,5.073942788e-13,3.53488982e-13,3.36470026e-13,7.068484082e-14,6.097552357e-14,3.909064684e-14,1.875436231e-13,1.221098785e-13,8.790031588e-14,1.712874854e-13,1.164251698e-13,4.889399824e-13,3.512771202e-14,4.174252519e-13,4.22309699e-14
92.75,1.991680903e-13,1.351371935e-13,4.987944121e-13,1.886265536e-13,2.564201896e-13,2.338768706e-13,1.821708425e-13,1.455631838e-13,3.782709948e-14,3.776546524e-13,1.751198598e-13,1.248421968e-13,1.132029519e-13,3.328015865e-13,4.545617158e-13,8.574423373e-13,6.448242637e-13,5.063037724e-13,3.521703803e-13,3.390330897e-13,7.14297398e-14,6.043906662e-14,3.863290289e-14,1.872986144e-13,1.204117189e-13,8.825912932e-14,1.72487425e-13,1.180567183e-13,4.855340684e-13,3.456249231e-14,4.063699596e-13,4.23199618e-14
92.7578125,1.984027713e-13,1.381102839e-13,4.878161693e-13,1.917796264e-13,2.515999771e-13,2.340980437e-13,1.81511947e-13,1.45645808e-13,3.740027401e-14,3.804681054e-13,1.731585683e-13,1.235395862e-13,1.117446889e-13,3.283061295e-13,4.571127389e-13,8.656094664e-13,6.506129864e-13,5.055109754e-13,3.508067268e-13,3.416205969e-13,7.222524876e-14,5.989565169e-14,3.819500573e-14,1.870537594e-13,1.187740885e-13,8.864756646e-14,1.737107147e-13,1.197482031e-13,4.820684647e-13,3.400847769e-14,3.953616985e-13,4.243739029e-14
92.765625,1.97752996e-13,1.40935842e-13,4.770997913e-13,1.950772077e-13,2.469465049e-13,2.344828556e-13,1.809195869e-13,1.45681259e-13,3.698314697e-14,3.831411082e-13,1.711922402e-13,1.222859302e-13,1.102906866e-13,3.239956585e-13,4.59832126e-13,8.738779446e-13,6.564611481e-13,5.049684222e-13,3.493471987e-13,3.441347944e-13,7.304657192e-14,5.935913514e-14,3.776090173e-14,1.867368443e-13,1.171719913e-13,8.907066899e-14,1.74986328e-13,1.213647354e-13,4.784086703e-13,3.346378575e-14,3.844713393e-13,4.255344092e-14
92.7734375,1.97262542e-13,1.437851688e-13,4.66585876e-13,1.982645026e-13,2.423395632e-13,2.349666845e-13,1.803743898e-13,1.457078631e-13,3.656579127e-14,3.857483907e-13,1.692112521e-13,1.210088363e-13,1.088170227e-13,3.197920924e-13,4.626979945e-13,8.822878667e-13,6.623557661e-13,5.046191467e-13,3.47776497e-13,3.465038506e-13,7.383649958e-14,5.882149094e-14,3.732573472e-14,1.864235521e-13,1.155870412e-13,8.951665209e-14,1.762383301e-13,1.228969336e-13,4.745744072e-13,3.293080618e-14,3.736954636e-13,4.266162728e-14
92.78125,1.967667548e-13,1.468597509e-13,4.563412839e-13,2.013651086e-13,2.376246089e-13,2.354788937e-13,1.79844283e-13,1.457213125e-13,3.612029501e-14,3.883068247e-13,1.673011631e-13,1.197040698e-13,1.073573555e-13,3.156505563e-13,4.659879131e-13,8.910869982e-13,6.684039194e-13,5.044996254e-13,3.461535032e-13,3.489185874e-13,7.460920138e-14,5.826922631e-14,3.68932013e-14,1.861633392e-13,1.14054795e-13,8.997954804e-14,1.773671092e-13,1.244183279e-13,4.707743034e-13,3.243092525e-14,3.630840883e-13,4.275225888e-14
92.7890625,1.963431283e-13,1.500573938e-13,4.464548521e-13,2.047908521e-13,2.329707936e-13,2.361382152e-13,1.793679904e-13,1.456682113e-13,3.564565589e-14,3.908629112e-13,1.655527003e-13,1.184338299e-13,1.059938113e-13,3.117538784e-13,4.698106147e-13,9.00257802e-13,6.747268505e-13,5.047299175e-13,3.445270143e-13,3.514758827e-13,7.54283093e-14,5.771786659e-14,3.646284256e-14,1.85830752e-13,1.126142853e-13,9.045042538e-14,1.784436957e-13,1.259728716e-13,4.671753594e-13,3.194590072e-14,3.527028901e-13,4.281531147e-14
92.796875,1.961788191e-13,1.532931181e-13,4.367366163e-13,2.085247101e-13,2.285308179e-13,2.369314429e-13,1.789202072e-13,1.455864721e-13,3.517787102e-14,3.933833231e-13,1.639262984e-13,1.171688481e-13,1.047008464e-13,3.081651036e-13,4.737829245e-13,9.094566909e-13,6.81136536e-13,5.052959721e-13,3.429100027e-13,3.539004371e-13,7.629366407e-14,5.720179208e-14,3.603775254e-14,1.853911578e-13,1.11228855e-13,9.091443785e-14,1.796133119e-13,1.275511292e-13,4.636217886e-13,3.145389174e-14,3.425758889e-13,4.288022597e-14
92.8046875,1.961346183e-13,1.565279021e-13,4.270703017e-13,2.12094621e-13,2.242220875e-13,2.376984576e-13,1.78439487e-13,1.4552037e-13,3.474285117e-14,3.958079914e-13,1.623270902e-13,1.158899312e-13,1.034585114e-13,3.048260671e-13,4.777298807e-13,9.184647506e-13,6.873901527e-13,5.061480398e-13,3.413123443e-13,3.56160509e-13,7.714317763e-14,5.673448589e-14,3.563462244e-14,1.849442409e-13,1.098671892e-13,9.138511693e-14,1.808309313e-13,1.291496463e-13,4.600249826e-13,3.099843678e-14,3.327790882e-13,4.295973784e-14
92.8125,1.960214903e-13,1.597552944e-13,4.176076101e-13,2.15611118e-13,2.199593526e-13,2.384359467e-13,1.780189738e-13,1.454568003e-13,3.432485875e-14,3.982637671e-13,1.60714404e-13,1.146324788e-13,1.023006939e-13,3.016420005e-13,4.819744225e-13,9.276059639e-13,6.937464583e-13,5.073039711e-13,3.397187718e-13,3.586225661e-13,7.793851586e-14,5.628660551e-14,3.52591246e-14,1.845488281e-13,1.085846622e-13,9.190653081e-14,1.820024246e-13,1.307792816e-13,4.565925455e-13,3.059407574e-14,3.23249661e-13,4.302938813e-14
92.8203125,1.958692999e-13,1.62974771e-13,4.084835645e-13,2.195476199e-13,2.157639766e-13,2.392062492e-13,1.777341243e-13,1.453913053e-13,3.388952231e-14,4.007945748e-13,1.59099762e-13,1.133688546e-13,1.011579408e-13,2.984268026e-13,4.865842541e-13,9.371677027e-13,7.003995692e-13,5.086229168e-13,3.381061291e-13,3.612787407e-13,7.871403669e-14,5.582353497e-14,3.488732513e-14,1.841864984e-13,1.074095737e-13,9.249299689e-14,1.831975758e-13,1.323932699e-13,4.532906725e-13,3.019426664e-14,3.137759726e-13,4.309436911e-14
92.828125,1.958002081e-13,1.660967431e-13,3.996880907e-13,2.2381102e-13,2.117284481e-13,2.400431072e-13,1.774575498e-13,1.452889219e-13,3.342835574e-14,4.031855759e-13,1.575213204e-13,1.120847102e-13,1.000231296e-13,2.952577556e-13,4.913566721e-13,9.468804212e-13,7.069981565e-13,5.100018497e-13,3.364894385e-13,3.638162262e-13,7.954184965e-14,5.535416604e-14,3.45058195e-14,1.837583565e-13,1.062822219e-13,9.311716987e-14,1.844488309e-13,1.339940907e-13,4.498535674e-13,2.979900242e-14,3.044268771e-13,4.316698703e-14
92.8359375,1.959826543e-13,1.692224589e-13,3.910896206e-13,2.281026366e-13,2.078709504e-13,2.409868817e-13,1.771193603e-13,1.450994431e-13,3.29605603e-14,4.054035157e-13,1.560075941e-13,1.108420196e-13,9.903105718e-14,2.924439955e-13,4.963511975e-13,9.565632054e-13,7.13465153e-13,5.116354195e-13,3.348854266e-13,3.661890512e-13,8.043357908e-14,5.490248873e-14,3.413842407e-14,1.832005783e-13,1.051769087e-13,9.376561904e-14,1.856544039e-13,1.357000249e-13,4.463438322e-13,2.943277797e-14,2.954375164e-13,4.32243868e-14
92.84375,1.964257839e-13,1.726222475e-13,3.826037706e-13,2.324571323e-13,2.04081027e-13,2.419435622e-13,1.768250701e-13,1.448655647e-13,3.250275492e-14,4.076823066e-13,1.545374456e-13,1.096647153e-13,9.815532247e-14,2.899425882e-13,5.015419757e-13,9.662974228e-13,7.200886396e-13,5.135636319e-13,3.332917185e-13,3.684167721e-13,8.133430269e-14,5.447061645e-14,3.380212798e-14,1.826087365e-13,1.041244055e-13,9.444167946e-14,1.868131014e-13,1.375069139e-13,4.42947849e-13,2.908924026e-14,2.867947022e-13,4.326159543e-14
92.8515625,1.968408404e-13,1.762512167e-13,3.742689851e-13,2.369489702e-13,2.003343654e-13,2.427668773e-13,1.765947969e-13,1.446629789e-13,3.20621619e-14,4.100823982e-13,1.530768478e-13,1.085257657e-13,9.726800902e-14,2.874744362e-13,5.067031285e-13,9.759733722e-13,7.267484475e-13,5.155459518e-13,3.317067484e-13,3.705445798e-13,8.221634148e-14,5.405766831e-14,3.348236685e-14,1.820706255e-13,1.03118721e-13,9.51438927e-14,1.880349253e-13,1.392669545e-13,4.396001344e-13,2.877002112e-14,2.783908325e-13,4.330012095e-14
92.859375,1.970995702e-13,1.798439469e-13,3.660517357e-13,2.415468945e-13,1.966761563e-13,2.435047716e-13,1.763331205e-13,1.444797485e-13,3.162851296e-14,4.124654804e-13,1.516650135e-13,1.073962515e-13,9.640674509e-14,2.849817399e-13,5.119297916e-13,9.855827358e-13,7.332811526e-13,5.175856057e-13,3.301134551e-13,3.727547639e-13,8.309536094e-14,5.366085613e-14,3.317458178e-14,1.815439116e-13,1.021480637e-13,9.588501728e-14,1.8932739e-13,1.409467998e-13,4.362098699e-13,2.846391536e-14,2.701892464e-13,4.334143703e-14
92.8671875,1.97504703e-13,1.833241561e-13,3.580629896e-13,2.462656364e-13,1.931366682e-13,2.443559703e-13,1.76044849e-13,1.442418027e-13,3.117833862e-14,4.14774562e-13,1.50385392e-13,1.06270209e-13,9.566858371e-14,2.826281839e-13,5.174152112e-13,9.952735219e-13,7.398990988e-13,5.199414594e-13,3.285188764e-13,3.749542256e-13,8.399492655e-14,5.327688694e-14,3.289728969e-14,1.809556099e-13,1.012543015e-13,9.666184452e-14,1.906051082e-13,1.42623001e-13,4.327991613e-13,2.815229934e-14,2.622124392e-13,4.337460345e-14
92.875,1.982783084e-13,1.86820182e-13,3.506244502e-13,2.511620603e-13,1.898612354e-13,2.454756563e-13,1.758302877e-13,1.439202932e-13,3.072695661e-14,4.170525087e-13,1.492061185e-13,1.051969109e-13,9.50928558e-14,2.806226166e-13,5.231270359e-13,1.00498831e-12,7.466161013e-13,5.227035906e-13,3.269732445e-13,3.770125664e-13,8.49182374e-14,5.292201906e-14,3.265222039e-14,1.802620363e-13,1.004661167e-13,9.742711741e-14,1.918489629e-13,1.443492733e-13,4.294460223e-13,2.78651674e-14,2.546045144e-13,4.338953426e-14
92.8828125,1.991860556e-13,1.904191316e-13,3.435827741e-13,2.561706266e-13,1.868506606e-13,2.467626414e-13,1.757195646e-13,1.435802454e-13,3.031435603e-14,4.193620302e-13,1.479998695e-13,1.041857754e-13,9.463982048e-14,2.788874709e-13,5.290543519e-13,1.014734751e-12,7.532747898e-13,5.256677526e-13,3.254744681e-13,3.791639251e-13,8.580290912e-14,5.259942014e-14,3.242478539e-14,1.795279645e-13,9.97506519e-14,9.817045092e-14,1.931295354e-13,1.461239184e-13,4.262462909e-13,2.760922273e-14,2.47369214e-13,4.337606195e-14
92.890625,2.000353595e-13,1.93968649e-13,3.364936683e-13,2.610892921e-13,1.83878572e-13,2.479525322e-13,1.756393882e-13,1.43273205e-13,2.993197494e-14,4.21733224e-13,1.467698827e-13,1.031744348e-13,9.419193277e-14,2.771315978e-13,5.351243392e-13,1.024530551e-12,7.59963405e-13,5.286191294e-13,3.240126259e-13,3.813473105e-13,8.659801464e-14,5.230072389e-14,3.221994702e-14,1.788949536e-13,9.906898707e-14,9.893067003e-14,1.944904267e-13,1.478986049e-13,4.231251938e-13,2.734332458e-14,2.403272451e-13,4.333940595e-14
92.8984375,2.011296901e-13,1.973619639e-13,3.294705797e-13,2.659900043e-13,1.810155961e-13,2.490885699e-13,1.755389229e-13,1.429426218e-13,2.954993594e-14,4.240943895e-13,1.4561369e-13,1.021726407e-13,9.375579221e-14,2.754838901e-13,5.412400433e-13,1.034193185e-12,7.667100611e-13,5.31691985e-13,3.226325131e-13,3.832426486e-13,8.738110644e-14,5.204956404e-14,3.204673215e-14,1.783326787e-13,9.842106082e-14,9.96987386e-14,1.958636192e-13,1.496647472e-13,4.198987351e-13,2.707345231e-14,2.335560436e-13,4.329325974e-14
92.90625,2.02601705e-13,2.008066311e-13,3.228022711e-13,2.711723652e-13,1.784002853e-13,2.503843317e-13,1.754740425e-13,1.42544674e-13,2.91686722e-14,4.263740597e-13,1.445200456e-13,1.012134207e-13,9.34173511e-14,2.742002597e-13,5.475625871e-13,1.043871526e-12,7.734073805e-13,5.350478684e-13,3.212541425e-13,3.850845663e-13,8.823518065e-14,5.18361076e-14,3.189481983e-14,1.777107492e-13,9.781914838e-14,1.004588471e-13,1.97169483e-13,1.514251719e-13,4.165843348e-13,2.682472848e-14,2.271665617e-13,4.325195606e-14
92.9140625,2.039867062e-13,2.044016417e-13,3.164584952e-13,2.764665309e-13,1.757952631e-13,2.517022909e-13,1.754951386e-13,1.421202329e-13,2.879414343e-14,4.286353998e-13,1.434776871e-13,1.002701612e-13,9.310171151e-14,2.730409746e-13,5.540830752e-13,1.0537841e-12,7.801066914e-13,5.384683447e-13,3.19746749e-13,3.871127221e-13,8.911758356e-14,5.160410778e-14,3.176488557e-14,1.770560833e-13,9.725750961e-14,1.012714146e-13,1.984562982e-13,1.531336819e-13,4.133477851e-13,2.659780065e-14,2.209753672e-13,4.32352459e-14
92.921875,2.05214565e-13,2.08026029e-13,3.104365343e-13,2.815846641e-13,1.732245093e-13,2.529069868e-13,1.75560647e-13,1.416700292e-13,2.843258733e-14,4.309162914e-13,1.425531496e-13,9.938179761e-14,9.280080868e-14,2.719292887e-13,5.605690061e-13,1.063607576e-12,7.868484814e-13,5.419742071e-13,3.182167459e-13,3.890341294e-13,8.998527755e-14,5.137730874e-14,3.167236275e-14,1.763739672e-13,9.674560752e-14,1.021643349e-13,1.998024121e-13,1.54836327e-13,4.102810973e-13,2.640812102e-14,2.150038197e-13,4.323992801e-14
92.9296875,2.067526239e-13,2.116804553e-13,3.04680023e-13,2.868629977e-13,1.709934807e-13,2.541924114e-13,1.756553237e-13,1.41162712e-13,2.808567416e-14,4.331346048e-13,1.416898966e-13,9.856906266e-14,9.265257845e-14,2.711720262e-13,5.671913083e-13,1.073251031e-12,7.935838132e-13,5.459354222e-13,3.167522334e-13,3.907713243e-13,9.08618889e-14,5.120634115e-14,3.161201163e-14,1.755463148e-13,9.632280292e-14,1.030752022e-13,2.011743105e-13,1.565873264e-13,4.07322892e-13,2.624718891e-14,2.094415181e-13,4.324034705e-14
92.9375,2.083943381e-13,2.153282628e-13,2.98991012e-13,2.925148486e-13,1.688608891e-13,2.555369366e-13,1.758169783e-13,1.406438609e-13,2.77279318e-14,4.35315347e-13,1.407766374e-13,9.771557888e-14,9.256680375e-14,2.705747749e-13,5.741196688e-13,1.083050153e-12,8.003339848e-13,5.500926672e-13,3.151944564e-13,3.925056487e-13,9.172917117e-14,5.104172544e-14,3.157312734e-14,1.74630262e-13,9.598244108e-14,1.039946694e-13,2.025359106e-13,1.582741182e-13,4.04318269e-13,2.608091205e-14,2.041152263e-13,4.323323875e-14
92.9453125,2.096747691e-13,2.188803957e-13,2.934279425e-13,2.981672496e-13,1.665159248e-13,2.567013369e-13,1.760160481e-13,1.40147078e-13,2.735588724e-14,4.375419245e-13,1.398747897e-13,9.680082055e-14,9.238770772e-14,2.697548779e-13,5.810518638e-13,1.092821322e-12,8.070255287e-13,5.539051891e-13,3.135407168e-13,3.942013057e-13,9.254711534e-14,5.085329067e-14,3.156175612e-14,1.737894186e-13,9.566341545e-14,1.049761561e-13,2.039197499e-13,1.598476147e-13,4.012620009e-13,2.591654766e-14,1.988932469e-13,4.322252416e-14
92.953125,2.110216126e-13,2.224228005e-13,2.881693501e-13,3.037437571e-13,1.642742323e-13,2.578349713e-13,1.762153711e-13,1.396112388e-13,2.700258146e-14,4.39705848e-13,1.390856619e-13,9.593724988e-14,9.223562253e-14,2.689937551e-13,5.878981456e-13,1.102210634e-12,8.135370367e-13,5.576357961e-13,3.11944649e-13,3.95885999e-13,9.336267233e-14,5.069695766e-14,3.15758441e-14,1.72972883e-13,9.534975542e-14,1.059799102e-13,2.053043596e-13,1.613943817e-13,3.982644523e-13,2.576377844e-14,1.939867101e-13,4.318882801e-14
92.9609375,2.128508385e-13,2.259645608e-13,2.832327087e-13,3.094717048e-13,1.623315596e-13,2.592210546e-13,1.764619239e-13,1.390058503e-13,2.666540502e-14,4.417641289e-13,1.383898458e-13,9.512805186e-14,9.219599683e-14,2.686251165e-13,5.948660862e-13,1.111447194e-12,8.200040359e-13,5.61725248e-13,3.102909505e-13,3.975905321e-13,9.424851422e-14,5.057106213e-14,3.160345411e-14,1.720662441e-13,9.506433162e-14,1.069293365e-13,2.066573923e-13,1.629784958e-13,3.952618427e-13,2.563547858e-14,1.894256026e-13,4.312185208e-14
92.96875,2.147695796e-13,2.294436541e-13,2.78557845e-13,3.152392342e-13,1.604016512e-13,2.606944295e-13,1.767622097e-13,1.383889839e-13,2.632301951e-14,4.43905547e-13,1.377183535e-13,9.431325017e-14,9.216419251e-14,2.684044267e-13,6.018971675e-13,1.120766233e-12,8.265163732e-13,5.659607295e-13,3.084789094e-13,3.991329062e-13,9.518796223e-14,5.042872062e-14,3.163682934e-14,1.711216486e-13,9.479610051e-14,1.078820446e-13,2.080313592e-13,1.646951317e-13,3.92160809e-13,2.558258159e-14,1.850647047e-13,4.303786219e-14
92.9765625,2.16529398e-13,2.328913657e-13,2.740205246e-13,3.209188493e-13,1.584626335e-13,2.619478362e-13,1.770545523e-13,1.377883104e-13,2.59964674e-14,4.461307096e-13,1.370208582e-13,9.35003044e-14,9.214068538e-14,2.680989444e-13,6.088692714e-13,1.12991073e-12,8.327837943e-13,5.700309967e-13,3.067580278e-13,4.005693852e-13,9.612954391e-14,5.030220743e-14,3.166435949e-14,1.702184983e-13,9.454167391e-14,1.08914108e-13,2.094222241e-13,1.664959241e-13,3.889960949e-13,2.558679069e-14,1.809818076e-13,4.295966105e-14
92.984375,2.183566391e-13,2.362284124e-13,2.696583699e-13,3.266626631e-13,1.568314582e-13,2.630815262e-13,1.773496294e-13,1.371513826e-13,2.570972726e-14,4.482588876e-13,1.363360179e-13,9.272339495e-14,9.222085175e-14,2.679248868e-13,6.158111846e-13,1.138580567e-12,8.386517967e-13,5.740054714e-13,3.052883556e-13,4.020518577e-13,9.707673942e-14,5.02470847e-14,3.168989594e-14,1.693259785e-13,9.433245172e-14,1.099562172e-13,2.107840425e-13,1.681620647e-13,3.857999631e-13,2.557631372e-14,1.773161385e-13,4.289894343e-14
92.9921875,2.203206666e-13,2.394769749e-13,2.656693823e-13,3.325961988e-13,1.554854743e-13,2.643361444e-13,1.776841797e-13,1.364308057e-13,2.544005817e-14,4.503542456e-13,1.357353634e-13,9.200612473e-14,9.240239438e-14,2.680663219e-13,6.227249673e-13,1.146889309e-12,8.443797151e-13,5.780368825e-13,3.039044275e-13,4.033916262e-13,9.802660657e-14,5.023561628e-14,3.173760729e-14,1.683378208e-13,9.416495593e-14,1.109691977e-13,2.121890192e-13,1.698009141e-13,3.827119641e-13,2.557796441e-14,1.739899442e-13,4.283710236e-14
93,2.222375989e-13,2.427444779e-13,2.618759151e-13,3.386134854e-13,1.540714416e-13,2.655241795e-13,1.780135342e-13,1.356523041e-13,2.514718052e-14,4.525997912e-13,1.351405484e-13,9.12881565e-14,9.258274065e-14,2.682313232e-13,6.295968051e-13,1.155097296e-12,8.500052728e-13,5.819733775e-13,3.024696152e-13,4.045370751e-13,9.893105787e-14,5.020110319e-14,3.180766883e-14,1.671926325e-13,9.399743977e-14,1.12051603e-13,2.136374873e-13,1.716147125e-13,3.798073504e-13,2.563808529e-14,1.707651017e-13,4.275307974e-14
93.0078125,2.239497654e-13,2.458062486e-13,2.58011366e-13,3.444219862e-13,1.525560314e-13,2.663430847e-13,1.783196549e-13,1.348914026e-13,2.483567762e-14,4.55029313e-13,1.344790685e-13,9.048786545e-14,9.26725835e-14,2.681465821e-13,6.364033833e-13,1.163112607e-12,8.552953166e-13,5.855217626e-13,3.010437146e-13,4.05701046e-13,9.980273237e-14,5.015474383e-14,3.188910685e-14,1.660179918e-13,9.382028629e-14,1.132021257e-13,2.150023167e-13,1.73376715e-13,3.767568444e-13,2.571630376e-14,1.675599019e-13,4.266666373e-14
93.015625,2.255889144e-13,2.487085332e-13,2.542764921e-13,3.500161062e-13,1.512363848e-13,2.669936519e-13,1.786734223e-13,1.341825945e-13,2.455600536e-14,4.575613589e-13,1.338583304e-13,8.970610791e-14,9.274845292e-14,2.681148048e-13,6.432186884e-13,1.170866297e-12,8.604363112e-13,5.888702584e-13,2.997121779e-13,4.068997351e-13,1.007173331e-13,5.016715215e-14,3.199659655e-14,1.649975042e-13,9.367043319e-14,1.143172383e-13,2.163746777e-13,1.749692308e-13,3.734408558e-13,2.579026456e-14,1.646051314e-13,4.259133408e-14
93.0234375,2.27413777e-13,2.518442215e-13,2.507731558e-13,3.557617296e-13,1.500817077e-13,2.677330779e-13,1.790994019e-13,1.334699208e-13,2.431143235e-14,4.600526947e-13,1.332933355e-13,8.903445717e-14,9.292909087e-14,2.683543172e-13,6.501622872e-13,1.178617626e-12,8.656643725e-13,5.923690986e-13,2.984175626e-13,4.081153204e-13,1.016689067e-13,5.022093517e-14,3.212956215e-14,1.640716997e-13,9.35728937e-14,1.154514606e-13,2.179252669e-13,1.766307352e-13,3.702902483e-13,2.58880121e-14,1.619943979e-13,4.250523175e-14
93.03125,2.292209926e-13,2.549413158e-13,2.47285489e-13,3.615542994e-13,1.48769843e-13,2.683405414e-13,1.79531609e-13,1.326964104e-13,2.404864763e-14,4.624853304e-13,1.32689369e-13,8.833228736e-14,9.311704927e-14,2.684818866e-13,6.569362339e-13,1.186198458e-12,8.706207547e-13,5.957111855e-13,2.970433513e-13,4.093659932e-13,1.025741277e-13,5.023749578e-14,3.226129618e-14,1.630498926e-13,9.349589331e-14,1.16688456e-13,2.19537579e-13,1.783607251e-13,3.673938098e-13,2.602621295e-14,1.594842936e-13,4.241482431e-14
93.0390625,2.306829458e-13,2.577616472e-13,2.439067838e-13,3.670312371e-13,1.473876879e-13,2.687129889e-13,1.799277139e-13,1.318913225e-13,2.377834225e-14,4.649688949e-13,1.32134087e-13,8.756872336e-14,9.323524362e-14,2.684333929e-13,6.632818952e-13,1.193207587e-12,8.751888564e-13,5.986649333e-13,2.95645498e-13,4.10490948e-13,1.034264055e-13,5.024468534e-14,3.239155446e-14,1.619246956e-13,9.341244578e-14,1.179399206e-13,2.211341761e-13,1.800223639e-13,3.644045599e-13,2.621276844e-14,1.570640648e-13,4.233952275e-14
93.046875,2.321305984e-13,2.608202032e-13,2.408738357e-13,3.725548583e-13,1.463423856e-13,2.691356429e-13,1.803153849e-13,1.311049341e-13,2.356412076e-14,4.674257955e-13,1.316967668e-13,8.693571172e-14,9.345633318e-14,2.687398995e-13,6.696712124e-13,1.199992566e-12,8.799016203e-13,6.017271291e-13,2.943490881e-13,4.114976788e-13,1.043094332e-13,5.03171904e-14,3.253469987e-14,1.607968174e-13,9.336381364e-14,1.191769926e-13,2.228535252e-13,1.816934781e-13,3.613497339e-13,2.6429295e-14,1.550032678e-13,4.225272823e-14
93.0546875,2.339697135e-13,2.640893483e-13,2.380491759e-13,3.784053902e-13,1.456054053e-13,2.695945997e-13,1.807160626e-13,1.303356498e-13,2.339244651e-14,4.697893987e-13,1.312516844e-13,8.642083902e-14,9.383121983e-14,2.693934933e-13,6.763174151e-13,1.206886326e-12,8.847980282e-13,6.049679892e-13,2.931211036e-13,4.125436399e-13,1.052483145e-13,5.043028057e-14,3.268546346e-14,1.596790967e-13,9.336965778e-14,1.204896258e-13,2.246270624e-13,1.834400009e-13,3.584015614e-13,2.664220536e-14,1.532751293e-13,4.214415499e-14
93.0625,2.359140027e-13,2.670677177e-13,2.351719561e-13,3.840400777e-13,1.447322022e-13,2.697796091e-13,1.810923899e-13,1.295428273e-13,2.319458559e-14,4.722148908e-13,1.307907127e-13,8.582386862e-14,9.415636662e-14,2.698140939e-13,6.826245123e-13,1.213406186e-12,8.893330893e-13,6.078094361e-13,2.918994197e-13,4.134509586e-13,1.061676013e-13,5.052632978e-14,3.284074098e-14,1.585424583e-13,9.336835616e-14,1.218327609e-13,2.263107523e-13,1.852211464e-13,3.554081162e-13,2.686522274e-14,1.516374601e-13,4.204790288e-14
93.0703125,2.375467169e-13,2.698652236e-13,2.322393533e-13,3.893127588e-13,1.436337958e-13,2.697178198e-13,1.814187916e-13,1.286662462e-13,2.296244025e-14,4.746481458e-13,1.303854542e-13,8.514199265e-14,9.43618681e-14,2.699377257e-13,6.883978981e-13,1.219206974e-12,8.93370569e-13,6.102065141e-13,2.90665858e-13,4.140360771e-13,1.070271396e-13,5.060253955e-14,3.300915873e-14,1.573571808e-13,9.332671271e-14,1.231213623e-13,2.280309256e-13,1.869260705e-13,3.522760866e-13,2.711996793e-14,1.500471625e-13,4.195729481e-14
93.078125,2.389247146e-13,2.725615874e-13,2.294197615e-13,3.946625362e-13,1.426697322e-13,2.696180056e-13,1.817450988e-13,1.276982911e-13,2.274997077e-14,4.769389152e-13,1.29943829e-13,8.44912854e-14,9.455959428e-14,2.701143056e-13,6.939964011e-13,1.224460402e-12,8.970083806e-13,6.124490428e-13,2.893714633e-13,4.144775337e-13,1.078657094e-13,5.06857868e-14,3.319183685e-14,1.560955416e-13,9.327158905e-14,1.244075109e-13,2.298169811e-13,1.884904716e-13,3.490836403e-13,2.739520581e-14,1.486205191e-13,4.183750472e-14
93.0859375,2.403198873e-13,2.751684509e-13,2.267354859e-13,3.999764753e-13,1.419270256e-13,2.694056166e-13,1.820970369e-13,1.267278081e-13,2.259110046e-14,4.792660061e-13,1.294391108e-13,8.388146835e-14,9.479562525e-14,2.703624814e-13,6.994570177e-13,1.22931167e-12,9.002110029e-13,6.144623341e-13,2.880796908e-13,4.149792778e-13,1.08697573e-13,5.079681871e-14,3.337574269e-14,1.548215977e-13,9.320298157e-14,1.257119891e-13,2.315311479e-13,1.901238339e-13,3.458149367e-13,2.769151451e-14,1.474617102e-13,4.169901108e-14
93.09375,2.418098711e-13,2.780615738e-13,2.240845207e-13,4.049809154e-13,1.411528072e-13,2.689397506e-13,1.824172371e-13,1.257883058e-13,2.246358828e-14,4.817010843e-13,1.289676912e-13,8.329547672e-14,9.505296297e-14,2.70553719e-13,7.046918696e-13,1.233830708e-12,9.031426744e-13,6.162089395e-13,2.869145837e-13,4.156037013e-13,1.095218254e-13,5.091678443e-14,3.354889735e-14,1.536227726e-13,9.311374271e-14,1.269908727e-13,2.332747986e-13,1.918958777e-13,3.424709127e-13,2.801089673e-14,1.465406251e-13,4.156292243e-14
93.1015625,2.432744056e-13,2.809018376e-13,2.215631628e-13,4.099585601e-13,1.403322299e-13,2.683500244e-13,1.827082439e-13,1.248028127e-13,2.23294152e-14,4.840788647e-13,1.284848931e-13,8.272467693e-14,9.531334206e-14,2.707300333e-13,7.097510254e-13,1.237962344e-12,9.059333527e-13,6.177512784e-13,2.85820073e-13,4.162501262e-13,1.10369669e-13,5.10183513e-14,3.372981362e-14,1.524321449e-13,9.303743011e-14,1.282792877e-13,2.351116732e-13,1.935082539e-13,3.391521903e-13,2.834172772e-14,1.457021182e-13,4.142774539e-14
93.109375,2.44673127e-13,2.83141991e-13,2.19268371e-13,4.151330736e-13,1.395606188e-13,2.678194526e-13,1.830514189e-13,1.237800727e-13,2.217721834e-14,4.864702372e-13,1.279420629e-13,8.212063449e-14,9.555615283e-14,2.709071557e-13,7.146728114e-13,1.241700305e-12,9.084814276e-13,6.189846384e-13,2.847090195e-13,4.16749678e-13,1.112207754e-13,5.112447789e-14,3.394682495e-14,1.511288485e-13,9.299281076e-14,1.296221673e-13,2.368453202e-13,1.949966266e-13,3.359440564e-13,2.869583263e-14,1.449297962e-13,4.129703845e-14
93.1171875,2.460351083e-13,2.854253198e-13,2.170119937e-13,4.203185451e-13,1.387176962e-13,2.672775529e-13,1.834288464e-13,1.227967342e-13,2.201152609e-14,4.889113801e-13,1.274313737e-13,8.149292575e-14,9.580328287e-14,2.710791927e-13,7.196265733e-13,1.245371282e-12,9.10910313e-13,6.1999434e-13,2.835762454e-13,4.171944081e-13,1.120256592e-13,5.123951882e-14,3.418794558e-14,1.497383166e-13,9.295834825e-14,1.31009989e-13,2.385232598e-13,1.966172317e-13,3.328816475e-13,2.908301863e-14,1.443297833e-13,4.116751926e-14
93.125,2.472904728e-13,2.880399865e-13,2.147018422e-13,4.252251386e-13,1.378089794e-13,2.665709094e-13,1.83762875e-13,1.217993475e-13,2.184667985e-14,4.912403773e-13,1.269383483e-13,8.090519826e-14,9.605921063e-14,2.713192445e-13,7.245650793e-13,1.248879689e-12,9.13343667e-13,6.20959198e-13,2.823794192e-13,4.175901617e-13,1.128072983e-13,5.132791522e-14,3.443513678e-14,1.483608903e-13,9.291450806e-14,1.324122347e-13,2.40344622e-13,1.981795631e-13,3.298283326e-13,2.948643372e-14,1.438433912e-13,4.102308806e-14
93.1328125,2.485206261e-13,2.902093201e-13,2.124200532e-13,4.296673131e-13,1.370215398e-13,2.657014615e-13,1.84079195e-13,1.207295075e-13,2.170848367e-14,4.935932233e-13,1.263505972e-13,8.032822898e-14,9.62655139e-14,2.715805653e-13,7.290735693e-13,1.251631496e-12,9.15511322e-13,6.217126757e-13,2.811980433e-13,4.176251604e-13,1.135608339e-13,5.141989536e-14,3.469347791e-14,1.470218709e-13,9.285905557e-14,1.337673066e-13,2.421625646e-13,1.995756167e-13,3.26547864e-13,2.990031838e-14,1.433952153e-13,4.086517524e-14
93.140625,2.499279359e-13,2.920498449e-13,2.101150262e-13,4.33874667e-13,1.363477435e-13,2.646760857e-13,1.844144236e-13,1.196730084e-13,2.160009726e-14,4.961330953e-13,1.257113382e-13,7.97126766e-14,9.643725101e-14,2.717376872e-13,7.332666609e-13,1.253838968e-12,9.172949776e-13,6.22151656e-13,2.801974865e-13,4.175116852e-13,1.142202953e-13,5.155717303e-14,3.49400322e-14,1.456856571e-13,9.280291731e-14,1.350982843e-13,2.438589938e-13,2.010781516e-13,3.231074173e-13,3.033627876e-14,1.430935959e-13,4.070537887e-14
93.1484375,2.513298005e-13,2.942072023e-13,2.078407172e-13,4.383094619e-13,1.356304863e-13,2.634495001e-13,1.847387074e-13,1.186627925e-13,2.149082689e-14,4.986615424e-13,1.251573105e-13,7.910803921e-14,9.66328392e-14,2.718256555e-13,7.376515058e-13,1.256200364e-12,9.189495571e-13,6.224636366e-13,2.79266058e-13,4.177858935e-13,1.148331211e-13,5.168280925e-14,3.515296799e-14,1.44320922e-13,9.275752924e-14,1.36533174e-13,2.456314608e-13,2.026951221e-13,3.197897263e-13,3.08200979e-14,1.429415651e-13,4.055400053e-14
93.15625,2.524324e-13,2.963445925e-13,2.057925259e-13,4.429599552e-13,1.347848313e-13,2.621466987e-13,1.850722312e-13,1.176216388e-13,2.136054161e-14,5.011538967e-13,1.247317889e-13,7.852530204e-14,9.679783231e-14,2.719156179e-13,7.420690773e-13,1.258519242e-12,9.205734542e-13,6.226132381e-13,2.782304264e-13,4.181789059e-13,1.15504575e-13,5.17590849e-14,3.5370649e-14,1.429210673e-13,9.271256239e-14,1.380374764e-13,2.475042192e-13,2.042812608e-13,3.165977558e-13,3.137758959e-14,1.427896586e-13,4.042086387e-14
93.1640625,2.534511122e-13,2.98167971e-13,2.039046529e-13,4.474935626e-13,1.338970462e-13,2.609459421e-13,1.854329774e-13,1.165603002e-13,2.123106811e-14,5.037926321e-13,1.243638075e-13,7.790514947e-14,9.691216483e-14,2.72020745e-13,7.46141347e-13,1.260306114e-12,9.220468202e-13,6.224595274e-13,2.771938709e-13,4.182515114e-13,1.162084585e-13,5.185297941e-14,3.561525073e-14,1.415149837e-13,9.264828701e-14,1.394560848e-13,2.493172604e-13,2.058748536e-13,3.133492202e-13,3.197744486e-14,1.427025267e-13,4.029215635e-14
93.171875,2.546759654e-13,3.000608819e-13,2.020368844e-13,4.518149459e-13,1.331353047e-13,2.597391508e-13,1.85738859e-13,1.155290841e-13,2.113237077e-14,5.064127004e-13,1.239515614e-13,7.728214962e-14,9.708218717e-14,2.721917377e-13,7.499871129e-13,1.261747159e-12,9.233032141e-13,6.221494118e-13,2.76211721e-13,4.182646321e-13,1.168934634e-13,5.199817244e-14,3.585946271e-14,1.40143997e-13,9.255720825e-14,1.408329575e-13,2.5113014e-13,2.074416183e-13,3.10045981e-13,3.25749791e-14,1.428293904e-13,4.015964022e-14
93.1796875,2.558775195e-13,3.021387742e-13,2.002233919e-13,4.559195798e-13,1.324046062e-13,2.58277109e-13,1.859733312e-13,1.144597977e-13,2.104672403e-14,5.087614443e-13,1.234813491e-13,7.671525977e-14,9.729050178e-14,2.723718081e-13,7.536289269e-13,1.262970997e-12,9.242432953e-13,6.216770343e-13,2.751601557e-13,4.183365922e-13,1.175971739e-13,5.213806341e-14,3.610754288e-14,1.387767514e-13,9.243627521e-14,1.422861325e-13,2.530250813e-13,2.08988022e-13,3.067535831e-13,3.319932628e-14,1.430334378e-13,4.006160226e-14
93.1875,2.567324698e-13,3.041954487e-13,1.984408939e-13,4.598194021e-13,1.314861838e-13,2.56546988e-13,1.862200079e-13,1.132899816e-13,2.093578279e-14,5.109062218e-13,1.230179275e-13,7.615190452e-14,9.740378259e-14,2.724184271e-13,7.568646088e-13,1.263603035e-12,9.247085528e-13,6.207518132e-13,2.740446131e-13,4.182151365e-13,1.183117079e-13,5.223766977e-14,3.637284288e-14,1.373182341e-13,9.228650312e-14,1.437630237e-13,2.548874539e-13,2.105911741e-13,3.034707502e-13,3.3875394e-14,1.431477147e-13,4.000564023e-14
93.1953125,2.573140435e-13,3.060410333e-13,1.966268533e-13,4.636415244e-13,1.30461509e-13,2.546841203e-13,1.864515949e-13,1.12097336e-13,2.081243169e-14,5.13011138e-13,1.225686306e-13,7.554953305e-14,9.741677411e-14,2.723545164e-13,7.59801555e-13,1.263592204e-12,9.248012131e-13,6.194007791e-13,2.729288222e-13,4.180736661e-13,1.189617685e-13,5.231278327e-14,3.662330999e-14,1.357960354e-13,9.211256603e-14,1.452098138e-13,2.566760592e-13,2.120613558e-13,3.002552702e-13,3.456320586e-14,1.432540995e-13,3.993181076e-14
93.203125,2.578077261e-13,3.076117203e-13,1.948005118e-13,4.672782754e-13,1.294291231e-13,2.526727172e-13,1.865842842e-13,1.109692344e-13,2.071198562e-14,5.151902434e-13,1.220911868e-13,7.494171516e-14,9.737019865e-14,2.721932339e-13,7.625111773e-13,1.263292323e-12,9.248252264e-13,6.178175611e-13,2.717900906e-13,4.181788475e-13,1.195433459e-13,5.23693939e-14,3.684624635e-14,1.343637408e-13,9.190101803e-14,1.466722711e-13,2.584824882e-13,2.133372065e-13,2.971004201e-13,3.525618454e-14,1.434184231e-13,3.982162189e-14
93.2109375,2.582725122e-13,3.092301147e-13,1.929825205e-13,4.705309727e-13,1.283431287e-13,2.504765275e-13,1.866684346e-13,1.098634306e-13,2.063142089e-14,5.174790757e-13,1.215991442e-13,7.435257094e-14,9.728220717e-14,2.71899982e-13,7.647603622e-13,1.262567056e-12,9.24712139e-13,6.159415999e-13,2.707067016e-13,4.182262314e-13,1.201135907e-13,5.241796694e-14,3.706784488e-14,1.330107237e-13,9.164237592e-14,1.481309136e-13,2.603201187e-13,2.147532158e-13,2.938506015e-13,3.599083018e-14,1.436275478e-13,3.971672412e-14
93.21875,2.588478513e-13,3.11090223e-13,1.912505594e-13,4.736651913e-13,1.273240216e-13,2.482462493e-13,1.867741981e-13,1.08702548e-13,2.055002856e-14,5.197224318e-13,1.211362674e-13,7.379484838e-14,9.724847886e-14,2.716834337e-13,7.666427701e-13,1.261088444e-12,9.241777985e-13,6.138713227e-13,2.697889456e-13,4.178971492e-13,1.207021507e-13,5.248469567e-14,3.72972594e-14,1.315776462e-13,9.13733008e-14,1.495201226e-13,2.621612418e-13,2.163747633e-13,2.904977673e-13,3.676200736e-14,1.439392417e-13,3.963433312e-14
93.2265625,2.595646308e-13,3.12800846e-13,1.89677626e-13,4.768579385e-13,1.264038148e-13,2.460380902e-13,1.868629066e-13,1.075307717e-13,2.045804885e-14,5.217874948e-13,1.207040115e-13,7.325647952e-14,9.725005166e-14,2.71606772e-13,7.685025187e-13,1.259254828e-12,9.234046376e-13,6.117629466e-13,2.689224558e-13,4.175299835e-13,1.213136627e-13,5.255149254e-14,3.753967676e-14,1.300919345e-13,9.111759332e-14,1.508641451e-13,2.640070279e-13,2.178986625e-13,2.871617535e-13,3.754830469e-14,1.442996332e-13,3.957739325e-14
93.234375,2.600541828e-13,3.1416079e-13,1.881755893e-13,4.796773501e-13,1.253914621e-13,2.436804292e-13,1.868929704e-13,1.06438655e-13,2.036651199e-14,5.237677965e-13,1.202945641e-13,7.268356153e-14,9.71099555e-14,2.713307206e-13,7.701629263e-13,1.257399336e-12,9.225682592e-13,6.092624042e-13,2.679263584e-13,4.175453545e-13,1.219398693e-13,5.258705587e-14,3.780034113e-14,1.286826595e-13,9.082103987e-14,1.522030156e-13,2.657741254e-13,2.19230348e-13,2.837831122e-13,3.83539164e-14,1.445948114e-13,3.954503291e-14
93.2421875,2.601755731e-13,3.154599205e-13,1.866573628e-13,4.820671752e-13,1.243086348e-13,2.411686142e-13,1.868786827e-13,1.054014517e-13,2.030192899e-14,5.257451015e-13,1.19935704e-13,7.208259562e-14,9.686666349e-14,2.708475672e-13,7.713170091e-13,1.255111974e-12,9.21326512e-13,6.062188689e-13,2.668197951e-13,4.176379997e-13,1.225640898e-13,5.261521634e-14,3.804159261e-14,1.272974324e-13,9.044854404e-14,1.53494671e-13,2.673710257e-13,2.205268038e-13,2.803336879e-13,3.918375006e-14,1.449348604e-13,3.950047162e-14
93.25,2.603530488e-13,3.168534531e-13,1.851417819e-13,4.84643319e-13,1.232401353e-13,2.386656392e-13,1.868463905e-13,1.043547699e-13,2.025421275e-14,5.276505841e-13,1.196197941e-13,7.150631572e-14,9.669856236e-14,2.704999194e-13,7.722743803e-13,1.252414442e-12,9.196925068e-13,6.031482243e-13,2.657223614e-13,4.174706808e-13,1.231843744e-13,5.264029904e-14,3.822876666e-14,1.258600158e-13,9.006201947e-14,1.547270384e-13,2.688926084e-13,2.219166136e-13,2.770315267e-13,4.004506424e-14,1.453647895e-13,3.943779336e-14
93.2578125,2.607059168e-13,3.182321776e-13,1.836809936e-13,4.874246656e-13,1.221070654e-13,2.36113475e-13,1.868156059e-13,1.033050962e-13,2.019320892e-14,5.294312412e-13,1.19272741e-13,7.093982222e-14,9.656084984e-14,2.70220292e-13,7.733085868e-13,1.249720682e-12,9.18073357e-13,6.00130425e-13,2.646782479e-13,4.174493954e-13,1.237912866e-13,5.262930067e-14,3.839502768e-14,1.244097172e-13,8.970293092e-14,1.55986521e-13,2.704569427e-13,2.233558687e-13,2.739305969e-13,4.094731064e-14,1.457056738e-13,3.940330302e-14
93.265625,2.608900896e-13,3.194775283e-13,1.823478693e-13,4.898044791e-13,1.209673196e-13,2.333892768e-13,1.867749041e-13,1.022506164e-13,2.014258344e-14,5.311195796e-13,1.188898701e-13,7.03725286e-14,9.637668704e-14,2.698243893e-13,7.741150458e-13,1.246653534e-12,9.162736082e-13,5.967034129e-13,2.636935023e-13,4.176798589e-13,1.243634895e-13,5.26194295e-14,3.858416598e-14,1.229423439e-13,8.933228999e-14,1.572922639e-13,2.720235074e-13,2.247176604e-13,2.707978453e-13,4.188383291e-14,1.46036795e-13,3.939515964e-14
93.2734375,2.60880151e-13,3.20732931e-13,1.811069042e-13,4.917589169e-13,1.198249834e-13,2.305610259e-13,1.867014419e-13,1.011788567e-13,2.012129154e-14,5.32784037e-13,1.185673598e-13,6.984710299e-14,9.62180839e-14,2.694413775e-13,7.745882422e-13,1.242958409e-12,9.140129497e-13,5.929072558e-13,2.627559503e-13,4.175927152e-13,1.249352649e-13,5.264534835e-14,3.878477792e-14,1.214517569e-13,8.893369647e-14,1.585434972e-13,2.736027589e-13,2.260710009e-13,2.67587376e-13,4.28520342e-14,1.465988739e-13,3.938598912e-14
93.28125,2.608620259e-13,3.223291242e-13,1.798576265e-13,4.936510654e-13,1.184899494e-13,2.2770056e-13,1.866064846e-13,1.00130578e-13,2.008744314e-14,5.344472777e-13,1.183370163e-13,6.93415078e-14,9.60759043e-14,2.690680656e-13,7.749637819e-13,1.239117842e-12,9.115751789e-13,5.890007084e-13,2.617835389e-13,4.172431526e-13,1.255703626e-13,5.263653762e-14,3.896673609e-14,1.199984374e-13,8.851478366e-14,1.597041798e-13,2.752554956e-13,2.275351816e-13,2.644680542e-13,4.385204479e-14,1.4724393e-13,3.939318229e-14
93.2890625,2.608593447e-13,3.24036928e-13,1.786602178e-13,4.954336039e-13,1.170737766e-13,2.248291541e-13,1.86486061e-13,9.91111204e-14,2.002752315e-14,5.360222178e-13,1.18129517e-13,6.879458738e-14,9.587306668e-14,2.685967456e-13,7.7512267e-13,1.235004861e-12,9.090050872e-13,5.848742503e-13,2.607543071e-13,4.170580226e-13,1.26242701e-13,5.256302142e-14,3.912725271e-14,1.185544997e-13,8.804256261e-14,1.608199844e-13,2.768221523e-13,2.289951717e-13,2.614068641e-13,4.4865621e-14,1.477062972e-13,3.940609075e-14
93.296875,2.609284256e-13,3.252981468e-13,1.775102228e-13,4.969377805e-13,1.158189817e-13,2.219534748e-13,1.863132925e-13,9.808190515e-14,1.997138642e-14,5.374513649e-13,1.178905317e-13,6.823545735e-14,9.56122956e-14,2.681559049e-13,7.749346262e-13,1.230260355e-12,9.06085712e-13,5.804936841e-13,2.598000536e-13,4.168244949e-13,1.268673365e-13,5.249275896e-14,3.928692152e-14,1.170722738e-13,8.751442143e-14,1.619056809e-13,2.781805208e-13,2.303878742e-13,2.582603606e-13,4.588617071e-14,1.480653164e-13,3.939192521e-14
93.3046875,2.610070243e-13,3.264084148e-13,1.762550972e-13,4.981353556e-13,1.145859331e-13,2.189558431e-13,1.861155565e-13,9.705629165e-14,1.991426016e-14,5.388038196e-13,1.176412174e-13,6.771988053e-14,9.528980092e-14,2.677948549e-13,7.746833804e-13,1.225353663e-12,9.029462928e-13,5.759390905e-13,2.589678542e-13,4.164390022e-13,1.274394116e-13,5.243423562e-14,3.946967597e-14,1.156097816e-13,8.698208143e-14,1.629848265e-13,2.795450029e-13,2.318011035e-13,2.551240948e-13,4.692606702e-14,1.484769202e-13,3.939040009e-14
93.3125,2.608716675e-13,3.279054178e-13,1.750012069e-13,4.990557802e-13,1.131894238e-13,2.157951751e-13,1.859232092e-13,9.60363073e-14,1.983983556e-14,5.401008553e-13,1.174498496e-13,6.721318661e-14,9.491665133e-14,2.673763446e-13,7.743778862e-13,1.220398681e-12,8.996219785e-13,5.711201499e-13,2.581206685e-13,4.161299442e-13,1.280079744e-13,5.234035703e-14,3.967447377e-14,1.141528501e-13,8.644309021e-14,1.640624607e-13,2.810386433e-13,2.332136808e-13,2.521258516e-13,4.798751545e-14,1.488862123e-13,3.943699055e-14
93.3203125,2.605661397e-13,3.294431295e-13,1.738746207e-13,4.999578034e-13,1.116861236e-13,2.126365698e-13,1.857107649e-13,9.499659239e-14,1.976031694e-14,5.413022018e-13,1.172989832e-13,6.665474811e-14,9.455744288e-14,2.668626767e-13,7.736828423e-13,1.214885464e-12,8.959709105e-13,5.660401842e-13,2.57195238e-13,4.157224259e-13,1.285472224e-13,5.222062706e-14,3.986844161e-14,1.126298595e-13,8.585036677e-14,1.650602934e-13,2.82486012e-13,2.34663147e-13,2.491163652e-13,4.907144823e-14,1.491957785e-13,3.949002187e-14
93.328125,2.602530439e-13,3.307363128e-13,1.726459441e-13,5.009541626e-13,1.10153542e-13,2.095161576e-13,1.85487805e-13,9.397665827e-14,1.969092094e-14,5.42439761e-13,1.170773715e-13,6.608766655e-14,9.420703047e-14,2.663495909e-13,7.726794074e-13,1.208936111e-12,8.921415758e-13,5.608163241e-13,2.562613628e-13,4.151472045e-13,1.29002165e-13,5.210402981e-14,4.003527606e-14,1.111128349e-13,8.521342897e-14,1.659638274e-13,2.838385564e-13,2.36247633e-13,2.460046613e-13,5.017271095e-14,1.494688643e-13,3.952503141e-14
93.3359375,2.599845502e-13,3.321332173e-13,1.713197355e-13,5.016489923e-13,1.086732269e-13,2.063296435e-13,1.85276717e-13,9.2988354e-14,1.964135127e-14,5.434718745e-13,1.168202309e-13,6.561719097e-14,9.385984802e-14,2.660198895e-13,7.71639282e-13,1.202807039e-12,8.8821455e-13,5.554980283e-13,2.553669965e-13,4.146463199e-13,1.294230221e-13,5.198630848e-14,4.020092769e-14,1.096623594e-13,8.457310764e-14,1.668460754e-13,2.851872171e-13,2.377932521e-13,2.430206037e-13,5.127431832e-14,1.498680868e-13,3.955762401e-14
93.34375,2.598177967e-13,3.336271681e-13,1.702498473e-13,5.019208917e-13,1.072708718e-13,2.030811201e-13,1.85001719e-13,9.197410957e-14,1.960854369e-14,5.44254766e-13,1.166621879e-13,6.523080227e-14,9.356265188e-14,2.65852121e-13,7.704133253e-13,1.196280318e-12,8.840030248e-13,5.50114628e-13,2.545150016e-13,4.141427062e-13,1.298986474e-13,5.185387473e-14,4.038224007e-14,1.081988993e-13,8.392260458e-14,1.67711793e-13,2.864837542e-13,2.391200029e-13,2.402207864e-13,5.238378374e-14,1.503865589e-13,3.95898338e-14
93.3515625,2.595388078e-13,3.349673119e-13,1.693729802e-13,5.021792801e-13,1.057783018e-13,1.997669598e-13,1.846098387e-13,9.096417682e-14,1.956629148e-14,5.448225256e-13,1.165536342e-13,6.480285631e-14,9.32289655e-14,2.654629327e-13,7.688060572e-13,1.189460172e-12,8.794351026e-13,5.445266942e-13,2.536155021e-13,4.136266047e-13,1.304170871e-13,5.169707987e-14,4.055495901e-14,1.067070873e-13,8.321861049e-14,1.685378582e-13,2.876770523e-13,2.403249056e-13,2.373119509e-13,5.350640649e-14,1.508190984e-13,3.96335612e-14
93.359375,2.588866921e-13,3.363294001e-13,1.683961071e-13,5.024125629e-13,1.041206234e-13,1.963800899e-13,1.841922844e-13,9.0016471e-14,1.949768932e-14,5.453289868e-13,1.164311756e-13,6.430856546e-14,9.274734873e-14,2.648125981e-13,7.66940251e-13,1.182519055e-12,8.745246247e-13,5.38568036e-13,2.525406262e-13,4.132242462e-13,1.309314523e-13,5.151588909e-14,4.069296471e-14,1.052627982e-13,8.244191374e-14,1.692969082e-13,2.887594894e-13,2.415198955e-13,2.342566879e-13,5.462428958e-14,1.511160606e-13,3.970438047e-14
93.3671875,2.58218154e-13,3.378101316e-13,1.674218969e-13,5.02169244e-13,1.024748305e-13,1.930162964e-13,1.838156619e-13,8.906461285e-14,1.942015836e-14,5.457735055e-13,1.164048491e-13,6.384528242e-14,9.222041568e-14,2.643224457e-13,7.648050954e-13,1.175040156e-12,8.692941891e-13,5.324360781e-13,2.514037813e-13,4.126161425e-13,1.314422853e-13,5.131952683e-14,4.080311301e-14,1.038734071e-13,8.161395336e-14,1.699008951e-13,2.896243051e-13,2.428185093e-13,2.312922985e-13,5.577535768e-14,1.514556017e-13,3.978114662e-14
93.375,2.578692272e-13,3.392572551e-13,1.665713966e-13,5.014032866e-13,1.009153929e-13,1.896361724e-13,1.834058292e-13,8.80565576e-14,1.936399973e-14,5.460734219e-13,1.164631175e-13,6.344677064e-14,9.176352142e-14,2.639828644e-13,7.6216275e-13,1.166802308e-12,8.638291234e-13,5.263224721e-13,2.504249476e-13,4.116683614e-13,1.319272015e-13,5.111428944e-14,4.09106503e-14,1.024947707e-13,8.075255385e-14,1.703688423e-13,2.902765455e-13,2.443377402e-13,2.283797819e-13,5.700856075e-14,1.51899426e-13,3.984527912e-14
93.3828125,2.575249391e-13,3.407550735e-13,1.657486411e-13,5.004593082e-13,9.932518398e-14,1.861838402e-13,1.82911039e-13,8.705965046e-14,1.933263943e-14,5.462265506e-13,1.164741691e-13,6.306338719e-14,9.133867064e-14,2.63547232e-13,7.591901789e-13,1.158280154e-12,8.581895503e-13,5.201404341e-13,2.495251522e-13,4.10766215e-13,1.323516317e-13,5.090512024e-14,4.102665158e-14,1.011156825e-13,7.986179897e-14,1.708329808e-13,2.909249277e-13,2.459331882e-13,2.254036576e-13,5.827321413e-14,1.52325126e-13,3.991237803e-14
93.390625,2.569753323e-13,3.423876714e-13,1.650463664e-13,4.995432876e-13,9.767024389e-14,1.828683184e-13,1.824093189e-13,8.611825864e-14,1.92893063e-14,5.463332647e-13,1.165243614e-13,6.266510216e-14,9.09176096e-14,2.631658511e-13,7.563780995e-13,1.149913339e-12,8.524806966e-13,5.139231254e-13,2.485439145e-13,4.099792017e-13,1.32745218e-13,5.068798373e-14,4.114283432e-14,9.97647417e-14,7.897131355e-14,1.712682836e-13,2.916360451e-13,2.474654141e-13,2.224898496e-13,5.953994142e-14,1.526862727e-13,4.000467636e-14
93.3984375,2.563550909e-13,3.440383748e-13,1.645930517e-13,4.985381714e-13,9.600401461e-14,1.79708667e-13,1.81966875e-13,8.519681929e-14,1.921629551e-14,5.465001159e-13,1.16752391e-13,6.2256086e-14,9.049419776e-14,2.628635187e-13,7.536633129e-13,1.141599202e-12,8.467098609e-13,5.076955707e-13,2.475898217e-13,4.091313521e-13,1.331401263e-13,5.045917577e-14,4.125415742e-14,9.845167071e-14,7.809966242e-14,1.715850007e-13,2.922721095e-13,2.490827641e-13,2.19651847e-13,6.087529595e-14,1.530866251e-13,4.0136008e-14
93.40625,2.557157482e-13,3.457273748e-13,1.642144884e-13,4.972172823e-13,9.432017715e-14,1.763983684e-13,1.815066735e-13,8.427034721e-14,1.914631643e-14,5.46557629e-13,1.170610363e-13,6.185734413e-14,9.002137141e-14,2.624442789e-13,7.506120148e-13,1.133024168e-12,8.406461682e-13,5.012778063e-13,2.467326314e-13,4.082628371e-13,1.335330213e-13,5.02342199e-14,4.135740318e-14,9.712139292e-14,7.720310479e-14,1.718518002e-13,2.927512182e-13,2.50791096e-13,2.167833609e-13,6.226542066e-14,1.535657721e-13,4.029835041e-14
93.4140625,2.551437219e-13,3.474889646e-13,1.637439007e-13,4.956729678e-13,9.260933953e-14,1.729848145e-13,1.809174836e-13,8.335330884e-14,1.908485792e-14,5.461337524e-13,1.173238701e-13,6.148527933e-14,8.951330724e-14,2.620612628e-13,7.472630556e-13,1.124142186e-12,8.34341946e-13,4.947457814e-13,2.457971011e-13,4.073806141e-13,1.339387177e-13,5.000198268e-14,4.143970215e-14,9.574749331e-14,7.625638421e-14,1.721234683e-13,2.930955868e-13,2.523493129e-13,2.139795866e-13,6.361869148e-14,1.539570915e-13,4.045736855e-14
93.421875,2.545876294e-13,3.491705794e-13,1.632601361e-13,4.941843743e-13,9.088274003e-14,1.697650073e-13,1.802266998e-13,8.24611094e-14,1.899446222e-14,5.452386624e-13,1.17572818e-13,6.112557319e-14,8.902267715e-14,2.618356391e-13,7.43889517e-13,1.115110274e-12,8.281100937e-13,4.883228494e-13,2.447165984e-13,4.065091202e-13,1.343564723e-13,4.971709242e-14,4.150645343e-14,9.438490462e-14,7.530744421e-14,1.723567597e-13,2.933927169e-13,2.537292274e-13,2.112972962e-13,6.49471518e-14,1.541177129e-13,4.059951292e-14
93.4296875,2.537806369e-13,3.507774172e-13,1.628684011e-13,4.926472773e-13,8.9125946e-14,1.666505628e-13,1.79548908e-13,8.159747457e-14,1.888407946e-14,5.44299792e-13,1.178811688e-13,6.076914663e-14,8.853882928e-14,2.615711261e-13,7.404795999e-13,1.105993573e-12,8.218505278e-13,4.81903199e-13,2.43637744e-13,4.057372098e-13,1.34747085e-13,4.939162489e-14,4.158196607e-14,9.305144749e-14,7.438032731e-14,1.72571506e-13,2.937248217e-13,2.551517287e-13,2.086148655e-13,6.631166311e-14,1.541960425e-13,4.075753406e-14
93.4375,2.529434112e-13,3.525628591e-13,1.625288978e-13,4.907865608e-13,8.736266773e-14,1.634575735e-13,1.789225478e-13,8.077710534e-14,1.879999054e-14,5.435412814e-13,1.182832678e-13,6.042711618e-14,8.804867519e-14,2.612795102e-13,7.369348205e-13,1.096753109e-12,8.153180469e-13,4.753669736e-13,2.426253216e-13,4.048663646e-13,1.350999692e-13,4.908341814e-14,4.166182488e-14,9.17267127e-14,7.343539645e-14,1.727701007e-13,2.939788224e-13,2.567974358e-13,2.059110303e-13,6.769830154e-14,1.544151247e-13,4.095346708e-14
93.4453125,2.524630529e-13,3.546134272e-13,1.621440816e-13,4.886648442e-13,8.562431347e-14,1.60283744e-13,1.782941517e-13,8.001232995e-14,1.873979163e-14,5.427854693e-13,1.187790844e-13,6.009559052e-14,8.75604612e-14,2.610959782e-13,7.331680224e-13,1.08725721e-12,8.085501128e-13,4.688037878e-13,2.415943172e-13,4.03673176e-13,1.354303673e-13,4.879133736e-14,4.172241785e-14,9.042411131e-14,7.244762911e-14,1.728444434e-13,2.939876758e-13,2.586480708e-13,2.032297847e-13,6.907298542e-14,1.547375841e-13,4.116264049e-14
93.453125,2.51989306e-13,3.566842327e-13,1.618021117e-13,4.864558311e-13,8.388032936e-14,1.572024251e-13,1.775978399e-13,7.926864519e-14,1.866731511e-14,5.417578038e-13,1.193461339e-13,5.977679422e-14,8.705629941e-14,2.609199833e-13,7.291193608e-13,1.077410484e-12,8.015230292e-13,4.621910742e-13,2.404721268e-13,4.023551371e-13,1.357489938e-13,4.847835467e-14,4.176509547e-14,8.912373897e-14,7.141967746e-14,1.727737486e-13,2.938406942e-13,2.60468917e-13,2.00572799e-13,7.043375051e-14,1.550042226e-13,4.136993025e-14
93.4609375,2.511232542e-13,3.585012871e-13,1.617115294e-13,4.841661335e-13,8.214519545e-14,1.541693598e-13,1.768208315e-13,7.849794931e-14,1.857632107e-14,5.403768894e-13,1.199645713e-13,5.94837319e-14,8.65375746e-14,2.606456608e-13,7.248794717e-13,1.067308538e-12,7.941338764e-13,4.554367599e-13,2.392574619e-13,4.011706534e-13,1.360702431e-13,4.814103044e-14,4.180414517e-14,8.779561522e-14,7.034755364e-14,1.726550941e-13,2.936480836e-13,2.62096259e-13,1.979506806e-13,7.179579778e-14,1.55207532e-13,4.158934753e-14
93.46875,2.501555128e-13,3.600817575e-13,1.617572591e-13,4.816867154e-13,8.045617923e-14,1.511744595e-13,1.760299309e-13,7.771322828e-14,1.848216604e-14,5.38850822e-13,1.206044005e-13,5.91925411e-14,8.602387737e-14,2.602928096e-13,7.20414817e-13,1.056927573e-12,7.86439394e-13,4.485790153e-13,2.37989763e-13,3.999309218e-13,1.363725015e-13,4.778462292e-14,4.18455325e-14,8.648383475e-14,6.924551709e-14,1.724802791e-13,2.933093396e-13,2.636509642e-13,1.952905114e-13,7.316514479e-14,1.554330209e-13,4.180422433e-14
93.4765625,2.493760915e-13,3.616798002e-13,1.616261601e-13,4.788632205e-13,7.876353614e-14,1.481862894e-13,1.752723843e-13,7.697224496e-14,1.838953392e-14,5.373843798e-13,1.212601507e-13,5.88859036e-14,8.549463999e-14,2.599360099e-13,7.1562477e-13,1.046193718e-12,7.785745933e-13,4.416892294e-13,2.367201146e-13,3.983127221e-13,1.366069832e-13,4.741385897e-14,4.188767346e-14,8.522969262e-14,6.81419418e-14,1.72163325e-13,2.928312125e-13,2.652632818e-13,1.925459728e-13,7.451213352e-14,1.557200322e-13,4.198958293e-14
93.484375,2.487221087e-13,3.634333174e-13,1.613939233e-13,4.757506852e-13,7.708948427e-14,1.451986575e-13,1.744870699e-13,7.62957533e-14,1.830661382e-14,5.358727064e-13,1.22010629e-13,5.860470465e-14,8.494213908e-14,2.596749574e-13,7.1072599e-13,1.03539977e-12,7.706968185e-13,4.34831951e-13,2.354786322e-13,3.965603793e-13,1.367882068e-13,4.705532998e-14,4.191957033e-14,8.404637303e-14,6.702528952e-14,1.717296877e-13,2.923103613e-13,2.669099992e-13,1.89827238e-13,7.58254895e-14,1.560859964e-13,4.217266482e-14
93.4921875,2.481265713e-13,3.652135603e-13,1.613315254e-13,4.725988626e-13,7.555111304e-14,1.422775638e-13,1.736282865e-13,7.563660273e-14,1.824837423e-14,5.341372485e-13,1.228821866e-13,5.837723447e-14,8.440821368e-14,2.594935605e-13,7.058255306e-13,1.024694959e-12,7.627915883e-13,4.280824621e-13,2.342450013e-13,3.951268717e-13,1.36974689e-13,4.67158868e-14,4.194191021e-14,8.292793186e-14,6.58730003e-14,1.712464144e-13,2.916236073e-13,2.685568468e-13,1.871473489e-13,7.714332517e-14,1.565220908e-13,4.237557156e-14
93.5,2.475283365e-13,3.66901338e-13,1.613946699e-13,4.693958525e-13,7.412292081e-14,1.394279934e-13,1.727517365e-13,7.495058234e-14,1.819710105e-14,5.321758856e-13,1.237456832e-13,5.817389958e-14,8.39182862e-14,2.593486353e-13,7.007420902e-13,1.013851589e-12,7.546520265e-13,4.214767481e-13,2.329700279e-13,3.937920681e-13,1.371751434e-13,4.636104681e-14,4.197276446e-14,8.177739263e-14,6.471452191e-14,1.70712595e-13,2.907259084e-13,2.701501395e-13,1.844973235e-13,7.84624184e-14,1.569414402e-13,4.25844709e-14
93.5078125,2.469098126e-13,3.685494184e-13,1.61479942e-13,4.659970046e-13,7.269466623e-14,1.366487654e-13,1.718836441e-13,7.427045449e-14,1.812138116e-14,5.300317178e-13,1.245637548e-13,5.795876493e-14,8.346548882e-14,2.592912318e-13,6.955893202e-13,1.002936803e-12,7.463138458e-13,4.15000065e-13,2.316509191e-13,3.921454703e-13,1.373468685e-13,4.597475345e-14,4.200791861e-14,8.054387131e-14,6.358197735e-14,1.701436294e-13,2.897818321e-13,2.716807267e-13,1.82000355e-13,7.975161728e-14,1.573035151e-13,4.280272598e-14
93.515625,2.463646172e-13,3.70138078e-13,1.617104186e-13,4.624936921e-13,7.123324788e-14,1.340124894e-13,1.709752212e-13,7.365042471e-14,1.803616272e-14,5.27746412e-13,1.255153954e-13,5.773276154e-14,8.303349645e-14,2.592512916e-13,6.9049362e-13,9.920782126e-13,7.379542501e-13,4.085866614e-13,2.303096039e-13,3.903146268e-13,1.374602178e-13,4.557535234e-14,4.203104452e-14,7.935537753e-14,6.244831759e-14,1.695649132e-13,2.88711194e-13,2.73301042e-13,1.795124838e-13,8.104902044e-14,1.577172706e-13,4.302417875e-14
93.5234375,2.458184026e-13,3.715755416e-13,1.621293387e-13,4.589170681e-13,6.9730455e-14,1.315138919e-13,1.700149982e-13,7.308194509e-14,1.796458034e-14,5.25363493e-13,1.266694965e-13,5.753283944e-14,8.259161759e-14,2.591527952e-13,6.852582819e-13,9.81146387e-13,7.295982546e-13,4.022050796e-13,2.28882216e-13,3.884988905e-13,1.37547253e-13,4.516703656e-14,4.205035819e-14,7.828360479e-14,6.12871065e-14,1.689278564e-13,2.873744476e-13,2.750325276e-13,1.768123568e-13,8.238632433e-14,1.582252033e-13,4.322131446e-14
93.53125,2.451195821e-13,3.730227376e-13,1.625603755e-13,4.552257195e-13,6.824627891e-14,1.290539523e-13,1.690496276e-13,7.25300788e-14,1.789176739e-14,5.22833588e-13,1.278559533e-13,5.739098433e-14,8.213127155e-14,2.591809911e-13,6.80007235e-13,9.702993984e-13,7.213417735e-13,3.959280942e-13,2.273117375e-13,3.86726401e-13,1.376622143e-13,4.474265536e-14,4.206751515e-14,7.724418212e-14,6.012590555e-14,1.681799169e-13,2.859905172e-13,2.76667664e-13,1.741684725e-13,8.370963921e-14,1.586867667e-13,4.341254924e-14
93.5390625,2.444207598e-13,3.746409641e-13,1.628825723e-13,4.516091245e-13,6.690525347e-14,1.265965873e-13,1.681056299e-13,7.199550431e-14,1.781320363e-14,5.201262517e-13,1.289813381e-13,5.728409979e-14,8.169015611e-14,2.594341118e-13,6.74970991e-13,9.595998028e-13,7.131542493e-13,3.897681071e-13,2.257142348e-13,3.850036604e-13,1.377851702e-13,4.431332442e-14,4.207409067e-14,7.620705647e-14,5.898485972e-14,1.673192057e-13,2.84673205e-13,2.781888253e-13,1.71751977e-13,8.497345067e-14,1.590380592e-13,4.362886882e-14
93.546875,2.438889206e-13,3.762019345e-13,1.631737101e-13,4.479846219e-13,6.566796823e-14,1.241842667e-13,1.671452987e-13,7.149723274e-14,1.773311575e-14,5.173070304e-13,1.301362199e-13,5.715529545e-14,8.12813386e-14,2.596847714e-13,6.698094775e-13,9.486376704e-13,7.047432862e-13,3.836082447e-13,2.241963683e-13,3.831708196e-13,1.378579027e-13,4.388329274e-14,4.209512314e-14,7.520123995e-14,5.783350542e-14,1.663815713e-13,2.831982093e-13,2.797525267e-13,1.692418201e-13,8.618685362e-14,1.593502445e-13,4.385230199e-14
93.5546875,2.433394114e-13,3.775247431e-13,1.635445555e-13,4.438968655e-13,6.438455135e-14,1.218416801e-13,1.661257533e-13,7.10287442e-14,1.76341271e-14,5.14381365e-13,1.313810274e-13,5.699125779e-14,8.086027512e-14,2.597666323e-13,6.642922207e-13,9.3742151e-13,6.961678424e-13,3.773825303e-13,2.226624755e-13,3.812259845e-13,1.379019566e-13,4.34394152e-14,4.214640861e-14,7.421346346e-14,5.665372946e-14,1.654437283e-13,2.815015822e-13,2.813334026e-13,1.666096453e-13,8.735625232e-14,1.596136384e-13,4.405681536e-14
93.5625,2.42651463e-13,3.787754881e-13,1.639588573e-13,4.395204738e-13,6.307685129e-14,1.195402698e-13,1.650948668e-13,7.056487048e-14,1.753412921e-14,5.113219837e-13,1.326557296e-13,5.684601533e-14,8.041237134e-14,2.598016947e-13,6.58760557e-13,9.262838601e-13,6.876907956e-13,3.711514417e-13,2.21038932e-13,3.793711813e-13,1.379781684e-13,4.298883545e-14,4.219688052e-14,7.325199289e-14,5.548150106e-14,1.645093246e-13,2.796890337e-13,2.828511941e-13,1.641156718e-13,8.847776513e-14,1.598236237e-13,4.42407477e-14
93.5703125,2.420028055e-13,3.800279319e-13,1.643416011e-13,4.355031919e-13,6.184922506e-14,1.172851652e-13,1.641043099e-13,7.011621782e-14,1.746619359e-14,5.081482968e-13,1.338611742e-13,5.675801461e-14,7.99829572e-14,2.599509273e-13,6.534325935e-13,9.151806674e-13,6.792095646e-13,3.650255585e-13,2.193863351e-13,3.774874036e-13,1.380775278e-13,4.254617117e-14,4.224102624e-14,7.234843278e-14,5.434117079e-14,1.634886154e-13,2.777623748e-13,2.842976395e-13,1.616535201e-13,8.956233746e-14,1.60093865e-13,4.443048275e-14
93.578125,2.413994348e-13,3.812025071e-13,1.647729016e-13,4.317292548e-13,6.065313007e-14,1.15144927e-13,1.630772961e-13,6.971577792e-14,1.739499369e-14,5.048471111e-13,1.350083565e-13,5.667890592e-14,7.957583329e-14,2.601446167e-13,6.481704395e-13,9.041396897e-13,6.706333825e-13,3.590284617e-13,2.176812688e-13,3.755728261e-13,1.381537918e-13,4.209532181e-14,4.230718613e-14,7.149717569e-14,5.319788576e-14,1.623851133e-13,2.757263875e-13,2.856223327e-13,1.590895303e-13,9.063080158e-14,1.604171177e-13,4.465527895e-14
93.5859375,2.406621226e-13,3.822928401e-13,1.653579196e-13,4.276345237e-13,5.941659241e-14,1.131116118e-13,1.619686583e-13,6.934210667e-14,1.728922268e-14,5.014660067e-13,1.362544677e-13,5.655561002e-14,7.913222104e-14,2.602227122e-13,6.427493011e-13,8.931832173e-13,6.620148286e-13,3.530344016e-13,2.158578046e-13,3.738752233e-13,1.38193842e-13,4.161930808e-14,4.238103742e-14,7.067065658e-14,5.202268619e-14,1.612316101e-13,2.735409036e-13,2.868949775e-13,1.565446225e-13,9.16875282e-14,1.606459842e-13,4.48859278e-14
93.59375,2.39912195e-13,3.832536877e-13,1.660617305e-13,4.23304104e-13,5.821935631e-14,1.111446899e-13,1.608933506e-13,6.895724145e-14,1.7183017e-14,4.981192782e-13,1.376639016e-13,5.642091615e-14,7.865254593e-14,2.602700988e-13,6.370421103e-13,8.819884622e-13,6.532822524e-13,3.470195955e-13,2.139737522e-13,3.720920644e-13,1.381996385e-13,4.113023289e-14,4.243589942e-14,6.984378255e-14,5.084130381e-14,1.599653601e-13,2.710809659e-13,2.882882363e-13,1.540147017e-13,9.271568086e-14,1.60803562e-13,4.508614833e-14
93.6015625,2.393857197e-13,3.841299241e-13,1.668319792e-13,4.190943887e-13,5.712999895e-14,1.09313854e-13,1.599030342e-13,6.859000994e-14,1.709024835e-14,4.947268738e-13,1.391325737e-13,5.632474509e-14,7.82080984e-14,2.60454535e-13,6.312769719e-13,8.707492397e-13,6.445692303e-13,3.41185468e-13,2.120632715e-13,3.700311156e-13,1.381676834e-13,4.064483944e-14,4.24860651e-14,6.903980819e-14,4.9678408e-14,1.586370313e-13,2.684179511e-13,2.897618291e-13,1.514780258e-13,9.372315307e-14,1.610662073e-13,4.528371761e-14
93.609375,2.389880076e-13,3.851415982e-13,1.676447472e-13,4.148651805e-13,5.609715598e-14,1.076001064e-13,1.588938581e-13,6.827844483e-14,1.700007872e-14,4.911356579e-13,1.406350279e-13,5.626940936e-14,7.780674725e-14,2.606929954e-13,6.25733026e-13,8.600076538e-13,6.360702218e-13,3.356003308e-13,2.100926842e-13,3.682240812e-13,1.381054845e-13,4.016869222e-14,4.252784783e-14,6.83216363e-14,4.852174816e-14,1.573797185e-13,2.657152835e-13,2.912258784e-13,1.490411359e-13,9.474243921e-14,1.614841076e-13,4.54975466e-14
93.6171875,2.38491302e-13,3.862135719e-13,1.684609438e-13,4.103441244e-13,5.509281783e-14,1.058367417e-13,1.578091987e-13,6.799657739e-14,1.692149458e-14,4.873989259e-13,1.422152273e-13,5.623798642e-14,7.739399665e-14,2.608482501e-13,6.202081996e-13,8.49494461e-13,6.275572793e-13,3.300855084e-13,2.081067804e-13,3.666235585e-13,1.380276123e-13,3.969540668e-14,4.253667003e-14,6.767030379e-14,4.736366338e-14,1.561264563e-13,2.629455995e-13,2.927208556e-13,1.466353356e-13,9.575541753e-14,1.619761114e-13,4.571744849e-14
93.625,2.378467321e-13,3.870099551e-13,1.693392468e-13,4.056523835e-13,5.413680166e-14,1.040543096e-13,1.566705603e-13,6.770395257e-14,1.684613486e-14,4.835729194e-13,1.438205414e-13,5.620575075e-14,7.699019486e-14,2.609282304e-13,6.144363013e-13,8.387166755e-13,6.188541581e-13,3.245430174e-13,2.06129786e-13,3.646319965e-13,1.37952434e-13,3.921763645e-14,4.254408986e-14,6.700712681e-14,4.621519236e-14,1.547681877e-13,2.600623811e-13,2.941454724e-13,1.441459542e-13,9.670351632e-14,1.625243534e-13,4.594742249e-14
93.6328125,2.371748376e-13,3.874861731e-13,1.703511951e-13,4.010834303e-13,5.324165517e-14,1.024368532e-13,1.554854439e-13,6.740726067e-14,1.676504208e-14,4.795981041e-13,1.454070341e-13,5.616289434e-14,7.666970318e-14,2.609809705e-13,6.085879843e-13,8.278409774e-13,6.101158607e-13,3.190263402e-13,2.040969446e-13,3.624814033e-13,1.379092194e-13,3.875041238e-14,4.259182128e-14,6.633583283e-14,4.507883533e-14,1.533584648e-13,2.570806661e-13,2.953613633e-13,1.416662006e-13,9.757374712e-14,1.63167141e-13,4.616527104e-14
93.640625,2.366206033e-13,3.878707644e-13,1.713625344e-13,3.966520709e-13,5.243813313e-14,1.009813305e-13,1.542972708e-13,6.71427521e-14,1.669339349e-14,4.755044644e-13,1.46965466e-13,5.613585529e-14,7.641155038e-14,2.611054933e-13,6.02925482e-13,8.17168656e-13,6.01441468e-13,3.136101192e-13,2.019999876e-13,3.606412988e-13,1.378987191e-13,3.829951754e-14,4.265595354e-14,6.572028414e-14,4.395583879e-14,1.519413628e-13,2.539790829e-13,2.964423384e-13,1.392722525e-13,9.838071915e-14,1.638176256e-13,4.635668197e-14
93.6484375,2.361679341e-13,3.883723943e-13,1.722760841e-13,3.921226304e-13,5.16870818e-14,9.960243605e-14,1.531671084e-13,6.692709513e-14,1.662028273e-14,4.713621353e-13,1.484723808e-13,5.613500494e-14,7.612172086e-14,2.613630158e-13,5.97487326e-13,8.068180229e-13,5.929738648e-13,3.08383923e-13,1.998591158e-13,3.588961313e-13,1.378776866e-13,3.783200272e-14,4.2711699e-14,6.518709122e-14,4.286318984e-14,1.505054074e-13,2.508445311e-13,2.974527802e-13,1.369610611e-13,9.911349948e-14,1.643454698e-13,4.656815226e-14
93.65625,2.357177433e-13,3.889355056e-13,1.732816237e-13,3.874619926e-13,5.091516562e-14,9.831031608e-14,1.520708217e-13,6.67481109e-14,1.653830518e-14,4.67173864e-13,1.500367316e-13,5.614610164e-14,7.578515876e-14,2.616351837e-13,5.921572227e-13,7.967505631e-13,5.848602224e-13,3.033598047e-13,1.976625061e-13,3.570268901e-13,1.378326041e-13,3.734134119e-14,4.277364981e-14,6.471188248e-14,4.18066422e-14,1.490527981e-13,2.477575774e-13,2.98436766e-13,1.347469445e-13,9.97901133e-14,1.648325655e-13,4.680981309e-14
93.6640625,2.352317963e-13,3.891548028e-13,1.74487059e-13,3.828653817e-13,5.018468749e-14,9.708046118e-14,1.509498022e-13,6.657764882e-14,1.64683026e-14,4.629469024e-13,1.517751071e-13,5.616042562e-14,7.544861099e-14,2.618164586e-13,5.867684121e-13,7.86612411e-13,5.768428781e-13,2.984075058e-13,1.954264243e-13,3.551796702e-13,1.377938287e-13,3.685707647e-14,4.284091138e-14,6.425610834e-14,4.076345933e-14,1.475382925e-13,2.445169401e-13,2.994956072e-13,1.325483889e-13,1.004698357e-13,1.653960898e-13,4.70350707e-14
93.671875,2.345633524e-13,3.889024449e-13,1.756954432e-13,3.782873145e-13,4.949610471e-14,9.584673343e-14,1.497905929e-13,6.637976707e-14,1.638679529e-14,4.586476962e-13,1.53566943e-13,5.614409482e-14,7.510189995e-14,2.61872486e-13,5.812713379e-13,7.762197433e-13,5.686203227e-13,2.934235886e-13,1.931197277e-13,3.534339006e-13,1.377591115e-13,3.636450368e-14,4.290930133e-14,6.382247731e-14,3.971839338e-14,1.459331299e-13,2.409838125e-13,3.004890304e-13,1.302950169e-13,1.011388986e-13,1.659030279e-13,4.722358851e-14
93.6796875,2.336288262e-13,3.88558038e-13,1.767932641e-13,3.735186747e-13,4.871611092e-14,9.46360321e-14,1.48600727e-13,6.616348473e-14,1.626651366e-14,4.542361417e-13,1.55321859e-13,5.606848762e-14,7.471637035e-14,2.617265466e-13,5.757265461e-13,7.658417456e-13,5.602537491e-13,2.8841363e-13,1.906936743e-13,3.516458293e-13,1.376927165e-13,3.583923132e-14,4.299250559e-14,6.342445382e-14,3.868151269e-14,1.442798279e-13,2.373732186e-13,3.01230646e-13,1.280772429e-13,1.017186773e-13,1.662497126e-13,4.737533596e-14
93.6875,2.327113416e-13,3.881380379e-13,1.778885531e-13,3.686097442e-13,4.794125786e-14,9.351651402e-14,1.473981198e-13,6.598277954e-14,1.614412958e-14,4.497899394e-13,1.571403954e-13,5.597174122e-14,7.431290476e-14,2.614584582e-13,5.700967533e-13,7.555066415e-13,5.518121019e-13,2.833882496e-13,1.8824221e-13,3.496432941e-13,1.375718312e-13,3.531581848e-14,4.307157859e-14,6.302908999e-14,3.765931548e-14,1.425723883e-13,2.33817022e-13,3.018724238e-13,1.259300914e-13,1.0220594e-13,1.665740415e-13,4.751107118e-14
93.6953125,2.319442338e-13,3.873498275e-13,1.790081532e-13,3.637175629e-13,4.733862865e-14,9.246813844e-14,1.462006898e-13,6.583141845e-14,1.603680629e-14,4.453404344e-13,1.589950713e-13,5.589247924e-14,7.390118845e-14,2.612704564e-13,5.643576344e-13,7.44992505e-13,5.432843013e-13,2.783351679e-13,1.858286346e-13,3.475409288e-13,1.373905836e-13,3.481883146e-14,4.312351298e-14,6.264282836e-14,3.665210078e-14,1.407977031e-13,2.301783618e-13,3.024753736e-13,1.237970034e-13,1.026363653e-13,1.669323804e-13,4.767151e-14
93.703125,2.310205352e-13,3.863972948e-13,1.801050449e-13,3.58920839e-13,4.676143724e-14,9.14388593e-14,1.449948538e-13,6.568172637e-14,1.592026278e-14,4.408161968e-13,1.607551331e-13,5.581542655e-14,7.347559825e-14,2.610996746e-13,5.587017596e-13,7.345454627e-13,5.348253044e-13,2.732790919e-13,1.833542973e-13,3.456175697e-13,1.371787469e-13,3.432149562e-14,4.317861093e-14,6.232377679e-14,3.566919383e-14,1.390251315e-13,2.264371398e-13,3.028746901e-13,1.217102465e-13,1.029902615e-13,1.672179605e-13,4.785275542e-14
93.7109375,2.298375811e-13,3.854683651e-13,1.812505594e-13,3.543114427e-13,4.608009986e-14,9.049585087e-14,1.437683034e-13,6.559189071e-14,1.579156353e-14,4.362668262e-13,1.624677952e-13,5.571559095e-14,7.306805718e-14,2.607689111e-13,5.53272251e-13,7.245200699e-13,5.26572617e-13,2.683010226e-13,1.807964892e-13,3.438230673e-13,1.369915699e-13,3.380378139e-14,4.32498257e-14,6.205185737e-14,3.471191965e-14,1.372682033e-13,2.227094917e-13,3.032003271e-13,1.196711299e-13,1.032835942e-13,1.674239632e-13,4.802872338e-14
93.71875,2.286430032e-13,3.843079991e-13,1.824686853e-13,3.497710118e-13,4.541089219e-14,8.971649861e-14,1.425343248e-13,6.557957633e-14,1.565128311e-14,4.317618743e-13,1.642194898e-13,5.558931327e-14,7.268168789e-14,2.603683847e-13,5.479127282e-13,7.146931702e-13,5.18449591e-13,2.63460634e-13,1.782174426e-13,3.418972558e-13,1.368383892e-13,3.32672693e-14,4.330119267e-14,6.178810105e-14,3.377250938e-14,1.354461736e-13,2.189557413e-13,3.036072417e-13,1.17596428e-13,1.035529448e-13,1.676314274e-13,4.819393892e-14
93.7265625,2.275010701e-13,3.828787558e-13,1.836156564e-13,3.45025024e-13,4.479777697e-14,8.898173299e-14,1.413032703e-13,6.555793378e-14,1.550218958e-14,4.271981577e-13,1.659546636e-13,5.545980476e-14,7.225949038e-14,2.600118223e-13,5.42494921e-13,7.048008828e-13,5.103351532e-13,2.586790019e-13,1.755925478e-13,3.398441732e-13,1.36679205e-13,3.27236027e-14,4.333375893e-14,6.158107272e-14,3.285589803e-14,1.335649542e-13,2.150809172e-13,3.038081394e-13,1.155392654e-13,1.037256192e-13,1.678502875e-13,4.834390886e-14
93.734375,2.262228604e-13,3.812682973e-13,1.846506611e-13,3.401689088e-13,4.417328832e-14,8.817713273e-14,1.400938575e-13,6.550928624e-14,1.53614679e-14,4.225247347e-13,1.675947201e-13,5.533865554e-14,7.178588383e-14,2.595543391e-13,5.371791669e-13,6.950596492e-13,5.022107525e-13,2.538280562e-13,1.72917535e-13,3.379162291e-13,1.364771928e-13,3.219183647e-14,4.337724109e-14,6.144219345e-14,3.196925803e-14,1.317306236e-13,2.111591891e-13,3.036263065e-13,1.136129476e-13,1.037663972e-13,1.680222779e-13,4.84979904e-14
93.7421875,2.247908207e-13,3.794241686e-13,1.85699204e-13,3.354688388e-13,4.354986111e-14,8.741430269e-14,1.389244318e-13,6.548374612e-14,1.522076341e-14,4.178659691e-13,1.691389456e-13,5.518984028e-14,7.131553356e-14,2.58929964e-13,5.321171624e-13,6.856473767e-13,4.941512893e-13,2.489821185e-13,1.702701855e-13,3.362331326e-13,1.362148413e-13,3.16782725e-14,4.341971637e-14,6.13102633e-14,3.111273158e-14,1.29954408e-13,2.073115874e-13,3.033715694e-13,1.117509824e-13,1.037828699e-13,1.681410549e-13,4.86733615e-14
93.75,2.235402862e-13,3.775566106e-13,1.86750188e-13,3.308751447e-13,4.300261135e-14,8.678118955e-14,1.377623893e-13,6.548015633e-14,1.507271197e-14,4.132785796e-13,1.70647333e-13,5.500165717e-14,7.089345086e-14,2.583372756e-13,5.272967793e-13,6.765072953e-13,4.862831885e-13,2.443481848e-13,1.676801957e-13,3.346007975e-13,1.359028297e-13,3.118334773e-14,4.344371134e-14,6.12106377e-14,3.029148529e-14,1.281371365e-13,2.035130076e-13,3.032529712e-13,1.098570464e-13,1.037904343e-13,1.683070735e-13,4.884178908e-14
93.7578125,2.22548003e-13,3.756481947e-13,1.876857496e-13,3.263307395e-13,4.253870349e-14,8.621715668e-14,1.365746647e-13,6.550171019e-14,1.492882126e-14,4.086639085e-13,1.721483422e-13,5.479705298e-14,7.047600288e-14,2.577854064e-13,5.227181954e-13,6.677053075e-13,4.78671292e-13,2.399106622e-13,1.650707733e-13,3.329311783e-13,1.355715381e-13,3.069413592e-14,4.346609584e-14,6.122520754e-14,2.950643109e-14,1.262775391e-13,1.996582356e-13,3.030069846e-13,1.08001584e-13,1.036938002e-13,1.684977711e-13,4.900761952e-14
93.765625,2.212632713e-13,3.732262679e-13,1.8858912e-13,3.219460645e-13,4.202940509e-14,8.570992855e-14,1.353824242e-13,6.557147434e-14,1.476793055e-14,4.039570149e-13,1.735982217e-13,5.455472549e-14,6.996116624e-14,2.570119777e-13,5.183097618e-13,6.592404042e-13,4.712245211e-13,2.354577613e-13,1.623241156e-13,3.314887051e-13,1.352468137e-13,3.016691648e-14,4.350393045e-14,6.131708619e-14,2.874544411e-14,1.244726379e-13,1.95738066e-13,3.023737294e-13,1.062414579e-13,1.035216378e-13,1.685266655e-13,4.919765156e-14
93.7734375,2.195928298e-13,3.705416251e-13,1.89614006e-13,3.176834453e-13,4.146228073e-14,8.526807618e-14,1.341943566e-13,6.567330254e-14,1.459123581e-14,3.992509046e-13,1.750327077e-13,5.428798694e-14,6.939441529e-14,2.561008325e-13,5.139385639e-13,6.509269849e-13,4.638654718e-13,2.309780729e-13,1.595130365e-13,3.302969542e-13,1.349498613e-13,2.961530908e-14,4.356145187e-14,6.137491304e-14,2.800281595e-14,1.227032582e-13,1.918511961e-13,3.01616895e-13,1.045119338e-13,1.033529547e-13,1.684949201e-13,4.938742278e-14
93.78125,2.182280922e-13,3.682393893e-13,1.90688562e-13,3.134728794e-13,4.106478922e-14,8.485213901e-14,1.329972369e-13,6.579063995e-14,1.44503354e-14,3.946549341e-13,1.76540402e-13,5.407801378e-14,6.897092299e-14,2.554281392e-13,5.097174075e-13,6.427996891e-13,4.566941629e-13,2.266568451e-13,1.568863915e-13,3.290528912e-13,1.346628587e-13,2.912111834e-14,4.363608138e-14,6.138994754e-14,2.729189187e-14,1.208893903e-13,1.880490461e-13,3.011209675e-13,1.028275064e-13,1.03146647e-13,1.686838527e-13,4.957228771e-14
93.7890625,2.171767032e-13,3.659798522e-13,1.916920018e-13,3.093873463e-13,4.083534756e-14,8.449306693e-14,1.318006282e-13,6.592748416e-14,1.433072938e-14,3.900814802e-13,1.780219866e-13,5.389895624e-14,6.867709173e-14,2.549178712e-13,5.057967701e-13,6.349989261e-13,4.497493561e-13,2.224979282e-13,1.543975065e-13,3.277421034e-13,1.34329062e-13,2.867282563e-14,4.37142264e-14,6.144310852e-14,2.662815184e-14,1.190845704e-13,1.84270874e-13,3.006300107e-13,1.012740514e-13,1.028323724e-13,1.689523384e-13,4.976892476e-14
93.796875,2.158525026e-13,3.632585645e-13,1.926931248e-13,3.054382017e-13,4.051585324e-14,8.423247594e-14,1.305853398e-13,6.609299288e-14,1.418047988e-14,3.853800007e-13,1.793476413e-13,5.365777649e-14,6.830164196e-14,2.5421956e-13,5.020325543e-13,6.274709247e-13,4.429039461e-13,2.183467847e-13,1.517754473e-13,3.264794904e-13,1.339602858e-13,2.819052648e-14,4.378949546e-14,6.156588652e-14,2.600383934e-14,1.173661869e-13,1.804660134e-13,2.996684897e-13,9.97900943e-14,1.024144694e-13,1.690597532e-13,4.995416355e-14
93.8046875,2.144433705e-13,3.603431578e-13,1.937771383e-13,3.015465687e-13,4.014260188e-14,8.403493326e-14,1.293238428e-13,6.629239881e-14,1.402313603e-14,3.806278773e-13,1.806156211e-13,5.338883632e-14,6.786685616e-14,2.533788617e-13,4.983123998e-13,6.201791185e-13,4.361816462e-13,2.142084571e-13,1.491003411e-13,3.252246125e-13,1.336147642e-13,2.769452906e-14,4.386664528e-14,6.173427235e-14,2.540148884e-14,1.156929807e-13,1.76659653e-13,2.984607859e-13,9.828325063e-14,1.019499842e-13,1.69163995e-13,5.013654587e-14
93.8125,2.132697303e-13,3.573981132e-13,1.948769002e-13,2.976236563e-13,3.988095464e-14,8.389676385e-14,1.280751003e-13,6.648370085e-14,1.388099735e-14,3.759923518e-13,1.819021596e-13,5.314894443e-14,6.754195976e-14,2.525722676e-13,4.94700453e-13,6.130800886e-13,4.297059221e-13,2.101861476e-13,1.465661222e-13,3.240721871e-13,1.332634222e-13,2.722958373e-14,4.393574985e-14,6.193306129e-14,2.482702959e-14,1.140160984e-13,1.728730225e-13,2.974612763e-13,9.682579829e-14,1.01468813e-13,1.693456371e-13,5.033981729e-14
93.8203125,2.120240415e-13,3.543672442e-13,1.959118728e-13,2.936467857e-13,3.965257258e-14,8.383119658e-14,1.26893673e-13,6.6633603e-14,1.372543375e-14,3.714317211e-13,1.831176457e-13,5.290264734e-14,6.727121561e-14,2.517467661e-13,4.912360502e-13,6.060980259e-13,4.234230428e-13,2.062681101e-13,1.440385139e-13,3.231358241e-13,1.328720769e-13,2.676648553e-14,4.398034691e-14,6.214795984e-14,2.429165006e-14,1.123619082e-13,1.691230349e-13,2.965005787e-13,9.549748605e-14,1.009246307e-13,1.694710773e-13,5.053827279e-14
93.828125,2.106073748e-13,3.514305635e-13,1.9692368e-13,2.898524173e-13,3.941503097e-14,8.379620537e-14,1.257299621e-13,6.67891028e-14,1.356413762e-14,3.668190408e-13,1.84260729e-13,5.266247405e-14,6.694923018e-14,2.509206583e-13,4.880721988e-13,5.994362752e-13,4.172861169e-13,2.024218129e-13,1.414372863e-13,3.22349271e-13,1.325087212e-13,2.630645054e-14,4.400692667e-14,6.236960603e-14,2.378977502e-14,1.107602138e-13,1.654665541e-13,2.952537066e-13,9.4270488e-14,1.00299208e-13,1.696503565e-13,5.073658167e-14
93.8359375,2.091875121e-13,3.48447914e-13,1.979496418e-13,2.864046275e-13,3.921213773e-14,8.377411934e-14,1.245382851e-13,6.698163401e-14,1.342526343e-14,3.621831495e-13,1.853752356e-13,5.245861199e-14,6.662972611e-14,2.501244025e-13,4.852607388e-13,5.931577422e-13,4.112787714e-13,1.986509852e-13,1.388926502e-13,3.216191641e-13,1.321927516e-13,2.587746796e-14,4.403936211e-14,6.261652922e-14,2.331860389e-14,1.091753899e-13,1.618760156e-13,2.938387021e-13,9.308153676e-14,9.963862103e-14,1.699480938e-13,5.09516087e-14
93.84375,2.077455496e-13,3.450632864e-13,1.988927795e-13,2.829112269e-13,3.897759171e-14,8.378274724e-14,1.233329661e-13,6.719705618e-14,1.3292513e-14,3.576083529e-13,1.863864715e-13,5.218602594e-14,6.632879362e-14,2.491213551e-13,4.823943063e-13,5.868352018e-13,4.05230466e-13,1.948783301e-13,1.363825061e-13,3.208460308e-13,1.318295737e-13,2.544884652e-14,4.408856525e-14,6.29184746e-14,2.287176646e-14,1.075375175e-13,1.582054122e-13,2.92418225e-13,9.184587439e-14,9.892168928e-14,1.701042867e-13,5.115690137e-14
93.8515625,2.063463007e-13,3.41413009e-13,1.997126881e-13,2.790059759e-13,3.871165819e-14,8.383667143e-14,1.221206889e-13,6.743085077e-14,1.313804223e-14,3.530543349e-13,1.872813377e-13,5.177170203e-14,6.600615572e-14,2.478199857e-13,4.79325186e-13,5.804518539e-13,3.991883733e-13,1.910736102e-13,1.338324716e-13,3.201414312e-13,1.313863635e-13,2.500177141e-14,4.414011236e-14,6.33033177e-14,2.244012311e-14,1.058636411e-13,1.544607205e-13,2.908889341e-13,9.057318186e-14,9.812338803e-14,1.700636892e-13,5.136643148e-14
93.859375,2.050022503e-13,3.377352078e-13,2.005496497e-13,2.75006145e-13,3.850678605e-14,8.39696586e-14,1.209021603e-13,6.76385863e-14,1.296278573e-14,3.484477741e-13,1.881304846e-13,5.13412595e-14,6.57147705e-14,2.465293959e-13,4.765398988e-13,5.745433351e-13,3.934905887e-13,1.874147459e-13,1.3132056e-13,3.197603656e-13,1.30930935e-13,2.456524281e-14,4.418039538e-14,6.375804272e-14,2.204470549e-14,1.042534525e-13,1.508511934e-13,2.891939603e-13,8.940606643e-14,9.731630307e-14,1.700622369e-13,5.15918668e-14
93.8671875,2.036753251e-13,3.340491127e-13,2.014006557e-13,2.712966925e-13,3.836815622e-14,8.416382297e-14,1.19684025e-13,6.778119141e-14,1.279060715e-14,3.438524171e-13,1.889042837e-13,5.098955915e-14,6.549954258e-14,2.453860729e-13,4.741339793e-13,5.690780459e-13,3.881451805e-13,1.840209008e-13,1.289005695e-13,3.194703497e-13,1.304935258e-13,2.414847285e-14,4.421860924e-14,6.423259622e-14,2.169935547e-14,1.027117251e-13,1.474413266e-13,2.874780796e-13,8.836741236e-14,9.649823583e-14,1.701513235e-13,5.178567892e-14
93.875,2.026025343e-13,3.304011006e-13,2.020528087e-13,2.677275517e-13,3.825898911e-14,8.434788946e-14,1.184650557e-13,6.791252203e-14,1.263458089e-14,3.39377219e-13,1.895548072e-13,5.062115591e-14,6.530974009e-14,2.441307208e-13,4.716469949e-13,5.635878478e-13,3.829067567e-13,1.807364903e-13,1.265368002e-13,3.189758683e-13,1.300348819e-13,2.37450843e-14,4.426439067e-14,6.47446631e-14,2.137866014e-14,1.011535893e-13,1.440894321e-13,2.858290401e-13,8.738501796e-14,9.558670805e-14,1.701873715e-13,5.195912928e-14
93.8828125,2.016076398e-13,3.26662752e-13,2.02541172e-13,2.640775065e-13,3.811760304e-14,8.454481259e-14,1.172564571e-13,6.806485828e-14,1.247233021e-14,3.349665693e-13,1.900881348e-13,5.016968444e-14,6.508997012e-14,2.426716549e-13,4.690545153e-13,5.580705945e-13,3.777757322e-13,1.774032373e-13,1.241551824e-13,3.185745515e-13,1.295255133e-13,2.334589349e-14,4.43141183e-14,6.531410833e-14,2.107764325e-14,9.958809942e-14,1.407320926e-13,2.840866469e-13,8.650956325e-14,9.46193121e-14,1.700855726e-13,5.214590065e-14
93.890625,2.001497722e-13,3.22710728e-13,2.031152748e-13,2.604766596e-13,3.790671603e-14,8.482530326e-14,1.160540963e-13,6.820587311e-14,1.229087825e-14,3.304777757e-13,1.905061606e-13,4.972301304e-14,6.484559625e-14,2.412797937e-13,4.666677974e-13,5.526783515e-13,3.727882314e-13,1.740695971e-13,1.217040687e-13,3.183632614e-13,1.289945047e-13,2.293572616e-14,4.436457676e-14,6.583872564e-14,2.080951093e-14,9.808750272e-14,1.374043177e-13,2.820926377e-13,8.574259151e-14,9.365357801e-14,1.699368637e-13,5.23143197e-14
93.8984375,1.985271454e-13,3.188206644e-13,2.037644775e-13,2.570917262e-13,3.773167737e-14,8.517874238e-14,1.148309781e-13,6.834164916e-14,1.211302125e-14,3.259400189e-13,1.908863339e-13,4.934115229e-14,6.464417868e-14,2.40107826e-13,4.644925086e-13,5.473670518e-13,3.678998479e-13,1.708196111e-13,1.192811135e-13,3.180249187e-13,1.284920854e-13,2.252959461e-14,4.440416798e-14,6.629618875e-14,2.055843556e-14,9.66482644e-14,1.341238796e-13,2.800081226e-13,8.497499975e-14,9.264803694e-14,1.699387086e-13,5.247406999e-14
93.90625,1.97290142e-13,3.150157684e-13,2.043526815e-13,2.538223975e-13,3.765745141e-14,8.55891467e-14,1.136186247e-13,6.849224371e-14,1.194224573e-14,3.21538443e-13,1.913029411e-13,4.896436773e-14,6.453323475e-14,2.39012638e-13,4.624946374e-13,5.422819478e-13,3.632293212e-13,1.676690729e-13,1.169828668e-13,3.17628528e-13,1.280077475e-13,2.214460945e-14,4.441586153e-14,6.68287685e-14,2.032377253e-14,9.524595649e-14,1.309251051e-13,2.780377591e-13,8.421994564e-14,9.160796002e-14,1.700904408e-13,5.265886455e-14
93.9140625,1.961924102e-13,3.109313946e-13,2.04926607e-13,2.505265116e-13,3.760841484e-14,8.606182897e-14,1.124713111e-13,6.86580892e-14,1.176279571e-14,3.173468983e-13,1.916477611e-13,4.854199704e-14,6.44738127e-14,2.37913071e-13,4.607790415e-13,5.375993576e-13,3.588310708e-13,1.64651447e-13,1.147306669e-13,3.173500467e-13,1.274884016e-13,2.176307963e-14,4.440777171e-14,6.744760079e-14,2.013377446e-14,9.390205376e-14,1.2779897e-13,2.760517893e-13,8.352027851e-14,9.056530253e-14,1.702106191e-13,5.283898777e-14
93.921875,1.950222873e-13,3.067687027e-13,2.054721574e-13,2.472725643e-13,3.756610561e-14,8.655520266e-14,1.113581867e-13,6.884666676e-14,1.158834527e-14,3.132287661e-13,1.918171013e-13,4.810237167e-14,6.442834309e-14,2.368713545e-13,4.592849231e-13,5.331934329e-13,3.545702827e-13,1.617854703e-13,1.124852209e-13,3.171612593e-13,1.269406907e-13,2.138294209e-14,4.439838137e-14,6.803902478e-14,1.998564745e-14,9.262366212e-14,1.246901051e-13,2.739214295e-13,8.284630825e-14,8.946305089e-14,1.702922451e-13,5.301690615e-14
93.9296875,1.939499845e-13,3.029908646e-13,2.058414135e-13,2.44169258e-13,3.755506077e-14,8.705534848e-14,1.102217337e-13,6.903779492e-14,1.143408973e-14,3.09030742e-13,1.918512979e-13,4.76820672e-14,6.439540853e-14,2.358057193e-13,4.578811786e-13,5.289598763e-13,3.504469628e-13,1.589818633e-13,1.10310799e-13,3.172565356e-13,1.264057141e-13,2.101849797e-14,4.43933155e-14,6.862427738e-14,1.985203436e-14,9.140451216e-14,1.216722563e-13,2.718052714e-13,8.22427638e-14,8.827581068e-14,1.70402974e-13,5.322389725e-14
93.9375,1.928770581e-13,2.993391492e-13,2.060731925e-13,2.411840217e-13,3.755567956e-14,8.758225901e-14,1.090646005e-13,6.921076519e-14,1.12901061e-14,3.047979064e-13,1.917698945e-13,4.726967425e-14,6.436121645e-14,2.345534427e-13,4.565520783e-13,5.249132434e-13,3.46508848e-13,1.561410402e-13,1.082019261e-13,3.176684579e-13,1.258511875e-13,2.066957904e-14,4.440547295e-14,6.926153026e-14,1.972266477e-14,9.024686761e-14,1.188392368e-13,2.697267361e-13,8.172604995e-14,8.705449966e-14,1.70481415e-13,5.342178186e-14
93.9453125,1.91720798e-13,2.953729838e-13,2.063245357e-13,2.382334594e-13,3.758129055e-14,8.808671767e-14,1.079178936e-13,6.938901531e-14,1.115607543e-14,3.007177844e-13,1.915947325e-13,4.68298268e-14,6.434100996e-14,2.331711771e-13,4.55286306e-13,5.209773175e-13,3.426679194e-13,1.532960438e-13,1.061399245e-13,3.179983872e-13,1.252173173e-13,2.035050519e-14,4.443830327e-14,6.991981971e-14,1.960822045e-14,8.910355694e-14,1.160960595e-13,2.674871464e-13,8.120016183e-14,8.580761153e-14,1.705275737e-13,5.358187977e-14
93.953125,1.906430542e-13,2.911665619e-13,2.065704959e-13,2.352792262e-13,3.764341123e-14,8.856142793e-14,1.0680443e-13,6.957898436e-14,1.103480857e-14,2.968421589e-13,1.913862669e-13,4.634575866e-14,6.434319873e-14,2.318023049e-13,4.541174306e-13,5.171986062e-13,3.389396741e-13,1.50516064e-13,1.041322321e-13,3.181544789e-13,1.245331225e-13,2.00669036e-14,4.446237827e-14,7.060794848e-14,1.952702913e-14,8.793144461e-14,1.133398695e-13,2.651116953e-13,8.064606841e-14,8.452856298e-14,1.705847959e-13,5.374928296e-14
93.9609375,1.896283588e-13,2.868631143e-13,2.066954946e-13,2.324060773e-13,3.770714257e-14,8.912148843e-14,1.057195919e-13,6.97664234e-14,1.090017368e-14,2.930002045e-13,1.910853052e-13,4.58222566e-14,6.43025587e-14,2.304024357e-13,4.531673643e-13,5.137648006e-13,3.353934902e-13,1.477638744e-13,1.021445697e-13,3.183951072e-13,1.238745147e-13,1.978615516e-14,4.44696601e-14,7.136559828e-14,1.947650795e-14,8.678844729e-14,1.106051209e-13,2.627073879e-13,8.011026933e-14,8.324329399e-14,1.705875668e-13,5.396264774e-14
93.96875,1.885964073e-13,2.825299141e-13,2.067220082e-13,2.297950794e-13,3.775552174e-14,8.980831787e-14,1.046362682e-13,6.995167136e-14,1.073567015e-14,2.890743091e-13,1.906372003e-13,4.527480063e-14,6.420172775e-14,2.288984085e-13,4.524601689e-13,5.106291227e-13,3.319335833e-13,1.450462455e-13,1.001769136e-13,3.187600835e-13,1.232521128e-13,1.949437253e-14,4.448635548e-14,7.214723388e-14,1.943539535e-14,8.571745618e-14,1.079239186e-13,2.601748826e-13,7.961177335e-14,8.195013928e-14,1.705135003e-13,5.419807294e-14
93.9765625,1.876005937e-13,2.783522241e-13,2.067630198e-13,2.273893203e-13,3.780608051e-14,9.053659325e-14,1.035573852e-13,7.013514433e-14,1.057402517e-14,2.8517732e-13,1.901502628e-13,4.472986197e-14,6.409599975e-14,2.273980632e-13,4.518985965e-13,5.076465649e-13,3.285549033e-13,1.425262774e-13,9.825810723e-14,3.19144482e-13,1.226228158e-13,1.920557447e-14,4.450870172e-14,7.287825595e-14,1.940102077e-14,8.466183004e-14,1.053018399e-13,2.57565768e-13,7.917027086e-14,8.06387305e-14,1.704121407e-13,5.440741829e-14
93.984375,1.866630009e-13,2.742782421e-13,2.068237915e-13,2.24883272e-13,3.790225436e-14,9.124436312e-14,1.025001019e-13,7.034000308e-14,1.044381386e-14,2.814258878e-13,1.896541683e-13,4.419534913e-14,6.400221633e-14,2.260031727e-13,4.514221529e-13,5.04864903e-13,3.254101523e-13,1.402282827e-13,9.639098697e-14,3.195339277e-13,1.2197667e-13,1.893240424e-14,4.45167834e-14,7.356580008e-14,1.938096113e-14,8.360349489e-14,1.027735035e-13,2.550710598e-13,7.87506685e-14,7.932324176e-14,1.703116869e-13,5.459553217e-14
93.9921875,1.857685893e-13,2.701422836e-13,2.06794303e-13,2.222865814e-13,3.803288117e-14,9.192911893e-14,1.014453234e-13,7.057763439e-14,1.031755697e-14,2.777599827e-13,1.890361041e-13,4.364446951e-14,6.394860813e-14,2.246180068e-13,4.510755235e-13,5.023125084e-13,3.22465638e-13,1.379298973e-13,9.462306907e-14,3.200003822e-13,1.213512281e-13,1.868903567e-14,4.451884959e-14,7.428130033e-14,1.937603825e-14,8.259846974e-14,1.003764904e-13,2.525692363e-13,7.833160777e-14,7.799667161e-14,1.702716842e-13,5.47924003e-14
94,1.849221605e-13,2.662303724e-13,2.066644794e-13,2.199496251e-13,3.811693596e-14,9.266241531e-14,1.003787788e-13,7.078472571e-14,1.016591013e-14,2.741075837e-13,1.882917302e-13,4.307623761e-14,6.39653555e-14,2.231516655e-13,4.509568458e-13,4.999338712e-13,3.196295394e-13,1.355893938e-13,9.296956034e-14,3.206214915e-13,1.207628176e-13,1.845632502e-14,4.451707516e-14,7.503795649e-14,1.93897975e-14,8.166259478e-14,9.813380752e-14,2.499669836e-13,7.797443941e-14,7.665423199e-14,1.702858889e-13,5.497354068e-14
94.0078125,1.841891717e-13,2.62783158e-13,2.065437754e-13,2.179251256e-13,3.821059821e-14,9.353196526e-14,9.931550391e-14,7.091461903e-14,1.001285654e-14,2.705039494e-13,1.875108291e-13,4.253825405e-14,6.398153211e-14,2.217466472e-13,4.510670107e-13,4.977675009e-13,3.17062467e-13,1.334422571e-13,9.133905818e-14,3.213777299e-13,1.201757599e-13,1.820162478e-14,4.450773365e-14,7.5790584e-14,1.941415888e-14,8.076519985e-14,9.600111179e-14,2.475408048e-13,7.764461094e-14,7.533190618e-14,1.702459464e-13,5.512853873e-14
94.015625,1.836239247e-13,2.594355346e-13,2.064259857e-13,2.159381068e-13,3.843880907e-14,9.444131426e-14,9.826463492e-14,7.099609332e-14,9.88520867e-15,2.669967988e-13,1.867148509e-13,4.20442343e-14,6.395641824e-14,2.205474566e-13,4.513081186e-13,4.95835536e-13,3.148618673e-13,1.315255284e-13,8.970527562e-14,3.222371292e-13,1.195603703e-13,1.795696287e-14,4.451806017e-14,7.657277525e-14,1.943879097e-14,7.989391628e-14,9.390407266e-14,2.453256994e-13,7.728241164e-14,7.404340875e-14,1.701601935e-13,5.528890005e-14
94.0234375,1.830731614e-13,2.559407437e-13,2.062153876e-13,2.139104676e-13,3.871551109e-14,9.524098887e-14,9.723501097e-14,7.107168872e-14,9.768071702e-15,2.636012698e-13,1.858683033e-13,4.154592399e-14,6.39574532e-14,2.193988555e-13,4.516794367e-13,4.940938105e-13,3.12803874e-13,1.296316615e-13,8.813174969e-14,3.231574389e-13,1.189249404e-13,1.775358609e-14,4.455422657e-14,7.742890266e-14,1.948085791e-14,7.907115628e-14,9.188506957e-14,2.429906902e-13,7.696567187e-14,7.27568079e-14,1.701004781e-13,5.542848783e-14
94.03125,1.824341119e-13,2.525148152e-13,2.059279734e-13,2.119595125e-13,3.893268633e-14,9.603186691e-14,9.623339956e-14,7.117550679e-14,9.647350805e-15,2.602988392e-13,1.849281989e-13,4.101361409e-14,6.398700679e-14,2.181031577e-13,4.522081705e-13,4.925228443e-13,3.107290395e-13,1.277269119e-13,8.661843031e-14,3.239727245e-13,1.182807364e-13,1.755337149e-14,4.457015984e-14,7.827682862e-14,1.954512804e-14,7.830710609e-14,8.999386377e-14,2.405109459e-13,7.668068469e-14,7.144947078e-14,1.700241458e-13,5.552170405e-14
94.0390625,1.818580776e-13,2.491636899e-13,2.055988228e-13,2.100873857e-13,3.918093225e-14,9.695504086e-14,9.524719559e-14,7.128800453e-14,9.532225715e-15,2.570258984e-13,1.838773219e-13,4.047128725e-14,6.399346373e-14,2.167537465e-13,4.52814332e-13,4.910574477e-13,3.08744754e-13,1.259288022e-13,8.512203495e-14,3.246921569e-13,1.176428895e-13,1.733918622e-14,4.454910738e-14,7.90584283e-14,1.960413453e-14,7.755599472e-14,8.815568472e-14,2.380833815e-13,7.63447266e-14,7.012147602e-14,1.698995134e-13,5.561718498e-14
94.046875,1.813555984e-13,2.457027419e-13,2.05177901e-13,2.082604254e-13,3.951160395e-14,9.792301292e-14,9.426990325e-14,7.135635893e-14,9.42714519e-15,2.537721874e-13,1.827125546e-13,3.993857814e-14,6.401426817e-14,2.15472419e-13,4.535198602e-13,4.897017115e-13,3.069202692e-13,1.242301756e-13,8.365237692e-14,3.255758842e-13,1.17027498e-13,1.713659331e-14,4.45311461e-14,7.982920861e-14,1.965858525e-14,7.680617668e-14,8.636997291e-14,2.356589859e-13,7.60641899e-14,6.878674597e-14,1.697768164e-13,5.573787358e-14
94.0546875,1.808446844e-13,2.42216018e-13,2.04686879e-13,2.064945818e-13,3.985372714e-14,9.885680148e-14,9.329837366e-14,7.14236108e-14,9.331208325e-15,2.506021245e-13,1.814139195e-13,3.940039621e-14,6.410007384e-14,2.141754904e-13,4.544112885e-13,4.885941371e-13,3.051962679e-13,1.225900577e-13,8.226882298e-14,3.265755685e-13,1.163999347e-13,1.694644458e-14,4.453995524e-14,8.059687217e-14,1.973904607e-14,7.612842939e-14,8.473492167e-14,2.331928424e-13,7.588326375e-14,6.747390898e-14,1.697054062e-13,5.587446279e-14
94.0625,1.804636165e-13,2.388420357e-13,2.042166364e-13,2.046871565e-13,4.02024199e-14,9.981352379e-14,9.232568251e-14,7.153247826e-14,9.249566497e-15,2.474914509e-13,1.800444096e-13,3.885462943e-14,6.42230186e-14,2.128575241e-13,4.553599332e-13,4.876575205e-13,3.035579657e-13,1.210504373e-13,8.098209361e-14,3.27372481e-13,1.157243116e-13,1.676360506e-14,4.45551458e-14,8.132311836e-14,1.984658566e-14,7.552597754e-14,8.321480677e-14,2.308168676e-13,7.564191665e-14,6.619289294e-14,1.696953087e-13,5.603411041e-14
94.0703125,1.802322065e-13,2.355727954e-13,2.037483426e-13,2.027759317e-13,4.061630902e-14,1.007914689e-13,9.137504339e-14,7.1602624e-14,9.178198502e-15,2.443644724e-13,1.787249378e-13,3.833177225e-14,6.434355673e-14,2.116600885e-13,4.562952903e-13,4.867115931e-13,3.020353048e-13,1.196114966e-13,7.97086624e-14,3.28010278e-13,1.150465218e-13,1.659633932e-14,4.455707934e-14,8.204599114e-14,1.9956563e-14,7.492343407e-14,8.171901238e-14,2.285141529e-13,7.532831855e-14,6.491611218e-14,1.696720248e-13,5.618121157e-14
94.078125,1.799791956e-13,2.323170933e-13,2.032082006e-13,2.009882042e-13,4.109847033e-14,1.017366433e-13,9.046969653e-14,7.161811583e-14,9.102752798e-15,2.413055857e-13,1.774080662e-13,3.78330729e-14,6.446108177e-14,2.10556144e-13,4.574314588e-13,4.859311315e-13,3.006638389e-13,1.182194781e-13,7.84284142e-14,3.28746873e-13,1.143962211e-13,1.644231231e-14,4.45619931e-14,8.282468216e-14,2.006522698e-14,7.432876679e-14,8.028506046e-14,2.261392685e-13,7.507046381e-14,6.362660817e-14,1.6957456e-13,5.627399126e-14
94.0859375,1.797453686e-13,2.289741684e-13,2.026188032e-13,1.994336091e-13,4.158815321e-14,1.026760273e-13,8.960253672e-14,7.166435848e-14,9.021832274e-15,2.384353626e-13,1.759783177e-13,3.7324812e-14,6.459018463e-14,2.093989586e-13,4.588481928e-13,4.855191862e-13,2.995035826e-13,1.168803689e-13,7.723022848e-14,3.295368282e-13,1.137198633e-13,1.629512075e-14,4.459546134e-14,8.363804389e-14,2.019599536e-14,7.380146048e-14,7.89839659e-14,2.237397259e-13,7.488167217e-14,6.234789634e-14,1.694702164e-13,5.634891076e-14
94.09375,1.79655394e-13,2.25759233e-13,2.020680833e-13,1.978595582e-13,4.208505564e-14,1.036814558e-13,8.877489544e-14,7.173854156e-14,8.950558539e-15,2.356322998e-13,1.745038222e-13,3.68253039e-14,6.472917778e-14,2.082247754e-13,4.604216858e-13,4.853657951e-13,2.985622627e-13,1.156595775e-13,7.611114338e-14,3.302896749e-13,1.13019962e-13,1.614583167e-14,4.463943002e-14,8.440303412e-14,2.035801154e-14,7.335625969e-14,7.782702467e-14,2.214923225e-13,7.475040725e-14,6.110088526e-14,1.693799887e-13,5.645509801e-14
94.1015625,1.796322957e-13,2.22983587e-13,2.016053876e-13,1.962464651e-13,4.269376034e-14,1.047748827e-13,8.796149821e-14,7.181162318e-14,8.897594162e-15,2.32696872e-13,1.730648525e-13,3.63868723e-14,6.485527923e-14,2.071534237e-13,4.621815552e-13,4.854568467e-13,2.977854104e-13,1.146068109e-13,7.499512167e-14,3.311629664e-13,1.12370652e-13,1.598682125e-14,4.46595657e-14,8.509005071e-14,2.052404305e-14,7.299222455e-14,7.678215696e-14,2.19372821e-13,7.469437192e-14,5.987943155e-14,1.692231234e-13,5.658144424e-14
94.109375,1.795097998e-13,2.20340175e-13,2.01192527e-13,1.948744227e-13,4.341927017e-14,1.058989475e-13,8.711189297e-14,7.190670203e-14,8.85303622e-15,2.296946688e-13,1.715978609e-13,3.598589406e-14,6.494620232e-14,2.061622189e-13,4.641847638e-13,4.859046426e-13,2.97153747e-13,1.13686601e-13,7.38951369e-14,3.321282922e-13,1.117572775e-13,1.58261731e-14,4.467635064e-14,8.576546479e-14,2.067811196e-14,7.267601534e-14,7.579252937e-14,2.171550673e-13,7.466592412e-14,5.868291404e-14,1.690014543e-13,5.667946826e-14
94.1171875,1.792386804e-13,2.173935373e-13,2.007428182e-13,1.936393501e-13,4.412976731e-14,1.070008216e-13,8.627830939e-14,7.199443639e-14,8.803524362e-15,2.268174077e-13,1.700746e-13,3.555276887e-14,6.500080004e-14,2.051943593e-13,4.663487811e-13,4.865964466e-13,2.966586395e-13,1.128007432e-13,7.284346802e-14,3.329176031e-13,1.110994349e-13,1.56666978e-14,4.472593366e-14,8.646140045e-14,2.084422771e-14,7.234551524e-14,7.48510181e-14,2.147850607e-13,7.461209541e-14,5.751212403e-14,1.687576101e-13,5.672612932e-14
94.125,1.789658254e-13,2.144283306e-13,2.002268937e-13,1.922872372e-13,4.47940646e-14,1.081136378e-13,8.554305943e-14,7.204992177e-14,8.748007277e-15,2.240601593e-13,1.685221381e-13,3.507621826e-14,6.504336189e-14,2.042365202e-13,4.686757336e-13,4.874499398e-13,2.962638331e-13,1.119277579e-13,7.184527088e-14,3.336302908e-13,1.104028623e-13,1.550763067e-14,4.47871428e-14,8.714143942e-14,2.102839114e-14,7.201015559e-14,7.400200966e-14,2.124743725e-13,7.452868425e-14,5.634877853e-14,1.684682937e-13,5.67516897e-14
94.1328125,1.787864623e-13,2.118123191e-13,1.996915077e-13,1.910413382e-13,4.547738057e-14,1.092666382e-13,8.484425227e-14,7.211845694e-14,8.696638521e-15,2.21356352e-13,1.66939423e-13,3.458632377e-14,6.509606069e-14,2.032053388e-13,4.712620504e-13,4.886446198e-13,2.959780608e-13,1.111475948e-13,7.092540874e-14,3.345336933e-13,1.097368985e-13,1.535969344e-14,4.483249163e-14,8.779866798e-14,2.120421525e-14,7.174198193e-14,7.324012519e-14,2.103269435e-13,7.443893658e-14,5.519847517e-14,1.681081377e-13,5.677619922e-14
94.140625,1.785788089e-13,2.093517776e-13,1.991329962e-13,1.900808038e-13,4.621981706e-14,1.104011106e-13,8.411193087e-14,7.219272388e-14,8.665038618e-15,2.187833295e-13,1.653528966e-13,3.410376254e-14,6.514854526e-14,2.02069258e-13,4.740696814e-13,4.902267945e-13,2.95820407e-13,1.105030476e-13,7.006496339e-14,3.354186538e-13,1.09101906e-13,1.521699291e-14,4.488838295e-14,8.841565685e-14,2.137958067e-14,7.156794439e-14,7.254231248e-14,2.082294471e-13,7.43837176e-14,5.408929351e-14,1.676824952e-13,5.67873296e-14
94.1484375,1.78346992e-13,2.068043709e-13,1.984355529e-13,1.890825578e-13,4.706693514e-14,1.114375101e-13,8.339365252e-14,7.222317111e-14,8.661840326e-15,2.163508395e-13,1.637485859e-13,3.364129381e-14,6.518848579e-14,2.009614731e-13,4.768417815e-13,4.918871568e-13,2.957109838e-13,1.099522237e-13,6.922554019e-14,3.36007231e-13,1.08408672e-13,1.507386251e-14,4.498303699e-14,8.897383503e-14,2.157727428e-14,7.143455449e-14,7.192597118e-14,2.061309421e-13,7.433353885e-14,5.30103261e-14,1.672455967e-13,5.678664239e-14
94.15625,1.782206787e-13,2.041934267e-13,1.975446308e-13,1.878755981e-13,4.798843421e-14,1.123764836e-13,8.269026715e-14,7.222708585e-14,8.672498786e-15,2.139259241e-13,1.620688134e-13,3.319333364e-14,6.524159116e-14,1.998975418e-13,4.79311628e-13,4.933279854e-13,2.955668732e-13,1.094344345e-13,6.84422678e-14,3.364584248e-13,1.076119311e-13,1.494852764e-14,4.509526863e-14,8.955143262e-14,2.17675555e-14,7.127810407e-14,7.136151995e-14,2.040797554e-13,7.419894233e-14,5.194577979e-14,1.668453086e-13,5.675806744e-14
94.1640625,1.780757814e-13,2.016962873e-13,1.966187981e-13,1.867245003e-13,4.887034284e-14,1.133363509e-13,8.194798398e-14,7.224418672e-14,8.669416478e-15,2.115057677e-13,1.603983856e-13,3.274852117e-14,6.534802408e-14,1.987677403e-13,4.816434069e-13,4.946637197e-13,2.954809084e-13,1.089328235e-13,6.773941347e-14,3.369885728e-13,1.068060302e-13,1.482657369e-14,4.518484195e-14,9.017089052e-14,2.193041737e-14,7.111649806e-14,7.078825609e-14,2.02076712e-13,7.402120821e-14,5.090960613e-14,1.663991202e-13,5.667741644e-14
94.171875,1.778076326e-13,1.99583907e-13,1.958063573e-13,1.857675901e-13,4.973073375e-14,1.143828495e-13,8.121321843e-14,7.227492108e-14,8.647723602e-15,2.092023288e-13,1.58834459e-13,3.232927563e-14,6.54972887e-14,1.977133322e-13,4.842664777e-13,4.962140035e-13,2.956169318e-13,1.085182792e-13,6.706590023e-14,3.376042989e-13,1.060842696e-13,1.467769077e-14,4.524441008e-14,9.072508202e-14,2.210924412e-14,7.100364547e-14,7.025274992e-14,2.001273057e-13,7.391199274e-14,4.989209056e-14,1.658553854e-13,5.65791356e-14
94.1796875,1.776443735e-13,1.978347059e-13,1.950073128e-13,1.848152488e-13,5.069330364e-14,1.15376152e-13,8.054531192e-14,7.22929551e-14,8.636421224e-15,2.070218444e-13,1.57292759e-13,3.195266029e-14,6.56084202e-14,1.969061004e-13,4.871041516e-13,4.979504406e-13,2.959362149e-13,1.082802598e-13,6.63925174e-14,3.381790577e-13,1.053838695e-13,1.453184003e-14,4.530654673e-14,9.122591628e-14,2.23119865e-14,7.093024846e-14,6.983079798e-14,1.98287248e-13,7.380094512e-14,4.889388601e-14,1.653397761e-13,5.649129669e-14
94.1875,1.776895191e-13,1.959809415e-13,1.941150343e-13,1.8372506e-13,5.177555679e-14,1.162514881e-13,7.99034994e-14,7.227929379e-14,8.653649063e-15,2.049167031e-13,1.557198277e-13,3.157834973e-14,6.56383783e-14,1.961103745e-13,4.897652217e-13,4.996144838e-13,2.962441667e-13,1.081893938e-13,6.575505044e-14,3.385822686e-13,1.046082604e-13,1.441879321e-14,4.539674965e-14,9.178479339e-14,2.248573681e-14,7.087780235e-14,6.946813993e-14,1.96527502e-13,7.357691213e-14,4.795743068e-14,1.64862327e-13,5.639885657e-14
94.1953125,1.776628928e-13,1.937805104e-13,1.93205585e-13,1.826848687e-13,5.289417033e-14,1.171780915e-13,7.92468421e-14,7.225160735e-14,8.669417634e-15,2.028481496e-13,1.541536198e-13,3.116638221e-14,6.564248542e-14,1.950856789e-13,4.923586496e-13,5.012815726e-13,2.965081735e-13,1.081575033e-13,6.51634266e-14,3.389607808e-13,1.037774567e-13,1.430264561e-14,4.550325064e-14,9.235640638e-14,2.2628259e-14,7.086149552e-14,6.909293648e-14,1.946888947e-13,7.336007916e-14,4.705959825e-14,1.642029732e-13,5.629871191e-14
94.203125,1.774039202e-13,1.915637418e-13,1.922801959e-13,1.819677028e-13,5.401480309e-14,1.181893736e-13,7.859060669e-14,7.22157525e-14,8.659231906e-15,2.007592066e-13,1.525614975e-13,3.074943348e-14,6.564830637e-14,1.940362238e-13,4.95191144e-13,5.032152918e-13,2.968996411e-13,1.082146617e-13,6.456233302e-14,3.394840623e-13,1.029535172e-13,1.415867726e-14,4.560877803e-14,9.28398279e-14,2.27867487e-14,7.086753791e-14,6.876070568e-14,1.927194914e-13,7.328407505e-14,4.61388181e-14,1.632993185e-13,5.6164406e-14
94.2109375,1.771574999e-13,1.896215955e-13,1.912570888e-13,1.814486233e-13,5.520869291e-14,1.191516226e-13,7.79549469e-14,7.213724546e-14,8.655185535e-15,1.986812914e-13,1.509565338e-13,3.03856363e-14,6.564321065e-14,1.931999517e-13,4.981802662e-13,5.054063627e-13,2.975187349e-13,1.08446627e-13,6.395105384e-14,3.399219909e-13,1.021537866e-13,1.40134891e-14,4.571128872e-14,9.327876335e-14,2.296886813e-14,7.088158652e-14,6.853037307e-14,1.908128859e-13,7.323749474e-14,4.522732067e-14,1.623765592e-13,5.596743766e-14
94.21875,1.770809394e-13,1.878175686e-13,1.902366589e-13,1.808032538e-13,5.65018857e-14,1.200957294e-13,7.734564007e-14,7.202403339e-14,8.680492375e-15,1.967136863e-13,1.494016018e-13,3.006552454e-14,6.56723808e-14,1.924807933e-13,5.011966489e-13,5.077035908e-13,2.982799258e-13,1.088104052e-13,6.340828329e-14,3.401680677e-13,1.013655436e-13,1.388384085e-14,4.581304467e-14,9.375701608e-14,2.315469178e-14,7.092670083e-14,6.836101875e-14,1.890676876e-13,7.309084571e-14,4.436901583e-14,1.615720391e-13,5.574802803e-14
94.2265625,1.769970618e-13,1.860321695e-13,1.893165475e-13,1.800800021e-13,5.779947959e-14,1.210643562e-13,7.675705018e-14,7.19165621e-14,8.710761699e-15,1.948554896e-13,1.478310932e-13,2.973966298e-14,6.574241427e-14,1.917570151e-13,5.043153889e-13,5.101097947e-13,2.991270626e-13,1.09225591e-13,6.294093873e-14,3.404833622e-13,1.005593904e-13,1.376204379e-14,4.592851653e-14,9.426209793e-14,2.334453038e-14,7.100671931e-14,6.821832584e-14,1.873167093e-13,7.288356302e-14,4.353703224e-14,1.607884924e-13,5.55226523e-14
94.234375,1.768849429e-13,1.844058691e-13,1.883798278e-13,1.794509623e-13,5.910064034e-14,1.219564345e-13,7.61927109e-14,7.180018775e-14,8.744472758e-15,1.930553514e-13,1.462214385e-13,2.941799909e-14,6.579574306e-14,1.910853959e-13,5.075730998e-13,5.127441868e-13,3.00158866e-13,1.097471331e-13,6.25147673e-14,3.408665799e-13,9.97273349e-14,1.364970466e-14,4.607689344e-14,9.473304915e-14,2.355174002e-14,7.111235747e-14,6.813312314e-14,1.855388883e-13,7.26900023e-14,4.273002635e-14,1.599636179e-13,5.526521318e-14
94.2421875,1.768483115e-13,1.829214547e-13,1.874057876e-13,1.788165096e-13,6.04753726e-14,1.228053971e-13,7.566648662e-14,7.165502098e-14,8.797744735e-15,1.912932004e-13,1.446816842e-13,2.91323543e-14,6.584067714e-14,1.904405125e-13,5.109396555e-13,5.156372323e-13,3.01380036e-13,1.104326861e-13,6.214016889e-14,3.411433646e-13,9.891289443e-14,1.354294147e-14,4.625561955e-14,9.515450643e-14,2.377052853e-14,7.125184267e-14,6.812381508e-14,1.838815635e-13,7.256102335e-14,4.196718607e-14,1.59075919e-13,5.500086023e-14
94.25,1.76706626e-13,1.813661138e-13,1.865652637e-13,1.781699028e-13,6.186589694e-14,1.237296019e-13,7.516133661e-14,7.151058617e-14,8.844277788e-15,1.895238393e-13,1.432100159e-13,2.884970887e-14,6.58687411e-14,1.896994626e-13,5.143879949e-13,5.186510039e-13,3.026398267e-13,1.112283492e-13,6.175523618e-14,3.413755144e-13,9.814563327e-14,1.341396149e-14,4.64609734e-14,9.554986697e-14,2.397072949e-14,7.14201211e-14,6.815356282e-14,1.822383498e-13,7.252547284e-14,4.122101672e-14,1.579748826e-13,5.473285502e-14
94.2578125,1.764842907e-13,1.797783381e-13,1.858400368e-13,1.776826233e-13,6.329674109e-14,1.246668583e-13,7.465823759e-14,7.137956102e-14,8.873476008e-15,1.877338622e-13,1.417251777e-13,2.855195184e-14,6.583791496e-14,1.889647064e-13,5.179107479e-13,5.2172954e-13,3.039875253e-13,1.121280703e-13,6.13176352e-14,3.415572659e-13,9.739207234e-14,1.326347801e-14,4.670526186e-14,9.591510524e-14,2.415532743e-14,7.160582049e-14,6.819931302e-14,1.804720132e-13,7.255031417e-14,4.047524994e-14,1.566857593e-13,5.441458597e-14
94.265625,1.765348509e-13,1.783221162e-13,1.850237781e-13,1.772889804e-13,6.489538397e-14,1.255414472e-13,7.417607151e-14,7.123048588e-14,8.924375864e-15,1.85985821e-13,1.402233462e-13,2.829275546e-14,6.583466068e-14,1.884180439e-13,5.215615041e-13,5.250120931e-13,3.055722635e-13,1.131753706e-13,6.096417744e-14,3.415765105e-13,9.660867304e-14,1.313718682e-14,4.69817902e-14,9.62513932e-14,2.437115772e-14,7.181281291e-14,6.831598165e-14,1.787242781e-13,7.261123298e-14,3.97474431e-14,1.55518225e-13,5.406260992e-14
94.2734375,1.767525701e-13,1.769478532e-13,1.841570142e-13,1.768026853e-13,6.657407119e-14,1.264314147e-13,7.371839875e-14,7.103856885e-14,9.004493921e-15,1.843123393e-13,1.387429627e-13,2.808249723e-14,6.592265247e-14,1.879673205e-13,5.253349877e-13,5.284849336e-13,3.072526913e-13,1.143284283e-13,6.074649327e-14,3.414637578e-13,9.581192556e-14,1.303885804e-14,4.725871275e-14,9.659894038e-14,2.462330882e-14,7.204949112e-14,6.854280218e-14,1.770858578e-13,7.270189839e-14,3.905354385e-14,1.545033268e-13,5.370997615e-14
94.28125,1.768337719e-13,1.755938802e-13,1.835126692e-13,1.762266179e-13,6.825396908e-14,1.274122588e-13,7.32739343e-14,7.082398752e-14,9.089600587e-15,1.827179177e-13,1.373883543e-13,2.787113943e-14,6.601576584e-14,1.875070287e-13,5.291548953e-13,5.319736496e-13,3.08928575e-13,1.155596546e-13,6.053699429e-14,3.412496321e-13,9.507371724e-14,1.29185524e-14,4.751178397e-14,9.693073089e-14,2.487971311e-14,7.232735221e-14,6.881354853e-14,1.75557934e-13,7.276634172e-14,3.841736271e-14,1.533727388e-13,5.333390143e-14
94.2890625,1.768643388e-13,1.742995831e-13,1.830964316e-13,1.756889914e-13,7.004575336e-14,1.284380113e-13,7.285668045e-14,7.062419933e-14,9.177632893e-15,1.812185879e-13,1.362155319e-13,2.765374579e-14,6.608716742e-14,1.871191662e-13,5.330310892e-13,5.35503412e-13,3.107728854e-13,1.168762787e-13,6.031621533e-14,3.409873141e-13,9.441790688e-14,1.277089578e-14,4.773945468e-14,9.716902723e-14,2.513819853e-14,7.263860007e-14,6.907442482e-14,1.742060771e-13,7.280273597e-14,3.783747547e-14,1.521069041e-13,5.292286217e-14
94.296875,1.768849653e-13,1.730525783e-13,1.826087173e-13,1.75335032e-13,7.188211796e-14,1.294012503e-13,7.245461056e-14,7.041292222e-14,9.261112434e-15,1.797644295e-13,1.350729238e-13,2.746371345e-14,6.615419169e-14,1.868012618e-13,5.36942084e-13,5.391261697e-13,3.127516247e-13,1.182072549e-13,6.013996401e-14,3.407867953e-13,9.376568071e-14,1.263504764e-14,4.796555362e-14,9.736823963e-14,2.539025305e-14,7.293950726e-14,6.935028207e-14,1.728586476e-13,7.288651694e-14,3.726414338e-14,1.508318481e-13,5.248325851e-14
94.3046875,1.769688495e-13,1.71872985e-13,1.819907396e-13,1.751292398e-13,7.366437002e-14,1.303065039e-13,7.203991033e-14,7.014042805e-14,9.330090937e-15,1.782800907e-13,1.338657983e-13,2.732353685e-14,6.61974239e-14,1.86562177e-13,5.408101843e-13,5.427385412e-13,3.147299785e-13,1.195673333e-13,6.001291464e-14,3.405839564e-13,9.306335876e-14,1.251731246e-14,4.821905274e-14,9.764630657e-14,2.562069738e-14,7.320697177e-14,6.965060454e-14,1.713071449e-13,7.303137677e-14,3.667788541e-14,1.495484992e-13,5.201863703e-14
94.3125,1.773890795e-13,1.708082955e-13,1.815003845e-13,1.748228044e-13,7.557386584e-14,1.312768709e-13,7.163562123e-14,6.986739823e-14,9.409190939e-15,1.76774419e-13,1.326845253e-13,2.723622875e-14,6.630986587e-14,1.865011621e-13,5.447360297e-13,5.464063112e-13,3.168587041e-13,1.21111907e-13,5.998427225e-14,3.403189366e-13,9.2364844e-14,1.239686841e-14,4.850570932e-14,9.795869087e-14,2.586381981e-14,7.348300245e-14,6.999822953e-14,1.697897882e-13,7.32256683e-14,3.611307744e-14,1.482670025e-13,5.155156686e-14
94.3203125,1.778610884e-13,1.697399941e-13,1.811725061e-13,1.743965148e-13,7.764622943e-14,1.322922641e-13,7.125173628e-14,6.967070024e-14,9.50827898e-15,1.752771695e-13,1.315545255e-13,2.715192411e-14,6.65407887e-14,1.864250358e-13,5.487626811e-13,5.502154115e-13,3.19119278e-13,1.228398186e-13,6.003545894e-14,3.400791453e-13,9.169577715e-14,1.226288182e-14,4.882347174e-14,9.819796492e-14,2.613585235e-14,7.380451429e-14,7.043249107e-14,1.684885625e-13,7.345436057e-14,3.558937391e-14,1.469313037e-13,5.10853868e-14
94.328125,1.779507894e-13,1.685181587e-13,1.807548132e-13,1.740604022e-13,7.966953247e-14,1.332191294e-13,7.085497392e-14,6.946873313e-14,9.601278912e-15,1.73791073e-13,1.304867883e-13,2.701161956e-14,6.674219204e-14,1.861142017e-13,5.525983368e-13,5.538971594e-13,3.212488549e-13,1.246129627e-13,6.004537493e-14,3.397567078e-13,9.098795757e-14,1.21209937e-14,4.917081497e-14,9.840514052e-14,2.639528073e-14,7.410344946e-14,7.08811028e-14,1.671777525e-13,7.361592028e-14,3.508798156e-14,1.454439093e-13,5.059759156e-14
94.3359375,1.780253251e-13,1.672456485e-13,1.801478761e-13,1.73766904e-13,8.16749886e-14,1.340811535e-13,7.045185509e-14,6.915925218e-14,9.68888184e-15,1.723434086e-13,1.295243944e-13,2.683768931e-14,6.688371235e-14,1.857808559e-13,5.560864424e-13,5.572859897e-13,3.232842245e-13,1.264083346e-13,6.004197042e-14,3.391812607e-13,9.021420567e-14,1.198866272e-14,4.95298698e-14,9.864172298e-14,2.66341207e-14,7.42946101e-14,7.127627274e-14,1.657996677e-13,7.367219809e-14,3.4580949e-14,1.439320316e-13,5.008645662e-14
94.34375,1.783955601e-13,1.662005008e-13,1.794614315e-13,1.733833546e-13,8.384515446e-14,1.349339107e-13,7.005946454e-14,6.879008576e-14,9.794237672e-15,1.709466589e-13,1.285542177e-13,2.668325594e-14,6.707752109e-14,1.855466832e-13,5.594953016e-13,5.606371147e-13,3.253235461e-13,1.282459262e-13,6.01170505e-14,3.384834488e-13,8.943501924e-14,1.186758289e-14,4.989259887e-14,9.884080576e-14,2.688333858e-14,7.445706439e-14,7.170903126e-14,1.644908366e-13,7.373927495e-14,3.406543275e-14,1.424892239e-13,4.955331283e-14
94.3515625,1.787641012e-13,1.653989503e-13,1.787780003e-13,1.730086777e-13,8.613371831e-14,1.357241492e-13,6.965485985e-14,6.843448165e-14,9.91178995e-15,1.695790782e-13,1.275158701e-13,2.655655467e-14,6.729576456e-14,1.852412172e-13,5.630540021e-13,5.641046169e-13,3.273143294e-13,1.301077637e-13,6.023702992e-14,3.378000859e-13,8.867934048e-14,1.174195431e-14,5.026423258e-14,9.897884827e-14,2.714911442e-14,7.471859845e-14,7.223805266e-14,1.631778525e-13,7.386571765e-14,3.356722029e-14,1.409766333e-13,4.899347825e-14
94.359375,1.790599359e-13,1.64451089e-13,1.781018963e-13,1.726827572e-13,8.839622372e-14,1.364723887e-13,6.924634382e-14,6.808455331e-14,1.002677247e-14,1.682481927e-13,1.265443769e-13,2.644758431e-14,6.749760458e-14,1.849611539e-13,5.667158628e-13,5.67619444e-13,3.294617773e-13,1.31996652e-13,6.039621157e-14,3.370605944e-13,8.790532112e-14,1.161746489e-14,5.062445652e-14,9.914623949e-14,2.742606447e-14,7.503115625e-14,7.280516495e-14,1.61772352e-13,7.400372531e-14,3.309679308e-14,1.393902375e-13,4.84130623e-14
94.3671875,1.79409153e-13,1.631924759e-13,1.774277378e-13,1.723137397e-13,9.062998485e-14,1.372206904e-13,6.886350938e-14,6.771572729e-14,1.014304172e-14,1.669221774e-13,1.256470641e-13,2.634567222e-14,6.774200389e-14,1.848863589e-13,5.704008601e-13,5.712341505e-13,3.319548302e-13,1.338993963e-13,6.062230784e-14,3.362448167e-13,8.71021118e-14,1.150531989e-14,5.0970157e-14,9.933837643e-14,2.771912722e-14,7.531166006e-14,7.342345242e-14,1.602947483e-13,7.41772792e-14,3.263871265e-14,1.378183747e-13,4.780887893e-14
94.375,1.797493634e-13,1.620228324e-13,1.768030319e-13,1.71920241e-13,9.292775995e-14,1.379190608e-13,6.848466373e-14,6.731741952e-14,1.026221647e-14,1.655136562e-13,1.247561866e-13,2.624888667e-14,6.80177643e-14,1.848901943e-13,5.741111242e-13,5.749942604e-13,3.346091706e-13,1.358453996e-13,6.086551719e-14,3.354169488e-13,8.632254368e-14,1.138792886e-14,5.134347684e-14,9.945927497e-14,2.803840158e-14,7.561541446e-14,7.41673029e-14,1.58776272e-13,7.442057573e-14,3.218940897e-14,1.361647233e-13,4.718541116e-14
94.3828125,1.80098534e-13,1.611680591e-13,1.762440271e-13,1.715586547e-13,9.528855017e-14,1.385941279e-13,6.80996393e-14,6.690025827e-14,1.037488581e-14,1.640908795e-13,1.239325539e-13,2.617597498e-14,6.828442707e-14,1.848983348e-13,5.779109775e-13,5.788364612e-13,3.373301173e-13,1.37915454e-13,6.111178082e-14,3.345771181e-13,8.55786055e-14,1.125172028e-14,5.174313426e-14,9.952747534e-14,2.839070638e-14,7.598575294e-14,7.503695238e-14,1.573401056e-13,7.46970233e-14,3.175347245e-14,1.344055582e-13,4.656676534e-14
94.390625,1.80437525e-13,1.60370961e-13,1.756317451e-13,1.71233422e-13,9.76026088e-14,1.393047332e-13,6.776015699e-14,6.648368203e-14,1.048286894e-14,1.62820405e-13,1.231491883e-13,2.612536126e-14,6.85629116e-14,1.849964022e-13,5.818545127e-13,5.827725838e-13,3.401515682e-13,1.400358638e-13,6.137458828e-14,3.336616617e-13,8.481840606e-14,1.110961096e-14,5.211979028e-14,9.961207384e-14,2.876140726e-14,7.637499311e-14,7.597104523e-14,1.559960838e-13,7.49914244e-14,3.132306244e-14,1.32689055e-13,4.59438476e-14
94.3984375,1.807009171e-13,1.595007703e-13,1.749356333e-13,1.709365982e-13,9.987700287e-14,1.400160634e-13,6.748951478e-14,6.602972445e-14,1.059669933e-14,1.61646821e-13,1.223277286e-13,2.607723711e-14,6.886541646e-14,1.85160927e-13,5.857956531e-13,5.866828589e-13,3.429105727e-13,1.420912036e-13,6.162903246e-14,3.325470559e-13,8.403863172e-14,1.097003618e-14,5.246659014e-14,9.965844034e-14,2.912856313e-14,7.673927377e-14,7.68882381e-14,1.545660518e-13,7.53261332e-14,3.089463144e-14,1.310173259e-13,4.528555008e-14
94.40625,1.81072847e-13,1.585942438e-13,1.74286525e-13,1.70601664e-13,1.022284824e-13,1.407238596e-13,6.723507177e-14,6.55055477e-14,1.070901645e-14,1.60429771e-13,1.215214672e-13,2.603432075e-14,6.921004331e-14,1.853349663e-13,5.894634367e-13,5.902731881e-13,3.455300802e-13,1.441525386e-13,6.192143441e-14,3.311620622e-13,8.328577616e-14,1.082799826e-14,5.281028215e-14,9.959917093e-14,2.948986523e-14,7.705141826e-14,7.774992937e-14,1.530834276e-13,7.569979768e-14,3.047096507e-14,1.292620419e-13,4.459789183e-14
94.4140625,1.81551556e-13,1.575868459e-13,1.736479162e-13,1.70166792e-13,1.046378542e-13,1.413921684e-13,6.695134877e-14,6.497640094e-14,1.08106711e-14,1.592329359e-13,1.207268058e-13,2.599846474e-14,6.962306949e-14,1.855194089e-13,5.928781433e-13,5.936422536e-13,3.48164915e-13,1.462602156e-13,6.229751172e-14,3.297061536e-13,8.255552915e-14,1.068763321e-14,5.317300285e-14,9.952383299e-14,2.985778185e-14,7.733195718e-14,7.863586621e-14,1.516482768e-13,7.611923875e-14,3.004356686e-14,1.274338312e-13,4.390700454e-14
94.421875,1.81910398e-13,1.565994607e-13,1.729438535e-13,1.696706786e-13,1.07018655e-13,1.419528052e-13,6.666998656e-14,6.448658418e-14,1.091910695e-14,1.580817949e-13,1.199328472e-13,2.597519296e-14,7.008343581e-14,1.857481763e-13,5.963679603e-13,5.972114479e-13,3.509610019e-13,1.483666529e-13,6.269725162e-14,3.284371733e-13,8.182583482e-14,1.056162359e-14,5.356678958e-14,9.95356825e-14,3.024667214e-14,7.765462893e-14,7.964522425e-14,1.501418085e-13,7.663532459e-14,2.961068316e-14,1.25660214e-13,4.322391961e-14
94.4296875,1.823390372e-13,1.557598825e-13,1.723653314e-13,1.691992521e-13,1.094155574e-13,1.425620668e-13,6.643633827e-14,6.39977559e-14,1.104598841e-14,1.568347689e-13,1.192609675e-13,2.598890954e-14,7.055939485e-14,1.860878391e-13,6.000031003e-13,6.009443816e-13,3.539500955e-13,1.505522136e-13,6.310908e-14,3.272021344e-13,8.111763327e-14,1.0448527e-14,5.396295467e-14,9.953983625e-14,3.064775186e-14,7.800401133e-14,8.075481914e-14,1.486063196e-13,7.724114404e-14,2.919646308e-14,1.239630631e-13,4.254929746e-14
94.4375,1.830213561e-13,1.547755828e-13,1.719608523e-13,1.687761614e-13,1.119195279e-13,1.432987173e-13,6.62146736e-14,6.350657459e-14,1.118431948e-14,1.555140301e-13,1.186863922e-13,2.602032253e-14,7.103897511e-14,1.864984634e-13,6.034424996e-13,6.044501861e-13,3.56940624e-13,1.528299408e-13,6.356867301e-14,3.256964612e-13,8.043408282e-14,1.033986454e-14,5.433527495e-14,9.942518621e-14,3.103809535e-14,7.829771049e-14,8.18921531e-14,1.471826739e-13,7.780965795e-14,2.881888515e-14,1.222565537e-13,4.187659774e-14
94.4453125,1.836759166e-13,1.535333266e-13,1.714886256e-13,1.682553051e-13,1.145200383e-13,1.43879292e-13,6.594388197e-14,6.301683264e-14,1.134363222e-14,1.542615086e-13,1.180975179e-13,2.603289485e-14,7.154101567e-14,1.868839032e-13,6.065742514e-13,6.077662463e-13,3.597720379e-13,1.55072803e-13,6.403971542e-14,3.240686963e-13,7.976474277e-14,1.024133234e-14,5.471029378e-14,9.932236911e-14,3.143250055e-14,7.855611556e-14,8.307019086e-14,1.457256823e-13,7.830144648e-14,2.846334675e-14,1.205326604e-13,4.119076656e-14
94.453125,1.842841835e-13,1.524190687e-13,1.709799671e-13,1.675383703e-13,1.171134915e-13,1.442872218e-13,6.564860378e-14,6.248030541e-14,1.151426773e-14,1.530669506e-13,1.175875434e-13,2.605268749e-14,7.20706657e-14,1.872926951e-13,6.097600238e-13,6.112438159e-13,3.627285246e-13,1.573708619e-13,6.451406025e-14,3.225626719e-13,7.915239618e-14,1.014697309e-14,5.508358544e-14,9.935911366e-14,3.184341376e-14,7.88332837e-14,8.432073702e-14,1.442162169e-13,7.887333069e-14,2.811816856e-14,1.187974705e-13,4.048337638e-14
94.4609375,1.851141215e-13,1.51506673e-13,1.706343844e-13,1.66884694e-13,1.196282881e-13,1.448672958e-13,6.539348636e-14,6.191646847e-14,1.164196877e-14,1.519202953e-13,1.171902694e-13,2.609125736e-14,7.252891162e-14,1.877653439e-13,6.131864673e-13,6.148853884e-13,3.660414369e-13,1.598736461e-13,6.502271414e-14,3.209772427e-13,7.860948817e-14,1.003131714e-14,5.542541567e-14,9.940756247e-14,3.223715155e-14,7.909547585e-14,8.559883875e-14,1.428549611e-13,7.958000723e-14,2.77919411e-14,1.169677474e-13,3.976324361e-14
94.46875,1.859845564e-13,1.505098997e-13,1.703153359e-13,1.664668141e-13,1.221092239e-13,1.455457798e-13,6.518157336e-14,6.14050866e-14,1.172796378e-14,1.508442067e-13,1.167840419e-13,2.611339479e-14,7.29116116e-14,1.882461352e-13,6.166166767e-13,6.184679041e-13,3.694380247e-13,1.624334859e-13,6.554771223e-14,3.192202939e-13,7.804699141e-14,9.906735541e-15,5.577618501e-14,9.936994844e-14,3.262106248e-14,7.931773982e-14,8.690165059e-14,1.414988006e-13,8.030849431e-14,2.746821519e-14,1.150930409e-13,3.903389973e-14
94.4765625,1.866462422e-13,1.494850708e-13,1.698471164e-13,1.659533308e-13,1.246175383e-13,1.460204394e-13,6.497486045e-14,6.094106047e-14,1.184539373e-14,1.497059037e-13,1.164021513e-13,2.613963288e-14,7.344276528e-14,1.887533126e-13,6.198755711e-13,6.219658032e-13,3.727124069e-13,1.649134845e-13,6.6105013e-14,3.175994528e-13,7.740992995e-14,9.812585286e-15,5.615064279e-14,9.933547731e-14,3.304094318e-14,7.953089084e-14,8.830118031e-14,1.399448457e-13,8.107178571e-14,2.711587654e-14,1.13335439e-13,3.828833118e-14
94.484375,1.873507025e-13,1.4859065e-13,1.693310501e-13,1.651332588e-13,1.271782438e-13,1.464003989e-13,6.475618461e-14,6.046443809e-14,1.201120029e-14,1.484474593e-13,1.161061789e-13,2.621009764e-14,7.417285484e-14,1.893317221e-13,6.229537491e-13,6.253559123e-13,3.75961711e-13,1.674121991e-13,6.673563441e-14,3.161035663e-13,7.67644277e-14,9.744917276e-15,5.648341781e-14,9.932023769e-14,3.347766821e-14,7.973783002e-14,8.975647434e-14,1.383895444e-13,8.189607637e-14,2.675732629e-14,1.116744798e-13,3.754726422e-14
94.4921875,1.883088489e-13,1.477129546e-13,1.688923315e-13,1.642763321e-13,1.298282671e-13,1.468378821e-13,6.453240601e-14,5.995366019e-14,1.217515076e-14,1.472281274e-13,1.158312928e-13,2.63023856e-14,7.488316515e-14,1.900044969e-13,6.258596484e-13,6.285249318e-13,3.792441909e-13,1.699903614e-13,6.740827954e-14,3.143877073e-13,7.618516532e-14,9.67854184e-15,5.678354794e-14,9.925811411e-14,3.390447406e-14,7.992744749e-14,9.117660786e-14,1.36943748e-13,8.266194293e-14,2.643512093e-14,1.100433765e-13,3.68345843e-14
94.5,1.893350642e-13,1.467868686e-13,1.685765315e-13,1.635376796e-13,1.325454623e-13,1.472585633e-13,6.431283801e-14,5.942868212e-14,1.231778838e-14,1.460851054e-13,1.155958584e-13,2.640002037e-14,7.55372563e-14,1.908172287e-13,6.287256349e-13,6.315567595e-13,3.825906789e-13,1.726090353e-13,6.810004431e-14,3.124368634e-13,7.568169683e-14,9.61164285e-15,5.711108053e-14,9.917243455e-14,3.435391592e-14,8.011776059e-14,9.262225005e-14,1.354414679e-13,8.343221075e-14,2.61334788e-14,1.084900417e-13,3.612733608e-14
94.5078125,1.902853334e-13,1.458340409e-13,1.68357072e-13,1.627705577e-13,1.352173158e-13,1.476818211e-13,6.409467421e-14,5.892926617e-14,1.2451011e-14,1.449111948e-13,1.154340243e-13,2.651484681e-14,7.623680868e-14,1.91674628e-13,6.3158942e-13,6.34518513e-13,3.85959225e-13,1.752084482e-13,6.881597579e-14,3.104303577e-13,7.52380471e-14,9.543860432e-15,5.743070655e-14,9.909265217e-14,3.482934026e-14,8.031174383e-14,9.415857367e-14,1.338781726e-13,8.437581118e-14,2.58213992e-14,1.069709665e-13,3.541376871e-14
94.515625,1.912029589e-13,1.448295296e-13,1.681156684e-13,1.619107683e-13,1.377757266e-13,1.481204322e-13,6.387147213e-14,5.845927858e-14,1.257829369e-14,1.437289114e-13,1.152789124e-13,2.663293825e-14,7.692858451e-14,1.924344145e-13,6.342690119e-13,6.372862845e-13,3.892178488e-13,1.777043162e-13,6.952800045e-14,3.084136745e-13,7.482171545e-14,9.476698761e-15,5.770328719e-14,9.900311329e-14,3.529578871e-14,8.048865805e-14,9.574955677e-14,1.323608817e-13,8.537093026e-14,2.551294164e-14,1.054100133e-13,3.471984605e-14
94.5234375,1.921026187e-13,1.438033387e-13,1.678746696e-13,1.610577125e-13,1.402830771e-13,1.485129482e-13,6.365609809e-14,5.798416752e-14,1.270408507e-14,1.425979259e-13,1.151328544e-13,2.674429138e-14,7.760442693e-14,1.932166271e-13,6.368484572e-13,6.399822767e-13,3.925014461e-13,1.801642606e-13,7.025262825e-14,3.064396861e-13,7.439283528e-14,9.420606486e-15,5.79775303e-14,9.892382663e-14,3.575826106e-14,8.063430662e-14,9.740439163e-14,1.308641369e-13,8.630949492e-14,2.522316928e-14,1.038660301e-13,3.40359396e-14
94.53125,1.930265152e-13,1.42728422e-13,1.677773145e-13,1.602790429e-13,1.428625257e-13,1.48964272e-13,6.346559894e-14,5.750460864e-14,1.283349509e-14,1.414739626e-13,1.150320444e-13,2.686572687e-14,7.836171054e-14,1.941722221e-13,6.39528088e-13,6.427828723e-13,3.960042988e-13,1.827864246e-13,7.103581669e-14,3.045320672e-13,7.395731281e-14,9.370349295e-15,5.828200034e-14,9.887836689e-14,3.62344617e-14,8.073506007e-14,9.911819026e-14,1.293744659e-13,8.732156954e-14,2.494506306e-14,1.023754862e-13,3.333991535e-14
94.5390625,1.94065059e-13,1.41614381e-13,1.677649504e-13,1.594700306e-13,1.4549915e-13,1.494857131e-13,6.3289236e-14,5.702536823e-14,1.296576324e-14,1.403301645e-13,1.149605196e-13,2.701068377e-14,7.918603136e-14,1.952018676e-13,6.420879941e-13,6.454486402e-13,3.995657737e-13,1.855455656e-13,7.185587015e-14,3.026317585e-13,7.354960982e-14,9.324648921e-15,5.858577834e-14,9.886394913e-14,3.671778841e-14,8.080563065e-14,1.008354254e-13,1.279342869e-13,8.838620491e-14,2.468283614e-14,1.009269393e-13,3.265201334e-14
94.546875,1.951872512e-13,1.406707426e-13,1.676993682e-13,1.584999194e-13,1.480410664e-13,1.498601064e-13,6.311012642e-14,5.653756278e-14,1.310122819e-14,1.392071384e-13,1.149452746e-13,2.717675151e-14,8.003508375e-14,1.962041741e-13,6.444010429e-13,6.479150682e-13,4.030758529e-13,1.882407044e-13,7.268813074e-14,3.007477642e-13,7.317205325e-14,9.295307396e-15,5.887209578e-14,9.887175476e-14,3.721061616e-14,8.0902054e-14,1.02611926e-13,1.265106851e-13,8.94161276e-14,2.443525028e-14,9.952835574e-14,3.19921339e-14
94.5546875,1.963682741e-13,1.398149217e-13,1.676067907e-13,1.574717961e-13,1.505294055e-13,1.501127938e-13,6.293614445e-14,5.609591803e-14,1.323908964e-14,1.381280708e-13,1.14958847e-13,2.733470047e-14,8.090340118e-14,1.972074355e-13,6.467289645e-13,6.504904207e-13,4.066660322e-13,1.908590664e-13,7.352971918e-14,2.988646944e-13,7.281834527e-14,9.268509342e-15,5.915524699e-14,9.886673771e-14,3.772358943e-14,8.103334374e-14,1.044904896e-13,1.250551532e-13,9.051354019e-14,2.41834667e-14,9.811901878e-14,3.137795515e-14
94.5625,1.976671554e-13,1.386950023e-13,1.675476693e-13,1.564700961e-13,1.531008238e-13,1.504489373e-13,6.277678064e-14,5.571880488e-14,1.33758974e-14,1.370490449e-13,1.149021268e-13,2.746351888e-14,8.173322244e-14,1.982215137e-13,6.490462129e-13,6.530710801e-13,4.103010129e-13,1.935136261e-13,7.43650332e-14,2.968622921e-13,7.250402625e-14,9.230273484e-15,5.944330777e-14,9.882942877e-14,3.824856822e-14,8.11420932e-14,1.06381275e-13,1.235817945e-13,9.167772069e-14,2.393363046e-14,9.66794213e-14,3.081878646e-14
94.5703125,1.989615342e-13,1.374365559e-13,1.675536896e-13,1.553130543e-13,1.555663369e-13,1.508214557e-13,6.262187249e-14,5.530485674e-14,1.3503129e-14,1.359150022e-13,1.148243108e-13,2.759959764e-14,8.253632088e-14,1.992463013e-13,6.511653826e-13,6.553802295e-13,4.13882272e-13,1.96164012e-13,7.523290114e-14,2.946989462e-13,7.22325903e-14,9.19657094e-15,5.971597546e-14,9.879890082e-14,3.876779212e-14,8.119995522e-14,1.082772361e-13,1.221024506e-13,9.283290388e-14,2.370665775e-14,9.529731981e-14,3.024993174e-14
94.578125,2.001125535e-13,1.363328557e-13,1.676318722e-13,1.540064479e-13,1.577335808e-13,1.51133106e-13,6.245535956e-14,5.484118117e-14,1.361107505e-14,1.347459096e-13,1.148011844e-13,2.776411205e-14,8.339932689e-14,2.002894528e-13,6.532375561e-13,6.575891495e-13,4.174566519e-13,1.986891424e-13,7.617351359e-14,2.924816e-13,7.199016549e-14,9.169180005e-15,5.995503688e-14,9.880669569e-14,3.927275047e-14,8.1219108e-14,1.102289672e-13,1.206078192e-13,9.405493114e-14,2.349486286e-14,9.396788108e-14,2.962317679e-14
94.5859375,2.012710022e-13,1.352292607e-13,1.676909229e-13,1.528360355e-13,1.598173933e-13,1.514521333e-13,6.227106338e-14,5.443135294e-14,1.371393539e-14,1.335524788e-13,1.147455251e-13,2.791860079e-14,8.429634855e-14,2.013243612e-13,6.552967314e-13,6.597725411e-13,4.209740984e-13,2.010946873e-13,7.713506361e-14,2.903312657e-13,7.177001996e-14,9.141096956e-15,6.016944481e-14,9.8832728e-14,3.976409466e-14,8.121390601e-14,1.122029911e-13,1.191035208e-13,9.530152754e-14,2.328589166e-14,9.266501875e-14,2.900965855e-14
94.59375,2.025015274e-13,1.340014238e-13,1.677283211e-13,1.517680272e-13,1.619877114e-13,1.51808459e-13,6.209066388e-14,5.406530742e-14,1.383518774e-14,1.32268497e-13,1.14634109e-13,2.806228386e-14,8.516920346e-14,2.023573599e-13,6.571945333e-13,6.617720449e-13,4.243674424e-13,2.034515271e-13,7.809817061e-14,2.881995324e-13,7.157704682e-14,9.124454757e-15,6.035682681e-14,9.883668576e-14,4.02410367e-14,8.121460142e-14,1.14229964e-13,1.175959415e-13,9.646521856e-14,2.308671298e-14,9.144246583e-14,2.845625354e-14
94.6015625,2.03692181e-13,1.32878172e-13,1.679116132e-13,1.505376959e-13,1.641271487e-13,1.521926938e-13,6.194975134e-14,5.36895336e-14,1.396646109e-14,1.30928488e-13,1.145883971e-13,2.823944653e-14,8.604740641e-14,2.034124489e-13,6.591198907e-13,6.637869463e-13,4.277769587e-13,2.057688251e-13,7.91238788e-14,2.859941846e-13,7.144235801e-14,9.111206629e-15,6.050962572e-14,9.881119415e-14,4.070186674e-14,8.123405946e-14,1.163438918e-13,1.161221746e-13,9.768066204e-14,2.289925334e-14,9.02274544e-14,2.7911602e-14
94.609375,2.049709434e-13,1.320211886e-13,1.682308871e-13,1.492069294e-13,1.661873974e-13,1.526294799e-13,6.183955558e-14,5.335159824e-14,1.408820054e-14,1.296761304e-13,1.146282689e-13,2.844490502e-14,8.694295761e-14,2.044371328e-13,6.612026391e-13,6.659787268e-13,4.312707542e-13,2.080487419e-13,8.022077824e-14,2.838547506e-13,7.139598875e-14,9.084822258e-15,6.065057367e-14,9.879707597e-14,4.115266317e-14,8.123140089e-14,1.184245294e-13,1.147501568e-13,9.902135222e-14,2.27148465e-14,8.893245043e-14,2.736202877e-14
94.6171875,2.064200156e-13,1.312631489e-13,1.684715254e-13,1.479156657e-13,1.682123357e-13,1.5306005e-13,6.172217882e-14,5.30378645e-14,1.420083445e-14,1.28520878e-13,1.146476831e-13,2.86415666e-14,8.781835663e-14,2.054022329e-13,6.630807524e-13,6.679646666e-13,4.346596102e-13,2.10293179e-13,8.133320024e-14,2.817600932e-13,7.139881974e-14,9.067025512e-15,6.077551605e-14,9.881190606e-14,4.159852345e-14,8.117068849e-14,1.204310539e-13,1.134282691e-13,1.00345068e-13,2.252671948e-14,8.767729635e-14,2.683543684e-14
94.625,2.078134958e-13,1.302748596e-13,1.686177548e-13,1.465215404e-13,1.702092128e-13,1.534033173e-13,6.159332408e-14,5.267513865e-14,1.431206344e-14,1.273500153e-13,1.146281411e-13,2.882739301e-14,8.866072153e-14,2.064008935e-13,6.645299906e-13,6.694707922e-13,4.37814719e-13,2.124501631e-13,8.242020002e-14,2.793602456e-13,7.139524551e-14,9.076851876e-15,6.083716679e-14,9.882889411e-14,4.203390007e-14,8.105949121e-14,1.224639454e-13,1.120256152e-13,1.016012957e-13,2.23403156e-14,8.653350418e-14,2.631735261e-14
94.6328125,2.09089932e-13,1.29063791e-13,1.688765675e-13,1.449910901e-13,1.721784208e-13,1.536907197e-13,6.144737241e-14,5.233268904e-14,1.443301285e-14,1.261207749e-13,1.147022479e-13,2.903449296e-14,8.949115279e-14,2.074777498e-13,6.658556272e-13,6.707829911e-13,4.408757114e-13,2.145017939e-13,8.34954937e-14,2.768282931e-13,7.141677593e-14,9.105148932e-15,6.082918735e-14,9.884218787e-14,4.245210989e-14,8.09350784e-14,1.245445368e-13,1.105777412e-13,1.028414419e-13,2.217929624e-14,8.542261203e-14,2.579987047e-14
94.640625,2.103339763e-13,1.279920161e-13,1.692854458e-13,1.435190959e-13,1.740332904e-13,1.539605491e-13,6.126162204e-14,5.209798124e-14,1.456349377e-14,1.248915465e-13,1.149194856e-13,2.928370876e-14,9.030595271e-14,2.085032787e-13,6.672813965e-13,6.721577666e-13,4.43981702e-13,2.164601095e-13,8.45993019e-14,2.746530226e-13,7.151706243e-14,9.142421929e-15,6.079583493e-14,9.886204468e-14,4.284951116e-14,8.083551638e-14,1.266693305e-13,1.091768794e-13,1.041304151e-13,2.204632004e-14,8.431814922e-14,2.53090998e-14
94.6484375,2.115668021e-13,1.27069518e-13,1.695901162e-13,1.420271982e-13,1.757347349e-13,1.541627997e-13,6.106574551e-14,5.192043436e-14,1.468173867e-14,1.237379106e-13,1.15096455e-13,2.953823691e-14,9.105753678e-14,2.094041767e-13,6.68501297e-13,6.733863261e-13,4.47036196e-13,2.182961409e-13,8.570700293e-14,2.724955703e-13,7.166666122e-14,9.172132291e-15,6.078040056e-14,9.891203022e-14,4.322435194e-14,8.073036319e-14,1.288420517e-13,1.077578275e-13,1.054816452e-13,2.190143158e-14,8.320496283e-14,2.485743487e-14
94.65625,2.130075632e-13,1.260664238e-13,1.696875932e-13,1.402810863e-13,1.774500273e-13,1.542881493e-13,6.089556864e-14,5.17770023e-14,1.479494498e-14,1.226158674e-13,1.151689659e-13,2.976150202e-14,9.179201288e-14,2.103528916e-13,6.692841118e-13,6.742850861e-13,4.499928057e-13,2.200830748e-13,8.680108816e-14,2.699017286e-13,7.182347522e-14,9.190832654e-15,6.078424235e-14,9.90349606e-14,4.358948408e-14,8.055669052e-14,1.309781775e-13,1.063168333e-13,1.067358445e-13,2.173702525e-14,8.210837743e-14,2.444219563e-14
94.6640625,2.147141682e-13,1.251209317e-13,1.699429668e-13,1.38440279e-13,1.792252875e-13,1.544672278e-13,6.072131615e-14,5.170365142e-14,1.493057967e-14,1.213968275e-13,1.153857323e-13,3.000412778e-14,9.26410958e-14,2.115015656e-13,6.70079622e-13,6.751680688e-13,4.530584746e-13,2.219473877e-13,8.797915827e-14,2.672935016e-13,7.202828999e-14,9.230278939e-15,6.074272188e-14,9.918392515e-14,4.396928069e-14,8.036283086e-14,1.330797047e-13,1.049846046e-13,1.078901817e-13,2.160679163e-14,8.115671499e-14,2.404660808e-14
94.671875,2.162775988e-13,1.242700121e-13,1.70616324e-13,1.367373145e-13,1.808967092e-13,1.547751312e-13,6.053855764e-14,5.165459817e-14,1.506519702e-14,1.201321504e-13,1.158062444e-13,3.030072177e-14,9.353340466e-14,2.127174486e-13,6.713045316e-13,6.763332894e-13,4.56297253e-13,2.238029116e-13,8.925156539e-14,2.649504587e-13,7.233077921e-14,9.291691846e-15,6.061378159e-14,9.926277206e-14,4.436449316e-14,8.023886394e-14,1.352558363e-13,1.037107591e-13,1.092088359e-13,2.153169225e-14,8.028514337e-14,2.364699659e-14
94.6796875,2.176052002e-13,1.232531427e-13,1.713924198e-13,1.35027124e-13,1.824279857e-13,1.550775177e-13,6.038657641e-14,5.1598154e-14,1.517252186e-14,1.189775625e-13,1.161576334e-13,3.058654464e-14,9.428061779e-14,2.138301304e-13,6.72626902e-13,6.775697878e-13,4.595019045e-13,2.255295634e-13,9.04830669e-14,2.625905135e-13,7.26949604e-14,9.340116832e-15,6.045190854e-14,9.933315004e-14,4.474557291e-14,8.01427616e-14,1.374754656e-13,1.023512071e-13,1.106591769e-13,2.14743775e-14,7.92998865e-14,2.325614474e-14
94.6875,2.190113727e-13,1.222572043e-13,1.72033342e-13,1.332255275e-13,1.838521235e-13,1.55316902e-13,6.024165212e-14,5.158931229e-14,1.527721816e-14,1.17870527e-13,1.163932323e-13,3.084739034e-14,9.496374181e-14,2.14912764e-13,6.737275875e-13,6.786580002e-13,4.626338362e-13,2.272103214e-13,9.170011164e-14,2.602442409e-13,7.307299168e-14,9.381338489e-15,6.029742484e-14,9.951650154e-14,4.510197696e-14,8.000585465e-14,1.396735862e-13,1.010099591e-13,1.120387144e-13,2.142063904e-14,7.830387029e-14,2.289588323e-14
94.6953125,2.205236073e-13,1.216146855e-13,1.727481194e-13,1.314835383e-13,1.851470041e-13,1.55648359e-13,6.006577103e-14,5.162805043e-14,1.538308658e-14,1.166741179e-13,1.167222333e-13,3.114802493e-14,9.576568365e-14,2.160986814e-13,6.748380768e-13,6.796951278e-13,4.658353869e-13,2.288986946e-13,9.304770699e-14,2.580164959e-13,7.348859081e-14,9.438935435e-15,6.01208576e-14,9.976755559e-14,4.546064463e-14,7.987582221e-14,1.419000584e-13,9.984205197e-14,1.13484608e-13,2.138585809e-14,7.74660973e-14,2.255552362e-14
94.703125,2.22086236e-13,1.210801014e-13,1.735764455e-13,1.297266074e-13,1.863539251e-13,1.560733541e-13,5.989511639e-14,5.168532856e-14,1.547436003e-14,1.154239103e-13,1.171582876e-13,3.147049325e-14,9.663037007e-14,2.173350396e-13,6.760965334e-13,6.80754318e-13,4.690775046e-13,2.305144959e-13,9.448692017e-14,2.556962726e-13,7.3957906e-14,9.505501113e-15,5.989892867e-14,9.999967138e-14,4.583185453e-14,7.978596514e-14,1.441339681e-13,9.874723937e-14,1.150668914e-13,2.136503137e-14,7.668234999e-14,2.223419715e-14
94.7109375,2.237510467e-13,1.204232774e-13,1.743815832e-13,1.278129384e-13,1.874616556e-13,1.564386534e-13,5.975933116e-14,5.180424664e-14,1.557721891e-14,1.141580466e-13,1.17598533e-13,3.176637004e-14,9.745326475e-14,2.184971697e-13,6.774097637e-13,6.818889619e-13,4.722461667e-13,2.320266156e-13,9.592844794e-14,2.533413861e-13,7.444796312e-14,9.577121747e-15,5.961241233e-14,1.002437689e-13,4.618642825e-14,7.968605981e-14,1.463175229e-13,9.761346849e-14,1.166060854e-13,2.135713037e-14,7.587904696e-14,2.193796495e-14
94.71875,2.253653074e-13,1.198521311e-13,1.75306562e-13,1.258977826e-13,1.884295903e-13,1.567977672e-13,5.963320362e-14,5.199312591e-14,1.570332235e-14,1.12842405e-13,1.180394038e-13,3.207743249e-14,9.825197411e-14,2.195793062e-13,6.78800761e-13,6.832066608e-13,4.753370399e-13,2.334832661e-13,9.741360361e-14,2.511503931e-13,7.496206092e-14,9.657757274e-15,5.925613246e-14,1.005188957e-13,4.650927242e-14,7.958002603e-14,1.485309796e-13,9.653837731e-14,1.181405305e-13,2.138342878e-14,7.512849546e-14,2.164605241e-14
94.7265625,2.268407817e-13,1.193585264e-13,1.764149036e-13,1.240778094e-13,1.893699543e-13,1.572455614e-13,5.950097425e-14,5.220350551e-14,1.582210631e-14,1.115083691e-13,1.184551308e-13,3.24162498e-14,9.900202992e-14,2.206242053e-13,6.802169179e-13,6.845946564e-13,4.783777736e-13,2.349371883e-13,9.894734197e-14,2.489736483e-13,7.551781668e-14,9.740505123e-15,5.888278876e-14,1.007565602e-13,4.682464906e-14,7.951673587e-14,1.508341635e-13,9.5555611e-14,1.19751246e-13,2.143750627e-14,7.441307481e-14,2.136632659e-14
94.734375,2.282840298e-13,1.187400774e-13,1.775257458e-13,1.222632603e-13,1.902351542e-13,1.577170764e-13,5.937194301e-14,5.244205513e-14,1.592517857e-14,1.10195129e-13,1.188379027e-13,3.2730475e-14,9.965368028e-14,2.216181113e-13,6.816309584e-13,6.859588286e-13,4.814410448e-13,2.363482378e-13,1.00492493e-13,2.467684432e-13,7.608939207e-14,9.828614452e-15,5.851024588e-14,1.009369006e-13,4.715228281e-14,7.948185841e-14,1.531663282e-13,9.456788592e-14,1.213583597e-13,2.149285165e-14,7.369387365e-14,2.113323497e-14
94.7421875,2.297098057e-13,1.181925741e-13,1.787091252e-13,1.205252107e-13,1.908137358e-13,1.582380714e-13,5.925100365e-14,5.272269871e-14,1.601844723e-14,1.088884141e-13,1.192892776e-13,3.304639567e-14,1.002903681e-13,2.22586933e-13,6.833132337e-13,6.875508472e-13,4.846542541e-13,2.375931353e-13,1.021214585e-13,2.447583134e-13,7.67019172e-14,9.92527996e-15,5.808870306e-14,1.011345548e-13,4.748237369e-14,7.946974836e-14,1.554798177e-13,9.363761505e-14,1.230562624e-13,2.156121464e-14,7.299753558e-14,2.092684961e-14
94.75,2.312182318e-13,1.179050631e-13,1.801106069e-13,1.18904326e-13,1.912567157e-13,1.588554073e-13,5.913097032e-14,5.302643417e-14,1.610082439e-14,1.075843138e-13,1.198161289e-13,3.341647843e-14,1.01010611e-13,2.236059543e-13,6.852671634e-13,6.894139164e-13,4.879689341e-13,2.386787801e-13,1.038752381e-13,2.428562465e-13,7.743388542e-14,1.002180664e-14,5.762014124e-14,1.013896071e-13,4.78019014e-14,7.952455281e-14,1.577544998e-13,9.282849531e-14,1.249208809e-13,2.166815482e-14,7.232478549e-14,2.072167841e-14
94.7578125,2.328891655e-13,1.176322077e-13,1.815684924e-13,1.171668223e-13,1.917443987e-13,1.594193713e-13,5.90070682e-14,5.338235483e-14,1.618844736e-14,1.062554832e-13,1.203145138e-13,3.379910198e-14,1.017251438e-13,2.246254237e-13,6.87065203e-13,6.91156068e-13,4.911680461e-13,2.396775149e-13,1.056383764e-13,2.407719941e-13,7.827406428e-14,1.012702857e-14,5.71438593e-14,1.016682117e-13,4.810401321e-14,7.962362416e-14,1.599902503e-13,9.197099109e-14,1.267646063e-13,2.180498269e-14,7.167982386e-14,2.055563364e-14
94.765625,2.344807412e-13,1.173115395e-13,1.829783999e-13,1.152350697e-13,1.920303684e-13,1.598716546e-13,5.889466295e-14,5.383257249e-14,1.629151114e-14,1.048507501e-13,1.208049581e-13,3.415698825e-14,1.023021783e-13,2.25534207e-13,6.8866441e-13,6.92721484e-13,4.942135285e-13,2.405101431e-13,1.073497607e-13,2.3860092e-13,7.914612049e-14,1.025383579e-14,5.664716842e-14,1.019601641e-13,4.837115906e-14,7.970291175e-14,1.622236304e-13,9.104182035e-14,1.285390997e-13,2.195432134e-14,7.106136128e-14,2.044884446e-14
94.7734375,2.359169384e-13,1.171644946e-13,1.844376326e-13,1.133425856e-13,1.920842884e-13,1.603538175e-13,5.880073368e-14,5.436378308e-14,1.640172796e-14,1.033799369e-13,1.213727428e-13,3.451993966e-14,1.028259111e-13,2.263765351e-13,6.903965173e-13,6.944723075e-13,4.972376263e-13,2.411461238e-13,1.091021155e-13,2.365987245e-13,8.002413897e-14,1.039258705e-14,5.610326397e-14,1.02278444e-13,4.859545448e-14,7.977571564e-14,1.644395103e-13,9.022362445e-14,1.303519873e-13,2.211653599e-14,7.043419293e-14,2.03654787e-14
94.78125,2.373548457e-13,1.170711713e-13,1.859823838e-13,1.115604037e-13,1.921611075e-13,1.609038103e-13,5.870700284e-14,5.494521024e-14,1.650896283e-14,1.018953472e-13,1.219976679e-13,3.489288e-14,1.034217766e-13,2.272198653e-13,6.922664354e-13,6.964289402e-13,5.002341149e-13,2.416794786e-13,1.109411868e-13,2.346563524e-13,8.093134037e-14,1.053044264e-14,5.550864887e-14,1.0260468e-13,4.88064927e-14,7.987340351e-14,1.666190017e-13,8.946071226e-14,1.321795198e-13,2.230064434e-14,6.981995955e-14,2.028748459e-14
94.7890625,2.386713694e-13,1.16863456e-13,1.876657366e-13,1.097432722e-13,1.920478897e-13,1.614745225e-13,5.861980796e-14,5.554950723e-14,1.65877689e-14,1.004617062e-13,1.226317839e-13,3.525097411e-14,1.039817981e-13,2.279487306e-13,6.941460441e-13,6.983531326e-13,5.031347705e-13,2.420663165e-13,1.128083337e-13,2.326260317e-13,8.191569006e-14,1.065768139e-14,5.487498447e-14,1.029366516e-13,4.902870046e-14,7.998293078e-14,1.688223406e-13,8.864663827e-14,1.340450033e-13,2.251534352e-14,6.920879796e-14,2.022283459e-14
94.796875,2.398404802e-13,1.16713158e-13,1.895212118e-13,1.079041546e-13,1.915147269e-13,1.620913759e-13,5.85605606e-14,5.618204253e-14,1.663705197e-14,9.911600156e-14,1.232637286e-13,3.559317084e-14,1.043885941e-13,2.28482659e-13,6.961182495e-13,7.002593181e-13,5.05995848e-13,2.422650292e-13,1.146937433e-13,2.306992366e-13,8.29968683e-14,1.077235079e-14,5.422182863e-14,1.032889058e-13,4.924153822e-14,8.010685515e-14,1.710240642e-13,8.789854395e-14,1.359944389e-13,2.275396704e-14,6.850261461e-14,2.017544846e-14
94.8046875,2.411850538e-13,1.167100511e-13,1.914185652e-13,1.061566165e-13,1.909614482e-13,1.627695292e-13,5.850853795e-14,5.689565025e-14,1.671207462e-14,9.777187271e-14,1.23927254e-13,3.594197022e-14,1.047777287e-13,2.290364785e-13,6.982249309e-13,7.022379193e-13,5.08897517e-13,2.424518016e-13,1.166653445e-13,2.289498114e-13,8.412281869e-14,1.089973307e-14,5.353757532e-14,1.036465329e-13,4.943040763e-14,8.025848678e-14,1.731379229e-13,8.723473419e-14,1.379212926e-13,2.300655072e-14,6.778775234e-14,2.015843156e-14
94.8125,2.427216454e-13,1.168914482e-13,1.933706892e-13,1.044680808e-13,1.906454595e-13,1.634926937e-13,5.844339979e-14,5.768669523e-14,1.683327485e-14,9.634542456e-14,1.247316672e-13,3.634122599e-14,1.053100059e-13,2.298570074e-13,7.004824686e-13,7.043318209e-13,5.119059605e-13,2.427238818e-13,1.187730228e-13,2.271908555e-13,8.528171497e-14,1.105785406e-14,5.280895622e-14,1.04013871e-13,4.962231054e-14,8.044738429e-14,1.75259243e-13,8.661947025e-14,1.398625722e-13,2.329596124e-14,6.726992776e-14,2.018022946e-14
94.8203125,2.441656238e-13,1.173313358e-13,1.955508413e-13,1.027826798e-13,1.902915377e-13,1.642497147e-13,5.838432069e-14,5.850305525e-14,1.695906308e-14,9.492262109e-14,1.256858385e-13,3.680638494e-14,1.059159836e-13,2.308156342e-13,7.029556243e-13,7.066438213e-13,5.150312845e-13,2.429510565e-13,1.209886297e-13,2.254478614e-13,8.65268698e-14,1.122536359e-14,5.208368838e-14,1.044111429e-13,4.982910525e-14,8.07181107e-14,1.774791789e-13,8.616665323e-14,1.419584168e-13,2.364241743e-14,6.6838233e-14,2.02261516e-14
94.828125,2.454813605e-13,1.177761699e-13,1.978948732e-13,1.0115293e-13,1.897750196e-13,1.650211689e-13,5.833672307e-14,5.93736138e-14,1.707107386e-14,9.3546749e-14,1.266315742e-13,3.728302056e-14,1.06446542e-13,2.316368899e-13,7.055362098e-13,7.09102489e-13,5.181190888e-13,2.430668577e-13,1.232349567e-13,2.238063899e-13,8.783282204e-14,1.138320763e-14,5.138368405e-14,1.048188125e-13,5.002368409e-14,8.107979974e-14,1.79649182e-13,8.582307603e-14,1.44082289e-13,2.401673455e-14,6.623779433e-14,2.02860144e-14
94.8359375,2.468206915e-13,1.181205777e-13,2.002785293e-13,9.962018366e-14,1.892138128e-13,1.658350434e-13,5.828698078e-14,6.032973779e-14,1.718098023e-14,9.209469552e-14,1.27576608e-13,3.775010833e-14,1.069385966e-13,2.324045926e-13,7.081547093e-13,7.115608665e-13,5.211179963e-13,2.431647041e-13,1.255133203e-13,2.221442839e-13,8.91586271e-14,1.154511085e-14,5.064910149e-14,1.052325418e-13,5.019714039e-14,8.146810183e-14,1.816772777e-13,8.544813682e-14,1.461505401e-13,2.439809113e-14,6.557111038e-14,2.036405613e-14
94.84375,2.482956863e-13,1.186824137e-13,2.027959394e-13,9.814990047e-14,1.886405057e-13,1.667353321e-13,5.824132036e-14,6.131003707e-14,1.729600426e-14,9.056445886e-14,1.286887808e-13,3.825927163e-14,1.075331982e-13,2.333510183e-13,7.109819064e-13,7.141850454e-13,5.242528019e-13,2.432965123e-13,1.279119144e-13,2.205050876e-13,9.056135315e-14,1.172981223e-14,4.985943346e-14,1.056809072e-13,5.037321794e-14,8.187265724e-14,1.836851059e-13,8.515314061e-14,1.483340974e-13,2.481285169e-14,6.506837307e-14,2.046495607e-14
94.8515625,2.498958155e-13,1.19372744e-13,2.054866578e-13,9.66692337e-14,1.880705807e-13,1.676983179e-13,5.821314827e-14,6.229761888e-14,1.741567734e-14,8.909661436e-14,1.299124167e-13,3.880889662e-14,1.081894079e-13,2.34395599e-13,7.140745069e-13,7.171552532e-13,5.276426404e-13,2.434203621e-13,1.304285621e-13,2.190394783e-13,9.204714759e-14,1.192993734e-14,4.906331193e-14,1.061690154e-13,5.056612328e-14,8.233834823e-14,1.857350989e-13,8.498879047e-14,1.506106788e-13,2.527038074e-14,6.463673959e-14,2.058990378e-14
94.859375,2.514243481e-13,1.199194772e-13,2.082896875e-13,9.511652498e-14,1.874546405e-13,1.68681575e-13,5.82084003e-14,6.335308673e-14,1.752425489e-14,8.768364109e-14,1.311302624e-13,3.934356252e-14,1.087585809e-13,2.35350499e-13,7.173147896e-13,7.203047489e-13,5.311166413e-13,2.435191938e-13,1.329555755e-13,2.176238281e-13,9.355683257e-14,1.211649848e-14,4.827688855e-14,1.06682607e-13,5.077058177e-14,8.28585858e-14,1.877746365e-13,8.481987123e-14,1.52855424e-13,2.575167248e-14,6.409969299e-14,2.073244423e-14
94.8671875,2.527232757e-13,1.205782463e-13,2.112510945e-13,9.355047081e-14,1.866492894e-13,1.696547963e-13,5.822343445e-14,6.448827481e-14,1.762602673e-14,8.623532591e-14,1.324570955e-13,3.986673436e-14,1.092376993e-13,2.361957444e-13,7.206241087e-13,7.234301787e-13,5.344549723e-13,2.435830938e-13,1.354447103e-13,2.161654384e-13,9.513447827e-14,1.227930482e-14,4.748199894e-14,1.071873797e-13,5.097231295e-14,8.342811563e-14,1.89749852e-13,8.467043588e-14,1.552038877e-13,2.62649258e-14,6.352333075e-14,2.089229054e-14
94.875,2.539278089e-13,1.214908348e-13,2.143779512e-13,9.211120372e-14,1.856777278e-13,1.706523887e-13,5.82448627e-14,6.569206247e-14,1.775095104e-14,8.476879252e-14,1.339414304e-13,4.041587e-14,1.097004518e-13,2.369914475e-13,7.240081059e-13,7.26642403e-13,5.376976056e-13,2.435647168e-13,1.37973012e-13,2.148129829e-13,9.680547877e-14,1.244245651e-14,4.667483344e-14,1.076732647e-13,5.116188312e-14,8.407198474e-14,1.916124333e-13,8.461568069e-14,1.576947614e-13,2.681983461e-14,6.302041282e-14,2.108826028e-14
94.8828125,2.553183765e-13,1.224724948e-13,2.175977913e-13,9.079148294e-14,1.846682899e-13,1.718042467e-13,5.827681837e-14,6.697247915e-14,1.788682967e-14,8.330140132e-14,1.354692939e-13,4.100219714e-14,1.102021559e-13,2.378876413e-13,7.276667643e-13,7.302345901e-13,5.412360429e-13,2.43499734e-13,1.406947932e-13,2.13596625e-13,9.845761822e-14,1.2630516e-14,4.585055335e-14,1.082118399e-13,5.135863825e-14,8.477882038e-14,1.934291955e-13,8.460499349e-14,1.601876497e-13,2.739017351e-14,6.259856953e-14,2.132990317e-14
94.890625,2.569547105e-13,1.236027182e-13,2.209648456e-13,8.945092191e-14,1.83618816e-13,1.730909865e-13,5.83313635e-14,6.827948979e-14,1.800995332e-14,8.182382588e-14,1.370657409e-13,4.163272995e-14,1.107853186e-13,2.389707571e-13,7.317237326e-13,7.341835617e-13,5.451858053e-13,2.434435242e-13,1.436703724e-13,2.123992655e-13,1.000746524e-13,1.284822129e-14,4.500109892e-14,1.088159594e-13,5.157984688e-14,8.555508735e-14,1.953416295e-13,8.464759954e-14,1.628041135e-13,2.797119152e-14,6.226144645e-14,2.160178318e-14
94.8984375,2.585688721e-13,1.249162178e-13,2.245384375e-13,8.807082327e-14,1.824754053e-13,1.74327194e-13,5.83919874e-14,6.955034878e-14,1.814041148e-14,8.040321837e-14,1.387624612e-13,4.230526173e-14,1.113821492e-13,2.400280656e-13,7.359015511e-13,7.381211721e-13,5.490241895e-13,2.43283145e-13,1.4675349e-13,2.112268518e-13,1.017810528e-13,1.308191473e-14,4.41379367e-14,1.094020046e-13,5.180018104e-14,8.642972979e-14,1.972832226e-13,8.478491006e-14,1.656567094e-13,2.859336575e-14,6.197290986e-14,2.188403216e-14
94.90625,2.599686645e-13,1.262035905e-13,2.281918023e-13,8.675356233e-14,1.812228415e-13,1.755315685e-13,5.844745212e-14,7.08217082e-14,1.827813099e-14,7.906167816e-14,1.404276737e-13,4.29880263e-14,1.119219773e-13,2.409143844e-13,7.400411827e-13,7.419975937e-13,5.525375037e-13,2.429400084e-13,1.498265015e-13,2.101406676e-13,1.035827417e-13,1.331286438e-14,4.327456973e-14,1.099851368e-13,5.200344118e-14,8.735353275e-14,1.991077577e-13,8.497952389e-14,1.685024021e-13,2.92491968e-14,6.164829957e-14,2.216873249e-14
94.9140625,2.612957803e-13,1.274451862e-13,2.317750353e-13,8.550890928e-14,1.798900685e-13,1.768209552e-13,5.851000911e-14,7.216606733e-14,1.840475361e-14,7.768681038e-14,1.420499492e-13,4.364754599e-14,1.12455142e-13,2.417713808e-13,7.442396524e-13,7.459939709e-13,5.56110369e-13,2.425336328e-13,1.52937446e-13,2.090735978e-13,1.053742591e-13,1.35487964e-14,4.240204274e-14,1.106107163e-13,5.220427365e-14,8.827651692e-14,2.00886731e-13,8.520276193e-14,1.712017307e-13,2.99038961e-14,6.129316961e-14,2.246863244e-14
94.921875,2.626869652e-13,1.287437299e-13,2.352850478e-13,8.428205264e-14,1.785505018e-13,1.781010403e-13,5.856861664e-14,7.358157323e-14,1.853677238e-14,7.621665456e-14,1.437499457e-13,4.428181066e-14,1.129699697e-13,2.426318935e-13,7.483354571e-13,7.49907622e-13,5.59739755e-13,2.42120517e-13,1.561013196e-13,2.079357696e-13,1.071349443e-13,1.380527718e-14,4.151375896e-14,1.112072089e-13,5.239556823e-14,8.922134539e-14,2.026833323e-13,8.545339871e-14,1.738992259e-13,3.056529707e-14,6.096133112e-14,2.279345836e-14
94.9296875,2.641550221e-13,1.302169846e-13,2.388015506e-13,8.310647713e-14,1.772210795e-13,1.79315769e-13,5.860423918e-14,7.499910148e-14,1.866974025e-14,7.473781639e-14,1.455219367e-13,4.492735311e-14,1.134793577e-13,2.434550121e-13,7.522411762e-13,7.535413734e-13,5.631234152e-13,2.416448144e-13,1.593325375e-13,2.067763706e-13,1.089245011e-13,1.406878905e-14,4.063739625e-14,1.1175794e-13,5.257792502e-14,9.017321639e-14,2.043944579e-13,8.575701407e-14,1.76707693e-13,3.125861628e-14,6.065780112e-14,2.311704606e-14
94.9375,2.657410455e-13,1.319797677e-13,2.423803096e-13,8.200541087e-14,1.758708204e-13,1.805612589e-13,5.862722568e-14,7.635325997e-14,1.877945237e-14,7.334438531e-14,1.473441153e-13,4.561861991e-14,1.141433504e-13,2.443570367e-13,7.561700934e-13,7.570236585e-13,5.663480527e-13,2.411193841e-13,1.627339951e-13,2.056417575e-13,1.107939169e-13,1.433892671e-14,3.980035093e-14,1.123082219e-13,5.27863782e-14,9.110184819e-14,2.060524206e-13,8.615966036e-14,1.796968774e-13,3.197547091e-14,6.0406602e-14,2.341847477e-14
94.9453125,2.673449015e-13,1.338737693e-13,2.460372176e-13,8.091432399e-14,1.744883125e-13,1.818508276e-13,5.865649324e-14,7.766993234e-14,1.888835703e-14,7.200868031e-14,1.492756408e-13,4.634227636e-14,1.149025683e-13,2.453381886e-13,7.601265487e-13,7.604481983e-13,5.695971465e-13,2.405741225e-13,1.662788211e-13,2.044798736e-13,1.127351367e-13,1.463811531e-14,3.89815724e-14,1.128125001e-13,5.302074787e-14,9.204522714e-14,2.078145217e-13,8.663161502e-14,1.828531986e-13,3.269532881e-14,6.02470381e-14,2.371803861e-14
94.953125,2.688621393e-13,1.357298275e-13,2.497597381e-13,7.984065494e-14,1.730405881e-13,1.831914848e-13,5.871671253e-14,7.906000706e-14,1.901963964e-14,7.062958403e-14,1.512788266e-13,4.70705141e-14,1.155331632e-13,2.463036982e-13,7.641462017e-13,7.640164129e-13,5.729705899e-13,2.400295867e-13,1.698611991e-13,2.033465358e-13,1.146782025e-13,1.495106992e-14,3.814677846e-14,1.132896611e-13,5.325834249e-14,9.302531366e-14,2.096603929e-13,8.711934428e-14,1.85998404e-13,3.341516701e-14,6.015129278e-14,2.403601118e-14
94.9609375,2.704835911e-13,1.37688691e-13,2.535078166e-13,7.885966203e-14,1.715752896e-13,1.8460885e-13,5.88162643e-14,8.055049766e-14,1.916232709e-14,6.919957545e-14,1.532773002e-13,4.780608868e-14,1.160902665e-13,2.473163058e-13,7.684323881e-13,7.678642812e-13,5.764997272e-13,2.395214854e-13,1.735309093e-13,2.023104405e-13,1.166098267e-13,1.525386321e-14,3.729632505e-14,1.138314672e-13,5.35034232e-14,9.403174239e-14,2.1146776e-13,8.765314338e-14,1.891067578e-13,3.414583719e-14,6.005941389e-14,2.437578181e-14
94.96875,2.722179483e-13,1.398033442e-13,2.57272268e-13,7.799597882e-14,1.701757548e-13,1.860075451e-13,5.89027006e-14,8.203100575e-14,1.93009898e-14,6.782445757e-14,1.553009859e-13,4.855620528e-14,1.166856178e-13,2.483421879e-13,7.727652972e-13,7.71601755e-13,5.798824056e-13,2.389565936e-13,1.773177687e-13,2.012236699e-13,1.185917048e-13,1.555969527e-14,3.64381862e-14,1.143599663e-13,5.373672881e-14,9.506978432e-14,2.13199162e-13,8.827357377e-14,1.923247105e-13,3.489251601e-14,5.993774069e-14,2.473241471e-14
94.9765625,2.737278694e-13,1.419601068e-13,2.610897979e-13,7.7284447e-14,1.686834917e-13,1.873858831e-13,5.894705612e-14,8.345479694e-14,1.941864559e-14,6.654762706e-14,1.573552095e-13,4.930576417e-14,1.172544581e-13,2.492141612e-13,7.769231244e-13,7.751083717e-13,5.829668942e-13,2.381956734e-13,1.811398681e-13,2.000594303e-13,1.20597362e-13,1.587436359e-14,3.556794094e-14,1.147875775e-13,5.39353543e-14,9.6117722e-14,2.148596059e-13,8.896118932e-14,1.956146577e-13,3.564751118e-14,5.980060292e-14,2.508974764e-14
94.984375,2.750489628e-13,1.441969525e-13,2.649537339e-13,7.668974431e-14,1.669679506e-13,1.888682815e-13,5.901403072e-14,8.490358346e-14,1.953223148e-14,6.531583497e-14,1.594163943e-13,5.003890307e-14,1.177974407e-13,2.499914867e-13,7.81181293e-13,7.78831093e-13,5.860898593e-13,2.373230165e-13,1.850152846e-13,1.990313022e-13,1.225592916e-13,1.61963392e-14,3.469788126e-14,1.152166859e-13,5.41380218e-14,9.717057181e-14,2.164826739e-13,8.966223245e-14,1.989081608e-13,3.641609175e-14,5.971167114e-14,2.545058683e-14
94.9921875,2.765347616e-13,1.466084415e-13,2.688592125e-13,7.602194795e-14,1.652285268e-13,1.904184752e-13,5.913622177e-14,8.640830865e-14,1.968110355e-14,6.40911671e-14,1.615823552e-13,5.077082772e-14,1.183392119e-13,2.50854997e-13,7.856252961e-13,7.827706074e-13,5.893607586e-13,2.364939246e-13,1.890103382e-13,1.981014834e-13,1.245367486e-13,1.654116113e-14,3.385027069e-14,1.157028806e-13,5.436617837e-14,9.826580194e-14,2.181160376e-13,9.037237318e-14,2.023228375e-13,3.721397166e-14,5.970587876e-14,2.582796742e-14
95,2.781953209e-13,1.492034298e-13,2.728649925e-13,7.526693142e-14,1.635384598e-13,1.919709662e-13,5.925768898e-14,8.793080195e-14,1.984167124e-14,6.285361412e-14,1.639062595e-13,5.153866755e-14,1.18863607e-13,2.518376397e-13,7.900693646e-13,7.866547899e-13,5.926220719e-13,2.35644257e-13,1.931205088e-13,1.97068531e-13,1.265935439e-13,1.690558807e-14,3.301751176e-14,1.161870661e-13,5.458380988e-14,9.93761667e-14,2.197359883e-13,9.119462513e-14,2.058855844e-13,3.803094249e-14,5.974579125e-14,2.62067392e-14
95.0078125,2.798784852e-13,1.518999761e-13,2.769532791e-13,7.463658011e-14,1.617581999e-13,1.935745053e-13,5.935907601e-14,8.947086499e-14,1.99840762e-14,6.161279972e-14,1.66262159e-13,5.234375251e-14,1.194387462e-13,2.528686107e-13,7.945445304e-13,7.905908501e-13,5.959320942e-13,2.34691997e-13,1.973505565e-13,1.960296873e-13,1.286794489e-13,1.728315527e-14,3.217629441e-14,1.166734969e-13,5.47936482e-14,1.004698136e-13,2.21319123e-13,9.216545539e-14,2.094979565e-13,3.885468875e-14,5.980653854e-14,2.65935791e-14
95.015625,2.815570166e-13,1.545846369e-13,2.810688343e-13,7.414358056e-14,1.599949748e-13,1.952062361e-13,5.947686511e-14,9.100454979e-14,2.013926074e-14,6.045104965e-14,1.6860684e-13,5.315217314e-14,1.200514909e-13,2.538551226e-13,7.990926978e-13,7.946186794e-13,5.993084516e-13,2.337838553e-13,2.016825032e-13,1.951061032e-13,1.307674764e-13,1.768676567e-14,3.133827152e-14,1.171603072e-13,5.504291964e-14,1.016021929e-13,2.22931582e-13,9.31529124e-14,2.1318804e-13,3.970070601e-14,5.992057654e-14,2.701590488e-14
95.0234375,2.83181539e-13,1.573671191e-13,2.852747078e-13,7.368214941e-14,1.583718404e-13,1.968700731e-13,5.960847722e-14,9.246852442e-14,2.030065658e-14,5.940483074e-14,1.710409676e-13,5.397087122e-14,1.206257791e-13,2.548083491e-13,8.036962781e-13,7.986638346e-13,6.0268822e-13,2.330049743e-13,2.060823275e-13,1.941394508e-13,1.328801345e-13,1.810433443e-14,3.053748612e-14,1.175827109e-13,5.533993138e-14,1.027840945e-13,2.246154001e-13,9.413414383e-14,2.170289289e-13,4.057104897e-14,6.011035743e-14,2.744096888e-14
95.03125,2.848467202e-13,1.604272483e-13,2.895853198e-13,7.333146525e-14,1.567558202e-13,1.986818257e-13,5.9727323e-14,9.387145106e-14,2.042698007e-14,5.84093915e-14,1.735573281e-13,5.483190623e-14,1.212489254e-13,2.558782943e-13,8.083557764e-13,8.027241487e-13,6.061147375e-13,2.321917993e-13,2.106224221e-13,1.93017281e-13,1.350022574e-13,1.852655391e-14,2.976995421e-14,1.179306769e-13,5.564895514e-14,1.039479639e-13,2.263080185e-13,9.526369392e-14,2.209929161e-13,4.144459201e-14,6.035276349e-14,2.783265383e-14
95.0390625,2.867714744e-13,1.63569644e-13,2.939036068e-13,7.30978697e-14,1.551424589e-13,2.006196435e-13,5.985442999e-14,9.52471819e-14,2.054345424e-14,5.742886016e-14,1.760944336e-13,5.571064098e-14,1.219533693e-13,2.571109478e-13,8.129462115e-13,8.066073512e-13,6.095493786e-13,2.31305228e-13,2.15347558e-13,1.918306632e-13,1.371328074e-13,1.898310271e-14,2.900761943e-14,1.182340703e-13,5.595809122e-14,1.050618903e-13,2.279424594e-13,9.653222728e-14,2.250372519e-13,4.231723798e-14,6.06347852e-14,2.821377706e-14
95.046875,2.888567269e-13,1.666096473e-13,2.981928461e-13,7.28224082e-14,1.536198582e-13,2.025587646e-13,6.003154454e-14,9.659922548e-14,2.06931614e-14,5.646069683e-14,1.787005303e-13,5.656277522e-14,1.226377764e-13,2.583894479e-13,8.175339401e-13,8.103932095e-13,6.130732302e-13,2.305085965e-13,2.201561408e-13,1.906901461e-13,1.392931028e-13,1.947416478e-14,2.826044255e-14,1.185352799e-13,5.63076199e-14,1.061513467e-13,2.295654928e-13,9.776301272e-14,2.29175999e-13,4.31981617e-14,6.098342106e-14,2.859217444e-14
95.0546875,2.908799571e-13,1.697914532e-13,3.023802353e-13,7.25471638e-14,1.520682699e-13,2.044753923e-13,6.024518144e-14,9.797296804e-14,2.087210302e-14,5.548201525e-14,1.813539183e-13,5.739776067e-14,1.233286168e-13,2.596317552e-13,8.223621702e-13,8.145263968e-13,6.168809129e-13,2.298120107e-13,2.249989935e-13,1.896318711e-13,1.414396069e-13,1.997217985e-14,2.755097726e-14,1.18905878e-13,5.671584039e-14,1.072786864e-13,2.31292226e-13,9.893448368e-14,2.334514811e-13,4.408128358e-14,6.140355813e-14,2.896471682e-14
95.0625,2.929159977e-13,1.731125319e-13,3.06374439e-13,7.243460128e-14,1.504290163e-13,2.06420581e-13,6.045276018e-14,9.936890277e-14,2.104699018e-14,5.452291778e-14,1.838728271e-13,5.824011215e-14,1.240497749e-13,2.608408531e-13,8.27261269e-13,8.18852066e-13,6.20746741e-13,2.291409863e-13,2.299333265e-13,1.885520822e-13,1.434992913e-13,2.047932338e-14,2.686432451e-14,1.193229025e-13,5.714074517e-14,1.08442644e-13,2.330922769e-13,1.001316366e-13,2.378238729e-13,4.494154383e-14,6.184212983e-14,2.935505861e-14
95.0703125,2.95061429e-13,1.762267503e-13,3.103079922e-13,7.241262974e-14,1.488033711e-13,2.084529917e-13,6.066325403e-14,1.006785916e-13,2.117984148e-14,5.364103988e-14,1.862095811e-13,5.908330414e-14,1.246932745e-13,2.62043881e-13,8.319318837e-13,8.228776442e-13,6.24402637e-13,2.285090014e-13,2.349524769e-13,1.873412022e-13,1.45469659e-13,2.099369582e-14,2.618607525e-14,1.196715636e-13,5.756415622e-14,1.095282481e-13,2.347902433e-13,1.013461883e-13,2.421804631e-13,4.576623803e-14,6.226321775e-14,2.975523732e-14
95.078125,2.972547167e-13,1.79397957e-13,3.142980483e-13,7.235415246e-14,1.471989799e-13,2.105139376e-13,6.088829522e-14,1.018877412e-13,2.128966325e-14,5.283807952e-14,1.88570239e-13,5.992322592e-14,1.252502469e-13,2.63243561e-13,8.363862143e-13,8.266129015e-13,6.279686784e-13,2.278545402e-13,2.400087701e-13,1.861214816e-13,1.474129166e-13,2.151440291e-14,2.552437537e-14,1.199236451e-13,5.799943665e-14,1.105188895e-13,2.364050337e-13,1.025862219e-13,2.465753194e-13,4.658305028e-14,6.272514683e-14,3.014232111e-14
95.0859375,2.994938126e-13,1.82993331e-13,3.181909319e-13,7.232166535e-14,1.4561673e-13,2.124640475e-13,6.10861292e-14,1.030885686e-13,2.143447879e-14,5.210712215e-14,1.910522224e-13,6.076850362e-14,1.258113661e-13,2.644258577e-13,8.405661329e-13,8.300636825e-13,6.313841045e-13,2.271241709e-13,2.451265209e-13,1.849197365e-13,1.493346351e-13,2.207596581e-14,2.48735845e-14,1.201072533e-13,5.842705855e-14,1.114972575e-13,2.381468165e-13,1.038882502e-13,2.511350985e-13,4.74051842e-14,6.330601115e-14,3.052429696e-14
95.09375,3.018119681e-13,1.864578815e-13,3.218944339e-13,7.233700757e-14,1.441336488e-13,2.143898918e-13,6.126630044e-14,1.042696045e-13,2.160231099e-14,5.143003737e-14,1.934717954e-13,6.160656987e-14,1.263958064e-13,2.656286072e-13,8.443852309e-13,8.33036391e-13,6.345139339e-13,2.264132034e-13,2.503585028e-13,1.834525109e-13,1.511496764e-13,2.267959896e-14,2.423491967e-14,1.202282348e-13,5.884356331e-14,1.123892733e-13,2.399844952e-13,1.051795046e-13,2.557066871e-13,4.819032506e-14,6.395618068e-14,3.089313582e-14
95.1015625,3.042088654e-13,1.895746537e-13,3.255345679e-13,7.232377899e-14,1.427417593e-13,2.164458174e-13,6.149033323e-14,1.053755347e-13,2.175786724e-14,5.076520558e-14,1.957879e-13,6.243163559e-14,1.269581051e-13,2.668530944e-13,8.48073838e-13,8.357206659e-13,6.376171621e-13,2.257484404e-13,2.557142331e-13,1.817914511e-13,1.528796844e-13,2.328456517e-14,2.363689455e-14,1.203367601e-13,5.927438694e-14,1.13121205e-13,2.416918685e-13,1.064771312e-13,2.60131425e-13,4.89256707e-14,6.456958905e-14,3.123431429e-14
95.109375,3.066347533e-13,1.93128995e-13,3.292015058e-13,7.238600225e-14,1.413659797e-13,2.185203797e-13,6.173042791e-14,1.064217519e-13,2.191841079e-14,5.014235578e-14,1.982278299e-13,6.32810749e-14,1.274805781e-13,2.680141922e-13,8.518185604e-13,8.383697892e-13,6.407539244e-13,2.250572002e-13,2.611610776e-13,1.803380749e-13,1.546868374e-13,2.388839699e-14,2.30800516e-14,1.204609265e-13,5.970437981e-14,1.138158807e-13,2.432968807e-13,1.079507483e-13,2.645990354e-13,4.966049271e-14,6.519212362e-14,3.155487542e-14
95.1171875,3.089608886e-13,1.970816808e-13,3.329014628e-13,7.264126755e-14,1.399710879e-13,2.205713522e-13,6.194027783e-14,1.07413041e-13,2.208490392e-14,4.959001881e-14,2.008023139e-13,6.416986017e-14,1.280400876e-13,2.691620526e-13,8.555712194e-13,8.409273705e-13,6.437120687e-13,2.243295953e-13,2.666971833e-13,1.789030861e-13,1.565791835e-13,2.451388969e-14,2.253855263e-14,1.205506257e-13,6.013323272e-14,1.145262236e-13,2.450069662e-13,1.095547221e-13,2.692330484e-13,5.041977689e-14,6.595109642e-14,3.185202733e-14
95.125,3.112722786e-13,2.006657438e-13,3.366366703e-13,7.292816024e-14,1.386013688e-13,2.227589712e-13,6.216652173e-14,1.083652341e-13,2.225406289e-14,4.904978744e-14,2.033017284e-13,6.505906161e-14,1.286784357e-13,2.704406049e-13,8.593124266e-13,8.434097391e-13,6.467021822e-13,2.235847655e-13,2.724120769e-13,1.771488139e-13,1.583975575e-13,2.517252131e-14,2.201815697e-14,1.20615138e-13,6.061013484e-14,1.15192763e-13,2.468457617e-13,1.111190963e-13,2.739148112e-13,5.118394145e-14,6.683903984e-14,3.214847201e-14
95.1328125,3.138187633e-13,2.041496146e-13,3.403146184e-13,7.314469705e-14,1.373377188e-13,2.249830153e-13,6.241940422e-14,1.093204107e-13,2.245640778e-14,4.856543096e-14,2.056669391e-13,6.593491338e-14,1.293045804e-13,2.717654941e-13,8.629159281e-13,8.4578554e-13,6.498788948e-13,2.228105963e-13,2.783508109e-13,1.754358204e-13,1.600937938e-13,2.586401381e-14,2.153181675e-14,1.206941506e-13,6.112872382e-14,1.158636358e-13,2.48713674e-13,1.126972396e-13,2.786894056e-13,5.192023723e-14,6.774164209e-14,3.248716878e-14
95.140625,3.164598832e-13,2.080058313e-13,3.437679088e-13,7.344038099e-14,1.361203175e-13,2.270245796e-13,6.264273106e-14,1.102237587e-13,2.266458541e-14,4.825811874e-14,2.07892718e-13,6.681764215e-14,1.299118894e-13,2.729680467e-13,8.661333257e-13,8.47766484e-13,6.528271463e-13,2.219312993e-13,2.843973857e-13,1.739352068e-13,1.61723716e-13,2.655998647e-14,2.10633801e-14,1.207433317e-13,6.163581792e-14,1.165553604e-13,2.506026023e-13,1.143311494e-13,2.836519362e-13,5.259812189e-14,6.858651166e-14,3.283904221e-14
95.1484375,3.189439827e-13,2.119204332e-13,3.470616689e-13,7.385299628e-14,1.348412393e-13,2.29010819e-13,6.284614774e-14,1.110162475e-13,2.282811549e-14,4.805414959e-14,2.100576798e-13,6.770702589e-14,1.305675324e-13,2.741430503e-13,8.690851415e-13,8.494013438e-13,6.55439468e-13,2.209279067e-13,2.90471485e-13,1.722247881e-13,1.633426186e-13,2.724968153e-14,2.06041238e-14,1.20730775e-13,6.212913571e-14,1.171607787e-13,2.525763043e-13,1.159522278e-13,2.886807032e-13,5.324032874e-14,6.942727316e-14,3.315202257e-14
95.15625,3.214167228e-13,2.157846016e-13,3.504706235e-13,7.427973677e-14,1.33606855e-13,2.311010355e-13,6.305700221e-14,1.117720173e-13,2.299059442e-14,4.781667532e-14,2.124087615e-13,6.859700246e-14,1.31185385e-13,2.754476503e-13,8.72092121e-13,8.510490118e-13,6.581199372e-13,2.200009569e-13,2.966280415e-13,1.703564111e-13,1.649983004e-13,2.797118133e-14,2.01672313e-14,1.206575402e-13,6.263195773e-14,1.176688903e-13,2.546534006e-13,1.176302467e-13,2.937152389e-13,5.390240869e-14,7.040072391e-14,3.34365176e-14
95.1640625,3.239541472e-13,2.197503111e-13,3.538985094e-13,7.46976377e-14,1.324978854e-13,2.331499406e-13,6.325412276e-14,1.125354264e-13,2.320171077e-14,4.757243448e-14,2.148456433e-13,6.947474764e-14,1.317039326e-13,2.767627163e-13,8.749928225e-13,8.525814383e-13,6.608190609e-13,2.19216026e-13,3.028649079e-13,1.686633332e-13,1.666105785e-13,2.87284017e-14,1.97638888e-14,1.205055001e-13,6.314486691e-14,1.181458917e-13,2.567498693e-13,1.193877418e-13,2.988000993e-13,5.456753943e-14,7.150891463e-14,3.371384546e-14
95.171875,3.264797514e-13,2.237479715e-13,3.569781315e-13,7.510651738e-14,1.313702512e-13,2.35080605e-13,6.344799951e-14,1.132345093e-13,2.343273084e-14,4.735124961e-14,2.170153124e-13,7.031935028e-14,1.322166446e-13,2.779234925e-13,8.774616196e-13,8.536598579e-13,6.631756325e-13,2.183285989e-13,3.091551056e-13,1.669083973e-13,1.680482592e-13,2.949620821e-14,1.93968892e-14,1.203255222e-13,6.366133773e-14,1.18563221e-13,2.587800968e-13,1.211274065e-13,3.038816469e-13,5.517362299e-14,7.262085711e-14,3.398850653e-14
95.1796875,3.291667056e-13,2.277486597e-13,3.598590423e-13,7.55352534e-14,1.302211129e-13,2.37061797e-13,6.366479778e-14,1.138225088e-13,2.365332247e-14,4.714906854e-14,2.190157034e-13,7.116081582e-14,1.327556684e-13,2.790440904e-13,8.796233788e-13,8.543867603e-13,6.653151271e-13,2.17322724e-13,3.155559204e-13,1.648767772e-13,1.69365838e-13,3.02941571e-14,1.905702724e-14,1.201649814e-13,6.417925676e-14,1.188686546e-13,2.608125081e-13,1.228957029e-13,3.089451067e-13,5.572029732e-14,7.374573271e-14,3.425854908e-14
95.1875,3.319769712e-13,2.31592159e-13,3.628411138e-13,7.603402677e-14,1.292041479e-13,2.391071878e-13,6.389000828e-14,1.143224801e-13,2.386884765e-14,4.70476513e-14,2.210246396e-13,7.202596684e-14,1.332938733e-13,2.802368626e-13,8.816060917e-13,8.548493419e-13,6.674406424e-13,2.163772752e-13,3.220199198e-13,1.627905148e-13,1.706499675e-13,3.112705752e-14,1.873608601e-14,1.199674832e-13,6.470466385e-14,1.190815821e-13,2.629418607e-13,1.24710393e-13,3.13994947e-13,5.625032629e-14,7.496355561e-14,3.450707445e-14
95.1953125,3.346400267e-13,2.35308441e-13,3.656811917e-13,7.654707274e-14,1.282691447e-13,2.410358454e-13,6.411741255e-14,1.147941197e-13,2.410239326e-14,4.705031201e-14,2.228988843e-13,7.286822888e-14,1.338375654e-13,2.813785869e-13,8.833195546e-13,8.549577163e-13,6.694021278e-13,2.153879107e-13,3.284693187e-13,1.607920951e-13,1.718663593e-13,3.196482746e-14,1.844330167e-14,1.197579947e-13,6.524309154e-14,1.192429468e-13,2.650969243e-13,1.265083082e-13,3.189801584e-13,5.677547109e-14,7.622521622e-14,3.474405759e-14
95.203125,3.373999081e-13,2.394446636e-13,3.683027909e-13,7.706383803e-14,1.273357448e-13,2.429178604e-13,6.435101471e-14,1.152704555e-13,2.437069828e-14,4.704140949e-14,2.247006825e-13,7.369327875e-14,1.34381926e-13,2.825091007e-13,8.849425575e-13,8.549194092e-13,6.712370068e-13,2.142810776e-13,3.350740703e-13,1.588756313e-13,1.730204328e-13,3.282968788e-14,1.817587073e-14,1.195972241e-13,6.579050936e-14,1.193475032e-13,2.672407589e-13,1.284067657e-13,3.24074594e-13,5.726144111e-14,7.752865924e-14,3.498783586e-14
95.2109375,3.404653265e-13,2.438884687e-13,3.70980897e-13,7.767517043e-14,1.264909858e-13,2.449461161e-13,6.45803813e-14,1.156656579e-13,2.464366196e-14,4.702220686e-14,2.265170084e-13,7.456994301e-14,1.349394766e-13,2.83816685e-13,8.865141007e-13,8.547342872e-13,6.730797852e-13,2.131737802e-13,3.41936175e-13,1.569647432e-13,1.741037932e-13,3.375246882e-14,1.791667995e-14,1.193309886e-13,6.634489888e-14,1.193480512e-13,2.695241359e-13,1.30414256e-13,3.294717722e-13,5.766381116e-14,7.894652809e-14,3.520199661e-14
95.21875,3.433239337e-13,2.480193443e-13,3.734826905e-13,7.83396921e-14,1.256834874e-13,2.469414348e-13,6.480569961e-14,1.159114157e-13,2.489929897e-14,4.707788579e-14,2.280847524e-13,7.545307004e-14,1.354714843e-13,2.850602268e-13,8.875256307e-13,8.538725738e-13,6.745778919e-13,2.119282248e-13,3.488005885e-13,1.549296895e-13,1.750272341e-13,3.469795898e-14,1.767697812e-14,1.188394835e-13,6.688880394e-14,1.192395806e-13,2.719650293e-13,1.323225984e-13,3.349262965e-13,5.798431412e-14,8.041144151e-14,3.537063807e-14
95.2265625,3.457625051e-13,2.520414705e-13,3.755944888e-13,7.897339645e-14,1.24758656e-13,2.487144361e-13,6.501757817e-14,1.161218507e-13,2.518630879e-14,4.721351013e-14,2.29405776e-13,7.625875795e-14,1.358832474e-13,2.859397279e-13,8.878661709e-13,8.522956377e-13,6.754831921e-13,2.103801166e-13,3.55534477e-13,1.5287693e-13,1.758239452e-13,3.564515931e-14,1.747303982e-14,1.182888182e-13,6.739403051e-14,1.190563723e-13,2.743441992e-13,1.341833314e-13,3.401951436e-13,5.826011225e-14,8.185579451e-14,3.553244967e-14
95.234375,3.483527322e-13,2.562318171e-13,3.777390519e-13,7.962259733e-14,1.238386405e-13,2.505505895e-13,6.520657404e-14,1.163969468e-13,2.552744019e-14,4.739837932e-14,2.307248116e-13,7.703349975e-14,1.362528621e-13,2.868060578e-13,8.881213555e-13,8.506118351e-13,6.762521292e-13,2.087585422e-13,3.623569585e-13,1.508993078e-13,1.765662712e-13,3.662471426e-14,1.72919679e-14,1.178052817e-13,6.788692032e-14,1.187662076e-13,2.766198539e-13,1.361556472e-13,3.454512415e-13,5.849294519e-14,8.3374772e-14,3.567896773e-14
95.2421875,3.513334676e-13,2.604493249e-13,3.799408415e-13,8.03402833e-14,1.231465554e-13,2.526194354e-13,6.541530313e-14,1.166595386e-13,2.587200734e-14,4.760790854e-14,2.319198403e-13,7.78279262e-14,1.366897869e-13,2.880092318e-13,8.885813734e-13,8.490439736e-13,6.772257984e-13,2.07309569e-13,3.693532109e-13,1.48810119e-13,1.771942067e-13,3.763714085e-14,1.712921657e-14,1.173080144e-13,6.842241229e-14,1.183444326e-13,2.789914468e-13,1.38140869e-13,3.508170264e-13,5.866132671e-14,8.501935111e-14,3.578249249e-14
95.25,3.542869229e-13,2.649388768e-13,3.817699662e-13,8.114586684e-14,1.226409608e-13,2.546090988e-13,6.567517004e-14,1.168238458e-13,2.620813644e-14,4.784774512e-14,2.328922436e-13,7.86064287e-14,1.370892113e-13,2.892477853e-13,8.890024037e-13,8.473387491e-13,6.780959832e-13,2.05965695e-13,3.763416152e-13,1.466566589e-13,1.777245448e-13,3.86540155e-14,1.699619454e-14,1.167498006e-13,6.899355409e-14,1.178919457e-13,2.814991948e-13,1.400881965e-13,3.562023452e-13,5.878699946e-14,8.670469029e-14,3.58790287e-14
95.2578125,3.57010416e-13,2.6964492e-13,3.834052658e-13,8.204040065e-14,1.221578789e-13,2.56404999e-13,6.5952835e-14,1.168881841e-13,2.657297341e-14,4.817099591e-14,2.338266599e-13,7.936413144e-14,1.373986938e-13,2.902616509e-13,8.891261419e-13,8.453171522e-13,6.786479614e-13,2.045437763e-13,3.83248836e-13,1.446395634e-13,1.782636932e-13,3.968256709e-14,1.689164817e-14,1.161630562e-13,6.956189009e-14,1.174609744e-13,2.840272571e-13,1.420923574e-13,3.616047701e-13,5.890935499e-14,8.836650097e-14,3.599155095e-14
95.265625,3.596957216e-13,2.74035692e-13,3.851545487e-13,8.299890805e-14,1.216045186e-13,2.582211973e-13,6.621574316e-14,1.168687419e-13,2.6949059e-14,4.856980367e-14,2.347215753e-13,8.011173429e-14,1.376862957e-13,2.911696515e-13,8.888745755e-13,8.429630788e-13,6.790944155e-13,2.029643522e-13,3.90157267e-13,1.426044782e-13,1.787733831e-13,4.073298083e-14,1.681404232e-14,1.15552296e-13,7.012044554e-14,1.169351232e-13,2.86568369e-13,1.441399153e-13,3.670174826e-13,5.901577912e-14,9.002101083e-14,3.608462434e-14
95.2734375,3.623584128e-13,2.78326346e-13,3.868023549e-13,8.40551947e-14,1.209311837e-13,2.600335755e-13,6.645530819e-14,1.167966485e-13,2.729514805e-14,4.90074291e-14,2.354696661e-13,8.081889739e-14,1.379064832e-13,2.919726688e-13,8.883616792e-13,8.403761057e-13,6.795038197e-13,2.012881386e-13,3.970939204e-13,1.404939563e-13,1.791781824e-13,4.177882227e-14,1.676428664e-14,1.149052207e-13,7.067423524e-14,1.16266897e-13,2.891263548e-13,1.461858754e-13,3.723833582e-13,5.9064003e-14,9.170441924e-14,3.614580192e-14
95.28125,3.649205817e-13,2.828889349e-13,3.882892629e-13,8.520154497e-14,1.202471871e-13,2.617434771e-13,6.668198182e-14,1.166866202e-13,2.764434167e-14,4.952686201e-14,2.361029145e-13,8.151574571e-14,1.380898589e-13,2.927087364e-13,8.877449243e-13,8.376336676e-13,6.797431333e-13,1.995949504e-13,4.040981832e-13,1.385115392e-13,1.794947002e-13,4.283087217e-14,1.673979759e-14,1.142100384e-13,7.123771122e-14,1.155663983e-13,2.916629709e-13,1.482517597e-13,3.777986427e-13,5.905195e-14,9.344296119e-14,3.619824919e-14
95.2890625,3.676506296e-13,2.874845242e-13,3.898029549e-13,8.631554936e-14,1.197940559e-13,2.635122997e-13,6.693793217e-14,1.16500357e-13,2.804892036e-14,5.010101547e-14,2.366303884e-13,8.227658322e-14,1.38402897e-13,2.936891298e-13,8.87021298e-13,8.346534508e-13,6.799136145e-13,1.979050357e-13,4.112890981e-13,1.365121762e-13,1.797146693e-13,4.394904856e-14,1.675292816e-14,1.134708075e-13,7.183683674e-14,1.148514286e-13,2.942780374e-13,1.503536199e-13,3.833568633e-13,5.899692457e-14,9.527529189e-14,3.624356995e-14
95.296875,3.706852842e-13,2.921390697e-13,3.912321499e-13,8.74061061e-14,1.195588075e-13,2.653549605e-13,6.723291826e-14,1.162417523e-13,2.848714983e-14,5.064776642e-14,2.370834664e-13,8.307595752e-14,1.387969895e-13,2.948957884e-13,8.860978586e-13,8.313934827e-13,6.801198988e-13,1.96214849e-13,4.186066329e-13,1.343345678e-13,1.79830471e-13,4.511843315e-14,1.680638576e-14,1.127188312e-13,7.245686032e-14,1.140365681e-13,2.970647025e-13,1.524876647e-13,3.889662261e-13,5.888109589e-14,9.720885863e-14,3.627250437e-14
95.3046875,3.736114627e-13,2.970526247e-13,3.92460758e-13,8.861012446e-14,1.192962589e-13,2.670479186e-13,6.752387024e-14,1.159871791e-13,2.892998216e-14,5.126787583e-14,2.375184298e-13,8.385200328e-14,1.391168413e-13,2.959289923e-13,8.84879768e-13,8.279088137e-13,6.801634638e-13,1.944639208e-13,4.258214544e-13,1.323127909e-13,1.798881051e-13,4.626504193e-14,1.687775459e-14,1.119622312e-13,7.305816068e-14,1.131570794e-13,2.999068726e-13,1.546477701e-13,3.945316877e-13,5.869611915e-14,9.915312742e-14,3.630090252e-14
95.3125,3.763047228e-13,3.020293444e-13,3.936823088e-13,8.994549885e-14,1.190062014e-13,2.686542864e-13,6.780522277e-14,1.157602475e-13,2.940614514e-14,5.204938871e-14,2.378452628e-13,8.464541505e-14,1.394238095e-13,2.968143506e-13,8.833975268e-13,8.242023451e-13,6.800375942e-13,1.92617853e-13,4.329961368e-13,1.305708108e-13,1.798763293e-13,4.740555377e-14,1.697182934e-14,1.111850078e-13,7.365797249e-14,1.122740042e-13,3.027308503e-13,1.568958461e-13,4.000823442e-13,5.847099757e-14,1.010649297e-13,3.63344878e-14
95.3203125,3.791735507e-13,3.069999816e-13,3.950487776e-13,9.134407405e-14,1.188734059e-13,2.704129105e-13,6.810325084e-14,1.15507979e-13,2.99224144e-14,5.285460131e-14,2.380304891e-13,8.550763886e-14,1.398165813e-13,2.979055028e-13,8.81894315e-13,8.203350841e-13,6.800327682e-13,1.907773789e-13,4.404013772e-13,1.287632958e-13,1.797449874e-13,4.859590676e-14,1.710374097e-14,1.103875763e-13,7.429976857e-14,1.11316329e-13,3.056615901e-13,1.59298898e-13,4.057435479e-13,5.820838436e-14,1.030587169e-13,3.634144961e-14
95.328125,3.821681763e-13,3.120877999e-13,3.964769867e-13,9.275889134e-14,1.188616034e-13,2.722125649e-13,6.840844373e-14,1.152089282e-13,3.044206362e-14,5.362956784e-14,2.382135655e-13,8.637337478e-14,1.40228272e-13,2.990984358e-13,8.804383725e-13,8.164263164e-13,6.800671692e-13,1.889702915e-13,4.479204863e-13,1.268743527e-13,1.795155647e-13,4.979842272e-14,1.724324293e-14,1.095737912e-13,7.496540035e-14,1.102676851e-13,3.087341014e-13,1.617618167e-13,4.115702153e-13,5.790452817e-14,1.051913315e-13,3.631382964e-14
95.3359375,3.849167778e-13,3.172735713e-13,3.978303609e-13,9.419396059e-14,1.188341217e-13,2.738232727e-13,6.871286397e-14,1.148748527e-13,3.096214106e-14,5.448374745e-14,2.384203686e-13,8.716772857e-14,1.405633381e-13,3.000773353e-13,8.787740701e-13,8.124178251e-13,6.79825471e-13,1.870937386e-13,4.552436183e-13,1.251617052e-13,1.792408124e-13,5.096809473e-14,1.738130625e-14,1.087425896e-13,7.561614332e-14,1.092272446e-13,3.117682421e-13,1.641959891e-13,4.173377311e-13,5.759632373e-14,1.073790288e-13,3.629032144e-14
95.34375,3.875690976e-13,3.225456785e-13,3.991033853e-13,9.571544384e-14,1.187972592e-13,2.753303768e-13,6.903702895e-14,1.144836364e-13,3.150588656e-14,5.541102555e-14,2.385265571e-13,8.794518187e-14,1.408167783e-13,3.009652644e-13,8.76826228e-13,8.081823151e-13,6.793965765e-13,1.851592008e-13,4.624700782e-13,1.234695499e-13,1.789170879e-13,5.215052241e-14,1.757255324e-14,1.078954996e-13,7.626699706e-14,1.081850703e-13,3.146634427e-13,1.666618231e-13,4.22882175e-13,5.72679853e-14,1.096080897e-13,3.628528096e-14
95.3515625,3.903270226e-13,3.279128063e-13,4.003766531e-13,9.734515503e-14,1.187840148e-13,2.768970895e-13,6.937962058e-14,1.140408027e-13,3.20885389e-14,5.636817724e-14,2.384616348e-13,8.879367114e-14,1.410413889e-13,3.019855452e-13,8.74747238e-13,8.037594212e-13,6.789528034e-13,1.832389039e-13,4.698148074e-13,1.215860829e-13,1.784816832e-13,5.339256919e-14,1.782979789e-14,1.070445665e-13,7.693256741e-14,1.070435629e-13,3.175786901e-13,1.691795991e-13,4.284802304e-13,5.683785807e-14,1.11929804e-13,3.627439783e-14
95.359375,3.930653022e-13,3.333667515e-13,4.016096476e-13,9.906461708e-14,1.188348104e-13,2.785268199e-13,6.971710071e-14,1.136121778e-13,3.272095843e-14,5.740921267e-14,2.382159135e-13,8.968841996e-14,1.41279377e-13,3.030512476e-13,8.725026347e-13,7.99172214e-13,6.783880948e-13,1.813088167e-13,4.771790892e-13,1.197375454e-13,1.778904076e-13,5.467488059e-14,1.809214169e-14,1.062133529e-13,7.758203323e-14,1.057959026e-13,3.206562897e-13,1.717416276e-13,4.34299363e-13,5.630439419e-14,1.143095548e-13,3.623901588e-14
95.3671875,3.958624302e-13,3.388345223e-13,4.027426779e-13,1.008883077e-13,1.190366868e-13,2.802020993e-13,7.005185175e-14,1.131891456e-13,3.337717306e-14,5.852795459e-14,2.378087674e-13,9.056191768e-14,1.415381599e-13,3.04118118e-13,8.699979774e-13,7.943128456e-13,6.777092546e-13,1.793468775e-13,4.844947441e-13,1.180600467e-13,1.771794636e-13,5.596638348e-14,1.833877363e-14,1.053717115e-13,7.821671296e-14,1.044901457e-13,3.23791654e-13,1.743751432e-13,4.400545947e-13,5.574035468e-14,1.16701561e-13,3.617733757e-14
95.375,3.987902542e-13,3.441360705e-13,4.039511011e-13,1.02769801e-13,1.193324645e-13,2.818603736e-13,7.040483351e-14,1.127016399e-13,3.4023772e-14,5.967564354e-14,2.373473589e-13,9.141937193e-14,1.417938635e-13,3.052615932e-13,8.67351385e-13,7.892660651e-13,6.770514051e-13,1.773571878e-13,4.918522813e-13,1.163950003e-13,1.764053576e-13,5.726410137e-14,1.861775615e-14,1.044426992e-13,7.88810978e-14,1.031835206e-13,3.268884631e-13,1.770231895e-13,4.456636343e-13,5.517036343e-14,1.191163832e-13,3.612169431e-14
95.3828125,4.015494549e-13,3.494549934e-13,4.053904713e-13,1.046841624e-13,1.195622267e-13,2.833935779e-13,7.077050874e-14,1.12196195e-13,3.46865958e-14,6.087161019e-14,2.369449273e-13,9.228768603e-14,1.419960607e-13,3.063560904e-13,8.646722346e-13,7.84237906e-13,6.763184092e-13,1.753189425e-13,4.991829848e-13,1.148297286e-13,1.755910348e-13,5.856648591e-14,1.894937653e-14,1.034488625e-13,7.956580617e-14,1.019305117e-13,3.299899067e-13,1.79683583e-13,4.513394812e-13,5.458101793e-14,1.21538144e-13,3.610999332e-14
95.390625,4.040537597e-13,3.551936722e-13,4.069079151e-13,1.06744378e-13,1.197599702e-13,2.848546049e-13,7.112640851e-14,1.117584695e-13,3.53864544e-14,6.210615718e-14,2.365617112e-13,9.317298342e-14,1.421460893e-13,3.073107486e-13,8.618751126e-13,7.790868403e-13,6.753383617e-13,1.732232766e-13,5.064283277e-13,1.135602115e-13,1.747658922e-13,5.986173094e-14,1.930102444e-14,1.024870003e-13,8.022500548e-14,1.006927812e-13,3.330399107e-13,1.824642955e-13,4.570360306e-13,5.396612042e-14,1.239603389e-13,3.610409818e-14
95.3984375,4.065362195e-13,3.611882685e-13,4.084147024e-13,1.089865806e-13,1.200610512e-13,2.863368034e-13,7.14778513e-14,1.1135017e-13,3.609974037e-14,6.334726279e-14,2.361239743e-13,9.410810733e-14,1.423096611e-13,3.083186597e-13,8.589519867e-13,7.736811118e-13,6.741618142e-13,1.710892593e-13,5.137253176e-13,1.124510592e-13,1.739415276e-13,6.115844775e-14,1.96557961e-14,1.015623255e-13,8.086931514e-14,9.941597622e-14,3.360105494e-13,1.853393643e-13,4.626734094e-13,5.332029988e-14,1.264536532e-13,3.605377925e-14
95.40625,4.090280367e-13,3.671303348e-13,4.101535591e-13,1.113285282e-13,1.204491262e-13,2.878122706e-13,7.18465865e-14,1.10931344e-13,3.682888013e-14,6.462852484e-14,2.356760457e-13,9.510449285e-14,1.424848368e-13,3.094808148e-13,8.561367446e-13,7.684046292e-13,6.730358673e-13,1.689917986e-13,5.210480439e-13,1.113795113e-13,1.730586893e-13,6.247118965e-14,2.002660403e-14,1.006459663e-13,8.153389989e-14,9.815174031e-14,3.390798861e-13,1.882479511e-13,4.683897677e-13,5.264852816e-14,1.290291498e-13,3.601027679e-14
95.4140625,4.11443538e-13,3.730899042e-13,4.122300708e-13,1.137404372e-13,1.208509192e-13,2.892905903e-13,7.223087259e-14,1.105383479e-13,3.758302721e-14,6.596593e-14,2.351696712e-13,9.609395388e-14,1.426364401e-13,3.106406327e-13,8.534555119e-13,7.634260983e-13,6.721012298e-13,1.669660036e-13,5.282072489e-13,1.10464702e-13,1.720614212e-13,6.377600506e-14,2.042262477e-14,9.977356288e-14,8.221373369e-14,9.693389874e-14,3.422421803e-13,1.912162398e-13,4.741271206e-13,5.195162194e-14,1.315748166e-13,3.603290194e-14
95.421875,4.137181441e-13,3.790216769e-13,4.143944826e-13,1.162347598e-13,1.2123685e-13,2.90726829e-13,7.260438346e-14,1.101579049e-13,3.834599076e-14,6.733824922e-14,2.344834898e-13,9.703890709e-14,1.42799011e-13,3.116714346e-13,8.505154089e-13,7.582850768e-13,6.711012792e-13,1.648689894e-13,5.352235071e-13,1.097670306e-13,1.709838035e-13,6.505254488e-14,2.085563088e-14,9.89338072e-14,8.288748345e-14,9.57376609e-14,3.453069248e-13,1.941690435e-13,4.797359607e-13,5.121995093e-14,1.34057185e-13,3.608669794e-14
95.4296875,4.157730787e-13,3.849307027e-13,4.165912408e-13,1.188975102e-13,1.216052772e-13,2.91996107e-13,7.295109216e-14,1.097437895e-13,3.912350681e-14,6.875525112e-14,2.337922279e-13,9.799428528e-14,1.429577475e-13,3.126326486e-13,8.472154491e-13,7.528155391e-13,6.69799808e-13,1.626581083e-13,5.421996247e-13,1.092798533e-13,1.699081382e-13,6.63276561e-14,2.133487042e-14,9.804339575e-14,8.354752744e-14,9.457903656e-14,3.483622563e-13,1.970905324e-13,4.85335283e-13,5.04747291e-14,1.365793638e-13,3.612686664e-14
95.4375,4.17838392e-13,3.910808336e-13,4.190581688e-13,1.218042487e-13,1.220826416e-13,2.932786674e-13,7.330457988e-14,1.092901266e-13,3.991635709e-14,7.021156915e-14,2.332962355e-13,9.899254542e-14,1.430642599e-13,3.137362055e-13,8.43941375e-13,7.472511812e-13,6.684553651e-13,1.605511383e-13,5.491379238e-13,1.089478397e-13,1.688531483e-13,6.762679509e-14,2.184232148e-14,9.70838965e-14,8.42012371e-14,9.341646789e-14,3.514949419e-13,2.001750365e-13,4.909605439e-13,4.974084356e-14,1.391862844e-13,3.615806312e-14
95.4453125,4.201723686e-13,3.97365269e-13,4.216761663e-13,1.248053781e-13,1.227817892e-13,2.947522793e-13,7.370181117e-14,1.087843647e-13,4.070409148e-14,7.169008353e-14,2.327886424e-13,1.000066349e-13,1.4319609e-13,3.150671865e-13,8.406910004e-13,7.414359021e-13,6.671620462e-13,1.58567892e-13,5.560937725e-13,1.085761193e-13,1.677473663e-13,6.895011884e-14,2.236474962e-14,9.610304439e-14,8.485968391e-14,9.215956601e-14,3.544980057e-13,2.034505461e-13,4.964573598e-13,4.899972121e-14,1.418339801e-13,3.619337055e-14
95.453125,4.223920409e-13,4.036574328e-13,4.240745341e-13,1.278294897e-13,1.235032148e-13,2.960650347e-13,7.410046946e-14,1.082469658e-13,4.150389049e-14,7.321118249e-14,2.321245037e-13,1.010245922e-13,1.433833112e-13,3.163435793e-13,8.371334598e-13,7.352592448e-13,6.655596823e-13,1.564867632e-13,5.63048051e-13,1.081909977e-13,1.665584598e-13,7.027950346e-14,2.291408146e-14,9.513257495e-14,8.551709625e-14,9.089074425e-14,3.573936273e-13,2.067345061e-13,5.018907524e-13,4.822555654e-14,1.444978066e-13,3.623601307e-14
95.4609375,4.24064397e-13,4.102772767e-13,4.264010693e-13,1.310985185e-13,1.240047468e-13,2.970202288e-13,7.44601652e-14,1.077590545e-13,4.233079923e-14,7.47611546e-14,2.315137328e-13,1.02047149e-13,1.434668409e-13,3.173491823e-13,8.334571417e-13,7.291656197e-13,6.637396906e-13,1.543470971e-13,5.697749912e-13,1.080925901e-13,1.653572647e-13,7.157354707e-14,2.34862392e-14,9.418858802e-14,8.616373796e-14,8.973632056e-14,3.604129956e-13,2.099898947e-13,5.073782226e-13,4.740904953e-14,1.471653065e-13,3.627552297e-14
95.46875,4.2544037e-13,4.171527219e-13,4.29051974e-13,1.34628786e-13,1.243927942e-13,2.979951648e-13,7.482834371e-14,1.073304925e-13,4.316936141e-14,7.630693904e-14,2.310052684e-13,1.03072235e-13,1.433786597e-13,3.182734728e-13,8.298788119e-13,7.232575023e-13,6.620398474e-13,1.522915236e-13,5.76181424e-13,1.082798463e-13,1.641777211e-13,7.282972851e-14,2.406350174e-14,9.326209622e-14,8.679439866e-14,8.862564232e-14,3.634129436e-13,2.132771386e-13,5.12803469e-13,4.656719597e-14,1.498409017e-13,3.631116315e-14
95.4765625,4.268435436e-13,4.23938262e-13,4.319708701e-13,1.381706682e-13,1.248621884e-13,2.991038479e-13,7.522342425e-14,1.069022804e-13,4.403660745e-14,7.788803596e-14,2.304568299e-13,1.041276358e-13,1.43284165e-13,3.192925847e-13,8.260710949e-13,7.171095439e-13,6.601783406e-13,1.502062451e-13,5.824236033e-13,1.085180309e-13,1.629763646e-13,7.410360035e-14,2.465061793e-14,9.230950409e-14,8.73972168e-14,8.748429878e-14,3.661935385e-13,2.165859053e-13,5.181569087e-13,4.574870401e-14,1.525665451e-13,3.638238811e-14
95.484375,4.282361914e-13,4.308411105e-13,4.350026441e-13,1.416983478e-13,1.254246139e-13,3.000879822e-13,7.561063478e-14,1.06466138e-13,4.492870193e-14,7.951224054e-14,2.299149254e-13,1.052294647e-13,1.433201527e-13,3.204249188e-13,8.220322689e-13,7.10791585e-13,6.580422538e-13,1.480633924e-13,5.886102516e-13,1.088177154e-13,1.617453025e-13,7.539783021e-14,2.526182086e-14,9.130796192e-14,8.799587258e-14,8.637889233e-14,3.68990374e-13,2.198828462e-13,5.236311911e-13,4.49411397e-14,1.553497644e-13,3.649659445e-14
95.4921875,4.295794595e-13,4.379377748e-13,4.382815942e-13,1.453060261e-13,1.260787449e-13,3.009758735e-13,7.601618841e-14,1.060358852e-13,4.578853867e-14,8.110199559e-14,2.294656008e-13,1.063464696e-13,1.434041169e-13,3.217287871e-13,8.181878852e-13,7.046924426e-13,6.56133469e-13,1.460357559e-13,5.947179643e-13,1.092552733e-13,1.604888839e-13,7.665881194e-14,2.59048791e-14,9.027252598e-14,8.86381569e-14,8.533241285e-14,3.72009683e-13,2.231164007e-13,5.292065379e-13,4.407062487e-14,1.581657742e-13,3.659916753e-14
95.5,4.308375663e-13,4.448559882e-13,4.418825194e-13,1.489932847e-13,1.268373535e-13,3.019149236e-13,7.646095398e-14,1.056406548e-13,4.663681955e-14,8.266308328e-14,2.291261514e-13,1.07478065e-13,1.433916735e-13,3.230986285e-13,8.144708667e-13,6.987397059e-13,6.544936482e-13,1.440965399e-13,6.00703987e-13,1.098232114e-13,1.592084031e-13,7.788872205e-14,2.658634026e-14,8.924874563e-14,8.930345701e-14,8.431511627e-14,3.750322469e-13,2.26302049e-13,5.346627323e-13,4.317177292e-14,1.610302855e-13,3.670255699e-14
95.5078125,4.31919683e-13,4.516373826e-13,4.457438269e-13,1.528514319e-13,1.276057795e-13,3.02870571e-13,7.690192226e-14,1.053590318e-13,4.754993277e-14,8.426959926e-14,2.289660704e-13,1.086541679e-13,1.433054523e-13,3.243441317e-13,8.106810568e-13,6.928609725e-13,6.528253137e-13,1.421155756e-13,6.065505386e-13,1.106185333e-13,1.579779242e-13,7.9116648e-14,2.730068974e-14,8.830841152e-14,8.995119662e-14,8.335660458e-14,3.778241617e-13,2.295673345e-13,5.399529462e-13,4.233665971e-14,1.639641189e-13,3.688357091e-14
95.515625,4.328622355e-13,4.585239993e-13,4.498268191e-13,1.5691944e-13,1.28302748e-13,3.038060937e-13,7.734275765e-14,1.05175379e-13,4.850350081e-14,8.589870349e-14,2.28933382e-13,1.098443257e-13,1.432403072e-13,3.255747034e-13,8.06992144e-13,6.871946706e-13,6.512283629e-13,1.401566355e-13,6.122439468e-13,1.116282453e-13,1.567993361e-13,8.032177853e-14,2.802589589e-14,8.743448321e-14,9.060418224e-14,8.245369025e-14,3.804785264e-13,2.328997183e-13,5.452014155e-13,4.151281742e-14,1.66948574e-13,3.711234213e-14
95.5234375,4.336900352e-13,4.654681848e-13,4.54091296e-13,1.610606389e-13,1.289829924e-13,3.046886697e-13,7.780559446e-14,1.049552374e-13,4.943415922e-14,8.751546617e-14,2.289167298e-13,1.110169982e-13,1.431534069e-13,3.26926382e-13,8.033412583e-13,6.815240957e-13,6.496498554e-13,1.382839963e-13,6.177296833e-13,1.126794e-13,1.55533028e-13,8.149362012e-14,2.874775165e-14,8.651064857e-14,9.126021518e-14,8.155068508e-14,3.831497055e-13,2.361658309e-13,5.505105368e-13,4.062103266e-14,1.699674421e-13,3.730237133e-14
95.53125,4.343718514e-13,4.725678432e-13,4.586484907e-13,1.653282817e-13,1.297196451e-13,3.055232983e-13,7.825831167e-14,1.046824149e-13,5.037678465e-14,8.917014625e-14,2.29036199e-13,1.122218737e-13,1.429790721e-13,3.282781772e-13,7.995608125e-13,6.757406984e-13,6.479000595e-13,1.364342232e-13,6.229946437e-13,1.138874872e-13,1.541959477e-13,8.267705702e-14,2.948294366e-14,8.555748966e-14,9.187548083e-14,8.067883313e-14,3.857953148e-13,2.394367435e-13,5.559476111e-13,3.97292984e-14,1.730400585e-13,3.749802401e-14
95.5390625,4.349874099e-13,4.799222098e-13,4.63649969e-13,1.698794006e-13,1.30484147e-13,3.064025878e-13,7.870990743e-14,1.044598672e-13,5.138862723e-14,9.086710275e-14,2.293658232e-13,1.134917922e-13,1.427814242e-13,3.295846808e-13,7.958820022e-13,6.70239861e-13,6.462474382e-13,1.345862897e-13,6.28133318e-13,1.154728949e-13,1.529523532e-13,8.38898894e-14,3.025638794e-14,8.470460193e-14,9.247499434e-14,7.990845922e-14,3.883753837e-13,2.428228928e-13,5.61468783e-13,3.889398267e-14,1.762015218e-13,3.778204569e-14
95.546875,4.355278173e-13,4.872374773e-13,4.689888994e-13,1.745722306e-13,1.312501411e-13,3.07302297e-13,7.920860759e-14,1.042916169e-13,5.242239619e-14,9.254279193e-14,2.297652407e-13,1.147937422e-13,1.426433334e-13,3.309989481e-13,7.923828183e-13,6.650296977e-13,6.448351731e-13,1.328036158e-13,6.331733592e-13,1.172707167e-13,1.517754121e-13,8.50765778e-14,3.105924007e-14,8.38938429e-14,9.311422941e-14,7.920205168e-14,3.909588091e-13,2.461784551e-13,5.668716406e-13,3.805526277e-14,1.7946803e-13,3.809766607e-14
95.5546875,4.358338466e-13,4.942998419e-13,4.746118841e-13,1.792235785e-13,1.320736329e-13,3.081638761e-13,7.974133721e-14,1.041265093e-13,5.339192795e-14,9.418623531e-14,2.302576431e-13,1.161051695e-13,1.425733276e-13,3.326055873e-13,7.888850552e-13,6.597658034e-13,6.434456287e-13,1.311500999e-13,6.380223055e-13,1.191164046e-13,1.505765521e-13,8.619250854e-14,3.187239063e-14,8.299954772e-14,9.378453603e-14,7.850137415e-14,3.935147982e-13,2.493859725e-13,5.720806976e-13,3.71855132e-14,1.828107586e-13,3.837033614e-14
95.5625,4.358835303e-13,5.013405252e-13,4.805548161e-13,1.838718604e-13,1.329041366e-13,3.090042863e-13,8.028530567e-14,1.039852571e-13,5.431579247e-14,9.582503992e-14,2.309301464e-13,1.174028128e-13,1.425061762e-13,3.342775025e-13,7.854307023e-13,6.546048961e-13,6.420682473e-13,1.295898228e-13,6.426163306e-13,1.211975277e-13,1.494243714e-13,8.726049508e-14,3.270219665e-14,8.209494529e-14,9.444340654e-14,7.78609417e-14,3.959728227e-13,2.525745853e-13,5.772441206e-13,3.632264257e-14,1.86138108e-13,3.865928892e-14
95.5703125,4.357702182e-13,5.087831857e-13,4.866113196e-13,1.885961978e-13,1.336121366e-13,3.097462885e-13,8.086458125e-14,1.038809433e-13,5.527326902e-14,9.746684983e-14,2.316824617e-13,1.186694212e-13,1.423595044e-13,3.358591449e-13,7.819766506e-13,6.496707163e-13,6.407046622e-13,1.280170791e-13,6.469387616e-13,1.235454383e-13,1.483271473e-13,8.830945559e-14,3.355466308e-14,8.126101041e-14,9.507087362e-14,7.731708115e-14,3.983433446e-13,2.558520293e-13,5.823915829e-13,3.548403271e-14,1.893867004e-13,3.902482391e-14
95.578125,4.35577204e-13,5.165949856e-13,4.928883969e-13,1.935365479e-13,1.343299529e-13,3.104429607e-13,8.148544661e-14,1.037776179e-13,5.626101656e-14,9.910974859e-14,2.325800204e-13,1.199795193e-13,1.421667589e-13,3.375070611e-13,7.783551078e-13,6.445775957e-13,6.392609866e-13,1.264725762e-13,6.51057972e-13,1.259213302e-13,1.472235793e-13,8.934945873e-14,3.443343478e-14,8.043557615e-14,9.568641072e-14,7.678762783e-14,4.005223918e-13,2.591716064e-13,5.874267946e-13,3.46823449e-14,1.92690671e-13,3.941935221e-14
95.5859375,4.353586149e-13,5.240846307e-13,4.998663728e-13,1.987784883e-13,1.352429852e-13,3.113459699e-13,8.210657498e-14,1.036538365e-13,5.722406177e-14,1.007615109e-13,2.33795244e-13,1.214027161e-13,1.420012144e-13,3.394576597e-13,7.747405253e-13,6.39281016e-13,6.378887456e-13,1.250621594e-13,6.551200861e-13,1.283717146e-13,1.461683975e-13,9.039990028e-14,3.534553108e-14,7.958517113e-14,9.630746224e-14,7.625183379e-14,4.024410305e-13,2.624607384e-13,5.924381994e-13,3.392330528e-14,1.962093429e-13,3.980808076e-14
95.59375,4.350407465e-13,5.311174863e-13,5.073112004e-13,2.041061168e-13,1.361736824e-13,3.123907896e-13,8.269458515e-14,1.035112774e-13,5.815501788e-14,1.024550408e-13,2.351518945e-13,1.228628636e-13,1.418109092e-13,3.414973243e-13,7.713292672e-13,6.34225192e-13,6.367041463e-13,1.237002257e-13,6.590918775e-13,1.311514124e-13,1.451679883e-13,9.144624493e-14,3.626622684e-14,7.872871155e-14,9.690373508e-14,7.579221113e-14,4.043513648e-13,2.656948314e-13,5.975066767e-13,3.316717527e-14,1.997626433e-13,4.02233253e-14
95.6015625,4.345325134e-13,5.384030721e-13,5.146087419e-13,2.094085995e-13,1.369558544e-13,3.132969378e-13,8.326516758e-14,1.033812646e-13,5.907121198e-14,1.04177501e-13,2.36459463e-13,1.242687849e-13,1.415508458e-13,3.433416876e-13,7.679491241e-13,6.29460893e-13,6.355672806e-13,1.223010249e-13,6.627888303e-13,1.342014785e-13,1.441589618e-13,9.243664026e-14,3.718245665e-14,7.787692623e-14,9.74569913e-14,7.540505154e-14,4.063792491e-13,2.688971395e-13,6.024014456e-13,3.240081372e-14,2.030818146e-13,4.067578862e-14
95.609375,4.338174188e-13,5.458426348e-13,5.21932542e-13,2.148305646e-13,1.377378651e-13,3.140274259e-13,8.383463275e-14,1.033108419e-13,5.998516356e-14,1.058181095e-13,2.378681085e-13,1.256497804e-13,1.41275639e-13,3.451431374e-13,7.643583816e-13,6.245645176e-13,6.34277339e-13,1.209341104e-13,6.661803415e-13,1.373400016e-13,1.432131875e-13,9.336583447e-14,3.812726984e-14,7.706965266e-14,9.798414819e-14,7.50451154e-14,4.082506547e-13,2.720559263e-13,6.069057446e-13,3.167206666e-14,2.062823668e-13,4.114994784e-14
95.6171875,4.328220086e-13,5.528837996e-13,5.297101387e-13,2.202695248e-13,1.385585048e-13,3.146427758e-13,8.437995025e-14,1.032949672e-13,6.090596382e-14,1.0735053e-13,2.395226875e-13,1.270484401e-13,1.410075431e-13,3.470395513e-13,7.605917141e-13,6.194734857e-13,6.327566223e-13,1.195900477e-13,6.693342313e-13,1.406927135e-13,1.423680156e-13,9.425925236e-14,3.908382512e-14,7.632349494e-14,9.847171064e-14,7.475639618e-14,4.098846004e-13,2.751376819e-13,6.11144187e-13,3.099656365e-14,2.095839646e-13,4.165114358e-14
95.625,4.316426851e-13,5.600436314e-13,5.378943061e-13,2.256324482e-13,1.393182733e-13,3.152276332e-13,8.491145646e-14,1.033013707e-13,6.182716833e-14,1.089078116e-13,2.414330758e-13,1.284536302e-13,1.407358246e-13,3.489428839e-13,7.569634897e-13,6.146374961e-13,6.313037787e-13,1.182264302e-13,6.723037703e-13,1.444087048e-13,1.415284632e-13,9.512792648e-14,4.000284561e-14,7.561309452e-14,9.892053059e-14,7.45524301e-14,4.115284033e-13,2.782333848e-13,6.153206076e-13,3.034756252e-14,2.129537392e-13,4.218964724e-14
95.6328125,4.305636125e-13,5.675449213e-13,5.463753487e-13,2.311696212e-13,1.401148989e-13,3.159302577e-13,8.549007664e-14,1.033313428e-13,6.275276949e-14,1.105318721e-13,2.435560175e-13,1.298850241e-13,1.404635076e-13,3.509325541e-13,7.53575021e-13,6.1011386e-13,6.301903973e-13,1.169479235e-13,6.751738657e-13,1.483006782e-13,1.40720924e-13,9.600010677e-14,4.092257173e-14,7.491674887e-14,9.939001991e-14,7.438823504e-14,4.131791158e-13,2.813982046e-13,6.194860538e-13,2.972160185e-14,2.163830526e-13,4.276578878e-14
95.640625,4.294539042e-13,5.746604455e-13,5.551375492e-13,2.369202668e-13,1.409994044e-13,3.167018262e-13,8.613277346e-14,1.033899809e-13,6.367852499e-14,1.121112513e-13,2.45754118e-13,1.313792566e-13,1.401969504e-13,3.531156454e-13,7.501951485e-13,6.056042201e-13,6.292260569e-13,1.158328987e-13,6.779056008e-13,1.522538313e-13,1.400232732e-13,9.686869177e-14,4.190418538e-14,7.41864926e-14,9.990917063e-14,7.429855919e-14,4.14674183e-13,2.844847136e-13,6.237092286e-13,2.912243247e-14,2.199493229e-13,4.337202767e-14
95.6484375,4.2802883e-13,5.816779795e-13,5.641303042e-13,2.427593762e-13,1.418082981e-13,3.174115805e-13,8.680117566e-14,1.034706591e-13,6.455462445e-14,1.136039929e-13,2.480315172e-13,1.328996184e-13,1.399889204e-13,3.553667883e-13,7.469781687e-13,6.01467616e-13,6.284841383e-13,1.148570239e-13,6.804234219e-13,1.565191325e-13,1.393806074e-13,9.766779968e-14,4.294400164e-14,7.343380259e-14,1.004576698e-13,7.433604445e-14,4.162300362e-13,2.874830703e-13,6.280832456e-13,2.854287774e-14,2.235548324e-13,4.400051978e-14
95.65625,4.266107183e-13,5.892711632e-13,5.733818375e-13,2.487702717e-13,1.425599429e-13,3.181081609e-13,8.745917556e-14,1.035583416e-13,6.538381092e-14,1.150770547e-13,2.505603534e-13,1.344028444e-13,1.398542672e-13,3.576527691e-13,7.442076327e-13,5.979991732e-13,6.282295329e-13,1.139993277e-13,6.829252199e-13,1.611248592e-13,1.387714997e-13,9.841654306e-14,4.401605281e-14,7.275328309e-14,1.010122207e-13,7.444671838e-14,4.181127069e-13,2.905997988e-13,6.324526733e-13,2.798784278e-14,2.271331945e-13,4.465772252e-14
95.6640625,4.254854523e-13,5.967492336e-13,5.829521467e-13,2.548127825e-13,1.434798323e-13,3.188533692e-13,8.8109657e-14,1.036226204e-13,6.623824456e-14,1.165656743e-13,2.533314613e-13,1.359336434e-13,1.397016254e-13,3.601663924e-13,7.414993385e-13,5.944511062e-13,6.280365042e-13,1.132165243e-13,6.855084041e-13,1.656868625e-13,1.382383308e-13,9.919589378e-14,4.507443625e-14,7.209879742e-14,1.015434595e-13,7.454153726e-14,4.200589537e-13,2.938094186e-13,6.365416238e-13,2.74670446e-14,2.308202219e-13,4.533419301e-14
95.671875,4.242144922e-13,6.035815108e-13,5.929173554e-13,2.606952746e-13,1.445544368e-13,3.196621304e-13,8.879484273e-14,1.036757014e-13,6.710947507e-14,1.1801374e-13,2.562899475e-13,1.375229691e-13,1.394935817e-13,3.629412932e-13,7.38601825e-13,5.905223787e-13,6.276105628e-13,1.124867702e-13,6.878259161e-13,1.701806235e-13,1.377734138e-13,9.997141692e-14,4.608382933e-14,7.136992275e-14,1.02043017e-13,7.463244808e-14,4.217533011e-13,2.968727373e-13,6.404116332e-13,2.700129079e-14,2.3461791e-13,4.600452851e-14
95.6796875,4.225230454e-13,6.103017096e-13,6.032814775e-13,2.666332243e-13,1.455328128e-13,3.204877873e-13,8.950663008e-14,1.037625781e-13,6.793497696e-14,1.193497503e-13,2.594999474e-13,1.391159241e-13,1.392474767e-13,3.657268505e-13,7.358619634e-13,5.869364751e-13,6.273708799e-13,1.118550419e-13,6.897132447e-13,1.749597201e-13,1.374014448e-13,1.006738112e-13,4.709504802e-14,7.066224703e-14,1.025260298e-13,7.482918306e-14,4.233724373e-13,2.997000101e-13,6.443291394e-13,2.661232722e-14,2.383844819e-13,4.668528106e-14
95.6875,4.207580492e-13,6.171232439e-13,6.13734922e-13,2.726513916e-13,1.463572656e-13,3.211593815e-13,9.018292198e-14,1.038669472e-13,6.872236914e-14,1.206106956e-13,2.628438844e-13,1.406959466e-13,1.38936201e-13,3.68400137e-13,7.331994898e-13,5.837139496e-13,6.273446526e-13,1.113087297e-13,6.914766882e-13,1.79974003e-13,1.371311736e-13,1.013374493e-13,4.816084538e-14,7.003554213e-14,1.029897782e-13,7.515192886e-14,4.250155494e-13,3.023480207e-13,6.482553199e-13,2.626107271e-14,2.42145657e-13,4.738976588e-14
95.6953125,4.190065328e-13,6.240376823e-13,6.240370513e-13,2.786029471e-13,1.471802576e-13,3.216817402e-13,9.084258176e-14,1.03959065e-13,6.949753108e-14,1.218709863e-13,2.661688038e-13,1.423045786e-13,1.38610731e-13,3.711194393e-13,7.302715841e-13,5.802741495e-13,6.271906625e-13,1.107823891e-13,6.932395119e-13,1.850385434e-13,1.368749838e-13,1.019948234e-13,4.925183371e-14,6.937493474e-14,1.034399188e-13,7.547986712e-14,4.264361999e-13,3.049399154e-13,6.520106561e-13,2.589644621e-14,2.459726047e-13,4.808350636e-14
95.703125,4.169463492e-13,6.311423118e-13,6.344506415e-13,2.847352446e-13,1.480018765e-13,3.222264968e-13,9.152457008e-14,1.040589959e-13,7.026687347e-14,1.230800798e-13,2.696411187e-13,1.439291707e-13,1.383612108e-13,3.739153109e-13,7.272943273e-13,5.767391579e-13,6.269274819e-13,1.1025925e-13,6.947993627e-13,1.903706399e-13,1.366448692e-13,1.0262178e-13,5.033507497e-14,6.867460393e-14,1.038831713e-13,7.579478555e-14,4.277433187e-13,3.07548411e-13,6.557030317e-13,2.555447235e-14,2.498424829e-13,4.87816671e-14
95.7109375,4.146224867e-13,6.378597293e-13,6.45290751e-13,2.910387863e-13,1.487526997e-13,3.227604167e-13,9.217645793e-14,1.041578392e-13,7.103456732e-14,1.241660883e-13,2.734307314e-13,1.455519211e-13,1.38142262e-13,3.767132156e-13,7.245371606e-13,5.73433005e-13,6.266367855e-13,1.097708473e-13,6.961266073e-13,1.959821538e-13,1.365413989e-13,1.032168803e-13,5.140945736e-14,6.801400647e-14,1.042911189e-13,7.619451007e-14,4.293154102e-13,3.099860864e-13,6.594660009e-13,2.528158887e-14,2.537938634e-13,4.952705452e-14
95.71875,4.124250447e-13,6.438656334e-13,6.565151527e-13,2.97136447e-13,1.496022064e-13,3.23261008e-13,9.279466925e-14,1.042216804e-13,7.175342863e-14,1.251607556e-13,2.774435253e-13,1.472227878e-13,1.379100193e-13,3.79741112e-13,7.220262955e-13,5.703719073e-13,6.264863413e-13,1.093875147e-13,6.973961094e-13,2.015564702e-13,1.365347495e-13,1.037864376e-13,5.247168206e-14,6.736243414e-14,1.046648692e-13,7.665039581e-14,4.310765922e-13,3.121131655e-13,6.63163673e-13,2.505165858e-14,2.578351811e-13,5.026983899e-14
95.7265625,4.104627902e-13,6.500774828e-13,6.67968265e-13,3.031932804e-13,1.506945036e-13,3.238755021e-13,9.344131287e-14,1.042685868e-13,7.23976871e-14,1.261030495e-13,2.815970765e-13,1.489770071e-13,1.377186068e-13,3.83164798e-13,7.198577958e-13,5.675992164e-13,6.267403814e-13,1.091445405e-13,6.987316674e-13,2.07275447e-13,1.365747781e-13,1.043365583e-13,5.352342119e-14,6.669979245e-14,1.050389116e-13,7.710949423e-14,4.327785206e-13,3.14200839e-13,6.667260988e-13,2.484670723e-14,2.618917509e-13,5.096982764e-14
95.734375,4.085130561e-13,6.569102033e-13,6.796613306e-13,3.094973501e-13,1.518563469e-13,3.245931417e-13,9.409296024e-14,1.043299034e-13,7.304696244e-14,1.270254287e-13,2.85941145e-13,1.508015407e-13,1.375782891e-13,3.867131462e-13,7.179910713e-13,5.650962405e-13,6.272490935e-13,1.090012874e-13,7.001359218e-13,2.135299781e-13,1.367098508e-13,1.049016209e-13,5.457315102e-14,6.60644515e-14,1.054095255e-13,7.765963028e-14,4.344756774e-13,3.164545562e-13,6.703055129e-13,2.468942904e-14,2.660504357e-13,5.169117271e-14
95.7421875,4.06334574e-13,6.634124194e-13,6.917140649e-13,3.158020615e-13,1.529060023e-13,3.253521272e-13,9.47313212e-14,1.044058459e-13,7.37292897e-14,1.279588511e-13,2.904852513e-13,1.526728945e-13,1.374793691e-13,3.90234969e-13,7.162984992e-13,5.628672943e-13,6.278633206e-13,1.089596445e-13,7.014393923e-13,2.200871138e-13,1.369477414e-13,1.054648731e-13,5.563126054e-14,6.545008207e-14,1.057758147e-13,7.833528845e-14,4.362500282e-13,3.186400189e-13,6.739661782e-13,2.458103824e-14,2.703890142e-13,5.245778325e-14
95.75,4.03839993e-13,6.692105554e-13,7.040276397e-13,3.219332347e-13,1.538674001e-13,3.261958855e-13,9.541114647e-14,1.044861646e-13,7.437367392e-14,1.288218389e-13,2.951763241e-13,1.545508858e-13,1.374363971e-13,3.938773866e-13,7.148157375e-13,5.609792928e-13,6.28706235e-13,1.090254273e-13,7.024615218e-13,2.265851381e-13,1.372634041e-13,1.05962172e-13,5.669642373e-14,6.484571407e-14,1.061543291e-13,7.905036961e-14,4.380824098e-13,3.205829816e-13,6.776283107e-13,2.450950556e-14,2.747194052e-13,5.32111938e-14
95.7578125,4.012175489e-13,6.750678268e-13,7.16282829e-13,3.280578914e-13,1.548059192e-13,3.270373346e-13,9.611295504e-14,1.045658453e-13,7.498496803e-14,1.295353453e-13,3.000196095e-13,1.564045721e-13,1.373734466e-13,3.975933769e-13,7.134383912e-13,5.591663161e-13,6.295980526e-13,1.091116176e-13,7.03315062e-13,2.331525765e-13,1.376715588e-13,1.064115565e-13,5.774004049e-14,6.426677581e-14,1.065139996e-13,7.975301307e-14,4.399218476e-13,3.224423534e-13,6.812113566e-13,2.447891515e-14,2.789477587e-13,5.393131328e-14
95.765625,3.987625506e-13,6.81100659e-13,7.28443981e-13,3.343463259e-13,1.557666559e-13,3.278138749e-13,9.678104406e-14,1.046508921e-13,7.560770715e-14,1.301838335e-13,3.050449777e-13,1.582391996e-13,1.372067216e-13,4.012474242e-13,7.11981167e-13,5.572333508e-13,6.304074063e-13,1.091946364e-13,7.042168205e-13,2.399535387e-13,1.381489565e-13,1.068618639e-13,5.876034276e-14,6.37293756e-14,1.068212183e-13,8.042402767e-14,4.41624931e-13,3.243154074e-13,6.846197295e-13,2.4488938e-14,2.831930352e-13,5.46324109e-14
95.7734375,3.964312168e-13,6.867003892e-13,7.40824421e-13,3.407819827e-13,1.56752651e-13,3.286695138e-13,9.744412264e-14,1.047237106e-13,7.619564888e-14,1.308278821e-13,3.10214295e-13,1.600703794e-13,1.370101331e-13,4.049377706e-13,7.105611471e-13,5.554779195e-13,6.314262645e-13,1.093461119e-13,7.051165501e-13,2.469061861e-13,1.386697312e-13,1.07280398e-13,5.978945152e-14,6.3239395e-14,1.070882568e-13,8.107863163e-14,4.432061221e-13,3.261027349e-13,6.878403584e-13,2.453548712e-14,2.874356483e-13,5.531432234e-14
95.78125,3.939464324e-13,6.92015489e-13,7.535641178e-13,3.470510002e-13,1.576929337e-13,3.296226577e-13,9.811475761e-14,1.047376096e-13,7.670693912e-14,1.313867922e-13,3.155197272e-13,1.619154381e-13,1.368813472e-13,4.087708087e-13,7.093453257e-13,5.54069905e-13,6.327059401e-13,1.095720665e-13,7.058660691e-13,2.540254664e-13,1.392753979e-13,1.076418508e-13,6.081465024e-14,6.275100489e-14,1.073186523e-13,8.180672433e-14,4.449075193e-13,3.277248945e-13,6.910392671e-13,2.462633881e-14,2.91633492e-13,5.599666165e-14
95.7890625,3.912945228e-13,6.973743089e-13,7.664152706e-13,3.530408695e-13,1.58578278e-13,3.305254112e-13,9.874170146e-14,1.046892591e-13,7.715523778e-14,1.318306246e-13,3.209549026e-13,1.637665531e-13,1.36795391e-13,4.126958089e-13,7.08272077e-13,5.528236745e-13,6.340224975e-13,1.098570027e-13,7.065066612e-13,2.614141327e-13,1.399716424e-13,1.079763678e-13,6.181692595e-14,6.222564036e-14,1.075091693e-13,8.263284548e-14,4.4676926e-13,3.291316634e-13,6.943207872e-13,2.475850533e-14,2.958831808e-13,5.66940974e-14
95.796875,3.886241152e-13,7.023521238e-13,7.790987097e-13,3.591717445e-13,1.59479759e-13,3.313688246e-13,9.932350621e-14,1.045944426e-13,7.753487963e-14,1.322399621e-13,3.263676048e-13,1.655930339e-13,1.367167346e-13,4.166623613e-13,7.072670867e-13,5.516054266e-13,6.353392641e-13,1.102186883e-13,7.07142157e-13,2.689565841e-13,1.407209821e-13,1.082841677e-13,6.282917905e-14,6.169749201e-14,1.076820536e-13,8.347664777e-14,4.486450067e-13,3.303244099e-13,6.975761412e-13,2.490891025e-14,3.00131798e-13,5.736901943e-14
95.8046875,3.859308547e-13,7.070711222e-13,7.917362043e-13,3.655662817e-13,1.604029282e-13,3.322716716e-13,9.990661281e-14,1.044372051e-13,7.786878365e-14,1.326618877e-13,3.317568072e-13,1.674358008e-13,1.366690263e-13,4.206984794e-13,7.06410188e-13,5.504488125e-13,6.366922831e-13,1.106329348e-13,7.077870932e-13,2.765242567e-13,1.41557382e-13,1.085675436e-13,6.384773526e-14,6.117437402e-14,1.078408389e-13,8.433394371e-14,4.505265572e-13,3.315074379e-13,7.007128413e-13,2.508107047e-14,3.042645156e-13,5.800359996e-14
95.8125,3.831897081e-13,7.122307256e-13,8.046375894e-13,3.719018088e-13,1.61320077e-13,3.333124329e-13,1.004888588e-13,1.042447197e-13,7.821658504e-14,1.33065261e-13,3.374087891e-13,1.693631612e-13,1.366676293e-13,4.248174095e-13,7.058000529e-13,5.494955115e-13,6.380547714e-13,1.110754345e-13,7.084478982e-13,2.843248211e-13,1.425270546e-13,1.088689454e-13,6.48167841e-14,6.063483662e-14,1.079577616e-13,8.526756956e-14,4.524247544e-13,3.328555021e-13,7.03775333e-13,2.53123036e-14,3.083941769e-13,5.863939476e-14
95.8203125,3.804368908e-13,7.17337803e-13,8.177272428e-13,3.78194675e-13,1.622669503e-13,3.344772638e-13,1.010387484e-13,1.040476456e-13,7.854553732e-14,1.334195913e-13,3.433545632e-13,1.713303038e-13,1.36728938e-13,4.28996049e-13,7.053757323e-13,5.487449859e-13,6.393586487e-13,1.115683556e-13,7.091610963e-13,2.924921703e-13,1.435783645e-13,1.091744934e-13,6.572975392e-14,6.009540643e-14,1.08028348e-13,8.621667722e-14,4.542929639e-13,3.341973268e-13,7.067846725e-13,2.559687225e-14,3.126222574e-13,5.927349578e-14
95.828125,3.777129086e-13,7.216893076e-13,8.307042297e-13,3.844902221e-13,1.632805901e-13,3.35665162e-13,1.015734159e-13,1.037795986e-13,7.877746962e-14,1.337303352e-13,3.493153815e-13,1.732576794e-13,1.368485458e-13,4.333007994e-13,7.050225393e-13,5.479853096e-13,6.406360493e-13,1.121275316e-13,7.099258091e-13,3.00679616e-13,1.446353478e-13,1.094308228e-13,6.662542157e-14,5.954625979e-14,1.08072158e-13,8.705933154e-14,4.56196593e-13,3.352967853e-13,7.096948943e-13,2.588212799e-14,3.168635853e-13,5.98461951e-14
95.8359375,3.750702738e-13,7.259134978e-13,8.433944349e-13,3.90506665e-13,1.642892943e-13,3.367049726e-13,1.021072045e-13,1.034150621e-13,7.893772681e-14,1.339816003e-13,3.55208405e-13,1.751260191e-13,1.369096345e-13,4.376991779e-13,7.046745513e-13,5.471860749e-13,6.420344207e-13,1.127287796e-13,7.106767346e-13,3.08686175e-13,1.456910166e-13,1.096481006e-13,6.752285728e-14,5.898752242e-14,1.080790593e-13,8.784662138e-14,4.582113488e-13,3.361561756e-13,7.12481018e-13,2.616075774e-14,3.210072504e-13,6.036837341e-14
95.84375,3.723672022e-13,7.302146845e-13,8.555962982e-13,3.963710248e-13,1.651528744e-13,3.37486908e-13,1.025747431e-13,1.030281346e-13,7.908594016e-14,1.341482107e-13,3.610550729e-13,1.769087077e-13,1.368423128e-13,4.418349506e-13,7.041391027e-13,5.463654492e-13,6.433256829e-13,1.132950487e-13,7.113272185e-13,3.168109768e-13,1.467572173e-13,1.098480128e-13,6.841334453e-14,5.847884616e-14,1.080196324e-13,8.871178703e-14,4.602385621e-13,3.368215879e-13,7.150959969e-13,2.646255876e-14,3.249557307e-13,6.089482843e-14
95.8515625,3.694157131e-13,7.337882826e-13,8.673952118e-13,4.02507502e-13,1.658958791e-13,3.382545271e-13,1.029465508e-13,1.026156443e-13,7.921218062e-14,1.342855156e-13,3.6681829e-13,1.786339747e-13,1.368197363e-13,4.456626401e-13,7.033514403e-13,5.453915272e-13,6.442454267e-13,1.138042083e-13,7.118873556e-13,3.251496306e-13,1.478345158e-13,1.100257074e-13,6.927371458e-14,5.800379917e-14,1.079057734e-13,8.960140314e-14,4.621470333e-13,3.373372737e-13,7.175184883e-13,2.678783837e-14,3.287503297e-13,6.140141751e-14
95.859375,3.664656728e-13,7.369185396e-13,8.794149608e-13,4.087601721e-13,1.667023516e-13,3.393973848e-13,1.033215911e-13,1.021413564e-13,7.930035267e-14,1.344439004e-13,3.72633571e-13,1.804290244e-13,1.370043234e-13,4.497414371e-13,7.027528787e-13,5.445167985e-13,6.453290315e-13,1.143794662e-13,7.124796397e-13,3.335382847e-13,1.489802292e-13,1.101999669e-13,7.009750259e-14,5.750637681e-14,1.077811328e-13,9.041948616e-14,4.640350032e-13,3.378456036e-13,7.199437614e-13,2.713773585e-14,3.326360772e-13,6.185288113e-14
95.8671875,3.636740856e-13,7.405199786e-13,8.918256365e-13,4.147762444e-13,1.675289043e-13,3.40725524e-13,1.037627418e-13,1.016706673e-13,7.935719265e-14,1.345414937e-13,3.785879889e-13,1.822849206e-13,1.372542803e-13,4.541383562e-13,7.026066005e-13,5.440863718e-13,6.468995225e-13,1.150468129e-13,7.130994335e-13,3.421353117e-13,1.502506255e-13,1.103538904e-13,7.091335838e-14,5.701833532e-14,1.076580964e-13,9.127826098e-14,4.661157971e-13,3.383352894e-13,7.225118619e-13,2.752390205e-14,3.366157416e-13,6.228807628e-14
95.875,3.606578222e-13,7.442202743e-13,9.039085843e-13,4.207225356e-13,1.681686985e-13,3.417443016e-13,1.041936446e-13,1.012151685e-13,7.936855937e-14,1.345034529e-13,3.844835405e-13,1.840343859e-13,1.373474174e-13,4.582542492e-13,7.024922125e-13,5.437394525e-13,6.482566425e-13,1.156396272e-13,7.13625937e-13,3.51051966e-13,1.515686112e-13,1.104422595e-13,7.17330704e-14,5.654665858e-14,1.075024577e-13,9.225009292e-14,4.682898688e-13,3.386222328e-13,7.248941333e-13,2.792144509e-14,3.403689668e-13,6.273013314e-14
95.8828125,3.575351326e-13,7.473208399e-13,9.152889383e-13,4.267413243e-13,1.687692056e-13,3.42635657e-13,1.045506698e-13,1.006782002e-13,7.933005575e-14,1.343963002e-13,3.90252657e-13,1.856828169e-13,1.373329725e-13,4.621527885e-13,7.022377236e-13,5.431666799e-13,6.492203473e-13,1.161706558e-13,7.142253474e-13,3.60008389e-13,1.528459716e-13,1.105323406e-13,7.251452152e-14,5.606446879e-14,1.072846481e-13,9.318250636e-14,4.702805678e-13,3.387382211e-13,7.26795419e-13,2.830931434e-14,3.439237705e-13,6.314447084e-14
95.890625,3.548937987e-13,7.501157808e-13,9.265201213e-13,4.325116745e-13,1.69603053e-13,3.438382289e-13,1.048692446e-13,1.000661845e-13,7.926419115e-14,1.342983896e-13,3.960737605e-13,1.874027476e-13,1.374389405e-13,4.663998462e-13,7.022601469e-13,5.427970182e-13,6.5045453e-13,1.168500453e-13,7.151744893e-13,3.689193821e-13,1.541433326e-13,1.106922433e-13,7.322656324e-14,5.561895326e-14,1.070350102e-13,9.402019057e-14,4.722239819e-13,3.388568771e-13,7.285675591e-13,2.871270371e-14,3.476617225e-13,6.351081258e-14
95.8984375,3.523950162e-13,7.529465181e-13,9.380098584e-13,4.380030638e-13,1.704803987e-13,3.451369113e-13,1.051791173e-13,9.947655303e-14,7.918141769e-14,1.341890703e-13,4.019844293e-13,1.892108577e-13,1.377112695e-13,4.707969627e-13,7.025671467e-13,5.428270324e-13,6.518961775e-13,1.176514419e-13,7.163070542e-13,3.779585633e-13,1.555194929e-13,1.108326817e-13,7.390608795e-14,5.52154114e-14,1.067982842e-13,9.489177395e-14,4.744347637e-13,3.389588614e-13,7.30593664e-13,2.914843281e-14,3.515768196e-13,6.385121713e-14
95.90625,3.495230187e-13,7.554895604e-13,9.494153574e-13,4.436563919e-13,1.711501872e-13,3.462865095e-13,1.054579838e-13,9.891095045e-14,7.909349063e-14,1.340119036e-13,4.078580948e-13,1.910056797e-13,1.37984628e-13,4.74900438e-13,7.027762898e-13,5.428995137e-13,6.531184612e-13,1.183925161e-13,7.174007317e-13,3.871065637e-13,1.569172482e-13,1.109207277e-13,7.458244347e-14,5.479455111e-14,1.065487306e-13,9.58125039e-14,4.767980255e-13,3.389648293e-13,7.326351801e-13,2.960269171e-14,3.553771795e-13,6.419605789e-14
95.9140625,3.46836211e-13,7.575720776e-13,9.604686724e-13,4.494537864e-13,1.718452527e-13,3.475964814e-13,1.057045051e-13,9.831973939e-14,7.901559741e-14,1.337649965e-13,4.136177071e-13,1.928017875e-13,1.382034698e-13,4.789982911e-13,7.02984099e-13,5.429367669e-13,6.543948893e-13,1.191247063e-13,7.18662661e-13,3.96277978e-13,1.583069453e-13,1.110692668e-13,7.520852564e-14,5.438048753e-14,1.062399869e-13,9.668479677e-14,4.790805101e-13,3.389073171e-13,7.343820248e-13,3.006720388e-14,3.590975429e-13,6.452367048e-14
95.921875,3.445720416e-13,7.596071783e-13,9.713630245e-13,4.549877559e-13,1.727617582e-13,3.491381245e-13,1.059273937e-13,9.770128627e-14,7.891969357e-14,1.335048326e-13,4.192800404e-13,1.946476209e-13,1.384606793e-13,4.833964444e-13,7.033784984e-13,5.430586509e-13,6.557912206e-13,1.199670502e-13,7.201361869e-13,4.054409748e-13,1.597391056e-13,1.112655422e-13,7.574966159e-14,5.401277445e-14,1.058663115e-13,9.748736977e-14,4.813374956e-13,3.387849676e-13,7.359344503e-13,3.05464616e-14,3.628750353e-13,6.477036681e-14
95.9296875,3.420442663e-13,7.61777987e-13,9.820662829e-13,4.60348067e-13,1.736349115e-13,3.505442959e-13,1.060803112e-13,9.704339222e-14,7.876676714e-14,1.332470777e-13,4.249408123e-13,1.964764175e-13,1.387597492e-13,4.877816339e-13,7.03738444e-13,5.431515994e-13,6.568411102e-13,1.208291198e-13,7.215155636e-13,4.145490549e-13,1.612524082e-13,1.113871325e-13,7.624195859e-14,5.36612751e-14,1.054188493e-13,9.826363109e-14,4.836164615e-13,3.385353642e-13,7.373921836e-13,3.104703562e-14,3.665817217e-13,6.49425974e-14
95.9375,3.392390978e-13,7.636918081e-13,9.923556687e-13,4.657854193e-13,1.742650255e-13,3.518105575e-13,1.061591006e-13,9.632505311e-14,7.856435741e-14,1.329444029e-13,4.306225564e-13,1.982016901e-13,1.39040871e-13,4.918343545e-13,7.040470202e-13,5.432226815e-13,6.575896263e-13,1.216065992e-13,7.228168323e-13,4.23745621e-13,1.62828378e-13,1.114467864e-13,7.670597768e-14,5.33125963e-14,1.049054602e-13,9.904835865e-14,4.858282678e-13,3.381652599e-13,7.386076282e-13,3.15618991e-14,3.700863609e-13,6.51044623e-14
95.9453125,3.366617653e-13,7.652481218e-13,1.002283964e-12,4.711405778e-13,1.74801167e-13,3.532024587e-13,1.062521431e-13,9.557887551e-14,7.833695428e-14,1.32615839e-13,4.3613368e-13,1.998236709e-13,1.392767e-13,4.955650302e-13,7.044377921e-13,5.433429377e-13,6.582571617e-13,1.223182336e-13,7.242538104e-13,4.331756253e-13,1.643968556e-13,1.115179276e-13,7.712758365e-14,5.297622428e-14,1.043546317e-13,9.979842828e-14,4.878987531e-13,3.37743949e-13,7.394899624e-13,3.205757339e-14,3.733717904e-13,6.525361693e-14
95.953125,3.341809562e-13,7.666958269e-13,1.011783199e-12,4.763670808e-13,1.753759702e-13,3.546784765e-13,1.063497049e-13,9.482496752e-14,7.810297507e-14,1.323276079e-13,4.413601238e-13,2.014102113e-13,1.394465776e-13,4.991100143e-13,7.046963442e-13,5.433325468e-13,6.586107287e-13,1.230035242e-13,7.257963315e-13,4.426556435e-13,1.659337118e-13,1.116154738e-13,7.752155326e-14,5.266568423e-14,1.03739497e-13,1.00434602e-13,4.89803975e-13,3.373060881e-13,7.40189221e-13,3.251661594e-14,3.764722205e-13,6.535738777e-14
95.9609375,3.316590915e-13,7.678469126e-13,1.020830327e-12,4.816792215e-13,1.759978423e-13,3.561646508e-13,1.06356512e-13,9.403702037e-14,7.787423606e-14,1.320337714e-13,4.465416981e-13,2.030454016e-13,1.396404042e-13,5.027365846e-13,7.049455975e-13,5.433464286e-13,6.58849646e-13,1.237887041e-13,7.274604606e-13,4.521122048e-13,1.675196325e-13,1.117553738e-13,7.790747807e-14,5.241200983e-14,1.030761338e-13,1.01050951e-13,4.917332867e-13,3.368155479e-13,7.409339943e-13,3.29834656e-14,3.796123146e-13,6.54329293e-14
95.96875,3.29314952e-13,7.68591299e-13,1.029916728e-12,4.870114975e-13,1.767063074e-13,3.577703214e-13,1.063267606e-13,9.322930725e-14,7.762215389e-14,1.316589545e-13,4.518751249e-13,2.047443681e-13,1.39980174e-13,5.066103603e-13,7.056785855e-13,5.438685241e-13,6.595537165e-13,1.248305761e-13,7.293305716e-13,4.617249676e-13,1.691816937e-13,1.119145026e-13,7.826482766e-14,5.219573666e-14,1.024704669e-13,1.017863294e-13,4.939210989e-13,3.362301007e-13,7.417363941e-13,3.350127179e-14,3.829529484e-13,6.548581075e-14
95.9765625,3.27121936e-13,7.693359547e-13,1.038986837e-12,4.921267364e-13,1.775075736e-13,3.594400673e-13,1.06343302e-13,9.242722259e-14,7.731116613e-14,1.312544668e-13,4.571159447e-13,2.064200686e-13,1.40361054e-13,5.104800563e-13,7.066178155e-13,5.446698697e-13,6.604622923e-13,1.260134723e-13,7.313049253e-13,4.71325328e-13,1.708384252e-13,1.120254373e-13,7.856264606e-14,5.197426837e-14,1.018939076e-13,1.024938109e-13,4.961300234e-13,3.355584289e-13,7.423112867e-13,3.402783269e-14,3.862511824e-13,6.548450697e-14
95.984375,3.250426211e-13,7.700656182e-13,1.047259727e-12,4.970341099e-13,1.783053261e-13,3.610409966e-13,1.063217657e-13,9.158849286e-14,7.696738308e-14,1.308698104e-13,4.620017017e-13,2.080011414e-13,1.406471629e-13,5.140802609e-13,7.072348037e-13,5.451747088e-13,6.609806366e-13,1.270894912e-13,7.333515215e-13,4.806117424e-13,1.724809982e-13,1.121044544e-13,7.880097037e-14,5.176854488e-14,1.012184595e-13,1.030140553e-13,4.980156302e-13,3.348036827e-13,7.424820248e-13,3.450691305e-14,3.89268007e-13,6.542335874e-14
95.9921875,3.231521302e-13,7.704501185e-13,1.054806948e-12,5.018617312e-13,1.789993478e-13,3.626437502e-13,1.062079661e-13,9.068945254e-14,7.66165409e-14,1.30458066e-13,4.667005684e-13,2.095104071e-13,1.409106607e-13,5.174882957e-13,7.078437081e-13,5.455660385e-13,6.612112641e-13,1.28079575e-13,7.355299905e-13,4.897913951e-13,1.741758833e-13,1.12202711e-13,7.900339062e-14,5.157502267e-14,1.00476361e-13,1.035106992e-13,4.997650529e-13,3.339429043e-13,7.424776047e-13,3.496788889e-14,3.921005246e-13,6.532515599e-14
96,3.212590404e-13,7.705614113e-13,1.062227625e-12,5.06600989e-13,1.79594012e-13,3.643346333e-13,1.060642362e-13,8.977172479e-14,7.622467514e-14,1.300380674e-13,4.714522706e-13,2.109868891e-13,1.41203478e-13,5.208155079e-13,7.087468455e-13,5.461731241e-13,6.613686419e-13,1.291313504e-13,7.377448588e-13,4.99113453e-13,1.759119461e-13,1.123049712e-13,7.917013527e-14,5.134702907e-14,9.974653401e-14,1.040905525e-13,5.016137798e-13,3.32997434e-13,7.424895515e-13,3.544691328e-14,3.948845677e-13,6.519903881e-14
96.0078125,3.192871664e-13,7.70294176e-13,1.069408198e-12,5.112222009e-13,1.802045156e-13,3.66126425e-13,1.058969004e-13,8.885000273e-14,7.578928194e-14,1.29693652e-13,4.762020186e-13,2.124438322e-13,1.415022616e-13,5.241016498e-13,7.096940475e-13,5.468020352e-13,6.614055774e-13,1.302285637e-13,7.399789396e-13,5.084278621e-13,1.776364098e-13,1.124124026e-13,7.928011598e-14,5.111836375e-14,9.899447293e-14,1.046133485e-13,5.034363608e-13,3.320263517e-13,7.423902997e-13,3.59175394e-14,3.976849728e-13,6.503529603e-14
96.015625,3.174632393e-13,7.695555803e-13,1.076195468e-12,5.158282478e-13,1.808909429e-13,3.680537706e-13,1.056884402e-13,8.79130128e-14,7.536267568e-14,1.293870814e-13,4.808168509e-13,2.138996491e-13,1.418726693e-13,5.274101399e-13,7.10655157e-13,5.473813381e-13,6.614023717e-13,1.313140578e-13,7.423715767e-13,5.177009724e-13,1.793416571e-13,1.125557126e-13,7.933961897e-14,5.093759005e-14,9.821721561e-14,1.050558074e-13,5.051919454e-13,3.310708524e-13,7.421962034e-13,3.637121349e-14,4.005423279e-13,6.482961398e-14
96.0234375,3.158151588e-13,7.689221396e-13,1.082676536e-12,5.204013873e-13,1.815463048e-13,3.700316265e-13,1.054618497e-13,8.696695892e-14,7.493511151e-14,1.290281481e-13,4.852464812e-13,2.153278921e-13,1.423345854e-13,5.306139003e-13,7.116597725e-13,5.480119934e-13,6.613470423e-13,1.324139942e-13,7.449059611e-13,5.270028841e-13,1.810290094e-13,1.126935417e-13,7.936215484e-14,5.076060533e-14,9.745855746e-14,1.054890208e-13,5.068983433e-13,3.301138906e-13,7.420387919e-13,3.682443668e-14,4.033179874e-13,6.458866533e-14
96.03125,3.142107414e-13,7.684766417e-13,1.088648958e-12,5.247850851e-13,1.820849162e-13,3.719097385e-13,1.052051511e-13,8.599946852e-14,7.445370474e-14,1.286400046e-13,4.894650188e-13,2.16654548e-13,1.42787939e-13,5.335124409e-13,7.12466711e-13,5.485847949e-13,6.610989487e-13,1.335807904e-13,7.474546894e-13,5.360780014e-13,1.826987749e-13,1.12767671e-13,7.934537807e-14,5.056449811e-14,9.67010545e-14,1.058604904e-13,5.084015086e-13,3.290623377e-13,7.417362654e-13,3.726288604e-14,4.058585362e-13,6.431321023e-14
96.0390625,3.126322146e-13,7.676482584e-13,1.09416438e-12,5.291839608e-13,1.825834577e-13,3.737726962e-13,1.049161635e-13,8.499861184e-14,7.395408387e-14,1.282698131e-13,4.935166739e-13,2.179080978e-13,1.431893878e-13,5.361864856e-13,7.13167107e-13,5.491276643e-13,6.607014604e-13,1.348448165e-13,7.500220095e-13,5.448968666e-13,1.843788789e-13,1.128267886e-13,7.929775996e-14,5.04036719e-14,9.592243899e-14,1.06149533e-13,5.097664127e-13,3.279075837e-13,7.412801637e-13,3.768276856e-14,4.082859728e-13,6.400665606e-14
96.046875,3.11137457e-13,7.666124599e-13,1.099400277e-12,5.338268971e-13,1.831083317e-13,3.757954591e-13,1.046187127e-13,8.397902499e-14,7.349291689e-14,1.279160249e-13,4.974279835e-13,2.191878913e-13,1.435612263e-13,5.38727982e-13,7.139926184e-13,5.496954695e-13,6.600541218e-13,1.361265417e-13,7.527379085e-13,5.538642658e-13,1.860770434e-13,1.129530955e-13,7.920706215e-14,5.028444438e-14,9.51177092e-14,1.063785291e-13,5.111631733e-13,3.267913558e-13,7.409657228e-13,3.808687719e-14,4.107388468e-13,6.367025987e-14
96.0546875,3.098116403e-13,7.655277343e-13,1.103985518e-12,5.382672748e-13,1.836214604e-13,3.778827489e-13,1.042775212e-13,8.293485929e-14,7.30148714e-14,1.276083155e-13,5.010654447e-13,2.204401343e-13,1.438846431e-13,5.409880848e-13,7.146566108e-13,5.499651843e-13,6.588797049e-13,1.372924562e-13,7.556471378e-13,5.628809483e-13,1.877338469e-13,1.131103919e-13,7.904547002e-14,5.015116631e-14,9.426460612e-14,1.06499952e-13,5.123374956e-13,3.256824157e-13,7.404596697e-13,3.844943214e-14,4.130766149e-13,6.328127719e-14
96.0625,3.085639788e-13,7.638756789e-13,1.107903332e-12,5.422036777e-13,1.841080352e-13,3.798397658e-13,1.038805879e-13,8.186728608e-14,7.246842755e-14,1.273572571e-13,5.044079573e-13,2.215557704e-13,1.441116303e-13,5.429344522e-13,7.149058553e-13,5.498082733e-13,6.572724368e-13,1.383881221e-13,7.585472912e-13,5.71519662e-13,1.892982118e-13,1.132167753e-13,7.884128486e-14,5.001310306e-14,9.337357867e-14,1.065371961e-13,5.130375717e-13,3.243889201e-13,7.392584223e-13,3.878754123e-14,4.151448977e-13,6.284651129e-14
96.0703125,3.072216315e-13,7.620087403e-13,1.111687884e-12,5.461347877e-13,1.845851108e-13,3.817605807e-13,1.034838653e-13,8.080519142e-14,7.191764397e-14,1.270870361e-13,5.077254548e-13,2.226037363e-13,1.44249664e-13,5.447435966e-13,7.150927452e-13,5.496250827e-13,6.556056415e-13,1.395635961e-13,7.612916103e-13,5.800567421e-13,1.90801016e-13,1.133036821e-13,7.860927119e-14,4.993417845e-14,9.247416695e-14,1.065316621e-13,5.134971163e-13,3.230271837e-13,7.378463543e-13,3.914036304e-14,4.170573674e-13,6.24121776e-14
96.078125,3.059673813e-13,7.605982941e-13,1.115145973e-12,5.502386551e-13,1.850320788e-13,3.838165754e-13,1.030819138e-13,7.972786446e-14,7.139510924e-14,1.26767986e-13,5.110936778e-13,2.236438522e-13,1.443913479e-13,5.464628785e-13,7.155256658e-13,5.496234362e-13,6.540126273e-13,1.408054728e-13,7.640861093e-13,5.888181461e-13,1.922735028e-13,1.134239601e-13,7.829600342e-14,4.989530692e-14,9.156494062e-14,1.064035919e-13,5.13955143e-13,3.218084047e-13,7.366674537e-13,3.946854962e-14,4.189686807e-13,6.196609646e-14
96.0859375,3.049698778e-13,7.590980515e-13,1.117728149e-12,5.540969286e-13,1.854628267e-13,3.858442579e-13,1.026348663e-13,7.861058231e-14,7.084523593e-14,1.264877121e-13,5.141608197e-13,2.245781308e-13,1.445831024e-13,5.479512232e-13,7.159145215e-13,5.495075914e-13,6.521881824e-13,1.419834566e-13,7.671074901e-13,5.973650757e-13,1.936805487e-13,1.135406367e-13,7.791093297e-14,4.982958342e-14,9.064742912e-14,1.061632907e-13,5.14337505e-13,3.205699842e-13,7.351980727e-13,3.973148917e-14,4.20782487e-13,6.147466249e-14
96.09375,3.039440799e-13,7.571504422e-13,1.11961174e-12,5.577741495e-13,1.859059255e-13,3.876690551e-13,1.021473077e-13,7.750316139e-14,7.02625307e-14,1.263187543e-13,5.167756844e-13,2.254040101e-13,1.44763276e-13,5.490707352e-13,7.159572393e-13,5.490899238e-13,6.497800484e-13,1.430329041e-13,7.702276143e-13,6.054982705e-13,1.950142913e-13,1.136416424e-13,7.752866327e-14,4.977638507e-14,8.971759356e-14,1.059242049e-13,5.145326745e-13,3.192185545e-13,7.332308602e-13,3.996155987e-14,4.22310895e-13,6.097787273e-14
96.1015625,3.027495224e-13,7.551427428e-13,1.121176896e-12,5.616092989e-13,1.862685058e-13,3.895036826e-13,1.016025297e-13,7.642365244e-14,6.967250623e-14,1.2621288e-13,5.192382953e-13,2.262058401e-13,1.449318397e-13,5.498540876e-13,7.158720994e-13,5.486598788e-13,6.470378875e-13,1.43997202e-13,7.732645365e-13,6.136398127e-13,1.963385162e-13,1.13749616e-13,7.714745493e-14,4.980739668e-14,8.874127886e-14,1.056703987e-13,5.145400701e-13,3.179497216e-13,7.311875783e-13,4.018415154e-14,4.235591751e-13,6.049801319e-14
96.109375,3.016100221e-13,7.528190332e-13,1.122491118e-12,5.6543575e-13,1.864917922e-13,3.915166074e-13,1.010044922e-13,7.533917592e-14,6.905946319e-14,1.260657864e-13,5.216714809e-13,2.269193667e-13,1.451715022e-13,5.505280553e-13,7.158693136e-13,5.484943271e-13,6.443983403e-13,1.449895251e-13,7.761042499e-13,6.218346741e-13,1.976969098e-13,1.138368487e-13,7.671689642e-14,4.986947353e-14,8.77224424e-14,1.053723276e-13,5.14428504e-13,3.166557645e-13,7.290405958e-13,4.040090822e-14,4.247055034e-13,5.999921079e-14
96.1171875,3.005918368e-13,7.500897149e-13,1.123544337e-12,5.690299521e-13,1.866908651e-13,3.935584238e-13,1.004287592e-13,7.427306039e-14,6.844426145e-14,1.258760246e-13,5.239078544e-13,2.275017816e-13,1.454779911e-13,5.511875648e-13,7.15844216e-13,5.484383181e-13,6.416910386e-13,1.460669296e-13,7.787936603e-13,6.298388391e-13,1.99066331e-13,1.13921865e-13,7.622743372e-14,4.989557274e-14,8.671562436e-14,1.050876039e-13,5.14230697e-13,3.151268107e-13,7.26672589e-13,4.061841187e-14,4.259279634e-13,5.948947711e-14
96.125,2.996646038e-13,7.476262876e-13,1.124215257e-12,5.725026565e-13,1.868754797e-13,3.955607093e-13,9.986948737e-14,7.322929136e-14,6.785763934e-14,1.257574946e-13,5.260055265e-13,2.280661475e-13,1.457701715e-13,5.515927569e-13,7.15846842e-13,5.482977909e-13,6.387326945e-13,1.471959371e-13,7.815700216e-13,6.376966163e-13,2.003989729e-13,1.140568309e-13,7.570269979e-14,4.993795173e-14,8.573773004e-14,1.047893537e-13,5.138772742e-13,3.136215041e-13,7.24396378e-13,4.082506762e-14,4.272441948e-13,5.898906868e-14
96.1328125,2.989325983e-13,7.452500577e-13,1.124377778e-12,5.759307338e-13,1.869688015e-13,3.975906572e-13,9.923550867e-14,7.215607025e-14,6.726784979e-14,1.257554201e-13,5.280845192e-13,2.286349191e-13,1.459970897e-13,5.516066318e-13,7.158897033e-13,5.480624774e-13,6.357296033e-13,1.484102738e-13,7.844911467e-13,6.452939147e-13,2.016638893e-13,1.141980184e-13,7.517786243e-14,5.00391003e-14,8.475582365e-14,1.043934512e-13,5.133287212e-13,3.123309966e-13,7.221566129e-13,4.101338512e-14,4.284969323e-13,5.84744879e-14
96.140625,2.983977777e-13,7.423603698e-13,1.12412012e-12,5.792136177e-13,1.8714782e-13,3.996358662e-13,9.853469396e-14,7.10903113e-14,6.668049786e-14,1.258077689e-13,5.299677975e-13,2.291303585e-13,1.46164671e-13,5.514323585e-13,7.15619792e-13,5.475821129e-13,6.325337265e-13,1.497642644e-13,7.874296819e-13,6.523693419e-13,2.028533807e-13,1.143296567e-13,7.465592818e-14,5.014633069e-14,8.375893669e-14,1.038773781e-13,5.125705515e-13,3.110176655e-13,7.195837509e-13,4.118787278e-14,4.296293767e-13,5.793812325e-14
96.1484375,2.979068203e-13,7.392749834e-13,1.123516648e-12,5.821719175e-13,1.875177673e-13,4.017005394e-13,9.783192353e-14,7.007375278e-14,6.612378268e-14,1.25881883e-13,5.315772877e-13,2.29569224e-13,1.463165909e-13,5.511315825e-13,7.150204991e-13,5.467536779e-13,6.288693572e-13,1.511486327e-13,7.904168635e-13,6.591020577e-13,2.03969892e-13,1.145154453e-13,7.409171478e-14,5.024052397e-14,8.276724076e-14,1.032551756e-13,5.115235187e-13,3.095714567e-13,7.16859069e-13,4.1327538e-14,4.307758345e-13,5.737009195e-14
96.15625,2.973353914e-13,7.362059614e-13,1.122577826e-12,5.847798014e-13,1.878031924e-13,4.037857705e-13,9.712850063e-14,6.901010487e-14,6.554711054e-14,1.259804902e-13,5.331095759e-13,2.299948852e-13,1.464651302e-13,5.50533865e-13,7.144843957e-13,5.458350011e-13,6.250082575e-13,1.52457834e-13,7.934207143e-13,6.657510597e-13,2.050267152e-13,1.14723326e-13,7.346193648e-14,5.037805778e-14,8.177952786e-14,1.025801882e-13,5.102428999e-13,3.080660951e-13,7.143221683e-13,4.142566348e-14,4.319494411e-13,5.67410277e-14
96.1640625,2.966793563e-13,7.329921694e-13,1.121356324e-12,5.874185917e-13,1.879095359e-13,4.058220931e-13,9.643188718e-14,6.78732913e-14,6.495181593e-14,1.261114803e-13,5.345798666e-13,2.304048641e-13,1.466000683e-13,5.496997748e-13,7.139707783e-13,5.450386474e-13,6.211720017e-13,1.537874958e-13,7.962260981e-13,6.722532989e-13,2.060363974e-13,1.148983106e-13,7.277500138e-14,5.0569233e-14,8.077766507e-14,1.018912151e-13,5.08888963e-13,3.065018533e-13,7.118150715e-13,4.150811378e-14,4.330454015e-13,5.608137308e-14
96.171875,2.960350214e-13,7.299743722e-13,1.119773825e-12,5.903452125e-13,1.8805586e-13,4.0783886e-13,9.576520327e-14,6.679005224e-14,6.441253794e-14,1.263058055e-13,5.358306467e-13,2.307993256e-13,1.467545866e-13,5.487578149e-13,7.132447334e-13,5.442701124e-13,6.17123965e-13,1.552468872e-13,7.988260179e-13,6.785875196e-13,2.07006748e-13,1.150852685e-13,7.203459169e-14,5.076332078e-14,7.977602849e-14,1.011526723e-13,5.073794177e-13,3.049720098e-13,7.091253634e-13,4.157112208e-14,4.341325596e-13,5.543496731e-14
96.1796875,2.954435685e-13,7.272006683e-13,1.117748781e-12,5.93159923e-13,1.88246485e-13,4.099100881e-13,9.508972224e-14,6.577664319e-14,6.388581452e-14,1.265289745e-13,5.368860681e-13,2.31139129e-13,1.469301387e-13,5.475746708e-13,7.124408662e-13,5.433730274e-13,6.127366476e-13,1.568158556e-13,8.01345972e-13,6.847674378e-13,2.079832562e-13,1.152888138e-13,7.127371619e-14,5.095708977e-14,7.880872673e-14,1.003528113e-13,5.055263398e-13,3.035378678e-13,7.063273513e-13,4.159736422e-14,4.352850938e-13,5.477698738e-14
96.1875,2.949012043e-13,7.241410873e-13,1.11539077e-12,5.956110769e-13,1.884119801e-13,4.120129626e-13,9.437780653e-14,6.474423938e-14,6.331061856e-14,1.266951213e-13,5.378186176e-13,2.313801902e-13,1.470868969e-13,5.461722889e-13,7.116590449e-13,5.42310892e-13,6.082513322e-13,1.584534966e-13,8.037778116e-13,6.906218287e-13,2.089947463e-13,1.154746217e-13,7.053710075e-14,5.119012367e-14,7.787875964e-14,9.949995906e-14,5.033911504e-13,3.020587499e-13,7.03460443e-13,4.159848723e-14,4.363622462e-13,5.40883646e-14
96.1953125,2.945060559e-13,7.206879031e-13,1.112688064e-12,5.980973179e-13,1.886519481e-13,4.141297085e-13,9.367022071e-14,6.371166597e-14,6.276438151e-14,1.268223621e-13,5.385687775e-13,2.315708647e-13,1.472571064e-13,5.44802425e-13,7.108260781e-13,5.412367001e-13,6.039459651e-13,1.601448783e-13,8.061509464e-13,6.960893358e-13,2.09962582e-13,1.156779728e-13,6.980165328e-14,5.146231191e-14,7.696366866e-14,9.856154463e-14,5.011557944e-13,3.004867903e-13,7.005124893e-13,4.15765208e-14,4.372988487e-13,5.33836772e-14
96.203125,2.942921892e-13,7.169107132e-13,1.109569448e-12,6.006919843e-13,1.889173405e-13,4.162589994e-13,9.298337908e-14,6.27167988e-14,6.227893597e-14,1.269730959e-13,5.391350241e-13,2.317703562e-13,1.474830061e-13,5.43392485e-13,7.099950598e-13,5.402666511e-13,5.99724348e-13,1.618836158e-13,8.08542308e-13,7.012941453e-13,2.108369997e-13,1.159056108e-13,6.901414009e-14,5.176154435e-14,7.606304232e-14,9.756146152e-14,4.98857621e-13,2.98859708e-13,6.976305819e-13,4.151841033e-14,4.382489533e-13,5.266180555e-14
96.2109375,2.941154801e-13,7.129387201e-13,1.106326046e-12,6.029651582e-13,1.89106312e-13,4.184077173e-13,9.229561272e-14,6.17186357e-14,6.178789264e-14,1.271562932e-13,5.396253563e-13,2.319810829e-13,1.477413072e-13,5.417141053e-13,7.092020648e-13,5.392360031e-13,5.952760861e-13,1.636786087e-13,8.109214906e-13,7.062645239e-13,2.117023385e-13,1.161180349e-13,6.81822217e-14,5.209890271e-14,7.520051995e-14,9.656104613e-14,4.963975605e-13,2.971732677e-13,6.949083735e-13,4.143998803e-14,4.392883575e-13,5.193911197e-14
96.21875,2.938621697e-13,7.093847427e-13,1.103224992e-12,6.049257971e-13,1.892948195e-13,4.20639146e-13,9.161463976e-14,6.071971068e-14,6.129724649e-14,1.273857714e-13,5.40067881e-13,2.32197275e-13,1.479998011e-13,5.398267307e-13,7.083695934e-13,5.380498564e-13,5.906631385e-13,1.655214244e-13,8.132069133e-13,7.109282385e-13,2.125897955e-13,1.163263627e-13,6.73522461e-14,5.244545408e-14,7.436970529e-14,9.555944918e-14,4.937151276e-13,2.955495257e-13,6.922135081e-13,4.137291022e-14,4.403149397e-13,5.124535406e-14
96.2265625,2.935522007e-13,7.062565291e-13,1.100044374e-12,6.067869997e-13,1.894649898e-13,4.2293442e-13,9.095000351e-14,5.97519917e-14,6.083221532e-14,1.276247276e-13,5.4042968e-13,2.323777416e-13,1.482015114e-13,5.378028869e-13,7.074549271e-13,5.368234063e-13,5.860919953e-13,1.674119666e-13,8.15312227e-13,7.151950565e-13,2.134172965e-13,1.1654202e-13,6.653665309e-14,5.274699166e-14,7.353545136e-14,9.455025787e-14,4.908503704e-13,2.940266621e-13,6.894380279e-13,4.132159787e-14,4.412330646e-13,5.056892574e-14
96.234375,2.933042594e-13,7.027836372e-13,1.096520467e-12,6.084015412e-13,1.895704062e-13,4.252224692e-13,9.028001662e-14,5.879066982e-14,6.035287216e-14,1.278133065e-13,5.407836678e-13,2.324540189e-13,1.483113745e-13,5.355930451e-13,7.064536013e-13,5.355073773e-13,5.814393228e-13,1.693969246e-13,8.172539254e-13,7.190056147e-13,2.141638817e-13,1.16757515e-13,6.571612464e-14,5.303051535e-14,7.270538742e-14,9.350081948e-14,4.877481409e-13,2.924371957e-13,6.866235533e-13,4.126086843e-14,4.420260347e-13,4.989191847e-14
96.2421875,2.931661966e-13,6.990044408e-13,1.092707349e-12,6.098197833e-13,1.897452949e-13,4.275357558e-13,8.959797959e-14,5.783107768e-14,5.985125869e-14,1.280516592e-13,5.411967799e-13,2.324433963e-13,1.484109217e-13,5.332290271e-13,7.0538728e-13,5.340212864e-13,5.766521629e-13,1.714767882e-13,8.191595669e-13,7.224213792e-13,2.14861403e-13,1.169888963e-13,6.487937588e-14,5.337325396e-14,7.191284096e-14,9.233183305e-14,4.843025973e-13,2.90804485e-13,6.838213223e-13,4.117005515e-14,4.427426414e-13,4.920924148e-14
96.25,2.929573599e-13,6.952503562e-13,1.088742894e-12,6.112551024e-13,1.900087869e-13,4.298586936e-13,8.89345417e-14,5.690624077e-14,5.935656946e-14,1.284178363e-13,5.415127606e-13,2.324188978e-13,1.485533766e-13,5.306977998e-13,7.042658179e-13,5.324944394e-13,5.718371676e-13,1.735797526e-13,8.209503126e-13,7.25490907e-13,2.154872524e-13,1.172223561e-13,6.402269054e-14,5.378108926e-14,7.114479149e-14,9.107615839e-14,4.806688728e-13,2.891895241e-13,6.810038635e-13,4.105562125e-14,4.434559211e-13,4.851064021e-14
96.2578125,2.926343146e-13,6.910548571e-13,1.084649393e-12,6.124856984e-13,1.902674711e-13,4.321584825e-13,8.83176299e-14,5.601977177e-14,5.887804373e-14,1.287761419e-13,5.415418918e-13,2.323789282e-13,1.486880892e-13,5.279543425e-13,7.030946664e-13,5.30987204e-13,5.669143424e-13,1.756685483e-13,8.224553125e-13,7.281904515e-13,2.16034899e-13,1.174356124e-13,6.3152494e-14,5.42025679e-14,7.038823206e-14,8.982235376e-14,4.770095231e-13,2.87436286e-13,6.780516462e-13,4.092743301e-14,4.441598749e-13,4.782641414e-14
96.265625,2.92462126e-13,6.86476209e-13,1.080271192e-12,6.133987084e-13,1.905544351e-13,4.345390212e-13,8.772795764e-14,5.518251511e-14,5.842833886e-14,1.290706487e-13,5.413499359e-13,2.32277081e-13,1.488270202e-13,5.250808022e-13,7.019686257e-13,5.294506659e-13,5.618964731e-13,1.777532746e-13,8.238069416e-13,7.306383439e-13,2.165649539e-13,1.176571527e-13,6.229707819e-14,5.462723332e-14,6.96720297e-14,8.853833854e-14,4.731697502e-13,2.856073153e-13,6.74958969e-13,4.077482959e-14,4.448453107e-13,4.719609674e-14
96.2734375,2.924371548e-13,6.822594164e-13,1.075471588e-12,6.142678851e-13,1.908205513e-13,4.369270864e-13,8.711621302e-14,5.440896292e-14,5.800786143e-14,1.293952967e-13,5.41059028e-13,2.32126349e-13,1.490150063e-13,5.220393049e-13,7.008555163e-13,5.278932783e-13,5.5685393e-13,1.79842525e-13,8.251043759e-13,7.329776712e-13,2.170976772e-13,1.178877026e-13,6.145385641e-14,5.507546977e-14,6.898918315e-14,8.720878818e-14,4.691180522e-13,2.838681722e-13,6.720021301e-13,4.059252974e-14,4.456216343e-13,4.657818341e-14
96.28125,2.923325705e-13,6.782730104e-13,1.070379517e-12,6.150120031e-13,1.909665231e-13,4.390742209e-13,8.647820094e-14,5.365609976e-14,5.759017011e-14,1.297332643e-13,5.405810194e-13,2.319589515e-13,1.491907781e-13,5.186932565e-13,6.995458845e-13,5.263295214e-13,5.516166678e-13,1.819355199e-13,8.261190458e-13,7.35110046e-13,2.17568384e-13,1.180881108e-13,6.057628079e-14,5.552530773e-14,6.829608761e-14,8.59044542e-14,4.650724498e-13,2.820528823e-13,6.692785989e-13,4.040078078e-14,4.464718253e-13,4.592352713e-14
96.2890625,2.922906451e-13,6.741293047e-13,1.065096616e-12,6.154439879e-13,1.911204032e-13,4.411119949e-13,8.586201736e-14,5.289359692e-14,5.717374689e-14,1.300645712e-13,5.398427997e-13,2.317590581e-13,1.492946531e-13,5.151929771e-13,6.981309793e-13,5.248172036e-13,5.463237869e-13,1.840421353e-13,8.267659282e-13,7.368355493e-13,2.179510995e-13,1.182665655e-13,5.967003365e-14,5.595188544e-14,6.76015894e-14,8.459923004e-14,4.609904177e-13,2.8015049e-13,6.664816835e-13,4.021156497e-14,4.471596502e-13,4.526122967e-14
96.296875,2.924293733e-13,6.701801508e-13,1.059655703e-12,6.158714115e-13,1.913951522e-13,4.434230164e-13,8.529346716e-14,5.215299629e-14,5.678402235e-14,1.304760719e-13,5.390501589e-13,2.315479204e-13,1.493879207e-13,5.117656489e-13,6.969317663e-13,5.233868338e-13,5.413764803e-13,1.862465798e-13,8.272531364e-13,7.38004537e-13,2.183127743e-13,1.184630199e-13,5.878800815e-14,5.640057695e-14,6.694936647e-14,8.32217831e-14,4.567059679e-13,2.78447306e-13,6.636129913e-13,4.000851112e-14,4.477083377e-13,4.462449775e-14
96.3046875,2.924628753e-13,6.664771435e-13,1.05437598e-12,6.163764697e-13,1.917174745e-13,4.460031857e-13,8.476520818e-14,5.144368311e-14,5.642877586e-14,1.309506707e-13,5.384505888e-13,2.313909586e-13,1.495638285e-13,5.083252532e-13,6.959388627e-13,5.219250451e-13,5.366074184e-13,1.886343722e-13,8.277072767e-13,7.38603273e-13,2.186643878e-13,1.186948679e-13,5.79301484e-14,5.691653476e-14,6.635807708e-14,8.181866149e-14,4.523064819e-13,2.768970923e-13,6.610480525e-13,3.978791282e-14,4.484318916e-13,4.401194885e-14
96.3125,2.923127748e-13,6.625689721e-13,1.049299015e-12,6.164959749e-13,1.920243452e-13,4.484838671e-13,8.427364902e-14,5.074718373e-14,5.607849869e-14,1.313966872e-13,5.379499479e-13,2.312157549e-13,1.498090243e-13,5.04692394e-13,6.949475741e-13,5.204491573e-13,5.317290102e-13,1.911118845e-13,8.280561111e-13,7.388665101e-13,2.18908723e-13,1.189261413e-13,5.708063361e-14,5.746335689e-14,6.582946959e-14,8.045884842e-14,4.478695328e-13,2.752596485e-13,6.586719976e-13,3.957625892e-14,4.493009732e-13,4.342370997e-14
96.3203125,2.921914137e-13,6.583962814e-13,1.043873102e-12,6.161717994e-13,1.922633069e-13,4.506730516e-13,8.381510656e-14,5.007782496e-14,5.570017548e-14,1.318086584e-13,5.372411451e-13,2.308744963e-13,1.500097867e-13,5.008737645e-13,6.939208544e-13,5.191252757e-13,5.269734318e-13,1.935559399e-13,8.281051118e-13,7.389563965e-13,2.190019417e-13,1.190860742e-13,5.625561264e-14,5.798795347e-14,6.534908978e-14,7.9140496e-14,4.433715445e-13,2.735309293e-13,6.561104129e-13,3.938412794e-14,4.499975185e-13,4.285205869e-14
96.328125,2.921244832e-13,6.540621453e-13,1.038031226e-12,6.158518539e-13,1.924420644e-13,4.528012415e-13,8.339117889e-14,4.946125848e-14,5.53245897e-14,1.32211736e-13,5.362729778e-13,2.304181934e-13,1.501068122e-13,4.969435396e-13,6.928682525e-13,5.179433639e-13,5.224554289e-13,1.960508056e-13,8.277420013e-13,7.387657468e-13,2.189899607e-13,1.191964012e-13,5.542978255e-14,5.85004198e-14,6.489237617e-14,7.784230244e-14,4.388443306e-13,2.717497263e-13,6.53553624e-13,3.919164415e-14,4.505140125e-13,4.229302871e-14
96.3359375,2.921159835e-13,6.496665724e-13,1.032250249e-12,6.15559952e-13,1.926906063e-13,4.551136887e-13,8.300713179e-14,4.890852211e-14,5.500413407e-14,1.326369809e-13,5.352657324e-13,2.299947111e-13,1.501523824e-13,4.92890819e-13,6.917701642e-13,5.168284186e-13,5.179848337e-13,1.986706687e-13,8.271312492e-13,7.383180737e-13,2.189198883e-13,1.193537334e-13,5.456998956e-14,5.90508089e-14,6.446510401e-14,7.654165856e-14,4.342084124e-13,2.69950886e-13,6.512798742e-13,3.898666916e-14,4.510250687e-13,4.176594632e-14
96.34375,2.922046735e-13,6.45592264e-13,1.026547219e-12,6.149314653e-13,1.929825517e-13,4.574495633e-13,8.263566448e-14,4.841050337e-14,5.471848809e-14,1.330873109e-13,5.34361493e-13,2.296169245e-13,1.5022355e-13,4.887486018e-13,6.906909076e-13,5.157843513e-13,5.135645078e-13,2.013191281e-13,8.263860593e-13,7.376535277e-13,2.188769692e-13,1.19533231e-13,5.372928211e-14,5.963978256e-14,6.407945491e-14,7.524517767e-14,4.294072186e-13,2.682285261e-13,6.491511072e-13,3.878089233e-14,4.515526311e-13,4.127064377e-14
96.3515625,2.921925105e-13,6.418531732e-13,1.020856649e-12,6.139850606e-13,1.931686532e-13,4.596327439e-13,8.226392873e-14,4.793098103e-14,5.443350002e-14,1.334847233e-13,5.335662597e-13,2.292783313e-13,1.503779258e-13,4.847139137e-13,6.897849572e-13,5.148302884e-13,5.093083248e-13,2.039808811e-13,8.253337079e-13,7.365080061e-13,2.189437042e-13,1.196425266e-13,5.294778055e-14,6.020665628e-14,6.371617418e-14,7.399947992e-14,4.246479214e-13,2.665431565e-13,6.471670886e-13,3.859268044e-14,4.521310453e-13,4.079009334e-14
96.359375,2.920366787e-13,6.379399728e-13,1.015317481e-12,6.129526828e-13,1.933001226e-13,4.618104042e-13,8.195175462e-14,4.747131948e-14,5.41608692e-14,1.338322732e-13,5.327554771e-13,2.289769766e-13,1.505862958e-13,4.808432829e-13,6.891656476e-13,5.140964673e-13,5.053379895e-13,2.067093418e-13,8.239372454e-13,7.349044811e-13,2.190231369e-13,1.197049429e-13,5.216816591e-14,6.077566705e-14,6.337397688e-14,7.278678296e-14,4.19957971e-13,2.648024246e-13,6.454274356e-13,3.841726179e-14,4.527677315e-13,4.032815302e-14
96.3671875,2.920324952e-13,6.338203772e-13,1.009556275e-12,6.116993206e-13,1.934568234e-13,4.640006453e-13,8.172842474e-14,4.70852007e-14,5.389667404e-14,1.342166321e-13,5.316658276e-13,2.28588623e-13,1.507296823e-13,4.768898163e-13,6.886732805e-13,5.135536289e-13,5.016918765e-13,2.093811358e-13,8.2237331e-13,7.331976032e-13,2.189453888e-13,1.197689627e-13,5.135712947e-14,6.143918635e-14,6.307316944e-14,7.153360457e-14,4.150624033e-13,2.630113145e-13,6.436557348e-13,3.822387402e-14,4.532976804e-13,3.987940728e-14
96.375,2.921661948e-13,6.29828699e-13,1.003371985e-12,6.100396374e-13,1.936070989e-13,4.66092417e-13,8.153008374e-14,4.676685167e-14,5.364092903e-14,1.345865296e-13,5.30317013e-13,2.280721847e-13,1.508119918e-13,4.727579417e-13,6.87967281e-13,5.127700152e-13,4.979824529e-13,2.11898793e-13,8.206137151e-13,7.31179597e-13,2.187477896e-13,1.198239684e-13,5.055257466e-14,6.211479112e-14,6.279386896e-14,7.024753406e-14,4.099502356e-13,2.611763632e-13,6.417308308e-13,3.801048747e-14,4.537217877e-13,3.942931546e-14
96.3828125,2.921590265e-13,6.257897603e-13,9.9743833e-13,6.081269826e-13,1.938133197e-13,4.682895192e-13,8.133034885e-14,4.646705586e-14,5.342955067e-14,1.348661956e-13,5.2908032e-13,2.275644732e-13,1.509398706e-13,4.68589123e-13,6.870013718e-13,5.115917015e-13,4.939244074e-13,2.144056226e-13,8.185516615e-13,7.284683104e-13,2.185771923e-13,1.198956738e-13,4.975924706e-14,6.267015947e-14,6.252372211e-14,6.89745736e-14,4.047907329e-13,2.593125053e-13,6.399637272e-13,3.781213966e-14,4.542680728e-13,3.899820374e-14
96.390625,2.921412445e-13,6.21499727e-13,9.919524765e-13,6.061485244e-13,1.941168377e-13,4.706815335e-13,8.117867483e-14,4.621699952e-14,5.325495166e-14,1.351238395e-13,5.279930544e-13,2.270963806e-13,1.510758404e-13,4.643681233e-13,6.860593775e-13,5.104229359e-13,4.899082167e-13,2.169731045e-13,8.163407376e-13,7.254154083e-13,2.184415128e-13,1.200085433e-13,4.895273602e-14,6.323265845e-14,6.230836998e-14,6.770784443e-14,3.995451965e-13,2.574425357e-13,6.384350817e-13,3.763249445e-14,4.549628962e-13,3.860244958e-14
96.3984375,2.923451937e-13,6.173800024e-13,9.862504147e-13,6.041381345e-13,1.944229513e-13,4.729055672e-13,8.108210463e-14,4.606676834e-14,5.308171462e-14,1.354080764e-13,5.26762807e-13,2.266110527e-13,1.51173267e-13,4.601259547e-13,6.853263331e-13,5.095029756e-13,4.862232242e-13,2.194623039e-13,8.141141969e-13,7.223634249e-13,2.183214035e-13,1.20109072e-13,4.815441926e-14,6.393139586e-14,6.215844369e-14,6.646920419e-14,3.942716768e-13,2.555621615e-13,6.370184166e-13,3.744456007e-14,4.556427066e-13,3.822099617e-14
96.40625,2.925102216e-13,6.136243839e-13,9.801558005e-13,6.019950773e-13,1.947203462e-13,4.748244582e-13,8.100793997e-14,4.598678638e-14,5.292218804e-14,1.357170715e-13,5.254031481e-13,2.261378252e-13,1.513266397e-13,4.561114165e-13,6.847369009e-13,5.087686522e-13,4.827129663e-13,2.21880299e-13,8.116405331e-13,7.189287313e-13,2.182637271e-13,1.201536976e-13,4.738908577e-14,6.464540023e-14,6.20220651e-14,6.530118679e-14,3.891802442e-13,2.537006058e-13,6.357374446e-13,3.724438189e-14,4.562366558e-13,3.785285605e-14
96.4140625,2.923229254e-13,6.0965919e-13,9.740401816e-13,5.995339968e-13,1.950239582e-13,4.767371094e-13,8.096648181e-14,4.59326242e-14,5.278163882e-14,1.360853501e-13,5.240497935e-13,2.256423367e-13,1.515278143e-13,4.522807697e-13,6.841418326e-13,5.082329217e-13,4.794482008e-13,2.244220106e-13,8.085937971e-13,7.148426171e-13,2.181857054e-13,1.201467359e-13,4.663818627e-14,6.531772966e-14,6.188279463e-14,6.41574096e-14,3.842180326e-13,2.518050765e-13,6.344876672e-13,3.704288963e-14,4.567341086e-13,3.752033916e-14
96.421875,2.919622405e-13,6.052875314e-13,9.680802592e-13,5.968737361e-13,1.952538144e-13,4.788155356e-13,8.097913941e-14,4.587817812e-14,5.262854389e-14,1.364500023e-13,5.226559492e-13,2.250514122e-13,1.516660425e-13,4.483419006e-13,6.835246154e-13,5.078789275e-13,4.765296876e-13,2.271044776e-13,8.05027672e-13,7.104704453e-13,2.179728712e-13,1.20097959e-13,4.589721992e-14,6.600232275e-14,6.176674979e-14,6.299597727e-14,3.792531415e-13,2.497944749e-13,6.331946515e-13,3.68530916e-14,4.571415633e-13,3.720514435e-14
96.4296875,2.917751769e-13,6.011136844e-13,9.623171617e-13,5.942455977e-13,1.954556106e-13,4.80990335e-13,8.103267732e-14,4.580811043e-14,5.246131988e-14,1.36676044e-13,5.212926714e-13,2.244468617e-13,1.517603937e-13,4.44312483e-13,6.830314845e-13,5.076080236e-13,4.736964808e-13,2.29784999e-13,8.013279212e-13,7.060859059e-13,2.177318209e-13,1.200381735e-13,4.519330792e-14,6.661439662e-14,6.169374603e-14,6.186492201e-14,3.743467641e-13,2.478195755e-13,6.321235502e-13,3.668752857e-14,4.57506309e-13,3.687218273e-14
96.4375,2.917930478e-13,5.972650282e-13,9.567008624e-13,5.913281667e-13,1.95780471e-13,4.831588912e-13,8.111464242e-14,4.577676107e-14,5.231722169e-14,1.367970129e-13,5.200309803e-13,2.239057444e-13,1.518670011e-13,4.403745775e-13,6.826973181e-13,5.073909599e-13,4.708899087e-13,2.324571155e-13,7.976890228e-13,7.014150495e-13,2.175489035e-13,1.1999604e-13,4.451923304e-14,6.71402363e-14,6.168311255e-14,6.077111824e-14,3.69475444e-13,2.45970943e-13,6.313600645e-13,3.652673851e-14,4.578854208e-13,3.653546415e-14
96.4453125,2.917924823e-13,5.932944078e-13,9.511159427e-13,5.879019916e-13,1.962200322e-13,4.8526519e-13,8.123607653e-14,4.583846862e-14,5.222293469e-14,1.369471333e-13,5.186985063e-13,2.233883621e-13,1.51991418e-13,4.365471936e-13,6.824264807e-13,5.072546173e-13,4.683480167e-13,2.352021317e-13,7.939236765e-13,6.962356998e-13,2.173257201e-13,1.199555684e-13,4.383980024e-14,6.773855051e-14,6.173472833e-14,5.967363626e-14,3.645604472e-13,2.440768962e-13,6.307199797e-13,3.634469244e-14,4.583624668e-13,3.622611648e-14
96.453125,2.916791956e-13,5.892984632e-13,9.455437369e-13,5.845054404e-13,1.966557354e-13,4.87355699e-13,8.140157986e-14,4.592818616e-14,5.214848887e-14,1.371208147e-13,5.172339497e-13,2.228553049e-13,1.521462616e-13,4.327768427e-13,6.822758235e-13,5.073249078e-13,4.660762705e-13,2.38030083e-13,7.898272751e-13,6.908697012e-13,2.170543862e-13,1.198936252e-13,4.316758809e-14,6.838354735e-14,6.181444174e-14,5.861006709e-14,3.597219617e-13,2.421316287e-13,6.301794406e-13,3.616391252e-14,4.58879838e-13,3.593815853e-14
96.4609375,2.915630211e-13,5.854664903e-13,9.398708367e-13,5.813806901e-13,1.970100073e-13,4.894693495e-13,8.159393179e-14,4.598780171e-14,5.203479546e-14,1.372234742e-13,5.157396522e-13,2.222434088e-13,1.522649711e-13,4.289912719e-13,6.823405784e-13,5.076871711e-13,4.639526751e-13,2.409329015e-13,7.853880206e-13,6.855381541e-13,2.167792538e-13,1.197944271e-13,4.253973686e-14,6.893234331e-14,6.190647589e-14,5.762257948e-14,3.55030359e-13,2.402280208e-13,6.29675492e-13,3.601477903e-14,4.591747304e-13,3.566059182e-14
96.46875,2.914480438e-13,5.814912597e-13,9.340494698e-13,5.781581643e-13,1.972712258e-13,4.915964256e-13,8.181870559e-14,4.607674696e-14,5.190203543e-14,1.372601e-13,5.142267133e-13,2.21541374e-13,1.522894107e-13,4.251865093e-13,6.826183371e-13,5.082171104e-13,4.620635995e-13,2.439180846e-13,7.806741855e-13,6.798867654e-13,2.16437041e-13,1.19647989e-13,4.193422269e-14,6.946222812e-14,6.203785138e-14,5.666928427e-14,3.503956355e-13,2.382569042e-13,6.291830488e-13,3.58800775e-14,4.592457139e-13,3.540385957e-14
96.4765625,2.912516774e-13,5.774541301e-13,9.282722706e-13,5.748054377e-13,1.975082938e-13,4.937801408e-13,8.21161692e-14,4.622514499e-14,5.180969498e-14,1.373149236e-13,5.127220286e-13,2.20866048e-13,1.523434106e-13,4.214478082e-13,6.831897069e-13,5.089365363e-13,4.605821334e-13,2.469667862e-13,7.758019818e-13,6.737912067e-13,2.160546965e-13,1.194814803e-13,4.130679334e-14,7.008720324e-14,6.223977316e-14,5.572981957e-14,3.458238349e-13,2.362316015e-13,6.28976831e-13,3.57289685e-14,4.593621814e-13,3.516255868e-14
96.484375,2.910754641e-13,5.736171048e-13,9.224075238e-13,5.713581304e-13,1.977793486e-13,4.959116498e-13,8.247368355e-14,4.638870168e-14,5.172042052e-14,1.374036657e-13,5.112025082e-13,2.201831915e-13,1.524919025e-13,4.176852668e-13,6.839661274e-13,5.099755678e-13,4.594460692e-13,2.500027159e-13,7.708296781e-13,6.676261091e-13,2.156945122e-13,1.19311064e-13,4.067845859e-14,7.073228447e-14,6.249981629e-14,5.483564872e-14,3.413216159e-13,2.342665745e-13,6.289618805e-13,3.556386238e-14,4.594469706e-13,3.492352056e-14
96.4921875,2.909624407e-13,5.696274988e-13,9.162591242e-13,5.674907469e-13,1.980409157e-13,4.978017669e-13,8.28266578e-14,4.657868872e-14,5.159472064e-14,1.374581116e-13,5.095349052e-13,2.193457609e-13,1.525974307e-13,4.137901178e-13,6.845341726e-13,5.110614491e-13,4.58371783e-13,2.52916262e-13,7.655929284e-13,6.613726352e-13,2.15287476e-13,1.191054642e-13,4.009632973e-14,7.132776379e-14,6.277045071e-14,5.39846316e-14,3.368061443e-13,2.322560425e-13,6.287508485e-13,3.541136624e-14,4.592886054e-13,3.47123928e-14
96.5,2.907440352e-13,5.655401771e-13,9.103156925e-13,5.632847598e-13,1.982464457e-13,4.996810491e-13,8.318797731e-14,4.683186725e-14,5.150084685e-14,1.374300024e-13,5.07844656e-13,2.184765574e-13,1.526265032e-13,4.099843434e-13,6.848957291e-13,5.119966575e-13,4.573845973e-13,2.557440404e-13,7.599926567e-13,6.547153515e-13,2.148598059e-13,1.188715627e-13,3.955735092e-14,7.191529526e-14,6.305682989e-14,5.316881008e-14,3.323677387e-13,2.302113089e-13,6.286911754e-13,3.528938359e-14,4.591034205e-13,3.456148577e-14
96.5078125,2.904636251e-13,5.619617016e-13,9.049416682e-13,5.591956448e-13,1.984248681e-13,5.018570345e-13,8.362584132e-14,4.712206877e-14,5.14661858e-14,1.373376291e-13,5.063417804e-13,2.177554202e-13,1.527190226e-13,4.064611894e-13,6.856252045e-13,5.131702003e-13,4.568172324e-13,2.586552509e-13,7.542670934e-13,6.478149888e-13,2.145029455e-13,1.186448039e-13,3.903401059e-14,7.251071076e-14,6.342031133e-14,5.241901132e-14,3.281618043e-13,2.283184043e-13,6.292613796e-13,3.519217843e-14,4.591128327e-13,3.44541986e-14
96.515625,2.902949086e-13,5.585292501e-13,8.997987388e-13,5.552593145e-13,1.98633264e-13,5.041426897e-13,8.414383628e-14,4.743028154e-14,5.142395678e-14,1.37218061e-13,5.048666168e-13,2.17087203e-13,1.529263855e-13,4.031191424e-13,6.869147914e-13,5.147766779e-13,4.566097793e-13,2.616277265e-13,7.485507481e-13,6.408779165e-13,2.141662827e-13,1.183896826e-13,3.851958942e-14,7.308325654e-14,6.386061496e-14,5.174027433e-14,3.241153896e-13,2.264732827e-13,6.300641565e-13,3.509919609e-14,4.591569356e-13,3.435008934e-14
96.5234375,2.901207125e-13,5.545260876e-13,8.947143327e-13,5.51162114e-13,1.988863306e-13,5.063341758e-13,8.471657565e-14,4.77753308e-14,5.135372158e-14,1.37062089e-13,5.032420287e-13,2.163612495e-13,1.531546996e-13,3.998939791e-13,6.883574174e-13,5.164759673e-13,4.564831882e-13,2.645146919e-13,7.426014541e-13,6.336397664e-13,2.138598103e-13,1.180588013e-13,3.801632977e-14,7.363846242e-14,6.432260951e-14,5.109871441e-14,3.201427325e-13,2.24474367e-13,6.30711119e-13,3.500122389e-14,4.590519646e-13,3.423489697e-14
96.53125,2.898304685e-13,5.50389014e-13,8.896598262e-13,5.466050525e-13,1.991241715e-13,5.084198829e-13,8.53275388e-14,4.814818298e-14,5.128537271e-14,1.36848622e-13,5.015444075e-13,2.15602212e-13,1.533157599e-13,3.967498641e-13,6.89610464e-13,5.180665762e-13,4.564617185e-13,2.673423581e-13,7.363111297e-13,6.259147112e-13,2.136320092e-13,1.17681444e-13,3.752591809e-14,7.419699949e-14,6.479478996e-14,5.048699167e-14,3.163260873e-13,2.223707419e-13,6.314701417e-13,3.492074496e-14,4.587728602e-13,3.412373955e-14
96.5390625,2.895103251e-13,5.46739622e-13,8.843936289e-13,5.41618934e-13,1.993211045e-13,5.102160496e-13,8.593296107e-14,4.854133244e-14,5.123520109e-14,1.366397882e-13,4.998623578e-13,2.148373607e-13,1.534338416e-13,3.935699798e-13,6.906253952e-13,5.196051058e-13,4.565330704e-13,2.701336238e-13,7.298756718e-13,6.179438908e-13,2.133676504e-13,1.173066305e-13,3.705999076e-14,7.475027775e-14,6.528228228e-14,4.992100323e-14,3.127015515e-13,2.202669579e-13,6.324948865e-13,3.48781051e-14,4.584205572e-13,3.403860194e-14
96.546875,2.89145969e-13,5.433026149e-13,8.791452964e-13,5.36662471e-13,1.995641992e-13,5.117983444e-13,8.652314454e-14,4.897848085e-14,5.121477817e-14,1.36480707e-13,4.983458678e-13,2.141099773e-13,1.535743804e-13,3.904375862e-13,6.915693177e-13,5.211890241e-13,4.566831717e-13,2.728257995e-13,7.233564267e-13,6.100265862e-13,2.13036223e-13,1.169500886e-13,3.662673386e-14,7.528955149e-14,6.577580319e-14,4.939941325e-14,3.092174401e-13,2.18228989e-13,6.335872257e-13,3.484935588e-14,4.581493051e-13,3.399501666e-14
96.5546875,2.887711596e-13,5.397097168e-13,8.742281212e-13,5.318263574e-13,1.998854444e-13,5.135428934e-13,8.714185296e-14,4.943901192e-14,5.12009962e-14,1.362509349e-13,4.970487638e-13,2.134003762e-13,1.537036271e-13,3.874920198e-13,6.926756062e-13,5.229688322e-13,4.571335326e-13,2.755050385e-13,7.166738892e-13,6.021804399e-13,2.127029586e-13,1.165914997e-13,3.620847173e-14,7.579537095e-14,6.62945158e-14,4.891400691e-14,3.058716827e-13,2.162720787e-13,6.346503684e-13,3.480537787e-14,4.578613962e-13,3.399526037e-14
96.5625,2.884779905e-13,5.36066061e-13,8.691774743e-13,5.267148364e-13,2.001826361e-13,5.152660126e-13,8.779461148e-14,4.987568546e-14,5.115039713e-14,1.358498927e-13,4.956325093e-13,2.125908415e-13,1.537872748e-13,3.84593795e-13,6.939294677e-13,5.24964081e-13,4.577618193e-13,2.782299537e-13,7.098257545e-13,5.941885593e-13,2.122955138e-13,1.161722323e-13,3.578799992e-14,7.623003935e-14,6.685913796e-14,4.84690425e-14,3.026936088e-13,2.142569897e-13,6.357625077e-13,3.475072303e-14,4.572897088e-13,3.401815472e-14
96.5703125,2.880464423e-13,5.324794838e-13,8.637990841e-13,5.215148341e-13,2.00402199e-13,5.1667166e-13,8.847427986e-14,5.031708238e-14,5.107354557e-14,1.353918889e-13,4.939464205e-13,2.11704398e-13,1.539016609e-13,3.816617357e-13,6.952251046e-13,5.27135913e-13,4.583392041e-13,2.80903011e-13,7.027493594e-13,5.859582797e-13,2.118670603e-13,1.156569028e-13,3.538635349e-14,7.662718861e-14,6.74598749e-14,4.807319227e-14,2.996910861e-13,2.121148932e-13,6.369739606e-13,3.469555668e-14,4.564106695e-13,3.40355063e-14
96.578125,2.873614001e-13,5.287736778e-13,8.586643373e-13,5.166561758e-13,2.005956241e-13,5.181467587e-13,8.920622546e-14,5.08213453e-14,5.099408048e-14,1.350262595e-13,4.923116754e-13,2.108439538e-13,1.540407786e-13,3.788793489e-13,6.966608799e-13,5.295650248e-13,4.59190907e-13,2.835658359e-13,6.953839819e-13,5.775997752e-13,2.115934534e-13,1.150853612e-13,3.50223156e-14,7.705829634e-14,6.809006425e-14,4.771076812e-14,2.968175538e-13,2.099809888e-13,6.381534997e-13,3.464913557e-14,4.5537522e-13,3.405151569e-14
96.5859375,2.867485172e-13,5.248312706e-13,8.537860073e-13,5.117538566e-13,2.008099508e-13,5.198531093e-13,8.998419883e-14,5.137408623e-14,5.09132785e-14,1.347613082e-13,4.907706989e-13,2.099547773e-13,1.540958732e-13,3.762988254e-13,6.981965156e-13,5.320884436e-13,4.603534987e-13,2.863004117e-13,6.878702404e-13,5.691211001e-13,2.113701052e-13,1.145180602e-13,3.466779687e-14,7.750409236e-14,6.874558207e-14,4.73402263e-14,2.939793716e-13,2.078900556e-13,6.392270485e-13,3.461692498e-14,4.543367107e-13,3.409298858e-14
96.59375,2.863021465e-13,5.208805995e-13,8.486999843e-13,5.063927297e-13,2.010615575e-13,5.213760688e-13,9.079192868e-14,5.192501536e-14,5.08551843e-14,1.345242017e-13,4.890740396e-13,2.089957437e-13,1.541121455e-13,3.737782153e-13,6.996342758e-13,5.344729698e-13,4.613722054e-13,2.890228526e-13,6.803263002e-13,5.605330187e-13,2.110546994e-13,1.139786946e-13,3.430169668e-14,7.793249538e-14,6.942425844e-14,4.697425079e-14,2.911758431e-13,2.057230257e-13,6.404904061e-13,3.458003457e-14,4.534146336e-13,3.416845237e-14
96.6015625,2.85803464e-13,5.171112622e-13,8.435604602e-13,5.009115955e-13,2.013296681e-13,5.227268695e-13,9.164742279e-14,5.246478486e-14,5.081982718e-14,1.342425171e-13,4.873128403e-13,2.080485507e-13,1.542081024e-13,3.712956513e-13,7.011351763e-13,5.370167059e-13,4.624513954e-13,2.917288562e-13,6.727121312e-13,5.52023713e-13,2.107628742e-13,1.134413806e-13,3.394803366e-14,7.836609066e-14,7.014660893e-14,4.669798584e-14,2.885282158e-13,2.034809379e-13,6.421355718e-13,3.453756179e-14,4.524763014e-13,3.42699434e-14
96.609375,2.852809812e-13,5.133894037e-13,8.386219449e-13,4.956012377e-13,2.015570633e-13,5.24134023e-13,9.253692156e-14,5.302048276e-14,5.076382568e-14,1.339087862e-13,4.856354816e-13,2.071180572e-13,1.54344657e-13,3.689525584e-13,7.029357262e-13,5.400099107e-13,4.640381196e-13,2.944810274e-13,6.650065417e-13,5.435397035e-13,2.10556078e-13,1.128465886e-13,3.363053057e-14,7.877867208e-14,7.091856573e-14,4.653350437e-14,2.861201927e-13,2.012754189e-13,6.438792921e-13,3.45126609e-14,4.512968219e-13,3.438851068e-14
96.6171875,2.847827087e-13,5.096171385e-13,8.336550885e-13,4.903077527e-13,2.017314254e-13,5.254097056e-13,9.343903813e-14,5.361007542e-14,5.06916169e-14,1.335816734e-13,4.838917777e-13,2.061439935e-13,1.544473005e-13,3.667832513e-13,7.048865632e-13,5.432122861e-13,4.658960629e-13,2.972143092e-13,6.571982441e-13,5.347856012e-13,2.103645245e-13,1.121753027e-13,3.335255896e-14,7.914584247e-14,7.172085119e-14,4.641289489e-14,2.839564622e-13,1.991026852e-13,6.455488803e-13,3.448698403e-14,4.499269772e-13,3.451386242e-14
96.625,2.841830875e-13,5.058047845e-13,8.286009398e-13,4.848839048e-13,2.019266702e-13,5.265539377e-13,9.438693103e-14,5.422605765e-14,5.062809008e-14,1.332787614e-13,4.820317885e-13,2.051317641e-13,1.545419814e-13,3.647527253e-13,7.069151335e-13,5.464906082e-13,4.678141188e-13,2.999065041e-13,6.492966848e-13,5.258525038e-13,2.101687989e-13,1.114741064e-13,3.310167798e-14,7.951924534e-14,7.25570498e-14,4.631604403e-14,2.820152723e-13,1.968571602e-13,6.472938698e-13,3.444249217e-14,4.484621911e-13,3.46392988e-14
96.6328125,2.835484953e-13,5.019119202e-13,8.237349628e-13,4.794132675e-13,2.022168032e-13,5.278228419e-13,9.537841353e-14,5.485958282e-14,5.055560945e-14,1.32965103e-13,4.802252278e-13,2.041242559e-13,1.54678171e-13,3.628788547e-13,7.091925333e-13,5.499738844e-13,4.699434017e-13,3.025782982e-13,6.41441459e-13,5.170761636e-13,2.099751901e-13,1.107720946e-13,3.284767866e-14,7.990870109e-14,7.343658191e-14,4.627517258e-14,2.802401041e-13,1.945355102e-13,6.491813372e-13,3.441518398e-14,4.468973761e-13,3.476018753e-14
96.640625,2.829977473e-13,4.980613632e-13,8.191190189e-13,4.74166204e-13,2.02565043e-13,5.290826573e-13,9.636032986e-14,5.550210657e-14,5.047804772e-14,1.326340777e-13,4.785493914e-13,2.031660641e-13,1.548884605e-13,3.612151784e-13,7.116374561e-13,5.536180929e-13,4.722506346e-13,3.051914658e-13,6.33695055e-13,5.084255412e-13,2.098468766e-13,1.100565003e-13,3.258556129e-14,8.028019231e-14,7.434960875e-14,4.629300484e-14,2.786048863e-13,1.922284558e-13,6.512745967e-13,3.441826423e-14,4.45350953e-13,3.488151705e-14
96.6484375,2.824423448e-13,4.944080357e-13,8.145651285e-13,4.691524511e-13,2.028580096e-13,5.301453137e-13,9.734844508e-14,5.613294751e-14,5.041278243e-14,1.323006303e-13,4.769461121e-13,2.022484872e-13,1.551485674e-13,3.597195667e-13,7.140615569e-13,5.574002822e-13,4.746879807e-13,3.078491595e-13,6.259081242e-13,4.996905122e-13,2.098326803e-13,1.093215787e-13,3.23460569e-14,8.062532997e-14,7.530163016e-14,4.637295891e-14,2.772004217e-13,1.899397754e-13,6.536362627e-13,3.4433908e-14,4.438764966e-13,3.502915892e-14
96.65625,2.818081607e-13,4.907788319e-13,8.099999892e-13,4.638924097e-13,2.030602251e-13,5.311484349e-13,9.839463352e-14,5.675763047e-14,5.033082849e-14,1.319651838e-13,4.753624107e-13,2.012810063e-13,1.553467125e-13,3.583095806e-13,7.165619586e-13,5.614015963e-13,4.77366184e-13,3.106700625e-13,6.179756506e-13,4.90887051e-13,2.097919627e-13,1.085618288e-13,3.213775577e-14,8.092113062e-14,7.629799703e-14,4.651869064e-14,2.761306267e-13,1.87619026e-13,6.560171284e-13,3.44841219e-14,4.423284247e-13,3.521154961e-14
96.6640625,2.810876997e-13,4.86926845e-13,8.055315717e-13,4.582263216e-13,2.032160324e-13,5.321604541e-13,9.947798795e-14,5.740288072e-14,5.022528924e-14,1.316178787e-13,4.737884588e-13,2.002173053e-13,1.554241897e-13,3.569500839e-13,7.192289005e-13,5.655097194e-13,4.802108468e-13,3.134888131e-13,6.099468874e-13,4.820859327e-13,2.096161035e-13,1.07768772e-13,3.195083581e-14,8.119469957e-14,7.731391431e-14,4.669457831e-14,2.753483668e-13,1.852696289e-13,6.582266127e-13,3.458897739e-14,4.406441334e-13,3.540769411e-14
96.671875,2.802863331e-13,4.828226807e-13,8.011475836e-13,4.525694961e-13,2.033383954e-13,5.331100846e-13,1.005562845e-13,5.805781221e-14,5.013175617e-14,1.312617575e-13,4.721643661e-13,1.990961696e-13,1.554474613e-13,3.555790248e-13,7.219315707e-13,5.695995044e-13,4.8301708e-13,3.161304334e-13,6.018930576e-13,4.732382652e-13,2.093910626e-13,1.069608137e-13,3.178989616e-14,8.152383442e-14,7.834484809e-14,4.688932611e-14,2.747095822e-13,1.828740332e-13,6.604929653e-13,3.471158952e-14,4.388275771e-13,3.562365337e-14
96.6796875,2.794791565e-13,4.785789791e-13,7.96702189e-13,4.470067829e-13,2.034417851e-13,5.339750755e-13,1.016469168e-13,5.871252047e-14,5.004565319e-14,1.309241866e-13,4.703850659e-13,1.979526389e-13,1.554689723e-13,3.542240144e-13,7.246268632e-13,5.737498891e-13,4.857705542e-13,3.186795605e-13,5.938269702e-13,4.643239924e-13,2.091615317e-13,1.061479467e-13,3.164890825e-14,8.185891519e-14,7.942176628e-14,4.713771517e-14,2.741923591e-13,1.803987005e-13,6.62974855e-13,3.480357504e-14,4.368646441e-13,3.587406376e-14
96.6875,2.786335706e-13,4.743668867e-13,7.923135411e-13,4.413096804e-13,2.035294445e-13,5.347543977e-13,1.027900998e-13,5.939574863e-14,4.994248825e-14,1.306026474e-13,4.685174185e-13,1.968130324e-13,1.554639056e-13,3.530531303e-13,7.27469496e-13,5.780912854e-13,4.886935936e-13,3.212683285e-13,5.856683254e-13,4.554468004e-13,2.08919754e-13,1.052976454e-13,3.151355348e-14,8.212162763e-14,8.054578737e-14,4.744924235e-14,2.739131677e-13,1.778985018e-13,6.655309071e-13,3.486460066e-14,4.348380648e-13,3.612646631e-14
96.6953125,2.776411172e-13,4.702178452e-13,7.881495727e-13,4.356326073e-13,2.035089112e-13,5.355051208e-13,1.039827603e-13,6.011663476e-14,4.984041345e-14,1.302706924e-13,4.667082225e-13,1.956881658e-13,1.553942444e-13,3.520154884e-13,7.305200789e-13,5.826860882e-13,4.919330972e-13,3.239230349e-13,5.773540476e-13,4.467274416e-13,2.087181381e-13,1.043923606e-13,3.138595401e-14,8.239362092e-14,8.16816314e-14,4.780856066e-14,2.738867698e-13,1.754404085e-13,6.680626906e-13,3.494792282e-14,4.327733629e-13,3.636855261e-14
96.703125,2.766113846e-13,4.660050644e-13,7.839589838e-13,4.301425063e-13,2.033557702e-13,5.362283559e-13,1.051808801e-13,6.087259091e-14,4.976695948e-14,1.299664391e-13,4.649080545e-13,1.945478603e-13,1.552378206e-13,3.50909389e-13,7.336192752e-13,5.874392376e-13,4.952977691e-13,3.266208061e-13,5.689996094e-13,4.381459635e-13,2.085536134e-13,1.034632061e-13,3.126682037e-14,8.273203005e-14,8.282155828e-14,4.821019182e-14,2.739941553e-13,1.730191906e-13,6.705745917e-13,3.508824514e-14,4.305983074e-13,3.665471863e-14
96.7109375,2.756535885e-13,4.617319137e-13,7.795840907e-13,4.24643174e-13,2.03202845e-13,5.368082697e-13,1.06363777e-13,6.165261771e-14,4.970771454e-14,1.297134389e-13,4.63117158e-13,1.933697155e-13,1.55007068e-13,3.49818978e-13,7.366555105e-13,5.921832601e-13,4.986056185e-13,3.293173171e-13,5.607574367e-13,4.29545421e-13,2.084003538e-13,1.025331652e-13,3.115531197e-14,8.302667776e-14,8.399618294e-14,4.865102198e-14,2.742082959e-13,1.706267316e-13,6.730485528e-13,3.525060166e-14,4.28326024e-13,3.700629694e-14
96.71875,2.746378582e-13,4.574513558e-13,7.75293457e-13,4.190507835e-13,2.030815656e-13,5.373045825e-13,1.075491346e-13,6.237497991e-14,4.961144611e-14,1.294325775e-13,4.614940743e-13,1.92135888e-13,1.547392066e-13,3.488408184e-13,7.396863399e-13,5.969082171e-13,5.019186657e-13,3.319389666e-13,5.526099472e-13,4.20820579e-13,2.082940492e-13,1.015827436e-13,3.105844231e-14,8.317844281e-14,8.521251308e-14,4.912381751e-14,2.745866853e-13,1.6826059e-13,6.754564623e-13,3.540320734e-14,4.258799216e-13,3.736994223e-14
96.7265625,2.735050765e-13,4.530693944e-13,7.711266669e-13,4.13449247e-13,2.028893725e-13,5.378021295e-13,1.087265107e-13,6.299259035e-14,4.945954704e-14,1.291049412e-13,4.599225419e-13,1.908364025e-13,1.544336078e-13,3.478354041e-13,7.427185224e-13,6.016504967e-13,5.052269672e-13,3.344685176e-13,5.44451756e-13,4.120128888e-13,2.082054286e-13,1.005967998e-13,3.097258091e-14,8.324050293e-14,8.643155528e-14,4.961379172e-14,2.751190531e-13,1.658714439e-13,6.778291307e-13,3.555908411e-14,4.231465579e-13,3.770992806e-14
96.734375,2.723403653e-13,4.484959424e-13,7.668857507e-13,4.07819078e-13,2.026143079e-13,5.38152279e-13,1.098760059e-13,6.359097456e-14,4.93073654e-14,1.288143765e-13,4.581491322e-13,1.895257621e-13,1.540694687e-13,3.468547674e-13,7.457446563e-13,6.064303399e-13,5.085584324e-13,3.370519183e-13,5.36229864e-13,4.032292423e-13,2.08067892e-13,9.95931902e-14,3.089173581e-14,8.33430935e-14,8.763636265e-14,5.012056944e-14,2.758177486e-13,1.634041385e-13,6.802793194e-13,3.571660112e-14,4.203326788e-13,3.804830784e-14
96.7421875,2.71156759e-13,4.436828707e-13,7.62588756e-13,4.022514126e-13,2.023052411e-13,5.383996013e-13,1.110446021e-13,6.422820754e-14,4.919030514e-14,1.285555617e-13,4.562250032e-13,1.882131731e-13,1.536653535e-13,3.460230765e-13,7.488701174e-13,6.113948727e-13,5.120885682e-13,3.397607965e-13,5.279708523e-13,3.94601631e-13,2.078851296e-13,9.857845424e-14,3.081688937e-14,8.350774942e-14,8.886251812e-14,5.0670879e-14,2.767800322e-13,1.608438366e-13,6.827532541e-13,3.586185445e-14,4.175796083e-13,3.840973174e-14
96.75,2.699941958e-13,4.386871234e-13,7.582047495e-13,3.96928051e-13,2.020122644e-13,5.387168431e-13,1.122539026e-13,6.487968675e-14,4.90696906e-14,1.282680363e-13,4.542487257e-13,1.868227174e-13,1.532529148e-13,3.451651051e-13,7.52063379e-13,6.165574851e-13,5.156639795e-13,3.423724496e-13,5.197822698e-13,3.862502065e-13,2.076606568e-13,9.753874215e-14,3.074333606e-14,8.364935093e-14,9.012372049e-14,5.125695e-14,2.78023512e-13,1.582100958e-13,6.85016824e-13,3.601074544e-14,4.146749169e-13,3.87886796e-14
96.7578125,2.689422534e-13,4.338358989e-13,7.537438679e-13,3.917797931e-13,2.018125923e-13,5.388605598e-13,1.134201071e-13,6.555562883e-14,4.893544041e-14,1.280193264e-13,4.522457751e-13,1.854124984e-13,1.528483563e-13,3.442634049e-13,7.552423047e-13,6.217362947e-13,5.190487562e-13,3.448088956e-13,5.117733456e-13,3.781084463e-13,2.074460496e-13,9.648735333e-14,3.067972213e-14,8.379060937e-14,9.13899908e-14,5.18471843e-14,2.794571283e-13,1.555984496e-13,6.871896263e-13,3.618675383e-14,4.116839752e-13,3.917173392e-14
96.765625,2.679365186e-13,4.292640358e-13,7.495220145e-13,3.866462066e-13,2.016478401e-13,5.386585481e-13,1.145174083e-13,6.624580463e-14,4.88191769e-14,1.279218088e-13,4.503997001e-13,1.840946373e-13,1.524373453e-13,3.435387304e-13,7.585974682e-13,6.2700292e-13,5.224957503e-13,3.473417101e-13,5.039141569e-13,3.698988759e-13,2.073613443e-13,9.543685217e-14,3.064746327e-14,8.398959043e-14,9.266155187e-14,5.247714244e-14,2.810402791e-13,1.531210652e-13,6.895695236e-13,3.639428131e-14,4.088615476e-13,3.95654698e-14
96.7734375,2.668579974e-13,4.245796665e-13,7.454766583e-13,3.814884325e-13,2.013696433e-13,5.383872221e-13,1.156276985e-13,6.688469941e-14,4.869427649e-14,1.279468433e-13,4.48744679e-13,1.82752472e-13,1.51954505e-13,3.428863981e-13,7.62187833e-13,6.325055929e-13,5.261959188e-13,3.500231883e-13,4.960759946e-13,3.614842791e-13,2.073592752e-13,9.435315766e-14,3.06447519e-14,8.414742724e-14,9.397205251e-14,5.319535711e-14,2.828274346e-13,1.506849123e-13,6.919676293e-13,3.662097079e-14,4.059341232e-13,3.998703801e-14
96.78125,2.656996259e-13,4.195988357e-13,7.412311457e-13,3.762879051e-13,2.010587727e-13,5.380923234e-13,1.167483724e-13,6.748255905e-14,4.852434473e-14,1.279762207e-13,4.470654532e-13,1.812803347e-13,1.514079102e-13,3.42167768e-13,7.657645794e-13,6.380676427e-13,5.298856198e-13,3.526452034e-13,4.882657083e-13,3.530697813e-13,2.072900942e-13,9.322605178e-14,3.066111019e-14,8.422929758e-14,9.532654693e-14,5.397280182e-14,2.848689023e-13,1.48118048e-13,6.942075927e-13,3.68525587e-14,4.026577792e-13,4.043219427e-14
96.7890625,2.644838709e-13,4.146761072e-13,7.370626167e-13,3.712085209e-13,2.008826901e-13,5.376715454e-13,1.178225815e-13,6.809743872e-14,4.835402365e-14,1.27978952e-13,4.45377996e-13,1.798431891e-13,1.509598996e-13,3.416124291e-13,7.69426639e-13,6.436420872e-13,5.334701533e-13,3.552545281e-13,4.806525862e-13,3.448608055e-13,2.072043963e-13,9.210595515e-14,3.069579082e-14,8.436311952e-14,9.671249038e-14,5.47674484e-14,2.871479845e-13,1.455522326e-13,6.965927968e-13,3.708975386e-14,3.994296969e-13,4.088283351e-14
96.796875,2.6327718e-13,4.099370893e-13,7.333713317e-13,3.665201728e-13,2.00786681e-13,5.37402971e-13,1.18910948e-13,6.872934413e-14,4.823027813e-14,1.280177326e-13,4.438139029e-13,1.785394182e-13,1.506789543e-13,3.413312989e-13,7.73504879e-13,6.495597786e-13,5.372096157e-13,3.580275262e-13,4.732822954e-13,3.368285642e-13,2.072033756e-13,9.101841558e-14,3.073999725e-14,8.454453722e-14,9.814335425e-14,5.55776566e-14,2.896611255e-13,1.431838748e-13,6.991992114e-13,3.734017787e-14,3.964757816e-13,4.133989626e-14
96.8046875,2.621567555e-13,4.050938423e-13,7.298537815e-13,3.6200592e-13,2.006844788e-13,5.372973314e-13,1.200674403e-13,6.93696435e-14,4.812759875e-14,1.281365893e-13,4.422772662e-13,1.772398684e-13,1.503979894e-13,3.411697823e-13,7.778376317e-13,6.559094282e-13,5.412117528e-13,3.609249561e-13,4.659989931e-13,3.289500453e-13,2.072197241e-13,8.993625241e-14,3.079306541e-14,8.468054647e-14,9.963401841e-14,5.641444185e-14,2.924721404e-13,1.408395618e-13,7.018183128e-13,3.761592372e-14,3.935211608e-13,4.180745459e-14
96.8125,2.610392712e-13,4.000732642e-13,7.262492891e-13,3.572306003e-13,2.006098127e-13,5.368753006e-13,1.212170123e-13,7.003031762e-14,4.801001899e-14,1.283675676e-13,4.407260252e-13,1.758883664e-13,1.499947574e-13,3.410385896e-13,7.820816831e-13,6.623697154e-13,5.452707369e-13,3.637998329e-13,4.587361624e-13,3.212444168e-13,2.072167277e-13,8.883606277e-14,3.087241823e-14,8.481921091e-14,1.011576843e-13,5.729774936e-14,2.955596988e-13,1.383465125e-13,7.044677738e-13,3.793474704e-14,3.904910357e-13,4.227598485e-14
96.8203125,2.59951708e-13,3.951493204e-13,7.227706126e-13,3.523717834e-13,2.005977053e-13,5.361784698e-13,1.223125003e-13,7.071813607e-14,4.789323443e-14,1.287365558e-13,4.393050448e-13,1.745689585e-13,1.495751124e-13,3.409474134e-13,7.863610919e-13,6.688782412e-13,5.492940395e-13,3.666379623e-13,4.516525081e-13,3.136098899e-13,2.072760073e-13,8.773995889e-14,3.098052171e-14,8.499828875e-14,1.026880241e-13,5.824613395e-14,2.988070437e-13,1.359020712e-13,7.07154854e-13,3.829146388e-14,3.875595612e-13,4.27621207e-14
96.828125,2.591884675e-13,3.905740046e-13,7.196095377e-13,3.478178592e-13,2.007249294e-13,5.357234037e-13,1.233914776e-13,7.144818701e-14,4.782601026e-14,1.291723408e-13,4.381162127e-13,1.733749355e-13,1.492978619e-13,3.410957664e-13,7.910568301e-13,6.758477397e-13,5.535979987e-13,3.696482986e-13,4.448940771e-13,3.060494602e-13,2.074437203e-13,8.670718817e-14,3.110984719e-14,8.516762098e-14,1.042680147e-13,5.926620647e-14,3.022655638e-13,1.336654939e-13,7.099787956e-13,3.866614649e-14,3.848572456e-13,4.329319877e-14
96.8359375,2.586114326e-13,3.862137681e-13,7.167847052e-13,3.434467685e-13,2.009796914e-13,5.354324502e-13,1.244704062e-13,7.221153202e-14,4.781670611e-14,1.295975958e-13,4.371152148e-13,1.723298109e-13,1.491534021e-13,3.416588992e-13,7.962325557e-13,6.834129192e-13,5.583447023e-13,3.72907443e-13,4.383216126e-13,2.987073835e-13,2.07709406e-13,8.572052711e-14,3.12686785e-14,8.534222388e-14,1.059412968e-13,6.035755638e-14,3.060696413e-13,1.314868222e-13,7.132066563e-13,3.905132424e-14,3.824203521e-13,4.383981675e-14
96.84375,2.576110007e-13,3.815571276e-13,7.140478798e-13,3.390142497e-13,2.010809562e-13,5.347987174e-13,1.255559201e-13,7.297102107e-14,4.779627418e-14,1.300796355e-13,4.36073545e-13,1.712693293e-13,1.489287845e-13,3.422683873e-13,8.014877941e-13,6.910793684e-13,5.631260317e-13,3.760925258e-13,4.31630254e-13,2.914709126e-13,2.079883857e-13,8.464848758e-14,3.146549998e-14,8.553551874e-14,1.076581498e-13,6.148511243e-14,3.101109709e-13,1.291686535e-13,7.164512054e-13,3.943550758e-14,3.799396021e-13,4.436634882e-14
96.8515625,2.562660712e-13,3.764199733e-13,7.111365571e-13,3.345224881e-13,2.009682659e-13,5.338665794e-13,1.266719008e-13,7.37328839e-14,4.772000979e-14,1.306850131e-13,4.348595007e-13,1.700364345e-13,1.484891553e-13,3.426027976e-13,8.065448281e-13,6.986007206e-13,5.677750964e-13,3.791376078e-13,4.248435287e-13,2.84174985e-13,2.081537746e-13,8.347134388e-14,3.169220057e-14,8.569895629e-14,1.093781228e-13,6.2622243e-14,3.142392387e-13,1.267068462e-13,7.19180947e-13,3.982549342e-14,3.771222523e-13,4.490432162e-14
96.859375,2.552438677e-13,3.712400411e-13,7.083884985e-13,3.300713783e-13,2.01018857e-13,5.331111962e-13,1.278131882e-13,7.450799089e-14,4.764424644e-14,1.313495434e-13,4.337213826e-13,1.68793092e-13,1.480181162e-13,3.430403157e-13,8.116951989e-13,7.063579427e-13,5.726686783e-13,3.824688323e-13,4.18342895e-13,2.770280849e-13,2.082718516e-13,8.234267057e-14,3.193675959e-14,8.58537633e-14,1.111501399e-13,6.382689719e-14,3.185385174e-13,1.242884657e-13,7.218770532e-13,4.026279224e-14,3.743055322e-13,4.547894508e-14
96.8671875,2.544517703e-13,3.662379011e-13,7.060956323e-13,3.257978472e-13,2.012765229e-13,5.325068185e-13,1.289577496e-13,7.525498306e-14,4.760759639e-14,1.320279569e-13,4.328036341e-13,1.677005679e-13,1.476787001e-13,3.437441898e-13,8.171142276e-13,7.144249497e-13,5.777285583e-13,3.860958026e-13,4.121884039e-13,2.701557689e-13,2.085423176e-13,8.129133082e-14,3.219714125e-14,8.604078106e-14,1.129763814e-13,6.514093312e-14,3.230641802e-13,1.219986725e-13,7.249501336e-13,4.075018481e-14,3.717448259e-13,4.606472766e-14
96.875,2.532981682e-13,3.611434188e-13,7.038047928e-13,3.216005971e-13,2.013560158e-13,5.315239361e-13,1.300874597e-13,7.596936523e-14,4.756742352e-14,1.327706829e-13,4.319019998e-13,1.666147599e-13,1.473302743e-13,3.443049483e-13,8.224289148e-13,7.2241537e-13,5.824656584e-13,3.896117794e-13,4.060104568e-13,2.633135022e-13,2.089539541e-13,8.019157506e-14,3.247155441e-14,8.622471797e-14,1.147835414e-13,6.649773798e-14,3.277493037e-13,1.196636074e-13,7.279871454e-13,4.124979664e-14,3.691449526e-13,4.664860912e-14
96.8828125,2.518681034e-13,3.558334367e-13,7.012907573e-13,3.172108527e-13,2.012925661e-13,5.300852183e-13,1.311798182e-13,7.670234161e-14,4.751728719e-14,1.33609058e-13,4.309753136e-13,1.654634769e-13,1.469071877e-13,3.447763836e-13,8.275305222e-13,7.303761981e-13,5.870432548e-13,3.930600015e-13,3.997206966e-13,2.564867306e-13,2.093484241e-13,7.904236155e-14,3.27524911e-14,8.641004043e-14,1.16567138e-13,6.784854142e-14,3.326607938e-13,1.172133085e-13,7.309718234e-13,4.175743952e-14,3.665058224e-13,4.722663449e-14
96.890625,2.505533476e-13,3.504158187e-13,6.98885832e-13,3.129033607e-13,2.013969753e-13,5.286759679e-13,1.322387305e-13,7.746020423e-14,4.749755088e-14,1.344877422e-13,4.300824248e-13,1.643714059e-13,1.46563744e-13,3.455605278e-13,8.328213751e-13,7.386587306e-13,5.91932324e-13,3.966522047e-13,3.935896459e-13,2.499313199e-13,2.09688872e-13,7.792500314e-14,3.305431431e-14,8.66298245e-14,1.183724104e-13,6.923052971e-14,3.378883241e-13,1.147870622e-13,7.341339596e-13,4.22815727e-14,3.640571033e-13,4.779689521e-14
96.8984375,2.493293917e-13,3.45089722e-13,6.966215475e-13,3.090805842e-13,2.015486865e-13,5.274571746e-13,1.332859728e-13,7.821436456e-14,4.749557197e-14,1.353446946e-13,4.291269667e-13,1.633465417e-13,1.463000156e-13,3.465311025e-13,8.38481122e-13,7.472537166e-13,5.969964102e-13,4.002527767e-13,3.877033187e-13,2.435921696e-13,2.100240649e-13,7.682147773e-14,3.340340229e-14,8.681849846e-14,1.201970106e-13,7.068467515e-14,3.43369091e-13,1.124037277e-13,7.371687525e-13,4.281659964e-14,3.61636207e-13,4.840058963e-14
96.90625,2.480901316e-13,3.400771513e-13,6.944856362e-13,3.053412904e-13,2.015768017e-13,5.26159782e-13,1.343181341e-13,7.895778346e-14,4.747673298e-14,1.362262081e-13,4.282698172e-13,1.623561217e-13,1.460032528e-13,3.474666509e-13,8.443586996e-13,7.56038037e-13,6.019700318e-13,4.038441663e-13,3.819749609e-13,2.372836521e-13,2.104159515e-13,7.570726166e-14,3.37861773e-14,8.693711068e-14,1.220412472e-13,7.223481536e-14,3.490853925e-13,1.100303876e-13,7.401556538e-13,4.337321131e-14,3.592165537e-13,4.904452103e-14
96.9140625,2.468600009e-13,3.35190825e-13,6.9280092e-13,3.012895071e-13,2.016976356e-13,5.247088068e-13,1.353403788e-13,7.969083771e-14,4.745053794e-14,1.372126205e-13,4.2777574e-13,1.614705942e-13,1.457268246e-13,3.485603998e-13,8.503630552e-13,7.650445e-13,6.07058248e-13,4.076742894e-13,3.763994413e-13,2.311060214e-13,2.109307883e-13,7.460746638e-14,3.417040459e-14,8.706653563e-14,1.239397216e-13,7.38711486e-14,3.550995491e-13,1.077317545e-13,7.435732372e-13,4.396222441e-14,3.570400934e-13,4.965429809e-14
96.921875,2.456132744e-13,3.301261333e-13,6.915646539e-13,2.972838322e-13,2.02030747e-13,5.232020627e-13,1.363733779e-13,8.043724341e-14,4.744158608e-14,1.382871378e-13,4.274723915e-13,1.606900436e-13,1.45522186e-13,3.49920115e-13,8.565128477e-13,7.742417854e-13,6.124009008e-13,4.117715998e-13,3.709884897e-13,2.251442954e-13,2.115274452e-13,7.351794948e-14,3.454827312e-14,8.723469728e-14,1.258972526e-13,7.552011172e-14,3.613731763e-13,1.054836184e-13,7.472337205e-13,4.458326386e-14,3.550481977e-13,5.021199783e-14
96.9296875,2.443947266e-13,3.250660015e-13,6.90462127e-13,2.934979933e-13,2.024022131e-13,5.216011292e-13,1.373838563e-13,8.122112688e-14,4.745436104e-14,1.394467973e-13,4.271646656e-13,1.599466387e-13,1.45296287e-13,3.513480881e-13,8.628130719e-13,7.835249988e-13,6.177336279e-13,4.158921138e-13,3.657724262e-13,2.192650417e-13,2.120859945e-13,7.243661796e-14,3.492215926e-14,8.740399765e-14,1.278742651e-13,7.714251466e-14,3.677966165e-13,1.032500155e-13,7.507846865e-13,4.52360492e-14,3.531507088e-13,5.077112257e-14
96.9375,2.432959917e-13,3.200850113e-13,6.893935959e-13,2.896770413e-13,2.027277976e-13,5.198449261e-13,1.383155351e-13,8.198678607e-14,4.747188469e-14,1.407424054e-13,4.269551825e-13,1.592208276e-13,1.44998424e-13,3.526876902e-13,8.691441285e-13,7.9282041e-13,6.228719635e-13,4.198693412e-13,3.607916959e-13,2.134320412e-13,2.125865175e-13,7.138136933e-14,3.531726828e-14,8.759459782e-14,1.298368003e-13,7.879936497e-14,3.743170101e-13,1.011155361e-13,7.542529496e-13,4.58969459e-14,3.514301593e-13,5.134057112e-14
96.9453125,2.422318956e-13,3.150189831e-13,6.883090382e-13,2.858645312e-13,2.030524962e-13,5.179702989e-13,1.391805979e-13,8.269090573e-14,4.74924672e-14,1.421043253e-13,4.268232577e-13,1.585042442e-13,1.44676244e-13,3.539704666e-13,8.754029285e-13,8.021519373e-13,6.279037366e-13,4.238098635e-13,3.559474223e-13,2.077479468e-13,2.131037713e-13,7.034576481e-14,3.576644451e-14,8.778043227e-14,1.317980526e-13,8.054925857e-14,3.810276446e-13,9.907147064e-14,7.576025503e-13,4.654502769e-14,3.498226237e-13,5.193201765e-14
96.953125,2.410730041e-13,3.101081756e-13,6.871678556e-13,2.821945706e-13,2.033744534e-13,5.160587667e-13,1.400298738e-13,8.34013371e-14,4.754163417e-14,1.434348019e-13,4.266608464e-13,1.578143211e-13,1.443757981e-13,3.553125584e-13,8.817334625e-13,8.116820613e-13,6.3292966e-13,4.279078465e-13,3.511519551e-13,2.021728005e-13,2.136795498e-13,6.932138561e-14,3.623982642e-14,8.788083274e-14,1.338012312e-13,8.23639582e-14,3.880781095e-13,9.701570487e-14,7.609229054e-13,4.720291357e-14,3.483017013e-13,5.257854947e-14
96.9609375,2.398206813e-13,3.053197261e-13,6.861681846e-13,2.785702371e-13,2.037077173e-13,5.141341287e-13,1.408892194e-13,8.414926378e-14,4.75986654e-14,1.447755149e-13,4.265422869e-13,1.571815503e-13,1.441238486e-13,3.567850446e-13,8.882432767e-13,8.214398656e-13,6.380256812e-13,4.321240948e-13,3.464931363e-13,1.965666653e-13,2.14297244e-13,6.829182087e-14,3.670468943e-14,8.795622212e-14,1.358646754e-13,8.417043578e-14,3.953633608e-13,9.492037025e-14,7.644255092e-13,4.789395969e-14,3.469509372e-13,5.323230325e-14
96.96875,2.385447476e-13,3.001463248e-13,6.855375577e-13,2.749673211e-13,2.041395035e-13,5.121031533e-13,1.417605676e-13,8.489476452e-14,4.762657987e-14,1.461606955e-13,4.265748499e-13,1.56598089e-13,1.439324015e-13,3.584368281e-13,8.948586225e-13,8.312927381e-13,6.43275696e-13,4.36336073e-13,3.420010653e-13,1.909672571e-13,2.149405154e-13,6.723911883e-14,3.719907964e-14,8.811903725e-14,1.379731958e-13,8.595907507e-14,4.02675815e-13,9.276244725e-14,7.680088118e-13,4.862214558e-14,3.457487276e-13,5.384793836e-14
96.9765625,2.373634245e-13,2.949110949e-13,6.852717279e-13,2.714246599e-13,2.047312709e-13,5.099569631e-13,1.426158154e-13,8.568767697e-14,4.76875972e-14,1.476041535e-13,4.268178536e-13,1.561103644e-13,1.437920555e-13,3.603471658e-13,9.017273345e-13,8.414044409e-13,6.487159584e-13,4.406550746e-13,3.376093512e-13,1.855702741e-13,2.156193212e-13,6.621549773e-14,3.77323428e-14,8.834328062e-14,1.401030896e-13,8.781154292e-14,4.102017973e-13,9.057032749e-14,7.717221759e-13,4.938695946e-14,3.447628035e-13,5.447527487e-14
96.984375,2.363421914e-13,2.902776129e-13,6.851754574e-13,2.679980814e-13,2.054495255e-13,5.078212017e-13,1.434251524e-13,8.657422014e-14,4.783736778e-14,1.492003125e-13,4.272212937e-13,1.557706352e-13,1.436912973e-13,3.624445033e-13,9.090180775e-13,8.520462485e-13,6.543448117e-13,4.451840445e-13,3.333876018e-13,1.804437583e-13,2.163168586e-13,6.526305548e-14,3.826986148e-14,8.857538416e-14,1.422462179e-13,8.975117157e-14,4.181969911e-13,8.851048061e-14,7.757358562e-13,5.016363447e-14,3.440675493e-13,5.512522174e-14
96.9921875,2.353684185e-13,2.85918263e-13,6.851221782e-13,2.648240414e-13,2.06240064e-13,5.056518374e-13,1.442129024e-13,8.746008065e-14,4.800889463e-14,1.509198605e-13,4.276301225e-13,1.554946499e-13,1.436258339e-13,3.645139281e-13,9.164191659e-13,8.63020808e-13,6.600685389e-13,4.497652648e-13,3.29421572e-13,1.754792205e-13,2.169969607e-13,6.432490352e-14,3.883165692e-14,8.881571085e-14,1.444231643e-13,9.16966681e-14,4.26434711e-13,8.665399312e-14,7.796647416e-13,5.093419703e-14,3.434986206e-13,5.575418015e-14
97,2.343666877e-13,2.814213666e-13,6.852387305e-13,2.617940251e-13,2.070926772e-13,5.033466874e-13,1.449936365e-13,8.829551034e-14,4.81672841e-14,1.526032787e-13,4.281595149e-13,1.552285056e-13,1.435861971e-13,3.665321072e-13,9.23662598e-13,8.740921543e-13,6.658368923e-13,4.543432655e-13,3.256326062e-13,1.706306068e-13,2.176801847e-13,6.337935349e-14,3.943297046e-14,8.905032825e-14,1.466406256e-13,9.365491412e-14,4.347066202e-13,8.487395941e-14,7.833347284e-13,5.172825624e-14,3.430075495e-13,5.637900685e-14
97.0078125,2.334324863e-13,2.770306223e-13,6.856734257e-13,2.586290588e-13,2.079781069e-13,5.010223243e-13,1.457288125e-13,8.915240223e-14,4.836972722e-14,1.542757231e-13,4.2907654e-13,1.550658682e-13,1.435599896e-13,3.686801897e-13,9.310601684e-13,8.855230106e-13,6.718619807e-13,4.591842555e-13,3.219450061e-13,1.659250478e-13,2.183792377e-13,6.247420161e-14,4.003781615e-14,8.928745037e-14,1.488823256e-13,9.573249745e-14,4.432642737e-13,8.3085762e-14,7.873289145e-13,5.257444049e-14,3.427813966e-13,5.701499759e-14
97.015625,2.325822727e-13,2.728261463e-13,6.864860457e-13,2.553694941e-13,2.088914873e-13,4.987105038e-13,1.464294071e-13,9.00563911e-14,4.862778407e-14,1.560737249e-13,4.302682439e-13,1.550574827e-13,1.435550984e-13,3.710826261e-13,9.388603464e-13,8.974270848e-13,6.781832337e-13,4.643947387e-13,3.183769367e-13,1.612927478e-13,2.190660682e-13,6.160052498e-14,4.065312903e-14,8.956960525e-14,1.511579704e-13,9.792690663e-14,4.521902905e-13,8.135658238e-14,7.917716105e-13,5.347493406e-14,3.429048579e-13,5.763863345e-14
97.0234375,2.317546699e-13,2.686835685e-13,6.877553411e-13,2.522071404e-13,2.099560721e-13,4.962760402e-13,1.471342206e-13,9.09821399e-14,4.890999344e-14,1.579904816e-13,4.315269882e-13,1.551545829e-13,1.43592843e-13,3.737229924e-13,9.467735219e-13,9.093698665e-13,6.844342644e-13,4.696750852e-13,3.149594078e-13,1.567341667e-13,2.19808698e-13,6.073747493e-14,4.130404104e-14,8.98977841e-14,1.5345496e-13,1.001404225e-13,4.611503888e-13,7.975594053e-14,7.960859021e-13,5.441698246e-14,3.432776695e-13,5.826644133e-14
97.03125,2.309771289e-13,2.646261554e-13,6.893481871e-13,2.491949324e-13,2.112292497e-13,4.937937131e-13,1.478134857e-13,9.192052396e-14,4.919565804e-14,1.599535078e-13,4.329153079e-13,1.553161773e-13,1.436945643e-13,3.764817384e-13,9.546475093e-13,9.212325423e-13,6.905821521e-13,4.748860751e-13,3.117284107e-13,1.524395933e-13,2.206859359e-13,5.990892796e-14,4.196803282e-14,9.023949485e-14,1.557341664e-13,1.023461715e-13,4.701349059e-13,7.823134473e-14,8.001849686e-13,5.535486751e-14,3.437311532e-13,5.890635651e-14
97.0390625,2.301448932e-13,2.605451809e-13,6.910462948e-13,2.463431353e-13,2.125762634e-13,4.913662602e-13,1.484716109e-13,9.285799938e-14,4.946008838e-14,1.619146966e-13,4.343846515e-13,1.555435521e-13,1.438848827e-13,3.793119733e-13,9.628185658e-13,9.335047269e-13,6.969796921e-13,4.802687529e-13,3.086551186e-13,1.484130065e-13,2.216070057e-13,5.909569469e-14,4.26470837e-14,9.057718441e-14,1.580437662e-13,1.046042373e-13,4.79581539e-13,7.666867053e-14,8.044770256e-13,5.625931894e-14,3.442929015e-13,5.952994716e-14
97.046875,2.290902733e-13,2.563863985e-13,6.929883005e-13,2.435341055e-13,2.139507775e-13,4.888479056e-13,1.491701241e-13,9.381527619e-14,4.972657774e-14,1.638578256e-13,4.357797116e-13,1.558776494e-13,1.441258317e-13,3.823428403e-13,9.713199625e-13,9.462698702e-13,7.035759107e-13,4.858719474e-13,3.056304395e-13,1.444430166e-13,2.225035662e-13,5.826417444e-14,4.337540871e-14,9.093693577e-14,1.604272945e-13,1.069625954e-13,4.895325995e-13,7.505668997e-14,8.089567122e-13,5.717351718e-14,3.451736153e-13,6.015085273e-14
97.0546875,2.280253509e-13,2.524049779e-13,6.952856188e-13,2.406467725e-13,2.154448008e-13,4.861946631e-13,1.498785245e-13,9.482063334e-14,5.004722521e-14,1.658555232e-13,4.372306516e-13,1.563253565e-13,1.443390187e-13,3.85606021e-13,9.797352098e-13,9.590595358e-13,7.101337195e-13,4.915149638e-13,3.02670131e-13,1.405829525e-13,2.2345526e-13,5.744582006e-14,4.414314628e-14,9.135685248e-14,1.628107742e-13,1.093723309e-13,4.99541761e-13,7.351226381e-14,8.13348316e-13,5.812790464e-14,3.46285124e-13,6.077445013e-14
97.0625,2.27204627e-13,2.487738685e-13,6.978095461e-13,2.378514323e-13,2.170046163e-13,4.835542364e-13,1.505441372e-13,9.581934674e-14,5.039376631e-14,1.67958466e-13,4.3894578e-13,1.568303403e-13,1.445780151e-13,3.889545172e-13,9.881514656e-13,9.718940285e-13,7.167437642e-13,4.972347894e-13,2.999010225e-13,1.369744356e-13,2.244585791e-13,5.666808118e-14,4.491537696e-14,9.180500735e-14,1.651782468e-13,1.117716532e-13,5.095443584e-13,7.209995681e-14,8.17845916e-13,5.909094443e-14,3.474468116e-13,6.136113141e-14
97.0703125,2.264740744e-13,2.454584677e-13,7.006768211e-13,2.352343198e-13,2.185296401e-13,4.809365992e-13,1.511895984e-13,9.677061775e-14,5.072033625e-14,1.700933362e-13,4.409650174e-13,1.574042064e-13,1.449201024e-13,3.923680015e-13,9.969573309e-13,9.851220023e-13,7.234711627e-13,5.030903708e-13,2.973191916e-13,1.334202281e-13,2.254344312e-13,5.592005009e-14,4.567462852e-14,9.224686452e-14,1.675813883e-13,1.142266703e-13,5.198573189e-13,7.075900232e-14,8.227715838e-13,6.006433969e-14,3.488513363e-13,6.19266486e-14
97.078125,2.257136876e-13,2.42350572e-13,7.039329673e-13,2.32584593e-13,2.200875033e-13,4.782389433e-13,1.517898722e-13,9.772379496e-14,5.104994896e-14,1.721908194e-13,4.432505804e-13,1.580928064e-13,1.452431142e-13,3.958956051e-13,1.005851131e-12,9.984735929e-13,7.30215709e-13,5.08969631e-13,2.948406388e-13,1.298173972e-13,2.264159965e-13,5.519956514e-14,4.642177532e-14,9.271250295e-14,1.699604907e-13,1.167879335e-13,5.303669444e-13,6.94550167e-14,8.277425294e-13,6.1087479e-14,3.505584507e-13,6.251351621e-14
97.0859375,2.249506819e-13,2.393003824e-13,7.072120884e-13,2.298791859e-13,2.217103024e-13,4.754056714e-13,1.523069277e-13,9.870416489e-14,5.140201372e-14,1.742346408e-13,4.45626229e-13,1.588375217e-13,1.454609951e-13,3.994233481e-13,1.014418683e-12,1.011568072e-12,7.368822251e-13,5.148576108e-13,2.924515644e-13,1.264341155e-13,2.274218555e-13,5.45020295e-14,4.716896996e-14,9.317340352e-14,1.72270502e-13,1.193553797e-13,5.407750721e-13,6.821837032e-14,8.322930149e-13,6.213390486e-14,3.523344125e-13,6.310436012e-14
97.09375,2.240320103e-13,2.363142869e-13,7.103798862e-13,2.272641921e-13,2.233027319e-13,4.72450457e-13,1.527994501e-13,9.969106997e-14,5.177298658e-14,1.762539904e-13,4.478794499e-13,1.595892424e-13,1.456895665e-13,4.028595237e-13,1.022828202e-12,1.024568783e-12,7.433071786e-13,5.207420382e-13,2.901219477e-13,1.233560082e-13,2.283649038e-13,5.38172851e-14,4.790872517e-14,9.359228647e-14,1.745700292e-13,1.2186644e-13,5.512809958e-13,6.701555611e-14,8.367709191e-13,6.314104868e-14,3.541996005e-13,6.36708085e-14
97.1015625,2.229975109e-13,2.334923236e-13,7.135738728e-13,2.246994006e-13,2.248695881e-13,4.694598557e-13,1.532949807e-13,1.006854259e-13,5.217235771e-14,1.783569926e-13,4.50056574e-13,1.60384409e-13,1.459540394e-13,4.06260974e-13,1.031100264e-12,1.03751548e-12,7.494887227e-13,5.265115354e-13,2.878074699e-13,1.203866911e-13,2.292210866e-13,5.315208261e-14,4.862625853e-14,9.405129259e-14,1.768513597e-13,1.243489874e-13,5.620788669e-13,6.580652193e-14,8.414751901e-13,6.411561608e-14,3.562296545e-13,6.419747009e-14
97.109375,2.221250359e-13,2.307890023e-13,7.16826914e-13,2.221260485e-13,2.265279357e-13,4.664200055e-13,1.537728142e-13,1.016824474e-13,5.258439887e-14,1.805560391e-13,4.523084242e-13,1.612415272e-13,1.462003224e-13,4.096994761e-13,1.039102139e-12,1.050226946e-12,7.55665136e-13,5.32228554e-13,2.855908095e-13,1.174701468e-13,2.3005082e-13,5.250713197e-14,4.934761627e-14,9.455039058e-14,1.790996892e-13,1.267997151e-13,5.729056985e-13,6.465559771e-14,8.460864194e-13,6.510665335e-14,3.583429042e-13,6.467715741e-14
97.1171875,2.213516513e-13,2.282106221e-13,7.203271967e-13,2.195765227e-13,2.283832413e-13,4.632384624e-13,1.542665884e-13,1.026595591e-13,5.298778342e-14,1.827059061e-13,4.546554444e-13,1.621936801e-13,1.465229566e-13,4.13287672e-13,1.047171398e-12,1.062946619e-12,7.619111798e-13,5.380711582e-13,2.836000739e-13,1.146815512e-13,2.30879529e-13,5.188441551e-14,5.010371049e-14,9.496808738e-14,1.813948191e-13,1.292566916e-13,5.836337859e-13,6.360099131e-14,8.505946696e-13,6.61283352e-14,3.606493716e-13,6.515319875e-14
97.125,2.205381272e-13,2.258334662e-13,7.242102754e-13,2.170890407e-13,2.304595128e-13,4.600922231e-13,1.547545481e-13,1.036127085e-13,5.341144405e-14,1.847674622e-13,4.571227907e-13,1.63286983e-13,1.469494449e-13,4.171095815e-13,1.05545717e-12,1.075950011e-12,7.682371556e-13,5.441563112e-13,2.818046026e-13,1.120977233e-13,2.316916295e-13,5.131018149e-14,5.087930546e-14,9.533441447e-14,1.837377005e-13,1.317863759e-13,5.944439821e-13,6.259625601e-14,8.552691548e-13,6.71741768e-14,3.632529528e-13,6.566112698e-14
97.1328125,2.197940691e-13,2.235712366e-13,7.282434448e-13,2.147131587e-13,2.325652464e-13,4.571893886e-13,1.551563977e-13,1.045505606e-13,5.387236921e-14,1.867966978e-13,4.597752125e-13,1.644633495e-13,1.473293662e-13,4.209977653e-13,1.063574455e-12,1.089062454e-12,7.747146948e-13,5.505056669e-13,2.80045913e-13,1.097904159e-13,2.324840789e-13,5.078247686e-14,5.163316795e-14,9.572368999e-14,1.86031496e-13,1.34358524e-13,6.053549699e-13,6.162206116e-14,8.599869463e-13,6.825280586e-14,3.660151047e-13,6.615699565e-14
97.140625,2.190850109e-13,2.214084915e-13,7.323645216e-13,2.123496033e-13,2.345166713e-13,4.54318423e-13,1.555054369e-13,1.054889443e-13,5.434013749e-14,1.887819783e-13,4.625980085e-13,1.656705482e-13,1.476393711e-13,4.247927619e-13,1.071408705e-12,1.102061854e-12,7.811194133e-13,5.568594013e-13,2.782838194e-13,1.077026697e-13,2.332918299e-13,5.026569043e-14,5.234603649e-14,9.606275804e-14,1.88254009e-13,1.3694045e-13,6.162521566e-13,6.068789793e-14,8.647085175e-13,6.937283872e-14,3.68867426e-13,6.660169225e-14
97.1484375,2.183474705e-13,2.194383725e-13,7.366974629e-13,2.098845096e-13,2.365107624e-13,4.512682467e-13,1.558638611e-13,1.064558081e-13,5.481427215e-14,1.907843257e-13,4.655312079e-13,1.669531241e-13,1.480018606e-13,4.286576014e-13,1.079144549e-12,1.114872199e-12,7.872406459e-13,5.629180502e-13,2.766646031e-13,1.057360273e-13,2.341326602e-13,4.976742758e-14,5.306652741e-14,9.637591441e-14,1.904636692e-13,1.395341708e-13,6.271801645e-13,5.982690669e-14,8.695995124e-13,7.051050793e-14,3.718217677e-13,6.702797706e-14
97.15625,2.176552225e-13,2.176209157e-13,7.410848054e-13,2.074911895e-13,2.386897265e-13,4.48128267e-13,1.561942904e-13,1.074609756e-13,5.531557374e-14,1.928631091e-13,4.685210014e-13,1.682860462e-13,1.484296682e-13,4.326530447e-13,1.086851799e-12,1.127566876e-12,7.93293822e-13,5.687771337e-13,2.752569907e-13,1.038945699e-13,2.349526044e-13,4.930651852e-14,5.385106532e-14,9.679904016e-14,1.927062893e-13,1.421150796e-13,6.383144842e-13,5.905976776e-14,8.744901139e-13,7.161195049e-14,3.748145507e-13,6.74785994e-14
97.1640625,2.169121196e-13,2.160500793e-13,7.453242588e-13,2.051936469e-13,2.407781446e-13,4.448423372e-13,1.564656667e-13,1.08475424e-13,5.581712267e-14,1.948894503e-13,4.715044104e-13,1.695978157e-13,1.488261026e-13,4.364973488e-13,1.094562565e-12,1.140333254e-12,7.993433047e-13,5.745868355e-13,2.739471693e-13,1.021755095e-13,2.357079786e-13,4.884314679e-14,5.464955018e-14,9.727379038e-14,1.949511094e-13,1.447085776e-13,6.497100707e-13,5.82882456e-14,8.791858926e-13,7.265098184e-14,3.777955929e-13,6.794159881e-14
97.171875,2.161709875e-13,2.147842261e-13,7.493695394e-13,2.027781453e-13,2.427687208e-13,4.413566205e-13,1.56703192e-13,1.094783741e-13,5.631688032e-14,1.968430366e-13,4.743891117e-13,1.709384779e-13,1.491564627e-13,4.401590092e-13,1.10212933e-12,1.153027551e-12,8.051594101e-13,5.803234286e-13,2.726936996e-13,1.006178454e-13,2.363720872e-13,4.836780127e-14,5.540012796e-14,9.768415488e-14,1.971436036e-13,1.47297329e-13,6.611198236e-13,5.749770808e-14,8.837239542e-13,7.366042043e-14,3.807899055e-13,6.837251567e-14
97.1796875,2.156876774e-13,2.133487208e-13,7.533864658e-13,2.004356876e-13,2.449983369e-13,4.380068437e-13,1.569365549e-13,1.104897122e-13,5.688364178e-14,1.98865391e-13,4.771119991e-13,1.723769756e-13,1.494885061e-13,4.439172804e-13,1.109363834e-12,1.165409953e-12,8.108074081e-13,5.860906691e-13,2.715487461e-13,9.931373938e-14,2.368616303e-13,4.794465608e-14,5.614858138e-14,9.808578183e-14,1.993294165e-13,1.49758173e-13,6.723382892e-13,5.688413415e-14,8.881052568e-13,7.46786742e-14,3.839341905e-13,6.877237725e-14
97.1875,2.152341789e-13,2.116041055e-13,7.578367013e-13,1.983264253e-13,2.473340806e-13,4.349005854e-13,1.571781664e-13,1.114823059e-13,5.750501623e-14,2.008667693e-13,4.798317601e-13,1.738980644e-13,1.498567945e-13,4.477324912e-13,1.116502125e-12,1.177756017e-12,8.164565176e-13,5.919180709e-13,2.704458005e-13,9.81760247e-14,2.372124291e-13,4.757668822e-14,5.691205914e-14,9.847823358e-14,2.015422156e-13,1.521517863e-13,6.835664567e-13,5.646731155e-14,8.924724135e-13,7.571262538e-14,3.872923659e-13,6.9169512e-14
97.1953125,2.145551682e-13,2.10284236e-13,7.628010258e-13,1.961084631e-13,2.494958518e-13,4.316753297e-13,1.573891573e-13,1.123631147e-13,5.806842919e-14,2.02677867e-13,4.828193885e-13,1.755036229e-13,1.502108625e-13,4.514644793e-13,1.12375437e-12,1.190282379e-12,8.220361773e-13,5.976339971e-13,2.693477471e-13,9.710526694e-14,2.376547911e-13,4.720594863e-14,5.764186189e-14,9.874416177e-14,2.036922541e-13,1.546618717e-13,6.949949728e-13,5.605671947e-14,8.97076452e-13,7.674733297e-14,3.906921896e-13,6.953585003e-14
97.203125,2.139710618e-13,2.096245384e-13,7.677956668e-13,1.938971966e-13,2.516890008e-13,4.283160964e-13,1.57528068e-13,1.131475749e-13,5.856942173e-14,2.043534215e-13,4.859997839e-13,1.772117054e-13,1.505692114e-13,4.55314022e-13,1.13089927e-12,1.2027769e-12,8.27587148e-13,6.032812084e-13,2.683809621e-13,9.621228083e-14,2.382504992e-13,4.68473722e-14,5.838427177e-14,9.893247268e-14,2.05776827e-13,1.572546561e-13,7.065387267e-13,5.564203607e-14,9.019405378e-13,7.775026703e-14,3.940904654e-13,6.985826801e-14
97.2109375,2.135560099e-13,2.089994962e-13,7.727151666e-13,1.921309254e-13,2.540054659e-13,4.251022554e-13,1.576242651e-13,1.139569545e-13,5.910039833e-14,2.059387421e-13,4.890568674e-13,1.789739777e-13,1.509919769e-13,4.59289939e-13,1.137770665e-12,1.215200933e-12,8.332318784e-13,6.089733955e-13,2.675424959e-13,9.550520678e-14,2.387853144e-13,4.653113221e-14,5.920177304e-14,9.918875546e-14,2.078898921e-13,1.598534679e-13,7.181425205e-13,5.527164627e-14,9.069807933e-13,7.871123527e-14,3.975767034e-13,7.020217848e-14
97.21875,2.130310404e-13,2.082171513e-13,7.777923456e-13,1.904071151e-13,2.562579478e-13,4.218798831e-13,1.577058434e-13,1.147940168e-13,5.965579148e-14,2.074166624e-13,4.92029501e-13,1.807300549e-13,1.51403683e-13,4.631132716e-13,1.144383263e-12,1.227538784e-12,8.38856034e-13,6.145917394e-13,2.666861953e-13,9.486491868e-14,2.391742431e-13,4.622062952e-14,6.00167501e-14,9.948491307e-14,2.099811909e-13,1.624710616e-13,7.296513351e-13,5.487902261e-14,9.119637729e-13,7.966636429e-14,4.009783771e-13,7.057170225e-14
97.2265625,2.125482638e-13,2.075770473e-13,7.829930251e-13,1.882984166e-13,2.585631318e-13,4.184731817e-13,1.577802246e-13,1.155797018e-13,6.017843899e-14,2.088506851e-13,4.952164136e-13,1.824933315e-13,1.517391859e-13,4.669072853e-13,1.150783155e-12,1.239580557e-12,8.443895265e-13,6.201050147e-13,2.658556822e-13,9.435035315e-14,2.39576965e-13,4.591485065e-14,6.074465557e-14,9.97289134e-14,2.119717534e-13,1.649920234e-13,7.408163618e-13,5.448721661e-14,9.165973358e-13,8.063775532e-14,4.042584708e-13,7.088163495e-14
97.234375,2.122743749e-13,2.071148723e-13,7.883063436e-13,1.862336551e-13,2.610242398e-13,4.151511892e-13,1.57882888e-13,1.163261267e-13,6.068158884e-14,2.102316543e-13,4.985673347e-13,1.843210466e-13,1.520734297e-13,4.709067422e-13,1.157024747e-12,1.251328625e-12,8.498732311e-13,6.256030096e-13,2.651430497e-13,9.405066554e-14,2.400415542e-13,4.565671478e-14,6.14085178e-14,9.993727289e-14,2.139074339e-13,1.673440142e-13,7.517961378e-13,5.413965527e-14,9.210937691e-13,8.161795291e-14,4.077218022e-13,7.111525028e-14
97.2421875,2.119671329e-13,2.067238579e-13,7.93645286e-13,1.843825903e-13,2.634283239e-13,4.119915203e-13,1.579837117e-13,1.170589909e-13,6.119019787e-14,2.115169147e-13,5.017006036e-13,1.862049837e-13,1.524010801e-13,4.74845722e-13,1.162790296e-12,1.262585949e-12,8.550657513e-13,6.309874774e-13,2.644144403e-13,9.395511365e-14,2.403770692e-13,4.542828665e-14,6.204555673e-14,1.001484505e-13,2.157730829e-13,1.696600696e-13,7.627244566e-13,5.381597792e-14,9.256735644e-13,8.259362417e-14,4.112927568e-13,7.132723481e-14
97.25,2.115435873e-13,2.063321523e-13,7.986555515e-13,1.824570419e-13,2.657131766e-13,4.087106836e-13,1.579870553e-13,1.177629192e-13,6.169869727e-14,2.127797237e-13,5.044607601e-13,1.880435708e-13,1.526185515e-13,4.784495749e-13,1.167700861e-12,1.272929717e-12,8.59706177e-13,6.360844377e-13,2.635826341e-13,9.409507258e-14,2.404619826e-13,4.518943586e-14,6.266567776e-14,1.00376818e-13,2.174919367e-13,1.719772542e-13,7.732102658e-13,5.359072707e-14,9.298954339e-13,8.352881246e-14,4.145665909e-13,7.154061071e-14
97.2578125,2.110924388e-13,2.059115433e-13,8.033648225e-13,1.805717839e-13,2.679087312e-13,4.052490836e-13,1.578993026e-13,1.184700107e-13,6.220491851e-14,2.140213608e-13,5.070691393e-13,1.897730467e-13,1.527385739e-13,4.81791067e-13,1.172116918e-12,1.282691433e-12,8.639518795e-13,6.408497023e-13,2.627764095e-13,9.442170231e-14,2.40420861e-13,4.494118671e-14,6.327856324e-14,1.006323399e-13,2.191116423e-13,1.742202253e-13,7.831878543e-13,5.347096303e-14,9.335884937e-13,8.442155656e-14,4.175501152e-13,7.174723561e-14
97.265625,2.105827749e-13,2.056042965e-13,8.079742011e-13,1.788183825e-13,2.69957942e-13,4.01725579e-13,1.577864412e-13,1.192086349e-13,6.271772664e-14,2.151605077e-13,5.096910281e-13,1.914525063e-13,1.528306059e-13,4.849481103e-13,1.176448612e-12,1.292375333e-12,8.680096172e-13,6.454161329e-13,2.620490704e-13,9.483125676e-14,2.403645031e-13,4.469812708e-14,6.389118871e-14,1.008764e-13,2.207090052e-13,1.764076667e-13,7.931018426e-13,5.332213011e-14,9.371931057e-13,8.532877157e-14,4.204951628e-13,7.193573288e-14
97.2734375,2.101147051e-13,2.055008651e-13,8.123373166e-13,1.770235015e-13,2.72033486e-13,3.982010794e-13,1.576416605e-13,1.199413504e-13,6.32612431e-14,2.161873613e-13,5.122129417e-13,1.931843766e-13,1.529060544e-13,4.880239958e-13,1.180425139e-12,1.301707297e-12,8.71889833e-13,6.500260273e-13,2.613507746e-13,9.54748647e-14,2.402190949e-13,4.448724862e-14,6.450670755e-14,1.010758545e-13,2.222619809e-13,1.785542114e-13,8.0294653e-13,5.316956617e-14,9.407363523e-13,8.624431356e-14,4.234364772e-13,7.21030816e-14
97.28125,2.098225718e-13,2.055352081e-13,8.166512893e-13,1.753106594e-13,2.742847507e-13,3.948443808e-13,1.574749232e-13,1.206472595e-13,6.383546642e-14,2.170652257e-13,5.145460335e-13,1.950227011e-13,1.529830524e-13,4.911855381e-13,1.183921845e-12,1.310526256e-12,8.756707855e-13,6.54681151e-13,2.607182792e-13,9.652721881e-14,2.399417502e-13,4.432506836e-14,6.510855372e-14,1.012625076e-13,2.237406717e-13,1.806434321e-13,8.124814297e-13,5.31146369e-14,9.440202501e-13,8.712386187e-14,4.263245253e-13,7.225620135e-14
97.2890625,2.09555167e-13,2.056457144e-13,8.213480951e-13,1.737136669e-13,2.765093786e-13,3.917080731e-13,1.573451478e-13,1.213462639e-13,6.43904999e-14,2.177686538e-13,5.167723986e-13,1.969335667e-13,1.53065532e-13,4.943682804e-13,1.187128775e-12,1.319008832e-12,8.793359796e-13,6.590911421e-13,2.601403268e-13,9.781267275e-14,2.395951274e-13,4.417463863e-14,6.567299603e-14,1.014370957e-13,2.251518774e-13,1.827041992e-13,8.218506921e-13,5.312430269e-14,9.472781428e-13,8.800815672e-14,4.291678699e-13,7.238954036e-14
97.296875,2.09170133e-13,2.056901734e-13,8.261905839e-13,1.719635381e-13,2.786369382e-13,3.885236828e-13,1.572131067e-13,1.220427025e-13,6.492065112e-14,2.183492252e-13,5.189777787e-13,1.988429155e-13,1.531079911e-13,4.974479082e-13,1.189890456e-12,1.326893996e-12,8.826721608e-13,6.631871729e-13,2.595203727e-13,9.916497085e-14,2.391861241e-13,4.401191198e-14,6.621969244e-14,1.015607509e-13,2.264878678e-13,1.847281835e-13,8.310713048e-13,5.320479033e-14,9.505317245e-13,8.891477219e-14,4.319693738e-13,7.250108182e-14
97.3046875,2.088403752e-13,2.056467806e-13,8.308148557e-13,1.701223055e-13,2.808676299e-13,3.852058942e-13,1.569789544e-13,1.227146309e-13,6.548008368e-14,2.187533501e-13,5.211977274e-13,2.007559983e-13,1.531046337e-13,5.005355115e-13,1.192075412e-12,1.334026377e-12,8.857432113e-13,6.671869042e-13,2.589268303e-13,1.007375235e-13,2.387045147e-13,4.387430567e-14,6.677751632e-14,1.016670572e-13,2.277319237e-13,1.866956841e-13,8.399124734e-13,5.33818391e-14,9.534226364e-13,8.976439279e-14,4.34716549e-13,7.260477408e-14
97.3125,2.087626978e-13,2.057965963e-13,8.352482157e-13,1.683399964e-13,2.832112124e-13,3.819479891e-13,1.566549848e-13,1.233519134e-13,6.607285176e-14,2.189244907e-13,5.233360848e-13,2.02706704e-13,1.530819353e-13,5.037003569e-13,1.193839259e-12,1.340721094e-12,8.887609882e-13,6.710786408e-13,2.584837156e-13,1.025913132e-13,2.381899059e-13,4.378069132e-14,6.733274585e-14,1.018323596e-13,2.288754352e-13,1.886279707e-13,8.483944794e-13,5.354931078e-14,9.559265943e-13,9.052574511e-14,4.373597949e-13,7.269465081e-14
97.3203125,2.087812689e-13,2.061966375e-13,8.394336041e-13,1.66520639e-13,2.854569774e-13,3.786952739e-13,1.563141595e-13,1.239788876e-13,6.665665729e-14,2.189504158e-13,5.251873519e-13,2.046342074e-13,1.530301345e-13,5.06765652e-13,1.195204537e-12,1.347071276e-12,8.91542094e-13,6.746030632e-13,2.5808139e-13,1.045609988e-13,2.376375477e-13,4.369358973e-14,6.78606403e-14,1.020374914e-13,2.299037101e-13,1.905069461e-13,8.566077896e-13,5.364688254e-14,9.582042291e-13,9.123708737e-14,4.398132885e-13,7.275452345e-14
97.328125,2.085717455e-13,2.066020881e-13,8.434133998e-13,1.647759072e-13,2.874784442e-13,3.753001669e-13,1.559647896e-13,1.245849213e-13,6.720847778e-14,2.188440146e-13,5.26785386e-13,2.065125667e-13,1.529420347e-13,5.095764801e-13,1.196188967e-12,1.352915374e-12,8.938144792e-13,6.777036895e-13,2.575639234e-13,1.066972774e-13,2.370106269e-13,4.358964797e-14,6.833944403e-14,1.02143842e-13,2.308123803e-13,1.923232136e-13,8.645310082e-13,5.374937172e-14,9.602436948e-13,9.191547383e-14,4.420707365e-13,7.27791709e-14
97.3359375,2.081731496e-13,2.069441223e-13,8.474021016e-13,1.632106392e-13,2.894101271e-13,3.719878593e-13,1.556088704e-13,1.250901409e-13,6.772764905e-14,2.186197833e-13,5.28310461e-13,2.084306004e-13,1.528248514e-13,5.122096356e-13,1.19676502e-12,1.357998089e-12,8.95612999e-13,6.805432864e-13,2.569859418e-13,1.091843559e-13,2.362743605e-13,4.350484088e-14,6.876918642e-14,1.02077181e-13,2.316359061e-13,1.940976668e-13,8.721735013e-13,5.39550909e-14,9.621603685e-13,9.2559281e-14,4.442169184e-13,7.27655071e-14
97.34375,2.079574213e-13,2.071939614e-13,8.512513804e-13,1.61623922e-13,2.915028668e-13,3.689961941e-13,1.552691744e-13,1.254731776e-13,6.823736923e-14,2.184555932e-13,5.296871124e-13,2.103812678e-13,1.526633031e-13,5.148157368e-13,1.196567213e-12,1.362037525e-12,8.970513494e-13,6.83207803e-13,2.564443568e-13,1.119276521e-13,2.353605197e-13,4.347682786e-14,6.921354042e-14,1.019644897e-13,2.324147191e-13,1.957816758e-13,8.79395576e-13,5.433350541e-14,9.64083771e-13,9.316377406e-14,4.462397424e-13,7.273418057e-14
97.3515625,2.080251845e-13,2.073252411e-13,8.548115235e-13,1.600056937e-13,2.936873311e-13,3.661032922e-13,1.548961051e-13,1.258180895e-13,6.875047357e-14,2.183413898e-13,5.30863591e-13,2.122477074e-13,1.524423117e-13,5.173322139e-13,1.195494692e-12,1.365261018e-12,8.982443449e-13,6.857076363e-13,2.55900686e-13,1.148087958e-13,2.342679296e-13,4.347285869e-14,6.970342359e-14,1.019217943e-13,2.331345055e-13,1.973411591e-13,8.860231572e-13,5.484121432e-14,9.657713598e-13,9.374135766e-14,4.480176957e-13,7.269546389e-14
97.359375,2.080693205e-13,2.0760648e-13,8.582379396e-13,1.584300267e-13,2.956447227e-13,3.629843877e-13,1.544205352e-13,1.261965216e-13,6.924772266e-14,2.180389097e-13,5.320205144e-13,2.140432811e-13,1.521454606e-13,5.19547329e-13,1.193902958e-12,1.368051423e-12,8.992670031e-13,6.880350852e-13,2.55277532e-13,1.179200725e-13,2.330996485e-13,4.344062505e-14,7.014788255e-14,1.018831284e-13,2.337265488e-13,1.988011132e-13,8.921451078e-13,5.535740509e-14,9.669679214e-13,9.430985375e-14,4.495389377e-13,7.260914834e-14
97.3671875,2.078545577e-13,2.081794068e-13,8.615369133e-13,1.567740348e-13,2.973525488e-13,3.597344687e-13,1.538773863e-13,1.266156811e-13,6.974183318e-14,2.174927673e-13,5.331555566e-13,2.158910548e-13,1.517516748e-13,5.214513654e-13,1.19185388e-12,1.370224923e-12,8.999150433e-13,6.900410342e-13,2.545816271e-13,1.212710559e-13,2.319179304e-13,4.33950845e-14,7.048189249e-14,1.018029763e-13,2.341359415e-13,2.001491018e-13,8.978111262e-13,5.588117018e-14,9.678368581e-13,9.482558736e-14,4.508866346e-13,7.24958498e-14
97.375,2.074899287e-13,2.087607648e-13,8.647742212e-13,1.551823367e-13,2.990009015e-13,3.566678779e-13,1.533356538e-13,1.270354681e-13,7.025582485e-14,2.167786838e-13,5.341278488e-13,2.17815376e-13,1.512940069e-13,5.23207666e-13,1.189219081e-12,1.371643575e-12,8.999612512e-13,6.915563452e-13,2.538863875e-13,1.248051094e-13,2.307206358e-13,4.337208414e-14,7.07660923e-14,1.017188801e-13,2.343877595e-13,2.014321106e-13,9.029845943e-13,5.64841453e-14,9.686108708e-13,9.527111241e-14,4.520966821e-13,7.244589917e-14
97.3828125,2.071952647e-13,2.091791371e-13,8.680588693e-13,1.53844664e-13,3.005849863e-13,3.537986944e-13,1.527905707e-13,1.274137755e-13,7.076915107e-14,2.159116421e-13,5.349193644e-13,2.197190549e-13,1.507958425e-13,5.24820734e-13,1.186064724e-12,1.372485055e-12,8.995274112e-13,6.92636766e-13,2.532057074e-13,1.285404003e-13,2.294639011e-13,4.336638e-14,7.104223214e-14,1.016075818e-13,2.34540526e-13,2.027269093e-13,9.07802642e-13,5.714390246e-14,9.691432447e-13,9.572566295e-14,4.531687207e-13,7.243827771e-14
97.390625,2.070150006e-13,2.095383969e-13,8.708794879e-13,1.525131132e-13,3.020393284e-13,3.508998976e-13,1.521967706e-13,1.277688709e-13,7.129018898e-14,2.149584828e-13,5.354315808e-13,2.214986247e-13,1.501665083e-13,5.26139747e-13,1.182230331e-12,1.37254951e-12,8.987935269e-13,6.934183882e-13,2.524617849e-13,1.324318085e-13,2.280364354e-13,4.337125788e-14,7.126875426e-14,1.014803937e-13,2.34571049e-13,2.038914272e-13,9.122027463e-13,5.781465234e-14,9.691434022e-13,9.617811739e-14,4.539869409e-13,7.23699802e-14
97.3984375,2.06859857e-13,2.099263584e-13,8.728805617e-13,1.510834339e-13,3.034209103e-13,3.479227996e-13,1.515267104e-13,1.280954876e-13,7.183951976e-14,2.139690437e-13,5.356465476e-13,2.231524886e-13,1.493418986e-13,5.270842351e-13,1.177448915e-12,1.371488634e-12,8.976592415e-13,6.938915472e-13,2.516425641e-13,1.364800697e-13,2.26411816e-13,4.339287749e-14,7.14364287e-14,1.014059958e-13,2.344222114e-13,2.047560854e-13,9.158994395e-13,5.852140534e-14,9.68663463e-13,9.651771968e-14,4.544088574e-13,7.222792188e-14
97.40625,2.066766471e-13,2.1040757e-13,8.747051965e-13,1.497009826e-13,3.047754267e-13,3.449879819e-13,1.507964544e-13,1.283093521e-13,7.237111117e-14,2.128621385e-13,5.358369503e-13,2.247816061e-13,1.484084829e-13,5.277285977e-13,1.171934224e-12,1.369374585e-12,8.959571939e-13,6.939918193e-13,2.508329585e-13,1.407384333e-13,2.247267714e-13,4.342417681e-14,7.158958457e-14,1.013311005e-13,2.341317189e-13,2.054568693e-13,9.190286237e-13,5.92857011e-14,9.679636126e-13,9.676919778e-14,4.545792038e-13,7.204899081e-14
97.4140625,2.06469345e-13,2.109560987e-13,8.766975928e-13,1.482164877e-13,3.06084142e-13,3.421350316e-13,1.500464237e-13,1.284162183e-13,7.287158248e-14,2.115885513e-13,5.360009448e-13,2.264270973e-13,1.474459105e-13,5.282374674e-13,1.166038718e-12,1.366473477e-12,8.937572629e-13,6.937305415e-13,2.50039541e-13,1.451220712e-13,2.230501929e-13,4.346195187e-14,7.173296439e-14,1.011810476e-13,2.33749729e-13,2.061772675e-13,9.218919253e-13,6.006253135e-14,9.669642844e-13,9.702463443e-14,4.546469551e-13,7.184826212e-14
97.421875,2.062987284e-13,2.114275055e-13,8.782515613e-13,1.466250216e-13,3.073387886e-13,3.393091216e-13,1.492647248e-13,1.285317453e-13,7.338801239e-14,2.101845556e-13,5.357953011e-13,2.279994429e-13,1.464346106e-13,5.28683573e-13,1.159723991e-12,1.362932968e-12,8.912384934e-13,6.931627947e-13,2.492024624e-13,1.496674374e-13,2.213114967e-13,4.351240492e-14,7.182621107e-14,1.010022707e-13,2.332348844e-13,2.068405821e-13,9.243324429e-13,6.081491744e-14,9.653498154e-13,9.725480677e-14,4.544165485e-13,7.164889954e-14
97.4296875,2.062470427e-13,2.118852982e-13,8.791959355e-13,1.452571906e-13,3.085533814e-13,3.364427913e-13,1.483997244e-13,1.286964378e-13,7.390830598e-14,2.086801833e-13,5.352822453e-13,2.294610608e-13,1.45373579e-13,5.289867604e-13,1.152843289e-12,1.358777861e-12,8.884590723e-13,6.923569058e-13,2.483521872e-13,1.544528737e-13,2.195017034e-13,4.357400458e-14,7.186729018e-14,1.008469125e-13,2.325762205e-13,2.073353924e-13,9.261467948e-13,6.158867585e-14,9.63248409e-13,9.742532992e-14,4.53855693e-13,7.144869523e-14
97.4375,2.062773108e-13,2.125227803e-13,8.799975402e-13,1.440225199e-13,3.096883055e-13,3.335527426e-13,1.474683121e-13,1.288678941e-13,7.441304572e-14,2.071335269e-13,5.347796064e-13,2.309113555e-13,1.443055415e-13,5.290917931e-13,1.145538633e-12,1.354177182e-12,8.855370311e-13,6.914264534e-13,2.475253186e-13,1.592555119e-13,2.17669495e-13,4.364582304e-14,7.190961074e-14,1.007419364e-13,2.318588011e-13,2.077454991e-13,9.274924331e-13,6.244444692e-14,9.611257584e-13,9.757873281e-14,4.5323151e-13,7.122271523e-14
97.4453125,2.062750083e-13,2.131854419e-13,8.805405127e-13,1.426659995e-13,3.106588635e-13,3.307522216e-13,1.46542402e-13,1.289917408e-13,7.493553181e-14,2.05600282e-13,5.341112296e-13,2.32394255e-13,1.432178143e-13,5.28992545e-13,1.137930145e-12,1.349293383e-12,8.826066577e-13,6.904160969e-13,2.466325976e-13,1.641406656e-13,2.157504928e-13,4.372197004e-14,7.197790521e-14,1.006810484e-13,2.311129147e-13,2.081632235e-13,9.284306909e-13,6.338463327e-14,9.589161493e-13,9.770122394e-14,4.524588781e-13,7.09912712e-14
97.453125,2.062252373e-13,2.136153372e-13,8.804048921e-13,1.414341112e-13,3.115101266e-13,3.280426e-13,1.456329042e-13,1.290216212e-13,7.545383411e-14,2.03984978e-13,5.329157968e-13,2.338332971e-13,1.42049403e-13,5.286466537e-13,1.129628178e-12,1.343567286e-12,8.793839161e-13,6.891290759e-13,2.456158537e-13,1.695206489e-13,2.136496331e-13,4.378441985e-14,7.202687263e-14,1.005625046e-13,2.302367926e-13,2.084939888e-13,9.287356602e-13,6.436960428e-14,9.561484616e-13,9.772918366e-14,4.512483057e-13,7.076577372e-14
97.4609375,2.061822162e-13,2.140335887e-13,8.798918167e-13,1.404400595e-13,3.123612499e-13,3.2531429e-13,1.446849689e-13,1.289953641e-13,7.591469414e-14,2.020997149e-13,5.313812912e-13,2.352122545e-13,1.408201735e-13,5.281097587e-13,1.120306667e-12,1.336453478e-12,8.755894467e-13,6.873950384e-13,2.445831735e-13,1.752055104e-13,2.114530286e-13,4.383531108e-14,7.202588055e-14,1.003390252e-13,2.291526839e-13,2.086355179e-13,9.284641525e-13,6.533191277e-14,9.529554128e-13,9.767988406e-14,4.497329687e-13,7.051406987e-14
97.46875,2.061646257e-13,2.147581737e-13,8.794254069e-13,1.393302524e-13,3.1315937e-13,3.225727812e-13,1.436777984e-13,1.289792778e-13,7.633831641e-14,1.999055655e-13,5.299497757e-13,2.365801273e-13,1.396365901e-13,5.275124662e-13,1.110532304e-12,1.328752526e-12,8.715927089e-13,6.854159996e-13,2.436244279e-13,1.80816416e-13,2.093353915e-13,4.389766064e-14,7.201052878e-14,1.000806242e-13,2.279516775e-13,2.086814993e-13,9.28093958e-13,6.624082847e-14,9.498362965e-13,9.760345612e-14,4.481764936e-13,7.025290292e-14
97.4765625,2.061914378e-13,2.156035609e-13,8.788028985e-13,1.38104423e-13,3.138510782e-13,3.198615235e-13,1.426477952e-13,1.289354807e-13,7.675604252e-14,1.975501594e-13,5.286380784e-13,2.379182945e-13,1.385057394e-13,5.268333579e-13,1.100959731e-12,1.321356114e-12,8.677634559e-13,6.834401929e-13,2.426813784e-13,1.866007493e-13,2.072873901e-13,4.39743378e-14,7.199658909e-14,9.981407891e-14,2.267456686e-13,2.087387073e-13,9.277022479e-13,6.715768673e-14,9.46638831e-13,9.747835466e-14,4.465213943e-13,7.001829916e-14
97.484375,2.063480257e-13,2.163604503e-13,8.779239907e-13,1.371204645e-13,3.145883914e-13,3.172042379e-13,1.416135831e-13,1.288239087e-13,7.71639063e-14,1.951849798e-13,5.272087176e-13,2.392244821e-13,1.373139188e-13,5.260365242e-13,1.091286916e-12,1.313730123e-12,8.639295384e-13,6.814227295e-13,2.417147062e-13,1.927637691e-13,2.051573036e-13,4.405650453e-14,7.194657346e-14,9.955519095e-14,2.25473738e-13,2.087427301e-13,9.267253988e-13,6.815952051e-14,9.429726147e-13,9.729062031e-14,4.446316403e-13,6.976522456e-14
97.4921875,2.06716399e-13,2.172204233e-13,8.770254547e-13,1.362903188e-13,3.154283687e-13,3.147385819e-13,1.405647015e-13,1.286889364e-13,7.757214109e-14,1.928829122e-13,5.256120823e-13,2.405521648e-13,1.360358595e-13,5.252159746e-13,1.080945854e-12,1.30507961e-12,8.598506282e-13,6.792199346e-13,2.407623115e-13,1.99194343e-13,2.029189211e-13,4.415337867e-14,7.186338035e-14,9.93502729e-14,2.240507677e-13,2.086305556e-13,9.248918576e-13,6.930365307e-14,9.389812799e-13,9.708733618e-14,4.424926147e-13,6.94573971e-14
97.5,2.071925476e-13,2.181851591e-13,8.759309397e-13,1.352686271e-13,3.162526115e-13,3.124806242e-13,1.395145093e-13,1.285480437e-13,7.799824456e-14,1.906396581e-13,5.238692535e-13,2.418572498e-13,1.347353435e-13,5.243470214e-13,1.069852505e-12,1.295311419e-12,8.553022887e-13,6.766634731e-13,2.397815688e-13,2.059096461e-13,2.006865074e-13,4.427178707e-14,7.178939247e-14,9.916192683e-14,2.225176893e-13,2.084417776e-13,9.223932001e-13,7.059327451e-14,9.347424564e-13,9.68716171e-14,4.401035572e-13,6.915642626e-14
97.5078125,2.075545767e-13,2.189920905e-13,8.744651506e-13,1.34134342e-13,3.170456261e-13,3.10209838e-13,1.384706269e-13,1.283683083e-13,7.843771721e-14,1.883468351e-13,5.220006136e-13,2.430839765e-13,1.334000189e-13,5.233187387e-13,1.058072911e-12,1.284498075e-12,8.500725113e-13,6.736183754e-13,2.386800484e-13,2.128258236e-13,1.985294054e-13,4.440165626e-14,7.1704504e-14,9.894650324e-14,2.208775534e-13,2.081778546e-13,9.191814676e-13,7.190849131e-14,9.300191031e-13,9.663564202e-14,4.375234107e-13,6.889915862e-14
97.515625,2.077592116e-13,2.197734496e-13,8.72967907e-13,1.33153961e-13,3.177347514e-13,3.078723189e-13,1.374001525e-13,1.281183585e-13,7.885363379e-14,1.85905746e-13,5.201026108e-13,2.442922603e-13,1.319723738e-13,5.22128562e-13,1.045663638e-12,1.272815028e-12,8.443662947e-13,6.701815746e-13,2.37444761e-13,2.198253801e-13,1.964013761e-13,4.452822127e-14,7.155836182e-14,9.873117312e-14,2.190547003e-13,2.078055664e-13,9.152482648e-13,7.318122428e-14,9.249631998e-13,9.64332386e-14,4.348407145e-13,6.862138554e-14
97.5234375,2.079068574e-13,2.207351994e-13,8.713126087e-13,1.32279056e-13,3.180694625e-13,3.055542459e-13,1.362844036e-13,1.27784433e-13,7.919772585e-14,1.833423986e-13,5.180406886e-13,2.454450428e-13,1.304291525e-13,5.206383738e-13,1.032680413e-12,1.260489626e-12,8.384622026e-13,6.664249008e-13,2.360787973e-13,2.270630681e-13,1.941954097e-13,4.462124649e-14,7.136755591e-14,9.852113352e-14,2.170541353e-13,2.073448009e-13,9.109087201e-13,7.449117242e-14,9.197476776e-13,9.621414522e-14,4.319002167e-13,6.827818196e-14
97.53125,2.080633039e-13,2.215879966e-13,8.690218208e-13,1.313985953e-13,3.181249735e-13,3.032237532e-13,1.351369601e-13,1.274130371e-13,7.949884916e-14,1.806779719e-13,5.155577167e-13,2.464404614e-13,1.287991932e-13,5.187121262e-13,1.019114202e-12,1.247493212e-12,8.323080996e-13,6.62324657e-13,2.346162532e-13,2.34563249e-13,1.918727415e-13,4.466723505e-14,7.116694746e-14,9.832921386e-14,2.149416845e-13,2.068044739e-13,9.060517119e-13,7.58437438e-14,9.140306977e-13,9.58501827e-14,4.28518674e-13,6.791284386e-14
97.5390625,2.083373733e-13,2.221684441e-13,8.665982828e-13,1.306376078e-13,3.183509824e-13,3.010050665e-13,1.33980717e-13,1.270642391e-13,7.985260262e-14,1.778813057e-13,5.12876447e-13,2.474273339e-13,1.271823873e-13,5.167269544e-13,1.005206375e-12,1.233917997e-12,8.259408765e-13,6.581343125e-13,2.332081963e-13,2.421848788e-13,1.895363219e-13,4.473332797e-14,7.093822968e-14,9.817467136e-14,2.127658453e-13,2.061684395e-13,9.003163472e-13,7.720615789e-14,9.07842564e-13,9.541627256e-14,4.250241832e-13,6.757180633e-14
97.546875,2.088048765e-13,2.228099338e-13,8.646089836e-13,1.300184104e-13,3.1883957e-13,2.990400343e-13,1.328363198e-13,1.267268505e-13,8.026834279e-14,1.750080906e-13,5.103505329e-13,2.485577623e-13,1.256066017e-13,5.150252163e-13,9.912634047e-13,1.220010369e-12,8.194802271e-13,6.539943008e-13,2.319138835e-13,2.498800218e-13,1.872712379e-13,4.487604694e-14,7.066443164e-14,9.802254968e-14,2.105507704e-13,2.054703172e-13,8.939604783e-13,7.861850028e-14,9.016597914e-13,9.505829086e-14,4.21827813e-13,6.72445315e-14
97.5546875,2.093618117e-13,2.23702593e-13,8.623137653e-13,1.293463891e-13,3.192253435e-13,2.970140425e-13,1.316634777e-13,1.263766463e-13,8.066003789e-14,1.721441473e-13,5.078285397e-13,2.496335346e-13,1.239461192e-13,5.132231389e-13,9.770439814e-13,1.205679983e-12,8.128343369e-13,6.495696003e-13,2.305774032e-13,2.575693943e-13,1.850230506e-13,4.502467276e-14,7.037072051e-14,9.789102164e-14,2.082511404e-13,2.047229144e-13,8.873255162e-13,8.001789337e-14,8.952450107e-13,9.472151998e-14,4.186598911e-13,6.689282509e-14
97.5625,2.099064106e-13,2.247241691e-13,8.590883182e-13,1.286365831e-13,3.193684548e-13,2.946973275e-13,1.303862553e-13,1.26004937e-13,8.099893749e-14,1.692611043e-13,5.051200579e-13,2.504940407e-13,1.221664406e-13,5.109600033e-13,9.621815356e-13,1.190688869e-12,8.059007871e-13,6.447384619e-13,2.291045056e-13,2.65348482e-13,1.827521139e-13,4.511474119e-14,7.006510057e-14,9.779701197e-14,2.058072982e-13,2.038329819e-13,8.801864836e-13,8.137496215e-14,8.880977979e-13,9.432735126e-14,4.151157564e-13,6.649504341e-14
97.5703125,2.103863662e-13,2.25748501e-13,8.554877867e-13,1.280482496e-13,3.19426464e-13,2.923958505e-13,1.290330111e-13,1.255889992e-13,8.133035011e-14,1.66284484e-13,5.023141124e-13,2.512964051e-13,1.203741657e-13,5.084345395e-13,9.467767171e-13,1.17496919e-12,7.985511006e-13,6.396926494e-13,2.275481189e-13,2.733957444e-13,1.804949339e-13,4.519804286e-14,6.97161458e-14,9.765090128e-14,2.032397986e-13,2.027478157e-13,8.723696744e-13,8.283225822e-14,8.8051657e-13,9.389827178e-14,4.113515193e-13,6.60715771e-14
97.578125,2.107615881e-13,2.266712739e-13,8.518476441e-13,1.274996476e-13,3.194057698e-13,2.902429834e-13,1.277018655e-13,1.251529543e-13,8.166148078e-14,1.632077197e-13,4.993383608e-13,2.521180279e-13,1.185681212e-13,5.057362247e-13,9.310473715e-13,1.158660324e-12,7.907563153e-13,6.344207365e-13,2.259266436e-13,2.815108237e-13,1.78229405e-13,4.529308989e-14,6.932507209e-14,9.748347195e-14,2.005944762e-13,2.015899773e-13,8.64110444e-13,8.435370017e-14,8.728364369e-13,9.342961465e-14,4.075252139e-13,6.566515628e-14
97.5859375,2.112219085e-13,2.275402746e-13,8.478030989e-13,1.269423593e-13,3.193151342e-13,2.88056186e-13,1.264178898e-13,1.247387205e-13,8.196880367e-14,1.60113025e-13,4.960746143e-13,2.528527976e-13,1.167163126e-13,5.028402184e-13,9.15179834e-13,1.142200748e-12,7.829615896e-13,6.290436263e-13,2.242767533e-13,2.895864759e-13,1.759263752e-13,4.535824809e-14,6.894540161e-14,9.74137269e-14,1.979213844e-13,2.004781418e-13,8.556817244e-13,8.581230084e-14,8.648251479e-13,9.292899101e-14,4.035163988e-13,6.528814305e-14
97.59375,2.1191208e-13,2.285982132e-13,8.433114492e-13,1.265283662e-13,3.193335153e-13,2.85892482e-13,1.251530528e-13,1.243247149e-13,8.227884783e-14,1.570978524e-13,4.926850619e-13,2.535200305e-13,1.149152543e-13,5.00022859e-13,8.994624215e-13,1.125976253e-12,7.754723253e-13,6.238375002e-13,2.226678852e-13,2.977383752e-13,1.736488941e-13,4.542661664e-14,6.859059435e-14,9.7369912e-14,1.952644134e-13,1.993511498e-13,8.472069437e-13,8.730909912e-14,8.564722501e-13,9.241452874e-14,3.9944071e-13,6.492551787e-14
97.6015625,2.125128386e-13,2.29958674e-13,8.386073605e-13,1.262168689e-13,3.193524268e-13,2.837521575e-13,1.238764167e-13,1.239162143e-13,8.26147669e-14,1.541350296e-13,4.892957851e-13,2.541872137e-13,1.131803246e-13,4.972679273e-13,8.839178428e-13,1.109937473e-12,7.679816755e-13,6.186284888e-13,2.210239417e-13,3.057699602e-13,1.714207462e-13,4.552627904e-14,6.821010805e-14,9.731536998e-14,1.925631868e-13,1.981446929e-13,8.38606852e-13,8.885164738e-14,8.480611321e-13,9.182439764e-14,3.954575858e-13,6.45803223e-14
97.609375,2.128503247e-13,2.315067814e-13,8.336275021e-13,1.259466732e-13,3.191096023e-13,2.813859024e-13,1.225652496e-13,1.235456499e-13,8.292489698e-14,1.51128452e-13,4.858076828e-13,2.547806692e-13,1.114114551e-13,4.941690783e-13,8.682228008e-13,1.093777866e-12,7.602977049e-13,6.131917866e-13,2.192606322e-13,3.137915313e-13,1.691818524e-13,4.559767868e-14,6.779634769e-14,9.737381721e-14,1.897542127e-13,1.969218093e-13,8.296245371e-13,9.032947078e-14,8.395328217e-13,9.1169636e-14,3.913828089e-13,6.425288133e-14
97.6171875,2.132947284e-13,2.329519096e-13,8.282692668e-13,1.258889108e-13,3.188337201e-13,2.78907092e-13,1.212563666e-13,1.231312383e-13,8.317669802e-14,1.481173643e-13,4.820889679e-13,2.552466445e-13,1.096375823e-13,4.908174082e-13,8.52138291e-13,1.077019703e-12,7.524532192e-13,6.076538384e-13,2.174733177e-13,3.22287175e-13,1.669225414e-13,4.563820404e-14,6.740706253e-14,9.747915153e-14,1.869089972e-13,1.956686999e-13,8.20098169e-13,9.185746178e-14,8.306478647e-13,9.055493096e-14,3.871191099e-13,6.390342492e-14
97.625,2.13985869e-13,2.339983406e-13,8.226382309e-13,1.259216305e-13,3.188159172e-13,2.766317664e-13,1.199794613e-13,1.225833335e-13,8.341133674e-14,1.451759171e-13,4.781389987e-13,2.556377569e-13,1.079262207e-13,4.875908895e-13,8.356433027e-13,1.059335869e-12,7.443023836e-13,6.019397445e-13,2.157169455e-13,3.309072944e-13,1.646840863e-13,4.571618801e-14,6.706134621e-14,9.748910799e-14,1.840559025e-13,1.942611332e-13,8.101453066e-13,9.344999008e-14,8.214026014e-13,8.995749483e-14,3.828497207e-13,6.351490206e-14
97.6328125,2.146859214e-13,2.348533385e-13,8.168657442e-13,1.257379987e-13,3.188456412e-13,2.744712989e-13,1.186646231e-13,1.2197802e-13,8.364262732e-14,1.421933492e-13,4.741896337e-13,2.560006666e-13,1.06223108e-13,4.84409076e-13,8.188847176e-13,1.041124191e-12,7.359078555e-13,5.958914046e-13,2.139253829e-13,3.390765151e-13,1.625051711e-13,4.583533184e-14,6.671550051e-14,9.748384895e-14,1.811008276e-13,1.927075841e-13,8.000435431e-13,9.490262173e-14,8.119781923e-13,8.930672618e-14,3.786747253e-13,6.313911392e-14
97.640625,2.154373892e-13,2.360298228e-13,8.109538937e-13,1.255398745e-13,3.187904894e-13,2.722624131e-13,1.172709588e-13,1.214251474e-13,8.384854709e-14,1.390612502e-13,4.703949167e-13,2.563490747e-13,1.045279473e-13,4.811051265e-13,8.020819592e-13,1.02293872e-12,7.274768941e-13,5.897106184e-13,2.121188605e-13,3.47162562e-13,1.604235623e-13,4.595989372e-14,6.633362614e-14,9.751891913e-14,1.780367476e-13,1.91125778e-13,7.89914001e-13,9.626261991e-14,8.024654375e-13,8.863927768e-14,3.745629518e-13,6.280305203e-14
97.6484375,2.163646264e-13,2.375763747e-13,8.047208221e-13,1.256036894e-13,3.187645003e-13,2.700742698e-13,1.158689637e-13,1.209078779e-13,8.404771501e-14,1.359129605e-13,4.665175567e-13,2.566478729e-13,1.028903519e-13,4.777196262e-13,7.852916215e-13,1.004729445e-12,7.18903661e-13,5.835049066e-13,2.103415884e-13,3.555243732e-13,1.584008566e-13,4.608097099e-14,6.592005686e-14,9.755253953e-14,1.749527393e-13,1.895463124e-13,7.795785532e-13,9.768760255e-14,7.927375969e-13,8.797186792e-14,3.704566304e-13,6.247000761e-14
97.65625,2.173053836e-13,2.392697187e-13,7.980411147e-13,1.257629757e-13,3.186373058e-13,2.678966106e-13,1.145043186e-13,1.203641327e-13,8.426258719e-14,1.328919829e-13,4.624333338e-13,2.568404977e-13,1.012283557e-13,4.742048004e-13,7.684593957e-13,9.863933034e-13,7.102273429e-13,5.772047784e-13,2.085375593e-13,3.639010815e-13,1.563464863e-13,4.619822328e-14,6.550183115e-14,9.765506285e-14,1.718702294e-13,1.879446906e-13,7.6884666e-13,9.912959192e-14,7.827724272e-13,8.727700065e-14,3.662948563e-13,6.214146378e-14
97.6640625,2.181927656e-13,2.409598376e-13,7.911102769e-13,1.258951445e-13,3.183880186e-13,2.656622132e-13,1.131524072e-13,1.197974439e-13,8.447153247e-14,1.299157931e-13,4.583632885e-13,2.569699285e-13,9.95166395e-14,4.705850837e-13,7.515759156e-13,9.680506574e-13,7.016731967e-13,5.709641163e-13,2.066901982e-13,3.72103713e-13,1.542912012e-13,4.631456319e-14,6.509397102e-14,9.782399839e-14,1.687667377e-13,1.863122414e-13,7.577427848e-13,1.005514687e-13,7.727265525e-13,8.657472202e-14,3.621122931e-13,6.184529944e-14
97.671875,2.191437725e-13,2.423688013e-13,7.841307829e-13,1.260678653e-13,3.18315749e-13,2.63436883e-13,1.117957781e-13,1.1924338e-13,8.464217235e-14,1.268782653e-13,4.543150738e-13,2.570994127e-13,9.790820868e-14,4.670016813e-13,7.346309682e-13,9.495767497e-13,6.930466921e-13,5.648223901e-13,2.048632727e-13,3.80080964e-13,1.523472994e-13,4.642167782e-14,6.468352392e-14,9.790189986e-14,1.656490923e-13,1.846532572e-13,7.463970136e-13,1.019658713e-13,7.624721348e-13,8.587478974e-14,3.579268193e-13,6.154702462e-14
97.6796875,2.201949621e-13,2.435914463e-13,7.771090748e-13,1.26305969e-13,3.183940909e-13,2.612813444e-13,1.104308761e-13,1.187037844e-13,8.477516542e-14,1.238204184e-13,4.50226559e-13,2.571956416e-13,9.643896109e-14,4.634113661e-13,7.177589561e-13,9.309286715e-13,6.842123135e-13,5.58565523e-13,2.030914865e-13,3.8788484e-13,1.505413301e-13,4.651314897e-14,6.425477841e-14,9.789257909e-14,1.625206455e-13,1.830110321e-13,7.349327314e-13,1.033757288e-13,7.518722522e-13,8.517682019e-14,3.536653984e-13,6.123585607e-14
97.6875,2.213460914e-13,2.452244903e-13,7.70120954e-13,1.266420156e-13,3.183867078e-13,2.591825286e-13,1.090568173e-13,1.181779643e-13,8.492716315e-14,1.207909691e-13,4.463261879e-13,2.572717216e-13,9.499372863e-14,4.598202011e-13,7.011906504e-13,9.12437435e-13,6.755172402e-13,5.522196629e-13,2.013557326e-13,3.957116806e-13,1.488400697e-13,4.662624812e-14,6.380533276e-14,9.794690774e-14,1.593693832e-13,1.813821265e-13,7.233656106e-13,1.048561177e-13,7.412767961e-13,8.450985424e-14,3.494179957e-13,6.097406829e-14
97.6953125,2.225513815e-13,2.472034206e-13,7.631264e-13,1.270046135e-13,3.184133096e-13,2.571142882e-13,1.076856166e-13,1.177020919e-13,8.515353206e-14,1.17762368e-13,4.425311727e-13,2.573954357e-13,9.357932006e-14,4.564106254e-13,6.848430979e-13,8.942065853e-13,6.670422097e-13,5.459611748e-13,1.996148306e-13,4.033984841e-13,1.472202814e-13,4.677970833e-14,6.334605003e-14,9.808919128e-14,1.562084885e-13,1.79677403e-13,7.116038828e-13,1.063420272e-13,7.308689119e-13,8.383088298e-14,3.453637201e-13,6.076876004e-14
97.703125,2.23769298e-13,2.488669809e-13,7.558955444e-13,1.273563003e-13,3.186906405e-13,2.550777404e-13,1.063370847e-13,1.172803382e-13,8.542907901e-14,1.147109245e-13,4.384771246e-13,2.575394154e-13,9.228810515e-14,4.532297404e-13,6.685814716e-13,8.760816155e-13,6.585427545e-13,5.398397921e-13,1.978965383e-13,4.107309358e-13,1.456732253e-13,4.694443664e-14,6.29022644e-14,9.825416222e-14,1.530866849e-13,1.779293706e-13,6.996705452e-13,1.076391544e-13,7.203989974e-13,8.305914645e-14,3.414945467e-13,6.058503583e-14
97.7109375,2.2510603e-13,2.502178746e-13,7.486530135e-13,1.279390229e-13,3.191944102e-13,2.531055475e-13,1.050339794e-13,1.168573983e-13,8.5699733e-14,1.11687935e-13,4.34363013e-13,2.576867013e-13,9.111234738e-14,4.502423645e-13,6.526176766e-13,8.581326409e-13,6.500983699e-13,5.338968934e-13,1.962734315e-13,4.180776143e-13,1.442084337e-13,4.711889145e-14,6.248435486e-14,9.843338084e-14,1.50036631e-13,1.762926316e-13,6.876924015e-13,1.088492862e-13,7.098939116e-13,8.225207082e-14,3.37770659e-13,6.044118311e-14
97.71875,2.265125952e-13,2.516695639e-13,7.417207493e-13,1.287445263e-13,3.196975657e-13,2.511368024e-13,1.037682403e-13,1.16419879e-13,8.59506441e-14,1.087897582e-13,4.30482528e-13,2.578536543e-13,8.99696394e-14,4.473223965e-13,6.36954431e-13,8.40437702e-13,6.418420882e-13,5.280214675e-13,1.946716628e-13,4.256659111e-13,1.427775832e-13,4.730292651e-14,6.208201349e-14,9.863766671e-14,1.47031781e-13,1.74757665e-13,6.757154398e-13,1.102313122e-13,6.994613553e-13,8.151980679e-14,3.341880449e-13,6.033226104e-14
97.7265625,2.278308488e-13,2.531989674e-13,7.344897125e-13,1.294339542e-13,3.199936863e-13,2.490601091e-13,1.02485294e-13,1.160047648e-13,8.617805911e-14,1.059979277e-13,4.264515758e-13,2.579048454e-13,8.881139864e-14,4.441475144e-13,6.212012093e-13,8.228605728e-13,6.336111666e-13,5.219767951e-13,1.92992154e-13,4.331818154e-13,1.412742894e-13,4.747489134e-14,6.170507687e-14,9.8818914e-14,1.440292802e-13,1.731700189e-13,6.637479426e-13,1.117256029e-13,6.88809953e-13,8.082031154e-14,3.306097709e-13,6.021938337e-14
97.734375,2.292578197e-13,2.546189601e-13,7.262400249e-13,1.300417754e-13,3.202366945e-13,2.468934332e-13,1.011529879e-13,1.155831257e-13,8.636271965e-14,1.031732624e-13,4.219529248e-13,2.577128471e-13,8.766614179e-14,4.406471921e-13,6.052941403e-13,8.053311395e-13,6.253264408e-13,5.158315575e-13,1.913166947e-13,4.405057252e-13,1.39711616e-13,4.765041585e-14,6.13599938e-14,9.892261892e-14,1.410182296e-13,1.714771209e-13,6.51765905e-13,1.130647454e-13,6.7778033e-13,8.004020531e-14,3.269223304e-13,6.011427228e-14
97.7421875,2.30876239e-13,2.55954535e-13,7.174028224e-13,1.308141848e-13,3.206124926e-13,2.446553096e-13,9.980239336e-14,1.150834753e-13,8.64777366e-14,1.003138235e-13,4.172617339e-13,2.573962062e-13,8.656848674e-14,4.370640774e-13,5.895321269e-13,7.878980145e-13,6.170635869e-13,5.097694247e-13,1.896554097e-13,4.476632311e-13,1.381981769e-13,4.78197351e-14,6.101055031e-14,9.899473678e-14,1.379987564e-13,1.697354377e-13,6.397361627e-13,1.141738126e-13,6.666155559e-13,7.917739705e-14,3.231880375e-13,6.001549372e-14
97.75,2.32372619e-13,2.573646622e-13,7.087257528e-13,1.317768614e-13,3.209510628e-13,2.423695016e-13,9.848692458e-14,1.145334977e-13,8.655299986e-14,9.755088795e-14,4.12599192e-13,2.571349546e-13,8.552839364e-14,4.335435873e-13,5.740665609e-13,7.705967233e-13,6.08824213e-13,5.037615619e-13,1.879047617e-13,4.54469519e-13,1.367459621e-13,4.794863815e-14,6.063616138e-14,9.912426106e-14,1.349729468e-13,1.68004837e-13,6.277425353e-13,1.152279543e-13,6.555798991e-13,7.829545633e-14,3.195409089e-13,5.990074334e-14
97.7578125,2.339194084e-13,2.588898268e-13,7.001850007e-13,1.328944211e-13,3.213487817e-13,2.402525808e-13,9.723981335e-14,1.14024407e-13,8.669143774e-14,9.489898601e-14,4.079165321e-13,2.5695563e-13,8.460668945e-14,4.302715522e-13,5.588671983e-13,7.534451405e-13,6.00666048e-13,4.978443334e-13,1.861676651e-13,4.610165041e-13,1.353319009e-13,4.81007897e-14,6.027107346e-14,9.930084105e-14,1.319642269e-13,1.663133548e-13,6.157873556e-13,1.163472516e-13,6.4466529e-13,7.741388505e-14,3.160842434e-13,5.982082445e-14
97.765625,2.359037175e-13,2.602506709e-13,6.914054198e-13,1.340015647e-13,3.221087489e-13,2.383345432e-13,9.605366891e-14,1.135577753e-13,8.688704457e-14,9.232769841e-14,4.031794282e-13,2.567449105e-13,8.379641959e-14,4.273159529e-13,5.438306496e-13,7.364814404e-13,5.927323156e-13,4.920785726e-13,1.845298786e-13,4.675620261e-13,1.339896645e-13,4.830775803e-14,5.995286373e-14,9.947090472e-14,1.290045116e-13,1.646380573e-13,6.037660818e-13,1.174045807e-13,6.335332577e-13,7.65272814e-14,3.127213895e-13,5.981009709e-14
97.7734375,2.378913927e-13,2.613393033e-13,6.823200675e-13,1.349716188e-13,3.229038055e-13,2.362878476e-13,9.490694888e-14,1.130849553e-13,8.700197174e-14,8.987243797e-14,3.983653599e-13,2.563862881e-13,8.296406646e-14,4.242710373e-13,5.289893934e-13,7.19878991e-13,5.850268615e-13,4.863327056e-13,1.828241858e-13,4.738663664e-13,1.327029925e-13,4.846306593e-14,5.968351251e-14,9.965517583e-14,1.261174022e-13,1.629501943e-13,5.918028092e-13,1.18296722e-13,6.22105233e-13,7.562379932e-14,3.092606629e-13,5.981998832e-14
97.78125,2.395038851e-13,2.625142472e-13,6.731735211e-13,1.360385857e-13,3.234507878e-13,2.340668103e-13,9.379434741e-14,1.126222571e-13,8.702884774e-14,8.747574976e-14,3.934967658e-13,2.559239849e-13,8.21462424e-14,4.209832984e-13,5.145749833e-13,7.037408151e-13,5.773988478e-13,4.805814871e-13,1.810418333e-13,4.796402481e-13,1.314428799e-13,4.855075967e-14,5.943252277e-14,9.98638362e-14,1.233067107e-13,1.61246281e-13,5.799468583e-13,1.191270211e-13,6.10781324e-13,7.468962517e-14,3.057831121e-13,5.983179494e-14
97.7890625,2.412447522e-13,2.637583748e-13,6.640596485e-13,1.372674087e-13,3.241686717e-13,2.319344895e-13,9.268244914e-14,1.121874118e-13,8.707151325e-14,8.50366969e-14,3.886408371e-13,2.554388746e-13,8.150503549e-14,4.17810486e-13,5.004754941e-13,6.877610838e-13,5.696630082e-13,4.748568582e-13,1.793482104e-13,4.850897878e-13,1.302792747e-13,4.866794576e-14,5.9170731e-14,1.000252092e-13,1.205360033e-13,1.595002497e-13,5.679446094e-13,1.199293537e-13,5.994432402e-13,7.375758421e-14,3.02421232e-13,5.985927329e-14
97.796875,2.433477239e-13,2.646086396e-13,6.547534182e-13,1.384511882e-13,3.251728792e-13,2.298873196e-13,9.153420467e-14,1.117672609e-13,8.713616881e-14,8.259326659e-14,3.837651558e-13,2.548719953e-13,8.099300002e-14,4.147753377e-13,4.86419938e-13,6.71854761e-13,5.617998334e-13,4.690217382e-13,1.7769278e-13,4.903866964e-13,1.292589589e-13,4.88147072e-14,5.891120398e-14,1.001260262e-13,1.17779753e-13,1.577231728e-13,5.559524855e-13,1.205917685e-13,5.876877188e-13,7.285677566e-14,2.990896062e-13,5.991231171e-14
97.8046875,2.454105468e-13,2.651708378e-13,6.453387836e-13,1.396488862e-13,3.261242966e-13,2.278330321e-13,9.040612811e-14,1.114070192e-13,8.721793011e-14,8.022621435e-14,3.788631884e-13,2.542363096e-13,8.053980657e-14,4.117298505e-13,4.728049745e-13,6.566657587e-13,5.541483885e-13,4.631987174e-13,1.760078032e-13,4.954635286e-13,1.283225743e-13,4.895806634e-14,5.868707936e-14,1.002689621e-13,1.150999416e-13,1.560322319e-13,5.444319002e-13,1.211122638e-13,5.760282041e-13,7.195386458e-14,2.958437717e-13,6.003996215e-14
97.8125,2.473609125e-13,2.658373656e-13,6.361766998e-13,1.408690646e-13,3.270501143e-13,2.258193501e-13,8.935818944e-14,1.111497629e-13,8.735042981e-14,7.79816748e-14,3.739739421e-13,2.536324068e-13,8.019622628e-14,4.088577135e-13,4.599761382e-13,6.42420777e-13,5.470018778e-13,4.577083121e-13,1.743721162e-13,5.003910076e-13,1.274071501e-13,4.911680947e-14,5.851118543e-14,1.005078107e-13,1.12562016e-13,1.544827516e-13,5.331777808e-13,1.216278563e-13,5.648648936e-13,7.105488584e-14,2.928284388e-13,6.025062788e-14
97.8203125,2.494136059e-13,2.664733375e-13,6.269936809e-13,1.419516049e-13,3.280606234e-13,2.237475187e-13,8.833878037e-14,1.109470971e-13,8.75033851e-14,7.590262718e-14,3.689733497e-13,2.529663794e-13,7.987496695e-14,4.061575879e-13,4.473736088e-13,6.283988863e-13,5.400603344e-13,4.524001454e-13,1.727305635e-13,5.052066777e-13,1.264819965e-13,4.927495639e-14,5.837797216e-14,1.008020135e-13,1.101111262e-13,1.529514289e-13,5.217349694e-13,1.222157981e-13,5.535418362e-13,7.019925051e-14,2.899434705e-13,6.048080654e-14
97.828125,2.515408914e-13,2.669051338e-13,6.173181999e-13,1.430296386e-13,3.290449949e-13,2.215699608e-13,8.731406297e-14,1.107482171e-13,8.765047531e-14,7.394054483e-14,3.637824862e-13,2.521287271e-13,7.95107113e-14,4.034038174e-13,4.346707113e-13,6.143300311e-13,5.329024577e-13,4.469458749e-13,1.70990834e-13,5.097896914e-13,1.255437978e-13,4.941931813e-14,5.825934281e-14,1.011287759e-13,1.076602024e-13,1.513349721e-13,5.103109136e-13,1.227551065e-13,5.418881461e-13,6.933287786e-14,2.871283882e-13,6.072666894e-14
97.8359375,2.536275744e-13,2.671979191e-13,6.074181486e-13,1.441450571e-13,3.299960487e-13,2.194941646e-13,8.632476382e-14,1.105374044e-13,8.777776562e-14,7.199643028e-14,3.585447843e-13,2.511994113e-13,7.924180119e-14,4.005841152e-13,4.223070858e-13,6.00671859e-13,5.25660329e-13,4.413904572e-13,1.692240459e-13,5.141406994e-13,1.246183221e-13,4.956472411e-14,5.81218336e-14,1.014444709e-13,1.052111231e-13,1.496910496e-13,4.992873958e-13,1.230480853e-13,5.304371142e-13,6.840862039e-14,2.844149784e-13,6.100946565e-14
97.84375,2.556227609e-13,2.672474639e-13,5.976087099e-13,1.451207397e-13,3.30943101e-13,2.175062417e-13,8.535149403e-14,1.10318326e-13,8.784539415e-14,7.00914826e-14,3.533376128e-13,2.502096495e-13,7.907021617e-14,3.977342391e-13,4.103562606e-13,5.873826722e-13,5.185801245e-13,4.358123611e-13,1.674754065e-13,5.182200412e-13,1.237046769e-13,4.969125057e-14,5.797612742e-14,1.016770674e-13,1.027920558e-13,1.48082401e-13,4.885953761e-13,1.231591464e-13,5.190013873e-13,6.748668244e-14,2.816923556e-13,6.13055136e-14
97.8515625,2.575697474e-13,2.670974079e-13,5.877373899e-13,1.461395036e-13,3.319662165e-13,2.154051273e-13,8.435621426e-14,1.101635563e-13,8.792651108e-14,6.829428041e-14,3.481653009e-13,2.491538903e-13,7.889816795e-14,3.94940868e-13,3.985486729e-13,5.741632866e-13,5.115509423e-13,4.301872208e-13,1.657520254e-13,5.218572922e-13,1.228211583e-13,4.981357529e-14,5.785364425e-14,1.01887064e-13,1.004154103e-13,1.464693172e-13,4.779869445e-13,1.233594319e-13,5.07241651e-13,6.658835621e-14,2.789999121e-13,6.16534303e-14
97.859375,2.595918408e-13,2.67039e-13,5.77795066e-13,1.473831413e-13,3.33203672e-13,2.13290122e-13,8.338870648e-14,1.101155771e-13,8.809813567e-14,6.658954732e-14,3.431058915e-13,2.480973867e-13,7.882896516e-14,3.923386847e-13,3.870472798e-13,5.613110945e-13,5.045266113e-13,4.246710686e-13,1.641137227e-13,5.250930834e-13,1.220483827e-13,4.997672847e-14,5.775681609e-14,1.021612765e-13,9.81308916e-14,1.448152116e-13,4.673776739e-13,1.23667445e-13,4.955291757e-13,6.566874858e-14,2.765045422e-13,6.209974544e-14
97.8671875,2.616352863e-13,2.669176404e-13,5.678419857e-13,1.486534567e-13,3.3448069e-13,2.112747871e-13,8.247579004e-14,1.101005159e-13,8.82524138e-14,6.494162921e-14,3.38079986e-13,2.469753007e-13,7.893207675e-14,3.897631774e-13,3.76023894e-13,5.490830771e-13,4.976545009e-13,4.193619713e-13,1.625312106e-13,5.279884247e-13,1.213613553e-13,5.014804171e-14,5.768124418e-14,1.024114559e-13,9.597683578e-14,1.43144907e-13,4.56918e-13,1.238581377e-13,4.840675547e-13,6.47254444e-14,2.741340181e-13,6.257657158e-14
97.875,2.635725318e-13,2.663595807e-13,5.577969564e-13,1.498479813e-13,3.356475887e-13,2.092179062e-13,8.157021295e-14,1.100912078e-13,8.835099255e-14,6.334412487e-14,3.329189697e-13,2.457139023e-13,7.910953488e-14,3.87115244e-13,3.653540967e-13,5.372366141e-13,4.909079008e-13,4.141033077e-13,1.609458423e-13,5.30401446e-13,1.206359655e-13,5.029895652e-14,5.7624785e-14,1.025921379e-13,9.390967948e-14,1.414873621e-13,4.467644055e-13,1.238596409e-13,4.726587132e-13,6.376629003e-14,2.718411475e-13,6.304366019e-14
97.8828125,2.65522163e-13,2.655366307e-13,5.478540032e-13,1.509860821e-13,3.369635151e-13,2.071249064e-13,8.066251157e-14,1.101372367e-13,8.849906267e-14,6.179927541e-14,3.277435069e-13,2.444507637e-13,7.935302976e-14,3.846513561e-13,3.550402515e-13,5.256871803e-13,4.842682632e-13,4.088345657e-13,1.594095809e-13,5.324241825e-13,1.199044925e-13,5.046041662e-14,5.756626443e-14,1.028315881e-13,9.187475832e-14,1.398516508e-13,4.367971724e-13,1.237831323e-13,4.613213191e-13,6.280101889e-14,2.697147907e-13,6.354284565e-14
97.890625,2.676104012e-13,2.64833164e-13,5.381929085e-13,1.52072997e-13,3.385107265e-13,2.051360217e-13,7.978646105e-14,1.102437515e-13,8.867156822e-14,6.033190077e-14,3.227699447e-13,2.432517924e-13,7.972252806e-14,3.8241065e-13,3.451516491e-13,5.146552928e-13,4.779551404e-13,4.036938854e-13,1.57938892e-13,5.34354646e-13,1.192886273e-13,5.062767494e-14,5.750004506e-14,1.03161363e-13,8.989209012e-14,1.382373985e-13,4.269168774e-13,1.237203197e-13,4.501556476e-13,6.187115488e-14,2.677027058e-13,6.406738967e-14
97.8984375,2.697459899e-13,2.642254226e-13,5.285857699e-13,1.531923502e-13,3.401169656e-13,2.032140928e-13,7.89669022e-14,1.104261828e-13,8.882516939e-14,5.896910391e-14,3.179412153e-13,2.420079048e-13,8.019466194e-14,3.802401544e-13,3.356656299e-13,5.042382522e-13,4.720155117e-13,3.987167857e-13,1.564837277e-13,5.362225708e-13,1.187529181e-13,5.079324517e-14,5.746395246e-14,1.035063288e-13,8.802355913e-14,1.366594137e-13,4.172926433e-13,1.236516357e-13,4.391703679e-13,6.095988784e-14,2.657874955e-13,6.461843949e-14
97.90625,2.71839662e-13,2.633986012e-13,5.189407491e-13,1.542357405e-13,3.417979448e-13,2.013055452e-13,7.820600181e-14,1.10698492e-13,8.903433729e-14,5.769520427e-14,3.131009489e-13,2.40690964e-13,8.072635012e-14,3.781853064e-13,3.266138111e-13,4.943520652e-13,4.661843603e-13,3.937680913e-13,1.550519577e-13,5.379158766e-13,1.182145369e-13,5.098079774e-14,5.748411292e-14,1.038860198e-13,8.62779199e-14,1.35155628e-13,4.079879464e-13,1.234625493e-13,4.284297441e-13,6.001767139e-14,2.640236494e-13,6.524046216e-14
97.9140625,2.738628318e-13,2.62180091e-13,5.094259144e-13,1.550998125e-13,3.435298751e-13,1.99402819e-13,7.745343831e-14,1.110057101e-13,8.928359215e-14,5.648289567e-14,3.082471012e-13,2.393395757e-13,8.132383087e-14,3.762248927e-13,3.179483348e-13,4.848612204e-13,4.602930056e-13,3.887513243e-13,1.53660582e-13,5.393914011e-13,1.177065101e-13,5.117611162e-14,5.753497256e-14,1.043106289e-13,8.460258125e-14,1.337009378e-13,3.98914055e-13,1.231400007e-13,4.179443267e-13,5.90811791e-14,2.623613164e-13,6.589429818e-14
97.921875,2.757551684e-13,2.607669849e-13,4.999837477e-13,1.560304703e-13,3.451916798e-13,1.974361934e-13,7.668475801e-14,1.113601611e-13,8.952114034e-14,5.535011684e-14,3.034191521e-13,2.379491388e-13,8.201879537e-14,3.74260139e-13,3.094951659e-13,4.756732721e-13,4.543688098e-13,3.836658988e-13,1.522866867e-13,5.405702594e-13,1.172469151e-13,5.136725083e-14,5.75982009e-14,1.047085833e-13,8.298851725e-14,1.322088243e-13,3.901045936e-13,1.228308439e-13,4.076076743e-13,5.817950971e-14,2.60848626e-13,6.654024624e-14
97.9296875,2.774856439e-13,2.59404654e-13,4.904098181e-13,1.570032176e-13,3.467625882e-13,1.954290118e-13,7.597794792e-14,1.118087279e-13,8.9772804e-14,5.433897711e-14,2.98546624e-13,2.364714858e-13,8.277913789e-14,3.722673281e-13,3.012315732e-13,4.668052063e-13,4.484950194e-13,3.785058421e-13,1.509072419e-13,5.414473179e-13,1.167535239e-13,5.15613766e-14,5.770791048e-14,1.050670138e-13,8.148362588e-14,1.307018123e-13,3.815372176e-13,1.225464181e-13,3.973185225e-13,5.72611091e-14,2.594605842e-13,6.725175082e-14
97.9375,2.791234569e-13,2.579417579e-13,4.806932219e-13,1.577049471e-13,3.481827337e-13,1.934474318e-13,7.536389703e-14,1.122938622e-13,8.999353411e-14,5.343822086e-14,2.935638153e-13,2.348363648e-13,8.354358364e-14,3.701482999e-13,2.933334646e-13,4.584000274e-13,4.428835156e-13,3.733562003e-13,1.49545003e-13,5.421693664e-13,1.161885656e-13,5.173230717e-14,5.787621172e-14,1.05422693e-13,8.009967097e-14,1.292764963e-13,3.73103794e-13,1.221297799e-13,3.871516493e-13,5.632057932e-14,2.5795027e-13,6.805786221e-14
97.9453125,2.807975703e-13,2.560402684e-13,4.711254831e-13,1.58296868e-13,3.495728656e-13,1.914783953e-13,7.477438116e-14,1.128269322e-13,9.017670672e-14,5.257455174e-14,2.88547082e-13,2.331185786e-13,8.438738755e-14,3.680240416e-13,2.859935402e-13,4.506685853e-13,4.377311023e-13,3.684332053e-13,1.482942633e-13,5.427569376e-13,1.156458111e-13,5.189798336e-14,5.805187497e-14,1.058017208e-13,7.882297607e-14,1.278979412e-13,3.648580867e-13,1.215448977e-13,3.773713051e-13,5.539944857e-14,2.564570181e-13,6.889337445e-14
97.953125,2.824838868e-13,2.536206178e-13,4.620802355e-13,1.589848021e-13,3.511890923e-13,1.896073669e-13,7.420631368e-14,1.134804901e-13,9.043697524e-14,5.171070405e-14,2.836004244e-13,2.314728216e-13,8.536991508e-14,3.661817562e-13,2.791915013e-13,4.435466195e-13,4.328708495e-13,3.637224759e-13,1.471536332e-13,5.430043649e-13,1.15224597e-13,5.21065065e-14,5.822109874e-14,1.062305242e-13,7.764621217e-14,1.264964857e-13,3.568230457e-13,1.208518718e-13,3.679967137e-13,5.44906291e-14,2.552934442e-13,6.973844591e-14
97.9609375,2.83994016e-13,2.509582443e-13,4.534661013e-13,1.59550565e-13,3.528079114e-13,1.878821555e-13,7.370163653e-14,1.141613951e-13,9.072627891e-14,5.090168229e-14,2.787661023e-13,2.2981664e-13,8.63618931e-14,3.644172105e-13,2.726913195e-13,4.366892285e-13,4.280488736e-13,3.589742288e-13,1.459724566e-13,5.428908603e-13,1.149027766e-13,5.230942319e-14,5.843335102e-14,1.066706698e-13,7.654438103e-14,1.251336264e-13,3.489237309e-13,1.200820113e-13,3.587689334e-13,5.35918493e-14,2.542137307e-13,7.060489668e-14
97.96875,2.854505935e-13,2.484299877e-13,4.448512985e-13,1.600388264e-13,3.542288596e-13,1.861557785e-13,7.324515723e-14,1.148206691e-13,9.092923882e-14,5.020185919e-14,2.740729843e-13,2.280420694e-13,8.735778615e-14,3.625021588e-13,2.664795909e-13,4.301788588e-13,4.234499073e-13,3.542517989e-13,1.447822483e-13,5.42808341e-13,1.145997186e-13,5.246990038e-14,5.869062089e-14,1.070542166e-13,7.553250894e-14,1.238666777e-13,3.412952496e-13,1.193112537e-13,3.497705332e-13,5.272415993e-14,2.530451853e-13,7.148868395e-14
97.9765625,2.872174688e-13,2.460002335e-13,4.361979786e-13,1.607281047e-13,3.558270481e-13,1.844295827e-13,7.283291125e-14,1.15588835e-13,9.114704881e-14,4.958571339e-14,2.694496977e-13,2.263036084e-13,8.853581168e-14,3.607485611e-13,2.607605403e-13,4.243931263e-13,4.193270309e-13,3.498219116e-13,1.437573274e-13,5.429060433e-13,1.142840448e-13,5.264545327e-14,5.895185171e-14,1.074117257e-13,7.46532119e-14,1.226786241e-13,3.340535698e-13,1.185694782e-13,3.412190181e-13,5.185760174e-14,2.520629906e-13,7.241855334e-14
97.984375,2.891182341e-13,2.432969271e-13,4.276837787e-13,1.614501589e-13,3.576124618e-13,1.828083486e-13,7.247563311e-14,1.164729362e-13,9.144578888e-14,4.903521814e-14,2.647571583e-13,2.246363373e-13,8.986331831e-14,3.59190195e-13,2.554463849e-13,4.191605437e-13,4.154771666e-13,3.455836705e-13,1.427895759e-13,5.427221441e-13,1.139659103e-13,5.283241326e-14,5.922356791e-14,1.07794212e-13,7.386649151e-14,1.215643809e-13,3.269838328e-13,1.177663122e-13,3.328658452e-13,5.096023249e-14,2.511722385e-13,7.342544577e-14
97.9921875,2.906254515e-13,2.403376642e-13,4.191185762e-13,1.619313597e-13,3.591250563e-13,1.811724406e-13,7.215092821e-14,1.174099335e-13,9.173097978e-14,4.860021796e-14,2.599879676e-13,2.228165745e-13,9.117102101e-14,3.574326343e-13,2.503626178e-13,4.142436679e-13,4.116893134e-13,3.412921794e-13,1.416814801e-13,5.421068202e-13,1.136481325e-13,5.29804421e-14,5.952588494e-14,1.081955768e-13,7.313606643e-14,1.204645909e-13,3.199378694e-13,1.168821771e-13,3.245071839e-13,5.004978712e-14,2.500877319e-13,7.45031337e-14
98,2.917914438e-13,2.373705624e-13,4.102246409e-13,1.623188407e-13,3.604227586e-13,1.793915246e-13,7.185072432e-14,1.184749621e-13,9.201835788e-14,4.827757159e-14,2.551128755e-13,2.207895628e-13,9.246581925e-14,3.554337156e-13,2.455626074e-13,4.099060467e-13,4.080266914e-13,3.36930696e-13,1.405083473e-13,5.414975963e-13,1.133019592e-13,5.310385806e-14,5.983909176e-14,1.08626858e-13,7.249987544e-14,1.192817557e-13,3.130556297e-13,1.159674176e-13,3.163445338e-13,4.912044772e-14,2.489280629e-13,7.563831089e-14
98.0078125,2.930439962e-13,2.342188115e-13,4.01089232e-13,1.628394897e-13,3.617810294e-13,1.774935443e-13,7.156849102e-14,1.196677898e-13,9.237085617e-14,4.798393562e-14,2.500379878e-13,2.186816268e-13,9.381456351e-14,3.53342713e-13,2.409787595e-13,4.061046454e-13,4.043829308e-13,3.324953512e-13,1.393589239e-13,5.409221368e-13,1.129138273e-13,5.320646451e-14,6.014542588e-14,1.09076886e-13,7.19393129e-14,1.180514203e-13,3.064265922e-13,1.149999449e-13,3.083954029e-13,4.815834206e-14,2.477372576e-13,7.680430423e-14
98.015625,2.944045238e-13,2.306801915e-13,3.921654167e-13,1.634250217e-13,3.632057899e-13,1.756145644e-13,7.130503058e-14,1.208875549e-13,9.274497564e-14,4.771770061e-14,2.449981275e-13,2.165390463e-13,9.524940367e-14,3.512818488e-13,2.365812107e-13,4.024909556e-13,4.006677476e-13,3.280299942e-13,1.382141624e-13,5.400920746e-13,1.125674014e-13,5.32925029e-14,6.045308098e-14,1.094992115e-13,7.143642207e-14,1.168495825e-13,2.999885094e-13,1.13972396e-13,3.005510869e-13,4.721169921e-14,2.46488216e-13,7.797710888e-14
98.0234375,2.955995855e-13,2.270217921e-13,3.838799742e-13,1.639018686e-13,3.647953729e-13,1.739603371e-13,7.111064873e-14,1.221531961e-13,9.313033683e-14,4.753624162e-14,2.403420487e-13,2.143887375e-13,9.68314969e-14,3.495229566e-13,2.326873513e-13,3.992345658e-13,3.971701764e-13,3.237658414e-13,1.371465636e-13,5.390964608e-13,1.123430122e-13,5.34180341e-14,6.076840904e-14,1.099315701e-13,7.107170585e-14,1.15651049e-13,2.93675954e-13,1.129383915e-13,2.930107977e-13,4.630861282e-14,2.454727852e-13,7.91689504e-14
98.03125,2.965781702e-13,2.235264042e-13,3.760408712e-13,1.64297257e-13,3.665023769e-13,1.724403745e-13,7.096694663e-14,1.235110309e-13,9.354186136e-14,4.739723454e-14,2.359577098e-13,2.122494501e-13,9.852562444e-14,3.479843279e-13,2.293805151e-13,3.965963254e-13,3.940297593e-13,3.197478525e-13,1.361768129e-13,5.379619508e-13,1.121633895e-13,5.356262699e-14,6.10857775e-14,1.104062645e-13,7.084051652e-14,1.144809314e-13,2.874741795e-13,1.119427739e-13,2.858805011e-13,4.540942714e-14,2.447047607e-13,8.038772794e-14
98.0390625,2.976056456e-13,2.200602341e-13,3.681526486e-13,1.647150722e-13,3.680352238e-13,1.707703961e-13,7.07998995e-14,1.249500205e-13,9.394642786e-14,4.72593312e-14,2.315772939e-13,2.100553865e-13,1.002003343e-13,3.462618303e-13,2.26407758e-13,3.9449895e-13,3.911194007e-13,3.157976941e-13,1.352110717e-13,5.366336319e-13,1.119255474e-13,5.366292982e-14,6.140649663e-14,1.108520477e-13,7.064972721e-14,1.134395976e-13,2.814658192e-13,1.110172414e-13,2.790113354e-13,4.451535193e-14,2.438408738e-13,8.163473492e-14
98.046875,2.988660374e-13,2.163110283e-13,3.603114798e-13,1.65080931e-13,3.694596449e-13,1.690873894e-13,7.066700891e-14,1.264705811e-13,9.435659124e-14,4.719723765e-14,2.272075928e-13,2.077945704e-13,1.018470972e-13,3.444214794e-13,2.237599454e-13,3.929343254e-13,3.885193667e-13,3.118938552e-13,1.342663803e-13,5.354207286e-13,1.116604593e-13,5.375855221e-14,6.174875688e-14,1.11271197e-13,7.052374971e-14,1.125092332e-13,2.757318686e-13,1.10117404e-13,2.724377249e-13,4.366758368e-14,2.429295727e-13,8.292013119e-14
98.0546875,3.000761932e-13,2.12284021e-13,3.528240327e-13,1.653562418e-13,3.709160941e-13,1.675747258e-13,7.063907052e-14,1.280444421e-13,9.478088263e-14,4.723350352e-14,2.228864046e-13,2.055332436e-13,1.035692115e-13,3.42673836e-13,2.215132425e-13,3.918948688e-13,3.862471212e-13,3.080794778e-13,1.333798003e-13,5.342984086e-13,1.11417128e-13,5.38689405e-14,6.211242312e-14,1.117269036e-13,7.05189336e-14,1.115885566e-13,2.701832607e-13,1.091459181e-13,2.662281761e-13,4.283715922e-14,2.421465891e-13,8.422189058e-14
98.0625,3.009175341e-13,2.082477181e-13,3.45508842e-13,1.657040291e-13,3.72262005e-13,1.660327078e-13,7.065713399e-14,1.296719971e-13,9.517933204e-14,4.729186499e-14,2.185978696e-13,2.032600832e-13,1.054160834e-13,3.408783622e-13,2.196289467e-13,3.913420913e-13,3.841039796e-13,3.043388515e-13,1.324964927e-13,5.328238516e-13,1.111771828e-13,5.393642968e-14,6.246659117e-14,1.12165614e-13,7.061747435e-14,1.106492416e-13,2.647146964e-13,1.081057928e-13,2.602465799e-13,4.196419909e-14,2.413413093e-13,8.553800921e-14
98.0703125,3.01574323e-13,2.04151243e-13,3.382545007e-13,1.661554688e-13,3.735316346e-13,1.644638684e-13,7.070496623e-14,1.314140981e-13,9.55788403e-14,4.738367898e-14,2.144007113e-13,2.009205176e-13,1.073667241e-13,3.390162333e-13,2.181811994e-13,3.913780838e-13,3.821222404e-13,3.00703053e-13,1.316311321e-13,5.310859668e-13,1.109293037e-13,5.397892205e-14,6.280653919e-14,1.125591361e-13,7.082888735e-14,1.097251975e-13,2.593726811e-13,1.070130713e-13,2.545080509e-13,4.105674231e-14,2.404733968e-13,8.690939867e-14
98.078125,3.022103474e-13,1.997949976e-13,3.31316899e-13,1.66575461e-13,3.747142632e-13,1.630118029e-13,7.082059762e-14,1.332534755e-13,9.600163802e-14,4.758442962e-14,2.103251446e-13,1.98516911e-13,1.093788914e-13,3.371542817e-13,2.171576069e-13,3.91894947e-13,3.803693706e-13,2.970788383e-13,1.308067413e-13,5.293606699e-13,1.106803909e-13,5.403203767e-14,6.315001569e-14,1.130070912e-13,7.115423722e-14,1.088663809e-13,2.541935203e-13,1.058331878e-13,2.492040516e-13,4.016437254e-14,2.396658769e-13,8.829746547e-14
98.0859375,3.026233496e-13,1.954111798e-13,3.247570247e-13,1.669588182e-13,3.755831311e-13,1.61500654e-13,7.097279113e-14,1.351963849e-13,9.641298261e-14,4.787346512e-14,2.063865702e-13,1.96083545e-13,1.114294825e-13,3.351967116e-13,2.164521946e-13,3.927998646e-13,3.787539588e-13,2.933820916e-13,1.299786411e-13,5.276013866e-13,1.104288059e-13,5.405741075e-14,6.34833852e-14,1.135494069e-13,7.154940364e-14,1.081020321e-13,2.491351396e-13,1.046617996e-13,2.443560904e-13,3.931628331e-14,2.389012715e-13,8.964858396e-14
98.09375,3.02844162e-13,1.912074533e-13,3.184227541e-13,1.673168798e-13,3.763860966e-13,1.599076765e-13,7.116018398e-14,1.373365439e-13,9.685851063e-14,4.819211476e-14,2.026062584e-13,1.936642205e-13,1.1356028e-13,3.332587379e-13,2.161638922e-13,3.943839084e-13,3.774373629e-13,2.899030715e-13,1.292012025e-13,5.258772773e-13,1.101724556e-13,5.405396214e-14,6.38049668e-14,1.141425863e-13,7.204342787e-14,1.073915944e-13,2.44216561e-13,1.036099292e-13,2.398539467e-13,3.85054518e-14,2.381746388e-13,9.102505787e-14
98.1015625,3.031043521e-13,1.869627172e-13,3.122964154e-13,1.67588738e-13,3.774076463e-13,1.584565746e-13,7.142750695e-14,1.39606697e-13,9.736496991e-14,4.854314104e-14,1.989430241e-13,1.912795088e-13,1.158319443e-13,3.314435396e-13,2.163422647e-13,3.966478728e-13,3.766145081e-13,2.868414622e-13,1.285386623e-13,5.241426569e-13,1.099142977e-13,5.405056449e-14,6.4143834e-14,1.147497165e-13,7.268956189e-14,1.067099849e-13,2.39504754e-13,1.026016368e-13,2.356537432e-13,3.770636862e-14,2.374938308e-13,9.245362257e-14
98.109375,3.033204769e-13,1.826283018e-13,3.065285928e-13,1.678967509e-13,3.782773897e-13,1.571225204e-13,7.175740811e-14,1.418737984e-13,9.784364383e-14,4.894396509e-14,1.954756475e-13,1.889157826e-13,1.182182842e-13,3.295470351e-13,2.169522109e-13,3.993943585e-13,3.761241913e-13,2.839333708e-13,1.279127472e-13,5.222996833e-13,1.096832259e-13,5.403470856e-14,6.447853865e-14,1.153183263e-13,7.34489632e-14,1.061440889e-13,2.350517807e-13,1.016099228e-13,2.318620541e-13,3.692209577e-14,2.367933654e-13,9.388062072e-14
98.1171875,3.033672945e-13,1.784003754e-13,3.013000737e-13,1.684769576e-13,3.789167314e-13,1.557752295e-13,7.211291412e-14,1.441838796e-13,9.829327987e-14,4.939052547e-14,1.923225196e-13,1.8661803e-13,1.206531782e-13,3.276182166e-13,2.181102515e-13,4.028928474e-13,3.758086426e-13,2.810341348e-13,1.272860395e-13,5.207834551e-13,1.095001365e-13,5.401163839e-14,6.47757953e-14,1.158425682e-13,7.426499925e-14,1.057657509e-13,2.309188921e-13,1.007335172e-13,2.286293938e-13,3.618090676e-14,2.361340557e-13,9.533717458e-14
98.125,3.032821772e-13,1.742398588e-13,2.965384456e-13,1.693247236e-13,3.797507183e-13,1.543709548e-13,7.247909653e-14,1.465672221e-13,9.877971139e-14,4.987882497e-14,1.8931543e-13,1.844450083e-13,1.231670384e-13,3.258805999e-13,2.197468115e-13,4.071489904e-13,3.756860197e-13,2.782808602e-13,1.267076859e-13,5.195792581e-13,1.093228979e-13,5.399187547e-14,6.508696465e-14,1.164011053e-13,7.513587597e-14,1.055006346e-13,2.27084974e-13,9.993401468e-14,2.258571958e-13,3.546808631e-14,2.355990012e-13,9.686266149e-14
98.1328125,3.030419033e-13,1.70096816e-13,2.919752711e-13,1.701437878e-13,3.806650434e-13,1.529358006e-13,7.287483519e-14,1.489810984e-13,9.927704973e-14,5.042266688e-14,1.863108725e-13,1.823144773e-13,1.258139323e-13,3.242168824e-13,2.21636756e-13,4.116679143e-13,3.757931981e-13,2.756713337e-13,1.261664922e-13,5.179439615e-13,1.09130738e-13,5.39672744e-14,6.545857196e-14,1.170424576e-13,7.608973292e-14,1.052396555e-13,2.233859553e-13,9.913358806e-14,2.233363648e-13,3.473363195e-14,2.351443181e-13,9.841088776e-14
98.140625,3.026994506e-13,1.660808141e-13,2.87531417e-13,1.706992226e-13,3.813461971e-13,1.516244736e-13,7.336067038e-14,1.514667837e-13,9.977258872e-14,5.104554965e-14,1.834257263e-13,1.801171358e-13,1.285408462e-13,3.224789556e-13,2.238001075e-13,4.164001262e-13,3.761669002e-13,2.731612788e-13,1.256387824e-13,5.159913278e-13,1.089592649e-13,5.39499896e-14,6.584244977e-14,1.17746096e-13,7.71424298e-14,1.049723499e-13,2.197277884e-13,9.839558341e-14,2.210940262e-13,3.396937048e-14,2.347261709e-13,9.995853444e-14
98.1484375,3.023165264e-13,1.621281476e-13,2.832335561e-13,1.711932826e-13,3.819317998e-13,1.504237447e-13,7.391877043e-14,1.540054349e-13,1.002593933e-13,5.172175832e-14,1.806220044e-13,1.779057286e-13,1.313224203e-13,3.206162055e-13,2.262691181e-13,4.21588379e-13,3.767774921e-13,2.708406522e-13,1.251430681e-13,5.142330604e-13,1.087816682e-13,5.390285413e-14,6.619696452e-14,1.184411857e-13,7.827911288e-14,1.047415371e-13,2.162098273e-13,9.772863463e-14,2.191644723e-13,3.320557214e-14,2.341892391e-13,1.014794972e-13
98.15625,3.017407261e-13,1.581431209e-13,2.791729271e-13,1.719921578e-13,3.824475473e-13,1.491870874e-13,7.447999232e-14,1.565325425e-13,1.006708177e-13,5.239855429e-14,1.778110345e-13,1.757887041e-13,1.342382853e-13,3.185880415e-13,2.291208989e-13,4.273468117e-13,3.776957463e-13,2.687812343e-13,1.247092847e-13,5.123886029e-13,1.085631611e-13,5.37744024e-14,6.654885321e-14,1.190522647e-13,7.95161805e-14,1.045921389e-13,2.129070768e-13,9.707798849e-14,2.175346917e-13,3.245714564e-14,2.334018781e-13,1.029444144e-13
98.1640625,3.009960088e-13,1.542889976e-13,2.756302645e-13,1.730657636e-13,3.827428311e-13,1.480418918e-13,7.509134976e-14,1.591402167e-13,1.010483475e-13,5.311979865e-14,1.751788501e-13,1.737735056e-13,1.372741652e-13,3.16640691e-13,2.326487256e-13,4.338651808e-13,3.791360078e-13,2.66998259e-13,1.24365665e-13,5.105257039e-13,1.08372162e-13,5.363436024e-14,6.691139878e-14,1.196259742e-13,8.089993012e-14,1.04581018e-13,2.097571107e-13,9.651281393e-14,2.164581222e-13,3.17222894e-14,2.326289949e-13,1.044382644e-13
98.171875,3.002739187e-13,1.506404559e-13,2.725310858e-13,1.7424052e-13,3.828541976e-13,1.470028311e-13,7.579154139e-14,1.618898168e-13,1.014695743e-13,5.395754993e-14,1.727519639e-13,1.71791195e-13,1.403390631e-13,3.148573173e-13,2.367695741e-13,4.410703926e-13,3.809850609e-13,2.654310182e-13,1.240559839e-13,5.090978101e-13,1.082197257e-13,5.352074844e-14,6.725727718e-14,1.202823583e-13,8.240003419e-14,1.047129399e-13,2.067552928e-13,9.605682848e-14,2.160282448e-13,3.099385246e-14,2.32041253e-13,1.060090841e-13
98.1796875,2.994302552e-13,1.469935753e-13,2.694215921e-13,1.755727795e-13,3.827928371e-13,1.458213024e-13,7.650165397e-14,1.646979971e-13,1.018626258e-13,5.484055402e-14,1.703198738e-13,1.69791869e-13,1.434960015e-13,3.128679579e-13,2.411094321e-13,4.486930068e-13,3.829777978e-13,2.640012059e-13,1.236956319e-13,5.077578331e-13,1.080151377e-13,5.334317593e-14,6.757906158e-14,1.210247324e-13,8.396083105e-14,1.049261798e-13,2.040073235e-13,9.557588237e-14,2.158408879e-13,3.02624603e-14,2.313486467e-13,1.075653459e-13
98.1875,2.983526384e-13,1.432803931e-13,2.664107944e-13,1.770113201e-13,3.826529207e-13,1.44606332e-13,7.720766245e-14,1.675367578e-13,1.022084392e-13,5.566801323e-14,1.679438078e-13,1.678226975e-13,1.468633212e-13,3.107622681e-13,2.457360808e-13,4.568189077e-13,3.85203691e-13,2.628135839e-13,1.233456715e-13,5.063298532e-13,1.077823126e-13,5.310927321e-14,6.789755173e-14,1.2176143e-13,8.560508155e-14,1.052238996e-13,2.015294374e-13,9.505056444e-14,2.157216328e-13,2.954151641e-14,2.305001862e-13,1.090989862e-13
98.1953125,2.972815685e-13,1.396590614e-13,2.639612594e-13,1.78414838e-13,3.826360227e-13,1.435761448e-13,7.795895676e-14,1.704176354e-13,1.025994579e-13,5.647632799e-14,1.657701803e-13,1.659649392e-13,1.503823909e-13,3.08946258e-13,2.508411335e-13,4.654717877e-13,3.877155501e-13,2.619756241e-13,1.230902011e-13,5.052129767e-13,1.075939234e-13,5.290741468e-14,6.821888995e-14,1.224560184e-13,8.735610247e-14,1.056748196e-13,1.992244947e-13,9.460578949e-14,2.159978516e-13,2.885394385e-14,2.297807816e-13,1.106819283e-13
98.203125,2.962366989e-13,1.361705265e-13,2.619887849e-13,1.799041966e-13,3.825412558e-13,1.425801755e-13,7.87402153e-14,1.733332225e-13,1.030058041e-13,5.73202096e-14,1.637256341e-13,1.641802683e-13,1.539160824e-13,3.071420715e-13,2.563771358e-13,4.745151329e-13,3.903943608e-13,2.613630859e-13,1.229055039e-13,5.04193425e-13,1.073791238e-13,5.270641244e-14,6.85342537e-14,1.231542806e-13,8.920477546e-14,1.062789821e-13,1.970630042e-13,9.425788924e-14,2.168260353e-13,2.819056297e-14,2.291648674e-13,1.122904743e-13
98.2109375,2.950111198e-13,1.327452113e-13,2.601904077e-13,1.815566301e-13,3.820695435e-13,1.415167457e-13,7.955374528e-14,1.762971482e-13,1.033386199e-13,5.816988213e-14,1.617974656e-13,1.623595362e-13,1.57465087e-13,3.049779956e-13,2.623462552e-13,4.841146351e-13,3.93358639e-13,2.608808264e-13,1.22790081e-13,5.030219238e-13,1.070874063e-13,5.245232186e-14,6.884596973e-14,1.238707563e-13,9.116705407e-14,1.069937244e-13,1.951075612e-13,9.394791352e-14,2.180401831e-13,2.753782222e-14,2.284639342e-13,1.138809591e-13
98.21875,2.936790592e-13,1.294229555e-13,2.585367034e-13,1.832571217e-13,3.813388946e-13,1.404483536e-13,8.042831172e-14,1.792542667e-13,1.035982189e-13,5.90028404e-14,1.600157583e-13,1.604879572e-13,1.611400253e-13,3.026673441e-13,2.686755244e-13,4.942464107e-13,3.966724647e-13,2.60618159e-13,1.227321555e-13,5.019912277e-13,1.067995764e-13,5.216169712e-14,6.915874133e-14,1.245326796e-13,9.323037031e-14,1.078130343e-13,1.933693827e-13,9.369755849e-14,2.195530737e-13,2.690361472e-14,2.276766413e-13,1.154481539e-13
98.2265625,2.924124331e-13,1.262970584e-13,2.570817256e-13,1.850695399e-13,3.805281172e-13,1.393957075e-13,8.133796545e-14,1.821750984e-13,1.038239206e-13,5.985093894e-14,1.582846298e-13,1.5863591e-13,1.649710209e-13,3.004239065e-13,2.752231539e-13,5.04622315e-13,4.001713559e-13,2.60639716e-13,1.226441414e-13,5.01044456e-13,1.065474265e-13,5.185184667e-14,6.94699101e-14,1.251370531e-13,9.534362999e-14,1.087313932e-13,1.917702503e-13,9.353976989e-14,2.213874552e-13,2.627493177e-14,2.268283003e-13,1.170007259e-13
98.234375,2.912021452e-13,1.23353352e-13,2.559182051e-13,1.871344135e-13,3.797612645e-13,1.384577496e-13,8.228024622e-14,1.851710183e-13,1.040625418e-13,6.075805714e-14,1.566016467e-13,1.568535687e-13,1.689020481e-13,2.982894249e-13,2.820853453e-13,5.153284523e-13,4.038612476e-13,2.609037609e-13,1.225410381e-13,5.000873907e-13,1.062938182e-13,5.154441428e-14,6.977967259e-14,1.257690102e-13,9.751646445e-14,1.097309813e-13,1.902791239e-13,9.343889647e-14,2.234935719e-13,2.563005325e-14,2.259581494e-13,1.185844738e-13
98.2421875,2.899302123e-13,1.20463335e-13,2.551099887e-13,1.893693743e-13,3.790982825e-13,1.37623257e-13,8.328369795e-14,1.882302754e-13,1.042914391e-13,6.174525531e-14,1.550314698e-13,1.551278836e-13,1.729426253e-13,2.962523935e-13,2.892802395e-13,5.263814572e-13,4.077583205e-13,2.613231568e-13,1.22509262e-13,4.99284393e-13,1.060356664e-13,5.122833212e-14,7.007850552e-14,1.263852013e-13,9.978557599e-14,1.107978686e-13,1.889856395e-13,9.336242283e-14,2.258300069e-13,2.498942626e-14,2.25116213e-13,1.201749759e-13
98.25,2.884597828e-13,1.175920025e-13,2.545495586e-13,1.915952413e-13,3.782120539e-13,1.366978592e-13,8.431327829e-14,1.912228432e-13,1.044336784e-13,6.278638495e-14,1.535449852e-13,1.534323346e-13,1.770924793e-13,2.940993014e-13,2.966270565e-13,5.374864906e-13,4.116966848e-13,2.618385635e-13,1.225278614e-13,4.982752128e-13,1.05771784e-13,5.085612819e-14,7.03522266e-14,1.269148019e-13,1.021180276e-13,1.119216751e-13,1.879376901e-13,9.336548712e-14,2.28487218e-13,2.438121054e-14,2.242570837e-13,1.216886156e-13
98.2578125,2.868771153e-13,1.148998169e-13,2.541745717e-13,1.938288706e-13,3.769410451e-13,1.357122464e-13,8.534050229e-14,1.942095523e-13,1.045465675e-13,6.381175642e-14,1.521835873e-13,1.518000298e-13,1.81261438e-13,2.917928481e-13,3.04155646e-13,5.487704024e-13,4.15695381e-13,2.625257782e-13,1.225697576e-13,4.968492729e-13,1.055006349e-13,5.047110322e-14,7.062115948e-14,1.274514823e-13,1.044719578e-13,1.13129451e-13,1.870459012e-13,9.352932164e-14,2.314887971e-13,2.380256542e-14,2.234010617e-13,1.23181576e-13
98.265625,2.854252146e-13,1.124498246e-13,2.540714089e-13,1.963944602e-13,3.756858305e-13,1.34814728e-13,8.640523399e-14,1.972793806e-13,1.046973261e-13,6.475531657e-14,1.510267598e-13,1.50264623e-13,1.855065186e-13,2.89537874e-13,3.120234631e-13,5.606025831e-13,4.19993084e-13,2.635732105e-13,1.226616496e-13,4.955831091e-13,1.052369102e-13,5.011879903e-14,7.090574985e-14,1.280462611e-13,1.068801104e-13,1.144609382e-13,1.862901922e-13,9.38200902e-14,2.346805425e-13,2.324197611e-14,2.225982838e-13,1.247167367e-13
98.2734375,2.84025348e-13,1.101621187e-13,2.543202886e-13,1.99463483e-13,3.745233557e-13,1.339810308e-13,8.751675898e-14,2.003544468e-13,1.047828165e-13,6.562860078e-14,1.500561288e-13,1.487930276e-13,1.900150832e-13,2.872499693e-13,3.202761206e-13,5.729955908e-13,4.247192249e-13,2.650767503e-13,1.227922872e-13,4.946962951e-13,1.049704413e-13,4.97222213e-14,7.116775456e-14,1.286306784e-13,1.093831544e-13,1.159184224e-13,1.85788409e-13,9.415977432e-14,2.380390124e-13,2.269252654e-14,2.21738084e-13,1.261932472e-13
98.28125,2.825141462e-13,1.080868936e-13,2.549185713e-13,2.02700295e-13,3.731907701e-13,1.332200027e-13,8.864308447e-14,2.033912195e-13,1.047685737e-13,6.651756019e-14,1.492878256e-13,1.473795421e-13,1.94773903e-13,2.848401867e-13,3.288886422e-13,5.857877145e-13,4.297603248e-13,2.669290038e-13,1.229812596e-13,4.938394397e-13,1.046989136e-13,4.926491364e-14,7.137529939e-14,1.291846541e-13,1.119646083e-13,1.175014456e-13,1.855621748e-13,9.458701753e-14,2.417229533e-13,2.216367976e-14,2.207813025e-13,1.275681786e-13
98.2890625,2.81098221e-13,1.06209861e-13,2.557385883e-13,2.059057436e-13,3.718499714e-13,1.325611368e-13,8.97978053e-14,2.064077128e-13,1.047484368e-13,6.745139451e-14,1.486948565e-13,1.460560792e-13,1.996589547e-13,2.825354166e-13,3.377604638e-13,5.98843923e-13,4.349300165e-13,2.690195155e-13,1.232812214e-13,4.928348812e-13,1.044267248e-13,4.882457977e-14,7.157060872e-14,1.296974312e-13,1.146098784e-13,1.191784641e-13,1.855412192e-13,9.514965624e-14,2.457751471e-13,2.167647597e-14,2.198475836e-13,1.289094323e-13
98.296875,2.798836003e-13,1.044370439e-13,2.566462426e-13,2.092991849e-13,3.705886641e-13,1.318926779e-13,9.100398207e-14,2.094126299e-13,1.047255478e-13,6.838492668e-14,1.481105606e-13,1.44788328e-13,2.04672273e-13,2.803440993e-13,3.468360918e-13,6.121475321e-13,4.40253492e-13,2.713990943e-13,1.236415268e-13,4.916596291e-13,1.041275621e-13,4.838733476e-14,7.179451665e-14,1.30177107e-13,1.173261328e-13,1.208697217e-13,1.857649332e-13,9.582169412e-14,2.501466296e-13,2.121783137e-14,2.18935629e-13,1.302208072e-13
98.3046875,2.786741753e-13,1.029675256e-13,2.576467794e-13,2.128937874e-13,3.691517906e-13,1.311899743e-13,9.223176182e-14,2.124501504e-13,1.046808293e-13,6.932040629e-14,1.475152106e-13,1.435441836e-13,2.098219575e-13,2.780827962e-13,3.561416997e-13,6.257813329e-13,4.457963573e-13,2.740870613e-13,1.239928578e-13,4.904776367e-13,1.038303332e-13,4.792142657e-14,7.20194347e-14,1.307036227e-13,1.200898521e-13,1.225876184e-13,1.862571229e-13,9.661788709e-14,2.547860297e-13,2.075859554e-14,2.179868939e-13,1.314925542e-13
98.3125,2.774988538e-13,1.018391322e-13,2.588078467e-13,2.16538184e-13,3.676287292e-13,1.305566463e-13,9.345659094e-14,2.154609906e-13,1.046260872e-13,7.026625527e-14,1.470431178e-13,1.423721889e-13,2.150489621e-13,2.758284263e-13,3.655737395e-13,6.395327264e-13,4.513520882e-13,2.769807279e-13,1.24352598e-13,4.894147715e-13,1.035784113e-13,4.746114216e-14,7.220502283e-14,1.312636349e-13,1.228726997e-13,1.244228236e-13,1.868654267e-13,9.750261789e-14,2.595726085e-13,2.030714375e-14,2.170611723e-13,1.327277119e-13
98.3203125,2.764269251e-13,1.006423743e-13,2.602323861e-13,2.20242434e-13,3.661424648e-13,1.299537608e-13,9.469398655e-14,2.183056897e-13,1.04492446e-13,7.118135235e-14,1.466881507e-13,1.412902065e-13,2.202956522e-13,2.736447707e-13,3.750470912e-13,6.530841644e-13,4.567434132e-13,2.80022078e-13,1.247091463e-13,4.881098346e-13,1.032984949e-13,4.698133545e-14,7.235371156e-14,1.317696332e-13,1.256781653e-13,1.263745861e-13,1.874898986e-13,9.833224613e-14,2.644646136e-13,1.98752237e-14,2.161782757e-13,1.338963849e-13
98.328125,2.75266736e-13,9.939641515e-14,2.619558658e-13,2.239857702e-13,3.64464352e-13,1.292971757e-13,9.596858162e-14,2.210425758e-13,1.042468398e-13,7.208730664e-14,1.463843407e-13,1.402497993e-13,2.255605654e-13,2.714399062e-13,3.84719499e-13,6.666602211e-13,4.621152602e-13,2.832353521e-13,1.250402982e-13,4.864631185e-13,1.029646244e-13,4.644527056e-14,7.248864974e-14,1.321988855e-13,1.285253768e-13,1.28394618e-13,1.882548748e-13,9.914425584e-14,2.695500686e-13,1.944798095e-14,2.152592486e-13,1.350396496e-13
98.3359375,2.741135594e-13,9.855601206e-14,2.6383269e-13,2.278618488e-13,3.626475362e-13,1.287234054e-13,9.731040494e-14,2.238025702e-13,1.039581393e-13,7.302029299e-14,1.461763351e-13,1.392528306e-13,2.309818952e-13,2.692821011e-13,3.947472135e-13,6.80713419e-13,4.677610151e-13,2.86771265e-13,1.254368321e-13,4.849075032e-13,1.026849707e-13,4.59103913e-14,7.261991909e-14,1.325543483e-13,1.314485484e-13,1.304768496e-13,1.892920591e-13,1.001510457e-13,2.748506835e-13,1.902183705e-14,2.14308654e-13,1.362089314e-13
98.34375,2.73235345e-13,9.810195676e-14,2.658629501e-13,2.320527869e-13,3.608666921e-13,1.283538833e-13,9.870206048e-14,2.265539937e-13,1.036588173e-13,7.392468898e-14,1.461321602e-13,1.383727023e-13,2.366451833e-13,2.672413887e-13,4.050426619e-13,6.951543109e-13,4.738299083e-13,2.908095172e-13,1.259477275e-13,4.833414467e-13,1.024612255e-13,4.540887493e-14,7.274546149e-14,1.329298642e-13,1.344393869e-13,1.326137202e-13,1.905597258e-13,1.013727906e-13,2.803060039e-13,1.861083012e-14,2.134323443e-13,1.373319478e-13
98.3515625,2.723655657e-13,9.772416416e-14,2.682142389e-13,2.363687695e-13,3.589344574e-13,1.280014977e-13,1.000607356e-13,2.292470256e-13,1.033536773e-13,7.479658427e-14,1.462457379e-13,1.376414039e-13,2.423805322e-13,2.651874233e-13,4.153368387e-13,7.094580875e-13,4.800341357e-13,2.951858743e-13,1.264552753e-13,4.813501615e-13,1.021995549e-13,4.489713983e-14,7.286025898e-14,1.334199593e-13,1.374187126e-13,1.348091308e-13,1.91956603e-13,1.026659597e-13,2.858376584e-13,1.822690647e-14,2.126327052e-13,1.383625512e-13
98.359375,2.712327009e-13,9.73834228e-14,2.707643666e-13,2.406258223e-13,3.568607733e-13,1.275167867e-13,1.01382456e-13,2.318703363e-13,1.030442225e-13,7.570335213e-14,1.464281615e-13,1.369951166e-13,2.480777257e-13,2.630785954e-13,4.254695187e-13,7.233822254e-13,4.859627883e-13,2.996221745e-13,1.269063618e-13,4.791339545e-13,1.019152858e-13,4.435693841e-14,7.295322833e-14,1.338641015e-13,1.403625575e-13,1.37066811e-13,1.934553051e-13,1.040009073e-13,2.913915979e-13,1.787684749e-14,2.11777079e-13,1.39338189e-13
98.3671875,2.701444956e-13,9.724477385e-14,2.733053869e-13,2.450119229e-13,3.548240621e-13,1.27045261e-13,1.0273794e-13,2.343970868e-13,1.02693184e-13,7.662068662e-14,1.466329531e-13,1.363707033e-13,2.538225029e-13,2.609906864e-13,4.356022713e-13,7.37187975e-13,4.917373575e-13,3.041964333e-13,1.27395756e-13,4.769610715e-13,1.016480815e-13,4.379951346e-14,7.301407758e-14,1.3415407e-13,1.43304747e-13,1.393343178e-13,1.950977314e-13,1.054353072e-13,2.96992712e-13,1.755493269e-14,2.108514217e-13,1.402445944e-13
98.375,2.692821724e-13,9.746580333e-14,2.758967738e-13,2.495808295e-13,3.526273636e-13,1.26644041e-13,1.041013009e-13,2.368702667e-13,1.023028958e-13,7.751244676e-14,1.469349593e-13,1.357855798e-13,2.596028876e-13,2.588857447e-13,4.458681312e-13,7.510287159e-13,4.976133965e-13,3.089644393e-13,1.279329944e-13,4.746983862e-13,1.013776897e-13,4.32289335e-14,7.304607051e-14,1.344694748e-13,1.462163401e-13,1.41588396e-13,1.969305862e-13,1.069647444e-13,3.02628497e-13,1.725313761e-14,2.099774694e-13,1.410622768e-13
98.3828125,2.684695785e-13,9.789281929e-14,2.786170137e-13,2.542001074e-13,3.502810106e-13,1.262227039e-13,1.054307044e-13,2.392877208e-13,1.018975528e-13,7.841561608e-14,1.473247324e-13,1.352814131e-13,2.653762736e-13,2.567859277e-13,4.560499787e-13,7.645661125e-13,5.034132052e-13,3.137761083e-13,1.284619622e-13,4.72318744e-13,1.010952146e-13,4.265641022e-14,7.305859453e-14,1.348305671e-13,1.490785478e-13,1.438738455e-13,1.989154648e-13,1.085210712e-13,3.082430196e-13,1.697229923e-14,2.091508482e-13,1.41812099e-13
98.390625,2.677214406e-13,9.82621519e-14,2.815564709e-13,2.588391562e-13,3.481789557e-13,1.258551908e-13,1.067815288e-13,2.414989897e-13,1.014392602e-13,7.931781889e-14,1.477032342e-13,1.348813354e-13,2.712467336e-13,2.548646606e-13,4.659976434e-13,7.775831937e-13,5.090300794e-13,3.187430997e-13,1.290540582e-13,4.699088996e-13,1.007844321e-13,4.208940037e-14,7.306557193e-14,1.350781571e-13,1.519511763e-13,1.462166659e-13,2.009597212e-13,1.10080553e-13,3.138806368e-13,1.670752123e-14,2.083236339e-13,1.424822031e-13
98.3984375,2.670667589e-13,9.879332982e-14,2.848321826e-13,2.635476768e-13,3.462017894e-13,1.25588879e-13,1.081572574e-13,2.434776099e-13,1.009068983e-13,8.017857673e-14,1.481408822e-13,1.3459558e-13,2.772899295e-13,2.530805362e-13,4.759146934e-13,7.904147201e-13,5.146486359e-13,3.240513137e-13,1.297681094e-13,4.673275521e-13,1.004497416e-13,4.151770409e-14,7.308684555e-14,1.352576957e-13,1.548695386e-13,1.486146883e-13,2.030994038e-13,1.117149525e-13,3.195655854e-13,1.645681602e-14,2.075759689e-13,1.430719662e-13
98.40625,2.663737765e-13,9.969734119e-14,2.882240445e-13,2.684891903e-13,3.43912339e-13,1.252934406e-13,1.094975678e-13,2.453820345e-13,1.003283447e-13,8.101500485e-14,1.486976001e-13,1.343759636e-13,2.834159928e-13,2.511830134e-13,4.858929164e-13,8.032656281e-13,5.202697105e-13,3.29554188e-13,1.304921479e-13,4.644058095e-13,1.001479435e-13,4.093635071e-14,7.311801205e-14,1.35440744e-13,1.578003191e-13,1.510216976e-13,2.054355381e-13,1.134480691e-13,3.252157719e-13,1.623149875e-14,2.068929301e-13,1.436111943e-13
98.4140625,2.657455875e-13,1.00682826e-13,2.914581975e-13,2.735541483e-13,3.413889623e-13,1.249361532e-13,1.108182161e-13,2.472426801e-13,9.973443106e-14,8.1841223e-14,1.491931528e-13,1.341466439e-13,2.89421505e-13,2.491563507e-13,4.95655229e-13,8.157714967e-13,5.25736979e-13,3.350554783e-13,1.311341914e-13,4.612521017e-13,9.985375265e-14,4.036282955e-14,7.313857219e-14,1.355934444e-13,1.60676228e-13,1.533696578e-13,2.079216633e-13,1.151989517e-13,3.307865624e-13,1.603203618e-14,2.061446542e-13,1.440933407e-13
98.421875,2.653225679e-13,1.01655989e-13,2.947003558e-13,2.782109787e-13,3.389072158e-13,1.245603692e-13,1.121455923e-13,2.489041374e-13,9.914226891e-14,8.265014472e-14,1.495630072e-13,1.339245479e-13,2.952477863e-13,2.471802029e-13,5.050684255e-13,8.277392607e-13,5.310503457e-13,3.405716027e-13,1.317631064e-13,4.580283391e-13,9.949961425e-14,3.980916424e-14,7.316437993e-14,1.357595899e-13,1.634804509e-13,1.557183873e-13,2.105355605e-13,1.169488059e-13,3.363391936e-13,1.584318197e-14,2.053656297e-13,1.445038698e-13
98.4296875,2.649625488e-13,1.027886953e-13,2.981416558e-13,2.825302589e-13,3.364528916e-13,1.241515725e-13,1.134485537e-13,2.502707138e-13,9.848640315e-14,8.340748558e-14,1.500006656e-13,1.337898324e-13,3.011193456e-13,2.4529931e-13,5.143853728e-13,8.394972524e-13,5.363102888e-13,3.462541049e-13,1.324577215e-13,4.546043074e-13,9.913985962e-14,3.924691757e-14,7.320104898e-14,1.359173192e-13,1.662780666e-13,1.581506616e-13,2.133734427e-13,1.187238379e-13,3.42016226e-13,1.56472249e-14,2.046446925e-13,1.448305052e-13
98.4375,2.6464297e-13,1.0405654e-13,3.016389999e-13,2.87188619e-13,3.339856548e-13,1.23755891e-13,1.147144636e-13,2.514673312e-13,9.771463829e-14,8.405402108e-14,1.50548823e-13,1.337636909e-13,3.070994523e-13,2.434974455e-13,5.23653047e-13,8.511313169e-13,5.414887796e-13,3.521761852e-13,1.331834202e-13,4.509413991e-13,9.882705146e-14,3.865929131e-14,7.317973246e-14,1.35971328e-13,1.690371729e-13,1.605453465e-13,2.163220537e-13,1.205084262e-13,3.47802852e-13,1.543737019e-14,2.03942972e-13,1.450550924e-13
98.4453125,2.645062219e-13,1.055913751e-13,3.050757684e-13,2.92163389e-13,3.315919068e-13,1.234440779e-13,1.159718918e-13,2.52680238e-13,9.693542144e-14,8.464248208e-14,1.51066334e-13,1.338120449e-13,3.130026551e-13,2.417921075e-13,5.326282015e-13,8.62411342e-13,5.464578202e-13,3.582295266e-13,1.338908926e-13,4.474100676e-13,9.85132985e-14,3.808641964e-14,7.307277255e-14,1.360026688e-13,1.716584215e-13,1.627873408e-13,2.192072387e-13,1.223830193e-13,3.534363934e-13,1.523094414e-14,2.032416394e-13,1.452180864e-13
98.453125,2.644705758e-13,1.075114301e-13,3.085585956e-13,2.969926468e-13,3.292454554e-13,1.232224706e-13,1.172636467e-13,2.53814748e-13,9.617506917e-14,8.529407324e-14,1.515695051e-13,1.338959661e-13,3.189164589e-13,2.400768195e-13,5.414535026e-13,8.734399216e-13,5.513210297e-13,3.644420574e-13,1.346133859e-13,4.439957691e-13,9.818471252e-14,3.753063512e-14,7.297624844e-14,1.360671984e-13,1.74236002e-13,1.649835289e-13,2.222129458e-13,1.244189962e-13,3.589223584e-13,1.503637284e-14,2.025245205e-13,1.453501658e-13
98.4609375,2.644710396e-13,1.09433516e-13,3.12138893e-13,3.017360253e-13,3.267932022e-13,1.230801979e-13,1.185929038e-13,2.54636971e-13,9.529006616e-14,8.598359117e-14,1.52152293e-13,1.339713362e-13,3.249401896e-13,2.382176642e-13,5.503779045e-13,8.842865159e-13,5.562642399e-13,3.70909592e-13,1.353577592e-13,4.401461549e-13,9.785478427e-14,3.694123863e-14,7.294050635e-14,1.360607575e-13,1.768638591e-13,1.672040671e-13,2.254589398e-13,1.264648178e-13,3.64505744e-13,1.484430491e-14,2.017008837e-13,1.453878306e-13
98.46875,2.646794422e-13,1.111883636e-13,3.156006016e-13,3.064836797e-13,3.243105568e-13,1.229516532e-13,1.198936373e-13,2.552614042e-13,9.433099104e-14,8.663680038e-14,1.527305365e-13,1.340174954e-13,3.307959179e-13,2.363221804e-13,5.590380794e-13,8.945563881e-13,5.610569908e-13,3.773308018e-13,1.360446698e-13,4.359056198e-13,9.751843216e-14,3.634609434e-14,7.287852155e-14,1.360250215e-13,1.793945596e-13,1.693270717e-13,2.286319021e-13,1.28455998e-13,3.699450179e-13,1.468556869e-14,2.008120872e-13,1.453076026e-13
98.4765625,2.650665072e-13,1.131064905e-13,3.187486375e-13,3.110488803e-13,3.220319053e-13,1.227432183e-13,1.211292373e-13,2.559117475e-13,9.345308876e-14,8.728281548e-14,1.532078572e-13,1.34072104e-13,3.364216084e-13,2.345792396e-13,5.670164181e-13,9.0395977e-13,5.653629722e-13,3.834530515e-13,1.366578436e-13,4.31721528e-13,9.722518679e-14,3.579752879e-14,7.273957953e-14,1.360514762e-13,1.817385553e-13,1.712669078e-13,2.315852171e-13,1.305596445e-13,3.748376177e-13,1.45890886e-14,1.999801747e-13,1.451521549e-13
98.484375,2.654128346e-13,1.152320436e-13,3.217838804e-13,3.154962411e-13,3.197859422e-13,1.224471054e-13,1.2231547e-13,2.564079455e-13,9.255429432e-14,8.791657325e-14,1.536786084e-13,1.341859683e-13,3.420486572e-13,2.329269476e-13,5.74439224e-13,9.124694719e-13,5.691855215e-13,3.894929303e-13,1.372485692e-13,4.273697283e-13,9.69823535e-14,3.52437065e-14,7.257223853e-14,1.360243631e-13,1.839600464e-13,1.731032953e-13,2.345644528e-13,1.327422015e-13,3.793875074e-13,1.45043877e-14,1.99149753e-13,1.448912516e-13
98.4921875,2.658388285e-13,1.173893011e-13,3.24986624e-13,3.199276001e-13,3.172632624e-13,1.22124492e-13,1.234407142e-13,2.56557518e-13,9.154579173e-14,8.848411183e-14,1.542282559e-13,1.343838611e-13,3.476003266e-13,2.312228572e-13,5.815109796e-13,9.201086477e-13,5.726082948e-13,3.955283628e-13,1.378128052e-13,4.225572708e-13,9.669226144e-14,3.465412726e-14,7.238585874e-14,1.359061554e-13,1.860464001e-13,1.749376373e-13,2.376343323e-13,1.348312725e-13,3.839552211e-13,1.439589483e-14,1.982813415e-13,1.444889804e-13
98.5,2.665547462e-13,1.196237233e-13,3.283002676e-13,3.241221485e-13,3.146807038e-13,1.218508382e-13,1.245181824e-13,2.565705517e-13,9.057413537e-14,8.901055126e-14,1.547888021e-13,1.346854559e-13,3.52917594e-13,2.295665179e-13,5.882368282e-13,9.27130236e-13,5.757516041e-13,4.014122029e-13,1.383535033e-13,4.17565398e-13,9.636084915e-14,3.409509797e-14,7.214789329e-14,1.358420371e-13,1.87994187e-13,1.767465868e-13,2.406467343e-13,1.369256761e-13,3.884624791e-13,1.430900921e-14,1.975098759e-13,1.439997146e-13
98.5078125,2.673526148e-13,1.219701551e-13,3.315702925e-13,3.280103775e-13,3.122251764e-13,1.216238848e-13,1.255964809e-13,2.565740983e-13,8.966078093e-14,8.952806156e-14,1.553151952e-13,1.350622172e-13,3.580881197e-13,2.280643497e-13,5.946021263e-13,9.33759389e-13,5.7883756e-13,4.072165476e-13,1.388855888e-13,4.125087483e-13,9.60874027e-14,3.357579382e-14,7.187714103e-14,1.358206499e-13,1.898698646e-13,1.784611736e-13,2.436566876e-13,1.391307164e-13,3.926908121e-13,1.425911627e-14,1.968317152e-13,1.434550744e-13
98.515625,2.681002529e-13,1.244007957e-13,3.347381141e-13,3.318460825e-13,3.096764551e-13,1.213435253e-13,1.266479095e-13,2.563587309e-13,8.865659145e-14,9.002330227e-14,1.558418733e-13,1.354138657e-13,3.632053416e-13,2.26584591e-13,6.006265904e-13,9.399437729e-13,5.818830314e-13,4.130818974e-13,1.393676385e-13,4.07272938e-13,9.584557731e-14,3.30501854e-14,7.160692233e-14,1.357327702e-13,1.916678502e-13,1.801155882e-13,2.467869844e-13,1.413144623e-13,3.966432426e-13,1.420395003e-14,1.960913959e-13,1.428251116e-13
98.5234375,2.690409349e-13,1.268960662e-13,3.377627922e-13,3.357146485e-13,3.071358556e-13,1.210121882e-13,1.27609754e-13,2.558196718e-13,8.75493605e-14,9.049672468e-14,1.563770753e-13,1.357199532e-13,3.683470292e-13,2.250292003e-13,6.063545397e-13,9.456390108e-13,5.847553278e-13,4.190836316e-13,1.39830614e-13,4.019336266e-13,9.558063479e-14,3.253062955e-14,7.134293105e-14,1.356068001e-13,1.933709491e-13,1.817481587e-13,2.49951086e-13,1.434108753e-13,4.004432095e-13,1.413274278e-14,1.952904721e-13,1.42094376e-13
98.53125,2.700918019e-13,1.293564105e-13,3.407085656e-13,3.39380996e-13,3.047298055e-13,1.207009645e-13,1.284820971e-13,2.550645959e-13,8.640713199e-14,9.094157061e-14,1.569071314e-13,1.360739665e-13,3.734764843e-13,2.234013311e-13,6.116941119e-13,9.506398063e-13,5.873327414e-13,4.251684052e-13,1.403288969e-13,3.963637335e-13,9.533798595e-14,3.202258825e-14,7.108687748e-14,1.354505869e-13,1.949817203e-13,1.832925457e-13,2.530284957e-13,1.454358325e-13,4.040813312e-13,1.406925102e-14,1.944977487e-13,1.412600011e-13
98.5390625,2.709684575e-13,1.318706374e-13,3.436438435e-13,3.425755985e-13,3.020283318e-13,1.203213409e-13,1.293014244e-13,2.541347074e-13,8.524546818e-14,9.135871372e-14,1.573846747e-13,1.364868906e-13,3.782646059e-13,2.216450533e-13,6.1641696e-13,9.546033925e-13,5.894167727e-13,4.310374518e-13,1.407556951e-13,3.903998165e-13,9.511258295e-14,3.149799378e-14,7.081579652e-14,1.35237568e-13,1.964464466e-13,1.8471453e-13,2.560174865e-13,1.473815647e-13,4.074558713e-13,1.40247439e-14,1.936988765e-13,1.403292384e-13
98.546875,2.719472593e-13,1.34646359e-13,3.464938535e-13,3.453454911e-13,2.990480293e-13,1.198191712e-13,1.300986493e-13,2.52985894e-13,8.408739246e-14,9.176866575e-14,1.577381352e-13,1.369039767e-13,3.82605504e-13,2.198636519e-13,6.204967487e-13,9.575995459e-13,5.909891019e-13,4.366071842e-13,1.410646466e-13,3.843004126e-13,9.483865109e-14,3.098374962e-14,7.049185831e-14,1.350889653e-13,1.977356159e-13,1.860213539e-13,2.589294027e-13,1.49367177e-13,4.105619519e-13,1.399126588e-14,1.929338558e-13,1.393123319e-13
98.5546875,2.732611237e-13,1.374775743e-13,3.492805304e-13,3.481798022e-13,2.963771409e-13,1.193606568e-13,1.308710549e-13,2.516063032e-13,8.291588685e-14,9.213173295e-14,1.580008099e-13,1.373742785e-13,3.868719434e-13,2.182986643e-13,6.240606218e-13,9.597809628e-13,5.922294341e-13,4.420710875e-13,1.413790042e-13,3.78128677e-13,9.452116198e-14,3.051677869e-14,7.012334646e-14,1.350513195e-13,1.988638848e-13,1.871691933e-13,2.617878668e-13,1.514283813e-13,4.13407503e-13,1.395915184e-14,1.922760537e-13,1.381798623e-13
98.5625,2.745276448e-13,1.400920529e-13,3.52070926e-13,3.513261921e-13,2.938961465e-13,1.190035896e-13,1.316039745e-13,2.500143979e-13,8.167993661e-14,9.243664367e-14,1.582367225e-13,1.379296219e-13,3.91209584e-13,2.168784232e-13,6.271319482e-13,9.610121255e-13,5.930874139e-13,4.473251205e-13,1.416812208e-13,3.716754038e-13,9.418301094e-14,3.007450635e-14,6.973676727e-14,1.349457995e-13,1.998486319e-13,1.882008501e-13,2.646177214e-13,1.533889073e-13,4.160167373e-13,1.393689847e-14,1.916932173e-13,1.369322115e-13
98.5703125,2.756847956e-13,1.427275567e-13,3.547163287e-13,3.542624623e-13,2.911856098e-13,1.185701597e-13,1.323109877e-13,2.482057168e-13,8.041186449e-14,9.277056488e-14,1.58412266e-13,1.384700674e-13,3.953026565e-13,2.153478335e-13,6.297122565e-13,9.613432233e-13,5.935001576e-13,4.522754636e-13,1.418878257e-13,3.651352609e-13,9.383834866e-14,2.963021311e-14,6.932944138e-14,1.347026942e-13,2.007404154e-13,1.892222037e-13,2.673276651e-13,1.552949457e-13,4.184941966e-13,1.392895885e-14,1.910746627e-13,1.356297994e-13
98.578125,2.771896582e-13,1.455835335e-13,3.57158317e-13,3.566755766e-13,2.884592563e-13,1.180183381e-13,1.329679888e-13,2.461667209e-13,7.914189395e-14,9.311728557e-14,1.585357185e-13,1.389481579e-13,3.990215472e-13,2.137024386e-13,6.31816352e-13,9.609877248e-13,5.936888336e-13,4.571578718e-13,1.420962192e-13,3.586433679e-13,9.353835294e-14,2.918580207e-14,6.889996837e-14,1.344447124e-13,2.015330791e-13,1.901775626e-13,2.698809055e-13,1.573074965e-13,4.207602144e-13,1.391769127e-14,1.903360917e-13,1.342690896e-13
98.5859375,2.79013027e-13,1.483878437e-13,3.594951673e-13,3.589755803e-13,2.858483154e-13,1.17495708e-13,1.335356795e-13,2.439937432e-13,7.785481448e-14,9.338493877e-14,1.586214087e-13,1.39421293e-13,4.025471753e-13,2.120540309e-13,6.334524555e-13,9.600350551e-13,5.937098404e-13,4.619357574e-13,1.423254501e-13,3.519873898e-13,9.326978474e-14,2.875828822e-14,6.845886888e-14,1.342324576e-13,2.021594479e-13,1.909835624e-13,2.724046395e-13,1.592655974e-13,4.226038765e-13,1.390737323e-14,1.895580753e-13,1.32830261e-13
98.59375,2.806877046e-13,1.510064248e-13,3.615916361e-13,3.61196701e-13,2.831330399e-13,1.169806669e-13,1.340566592e-13,2.418103106e-13,7.660203925e-14,9.36269891e-14,1.58560568e-13,1.399085347e-13,4.058635003e-13,2.104080201e-13,6.346595254e-13,9.585351113e-13,5.933201529e-13,4.663888526e-13,1.424355158e-13,3.453581643e-13,9.297170513e-14,2.836423828e-14,6.800576056e-14,1.340730215e-13,2.026317325e-13,1.916731018e-13,2.748650014e-13,1.610571472e-13,4.23991188e-13,1.391664064e-14,1.889075806e-13,1.313770289e-13
98.6015625,2.82116691e-13,1.537000538e-13,3.634696416e-13,3.630195739e-13,2.803607688e-13,1.163808948e-13,1.345434135e-13,2.395025018e-13,7.538559166e-14,9.386388618e-14,1.584076974e-13,1.40417059e-13,4.088225523e-13,2.087730813e-13,6.354501745e-13,9.563664357e-13,5.924538555e-13,4.706253272e-13,1.424643205e-13,3.390172932e-13,9.270530927e-14,2.798675823e-14,6.752152073e-14,1.339851017e-13,2.029494701e-13,1.922029651e-13,2.771256901e-13,1.62800359e-13,4.249948512e-13,1.392888417e-14,1.883567162e-13,1.298817957e-13
98.609375,2.836075425e-13,1.565612819e-13,3.655543375e-13,3.646382352e-13,2.77626567e-13,1.158493525e-13,1.349542691e-13,2.369086793e-13,7.410518382e-14,9.398973509e-14,1.583648664e-13,1.409768939e-13,4.114978627e-13,2.071966561e-13,6.358626187e-13,9.533761375e-13,5.912672741e-13,4.746679319e-13,1.425340548e-13,3.326717121e-13,9.253102015e-14,2.760668588e-14,6.696922047e-14,1.339176728e-13,2.03047102e-13,1.925167098e-13,2.792644871e-13,1.644348729e-13,4.257989866e-13,1.39345226e-14,1.87783086e-13,1.28228355e-13
98.6171875,2.854236647e-13,1.594210486e-13,3.676909665e-13,3.661095015e-13,2.74880377e-13,1.154260725e-13,1.353363387e-13,2.341580438e-13,7.280107001e-14,9.409802764e-14,1.582949779e-13,1.415348774e-13,4.13933028e-13,2.056344278e-13,6.358437291e-13,9.496337018e-13,5.897425774e-13,4.783132093e-13,1.425659252e-13,3.261650766e-13,9.233262185e-14,2.724598788e-14,6.634669529e-14,1.338136788e-13,2.029536064e-13,1.927264422e-13,2.812779651e-13,1.659996119e-13,4.264954681e-13,1.39555805e-14,1.871719696e-13,1.264797979e-13
98.625,2.874991594e-13,1.623227252e-13,3.692219079e-13,3.671785106e-13,2.72223159e-13,1.148464433e-13,1.356953709e-13,2.313721736e-13,7.157655471e-14,9.436321745e-14,1.579694626e-13,1.420385195e-13,4.160672994e-13,2.039911718e-13,6.351496853e-13,9.451464207e-13,5.877978605e-13,4.817202763e-13,1.424956151e-13,3.195752619e-13,9.202584002e-14,2.690949335e-14,6.571774027e-14,1.336791731e-13,2.027396635e-13,1.92886557e-13,2.830745169e-13,1.677897958e-13,4.267365527e-13,1.398685069e-14,1.864788295e-13,1.247397499e-13
98.6328125,2.89548271e-13,1.65389942e-13,3.704362565e-13,3.681248377e-13,2.696709991e-13,1.14161782e-13,1.359374626e-13,2.284339037e-13,7.035132848e-14,9.463318041e-14,1.575812571e-13,1.425957387e-13,4.180506279e-13,2.023556829e-13,6.339226814e-13,9.400513698e-13,5.857192054e-13,4.852298749e-13,1.424344612e-13,3.127034211e-13,9.170989851e-14,2.657040573e-14,6.511438505e-14,1.335272518e-13,2.02418365e-13,1.929097981e-13,2.84910263e-13,1.696175321e-13,4.264782286e-13,1.401310047e-14,1.857286213e-13,1.229158191e-13
98.640625,2.914640805e-13,1.68344378e-13,3.720490339e-13,3.690991468e-13,2.670627953e-13,1.136738903e-13,1.361169429e-13,2.253629883e-13,6.907833794e-14,9.471281288e-14,1.572930135e-13,1.432818162e-13,4.199074113e-13,2.00892171e-13,6.326302124e-13,9.347791955e-13,5.837754681e-13,4.887215625e-13,1.423787501e-13,3.057197984e-13,9.145413323e-14,2.623610986e-14,6.449279215e-14,1.334074598e-13,2.020073042e-13,1.928185254e-13,2.868946854e-13,1.710289195e-13,4.262544114e-13,1.405260605e-14,1.851119603e-13,1.209839409e-13
98.6484375,2.934085668e-13,1.709103438e-13,3.736223755e-13,3.69673755e-13,2.643903465e-13,1.132270749e-13,1.363311903e-13,2.22309909e-13,6.787898686e-14,9.47508024e-14,1.568856094e-13,1.439527642e-13,4.213453812e-13,1.994428151e-13,6.311084295e-13,9.29299404e-13,5.816791398e-13,4.918882937e-13,1.421635104e-13,2.991977126e-13,9.119287795e-14,2.592760992e-14,6.383945612e-14,1.333829476e-13,2.014913282e-13,1.92693434e-13,2.886366928e-13,1.722590727e-13,4.259586101e-13,1.410768007e-14,1.84571873e-13,1.190927766e-13
98.65625,2.955192308e-13,1.733913409e-13,3.744938101e-13,3.698735777e-13,2.616546475e-13,1.125537537e-13,1.364850118e-13,2.191868054e-13,6.676431254e-14,9.492143092e-14,1.562637091e-13,1.445051993e-13,4.223254541e-13,1.977619439e-13,6.289302396e-13,9.23219542e-13,5.791738721e-13,4.947498236e-13,1.417684958e-13,2.930178916e-13,9.088930263e-14,2.563293605e-14,6.319117458e-14,1.334199815e-13,2.008231192e-13,1.92501489e-13,2.900489521e-13,1.737388636e-13,4.250541577e-13,1.415603255e-14,1.838512833e-13,1.172549613e-13
98.6640625,2.976888613e-13,1.760902217e-13,3.750874237e-13,3.699650197e-13,2.587858214e-13,1.118038655e-13,1.36520926e-13,2.158875038e-13,6.563159229e-14,9.51391688e-14,1.555810331e-13,1.450431433e-13,4.22979312e-13,1.959947455e-13,6.262983624e-13,9.165869416e-13,5.76439337e-13,4.97347338e-13,1.412999436e-13,2.867421609e-13,9.060507835e-14,2.533494354e-14,6.254692437e-14,1.3345688e-13,2.000023724e-13,1.922094252e-13,2.913775849e-13,1.752796523e-13,4.237449399e-13,1.420922253e-14,1.829914193e-13,1.153719866e-13
98.671875,2.997060153e-13,1.787593436e-13,3.758447628e-13,3.698108629e-13,2.559205079e-13,1.111166831e-13,1.365307531e-13,2.125153769e-13,6.447491863e-14,9.528593685e-14,1.548858839e-13,1.456273402e-13,4.23295379e-13,1.943427794e-13,6.23507896e-13,9.096069919e-13,5.735430115e-13,4.99587915e-13,1.407880489e-13,2.805116079e-13,9.038125169e-14,2.503545696e-14,6.187694703e-14,1.334674337e-13,1.990315906e-13,1.918377568e-13,2.925613667e-13,1.766024623e-13,4.223038227e-13,1.428745676e-14,1.821501229e-13,1.134434092e-13
98.6796875,3.016409431e-13,1.81231441e-13,3.764950273e-13,3.694539526e-13,2.531764614e-13,1.104451413e-13,1.365257474e-13,2.09082013e-13,6.332837852e-14,9.538357726e-14,1.54160554e-13,1.462027411e-13,4.234241925e-13,1.927003502e-13,6.204906187e-13,9.022606953e-13,5.70428697e-13,5.01663784e-13,1.402507273e-13,2.74443357e-13,9.016722209e-14,2.475230833e-14,6.118057189e-14,1.334014065e-13,1.979391741e-13,1.913894684e-13,2.935733126e-13,1.777953649e-13,4.205426981e-13,1.437177096e-14,1.81301283e-13,1.114814665e-13
98.6875,3.037596582e-13,1.837464181e-13,3.769144646e-13,3.689955649e-13,2.50385427e-13,1.097956514e-13,1.364544396e-13,2.055220872e-13,6.221122888e-14,9.550140984e-14,1.534016919e-13,1.467714475e-13,4.233662494e-13,1.909467336e-13,6.171438669e-13,8.94471478e-13,5.671524275e-13,5.03750264e-13,1.396828433e-13,2.683283335e-13,8.99139612e-14,2.44960569e-14,6.046683998e-14,1.332913783e-13,1.967753929e-13,1.908794546e-13,2.945111298e-13,1.789609574e-13,4.185154479e-13,1.444721356e-14,1.804131029e-13,1.094891918e-13
98.6953125,3.060348208e-13,1.862904452e-13,3.772220498e-13,3.682109921e-13,2.474504747e-13,1.0914263e-13,1.363327601e-13,2.019409731e-13,6.114887654e-14,9.56564469e-14,1.525196314e-13,1.473294443e-13,4.227885e-13,1.890865503e-13,6.133899948e-13,8.861579768e-13,5.636348656e-13,5.055871841e-13,1.389681519e-13,2.622221103e-13,8.963526632e-14,2.424333634e-14,5.97299546e-14,1.332926086e-13,1.954902907e-13,1.903088469e-13,2.951613494e-13,1.800739388e-13,4.163125661e-13,1.453153878e-14,1.794596316e-13,1.075168454e-13
98.703125,3.08274948e-13,1.885770359e-13,3.773314989e-13,3.671505023e-13,2.445093667e-13,1.084806575e-13,1.361881901e-13,1.983850481e-13,6.009827488e-14,9.580802568e-14,1.514877089e-13,1.478132897e-13,4.218773887e-13,1.871870322e-13,6.093085483e-13,8.774531069e-13,5.598959362e-13,5.071488351e-13,1.381193714e-13,2.562879017e-13,8.932558445e-14,2.397935585e-14,5.897046523e-14,1.334257482e-13,1.940722703e-13,1.896202452e-13,2.954991572e-13,1.811021746e-13,4.137860367e-13,1.462518476e-14,1.784279305e-13,1.055325904e-13
98.7109375,3.104860696e-13,1.907714402e-13,3.772203692e-13,3.660937638e-13,2.416195451e-13,1.07887116e-13,1.360168723e-13,1.947193604e-13,5.90187654e-14,9.59152321e-14,1.504499769e-13,1.48273315e-13,4.210292022e-13,1.853724573e-13,6.051067759e-13,8.68619977e-13,5.561741326e-13,5.087405523e-13,1.373270515e-13,2.505321379e-13,8.89759414e-14,2.373404664e-14,5.819259453e-14,1.335554773e-13,1.926036235e-13,1.888090013e-13,2.958614331e-13,1.820747992e-13,4.110191272e-13,1.469657365e-14,1.774548476e-13,1.034644846e-13
98.71875,3.127386529e-13,1.932594562e-13,3.770144529e-13,3.650951621e-13,2.387172507e-13,1.073099427e-13,1.35786919e-13,1.909197374e-13,5.797409296e-14,9.597860432e-14,1.495034005e-13,1.488070954e-13,4.199332343e-13,1.835934835e-13,6.00671079e-13,8.595600327e-13,5.523756769e-13,5.102110972e-13,1.365749678e-13,2.450440186e-13,8.867079496e-14,2.352536612e-14,5.738308297e-14,1.336547402e-13,1.909995836e-13,1.879428061e-13,2.962078208e-13,1.831096674e-13,4.08091226e-13,1.473842004e-14,1.765769375e-13,1.013787655e-13
98.7265625,3.151049673e-13,1.958507035e-13,3.767121548e-13,3.640515964e-13,2.358532838e-13,1.066900635e-13,1.354905568e-13,1.87059723e-13,5.699754741e-14,9.604525716e-14,1.485439994e-13,1.493489555e-13,4.183341075e-13,1.816820799e-13,5.958107771e-13,8.500207729e-13,5.482601499e-13,5.113083682e-13,1.356811625e-13,2.397487005e-13,8.84506529e-14,2.333603885e-14,5.654443292e-14,1.337780867e-13,1.891717248e-13,1.87012764e-13,2.963455716e-13,1.842123009e-13,4.048909317e-13,1.478581636e-14,1.7564156e-13,9.934754176e-14
98.734375,3.176131703e-13,1.981601231e-13,3.762362794e-13,3.626054607e-13,2.331262688e-13,1.060812836e-13,1.351876365e-13,1.831197894e-13,5.604671142e-14,9.616649855e-14,1.474173922e-13,1.498237715e-13,4.164995549e-13,1.797170117e-13,5.905933733e-13,8.399030077e-13,5.438906047e-13,5.122449757e-13,1.34686728e-13,2.343382078e-13,8.820155377e-14,2.315597358e-14,5.571279925e-14,1.339166345e-13,1.872796456e-13,1.859391948e-13,2.96405512e-13,1.852062288e-13,4.015190752e-13,1.486158243e-14,1.746525285e-13,9.731289845e-14
98.7421875,3.200730048e-13,2.00344559e-13,3.755758017e-13,3.606427016e-13,2.304745274e-13,1.054803778e-13,1.348666877e-13,1.791085876e-13,5.51078225e-14,9.629418309e-14,1.461891296e-13,1.503264411e-13,4.144711355e-13,1.778272118e-13,5.850966183e-13,8.292701168e-13,5.393998421e-13,5.131532942e-13,1.337441886e-13,2.289097708e-13,8.787555923e-14,2.29820986e-14,5.488681774e-14,1.34087108e-13,1.853789043e-13,1.847326008e-13,2.963602227e-13,1.860350636e-13,3.980622271e-13,1.494380172e-14,1.737168571e-13,9.523445942e-14
98.75,3.224359524e-13,2.026054407e-13,3.748257334e-13,3.587506131e-13,2.277839824e-13,1.049341932e-13,1.344497232e-13,1.751170004e-13,5.417566269e-14,9.634028552e-14,1.450556894e-13,1.509070661e-13,4.121647102e-13,1.759177805e-13,5.795369205e-13,8.186330777e-13,5.350005632e-13,5.139226441e-13,1.328172699e-13,2.23852718e-13,8.754844891e-14,2.28070435e-14,5.402724665e-14,1.343392915e-13,1.833458426e-13,1.835062243e-13,2.960429416e-13,1.868125508e-13,3.944274734e-13,1.500313665e-14,1.727950572e-13,9.315661008e-14
98.7578125,3.249750201e-13,2.047376681e-13,3.7401565e-13,3.570371986e-13,2.250423878e-13,1.044737142e-13,1.33992638e-13,1.71161647e-13,5.326569055e-14,9.637077529e-14,1.439363931e-13,1.514277109e-13,4.096137424e-13,1.739084881e-13,5.74094571e-13,8.083965564e-13,5.30849696e-13,5.144985321e-13,1.317741876e-13,2.191405654e-13,8.718920453e-14,2.264092441e-14,5.315741647e-14,1.346481645e-13,1.812317101e-13,1.823096741e-13,2.955687113e-13,1.876131252e-13,3.906314907e-13,1.504519186e-14,1.718198399e-13,9.112064162e-14
98.765625,3.276925823e-13,2.067288414e-13,3.728777146e-13,3.549026826e-13,2.222573456e-13,1.038984632e-13,1.335391969e-13,1.671796939e-13,5.244580883e-14,9.648622589e-14,1.426043997e-13,1.518151498e-13,4.066503019e-13,1.71825235e-13,5.683762438e-13,7.980215199e-13,5.265490315e-13,5.147732908e-13,1.30598798e-13,2.144917556e-13,8.674207151e-14,2.250414744e-14,5.231837593e-14,1.349853791e-13,1.790942182e-13,1.81049989e-13,2.949806094e-13,1.884205067e-13,3.866009919e-13,1.509874127e-14,1.707911361e-13,8.912309046e-14
98.7734375,3.302439822e-13,2.087919357e-13,3.71235375e-13,3.524522975e-13,2.194103204e-13,1.031897824e-13,1.329713907e-13,1.631311734e-13,5.169534704e-14,9.662334142e-14,1.411432693e-13,1.521882474e-13,4.032558483e-13,1.696756918e-13,5.621192474e-13,7.869427065e-13,5.216852857e-13,5.146845154e-13,1.293741424e-13,2.098412639e-13,8.632532326e-14,2.238577456e-14,5.145940544e-14,1.353847652e-13,1.768042482e-13,1.796269279e-13,2.941426633e-13,1.891443072e-13,3.821981567e-13,1.517330053e-14,1.697194649e-13,8.711428519e-14
98.78125,3.325456135e-13,2.10833582e-13,3.693238349e-13,3.501400389e-13,2.164832563e-13,1.025714607e-13,1.323058181e-13,1.590542922e-13,5.092508723e-14,9.675014276e-14,1.396939001e-13,1.526043397e-13,3.996600905e-13,1.674522468e-13,5.556783316e-13,7.754440502e-13,5.164560755e-13,5.142911979e-13,1.281142545e-13,2.052577372e-13,8.59950557e-14,2.225074472e-14,5.053318532e-14,1.358575411e-13,1.743510182e-13,1.780606285e-13,2.931282844e-13,1.897821797e-13,3.775823249e-13,1.524628414e-14,1.686049486e-13,8.506985043e-14
98.7890625,3.349119095e-13,2.127798947e-13,3.672930556e-13,3.477554602e-13,2.134801706e-13,1.019738506e-13,1.317061889e-13,1.550507714e-13,5.017032359e-14,9.693761382e-14,1.381360021e-13,1.529796327e-13,3.958208274e-13,1.651498543e-13,5.491871721e-13,7.639214251e-13,5.111648108e-13,5.136178279e-13,1.267737011e-13,2.008262814e-13,8.559674915e-14,2.210772096e-14,4.959026618e-14,1.363764581e-13,1.718596704e-13,1.764398027e-13,2.920703953e-13,1.904933286e-13,3.729125997e-13,1.529994884e-14,1.674305711e-13,8.305727782e-14
98.796875,3.375490847e-13,2.147344527e-13,3.651219347e-13,3.451661147e-13,2.104931711e-13,1.013103627e-13,1.311401835e-13,1.51156589e-13,4.948820911e-14,9.71053969e-14,1.364755583e-13,1.533244112e-13,3.917236628e-13,1.6285357e-13,5.426247596e-13,7.525147273e-13,5.059579468e-13,5.12852751e-13,1.254195776e-13,1.966441418e-13,8.508910772e-14,2.200042503e-14,4.86711573e-14,1.369333871e-13,1.693546813e-13,1.748336836e-13,2.909472219e-13,1.91202627e-13,3.682047493e-13,1.535174358e-14,1.662513236e-13,8.112323284e-14
98.8046875,3.400837407e-13,2.165497916e-13,3.629814136e-13,3.426370407e-13,2.075240989e-13,1.007714996e-13,1.304986007e-13,1.473092785e-13,4.881561569e-14,9.715119448e-14,1.349183874e-13,1.537279495e-13,3.875499687e-13,1.606552815e-13,5.362704571e-13,7.413261082e-13,5.008999143e-13,5.121117184e-13,1.241051836e-13,1.926917513e-13,8.462501492e-14,2.190869495e-14,4.775326544e-14,1.375247224e-13,1.668224372e-13,1.732634692e-13,2.897108031e-13,1.916378102e-13,3.635687194e-13,1.542171086e-14,1.651495064e-13,7.921936984e-14
98.8125,3.420655107e-13,2.181894258e-13,3.608906986e-13,3.401409043e-13,2.043559626e-13,1.002875388e-13,1.298470372e-13,1.434869498e-13,4.814213591e-14,9.722636421e-14,1.334395121e-13,1.541552156e-13,3.83155593e-13,1.584030433e-13,5.300476938e-13,7.302179482e-13,4.957627667e-13,5.110273179e-13,1.227038877e-13,1.88884245e-13,8.423570271e-14,2.177942306e-14,4.683126137e-14,1.381189696e-13,1.642637251e-13,1.716897272e-13,2.883109383e-13,1.919332019e-13,3.589109558e-13,1.549378185e-14,1.640356426e-13,7.732816915e-14
98.8203125,3.438346869e-13,2.199309905e-13,3.586057539e-13,3.374793678e-13,2.010100973e-13,9.966148197e-14,1.292435632e-13,1.397101176e-13,4.754939484e-14,9.745783974e-14,1.318932917e-13,1.545469831e-13,3.783845829e-13,1.559881911e-13,5.236756924e-13,7.190132019e-13,4.90383684e-13,5.09489028e-13,1.211902081e-13,1.852494588e-13,8.382415391e-14,2.164122376e-14,4.592529455e-14,1.387102311e-13,1.616654759e-13,1.700646691e-13,2.867782391e-13,1.923691424e-13,3.539833455e-13,1.55470959e-14,1.628426315e-13,7.549770608e-14
98.828125,3.459165061e-13,2.216849833e-13,3.561720864e-13,3.346594869e-13,1.978273125e-13,9.909345437e-14,1.286217827e-13,1.359742498e-13,4.702154659e-14,9.771271054e-14,1.30330066e-13,1.549557536e-13,3.734420402e-13,1.536255517e-13,5.174339059e-13,7.078962616e-13,4.850288887e-13,5.080012437e-13,1.197247917e-13,1.818579459e-13,8.338865943e-14,2.153891228e-14,4.502494817e-14,1.393661125e-13,1.590644343e-13,1.684049152e-13,2.852089844e-13,1.927981365e-13,3.489700971e-13,1.558980605e-14,1.617163231e-13,7.373407663e-14
98.8359375,3.481395662e-13,2.232470288e-13,3.537634641e-13,3.318250693e-13,1.948106898e-13,9.874201271e-14,1.279489774e-13,1.323042965e-13,4.648872497e-14,9.78981502e-14,1.288206846e-13,1.554087581e-13,3.68387334e-13,1.513893198e-13,5.115151971e-13,6.970505395e-13,4.798860153e-13,5.067765128e-13,1.183121105e-13,1.786911662e-13,8.295678257e-14,2.143913808e-14,4.409055438e-14,1.401017951e-13,1.56476483e-13,1.667437256e-13,2.835051017e-13,1.931049276e-13,3.441765712e-13,1.562701869e-14,1.606600071e-13,7.200426815e-14
98.84375,3.502983235e-13,2.24858422e-13,3.512966747e-13,3.291278257e-13,1.91701831e-13,9.845021151e-14,1.272677715e-13,1.287052952e-13,4.596679919e-14,9.808543927e-14,1.273257849e-13,1.558530534e-13,3.631656065e-13,1.491048131e-13,5.056219674e-13,6.86355569e-13,4.748678641e-13,5.056245459e-13,1.168561725e-13,1.756654848e-13,8.248607691e-14,2.131892595e-14,4.311705294e-14,1.408078761e-13,1.538677232e-13,1.650765369e-13,2.815992629e-13,1.934692712e-13,3.395345787e-13,1.565392329e-14,1.595090019e-13,7.030151581e-14
98.8515625,3.525187506e-13,2.265300984e-13,3.487565783e-13,3.264859463e-13,1.885678024e-13,9.818805033e-14,1.266079611e-13,1.25109109e-13,4.548654284e-14,9.8269969e-14,1.258357365e-13,1.562734329e-13,3.579341518e-13,1.468142499e-13,4.997542866e-13,6.757833877e-13,4.699869933e-13,5.045302931e-13,1.154124334e-13,1.727270111e-13,8.197875608e-14,2.121215795e-14,4.216184297e-14,1.414821129e-13,1.512913622e-13,1.634168165e-13,2.797256325e-13,1.938175637e-13,3.349936229e-13,1.568877167e-14,1.58374207e-13,6.863617961e-14
98.859375,3.546970531e-13,2.279438006e-13,3.462111132e-13,3.236631237e-13,1.855035303e-13,9.802495042e-14,1.259487936e-13,1.215441489e-13,4.504237979e-14,9.840259415e-14,1.243569562e-13,1.566947978e-13,3.526414476e-13,1.446174461e-13,4.941549088e-13,6.65624154e-13,4.653286937e-13,5.034421455e-13,1.139935391e-13,1.69977736e-13,8.147868086e-14,2.112554889e-14,4.125268395e-14,1.422965887e-13,1.487761193e-13,1.617932233e-13,2.779276129e-13,1.939696374e-13,3.30568533e-13,1.574132594e-14,1.574477154e-13,6.702393974e-14
98.8671875,3.567287532e-13,2.292768497e-13,3.435180793e-13,3.207111723e-13,1.823285505e-13,9.789361378e-14,1.252723955e-13,1.181216448e-13,4.464537787e-14,9.857253371e-14,1.228450669e-13,1.571110407e-13,3.470338674e-13,1.423715363e-13,4.887240204e-13,6.560301971e-13,4.608428706e-13,5.021444404e-13,1.124796311e-13,1.675791586e-13,8.095459453e-14,2.103387754e-14,4.034117953e-14,1.432746896e-13,1.462174623e-13,1.601725411e-13,2.759389085e-13,1.941180819e-13,3.260023863e-13,1.578447119e-14,1.565778555e-13,6.547867663e-14
98.875,3.58734294e-13,2.308466825e-13,3.4065236e-13,3.178838601e-13,1.790509883e-13,9.779100169e-14,1.246169954e-13,1.148096271e-13,4.429757791e-14,9.883430154e-14,1.212988599e-13,1.575090664e-13,3.412593108e-13,1.400424166e-13,4.833299202e-13,6.46727332e-13,4.564083059e-13,5.006821447e-13,1.108850415e-13,1.65435919e-13,8.036694171e-14,2.093439013e-14,3.941660549e-14,1.442416797e-13,1.436150435e-13,1.585129388e-13,2.737915709e-13,1.943957904e-13,3.212499397e-13,1.581188487e-14,1.5559819e-13,6.398298341e-14
98.8828125,3.606542422e-13,2.324256271e-13,3.378575171e-13,3.152179969e-13,1.759101024e-13,9.779535956e-14,1.239800144e-13,1.115390206e-13,4.39699443e-14,9.905067473e-14,1.197953243e-13,1.579290858e-13,3.35608739e-13,1.378013259e-13,4.780803599e-13,6.374857018e-13,4.519813563e-13,4.992790577e-13,1.093466603e-13,1.633362904e-13,7.975801137e-14,2.083283474e-14,3.851298617e-14,1.451416455e-13,1.410708498e-13,1.568498677e-13,2.717084358e-13,1.945724504e-13,3.166796202e-13,1.584892206e-14,1.546189488e-13,6.251255436e-14
98.890625,3.624660027e-13,2.337560997e-13,3.351497787e-13,3.125031322e-13,1.729056875e-13,9.784601868e-14,1.232836152e-13,1.083810056e-13,4.365712351e-14,9.915728166e-14,1.183556339e-13,1.584099537e-13,3.29928725e-13,1.356316607e-13,4.730016176e-13,6.283739952e-13,4.476029654e-13,4.979164775e-13,1.078688038e-13,1.613297955e-13,7.916470409e-14,2.072025429e-14,3.759369906e-14,1.460720051e-13,1.385492262e-13,1.552138789e-13,2.696014171e-13,1.94542735e-13,3.122779425e-13,1.589930272e-14,1.536768065e-13,6.107336494e-14
98.8984375,3.643357323e-13,2.349758259e-13,3.322229547e-13,3.096112776e-13,1.698248425e-13,9.785238523e-14,1.22549115e-13,1.053655232e-13,4.338249696e-14,9.928200317e-14,1.168794449e-13,1.588715547e-13,3.239721392e-13,1.333603422e-13,4.679741397e-13,6.194137941e-13,4.432573104e-13,4.964572786e-13,1.063308843e-13,1.594542985e-13,7.854322178e-14,2.059593281e-14,3.662671488e-14,1.470638152e-13,1.360132678e-13,1.535474233e-13,2.673623412e-13,1.944552801e-13,3.076831965e-13,1.595368274e-14,1.526511738e-13,5.966713007e-14
98.90625,3.662020343e-13,2.362379386e-13,3.288768268e-13,3.067799219e-13,1.666114413e-13,9.788820726e-14,1.218615146e-13,1.02414392e-13,4.316613727e-14,9.944927224e-14,1.153029852e-13,1.592267248e-13,3.178824325e-13,1.310013411e-13,4.629667544e-13,6.106323182e-13,4.389334463e-13,4.949834178e-13,1.047013335e-13,1.575365142e-13,7.783782415e-14,2.048539116e-14,3.567672108e-14,1.480822487e-13,1.335390809e-13,1.517912452e-13,2.651152545e-13,1.943842832e-13,3.029659149e-13,1.600751586e-14,1.515874005e-13,5.828042387e-14
98.9140625,3.679500444e-13,2.374930303e-13,3.252208388e-13,3.042743793e-13,1.634468336e-13,9.804401493e-14,1.211631417e-13,9.95268028e-14,4.30142986e-14,9.955133238e-14,1.137309136e-13,1.595950833e-13,3.118801768e-13,1.286901237e-13,4.580716962e-13,6.022323175e-13,4.347748258e-13,4.936216406e-13,1.03086618e-13,1.556838229e-13,7.708444922e-14,2.040340306e-14,3.477323751e-14,1.491775468e-13,1.311081905e-13,1.499868349e-13,2.6286639e-13,1.943203528e-13,2.983599877e-13,1.604741374e-14,1.506076575e-13,5.6927173e-14
98.921875,3.69656894e-13,2.386721357e-13,3.215398466e-13,3.018749521e-13,1.604681761e-13,9.823834486e-14,1.203883007e-13,9.674290423e-14,4.290172191e-14,9.96163216e-14,1.122762287e-13,1.601208816e-13,3.05926834e-13,1.264142321e-13,4.533942174e-13,5.942856735e-13,4.308703348e-13,4.923244588e-13,1.015413828e-13,1.541981492e-13,7.63775176e-14,2.031805873e-14,3.38779924e-14,1.504080431e-13,1.286786128e-13,1.482420235e-13,2.605015988e-13,1.942518859e-13,2.938213649e-13,1.607787468e-14,1.496535856e-13,5.563305445e-14
98.9296875,3.71403035e-13,2.398132245e-13,3.179747035e-13,2.993082951e-13,1.575536214e-13,9.840679518e-14,1.196325129e-13,9.404672925e-14,4.27957355e-14,9.972869942e-14,1.108633009e-13,1.606818964e-13,2.999555058e-13,1.240940013e-13,4.49013717e-13,5.867706955e-13,4.271763369e-13,4.911651251e-13,9.999863991e-14,1.529633773e-13,7.569277023e-14,2.020862916e-14,3.301081329e-14,1.5165466e-13,1.263540142e-13,1.466037388e-13,2.580826056e-13,1.941246727e-13,2.894148294e-13,1.612156305e-14,1.486546397e-13,5.440073355e-14
98.9375,3.733153889e-13,2.409694986e-13,3.143298806e-13,2.968219164e-13,1.545591513e-13,9.868712576e-14,1.18948515e-13,9.144830704e-14,4.270218441e-14,9.985396609e-14,1.093556563e-13,1.61105116e-13,2.940320198e-13,1.217813751e-13,4.449493234e-13,5.797848874e-13,4.23754973e-13,4.903302945e-13,9.845164049e-14,1.517114885e-13,7.489412326e-14,2.011008996e-14,3.220155328e-14,1.527916988e-13,1.241627441e-13,1.450039507e-13,2.557348323e-13,1.939525258e-13,2.852868596e-13,1.616824678e-14,1.4767319e-13,5.322432333e-14
98.9453125,3.753647679e-13,2.42150909e-13,3.104638037e-13,2.946912295e-13,1.515379682e-13,9.914692432e-14,1.182502205e-13,8.894901041e-14,4.263068622e-14,9.997519055e-14,1.078152667e-13,1.614880812e-13,2.881749679e-13,1.195539823e-13,4.411153391e-13,5.732922425e-13,4.206501207e-13,4.896776685e-13,9.697252267e-14,1.504663213e-13,7.400350769e-14,2.003255688e-14,3.140589716e-14,1.539158486e-13,1.219959949e-13,1.43387175e-13,2.534652077e-13,1.938290412e-13,2.813235376e-13,1.619786848e-14,1.467536805e-13,5.208454213e-14
98.953125,3.772136222e-13,2.434138208e-13,3.066491021e-13,2.92739378e-13,1.485423328e-13,9.962637564e-14,1.17511166e-13,8.649935195e-14,4.257545548e-14,1.001167695e-13,1.064320893e-13,1.620368212e-13,2.823008392e-13,1.173984329e-13,4.374750937e-13,5.671910617e-13,4.17727029e-13,4.889780988e-13,9.55478786e-14,1.493012084e-13,7.319038758e-14,1.993468549e-14,3.059961045e-14,1.551062179e-13,1.198539638e-13,1.418102531e-13,2.512261806e-13,1.937174656e-13,2.774494077e-13,1.622394087e-14,1.458975932e-13,5.095409372e-14
98.9609375,3.788687401e-13,2.447669867e-13,3.030958045e-13,2.907974683e-13,1.455767663e-13,1.00070871e-13,1.167923994e-13,8.413371277e-14,4.256666437e-14,1.002307347e-13,1.052086268e-13,1.627737439e-13,2.763848493e-13,1.15321654e-13,4.341352815e-13,5.615470793e-13,4.149205552e-13,4.883387562e-13,9.413333214e-14,1.48254298e-13,7.244064479e-14,1.981901539e-14,2.981090796e-14,1.563021051e-13,1.177928453e-13,1.4031602e-13,2.489941932e-13,1.93507665e-13,2.737830071e-13,1.626025407e-14,1.451198032e-13,4.984734966e-14
98.96875,3.806279936e-13,2.461065904e-13,2.995656722e-13,2.890477519e-13,1.427198844e-13,1.006049773e-13,1.160981168e-13,8.190638313e-14,4.26243054e-14,1.002883184e-13,1.039839686e-13,1.635677108e-13,2.705351932e-13,1.13342892e-13,4.31066104e-13,5.562486373e-13,4.122261583e-13,4.878289874e-13,9.274988301e-14,1.473850448e-13,7.159982218e-14,1.972420954e-14,2.903881468e-14,1.575522406e-13,1.157682251e-13,1.388542246e-13,2.467819133e-13,1.93233724e-13,2.703764422e-13,1.630013961e-14,1.443894729e-13,4.878660074e-14
98.9765625,3.823524687e-13,2.474397239e-13,2.958635168e-13,2.876147782e-13,1.399557792e-13,1.012125687e-13,1.153756209e-13,7.97447986e-14,4.269132731e-14,1.003005709e-13,1.02754745e-13,1.643174193e-13,2.648398069e-13,1.113741383e-13,4.280493315e-13,5.510213022e-13,4.095170302e-13,4.872738631e-13,9.138217222e-14,1.465857923e-13,7.068073811e-14,1.96359642e-14,2.826481035e-14,1.589027042e-13,1.137529438e-13,1.374096048e-13,2.445484878e-13,1.929537945e-13,2.671941946e-13,1.633295734e-14,1.436673125e-13,4.774433121e-14
98.984375,3.839151137e-13,2.488196791e-13,2.920807854e-13,2.863317863e-13,1.371640871e-13,1.01789752e-13,1.146097797e-13,7.76152736e-14,4.27337722e-14,1.002513752e-13,1.016271802e-13,1.650072423e-13,2.592220857e-13,1.093169587e-13,4.250530616e-13,5.45934315e-13,4.068085102e-13,4.866206642e-13,8.998642436e-14,1.45731538e-13,6.977412336e-14,1.952867543e-14,2.749406979e-14,1.602334952e-13,1.117861369e-13,1.360060528e-13,2.422124309e-13,1.92631912e-13,2.641237492e-13,1.635295962e-14,1.429532212e-13,4.670918061e-14
98.9921875,3.855897916e-13,2.501186821e-13,2.882384372e-13,2.851173178e-13,1.343861901e-13,1.023990282e-13,1.138425166e-13,7.559805828e-14,4.279376793e-14,1.002159985e-13,1.005691774e-13,1.656567574e-13,2.536056336e-13,1.072168538e-13,4.222168459e-13,5.411975299e-13,4.043572116e-13,4.859481493e-13,8.860695011e-14,1.448873138e-13,6.886569215e-14,1.942571932e-14,2.673273589e-14,1.615382756e-13,1.098757725e-13,1.345799988e-13,2.398961633e-13,1.923016832e-13,2.610163654e-13,1.637412317e-14,1.422223447e-13,4.570611146e-14
99,3.873442973e-13,2.512738402e-13,2.843615255e-13,2.840759125e-13,1.317001901e-13,1.031199326e-13,1.131162011e-13,7.370910017e-14,4.288257735e-14,1.00294364e-13,9.954453567e-14,1.663123569e-13,2.480380163e-13,1.052083393e-13,4.195807924e-13,5.367651052e-13,4.022265744e-13,4.852734912e-13,8.728883936e-14,1.441030273e-13,6.79622704e-14,1.933367581e-14,2.598933262e-14,1.629164989e-13,1.080037845e-13,1.330802307e-13,2.377792574e-13,1.920167771e-13,2.579224464e-13,1.640880773e-14,1.414891938e-13,4.471905409e-14
99.0078125,3.889236934e-13,2.523833191e-13,2.806214334e-13,2.831592786e-13,1.290043783e-13,1.038911087e-13,1.124392197e-13,7.193135985e-14,4.299127492e-14,1.004043665e-13,9.860411405e-14,1.670339104e-13,2.424987915e-13,1.03342331e-13,4.172340274e-13,5.326795398e-13,4.002490162e-13,4.846714489e-13,8.598088694e-14,1.433958511e-13,6.709687833e-14,1.922213401e-14,2.528643972e-14,1.643274341e-13,1.061720816e-13,1.316157831e-13,2.356981023e-13,1.916866859e-13,2.550179464e-13,1.643655579e-14,1.408254629e-13,4.374279049e-14
99.015625,3.904574517e-13,2.53443174e-13,2.769888538e-13,2.822991384e-13,1.26258546e-13,1.047002298e-13,1.118040468e-13,7.02932466e-14,4.315705136e-14,1.004645743e-13,9.768477308e-14,1.678161242e-13,2.369504565e-13,1.01546437e-13,4.153804436e-13,5.292760457e-13,3.984783528e-13,4.843066441e-13,8.466624043e-14,1.428451788e-13,6.620421104e-14,1.909824543e-14,2.46285549e-14,1.657312612e-13,1.044201537e-13,1.302899389e-13,2.334646659e-13,1.912977946e-13,2.523473804e-13,1.645665218e-14,1.401858328e-13,4.283542969e-14
99.0234375,3.920881357e-13,2.545084432e-13,2.733258544e-13,2.816790073e-13,1.235861188e-13,1.056304791e-13,1.111873799e-13,6.876508587e-14,4.336229806e-14,1.005254798e-13,9.671664035e-14,1.686104112e-13,2.315349428e-13,9.976986248e-14,4.14014869e-13,5.266640074e-13,3.970765335e-13,4.841843487e-13,8.342358562e-14,1.424235782e-13,6.525496054e-14,1.898814043e-14,2.398336415e-14,1.671534208e-13,1.027837377e-13,1.290277359e-13,2.312367923e-13,1.909942328e-13,2.498574609e-13,1.650921672e-14,1.394915656e-13,4.199064899e-14
99.03125,3.937499213e-13,2.557413223e-13,2.697230426e-13,2.813644849e-13,1.20982038e-13,1.066606575e-13,1.105606374e-13,6.731824794e-14,4.353801755e-14,1.005538322e-13,9.580064779e-14,1.694090725e-13,2.262870266e-13,9.800891838e-14,4.128881594e-13,5.244770389e-13,3.95856347e-13,4.840767788e-13,8.22594591e-14,1.420017793e-13,6.431919557e-14,1.887559356e-14,2.331708628e-14,1.685779052e-13,1.012051398e-13,1.277389917e-13,2.290755614e-13,1.907310628e-13,2.475328842e-13,1.659752048e-14,1.388227438e-13,4.113317979e-14
99.0390625,3.954593767e-13,2.56924312e-13,2.661549473e-13,2.811546295e-13,1.183135543e-13,1.076849868e-13,1.099298476e-13,6.600849185e-14,4.37236522e-14,1.004955858e-13,9.496849087e-14,1.70198362e-13,2.210052702e-13,9.618951134e-14,4.118316565e-13,5.22388179e-13,3.945474876e-13,4.838490702e-13,8.105789441e-14,1.415243465e-13,6.339067289e-14,1.874792338e-14,2.264628372e-14,1.700357015e-13,9.96195599e-14,1.264687999e-13,2.268334815e-13,1.903181652e-13,2.454248052e-13,1.66848016e-14,1.382280931e-13,4.028069921e-14
99.046875,3.970630481e-13,2.577089332e-13,2.623867052e-13,2.810272078e-13,1.155910022e-13,1.086654231e-13,1.093047451e-13,6.482649758e-14,4.398118263e-14,1.004310384e-13,9.414531921e-14,1.709623462e-13,2.156890237e-13,9.42905829e-14,4.108956777e-13,5.204450024e-13,3.932118279e-13,4.836212159e-13,7.976764343e-14,1.410279547e-13,6.242122032e-14,1.862178365e-14,2.201830452e-14,1.715396136e-13,9.808749254e-14,1.252612717e-13,2.24608001e-13,1.897602603e-13,2.43502225e-13,1.675571925e-14,1.376272515e-13,3.949472572e-14
99.0546875,3.982992032e-13,2.583830775e-13,2.585124432e-13,2.810651907e-13,1.129134499e-13,1.09634963e-13,1.086933671e-13,6.36997014e-14,4.424025826e-14,1.00382722e-13,9.339278503e-14,1.717661676e-13,2.105421479e-13,9.247019514e-14,4.102191867e-13,5.187760074e-13,3.919367132e-13,4.834631616e-13,7.846868014e-14,1.405633261e-13,6.14417751e-14,1.848801522e-14,2.142628599e-14,1.730002224e-13,9.666235522e-14,1.240704815e-13,2.225302269e-13,1.891487706e-13,2.415976744e-13,1.680933202e-14,1.370450225e-13,3.873830846e-14
99.0625,3.994686018e-13,2.593970655e-13,2.548120813e-13,2.810860694e-13,1.103073729e-13,1.106885023e-13,1.081612552e-13,6.263687823e-14,4.445285412e-14,1.003019897e-13,9.277223741e-14,1.72633311e-13,2.055537997e-13,9.081725411e-14,4.098648235e-13,5.174525719e-13,3.906980142e-13,4.833760676e-13,7.723436745e-14,1.400886186e-13,6.04570019e-14,1.833263967e-14,2.082812268e-14,1.744263713e-13,9.529789004e-14,1.228745565e-13,2.204466155e-13,1.885462443e-13,2.397241998e-13,1.68549906e-14,1.365442979e-13,3.796071658e-14
99.0703125,4.010491431e-13,2.604600986e-13,2.51243449e-13,2.810164114e-13,1.078117862e-13,1.119126291e-13,1.077252287e-13,6.16668265e-14,4.469424733e-14,1.002252367e-13,9.220943828e-14,1.734815067e-13,2.006191944e-13,8.925050371e-14,4.098080143e-13,5.166103638e-13,3.897113781e-13,4.835401994e-13,7.608038522e-14,1.395889455e-13,5.942612613e-14,1.818305497e-14,2.024394449e-14,1.758970921e-13,9.398922271e-14,1.217142964e-13,2.183124096e-13,1.880738292e-13,2.380890362e-13,1.692264706e-14,1.360441397e-13,3.719350834e-14
99.078125,4.028108694e-13,2.611370061e-13,2.477361431e-13,2.812736921e-13,1.054619605e-13,1.132432799e-13,1.072702049e-13,6.079805148e-14,4.499591229e-14,1.001514977e-13,9.17005387e-14,1.743364334e-13,1.958245356e-13,8.775383419e-14,4.100585251e-13,5.163070953e-13,3.892099227e-13,4.840072467e-13,7.499806007e-14,1.392730297e-13,5.837927241e-14,1.805611455e-14,1.971095973e-14,1.774250366e-13,9.277452636e-14,1.206357102e-13,2.162893974e-13,1.876903195e-13,2.367442512e-13,1.701612092e-14,1.355491608e-13,3.647881123e-14
99.0859375,4.042984719e-13,2.617521183e-13,2.44441901e-13,2.822220498e-13,1.031672391e-13,1.145862077e-13,1.067572046e-13,6.006951657e-14,4.531471958e-14,1.000331035e-13,9.128734817e-14,1.752994251e-13,1.912577704e-13,8.63628779e-14,4.106570801e-13,5.164552256e-13,3.890070891e-13,4.845378929e-13,7.394612295e-14,1.392537956e-13,5.736278647e-14,1.79372174e-14,1.920191467e-14,1.790422783e-13,9.162355361e-14,1.196781128e-13,2.144047124e-13,1.872043673e-13,2.356612808e-13,1.710905058e-14,1.352054069e-13,3.582118053e-14
99.09375,4.056690657e-13,2.627507319e-13,2.413066927e-13,2.836169014e-13,1.009047005e-13,1.159619263e-13,1.062780507e-13,5.946336269e-14,4.564633797e-14,9.990771429e-14,9.092830109e-14,1.763194251e-13,1.868676272e-13,8.504014794e-14,4.115464096e-13,5.170022564e-13,3.888558818e-13,4.851409577e-13,7.290815165e-14,1.392905906e-13,5.636591868e-14,1.782992631e-14,1.869758841e-14,1.807035287e-13,9.050092914e-14,1.188197828e-13,2.126279277e-13,1.866930924e-13,2.348035395e-13,1.719864924e-14,1.349879453e-13,3.520107416e-14
99.1015625,4.072712688e-13,2.638836711e-13,2.381040335e-13,2.850026049e-13,9.882694779e-14,1.173723584e-13,1.058324135e-13,5.890514461e-14,4.59934339e-14,9.977057294e-14,9.06327237e-14,1.773345794e-13,1.82639505e-13,8.380588263e-14,4.126067087e-13,5.178969276e-13,3.888387169e-13,4.860290474e-13,7.193039052e-14,1.391778702e-13,5.538019952e-14,1.774022306e-14,1.822492758e-14,1.822613797e-13,8.943519734e-14,1.179615008e-13,2.109825233e-13,1.862948573e-13,2.340253432e-13,1.729452944e-14,1.347753889e-13,3.458355055e-14
99.109375,4.089312081e-13,2.647652038e-13,2.349510539e-13,2.862899343e-13,9.691291356e-14,1.187897978e-13,1.053609129e-13,5.840741359e-14,4.632404935e-14,9.957456747e-14,9.042841627e-14,1.784014636e-13,1.786073357e-13,8.269633711e-14,4.137795632e-13,5.189617249e-13,3.88974059e-13,4.869579293e-13,7.100509891e-14,1.389544123e-13,5.441397464e-14,1.764133687e-14,1.777428653e-14,1.8374387e-13,8.844489789e-14,1.170680719e-13,2.093941069e-13,1.858320233e-13,2.333675692e-13,1.739188169e-14,1.346021446e-13,3.39590022e-14
99.1171875,4.102411323e-13,2.655089149e-13,2.320635283e-13,2.87617157e-13,9.493104236e-14,1.202459584e-13,1.048983956e-13,5.802205276e-14,4.663739051e-14,9.938765174e-14,9.023020852e-14,1.795003837e-13,1.747235201e-13,8.159824751e-14,4.150435319e-13,5.199976336e-13,3.889725588e-13,4.874782972e-13,7.00678071e-14,1.386968545e-13,5.346511896e-14,1.751616465e-14,1.730943704e-14,1.852713176e-13,8.749722508e-14,1.162031756e-13,2.077979898e-13,1.852175096e-13,2.329988992e-13,1.749117491e-14,1.345001369e-13,3.335279731e-14
99.125,4.113089821e-13,2.663417993e-13,2.292772137e-13,2.8907335e-13,9.288956483e-14,1.217388523e-13,1.044772947e-13,5.773675044e-14,4.697234752e-14,9.923425807e-14,9.002435848e-14,1.805746767e-13,1.709379606e-13,8.047097781e-14,4.164501676e-13,5.210811209e-13,3.888152151e-13,4.877189113e-13,6.91529009e-14,1.3847933e-13,5.252601175e-14,1.73906026e-14,1.684639191e-14,1.86842806e-13,8.657829466e-14,1.154101862e-13,2.062712129e-13,1.846523243e-13,2.328016689e-13,1.760281571e-14,1.344198778e-13,3.277935336e-14
99.1328125,4.126318257e-13,2.672220271e-13,2.264218033e-13,2.907534284e-13,9.099550767e-14,1.232412282e-13,1.040834312e-13,5.753863291e-14,4.734987103e-14,9.90215439e-14,8.992622024e-14,1.81680184e-13,1.672704059e-13,7.945743771e-14,4.181825245e-13,5.22613368e-13,3.889403142e-13,4.881414865e-13,6.833045184e-14,1.383657484e-13,5.157472961e-14,1.729281625e-14,1.642623602e-14,1.884642719e-13,8.572831801e-14,1.14700166e-13,2.048554522e-13,1.841841758e-13,2.326820031e-13,1.773305835e-14,1.343924344e-13,3.224602171e-14
99.140625,4.141804836e-13,2.680676646e-13,2.236273137e-13,2.92682011e-13,8.923483346e-14,1.247447281e-13,1.03709459e-13,5.742532154e-14,4.775334799e-14,9.874656446e-14,8.995286493e-14,1.8282477e-13,1.637314115e-13,7.856728875e-14,4.202309392e-13,5.2468423e-13,3.894181881e-13,4.887491185e-13,6.754337749e-14,1.383485493e-13,5.06014681e-14,1.721354652e-14,1.605167331e-14,1.901080424e-13,8.495050088e-14,1.140650651e-13,2.034910749e-13,1.836818383e-13,2.327452722e-13,1.787179543e-14,1.34451856e-13,3.175653145e-14
99.1484375,4.154806304e-13,2.689031588e-13,2.209541025e-13,2.947060098e-13,8.748546458e-14,1.261852216e-13,1.032986639e-13,5.733861472e-14,4.814472585e-14,9.844752259e-14,9.005312523e-14,1.83963019e-13,1.603508129e-13,7.769828537e-14,4.222386377e-13,5.268040319e-13,3.898318128e-13,4.892699026e-13,6.672672186e-14,1.383901232e-13,4.96436226e-14,1.712945539e-14,1.570186464e-14,1.916452731e-13,8.418998325e-14,1.134642651e-13,2.021399783e-13,1.830998339e-13,2.329455504e-13,1.799438188e-14,1.34572015e-13,3.127265438e-14
99.15625,4.16682877e-13,2.6970764e-13,2.183669661e-13,2.966938012e-13,8.578054441e-14,1.27568402e-13,1.028192773e-13,5.722777213e-14,4.850296818e-14,9.810030483e-14,9.025953063e-14,1.851550819e-13,1.571592787e-13,7.690132202e-14,4.24054764e-13,5.287769959e-13,3.902129541e-13,4.897725392e-13,6.594192192e-14,1.383746276e-13,4.872288179e-14,1.704076849e-14,1.537487322e-14,1.930987148e-13,8.345649605e-14,1.129098216e-13,2.0082659e-13,1.824560301e-13,2.333062288e-13,1.810118131e-14,1.347803654e-13,3.076213676e-14
99.1640625,4.183049458e-13,2.704475565e-13,2.159421799e-13,2.98663495e-13,8.413816729e-14,1.290043076e-13,1.023726275e-13,5.713634307e-14,4.885528561e-14,9.776039723e-14,9.056174681e-14,1.864002655e-13,1.540451527e-13,7.618893862e-14,4.259113788e-13,5.309168518e-13,3.909018904e-13,4.903350965e-13,6.52296348e-14,1.381732281e-13,4.780214491e-14,1.695723036e-14,1.507720527e-14,1.945995839e-13,8.278877984e-14,1.124386727e-13,1.996128197e-13,1.818493628e-13,2.339676727e-13,1.821874867e-14,1.350575751e-13,3.026349076e-14
99.171875,4.201456657e-13,2.712123955e-13,2.136393887e-13,3.007236191e-13,8.250173951e-14,1.304853303e-13,1.020184744e-13,5.713762059e-14,4.924564367e-14,9.751250723e-14,9.085282251e-14,1.875879358e-13,1.509206452e-13,7.544527682e-14,4.27909434e-13,5.332475554e-13,3.917406724e-13,4.907122181e-13,6.45363686e-14,1.378977007e-13,4.686726288e-14,1.688005262e-14,1.479571618e-14,1.961317096e-13,8.213915022e-14,1.119903381e-13,1.985271316e-13,1.814292828e-13,2.347481687e-13,1.83522113e-14,1.353124133e-13,2.981217195e-14
99.1796875,4.217655959e-13,2.720604791e-13,2.113738449e-13,3.02989321e-13,8.092788271e-14,1.319892147e-13,1.016861598e-13,5.723279463e-14,4.967045567e-14,9.727088677e-14,9.114562089e-14,1.887525319e-13,1.479075726e-13,7.474598299e-14,4.300587373e-13,5.356519486e-13,3.925366637e-13,4.909394677e-13,6.38607109e-14,1.377713327e-13,4.596920707e-14,1.681777163e-14,1.452497389e-14,1.976515629e-13,8.149296155e-14,1.115300391e-13,1.975097616e-13,1.81132858e-13,2.355447061e-13,1.849941223e-14,1.356184348e-13,2.937760606e-14
99.1875,4.23288429e-13,2.728840775e-13,2.093119698e-13,3.054268919e-13,7.9491571e-14,1.335978087e-13,1.013354986e-13,5.737080318e-14,5.007669453e-14,9.687738101e-14,9.156645677e-14,1.899891591e-13,1.450781691e-13,7.425863113e-14,4.325112459e-13,5.382823529e-13,3.934750842e-13,4.91357905e-13,6.325802049e-14,1.377606982e-13,4.513163996e-14,1.677460711e-14,1.427709222e-14,1.991875199e-13,8.090880258e-14,1.111340787e-13,1.96506895e-13,1.807147587e-13,2.366359613e-13,1.866617721e-14,1.361254831e-13,2.893083563e-14
99.1953125,4.248785169e-13,2.736271611e-13,2.07508809e-13,3.079425198e-13,7.81494818e-14,1.352513512e-13,1.009705464e-13,5.753284033e-14,5.044495073e-14,9.634080265e-14,9.209056327e-14,1.912665039e-13,1.423575485e-13,7.392334832e-14,4.3515774e-13,5.410818057e-13,3.945507219e-13,4.919094949e-13,6.27267701e-14,1.376771426e-13,4.429886305e-14,1.673961448e-14,1.404009498e-14,2.007232257e-13,8.035404317e-14,1.108036736e-13,1.955581064e-13,1.80117799e-13,2.380157811e-13,1.882733723e-14,1.368144884e-13,2.848632632e-14
99.203125,4.265192991e-13,2.744041131e-13,2.057026035e-13,3.106106876e-13,7.688623369e-14,1.36785638e-13,1.005758737e-13,5.773802251e-14,5.082585637e-14,9.582923118e-14,9.259166409e-14,1.925802859e-13,1.397313623e-13,7.362214809e-14,4.376427067e-13,5.438246093e-13,3.956417121e-13,4.923558297e-13,6.224167337e-14,1.374847217e-13,4.342357089e-14,1.67185517e-14,1.381133605e-14,2.022421489e-13,7.977920699e-14,1.104691043e-13,1.946998647e-13,1.795728385e-13,2.394327136e-13,1.895690288e-14,1.37592684e-13,2.805909491e-14
99.2109375,4.283846871e-13,2.75295629e-13,2.038081138e-13,3.134579829e-13,7.573462673e-14,1.381916422e-13,1.001630473e-13,5.798927781e-14,5.123961587e-14,9.541717319e-14,9.309341883e-14,1.939312777e-13,1.371960796e-13,7.333167232e-14,4.399014365e-13,5.465206229e-13,3.968411334e-13,4.927626786e-13,6.179341482e-14,1.3722026e-13,4.252670038e-14,1.671804847e-14,1.362888032e-14,2.037622026e-13,7.923658406e-14,1.101472487e-13,1.938538164e-13,1.792605242e-13,2.409513153e-13,1.907874206e-14,1.383693086e-13,2.764571383e-14
99.21875,4.305241496e-13,2.761963097e-13,2.020342331e-13,3.163210822e-13,7.465802926e-14,1.396032111e-13,9.975090091e-14,5.827414838e-14,5.16193757e-14,9.499833425e-14,9.369349192e-14,1.951763889e-13,1.347449275e-13,7.302757537e-14,4.421242234e-13,5.491833519e-13,3.981150199e-13,4.932035513e-13,6.13563121e-14,1.368838145e-13,4.165059115e-14,1.671483037e-14,1.348913305e-14,2.052549968e-13,7.873175221e-14,1.098597706e-13,1.92946198e-13,1.79050984e-13,2.42655085e-13,1.92252498e-14,1.3906889e-13,2.724379366e-14
99.2265625,4.327395337e-13,2.769554427e-13,2.00528521e-13,3.19151845e-13,7.364066727e-14,1.411731247e-13,9.935527215e-14,5.860213206e-14,5.193883082e-14,9.453000941e-14,9.440840572e-14,1.962925878e-13,1.324809323e-13,7.277405123e-14,4.445138414e-13,5.518910688e-13,3.994063922e-13,4.936361429e-13,6.094455134e-14,1.365811821e-13,4.082958995e-14,1.670885704e-14,1.335574577e-14,2.067268083e-13,7.823372436e-14,1.09593818e-13,1.920923614e-13,1.78776622e-13,2.444712416e-13,1.94024974e-14,1.398142388e-13,2.685791322e-14
99.234375,4.349828958e-13,2.776585497e-13,1.992689174e-13,3.219972071e-13,7.272014118e-14,1.428326292e-13,9.902771984e-14,5.898921195e-14,5.227814407e-14,9.410113594e-14,9.522043085e-14,1.974985811e-13,1.303969187e-13,7.266703152e-14,4.47128612e-13,5.548113727e-13,4.008317946e-13,4.940291032e-13,6.060806768e-14,1.363856987e-13,4.007244967e-14,1.672925315e-14,1.325079951e-14,2.082640673e-13,7.779849517e-14,1.094048925e-13,1.914283864e-13,1.78523588e-13,2.465226014e-13,1.959539066e-14,1.407811096e-13,2.648719301e-14
99.2421875,4.372537604e-13,2.784919054e-13,1.981075558e-13,3.247882599e-13,7.187014826e-14,1.442810228e-13,9.873853464e-14,5.941864673e-14,5.266976756e-14,9.371794371e-14,9.605809608e-14,1.988533201e-13,1.283308781e-13,7.26035806e-14,4.496446169e-13,5.576739094e-13,4.022412338e-13,4.942643915e-13,6.03151895e-14,1.361017551e-13,3.933667242e-14,1.675981479e-14,1.319116393e-14,2.09841995e-13,7.741708323e-14,1.093129887e-13,1.908387111e-13,1.783877431e-13,2.488749349e-13,1.977668922e-14,1.418406687e-13,2.612190046e-14
99.25,4.395832515e-13,2.79303742e-13,1.968825876e-13,3.275340942e-13,7.108429012e-14,1.455146957e-13,9.83676164e-14,5.986315555e-14,5.303604914e-14,9.331883105e-14,9.68337073e-14,2.001665803e-13,1.262991349e-13,7.250172944e-14,4.517811789e-13,5.601786095e-13,4.034687452e-13,4.943420922e-13,6.001402886e-14,1.355978145e-13,3.859240019e-14,1.677261851e-14,1.314126387e-14,2.113083626e-13,7.699149194e-14,1.092194161e-13,1.901742663e-13,1.783076842e-13,2.512337893e-13,1.994306089e-14,1.427999915e-13,2.576063657e-14
99.2578125,4.421982931e-13,2.799245854e-13,1.956218556e-13,3.304023852e-13,7.04308438e-14,1.46819721e-13,9.794090552e-14,6.033133595e-14,5.335328807e-14,9.289603088e-14,9.760796202e-14,2.013886621e-13,1.244153528e-13,7.250548269e-14,4.538189351e-13,5.626366636e-13,4.048134096e-13,4.944704442e-13,5.973769475e-14,1.350484202e-13,3.786493694e-14,1.679705181e-14,1.310323255e-14,2.12653597e-13,7.654936197e-14,1.090888635e-13,1.895228082e-13,1.782549037e-13,2.534705881e-13,2.010619698e-14,1.437782902e-13,2.541379317e-14
99.265625,4.450568799e-13,2.80646925e-13,1.945058073e-13,3.334607773e-13,6.987990495e-14,1.481877211e-13,9.759016803e-14,6.084809726e-14,5.369006008e-14,9.245411167e-14,9.846801917e-14,2.026446813e-13,1.226459136e-13,7.267543891e-14,4.560516752e-13,5.65299429e-13,4.06411487e-13,4.946579024e-13,5.950616431e-14,1.345897338e-13,3.715929884e-14,1.686130887e-14,1.310502273e-14,2.140275165e-13,7.617188007e-14,1.089997331e-13,1.889695498e-13,1.782551046e-13,2.55897166e-13,2.025886584e-14,1.449525192e-13,2.508549218e-14
99.2734375,4.479030348e-13,2.815821169e-13,1.936157826e-13,3.365310856e-13,6.936216825e-14,1.494661638e-13,9.729852457e-14,6.141477645e-14,5.405964718e-14,9.204085247e-14,9.939133082e-14,2.039380008e-13,1.209508651e-13,7.291484966e-14,4.583662194e-13,5.679952781e-13,4.080292624e-13,4.947906767e-13,5.930344286e-14,1.341995878e-13,3.646205201e-14,1.695065385e-14,1.313970677e-14,2.154596456e-13,7.583806433e-14,1.089799463e-13,1.88464978e-13,1.783521786e-13,2.586751515e-13,2.041807644e-14,1.462805121e-13,2.477679589e-14
99.28125,4.509091421e-13,2.82347881e-13,1.928513404e-13,3.393764165e-13,6.8953347e-14,1.507244632e-13,9.69925539e-14,6.201733954e-14,5.442806754e-14,9.171419036e-14,1.003855833e-13,2.051949336e-13,1.193361158e-13,7.323841754e-14,4.606283284e-13,5.706673766e-13,4.097348482e-13,4.94947602e-13,5.915882662e-14,1.337993904e-13,3.578559128e-14,1.705792624e-14,1.320179212e-14,2.168581283e-13,7.553252144e-14,1.089867491e-13,1.880440804e-13,1.786010196e-13,2.616015408e-13,2.061063655e-14,1.476809884e-13,2.449379323e-14
99.2890625,4.542039272e-13,2.82907865e-13,1.921145775e-13,3.420874201e-13,6.871542412e-14,1.520189574e-13,9.670553706e-14,6.263416149e-14,5.481014246e-14,9.139074818e-14,1.014166348e-13,2.064537851e-13,1.177884174e-13,7.369024961e-14,4.627422918e-13,5.733116003e-13,4.116630756e-13,4.951525747e-13,5.906205726e-14,1.332255368e-13,3.510649639e-14,1.718812915e-14,1.328464592e-14,2.182014348e-13,7.527169147e-14,1.089994466e-13,1.877463942e-13,1.789013271e-13,2.646296337e-13,2.080277422e-14,1.491485894e-13,2.423000552e-14
99.296875,4.575158789e-13,2.83515701e-13,1.914579517e-13,3.449242682e-13,6.856725711e-14,1.533159557e-13,9.644864039e-14,6.32507298e-14,5.519986685e-14,9.100585979e-14,1.023332997e-13,2.077260264e-13,1.163472575e-13,7.418386273e-14,4.645621467e-13,5.757663559e-13,4.135598811e-13,4.953133614e-13,5.893310236e-14,1.324940413e-13,3.439250655e-14,1.733132926e-14,1.337311225e-14,2.194817599e-13,7.502255494e-14,1.090246258e-13,1.874360922e-13,1.791446658e-13,2.679030238e-13,2.097034732e-14,1.506563566e-13,2.397742604e-14
99.3046875,4.609811484e-13,2.840224638e-13,1.909458923e-13,3.477489115e-13,6.845916248e-14,1.546450085e-13,9.617902242e-14,6.390128253e-14,5.554729214e-14,9.066436711e-14,1.031546262e-13,2.089020708e-13,1.150108899e-13,7.468013874e-14,4.661501965e-13,5.780259497e-13,4.153575065e-13,4.954557263e-13,5.877568703e-14,1.318715669e-13,3.369181842e-14,1.748354415e-14,1.348421171e-14,2.206832937e-13,7.476767929e-14,1.090759533e-13,1.870201774e-13,1.794717978e-13,2.713274508e-13,2.114894465e-14,1.521801755e-13,2.375948465e-14
99.3125,4.649158063e-13,2.843997184e-13,1.905418691e-13,3.504188907e-13,6.843104785e-14,1.560208976e-13,9.591358002e-14,6.461550917e-14,5.587655104e-14,9.038427987e-14,1.040507938e-13,2.099783888e-13,1.137029246e-13,7.526131027e-14,4.677074854e-13,5.802435088e-13,4.173140046e-13,4.955767871e-13,5.867579557e-14,1.31397643e-13,3.304202489e-14,1.765855453e-14,1.362264117e-14,2.219007195e-13,7.452141587e-14,1.091677872e-13,1.865977434e-13,1.799764198e-13,2.74723014e-13,2.134565069e-14,1.537643306e-13,2.359104045e-14
99.3203125,4.690301955e-13,2.85077111e-13,1.90241001e-13,3.53328024e-13,6.85327299e-14,1.574062269e-13,9.566246651e-14,6.532884797e-14,5.623873183e-14,9.005906377e-14,1.050499976e-13,2.110867232e-13,1.124878286e-13,7.597578717e-14,4.692857505e-13,5.824166299e-13,4.193343037e-13,4.956138354e-13,5.866408114e-14,1.308770936e-13,3.241288437e-14,1.786255671e-14,1.376376221e-14,2.231929589e-13,7.426930102e-14,1.092832245e-13,1.862667417e-13,1.805762562e-13,2.781125949e-13,2.154350267e-14,1.554406473e-13,2.342442625e-14
99.328125,4.731734532e-13,2.860725428e-13,1.900962587e-13,3.565881724e-13,6.880625986e-14,1.587492404e-13,9.539393809e-14,6.598679517e-14,5.659070326e-14,8.973060506e-14,1.061297426e-13,2.122365317e-13,1.11454854e-13,7.680058526e-14,4.70822012e-13,5.843892639e-13,4.211404187e-13,4.956375619e-13,5.8705844e-14,1.302477588e-13,3.181202162e-14,1.807943689e-14,1.39270558e-14,2.244734321e-13,7.402374538e-14,1.093919254e-13,1.860017233e-13,1.813071817e-13,2.815674057e-13,2.174986465e-14,1.571535281e-13,2.321863021e-14
99.3359375,4.776226482e-13,2.869169861e-13,1.901276353e-13,3.59643236e-13,6.920775438e-14,1.600350499e-13,9.512995438e-14,6.666811477e-14,5.689577639e-14,8.949286639e-14,1.073173908e-13,2.133364414e-13,1.104979006e-13,7.768477407e-14,4.722489486e-13,5.861005334e-13,4.228613954e-13,4.956199713e-13,5.87627667e-14,1.295529713e-13,3.126740807e-14,1.829075963e-14,1.413696527e-14,2.257147488e-13,7.381648507e-14,1.095193977e-13,1.857338903e-13,1.821828507e-13,2.851499702e-13,2.195120667e-14,1.588334943e-13,2.301881875e-14
99.34375,4.821431983e-13,2.875402707e-13,1.903559476e-13,3.622611384e-13,6.962530383e-14,1.613261595e-13,9.488869308e-14,6.743558998e-14,5.72086135e-14,8.927876499e-14,1.08580477e-13,2.144081137e-13,1.095506347e-13,7.858026638e-14,4.735204193e-13,5.876253696e-13,4.246378649e-13,4.953110896e-13,5.882820966e-14,1.288890126e-13,3.074630766e-14,1.850375166e-14,1.436445929e-14,2.269357941e-13,7.36048603e-14,1.09721738e-13,1.854741136e-13,1.830539585e-13,2.889300446e-13,2.213160407e-14,1.60513491e-13,2.287577939e-14
99.3515625,4.86468815e-13,2.882620074e-13,1.907809324e-13,3.647314354e-13,7.008392758e-14,1.625910327e-13,9.464219479e-14,6.820908596e-14,5.755349508e-14,8.903628639e-14,1.098677701e-13,2.155101625e-13,1.0870108e-13,7.952550453e-14,4.746253134e-13,5.889561858e-13,4.263000037e-13,4.946808752e-13,5.892557231e-14,1.28336823e-13,3.022385931e-14,1.873871694e-14,1.459253019e-14,2.280722761e-13,7.335325008e-14,1.100040364e-13,1.853057625e-13,1.83919213e-13,2.928786043e-13,2.231322871e-14,1.623027009e-13,2.276381562e-14
99.359375,4.911040681e-13,2.891343565e-13,1.912989967e-13,3.672165643e-13,7.070677495e-14,1.637474674e-13,9.441898628e-14,6.893744958e-14,5.789077151e-14,8.884677128e-14,1.11123301e-13,2.16591432e-13,1.079538552e-13,8.060745789e-14,4.755956953e-13,5.900977659e-13,4.279212593e-13,4.940342102e-13,5.90664098e-14,1.277883607e-13,2.971993329e-14,1.900339609e-14,1.483472039e-14,2.29150021e-13,7.312256843e-14,1.103325641e-13,1.852224404e-13,1.848945432e-13,2.969617389e-13,2.250132026e-14,1.642268026e-13,2.265632757e-14
99.3671875,4.962847023e-13,2.899856306e-13,1.918123869e-13,3.697364437e-13,7.148557959e-14,1.649020224e-13,9.424942461e-14,6.968733211e-14,5.821549117e-14,8.873697906e-14,1.122895172e-13,2.17604286e-13,1.072433485e-13,8.179367474e-14,4.764704568e-13,5.912130928e-13,4.297662048e-13,4.935289587e-13,5.924061591e-14,1.271388702e-13,2.923703462e-14,1.930058589e-14,1.509325506e-14,2.302590399e-13,7.295128481e-14,1.106790135e-13,1.851460995e-13,1.859802856e-13,3.011902528e-13,2.268214454e-14,1.662065939e-13,2.257468058e-14
99.375,5.015057391e-13,2.908191015e-13,1.924119839e-13,3.722300642e-13,7.23113104e-14,1.660686081e-13,9.409021652e-14,7.047764967e-14,5.854091237e-14,8.865505592e-14,1.134584644e-13,2.186083246e-13,1.065548091e-13,8.29729299e-14,4.771361167e-13,5.921934154e-13,4.316569235e-13,4.929673953e-13,5.942516154e-14,1.264025231e-13,2.876782297e-14,1.961925266e-14,1.536426181e-14,2.313324893e-13,7.279131599e-14,1.110266493e-13,1.850924043e-13,1.871491618e-13,3.055444815e-13,2.285806008e-14,1.682313565e-13,2.251794626e-14
99.3828125,5.065807796e-13,2.916848622e-13,1.932781206e-13,3.744858115e-13,7.315448179e-14,1.670103592e-13,9.39200554e-14,7.124855752e-14,5.886155844e-14,8.861989833e-14,1.1475188e-13,2.196699865e-13,1.058410953e-13,8.415492282e-14,4.773629251e-13,5.926562729e-13,4.333279222e-13,4.921696742e-13,5.95947999e-14,1.255480728e-13,2.832540104e-14,1.993297675e-14,1.563767023e-14,2.323369933e-13,7.260947662e-14,1.11377008e-13,1.850776199e-13,1.883667043e-13,3.100496295e-13,2.302481642e-14,1.703853733e-13,2.245660952e-14
99.390625,5.118073418e-13,2.924704921e-13,1.94346392e-13,3.764866642e-13,7.412229386e-14,1.677236146e-13,9.372215475e-14,7.198338338e-14,5.920853883e-14,8.865716335e-14,1.1609978e-13,2.207734394e-13,1.050754794e-13,8.544956135e-14,4.771579324e-13,5.926759937e-13,4.34992695e-13,4.912936047e-13,5.978506779e-14,1.246317217e-13,2.790799196e-14,2.025780641e-14,1.590776159e-14,2.333710386e-13,7.242131257e-14,1.117289776e-13,1.850555571e-13,1.89603447e-13,3.146765796e-13,2.318716593e-14,1.726839585e-13,2.239248161e-14
99.3984375,5.173714785e-13,2.93154336e-13,1.954064552e-13,3.784213013e-13,7.532667567e-14,1.685009313e-13,9.346910034e-14,7.269662846e-14,5.960749757e-14,8.872300989e-14,1.173948234e-13,2.218491921e-13,1.043506116e-13,8.688093865e-14,4.768022763e-13,5.927010655e-13,4.368930623e-13,4.905525775e-13,6.005489945e-14,1.23789506e-13,2.748370935e-14,2.063701909e-14,1.619080585e-14,2.343861784e-13,7.224126661e-14,1.120872994e-13,1.851078304e-13,1.90958532e-13,3.193009788e-13,2.336142678e-14,1.750648411e-13,2.234784925e-14
99.40625,5.232531173e-13,2.938700847e-13,1.965750382e-13,3.802892107e-13,7.666611222e-14,1.694794156e-13,9.325481597e-14,7.338957583e-14,6.000033538e-14,8.882040824e-14,1.186267808e-13,2.22849137e-13,1.037134141e-13,8.837131908e-14,4.764883273e-13,5.928236225e-13,4.389128653e-13,4.898023093e-13,6.036152193e-14,1.229927823e-13,2.704130377e-14,2.105177773e-14,1.649028818e-14,2.353230332e-13,7.207688202e-14,1.125142065e-13,1.853378936e-13,1.924831858e-13,3.240296496e-13,2.352779455e-14,1.775186985e-13,2.232872353e-14
99.4140625,5.292020753e-13,2.946201199e-13,1.980806442e-13,3.819875961e-13,7.795532661e-14,1.705129844e-13,9.315635466e-14,7.407449801e-14,6.034592819e-14,8.895090256e-14,1.198061257e-13,2.238116856e-13,1.03101362e-13,8.989672666e-14,4.761344545e-13,5.927722378e-13,4.408550446e-13,4.888328356e-13,6.064762457e-14,1.22190514e-13,2.661743038e-14,2.146071816e-14,1.680160149e-14,2.363302374e-13,7.193426249e-14,1.130317662e-13,1.85617602e-13,1.940470005e-13,3.290571328e-13,2.367828883e-14,1.800938288e-13,2.232289433e-14
99.421875,5.350386371e-13,2.95376406e-13,1.997931351e-13,3.835388807e-13,7.927565257e-14,1.714043048e-13,9.305503611e-14,7.475934716e-14,6.069232656e-14,8.901719143e-14,1.209531513e-13,2.248053503e-13,1.024966735e-13,9.153833086e-14,4.755617015e-13,5.924100552e-13,4.426593136e-13,4.878306402e-13,6.096022384e-14,1.213896814e-13,2.623371579e-14,2.188306959e-14,1.71363812e-14,2.373954734e-13,7.180836907e-14,1.135385785e-13,1.857972481e-13,1.955925094e-13,3.342783972e-13,2.38539184e-14,1.828058631e-13,2.23178458e-14
99.4296875,5.411090924e-13,2.962752183e-13,2.015720955e-13,3.850065418e-13,8.079671162e-14,1.722108147e-13,9.28936443e-14,7.544355123e-14,6.106564247e-14,8.903383711e-14,1.220719253e-13,2.257995709e-13,1.01911961e-13,9.333316777e-14,4.747947056e-13,5.919461299e-13,4.444503845e-13,4.870205752e-13,6.131002877e-14,1.205235183e-13,2.586106921e-14,2.234384668e-14,1.748464806e-14,2.383031927e-13,7.169363244e-14,1.14000915e-13,1.859209907e-13,1.972251981e-13,3.395510054e-13,2.40571889e-14,1.855736477e-13,2.232877447e-14
99.4375,5.477186497e-13,2.97364349e-13,2.034899769e-13,3.864660579e-13,8.246384595e-14,1.731321696e-13,9.279318628e-14,7.612086122e-14,6.144306702e-14,8.915691811e-14,1.23152531e-13,2.267415218e-13,1.013317991e-13,9.521229073e-14,4.739932039e-13,5.915888411e-13,4.464212945e-13,4.862873916e-13,6.163348322e-14,1.195892861e-13,2.549827603e-14,2.282943045e-14,1.783477247e-14,2.391008641e-13,7.159754459e-14,1.145133246e-13,1.860602912e-13,1.990240413e-13,3.448782611e-13,2.424488674e-14,1.882804314e-13,2.237201593e-14
99.4453125,5.545756816e-13,2.984946058e-13,2.054898033e-13,3.87975739e-13,8.422641478e-14,1.74086588e-13,9.27880662e-14,7.674924801e-14,6.183177688e-14,8.939104607e-14,1.242351415e-13,2.277016457e-13,1.007789802e-13,9.715063841e-14,4.731279145e-13,5.91197161e-13,4.485777078e-13,4.855686353e-13,6.19603863e-14,1.186587812e-13,2.518120967e-14,2.333353473e-14,1.82136089e-14,2.399362119e-13,7.154046129e-14,1.150843171e-13,1.862474671e-13,2.009559326e-13,3.502332818e-13,2.440795123e-14,1.909633465e-13,2.241968877e-14
99.453125,5.613775146e-13,2.995666965e-13,2.075266676e-13,3.893740416e-13,8.610907837e-14,1.749289718e-13,9.281988901e-14,7.732205205e-14,6.224388985e-14,8.964256006e-14,1.253070027e-13,2.287185996e-13,1.002409233e-13,9.917450034e-14,4.720931857e-13,5.906002597e-13,4.507784835e-13,4.849225002e-13,6.234385293e-14,1.177501682e-13,2.487786866e-14,2.385713743e-14,1.862188177e-14,2.407115644e-13,7.152593862e-14,1.156572757e-13,1.865023427e-13,2.029379338e-13,3.556413282e-13,2.45616913e-14,1.937823931e-13,2.245626561e-14
99.4609375,5.682056593e-13,3.006139878e-13,2.097406429e-13,3.904277027e-13,8.801568574e-14,1.757877974e-13,9.288600791e-14,7.791236207e-14,6.267940939e-14,8.992599994e-14,1.262884177e-13,2.29684703e-13,9.964544182e-14,1.012395442e-13,4.709150379e-13,5.898065133e-13,4.528923776e-13,4.841480455e-13,6.272104753e-14,1.169183374e-13,2.452237928e-14,2.439505602e-14,1.902158562e-14,2.414137467e-13,7.150548048e-14,1.162553751e-13,1.867537463e-13,2.049537706e-13,3.611548365e-13,2.471404517e-14,1.967553412e-13,2.25158892e-14
99.46875,5.752352845e-13,3.01665344e-13,2.121820684e-13,3.913081573e-13,8.997668448e-14,1.767170189e-13,9.297029759e-14,7.854597943e-14,6.31692269e-14,9.025160164e-14,1.272307753e-13,2.305934987e-13,9.905553859e-14,1.033515646e-13,4.696341094e-13,5.887838928e-13,4.548467252e-13,4.831342077e-13,6.306978925e-14,1.161721262e-13,2.414570008e-14,2.496100682e-14,1.940728271e-14,2.422086704e-13,7.144027733e-14,1.168915204e-13,1.869627182e-13,2.070546832e-13,3.667828802e-13,2.487373945e-14,1.997986799e-13,2.260216753e-14
99.4765625,5.825123373e-13,3.026724684e-13,2.148452611e-13,3.923145822e-13,9.217344583e-14,1.776009535e-13,9.304554906e-14,7.918405104e-14,6.372235885e-14,9.060055281e-14,1.282372572e-13,2.315886313e-13,9.856976737e-14,1.056113064e-13,4.68295722e-13,5.876049825e-13,4.567448948e-13,4.821389744e-13,6.347601487e-14,1.154206172e-13,2.3816911e-14,2.556364296e-14,1.979788935e-14,2.430573599e-13,7.137899674e-14,1.17560174e-13,1.872342031e-13,2.092240539e-13,3.7268069e-13,2.503511213e-14,2.029367909e-13,2.268444671e-14
99.484375,5.898124355e-13,3.03586875e-13,2.176957426e-13,3.931433629e-13,9.447277434e-14,1.783862439e-13,9.314232901e-14,7.980579465e-14,6.429713965e-14,9.101154232e-14,1.29245314e-13,2.326852946e-13,9.809004851e-14,1.079481625e-13,4.668149495e-13,5.863204802e-13,4.58697544e-13,4.811669945e-13,6.393388314e-14,1.14662436e-13,2.351309438e-14,2.618029492e-14,2.020055639e-14,2.438387227e-13,7.137172879e-14,1.183167676e-13,1.875987482e-13,2.113693933e-13,3.789006765e-13,2.518088503e-14,2.061914115e-13,2.277393777e-14
99.4921875,5.968930016e-13,3.044542958e-13,2.205689734e-13,3.93433684e-13,9.664905118e-14,1.790245044e-13,9.328068751e-14,8.036829829e-14,6.488247848e-14,9.146664546e-14,1.301723391e-13,2.337910948e-13,9.756099477e-14,1.101988311e-13,4.649105863e-13,5.846299216e-13,4.605741387e-13,4.799516784e-13,6.435280778e-14,1.13909189e-13,2.318680967e-14,2.679895565e-14,2.061079327e-14,2.446328565e-13,7.138555571e-14,1.191475363e-13,1.879633339e-13,2.134739084e-13,3.851621162e-13,2.531595433e-14,2.095066701e-13,2.289010464e-14
99.5,6.039587828e-13,3.053626249e-13,2.23496104e-13,3.935839055e-13,9.885510747e-14,1.796116507e-13,9.345684239e-14,8.084562912e-14,6.548255852e-14,9.190008331e-14,1.311111792e-13,2.348848062e-13,9.710792464e-14,1.124424963e-13,4.626850031e-13,5.825377881e-13,4.623082935e-13,4.78618476e-13,6.473526527e-14,1.131517858e-13,2.287338178e-14,2.742604606e-14,2.101165548e-14,2.454928174e-13,7.13956336e-14,1.199632434e-13,1.883008669e-13,2.15648747e-13,3.913600483e-13,2.545595177e-14,2.128869161e-13,2.300998206e-14
99.5078125,6.112809956e-13,3.063203745e-13,2.266349831e-13,3.938188938e-13,1.012613983e-13,1.803342317e-13,9.366673914e-14,8.131003475e-14,6.607066279e-14,9.232156838e-14,1.321607752e-13,2.359409199e-13,9.671146254e-14,1.148211532e-13,4.60539541e-13,5.805310183e-13,4.640735512e-13,4.774533585e-13,6.512375436e-14,1.124588755e-13,2.260425982e-14,2.805504748e-14,2.14010186e-14,2.46343278e-13,7.143369632e-14,1.20773358e-13,1.8861472e-13,2.179252646e-13,3.97700597e-13,2.559598761e-14,2.16352443e-13,2.311329858e-14
99.515625,6.187401492e-13,3.071776919e-13,2.299137795e-13,3.936164853e-13,1.037979547e-13,1.810465409e-13,9.388547941e-14,8.180407501e-14,6.667242441e-14,9.274734674e-14,1.332281529e-13,2.369539269e-13,9.622329193e-14,1.173067969e-13,4.583715091e-13,5.786301489e-13,4.659540141e-13,4.764306634e-13,6.550459786e-14,1.117468988e-13,2.231876597e-14,2.869531231e-14,2.180227226e-14,2.471881479e-13,7.151907873e-14,1.216090021e-13,1.889154682e-13,2.201194016e-13,4.043106157e-13,2.572784412e-14,2.199252539e-13,2.32074033e-14
99.5234375,6.262101089e-13,3.077280014e-13,2.33391002e-13,3.92925919e-13,1.064375354e-13,1.816406476e-13,9.412820963e-14,8.228679515e-14,6.735910183e-14,9.319432721e-14,1.341893215e-13,2.38031652e-13,9.565498353e-14,1.198929535e-13,4.559572502e-13,5.76518116e-13,4.678605495e-13,4.754525532e-13,6.587034223e-14,1.10882181e-13,2.1973816e-14,2.938425231e-14,2.222863146e-14,2.480429978e-13,7.165087963e-14,1.224260002e-13,1.893004986e-13,2.221579485e-13,4.111970961e-13,2.586624854e-14,2.237047639e-13,2.330499323e-14
99.53125,6.337127224e-13,3.08068016e-13,2.372079691e-13,3.92284854e-13,1.091642815e-13,1.82360028e-13,9.443002647e-14,8.275380344e-14,6.811626533e-14,9.373702412e-14,1.350870609e-13,2.391745912e-13,9.507258052e-14,1.225595917e-13,4.534726698e-13,5.742243241e-13,4.696339959e-13,4.744536366e-13,6.623020545e-14,1.100414954e-13,2.162247462e-14,3.011867757e-14,2.267611708e-14,2.48809291e-13,7.181607644e-14,1.232395785e-13,1.897661861e-13,2.242585944e-13,4.181800106e-13,2.602232201e-14,2.276188489e-13,2.342045137e-14
99.5390625,6.412470391e-13,3.085727894e-13,2.410879059e-13,3.917489684e-13,1.118826853e-13,1.831665123e-13,9.475452571e-14,8.322373105e-14,6.888413539e-14,9.439050585e-14,1.359762878e-13,2.40241678e-13,9.447814927e-14,1.251572595e-13,4.509460727e-13,5.718657401e-13,4.71184081e-13,4.733489135e-13,6.659328229e-14,1.093651672e-13,2.130924307e-14,3.085154612e-14,2.311746522e-14,2.494825584e-13,7.198336242e-14,1.241172259e-13,1.901627096e-13,2.265156146e-13,4.249738697e-13,2.61754881e-14,2.3143168e-13,2.355955927e-14
99.546875,6.488660108e-13,3.09265325e-13,2.448965494e-13,3.910981849e-13,1.146003974e-13,1.838276425e-13,9.509780912e-14,8.368376786e-14,6.968490242e-14,9.506748115e-14,1.367967043e-13,2.412827933e-13,9.389398054e-14,1.27717123e-13,4.483189469e-13,5.695260674e-13,4.727292215e-13,4.722259114e-13,6.699605185e-14,1.087219927e-13,2.101154237e-14,3.157729797e-14,2.351571966e-14,2.502283893e-13,7.216437681e-14,1.250494154e-13,1.90507743e-13,2.287707437e-13,4.316773363e-13,2.630711188e-14,2.352485372e-13,2.370347245e-14
99.5546875,6.564868317e-13,3.097528944e-13,2.489525251e-13,3.902059586e-13,1.17404724e-13,1.844828284e-13,9.55101173e-14,8.412366563e-14,7.056417983e-14,9.567814278e-14,1.375509018e-13,2.424511268e-13,9.329804279e-14,1.304461377e-13,4.457511682e-13,5.672681298e-13,4.744898086e-13,4.712063045e-13,6.742602576e-14,1.081027835e-13,2.070710365e-14,3.232584128e-14,2.38912922e-14,2.510831896e-13,7.238687105e-14,1.259877879e-13,1.909266102e-13,2.309365966e-13,4.385117384e-13,2.642904216e-14,2.393289129e-13,2.383181751e-14
99.5625,6.639781392e-13,3.099716999e-13,2.532400507e-13,3.889008256e-13,1.20367865e-13,1.852405957e-13,9.594160706e-14,8.453587367e-14,7.150185376e-14,9.621112573e-14,1.383325544e-13,2.436611327e-13,9.265270193e-14,1.333340975e-13,4.431730499e-13,5.649428224e-13,4.76326751e-13,4.702470402e-13,6.781878503e-14,1.076164453e-13,2.040266352e-14,3.309581864e-14,2.428052866e-14,2.518748561e-13,7.260234643e-14,1.268948983e-13,1.913833599e-13,2.330553914e-13,4.453012209e-13,2.655784247e-14,2.434997341e-13,2.395029384e-14
99.5703125,6.716592753e-13,3.102576366e-13,2.574995421e-13,3.874098188e-13,1.235168139e-13,1.85985799e-13,9.635457304e-14,8.492547998e-14,7.247812324e-14,9.677747463e-14,1.391462873e-13,2.447809397e-13,9.201923839e-14,1.362589901e-13,4.405265683e-13,5.625967825e-13,4.781741287e-13,4.693195061e-13,6.820117341e-14,1.072700129e-13,2.0110239e-14,3.387998784e-14,2.465295871e-14,2.525470451e-13,7.278755444e-14,1.277605288e-13,1.918586773e-13,2.352251795e-13,4.519809265e-13,2.669352672e-14,2.475363824e-13,2.407253842e-14
99.578125,6.797219052e-13,3.106240563e-13,2.618418446e-13,3.860200862e-13,1.267232884e-13,1.867428716e-13,9.684508396e-14,8.530191137e-14,7.351233582e-14,9.745982919e-14,1.399112212e-13,2.458872356e-13,9.139105902e-14,1.392083153e-13,4.380711686e-13,5.604363149e-13,4.801267874e-13,4.683771026e-13,6.862089115e-14,1.070358417e-13,1.9836313e-14,3.468851261e-14,2.499512449e-14,2.532263426e-13,7.301684407e-14,1.286558976e-13,1.924164133e-13,2.374890929e-13,4.587877136e-13,2.682407552e-14,2.515967843e-13,2.419688391e-14
99.5859375,6.877271786e-13,3.107723389e-13,2.663568081e-13,3.843224151e-13,1.298613287e-13,1.874980391e-13,9.741260435e-14,8.563963159e-14,7.459054214e-14,9.817469019e-14,1.405563809e-13,2.470387946e-13,9.066244752e-14,1.421273249e-13,4.356780457e-13,5.582278135e-13,4.820016503e-13,4.673215844e-13,6.901990965e-14,1.068018633e-13,1.957818602e-14,3.550316044e-14,2.534785587e-14,2.5396553e-13,7.329253335e-14,1.296396136e-13,1.929496079e-13,2.396984253e-13,4.656081403e-13,2.694237761e-14,2.557399916e-13,2.432500295e-14
99.59375,6.955837125e-13,3.107658252e-13,2.708829385e-13,3.822011227e-13,1.330201282e-13,1.881777794e-13,9.793177107e-14,8.595330861e-14,7.568491857e-14,9.888312026e-14,1.410721519e-13,2.481887067e-13,8.986853938e-14,1.450062626e-13,4.330254026e-13,5.558261588e-13,4.836851464e-13,4.662891637e-13,6.938132553e-14,1.064606292e-13,1.932834526e-14,3.630886784e-14,2.570201803e-14,2.547465726e-13,7.3528425e-14,1.306489876e-13,1.933567242e-13,2.418082387e-13,4.722107416e-13,2.705789762e-14,2.598304409e-13,2.44652011e-14
99.6015625,7.03588249e-13,3.109183441e-13,2.754469002e-13,3.802718511e-13,1.363193456e-13,1.888891222e-13,9.842074503e-14,8.628789944e-14,7.68427262e-14,9.965875311e-14,1.415536816e-13,2.493980942e-13,8.912282348e-14,1.480112627e-13,4.303069238e-13,5.535097662e-13,4.854139246e-13,4.654727511e-13,6.977515023e-14,1.061381201e-13,1.907683874e-14,3.714492975e-14,2.603065754e-14,2.555737955e-13,7.373569329e-14,1.316339307e-13,1.937834442e-13,2.439686611e-13,4.788324722e-13,2.717308106e-14,2.639772451e-13,2.459975562e-14
99.609375,7.114222192e-13,3.112009947e-13,2.802034796e-13,3.785492255e-13,1.397789216e-13,1.896117345e-13,9.898171838e-14,8.658926728e-14,7.811639753e-14,1.004633011e-13,1.421042132e-13,2.507533064e-13,8.843589918e-14,1.511593324e-13,4.276381861e-13,5.511802168e-13,4.871903345e-13,4.647392168e-13,7.019438673e-14,1.05947268e-13,1.881720689e-14,3.802888174e-14,2.636343811e-14,2.563832657e-13,7.398489269e-14,1.326342564e-13,1.942962468e-13,2.460877688e-13,4.856297422e-13,2.728007606e-14,2.682785925e-13,2.470385187e-14
99.6171875,7.188413516e-13,3.113420142e-13,2.85093524e-13,3.765556362e-13,1.433669894e-13,1.902407063e-13,9.958711578e-14,8.681856493e-14,7.945988121e-14,1.012286459e-13,1.427122375e-13,2.521634395e-13,8.778204424e-14,1.542728671e-13,4.248496794e-13,5.485951376e-13,4.888322064e-13,4.639378978e-13,7.058193071e-14,1.058148896e-13,1.855877447e-14,3.891787954e-14,2.670699255e-14,2.571370915e-13,7.427053357e-14,1.336599772e-13,1.947649801e-13,2.480368642e-13,4.922818871e-13,2.739631209e-14,2.725380149e-13,2.479165074e-14
99.625,7.263804904e-13,3.111739833e-13,2.899777403e-13,3.742650524e-13,1.469929405e-13,1.909711561e-13,1.001746362e-13,8.704567223e-14,8.081642701e-14,1.020152487e-13,1.433111695e-13,2.535093855e-13,8.711821037e-14,1.57360032e-13,4.221350364e-13,5.460577185e-13,4.905311086e-13,4.632255616e-13,7.093520011e-14,1.057325076e-13,1.830214082e-14,3.979302121e-14,2.702483485e-14,2.579149772e-13,7.457403248e-14,1.346895217e-13,1.952063252e-13,2.499902054e-13,4.986764662e-13,2.75377094e-14,2.766964957e-13,2.489015543e-14
99.6328125,7.341406715e-13,3.107150902e-13,2.949151976e-13,3.716717678e-13,1.506140276e-13,1.91869993e-13,1.007641138e-13,8.727450338e-14,8.220082771e-14,1.028531597e-13,1.438635298e-13,2.548233399e-13,8.638471712e-14,1.605315127e-13,4.197220207e-13,5.438224045e-13,4.924742043e-13,4.627522629e-13,7.127594024e-14,1.05724763e-13,1.80346508e-14,4.066802311e-14,2.731247538e-14,2.587167237e-13,7.491680003e-14,1.357351435e-13,1.957302634e-13,2.519333481e-13,5.051297816e-13,2.768266283e-14,2.809304942e-13,2.499945227e-14
99.640625,7.415310196e-13,3.102474872e-13,3.000388317e-13,3.688934718e-13,1.542067721e-13,1.926482721e-13,1.013779204e-13,8.748926172e-14,8.363083605e-14,1.037056752e-13,1.443739924e-13,2.5619839e-13,8.562091253e-14,1.636890992e-13,4.174670208e-13,5.41769131e-13,4.944239684e-13,4.623793617e-13,7.162817504e-14,1.057433405e-13,1.777202446e-14,4.153746438e-14,2.759043669e-14,2.595080708e-13,7.53017664e-14,1.36804391e-13,1.962845494e-13,2.536824478e-13,5.117241514e-13,2.781611539e-14,2.852878654e-13,2.511239738e-14
99.6484375,7.485651325e-13,3.099893021e-13,3.052152176e-13,3.665801925e-13,1.576413359e-13,1.932655878e-13,1.020017004e-13,8.778930181e-14,8.510246958e-14,1.045731398e-13,1.448579854e-13,2.576573553e-13,8.490062481e-14,1.667180374e-13,4.152805645e-13,5.398948107e-13,4.962230342e-13,4.619243859e-13,7.198982336e-14,1.058662114e-13,1.752619419e-14,4.240273666e-14,2.787538146e-14,2.603700175e-13,7.571678409e-14,1.379095776e-13,1.968117162e-13,2.554230834e-13,5.181787148e-13,2.794291626e-14,2.89696423e-13,2.524189755e-14
99.65625,7.557157599e-13,3.096886057e-13,3.102684681e-13,3.647132142e-13,1.609283543e-13,1.939764987e-13,1.026371075e-13,8.817902922e-14,8.66089223e-14,1.054366425e-13,1.452841787e-13,2.591199072e-13,8.420390122e-14,1.69713644e-13,4.131911677e-13,5.382747675e-13,4.980747821e-13,4.615275678e-13,7.232042172e-14,1.061873968e-13,1.727020648e-14,4.327342328e-14,2.815984634e-14,2.612548729e-13,7.616963816e-14,1.390657898e-13,1.973372907e-13,2.573005445e-13,5.243748383e-13,2.806869187e-14,2.940873121e-13,2.540440083e-14
99.6640625,7.628735456e-13,3.090561816e-13,3.154512824e-13,3.623334132e-13,1.642505766e-13,1.949072631e-13,1.033139871e-13,8.85278523e-14,8.812608892e-14,1.062804112e-13,1.456458835e-13,2.604869764e-13,8.348798464e-14,1.727790505e-13,4.112223459e-13,5.368775467e-13,5.001158214e-13,4.614755123e-13,7.263068657e-14,1.065637565e-13,1.700393566e-14,4.413339482e-14,2.839657281e-14,2.620181185e-13,7.666894933e-14,1.402164845e-13,1.978167387e-13,2.590542603e-13,5.30496609e-13,2.822238554e-14,2.984138895e-13,2.557918458e-14
99.671875,7.697910392e-13,3.08101157e-13,3.210257002e-13,3.59200148e-13,1.676347125e-13,1.960663782e-13,1.040342127e-13,8.883551031e-14,8.967711502e-14,1.071509807e-13,1.460321221e-13,2.618018575e-13,8.274280538e-14,1.758961517e-13,4.09508498e-13,5.357174974e-13,5.02258378e-13,4.617068579e-13,7.296904713e-14,1.069239622e-13,1.674605507e-14,4.499046508e-14,2.858743377e-14,2.62796871e-13,7.720297781e-14,1.41328731e-13,1.982344154e-13,2.605614567e-13,5.367387519e-13,2.841846732e-14,3.027651996e-13,2.572839557e-14
99.6796875,7.766965285e-13,3.068783667e-13,3.267273795e-13,3.559730114e-13,1.710500153e-13,1.973204897e-13,1.047428664e-13,8.917964326e-14,9.132394735e-14,1.080333856e-13,1.464848652e-13,2.632005741e-13,8.197626933e-14,1.790384522e-13,4.080811986e-13,5.347997712e-13,5.04456996e-13,4.61954068e-13,7.332674353e-14,1.07437114e-13,1.64751872e-14,4.587642036e-14,2.880778023e-14,2.637816879e-13,7.775420272e-14,1.424694553e-13,1.986739368e-13,2.619563097e-13,5.430905654e-13,2.86098704e-14,3.072045881e-13,2.58620806e-14
99.6875,7.835554758e-13,3.055589493e-13,3.32300163e-13,3.529078233e-13,1.745187048e-13,1.984062077e-13,1.054143766e-13,8.954967723e-14,9.302626914e-14,1.088631404e-13,1.469363713e-13,2.646963313e-13,8.121786891e-14,1.821764993e-13,4.068554034e-13,5.340865979e-13,5.067392713e-13,4.622172268e-13,7.369503857e-14,1.08109988e-13,1.619363875e-14,4.676393213e-14,2.905542219e-14,2.648427692e-13,7.832862459e-14,1.436262136e-13,1.991071807e-13,2.632483662e-13,5.493585808e-13,2.877118131e-14,3.115937523e-13,2.600658596e-14
99.6953125,7.89969002e-13,3.043184964e-13,3.378983584e-13,3.498092511e-13,1.779573662e-13,1.99374438e-13,1.061004851e-13,8.995315173e-14,9.473114895e-14,1.096710332e-13,1.473420615e-13,2.662013626e-13,8.045248581e-14,1.852917507e-13,4.05908862e-13,5.336450495e-13,5.090650898e-13,4.626122739e-13,7.409769029e-14,1.088423488e-13,1.593569173e-14,4.762643191e-14,2.925357797e-14,2.658346668e-13,7.893545984e-14,1.447155642e-13,1.994437775e-13,2.644295555e-13,5.553982997e-13,2.894139677e-14,3.159251792e-13,2.614917022e-14
99.703125,7.962006216e-13,3.030540078e-13,3.43576608e-13,3.466781588e-13,1.813483411e-13,2.005562045e-13,1.068259382e-13,9.041454575e-14,9.650956229e-14,1.104826464e-13,1.477211791e-13,2.676686497e-13,7.962174873e-14,1.884668038e-13,4.052048701e-13,5.335094622e-13,5.113931639e-13,4.631104363e-13,7.451002436e-14,1.097546476e-13,1.568633174e-14,4.851519194e-14,2.940454824e-14,2.668304177e-13,7.954434481e-14,1.457748146e-13,1.997284036e-13,2.65655761e-13,5.611782736e-13,2.913880377e-14,3.203660226e-13,2.628886031e-14
99.7109375,8.026668008e-13,3.017756863e-13,3.491753858e-13,3.435548815e-13,1.847516954e-13,2.019542989e-13,1.075535314e-13,9.085924168e-14,9.836289857e-14,1.112077212e-13,1.481148638e-13,2.690907567e-13,7.874407971e-14,1.917199972e-13,4.044707396e-13,5.334934804e-13,5.137217319e-13,4.636842172e-13,7.488932198e-14,1.108255759e-13,1.543064359e-14,4.943744561e-14,2.953999185e-14,2.678838246e-13,8.013217022e-14,1.468293366e-13,1.99992814e-13,2.669363427e-13,5.666351983e-13,2.933960129e-14,3.248490102e-13,2.64349859e-14
99.71875,8.08850268e-13,3.004994406e-13,3.547442977e-13,3.402942714e-13,1.880790132e-13,2.032790178e-13,1.082585964e-13,9.122662201e-14,1.001962915e-13,1.118079351e-13,1.48544742e-13,2.705500895e-13,7.789353976e-14,1.948985478e-13,4.036962058e-13,5.334242159e-13,5.159731567e-13,4.643051101e-13,7.524840078e-14,1.11799028e-13,1.518661436e-14,5.032498277e-14,2.96329172e-14,2.689828371e-13,8.072117575e-14,1.478103303e-13,2.00200232e-13,2.679680935e-13,5.718640999e-13,2.952842372e-14,3.292401992e-13,2.655538e-14
99.7265625,8.143774839e-13,2.98823134e-13,3.604337209e-13,3.36899409e-13,1.913402941e-13,2.044648368e-13,1.089216687e-13,9.156346641e-14,1.020607156e-13,1.12377955e-13,1.489718373e-13,2.722088306e-13,7.709763174e-14,1.979642394e-13,4.031125879e-13,5.334224148e-13,5.180765599e-13,4.649030686e-13,7.561128473e-14,1.127626274e-13,1.492881346e-14,5.118087222e-14,2.96883056e-14,2.701435244e-13,8.131420112e-14,1.488009458e-13,2.004462061e-13,2.685884192e-13,5.77193438e-13,2.970727585e-14,3.336581595e-13,2.665212587e-14
99.734375,8.196655634e-13,2.966599601e-13,3.661764373e-13,3.33556433e-13,1.9463519e-13,2.056572568e-13,1.095389525e-13,9.191437103e-14,1.040152256e-13,1.129605203e-13,1.493698088e-13,2.740223907e-13,7.632901729e-14,2.010240032e-13,4.027793215e-13,5.337088997e-13,5.201417844e-13,4.65542229e-13,7.596326345e-14,1.13932993e-13,1.464272205e-14,5.204509004e-14,2.974597332e-14,2.713137932e-13,8.190471397e-14,1.499301012e-13,2.008298937e-13,2.68997136e-13,5.826352655e-13,2.988529752e-14,3.38148949e-13,2.677630847e-14
99.7421875,8.246537681e-13,2.94367654e-13,3.718366638e-13,3.301961737e-13,1.978105551e-13,2.069143259e-13,1.101802923e-13,9.228639078e-14,1.059482374e-13,1.134917249e-13,1.497643904e-13,2.757141796e-13,7.55280808e-14,2.040437664e-13,4.026771907e-13,5.343111646e-13,5.223313e-13,4.663404068e-13,7.627985123e-14,1.151564712e-13,1.438740696e-14,5.288526181e-14,2.979598175e-14,2.724213538e-13,8.254244236e-14,1.510692413e-13,2.012280023e-13,2.69305664e-13,5.877973196e-13,3.006796887e-14,3.425423449e-13,2.691220316e-14
99.75,8.290845458e-13,2.919310037e-13,3.774385155e-13,3.266636307e-13,2.007834035e-13,2.082174727e-13,1.108925873e-13,9.270306658e-14,1.078336897e-13,1.139533859e-13,1.501611052e-13,2.771887776e-13,7.467197451e-14,2.069627607e-13,4.028882844e-13,5.352168968e-13,5.246709432e-13,4.673260482e-13,7.656826652e-14,1.163733753e-13,1.418600076e-14,5.36858158e-14,2.983537743e-14,2.735331857e-13,8.325840873e-14,1.520732051e-13,2.014870541e-13,2.694453271e-13,5.925077827e-13,3.025340528e-14,3.467799254e-13,2.701878391e-14
99.7578125,8.334248609e-13,2.893950016e-13,3.831358044e-13,3.23170778e-13,2.037069973e-13,2.096084865e-13,1.116079508e-13,9.317627449e-14,1.097754675e-13,1.143669692e-13,1.506117687e-13,2.786298133e-13,7.38067435e-14,2.098697994e-13,4.034814908e-13,5.364988823e-13,5.270759259e-13,4.685258533e-13,7.685646086e-14,1.177935821e-13,1.400436445e-14,5.448740512e-14,2.988889973e-14,2.747226334e-13,8.3994146e-14,1.530337353e-13,2.016134894e-13,2.694586704e-13,5.969545504e-13,3.044772766e-14,3.509621136e-13,2.71181241e-14
99.765625,8.37750683e-13,2.870324972e-13,3.889841642e-13,3.19862879e-13,2.065822031e-13,2.111475952e-13,1.122508358e-13,9.367503686e-14,1.117716573e-13,1.147009617e-13,1.511938166e-13,2.80172625e-13,7.294587372e-14,2.128107332e-13,4.043474118e-13,5.379935887e-13,5.293920963e-13,4.698414682e-13,7.715823932e-14,1.193590659e-13,1.384009779e-14,5.529902603e-14,2.992732274e-14,2.75940794e-13,8.468254562e-14,1.54019439e-13,2.016797731e-13,2.693277167e-13,6.013327833e-13,3.065131197e-14,3.551903683e-13,2.721382486e-14
99.7734375,8.415780705e-13,2.845272536e-13,3.947124211e-13,3.164944362e-13,2.093848122e-13,2.127604968e-13,1.128191069e-13,9.417698332e-14,1.137697059e-13,1.149592498e-13,1.517657461e-13,2.817675578e-13,7.207355128e-14,2.157514879e-13,4.051936299e-13,5.393507709e-13,5.314857955e-13,4.710479008e-13,7.747112403e-14,1.2087539e-13,1.368914536e-14,5.610655522e-14,2.991545553e-14,2.771823543e-13,8.531868804e-14,1.549542841e-13,2.017362006e-13,2.689958111e-13,6.055715657e-13,3.084568572e-14,3.594628861e-13,2.727817199e-14
99.78125,8.450950623e-13,2.816716757e-13,4.000211832e-13,3.130159352e-13,2.121976636e-13,2.143049428e-13,1.133427621e-13,9.470195336e-14,1.157523519e-13,1.151957607e-13,1.521277468e-13,2.833134545e-13,7.122818054e-14,2.186912024e-13,4.059341796e-13,5.406504498e-13,5.334656535e-13,4.722425474e-13,7.777681939e-14,1.22407961e-13,1.351769274e-14,5.689285803e-14,2.98737327e-14,2.785040749e-13,8.593758742e-14,1.558161561e-13,2.017648926e-13,2.686452834e-13,6.093126637e-13,3.103326343e-14,3.636080016e-13,2.733597502e-14
99.7890625,8.485899095e-13,2.78980803e-13,4.051043008e-13,3.096252426e-13,2.149427265e-13,2.158222618e-13,1.138432891e-13,9.526291252e-14,1.176968815e-13,1.15384707e-13,1.524130655e-13,2.848034945e-13,7.042272737e-14,2.2159449e-13,4.068814739e-13,5.423327491e-13,5.356061638e-13,4.737711162e-13,7.805607751e-14,1.240689672e-13,1.333269919e-14,5.763279164e-14,2.980245793e-14,2.798585696e-13,8.655724975e-14,1.56649202e-13,2.017186827e-13,2.682932945e-13,6.124610757e-13,3.12398973e-14,3.675386367e-13,2.740907757e-14
99.796875,8.518056601e-13,2.764711714e-13,4.103001489e-13,3.0631855e-13,2.175594575e-13,2.17461389e-13,1.143105189e-13,9.584426548e-14,1.196412737e-13,1.154949079e-13,1.528312274e-13,2.863293443e-13,6.962485576e-14,2.24416038e-13,4.081945247e-13,5.444570682e-13,5.379857962e-13,4.756639031e-13,7.833846216e-14,1.258176611e-13,1.316058761e-14,5.835381763e-14,2.96782665e-14,2.81202334e-13,8.715846888e-14,1.574487879e-13,2.016628584e-13,2.676697568e-13,6.154234496e-13,3.145966653e-14,3.714374755e-13,2.745685924e-14
99.8046875,8.546869805e-13,2.736072315e-13,4.154676015e-13,3.030793976e-13,2.201151331e-13,2.192092639e-13,1.147372053e-13,9.646146909e-14,1.216112911e-13,1.155894387e-13,1.532851015e-13,2.879146032e-13,6.884347754e-14,2.27158201e-13,4.097131641e-13,5.46781466e-13,5.40487974e-13,4.777247976e-13,7.865913477e-14,1.275753728e-13,1.29878982e-14,5.90891506e-14,2.95243694e-14,2.826258892e-13,8.774823132e-14,1.581788415e-13,2.016856588e-13,2.668164858e-13,6.18347693e-13,3.166309687e-14,3.753999412e-13,2.745062359e-14
99.8125,8.572143777e-13,2.703888305e-13,4.20366646e-13,2.999113773e-13,2.225219937e-13,2.2097125e-13,1.151582833e-13,9.714818117e-14,1.235370689e-13,1.156753842e-13,1.536523049e-13,2.894826771e-13,6.805153471e-14,2.297686702e-13,4.114281141e-13,5.493266261e-13,5.430235299e-13,4.798522425e-13,7.896622013e-14,1.293814504e-13,1.280914691e-14,5.978815759e-14,2.937725553e-14,2.841657579e-13,8.836415741e-14,1.588466202e-13,2.017283234e-13,2.658971728e-13,6.209780718e-13,3.185382315e-14,3.793016595e-13,2.741705111e-14
99.8203125,8.590919951e-13,2.670388918e-13,4.251686711e-13,2.966369236e-13,2.2469148e-13,2.227510426e-13,1.155801179e-13,9.788515569e-14,1.254412143e-13,1.156699355e-13,1.540164804e-13,2.910217952e-13,6.719504715e-14,2.321960966e-13,4.13382642e-13,5.521656252e-13,5.455272502e-13,4.819422361e-13,7.919295046e-14,1.313841951e-13,1.265337925e-14,6.042118167e-14,2.924480113e-14,2.857300999e-13,8.898667487e-14,1.595236812e-13,2.017379991e-13,2.647348626e-13,6.232976351e-13,3.20518053e-14,3.830974469e-13,2.740210448e-14
99.828125,8.60408236e-13,2.635227667e-13,4.300668126e-13,2.933158099e-13,2.266824488e-13,2.246110756e-13,1.159607771e-13,9.865083764e-14,1.273982099e-13,1.155577793e-13,1.544271819e-13,2.925612849e-13,6.635082295e-14,2.345086773e-13,4.15516742e-13,5.552562496e-13,5.480490307e-13,4.840096906e-13,7.936755738e-14,1.33575435e-13,1.253232696e-14,6.103391278e-14,2.911717929e-14,2.872828283e-13,8.957956035e-14,1.602584173e-13,2.017729071e-13,2.632467065e-13,6.253469809e-13,3.224622259e-14,3.867846666e-13,2.743039361e-14
99.8359375,8.614814742e-13,2.597979712e-13,4.349265757e-13,2.901890629e-13,2.28503824e-13,2.265918914e-13,1.162894437e-13,9.944739746e-14,1.293318129e-13,1.153725209e-13,1.54859975e-13,2.940647671e-13,6.557959973e-14,2.367879146e-13,4.179547817e-13,5.587428661e-13,5.507540068e-13,4.862787923e-13,7.954427262e-14,1.358060897e-13,1.242767837e-14,6.163703979e-14,2.896831902e-14,2.888761147e-13,9.016335321e-14,1.609920391e-13,2.018300235e-13,2.616245145e-13,6.270098898e-13,3.242925971e-14,3.902939628e-13,2.747906143e-14
99.84375,8.623588005e-13,2.55830926e-13,4.395773756e-13,2.870481861e-13,2.302439295e-13,2.286408482e-13,1.165774606e-13,1.002160583e-13,1.311928606e-13,1.15118995e-13,1.553493695e-13,2.955178205e-13,6.476298096e-14,2.39080281e-13,4.207168472e-13,5.626025654e-13,5.535173752e-13,4.887378037e-13,7.972349871e-14,1.380648553e-13,1.232181047e-14,6.222292647e-14,2.879804566e-14,2.905182537e-13,9.074147175e-14,1.616508979e-13,2.0184924e-13,2.599331151e-13,6.284038155e-13,3.262835315e-14,3.936888066e-13,2.750621731e-14
99.8515625,8.631249807e-13,2.5175075e-13,4.440399952e-13,2.836594468e-13,2.321149166e-13,2.306971733e-13,1.168427931e-13,1.009318369e-13,1.330651976e-13,1.148206223e-13,1.558908738e-13,2.969449444e-13,6.385271502e-14,2.414703574e-13,4.235639539e-13,5.664943536e-13,5.561227445e-13,4.912129453e-13,7.991414198e-14,1.403695422e-13,1.221372624e-14,6.282610926e-14,2.864970994e-14,2.92153923e-13,9.130586767e-14,1.62251014e-13,2.018389326e-13,2.581542351e-13,6.295761887e-13,3.285226327e-14,3.97094963e-13,2.75108358e-14
99.859375,8.638935626e-13,2.478747269e-13,4.483518883e-13,2.803226926e-13,2.340950164e-13,2.328360742e-13,1.171220918e-13,1.017176302e-13,1.349607163e-13,1.144889846e-13,1.564335011e-13,2.983255615e-13,6.297904732e-14,2.439684032e-13,4.266026399e-13,5.705372704e-13,5.588614219e-13,4.938942995e-13,8.016150407e-14,1.427071492e-13,1.212310105e-14,6.344589557e-14,2.852221958e-14,2.937934343e-13,9.190562175e-14,1.628308812e-13,2.017879644e-13,2.563579462e-13,6.302466138e-13,3.30802987e-14,4.004452155e-13,2.752017536e-14
99.8671875,8.644172473e-13,2.441435365e-13,4.524069894e-13,2.772691441e-13,2.358966255e-13,2.350223554e-13,1.173791608e-13,1.026255146e-13,1.368076111e-13,1.140638486e-13,1.57003431e-13,2.9964166e-13,6.219645446e-14,2.463457762e-13,4.300072936e-13,5.750150541e-13,5.619320943e-13,4.969089746e-13,8.045214457e-14,1.451700112e-13,1.20759027e-14,6.402453863e-14,2.836569875e-14,2.955410888e-13,9.253920087e-14,1.633746517e-13,2.016520483e-13,2.545297913e-13,6.304551367e-13,3.331414784e-14,4.036069619e-13,2.752889577e-14
99.875,8.641948196e-13,2.401925164e-13,4.561715023e-13,2.742837778e-13,2.373019773e-13,2.370225964e-13,1.175323737e-13,1.03524386e-13,1.385531193e-13,1.135214416e-13,1.576150366e-13,3.008963968e-13,6.143573863e-14,2.48327591e-13,4.334183478e-13,5.794925984e-13,5.648247123e-13,4.998452095e-13,8.070522297e-14,1.47693822e-13,1.20732577e-14,6.45240631e-14,2.818312092e-14,2.973816189e-13,9.312731293e-14,1.638592067e-13,2.014989089e-13,2.525091875e-13,6.305353105e-13,3.355249748e-14,4.065918007e-13,2.751111899e-14
99.8828125,8.630975968e-13,2.360039244e-13,4.598864639e-13,2.711569337e-13,2.384120793e-13,2.389013638e-13,1.176268516e-13,1.043529359e-13,1.402028716e-13,1.129575893e-13,1.582105344e-13,3.020972407e-13,6.066797977e-14,2.500161175e-13,4.366223735e-13,5.836008354e-13,5.672901812e-13,5.02499719e-13,8.091065291e-14,1.50062872e-13,1.208769038e-14,6.496923263e-14,2.801557889e-14,2.991667445e-13,9.367173374e-14,1.643162916e-13,2.014162976e-13,2.502222034e-13,6.305270708e-13,3.3775561e-14,4.095120068e-13,2.747885858e-14
99.890625,8.6178093e-13,2.318438172e-13,4.636884615e-13,2.679333101e-13,2.395324667e-13,2.410009884e-13,1.177519052e-13,1.051730978e-13,1.418578248e-13,1.124517653e-13,1.587748921e-13,3.033250701e-13,5.992392216e-14,2.518146309e-13,4.398455633e-13,5.87660669e-13,5.698011989e-13,5.052928063e-13,8.115219176e-14,1.52332063e-13,1.209351531e-14,6.543552411e-14,2.786939299e-14,3.009053811e-13,9.422938166e-14,1.647817491e-13,2.013313236e-13,2.478517401e-13,6.303360153e-13,3.400530878e-14,4.124573775e-13,2.745581853e-14
99.8984375,8.607321499e-13,2.277622716e-13,4.673131088e-13,2.647481536e-13,2.407247919e-13,2.433493307e-13,1.178743641e-13,1.059921776e-13,1.435455118e-13,1.119379166e-13,1.593347908e-13,3.046316982e-13,5.922297333e-14,2.538133796e-13,4.430876954e-13,5.918194231e-13,5.725446831e-13,5.084824103e-13,8.146492712e-14,1.546377895e-13,1.209160115e-14,6.595396672e-14,2.773450379e-14,3.026736607e-13,9.478598152e-14,1.652263084e-13,2.011419609e-13,2.455623109e-13,6.298904218e-13,3.426226689e-14,4.153888177e-13,2.742605148e-14
99.90625,8.594464712e-13,2.235391846e-13,4.70578193e-13,2.61599225e-13,2.418019627e-13,2.457556286e-13,1.179546412e-13,1.068018287e-13,1.451389341e-13,1.113192044e-13,1.599193301e-13,3.058893355e-13,5.853394997e-14,2.557194265e-13,4.463430845e-13,5.960599784e-13,5.752844831e-13,5.11849183e-13,8.178918705e-14,1.570105386e-13,1.210938354e-14,6.645633932e-14,2.760603734e-14,3.043856525e-13,9.531842383e-14,1.656494736e-13,2.008944186e-13,2.432099081e-13,6.290680946e-13,3.450599254e-14,4.181605759e-13,2.738562861e-14
99.9140625,8.576972668e-13,2.191279709e-13,4.737051676e-13,2.584273121e-13,2.427702509e-13,2.482146722e-13,1.180250291e-13,1.076374624e-13,1.466310808e-13,1.10612516e-13,1.605805891e-13,3.070010781e-13,5.7830591e-14,2.574451892e-13,4.4992e-13,6.007156571e-13,5.780787194e-13,5.152796581e-13,8.207394293e-14,1.596384036e-13,1.217512175e-14,6.689999028e-14,2.747363813e-14,3.060907131e-13,9.584101442e-14,1.661237524e-13,2.006777748e-13,2.406764718e-13,6.279517289e-13,3.473039339e-14,4.207226353e-13,2.735808363e-14
99.921875,8.560037577e-13,2.147908295e-13,4.768610276e-13,2.554257872e-13,2.437332344e-13,2.507328526e-13,1.180670882e-13,1.084896833e-13,1.481221587e-13,1.098577146e-13,1.613119904e-13,3.080922829e-13,5.717585368e-14,2.591667659e-13,4.538118347e-13,6.057825858e-13,5.810645574e-13,5.189350432e-13,8.235130193e-14,1.625433996e-13,1.228397007e-14,6.732873884e-14,2.732953288e-14,3.08016741e-13,9.634606342e-14,1.666122075e-13,2.004893389e-13,2.380743661e-13,6.267156692e-13,3.497874436e-14,4.231942223e-13,2.731270623e-14
99.9296875,8.541604123e-13,2.10547656e-13,4.798527526e-13,2.527751135e-13,2.445957843e-13,2.532041687e-13,1.180300358e-13,1.093327824e-13,1.495577148e-13,1.090342565e-13,1.620267323e-13,3.092594135e-13,5.660493843e-14,2.608784433e-13,4.576720357e-13,6.107818117e-13,5.84086207e-13,5.22860634e-13,8.267414979e-14,1.653389329e-13,1.240681782e-14,6.775810851e-14,2.716795637e-14,3.100988502e-13,9.682202161e-14,1.669796311e-13,2.00263889e-13,2.354007784e-13,6.252831719e-13,3.523479908e-14,4.256421398e-13,2.721077109e-14
99.9375,8.516715124e-13,2.061628036e-13,4.82436259e-13,2.502429749e-13,2.452562659e-13,2.556499784e-13,1.179350021e-13,1.101784799e-13,1.508600679e-13,1.081585064e-13,1.626809784e-13,3.103616713e-13,5.602497457e-14,2.624265777e-13,4.614361139e-13,6.156498562e-13,5.870678994e-13,5.269250887e-13,8.300818652e-14,1.678840886e-13,1.253624892e-14,6.815135551e-14,2.69910441e-14,3.121223068e-13,9.727349363e-14,1.672278332e-13,1.999476967e-13,2.326143919e-13,6.235001565e-13,3.547089298e-14,4.279160545e-13,2.709769504e-14
99.9453125,8.489998625e-13,2.017534135e-13,4.846570778e-13,2.475613455e-13,2.4574885e-13,2.581768572e-13,1.178232926e-13,1.110129365e-13,1.520646516e-13,1.072600422e-13,1.632915692e-13,3.112529735e-13,5.540002724e-14,2.638142838e-13,4.652546136e-13,6.20644827e-13,5.901271345e-13,5.311270331e-13,8.329644188e-14,1.704252899e-13,1.268575697e-14,6.849580898e-14,2.681921118e-14,3.141346515e-13,9.769146453e-14,1.674273067e-13,1.995654309e-13,2.29854754e-13,6.212739145e-13,3.572329176e-14,4.298877511e-13,2.700260176e-14
99.953125,8.463974004e-13,1.975091566e-13,4.867773343e-13,2.44713632e-13,2.461426921e-13,2.60745089e-13,1.177013495e-13,1.118170082e-13,1.531845232e-13,1.062823992e-13,1.639038071e-13,3.120155201e-13,5.480261193e-14,2.651619208e-13,4.691985734e-13,6.257598133e-13,5.932324547e-13,5.355576162e-13,8.358834576e-14,1.730719126e-13,1.285316865e-14,6.881045461e-14,2.665622808e-14,3.161754362e-13,9.808650243e-14,1.675705662e-13,1.991877665e-13,2.27089353e-13,6.186640218e-13,3.599767095e-14,4.317083843e-13,2.688365082e-14
99.9609375,8.434462072e-13,1.932517358e-13,4.888667918e-13,2.417625027e-13,2.464939085e-13,2.632849713e-13,1.175636601e-13,1.126187008e-13,1.54218006e-13,1.052112013e-13,1.645857148e-13,3.127798613e-13,5.422401756e-14,2.665088498e-13,4.732527948e-13,6.308645436e-13,5.961982585e-13,5.400657173e-13,8.392854225e-14,1.758134829e-13,1.303449817e-14,6.911775949e-14,2.648924077e-14,3.181308243e-13,9.848295021e-14,1.677115503e-13,1.988137745e-13,2.241476493e-13,6.160109805e-13,3.624806792e-14,4.334958816e-13,2.675525389e-14
99.96875,8.4032437e-13,1.889460424e-13,4.906577903e-13,2.389503057e-13,2.467759031e-13,2.658533296e-13,1.173740683e-13,1.134341916e-13,1.551713246e-13,1.041322041e-13,1.653154262e-13,3.135105532e-13,5.362750984e-14,2.677651105e-13,4.772556118e-13,6.35853555e-13,5.989478722e-13,5.444267837e-13,8.42508004e-14,1.786390061e-13,1.324414367e-14,6.941333233e-14,2.634176441e-14,3.200577885e-13,9.884326715e-14,1.679259511e-13,1.984450077e-13,2.211529813e-13,6.133768354e-13,3.647730151e-14,4.350433348e-13,2.667135324e-14
99.9765625,8.372362517e-13,1.847943607e-13,4.920125605e-13,2.365111667e-13,2.4691937e-13,2.684508722e-13,1.17090422e-13,1.142629009e-13,1.560182869e-13,1.030570552e-13,1.659856222e-13,3.141715467e-13,5.308019992e-14,2.688615189e-13,4.810203196e-13,6.406623924e-13,6.016072018e-13,5.487959681e-13,8.454748558e-14,1.814227865e-13,1.348351943e-14,6.967281478e-14,2.624508079e-14,3.220958505e-13,9.913132858e-14,1.681122618e-13,1.981586753e-13,2.182554134e-13,6.10330606e-13,3.672372383e-14,4.362889373e-13,2.660093585e-14
99.984375,8.336676867e-13,1.807710427e-13,4.931969025e-13,2.342207438e-13,2.469548406e-13,2.709997312e-13,1.167551072e-13,1.151270686e-13,1.567963844e-13,1.019336779e-13,1.666099013e-13,3.148285947e-13,5.260800572e-14,2.69892498e-13,4.846216458e-13,6.454462687e-13,6.043779717e-13,5.534875065e-13,8.491745252e-14,1.841264669e-13,1.373613673e-14,6.991520988e-14,2.618297168e-14,3.241965272e-13,9.94112657e-14,1.681701473e-13,1.978661857e-13,2.153677463e-13,6.068398709e-13,3.699462073e-14,4.375480098e-13,2.649703723e-14
99.9921875,8.297291118e-13,1.768253254e-13,4.943918226e-13,2.318316434e-13,2.469541183e-13,2.735824847e-13,1.164318966e-13,1.159881682e-13,1.575256154e-13,1.007738836e-13,1.673048863e-13,3.154060552e-13,5.213452323e-14,2.709696711e-13,4.882520709e-13,6.503245612e-13,6.072789684e-13,5.584527837e-13,8.53684511e-14,1.868595562e-13,1.400620582e-14,7.01689752e-14,2.612843754e-14,3.262411919e-13,9.973284924e-14,1.681785453e-13,1.973460562e-13,2.125206108e-13,6.032972018e-13,3.727910143e-14,4.388706356e-13,2.638646962e-14
100,8.261693795e-13,1.730104622e-13,4.954341508e-13,2.29489535e-13,2.469431886e-13,2.763004677e-13,1.16083642e-13,1.167268485e-13,1.580877657e-13,9.95994839e-14,1.680984393e-13,3.15744429e-13,5.163150794e-14,2.720624873e-13,4.918984121e-13,6.550692079e-13,6.101190465e-13,5.634375631e-13,8.581345214e-14,1.896062819e-13,1.431952617e-14,7.040722931e-14,2.607627425e-14,3.281854837e-13,1.000337904e-13,1.68195628e-13,1.966906165e-13,2.098250163e-13,5.996622485e-13,3.75700803e-14,4.399660763e-13,2.629032527e-14
100.0078125,8.228003838e-13,1.691913039e-13,4.963176007e-13,2.272279764e-13,2.46927212e-13,2.790682534e-13,1.156734914e-13,1.173317036e-13,1.58486599e-13,9.84323569e-14,1.689662263e-13,3.159763236e-13,5.113220556e-14,2.731397816e-13,4.954791777e-13,6.595454022e-13,6.128521035e-13,5.684434241e-13,8.624347106e-14,1.923040115e-13,1.468635277e-14,7.063257002e-14,2.602895457e-14,3.300820789e-13,1.002821003e-13,1.681849881e-13,1.961860042e-13,2.071454428e-13,5.957604553e-13,3.786527825e-14,4.409186359e-13,2.61843577e-14
100.015625,8.189097044e-13,1.653122908e-13,4.97283358e-13,2.249222799e-13,2.46864103e-13,2.818237931e-13,1.15264384e-13,1.179461702e-13,1.588817048e-13,9.732276645e-14,1.699105709e-13,3.163625338e-13,5.065688151e-14,2.742123921e-13,4.990609753e-13,6.639530845e-13,6.155903479e-13,5.736169118e-13,8.671371832e-14,1.949776847e-13,1.508032824e-14,7.088260714e-14,2.600336622e-14,3.320113711e-13,1.005356441e-13,1.68164965e-13,1.958048862e-13,2.043230292e-13,5.91803387e-13,3.816261201e-14,4.420251277e-13,2.605889222e-14
100.0234375,8.145460848e-13,1.616260176e-13,4.982496511e-13,2.227035825e-13,2.467184821e-13,2.845299407e-13,1.148749607e-13,1.186226602e-13,1.592490053e-13,9.622908977e-14,1.708869286e-13,3.168379473e-13,5.022015679e-14,2.751973147e-13,5.026251744e-13,6.683147875e-13,6.181989245e-13,5.788809114e-13,8.721455132e-14,1.976052208e-13,1.547026126e-14,7.111226572e-14,2.601508579e-14,3.338974275e-13,1.007856455e-13,1.681826414e-13,1.953750471e-13,2.014225009e-13,5.878619746e-13,3.844991473e-14,4.431224168e-13,2.592566669e-14
100.03125,8.101047484e-13,1.582305039e-13,4.989260941e-13,2.2063774e-13,2.465481585e-13,2.870786399e-13,1.144418573e-13,1.192640092e-13,1.594956533e-13,9.504848076e-14,1.718449443e-13,3.171722098e-13,4.981496851e-14,2.760439756e-13,5.060016705e-13,6.725018103e-13,6.205334797e-13,5.841002495e-13,8.769246394e-14,2.002298577e-13,1.58693226e-14,7.128792544e-14,2.604477723e-14,3.356540379e-13,1.009609437e-13,1.682073405e-13,1.949308824e-13,1.985582029e-13,5.837140413e-13,3.872556049e-14,4.439460901e-13,2.579512816e-14
100.0390625,8.055592217e-13,1.549071823e-13,4.994465712e-13,2.185183437e-13,2.463773244e-13,2.895860118e-13,1.139818271e-13,1.19868706e-13,1.597155493e-13,9.380161582e-14,1.728416237e-13,3.173559094e-13,4.940846681e-14,2.768524948e-13,5.092484122e-13,6.767147538e-13,6.228815552e-13,5.894028642e-13,8.815831031e-14,2.03009884e-13,1.630301046e-14,7.14914941e-14,2.60701886e-14,3.374391003e-13,1.010897416e-13,1.681628283e-13,1.945089207e-13,1.957428253e-13,5.793579937e-13,3.900908845e-14,4.446412191e-13,2.567856915e-14
100.046875,8.007317019e-13,1.514827657e-13,5.000976981e-13,2.163197079e-13,2.460999889e-13,2.922714898e-13,1.135530154e-13,1.205256918e-13,1.599235948e-13,9.257609482e-14,1.739377776e-13,3.174748572e-13,4.900777091e-14,2.776424037e-13,5.125759387e-13,6.810905488e-13,6.253975602e-13,5.948774885e-13,8.865563873e-14,2.058698681e-13,1.675672216e-14,7.174269824e-14,2.610253821e-14,3.39335853e-13,1.012436509e-13,1.68034564e-13,1.940357889e-13,1.928969391e-13,5.749762622e-13,3.929781569e-14,4.453271857e-13,2.557298859e-14
100.0546875,7.957270398e-13,1.480162664e-13,5.006857337e-13,2.141930215e-13,2.456369289e-13,2.949835036e-13,1.131256739e-13,1.211863738e-13,1.599605353e-13,9.138197422e-14,1.750532865e-13,3.17485242e-13,4.864403832e-14,2.78298396e-13,5.158909982e-13,6.852779572e-13,6.276974857e-13,6.003003357e-13,8.915578615e-14,2.085859948e-13,1.722315165e-14,7.195158557e-14,2.616319689e-14,3.411420818e-13,1.014007605e-13,1.679201383e-13,1.935214278e-13,1.899536505e-13,5.705644378e-13,3.956308218e-14,4.458378001e-13,2.546234988e-14
100.0625,7.906988821e-13,1.446960844e-13,5.008814104e-13,2.121444442e-13,2.45071208e-13,2.974677757e-13,1.126789143e-13,1.217465281e-13,1.598384645e-13,9.01783168e-14,1.760572405e-13,3.17362463e-13,4.83055731e-14,2.788389e-13,5.189194116e-13,6.890027613e-13,6.295902788e-13,6.055758146e-13,8.960736842e-14,2.112224673e-13,1.772588676e-14,7.211827941e-14,2.626332469e-14,3.427765411e-13,1.015235966e-13,1.67895268e-13,1.929987111e-13,1.869564769e-13,5.659558427e-13,3.980275527e-14,4.461688384e-13,2.53489348e-14
100.0703125,7.855603097e-13,1.415712214e-13,5.00847336e-13,2.101494284e-13,2.445612761e-13,2.998261163e-13,1.122504076e-13,1.22216019e-13,1.597031603e-13,8.893896119e-14,1.769501524e-13,3.172093655e-13,4.798129306e-14,2.794368087e-13,5.216219454e-13,6.924409032e-13,6.314124231e-13,6.109675167e-13,9.004753681e-14,2.139620749e-13,1.825622446e-14,7.23183021e-14,2.640289715e-14,3.443427198e-13,1.016435013e-13,1.678920234e-13,1.924217762e-13,1.839657168e-13,5.611735615e-13,4.004386595e-14,4.465404816e-13,2.524105914e-14
100.078125,7.803884387e-13,1.384803381e-13,5.009479402e-13,2.082038744e-13,2.441657042e-13,3.022960385e-13,1.118152941e-13,1.226186312e-13,1.595162708e-13,8.769117715e-14,1.778822577e-13,3.170654719e-13,4.770559002e-14,2.801740632e-13,5.242028422e-13,6.959111765e-13,6.334910968e-13,6.166670464e-13,9.055905686e-14,2.168030902e-13,1.878565295e-14,7.254656514e-14,2.656691772e-14,3.458198507e-13,1.017840554e-13,1.678657184e-13,1.917933919e-13,1.810157473e-13,5.565477829e-13,4.029908409e-14,4.469697881e-13,2.513213603e-14
100.0859375,7.754215846e-13,1.35390199e-13,5.01147035e-13,2.062382015e-13,2.437692146e-13,3.048661469e-13,1.113146579e-13,1.229527653e-13,1.591668116e-13,8.648678886e-14,1.789686016e-13,3.168424899e-13,4.74928531e-14,2.80931975e-13,5.267924785e-13,6.995470377e-13,6.358219324e-13,6.225424647e-13,9.114739478e-14,2.197248641e-13,1.932216278e-14,7.276359849e-14,2.674482201e-14,3.471885117e-13,1.019171574e-13,1.678922548e-13,1.911484607e-13,1.781632211e-13,5.521743227e-13,4.055761328e-14,4.472603147e-13,2.502826787e-14
100.09375,7.703270113e-13,1.324542057e-13,5.011716613e-13,2.043177903e-13,2.432197613e-13,3.073146956e-13,1.107781461e-13,1.232704635e-13,1.586866021e-13,8.532373019e-14,1.801204611e-13,3.16506025e-13,4.731662572e-14,2.815444085e-13,5.292154165e-13,7.030471295e-13,6.381144044e-13,6.283348726e-13,9.173941166e-14,2.22670372e-13,1.988640903e-14,7.297798428e-14,2.695107569e-14,3.485514152e-13,1.020147378e-13,1.679514501e-13,1.904556324e-13,1.753673098e-13,5.476229244e-13,4.081644172e-14,4.473557869e-13,2.494156905e-14
100.1015625,7.647521982e-13,1.297047424e-13,5.010062766e-13,2.02601665e-13,2.425769547e-13,3.096280935e-13,1.102857916e-13,1.23594725e-13,1.581213418e-13,8.419104701e-14,1.811839622e-13,3.161038137e-13,4.717134752e-14,2.820615576e-13,5.313078002e-13,7.060111531e-13,6.40151374e-13,6.339822669e-13,9.231731927e-14,2.254318172e-13,2.047636959e-14,7.320007648e-14,2.719065336e-14,3.499176612e-13,1.020843207e-13,1.679058341e-13,1.897295189e-13,1.725743924e-13,5.42675879e-13,4.108871056e-14,4.473708111e-13,2.484863419e-14
100.109375,7.591519803e-13,1.271116924e-13,5.007851568e-13,2.009968705e-13,2.420502162e-13,3.120579106e-13,1.098624496e-13,1.23872313e-13,1.574534153e-13,8.310058543e-14,1.822098826e-13,3.156458726e-13,4.706158993e-14,2.826744505e-13,5.332585702e-13,7.085955991e-13,6.420601016e-13,6.396781426e-13,9.29414648e-14,2.280158567e-13,2.106051144e-14,7.34161351e-14,2.743090003e-14,3.511950368e-13,1.021502053e-13,1.677558438e-13,1.890535639e-13,1.699078124e-13,5.376544672e-13,4.136422215e-14,4.473471716e-13,2.472612706e-14
100.1171875,7.536534723e-13,1.246921941e-13,5.004556799e-13,1.992808817e-13,2.416287193e-13,3.145493789e-13,1.094459036e-13,1.240820489e-13,1.567242618e-13,8.201458729e-14,1.833588248e-13,3.151340441e-13,4.696730706e-14,2.833442947e-13,5.350974338e-13,7.110316341e-13,6.438145898e-13,6.454409854e-13,9.359868357e-14,2.30715757e-13,2.16073154e-14,7.363523875e-14,2.766651903e-14,3.523148261e-13,1.022059384e-13,1.67633798e-13,1.884178863e-13,1.673449425e-13,5.326690787e-13,4.160859139e-14,4.47244857e-13,2.460266906e-14
100.125,7.477642294e-13,1.223445921e-13,4.998823776e-13,1.974295647e-13,2.411380935e-13,3.167495912e-13,1.089553616e-13,1.242489514e-13,1.559961889e-13,8.092222179e-14,1.845980895e-13,3.146097824e-13,4.688805432e-14,2.838910103e-13,5.364254234e-13,7.129926062e-13,6.451074416e-13,6.510262978e-13,9.421529478e-14,2.335779878e-13,2.214723764e-14,7.389559026e-14,2.795990627e-14,3.533055104e-13,1.022172337e-13,1.675939474e-13,1.877698504e-13,1.646280806e-13,5.275138195e-13,4.181916445e-14,4.470998693e-13,2.451178352e-14
100.1328125,7.418102918e-13,1.199935823e-13,4.99064877e-13,1.955744082e-13,2.406191779e-13,3.186448728e-13,1.08406815e-13,1.243904685e-13,1.552547207e-13,7.988445287e-14,1.857854508e-13,3.140786393e-13,4.684882617e-14,2.84355388e-13,5.371825264e-13,7.143219526e-13,6.460595681e-13,6.564444247e-13,9.480384949e-14,2.363784941e-13,2.273174653e-14,7.419508425e-14,2.833735309e-14,3.54352115e-13,1.021816408e-13,1.675947208e-13,1.871464685e-13,1.617926405e-13,5.222684504e-13,4.201594924e-14,4.469551103e-13,2.444117336e-14
100.140625,7.362435304e-13,1.177981079e-13,4.981574031e-13,1.939313459e-13,2.401716829e-13,3.205000169e-13,1.0788761e-13,1.245111636e-13,1.544692416e-13,7.888226588e-14,1.869616521e-13,3.134962502e-13,4.686487054e-14,2.848524284e-13,5.378506485e-13,7.154591998e-13,6.470475237e-13,6.618993635e-13,9.539899775e-14,2.391060671e-13,2.335266076e-14,7.448270365e-14,2.87410575e-14,3.554832351e-13,1.021282901e-13,1.675910369e-13,1.865542787e-13,1.591065785e-13,5.170839858e-13,4.219989996e-14,4.467398598e-13,2.43684142e-14
100.1484375,7.304587068e-13,1.158725933e-13,4.973412738e-13,1.926438206e-13,2.397127415e-13,3.224551221e-13,1.074214205e-13,1.245904737e-13,1.536049287e-13,7.786465623e-14,1.882454894e-13,3.128347828e-13,4.695569151e-14,2.853450887e-13,5.386884399e-13,7.167011711e-13,6.480618114e-13,6.673956191e-13,9.59940462e-14,2.419392678e-13,2.399275173e-14,7.474896213e-14,2.914918279e-14,3.564024074e-13,1.020756506e-13,1.675835365e-13,1.859451932e-13,1.566035637e-13,5.118421387e-13,4.238445925e-14,4.463904304e-13,2.429770838e-14
100.15625,7.242499599e-13,1.141111356e-13,4.965850239e-13,1.91479671e-13,2.392370117e-13,3.244505437e-13,1.06960892e-13,1.246019604e-13,1.526126836e-13,7.687762187e-14,1.89584429e-13,3.121063645e-13,4.711314115e-14,2.857906943e-13,5.394446855e-13,7.178578929e-13,6.489930093e-13,6.729144686e-13,9.661318461e-14,2.449397868e-13,2.464801694e-14,7.502256352e-14,2.960130913e-14,3.57074761e-13,1.020297804e-13,1.676405361e-13,1.854104988e-13,1.542106073e-13,5.066046971e-13,4.259473249e-14,4.459333235e-13,2.42459966e-14
100.1640625,7.18177238e-13,1.123875736e-13,4.957149471e-13,1.901292144e-13,2.388353314e-13,3.262159355e-13,1.06461046e-13,1.245528667e-13,1.515354288e-13,7.594118576e-14,1.909013241e-13,3.113361903e-13,4.727986006e-14,2.86192271e-13,5.397844377e-13,7.186243712e-13,6.497801108e-13,6.784042101e-13,9.725001493e-14,2.4806714e-13,2.528468631e-14,7.530136313e-14,3.009590548e-14,3.578061614e-13,1.019789163e-13,1.678188578e-13,1.850446488e-13,1.518635282e-13,5.016027886e-13,4.281256252e-14,4.453918379e-13,2.421973482e-14
100.171875,7.120456134e-13,1.106707044e-13,4.947520125e-13,1.886793841e-13,2.384955016e-13,3.276594674e-13,1.059162511e-13,1.244568317e-13,1.504558848e-13,7.503760576e-14,1.922644204e-13,3.105102271e-13,4.745281477e-14,2.865768536e-13,5.397358688e-13,7.189749747e-13,6.502505333e-13,6.836786542e-13,9.787302621e-14,2.512622978e-13,2.59033529e-14,7.559968002e-14,3.060706764e-14,3.585133429e-13,1.019089054e-13,1.680492234e-13,1.846642735e-13,1.494213985e-13,4.966991124e-13,4.301167325e-14,4.447930335e-13,2.420554653e-14
100.1796875,7.054484616e-13,1.090306655e-13,4.938134075e-13,1.872807898e-13,2.382675993e-13,3.291165201e-13,1.053927989e-13,1.243065685e-13,1.493333904e-13,7.421071991e-14,1.937064794e-13,3.095908831e-13,4.767667662e-14,2.870333427e-13,5.395835905e-13,7.190978994e-13,6.50467858e-13,6.888124764e-13,9.854944137e-14,2.544582381e-13,2.654183442e-14,7.595776592e-14,3.113997233e-14,3.588755526e-13,1.018468029e-13,1.682197777e-13,1.840709897e-13,1.468843915e-13,4.917297228e-13,4.319973448e-14,4.442044989e-13,2.418717536e-14
100.1875,6.987193244e-13,1.075569642e-13,4.928999866e-13,1.858829476e-13,2.382054272e-13,3.306765718e-13,1.049547067e-13,1.240800104e-13,1.481004809e-13,7.344960865e-14,1.951732219e-13,3.08589197e-13,4.79258707e-14,2.875153642e-13,5.392729003e-13,7.188530074e-13,6.505784544e-13,6.939108682e-13,9.92965687e-14,2.576355245e-13,2.718047657e-14,7.635177753e-14,3.169358659e-14,3.589915446e-13,1.018075986e-13,1.68359672e-13,1.833989119e-13,1.4436612e-13,4.86916785e-13,4.337229969e-14,4.43618665e-13,2.417348438e-14
100.1953125,6.920383467e-13,1.062115078e-13,4.91974361e-13,1.84534769e-13,2.381336076e-13,3.320294931e-13,1.04539331e-13,1.237593095e-13,1.467912736e-13,7.269527691e-14,1.966843548e-13,3.075236099e-13,4.817742793e-14,2.878337059e-13,5.385001356e-13,7.179845647e-13,6.504345578e-13,6.986977062e-13,1.000044913e-13,2.607838567e-13,2.780166458e-14,7.672972039e-14,3.226544201e-14,3.590857543e-13,1.017528822e-13,1.685848333e-13,1.828527676e-13,1.418859776e-13,4.822593059e-13,4.35177841e-14,4.429406108e-13,2.417938786e-14
100.203125,6.853180053e-13,1.049593441e-13,4.909087635e-13,1.832882575e-13,2.37957929e-13,3.33138919e-13,1.040563183e-13,1.233913797e-13,1.454573865e-13,7.198632981e-14,1.982519626e-13,3.063943016e-13,4.848597442e-14,2.880390685e-13,5.373567343e-13,7.168534035e-13,6.501358451e-13,7.03224252e-13,1.006871606e-13,2.638805512e-13,2.843837431e-14,7.709453098e-14,3.287134642e-14,3.591694448e-13,1.016879629e-13,1.689003625e-13,1.82404672e-13,1.395384038e-13,4.774176269e-13,4.365638239e-14,4.421730251e-13,2.419269766e-14
100.2109375,6.78738946e-13,1.039007789e-13,4.896530016e-13,1.820409483e-13,2.377967921e-13,3.341550024e-13,1.035267593e-13,1.230683712e-13,1.4411878e-13,7.135471871e-14,1.99818969e-13,3.052572052e-13,4.885339301e-14,2.883188123e-13,5.360847771e-13,7.158527875e-13,6.50004158e-13,7.079143774e-13,1.014349676e-13,2.670043024e-13,2.90821179e-14,7.746756976e-14,3.350431206e-14,3.592767531e-13,1.016522027e-13,1.692369672e-13,1.819510795e-13,1.373917643e-13,4.724723012e-13,4.3801839e-14,4.414235433e-13,2.420728283e-14
100.21875,6.721601205e-13,1.029982954e-13,4.885345907e-13,1.808214385e-13,2.376195042e-13,3.350613572e-13,1.029968612e-13,1.227852202e-13,1.427558693e-13,7.076996767e-14,2.014262299e-13,3.041277903e-13,4.921507573e-14,2.885759015e-13,5.346532532e-13,7.147147975e-13,6.498345179e-13,7.125889072e-13,1.021869262e-13,2.702524528e-13,2.971330031e-14,7.784918511e-14,3.415045916e-14,3.593578224e-13,1.01606768e-13,1.6959812e-13,1.814455345e-13,1.352470809e-13,4.677385443e-13,4.394769231e-14,4.406905232e-13,2.424739024e-14
100.2265625,6.651952303e-13,1.020444935e-13,4.87707369e-13,1.797015454e-13,2.373665746e-13,3.358534471e-13,1.024924333e-13,1.224271982e-13,1.412969164e-13,7.023375596e-14,2.031220727e-13,3.029180186e-13,4.958001966e-14,2.886934491e-13,5.331057036e-13,7.132569617e-13,6.493819384e-13,7.169450401e-13,1.029034156e-13,2.735773184e-13,3.036087582e-14,7.82286053e-14,3.482001106e-14,3.591920935e-13,1.015251001e-13,1.699980944e-13,1.808450732e-13,1.330001544e-13,4.631355408e-13,4.409238115e-14,4.398960819e-13,2.431358468e-14
100.234375,6.581023024e-13,1.010658473e-13,4.868078401e-13,1.786399469e-13,2.372292455e-13,3.365231955e-13,1.020685629e-13,1.21931374e-13,1.397390525e-13,6.970066193e-14,2.048112569e-13,3.016464234e-13,5.000989781e-14,2.888690927e-13,5.315456275e-13,7.116669555e-13,6.48928347e-13,7.213199965e-13,1.036716382e-13,2.769277954e-13,3.102180799e-14,7.860733887e-14,3.551222572e-14,3.587929037e-13,1.014761929e-13,1.704069936e-13,1.801811516e-13,1.307857822e-13,4.586211282e-13,4.421391308e-14,4.391029145e-13,2.437297987e-14
100.2421875,6.512922601e-13,1.002720469e-13,4.857220865e-13,1.777407957e-13,2.372961036e-13,3.370505897e-13,1.017134671e-13,1.213564145e-13,1.38161709e-13,6.912058039e-14,2.064608496e-13,3.003943147e-13,5.050265581e-14,2.891814546e-13,5.29792547e-13,7.099000947e-13,6.485155458e-13,7.25766143e-13,1.044765896e-13,2.803515387e-13,3.16665455e-14,7.900876588e-14,3.621899425e-14,3.583609826e-13,1.014692277e-13,1.708453884e-13,1.795776892e-13,1.286235688e-13,4.54428986e-13,4.428418696e-14,4.383674574e-13,2.442505942e-14
100.25,6.445374598e-13,9.964729323e-14,4.846863063e-13,1.770418e-13,2.373680417e-13,3.375361696e-13,1.013347616e-13,1.207836432e-13,1.365732e-13,6.860808625e-14,2.081424483e-13,2.990813808e-13,5.100363967e-14,2.894016693e-13,5.277033192e-13,7.078403377e-13,6.478112168e-13,7.298383906e-13,1.052320515e-13,2.838483904e-13,3.229752792e-14,7.942805834e-14,3.694232348e-14,3.578805305e-13,1.014344135e-13,1.713435729e-13,1.790699227e-13,1.264743362e-13,4.504448672e-13,4.432383115e-14,4.375710437e-13,2.449770211e-14
100.2578125,6.376235867e-13,9.909408485e-14,4.836878629e-13,1.763240184e-13,2.374233676e-13,3.379948556e-13,1.009382403e-13,1.202133274e-13,1.349680157e-13,6.824304536e-14,2.098514285e-13,2.977029371e-13,5.152503543e-14,2.895870979e-13,5.254352527e-13,7.055907419e-13,6.469387376e-13,7.337140851e-13,1.060202362e-13,2.873441513e-13,3.289998905e-14,7.985452244e-14,3.767370588e-14,3.572588121e-13,1.013978761e-13,1.718580848e-13,1.785841774e-13,1.244071594e-13,4.463858653e-13,4.436567793e-14,4.367596398e-13,2.458926326e-14
100.265625,6.307958996e-13,9.874062453e-14,4.827294045e-13,1.75646622e-13,2.376962985e-13,3.383937781e-13,1.006088968e-13,1.195805676e-13,1.333875449e-13,6.792266146e-14,2.11598716e-13,2.964267335e-13,5.216466465e-14,2.900672604e-13,5.231696637e-13,7.032154105e-13,6.462363919e-13,7.378671219e-13,1.069791777e-13,2.907682882e-13,3.345895826e-14,8.033885303e-14,3.841747894e-14,3.565314904e-13,1.014350655e-13,1.723574813e-13,1.780667644e-13,1.224435841e-13,4.424250699e-13,4.440682664e-14,4.361674634e-13,2.467897939e-14
100.2734375,6.239957836e-13,9.862744794e-14,4.81917674e-13,1.7520299e-13,2.38121304e-13,3.3879819e-13,1.003477261e-13,1.188495509e-13,1.317707405e-13,6.761720937e-14,2.134049017e-13,2.951533313e-13,5.291135133e-14,2.906699759e-13,5.208871367e-13,7.00679716e-13,6.454921486e-13,7.420018313e-13,1.080247796e-13,2.94109958e-13,3.401843319e-14,8.087494869e-14,3.919311404e-14,3.556809082e-13,1.015112316e-13,1.728431119e-13,1.774616152e-13,1.205377674e-13,4.387133581e-13,4.443405882e-14,4.356463986e-13,2.476341536e-14
100.28125,6.169084708e-13,9.848334642e-14,4.809888468e-13,1.747231248e-13,2.383698658e-13,3.390592524e-13,1.000992778e-13,1.180505451e-13,1.300475696e-13,6.738619822e-14,2.151414676e-13,2.936284895e-13,5.359546967e-14,2.909395444e-13,5.18340756e-13,6.978764288e-13,6.443467906e-13,7.456254e-13,1.089593363e-13,2.974937224e-13,3.461147324e-14,8.135994384e-14,3.998494229e-14,3.546569975e-13,1.015456645e-13,1.733170621e-13,1.767457965e-13,1.186440954e-13,4.349994184e-13,4.443919247e-14,4.348411376e-13,2.485147407e-14
100.2890625,6.098179203e-13,9.822237924e-14,4.798070248e-13,1.740056437e-13,2.384964746e-13,3.389929671e-13,9.983415095e-14,1.172308418e-13,1.283188484e-13,6.716821455e-14,2.167757012e-13,2.919902152e-13,5.417936524e-14,2.910204314e-13,5.153695178e-13,6.947606189e-13,6.429695231e-13,7.489131568e-13,1.098018624e-13,3.010179952e-13,3.520252616e-14,8.180226839e-14,4.077106254e-14,3.535592817e-13,1.015366495e-13,1.738501288e-13,1.760584785e-13,1.167205578e-13,4.312972615e-13,4.442578793e-14,4.339202198e-13,2.495196458e-14
100.296875,6.029281744e-13,9.808852029e-14,4.787942239e-13,1.733064263e-13,2.387893748e-13,3.387964257e-13,9.955661938e-14,1.164017098e-13,1.266498449e-13,6.69057952e-14,2.184838237e-13,2.904880816e-13,5.481008659e-14,2.912911615e-13,5.121947979e-13,6.915331682e-13,6.416077094e-13,7.521816721e-13,1.107151874e-13,3.045680932e-13,3.573200778e-14,8.229852965e-14,4.156475728e-14,3.524541683e-13,1.01531698e-13,1.744898911e-13,1.755028884e-13,1.147715076e-13,4.279058946e-13,4.441754374e-14,4.332532163e-13,2.506867441e-14
100.3046875,5.956704777e-13,9.810237993e-14,4.781312878e-13,1.727070188e-13,2.392081421e-13,3.386087962e-13,9.930532665e-14,1.155387794e-13,1.249615978e-13,6.667433285e-14,2.202812705e-13,2.890250121e-13,5.5523872e-14,2.916346452e-13,5.089909453e-13,6.881721302e-13,6.400385281e-13,7.55316115e-13,1.116994503e-13,3.080683679e-13,3.618613837e-14,8.283076287e-14,4.237552278e-14,3.512192651e-13,1.015429987e-13,1.751363519e-13,1.749365693e-13,1.127983815e-13,4.246895965e-13,4.442079612e-14,4.327384387e-13,2.519669044e-14
100.3125,5.880543222e-13,9.808603253e-14,4.775724889e-13,1.721090603e-13,2.396783546e-13,3.383071665e-13,9.908670269e-14,1.146396379e-13,1.232461109e-13,6.652788776e-14,2.220706489e-13,2.875177112e-13,5.626493925e-14,2.919358128e-13,5.056484936e-13,6.844061612e-13,6.38185168e-13,7.582412834e-13,1.126941112e-13,3.116270859e-13,3.663394673e-14,8.335110866e-14,4.319405725e-14,3.498221801e-13,1.015507847e-13,1.757397342e-13,1.742706289e-13,1.108263246e-13,4.214122494e-13,4.441515394e-14,4.321924325e-13,2.53287136e-14
100.3203125,5.808400365e-13,9.812294524e-14,4.770833212e-13,1.716026185e-13,2.403390572e-13,3.379043485e-13,9.884804998e-14,1.137378711e-13,1.215481157e-13,6.645374769e-14,2.23975192e-13,2.86099576e-13,5.708516541e-14,2.924122719e-13,5.022303259e-13,6.804942897e-13,6.364869511e-13,7.612149236e-13,1.137701779e-13,3.152596207e-13,3.713420635e-14,8.388774086e-14,4.400837261e-14,3.484117722e-13,1.015753312e-13,1.763969789e-13,1.736470861e-13,1.089615067e-13,4.183315396e-13,4.439350003e-14,4.317509133e-13,2.546682649e-14
100.328125,5.738582235e-13,9.830981067e-14,4.766585774e-13,1.711437358e-13,2.411294778e-13,3.374006481e-13,9.859138095e-14,1.128199885e-13,1.198253703e-13,6.645078723e-14,2.260807823e-13,2.847230633e-13,5.800254941e-14,2.929943513e-13,4.988132929e-13,6.767173649e-13,6.349613243e-13,7.642573534e-13,1.149250515e-13,3.188474109e-13,3.76303122e-14,8.444141946e-14,4.481222872e-14,3.469719392e-13,1.01651692e-13,1.771126863e-13,1.730997563e-13,1.07166705e-13,4.155521857e-13,4.435512025e-14,4.314179821e-13,2.562411553e-14
100.3359375,5.665486316e-13,9.849401354e-14,4.760130005e-13,1.705812816e-13,2.418879068e-13,3.366617544e-13,9.836199354e-14,1.118298466e-13,1.180533966e-13,6.65041306e-14,2.281696154e-13,2.831835147e-13,5.890340659e-14,2.933635499e-13,4.951215511e-13,6.726116248e-13,6.330591464e-13,7.670302408e-13,1.160117734e-13,3.22336197e-13,3.805146951e-14,8.497093287e-14,4.562104038e-14,3.453343815e-13,1.017294322e-13,1.777763043e-13,1.724986422e-13,1.052976588e-13,4.126577786e-13,4.429492865e-14,4.309070162e-13,2.580132453e-14
100.34375,5.592700302e-13,9.867100279e-14,4.750419509e-13,1.700604827e-13,2.426608736e-13,3.357395958e-13,9.813327806e-14,1.10787378e-13,1.162872445e-13,6.658494251e-14,2.300816662e-13,2.815122495e-13,5.975463e-14,2.935559495e-13,4.910959302e-13,6.680480256e-13,6.308091815e-13,7.694723669e-13,1.170138443e-13,3.257966316e-13,3.842095986e-14,8.547275667e-14,4.644277241e-14,3.435580228e-13,1.01747089e-13,1.783881437e-13,1.71860054e-13,1.034172212e-13,4.095550807e-13,4.422398038e-14,4.301609819e-13,2.598053693e-14
100.3515625,5.521511544e-13,9.899572709e-14,4.740651325e-13,1.697062769e-13,2.434193613e-13,3.347255193e-13,9.788673772e-14,1.097476869e-13,1.145865541e-13,6.670807312e-14,2.319791303e-13,2.79904861e-13,6.065110005e-14,2.937915279e-13,4.870488635e-13,6.63565816e-13,6.286379695e-13,7.717465867e-13,1.180524948e-13,3.293791952e-13,3.877750086e-14,8.600369194e-14,4.726110281e-14,3.417907316e-13,1.017618928e-13,1.790543758e-13,1.712734744e-13,1.015991294e-13,4.066720536e-13,4.415171325e-14,4.295274217e-13,2.616795789e-14
100.359375,5.446554477e-13,9.939664124e-14,4.7348021e-13,1.693430682e-13,2.440980844e-13,3.335879035e-13,9.768441783e-14,1.086638759e-13,1.129711452e-13,6.689591362e-14,2.340768078e-13,2.784155321e-13,6.163851129e-14,2.941169311e-13,4.8297456e-13,6.590690495e-13,6.263796874e-13,7.737624318e-13,1.191658105e-13,3.33043762e-13,3.91175474e-14,8.662773047e-14,4.808788788e-14,3.399163657e-13,1.018381062e-13,1.798100286e-13,1.706974415e-13,9.977232451e-14,4.041841347e-13,4.408036947e-14,4.292605163e-13,2.638599859e-14
100.3671875,5.369225053e-13,9.976574987e-14,4.733233301e-13,1.688903249e-13,2.448751499e-13,3.324040094e-13,9.753350761e-14,1.074695987e-13,1.113551653e-13,6.711822946e-14,2.363579036e-13,2.76942593e-13,6.267452202e-14,2.945291176e-13,4.787052093e-13,6.541557469e-13,6.238674542e-13,7.755236153e-13,1.20328217e-13,3.365051848e-13,3.942686518e-14,8.728745361e-14,4.893326282e-14,3.377898098e-13,1.019335234e-13,1.805919418e-13,1.701144763e-13,9.799675032e-14,4.019069143e-13,4.402160808e-14,4.291500533e-13,2.661280811e-14
100.375,5.294434816e-13,1.001828074e-13,4.731846085e-13,1.685081934e-13,2.458178239e-13,3.312118367e-13,9.736910775e-14,1.062116965e-13,1.09615886e-13,6.734601432e-14,2.386496615e-13,2.753903731e-13,6.371353179e-14,2.949955876e-13,4.744139277e-13,6.491683459e-13,6.214548438e-13,7.772942992e-13,1.21537652e-13,3.397533528e-13,3.969435041e-14,8.785831075e-14,4.975334528e-14,3.355016116e-13,1.020199241e-13,1.813546926e-13,1.695869311e-13,9.630696131e-14,3.997275262e-13,4.395484903e-14,4.288704143e-13,2.681817861e-14
100.3828125,5.221159623e-13,1.006739563e-13,4.728319213e-13,1.682910867e-13,2.467756855e-13,3.298929412e-13,9.719892786e-14,1.049458818e-13,1.078020783e-13,6.762884749e-14,2.408852831e-13,2.73770837e-13,6.475983476e-14,2.95420459e-13,4.701720873e-13,6.443008292e-13,6.191014507e-13,7.789672396e-13,1.22776907e-13,3.430214165e-13,3.993826969e-14,8.837318649e-14,5.054045772e-14,3.331207291e-13,1.021335136e-13,1.821138324e-13,1.690747722e-13,9.456413793e-14,3.976160893e-13,4.384078594e-14,4.284632504e-13,2.702399355e-14
100.390625,5.148432002e-13,1.011926657e-13,4.725717992e-13,1.68150242e-13,2.477969467e-13,3.28475851e-13,9.707380355e-14,1.036447582e-13,1.060441389e-13,6.802463476e-14,2.431545884e-13,2.721587032e-13,6.586049237e-14,2.95824193e-13,4.657289098e-13,6.390608415e-13,6.163596664e-13,7.802001018e-13,1.240300914e-13,3.46207354e-13,4.019268671e-14,8.89337007e-14,5.134461823e-14,3.305604618e-13,1.022685295e-13,1.828671587e-13,1.684940888e-13,9.284918187e-14,3.955452867e-13,4.370437764e-14,4.281456856e-13,2.725037282e-14
100.3984375,5.077187666e-13,1.017614578e-13,4.725375958e-13,1.679974433e-13,2.489634277e-13,3.270186713e-13,9.697236191e-14,1.023124926e-13,1.043225542e-13,6.849529234e-14,2.454886506e-13,2.705737769e-13,6.702417879e-14,2.962660267e-13,4.610416126e-13,6.333654088e-13,6.133122494e-13,7.81128118e-13,1.253045313e-13,3.491719288e-13,4.043658371e-14,8.949495515e-14,5.215662349e-14,3.278246194e-13,1.023936261e-13,1.835904215e-13,1.678710911e-13,9.131518695e-14,3.935765676e-13,4.35783049e-14,4.279145353e-13,2.74793164e-14
100.40625,5.004637706e-13,1.023329027e-13,4.724303318e-13,1.678537222e-13,2.500502344e-13,3.253988243e-13,9.685608854e-14,1.010107617e-13,1.025721573e-13,6.899193494e-14,2.478020944e-13,2.689715568e-13,6.818549994e-14,2.96623035e-13,4.562802725e-13,6.276542846e-13,6.103331073e-13,7.820509154e-13,1.265630288e-13,3.520805812e-13,4.063428182e-14,8.999455118e-14,5.293404989e-14,3.250620526e-13,1.025310446e-13,1.842834361e-13,1.672571992e-13,8.977382103e-14,3.917947418e-13,4.342775046e-14,4.276622255e-13,2.769639159e-14
100.4140625,4.928594028e-13,1.028432238e-13,4.721979289e-13,1.677148615e-13,2.508922996e-13,3.23641334e-13,9.673977005e-14,9.97321027e-14,1.008353651e-13,6.953795865e-14,2.500952482e-13,2.673241183e-13,6.932515921e-14,2.968139971e-13,4.514594923e-13,6.220025127e-13,6.075008666e-13,7.828938391e-13,1.277832385e-13,3.548577326e-13,4.081216107e-14,9.048278511e-14,5.370004135e-14,3.223335118e-13,1.027105567e-13,1.849109766e-13,1.666532183e-13,8.811657878e-14,3.901712125e-13,4.324558336e-14,4.274070779e-13,2.789801291e-14
100.421875,4.852554031e-13,1.034423453e-13,4.720075572e-13,1.675663659e-13,2.517024485e-13,3.219328818e-13,9.663435847e-14,9.843029539e-14,9.915420914e-14,7.011727208e-14,2.524812816e-13,2.656529342e-13,7.053190321e-14,2.970289387e-13,4.465850684e-13,6.162101107e-13,6.047700368e-13,7.835261478e-13,1.290678394e-13,3.573243623e-13,4.099145649e-14,9.100031828e-14,5.448320775e-14,3.195293944e-13,1.029210293e-13,1.854373997e-13,1.660470863e-13,8.654746041e-14,3.886014828e-13,4.307141603e-14,4.27221613e-13,2.809093086e-14
100.4296875,4.77984862e-13,1.042584576e-13,4.718127752e-13,1.675129177e-13,2.527102074e-13,3.202314604e-13,9.652972652e-14,9.713106153e-14,9.749770116e-14,7.067749451e-14,2.549588766e-13,2.640009324e-13,7.184446204e-14,2.973838452e-13,4.41757761e-13,6.102692669e-13,6.019963502e-13,7.839850033e-13,1.304784288e-13,3.597714032e-13,4.114576094e-14,9.152087328e-14,5.526519904e-14,3.165729271e-13,1.03141e-13,1.85949225e-13,1.654231424e-13,8.509726549e-14,3.870649056e-13,4.288606213e-14,4.271135277e-13,2.830126105e-14
100.4375,4.709084976e-13,1.051122529e-13,4.716075971e-13,1.675526743e-13,2.538372841e-13,3.183698738e-13,9.644083825e-14,9.585108058e-14,9.583605855e-14,7.127148461e-14,2.573835552e-13,2.623780756e-13,7.318155071e-14,2.976901849e-13,4.369160022e-13,6.041922744e-13,5.989536106e-13,7.842597907e-13,1.318978409e-13,3.623357476e-13,4.127259464e-14,9.200843883e-14,5.604964814e-14,3.135567076e-13,1.033594919e-13,1.86533904e-13,1.648202452e-13,8.363036121e-14,3.856328207e-13,4.265972278e-14,4.27029803e-13,2.853873446e-14
100.4453125,4.638437932e-13,1.058187871e-13,4.714785618e-13,1.675746224e-13,2.549281522e-13,3.163397663e-13,9.637285092e-14,9.453056275e-14,9.417302801e-14,7.195781076e-14,2.597329531e-13,2.607444348e-13,7.452972221e-14,2.978541363e-13,4.319283606e-13,5.978593847e-13,5.956944529e-13,7.842929306e-13,1.33272759e-13,3.646309343e-13,4.138761327e-14,9.24615045e-14,5.685296221e-14,3.105600874e-13,1.035792986e-13,1.87127014e-13,1.643042878e-13,8.218149614e-14,3.842893174e-13,4.242943543e-14,4.269373256e-13,2.878649815e-14
100.453125,4.56819852e-13,1.064942816e-13,4.713529034e-13,1.677517786e-13,2.559909324e-13,3.142075977e-13,9.629073067e-14,9.315952288e-14,9.25374262e-14,7.267759272e-14,2.621619945e-13,2.590805499e-13,7.598327556e-14,2.980558238e-13,4.268802814e-13,5.912390493e-13,5.923874772e-13,7.840327798e-13,1.347085593e-13,3.665622301e-13,4.147621179e-14,9.292371598e-14,5.762748563e-14,3.075095054e-13,1.038136323e-13,1.87628368e-13,1.637805602e-13,8.080708048e-14,3.829816909e-13,4.221230433e-14,4.268771557e-13,2.903138207e-14
100.4609375,4.49750431e-13,1.073279865e-13,4.712480061e-13,1.681863846e-13,2.570493327e-13,3.120192278e-13,9.619204753e-14,9.180537234e-14,9.096369483e-14,7.341082984e-14,2.647158708e-13,2.574241061e-13,7.753177068e-14,2.983789319e-13,4.218749655e-13,5.844599907e-13,5.889968367e-13,7.834453334e-13,1.36201326e-13,3.683619036e-13,4.152935251e-14,9.341029819e-14,5.832725411e-14,3.043534911e-13,1.040650989e-13,1.88006555e-13,1.631177683e-13,7.946396156e-14,3.818266349e-13,4.197955378e-14,4.269136568e-13,2.926518517e-14
100.46875,4.425700583e-13,1.083281545e-13,4.71308383e-13,1.684881309e-13,2.580968182e-13,3.098261032e-13,9.611661641e-14,9.048624771e-14,8.944744508e-14,7.421265558e-14,2.672553717e-13,2.557998957e-13,7.907518421e-14,2.987454987e-13,4.168124637e-13,5.776140564e-13,5.855572362e-13,7.826875957e-13,1.376599735e-13,3.699955674e-13,4.155737157e-14,9.388637334e-14,5.900701862e-14,3.011596674e-13,1.043286994e-13,1.882916881e-13,1.624351248e-13,7.815341304e-14,3.809334705e-13,4.173565243e-14,4.270904308e-13,2.949463952e-14
100.4765625,4.35601643e-13,1.094204263e-13,4.714568319e-13,1.685389455e-13,2.591994891e-13,3.076387551e-13,9.60570424e-14,8.917791045e-14,8.795311772e-14,7.504839512e-14,2.696997246e-13,2.541880238e-13,8.06238392e-14,2.991239328e-13,4.116436716e-13,5.707054879e-13,5.821940097e-13,7.819349397e-13,1.391279148e-13,3.714443815e-13,4.155635312e-14,9.435004599e-14,5.972796381e-14,2.979852838e-13,1.046022741e-13,1.885881147e-13,1.618793451e-13,7.689674135e-14,3.801821005e-13,4.149759764e-14,4.273885474e-13,2.973919603e-14
100.484375,4.290207003e-13,1.105879883e-13,4.715375325e-13,1.687973169e-13,2.603498237e-13,3.054021523e-13,9.597361816e-14,8.788827881e-14,8.647702583e-14,7.586002252e-14,2.720573319e-13,2.526077105e-13,8.223828412e-14,2.994744036e-13,4.064710001e-13,5.637814033e-13,5.788182964e-13,7.810427556e-13,1.406421678e-13,3.728357912e-13,4.152080777e-14,9.480992883e-14,6.045342686e-14,2.948338644e-13,1.048764611e-13,1.88969464e-13,1.613818618e-13,7.566088319e-14,3.7948247e-13,4.12470556e-14,4.27699008e-13,2.99870258e-14
100.4921875,4.225058804e-13,1.118520149e-13,4.715721397e-13,1.693962118e-13,2.614948417e-13,3.03090372e-13,9.588769912e-14,8.660451362e-14,8.504493992e-14,7.66953238e-14,2.742942739e-13,2.511400307e-13,8.390814458e-14,2.998205419e-13,4.013243934e-13,5.568841441e-13,5.753813989e-13,7.799096646e-13,1.421425623e-13,3.740024449e-13,4.145931151e-14,9.524882439e-14,6.114395415e-14,2.916551637e-13,1.051558776e-13,1.893585344e-13,1.609246315e-13,7.441587464e-14,3.789550817e-13,4.096650508e-14,4.280084344e-13,3.021823949e-14
100.5,4.159314684e-13,1.1318256e-13,4.716623095e-13,1.700650359e-13,2.627335401e-13,3.007752888e-13,9.58531042e-14,8.526807071e-14,8.363710639e-14,7.758808716e-14,2.764202127e-13,2.497775427e-13,8.56352634e-14,3.00321849e-13,3.962085603e-13,5.499536854e-13,5.72022256e-13,7.787556744e-13,1.436519697e-13,3.747602322e-13,4.137734582e-14,9.568422332e-14,6.182370272e-14,2.883548657e-13,1.054694451e-13,1.896616158e-13,1.605807373e-13,7.31757277e-14,3.786514734e-13,4.066184317e-14,4.284390292e-13,3.044722011e-14
100.5078125,4.09456552e-13,1.144566509e-13,4.718536562e-13,1.707415619e-13,2.640361516e-13,2.984819493e-13,9.586292388e-14,8.386791473e-14,8.219959302e-14,7.849865982e-14,2.785177882e-13,2.483759789e-13,8.744238543e-14,3.009040161e-13,3.911632926e-13,5.429233083e-13,5.686332118e-13,7.775489311e-13,1.451997157e-13,3.753125515e-13,4.126938696e-14,9.612122941e-14,6.250184807e-14,2.84958387e-13,1.058187781e-13,1.899121306e-13,1.602657664e-13,7.197761425e-14,3.784654381e-13,4.034582153e-14,4.289236583e-13,3.067757632e-14
100.515625,4.030297825e-13,1.156090658e-13,4.720388127e-13,1.714215679e-13,2.651813839e-13,2.96091974e-13,9.587255789e-14,8.245996799e-14,8.075452233e-14,7.941681759e-14,2.805836385e-13,2.468854326e-13,8.928735711e-14,3.013231198e-13,3.860750892e-13,5.357627166e-13,5.649822143e-13,7.759734462e-13,1.46722204e-13,3.758366159e-13,4.112120299e-14,9.651332132e-14,6.316692856e-14,2.815913473e-13,1.061781795e-13,1.901685913e-13,1.598994546e-13,7.083159075e-14,3.784017947e-13,4.00256122e-14,4.292942189e-13,3.089595536e-14
100.5234375,3.966962714e-13,1.167927298e-13,4.721463406e-13,1.720841896e-13,2.66256207e-13,2.936186506e-13,9.587927646e-14,8.107800244e-14,7.93811759e-14,8.035120563e-14,2.825800073e-13,2.454350757e-13,9.113221559e-14,3.016958726e-13,3.808574199e-13,5.284955171e-13,5.612422738e-13,7.741470244e-13,1.48260191e-13,3.762419506e-13,4.093459681e-14,9.68771819e-14,6.383469111e-14,2.782290023e-13,1.065453558e-13,1.904076529e-13,1.595734205e-13,6.973588894e-14,3.785251525e-13,3.969924675e-14,4.296752826e-13,3.111763781e-14
100.53125,3.906718077e-13,1.181640363e-13,4.723663498e-13,1.729201806e-13,2.674856907e-13,2.912656484e-13,9.58985128e-14,7.97174904e-14,7.808923997e-14,8.128733226e-14,2.845458803e-13,2.440912717e-13,9.302403384e-14,3.022437069e-13,3.757201001e-13,5.213207753e-13,5.576996806e-13,7.723930518e-13,1.499092197e-13,3.764320871e-13,4.074308288e-14,9.727088046e-14,6.45130416e-14,2.747922798e-13,1.069271709e-13,1.905936112e-13,1.59360745e-13,6.872731924e-14,3.787245035e-13,3.93712942e-14,4.302325288e-13,3.135818165e-14
100.5390625,3.848217766e-13,1.196370183e-13,4.727670068e-13,1.739151759e-13,2.68766338e-13,2.889906582e-13,9.591369407e-14,7.840089261e-14,7.685037182e-14,8.225099546e-14,2.864771167e-13,2.428061168e-13,9.501283766e-14,3.02883215e-13,3.708318849e-13,5.144211046e-13,5.542784594e-13,7.706302668e-13,1.516245137e-13,3.76382701e-13,4.055640933e-14,9.767165776e-14,6.518176188e-14,2.713626089e-13,1.073323486e-13,1.907495672e-13,1.592683013e-13,6.779396825e-14,3.789736506e-13,3.905010324e-14,4.308818074e-13,3.161049158e-14
100.546875,3.789525456e-13,1.21073746e-13,4.731754828e-13,1.747367545e-13,2.700144769e-13,2.865478106e-13,9.593344096e-14,7.714532579e-14,7.567125091e-14,8.33025506e-14,2.883380069e-13,2.415745692e-13,9.706058519e-14,3.035607045e-13,3.660739761e-13,5.076102082e-13,5.507822334e-13,7.687510834e-13,1.533646717e-13,3.761301378e-13,4.034035611e-14,9.803272867e-14,6.58146385e-14,2.679898652e-13,1.077915306e-13,1.90898885e-13,1.592634841e-13,6.684128984e-14,3.795015968e-13,3.872120231e-14,4.315866032e-13,3.187136021e-14
100.5546875,3.731692977e-13,1.224882583e-13,4.736178074e-13,1.754032199e-13,2.713047094e-13,2.839722555e-13,9.600882802e-14,7.588626344e-14,7.451841904e-14,8.443489132e-14,2.901941036e-13,2.403614351e-13,9.910242912e-14,3.042526196e-13,3.613203133e-13,5.005770324e-13,5.471422136e-13,7.668220231e-13,1.551305802e-13,3.756991127e-13,4.009234707e-14,9.83484488e-14,6.639748128e-14,2.645980384e-13,1.083010361e-13,1.910116125e-13,1.592412726e-13,6.58489404e-14,3.803109634e-13,3.836244593e-14,4.323418147e-13,3.21341432e-14
100.5625,3.675179657e-13,1.239683575e-13,4.741147678e-13,1.762529416e-13,2.725099941e-13,2.814397785e-13,9.611871863e-14,7.457972116e-14,7.333248912e-14,8.555941856e-14,2.920999943e-13,2.390742205e-13,1.011681687e-13,3.047252564e-13,3.565548032e-13,4.933588353e-13,5.433891912e-13,7.646919891e-13,1.568548588e-13,3.749362176e-13,3.985320458e-14,9.86269844e-14,6.696283342e-14,2.611895755e-13,1.088074189e-13,1.910592755e-13,1.592042632e-13,6.489727175e-14,3.81127994e-13,3.796951342e-14,4.329821509e-13,3.239332828e-14
100.5703125,3.620618946e-13,1.255920085e-13,4.745358161e-13,1.773742844e-13,2.735879577e-13,2.789539022e-13,9.617855874e-14,7.330960328e-14,7.215131532e-14,8.661111604e-14,2.940534926e-13,2.37781344e-13,1.033291344e-13,3.050286684e-13,3.517938186e-13,4.861754021e-13,5.396881871e-13,7.62272752e-13,1.585959355e-13,3.737700905e-13,3.963606802e-14,9.891294146e-14,6.754925885e-14,2.578083068e-13,1.092996767e-13,1.910575859e-13,1.592682051e-13,6.405183698e-14,3.820083302e-13,3.75582088e-14,4.335931916e-13,3.266254456e-14
100.578125,3.569766158e-13,1.273293741e-13,4.75102235e-13,1.78667096e-13,2.747832764e-13,2.765310701e-13,9.620488995e-14,7.213865531e-14,7.105389867e-14,8.762072431e-14,2.960932898e-13,2.366410977e-13,1.055594784e-13,3.055789344e-13,3.471114947e-13,4.790496016e-13,5.361572503e-13,7.598202549e-13,1.60514352e-13,3.724652945e-13,3.941883007e-14,9.925940259e-14,6.812661744e-14,2.544463602e-13,1.098213614e-13,1.910393643e-13,1.594114383e-13,6.332384543e-14,3.832422695e-13,3.716578585e-14,4.345475384e-13,3.294091012e-14
100.5859375,3.520957175e-13,1.290291975e-13,4.759832602e-13,1.800186634e-13,2.761048856e-13,2.742314013e-13,9.629466324e-14,7.100975183e-14,7.005399069e-14,8.864917771e-14,2.98133e-13,2.356264081e-13,1.078147022e-13,3.064387976e-13,3.425736183e-13,4.719494764e-13,5.327441128e-13,7.574549321e-13,1.625244959e-13,3.711871778e-13,3.918414852e-14,9.964629767e-14,6.867285677e-14,2.511475383e-13,1.104078148e-13,1.91029971e-13,1.595749722e-13,6.265344144e-14,3.847772164e-13,3.680458186e-14,4.358356502e-13,3.320695394e-14
100.59375,3.471928802e-13,1.306871207e-13,4.767930407e-13,1.812796549e-13,2.773569485e-13,2.719965488e-13,9.64473251e-14,6.989014153e-14,6.913386475e-14,8.970525857e-14,2.999527372e-13,2.346353072e-13,1.101381595e-13,3.073695073e-13,3.381780794e-13,4.649888172e-13,5.294985457e-13,7.55101543e-13,1.644630198e-13,3.697648046e-13,3.892570618e-14,1.00020216e-13,6.922613114e-14,2.479216704e-13,1.110687185e-13,1.910287667e-13,1.5979906e-13,6.198376125e-14,3.863631791e-13,3.643583799e-14,4.371224639e-13,3.345422683e-14
100.6015625,3.424765588e-13,1.324606768e-13,4.774235139e-13,1.825003335e-13,2.78570723e-13,2.697622994e-13,9.658653022e-14,6.878970023e-14,6.826409312e-14,9.076860692e-14,3.01556008e-13,2.336963187e-13,1.125490666e-13,3.083497347e-13,3.33873888e-13,4.581604313e-13,5.264617524e-13,7.527602216e-13,1.663960724e-13,3.680473432e-13,3.863790411e-14,1.00358458e-13,6.977201247e-14,2.446644018e-13,1.117655552e-13,1.9100968e-13,1.600699654e-13,6.135604934e-14,3.879668133e-13,3.605005993e-14,4.383739419e-13,3.368822494e-14
100.609375,3.381208899e-13,1.34368519e-13,4.781565894e-13,1.839117099e-13,2.797782344e-13,2.675131565e-13,9.671615208e-14,6.766892241e-14,6.740943444e-14,9.181871297e-14,3.030800563e-13,2.32830232e-13,1.149885267e-13,3.093884189e-13,3.29538957e-13,4.512116032e-13,5.233870982e-13,7.503128243e-13,1.683745586e-13,3.659723459e-13,3.83222149e-14,1.006601056e-13,7.025261001e-14,2.413660013e-13,1.124332994e-13,1.909463058e-13,1.603838949e-13,6.079803112e-14,3.897169491e-13,3.566963631e-14,4.397263791e-13,3.391719254e-14
100.6171875,3.340535412e-13,1.36321983e-13,4.788597386e-13,1.855027383e-13,2.808812539e-13,2.652548804e-13,9.689875753e-14,6.65344564e-14,6.658131123e-14,9.282522261e-14,3.044928357e-13,2.319486456e-13,1.174013197e-13,3.103770996e-13,3.251459282e-13,4.440415576e-13,5.201489683e-13,7.476131833e-13,1.703319302e-13,3.635107284e-13,3.800254056e-14,1.009456969e-13,7.06895923e-14,2.381265817e-13,1.130695137e-13,1.908085596e-13,1.60793756e-13,6.028290827e-14,3.916900919e-13,3.527253854e-14,4.410961824e-13,3.414609849e-14
100.625,3.302165416e-13,1.382531762e-13,4.79485726e-13,1.870629958e-13,2.819348243e-13,2.630793909e-13,9.713196202e-14,6.545284824e-14,6.580845977e-14,9.37764781e-14,3.058387682e-13,2.310284296e-13,1.197565527e-13,3.113393623e-13,3.208506436e-13,4.368363218e-13,5.169076829e-13,7.447512582e-13,1.723148635e-13,3.608298882e-13,3.770530346e-14,1.01240027e-13,7.113643808e-14,2.349588178e-13,1.137124194e-13,1.905853086e-13,1.612102239e-13,5.98342419e-14,3.938332212e-13,3.486154527e-14,4.424128891e-13,3.436679393e-14
100.6328125,3.264254645e-13,1.400999671e-13,4.804438439e-13,1.885324921e-13,2.830289578e-13,2.61013781e-13,9.736289273e-14,6.439116873e-14,6.509374932e-14,9.470315329e-14,3.072830908e-13,2.30180396e-13,1.220861281e-13,3.123566835e-13,3.166511297e-13,4.296805059e-13,5.136524873e-13,7.417571237e-13,1.743841668e-13,3.580752938e-13,3.741807515e-14,1.015470522e-13,7.159249645e-14,2.318086027e-13,1.143607994e-13,1.903169758e-13,1.615923263e-13,5.944266964e-14,3.960541842e-13,3.449384727e-14,4.438283954e-13,3.459265616e-14
100.640625,3.22615989e-13,1.419684049e-13,4.816612123e-13,1.899974774e-13,2.84118754e-13,2.589453021e-13,9.757544439e-14,6.329501428e-14,6.444476168e-14,9.566684947e-14,3.087036113e-13,2.294550639e-13,1.244838862e-13,3.134110036e-13,3.12353536e-13,4.224413615e-13,5.102919852e-13,7.385293669e-13,1.764830286e-13,3.55148941e-13,3.711116148e-14,1.018768956e-13,7.204580477e-14,2.2864995e-13,1.150043728e-13,1.900270282e-13,1.621303713e-13,5.905500645e-14,3.983547572e-13,3.414309404e-14,4.454229331e-13,3.485304868e-14
100.6484375,3.191209663e-13,1.4404465e-13,4.82698637e-13,1.915950167e-13,2.851781897e-13,2.568635887e-13,9.777764852e-14,6.223432855e-14,6.385219e-14,9.674050664e-14,3.098889214e-13,2.287395852e-13,1.269541147e-13,3.144505697e-13,3.079475743e-13,4.150254207e-13,5.068985948e-13,7.35075104e-13,1.785914286e-13,3.519961066e-13,3.679437068e-14,1.022314057e-13,7.249462013e-14,2.254987812e-13,1.156438789e-13,1.896874506e-13,1.628474516e-13,5.872907974e-14,4.007773248e-13,3.373557751e-14,4.470244313e-13,3.512332799e-14
100.65625,3.159297381e-13,1.46255084e-13,4.836228624e-13,1.934288419e-13,2.86160125e-13,2.548127978e-13,9.796159537e-14,6.126276593e-14,6.327358874e-14,9.791799855e-14,3.109466368e-13,2.279399778e-13,1.294094624e-13,3.153804777e-13,3.035146599e-13,4.07440199e-13,5.034250488e-13,7.313516814e-13,1.806973768e-13,3.485802389e-13,3.650772365e-14,1.025549662e-13,7.292392784e-14,2.223935493e-13,1.162606113e-13,1.892869428e-13,1.635590187e-13,5.848108291e-14,4.033020097e-13,3.329509361e-14,4.484610156e-13,3.535124809e-14
100.6640625,3.126263705e-13,1.484830647e-13,4.846128733e-13,1.954177301e-13,2.869985417e-13,2.527174973e-13,9.813844601e-14,6.033214061e-14,6.270644397e-14,9.90693582e-14,3.120209045e-13,2.271269403e-13,1.318361457e-13,3.161742798e-13,2.990250881e-13,3.997306386e-13,4.997977942e-13,7.273092914e-13,1.827313056e-13,3.447166346e-13,3.625848461e-14,1.028011607e-13,7.331796084e-14,2.193044044e-13,1.168535841e-13,1.888126617e-13,1.643042815e-13,5.818847988e-14,4.058889792e-13,3.28578958e-14,4.498188614e-13,3.553150973e-14
100.671875,3.093698216e-13,1.507701663e-13,4.855864887e-13,1.974493111e-13,2.878136282e-13,2.505829531e-13,9.833640567e-14,5.941789904e-14,6.218493985e-14,1.00118203e-13,3.130937081e-13,2.263870632e-13,1.342837485e-13,3.17019469e-13,2.945566937e-13,3.920136091e-13,4.962011412e-13,7.231359045e-13,1.847546303e-13,3.405056443e-13,3.599431222e-14,1.030210662e-13,7.367078178e-14,2.16185958e-13,1.174530878e-13,1.882372494e-13,1.652018947e-13,5.789220711e-14,4.085725479e-13,3.240348913e-14,4.513099928e-13,3.568526676e-14
100.6796875,3.066325907e-13,1.529829203e-13,4.866188078e-13,1.995447151e-13,2.887066196e-13,2.485522182e-13,9.853781741e-14,5.854045168e-14,6.172112892e-14,1.011648068e-13,3.141740392e-13,2.256797188e-13,1.367794921e-13,3.180205666e-13,2.902612192e-13,3.844270797e-13,4.927532997e-13,7.18981426e-13,1.869105466e-13,3.363326946e-13,3.56727763e-14,1.032899987e-13,7.399720953e-14,2.131333722e-13,1.180683205e-13,1.876191853e-13,1.661306419e-13,5.778171712e-14,4.114596306e-13,3.195702e-14,4.529449997e-13,3.583576665e-14
100.6875,3.043378345e-13,1.549815606e-13,4.877982459e-13,2.016299156e-13,2.895491458e-13,2.466817651e-13,9.871144056e-14,5.770784485e-14,6.132163953e-14,1.022869997e-13,3.152129339e-13,2.249567978e-13,1.393434414e-13,3.190327722e-13,2.86104401e-13,3.769995096e-13,4.893775935e-13,7.148334019e-13,1.891562416e-13,3.321983098e-13,3.533922328e-14,1.036013363e-13,7.433941862e-14,2.102364945e-13,1.186937321e-13,1.870452289e-13,1.669891964e-13,5.78496544e-14,4.145575845e-13,3.15571667e-14,4.545542665e-13,3.601222469e-14
100.6953125,3.022078956e-13,1.570050958e-13,4.889654266e-13,2.036288754e-13,2.903000971e-13,2.449368916e-13,9.888627646e-14,5.691590085e-14,6.098765686e-14,1.033874573e-13,3.160939346e-13,2.242606008e-13,1.419747497e-13,3.200175339e-13,2.820188826e-13,3.696460434e-13,4.860636084e-13,7.107331442e-13,1.913649486e-13,3.278463802e-13,3.505353521e-14,1.039161907e-13,7.471202949e-14,2.074388214e-13,1.193326305e-13,1.864700072e-13,1.678792987e-13,5.795436725e-14,4.177251617e-13,3.117024618e-14,4.561121579e-13,3.621075708e-14
100.703125,3.001909109e-13,1.592262592e-13,4.900841468e-13,2.057612459e-13,2.910481689e-13,2.432614901e-13,9.910403746e-14,5.614518028e-14,6.068192126e-14,1.043956859e-13,3.168462062e-13,2.235983565e-13,1.446229611e-13,3.210376899e-13,2.780547284e-13,3.623041643e-13,4.827733186e-13,7.066235288e-13,1.9352833e-13,3.23317264e-13,3.478641334e-14,1.042211529e-13,7.507060309e-14,2.04713029e-13,1.199806382e-13,1.858246955e-13,1.688743592e-13,5.806630524e-14,4.209225619e-13,3.077398823e-14,4.576879727e-13,3.639731527e-14
100.7109375,2.982800273e-13,1.614956504e-13,4.91313401e-13,2.080995859e-13,2.917307806e-13,2.415849399e-13,9.93551717e-14,5.539292223e-14,6.03600617e-14,1.054173284e-13,3.174996464e-13,2.229077039e-13,1.472311856e-13,3.21960615e-13,2.742343739e-13,3.550398436e-13,4.794278126e-13,7.023842345e-13,1.956422612e-13,3.187544776e-13,3.449133511e-14,1.044691731e-13,7.538662308e-14,2.020674314e-13,1.206388423e-13,1.851838648e-13,1.699383867e-13,5.823693092e-14,4.24272664e-13,3.039101883e-14,4.59179187e-13,3.656766178e-14
100.71875,2.965598819e-13,1.637972325e-13,4.926858849e-13,2.103120338e-13,2.923432663e-13,2.399351563e-13,9.961700635e-14,5.468304167e-14,6.00282218e-14,1.065142884e-13,3.180037303e-13,2.222304372e-13,1.49795734e-13,3.227733381e-13,2.705615491e-13,3.479781327e-13,4.761614399e-13,6.981588633e-13,1.976777365e-13,3.141871332e-13,3.418918001e-14,1.046268072e-13,7.569561753e-14,1.994059792e-13,1.213192083e-13,1.846214377e-13,1.710578543e-13,5.847759435e-14,4.278342233e-13,3.000812775e-14,4.605574581e-13,3.674512009e-14
100.7265625,2.951075832e-13,1.66162215e-13,4.940710013e-13,2.123744943e-13,2.930440649e-13,2.383783184e-13,9.988436178e-14,5.400104912e-14,5.97498693e-14,1.075805786e-13,3.184190368e-13,2.216756591e-13,1.523737522e-13,3.237372606e-13,2.670463949e-13,3.411397355e-13,4.731160536e-13,6.940371679e-13,1.996966451e-13,3.096610433e-13,3.391278574e-14,1.047825856e-13,7.602988658e-14,1.9671476e-13,1.220087552e-13,1.840605456e-13,1.722626409e-13,5.872920311e-14,4.314827343e-13,2.959839373e-14,4.620719677e-13,3.693818373e-14
100.734375,2.9376524e-13,1.683903087e-13,4.95319165e-13,2.146914926e-13,2.937483447e-13,2.368156674e-13,1.001501684e-13,5.333655523e-14,5.956350502e-14,1.085835552e-13,3.187469914e-13,2.211775314e-13,1.549998764e-13,3.247951166e-13,2.635649318e-13,3.343914017e-13,4.701457603e-13,6.897748359e-13,2.017277461e-13,3.050944204e-13,3.366314385e-14,1.050001101e-13,7.636959968e-14,1.941654231e-13,1.226824637e-13,1.834325361e-13,1.735425928e-13,5.897284365e-14,4.349970038e-13,2.917963971e-14,4.637651803e-13,3.71345367e-14
100.7421875,2.925542139e-13,1.70503211e-13,4.96432373e-13,2.173173449e-13,2.942715566e-13,2.351438195e-13,1.004146796e-13,5.272922918e-14,5.940813734e-14,1.09626385e-13,3.1887788e-13,2.205930167e-13,1.576429234e-13,3.256479652e-13,2.600083531e-13,3.276024142e-13,4.671070132e-13,6.853025112e-13,2.037269636e-13,3.003032262e-13,3.342044199e-14,1.051974688e-13,7.668254474e-14,1.917969442e-13,1.233459176e-13,1.827929663e-13,1.748307526e-13,5.933267863e-14,4.384015699e-13,2.877491213e-14,4.65336901e-13,3.732095513e-14
100.75,2.917582882e-13,1.727559939e-13,4.975877032e-13,2.199562523e-13,2.94767173e-13,2.334852475e-13,1.006953194e-13,5.216098699e-14,5.922334368e-14,1.107199325e-13,3.189302047e-13,2.199624835e-13,1.602873172e-13,3.264264127e-13,2.565146979e-13,3.208210096e-13,4.641058563e-13,6.808400348e-13,2.057615473e-13,2.953496025e-13,3.316569584e-14,1.053404666e-13,7.695421934e-14,1.894207018e-13,1.240209149e-13,1.821543394e-13,1.76100392e-13,5.986930248e-14,4.420099385e-13,2.837599722e-14,4.667128076e-13,3.749569833e-14
100.7578125,2.911849481e-13,1.750210759e-13,4.988348814e-13,2.22534887e-13,2.95310564e-13,2.319247923e-13,1.009930326e-13,5.158448467e-14,5.905229512e-14,1.118024984e-13,3.190238332e-13,2.193840155e-13,1.629086929e-13,3.272914554e-13,2.531761578e-13,3.141355624e-13,4.611769346e-13,6.763190683e-13,2.078389215e-13,2.903709974e-13,3.292919173e-14,1.054800603e-13,7.719399434e-14,1.86983873e-13,1.247044473e-13,1.814411646e-13,1.774175587e-13,6.039850412e-14,4.457908828e-13,2.796699418e-14,4.680606533e-13,3.765641319e-14
100.765625,2.903488838e-13,1.771158453e-13,5.00042049e-13,2.251179063e-13,2.955935964e-13,2.302875206e-13,1.012851724e-13,5.103846159e-14,5.894309244e-14,1.12869104e-13,3.18959469e-13,2.18861412e-13,1.654209867e-13,3.279546368e-13,2.498168698e-13,3.074713099e-13,4.581189873e-13,6.714473474e-13,2.097509797e-13,2.853089901e-13,3.274927911e-14,1.055802046e-13,7.744770584e-14,1.846709738e-13,1.253644018e-13,1.807069334e-13,1.788501501e-13,6.079682183e-14,4.494360594e-13,2.755271632e-14,4.693865468e-13,3.780264224e-14
100.7734375,2.894651429e-13,1.792897025e-13,5.012345225e-13,2.27669611e-13,2.955917728e-13,2.285291871e-13,1.015741081e-13,5.0536207e-14,5.887958756e-14,1.138815777e-13,3.186656927e-13,2.184211105e-13,1.67859384e-13,3.284260727e-13,2.464294908e-13,3.008238713e-13,4.549547698e-13,6.663914288e-13,2.115000826e-13,2.801840027e-13,3.257995932e-14,1.056168474e-13,7.77504287e-14,1.82539917e-13,1.259936594e-13,1.801213102e-13,1.804157762e-13,6.123986847e-14,4.531471065e-13,2.715976577e-14,4.707100046e-13,3.79566818e-14
100.78125,2.890607206e-13,1.816370069e-13,5.025932614e-13,2.302240912e-13,2.957283732e-13,2.269502689e-13,1.019007406e-13,5.002618577e-14,5.884521844e-14,1.148015542e-13,3.183524209e-13,2.180702345e-13,1.70405819e-13,3.291795021e-13,2.433271015e-13,2.943830664e-13,4.520635527e-13,6.616734975e-13,2.133697246e-13,2.750890198e-13,3.237141499e-14,1.056746781e-13,7.807695865e-14,1.804256225e-13,1.266539586e-13,1.796803818e-13,1.821344294e-13,6.187140016e-14,4.572294823e-13,2.680378271e-14,4.721872108e-13,3.812885511e-14
100.7890625,2.889591834e-13,1.839848526e-13,5.04161561e-13,2.32906523e-13,2.961290208e-13,2.256742192e-13,1.022765074e-13,4.954036627e-14,5.883585473e-14,1.156914784e-13,3.180840671e-13,2.177276977e-13,1.730732479e-13,3.302145205e-13,2.405593042e-13,2.881353126e-13,4.49500707e-13,6.573275106e-13,2.153832679e-13,2.699040034e-13,3.215000569e-14,1.057689144e-13,7.839811415e-14,1.78272779e-13,1.273869384e-13,1.79214849e-13,1.840190115e-13,6.257727133e-14,4.614557208e-13,2.646685644e-14,4.737699835e-13,3.829581175e-14
100.796875,2.887979631e-13,1.864275483e-13,5.057921547e-13,2.356817425e-13,2.964876294e-13,2.244217119e-13,1.026519594e-13,4.912047586e-14,5.883585505e-14,1.165539163e-13,3.177933245e-13,2.173734995e-13,1.756765924e-13,3.31075395e-13,2.378029214e-13,2.818933864e-13,4.468384156e-13,6.528559322e-13,2.173224685e-13,2.64603339e-13,3.192560183e-14,1.058345249e-13,7.872392849e-14,1.761839445e-13,1.281261163e-13,1.78700484e-13,1.860118893e-13,6.328204267e-14,4.656925696e-13,2.612567001e-14,4.752371359e-13,3.84594529e-14
100.8046875,2.888064575e-13,1.889312755e-13,5.072816135e-13,2.383743691e-13,2.966297161e-13,2.230285465e-13,1.030032835e-13,4.870411226e-14,5.881636389e-14,1.17325497e-13,3.174426158e-13,2.170060224e-13,1.781351139e-13,3.316408347e-13,2.349584955e-13,2.757460057e-13,4.439540748e-13,6.480706819e-13,2.19135671e-13,2.593954136e-13,3.169770998e-14,1.058553405e-13,7.906713788e-14,1.741696489e-13,1.288221751e-13,1.782648775e-13,1.880158207e-13,6.407375215e-14,4.700504502e-13,2.577804861e-14,4.765297147e-13,3.863957594e-14
100.8125,2.89182325e-13,1.911752243e-13,5.08612866e-13,2.410280847e-13,2.966808038e-13,2.216081135e-13,1.033766722e-13,4.827718513e-14,5.876077088e-14,1.180793065e-13,3.169586163e-13,2.165760214e-13,1.805111689e-13,3.32125508e-13,2.3221039e-13,2.698420548e-13,4.411840618e-13,6.432326886e-13,2.208687474e-13,2.542265282e-13,3.151625154e-14,1.058264725e-13,7.942262037e-14,1.722025406e-13,1.295368549e-13,1.779119254e-13,1.900062825e-13,6.494520016e-14,4.744041385e-13,2.54287477e-14,4.777690369e-13,3.881764005e-14
100.8203125,2.896428787e-13,1.932897119e-13,5.100537437e-13,2.438716115e-13,2.967888289e-13,2.202088939e-13,1.037952735e-13,4.790924387e-14,5.873399833e-14,1.189111685e-13,3.16344214e-13,2.161771834e-13,1.828513832e-13,3.326829798e-13,2.296084838e-13,2.640845733e-13,4.38624562e-13,6.384245313e-13,2.225351007e-13,2.489221725e-13,3.136698864e-14,1.05758868e-13,7.975239849e-14,1.703402465e-13,1.302902957e-13,1.775479979e-13,1.920584694e-13,6.581338506e-14,4.787880708e-13,2.507740732e-14,4.790859714e-13,3.899136442e-14
100.828125,2.900305013e-13,1.955463996e-13,5.117720034e-13,2.467830791e-13,2.968854696e-13,2.188207549e-13,1.042265913e-13,4.758972418e-14,5.880330793e-14,1.197718799e-13,3.156509001e-13,2.159208574e-13,1.851547277e-13,3.332737772e-13,2.270953596e-13,2.584191725e-13,4.360034012e-13,6.334956496e-13,2.241551547e-13,2.436373347e-13,3.11727562e-14,1.056939501e-13,8.001683822e-14,1.685603134e-13,1.310115776e-13,1.771994548e-13,1.942012282e-13,6.671026108e-14,4.834488059e-13,2.472817706e-14,4.804686603e-13,3.919411373e-14
100.8359375,2.90440474e-13,1.977515066e-13,5.136206526e-13,2.494370845e-13,2.967562534e-13,2.174718516e-13,1.046657653e-13,4.725352935e-14,5.888176226e-14,1.205807917e-13,3.148476004e-13,2.1568863e-13,1.873700395e-13,3.337026017e-13,2.246475157e-13,2.528456121e-13,4.331419179e-13,6.28422492e-13,2.256825065e-13,2.383945962e-13,3.095622241e-14,1.055911907e-13,8.026489036e-14,1.667444555e-13,1.316878988e-13,1.769135241e-13,1.963251841e-13,6.764431607e-14,4.882314504e-13,2.439285805e-14,4.817985023e-13,3.940461534e-14
100.84375,2.908123332e-13,1.998572477e-13,5.154762471e-13,2.520074673e-13,2.963662013e-13,2.160742245e-13,1.051385303e-13,4.691031428e-14,5.888672788e-14,1.212974798e-13,3.139866456e-13,2.153918403e-13,1.894290516e-13,3.3384887e-13,2.222088161e-13,2.473082619e-13,4.301364232e-13,6.232731337e-13,2.270689621e-13,2.329712101e-13,3.0778969e-14,1.053947018e-13,8.056449649e-14,1.649131604e-13,1.323514971e-13,1.766321983e-13,1.983752586e-13,6.856014094e-14,4.929375769e-13,2.407712768e-14,4.830641708e-13,3.958222558e-14
100.8515625,2.911196873e-13,2.02054596e-13,5.172659392e-13,2.548375459e-13,2.958820421e-13,2.145468248e-13,1.056478192e-13,4.661120714e-14,5.891426548e-14,1.219129357e-13,3.130603873e-13,2.150921311e-13,1.913653542e-13,3.337791597e-13,2.19798937e-13,2.419874977e-13,4.272070735e-13,6.18091469e-13,2.283589574e-13,2.275864552e-13,3.062977825e-14,1.051617509e-13,8.087900894e-14,1.632265511e-13,1.329925695e-13,1.763569003e-13,2.004761211e-13,6.95402917e-14,4.977051648e-13,2.376666955e-14,4.842765277e-13,3.97588363e-14
100.859375,2.916174361e-13,2.042442915e-13,5.187996923e-13,2.578018211e-13,2.953977975e-13,2.130202556e-13,1.061904183e-13,4.635917353e-14,5.903281221e-14,1.224577464e-13,3.118467189e-13,2.147724762e-13,1.932998636e-13,3.336323455e-13,2.17498441e-13,2.370330489e-13,4.244179881e-13,6.129147882e-13,2.295713808e-13,2.225254979e-13,3.049539143e-14,1.049439874e-13,8.116532609e-14,1.617565108e-13,1.336117273e-13,1.761320057e-13,2.026868457e-13,7.067444344e-14,5.025170659e-13,2.34409999e-14,4.853607969e-13,3.996000615e-14
100.8671875,2.924692298e-13,2.064281179e-13,5.201477682e-13,2.607993337e-13,2.949553269e-13,2.116116563e-13,1.067526125e-13,4.61155196e-14,5.918665473e-14,1.229529268e-13,3.104440775e-13,2.144564852e-13,1.952836943e-13,3.335917289e-13,2.152294865e-13,2.321577758e-13,4.216264167e-13,6.077159691e-13,2.307240576e-13,2.174739833e-13,3.036160645e-14,1.047329956e-13,8.143532669e-14,1.604127943e-13,1.342133477e-13,1.758795298e-13,2.048989049e-13,7.187522546e-14,5.072644579e-13,2.310665399e-14,4.864317696e-13,4.014496034e-14
100.875,2.93484038e-13,2.088071369e-13,5.216514523e-13,2.639803729e-13,2.945657995e-13,2.102401163e-13,1.072914895e-13,4.587326258e-14,5.935192177e-14,1.23431871e-13,3.091985045e-13,2.142530057e-13,1.972265995e-13,3.336642097e-13,2.129548389e-13,2.272546025e-13,4.188147261e-13,6.02443001e-13,2.318410682e-13,2.122572431e-13,3.020443905e-14,1.045223825e-13,8.166882935e-14,1.590834986e-13,1.347751334e-13,1.755891369e-13,2.070989781e-13,7.305578632e-14,5.12070988e-13,2.278580785e-14,4.876370519e-13,4.029716296e-14
100.8828125,2.944068565e-13,2.112440615e-13,5.232819267e-13,2.671873585e-13,2.940192396e-13,2.087905517e-13,1.07803098e-13,4.567061249e-14,5.950118721e-14,1.239315635e-13,3.079402002e-13,2.140751182e-13,1.989836576e-13,3.335201902e-13,2.108541988e-13,2.226466825e-13,4.161049298e-13,5.971073388e-13,2.327947255e-13,2.071704976e-13,3.007475267e-14,1.042411169e-13,8.187198476e-14,1.577498882e-13,1.353220991e-13,1.754221556e-13,2.093700507e-13,7.42060458e-14,5.169298459e-13,2.247473666e-14,4.887258454e-13,4.044099195e-14
100.890625,2.95215094e-13,2.135885366e-13,5.248193773e-13,2.702289873e-13,2.931265382e-13,2.072506959e-13,1.083367739e-13,4.552075074e-14,5.958702031e-14,1.24391016e-13,3.063421918e-13,2.138214976e-13,2.005461894e-13,3.330250087e-13,2.089790611e-13,2.183822007e-13,4.134452185e-13,5.917249014e-13,2.335093889e-13,2.022055416e-13,3.000110847e-14,1.03821344e-13,8.211105584e-14,1.564506022e-13,1.358881779e-13,1.754221518e-13,2.116738034e-13,7.533274006e-14,5.21732772e-13,2.216629735e-14,4.895100434e-13,4.057913278e-14
100.8984375,2.960543067e-13,2.159905927e-13,5.264380682e-13,2.732996998e-13,2.920517314e-13,2.057008134e-13,1.089097195e-13,4.539946018e-14,5.968176197e-14,1.247846447e-13,3.045532623e-13,2.136236655e-13,2.020935872e-13,3.324717444e-13,2.072039526e-13,2.142886122e-13,4.107825695e-13,5.863354342e-13,2.341527847e-13,1.97179259e-13,2.990212184e-14,1.033545584e-13,8.238122105e-14,1.552460063e-13,1.364520635e-13,1.75494041e-13,2.139852998e-13,7.652006361e-14,5.267161985e-13,2.188044058e-14,4.902980375e-13,4.071541347e-14
100.90625,2.970601258e-13,2.184552079e-13,5.282839584e-13,2.764870795e-13,2.910260225e-13,2.042380067e-13,1.095095654e-13,4.528110513e-14,5.985041669e-14,1.251883345e-13,3.02713379e-13,2.135281639e-13,2.03731279e-13,3.319967662e-13,2.055361556e-13,2.10433384e-13,4.082431288e-13,5.810328998e-13,2.348049347e-13,1.922053148e-13,2.975765811e-14,1.029301683e-13,8.264151494e-14,1.541953117e-13,1.370243615e-13,1.75632168e-13,2.16390502e-13,7.781393982e-14,5.320800536e-13,2.161187473e-14,4.912665416e-13,4.086842143e-14
100.9140625,2.982516769e-13,2.20803731e-13,5.301635672e-13,2.79677928e-13,2.900895175e-13,2.028899295e-13,1.101388921e-13,4.513176018e-14,5.999920274e-14,1.255531995e-13,3.007479102e-13,2.134037765e-13,2.05312609e-13,3.314741003e-13,2.040341253e-13,2.068495956e-13,4.057622639e-13,5.758025473e-13,2.35361459e-13,1.873565572e-13,2.962307407e-14,1.024924703e-13,8.290586768e-14,1.532490862e-13,1.376209095e-13,1.758562851e-13,2.188294655e-13,7.912309339e-14,5.375045106e-13,2.132854623e-14,4.921722558e-13,4.102385619e-14
100.921875,2.995044195e-13,2.229347757e-13,5.320998408e-13,2.828254284e-13,2.892198549e-13,2.016174866e-13,1.107839755e-13,4.495446417e-14,6.007089926e-14,1.258199765e-13,2.987392385e-13,2.132208449e-13,2.066643016e-13,3.308810679e-13,2.026580994e-13,2.034397936e-13,4.030826842e-13,5.705192146e-13,2.358157319e-13,1.826797377e-13,2.948533969e-14,1.020054545e-13,8.316870227e-14,1.522962415e-13,1.381842532e-13,1.761157787e-13,2.211052122e-13,8.042793646e-14,5.427024233e-13,2.105978587e-14,4.929054824e-13,4.116363709e-14
100.9296875,3.007354472e-13,2.249034511e-13,5.342830071e-13,2.858311515e-13,2.883379346e-13,2.003483273e-13,1.114197786e-13,4.483073431e-14,6.014169289e-14,1.261006557e-13,2.967309193e-13,2.130435776e-13,2.078151394e-13,3.302097912e-13,2.013624863e-13,2.00191143e-13,4.001937778e-13,5.6514444e-13,2.362261393e-13,1.782977305e-13,2.933634013e-14,1.01504056e-13,8.34174981e-14,1.513647458e-13,1.386897106e-13,1.763789354e-13,2.23194313e-13,8.179267553e-14,5.479169574e-13,2.085940547e-14,4.936011049e-13,4.131233436e-14
100.9375,3.020463647e-13,2.26966178e-13,5.365541206e-13,2.887872705e-13,2.873338907e-13,1.990186181e-13,1.120475064e-13,4.479341706e-14,6.025239028e-14,1.26382568e-13,2.946202741e-13,2.129242899e-13,2.088935863e-13,3.293969182e-13,2.001038799e-13,1.970802782e-13,3.972728244e-13,5.597089448e-13,2.365701139e-13,1.73999514e-13,2.92114983e-14,1.009835466e-13,8.367655067e-14,1.505474855e-13,1.391623355e-13,1.766712103e-13,2.253019678e-13,8.32028481e-14,5.533526782e-13,2.069328864e-14,4.943217458e-13,4.147851456e-14
100.9453125,3.035313152e-13,2.292067966e-13,5.387158019e-13,2.919297371e-13,2.862571466e-13,1.976747843e-13,1.12670667e-13,4.475816135e-14,6.036831547e-14,1.265520581e-13,2.92446697e-13,2.128761445e-13,2.0993164e-13,3.285024037e-13,1.988996578e-13,1.941610345e-13,3.944315776e-13,5.54239264e-13,2.368208476e-13,1.696296234e-13,2.909744075e-14,1.004311776e-13,8.393443422e-14,1.498239113e-13,1.395984155e-13,1.770648316e-13,2.276264508e-13,8.466030366e-14,5.58794867e-13,2.049848146e-14,4.950356315e-13,4.163245672e-14
100.953125,3.05200992e-13,2.313903178e-13,5.408915099e-13,2.949880379e-13,2.852232449e-13,1.964105523e-13,1.132927672e-13,4.469178483e-14,6.047395318e-14,1.267075236e-13,2.902489756e-13,2.128278016e-13,2.108596815e-13,3.276130236e-13,1.978707407e-13,1.915749293e-13,3.917266207e-13,5.488248095e-13,2.370022535e-13,1.655088894e-13,2.898245033e-14,9.98688745e-14,8.41847178e-14,1.491599726e-13,1.400258082e-13,1.776006005e-13,2.300703289e-13,8.620081071e-14,5.64167572e-13,2.029146073e-14,4.957109916e-13,4.177712084e-14
100.9609375,3.070444463e-13,2.335821631e-13,5.432039938e-13,2.977664402e-13,2.841848482e-13,1.951800194e-13,1.13937744e-13,4.467407756e-14,6.058946105e-14,1.268958497e-13,2.87971719e-13,2.127670718e-13,2.11651133e-13,3.267122507e-13,1.970310814e-13,1.892285393e-13,3.891048757e-13,5.435059871e-13,2.371431145e-13,1.616332948e-13,2.88748917e-14,9.929454636e-14,8.446312833e-14,1.485881973e-13,1.404746553e-13,1.782028625e-13,2.323424227e-13,8.777916633e-14,5.696920689e-13,2.011726471e-14,4.963593542e-13,4.193831646e-14
100.96875,3.088502638e-13,2.360222602e-13,5.456006998e-13,3.007686255e-13,2.829807289e-13,1.93888511e-13,1.1461055e-13,4.4712719e-14,6.070351808e-14,1.269867472e-13,2.856774197e-13,2.12766589e-13,2.12328995e-13,3.257140713e-13,1.962731965e-13,1.87002562e-13,3.864450519e-13,5.381214992e-13,2.371882198e-13,1.57600365e-13,2.875321871e-14,9.867689231e-14,8.474879744e-14,1.480975307e-13,1.408945651e-13,1.788241076e-13,2.344542935e-13,8.937720637e-14,5.753797877e-13,1.997728553e-14,4.96976735e-13,4.210337359e-14
100.9765625,3.104574711e-13,2.384503004e-13,5.479769428e-13,3.041021457e-13,2.815639274e-13,1.925758735e-13,1.152852478e-13,4.471719825e-14,6.075741919e-14,1.27031319e-13,2.833881552e-13,2.127494423e-13,2.128468472e-13,3.245141764e-13,1.955587389e-13,1.849753854e-13,3.837362903e-13,5.32545549e-13,2.370339645e-13,1.535054395e-13,2.863636966e-14,9.800656757e-14,8.501625705e-14,1.476284977e-13,1.412636859e-13,1.795234134e-13,2.36594011e-13,9.105027895e-14,5.81046568e-13,1.985130874e-14,4.974310241e-13,4.226653896e-14
100.984375,3.121820684e-13,2.40580248e-13,5.502654574e-13,3.073014146e-13,2.800870522e-13,1.913027865e-13,1.159479938e-13,4.469183405e-14,6.076255314e-14,1.271254657e-13,2.809908566e-13,2.126234476e-13,2.131769858e-13,3.231467074e-13,1.948966718e-13,1.831130145e-13,3.809709838e-13,5.269079611e-13,2.367167367e-13,1.496548038e-13,2.854010699e-14,9.730497244e-14,8.529495149e-14,1.471646303e-13,1.416076377e-13,1.802910761e-13,2.386151905e-13,9.28038052e-14,5.866557889e-13,1.972863393e-14,4.976807574e-13,4.246058817e-14
100.9921875,3.141077371e-13,2.425899421e-13,5.525659446e-13,3.103773861e-13,2.786032457e-13,1.900259757e-13,1.166052467e-13,4.472002834e-14,6.079742304e-14,1.271587446e-13,2.784637927e-13,2.124970935e-13,2.133798363e-13,3.217112539e-13,1.943334774e-13,1.814098454e-13,3.780814984e-13,5.213208356e-13,2.363106308e-13,1.459524792e-13,2.840423528e-14,9.657124919e-14,8.555564267e-14,1.467293153e-13,1.419045398e-13,1.810542047e-13,2.40415581e-13,9.458492359e-14,5.922831866e-13,1.961589177e-14,4.979279798e-13,4.266964753e-14
101,3.157128577e-13,2.445731316e-13,5.550212794e-13,3.133639413e-13,2.768979408e-13,1.887051458e-13,1.172754954e-13,4.478980315e-14,6.082959288e-14,1.270961656e-13,2.758321917e-13,2.124246261e-13,2.134314141e-13,3.201158263e-13,1.939345367e-13,1.800306152e-13,3.751303522e-13,5.156793874e-13,2.357481507e-13,1.422985739e-13,2.824218989e-14,9.576551313e-14,8.575987704e-14,1.463399309e-13,1.421535271e-13,1.818172267e-13,2.422796791e-13,9.631887311e-14,5.979786137e-13,1.95249965e-14,4.982467736e-13,4.282975414e-14
101.0078125,3.170831865e-13,2.46477094e-13,5.575674569e-13,3.160010911e-13,2.7498574e-13,1.873872986e-13,1.179687937e-13,4.484855094e-14,6.080150888e-14,1.270025448e-13,2.731352068e-13,2.123439562e-13,2.133209217e-13,3.183435148e-13,1.936297645e-13,1.789028915e-13,3.722503423e-13,5.099460934e-13,2.350714388e-13,1.387786819e-13,2.811086407e-14,9.491158562e-14,8.595607838e-14,1.460224705e-13,1.423908311e-13,1.826229229e-13,2.44277835e-13,9.801728082e-14,6.037378822e-13,1.944704513e-14,4.985259703e-13,4.295602658e-14
101.015625,3.188762328e-13,2.484627745e-13,5.60124734e-13,3.187027321e-13,2.732023004e-13,1.861231108e-13,1.18651531e-13,4.491664311e-14,6.079504793e-14,1.268221146e-13,2.70482783e-13,2.122891629e-13,2.132060657e-13,3.166221512e-13,1.933586901e-13,1.779345987e-13,3.694230334e-13,5.042153208e-13,2.344239266e-13,1.354256498e-13,2.795072202e-14,9.409590246e-14,8.615409066e-14,1.458334016e-13,1.426027565e-13,1.835135624e-13,2.461982368e-13,9.983312045e-14,6.095714399e-13,1.936979465e-14,4.988010039e-13,4.312238003e-14
101.0234375,3.20829128e-13,2.50499067e-13,5.627165067e-13,3.219549115e-13,2.714784371e-13,1.848417681e-13,1.192916602e-13,4.501523498e-14,6.081611395e-14,1.265673401e-13,2.67792714e-13,2.122288937e-13,2.130440444e-13,3.148883702e-13,1.932097205e-13,1.77316926e-13,3.664886511e-13,4.983847218e-13,2.336480108e-13,1.322891722e-13,2.775726116e-14,9.328456554e-14,8.632315586e-14,1.457603195e-13,1.427751157e-13,1.845123903e-13,2.480580976e-13,1.017653842e-13,6.154591808e-13,1.930876653e-14,4.990371877e-13,4.332185762e-14
101.03125,3.223924278e-13,2.52248104e-13,5.652198031e-13,3.252322662e-13,2.69490402e-13,1.834146136e-13,1.199197918e-13,4.514194115e-14,6.073990181e-14,1.263890485e-13,2.648835724e-13,2.119980883e-13,2.125676751e-13,3.128258762e-13,1.931475261e-13,1.769992143e-13,3.633562167e-13,4.923360887e-13,2.325611097e-13,1.293872578e-13,2.763352089e-14,9.237361611e-14,8.651481182e-14,1.456656781e-13,1.429286069e-13,1.855540135e-13,2.498945221e-13,1.03641974e-13,6.211121701e-13,1.927719856e-14,4.989965425e-13,4.350085485e-14
101.0390625,3.240090831e-13,2.537107006e-13,5.675115153e-13,3.281199671e-13,2.674381012e-13,1.819060445e-13,1.205714567e-13,4.531529327e-14,6.061694178e-14,1.263027741e-13,2.619094263e-13,2.116086868e-13,2.118562132e-13,3.105185797e-13,1.93040635e-13,1.76735397e-13,3.60182069e-13,4.863361519e-13,2.313916234e-13,1.265734361e-13,2.755315402e-14,9.141873524e-14,8.675937719e-14,1.454914338e-13,1.430680128e-13,1.86549616e-13,2.515775402e-13,1.055511509e-13,6.262945386e-13,1.925953949e-14,4.987380694e-13,4.366682083e-14
101.046875,3.258827772e-13,2.551632731e-13,5.697588601e-13,3.310474583e-13,2.655183398e-13,1.805080982e-13,1.212318671e-13,4.550559948e-14,6.055935649e-14,1.26180354e-13,2.590454913e-13,2.112155302e-13,2.111528471e-13,3.081365267e-13,1.929395017e-13,1.766105048e-13,3.571156292e-13,4.805428978e-13,2.302862984e-13,1.237494191e-13,2.743617922e-14,9.050350987e-14,8.696675276e-14,1.453508812e-13,1.431725004e-13,1.874851122e-13,2.531170129e-13,1.076364255e-13,6.313313391e-13,1.924260458e-14,4.985099029e-13,4.383107803e-14
101.0546875,3.273717841e-13,2.56644368e-13,5.721909127e-13,3.341868715e-13,2.633351799e-13,1.791774172e-13,1.218814289e-13,4.563961031e-14,6.045870647e-14,1.259538942e-13,2.561244825e-13,2.108686128e-13,2.103290775e-13,3.054399862e-13,1.929092785e-13,1.767523655e-13,3.539895298e-13,4.745876912e-13,2.290063962e-13,1.21001061e-13,2.731136896e-14,8.953782281e-14,8.706944993e-14,1.453047033e-13,1.43199782e-13,1.884348017e-13,2.546096505e-13,1.097044762e-13,6.366221705e-13,1.923632127e-14,4.982210067e-13,4.397260443e-14
101.0625,3.286378194e-13,2.58171201e-13,5.748438991e-13,3.372758128e-13,2.607942965e-13,1.777464346e-13,1.225263354e-13,4.57241567e-14,6.024939563e-14,1.256644747e-13,2.531035524e-13,2.105722271e-13,2.092753441e-13,3.024334858e-13,1.929553973e-13,1.771478085e-13,3.507342207e-13,4.683765415e-13,2.275296356e-13,1.184729956e-13,2.717867558e-14,8.848543939e-14,8.714004017e-14,1.453170167e-13,1.431705914e-13,1.895485217e-13,2.561166268e-13,1.117036087e-13,6.42204111e-13,1.925657555e-14,4.978031337e-13,4.412887504e-14
101.0703125,3.304741772e-13,2.598701924e-13,5.775809501e-13,3.404096311e-13,2.584130027e-13,1.762892857e-13,1.231802203e-13,4.582983692e-14,6.007276155e-14,1.253879603e-13,2.50185043e-13,2.103275391e-13,2.081976849e-13,2.996117912e-13,1.932205901e-13,1.778920415e-13,3.476239353e-13,4.624035081e-13,2.261362789e-13,1.162176496e-13,2.699845901e-14,8.748144053e-14,8.727612387e-14,1.453949375e-13,1.431969746e-13,1.90875467e-13,2.576662018e-13,1.13893676e-13,6.480449349e-13,1.931110605e-14,4.974884058e-13,4.435261906e-14
101.078125,3.325897315e-13,2.615921003e-13,5.802339453e-13,3.43778793e-13,2.563329832e-13,1.749435288e-13,1.238554778e-13,4.599315004e-14,5.997222737e-14,1.25144612e-13,2.473408878e-13,2.100956918e-13,2.071440188e-13,2.970962328e-13,1.937853792e-13,1.790015411e-13,3.447133944e-13,4.567737401e-13,2.248039529e-13,1.141349891e-13,2.680485107e-14,8.655203455e-14,8.743967627e-14,1.455338889e-13,1.432800507e-13,1.922721117e-13,2.591140551e-13,1.162100632e-13,6.539454496e-13,1.939279864e-14,4.97269966e-13,4.459564949e-14
101.0859375,3.34318872e-13,2.631329921e-13,5.828865082e-13,3.47194246e-13,2.542797071e-13,1.736954946e-13,1.245623e-13,4.619965639e-14,5.987240244e-14,1.248954454e-13,2.444292121e-13,2.099220524e-13,2.059903533e-13,2.946093173e-13,1.945267073e-13,1.803721016e-13,3.418264732e-13,4.511236742e-13,2.233271131e-13,1.12109576e-13,2.662621317e-14,8.560540252e-14,8.754559993e-14,1.456940745e-13,1.433193622e-13,1.936640497e-13,2.604448726e-13,1.184008063e-13,6.596664153e-13,1.948333724e-14,4.970002895e-13,4.479560408e-14
101.09375,3.360052996e-13,2.646330256e-13,5.857505967e-13,3.505313542e-13,2.522507193e-13,1.725416229e-13,1.253005852e-13,4.641196877e-14,5.978365939e-14,1.245960104e-13,2.415269041e-13,2.098751391e-13,2.04785649e-13,2.921821054e-13,1.954047424e-13,1.820103101e-13,3.390159395e-13,4.454688524e-13,2.218099409e-13,1.101328948e-13,2.64402576e-14,8.46660627e-14,8.76173296e-14,1.458848099e-13,1.433415895e-13,1.951093543e-13,2.619093753e-13,1.206048212e-13,6.654395115e-13,1.957813534e-14,4.968681248e-13,4.498336952e-14
101.1015625,3.380600501e-13,2.66156799e-13,5.886883527e-13,3.539755548e-13,2.502685389e-13,1.713893054e-13,1.26043097e-13,4.662394061e-14,5.970725853e-14,1.242156037e-13,2.386840911e-13,2.098375643e-13,2.035454412e-13,2.898372172e-13,1.96424585e-13,1.83890631e-13,3.362711717e-13,4.39910674e-13,2.203608271e-13,1.082432494e-13,2.623235991e-14,8.375847002e-14,8.768146512e-14,1.46104315e-13,1.433859897e-13,1.965888371e-13,2.633715868e-13,1.230085887e-13,6.713640658e-13,1.969377606e-14,4.969008879e-13,4.520593585e-14
101.109375,3.401219439e-13,2.675191102e-13,5.915064973e-13,3.575752458e-13,2.481296786e-13,1.70030868e-13,1.267452678e-13,4.686055344e-14,5.958866749e-14,1.237893296e-13,2.358084736e-13,2.096835222e-13,2.021396385e-13,2.872186688e-13,1.974270738e-13,1.859702093e-13,3.334232279e-13,4.341629884e-13,2.187826039e-13,1.065153835e-13,2.600486859e-14,8.27901921e-14,8.771158131e-14,1.463498958e-13,1.433770712e-13,1.980886371e-13,2.64524082e-13,1.254909359e-13,6.771216318e-13,1.983607662e-14,4.967613335e-13,4.546056536e-14
101.1171875,3.419887532e-13,2.688084271e-13,5.943989067e-13,3.611271328e-13,2.458531304e-13,1.685813102e-13,1.274026976e-13,4.71007283e-14,5.945824541e-14,1.234083365e-13,2.32936347e-13,2.095121604e-13,2.005909591e-13,2.84288633e-13,1.983310489e-13,1.883220429e-13,3.306181835e-13,4.282039206e-13,2.170240696e-13,1.049877607e-13,2.578446766e-14,8.177571426e-14,8.774542346e-14,1.467123848e-13,1.433099483e-13,1.996701657e-13,2.656873457e-13,1.279630518e-13,6.828821729e-13,1.998927607e-14,4.96510685e-13,4.572431377e-14
101.125,3.439404818e-13,2.7028797e-13,5.973480804e-13,3.645549356e-13,2.436093117e-13,1.672960357e-13,1.280575228e-13,4.730863662e-14,5.936559631e-14,1.230974847e-13,2.301495033e-13,2.094209322e-13,1.990168547e-13,2.814331478e-13,1.992649232e-13,1.909021877e-13,3.28014904e-13,4.223353596e-13,2.152809658e-13,1.035400357e-13,2.558463585e-14,8.082968589e-14,8.779407834e-14,1.4722187e-13,1.432324811e-13,2.013086222e-13,2.671618403e-13,1.304880409e-13,6.888891778e-13,2.015035297e-14,4.964624856e-13,4.597900366e-14
101.1328125,3.459364122e-13,2.718502375e-13,5.999535025e-13,3.680154846e-13,2.413075389e-13,1.65999433e-13,1.287330956e-13,4.751167841e-14,5.927032269e-14,1.22819251e-13,2.273388099e-13,2.093206222e-13,1.973859896e-13,2.786713688e-13,2.003113711e-13,1.936405403e-13,3.254030788e-13,4.164679174e-13,2.13514684e-13,1.021188528e-13,2.537777945e-14,7.991528582e-14,8.779713122e-14,1.477442546e-13,1.431266056e-13,2.029789477e-13,2.685884392e-13,1.330908783e-13,6.947333724e-13,2.033528754e-14,4.964282352e-13,4.623399164e-14
101.140625,3.477167232e-13,2.732403035e-13,6.023730386e-13,3.716126726e-13,2.388786646e-13,1.645069903e-13,1.294183678e-13,4.77340486e-14,5.913559727e-14,1.225386499e-13,2.244498765e-13,2.091472107e-13,1.956309817e-13,2.757771339e-13,2.014516247e-13,1.966496389e-13,3.227225945e-13,4.104260824e-13,2.11583894e-13,1.008803593e-13,2.516743615e-14,7.894390219e-14,8.779476278e-14,1.481981686e-13,1.430134665e-13,2.047201014e-13,2.697027045e-13,1.357568342e-13,7.003731826e-13,2.054800263e-14,4.961479196e-13,4.651629633e-14
101.1484375,3.49503186e-13,2.744908352e-13,6.051781902e-13,3.752163294e-13,2.365282397e-13,1.63077944e-13,1.300944575e-13,4.794524227e-14,5.898075736e-14,1.222000402e-13,2.216870972e-13,2.089590633e-13,1.93780636e-13,2.728848802e-13,2.026705483e-13,1.998902804e-13,3.201834035e-13,4.044538567e-13,2.096382709e-13,9.984704989e-14,2.496271333e-14,7.796916763e-14,8.781671705e-14,1.486461616e-13,1.429178433e-13,2.064357363e-13,2.705817339e-13,1.384896629e-13,7.062094798e-13,2.078131138e-14,4.958063703e-13,4.68259839e-14
101.15625,3.515965794e-13,2.756778122e-13,6.082334118e-13,3.787367185e-13,2.343465077e-13,1.618334467e-13,1.307423884e-13,4.81415421e-14,5.882643647e-14,1.21802262e-13,2.191306115e-13,2.087852897e-13,1.918681602e-13,2.7017108e-13,2.03946358e-13,2.031731705e-13,3.177982391e-13,3.987208988e-13,2.078089716e-13,9.88439419e-14,2.473588012e-14,7.704146311e-14,8.77715867e-14,1.491324661e-13,1.427964333e-13,2.080244677e-13,2.712183066e-13,1.413085918e-13,7.120190621e-13,2.103328047e-14,4.955401241e-13,4.715232204e-14
101.1640625,3.537139823e-13,2.767093755e-13,6.110831271e-13,3.823604352e-13,2.321641554e-13,1.605449364e-13,1.313622578e-13,4.837260517e-14,5.867673325e-14,1.214470775e-13,2.165462038e-13,2.086230292e-13,1.898701407e-13,2.674753343e-13,2.052869301e-13,2.065395621e-13,3.154512447e-13,3.930756469e-13,2.059734403e-13,9.786526387e-14,2.450670406e-14,7.610794467e-14,8.769003092e-14,1.496359559e-13,1.426714932e-13,2.096158805e-13,2.717026514e-13,1.441646174e-13,7.176083233e-13,2.12992665e-14,4.952724745e-13,4.749222883e-14
101.171875,3.555326583e-13,2.776095311e-13,6.139775406e-13,3.860986644e-13,2.298972106e-13,1.591744888e-13,1.319730291e-13,4.865196557e-14,5.853070283e-14,1.211688875e-13,2.138852383e-13,2.08523872e-13,1.877842977e-13,2.64690793e-13,2.067293711e-13,2.100835714e-13,3.131372792e-13,3.874446454e-13,2.04096657e-13,9.704408709e-14,2.428053372e-14,7.515767474e-14,8.766461643e-14,1.501690219e-13,1.42579173e-13,2.113080242e-13,2.722121141e-13,1.469417006e-13,7.234099702e-13,2.157757209e-14,4.950805673e-13,4.78224478e-14
101.1796875,3.572467215e-13,2.784806846e-13,6.172976235e-13,3.896666542e-13,2.276616673e-13,1.578799388e-13,1.325863579e-13,4.89198109e-14,5.840520892e-14,1.208802405e-13,2.114508724e-13,2.085211802e-13,1.856981357e-13,2.620013735e-13,2.082248907e-13,2.137476606e-13,3.109007649e-13,3.818990486e-13,2.022816863e-13,9.635805049e-14,2.397649116e-14,7.425409246e-14,8.760713026e-14,1.507794341e-13,1.424646395e-13,2.129585028e-13,2.726415689e-13,1.497020261e-13,7.294870391e-13,2.187666121e-14,4.950763305e-13,4.81317952e-14
101.1875,3.590087083e-13,2.7922583e-13,6.207470096e-13,3.931945202e-13,2.255727248e-13,1.566648593e-13,1.332141707e-13,4.914285469e-14,5.831559368e-14,1.205258997e-13,2.093073216e-13,2.085432062e-13,1.836546137e-13,2.594910992e-13,2.09682287e-13,2.175109287e-13,3.087503852e-13,3.764716523e-13,2.004899734e-13,9.57294712e-14,2.361060681e-14,7.341291574e-14,8.74569744e-14,1.51442556e-13,1.423220747e-13,2.144545635e-13,2.728236512e-13,1.525946927e-13,7.354309509e-13,2.219483414e-14,4.951393772e-13,4.844839386e-14
101.1953125,3.606300957e-13,2.798824395e-13,6.239626084e-13,3.970208767e-13,2.23585149e-13,1.554339908e-13,1.338434239e-13,4.937032106e-14,5.821652947e-14,1.201268399e-13,2.071421585e-13,2.084979725e-13,1.815280863e-13,2.569367861e-13,2.111075055e-13,2.214393854e-13,3.06599513e-13,3.711246416e-13,1.986055154e-13,9.522729589e-14,2.329672121e-14,7.257589879e-14,8.728606629e-14,1.520783016e-13,1.421808097e-13,2.159177249e-13,2.728220175e-13,1.554834713e-13,7.411397441e-13,2.252906984e-14,4.950603615e-13,4.877479563e-14
101.203125,3.621431746e-13,2.807417397e-13,6.270862292e-13,4.008986317e-13,2.215487727e-13,1.541591158e-13,1.344183023e-13,4.961366348e-14,5.807022275e-14,1.197254102e-13,2.048528866e-13,2.084262987e-13,1.792787303e-13,2.542495869e-13,2.125906734e-13,2.256438151e-13,3.044520777e-13,3.658191957e-13,1.966654106e-13,9.492043969e-14,2.302002813e-14,7.171087539e-14,8.707532032e-14,1.527156563e-13,1.420038982e-13,2.175189724e-13,2.728249515e-13,1.582294719e-13,7.46812097e-13,2.289660298e-14,4.948667267e-13,4.907936397e-14
101.2109375,3.638839953e-13,2.816660067e-13,6.303157448e-13,4.045518165e-13,2.194815407e-13,1.529263524e-13,1.349493879e-13,4.980819389e-14,5.793594708e-14,1.193665055e-13,2.026294008e-13,2.084386231e-13,1.770878765e-13,2.516973283e-13,2.141882755e-13,2.301278171e-13,3.025056653e-13,3.606222083e-13,1.948002113e-13,9.472807932e-14,2.270105886e-14,7.087005656e-14,8.678175816e-14,1.53459582e-13,1.41809339e-13,2.192133995e-13,2.729637539e-13,1.610582391e-13,7.526347438e-13,2.330286136e-14,4.948567061e-13,4.936525727e-14
101.21875,3.659441127e-13,2.82223913e-13,6.335726189e-13,4.081337445e-13,2.175915094e-13,1.518424012e-13,1.355129295e-13,4.99595056e-14,5.786479259e-14,1.190597189e-13,2.005027079e-13,2.084710211e-13,1.749565737e-13,2.493491057e-13,2.157940157e-13,2.345887985e-13,3.006693302e-13,3.55566598e-13,1.929854739e-13,9.456846741e-14,2.236222965e-14,7.00962846e-14,8.645888058e-14,1.542877376e-13,1.416315336e-13,2.20796387e-13,2.730814537e-13,1.641324263e-13,7.584797809e-13,2.373006766e-14,4.950541457e-13,4.966433482e-14
101.2265625,3.680820844e-13,2.825481019e-13,6.367440705e-13,4.1161419e-13,2.158996101e-13,1.508455499e-13,1.360701934e-13,5.014414976e-14,5.782705094e-14,1.187609459e-13,1.983704639e-13,2.083725238e-13,1.726528465e-13,2.469473298e-13,2.172329132e-13,2.388352716e-13,2.986545294e-13,3.505212681e-13,1.910649165e-13,9.44779791e-14,2.204814084e-14,6.934981657e-14,8.612194478e-14,1.550900355e-13,1.413823011e-13,2.221865989e-13,2.729002501e-13,1.672702881e-13,7.639318236e-13,2.417657228e-14,4.95040977e-13,4.997826692e-14
101.234375,3.701361505e-13,2.829660428e-13,6.398683599e-13,4.149318424e-13,2.14235445e-13,1.498199476e-13,1.365363237e-13,5.037815025e-14,5.780570796e-14,1.184354564e-13,1.962644912e-13,2.082249478e-13,1.702139828e-13,2.445477977e-13,2.185946298e-13,2.431677057e-13,2.967198082e-13,3.454903321e-13,1.890793626e-13,9.451375757e-14,2.174438525e-14,6.860767187e-14,8.575394874e-14,1.558430085e-13,1.41029346e-13,2.234613414e-13,2.725385998e-13,1.702790363e-13,7.689978709e-13,2.464362822e-14,4.94764207e-13,5.027726303e-14
101.2421875,3.721707378e-13,2.833550361e-13,6.430318801e-13,4.18313349e-13,2.125596673e-13,1.487788384e-13,1.369850488e-13,5.063857396e-14,5.779635978e-14,1.181102859e-13,1.942298902e-13,2.081805463e-13,1.678628967e-13,2.423616286e-13,2.201293258e-13,2.478209176e-13,2.952160718e-13,3.405895546e-13,1.872012306e-13,9.467728722e-14,2.14209803e-14,6.789445329e-14,8.537914659e-14,1.566010589e-13,1.406824983e-13,2.247191157e-13,2.722878681e-13,1.731453481e-13,7.740922012e-13,2.511196447e-14,4.94622677e-13,5.055498055e-14
101.25,3.741908411e-13,2.836278469e-13,6.462048672e-13,4.217594864e-13,2.108470507e-13,1.476835215e-13,1.37490111e-13,5.091610701e-14,5.775802345e-14,1.1783935e-13,1.922211509e-13,2.081536757e-13,1.655492317e-13,2.401659048e-13,2.217847289e-13,2.526499041e-13,2.938752048e-13,3.356722262e-13,1.853467745e-13,9.492535588e-14,2.107588901e-14,6.718148016e-14,8.499423071e-14,1.574041752e-13,1.403749188e-13,2.26049143e-13,2.720771007e-13,1.759865544e-13,7.792645825e-13,2.558567591e-14,4.945821365e-13,5.08462444e-14
101.2578125,3.760555862e-13,2.838711384e-13,6.492770267e-13,4.251414118e-13,2.090370212e-13,1.464699364e-13,1.37962977e-13,5.118755395e-14,5.769629037e-14,1.176442786e-13,1.902374029e-13,2.080554754e-13,1.631517835e-13,2.378297177e-13,2.233668974e-13,2.575966487e-13,2.925511564e-13,3.306419741e-13,1.833876129e-13,9.520725579e-14,2.073923584e-14,6.644538916e-14,8.457068521e-14,1.582042885e-13,1.400370427e-13,2.274188069e-13,2.71721099e-13,1.789114629e-13,7.842806509e-13,2.610183378e-14,4.943607919e-13,5.11584781e-14
101.265625,3.778271044e-13,2.839906819e-13,6.522301353e-13,4.285188711e-13,2.073150513e-13,1.453121818e-13,1.383652167e-13,5.144464734e-14,5.76751946e-14,1.174936601e-13,1.883145956e-13,2.079763802e-13,1.607517475e-13,2.357139238e-13,2.249566275e-13,2.627072448e-13,2.915008607e-13,3.257368272e-13,1.814886927e-13,9.553502157e-14,2.041821535e-14,6.575684464e-14,8.408860855e-14,1.589126984e-13,1.396439474e-13,2.286493565e-13,2.712390257e-13,1.818672402e-13,7.890338804e-13,2.667462545e-14,4.94105251e-13,5.144814794e-14
101.2734375,3.797267913e-13,2.840644205e-13,6.551289967e-13,4.31882773e-13,2.058037006e-13,1.443356887e-13,1.387638674e-13,5.171374214e-14,5.769997582e-14,1.173190519e-13,1.864422515e-13,2.079444615e-13,1.584026711e-13,2.339213372e-13,2.266492408e-13,2.678566854e-13,2.905828108e-13,3.209947899e-13,1.797281441e-13,9.594079958e-14,2.00749273e-14,6.514048559e-14,8.353608464e-14,1.59620073e-13,1.392069766e-13,2.297036941e-13,2.70687506e-13,1.847963481e-13,7.935833231e-13,2.727847707e-14,4.939650564e-13,5.170536381e-14
101.28125,3.816806861e-13,2.843370341e-13,6.58028541e-13,4.353214122e-13,2.042705822e-13,1.433401957e-13,1.391260024e-13,5.201202595e-14,5.773134195e-14,1.171034626e-13,1.846253721e-13,2.079407416e-13,1.560755343e-13,2.321549706e-13,2.283020672e-13,2.730076938e-13,2.895539403e-13,3.162072392e-13,1.779335589e-13,9.638546028e-14,1.969961875e-14,6.452178243e-14,8.295919847e-14,1.605209494e-13,1.387274925e-13,2.307275207e-13,2.701120237e-13,1.877476153e-13,7.981946577e-13,2.788640462e-14,4.938406658e-13,5.196639281e-14
101.2890625,3.83456921e-13,2.845766932e-13,6.609490939e-13,4.389746435e-13,2.026718025e-13,1.422154418e-13,1.393885293e-13,5.23452159e-14,5.778166705e-14,1.169305159e-13,1.829115486e-13,2.080537418e-13,1.537875977e-13,2.303732096e-13,2.298294155e-13,2.782872735e-13,2.886699911e-13,3.11448702e-13,1.761206191e-13,9.68418689e-14,1.931978571e-14,6.389131052e-14,8.239638491e-14,1.615431892e-13,1.382189749e-13,2.317793168e-13,2.695733729e-13,1.906569939e-13,8.029333811e-13,2.849922619e-14,4.937996666e-13,5.223946541e-14
101.296875,3.850560603e-13,2.844090989e-13,6.638021389e-13,4.425801003e-13,2.012067215e-13,1.410950653e-13,1.396189623e-13,5.269511741e-14,5.787698708e-14,1.168307485e-13,1.813104839e-13,2.082758324e-13,1.515219134e-13,2.287023174e-13,2.312848098e-13,2.836351278e-13,2.880763666e-13,3.068934561e-13,1.744326431e-13,9.733135128e-14,1.894018042e-14,6.330187962e-14,8.178427633e-14,1.624706882e-13,1.3771373e-13,2.328083276e-13,2.690303935e-13,1.93410093e-13,8.074234547e-13,2.9124191e-14,4.93889894e-13,5.250955694e-14
101.3046875,3.865914274e-13,2.839961305e-13,6.664643897e-13,4.459626979e-13,1.998050127e-13,1.400066424e-13,1.398833582e-13,5.3001806e-14,5.799554425e-14,1.167255866e-13,1.797515774e-13,2.0844969e-13,1.492569362e-13,2.271254561e-13,2.327037753e-13,2.8891161e-13,2.876189143e-13,3.024974235e-13,1.727964507e-13,9.784505548e-14,1.856209527e-14,6.273907678e-14,8.108955182e-14,1.633346607e-13,1.372397667e-13,2.337429829e-13,2.68386703e-13,1.96098311e-13,8.115708442e-13,2.974821527e-14,4.939222673e-13,5.276720653e-14
101.3125,3.881135574e-13,2.836222129e-13,6.689528355e-13,4.492604502e-13,1.983799522e-13,1.389253119e-13,1.401414049e-13,5.324247008e-14,5.810908024e-14,1.166333126e-13,1.781488337e-13,2.08534712e-13,1.470288422e-13,2.256474093e-13,2.341738006e-13,2.942326917e-13,2.87359288e-13,2.982039132e-13,1.711198484e-13,9.843161831e-14,1.821072336e-14,6.216984541e-14,8.038177646e-14,1.642398204e-13,1.367813913e-13,2.345498776e-13,2.676349796e-13,1.988565048e-13,8.15602939e-13,3.037941981e-14,4.938293802e-13,5.299873185e-14
101.3203125,3.895720737e-13,2.831644346e-13,6.713341847e-13,4.523808049e-13,1.970188007e-13,1.378993157e-13,1.403422424e-13,5.346858114e-14,5.821098957e-14,1.166247845e-13,1.76532851e-13,2.08616442e-13,1.448015982e-13,2.242155679e-13,2.357571962e-13,2.997555217e-13,2.873573007e-13,2.939601649e-13,1.694452831e-13,9.919313232e-14,1.788467809e-14,6.160259502e-14,7.968612893e-14,1.651245724e-13,1.362895965e-13,2.353545017e-13,2.66883492e-13,2.016058882e-13,8.194140166e-13,3.105787273e-14,4.936924831e-13,5.321607927e-14
101.328125,3.90809917e-13,2.824472945e-13,6.736881182e-13,4.553745976e-13,1.956351926e-13,1.368542375e-13,1.404807643e-13,5.371647316e-14,5.830221927e-14,1.165942651e-13,1.750492792e-13,2.087532891e-13,1.425490459e-13,2.227189058e-13,2.373183684e-13,3.053656756e-13,2.874918072e-13,2.897252632e-13,1.677995751e-13,1.000620551e-13,1.754385781e-14,6.103931903e-14,7.895895291e-14,1.65969258e-13,1.357609889e-13,2.362388562e-13,2.66253766e-13,2.041658184e-13,8.229573734e-13,3.177517639e-14,4.935940283e-13,5.345099214e-14
101.3359375,3.91849047e-13,2.816559719e-13,6.761740116e-13,4.585191547e-13,1.942529515e-13,1.357536558e-13,1.405873617e-13,5.396554868e-14,5.840937588e-14,1.164497875e-13,1.737829102e-13,2.08992357e-13,1.403956615e-13,2.213873496e-13,2.387755178e-13,3.108833079e-13,2.878553963e-13,2.857080978e-13,1.662631174e-13,1.008924978e-13,1.717364882e-14,6.05026592e-14,7.820009036e-14,1.668310485e-13,1.352429955e-13,2.370266606e-13,2.656969194e-13,2.065339e-13,8.265083906e-13,3.248736591e-14,4.936863556e-13,5.367833169e-14
101.34375,3.929093699e-13,2.809616179e-13,6.78755111e-13,4.615210136e-13,1.931481075e-13,1.347621355e-13,1.406982063e-13,5.418649133e-14,5.85692894e-14,1.163152504e-13,1.727053237e-13,2.093587244e-13,1.384060085e-13,2.205110715e-13,2.402702043e-13,3.163541089e-13,2.886030455e-13,2.820821436e-13,1.649572054e-13,1.017046076e-13,1.679515646e-14,6.004626037e-14,7.743925123e-14,1.676972283e-13,1.347591322e-13,2.376530373e-13,2.650829654e-13,2.088971594e-13,8.30099944e-13,3.320586883e-14,4.939973627e-13,5.384149618e-14
101.3515625,3.939898906e-13,2.801190268e-13,6.811939473e-13,4.641005049e-13,1.922498712e-13,1.338955295e-13,1.408075732e-13,5.437819167e-14,5.877169307e-14,1.162641164e-13,1.717591579e-13,2.09787336e-13,1.364833397e-13,2.198815562e-13,2.418605853e-13,3.219096631e-13,2.896145702e-13,2.786482504e-13,1.638011014e-13,1.025724709e-13,1.641142961e-14,5.965614081e-14,7.666957318e-14,1.685805042e-13,1.34292139e-13,2.382848301e-13,2.644692636e-13,2.113272303e-13,8.336507283e-13,3.396090727e-14,4.943551448e-13,5.395253398e-14
101.359375,3.950055663e-13,2.790051539e-13,6.835319157e-13,4.667244724e-13,1.913268137e-13,1.330459808e-13,1.408804303e-13,5.456752254e-14,5.898464396e-14,1.162175018e-13,1.708602613e-13,2.101804862e-13,1.345625871e-13,2.19241119e-13,2.434397775e-13,3.275263172e-13,2.907569174e-13,2.75251445e-13,1.626354949e-13,1.035260444e-13,1.602244423e-14,5.92731394e-14,7.588108619e-14,1.694735501e-13,1.338111451e-13,2.388886319e-13,2.639360024e-13,2.137147099e-13,8.370963778e-13,3.474874455e-14,4.94670595e-13,5.407057963e-14
101.3671875,3.960933917e-13,2.778902959e-13,6.859420723e-13,4.695684841e-13,1.90471101e-13,1.322637574e-13,1.408799296e-13,5.478045803e-14,5.920895444e-14,1.161883768e-13,1.699504186e-13,2.105224253e-13,1.326632275e-13,2.187291702e-13,2.449784592e-13,3.331234016e-13,2.920671427e-13,2.720152435e-13,1.614880032e-13,1.045990706e-13,1.565341707e-14,5.889426674e-14,7.508942022e-14,1.702547867e-13,1.332955201e-13,2.393295949e-13,2.634087468e-13,2.160032876e-13,8.401234524e-13,3.557279486e-14,4.949365282e-13,5.420935092e-14
101.375,3.972946211e-13,2.767336525e-13,6.882718346e-13,4.721736469e-13,1.896820605e-13,1.315090045e-13,1.40787458e-13,5.502327544e-14,5.946545094e-14,1.162531255e-13,1.691043215e-13,2.108980657e-13,1.308365269e-13,2.184352365e-13,2.464952552e-13,3.387245332e-13,2.936114884e-13,2.689728693e-13,1.604355277e-13,1.057003513e-13,1.529863597e-14,5.853678399e-14,7.428623087e-14,1.709855958e-13,1.32764982e-13,2.396998844e-13,2.629189149e-13,2.182477477e-13,8.428031019e-13,3.643207312e-14,4.951780838e-13,5.433548612e-14
101.3828125,3.984970791e-13,2.753633579e-13,6.90355326e-13,4.744941542e-13,1.888359163e-13,1.306842487e-13,1.406612627e-13,5.529386528e-14,5.978096282e-14,1.163552717e-13,1.684069028e-13,2.113580904e-13,1.291371829e-13,2.182679746e-13,2.479827231e-13,3.443549605e-13,2.95414665e-13,2.660636422e-13,1.594520379e-13,1.066959038e-13,1.493066323e-14,5.820376965e-14,7.344323595e-14,1.718932065e-13,1.32254724e-13,2.400409021e-13,2.62499826e-13,2.205872027e-13,8.455914013e-13,3.730550118e-14,4.955311843e-13,5.443420729e-14
101.390625,3.997392475e-13,2.740898067e-13,6.923363521e-13,4.768260005e-13,1.881050904e-13,1.299490333e-13,1.405729441e-13,5.557602789e-14,6.015839903e-14,1.164254852e-13,1.678149824e-13,2.118295811e-13,1.275345744e-13,2.18293896e-13,2.49526173e-13,3.499684285e-13,2.974396174e-13,2.633886367e-13,1.585225309e-13,1.077035838e-13,1.457232746e-14,5.791275963e-14,7.256437509e-14,1.728971984e-13,1.317569401e-13,2.402403648e-13,2.61923523e-13,2.230959926e-13,8.482529029e-13,3.820898774e-14,4.960155299e-13,5.452379237e-14
101.3984375,4.009874975e-13,2.72827607e-13,6.94312466e-13,4.790454149e-13,1.875762858e-13,1.293092303e-13,1.404746922e-13,5.584461566e-14,6.054087029e-14,1.165550645e-13,1.672790759e-13,2.122654695e-13,1.259397794e-13,2.185639545e-13,2.511471439e-13,3.555716144e-13,2.996722627e-13,2.609875184e-13,1.576667396e-13,1.088894393e-13,1.424005464e-14,5.765124289e-14,7.164676882e-14,1.73747417e-13,1.312427031e-13,2.403384785e-13,2.61199784e-13,2.255107231e-13,8.504497033e-13,3.916218257e-14,4.964840343e-13,5.460603912e-14
101.40625,4.020030493e-13,2.709826427e-13,6.960967036e-13,4.81019554e-13,1.8704914e-13,1.284982234e-13,1.402894387e-13,5.611228982e-14,6.08976319e-14,1.168223086e-13,1.668014534e-13,2.127157779e-13,1.243337447e-13,2.189157998e-13,2.526375174e-13,3.612130847e-13,3.021460528e-13,2.586437527e-13,1.568533045e-13,1.101888307e-13,1.389988298e-14,5.738427315e-14,7.06727625e-14,1.744683844e-13,1.306985868e-13,2.404194773e-13,2.607112402e-13,2.27595973e-13,8.525010762e-13,4.012468552e-14,4.969011801e-13,5.465520902e-14
101.4140625,4.027475231e-13,2.6887186e-13,6.975340316e-13,4.830175678e-13,1.864928663e-13,1.276149975e-13,1.400355384e-13,5.640979842e-14,6.127064963e-14,1.171277052e-13,1.663422855e-13,2.131838144e-13,1.227506788e-13,2.192725531e-13,2.539150234e-13,3.668269818e-13,3.047025418e-13,2.562230112e-13,1.560429678e-13,1.115582586e-13,1.355188348e-14,5.713222581e-14,6.968821496e-14,1.751821018e-13,1.301063431e-13,2.404182768e-13,2.604143013e-13,2.295928341e-13,8.542875017e-13,4.107181674e-14,4.972909217e-13,5.466536892e-14
101.421875,4.034323101e-13,2.670901719e-13,6.988216432e-13,4.84932467e-13,1.859862687e-13,1.269233196e-13,1.397523837e-13,5.671363303e-14,6.166094106e-14,1.174123689e-13,1.65883197e-13,2.136645381e-13,1.212338663e-13,2.197511193e-13,2.551793898e-13,3.722876621e-13,3.071395776e-13,2.538827075e-13,1.552680794e-13,1.130350957e-13,1.32208922e-14,5.69160822e-14,6.87386717e-14,1.759077097e-13,1.294717371e-13,2.403059923e-13,2.599454537e-13,2.316819503e-13,8.554810958e-13,4.204374537e-14,4.976740661e-13,5.465765566e-14
101.4296875,4.041888075e-13,2.651863809e-13,7.00226608e-13,4.86240659e-13,1.855134055e-13,1.262937233e-13,1.394561889e-13,5.698261754e-14,6.20423118e-14,1.177730675e-13,1.654845701e-13,2.142338094e-13,1.198301368e-13,2.204480287e-13,2.565122963e-13,3.776118865e-13,3.096832318e-13,2.517947198e-13,1.545998168e-13,1.145168635e-13,1.28929791e-14,5.671288887e-14,6.778328559e-14,1.766680614e-13,1.288528976e-13,2.40133681e-13,2.594401147e-13,2.337128944e-13,8.56623914e-13,4.306810895e-14,4.981629689e-13,5.464986456e-14
101.4375,4.05042205e-13,2.629469928e-13,7.016423088e-13,4.871789844e-13,1.851521076e-13,1.256320796e-13,1.391488488e-13,5.722824888e-14,6.245415377e-14,1.182194874e-13,1.651433802e-13,2.148741846e-13,1.185076453e-13,2.213649196e-13,2.578310912e-13,3.829506996e-13,3.126622896e-13,2.499744284e-13,1.540486567e-13,1.159669141e-13,1.257743647e-14,5.653320631e-14,6.680898793e-14,1.7739865e-13,1.28269415e-13,2.399220773e-13,2.591383183e-13,2.357240528e-13,8.578288983e-13,4.412757759e-14,4.987411618e-13,5.465519983e-14
101.4453125,4.059974959e-13,2.609665275e-13,7.028677889e-13,4.883607419e-13,1.849292517e-13,1.251143281e-13,1.387875533e-13,5.745976914e-14,6.289556327e-14,1.186832658e-13,1.647842692e-13,2.15460676e-13,1.171745857e-13,2.224654564e-13,2.59171774e-13,3.883490511e-13,3.159068888e-13,2.483801857e-13,1.53522922e-13,1.175002629e-13,1.231935299e-14,5.63929706e-14,6.586152656e-14,1.779969704e-13,1.27667423e-13,2.396781475e-13,2.588037719e-13,2.378073933e-13,8.58337682e-13,4.520257408e-14,4.992421105e-13,5.467202175e-14
101.453125,4.068997579e-13,2.591389338e-13,7.038999784e-13,4.895271447e-13,1.8464386e-13,1.247036149e-13,1.383660885e-13,5.76447621e-14,6.329245505e-14,1.19205658e-13,1.644038206e-13,2.159726803e-13,1.158207194e-13,2.236932852e-13,2.605399349e-13,3.936101265e-13,3.191188623e-13,2.468979031e-13,1.529291611e-13,1.190654991e-13,1.210341917e-14,5.624963216e-14,6.491949837e-14,1.785330014e-13,1.270173821e-13,2.393464711e-13,2.582855002e-13,2.398007219e-13,8.582163417e-13,4.629433021e-14,4.996282812e-13,5.466722036e-14
101.4609375,4.075175078e-13,2.56988496e-13,7.045935001e-13,4.903563443e-13,1.842189535e-13,1.241860019e-13,1.379508225e-13,5.779210571e-14,6.365292938e-14,1.197825775e-13,1.640166915e-13,2.16451454e-13,1.144983606e-13,2.249526063e-13,2.617868477e-13,3.985540596e-13,3.22354169e-13,2.453869843e-13,1.522867603e-13,1.206044753e-13,1.187542757e-14,5.608038439e-14,6.392950026e-14,1.790379561e-13,1.263268424e-13,2.388406418e-13,2.577697373e-13,2.416688575e-13,8.57903665e-13,4.74131408e-14,4.99894643e-13,5.461984827e-14
101.46875,4.079947924e-13,2.54787582e-13,7.048375271e-13,4.911165688e-13,1.83843632e-13,1.235517311e-13,1.37537744e-13,5.795876031e-14,6.404617283e-14,1.203303379e-13,1.635659765e-13,2.169170813e-13,1.132188786e-13,2.26211421e-13,2.628907576e-13,4.033221877e-13,3.257140692e-13,2.439210984e-13,1.516719958e-13,1.222614478e-13,1.16407646e-14,5.591714703e-14,6.290329423e-14,1.7944281e-13,1.255877307e-13,2.38208172e-13,2.573242455e-13,2.434845679e-13,8.571155793e-13,4.854872825e-14,5.000682063e-13,5.454778842e-14
101.4765625,4.087060741e-13,2.527032172e-13,7.049493453e-13,4.916497739e-13,1.836282542e-13,1.229675671e-13,1.370664517e-13,5.81459257e-14,6.448152316e-14,1.208997242e-13,1.630567447e-13,2.174359973e-13,1.119684175e-13,2.276305298e-13,2.639493954e-13,4.080897021e-13,3.291669665e-13,2.426864035e-13,1.511067229e-13,1.239869621e-13,1.143930322e-14,5.578473146e-14,6.187573923e-14,1.798509301e-13,1.248036556e-13,2.375154879e-13,2.569030163e-13,2.451651809e-13,8.558454054e-13,4.967915925e-14,5.003454697e-13,5.445401512e-14
101.484375,4.095182424e-13,2.504333902e-13,7.050572059e-13,4.917488367e-13,1.834441885e-13,1.225653416e-13,1.36541841e-13,5.830636513e-14,6.493048693e-14,1.215464061e-13,1.626072917e-13,2.180041446e-13,1.107427e-13,2.293154527e-13,2.649467816e-13,4.127042361e-13,3.32758935e-13,2.416558338e-13,1.505722066e-13,1.255880178e-13,1.126904542e-14,5.567813785e-14,6.086234793e-14,1.8029817e-13,1.239929378e-13,2.367196238e-13,2.565110407e-13,2.467635108e-13,8.543262476e-13,5.082494356e-14,5.006915914e-13,5.431756591e-14
101.4921875,4.100306709e-13,2.480295794e-13,7.048579202e-13,4.919244001e-13,1.831500067e-13,1.222605416e-13,1.359713536e-13,5.84301549e-14,6.535157186e-14,1.222091609e-13,1.622662293e-13,2.185110278e-13,1.095545733e-13,2.311033879e-13,2.658922156e-13,4.170845632e-13,3.365473969e-13,2.407145697e-13,1.5005899e-13,1.271840136e-13,1.110380265e-14,5.555836997e-14,5.985280294e-14,1.805922861e-13,1.231529638e-13,2.358392444e-13,2.561676822e-13,2.484170841e-13,8.523093316e-13,5.2027242e-14,5.008084674e-13,5.41476793e-14
101.5,4.103918788e-13,2.456848031e-13,7.043382744e-13,4.922751401e-13,1.828090814e-13,1.218450313e-13,1.353330683e-13,5.853388158e-14,6.572307571e-14,1.228879846e-13,1.619523268e-13,2.18968767e-13,1.084271336e-13,2.329022876e-13,2.668568852e-13,4.214178643e-13,3.404906744e-13,2.398927275e-13,1.495600613e-13,1.289149432e-13,1.094106668e-14,5.5395439e-14,5.881945477e-14,1.80767979e-13,1.222782189e-13,2.349172333e-13,2.559703689e-13,2.499998133e-13,8.498947438e-13,5.327117338e-14,5.007251818e-13,5.396729445e-14
101.5078125,4.109513547e-13,2.433292552e-13,7.036233528e-13,4.924075977e-13,1.825895935e-13,1.213486686e-13,1.346341694e-13,5.862598248e-14,6.611147225e-14,1.235790691e-13,1.615962551e-13,2.194475427e-13,1.073400147e-13,2.348151605e-13,2.676887683e-13,4.255649061e-13,3.445049644e-13,2.392240287e-13,1.490699711e-13,1.306616882e-13,1.079103069e-14,5.523494182e-14,5.778292888e-14,1.810042335e-13,1.213639263e-13,2.338627397e-13,2.559014444e-13,2.514121722e-13,8.472478768e-13,5.451407235e-14,5.006459914e-13,5.377106632e-14
101.515625,4.116616503e-13,2.409290931e-13,7.024630808e-13,4.924930218e-13,1.825266703e-13,1.209617023e-13,1.338733777e-13,5.871650792e-14,6.657734255e-14,1.242078009e-13,1.611938108e-13,2.198690064e-13,1.062503912e-13,2.368297262e-13,2.682323307e-13,4.292789168e-13,3.485001389e-13,2.386654893e-13,1.485742849e-13,1.324174161e-13,1.066192197e-14,5.512287979e-14,5.679426652e-14,1.811994039e-13,1.204098881e-13,2.326591451e-13,2.557535804e-13,2.528161272e-13,8.438571743e-13,5.575687022e-14,5.00507735e-13,5.355957169e-14
101.5234375,4.12344691e-13,2.384441226e-13,7.007986187e-13,4.926253021e-13,1.8251714e-13,1.206839473e-13,1.330609718e-13,5.879959119e-14,6.706502908e-14,1.248441846e-13,1.60778778e-13,2.201597008e-13,1.051686513e-13,2.389027862e-13,2.687536151e-13,4.32977734e-13,3.525532416e-13,2.381885409e-13,1.480315107e-13,1.342716298e-13,1.056527836e-14,5.502624359e-14,5.583654222e-14,1.812515633e-13,1.194440855e-13,2.314231917e-13,2.555969444e-13,2.543176999e-13,8.397549661e-13,5.702005816e-14,5.001966259e-13,5.335162097e-14
101.53125,4.12894875e-13,2.357881295e-13,6.990394412e-13,4.924503448e-13,1.825202619e-13,1.204392543e-13,1.322523378e-13,5.88602308e-14,6.750940618e-14,1.25601171e-13,1.604374977e-13,2.203668198e-13,1.041178626e-13,2.411410246e-13,2.695296144e-13,4.370258313e-13,3.56856066e-13,2.377930399e-13,1.474663785e-13,1.361723109e-13,1.049919657e-14,5.492105267e-14,5.485624326e-14,1.812314543e-13,1.184654849e-13,2.301340418e-13,2.556193315e-13,2.558167043e-13,8.354496421e-13,5.831294822e-14,4.996980548e-13,5.313745373e-14
101.5390625,4.133919064e-13,2.330566089e-13,6.973804733e-13,4.919877671e-13,1.826236234e-13,1.20247517e-13,1.314381748e-13,5.892560812e-14,6.793543324e-14,1.263960735e-13,1.602188123e-13,2.205598594e-13,1.031173718e-13,2.435950149e-13,2.703879977e-13,4.409852061e-13,3.613179608e-13,2.37590508e-13,1.470213799e-13,1.381257005e-13,1.044527961e-14,5.483850766e-14,5.384761241e-14,1.811496911e-13,1.174462224e-13,2.287402769e-13,2.556114872e-13,2.571525171e-13,8.307846888e-13,5.964397314e-14,4.991263797e-13,5.289153044e-14
101.546875,4.141791116e-13,2.303536372e-13,6.955958263e-13,4.913574033e-13,1.828326276e-13,1.200956103e-13,1.305681432e-13,5.902537615e-14,6.838917708e-14,1.271204802e-13,1.600309471e-13,2.208206705e-13,1.022171467e-13,2.462245172e-13,2.711496366e-13,4.445902855e-13,3.657790661e-13,2.377395874e-13,1.467298469e-13,1.401690845e-13,1.039283382e-14,5.478615533e-14,5.283490796e-14,1.810898907e-13,1.164289037e-13,2.273662512e-13,2.55456827e-13,2.583021468e-13,8.259412305e-13,6.099831584e-14,4.987639008e-13,5.261828378e-14
101.5546875,4.152217667e-13,2.276878923e-13,6.934501363e-13,4.905357071e-13,1.829610698e-13,1.19956253e-13,1.296620157e-13,5.911775547e-14,6.886030448e-14,1.277843123e-13,1.597779424e-13,2.211541579e-13,1.013969479e-13,2.490076706e-13,2.719017991e-13,4.480887496e-13,3.70374081e-13,2.381069731e-13,1.46381822e-13,1.422109013e-13,1.034274063e-14,5.472927318e-14,5.183573183e-14,1.811368064e-13,1.154395157e-13,2.26045356e-13,2.55381188e-13,2.594431479e-13,8.213595558e-13,6.234819846e-14,4.985432613e-13,5.233585988e-14
101.5625,4.160250338e-13,2.251044e-13,6.909303443e-13,4.897323206e-13,1.829286542e-13,1.198425481e-13,1.287373551e-13,5.914988715e-14,6.930102683e-14,1.28420354e-13,1.594593037e-13,2.214241728e-13,1.005773913e-13,2.518940627e-13,2.726263426e-13,4.513713974e-13,3.750596001e-13,2.38412855e-13,1.458572989e-13,1.442475528e-13,1.030533167e-14,5.464576426e-14,5.084998348e-14,1.810766392e-13,1.144045832e-13,2.246305349e-13,2.553307552e-13,2.606176124e-13,8.162884228e-13,6.370380693e-14,4.980169352e-13,5.20428953e-14
101.5703125,4.165976811e-13,2.225667814e-13,6.882292548e-13,4.888385481e-13,1.829314517e-13,1.19715174e-13,1.277980119e-13,5.913790239e-14,6.97030012e-14,1.290659639e-13,1.590749141e-13,2.216030097e-13,9.980751134e-14,2.549113986e-13,2.732201292e-13,4.542358698e-13,3.795779494e-13,2.387412509e-13,1.453587008e-13,1.463579923e-13,1.029352962e-14,5.455909979e-14,4.98571476e-14,1.807969033e-13,1.133199427e-13,2.231039174e-13,2.552247577e-13,2.616129966e-13,8.102638328e-13,6.508117115e-14,4.972598868e-13,5.171690926e-14
101.578125,4.173463821e-13,2.199548467e-13,6.854496283e-13,4.875370573e-13,1.830997688e-13,1.195817831e-13,1.26865247e-13,5.912133599e-14,7.009813511e-14,1.297591208e-13,1.586491131e-13,2.217870189e-13,9.915203154e-14,2.58120517e-13,2.736931982e-13,4.568471263e-13,3.840969033e-13,2.393237068e-13,1.450403381e-13,1.48505406e-13,1.030374601e-14,5.450173627e-14,4.885153785e-14,1.80491458e-13,1.122472165e-13,2.215540504e-13,2.553865605e-13,2.624422997e-13,8.041182331e-13,6.646775323e-14,4.966732158e-13,5.134384309e-14
101.5859375,4.182913204e-13,2.172369756e-13,6.823591277e-13,4.862073287e-13,1.832830078e-13,1.195479732e-13,1.25861499e-13,5.912106477e-14,7.048350294e-14,1.304972821e-13,1.582197545e-13,2.218981655e-13,9.850227733e-14,2.613132092e-13,2.73992721e-13,4.592088313e-13,3.888317578e-13,2.400407733e-13,1.44710759e-13,1.506468397e-13,1.033613177e-14,5.444417704e-14,4.786230156e-14,1.801725895e-13,1.111270305e-13,2.199581321e-13,2.557913654e-13,2.633608945e-13,7.979508466e-13,6.786004433e-14,4.960205371e-13,5.095884193e-14
101.59375,4.192873678e-13,2.144380654e-13,6.787718031e-13,4.851493186e-13,1.832895009e-13,1.19598646e-13,1.247271699e-13,5.916160987e-14,7.084862659e-14,1.312389239e-13,1.576884293e-13,2.218156233e-13,9.779333144e-14,2.64270089e-13,2.741403567e-13,4.613659938e-13,3.935164579e-13,2.406831645e-13,1.441673515e-13,1.527574075e-13,1.040387374e-14,5.433595889e-14,4.690915181e-14,1.797775733e-13,1.09900518e-13,2.182732549e-13,2.559908247e-13,2.64329752e-13,7.911830543e-13,6.925449321e-14,4.949385167e-13,5.060286259e-14
101.6015625,4.202412212e-13,2.11671005e-13,6.748620565e-13,4.83951256e-13,1.831189956e-13,1.196345917e-13,1.235941465e-13,5.923955342e-14,7.12225444e-14,1.319391275e-13,1.570013947e-13,2.216305231e-13,9.712581975e-14,2.671933801e-13,2.743811314e-13,4.636848086e-13,3.980294763e-13,2.413240355e-13,1.435039029e-13,1.548215287e-13,1.049433541e-14,5.420308565e-14,4.596998628e-14,1.794491742e-13,1.08648685e-13,2.165243118e-13,2.560470587e-13,2.652009299e-13,7.840169143e-13,7.064789313e-14,4.937080375e-13,5.024413563e-14
101.609375,4.210341131e-13,2.09056754e-13,6.707303239e-13,4.825499238e-13,1.829428779e-13,1.1968175e-13,1.225087839e-13,5.929171555e-14,7.158953673e-14,1.326400265e-13,1.56311718e-13,2.214027042e-13,9.652429226e-14,2.703497126e-13,2.747424308e-13,4.660554528e-13,4.026090423e-13,2.421271564e-13,1.428643805e-13,1.569674037e-13,1.058971915e-14,5.408720582e-14,4.501842646e-14,1.791201828e-13,1.074181903e-13,2.147491859e-13,2.562998664e-13,2.661310445e-13,7.76537016e-13,7.208213693e-14,4.925566897e-13,4.984043637e-14
101.6171875,4.219081661e-13,2.064374704e-13,6.662585261e-13,4.812169749e-13,1.829134633e-13,1.198078522e-13,1.213398287e-13,5.927833441e-14,7.18992594e-14,1.334280679e-13,1.556444432e-13,2.210422658e-13,9.590694632e-14,2.736686283e-13,2.750464717e-13,4.681072468e-13,4.073015336e-13,2.431831965e-13,1.422215473e-13,1.592340655e-13,1.070637175e-14,5.396808817e-14,4.406394549e-14,1.785527092e-13,1.061684366e-13,2.130007462e-13,2.566612915e-13,2.671610235e-13,7.684690436e-13,7.356894611e-14,4.912116345e-13,4.942484555e-14
101.625,4.231942486e-13,2.036251293e-13,6.615697864e-13,4.797787093e-13,1.830092139e-13,1.200435879e-13,1.201159076e-13,5.923933419e-14,7.219424851e-14,1.342662448e-13,1.548688668e-13,2.205851307e-13,9.526213247e-14,2.770028305e-13,2.753137169e-13,4.700182336e-13,4.11980361e-13,2.445008396e-13,1.415483707e-13,1.614300376e-13,1.08510543e-14,5.384560071e-14,4.312124541e-14,1.778333001e-13,1.048900997e-13,2.112557114e-13,2.569913976e-13,2.680585904e-13,7.601369943e-13,7.502894779e-14,4.896133104e-13,4.903571127e-14
101.6328125,4.245829337e-13,2.007504926e-13,6.568168685e-13,4.781215873e-13,1.830820356e-13,1.203690721e-13,1.189448319e-13,5.921846414e-14,7.253116722e-14,1.350798081e-13,1.540263006e-13,2.201302548e-13,9.462001649e-14,2.802925942e-13,2.754686814e-13,4.718207929e-13,4.165261701e-13,2.458592125e-13,1.408681884e-13,1.635141031e-13,1.10001712e-14,5.374790314e-14,4.218525116e-14,1.771386117e-13,1.035810263e-13,2.09368434e-13,2.573767612e-13,2.688171655e-13,7.516882971e-13,7.640976483e-14,4.880063029e-13,4.8657699e-14
101.640625,4.256337197e-13,1.979137999e-13,6.517559056e-13,4.763769593e-13,1.829876895e-13,1.20615648e-13,1.177568691e-13,5.921606791e-14,7.284793391e-14,1.358944043e-13,1.531411637e-13,2.195818946e-13,9.396689363e-14,2.834355795e-13,2.753179028e-13,4.731919158e-13,4.208220405e-13,2.469932575e-13,1.400984897e-13,1.656011398e-13,1.114436939e-14,5.363256986e-14,4.126738359e-14,1.764353348e-13,1.022354018e-13,2.07333407e-13,2.578078287e-13,2.695151028e-13,7.427541436e-13,7.774650408e-14,4.862850991e-13,4.827212433e-14
101.6484375,4.265452713e-13,1.950406947e-13,6.462868844e-13,4.744397778e-13,1.827550697e-13,1.207176937e-13,1.165071927e-13,5.922278833e-14,7.309873015e-14,1.367384903e-13,1.521093812e-13,2.188482167e-13,9.32813617e-14,2.864404757e-13,2.750794398e-13,4.74321836e-13,4.24949582e-13,2.480352005e-13,1.391841919e-13,1.677017791e-13,1.130719616e-14,5.346255947e-14,4.037902489e-14,1.756961228e-13,1.008789994e-13,2.0535566e-13,2.582339338e-13,2.700800876e-13,7.334568234e-13,7.909976318e-14,4.8422421e-13,4.787551957e-14
101.65625,4.277298286e-13,1.921899136e-13,6.406282791e-13,4.723743538e-13,1.825897687e-13,1.209024246e-13,1.152573399e-13,5.921807023e-14,7.33466217e-14,1.376237842e-13,1.510094324e-13,2.180213479e-13,9.257880733e-14,2.894944885e-13,2.749512128e-13,4.753847682e-13,4.289916283e-13,2.492783359e-13,1.382465529e-13,1.698463283e-13,1.151683767e-14,5.329727189e-14,3.949448385e-14,1.749186158e-13,9.950590037e-14,2.034813057e-13,2.587061298e-13,2.70696891e-13,7.240178522e-13,8.049975428e-14,4.820215779e-13,4.747365081e-14
101.6640625,4.291249441e-13,1.893739974e-13,6.346329511e-13,4.705142845e-13,1.824771161e-13,1.211851951e-13,1.140057609e-13,5.916510261e-14,7.3588477e-14,1.385513409e-13,1.498784471e-13,2.170997634e-13,9.188410113e-14,2.925515159e-13,2.746122227e-13,4.759678246e-13,4.327437681e-13,2.506240269e-13,1.373135213e-13,1.720369123e-13,1.175960843e-14,5.314547768e-14,3.861866448e-14,1.740438559e-13,9.810381264e-14,2.014948854e-13,2.591962155e-13,2.71527684e-13,7.141804723e-13,8.187841353e-14,4.797892859e-13,4.708748677e-14
101.671875,4.303223518e-13,1.864782335e-13,6.28128612e-13,4.687941596e-13,1.821760078e-13,1.213198325e-13,1.127623756e-13,5.907048138e-14,7.374501889e-14,1.394497266e-13,1.485287082e-13,2.159623489e-13,9.117443474e-14,2.953382059e-13,2.739486677e-13,4.760362252e-13,4.3612121e-13,2.518282366e-13,1.36250898e-13,1.74177953e-13,1.199852412e-14,5.292914566e-14,3.779987389e-14,1.730669626e-13,9.671520739e-14,1.993018927e-13,2.596045568e-13,2.722449019e-13,7.039203786e-13,8.314589501e-14,4.772453446e-13,4.671542837e-14
101.6796875,4.312325819e-13,1.836951937e-13,6.215622049e-13,4.669823023e-13,1.818116592e-13,1.214415332e-13,1.115547749e-13,5.900509098e-14,7.387795808e-14,1.40347778e-13,1.470766138e-13,2.147290266e-13,9.044373804e-14,2.979785557e-13,2.733195421e-13,4.760348392e-13,4.393235005e-13,2.530121328e-13,1.351050608e-13,1.763809307e-13,1.224691245e-14,5.268824212e-14,3.703017324e-14,1.720140413e-13,9.534287906e-14,1.97098017e-13,2.59940548e-13,2.72770249e-13,6.935091606e-13,8.437291105e-14,4.744947659e-13,4.633598365e-14
101.6875,4.321539559e-13,1.811905625e-13,6.15212695e-13,4.651092042e-13,1.816590704e-13,1.217868087e-13,1.103135589e-13,5.901105147e-14,7.410238452e-14,1.413868394e-13,1.458137684e-13,2.136282942e-13,8.978244252e-14,3.008864301e-13,2.728581659e-13,4.760686114e-13,4.425103134e-13,2.543938529e-13,1.340211263e-13,1.787535409e-13,1.253235061e-14,5.252695226e-14,3.627033e-14,1.709112406e-13,9.395021285e-14,1.950678467e-13,2.60360559e-13,2.734458895e-13,6.830300886e-13,8.5668779e-14,4.720071633e-13,4.596077839e-14
101.6953125,4.3308474e-13,1.786077298e-13,6.087166571e-13,4.631138484e-13,1.814348557e-13,1.220965281e-13,1.090267394e-13,5.902324168e-14,7.43275936e-14,1.424946425e-13,1.445589295e-13,2.12552685e-13,8.921227943e-14,3.039611725e-13,2.723990184e-13,4.760304098e-13,4.457690339e-13,2.558573982e-13,1.328966891e-13,1.810397382e-13,1.283177561e-14,5.236988802e-14,3.553034084e-14,1.697926545e-13,9.255598978e-14,1.931446982e-13,2.610307408e-13,2.741346673e-13,6.724471599e-13,8.698093227e-14,4.696272007e-13,4.559968751e-14
101.703125,4.338116829e-13,1.757942898e-13,6.018027666e-13,4.609120509e-13,1.808219638e-13,1.221863951e-13,1.077660005e-13,5.895858679e-14,7.441361078e-14,1.435209114e-13,1.430302884e-13,2.11244139e-13,8.859989505e-14,3.067344402e-13,2.718040802e-13,4.757960502e-13,4.48998064e-13,2.571961276e-13,1.315909216e-13,1.831321849e-13,1.313030471e-14,5.209814396e-14,3.481219561e-14,1.685981556e-13,9.115374997e-14,1.911502007e-13,2.618468175e-13,2.745308731e-13,6.615456364e-13,8.823700092e-14,4.668264292e-13,4.52243973e-14
101.7109375,4.345202241e-13,1.730737649e-13,5.944502523e-13,4.586814766e-13,1.801633245e-13,1.223100716e-13,1.064971547e-13,5.884938496e-14,7.443670657e-14,1.445744452e-13,1.413421874e-13,2.097172168e-13,8.790461516e-14,3.09200839e-13,2.709787317e-13,4.752033372e-13,4.51874557e-13,2.584502696e-13,1.301929025e-13,1.852343557e-13,1.344736618e-14,5.17913473e-14,3.409246474e-14,1.672901072e-13,8.969019388e-14,1.890107707e-13,2.624999983e-13,2.748618596e-13,6.500628964e-13,8.944949415e-14,4.636447923e-13,4.482312619e-14
101.71875,4.352772085e-13,1.703919209e-13,5.866689478e-13,4.564860219e-13,1.797403159e-13,1.225206637e-13,1.051945907e-13,5.877185274e-14,7.450816706e-14,1.457541745e-13,1.396085767e-13,2.081022144e-13,8.721968309e-14,3.116489772e-13,2.699948335e-13,4.744399281e-13,4.544014694e-13,2.597434126e-13,1.287856122e-13,1.872912332e-13,1.37907655e-14,5.154491521e-14,3.339038688e-14,1.659656356e-13,8.82006176e-14,1.867717854e-13,2.62976444e-13,2.752719855e-13,6.382148637e-13,9.061328074e-14,4.603741508e-13,4.440808777e-14
101.7265625,4.357980068e-13,1.675276947e-13,5.787340204e-13,4.542318518e-13,1.792530906e-13,1.226375364e-13,1.03942139e-13,5.870527174e-14,7.456458803e-14,1.469566139e-13,1.377711243e-13,2.063778884e-13,8.652434794e-14,3.140018599e-13,2.690380805e-13,4.737504738e-13,4.569080074e-13,2.610728298e-13,1.273227051e-13,1.892053267e-13,1.416907736e-14,5.128331498e-14,3.273097158e-14,1.646017334e-13,8.67564454e-14,1.845255911e-13,2.63533193e-13,2.755705344e-13,6.2640538e-13,9.174179804e-14,4.569531423e-13,4.399148728e-14
101.734375,4.363351885e-13,1.647285102e-13,5.709401875e-13,4.519891564e-13,1.785947329e-13,1.227511116e-13,1.027435686e-13,5.860751477e-14,7.455167253e-14,1.481739179e-13,1.358736853e-13,2.045294137e-13,8.575021972e-14,3.161350879e-13,2.680876199e-13,4.729126204e-13,4.594451776e-13,2.624073618e-13,1.258191269e-13,1.912061922e-13,1.458157022e-14,5.09582348e-14,3.210261128e-14,1.630760247e-13,8.53387187e-14,1.823504671e-13,2.642079178e-13,2.758041711e-13,6.14640473e-13,9.28841818e-14,4.532964563e-13,4.360402608e-14
101.7421875,4.371247819e-13,1.62091688e-13,5.631311067e-13,4.498042803e-13,1.780726913e-13,1.23001054e-13,1.01527975e-13,5.852283873e-14,7.455050217e-14,1.49482515e-13,1.340035762e-13,2.02666487e-13,8.498761367e-14,3.182948822e-13,2.670200399e-13,4.717610026e-13,4.618261904e-13,2.637189594e-13,1.2433758e-13,1.933407153e-13,1.499818491e-14,5.065530055e-14,3.150596554e-14,1.614596441e-13,8.389708002e-14,1.80228179e-13,2.649327687e-13,2.760911163e-13,6.027876538e-13,9.40015633e-14,4.495475631e-13,4.32450032e-14
101.75,4.37427537e-13,1.593850214e-13,5.550046547e-13,4.47654805e-13,1.776260038e-13,1.232600113e-13,1.002824127e-13,5.848896028e-14,7.458792703e-14,1.507986939e-13,1.321574077e-13,2.008203212e-13,8.432010998e-14,3.205150734e-13,2.65832346e-13,4.704411544e-13,4.639429839e-13,2.648980067e-13,1.228445478e-13,1.953994524e-13,1.54189816e-14,5.039591232e-14,3.094860941e-14,1.598467839e-13,8.241443972e-14,1.780623865e-13,2.658319772e-13,2.763011587e-13,5.90854741e-13,9.503927079e-14,4.457551679e-13,4.285040906e-14
101.7578125,4.371031564e-13,1.566826889e-13,5.465497047e-13,4.456186569e-13,1.769022632e-13,1.23436335e-13,9.901531668e-14,5.847360338e-14,7.456622861e-14,1.520325909e-13,1.302830309e-13,1.988539575e-13,8.366040459e-14,3.224283756e-13,2.646213914e-13,4.690596345e-13,4.658839904e-13,2.659568685e-13,1.212710871e-13,1.973681026e-13,1.586569367e-14,5.009484993e-14,3.042176204e-14,1.581891557e-13,8.091028576e-14,1.758289202e-13,2.669133198e-13,2.76368896e-13,5.788060112e-13,9.605078418e-14,4.417901021e-13,4.241386249e-14
101.765625,4.372984684e-13,1.540669289e-13,5.379916853e-13,4.435922723e-13,1.759959379e-13,1.236439604e-13,9.775695579e-14,5.845886783e-14,7.444851655e-14,1.532941818e-13,1.283195408e-13,1.966813784e-13,8.292706771e-14,3.240338525e-13,2.635662877e-13,4.678159057e-13,4.679416206e-13,2.671278148e-13,1.196174631e-13,1.992055628e-13,1.632186497e-14,4.973602671e-14,2.993148223e-14,1.565145427e-13,7.943229533e-14,1.736085318e-13,2.679521535e-13,2.763821312e-13,5.665722209e-13,9.707329149e-14,4.376110414e-13,4.201037611e-14
101.7734375,4.381028033e-13,1.513160154e-13,5.29544031e-13,4.413682524e-13,1.752029337e-13,1.239398842e-13,9.65410114e-14,5.84642309e-14,7.431592074e-14,1.547375546e-13,1.263009724e-13,1.944102936e-13,8.215988308e-14,3.256443943e-13,2.626458219e-13,4.667464747e-13,4.700640048e-13,2.684046892e-13,1.17918553e-13,2.007817689e-13,1.677649793e-14,4.938005551e-14,2.947580852e-14,1.54853658e-13,7.79731588e-14,1.714476708e-13,2.689206132e-13,2.763617515e-13,5.542056292e-13,9.804453111e-14,4.333053823e-13,4.165806232e-14
101.78125,4.383448097e-13,1.484257188e-13,5.212250143e-13,4.390763863e-13,1.744939684e-13,1.242246433e-13,9.531302328e-14,5.849503097e-14,7.42140294e-14,1.563346396e-13,1.243261714e-13,1.921566926e-13,8.141789384e-14,3.271882106e-13,2.614691876e-13,4.652900373e-13,4.717020078e-13,2.694297019e-13,1.161907531e-13,2.023106348e-13,1.724948055e-14,4.904039028e-14,2.902978074e-14,1.530696858e-13,7.647572783e-14,1.693121391e-13,2.700132665e-13,2.762456163e-13,5.418417145e-13,9.89269743e-14,4.288845959e-13,4.13203155e-14
101.7890625,4.379261837e-13,1.456120868e-13,5.128921431e-13,4.368654041e-13,1.737594715e-13,1.244296482e-13,9.403479892e-14,5.854005032e-14,7.410068944e-14,1.579262672e-13,1.223608879e-13,1.898534982e-13,8.071624644e-14,3.284677861e-13,2.598877532e-13,4.631622523e-13,4.727312045e-13,2.700712941e-13,1.144346108e-13,2.040081066e-13,1.774781614e-14,4.869256303e-14,2.860846073e-14,1.511124667e-13,7.495230826e-14,1.671991216e-13,2.712640051e-13,2.760018023e-13,5.295424804e-13,9.976640662e-14,4.242248373e-13,4.100170435e-14
101.796875,4.374695012e-13,1.428980387e-13,5.043974515e-13,4.34611401e-13,1.729680569e-13,1.245783292e-13,9.276779356e-14,5.858448943e-14,7.394561082e-14,1.594781212e-13,1.20319023e-13,1.873772249e-13,8.000215776e-14,3.295032799e-13,2.582109887e-13,4.608477649e-13,4.734721386e-13,2.705303931e-13,1.126151893e-13,2.056736799e-13,1.827154537e-14,4.83255588e-14,2.823873391e-14,1.490850361e-13,7.343972805e-14,1.651430783e-13,2.725244066e-13,2.757079663e-13,5.171634866e-13,1.005983746e-13,4.192225781e-13,4.071908581e-14
101.8046875,4.369209138e-13,1.401537955e-13,4.957081825e-13,4.323841798e-13,1.721022483e-13,1.247170865e-13,9.153756104e-14,5.861086657e-14,7.377379617e-14,1.611160179e-13,1.182451957e-13,1.847531791e-13,7.921190442e-14,3.303111583e-13,2.565421119e-13,4.586006005e-13,4.739278657e-13,2.70989918e-13,1.106955317e-13,2.071611565e-13,1.881860397e-14,4.794049606e-14,2.788804574e-14,1.469887249e-13,7.192591296e-14,1.630843275e-13,2.7371286e-13,2.754843149e-13,5.04505105e-13,1.01387368e-13,4.139782817e-13,4.046588746e-14
101.8125,4.363088502e-13,1.372901754e-13,4.869378268e-13,4.304260701e-13,1.712679059e-13,1.249163073e-13,9.031893485e-14,5.861243062e-14,7.361160759e-14,1.628459064e-13,1.161987748e-13,1.820869158e-13,7.841843897e-14,3.310177297e-13,2.54785951e-13,4.563312307e-13,4.742341075e-13,2.716024081e-13,1.087374876e-13,2.085430709e-13,1.936196614e-14,4.756204512e-14,2.753258024e-14,1.448104823e-13,7.043784196e-14,1.609429191e-13,2.749167976e-13,2.753228084e-13,4.916351662e-13,1.020986425e-13,4.087508657e-13,4.023119625e-14
101.8203125,4.357932065e-13,1.343913823e-13,4.781609879e-13,4.285769588e-13,1.704297719e-13,1.251762849e-13,8.911560152e-14,5.860074704e-14,7.343644534e-14,1.645223645e-13,1.141656512e-13,1.793910548e-13,7.770921729e-14,3.31695258e-13,2.531099486e-13,4.542744669e-13,4.747990705e-13,2.723485595e-13,1.068143205e-13,2.097978258e-13,1.988236918e-14,4.719621997e-14,2.720224972e-14,1.42674883e-13,6.90179165e-14,1.588200604e-13,2.762435557e-13,2.750693437e-13,4.788353143e-13,1.02765055e-13,4.036040648e-13,3.998987069e-14
101.828125,4.349807664e-13,1.316014887e-13,4.693670406e-13,4.264599151e-13,1.693589235e-13,1.253550477e-13,8.793247716e-14,5.860373334e-14,7.321357786e-14,1.661814435e-13,1.121610659e-13,1.766406665e-13,7.699971939e-14,3.320248076e-13,2.515892097e-13,4.524611574e-13,4.753365827e-13,2.729341371e-13,1.048692795e-13,2.109377615e-13,2.040345834e-14,4.67949547e-14,2.690094948e-14,1.406306429e-13,6.763013914e-14,1.568588944e-13,2.776033053e-13,2.746235663e-13,4.662918843e-13,1.034149274e-13,3.983359077e-13,3.973561857e-14
101.8359375,4.338881557e-13,1.288691675e-13,4.606498391e-13,4.241028534e-13,1.682266764e-13,1.254119842e-13,8.678726806e-14,5.864327261e-14,7.297869095e-14,1.680214472e-13,1.102023676e-13,1.738891108e-13,7.625871114e-14,3.32037813e-13,2.500079302e-13,4.504475813e-13,4.753310259e-13,2.733243215e-13,1.028617066e-13,2.120197625e-13,2.096171714e-14,4.636259053e-14,2.660778112e-14,1.385693279e-13,6.625183276e-14,1.550079752e-13,2.788554912e-13,2.740926357e-13,4.53983158e-13,1.040141525e-13,3.929069359e-13,3.951687738e-14
101.84375,4.329581383e-13,1.261334605e-13,4.520187698e-13,4.217951392e-13,1.673291223e-13,1.255041309e-13,8.570039308e-14,5.870302225e-14,7.279005707e-14,1.700007561e-13,1.082251013e-13,1.711580633e-13,7.558093188e-14,3.322381666e-13,2.483727725e-13,4.482294824e-13,4.750674559e-13,2.737432349e-13,1.008487045e-13,2.129334024e-13,2.156317996e-14,4.596666054e-14,2.633714953e-14,1.364325941e-13,6.491272843e-14,1.53172488e-13,2.800725171e-13,2.735739849e-13,4.417261081e-13,1.045383784e-13,3.874510772e-13,3.935671283e-14
101.8515625,4.31860434e-13,1.234823036e-13,4.432854003e-13,4.196157055e-13,1.664088586e-13,1.257000462e-13,8.463492902e-14,5.875655243e-14,7.261502091e-14,1.71908178e-13,1.061966838e-13,1.683557981e-13,7.490878437e-14,3.324779724e-13,2.468628078e-13,4.461770434e-13,4.748645969e-13,2.740468128e-13,9.880581349e-14,2.13706263e-13,2.218070499e-14,4.559559319e-14,2.610371071e-14,1.342599428e-13,6.360017765e-14,1.513727424e-13,2.813396417e-13,2.73005907e-13,4.293883969e-13,1.05016112e-13,3.819003124e-13,3.921699351e-14
101.859375,4.303141191e-13,1.209522988e-13,4.344692773e-13,4.176161707e-13,1.652394467e-13,1.259226356e-13,8.359080508e-14,5.881442426e-14,7.238690473e-14,1.737798186e-13,1.041975619e-13,1.654289502e-13,7.418203851e-14,3.32339553e-13,2.454448555e-13,4.442617579e-13,4.745678368e-13,2.74048668e-13,9.668057424e-14,2.146124999e-13,2.278435182e-14,4.519978394e-14,2.589619715e-14,1.320777947e-13,6.229537916e-14,1.496196815e-13,2.826525515e-13,2.725122848e-13,4.170830668e-13,1.054783045e-13,3.761556368e-13,3.908376545e-14
101.8671875,4.28786954e-13,1.184895362e-13,4.257169734e-13,4.159173486e-13,1.640621914e-13,1.261300476e-13,8.262013775e-14,5.889877687e-14,7.210001534e-14,1.757642808e-13,1.022695598e-13,1.624250439e-13,7.352527878e-14,3.320854133e-13,2.440831794e-13,4.42402418e-13,4.743030026e-13,2.739881873e-13,9.454983337e-14,2.156747756e-13,2.336402468e-14,4.479621309e-14,2.57053176e-14,1.298678055e-13,6.102253978e-14,1.478956353e-13,2.841578853e-13,2.72242229e-13,4.049167572e-13,1.059119113e-13,3.702768012e-13,3.898181184e-14
101.875,4.272713996e-13,1.159044613e-13,4.170041342e-13,4.141948551e-13,1.629883816e-13,1.263083226e-13,8.166986121e-14,5.90113469e-14,7.177245337e-14,1.778025334e-13,1.003591139e-13,1.594035879e-13,7.292237716e-14,3.318439484e-13,2.427978997e-13,4.407155955e-13,4.742142152e-13,2.739913523e-13,9.247526397e-14,2.165686305e-13,2.394381913e-14,4.438703338e-14,2.551736385e-14,1.276066192e-13,5.978714491e-14,1.462211135e-13,2.85877534e-13,2.718186764e-13,3.928127503e-13,1.062746631e-13,3.642732861e-13,3.891765769e-14
101.8828125,4.253564361e-13,1.13041208e-13,4.084593033e-13,4.120503254e-13,1.619307038e-13,1.264410648e-13,8.066995557e-14,5.914703345e-14,7.143385136e-14,1.79841352e-13,9.847377875e-14,1.564241473e-13,7.226172787e-14,3.312975568e-13,2.414326116e-13,4.390497453e-13,4.738965326e-13,2.739189071e-13,9.04286218e-14,2.170913457e-13,2.456426072e-14,4.394940012e-14,2.533226484e-14,1.25312507e-13,5.858784403e-14,1.446039759e-13,2.874865556e-13,2.709795412e-13,3.808126539e-13,1.065704887e-13,3.582212652e-13,3.888415335e-14
101.890625,4.2322302e-13,1.102214486e-13,4.002091162e-13,4.098547401e-13,1.608894661e-13,1.265423362e-13,7.969487814e-14,5.929609388e-14,7.112360915e-14,1.819523704e-13,9.665594678e-14,1.534847242e-13,7.164031519e-14,3.305204645e-13,2.399482339e-13,4.373407935e-13,4.731839176e-13,2.738145336e-13,8.839019353e-14,2.174616951e-13,2.521200424e-14,4.351148414e-14,2.518917166e-14,1.230019282e-13,5.744622402e-14,1.430679068e-13,2.889613585e-13,2.701368048e-13,3.690107864e-13,1.068493682e-13,3.522635208e-13,3.888223547e-14
101.8984375,4.211317082e-13,1.076878132e-13,3.919045012e-13,4.079482817e-13,1.598010036e-13,1.266327615e-13,7.881087096e-14,5.945359603e-14,7.082802241e-14,1.840785617e-13,9.483383737e-14,1.504634993e-13,7.107565234e-14,3.296650364e-13,2.385576251e-13,4.358999257e-13,4.724447893e-13,2.737425014e-13,8.630707238e-14,2.179768969e-13,2.583930554e-14,4.3085046e-14,2.51024481e-14,1.20643717e-13,5.635934232e-14,1.416373896e-13,2.906282805e-13,2.694060455e-13,3.57225542e-13,1.070958762e-13,3.462573716e-13,3.891079922e-14
101.90625,4.18919727e-13,1.050271622e-13,3.833503321e-13,4.059209435e-13,1.586132916e-13,1.267344833e-13,7.797022576e-14,5.964123544e-14,7.051831845e-14,1.861406841e-13,9.29570055e-14,1.473149973e-13,7.041448757e-14,3.285357854e-13,2.372131188e-13,4.345803839e-13,4.716771129e-13,2.735234583e-13,8.411620523e-14,2.184161085e-13,2.646628748e-14,4.264438721e-14,2.50359019e-14,1.182675286e-13,5.529753309e-14,1.40195549e-13,2.923646878e-13,2.684280454e-13,3.453412601e-13,1.072477077e-13,3.40066574e-13,3.895891041e-14
101.9140625,4.163150229e-13,1.020745955e-13,3.749348115e-13,4.036840304e-13,1.574132383e-13,1.268074079e-13,7.713159908e-14,5.986923714e-14,7.02031964e-14,1.882339858e-13,9.112196466e-14,1.441565427e-13,6.969176963e-14,3.271109106e-13,2.356083418e-13,4.328482258e-13,4.704708434e-13,2.72937675e-13,8.185564652e-14,2.184390817e-13,2.713617426e-14,4.21974173e-14,2.497776181e-14,1.159480579e-13,5.422810201e-14,1.38630517e-13,2.938862054e-13,2.672683779e-13,3.336024246e-13,1.073073735e-13,3.338154072e-13,3.901474159e-14
101.921875,4.132162777e-13,9.915995759e-14,3.668771347e-13,4.016083139e-13,1.562713764e-13,1.267788353e-13,7.629230156e-14,6.01027054e-14,6.987126453e-14,1.904020562e-13,8.939756485e-14,1.410553906e-13,6.900131134e-14,3.255354388e-13,2.337509335e-13,4.308085686e-13,4.688043525e-13,2.719771335e-13,7.959389197e-14,2.183261518e-13,2.783917842e-14,4.175053787e-14,2.494988224e-14,1.136211638e-13,5.313949865e-14,1.370502974e-13,2.954518813e-13,2.660957497e-13,3.221926107e-13,1.073012354e-13,3.274815269e-13,3.908624818e-14
101.9296875,4.099277584e-13,9.623255133e-14,3.590262422e-13,3.995922906e-13,1.552559916e-13,1.267605206e-13,7.546290673e-14,6.031642254e-14,6.95184651e-14,1.925995917e-13,8.777740601e-14,1.379980712e-13,6.831986464e-14,3.238959172e-13,2.319617296e-13,4.289502556e-13,4.670359243e-13,2.709543019e-13,7.73774582e-14,2.182650832e-13,2.857463941e-14,4.130290142e-14,2.495023594e-14,1.112022862e-13,5.208529523e-14,1.355756846e-13,2.972932054e-13,2.648033123e-13,3.110526796e-13,1.072442528e-13,3.210809812e-13,3.918841404e-14
101.9375,4.066705091e-13,9.319518506e-14,3.513998128e-13,3.975414655e-13,1.54373443e-13,1.268829321e-13,7.467233505e-14,6.053859113e-14,6.919490767e-14,1.948771553e-13,8.631577777e-14,1.350086814e-13,6.770460183e-14,3.223056049e-13,2.304286861e-13,4.2740548e-13,4.653506288e-13,2.701099942e-13,7.524584817e-14,2.178730135e-13,2.93461437e-14,4.088770662e-14,2.495144353e-14,1.087811031e-13,5.110737636e-14,1.341697228e-13,2.991772475e-13,2.635451817e-13,3.001523363e-13,1.071898329e-13,3.14883587e-13,3.930942718e-14
101.9453125,4.031038097e-13,9.0315413e-14,3.441608106e-13,3.955767941e-13,1.535082287e-13,1.269859956e-13,7.391308408e-14,6.081027026e-14,6.890964763e-14,1.972477591e-13,8.504089284e-14,1.320826953e-13,6.717993348e-14,3.206564956e-13,2.290435367e-13,4.261056456e-13,4.63666622e-13,2.692029564e-13,7.316202639e-14,2.172952765e-13,3.012205387e-14,4.050261971e-14,2.493706174e-14,1.064217928e-13,5.015819104e-14,1.328101075e-13,3.00994932e-13,2.623778931e-13,2.895248993e-13,1.071450071e-13,3.087852755e-13,3.944559765e-14
101.953125,3.992102857e-13,8.751335845e-14,3.372731099e-13,3.933308934e-13,1.526744485e-13,1.269478512e-13,7.314991236e-14,6.113410252e-14,6.861800312e-14,1.996483305e-13,8.384178793e-14,1.291712442e-13,6.664667603e-14,3.187675233e-13,2.275791146e-13,4.249022233e-13,4.618764533e-13,2.680507022e-13,7.108142174e-14,2.17064186e-13,3.091528599e-14,4.011108796e-14,2.492629469e-14,1.040476402e-13,4.922189307e-14,1.315442752e-13,3.028596007e-13,2.609238365e-13,2.791539509e-13,1.07028695e-13,3.024777764e-13,3.963091679e-14
101.9609375,3.953974402e-13,8.454699711e-14,3.304723497e-13,3.907564158e-13,1.519153323e-13,1.269211315e-13,7.238626233e-14,6.148316586e-14,6.83054139e-14,2.021128392e-13,8.265202186e-14,1.262718331e-13,6.614068408e-14,3.167577944e-13,2.259874108e-13,4.236279786e-13,4.599567249e-13,2.668614136e-13,6.905785842e-14,2.168670073e-13,3.174822606e-14,3.97255204e-14,2.49542336e-14,1.016490449e-13,4.834782295e-14,1.303779302e-13,3.047485699e-13,2.592105603e-13,2.689978962e-13,1.068209569e-13,2.961313094e-13,3.987235714e-14
101.96875,3.914914575e-13,8.165010732e-14,3.235972809e-13,3.885286462e-13,1.511286832e-13,1.269358658e-13,7.162536937e-14,6.185162198e-14,6.796773079e-14,2.046661938e-13,8.156948916e-14,1.233916907e-13,6.573997211e-14,3.146377576e-13,2.24420895e-13,4.224169025e-13,4.579392306e-13,2.65656171e-13,6.71119678e-14,2.162622862e-13,3.255980423e-14,3.935088214e-14,2.501665202e-14,9.928709551e-14,4.751755653e-14,1.292643492e-13,3.066411695e-13,2.575908905e-13,2.59062903e-13,1.065719906e-13,2.899154846e-13,4.013468207e-14
101.9765625,3.873057998e-13,7.8974853e-14,3.169275847e-13,3.866138432e-13,1.50401237e-13,1.269114698e-13,7.086200638e-14,6.225802499e-14,6.761351198e-14,2.072818598e-13,8.06593763e-14,1.205438993e-13,6.53801824e-14,3.123518944e-13,2.229919157e-13,4.214673035e-13,4.559329784e-13,2.643469039e-13,6.519360814e-14,2.155260024e-13,3.333345275e-14,3.896619925e-14,2.508367718e-14,9.695089611e-14,4.668907973e-14,1.281509288e-13,3.085926586e-13,2.559942773e-13,2.49400838e-13,1.062990011e-13,2.837244353e-13,4.040977084e-14
101.984375,3.831965722e-13,7.631172128e-14,3.107600231e-13,3.844963629e-13,1.498869008e-13,1.269720074e-13,7.013408884e-14,6.269608642e-14,6.730159959e-14,2.100263573e-13,7.984411831e-14,1.177924727e-13,6.503737978e-14,3.10232895e-13,2.21760924e-13,4.207627354e-13,4.540613963e-13,2.631425237e-13,6.331141516e-14,2.147323615e-13,3.415172642e-14,3.860780125e-14,2.51565148e-14,9.460500132e-14,4.589258348e-14,1.270413741e-13,3.105974731e-13,2.543325742e-13,2.40002423e-13,1.060224845e-13,2.776598271e-13,4.07134703e-14
101.9921875,3.790655378e-13,7.365733457e-14,3.04827244e-13,3.824138561e-13,1.494183698e-13,1.271508518e-13,6.945758724e-14,6.314576946e-14,6.706118418e-14,2.128683869e-13,7.90572334e-14,1.151401261e-13,6.474730835e-14,3.083581775e-13,2.207203486e-13,4.203153881e-13,4.521912403e-13,2.620654472e-13,6.147602278e-14,2.136702331e-13,3.502709989e-14,3.830265952e-14,2.525047512e-14,9.224445145e-14,4.514574916e-14,1.260128401e-13,3.126689986e-13,2.5274151e-13,2.307953317e-13,1.057569935e-13,2.717523757e-13,4.105337209e-14
102,3.745723182e-13,7.118102916e-14,2.988083941e-13,3.805571184e-13,1.489187706e-13,1.272542489e-13,6.878719196e-14,6.361822899e-14,6.68571874e-14,2.156102098e-13,7.831218505e-14,1.125049321e-13,6.450010198e-14,3.063266368e-13,2.196380376e-13,4.200368777e-13,4.500148343e-13,2.608523147e-13,5.964450013e-14,2.125669448e-13,3.588886079e-14,3.80101677e-14,2.536854859e-14,8.989219577e-14,4.442671318e-14,1.251060845e-13,3.147763957e-13,2.511371159e-13,2.217640149e-13,1.054548708e-13,2.657730292e-13,4.145603347e-14
102.0078125,3.699875565e-13,6.880304775e-14,2.929142466e-13,3.785833156e-13,1.485683691e-13,1.272890067e-13,6.810784612e-14,6.412745145e-14,6.665791466e-14,2.182949378e-13,7.76345455e-14,1.098797084e-13,6.430267043e-14,3.041246554e-13,2.183728514e-13,4.196903568e-13,4.476002549e-13,2.595232184e-13,5.782467989e-14,2.115488382e-13,3.671618955e-14,3.771819815e-14,2.550707222e-14,8.758874095e-14,4.373646871e-14,1.242765846e-13,3.16812814e-13,2.49435605e-13,2.129636033e-13,1.051030672e-13,2.597573548e-13,4.19376045e-14
102.015625,3.65429996e-13,6.630783805e-14,2.873618233e-13,3.764942656e-13,1.482592115e-13,1.273713465e-13,6.744464344e-14,6.465750148e-14,6.642038047e-14,2.211733046e-13,7.706062596e-14,1.072905234e-13,6.412845588e-14,3.018932825e-13,2.171473428e-13,4.19390241e-13,4.453125798e-13,2.582100846e-13,5.603700155e-14,2.103322151e-13,3.754285287e-14,3.742547981e-14,2.563941572e-14,8.531218661e-14,4.308088052e-14,1.234862177e-13,3.188589384e-13,2.477331289e-13,2.04485308e-13,1.047456849e-13,2.53795572e-13,4.244404745e-14
102.0234375,3.605890991e-13,6.370489464e-14,2.819461377e-13,3.744123684e-13,1.477560523e-13,1.273865229e-13,6.680273691e-14,6.519445307e-14,6.610079027e-14,2.24204797e-13,7.659126304e-14,1.046699744e-13,6.3907522e-14,2.993821296e-13,2.160911466e-13,4.193732392e-13,4.431389213e-13,2.56841029e-13,5.423994014e-14,2.089014006e-13,3.839087478e-14,3.708924484e-14,2.574801164e-14,8.300872939e-14,4.247070835e-14,1.22747479e-13,3.210214604e-13,2.459464104e-13,1.963237573e-13,1.043785892e-13,2.47732527e-13,4.292902775e-14
102.03125,3.5553113e-13,6.121788692e-14,2.765356316e-13,3.722205775e-13,1.472539448e-13,1.27319475e-13,6.618115622e-14,6.575547689e-14,6.576424998e-14,2.271444432e-13,7.615857553e-14,1.020255768e-13,6.367367045e-14,2.966940475e-13,2.151080685e-13,4.195306479e-13,4.408575893e-13,2.554420394e-13,5.245539362e-14,2.074853976e-13,3.924545854e-14,3.674082085e-14,2.587086565e-14,8.070226114e-14,4.192565926e-14,1.220790012e-13,3.231550283e-13,2.439900952e-13,1.883026805e-13,1.039857294e-13,2.416651187e-13,4.343870359e-14
102.0390625,3.504718489e-13,5.89046798e-14,2.713871165e-13,3.701088621e-13,1.470185928e-13,1.273906083e-13,6.557908262e-14,6.637789274e-14,6.55207178e-14,2.299786863e-13,7.578677447e-14,9.95311971e-14,6.349907553e-14,2.942945707e-13,2.142876275e-13,4.198964465e-13,4.386371138e-13,2.541648135e-13,5.078007039e-14,2.061160026e-13,4.008537173e-14,3.646621385e-14,2.602376129e-14,7.843095923e-14,4.142525558e-14,1.214643147e-13,3.252047586e-13,2.420294662e-13,1.804273382e-13,1.035896787e-13,2.358524796e-13,4.401477715e-14
102.046875,3.453555682e-13,5.661084274e-14,2.666864516e-13,3.682550688e-13,1.468678906e-13,1.275526828e-13,6.498080604e-14,6.707834114e-14,6.534213655e-14,2.32821152e-13,7.559012752e-14,9.723358916e-14,6.33863434e-14,2.919928938e-13,2.137234977e-13,4.207735784e-13,4.366706606e-13,2.530337655e-13,4.920019794e-14,2.046917123e-13,4.092461747e-14,3.623056606e-14,2.615464853e-14,7.620487291e-14,4.096134656e-14,1.20885521e-13,3.272782165e-13,2.401187671e-13,1.729470086e-13,1.031862328e-13,2.302268456e-13,4.461850054e-14
102.0546875,3.401634775e-13,5.432157723e-14,2.622534946e-13,3.663360326e-13,1.465702811e-13,1.275460508e-13,6.438667137e-14,6.78309695e-14,6.513055842e-14,2.356460483e-13,7.553883043e-14,9.497472888e-14,6.333236427e-14,2.893458058e-13,2.132431981e-13,4.220929543e-13,4.347439726e-13,2.519744401e-13,4.762559254e-14,2.031315603e-13,4.177697907e-14,3.595346597e-14,2.624870704e-14,7.405115516e-14,4.05799111e-14,1.203921753e-13,3.293036822e-13,2.380933435e-13,1.658667413e-13,1.027544541e-13,2.246581329e-13,4.523413296e-14
102.0625,3.349022571e-13,5.2136367e-14,2.579855177e-13,3.641779396e-13,1.463267628e-13,1.274378199e-13,6.380830048e-14,6.861094352e-14,6.489435935e-14,2.384297413e-13,7.55351993e-14,9.272360551e-14,6.333334855e-14,2.86617023e-13,2.128054628e-13,4.235228093e-13,4.327371425e-13,2.509041319e-13,4.608366778e-14,2.014908499e-13,4.26325765e-14,3.56726977e-14,2.63539074e-14,7.193494283e-14,4.027091425e-14,1.200379607e-13,3.312850406e-13,2.359075519e-13,1.59057652e-13,1.023080445e-13,2.191507982e-13,4.590856803e-14
102.0703125,3.295473873e-13,5.005014822e-14,2.540718658e-13,3.620863257e-13,1.463655884e-13,1.2746731e-13,6.323512349e-14,6.941779466e-14,6.46758244e-14,2.412405482e-13,7.564205115e-14,9.059801506e-14,6.337279768e-14,2.8421692e-13,2.12582789e-13,4.249909819e-13,4.308493356e-13,2.498239469e-13,4.465166644e-14,1.99884897e-13,4.350278744e-14,3.544191695e-14,2.648764951e-14,6.977951276e-14,3.997246305e-14,1.197771059e-13,3.334580945e-13,2.337478773e-13,1.525823586e-13,1.018784785e-13,2.136902837e-13,4.66482039e-14
102.078125,3.241527924e-13,4.804449178e-14,2.505093476e-13,3.603166844e-13,1.465217805e-13,1.27626069e-13,6.266705386e-14,7.024983166e-14,6.445185857e-14,2.440545771e-13,7.594492949e-14,8.858067051e-14,6.344727181e-14,2.820007113e-13,2.125452776e-13,4.265708392e-13,4.291051865e-13,2.488329788e-13,4.330117508e-14,1.982261015e-13,4.439461605e-14,3.523063359e-14,2.663515044e-14,6.760988108e-14,3.968871731e-14,1.195475206e-13,3.358211316e-13,2.317719611e-13,1.463585044e-13,1.014876308e-13,2.083521412e-13,4.741638898e-14
102.0859375,3.186344427e-13,4.612698589e-14,2.470930784e-13,3.586745169e-13,1.466549215e-13,1.277834845e-13,6.211661202e-14,7.111449197e-14,6.423348379e-14,2.467875973e-13,7.638568241e-14,8.660000558e-14,6.355475412e-14,2.797298619e-13,2.124942678e-13,4.282553949e-13,4.273318832e-13,2.479429267e-13,4.199608087e-14,1.964238916e-13,4.528294817e-14,3.502002133e-14,2.680385766e-14,6.548967315e-14,3.944784355e-14,1.193710278e-13,3.382312225e-13,2.298106488e-13,1.40256127e-13,1.011096837e-13,2.03229633e-13,4.820822708e-14
102.09375,3.130107268e-13,4.429341377e-14,2.439071132e-13,3.567513622e-13,1.469096213e-13,1.278849973e-13,6.156074187e-14,7.2025921e-14,6.406742019e-14,2.494661224e-13,7.691080124e-14,8.470886187e-14,6.373592363e-14,2.774611479e-13,2.123808768e-13,4.300402615e-13,4.255993878e-13,2.471240219e-13,4.077934113e-14,1.946237037e-13,4.617499307e-14,3.48323422e-14,2.700566622e-14,6.343785564e-14,3.924656722e-14,1.19290986e-13,3.40765104e-13,2.276362774e-13,1.344981663e-13,1.006996106e-13,1.982467981e-13,4.903530651e-14
102.1015625,3.076753775e-13,4.254730123e-14,2.410939078e-13,3.546515585e-13,1.473334296e-13,1.279588412e-13,6.099118563e-14,7.297696517e-14,6.392508711e-14,2.521348824e-13,7.757156454e-14,8.29266818e-14,6.404274906e-14,2.75302581e-13,2.123276408e-13,4.319920182e-13,4.241370099e-13,2.464301492e-13,3.964997719e-14,1.929000544e-13,4.710177528e-14,3.467059993e-14,2.722908505e-14,6.146937292e-14,3.910304231e-14,1.193005622e-13,3.433557813e-13,2.254308026e-13,1.291900837e-13,1.002856707e-13,1.933808669e-13,4.991520621e-14
102.109375,3.026207728e-13,4.081035859e-14,2.385438928e-13,3.528437836e-13,1.478366843e-13,1.281280769e-13,6.044686808e-14,7.397384859e-14,6.377141219e-14,2.547611261e-13,7.839650136e-14,8.120111486e-14,6.442535256e-14,2.732809138e-13,2.124530625e-13,4.341543907e-13,4.229065134e-13,2.458024389e-13,3.854529535e-14,1.911148e-13,4.805589883e-14,3.452757775e-14,2.74558413e-14,5.954673273e-14,3.902841733e-14,1.19340906e-13,3.457311403e-13,2.233757555e-13,1.2411493e-13,9.990877737e-14,1.887039048e-13,5.087566856e-14
102.1171875,2.973046657e-13,3.903204392e-14,2.362897522e-13,3.511419547e-13,1.48413312e-13,1.284009316e-13,5.991349886e-14,7.503411215e-14,6.362704725e-14,2.573356649e-13,7.933741924e-14,7.956620118e-14,6.483453545e-14,2.713851804e-13,2.127237632e-13,4.364559925e-13,4.216665497e-13,2.451262082e-13,3.747330361e-14,1.891466737e-13,4.901658778e-14,3.439215616e-14,2.76743502e-14,5.761049666e-14,3.899344733e-14,1.193615938e-13,3.479567763e-13,2.212324915e-13,1.192615338e-13,9.954867401e-14,1.841677149e-13,5.189137357e-14
102.125,2.917426912e-13,3.73755413e-14,2.34473732e-13,3.491351629e-13,1.490331139e-13,1.28561925e-13,5.935019679e-14,7.612631115e-14,6.34780059e-14,2.598869415e-13,8.039604646e-14,7.804963482e-14,6.532720663e-14,2.695668001e-13,2.130327599e-13,4.388654538e-13,4.204039985e-13,2.445289551e-13,3.649912809e-14,1.870457857e-13,4.997547615e-14,3.42417155e-14,2.787453231e-14,5.570426816e-14,3.899779125e-14,1.194070356e-13,3.503063716e-13,2.189621689e-13,1.147447521e-13,9.922251281e-14,1.797326216e-13,5.29100883e-14
102.1328125,2.86431488e-13,3.594218789e-14,2.329442664e-13,3.472041173e-13,1.496869263e-13,1.286061341e-13,5.880625342e-14,7.721466873e-14,6.330800155e-14,2.623900534e-13,8.162919701e-14,7.658472342e-14,6.594139271e-14,2.678154924e-13,2.134022795e-13,4.414924011e-13,4.193137128e-13,2.441684937e-13,3.563719042e-14,1.849986406e-13,5.092851608e-14,3.409113828e-14,2.806074246e-14,5.386991855e-14,3.905908596e-14,1.195526287e-13,3.527651853e-13,2.168729331e-13,1.105233424e-13,9.89587981e-14,1.754788432e-13,5.395725326e-14
102.140625,2.813427967e-13,3.463269942e-14,2.315601757e-13,3.456368308e-13,1.504698626e-13,1.287911708e-13,5.8307796e-14,7.83128868e-14,6.316829057e-14,2.647628861e-13,8.298749737e-14,7.517626842e-14,6.664865989e-14,2.661560202e-13,2.138940315e-13,4.443100214e-13,4.183732969e-13,2.439600111e-13,3.485429351e-14,1.829991866e-13,5.189050071e-14,3.398351148e-14,2.826941404e-14,5.206379886e-14,3.915911175e-14,1.197727243e-13,3.551411551e-13,2.148829096e-13,1.065877206e-13,9.868324606e-14,1.714357722e-13,5.508371038e-14
102.1484375,2.761280079e-13,3.340406566e-14,2.304241822e-13,3.439247963e-13,1.513476577e-13,1.2905609e-13,5.778618929e-14,7.943755056e-14,6.307943758e-14,2.669744462e-13,8.437438291e-14,7.389761037e-14,6.740719839e-14,2.64568505e-13,2.144417524e-13,4.47131478e-13,4.173606963e-13,2.437975897e-13,3.412228227e-14,1.807864532e-13,5.288033239e-14,3.391132084e-14,2.852217e-14,5.028784459e-14,3.9293045e-14,1.200068342e-13,3.573596445e-13,2.126910297e-13,1.029367013e-13,9.835144742e-14,1.675382938e-13,5.627362136e-14
102.15625,2.707997621e-13,3.2241607e-14,2.295707836e-13,3.419179459e-13,1.522984868e-13,1.291794842e-13,5.725740242e-14,8.060507808e-14,6.301398625e-14,2.69128187e-13,8.582236683e-14,7.273618985e-14,6.8183704e-14,2.631385081e-13,2.150382783e-13,4.499848171e-13,4.162747697e-13,2.437154341e-13,3.343911658e-14,1.783855406e-13,5.389360658e-14,3.384065371e-14,2.877325249e-14,4.856721061e-14,3.947941202e-14,1.202750833e-13,3.595173015e-13,2.104124796e-13,9.951566962e-14,9.804541331e-14,1.637147952e-13,5.749801448e-14
102.1640625,2.655823656e-13,3.113109841e-14,2.289755719e-13,3.401039194e-13,1.535084082e-13,1.293693115e-13,5.678979626e-14,8.184312042e-14,6.297747589e-14,2.71309022e-13,8.738545609e-14,7.165322045e-14,6.902250091e-14,2.620467243e-13,2.158294198e-13,4.53020873e-13,4.153308035e-13,2.437671583e-13,3.282993778e-14,1.760882533e-13,5.490606801e-14,3.378259899e-14,2.898076982e-14,4.687095863e-14,3.970652896e-14,1.206132416e-13,3.617748539e-13,2.08257356e-13,9.635275449e-14,9.780762258e-14,1.599653671e-13,5.875896962e-14
102.171875,2.605153963e-13,3.018831827e-14,2.28631428e-13,3.385310908e-13,1.548940494e-13,1.298001232e-13,5.63277561e-14,8.313485241e-14,6.294936205e-14,2.734390962e-13,8.902854297e-14,7.064924146e-14,7.000008284e-14,2.611841022e-13,2.168075827e-13,4.561569106e-13,4.145537296e-13,2.43940799e-13,3.230417615e-14,1.73879493e-13,5.58788192e-14,3.374968145e-14,2.91828387e-14,4.521472059e-14,3.996578153e-14,1.209964748e-13,3.64126385e-13,2.061561943e-13,9.345468106e-14,9.758218621e-14,1.563960566e-13,6.005906155e-14
102.1796875,2.554228133e-13,2.941398557e-14,2.284243829e-13,3.368271776e-13,1.56086096e-13,1.301221565e-13,5.582728784e-14,8.44301904e-14,6.28584227e-14,2.754673514e-13,9.072599996e-14,6.968558565e-14,7.108916063e-14,2.602255455e-13,2.177773286e-13,4.592891661e-13,4.137644248e-13,2.441928674e-13,3.182730623e-14,1.715947178e-13,5.679680777e-14,3.370411832e-14,2.941415868e-14,4.364264808e-14,4.027828184e-14,1.2139751e-13,3.664157393e-13,2.039584379e-13,9.078631329e-14,9.73381068e-14,1.530739177e-13,6.139765807e-14
102.1875,2.502109284e-13,2.868803146e-14,2.284016202e-13,3.349960083e-13,1.571120201e-13,1.301691684e-13,5.534908466e-14,8.571931745e-14,6.270287456e-14,2.774541994e-13,9.247445893e-14,6.873763606e-14,7.223143137e-14,2.591475045e-13,2.187598238e-13,4.625732169e-13,4.12987486e-13,2.445643545e-13,3.139292402e-14,1.69276455e-13,5.770519814e-14,3.36223213e-14,2.963274857e-14,4.211704505e-14,4.063934283e-14,1.218479289e-13,3.686254177e-13,2.016018867e-13,8.840112817e-14,9.711413053e-14,1.499221101e-13,6.277259723e-14
102.1953125,2.45019674e-13,2.81151217e-14,2.288119885e-13,3.333022276e-13,1.582417053e-13,1.302835643e-13,5.489202964e-14,8.703581622e-14,6.255124563e-14,2.793876907e-13,9.428557853e-14,6.788104071e-14,7.342540096e-14,2.581612816e-13,2.19967409e-13,4.660986395e-13,4.124089876e-13,2.451177225e-13,3.105011364e-14,1.669991954e-13,5.865608184e-14,3.353902792e-14,2.980527324e-14,4.060531293e-14,4.10215429e-14,1.223908452e-13,3.708605165e-13,1.992287007e-13,8.632835815e-14,9.696088962e-14,1.468693807e-13,6.417568701e-14
102.203125,2.399264062e-13,2.777659309e-14,2.295925533e-13,3.317247202e-13,1.594422371e-13,1.305706617e-13,5.441329561e-14,8.839680411e-14,6.24318176e-14,2.812119648e-13,9.621873585e-14,6.716940066e-14,7.466330659e-14,2.573416794e-13,2.213570226e-13,4.696318833e-13,4.119153949e-13,2.457424711e-13,3.080537592e-14,1.648238489e-13,5.965156043e-14,3.348614206e-14,2.99669133e-14,3.912998125e-14,4.142384605e-14,1.230027839e-13,3.731256789e-13,1.970224787e-13,8.454679449e-14,9.68685513e-14,1.439756098e-13,6.560762441e-14
102.2109375,2.348760504e-13,2.753904e-14,2.304778794e-13,3.301027596e-13,1.606556138e-13,1.307907037e-13,5.392671374e-14,8.976611492e-14,6.232671393e-14,2.829129505e-13,9.827004381e-14,6.655074127e-14,7.595004378e-14,2.566844948e-13,2.227485156e-13,4.730462447e-13,4.112913966e-13,2.463622674e-13,3.061839634e-14,1.627844707e-13,6.064913923e-14,3.345863758e-14,3.015167651e-14,3.768058561e-14,4.186205147e-14,1.236225673e-13,3.753403809e-13,1.948400275e-13,8.303582018e-14,9.678595184e-14,1.413417203e-13,6.707312261e-14
102.21875,2.298956572e-13,2.742122143e-14,2.314770289e-13,3.285452728e-13,1.619769013e-13,1.309322043e-13,5.342450956e-14,9.112414034e-14,6.222366906e-14,2.844532038e-13,1.003715445e-13,6.596523056e-14,7.732197876e-14,2.561667869e-13,2.242192113e-13,4.766310916e-13,4.107047338e-13,2.471356066e-13,3.048470387e-14,1.607349939e-13,6.1598795e-14,3.344714584e-14,3.034983904e-14,3.625024119e-14,4.235450853e-14,1.242474514e-13,3.774391502e-13,1.92503428e-13,8.169425141e-14,9.671805392e-14,1.38956126e-13,6.857109283e-14
102.2265625,2.249740545e-13,2.748459806e-14,2.326984458e-13,3.271423979e-13,1.633693635e-13,1.311260838e-13,5.2899545e-14,9.253274715e-14,6.212643621e-14,2.858437854e-13,1.025278766e-13,6.54064114e-14,7.877484285e-14,2.557424462e-13,2.258798351e-13,4.806141402e-13,4.103536299e-13,2.481205996e-13,3.040287437e-14,1.585945077e-13,6.250777663e-14,3.345034805e-14,3.055043263e-14,3.488457328e-14,4.292213116e-14,1.249419831e-13,3.794305906e-13,1.901219284e-13,8.050005202e-14,9.669523552e-14,1.367332547e-13,7.011255686e-14
102.234375,2.200921303e-13,2.763937332e-14,2.341883852e-13,3.256518042e-13,1.64819531e-13,1.313461222e-13,5.239131717e-14,9.401788655e-14,6.204514858e-14,2.871345277e-13,1.047654585e-13,6.492042937e-14,8.030022675e-14,2.55530799e-13,2.276429601e-13,4.848206262e-13,4.101494692e-13,2.492281353e-13,3.036745385e-14,1.564700368e-13,6.343229229e-14,3.347082815e-14,3.07607053e-14,3.359407167e-14,4.356162986e-14,1.257580842e-13,3.814473384e-13,1.877425056e-13,7.959815509e-14,9.670129425e-14,1.34699551e-13,7.172727855e-14
102.2421875,2.15364955e-13,2.794082236e-14,2.360629394e-13,3.240620877e-13,1.664325523e-13,1.31600472e-13,5.188816163e-14,9.549224548e-14,6.197277007e-14,2.882843359e-13,1.071100935e-13,6.457132358e-14,8.19279849e-14,2.556195086e-13,2.29487678e-13,4.890363523e-13,4.10076778e-13,2.505433242e-13,3.042842691e-14,1.543463097e-13,6.438033309e-14,3.351123968e-14,3.098054293e-14,3.234468384e-14,4.424668427e-14,1.266657564e-13,3.835927731e-13,1.853748308e-13,7.900437407e-14,9.674277571e-14,1.329146952e-13,7.342478101e-14
102.25,2.106962309e-13,2.844151574e-14,2.383057832e-13,3.227198421e-13,1.681153993e-13,1.3197164e-13,5.137063482e-14,9.690853789e-14,6.188446239e-14,2.892986509e-13,1.096167264e-13,6.433735602e-14,8.365220353e-14,2.557931021e-13,2.314808585e-13,4.932178316e-13,4.101085284e-13,2.521213936e-13,3.059766461e-14,1.521784785e-13,6.532380481e-14,3.356137837e-14,3.119915847e-14,3.113214011e-14,4.496884742e-14,1.275691027e-13,3.857448885e-13,1.831583668e-13,7.860020557e-14,9.683959529e-14,1.313177097e-13,7.515463287e-14
102.2578125,2.059208701e-13,2.899923173e-14,2.407345085e-13,3.215631963e-13,1.697459528e-13,1.3240437e-13,5.088331366e-14,9.834101499e-14,6.178290902e-14,2.902359502e-13,1.122344392e-13,6.414516101e-14,8.543138223e-14,2.559873244e-13,2.336170815e-13,4.974062659e-13,4.1007082e-13,2.538281908e-13,3.080825064e-14,1.500944774e-13,6.627703463e-14,3.361590773e-14,3.141269779e-14,2.996201045e-14,4.57431471e-14,1.284249774e-13,3.877378394e-13,1.809556764e-13,7.83808654e-14,9.693817868e-14,1.299085936e-13,7.68709744e-14
102.265625,2.012727046e-13,2.964420769e-14,2.433488314e-13,3.20307014e-13,1.714114681e-13,1.327934346e-13,5.042475011e-14,9.985791634e-14,6.168813331e-14,2.910247839e-13,1.148899776e-13,6.401254496e-14,8.725529252e-14,2.564306245e-13,2.3593622e-13,5.017501331e-13,4.10124163e-13,2.556631233e-13,3.105640126e-14,1.481164051e-13,6.725407912e-14,3.368581897e-14,3.162360928e-14,2.882140665e-14,4.657751123e-14,1.293059383e-13,3.896162937e-13,1.78545067e-13,7.840487833e-14,9.701769323e-14,1.287398636e-13,7.861843973e-14
102.2734375,1.968143395e-13,3.046461913e-14,2.462457524e-13,3.191290286e-13,1.730933203e-13,1.331648502e-13,4.99663753e-14,1.014340207e-13,6.15778645e-14,2.916633018e-13,1.176533437e-13,6.397713855e-14,8.914326176e-14,2.570589998e-13,2.384449519e-13,5.062405225e-13,4.104553467e-13,2.576601879e-13,3.137274737e-14,1.460882594e-13,6.822806953e-14,3.376622032e-14,3.183415222e-14,2.771442488e-14,4.745404247e-14,1.302751424e-13,3.914858396e-13,1.76111447e-13,7.869141177e-14,9.714908658e-14,1.276687553e-13,8.042853355e-14
102.28125,1.922135155e-13,3.133640469e-14,2.493734391e-13,3.181478981e-13,1.747123662e-13,1.335973261e-13,4.954298663e-14,1.030194947e-13,6.142460851e-14,2.922558144e-13,1.205187381e-13,6.400286431e-14,9.111170636e-14,2.576643817e-13,2.410052361e-13,5.105817741e-13,4.107022951e-13,2.597062422e-13,3.172246969e-14,1.439493186e-13,6.917608892e-14,3.384612903e-14,3.204778973e-14,2.66583808e-14,4.834790066e-14,1.312793831e-13,3.933503537e-13,1.737446805e-13,7.924258283e-14,9.733343501e-14,1.266061269e-13,8.222760236e-14
102.2890625,1.8759683e-13,3.228918409e-14,2.527077747e-13,3.17074206e-13,1.764272919e-13,1.341000327e-13,4.914815283e-14,1.046420524e-13,6.126141214e-14,2.926561351e-13,1.234021894e-13,6.408604003e-14,9.314757218e-14,2.58416595e-13,2.436535426e-13,5.147945869e-13,4.107491453e-13,2.618792975e-13,3.210687274e-14,1.418009328e-13,7.008725166e-14,3.393970533e-14,3.226669752e-14,2.566389536e-14,4.926685985e-14,1.322521183e-13,3.952216502e-13,1.712486437e-13,8.002880774e-14,9.750291232e-14,1.257349555e-13,8.400318041e-14
102.296875,1.832979648e-13,3.348599554e-14,2.563303731e-13,3.159025084e-13,1.782967754e-13,1.346386303e-13,4.871899215e-14,1.063489722e-13,6.112335426e-14,2.926733415e-13,1.264058296e-13,6.425417001e-14,9.522889851e-14,2.594578607e-13,2.465987865e-13,5.192772021e-13,4.110380649e-13,2.643645232e-13,3.257751195e-14,1.397968054e-13,7.097055562e-14,3.405558554e-14,3.249212529e-14,2.474191369e-14,5.024446698e-14,1.332314652e-13,3.970628173e-13,1.687049771e-13,8.098820847e-14,9.76768512e-14,1.251331717e-13,8.585270828e-14
102.3046875,1.790802054e-13,3.484945682e-14,2.602636127e-13,3.149158e-13,1.801055092e-13,1.352026468e-13,4.82654852e-14,1.08077314e-13,6.098537871e-14,2.924805629e-13,1.295741122e-13,6.448443714e-14,9.737874437e-14,2.605788142e-13,2.498259852e-13,5.24070438e-13,4.115909058e-13,2.670750942e-13,3.313405587e-14,1.379444863e-13,7.187486097e-14,3.417684207e-14,3.272276599e-14,2.388177153e-14,5.129399041e-14,1.342997872e-13,3.987445259e-13,1.662683984e-13,8.208084955e-14,9.791865233e-14,1.246792476e-13,8.776941907e-14
102.3125,1.747678966e-13,3.627201468e-14,2.644891236e-13,3.141262808e-13,1.818077123e-13,1.357993781e-13,4.783620042e-14,1.09753128e-13,6.080635992e-14,2.923336491e-13,1.327438359e-13,6.477460292e-14,9.963377182e-14,2.617006442e-13,2.532143739e-13,5.28942037e-13,4.121976905e-13,2.699381704e-13,3.376455142e-14,1.3604894e-13,7.282297434e-14,3.428493441e-14,3.294929446e-14,2.305580703e-14,5.240276365e-14,1.354780257e-13,4.003657016e-13,1.638399896e-13,8.335865446e-14,9.823682539e-14,1.24350802e-13,8.966500686e-14
102.3203125,1.706716128e-13,3.780970196e-14,2.690366526e-13,3.134283898e-13,1.836076783e-13,1.364475376e-13,4.743995223e-14,1.114271207e-13,6.058196279e-14,2.92258207e-13,1.359568793e-13,6.515510325e-14,1.019957617e-13,2.630610233e-13,2.568059262e-13,5.339059897e-13,4.13116166e-13,2.730571057e-13,3.447217493e-14,1.340335867e-13,7.3793756e-14,3.438311323e-14,3.317010786e-14,2.22756636e-14,5.355036098e-14,1.367236103e-13,4.021656254e-13,1.614431289e-13,8.491633746e-14,9.86226661e-14,1.242095364e-13,9.157406281e-14
102.328125,1.668574695e-13,3.949931535e-14,2.739486334e-13,3.128454245e-13,1.856172921e-13,1.37195005e-13,4.7078681e-14,1.131545176e-13,6.035463351e-14,2.921700145e-13,1.39406152e-13,6.563108814e-14,1.044559665e-13,2.648209585e-13,2.606267967e-13,5.389758071e-13,4.14350989e-13,2.763373495e-13,3.524169698e-14,1.320297383e-13,7.479913774e-14,3.450910415e-14,3.340091271e-14,2.156071778e-14,5.471727354e-14,1.379810351e-13,4.040381292e-13,1.591803019e-13,8.673702341e-14,9.906273178e-14,1.242953341e-13,9.356086842e-14
102.3359375,1.630073493e-13,4.132186e-14,2.791590719e-13,3.124048187e-13,1.877131234e-13,1.380077911e-13,4.675177473e-14,1.149247542e-13,6.016475873e-14,2.919707171e-13,1.430106486e-13,6.620399025e-14,1.069930888e-13,2.667757296e-13,2.645528058e-13,5.439887014e-13,4.154189137e-13,2.796024441e-13,3.606621425e-14,1.30090369e-13,7.583599926e-14,3.468072433e-14,3.36512342e-14,2.087764489e-14,5.590937514e-14,1.39218283e-13,4.058216669e-13,1.569398396e-13,8.876497074e-14,9.951083063e-14,1.246115186e-13,9.557482772e-14
102.34375,1.58997692e-13,4.327944621e-14,2.844519762e-13,3.120387862e-13,1.896825077e-13,1.387361097e-13,4.64412692e-14,1.167434789e-13,5.998512595e-14,2.915690194e-13,1.465742966e-13,6.683040685e-14,1.095866201e-13,2.685982048e-13,2.684278681e-13,5.48878686e-13,4.163020153e-13,2.829472344e-13,3.692763995e-14,1.281934611e-13,7.682207893e-14,3.48503217e-14,3.39240911e-14,2.021850321e-14,5.715911343e-14,1.404421201e-13,4.077172706e-13,1.54598849e-13,9.101910579e-14,9.992701305e-14,1.25079796e-13,9.758099933e-14
102.3515625,1.550323488e-13,4.542523e-14,2.897609213e-13,3.115607676e-13,1.9152594e-13,1.393758321e-13,4.61379175e-14,1.185997601e-13,5.978360368e-14,2.909600997e-13,1.500746168e-13,6.745163426e-14,1.122773376e-13,2.703802784e-13,2.722380082e-13,5.536690002e-13,4.173379132e-13,2.865012525e-13,3.78126996e-14,1.263312733e-13,7.774368486e-14,3.500012682e-14,3.423229228e-14,1.963657056e-14,5.848196575e-14,1.416854702e-13,4.097515829e-13,1.521503074e-13,9.34630636e-14,1.003300373e-13,1.256912302e-13,9.963413077e-14
102.359375,1.512778938e-13,4.775219683e-14,2.953422725e-13,3.109623285e-13,1.934531812e-13,1.401110808e-13,4.584624907e-14,1.204478488e-13,5.959056025e-14,2.902706508e-13,1.5359731e-13,6.813531863e-14,1.151041582e-13,2.724660894e-13,2.762031912e-13,5.58419571e-13,4.18493458e-13,2.9018528e-13,3.877063142e-14,1.244650068e-13,7.871414795e-14,3.517800667e-14,3.457016324e-14,1.912978532e-14,5.985591919e-14,1.429847548e-13,4.116042953e-13,1.496984571e-13,9.605985312e-14,1.007886584e-13,1.265219578e-13,1.01750585e-13
102.3671875,1.476219592e-13,5.014322097e-14,3.013548179e-13,3.105885263e-13,1.955399502e-13,1.409989427e-13,4.557556008e-14,1.222816612e-13,5.940078499e-14,2.896339715e-13,1.572674931e-13,6.894007671e-14,1.180324306e-13,2.748260367e-13,2.804927303e-13,5.632504174e-13,4.196595819e-13,2.939149641e-13,3.980713786e-14,1.226815417e-13,7.977461177e-14,3.538387185e-14,3.49035299e-14,1.864849606e-14,6.124280707e-14,1.443407865e-13,4.133020506e-13,1.474237107e-13,9.889311819e-14,1.013355046e-13,1.274783671e-13,1.038832544e-13
102.375,1.439324505e-13,5.265803115e-14,3.076653407e-13,3.104474191e-13,1.977027686e-13,1.419266029e-13,4.533592819e-14,1.241106166e-13,5.915404288e-14,2.889711219e-13,1.611145971e-13,6.976711798e-14,1.210369808e-13,2.772649902e-13,2.849349776e-13,5.681338956e-13,4.209374336e-13,2.977186148e-13,4.084873624e-14,1.210814343e-13,8.085620719e-14,3.557065418e-14,3.52206309e-14,1.822104877e-14,6.263412252e-14,1.456802214e-13,4.150940113e-13,1.452380298e-13,1.019303621e-13,1.019119938e-13,1.284576208e-13,1.060233715e-13
102.3828125,1.402940937e-13,5.543613217e-14,3.141770049e-13,3.100246368e-13,1.998276221e-13,1.427983872e-13,4.512576864e-14,1.259397522e-13,5.886068179e-14,2.881538369e-13,1.649716069e-13,7.057998794e-14,1.241101453e-13,2.797947101e-13,2.893402085e-13,5.729339831e-13,4.222801527e-13,3.016072564e-13,4.188708067e-14,1.19450911e-13,8.195210625e-14,3.573240331e-14,3.554072806e-14,1.789410432e-14,6.407492883e-14,1.469442885e-13,4.167990094e-13,1.428704568e-13,1.050225772e-13,1.024748612e-13,1.29599826e-13,1.082053315e-13
102.390625,1.367877109e-13,5.832130991e-14,3.208725315e-13,3.093012562e-13,2.018093972e-13,1.435901857e-13,4.49404806e-14,1.277843501e-13,5.858164345e-14,2.872997536e-13,1.687796971e-13,7.148184007e-14,1.272155693e-13,2.824281447e-13,2.938476294e-13,5.776608865e-13,4.235480844e-13,3.055638247e-13,4.297271937e-14,1.17661706e-13,8.309968192e-14,3.589609707e-14,3.586513575e-14,1.762119091e-14,6.559562899e-14,1.482072626e-13,4.182077532e-13,1.404011915e-13,1.082356901e-13,1.030711449e-13,1.310241422e-13,1.104337634e-13
102.3984375,1.33423812e-13,6.124935528e-14,3.277649609e-13,3.088083658e-13,2.038037457e-13,1.444246722e-13,4.47911231e-14,1.296041969e-13,5.832629443e-14,2.864581868e-13,1.727191929e-13,7.25154568e-14,1.303950812e-13,2.852858469e-13,2.986663012e-13,5.823529888e-13,4.248576598e-13,3.09654549e-13,4.414610615e-14,1.159864985e-13,8.427081202e-14,3.609567119e-14,3.61795828e-14,1.735463423e-14,6.715920973e-14,1.495503906e-13,4.195914987e-13,1.380577223e-13,1.117280321e-13,1.037219109e-13,1.326923855e-13,1.12672188e-13
102.40625,1.302208369e-13,6.444828531e-14,3.350206587e-13,3.085882355e-13,2.060700914e-13,1.454613579e-13,4.468049871e-14,1.313353145e-13,5.806819515e-14,2.854232173e-13,1.768510251e-13,7.365826206e-14,1.337455772e-13,2.885614779e-13,3.037234166e-13,5.869545263e-13,4.263889027e-13,3.139531601e-13,4.544306942e-14,1.144776529e-13,8.544666222e-14,3.634158982e-14,3.649979242e-14,1.713020573e-14,6.873501618e-14,1.509082747e-13,4.211880579e-13,1.357916207e-13,1.154917516e-13,1.0438731e-13,1.345712571e-13,1.148826214e-13
102.4140625,1.270816809e-13,6.784722405e-14,3.426923902e-13,3.08319438e-13,2.084320064e-13,1.465980782e-13,4.457732424e-14,1.329938763e-13,5.778678623e-14,2.842288998e-13,1.810823024e-13,7.488760546e-14,1.372265555e-13,2.920027362e-13,3.087692095e-13,5.914471367e-13,4.280699432e-13,3.183790651e-13,4.681961095e-14,1.128870382e-13,8.667593239e-14,3.659569026e-14,3.685810875e-14,1.698655246e-14,7.034128869e-14,1.522279435e-13,4.228743236e-13,1.335377159e-13,1.195097495e-13,1.050776116e-13,1.365992173e-13,1.170698682e-13
102.421875,1.239523279e-13,7.121634999e-14,3.506229475e-13,3.0806461e-13,2.106294224e-13,1.476832649e-13,4.446775894e-14,1.346253426e-13,5.748904435e-14,2.831053838e-13,1.854469852e-13,7.615248564e-14,1.407459358e-13,2.953407711e-13,3.137992974e-13,5.958889874e-13,4.297680804e-13,3.228098465e-13,4.818925582e-14,1.113107088e-13,8.798152394e-14,3.684632558e-14,3.725112549e-14,1.691985325e-14,7.199212834e-14,1.535983431e-13,4.245502525e-13,1.313358604e-13,1.237920778e-13,1.058302662e-13,1.387164307e-13,1.192866666e-13
102.4296875,1.209755309e-13,7.472657173e-14,3.588605933e-13,3.080241417e-13,2.128494764e-13,1.488424955e-13,4.439095155e-14,1.362394256e-13,5.720951501e-14,2.819534919e-13,1.899730844e-13,7.745144276e-14,1.443458599e-13,2.988919479e-13,3.191182732e-13,6.003906741e-13,4.315381438e-13,3.272804212e-13,4.958710887e-14,1.099383375e-13,8.931449724e-14,3.713091433e-14,3.765368769e-14,1.691520775e-14,7.368654962e-14,1.55071111e-13,4.262145502e-13,1.29127897e-13,1.282215255e-13,1.066317249e-13,1.40998375e-13,1.215340345e-13
102.4375,1.181970857e-13,7.858403303e-14,3.674737159e-13,3.081729587e-13,2.152746213e-13,1.501689637e-13,4.435598779e-14,1.378271875e-13,5.694922232e-14,2.806030582e-13,1.945510246e-13,7.884357511e-14,1.480889112e-13,3.028920068e-13,3.248094387e-13,6.049929665e-13,4.334427594e-13,3.318843485e-13,5.10881058e-14,1.085532266e-13,9.062325473e-14,3.745415628e-14,3.807033222e-14,1.694172832e-14,7.542019315e-14,1.565702509e-13,4.278282319e-13,1.268900776e-13,1.327443113e-13,1.074606991e-13,1.435158551e-13,1.237219985e-13
102.4453125,1.155311509e-13,8.262193225e-14,3.76242e-13,3.084475241e-13,2.17809251e-13,1.515402518e-13,4.432021147e-14,1.393632721e-13,5.667368069e-14,2.791538739e-13,1.991982154e-13,8.031227922e-14,1.519522003e-13,3.071492698e-13,3.305916314e-13,6.095296054e-13,4.353836255e-13,3.365850393e-13,5.266757829e-14,1.069822373e-13,9.192375155e-14,3.779624056e-14,3.851895351e-14,1.697258804e-14,7.71832816e-14,1.58042905e-13,4.294600253e-13,1.247052011e-13,1.375147277e-13,1.083062814e-13,1.462103199e-13,1.258412266e-13
102.453125,1.129272265e-13,8.666979915e-14,3.851770285e-13,3.088047994e-13,2.203595529e-13,1.529153708e-13,4.428688232e-14,1.40837073e-13,5.637560432e-14,2.776324801e-13,2.040227519e-13,8.180386528e-14,1.559165979e-13,3.11531151e-13,3.363720754e-13,6.139152304e-13,4.3729896e-13,3.412917056e-13,5.429208028e-14,1.053657485e-13,9.326949187e-14,3.814535317e-14,3.89957349e-14,1.703924655e-14,7.898759346e-14,1.59515173e-13,4.31163625e-13,1.225640477e-13,1.425778445e-13,1.091573293e-13,1.490124843e-13,1.279886026e-13
102.4609375,1.103103111e-13,9.093306537e-14,3.945298356e-13,3.091915881e-13,2.228166169e-13,1.543316442e-13,4.428154017e-14,1.422690091e-13,5.606297844e-14,2.759780064e-13,2.089356443e-13,8.335664426e-14,1.59986216e-13,3.159569178e-13,3.423245825e-13,6.183245485e-13,4.392795381e-13,3.460483536e-13,5.598897859e-14,1.037833382e-13,9.466593908e-14,3.848553806e-14,3.94974211e-14,1.718792192e-14,8.084706371e-14,1.610132052e-13,4.328002387e-13,1.204399717e-13,1.477909081e-13,1.100425903e-13,1.519329379e-13,1.301382604e-13
102.46875,1.077311505e-13,9.561730186e-14,4.041819618e-13,3.096303803e-13,2.251849266e-13,1.557827616e-13,4.428887978e-14,1.436798284e-13,5.57452514e-14,2.74377459e-13,2.138369915e-13,8.503337205e-14,1.641532001e-13,3.204061074e-13,3.484676822e-13,6.227971719e-13,4.414110074e-13,3.509870277e-13,5.777998734e-14,1.022560543e-13,9.609042415e-14,3.8837741e-14,4.002730121e-14,1.739729167e-14,8.273803148e-14,1.625423974e-13,4.343920059e-13,1.184240991e-13,1.531698939e-13,1.109842756e-13,1.550167166e-13,1.321973423e-13
102.4765625,1.05386224e-13,1.004449655e-13,4.139830158e-13,3.102020312e-13,2.277510607e-13,1.573383326e-13,4.432468611e-14,1.450939853e-13,5.545743528e-14,2.729808633e-13,2.188392964e-13,8.681575009e-14,1.683985953e-13,3.251011902e-13,3.547036991e-13,6.27130007e-13,4.436647724e-13,3.560971925e-13,5.962915269e-14,1.008914014e-13,9.755253061e-14,3.924203328e-14,4.05736359e-14,1.762012964e-14,8.463573681e-14,1.640982753e-13,4.361274389e-13,1.165607363e-13,1.588105289e-13,1.119442878e-13,1.582458847e-13,1.342359662e-13
102.484375,1.032163542e-13,1.052493004e-13,4.241492262e-13,3.110256773e-13,2.305847825e-13,1.590498105e-13,4.4419694e-14,1.464821505e-13,5.521120795e-14,2.715630163e-13,2.240183589e-13,8.865907473e-14,1.72695345e-13,3.30100219e-13,3.610352478e-13,6.312246178e-13,4.45918945e-13,3.612147993e-13,6.14820587e-14,9.964222831e-14,9.905146985e-14,3.968409522e-14,4.113130672e-14,1.787307818e-14,8.653226085e-14,1.6564515e-13,4.379062078e-13,1.147631285e-13,1.645968149e-13,1.129132003e-13,1.615799893e-13,1.363137039e-13
102.4921875,1.009336093e-13,1.103871994e-13,4.347181757e-13,3.121416706e-13,2.333380851e-13,1.607901565e-13,4.453844285e-14,1.477424168e-13,5.494425964e-14,2.699320091e-13,2.292794648e-13,9.054398568e-14,1.770583592e-13,3.351647326e-13,3.67512651e-13,6.351979447e-13,4.480606569e-13,3.662402873e-13,6.334242762e-14,9.831862554e-14,1.005757861e-13,4.012294864e-14,4.170694401e-14,1.819873711e-14,8.843695341e-14,1.671495032e-13,4.395706677e-13,1.129423487e-13,1.70460902e-13,1.139252636e-13,1.650406283e-13,1.383307536e-13
102.5,9.843991417e-14,1.158265399e-13,4.454194833e-13,3.132604953e-13,2.357978507e-13,1.62405223e-13,4.466013521e-14,1.488956742e-13,5.458878187e-14,2.682671301e-13,2.345444829e-13,9.240836078e-14,1.815069855e-13,3.401133537e-13,3.741488658e-13,6.392574802e-13,4.501275383e-13,3.712111646e-13,6.522244361e-14,9.692248714e-14,1.021499147e-13,4.051424397e-14,4.228904589e-14,1.857336422e-14,9.039453986e-14,1.686513882e-13,4.412172044e-13,1.110831507e-13,1.765112912e-13,1.149675437e-13,1.685465632e-13,1.402912689e-13
102.5078125,9.599521466e-14,1.212330256e-13,4.561872034e-13,3.140745776e-13,2.381680661e-13,1.639325343e-13,4.481347456e-14,1.500977059e-13,5.418826811e-14,2.667260869e-13,2.398401968e-13,9.420073324e-14,1.859790801e-13,3.449327448e-13,3.808482392e-13,6.4342749e-13,4.522766381e-13,3.762388696e-13,6.709864324e-14,9.559721647e-14,1.037737445e-13,4.084990499e-14,4.287953341e-14,1.895425641e-14,9.240106331e-14,1.701978742e-13,4.428626553e-13,1.092670099e-13,1.827124299e-13,1.160152339e-13,1.71970249e-13,1.423095462e-13
102.515625,9.397582653e-14,1.269182038e-13,4.67203684e-13,3.147817415e-13,2.40816911e-13,1.656203005e-13,4.499895457e-14,1.513564255e-13,5.386548757e-14,2.651691169e-13,2.452339688e-13,9.604277605e-14,1.904848998e-13,3.499615214e-13,3.87519526e-13,6.474141232e-13,4.54568177e-13,3.814130961e-13,6.90211386e-14,9.432196965e-14,1.054297643e-13,4.124029394e-14,4.351866849e-14,1.937283221e-14,9.438470459e-14,1.717448555e-13,4.444824129e-13,1.075908091e-13,1.890066633e-13,1.170821205e-13,1.755219067e-13,1.443292984e-13
102.5234375,9.225977926e-14,1.330507317e-13,4.785700708e-13,3.156511001e-13,2.438203722e-13,1.675715071e-13,4.521041214e-14,1.525288119e-13,5.36263613e-14,2.635144725e-13,2.507081883e-13,9.806554443e-14,1.951476686e-13,3.555889414e-13,3.942448268e-13,6.51036762e-13,4.568309579e-13,3.866075797e-13,7.103457156e-14,9.298808252e-14,1.071651667e-13,4.175516094e-14,4.421937987e-14,1.986031094e-14,9.635852718e-14,1.732764819e-13,4.461880208e-13,1.059776141e-13,1.955006675e-13,1.181746953e-13,1.794501896e-13,1.462482105e-13
102.53125,9.030176957e-14,1.391765339e-13,4.901950023e-13,3.164564424e-13,2.468599872e-13,1.695032484e-13,4.545147738e-14,1.535648516e-13,5.335458585e-14,2.619018295e-13,2.561847949e-13,1.001554206e-13,1.999268728e-13,3.614775883e-13,4.010073522e-13,6.543809098e-13,4.588212251e-13,3.915465373e-13,7.302121437e-14,9.166073076e-14,1.089969869e-13,4.227621007e-14,4.494376553e-14,2.037721281e-14,9.837936367e-14,1.74868314e-13,4.478670698e-13,1.042619849e-13,2.021780996e-13,1.192996854e-13,1.835011581e-13,1.481293808e-13
102.5390625,8.809810822e-14,1.453145574e-13,5.020614343e-13,3.170334955e-13,2.498123486e-13,1.712899726e-13,4.571172548e-14,1.545115812e-13,5.304232983e-14,2.603839466e-13,2.617805363e-13,1.021912565e-13,2.047033358e-13,3.671549466e-13,4.076527008e-13,6.574612175e-13,4.605887393e-13,3.962347473e-13,7.492311285e-14,9.044458522e-14,1.108653242e-13,4.274313363e-14,4.566433741e-14,2.092420772e-14,1.004068146e-13,1.764953808e-13,4.493755638e-13,1.024827395e-13,2.090058186e-13,1.204701174e-13,1.874090704e-13,1.500200095e-13
102.546875,8.605678595e-14,1.517516617e-13,5.143201538e-13,3.177108875e-13,2.528242479e-13,1.731760093e-13,4.600122467e-14,1.553952976e-13,5.276445884e-14,2.588764876e-13,2.676621095e-13,1.042726305e-13,2.095538815e-13,3.728017724e-13,4.143335087e-13,6.604592794e-13,4.624809143e-13,4.009736013e-13,7.685937483e-14,8.926587888e-14,1.127693112e-13,4.323915998e-14,4.638249048e-14,2.155904611e-14,1.024299943e-13,1.780548174e-13,4.509593428e-13,1.007998568e-13,2.161192588e-13,1.216572857e-13,1.913670553e-13,1.518610641e-13
102.5546875,8.414409317e-14,1.583675741e-13,5.267750314e-13,3.186418081e-13,2.557397085e-13,1.750828471e-13,4.631713993e-14,1.562123334e-13,5.248779831e-14,2.573509925e-13,2.736291193e-13,1.064489809e-13,2.145122695e-13,3.784552726e-13,4.212225517e-13,6.637426362e-13,4.646517235e-13,4.058769919e-13,7.88526695e-14,8.807323075e-14,1.147276685e-13,4.374217618e-14,4.710407362e-14,2.226576198e-14,1.045104642e-13,1.795858705e-13,4.5271784e-13,9.920456148e-14,2.234028725e-13,1.22834316e-13,1.955055677e-13,1.536441691e-13
102.5625,8.227177074e-14,1.652115646e-13,5.390543784e-13,3.195344183e-13,2.585055563e-13,1.767641144e-13,4.662808211e-14,1.569352339e-13,5.218982687e-14,2.558120297e-13,2.794621556e-13,1.086454921e-13,2.194641805e-13,3.839701157e-13,4.280580169e-13,6.670726651e-13,4.669193336e-13,4.107854631e-13,8.084566604e-14,8.693951279e-14,1.167030261e-13,4.420182718e-14,4.784184101e-14,2.300382304e-14,1.066135887e-13,1.811503902e-13,4.544379565e-13,9.76043188e-14,2.306489682e-13,1.2402181e-13,1.997180994e-13,1.553891181e-13
102.5703125,8.062151767e-14,1.723956594e-13,5.515127169e-13,3.202674302e-13,2.615527655e-13,1.785047159e-13,4.696700199e-14,1.575346548e-13,5.194653131e-14,2.542953066e-13,2.853868983e-13,1.109044614e-13,2.244656426e-13,3.898015555e-13,4.347240328e-13,6.698864322e-13,4.691290804e-13,4.155705943e-13,8.28973919e-14,8.581448954e-14,1.187275346e-13,4.470911318e-14,4.861239381e-14,2.379900613e-14,1.086786629e-13,1.826887933e-13,4.562137488e-13,9.60388986e-14,2.381125339e-13,1.252321976e-13,2.040349798e-13,1.570514068e-13
102.578125,7.906434057e-14,1.79720591e-13,5.646585561e-13,3.209819595e-13,2.648912874e-13,1.805465613e-13,4.738220304e-14,1.580348383e-13,5.174484575e-14,2.529033156e-13,2.91571452e-13,1.13270864e-13,2.296216454e-13,3.96137469e-13,4.415063608e-13,6.723190294e-13,4.712670232e-13,4.201869204e-13,8.502401126e-14,8.461142858e-14,1.208470554e-13,4.52893619e-14,4.94205788e-14,2.463575531e-14,1.107478463e-13,1.842021166e-13,4.582171129e-13,9.456144615e-14,2.459818205e-13,1.26456508e-13,2.084903335e-13,1.58613368e-13
102.5859375,7.740701128e-14,1.872233889e-13,5.781903149e-13,3.2170665e-13,2.680850719e-13,1.826119095e-13,4.784684058e-14,1.584904147e-13,5.151319907e-14,2.516056765e-13,2.978425009e-13,1.156533714e-13,2.348461654e-13,4.024675895e-13,4.484985159e-13,6.748252367e-13,4.734086917e-13,4.246722945e-13,8.714186705e-14,8.344191618e-14,1.229869861e-13,4.585877505e-14,5.026679973e-14,2.546188581e-14,1.128598061e-13,1.857662894e-13,4.602679189e-13,9.308377747e-14,2.539706062e-13,1.27693674e-13,2.130294615e-13,1.601357885e-13
102.59375,7.583345793e-14,1.950391614e-13,5.918695766e-13,3.224459037e-13,2.712197722e-13,1.84576253e-13,4.832852321e-14,1.589050089e-13,5.128763872e-14,2.502381684e-13,3.04239316e-13,1.180435128e-13,2.400980509e-13,4.087563992e-13,4.555774335e-13,6.774154841e-13,4.757281937e-13,4.292109637e-13,8.926075024e-14,8.239938628e-14,1.251385609e-13,4.642616201e-14,5.114040545e-14,2.631948311e-14,1.150093175e-13,1.873724393e-13,4.62292949e-13,9.156682458e-14,2.620051505e-13,1.289544672e-13,2.177458985e-13,1.616614873e-13
102.6015625,7.437380144e-14,2.029553701e-13,6.059599861e-13,3.232337069e-13,2.745089234e-13,1.86543613e-13,4.880692547e-14,1.592391174e-13,5.110634813e-14,2.488210997e-13,3.109713245e-13,1.204986248e-13,2.454011492e-13,4.152133535e-13,4.62617169e-13,6.798254415e-13,4.782029724e-13,4.338368728e-13,9.140874938e-14,8.141123229e-14,1.273941309e-13,4.702001632e-14,5.200542545e-14,2.725063983e-14,1.171840821e-13,1.889795484e-13,4.644315678e-13,9.01515882e-14,2.702912582e-13,1.302647224e-13,2.226508118e-13,1.631568343e-13
102.609375,7.287692692e-14,2.10855764e-13,6.203076128e-13,3.239624456e-13,2.777533868e-13,1.884647193e-13,4.926836087e-14,1.594921314e-13,5.094456825e-14,2.475068369e-13,3.178894996e-13,1.229557168e-13,2.506932571e-13,4.215728799e-13,4.694290776e-13,6.818461803e-13,4.805466221e-13,4.382931724e-13,9.353354296e-14,8.040787024e-14,1.297008649e-13,4.760978119e-14,5.286069826e-14,2.820657301e-14,1.193451795e-13,1.905566802e-13,4.666435092e-13,8.887969258e-14,2.787639118e-13,1.316132767e-13,2.275508618e-13,1.645641124e-13
102.6171875,7.145891302e-14,2.189708801e-13,6.346822041e-13,3.2459736e-13,2.809832023e-13,1.903689549e-13,4.975665154e-14,1.59684482e-13,5.081080582e-14,2.462825661e-13,3.247570902e-13,1.253982242e-13,2.560393507e-13,4.27899108e-13,4.761064789e-13,6.836652274e-13,4.827482774e-13,4.425371031e-13,9.565870768e-14,7.936542494e-14,1.31977816e-13,4.821782032e-14,5.377825892e-14,2.917980969e-14,1.215020701e-13,1.92091717e-13,4.688670042e-13,8.759153233e-14,2.873278655e-13,1.32945624e-13,2.324712378e-13,1.658892459e-13
102.625,7.017241623e-14,2.275529269e-13,6.493797358e-13,3.252472095e-13,2.843999125e-13,1.922981952e-13,5.028723047e-14,1.597865536e-13,5.069597155e-14,2.450769758e-13,3.316731352e-13,1.27906435e-13,2.615666335e-13,4.34513087e-13,4.82969118e-13,6.857487577e-13,4.85067572e-13,4.468322112e-13,9.786015195e-14,7.831626395e-14,1.343083471e-13,4.885367149e-14,5.478497594e-14,3.021725011e-14,1.23714333e-13,1.936774528e-13,4.711591238e-13,8.625993079e-14,2.960736202e-13,1.342899699e-13,2.375718125e-13,1.671932158e-13
102.6328125,6.886718819e-14,2.364559279e-13,6.644055233e-13,3.258249578e-13,2.878038282e-13,1.941188846e-13,5.082170583e-14,1.597818292e-13,5.055418168e-14,2.439210188e-13,3.388033777e-13,1.304270318e-13,2.671471848e-13,4.411355627e-13,4.898772232e-13,6.879258574e-13,4.874302493e-13,4.511581097e-13,1.001008226e-13,7.732225837e-14,1.367052587e-13,4.946089563e-14,5.579754483e-14,3.129986062e-14,1.259592196e-13,1.953445632e-13,4.734483611e-13,8.499349404e-14,3.049442671e-13,1.357134493e-13,2.427864187e-13,1.684805305e-13
102.640625,6.758743713e-14,2.452487776e-13,6.794379718e-13,3.26205758e-13,2.910110144e-13,1.958870237e-13,5.138742318e-14,1.597145725e-13,5.040918414e-14,2.42815159e-13,3.461072529e-13,1.328679346e-13,2.726127654e-13,4.475234272e-13,4.964958188e-13,6.89618416e-13,4.895660418e-13,4.552351804e-13,1.02292434e-13,7.631847062e-14,1.390640114e-13,5.004836482e-14,5.677021556e-14,3.237074354e-14,1.28185044e-13,1.969366813e-13,4.756408516e-13,8.374350671e-14,3.138279211e-13,1.371493479e-13,2.480182594e-13,1.696958817e-13
102.6484375,6.641953374e-14,2.54055435e-13,6.945824324e-13,3.265615715e-13,2.94156265e-13,1.977382136e-13,5.199879561e-14,1.595954858e-13,5.029771195e-14,2.417453886e-13,3.534695944e-13,1.352848408e-13,2.779909377e-13,4.538835107e-13,5.028967344e-13,6.909702135e-13,4.915163602e-13,4.590309917e-13,1.044049546e-13,7.528076949e-14,1.414328185e-13,5.065086294e-14,5.77519679e-14,3.341586447e-14,1.303857041e-13,1.984141485e-13,4.778307752e-13,8.247520569e-14,3.227608768e-13,1.38521297e-13,2.532488107e-13,1.7082883e-13
102.65625,6.529968177e-14,2.632985049e-13,7.099968903e-13,3.270308251e-13,2.973835256e-13,1.995701968e-13,5.259354214e-14,1.594035453e-13,5.02051414e-14,2.407621914e-13,3.608882441e-13,1.377310374e-13,2.833411566e-13,4.60282702e-13,5.092125173e-13,6.923430394e-13,4.934590899e-13,4.626836997e-13,1.064817135e-13,7.436319768e-14,1.439136948e-13,5.126228008e-14,5.875600958e-14,3.447045616e-14,1.325304433e-13,1.998969367e-13,4.801041898e-13,8.132455193e-14,3.317558863e-13,1.399080052e-13,2.584519698e-13,1.718972016e-13
102.6640625,6.424445914e-14,2.727669661e-13,7.255941973e-13,3.274623478e-13,3.007773256e-13,2.01348937e-13,5.318218228e-14,1.591499237e-13,5.014132935e-14,2.398337372e-13,3.684755723e-13,1.40179071e-13,2.886929173e-13,4.667598596e-13,5.154519757e-13,6.935622679e-13,4.954216117e-13,4.662505957e-13,1.086062096e-13,7.353594598e-14,1.464473523e-13,5.191317834e-14,5.975897541e-14,3.558513398e-14,1.346311505e-13,2.013755199e-13,4.824405688e-13,8.028605618e-14,3.408615851e-13,1.413771057e-13,2.637138445e-13,1.728964484e-13
102.671875,6.325444472e-14,2.823143943e-13,7.413924341e-13,3.277236517e-13,3.042505036e-13,2.030864598e-13,5.381038839e-14,1.588045518e-13,5.010667562e-14,2.389153575e-13,3.762569006e-13,1.426122197e-13,2.940166437e-13,4.733608338e-13,5.217053166e-13,6.945949282e-13,4.973903208e-13,4.697451461e-13,1.107647775e-13,7.261182975e-14,1.489624098e-13,5.258887365e-14,6.078389993e-14,3.675776221e-14,1.367710354e-13,2.02818493e-13,4.84873106e-13,7.922213648e-14,3.50219358e-13,1.428886248e-13,2.690388851e-13,1.73844743e-13
102.6796875,6.22351267e-14,2.922750632e-13,7.574405855e-13,3.278796023e-13,3.075782848e-13,2.046971391e-13,5.445495496e-14,1.583060739e-13,5.006154831e-14,2.381183159e-13,3.841301912e-13,1.450326647e-13,2.992256758e-13,4.79874544e-13,5.279560834e-13,6.95624784e-13,4.994020166e-13,4.73153665e-13,1.128681718e-13,7.167150707e-14,1.514851693e-13,5.320546081e-14,6.184116086e-14,3.794059983e-14,1.389363987e-13,2.042928827e-13,4.874366442e-13,7.818444508e-14,3.59814597e-13,1.444390676e-13,2.742487525e-13,1.747420693e-13
102.6875,6.128972598e-14,3.024958545e-13,7.738095508e-13,3.280394952e-13,3.108445903e-13,2.063534324e-13,5.512151214e-14,1.576892147e-13,5.002281524e-14,2.37472867e-13,3.920636207e-13,1.474694288e-13,3.044053884e-13,4.863568584e-13,5.341424003e-13,6.965376472e-13,5.015152342e-13,4.764993734e-13,1.149629368e-13,7.085889718e-14,1.540415653e-13,5.3801728e-14,6.290310683e-14,3.912430148e-14,1.410639752e-13,2.057636161e-13,4.900168124e-13,7.729387051e-14,3.694936566e-13,1.460632308e-13,2.794260462e-13,1.755292844e-13
102.6953125,6.055755509e-14,3.126377387e-13,7.904975735e-13,3.281880436e-13,3.142590939e-13,2.081708334e-13,5.582474459e-14,1.57030402e-13,5.002093131e-14,2.368462275e-13,4.000403151e-13,1.4992039e-13,3.096966797e-13,4.93052361e-13,5.403427113e-13,6.973580851e-13,5.037222813e-13,4.798378189e-13,1.171071784e-13,7.010094669e-14,1.566224113e-13,5.445370888e-14,6.398320478e-14,4.032172109e-14,1.431919633e-13,2.071800756e-13,4.924792176e-13,7.649096631e-14,3.790967249e-13,1.477222801e-13,2.847449929e-13,1.762313523e-13
102.703125,5.991484045e-14,3.228861367e-13,8.071512272e-13,3.28235328e-13,3.177343642e-13,2.098317915e-13,5.652367338e-14,1.563475854e-13,5.00382163e-14,2.362188204e-13,4.080150012e-13,1.523175665e-13,3.149983798e-13,4.997742441e-13,5.465130702e-13,6.98327044e-13,5.059344411e-13,4.830979927e-13,1.191889517e-13,6.935921858e-14,1.592108697e-13,5.510944906e-14,6.511910432e-14,4.152620396e-14,1.453546837e-13,2.086212732e-13,4.948955436e-13,7.565380201e-14,3.88561322e-13,1.493509679e-13,2.900435863e-13,1.769476824e-13
102.7109375,5.926483701e-14,3.333709074e-13,8.238402876e-13,3.282027646e-13,3.21180116e-13,2.113102005e-13,5.723150285e-14,1.556439566e-13,5.008501405e-14,2.356416411e-13,4.161639109e-13,1.547092585e-13,3.201976843e-13,5.064277776e-13,5.526006269e-13,6.994059202e-13,5.082076803e-13,4.86234734e-13,1.211886222e-13,6.865333758e-14,1.618354541e-13,5.574491276e-14,6.631199326e-14,4.27432976e-14,1.475212407e-13,2.100927081e-13,4.975057886e-13,7.481068712e-14,3.981748074e-13,1.50973057e-13,2.952688505e-13,1.776479401e-13
102.71875,5.864539382e-14,3.439790554e-13,8.411792199e-13,3.281150204e-13,3.245975436e-13,2.12892572e-13,5.798257703e-14,1.548976718e-13,5.014790163e-14,2.351263874e-13,4.246514372e-13,1.571749179e-13,3.253147718e-13,5.131218504e-13,5.587127517e-13,7.005237311e-13,5.106798285e-13,4.893317327e-13,1.232171956e-13,6.791291275e-14,1.645238877e-13,5.638007582e-14,6.753294101e-14,4.39812875e-14,1.49681572e-13,2.115406804e-13,5.003975241e-13,7.409312443e-14,4.081880462e-13,1.526770998e-13,3.005467721e-13,1.782516521e-13
102.7265625,5.799547927e-14,3.546502618e-13,8.588059967e-13,3.278499043e-13,3.278821269e-13,2.143830528e-13,5.87357238e-14,1.540443267e-13,5.015613864e-14,2.347503307e-13,4.332177361e-13,1.595634921e-13,3.303113309e-13,5.195316351e-13,5.646954779e-13,7.016665973e-13,5.131853785e-13,4.923286126e-13,1.252142584e-13,6.712825198e-14,1.671435903e-13,5.695940993e-14,6.873855031e-14,4.523136425e-14,1.518345842e-13,2.130115768e-13,5.033182908e-13,7.347831997e-14,4.182446934e-13,1.544680497e-13,3.05718898e-13,1.787874156e-13
102.734375,5.731808617e-14,3.653438331e-13,8.758915788e-13,3.273913263e-13,3.310408516e-13,2.155552624e-13,5.947826496e-14,1.530854901e-13,5.013223131e-14,2.345059956e-13,4.416404928e-13,1.617824769e-13,3.352100443e-13,5.255226851e-13,5.703404486e-13,7.026426022e-13,5.154839357e-13,4.951417443e-13,1.271097778e-13,6.636045608e-14,1.69574912e-13,5.748456228e-14,6.991019937e-14,4.648723487e-14,1.539814163e-13,2.144980485e-13,5.060390839e-13,7.280609385e-14,4.280710775e-13,1.562566267e-13,3.107269514e-13,1.792508806e-13
102.7421875,5.673268337e-14,3.761927298e-13,8.929448569e-13,3.268527135e-13,3.34150795e-13,2.166733375e-13,6.024304972e-14,1.520733792e-13,5.013352345e-14,2.342691145e-13,4.501314138e-13,1.639958551e-13,3.400961424e-13,5.314716265e-13,5.758651524e-13,7.034730974e-13,5.176811328e-13,4.978840821e-13,1.290047099e-13,6.563044027e-14,1.719886403e-13,5.801124068e-14,7.108116579e-14,4.772673672e-14,1.561338271e-13,2.159291455e-13,5.087139059e-13,7.210523778e-14,4.379687204e-13,1.580417074e-13,3.157323012e-13,1.795880376e-13
102.75,5.619580627e-14,3.872958252e-13,9.106466953e-13,3.262208216e-13,3.372306558e-13,2.178640343e-13,6.102120991e-14,1.509876649e-13,5.012071397e-14,2.340748533e-13,4.588447995e-13,1.662321634e-13,3.448825987e-13,5.373857834e-13,5.813825643e-13,7.043571426e-13,5.198972164e-13,5.005539815e-13,1.308960945e-13,6.499122983e-14,1.745596927e-13,5.850799008e-14,7.227615684e-14,4.89274083e-14,1.582548858e-13,2.173446092e-13,5.115166275e-13,7.151434006e-14,4.479632822e-13,1.598952783e-13,3.205663741e-13,1.798649918e-13
102.7578125,5.568198952e-14,3.984054063e-13,9.28510173e-13,3.2550545e-13,3.404920842e-13,2.190249148e-13,6.180850872e-14,1.498122974e-13,5.009490763e-14,2.339662104e-13,4.677164583e-13,1.683863916e-13,3.495463709e-13,5.431604654e-13,5.867458409e-13,7.052309698e-13,5.220860808e-13,5.030800674e-13,1.327323722e-13,6.446407016e-14,1.771941329e-13,5.898465049e-14,7.348398649e-14,5.011623294e-14,1.603249496e-13,2.187853585e-13,5.14342567e-13,7.099294297e-14,4.577609877e-13,1.617766483e-13,3.251630941e-13,1.801398017e-13
102.765625,5.53238486e-14,4.093959521e-13,9.462610017e-13,3.248182902e-13,3.439699448e-13,2.202042058e-13,6.261480638e-14,1.486169469e-13,5.010070526e-14,2.338080786e-13,4.767987745e-13,1.704921249e-13,3.54220698e-13,5.489763755e-13,5.920924223e-13,7.061407715e-13,5.243764813e-13,5.056020007e-13,1.346073722e-13,6.394542945e-14,1.797922402e-13,5.949754392e-14,7.470872176e-14,5.132663721e-14,1.624087294e-13,2.202106022e-13,5.171516795e-13,7.048312247e-14,4.67489827e-13,1.636247131e-13,3.298487505e-13,1.803313328e-13
102.7734375,5.507369965e-14,4.204906839e-13,9.642714356e-13,3.241587334e-13,3.472372564e-13,2.213852368e-13,6.341899576e-14,1.474023132e-13,5.009374183e-14,2.335948281e-13,4.861204926e-13,1.725440346e-13,3.588393358e-13,5.546185422e-13,5.974784061e-13,7.072254662e-13,5.268515336e-13,5.081275597e-13,1.36511482e-13,6.335432295e-14,1.823550833e-13,5.999417272e-14,7.596490366e-14,5.255630206e-14,1.645185757e-13,2.215889395e-13,5.199908562e-13,7.003740873e-14,4.773157988e-13,1.6549557e-13,3.345778648e-13,1.803962166e-13
102.78125,5.481827636e-14,4.318769028e-13,9.825724128e-13,3.234958995e-13,3.502763233e-13,2.22499828e-13,6.421204435e-14,1.460637911e-13,5.006291657e-14,2.335015027e-13,4.955649871e-13,1.745303083e-13,3.633069233e-13,5.598920921e-13,6.025943135e-13,7.081622404e-13,5.29254507e-13,5.105193511e-13,1.38371814e-13,6.271937226e-14,1.848812167e-13,6.045614248e-14,7.722645139e-14,5.378931197e-14,1.665884951e-13,2.228836192e-13,5.227463851e-13,6.968872296e-14,4.871255409e-13,1.674292257e-13,3.39160536e-13,1.803665525e-13
102.7890625,5.463190054e-14,4.434014753e-13,1.001119091e-12,3.227642848e-13,3.535237579e-13,2.235820148e-13,6.499709029e-14,1.445976539e-13,5.005552034e-14,2.336239226e-13,5.051363633e-13,1.765965966e-13,3.67739924e-13,5.651684045e-13,6.074337982e-13,7.087614934e-13,5.314505488e-13,5.129204892e-13,1.402798734e-13,6.214936304e-14,1.874429584e-13,6.093880117e-14,7.845081981e-14,5.499649347e-14,1.686140919e-13,2.241416867e-13,5.254360435e-13,6.94740048e-14,4.970053097e-13,1.694168776e-13,3.438232283e-13,1.802694416e-13
102.796875,5.447020941e-14,4.547458499e-13,1.019911016e-12,3.217628015e-13,3.568282126e-13,2.24500091e-13,6.576952909e-14,1.431114978e-13,5.003118661e-14,2.338977308e-13,5.14858253e-13,1.78680843e-13,3.721090711e-13,5.703824132e-13,6.121866957e-13,7.093897542e-13,5.335587951e-13,5.153613607e-13,1.421770008e-13,6.17633739e-14,1.900689248e-13,6.13798469e-14,7.965955842e-14,5.616718781e-14,1.706322685e-13,2.255351885e-13,5.282348773e-13,6.933468906e-14,5.070092183e-13,1.714592546e-13,3.484827372e-13,1.802013357e-13
102.8046875,5.422125282e-14,4.661120583e-13,1.03852293e-12,3.205144273e-13,3.597893929e-13,2.251592645e-13,6.655612311e-14,1.416291987e-13,4.997206837e-14,2.340935507e-13,5.2458108e-13,1.805210065e-13,3.762645175e-13,5.751130436e-13,6.166938487e-13,7.101105275e-13,5.355448742e-13,5.17503729e-13,1.438446275e-13,6.15182863e-14,1.926166818e-13,6.172977485e-14,8.091586285e-14,5.733807638e-14,1.726453201e-13,2.27039103e-13,5.310144725e-13,6.905043793e-14,5.168601527e-13,1.734649285e-13,3.527455849e-13,1.802248994e-13
102.8125,5.403433966e-14,4.778836549e-13,1.056754061e-12,3.19299334e-13,3.626125892e-13,2.257859364e-13,6.737185544e-14,1.400927605e-13,4.994642758e-14,2.340617169e-13,5.342674843e-13,1.821760865e-13,3.803094852e-13,5.796529743e-13,6.209104347e-13,7.106664886e-13,5.373799869e-13,5.193560786e-13,1.453837787e-13,6.125490144e-14,1.950499826e-13,6.207979473e-14,8.219928573e-14,5.852762859e-14,1.746554322e-13,2.284212593e-13,5.335748791e-13,6.863602644e-14,5.264570181e-13,1.753568499e-13,3.568112453e-13,1.802068986e-13
102.8203125,5.399600402e-14,4.896758226e-13,1.074902377e-12,3.182295378e-13,3.655641393e-13,2.264503466e-13,6.817346229e-14,1.384864967e-13,4.994728385e-14,2.339808955e-13,5.440651689e-13,1.838655136e-13,3.843868061e-13,5.843453533e-13,6.250796292e-13,7.111568486e-13,5.392322978e-13,5.212720581e-13,1.470181855e-13,6.094721226e-14,1.974941662e-13,6.245629179e-14,8.343768045e-14,5.9733266e-14,1.766569423e-13,2.296537411e-13,5.360235759e-13,6.835795727e-14,5.359174925e-13,1.77265443e-13,3.61011124e-13,1.800368032e-13
102.828125,5.398732926e-14,5.011908446e-13,1.092979851e-12,3.172527606e-13,3.685155606e-13,2.269779702e-13,6.893306598e-14,1.368397121e-13,4.993292419e-14,2.340463315e-13,5.539674644e-13,1.855597248e-13,3.8841749e-13,5.889165498e-13,6.29109187e-13,7.116102331e-13,5.410570293e-13,5.232046284e-13,1.486838247e-13,6.066089111e-14,1.999698635e-13,6.280259968e-14,8.465951425e-14,6.097489935e-14,1.786121103e-13,2.308461371e-13,5.383950257e-13,6.824024891e-14,5.452136181e-13,1.792777586e-13,3.651599891e-13,1.797754179e-13
102.8359375,5.404284267e-14,5.127737621e-13,1.110864864e-12,3.161725047e-13,3.713646753e-13,2.273864195e-13,6.967924374e-14,1.351968449e-13,4.991159463e-14,2.342417151e-13,5.638331826e-13,1.871573788e-13,3.922827155e-13,5.932196336e-13,6.327393696e-13,7.11779223e-13,5.426447812e-13,5.249165259e-13,1.502751545e-13,6.039935408e-14,2.024243969e-13,6.310924923e-14,8.592979486e-14,6.222661415e-14,1.805083705e-13,2.319785974e-13,5.405736014e-13,6.814053754e-14,5.54329816e-13,1.812761305e-13,3.690986153e-13,1.79465594e-13
102.84375,5.422491473e-14,5.243037863e-13,1.128823091e-12,3.147805378e-13,3.741006579e-13,2.277494018e-13,7.044968867e-14,1.335754743e-13,4.986940981e-14,2.344626798e-13,5.737240062e-13,1.886665026e-13,3.959697321e-13,5.973412195e-13,6.361468928e-13,7.118769096e-13,5.441335818e-13,5.265181469e-13,1.518193354e-13,6.016386351e-14,2.048544709e-13,6.336774489e-14,8.722491357e-14,6.343598434e-14,1.823740528e-13,2.330944891e-13,5.427076785e-13,6.807978578e-14,5.63403088e-13,1.832381159e-13,3.729115435e-13,1.79110461e-13
102.8515625,5.441498841e-14,5.355260654e-13,1.147092699e-12,3.133980494e-13,3.766898386e-13,2.280306079e-13,7.123824948e-14,1.319105803e-13,4.981388248e-14,2.345342112e-13,5.83893237e-13,1.901437133e-13,3.995610653e-13,6.012160088e-13,6.396370128e-13,7.123448493e-13,5.457746261e-13,5.28202682e-13,1.533238832e-13,5.998141486e-14,2.07278295e-13,6.358329953e-14,8.85174033e-14,6.464683495e-14,1.842272162e-13,2.343126115e-13,5.449958733e-13,6.811578318e-14,5.725571202e-13,1.852624191e-13,3.766539897e-13,1.787450167e-13
102.859375,5.457816139e-14,5.466169264e-13,1.165471872e-12,3.123291035e-13,3.792446515e-13,2.282738347e-13,7.200698109e-14,1.301545265e-13,4.978394154e-14,2.344703358e-13,5.944011742e-13,1.916197607e-13,4.031018697e-13,6.048658079e-13,6.430971385e-13,7.130024101e-13,5.47455192e-13,5.299674901e-13,1.547959726e-13,5.984236011e-14,2.097106601e-13,6.380781462e-14,8.981617055e-14,6.589939847e-14,1.860716776e-13,2.355102884e-13,5.472867047e-13,6.822748157e-14,5.817375759e-13,1.873021932e-13,3.80372748e-13,1.783286985e-13
102.8671875,5.480721353e-14,5.574619266e-13,1.183522274e-12,3.110501363e-13,3.818798714e-13,2.284951905e-13,7.276746111e-14,1.283848599e-13,4.974039705e-14,2.345679266e-13,6.049855029e-13,1.929959608e-13,4.064761272e-13,6.083543438e-13,6.462122873e-13,7.13403578e-13,5.4896727e-13,5.31705724e-13,1.562546831e-13,5.972631591e-14,2.120822699e-13,6.404211185e-14,9.109594346e-14,6.710622167e-14,1.879126298e-13,2.364868646e-13,5.493404025e-13,6.836474469e-14,5.907234258e-13,1.892508745e-13,3.83985648e-13,1.778015008e-13
102.875,5.510383119e-14,5.682401215e-13,1.20114769e-12,3.092949064e-13,3.844549427e-13,2.286074357e-13,7.354459308e-14,1.266801418e-13,4.964464705e-14,2.348130034e-13,6.155133564e-13,1.941790034e-13,4.095934485e-13,6.115164746e-13,6.489294727e-13,7.135261997e-13,5.50231684e-13,5.332027886e-13,1.576694102e-13,5.967109644e-14,2.143216469e-13,6.425003326e-14,9.233633179e-14,6.822649354e-14,1.897142946e-13,2.373197131e-13,5.511281261e-13,6.846862438e-14,5.994602699e-13,1.911310047e-13,3.872923266e-13,1.772291244e-13
102.8828125,5.538546754e-14,5.794665163e-13,1.218742972e-12,3.076130807e-13,3.868037718e-13,2.285882309e-13,7.428354245e-14,1.250125663e-13,4.953767042e-14,2.349286894e-13,6.261959663e-13,1.952672173e-13,4.12496371e-13,6.142218309e-13,6.513875354e-13,7.135194231e-13,5.510884364e-13,5.343024327e-13,1.590164888e-13,5.974448521e-14,2.165298667e-13,6.442571837e-14,9.354803996e-14,6.935637602e-14,1.914050373e-13,2.381750017e-13,5.526925052e-13,6.857418678e-14,6.080451025e-13,1.930081125e-13,3.903221964e-13,1.766730913e-13
102.890625,5.560449773e-14,5.905863772e-13,1.236331966e-12,3.059800237e-13,3.890081268e-13,2.284256257e-13,7.497412968e-14,1.233222581e-13,4.944147545e-14,2.349950276e-13,6.370204113e-13,1.963298455e-13,4.151760805e-13,6.16579305e-13,6.535967591e-13,7.133712854e-13,5.515490395e-13,5.351888959e-13,1.602880108e-13,5.989909114e-14,2.187293344e-13,6.455137569e-14,9.473288755e-14,7.052983489e-14,1.929974056e-13,2.390250528e-13,5.54042925e-13,6.875127404e-14,6.162864323e-13,1.948904671e-13,3.932116801e-13,1.760950091e-13
102.8984375,5.582734207e-14,6.01107578e-13,1.253505699e-12,3.038985555e-13,3.911913538e-13,2.281448618e-13,7.570892103e-14,1.215724088e-13,4.935351672e-14,2.351464643e-13,6.476824519e-13,1.973054553e-13,4.176183269e-13,6.187334641e-13,6.555109336e-13,7.130947677e-13,5.520138075e-13,5.361080302e-13,1.615041556e-13,6.000645661e-14,2.207413458e-13,6.462042034e-14,9.590761591e-14,7.167416591e-14,1.945803253e-13,2.397805772e-13,5.552582694e-13,6.896102199e-14,6.240493419e-13,1.967644521e-13,3.959673394e-13,1.754720551e-13
102.90625,5.616235593e-14,6.116535965e-13,1.270538042e-12,3.016916878e-13,3.932583689e-13,2.27894177e-13,7.647949187e-14,1.197766421e-13,4.927384991e-14,2.3525475e-13,6.583603969e-13,1.982157296e-13,4.198938184e-13,6.206718518e-13,6.572106627e-13,7.12813091e-13,5.526351036e-13,5.369819496e-13,1.627418088e-13,6.011570539e-14,2.225905395e-13,6.467399526e-14,9.708335418e-14,7.276710908e-14,1.961451249e-13,2.404547113e-13,5.564521049e-13,6.921734867e-14,6.316963708e-13,1.986436216e-13,3.986105109e-13,1.748140772e-13
102.9140625,5.660095912e-14,6.222530206e-13,1.287903605e-12,2.998008577e-13,3.951411533e-13,2.276609491e-13,7.719256444e-14,1.180152079e-13,4.917193577e-14,2.353278097e-13,6.694659119e-13,1.991062298e-13,4.219918268e-13,6.22317833e-13,6.587364878e-13,7.125622574e-13,5.530974813e-13,5.376825504e-13,1.639858077e-13,6.038143115e-14,2.244899168e-13,6.473064525e-14,9.82301373e-14,7.38417125e-14,1.976171157e-13,2.410882344e-13,5.575949059e-13,6.960708202e-14,6.394138912e-13,2.005313024e-13,4.011041469e-13,1.741187317e-13
102.921875,5.706361142e-14,6.324578068e-13,1.305159464e-12,2.979152196e-13,3.970577676e-13,2.272602769e-13,7.786998235e-14,1.163231705e-13,4.904235542e-14,2.354501143e-13,6.807219012e-13,1.999490121e-13,4.238766566e-13,6.237465958e-13,6.600080449e-13,7.121959783e-13,5.532341037e-13,5.382999714e-13,1.651470176e-13,6.075371938e-14,2.264583113e-13,6.477829567e-14,9.934145145e-14,7.491791713e-14,1.990191967e-13,2.416785749e-13,5.585639817e-13,7.00663441e-14,6.469283315e-13,2.023663066e-13,4.033227394e-13,1.734002356e-13
102.9296875,5.749458663e-14,6.424077605e-13,1.321910196e-12,2.958017331e-13,3.991345957e-13,2.267001235e-13,7.8566357e-14,1.146379557e-13,4.89102055e-14,2.355643702e-13,6.917285501e-13,2.00768182e-13,4.256207413e-13,6.250268169e-13,6.610332761e-13,7.116044815e-13,5.530688153e-13,5.388571808e-13,1.662791397e-13,6.11046906e-14,2.283973659e-13,6.481818283e-14,1.004251828e-13,7.600761612e-14,2.003881008e-13,2.422321984e-13,5.59356911e-13,7.051942386e-14,6.541404828e-13,2.041233188e-13,4.053480852e-13,1.726801747e-13
102.9375,5.789319711e-14,6.518743993e-13,1.338485116e-12,2.936133205e-13,4.01156269e-13,2.261123611e-13,7.92616347e-14,1.129302654e-13,4.876761317e-14,2.356820326e-13,7.028050141e-13,2.015661976e-13,4.272213947e-13,6.26058468e-13,6.618924288e-13,7.109455355e-13,5.526132981e-13,5.392137741e-13,1.674446185e-13,6.145751295e-14,2.302431327e-13,6.48487175e-14,1.014592708e-13,7.708515529e-14,2.016807213e-13,2.427702197e-13,5.600314972e-13,7.105120714e-14,6.610805698e-13,2.058738933e-13,4.073149247e-13,1.71961241e-13
102.9453125,5.837256034e-14,6.606443393e-13,1.354937999e-12,2.913292724e-13,4.030025474e-13,2.255419829e-13,7.996191357e-14,1.112414279e-13,4.861600288e-14,2.358050597e-13,7.142590133e-13,2.022531972e-13,4.285801959e-13,6.268796325e-13,6.625533138e-13,7.103585974e-13,5.52120279e-13,5.393489395e-13,1.685539013e-13,6.183711329e-14,2.319383137e-13,6.485999669e-14,1.024604624e-13,7.810065031e-14,2.02892449e-13,2.432441206e-13,5.60510101e-13,7.170082443e-14,6.676135718e-13,2.076308703e-13,4.091054979e-13,1.712248723e-13
102.953125,5.899185288e-14,6.694081924e-13,1.371012912e-12,2.88839532e-13,4.047278236e-13,2.249440264e-13,8.069337099e-14,1.096000073e-13,4.845220327e-14,2.358559632e-13,7.258208054e-13,2.028003115e-13,4.296749528e-13,6.275241652e-13,6.629396818e-13,7.096743942e-13,5.51769631e-13,5.39346067e-13,1.695826683e-13,6.22287879e-14,2.335024211e-13,6.4829213e-14,1.034762138e-13,7.905884368e-14,2.040673098e-13,2.435909785e-13,5.607170128e-13,7.239357487e-14,6.73785754e-13,2.093333644e-13,4.105886982e-13,1.704486565e-13
102.9609375,5.962313271e-14,6.783206676e-13,1.386715734e-12,2.861644918e-13,4.062130308e-13,2.24113216e-13,8.142017774e-14,1.080171275e-13,4.823044445e-14,2.358975496e-13,7.373209238e-13,2.032118883e-13,4.304868546e-13,6.276420412e-13,6.630507254e-13,7.088420248e-13,5.512906615e-13,5.392294173e-13,1.705941904e-13,6.271364015e-14,2.349658252e-13,6.47215461e-14,1.044999422e-13,7.997135414e-14,2.052033135e-13,2.439008527e-13,5.607800555e-13,7.30885393e-14,6.797661762e-13,2.110025455e-13,4.11770947e-13,1.696749069e-13
102.96875,6.021447984e-14,6.866801316e-13,1.402047936e-12,2.834062699e-13,4.074689815e-13,2.22941646e-13,8.21029248e-14,1.06473575e-13,4.797885613e-14,2.359731064e-13,7.489876013e-13,2.034974518e-13,4.310038475e-13,6.271479714e-13,6.6290241e-13,7.080703208e-13,5.505378738e-13,5.390494052e-13,1.715576592e-13,6.334611459e-14,2.36349762e-13,6.456675244e-14,1.054929535e-13,8.083337218e-14,2.062781343e-13,2.44307094e-13,5.608175294e-13,7.381328359e-14,6.854988114e-13,2.126998844e-13,4.126885672e-13,1.689472712e-13
102.9765625,6.084149347e-14,6.943017167e-13,1.417088744e-12,2.807851278e-13,4.088461774e-13,2.217443626e-13,8.275882026e-14,1.04891922e-13,4.776875322e-14,2.360022863e-13,7.609082155e-13,2.037901172e-13,4.313614129e-13,6.265820935e-13,6.625089341e-13,7.072612116e-13,5.496235767e-13,5.388452112e-13,1.724640299e-13,6.402706802e-14,2.378129545e-13,6.444847234e-14,1.064321083e-13,8.17188893e-14,2.072758877e-13,2.447262782e-13,5.607304192e-13,7.464411312e-14,6.909949788e-13,2.14413263e-13,4.134638073e-13,1.681635795e-13
102.984375,6.147052368e-14,7.015124411e-13,1.431995947e-12,2.783055068e-13,4.103964803e-13,2.207459583e-13,8.342442211e-14,1.032394985e-13,4.754912306e-14,2.360027226e-13,7.727608549e-13,2.04140703e-13,4.316480163e-13,6.261213068e-13,6.618943949e-13,7.061342459e-13,5.484462291e-13,5.384970805e-13,1.733786497e-13,6.466479197e-14,2.393824754e-13,6.435543871e-14,1.073290564e-13,8.267864135e-14,2.081908895e-13,2.44975403e-13,5.603964911e-13,7.558924737e-14,6.963502169e-13,2.160601852e-13,4.141555998e-13,1.672316564e-13
102.9921875,6.202725845e-14,7.08514875e-13,1.446371108e-12,2.755743216e-13,4.118203577e-13,2.196893734e-13,8.409883315e-14,1.01595118e-13,4.72623078e-14,2.359659155e-13,7.842617761e-13,2.043713206e-13,4.317371047e-13,6.253231833e-13,6.609712617e-13,7.04709935e-13,5.469320513e-13,5.37888947e-13,1.742603972e-13,6.529956829e-14,2.407835993e-13,6.419828992e-14,1.081992366e-13,8.360767219e-14,2.090442283e-13,2.450302795e-13,5.59778258e-13,7.650423403e-14,7.012980031e-13,2.175300558e-13,4.145916128e-13,1.662540566e-13
103,6.251463413e-14,7.151702558e-13,1.459702335e-12,2.725591367e-13,4.13096736e-13,2.184151093e-13,8.474587619e-14,1.000434839e-13,4.696649936e-14,2.358134442e-13,7.955522485e-13,2.044124643e-13,4.315522532e-13,6.240152416e-13,6.596180747e-13,7.030576206e-13,5.451870646e-13,5.370754029e-13,1.750219465e-13,6.602111756e-14,2.419210543e-13,6.397725978e-14,1.089915347e-13,8.444711984e-14,2.098284405e-13,2.44940293e-13,5.588620915e-13,7.732472521e-14,7.056059003e-13,2.188053023e-13,4.147020598e-13,1.653097991e-13
103.0078125,6.29671885e-14,7.211082491e-13,1.472173658e-12,2.697826445e-13,4.143078077e-13,2.170930576e-13,8.536067037e-14,9.859643764e-14,4.667345576e-14,2.356606458e-13,8.067544084e-13,2.043616946e-13,4.311773625e-13,6.22391026e-13,6.579750965e-13,7.012530424e-13,5.432107113e-13,5.361650403e-13,1.756804564e-13,6.686419349e-14,2.429578161e-13,6.375239105e-14,1.096956505e-13,8.530150907e-14,2.105252005e-13,2.447319737e-13,5.577531565e-13,7.817023128e-14,7.095561636e-13,2.200074036e-13,4.146007445e-13,1.643199867e-13
103.015625,6.346412748e-14,7.263109474e-13,1.484231619e-12,2.673502699e-13,4.15372971e-13,2.157837959e-13,8.596766781e-14,9.722073648e-14,4.633520818e-14,2.356191246e-13,8.177884279e-13,2.042364052e-13,4.306432794e-13,6.205848835e-13,6.562603496e-13,6.995138014e-13,5.410896494e-13,5.352565394e-13,1.762956621e-13,6.777730313e-14,2.439269642e-13,6.3525047e-14,1.10429043e-13,8.62188046e-14,2.111757951e-13,2.444944524e-13,5.565354791e-13,7.910355725e-14,7.133145695e-13,2.212250554e-13,4.142869338e-13,1.632561061e-13
103.0234375,6.406962398e-14,7.310352173e-13,1.496066096e-12,2.648864595e-13,4.164507834e-13,2.144135993e-13,8.656242173e-14,9.588341179e-14,4.600354571e-14,2.355545341e-13,8.289504898e-13,2.041001622e-13,4.299636588e-13,6.187322075e-13,6.543916246e-13,6.977356483e-13,5.389238273e-13,5.344384489e-13,1.769193053e-13,6.86783305e-14,2.448420923e-13,6.329873147e-14,1.112071816e-13,8.714044055e-14,2.117822077e-13,2.442663967e-13,5.550610642e-13,8.010654648e-14,7.166845447e-13,2.224205667e-13,4.138336886e-13,1.621682181e-13
103.03125,6.473880857e-14,7.3526968e-13,1.507460196e-12,2.623712704e-13,4.176907521e-13,2.129425164e-13,8.714130025e-14,9.458560432e-14,4.572292459e-14,2.353681307e-13,8.404120504e-13,2.040517818e-13,4.2921673e-13,6.168392128e-13,6.522634578e-13,6.956434839e-13,5.364484823e-13,5.336439362e-13,1.77565632e-13,6.956263231e-14,2.457743733e-13,6.309195564e-14,1.118911529e-13,8.805229425e-14,2.122821701e-13,2.439415627e-13,5.532911932e-13,8.118548469e-14,7.197448772e-13,2.235022181e-13,4.134286696e-13,1.610516599e-13
103.0390625,6.536825531e-14,7.38985687e-13,1.517916364e-12,2.599326483e-13,4.187856425e-13,2.113132681e-13,8.771528517e-14,9.333688171e-14,4.540900741e-14,2.351187061e-13,8.515585388e-13,2.039374777e-13,4.28304935e-13,6.146185042e-13,6.499627093e-13,6.93340101e-13,5.334947902e-13,5.326526486e-13,1.781750997e-13,7.050676945e-14,2.466152433e-13,6.284691497e-14,1.124619605e-13,8.895324268e-14,2.126878824e-13,2.434946431e-13,5.513723805e-13,8.229802297e-14,7.225970736e-13,2.244292943e-13,4.128936983e-13,1.598979636e-13
103.046875,6.590887606e-14,7.423323946e-13,1.527536517e-12,2.574219738e-13,4.196110972e-13,2.095698809e-13,8.826696461e-14,9.211375966e-14,4.50315324e-14,2.348297268e-13,8.622621845e-13,2.036179671e-13,4.270314014e-13,6.11964853e-13,6.474434786e-13,6.909182135e-13,5.30324111e-13,5.313961537e-13,1.787412474e-13,7.155024556e-14,2.472752181e-13,6.253973003e-14,1.130081354e-13,8.981978403e-14,2.130436662e-13,2.430212267e-13,5.49230699e-13,8.342168367e-14,7.249205873e-13,2.253006979e-13,4.119635808e-13,1.58723716e-13
103.0546875,6.645343516e-14,7.453971434e-13,1.536914879e-12,2.548711662e-13,4.204693422e-13,2.078584026e-13,8.878860519e-14,9.091711352e-14,4.467348166e-14,2.344724196e-13,8.732086493e-13,2.03254851e-13,4.255078637e-13,6.090984816e-13,6.446390023e-13,6.883535579e-13,5.27125119e-13,5.300587759e-13,1.793414668e-13,7.268757697e-14,2.478627564e-13,6.226178349e-14,1.135441637e-13,9.070577433e-14,2.133396226e-13,2.425221995e-13,5.468159612e-13,8.463188899e-14,7.267474856e-13,2.26203765e-13,4.108357001e-13,1.575169502e-13
103.0625,6.703492993e-14,7.48101986e-13,1.545889029e-12,2.524099471e-13,4.213553764e-13,2.061370646e-13,8.929607681e-14,8.97976249e-14,4.433980176e-14,2.340540053e-13,8.842519573e-13,2.029217488e-13,4.239138581e-13,6.06015166e-13,6.416425723e-13,6.857839876e-13,5.237766984e-13,5.287206785e-13,1.799416656e-13,7.392983647e-14,2.484163093e-13,6.202222403e-14,1.140654934e-13,9.167401581e-14,2.13568477e-13,2.419423234e-13,5.442773594e-13,8.592520209e-14,7.285389321e-13,2.270356144e-13,4.096580709e-13,1.562908405e-13
103.0703125,6.748633347e-14,7.502186266e-13,1.554040713e-12,2.498427044e-13,4.220619259e-13,2.042669207e-13,8.976747895e-14,8.875941909e-14,4.398021494e-14,2.336129471e-13,8.948410265e-13,2.025043519e-13,4.220963481e-13,6.025490339e-13,6.383169092e-13,6.830360287e-13,5.200578147e-13,5.272266025e-13,1.804348489e-13,7.51974379e-14,2.489077651e-13,6.174055188e-14,1.14568545e-13,9.266222285e-14,2.137011536e-13,2.412682845e-13,5.414757034e-13,8.724541185e-14,7.30175123e-13,2.277334376e-13,4.08268826e-13,1.550712333e-13
103.078125,6.786627995e-14,7.516955222e-13,1.561684088e-12,2.471732943e-13,4.22719267e-13,2.023006047e-13,9.018379232e-14,8.775766149e-14,4.36232156e-14,2.331673124e-13,9.053782077e-13,2.020441577e-13,4.200023158e-13,5.988827268e-13,6.345196291e-13,6.798682574e-13,5.159487816e-13,5.255664858e-13,1.808565955e-13,7.633259481e-14,2.49362049e-13,6.144742874e-14,1.150126683e-13,9.361263158e-14,2.137023839e-13,2.404604909e-13,5.38314056e-13,8.864055388e-14,7.313081638e-13,2.283906976e-13,4.067850483e-13,1.53813649e-13
103.0859375,6.842660782e-14,7.526884663e-13,1.568889411e-12,2.446853854e-13,4.234325913e-13,2.003364497e-13,9.059184102e-14,8.680847687e-14,4.327993845e-14,2.327138569e-13,9.160587927e-13,2.016024226e-13,4.178954947e-13,5.952162096e-13,6.305714929e-13,6.7664293e-13,5.116915126e-13,5.238675455e-13,1.812870727e-13,7.737877447e-14,2.496889585e-13,6.11885671e-14,1.154037874e-13,9.459435275e-14,2.136431953e-13,2.395224094e-13,5.351284262e-13,9.010588919e-14,7.321147987e-13,2.289695442e-13,4.053614061e-13,1.525078002e-13
103.09375,6.902174737e-14,7.531717281e-13,1.575130543e-12,2.422380306e-13,4.240804908e-13,1.983312016e-13,9.103863602e-14,8.595814092e-14,4.290511192e-14,2.322388109e-13,9.26267511e-13,2.010767888e-13,4.157631258e-13,5.91363503e-13,6.266324956e-13,6.735295939e-13,5.073282301e-13,5.220277913e-13,1.81681169e-13,7.853997118e-14,2.497771129e-13,6.09067782e-14,1.157709162e-13,9.562520373e-14,2.135848032e-13,2.385478962e-13,5.318563418e-13,9.15155833e-14,7.325923983e-13,2.293398079e-13,4.036995654e-13,1.512381895e-13
103.1015625,6.944334596e-14,7.531988624e-13,1.580431163e-12,2.396207231e-13,4.247007237e-13,1.962248478e-13,9.150088991e-14,8.517346418e-14,4.251497881e-14,2.316564639e-13,9.360001038e-13,2.004651457e-13,4.133383361e-13,5.872832937e-13,6.224711185e-13,6.702460424e-13,5.02776253e-13,5.200372342e-13,1.820071484e-13,7.983751702e-14,2.497275484e-13,6.05969643e-14,1.160980445e-13,9.658636368e-14,2.134699116e-13,2.375687427e-13,5.281287191e-13,9.283658245e-14,7.324111537e-13,2.295701082e-13,4.017033857e-13,1.500054229e-13
103.109375,6.98705659e-14,7.528957548e-13,1.585252936e-12,2.371040023e-13,4.253607413e-13,1.940315592e-13,9.192395775e-14,8.440347514e-14,4.215219873e-14,2.309051443e-13,9.457905591e-13,1.99885908e-13,4.106876623e-13,5.832446338e-13,6.181523179e-13,6.669460379e-13,4.982696225e-13,5.182009344e-13,1.823267484e-13,8.114774196e-14,2.496908684e-13,6.031348079e-14,1.163912765e-13,9.746298616e-14,2.13273674e-13,2.365712402e-13,5.242660167e-13,9.418042763e-14,7.317839137e-13,2.29811091e-13,3.997219307e-13,1.487095425e-13
103.1171875,7.036497236e-14,7.52043669e-13,1.589599885e-12,2.348422814e-13,4.258584961e-13,1.917955188e-13,9.230690909e-14,8.368174018e-14,4.182271469e-14,2.301190944e-13,9.555971972e-13,1.993488856e-13,4.079862084e-13,5.791591502e-13,6.137612114e-13,6.637265605e-13,4.937325273e-13,5.164212616e-13,1.826167376e-13,8.245109492e-14,2.496902487e-13,6.004928758e-14,1.166544634e-13,9.842829723e-14,2.130062869e-13,2.35569556e-13,5.205641532e-13,9.567743113e-14,7.311238943e-13,2.300529512e-13,3.977663473e-13,1.473425463e-13
103.125,7.08069776e-14,7.505881912e-13,1.593134363e-12,2.326383448e-13,4.260388882e-13,1.895387448e-13,9.268818632e-14,8.303722831e-14,4.152823553e-14,2.293939196e-13,9.650545736e-13,1.987933148e-13,4.05114493e-13,5.746919385e-13,6.08996782e-13,6.601928884e-13,4.886698937e-13,5.142354657e-13,1.827932717e-13,8.381098666e-14,2.496592291e-13,5.9785152e-14,1.168366351e-13,9.95706227e-14,2.12608224e-13,2.345026411e-13,5.165652758e-13,9.731935284e-14,7.303134163e-13,2.301658288e-13,3.955428119e-13,1.459628419e-13
103.1328125,7.121459128e-14,7.485790266e-13,1.595663359e-12,2.304022872e-13,4.260725825e-13,1.872140928e-13,9.305401971e-14,8.24206971e-14,4.122495368e-14,2.285839787e-13,9.740261237e-13,1.981736687e-13,4.019879434e-13,5.699337354e-13,6.038908784e-13,6.564485579e-13,4.832771506e-13,5.117577194e-13,1.829109879e-13,8.527246668e-14,2.494929972e-13,5.950446843e-14,1.169376103e-13,1.007659251e-13,2.12078026e-13,2.333283658e-13,5.121357307e-13,9.891537975e-14,7.291364342e-13,2.300860538e-13,3.9307716e-13,1.445724176e-13
103.140625,7.15581134e-14,7.457246119e-13,1.597256203e-12,2.281459363e-13,4.261422962e-13,1.847664234e-13,9.338149836e-14,8.182831265e-14,4.086540737e-14,2.276353964e-13,9.825927345e-13,1.974607267e-13,3.987293953e-13,5.651039825e-13,5.988115738e-13,6.528981317e-13,4.780263919e-13,5.093640347e-13,1.830292089e-13,8.682712672e-14,2.49179603e-13,5.917436056e-14,1.170133328e-13,1.018974849e-13,2.115049483e-13,2.321458463e-13,5.076793702e-13,1.003844276e-13,7.276194491e-13,2.29891793e-13,3.905110079e-13,1.431757614e-13
103.1484375,7.192701973e-14,7.423544831e-13,1.597923819e-12,2.259049547e-13,4.261561494e-13,1.822481338e-13,9.370750797e-14,8.132633193e-14,4.051184698e-14,2.266927526e-13,9.908521536e-13,1.966790453e-13,3.953834933e-13,5.601087358e-13,5.936901061e-13,6.493525142e-13,4.726161202e-13,5.06919582e-13,1.830556271e-13,8.839214774e-14,2.488181559e-13,5.883357546e-14,1.170586726e-13,1.029984672e-13,2.108932467e-13,2.309356674e-13,5.031491302e-13,1.018786274e-13,7.257491454e-13,2.29614941e-13,3.877942361e-13,1.417788231e-13
103.15625,7.252848865e-14,7.391620638e-13,1.597439428e-12,2.237895518e-13,4.260187239e-13,1.797307881e-13,9.403191015e-14,8.091654592e-14,4.02134773e-14,2.257772526e-13,9.986606937e-13,1.958637885e-13,3.919101372e-13,5.549256153e-13,5.882828494e-13,6.455426017e-13,4.667814079e-13,5.042738351e-13,1.829715644e-13,8.990730818e-14,2.484139353e-13,5.85416069e-14,1.170350971e-13,1.041287623e-13,2.10193099e-13,2.295231265e-13,4.982847298e-13,1.034323984e-13,7.234487117e-13,2.291572374e-13,3.849491045e-13,1.403300393e-13
103.1640625,7.310852567e-14,7.358499415e-13,1.59586639e-12,2.217911977e-13,4.258453672e-13,1.77159594e-13,9.431798921e-14,8.058346701e-14,3.992181867e-14,2.248236678e-13,1.005859966e-12,1.950128612e-13,3.88301002e-13,5.496678255e-13,5.826194778e-13,6.415308411e-13,4.607791537e-13,5.015369331e-13,1.828593032e-13,9.145682895e-14,2.478974319e-13,5.82645927e-14,1.169457325e-13,1.052940564e-13,2.094228166e-13,2.279452117e-13,4.932037002e-13,1.04928666e-13,7.206976983e-13,2.28534033e-13,3.820730813e-13,1.38846796e-13
103.171875,7.341363316e-14,7.320065846e-13,1.59356017e-12,2.198377022e-13,4.256356841e-13,1.744773124e-13,9.460274888e-14,8.03846106e-14,3.962821497e-14,2.238822847e-13,1.012579625e-12,1.941071771e-13,3.844853583e-13,5.44185479e-13,5.767540088e-13,6.373908048e-13,4.546033754e-13,4.985905572e-13,1.826465623e-13,9.316748888e-14,2.472868222e-13,5.795956464e-14,1.168084281e-13,1.064900991e-13,2.085795857e-13,2.263832642e-13,4.879989537e-13,1.063989956e-13,7.174843253e-13,2.278589746e-13,3.790232999e-13,1.374249142e-13
103.1796875,7.372839946e-14,7.276209365e-13,1.590491605e-12,2.17963469e-13,4.252391887e-13,1.717729885e-13,9.490161235e-14,8.032099672e-14,3.936041562e-14,2.22982943e-13,1.018911411e-12,1.931170655e-13,3.803987245e-13,5.383584037e-13,5.707409665e-13,6.332232253e-13,4.481568797e-13,4.953279133e-13,1.822668522e-13,9.499662658e-14,2.465954468e-13,5.764320308e-14,1.166255093e-13,1.076950953e-13,2.076007777e-13,2.248311477e-13,4.825616398e-13,1.079289283e-13,7.137807599e-13,2.271117986e-13,3.756231218e-13,1.360416919e-13
103.1875,7.407961484e-14,7.222960243e-13,1.586550428e-12,2.161687166e-13,4.247537906e-13,1.69116893e-13,9.515110179e-14,8.030208829e-14,3.911899019e-14,2.220597989e-13,1.024819796e-12,1.920807051e-13,3.7615167e-13,5.324437655e-13,5.646526545e-13,6.290254612e-13,4.416244773e-13,4.919556647e-13,1.818670998e-13,9.678318608e-14,2.457847144e-13,5.734668258e-14,1.164022827e-13,1.089012579e-13,2.065021067e-13,2.232242e-13,4.769119616e-13,1.094893227e-13,7.096601288e-13,2.262634837e-13,3.720966439e-13,1.346165516e-13
103.1953125,7.419829025e-14,7.162314217e-13,1.581992813e-12,2.144398686e-13,4.243786592e-13,1.664424224e-13,9.535913567e-14,8.027891158e-14,3.892444331e-14,2.210955207e-13,1.030386406e-12,1.911083884e-13,3.71884155e-13,5.266414828e-13,5.583608292e-13,6.245236452e-13,4.349762814e-13,4.885736528e-13,1.815285874e-13,9.848753578e-14,2.449176474e-13,5.710010845e-14,1.161637903e-13,1.101694895e-13,2.053659183e-13,2.215823245e-13,4.711789677e-13,1.110744936e-13,7.054018461e-13,2.253602188e-13,3.687654024e-13,1.331732422e-13
103.203125,7.42645357e-14,7.102505267e-13,1.576860879e-12,2.127811745e-13,4.240451849e-13,1.637275443e-13,9.557339712e-14,8.024674513e-14,3.875351249e-14,2.201325422e-13,1.035625757e-12,1.901837995e-13,3.675538485e-13,5.208542427e-13,5.51780362e-13,6.196307842e-13,4.280809834e-13,4.851616126e-13,1.811499644e-13,1.001506033e-13,2.440993088e-13,5.688681204e-14,1.159213793e-13,1.114897261e-13,2.041905173e-13,2.198569225e-13,4.654047933e-13,1.127294778e-13,7.011414544e-13,2.243619964e-13,3.654848969e-13,1.317263796e-13
103.2109375,7.448156398e-14,7.041086793e-13,1.570833631e-12,2.110728249e-13,4.23560801e-13,1.61013375e-13,9.575642567e-14,8.024686773e-14,3.855411922e-14,2.191758197e-13,1.040363267e-12,1.89193903e-13,3.630422032e-13,5.149625846e-13,5.450912967e-13,6.146730517e-13,4.211171559e-13,4.817703085e-13,1.80668324e-13,1.017648998e-13,2.432634173e-13,5.664837334e-14,1.156337164e-13,1.127717424e-13,2.029234979e-13,2.180168423e-13,4.595411235e-13,1.14440307e-13,6.965690319e-13,2.232372936e-13,3.619761765e-13,1.302424137e-13
103.21875,7.472721202e-14,6.973867945e-13,1.563725806e-12,2.093099101e-13,4.22818406e-13,1.582375438e-13,9.588216279e-14,8.038867092e-14,3.840478023e-14,2.181908138e-13,1.044434174e-12,1.881660575e-13,3.583667687e-13,5.088810081e-13,5.383692192e-13,6.099273788e-13,4.141838344e-13,4.782563969e-13,1.800920002e-13,1.034307122e-13,2.422577674e-13,5.640439417e-14,1.15260982e-13,1.14098615e-13,2.015734693e-13,2.161699855e-13,4.53540314e-13,1.16143871e-13,6.915324746e-13,2.220448053e-13,3.583717488e-13,1.287662559e-13
103.2265625,7.498602062e-14,6.905717978e-13,1.55560463e-12,2.077077795e-13,4.219143738e-13,1.553686139e-13,9.598774231e-14,8.067565142e-14,3.837293097e-14,2.171676791e-13,1.047832524e-12,1.871897811e-13,3.536606954e-13,5.026168473e-13,5.314827703e-13,6.052511095e-13,4.071415473e-13,4.744681911e-13,1.794590662e-13,1.052664172e-13,2.411123329e-13,5.621438819e-14,1.148311926e-13,1.155806911e-13,2.00159219e-13,2.143172865e-13,4.474014094e-13,1.178039747e-13,6.863218862e-13,2.207703913e-13,3.548487187e-13,1.273488683e-13
103.234375,7.528970356e-14,6.837843551e-13,1.546734817e-12,2.062991507e-13,4.211115869e-13,1.525342421e-13,9.608442127e-14,8.098327955e-14,3.83522125e-14,2.161343749e-13,1.050757212e-12,1.862383982e-13,3.489895882e-13,4.963917327e-13,5.244541546e-13,6.00399989e-13,3.999962992e-13,4.706256771e-13,1.788054958e-13,1.071175325e-13,2.399786986e-13,5.605251113e-14,1.143890595e-13,1.170542898e-13,1.986690422e-13,2.123366857e-13,4.411191906e-13,1.19451872e-13,6.809057799e-13,2.193832272e-13,3.512775529e-13,1.259616761e-13
103.2421875,7.565111192e-14,6.767359143e-13,1.537261236e-12,2.049735538e-13,4.203771552e-13,1.497630907e-13,9.616447399e-14,8.129939008e-14,3.828861323e-14,2.150980987e-13,1.053288456e-12,1.852618544e-13,3.442973431e-13,4.903022099e-13,5.174646552e-13,5.955448497e-13,3.928720655e-13,4.668926358e-13,1.780582898e-13,1.088577604e-13,2.388384212e-13,5.587994555e-14,1.139249535e-13,1.18405869e-13,1.971166431e-13,2.102945059e-13,4.347150159e-13,1.210854444e-13,6.749915881e-13,2.179297661e-13,3.476219638e-13,1.245880943e-13
103.25,7.617011009e-14,6.693782567e-13,1.526968596e-12,2.037545792e-13,4.194470679e-13,1.469381823e-13,9.622242075e-14,8.16960723e-14,3.826064193e-14,2.140257079e-13,1.05520264e-12,1.842786639e-13,3.395380423e-13,4.842064668e-13,5.105495113e-13,5.909336872e-13,3.857789288e-13,4.631027837e-13,1.771910276e-13,1.106623172e-13,2.375857997e-13,5.571114685e-14,1.134113198e-13,1.197967839e-13,1.955239196e-13,2.083309547e-13,4.282961288e-13,1.226327061e-13,6.688036792e-13,2.164107627e-13,3.440499126e-13,1.232367075e-13
103.2578125,7.667860892e-14,6.614867365e-13,1.515891488e-12,2.026169086e-13,4.184424346e-13,1.440875803e-13,9.62342229e-14,8.21474292e-14,3.826737798e-14,2.129030129e-13,1.056521738e-12,1.833004358e-13,3.347343757e-13,4.781250617e-13,5.035991742e-13,5.863727585e-13,3.787023316e-13,4.591918973e-13,1.763535422e-13,1.126083782e-13,2.363014859e-13,5.553846106e-14,1.128591463e-13,1.212789642e-13,1.938916873e-13,2.063643604e-13,4.218881083e-13,1.241486224e-13,6.626226088e-13,2.148164969e-13,3.40547004e-13,1.219036792e-13
103.265625,7.696383506e-14,6.531266649e-13,1.504450698e-12,2.014839826e-13,4.175551245e-13,1.41336768e-13,9.619520427e-14,8.260482616e-14,3.825865735e-14,2.117692259e-13,1.057545765e-12,1.823017592e-13,3.299031578e-13,4.72133312e-13,4.965887476e-13,5.816764101e-13,3.716628204e-13,4.552617821e-13,1.755768223e-13,1.145487e-13,2.350843508e-13,5.53544084e-14,1.122705694e-13,1.22759936e-13,1.922200897e-13,2.042865276e-13,4.153900877e-13,1.257564383e-13,6.56258254e-13,2.131945383e-13,3.369685021e-13,1.205873371e-13
103.2734375,7.729313229e-14,6.447854158e-13,1.492696857e-12,2.004166709e-13,4.16614966e-13,1.38688955e-13,9.612127712e-14,8.307591782e-14,3.827518246e-14,2.106750675e-13,1.058195876e-12,1.81303593e-13,3.250778891e-13,4.661396099e-13,4.895877345e-13,5.769475843e-13,3.646134935e-13,4.513192688e-13,1.747410337e-13,1.164116268e-13,2.338365458e-13,5.521078887e-14,1.116059685e-13,1.242854255e-13,1.90492718e-13,2.021802989e-13,4.088370152e-13,1.274007089e-13,6.497147969e-13,2.115294456e-13,3.333619753e-13,1.192633776e-13
103.28125,7.781776306e-14,6.363655511e-13,1.480293471e-12,1.994345428e-13,4.15607413e-13,1.36080392e-13,9.60174601e-14,8.358855276e-14,3.834862075e-14,2.09625895e-13,1.058191014e-12,1.803396569e-13,3.203004885e-13,4.601742238e-13,4.825830209e-13,5.72186872e-13,3.574940435e-13,4.473314822e-13,1.738462992e-13,1.182451878e-13,2.324644783e-13,5.512210325e-14,1.108855432e-13,1.258915434e-13,1.887000093e-13,2.001134745e-13,4.023406516e-13,1.289991687e-13,6.431795576e-13,2.097657456e-13,3.298104451e-13,1.179310933e-13
103.2890625,7.822168841e-14,6.275684247e-13,1.466857771e-12,1.984779722e-13,4.146077445e-13,1.334147018e-13,9.590330397e-14,8.419526406e-14,3.841764292e-14,2.086013669e-13,1.057465684e-12,1.792946573e-13,3.154742234e-13,4.542238585e-13,4.754532151e-13,5.673907328e-13,3.503262011e-13,4.432420142e-13,1.728661777e-13,1.201578042e-13,2.309779797e-13,5.500474982e-14,1.101937408e-13,1.274972575e-13,1.868623393e-13,1.980120408e-13,3.95764084e-13,1.305637334e-13,6.363437041e-13,2.0790426e-13,3.261408725e-13,1.166614392e-13
103.296875,7.846663617e-14,6.184360468e-13,1.45214142e-12,1.975907997e-13,4.133611543e-13,1.30604722e-13,9.578935452e-14,8.492665849e-14,3.845504387e-14,2.076099975e-13,1.05591609e-12,1.78075202e-13,3.105357372e-13,4.480769344e-13,4.681551083e-13,5.626959121e-13,3.431541316e-13,4.389983011e-13,1.716942376e-13,1.221856138e-13,2.294017204e-13,5.480790838e-14,1.095293481e-13,1.291155538e-13,1.849655197e-13,1.958347696e-13,3.889523256e-13,1.320372631e-13,6.290091347e-13,2.059702536e-13,3.222535975e-13,1.154575399e-13
103.3046875,7.881343325e-14,6.088425939e-13,1.436581798e-12,1.967848802e-13,4.119048952e-13,1.277698219e-13,9.564429454e-14,8.576285595e-14,3.853741487e-14,2.066523926e-13,1.053451859e-12,1.768822703e-13,3.056889812e-13,4.419348549e-13,4.608473193e-13,5.580922782e-13,3.360654217e-13,4.347545227e-13,1.704528025e-13,1.241828996e-13,2.278248155e-13,5.459774112e-14,1.088432123e-13,1.308348295e-13,1.830043193e-13,1.93650554e-13,3.821406494e-13,1.334061374e-13,6.216652037e-13,2.040220594e-13,3.184685633e-13,1.142435438e-13
103.3125,7.922375091e-14,5.989295395e-13,1.420707674e-12,1.959616456e-13,4.105571464e-13,1.250359785e-13,9.545705316e-14,8.668102586e-14,3.868455949e-14,2.056862097e-13,1.05020017e-12,1.75822075e-13,3.009681652e-13,4.360771311e-13,4.536380495e-13,5.534831491e-13,3.291313403e-13,4.305832954e-13,1.692644318e-13,1.261215926e-13,2.262864876e-13,5.442126235e-14,1.081595854e-13,1.326166353e-13,1.810335961e-13,1.914999153e-13,3.755576518e-13,1.347541169e-13,6.14463499e-13,2.020761533e-13,3.14895239e-13,1.130415999e-13
103.3203125,7.962068634e-14,5.892351574e-13,1.403973092e-12,1.951275408e-13,4.090308832e-13,1.222195123e-13,9.523755435e-14,8.761988538e-14,3.879199191e-14,2.046971267e-13,1.04622662e-12,1.746146737e-13,2.960349802e-13,4.30017123e-13,4.462960499e-13,5.487752135e-13,3.221628123e-13,4.261639613e-13,1.679193459e-13,1.281004946e-13,2.246525911e-13,5.421230492e-14,1.074768722e-13,1.34316858e-13,1.790286674e-13,1.893224018e-13,3.68947591e-13,1.360247266e-13,6.068141126e-13,2.000045156e-13,3.110635765e-13,1.119077076e-13
103.328125,8.01146681e-14,5.795770515e-13,1.386025888e-12,1.94393134e-13,4.070562318e-13,1.192244384e-13,9.496646032e-14,8.852327696e-14,3.885173841e-14,2.037238711e-13,1.041607138e-12,1.732002569e-13,2.90907576e-13,4.23477071e-13,4.386463009e-13,5.43881278e-13,3.150026695e-13,4.214220277e-13,1.663333358e-13,1.300036551e-13,2.228961598e-13,5.394235918e-14,1.067456752e-13,1.359201716e-13,1.769263623e-13,1.870933734e-13,3.62103148e-13,1.371753429e-13,5.986126608e-13,1.977711502e-13,3.069270904e-13,1.10811071e-13
103.3359375,8.057663144e-14,5.693579329e-13,1.367855983e-12,1.937644836e-13,4.05175823e-13,1.16323369e-13,9.465449901e-14,8.946430246e-14,3.898762104e-14,2.027957002e-13,1.036648678e-12,1.71892514e-13,2.860076547e-13,4.171479034e-13,4.310424223e-13,5.390713574e-13,3.079603855e-13,4.168557815e-13,1.64787031e-13,1.318150486e-13,2.211663834e-13,5.370025836e-14,1.060021025e-13,1.375857245e-13,1.748180524e-13,1.849176105e-13,3.553191652e-13,1.383518087e-13,5.904816328e-13,1.955605909e-13,3.030890522e-13,1.097660731e-13
103.34375,8.082792572e-14,5.587076421e-13,1.349945616e-12,1.931282861e-13,4.037064819e-13,1.136252507e-13,9.435718752e-14,9.052059066e-14,3.920142171e-14,2.018814761e-13,1.03146439e-12,1.70715245e-13,2.813093907e-13,4.113505472e-13,4.238440883e-13,5.346929787e-13,3.012858863e-13,4.126638315e-13,1.633895563e-13,1.337871202e-13,2.19486738e-13,5.352203634e-14,1.052849363e-13,1.393302199e-13,1.727917079e-13,1.828644938e-13,3.487669464e-13,1.395597537e-13,5.825767512e-13,1.934332288e-13,2.995841625e-13,1.08843827e-13
103.3515625,8.108181407e-14,5.481247627e-13,1.331637572e-12,1.92437358e-13,4.02266192e-13,1.109473544e-13,9.40783973e-14,9.164550838e-14,3.941003322e-14,2.008849483e-13,1.025827224e-12,1.694985295e-13,2.765329393e-13,4.056284397e-13,4.168661316e-13,5.304784353e-13,2.947438374e-13,4.084864485e-13,1.619639907e-13,1.358634195e-13,2.178044772e-13,5.334106838e-14,1.045449004e-13,1.410117271e-13,1.707710387e-13,1.808473979e-13,3.422028617e-13,1.406561805e-13,5.745109329e-13,1.912415347e-13,2.959932557e-13,1.080078353e-13
103.359375,8.144835787e-14,5.377195374e-13,1.312889442e-12,1.917565453e-13,4.007540819e-13,1.082983155e-13,9.378239042e-14,9.278954357e-14,3.964232116e-14,1.997647372e-13,1.019610878e-12,1.683457102e-13,2.718045774e-13,3.998982609e-13,4.098239474e-13,5.259938265e-13,2.881797374e-13,4.041926898e-13,1.60462628e-13,1.377843109e-13,2.161467249e-13,5.313827453e-14,1.037796126e-13,1.426872061e-13,1.687134307e-13,1.787774066e-13,3.355742481e-13,1.416736196e-13,5.662752479e-13,1.889616608e-13,2.924862342e-13,1.071757077e-13
103.3671875,8.170924223e-14,5.272580919e-13,1.294028904e-12,1.91098064e-13,3.993815072e-13,1.057781736e-13,9.346941145e-14,9.393817535e-14,3.992841555e-14,1.986279035e-13,1.012787658e-12,1.672936557e-13,2.672131627e-13,3.943824562e-13,4.026813531e-13,5.212696522e-13,2.81675533e-13,3.999177705e-13,1.589451363e-13,1.396425248e-13,2.144723538e-13,5.294461692e-14,1.030413022e-13,1.444532687e-13,1.666507896e-13,1.766735625e-13,3.290211321e-13,1.42672265e-13,5.580598665e-13,1.866880874e-13,2.892670973e-13,1.063675023e-13
103.375,8.195443865e-14,5.165955078e-13,1.274630952e-12,1.904745145e-13,3.980483521e-13,1.032769701e-13,9.314516867e-14,9.506242412e-14,4.022851771e-14,1.975559343e-13,1.005207853e-12,1.66175631e-13,2.625615121e-13,3.889783326e-13,3.954326875e-13,5.164510764e-13,2.751831491e-13,3.955734505e-13,1.573706407e-13,1.415987918e-13,2.126937366e-13,5.275078291e-14,1.023302638e-13,1.46201285e-13,1.645471794e-13,1.74582518e-13,3.224496087e-13,1.435632566e-13,5.497074286e-13,1.844032549e-13,2.860211257e-13,1.056349217e-13
103.3828125,8.241728795e-14,5.059354028e-13,1.25450478e-12,1.900066544e-13,3.966282028e-13,1.007479278e-13,9.279627642e-14,9.616821274e-14,4.055135172e-14,1.964911837e-13,9.968223314e-13,1.650385191e-13,2.579285805e-13,3.836238732e-13,3.881589621e-13,5.116102812e-13,2.687398571e-13,3.911010648e-13,1.557247885e-13,1.435538192e-13,2.108422506e-13,5.254713066e-14,1.016229131e-13,1.479322952e-13,1.623871901e-13,1.725260104e-13,3.158493544e-13,1.443235057e-13,5.411272058e-13,1.820649694e-13,2.827207301e-13,1.049507638e-13
103.390625,8.288502392e-14,4.954252497e-13,1.234132505e-12,1.896309106e-13,3.952106988e-13,9.831534485e-14,9.24303278e-14,9.728213071e-14,4.091021766e-14,1.95423223e-13,9.87820022e-13,1.640035621e-13,2.535144883e-13,3.784373809e-13,3.810588662e-13,5.068812025e-13,2.625381301e-13,3.866788563e-13,1.540626282e-13,1.453981401e-13,2.089921261e-13,5.234794565e-14,1.008829459e-13,1.497247934e-13,1.602268501e-13,1.704912537e-13,3.094369858e-13,1.450459155e-13,5.324796212e-13,1.797204426e-13,2.796315636e-13,1.042639225e-13
103.3984375,8.31830813e-14,4.848786084e-13,1.213641501e-12,1.891434453e-13,3.937967901e-13,9.599953052e-14,9.206428613e-14,9.842842165e-14,4.128343062e-14,1.944239093e-13,9.783996606e-13,1.629903167e-13,2.491829927e-13,3.733975801e-13,3.74117459e-13,5.022027957e-13,2.565084696e-13,3.823326909e-13,1.523698864e-13,1.471675693e-13,2.071616665e-13,5.215147375e-14,1.000784032e-13,1.514680724e-13,1.580710152e-13,1.684349587e-13,3.031695941e-13,1.45786935e-13,5.237812706e-13,1.773889613e-13,2.766666607e-13,1.036010461e-13
103.40625,8.352074888e-14,4.743028478e-13,1.192900471e-12,1.887372284e-13,3.923438254e-13,9.373015705e-14,9.168518382e-14,9.966712391e-14,4.169598825e-14,1.934677669e-13,9.686288503e-13,1.61964934e-13,2.448219037e-13,3.684604213e-13,3.671684169e-13,4.973760272e-13,2.504638078e-13,3.779117748e-13,1.506213911e-13,1.489783628e-13,2.053218789e-13,5.19624657e-14,9.926500398e-14,1.53166071e-13,1.55897888e-13,1.66365411e-13,2.968764433e-13,1.465397045e-13,5.150645915e-13,1.750342953e-13,2.737469416e-13,1.030324301e-13
103.4140625,8.397978075e-14,4.639491788e-13,1.171967297e-12,1.886788587e-13,3.908885018e-13,9.147814364e-14,9.12686712e-14,1.010022416e-13,4.215349153e-14,1.924874484e-13,9.58474226e-13,1.609777502e-13,2.405354394e-13,3.636367534e-13,3.601990351e-13,4.924827128e-13,2.444611806e-13,3.734116078e-13,1.488600039e-13,1.508455247e-13,2.034394026e-13,5.178638927e-14,9.848385584e-14,1.549371136e-13,1.537091038e-13,1.643388304e-13,2.906511628e-13,1.472537597e-13,5.064859384e-13,1.726617912e-13,2.709818565e-13,1.02562423e-13
103.421875,8.45042979e-14,4.537273532e-13,1.150707308e-12,1.886599183e-13,3.893779956e-13,8.92242761e-14,9.08231422e-14,1.023376618e-13,4.259883308e-14,1.915308838e-13,9.47882696e-13,1.599631655e-13,2.363079628e-13,3.588556759e-13,3.53230564e-13,4.876479828e-13,2.38610699e-13,3.689165927e-13,1.470866811e-13,1.526014804e-13,2.015443913e-13,5.158754653e-14,9.765842504e-14,1.566580963e-13,1.514744871e-13,1.623294326e-13,2.845540543e-13,1.478917583e-13,4.979029287e-13,1.702996416e-13,2.682171295e-13,1.021411683e-13
103.4296875,8.513140794e-14,4.434343892e-13,1.129002625e-12,1.883434546e-13,3.878062755e-13,8.699044199e-14,9.038543568e-14,1.036410949e-13,4.303709391e-14,1.906577247e-13,9.368499914e-13,1.58872347e-13,2.320424328e-13,3.540830185e-13,3.462015478e-13,4.827201785e-13,2.32882919e-13,3.644078095e-13,1.452454246e-13,1.54225947e-13,1.996636469e-13,5.135441083e-14,9.67686786e-14,1.582587744e-13,1.491898549e-13,1.602682839e-13,2.78482378e-13,1.484971759e-13,4.890729007e-13,1.679352437e-13,2.652876022e-13,1.017566948e-13
103.4375,8.578608264e-14,4.333236416e-13,1.107101608e-12,1.878984358e-13,3.863964198e-13,8.482558183e-14,8.995034375e-14,1.049803849e-13,4.353351253e-14,1.897887657e-13,9.253145926e-13,1.577759868e-13,2.277516779e-13,3.493995884e-13,3.391180651e-13,4.776887076e-13,2.272354713e-13,3.598203e-13,1.433452062e-13,1.559500721e-13,1.977461799e-13,5.114021428e-14,9.591120112e-14,1.598827162e-13,1.469206644e-13,1.581975665e-13,2.72459945e-13,1.490957467e-13,4.800907317e-13,1.655494103e-13,2.623611868e-13,1.014454083e-13
103.4453125,8.642466347e-14,4.23712886e-13,1.085143254e-12,1.875163198e-13,3.852321459e-13,8.272145795e-14,8.945771101e-14,1.06364945e-13,4.409656031e-14,1.888165745e-13,9.131619721e-13,1.567224192e-13,2.235039156e-13,3.448874979e-13,3.320542964e-13,4.727809353e-13,2.217331181e-13,3.552004017e-13,1.414553907e-13,1.57826861e-13,1.957807878e-13,5.096355013e-14,9.511591351e-14,1.615295031e-13,1.446777738e-13,1.561949252e-13,2.665535735e-13,1.496119115e-13,4.710915622e-13,1.631757797e-13,2.595888827e-13,1.012294044e-13
103.453125,8.720697953e-14,4.143793879e-13,1.063126095e-12,1.872891407e-13,3.840405228e-13,8.068861652e-14,8.891230825e-14,1.077186216e-13,4.466218836e-14,1.878035404e-13,9.005702084e-13,1.556913514e-13,2.193903681e-13,3.405581238e-13,3.250909691e-13,4.67975094e-13,2.164999772e-13,3.506946166e-13,1.395902783e-13,1.59638787e-13,1.938164245e-13,5.077397711e-14,9.432783685e-14,1.631735167e-13,1.424063682e-13,1.542302045e-13,2.607542663e-13,1.500096403e-13,4.620895247e-13,1.608703845e-13,2.569532304e-13,1.010641594e-13
103.4609375,8.814815939e-14,4.04971846e-13,1.041185574e-12,1.873562603e-13,3.826177254e-13,7.876524133e-14,8.84085597e-14,1.090230706e-13,4.516859831e-14,1.868978298e-13,8.879056739e-13,1.546325656e-13,2.154245108e-13,3.363001835e-13,3.183274508e-13,4.631750364e-13,2.115146247e-13,3.462941802e-13,1.37683066e-13,1.612855599e-13,1.918634288e-13,5.054096891e-14,9.352327131e-14,1.648779017e-13,1.401168801e-13,1.52273781e-13,2.550791906e-13,1.50371901e-13,4.531533336e-13,1.586129651e-13,2.54395626e-13,1.009012339e-13
103.46875,8.91563134e-14,3.956851363e-13,1.019242292e-12,1.875045011e-13,3.810795659e-13,7.689686528e-14,8.796585204e-14,1.103514389e-13,4.56380339e-14,1.860845124e-13,8.750946205e-13,1.535134803e-13,2.114901963e-13,3.319922578e-13,3.117465957e-13,4.585199719e-13,2.066249744e-13,3.418085248e-13,1.356921022e-13,1.629146521e-13,1.899210377e-13,5.02804761e-14,9.271224384e-14,1.665000361e-13,1.37872968e-13,1.503858739e-13,2.494901925e-13,1.50733161e-13,4.442540072e-13,1.563228999e-13,2.51796818e-13,1.007992876e-13
103.4765625,9.031998129e-14,3.868366675e-13,9.971555701e-13,1.874060687e-13,3.795918432e-13,7.503752705e-14,8.749350887e-14,1.117203005e-13,4.6137018e-14,1.852424742e-13,8.617991955e-13,1.523815688e-13,2.075767709e-13,3.277258873e-13,3.052023484e-13,4.539520994e-13,2.018607101e-13,3.372418471e-13,1.336693721e-13,1.646267622e-13,1.87983712e-13,5.0007557e-14,9.189678878e-14,1.679324628e-13,1.356824901e-13,1.485653804e-13,2.439449108e-13,1.509942782e-13,4.35332071e-13,1.540038717e-13,2.491354655e-13,1.008165541e-13
103.484375,9.165912563e-14,3.782104401e-13,9.752127501e-13,1.873311739e-13,3.781906139e-13,7.326957683e-14,8.694898275e-14,1.130764873e-13,4.66779821e-14,1.843541292e-13,8.480992931e-13,1.513004577e-13,2.038015099e-13,3.236878801e-13,2.987013921e-13,4.49285722e-13,1.973572456e-13,3.327689824e-13,1.316629921e-13,1.663134441e-13,1.860175072e-13,4.973331999e-14,9.105697234e-14,1.69402366e-13,1.334976374e-13,1.46732062e-13,2.385530053e-13,1.510715492e-13,4.265110259e-13,1.517294373e-13,2.466092102e-13,1.008779405e-13
103.4921875,9.296913637e-14,3.695350101e-13,9.53500539e-13,1.876323019e-13,3.768218304e-13,7.162943474e-14,8.636904403e-14,1.144384605e-13,4.724929065e-14,1.834282339e-13,8.341985895e-13,1.502474187e-13,2.001806911e-13,3.198772e-13,2.923915536e-13,4.447071678e-13,1.93045201e-13,3.283579924e-13,1.29656537e-13,1.679259612e-13,1.840121914e-13,4.94746674e-14,9.018721075e-14,1.710253622e-13,1.313001652e-13,1.449049321e-13,2.333524443e-13,1.509720952e-13,4.177783889e-13,1.494920624e-13,2.443434637e-13,1.009518235e-13
103.5,9.415726136e-14,3.609337363e-13,9.315977158e-13,1.880433476e-13,3.754342565e-13,7.003893042e-14,8.577905657e-14,1.158305533e-13,4.783285025e-14,1.824368736e-13,8.199894041e-13,1.491632118e-13,1.966782032e-13,3.162030247e-13,2.862809054e-13,4.403501419e-13,1.888876033e-13,3.239738781e-13,1.276669258e-13,1.695807338e-13,1.819717209e-13,4.921995433e-14,8.934613715e-14,1.725959773e-13,1.291317116e-13,1.431604577e-13,2.282430942e-13,1.507605047e-13,4.089489018e-13,1.47258728e-13,2.422226963e-13,1.011317354e-13
103.5078125,9.538453203e-14,3.524183915e-13,9.095545448e-13,1.882462246e-13,3.74112146e-13,6.84880404e-14,8.518788764e-14,1.17192856e-13,4.838091474e-14,1.814617946e-13,8.055015668e-13,1.480460332e-13,1.932874735e-13,3.126986347e-13,2.802999525e-13,4.360027203e-13,1.850366524e-13,3.197688179e-13,1.257262465e-13,1.71290992e-13,1.799207887e-13,4.893452289e-14,8.856216553e-14,1.740075669e-13,1.270101712e-13,1.414855185e-13,2.232443323e-13,1.505517763e-13,4.00099136e-13,1.450974584e-13,2.40120482e-13,1.014165394e-13
103.515625,9.680336993e-14,3.438599168e-13,8.878593963e-13,1.883578367e-13,3.729795474e-13,6.702286155e-14,8.459576995e-14,1.185155301e-13,4.891170126e-14,1.806027665e-13,7.909516941e-13,1.469511118e-13,1.899558011e-13,3.093994536e-13,2.743966382e-13,4.315376281e-13,1.813740045e-13,3.156385018e-13,1.237864469e-13,1.729970622e-13,1.77916942e-13,4.862659162e-14,8.775594123e-14,1.753941221e-13,1.248708842e-13,1.398437721e-13,2.183915706e-13,1.503860631e-13,3.914120981e-13,1.430607653e-13,2.380789439e-13,1.017084148e-13
103.5234375,9.834727432e-14,3.354949023e-13,8.663705944e-13,1.885403579e-13,3.720033069e-13,6.560408782e-14,8.397323081e-14,1.19835803e-13,4.94899736e-14,1.797913182e-13,7.762216124e-13,1.459126326e-13,1.866746794e-13,3.062286409e-13,2.684128843e-13,4.268317903e-13,1.775781036e-13,3.113366876e-13,1.218329287e-13,1.74703284e-13,1.759154043e-13,4.833094945e-14,8.690024013e-14,1.768361133e-13,1.226739201e-13,1.382182414e-13,2.135834332e-13,1.501429215e-13,3.828358762e-13,1.410698161e-13,2.361898151e-13,1.019890226e-13
103.53125,9.991080645e-14,3.275764698e-13,8.446777196e-13,1.887726288e-13,3.710996872e-13,6.420520205e-14,8.330829279e-14,1.211409289e-13,5.008874599e-14,1.789420622e-13,7.611214471e-13,1.448945429e-13,1.835108872e-13,3.031402434e-13,2.623126839e-13,4.218005207e-13,1.737435463e-13,3.070269784e-13,1.199292179e-13,1.763590656e-13,1.738164669e-13,4.803233602e-14,8.608164674e-14,1.782382737e-13,1.204839598e-13,1.365721779e-13,2.087869181e-13,1.49758163e-13,3.742797377e-13,1.390392441e-13,2.344283744e-13,1.02287056e-13
103.5390625,1.015471052e-13,3.199329574e-13,8.229800445e-13,1.89021249e-13,3.701380969e-13,6.287685304e-14,8.263723179e-14,1.224418344e-13,5.066503023e-14,1.780733652e-13,7.458340121e-13,1.438462541e-13,1.804290159e-13,3.00077184e-13,2.563783636e-13,4.168280313e-13,1.701355216e-13,3.028544093e-13,1.18034528e-13,1.779850039e-13,1.716739659e-13,4.769749645e-14,8.530698687e-14,1.795516863e-13,1.183524892e-13,1.349540186e-13,2.040930674e-13,1.493070436e-13,3.657657625e-13,1.369918258e-13,2.32709687e-13,1.026280114e-13
103.546875,1.032702698e-13,3.123823668e-13,8.015590465e-13,1.893182015e-13,3.689339239e-13,6.160101512e-14,8.198460754e-14,1.237234897e-13,5.123331887e-14,1.77199858e-13,7.305586171e-13,1.427710661e-13,1.773470691e-13,2.969207661e-13,2.507482089e-13,4.122032795e-13,1.666779988e-13,2.985876425e-13,1.160737773e-13,1.797081e-13,1.695838544e-13,4.73425974e-14,8.449043831e-14,1.808600101e-13,1.162520682e-13,1.334747489e-13,1.99580215e-13,1.488093685e-13,3.573592627e-13,1.349940198e-13,2.310176582e-13,1.030384022e-13
103.5546875,1.04993441e-13,3.049345227e-13,7.803217184e-13,1.896503382e-13,3.67762379e-13,6.033608591e-14,8.13283032e-14,1.249073601e-13,5.179560041e-14,1.763322676e-13,7.152270409e-13,1.41723098e-13,1.743233709e-13,2.938667736e-13,2.452157577e-13,4.076423655e-13,1.633280943e-13,2.943006335e-13,1.141469483e-13,1.814791747e-13,1.675318265e-13,4.700020129e-14,8.36312072e-14,1.821413141e-13,1.141742804e-13,1.320835094e-13,1.952605504e-13,1.482387673e-13,3.491334306e-13,1.330650804e-13,2.294031655e-13,1.034976916e-13
103.5625,1.067584005e-13,2.975270339e-13,7.593200366e-13,1.899072328e-13,3.671336808e-13,5.914547224e-14,8.064121627e-14,1.26052283e-13,5.236866353e-14,1.754720986e-13,6.997392614e-13,1.407376988e-13,1.714755931e-13,2.912884844e-13,2.396720116e-13,4.029627892e-13,1.602147589e-13,2.903026075e-13,1.123256668e-13,1.832519263e-13,1.654911349e-13,4.666690532e-14,8.278684568e-14,1.833089821e-13,1.121371121e-13,1.306457698e-13,1.910559311e-13,1.475932811e-13,3.410593863e-13,1.311797739e-13,2.279316327e-13,1.039906212e-13
103.5703125,1.086417253e-13,2.901299455e-13,7.387344467e-13,1.901182561e-13,3.667139761e-13,5.804608808e-14,7.994710721e-14,1.272698452e-13,5.295863237e-14,1.745523003e-13,6.841413503e-13,1.39762083e-13,1.688241923e-13,2.889808431e-13,2.341967585e-13,3.982318778e-13,1.572218142e-13,2.863764082e-13,1.10465551e-13,1.850883266e-13,1.634570213e-13,4.63042254e-14,8.196205748e-14,1.84480891e-13,1.101190658e-13,1.291942822e-13,1.869197035e-13,1.468432858e-13,3.33075084e-13,1.293276597e-13,2.266074931e-13,1.045267178e-13
103.578125,1.10614664e-13,2.829185184e-13,7.184729196e-13,1.904720778e-13,3.659070626e-13,5.69698416e-14,7.930170078e-14,1.285049075e-13,5.35153347e-14,1.735807905e-13,6.685747308e-13,1.387464025e-13,1.662922317e-13,2.865469354e-13,2.288367643e-13,3.934308867e-13,1.542672637e-13,2.822918573e-13,1.085110699e-13,1.868339505e-13,1.614383636e-13,4.589709366e-14,8.115073503e-14,1.857551782e-13,1.081149202e-13,1.278308245e-13,1.829498985e-13,1.460322293e-13,3.252959323e-13,1.275295545e-13,2.253703538e-13,1.050672612e-13
103.5859375,1.12678211e-13,2.76030192e-13,6.984484634e-13,1.908939938e-13,3.651082284e-13,5.597129639e-14,7.869202927e-14,1.297022153e-13,5.407157082e-14,1.726516898e-13,6.530476403e-13,1.377504484e-13,1.637961536e-13,2.842520938e-13,2.236429759e-13,3.88681958e-13,1.515912454e-13,2.783856252e-13,1.066342938e-13,1.884445885e-13,1.594544431e-13,4.550599252e-14,8.035773659e-14,1.869694549e-13,1.061641619e-13,1.265490058e-13,1.792007291e-13,1.452344972e-13,3.177895528e-13,1.257889332e-13,2.242355274e-13,1.056256679e-13
103.59375,1.14778354e-13,2.693157079e-13,6.787401484e-13,1.911560157e-13,3.646602868e-13,5.5125899e-14,7.804379642e-14,1.30870162e-13,5.467530403e-14,1.71720015e-13,6.373986504e-13,1.368063165e-13,1.613279658e-13,2.822838122e-13,2.186335981e-13,3.841194691e-13,1.492218602e-13,2.74757783e-13,1.049039461e-13,1.901909252e-13,1.574617931e-13,4.516335806e-14,7.954799618e-14,1.880478679e-13,1.04257982e-13,1.253202119e-13,1.755912358e-13,1.443544755e-13,3.103575427e-13,1.240787512e-13,2.232420149e-13,1.062588512e-13
103.6015625,1.168334693e-13,2.624963049e-13,6.59326888e-13,1.913424171e-13,3.639880803e-13,5.433457518e-14,7.735882548e-14,1.319498465e-13,5.522821936e-14,1.707078989e-13,6.217062283e-13,1.358631658e-13,1.589188381e-13,2.801967459e-13,2.137114873e-13,3.795822692e-13,1.469450932e-13,2.710504312e-13,1.032017725e-13,1.919927128e-13,1.554547959e-13,4.479002612e-14,7.86883696e-14,1.891317733e-13,1.023423336e-13,1.24163114e-13,1.720861246e-13,1.433499396e-13,3.029248009e-13,1.223973785e-13,2.223046869e-13,1.068764863e-13
103.609375,1.190508118e-13,2.556099845e-13,6.401718969e-13,1.915802962e-13,3.629985591e-13,5.353093016e-14,7.669717271e-14,1.329510077e-13,5.57058842e-14,1.696862717e-13,6.06243046e-13,1.349253458e-13,1.565572624e-13,2.77977713e-13,2.088308632e-13,3.749737406e-13,1.448191617e-13,2.672918797e-13,1.014652245e-13,1.935678396e-13,1.534983368e-13,4.435402773e-14,7.782388977e-14,1.90231545e-13,1.004218983e-13,1.230834869e-13,1.68734102e-13,1.423422676e-13,2.956876893e-13,1.207782156e-13,2.213926937e-13,1.074167945e-13
103.6171875,1.21650423e-13,2.490128754e-13,6.212963678e-13,1.918145526e-13,3.622443306e-13,5.280021063e-14,7.605208825e-14,1.339768884e-13,5.621402633e-14,1.686807672e-13,5.909160253e-13,1.339711959e-13,1.542272525e-13,2.760818273e-13,2.040397219e-13,3.703896978e-13,1.429738384e-13,2.637799306e-13,9.969210177e-14,1.950906554e-13,1.515108163e-13,4.392035337e-14,7.702272475e-14,1.912521691e-13,9.855267769e-14,1.220596835e-13,1.655567015e-13,1.412702388e-13,2.88644634e-13,1.192165956e-13,2.205883408e-13,1.080171579e-13
103.625,1.244233586e-13,2.428156552e-13,6.026526241e-13,1.921301931e-13,3.616192208e-13,5.215960156e-14,7.540381722e-14,1.350317382e-13,5.673914859e-14,1.676617195e-13,5.755472675e-13,1.329324177e-13,1.519574526e-13,2.743618497e-13,1.993688762e-13,3.658762878e-13,1.413084501e-13,2.60431704e-13,9.786905737e-14,1.967554651e-13,1.494307813e-13,4.348401559e-14,7.625126908e-14,1.922571214e-13,9.674947184e-14,1.210523383e-13,1.625246417e-13,1.400585027e-13,2.81616304e-13,1.176674581e-13,2.198637004e-13,1.087168212e-13
103.6328125,1.270970307e-13,2.36852495e-13,5.843336032e-13,1.925575277e-13,3.608469796e-13,5.154036782e-14,7.478383906e-14,1.36056583e-13,5.724452961e-14,1.667310922e-13,5.604136711e-13,1.319121548e-13,1.497755031e-13,2.725322704e-13,1.948485901e-13,3.614490123e-13,1.397423647e-13,2.570666479e-13,9.607701197e-14,1.984394981e-13,1.474439293e-13,4.301837178e-14,7.541030593e-14,1.932841248e-13,9.49753952e-14,1.200260103e-13,1.59633582e-13,1.389320843e-13,2.747215897e-13,1.161513432e-13,2.192017783e-13,1.094077821e-13
103.640625,1.2971006e-13,2.31114034e-13,5.665213967e-13,1.928839767e-13,3.601625968e-13,5.094466412e-14,7.418121313e-14,1.370037066e-13,5.776632555e-14,1.659313055e-13,5.456443946e-13,1.309990981e-13,1.4766543e-13,2.708199325e-13,1.904660853e-13,3.570518846e-13,1.382860763e-13,2.537168625e-13,9.44041558e-14,2.001080734e-13,1.45593532e-13,4.257547057e-14,7.451413871e-14,1.941881722e-13,9.320496159e-14,1.190111787e-13,1.569257112e-13,1.379616873e-13,2.681174118e-13,1.147379901e-13,2.187098738e-13,1.10087774e-13
103.6484375,1.324005549e-13,2.255271363e-13,5.490970831e-13,1.931585161e-13,3.594899461e-13,5.041019747e-14,7.354386771e-14,1.378536061e-13,5.824847977e-14,1.651397743e-13,5.308468033e-13,1.300351952e-13,1.45577852e-13,2.692105617e-13,1.861092096e-13,3.525518861e-13,1.369170448e-13,2.503451425e-13,9.276734816e-14,2.017669557e-13,1.436888644e-13,4.214548849e-14,7.366379959e-14,1.949717956e-13,9.143753271e-14,1.180682023e-13,1.543530622e-13,1.369065239e-13,2.616049098e-13,1.134025199e-13,2.183255161e-13,1.107656783e-13
103.65625,1.352415287e-13,2.198542126e-13,5.319335356e-13,1.935812786e-13,3.585607528e-13,4.993790082e-14,7.28763256e-14,1.386674977e-13,5.866872473e-14,1.643191085e-13,5.159422908e-13,1.289852421e-13,1.435016762e-13,2.6743214e-13,1.816962157e-13,3.478877283e-13,1.356285734e-13,2.468867359e-13,9.108941147e-14,2.033129011e-13,1.41763244e-13,4.167327314e-14,7.284435858e-14,1.958478703e-13,8.967116125e-14,1.171787793e-13,1.518289386e-13,1.357245297e-13,2.551276918e-13,1.120634968e-13,2.17909612e-13,1.113753128e-13
103.6640625,1.382070365e-13,2.142654928e-13,5.151702426e-13,1.939465353e-13,3.576676906e-13,4.949994894e-14,7.220588742e-14,1.394487514e-13,5.912328725e-14,1.634821504e-13,5.012965884e-13,1.280212681e-13,1.415081345e-13,2.656986268e-13,1.772709463e-13,3.430604033e-13,1.344444931e-13,2.434810255e-13,8.944940318e-14,2.047806285e-13,1.399617998e-13,4.120196089e-14,7.197619619e-14,1.968198932e-13,8.79274265e-14,1.162859195e-13,1.494636859e-13,1.345004255e-13,2.489495718e-13,1.107303479e-13,2.175837453e-13,1.119345358e-13
103.671875,1.411535347e-13,2.090690656e-13,4.988078515e-13,1.940207264e-13,3.570645836e-13,4.906982245e-14,7.153124127e-14,1.401315449e-13,5.959869387e-14,1.625620743e-13,4.868995433e-13,1.271302625e-13,1.396520751e-13,2.642725297e-13,1.72971577e-13,3.382550761e-13,1.33420004e-13,2.402323757e-13,8.789591422e-14,2.063307012e-13,1.382093154e-13,4.075503296e-14,7.108737868e-14,1.977141736e-13,8.62478467e-14,1.154014374e-13,1.473453622e-13,1.331463151e-13,2.430197114e-13,1.094565147e-13,2.174947142e-13,1.125035129e-13
103.6796875,1.439866499e-13,2.040162678e-13,4.828215286e-13,1.939980865e-13,3.565509208e-13,4.867643768e-14,7.085632247e-14,1.408003396e-13,6.004582019e-14,1.615896432e-13,4.725454391e-13,1.262341579e-13,1.379161242e-13,2.630008136e-13,1.689358667e-13,3.337449404e-13,1.326162281e-13,2.370591959e-13,8.640062661e-14,2.080594744e-13,1.364396695e-13,4.028387661e-14,7.023216543e-14,1.985613698e-13,8.462260277e-14,1.14568876e-13,1.453164849e-13,1.316701345e-13,2.371174136e-13,1.082505297e-13,2.176065467e-13,1.130835959e-13
103.6875,1.467619303e-13,1.988560606e-13,4.67450678e-13,1.941365069e-13,3.559946856e-13,4.835697638e-14,7.018485845e-14,1.415060109e-13,6.050015766e-14,1.606668894e-13,4.584548605e-13,1.253783202e-13,1.362841275e-13,2.617891369e-13,1.651495742e-13,3.293606902e-13,1.319885119e-13,2.339527467e-13,8.49742631e-14,2.099085727e-13,1.346957232e-13,3.980492713e-14,6.940099439e-14,1.994223777e-13,8.302209182e-14,1.137962106e-13,1.433808206e-13,1.302232623e-13,2.314224525e-13,1.071177982e-13,2.178895561e-13,1.13655314e-13
103.6953125,1.49613069e-13,1.938663182e-13,4.526803092e-13,1.944136614e-13,3.553426959e-13,4.808413658e-14,6.950515729e-14,1.420875866e-13,6.090642872e-14,1.597649144e-13,4.448488317e-13,1.244824177e-13,1.347214725e-13,2.606194158e-13,1.614480361e-13,3.247643788e-13,1.31473242e-13,2.309627419e-13,8.360373926e-14,2.116627359e-13,1.329345888e-13,3.934276989e-14,6.859013511e-14,2.001636828e-13,8.146659009e-14,1.130864094e-13,1.41734706e-13,1.288320459e-13,2.260736682e-13,1.060556115e-13,2.182693268e-13,1.141903203e-13
103.703125,1.526484194e-13,1.892050135e-13,4.382105727e-13,1.946151366e-13,3.544890865e-13,4.786826983e-14,6.881836264e-14,1.425231763e-13,6.121544811e-14,1.588216393e-13,4.315732846e-13,1.234557715e-13,1.331557506e-13,2.593076864e-13,1.57694137e-13,3.200771717e-13,1.31092097e-13,2.279872599e-13,8.223707383e-14,2.132188777e-13,1.311165e-13,3.886709991e-14,6.778962504e-14,2.007828643e-13,7.995245823e-14,1.124295572e-13,1.402679709e-13,1.27454989e-13,2.208528019e-13,1.050208103e-13,2.185934669e-13,1.147062327e-13
103.7109375,1.558046348e-13,1.846477644e-13,4.240501489e-13,1.946567292e-13,3.53529138e-13,4.774945471e-14,6.812975508e-14,1.429709681e-13,6.152225269e-14,1.578385092e-13,4.185052016e-13,1.224249697e-13,1.316058106e-13,2.578788649e-13,1.538945253e-13,3.154686197e-13,1.308437374e-13,2.25010721e-13,8.087146034e-14,2.147097504e-13,1.292940809e-13,3.838450634e-14,6.696578707e-14,2.014560423e-13,7.843791848e-14,1.117739467e-13,1.387828075e-13,1.260371964e-13,2.157400697e-13,1.040009945e-13,2.189149266e-13,1.152416226e-13
103.71875,1.58928975e-13,1.800940691e-13,4.102942929e-13,1.947257369e-13,3.526226992e-13,4.764832435e-14,6.743405509e-14,1.434274974e-13,6.183600275e-14,1.568196481e-13,4.056592136e-13,1.21443706e-13,1.30168589e-13,2.566150148e-13,1.502064586e-13,3.108637404e-13,1.30747224e-13,2.222337965e-13,7.951367803e-14,2.162340612e-13,1.274987735e-13,3.789401137e-14,6.611849909e-14,2.021678943e-13,7.695045442e-14,1.111064846e-13,1.374166238e-13,1.24509926e-13,2.10910753e-13,1.030370262e-13,2.194295686e-13,1.157256834e-13
103.7265625,1.619934804e-13,1.756219691e-13,3.969052211e-13,1.948901767e-13,3.517537167e-13,4.75202067e-14,6.673462462e-14,1.438075546e-13,6.209141281e-14,1.557894252e-13,3.930667298e-13,1.204370681e-13,1.288675837e-13,2.555620448e-13,1.467602269e-13,3.063132297e-13,1.308636053e-13,2.19617204e-13,7.819756497e-14,2.177792676e-13,1.257399003e-13,3.736822744e-14,6.524503925e-14,2.028043391e-13,7.552942059e-14,1.104689283e-13,1.362981236e-13,1.229736131e-13,2.062873359e-13,1.021420885e-13,2.201814625e-13,1.161238766e-13
103.734375,1.650167343e-13,1.712771309e-13,3.840738722e-13,1.950275949e-13,3.508913308e-13,4.749207867e-14,6.6037902e-14,1.441269201e-13,6.234420927e-14,1.547592347e-13,3.809220043e-13,1.194458234e-13,1.276768401e-13,2.545357306e-13,1.434615412e-13,3.018331523e-13,1.311002344e-13,2.168890232e-13,7.700708048e-14,2.1934266e-13,1.240247514e-13,3.686495814e-14,6.434542156e-14,2.034299861e-13,7.413596846e-14,1.098534088e-13,1.353355599e-13,1.215526732e-13,2.017733014e-13,1.012797124e-13,2.211342726e-13,1.165446532e-13
103.7421875,1.680573487e-13,1.671114288e-13,3.719322675e-13,1.952008001e-13,3.500572729e-13,4.759205309e-14,6.534405481e-14,1.443995444e-13,6.261759624e-14,1.537017164e-13,3.693534957e-13,1.184767272e-13,1.265585616e-13,2.534709889e-13,1.40182168e-13,2.972688302e-13,1.313314811e-13,2.141128764e-13,7.589340985e-14,2.209223723e-13,1.223433748e-13,3.642251242e-14,6.347764612e-14,2.040834548e-13,7.275660418e-14,1.092467365e-13,1.344836768e-13,1.201296223e-13,1.974700521e-13,1.004239829e-13,2.222407041e-13,1.169962464e-13
103.75,1.712584568e-13,1.631142397e-13,3.602525712e-13,1.953646228e-13,3.492267391e-13,4.770315271e-14,6.465294507e-14,1.445996917e-13,6.283140052e-14,1.526430884e-13,3.581363545e-13,1.174339992e-13,1.254321458e-13,2.524208082e-13,1.369769124e-13,2.926592885e-13,1.316166604e-13,2.114973663e-13,7.47179495e-14,2.225002891e-13,1.207260324e-13,3.595563463e-14,6.263410159e-14,2.046266406e-13,7.142653558e-14,1.0871963e-13,1.337402775e-13,1.186057283e-13,1.933719477e-13,9.959830537e-14,2.23377367e-13,1.173860769e-13
103.7578125,1.745080175e-13,1.591446133e-13,3.489309361e-13,1.952763251e-13,3.48349504e-13,4.783055548e-14,6.395569634e-14,1.446997788e-13,6.297790675e-14,1.516021852e-13,3.470695198e-13,1.16353701e-13,1.243058553e-13,2.514005261e-13,1.339003156e-13,2.880889438e-13,1.319917953e-13,2.08918574e-13,7.35209111e-14,2.240133231e-13,1.191817177e-13,3.543576264e-14,6.173173454e-14,2.05033928e-13,7.013164343e-14,1.082959314e-13,1.330738846e-13,1.170676488e-13,1.893357915e-13,9.883005387e-14,2.245456644e-13,1.177081594e-13
103.765625,1.775881889e-13,1.551739043e-13,3.380178273e-13,1.952113986e-13,3.474163136e-13,4.800660571e-14,6.324922784e-14,1.446909783e-13,6.309980047e-14,1.505399341e-13,3.36200522e-13,1.15314882e-13,1.232976844e-13,2.504029608e-13,1.309189964e-13,2.834500301e-13,1.323955466e-13,2.062869313e-13,7.240465358e-14,2.253758794e-13,1.176207179e-13,3.492951444e-14,6.08110467e-14,2.054673323e-13,6.885390271e-14,1.078949221e-13,1.3252855e-13,1.155333518e-13,1.853567775e-13,9.809694565e-14,2.259270225e-13,1.179508989e-13
103.7734375,1.807233608e-13,1.513530731e-13,3.27507609e-13,1.955311395e-13,3.465180129e-13,4.816351496e-14,6.254751049e-14,1.446420708e-13,6.322360414e-14,1.494851822e-13,3.256151648e-13,1.143023417e-13,1.224146244e-13,2.494992824e-13,1.280382338e-13,2.787346238e-13,1.328775774e-13,2.037687304e-13,7.133859672e-14,2.266443284e-13,1.160159376e-13,3.444349222e-14,5.995443334e-14,2.059641713e-13,6.761741281e-14,1.075028811e-13,1.321456788e-13,1.13972292e-13,1.815983756e-13,9.738382164e-14,2.275651852e-13,1.181104939e-13
103.78125,1.840468903e-13,1.477140995e-13,3.17603214e-13,1.958316109e-13,3.45798079e-13,4.835031758e-14,6.184667837e-14,1.446367612e-13,6.340549806e-14,1.484517517e-13,3.154491258e-13,1.133627106e-13,1.215973856e-13,2.488179909e-13,1.252507128e-13,2.740562839e-13,1.335021618e-13,2.01368025e-13,7.032271775e-14,2.279918565e-13,1.144611059e-13,3.396959647e-14,5.912138189e-14,2.064215639e-13,6.641972291e-14,1.071718268e-13,1.318956104e-13,1.124413117e-13,1.781922118e-13,9.672669047e-14,2.293927475e-13,1.182872935e-13
103.7890625,1.871434851e-13,1.441880727e-13,3.083809322e-13,1.958770616e-13,3.452222688e-13,4.865670708e-14,6.114047615e-14,1.44647371e-13,6.364521031e-14,1.473689448e-13,3.057591658e-13,1.125369069e-13,1.208907892e-13,2.483363716e-13,1.225398592e-13,2.694625056e-13,1.342091067e-13,1.989721027e-13,6.941168263e-14,2.294780704e-13,1.129822996e-13,3.35458792e-14,5.829775025e-14,2.068452772e-13,6.525185037e-14,1.068756422e-13,1.317854044e-13,1.109473777e-13,1.750500911e-13,9.613821321e-14,2.314631463e-13,1.184836839e-13
103.796875,1.899603804e-13,1.408970807e-13,2.994550255e-13,1.961101858e-13,3.445202041e-13,4.897668923e-14,6.045972277e-14,1.445689367e-13,6.384152845e-14,1.462985933e-13,2.963473438e-13,1.117034709e-13,1.202873034e-13,2.478204218e-13,1.199910326e-13,2.649978479e-13,1.349812559e-13,1.966093331e-13,6.855955073e-14,2.310055427e-13,1.115453354e-13,3.315275546e-14,5.751557845e-14,2.072704552e-13,6.413757469e-14,1.06584287e-13,1.318232017e-13,1.094760303e-13,1.719759953e-13,9.559481588e-14,2.337473251e-13,1.185933909e-13
103.8046875,1.929438205e-13,1.37934862e-13,2.907653411e-13,1.964857718e-13,3.435461742e-13,4.925069987e-14,5.981696387e-14,1.443572009e-13,6.396872263e-14,1.453470019e-13,2.871770427e-13,1.108139725e-13,1.196967443e-13,2.471637996e-13,1.176452744e-13,2.606297994e-13,1.358982377e-13,1.942730282e-13,6.772407702e-14,2.32485579e-13,1.101957302e-13,3.274099368e-14,5.669996345e-14,2.076665049e-13,6.307173803e-14,1.063361705e-13,1.319677367e-13,1.081041667e-13,1.690317711e-13,9.508347049e-14,2.360788923e-13,1.18630788e-13
103.8125,1.960818134e-13,1.350834239e-13,2.826792409e-13,1.966194343e-13,3.425062614e-13,4.960168e-14,5.91757061e-14,1.440857271e-13,6.4106259e-14,1.444050317e-13,2.784352921e-13,1.099962901e-13,1.191690887e-13,2.465779051e-13,1.153864274e-13,2.561937605e-13,1.369805651e-13,1.919562372e-13,6.694184506e-14,2.338695147e-13,1.089442689e-13,3.2332271e-14,5.58166581e-14,2.080885021e-13,6.202583028e-14,1.061186347e-13,1.322423094e-13,1.068118468e-13,1.664693296e-13,9.456745766e-14,2.384947029e-13,1.186293088e-13
103.8203125,1.991526924e-13,1.322126859e-13,2.75122387e-13,1.967833459e-13,3.415698534e-13,5.0030745e-14,5.8517479e-14,1.438062551e-13,6.424085605e-14,1.433599793e-13,2.700421523e-13,1.092472582e-13,1.187750873e-13,2.462100267e-13,1.131268155e-13,2.516185842e-13,1.381506625e-13,1.89769644e-13,6.620080571e-14,2.350410551e-13,1.076870672e-13,3.194051555e-14,5.496963472e-14,2.085413634e-13,6.100469143e-14,1.058825386e-13,1.327127357e-13,1.054378568e-13,1.642696643e-13,9.400976492e-14,2.411301424e-13,1.185404575e-13
103.828125,2.023210066e-13,1.294905327e-13,2.678583244e-13,1.971818278e-13,3.406310172e-13,5.043781038e-14,5.785399366e-14,1.43452724e-13,6.429245137e-14,1.422835898e-13,2.619041282e-13,1.084383254e-13,1.184424741e-13,2.459203244e-13,1.109083055e-13,2.469826993e-13,1.393540069e-13,1.876964714e-13,6.5478338e-14,2.360284782e-13,1.064034716e-13,3.153512635e-14,5.417578975e-14,2.088871113e-13,6.00185585e-14,1.056639431e-13,1.333480848e-13,1.039592385e-13,1.622347609e-13,9.345005057e-14,2.439337034e-13,1.183936183e-13
103.8359375,2.056021954e-13,1.269481667e-13,2.610583034e-13,1.975031325e-13,3.396606871e-13,5.087432341e-14,5.719340907e-14,1.430118732e-13,6.431399504e-14,1.412393082e-13,2.541977855e-13,1.076191544e-13,1.181651917e-13,2.45599602e-13,1.088181024e-13,2.42402633e-13,1.406453039e-13,1.856337757e-13,6.481109343e-14,2.371716763e-13,1.051822072e-13,3.113756248e-14,5.33572197e-14,2.092049265e-13,5.906711203e-14,1.055108165e-13,1.340622398e-13,1.025179139e-13,1.603930191e-13,9.293388496e-14,2.468466233e-13,1.182504307e-13
103.84375,2.087310478e-13,1.244695938e-13,2.54764201e-13,1.978024764e-13,3.38636106e-13,5.139211506e-14,5.655232927e-14,1.425562277e-13,6.437222031e-14,1.402173635e-13,2.468716298e-13,1.068772657e-13,1.179947759e-13,2.452301072e-13,1.069062198e-13,2.379830617e-13,1.420924638e-13,1.835895618e-13,6.417866034e-14,2.385469477e-13,1.040218378e-13,3.076887306e-14,5.252791011e-14,2.096799901e-13,5.816184696e-14,1.054063056e-13,1.34823931e-13,1.011618793e-13,1.587929493e-13,9.245203253e-14,2.498631339e-13,1.180762623e-13
103.8515625,2.117189001e-13,1.221354737e-13,2.48761994e-13,1.982426405e-13,3.372735101e-13,5.190657839e-14,5.594234852e-14,1.420693419e-13,6.43749757e-14,1.391966187e-13,2.397736004e-13,1.061016281e-13,1.178411546e-13,2.447089164e-13,1.05134154e-13,2.337020837e-13,1.436658947e-13,1.815186743e-13,6.352186596e-14,2.39802451e-13,1.02858942e-13,3.036995229e-14,5.172889953e-14,2.10171564e-13,5.730457409e-14,1.05354516e-13,1.356549166e-13,9.982250519e-14,1.572770785e-13,9.200517861e-14,2.529406515e-13,1.178368359e-13
103.859375,2.147092882e-13,1.200226746e-13,2.431050462e-13,1.985259581e-13,3.356009418e-13,5.239838353e-14,5.534915391e-14,1.415254734e-13,6.428887659e-14,1.381461544e-13,2.331196987e-13,1.052353159e-13,1.176760696e-13,2.440877164e-13,1.034493661e-13,2.294386505e-13,1.453150157e-13,1.794116454e-13,6.288816084e-14,2.409566905e-13,1.016932533e-13,2.993762058e-14,5.093990966e-14,2.105531452e-13,5.648953495e-14,1.053780935e-13,1.365911042e-13,9.850658023e-14,1.558386539e-13,9.158732551e-14,2.562204652e-13,1.175404418e-13
103.8671875,2.176896748e-13,1.179899954e-13,2.379565914e-13,1.987041759e-13,3.340720344e-13,5.294384884e-14,5.476827205e-14,1.409807288e-13,6.423233948e-14,1.370910819e-13,2.269796309e-13,1.043977172e-13,1.176315981e-13,2.435894149e-13,1.018804589e-13,2.252086668e-13,1.470255861e-13,1.774642695e-13,6.234411754e-14,2.422979402e-13,1.005423363e-13,2.955852065e-14,5.01546925e-14,2.109920018e-13,5.572704179e-14,1.05432333e-13,1.376333524e-13,9.727900667e-14,1.546389157e-13,9.115356963e-14,2.598787264e-13,1.171826216e-13
103.875,2.206788044e-13,1.159714447e-13,2.333101672e-13,1.991427641e-13,3.326910755e-13,5.354892551e-14,5.420516875e-14,1.40421597e-13,6.421745254e-14,1.360730834e-13,2.211064145e-13,1.036257639e-13,1.177010527e-13,2.431710139e-13,1.004362681e-13,2.211108706e-13,1.487743916e-13,1.757007614e-13,6.184083149e-14,2.436455451e-13,9.943416136e-14,2.923206343e-14,4.9380925e-14,2.115148867e-13,5.500738407e-14,1.054655322e-13,1.387356796e-13,9.610637872e-14,1.536412813e-13,9.070684639e-14,2.63736222e-13,1.167756455e-13
103.8828125,2.236447645e-13,1.140749657e-13,2.291289031e-13,1.995667597e-13,3.311454432e-13,5.416177191e-14,5.364585593e-14,1.397855279e-13,6.415968967e-14,1.350535851e-13,2.155741143e-13,1.028781592e-13,1.177878918e-13,2.426653744e-13,9.904503442e-14,2.17059743e-13,1.505472478e-13,1.739168362e-13,6.133503641e-14,2.447932369e-13,9.839832524e-14,2.889014412e-14,4.861251465e-14,2.119953331e-13,5.430560237e-14,1.055035503e-13,1.398922413e-13,9.491871963e-14,1.527638945e-13,9.029440211e-14,2.676531985e-13,1.16334812e-13
103.890625,2.263827801e-13,1.12300299e-13,2.253225411e-13,1.996954127e-13,3.295218049e-13,5.475406659e-14,5.308652417e-14,1.390865553e-13,6.406331304e-14,1.34017829e-13,2.105357026e-13,1.021512553e-13,1.179527872e-13,2.421385611e-13,9.769782509e-14,2.129338149e-13,1.523279201e-13,1.721247365e-13,6.086747822e-14,2.459249176e-13,9.737140975e-14,2.853747638e-14,4.786658287e-14,2.124588112e-13,5.364741242e-14,1.055858707e-13,1.411334614e-13,9.371870625e-14,1.520482396e-13,8.990355118e-14,2.718357248e-13,1.158209003e-13
103.8984375,2.288722394e-13,1.105528012e-13,2.218183306e-13,1.99939735e-13,3.279324765e-13,5.533071574e-14,5.254093339e-14,1.383707332e-13,6.39542773e-14,1.330098989e-13,2.057598682e-13,1.013956514e-13,1.182362795e-13,2.416261015e-13,9.647955423e-14,2.089039657e-13,1.541030099e-13,1.704688128e-13,6.04208941e-14,2.471334892e-13,9.630948498e-14,2.819215342e-14,4.714916566e-14,2.1291734e-13,5.307123951e-14,1.0570181e-13,1.424334378e-13,9.252917387e-14,1.514621228e-13,8.949653673e-14,2.763013979e-13,1.152063534e-13
103.90625,2.313972923e-13,1.089094531e-13,2.187755357e-13,2.004403912e-13,3.262627976e-13,5.594902049e-14,5.199919487e-14,1.376743335e-13,6.383965172e-14,1.320289397e-13,2.01180585e-13,1.006134043e-13,1.185532744e-13,2.410754812e-13,9.543696353e-14,2.051877112e-13,1.559780603e-13,1.689415096e-13,5.993982002e-14,2.484011857e-13,9.530379284e-14,2.784788235e-14,4.642841165e-14,2.133289665e-13,5.255273986e-14,1.058388506e-13,1.437833312e-13,9.140198171e-14,1.510276209e-13,8.910169265e-14,2.808680603e-13,1.145457015e-13
103.9140625,2.341208592e-13,1.074634645e-13,2.163540542e-13,2.008411106e-13,3.245476633e-13,5.666697591e-14,5.144754391e-14,1.36972064e-13,6.37383218e-14,1.310603968e-13,1.970689062e-13,9.991882616e-14,1.189047027e-13,2.406138008e-13,9.455226577e-14,2.016482366e-13,1.580548734e-13,1.675063958e-13,5.94905947e-14,2.49725519e-13,9.438201607e-14,2.7536328e-14,4.569441649e-14,2.137427495e-13,5.20552427e-14,1.060146883e-13,1.4524042e-13,9.040567355e-14,1.508767101e-13,8.876552282e-14,2.856742582e-13,1.13881266e-13
103.921875,2.369192955e-13,1.060513402e-13,2.144468865e-13,2.011515745e-13,3.228376317e-13,5.743604679e-14,5.090477467e-14,1.361720121e-13,6.362411313e-14,1.300971777e-13,1.934139256e-13,9.931998808e-14,1.19350991e-13,2.403201746e-13,9.378074758e-14,1.98054132e-13,1.602183818e-13,1.66142661e-13,5.915058272e-14,2.509415726e-13,9.347140957e-14,2.726471518e-14,4.496286097e-14,2.141644414e-13,5.157888211e-14,1.062300506e-13,1.468069959e-13,8.946228116e-14,1.509209998e-13,8.846160656e-14,2.90884191e-13,1.131668187e-13
103.9296875,2.396615456e-13,1.04591346e-13,2.128382981e-13,2.015345995e-13,3.211011763e-13,5.816299215e-14,5.038458844e-14,1.352783369e-13,6.348755346e-14,1.291155508e-13,1.899633298e-13,9.876754789e-14,1.198793764e-13,2.400718925e-13,9.304306047e-14,1.943877934e-13,1.62338162e-13,1.647856063e-13,5.88715678e-14,2.519947354e-13,9.26022028e-14,2.699523903e-14,4.425131798e-14,2.145854832e-13,5.111933424e-14,1.064571251e-13,1.484701085e-13,8.84429987e-14,1.510220847e-13,8.812029688e-14,2.963093238e-13,1.123790237e-13
103.9375,2.423015646e-13,1.033022166e-13,2.114233156e-13,2.018448098e-13,3.193654449e-13,5.885299075e-14,4.986454156e-14,1.343463797e-13,6.335207265e-14,1.281394216e-13,1.867080879e-13,9.829354774e-14,1.204778988e-13,2.397818968e-13,9.228391865e-14,1.906359331e-13,1.644277274e-13,1.633896595e-13,5.862216595e-14,2.529494581e-13,9.181640025e-14,2.67362562e-14,4.358252776e-14,2.150802813e-13,5.066858681e-14,1.066877172e-13,1.50244763e-13,8.740154464e-14,1.512617374e-13,8.772593888e-14,3.018197694e-13,1.11556461e-13
103.9453125,2.448149008e-13,1.022109354e-13,2.103000965e-13,2.020651904e-13,3.174877729e-13,5.95760654e-14,4.932850122e-14,1.333287055e-13,6.315750318e-14,1.27200392e-13,1.837976484e-13,9.784777509e-14,1.21137583e-13,2.393872212e-13,9.154002509e-14,1.867891452e-13,1.664830568e-13,1.619088947e-13,5.84300752e-14,2.536948267e-13,9.104678438e-14,2.650133386e-14,4.293534583e-14,2.156363586e-13,5.023530025e-14,1.069241565e-13,1.520202401e-13,8.643043762e-14,1.516455778e-13,8.731839474e-14,3.075111507e-13,1.106707429e-13
103.953125,2.472587557e-13,1.011083758e-13,2.096413479e-13,2.023382082e-13,3.153533725e-13,6.034977246e-14,4.879783301e-14,1.322441872e-13,6.28870301e-14,1.262839986e-13,1.812741575e-13,9.736363446e-14,1.218319729e-13,2.388951656e-13,9.087221859e-14,1.830230318e-13,1.685574751e-13,1.603396277e-13,5.827344495e-14,2.543677225e-13,9.028362731e-14,2.626715489e-14,4.226239676e-14,2.162156202e-13,4.981409123e-14,1.071385874e-13,1.537067019e-13,8.550770186e-14,1.521331899e-13,8.692552223e-14,3.134232677e-13,1.096811714e-13
103.9609375,2.496201929e-13,1.000201267e-13,2.094428797e-13,2.025842189e-13,3.131814318e-13,6.114693618e-14,4.828674102e-14,1.312178417e-13,6.264040217e-14,1.254131406e-13,1.791019211e-13,9.691783058e-14,1.225980191e-13,2.384767341e-13,9.030805359e-14,1.794557468e-13,1.707861984e-13,1.587790322e-13,5.81348031e-14,2.55301416e-13,8.956374657e-14,2.604323667e-14,4.158934703e-14,2.168300263e-13,4.940279841e-14,1.073295382e-13,1.554644407e-13,8.461499733e-14,1.528465196e-13,8.656437557e-14,3.195831655e-13,1.086696185e-13
103.96875,2.517671881e-13,9.899773752e-14,2.09591092e-13,2.027094546e-13,3.110074889e-13,6.19495266e-14,4.776254385e-14,1.302386329e-13,6.241024096e-14,1.245865407e-13,1.772221467e-13,9.650641496e-14,1.234354234e-13,2.380771026e-13,8.984872172e-14,1.760294655e-13,1.730709455e-13,1.572373716e-13,5.801781924e-14,2.563063683e-13,8.8830562e-14,2.583740335e-14,4.095394205e-14,2.173654517e-13,4.902280184e-14,1.075668144e-13,1.573876407e-13,8.373098446e-14,1.537196721e-13,8.624664945e-14,3.260028111e-13,1.076954561e-13
103.9765625,2.538889472e-13,9.793972367e-14,2.100140205e-13,2.027993241e-13,3.086816658e-13,6.273660711e-14,4.719656276e-14,1.292261701e-13,6.213656117e-14,1.237282202e-13,1.755519171e-13,9.604986155e-14,1.242505102e-13,2.374746569e-13,8.942792426e-14,1.726962847e-13,1.752735311e-13,1.556569934e-13,5.788890105e-14,2.570811133e-13,8.806840437e-14,2.562150572e-14,4.032059616e-14,2.178199585e-13,4.866479494e-14,1.078707291e-13,1.593195544e-13,8.282852067e-14,1.545526975e-13,8.593425514e-14,3.325207076e-13,1.066901021e-13
103.984375,2.56290506e-13,9.703991352e-14,2.106253041e-13,2.029192566e-13,3.064065712e-13,6.349718116e-14,4.662916882e-14,1.281955271e-13,6.188257836e-14,1.228758417e-13,1.740669688e-13,9.563406587e-14,1.250825287e-13,2.368787835e-13,8.899735756e-14,1.693838091e-13,1.776037802e-13,1.541344903e-13,5.778401015e-14,2.577764629e-13,8.736340177e-14,2.541329732e-14,3.968505746e-14,2.18432891e-13,4.831591957e-14,1.081375585e-13,1.612158796e-13,8.199902383e-14,1.554879908e-13,8.556903776e-14,3.390873476e-13,1.056098974e-13
103.9921875,2.58688124e-13,9.654116028e-14,2.114304021e-13,2.030730917e-13,3.042823508e-13,6.425678019e-14,4.612564168e-14,1.271446625e-13,6.165538426e-14,1.22141856e-13,1.728151849e-13,9.531745677e-14,1.260617579e-13,2.365537807e-13,8.866207588e-14,1.660718498e-13,1.8016141e-13,1.527464453e-13,5.777766337e-14,2.584700979e-13,8.672675999e-14,2.524048737e-14,3.9093995e-14,2.191401077e-13,4.801893289e-14,1.083155747e-13,1.631911448e-13,8.132250231e-14,1.56694778e-13,8.514694761e-14,3.458845153e-13,1.044746199e-13
104,2.607686138e-13,9.617238497e-14,2.12573023e-13,2.032768868e-13,3.020177039e-13,6.501571364e-14,4.5678451e-14,1.260480059e-13,6.137266451e-14,1.21491225e-13,1.717787074e-13,9.501127563e-14,1.271366958e-13,2.362129504e-13,8.849271657e-14,1.629512245e-13,1.826287341e-13,1.513869841e-13,5.779641489e-14,2.590419081e-13,8.609970934e-14,2.506629429e-14,3.853387963e-14,2.19676071e-13,4.778438351e-14,1.085373143e-13,1.652511228e-13,8.072473118e-14,1.58024148e-13,8.472051827e-14,3.528993481e-13,1.032928292e-13
104.0078125,2.628565444e-13,9.565796897e-14,2.140976495e-13,2.035559568e-13,2.995994518e-13,6.574437602e-14,4.522624121e-14,1.249666105e-13,6.106775313e-14,1.208412381e-13,1.709133903e-13,9.473305471e-14,1.282265387e-13,2.356343618e-13,8.839995065e-14,1.601331664e-13,1.848915128e-13,1.50007696e-13,5.777180889e-14,2.595740112e-13,8.547962131e-14,2.487391008e-14,3.797711205e-14,2.202096297e-13,4.756389408e-14,1.089259736e-13,1.673732116e-13,8.013350636e-14,1.594351853e-13,8.435657781e-14,3.600208727e-13,1.020846911e-13
104.015625,2.650531144e-13,9.517293052e-14,2.15970936e-13,2.038855242e-13,2.972402135e-13,6.646864499e-14,4.477177657e-14,1.23955868e-13,6.080311045e-14,1.201867818e-13,1.703120726e-13,9.454890323e-14,1.294232244e-13,2.350736052e-13,8.839808647e-14,1.575302731e-13,1.872169396e-13,1.486795846e-13,5.779785206e-14,2.601931112e-13,8.489340546e-14,2.469550999e-14,3.744364827e-14,2.209452115e-13,4.737097334e-14,1.094040957e-13,1.695824262e-13,7.954382963e-14,1.610684843e-13,8.406439534e-14,3.67419395e-13,1.008762615e-13
104.0234375,2.669756817e-13,9.485301151e-14,2.18205162e-13,2.041571505e-13,2.948380599e-13,6.721063224e-14,4.437747376e-14,1.229626875e-13,6.054166481e-14,1.195260845e-13,1.700445966e-13,9.439263571e-14,1.3075636e-13,2.34619859e-13,8.858095072e-14,1.551118605e-13,1.897189659e-13,1.474330386e-13,5.789478752e-14,2.608498592e-13,8.43560677e-14,2.453280013e-14,3.693675738e-14,2.216482004e-13,4.725380088e-14,1.098396198e-13,1.717949764e-13,7.898281293e-14,1.628440513e-13,8.377741621e-14,3.751600095e-13,9.967172888e-14
104.03125,2.687240808e-13,9.461774089e-14,2.207731395e-13,2.043550727e-13,2.92261021e-13,6.792070127e-14,4.404123973e-14,1.219127895e-13,6.026123967e-14,1.188967707e-13,1.700144512e-13,9.424130325e-14,1.321207858e-13,2.340900014e-13,8.884672396e-14,1.528290084e-13,1.922972905e-13,1.462690296e-13,5.797745487e-14,2.613641737e-13,8.386652595e-14,2.437751442e-14,3.645914542e-14,2.222183516e-13,4.719176317e-14,1.102379697e-13,1.73912047e-13,7.854841906e-14,1.646083834e-13,8.34705971e-14,3.830393395e-13,9.846647747e-14
104.0390625,2.705967127e-13,9.447355901e-14,2.236857976e-13,2.046043343e-13,2.896431164e-13,6.860663773e-14,4.370509764e-14,1.208260985e-13,5.998905378e-14,1.183535743e-13,1.702017741e-13,9.418804228e-14,1.335296985e-13,2.335338432e-13,8.909677993e-14,1.50576115e-13,1.948858843e-13,1.451665624e-13,5.809835352e-14,2.615855775e-13,8.338497355e-14,2.425014706e-14,3.603708772e-14,2.228768921e-13,4.715768045e-14,1.106696253e-13,1.760258955e-13,7.826623507e-14,1.664703397e-13,8.318320424e-14,3.911445283e-13,9.723029572e-14
104.046875,2.723321701e-13,9.448993099e-14,2.269349894e-13,2.049225648e-13,2.870795975e-13,6.932797809e-14,4.336649956e-14,1.197692793e-13,5.972194043e-14,1.178298048e-13,1.706754435e-13,9.424761525e-14,1.350776278e-13,2.330631518e-13,8.942941769e-14,1.484301654e-13,1.974642941e-13,1.440758853e-13,5.834375621e-14,2.616778431e-13,8.290070569e-14,2.414674538e-14,3.564962867e-14,2.23640131e-13,4.716477862e-14,1.111438906e-13,1.782822809e-13,7.802217489e-14,1.685675444e-13,8.289848011e-14,3.996639813e-13,9.594543359e-14
104.0546875,2.738042996e-13,9.470989812e-14,2.30280937e-13,2.052873854e-13,2.844845755e-13,7.003641723e-14,4.306449861e-14,1.187346296e-13,5.942706494e-14,1.172708977e-13,1.713416313e-13,9.432719163e-14,1.367343339e-13,2.325370851e-13,8.988050842e-14,1.464993271e-13,2.000852876e-13,1.430179964e-13,5.864288709e-14,2.618964449e-13,8.248754155e-14,2.403209791e-14,3.526973184e-14,2.243777952e-13,4.721348968e-14,1.116404348e-13,1.806429457e-13,7.78093727e-14,1.707752075e-13,8.258186663e-14,4.083259837e-13,9.46456523e-14
104.0625,2.753780164e-13,9.511528598e-14,2.336460004e-13,2.057846841e-13,2.818509238e-13,7.06881497e-14,4.280467802e-14,1.177155659e-13,5.911146477e-14,1.167464997e-13,1.721137669e-13,9.439357413e-14,1.384272704e-13,2.319075158e-13,9.037571095e-14,1.447200927e-13,2.027987778e-13,1.42023061e-13,5.892608458e-14,2.621681387e-13,8.217825755e-14,2.390908982e-14,3.492901481e-14,2.251283329e-13,4.730158026e-14,1.121777652e-13,1.829539654e-13,7.769882367e-14,1.729564837e-13,8.22717842e-14,4.169206492e-13,9.334247903e-14
104.0703125,2.770649637e-13,9.553535648e-14,2.373148183e-13,2.063540604e-13,2.793306632e-13,7.136379197e-14,4.256252395e-14,1.168045779e-13,5.884594339e-14,1.162440087e-13,1.731014835e-13,9.453443181e-14,1.401659421e-13,2.313599484e-13,9.091367288e-14,1.430386294e-13,2.054836869e-13,1.410003002e-13,5.923259818e-14,2.624040922e-13,8.188531065e-14,2.381891018e-14,3.463471752e-14,2.259444209e-13,4.743509541e-14,1.12790987e-13,1.851773052e-13,7.7587431e-14,1.752261372e-13,8.198769813e-14,4.257409119e-13,9.203910293e-14
104.078125,2.785498392e-13,9.594997421e-14,2.413466124e-13,2.06831336e-13,2.768987559e-13,7.209470997e-14,4.23238307e-14,1.160095674e-13,5.864137933e-14,1.15688668e-13,1.743614797e-13,9.479849364e-14,1.419833815e-13,2.309126978e-13,9.152135462e-14,1.414417117e-13,2.080519184e-13,1.398824313e-13,5.960493645e-14,2.626547543e-13,8.154415008e-14,2.376735651e-14,3.4358756e-14,2.267845642e-13,4.759907058e-14,1.134564927e-13,1.874140502e-13,7.740325585e-14,1.776720034e-13,8.169659149e-14,4.34964134e-13,9.077736708e-14
104.0859375,2.79972897e-13,9.664628951e-14,2.456101587e-13,2.072796758e-13,2.743452961e-13,7.285209677e-14,4.210675975e-14,1.15178387e-13,5.839728621e-14,1.151545877e-13,1.758253856e-13,9.510231149e-14,1.439101235e-13,2.304395526e-13,9.222319762e-14,1.399185391e-13,2.106377696e-13,1.387832344e-13,6.006910351e-14,2.627509075e-13,8.122149067e-14,2.372797977e-14,3.411023287e-14,2.276063598e-13,4.778973376e-14,1.141039108e-13,1.897319255e-13,7.733800903e-14,1.801715533e-13,8.140060663e-14,4.444282957e-13,8.953599879e-14
104.09375,2.816592147e-13,9.761080119e-14,2.50223812e-13,2.078169184e-13,2.717786185e-13,7.367105438e-14,4.192001535e-14,1.142529818e-13,5.809551897e-14,1.147049528e-13,1.774774516e-13,9.542723771e-14,1.4599602e-13,2.300417556e-13,9.303568337e-14,1.385360188e-13,2.133287432e-13,1.378412999e-13,6.064048548e-14,2.626211485e-13,8.100043414e-14,2.371045629e-14,3.389320218e-14,2.284083681e-13,4.801331651e-14,1.147290343e-13,1.921003586e-13,7.750845468e-14,1.827204695e-13,8.11217261e-14,4.541121879e-13,8.824309246e-14
104.1015625,2.834493952e-13,9.850843323e-14,2.551942911e-13,2.084160099e-13,2.694600055e-13,7.451276867e-14,4.172211136e-14,1.13341639e-13,5.783567569e-14,1.142543102e-13,1.793245928e-13,9.589798834e-14,1.482432779e-13,2.298591689e-13,9.386598113e-14,1.372773588e-13,2.160225252e-13,1.37035616e-13,6.128403339e-14,2.625800565e-13,8.085294637e-14,2.373305425e-14,3.368768765e-14,2.292844891e-13,4.823715936e-14,1.153929959e-13,1.944882345e-13,7.774592346e-14,1.854740613e-13,8.086792626e-14,4.641301914e-13,8.689776522e-14
104.109375,2.850653074e-13,9.946021131e-14,2.603196318e-13,2.090656687e-13,2.672349255e-13,7.526013645e-14,4.149990575e-14,1.125229904e-13,5.763474334e-14,1.137785974e-13,1.813527921e-13,9.654660816e-14,1.505639344e-13,2.297573573e-13,9.465069735e-14,1.360725338e-13,2.18690666e-13,1.362822078e-13,6.196847843e-14,2.626827352e-13,8.070335802e-14,2.376691129e-14,3.350522547e-14,2.303066245e-13,4.844485517e-14,1.161018114e-13,1.969251041e-13,7.797645435e-14,1.884170385e-13,8.06398995e-14,4.744209446e-13,8.552657278e-14
104.1171875,2.866622235e-13,1.007570045e-13,2.656059126e-13,2.09732776e-13,2.6492779e-13,7.595757142e-14,4.129739148e-14,1.117848481e-13,5.744877615e-14,1.133180043e-13,1.835570968e-13,9.727067737e-14,1.528922741e-13,2.296146642e-13,9.54856154e-14,1.350708561e-13,2.214658459e-13,1.355717926e-13,6.271222016e-14,2.626681279e-13,8.054659612e-14,2.379988375e-14,3.335378951e-14,2.313528739e-13,4.8674015e-14,1.168095071e-13,1.994333495e-13,7.836723314e-14,1.914452239e-13,8.039632458e-14,4.848252023e-13,8.416265257e-14
104.125,2.883794796e-13,1.021472837e-13,2.710258141e-13,2.10317494e-13,2.627522644e-13,7.670347241e-14,4.11165294e-14,1.110924873e-13,5.729367696e-14,1.128298181e-13,1.858635142e-13,9.803095329e-14,1.552852391e-13,2.295195376e-13,9.639938325e-14,1.343605559e-13,2.243378454e-13,1.348890503e-13,6.353790728e-14,2.626096431e-13,8.041794769e-14,2.386916033e-14,3.321394347e-14,2.323200187e-13,4.893504183e-14,1.174995571e-13,2.019556071e-13,7.893615202e-14,1.945587614e-13,8.010539327e-14,4.952948884e-13,8.287456261e-14
104.1328125,2.899546491e-13,1.034099532e-13,2.764359276e-13,2.108653798e-13,2.607843555e-13,7.742702105e-14,4.093671616e-14,1.104160459e-13,5.716785622e-14,1.123236073e-13,1.881804145e-13,9.886259831e-14,1.578088102e-13,2.294945039e-13,9.730104425e-14,1.337218691e-13,2.270541628e-13,1.341777735e-13,6.445686438e-14,2.626137934e-13,8.030704197e-14,2.397720293e-14,3.30984099e-14,2.332779348e-13,4.920701149e-14,1.181896493e-13,2.044325674e-13,7.949695364e-14,1.977176429e-13,7.982035148e-14,5.059387334e-13,8.164393475e-14
104.140625,2.913537452e-13,1.047975188e-13,2.819743604e-13,2.115118478e-13,2.588278201e-13,7.806684662e-14,4.07801377e-14,1.097350422e-13,5.703121065e-14,1.118872251e-13,1.905626857e-13,9.978538184e-14,1.604130473e-13,2.294713121e-13,9.818208884e-14,1.330573238e-13,2.295529748e-13,1.334694838e-13,6.546071258e-14,2.623932391e-13,8.019281185e-14,2.408597284e-14,3.30270426e-14,2.34259803e-13,4.949428036e-14,1.189129632e-13,2.068962746e-13,8.004693321e-14,2.00849924e-13,7.95787413e-14,5.168707906e-13,8.03752337e-14
104.1484375,2.929953293e-13,1.064152005e-13,2.87727264e-13,2.122510969e-13,2.568780206e-13,7.871680213e-14,4.064700745e-14,1.090440964e-13,5.689838781e-14,1.114948174e-13,1.93107345e-13,1.008027247e-13,1.630630118e-13,2.295028284e-13,9.909724656e-14,1.325031788e-13,2.321371813e-13,1.328516267e-13,6.652548902e-14,2.619043158e-13,8.009563519e-14,2.419693469e-14,3.297040629e-14,2.352688563e-13,4.978529269e-14,1.196664264e-13,2.093807321e-13,8.074961235e-14,2.039833829e-13,7.934040029e-14,5.280043629e-13,7.907970666e-14
104.15625,2.949275479e-13,1.080902105e-13,2.935040234e-13,2.130138847e-13,2.550292032e-13,7.944331097e-14,4.051745742e-14,1.083633647e-13,5.680312035e-14,1.110837077e-13,1.957701423e-13,1.018906795e-13,1.658299874e-13,2.296397296e-13,1.00084414e-13,1.320992235e-13,2.349262783e-13,1.323143885e-13,6.766660707e-14,2.615023082e-13,8.003102176e-14,2.434142416e-14,3.290434765e-14,2.363748365e-13,5.004626599e-14,1.203898274e-13,2.118621163e-13,8.160283741e-14,2.071537853e-13,7.909312003e-14,5.391911316e-13,7.782921542e-14
104.1640625,2.96730811e-13,1.097877237e-13,2.993686207e-13,2.138018395e-13,2.532090586e-13,8.018043362e-14,4.039996454e-14,1.077210576e-13,5.672717772e-14,1.106931858e-13,1.984919645e-13,1.030255829e-13,1.687225385e-13,2.29809488e-13,1.011709886e-13,1.318421897e-13,2.376805719e-13,1.317908114e-13,6.891059126e-14,2.612183729e-13,7.999422352e-14,2.452122171e-14,3.285036685e-14,2.375335251e-13,5.029944589e-14,1.210908667e-13,2.143647422e-13,8.250500947e-14,2.104120312e-13,7.887349321e-14,5.505138674e-13,7.662165412e-14
104.171875,2.983442228e-13,1.116299103e-13,3.054963222e-13,2.146169376e-13,2.513759124e-13,8.083690257e-14,4.028043436e-14,1.071142652e-13,5.664534586e-14,1.103677403e-13,2.013691217e-13,1.042469611e-13,1.716763951e-13,2.300113704e-13,1.023068052e-13,1.317541227e-13,2.403342296e-13,1.312772383e-13,7.024344937e-14,2.608560661e-13,8.00059356e-14,2.471959207e-14,3.282814212e-14,2.386551069e-13,5.059749804e-14,1.218576653e-13,2.169438862e-13,8.349992768e-14,2.138487132e-13,7.869856884e-14,5.621329782e-13,7.543288079e-14
104.1796875,2.999983884e-13,1.137103088e-13,3.117245887e-13,2.154474692e-13,2.496254409e-13,8.139742745e-14,4.015220309e-14,1.065294746e-13,5.657305019e-14,1.101332394e-13,2.044576765e-13,1.055760771e-13,1.747204836e-13,2.303148824e-13,1.034145137e-13,1.31763372e-13,2.430071287e-13,1.30820529e-13,7.165235914e-14,2.604397141e-13,8.008241016e-14,2.493336177e-14,3.283758869e-14,2.398090433e-13,5.094041426e-14,1.22684593e-13,2.195615499e-13,8.468083561e-14,2.173609851e-13,7.856007348e-14,5.739722195e-13,7.426308625e-14
104.1875,3.01613353e-13,1.159305039e-13,3.178626969e-13,2.163351724e-13,2.479686524e-13,8.190541912e-14,4.005522031e-14,1.059718073e-13,5.652311807e-14,1.100048083e-13,2.075710446e-13,1.069268134e-13,1.778637433e-13,2.306183967e-13,1.044829191e-13,1.318422654e-13,2.455956482e-13,1.304124975e-13,7.310027838e-14,2.598882376e-13,8.019646328e-14,2.515408489e-14,3.287237771e-14,2.410101268e-13,5.128985992e-14,1.234927316e-13,2.221457349e-13,8.598689594e-14,2.207253579e-13,7.843010298e-14,5.858026008e-13,7.311878592e-14
104.1953125,3.031143247e-13,1.181474527e-13,3.239078682e-13,2.172560868e-13,2.462876565e-13,8.238918261e-14,3.997378116e-14,1.054535084e-13,5.646843155e-14,1.098856639e-13,2.105902958e-13,1.082384359e-13,1.810041747e-13,2.307913532e-13,1.054803651e-13,1.320441118e-13,2.479944541e-13,1.299635541e-13,7.452187101e-14,2.590715719e-13,8.033353788e-14,2.536192615e-14,3.290415393e-14,2.421720954e-13,5.16131363e-14,1.242660549e-13,2.246762579e-13,8.729518321e-14,2.239922898e-13,7.828119261e-14,5.975194173e-13,7.200834598e-14
104.203125,3.047451366e-13,1.204915926e-13,3.3004666e-13,2.180541871e-13,2.446327456e-13,8.286159288e-14,3.986058003e-14,1.049928015e-13,5.640792609e-14,1.096759823e-13,2.13752697e-13,1.096263173e-13,1.841823628e-13,2.310163583e-13,1.064362289e-13,1.323763324e-13,2.503756052e-13,1.294875749e-13,7.597451299e-14,2.582964455e-13,8.051051444e-14,2.557444028e-14,3.290545202e-14,2.433866044e-13,5.190949429e-14,1.250383225e-13,2.271824854e-13,8.863025917e-14,2.274243907e-13,7.813887152e-14,6.093201031e-13,7.090557981e-14
104.2109375,3.065732343e-13,1.230942562e-13,3.366521911e-13,2.187306395e-13,2.432637502e-13,8.333487339e-14,3.974241648e-14,1.045854908e-13,5.639738283e-14,1.094521482e-13,2.172786018e-13,1.112544887e-13,1.875779193e-13,2.315644444e-13,1.075541625e-13,1.329003368e-13,2.528981639e-13,1.291646655e-13,7.760345351e-14,2.578216982e-13,8.072225398e-14,2.583838867e-14,3.290961736e-14,2.447462563e-13,5.222878722e-14,1.259017066e-13,2.298109226e-13,9.009425754e-14,2.311392232e-13,7.805921862e-14,6.215529305e-13,6.977448231e-14
104.21875,3.084388446e-13,1.259205254e-13,3.436530164e-13,2.194764246e-13,2.422134244e-13,8.37979753e-14,3.964620035e-14,1.041969941e-13,5.645044944e-14,1.093122861e-13,2.210129746e-13,1.13090833e-13,1.911872385e-13,2.323424691e-13,1.088695649e-13,1.336160182e-13,2.555286314e-13,1.290167533e-13,7.942962076e-14,2.574068833e-13,8.095807283e-14,2.615293281e-14,3.296801559e-14,2.461211757e-13,5.260794648e-14,1.269374634e-13,2.32683072e-13,9.168336735e-14,2.350325111e-13,7.804652351e-14,6.341584233e-13,6.864696605e-14
104.2265625,3.10377171e-13,1.29040893e-13,3.504235437e-13,2.20275523e-13,2.412357796e-13,8.426604641e-14,3.95584262e-14,1.038419525e-13,5.65277319e-14,1.092068048e-13,2.246970759e-13,1.14963622e-13,1.948911179e-13,2.331042328e-13,1.10118763e-13,1.343011337e-13,2.581718188e-13,1.288486797e-13,8.137577367e-14,2.568927991e-13,8.123515397e-14,2.648617695e-14,3.305901669e-14,2.474746946e-13,5.300735794e-14,1.280103908e-13,2.356059155e-13,9.337153356e-14,2.389288013e-13,7.802959192e-14,6.466964366e-13,6.756600592e-14
104.234375,3.124150492e-13,1.323167297e-13,3.568334181e-13,2.210288636e-13,2.402758924e-13,8.476811235e-14,3.948866946e-14,1.035594955e-13,5.663228362e-14,1.090767707e-13,2.282898893e-13,1.168504211e-13,1.98695879e-13,2.338886148e-13,1.112492033e-13,1.349623099e-13,2.607909591e-13,1.286692202e-13,8.33958795e-14,2.563771358e-13,8.15496751e-14,2.684417685e-14,3.313214573e-14,2.489279102e-13,5.33863511e-14,1.289527699e-13,2.3839499e-13,9.520316938e-14,2.428149794e-13,7.794315616e-14,6.59160093e-13,6.651507252e-14
104.2421875,3.144582385e-13,1.354425535e-13,3.633307776e-13,2.219084776e-13,2.394747342e-13,8.524843949e-14,3.943871513e-14,1.033049135e-13,5.677189055e-14,1.089574662e-13,2.319155782e-13,1.188563415e-13,2.026074907e-13,2.348343025e-13,1.125132667e-13,1.359163745e-13,2.634627567e-13,1.286609604e-13,8.547170705e-14,2.558503449e-13,8.186907527e-14,2.723552093e-14,3.319196511e-14,2.504389379e-13,5.376502691e-14,1.298968137e-13,2.412811616e-13,9.715081227e-14,2.468244556e-13,7.783439065e-14,6.718344301e-13,6.548804984e-14
104.25,3.166366057e-13,1.386554855e-13,3.70054572e-13,2.229662308e-13,2.388246386e-13,8.567375452e-14,3.938509775e-14,1.030292465e-13,5.690096684e-14,1.088496564e-13,2.356756968e-13,1.209505319e-13,2.065589521e-13,2.358719216e-13,1.139511624e-13,1.371323187e-13,2.662074999e-13,1.287454681e-13,8.761677194e-14,2.553440209e-13,8.22067074e-14,2.763387173e-14,3.326433847e-14,2.518852106e-13,5.416425121e-14,1.310071868e-13,2.444061364e-13,9.911286593e-14,2.508992057e-13,7.779584461e-14,6.845142334e-13,6.451249169e-14
104.2578125,3.189968589e-13,1.422267491e-13,3.768433567e-13,2.239346734e-13,2.38220811e-13,8.610312863e-14,3.931918794e-14,1.027888977e-13,5.700898037e-14,1.086882048e-13,2.395207022e-13,1.230410439e-13,2.105770104e-13,2.368984844e-13,1.153810624e-13,1.383320572e-13,2.688904292e-13,1.287347436e-13,8.98659198e-14,2.549531273e-13,8.261758749e-14,2.803195087e-14,3.335681899e-14,2.532759322e-13,5.457989176e-14,1.321608441e-13,2.475147845e-13,1.01102996e-13,2.549015685e-13,7.7795271e-14,6.970223613e-13,6.358010184e-14
104.265625,3.212452364e-13,1.459040422e-13,3.835307014e-13,2.248046354e-13,2.376401334e-13,8.651084652e-14,3.923870174e-14,1.026479122e-13,5.714704234e-14,1.085043535e-13,2.433237162e-13,1.251701177e-13,2.147018631e-13,2.379499141e-13,1.16798171e-13,1.396053505e-13,2.71535757e-13,1.28700745e-13,9.221389961e-14,2.545746944e-13,8.310717221e-14,2.845549043e-14,3.347648219e-14,2.546368725e-13,5.500264053e-14,1.332228543e-13,2.505492261e-13,1.03240817e-13,2.589639043e-13,7.774923798e-14,7.096469053e-13,6.266461409e-14
104.2734375,3.233821055e-13,1.496380555e-13,3.899809165e-13,2.258323672e-13,2.371397595e-13,8.686209248e-14,3.915686156e-14,1.025891009e-13,5.733527835e-14,1.083854748e-13,2.470809026e-13,1.273744065e-13,2.188539499e-13,2.390871491e-13,1.183198451e-13,1.411589747e-13,2.743193484e-13,1.287868212e-13,9.463928742e-14,2.541500876e-13,8.361391979e-14,2.891593473e-14,3.361708116e-14,2.559756197e-13,5.540888323e-14,1.3426892e-13,2.536932401e-13,1.055738945e-13,2.631642013e-13,7.771206529e-14,7.223195792e-13,6.17819163e-14
104.28125,3.256799248e-13,1.535709548e-13,3.963652182e-13,2.269781812e-13,2.367380448e-13,8.72682e-14,3.908803928e-14,1.025649272e-13,5.754208013e-14,1.082660597e-13,2.509060121e-13,1.296070699e-13,2.230093372e-13,2.402971349e-13,1.199284827e-13,1.429174589e-13,2.771809533e-13,1.289793479e-13,9.714528586e-14,2.537574398e-13,8.409086228e-14,2.939941486e-14,3.375852249e-14,2.573420354e-13,5.579022358e-14,1.353902871e-13,2.569055642e-13,1.080254881e-13,2.67321499e-13,7.777434158e-14,7.347462255e-13,6.095616486e-14
104.2890625,3.280782905e-13,1.576045354e-13,4.02870667e-13,2.280397417e-13,2.3631977e-13,8.773475892e-14,3.900232142e-14,1.025562922e-13,5.77472261e-14,1.080552868e-13,2.548539112e-13,1.318829077e-13,2.272364246e-13,2.415157832e-13,1.214941541e-13,1.44720794e-13,2.800000274e-13,1.292195266e-13,9.973731124e-14,2.533104796e-13,8.457099836e-14,2.988888445e-14,3.390730081e-14,2.587302111e-13,5.616885733e-14,1.365599649e-13,2.601014014e-13,1.105274281e-13,2.714151215e-13,7.78894002e-14,7.471106789e-13,6.017874294e-14
104.296875,3.305800312e-13,1.617853683e-13,4.092539977e-13,2.290692204e-13,2.35948162e-13,8.813720398e-14,3.889422769e-14,1.025828192e-13,5.7988827e-14,1.078499674e-13,2.588337055e-13,1.342357437e-13,2.315422597e-13,2.427757746e-13,1.229435228e-13,1.464688087e-13,2.828467302e-13,1.294624173e-13,1.024252375e-13,2.527762077e-13,8.513708503e-14,3.039312637e-14,3.40781609e-14,2.60111682e-13,5.654244068e-14,1.377010527e-13,2.632717112e-13,1.131322826e-13,2.755195327e-13,7.797189271e-14,7.594559116e-13,5.944038111e-14
104.3046875,3.334343981e-13,1.661245839e-13,4.153892747e-13,2.302073719e-13,2.359654816e-13,8.851122693e-14,3.88068413e-14,1.026421144e-13,5.830700588e-14,1.077220592e-13,2.626928234e-13,1.36637975e-13,2.359453044e-13,2.442118681e-13,1.243694292e-13,1.481676512e-13,2.856612993e-13,1.29673435e-13,1.052224164e-13,2.523746193e-13,8.5818137e-14,3.09372539e-14,3.425055379e-14,2.615443046e-13,5.689547065e-14,1.387968295e-13,2.663294878e-13,1.15905292e-13,2.795528769e-13,7.801827502e-14,7.715112662e-13,5.873850675e-14
104.3125,3.36439799e-13,1.704561423e-13,4.214077918e-13,2.314040638e-13,2.362980006e-13,8.889862683e-14,3.87262882e-14,1.026750723e-13,5.863431006e-14,1.075647042e-13,2.664117563e-13,1.390595819e-13,2.404475243e-13,2.457546017e-13,1.259126694e-13,1.499751134e-13,2.883200644e-13,1.298849189e-13,1.081034908e-13,2.521582459e-13,8.654159035e-14,3.149933937e-14,3.440086486e-14,2.630196857e-13,5.723825547e-14,1.399210262e-13,2.694001179e-13,1.18785626e-13,2.835569926e-13,7.806040584e-14,7.833475988e-13,5.804571475e-14
104.3203125,3.393173985e-13,1.749998805e-13,4.271939508e-13,2.325695667e-13,2.36513241e-13,8.924046464e-14,3.860922531e-14,1.026929438e-13,5.889568682e-14,1.073433773e-13,2.701258959e-13,1.414691098e-13,2.449107786e-13,2.472691197e-13,1.275611978e-13,1.519605154e-13,2.910433163e-13,1.301791207e-13,1.110354021e-13,2.519095767e-13,8.724458131e-14,3.204281388e-14,3.454773084e-14,2.644224747e-13,5.756672939e-14,1.411045328e-13,2.727066924e-13,1.217003015e-13,2.876170614e-13,7.813630082e-14,7.950787678e-13,5.734781278e-14
104.328125,3.424232533e-13,1.799170607e-13,4.327892042e-13,2.338089416e-13,2.367938359e-13,8.965397886e-14,3.847300115e-14,1.028102766e-13,5.919284339e-14,1.07157377e-13,2.739182953e-13,1.439178792e-13,2.493769726e-13,2.490290477e-13,1.292307542e-13,1.540137244e-13,2.940186039e-13,1.306333857e-13,1.140724189e-13,2.515074043e-13,8.798442993e-14,3.26229384e-14,3.471853376e-14,2.657683048e-13,5.786973616e-14,1.422689565e-13,2.760654197e-13,1.247339378e-13,2.916283518e-13,7.827167247e-14,8.067891486e-13,5.669226352e-14
104.3359375,3.459022437e-13,1.849367278e-13,4.385177756e-13,2.352124487e-13,2.375138647e-13,9.023123827e-14,3.833987526e-14,1.030254331e-13,5.962857456e-14,1.070154323e-13,2.777575382e-13,1.465453608e-13,2.541047722e-13,2.512080844e-13,1.308760395e-13,1.560399276e-13,2.969757435e-13,1.312211451e-13,1.172746447e-13,2.510157264e-13,8.883187696e-14,3.329887624e-14,3.489308032e-14,2.671642216e-13,5.81615738e-14,1.433635361e-13,2.792565409e-13,1.280095947e-13,2.956184729e-13,7.842503469e-14,8.187610236e-13,5.611504918e-14
104.34375,3.49242685e-13,1.900417821e-13,4.442235557e-13,2.36605877e-13,2.383104288e-13,9.077083917e-14,3.819342114e-14,1.03207272e-13,6.009581717e-14,1.06850447e-13,2.815956834e-13,1.492939598e-13,2.589968546e-13,2.533417933e-13,1.324318282e-13,1.580049999e-13,2.997138714e-13,1.317817324e-13,1.205436653e-13,2.505625719e-13,8.973625231e-14,3.399527188e-14,3.503813302e-14,2.685917709e-13,5.843285244e-14,1.444310767e-13,2.824188922e-13,1.314628624e-13,2.996722568e-13,7.855736028e-14,8.306834481e-13,5.556613636e-14
104.3515625,3.523778002e-13,1.953609477e-13,4.496074454e-13,2.379248017e-13,2.389518499e-13,9.118643736e-14,3.802276835e-14,1.033643009e-13,6.051922158e-14,1.066785212e-13,2.854199595e-13,1.520182221e-13,2.637864507e-13,2.552490963e-13,1.339371773e-13,1.599929127e-13,3.02464958e-13,1.322868096e-13,1.238035872e-13,2.502378479e-13,9.063419046e-14,3.464691552e-14,3.517633441e-14,2.700181135e-13,5.866827023e-14,1.455391567e-13,2.856731239e-13,1.349874606e-13,3.036890581e-13,7.871831747e-14,8.420143506e-13,5.499837489e-14
104.359375,3.557947992e-13,2.009068728e-13,4.548602407e-13,2.39416342e-13,2.398830069e-13,9.16247424e-14,3.784267553e-14,1.03603773e-13,6.099559718e-14,1.065377849e-13,2.892735839e-13,1.548109416e-13,2.686153197e-13,2.573994392e-13,1.355659769e-13,1.62158725e-13,3.053716086e-13,1.328990966e-13,1.271830531e-13,2.50043716e-13,9.156818474e-14,3.532217759e-14,3.534266631e-14,2.714775947e-13,5.890079746e-14,1.467188648e-13,2.889782861e-13,1.386697352e-13,3.077636466e-13,7.893828386e-14,8.53124414e-13,5.445595832e-14
104.3671875,3.595562765e-13,2.068154165e-13,4.600519788e-13,2.410550489e-13,2.411178431e-13,9.210252973e-14,3.768373543e-14,1.038836289e-13,6.152621716e-14,1.064003714e-13,2.931460166e-13,1.576842842e-13,2.735917339e-13,2.598187352e-13,1.37341852e-13,1.644674057e-13,3.083059424e-13,1.336268742e-13,1.307062766e-13,2.49996011e-13,9.257572569e-14,3.604859499e-14,3.552152255e-14,2.729073052e-13,5.914367504e-14,1.479302277e-13,2.922610823e-13,1.425520517e-13,3.120324349e-13,7.916138455e-14,8.642455676e-13,5.39761434e-14
104.375,3.634686794e-13,2.12907556e-13,4.649793891e-13,2.424918787e-13,2.422664829e-13,9.258186599e-14,3.755630915e-14,1.041331169e-13,6.202430513e-14,1.062715496e-13,2.968978132e-13,1.604477337e-13,2.785159855e-13,2.621493359e-13,1.392056653e-13,1.668953002e-13,3.113329249e-13,1.343807774e-13,1.34226318e-13,2.501394289e-13,9.362027044e-14,3.676664574e-14,3.569610203e-14,2.742370655e-13,5.937396216e-14,1.491305845e-13,2.954943592e-13,1.465052214e-13,3.162442981e-13,7.93713671e-14,8.749038907e-13,5.351901088e-14
104.3828125,3.675634609e-13,2.188739877e-13,4.697578479e-13,2.437682395e-13,2.434739944e-13,9.309468815e-14,3.743205084e-14,1.044194753e-13,6.254282933e-14,1.061985586e-13,3.005026386e-13,1.63174162e-13,2.834224215e-13,2.645424413e-13,1.412292824e-13,1.696266919e-13,3.145907637e-13,1.352204869e-13,1.377888431e-13,2.503994078e-13,9.468125789e-14,3.749229562e-14,3.586967797e-14,2.75566541e-13,5.960030746e-14,1.503500898e-13,2.988197901e-13,1.505413303e-13,3.203198076e-13,7.961987617e-14,8.852542785e-13,5.308005471e-14
104.390625,3.717338426e-13,2.249683733e-13,4.746287938e-13,2.45158379e-13,2.448936492e-13,9.36057737e-14,3.729567523e-14,1.047739717e-13,6.312536688e-14,1.061236766e-13,3.041293342e-13,1.660272868e-13,2.88438774e-13,2.671743063e-13,1.433704867e-13,1.725828329e-13,3.178591881e-13,1.361158213e-13,1.414878173e-13,2.506248831e-13,9.575833616e-14,3.826635203e-14,3.602628551e-14,2.769605202e-13,5.982385948e-14,1.516068582e-13,3.022592943e-13,1.547214021e-13,3.245186311e-13,7.991902592e-14,8.956690471e-13,5.270464635e-14
104.3984375,3.75906604e-13,2.313686008e-13,4.795808479e-13,2.465492713e-13,2.463059152e-13,9.413924176e-14,3.715559479e-14,1.051348614e-13,6.369738393e-14,1.059756122e-13,3.07844253e-13,1.689124917e-13,2.934666278e-13,2.698715046e-13,1.454589438e-13,1.754545211e-13,3.209626384e-13,1.369515619e-13,1.452444987e-13,2.507819371e-13,9.684508066e-14,3.90567795e-14,3.616955329e-14,2.783204964e-13,6.001773898e-14,1.528794102e-13,3.056144945e-13,1.589657619e-13,3.287957908e-13,8.023555472e-14,9.058483608e-13,5.236557631e-14
104.40625,3.80437483e-13,2.379935345e-13,4.843806731e-13,2.478483382e-13,2.478630153e-13,9.476511229e-14,3.700353895e-14,1.054992886e-13,6.428039512e-14,1.058526783e-13,3.115322481e-13,1.718133048e-13,2.985747493e-13,2.726911187e-13,1.475315391e-13,1.782729236e-13,3.240830532e-13,1.378274307e-13,1.491000525e-13,2.509815392e-13,9.799086888e-14,3.986416673e-14,3.633316631e-14,2.79599335e-13,6.018636643e-14,1.541758265e-13,3.089699653e-13,1.63393276e-13,3.329461325e-13,8.05396569e-14,9.157054497e-13,5.202292352e-14
104.4140625,3.854036913e-13,2.450337776e-13,4.887169563e-13,2.493558172e-13,2.497907418e-13,9.53684021e-14,3.684380821e-14,1.058819656e-13,6.494333031e-14,1.058394663e-13,3.150785369e-13,1.747744547e-13,3.038671464e-13,2.756918839e-13,1.497012216e-13,1.811871163e-13,3.272279828e-13,1.387890944e-13,1.531020042e-13,2.513067556e-13,9.92451952e-14,4.071304851e-14,3.650707929e-14,2.808573195e-13,6.033786723e-14,1.554807248e-13,3.124470484e-13,1.681704057e-13,3.369336132e-13,8.081701505e-14,9.25302784e-13,5.172240114e-14
104.421875,3.904004348e-13,2.523821799e-13,4.92672714e-13,2.511418238e-13,2.517620566e-13,9.590395516e-14,3.670759801e-14,1.062473992e-13,6.561244854e-14,1.058449611e-13,3.184748477e-13,1.776394598e-13,3.091499982e-13,2.786298996e-13,1.519424598e-13,1.841296415e-13,3.302411245e-13,1.396889513e-13,1.57051498e-13,2.516951771e-13,1.005543457e-13,4.155673083e-14,3.666327066e-14,2.821316693e-13,6.046559215e-14,1.567604409e-13,3.157711521e-13,1.7306653e-13,3.407140814e-13,8.108844287e-14,9.343505668e-13,5.147663964e-14
104.4296875,3.954009029e-13,2.596722123e-13,4.966271913e-13,2.528937608e-13,2.536108264e-13,9.651665675e-14,3.658292108e-14,1.065988932e-13,6.622682917e-14,1.058036339e-13,3.218046491e-13,1.803927851e-13,3.143658902e-13,2.815057145e-13,1.541945303e-13,1.87051958e-13,3.332465861e-13,1.405392104e-13,1.608986477e-13,2.52139847e-13,1.018572203e-13,4.237055421e-14,3.681311586e-14,2.834231336e-13,6.057873517e-14,1.58048678e-13,3.188552807e-13,1.778847798e-13,3.443833854e-13,8.137978098e-14,9.429680316e-13,5.123503071e-14
104.4375,4.005874464e-13,2.670078496e-13,5.004659157e-13,2.545552409e-13,2.555831461e-13,9.714690796e-14,3.642733536e-14,1.069759145e-13,6.68550874e-14,1.057525663e-13,3.250578793e-13,1.83177865e-13,3.19589343e-13,2.844595152e-13,1.563755256e-13,1.899313115e-13,3.362674615e-13,1.41394126e-13,1.647827137e-13,2.5279779e-13,1.031759058e-13,4.31929756e-14,3.696239537e-14,2.847011465e-13,6.066384504e-14,1.593489984e-13,3.218799452e-13,1.827392546e-13,3.481210827e-13,8.167686153e-14,9.514053686e-13,5.101362595e-14
104.4453125,4.057982233e-13,2.746152206e-13,5.039155942e-13,2.563148072e-13,2.576508082e-13,9.764121113e-14,3.626609519e-14,1.073866661e-13,6.754036239e-14,1.057144597e-13,3.281354586e-13,1.859430926e-13,3.24701411e-13,2.873838188e-13,1.585170487e-13,1.927936367e-13,3.391039741e-13,1.421989299e-13,1.686721963e-13,2.536583391e-13,1.045558252e-13,4.402948923e-14,3.710308935e-14,2.859079277e-13,6.071464904e-14,1.60613796e-13,3.248227788e-13,1.876974076e-13,3.518279468e-13,8.196782091e-14,9.594610309e-13,5.084904073e-14
104.453125,4.110586464e-13,2.826786836e-13,5.07169585e-13,2.581451017e-13,2.596824523e-13,9.809097288e-14,3.615532378e-14,1.078047804e-13,6.824711983e-14,1.057082069e-13,3.311246057e-13,1.886432946e-13,3.297464949e-13,2.902761801e-13,1.608330086e-13,1.958189856e-13,3.418868138e-13,1.430360286e-13,1.725453924e-13,2.545159478e-13,1.060347812e-13,4.486750971e-14,3.723914815e-14,2.87042064e-13,6.077734299e-14,1.618900958e-13,3.277595153e-13,1.928205e-13,3.554041527e-13,8.225741808e-14,9.671618331e-13,5.071515679e-14
104.4609375,4.166103468e-13,2.911398075e-13,5.102657558e-13,2.599499931e-13,2.618260105e-13,9.860000446e-14,3.606975665e-14,1.081885295e-13,6.894111448e-14,1.057456042e-13,3.341131757e-13,1.913293531e-13,3.348652405e-13,2.932335882e-13,1.633053091e-13,1.989632828e-13,3.448439868e-13,1.439334014e-13,1.764365598e-13,2.553871394e-13,1.076110234e-13,4.571136111e-14,3.735599718e-14,2.881663125e-13,6.083767764e-14,1.632348684e-13,3.30787552e-13,1.981061031e-13,3.589002626e-13,8.253529995e-14,9.744997373e-13,5.060395898e-14
104.46875,4.222977904e-13,2.992213528e-13,5.129684923e-13,2.618299654e-13,2.641546918e-13,9.916499692e-14,3.595547825e-14,1.085625237e-13,6.962789173e-14,1.057945006e-13,3.369208311e-13,1.939346684e-13,3.399123991e-13,2.961983492e-13,1.657317154e-13,2.020428779e-13,3.479232442e-13,1.447599413e-13,1.802623076e-13,2.564290888e-13,1.09207067e-13,4.655559171e-14,3.745365755e-14,2.892892713e-13,6.084399913e-14,1.64597375e-13,3.336736528e-13,2.032902628e-13,3.622864581e-13,8.280425572e-14,9.811167789e-13,5.053331645e-14
104.4765625,4.278613314e-13,3.067265682e-13,5.153626787e-13,2.638756068e-13,2.665637245e-13,9.976784162e-14,3.582606231e-14,1.090120655e-13,7.03360833e-14,1.058314206e-13,3.394624461e-13,1.964418253e-13,3.448594898e-13,2.991704634e-13,1.681689191e-13,2.051863681e-13,3.510585523e-13,1.455909971e-13,1.84075465e-13,2.57578462e-13,1.10774463e-13,4.739857412e-14,3.758190312e-14,2.903069501e-13,6.085290663e-14,1.659367346e-13,3.364551399e-13,2.083252684e-13,3.65632571e-13,8.307107898e-14,9.872190621e-13,5.048782673e-14
104.484375,4.332516528e-13,3.145303728e-13,5.175212307e-13,2.659922453e-13,2.689220787e-13,1.00265115e-13,3.570553243e-14,1.095156373e-13,7.105414281e-14,1.058383314e-13,3.418512929e-13,1.989054407e-13,3.498189063e-13,3.02094544e-13,1.706417472e-13,2.084084131e-13,3.540921022e-13,1.464579955e-13,1.87948772e-13,2.587103378e-13,1.123550409e-13,4.822592607e-14,3.774002434e-14,2.911673141e-13,6.089604132e-14,1.672438087e-13,3.393918136e-13,2.134240879e-13,3.689706098e-13,8.3313432e-14,9.930544051e-13,5.0457953e-14
104.4921875,4.385142936e-13,3.227214901e-13,5.19401661e-13,2.680409488e-13,2.710936279e-13,1.006535121e-13,3.55893653e-14,1.099689229e-13,7.174279066e-14,1.058010551e-13,3.441118295e-13,2.012875902e-13,3.54646022e-13,3.048351666e-13,1.73078362e-13,2.115692746e-13,3.569598311e-13,1.4716491e-13,1.917088022e-13,2.599337538e-13,1.139902153e-13,4.901649459e-14,3.786001945e-14,2.920325585e-13,6.089136608e-14,1.685143909e-13,3.422655869e-13,2.185518435e-13,3.720901365e-13,8.354536461e-14,9.98244525e-13,5.044717356e-14
104.5,4.439925301e-13,3.307871622e-13,5.212925288e-13,2.700265933e-13,2.732076036e-13,1.012487662e-13,3.548588498e-14,1.103531014e-13,7.241584239e-14,1.057625583e-13,3.463419104e-13,2.036395981e-13,3.593475011e-13,3.076236131e-13,1.757812401e-13,2.150064378e-13,3.601832735e-13,1.478790331e-13,1.953916092e-13,2.614934473e-13,1.156885469e-13,4.981274801e-14,3.793894195e-14,2.930148192e-13,6.08501463e-14,1.698310842e-13,3.449371438e-13,2.236894253e-13,3.751059295e-13,8.382201951e-14,1.002958676e-12,5.044457315e-14
104.5078125,4.499298806e-13,3.389104129e-13,5.232669963e-13,2.720944198e-13,2.755780251e-13,1.020431541e-13,3.538788029e-14,1.107088962e-13,7.310669155e-14,1.05768164e-13,3.48656291e-13,2.060345273e-13,3.641424219e-13,3.10690429e-13,1.788864673e-13,2.188896533e-13,3.639346268e-13,1.489086091e-13,1.992145812e-13,2.634281072e-13,1.174271838e-13,5.064479837e-14,3.803337925e-14,2.939182241e-13,6.084311334e-14,1.712463118e-13,3.476525514e-13,2.289596995e-13,3.782904912e-13,8.414361487e-14,1.007620556e-12,5.046071674e-14
104.515625,4.559406962e-13,3.471606239e-13,5.249169476e-13,2.743162064e-13,2.781435115e-13,1.026743864e-13,3.526812402e-14,1.110708249e-13,7.381450777e-14,1.058143708e-13,3.508418577e-13,2.083425e-13,3.689012723e-13,3.137502998e-13,1.819128205e-13,2.226755935e-13,3.674396929e-13,1.500071158e-13,2.030127527e-13,2.654990488e-13,1.19156509e-13,5.145517473e-14,3.814275132e-14,2.946076123e-13,6.08021777e-14,1.726684713e-13,3.503143567e-13,2.342371678e-13,3.813826632e-13,8.446225948e-14,1.011698308e-12,5.051569686e-14
104.5234375,4.617830863e-13,3.553116501e-13,5.261624564e-13,2.765855182e-13,2.805884483e-13,1.032281536e-13,3.513860727e-14,1.114526526e-13,7.452241764e-14,1.058681977e-13,3.527535351e-13,2.104872598e-13,3.734229091e-13,3.165411592e-13,1.846861983e-13,2.261639132e-13,3.70432049e-13,1.508751254e-13,2.065852221e-13,2.676096252e-13,1.208928201e-13,5.222292944e-14,3.822507666e-14,2.952408088e-13,6.066290766e-14,1.74059483e-13,3.527360174e-13,2.39445018e-13,3.84214941e-13,8.474848082e-14,1.014774879e-12,5.059363338e-14
104.53125,4.676378738e-13,3.634640793e-13,5.271944126e-13,2.788472285e-13,2.82824766e-13,1.039701181e-13,3.502083404e-14,1.118038455e-13,7.519640621e-14,1.058694304e-13,3.545638158e-13,2.125371126e-13,3.777583305e-13,3.191324513e-13,1.875263072e-13,2.296896162e-13,3.734691616e-13,1.516525099e-13,2.100482169e-13,2.699011208e-13,1.226876807e-13,5.297865112e-14,3.827208749e-14,2.958680511e-13,6.048727799e-14,1.754719422e-13,3.551106966e-13,2.447205615e-13,3.870740526e-13,8.501045446e-14,1.017247777e-12,5.066337055e-14
104.5390625,4.733590906e-13,3.715816636e-13,5.279780755e-13,2.812703864e-13,2.849633872e-13,1.046934647e-13,3.491146294e-14,1.120952775e-13,7.582991977e-14,1.058210258e-13,3.562698855e-13,2.145149957e-13,3.819293526e-13,3.216625287e-13,1.904497903e-13,2.332800373e-13,3.766060417e-13,1.524559011e-13,2.134551378e-13,2.723147958e-13,1.245225132e-13,5.371096022e-14,3.830366445e-14,2.963865968e-13,6.030690591e-14,1.76870721e-13,3.574899002e-13,2.500189196e-13,3.899190643e-13,8.528326847e-14,1.019343823e-12,5.070275161e-14
104.546875,4.789083161e-13,3.796335794e-13,5.285448001e-13,2.839732374e-13,2.872119392e-13,1.052691012e-13,3.48061017e-14,1.123774287e-13,7.647407216e-14,1.058051093e-13,3.577290965e-13,2.164556729e-13,3.860221311e-13,3.243276684e-13,1.933604565e-13,2.368717945e-13,3.795798002e-13,1.53216168e-13,2.168058709e-13,2.747247758e-13,1.264057136e-13,5.443140733e-14,3.833826508e-14,2.968542587e-13,6.010227954e-14,1.782140427e-13,3.597314047e-13,2.552795057e-13,3.925346535e-13,8.556320061e-14,1.021005296e-12,5.072398554e-14
104.5546875,4.847643622e-13,3.877134675e-13,5.289407372e-13,2.867508385e-13,2.896835567e-13,1.059532848e-13,3.468525771e-14,1.126415886e-13,7.713634464e-14,1.058139752e-13,3.589881586e-13,2.183391977e-13,3.901498351e-13,3.271297903e-13,1.963573091e-13,2.405414709e-13,3.825190738e-13,1.538952209e-13,2.201578478e-13,2.772786035e-13,1.283753968e-13,5.517470578e-14,3.838052443e-14,2.973031614e-13,5.988489553e-14,1.795550514e-13,3.618310537e-13,2.605595877e-13,3.950344986e-13,8.57995273e-14,1.022093328e-12,5.07826701e-14
104.5625,4.908793349e-13,3.955006109e-13,5.290120357e-13,2.893794782e-13,2.92108482e-13,1.067449667e-13,3.454531117e-14,1.128353385e-13,7.777202821e-14,1.057812503e-13,3.600824085e-13,2.200360872e-13,3.941299383e-13,3.297243267e-13,1.993662747e-13,2.441861903e-13,3.85478776e-13,1.544898229e-13,2.233790811e-13,2.800559949e-13,1.303550335e-13,5.589743589e-14,3.841413686e-14,2.976243751e-13,5.964714406e-14,1.809086747e-13,3.637510357e-13,2.657544979e-13,3.974602368e-13,8.599141937e-14,1.02232778e-12,5.08928875e-14
104.5703125,4.967280136e-13,4.030384984e-13,5.288486027e-13,2.919391593e-13,2.942515726e-13,1.07415418e-13,3.443224921e-14,1.1298531e-13,7.836951245e-14,1.057287121e-13,3.610073883e-13,2.215641468e-13,3.978420469e-13,3.319885598e-13,2.023068815e-13,2.478102918e-13,3.883691151e-13,1.55043867e-13,2.263590197e-13,2.830001986e-13,1.322950608e-13,5.655948966e-14,3.842800037e-14,2.978637395e-13,5.937607602e-14,1.822471901e-13,3.654895487e-13,2.707773528e-13,3.997811138e-13,8.61794739e-14,1.02188577e-12,5.100141914e-14
104.578125,5.024483455e-13,4.108184151e-13,5.287061811e-13,2.945534257e-13,2.963343706e-13,1.080223589e-13,3.435127007e-14,1.131181425e-13,7.891843625e-14,1.056974013e-13,3.618402479e-13,2.230111647e-13,4.014190184e-13,3.341423698e-13,2.053118154e-13,2.51523698e-13,3.912377689e-13,1.555961304e-13,2.292551042e-13,2.861568301e-13,1.342754151e-13,5.719563261e-14,3.84431316e-14,2.981012819e-13,5.911063237e-14,1.83609176e-13,3.671927333e-13,2.75713761e-13,4.021533641e-13,8.637927526e-14,1.02123897e-12,5.108760234e-14
104.5859375,5.083615167e-13,4.1859633e-13,5.285275442e-13,2.972722314e-13,2.985242407e-13,1.087106644e-13,3.426452381e-14,1.132244566e-13,7.942432664e-14,1.057020292e-13,3.625728198e-13,2.24359553e-13,4.048862634e-13,3.363154444e-13,2.084283808e-13,2.551791087e-13,3.940329456e-13,1.561394494e-13,2.321791003e-13,2.894307352e-13,1.362926213e-13,5.782760886e-14,3.847347087e-14,2.982350193e-13,5.886886553e-14,1.850319209e-13,3.688850606e-13,2.806500724e-13,4.046097661e-13,8.659606161e-14,1.020328501e-12,5.116899884e-14
104.59375,5.141901765e-13,4.261592264e-13,5.282150579e-13,3.002184526e-13,3.007137389e-13,1.094185951e-13,3.419312892e-14,1.133275382e-13,7.996115926e-14,1.057592918e-13,3.631649627e-13,2.256783926e-13,4.082943198e-13,3.385548271e-13,2.116810464e-13,2.588008959e-13,3.967289909e-13,1.567308041e-13,2.350927036e-13,2.927575251e-13,1.383023477e-13,5.845806528e-14,3.849442704e-14,2.982784209e-13,5.862199542e-14,1.864673115e-13,3.70509416e-13,2.856607474e-13,4.0705609e-13,8.679954486e-14,1.018943339e-12,5.124374931e-14
104.6015625,5.198323493e-13,4.3387271e-13,5.277853203e-13,3.032525569e-13,3.029598335e-13,1.100606294e-13,3.416838857e-14,1.134309205e-13,8.054208214e-14,1.058372555e-13,3.636267068e-13,2.269999322e-13,4.117115573e-13,3.408174184e-13,2.150884011e-13,2.62609639e-13,3.994662975e-13,1.573288559e-13,2.379542834e-13,2.964147159e-13,1.403938158e-13,5.909488323e-14,3.849712746e-14,2.983765794e-13,5.836015089e-14,1.87860676e-13,3.72019513e-13,2.906704033e-13,4.094141166e-13,8.693876221e-14,1.017083351e-12,5.133473987e-14
104.609375,5.257023081e-13,4.41506028e-13,5.271227699e-13,3.060314041e-13,3.053499915e-13,1.107036572e-13,3.417050303e-14,1.135039917e-13,8.107697611e-14,1.059120042e-13,3.638874871e-13,2.281460717e-13,4.148888223e-13,3.429019139e-13,2.184816079e-13,2.664989404e-13,4.022263044e-13,1.577666609e-13,2.406987058e-13,3.003948223e-13,1.425983849e-13,5.971184776e-14,3.850721346e-14,2.984428794e-13,5.808153675e-14,1.892272197e-13,3.732973325e-13,2.955316012e-13,4.115470895e-13,8.70394759e-14,1.014613577e-12,5.14785463e-14
104.6171875,5.318552651e-13,4.487263728e-13,5.262153082e-13,3.087920119e-13,3.077323179e-13,1.114977486e-13,3.418794123e-14,1.135430131e-13,8.154635241e-14,1.060330783e-13,3.639522796e-13,2.290991753e-13,4.177261188e-13,3.448221474e-13,2.218815312e-13,2.703800464e-13,4.04949207e-13,1.581347369e-13,2.433110473e-13,3.043360407e-13,1.448191904e-13,6.029480349e-14,3.851497086e-14,2.98311944e-13,5.777355141e-14,1.905890652e-13,3.74359815e-13,3.003820715e-13,4.135351038e-13,8.713178472e-14,1.011531718e-12,5.162952076e-14
104.625,5.378482807e-13,4.557994159e-13,5.252080993e-13,3.119724266e-13,3.100467531e-13,1.124122421e-13,3.421885747e-14,1.135522976e-13,8.201562748e-14,1.06213985e-13,3.639109215e-13,2.300156331e-13,4.204975734e-13,3.467612255e-13,2.254581004e-13,2.742905084e-13,4.076398245e-13,1.585718795e-13,2.45832859e-13,3.083054222e-13,1.470536867e-13,6.086804996e-14,3.848256277e-14,2.980658876e-13,5.744702841e-14,1.919246891e-13,3.753086952e-13,3.052672607e-13,4.155304476e-13,8.717565731e-14,1.008010017e-12,5.172785293e-14
104.6328125,5.434871732e-13,4.62766749e-13,5.240231254e-13,3.152783771e-13,3.123655964e-13,1.131986305e-13,3.425246782e-14,1.13548776e-13,8.24989456e-14,1.064084191e-13,3.636675226e-13,2.308541588e-13,4.231885327e-13,3.486129486e-13,2.290264644e-13,2.78039995e-13,4.101650878e-13,1.588622749e-13,2.482163689e-13,3.125946256e-13,1.49362035e-13,6.142272781e-14,3.842364646e-14,2.978364301e-13,5.712155323e-14,1.932675677e-13,3.760692347e-13,3.099161676e-13,4.17317069e-13,8.718960128e-14,1.003885472e-12,5.182268596e-14
104.640625,5.490506227e-13,4.697634337e-13,5.225852122e-13,3.183658902e-13,3.146430254e-13,1.138485995e-13,3.431032787e-14,1.135585278e-13,8.296965669e-14,1.066051467e-13,3.63180796e-13,2.315554509e-13,4.256250392e-13,3.502494476e-13,2.325265622e-13,2.817576896e-13,4.126303498e-13,1.589186895e-13,2.504528695e-13,3.172325605e-13,1.517276864e-13,6.19463637e-14,3.837232575e-14,2.975822102e-13,5.679594388e-14,1.946997901e-13,3.766538705e-13,3.144024981e-13,4.18886249e-13,8.723419843e-14,9.990799626e-13,5.198202186e-14
104.6484375,5.548442177e-13,4.771203901e-13,5.210919397e-13,3.215527387e-13,3.168743085e-13,1.146474778e-13,3.441997058e-14,1.135472429e-13,8.342906622e-14,1.068375919e-13,3.626190974e-13,2.322068471e-13,4.279455552e-13,3.518324088e-13,2.362488448e-13,2.858480893e-13,4.153688286e-13,1.590095357e-13,2.526386574e-13,3.221571775e-13,1.541090915e-13,6.247194574e-14,3.831065575e-14,2.972414207e-13,5.646083539e-14,1.961533277e-13,3.771741374e-13,3.190254895e-13,4.206204981e-13,8.727196752e-14,9.938969101e-13,5.218358988e-14
104.65625,5.607816745e-13,4.843312196e-13,5.195274415e-13,3.250543543e-13,3.190945765e-13,1.15585423e-13,3.456403585e-14,1.134725738e-13,8.387553183e-14,1.071350456e-13,3.619303387e-13,2.327580247e-13,4.301283428e-13,3.533627734e-13,2.400690032e-13,2.900777975e-13,4.181556829e-13,1.591505509e-13,2.547299839e-13,3.271575718e-13,1.564615966e-13,6.299682338e-14,3.82080637e-14,2.968408837e-13,5.609634051e-14,1.97482016e-13,3.775159644e-13,3.236481169e-13,4.223984377e-13,8.724836011e-14,9.88234986e-13,5.238741651e-14
104.6640625,5.665513741e-13,4.910031947e-13,5.176170139e-13,3.286558442e-13,3.211959046e-13,1.163961494e-13,3.471563112e-14,1.133553943e-13,8.427942513e-14,1.074703521e-13,3.609001372e-13,2.331032583e-13,4.319623364e-13,3.546280279e-13,2.437639106e-13,2.941630581e-13,4.205453968e-13,1.591229435e-13,2.566418165e-13,3.320676118e-13,1.587701354e-13,6.348019989e-14,3.807739783e-14,2.963816149e-13,5.568793136e-14,1.987613684e-13,3.776849837e-13,3.280510544e-13,4.238389062e-13,8.718585278e-14,9.817884424e-13,5.25883135e-14
104.671875,5.721722049e-13,4.976720482e-13,5.154780156e-13,3.32226321e-13,3.231605335e-13,1.171163167e-13,3.488283597e-14,1.132091238e-13,8.462252738e-14,1.077814582e-13,3.595725104e-13,2.333346603e-13,4.336273954e-13,3.557144062e-13,2.476672205e-13,2.984560068e-13,4.227383805e-13,1.589780676e-13,2.585008894e-13,3.371813428e-13,1.611123059e-13,6.39283561e-14,3.795420945e-14,2.957981593e-13,5.527709965e-14,2.001807024e-13,3.779353415e-13,3.323053287e-13,4.251044808e-13,8.711679998e-14,9.749579449e-13,5.277763506e-14
104.6796875,5.778834877e-13,5.04291556e-13,5.134666309e-13,3.357860281e-13,3.250845227e-13,1.179254659e-13,3.508759672e-14,1.130279298e-13,8.490371388e-14,1.080633067e-13,3.581088822e-13,2.334891155e-13,4.352778177e-13,3.567842491e-13,2.518806778e-13,3.030175525e-13,4.250556099e-13,1.588248644e-13,2.603478016e-13,3.426987077e-13,1.63525385e-13,6.435027018e-14,3.785844256e-14,2.950656142e-13,5.491498963e-14,2.017154389e-13,3.781812338e-13,3.364328601e-13,4.26398632e-13,8.704780274e-14,9.680849855e-13,5.296158834e-14
104.6875,5.83568323e-13,5.103166881e-13,5.114641391e-13,3.393833637e-13,3.269152398e-13,1.187632931e-13,3.532294571e-14,1.128397238e-13,8.513101216e-14,1.083540286e-13,3.565530428e-13,2.334199841e-13,4.36633969e-13,3.576347492e-13,2.559939561e-13,3.074631343e-13,4.272904048e-13,1.585613409e-13,2.619510382e-13,3.483872351e-13,1.65929929e-13,6.472359109e-14,3.777250351e-14,2.942414909e-13,5.456549048e-14,2.031953983e-13,3.781236706e-13,3.403571039e-13,4.275947868e-13,8.695277136e-14,9.60656165e-13,5.317024267e-14
104.6953125,5.890474564e-13,5.160231278e-13,5.091130735e-13,3.430343304e-13,3.286647146e-13,1.195631717e-13,3.557766951e-14,1.126671285e-13,8.535671248e-14,1.086775086e-13,3.548454438e-13,2.331359008e-13,4.376682344e-13,3.581761046e-13,2.599609829e-13,3.117717128e-13,4.292276077e-13,1.581766227e-13,2.632756792e-13,3.541295818e-13,1.682902281e-13,6.507801395e-14,3.765527525e-14,2.933941348e-13,5.416866513e-14,2.045389476e-13,3.778108828e-13,3.441008786e-13,4.286540843e-13,8.677930106e-14,9.524789917e-13,5.340195753e-14
104.703125,5.945315675e-13,5.217250798e-13,5.065099693e-13,3.466876578e-13,3.304752564e-13,1.204036131e-13,3.587731455e-14,1.124977353e-13,8.561522465e-14,1.090449431e-13,3.528728587e-13,2.32804079e-13,4.386997636e-13,3.58703176e-13,2.640633967e-13,3.161228823e-13,4.310634057e-13,1.578180032e-13,2.645774533e-13,3.599610605e-13,1.706509723e-13,6.54558358e-14,3.7501638e-14,2.92519373e-13,5.37571312e-14,2.057956708e-13,3.77435085e-13,3.477322947e-13,4.296087041e-13,8.653084648e-14,9.441275917e-13,5.363421514e-14
104.7109375,6.001440015e-13,5.271445679e-13,5.040668904e-13,3.504592671e-13,3.323032757e-13,1.212836756e-13,3.622781688e-14,1.123183184e-13,8.583810519e-14,1.094355292e-13,3.506934995e-13,2.324286716e-13,4.397018466e-13,3.592908469e-13,2.683628652e-13,3.206006072e-13,4.330211066e-13,1.57508843e-13,2.65893787e-13,3.659711291e-13,1.730309075e-13,6.581624088e-14,3.735642794e-14,2.915365201e-13,5.338502386e-14,2.071197874e-13,3.770531057e-13,3.512913233e-13,4.30517153e-13,8.628336387e-14,9.356703721e-13,5.38747748e-14
104.71875,6.056986731e-13,5.322554533e-13,5.019301354e-13,3.544872872e-13,3.340962729e-13,1.2215548e-13,3.65966568e-14,1.121256295e-13,8.598964501e-14,1.098274521e-13,3.48528841e-13,2.319445704e-13,4.404874389e-13,3.597431044e-13,2.727701397e-13,3.25219251e-13,4.349754343e-13,1.571423417e-13,2.670734274e-13,3.723650261e-13,1.754160497e-13,6.612978754e-14,3.724434078e-14,2.904220262e-13,5.302753762e-14,2.086194212e-13,3.766721579e-13,3.547613121e-13,4.315616822e-13,8.607866678e-14,9.267105886e-13,5.414229212e-14
104.7265625,6.110784463e-13,5.372213638e-13,4.997987059e-13,3.585637475e-13,3.358988228e-13,1.230610056e-13,3.699201079e-14,1.119086732e-13,8.613515154e-14,1.102258206e-13,3.46332615e-13,2.313837473e-13,4.41113065e-13,3.600493541e-13,2.771425232e-13,3.29737613e-13,4.36670678e-13,1.566474919e-13,2.681340405e-13,3.789812238e-13,1.77780393e-13,6.643375395e-14,3.713257839e-14,2.89234168e-13,5.264754543e-14,2.1015392e-13,3.761936838e-13,3.580474122e-13,4.326532115e-13,8.585227804e-14,9.17308235e-13,5.442978197e-14
104.734375,6.161917508e-13,5.418371215e-13,4.972999653e-13,3.625256803e-13,3.375760289e-13,1.239991763e-13,3.743466224e-14,1.116420789e-13,8.626709743e-14,1.105986994e-13,3.43855307e-13,2.307044997e-13,4.415291597e-13,3.602291257e-13,2.814422191e-13,3.340398306e-13,4.3811331e-13,1.56031879e-13,2.690932649e-13,3.854685578e-13,1.801184252e-13,6.671913257e-14,3.698276382e-14,2.879175377e-13,5.225268191e-14,2.115140354e-13,3.754748495e-13,3.610555606e-13,4.334634185e-13,8.551896524e-14,9.075195452e-13,5.471088299e-14
104.7421875,6.210450942e-13,5.459725867e-13,4.945799856e-13,3.665238994e-13,3.391359656e-13,1.249145821e-13,3.78975568e-14,1.113261285e-13,8.634056736e-14,1.109464661e-13,3.41132518e-13,2.298749543e-13,4.416644354e-13,3.602820303e-13,2.85867973e-13,3.38387761e-13,4.394569082e-13,1.553706842e-13,2.699146614e-13,3.919962722e-13,1.825038428e-13,6.695875511e-14,3.679479852e-14,2.864119383e-13,5.185365537e-14,2.127352616e-13,3.745629108e-13,3.63847969e-13,4.340536328e-13,8.511663138e-14,8.972328507e-13,5.49720689e-14
104.75,6.25942771e-13,5.499693663e-13,4.920819602e-13,3.706333983e-13,3.408950627e-13,1.258462802e-13,3.837363955e-14,1.110139863e-13,8.642338287e-14,1.113588586e-13,3.383703636e-13,2.290544831e-13,4.417934534e-13,3.604077579e-13,2.904317362e-13,3.427845392e-13,4.406903042e-13,1.547285436e-13,2.707416195e-13,3.987179713e-13,1.850204876e-13,6.720271654e-14,3.658995515e-14,2.849187153e-13,5.146089564e-14,2.139524712e-13,3.736035101e-13,3.666530964e-13,4.347531645e-13,8.472701085e-14,8.867817429e-13,5.522850142e-14
104.7578125,6.309477376e-13,5.541072991e-13,4.896662246e-13,3.748242244e-13,3.42863292e-13,1.268223866e-13,3.888547247e-14,1.107367553e-13,8.65562146e-14,1.118315197e-13,3.355513953e-13,2.282816649e-13,4.419931628e-13,3.606134059e-13,2.949030478e-13,3.470879497e-13,4.417259936e-13,1.540838097e-13,2.716428162e-13,4.054055403e-13,1.876447528e-13,6.748217945e-14,3.638907372e-14,2.835467777e-13,5.108623647e-14,2.151694546e-13,3.726388345e-13,3.695596815e-13,4.355886635e-13,8.430872337e-14,8.76328684e-13,5.549691315e-14
104.765625,6.358245909e-13,5.581119515e-13,4.869267147e-13,3.790567664e-13,3.448310089e-13,1.277683282e-13,3.941870814e-14,1.104554417e-13,8.668633439e-14,1.122660173e-13,3.325566429e-13,2.273983391e-13,4.419376945e-13,3.606322289e-13,2.992955476e-13,3.514912651e-13,4.425617763e-13,1.533888246e-13,2.724590134e-13,4.121941586e-13,1.902645795e-13,6.776051296e-14,3.620210224e-14,2.820450899e-13,5.070757507e-14,2.16396876e-13,3.716207876e-13,3.72390811e-13,4.363434756e-13,8.382847562e-14,8.654757116e-13,5.578737e-14
104.7734375,6.407306416e-13,5.617053059e-13,4.841441598e-13,3.832588705e-13,3.468488856e-13,1.286977641e-13,3.995741689e-14,1.101398588e-13,8.679889003e-14,1.126678369e-13,3.294296717e-13,2.264327042e-13,4.416378719e-13,3.605018263e-13,3.037753981e-13,3.560409006e-13,4.433236865e-13,1.526322978e-13,2.731864547e-13,4.194185168e-13,1.928002071e-13,6.802395652e-14,3.601687555e-14,2.803624614e-13,5.030756297e-14,2.177068819e-13,3.705035782e-13,3.750616824e-13,4.369412795e-13,8.337431818e-14,8.542152783e-13,5.61145439e-14
104.78125,6.458487608e-13,5.652331217e-13,4.81677762e-13,3.875896942e-13,3.488778093e-13,1.29701675e-13,4.052717282e-14,1.098097347e-13,8.688394093e-14,1.130937152e-13,3.262658967e-13,2.254801091e-13,4.413341661e-13,3.603888802e-13,3.083905605e-13,3.606131241e-13,4.442234477e-13,1.518632281e-13,2.73919094e-13,4.269231686e-13,1.953284353e-13,6.827323186e-14,3.582015919e-14,2.787492137e-13,4.991723316e-14,2.190485145e-13,3.69294861e-13,3.77701951e-13,4.374933212e-13,8.295886772e-14,8.428523901e-13,5.645718086e-14
104.7890625,6.508555189e-13,5.689864883e-13,4.791731402e-13,3.921970451e-13,3.507431617e-13,1.307397767e-13,4.1156073e-14,1.09476732e-13,8.692769776e-14,1.13556344e-13,3.230143402e-13,2.244281748e-13,4.409098003e-13,3.601618783e-13,3.130984431e-13,3.652804108e-13,4.451883564e-13,1.511665257e-13,2.745576688e-13,4.343652562e-13,1.980116129e-13,6.850541279e-14,3.562067996e-14,2.771531924e-13,4.954854791e-14,2.202905895e-13,3.679770679e-13,3.803910416e-13,4.380133067e-13,8.249785988e-14,8.313001911e-13,5.676887756e-14
104.796875,6.555639471e-13,5.724745521e-13,4.764064833e-13,3.968146183e-13,3.52559904e-13,1.317430983e-13,4.182949417e-14,1.091314418e-13,8.69765008e-14,1.140594226e-13,3.195793544e-13,2.232178959e-13,4.402890713e-13,3.596894415e-13,3.177086258e-13,3.698919776e-13,4.458334867e-13,1.504806197e-13,2.750453819e-13,4.416676324e-13,2.008314634e-13,6.874109603e-14,3.541913664e-14,2.754000368e-13,4.916657591e-14,2.214309879e-13,3.664924017e-13,3.830532208e-13,4.384009978e-13,8.199640319e-14,8.19471287e-13,5.706312469e-14
104.8046875,6.601142798e-13,5.751835489e-13,4.737386486e-13,4.013515036e-13,3.544243998e-13,1.327477705e-13,4.249919112e-14,1.087857004e-13,8.702217443e-14,1.145644675e-13,3.159863762e-13,2.219402952e-13,4.396448658e-13,3.589749248e-13,3.221881582e-13,3.743187021e-13,4.461430585e-13,1.496296251e-13,2.754597127e-13,4.49093319e-13,2.036142144e-13,6.895932748e-14,3.520217783e-14,2.736381619e-13,4.877230868e-14,2.22588485e-13,3.649531169e-13,3.854667593e-13,4.387839185e-13,8.148706996e-14,8.074467312e-13,5.738092031e-14
104.8125,6.645532583e-13,5.774269666e-13,4.71261484e-13,4.06041839e-13,3.562128682e-13,1.337489402e-13,4.317022129e-14,1.084537811e-13,8.702139731e-14,1.150368086e-13,3.122485004e-13,2.20629924e-13,4.389469051e-13,3.581043656e-13,3.268847842e-13,3.789581874e-13,4.464815562e-13,1.486786003e-13,2.758175845e-13,4.569448088e-13,2.063440733e-13,6.912328264e-14,3.498703856e-14,2.719308878e-13,4.841354158e-14,2.238284442e-13,3.635719433e-13,3.874884923e-13,4.393389873e-13,8.093010938e-14,7.952493269e-13,5.771344197e-14
104.8203125,6.690479793e-13,5.79816918e-13,4.686666815e-13,4.107757931e-13,3.579341789e-13,1.347211115e-13,4.390441709e-14,1.081124817e-13,8.703250456e-14,1.155248945e-13,3.082633481e-13,2.19294641e-13,4.381043124e-13,3.573520033e-13,3.318109074e-13,3.838085439e-13,4.468519312e-13,1.478270544e-13,2.761569057e-13,4.649430612e-13,2.091256496e-13,6.928675973e-14,3.480140812e-14,2.701075358e-13,4.80933917e-14,2.250611872e-13,3.622906449e-13,3.893948913e-13,4.399053325e-13,8.030866175e-14,7.830492831e-13,5.804616223e-14
104.828125,6.737977336e-13,5.824138009e-13,4.659064135e-13,4.154000808e-13,3.596113971e-13,1.357535143e-13,4.468740737e-14,1.077541828e-13,8.707199507e-14,1.160514208e-13,3.040588069e-13,2.179289725e-13,4.371676353e-13,3.567851885e-13,3.365231586e-13,3.88288494e-13,4.46978224e-13,1.469974967e-13,2.765120785e-13,4.725834941e-13,2.11941986e-13,6.948719834e-14,3.462763008e-14,2.682014794e-13,4.775796269e-14,2.261585828e-13,3.608663237e-13,3.915207789e-13,4.403990319e-13,7.96548605e-14,7.708826164e-13,5.838204737e-14
104.8359375,6.785554808e-13,5.848700187e-13,4.632361702e-13,4.200725378e-13,3.611901545e-13,1.368710558e-13,4.546135838e-14,1.074220915e-13,8.707428133e-14,1.165975912e-13,2.998548078e-13,2.164953753e-13,4.360781748e-13,3.561048038e-13,3.410127013e-13,3.924294935e-13,4.468692255e-13,1.460656487e-13,2.767892054e-13,4.800515427e-13,2.147610173e-13,6.967253574e-14,3.443485019e-14,2.663231644e-13,4.739118277e-14,2.271544524e-13,3.592589573e-13,3.937383269e-13,4.410527245e-13,7.899344711e-14,7.585174838e-13,5.871155232e-14
104.84375,6.829673536e-13,5.870039703e-13,4.608217586e-13,4.24717265e-13,3.627527937e-13,1.37935516e-13,4.625629758e-14,1.071257043e-13,8.706844752e-14,1.171852459e-13,2.957062956e-13,2.150418348e-13,4.348097853e-13,3.552295092e-13,3.45558271e-13,3.966270413e-13,4.466847504e-13,1.451376573e-13,2.769498589e-13,4.877476434e-13,2.176428467e-13,6.983504125e-14,3.42324486e-14,2.643980583e-13,4.703991635e-14,2.281685973e-13,3.575704079e-13,3.957763037e-13,4.418418672e-13,7.832884561e-14,7.460781697e-13,5.904173904e-14
104.8515625,6.869648585e-13,5.888461469e-13,4.585557409e-13,4.292043909e-13,3.642207415e-13,1.388792168e-13,4.710033781e-14,1.068238087e-13,8.706783323e-14,1.177969381e-13,2.914156395e-13,2.135805026e-13,4.334428412e-13,3.542483585e-13,3.500593421e-13,4.007933917e-13,4.464086304e-13,1.442035217e-13,2.770104961e-13,4.954852953e-13,2.205820217e-13,6.998367674e-14,3.404150528e-14,2.624102437e-13,4.671980897e-14,2.29189459e-13,3.557719244e-13,3.975704534e-13,4.425154133e-13,7.763782109e-14,7.337047572e-13,5.937782084e-14
104.859375,6.907049842e-13,5.905474115e-13,4.562469997e-13,4.33740998e-13,3.653748533e-13,1.397759179e-13,4.795139519e-14,1.065083283e-13,8.699608207e-14,1.183955333e-13,2.868685581e-13,2.12025419e-13,4.31901212e-13,3.530969405e-13,3.544225698e-13,4.04819765e-13,4.459184836e-13,1.43108786e-13,2.769292108e-13,5.029358292e-13,2.235249895e-13,7.007253248e-14,3.385164833e-14,2.604155989e-13,4.638330369e-14,2.301331334e-13,3.538099032e-13,3.991660623e-13,4.431590424e-13,7.690231143e-14,7.210930771e-13,5.968128741e-14
104.8671875,6.946195909e-13,5.922851737e-13,4.539575203e-13,4.383517736e-13,3.664754824e-13,1.407137888e-13,4.880604167e-14,1.061952841e-13,8.689857068e-14,1.190305743e-13,2.8214367e-13,2.104590983e-13,4.302007172e-13,3.5193859e-13,3.588076044e-13,4.088008953e-13,4.452005201e-13,1.419333644e-13,2.768251309e-13,5.101409172e-13,2.264829244e-13,7.013377092e-14,3.364426702e-14,2.583580028e-13,4.600998909e-14,2.310041596e-13,3.518366358e-13,4.007161136e-13,4.439694633e-13,7.614266286e-14,7.083123727e-13,5.995337854e-14
104.875,6.988919428e-13,5.937706343e-13,4.518697717e-13,4.429273354e-13,3.678808499e-13,1.417490992e-13,4.968625497e-14,1.058932706e-13,8.685411857e-14,1.197183895e-13,2.773312225e-13,2.089897387e-13,4.285007483e-13,3.509710455e-13,3.632173597e-13,4.127016824e-13,4.443710228e-13,1.408195088e-13,2.768490178e-13,5.173103825e-13,2.294358501e-13,7.023404833e-14,3.343546163e-14,2.562051613e-13,4.563521711e-14,2.31854685e-13,3.500030832e-13,4.023070278e-13,4.448563298e-13,7.537924283e-14,6.956961799e-13,6.02555351e-14
104.8828125,7.029593676e-13,5.945560786e-13,4.499385854e-13,4.475978357e-13,3.693377928e-13,1.428207159e-13,5.05711688e-14,1.056356031e-13,8.679297042e-14,1.204060659e-13,2.72497217e-13,2.074657122e-13,4.266612564e-13,3.498623967e-13,3.675112492e-13,4.164936732e-13,4.433891443e-13,1.397027665e-13,2.768378071e-13,5.244969906e-13,2.32361814e-13,7.031980837e-14,3.325198399e-14,2.540090572e-13,4.527105349e-14,2.326702998e-13,3.481545523e-13,4.037594596e-13,4.456945992e-13,7.46099074e-14,6.830083435e-13,6.058933981e-14
104.890625,7.065260633e-13,5.950740826e-13,4.480470075e-13,4.522187195e-13,3.705968626e-13,1.437756719e-13,5.144654333e-14,1.05447048e-13,8.671076717e-14,1.21109874e-13,2.67721145e-13,2.058390824e-13,4.245892244e-13,3.48420957e-13,3.716036939e-13,4.201639424e-13,4.421083037e-13,1.385654229e-13,2.766939302e-13,5.315437357e-13,2.353576054e-13,7.037475577e-14,3.30787162e-14,2.518316893e-13,4.489374814e-14,2.333632381e-13,3.461516031e-13,4.049975771e-13,4.465451353e-13,7.382124821e-14,6.702015565e-13,6.090983348e-14
104.8984375,7.101492525e-13,5.959672915e-13,4.462696404e-13,4.564895649e-13,3.719358035e-13,1.446530888e-13,5.232223846e-14,1.05300397e-13,8.671902987e-14,1.218477635e-13,2.630098468e-13,2.043471017e-13,4.225880491e-13,3.470887043e-13,3.755314105e-13,4.236977151e-13,4.407558055e-13,1.375181084e-13,2.766550127e-13,5.384017611e-13,2.384549709e-13,7.049338256e-14,3.289096401e-14,2.49752523e-13,4.451012947e-14,2.339207977e-13,3.442158147e-13,4.062308913e-13,4.474899726e-13,7.301685356e-14,6.577947534e-13,6.122516487e-14
104.90625,7.140450243e-13,5.969068023e-13,4.447440983e-13,4.606993011e-13,3.734703432e-13,1.45660712e-13,5.322462255e-14,1.051559615e-13,8.678037588e-14,1.225969274e-13,2.582905828e-13,2.030427843e-13,4.206961287e-13,3.46021028e-13,3.794948251e-13,4.272399297e-13,4.395842686e-13,1.365447934e-13,2.767811585e-13,5.452200739e-13,2.415324381e-13,7.065323081e-14,3.27057702e-14,2.47723587e-13,4.414736184e-14,2.344899886e-13,3.424877961e-13,4.075844986e-13,4.485010225e-13,7.223483431e-14,6.4572276e-13,6.154766919e-14
104.9140625,7.177915837e-13,5.97537829e-13,4.434250147e-13,4.652003793e-13,3.749332944e-13,1.46793581e-13,5.417239364e-14,1.049911481e-13,8.67759807e-14,1.234035146e-13,2.535487785e-13,2.017231492e-13,4.186165281e-13,3.447812275e-13,3.834639638e-13,4.306658374e-13,4.381858506e-13,1.355506358e-13,2.768675153e-13,5.519426627e-13,2.445804182e-13,7.075921933e-14,3.252963576e-14,2.455595041e-13,4.378840266e-14,2.351314287e-13,3.407399806e-13,4.089934531e-13,4.495432118e-13,7.145738658e-14,6.334468217e-13,6.184835236e-14
104.921875,7.213758827e-13,5.98137595e-13,4.420628916e-13,4.697401428e-13,3.7631825e-13,1.478585837e-13,5.510186563e-14,1.048130078e-13,8.673298454e-14,1.242472546e-13,2.488375004e-13,2.003065353e-13,4.163667133e-13,3.432181063e-13,3.870797098e-13,4.335660573e-13,4.361361426e-13,1.345667482e-13,2.768817467e-13,5.583898066e-13,2.477156366e-13,7.08603234e-14,3.232968343e-14,2.432498341e-13,4.340005701e-14,2.356733313e-13,3.38826851e-13,4.103217857e-13,4.506756148e-13,7.059398149e-14,6.209873044e-13,6.213188722e-14
104.9296875,7.250849636e-13,5.986335237e-13,4.405752488e-13,4.739416461e-13,3.778468073e-13,1.487910197e-13,5.596773337e-14,1.046454636e-13,8.671967761e-14,1.249823737e-13,2.441261309e-13,1.988579425e-13,4.140953698e-13,3.416250816e-13,3.903315585e-13,4.360684942e-13,4.337411936e-13,1.336667336e-13,2.768980671e-13,5.6471037e-13,2.509248821e-13,7.101508058e-14,3.211159472e-14,2.409406829e-13,4.299850192e-14,2.360370114e-13,3.368455585e-13,4.114347142e-13,4.519231166e-13,6.966051349e-14,6.086295589e-13,6.2433179e-14
104.9375,7.288536144e-13,5.988077598e-13,4.392780629e-13,4.777827875e-13,3.794666273e-13,1.496641432e-13,5.68595551e-14,1.04480321e-13,8.672818419e-14,1.256436556e-13,2.393147734e-13,1.974708946e-13,4.11787445e-13,3.401846562e-13,3.935611421e-13,4.386190383e-13,4.314377983e-13,1.328507914e-13,2.769257233e-13,5.711016694e-13,2.541131722e-13,7.116097844e-14,3.191690799e-14,2.386823061e-13,4.261147715e-14,2.363784785e-13,3.349135215e-13,4.1245218e-13,4.532528315e-13,6.878033346e-14,5.96465182e-13,6.274022692e-14
104.9453125,7.326085277e-13,5.990132658e-13,4.38368269e-13,4.816271866e-13,3.81032108e-13,1.506098442e-13,5.781728097e-14,1.043192447e-13,8.676937619e-14,1.263960987e-13,2.344585889e-13,1.962523551e-13,4.095467308e-13,3.389280607e-13,3.968754873e-13,4.412331004e-13,4.292942781e-13,1.321335379e-13,2.770372834e-13,5.773541269e-13,2.572959315e-13,7.128702617e-14,3.17351763e-14,2.364922708e-13,4.223081115e-14,2.367553664e-13,3.331397151e-13,4.136897907e-13,4.547315358e-13,6.797321135e-14,5.846279992e-13,6.302934918e-14
104.953125,7.364009906e-13,5.993921693e-13,4.375697359e-13,4.857904351e-13,3.82567013e-13,1.517236193e-13,5.876770876e-14,1.042056368e-13,8.686357836e-14,1.271697209e-13,2.297150815e-13,1.95146371e-13,4.074052157e-13,3.378124969e-13,4.002429697e-13,4.437894614e-13,4.271769887e-13,1.315288095e-13,2.772183849e-13,5.8322141e-13,2.60536669e-13,7.145530702e-14,3.153343914e-14,2.343725992e-13,4.185407656e-14,2.370404071e-13,3.314530336e-13,4.151122827e-13,4.563477506e-13,6.715563451e-14,5.730990339e-13,6.332269036e-14
104.9609375,7.400972527e-13,5.996490995e-13,4.366816256e-13,4.899167852e-13,3.840469514e-13,1.528343795e-13,5.97211574e-14,1.041245938e-13,8.69550521e-14,1.278267772e-13,2.250219878e-13,1.939468252e-13,4.050865714e-13,3.365950359e-13,4.035906149e-13,4.462517238e-13,4.247608046e-13,1.309216741e-13,2.772722401e-13,5.889050469e-13,2.638288749e-13,7.164151337e-14,3.132567374e-14,2.322162946e-13,4.148392212e-14,2.372087401e-13,3.296049157e-13,4.16344855e-13,4.579217463e-13,6.629412092e-14,5.615746532e-13,6.363756266e-14
104.96875,7.43748442e-13,5.998563345e-13,4.359228329e-13,4.936215254e-13,3.854864847e-13,1.537406408e-13,6.072044713e-14,1.040112501e-13,8.700967867e-14,1.284529878e-13,2.202393804e-13,1.926859085e-13,4.025769759e-13,3.351780428e-13,4.066822219e-13,4.484461858e-13,4.218301192e-13,1.302209514e-13,2.772210462e-13,5.946690066e-13,2.67154155e-13,7.180329191e-14,3.113261796e-14,2.299917761e-13,4.109326007e-14,2.373967429e-13,3.276951588e-13,4.173534615e-13,4.595281698e-13,6.542384847e-14,5.500585938e-13,6.396022598e-14
104.9765625,7.476906334e-13,6.002295933e-13,4.355062704e-13,4.972808856e-13,3.871169102e-13,1.546312652e-13,6.172422983e-14,1.038548061e-13,8.708793238e-14,1.291361462e-13,2.155102396e-13,1.916094942e-13,4.002677957e-13,3.338673347e-13,4.094937123e-13,4.503094212e-13,4.186182557e-13,1.295546841e-13,2.773385065e-13,6.002571481e-13,2.705581308e-13,7.19885489e-14,3.095395124e-14,2.277925064e-13,4.069258656e-14,2.376727348e-13,3.260434422e-13,4.185083386e-13,4.614197954e-13,6.457703083e-14,5.38913855e-13,6.428891513e-14
104.984375,7.518562956e-13,6.006097605e-13,4.353114318e-13,5.010644109e-13,3.889588514e-13,1.556769709e-13,6.272699077e-14,1.036694189e-13,8.721073335e-14,1.298249579e-13,2.109309895e-13,1.907118056e-13,3.982366789e-13,3.32806759e-13,4.122107935e-13,4.519519728e-13,4.153135812e-13,1.290809753e-13,2.776592287e-13,6.052484929e-13,2.740505235e-13,7.221018863e-14,3.079786529e-14,2.256091118e-13,4.033820014e-14,2.379202284e-13,3.245165052e-13,4.198903166e-13,4.635116684e-13,6.373655092e-14,5.281698135e-13,6.461562785e-14
104.9921875,7.558810939e-13,6.008331719e-13,4.350596497e-13,5.04568146e-13,3.907485425e-13,1.566656905e-13,6.374243171e-14,1.034807717e-13,8.732689136e-14,1.304966539e-13,2.062460191e-13,1.89791889e-13,3.961696532e-13,3.317495933e-13,4.147696982e-13,4.533967077e-13,4.118053214e-13,1.288155553e-13,2.779832116e-13,6.097128028e-13,2.775235275e-13,7.240518778e-14,3.065964752e-14,2.233981523e-13,4.000930799e-14,2.379895464e-13,3.22837435e-13,4.212206124e-13,4.656390385e-13,6.287853022e-14,5.175366125e-13,6.490662524e-14
105,7.597658674e-13,6.010044685e-13,4.347044885e-13,5.078968436e-13,3.924786922e-13,1.575242076e-13,6.47253389e-14,1.033456014e-13,8.744489207e-14,1.311588113e-13,2.013958458e-13,1.888487268e-13,3.939730785e-13,3.305866189e-13,4.170823225e-13,4.546703798e-13,4.08099558e-13,1.287043082e-13,2.782582711e-13,6.140052082e-13,2.809480613e-13,7.257990205e-14,3.051369961e-14,2.212242548e-13,3.963893002e-14,2.379114697e-13,3.211549076e-13,4.224976205e-13,4.679055322e-13,6.203573591e-14,5.069746729e-13,6.516981125e-14
105.0078125,7.636721055e-13,6.012029939e-13,4.345401441e-13,5.113544475e-13,3.942634517e-13,1.584165215e-13,6.568960733e-14,1.032458912e-13,8.760026449e-14,1.318089477e-13,1.966812522e-13,1.879804409e-13,3.917682148e-13,3.293892375e-13,4.192323956e-13,4.557414795e-13,4.042321962e-13,1.286047278e-13,2.785380923e-13,6.182369988e-13,2.844647183e-13,7.278633626e-14,3.036125148e-14,2.190866988e-13,3.924452204e-14,2.378478783e-13,3.196316228e-13,4.239023628e-13,4.703312575e-13,6.122966262e-14,4.965689729e-13,6.545023135e-14
105.015625,7.676190867e-13,6.013092782e-13,4.347520123e-13,5.147124455e-13,3.959550604e-13,1.592849714e-13,6.667665365e-14,1.030977355e-13,8.776093924e-14,1.32485999e-13,1.921278592e-13,1.871834791e-13,3.895384261e-13,3.281521105e-13,4.211650861e-13,4.564174717e-13,4.000830455e-13,1.28380364e-13,2.788120946e-13,6.222012588e-13,2.880994643e-13,7.299997283e-14,3.021937483e-14,2.169214999e-13,3.886702969e-14,2.378322867e-13,3.181387889e-13,4.252984858e-13,4.728660607e-13,6.041274709e-14,4.862549408e-13,6.573638271e-14
105.0234375,7.716495947e-13,6.013952886e-13,4.351180174e-13,5.178793026e-13,3.975520568e-13,1.600373873e-13,6.765164476e-14,1.028997434e-13,8.792230692e-14,1.331874256e-13,1.875368309e-13,1.864898783e-13,3.872752787e-13,3.269541214e-13,4.227939497e-13,4.566844159e-13,3.95666794e-13,1.281489149e-13,2.791039691e-13,6.256483532e-13,2.917185498e-13,7.319946072e-14,3.008819608e-14,2.148003082e-13,3.849665565e-14,2.377322723e-13,3.166416279e-13,4.266236933e-13,4.756907657e-13,5.955180179e-14,4.761375347e-13,6.598731133e-14
105.03125,7.756966916e-13,6.0186173e-13,4.354156162e-13,5.209282586e-13,3.993112711e-13,1.607616563e-13,6.861592866e-14,1.026939044e-13,8.813079591e-14,1.338468239e-13,1.830190459e-13,1.859459257e-13,3.850748635e-13,3.258895993e-13,4.241517052e-13,4.5668332e-13,3.910527237e-13,1.281006012e-13,2.794760926e-13,6.286562071e-13,2.953135826e-13,7.343010019e-14,2.997295443e-14,2.127766497e-13,3.813550434e-14,2.374873645e-13,3.152474646e-13,4.281411483e-13,4.788195364e-13,5.866987203e-14,4.664299514e-13,6.621631289e-14
105.0390625,7.796045273e-13,6.026575457e-13,4.358119615e-13,5.23680607e-13,4.011595701e-13,1.614621368e-13,6.959398036e-14,1.024793212e-13,8.835361987e-14,1.344620627e-13,1.787502441e-13,1.854855467e-13,3.829091653e-13,3.248770065e-13,4.252699039e-13,4.564723783e-13,3.862357626e-13,1.28217366e-13,2.7990786e-13,6.314814097e-13,2.989477357e-13,7.368539461e-14,2.987563891e-14,2.107194104e-13,3.778874793e-14,2.371908997e-13,3.139456458e-13,4.298227309e-13,4.8195289e-13,5.781219612e-14,4.570291578e-13,6.6444847e-14
105.046875,7.835111727e-13,6.032654257e-13,4.366332273e-13,5.262757787e-13,4.028067026e-13,1.621287095e-13,7.054449043e-14,1.022655066e-13,8.853795683e-14,1.35072137e-13,1.74639124e-13,1.850806264e-13,3.807128152e-13,3.23867555e-13,4.262907734e-13,4.561795894e-13,3.814010317e-13,1.284509999e-13,2.80343885e-13,6.341038608e-13,3.025916257e-13,7.390990476e-14,2.977881759e-14,2.08581304e-13,3.743802783e-14,2.369204919e-13,3.126986423e-13,4.314234881e-13,4.851313109e-13,5.701354437e-14,4.478066549e-13,6.66574154e-14
105.0546875,7.875861125e-13,6.037381592e-13,4.379154109e-13,5.289861017e-13,4.043235787e-13,1.628116459e-13,7.149309371e-14,1.020642585e-13,8.873299644e-14,1.356756513e-13,1.705822493e-13,1.847762297e-13,3.785230014e-13,3.228242384e-13,4.272815161e-13,4.558193423e-13,3.766518975e-13,1.288153303e-13,2.807604171e-13,6.36524098e-13,3.06258329e-13,7.411480625e-14,2.969152275e-14,2.065112226e-13,3.710418548e-14,2.366851687e-13,3.115509991e-13,4.330463171e-13,4.8872758e-13,5.625573611e-14,4.388316239e-13,6.686106499e-14
105.0625,7.917049096e-13,6.043277917e-13,4.393910054e-13,5.315709023e-13,4.059036048e-13,1.634270223e-13,7.249121803e-14,1.01855943e-13,8.896382585e-14,1.362567384e-13,1.66561763e-13,1.845348294e-13,3.76302561e-13,3.216669296e-13,4.280221442e-13,4.551416742e-13,3.717102946e-13,1.29256455e-13,2.811422657e-13,6.389030057e-13,3.099693982e-13,7.432147019e-14,2.964190709e-14,2.045370844e-13,3.681388348e-14,2.36514791e-13,3.105208913e-13,4.347624665e-13,4.927271489e-13,5.551288041e-14,4.300116753e-13,6.708603392e-14
105.0703125,7.957296898e-13,6.047381162e-13,4.40956747e-13,5.337898555e-13,4.074316134e-13,1.639349315e-13,7.345046881e-14,1.016439825e-13,8.916263962e-14,1.367973589e-13,1.625808658e-13,1.843267631e-13,3.740238812e-13,3.205767748e-13,4.285052928e-13,4.541600924e-13,3.664716829e-13,1.297569729e-13,2.815117543e-13,6.409389407e-13,3.136227981e-13,7.449895596e-14,2.96198941e-14,2.025365861e-13,3.653729799e-14,2.363977495e-13,3.095875706e-13,4.363508511e-13,4.967994609e-13,5.481502375e-14,4.213146494e-13,6.732139918e-14
105.078125,7.995105368e-13,6.05044177e-13,4.427896498e-13,5.356435908e-13,4.088045385e-13,1.644073794e-13,7.432309061e-14,1.014391787e-13,8.934349423e-14,1.373079814e-13,1.587741237e-13,1.842300116e-13,3.718153572e-13,3.197254114e-13,4.289017096e-13,4.530704801e-13,3.61134435e-13,1.303672541e-13,2.819142156e-13,6.422775035e-13,3.171963007e-13,7.466529024e-14,2.961297749e-14,2.005543312e-13,3.626109264e-14,2.362187512e-13,3.087271609e-13,4.378473604e-13,5.008981885e-13,5.416041492e-14,4.130298913e-13,6.753943269e-14
105.0859375,8.030390775e-13,6.058263699e-13,4.449021178e-13,5.37296884e-13,4.102350493e-13,1.648157406e-13,7.519953428e-14,1.012164131e-13,8.960988503e-14,1.378387286e-13,1.552487081e-13,1.842912654e-13,3.696890114e-13,3.189009255e-13,4.290688529e-13,4.517694376e-13,3.557042345e-13,1.310690288e-13,2.823534815e-13,6.432875383e-13,3.20810575e-13,7.489134642e-14,2.964111474e-14,1.987166982e-13,3.600744427e-14,2.359296097e-13,3.079215324e-13,4.395365097e-13,5.052106673e-13,5.349467826e-14,4.05193788e-13,6.774973941e-14
105.09375,8.068788747e-13,6.070534105e-13,4.471392582e-13,5.393254913e-13,4.11891572e-13,1.65234945e-13,7.609723185e-14,1.009695956e-13,8.996431634e-14,1.383911547e-13,1.518725328e-13,1.844919476e-13,3.675443155e-13,3.180472797e-13,4.290378911e-13,4.503084566e-13,3.501880264e-13,1.318647286e-13,2.828445756e-13,6.442829562e-13,3.24505437e-13,7.517718381e-14,2.969671016e-14,1.969380789e-13,3.577149229e-14,2.356314664e-13,3.072488353e-13,4.41463019e-13,5.0978436e-13,5.282524007e-14,3.975575131e-13,6.797495685e-14
105.1015625,8.112224775e-13,6.082968435e-13,4.495289943e-13,5.417408985e-13,4.136376424e-13,1.657743479e-13,7.697975914e-14,1.007188168e-13,9.03357869e-14,1.389331208e-13,1.485006017e-13,1.848197287e-13,3.654343871e-13,3.173951287e-13,4.29092891e-13,4.489507326e-13,3.447456227e-13,1.327821738e-13,2.834022486e-13,6.450349494e-13,3.28249646e-13,7.546199554e-14,2.974265947e-14,1.950925886e-13,3.554802194e-14,2.35382505e-13,3.06813525e-13,4.434149274e-13,5.145323876e-13,5.218118177e-14,3.901328039e-13,6.821483809e-14
105.109375,8.151702745e-13,6.09306656e-13,4.520904892e-13,5.435469243e-13,4.153064611e-13,1.662117475e-13,7.787126596e-14,1.004479032e-13,9.072409223e-14,1.394681021e-13,1.451460396e-13,1.852492758e-13,3.63380392e-13,3.168857246e-13,4.289777525e-13,4.474202647e-13,3.392106652e-13,1.337356157e-13,2.839372274e-13,6.454768995e-13,3.320246508e-13,7.571860391e-14,2.977518777e-14,1.932418081e-13,3.534239784e-14,2.35087816e-13,3.065579736e-13,4.451670408e-13,5.193976891e-13,5.153001196e-14,3.829774673e-13,6.8447182e-14
105.1171875,8.183474145e-13,6.100317881e-13,4.547195872e-13,5.445464735e-13,4.1686341e-13,1.664490433e-13,7.876262093e-14,1.001237039e-13,9.113861089e-14,1.399867854e-13,1.418955579e-13,1.857587619e-13,3.612929379e-13,3.163631097e-13,4.28384915e-13,4.453345932e-13,3.333369818e-13,1.347049172e-13,2.843878945e-13,6.456636934e-13,3.357829612e-13,7.595573456e-14,2.980230623e-14,1.914359565e-13,3.513035128e-14,2.346407828e-13,3.063954822e-13,4.467752933e-13,5.243899535e-13,5.085522156e-14,3.760019332e-13,6.864061179e-14
105.125,8.215377393e-13,6.109316957e-13,4.575011818e-13,5.455674386e-13,4.183115327e-13,1.667443688e-13,7.963053349e-14,9.976324202e-14,9.153846191e-14,1.405039753e-13,1.388798269e-13,1.863570652e-13,3.592209336e-13,3.159082193e-13,4.276573298e-13,4.429703399e-13,3.273542456e-13,1.358226871e-13,2.848469891e-13,6.455203828e-13,3.395151013e-13,7.618696844e-14,2.981255349e-14,1.896107204e-13,3.48999199e-14,2.340750709e-13,3.06353179e-13,4.485505273e-13,5.295413387e-13,5.018580353e-14,3.692581147e-13,6.878859351e-14
105.1328125,8.249858884e-13,6.12303646e-13,4.605078939e-13,5.467431718e-13,4.197431515e-13,1.670772121e-13,8.050543467e-14,9.942567299e-14,9.1934525e-14,1.410972984e-13,1.361110596e-13,1.870418703e-13,3.572192263e-13,3.15538846e-13,4.269540033e-13,4.405981497e-13,3.215179504e-13,1.371175051e-13,2.853561922e-13,6.45152334e-13,3.432207864e-13,7.642684898e-14,2.982162661e-14,1.877760592e-13,3.46769037e-14,2.335171561e-13,3.063970093e-13,4.505015426e-13,5.348222392e-13,4.954005768e-14,3.627556995e-13,6.89254517e-14
105.140625,8.282752693e-13,6.135682996e-13,4.635621165e-13,5.477220672e-13,4.212584709e-13,1.672606988e-13,8.137507452e-14,9.911741979e-14,9.236771967e-14,1.417448061e-13,1.334000326e-13,1.878082582e-13,3.552245968e-13,3.152504032e-13,4.259799269e-13,4.380270944e-13,3.157423526e-13,1.38547831e-13,2.858449194e-13,6.445555855e-13,3.467972245e-13,7.667687102e-14,2.986828977e-14,1.8600001e-13,3.447491305e-14,2.330223076e-13,3.064868859e-13,4.523559551e-13,5.401749987e-13,4.89312988e-14,3.563889791e-13,6.907012352e-14
105.1484375,8.314752071e-13,6.145110096e-13,4.666866313e-13,5.484639005e-13,4.227269908e-13,1.673885534e-13,8.219935906e-14,9.876003995e-14,9.278463076e-14,1.423497727e-13,1.307148834e-13,1.886534294e-13,3.532402487e-13,3.151219213e-13,4.247209742e-13,4.351478488e-13,3.099368363e-13,1.401536466e-13,2.863358361e-13,6.435066398e-13,3.50241189e-13,7.691868072e-14,2.994575362e-14,1.842537369e-13,3.428943281e-14,2.325473389e-13,3.067284963e-13,4.541043858e-13,5.456688323e-13,4.835969225e-14,3.502861302e-13,6.918716721e-14
105.15625,8.346704658e-13,6.155473324e-13,4.700929232e-13,5.488362865e-13,4.240341623e-13,1.674815061e-13,8.299861549e-14,9.832895984e-14,9.313248892e-14,1.429566966e-13,1.282403061e-13,1.895520171e-13,3.512567866e-13,3.150426916e-13,4.232761962e-13,4.319725031e-13,3.040436329e-13,1.418737935e-13,2.868763964e-13,6.4214139e-13,3.537450698e-13,7.714159183e-14,3.001748876e-14,1.824917349e-13,3.411212452e-14,2.320438597e-13,3.07100392e-13,4.558050067e-13,5.514018394e-13,4.779073802e-14,3.4455039e-13,6.924809006e-14
105.1640625,8.376001868e-13,6.166004281e-13,4.736941976e-13,5.489293213e-13,4.253787279e-13,1.674787225e-13,8.380249277e-14,9.792001564e-14,9.349810652e-14,1.436489164e-13,1.259820375e-13,1.905352151e-13,3.492529541e-13,3.149598224e-13,4.216114643e-13,4.284770289e-13,2.980374763e-13,1.435549478e-13,2.873984246e-13,6.407478679e-13,3.573744412e-13,7.736916923e-14,3.008367242e-14,1.807583436e-13,3.393177959e-14,2.314801162e-13,3.074596097e-13,4.574261212e-13,5.572673812e-13,4.721700166e-14,3.390379203e-13,6.928693143e-14
105.171875,8.403357806e-13,6.177331055e-13,4.773796642e-13,5.492052744e-13,4.269099582e-13,1.67500416e-13,8.461739619e-14,9.758042972e-14,9.397407608e-14,1.443758827e-13,1.238599448e-13,1.916887056e-13,3.473905606e-13,3.150789394e-13,4.198965783e-13,4.248455429e-13,2.920890109e-13,1.452231853e-13,2.878918163e-13,6.393784393e-13,3.609927292e-13,7.763436561e-14,3.01637947e-14,1.790992147e-13,3.375327107e-14,2.30859839e-13,3.079308636e-13,4.592199791e-13,5.631480609e-13,4.668806841e-14,3.337852707e-13,6.935014414e-14
105.1796875,8.430554936e-13,6.193192879e-13,4.812973982e-13,5.495086313e-13,4.284876861e-13,1.674939977e-13,8.542626763e-14,9.723463992e-14,9.451607219e-14,1.450916022e-13,1.219657521e-13,1.929910305e-13,3.45710254e-13,3.153458012e-13,4.181892438e-13,4.211828859e-13,2.861659668e-13,1.47009892e-13,2.884311923e-13,6.379860356e-13,3.645159103e-13,7.792913375e-14,3.024834897e-14,1.774962837e-13,3.358217276e-14,2.302272853e-13,3.086520444e-13,4.61294074e-13,5.691653402e-13,4.622520511e-14,3.289293235e-13,6.943110085e-14
105.1875,8.45643243e-13,6.208463548e-13,4.854372207e-13,5.493711949e-13,4.299987132e-13,1.673358223e-13,8.619367341e-14,9.682781226e-14,9.504631651e-14,1.458338512e-13,1.202902465e-13,1.943376371e-13,3.43986227e-13,3.154955622e-13,4.162271689e-13,4.172440869e-13,2.799450714e-13,1.488908906e-13,2.889721805e-13,6.36218888e-13,3.679406792e-13,7.821286383e-14,3.031947073e-14,1.759190972e-13,3.340999616e-14,2.295630434e-13,3.094057731e-13,4.632136377e-13,5.753401709e-13,4.576876775e-14,3.243285111e-13,6.949296119e-14
105.1953125,8.480257445e-13,6.218952036e-13,4.896049906e-13,5.489793073e-13,4.314417542e-13,1.671882634e-13,8.694368882e-14,9.637569767e-14,9.55503713e-14,1.466158925e-13,1.186720084e-13,1.956976821e-13,3.421830762e-13,3.155608119e-13,4.140182683e-13,4.130209476e-13,2.735016585e-13,1.507199254e-13,2.894196707e-13,6.338170075e-13,3.712716394e-13,7.846304058e-14,3.038633502e-14,1.743451505e-13,3.324625024e-14,2.288402652e-13,3.100489476e-13,4.648232823e-13,5.814112808e-13,4.527459494e-14,3.197989e-13,6.952764306e-14
105.203125,8.501145712e-13,6.230711825e-13,4.937702963e-13,5.485313524e-13,4.32788825e-13,1.670185469e-13,8.770485176e-14,9.592122179e-14,9.603738199e-14,1.474109277e-13,1.171427437e-13,1.970887252e-13,3.403856741e-13,3.156518181e-13,4.117782493e-13,4.088380322e-13,2.672174701e-13,1.524928943e-13,2.897731585e-13,6.313552114e-13,3.74545127e-13,7.868316678e-14,3.04699938e-14,1.727597521e-13,3.310008683e-14,2.281658142e-13,3.107644635e-13,4.664292426e-13,5.873413357e-13,4.480386184e-14,3.153089824e-13,6.955844241e-14
105.2109375,8.517753848e-13,6.245009509e-13,4.980213817e-13,5.477707099e-13,4.340491893e-13,1.66589812e-13,8.841630922e-14,9.554353621e-14,9.652647983e-14,1.481884975e-13,1.158397569e-13,1.985279488e-13,3.384675724e-13,3.157505475e-13,4.09482408e-13,4.047588675e-13,2.611693221e-13,1.544151543e-13,2.900437058e-13,6.292438162e-13,3.77752548e-13,7.888372763e-14,3.057681513e-14,1.71207036e-13,3.295715558e-14,2.27585542e-13,3.116789146e-13,4.6804226e-13,5.934087708e-13,4.441983366e-14,3.109224246e-13,6.959829562e-14
105.21875,8.531609178e-13,6.257054238e-13,5.024948335e-13,5.467552873e-13,4.352199069e-13,1.660994387e-13,8.907232279e-14,9.526356953e-14,9.703282856e-14,1.489373109e-13,1.147541378e-13,2.000589795e-13,3.364368702e-13,3.159082458e-13,4.071471928e-13,4.007176024e-13,2.553315051e-13,1.565414861e-13,2.902397575e-13,6.269959018e-13,3.808180645e-13,7.907186892e-14,3.069774449e-14,1.697701e-13,3.282663138e-14,2.269788287e-13,3.127836581e-13,4.695433847e-13,5.996985182e-13,4.408382005e-14,3.068183202e-13,6.963065768e-14
105.2265625,8.544270668e-13,6.266778183e-13,5.072528929e-13,5.458131257e-13,4.36234252e-13,1.657888286e-13,8.974018142e-14,9.495386143e-14,9.752925795e-14,1.496888676e-13,1.138152049e-13,2.016918165e-13,3.345200782e-13,3.161305633e-13,4.048606741e-13,3.96742306e-13,2.496610417e-13,1.586167255e-13,2.904228965e-13,6.244475092e-13,3.837376695e-13,7.924648811e-14,3.081501861e-14,1.684440294e-13,3.272470241e-14,2.263469666e-13,3.140716754e-13,4.709794417e-13,6.06092491e-13,4.374964326e-14,3.030550383e-13,6.963225445e-14
105.234375,8.554944601e-13,6.275535211e-13,5.120593203e-13,5.448479375e-13,4.371834508e-13,1.65450851e-13,9.039143949e-14,9.45282011e-14,9.801651221e-14,1.504516759e-13,1.129637762e-13,2.034037903e-13,3.327172147e-13,3.163872014e-13,4.024214786e-13,3.925638932e-13,2.438297105e-13,1.605412357e-13,2.906314156e-13,6.218561931e-13,3.865624805e-13,7.941881438e-14,3.090988424e-14,1.671325036e-13,3.262726537e-14,2.25766253e-13,3.154154587e-13,4.722202736e-13,6.124952536e-13,4.34224687e-14,2.994994798e-13,6.960085782e-14
105.2421875,8.563041851e-13,6.284749647e-13,5.167756865e-13,5.435855457e-13,4.382329973e-13,1.649355141e-13,9.100123112e-14,9.407913401e-14,9.855613991e-14,1.511931912e-13,1.121833903e-13,2.052242707e-13,3.30899611e-13,3.167720563e-13,3.996721836e-13,3.879028154e-13,2.376800875e-13,1.625230739e-13,2.908393253e-13,6.189662957e-13,3.892866701e-13,7.960707462e-14,3.098164897e-14,1.658001673e-13,3.252691109e-14,2.251276025e-13,3.166823515e-13,4.732247228e-13,6.187891815e-13,4.309411372e-14,2.961678065e-13,6.955206004e-14
105.25,8.567905315e-13,6.295189887e-13,5.216528258e-13,5.420073026e-13,4.393024022e-13,1.642825585e-13,9.161732906e-14,9.367559737e-14,9.913283072e-14,1.519370141e-13,1.115532349e-13,2.071470474e-13,3.29058731e-13,3.171905417e-13,3.967990207e-13,3.830862736e-13,2.314701305e-13,1.646251623e-13,2.909746677e-13,6.15746038e-13,3.919025413e-13,7.978408973e-14,3.105085021e-14,1.645117333e-13,3.244469569e-14,2.244221692e-13,3.180188035e-13,4.741966978e-13,6.250255875e-13,4.277232148e-14,2.930791532e-13,6.950115959e-14
105.2578125,8.570083204e-13,6.302901499e-13,5.267334118e-13,5.402300391e-13,4.40271325e-13,1.634528194e-13,9.220568415e-14,9.325424871e-14,9.965660355e-14,1.527343922e-13,1.110957516e-13,2.090841825e-13,3.271600876e-13,3.174410081e-13,3.939447477e-13,3.785097017e-13,2.25340342e-13,1.667258539e-13,2.909599633e-13,6.12730004e-13,3.944422743e-13,7.991675231e-14,3.113453859e-14,1.633156907e-13,3.236334052e-14,2.238721281e-13,3.195961496e-13,4.750684284e-13,6.31366409e-13,4.250864166e-14,2.90042092e-13,6.945701575e-14
105.265625,8.571421689e-13,6.308848977e-13,5.317856267e-13,5.384731221e-13,4.412144384e-13,1.62583871e-13,9.276009433e-14,9.278100036e-14,1.001405701e-13,1.535885582e-13,1.107283894e-13,2.110385029e-13,3.252353348e-13,3.177499313e-13,3.911172942e-13,3.741062051e-13,2.193638106e-13,1.688175262e-13,2.908453567e-13,6.098128188e-13,3.96905863e-13,8.004211942e-14,3.124217675e-14,1.621834868e-13,3.227707185e-14,2.234473967e-13,3.212824682e-13,4.758014421e-13,6.37618948e-13,4.230567849e-14,2.870880828e-13,6.940985494e-14
105.2734375,8.568500122e-13,6.318106672e-13,5.368943074e-13,5.368041656e-13,4.421026949e-13,1.61878601e-13,9.337727167e-14,9.229374583e-14,1.006563427e-13,1.544954084e-13,1.104455037e-13,2.130858359e-13,3.234488843e-13,3.183752591e-13,3.883616069e-13,3.698029192e-13,2.137674978e-13,1.709428898e-13,2.907396908e-13,6.064995229e-13,3.992461272e-13,8.018316953e-14,3.138527892e-14,1.610643686e-13,3.223905037e-14,2.229046354e-13,3.229792508e-13,4.765941434e-13,6.436328469e-13,4.212119e-14,2.844524223e-13,6.93239556e-14
105.28125,8.557360741e-13,6.325014071e-13,5.421855961e-13,5.348158764e-13,4.427626434e-13,1.611599732e-13,9.399122843e-14,9.181614382e-14,1.011746662e-13,1.554243787e-13,1.102801982e-13,2.151895592e-13,3.217632585e-13,3.190686565e-13,3.856016823e-13,3.656165867e-13,2.084628308e-13,1.730832866e-13,2.905869452e-13,6.030088821e-13,4.014232922e-13,8.028487586e-14,3.155127371e-14,1.599702538e-13,3.22567166e-14,2.223150283e-13,3.248907099e-13,4.772051625e-13,6.497722131e-13,4.195937212e-14,2.820697679e-13,6.91813657e-14
105.2890625,8.54358835e-13,6.325877134e-13,5.474833631e-13,5.324078243e-13,4.432178124e-13,1.602653494e-13,9.446378758e-14,9.136859061e-14,1.016508747e-13,1.563072873e-13,1.102101707e-13,2.172818605e-13,3.200073097e-13,3.196189949e-13,3.827611329e-13,3.614407755e-13,2.031501483e-13,1.751946305e-13,2.903128881e-13,5.996782396e-13,4.034787503e-13,8.033450863e-14,3.169937174e-14,1.58966211e-13,3.227387766e-14,2.218888417e-13,3.271024132e-13,4.774435931e-13,6.561599887e-13,4.184819505e-14,2.798039629e-13,6.901907717e-14
105.296875,8.531549667e-13,6.328879476e-13,5.527959207e-13,5.301261198e-13,4.436560099e-13,1.593708551e-13,9.488175031e-14,9.09516941e-14,1.021319368e-13,1.571367868e-13,1.102695442e-13,2.193984789e-13,3.182007052e-13,3.201927935e-13,3.80011741e-13,3.573514647e-13,1.979171823e-13,1.772429806e-13,2.899859434e-13,5.963469862e-13,4.054863151e-13,8.039071284e-14,3.18140168e-14,1.580388746e-13,3.228528699e-14,2.215626914e-13,3.294008642e-13,4.777043439e-13,6.624283231e-13,4.178130829e-14,2.777588908e-13,6.887581395e-14
105.3046875,8.515813238e-13,6.332654899e-13,5.582757724e-13,5.278969986e-13,4.442110888e-13,1.58487928e-13,9.533836883e-14,9.050239884e-14,1.02650716e-13,1.579272041e-13,1.105282106e-13,2.215762118e-13,3.16376053e-13,3.208877058e-13,3.773711704e-13,3.534462324e-13,1.928834739e-13,1.793052995e-13,2.895816414e-13,5.929291413e-13,4.073531811e-13,8.046251422e-14,3.191472413e-14,1.570829963e-13,3.232017505e-14,2.211992139e-13,3.316905051e-13,4.778647937e-13,6.684992536e-13,4.172563298e-14,2.759367853e-13,6.873022138e-14
105.3125,8.494167621e-13,6.330126644e-13,5.637689028e-13,5.25194496e-13,4.44865756e-13,1.574538403e-13,9.576354568e-14,8.999763267e-14,1.03161797e-13,1.586665847e-13,1.109714486e-13,2.237982771e-13,3.144649386e-13,3.216242417e-13,3.745627289e-13,3.494399326e-13,1.87821929e-13,1.814569705e-13,2.890019292e-13,5.894436562e-13,4.089482656e-13,8.050508222e-14,3.201458316e-14,1.560818327e-13,3.236768877e-14,2.207834937e-13,3.340639108e-13,4.775112025e-13,6.745156172e-13,4.165353754e-14,2.741817508e-13,6.853332092e-14
105.3203125,8.469427492e-13,6.327898284e-13,5.691803128e-13,5.224749068e-13,4.453637257e-13,1.563838345e-13,9.615796805e-14,8.950849259e-14,1.036354667e-13,1.594258267e-13,1.115283464e-13,2.260744654e-13,3.124869926e-13,3.223512448e-13,3.716057484e-13,3.452353654e-13,1.82731149e-13,1.835990306e-13,2.883179266e-13,5.857330662e-13,4.104183465e-13,8.04963397e-14,3.211660025e-14,1.551362513e-13,3.242519721e-14,2.203138094e-13,3.365412994e-13,4.771402328e-13,6.804265624e-13,4.157974001e-14,2.7249388e-13,6.827501568e-14
105.328125,8.43994327e-13,6.32872732e-13,5.746815924e-13,5.201810636e-13,4.455486106e-13,1.554083524e-13,9.656247825e-14,8.906764086e-14,1.041095928e-13,1.602592417e-13,1.121262494e-13,2.284199631e-13,3.104593588e-13,3.230748619e-13,3.687585426e-13,3.411623629e-13,1.779437566e-13,1.857108748e-13,2.875796006e-13,5.819136577e-13,4.1189466e-13,8.044830104e-14,3.222062667e-14,1.542835454e-13,3.251114804e-14,2.198257281e-13,3.39120331e-13,4.770105482e-13,6.862455863e-13,4.154237872e-14,2.709692442e-13,6.799209763e-14
105.3359375,8.405836418e-13,6.323149149e-13,5.802307403e-13,5.176226829e-13,4.457295374e-13,1.544084743e-13,9.690352052e-14,8.86358444e-14,1.046190239e-13,1.610600796e-13,1.127676668e-13,2.307836289e-13,3.083576426e-13,3.238797147e-13,3.659642836e-13,3.372673681e-13,1.734758911e-13,1.878890631e-13,2.867006627e-13,5.78340869e-13,4.131851972e-13,8.039308085e-14,3.231368788e-14,1.53456656e-13,3.260716623e-14,2.193939434e-13,3.418366164e-13,4.76456398e-13,6.919888919e-13,4.153940899e-14,2.696126903e-13,6.772106648e-14
105.34375,8.370613886e-13,6.310974774e-13,5.856533689e-13,5.14460558e-13,4.461008744e-13,1.533236224e-13,9.715685512e-14,8.82149966e-14,1.051307047e-13,1.61781363e-13,1.135513495e-13,2.330935757e-13,3.062669475e-13,3.24781948e-13,3.630817521e-13,3.333778677e-13,1.690491351e-13,1.900157301e-13,2.856972244e-13,5.749437178e-13,4.142157069e-13,8.033850342e-14,3.238659019e-14,1.52611979e-13,3.269528e-14,2.190042828e-13,3.446556905e-13,4.753870323e-13,6.975324034e-13,4.154414794e-14,2.683694615e-13,6.745346507e-14
105.3515625,8.331021805e-13,6.297626393e-13,5.910097887e-13,5.110305103e-13,4.463542388e-13,1.521359249e-13,9.738467886e-14,8.784767372e-14,1.056015283e-13,1.625031665e-13,1.145013557e-13,2.353528198e-13,3.041818039e-13,3.256068787e-13,3.601619915e-13,3.295595268e-13,1.64631554e-13,1.919681319e-13,2.84613828e-13,5.714650846e-13,4.151321928e-13,8.024592232e-14,3.24446082e-14,1.517927786e-13,3.279041425e-14,2.186027709e-13,3.474943203e-13,4.74117205e-13,7.029405333e-13,4.1551878e-14,2.672176079e-13,6.715122601e-14
105.359375,8.284185199e-13,6.280746758e-13,5.963518769e-13,5.071637652e-13,4.464183315e-13,1.507642629e-13,9.757004237e-14,8.753094264e-14,1.060537935e-13,1.631852231e-13,1.155515534e-13,2.37628158e-13,3.019655863e-13,3.263394192e-13,3.571793158e-13,3.25815857e-13,1.603988974e-13,1.938657144e-13,2.834066234e-13,5.679843481e-13,4.158712058e-13,8.011108565e-14,3.248852784e-14,1.510704056e-13,3.288261368e-14,2.181696277e-13,3.502738977e-13,4.724282772e-13,7.082563564e-13,4.156787759e-14,2.662078857e-13,6.680346402e-14
105.3671875,8.236354348e-13,6.260944534e-13,6.015992748e-13,5.028985719e-13,4.466292948e-13,1.493799529e-13,9.768433116e-14,8.722286325e-14,1.065234418e-13,1.637735665e-13,1.167001851e-13,2.399532285e-13,2.997338298e-13,3.272435922e-13,3.541626172e-13,3.220977499e-13,1.563911491e-13,1.95722628e-13,2.821605088e-13,5.645361562e-13,4.164025233e-13,7.998543131e-14,3.251772396e-14,1.504310451e-13,3.295187392e-14,2.176751704e-13,3.529656061e-13,4.705148978e-13,7.131977554e-13,4.160491974e-14,2.653623903e-13,6.644024228e-14
105.375,8.190829332e-13,6.243859436e-13,6.067608203e-13,4.989698866e-13,4.469939642e-13,1.482423236e-13,9.779101385e-14,8.690846298e-14,1.070096031e-13,1.643939817e-13,1.179387183e-13,2.423222158e-13,2.977037863e-13,3.284084006e-13,3.513502232e-13,3.185790431e-13,1.525137004e-13,1.974342112e-13,2.810106107e-13,5.609303864e-13,4.169625253e-13,7.98887819e-14,3.254579944e-14,1.497837751e-13,3.302303492e-14,2.171342527e-13,3.556367093e-13,4.689637632e-13,7.176891453e-13,4.168027082e-14,2.646200239e-13,6.609091722e-14
105.3828125,8.143579721e-13,6.229414947e-13,6.118534158e-13,4.955618892e-13,4.47260894e-13,1.472125037e-13,9.793057897e-14,8.661985744e-14,1.075100565e-13,1.651057061e-13,1.192019169e-13,2.447461705e-13,2.957832983e-13,3.296569853e-13,3.487496061e-13,3.152737588e-13,1.487166527e-13,1.99071312e-13,2.798981819e-13,5.572135341e-13,4.175541251e-13,7.980024519e-14,3.258584785e-14,1.491229711e-13,3.312423949e-14,2.166411554e-13,3.583530607e-13,4.675899367e-13,7.220301649e-13,4.177820171e-14,2.639906352e-13,6.575272366e-14
105.390625,8.09303215e-13,6.213874274e-13,6.16849166e-13,4.922918667e-13,4.474413838e-13,1.460532381e-13,9.804442622e-14,8.638168179e-14,1.080124644e-13,1.657998472e-13,1.204978869e-13,2.472073762e-13,2.938101519e-13,3.308880809e-13,3.461526458e-13,3.120098003e-13,1.45033655e-13,2.007130023e-13,2.787237832e-13,5.53587089e-13,4.179881216e-13,7.970122291e-14,3.262546803e-14,1.485241658e-13,3.324653946e-14,2.162470671e-13,3.611646174e-13,4.660162314e-13,7.263494884e-13,4.187328735e-14,2.635264817e-13,6.540621733e-14
105.3984375,8.039177312e-13,6.194828548e-13,6.217984584e-13,4.889503894e-13,4.47639295e-13,1.448233189e-13,9.807212926e-14,8.616290423e-14,1.0849326e-13,1.664484589e-13,1.218450662e-13,2.496306737e-13,2.917773095e-13,3.321119938e-13,3.435431702e-13,3.088578496e-13,1.414586364e-13,2.023153749e-13,2.774509473e-13,5.500586129e-13,4.182983396e-13,7.957701345e-14,3.264044711e-14,1.479746595e-13,3.337173026e-14,2.159017332e-13,3.641162393e-13,4.642994155e-13,7.305482575e-13,4.19786495e-14,2.631575364e-13,6.504984351e-14
105.40625,7.980280772e-13,6.172519438e-13,6.266781329e-13,4.852864364e-13,4.478391843e-13,1.436029457e-13,9.80594278e-14,8.59329848e-14,1.089717167e-13,1.671090864e-13,1.23217419e-13,2.519840379e-13,2.896524474e-13,3.333277597e-13,3.409376722e-13,3.059254964e-13,1.379405559e-13,2.038442359e-13,2.760323254e-13,5.465876365e-13,4.184397607e-13,7.94293518e-14,3.263849041e-14,1.474252255e-13,3.350097936e-14,2.155158398e-13,3.670863811e-13,4.623954158e-13,7.345926222e-13,4.211207851e-14,2.628235067e-13,6.469062906e-14
105.4140625,7.917491298e-13,6.150217046e-13,6.31419497e-13,4.813114989e-13,4.480021672e-13,1.423696044e-13,9.809511553e-14,8.572200408e-14,1.094678209e-13,1.677844227e-13,1.246932743e-13,2.543239079e-13,2.874480609e-13,3.34567036e-13,3.383323212e-13,3.031930394e-13,1.345899724e-13,2.052647812e-13,2.745174782e-13,5.431127146e-13,4.182674124e-13,7.926884732e-14,3.264770175e-14,1.46924936e-13,3.364922288e-14,2.150573722e-13,3.699591212e-13,4.603257056e-13,7.384720025e-13,4.227335677e-14,2.625601588e-13,6.431088795e-14
105.421875,7.852872076e-13,6.12753863e-13,6.361413723e-13,4.776308755e-13,4.48034583e-13,1.411626505e-13,9.814354321e-14,8.55642672e-14,1.099562079e-13,1.684632078e-13,1.263353071e-13,2.567011081e-13,2.852895118e-13,3.358620047e-13,3.359074119e-13,3.00700141e-13,1.315611011e-13,2.065638221e-13,2.729852982e-13,5.394721512e-13,4.17991493e-13,7.908946537e-14,3.266296568e-14,1.465376111e-13,3.380649087e-14,2.146031422e-13,3.728849539e-13,4.583062547e-13,7.421434098e-13,4.246702316e-14,2.623554102e-13,6.390021091e-14
105.4296875,7.78488632e-13,6.09987001e-13,6.408358231e-13,4.744166213e-13,4.478453568e-13,1.399865257e-13,9.809988135e-14,8.544201236e-14,1.10431311e-13,1.691324788e-13,1.280011845e-13,2.590747889e-13,2.831667434e-13,3.371575566e-13,3.336756728e-13,2.983522626e-13,1.287089734e-13,2.077759409e-13,2.713390235e-13,5.357113705e-13,4.178072525e-13,7.889797136e-14,3.266822238e-14,1.462540595e-13,3.394549043e-14,2.142069729e-13,3.759341366e-13,4.561769081e-13,7.456614374e-13,4.267702372e-14,2.622036097e-13,6.348608729e-14
105.4375,7.71234308e-13,6.068575555e-13,6.452410222e-13,4.710449671e-13,4.475400206e-13,1.387776477e-13,9.79912036e-14,8.532090691e-14,1.10900743e-13,1.69773901e-13,1.296090938e-13,2.613747498e-13,2.809633437e-13,3.384277463e-13,3.313642403e-13,2.959615533e-13,1.25847062e-13,2.08898937e-13,2.695282653e-13,5.320673141e-13,4.17490781e-13,7.870960528e-14,3.267137867e-14,1.460117082e-13,3.40823846e-14,2.137797799e-13,3.789517172e-13,4.537095077e-13,7.491071384e-13,4.287223984e-14,2.621541815e-13,6.306831369e-14
105.4453125,7.636916789e-13,6.039387019e-13,6.494274535e-13,4.671983441e-13,4.473516157e-13,1.375620045e-13,9.790325173e-14,8.519596565e-14,1.113492719e-13,1.704165832e-13,1.312880286e-13,2.636445945e-13,2.78687418e-13,3.397982845e-13,3.289633597e-13,2.936004907e-13,1.231013848e-13,2.099694091e-13,2.677294852e-13,5.285308237e-13,4.169157105e-13,7.851254701e-14,3.266296269e-14,1.457228275e-13,3.424248069e-14,2.132496497e-13,3.819309075e-13,4.511002024e-13,7.523230801e-13,4.306768347e-14,2.62175315e-13,6.260800261e-14
105.453125,7.560104175e-13,6.012760572e-13,6.53723574e-13,4.632006466e-13,4.473532962e-13,1.363751576e-13,9.780902337e-14,8.51026827e-14,1.118026019e-13,1.710579294e-13,1.330839082e-13,2.65991284e-13,2.764067222e-13,3.413633395e-13,3.267118623e-13,2.913677372e-13,1.205684914e-13,2.110475643e-13,2.660258654e-13,5.249625337e-13,4.162523618e-13,7.830692024e-14,3.262586884e-14,1.45379178e-13,3.440434214e-14,2.127129669e-13,3.849367311e-13,4.485060954e-13,7.551000182e-13,4.329303061e-14,2.622484655e-13,6.212460166e-14
105.4609375,7.482267242e-13,5.985131147e-13,6.580550697e-13,4.592984401e-13,4.473551237e-13,1.351512443e-13,9.764897202e-14,8.508468489e-14,1.122944066e-13,1.716548715e-13,1.349385378e-13,2.683882562e-13,2.741347646e-13,3.429876545e-13,3.246318625e-13,2.892224893e-13,1.181535287e-13,2.120560879e-13,2.642732027e-13,5.214802591e-13,4.155440114e-13,7.810692253e-14,3.258240872e-14,1.450756242e-13,3.455551871e-14,2.123028525e-13,3.879358365e-13,4.458475642e-13,7.576411113e-13,4.354742588e-14,2.624455841e-13,6.16766049e-14
105.46875,7.403039086e-13,5.953597807e-13,6.62085382e-13,4.554855136e-13,4.47189435e-13,1.338568406e-13,9.741283731e-14,8.513929199e-14,1.127885901e-13,1.722772933e-13,1.368720224e-13,2.707164999e-13,2.71861366e-13,3.444910411e-13,3.225965206e-13,2.872670877e-13,1.158713063e-13,2.129065872e-13,2.62388047e-13,5.182249855e-13,4.146739599e-13,7.789432759e-14,3.254146477e-14,1.448416303e-13,3.469997947e-14,2.119891012e-13,3.909907e-13,4.430961018e-13,7.601904474e-13,4.383416951e-14,2.627323673e-13,6.12487448e-14
105.4765625,7.320763714e-13,5.917337013e-13,6.656241206e-13,4.517939889e-13,4.469259292e-13,1.325721607e-13,9.709730215e-14,8.523089732e-14,1.132693092e-13,1.729823229e-13,1.388344278e-13,2.729385033e-13,2.695835594e-13,3.458885146e-13,3.205628466e-13,2.855836491e-13,1.137489209e-13,2.135981843e-13,2.604391951e-13,5.149656966e-13,4.135952408e-13,7.766784389e-14,3.247579037e-14,1.446353285e-13,3.48194865e-14,2.115721003e-13,3.940821037e-13,4.402044497e-13,7.624244243e-13,4.412749559e-14,2.630314295e-13,6.078452376e-14
105.484375,7.23422125e-13,5.878598916e-13,6.686723344e-13,4.481423514e-13,4.466383641e-13,1.313605791e-13,9.674049673e-14,8.533967907e-14,1.137694973e-13,1.736308781e-13,1.407314982e-13,2.750724261e-13,2.673164602e-13,3.472953434e-13,3.185533352e-13,2.840194523e-13,1.117265488e-13,2.141380333e-13,2.584702261e-13,5.114368482e-13,4.123669017e-13,7.745782977e-14,3.238929049e-14,1.444720819e-13,3.492875703e-14,2.109349113e-13,3.969951048e-13,4.370639142e-13,7.640592403e-13,4.436518188e-14,2.633865761e-13,6.028142679e-14
105.4921875,7.145648518e-13,5.838977184e-13,6.715465587e-13,4.442663357e-13,4.463195251e-13,1.301660745e-13,9.640031645e-14,8.546171886e-14,1.142702274e-13,1.741570104e-13,1.426911028e-13,2.771310707e-13,2.650546668e-13,3.487965158e-13,3.166136784e-13,2.825007396e-13,1.098946403e-13,2.146285262e-13,2.564573647e-13,5.078634811e-13,4.111009501e-13,7.724766738e-14,3.230317979e-14,1.443531416e-13,3.506131403e-14,2.102328798e-13,3.997813696e-13,4.336988965e-13,7.654735513e-13,4.45796866e-14,2.637897928e-13,5.977229814e-14
105.5,7.058529127e-13,5.796859775e-13,6.745860216e-13,4.402096916e-13,4.460494828e-13,1.289465617e-13,9.605011031e-14,8.561379768e-14,1.147487644e-13,1.74720459e-13,1.447975726e-13,2.791481267e-13,2.627820134e-13,3.504538555e-13,3.147911999e-13,2.811356276e-13,1.08313379e-13,2.151593204e-13,2.543958541e-13,5.04513468e-13,4.09841602e-13,7.700979585e-14,3.221406582e-14,1.442324965e-13,3.519751836e-14,2.096465249e-13,4.027134329e-13,4.302398784e-13,7.669750411e-13,4.485240465e-14,2.641728072e-13,5.927913717e-14
105.5078125,6.97181813e-13,5.752988419e-13,6.775916532e-13,4.363477001e-13,4.458403314e-13,1.277970114e-13,9.565208142e-14,8.582248441e-14,1.15245256e-13,1.753678949e-13,1.468290561e-13,2.811533321e-13,2.605504174e-13,3.52222781e-13,3.131061138e-13,2.799713628e-13,1.067913883e-13,2.15609771e-13,2.522893265e-13,5.01101655e-13,4.085320835e-13,7.67713821e-14,3.212604241e-14,1.44134905e-13,3.533109294e-14,2.091204103e-13,4.057781189e-13,4.267726459e-13,7.683014578e-13,4.513835128e-14,2.645801037e-13,5.881123886e-14
105.515625,6.881888942e-13,5.710297263e-13,6.801736727e-13,4.327458947e-13,4.455932159e-13,1.26732707e-13,9.523231123e-14,8.606252462e-14,1.157714648e-13,1.759529852e-13,1.486953565e-13,2.831462732e-13,2.583607799e-13,3.539287352e-13,3.114776199e-13,2.789408118e-13,1.05217565e-13,2.15934792e-13,2.501061878e-13,4.974394915e-13,4.07121419e-13,7.654818756e-14,3.204735012e-14,1.440917635e-13,3.548721204e-14,2.085583896e-13,4.087794165e-13,4.232909105e-13,7.692110003e-13,4.53697375e-14,2.650187557e-13,5.836442102e-14
105.5234375,6.789582636e-13,5.667011534e-13,6.823259017e-13,4.290905439e-13,4.453503694e-13,1.255795536e-13,9.478680536e-14,8.629107389e-14,1.162934883e-13,1.764274711e-13,1.505911588e-13,2.850840383e-13,2.560799052e-13,3.554819588e-13,3.097639907e-13,2.779782068e-13,1.036890181e-13,2.162337968e-13,2.478512817e-13,4.939123416e-13,4.055654736e-13,7.632663244e-14,3.197152314e-14,1.440452038e-13,3.564068873e-14,2.079992145e-13,4.116290639e-13,4.197217077e-13,7.697172678e-13,4.559459124e-14,2.653951471e-13,5.793198621e-14
105.53125,6.697980107e-13,5.620429217e-13,6.843137381e-13,4.252580538e-13,4.451449394e-13,1.243284459e-13,9.429477581e-14,8.65266795e-14,1.168059577e-13,1.768491909e-13,1.525722513e-13,2.868953667e-13,2.537024489e-13,3.570101377e-13,3.080692342e-13,2.77132789e-13,1.023000847e-13,2.164232869e-13,2.456012705e-13,4.906366882e-13,4.038660651e-13,7.612048867e-14,3.190610299e-14,1.439664558e-13,3.577696183e-14,2.07484509e-13,4.143450493e-13,4.160399877e-13,7.6987706e-13,4.585695067e-14,2.657437149e-13,5.751297145e-14
105.5390625,6.606895374e-13,5.572692586e-13,6.864349115e-13,4.214632763e-13,4.448890205e-13,1.232002643e-13,9.37834679e-14,8.679347435e-14,1.173198282e-13,1.772346698e-13,1.54553509e-13,2.886163625e-13,2.513944498e-13,3.587038122e-13,3.066697311e-13,2.764965251e-13,1.010988182e-13,2.164450302e-13,2.433821804e-13,4.873085058e-13,4.021448887e-13,7.593584985e-14,3.185426399e-14,1.439097393e-13,3.593877847e-14,2.070155609e-13,4.17059026e-13,4.123084549e-13,7.699439949e-13,4.614612091e-14,2.661984379e-13,5.709624749e-14
105.546875,6.514944305e-13,5.525074522e-13,6.886880111e-13,4.178131864e-13,4.446225097e-13,1.222178496e-13,9.326131638e-14,8.708908381e-14,1.178426994e-13,1.776051576e-13,1.565374355e-13,2.903758972e-13,2.491598485e-13,3.605711328e-13,3.055025852e-13,2.759820276e-13,1.000232407e-13,2.164747417e-13,2.41133081e-13,4.839628777e-13,4.004238903e-13,7.574429229e-14,3.179456983e-14,1.439149431e-13,3.612618987e-14,2.06586652e-13,4.198560406e-13,4.08549103e-13,7.701929578e-13,4.646041023e-14,2.667937933e-13,5.667176267e-14
105.5546875,6.420576554e-13,5.476871284e-13,6.90660898e-13,4.141358232e-13,4.443445233e-13,1.212078044e-13,9.27328955e-14,8.744136305e-14,1.183873546e-13,1.77996367e-13,1.584917499e-13,2.921581249e-13,2.468595694e-13,3.624059534e-13,3.043005834e-13,2.754198337e-13,9.89246476e-14,2.165087208e-13,2.388343421e-13,4.806317774e-13,3.985359927e-13,7.553965523e-14,3.17269616e-14,1.439762633e-13,3.630800879e-14,2.061279602e-13,4.225851109e-13,4.047524714e-13,7.703701438e-13,4.677498627e-14,2.674492928e-13,5.624777552e-14
105.5625,6.322457095e-13,5.429265163e-13,6.922028342e-13,4.104813099e-13,4.439120728e-13,1.201610809e-13,9.222705827e-14,8.785487605e-14,1.189433468e-13,1.783825613e-13,1.603168796e-13,2.938228246e-13,2.44520403e-13,3.640798897e-13,3.031041261e-13,2.748870642e-13,9.782183803e-14,2.163326815e-13,2.365219519e-13,4.769973569e-13,3.964652146e-13,7.533869232e-14,3.166327314e-14,1.440725017e-13,3.649484412e-14,2.055862281e-13,4.251245124e-13,4.009500934e-13,7.700715656e-13,4.70640668e-14,2.680520322e-13,5.583100256e-14
105.5703125,6.2243876e-13,5.378683061e-13,6.935469653e-13,4.071129826e-13,4.434335717e-13,1.19151439e-13,9.169735063e-14,8.827553656e-14,1.194796333e-13,1.786755311e-13,1.619894806e-13,2.952996537e-13,2.422585813e-13,3.657038417e-13,3.020754084e-13,2.746521355e-13,9.685478688e-14,2.159209215e-13,2.341879333e-13,4.732198119e-13,3.943872677e-13,7.513665904e-14,3.158567128e-14,1.441896663e-13,3.669422186e-14,2.050338656e-13,4.275765143e-13,3.970139657e-13,7.694838129e-13,4.734624209e-14,2.685761935e-13,5.542734497e-14
105.578125,6.130274492e-13,5.318731142e-13,6.946893426e-13,4.037377555e-13,4.430560561e-13,1.181284177e-13,9.111002631e-14,8.86952001e-14,1.199779969e-13,1.787877061e-13,1.635758341e-13,2.965770943e-13,2.400261778e-13,3.673410036e-13,3.011623457e-13,2.747698873e-13,9.603935442e-14,2.153913888e-13,2.31798701e-13,4.698029486e-13,3.92321056e-13,7.491543285e-14,3.148558557e-14,1.44314304e-13,3.690168312e-14,2.045357011e-13,4.300140733e-13,3.926968779e-13,7.689508286e-13,4.761336298e-14,2.690827946e-13,5.505136375e-14
105.5859375,6.035124472e-13,5.255160657e-13,6.956365144e-13,3.999371491e-13,4.426161888e-13,1.17063923e-13,9.056876545e-14,8.915562388e-14,1.2045313e-13,1.787611897e-13,1.651940836e-13,2.977284457e-13,2.377279748e-13,3.689256008e-13,3.002735885e-13,2.749920429e-13,9.530117379e-14,2.148426757e-13,2.293699988e-13,4.666135057e-13,3.90138691e-13,7.467869677e-14,3.139025494e-14,1.444149125e-13,3.713360188e-14,2.040409167e-13,4.324055724e-13,3.881366924e-13,7.683230211e-13,4.785024116e-14,2.695803968e-13,5.469538107e-14
105.59375,5.934777991e-13,5.198174146e-13,6.966083451e-13,3.961274616e-13,4.421418027e-13,1.160327494e-13,9.011468069e-14,8.967729684e-14,1.209717996e-13,1.787594073e-13,1.668857839e-13,2.98925367e-13,2.354291016e-13,3.705769381e-13,2.994410647e-13,2.752064295e-13,9.458330763e-14,2.143604723e-13,2.269432513e-13,4.633319453e-13,3.878399071e-13,7.446065675e-14,3.132390138e-14,1.444908039e-13,3.739162898e-14,2.034927891e-13,4.347712683e-13,3.837562237e-13,7.674038376e-13,4.809754983e-14,2.700738445e-13,5.433628426e-14
105.6015625,5.834372551e-13,5.144404801e-13,6.974429958e-13,3.92656384e-13,4.418896864e-13,1.150638672e-13,8.96545282e-14,9.026675586e-14,1.215798002e-13,1.788138658e-13,1.685524302e-13,3.001849452e-13,2.331841574e-13,3.724388176e-13,2.987206698e-13,2.756250109e-13,9.388876179e-14,2.139224372e-13,2.245210502e-13,4.601372285e-13,3.855650037e-13,7.427582723e-14,3.127920727e-14,1.445876999e-13,3.7665635e-14,2.029161171e-13,4.371071514e-13,3.796038942e-13,7.66359201e-13,4.8367065e-14,2.706202723e-13,5.398232506e-14
105.609375,5.736257053e-13,5.087437033e-13,6.979250327e-13,3.890785573e-13,4.41725626e-13,1.141158731e-13,8.917510496e-14,9.088719604e-14,1.222154952e-13,1.788063888e-13,1.70162671e-13,3.013646838e-13,2.308809486e-13,3.743008379e-13,2.98081359e-13,2.763120103e-13,9.327654596e-14,2.134665497e-13,2.220670309e-13,4.570955038e-13,3.834200737e-13,7.408705343e-14,3.122056887e-14,1.447165741e-13,3.795820875e-14,2.023587162e-13,4.393286636e-13,3.754431073e-13,7.653150458e-13,4.862188735e-14,2.711959303e-13,5.365167318e-14
105.6171875,5.636438695e-13,5.030788493e-13,6.982989793e-13,3.853502419e-13,4.413928312e-13,1.131790172e-13,8.872110773e-14,9.148132941e-14,1.228242008e-13,1.787272579e-13,1.71763126e-13,3.024657081e-13,2.285203956e-13,3.759860605e-13,2.974775546e-13,2.770754423e-13,9.274383354e-14,2.130234641e-13,2.195793141e-13,4.538966334e-13,3.813550438e-13,7.388385094e-14,3.113156832e-14,1.448716628e-13,3.825738956e-14,2.018093626e-13,4.414612586e-13,3.712415591e-13,7.64202661e-13,4.885602359e-14,2.717681962e-13,5.333282302e-14
105.625,5.53575626e-13,4.976983842e-13,6.985715046e-13,3.819611967e-13,4.409780877e-13,1.122921636e-13,8.82780282e-14,9.208867046e-14,1.234433275e-13,1.78640839e-13,1.732863483e-13,3.035490197e-13,2.26304361e-13,3.777012363e-13,2.970285356e-13,2.779691374e-13,9.225458553e-14,2.125507008e-13,2.171222402e-13,4.504523924e-13,3.792208218e-13,7.370292144e-14,3.105034413e-14,1.45061267e-13,3.856113304e-14,2.012366611e-13,4.436329982e-13,3.670962194e-13,7.630188701e-13,4.908219894e-14,2.723837332e-13,5.300462647e-14
105.6328125,5.438047332e-13,4.922488692e-13,6.984413522e-13,3.787977761e-13,4.405652586e-13,1.114834514e-13,8.785794392e-14,9.276479226e-14,1.24077499e-13,1.785116983e-13,1.746506264e-13,3.045227634e-13,2.242407226e-13,3.795496747e-13,2.968461046e-13,2.791705415e-13,9.18612303e-14,2.119582231e-13,2.14723546e-13,4.46964264e-13,3.769602942e-13,7.352970167e-14,3.09991851e-14,1.452254723e-13,3.88954975e-14,2.006714467e-13,4.458231179e-13,3.630241491e-13,7.617699354e-13,4.930759678e-14,2.729903628e-13,5.265879353e-14
105.640625,5.342545904e-13,4.866332687e-13,6.980056669e-13,3.754904079e-13,4.401355802e-13,1.107351484e-13,8.748809267e-14,9.346933197e-14,1.247074153e-13,1.782949109e-13,1.758566821e-13,3.053341715e-13,2.221247774e-13,3.813638654e-13,2.967479198e-13,2.804933044e-13,9.157430867e-14,2.113368534e-13,2.123089959e-13,4.435685565e-13,3.746392558e-13,7.333806328e-14,3.094307886e-14,1.453215541e-13,3.924841698e-14,2.001263861e-13,4.478842443e-13,3.589453405e-13,7.603742165e-13,4.952538112e-14,2.735272288e-13,5.231485563e-14
105.6484375,5.24761463e-13,4.810413824e-13,6.974665087e-13,3.721167043e-13,4.397834624e-13,1.100012757e-13,8.714579946e-14,9.418617063e-14,1.253866831e-13,1.780222023e-13,1.769181986e-13,3.060634753e-13,2.199304706e-13,3.831240143e-13,2.965535159e-13,2.817345275e-13,9.130260187e-14,2.107725114e-13,2.098124447e-13,4.402840561e-13,3.723189693e-13,7.317435249e-14,3.086891552e-14,1.454411333e-13,3.958727762e-14,1.995288938e-13,4.497971964e-13,3.547593349e-13,7.588435686e-13,4.970644275e-14,2.740931728e-13,5.201492069e-14
105.65625,5.153478403e-13,4.755272922e-13,6.96785959e-13,3.687964069e-13,4.395010248e-13,1.092490139e-13,8.682906856e-14,9.493357253e-14,1.261170869e-13,1.777387721e-13,1.779118532e-13,3.067250457e-13,2.177654973e-13,3.849033604e-13,2.96389676e-13,2.830509499e-13,9.102849274e-14,2.101860183e-13,2.072573344e-13,4.370457015e-13,3.700288174e-13,7.304273064e-14,3.080108185e-14,1.456074982e-13,3.993285514e-14,1.988566745e-13,4.516674622e-13,3.505510467e-13,7.572621477e-13,4.986546807e-14,2.746719688e-13,5.175352021e-14
105.6640625,5.05999347e-13,4.700984658e-13,6.959671707e-13,3.655182128e-13,4.392048539e-13,1.08492449e-13,8.65353576e-14,9.566934158e-14,1.268374694e-13,1.774554845e-13,1.789037587e-13,3.072923552e-13,2.156289738e-13,3.867027418e-13,2.963771244e-13,2.845097809e-13,9.077796418e-14,2.095706875e-13,2.047017253e-13,4.337201604e-13,3.677898128e-13,7.288951858e-14,3.074166924e-14,1.457040644e-13,4.031068807e-14,1.981572152e-13,4.535234248e-13,3.464970603e-13,7.555715021e-13,5.003878963e-14,2.751312474e-13,5.147776032e-14
105.671875,4.967582184e-13,4.648331256e-13,6.949413101e-13,3.62292185e-13,4.390344775e-13,1.077672534e-13,8.623000627e-14,9.640799602e-14,1.276032717e-13,1.771402951e-13,1.798342922e-13,3.078138782e-13,2.134846531e-13,3.885907267e-13,2.964239422e-13,2.859385856e-13,9.05229402e-14,2.089923899e-13,2.021870802e-13,4.302714757e-13,3.65604565e-13,7.275923349e-14,3.069060255e-14,1.457439391e-13,4.070280062e-14,1.974314545e-13,4.552946764e-13,3.425911276e-13,7.536789359e-13,5.01976348e-14,2.75566299e-13,5.120010358e-14
105.6796875,4.87723489e-13,4.597401691e-13,6.93557103e-13,3.590423201e-13,4.39077649e-13,1.070486236e-13,8.593899393e-14,9.722264523e-14,1.284563892e-13,1.767712114e-13,1.806979227e-13,3.082637412e-13,2.113159535e-13,3.90482169e-13,2.964146392e-13,2.873625715e-13,9.030783353e-14,2.084113992e-13,1.996969194e-13,4.268924552e-13,3.634294118e-13,7.26996706e-14,3.065956132e-14,1.458399905e-13,4.109586534e-14,1.966892285e-13,4.569031358e-13,3.387459913e-13,7.516174191e-13,5.033540043e-14,2.760331948e-13,5.098314993e-14
105.6875,4.788654467e-13,4.545757771e-13,6.918575894e-13,3.556684096e-13,4.391454699e-13,1.062816115e-13,8.571038265e-14,9.807307138e-14,1.292660755e-13,1.763277534e-13,1.81556373e-13,3.084823162e-13,2.091039172e-13,3.920979946e-13,2.963255819e-13,2.889325602e-13,9.024386399e-14,2.077872273e-13,1.971402074e-13,4.238104102e-13,3.611460336e-13,7.261438369e-14,3.062806435e-14,1.459468069e-13,4.149661363e-14,1.959545533e-13,4.582765838e-13,3.348331366e-13,7.493631674e-13,5.048248357e-14,2.762634083e-13,5.081736341e-14
105.6953125,4.701271445e-13,4.49152845e-13,6.899200144e-13,3.521371108e-13,4.391539801e-13,1.05505603e-13,8.553803823e-14,9.891719128e-14,1.299851069e-13,1.7572955e-13,1.823692736e-13,3.084359149e-13,2.068898469e-13,3.935345349e-13,2.962708863e-13,2.906120278e-13,9.032009503e-14,2.071494108e-13,1.944735258e-13,4.209689257e-13,3.587355238e-13,7.244942942e-14,3.057662007e-14,1.459804733e-13,4.191771696e-14,1.951681757e-13,4.594288722e-13,3.307101879e-13,7.469101298e-13,5.058635854e-14,2.761818373e-13,5.065867806e-14
105.703125,4.615838841e-13,4.437770915e-13,6.878685115e-13,3.485839605e-13,4.393144737e-13,1.047971532e-13,8.541930152e-14,9.982224304e-14,1.307565674e-13,1.750202628e-13,1.831290629e-13,3.083356381e-13,2.04715619e-13,3.951730021e-13,2.963962965e-13,2.923263414e-13,9.041352503e-14,2.065618747e-13,1.917926181e-13,4.181642831e-13,3.564288405e-13,7.230108374e-14,3.053303806e-14,1.459896944e-13,4.237560143e-14,1.943221316e-13,4.605369621e-13,3.266248031e-13,7.445489677e-13,5.062751098e-14,2.761065752e-13,5.052174401e-14
105.7109375,4.533724518e-13,4.387241424e-13,6.859406006e-13,3.45357276e-13,4.398731322e-13,1.041516124e-13,8.534611905e-14,1.007717688e-13,1.316423217e-13,1.743898335e-13,1.839101875e-13,3.083494275e-13,2.025672402e-13,3.970706724e-13,2.966355008e-13,2.94041944e-13,9.046212398e-14,2.061350961e-13,1.892120294e-13,4.15390547e-13,3.5435776e-13,7.222923889e-14,3.052083441e-14,1.45994068e-13,4.28598125e-14,1.935026461e-13,4.616927143e-13,3.229757316e-13,7.424225697e-13,5.069690955e-14,2.761629483e-13,5.042643516e-14
105.71875,4.453963334e-13,4.33786595e-13,6.840546575e-13,3.423934063e-13,4.407780397e-13,1.035522472e-13,8.530277189e-14,1.016657582e-13,1.325633449e-13,1.737800048e-13,1.846803617e-13,3.083756516e-13,2.0044954e-13,3.990560733e-13,2.968843122e-13,2.957516928e-13,9.053328651e-14,2.058650825e-13,1.867302439e-13,4.126494648e-13,3.523226616e-13,7.220138178e-14,3.052977933e-14,1.459209073e-13,4.334873022e-14,1.926779655e-13,4.627235941e-13,3.196001062e-13,7.402427365e-13,5.079290956e-14,2.761948496e-13,5.034867986e-14
105.7265625,4.373698152e-13,4.289115753e-13,6.81999935e-13,3.391377658e-13,4.416423807e-13,1.029922477e-13,8.532428511e-14,1.025232497e-13,1.334772259e-13,1.730060058e-13,1.853558135e-13,3.082764032e-13,1.983431231e-13,4.009904842e-13,2.972431877e-13,2.97633008e-13,9.070528712e-14,2.055787071e-13,1.842597621e-13,4.097778841e-13,3.502050568e-13,7.218947356e-14,3.055006573e-14,1.457814631e-13,4.38549946e-14,1.917953863e-13,4.635632293e-13,3.161550806e-13,7.380122048e-13,5.084229587e-14,2.762201142e-13,5.027881065e-14
105.734375,4.294471901e-13,4.243252212e-13,6.799154801e-13,3.356903154e-13,4.423089045e-13,1.024205804e-13,8.541555797e-14,1.034255428e-13,1.344238448e-13,1.722246655e-13,1.859107856e-13,3.081272162e-13,1.962181247e-13,4.027841456e-13,2.977263053e-13,2.997532635e-13,9.092281078e-14,2.052056302e-13,1.817586079e-13,4.068486131e-13,3.481304094e-13,7.21846155e-14,3.057959653e-14,1.456972076e-13,4.438280728e-14,1.909558602e-13,4.644200895e-13,3.127828159e-13,7.359851554e-13,5.087829665e-14,2.763410017e-13,5.024621131e-14
105.7421875,4.220064066e-13,4.199269422e-13,6.778353375e-13,3.326954652e-13,4.431122444e-13,1.01854865e-13,8.555157705e-14,1.043812325e-13,1.354531925e-13,1.715838294e-13,1.863425683e-13,3.08025654e-13,1.941683142e-13,4.045640803e-13,2.982118406e-13,3.018543699e-13,9.111238615e-14,2.048203128e-13,1.792940215e-13,4.041263745e-13,3.46140084e-13,7.21945045e-14,3.06173239e-14,1.457231458e-13,4.492235946e-14,1.901823355e-13,4.653162289e-13,3.097091234e-13,7.339023452e-13,5.093146921e-14,2.764599295e-13,5.026402674e-14
105.75,4.147664252e-13,4.155379715e-13,6.755849959e-13,3.29971034e-13,4.442126635e-13,1.013784726e-13,8.578932763e-14,1.053546998e-13,1.365439643e-13,1.708823504e-13,1.867267836e-13,3.07910773e-13,1.922521593e-13,4.065017324e-13,2.987759678e-13,3.039381807e-13,9.135123075e-14,2.044852797e-13,1.769215378e-13,4.015428345e-13,3.441768676e-13,7.223250199e-14,3.066220398e-14,1.457544723e-13,4.550753865e-14,1.893657649e-13,4.660440884e-13,3.068351226e-13,7.315923598e-13,5.095727722e-14,2.765138345e-13,5.029845109e-14
105.7578125,4.073943841e-13,4.113439874e-13,6.732764924e-13,3.26883792e-13,4.454350972e-13,1.009419554e-13,8.613017239e-14,1.063100344e-13,1.376243843e-13,1.700722882e-13,1.871518523e-13,3.077266256e-13,1.903363602e-13,4.084845386e-13,2.994698044e-13,3.062561893e-13,9.16872698e-14,2.042605689e-13,1.745951721e-13,3.989394108e-13,3.422202365e-13,7.228575439e-14,3.070972026e-14,1.456661065e-13,4.614003574e-14,1.885184532e-13,4.666346009e-13,3.040256561e-13,7.294745562e-13,5.095798959e-14,2.765885471e-13,5.032120261e-14
105.765625,4.002825673e-13,4.074922214e-13,6.70990131e-13,3.235812076e-13,4.46759432e-13,1.004569447e-13,8.646734888e-14,1.072458292e-13,1.386808692e-13,1.693222378e-13,1.875310274e-13,3.074637385e-13,1.883321867e-13,4.103637549e-13,3.001262781e-13,3.08697063e-13,9.202648057e-14,2.041265115e-13,1.722829326e-13,3.964586103e-13,3.402325199e-13,7.234463122e-14,3.07663096e-14,1.45483623e-13,4.674531264e-14,1.877036673e-13,4.672332176e-13,3.012932174e-13,7.275599051e-13,5.095940499e-14,2.76633815e-13,5.035920424e-14
105.7734375,3.936179347e-13,4.038212014e-13,6.685659092e-13,3.205006431e-13,4.480729695e-13,9.998731831e-14,8.682643174e-14,1.08194165e-13,1.397239245e-13,1.685655854e-13,1.877511611e-13,3.070369126e-13,1.863038101e-13,4.120900339e-13,3.007844025e-13,3.111201178e-13,9.237626065e-14,2.039514436e-13,1.699976772e-13,3.941424773e-13,3.382446316e-13,7.240416799e-14,3.083963086e-14,1.452950242e-13,4.731678678e-14,1.868795687e-13,4.677307878e-13,2.986667241e-13,7.2545105e-13,5.094992668e-14,2.765017186e-13,5.043779932e-14
105.78125,3.87151373e-13,4.002150895e-13,6.659942074e-13,3.175828697e-13,4.49154965e-13,9.958928547e-14,8.730350168e-14,1.091537363e-13,1.40739589e-13,1.677162514e-13,1.878832952e-13,3.064234834e-13,1.843218304e-13,4.136247352e-13,3.015890558e-13,3.135877795e-13,9.280255366e-14,2.03707116e-13,1.677279068e-13,3.918649903e-13,3.36380273e-13,7.244489747e-14,3.091889101e-14,1.451033004e-13,4.792154417e-14,1.860104629e-13,4.679875416e-13,2.961602945e-13,7.232712546e-13,5.092236095e-14,2.76211178e-13,5.052352673e-14
105.7890625,3.810150287e-13,3.967817503e-13,6.631823861e-13,3.146882276e-13,4.503365862e-13,9.921230444e-14,8.785236143e-14,1.101141093e-13,1.417791318e-13,1.669043862e-13,1.879913909e-13,3.05755178e-13,1.824562975e-13,4.151703931e-13,3.024051635e-13,3.159671258e-13,9.319736603e-14,2.034771794e-13,1.65516691e-13,3.897220714e-13,3.346589334e-13,7.249354228e-14,3.101565943e-14,1.449029431e-13,4.856262081e-14,1.850885832e-13,4.680572759e-13,2.938515587e-13,7.212077837e-13,5.0859037e-14,2.758824811e-13,5.059330057e-14
105.796875,3.75223016e-13,3.935490313e-13,6.599592561e-13,3.118738703e-13,4.51890663e-13,9.885070873e-14,8.844074554e-14,1.110933327e-13,1.428838368e-13,1.661368179e-13,1.879828676e-13,3.05073714e-13,1.807132649e-13,4.169007605e-13,3.032172341e-13,3.183141916e-13,9.352408136e-14,2.033102703e-13,1.634129587e-13,3.877016089e-13,3.329968205e-13,7.259273291e-14,3.115913002e-14,1.447095122e-13,4.922028812e-14,1.840951901e-13,4.680163901e-13,2.917779784e-13,7.19065805e-13,5.074403733e-14,2.755810633e-13,5.068799643e-14
105.8046875,3.694117202e-13,3.903707808e-13,6.566693043e-13,3.091268082e-13,4.532931744e-13,9.852939079e-14,8.911954327e-14,1.120662707e-13,1.439635128e-13,1.65293761e-13,1.878439565e-13,3.042825036e-13,1.789309337e-13,4.185130444e-13,3.042075635e-13,3.208986314e-13,9.393211852e-14,2.032151611e-13,1.61303114e-13,3.855345135e-13,3.313185303e-13,7.270039502e-14,3.132236633e-14,1.444590039e-13,4.990389403e-14,1.830621244e-13,4.678765393e-13,2.897884007e-13,7.168329923e-13,5.06150963e-14,2.752681281e-13,5.083110918e-14
105.8125,3.637881418e-13,3.872857089e-13,6.536813777e-13,3.063718594e-13,4.543637522e-13,9.823037728e-14,8.984178554e-14,1.129961047e-13,1.449757832e-13,1.643989271e-13,1.877165738e-13,3.033751824e-13,1.770192729e-13,4.198556642e-13,3.052216762e-13,3.234046189e-13,9.439188327e-14,2.031239958e-13,1.591136711e-13,3.833935444e-13,3.29602942e-13,7.277408683e-14,3.146531798e-14,1.441157958e-13,5.05747412e-14,1.820056401e-13,4.676274365e-13,2.877536374e-13,7.146192178e-13,5.049842622e-14,2.748122178e-13,5.097383473e-14
105.8203125,3.587004752e-13,3.845454606e-13,6.507406127e-13,3.035628624e-13,4.557094536e-13,9.795563882e-14,9.053909677e-14,1.139233848e-13,1.460255369e-13,1.635264381e-13,1.876441951e-13,3.024283848e-13,1.751178099e-13,4.212629098e-13,3.060634286e-13,3.255053018e-13,9.476343912e-14,2.029722367e-13,1.569957655e-13,3.8169447e-13,3.279509396e-13,7.286328579e-14,3.161666212e-14,1.437765594e-13,5.119388012e-14,1.808819298e-13,4.672648218e-13,2.85807002e-13,7.12385625e-13,5.037825864e-14,2.742046953e-13,5.107877893e-14
105.828125,3.538131736e-13,3.822424759e-13,6.475970085e-13,3.007192426e-13,4.574171139e-13,9.769127071e-14,9.126351444e-14,1.148808506e-13,1.471710682e-13,1.627139444e-13,1.875611306e-13,3.014697664e-13,1.733203154e-13,4.227944264e-13,3.069103963e-13,3.275746235e-13,9.512126371e-14,2.028461245e-13,1.550251222e-13,3.802379252e-13,3.264334406e-13,7.300609744e-14,3.181484925e-14,1.434719031e-13,5.18104075e-14,1.797152078e-13,4.668109057e-13,2.841503626e-13,7.101480716e-13,5.02617961e-14,2.736114399e-13,5.118709053e-14
105.8359375,3.489109436e-13,3.802045813e-13,6.443835803e-13,2.979452516e-13,4.589925806e-13,9.739199112e-14,9.207025764e-14,1.158304105e-13,1.483520318e-13,1.619818874e-13,1.874522067e-13,3.004911394e-13,1.715465422e-13,4.242068632e-13,3.078717598e-13,3.298017876e-13,9.556754661e-14,2.028019475e-13,1.530641758e-13,3.786564097e-13,3.249234692e-13,7.316255669e-14,3.205518274e-14,1.431073719e-13,5.247844979e-14,1.785763266e-13,4.662387607e-13,2.827357416e-13,7.078435755e-13,5.01575889e-14,2.73036875e-13,5.134094086e-14
105.84375,3.441828638e-13,3.780547379e-13,6.412413012e-13,2.95106406e-13,4.603355484e-13,9.710716283e-14,9.29457758e-14,1.167387498e-13,1.49478057e-13,1.612260458e-13,1.872843634e-13,2.994254424e-13,1.697333192e-13,4.254895959e-13,3.088630674e-13,3.319597641e-13,9.608318444e-14,2.027695438e-13,1.51021223e-13,3.770384552e-13,3.233139738e-13,7.327737002e-14,3.23200552e-14,1.426715294e-13,5.31869742e-14,1.774463451e-13,4.654705719e-13,2.812410474e-13,7.05417366e-13,5.004334377e-14,2.723061396e-13,5.150695026e-14
105.8515625,3.396041336e-13,3.755823829e-13,6.381974843e-13,2.919549311e-13,4.615999261e-13,9.690423963e-14,9.387402611e-14,1.176024341e-13,1.505004934e-13,1.603322161e-13,1.870371961e-13,2.981622059e-13,1.679098691e-13,4.266356981e-13,3.098824141e-13,3.340265257e-13,9.664865797e-14,2.027181941e-13,1.489357929e-13,3.75426457e-13,3.216424192e-13,7.333702018e-14,3.258087071e-14,1.422237575e-13,5.390375492e-14,1.762470644e-13,4.645038563e-13,2.795290913e-13,7.031007401e-13,4.991030933e-14,2.713989841e-13,5.164671992e-14
105.859375,3.353045369e-13,3.732761677e-13,6.35112563e-13,2.888920088e-13,4.629009471e-13,9.673130813e-14,9.485721789e-14,1.18446665e-13,1.514884754e-13,1.594069194e-13,1.867893022e-13,2.967349081e-13,1.661416792e-13,4.27616447e-13,3.109576484e-13,3.360382156e-13,9.718830981e-14,2.026220534e-13,1.468970532e-13,3.73848523e-13,3.199879395e-13,7.339000705e-14,3.281735406e-14,1.417475965e-13,5.461079935e-14,1.749721328e-13,4.63384014e-13,2.780175723e-13,7.00904361e-13,4.976549128e-14,2.704264187e-13,5.178994079e-14
105.8671875,3.316601715e-13,3.716613978e-13,6.318607561e-13,2.864613041e-13,4.644600061e-13,9.655650948e-14,9.589038611e-14,1.193215197e-13,1.525657638e-13,1.585933692e-13,1.865184092e-13,2.953428412e-13,1.644632181e-13,4.287253868e-13,3.121625084e-13,3.380724932e-13,9.765717768e-14,2.024867505e-13,1.449908353e-13,3.727440192e-13,3.18504994e-13,7.349564965e-14,3.304763942e-14,1.412240063e-13,5.530671109e-14,1.737284052e-13,4.621584429e-13,2.770342723e-13,6.985732679e-13,4.961518888e-14,2.694504177e-13,5.197427497e-14
105.875,3.284399472e-13,3.703760624e-13,6.286972e-13,2.842392289e-13,4.662805005e-13,9.643822237e-14,9.694169048e-14,1.202249943e-13,1.537469923e-13,1.57829917e-13,1.861480302e-13,2.941033717e-13,1.628085415e-13,4.301118219e-13,3.135156851e-13,3.40280949e-13,9.821588062e-14,2.024639289e-13,1.431875622e-13,3.721861561e-13,3.172473879e-13,7.364674815e-14,3.328657893e-14,1.407048077e-13,5.599620121e-14,1.725683613e-13,4.60923873e-13,2.762579473e-13,6.962277593e-13,4.947562111e-14,2.68511746e-13,5.218772899e-14
105.8828125,3.250710744e-13,3.689768768e-13,6.257437607e-13,2.81664144e-13,4.680494694e-13,9.638822474e-14,9.800432669e-14,1.211029272e-13,1.549555763e-13,1.570266265e-13,1.857782117e-13,2.929095942e-13,1.611151539e-13,4.314283774e-13,3.147998015e-13,3.424823143e-13,9.897591597e-14,2.026128516e-13,1.413764382e-13,3.71595925e-13,3.1595375e-13,7.380318187e-14,3.353802627e-14,1.402257297e-13,5.669023413e-14,1.713541015e-13,4.596963786e-13,2.754272954e-13,6.940079435e-13,4.934219608e-14,2.676217946e-13,5.240100448e-14
105.890625,3.216066506e-13,3.676812601e-13,6.225997089e-13,2.789856871e-13,4.696480038e-13,9.636721732e-14,9.913786925e-14,1.219230347e-13,1.561164307e-13,1.562215385e-13,1.854651542e-13,2.91579794e-13,1.59440383e-13,4.324487207e-13,3.159665475e-13,3.445381576e-13,9.982662933e-14,2.028278866e-13,1.395322989e-13,3.708144994e-13,3.144482471e-13,7.395085407e-14,3.382192384e-14,1.397591223e-13,5.7404702e-14,1.69982879e-13,4.583505042e-13,2.746716019e-13,6.91721501e-13,4.917599332e-14,2.667331684e-13,5.259463522e-14
105.8984375,3.184347901e-13,3.665670742e-13,6.191647026e-13,2.763240173e-13,4.712204333e-13,9.633813388e-14,1.003544648e-13,1.226745869e-13,1.571824555e-13,1.554058798e-13,1.851608262e-13,2.900842625e-13,1.578064694e-13,4.333125542e-13,3.171868957e-13,3.466239081e-13,1.006545151e-13,2.0308765e-13,1.37672112e-13,3.701175465e-13,3.12914912e-13,7.40757582e-14,3.412737133e-14,1.3924903e-13,5.811850151e-14,1.685480134e-13,4.56845861e-13,2.739285419e-13,6.894190065e-13,4.896218463e-14,2.657826022e-13,5.276088367e-14
105.90625,3.155668156e-13,3.653477988e-13,6.158512906e-13,2.734541676e-13,4.728877223e-13,9.62731013e-14,1.015880522e-13,1.233949765e-13,1.581917374e-13,1.544983976e-13,1.849506666e-13,2.885424698e-13,1.561538682e-13,4.341048811e-13,3.183787908e-13,3.486906842e-13,1.014334682e-13,2.033915806e-13,1.35788818e-13,3.695091491e-13,3.115001007e-13,7.416557504e-14,3.441276614e-14,1.386770312e-13,5.879380453e-14,1.671249826e-13,4.552718268e-13,2.731079196e-13,6.87277845e-13,4.873674169e-14,2.647352251e-13,5.291885582e-14
105.9140625,3.129048632e-13,3.6407785e-13,6.127902756e-13,2.706043271e-13,4.747000098e-13,9.621268999e-14,1.028451525e-13,1.24157536e-13,1.592307076e-13,1.535759121e-13,1.848338567e-13,2.870258263e-13,1.545290381e-13,4.348183622e-13,3.194852335e-13,3.507188009e-13,1.021816133e-13,2.036790124e-13,1.339293884e-13,3.690923539e-13,3.101655574e-13,7.424964834e-14,3.46806346e-14,1.380968254e-13,5.945115304e-14,1.657067807e-13,4.536596941e-13,2.724296648e-13,6.851711412e-13,4.853975047e-14,2.636665619e-13,5.310242647e-14
105.921875,3.105827095e-13,3.630623613e-13,6.098007956e-13,2.678863087e-13,4.765889954e-13,9.619851023e-14,1.041878228e-13,1.249274515e-13,1.602918482e-13,1.527839929e-13,1.846521628e-13,2.854908405e-13,1.529802902e-13,4.354943295e-13,3.206240942e-13,3.528709823e-13,1.029419836e-13,2.039567643e-13,1.321310898e-13,3.690594164e-13,3.08896793e-13,7.435693445e-14,3.496038226e-14,1.375407e-13,6.012054467e-14,1.642864074e-13,4.519454845e-13,2.719727255e-13,6.830452638e-13,4.836216037e-14,2.626751461e-13,5.330695776e-14
105.9296875,3.085428624e-13,3.622714992e-13,6.06815767e-13,2.649670066e-13,4.783795883e-13,9.617768378e-14,1.055970605e-13,1.2560605e-13,1.613018528e-13,1.520430139e-13,1.844089831e-13,2.838744771e-13,1.513961248e-13,4.361151833e-13,3.216646139e-13,3.548931464e-13,1.037141584e-13,2.04211055e-13,1.303399644e-13,3.690789857e-13,3.076505506e-13,7.445857161e-14,3.524815866e-14,1.369601614e-13,6.077645099e-14,1.62772326e-13,4.500518538e-13,2.715699551e-13,6.80946616e-13,4.814905178e-14,2.616891568e-13,5.348094347e-14
105.9375,3.064648863e-13,3.613969415e-13,6.0382713e-13,2.619980725e-13,4.800130341e-13,9.614615404e-14,1.070175905e-13,1.261934538e-13,1.622343052e-13,1.511937118e-13,1.841338362e-13,2.82159677e-13,1.497595392e-13,4.366549334e-13,3.226035004e-13,3.566311024e-13,1.044867841e-13,2.043668158e-13,1.285423224e-13,3.688084249e-13,3.063712571e-13,7.45180646e-14,3.55204462e-14,1.363330955e-13,6.140042689e-14,1.610943152e-13,4.479852372e-13,2.71139423e-13,6.787527208e-13,4.787478412e-14,2.606266796e-13,5.360006658e-14
105.9453125,3.043919685e-13,3.604816548e-13,6.008442846e-13,2.592829296e-13,4.815845459e-13,9.617582441e-14,1.084462022e-13,1.267120073e-13,1.63095666e-13,1.502792993e-13,1.838177082e-13,2.803884785e-13,1.482053609e-13,4.371584251e-13,3.237423827e-13,3.584456577e-13,1.052757618e-13,2.044257088e-13,1.268027177e-13,3.683845816e-13,3.051417576e-13,7.455409259e-14,3.577300754e-14,1.356940426e-13,6.200863941e-14,1.59364027e-13,4.458476009e-13,2.707357068e-13,6.765210922e-13,4.758845049e-14,2.595487959e-13,5.370354101e-14
105.953125,3.026440638e-13,3.599452283e-13,5.97946264e-13,2.565073168e-13,4.831241059e-13,9.62472001e-14,1.09910378e-13,1.27171056e-13,1.638980187e-13,1.494132936e-13,1.83617088e-13,2.785946689e-13,1.466856972e-13,4.375629285e-13,3.2500883e-13,3.60368557e-13,1.060925696e-13,2.044393832e-13,1.251262703e-13,3.679916838e-13,3.039949916e-13,7.459081702e-14,3.602865135e-14,1.350386811e-13,6.261396383e-14,1.576720269e-13,4.436655217e-13,2.70482305e-13,6.744760384e-13,4.733737263e-14,2.584501537e-13,5.38245515e-14
105.9609375,3.012013869e-13,3.596848437e-13,5.952010016e-13,2.535093537e-13,4.845217144e-13,9.631625367e-14,1.114056739e-13,1.276464473e-13,1.646628839e-13,1.486058033e-13,1.835202157e-13,2.76730572e-13,1.450443916e-13,4.377482447e-13,3.262001077e-13,3.622293155e-13,1.070105943e-13,2.044885533e-13,1.234609427e-13,3.677797669e-13,3.028071127e-13,7.461275242e-14,3.629746282e-14,1.343203839e-13,6.321750207e-14,1.560014747e-13,4.413820546e-13,2.703484888e-13,6.725790753e-13,4.709702007e-14,2.57276963e-13,5.395213321e-14
105.96875,2.998565265e-13,3.592019685e-13,5.925651515e-13,2.505705845e-13,4.85721243e-13,9.639466447e-14,1.128743421e-13,1.281222659e-13,1.653933939e-13,1.478381629e-13,1.833097715e-13,2.747626112e-13,1.433201581e-13,4.377975509e-13,3.274100584e-13,3.641446416e-13,1.080626059e-13,2.046375867e-13,1.217979642e-13,3.67772311e-13,3.015600166e-13,7.462175783e-14,3.656526094e-14,1.335064094e-13,6.379339328e-14,1.543386945e-13,4.390373317e-13,2.70172138e-13,6.706907159e-13,4.683589481e-14,2.560926486e-13,5.407540118e-14
105.9765625,2.985272901e-13,3.586702011e-13,5.898371589e-13,2.477103356e-13,4.868448704e-13,9.646100701e-14,1.143117868e-13,1.284630903e-13,1.660803298e-13,1.470942088e-13,1.830635781e-13,2.727347434e-13,1.416101862e-13,4.378451999e-13,3.285446219e-13,3.659724657e-13,1.090766396e-13,2.0479178e-13,1.201507716e-13,3.677060206e-13,3.003392558e-13,7.464297716e-14,3.684947587e-14,1.326255405e-13,6.431492288e-14,1.525932031e-13,4.366605591e-13,2.70058528e-13,6.687391461e-13,4.657084946e-14,2.549064781e-13,5.419535495e-14
105.984375,2.971980552e-13,3.583769344e-13,5.869767466e-13,2.448778988e-13,4.879997231e-13,9.65337272e-14,1.158079189e-13,1.286963065e-13,1.667265621e-13,1.463364801e-13,1.829224245e-13,2.706777111e-13,1.399247412e-13,4.378278429e-13,3.295113273e-13,3.675209263e-13,1.099491109e-13,2.04862645e-13,1.185042669e-13,3.676889795e-13,2.99128708e-13,7.465766647e-14,3.716777188e-14,1.317945818e-13,6.480764188e-14,1.507099221e-13,4.341373737e-13,2.700860588e-13,6.666265895e-13,4.630767675e-14,2.53644254e-13,5.431299538e-14
105.9921875,2.960606236e-13,3.579436715e-13,5.84303364e-13,2.422177968e-13,4.891399103e-13,9.667027392e-14,1.173670515e-13,1.289390582e-13,1.673320811e-13,1.455667352e-13,1.828178674e-13,2.686129488e-13,1.38282937e-13,4.376572062e-13,3.305519856e-13,3.690476749e-13,1.108180737e-13,2.049210624e-13,1.168475172e-13,3.681290589e-13,2.979068974e-13,7.463084894e-14,3.747127814e-14,1.310697902e-13,6.52947878e-14,1.488504284e-13,4.314347145e-13,2.700078387e-13,6.644254363e-13,4.602785035e-14,2.523251425e-13,5.443613828e-14
106,2.953459642e-13,3.573148113e-13,5.819172628e-13,2.396103082e-13,4.902076643e-13,9.67932227e-14,1.18890753e-13,1.29119913e-13,1.678766119e-13,1.448304532e-13,1.827931257e-13,2.665448724e-13,1.366497504e-13,4.373356866e-13,3.316153334e-13,3.706584706e-13,1.117846086e-13,2.050044114e-13,1.15185961e-13,3.687979642e-13,2.966804998e-13,7.456229518e-14,3.773370868e-14,1.303132978e-13,6.575687189e-14,1.470917244e-13,4.286795484e-13,2.698494149e-13,6.623501736e-13,4.574249838e-14,2.509681707e-13,5.455721774e-14
106.0078125,2.948409815e-13,3.568917532e-13,5.795748779e-13,2.36845984e-13,4.911379338e-13,9.684600619e-14,1.203750418e-13,1.291326997e-13,1.68318934e-13,1.441414124e-13,1.828544055e-13,2.643842868e-13,1.349515752e-13,4.368304747e-13,3.324752479e-13,3.722201889e-13,1.128577297e-13,2.051092274e-13,1.135078986e-13,3.692767213e-13,2.953680665e-13,7.445693299e-14,3.800390772e-14,1.294171417e-13,6.619205238e-14,1.453074508e-13,4.259487279e-13,2.698333467e-13,6.603996883e-13,4.546375457e-14,2.495759666e-13,5.465105464e-14
106.015625,2.942314438e-13,3.56602644e-13,5.772646027e-13,2.340853659e-13,4.918418297e-13,9.694449301e-14,1.218692928e-13,1.290365644e-13,1.686538511e-13,1.434891292e-13,1.828756351e-13,2.621162984e-13,1.332751538e-13,4.361772747e-13,3.333013778e-13,3.737403818e-13,1.140304302e-13,2.052440706e-13,1.118283301e-13,3.696520064e-13,2.93987899e-13,7.43324333e-14,3.830751578e-14,1.284967697e-13,6.660730228e-14,1.434668407e-13,4.232122958e-13,2.698527731e-13,6.583663444e-13,4.51797325e-14,2.48242979e-13,5.471720632e-14
106.0234375,2.936233746e-13,3.563798563e-13,5.74970024e-13,2.314721772e-13,4.924563088e-13,9.71099896e-14,1.233499226e-13,1.289325722e-13,1.689614749e-13,1.428904107e-13,1.829818714e-13,2.598758295e-13,1.317164849e-13,4.355455796e-13,3.341582143e-13,3.750838445e-13,1.151637599e-13,2.05303432e-13,1.102212433e-13,3.700556446e-13,2.927125683e-13,7.422556162e-14,3.863346127e-14,1.276584608e-13,6.69800954e-14,1.41569622e-13,4.203592769e-13,2.699186743e-13,6.560680228e-13,4.490838108e-14,2.469573681e-13,5.477517847e-14
106.03125,2.932100575e-13,3.563955458e-13,5.724935631e-13,2.288267337e-13,4.931643515e-13,9.723240651e-14,1.248111334e-13,1.288524381e-13,1.692770992e-13,1.423338726e-13,1.832595614e-13,2.576521057e-13,1.30164453e-13,4.349230149e-13,3.348627208e-13,3.761821882e-13,1.161741388e-13,2.05251284e-13,1.086845839e-13,3.705754868e-13,2.915315981e-13,7.411518024e-14,3.897614944e-14,1.268228279e-13,6.731435017e-14,1.39559001e-13,4.172666824e-13,2.70169061e-13,6.535427626e-13,4.466718164e-14,2.455673892e-13,5.483608238e-14
106.0390625,2.929694277e-13,3.563182681e-13,5.701100431e-13,2.260864422e-13,4.937309107e-13,9.732397695e-14,1.262895965e-13,1.287648356e-13,1.695140932e-13,1.417587084e-13,1.834903541e-13,2.553175868e-13,1.285445337e-13,4.340867626e-13,3.355285865e-13,3.774151555e-13,1.172644675e-13,2.052581224e-13,1.070967425e-13,3.713173389e-13,2.902980026e-13,7.394612361e-14,3.931633439e-14,1.259126401e-13,6.76569303e-14,1.375674983e-13,4.140417099e-13,2.703506747e-13,6.510420274e-13,4.441408479e-14,2.440713658e-13,5.491060587e-14
106.046875,2.928981731e-13,3.558784843e-13,5.681415229e-13,2.2347972e-13,4.939395553e-13,9.745560139e-14,1.277788448e-13,1.28625097e-13,1.696624056e-13,1.411830377e-13,1.836555741e-13,2.529290042e-13,1.269626364e-13,4.330238651e-13,3.363054125e-13,3.789854292e-13,1.185723023e-13,2.053643052e-13,1.054351975e-13,3.721268608e-13,2.890200455e-13,7.374106328e-14,3.964262961e-14,1.249729876e-13,6.801500039e-14,1.357376108e-13,4.109323551e-13,2.703618618e-13,6.485956308e-13,4.411455106e-14,2.425568208e-13,5.501228686e-14
106.0546875,2.930668757e-13,3.553889147e-13,5.661614305e-13,2.21042071e-13,4.940986752e-13,9.761595105e-14,1.29266324e-13,1.284404227e-13,1.698159384e-13,1.406635303e-13,1.839062913e-13,2.505491923e-13,1.2544606e-13,4.319298503e-13,3.370354011e-13,3.805795683e-13,1.199042952e-13,2.053982068e-13,1.038188278e-13,3.730154182e-13,2.877329634e-13,7.355151081e-14,3.995828591e-14,1.240618616e-13,6.832772085e-14,1.339074371e-13,4.078772411e-13,2.704533914e-13,6.459534265e-13,4.378550125e-14,2.410064133e-13,5.513997676e-14
106.0625,2.933696557e-13,3.549090523e-13,5.638688651e-13,2.185080996e-13,4.943867432e-13,9.777910469e-14,1.307586867e-13,1.282244423e-13,1.699404444e-13,1.401367228e-13,1.842062637e-13,2.480824045e-13,1.238973233e-13,4.308318859e-13,3.375722659e-13,3.81883225e-13,1.211078227e-13,2.052759626e-13,1.022585437e-13,3.741455477e-13,2.864278539e-13,7.336058639e-14,4.025539397e-14,1.231967422e-13,6.855894201e-14,1.319152395e-13,4.046300459e-13,2.705464116e-13,6.431371304e-13,4.345250088e-14,2.394466752e-13,5.526041922e-14
106.0703125,2.93593463e-13,3.543544828e-13,5.616603555e-13,2.15830246e-13,4.94508939e-13,9.792793175e-14,1.322314695e-13,1.279588987e-13,1.699516974e-13,1.395803017e-13,1.845669319e-13,2.455574725e-13,1.223000457e-13,4.296456843e-13,3.379300018e-13,3.828595803e-13,1.223066414e-13,2.051008122e-13,1.006620606e-13,3.751716764e-13,2.851682025e-13,7.314715674e-14,4.055909054e-14,1.223787659e-13,6.875270622e-14,1.29848423e-13,4.012814388e-13,2.705197139e-13,6.403751445e-13,4.31402758e-14,2.379980449e-13,5.534029446e-14
106.078125,2.938314262e-13,3.539427069e-13,5.59703031e-13,2.131960061e-13,4.943754653e-13,9.805449207e-14,1.336471841e-13,1.2763678e-13,1.698937678e-13,1.391064008e-13,1.850746761e-13,2.430825577e-13,1.206951687e-13,4.283660841e-13,3.381832621e-13,3.836509834e-13,1.23585836e-13,2.050501034e-13,9.905148606e-14,3.758792312e-13,2.838934748e-13,7.292926474e-14,4.08936205e-14,1.215597678e-13,6.89306681e-14,1.278052982e-13,3.980640048e-13,2.705588626e-13,6.376428405e-13,4.285178867e-14,2.366502304e-13,5.540451302e-14
106.0859375,2.943563949e-13,3.53460663e-13,5.577317861e-13,2.105729995e-13,4.941596807e-13,9.816745885e-14,1.349860055e-13,1.272230076e-13,1.697659418e-13,1.386857773e-13,1.856829938e-13,2.405639925e-13,1.190702404e-13,4.269218377e-13,3.383653995e-13,3.844010108e-13,1.248765808e-13,2.051726986e-13,9.747318509e-14,3.766409063e-13,2.824148644e-13,7.268757324e-14,4.120301937e-14,1.206693772e-13,6.904297465e-14,1.2577845e-13,3.948701594e-13,2.705780438e-13,6.348560298e-13,4.255085966e-14,2.352353341e-13,5.548017338e-14
106.09375,2.950773653e-13,3.525570898e-13,5.55676275e-13,2.078640198e-13,4.938133533e-13,9.823805446e-14,1.36246711e-13,1.266941705e-13,1.695054427e-13,1.382105426e-13,1.863565997e-13,2.379292946e-13,1.174241951e-13,4.25238957e-13,3.38399349e-13,3.851381543e-13,1.262132387e-13,2.052904083e-13,9.586952407e-14,3.775066782e-13,2.807827689e-13,7.238786688e-14,4.145385814e-14,1.197481423e-13,6.908291767e-14,1.237560202e-13,3.915384039e-13,2.7037511e-13,6.320701439e-13,4.222574129e-14,2.336920023e-13,5.553605853e-14
106.1015625,2.95740662e-13,3.51738945e-13,5.536722275e-13,2.051942225e-13,4.931896724e-13,9.827192934e-14,1.374567776e-13,1.261403608e-13,1.691903045e-13,1.377699946e-13,1.870885483e-13,2.353178038e-13,1.157925424e-13,4.234578757e-13,3.382874493e-13,3.858264236e-13,1.276229672e-13,2.05221399e-13,9.427174825e-14,3.782266399e-13,2.792069569e-13,7.206814136e-14,4.169819526e-14,1.189106947e-13,6.908925408e-14,1.217366335e-13,3.882261381e-13,2.701679716e-13,6.292772144e-13,4.190166556e-14,2.321741898e-13,5.557064343e-14
106.109375,2.963496023e-13,3.514380642e-13,5.51808604e-13,2.026738969e-13,4.922257395e-13,9.836338209e-14,1.386322554e-13,1.255904027e-13,1.688636358e-13,1.374240647e-13,1.878213214e-13,2.327826172e-13,1.141694776e-13,4.216608133e-13,3.381462921e-13,3.863934021e-13,1.289399739e-13,2.049780729e-13,9.281282576e-14,3.788092147e-13,2.777159258e-13,7.176463785e-14,4.196209538e-14,1.181484443e-13,6.905071026e-14,1.196864055e-13,3.850514822e-13,2.701325869e-13,6.264080288e-13,4.158250267e-14,2.30773472e-13,5.560819941e-14
106.1171875,2.969368718e-13,3.510804076e-13,5.500638768e-13,2.002861466e-13,4.909282378e-13,9.851356162e-14,1.397371463e-13,1.249307813e-13,1.684015849e-13,1.37062791e-13,1.885732757e-13,2.301989453e-13,1.125224614e-13,4.196799637e-13,3.379745967e-13,3.868532933e-13,1.301674263e-13,2.047128047e-13,9.144140039e-14,3.792554376e-13,2.761966064e-13,7.143383681e-14,4.22314819e-14,1.173765654e-13,6.896015746e-14,1.175730113e-13,3.818714731e-13,2.700552748e-13,6.234340202e-13,4.125394073e-14,2.293766433e-13,5.561964704e-14
106.125,2.975639874e-13,3.502144429e-13,5.483684463e-13,1.979436087e-13,4.894650904e-13,9.860469027e-14,1.407522763e-13,1.241830762e-13,1.678176854e-13,1.366775551e-13,1.89411775e-13,2.275198989e-13,1.108444634e-13,4.17463312e-13,3.377512121e-13,3.874232837e-13,1.315389311e-13,2.045602866e-13,8.998238129e-14,3.796527e-13,2.745722303e-13,7.105271505e-14,4.249914352e-14,1.166128084e-13,6.885471006e-14,1.154677261e-13,3.786481909e-13,2.6976986e-13,6.204043366e-13,4.090678043e-14,2.279561412e-13,5.562260715e-14
106.1328125,2.984265503e-13,3.491965088e-13,5.467447043e-13,1.954937925e-13,4.879386749e-13,9.86367643e-14,1.417379761e-13,1.234821772e-13,1.672574439e-13,1.363175599e-13,1.903547177e-13,2.248093146e-13,1.091394331e-13,4.151521365e-13,3.375406948e-13,3.882288246e-13,1.330783777e-13,2.044739881e-13,8.844090538e-14,3.80234097e-13,2.728864365e-13,7.066039196e-14,4.274536628e-14,1.158757888e-13,6.87458976e-14,1.134612849e-13,3.754965308e-13,2.69399908e-13,6.174230443e-13,4.054437597e-14,2.265985576e-13,5.567183592e-14
106.140625,2.994029091e-13,3.482549713e-13,5.45193248e-13,1.929752408e-13,4.862294993e-13,9.873069543e-14,1.427412159e-13,1.227941039e-13,1.666902075e-13,1.359276181e-13,1.913475465e-13,2.220950001e-13,1.07422852e-13,4.12741907e-13,3.373060258e-13,3.891579582e-13,1.3470889e-13,2.043449729e-13,8.692472496e-14,3.8095492e-13,2.712252714e-13,7.026208078e-14,4.296766051e-14,1.151082175e-13,6.86239863e-14,1.114700432e-13,3.723986649e-13,2.690602557e-13,6.144145226e-13,4.018565522e-14,2.252330353e-13,5.570848807e-14
106.1484375,3.001857521e-13,3.470658642e-13,5.436351269e-13,1.905693557e-13,4.843204262e-13,9.888691885e-14,1.436991181e-13,1.220462017e-13,1.660306059e-13,1.355067796e-13,1.922644308e-13,2.193731013e-13,1.05727096e-13,4.101237457e-13,3.369771871e-13,3.901314815e-13,1.364689713e-13,2.042449265e-13,8.542454529e-14,3.817821725e-13,2.6953611e-13,6.983475387e-14,4.318617672e-14,1.143626839e-13,6.847820567e-14,1.094090131e-13,3.69296107e-13,2.685759213e-13,6.112595798e-13,3.982384423e-14,2.238280001e-13,5.56998469e-14
106.15625,3.0090924e-13,3.454452062e-13,5.421141265e-13,1.881887906e-13,4.823001933e-13,9.897712668e-14,1.445558278e-13,1.212979653e-13,1.653264623e-13,1.35123775e-13,1.931252154e-13,2.16667972e-13,1.040750703e-13,4.073795777e-13,3.36598756e-13,3.911115533e-13,1.382610769e-13,2.042573376e-13,8.389953529e-14,3.827323182e-13,2.677641331e-13,6.938954539e-14,4.339016123e-14,1.137378549e-13,6.829286657e-14,1.073922081e-13,3.662168018e-13,2.678173323e-13,6.081565075e-13,3.943515487e-14,2.225687032e-13,5.573389865e-14
106.1640625,3.018401645e-13,3.436935488e-13,5.406790459e-13,1.857297743e-13,4.801598443e-13,9.900306276e-14,1.453735271e-13,1.205200975e-13,1.64564922e-13,1.347733975e-13,1.941085332e-13,2.139849748e-13,1.024879788e-13,4.04730212e-13,3.361972156e-13,3.919795307e-13,1.399893148e-13,2.043342352e-13,8.238922469e-14,3.833987583e-13,2.660079525e-13,6.89305157e-14,4.357364602e-14,1.131283557e-13,6.808323446e-14,1.054501914e-13,3.631442411e-13,2.670573544e-13,6.051781191e-13,3.904224748e-14,2.214538957e-13,5.578983918e-14
106.171875,3.028557595e-13,3.420381189e-13,5.393226438e-13,1.834011028e-13,4.778436977e-13,9.913998323e-14,1.461699015e-13,1.195496312e-13,1.63610238e-13,1.344132878e-13,1.952240066e-13,2.112744987e-13,1.009756023e-13,4.021997207e-13,3.357481339e-13,3.92654798e-13,1.417869332e-13,2.044940287e-13,8.092481289e-14,3.835650341e-13,2.642748942e-13,6.843117774e-14,4.375679855e-14,1.124004021e-13,6.784750385e-14,1.034290467e-13,3.600762893e-13,2.664041758e-13,6.020228796e-13,3.867085622e-14,2.202693233e-13,5.57630832e-14
106.1796875,3.036858175e-13,3.40235178e-13,5.381440305e-13,1.813054856e-13,4.752024202e-13,9.941692231e-14,1.46833024e-13,1.183818431e-13,1.624434166e-13,1.340355045e-13,1.964093573e-13,2.085252931e-13,9.948982464e-14,3.995408794e-13,3.352377705e-13,3.932256265e-13,1.437125492e-13,2.047547088e-13,7.947609403e-14,3.836035713e-13,2.624884427e-13,6.788371829e-14,4.393876314e-14,1.116604938e-13,6.75362946e-14,1.013296398e-13,3.57095473e-13,2.65523113e-13,5.987387351e-13,3.830764087e-14,2.190449898e-13,5.566983938e-14
106.1875,3.043518338e-13,3.3814112e-13,5.370038357e-13,1.792952984e-13,4.722291212e-13,9.962294303e-14,1.473369441e-13,1.172085555e-13,1.612357162e-13,1.336915934e-13,1.97726435e-13,2.057937645e-13,9.797041013e-14,3.966448239e-13,3.346181505e-13,3.93956909e-13,1.457496904e-13,2.050160794e-13,7.80283864e-14,3.837987882e-13,2.607163345e-13,6.731951234e-14,4.411648159e-14,1.110517386e-13,6.716695274e-14,9.928891473e-14,3.542106422e-13,2.644360145e-13,5.956299614e-13,3.795448505e-14,2.179238071e-13,5.555668496e-14
106.1953125,3.051696952e-13,3.361062267e-13,5.355450381e-13,1.77296752e-13,4.692294486e-13,9.96821455e-14,1.477907139e-13,1.161409157e-13,1.601172505e-13,1.334166747e-13,1.991230173e-13,2.03070221e-13,9.642168891e-14,3.936714308e-13,3.338865598e-13,3.950187076e-13,1.479654301e-13,2.052802658e-13,7.662309204e-14,3.841783898e-13,2.589560122e-13,6.678041505e-14,4.428714208e-14,1.105006159e-13,6.680152989e-14,9.730401955e-14,3.513957724e-13,2.635273252e-13,5.924930348e-13,3.760949756e-14,2.16822705e-13,5.544127663e-14
106.203125,3.061524414e-13,3.342333312e-13,5.339422094e-13,1.753159859e-13,4.661173335e-13,9.977183802e-14,1.482349988e-13,1.151066546e-13,1.589994819e-13,1.331168569e-13,2.004667076e-13,2.002921169e-13,9.488833006e-14,3.906063146e-13,3.331710329e-13,3.962683796e-13,1.502799677e-13,2.056112941e-13,7.527552278e-14,3.845284952e-13,2.570806497e-13,6.625581733e-14,4.441888828e-14,1.098693813e-13,6.642754869e-14,9.532904886e-14,3.486871548e-13,2.626832679e-13,5.890711572e-13,3.7239147e-14,2.156850739e-13,5.536695624e-14
106.2109375,3.069464164e-13,3.320847205e-13,5.326268882e-13,1.733813504e-13,4.625047306e-13,9.994959457e-14,1.486198567e-13,1.140174835e-13,1.57752219e-13,1.327360208e-13,2.017900134e-13,1.974997747e-13,9.339766007e-14,3.873272709e-13,3.32532568e-13,3.975616416e-13,1.526059666e-13,2.059450271e-13,7.391660048e-14,3.844976419e-13,2.551512935e-13,6.568191445e-14,4.450880606e-14,1.091920879e-13,6.602102148e-14,9.340940232e-14,3.460532525e-13,2.615514155e-13,5.855858271e-13,3.684575768e-14,2.146387248e-13,5.531245866e-14
106.21875,3.077008529e-13,3.296059674e-13,5.314660021e-13,1.715123471e-13,4.586678754e-13,1.000720065e-13,1.489201007e-13,1.128619114e-13,1.564177323e-13,1.323684263e-13,2.031684867e-13,1.947600798e-13,9.193298128e-14,3.840306637e-13,3.318191312e-13,3.988757594e-13,1.55058193e-13,2.062662458e-13,7.25050235e-14,3.84261249e-13,2.532791276e-13,6.504820524e-14,4.459623752e-14,1.085944545e-13,6.55879917e-14,9.154687175e-14,3.434634199e-13,2.602447815e-13,5.82138435e-13,3.646090906e-14,2.137041813e-13,5.522133353e-14
106.2265625,3.087375309e-13,3.272353795e-13,5.301488878e-13,1.696266964e-13,4.549266725e-13,1.00131669e-13,1.491525714e-13,1.116473381e-13,1.55069179e-13,1.320329259e-13,2.04614353e-13,1.920353454e-13,9.046942953e-14,3.808690117e-13,3.30933493e-13,4.001468186e-13,1.576302123e-13,2.066489925e-13,7.110854131e-14,3.841359924e-13,2.514089354e-13,6.440458865e-14,4.468602821e-14,1.08071014e-13,6.511095788e-14,8.966489553e-14,3.41024657e-13,2.590117939e-13,5.785402382e-13,3.609362912e-14,2.127723167e-13,5.511113331e-14
106.234375,3.096502237e-13,3.24958334e-13,5.28784682e-13,1.677464402e-13,4.509407122e-13,1.00273643e-13,1.493470003e-13,1.10406314e-13,1.536839311e-13,1.316727966e-13,2.060645002e-13,1.893004793e-13,8.903992282e-14,3.776606831e-13,3.300625826e-13,4.015035518e-13,1.602347818e-13,2.070725997e-13,6.977294319e-14,3.839917744e-13,2.495180067e-13,6.376230987e-14,4.4748038e-14,1.075427359e-13,6.459555026e-14,8.776234798e-14,3.387725857e-13,2.577976233e-13,5.74841718e-13,3.574963497e-14,2.118625985e-13,5.499029811e-14
106.2421875,3.102850149e-13,3.224100428e-13,5.276323628e-13,1.659559877e-13,4.466928312e-13,1.004949851e-13,1.494981389e-13,1.09191937e-13,1.522605204e-13,1.313062801e-13,2.073807467e-13,1.865869677e-13,8.766274659e-14,3.743509019e-13,3.293515502e-13,4.031157415e-13,1.629333403e-13,2.075013899e-13,6.844782887e-14,3.839779411e-13,2.47616074e-13,6.310963966e-14,4.477079955e-14,1.070467083e-13,6.407437949e-14,8.593810898e-14,3.366026857e-13,2.564411931e-13,5.712702452e-13,3.541652799e-14,2.1107902e-13,5.485252932e-14
106.25,3.111415919e-13,3.196568078e-13,5.266528466e-13,1.64077606e-13,4.424266878e-13,1.006704946e-13,1.495704357e-13,1.079747091e-13,1.507937669e-13,1.309228605e-13,2.085881128e-13,1.838521616e-13,8.626326092e-14,3.70981741e-13,3.286196568e-13,4.047548407e-13,1.656950157e-13,2.079354085e-13,6.710217323e-14,3.841694086e-13,2.456381093e-13,6.244548093e-14,4.478160879e-14,1.066133941e-13,6.354972932e-14,8.421894118e-14,3.344765847e-13,2.549332717e-13,5.678045205e-13,3.50610142e-14,2.103889609e-13,5.473399938e-14
106.2578125,3.120021118e-13,3.169704686e-13,5.254578655e-13,1.620884373e-13,4.377989902e-13,1.007973901e-13,1.49577097e-13,1.066895246e-13,1.492189556e-13,1.305239933e-13,2.098186743e-13,1.810334482e-13,8.482274263e-14,3.67401807e-13,3.277001457e-13,4.063086287e-13,1.684730311e-13,2.083362744e-13,6.57584662e-14,3.8385308e-13,2.436138952e-13,6.174077202e-14,4.480834657e-14,1.061318094e-13,6.30311767e-14,8.250624134e-14,3.324061632e-13,2.534244108e-13,5.641801511e-13,3.469435639e-14,2.096600251e-13,5.462043307e-14
106.265625,3.124378928e-13,3.142946697e-13,5.23855376e-13,1.603387815e-13,4.32773924e-13,1.00947447e-13,1.495378367e-13,1.053639576e-13,1.475621781e-13,1.302028034e-13,2.110031477e-13,1.781815506e-13,8.343907618e-14,3.636760597e-13,3.266808689e-13,4.080394763e-13,1.713968238e-13,2.087577346e-13,6.442686573e-14,3.829582678e-13,2.41627497e-13,6.098973093e-14,4.480728895e-14,1.055727744e-13,6.250970667e-14,8.075666113e-14,3.303670848e-13,2.519825937e-13,5.602749914e-13,3.434271385e-14,2.088765741e-13,5.447459561e-14
106.2734375,3.129864275e-13,3.114296992e-13,5.221946701e-13,1.587929511e-13,4.279294297e-13,1.011062048e-13,1.494211118e-13,1.040361122e-13,1.459177901e-13,1.299474278e-13,2.121179318e-13,1.753813698e-13,8.213681975e-14,3.601219002e-13,3.256415817e-13,4.098789717e-13,1.744356088e-13,2.093251787e-13,6.311534886e-14,3.822827965e-13,2.396211712e-13,6.024586341e-14,4.472451757e-14,1.050678563e-13,6.192372963e-14,7.902907796e-14,3.283466631e-13,2.504741328e-13,5.562934464e-13,3.399240466e-14,2.081527475e-13,5.432231905e-14
106.28125,3.13884171e-13,3.083823133e-13,5.206925018e-13,1.571324762e-13,4.231754744e-13,1.012393861e-13,1.492348012e-13,1.026751669e-13,1.44261933e-13,1.296838769e-13,2.13332289e-13,1.726255895e-13,8.085814331e-14,3.567062533e-13,3.245560308e-13,4.115897337e-13,1.774522827e-13,2.100095512e-13,6.182577031e-14,3.817453447e-13,2.375120195e-13,5.951742996e-14,4.461574333e-14,1.046513139e-13,6.128858659e-14,7.733751693e-14,3.263635993e-13,2.488584463e-13,5.523788204e-13,3.364176727e-14,2.075017278e-13,5.416246912e-14
106.2890625,3.146018565e-13,3.052986083e-13,5.191579027e-13,1.555277106e-13,4.18003769e-13,1.013718738e-13,1.48999862e-13,1.012660515e-13,1.425079855e-13,1.294158839e-13,2.146154772e-13,1.698489966e-13,7.962657987e-14,3.531695136e-13,3.234398895e-13,4.133831384e-13,1.805697511e-13,2.107592604e-13,6.052302148e-14,3.808537247e-13,2.353255284e-13,5.875638179e-14,4.454947874e-14,1.042396409e-13,6.068806367e-14,7.568198259e-14,3.245105128e-13,2.472077544e-13,5.484279887e-13,3.330505372e-14,2.068121077e-13,5.397544583e-14
106.296875,3.152348062e-13,3.021620812e-13,5.176185028e-13,1.541601103e-13,4.125544706e-13,1.015321883e-13,1.486581967e-13,9.982207728e-14,1.40654765e-13,1.290844737e-13,2.158097827e-13,1.670546732e-13,7.848557226e-14,3.495452323e-13,3.223547024e-13,4.154962763e-13,1.839299157e-13,2.116734551e-13,5.920708439e-14,3.798738436e-13,2.331328173e-13,5.796963905e-14,4.448814414e-14,1.038329002e-13,6.010851178e-14,7.412535863e-14,3.228583503e-13,2.454144579e-13,5.444952697e-13,3.296937998e-14,2.061294038e-13,5.380170803e-14
106.3046875,3.160802415e-13,2.988877704e-13,5.161812719e-13,1.527935182e-13,4.071035711e-13,1.017216351e-13,1.482021669e-13,9.83609381e-14,1.387821271e-13,1.287051738e-13,2.169327514e-13,1.643300293e-13,7.737831518e-14,3.459874307e-13,3.21348276e-13,4.178555666e-13,1.87471536e-13,2.127450962e-13,5.793369918e-14,3.789979649e-13,2.309711497e-13,5.720986018e-14,4.43898965e-14,1.034729162e-13,5.949286713e-14,7.266474419e-14,3.212638152e-13,2.434479816e-13,5.40680295e-13,3.263422716e-14,2.056272279e-13,5.365689239e-14
106.3125,3.167095372e-13,2.956586229e-13,5.14620643e-13,1.514005927e-13,4.015115523e-13,1.019394444e-13,1.477147036e-13,9.692790647e-14,1.369547883e-13,1.28473009e-13,2.1800788e-13,1.616976591e-13,7.625499466e-14,3.424546099e-13,3.204018459e-13,4.203527496e-13,1.911055241e-13,2.137795788e-13,5.670542646e-14,3.780166686e-13,2.288024803e-13,5.64800146e-14,4.428131436e-14,1.031328799e-13,5.886357652e-14,7.12119277e-14,3.196142741e-13,2.4153064e-13,5.367153665e-13,3.231928845e-14,2.052536239e-13,5.350734019e-14
106.3203125,3.17041518e-13,2.924772249e-13,5.128632317e-13,1.500711484e-13,3.957158063e-13,1.022038337e-13,1.471829289e-13,9.551951309e-14,1.351317202e-13,1.283127299e-13,2.190682867e-13,1.590720252e-13,7.516845325e-14,3.388809113e-13,3.194244406e-13,4.228490683e-13,1.947735589e-13,2.147246844e-13,5.548317713e-14,3.768933677e-13,2.266035824e-13,5.573223956e-14,4.418726971e-14,1.027984514e-13,5.824574593e-14,6.974594274e-14,3.180287574e-13,2.396084145e-13,5.32433753e-13,3.201590884e-14,2.047939667e-13,5.333866496e-14
106.328125,3.176576362e-13,2.888508428e-13,5.111074527e-13,1.486141762e-13,3.898846313e-13,1.025153541e-13,1.46529444e-13,9.406616652e-14,1.332416976e-13,1.279433437e-13,2.202323909e-13,1.564093006e-13,7.41611357e-14,3.353365584e-13,3.183649182e-13,4.252385401e-13,1.984765192e-13,2.15717367e-13,5.428667279e-14,3.75594273e-13,2.244148621e-13,5.494483496e-14,4.409543576e-14,1.024985827e-13,5.760301789e-14,6.830741124e-14,3.164904147e-13,2.374357669e-13,5.28100597e-13,3.17179323e-14,2.042178526e-13,5.314890442e-14
106.3359375,3.185335856e-13,2.848232822e-13,5.093532639e-13,1.471161284e-13,3.83999908e-13,1.028110893e-13,1.457919174e-13,9.257340683e-14,1.31312426e-13,1.274782059e-13,2.213838288e-13,1.537411061e-13,7.318509918e-14,3.318416057e-13,3.172605964e-13,4.276845965e-13,2.02291469e-13,2.16834347e-13,5.314812352e-14,3.740739489e-13,2.221668508e-13,5.414660514e-14,4.397733781e-14,1.022188405e-13,5.691438477e-14,6.691190811e-14,3.148892788e-13,2.352308075e-13,5.238190831e-13,3.145349202e-14,2.036620878e-13,5.294947358e-14
106.34375,3.191624745e-13,2.811345575e-13,5.074889497e-13,1.459235905e-13,3.77853792e-13,1.030708177e-13,1.450528463e-13,9.110050157e-14,1.293736372e-13,1.271854582e-13,2.22269403e-13,1.510814926e-13,7.221226541e-14,3.282831526e-13,3.161891358e-13,4.304099398e-13,2.062610991e-13,2.180763282e-13,5.204719486e-14,3.724835125e-13,2.197479105e-13,5.335589103e-14,4.382873188e-14,1.019314695e-13,5.622396534e-14,6.55662408e-14,3.134340321e-13,2.332920111e-13,5.194368663e-13,3.12277303e-14,2.032294718e-13,5.275261668e-14
106.3515625,3.196649423e-13,2.777904914e-13,5.054787334e-13,1.4489485e-13,3.715104969e-13,1.033607566e-13,1.442999826e-13,8.965335888e-14,1.274060745e-13,1.269854708e-13,2.229376027e-13,1.484349926e-13,7.129212216e-14,3.246317681e-13,3.151821435e-13,4.334095349e-13,2.103675667e-13,2.194307441e-13,5.096690572e-14,3.708978413e-13,2.172528209e-13,5.25619181e-14,4.368277576e-14,1.01674699e-13,5.557529337e-14,6.428104788e-14,3.122772816e-13,2.314378483e-13,5.150315297e-13,3.100680144e-14,2.029159279e-13,5.254640931e-14
106.359375,3.204562269e-13,2.742333308e-13,5.032818469e-13,1.43678831e-13,3.652250059e-13,1.036454261e-13,1.434825816e-13,8.827475044e-14,1.254784865e-13,1.267467514e-13,2.235552643e-13,1.458147954e-13,7.043502999e-14,3.20972441e-13,3.141594649e-13,4.365594355e-13,2.145456572e-13,2.208264979e-13,4.993007617e-14,3.692776212e-13,2.147747156e-13,5.177701431e-14,4.354613058e-14,1.014817635e-13,5.494978151e-14,6.305818005e-14,3.111996816e-13,2.295333621e-13,5.107329761e-13,3.078425301e-14,2.026561038e-13,5.235090706e-14
106.3671875,3.214050226e-13,2.705835032e-13,5.010093026e-13,1.423142962e-13,3.589013114e-13,1.038575711e-13,1.426078495e-13,8.703380246e-14,1.236489598e-13,1.265179847e-13,2.241461617e-13,1.432107877e-13,6.959124374e-14,3.173460272e-13,3.131200968e-13,4.398423043e-13,2.188021804e-13,2.222187935e-13,4.896635318e-14,3.676297993e-13,2.122376739e-13,5.101656752e-14,4.338875414e-14,1.013167866e-13,5.432451488e-14,6.189953439e-14,3.101593755e-13,2.276973119e-13,5.064460733e-13,3.058957259e-14,2.024780036e-13,5.219701185e-14
106.375,3.222282981e-13,2.669959843e-13,4.98907178e-13,1.410060351e-13,3.52401464e-13,1.041210962e-13,1.417081067e-13,8.584084561e-14,1.218085427e-13,1.26273794e-13,2.247619777e-13,1.406305643e-13,6.87714254e-14,3.138240226e-13,3.12203076e-13,4.433291326e-13,2.233257226e-13,2.236567411e-13,4.807183507e-14,3.659850333e-13,2.097280209e-13,5.025201526e-14,4.320958152e-14,1.011700493e-13,5.371031518e-14,6.080082401e-14,3.093506548e-13,2.258186047e-13,5.021424142e-13,3.042852148e-14,2.024378303e-13,5.205157903e-14
106.3828125,3.230282567e-13,2.631493196e-13,4.969884606e-13,1.398795092e-13,3.459806e-13,1.0450515e-13,1.407652401e-13,8.455008907e-14,1.198889065e-13,1.259359882e-13,2.254433232e-13,1.381258415e-13,6.803180135e-14,3.105011372e-13,3.113417932e-13,4.469573457e-13,2.281237716e-13,2.251570941e-13,4.720956488e-14,3.643560212e-13,2.074351347e-13,4.947156849e-14,4.302789434e-14,1.010899917e-13,5.309043146e-14,5.975080952e-14,3.087059621e-13,2.23799238e-13,4.979049808e-13,3.028517497e-14,2.024204478e-13,5.187799522e-14
106.390625,3.238792468e-13,2.592672142e-13,4.950284175e-13,1.389584029e-13,3.396286339e-13,1.048691628e-13,1.397454864e-13,8.320061703e-14,1.179743668e-13,1.255663575e-13,2.260837503e-13,1.357165492e-13,6.736862103e-14,3.072866268e-13,3.104067425e-13,4.5063915e-13,2.329165327e-13,2.267037099e-13,4.637395103e-14,3.625809473e-13,2.052178179e-13,4.870954863e-14,4.285087869e-14,1.010600457e-13,5.245135096e-14,5.875579262e-14,3.081087485e-13,2.218625258e-13,4.936980336e-13,3.016486465e-14,2.023874532e-13,5.168548422e-14
106.3984375,3.247022977e-13,2.557531468e-13,4.929132388e-13,1.381466601e-13,3.329968063e-13,1.052080183e-13,1.386669277e-13,8.191285341e-14,1.160948758e-13,1.252392372e-13,2.265946642e-13,1.333605036e-13,6.675339002e-14,3.040854896e-13,3.096268337e-13,4.545603718e-13,2.377408923e-13,2.283660301e-13,4.559591735e-14,3.605632087e-13,2.028448679e-13,4.796817097e-14,4.267359646e-14,1.009891677e-13,5.183898198e-14,5.784880694e-14,3.076945658e-13,2.200630283e-13,4.895259948e-13,3.007598059e-14,2.02522569e-13,5.150824965e-14
106.40625,3.25701453e-13,2.522112714e-13,4.907385743e-13,1.37437384e-13,3.262501385e-13,1.056407133e-13,1.375496475e-13,8.070055751e-14,1.142234719e-13,1.249131237e-13,2.269549667e-13,1.310239654e-13,6.620144001e-14,3.010280658e-13,3.091388749e-13,4.588676646e-13,2.429134869e-13,2.302155355e-13,4.487084273e-14,3.58645629e-13,2.004091216e-13,4.722289918e-14,4.246695647e-14,1.008681603e-13,5.126546925e-14,5.704877697e-14,3.075213226e-13,2.182470232e-13,4.854949076e-13,3.000551199e-14,2.028152356e-13,5.13868903e-14
106.4140625,3.269960613e-13,2.483939673e-13,4.885865412e-13,1.36867827e-13,3.196593009e-13,1.061196158e-13,1.363869525e-13,7.951589205e-14,1.12378495e-13,1.245669931e-13,2.271521096e-13,1.286980846e-13,6.571015546e-14,2.981236921e-13,3.086251454e-13,4.632670157e-13,2.4838086e-13,2.321863321e-13,4.417630175e-14,3.569644404e-13,1.980327337e-13,4.648317042e-14,4.222935746e-14,1.007929736e-13,5.068824642e-14,5.629931439e-14,3.074650767e-13,2.164524399e-13,4.814945555e-13,2.994483894e-14,2.030655046e-13,5.128899387e-14
106.421875,3.282218763e-13,2.446950891e-13,4.864078029e-13,1.362697743e-13,3.129143772e-13,1.065806284e-13,1.352080395e-13,7.831710989e-14,1.105182554e-13,1.242517764e-13,2.27278369e-13,1.263505605e-13,6.522816429e-14,2.951126338e-13,3.07904533e-13,4.674123477e-13,2.538765561e-13,2.34142072e-13,4.350854282e-14,3.551004453e-13,1.956389359e-13,4.574505505e-14,4.201444913e-14,1.007979112e-13,5.010969086e-14,5.552127451e-14,3.074480474e-13,2.147178107e-13,4.773341714e-13,2.990098614e-14,2.032893727e-13,5.113845458e-14
106.4296875,3.292905865e-13,2.411311745e-13,4.841436044e-13,1.355755558e-13,3.059002999e-13,1.070427467e-13,1.340320021e-13,7.710032851e-14,1.085967214e-13,1.239368768e-13,2.274344528e-13,1.239713983e-13,6.47578635e-14,2.919314461e-13,3.071477377e-13,4.713700628e-13,2.593411506e-13,2.360288001e-13,4.285442912e-14,3.530020032e-13,1.932394553e-13,4.497943629e-14,4.182095812e-14,1.008000335e-13,4.954854781e-14,5.474849412e-14,3.074494182e-13,2.129888396e-13,4.731597449e-13,2.988398425e-14,2.035736618e-13,5.09745825e-14
106.4375,3.305710772e-13,2.374602965e-13,4.817915958e-13,1.349765954e-13,2.990119497e-13,1.074757666e-13,1.328035949e-13,7.593350261e-14,1.067086271e-13,1.235455244e-13,2.275624992e-13,1.216204891e-13,6.434858755e-14,2.888047752e-13,3.065094315e-13,4.754378755e-13,2.647781018e-13,2.378727656e-13,4.222350596e-14,3.511001308e-13,1.909550025e-13,4.421534532e-14,4.159677057e-14,1.007377074e-13,4.899259431e-14,5.408451594e-14,3.074663797e-13,2.113157088e-13,4.691527926e-13,2.990065488e-14,2.038679151e-13,5.088732936e-14
106.4453125,3.31991964e-13,2.338312403e-13,4.794081948e-13,1.344816687e-13,2.923625516e-13,1.079233601e-13,1.315066009e-13,7.485299813e-14,1.049066636e-13,1.231248597e-13,2.276334023e-13,1.193317158e-13,6.396459306e-14,2.858265497e-13,3.060879252e-13,4.797477514e-13,2.702328436e-13,2.396808433e-13,4.164888717e-14,3.49447996e-13,1.887604931e-13,4.350055148e-14,4.136366503e-14,1.006439906e-13,4.845662483e-14,5.354278564e-14,3.074722183e-13,2.096365222e-13,4.651445688e-13,2.994443486e-14,2.041635301e-13,5.086765154e-14
106.453125,3.332000614e-13,2.303189278e-13,4.770692054e-13,1.339566121e-13,2.857292615e-13,1.084717745e-13,1.302177585e-13,7.380158916e-14,1.031087804e-13,1.227025937e-13,2.277305924e-13,1.170930645e-13,6.356516441e-14,2.829125549e-13,3.058865757e-13,4.842085822e-13,2.758901256e-13,2.415107728e-13,4.111157784e-14,3.477272045e-13,1.865466416e-13,4.281001768e-14,4.115135353e-14,1.005742995e-13,4.796908653e-14,5.306998325e-14,3.073912428e-13,2.07820597e-13,4.610334697e-13,3.000082953e-14,2.045140343e-13,5.087314317e-14
106.4609375,3.34270389e-13,2.26753688e-13,4.746697027e-13,1.334713534e-13,2.789729668e-13,1.090253439e-13,1.289742744e-13,7.276202289e-14,1.012904219e-13,1.221702521e-13,2.278112361e-13,1.149202184e-13,6.325160862e-14,2.800181e-13,3.057531002e-13,4.887602065e-13,2.817767724e-13,2.43496601e-13,4.058706812e-14,3.457548717e-13,1.842962847e-13,4.209973101e-14,4.091552728e-14,1.005401696e-13,4.752002029e-14,5.264645339e-14,3.0730067e-13,2.059931008e-13,4.569747128e-13,3.006563366e-14,2.049267639e-13,5.08835453e-14
106.46875,3.353223366e-13,2.230745352e-13,4.720424917e-13,1.331010424e-13,2.720921657e-13,1.09528616e-13,1.277291063e-13,7.176000404e-14,9.946783474e-14,1.215508641e-13,2.277528159e-13,1.127844731e-13,6.310992006e-14,2.771413083e-13,3.056469205e-13,4.933983521e-13,2.876530341e-13,2.455937617e-13,4.009899212e-14,3.436197983e-13,1.820685345e-13,4.136685697e-14,4.064728877e-14,1.004929273e-13,4.709029643e-14,5.22685581e-14,3.073596128e-13,2.042210335e-13,4.528960568e-13,3.014368062e-14,2.053520241e-13,5.087769542e-14
106.4765625,3.363724032e-13,2.193125812e-13,4.693310221e-13,1.328057866e-13,2.653161004e-13,1.101220956e-13,1.264545124e-13,7.07681452e-14,9.764830235e-14,1.210145368e-13,2.275944286e-13,1.106383589e-13,6.307383596e-14,2.74398192e-13,3.056731001e-13,4.980405046e-13,2.934473422e-13,2.476463584e-13,3.966976443e-14,3.415546679e-13,1.799216645e-13,4.064310221e-14,4.038819497e-14,1.003785365e-13,4.668001613e-14,5.19436802e-14,3.074460708e-13,2.024342724e-13,4.4861445e-13,3.025062157e-14,2.057421863e-13,5.087922625e-14
106.484375,3.377464194e-13,2.156982248e-13,4.66759945e-13,1.326412087e-13,2.588444199e-13,1.108532183e-13,1.251928076e-13,6.98080531e-14,9.593653554e-14,1.205730755e-13,2.274381019e-13,1.085711206e-13,6.308506683e-14,2.720025825e-13,3.059227353e-13,5.027972011e-13,2.994297959e-13,2.497657298e-13,3.93367258e-14,3.396423064e-13,1.778409512e-13,3.99858542e-14,4.013475611e-14,1.002277595e-13,4.631185255e-14,5.171465623e-14,3.074219101e-13,2.008767799e-13,4.443531541e-13,3.041097823e-14,2.062078389e-13,5.09421847e-14
106.4921875,3.395705061e-13,2.124938133e-13,4.642931068e-13,1.326701922e-13,2.524382499e-13,1.116712695e-13,1.239797936e-13,6.895278762e-14,9.436211902e-14,1.201424045e-13,2.272798034e-13,1.066506783e-13,6.317139394e-14,2.698724976e-13,3.064844349e-13,5.079883513e-13,3.057625539e-13,2.521053636e-13,3.913199954e-14,3.378212012e-13,1.757656649e-13,3.939317241e-14,3.987026245e-14,1.001031429e-13,4.600635305e-14,5.159893388e-14,3.075367879e-13,1.997308264e-13,4.404180755e-13,3.062797014e-14,2.068797784e-13,5.106610999e-14
106.5,3.415001081e-13,2.094741824e-13,4.618297293e-13,1.328155873e-13,2.459110168e-13,1.125538781e-13,1.227583475e-13,6.815042041e-14,9.277168666e-14,1.196985801e-13,2.2706375e-13,1.047855435e-13,6.333855988e-14,2.67711059e-13,3.072681654e-13,5.135476654e-13,3.122675017e-13,2.545133765e-13,3.901227506e-14,3.360824956e-13,1.737321294e-13,3.878358276e-14,3.960107584e-14,1.00006997e-13,4.572843281e-14,5.156480208e-14,3.079595854e-13,1.986975704e-13,4.367167219e-13,3.088149793e-14,2.076263934e-13,5.120857549e-14
106.5078125,3.434698943e-13,2.063934641e-13,4.592592649e-13,1.32988166e-13,2.394756857e-13,1.133823029e-13,1.214634299e-13,6.731836415e-14,9.114129883e-14,1.191639364e-13,2.267188716e-13,1.029498002e-13,6.355316539e-14,2.655389569e-13,3.080297615e-13,5.191275686e-13,3.187935752e-13,2.568825093e-13,3.8946933e-14,3.343459256e-13,1.718295055e-13,3.814923838e-14,3.932539527e-14,9.99450775e-14,4.543210117e-14,5.159530372e-14,3.084468981e-13,1.976223073e-13,4.330270388e-13,3.115780709e-14,2.08302122e-13,5.135614821e-14
106.515625,3.45607821e-13,2.034637529e-13,4.564811771e-13,1.331934585e-13,2.331933506e-13,1.141274108e-13,1.201543975e-13,6.649971639e-14,8.957222616e-14,1.184910864e-13,2.261899052e-13,1.011797025e-13,6.382818658e-14,2.635338119e-13,3.088128704e-13,5.247443102e-13,3.25382922e-13,2.593160172e-13,3.895524116e-14,3.326176764e-13,1.700153501e-13,3.754646013e-14,3.905312941e-14,9.99199406e-14,4.513954502e-14,5.168463964e-14,3.088751533e-13,1.966782878e-13,4.292735167e-13,3.144986159e-14,2.089500645e-13,5.152989063e-14
106.5234375,3.477014965e-13,2.007148479e-13,4.536109236e-13,1.335154183e-13,2.269562907e-13,1.149984087e-13,1.188937469e-13,6.572174613e-14,8.801807285e-14,1.178018246e-13,2.255367103e-13,9.940110795e-14,6.422967041e-14,2.61662705e-13,3.097923499e-13,5.304922064e-13,3.319974192e-13,2.61785007e-13,3.901805294e-14,3.311640237e-13,1.681756646e-13,3.695321143e-14,3.879245373e-14,9.985032394e-14,4.488173683e-14,5.181505913e-14,3.093565801e-13,1.95844809e-13,4.25416511e-13,3.17541731e-14,2.09557565e-13,5.172749702e-14
106.53125,3.495942588e-13,1.979626932e-13,4.506766284e-13,1.339942218e-13,2.208106721e-13,1.15994049e-13,1.176149936e-13,6.494816038e-14,8.644235955e-14,1.171667691e-13,2.248697702e-13,9.759609707e-14,6.472920689e-14,2.598755469e-13,3.108406326e-13,5.361062903e-13,3.384923719e-13,2.641681865e-13,3.912551973e-14,3.298794268e-13,1.663037757e-13,3.634746103e-14,3.851309319e-14,9.970231863e-14,4.464564851e-14,5.199874293e-14,3.097952792e-13,1.950147467e-13,4.214582752e-13,3.20847283e-14,2.101206389e-13,5.192088803e-14
106.5390625,3.513668837e-13,1.953411803e-13,4.475537923e-13,1.345242396e-13,2.146755028e-13,1.168849801e-13,1.162882851e-13,6.420538627e-14,8.493364875e-14,1.165085725e-13,2.242289147e-13,9.585492595e-14,6.519113013e-14,2.581619177e-13,3.118479146e-13,5.414801821e-13,3.449034318e-13,2.664861203e-13,3.92956176e-14,3.282807167e-13,1.644793501e-13,3.577560974e-14,3.821714713e-14,9.956238954e-14,4.443512697e-14,5.225787368e-14,3.101173155e-13,1.942290531e-13,4.175355979e-13,3.245749047e-14,2.107757467e-13,5.212046125e-14
106.546875,3.53113155e-13,1.9288823e-13,4.445024962e-13,1.350114873e-13,2.085161491e-13,1.177379859e-13,1.149838261e-13,6.352751432e-14,8.350335339e-14,1.158052607e-13,2.23650383e-13,9.419155336e-14,6.564464817e-14,2.565252294e-13,3.129722757e-13,5.469464781e-13,3.514945645e-13,2.688369789e-13,3.951110006e-14,3.264901926e-13,1.627651913e-13,3.524942908e-14,3.795938592e-14,9.946364541e-14,4.427697289e-14,5.257872401e-14,3.10590672e-13,1.934877826e-13,4.138017734e-13,3.286652826e-14,2.115516101e-13,5.23594764e-14
106.5546875,3.550237479e-13,1.903599679e-13,4.417692136e-13,1.355125064e-13,2.026458301e-13,1.187326601e-13,1.136911187e-13,6.288617423e-14,8.210959777e-14,1.151100653e-13,2.231744487e-13,9.259848223e-14,6.625579013e-14,2.551151754e-13,3.142707684e-13,5.526582711e-13,3.583880794e-13,2.713053133e-13,3.979144896e-14,3.249802056e-13,1.611718084e-13,3.475268794e-14,3.774472573e-14,9.936690307e-14,4.416638912e-14,5.295835753e-14,3.112785843e-13,1.927906172e-13,4.102262158e-13,3.330269165e-14,2.123553517e-13,5.264078065e-14
106.5625,3.570847578e-13,1.877932287e-13,4.390619796e-13,1.361246985e-13,1.970597391e-13,1.198005076e-13,1.123686518e-13,6.225779504e-14,8.074611705e-14,1.144300788e-13,2.227268793e-13,9.110240183e-14,6.699477029e-14,2.539377703e-13,3.156355312e-13,5.583489806e-13,3.653148016e-13,2.738622791e-13,4.017142998e-14,3.23598632e-13,1.596436755e-13,3.427831941e-14,3.75223229e-14,9.925826506e-14,4.407988019e-14,5.341364619e-14,3.118545759e-13,1.922105334e-13,4.066483432e-13,3.37742241e-14,2.131685704e-13,5.295052963e-14
106.5703125,3.590110518e-13,1.854007312e-13,4.363123421e-13,1.368733716e-13,1.914390283e-13,1.209262375e-13,1.110795519e-13,6.164577292e-14,7.939879076e-14,1.137216974e-13,2.222193511e-13,8.968960214e-14,6.774955574e-14,2.528066285e-13,3.170654336e-13,5.638956454e-13,3.720228163e-13,2.763534724e-13,4.059824176e-14,3.220959991e-13,1.580994319e-13,3.380173331e-14,3.726779667e-14,9.911533096e-14,4.401171043e-14,5.393234269e-14,3.122657421e-13,1.917435519e-13,4.030674503e-13,3.428247877e-14,2.140364966e-13,5.327828373e-14
106.578125,3.608767992e-13,1.831385946e-13,4.338034543e-13,1.376433792e-13,1.859293238e-13,1.221709519e-13,1.098321609e-13,6.10958925e-14,7.810131195e-14,1.12924241e-13,2.217175216e-13,8.835284343e-14,6.853144114e-14,2.517624708e-13,3.186389878e-13,5.694991796e-13,3.786313193e-13,2.787363664e-13,4.103824497e-14,3.208069474e-13,1.565352059e-13,3.333780423e-14,3.699347533e-14,9.894547041e-14,4.396842624e-14,5.450729919e-14,3.126999637e-13,1.913073372e-13,3.996045186e-13,3.480873384e-14,2.149893477e-13,5.365227371e-14
106.5859375,3.628412454e-13,1.808564434e-13,4.313690952e-13,1.383109155e-13,1.806523564e-13,1.234130735e-13,1.085416732e-13,6.067738281e-14,7.687511846e-14,1.120390251e-13,2.213237686e-13,8.706834005e-14,6.93055073e-14,2.50814517e-13,3.203873237e-13,5.75230068e-13,3.85291959e-13,2.811043079e-13,4.152244446e-14,3.198826754e-13,1.550371014e-13,3.291774039e-14,3.672283778e-14,9.881290573e-14,4.3955232e-14,5.515497625e-14,3.130648435e-13,1.908214594e-13,3.962029328e-13,3.534852872e-14,2.159593075e-13,5.41220797e-14
106.59375,3.647081405e-13,1.786125179e-13,4.287948914e-13,1.390232005e-13,1.752890629e-13,1.24630549e-13,1.072461961e-13,6.036407813e-14,7.565160474e-14,1.111827964e-13,2.210356616e-13,8.577875278e-14,7.005142486e-14,2.497843907e-13,3.22319622e-13,5.810326875e-13,3.920391275e-13,2.834952292e-13,4.206076933e-14,3.189768319e-13,1.53652728e-13,3.250616883e-14,3.646894813e-14,9.870878322e-14,4.397675883e-14,5.587362087e-14,3.133326311e-13,1.903359285e-13,3.92797949e-13,3.592035333e-14,2.168880246e-13,5.464765673e-14
106.6015625,3.665588432e-13,1.766252637e-13,4.263245155e-13,1.3993096e-13,1.699147247e-13,1.259395085e-13,1.060328325e-13,6.007089179e-14,7.445070188e-14,1.104083408e-13,2.208212289e-13,8.452241656e-14,7.08775597e-14,2.488014713e-13,3.244024294e-13,5.87008586e-13,3.989511447e-13,2.859142549e-13,4.267139459e-14,3.180924031e-13,1.523353209e-13,3.209451326e-14,3.62212255e-14,9.858648229e-14,4.403827467e-14,5.666346835e-14,3.137416628e-13,1.900233436e-13,3.895410172e-13,3.652561498e-14,2.178728546e-13,5.516129023e-14
106.609375,3.686609377e-13,1.747962086e-13,4.239789849e-13,1.408338507e-13,1.648911616e-13,1.272369378e-13,1.048435086e-13,5.979015448e-14,7.333948589e-14,1.095686776e-13,2.206703347e-13,8.332846427e-14,7.178206668e-14,2.479966088e-13,3.265208988e-13,5.931062601e-13,4.059557646e-13,2.883796949e-13,4.334750655e-14,3.175133521e-13,1.510656811e-13,3.171855117e-14,3.597753089e-14,9.845554252e-14,4.414434025e-14,5.751573452e-14,3.142137618e-13,1.89790371e-13,3.864655802e-13,3.713376901e-14,2.188855821e-13,5.569636333e-14
106.6171875,3.70781428e-13,1.727681859e-13,4.215174761e-13,1.416577109e-13,1.600988913e-13,1.284551477e-13,1.036345321e-13,5.954721091e-14,7.225540916e-14,1.085650369e-13,2.205417955e-13,8.211852296e-14,7.270910703e-14,2.471508946e-13,3.286114367e-13,5.990592065e-13,4.12864863e-13,2.908756085e-13,4.402660301e-14,3.171033854e-13,1.498897163e-13,3.135471375e-14,3.574871903e-14,9.828356512e-14,4.429681766e-14,5.838328222e-14,3.145227672e-13,1.89388849e-13,3.834023776e-13,3.771687824e-14,2.197660384e-13,5.627735588e-14
106.625,3.726435829e-13,1.7075718e-13,4.190538921e-13,1.426625535e-13,1.553316579e-13,1.297590957e-13,1.0249324e-13,5.93480894e-14,7.117828534e-14,1.075215138e-13,2.203770988e-13,8.091198104e-14,7.37099453e-14,2.462972662e-13,3.308034783e-13,6.049505552e-13,4.196807488e-13,2.933386229e-13,4.472547671e-14,3.167398105e-13,1.487909478e-13,3.099058572e-14,3.551922793e-14,9.805396945e-14,4.448551906e-14,5.928288446e-14,3.148693324e-13,1.889840913e-13,3.803248577e-13,3.829603274e-14,2.206225681e-13,5.687510431e-14
106.6328125,3.743975895e-13,1.69221216e-13,4.167971941e-13,1.438429124e-13,1.506606403e-13,1.311613934e-13,1.014446566e-13,5.920428403e-14,7.015918839e-14,1.065114982e-13,2.201829355e-13,7.979091001e-14,7.474402728e-14,2.456657427e-13,3.33293451e-13,6.110612066e-13,4.264732785e-13,2.956800546e-13,4.551446614e-14,3.166143398e-13,1.477150462e-13,3.066002693e-14,3.527872804e-14,9.788310133e-14,4.469277924e-14,6.029444124e-14,3.154255976e-13,1.888205289e-13,3.773325564e-13,3.892881963e-14,2.215911356e-13,5.750061481e-14
106.640625,3.763094935e-13,1.678783799e-13,4.146857492e-13,1.449925835e-13,1.461415307e-13,1.325792808e-13,1.004116095e-13,5.909364411e-14,6.914244499e-14,1.054469678e-13,2.200271712e-13,7.872297017e-14,7.578173332e-14,2.45188082e-13,3.360722953e-13,6.172255798e-13,4.332777234e-13,2.979303999e-13,4.639924001e-14,3.165846021e-13,1.466874647e-13,3.034882047e-14,3.505201817e-14,9.778630651e-14,4.492436892e-14,6.139646628e-14,3.159767595e-13,1.887589324e-13,3.745017179e-13,3.961457264e-14,2.225866211e-13,5.814480573e-14
106.6484375,3.7846417e-13,1.663997061e-13,4.126062691e-13,1.461802997e-13,1.418003614e-13,1.340656132e-13,9.937173737e-14,5.899506133e-14,6.811116715e-14,1.043562073e-13,2.199336748e-13,7.768180109e-14,7.695449104e-14,2.447760962e-13,3.388745134e-13,6.230208846e-13,4.400516837e-13,3.002142585e-13,4.735782504e-14,3.164552975e-13,1.457279338e-13,3.004149956e-14,3.483787967e-14,9.758375667e-14,4.519745912e-14,6.250487079e-14,3.164025919e-13,1.887432393e-13,3.718453021e-13,4.027958703e-14,2.236374917e-13,5.879814313e-14
106.65625,3.806640646e-13,1.650290247e-13,4.105508167e-13,1.474739936e-13,1.376027864e-13,1.356130943e-13,9.834769444e-14,5.894809008e-14,6.713542878e-14,1.033277424e-13,2.19919065e-13,7.668535009e-14,7.824501535e-14,2.444244517e-13,3.4151797e-13,6.283932487e-13,4.46638e-13,3.02501851e-13,4.835498197e-14,3.165362339e-13,1.448278398e-13,2.975612435e-14,3.461281735e-14,9.723213251e-14,4.549977559e-14,6.362067125e-14,3.167811145e-13,1.888831179e-13,3.692004677e-13,4.090657815e-14,2.247571147e-13,5.952958619e-14
106.6640625,3.828015785e-13,1.637161084e-13,4.086406152e-13,1.487877091e-13,1.334365731e-13,1.371995618e-13,9.732985324e-14,5.895730609e-14,6.617731657e-14,1.022479765e-13,2.20107817e-13,7.572575748e-14,7.955042451e-14,2.441107827e-13,3.44210511e-13,6.337601601e-13,4.532249774e-13,3.047204503e-13,4.939207725e-14,3.168550171e-13,1.440752721e-13,2.948061242e-14,3.439615033e-14,9.690065912e-14,4.582223734e-14,6.479548193e-14,3.171720326e-13,1.890323691e-13,3.665247539e-13,4.155728061e-14,2.257913205e-13,6.033596766e-14
106.671875,3.850191794e-13,1.622558507e-13,4.069406369e-13,1.501395399e-13,1.293480245e-13,1.388489973e-13,9.631222685e-14,5.898192627e-14,6.519436921e-14,1.010332797e-13,2.205304562e-13,7.48216109e-14,8.093884694e-14,2.439130534e-13,3.471724569e-13,6.3942778e-13,4.600840005e-13,3.068637415e-13,5.053897517e-14,3.170372296e-13,1.434886849e-13,2.921097607e-14,3.420457724e-14,9.666335432e-14,4.61866024e-14,6.605914473e-14,3.176088574e-13,1.890708987e-13,3.64081401e-13,4.223872548e-14,2.26786098e-13,6.114682388e-14
106.6796875,3.871281308e-13,1.609942817e-13,4.05189934e-13,1.515038457e-13,1.254009238e-13,1.404310273e-13,9.531042796e-14,5.904300186e-14,6.423407467e-14,9.982751924e-14,2.209526538e-13,7.393209861e-14,8.240509476e-14,2.437119714e-13,3.50159442e-13,6.450938463e-13,4.667439899e-13,3.088174137e-13,5.175549727e-14,3.172880345e-13,1.428644175e-13,2.895229374e-14,3.40104825e-14,9.641946332e-14,4.659472589e-14,6.73886968e-14,3.17940608e-13,1.891717369e-13,3.617769608e-13,4.289969188e-14,2.277653884e-13,6.198701414e-14
106.6875,3.889522101e-13,1.600808926e-13,4.032051041e-13,1.528404172e-13,1.215985443e-13,1.419198926e-13,9.433793501e-14,5.916889065e-14,6.32952467e-14,9.870769026e-14,2.212393571e-13,7.296910632e-14,8.386930751e-14,2.43315667e-13,3.529288561e-13,6.504556309e-13,4.729015727e-13,3.10615623e-13,5.293644707e-14,3.180127762e-13,1.421224175e-13,2.86746639e-14,3.381448326e-14,9.611153822e-14,4.702901641e-14,6.873083114e-14,3.180189955e-13,1.894628238e-13,3.592269598e-13,4.354899223e-14,2.285124486e-13,6.28666656e-14
106.6953125,3.908444159e-13,1.591997141e-13,4.012700454e-13,1.543387787e-13,1.180871478e-13,1.434906519e-13,9.34117774e-14,5.932622328e-14,6.238126317e-14,9.760560723e-14,2.215724148e-13,7.202636393e-14,8.537770953e-14,2.429976604e-13,3.557052475e-13,6.557874876e-13,4.791280979e-13,3.124892369e-13,5.412724328e-14,3.190019878e-13,1.414582103e-13,2.839636571e-14,3.365105337e-14,9.580701492e-14,4.749120682e-14,7.011269835e-14,3.181134875e-13,1.898996888e-13,3.567100794e-13,4.423481696e-14,2.291319885e-13,6.374391656e-14
106.703125,3.927875771e-13,1.583588138e-13,3.995634069e-13,1.560188282e-13,1.148668914e-13,1.450636221e-13,9.253504064e-14,5.948777109e-14,6.153991084e-14,9.649276662e-14,2.220855978e-13,7.122309461e-14,8.690425464e-14,2.429448854e-13,3.586533173e-13,6.612057791e-13,4.854752719e-13,3.143160002e-13,5.537308683e-14,3.199239514e-13,1.409460628e-13,2.817040085e-14,3.351369811e-14,9.551924938e-14,4.797556687e-14,7.158155754e-14,3.184051953e-13,1.903641115e-13,3.54665085e-13,4.494455676e-14,2.299154018e-13,6.464964124e-14
106.7109375,3.944606998e-13,1.576687683e-13,3.978506492e-13,1.576118009e-13,1.117198689e-13,1.465013192e-13,9.167628427e-14,5.96592384e-14,6.073758364e-14,9.533259961e-14,2.226954786e-13,7.04610055e-14,8.839719084e-14,2.428613924e-13,3.616296688e-13,6.66423547e-13,4.91415864e-13,3.158814438e-13,5.662105897e-14,3.207427803e-13,1.404520704e-13,2.796937818e-14,3.337020934e-14,9.514891188e-14,4.84635948e-14,7.307705131e-14,3.18572077e-13,1.907436405e-13,3.527144871e-13,4.563579313e-14,2.307093263e-13,6.55915422e-14
106.71875,3.960941139e-13,1.569305264e-13,3.960524319e-13,1.59140887e-13,1.086461654e-13,1.479475616e-13,9.081146283e-14,5.985409286e-14,5.992236758e-14,9.408831954e-14,2.233245047e-13,6.96545205e-14,8.993962719e-14,2.426224007e-13,3.64612224e-13,6.714720007e-13,4.970472761e-13,3.173257171e-13,5.787619649e-14,3.215950624e-13,1.399420528e-13,2.774533019e-14,3.321691304e-14,9.471288528e-14,4.895279925e-14,7.457556929e-14,3.184781226e-13,1.910682029e-13,3.50505474e-13,4.63100787e-14,2.312610265e-13,6.653071216e-14
106.7265625,3.976940731e-13,1.561363108e-13,3.94386519e-13,1.6080825e-13,1.057232575e-13,1.494359496e-13,8.996189175e-14,6.007890916e-14,5.910405263e-14,9.281492318e-14,2.23995496e-13,6.88744433e-14,9.151499954e-14,2.423585918e-13,3.676640007e-13,6.764372253e-13,5.024986351e-13,3.186543236e-13,5.916190855e-14,3.226927169e-13,1.394749169e-13,2.751291729e-14,3.306792076e-14,9.435188247e-14,4.945497319e-14,7.612780674e-14,3.183601936e-13,1.914024037e-13,3.484101716e-13,4.697354342e-14,2.316987868e-13,6.748930193e-14
106.734375,3.988843266e-13,1.554873267e-13,3.929789383e-13,1.625162904e-13,1.028834866e-13,1.50894132e-13,8.916626432e-14,6.032189287e-14,5.829420835e-14,9.151734064e-14,2.247872241e-13,6.817950508e-14,9.306284453e-14,2.421860685e-13,3.707436158e-13,6.81087243e-13,5.076045308e-13,3.197790615e-13,6.049067157e-14,3.239595383e-13,1.390563827e-13,2.730592044e-14,3.29305839e-14,9.402927969e-14,5.000306824e-14,7.769768849e-14,3.182460157e-13,1.91698201e-13,3.466729414e-13,4.760932834e-14,2.322854217e-13,6.84666392e-14
106.7421875,3.998052671e-13,1.549651988e-13,3.917710733e-13,1.641437061e-13,1.00141446e-13,1.52398032e-13,8.842558914e-14,6.058064082e-14,5.751373565e-14,9.013275383e-14,2.25738768e-13,6.755992186e-14,9.462976804e-14,2.421843561e-13,3.738437348e-13,6.854988873e-13,5.126211406e-13,3.208863671e-13,6.188787887e-14,3.252075334e-13,1.387039324e-13,2.713488162e-14,3.280204928e-14,9.360934239e-14,5.061255445e-14,7.928740187e-14,3.180534457e-13,1.919357828e-13,3.451283374e-13,4.823826011e-14,2.330498724e-13,6.944446961e-14
106.75,4.005895881e-13,1.544963273e-13,3.905900519e-13,1.657848293e-13,9.751751473e-14,1.538753369e-13,8.769522217e-14,6.084964738e-14,5.675524473e-14,8.869071945e-14,2.267700683e-13,6.69630792e-14,9.616157426e-14,2.421400484e-13,3.769316868e-13,6.899409065e-13,5.17657694e-13,3.219420445e-13,6.328080621e-14,3.266630025e-13,1.38442107e-13,2.697128185e-14,3.26757233e-14,9.316609423e-14,5.122689147e-14,8.098222703e-14,3.178632679e-13,1.921577371e-13,3.43717767e-13,4.888739841e-14,2.337460334e-13,7.045688984e-14
106.7578125,4.011978034e-13,1.540946005e-13,3.893221114e-13,1.674885412e-13,9.496271119e-14,1.552438194e-13,8.695256757e-14,6.108612367e-14,5.595809722e-14,8.724370278e-14,2.278213405e-13,6.63452609e-14,9.763843059e-14,2.418732833e-13,3.799254778e-13,6.941974115e-13,5.224089989e-13,3.227787613e-13,6.463406355e-14,3.283325735e-13,1.382250869e-13,2.678804766e-14,3.25522608e-14,9.280336167e-14,5.181097601e-14,8.269340785e-14,3.176377019e-13,1.923833102e-13,3.423938364e-13,4.951252543e-14,2.342518332e-13,7.14679292e-14
106.765625,4.019237305e-13,1.536679821e-13,3.881257705e-13,1.691748537e-13,9.253572728e-14,1.566959702e-13,8.622215907e-14,6.128560618e-14,5.514392805e-14,8.580286752e-14,2.289453259e-13,6.57478744e-14,9.920190444e-14,2.416462709e-13,3.827783394e-13,6.978516458e-13,5.268224391e-13,3.23557658e-13,6.604625853e-14,3.297463352e-13,1.380079525e-13,2.661337796e-14,3.243763899e-14,9.242573085e-14,5.240542575e-14,8.429852268e-14,3.172076207e-13,1.926081657e-13,3.410349772e-13,5.008285951e-14,2.347712373e-13,7.243148064e-14
106.7734375,4.0262318e-13,1.531629032e-13,3.871296354e-13,1.707685948e-13,9.02624711e-14,1.582167539e-13,8.549839615e-14,6.149819949e-14,5.437300158e-14,8.441162904e-14,2.30165504e-13,6.520664185e-14,1.008197364e-13,2.414865918e-13,3.853884972e-13,7.008297282e-13,5.308274086e-13,3.242293302e-13,6.748746694e-14,3.310406394e-13,1.37806693e-13,2.646117965e-14,3.233934612e-14,9.198093399e-14,5.300637321e-14,8.591241301e-14,3.166043524e-13,1.928009245e-13,3.397283597e-13,5.064792177e-14,2.353605868e-13,7.341896733e-14
106.78125,4.029942515e-13,1.527491891e-13,3.861351512e-13,1.723136926e-13,8.806248098e-14,1.596079826e-13,8.475095749e-14,6.172881603e-14,5.359998226e-14,8.306206647e-14,2.314231019e-13,6.467426437e-14,1.023887848e-13,2.411424495e-13,3.878560934e-13,7.035933271e-13,5.345237348e-13,3.246307778e-13,6.888552878e-14,3.327538567e-13,1.376423522e-13,2.629377826e-14,3.226024061e-14,9.155247333e-14,5.358413538e-14,8.763593943e-14,3.160437029e-13,1.930122396e-13,3.385657528e-13,5.123386476e-14,2.358369387e-13,7.444826957e-14
106.7890625,4.034977654e-13,1.524488431e-13,3.850238272e-13,1.739427186e-13,8.592560605e-14,1.610287768e-13,8.401580485e-14,6.195826953e-14,5.279791491e-14,8.167211823e-14,2.326441006e-13,6.411687139e-14,1.039723893e-13,2.407670937e-13,3.905372125e-13,7.067262598e-13,5.385273413e-13,3.250989752e-13,7.032522778e-14,3.346918033e-13,1.375014415e-13,2.611057611e-14,3.218734195e-14,9.113985292e-14,5.419476939e-14,8.939364287e-14,3.156000674e-13,1.933202817e-13,3.373918822e-13,5.181444045e-14,2.362229388e-13,7.545926765e-14
106.796875,4.040945154e-13,1.520072182e-13,3.839849046e-13,1.755999815e-13,8.388186743e-14,1.625992461e-13,8.333058915e-14,6.219594412e-14,5.201865654e-14,8.024657991e-14,2.338431821e-13,6.354876851e-14,1.055420785e-13,2.40468419e-13,3.933259638e-13,7.099304301e-13,5.426381478e-13,3.25708344e-13,7.178582673e-14,3.364481011e-13,1.37361756e-13,2.594417053e-14,3.211896635e-14,9.070321727e-14,5.486919991e-14,9.113845134e-14,3.150757368e-13,1.935531261e-13,3.361776619e-13,5.237755617e-14,2.366394056e-13,7.646245153e-14
106.8046875,4.041129665e-13,1.514812894e-13,3.831527805e-13,1.77099474e-13,8.196396476e-14,1.640664777e-13,8.264396942e-14,6.243509853e-14,5.125577036e-14,7.884062157e-14,2.351801735e-13,6.300557163e-14,1.07037571e-13,2.400069137e-13,3.957779108e-13,7.124306388e-13,5.459394381e-13,3.259599557e-13,7.316681814e-14,3.381779785e-13,1.37239992e-13,2.578763123e-14,3.207886749e-14,9.028529161e-14,5.553190592e-14,9.287664047e-14,3.143440571e-13,1.935834356e-13,3.351879535e-13,5.290497978e-14,2.370441838e-13,7.746705075e-14
106.8125,4.038811364e-13,1.512097948e-13,3.825043327e-13,1.785769251e-13,8.019304654e-14,1.653836988e-13,8.193783285e-14,6.267451755e-14,5.048908857e-14,7.742522873e-14,2.367138624e-13,6.253859449e-14,1.085874728e-13,2.394351003e-13,3.980116407e-13,7.144528994e-13,5.486755182e-13,3.258175784e-13,7.456539089e-14,3.400764901e-13,1.371733418e-13,2.562221998e-14,3.206489254e-14,8.988690392e-14,5.615899918e-14,9.460917377e-14,3.135949746e-13,1.936727128e-13,3.344809811e-13,5.337279049e-14,2.374222591e-13,7.846109007e-14
106.8203125,4.039027124e-13,1.510756006e-13,3.819791197e-13,1.802905687e-13,7.851632188e-14,1.66780834e-13,8.128585386e-14,6.295209531e-14,4.975412076e-14,7.595797498e-14,2.382845662e-13,6.214488341e-14,1.10253517e-13,2.389745945e-13,4.004101198e-13,7.167091889e-13,5.516151141e-13,3.256700218e-13,7.607174746e-14,3.420850919e-13,1.37141487e-13,2.545788827e-14,3.205483323e-14,8.9457809e-14,5.682400271e-14,9.637050163e-14,3.129577769e-13,1.939425254e-13,3.337466835e-13,5.380743753e-14,2.378194712e-13,7.947839972e-14
106.828125,4.03760602e-13,1.507647134e-13,3.814273053e-13,1.820777137e-13,7.695057612e-14,1.682506013e-13,8.069234852e-14,6.328276813e-14,4.903239629e-14,7.446797133e-14,2.398274506e-13,6.175042333e-14,1.11959064e-13,2.385613054e-13,4.029288208e-13,7.190931403e-13,5.545350948e-13,3.255340737e-13,7.762718187e-14,3.44180467e-13,1.370727218e-13,2.530438247e-14,3.206022191e-14,8.901669755e-14,5.754771725e-14,9.816165998e-14,3.122932897e-13,1.941663591e-13,3.328732222e-13,5.423777871e-14,2.381682302e-13,8.050574172e-14
106.8359375,4.032032013e-13,1.503992066e-13,3.807197351e-13,1.836739413e-13,7.55514444e-14,1.696044779e-13,8.007728976e-14,6.36274234e-14,4.826111972e-14,7.300586909e-14,2.413475917e-13,6.130062533e-14,1.136508664e-13,2.380559015e-13,4.05327598e-13,7.21136088e-13,5.569808577e-13,3.251536295e-13,7.918340493e-14,3.463261893e-13,1.369292523e-13,2.514394163e-14,3.208369864e-14,8.859026107e-14,5.827292309e-14,9.99250644e-14,3.115069305e-13,1.943130168e-13,3.320714966e-13,5.463697515e-14,2.383181754e-13,8.148511261e-14
106.84375,4.023787053e-13,1.500933641e-13,3.799178382e-13,1.851992025e-13,7.423401971e-14,1.708025289e-13,7.943502753e-14,6.39161812e-14,4.744430607e-14,7.159190858e-14,2.427233581e-13,6.080790152e-14,1.152735476e-13,2.374141792e-13,4.074391998e-13,7.226508986e-13,5.589860667e-13,3.243988382e-13,8.069348875e-14,3.484050482e-13,1.367478268e-13,2.496054709e-14,3.209253325e-14,8.815433271e-14,5.897185578e-14,1.016381783e-13,3.105921327e-13,1.944969836e-13,3.313393872e-13,5.498406057e-14,2.382188265e-13,8.240351511e-14
106.8515625,4.013441466e-13,1.497292728e-13,3.791413855e-13,1.868015957e-13,7.297831536e-14,1.719397504e-13,7.882040433e-14,6.412262131e-14,4.661475751e-14,7.021901766e-14,2.440288477e-13,6.033178996e-14,1.168503599e-13,2.366920843e-13,4.092484622e-13,7.236252905e-13,5.606830189e-13,3.234194664e-13,8.215134972e-14,3.504126317e-13,1.365885858e-13,2.477373751e-14,3.20857847e-14,8.769973014e-14,5.966052599e-14,1.033178529e-13,3.095238179e-13,1.946449183e-13,3.305500361e-13,5.529876235e-14,2.380298898e-13,8.325516476e-14
106.859375,4.002606834e-13,1.493870444e-13,3.784069044e-13,1.883671326e-13,7.188310616e-14,1.73107173e-13,7.823716518e-14,6.432781832e-14,4.578445417e-14,6.886917039e-14,2.454953262e-13,5.991795143e-14,1.184776592e-13,2.359960781e-13,4.109562228e-13,7.242249059e-13,5.621336888e-13,3.224225871e-13,8.364310123e-14,3.524550565e-13,1.364385188e-13,2.460358081e-14,3.208345934e-14,8.723116569e-14,6.034433282e-14,1.04972198e-13,3.083655255e-13,1.947195675e-13,3.298609654e-13,5.558211327e-14,2.379227308e-13,8.404786309e-14
106.8671875,3.990863794e-13,1.49131655e-13,3.776661116e-13,1.898433575e-13,7.091978417e-14,1.743298511e-13,7.766019191e-14,6.459069522e-14,4.498289329e-14,6.752279019e-14,2.470097005e-13,5.95550928e-14,1.201254443e-13,2.35306932e-13,4.126431249e-13,7.245332365e-13,5.63222045e-13,3.212685753e-13,8.517073854e-14,3.545378781e-13,1.362272633e-13,2.444413949e-14,3.207608018e-14,8.674562965e-14,6.102432418e-14,1.065921865e-13,3.071646972e-13,1.947970664e-13,3.293386918e-13,5.581211207e-14,2.378632969e-13,8.48245416e-14
106.875,3.9762912e-13,1.488346575e-13,3.769081141e-13,1.91289838e-13,7.004299023e-14,1.755576826e-13,7.708643796e-14,6.48527162e-14,4.423362344e-14,6.618262302e-14,2.484029027e-13,5.921524462e-14,1.217256265e-13,2.345661983e-13,4.141757465e-13,7.244363062e-13,5.637943501e-13,3.197973e-13,8.666052398e-14,3.565951095e-13,1.359427589e-13,2.429625707e-14,3.206216774e-14,8.626216958e-14,6.170466587e-14,1.081932747e-13,3.05864472e-13,1.948776578e-13,3.28790028e-13,5.600584251e-14,2.377645416e-13,8.561450866e-14
106.8828125,3.961012477e-13,1.485061684e-13,3.761762099e-13,1.926322084e-13,6.928588724e-14,1.767200714e-13,7.652316556e-14,6.509237397e-14,4.350526529e-14,6.486864705e-14,2.498517663e-13,5.888219737e-14,1.232888827e-13,2.337764326e-13,4.155263206e-13,7.240329133e-13,5.640289901e-13,3.182024236e-13,8.81110367e-14,3.586739101e-13,1.356238628e-13,2.415906709e-14,3.20615388e-14,8.580165201e-14,6.237494121e-14,1.098334114e-13,3.044771766e-13,1.949398822e-13,3.282739413e-13,5.619234739e-14,2.376024824e-13,8.643856446e-14
106.890625,3.945539887e-13,1.481253122e-13,3.754800707e-13,1.938394273e-13,6.857054878e-14,1.778198418e-13,7.597793675e-14,6.534757126e-14,4.275904665e-14,6.355682215e-14,2.514114011e-13,5.855195077e-14,1.248421983e-13,2.329188375e-13,4.16704438e-13,7.234063876e-13,5.641433431e-13,3.166011363e-13,8.955216433e-14,3.607343378e-13,1.352976706e-13,2.401287447e-14,3.208715607e-14,8.535816559e-14,6.305171e-14,1.11485439e-13,3.030106561e-13,1.949667071e-13,3.27922603e-13,5.634706537e-14,2.373753841e-13,8.726522196e-14
106.8984375,3.926917128e-13,1.475860613e-13,3.748156654e-13,1.951022573e-13,6.780834616e-14,1.789364096e-13,7.546167142e-14,6.558785325e-14,4.200314429e-14,6.221754742e-14,2.528522121e-13,5.825152653e-14,1.264554403e-13,2.320376282e-13,4.176969642e-13,7.223666726e-13,5.640685271e-13,3.149164819e-13,9.101341367e-14,3.62523233e-13,1.349877883e-13,2.385939789e-14,3.214769355e-14,8.492315699e-14,6.377573823e-14,1.130404405e-13,3.014318043e-13,1.949218165e-13,3.275400138e-13,5.644413747e-14,2.371699238e-13,8.799941547e-14
106.90625,3.906176733e-13,1.470879378e-13,3.742400887e-13,1.965238459e-13,6.711851013e-14,1.800909338e-13,7.498192017e-14,6.57928428e-14,4.126523954e-14,6.09115801e-14,2.541336456e-13,5.800151311e-14,1.281469183e-13,2.311763678e-13,4.186370724e-13,7.209983122e-13,5.636777805e-13,3.131341913e-13,9.250391587e-14,3.641424782e-13,1.346682522e-13,2.372172822e-14,3.222580497e-14,8.450380003e-14,6.452078353e-14,1.145463271e-13,2.999098865e-13,1.948588434e-13,3.27109186e-13,5.650858942e-14,2.370484738e-13,8.865674837e-14
106.9140625,3.885560294e-13,1.468287916e-13,3.737200238e-13,1.979629522e-13,6.666474264e-14,1.811878878e-13,7.451378733e-14,6.600234521e-14,4.055657784e-14,5.969427609e-14,2.553995832e-13,5.779028349e-14,1.298081724e-13,2.302427268e-13,4.196012603e-13,7.196051969e-13,5.629782449e-13,3.111909849e-13,9.398533787e-14,3.661371424e-13,1.342836518e-13,2.360538372e-14,3.229161948e-14,8.411734755e-14,6.523171652e-14,1.161533177e-13,2.986126294e-13,1.948850682e-13,3.269196738e-13,5.657018942e-14,2.368985613e-13,8.935125153e-14
106.921875,3.864043598e-13,1.466508342e-13,3.730666429e-13,1.99293875e-13,6.636347188e-14,1.821545464e-13,7.40098539e-14,6.620277345e-14,3.986688408e-14,5.85229867e-14,2.566441533e-13,5.760355188e-14,1.313927568e-13,2.291997163e-13,4.204824584e-13,7.181696488e-13,5.62141182e-13,3.090753069e-13,9.544616475e-14,3.68603957e-13,1.338667973e-13,2.349239461e-14,3.236900796e-14,8.376720082e-14,6.59215836e-14,1.178361805e-13,2.973954589e-13,1.950324483e-13,3.269039202e-13,5.663963271e-14,2.366314592e-13,9.008180121e-14
106.9296875,3.841298542e-13,1.464199139e-13,3.721811113e-13,2.004916142e-13,6.601377053e-14,1.830672024e-13,7.349090814e-14,6.636090504e-14,3.917494307e-14,5.737568052e-14,2.577255702e-13,5.740564554e-14,1.329030843e-13,2.280891471e-13,4.211602395e-13,7.164897468e-13,5.612431807e-13,3.069351005e-13,9.686490012e-14,3.710205647e-13,1.334407926e-13,2.336344873e-14,3.248522738e-14,8.343469444e-14,6.660617176e-14,1.194332225e-13,2.961133017e-13,1.952319409e-13,3.267582352e-13,5.668200907e-14,2.362949475e-13,9.075692512e-14
106.9375,3.817915575e-13,1.461191082e-13,3.711193367e-13,2.014932941e-13,6.569854413e-14,1.840349997e-13,7.30246308e-14,6.649002419e-14,3.848141069e-14,5.626776106e-14,2.585909631e-13,5.716845651e-14,1.343015467e-13,2.269136828e-13,4.214504602e-13,7.142905678e-13,5.599495584e-13,3.047196712e-13,9.819141018e-14,3.730333776e-13,1.329468263e-13,2.323848126e-14,3.260741155e-14,8.310788607e-14,6.725374754e-14,1.208267616e-13,2.947952367e-13,1.953283768e-13,3.265058164e-13,5.661048099e-14,2.359257645e-13,9.13300954e-14
106.9453125,3.793231907e-13,1.456918631e-13,3.699504727e-13,2.022811268e-13,6.558324299e-14,1.849983724e-13,7.257882144e-14,6.658843062e-14,3.780455074e-14,5.516648685e-14,2.594041587e-13,5.693492662e-14,1.356441028e-13,2.256982652e-13,4.21246891e-13,7.11326339e-13,5.57954939e-13,3.022510661e-13,9.948659552e-14,3.746890774e-13,1.324393255e-13,2.314757146e-14,3.272277542e-14,8.278500061e-14,6.785312853e-14,1.220314748e-13,2.933869232e-13,1.952520029e-13,3.262694729e-13,5.643000762e-14,2.354995366e-13,9.180636642e-14
106.953125,3.766729736e-13,1.451901131e-13,3.687825757e-13,2.030386061e-13,6.549085198e-14,1.858972493e-13,7.209202129e-14,6.665207227e-14,3.713103962e-14,5.408426714e-14,2.603190291e-13,5.673953707e-14,1.369997399e-13,2.244268721e-13,4.208344548e-13,7.079049671e-13,5.555204374e-13,2.996250456e-13,1.00824001e-13,3.761765214e-13,1.320064749e-13,2.306296817e-14,3.285516588e-14,8.246575285e-14,6.842986329e-14,1.232057856e-13,2.918410919e-13,1.951714348e-13,3.260312498e-13,5.62588499e-14,2.350124429e-13,9.221892787e-14
106.9609375,3.738518221e-13,1.446713308e-13,3.677198492e-13,2.039425029e-13,6.53169161e-14,1.869159998e-13,7.1635908e-14,6.670477342e-14,3.643518989e-14,5.308842449e-14,2.611828529e-13,5.655156191e-14,1.383097965e-13,2.230516433e-13,4.205139036e-13,7.045678259e-13,5.530841665e-13,2.970363548e-13,1.021343581e-13,3.777787809e-13,1.315181833e-13,2.296186302e-14,3.298899216e-14,8.21706107e-14,6.901402883e-14,1.24433855e-13,2.902837549e-13,1.952386439e-13,3.258687418e-13,5.611583269e-14,2.345252158e-13,9.258367073e-14
106.96875,3.708929893e-13,1.440376092e-13,3.666860031e-13,2.048768899e-13,6.530045337e-14,1.881175914e-13,7.12644323e-14,6.6746438e-14,3.572635273e-14,5.214041483e-14,2.618010459e-13,5.633683579e-14,1.395090963e-13,2.215631838e-13,4.201025829e-13,7.011883819e-13,5.505985156e-13,2.944120474e-13,1.033448909e-13,3.796387812e-13,1.308633635e-13,2.286671435e-14,3.310680718e-14,8.191929968e-14,6.959609798e-14,1.25602217e-13,2.887431045e-13,1.953403367e-13,3.258369775e-13,5.591799946e-14,2.339817645e-13,9.2885881e-14
106.9765625,3.678287495e-13,1.432793095e-13,3.655596898e-13,2.056441582e-13,6.548023218e-14,1.892373903e-13,7.087845101e-14,6.676217285e-14,3.502474073e-14,5.117588126e-14,2.622671473e-13,5.608951566e-14,1.405905068e-13,2.199014642e-13,4.192988856e-13,6.972960701e-13,5.476371543e-13,2.91493271e-13,1.044786381e-13,3.814718724e-13,1.301728375e-13,2.276549003e-14,3.32339229e-14,8.16929023e-14,7.011722993e-14,1.266494211e-13,2.870826226e-13,1.953493783e-13,3.25741994e-13,5.565740965e-14,2.33186024e-13,9.313447219e-14
106.984375,3.646848443e-13,1.425252397e-13,3.644359687e-13,2.063013078e-13,6.569298085e-14,1.902519697e-13,7.043442669e-14,6.675703135e-14,3.435384694e-14,5.025837885e-14,2.626979392e-13,5.58680976e-14,1.416278352e-13,2.181913507e-13,4.182227296e-13,6.929085929e-13,5.441660105e-13,2.882601554e-13,1.056288156e-13,3.829442168e-13,1.29517448e-13,2.265745373e-14,3.338627615e-14,8.145700608e-14,7.058446655e-14,1.276424011e-13,2.853282977e-13,1.953746867e-13,3.25475737e-13,5.537114501e-14,2.322772544e-13,9.335114153e-14
106.9921875,3.614842986e-13,1.418056037e-13,3.6343539e-13,2.069644085e-13,6.593307825e-14,1.91381705e-13,7.002374586e-14,6.674202979e-14,3.374544794e-14,4.943662828e-14,2.630240563e-13,5.574542337e-14,1.427015766e-13,2.167016499e-13,4.171274352e-13,6.882836926e-13,5.405895446e-13,2.849852232e-13,1.068546078e-13,3.841764044e-13,1.287958819e-13,2.259470856e-14,3.356130467e-14,8.120861541e-14,7.107137598e-14,1.28594814e-13,2.836711708e-13,1.955235997e-13,3.252427258e-13,5.506935199e-14,2.316244512e-13,9.353815076e-14
107,3.581338599e-13,1.410412682e-13,3.624116667e-13,2.075619156e-13,6.615727556e-14,1.925162868e-13,6.966669452e-14,6.671679566e-14,3.318068507e-14,4.864770452e-14,2.632047468e-13,5.567407865e-14,1.437095878e-13,2.152591586e-13,4.15884665e-13,6.833671969e-13,5.36896412e-13,2.817172114e-13,1.080322228e-13,3.854581608e-13,1.280021429e-13,2.256265796e-14,3.375970706e-14,8.101375976e-14,7.155384688e-14,1.294861207e-13,2.82150005e-13,1.956933026e-13,3.252154338e-13,5.476055863e-14,2.311217819e-13,9.367072947e-14
107.0078125,3.54569019e-13,1.402003456e-13,3.612357069e-13,2.080294604e-13,6.633189319e-14,1.935366199e-13,6.929735842e-14,6.665502574e-14,3.259984411e-14,4.78615739e-14,2.633036778e-13,5.56002603e-14,1.446142664e-13,2.136199591e-13,4.143189169e-13,6.78036502e-13,5.328057056e-13,2.782894082e-13,1.090905936e-13,3.867843338e-13,1.272044047e-13,2.251683186e-14,3.39751718e-14,8.094461778e-14,7.197903649e-14,1.303221321e-13,2.806185215e-13,1.957956185e-13,3.253109994e-13,5.44283999e-14,2.305059847e-13,9.370047471e-14
107.015625,3.509392928e-13,1.392745897e-13,3.601294427e-13,2.084015667e-13,6.661890863e-14,1.946504485e-13,6.891562629e-14,6.654701253e-14,3.199949419e-14,4.711760048e-14,2.633630632e-13,5.558832949e-14,1.456059636e-13,2.120232797e-13,4.126303378e-13,6.72387573e-13,5.284527334e-13,2.747678695e-13,1.101950481e-13,3.880485028e-13,1.263457721e-13,2.248816338e-14,3.420513369e-14,8.093152162e-14,7.240087746e-14,1.311063856e-13,2.789822522e-13,1.958610428e-13,3.25398376e-13,5.405395949e-14,2.299193577e-13,9.36559602e-14
107.0234375,3.472675104e-13,1.381829945e-13,3.592834942e-13,2.08719905e-13,6.704591073e-14,1.958531102e-13,6.855449841e-14,6.643136179e-14,3.143010204e-14,4.643278296e-14,2.633723586e-13,5.565325768e-14,1.466368536e-13,2.105361594e-13,4.108969619e-13,6.664415853e-13,5.23857355e-13,2.712089894e-13,1.113346948e-13,3.892486502e-13,1.25357748e-13,2.248772821e-14,3.444600351e-14,8.084455509e-14,7.283363325e-14,1.318686299e-13,2.773480926e-13,1.958693748e-13,3.255304205e-13,5.366078794e-14,2.294406741e-13,9.362557798e-14
107.03125,3.434407268e-13,1.369506114e-13,3.584834518e-13,2.090837633e-13,6.748539283e-14,1.969468378e-13,6.819892968e-14,6.630776878e-14,3.091119309e-14,4.579504443e-14,2.632854888e-13,5.574039719e-14,1.474580846e-13,2.089299297e-13,4.088773128e-13,6.601381439e-13,5.188178422e-13,2.675244781e-13,1.123115528e-13,3.903286476e-13,1.243006885e-13,2.249100208e-14,3.467472993e-14,8.071836586e-14,7.320502494e-14,1.325928735e-13,2.759183905e-13,1.958396007e-13,3.258455124e-13,5.324921661e-14,2.289622641e-13,9.356818321e-14
107.0390625,3.395114824e-13,1.357456275e-13,3.575200446e-13,2.094758891e-13,6.791098016e-14,1.980093952e-13,6.785053019e-14,6.613956872e-14,3.040387937e-14,4.518119613e-14,2.630560043e-13,5.583670034e-14,1.481056124e-13,2.072276553e-13,4.066179121e-13,6.536718449e-13,5.136587713e-13,2.638298169e-13,1.131956081e-13,3.91325779e-13,1.232198764e-13,2.25103392e-14,3.489583206e-14,8.067196007e-14,7.352577463e-14,1.331885888e-13,2.746682612e-13,1.95870597e-13,3.262465664e-13,5.279750081e-14,2.285431257e-13,9.340115875e-14
107.046875,3.35475861e-13,1.345128411e-13,3.565308011e-13,2.096614147e-13,6.830897782e-14,1.991302443e-13,6.755194016e-14,6.595168982e-14,2.986363229e-14,4.457410152e-14,2.626979448e-13,5.589934418e-14,1.487079827e-13,2.054205735e-13,4.04346125e-13,6.472149153e-13,5.086524891e-13,2.601939798e-13,1.14123624e-13,3.924553561e-13,1.220790345e-13,2.252948582e-14,3.515467342e-14,8.071743694e-14,7.386312117e-14,1.336867428e-13,2.733412747e-13,1.959157488e-13,3.265281986e-13,5.232588696e-14,2.281507854e-13,9.318907929e-14
107.0546875,3.314307132e-13,1.33158616e-13,3.556246776e-13,2.096921461e-13,6.874781764e-14,2.002535202e-13,6.72891203e-14,6.576495689e-14,2.931319784e-14,4.400534621e-14,2.622517471e-13,5.593462048e-14,1.492922703e-13,2.035065581e-13,4.019946225e-13,6.406469329e-13,5.035269901e-13,2.565354859e-13,1.150537832e-13,3.936788177e-13,1.209093667e-13,2.253233556e-14,3.545875374e-14,8.079825888e-14,7.421818195e-14,1.342045004e-13,2.719448251e-13,1.959730763e-13,3.268171083e-13,5.184996957e-14,2.27721262e-13,9.298395542e-14
107.0625,3.277483978e-13,1.319103849e-13,3.546492432e-13,2.098918984e-13,6.937628497e-14,2.014518726e-13,6.699719566e-14,6.553759399e-14,2.880971146e-14,4.351065064e-14,2.616798243e-13,5.606842638e-14,1.499306883e-13,2.018227937e-13,3.995289729e-13,6.339094832e-13,4.982800118e-13,2.530008514e-13,1.160156233e-13,3.947250306e-13,1.197654082e-13,2.257714346e-14,3.576751559e-14,8.085104526e-14,7.455632527e-14,1.346901398e-13,2.707333927e-13,1.962159273e-13,3.272663907e-13,5.13542254e-14,2.27467724e-13,9.271795224e-14
107.0703125,3.242419607e-13,1.30696422e-13,3.535830507e-13,2.101471599e-13,7.007696645e-14,2.027798721e-13,6.669052858e-14,6.525325338e-14,2.834342564e-14,4.30690211e-14,2.609063742e-13,5.628957751e-14,1.505508062e-13,2.003631687e-13,3.97072184e-13,6.269784666e-13,4.92976138e-13,2.495731278e-13,1.170045005e-13,3.955408689e-13,1.185715727e-13,2.266955259e-14,3.606844604e-14,8.084995748e-14,7.485745195e-14,1.350177635e-13,2.696023796e-13,1.965198007e-13,3.276578234e-13,5.083220421e-14,2.27415751e-13,9.235484197e-14
107.078125,3.203243952e-13,1.291105036e-13,3.52670563e-13,2.101961113e-13,7.066934821e-14,2.041341122e-13,6.644071498e-14,6.493169151e-14,2.786864684e-14,4.266370074e-14,2.599869537e-13,5.647987471e-14,1.509962074e-13,1.98722545e-13,3.945625598e-13,6.197090469e-13,4.872893935e-13,2.45927292e-13,1.178692275e-13,3.962642537e-13,1.172620234e-13,2.27438139e-14,3.638089359e-14,8.087096701e-14,7.512480714e-14,1.35238743e-13,2.682886297e-13,1.96627977e-13,3.279620909e-13,5.029157873e-14,2.273409369e-13,9.191907993e-14
107.0859375,3.162180198e-13,1.273916921e-13,3.518892718e-13,2.102671027e-13,7.129364404e-14,2.054523358e-13,6.623282661e-14,6.459195901e-14,2.739134226e-14,4.231275287e-14,2.590251701e-13,5.66742258e-14,1.513593024e-13,1.969459802e-13,3.918920376e-13,6.122122486e-13,4.813310975e-13,2.42165841e-13,1.186334909e-13,3.970729326e-13,1.15896226e-13,2.280496944e-14,3.670297699e-14,8.097485826e-14,7.536924634e-14,1.354826167e-13,2.669593174e-13,1.96768151e-13,3.28428226e-13,4.975686145e-14,2.272699132e-13,9.143881226e-14
107.09375,3.124425074e-13,1.259746216e-13,3.508416763e-13,2.10472759e-13,7.209041879e-14,2.067413788e-13,6.600927386e-14,6.424058818e-14,2.693734201e-14,4.2007994e-14,2.579372765e-13,5.691000542e-14,1.517202274e-13,1.952698044e-13,3.890194993e-13,6.046367439e-13,4.754334427e-13,2.385612044e-13,1.194183609e-13,3.97965316e-13,1.144996928e-13,2.289365836e-14,3.702338886e-14,8.112568756e-14,7.557945245e-14,1.357107237e-13,2.657904256e-13,1.971727691e-13,3.289087864e-13,4.922610925e-14,2.272718471e-13,9.091951632e-14
107.1015625,3.088490132e-13,1.245538437e-13,3.49462775e-13,2.104990528e-13,7.292715736e-14,2.080700982e-13,6.580168619e-14,6.38439811e-14,2.650929411e-14,4.173622149e-14,2.566410369e-13,5.712849361e-14,1.519885193e-13,1.936333449e-13,3.859011071e-13,5.967699385e-13,4.692930641e-13,2.349475069e-13,1.201961759e-13,3.984683145e-13,1.130412701e-13,2.300684925e-14,3.735276907e-14,8.132017649e-14,7.576049575e-14,1.357696465e-13,2.645819179e-13,1.975923757e-13,3.292375425e-13,4.863810444e-14,2.272986564e-13,9.031116577e-14
107.109375,3.052482725e-13,1.228947563e-13,3.481292804e-13,2.104164692e-13,7.36500727e-14,2.095636582e-13,6.567029037e-14,6.341140914e-14,2.610421632e-14,4.152899081e-14,2.55267648e-13,5.734753819e-14,1.521911962e-13,1.920090061e-13,3.827632355e-13,5.886976406e-13,4.628196169e-13,2.312943736e-13,1.20955849e-13,3.983566504e-13,1.115291416e-13,2.313019055e-14,3.769620373e-14,8.156378989e-14,7.59489333e-14,1.356522674e-13,2.632855416e-13,1.979417166e-13,3.296875341e-13,4.799479166e-14,2.274149112e-13,8.961139262e-14
107.1171875,3.017696203e-13,1.213257797e-13,3.469571116e-13,2.106388164e-13,7.43047476e-14,2.112444945e-13,6.559909214e-14,6.301256644e-14,2.571125024e-14,4.141092327e-14,2.538269283e-13,5.759205302e-14,1.523760466e-13,1.904303547e-13,3.799347817e-13,5.809331465e-13,4.565492957e-13,2.278964832e-13,1.217167538e-13,3.983258966e-13,1.099454822e-13,2.325174471e-14,3.804097156e-14,8.178181757e-14,7.614392674e-14,1.35487698e-13,2.620816411e-13,1.98499783e-13,3.302419339e-13,4.738844172e-14,2.275961326e-13,8.889804486e-14
107.125,2.983696603e-13,1.199065178e-13,3.45762683e-13,2.111136918e-13,7.505561131e-14,2.130376144e-13,6.553834333e-14,6.260252251e-14,2.531606086e-14,4.136658494e-14,2.52159573e-13,5.783966566e-14,1.524907356e-13,1.888430534e-13,3.772913797e-13,5.734820624e-13,4.505436865e-13,2.247372227e-13,1.224326451e-13,3.988566909e-13,1.082601902e-13,2.337854237e-14,3.839279073e-14,8.195714164e-14,7.631794816e-14,1.353046769e-13,2.60949737e-13,1.992808251e-13,3.306505312e-13,4.682803076e-14,2.277708489e-13,8.81531312e-14
107.1328125,2.949122424e-13,1.183875958e-13,3.444946343e-13,2.11434124e-13,7.590364281e-14,2.148014827e-13,6.547207959e-14,6.209594523e-14,2.492615295e-14,4.137448145e-14,2.503546985e-13,5.811900084e-14,1.525394848e-13,1.872138403e-13,3.74476105e-13,5.658940214e-13,4.443662909e-13,2.215586445e-13,1.230943118e-13,3.994233566e-13,1.065263003e-13,2.352386963e-14,3.877596108e-14,8.216672883e-14,7.647659728e-14,1.350623915e-13,2.598254395e-13,1.99993348e-13,3.311523665e-13,4.623530183e-14,2.280701596e-13,8.732487275e-14
107.140625,2.915094397e-13,1.167255201e-13,3.431894727e-13,2.114175972e-13,7.668800612e-14,2.163790375e-13,6.542087342e-14,6.156058884e-14,2.45678306e-14,4.140840932e-14,2.48547853e-13,5.842557937e-14,1.525023983e-13,1.855455709e-13,3.713884674e-13,5.580390801e-13,4.379523713e-13,2.183097222e-13,1.236853114e-13,3.99582745e-13,1.047963029e-13,2.366352248e-14,3.919767901e-14,8.245540106e-14,7.663639775e-14,1.347853603e-13,2.587756981e-13,2.005325459e-13,3.319103364e-13,4.559767974e-14,2.284905822e-13,8.648910803e-14
107.1484375,2.884298347e-13,1.150274448e-13,3.41970509e-13,2.112427352e-13,7.743471116e-14,2.179488805e-13,6.541304392e-14,6.104900815e-14,2.426564401e-14,4.144474509e-14,2.465886276e-13,5.875320358e-14,1.523524476e-13,1.840043444e-13,3.681689562e-13,5.501198099e-13,4.316001867e-13,2.151420955e-13,1.24201952e-13,3.995357898e-13,1.030508487e-13,2.380999639e-14,3.963534198e-14,8.282892779e-14,7.67928181e-14,1.344617151e-13,2.577907675e-13,2.011181163e-13,3.326293624e-13,4.496854421e-14,2.289445034e-13,8.567240009e-14
107.15625,2.856617096e-13,1.134191031e-13,3.410084968e-13,2.111681456e-13,7.822580636e-14,2.198262356e-13,6.544838025e-14,6.051175226e-14,2.401240562e-14,4.150361807e-14,2.444334712e-13,5.917264965e-14,1.521535829e-13,1.82708019e-13,3.649808153e-13,5.422817147e-13,4.254502366e-13,2.121470436e-13,1.247428222e-13,3.994355692e-13,1.012444381e-13,2.401203767e-14,4.00574383e-14,8.323635064e-14,7.692364629e-14,1.340469147e-13,2.568247892e-13,2.019107323e-13,3.33273633e-13,4.437825577e-14,2.296098839e-13,8.478744125e-14
107.1640625,2.827498489e-13,1.119131421e-13,3.401380033e-13,2.111485241e-13,7.88872744e-14,2.21818071e-13,6.550390791e-14,5.998009389e-14,2.376889614e-14,4.163140442e-14,2.422557844e-13,5.962920319e-14,1.518358481e-13,1.81277521e-13,3.61770897e-13,5.343773475e-13,4.191747728e-13,2.091533989e-13,1.252591676e-13,3.991812319e-13,9.935093284e-14,2.42217333e-14,4.046686724e-14,8.358280251e-14,7.700852772e-14,1.33598257e-13,2.558851149e-13,2.027181e-13,3.340355323e-13,4.380554226e-14,2.305056682e-13,8.38438586e-14
107.171875,2.795650846e-13,1.104269623e-13,3.391678055e-13,2.110522434e-13,7.937894862e-14,2.236458451e-13,6.557100161e-14,5.948000752e-14,2.352487421e-14,4.183861141e-14,2.400657681e-13,6.004177102e-14,1.513630308e-13,1.795272673e-13,3.584193612e-13,5.261802119e-13,4.124168471e-13,2.060615638e-13,1.256436765e-13,3.987284229e-13,9.743360395e-14,2.439157625e-14,4.089500569e-14,8.389857075e-14,7.70625549e-14,1.331466652e-13,2.549684977e-13,2.034391154e-13,3.348892551e-13,4.321539822e-14,2.314467966e-13,8.289243712e-14
107.1796875,2.766808043e-13,1.090108123e-13,3.383806127e-13,2.110331478e-13,7.999911141e-14,2.255418015e-13,6.565418614e-14,5.891749976e-14,2.330453511e-14,4.208768074e-14,2.378148103e-13,6.055839606e-14,1.510267174e-13,1.780216155e-13,3.551388216e-13,5.178844101e-13,4.055542279e-13,2.031833739e-13,1.2612331e-13,3.98153981e-13,9.558052377e-14,2.460053859e-14,4.134913763e-14,8.430118459e-14,7.712492866e-14,1.32611096e-13,2.541408948e-13,2.043367489e-13,3.358163053e-13,4.262219638e-14,2.325780559e-13,8.188979701e-14
107.1875,2.743791854e-13,1.076001453e-13,3.37945152e-13,2.110732608e-13,8.08289032e-14,2.276457362e-13,6.575908141e-14,5.828155444e-14,2.310940337e-14,4.234666093e-14,2.355317942e-13,6.124630829e-14,1.508926451e-13,1.769700063e-13,3.520987741e-13,5.098048952e-13,3.991178238e-13,2.006801779e-13,1.268453251e-13,3.97520029e-13,9.374789121e-14,2.487996843e-14,4.183320639e-14,8.481005749e-14,7.721362712e-14,1.319967417e-13,2.534562183e-13,2.054137225e-13,3.368718274e-13,4.205656976e-14,2.340284801e-13,8.084167357e-14
107.1953125,2.723081385e-13,1.059803621e-13,3.37595457e-13,2.108941725e-13,8.162419857e-14,2.297714497e-13,6.590580455e-14,5.766839437e-14,2.293004792e-14,4.264640321e-14,2.331235633e-13,6.19392622e-14,1.505931578e-13,1.758256404e-13,3.490389178e-13,5.01865179e-13,3.928795547e-13,1.98261349e-13,1.275106899e-13,3.967653628e-13,9.186417772e-14,2.515678497e-14,4.237008315e-14,8.540070399e-14,7.731721722e-14,1.313905867e-13,2.528114632e-13,2.063881407e-13,3.380690281e-13,4.149251986e-14,2.355809036e-13,7.982406554e-14
107.203125,2.702585772e-13,1.043338887e-13,3.372309646e-13,2.106705461e-13,8.229323141e-14,2.319865797e-13,6.61112186e-14,5.709104897e-14,2.276797635e-14,4.304535923e-14,2.305318232e-13,6.259863849e-14,1.500876563e-13,1.744077788e-13,3.458843397e-13,4.940711187e-13,3.865849303e-13,1.958150746e-13,1.279925706e-13,3.958749134e-13,8.995712239e-14,2.541986993e-14,4.294401965e-14,8.605118239e-14,7.74172387e-14,1.307685592e-13,2.521943498e-13,2.073959647e-13,3.394245165e-13,4.090074908e-14,2.371774983e-13,7.881795417e-14
107.2109375,2.682348447e-13,1.029172654e-13,3.369253898e-13,2.107439498e-13,8.29132658e-14,2.344143272e-13,6.634401199e-14,5.651072472e-14,2.261590072e-14,4.353897844e-14,2.278814954e-13,6.330563625e-14,1.496786096e-13,1.730343736e-13,3.429156496e-13,4.866663575e-13,3.804864586e-13,1.935021253e-13,1.285091471e-13,3.949665515e-13,8.803169419e-14,2.570071206e-14,4.352475293e-14,8.669546675e-14,7.751606344e-14,1.300741909e-13,2.517394489e-13,2.086671765e-13,3.408527482e-13,4.030238437e-14,2.389476018e-13,7.775869962e-14
107.21875,2.662319336e-13,1.014903456e-13,3.366153868e-13,2.109336906e-13,8.347617928e-14,2.368694108e-13,6.655122323e-14,5.593863411e-14,2.247691577e-14,4.40676886e-14,2.251955543e-13,6.404802791e-14,1.49335882e-13,1.717680047e-13,3.401093233e-13,4.794965628e-13,3.745506978e-13,1.913177308e-13,1.290622741e-13,3.940325708e-13,8.604682361e-14,2.599120304e-14,4.412051005e-14,8.734163518e-14,7.762622507e-14,1.293463311e-13,2.514059193e-13,2.099721307e-13,3.423095295e-13,3.971488319e-14,2.408683712e-13,7.666483587e-14
107.2265625,2.644660133e-13,9.991962523e-14,3.363103914e-13,2.110415761e-13,8.396796052e-14,2.392761784e-13,6.673572875e-14,5.540322792e-14,2.236680179e-14,4.460216013e-14,2.223786291e-13,6.480872042e-14,1.488744665e-13,1.704884262e-13,3.372260697e-13,4.722365883e-13,3.685408988e-13,1.892329887e-13,1.295254373e-13,3.93056755e-13,8.400722166e-14,2.62913887e-14,4.471805445e-14,8.807173511e-14,7.773422392e-14,1.28607231e-13,2.510514386e-13,2.111832685e-13,3.438990552e-13,3.913392533e-14,2.429111973e-13,7.558104439e-14
107.234375,2.630399672e-13,9.845204025e-14,3.361205495e-13,2.1122092e-13,8.444074098e-14,2.417734989e-13,6.69461309e-14,5.490212924e-14,2.227263108e-14,4.515445391e-14,2.194575956e-13,6.55927082e-14,1.483757904e-13,1.691898673e-13,3.343303046e-13,4.650361227e-13,3.626552427e-13,1.87332332e-13,1.299854321e-13,3.92215889e-13,8.195680963e-14,2.660176336e-14,4.530540546e-14,8.885933789e-14,7.78326577e-14,1.27830394e-13,2.506940076e-13,2.125002386e-13,3.455278726e-13,3.856224951e-14,2.451210415e-13,7.450834156e-14
107.2421875,2.616178722e-13,9.705911422e-14,3.361700986e-13,2.114906538e-13,8.49201663e-14,2.443912553e-13,6.720571174e-14,5.438978803e-14,2.2184854e-14,4.572936976e-14,2.165673458e-13,6.643065308e-14,1.479346755e-13,1.679126996e-13,3.316369906e-13,4.58197621e-13,3.570115951e-13,1.85594514e-13,1.305245338e-13,3.914662348e-13,7.997735697e-14,2.691668058e-14,4.593976035e-14,8.963839648e-14,7.795515954e-14,1.270593486e-13,2.504181313e-13,2.138776796e-13,3.471762612e-13,3.800543075e-14,2.475629171e-13,7.344151982e-14
107.25,2.601031767e-13,9.554324673e-14,3.365536308e-13,2.117253673e-13,8.541573501e-14,2.47075546e-13,6.750526329e-14,5.382739614e-14,2.212825741e-14,4.632497337e-14,2.137963817e-13,6.739825699e-14,1.474860652e-13,1.667426533e-13,3.291790388e-13,4.517069864e-13,3.514021473e-13,1.839777069e-13,1.310970288e-13,3.905481429e-13,7.809327281e-14,2.726538962e-14,4.664520611e-14,9.042757499e-14,7.812725942e-14,1.263401573e-13,2.502805076e-13,2.151682276e-13,3.491693411e-13,3.746772254e-14,2.503302189e-13,7.238971841e-14
107.2578125,2.588888663e-13,9.40750811e-14,3.36994692e-13,2.119765159e-13,8.593452658e-14,2.497868315e-13,6.78221506e-14,5.324234946e-14,2.210524521e-14,4.696109356e-14,2.110282461e-13,6.842305353e-14,1.469974828e-13,1.657272076e-13,3.268160314e-13,4.454101524e-13,3.45892461e-13,1.82540942e-13,1.316711159e-13,3.895080593e-13,7.617423409e-14,2.76527073e-14,4.738406366e-14,9.123484941e-14,7.833689733e-14,1.255922244e-13,2.502912933e-13,2.165574913e-13,3.513878854e-13,3.694314809e-14,2.53325936e-13,7.134546966e-14
107.265625,2.580606775e-13,9.282521362e-14,3.371824306e-13,2.123262848e-13,8.644050979e-14,2.5252975e-13,6.813398046e-14,5.268614395e-14,2.208613264e-14,4.764733415e-14,2.080725287e-13,6.937586277e-14,1.465064744e-13,1.647734249e-13,3.244548391e-13,4.39270822e-13,3.406445268e-13,1.812738031e-13,1.322137925e-13,3.884627833e-13,7.417380852e-14,2.804397662e-14,4.81621183e-14,9.205276231e-14,7.856054257e-14,1.247360379e-13,2.503264272e-13,2.181234017e-13,3.533888121e-13,3.640471993e-14,2.563503596e-13,7.028774093e-14
107.2734375,2.572178856e-13,9.154757695e-14,3.374747468e-13,2.127102262e-13,8.689807371e-14,2.553533245e-13,6.84484545e-14,5.218446163e-14,2.205898908e-14,4.834979447e-14,2.050609327e-13,7.035793192e-14,1.460577019e-13,1.638245675e-13,3.221750291e-13,4.333541532e-13,3.355507386e-13,1.801147886e-13,1.327025174e-13,3.873005657e-13,7.223928753e-14,2.844246498e-14,4.898943298e-14,9.291480996e-14,7.879356127e-14,1.238302817e-13,2.503002258e-13,2.195439414e-13,3.554222369e-13,3.584883192e-14,2.594978833e-13,6.921988984e-14
107.28125,2.562550836e-13,9.007431783e-14,3.381534608e-13,2.130467609e-13,8.727340131e-14,2.581597598e-13,6.876086734e-14,5.173044413e-14,2.202884902e-14,4.906151907e-14,2.022215027e-13,7.144646035e-14,1.456828203e-13,1.628949542e-13,3.199867969e-13,4.276838664e-13,3.306166096e-13,1.791000374e-13,1.331839878e-13,3.860368312e-13,7.039564183e-14,2.884748219e-14,4.985073904e-14,9.381579347e-14,7.905928361e-14,1.229497292e-13,2.503543012e-13,2.207374653e-13,3.578029182e-13,3.531826527e-14,2.629060448e-13,6.815677656e-14
107.2890625,2.555419967e-13,8.869508116e-14,3.387248333e-13,2.133983317e-13,8.752934044e-14,2.608049053e-13,6.902336962e-14,5.127588983e-14,2.199894073e-14,4.983843318e-14,1.993770157e-13,7.250904451e-14,1.453428442e-13,1.619344158e-13,3.177483124e-13,4.222288853e-13,3.25932298e-13,1.782654901e-13,1.336858086e-13,3.84770379e-13,6.851854536e-14,2.922290743e-14,5.076447547e-14,9.473346845e-14,7.935359392e-14,1.220703381e-13,2.505940269e-13,2.220881308e-13,3.601553313e-13,3.483125044e-14,2.664209445e-13,6.70866421e-14
107.296875,2.55173289e-13,8.758068836e-14,3.389848578e-13,2.138778998e-13,8.772949686e-14,2.633989121e-13,6.926334968e-14,5.079396965e-14,2.196871529e-14,5.069715438e-14,1.963159324e-13,7.353719295e-14,1.449671504e-13,1.609420385e-13,3.15495254e-13,4.170032426e-13,3.213356787e-13,1.775490224e-13,1.341661602e-13,3.834403562e-13,6.661406579e-14,2.958056357e-14,5.171300529e-14,9.569634215e-14,7.963613079e-14,1.21156113e-13,2.509239873e-13,2.23726231e-13,3.623858124e-13,3.43525185e-14,2.699513284e-13,6.6001264e-14
107.3046875,2.548351298e-13,8.646281358e-14,3.394406632e-13,2.144409949e-13,8.794938434e-14,2.660984822e-13,6.957554622e-14,5.033542539e-14,2.194713017e-14,5.159823571e-14,1.932093572e-13,7.46465598e-14,1.445592047e-13,1.600255401e-13,3.133926607e-13,4.120149223e-13,3.167763305e-13,1.769313675e-13,1.345867991e-13,3.820478718e-13,6.475914153e-14,2.99575033e-14,5.264888133e-14,9.669915881e-14,7.992476223e-14,1.202558286e-13,2.513128327e-13,2.253615093e-13,3.64909916e-13,3.38728736e-14,2.736463003e-13,6.493292425e-14
107.3125,2.545618835e-13,8.526193221e-14,3.402545992e-13,2.149769533e-13,8.809961429e-14,2.68860106e-13,6.992515415e-14,4.994427369e-14,2.19699658e-14,5.254042805e-14,1.902067915e-13,7.582552882e-14,1.441555541e-13,1.592116843e-13,3.114361452e-13,4.0721749e-13,3.124618982e-13,1.76528978e-13,1.349808252e-13,3.806364285e-13,6.294477548e-14,3.034489595e-14,5.361936385e-14,9.771600867e-14,8.026275439e-14,1.194559218e-13,2.518236778e-13,2.269270303e-13,3.676930426e-13,3.34347714e-14,2.776105152e-13,6.391645241e-14
107.3203125,2.546819251e-13,8.425294489e-14,3.411915773e-13,2.154986995e-13,8.81155972e-14,2.715799858e-13,7.020251683e-14,4.959148653e-14,2.204609042e-14,5.353278459e-14,1.872432152e-13,7.704942916e-14,1.437686611e-13,1.584525565e-13,3.096089189e-13,4.026411329e-13,3.084178744e-13,1.764284539e-13,1.354264756e-13,3.792164808e-13,6.115655693e-14,3.072893517e-14,5.466194398e-14,9.877776961e-14,8.061959999e-14,1.187657005e-13,2.524063491e-13,2.2862101e-13,3.704798143e-13,3.305691048e-14,2.81829885e-13,6.295032788e-14
107.328125,2.550835238e-13,8.348793099e-14,3.423392679e-13,2.16123759e-13,8.811779574e-14,2.742315226e-13,7.045009445e-14,4.92303163e-14,2.212143414e-14,5.454808326e-14,1.843134596e-13,7.835602923e-14,1.434363842e-13,1.577871702e-13,3.080105889e-13,3.98405942e-13,3.0460664e-13,1.765669272e-13,1.3593462e-13,3.779708076e-13,5.941156682e-14,3.111812419e-14,5.571013107e-14,9.987633532e-14,8.097931668e-14,1.181076322e-13,2.530417525e-13,2.30457702e-13,3.734582347e-13,3.271184528e-14,2.862744243e-13,6.200853103e-14
107.3359375,2.555238202e-13,8.276514389e-14,3.438354655e-13,2.169301691e-13,8.815766292e-14,2.769322551e-13,7.078696902e-14,4.885345486e-14,2.218144749e-14,5.558706473e-14,1.814277783e-13,7.973546449e-14,1.431982317e-13,1.572606428e-13,3.066171012e-13,3.945301005e-13,3.011698053e-13,1.768597626e-13,1.364486379e-13,3.769182822e-13,5.771974662e-14,3.152146726e-14,5.675280853e-14,1.00982694e-13,8.139111765e-14,1.174253015e-13,2.538415889e-13,2.323272345e-13,3.768254814e-13,3.237423972e-14,2.909436968e-13,6.107140593e-14
107.34375,2.561361048e-13,8.199215037e-14,3.454982935e-13,2.177667623e-13,8.809629804e-14,2.797346277e-13,7.119561144e-14,4.849184475e-14,2.227032302e-14,5.666649036e-14,1.785183381e-13,8.115729793e-14,1.430092472e-13,1.567516875e-13,3.052500659e-13,3.908797953e-13,2.980074916e-13,1.772671093e-13,1.369383379e-13,3.757253142e-13,5.60894045e-14,3.193640168e-14,5.785788698e-14,1.021785406e-13,8.185318917e-14,1.16728391e-13,2.547585093e-13,2.341835364e-13,3.80425375e-13,3.204152663e-14,2.958530404e-13,6.015111039e-14
107.3515625,2.569424332e-13,8.122314666e-14,3.471838758e-13,2.184984108e-13,8.786094865e-14,2.823918573e-13,7.156093478e-14,4.817663208e-14,2.237162626e-14,5.777231762e-14,1.756063322e-13,8.260159537e-14,1.427933672e-13,1.560944838e-13,3.038483255e-13,3.874248994e-13,2.948339637e-13,1.777591433e-13,1.373851512e-13,3.744247502e-13,5.450631001e-14,3.233946502e-14,5.904048025e-14,1.03499438e-13,8.232526168e-14,1.160582736e-13,2.556381471e-13,2.360223818e-13,3.841158841e-13,3.173433611e-14,3.009477527e-13,5.92794585e-14
107.359375,2.578119869e-13,8.059003069e-14,3.489448992e-13,2.193994998e-13,8.760113547e-14,2.848519675e-13,7.185317148e-14,4.79210053e-14,2.245338431e-14,5.891551018e-14,1.727623369e-13,8.406795441e-14,1.425626142e-13,1.553767215e-13,3.025685184e-13,3.843520062e-13,2.917890087e-13,1.784094677e-13,1.378070928e-13,3.733677496e-13,5.295325862e-14,3.272803427e-14,6.027462332e-14,1.048209189e-13,8.282286759e-14,1.154658988e-13,2.565623573e-13,2.37939545e-13,3.879564516e-13,3.147466203e-14,3.061714613e-13,5.847220314e-14
107.3671875,2.589415675e-13,8.015282994e-14,3.508756695e-13,2.205889397e-13,8.747744282e-14,2.874536373e-13,7.215903617e-14,4.772933966e-14,2.25635853e-14,6.012561499e-14,1.699439656e-13,8.561033968e-14,1.424093817e-13,1.548603394e-13,3.01550044e-13,3.817415358e-13,2.891283789e-13,1.793437714e-13,1.382936256e-13,3.723927335e-13,5.145569988e-14,3.313823118e-14,6.154306739e-14,1.061107139e-13,8.337660585e-14,1.149607802e-13,2.576717227e-13,2.400173424e-13,3.920382138e-13,3.124446323e-14,3.116057336e-13,5.772817715e-14
107.375,2.604112696e-13,7.977122143e-14,3.531034239e-13,2.216680832e-13,8.739778443e-14,2.901926601e-13,7.252636133e-14,4.756492892e-14,2.271638579e-14,6.138488698e-14,1.671069616e-13,8.723439234e-14,1.423984017e-13,1.545413296e-13,3.00706385e-13,3.794587112e-13,2.866847191e-13,1.805015568e-13,1.388434028e-13,3.71150508e-13,5.002248315e-14,3.356785623e-14,6.284808739e-14,1.074740795e-13,8.39912679e-14,1.144995783e-13,2.589435384e-13,2.421430051e-13,3.963837517e-13,3.101836785e-14,3.173092958e-13,5.704211642e-14
107.3828125,2.618896492e-13,7.929529439e-14,3.556293226e-13,2.225894053e-13,8.715166947e-14,2.927441904e-13,7.289008871e-14,4.737242267e-14,2.284465476e-14,6.266042552e-14,1.643234647e-13,8.884818364e-14,1.424656922e-13,1.541169597e-13,2.998600121e-13,3.774205612e-13,2.843286762e-13,1.817055334e-13,1.393333687e-13,3.69767734e-13,4.862704181e-14,3.397574004e-14,6.422901723e-14,1.089006567e-13,8.465830805e-14,1.140654472e-13,2.60389335e-13,2.442020121e-13,4.009295824e-13,3.081093316e-14,3.231404987e-13,5.640246431e-14
107.390625,2.632640585e-13,7.875705585e-14,3.581736819e-13,2.237033439e-13,8.670526103e-14,2.950923444e-13,7.320007389e-14,4.719331295e-14,2.293307425e-14,6.394856467e-14,1.616297396e-13,9.040193999e-14,1.424588661e-13,1.534308411e-13,2.989456452e-13,3.755910551e-13,2.821972789e-13,1.828922766e-13,1.397033346e-13,3.68496123e-13,4.728389591e-14,3.434894285e-14,6.570570356e-14,1.103186552e-13,8.533442348e-14,1.136598333e-13,2.619909029e-13,2.46234384e-13,4.055618122e-13,3.063080218e-14,3.289398383e-13,5.579532683e-14
107.3984375,2.647042639e-13,7.83447304e-14,3.605571307e-13,2.249523854e-13,8.615660705e-14,2.973215022e-13,7.348878831e-14,4.711856876e-14,2.302455845e-14,6.526950164e-14,1.589303496e-13,9.195646912e-14,1.423816869e-13,1.526561303e-13,2.980716569e-13,3.740283587e-13,2.80301335e-13,1.841482156e-13,1.399873827e-13,3.673945792e-13,4.601849185e-14,3.469527546e-14,6.723170173e-14,1.117707944e-13,8.598747289e-14,1.132662257e-13,2.636260367e-13,2.482924075e-13,4.102983553e-13,3.046407958e-14,3.348040157e-13,5.520257281e-14
107.40625,2.663017384e-13,7.818605705e-14,3.629921685e-13,2.261557871e-13,8.56011354e-14,2.994219913e-13,7.379643806e-14,4.712868444e-14,2.313394551e-14,6.663742694e-14,1.561881309e-13,9.360724896e-14,1.424388807e-13,1.520439961e-13,2.974389696e-13,3.729949806e-13,2.786817797e-13,1.856662667e-13,1.402762011e-13,3.663840607e-13,4.480251913e-14,3.503970502e-14,6.876199424e-14,1.132892912e-13,8.668272511e-14,1.129263486e-13,2.653808747e-13,2.503432084e-13,4.153248509e-13,3.031655936e-14,3.409989086e-13,5.461361595e-14
107.4140625,2.681847229e-13,7.810093418e-14,3.656607568e-13,2.273008697e-13,8.510858439e-14,3.014675985e-13,7.413211731e-14,4.71545594e-14,2.325659756e-14,6.801648472e-14,1.535166066e-13,9.534847143e-14,1.426671324e-13,1.516025631e-13,2.969886494e-13,3.723736289e-13,2.77419677e-13,1.875077647e-13,1.40650703e-13,3.651950794e-13,4.362105192e-14,3.540720153e-14,7.031175379e-14,1.148318376e-13,8.749461855e-14,1.127085988e-13,2.67352341e-13,2.522981603e-13,4.20668814e-13,3.018866837e-14,3.475193746e-13,5.406308986e-14
107.421875,2.704201924e-13,7.787324529e-14,3.684253558e-13,2.2827254e-13,8.461843425e-14,3.034390983e-13,7.447238604e-14,4.721294033e-14,2.338462064e-14,6.937863498e-14,1.509680904e-13,9.706072409e-14,1.428728738e-13,1.510956184e-13,2.963737517e-13,3.716050236e-13,2.761936304e-13,1.894279183e-13,1.410295155e-13,3.636574611e-13,4.250625243e-14,3.576653011e-14,7.191839661e-14,1.16407775e-13,8.83722351e-14,1.125783829e-13,2.693163353e-13,2.541517868e-13,4.26145943e-13,3.005791576e-14,3.54048189e-13,5.359597439e-14
107.4296875,2.728169453e-13,7.761092567e-14,3.711888111e-13,2.292152922e-13,8.403196849e-14,3.053151349e-13,7.478822263e-14,4.733970039e-14,2.351667136e-14,7.077478527e-14,1.484422419e-13,9.873604135e-14,1.43054286e-13,1.504782619e-13,2.955785501e-13,3.707347372e-13,2.748165348e-13,1.913242335e-13,1.413142734e-13,3.619697157e-13,4.145898552e-14,3.609757827e-14,7.357295551e-14,1.180332333e-13,8.924562586e-14,1.124623131e-13,2.712290034e-13,2.560392036e-13,4.317395013e-13,2.992729799e-14,3.605221771e-13,5.319514081e-14
107.4375,2.751976981e-13,7.746559546e-14,3.740470647e-13,2.304445704e-13,8.340186106e-14,3.071994069e-13,7.508861997e-14,4.751182218e-14,2.367011129e-14,7.22315492e-14,1.458798502e-13,1.004944153e-13,1.433800784e-13,1.499883547e-13,2.94934434e-13,3.702779353e-13,2.737210767e-13,1.934298833e-13,1.415954289e-13,3.603637088e-13,4.04587031e-14,3.64386788e-14,7.525238319e-14,1.196529548e-13,9.015883605e-14,1.123789891e-13,2.733477892e-13,2.580224672e-13,4.375113788e-13,2.98226759e-14,3.67163343e-13,5.283123992e-14
107.4453125,2.775073116e-13,7.7432792e-14,3.770326865e-13,2.318091473e-13,8.274608377e-14,3.089327156e-13,7.536779369e-14,4.771050521e-14,2.382571843e-14,7.37108862e-14,1.433760821e-13,1.023193084e-13,1.438500893e-13,1.496211918e-13,2.944465552e-13,3.701533333e-13,2.730484912e-13,1.957220966e-13,1.419233468e-13,3.588844369e-13,3.953635291e-14,3.677447945e-14,7.700155004e-14,1.2125023e-13,9.11464508e-14,1.124086364e-13,2.756632466e-13,2.600428276e-13,4.433223335e-13,2.975539794e-14,3.739387536e-13,5.252628418e-14
107.453125,2.797842556e-13,7.749884219e-14,3.801351183e-13,2.331369497e-13,8.19832749e-14,3.103600527e-13,7.559321745e-14,4.796432936e-14,2.394478529e-14,7.521771215e-14,1.41042136e-13,1.041240209e-13,1.444314007e-13,1.491490734e-13,2.939029742e-13,3.700547225e-13,2.724015189e-13,1.9795192e-13,1.422133092e-13,3.574607877e-13,3.871803031e-14,3.705706462e-14,7.885043284e-14,1.228893068e-13,9.215812649e-14,1.125870774e-13,2.780809246e-13,2.62092001e-13,4.492090777e-13,2.972080684e-14,3.807173623e-13,5.228647176e-14
107.4609375,2.822911569e-13,7.763133885e-14,3.833772307e-13,2.345810696e-13,8.118020589e-14,3.1174724e-13,7.578391511e-14,4.829987975e-14,2.406532025e-14,7.676474323e-14,1.388177999e-13,1.059446143e-13,1.451449371e-13,1.486290985e-13,2.933438356e-13,3.701031301e-13,2.717386593e-13,2.002330814e-13,1.424734071e-13,3.559684595e-13,3.796289837e-14,3.732318197e-14,8.073612499e-14,1.246121628e-13,9.317766983e-14,1.128503826e-13,2.806896768e-13,2.641792387e-13,4.55417293e-13,2.970585417e-14,3.875946309e-13,5.208734238e-14
107.46875,2.852127102e-13,7.784626687e-14,3.865900126e-13,2.360838075e-13,8.046422156e-14,3.131600745e-13,7.594604429e-14,4.868764002e-14,2.42307179e-14,7.83212703e-14,1.365302719e-13,1.077715845e-13,1.458624358e-13,1.482159457e-13,2.928134914e-13,3.703565898e-13,2.712564206e-13,2.027114774e-13,1.427474945e-13,3.544321614e-13,3.724278337e-14,3.761833149e-14,8.263765373e-14,1.263784995e-13,9.420535792e-14,1.131149279e-13,2.833509897e-13,2.662916747e-13,4.617263341e-13,2.97030846e-14,3.944942359e-13,5.19535573e-14
107.4765625,2.883548765e-13,7.816414951e-14,3.89554539e-13,2.375009284e-13,7.984091742e-14,3.14359911e-13,7.603593508e-14,4.907800886e-14,2.439409551e-14,7.990886836e-14,1.341674252e-13,1.095084796e-13,1.465287726e-13,1.478557757e-13,2.921913017e-13,3.706326878e-13,2.708449538e-13,2.051749151e-13,1.430046616e-13,3.52967517e-13,3.658760215e-14,3.792515611e-14,8.460182084e-14,1.281070658e-13,9.521395437e-14,1.133999032e-13,2.858784239e-13,2.684286236e-13,4.677089037e-13,2.971251914e-14,4.01182096e-13,5.191139831e-14
107.484375,2.915425886e-13,7.845401514e-14,3.924762127e-13,2.389361803e-13,7.926736678e-14,3.15429022e-13,7.609360794e-14,4.949427305e-14,2.452224314e-14,8.15662397e-14,1.318990671e-13,1.112005723e-13,1.473261649e-13,1.475367081e-13,2.915323359e-13,3.709833891e-13,2.704933842e-13,2.075783708e-13,1.432574224e-13,3.515367546e-13,3.602295602e-14,3.82257747e-14,8.661103421e-14,1.297856108e-13,9.626208093e-14,1.137693381e-13,2.884494416e-13,2.705400635e-13,4.735653034e-13,2.973127961e-14,4.078178744e-13,5.191499799e-14
107.4921875,2.948343537e-13,7.875044941e-14,3.957124811e-13,2.404663434e-13,7.866836394e-14,3.164683434e-13,7.618935582e-14,4.999502522e-14,2.464701594e-14,8.325575561e-14,1.298044878e-13,1.129674474e-13,1.482939065e-13,1.473050538e-13,2.910611031e-13,3.716883517e-13,2.704301216e-13,2.101230953e-13,1.435230471e-13,3.501128215e-13,3.55462614e-14,3.850486602e-14,8.862106221e-14,1.314846663e-13,9.740905078e-14,1.142243407e-13,2.911931769e-13,2.726077244e-13,4.796998465e-13,2.977392689e-14,4.146573633e-13,5.193893463e-14
107.5,2.981907896e-13,7.921589445e-14,3.991073982e-13,2.420814288e-13,7.802833999e-14,3.172738877e-13,7.627920822e-14,5.05532569e-14,2.477746609e-14,8.49517189e-14,1.278076281e-13,1.14786342e-13,1.493042329e-13,1.471125228e-13,2.907407979e-13,3.727451762e-13,2.705923714e-13,2.127318418e-13,1.437520187e-13,3.486679834e-13,3.514063341e-14,3.874383401e-14,9.062690502e-14,1.332183805e-13,9.856422399e-14,1.147369337e-13,2.939962301e-13,2.746865464e-13,4.859875117e-13,2.985494815e-14,4.215232419e-13,5.201925139e-14
107.5078125,3.014652615e-13,7.970553988e-14,4.022882476e-13,2.437428414e-13,7.744645431e-14,3.177968514e-13,7.630782264e-14,5.111669195e-14,2.490375429e-14,8.668089187e-14,1.25848262e-13,1.165677547e-13,1.503565804e-13,1.469536932e-13,2.902499121e-13,3.737314268e-13,2.706798696e-13,2.152293341e-13,1.439288214e-13,3.47090231e-13,3.477959248e-14,3.895407342e-14,9.261828369e-14,1.349370093e-13,9.967801913e-14,1.152947624e-13,2.967911937e-13,2.767652734e-13,4.922208294e-13,2.994611726e-14,4.282222662e-13,5.21556979e-14
107.515625,3.046884025e-13,8.015359989e-14,4.053613788e-13,2.453608713e-13,7.687824372e-14,3.181639859e-13,7.629249117e-14,5.172523358e-14,2.503738999e-14,8.846135281e-14,1.239552937e-13,1.183208965e-13,1.514925501e-13,1.468056081e-13,2.895146428e-13,3.74504411e-13,2.706703527e-13,2.177126769e-13,1.440759774e-13,3.455823422e-13,3.445909953e-14,3.914724395e-14,9.461053649e-14,1.366621238e-13,1.008375093e-13,1.159170882e-13,2.995531577e-13,2.788555843e-13,4.985472531e-13,3.002935221e-14,4.349211509e-13,5.232827401e-14
107.5234375,3.079716621e-13,8.072826966e-14,4.086030244e-13,2.469506198e-13,7.620689723e-14,3.184045539e-13,7.625496145e-14,5.242724845e-14,2.518151763e-14,9.031128389e-14,1.22180745e-13,1.201148395e-13,1.527402774e-13,1.465528318e-13,2.888061505e-13,3.755009903e-13,2.707802496e-13,2.202876377e-13,1.441958077e-13,3.443485569e-13,3.420835702e-14,3.932577195e-14,9.665068962e-14,1.38449407e-13,1.020592054e-13,1.166485085e-13,3.023281504e-13,2.809675375e-13,5.050182851e-13,3.012686753e-14,4.41753518e-13,5.256244537e-14
107.53125,3.112478766e-13,8.130782947e-14,4.118802978e-13,2.484900709e-13,7.550233349e-14,3.184874123e-13,7.620685015e-14,5.319481418e-14,2.532878324e-14,9.220798859e-14,1.205017761e-13,1.219337286e-13,1.541188893e-13,1.462053956e-13,2.881661224e-13,3.76842939e-13,2.710409616e-13,2.229014706e-13,1.442671982e-13,3.430301039e-13,3.404509504e-14,3.950205587e-14,9.873723873e-14,1.402876487e-13,1.032896601e-13,1.174695452e-13,3.051958898e-13,2.828976406e-13,5.114242598e-13,3.023779744e-14,4.486120433e-13,5.28557049e-14
107.5390625,3.144473867e-13,8.180742488e-14,4.150053279e-13,2.498262427e-13,7.476060651e-14,3.183042294e-13,7.61420793e-14,5.399423856e-14,2.54659472e-14,9.407289079e-14,1.188445118e-13,1.236903114e-13,1.554733502e-13,1.458265207e-13,2.874036682e-13,3.781817373e-13,2.713151807e-13,2.255088572e-13,1.442618846e-13,3.415194057e-13,3.394233614e-14,3.965897963e-14,1.008328456e-13,1.421595061e-13,1.045358163e-13,1.183283826e-13,3.080864256e-13,2.845951155e-13,5.177807588e-13,3.035982669e-14,4.554121146e-13,5.316518314e-14
107.546875,3.177789147e-13,8.239517003e-14,4.181279008e-13,2.510242655e-13,7.387718525e-14,3.178336309e-13,7.604368768e-14,5.481716522e-14,2.556561465e-14,9.591976273e-14,1.172148425e-13,1.253697766e-13,1.567134852e-13,1.453892113e-13,2.865961576e-13,3.795635424e-13,2.716245399e-13,2.280716822e-13,1.44228734e-13,3.402226816e-13,3.385846318e-14,3.976223137e-14,1.02906804e-13,1.440836707e-13,1.058147088e-13,1.192797087e-13,3.110734659e-13,2.863988961e-13,5.243491114e-13,3.052875446e-14,4.62112266e-13,5.350952114e-14
107.5546875,3.213985888e-13,8.295630362e-14,4.213337027e-13,2.52288686e-13,7.297400631e-14,3.172756278e-13,7.592793478e-14,5.565709373e-14,2.562854965e-14,9.783428064e-14,1.156542328e-13,1.270040499e-13,1.580312864e-13,1.449252778e-13,2.858639328e-13,3.812130755e-13,2.720824815e-13,2.305669427e-13,1.442308128e-13,3.390525563e-13,3.381447263e-14,3.981729787e-14,1.049522088e-13,1.460330469e-13,1.071242504e-13,1.203809207e-13,3.143307546e-13,2.884208996e-13,5.31092073e-13,3.074412743e-14,4.68562421e-13,5.393428505e-14
107.5625,3.2503435e-13,8.338552921e-14,4.244073181e-13,2.536297658e-13,7.213182948e-14,3.166539029e-13,7.579112875e-14,5.652262295e-14,2.568923341e-14,9.979256562e-14,1.141220272e-13,1.285684494e-13,1.594715002e-13,1.444306388e-13,2.850295093e-13,3.829530995e-13,2.726517352e-13,2.330733659e-13,1.441657811e-13,3.377280507e-13,3.387569657e-14,3.984226023e-14,1.070093664e-13,1.479264863e-13,1.084560589e-13,1.215283818e-13,3.175715639e-13,2.903630095e-13,5.376911734e-13,3.095619774e-14,4.746921556e-13,5.441410772e-14
107.5703125,3.284128178e-13,8.386256081e-14,4.27228853e-13,2.549827482e-13,7.120170374e-14,3.157881402e-13,7.560722593e-14,5.742143233e-14,2.576036208e-14,1.017300388e-13,1.125874981e-13,1.300571628e-13,1.60873724e-13,1.437989467e-13,2.83959408e-13,3.845895858e-13,2.732038032e-13,2.356046105e-13,1.43923154e-13,3.363970924e-13,3.402242745e-14,3.984020199e-14,1.090985119e-13,1.497427231e-13,1.097697305e-13,1.22591384e-13,3.204917517e-13,2.920944215e-13,5.440738254e-13,3.114081899e-14,4.806558314e-13,5.490184182e-14
107.578125,3.317036417e-13,8.438862228e-14,4.299937629e-13,2.563255235e-13,7.021534377e-14,3.147197537e-13,7.539970488e-14,5.834965812e-14,2.583034477e-14,1.036667443e-13,1.111039444e-13,1.31523864e-13,1.622774015e-13,1.431138066e-13,2.827723228e-13,3.861712531e-13,2.736845687e-13,2.380287662e-13,1.435929197e-13,3.350400643e-13,3.417688627e-14,3.981824884e-14,1.111880286e-13,1.515316723e-13,1.110528518e-13,1.236114949e-13,3.233427688e-13,2.937710624e-13,5.503879003e-13,3.131015116e-14,4.865460728e-13,5.540978614e-14
107.5859375,3.351877764e-13,8.495516661e-14,4.329282533e-13,2.576042916e-13,6.933492144e-14,3.13533036e-13,7.516219941e-14,5.931369289e-14,2.588497543e-14,1.056278411e-13,1.097047259e-13,1.32980913e-13,1.63750587e-13,1.425287154e-13,2.816043451e-13,3.878707178e-13,2.742120428e-13,2.403381568e-13,1.432703421e-13,3.336435819e-13,3.435088816e-14,3.977916686e-14,1.132857346e-13,1.533002024e-13,1.123420272e-13,1.247672357e-13,3.263412764e-13,2.954725278e-13,5.566817638e-13,3.149807017e-14,4.922686121e-13,5.598813169e-14
107.59375,3.388911786e-13,8.560365258e-14,4.359897929e-13,2.586785448e-13,6.851508131e-14,3.121104137e-13,7.484957244e-14,6.030883526e-14,2.592340598e-14,1.076243253e-13,1.083593201e-13,1.344162583e-13,1.652324617e-13,1.419806289e-13,2.80387574e-13,3.898071852e-13,2.749478062e-13,2.426846525e-13,1.429145344e-13,3.324771868e-13,3.45983254e-14,3.971885285e-14,1.15413959e-13,1.550596781e-13,1.136464621e-13,1.261422135e-13,3.29441744e-13,2.970940763e-13,5.630079693e-13,3.173424979e-14,4.978282888e-13,5.665361463e-14
107.6015625,3.426563089e-13,8.609271969e-14,4.390070115e-13,2.594583128e-13,6.766710066e-14,3.104391714e-13,7.450125027e-14,6.133109152e-14,2.59842203e-14,1.096822193e-13,1.070529866e-13,1.358720212e-13,1.668205544e-13,1.414254519e-13,2.789385875e-13,3.917588446e-13,2.758385509e-13,2.451130408e-13,1.425032275e-13,3.312862991e-13,3.491860369e-14,3.963661091e-14,1.175370089e-13,1.569206738e-13,1.149623621e-13,1.275984745e-13,3.327035765e-13,2.985803649e-13,5.694378677e-13,3.199691237e-14,5.033907386e-13,5.736322501e-14
107.609375,3.462910204e-13,8.642241616e-14,4.420159396e-13,2.602137227e-13,6.678095098e-14,3.086674696e-13,7.415813413e-14,6.240494944e-14,2.609153389e-14,1.117678981e-13,1.058389014e-13,1.373703204e-13,1.685917628e-13,1.40896025e-13,2.773590879e-13,3.935596546e-13,2.767818073e-13,2.475342114e-13,1.420727339e-13,3.297859794e-13,3.531719846e-14,3.952828978e-14,1.196255762e-13,1.588927447e-13,1.162886143e-13,1.290053722e-13,3.360833608e-13,3.000622693e-13,5.758378189e-13,3.225508928e-14,5.089813497e-13,5.807875561e-14
107.6171875,3.497753632e-13,8.685866723e-14,4.45082989e-13,2.612304824e-13,6.585566826e-14,3.068645042e-13,7.378360618e-14,6.351463806e-14,2.619726307e-14,1.138322403e-13,1.047446594e-13,1.388276307e-13,1.703434708e-13,1.403172158e-13,2.759069852e-13,3.954243193e-13,2.777998644e-13,2.498273356e-13,1.416119051e-13,3.284376169e-13,3.580872374e-14,3.940205418e-14,1.216755903e-13,1.607946773e-13,1.175863765e-13,1.30406403e-13,3.393912892e-13,3.015962047e-13,5.820046611e-13,3.251934756e-14,5.143497713e-13,5.881070221e-14
107.625,3.53330303e-13,8.724694854e-14,4.479920211e-13,2.622680755e-13,6.498347084e-14,3.050374212e-13,7.337631007e-14,6.461268506e-14,2.626451575e-14,1.159091327e-13,1.036811652e-13,1.401550864e-13,1.719783119e-13,1.397315839e-13,2.744655652e-13,3.973250184e-13,2.788159914e-13,2.519129319e-13,1.410805909e-13,3.27365316e-13,3.635611198e-14,3.927669335e-14,1.236655787e-13,1.625618268e-13,1.188330844e-13,1.318105192e-13,3.426061941e-13,3.030769565e-13,5.878812881e-13,3.279192482e-14,5.192723346e-13,5.95618203e-14
107.6328125,3.570628292e-13,8.747666529e-14,4.506343183e-13,2.63115219e-13,6.423682498e-14,3.031505623e-13,7.295420526e-14,6.571411231e-14,2.631524883e-14,1.180244015e-13,1.025951862e-13,1.413907552e-13,1.736565909e-13,1.392963438e-13,2.72894207e-13,3.991352041e-13,2.798064366e-13,2.539009657e-13,1.40498731e-13,3.262056101e-13,3.691924103e-14,3.91402525e-14,1.255970493e-13,1.643011611e-13,1.20070967e-13,1.331863097e-13,3.458149896e-13,3.045257672e-13,5.935596369e-13,3.305954073e-14,5.239084058e-13,6.032072564e-14
107.640625,3.608692438e-13,8.778343509e-14,4.532172616e-13,2.639458994e-13,6.352231726e-14,3.010941788e-13,7.249933557e-14,6.684343987e-14,2.635693043e-14,1.201438983e-13,1.015720558e-13,1.426084575e-13,1.754420168e-13,1.389279714e-13,2.713637292e-13,4.011097599e-13,2.809565957e-13,2.559303334e-13,1.399124805e-13,3.250520305e-13,3.74946754e-14,3.897430789e-14,1.275057901e-13,1.660369444e-13,1.213417861e-13,1.346468812e-13,3.491670441e-13,3.059814322e-13,5.992647597e-13,3.332910374e-14,5.285396558e-13,6.111188572e-14
107.6484375,3.647460674e-13,8.814015026e-14,4.556963973e-13,2.647119378e-13,6.278907306e-14,2.988167581e-13,7.200864785e-14,6.799145881e-14,2.6385921e-14,1.222668835e-13,1.006385046e-13,1.437749035e-13,1.772553218e-13,1.38491962e-13,2.697834554e-13,4.031788646e-13,2.822085135e-13,2.578706593e-13,1.393075381e-13,3.239322039e-13,3.809539765e-14,3.879857976e-14,1.29402328e-13,1.677416636e-13,1.226149716e-13,1.362168067e-13,3.52715977e-13,3.073083458e-13,6.05041446e-13,3.359938216e-14,5.330454118e-13,6.194221261e-14
107.65625,3.686379293e-13,8.845941876e-14,4.578202175e-13,2.652882405e-13,6.206551179e-14,2.963397064e-13,7.145206993e-14,6.917881085e-14,2.642128101e-14,1.244406717e-13,9.971819164e-14,1.448433975e-13,1.79032983e-13,1.380141296e-13,2.679107373e-13,4.049885693e-13,2.832749438e-13,2.595619569e-13,1.386450691e-13,3.226471126e-13,3.874816634e-14,3.86181532e-14,1.31256089e-13,1.694164168e-13,1.237944764e-13,1.377219255e-13,3.561395995e-13,3.085248098e-13,6.105263833e-13,3.386767695e-14,5.371117492e-13,6.277020891e-14
107.6640625,3.723336607e-13,8.882377649e-14,4.597416899e-13,2.658415417e-13,6.13209565e-14,2.936756356e-13,7.080636932e-14,7.040375294e-14,2.645861558e-14,1.267062967e-13,9.879442696e-14,1.458478858e-13,1.807362383e-13,1.374374291e-13,2.658972463e-13,4.066673399e-13,2.840539588e-13,2.610416018e-13,1.379139311e-13,3.21424231e-13,3.94541442e-14,3.839844238e-14,1.330460365e-13,1.710316107e-13,1.24853419e-13,1.3917003e-13,3.592261532e-13,3.098103107e-13,6.155065837e-13,3.415497164e-14,5.407245962e-13,6.360399398e-14
107.671875,3.75936117e-13,8.909258077e-14,4.617191511e-13,2.662953486e-13,6.060210926e-14,2.908828842e-13,7.016000758e-14,7.160697624e-14,2.64802149e-14,1.290194424e-13,9.789119468e-14,1.46804984e-13,1.824431442e-13,1.367666132e-13,2.638750773e-13,4.083152187e-13,2.84618732e-13,2.623672882e-13,1.371128908e-13,3.202944981e-13,4.017605154e-14,3.814156168e-14,1.348085245e-13,1.726399016e-13,1.259210202e-13,1.407118135e-13,3.62209656e-13,3.110882111e-13,6.202643021e-13,3.445328624e-14,5.440823123e-13,6.449115241e-14
107.6796875,3.796340326e-13,8.914005843e-14,4.636082272e-13,2.664481688e-13,5.998983753e-14,2.880079063e-13,6.954776248e-14,7.277944046e-14,2.649843541e-14,1.312273358e-13,9.703159816e-14,1.47680635e-13,1.843097e-13,1.362131484e-13,2.617661499e-13,4.098311529e-13,2.852577856e-13,2.636415781e-13,1.362743268e-13,3.189349269e-13,4.09124905e-14,3.788176631e-14,1.365742368e-13,1.743314281e-13,1.270904722e-13,1.42265248e-13,3.652075416e-13,3.121354313e-13,6.250100193e-13,3.472743613e-14,5.473368088e-13,6.539494269e-14
107.6875,3.83253527e-13,8.909932095e-14,4.651731873e-13,2.665718957e-13,5.938943717e-14,2.850314747e-13,6.886963352e-14,7.395125592e-14,2.651544105e-14,1.333084526e-13,9.623511446e-14,1.48436389e-13,1.862433013e-13,1.357491651e-13,2.596291e-13,4.114212643e-13,2.861934689e-13,2.649249504e-13,1.354321119e-13,3.174952365e-13,4.169622106e-14,3.760913225e-14,1.382787391e-13,1.759855445e-13,1.282573617e-13,1.43702168e-13,3.68129336e-13,3.130212449e-13,6.295474713e-13,3.498510343e-14,5.504089987e-13,6.624747516e-14
107.6953125,3.868654382e-13,8.910534157e-14,4.663825497e-13,2.668748871e-13,5.876007634e-14,2.820472257e-13,6.812119001e-14,7.511112689e-14,2.651459833e-14,1.354823464e-13,9.542264357e-14,1.490410095e-13,1.879857716e-13,1.35176895e-13,2.574721309e-13,4.130717713e-13,2.87085823e-13,2.659910219e-13,1.345517728e-13,3.162036341e-13,4.25174043e-14,3.73071852e-14,1.398348243e-13,1.774507793e-13,1.292978962e-13,1.451094727e-13,3.709438875e-13,3.140940739e-13,6.336183353e-13,3.525978459e-14,5.529523163e-13,6.708044701e-14
107.703125,3.906963394e-13,8.923241487e-14,4.673927693e-13,2.670846984e-13,5.822787386e-14,2.791584002e-13,6.739137221e-14,7.625540435e-14,2.650958753e-14,1.37836296e-13,9.45384341e-14,1.495407504e-13,1.895777572e-13,1.346056497e-13,2.552668882e-13,4.145492302e-13,2.877317944e-13,2.667588616e-13,1.336313294e-13,3.149815088e-13,4.333883096e-14,3.70029305e-14,1.412405292e-13,1.788003146e-13,1.302429091e-13,1.465612001e-13,3.735447962e-13,3.154365368e-13,6.372553131e-13,3.556233324e-14,5.548918019e-13,6.794447727e-14
107.7109375,3.943656434e-13,8.932827552e-14,4.684586477e-13,2.670817117e-13,5.776488222e-14,2.762138457e-13,6.667229419e-14,7.741355929e-14,2.652553449e-14,1.401910984e-13,9.37042429e-14,1.5002588e-13,1.912125079e-13,1.341418649e-13,2.531698902e-13,4.160806933e-13,2.885247406e-13,2.675161327e-13,1.327170777e-13,3.138469912e-13,4.416598881e-14,3.670431595e-14,1.425613343e-13,1.801370597e-13,1.311693191e-13,1.480027431e-13,3.759540929e-13,3.166403858e-13,6.407313804e-13,3.588645711e-14,5.565971918e-13,6.880226012e-14
107.71875,3.977533769e-13,8.918711638e-14,4.695662755e-13,2.670520926e-13,5.729248104e-14,2.730821666e-13,6.59123416e-14,7.858919576e-14,2.655967736e-14,1.424739646e-13,9.29931143e-14,1.50475491e-13,1.928076791e-13,1.336519442e-13,2.511314127e-13,4.177592078e-13,2.894959809e-13,2.682917672e-13,1.317688045e-13,3.127188377e-13,4.503690328e-14,3.638884234e-14,1.43848431e-13,1.814751509e-13,1.320634488e-13,1.494045522e-13,3.784110557e-13,3.175429482e-13,6.441414143e-13,3.621876291e-14,5.581539366e-13,6.962466484e-14
107.7265625,4.013777866e-13,8.903586283e-14,4.704623923e-13,2.669613957e-13,5.692418714e-14,2.69855665e-13,6.510563762e-14,7.973675972e-14,2.659444769e-14,1.447746604e-13,9.232897785e-14,1.508287703e-13,1.942658084e-13,1.331592402e-13,2.489190134e-13,4.192955654e-13,2.903094944e-13,2.688642009e-13,1.307444621e-13,3.115282777e-13,4.594294389e-14,3.605578847e-14,1.450654948e-13,1.828277908e-13,1.328815259e-13,1.507825427e-13,3.808776147e-13,3.18522547e-13,6.473442367e-13,3.655317372e-14,5.593434857e-13,7.044950134e-14
107.734375,4.050516026e-13,8.90017305e-14,4.711888533e-13,2.666520456e-13,5.665492607e-14,2.665623761e-13,6.427616249e-14,8.080587744e-14,2.662656094e-14,1.470962284e-13,9.169134428e-14,1.511147093e-13,1.957356649e-13,1.327493595e-13,2.465864426e-13,4.207465957e-13,2.910664297e-13,2.692816043e-13,1.296828368e-13,3.105081603e-13,4.683053793e-14,3.571036885e-14,1.461503181e-13,1.841611927e-13,1.336591254e-13,1.52154053e-13,3.832111479e-13,3.196380304e-13,6.503669739e-13,3.689049275e-14,5.602479886e-13,7.129360829e-14
107.7421875,4.083513765e-13,8.881429481e-14,4.719171188e-13,2.662629488e-13,5.633359926e-14,2.631809078e-13,6.34743382e-14,8.181675411e-14,2.66756733e-14,1.494256536e-13,9.110633565e-14,1.513617296e-13,1.972717451e-13,1.323415827e-13,2.442686087e-13,4.222815468e-13,2.919627454e-13,2.696785881e-13,1.285971542e-13,3.095263297e-13,4.770309953e-14,3.535884963e-14,1.471372033e-13,1.854102921e-13,1.344583093e-13,1.535242013e-13,3.855734245e-13,3.205928099e-13,6.532414081e-13,3.721242655e-14,5.609708779e-13,7.214789468e-14
107.75,4.116690705e-13,8.854763364e-14,4.725434588e-13,2.659044146e-13,5.602916823e-14,2.597540918e-13,6.270272416e-14,8.283267953e-14,2.674677909e-14,1.518364132e-13,9.056303944e-14,1.515612946e-13,1.987664484e-13,1.319716319e-13,2.419802738e-13,4.238598359e-13,2.929433701e-13,2.700542868e-13,1.275092144e-13,3.082159956e-13,4.860391513e-14,3.501309336e-14,1.480623104e-13,1.865694514e-13,1.352619914e-13,1.548507465e-13,3.880221158e-13,3.214723654e-13,6.557454544e-13,3.751732323e-14,5.613863181e-13,7.300184581e-14
107.7578125,4.150045903e-13,8.839302619e-14,4.729909352e-13,2.653470114e-13,5.583995223e-14,2.562349376e-13,6.189192579e-14,8.386476553e-14,2.680469891e-14,1.543605065e-13,9.006779518e-14,1.517053963e-13,2.001914135e-13,1.316822681e-13,2.397582215e-13,4.254923456e-13,2.939134303e-13,2.703193846e-13,1.264545249e-13,3.067734445e-13,4.951326153e-14,3.464048331e-14,1.48873271e-13,1.876569811e-13,1.360066981e-13,1.560888772e-13,3.903758233e-13,3.224339721e-13,6.57842511e-13,3.785363336e-14,5.614997705e-13,7.379510892e-14
107.765625,4.17911599e-13,8.814841285e-14,4.73288423e-13,2.645815541e-13,5.565955982e-14,2.526725237e-13,6.103370138e-14,8.489986824e-14,2.682892183e-14,1.569615516e-13,8.959939894e-14,1.517399634e-13,2.015206467e-13,1.312923827e-13,2.375615326e-13,4.271045171e-13,2.947492667e-13,2.702917117e-13,1.25370363e-13,3.055251936e-13,5.040351753e-14,3.420749424e-14,1.495667367e-13,1.886943242e-13,1.366637709e-13,1.572542483e-13,3.926081681e-13,3.234051329e-13,6.596506693e-13,3.823956212e-14,5.612935334e-13,7.449654322e-14
107.7734375,4.207457317e-13,8.778109274e-14,4.733106185e-13,2.639006391e-13,5.54329031e-14,2.492239349e-13,6.018557469e-14,8.591720037e-14,2.683677989e-14,1.595794628e-13,8.909809223e-14,1.516265216e-13,2.027298428e-13,1.307641259e-13,2.353322806e-13,4.287000219e-13,2.955546553e-13,2.700313324e-13,1.242140687e-13,3.045278543e-13,5.129504876e-14,3.375087498e-14,1.501953344e-13,1.896838336e-13,1.372715163e-13,1.583983186e-13,3.948098647e-13,3.244461387e-13,6.610576091e-13,3.862368815e-14,5.606386069e-13,7.518673874e-14
107.78125,4.237548776e-13,8.740541778e-14,4.729718775e-13,2.631630383e-13,5.51967614e-14,2.457335851e-13,5.935322004e-14,8.685006765e-14,2.683879268e-14,1.621324931e-13,8.856000303e-14,1.514130897e-13,2.038994442e-13,1.302585782e-13,2.331192196e-13,4.305208104e-13,2.966009564e-13,2.698241487e-13,1.230249579e-13,3.036884358e-13,5.21788089e-14,3.329681094e-14,1.507555379e-13,1.905736358e-13,1.379080041e-13,1.595613979e-13,3.970039246e-13,3.254825047e-13,6.620935715e-13,3.897468781e-14,5.596855998e-13,7.590116752e-14
107.7890625,4.265879629e-13,8.692464605e-14,4.723049496e-13,2.620474396e-13,5.497921854e-14,2.420611944e-13,5.850590709e-14,8.76964358e-14,2.684624273e-14,1.645950574e-13,8.801363424e-14,1.511305831e-13,2.050404334e-13,1.298275843e-13,2.309037494e-13,4.32465522e-13,2.977759096e-13,2.695683243e-13,1.217966247e-13,3.026472891e-13,5.303022352e-14,3.28325837e-14,1.512312886e-13,1.913547971e-13,1.385634593e-13,1.607004144e-13,3.991241613e-13,3.262835567e-13,6.629162283e-13,3.931422401e-14,5.585539063e-13,7.656726628e-14
107.796875,4.293701155e-13,8.646198945e-14,4.71289554e-13,2.60786609e-13,5.487092698e-14,2.384439127e-13,5.762672426e-14,8.854785573e-14,2.688199031e-14,1.670168422e-13,8.748020269e-14,1.507751992e-13,2.060988031e-13,1.294979778e-13,2.286616792e-13,4.342345604e-13,2.988223759e-13,2.689841121e-13,1.205507273e-13,3.013574655e-13,5.385976897e-14,3.237814498e-14,1.515903155e-13,1.920675573e-13,1.391072392e-13,1.616989825e-13,4.010049861e-13,3.270827569e-13,6.633212724e-13,3.965243122e-14,5.570021517e-13,7.716777639e-14
107.8046875,4.322048552e-13,8.616407573e-14,4.699570572e-13,2.597269097e-13,5.489211258e-14,2.349289925e-13,5.670145953e-14,8.943142942e-14,2.694476245e-14,1.694429147e-13,8.695835888e-14,1.503532853e-13,2.070865671e-13,1.292623425e-13,2.26402233e-13,4.358195059e-13,2.996471085e-13,2.6814484e-13,1.193267985e-13,3.002280762e-13,5.466904045e-14,3.194246606e-14,1.517738015e-13,1.927073187e-13,1.394789881e-13,1.625334538e-13,4.025607773e-13,3.281081302e-13,6.632016669e-13,3.997268061e-14,5.549382451e-13,7.773800697e-14
107.8125,4.348002896e-13,8.575270543e-14,4.683539057e-13,2.587641377e-13,5.495124077e-14,2.313588683e-13,5.573941364e-14,9.033051588e-14,2.702653623e-14,1.718946306e-13,8.639873404e-14,1.49824346e-13,2.079581058e-13,1.29002633e-13,2.240187125e-13,4.372034124e-13,3.002001003e-13,2.67170365e-13,1.18041521e-13,2.99026604e-13,5.547514606e-14,3.150062527e-14,1.518238397e-13,1.933100459e-13,1.397681559e-13,1.632681302e-13,4.03875231e-13,3.290243879e-13,6.627725582e-13,4.026922805e-14,5.525183804e-13,7.825445355e-14
107.8203125,4.373690769e-13,8.512192388e-14,4.665443497e-13,2.575830478e-13,5.504984554e-14,2.278002673e-13,5.478262446e-14,9.124679957e-14,2.712698738e-14,1.743539298e-13,8.583030398e-14,1.491769776e-13,2.087057226e-13,1.287523195e-13,2.215695685e-13,4.384859358e-13,3.007513173e-13,2.660800374e-13,1.166891774e-13,2.973237392e-13,5.630946818e-14,3.105622664e-14,1.518049479e-13,1.939538342e-13,1.400625683e-13,1.639091402e-13,4.05066222e-13,3.296961415e-13,6.620128749e-13,4.0562656e-14,5.498339149e-13,7.870112063e-14
107.828125,4.400767339e-13,8.449885858e-14,4.648621077e-13,2.560634569e-13,5.519834699e-14,2.242261022e-13,5.385966235e-14,9.212012997e-14,2.722173493e-14,1.767970864e-13,8.538244022e-14,1.485222184e-13,2.094702653e-13,1.285985491e-13,2.193226329e-13,4.400060595e-13,3.015761937e-13,2.64965895e-13,1.154038301e-13,2.956437055e-13,5.712066028e-14,3.060700267e-14,1.516653048e-13,1.945945121e-13,1.403598972e-13,1.645004956e-13,4.062841877e-13,3.304298828e-13,6.609669362e-13,4.088705156e-14,5.470176478e-13,7.913104488e-14
107.8359375,4.425990424e-13,8.390752608e-14,4.634644879e-13,2.544762473e-13,5.535757929e-14,2.205763476e-13,5.296329426e-14,9.292030139e-14,2.73044009e-14,1.792827413e-13,8.503829686e-14,1.479153215e-13,2.102479102e-13,1.284520514e-13,2.172870392e-13,4.417190934e-13,3.024220901e-13,2.638316243e-13,1.141812146e-13,2.94435927e-13,5.786764294e-14,3.014250526e-14,1.514006938e-13,1.951324686e-13,1.40611728e-13,1.651439293e-13,4.076005298e-13,3.312988867e-13,6.599570434e-13,4.125442601e-14,5.441256021e-13,7.958409465e-14
107.84375,4.449836948e-13,8.329368699e-14,4.619076006e-13,2.529707163e-13,5.556821779e-14,2.170535149e-13,5.207148953e-14,9.371163596e-14,2.740647204e-14,1.818320714e-13,8.464178215e-14,1.472610986e-13,2.109294266e-13,1.283237099e-13,2.153092313e-13,4.433694107e-13,3.031792276e-13,2.626511136e-13,1.129622059e-13,2.932443763e-13,5.862653013e-14,2.969400316e-14,1.51089854e-13,1.955463033e-13,1.407918903e-13,1.657449993e-13,4.088383643e-13,3.321433284e-13,6.588162819e-13,4.163440864e-14,5.409501474e-13,8.002058885e-14
107.8515625,4.472814075e-13,8.267702811e-14,4.599130492e-13,2.511448714e-13,5.582164938e-14,2.135949966e-13,5.117366885e-14,9.446903066e-14,2.75248457e-14,1.843207961e-13,8.416206097e-14,1.465045888e-13,2.115546355e-13,1.283169724e-13,2.13376394e-13,4.449665924e-13,3.039653247e-13,2.614614197e-13,1.11790755e-13,2.916949677e-13,5.941615292e-14,2.925643411e-14,1.507090266e-13,1.958401238e-13,1.409173937e-13,1.661259726e-13,4.098480756e-13,3.328968234e-13,6.571499481e-13,4.199839585e-14,5.374121869e-13,8.03701129e-14
107.859375,4.492620054e-13,8.198009303e-14,4.577523836e-13,2.489949692e-13,5.608727866e-14,2.100265723e-13,5.028033303e-14,9.51361115e-14,2.765619997e-14,1.866961135e-13,8.367568824e-14,1.457131661e-13,2.121245689e-13,1.283766227e-13,2.115276305e-13,4.465570481e-13,3.045904412e-13,2.602097089e-13,1.106493689e-13,2.899573517e-13,6.013985371e-14,2.879741511e-14,1.50206228e-13,1.960295827e-13,1.410000051e-13,1.663668578e-13,4.107296506e-13,3.335975973e-13,6.551498633e-13,4.235969888e-14,5.33694324e-13,8.064275409e-14
107.8671875,4.511983456e-13,8.121424673e-14,4.555707485e-13,2.471475593e-13,5.647011605e-14,2.066543372e-13,4.940989306e-14,9.579776359e-14,2.78465087e-14,1.890745722e-13,8.320259452e-14,1.449378002e-13,2.125852694e-13,1.28489591e-13,2.098682082e-13,4.483022783e-13,3.052183775e-13,2.589339119e-13,1.095060469e-13,2.883227097e-13,6.077851569e-14,2.836350606e-14,1.496083777e-13,1.961546169e-13,1.410482261e-13,1.666032572e-13,4.115859816e-13,3.343561382e-13,6.530419512e-13,4.273280035e-14,5.29891999e-13,8.090339509e-14
107.875,4.532331371e-13,8.048368061e-14,4.532772408e-13,2.45481478e-13,5.693484793e-14,2.035512537e-13,4.856251445e-14,9.649293052e-14,2.80871268e-14,1.915124656e-13,8.27432381e-14,1.441322125e-13,2.129807847e-13,1.28680022e-13,2.084180442e-13,4.503136191e-13,3.062184401e-13,2.576797399e-13,1.084026232e-13,2.8686739e-13,6.14047469e-14,2.797254783e-14,1.489034558e-13,1.962408501e-13,1.410846322e-13,1.667518638e-13,4.12373902e-13,3.351423473e-13,6.506181914e-13,4.30988164e-14,5.259351267e-13,8.112985919e-14
107.8828125,4.548966318e-13,7.970828366e-14,4.50921414e-13,2.433626851e-13,5.733597296e-14,2.003388168e-13,4.770986113e-14,9.713591119e-14,2.832277365e-14,1.939194969e-13,8.234856356e-14,1.432608322e-13,2.132780002e-13,1.288512896e-13,2.069327085e-13,4.52198233e-13,3.071644086e-13,2.561988484e-13,1.072962675e-13,2.853162401e-13,6.204621896e-14,2.755523655e-14,1.480530576e-13,1.963055971e-13,1.41073582e-13,1.667455655e-13,4.130176217e-13,3.357542024e-13,6.477847993e-13,4.344751972e-14,5.217400215e-13,8.126793042e-14
107.890625,4.5621847e-13,7.88301609e-14,4.485895381e-13,2.409779701e-13,5.779681106e-14,1.97097827e-13,4.683253162e-14,9.772912281e-14,2.85788542e-14,1.962233292e-13,8.203916582e-14,1.423990367e-13,2.13465795e-13,1.290639826e-13,2.053602894e-13,4.538066915e-13,3.077499304e-13,2.54479537e-13,1.061640709e-13,2.83482093e-13,6.267165553e-14,2.712043326e-14,1.470856108e-13,1.963163795e-13,1.4096129e-13,1.666403777e-13,4.13483031e-13,3.362267564e-13,6.446412625e-13,4.379755901e-14,5.173437549e-13,8.135251723e-14
107.8984375,4.575896444e-13,7.798274255e-14,4.462193275e-13,2.387006328e-13,5.842195539e-14,1.940768605e-13,4.594929354e-14,9.832224841e-14,2.888852664e-14,1.984753144e-13,8.174265159e-14,1.415783871e-13,2.136786765e-13,1.294383416e-13,2.039233281e-13,4.555755148e-13,3.084372355e-13,2.528636267e-13,1.051065366e-13,2.815981615e-13,6.324448384e-14,2.672536117e-14,1.460179462e-13,1.961957338e-13,1.407796736e-13,1.66428671e-13,4.137722402e-13,3.367812444e-13,6.411490275e-13,4.416024938e-14,5.128168668e-13,8.141056257e-14
107.90625,4.588908826e-13,7.718955357e-14,4.436112027e-13,2.363662001e-13,5.907418048e-14,1.911099299e-13,4.507581104e-14,9.88763035e-14,2.921220265e-14,2.007559069e-13,8.142287185e-14,1.406697855e-13,2.138443003e-13,1.298390135e-13,2.025825231e-13,4.575026724e-13,3.092540488e-13,2.512606546e-13,1.040925882e-13,2.798429855e-13,6.377097189e-14,2.634325639e-14,1.448316631e-13,1.959703763e-13,1.405479414e-13,1.660853041e-13,4.138853828e-13,3.374136199e-13,6.37245294e-13,4.453619887e-14,5.080163798e-13,8.141129559e-14
107.9140625,4.598946449e-13,7.63400743e-14,4.406411038e-13,2.339967919e-13,5.975228664e-14,1.881658509e-13,4.420600311e-14,9.937997121e-14,2.954209269e-14,2.030259194e-13,8.115557876e-14,1.396267231e-13,2.138331687e-13,1.30236639e-13,2.01207732e-13,4.591983901e-13,3.098147178e-13,2.493951892e-13,1.030156399e-13,2.781069456e-13,6.42840332e-14,2.59540908e-14,1.435547601e-13,1.957183616e-13,1.40233078e-13,1.656348469e-13,4.13839426e-13,3.380036541e-13,6.33014518e-13,4.492689451e-14,5.028541581e-13,8.134814229e-14
107.921875,4.605759149e-13,7.545612685e-14,4.375252093e-13,2.3174766e-13,6.051430216e-14,1.853715758e-13,4.334958412e-14,9.988801885e-14,2.990256226e-14,2.052030258e-13,8.095180878e-14,1.385826492e-13,2.137872204e-13,1.307854408e-13,1.999236888e-13,4.607178983e-13,3.101978595e-13,2.474161417e-13,1.019387178e-13,2.762595645e-13,6.476608325e-14,2.557931294e-14,1.422221381e-13,1.954016049e-13,1.39873607e-13,1.650801535e-13,4.137152125e-13,3.385374209e-13,6.286273957e-13,4.531660077e-14,4.975581578e-13,8.121636105e-14
107.9296875,4.611160782e-13,7.461408002e-14,4.344838009e-13,2.294153941e-13,6.127803014e-14,1.826480865e-13,4.25179664e-14,1.003999184e-13,3.028155044e-14,2.073239965e-13,8.07230096e-14,1.375707744e-13,2.136746508e-13,1.314187261e-13,1.987921975e-13,4.623133751e-13,3.10594227e-13,2.454193154e-13,1.009157368e-13,2.742751762e-13,6.519216172e-14,2.520535848e-14,1.407971842e-13,1.949822788e-13,1.395052556e-13,1.644661883e-13,4.135383757e-13,3.390377729e-13,6.241256315e-13,4.569209271e-14,4.921877003e-13,8.102374782e-14
107.9375,4.618452827e-13,7.376514592e-14,4.313333477e-13,2.269132157e-13,6.210532013e-14,1.800389648e-13,4.169646299e-14,1.008623654e-13,3.069072878e-14,2.094404225e-13,8.047639992e-14,1.365055236e-13,2.13297322e-13,1.320876896e-13,1.97751837e-13,4.640177396e-13,3.110492182e-13,2.433248534e-13,9.991315383e-14,2.722351764e-13,6.559478871e-14,2.484187328e-14,1.392161963e-13,1.944990052e-13,1.390668377e-13,1.638049933e-13,4.132001339e-13,3.39553972e-13,6.19298827e-13,4.607270355e-14,4.865990967e-13,8.081644768e-14
107.9453125,4.625001732e-13,7.28612986e-14,4.278631771e-13,2.244037592e-13,6.309023045e-14,1.776214861e-13,4.087368419e-14,1.012518321e-13,3.114674895e-14,2.115021941e-13,8.027575201e-14,1.353912701e-13,2.128412529e-13,1.329242036e-13,1.96845255e-13,4.657427736e-13,3.116205465e-13,2.412632586e-13,9.899010777e-14,2.701660556e-13,6.596529237e-14,2.452395253e-14,1.37484206e-13,1.9392385e-13,1.385447036e-13,1.629319927e-13,4.126516701e-13,3.401147678e-13,6.139984891e-13,4.646591817e-14,4.809357245e-13,8.055208307e-14
107.953125,4.625672598e-13,7.195010446e-14,4.241396807e-13,2.219500502e-13,6.408822601e-14,1.752299005e-13,4.005218821e-14,1.01595242e-13,3.160626645e-14,2.134777585e-13,8.009596397e-14,1.342403727e-13,2.125124917e-13,1.338349538e-13,1.960853174e-13,4.674171014e-13,3.121857388e-13,2.392436558e-13,9.816635307e-14,2.679770469e-13,6.624297514e-14,2.422162612e-14,1.356848814e-13,1.932408953e-13,1.379984984e-13,1.618100614e-13,4.119735225e-13,3.406447604e-13,6.083572498e-13,4.684638738e-14,4.753085059e-13,8.015503385e-14
107.9609375,4.624160227e-13,7.103177211e-14,4.203066144e-13,2.196142408e-13,6.502341853e-14,1.728819737e-13,3.92380598e-14,1.019391565e-13,3.206572228e-14,2.154124036e-13,7.990330986e-14,1.330267118e-13,2.121613201e-13,1.346835855e-13,1.954014281e-13,4.690705526e-13,3.126150207e-13,2.370655136e-13,9.732639436e-14,2.657074615e-13,6.645129487e-14,2.390724386e-14,1.338823852e-13,1.925830913e-13,1.374329195e-13,1.606624571e-13,4.11154889e-13,3.411272792e-13,6.024865375e-13,4.721816735e-14,4.695635926e-13,7.969876775e-14
107.96875,4.624274508e-13,7.005148638e-14,4.165127313e-13,2.173620653e-13,6.600380092e-14,1.70738907e-13,3.844753261e-14,1.02305156e-13,3.257677244e-14,2.173577902e-13,7.970812211e-14,1.31814e-13,2.117069742e-13,1.356290886e-13,1.947942025e-13,4.70704578e-13,3.130026297e-13,2.347833306e-13,9.645867981e-14,2.634644817e-13,6.665869288e-14,2.360689354e-14,1.320520512e-13,1.919985486e-13,1.368244241e-13,1.595320519e-13,4.101145642e-13,3.416535874e-13,5.963502591e-13,4.762102299e-14,4.637400769e-13,7.925466925e-14
107.9765625,4.622429238e-13,6.90818674e-14,4.127756123e-13,2.149796475e-13,6.708018072e-14,1.686921423e-13,3.769007516e-14,1.026716113e-13,3.312088161e-14,2.193214873e-13,7.952173769e-14,1.306155119e-13,2.111715698e-13,1.367720447e-13,1.943177533e-13,4.722824478e-13,3.134222695e-13,2.325334502e-13,9.565831915e-14,2.612321158e-13,6.685011617e-14,2.33175802e-14,1.301297307e-13,1.912862646e-13,1.361770323e-13,1.58246246e-13,4.089023699e-13,3.42234644e-13,5.899499169e-13,4.805838477e-14,4.578860818e-13,7.876532329e-14
107.984375,4.619314323e-13,6.827502386e-14,4.0891727e-13,2.124936857e-13,6.824559202e-14,1.666674381e-13,3.696086656e-14,1.029795765e-13,3.365022858e-14,2.212202906e-13,7.937722327e-14,1.293168738e-13,2.105091961e-13,1.380291295e-13,1.939824861e-13,4.73888891e-13,3.138805461e-13,2.302587772e-13,9.49331377e-14,2.589996637e-13,6.69735843e-14,2.302383081e-14,1.280945126e-13,1.903093961e-13,1.354935661e-13,1.56802094e-13,4.075464724e-13,3.428354358e-13,5.832905374e-13,4.849011105e-14,4.518336754e-13,7.821473335e-14
107.9921875,4.617785648e-13,6.758590799e-14,4.049838762e-13,2.10026955e-13,6.94352579e-14,1.647493355e-13,3.62532026e-14,1.031920034e-13,3.417882427e-14,2.22952796e-13,7.930156552e-14,1.279580929e-13,2.098010047e-13,1.393450597e-13,1.936893327e-13,4.754619328e-13,3.143226047e-13,2.279640181e-13,9.423530497e-14,2.56765665e-13,6.703405095e-14,2.274145728e-14,1.260052732e-13,1.892182929e-13,1.347777185e-13,1.552974766e-13,4.060028061e-13,3.434283294e-13,5.763472718e-13,4.890049534e-14,4.457109721e-13,7.762570445e-14
108,4.612896989e-13,6.679783306e-14,4.012146616e-13,2.074477633e-13,7.055323312e-14,1.628906353e-13,3.554525612e-14,1.033709255e-13,3.473162691e-14,2.245427368e-13,7.927060086e-14,1.267057083e-13,2.090731721e-13,1.406194504e-13,1.933181359e-13,4.767941014e-13,3.145567617e-13,2.257005395e-13,9.351898538e-14,2.545145825e-13,6.707982142e-14,2.246590999e-14,1.23948403e-13,1.881555359e-13,1.340220853e-13,1.537473126e-13,4.044366074e-13,3.43891692e-13,5.69201038e-13,4.931911599e-14,4.397571475e-13,7.697368044e-14
108.0078125,4.603124325e-13,6.589123601e-14,3.975151658e-13,2.048066598e-13,7.167831176e-14,1.61117258e-13,3.482860193e-14,1.035834342e-13,3.532173776e-14,2.260805012e-13,7.924500379e-14,1.255336947e-13,2.08171562e-13,1.418427047e-13,1.929584085e-13,4.779996057e-13,3.145649582e-13,2.233904464e-13,9.275822383e-14,2.522824637e-13,6.712461689e-14,2.219535725e-14,1.219190925e-13,1.870501247e-13,1.331993978e-13,1.521556844e-13,4.02994822e-13,3.442253453e-13,5.619706724e-13,4.976819275e-14,4.338191855e-13,7.629044958e-14
108.015625,4.594569295e-13,6.504110604e-14,3.936840359e-13,2.023363885e-13,7.293065079e-14,1.595832783e-13,3.414280843e-14,1.037783283e-13,3.596129115e-14,2.275849304e-13,7.921378686e-14,1.243165962e-13,2.07172056e-13,1.432411686e-13,1.928161676e-13,4.793089535e-13,3.146054011e-13,2.210218714e-13,9.202157751e-14,2.50006735e-13,6.711284423e-14,2.196289432e-14,1.198264638e-13,1.858545541e-13,1.323207452e-13,1.504815407e-13,4.014866263e-13,3.446577395e-13,5.546481057e-13,5.023493163e-14,4.278028075e-13,7.561515024e-14
108.0234375,4.586467579e-13,6.421729287e-14,3.898327302e-13,1.999140016e-13,7.424393831e-14,1.582107368e-13,3.350507196e-14,1.039138379e-13,3.662613688e-14,2.290059943e-13,7.9226955e-14,1.23055662e-13,2.062584814e-13,1.448617341e-13,1.928841221e-13,4.806866479e-13,3.1478417e-13,2.186713064e-13,9.136902855e-14,2.476066552e-13,6.70176036e-14,2.176114338e-14,1.176419923e-13,1.846232603e-13,1.314234458e-13,1.48666741e-13,3.997836731e-13,3.451682759e-13,5.471488023e-13,5.070403492e-14,4.218261797e-13,7.488797203e-14
108.03125,4.574434654e-13,6.329374512e-14,3.860366773e-13,1.974315399e-13,7.556141923e-14,1.568721365e-13,3.288138587e-14,1.040381555e-13,3.728959195e-14,2.303258542e-13,7.930696868e-14,1.217967517e-13,2.053313547e-13,1.465158968e-13,1.929696482e-13,4.820023154e-13,3.149424929e-13,2.162881436e-13,9.074186081e-14,2.451800979e-13,6.690156248e-14,2.155860897e-14,1.154254921e-13,1.833408194e-13,1.305031397e-13,1.467746584e-13,3.979264048e-13,3.455407747e-13,5.394422441e-13,5.117850353e-14,4.158055079e-13,7.409090762e-14
108.0390625,4.562185532e-13,6.242942805e-14,3.821838354e-13,1.951229514e-13,7.694592215e-14,1.556776994e-13,3.226848872e-14,1.041437323e-13,3.797475824e-14,2.316264933e-13,7.934053114e-14,1.205643228e-13,2.042970732e-13,1.482354619e-13,1.929913553e-13,4.831626367e-13,3.150017871e-13,2.138317638e-13,9.013192502e-14,2.428174689e-13,6.67836901e-14,2.138244945e-14,1.13211558e-13,1.819934783e-13,1.295412993e-13,1.448638759e-13,3.958365299e-13,3.459783325e-13,5.315890422e-13,5.167462338e-14,4.097171847e-13,7.328035649e-14
108.046875,4.552764966e-13,6.175978565e-14,3.783201023e-13,1.929672725e-13,7.841347111e-14,1.546811732e-13,3.168767346e-14,1.041839222e-13,3.870465718e-14,2.329392245e-13,7.92927385e-14,1.193791104e-13,2.03229248e-13,1.501379884e-13,1.93036705e-13,4.841593652e-13,3.150177824e-13,2.114313891e-13,8.961333913e-14,2.405209498e-13,6.659417881e-14,2.125935045e-14,1.109891689e-13,1.806176634e-13,1.285456101e-13,1.42901097e-13,3.936152173e-13,3.466867391e-13,5.236555536e-13,5.22058659e-14,4.037613215e-13,7.246048982e-14
108.0546875,4.542734388e-13,6.109442568e-14,3.745351262e-13,1.907020538e-13,7.991128851e-14,1.537657904e-13,3.112180416e-14,1.041886563e-13,3.945900208e-14,2.341150654e-13,7.934192297e-14,1.182053486e-13,2.021189903e-13,1.521223536e-13,1.931735932e-13,4.850292352e-13,3.149110911e-13,2.091629972e-13,8.916283689e-14,2.381673798e-13,6.631962753e-14,2.116111794e-14,1.087560947e-13,1.791550319e-13,1.275324322e-13,1.408876605e-13,3.915107046e-13,3.472782252e-13,5.156003805e-13,5.273962715e-14,3.979437872e-13,7.162417027e-14
108.0625,4.531813637e-13,6.037064095e-14,3.707210579e-13,1.884150807e-13,8.138989095e-14,1.529243977e-13,3.055566183e-14,1.04176465e-13,4.020998348e-14,2.350859906e-13,7.954199214e-14,1.170117467e-13,2.009682881e-13,1.541410455e-13,1.93407987e-13,4.857451139e-13,3.146231452e-13,2.069597907e-13,8.873762314e-14,2.355074387e-13,6.600541198e-14,2.10713656e-14,1.065089607e-13,1.775878425e-13,1.265217557e-13,1.38825617e-13,3.894060494e-13,3.475727644e-13,5.073915953e-13,5.322508374e-14,3.921706122e-13,7.078189942e-14
108.0703125,4.522021904e-13,5.97634617e-14,3.668364285e-13,1.863078501e-13,8.284842438e-14,1.522468747e-13,3.000797929e-14,1.04135387e-13,4.096347489e-14,2.359755659e-13,7.97387796e-14,1.158419456e-13,1.998344284e-13,1.562851627e-13,1.937734675e-13,4.864415522e-13,3.143974527e-13,2.047818164e-13,8.836691475e-14,2.327095903e-13,6.565160177e-14,2.100176875e-14,1.042201969e-13,1.760482171e-13,1.255116991e-13,1.36677761e-13,3.871280398e-13,3.479695203e-13,4.991694713e-13,5.369592238e-14,3.864866867e-13,6.989875854e-14
108.078125,4.510685275e-13,5.921946453e-14,3.630102399e-13,1.843138117e-13,8.434781028e-14,1.517280935e-13,2.948684128e-14,1.041216015e-13,4.175084455e-14,2.367854163e-13,7.991844675e-14,1.147026919e-13,1.986352329e-13,1.585353255e-13,1.94233791e-13,4.872437506e-13,3.143422401e-13,2.026267728e-13,8.801162757e-14,2.302208128e-13,6.52519857e-14,2.095557532e-14,1.018843417e-13,1.745353801e-13,1.244571209e-13,1.344450329e-13,3.84722953e-13,3.484880028e-13,4.910027959e-13,5.421972772e-14,3.808847464e-13,6.895495792e-14
108.0859375,4.496403595e-13,5.860069188e-14,3.593183557e-13,1.823692178e-13,8.59141577e-14,1.513560156e-13,2.898736464e-14,1.041638408e-13,4.258000078e-14,2.374334162e-13,8.018430195e-14,1.135578303e-13,1.973534689e-13,1.608783166e-13,1.947077203e-13,4.879136765e-13,3.14232734e-13,2.005266892e-13,8.764761631e-14,2.278720009e-13,6.481700094e-14,2.093967793e-14,9.956253173e-14,1.729104308e-13,1.233503426e-13,1.321275433e-13,3.821689494e-13,3.488303579e-13,4.827295588e-13,5.477482567e-14,3.753797545e-13,6.798726268e-14
108.09375,4.48267257e-13,5.802965219e-14,3.55805325e-13,1.805683082e-13,8.750171418e-14,1.512037025e-13,2.852210231e-14,1.041867467e-13,4.342311258e-14,2.380113943e-13,8.051090796e-14,1.124402744e-13,1.961504999e-13,1.633863804e-13,1.953225132e-13,4.884674672e-13,3.140816047e-13,1.985886961e-13,8.739185548e-14,2.253123235e-13,6.432813038e-14,2.095854013e-14,9.731383537e-14,1.711900879e-13,1.222577759e-13,1.297509053e-13,3.795958864e-13,3.491727046e-13,4.74376981e-13,5.532588545e-14,3.701088466e-13,6.702151554e-14
108.1015625,4.470144533e-13,5.757760807e-14,3.524953666e-13,1.789367085e-13,8.905490971e-14,1.512231084e-13,2.810472048e-14,1.041451185e-13,4.425859866e-14,2.38565305e-13,8.085720694e-14,1.113771048e-13,1.949973816e-13,1.65943016e-13,1.962201072e-13,4.892897582e-13,3.140348283e-13,1.968250041e-13,8.725155628e-14,2.22740571e-13,6.380752757e-14,2.098922822e-14,9.510587711e-14,1.694622679e-13,1.212114332e-13,1.274228943e-13,3.77224339e-13,3.496298364e-13,4.662379678e-13,5.589501169e-14,3.650650327e-13,6.606796249e-14
108.109375,4.45538546e-13,5.714937952e-14,3.492901422e-13,1.773321415e-13,9.052045706e-14,1.511904161e-13,2.772459604e-14,1.040591859e-13,4.508570242e-14,2.38971169e-13,8.126851983e-14,1.103286699e-13,1.937411751e-13,1.683681842e-13,1.972289922e-13,4.902520684e-13,3.139230339e-13,1.951185193e-13,8.708039231e-14,2.202605437e-13,6.332926103e-14,2.101005172e-14,9.288511831e-14,1.677004847e-13,1.201755513e-13,1.25161981e-13,3.748719625e-13,3.49885189e-13,4.583141852e-13,5.647209881e-14,3.601475681e-13,6.512948015e-14
108.1171875,4.43752031e-13,5.678112025e-14,3.462128092e-13,1.756696836e-13,9.194255593e-14,1.510748043e-13,2.736154414e-14,1.03928893e-13,4.591833133e-14,2.392274963e-13,8.175028315e-14,1.093238663e-13,1.924931656e-13,1.708106924e-13,1.981390625e-13,4.909264794e-13,3.136032615e-13,1.934116333e-13,8.689244465e-14,2.176762244e-13,6.288002693e-14,2.103087965e-14,9.067264802e-14,1.658648027e-13,1.191240184e-13,1.228798938e-13,3.723698912e-13,3.499993269e-13,4.503558939e-13,5.703964331e-14,3.553930868e-13,6.417822201e-14
108.125,4.418808041e-13,5.647098037e-14,3.434190575e-13,1.741187988e-13,9.346507995e-14,1.511170689e-13,2.701264748e-14,1.037500833e-13,4.677908436e-14,2.394299458e-13,8.2279168e-14,1.084350124e-13,1.913841571e-13,1.735001916e-13,1.989582168e-13,4.912374243e-13,3.13112852e-13,1.916861707e-13,8.679224798e-14,2.150561148e-13,6.23870017e-14,2.107661958e-14,8.848634478e-14,1.639851354e-13,1.180421281e-13,1.20567415e-13,3.698025881e-13,3.502811226e-13,4.423687328e-13,5.763825379e-14,3.508476348e-13,6.318982078e-14
108.1328125,4.400488359e-13,5.606146208e-14,3.407080807e-13,1.728273226e-13,9.505351337e-14,1.513922998e-13,2.668318555e-14,1.035503525e-13,4.766400593e-14,2.395409131e-13,8.286754164e-14,1.075794699e-13,1.902626875e-13,1.763182825e-13,1.997861774e-13,4.912909817e-13,3.125230464e-13,1.89958955e-13,8.671917669e-14,2.125483398e-13,6.18587168e-14,2.115677763e-14,8.628692274e-14,1.620922895e-13,1.169207295e-13,1.182214885e-13,3.670866341e-13,3.505464835e-13,4.344439243e-13,5.826164376e-14,3.464590662e-13,6.217279943e-14
108.140625,4.381903977e-13,5.563660215e-14,3.37715275e-13,1.716651028e-13,9.652745727e-14,1.517523108e-13,2.636815879e-14,1.03348613e-13,4.854542374e-14,2.395092707e-13,8.347593885e-14,1.066073498e-13,1.890176425e-13,1.790665909e-13,2.007149559e-13,4.912803296e-13,3.120218009e-13,1.883342676e-13,8.659522622e-14,2.100993209e-13,6.132940523e-14,2.125134848e-14,8.407576801e-14,1.601378404e-13,1.157933075e-13,1.157709937e-13,3.642576521e-13,3.506255377e-13,4.264881959e-13,5.885232167e-14,3.421158054e-13,6.114518478e-14
108.1484375,4.362703129e-13,5.539097685e-14,3.34557936e-13,1.705059302e-13,9.792200903e-14,1.521730352e-13,2.606959311e-14,1.03117119e-13,4.942383206e-14,2.394060042e-13,8.403374575e-14,1.055729339e-13,1.877334284e-13,1.818210289e-13,2.016647628e-13,4.912159978e-13,3.115182837e-13,1.867866653e-13,8.646013826e-14,2.075865932e-13,6.078201388e-14,2.133877483e-14,8.190778366e-14,1.580626653e-13,1.146760797e-13,1.1323717e-13,3.614596799e-13,3.507677321e-13,4.184974088e-13,5.942523488e-14,3.377034606e-13,6.011589323e-14
108.15625,4.343833954e-13,5.520612687e-14,3.315944536e-13,1.69340559e-13,9.940320112e-14,1.527131293e-13,2.57945075e-14,1.028176634e-13,5.03240817e-14,2.393095558e-13,8.458711872e-14,1.046635163e-13,1.864263236e-13,1.846984594e-13,2.024516758e-13,4.908044585e-13,3.106493833e-13,1.852144828e-13,8.634966146e-14,2.049308732e-13,6.021755354e-14,2.143331687e-14,7.979667193e-14,1.559540199e-13,1.135260647e-13,1.107209968e-13,3.584398727e-13,3.510124147e-13,4.106006375e-13,6.002238012e-14,3.333146557e-13,5.908628027e-14
108.1640625,4.325422625e-13,5.499001975e-14,3.289608799e-13,1.6815528e-13,1.009728416e-13,1.533624637e-13,2.552493604e-14,1.024759444e-13,5.125401798e-14,2.392019878e-13,8.523439427e-14,1.039188521e-13,1.850844372e-13,1.876675204e-13,2.031847806e-13,4.902055975e-13,3.095965631e-13,1.837375129e-13,8.629467352e-14,2.022678836e-13,5.965912199e-14,2.15597308e-14,7.771205221e-14,1.539115879e-13,1.123287944e-13,1.082437737e-13,3.551594134e-13,3.511872336e-13,4.028212912e-13,6.064969569e-14,3.292264543e-13,5.805691826e-14
108.171875,4.305819467e-13,5.487744289e-14,3.266504733e-13,1.670979254e-13,1.025460367e-13,1.541381929e-13,2.525377223e-14,1.021497984e-13,5.218848044e-14,2.389930877e-13,8.594943781e-14,1.032266742e-13,1.838199846e-13,1.907240424e-13,2.040570947e-13,4.897412531e-13,3.087177241e-13,1.824291881e-13,8.63334609e-14,1.99715909e-13,5.908899826e-14,2.170900007e-14,7.56354386e-14,1.518606266e-13,1.111186744e-13,1.057461807e-13,3.520155035e-13,3.5136431e-13,3.951204862e-13,6.131631175e-14,3.25509741e-13,5.701127884e-14
108.1796875,4.284511459e-13,5.481250675e-14,3.2445564e-13,1.662963332e-13,1.040777466e-13,1.55009763e-13,2.502345427e-14,1.018319469e-13,5.308957323e-14,2.386216748e-13,8.664100963e-14,1.024953587e-13,1.826668368e-13,1.938854445e-13,2.049737266e-13,4.891126981e-13,3.078542087e-13,1.811220982e-13,8.639954338e-14,1.971211657e-13,5.847285502e-14,2.185832403e-14,7.357301617e-14,1.49759626e-13,1.09924497e-13,1.031882999e-13,3.489949808e-13,3.515402265e-13,3.874840597e-13,6.198677557e-14,3.219755253e-13,5.592712485e-14
108.1875,4.262741137e-13,5.467122336e-14,3.220944284e-13,1.655401759e-13,1.055714396e-13,1.558800098e-13,2.485531845e-14,1.014839399e-13,5.396970601e-14,2.381164515e-13,8.730104575e-14,1.017232959e-13,1.815097659e-13,1.970755322e-13,2.058947377e-13,4.882962926e-13,3.069551843e-13,1.797897492e-13,8.640929935e-14,1.945846378e-13,5.779692555e-14,2.201160257e-14,7.153738185e-14,1.476733668e-13,1.087601749e-13,1.006379214e-13,3.459152444e-13,3.515192375e-13,3.799175345e-13,6.259668806e-14,3.184961739e-13,5.484222206e-14
108.1953125,4.241016979e-13,5.459829102e-14,3.197532781e-13,1.647699485e-13,1.071091266e-13,1.568348343e-13,2.470792456e-14,1.01108769e-13,5.48848989e-14,2.375453636e-13,8.79884061e-14,1.009939898e-13,1.803224458e-13,2.002729915e-13,2.069073474e-13,4.876906611e-13,3.061378363e-13,1.785270503e-13,8.642547977e-14,1.924081351e-13,5.707571241e-14,2.218915535e-14,6.952531073e-14,1.45563067e-13,1.075973389e-13,9.820574112e-14,3.428567524e-13,3.514334789e-13,3.724753335e-13,6.318760263e-14,3.151162033e-13,5.381139638e-14
108.203125,4.220136374e-13,5.468575943e-14,3.177893657e-13,1.642552564e-13,1.08724275e-13,1.580216505e-13,2.455997489e-14,1.007171564e-13,5.583067193e-14,2.369457877e-13,8.8745532e-14,1.003736072e-13,1.791772449e-13,2.03569441e-13,2.079096465e-13,4.870040135e-13,3.051887956e-13,1.77279248e-13,8.65352283e-14,1.903550983e-13,5.635528816e-14,2.23950776e-14,6.753859978e-14,1.434002475e-13,1.063904867e-13,9.585391756e-14,3.396811525e-13,3.515856518e-13,3.651526132e-13,6.382605046e-14,3.119275339e-13,5.280678102e-14
108.2109375,4.201373976e-13,5.480208324e-14,3.160360514e-13,1.639610677e-13,1.10300868e-13,1.593673888e-13,2.444109976e-14,1.003035114e-13,5.674970487e-14,2.362844356e-13,8.953849423e-14,9.979139059e-14,1.780625551e-13,2.06962474e-13,2.088255114e-13,4.858843604e-13,3.040864036e-13,1.760363138e-13,8.669887934e-14,1.880498747e-13,5.565837478e-14,2.261467536e-14,6.5611893e-14,1.412632052e-13,1.05168217e-13,9.344077479e-14,3.362883093e-13,3.518447571e-13,3.578285651e-13,6.445919162e-14,3.089229964e-13,5.178574128e-14
108.21875,4.182371286e-13,5.488185586e-14,3.142065241e-13,1.636610554e-13,1.117708637e-13,1.607676653e-13,2.436343697e-14,9.986370676e-14,5.763373965e-14,2.355079731e-13,9.028030585e-14,9.916630895e-14,1.769222106e-13,2.103371303e-13,2.097377573e-13,4.846573137e-13,3.030396962e-13,1.748782611e-13,8.68487712e-14,1.856408328e-13,5.495217587e-14,2.283490469e-14,6.376350495e-14,1.391255523e-13,1.039792159e-13,9.095532575e-14,3.329501288e-13,3.518643458e-13,3.504823647e-13,6.503572623e-14,3.060148585e-13,5.076929372e-14
108.2265625,4.160597803e-13,5.499758257e-14,3.124290089e-13,1.634452499e-13,1.132217384e-13,1.622448677e-13,2.43171483e-14,9.93883542e-14,5.851423501e-14,2.346396264e-13,9.097668568e-14,9.855617533e-14,1.757795133e-13,2.13681279e-13,2.106902085e-13,4.834861746e-13,3.01913579e-13,1.737751812e-13,8.699983146e-14,1.833656938e-13,5.421688746e-14,2.305914353e-14,6.196465972e-14,1.369418301e-13,1.028146706e-13,8.852057948e-14,3.296996157e-13,3.516849536e-13,3.432685722e-13,6.559706119e-14,3.032423879e-13,4.978660928e-14
108.234375,4.140485857e-13,5.522647985e-14,3.108622692e-13,1.633988499e-13,1.147464406e-13,1.63828289e-13,2.4307608e-14,9.886624753e-14,5.940666159e-14,2.336830832e-13,9.173278508e-14,9.801679062e-14,1.746681032e-13,2.171172004e-13,2.117368103e-13,4.822839674e-13,3.006492671e-13,1.727009618e-13,8.718994685e-14,1.811761331e-13,5.346894878e-14,2.330255624e-14,6.018924955e-14,1.347849199e-13,1.016657161e-13,8.620309478e-14,3.263507463e-13,3.516125611e-13,3.362945359e-13,6.616748531e-14,3.00710291e-13,4.885318824e-14
108.2421875,4.125165516e-13,5.550460111e-14,3.094716706e-13,1.634107415e-13,1.163269807e-13,1.655502179e-13,2.432838182e-14,9.830327046e-14,6.030510311e-14,2.325845735e-13,9.257198829e-14,9.750689027e-14,1.735398631e-13,2.206718694e-13,2.128484637e-13,4.81099733e-13,2.994501198e-13,1.716998869e-13,8.739475712e-14,1.790094807e-13,5.272457826e-14,2.356427716e-14,5.843073892e-14,1.326283055e-13,1.005174302e-13,8.394101237e-14,3.229358179e-13,3.516709868e-13,3.294811913e-13,6.673845128e-14,2.983201157e-13,4.796028809e-14
108.25,4.107484938e-13,5.569275919e-14,3.082853949e-13,1.63506258e-13,1.1781503e-13,1.673787267e-13,2.43592101e-14,9.773488503e-14,6.118334192e-14,2.314627233e-13,9.343807154e-14,9.701702299e-14,1.72362444e-13,2.241401316e-13,2.138345351e-13,4.798461094e-13,2.982622272e-13,1.707478273e-13,8.755457185e-14,1.770296593e-13,5.201389761e-14,2.38154882e-14,5.669336302e-14,1.303849735e-13,9.933907746e-14,8.166727554e-14,3.19500509e-13,3.516388135e-13,3.227068062e-13,6.733085677e-14,2.959298769e-13,4.705567602e-14
108.2578125,4.082821063e-13,5.590927659e-14,3.073227678e-13,1.63757091e-13,1.190722512e-13,1.691613927e-13,2.440861904e-14,9.719473145e-14,6.202768871e-14,2.30492368e-13,9.432072471e-14,9.658967249e-14,1.711993214e-13,2.273294038e-13,2.146472874e-13,4.784256893e-13,2.969584239e-13,1.697928912e-13,8.767208874e-14,1.754068412e-13,5.136307187e-14,2.404239241e-14,5.500349031e-14,1.281262219e-13,9.816919394e-14,7.942586414e-14,3.160221595e-13,3.515299559e-13,3.160088498e-13,6.79494822e-14,2.936130226e-13,4.613432587e-14
108.265625,4.058073334e-13,5.632760323e-14,3.064618244e-13,1.640565735e-13,1.20189946e-13,1.708908521e-13,2.448272435e-14,9.664857616e-14,6.285567516e-14,2.295292309e-13,9.52198991e-14,9.621333473e-14,1.700853722e-13,2.303568981e-13,2.153283296e-13,4.76771798e-13,2.955615358e-13,1.688279206e-13,8.782590613e-14,1.739244259e-13,5.074399683e-14,2.427156793e-14,5.336616891e-14,1.259075691e-13,9.703519062e-14,7.727377614e-14,3.124620399e-13,3.514810344e-13,3.094743193e-13,6.855410071e-14,2.914597437e-13,4.525307601e-14
108.2734375,4.037451133e-13,5.673658067e-14,3.056523917e-13,1.643334934e-13,1.213641245e-13,1.727361112e-13,2.455794189e-14,9.605096227e-14,6.366696479e-14,2.28330687e-13,9.611576855e-14,9.582333543e-14,1.689708084e-13,2.334666632e-13,2.158569104e-13,4.746910885e-13,2.94023506e-13,1.678616605e-13,8.805130332e-14,1.723340396e-13,5.012484798e-14,2.452278193e-14,5.173882797e-14,1.236551889e-13,9.585913908e-14,7.516943453e-14,3.087391864e-13,3.513248731e-13,3.030096372e-13,6.911863988e-14,2.894199689e-13,4.441135966e-14
108.28125,4.016500114e-13,5.69841672e-14,3.049770951e-13,1.647380094e-13,1.226143062e-13,1.7473571e-13,2.463915811e-14,9.542956093e-14,6.445500226e-14,2.269370781e-13,9.70319909e-14,9.540943617e-14,1.678519103e-13,2.367077644e-13,2.163589073e-13,4.723257864e-13,2.923569105e-13,1.669188356e-13,8.82834835e-14,1.708155863e-13,4.951856939e-14,2.47869058e-14,5.0114389e-14,1.213646642e-13,9.461704198e-14,7.306118926e-14,3.049838323e-13,3.509215012e-13,2.9652791e-13,6.965858024e-14,2.874575048e-13,4.356803771e-14
108.2890625,3.994176977e-13,5.731434965e-14,3.044667205e-13,1.65395639e-13,1.238842665e-13,1.768257242e-13,2.475386885e-14,9.47898459e-14,6.525192335e-14,2.25485163e-13,9.800395589e-14,9.506769359e-14,1.667790699e-13,2.400604045e-13,2.169080921e-13,4.699546026e-13,2.906519844e-13,1.660151274e-13,8.847258091e-14,1.694246467e-13,4.893434158e-14,2.506262168e-14,4.854448808e-14,1.191252399e-13,9.338048765e-14,7.09530351e-14,3.013672667e-13,3.505256703e-13,2.901844484e-13,7.020230648e-14,2.85603082e-13,4.272231414e-14
108.296875,3.97444463e-13,5.780736485e-14,3.04067106e-13,1.661220509e-13,1.252225051e-13,1.790167763e-13,2.489559524e-14,9.409997644e-14,6.608205685e-14,2.240149271e-13,9.899120162e-14,9.485457929e-14,1.65756124e-13,2.435973812e-13,2.173740391e-13,4.674377554e-13,2.889056968e-13,1.651471353e-13,8.866265387e-14,1.679501249e-13,4.836866197e-14,2.536153131e-14,4.704717747e-14,1.169722486e-13,9.216245931e-14,6.886075857e-14,2.977283087e-13,3.50303478e-13,2.840806579e-13,7.074988328e-14,2.838988425e-13,4.190086442e-14
108.3046875,3.957927524e-13,5.828549638e-14,3.037263725e-13,1.667459128e-13,1.266319704e-13,1.813325972e-13,2.50626432e-14,9.33981961e-14,6.692949572e-14,2.225386366e-13,9.99146975e-14,9.46673256e-14,1.647632378e-13,2.472601104e-13,2.178234147e-13,4.647679157e-13,2.872100679e-13,1.643246743e-13,8.890549531e-14,1.665096905e-13,4.782833814e-14,2.568257168e-14,4.559607846e-14,1.148436126e-13,9.094805161e-14,6.680341224e-14,2.939604031e-13,3.500982361e-13,2.780770776e-13,7.126414709e-14,2.82350498e-13,4.114374847e-14
108.3125,3.94169838e-13,5.872540554e-14,3.034450873e-13,1.675011771e-13,1.279547238e-13,1.837499082e-13,2.527462543e-14,9.268196668e-14,6.775523627e-14,2.210038691e-13,1.007978999e-13,9.443541897e-14,1.637816342e-13,2.507843976e-13,2.183715507e-13,4.621770447e-13,2.856643717e-13,1.635466512e-13,8.918425511e-14,1.652375079e-13,4.73044042e-14,2.600784805e-14,4.418125323e-14,1.126482102e-13,8.975896453e-14,6.479446941e-14,2.90201629e-13,3.498134057e-13,2.721658776e-13,7.172454527e-14,2.808740768e-13,4.045110811e-14
108.3203125,3.922878112e-13,5.917319297e-14,3.032418821e-13,1.68507001e-13,1.29060287e-13,1.861450137e-13,2.551336246e-14,9.187037637e-14,6.850158061e-14,2.1933275e-13,1.017365727e-13,9.423070634e-14,1.627770224e-13,2.540106302e-13,2.188594451e-13,4.595881761e-13,2.841057637e-13,1.628019085e-13,8.944942917e-14,1.639991615e-13,4.678674801e-14,2.631091476e-14,4.279603676e-14,1.103773212e-13,8.857931001e-14,6.284189224e-14,2.864560401e-13,3.493697668e-13,2.665261337e-13,7.21585626e-14,2.794212474e-13,3.975732352e-14
108.328125,3.901341657e-13,5.96457284e-14,3.030571528e-13,1.694342668e-13,1.300388325e-13,1.883657654e-13,2.575149984e-14,9.102393766e-14,6.917226842e-14,2.1757495e-13,1.026758579e-13,9.40711594e-14,1.617685684e-13,2.570526962e-13,2.192387708e-13,4.569788136e-13,2.82389746e-13,1.621071782e-13,8.968368908e-14,1.628652527e-13,4.628807098e-14,2.658711781e-14,4.142801298e-14,1.081069419e-13,8.738836974e-14,6.096585171e-14,2.826948689e-13,3.486501645e-13,2.611224886e-13,7.259482145e-14,2.78101018e-13,3.906435892e-14
108.3359375,3.880566296e-13,6.023104205e-14,3.028532642e-13,1.702491619e-13,1.310837071e-13,1.905389881e-13,2.600312639e-14,9.025609474e-14,6.987139411e-14,2.158585814e-13,1.034805218e-13,9.393185416e-14,1.608269974e-13,2.601154612e-13,2.196329089e-13,4.544971121e-13,2.80604667e-13,1.614802896e-13,8.993187175e-14,1.618903842e-13,4.579520908e-14,2.687198585e-14,4.009861465e-14,1.058991841e-13,8.62193454e-14,5.914174096e-14,2.790320517e-13,3.479047751e-13,2.558205312e-13,7.303115484e-14,2.769992509e-13,3.844044038e-14
108.34375,3.861965327e-13,6.09291728e-14,3.02758718e-13,1.713314333e-13,1.321894431e-13,1.929228242e-13,2.627639375e-14,8.949694858e-14,7.063004181e-14,2.142322536e-13,1.042107756e-13,9.387924129e-14,1.599606784e-13,2.632339326e-13,2.200126197e-13,4.519826147e-13,2.78854945e-13,1.608947878e-13,9.024289964e-14,1.609283447e-13,4.528217644e-14,2.718441141e-14,3.882734424e-14,1.03764751e-13,8.50849708e-14,5.732292061e-14,2.754577412e-13,3.474729134e-13,2.507114788e-13,7.345086842e-14,2.760472403e-13,3.785666263e-14
108.3515625,3.842764189e-13,6.165166355e-14,3.028255394e-13,1.726933674e-13,1.331700291e-13,1.954162917e-13,2.655447629e-14,8.867323298e-14,7.134218354e-14,2.125632118e-13,1.04970076e-13,9.389808439e-14,1.591156184e-13,2.66258449e-13,2.203156913e-13,4.492465357e-13,2.771185048e-13,1.60270336e-13,9.057350698e-14,1.601219043e-13,4.477424056e-14,2.749101559e-14,3.758920021e-14,1.016535869e-13,8.396088063e-14,5.555225655e-14,2.718080766e-13,3.471270169e-13,2.458092992e-13,7.383557423e-14,2.751314232e-13,3.72617149e-14
108.359375,3.822606725e-13,6.238867349e-14,3.029220629e-13,1.740325107e-13,1.340074588e-13,1.977862235e-13,2.683528819e-14,8.784976226e-14,7.196887574e-14,2.106605422e-13,1.056988784e-13,9.386536915e-14,1.582425819e-13,2.691347025e-13,2.20495829e-13,4.463087904e-13,2.753014084e-13,1.59566827e-13,9.083472759e-14,1.595584621e-13,4.430109469e-14,2.776761669e-14,3.637445514e-14,9.950868907e-14,8.282827312e-14,5.387676886e-14,2.680076893e-13,3.464608036e-13,2.409342158e-13,7.417866773e-14,2.741763164e-13,3.670376662e-14
108.3671875,3.803286899e-13,6.311342043e-14,3.030616337e-13,1.75248651e-13,1.348277508e-13,2.001003689e-13,2.713275083e-14,8.704794814e-14,7.257958724e-14,2.085962404e-13,1.064155559e-13,9.380625311e-14,1.573060329e-13,2.719480856e-13,2.204889963e-13,4.431922627e-13,2.734096308e-13,1.588804764e-13,9.101065801e-14,1.589311658e-13,4.386124313e-14,2.802427977e-14,3.520402054e-14,9.737137673e-14,8.167083463e-14,5.223938398e-14,2.64151089e-13,3.454907189e-13,2.361708672e-13,7.448842617e-14,2.731804286e-13,3.619537863e-14
108.375,3.783035895e-13,6.378132436e-14,3.033388559e-13,1.764140626e-13,1.355623116e-13,2.024272904e-13,2.745658144e-14,8.623544757e-14,7.317856343e-14,2.065919325e-13,1.072487534e-13,9.381826999e-14,1.563280699e-13,2.746109231e-13,2.204028098e-13,4.400284972e-13,2.71526836e-13,1.582837145e-13,9.113977084e-14,1.582172556e-13,4.347485569e-14,2.825730724e-14,3.407086956e-14,9.529758809e-14,8.050372736e-14,5.060081182e-14,2.603743322e-13,3.44402927e-13,2.317384349e-13,7.476933509e-14,2.722009992e-13,3.567105252e-14
108.3828125,3.75999733e-13,6.445834578e-14,3.036701462e-13,1.776852635e-13,1.36115579e-13,2.046643447e-13,2.780135732e-14,8.542827999e-14,7.373364103e-14,2.046189272e-13,1.081476543e-13,9.388339203e-14,1.554043536e-13,2.769864359e-13,2.203381927e-13,4.369182452e-13,2.695812439e-13,1.576997819e-13,9.126052929e-14,1.576568337e-13,4.315577837e-14,2.846210863e-14,3.295927752e-14,9.325614081e-14,7.93709126e-14,4.900662591e-14,2.56695254e-13,3.433042244e-13,2.275425859e-13,7.502756701e-14,2.712717431e-13,3.513289439e-14
108.390625,3.736407583e-13,6.518526361e-14,3.040558873e-13,1.791502686e-13,1.36679007e-13,2.068909861e-13,2.8160562e-14,8.462670405e-14,7.429486901e-14,2.025820792e-13,1.089685752e-13,9.399491012e-14,1.545673182e-13,2.792710761e-13,2.20214349e-13,4.33765642e-13,2.675291613e-13,1.570937314e-13,9.141526895e-14,1.57231304e-13,4.287262118e-14,2.866990901e-14,3.187760782e-14,9.124620944e-14,7.827010393e-14,4.749247051e-14,2.530956054e-13,3.422715523e-13,2.234627199e-13,7.527233259e-14,2.704079028e-13,3.463483708e-14
108.3984375,3.713973318e-13,6.589640362e-14,3.046024021e-13,1.806038872e-13,1.373858213e-13,2.092480862e-13,2.854967111e-14,8.380785493e-14,7.488375664e-14,2.005798075e-13,1.097020985e-13,9.417300824e-14,1.53722007e-13,2.816637251e-13,2.199987629e-13,4.305715772e-13,2.655123996e-13,1.564958082e-13,9.159559322e-14,1.569302957e-13,4.261101871e-14,2.889509581e-14,3.082954929e-14,8.930721813e-14,7.716012407e-14,4.605604138e-14,2.49592746e-13,3.412277886e-13,2.195604532e-13,7.548891179e-14,2.69563928e-13,3.417570617e-14
108.40625,3.690979834e-13,6.656835878e-14,3.052077546e-13,1.818631884e-13,1.380479125e-13,2.115893057e-13,2.896907827e-14,8.29890097e-14,7.542614438e-14,1.986076312e-13,1.104051008e-13,9.435231537e-14,1.528160142e-13,2.839932699e-13,2.196534929e-13,4.273105657e-13,2.634580277e-13,1.558294237e-13,9.172864927e-14,1.567468543e-13,4.237883152e-14,2.910322206e-14,2.981799453e-14,8.740584505e-14,7.602335389e-14,4.468019386e-14,2.460936028e-13,3.400276955e-13,2.157893824e-13,7.5663737e-14,2.686092566e-13,3.372989632e-14
108.4140625,3.666212097e-13,6.725382353e-14,3.058091104e-13,1.830328814e-13,1.385733563e-13,2.137802417e-13,2.939323723e-14,8.219734287e-14,7.591767183e-14,1.965363323e-13,1.111343467e-13,9.451989561e-14,1.519215013e-13,2.861397857e-13,2.191421177e-13,4.23875854e-13,2.611888308e-13,1.550681181e-13,9.180392359e-14,1.564584998e-13,4.21747379e-14,2.928670184e-14,2.884670771e-14,8.552229286e-14,7.488093431e-14,4.333753042e-14,2.425254701e-13,3.387432087e-13,2.121227042e-13,7.582001703e-14,2.675997282e-13,3.330185216e-14
108.421875,3.641540959e-13,6.799983193e-14,3.065187298e-13,1.842009861e-13,1.390762469e-13,2.159608299e-13,2.983515503e-14,8.143041274e-14,7.643201096e-14,1.944289957e-13,1.119246042e-13,9.475191965e-14,1.510518483e-13,2.882039786e-13,2.186578563e-13,4.204408983e-13,2.58892892e-13,1.54351036e-13,9.189337929e-14,1.56114098e-13,4.203137408e-14,2.948226003e-14,2.789152799e-14,8.369758895e-14,7.377123846e-14,4.201228614e-14,2.389930873e-13,3.375143183e-13,2.087030334e-13,7.596787137e-14,2.667472843e-13,3.290166772e-14
108.4296875,3.619006537e-13,6.877330818e-14,3.072682159e-13,1.853310528e-13,1.395305978e-13,2.182206637e-13,3.031283072e-14,8.064961998e-14,7.693854996e-14,1.92382738e-13,1.127175767e-13,9.501781217e-14,1.501166922e-13,2.901286769e-13,2.182193388e-13,4.170264976e-13,2.567070822e-13,1.537017879e-13,9.200216286e-14,1.560134101e-13,4.198031505e-14,2.968420644e-14,2.69414031e-14,8.192079347e-14,7.268368814e-14,4.071440536e-14,2.354771747e-13,3.362814257e-13,2.055092753e-13,7.60787484e-14,2.659501879e-13,3.25214492e-14
108.4375,3.597901045e-13,6.947862662e-14,3.079741021e-13,1.864416282e-13,1.398971553e-13,2.204915203e-13,3.079411426e-14,7.982091994e-14,7.736282214e-14,1.903249421e-13,1.134479088e-13,9.524453951e-14,1.491393488e-13,2.918478177e-13,2.175414295e-13,4.133237408e-13,2.544571308e-13,1.53017022e-13,9.204561607e-14,1.561018988e-13,4.198102158e-14,2.98532457e-14,2.60299149e-14,8.016503424e-14,7.1570147e-14,3.947921358e-14,2.318141234e-13,3.349289451e-13,2.024005782e-13,7.614441215e-14,2.649759858e-13,3.215718412e-14
108.4453125,3.57684573e-13,7.015578036e-14,3.088147749e-13,1.876425566e-13,1.402757338e-13,2.227944311e-13,3.128500147e-14,7.897886293e-14,7.774845255e-14,1.882222353e-13,1.141494874e-13,9.549963605e-14,1.482477375e-13,2.935294923e-13,2.167716956e-13,4.096092383e-13,2.522560924e-13,1.523654981e-13,9.199985125e-14,1.56235073e-13,4.200179433e-14,3.00015103e-14,2.517642487e-14,7.844892862e-14,7.046810884e-14,3.83377121e-14,2.2808847e-13,3.335152636e-13,1.994297857e-13,7.619027938e-14,2.639766204e-13,3.182091619e-14
108.453125,3.556008442e-13,7.099774567e-14,3.098821986e-13,1.890612452e-13,1.405998308e-13,2.251776067e-13,3.183206686e-14,7.816840499e-14,7.814752976e-14,1.861149679e-13,1.148629663e-13,9.586507478e-14,1.47443155e-13,2.952109161e-13,2.163318981e-13,4.064984019e-13,2.503761059e-13,1.518711842e-13,9.194858457e-14,1.565371594e-13,4.206737848e-14,3.016013434e-14,2.436088602e-14,7.676702463e-14,6.944352846e-14,3.727180375e-14,2.245224112e-13,3.321601448e-13,1.966887246e-13,7.622928416e-14,2.631478072e-13,3.151628946e-14
108.4609375,3.53558448e-13,7.202594931e-14,3.109964637e-13,1.906210379e-13,1.407684815e-13,2.275526609e-13,3.240822749e-14,7.738179557e-14,7.85193125e-14,1.839482969e-13,1.155460926e-13,9.627687605e-14,1.466373864e-13,2.967565072e-13,2.160762818e-13,4.03819103e-13,2.486457774e-13,1.514665898e-13,9.195102298e-14,1.569754142e-13,4.217525352e-14,3.031851754e-14,2.355469209e-14,7.510019565e-14,6.843797746e-14,3.625459358e-14,2.21086576e-13,3.307773725e-13,1.941427824e-13,7.624649172e-14,2.623341331e-13,3.12380967e-14
108.46875,3.51509882e-13,7.306517153e-14,3.119448901e-13,1.920494679e-13,1.409560545e-13,2.298366823e-13,3.296564621e-14,7.662417061e-14,7.884543673e-14,1.816716013e-13,1.161368996e-13,9.663485105e-14,1.458093121e-13,2.981902031e-13,2.156162706e-13,4.010186545e-13,2.468186588e-13,1.51060057e-13,9.196813448e-14,1.573557154e-13,4.230185116e-14,3.046550632e-14,2.275364295e-14,7.344787152e-14,6.738976106e-14,3.529655326e-14,2.176076728e-13,3.292035048e-13,1.917584267e-13,7.622006004e-14,2.613913238e-13,3.098779042e-14
108.4765625,3.493731379e-13,7.407160402e-14,3.127128233e-13,1.933161169e-13,1.411973396e-13,2.320461231e-13,3.351895462e-14,7.590491206e-14,7.914503574e-14,1.793746878e-13,1.166594027e-13,9.693826432e-14,1.449489386e-13,2.994804606e-13,2.149549396e-13,3.980276435e-13,2.449333036e-13,1.506366319e-13,9.194611183e-14,1.577758289e-13,4.245686283e-14,3.060337563e-14,2.200266267e-14,7.179518211e-14,6.636326116e-14,3.439141781e-14,2.14083859e-13,3.27516287e-13,1.895593079e-13,7.614160017e-14,2.603491449e-13,3.075438191e-14
108.484375,3.470223201e-13,7.50873705e-14,3.135150337e-13,1.945919859e-13,1.412447186e-13,2.341745934e-13,3.407561141e-14,7.51873348e-14,7.939703875e-14,1.771291556e-13,1.172019217e-13,9.722689943e-14,1.440395728e-13,3.004201814e-13,2.142095706e-13,3.950004093e-13,2.429580668e-13,1.501312241e-13,9.187784252e-14,1.583365135e-13,4.264805024e-14,3.071634313e-14,2.133722792e-14,7.015847077e-14,6.540123222e-14,3.349760851e-14,2.10645155e-13,3.257865938e-13,1.875654901e-13,7.600284103e-14,2.591839822e-13,3.052838726e-14
108.4921875,3.445284436e-13,7.604937905e-14,3.144206414e-13,1.958033964e-13,1.4110475e-13,2.361662769e-13,3.46232023e-14,7.446898833e-14,7.959505785e-14,1.748704328e-13,1.177625696e-13,9.749572386e-14,1.431304667e-13,3.010568644e-13,2.133518421e-13,3.919259539e-13,2.408022545e-13,1.495310942e-13,9.178414358e-14,1.588017232e-13,4.287095437e-14,3.080090276e-14,2.071521077e-14,6.857771676e-14,6.445501317e-14,3.260283781e-14,2.07296044e-13,3.238470848e-13,1.856996171e-13,7.579717836e-14,2.578747416e-13,3.033558735e-14
108.5,3.421960156e-13,7.698143776e-14,3.152548787e-13,1.968309874e-13,1.409802e-13,2.380439077e-13,3.518030504e-14,7.378580732e-14,7.97698216e-14,1.725987098e-13,1.182367891e-13,9.775638973e-14,1.422593949e-13,3.016437149e-13,2.123834822e-13,3.887155566e-13,2.385737567e-13,1.489605292e-13,9.170750505e-14,1.591139121e-13,4.312902925e-14,3.087594924e-14,2.009385928e-14,6.704206427e-14,6.349206069e-14,3.174000817e-14,2.03905338e-13,3.217575758e-13,1.838475843e-13,7.557254775e-14,2.564779146e-13,3.018549519e-14
108.5078125,3.401160398e-13,7.799345221e-14,3.160924518e-13,1.978181052e-13,1.408961767e-13,2.399555047e-13,3.576402322e-14,7.311461797e-14,7.991731894e-14,1.704403473e-13,1.185913209e-13,9.806667335e-14,1.414148734e-13,3.022224681e-13,2.114035665e-13,3.854362299e-13,2.364660724e-13,1.485219439e-13,9.167485522e-14,1.595645525e-13,4.341279564e-14,3.094469402e-14,1.949645439e-14,6.556480487e-14,6.251946979e-14,3.093308758e-14,2.004488935e-13,3.198010798e-13,1.820897129e-13,7.538306093e-14,2.550437181e-13,3.004475354e-14
108.515625,3.38129364e-13,7.900943151e-14,3.170746348e-13,1.989132475e-13,1.408459202e-13,2.419911568e-13,3.636863495e-14,7.243098505e-14,8.002693929e-14,1.683623561e-13,1.188904803e-13,9.8419193e-14,1.406253066e-13,3.027073127e-13,2.105400829e-13,3.823735353e-13,2.346392875e-13,1.482565661e-13,9.164745528e-14,1.601644839e-13,4.370912268e-14,3.101336211e-14,1.894346687e-14,6.418665283e-14,6.156736954e-14,3.016016371e-14,1.970738693e-13,3.178731415e-13,1.80588503e-13,7.517239231e-14,2.536582467e-13,2.991166393e-14
108.5234375,3.361655048e-13,7.998045788e-14,3.17938714e-13,2.001082099e-13,1.407996297e-13,2.440142075e-13,3.698076845e-14,7.178707954e-14,8.0128862e-14,1.662262537e-13,1.191598791e-13,9.875033613e-14,1.398901488e-13,3.030391263e-13,2.097906547e-13,3.796198203e-13,2.330312453e-13,1.481070548e-13,9.158287665e-14,1.606591246e-13,4.402360816e-14,3.109845627e-14,1.842304033e-14,6.285167816e-14,6.066684823e-14,2.939757898e-14,1.93895916e-13,3.15758488e-13,1.792763245e-13,7.486827505e-14,2.523637354e-13,2.981701434e-14
108.53125,3.341632423e-13,8.105587062e-14,3.185767707e-13,2.012933427e-13,1.406216917e-13,2.458665571e-13,3.758454753e-14,7.122254333e-14,8.02363384e-14,1.641245022e-13,1.193807925e-13,9.906622144e-14,1.391040359e-13,3.031423281e-13,2.089610696e-13,3.768882015e-13,2.312926443e-13,1.478808926e-13,9.149035218e-14,1.611214115e-13,4.436281945e-14,3.117807733e-14,1.792866465e-14,6.152111506e-14,5.978454027e-14,2.866760792e-14,1.908491264e-13,3.136121217e-13,1.780050444e-13,7.452820497e-14,2.509983896e-13,2.975046499e-14
108.5390625,3.319895615e-13,8.219532686e-14,3.192936624e-13,2.023064566e-13,1.403182672e-13,2.476039528e-13,3.819294787e-14,7.070283333e-14,8.031567796e-14,1.621718924e-13,1.195898998e-13,9.940398022e-14,1.382156705e-13,3.03036397e-13,2.079637232e-13,3.740198692e-13,2.293326728e-13,1.47561566e-13,9.13737111e-14,1.617394138e-13,4.473652289e-14,3.121796512e-14,1.74558816e-14,6.025948056e-14,5.888016678e-14,2.797820182e-14,1.877620622e-13,3.114963107e-13,1.768058653e-13,7.422530211e-14,2.494204399e-13,2.967970386e-14
108.546875,3.297339009e-13,8.324394316e-14,3.200960195e-13,2.031703892e-13,1.39955403e-13,2.493081357e-13,3.88263938e-14,7.017615589e-14,8.033607986e-14,1.602209844e-13,1.198291711e-13,9.97503898e-14,1.372982371e-13,3.02791553e-13,2.069225872e-13,3.711163066e-13,2.274167391e-13,1.473509693e-13,9.123843392e-14,1.623448604e-13,4.515824268e-14,3.123309612e-14,1.699879385e-14,5.903911152e-14,5.798893717e-14,2.729377026e-14,1.845416975e-13,3.092551206e-13,1.757396022e-13,7.393170819e-14,2.477235436e-13,2.960794543e-14
108.5546875,3.27738366e-13,8.434935487e-14,3.207084742e-13,2.040428542e-13,1.395183266e-13,2.509519455e-13,3.945948483e-14,6.962736322e-14,8.0304736e-14,1.581596333e-13,1.200079259e-13,1.000838707e-13,1.364106972e-13,3.0239599e-13,2.058744199e-13,3.682058263e-13,2.255581038e-13,1.472359622e-13,9.11473098e-14,1.627660558e-13,4.561871373e-14,3.125458017e-14,1.656149784e-14,5.778567197e-14,5.713121651e-14,2.661827981e-14,1.812441421e-13,3.06942239e-13,1.747523703e-13,7.359908321e-14,2.45997034e-13,2.956113361e-14
108.5625,3.261451004e-13,8.561808471e-14,3.21159855e-13,2.048395687e-13,1.391603857e-13,2.525899588e-13,4.008562019e-14,6.908812314e-14,8.025478758e-14,1.560557023e-13,1.200068174e-13,1.003954341e-13,1.355622886e-13,3.0192857e-13,2.047927011e-13,3.653602967e-13,2.236648036e-13,1.470771211e-13,9.113647555e-14,1.631782859e-13,4.610690552e-14,3.128512317e-14,1.614764568e-14,5.657996731e-14,5.628574531e-14,2.599190076e-14,1.779942076e-13,3.045988511e-13,1.738367995e-13,7.320481493e-14,2.441944092e-13,2.955006192e-14
108.5703125,3.245971549e-13,8.684615714e-14,3.216703845e-13,2.054490982e-13,1.389461701e-13,2.54291178e-13,4.075061784e-14,6.859194159e-14,8.020238092e-14,1.5395321e-13,1.198933196e-13,1.006916097e-13,1.347429434e-13,3.014489362e-13,2.037780337e-13,3.627482187e-13,2.218938447e-13,1.469495331e-13,9.113612251e-14,1.637040638e-13,4.663705145e-14,3.131476182e-14,1.575975416e-14,5.548165552e-14,5.547367099e-14,2.541608561e-14,1.748493429e-13,3.021094314e-13,1.731086589e-13,7.275103721e-14,2.423262707e-13,2.956311794e-14
108.578125,3.226822108e-13,8.799473363e-14,3.223178732e-13,2.060722027e-13,1.3858159e-13,2.559285985e-13,4.145456117e-14,6.811979438e-14,8.012352741e-14,1.518826175e-13,1.198013906e-13,1.010049275e-13,1.338981532e-13,3.007475223e-13,2.028609505e-13,3.602988117e-13,2.202172742e-13,1.469181549e-13,9.107584109e-14,1.641942675e-13,4.721821765e-14,3.133146796e-14,1.54003078e-14,5.440052775e-14,5.470259669e-14,2.487708591e-14,1.717340949e-13,2.995513126e-13,1.726023676e-13,7.228530189e-14,2.404387603e-13,2.95919631e-14
108.5859375,3.205388139e-13,8.923299422e-14,3.23034282e-13,2.068571074e-13,1.380055636e-13,2.574153823e-13,4.215724207e-14,6.764525635e-14,7.999136438e-14,1.498478829e-13,1.197213445e-13,1.013358715e-13,1.330087542e-13,2.997702323e-13,2.019774198e-13,3.578829994e-13,2.184984401e-13,1.469310584e-13,9.098231532e-14,1.64649372e-13,4.783943744e-14,3.1326691e-14,1.506450344e-14,5.331454808e-14,5.393325431e-14,2.437888027e-14,1.68602661e-13,2.969966267e-13,1.722069842e-13,7.183084258e-14,2.384889895e-13,2.964383741e-14
108.59375,3.18519315e-13,9.056312975e-14,3.237297777e-13,2.077012017e-13,1.37448306e-13,2.588978262e-13,4.286880658e-14,6.719760455e-14,7.981586615e-14,1.477734518e-13,1.196000342e-13,1.016719993e-13,1.321493023e-13,2.987824123e-13,2.012159015e-13,3.556760757e-13,2.169674539e-13,1.470246628e-13,9.091478827e-14,1.652576545e-13,4.848988411e-14,3.131028968e-14,1.475374568e-14,5.230127724e-14,5.318379628e-14,2.392042518e-14,1.655345507e-13,2.943255744e-13,1.719037908e-13,7.135003624e-14,2.364885772e-13,2.970999287e-14
108.6015625,3.165902142e-13,9.191952197e-14,3.243754077e-13,2.084963689e-13,1.368449657e-13,2.60424112e-13,4.361012223e-14,6.681512073e-14,7.961744506e-14,1.45692814e-13,1.194138804e-13,1.020377117e-13,1.313457661e-13,2.977781755e-13,2.006274007e-13,3.538141303e-13,2.157541815e-13,1.472087963e-13,9.088463225e-14,1.659119527e-13,4.916105958e-14,3.128919509e-14,1.447289021e-14,5.137663876e-14,5.248909307e-14,2.349496585e-14,1.625118491e-13,2.91558891e-13,1.717871765e-13,7.083373257e-14,2.344971005e-13,2.976547672e-14
108.609375,3.146661815e-13,9.327186441e-14,3.249381413e-13,2.091133741e-13,1.361329231e-13,2.618184153e-13,4.435824745e-14,6.650183109e-14,7.939014188e-14,1.436891422e-13,1.191288909e-13,1.023899539e-13,1.305477165e-13,2.96575557e-13,2.000539961e-13,3.52129286e-13,2.14636156e-13,1.474185173e-13,9.086639392e-14,1.663864822e-13,4.98449411e-14,3.124752808e-14,1.421376955e-14,5.050770801e-14,5.180768503e-14,2.30948902e-14,1.594727197e-13,2.887383631e-13,1.71867473e-13,7.030275929e-14,2.324209244e-13,2.98157573e-14
108.6171875,3.129417548e-13,9.457324628e-14,3.254357211e-13,2.095647242e-13,1.355460105e-13,2.630658505e-13,4.50935269e-14,6.625430235e-14,7.913677621e-14,1.416945674e-13,1.18829096e-13,1.026583448e-13,1.297888204e-13,2.953495155e-13,1.994781258e-13,3.505260143e-13,2.136006542e-13,1.476896976e-13,9.084476212e-14,1.668167539e-13,5.055001039e-14,3.118632341e-14,1.397955807e-14,4.966888778e-14,5.112534432e-14,2.271754241e-14,1.565762624e-13,2.85820429e-13,1.721298846e-13,6.97588543e-14,2.301943556e-13,2.988889516e-14
108.625,3.114176625e-13,9.594021812e-14,3.260133773e-13,2.101978611e-13,1.350814203e-13,2.643497234e-13,4.581708322e-14,6.605180215e-14,7.888839979e-14,1.397089807e-13,1.186490461e-13,1.029220637e-13,1.291302256e-13,2.942435854e-13,1.990329179e-13,3.490794812e-13,2.127321006e-13,1.480527407e-13,9.083197545e-14,1.673401794e-13,5.130479211e-14,3.113626609e-14,1.379141191e-14,4.885066563e-14,5.049671012e-14,2.237631598e-14,1.538921345e-13,2.830087296e-13,1.725689417e-13,6.921808676e-14,2.27947798e-13,2.998991347e-14
108.6328125,3.097874819e-13,9.752563084e-14,3.26616173e-13,2.110342208e-13,1.345213318e-13,2.656375256e-13,4.653075881e-14,6.586130372e-14,7.86356594e-14,1.378564252e-13,1.184722412e-13,1.03251106e-13,1.284876159e-13,2.930133803e-13,1.98633576e-13,3.47750833e-13,2.118557738e-13,1.48460655e-13,9.083160551e-14,1.678443527e-13,5.212035121e-14,3.109755244e-14,1.364758393e-14,4.807465066e-14,4.992059354e-14,2.207300061e-14,1.511923317e-13,2.803980366e-13,1.730801132e-13,6.867772402e-14,2.256901326e-13,3.011151486e-14
108.640625,3.080373824e-13,9.919481305e-14,3.270248383e-13,2.115557174e-13,1.339116759e-13,2.667558462e-13,4.725891158e-14,6.57006555e-14,7.834245979e-14,1.361019634e-13,1.180920349e-13,1.035604992e-13,1.277611622e-13,2.915676262e-13,1.98154081e-13,3.464876341e-13,2.10968375e-13,1.489555402e-13,9.08275169e-14,1.684087987e-13,5.296755367e-14,3.104000611e-14,1.352899034e-14,4.735153401e-14,4.935909633e-14,2.179501598e-14,1.48432736e-13,2.776769226e-13,1.736578906e-13,6.808854173e-14,2.232905242e-13,3.025990918e-14
108.6484375,3.065064457e-13,1.00792705e-13,3.274107946e-13,2.117140968e-13,1.33387829e-13,2.678121831e-13,4.803322208e-14,6.559023296e-14,7.803565205e-14,1.343440118e-13,1.175786677e-13,1.038444055e-13,1.270216287e-13,2.901580973e-13,1.977010136e-13,3.453764042e-13,2.103322052e-13,1.496190291e-13,9.08400943e-14,1.691405686e-13,5.382947469e-14,3.097148466e-14,1.343626224e-14,4.667213864e-14,4.883139773e-14,2.154729071e-14,1.458013085e-13,2.748367132e-13,1.744695437e-13,6.746952282e-14,2.208236729e-13,3.043549352e-14
108.65625,3.052613858e-13,1.023946919e-13,3.28051929e-13,2.120048326e-13,1.329246744e-13,2.689872931e-13,4.883054183e-14,6.547516295e-14,7.773103515e-14,1.32568165e-13,1.171229938e-13,1.04169795e-13,1.263785039e-13,2.888765964e-13,1.97349878e-13,3.444309434e-13,2.099665879e-13,1.504146711e-13,9.090028589e-14,1.69785129e-13,5.47161567e-14,3.091430135e-14,1.337199491e-14,4.603288721e-14,4.834143152e-14,2.133487415e-14,1.432875342e-13,2.721506265e-13,1.754976478e-13,6.688919469e-14,2.183953779e-13,3.062803507e-14
108.6640625,3.040240376e-13,1.040489579e-13,3.287403212e-13,2.124873247e-13,1.324598642e-13,2.701371738e-13,4.960490917e-14,6.533143823e-14,7.736614894e-14,1.307206082e-13,1.167437114e-13,1.04456925e-13,1.258333316e-13,2.875475276e-13,1.970482165e-13,3.435979278e-13,2.096949738e-13,1.512420102e-13,9.096855966e-14,1.702432688e-13,5.559859172e-14,3.08487049e-14,1.332144209e-14,4.539704948e-14,4.784990117e-14,2.115846017e-14,1.407936801e-13,2.69462752e-13,1.765799797e-13,6.631826185e-14,2.159329579e-13,3.084282721e-14
108.671875,3.027406075e-13,1.057368582e-13,3.292484738e-13,2.129375265e-13,1.319650192e-13,2.711130014e-13,5.037066352e-14,6.523353986e-14,7.694878322e-14,1.288291233e-13,1.163412595e-13,1.046685359e-13,1.253553384e-13,2.860931822e-13,1.968370959e-13,3.429638561e-13,2.095234176e-13,1.520941917e-13,9.101190409e-14,1.707809927e-13,5.644781461e-14,3.076400398e-14,1.328267394e-14,4.475104164e-14,4.738200611e-14,2.103135574e-14,1.383485261e-13,2.666275558e-13,1.777687403e-13,6.570600442e-14,2.134572046e-13,3.108484965e-14
108.6796875,3.016386766e-13,1.074909851e-13,3.297369754e-13,2.134138862e-13,1.314886152e-13,2.721042272e-13,5.116943606e-14,6.522836626e-14,7.658721447e-14,1.270769907e-13,1.158437064e-13,1.049379347e-13,1.249164095e-13,2.846531224e-13,1.96765118e-13,3.426125313e-13,2.095984774e-13,1.531119021e-13,9.108190038e-14,1.713946808e-13,5.732234081e-14,3.069429842e-14,1.327204508e-14,4.416278119e-14,4.698833118e-14,2.093167856e-14,1.359564231e-13,2.639253339e-13,1.79181289e-13,6.508885599e-14,2.110299795e-13,3.13399466e-14
108.6875,3.007825467e-13,1.092484177e-13,3.303116261e-13,2.138751964e-13,1.311142645e-13,2.732710312e-13,5.199872708e-14,6.528858737e-14,7.631155731e-14,1.25470242e-13,1.152797549e-13,1.052870379e-13,1.244655187e-13,2.833419857e-13,1.967645572e-13,3.424730282e-13,2.099515194e-13,1.543870955e-13,9.119352716e-14,1.717545549e-13,5.82736946e-14,3.065835149e-14,1.329520511e-14,4.363407798e-14,4.663688201e-14,2.080143438e-14,1.335742857e-13,2.613990916e-13,1.807527657e-13,6.447185718e-14,2.085488334e-13,3.161466242e-14
108.6953125,3.000091178e-13,1.109570685e-13,3.30928728e-13,2.14130483e-13,1.307860732e-13,2.744397952e-13,5.283008308e-14,6.537260673e-14,7.604413283e-14,1.238362737e-13,1.147600119e-13,1.05617627e-13,1.240156811e-13,2.820719391e-13,1.968235205e-13,3.424514011e-13,2.10379677e-13,1.557776002e-13,9.128396531e-14,1.717882508e-13,5.925731024e-14,3.063717213e-14,1.335321587e-14,4.309291307e-14,4.628830025e-14,2.064226297e-14,1.312034607e-13,2.587958347e-13,1.824244753e-13,6.380686791e-14,2.060390279e-13,3.192705781e-14
108.703125,2.991312221e-13,1.128087993e-13,3.316515643e-13,2.14312581e-13,1.304017305e-13,2.754108064e-13,5.363433537e-14,6.5436872e-14,7.571487801e-14,1.221532945e-13,1.143350569e-13,1.059388175e-13,1.236399424e-13,2.8070505e-13,1.969995447e-13,3.424812114e-13,2.106538149e-13,1.570834733e-13,9.133976626e-14,1.717911234e-13,6.024049321e-14,3.06083523e-14,1.34551215e-14,4.257716981e-14,4.59521174e-14,2.051567493e-14,1.289045809e-13,2.561037551e-13,1.842523754e-13,6.312289436e-14,2.036497742e-13,3.224700038e-14
108.7109375,2.98133626e-13,1.148824076e-13,3.324623698e-13,2.145893787e-13,1.300127558e-13,2.762649828e-13,5.440146311e-14,6.548263804e-14,7.532903913e-14,1.204810446e-13,1.139497059e-13,1.062752344e-13,1.233294385e-13,2.792830064e-13,1.972440627e-13,3.424961572e-13,2.108626469e-13,1.582917919e-13,9.139529978e-14,1.719465438e-13,6.124626536e-14,3.057145577e-14,1.359591312e-14,4.214587069e-14,4.561816481e-14,2.0440389e-14,1.267621405e-13,2.533924633e-13,1.862364443e-13,6.246262414e-14,2.012939858e-13,3.254988401e-14
108.71875,2.973221489e-13,1.169093682e-13,3.331938931e-13,2.148363747e-13,1.29724399e-13,2.772117115e-13,5.517897598e-14,6.557114558e-14,7.496638196e-14,1.188089667e-13,1.135394712e-13,1.065765381e-13,1.230201553e-13,2.779522495e-13,1.97457792e-13,3.424783835e-13,2.112665699e-13,1.595586835e-13,9.145784507e-14,1.720722389e-13,6.22701385e-14,3.055771051e-14,1.375980313e-14,4.174147115e-14,4.528745608e-14,2.037163743e-14,1.247326411e-13,2.50650035e-13,1.883032047e-13,6.177720218e-14,1.988765074e-13,3.287932943e-14
108.7265625,2.968934697e-13,1.188219742e-13,3.338654579e-13,2.150353722e-13,1.295361551e-13,2.782820473e-13,5.600359491e-14,6.57163284e-14,7.466523289e-14,1.171897225e-13,1.130711068e-13,1.068590046e-13,1.227060141e-13,2.767166768e-13,1.976794862e-13,3.425105431e-13,2.119008031e-13,1.610149739e-13,9.153045399e-14,1.720200132e-13,6.329983889e-14,3.058075239e-14,1.395056361e-14,4.134543529e-14,4.5004681e-14,2.028153406e-14,1.226766481e-13,2.479835139e-13,1.904558828e-13,6.104276143e-14,1.965083836e-13,3.326033651e-14
108.734375,2.965022118e-13,1.209311668e-13,3.347029347e-13,2.15353916e-13,1.293650508e-13,2.793335556e-13,5.683263194e-14,6.587702704e-14,7.435581551e-14,1.157151939e-13,1.125769461e-13,1.072095375e-13,1.224203185e-13,2.754879589e-13,1.980815592e-13,3.428092144e-13,2.126974183e-13,1.626185271e-13,9.16110894e-14,1.718850316e-13,6.436095399e-14,3.059781266e-14,1.417883612e-14,4.100387025e-14,4.47677662e-14,2.020766328e-14,1.205655445e-13,2.454761435e-13,1.927649386e-13,6.032783732e-14,1.942008577e-13,3.365584715e-14
108.7421875,2.958910003e-13,1.233147457e-13,3.358242813e-13,2.158204707e-13,1.291523818e-13,2.803180142e-13,5.764954536e-14,6.603756264e-14,7.40065023e-14,1.143495397e-13,1.121608721e-13,1.076708932e-13,1.222282277e-13,2.743435911e-13,1.98741575e-13,3.434893645e-13,2.13730796e-13,1.642953218e-13,9.168764451e-14,1.716780963e-13,6.545524121e-14,3.059426075e-14,1.443667937e-14,4.068907683e-14,4.454254628e-14,2.018987517e-14,1.184090558e-13,2.430603368e-13,1.952563665e-13,5.966905235e-14,1.919402415e-13,3.404579843e-14
108.75,2.953916968e-13,1.257558354e-13,3.371392091e-13,2.163749647e-13,1.289262473e-13,2.8134584e-13,5.849323013e-14,6.617835667e-14,7.367032238e-14,1.129881946e-13,1.118339393e-13,1.082167667e-13,1.221883356e-13,2.734133454e-13,1.994948657e-13,3.442722613e-13,2.150374643e-13,1.661047856e-13,9.179080769e-14,1.714089007e-13,6.654123028e-14,3.062019737e-14,1.471327365e-14,4.039104653e-14,4.433580821e-14,2.020119676e-14,1.162074011e-13,2.406999935e-13,1.979046025e-13,5.902829821e-14,1.898855817e-13,3.443387629e-14
108.7578125,2.95271354e-13,1.282310976e-13,3.385297324e-13,2.169412143e-13,1.287422484e-13,2.824982267e-13,5.934020337e-14,6.627403208e-14,7.335475001e-14,1.11597786e-13,1.114742092e-13,1.087833961e-13,1.222337698e-13,2.726005183e-13,2.001688073e-13,3.448737184e-13,2.165249549e-13,1.68055568e-13,9.196584818e-14,1.711989122e-13,6.760152434e-14,3.068593937e-14,1.500980622e-14,4.016091179e-14,4.41437218e-14,2.020020655e-14,1.140665789e-13,2.384203343e-13,2.006520756e-13,5.838135346e-14,1.880264406e-13,3.480605078e-14
108.765625,2.953412598e-13,1.307808968e-13,3.399861315e-13,2.173651861e-13,1.286170818e-13,2.837031171e-13,6.015420339e-14,6.63658999e-14,7.30393347e-14,1.102366317e-13,1.110575582e-13,1.093422165e-13,1.222728972e-13,2.717622288e-13,2.008485891e-13,3.454825472e-13,2.181503492e-13,1.70043168e-13,9.221118864e-14,1.709138598e-13,6.865573548e-14,3.074800993e-14,1.533086474e-14,3.996551095e-14,4.396348492e-14,2.01994787e-14,1.120222257e-13,2.362283741e-13,2.034403879e-13,5.7739462e-14,1.861390822e-13,3.515816877e-14
108.7734375,2.954058028e-13,1.332899308e-13,3.414714478e-13,2.176638185e-13,1.285399829e-13,2.84767335e-13,6.09721191e-14,6.651984426e-14,7.273839846e-14,1.08969215e-13,1.106879114e-13,1.099053527e-13,1.223485177e-13,2.709117963e-13,2.016909244e-13,3.463910547e-13,2.199163456e-13,1.720657551e-13,9.249730399e-14,1.704881299e-13,6.971454305e-14,3.079501433e-14,1.568232761e-14,3.976122493e-14,4.384781878e-14,2.023352135e-14,1.099761898e-13,2.340835688e-13,2.063002473e-13,5.709912304e-14,1.841753386e-13,3.551981934e-14
108.78125,2.954818711e-13,1.358220486e-13,3.428531124e-13,2.180349094e-13,1.284695132e-13,2.855693446e-13,6.180292235e-14,6.673723937e-14,7.244093218e-14,1.077631126e-13,1.103664562e-13,1.104445767e-13,1.224936783e-13,2.700371321e-13,2.026606895e-13,3.475621678e-13,2.217866745e-13,1.741435892e-13,9.27760918e-14,1.702434298e-13,7.077628555e-14,3.08352983e-14,1.607011708e-14,3.960679524e-14,4.380111679e-14,2.031419368e-14,1.079718004e-13,2.319337547e-13,2.092764937e-13,5.644601687e-14,1.822278216e-13,3.593029625e-14
108.7890625,2.956018379e-13,1.385056373e-13,3.441979108e-13,2.184369739e-13,1.283746859e-13,2.862483072e-13,6.262066045e-14,6.695684103e-14,7.212255048e-14,1.065518448e-13,1.100130063e-13,1.109437324e-13,1.226602458e-13,2.691336085e-13,2.03644665e-13,3.487999415e-13,2.237394843e-13,1.761880129e-13,9.300165505e-14,1.700775414e-13,7.185133385e-14,3.086157109e-14,1.648815918e-14,3.950701822e-14,4.375645845e-14,2.04237167e-14,1.06105503e-13,2.298430542e-13,2.122929903e-13,5.579376993e-14,1.803410425e-13,3.639302253e-14
108.796875,2.957342973e-13,1.411714895e-13,3.457826181e-13,2.187600852e-13,1.283071799e-13,2.870363383e-13,6.34596709e-14,6.713055182e-14,7.179797195e-14,1.053480116e-13,1.096732725e-13,1.114690304e-13,1.228878352e-13,2.683795184e-13,2.046634241e-13,3.500269801e-13,2.25818872e-13,1.782160716e-13,9.31933063e-14,1.695795215e-13,7.293775916e-14,3.088515275e-14,1.692491781e-14,3.938860235e-14,4.3711902e-14,2.052897331e-14,1.043102614e-13,2.27882639e-13,2.153217159e-13,5.516139338e-14,1.785590798e-13,3.686447057e-14
108.8046875,2.959052336e-13,1.437957067e-13,3.476350403e-13,2.191944459e-13,1.283156905e-13,2.879643077e-13,6.434471332e-14,6.730107668e-14,7.148362949e-14,1.041660815e-13,1.094324633e-13,1.120672908e-13,1.232457645e-13,2.679025846e-13,2.058573548e-13,3.513906422e-13,2.281274232e-13,1.803761235e-13,9.340129063e-14,1.690041266e-13,7.401206066e-14,3.092858143e-14,1.738612367e-14,3.926612905e-14,4.370881727e-14,2.062973931e-14,1.02552407e-13,2.259652485e-13,2.185024408e-13,5.4540238e-14,1.768929698e-13,3.73254477e-14
108.8125,2.962325037e-13,1.466526114e-13,3.495456619e-13,2.197474804e-13,1.28350823e-13,2.88911966e-13,6.52460323e-14,6.752688239e-14,7.118486581e-14,1.029930313e-13,1.09222535e-13,1.127212062e-13,1.236797453e-13,2.675989688e-13,2.072901334e-13,3.53032346e-13,2.307064394e-13,1.826979314e-13,9.364109267e-14,1.686361774e-13,7.507946711e-14,3.09877894e-14,1.788176118e-14,3.918869781e-14,4.374146784e-14,2.076088066e-14,1.008925306e-13,2.24089626e-13,2.219025947e-13,5.392386083e-14,1.753130472e-13,3.779847033e-14
108.8203125,2.967527935e-13,1.496635196e-13,3.51460095e-13,2.201208513e-13,1.283450907e-13,2.898032184e-13,6.615873933e-14,6.775342203e-14,7.089753945e-14,1.018703464e-13,1.089603488e-13,1.133897147e-13,1.241322818e-13,2.672967767e-13,2.088581024e-13,3.54804419e-13,2.334639602e-13,1.850902402e-13,9.392238157e-14,1.682096564e-13,7.614600453e-14,3.105028771e-14,1.83962321e-14,3.913719025e-14,4.380489495e-14,2.093044562e-14,9.929802692e-14,2.223727886e-13,2.25441142e-13,5.331424626e-14,1.738257805e-13,3.827495563e-14
108.828125,2.974197233e-13,1.52573126e-13,3.534141748e-13,2.204551749e-13,1.282768551e-13,2.906304572e-13,6.707410476e-14,6.792578272e-14,7.059426269e-14,1.007940691e-13,1.087160664e-13,1.140106432e-13,1.246152273e-13,2.668879937e-13,2.104798335e-13,3.566016092e-13,2.363795601e-13,1.874913847e-13,9.42487392e-14,1.677705747e-13,7.717225914e-14,3.111153429e-14,1.891744117e-14,3.910785971e-14,4.390076572e-14,2.112719485e-14,9.772533023e-14,2.207115059e-13,2.290810442e-13,5.270039944e-14,1.724040708e-13,3.87411296e-14
108.8359375,2.982193853e-13,1.555296239e-13,3.554224749e-13,2.21060737e-13,1.28154687e-13,2.913937783e-13,6.795719384e-14,6.810636692e-14,7.02747538e-14,9.969041157e-14,1.085353073e-13,1.146036224e-13,1.251062895e-13,2.664278555e-13,2.121789518e-13,3.58536204e-13,2.395110786e-13,1.898789596e-13,9.45827174e-14,1.675067956e-13,7.817696124e-14,3.116231143e-14,1.946903011e-14,3.912730554e-14,4.400209131e-14,2.13602844e-14,9.623309564e-14,2.189658958e-13,2.328231746e-13,5.209947595e-14,1.710149184e-13,3.921774676e-14
108.84375,2.990487646e-13,1.586498113e-13,3.57601862e-13,2.216784693e-13,1.280484978e-13,2.921067684e-13,6.883483561e-14,6.832059207e-14,6.998087745e-14,9.860992081e-14,1.083324671e-13,1.153002598e-13,1.256005668e-13,2.661297684e-13,2.139393672e-13,3.604939596e-13,2.42732082e-13,1.922427144e-13,9.490584747e-14,1.670963603e-13,7.924936495e-14,3.12093344e-14,2.006480254e-14,3.918726694e-14,4.41111094e-14,2.162129114e-14,9.484461481e-14,2.1728425e-13,2.366178867e-13,5.154798343e-14,1.697562424e-13,3.969203132e-14
108.8515625,2.998275049e-13,1.618151688e-13,3.599840946e-13,2.221393919e-13,1.280655408e-13,2.928616805e-13,6.975095574e-14,6.851124123e-14,6.974501114e-14,9.763687225e-14,1.080888621e-13,1.161273462e-13,1.261873246e-13,2.661187225e-13,2.157882485e-13,3.623303072e-13,2.459035043e-13,1.945783109e-13,9.526232226e-14,1.664568346e-13,8.03824482e-14,3.129298152e-14,2.068730735e-14,3.92836588e-14,4.425317316e-14,2.187324873e-14,9.34993533e-14,2.158114488e-13,2.404413321e-13,5.101329702e-14,1.687356863e-13,4.014706813e-14
108.859375,3.007543576e-13,1.651445076e-13,3.624122443e-13,2.227203909e-13,1.282272932e-13,2.937370621e-13,7.067453687e-14,6.868792192e-14,6.957931984e-14,9.66911644e-14,1.07869807e-13,1.169764797e-13,1.26907013e-13,2.663426439e-13,2.178238828e-13,3.64256152e-13,2.491043897e-13,1.968566855e-13,9.568267236e-14,1.658903179e-13,8.150834886e-14,3.143285167e-14,2.13320136e-14,3.942968886e-14,4.441139201e-14,2.210686346e-14,9.219071657e-14,2.144964817e-13,2.443251432e-13,5.044117703e-14,1.67908288e-13,4.062134586e-14
108.8671875,3.018998556e-13,1.687256067e-13,3.64878925e-13,2.23293904e-13,1.284285346e-13,2.94604466e-13,7.157356086e-14,6.887162081e-14,6.944914845e-14,9.571155089e-14,1.076754518e-13,1.178105143e-13,1.276703617e-13,2.666799552e-13,2.198988454e-13,3.66249347e-13,2.523540876e-13,1.990347916e-13,9.612198571e-14,1.653207635e-13,8.263367741e-14,3.158159983e-14,2.200061883e-14,3.960751351e-14,4.456685247e-14,2.234087662e-14,9.10028869e-14,2.133072504e-13,2.482846808e-13,4.986789654e-14,1.671564668e-13,4.110409585e-14
108.875,3.029207539e-13,1.722813162e-13,3.675140689e-13,2.235981485e-13,1.285164577e-13,2.952769593e-13,7.244834994e-14,6.900120147e-14,6.927262646e-14,9.47578911e-14,1.075247352e-13,1.18640324e-13,1.283864078e-13,2.669606116e-13,2.217366823e-13,3.679390986e-13,2.55552609e-13,2.010915238e-13,9.649760439e-14,1.64652045e-13,8.373581735e-14,3.168126949e-14,2.267586892e-14,3.979884062e-14,4.47120016e-14,2.25879942e-14,8.995995222e-14,2.122273271e-13,2.522709368e-13,4.935528373e-14,1.663850851e-13,4.153797094e-14
108.8828125,3.036958072e-13,1.756957228e-13,3.702342155e-13,2.239672679e-13,1.284247871e-13,2.957989346e-13,7.327530414e-14,6.90657415e-14,6.903141546e-14,9.382899432e-14,1.074693998e-13,1.194171382e-13,1.29033216e-13,2.670993871e-13,2.234055153e-13,3.694147787e-13,2.587766025e-13,2.030270044e-13,9.678535337e-14,1.640811599e-13,8.474633023e-14,3.173394402e-14,2.335656639e-14,4.0002253e-14,4.481428509e-14,2.285690991e-14,8.897333474e-14,2.111827694e-13,2.561437584e-13,4.888723905e-14,1.655353157e-13,4.195900526e-14
108.890625,3.046255437e-13,1.791406009e-13,3.728687959e-13,2.245342236e-13,1.283042243e-13,2.963435123e-13,7.406760079e-14,6.912749816e-14,6.878551557e-14,9.289494152e-14,1.07430441e-13,1.201369338e-13,1.296474868e-13,2.67258724e-13,2.251819386e-13,3.711290975e-13,2.622315145e-13,2.049306732e-13,9.708550313e-14,1.635497496e-13,8.571932413e-14,3.178501311e-14,2.405647855e-14,4.018287277e-14,4.489687602e-14,2.314655402e-14,8.802245754e-14,2.101800485e-13,2.597942002e-13,4.841744457e-14,1.646557691e-13,4.242152214e-14
108.8984375,3.059634647e-13,1.827231456e-13,3.755305919e-13,2.249425455e-13,1.283626992e-13,2.969795325e-13,7.489736619e-14,6.918559823e-14,6.8563074e-14,9.19941967e-14,1.073514137e-13,1.208898351e-13,1.303371557e-13,2.67636155e-13,2.271751285e-13,3.731846885e-13,2.65986761e-13,2.070016195e-13,9.751096917e-14,1.629110531e-13,8.675072596e-14,3.186677823e-14,2.476973749e-14,4.031443116e-14,4.5051449e-14,2.345017338e-14,8.71661145e-14,2.093168206e-13,2.633771891e-13,4.794948446e-14,1.639313417e-13,4.288751329e-14
108.90625,3.074296949e-13,1.865620568e-13,3.784655554e-13,2.253409139e-13,1.285120712e-13,2.97623792e-13,7.575345003e-14,6.920630246e-14,6.835067077e-14,9.112436581e-14,1.073718333e-13,1.217344931e-13,1.311655033e-13,2.68174523e-13,2.293452862e-13,3.753731842e-13,2.698807051e-13,2.092569733e-13,9.801030217e-14,1.622667051e-13,8.782520887e-14,3.196755827e-14,2.550153069e-14,4.045450313e-14,4.52762758e-14,2.378290664e-14,8.633635417e-14,2.086386842e-13,2.671735025e-13,4.751673514e-14,1.634727679e-13,4.333454957e-14
108.9140625,3.087369306e-13,1.906913152e-13,3.815632722e-13,2.261109379e-13,1.285116812e-13,2.981164248e-13,7.654596411e-14,6.919313282e-14,6.813957788e-14,9.024948218e-14,1.07545371e-13,1.226290959e-13,1.320278161e-13,2.68680393e-13,2.315481197e-13,3.774710559e-13,2.736878148e-13,2.114086589e-13,9.845209041e-14,1.616075222e-13,8.890630423e-14,3.205277139e-14,2.627960885e-14,4.066125073e-14,4.547779502e-14,2.415365881e-14,8.545095225e-14,2.080938643e-13,2.71174582e-13,4.710703668e-14,1.63133558e-13,4.379113412e-14
108.921875,3.100510299e-13,1.948276827e-13,3.844553324e-13,2.26946184e-13,1.284086559e-13,2.984304299e-13,7.728212693e-14,6.91337636e-14,6.792528384e-14,8.938197798e-14,1.077230896e-13,1.234855798e-13,1.328215339e-13,2.691039015e-13,2.335870867e-13,3.793307952e-13,2.774062133e-13,2.133039198e-13,9.882477017e-14,1.608716925e-13,8.996719509e-14,3.211927999e-14,2.71007831e-14,4.089186184e-14,4.564257419e-14,2.452733242e-14,8.463609383e-14,2.075874599e-13,2.751241685e-13,4.666871881e-14,1.627336832e-13,4.424918119e-14
108.9296875,3.11567727e-13,1.98791075e-13,3.871783502e-13,2.2743327e-13,1.283871415e-13,2.986913611e-13,7.80478382e-14,6.902058024e-14,6.770743568e-14,8.85214022e-14,1.078595855e-13,1.242629531e-13,1.335945518e-13,2.695246597e-13,2.354326817e-13,3.809858092e-13,2.811519429e-13,2.15089011e-13,9.918076605e-14,1.601885154e-13,9.094056232e-14,3.21867522e-14,2.792968285e-14,4.109205597e-14,4.582330831e-14,2.487592752e-14,8.399152456e-14,2.070807903e-13,2.789019459e-13,4.620648298e-14,1.622936819e-13,4.470471722e-14
108.9375,3.130929594e-13,2.027754879e-13,3.901225191e-13,2.277628693e-13,1.28422867e-13,2.989190965e-13,7.885136829e-14,6.890078571e-14,6.748113397e-14,8.765866948e-14,1.080547511e-13,1.250031076e-13,1.343889086e-13,2.700005729e-13,2.372285291e-13,3.825520733e-13,2.848795529e-13,2.1680929e-13,9.952065449e-14,1.595991914e-13,9.183311005e-14,3.225123634e-14,2.874278246e-14,4.129092935e-14,4.601501355e-14,2.522157111e-14,8.340048332e-14,2.066560697e-13,2.825809308e-13,4.577699026e-14,1.618797586e-13,4.519407625e-14
108.9453125,3.14480681e-13,2.069131838e-13,3.932917865e-13,2.28229417e-13,1.284476473e-13,2.990490999e-13,7.963811055e-14,6.878137543e-14,6.723382987e-14,8.682062845e-14,1.083260233e-13,1.257502262e-13,1.351712281e-13,2.705725518e-13,2.390601185e-13,3.840017138e-13,2.885178787e-13,2.183600681e-13,9.985369476e-14,1.590706176e-13,9.275272202e-14,3.230694411e-14,2.954058199e-14,4.151252104e-14,4.618068379e-14,2.55846102e-14,8.281047103e-14,2.064095695e-13,2.862343858e-13,4.538820358e-14,1.614908357e-13,4.570545271e-14
108.953125,3.158973711e-13,2.11119512e-13,3.963646639e-13,2.287895461e-13,1.28462248e-13,2.990878007e-13,8.038098696e-14,6.858397452e-14,6.696019179e-14,8.600280276e-14,1.086194504e-13,1.264884857e-13,1.359548754e-13,2.712214132e-13,2.408776334e-13,3.852586311e-13,2.921246757e-13,2.197552385e-13,1.002065446e-13,1.58665064e-13,9.374271509e-14,3.235673922e-14,3.035046127e-14,4.172094425e-14,4.632680819e-14,2.595972519e-14,8.235751962e-14,2.06278956e-13,2.898317267e-13,4.501176214e-14,1.611580789e-13,4.617866379e-14
108.9609375,3.174410102e-13,2.154193579e-13,3.993431358e-13,2.293446874e-13,1.283719503e-13,2.990565386e-13,8.108130351e-14,6.828373514e-14,6.665802141e-14,8.517786348e-14,1.089415994e-13,1.272166968e-13,1.367888478e-13,2.718316383e-13,2.426782527e-13,3.864732224e-13,2.95858964e-13,2.210973593e-13,1.00566002e-13,1.582971849e-13,9.475203558e-14,3.238452433e-14,3.120935297e-14,4.191342118e-14,4.649000884e-14,2.635592777e-14,8.210859401e-14,2.061377086e-13,2.933177023e-13,4.464845874e-14,1.609486103e-13,4.660103704e-14
108.96875,3.191249717e-13,2.199774563e-13,4.024609755e-13,2.299883526e-13,1.281167655e-13,2.990567506e-13,8.176100238e-14,6.79710437e-14,6.635505829e-14,8.436915441e-14,1.09343609e-13,1.279957349e-13,1.376847589e-13,2.724266571e-13,2.446071364e-13,3.878648787e-13,2.998780338e-13,2.224453542e-13,1.009349449e-13,1.578108819e-13,9.57404917e-14,3.240136252e-14,3.211537763e-14,4.213307699e-14,4.66828553e-14,2.677366059e-14,8.196333824e-14,2.060744642e-13,2.967672963e-13,4.430480246e-14,1.609118737e-13,4.701293282e-14
108.9765625,3.210234817e-13,2.247740984e-13,4.0573145e-13,2.307745899e-13,1.278621666e-13,2.991807856e-13,8.244816449e-14,6.76930172e-14,6.609730597e-14,8.360901785e-14,1.098249602e-13,1.288333594e-13,1.38611155e-13,2.731610802e-13,2.466665361e-13,3.892458472e-13,3.039519836e-13,2.237206356e-13,1.013503793e-13,1.572516035e-13,9.67015473e-14,3.245106659e-14,3.30304358e-14,4.238247059e-14,4.687132992e-14,2.716925703e-14,8.182318035e-14,2.062798253e-13,3.002173333e-13,4.3976597e-14,1.610057537e-13,4.744507111e-14
108.984375,3.230630433e-13,2.295682567e-13,4.089742315e-13,2.31463643e-13,1.277569799e-13,2.992021102e-13,8.313525182e-14,6.736762985e-14,6.585250261e-14,8.288392386e-14,1.102976251e-13,1.29623061e-13,1.394901705e-13,2.73967785e-13,2.486048104e-13,3.902623801e-13,3.07615062e-13,2.247175793e-13,1.018051568e-13,1.566707845e-13,9.762847132e-14,3.25143654e-14,3.393203357e-14,4.263613452e-14,4.702177309e-14,2.753823123e-14,8.170645809e-14,2.066710813e-13,3.034977771e-13,4.366630493e-14,1.610719787e-13,4.789846984e-14
108.9921875,3.251434736e-13,2.342987153e-13,4.120536356e-13,2.318624877e-13,1.276958259e-13,2.989452509e-13,8.381058235e-14,6.695759312e-14,6.556882257e-14,8.216570289e-14,1.107009899e-13,1.303104199e-13,1.402960694e-13,2.747112509e-13,2.503937669e-13,3.911010403e-13,3.110203292e-13,2.254236955e-13,1.022596373e-13,1.560881443e-13,9.851913816e-14,3.254400537e-14,3.482879809e-14,4.289797006e-14,4.71555621e-14,2.794803252e-14,8.168122314e-14,2.070417532e-13,3.066078363e-13,4.336769505e-14,1.610698575e-13,4.836317091e-14
109,3.273245292e-13,2.39162113e-13,4.150206998e-13,2.322431394e-13,1.275271225e-13,2.986961512e-13,8.449919546e-14,6.6551156e-14,6.530048934e-14,8.146631974e-14,1.110989236e-13,1.309978499e-13,1.411289221e-13,2.755205188e-13,2.522985506e-13,3.921510865e-13,3.146887528e-13,2.260871322e-13,1.026959635e-13,1.556231245e-13,9.940555986e-14,3.256671377e-14,3.573912521e-14,4.316809476e-14,4.731762648e-14,2.840591755e-14,8.175407994e-14,2.074447165e-13,3.097340492e-13,4.307799288e-14,1.611529553e-13,4.88223203e-14
109.0078125,3.295403811e-13,2.441827973e-13,4.180870545e-13,2.329315717e-13,1.273124547e-13,2.985960077e-13,8.520093938e-14,6.616541393e-14,6.509309663e-14,8.082968605e-14,1.115581974e-13,1.317806312e-13,1.420338621e-13,2.764979937e-13,2.543125489e-13,3.932584605e-13,3.185079344e-13,2.267843891e-13,1.031136165e-13,1.552125742e-13,1.003234725e-13,3.261359023e-14,3.666559233e-14,4.342662147e-14,4.751278911e-14,2.884683455e-14,8.189903763e-14,2.080259402e-13,3.12756239e-13,4.28263214e-14,1.613879831e-13,4.92499495e-14
109.015625,3.316704007e-13,2.492247329e-13,4.213386196e-13,2.337507836e-13,1.271445334e-13,2.98323811e-13,8.585665694e-14,6.571044708e-14,6.487785194e-14,8.023761112e-14,1.120695087e-13,1.326023967e-13,1.429015903e-13,2.774822622e-13,2.561961962e-13,3.941545614e-13,3.221027894e-13,2.27325255e-13,1.035216832e-13,1.546759842e-13,1.012422459e-13,3.265105347e-14,3.759129794e-14,4.369385487e-14,4.770313457e-14,2.928522844e-14,8.212666914e-14,2.087484609e-13,3.155479834e-13,4.262966222e-14,1.616810686e-13,4.965313506e-14
109.0234375,3.338821546e-13,2.543979733e-13,4.246065655e-13,2.344181634e-13,1.269203521e-13,2.977577138e-13,8.642531639e-14,6.518227255e-14,6.45896584e-14,7.960834536e-14,1.126664736e-13,1.333471868e-13,1.436860435e-13,2.783628142e-13,2.580200188e-13,3.950527388e-13,3.256484026e-13,2.27635907e-13,1.039390974e-13,1.54176193e-13,1.021161299e-13,3.265600643e-14,3.85139334e-14,4.400214867e-14,4.786225785e-14,2.978835714e-14,8.244242723e-14,2.095578072e-13,3.183543501e-13,4.245677118e-14,1.619305251e-13,5.008759461e-14
109.03125,3.363334781e-13,2.598542215e-13,4.277895818e-13,2.350904942e-13,1.265991091e-13,2.971293641e-13,8.693595521e-14,6.463053182e-14,6.424263566e-14,7.893026131e-14,1.134184504e-13,1.339966982e-13,1.444996167e-13,2.792551875e-13,2.600413154e-13,3.961738789e-13,3.294122203e-13,2.278849595e-13,1.043882947e-13,1.539034511e-13,1.029744298e-13,3.265105581e-14,3.944756469e-14,4.431166525e-14,4.801289828e-14,3.033865357e-14,8.28326172e-14,2.105161532e-13,3.21250329e-13,4.228573939e-14,1.62133314e-13,5.056158972e-14
109.0390625,3.38877812e-13,2.654066045e-13,4.309796754e-13,2.358955544e-13,1.26316569e-13,2.964788951e-13,8.744023069e-14,6.40314603e-14,6.388865845e-14,7.826171558e-14,1.142859113e-13,1.346256712e-13,1.453814843e-13,2.802477622e-13,2.621792639e-13,3.972557646e-13,3.331585189e-13,2.281740117e-13,1.048691069e-13,1.536297726e-13,1.038438597e-13,3.264970308e-14,4.038733352e-14,4.458305375e-14,4.817981286e-14,3.088378655e-14,8.329759036e-14,2.116245914e-13,3.240674791e-13,4.214619741e-14,1.624256683e-13,5.100254124e-14
109.046875,3.413852072e-13,2.708840253e-13,4.341679849e-13,2.365281067e-13,1.260324879e-13,2.956226443e-13,8.79524644e-14,6.337187668e-14,6.355298861e-14,7.762472255e-14,1.151572075e-13,1.352622096e-13,1.461927036e-13,2.812155119e-13,2.641295918e-13,3.979687328e-13,3.365858864e-13,2.283329797e-13,1.053403713e-13,1.53201838e-13,1.04681048e-13,3.262678385e-14,4.133566082e-14,4.484750714e-14,4.833956079e-14,3.142703484e-14,8.382028451e-14,2.127856857e-13,3.267972199e-13,4.206312017e-14,1.628406335e-13,5.138766152e-14
109.0546875,3.439145275e-13,2.764738585e-13,4.373103718e-13,2.369576179e-13,1.256404367e-13,2.945929348e-13,8.8462458e-14,6.266235821e-14,6.319791536e-14,7.702923219e-14,1.159813638e-13,1.358876942e-13,1.468623091e-13,2.821006018e-13,2.659348164e-13,3.984317602e-13,3.398239907e-13,2.282376766e-13,1.057936929e-13,1.528423638e-13,1.054749152e-13,3.256218637e-14,4.231126617e-14,4.509864563e-14,4.847120821e-14,3.199490665e-14,8.438840189e-14,2.140407072e-13,3.293697977e-13,4.201417488e-14,1.63200148e-13,5.177612449e-14
109.0625,3.46498605e-13,2.822432701e-13,4.405657557e-13,2.375846963e-13,1.25333909e-13,2.936236658e-13,8.896866497e-14,6.186368536e-14,6.280901955e-14,7.649345418e-14,1.167815285e-13,1.365380448e-13,1.475074178e-13,2.831261554e-13,2.678659922e-13,3.988649979e-13,3.430222831e-13,2.280319409e-13,1.062888597e-13,1.526450905e-13,1.062741052e-13,3.249728921e-14,4.327974696e-14,4.530563238e-14,4.859318882e-14,3.260272385e-14,8.503954956e-14,2.15523835e-13,3.31729444e-13,4.197661539e-14,1.635092752e-13,5.218634085e-14
109.0703125,3.490659829e-13,2.878558427e-13,4.43904412e-13,2.383049069e-13,1.252069112e-13,2.926668892e-13,8.945629876e-14,6.099001853e-14,6.242054572e-14,7.597970842e-14,1.176054221e-13,1.371755599e-13,1.481603308e-13,2.842808151e-13,2.697603914e-13,3.990357387e-13,3.459021852e-13,2.276779713e-13,1.068250716e-13,1.524563403e-13,1.07076429e-13,3.246955473e-14,4.419271847e-14,4.552997841e-14,4.870862037e-14,3.323175778e-14,8.578423724e-14,2.171101438e-13,3.340725883e-13,4.195557646e-14,1.638996718e-13,5.259250278e-14
109.078125,3.515762964e-13,2.932465482e-13,4.469349548e-13,2.387596051e-13,1.249451215e-13,2.914233543e-13,8.989224477e-14,6.011731841e-14,6.200467768e-14,7.544552766e-14,1.184614359e-13,1.376335441e-13,1.4867402e-13,2.851323156e-13,2.712447989e-13,3.986700185e-13,3.482756216e-13,2.268606236e-13,1.073177419e-13,1.522174878e-13,1.078266438e-13,3.24258595e-14,4.507935747e-14,4.579715313e-14,4.878319122e-14,3.383100921e-14,8.658079409e-14,2.186083632e-13,3.363124875e-13,4.195257497e-14,1.64208812e-13,5.299329669e-14
109.0859375,3.541037373e-13,2.988582175e-13,4.495745069e-13,2.392521609e-13,1.244109739e-13,2.89918666e-13,9.027096757e-14,5.924213507e-14,6.154692147e-14,7.493112128e-14,1.193105918e-13,1.379233666e-13,1.490268332e-13,2.8563988e-13,2.724531434e-13,3.979970365e-13,3.504603312e-13,2.25627338e-13,1.077594413e-13,1.519471604e-13,1.08522266e-13,3.232514685e-14,4.596960553e-14,4.603353652e-14,4.879312111e-14,3.440136104e-14,8.740625755e-14,2.202127303e-13,3.381790414e-13,4.197040996e-14,1.643110133e-13,5.337851803e-14
109.09375,3.567206528e-13,3.048135268e-13,4.521900617e-13,2.400106639e-13,1.238766203e-13,2.884062986e-13,9.06226895e-14,5.835130552e-14,6.112772424e-14,7.449724162e-14,1.201709961e-13,1.382403055e-13,1.493592555e-13,2.86245641e-13,2.737302687e-13,3.973281979e-13,3.527016019e-13,2.243563112e-13,1.082266592e-13,1.516554945e-13,1.092268672e-13,3.222112214e-14,4.68379093e-14,4.626169028e-14,4.87699703e-14,3.499719535e-14,8.826362861e-14,2.221410532e-13,3.398865518e-13,4.203415346e-14,1.644167163e-13,5.374110954e-14
109.1015625,3.593678116e-13,3.107971306e-13,4.54981349e-13,2.405875279e-13,1.234802642e-13,2.868281838e-13,9.098935203e-14,5.749446568e-14,6.073449729e-14,7.414678882e-14,1.211029248e-13,1.385843759e-13,1.496888293e-13,2.870002612e-13,2.750781123e-13,3.966955904e-13,3.548701318e-13,2.230987579e-13,1.087368837e-13,1.514299787e-13,1.099832393e-13,3.213880605e-14,4.768794677e-14,4.654731728e-14,4.878353557e-14,3.562882949e-14,8.919252278e-14,2.242324525e-13,3.41654259e-13,4.216037051e-14,1.646223472e-13,5.413009793e-14
109.109375,3.619727887e-13,3.16758872e-13,4.578646771e-13,2.408565521e-13,1.230773639e-13,2.850166762e-13,9.138769662e-14,5.664845772e-14,6.025598612e-14,7.38270491e-14,1.220776746e-13,1.388190892e-13,1.499455365e-13,2.87617502e-13,2.763943563e-13,3.960598861e-13,3.568762829e-13,2.216354394e-13,1.092461979e-13,1.513205417e-13,1.107670691e-13,3.202967337e-14,4.854287029e-14,4.682289975e-14,4.884955287e-14,3.628191298e-14,9.025965215e-14,2.263451035e-13,3.433124265e-13,4.232971482e-14,1.647958001e-13,5.45680592e-14
109.1171875,3.645490766e-13,3.227528059e-13,4.607020657e-13,2.411460227e-13,1.225700258e-13,2.83013352e-13,9.176837948e-14,5.573363707e-14,5.969202619e-14,7.346173945e-14,1.2306421e-13,1.38968391e-13,1.501656974e-13,2.880947635e-13,2.776749671e-13,3.953093734e-13,3.587424532e-13,2.198925457e-13,1.097424585e-13,1.512539753e-13,1.115393082e-13,3.187572823e-14,4.939765848e-14,4.702188654e-14,4.890928657e-14,3.697510647e-14,9.146030737e-14,2.28479274e-13,3.448352174e-13,4.250194999e-14,1.649085264e-13,5.501058175e-14
109.125,3.670681377e-13,3.286411924e-13,4.634152983e-13,2.414828939e-13,1.219754672e-13,2.808937274e-13,9.209439009e-14,5.475154891e-14,5.910701424e-14,7.305109557e-14,1.241325641e-13,1.391299176e-13,1.503925142e-13,2.885619097e-13,2.789291733e-13,3.943314931e-13,3.604360583e-13,2.179571589e-13,1.102551122e-13,1.511782575e-13,1.123013803e-13,3.170543962e-14,5.026577172e-14,4.716399895e-14,4.894822655e-14,3.77121203e-14,9.275300859e-14,2.30574951e-13,3.463150608e-13,4.265270349e-14,1.650776781e-13,5.544585372e-14
109.1328125,3.695698326e-13,3.345627518e-13,4.661484525e-13,2.418518663e-13,1.21350008e-13,2.787947105e-13,9.242839762e-14,5.374057096e-14,5.853636153e-14,7.272164126e-14,1.252871455e-13,1.393451675e-13,1.50571459e-13,2.89069341e-13,2.802302695e-13,3.932554889e-13,3.619774146e-13,2.160032142e-13,1.108101171e-13,1.510780751e-13,1.130722534e-13,3.15568998e-14,5.115008249e-14,4.728140241e-14,4.901223037e-14,3.84639022e-14,9.416470247e-14,2.327732801e-13,3.477595973e-13,4.280854803e-14,1.654439974e-13,5.589130229e-14
109.140625,3.723642118e-13,3.407833353e-13,4.690738259e-13,2.423867177e-13,1.208039912e-13,2.768963932e-13,9.280381325e-14,5.272138787e-14,5.80280183e-14,7.254674668e-14,1.264634545e-13,1.396240562e-13,1.506581111e-13,2.897184891e-13,2.816069391e-13,3.921925329e-13,3.63453483e-13,2.141579747e-13,1.114097692e-13,1.509393693e-13,1.138717814e-13,3.146013437e-14,5.200551989e-14,4.744977476e-14,4.90860521e-14,3.921402883e-14,9.568547321e-14,2.353036945e-13,3.4928489e-13,4.302371784e-14,1.659988206e-13,5.632983596e-14
109.1484375,3.755801416e-13,3.471918563e-13,4.721093326e-13,2.42985894e-13,1.203893576e-13,2.750566699e-13,9.314666942e-14,5.171175495e-14,5.755768411e-14,7.240820342e-14,1.277380088e-13,1.399132708e-13,1.506815029e-13,2.905358863e-13,2.829820544e-13,3.910437232e-13,3.648706468e-13,2.123092723e-13,1.120381417e-13,1.508022077e-13,1.147340984e-13,3.138715111e-14,5.282561673e-14,4.769907258e-14,4.912038564e-14,3.997063005e-14,9.721185767e-14,2.380029352e-13,3.508630649e-13,4.331222825e-14,1.665498467e-13,5.675544823e-14
109.15625,3.787702829e-13,3.536737601e-13,4.751885606e-13,2.435166858e-13,1.199649351e-13,2.729766017e-13,9.343820995e-14,5.068172126e-14,5.701671518e-14,7.217340458e-14,1.291851646e-13,1.40155967e-13,1.506826969e-13,2.913676683e-13,2.843899934e-13,3.898228475e-13,3.661690256e-13,2.102914273e-13,1.126732961e-13,1.506820552e-13,1.156475433e-13,3.12773288e-14,5.364298806e-14,4.793020383e-14,4.914899679e-14,4.076181888e-14,9.874573417e-14,2.406238426e-13,3.52334112e-13,4.36370637e-14,1.670638816e-13,5.718231208e-14
109.1640625,3.816237569e-13,3.603357113e-13,4.78343417e-13,2.440173004e-13,1.193715195e-13,2.707087357e-13,9.375117987e-14,4.959954126e-14,5.639633021e-14,7.187728987e-14,1.306653068e-13,1.403781393e-13,1.506519191e-13,2.921079331e-13,2.859308474e-13,3.886878568e-13,3.67390928e-13,2.081630231e-13,1.133152464e-13,1.505645187e-13,1.165279416e-13,3.113545067e-14,5.445670522e-14,4.810855424e-14,4.922643818e-14,4.160661199e-14,1.004156691e-13,2.432229894e-13,3.53811853e-13,4.396336124e-14,1.6770535e-13,5.760195978e-14
109.171875,3.84479579e-13,3.671781756e-13,4.815174261e-13,2.445487009e-13,1.186791579e-13,2.685353733e-13,9.411464913e-14,4.852040396e-14,5.577728205e-14,7.162656883e-14,1.320768655e-13,1.405967921e-13,1.5053481e-13,2.928353766e-13,2.876216522e-13,3.876397958e-13,3.686572789e-13,2.060484889e-13,1.139873554e-13,1.505112128e-13,1.173531982e-13,3.100798348e-14,5.526230161e-14,4.826465149e-14,4.932861507e-14,4.248399599e-14,1.022094203e-13,2.459257211e-13,3.552632201e-13,4.429959017e-14,1.684505876e-13,5.802026799e-14
109.1796875,3.875792525e-13,3.741183781e-13,4.848013214e-13,2.452271101e-13,1.180698658e-13,2.665450989e-13,9.451397835e-14,4.748123543e-14,5.51805883e-14,7.145599688e-14,1.335400598e-13,1.408015883e-13,1.503265877e-13,2.936962553e-13,2.894719777e-13,3.865281345e-13,3.698978435e-13,2.039410864e-13,1.146867785e-13,1.505011818e-13,1.181997978e-13,3.090185413e-14,5.605852124e-14,4.835552008e-14,4.942460547e-14,4.338138933e-14,1.039606605e-13,2.488094038e-13,3.564448685e-13,4.46812187e-14,1.69176853e-13,5.845635739e-14
109.1875,3.907604647e-13,3.811359072e-13,4.883910577e-13,2.460080918e-13,1.175602896e-13,2.6458231e-13,9.493074625e-14,4.643195949e-14,5.458314412e-14,7.133455443e-14,1.351657915e-13,1.410329503e-13,1.501210324e-13,2.947595566e-13,2.914573743e-13,3.853215018e-13,3.709727453e-13,2.018317818e-13,1.153990279e-13,1.504132029e-13,1.190952021e-13,3.080246076e-14,5.682222344e-14,4.842516653e-14,4.953398348e-14,4.43182103e-14,1.056484969e-13,2.518729651e-13,3.576853691e-13,4.511906121e-14,1.69987272e-13,5.888967201e-14
109.1953125,3.940395403e-13,3.883277996e-13,4.92250086e-13,2.466895967e-13,1.17049375e-13,2.625379627e-13,9.533196323e-14,4.535781499e-14,5.397724615e-14,7.121868536e-14,1.369541661e-13,1.41332343e-13,1.499902428e-13,2.960083322e-13,2.935415137e-13,3.841895796e-13,3.720095216e-13,1.997827154e-13,1.16152288e-13,1.503400228e-13,1.200316078e-13,3.071004672e-14,5.755824412e-14,4.856739644e-14,4.965712338e-14,4.528718779e-14,1.074178863e-13,2.549847172e-13,3.593959849e-13,4.559576429e-14,1.710197074e-13,5.93062851e-14
109.203125,3.97406759e-13,3.957855564e-13,4.963683268e-13,2.474167882e-13,1.16553996e-13,2.605425069e-13,9.573014049e-14,4.429264177e-14,5.337497904e-14,7.107977847e-14,1.388884272e-13,1.417091005e-13,1.498674118e-13,2.973805345e-13,2.957528289e-13,3.83187735e-13,3.730769225e-13,1.977959701e-13,1.169485551e-13,1.504198392e-13,1.210600185e-13,3.062773722e-14,5.828689235e-14,4.869475315e-14,4.977350079e-14,4.626772657e-14,1.093018638e-13,2.581147946e-13,3.612365578e-13,4.6110897e-14,1.721990653e-13,5.972987162e-14
109.2109375,4.005289415e-13,4.03187353e-13,5.007986109e-13,2.483447153e-13,1.161505361e-13,2.586881081e-13,9.616676883e-14,4.323780527e-14,5.280617098e-14,7.093102207e-14,1.40909909e-13,1.421542602e-13,1.496280525e-13,2.987450583e-13,2.979603025e-13,3.820729477e-13,3.739319233e-13,1.957839072e-13,1.17723267e-13,1.504884005e-13,1.221691648e-13,3.055622746e-14,5.89866631e-14,4.876346615e-14,4.990082149e-14,4.726992108e-14,1.111884382e-13,2.613325667e-13,3.629291064e-13,4.66792296e-14,1.733996667e-13,6.016351544e-14
109.21875,4.034627405e-13,4.10233621e-13,5.05258267e-13,2.491799475e-13,1.157687175e-13,2.567892504e-13,9.660770719e-14,4.220013075e-14,5.226834479e-14,7.08276869e-14,1.429558181e-13,1.425758109e-13,1.492441274e-13,2.999799167e-13,2.999387092e-13,3.806877883e-13,3.744995587e-13,1.936708325e-13,1.184676584e-13,1.504315624e-13,1.232538808e-13,3.049311837e-14,5.963929636e-14,4.889307743e-14,5.005311856e-14,4.829028041e-14,1.130059266e-13,2.646385085e-13,3.647165438e-13,4.729569682e-14,1.745875776e-13,6.060050644e-14
109.2265625,4.066201533e-13,4.173242083e-13,5.09539344e-13,2.498385837e-13,1.153270644e-13,2.547179748e-13,9.701772655e-14,4.119162064e-14,5.170383721e-14,7.08018171e-14,1.450575294e-13,1.428642713e-13,1.487921245e-13,3.011237762e-13,3.018211292e-13,3.792087453e-13,3.749341838e-13,1.91471941e-13,1.192431944e-13,1.504264475e-13,1.242977875e-13,3.042770869e-14,6.02592393e-14,4.904386827e-14,5.021623314e-14,4.931592625e-14,1.147934157e-13,2.680874127e-13,3.665601612e-13,4.79407641e-14,1.757539927e-13,6.105500747e-14
109.234375,4.099096389e-13,4.247063082e-13,5.139306725e-13,2.505703082e-13,1.149234531e-13,2.525962893e-13,9.745248555e-14,4.017781117e-14,5.108780631e-14,7.082258944e-14,1.472322106e-13,1.430755076e-13,1.483415116e-13,3.02322105e-13,3.039304786e-13,3.778680199e-13,3.752827195e-13,1.892999839e-13,1.200624365e-13,1.505311873e-13,1.253577474e-13,3.035795356e-14,6.085933023e-14,4.910952639e-14,5.04075374e-14,5.038553565e-14,1.166688325e-13,2.716458822e-13,3.682317771e-13,4.860635262e-14,1.769481148e-13,6.152891324e-14
109.2421875,4.130946127e-13,4.320052755e-13,5.186279709e-13,2.513032007e-13,1.14604227e-13,2.504937259e-13,9.794344305e-14,3.915972801e-14,5.047116619e-14,7.086826224e-14,1.494211015e-13,1.433537428e-13,1.47891228e-13,3.03663181e-13,3.063004581e-13,3.767467892e-13,3.756389067e-13,1.87232588e-13,1.209064451e-13,1.506068091e-13,1.264396295e-13,3.029462711e-14,6.145141665e-14,4.918985667e-14,5.065270892e-14,5.153582345e-14,1.186925667e-13,2.750990741e-13,3.699006258e-13,4.930135223e-14,1.783003715e-13,6.202732785e-14
109.25,4.163749048e-13,4.392077422e-13,5.234763642e-13,2.519065146e-13,1.142664891e-13,2.484004396e-13,9.844917758e-14,3.819757885e-14,4.989608486e-14,7.095465297e-14,1.516181098e-13,1.437181565e-13,1.474178363e-13,3.051321258e-13,3.088073797e-13,3.757897619e-13,3.761048839e-13,1.852224915e-13,1.217910627e-13,1.506203528e-13,1.275513194e-13,3.024096161e-14,6.203992596e-14,4.934025215e-14,5.093724927e-14,5.273695023e-14,1.207551044e-13,2.784954842e-13,3.717430117e-13,5.003333967e-14,1.798356928e-13,6.256492357e-14
109.2578125,4.198394113e-13,4.465127377e-13,5.284347492e-13,2.526028658e-13,1.139879792e-13,2.46447838e-13,9.896146894e-14,3.729373845e-14,4.935744776e-14,7.106740218e-14,1.538577887e-13,1.441177335e-13,1.469388034e-13,3.067103567e-13,3.114301912e-13,3.748946079e-13,3.765463812e-13,1.832567237e-13,1.227399688e-13,1.50617429e-13,1.287063861e-13,3.020676729e-14,6.260899216e-14,4.94573084e-14,5.12502289e-14,5.395292428e-14,1.227815693e-13,2.820710056e-13,3.73688601e-13,5.079571274e-14,1.814690327e-13,6.311017554e-14
109.265625,4.23312999e-13,4.537531905e-13,5.335915396e-13,2.535680928e-13,1.139331661e-13,2.447300921e-13,9.950745463e-14,3.641312797e-14,4.88562667e-14,7.120625391e-14,1.561449576e-13,1.445690333e-13,1.464702362e-13,3.084577124e-13,3.141827563e-13,3.740818715e-13,3.769293128e-13,1.81417965e-13,1.237615701e-13,1.506164834e-13,1.298664262e-13,3.02152635e-14,6.314778035e-14,4.953150226e-14,5.15954637e-14,5.518698543e-14,1.248821644e-13,2.85824967e-13,3.757342796e-13,5.158685672e-14,1.83199234e-13,6.363586871e-14
109.2734375,4.268174859e-13,4.611628595e-13,5.388868422e-13,2.547270451e-13,1.139489315e-13,2.430902554e-13,1.000849839e-13,3.556789161e-14,4.838676267e-14,7.143121442e-14,1.5851344e-13,1.45079997e-13,1.459807509e-13,3.103581027e-13,3.170764503e-13,3.734651469e-13,3.774273307e-13,1.797161831e-13,1.248263947e-13,1.506434439e-13,1.310157213e-13,3.025353444e-14,6.365844554e-14,4.960512274e-14,5.196728486e-14,5.645007722e-14,1.270976636e-13,2.897499357e-13,3.778754179e-13,5.241466873e-14,1.850329921e-13,6.417766014e-14
109.28125,4.304497097e-13,4.691751655e-13,5.442351782e-13,2.559538022e-13,1.138316607e-13,2.413900655e-13,1.006899952e-13,3.476171231e-14,4.790201118e-14,7.172346656e-14,1.60968711e-13,1.456066415e-13,1.454763696e-13,3.122409834e-13,3.201181287e-13,3.730452761e-13,3.780262454e-13,1.780781793e-13,1.258807177e-13,1.506627411e-13,1.321772266e-13,3.027981697e-14,6.416187701e-14,4.966171498e-14,5.237393702e-14,5.774766207e-14,1.293072856e-13,2.938836474e-13,3.800477522e-13,5.326980268e-14,1.869108457e-13,6.473989584e-14
109.2890625,4.341709077e-13,4.773420108e-13,5.497314247e-13,2.571467422e-13,1.136765261e-13,2.397172989e-13,1.013396554e-13,3.397643479e-14,4.738622187e-14,7.199161269e-14,1.634320642e-13,1.461439619e-13,1.450071921e-13,3.140429223e-13,3.232282204e-13,3.726828961e-13,3.785815515e-13,1.764283931e-13,1.269315697e-13,1.50582735e-13,1.333458203e-13,3.029172304e-14,6.468831684e-14,4.973818974e-14,5.282621969e-14,5.908511835e-14,1.31488424e-13,2.980298578e-13,3.823310626e-13,5.413408266e-14,1.88853531e-13,6.529546261e-14
109.296875,4.378122759e-13,4.850148422e-13,5.554888925e-13,2.582400854e-13,1.135492379e-13,2.381143008e-13,1.020298545e-13,3.323737909e-14,4.68766689e-14,7.226597652e-14,1.65889114e-13,1.466823532e-13,1.445287342e-13,3.158202119e-13,3.262695594e-13,3.722228885e-13,3.789752447e-13,1.746780541e-13,1.279895194e-13,1.504147188e-13,1.345189267e-13,3.030471944e-14,6.52059215e-14,4.985207788e-14,5.330963165e-14,6.046160931e-14,1.33726418e-13,3.020219602e-13,3.847803143e-13,5.500699395e-14,1.908899426e-13,6.588434951e-14
109.3046875,4.411058064e-13,4.922393393e-13,5.613799821e-13,2.59210303e-13,1.133856944e-13,2.364915054e-13,1.02737796e-13,3.257436203e-14,4.638456777e-14,7.261923907e-14,1.683655881e-13,1.471692757e-13,1.439740279e-13,3.175363366e-13,3.291847983e-13,3.716643458e-13,3.790811633e-13,1.728334335e-13,1.289890327e-13,1.502544175e-13,1.356988843e-13,3.030945432e-14,6.565098163e-14,4.992283942e-14,5.381900323e-14,6.186391918e-14,1.359770321e-13,3.058713701e-13,3.872906692e-13,5.589195778e-14,1.929755825e-13,6.652483955e-14
109.3125,4.441574163e-13,4.993061148e-13,5.672698725e-13,2.601251603e-13,1.132938602e-13,2.349152564e-13,1.034758855e-13,3.196560712e-14,4.590496604e-14,7.300369328e-14,1.707971454e-13,1.476462565e-13,1.434100565e-13,3.192490575e-13,3.320577735e-13,3.711663432e-13,3.790390816e-13,1.710432868e-13,1.299525664e-13,1.501243887e-13,1.368583747e-13,3.031582437e-14,6.605629011e-14,4.995239207e-14,5.436937191e-14,6.328180107e-14,1.381256207e-13,3.095912558e-13,3.898363652e-13,5.678382037e-14,1.951524233e-13,6.71582323e-14
109.3203125,4.47408557e-13,5.064834757e-13,5.733441861e-13,2.611170072e-13,1.133445136e-13,2.334821929e-13,1.042606234e-13,3.137141223e-14,4.545133175e-14,7.340931185e-14,1.731830013e-13,1.482188596e-13,1.428776955e-13,3.211381238e-13,3.350087726e-13,3.707551601e-13,3.791111675e-13,1.693879282e-13,1.310050138e-13,1.49983839e-13,1.379914929e-13,3.035063398e-14,6.649087059e-14,5.000670763e-14,5.495544597e-14,6.474632922e-14,1.402532709e-13,3.133494256e-13,3.924852556e-13,5.768844924e-14,1.974872981e-13,6.77944556e-14
109.328125,4.507724254e-13,5.138868894e-13,5.797535714e-13,2.621826007e-13,1.133704326e-13,2.320682847e-13,1.050572147e-13,3.078106834e-14,4.502436169e-14,7.393685427e-14,1.756235942e-13,1.488993593e-13,1.423145382e-13,3.231666428e-13,3.380731145e-13,3.703196204e-13,3.791708767e-13,1.6783407e-13,1.321376607e-13,1.498285042e-13,1.391233547e-13,3.04073133e-14,6.692544239e-14,5.004430436e-14,5.554960764e-14,6.628996582e-14,1.425264276e-13,3.173274949e-13,3.952733115e-13,5.86244477e-14,1.999572505e-13,6.848750811e-14
109.3359375,4.539487045e-13,5.212098515e-13,5.863899636e-13,2.632061549e-13,1.133779658e-13,2.306935804e-13,1.058739733e-13,3.022460088e-14,4.462766421e-14,7.457390878e-14,1.7811951e-13,1.496665233e-13,1.417792265e-13,3.252886986e-13,3.412767831e-13,3.699570761e-13,3.791229681e-13,1.66407922e-13,1.332805049e-13,1.496596982e-13,1.402779885e-13,3.047790168e-14,6.731900236e-14,5.003439816e-14,5.615226969e-14,6.786076253e-14,1.448511343e-13,3.213440345e-13,3.982241025e-13,5.959095422e-14,2.02580872e-13,6.920347336e-14
109.34375,4.572172432e-13,5.283168017e-13,5.933104156e-13,2.641291306e-13,1.135523531e-13,2.295851071e-13,1.067944612e-13,2.972951558e-14,4.426812899e-14,7.519282909e-14,1.806555429e-13,1.505160345e-13,1.413611231e-13,3.276689279e-13,3.446651148e-13,3.698532935e-13,3.79241763e-13,1.651592123e-13,1.344619349e-13,1.495005995e-13,1.414923872e-13,3.05699844e-14,6.770438883e-14,5.005396203e-14,5.680186252e-14,6.941082926e-14,1.470706323e-13,3.252136069e-13,4.012960337e-13,6.05694372e-14,2.05376541e-13,6.992188398e-14
109.3515625,4.606588531e-13,5.355240736e-13,6.006090355e-13,2.649433474e-13,1.137807173e-13,2.286080053e-13,1.077987985e-13,2.928956428e-14,4.391398149e-14,7.57996963e-14,1.833060602e-13,1.513768561e-13,1.409311625e-13,3.301872646e-13,3.481390036e-13,3.699607229e-13,3.794620676e-13,1.640062889e-13,1.356362403e-13,1.494991759e-13,1.427741183e-13,3.065931829e-14,6.80865783e-14,5.013248755e-14,5.749989897e-14,7.100302834e-14,1.49342262e-13,3.290444329e-13,4.044542463e-13,6.156811246e-14,2.082427731e-13,7.069082679e-14
109.359375,4.638395821e-13,5.427145651e-13,6.080351409e-13,2.657070283e-13,1.138661312e-13,2.274906111e-13,1.087852561e-13,2.890988573e-14,4.354800751e-14,7.651465028e-14,1.860263248e-13,1.52180383e-13,1.403759551e-13,3.324979672e-13,3.515834598e-13,3.70194979e-13,3.794614504e-13,1.628380429e-13,1.367182948e-13,1.496792048e-13,1.440727778e-13,3.071894931e-14,6.842805342e-14,5.023001863e-14,5.820303764e-14,7.266032645e-14,1.517588389e-13,3.32852037e-13,4.078023002e-13,6.260288678e-14,2.110803748e-13,7.149061486e-14
109.3671875,4.669151064e-13,5.494304578e-13,6.154391126e-13,2.664489683e-13,1.139527297e-13,2.264275149e-13,1.097644521e-13,2.860305589e-14,4.320264912e-14,7.734521271e-14,1.88655855e-13,1.529670784e-13,1.397911756e-13,3.347019529e-13,3.551047101e-13,3.706041729e-13,3.79421056e-13,1.617323482e-13,1.378305395e-13,1.497365126e-13,1.453577406e-13,3.077853038e-14,6.873711227e-14,5.034739597e-14,5.890720676e-14,7.429342734e-14,1.540399057e-13,3.365488218e-13,4.113394757e-13,6.365297085e-14,2.138852998e-13,7.226320426e-14
109.375,4.703678206e-13,5.559820821e-13,6.229174263e-13,2.67073279e-13,1.141835449e-13,2.255999414e-13,1.107537827e-13,2.834874362e-14,4.290366034e-14,7.821179396e-14,1.911677456e-13,1.538207504e-13,1.392234632e-13,3.370612105e-13,3.587273623e-13,3.711346333e-13,3.795114868e-13,1.608431467e-13,1.390937884e-13,1.495640789e-13,1.466454156e-13,3.08824569e-14,6.902172241e-14,5.049619069e-14,5.961572095e-14,7.589345903e-14,1.560816243e-13,3.402749023e-13,4.148974601e-13,6.471807352e-14,2.167425728e-13,7.302332126e-14
109.3828125,4.740083039e-13,5.629353147e-13,6.304151293e-13,2.677045507e-13,1.144653942e-13,2.248392591e-13,1.117031512e-13,2.814774511e-14,4.266531488e-14,7.912329711e-14,1.936749327e-13,1.547799965e-13,1.386456511e-13,3.394946464e-13,3.622643678e-13,3.716558639e-13,3.794673574e-13,1.60145481e-13,1.404009296e-13,1.494435752e-13,1.479628006e-13,3.103300293e-14,6.925238034e-14,5.06548551e-14,6.030392819e-14,7.751724021e-14,1.581050833e-13,3.441625658e-13,4.185097453e-13,6.582777953e-14,2.19776168e-13,7.379372969e-14
109.390625,4.776092852e-13,5.698749702e-13,6.380240641e-13,2.686347552e-13,1.148231918e-13,2.242670726e-13,1.126904813e-13,2.802656038e-14,4.248480061e-14,8.013250621e-14,1.962794012e-13,1.558127002e-13,1.381529422e-13,3.420223076e-13,3.658290503e-13,3.722875321e-13,3.79403086e-13,1.595917759e-13,1.416829438e-13,1.493529936e-13,1.493115833e-13,3.121387666e-14,6.944798606e-14,5.08051861e-14,6.101693463e-14,7.911594151e-14,1.601472634e-13,3.48057172e-13,4.223187953e-13,6.693902476e-14,2.23012092e-13,7.457354615e-14
109.3984375,4.813813321e-13,5.762663341e-13,6.460027301e-13,2.69746895e-13,1.153549017e-13,2.241470614e-13,1.138043501e-13,2.796265793e-14,4.232512422e-14,8.122891333e-14,1.98987217e-13,1.568559587e-13,1.37799851e-13,3.448131403e-13,3.697471885e-13,3.733267974e-13,3.797438978e-13,1.592932417e-13,1.430232698e-13,1.490548253e-13,1.506349333e-13,3.142131147e-14,6.965454268e-14,5.09363188e-14,6.181857356e-14,8.066678375e-14,1.621673644e-13,3.518747621e-13,4.262034083e-13,6.799398781e-14,2.263577981e-13,7.53931413e-14
109.40625,4.852307651e-13,5.826762004e-13,6.540625804e-13,2.707566195e-13,1.159010644e-13,2.241647089e-13,1.149318948e-13,2.793461954e-14,4.217315789e-14,8.240981284e-14,2.017158423e-13,1.578799231e-13,1.374672908e-13,3.475967436e-13,3.73887174e-13,3.748179838e-13,3.803567427e-13,1.592227388e-13,1.444345895e-13,1.488320144e-13,1.518987524e-13,3.164048341e-14,6.985954181e-14,5.105516929e-14,6.266433334e-14,8.22646061e-14,1.642904331e-13,3.558111738e-13,4.299992728e-13,6.903773412e-14,2.296732402e-13,7.626029732e-14
109.4140625,4.887964854e-13,5.895924107e-13,6.616874548e-13,2.71678899e-13,1.16264411e-13,2.239561848e-13,1.160038484e-13,2.797637542e-14,4.203107347e-14,8.369704857e-14,2.043699577e-13,1.588567247e-13,1.370719862e-13,3.499873114e-13,3.778658017e-13,3.764884618e-13,3.808718195e-13,1.591354125e-13,1.458303719e-13,1.490219256e-13,1.531305776e-13,3.183697431e-14,7.004637268e-14,5.120800561e-14,6.350223046e-14,8.389061501e-14,1.664477456e-13,3.59845629e-13,4.337482678e-13,7.009188319e-14,2.328528086e-13,7.712035209e-14
109.421875,4.920545393e-13,5.963390841e-13,6.68936881e-13,2.724888491e-13,1.1650201e-13,2.237421607e-13,1.171001155e-13,2.809249772e-14,4.187634523e-14,8.504045979e-14,2.068479228e-13,1.597685387e-13,1.366356202e-13,3.520913311e-13,3.81614707e-13,3.781018929e-13,3.812311817e-13,1.589758709e-13,1.471526636e-13,1.493461415e-13,1.54280904e-13,3.200599291e-14,7.023172621e-14,5.141291958e-14,6.434182527e-14,8.542196267e-14,1.684234167e-13,3.63596364e-13,4.374803765e-13,7.10859104e-14,2.359749163e-13,7.794651678e-14
109.4296875,4.95190672e-13,6.024649868e-13,6.762091256e-13,2.731266929e-13,1.167793071e-13,2.23733768e-13,1.182155632e-13,2.824550401e-14,4.173604727e-14,8.637113341e-14,2.091378962e-13,1.607035502e-13,1.361972278e-13,3.542055475e-13,3.85246258e-13,3.796366126e-13,3.814523571e-13,1.589364868e-13,1.484310686e-13,1.494866886e-13,1.553253131e-13,3.218429561e-14,7.040333118e-14,5.162801692e-14,6.518014133e-14,8.689950133e-14,1.702994549e-13,3.669908991e-13,4.412481604e-13,7.203031125e-14,2.392012351e-13,7.877420468e-14
109.4375,4.984083786e-13,6.085779589e-13,6.838366783e-13,2.738361725e-13,1.172010513e-13,2.238434906e-13,1.193151124e-13,2.844469029e-14,4.166750734e-14,8.770403663e-14,2.115005926e-13,1.617605949e-13,1.358088568e-13,3.565092429e-13,3.889256481e-13,3.812228671e-13,3.81633751e-13,1.591343297e-13,1.497738693e-13,1.495076011e-13,1.564703428e-13,3.240105184e-14,7.053658945e-14,5.184932646e-14,6.603200957e-14,8.843288748e-14,1.722480359e-13,3.703871861e-13,4.452867238e-13,7.300550654e-14,2.42538557e-13,7.962508891e-14
109.4453125,5.018284509e-13,6.148934311e-13,6.918942381e-13,2.746882945e-13,1.177484597e-13,2.241209462e-13,1.204505275e-13,2.873273708e-14,4.164529291e-14,8.908985122e-14,2.141640149e-13,1.628803567e-13,1.354569416e-13,3.590336152e-13,3.928528873e-13,3.830258359e-13,3.819642027e-13,1.59503002e-13,1.512137897e-13,1.494598278e-13,1.578252641e-13,3.265738309e-14,7.064753731e-14,5.2115871e-14,6.692424266e-14,8.99725557e-14,1.742119203e-13,3.738746142e-13,4.496095171e-13,7.399087448e-14,2.459150049e-13,8.047991872e-14
109.453125,5.052304843e-13,6.206945529e-13,6.999409373e-13,2.752986962e-13,1.182917024e-13,2.246030752e-13,1.216295717e-13,2.910384348e-14,4.16112721e-14,9.054679615e-14,2.168820777e-13,1.639324475e-13,1.350549147e-13,3.614568076e-13,3.968626525e-13,3.850114715e-13,3.823165092e-13,1.599024342e-13,1.526244049e-13,1.493013916e-13,1.59124229e-13,3.29269406e-14,7.076464496e-14,5.239728257e-14,6.782218768e-14,9.14516665e-14,1.761073833e-13,3.771579776e-13,4.538170709e-13,7.492212273e-14,2.492123552e-13,8.133463917e-14
109.4609375,5.08367745e-13,6.25838705e-13,7.074788312e-13,2.75476736e-13,1.187620954e-13,2.250624359e-13,1.228185687e-13,2.95083259e-14,4.155267892e-14,9.206529631e-14,2.192768456e-13,1.648851891e-13,1.346245709e-13,3.634595671e-13,4.005591346e-13,3.869889182e-13,3.824655318e-13,1.603011023e-13,1.539328922e-13,1.491006245e-13,1.601851981e-13,3.316549121e-14,7.089454788e-14,5.264073624e-14,6.870691393e-14,9.292069432e-14,1.779255238e-13,3.800900988e-13,4.577106677e-13,7.579400984e-14,2.522559446e-13,8.221479292e-14
109.46875,5.11355323e-13,6.310984169e-13,7.14608203e-13,2.755174469e-13,1.191955539e-13,2.254317522e-13,1.240174474e-13,2.992687401e-14,4.147956775e-14,9.363711672e-14,2.213568402e-13,1.658107313e-13,1.342605631e-13,3.652665974e-13,4.040011418e-13,3.890209938e-13,3.825771298e-13,1.608357427e-13,1.552248977e-13,1.489689963e-13,1.611817717e-13,3.336829762e-14,7.101787032e-14,5.287598066e-14,6.96124747e-14,9.440191539e-14,1.796530692e-13,3.828149462e-13,4.615412392e-13,7.660833198e-14,2.551362469e-13,8.312153205e-14
109.4765625,5.143282517e-13,6.364490577e-13,7.217535068e-13,2.756920735e-13,1.196158042e-13,2.259386786e-13,1.252160048e-13,3.039237498e-14,4.142698193e-14,9.526613932e-14,2.233378991e-13,1.667808843e-13,1.339582983e-13,3.671653735e-13,4.07514956e-13,3.913152717e-13,3.828517133e-13,1.615990087e-13,1.565479462e-13,1.488810901e-13,1.622238959e-13,3.357918191e-14,7.111011362e-14,5.312671249e-14,7.053847377e-14,9.586116902e-14,1.813421421e-13,3.854425204e-13,4.654928719e-13,7.737867548e-14,2.581525927e-13,8.4033711e-14
109.484375,5.173416315e-13,6.409726408e-13,7.291104816e-13,2.758561042e-13,1.200412982e-13,2.266772952e-13,1.264036941e-13,3.093129101e-14,4.14303867e-14,9.693321366e-14,2.253340053e-13,1.67797148e-13,1.336929204e-13,3.690455075e-13,4.111026782e-13,3.938176944e-13,3.831741233e-13,1.625534886e-13,1.578589917e-13,1.486577927e-13,1.632196001e-13,3.381931182e-14,7.11877726e-14,5.337973036e-14,7.145927116e-14,9.732585213e-14,1.830707222e-13,3.878736886e-13,4.695273117e-13,7.815480205e-14,2.613154539e-13,8.496240675e-14
109.4921875,5.205514289e-13,6.449596218e-13,7.365011604e-13,2.757505273e-13,1.204899709e-13,2.275261888e-13,1.275654736e-13,3.152732974e-14,4.146729942e-14,9.86116063e-14,2.273607195e-13,1.688327376e-13,1.334787116e-13,3.708087516e-13,4.146322753e-13,3.964518378e-13,3.834636605e-13,1.636749113e-13,1.591653921e-13,1.483067e-13,1.641669111e-13,3.407460113e-14,7.128457532e-14,5.36953902e-14,7.23604971e-14,9.882383779e-14,1.848210686e-13,3.900980867e-13,4.736040579e-13,7.893382259e-14,2.644207404e-13,8.592145388e-14
109.5,5.238612154e-13,6.495329692e-13,7.435918264e-13,2.755168071e-13,1.209515161e-13,2.284158467e-13,1.286719926e-13,3.214785845e-14,4.14961247e-14,1.003302607e-13,2.293464496e-13,1.698556253e-13,1.332791441e-13,3.724986038e-13,4.180846722e-13,3.992681173e-13,3.837813246e-13,1.649334055e-13,1.604928579e-13,1.481336848e-13,1.651193867e-13,3.433041544e-14,7.138042512e-14,5.4100925e-14,7.323249846e-14,1.002819724e-13,1.86524665e-13,3.923534492e-13,4.775833916e-13,7.965196677e-14,2.673783444e-13,8.687484652e-14
109.5078125,5.270080286e-13,6.542989593e-13,7.502526609e-13,2.754208422e-13,1.214403106e-13,2.293802471e-13,1.297447439e-13,3.278372844e-14,4.151107475e-14,1.021362216e-13,2.311801054e-13,1.707851231e-13,1.33080892e-13,3.740700965e-13,4.214074363e-13,4.021545131e-13,3.840682479e-13,1.662569773e-13,1.617957133e-13,1.481607545e-13,1.66023105e-13,3.457517432e-14,7.14358473e-14,5.448678507e-14,7.408638299e-14,1.016279723e-13,1.881438967e-13,3.94673998e-13,4.812964696e-13,8.029179319e-14,2.701563372e-13,8.779253255e-14
109.515625,5.301210684e-13,6.583718943e-13,7.565118814e-13,2.752580892e-13,1.21942721e-13,2.304297853e-13,1.308030679e-13,3.346409464e-14,4.152376111e-14,1.040408391e-13,2.32837039e-13,1.715731105e-13,1.329527704e-13,3.754858766e-13,4.246110769e-13,4.050732329e-13,3.842748148e-13,1.676472917e-13,1.630486611e-13,1.480813614e-13,1.668439177e-13,3.481021283e-14,7.146335527e-14,5.483347161e-14,7.493339276e-14,1.028992928e-13,1.897295395e-13,3.968345037e-13,4.848605978e-13,8.089368252e-14,2.727671108e-13,8.869856004e-14
109.5234375,5.332960022e-13,6.622572942e-13,7.623993066e-13,2.747854855e-13,1.223911835e-13,2.31533884e-13,1.318366758e-13,3.420725678e-14,4.153872019e-14,1.060277379e-13,2.343476264e-13,1.72277738e-13,1.328860427e-13,3.767420125e-13,4.27788669e-13,4.081719907e-13,3.844690114e-13,1.691381402e-13,1.642759014e-13,1.479698831e-13,1.676066273e-13,3.504518321e-14,7.148802042e-14,5.525527921e-14,7.577387469e-14,1.041506565e-13,1.913317308e-13,3.98821814e-13,4.88422959e-13,8.147997852e-14,2.752806541e-13,8.960760379e-14
109.53125,5.362568828e-13,6.6615509e-13,7.680716144e-13,2.742847707e-13,1.227942043e-13,2.327045666e-13,1.32876656e-13,3.497542575e-14,4.155456927e-14,1.080347565e-13,2.357145972e-13,1.729409181e-13,1.327821869e-13,3.777952852e-13,4.308394031e-13,4.113014527e-13,3.845603568e-13,1.706978288e-13,1.654477227e-13,1.480810537e-13,1.682792511e-13,3.527287792e-14,7.149681552e-14,5.574034157e-14,7.660695907e-14,1.05358148e-13,1.927971713e-13,4.006377359e-13,4.918670865e-13,8.20305637e-14,2.776762397e-13,9.04947161e-14
109.5390625,5.391226725e-13,6.693270978e-13,7.73663744e-13,2.739401488e-13,1.232042309e-13,2.339947937e-13,1.338812913e-13,3.57359107e-14,4.158192769e-14,1.100181797e-13,2.369873735e-13,1.735683482e-13,1.326574115e-13,3.787019445e-13,4.3369061e-13,4.14361143e-13,3.844994942e-13,1.723535372e-13,1.665632579e-13,1.482221384e-13,1.688662903e-13,3.549420859e-14,7.148301291e-14,5.620423514e-14,7.739849783e-14,1.065156478e-13,1.940297641e-13,4.021322296e-13,4.952478969e-13,8.252425391e-14,2.799189891e-13,9.135878649e-14
109.546875,5.423161567e-13,6.721306819e-13,7.791659242e-13,2.734213355e-13,1.236629973e-13,2.354393273e-13,1.347563663e-13,3.651154866e-14,4.163646732e-14,1.120483092e-13,2.382815584e-13,1.742197811e-13,1.326511111e-13,3.796036438e-13,4.366063216e-13,4.177548286e-13,3.846274205e-13,1.742319602e-13,1.677451622e-13,1.481812408e-13,1.694767616e-13,3.573176248e-14,7.146770452e-14,5.669320907e-14,7.814176482e-14,1.076723986e-13,1.953240653e-13,4.03481846e-13,4.98834667e-13,8.296767228e-14,2.820753283e-13,9.22279671e-14
109.5546875,5.456388998e-13,6.753159657e-13,7.845411919e-13,2.725776289e-13,1.242426459e-13,2.37040191e-13,1.355863946e-13,3.733112896e-14,4.170676105e-14,1.141987896e-13,2.395857186e-13,1.748831446e-13,1.327944286e-13,3.805206595e-13,4.396779628e-13,4.215413282e-13,3.850549387e-13,1.76327185e-13,1.690246975e-13,1.481096814e-13,1.701305086e-13,3.598669924e-14,7.144824085e-14,5.724568964e-14,7.88978191e-14,1.087767175e-13,1.968403181e-13,4.049032329e-13,5.024039703e-13,8.335780833e-14,2.841308731e-13,9.309863324e-14
109.5625,5.486595319e-13,6.783783844e-13,7.894828877e-13,2.716379358e-13,1.248602977e-13,2.387094598e-13,1.364666685e-13,3.819913131e-14,4.17743328e-14,1.164617798e-13,2.407176001e-13,1.754121834e-13,1.329374767e-13,3.812689902e-13,4.425209735e-13,4.251927598e-13,3.852899151e-13,1.784446698e-13,1.702437885e-13,1.480702533e-13,1.70719521e-13,3.623685723e-14,7.140972871e-14,5.777773699e-14,7.965964114e-14,1.097229077e-13,1.982264226e-13,4.061497534e-13,5.054326765e-13,8.366998283e-14,2.859346118e-13,9.395623968e-14
109.5703125,5.514965667e-13,6.809276621e-13,7.936500117e-13,2.70654209e-13,1.253078239e-13,2.403156558e-13,1.373068429e-13,3.91062372e-14,4.184157059e-14,1.188349107e-13,2.416042411e-13,1.75764674e-13,1.329693011e-13,3.816472892e-13,4.449606283e-13,4.286445007e-13,3.851439678e-13,1.805224805e-13,1.713229982e-13,1.47986246e-13,1.712086066e-13,3.647438553e-14,7.137311524e-14,5.825382333e-14,8.03708063e-14,1.105721869e-13,1.9929465e-13,4.070963231e-13,5.080318244e-13,8.390791912e-14,2.874308327e-13,9.482439587e-14
109.578125,5.54421602e-13,6.833383515e-13,7.973561344e-13,2.695372838e-13,1.256412797e-13,2.419349341e-13,1.380804574e-13,4.00415877e-14,4.191556267e-14,1.21303335e-13,2.42364223e-13,1.760652526e-13,1.329568662e-13,3.817831054e-13,4.473521106e-13,4.323385822e-13,3.85031536e-13,1.827302598e-13,1.723572879e-13,1.479589751e-13,1.716517118e-13,3.671347894e-14,7.134299195e-14,5.874768613e-14,8.106083293e-14,1.114294042e-13,2.002989807e-13,4.079193851e-13,5.107006912e-13,8.4071515e-14,2.887347129e-13,9.571844686e-14
109.5859375,5.573938415e-13,6.856478784e-13,8.010469864e-13,2.683172293e-13,1.260272798e-13,2.438008159e-13,1.388575814e-13,4.101085096e-14,4.200848498e-14,1.238318919e-13,2.430606225e-13,1.763879174e-13,1.330020683e-13,3.819782197e-13,4.49967027e-13,4.364269294e-13,3.8512862e-13,1.851085442e-13,1.734081349e-13,1.480864863e-13,1.720719774e-13,3.696941579e-14,7.128000068e-14,5.929262995e-14,8.174353034e-14,1.122546473e-13,2.013696448e-13,4.085865927e-13,5.134618887e-13,8.412903581e-14,2.899520851e-13,9.661247877e-14
109.59375,5.603100347e-13,6.878637219e-13,8.046340836e-13,2.66959967e-13,1.264095432e-13,2.459215993e-13,1.396119898e-13,4.200776252e-14,4.21293063e-14,1.26465263e-13,2.436701536e-13,1.767183592e-13,1.331338649e-13,3.822431957e-13,4.527018438e-13,4.4076833e-13,3.852791852e-13,1.875256517e-13,1.744473999e-13,1.482831842e-13,1.72482003e-13,3.723283184e-14,7.118751176e-14,5.984227854e-14,8.236849828e-14,1.130401656e-13,2.024669506e-13,4.091412974e-13,5.160634194e-13,8.412972004e-14,2.911005289e-13,9.749107373e-14
109.6015625,5.632427945e-13,6.90140927e-13,8.079873861e-13,2.654417445e-13,1.267861629e-13,2.480993591e-13,1.403246825e-13,4.300233597e-14,4.22632084e-14,1.292272787e-13,2.442057312e-13,1.770492401e-13,1.333429402e-13,3.824824746e-13,4.554266402e-13,4.452380981e-13,3.855106401e-13,1.900376867e-13,1.754729197e-13,1.484913376e-13,1.728928019e-13,3.748421097e-14,7.111027443e-14,6.038446212e-14,8.295661732e-14,1.138535166e-13,2.036459474e-13,4.098265571e-13,5.185076011e-13,8.417107186e-14,2.921842893e-13,9.836790958e-14
109.609375,5.662976135e-13,6.920322503e-13,8.110193878e-13,2.638974014e-13,1.27234008e-13,2.502661082e-13,1.410165188e-13,4.400196334e-14,4.23962447e-14,1.320181753e-13,2.44634277e-13,1.773108234e-13,1.335652218e-13,3.826730879e-13,4.581001579e-13,4.497968118e-13,3.859036466e-13,1.927530168e-13,1.765019832e-13,1.4874892e-13,1.732303228e-13,3.772848572e-14,7.104974579e-14,6.095321831e-14,8.35497478e-14,1.146295201e-13,2.048759573e-13,4.104830996e-13,5.208490639e-13,8.420315047e-14,2.931457503e-13,9.925656074e-14
109.6171875,5.694085456e-13,6.932626728e-13,8.133902295e-13,2.623136783e-13,1.275872773e-13,2.524790125e-13,1.41641158e-13,4.503341585e-14,4.252222416e-14,1.34788737e-13,2.448737449e-13,1.77373629e-13,1.337174274e-13,3.825388765e-13,4.605933179e-13,4.544715534e-13,3.863503011e-13,1.955105365e-13,1.774904465e-13,1.490266572e-13,1.733952572e-13,3.797492319e-14,7.098881326e-14,6.154752692e-14,8.411511452e-14,1.152569887e-13,2.060179664e-13,4.107856621e-13,5.229357819e-13,8.410652209e-14,2.938417933e-13,1.001520418e-13
109.625,5.724806445e-13,6.944585663e-13,8.149916577e-13,2.605755339e-13,1.27764418e-13,2.547442665e-13,1.421850582e-13,4.609078255e-14,4.264053979e-14,1.37612709e-13,2.449346648e-13,1.772633441e-13,1.338259064e-13,3.818921479e-13,4.627918397e-13,4.592152392e-13,3.866787246e-13,1.981997736e-13,1.783910181e-13,1.492395679e-13,1.734385769e-13,3.821678721e-14,7.09308755e-14,6.216239592e-14,8.462338011e-14,1.157523487e-13,2.070276662e-13,4.10838173e-13,5.246151733e-13,8.389662535e-14,2.942363452e-13,1.010255844e-13
109.6328125,5.755064667e-13,6.960278232e-13,8.161267965e-13,2.587430034e-13,1.280012475e-13,2.57026804e-13,1.426815147e-13,4.718215087e-14,4.277994825e-14,1.405618221e-13,2.448848693e-13,1.77153771e-13,1.339889222e-13,3.810690231e-13,4.647901136e-13,4.639221654e-13,3.867251656e-13,2.009674338e-13,1.792457351e-13,1.493874398e-13,1.735343772e-13,3.845057746e-14,7.086078723e-14,6.279611189e-14,8.507056741e-14,1.16170622e-13,2.079271822e-13,4.1087261e-13,5.260124634e-13,8.364554329e-14,2.944104568e-13,1.018708251e-13
109.640625,5.783330686e-13,6.976041166e-13,8.16977834e-13,2.56808913e-13,1.283507514e-13,2.592746386e-13,1.431090057e-13,4.831655242e-14,4.294316639e-14,1.436548756e-13,2.447532032e-13,1.770708129e-13,1.342207551e-13,3.802645925e-13,4.666744766e-13,4.685194393e-13,3.864245019e-13,2.038305368e-13,1.800760443e-13,1.495393848e-13,1.737289165e-13,3.866611221e-14,7.07557314e-14,6.33820112e-14,8.544699189e-14,1.165494874e-13,2.087868244e-13,4.108983552e-13,5.273629642e-13,8.336706856e-14,2.94357551e-13,1.027344334e-13
109.6484375,5.808371603e-13,6.987037051e-13,8.173836135e-13,2.547337453e-13,1.286138207e-13,2.614321862e-13,1.434567395e-13,4.945279026e-14,4.307357819e-14,1.468294581e-13,2.44517492e-13,1.768599033e-13,1.344350962e-13,3.792301597e-13,4.683225159e-13,4.729371107e-13,3.859455182e-13,2.066567706e-13,1.807878884e-13,1.497433281e-13,1.738667467e-13,3.884288823e-14,7.063282756e-14,6.391295315e-14,8.576916509e-14,1.169079846e-13,2.096673897e-13,4.107771851e-13,5.285421159e-13,8.306151344e-14,2.940128618e-13,1.036261719e-13
109.65625,5.832297277e-13,6.990916197e-13,8.170966113e-13,2.527047365e-13,1.287649653e-13,2.635461672e-13,1.437349038e-13,5.057592418e-14,4.315583506e-14,1.499974926e-13,2.441220805e-13,1.764556683e-13,1.345706736e-13,3.77874275e-13,4.697019036e-13,4.77258372e-13,3.854847474e-13,2.094672529e-13,1.81341369e-13,1.500280872e-13,1.738507771e-13,3.898191916e-14,7.052562042e-14,6.451054059e-14,8.606122513e-14,1.172062796e-13,2.104830745e-13,4.103531851e-13,5.292629219e-13,8.272062178e-14,2.933591142e-13,1.044906376e-13
109.6640625,5.856473767e-13,6.989885081e-13,8.161617274e-13,2.506836098e-13,1.288949071e-13,2.657401333e-13,1.439263528e-13,5.171543417e-14,4.322541245e-14,1.532191878e-13,2.435443634e-13,1.7593165e-13,1.346979639e-13,3.762694259e-13,4.709832612e-13,4.816427887e-13,3.849668139e-13,2.123067796e-13,1.818346456e-13,1.50385668e-13,1.737690781e-13,3.909922592e-14,7.042787691e-14,6.520469575e-14,8.631387028e-14,1.174356037e-13,2.11177408e-13,4.097220848e-13,5.296600193e-13,8.232289064e-14,2.923784489e-13,1.053279371e-13
109.671875,5.880723713e-13,6.989883413e-13,8.147631178e-13,2.483424899e-13,1.290227993e-13,2.680260086e-13,1.440531165e-13,5.286303357e-14,4.328505892e-14,1.566161364e-13,2.427615265e-13,1.753330582e-13,1.349247589e-13,3.744171456e-13,4.721939155e-13,4.860254291e-13,3.842433634e-13,2.151467224e-13,1.823514932e-13,1.507475693e-13,1.736772447e-13,3.92106437e-14,7.029208153e-14,6.591625915e-14,8.650688534e-14,1.176322221e-13,2.11810631e-13,4.091757644e-13,5.299320162e-13,8.186157304e-14,2.910809765e-13,1.06185697e-13
109.6796875,5.906687036e-13,6.992750859e-13,8.127719856e-13,2.457428119e-13,1.29197191e-13,2.703029707e-13,1.441360264e-13,5.400487039e-14,4.333240022e-14,1.601347278e-13,2.417135019e-13,1.746531047e-13,1.352184844e-13,3.724603331e-13,4.732537691e-13,4.903908695e-13,3.834378169e-13,2.180475991e-13,1.829105748e-13,1.510490917e-13,1.735344156e-13,3.933285844e-14,7.010427633e-14,6.661684488e-14,8.664568451e-14,1.17765394e-13,2.123522198e-13,4.086933314e-13,5.29887953e-13,8.132768034e-14,2.895407471e-13,1.070405462e-13
109.6875,5.933417647e-13,6.993900349e-13,8.101352509e-13,2.431533025e-13,1.29455933e-13,2.725387942e-13,1.441319667e-13,5.515944288e-14,4.33733978e-14,1.63649974e-13,2.405062233e-13,1.738849123e-13,1.354933424e-13,3.704940854e-13,4.742608006e-13,4.949025048e-13,3.827163801e-13,2.210553168e-13,1.834754627e-13,1.512765846e-13,1.733750471e-13,3.945178254e-14,6.991386139e-14,6.726104904e-14,8.676575349e-14,1.178357053e-13,2.128039792e-13,4.079953904e-13,5.294771093e-13,8.073808558e-14,2.877724773e-13,1.078608434e-13
109.6953125,5.95704494e-13,6.990031361e-13,8.071927549e-13,2.405400702e-13,1.297181135e-13,2.747987147e-13,1.440434915e-13,5.632734109e-14,4.337962847e-14,1.67171332e-13,2.393576495e-13,1.730162582e-13,1.357779467e-13,3.683418586e-13,4.753315047e-13,4.99530333e-13,3.819799141e-13,2.241371376e-13,1.839433193e-13,1.51536947e-13,1.732542712e-13,3.953015054e-14,6.973416929e-14,6.78316761e-14,8.687836982e-14,1.179254592e-13,2.1328644e-13,4.07037878e-13,5.289711561e-13,8.013455677e-14,2.857006224e-13,1.0868735e-13
109.703125,5.978447734e-13,6.983033552e-13,8.040947213e-13,2.378596172e-13,1.299198172e-13,2.771357603e-13,1.439242317e-13,5.749942069e-14,4.334097006e-14,1.707577228e-13,2.382204137e-13,1.720871667e-13,1.361196746e-13,3.660120594e-13,4.764680973e-13,5.042504098e-13,3.811530924e-13,2.273544483e-13,1.843088258e-13,1.520033002e-13,1.73126509e-13,3.957228971e-14,6.952030274e-14,6.844868346e-14,8.695032279e-14,1.180192677e-13,2.13754696e-13,4.059583352e-13,5.284818563e-13,7.949499215e-14,2.833739162e-13,1.095180975e-13
109.7109375,6.000238875e-13,6.975874125e-13,8.007821347e-13,2.351523291e-13,1.301262147e-13,2.79543427e-13,1.437757176e-13,5.867465164e-14,4.32928009e-14,1.744044499e-13,2.369322931e-13,1.712012158e-13,1.364931678e-13,3.637891729e-13,4.77702107e-13,5.091939518e-13,3.803951275e-13,2.307448501e-13,1.847128767e-13,1.526004407e-13,1.729685039e-13,3.961745834e-14,6.929442151e-14,6.913098079e-14,8.698627705e-14,1.180569897e-13,2.141576733e-13,4.048200061e-13,5.279454647e-13,7.880377857e-14,2.810590598e-13,1.102859451e-13
109.71875,6.021329218e-13,6.969629528e-13,7.972774901e-13,2.323826255e-13,1.303915201e-13,2.819891022e-13,1.435899607e-13,5.984262706e-14,4.32563146e-14,1.78111619e-13,2.355568077e-13,1.703523906e-13,1.368684066e-13,3.616916917e-13,4.789948101e-13,5.141996245e-13,3.797828104e-13,2.341599915e-13,1.851843763e-13,1.531117947e-13,1.728028883e-13,3.968418424e-14,6.913210448e-14,6.975450679e-14,8.702434954e-14,1.180736293e-13,2.14665193e-13,4.037151813e-13,5.272298545e-13,7.812707325e-14,2.788696338e-13,1.110078131e-13
109.7265625,6.041897374e-13,6.96411495e-13,7.933846584e-13,2.296336496e-13,1.306448317e-13,2.844631576e-13,1.433916081e-13,6.100192573e-14,4.323241476e-14,1.818975431e-13,2.341323882e-13,1.69397918e-13,1.372158097e-13,3.594507849e-13,4.801556945e-13,5.189993773e-13,3.791461648e-13,2.374674617e-13,1.856130196e-13,1.536273936e-13,1.725863977e-13,3.976384636e-14,6.902029051e-14,7.033071762e-14,8.704176884e-14,1.180686836e-13,2.152605041e-13,4.027562551e-13,5.261848338e-13,7.745298689e-14,2.765117646e-13,1.117635643e-13
109.734375,6.063457864e-13,6.95761544e-13,7.889968517e-13,2.268988369e-13,1.308650241e-13,2.869816659e-13,1.431779012e-13,6.215025584e-14,4.320987339e-14,1.857060178e-13,2.325776484e-13,1.683100972e-13,1.375351337e-13,3.570090838e-13,4.811560305e-13,5.236763533e-13,3.783515723e-13,2.407215309e-13,1.859921729e-13,1.542847323e-13,1.723133385e-13,3.983971976e-14,6.888128979e-14,7.092305285e-14,8.700505047e-14,1.179992315e-13,2.157542443e-13,4.018212241e-13,5.249721153e-13,7.669300815e-14,2.737778851e-13,1.125635562e-13
109.7421875,6.084755596e-13,6.947194009e-13,7.84428061e-13,2.239215874e-13,1.311758949e-13,2.895632631e-13,1.429155832e-13,6.327977347e-14,4.3164881e-14,1.894673202e-13,2.310086712e-13,1.672198862e-13,1.378979297e-13,3.545878902e-13,4.822477716e-13,5.284387962e-13,3.775625195e-13,2.440766385e-13,1.86399272e-13,1.549634529e-13,1.720703322e-13,3.990772363e-14,6.868660395e-14,7.148871358e-14,8.69451871e-14,1.179119815e-13,2.162596085e-13,4.006604043e-13,5.238570409e-13,7.586958933e-14,2.708851816e-13,1.133892303e-13
109.75,6.104916965e-13,6.93264366e-13,7.796508853e-13,2.207799773e-13,1.315791339e-13,2.922045662e-13,1.425836899e-13,6.441302955e-14,4.310476857e-14,1.932355862e-13,2.295432272e-13,1.661566173e-13,1.383168245e-13,3.522645656e-13,4.835216616e-13,5.333163178e-13,3.769617046e-13,2.475556762e-13,1.868287677e-13,1.556830906e-13,1.718532246e-13,3.998189899e-14,6.84608865e-14,7.201275422e-14,8.687558246e-14,1.178301516e-13,2.168988851e-13,3.992919101e-13,5.227305322e-13,7.50315753e-14,2.679708606e-13,1.142425403e-13
109.7578125,6.124370355e-13,6.917515829e-13,7.743137956e-13,2.177865638e-13,1.319302217e-13,2.948300094e-13,1.421854438e-13,6.554826471e-14,4.304732887e-14,1.970867021e-13,2.279915848e-13,1.650158202e-13,1.387322331e-13,3.498434528e-13,4.846877071e-13,5.38107904e-13,3.763269391e-13,2.50984909e-13,1.872270323e-13,1.565493612e-13,1.715690395e-13,4.006349544e-14,6.824992552e-14,7.250231807e-14,8.676090508e-14,1.177002253e-13,2.174989455e-13,3.979363889e-13,5.214060002e-13,7.415013629e-14,2.648659709e-13,1.150896218e-13
109.765625,6.142879602e-13,6.903634702e-13,7.685756075e-13,2.147998453e-13,1.322341711e-13,2.973789844e-13,1.417543743e-13,6.665399513e-14,4.297133451e-14,2.009885959e-13,2.262206181e-13,1.637647564e-13,1.391524572e-13,3.472139153e-13,4.856176315e-13,5.426967731e-13,3.754532524e-13,2.543259331e-13,1.875687861e-13,1.574126608e-13,1.711988167e-13,4.013376434e-14,6.808402718e-14,7.295625957e-14,8.660946577e-14,1.175311528e-13,2.180309279e-13,3.966212895e-13,5.198737507e-13,7.324666754e-14,2.615058112e-13,1.159040204e-13
109.7734375,6.16128561e-13,6.889599566e-13,7.626481416e-13,2.116384614e-13,1.325254994e-13,2.999037673e-13,1.413118755e-13,6.777600387e-14,4.287618302e-14,2.049302669e-13,2.243906894e-13,1.624392747e-13,1.395572282e-13,3.444528779e-13,4.865536881e-13,5.473327218e-13,3.745951482e-13,2.576738867e-13,1.878401734e-13,1.582562938e-13,1.707773468e-13,4.018544025e-14,6.792423772e-14,7.344874861e-14,8.645092008e-14,1.173462895e-13,2.186271486e-13,3.952489479e-13,5.181260821e-13,7.235717137e-14,2.579591793e-13,1.167224929e-13
109.78125,6.179673491e-13,6.874910787e-13,7.562390704e-13,2.085647117e-13,1.327020934e-13,3.023602463e-13,1.407983425e-13,6.893729401e-14,4.279905483e-14,2.089543109e-13,2.226026707e-13,1.610363096e-13,1.398625655e-13,3.415609311e-13,4.874399202e-13,5.519790439e-13,3.738043025e-13,2.60850474e-13,1.880394745e-13,1.592409165e-13,1.703363701e-13,4.022753852e-14,6.771938667e-14,7.396380699e-14,8.624251276e-14,1.17111664e-13,2.192217684e-13,3.938585183e-13,5.162530041e-13,7.142534042e-14,2.542057183e-13,1.175604019e-13
109.7890625,6.195506601e-13,6.858329771e-13,7.493229287e-13,2.056346078e-13,1.328039468e-13,3.04659701e-13,1.401629076e-13,7.003192661e-14,4.272769705e-14,2.12998041e-13,2.207488946e-13,1.595729911e-13,1.401388341e-13,3.385270561e-13,4.87977573e-13,5.56222086e-13,3.727872751e-13,2.637457079e-13,1.881810051e-13,1.602638969e-13,1.699041833e-13,4.026971612e-14,6.749904724e-14,7.435951988e-14,8.594376906e-14,1.168384104e-13,2.197644578e-13,3.924353644e-13,5.143669866e-13,7.043918177e-14,2.502783575e-13,1.18391708e-13
109.796875,6.208292712e-13,6.836654334e-13,7.423960107e-13,2.024989249e-13,1.329803663e-13,3.07040135e-13,1.395002135e-13,7.103806732e-14,4.262363413e-14,2.169783642e-13,2.187782444e-13,1.58130047e-13,1.405041037e-13,3.355353692e-13,4.883971516e-13,5.602946931e-13,3.71708022e-13,2.666972795e-13,1.882744065e-13,1.612438958e-13,1.69470527e-13,4.031914926e-14,6.730270982e-14,7.467075054e-14,8.561550672e-14,1.165577397e-13,2.203566587e-13,3.908346002e-13,5.124016085e-13,6.946884695e-14,2.463498369e-13,1.192111307e-13
109.8046875,6.220165072e-13,6.812335881e-13,7.355496896e-13,1.991277914e-13,1.332339527e-13,3.096576548e-13,1.38903668e-13,7.205899002e-14,4.251216719e-14,2.209508631e-13,2.168018632e-13,1.567599207e-13,1.408962754e-13,3.327671928e-13,4.890186189e-13,5.645450785e-13,3.708224331e-13,2.698172983e-13,1.883591302e-13,1.622797673e-13,1.690435271e-13,4.038226219e-14,6.710418311e-14,7.502028252e-14,8.53143042e-14,1.162406682e-13,2.209928796e-13,3.89143264e-13,5.103966671e-13,6.851416259e-14,2.42516145e-13,1.200129292e-13
109.8125,6.231460456e-13,6.791413185e-13,7.283045529e-13,1.958626151e-13,1.335827124e-13,3.121365249e-13,1.382928457e-13,7.308968054e-14,4.24283726e-14,2.249761225e-13,2.148727954e-13,1.554225171e-13,1.412625556e-13,3.301644294e-13,4.896025642e-13,5.684808732e-13,3.698062876e-13,2.728101651e-13,1.884943262e-13,1.63285053e-13,1.686789833e-13,4.045701722e-14,6.689245924e-14,7.533126198e-14,8.500165727e-14,1.158869633e-13,2.216306187e-13,3.875827874e-13,5.084448796e-13,6.753071837e-14,2.386549485e-13,1.207943338e-13
109.8203125,6.240277703e-13,6.770992039e-13,7.205700724e-13,1.928050134e-13,1.340039485e-13,3.142748212e-13,1.375996232e-13,7.4079644e-14,4.23351773e-14,2.290303194e-13,2.128865091e-13,1.540409202e-13,1.416315252e-13,3.275094258e-13,4.900505074e-13,5.719786912e-13,3.684987324e-13,2.75659173e-13,1.886339508e-13,1.642421764e-13,1.68332998e-13,4.051453262e-14,6.669877728e-14,7.553886391e-14,8.464509778e-14,1.155492469e-13,2.223479494e-13,3.860478601e-13,5.063423248e-13,6.65319362e-14,2.345853469e-13,1.215856925e-13
109.828125,6.245561709e-13,6.745227676e-13,7.128285455e-13,1.897649203e-13,1.342979213e-13,3.163410834e-13,1.36895798e-13,7.507208734e-14,4.219822819e-14,2.33117286e-13,2.108256255e-13,1.526243644e-13,1.419593336e-13,3.247106851e-13,4.906621056e-13,5.757163127e-13,3.672718919e-13,2.785241566e-13,1.886953536e-13,1.653387328e-13,1.679058832e-13,4.052951891e-14,6.651518469e-14,7.576139738e-14,8.427346366e-14,1.152473114e-13,2.232182603e-13,3.843604514e-13,5.039857271e-13,6.55462254e-14,2.303735096e-13,1.223903573e-13
109.8359375,6.249708758e-13,6.718495032e-13,7.051915097e-13,1.866276019e-13,1.345388298e-13,3.184154028e-13,1.362111318e-13,7.606817479e-14,4.206535051e-14,2.37247446e-13,2.088129108e-13,1.512643419e-13,1.422826047e-13,3.219857628e-13,4.914306129e-13,5.797487805e-13,3.663065108e-13,2.81350218e-13,1.887614002e-13,1.665125554e-13,1.674561185e-13,4.053977028e-14,6.630916591e-14,7.604748813e-14,8.390129763e-14,1.149648901e-13,2.242430031e-13,3.826949638e-13,5.015923987e-13,6.457718277e-14,2.262626793e-13,1.231816335e-13
109.84375,6.254795845e-13,6.695188585e-13,6.972414588e-13,1.834358572e-13,1.349657709e-13,3.204295301e-13,1.355008489e-13,7.702516019e-14,4.19786614e-14,2.413406499e-13,2.068273909e-13,1.49953445e-13,1.426997697e-13,3.195106115e-13,4.921109591e-13,5.835720246e-13,3.654133162e-13,2.840525505e-13,1.889033387e-13,1.67658017e-13,1.670829994e-13,4.058764861e-14,6.608274807e-14,7.631653268e-14,8.350075815e-14,1.146598598e-13,2.253298128e-13,3.811743575e-13,4.991512563e-13,6.361493845e-14,2.222591622e-13,1.239551928e-13
109.8515625,6.257627771e-13,6.670414304e-13,6.888810637e-13,1.802694604e-13,1.35334523e-13,3.224107768e-13,1.347554612e-13,7.797194615e-14,4.189690832e-14,2.453085366e-13,2.047735869e-13,1.485736155e-13,1.430734379e-13,3.170643379e-13,4.926066516e-13,5.870122177e-13,3.643635881e-13,2.865039265e-13,1.889774372e-13,1.688999995e-13,1.667290567e-13,4.063577299e-14,6.584141264e-14,7.652494379e-14,8.303899717e-14,1.142979869e-13,2.263262824e-13,3.795897938e-13,4.964685959e-13,6.264916021e-14,2.181748902e-13,1.247071323e-13
109.859375,6.25722402e-13,6.642360658e-13,6.804288968e-13,1.771905789e-13,1.354408528e-13,3.242509272e-13,1.33972913e-13,7.892250737e-14,4.178478837e-14,2.491726418e-13,2.027396155e-13,1.471114789e-13,1.432966112e-13,3.144763062e-13,4.929289243e-13,5.900770221e-13,3.631176037e-13,2.8863381e-13,1.889416144e-13,1.701991613e-13,1.663341804e-13,4.065678135e-14,6.557967146e-14,7.665110931e-14,8.252068782e-14,1.139398555e-13,2.272327814e-13,3.779021961e-13,4.936581578e-13,6.170539764e-14,2.139998273e-13,1.254630514e-13
109.8671875,6.258151844e-13,6.615048925e-13,6.720060745e-13,1.741906576e-13,1.356636387e-13,3.259471276e-13,1.33166553e-13,7.985365234e-14,4.166249893e-14,2.530087205e-13,2.007974781e-13,1.456512163e-13,1.435485974e-13,3.119225691e-13,4.932753779e-13,5.929711198e-13,3.618736724e-13,2.907505816e-13,1.889528879e-13,1.71458346e-13,1.659544888e-13,4.069022248e-14,6.531753718e-14,7.668667696e-14,8.199952665e-14,1.136575576e-13,2.281762639e-13,3.762966097e-13,4.908753285e-13,6.081528485e-14,2.098094651e-13,1.262798254e-13
109.875,6.257854775e-13,6.587049603e-13,6.634683045e-13,1.711554069e-13,1.361182232e-13,3.276101615e-13,1.32366585e-13,8.0782415e-14,4.152305218e-14,2.568332875e-13,1.988605426e-13,1.441817419e-13,1.438399375e-13,3.094291198e-13,4.9376812e-13,5.959316674e-13,3.606463762e-13,2.930339889e-13,1.889645339e-13,1.727953822e-13,1.656201693e-13,4.072195194e-14,6.507969184e-14,7.669640614e-14,8.150589508e-14,1.133986804e-13,2.291908248e-13,3.746795904e-13,4.879832683e-13,5.995208093e-14,2.055517724e-13,1.271151154e-13
109.8828125,6.250415298e-13,6.555082899e-13,6.546941416e-13,1.679979285e-13,1.364555908e-13,3.290577088e-13,1.315333012e-13,8.171317971e-14,4.134729931e-14,2.606219733e-13,1.968993771e-13,1.4265078e-13,1.439786132e-13,3.068648092e-13,4.941456876e-13,5.986752645e-13,3.592442815e-13,2.951674355e-13,1.888280664e-13,1.741721395e-13,1.652911339e-13,4.070075127e-14,6.485817709e-14,7.671151912e-14,8.100056893e-14,1.131109158e-13,2.302758031e-13,3.729031231e-13,4.848849052e-13,5.909425393e-14,2.012102558e-13,1.279018207e-13
109.890625,6.242622152e-13,6.522400263e-13,6.456579234e-13,1.64822114e-13,1.367023746e-13,3.302999121e-13,1.306467591e-13,8.263504595e-14,4.118002628e-14,2.643505366e-13,1.949327905e-13,1.410977256e-13,1.440672665e-13,3.043760808e-13,4.943214127e-13,6.010195028e-13,3.578611619e-13,2.970421339e-13,1.886747516e-13,1.754597254e-13,1.649316276e-13,4.066973057e-14,6.463546289e-14,7.668009743e-14,8.045042496e-14,1.12847634e-13,2.314253469e-13,3.711993618e-13,4.817158942e-13,5.827410945e-14,1.96851863e-13,1.287136332e-13
109.8984375,6.241380433e-13,6.492483555e-13,6.364362547e-13,1.618193474e-13,1.370881526e-13,3.316600223e-13,1.297840934e-13,8.354994369e-14,4.105040143e-14,2.679691147e-13,1.929446107e-13,1.395755137e-13,1.442993613e-13,3.020839344e-13,4.945159228e-13,6.032987931e-13,3.567286347e-13,2.989174241e-13,1.886281104e-13,1.767831481e-13,1.645264422e-13,4.067631736e-14,6.440308326e-14,7.659208509e-14,7.987734298e-14,1.126197318e-13,2.32508348e-13,3.697486562e-13,4.785728789e-13,5.748736739e-14,1.924769468e-13,1.295951041e-13
109.90625,6.239553476e-13,6.463478713e-13,6.272257923e-13,1.589941309e-13,1.375479172e-13,3.330212082e-13,1.289591753e-13,8.441915329e-14,4.092086925e-14,2.714863665e-13,1.909918641e-13,1.381094931e-13,1.445962348e-13,2.998722635e-13,4.946969239e-13,6.055021876e-13,3.555523467e-13,3.008136557e-13,1.885660518e-13,1.781897578e-13,1.641187673e-13,4.068339142e-14,6.414792889e-14,7.646239536e-14,7.930869632e-14,1.123765515e-13,2.334733734e-13,3.683773195e-13,4.754293929e-13,5.669076433e-14,1.881310787e-13,1.304701914e-13
109.9140625,6.233591693e-13,6.433064644e-13,6.182350446e-13,1.561715074e-13,1.381031307e-13,3.342416671e-13,1.281075933e-13,8.524801452e-14,4.079491964e-14,2.750088057e-13,1.891410021e-13,1.367618975e-13,1.448974485e-13,2.978633594e-13,4.948751933e-13,6.073702803e-13,3.542095783e-13,3.025891419e-13,1.884906349e-13,1.795835152e-13,1.637938612e-13,4.07032688e-14,6.387145233e-14,7.626844958e-14,7.874910837e-14,1.121607669e-13,2.345226492e-13,3.670197975e-13,4.72328576e-13,5.590220226e-14,1.840015777e-13,1.313576796e-13
109.921875,6.22912066e-13,6.401364035e-13,6.094765689e-13,1.53315299e-13,1.38878983e-13,3.355940847e-13,1.272235371e-13,8.610837375e-14,4.070678831e-14,2.785300862e-13,1.873961604e-13,1.355468586e-13,1.452525125e-13,2.962918375e-13,4.953080815e-13,6.090525842e-13,3.530168939e-13,3.042635195e-13,1.885382346e-13,1.810571194e-13,1.635352768e-13,4.079184408e-14,6.360768966e-14,7.603008867e-14,7.819956614e-14,1.120379967e-13,2.357705139e-13,3.657680439e-13,4.693339746e-13,5.517279944e-14,1.801598936e-13,1.323113083e-13
109.9296875,6.223682086e-13,6.368420101e-13,6.00739693e-13,1.505780263e-13,1.397011622e-13,3.369188329e-13,1.263409423e-13,8.69572127e-14,4.061793845e-14,2.819127391e-13,1.857628119e-13,1.343521312e-13,1.455822515e-13,2.949602086e-13,4.958212977e-13,6.105916962e-13,3.519247403e-13,3.058086842e-13,1.886031407e-13,1.826412619e-13,1.632394559e-13,4.089669221e-14,6.337142768e-14,7.577657938e-14,7.765795684e-14,1.119495563e-13,2.370678118e-13,3.644772846e-13,4.662979233e-13,5.450479888e-14,1.764449985e-13,1.33243924e-13
109.9375,6.212672055e-13,6.334290583e-13,5.918551021e-13,1.479731816e-13,1.403756198e-13,3.378071655e-13,1.254865855e-13,8.772246979e-14,4.04970795e-14,2.851295534e-13,1.84157936e-13,1.331048839e-13,1.458171716e-13,2.935679885e-13,4.960296556e-13,6.117711004e-13,3.506505971e-13,3.070961247e-13,1.885111012e-13,1.841876488e-13,1.628968437e-13,4.094551384e-14,6.31290652e-14,7.548351834e-14,7.710342296e-14,1.118322514e-13,2.383613331e-13,3.630294523e-13,4.630380305e-13,5.386837023e-14,1.727415921e-13,1.341157232e-13
109.9453125,6.202345998e-13,6.30099647e-13,5.828804488e-13,1.453663544e-13,1.409923009e-13,3.384466902e-13,1.246560821e-13,8.846565824e-14,4.03930853e-14,2.882421984e-13,1.824884398e-13,1.318819376e-13,1.460280453e-13,2.922072378e-13,4.960452164e-13,6.126679034e-13,3.493316949e-13,3.081519978e-13,1.883540208e-13,1.857281095e-13,1.625728705e-13,4.097875887e-14,6.285768279e-14,7.51756903e-14,7.65108568e-14,1.117433725e-13,2.39794481e-13,3.616703946e-13,4.596880252e-13,5.324457539e-14,1.691005902e-13,1.350021374e-13
109.953125,6.196077077e-13,6.268833108e-13,5.739531137e-13,1.42824775e-13,1.416633065e-13,3.390786742e-13,1.237844221e-13,8.919994585e-14,4.031811225e-14,2.912929916e-13,1.808514299e-13,1.307453401e-13,1.462468423e-13,2.910247171e-13,4.960439352e-13,6.133643356e-13,3.481185633e-13,3.090946727e-13,1.882719291e-13,1.87306192e-13,1.622594618e-13,4.10406542e-14,6.256940069e-14,7.487481078e-14,7.587751852e-14,1.117291423e-13,2.413654043e-13,3.605326655e-13,4.564280328e-13,5.264542823e-14,1.655239535e-13,1.358934975e-13
109.9609375,6.187239546e-13,6.234322229e-13,5.650411282e-13,1.405123837e-13,1.423611829e-13,3.396120561e-13,1.228557594e-13,8.986279283e-14,4.022235665e-14,2.943379797e-13,1.79277825e-13,1.296367263e-13,1.464509851e-13,2.898955301e-13,4.959196729e-13,6.137394448e-13,3.468553388e-13,3.09887778e-13,1.88224807e-13,1.887780322e-13,1.619149216e-13,4.110782348e-14,6.227680797e-14,7.448416643e-14,7.521457897e-14,1.117260622e-13,2.42928345e-13,3.59377649e-13,4.53100007e-13,5.209547239e-14,1.61937081e-13,1.367516454e-13
109.96875,6.173548046e-13,6.198039159e-13,5.560145343e-13,1.38284242e-13,1.430352966e-13,3.400435571e-13,1.219461968e-13,9.049049508e-14,4.009914431e-14,2.973222105e-13,1.775952094e-13,1.285181277e-13,1.46656972e-13,2.887745792e-13,4.957002228e-13,6.139121817e-13,3.455783156e-13,3.104335139e-13,1.881707109e-13,1.901864947e-13,1.61558494e-13,4.116875006e-14,6.199361187e-14,7.397065821e-14,7.453773216e-14,1.11685046e-13,2.444977763e-13,3.581361225e-13,4.495842971e-13,5.158168987e-14,1.583858168e-13,1.376101588e-13
109.9765625,6.159156364e-13,6.164894218e-13,5.470284774e-13,1.35918329e-13,1.43727247e-13,3.403709946e-13,1.210729932e-13,9.110986254e-14,3.997508361e-14,3.000934886e-13,1.758148069e-13,1.274619983e-13,1.468869403e-13,2.87905719e-13,4.95524354e-13,6.140604166e-13,3.44515887e-13,3.108243829e-13,1.881600177e-13,1.917254692e-13,1.612265514e-13,4.123201851e-14,6.172877585e-14,7.34441304e-14,7.387257119e-14,1.116643263e-13,2.461851173e-13,3.570443285e-13,4.460827729e-13,5.109711575e-14,1.549887617e-13,1.384588495e-13
109.984375,6.14557327e-13,6.133108666e-13,5.384431916e-13,1.335718844e-13,1.445260826e-13,3.405728824e-13,1.201865462e-13,9.170494907e-14,3.986307122e-14,3.026974713e-13,1.741565161e-13,1.265386058e-13,1.47154157e-13,2.874017525e-13,4.954504657e-13,6.141543213e-13,3.436474159e-13,3.112244475e-13,1.882011434e-13,1.933731898e-13,1.609270942e-13,4.129708965e-14,6.145774853e-14,7.294982604e-14,7.322958595e-14,1.117390856e-13,2.479796305e-13,3.561530945e-13,4.426983813e-13,5.069852475e-14,1.517846657e-13,1.39293535e-13
109.9921875,6.131636678e-13,6.098193305e-13,5.302241285e-13,1.314607579e-13,1.453647486e-13,3.407270028e-13,1.192771056e-13,9.235061508e-14,3.978201123e-14,3.05295366e-13,1.72669863e-13,1.257314919e-13,1.474492938e-13,2.870309355e-13,4.954878556e-13,6.141941538e-13,3.427772735e-13,3.115685101e-13,1.882452739e-13,1.950054376e-13,1.606608849e-13,4.137163897e-14,6.115157719e-14,7.244415816e-14,7.259022959e-14,1.118968132e-13,2.497923903e-13,3.552989809e-13,4.393649566e-13,5.039821697e-14,1.487847656e-13,1.401928666e-13
110,6.115868278e-13,6.063246027e-13,5.219399761e-13,1.294087138e-13,1.460969243e-13,3.40685889e-13,1.183565655e-13,9.304530975e-14,3.972491999e-14,3.078783458e-13,1.711875502e-13,1.249783687e-13,1.477459668e-13,2.866301288e-13,4.953668168e-13,6.140224331e-13,3.41743361e-13,3.116771708e-13,1.882656182e-13,1.964921573e-13,1.604173502e-13,4.145078597e-14,6.08180312e-14,7.190261585e-14,7.193850034e-14,1.120557483e-13,2.515870652e-13,3.544129716e-13,4.361122322e-13,5.011343892e-14,1.459446836e-13,1.411403006e-13
110.0078125,6.097551017e-13,6.029275525e-13,5.133771363e-13,1.271824384e-13,1.46798626e-13,3.402995002e-13,1.174409023e-13,9.365476602e-14,3.964404008e-14,3.103453098e-13,1.695528833e-13,1.242168849e-13,1.480743095e-13,2.863135204e-13,4.947612578e-13,6.133285569e-13,3.405251986e-13,3.115953667e-13,1.882495005e-13,1.977115854e-13,1.601577568e-13,4.150945957e-14,6.049515248e-14,7.130364939e-14,7.128264511e-14,1.121638828e-13,2.534390911e-13,3.534431445e-13,4.328828222e-13,4.981636439e-14,1.431190705e-13,1.420210816e-13
110.015625,6.078282584e-13,5.990018523e-13,5.047711345e-13,1.24902437e-13,1.476262707e-13,3.3980107e-13,1.165471272e-13,9.417918618e-14,3.953772944e-14,3.126138592e-13,1.678259201e-13,1.234369432e-13,1.484405139e-13,2.861942176e-13,4.93895767e-13,6.122280376e-13,3.393474186e-13,3.11476011e-13,1.881894511e-13,1.988713551e-13,1.598434184e-13,4.155796475e-14,6.021810431e-14,7.063585722e-14,7.063970688e-14,1.122617607e-13,2.554007789e-13,3.523023022e-13,4.295684253e-13,4.956771789e-14,1.403198727e-13,1.428400223e-13
110.0234375,6.058828156e-13,5.946475187e-13,4.964986393e-13,1.228076886e-13,1.485212117e-13,3.393190155e-13,1.15643934e-13,9.470099458e-14,3.945390778e-14,3.146485332e-13,1.662164148e-13,1.227163246e-13,1.487483365e-13,2.862667898e-13,4.931184189e-13,6.109816054e-13,3.383228001e-13,3.112353535e-13,1.881080334e-13,2.003066222e-13,1.594893884e-13,4.163299831e-14,5.996703396e-14,6.992391978e-14,6.998996941e-14,1.124163234e-13,2.573434195e-13,3.511119416e-13,4.262659275e-13,4.939810065e-14,1.377415417e-13,1.436815468e-13
110.03125,6.038586328e-13,5.906481119e-13,4.885988496e-13,1.209359377e-13,1.493821382e-13,3.387381505e-13,1.147123544e-13,9.520122464e-14,3.939427227e-14,3.165377688e-13,1.647298414e-13,1.221149601e-13,1.489843461e-13,2.865132519e-13,4.92336472e-13,6.095457769e-13,3.372713271e-13,3.107582345e-13,1.880450995e-13,2.018710491e-13,1.591521294e-13,4.173613735e-14,5.968605059e-14,6.920890309e-14,6.929185421e-14,1.126182829e-13,2.59220373e-13,3.501207057e-13,4.229521541e-13,4.930362035e-14,1.353950747e-13,1.44547705e-13
110.0390625,6.019246828e-13,5.869601872e-13,4.807591078e-13,1.191520735e-13,1.502598527e-13,3.380761106e-13,1.138127962e-13,9.56801833e-14,3.933058587e-14,3.183450656e-13,1.63197152e-13,1.215952624e-13,1.49243328e-13,2.869481598e-13,4.915073642e-13,6.080235784e-13,3.362406842e-13,3.102272277e-13,1.880376851e-13,2.032176301e-13,1.588335251e-13,4.185042007e-14,5.937790356e-14,6.852902397e-14,6.858110582e-14,1.128344538e-13,2.611977554e-13,3.493138267e-13,4.194958631e-13,4.928303306e-14,1.331738253e-13,1.45403539e-13
110.046875,6.000743237e-13,5.830631338e-13,4.729552616e-13,1.173223394e-13,1.512178922e-13,3.372611553e-13,1.129701782e-13,9.616191214e-14,3.928469815e-14,3.200190376e-13,1.616386976e-13,1.211482631e-13,1.495086632e-13,2.876355946e-13,4.907738827e-13,6.06521284e-13,3.353999121e-13,3.097470587e-13,1.881011613e-13,2.043707047e-13,1.58479693e-13,4.198220049e-14,5.908197955e-14,6.785063511e-14,6.792141352e-14,1.131036062e-13,2.632620591e-13,3.484467918e-13,4.161294534e-13,4.931844524e-14,1.311458862e-13,1.462573023e-13
110.0546875,5.979614679e-13,5.790486254e-13,4.655079605e-13,1.154318064e-13,1.522618447e-13,3.361373018e-13,1.121176001e-13,9.659950494e-14,3.928993112e-14,3.215949093e-13,1.601716505e-13,1.208342561e-13,1.497239732e-13,2.886185843e-13,4.900444789e-13,6.047593782e-13,3.345648053e-13,3.091063687e-13,1.882030559e-13,2.055498798e-13,1.580892062e-13,4.213883642e-14,5.878703125e-14,6.710569884e-14,6.726705638e-14,1.13453528e-13,2.652946207e-13,3.47451277e-13,4.130131162e-13,4.940349219e-14,1.293755389e-13,1.47126519e-13
110.0625,5.956763639e-13,5.751587174e-13,4.584439474e-13,1.135371567e-13,1.533810048e-13,3.349101819e-13,1.112359252e-13,9.700641384e-14,3.932120988e-14,3.231277521e-13,1.587736018e-13,1.206367019e-13,1.499506498e-13,2.898351486e-13,4.892509224e-13,6.027499525e-13,3.337030492e-13,3.082600203e-13,1.882917947e-13,2.068949745e-13,1.576948898e-13,4.230411471e-14,5.847422584e-14,6.634098041e-14,6.657087758e-14,1.138334057e-13,2.673892848e-13,3.464856498e-13,4.098535993e-13,4.955459527e-14,1.278100564e-13,1.480028621e-13
110.0703125,5.93517716e-13,5.711470419e-13,4.515859134e-13,1.11701201e-13,1.545199163e-13,3.338069135e-13,1.104002529e-13,9.74533371e-14,3.934395486e-14,3.245301692e-13,1.573993343e-13,1.204915835e-13,1.50215482e-13,2.912089943e-13,4.884898598e-13,6.007984238e-13,3.330780169e-13,3.073474674e-13,1.883586272e-13,2.083876223e-13,1.572858393e-13,4.24637262e-14,5.816428823e-14,6.560992532e-14,6.589445908e-14,1.142332342e-13,2.695085872e-13,3.456194368e-13,4.065532603e-13,4.977121412e-14,1.264486054e-13,1.488804288e-13
110.078125,5.912894406e-13,5.668112721e-13,4.44900424e-13,1.100192508e-13,1.556584562e-13,3.326403623e-13,1.09638641e-13,9.791162498e-14,3.937916354e-14,3.257677273e-13,1.560377494e-13,1.204293022e-13,1.504768839e-13,2.927412737e-13,4.876731435e-13,5.987670936e-13,3.325917269e-13,3.063288492e-13,1.884464156e-13,2.09818434e-13,1.56859858e-13,4.262986215e-14,5.786330245e-14,6.483217438e-14,6.526032278e-14,1.146950024e-13,2.715177299e-13,3.447996234e-13,4.033155146e-13,5.005770566e-14,1.252724086e-13,1.497733458e-13
110.0859375,5.889643352e-13,5.62532153e-13,4.382350875e-13,1.084997289e-13,1.568728635e-13,3.312238237e-13,1.088718668e-13,9.833321581e-14,3.945432325e-14,3.268801932e-13,1.546522215e-13,1.204838657e-13,1.507763464e-13,2.944842448e-13,4.867504421e-13,5.965882911e-13,3.320917382e-13,3.05235973e-13,1.886015316e-13,2.111063746e-13,1.564247526e-13,4.282194287e-14,5.754655562e-14,6.39886032e-14,6.461663306e-14,1.151774665e-13,2.736441e-13,3.440447502e-13,4.001432805e-13,5.043089867e-14,1.242179044e-13,1.506645126e-13
110.09375,5.869719514e-13,5.586560422e-13,4.313655738e-13,1.070021536e-13,1.581281158e-13,3.296300842e-13,1.080273181e-13,9.87372605e-14,3.954648465e-14,3.277819298e-13,1.532424903e-13,1.205805739e-13,1.511303699e-13,2.964231988e-13,4.858530988e-13,5.945586067e-13,3.31760713e-13,3.041966002e-13,1.888131494e-13,2.123907794e-13,1.55937246e-13,4.303449513e-14,5.719775119e-14,6.318883691e-14,6.394879159e-14,1.156231209e-13,2.76000048e-13,3.433613553e-13,3.96941446e-13,5.087267745e-14,1.233022868e-13,1.515075315e-13
110.1015625,5.853048193e-13,5.548164949e-13,4.243807506e-13,1.055129213e-13,1.593046065e-13,3.279286776e-13,1.071256513e-13,9.911864568e-14,3.962540226e-14,3.284181159e-13,1.518558132e-13,1.206532769e-13,1.51444114e-13,2.984061972e-13,4.848739953e-13,5.924999243e-13,3.315367349e-13,3.030872867e-13,1.890138321e-13,2.135995484e-13,1.554120663e-13,4.324714883e-14,5.683180584e-14,6.244636827e-14,6.325805122e-14,1.160775946e-13,2.782839155e-13,3.426597674e-13,3.936531955e-13,5.135559227e-14,1.225059664e-13,1.523128674e-13
110.109375,5.836009579e-13,5.50711302e-13,4.175821586e-13,1.04127874e-13,1.605312506e-13,3.261207895e-13,1.062332242e-13,9.944684414e-14,3.970083025e-14,3.28941382e-13,1.505188811e-13,1.20751881e-13,1.517028193e-13,3.004228229e-13,4.836397022e-13,5.899762993e-13,3.311968674e-13,3.018563396e-13,1.891773611e-13,2.145404858e-13,1.549562803e-13,4.346167292e-14,5.648418234e-14,6.167410201e-14,6.255957827e-14,1.165657981e-13,2.804835166e-13,3.419594689e-13,3.902490344e-13,5.188432294e-14,1.218016339e-13,1.531213516e-13
110.1171875,5.819111208e-13,5.467848659e-13,4.11165092e-13,1.027219082e-13,1.620150653e-13,3.242202684e-13,1.053812741e-13,9.973929381e-14,3.980357663e-14,3.294931869e-13,1.491861218e-13,1.209788689e-13,1.519931769e-13,3.027746512e-13,4.82310492e-13,5.871070299e-13,3.308979112e-13,3.006805807e-13,1.893873458e-13,2.153509881e-13,1.545605864e-13,4.370287997e-14,5.615641438e-14,6.085744109e-14,6.189966136e-14,1.170304551e-13,2.828477957e-13,3.413895436e-13,3.868913004e-13,5.247320858e-14,1.213393271e-13,1.539337095e-13
110.125,5.80510841e-13,5.432213299e-13,4.050717683e-13,1.012226446e-13,1.636910429e-13,3.22303112e-13,1.045611825e-13,1.000411784e-13,3.994741745e-14,3.29987391e-13,1.477769144e-13,1.213713804e-13,1.523630052e-13,3.056344029e-13,4.811768146e-13,5.843479209e-13,3.309196686e-13,2.995869522e-13,1.897455895e-13,2.163154496e-13,1.541022133e-13,4.398883829e-14,5.581307344e-14,6.004272622e-14,6.127012812e-14,1.174779391e-13,2.853308995e-13,3.409527665e-13,3.836734992e-13,5.3134217e-14,1.212084475e-13,1.54763499e-13
110.1328125,5.793810872e-13,5.395244307e-13,3.991753824e-13,9.990847947e-14,1.654548283e-13,3.205334527e-13,1.037775559e-13,1.00355547e-13,4.009947134e-14,3.302309366e-13,1.463426127e-13,1.218641471e-13,1.528442985e-13,3.088472392e-13,4.804583031e-13,5.820369465e-13,3.314025503e-13,2.98618839e-13,1.90229409e-13,2.174683883e-13,1.53582485e-13,4.431015698e-14,5.545555105e-14,5.924062324e-14,6.065512685e-14,1.179865919e-13,2.87844982e-13,3.405464079e-13,3.805025029e-13,5.386385104e-14,1.212922306e-13,1.556251355e-13
110.140625,5.781738546e-13,5.35554865e-13,3.935390669e-13,9.884533923e-14,1.672848293e-13,3.188626482e-13,1.030414592e-13,1.006312613e-13,4.021206663e-14,3.301996485e-13,1.44996953e-13,1.223983596e-13,1.534417372e-13,3.122830921e-13,4.8005892e-13,5.800336972e-13,3.322065109e-13,2.978421706e-13,1.907133385e-13,2.185790845e-13,1.530825023e-13,4.462905384e-14,5.511224327e-14,5.842018537e-14,6.009748441e-14,1.185771366e-13,2.904058047e-13,3.400799121e-13,3.774982149e-13,5.463986156e-14,1.215345682e-13,1.564647353e-13
110.1484375,5.766584992e-13,5.31526257e-13,3.881042872e-13,9.769865051e-14,1.690799329e-13,3.169334115e-13,1.023239862e-13,1.008610857e-13,4.030827523e-14,3.30040594e-13,1.436499424e-13,1.230030465e-13,1.540824609e-13,3.159026694e-13,4.794415639e-13,5.777506585e-13,3.32876624e-13,2.969718508e-13,1.911235971e-13,2.194104935e-13,1.525742684e-13,4.492056188e-14,5.477452843e-14,5.756755601e-14,5.95757793e-14,1.191938445e-13,2.929203251e-13,3.394726404e-13,3.746710541e-13,5.546737349e-14,1.219318118e-13,1.572517213e-13
110.15625,5.751701039e-13,5.273918115e-13,3.826023034e-13,9.642346708e-14,1.708790154e-13,3.147219825e-13,1.016034202e-13,1.011054739e-13,4.045233473e-14,3.298048674e-13,1.4216587e-13,1.237045876e-13,1.547386774e-13,3.197027859e-13,4.784404142e-13,5.751342558e-13,3.33374669e-13,2.958601593e-13,1.914936265e-13,2.199850085e-13,1.520246832e-13,4.521461483e-14,5.442351464e-14,5.671749608e-14,5.902948664e-14,1.197859774e-13,2.954054238e-13,3.387452355e-13,3.716371271e-13,5.636100699e-14,1.224251348e-13,1.58019217e-13
110.1640625,5.741068935e-13,5.23260529e-13,3.771980891e-13,9.528334832e-14,1.728287392e-13,3.12659817e-13,1.008976281e-13,1.013561688e-13,4.063879729e-14,3.29429408e-13,1.406395114e-13,1.244843488e-13,1.554456525e-13,3.238005207e-13,4.776104509e-13,5.727519003e-13,3.341260262e-13,2.947728189e-13,1.9189359e-13,2.204631466e-13,1.515159836e-13,4.555331629e-14,5.406289373e-14,5.589477494e-14,5.848363216e-14,1.203869416e-13,2.979723968e-13,3.380414996e-13,3.684175631e-13,5.730113157e-14,1.230746896e-13,1.587704774e-13
110.171875,5.732840877e-13,5.193500469e-13,3.723166086e-13,9.425005588e-14,1.748241723e-13,3.108395752e-13,1.001986547e-13,1.015605785e-13,4.082012204e-14,3.289015845e-13,1.391882714e-13,1.253436775e-13,1.561736804e-13,3.281983828e-13,4.772090872e-13,5.706943671e-13,3.35118888e-13,2.937657506e-13,1.923713685e-13,2.209424852e-13,1.51081101e-13,4.592873674e-14,5.369964604e-14,5.508504379e-14,5.795459166e-14,1.210584802e-13,3.005333322e-13,3.374365301e-13,3.654449738e-13,5.828343506e-14,1.239892217e-13,1.595166415e-13
110.1796875,5.724674272e-13,5.154794625e-13,3.67905589e-13,9.317206967e-14,1.768199414e-13,3.090042439e-13,9.950526278e-14,1.017394144e-13,4.098313776e-14,3.282067794e-13,1.377434292e-13,1.262959817e-13,1.569299614e-13,3.327809945e-13,4.769779124e-13,5.687718481e-13,3.362659182e-13,2.928224896e-13,1.929336585e-13,2.215610228e-13,1.50632696e-13,4.630607607e-14,5.334496153e-14,5.429151265e-14,5.743073234e-14,1.217671597e-13,3.030643285e-13,3.369103203e-13,3.627224884e-13,5.93246317e-14,1.251225423e-13,1.602820723e-13
110.1875,5.71755708e-13,5.116277203e-13,3.637595897e-13,9.216374972e-14,1.79000211e-13,3.071638682e-13,9.887035345e-14,1.018663227e-13,4.112861475e-14,3.273368775e-13,1.362142092e-13,1.273645898e-13,1.578361939e-13,3.377100842e-13,4.769150076e-13,5.671557962e-13,3.379098717e-13,2.921587577e-13,1.935573635e-13,2.223394112e-13,1.501521243e-13,4.667434048e-14,5.300666517e-14,5.35164009e-14,5.696264738e-14,1.224854276e-13,3.057481057e-13,3.364935497e-13,3.60122181e-13,6.042768776e-14,1.264312468e-13,1.609897866e-13
110.1953125,5.711189321e-13,5.080648803e-13,3.598873182e-13,9.133193587e-14,1.813084191e-13,3.053819559e-13,9.828750874e-14,1.01863493e-13,4.127979186e-14,3.2641299e-13,1.346469447e-13,1.285773614e-13,1.588795866e-13,3.431407294e-13,4.770719655e-13,5.657608686e-13,3.399544887e-13,2.916714072e-13,1.941992688e-13,2.230695233e-13,1.496984127e-13,4.705466865e-14,5.267354022e-14,5.272234604e-14,5.655048903e-14,1.232825073e-13,3.085973722e-13,3.362058366e-13,3.577312985e-13,6.161793721e-14,1.279639815e-13,1.615908737e-13
110.203125,5.705320539e-13,5.045972706e-13,3.561511452e-13,9.05585512e-14,1.836120176e-13,3.035362435e-13,9.769066182e-14,1.018254518e-13,4.148944699e-14,3.255091674e-13,1.331528045e-13,1.298563447e-13,1.598737073e-13,3.487850362e-13,4.771764753e-13,5.642092802e-13,3.419320499e-13,2.91056506e-13,1.947982714e-13,2.237823886e-13,1.492262551e-13,4.747020173e-14,5.234044438e-14,5.192939434e-14,5.611441817e-14,1.24122948e-13,3.114452691e-13,3.359484277e-13,3.553223806e-13,6.289568429e-14,1.296904482e-13,1.622030254e-13
110.2109375,5.702479884e-13,5.009179619e-13,3.524094007e-13,8.971976287e-14,1.860182847e-13,3.016500956e-13,9.708665193e-14,1.018807255e-13,4.174900584e-14,3.245000044e-13,1.317057448e-13,1.310941084e-13,1.607932621e-13,3.544170705e-13,4.771497937e-13,5.625757847e-13,3.439360456e-13,2.903686129e-13,1.953732599e-13,2.246540562e-13,1.486736138e-13,4.790916323e-14,5.200764256e-14,5.121547527e-14,5.565568392e-14,1.248807518e-13,3.142295188e-13,3.356522144e-13,3.526416671e-13,6.419492141e-14,1.315375506e-13,1.628778559e-13
110.21875,5.702277557e-13,4.971439492e-13,3.488094809e-13,8.883023549e-14,1.885054085e-13,2.997640575e-13,9.64966583e-14,1.019404839e-13,4.199365123e-14,3.233206203e-13,1.301535857e-13,1.323453009e-13,1.617813921e-13,3.602167545e-13,4.771755365e-13,5.610561684e-13,3.461764068e-13,2.896984244e-13,1.960291693e-13,2.254538028e-13,1.481214074e-13,4.834460154e-14,5.166252587e-14,5.054264342e-14,5.521927441e-14,1.255974396e-13,3.169723401e-13,3.353500321e-13,3.499511744e-13,6.552153954e-14,1.335103927e-13,1.634996708e-13
110.2265625,5.701055517e-13,4.933026206e-13,3.454443849e-13,8.799758445e-14,1.909863757e-13,2.977807941e-13,9.589315166e-14,1.019250709e-13,4.221379341e-14,3.221130068e-13,1.285060746e-13,1.336798131e-13,1.628488337e-13,3.662807139e-13,4.772713409e-13,5.595863654e-13,3.485569501e-13,2.890512816e-13,1.967393458e-13,2.259865399e-13,1.476192051e-13,4.877958707e-14,5.131501183e-14,4.98221203e-14,5.47969646e-14,1.2635274e-13,3.196862999e-13,3.350347883e-13,3.474215918e-13,6.693593386e-14,1.35599174e-13,1.640224784e-13
110.234375,5.699896086e-13,4.893600146e-13,3.422670015e-13,8.729650909e-14,1.936012191e-13,2.958317223e-13,9.529692713e-14,1.01917521e-13,4.244455198e-14,3.209408515e-13,1.269024622e-13,1.350481799e-13,1.639470277e-13,3.725264203e-13,4.774575058e-13,5.582922837e-13,3.512006431e-13,2.886323765e-13,1.974056821e-13,2.265064716e-13,1.470838796e-13,4.923324789e-14,5.099230619e-14,4.91195931e-14,5.439536709e-14,1.270827753e-13,3.223987907e-13,3.347317936e-13,3.448889354e-13,6.839350505e-14,1.377820514e-13,1.644954388e-13
110.2421875,5.703864246e-13,4.856097349e-13,3.393187655e-13,8.664119331e-14,1.963943439e-13,2.940880431e-13,9.474594937e-14,1.019118571e-13,4.270370349e-14,3.196357656e-13,1.25307088e-13,1.364667454e-13,1.651327773e-13,3.790535091e-13,4.778483435e-13,5.573188107e-13,3.542260544e-13,2.885150489e-13,1.981296846e-13,2.271034995e-13,1.465031305e-13,4.972059887e-14,5.068063062e-14,4.850349089e-14,5.403014226e-14,1.27767029e-13,3.251349783e-13,3.3458072e-13,3.423833316e-13,6.985639672e-14,1.401465373e-13,1.649155045e-13
110.25,5.713283564e-13,4.821803802e-13,3.366361381e-13,8.590665552e-14,1.992937997e-13,2.923605601e-13,9.4218025e-14,1.018111798e-13,4.299150309e-14,3.180842853e-13,1.236389166e-13,1.379913651e-13,1.663792064e-13,3.859573898e-13,4.783720599e-13,5.56453266e-13,3.573898244e-13,2.885437368e-13,1.989938957e-13,2.275764723e-13,1.459429561e-13,5.024829905e-14,5.03654846e-14,4.78870097e-14,5.368306694e-14,1.284457226e-13,3.278901773e-13,3.345440919e-13,3.399894798e-13,7.137928437e-14,1.427549419e-13,1.652762782e-13
110.2578125,5.723778565e-13,4.788248785e-13,3.342412138e-13,8.515779501e-14,2.023439775e-13,2.905449813e-13,9.370669411e-14,1.01652774e-13,4.32809304e-14,3.164086242e-13,1.219869251e-13,1.395544833e-13,1.675969357e-13,3.930644508e-13,4.790050936e-13,5.556875553e-13,3.60645397e-13,2.887740889e-13,1.998492811e-13,2.279408869e-13,1.453923809e-13,5.079122385e-14,5.008796039e-14,4.724998788e-14,5.33677551e-14,1.290957076e-13,3.306709692e-13,3.344224624e-13,3.376430183e-13,7.294587037e-14,1.455165791e-13,1.656169338e-13
110.265625,5.734282042e-13,4.753843844e-13,3.322131349e-13,8.454479008e-14,2.055105897e-13,2.88878583e-13,9.322729864e-14,1.015160523e-13,4.354934944e-14,3.147301178e-13,1.20399172e-13,1.41118029e-13,1.688819618e-13,4.002540018e-13,4.799469064e-13,5.553395302e-13,3.642091166e-13,2.893133526e-13,2.006712453e-13,2.28335472e-13,1.448415875e-13,5.132806991e-14,4.986331604e-14,4.668529705e-14,5.310924502e-14,1.297454708e-13,3.334893189e-13,3.342706408e-13,3.354237009e-13,7.450622372e-14,1.483748042e-13,1.659601934e-13
110.2734375,5.747071969e-13,4.718377555e-13,3.304932967e-13,8.403104728e-14,2.087370852e-13,2.874369975e-13,9.275598785e-14,1.013725161e-13,4.38271258e-14,3.130248949e-13,1.18805822e-13,1.427414148e-13,1.703149129e-13,4.076132021e-13,4.811525873e-13,5.553001536e-13,3.680096941e-13,2.899970261e-13,2.015949341e-13,2.287674876e-13,1.443299904e-13,5.188005e-14,4.963781085e-14,4.618377308e-14,5.287578605e-14,1.304290986e-13,3.362839479e-13,3.342210364e-13,3.333521008e-13,7.60997469e-14,1.513563288e-13,1.663030902e-13
110.28125,5.761580276e-13,4.682086645e-13,3.289412932e-13,8.346520616e-14,2.121027511e-13,2.860339368e-13,9.228109564e-14,1.011914724e-13,4.413162389e-14,3.112458443e-13,1.171999983e-13,1.444295239e-13,1.717735181e-13,4.151769016e-13,4.823680293e-13,5.551865909e-13,3.718379152e-13,2.906639442e-13,2.025605852e-13,2.29228049e-13,1.438293502e-13,5.244841472e-14,4.939086843e-14,4.569532081e-14,5.264313547e-14,1.310687834e-13,3.390000005e-13,3.341684591e-13,3.312080805e-13,7.774185108e-14,1.544332529e-13,1.666218886e-13
110.2890625,5.77655189e-13,4.64621009e-13,3.275630366e-13,8.286257536e-14,2.155979398e-13,2.846019614e-13,9.182558713e-14,1.010058323e-13,4.443024479e-14,3.093568806e-13,1.155778289e-13,1.461587182e-13,1.732142007e-13,4.229280982e-13,4.836311443e-13,5.550764552e-13,3.75766259e-13,2.913446022e-13,2.034820379e-13,2.297133979e-13,1.432767102e-13,5.301196107e-14,4.915633631e-14,4.523730781e-14,5.242776005e-14,1.316884139e-13,3.417447809e-13,3.34119462e-13,3.289713544e-13,7.941180824e-14,1.576117387e-13,1.66899022e-13
110.296875,5.793596746e-13,4.611367377e-13,3.263418277e-13,8.235771304e-14,2.191820285e-13,2.832405749e-13,9.140744678e-14,1.008287341e-13,4.471598028e-14,3.073459363e-13,1.138805232e-13,1.479203836e-13,1.747167937e-13,4.308826018e-13,4.850745981e-13,5.552289345e-13,3.799787222e-13,2.921313256e-13,2.044526401e-13,2.301746413e-13,1.42654899e-13,5.359014231e-14,4.893043181e-14,4.480060151e-14,5.223252778e-14,1.323874179e-13,3.446500434e-13,3.342037294e-13,3.267916023e-13,8.11307767e-14,1.609558707e-13,1.671589313e-13
110.3046875,5.81260769e-13,4.576944291e-13,3.252201917e-13,8.194959409e-14,2.228915603e-13,2.820544496e-13,9.104758431e-14,1.006313972e-13,4.500423944e-14,3.052778287e-13,1.121465386e-13,1.497003952e-13,1.762862607e-13,4.39016708e-13,4.866682052e-13,5.556570907e-13,3.844977583e-13,2.931527029e-13,2.054917955e-13,2.305722603e-13,1.419842421e-13,5.419020212e-14,4.868511105e-14,4.437657394e-14,5.206157381e-14,1.330633369e-13,3.476619682e-13,3.342736418e-13,3.246695982e-13,8.286741041e-14,1.644163563e-13,1.673739196e-13
110.3125,5.831742958e-13,4.542724332e-13,3.243277108e-13,8.154324263e-14,2.266009858e-13,2.810608317e-13,9.074297129e-14,1.004010087e-13,4.528021666e-14,3.032086694e-13,1.104445998e-13,1.51533652e-13,1.779105174e-13,4.4730636e-13,4.884454564e-13,5.563816335e-13,3.892229897e-13,2.944403189e-13,2.06523562e-13,2.309291361e-13,1.413576866e-13,5.47754187e-14,4.844219475e-14,4.400614427e-14,5.192374114e-14,1.336148787e-13,3.506246165e-13,3.34234831e-13,3.226526257e-13,8.45702928e-14,1.678871802e-13,1.674632414e-13
110.3203125,5.852026719e-13,4.509491472e-13,3.236862621e-13,8.111441524e-14,2.301942197e-13,2.801258358e-13,9.044704667e-14,1.001491146e-13,4.553296335e-14,3.011498174e-13,1.08722921e-13,1.533904788e-13,1.795531152e-13,4.556421228e-13,4.903417013e-13,5.573385066e-13,3.939944367e-13,2.957686832e-13,2.075233821e-13,2.3130781e-13,1.408488777e-13,5.534129717e-14,4.824186445e-14,4.370042745e-14,5.178608649e-14,1.341346344e-13,3.534362257e-13,3.342867942e-13,3.20783943e-13,8.628777944e-14,1.713255057e-13,1.674701573e-13
110.328125,5.874216637e-13,4.477237774e-13,3.230693212e-13,8.06690715e-14,2.338531084e-13,2.791377428e-13,9.014439114e-14,9.985855934e-14,4.577342467e-14,2.990774363e-13,1.069658128e-13,1.551260416e-13,1.811274825e-13,4.63852904e-13,4.920932412e-13,5.581967828e-13,3.986673017e-13,2.970010704e-13,2.084421788e-13,2.316339254e-13,1.403600811e-13,5.591239437e-14,4.808623253e-14,4.344237224e-14,5.163301859e-14,1.346382065e-13,3.561302079e-13,3.343811944e-13,3.188910593e-13,8.804593865e-14,1.747535353e-13,1.674910543e-13
110.3359375,5.896952352e-13,4.443323716e-13,3.225401365e-13,8.023447513e-14,2.377257615e-13,2.78213898e-13,8.98507362e-14,9.94888518e-14,4.600067431e-14,2.968627272e-13,1.052826169e-13,1.567520093e-13,1.826760389e-13,4.720660704e-13,4.937684409e-13,5.589072572e-13,4.03310516e-13,2.983527769e-13,2.0926826e-13,2.317569824e-13,1.397949448e-13,5.649532438e-14,4.79535852e-14,4.319954249e-14,5.15088186e-14,1.350776575e-13,3.588737375e-13,3.342532186e-13,3.16953667e-13,8.979798392e-14,1.782728418e-13,1.674963541e-13
110.34375,5.919830732e-13,4.406796322e-13,3.223343404e-13,7.985971719e-14,2.416286187e-13,2.774162165e-13,8.954257481e-14,9.904600032e-14,4.620981708e-14,2.944528541e-13,1.037246761e-13,1.583888533e-13,1.842475995e-13,4.803798861e-13,4.956782416e-13,5.598349198e-13,4.080818553e-13,2.999059482e-13,2.100762526e-13,2.318431568e-13,1.392260256e-13,5.708173756e-14,4.782298872e-14,4.294042735e-14,5.140882703e-14,1.355373704e-13,3.617595287e-13,3.339584442e-13,3.151555217e-13,9.155307572e-14,1.818840353e-13,1.674568506e-13
110.3515625,5.941722321e-13,4.371859609e-13,3.223137749e-13,7.947957923e-14,2.453114302e-13,2.765642707e-13,8.920674e-14,9.857696634e-14,4.640681085e-14,2.920242387e-13,1.022519519e-13,1.599864952e-13,1.857301687e-13,4.884929114e-13,4.978163169e-13,5.61129752e-13,4.12913376e-13,3.014353396e-13,2.108554132e-13,2.321907534e-13,1.387116847e-13,5.76440888e-14,4.768548038e-14,4.271038137e-14,5.128175982e-14,1.360304397e-13,3.646901744e-13,3.336848286e-13,3.134446458e-13,9.333887794e-14,1.854335183e-13,1.674001862e-13
110.359375,5.96181153e-13,4.339825836e-13,3.22385647e-13,7.900629819e-14,2.488417355e-13,2.756953372e-13,8.889312206e-14,9.810799032e-14,4.658311079e-14,2.896765975e-13,1.00813961e-13,1.615065325e-13,1.871441844e-13,4.965060574e-13,5.001246937e-13,5.626766419e-13,4.177828214e-13,3.029987143e-13,2.11587824e-13,2.326602343e-13,1.382128785e-13,5.81709136e-14,4.756043473e-14,4.253660153e-14,5.116935241e-14,1.364714313e-13,3.675685291e-13,3.334499609e-13,3.117062787e-13,9.514488962e-14,1.889571132e-13,1.672742077e-13
110.3671875,5.983649781e-13,4.306774205e-13,3.227564474e-13,7.854354939e-14,2.524945733e-13,2.751211647e-13,8.86346252e-14,9.763563308e-14,4.671660226e-14,2.873433225e-13,9.930810805e-14,1.63044105e-13,1.886703195e-13,5.048723711e-13,5.027240043e-13,5.644966923e-13,4.229517244e-13,3.049047536e-13,2.123655083e-13,2.329789516e-13,1.377049169e-13,5.869811702e-14,4.748068865e-14,4.238072949e-14,5.114547001e-14,1.369215709e-13,3.70392501e-13,3.332849519e-13,3.100432255e-13,9.698209413e-14,1.925977104e-13,1.670589394e-13
110.375,6.010067384e-13,4.273529173e-13,3.233268875e-13,7.820395186e-14,2.563027021e-13,2.748469748e-13,8.841183563e-14,9.714160221e-14,4.681814854e-14,2.850248249e-13,9.766859005e-14,1.645802731e-13,1.903128206e-13,5.133055178e-13,5.055293731e-13,5.666591953e-13,4.284628779e-13,3.071368391e-13,2.132070407e-13,2.332922972e-13,1.371618861e-13,5.924227193e-14,4.744383804e-14,4.229769932e-14,5.117340298e-14,1.374186063e-13,3.731771278e-13,3.33223357e-13,3.084619364e-13,9.883580013e-14,1.962496113e-13,1.668460504e-13
110.3828125,6.039565408e-13,4.243057104e-13,3.238061681e-13,7.789667419e-14,2.601382361e-13,2.746367724e-13,8.821262602e-14,9.662097991e-14,4.692450106e-14,2.827053264e-13,9.599276677e-14,1.660410289e-13,1.919630127e-13,5.21424589e-13,5.083431892e-13,5.690354869e-13,4.340407695e-13,3.095181231e-13,2.140554085e-13,2.337511617e-13,1.365632716e-13,5.978451065e-14,4.741034015e-14,4.233390476e-14,5.118761706e-14,1.378291389e-13,3.759455249e-13,3.331558829e-13,3.068266895e-13,1.006364154e-13,1.998022547e-13,1.666369248e-13
110.390625,6.070483846e-13,4.212165547e-13,3.242345811e-13,7.752199794e-14,2.640451194e-13,2.744507253e-13,8.802984236e-14,9.609745981e-14,4.702939159e-14,2.803492898e-13,9.437163726e-14,1.674611208e-13,1.935832413e-13,5.295610095e-13,5.111519025e-13,5.71411697e-13,4.395783114e-13,3.120302821e-13,2.148978144e-13,2.341461515e-13,1.359603189e-13,6.032170189e-14,4.737000825e-14,4.238777757e-14,5.119332678e-14,1.3815275e-13,3.787272791e-13,3.329873879e-13,3.051779603e-13,1.023657535e-13,2.033250574e-13,1.663811175e-13
110.3984375,6.100051141e-13,4.178929093e-13,3.247468727e-13,7.713394389e-14,2.679920876e-13,2.742911979e-13,8.784000409e-14,9.555951778e-14,4.709356854e-14,2.780500378e-13,9.279732329e-14,1.688291799e-13,1.951533808e-13,5.377037128e-13,5.139463169e-13,5.737529268e-13,4.450202888e-13,3.146012269e-13,2.156493315e-13,2.343966041e-13,1.353999068e-13,6.084218054e-14,4.736174743e-14,4.241603862e-14,5.120929256e-14,1.385276071e-13,3.815365807e-13,3.327174851e-13,3.036346503e-13,1.040659378e-13,2.068148486e-13,1.661284868e-13
110.40625,6.125002276e-13,4.14593664e-13,3.254148076e-13,7.681000771e-14,2.717819411e-13,2.74134682e-13,8.765032304e-14,9.495880143e-14,4.711413775e-14,2.757699663e-13,9.130495311e-14,1.700846587e-13,1.966897269e-13,5.454381681e-13,5.167120506e-13,5.761997911e-13,4.502575218e-13,3.171239384e-13,2.162068515e-13,2.347169069e-13,1.348828277e-13,6.131634346e-14,4.740101033e-14,4.246764603e-14,5.124213618e-14,1.389244448e-13,3.84313585e-13,3.323105892e-13,3.021792669e-13,1.057582568e-13,2.102104662e-13,1.658611225e-13
110.4140625,6.149184853e-13,4.113298175e-13,3.263257721e-13,7.653223556e-14,2.754574082e-13,2.741358415e-13,8.749647895e-14,9.430613547e-14,4.711522491e-14,2.73343233e-13,8.989756727e-14,1.712855532e-13,1.982632633e-13,5.530223254e-13,5.195670393e-13,5.788229366e-13,4.555435765e-13,3.197056394e-13,2.166704646e-13,2.351501419e-13,1.344042525e-13,6.175039299e-14,4.745351114e-14,4.254162817e-14,5.130792434e-14,1.392505556e-13,3.868745679e-13,3.317749505e-13,3.007816048e-13,1.074243951e-13,2.13519419e-13,1.654815764e-13
110.421875,6.179467647e-13,4.081620224e-13,3.27405239e-13,7.623808022e-14,2.792757517e-13,2.743946268e-13,8.738225848e-14,9.364983421e-14,4.711943051e-14,2.709082441e-13,8.845633046e-14,1.725383436e-13,1.999399552e-13,5.608576683e-13,5.226024637e-13,5.81633539e-13,4.611880725e-13,3.225710531e-13,2.172178473e-13,2.355680848e-13,1.339201752e-13,6.218271165e-14,4.750077261e-14,4.264922088e-14,5.14112573e-14,1.395610378e-13,3.891762262e-13,3.313056961e-13,2.99465805e-13,1.090419584e-13,2.168275759e-13,1.650539437e-13
110.4296875,6.213137935e-13,4.052839538e-13,3.285828095e-13,7.593765672e-14,2.83327422e-13,2.747639464e-13,8.728461056e-14,9.299989386e-14,4.714107582e-14,2.686854984e-13,8.694985238e-14,1.73849239e-13,2.017445877e-13,5.687277879e-13,5.258020162e-13,5.847072506e-13,4.669723759e-13,3.257830349e-13,2.178441745e-13,2.36013576e-13,1.334004249e-13,6.263102373e-14,4.755987745e-14,4.27789733e-14,5.154198975e-14,1.399236682e-13,3.915311243e-13,3.309923057e-13,2.982017799e-13,1.106361274e-13,2.202893594e-13,1.646886748e-13
110.4375,6.241679415e-13,4.023854158e-13,3.299349608e-13,7.571338699e-14,2.873793951e-13,2.751131838e-13,8.718536371e-14,9.23434187e-14,4.715204764e-14,2.665745278e-13,8.546494244e-14,1.751268919e-13,2.035865128e-13,5.76327085e-13,5.291071802e-13,5.880204636e-13,4.726043655e-13,3.291264646e-13,2.184081372e-13,2.365607883e-13,1.329175271e-13,6.306993559e-14,4.764137311e-14,4.286548828e-14,5.168517247e-14,1.403123929e-13,3.941942989e-13,3.305878041e-13,2.969739672e-13,1.122367214e-13,2.238486639e-13,1.643124276e-13
110.4453125,6.265360129e-13,3.993038427e-13,3.313613308e-13,7.55849696e-14,2.911053209e-13,2.754837669e-13,8.708007041e-14,9.164215429e-14,4.711789677e-14,2.644500739e-13,8.401415907e-14,1.763079217e-13,2.053475407e-13,5.836666665e-13,5.324662316e-13,5.914588633e-13,4.781794783e-13,3.324148081e-13,2.188636087e-13,2.37092234e-13,1.325217246e-13,6.347690666e-14,4.77501173e-14,4.296334523e-14,5.18264083e-14,1.406812855e-13,3.970163873e-13,3.299887949e-13,2.958625344e-13,1.137895676e-13,2.272288557e-13,1.638184175e-13
110.453125,6.291695672e-13,3.964543675e-13,3.327359925e-13,7.546696885e-14,2.945845273e-13,2.759678434e-13,8.698456451e-14,9.086932672e-14,4.706318184e-14,2.623366247e-13,8.258416258e-14,1.774124117e-13,2.070324047e-13,5.909049787e-13,5.358611187e-13,5.94983675e-13,4.837646097e-13,3.357666771e-13,2.192909852e-13,2.375034994e-13,1.321489647e-13,6.387890388e-14,4.789694775e-14,4.315812896e-14,5.197140156e-14,1.40993764e-13,3.997293654e-13,3.294456498e-13,2.948398857e-13,1.152451917e-13,2.303964293e-13,1.632403772e-13
110.4609375,6.321639999e-13,3.937962995e-13,3.341546181e-13,7.527901005e-14,2.981645659e-13,2.765354695e-13,8.689328932e-14,9.008707699e-14,4.700710914e-14,2.602026811e-13,8.122049608e-14,1.784119288e-13,2.086423031e-13,5.980117945e-13,5.391497038e-13,5.984382889e-13,4.891363e-13,3.392192988e-13,2.196917607e-13,2.378698321e-13,1.317411904e-13,6.428964257e-14,4.807182497e-14,4.339493589e-14,5.212075907e-14,1.412348913e-13,4.021955275e-13,3.289613095e-13,2.937368267e-13,1.166428665e-13,2.334684209e-13,1.626610796e-13
110.46875,6.350548458e-13,3.90980282e-13,3.356075995e-13,7.504057442e-14,3.018579951e-13,2.770907422e-13,8.676732581e-14,8.933614868e-14,4.693069334e-14,2.580369443e-13,7.992515109e-14,1.792615866e-13,2.101834257e-13,6.047771508e-13,5.421735238e-13,6.016305239e-13,4.941524871e-13,3.425937373e-13,2.200071884e-13,2.383057175e-13,1.31314721e-13,6.467764865e-14,4.825725168e-14,4.362397846e-14,5.225748228e-14,1.414200559e-13,4.044475763e-13,3.283255197e-13,2.925682454e-13,1.179901826e-13,2.364318739e-13,1.620796582e-13
110.4765625,6.37842248e-13,3.882229851e-13,3.37034717e-13,7.485282948e-14,3.055427602e-13,2.777185583e-13,8.662626119e-14,8.854886916e-14,4.684727654e-14,2.559152535e-13,7.864799033e-14,1.800643751e-13,2.117813719e-13,6.113474763e-13,5.451422517e-13,6.047415454e-13,4.990335268e-13,3.459501036e-13,2.203130884e-13,2.388132557e-13,1.309129436e-13,6.504785505e-14,4.846795099e-14,4.386088486e-14,5.239719014e-14,1.415429532e-13,4.067022943e-13,3.276979308e-13,2.914957266e-13,1.192421572e-13,2.393753103e-13,1.614130971e-13
110.484375,6.406457463e-13,3.856798851e-13,3.385471408e-13,7.476854428e-14,3.09232076e-13,2.785216852e-13,8.652630357e-14,8.769175937e-14,4.677326496e-14,2.538442085e-13,7.736816733e-14,1.80882524e-13,2.134087795e-13,6.179502009e-13,5.482461181e-13,6.079693912e-13,5.039919399e-13,3.49377729e-13,2.20654916e-13,2.392831994e-13,1.30560546e-13,6.542614346e-14,4.870952038e-14,4.411272732e-14,5.254414462e-14,1.41575909e-13,4.090039988e-13,3.27229267e-13,2.904620361e-13,1.20422665e-13,2.423644511e-13,1.606307742e-13
110.4921875,6.432875476e-13,3.831103664e-13,3.401349991e-13,7.472143429e-14,3.127907572e-13,2.793808608e-13,8.643172474e-14,8.678708722e-14,4.667964013e-14,2.517966481e-13,7.610734704e-14,1.816159746e-13,2.148875597e-13,6.243020015e-13,5.512520852e-13,6.111429029e-13,5.088207926e-13,3.526959687e-13,2.209221002e-13,2.396617174e-13,1.302417017e-13,6.57956708e-14,4.894308662e-14,4.439542083e-14,5.263963096e-14,1.415436771e-13,4.110914933e-13,3.26686793e-13,2.893474941e-13,1.215822713e-13,2.452179026e-13,1.5980716e-13
110.5,6.458658584e-13,3.805911457e-13,3.417256609e-13,7.465013842e-14,3.161452838e-13,2.802565339e-13,8.628803047e-14,8.582902562e-14,4.655059799e-14,2.497949064e-13,7.491630858e-14,1.822685848e-13,2.162803356e-13,6.303037783e-13,5.541844727e-13,6.14267929e-13,5.133271621e-13,3.559622606e-13,2.211300119e-13,2.400592922e-13,1.299285785e-13,6.61481664e-14,4.91584615e-14,4.469411041e-14,5.26861182e-14,1.415312379e-13,4.130106779e-13,3.260267122e-13,2.882990918e-13,1.227141594e-13,2.479180721e-13,1.589815802e-13
110.5078125,6.484500031e-13,3.783003071e-13,3.433846963e-13,7.457921283e-14,3.194154387e-13,2.812352632e-13,8.614388416e-14,8.48518625e-14,4.640231106e-14,2.478390728e-13,7.38034442e-14,1.82895385e-13,2.176688736e-13,6.362107918e-13,5.573539121e-13,6.175729464e-13,5.176713749e-13,3.593554271e-13,2.213677579e-13,2.405325358e-13,1.295908579e-13,6.649566934e-14,4.939588019e-14,4.498053135e-14,5.276543596e-14,1.415797774e-13,4.15088678e-13,3.254167932e-13,2.874327602e-13,1.238071992e-13,2.506267408e-13,1.58126287e-13
110.515625,6.506789207e-13,3.760254782e-13,3.449886499e-13,7.450769524e-14,3.224696677e-13,2.82217533e-13,8.603423632e-14,8.389676644e-14,4.625092812e-14,2.459117874e-13,7.270199454e-14,1.833840962e-13,2.188785225e-13,6.417665474e-13,5.60450918e-13,6.208429919e-13,5.218224259e-13,3.626153083e-13,2.215124132e-13,2.409466473e-13,1.291898587e-13,6.68269477e-14,4.966125808e-14,4.528522974e-14,5.286527282e-14,1.41611474e-13,4.171705031e-13,3.247591146e-13,2.865385485e-13,1.248565412e-13,2.532655358e-13,1.572473795e-13
110.5234375,6.525906807e-13,3.736236916e-13,3.463140051e-13,7.438588986e-14,3.252180375e-13,2.831230881e-13,8.590035904e-14,8.291403845e-14,4.609947192e-14,2.440445429e-13,7.158293617e-14,1.836966558e-13,2.199156313e-13,6.466984493e-13,5.630189942e-13,6.237652087e-13,5.255822379e-13,3.655982342e-13,2.214874487e-13,2.412858067e-13,1.287594064e-13,6.713094765e-14,4.993112153e-14,4.560544182e-14,5.291796118e-14,1.415380941e-13,4.18948194e-13,3.239738212e-13,2.854588173e-13,1.258113194e-13,2.556949411e-13,1.563322843e-13
110.53125,6.545604227e-13,3.712092533e-13,3.474220412e-13,7.423592307e-14,3.27982479e-13,2.840574608e-13,8.571720661e-14,8.188989905e-14,4.592676485e-14,2.422735359e-13,7.047592771e-14,1.8395328e-13,2.210290858e-13,6.513432792e-13,5.65331458e-13,6.265200747e-13,5.291344511e-13,3.686327811e-13,2.21451957e-13,2.417082406e-13,1.283776144e-13,6.740682311e-14,5.021392129e-14,4.591478045e-14,5.295400936e-14,1.41380121e-13,4.206380244e-13,3.231884307e-13,2.843463022e-13,1.266157622e-13,2.579441887e-13,1.553217483e-13
110.5390625,6.56482989e-13,3.687814391e-13,3.484206485e-13,7.411168848e-14,3.308512658e-13,2.850145062e-13,8.552223881e-14,8.087087801e-14,4.572500695e-14,2.405548486e-13,6.93967406e-14,1.84128483e-13,2.221741568e-13,6.558146835e-13,5.676413545e-13,6.292050443e-13,5.325494053e-13,3.717635205e-13,2.214388463e-13,2.421102115e-13,1.280163413e-13,6.766087345e-14,5.051352124e-14,4.624372165e-14,5.300226471e-14,1.411750273e-13,4.223735061e-13,3.223770241e-13,2.832672958e-13,1.272987476e-13,2.600443816e-13,1.542424646e-13
110.546875,6.581477982e-13,3.663031991e-13,3.49334179e-13,7.396749205e-14,3.334843781e-13,2.858908826e-13,8.531540383e-14,7.981919714e-14,4.551230883e-14,2.388067256e-13,6.839948847e-14,1.841093895e-13,2.230729252e-13,6.598761511e-13,5.697255786e-13,6.316149595e-13,5.355129632e-13,3.746994096e-13,2.212886742e-13,2.422352661e-13,1.276376977e-13,6.790910707e-14,5.08184569e-14,4.658312375e-14,5.301472393e-14,1.409294201e-13,4.238686792e-13,3.214192798e-13,2.820732587e-13,1.279607846e-13,2.61995838e-13,1.531798879e-13
110.5546875,6.595624651e-13,3.639148776e-13,3.502883056e-13,7.374866562e-14,3.357529664e-13,2.867073585e-13,8.508195966e-14,7.870848798e-14,4.52675464e-14,2.370462671e-13,6.754105926e-14,1.839332085e-13,2.237196629e-13,6.635711214e-13,5.716302296e-13,6.339084744e-13,5.38151569e-13,3.774804221e-13,2.209725377e-13,2.422116436e-13,1.273262021e-13,6.813112069e-14,5.115318876e-14,4.691711641e-14,5.300476079e-14,1.40708959e-13,4.251433126e-13,3.203193955e-13,2.80843825e-13,1.28629434e-13,2.637818879e-13,1.521402887e-13
110.5625,6.607240894e-13,3.616624704e-13,3.51311433e-13,7.35214127e-14,3.378573345e-13,2.875674728e-13,8.485442396e-14,7.760866637e-14,4.497493785e-14,2.353556388e-13,6.673297738e-14,1.83685622e-13,2.243631783e-13,6.66970885e-13,5.735527026e-13,6.363810863e-13,5.408218762e-13,3.803235199e-13,2.205923213e-13,2.422905436e-13,1.270920662e-13,6.830218394e-14,5.153365683e-14,4.728667491e-14,5.302878832e-14,1.405306517e-13,4.264744445e-13,3.191305626e-13,2.798013469e-13,1.292003059e-13,2.653609819e-13,1.510786528e-13
110.5703125,6.616978191e-13,3.593424927e-13,3.522758274e-13,7.335670169e-14,3.398918993e-13,2.884915512e-13,8.46418046e-14,7.652483851e-14,4.469254236e-14,2.337349159e-13,6.587987405e-14,1.833914646e-13,2.251084086e-13,6.69958475e-13,5.753001387e-13,6.388675592e-13,5.432503605e-13,3.831758685e-13,2.201754724e-13,2.42428618e-13,1.268060525e-13,6.845540589e-14,5.192668071e-14,4.764509781e-14,5.30518713e-14,1.402856533e-13,4.278458637e-13,3.179465894e-13,2.788377012e-13,1.296278689e-13,2.667868963e-13,1.499624801e-13
110.578125,6.623750871e-13,3.569561945e-13,3.531777387e-13,7.3248942e-14,3.416773621e-13,2.8933471e-13,8.439812135e-14,7.541083447e-14,4.444185411e-14,2.321559482e-13,6.506866376e-14,1.830621198e-13,2.258400073e-13,6.725138277e-13,5.767797868e-13,6.411795601e-13,5.451373326e-13,3.858903427e-13,2.196824416e-13,2.426779337e-13,1.264577062e-13,6.860264555e-14,5.231579405e-14,4.791943934e-14,5.303060825e-14,1.399991927e-13,4.291952608e-13,3.168134269e-13,2.777956162e-13,1.300294769e-13,2.68154079e-13,1.487954772e-13
110.5859375,6.626027685e-13,3.548471664e-13,3.540484191e-13,7.320185831e-14,3.431391244e-13,2.900519356e-13,8.412693992e-14,7.430529464e-14,4.416110923e-14,2.306426333e-13,6.437169445e-14,1.826849159e-13,2.2648869e-13,6.747272898e-13,5.782092752e-13,6.433838255e-13,5.467761781e-13,3.884897189e-13,2.191132059e-13,2.431866167e-13,1.261603011e-13,6.871293097e-14,5.271198733e-14,4.816208233e-14,5.300222899e-14,1.398491902e-13,4.305095965e-13,3.156265271e-13,2.767891783e-13,1.304708639e-13,2.694283827e-13,1.476537956e-13
110.59375,6.628027901e-13,3.530048386e-13,3.547794883e-13,7.317303686e-14,3.445289084e-13,2.908239889e-13,8.38755734e-14,7.323855255e-14,4.383443097e-14,2.291910867e-13,6.37070114e-14,1.822153897e-13,2.2707222e-13,6.7668948e-13,5.795407708e-13,6.454041166e-13,5.483620184e-13,3.910679542e-13,2.184883328e-13,2.436742608e-13,1.259204515e-13,6.879548872e-14,5.31178697e-14,4.844044915e-14,5.298039843e-14,1.398188925e-13,4.31595942e-13,3.143350361e-13,2.757996545e-13,1.308694437e-13,2.704945055e-13,1.465913823e-13
110.6015625,6.631823388e-13,3.510171928e-13,3.552967178e-13,7.306110277e-14,3.458882316e-13,2.916138451e-13,8.36141084e-14,7.215127309e-14,4.350558114e-14,2.277711536e-13,6.306180292e-14,1.81621924e-13,2.27518772e-13,6.78357648e-13,5.805418075e-13,6.471440273e-13,5.496941243e-13,3.935966921e-13,2.17769694e-13,2.43880958e-13,1.256595171e-13,6.886802331e-14,5.355039706e-14,4.87864735e-14,5.292165083e-14,1.39738623e-13,4.324438814e-13,3.129803975e-13,2.74685937e-13,1.311735095e-13,2.713172915e-13,1.455227003e-13
110.609375,6.632152161e-13,3.489435504e-13,3.556467059e-13,7.292631033e-14,3.46938102e-13,2.922518945e-13,8.328875157e-14,7.098891034e-14,4.318232734e-14,2.263570729e-13,6.252607567e-14,1.809100526e-13,2.277821718e-13,6.795721015e-13,5.81253984e-13,6.487073656e-13,5.506184595e-13,3.959554538e-13,2.169209041e-13,2.440636653e-13,1.253581443e-13,6.892730811e-14,5.402057616e-14,4.918212178e-14,5.281339299e-14,1.395920539e-13,4.333044793e-13,3.115503653e-13,2.735613607e-13,1.313770079e-13,2.719880223e-13,1.443543098e-13
110.6171875,6.628067e-13,3.470782472e-13,3.558504585e-13,7.289535955e-14,3.477100443e-13,2.928817387e-13,8.293952261e-14,6.97650824e-14,4.283940806e-14,2.2489519e-13,6.205701994e-14,1.801014705e-13,2.279704296e-13,6.803312766e-13,5.817702528e-13,6.500645894e-13,5.510573203e-13,3.980950383e-13,2.159727259e-13,2.443325135e-13,1.25053108e-13,6.897567082e-14,5.449330043e-14,4.949387493e-14,5.268219897e-14,1.394535275e-13,4.341719468e-13,3.100377558e-13,2.724746661e-13,1.314228052e-13,2.725366951e-13,1.431479071e-13
110.625,6.622011743e-13,3.450882465e-13,3.558689905e-13,7.285965463e-14,3.483651277e-13,2.935216963e-13,8.260961005e-14,6.855221669e-14,4.246766366e-14,2.234151203e-13,6.154177902e-14,1.791842061e-13,2.281219985e-13,6.806946513e-13,5.819884719e-13,6.510694709e-13,5.509643865e-13,4.000261545e-13,2.149285276e-13,2.444547244e-13,1.247744135e-13,6.89822754e-14,5.494373754e-14,4.967809767e-14,5.254607127e-14,1.393355611e-13,4.348812673e-13,3.084034902e-13,2.712836741e-13,1.313272373e-13,2.728402763e-13,1.420106795e-13
110.6328125,6.612233268e-13,3.427740342e-13,3.557282145e-13,7.270374753e-14,3.487382659e-13,2.939488965e-13,8.225666393e-14,6.739933209e-14,4.208552047e-14,2.220650433e-13,6.102487376e-14,1.78157667e-13,2.281559594e-13,6.806757892e-13,5.818855656e-13,6.518133377e-13,5.505417405e-13,4.017700549e-13,2.137874297e-13,2.444723425e-13,1.245096917e-13,6.89320674e-14,5.539335652e-14,4.987686922e-14,5.239625851e-14,1.392265055e-13,4.354486068e-13,3.066329878e-13,2.701234373e-13,1.312200509e-13,2.72906573e-13,1.409127109e-13
110.640625,6.601212992e-13,3.407546899e-13,3.555059744e-13,7.255717077e-14,3.488168735e-13,2.943410857e-13,8.185256949e-14,6.624173587e-14,4.172809503e-14,2.208774188e-13,6.060248953e-14,1.77102097e-13,2.280870551e-13,6.804917211e-13,5.816011682e-13,6.525039609e-13,5.500966734e-13,4.034646703e-13,2.126476823e-13,2.445519981e-13,1.242261099e-13,6.889357446e-14,5.586155266e-14,5.01390022e-14,5.221214025e-14,1.390896238e-13,4.359062767e-13,3.049770968e-13,2.691838742e-13,1.311269159e-13,2.729153426e-13,1.39746475e-13
110.6484375,6.593817964e-13,3.392243259e-13,3.551699905e-13,7.247510475e-14,3.488801372e-13,2.948762179e-13,8.143203043e-14,6.500398506e-14,4.140704685e-14,2.197273457e-13,6.024296254e-14,1.760605551e-13,2.279744014e-13,6.802634542e-13,5.81154008e-13,6.531679798e-13,5.496369834e-13,4.05259392e-13,2.115503894e-13,2.446208656e-13,1.239285823e-13,6.888942639e-14,5.634523187e-14,5.038411096e-14,5.200505713e-14,1.389062904e-13,4.362940246e-13,3.035669085e-13,2.682705447e-13,1.309549401e-13,2.72901349e-13,1.385198485e-13
110.65625,6.585022201e-13,3.375634561e-13,3.546284988e-13,7.234093507e-14,3.489342358e-13,2.952257178e-13,8.100402669e-14,6.372559834e-14,4.108521743e-14,2.185501956e-13,5.987412807e-14,1.74955169e-13,2.277655555e-13,6.796801611e-13,5.8041772e-13,6.536310393e-13,5.488384004e-13,4.070299446e-13,2.103833107e-13,2.446508138e-13,1.236346021e-13,6.885340478e-14,5.683169055e-14,5.059373009e-14,5.179718822e-14,1.387451185e-13,4.367064354e-13,3.020463487e-13,2.672208724e-13,1.306871528e-13,2.727721951e-13,1.373221207e-13
110.6640625,6.569493008e-13,3.356619623e-13,3.538662274e-13,7.217647489e-14,3.487414122e-13,2.953058948e-13,8.052742253e-14,6.246430768e-14,4.072351119e-14,2.173812472e-13,5.948240941e-14,1.737197318e-13,2.273868235e-13,6.784971938e-13,5.793495306e-13,6.537439573e-13,5.474625654e-13,4.085534783e-13,2.090742283e-13,2.447090226e-13,1.23328938e-13,6.877374667e-14,5.73161598e-14,5.080592874e-14,5.156382035e-14,1.386294986e-13,4.369813981e-13,3.00216787e-13,2.661442908e-13,1.303566176e-13,2.724305694e-13,1.361460632e-13
110.671875,6.551505303e-13,3.339113845e-13,3.528660483e-13,7.205668724e-14,3.482090205e-13,2.954136377e-13,7.998898935e-14,6.122299151e-14,4.032897721e-14,2.162735741e-13,5.910120034e-14,1.723535532e-13,2.268496369e-13,6.76789064e-13,5.779778315e-13,6.536037866e-13,5.456702327e-13,4.098934645e-13,2.076389482e-13,2.44753893e-13,1.230158069e-13,6.868300507e-14,5.78176969e-14,5.104186055e-14,5.12936395e-14,1.385056811e-13,4.368420661e-13,2.983360647e-13,2.650370856e-13,1.299368955e-13,2.717467599e-13,1.349570311e-13
110.6796875,6.533147388e-13,3.32262748e-13,3.516419896e-13,7.189895611e-14,3.473929524e-13,2.955024419e-13,7.942669807e-14,6.001377811e-14,3.992721522e-14,2.152663726e-13,5.880617721e-14,1.708783947e-13,2.262001855e-13,6.746898385e-13,5.762827096e-13,6.533413488e-13,5.437100878e-13,4.112005493e-13,2.060838729e-13,2.447135179e-13,1.227284496e-13,6.856362422e-14,5.834241006e-14,5.12568078e-14,5.102429621e-14,1.38391622e-13,4.364137844e-13,2.96501597e-13,2.638078035e-13,1.294112387e-13,2.707848375e-13,1.338058806e-13
110.6875,6.510627721e-13,3.305596377e-13,3.50326135e-13,7.168277366e-14,3.463498708e-13,2.953748076e-13,7.885643731e-14,5.883250143e-14,3.952674717e-14,2.143301979e-13,5.862903044e-14,1.693667688e-13,2.254642935e-13,6.723383355e-13,5.742997972e-13,6.528973202e-13,5.415463688e-13,4.124062044e-13,2.044477587e-13,2.445517839e-13,1.224593982e-13,6.839477142e-14,5.886676322e-14,5.139680394e-14,5.075183508e-14,1.383050978e-13,4.360343247e-13,2.946054193e-13,2.62553558e-13,1.288171253e-13,2.698094465e-13,1.326839982e-13
110.6953125,6.483996613e-13,3.288657425e-13,3.489542408e-13,7.152302186e-14,3.451052182e-13,2.95089938e-13,7.826285375e-14,5.762611989e-14,3.912700614e-14,2.13407238e-13,5.8479988e-14,1.678631212e-13,2.246800008e-13,6.697528814e-13,5.721638075e-13,6.523192317e-13,5.391269408e-13,4.135055177e-13,2.027911639e-13,2.442944436e-13,1.221844258e-13,6.819121676e-14,5.940135665e-14,5.152952717e-14,5.046248982e-14,1.381977843e-13,4.357526282e-13,2.926742825e-13,2.613986802e-13,1.281878631e-13,2.688454515e-13,1.315149698e-13
110.703125,6.455773912e-13,3.271400222e-13,3.474230356e-13,7.142496591e-14,3.437060701e-13,2.946971417e-13,7.766467102e-14,5.638013737e-14,3.872385443e-14,2.125238919e-13,5.829375723e-14,1.663005298e-13,2.238970949e-13,6.667996745e-13,5.699153741e-13,6.517658204e-13,5.365313586e-13,4.146596745e-13,2.011016605e-13,2.44033666e-13,1.219135879e-13,6.796422292e-14,5.998038713e-14,5.168624002e-14,5.020413006e-14,1.38101272e-13,4.354167864e-13,2.906954282e-13,2.603295348e-13,1.275317929e-13,2.677198646e-13,1.303309638e-13
110.7109375,6.424958638e-13,3.25471807e-13,3.456733281e-13,7.13276151e-14,3.421175533e-13,2.941796214e-13,7.706262228e-14,5.512644299e-14,3.831370053e-14,2.117078654e-13,5.81422239e-14,1.646394232e-13,2.230751533e-13,6.634402984e-13,5.674335141e-13,6.510921628e-13,5.33612244e-13,4.157601103e-13,1.993207656e-13,2.437750454e-13,1.216426422e-13,6.771402246e-14,6.057318855e-14,5.174885781e-14,4.995731492e-14,1.380392534e-13,4.349469822e-13,2.886267677e-13,2.59302692e-13,1.268189885e-13,2.66413383e-13,1.291689313e-13
110.71875,6.390216529e-13,3.240224578e-13,3.436324167e-13,7.127639894e-14,3.401563026e-13,2.936087571e-13,7.640113294e-14,5.38725245e-14,3.789985953e-14,2.108812194e-13,5.809788264e-14,1.629029344e-13,2.221258686e-13,6.596572737e-13,5.646191462e-13,6.501010799e-13,5.301984554e-13,4.165237957e-13,1.974083865e-13,2.434594651e-13,1.213564569e-13,6.744211138e-14,6.111607068e-14,5.173139865e-14,4.962331972e-14,1.379025311e-13,4.343290997e-13,2.865608047e-13,2.582773823e-13,1.259994166e-13,2.649355957e-13,1.27966052e-13
110.7265625,6.352355908e-13,3.225510995e-13,3.413248509e-13,7.130156631e-14,3.378607991e-13,2.929728025e-13,7.570347647e-14,5.262773201e-14,3.747306284e-14,2.10005154e-13,5.813485387e-14,1.610826653e-13,2.210920507e-13,6.555036134e-13,5.615467999e-13,6.489715766e-13,5.265712574e-13,4.170661653e-13,1.95385331e-13,2.430575828e-13,1.210955827e-13,6.714140357e-14,6.16177543e-14,5.175715557e-14,4.923109027e-14,1.376934431e-13,4.336171809e-13,2.844683567e-13,2.572071011e-13,1.250942695e-13,2.632457414e-13,1.26736667e-13
110.734375,6.312239854e-13,3.20960461e-13,3.390185013e-13,7.133004949e-14,3.355757736e-13,2.921167542e-13,7.504506615e-14,5.141902074e-14,3.704249611e-14,2.09184885e-13,5.819508204e-14,1.592553205e-13,2.200534884e-13,6.513993798e-13,5.583556158e-13,6.478541273e-13,5.229786308e-13,4.177587701e-13,1.933575638e-13,2.424986445e-13,1.20887233e-13,6.680865334e-14,6.214682784e-14,5.175829194e-14,4.889026075e-14,1.375759729e-13,4.329476171e-13,2.822773052e-13,2.561116234e-13,1.241790987e-13,2.614801842e-13,1.255531892e-13
110.7421875,6.271028913e-13,3.195626586e-13,3.36777332e-13,7.131646897e-14,3.333980504e-13,2.910234746e-13,7.43697867e-14,5.023832431e-14,3.666937928e-14,2.08489382e-13,5.825791268e-14,1.575563418e-13,2.189405687e-13,6.4757747e-13,5.550301552e-13,6.46582248e-13,5.19179891e-13,4.186540598e-13,1.913937084e-13,2.418109811e-13,1.206666562e-13,6.64784635e-14,6.273519627e-14,5.165087373e-14,4.858198563e-14,1.375771344e-13,4.323580499e-13,2.801695705e-13,2.550239289e-13,1.232715713e-13,2.598163448e-13,1.244010009e-13
110.75,6.229007415e-13,3.182335139e-13,3.342890739e-13,7.128353685e-14,3.310479679e-13,2.898592163e-13,7.360104341e-14,4.906634701e-14,3.635154195e-14,2.078203155e-13,5.835629846e-14,1.558768098e-13,2.176963706e-13,6.435126235e-13,5.514519985e-13,6.450993097e-13,5.149909077e-13,4.1947065e-13,1.89392713e-13,2.411805865e-13,1.203858536e-13,6.617580823e-14,6.334632538e-14,5.152194541e-14,4.823740155e-14,1.37590527e-13,4.317426352e-13,2.781733103e-13,2.539068506e-13,1.223327531e-13,2.581514677e-13,1.232906598e-13
110.7578125,6.183604797e-13,3.166308838e-13,3.314051298e-13,7.125906074e-14,3.283427182e-13,2.886400685e-13,7.280593762e-14,4.79051208e-14,3.598838851e-14,2.070768364e-13,5.852398579e-14,1.539926076e-13,2.164059288e-13,6.387340885e-13,5.475965832e-13,6.43522069e-13,5.105410528e-13,4.199931815e-13,1.872262999e-13,2.405890073e-13,1.200849305e-13,6.584751881e-14,6.393632192e-14,5.139627333e-14,4.787309943e-14,1.375701669e-13,4.310729801e-13,2.75981624e-13,2.527752259e-13,1.213124792e-13,2.562568373e-13,1.222593766e-13
110.765625,6.134553809e-13,3.150126621e-13,3.283031829e-13,7.126273703e-14,3.25434615e-13,2.872582689e-13,7.204617111e-14,4.673793448e-14,3.557241972e-14,2.063136317e-13,5.873216607e-14,1.519707875e-13,2.151004172e-13,6.335893821e-13,5.434970302e-13,6.418033622e-13,5.059372699e-13,4.203035665e-13,1.849616742e-13,2.398052013e-13,1.197940792e-13,6.54592484e-14,6.449960807e-14,5.121114327e-14,4.750704537e-14,1.374951792e-13,4.304011346e-13,2.735665177e-13,2.517295957e-13,1.201708927e-13,2.541492479e-13,1.212256029e-13
110.7734375,6.084964608e-13,3.136420107e-13,3.252045249e-13,7.129480817e-14,3.225575959e-13,2.858111185e-13,7.129417075e-14,4.554770504e-14,3.519797011e-14,2.05614996e-13,5.893532438e-14,1.500286739e-13,2.137256056e-13,6.285814552e-13,5.391959593e-13,6.399012875e-13,5.01242343e-13,4.206137581e-13,1.827517796e-13,2.387973092e-13,1.195115597e-13,6.507079502e-14,6.504036164e-14,5.09894418e-14,4.711676697e-14,1.373412578e-13,4.296897643e-13,2.711971888e-13,2.507480868e-13,1.189516664e-13,2.52056093e-13,1.201268655e-13
110.78125,6.033677397e-13,3.122763469e-13,3.221822809e-13,7.133828781e-14,3.196310247e-13,2.84349117e-13,7.053079999e-14,4.436572992e-14,3.48593527e-14,2.049473364e-13,5.913562552e-14,1.481836868e-13,2.123222642e-13,6.236051342e-13,5.347964833e-13,6.38003586e-13,4.964571742e-13,4.209619322e-13,1.805774808e-13,2.377801174e-13,1.192682108e-13,6.469682015e-14,6.556773096e-14,5.076609487e-14,4.671787679e-14,1.371565323e-13,4.289110522e-13,2.688698352e-13,2.497057002e-13,1.177468952e-13,2.500638131e-13,1.190335331e-13
110.7890625,5.978809713e-13,3.108181776e-13,3.190603914e-13,7.137921123e-14,3.164388724e-13,2.826770744e-13,6.973790557e-14,4.322367431e-14,3.448815938e-14,2.042699871e-13,5.936397325e-14,1.463343737e-13,2.109564232e-13,6.183497713e-13,5.303354391e-13,6.362348489e-13,4.915135589e-13,4.212959628e-13,1.783409182e-13,2.369112975e-13,1.190803809e-13,6.428123883e-14,6.611710194e-14,5.052718345e-14,4.635491065e-14,1.370260897e-13,4.28124739e-13,2.664501273e-13,2.486262685e-13,1.165463822e-13,2.480488887e-13,1.179858654e-13
110.796875,5.924249805e-13,3.094728852e-13,3.157220232e-13,7.140630298e-14,3.131106354e-13,2.8085604e-13,6.890375078e-14,4.211052159e-14,3.41058078e-14,2.036258847e-13,5.964653374e-14,1.444572318e-13,2.09578577e-13,6.12952793e-13,5.257713317e-13,6.345416703e-13,4.865845459e-13,4.21691578e-13,1.760922703e-13,2.360794859e-13,1.189017376e-13,6.384435601e-14,6.669224619e-14,5.02726107e-14,4.602925562e-14,1.36971205e-13,4.273299074e-13,2.640400462e-13,2.476325948e-13,1.152964077e-13,2.459612835e-13,1.169602342e-13
110.8046875,5.870096108e-13,3.082362947e-13,3.123630885e-13,7.144105223e-14,3.097782784e-13,2.791150728e-13,6.806433193e-14,4.100784319e-14,3.375748528e-14,2.029978196e-13,5.998512772e-14,1.425809936e-13,2.081220651e-13,6.07664336e-13,5.211586548e-13,6.328887824e-13,4.818214139e-13,4.221566419e-13,1.738880286e-13,2.351103284e-13,1.186860275e-13,6.343330832e-14,6.723430476e-14,4.99862529e-14,4.56939458e-14,1.369310173e-13,4.26496155e-13,2.617103966e-13,2.46700359e-13,1.14041555e-13,2.438860418e-13,1.159579212e-13
110.8125,5.811569648e-13,3.068556915e-13,3.090091624e-13,7.152171986e-14,3.062353342e-13,2.773053522e-13,6.722432125e-14,3.99112189e-14,3.342318513e-14,2.022906747e-13,6.036419038e-14,1.406980863e-13,2.065679446e-13,6.02304308e-13,5.164905576e-13,6.311915622e-13,4.769568653e-13,4.225122775e-13,1.716335489e-13,2.341093022e-13,1.184155191e-13,6.301402911e-14,6.771619992e-14,4.965171219e-14,4.531327045e-14,1.368499142e-13,4.256364219e-13,2.593057468e-13,2.456953139e-13,1.12814231e-13,2.418091136e-13,1.149691486e-13
110.8203125,5.751343491e-13,3.052438325e-13,3.054708968e-13,7.161755607e-14,3.025297823e-13,2.753129823e-13,6.636541192e-14,3.882301936e-14,3.30753063e-14,2.015352291e-13,6.078000944e-14,1.387855076e-13,2.049297487e-13,5.967358186e-13,5.116383931e-13,6.293444825e-13,4.718799945e-13,4.227331692e-13,1.692977511e-13,2.331840496e-13,1.180924762e-13,6.256740271e-14,6.818425084e-14,4.929926399e-14,4.491392194e-14,1.367488086e-13,4.247149967e-13,2.567565555e-13,2.446181649e-13,1.115484626e-13,2.396453146e-13,1.139697154e-13
110.828125,5.693472462e-13,3.036877427e-13,3.018941358e-13,7.170626306e-14,2.989764333e-13,2.733729691e-13,6.552374605e-14,3.775141815e-14,3.272959141e-14,2.008524415e-13,6.121325704e-14,1.368944231e-13,2.033362735e-13,5.91280105e-13,5.067330264e-13,6.275017281e-13,4.668300177e-13,4.230395555e-13,1.670023765e-13,2.321528961e-13,1.177674841e-13,6.213620838e-14,6.867999248e-14,4.890553292e-14,4.454981084e-14,1.366751201e-13,4.237830325e-13,2.542092541e-13,2.436707218e-13,1.102248877e-13,2.374637788e-13,1.129783965e-13
110.8359375,5.63374133e-13,3.024236891e-13,2.984123504e-13,7.187118418e-14,2.954553182e-13,2.714800043e-13,6.47036385e-14,3.670093304e-14,3.240611865e-14,2.002250791e-13,6.162191733e-14,1.350830205e-13,2.019002497e-13,5.860482406e-13,5.020083629e-13,6.25866619e-13,4.617685522e-13,4.235046188e-13,1.647775222e-13,2.309950284e-13,1.175020736e-13,6.172574546e-14,6.919787762e-14,4.841804833e-14,4.422407882e-14,1.366575847e-13,4.230266726e-13,2.517432353e-13,2.42978234e-13,1.088947287e-13,2.353572147e-13,1.120293558e-13
110.84375,5.569457303e-13,3.012518648e-13,2.947640476e-13,7.212080912e-14,2.916313039e-13,2.693639249e-13,6.386150043e-14,3.566332105e-14,3.207989481e-14,1.995658181e-13,6.20140032e-14,1.33265424e-13,2.004452706e-13,5.806337258e-13,4.972649071e-13,6.243022789e-13,4.565402168e-13,4.239234378e-13,1.625007758e-13,2.299072826e-13,1.172835233e-13,6.128485287e-14,6.971185192e-14,4.79182452e-14,4.38954841e-14,1.366925898e-13,4.223525678e-13,2.492553402e-13,2.42350269e-13,1.075596373e-13,2.332072219e-13,1.111239551e-13
110.8515625,5.503264079e-13,2.999732077e-13,2.909144783e-13,7.230770115e-14,2.875192467e-13,2.670150665e-13,6.301379535e-14,3.463145924e-14,3.172450419e-14,1.989003282e-13,6.24383101e-14,1.313347212e-13,1.987539624e-13,5.748114809e-13,4.922043158e-13,6.225900632e-13,4.512487436e-13,4.241778715e-13,1.601117988e-13,2.288139695e-13,1.170498878e-13,6.078856755e-14,7.020530761e-14,4.748456328e-14,4.35475176e-14,1.366944722e-13,4.21422946e-13,2.466909346e-13,2.415674206e-13,1.062010549e-13,2.308817224e-13,1.102368158e-13
110.859375,5.436693631e-13,2.986571313e-13,2.871069599e-13,7.240724398e-14,2.833855399e-13,2.646570755e-13,6.218290894e-14,3.362260523e-14,3.137318363e-14,1.982657094e-13,6.291409909e-14,1.293551222e-13,1.969787707e-13,5.688335261e-13,4.869802518e-13,6.207923433e-13,4.459508174e-13,4.244444932e-13,1.577134599e-13,2.275789735e-13,1.16787873e-13,6.028386839e-14,7.068047608e-14,4.701521854e-14,4.320426169e-14,1.365800679e-13,4.202519011e-13,2.441328045e-13,2.40731987e-13,1.048343066e-13,2.284798031e-13,1.093556374e-13
110.8671875,5.371599131e-13,2.972953024e-13,2.832972714e-13,7.259902123e-14,2.795112656e-13,2.624490035e-13,6.134657656e-14,3.266530813e-14,3.105714098e-14,1.9760566e-13,6.343343753e-14,1.274522035e-13,1.953804902e-13,5.630405134e-13,4.818693336e-13,6.19122069e-13,4.407169426e-13,4.249363728e-13,1.554266041e-13,2.262998122e-13,1.165458358e-13,5.981875248e-14,7.114052695e-14,4.643895344e-14,4.289019909e-14,1.364103819e-13,4.191507375e-13,2.416299557e-13,2.400295774e-13,1.034626001e-13,2.261695697e-13,1.084924771e-13
110.875,5.309037221e-13,2.958910723e-13,2.79399909e-13,7.29542687e-14,2.75907992e-13,2.602977854e-13,6.051603376e-14,3.175173455e-14,3.075655851e-14,1.968934858e-13,6.397411608e-14,1.256647219e-13,1.93926996e-13,5.575673401e-13,4.768624098e-13,6.17677883e-13,4.357262047e-13,4.256439936e-13,1.532236653e-13,2.249589031e-13,1.163416861e-13,5.936086518e-14,7.158246913e-14,4.582754947e-14,4.260175248e-14,1.362845609e-13,4.181878182e-13,2.391615963e-13,2.394292562e-13,1.02091994e-13,2.23988529e-13,1.076369049e-13
110.8828125,5.246085004e-13,2.945325586e-13,2.755285884e-13,7.332199139e-14,2.722383243e-13,2.579891647e-13,5.97050471e-14,3.084914821e-14,3.046364407e-14,1.961636701e-13,6.451664186e-14,1.239464875e-13,1.92463603e-13,5.522298552e-13,4.718050009e-13,6.163228717e-13,4.308360162e-13,4.263635333e-13,1.509898511e-13,2.234469742e-13,1.161159617e-13,5.887146657e-14,7.200704838e-14,4.520807158e-14,4.231540715e-14,1.361791782e-13,4.171714858e-13,2.366839498e-13,2.38815947e-13,1.00732967e-13,2.218689445e-13,1.06768737e-13
110.890625,5.18120846e-13,2.930273546e-13,2.716264084e-13,7.359448326e-14,2.683472782e-13,2.555874769e-13,5.889334844e-14,2.996285922e-14,3.01820132e-14,1.954021281e-13,6.508087175e-14,1.221880059e-13,1.909540655e-13,5.466974906e-13,4.665701994e-13,6.148391589e-13,4.258129702e-13,4.268609697e-13,1.486758756e-13,2.218769519e-13,1.158249185e-13,5.837432179e-14,7.240836206e-14,4.457555268e-14,4.201587261e-14,1.359890685e-13,4.159574847e-13,2.340860093e-13,2.381172636e-13,9.932607601e-14,2.196983809e-13,1.059061724e-13
110.8984375,5.115034523e-13,2.91307971e-13,2.67540707e-13,7.38239824e-14,2.643868349e-13,2.532338204e-13,5.809301988e-14,2.912002069e-14,2.988743221e-14,1.946007185e-13,6.568788236e-14,1.203339147e-13,1.894239331e-13,5.409252343e-13,4.61129115e-13,6.132223918e-13,4.207710467e-13,4.271048943e-13,1.462988391e-13,2.203722863e-13,1.154989102e-13,5.787688283e-14,7.27803052e-14,4.396367003e-14,4.171328008e-14,1.356573494e-13,4.146182179e-13,2.31337468e-13,2.373350848e-13,9.782345204e-14,2.17433285e-13,1.050576897e-13
110.90625,5.04744081e-13,2.897764891e-13,2.633542421e-13,7.405174757e-14,2.603760398e-13,2.507562315e-13,5.730986457e-14,2.831004275e-14,2.958177602e-14,1.938669862e-13,6.632495357e-14,1.18478052e-13,1.878967707e-13,5.351651601e-13,4.55576627e-13,6.115709878e-13,4.157520735e-13,4.273225212e-13,1.439155909e-13,2.188716483e-13,1.151604242e-13,5.736294196e-14,7.313352695e-14,4.333430074e-14,4.142586942e-14,1.352683181e-13,4.133535834e-13,2.286310724e-13,2.366137484e-13,9.631594939e-14,2.151989951e-13,1.042163693e-13
110.9140625,4.980269177e-13,2.884570513e-13,2.592422865e-13,7.428608949e-14,2.563333939e-13,2.481004064e-13,5.651091979e-14,2.750611929e-14,2.929905079e-14,1.932704028e-13,6.697552438e-14,1.167050777e-13,1.863738847e-13,5.295627849e-13,4.500047264e-13,6.098754184e-13,4.106202009e-13,4.276748394e-13,1.415988768e-13,2.172963382e-13,1.148047024e-13,5.685492874e-14,7.347205633e-14,4.264421099e-14,4.11520894e-14,1.349394025e-13,4.12149966e-13,2.26088647e-13,2.36034738e-13,9.490117509e-14,2.131087305e-13,1.034175352e-13
110.921875,4.914670217e-13,2.869197693e-13,2.552502015e-13,7.459466114e-14,2.524542955e-13,2.455138057e-13,5.571641295e-14,2.670982563e-14,2.903352333e-14,1.926802984e-13,6.760723093e-14,1.149769479e-13,1.848334355e-13,5.240477559e-13,4.444835912e-13,6.082708495e-13,4.055027386e-13,4.280906996e-13,1.393322676e-13,2.15669217e-13,1.144512247e-13,5.636077562e-14,7.379285221e-14,4.193014035e-14,4.088567591e-14,1.346264053e-13,4.108277526e-13,2.235813125e-13,2.354339443e-13,9.353627371e-14,2.110803539e-13,1.026720446e-13
110.9296875,4.848838003e-13,2.852236663e-13,2.512898229e-13,7.496364759e-14,2.487370319e-13,2.430181438e-13,5.497030092e-14,2.593709403e-14,2.876362025e-14,1.919969808e-13,6.819122531e-14,1.1326217e-13,1.833013726e-13,5.185897304e-13,4.391188255e-13,6.070277479e-13,4.006303028e-13,4.285176941e-13,1.370582762e-13,2.140955652e-13,1.140957451e-13,5.585467829e-14,7.410930338e-14,4.116719634e-14,4.06437859e-14,1.342527004e-13,4.094829687e-13,2.210372386e-13,2.347174789e-13,9.214954789e-14,2.090343585e-13,1.019302465e-13
110.9375,4.784173905e-13,2.836315193e-13,2.473109105e-13,7.525455908e-14,2.450380435e-13,2.404745389e-13,5.425376981e-14,2.519547949e-14,2.850669953e-14,1.913614353e-13,6.877673497e-14,1.115918759e-13,1.818262353e-13,5.133368646e-13,4.338804384e-13,6.060610629e-13,3.96039055e-13,4.290100322e-13,1.348042993e-13,2.12600308e-13,1.137014549e-13,5.534346927e-14,7.442190785e-14,4.032972032e-14,4.043811815e-14,1.338713619e-13,4.083067714e-13,2.185394706e-13,2.340337709e-13,9.074770625e-14,2.070592613e-13,1.011802501e-13
110.9453125,4.721817522e-13,2.819672752e-13,2.434349932e-13,7.547590435e-14,2.413791195e-13,2.379342831e-13,5.355008646e-14,2.449519674e-14,2.827336974e-14,1.90858422e-13,6.94288782e-14,1.099616733e-13,1.803926367e-13,5.083518336e-13,4.286124447e-13,6.05068594e-13,3.916616996e-13,4.295631859e-13,1.325663808e-13,2.110838125e-13,1.132879938e-13,5.483806716e-14,7.471158278e-14,3.951659798e-14,4.024883688e-14,1.334853636e-13,4.071802982e-13,2.160738004e-13,2.334607153e-13,8.93548493e-14,2.051814138e-13,1.004459651e-13
110.953125,4.657141173e-13,2.801425881e-13,2.397070485e-13,7.576341176e-14,2.377552995e-13,2.354253782e-13,5.287922434e-14,2.385576431e-14,2.803804221e-14,1.903184899e-13,7.01210799e-14,1.08325443e-13,1.789795733e-13,5.034175166e-13,4.233473822e-13,6.040773709e-13,3.87365292e-13,4.301098771e-13,1.302775956e-13,2.0958063e-13,1.129013697e-13,5.432149212e-14,7.498216843e-14,3.875625591e-14,4.006631394e-14,1.330299697e-13,4.059648116e-13,2.135486548e-13,2.329273935e-13,8.797069903e-14,2.032685778e-13,9.972996981e-14
110.9609375,4.589920828e-13,2.783477686e-13,2.359626992e-13,7.610130013e-14,2.341391148e-13,2.328821405e-13,5.223831589e-14,2.326831032e-14,2.77961589e-14,1.896682704e-13,7.078821762e-14,1.066902044e-13,1.776030967e-13,4.984368007e-13,4.182120793e-13,6.032290126e-13,3.830465792e-13,4.306299664e-13,1.279978432e-13,2.081852209e-13,1.125342768e-13,5.379985276e-14,7.524859269e-14,3.79622086e-14,3.990717282e-14,1.325516749e-13,4.046661375e-13,2.109981922e-13,2.323868381e-13,8.659092904e-14,2.013072797e-13,9.903458526e-14
110.96875,4.52588715e-13,2.765563778e-13,2.321497365e-13,7.639990382e-14,2.306694947e-13,2.302945997e-13,5.160710579e-14,2.268695142e-14,2.757598831e-14,1.890409103e-13,7.141929152e-14,1.05105295e-13,1.762332042e-13,4.93613214e-13,4.131160874e-13,6.023986358e-13,3.787458912e-13,4.311762856e-13,1.258197789e-13,2.067505582e-13,1.121620575e-13,5.328608074e-14,7.55079529e-14,3.712934901e-14,3.977089697e-14,1.320755902e-13,4.031945856e-13,2.084945672e-13,2.317940387e-13,8.52124584e-14,1.9942676e-13,9.834422387e-14
110.9765625,4.46385531e-13,2.746529763e-13,2.283418981e-13,7.668160245e-14,2.273348393e-13,2.275886366e-13,5.098028398e-14,2.210368229e-14,2.737757228e-14,1.884222266e-13,7.204663195e-14,1.035527625e-13,1.748239903e-13,4.889292746e-13,4.079856113e-13,6.015716922e-13,3.745144756e-13,4.318097154e-13,1.236698092e-13,2.051694292e-13,1.117781486e-13,5.2760556e-14,7.574842667e-14,3.629451948e-14,3.964261936e-14,1.315288509e-13,4.016035342e-13,2.059563754e-13,2.311606896e-13,8.384038491e-14,1.976280625e-13,9.76370854e-14
110.984375,4.39910328e-13,2.727015619e-13,2.244899244e-13,7.703135284e-14,2.239437401e-13,2.246991079e-13,5.03745121e-14,2.155924838e-14,2.716944976e-14,1.876865212e-13,7.269166667e-14,1.019700131e-13,1.73440756e-13,4.841596924e-13,4.02991682e-13,6.010808143e-13,3.704026515e-13,4.325348743e-13,1.214692986e-13,2.036033601e-13,1.113962974e-13,5.221441667e-14,7.595454656e-14,3.544957799e-14,3.953480348e-14,1.3093511e-13,4.001917217e-13,2.032682381e-13,2.306296188e-13,8.247998092e-14,1.958278776e-13,9.69522868e-14
110.9921875,4.334209483e-13,2.707764258e-13,2.205809541e-13,7.750737094e-14,2.205486965e-13,2.217695045e-13,4.981626194e-14,2.105577366e-14,2.694128791e-14,1.868964131e-13,7.335440816e-14,1.003684657e-13,1.721875239e-13,4.794125899e-13,3.981899005e-13,6.010258023e-13,3.665060018e-13,4.333000582e-13,1.192664052e-13,2.021117039e-13,1.110518573e-13,5.165981815e-14,7.612146967e-14,3.460189348e-14,3.946570492e-14,1.303468024e-13,3.989453815e-13,2.005201985e-13,2.302190991e-13,8.112347926e-14,1.940493632e-13,9.631306703e-14
111,4.27291718e-13,2.689042744e-13,2.167631386e-13,7.802161033e-14,2.172694942e-13,2.189474813e-13,4.928887967e-14,2.056704431e-14,2.670792985e-14,1.861536463e-13,7.40418346e-14,9.880831194e-14,1.710103913e-13,4.749180759e-13,3.934056349e-13,6.010103858e-13,3.628250989e-13,4.33973387e-13,1.171182198e-13,2.00625561e-13,1.107456663e-13,5.110212526e-14,7.625742206e-14,3.375388761e-14,3.940858755e-14,1.297125907e-13,3.975742483e-13,1.978837702e-13,2.297707436e-13,7.978898409e-14,1.923733288e-13,9.567498953e-14
111.0078125,4.213630794e-13,2.670338748e-13,2.131222555e-13,7.840002761e-14,2.140322278e-13,2.162133594e-13,4.875470961e-14,2.010759593e-14,2.648482746e-14,1.854035252e-13,7.476989963e-14,9.730938994e-14,1.697581797e-13,4.706647434e-13,3.886572863e-13,6.008454236e-13,3.593330523e-13,4.344512136e-13,1.15063346e-13,1.991905252e-13,1.104303834e-13,5.056234712e-14,7.636009869e-14,3.290122299e-14,3.932707384e-14,1.290485764e-13,3.961121997e-13,1.953196341e-13,2.292712814e-13,7.851803378e-14,1.908642425e-13,9.504887942e-14
111.015625,4.15473869e-13,2.650296158e-13,2.095752415e-13,7.871844007e-14,2.10877414e-13,2.135019532e-13,4.823870119e-14,1.969913413e-14,2.627542472e-14,1.846052364e-13,7.554798862e-14,9.584702436e-14,1.684435536e-13,4.665838609e-13,3.841533823e-13,6.009122146e-13,3.560891789e-13,4.34899386e-13,1.131158467e-13,1.977536144e-13,1.100796391e-13,5.005512992e-14,7.644034869e-14,3.208320185e-14,3.925062104e-14,1.284408911e-13,3.947504892e-13,1.92689806e-13,2.288156074e-13,7.728659398e-14,1.89480509e-13,9.447922507e-14
111.0234375,4.097219844e-13,2.629538806e-13,2.059652218e-13,7.920379876e-14,2.079472274e-13,2.107574238e-13,4.776982886e-14,1.934070684e-14,2.606015734e-14,1.838195726e-13,7.636012118e-14,9.437255022e-14,1.672404555e-13,4.625518162e-13,3.798637288e-13,6.014142497e-13,3.530548125e-13,4.355030692e-13,1.112159245e-13,1.961795614e-13,1.096989577e-13,4.953676888e-14,7.651154119e-14,3.130183382e-14,3.922326821e-14,1.278304369e-13,3.933729852e-13,1.90041185e-13,2.28372543e-13,7.601686387e-14,1.88024634e-13,9.391208839e-14
111.03125,4.042141889e-13,2.609973612e-13,2.022750817e-13,7.982857009e-14,2.051959483e-13,2.079977864e-13,4.731399105e-14,1.90331742e-14,2.582479753e-14,1.830944472e-13,7.714001278e-14,9.287050193e-14,1.662212096e-13,4.584627683e-13,3.756204946e-13,6.019961625e-13,3.501094964e-13,4.360753152e-13,1.093451559e-13,1.945707954e-13,1.093090271e-13,4.89809837e-14,7.652225982e-14,3.049663311e-14,3.920510722e-14,1.270928114e-13,3.91802914e-13,1.87507162e-13,2.279273827e-13,7.469865744e-14,1.864601595e-13,9.328800805e-14
111.0390625,3.989567679e-13,2.591105197e-13,1.987167281e-13,8.046435164e-14,2.025303809e-13,2.053687293e-13,4.686848003e-14,1.87599524e-14,2.559050102e-14,1.824085534e-13,7.786307912e-14,9.139063196e-14,1.65296544e-13,4.545536412e-13,3.715152384e-13,6.025293448e-13,3.472827716e-13,4.364672688e-13,1.075561064e-13,1.930500409e-13,1.089367107e-13,4.844259472e-14,7.644528408e-14,2.965804049e-14,3.915495991e-14,1.262622366e-13,3.901750843e-13,1.850802365e-13,2.27574088e-13,7.33882306e-14,1.850407288e-13,9.26546565e-14
111.046875,3.93796256e-13,2.571520116e-13,1.953969164e-13,8.109283244e-14,1.999208648e-13,2.029171856e-13,4.648021964e-14,1.849755786e-14,2.536774914e-14,1.816981561e-13,7.863941819e-14,8.995328454e-14,1.643861286e-13,4.51038747e-13,3.677230585e-13,6.033761448e-13,3.446676563e-13,4.368680961e-13,1.058016961e-13,1.916083853e-13,1.085699457e-13,4.794477008e-14,7.637267465e-14,2.883873715e-14,3.912883135e-14,1.254741733e-13,3.887354306e-13,1.826512421e-13,2.273476368e-13,7.211084672e-14,1.838554162e-13,9.206049473e-14
111.0546875,3.885591194e-13,2.551594646e-13,1.921663631e-13,8.164050576e-14,1.97334461e-13,2.004821881e-13,4.614867652e-14,1.82665107e-14,2.513651003e-14,1.809617677e-13,7.952842641e-14,8.852995476e-14,1.634732407e-13,4.476881749e-13,3.641337851e-13,6.045542605e-13,3.422278828e-13,4.37252264e-13,1.039997348e-13,1.903820958e-13,1.081941232e-13,4.742914352e-14,7.634170588e-14,2.807093448e-14,3.915091851e-14,1.247322831e-13,3.874476875e-13,1.801654571e-13,2.272332691e-13,7.084972361e-14,1.827194293e-13,9.147569403e-14
111.0625,3.832876468e-13,2.532056261e-13,1.889379507e-13,8.210680502e-14,1.947960511e-13,1.979772951e-13,4.584855003e-14,1.808879956e-14,2.489870604e-14,1.802660516e-13,8.041590559e-14,8.712345099e-14,1.625467868e-13,4.442823321e-13,3.605324837e-13,6.056448643e-13,3.398692314e-13,4.373309132e-13,1.022130111e-13,1.894197787e-13,1.07845625e-13,4.687714694e-14,7.624810689e-14,2.732212517e-14,3.914307772e-14,1.238752145e-13,3.860374509e-13,1.776676654e-13,2.272134953e-13,6.957722774e-14,1.815589077e-13,9.085948717e-14
111.0703125,3.780999126e-13,2.512190242e-13,1.857168869e-13,8.264920654e-14,1.923178984e-13,1.954942797e-13,4.557885705e-14,1.793891444e-14,2.467503927e-14,1.79565839e-13,8.124632899e-14,8.573029077e-14,1.616073683e-13,4.408876658e-13,3.569123383e-13,6.066122299e-13,3.376024229e-13,4.371215175e-13,1.005232486e-13,1.88427233e-13,1.075169163e-13,4.633342378e-14,7.605892e-14,2.653058074e-14,3.908829e-14,1.228378007e-13,3.844134419e-13,1.75194463e-13,2.271879452e-13,6.827617019e-14,1.804171683e-13,9.021510231e-14
111.078125,3.730085191e-13,2.490385021e-13,1.824587976e-13,8.32423721e-14,1.898467315e-13,1.930689675e-13,4.532113509e-14,1.78000654e-14,2.446458056e-14,1.787658368e-13,8.209040278e-14,8.431995181e-14,1.606580409e-13,4.375510866e-13,3.533791828e-13,6.07803024e-13,3.355211666e-13,4.368282856e-13,9.889326265e-14,1.872882731e-13,1.071377425e-13,4.580887545e-14,7.58613961e-14,2.570754009e-14,3.906180738e-14,1.217833179e-13,3.827501013e-13,1.726959545e-13,2.270947502e-13,6.697947431e-14,1.792713994e-13,8.957435643e-14
111.0859375,3.680244867e-13,2.467053954e-13,1.792291461e-13,8.378578747e-14,1.874350506e-13,1.906484976e-13,4.50588909e-14,1.768820492e-14,2.42586517e-14,1.779434552e-13,8.295357786e-14,8.291351566e-14,1.5967588e-13,4.342689943e-13,3.500073747e-13,6.093208873e-13,3.336152548e-13,4.365467477e-13,9.728682524e-14,1.86241401e-13,1.066994561e-13,4.52835234e-14,7.568144605e-14,2.491752854e-14,3.908338841e-14,1.208364764e-13,3.811468908e-13,1.701747029e-13,2.270496312e-13,6.573341974e-14,1.781319053e-13,8.895198876e-14
111.09375,3.632233359e-13,2.445393541e-13,1.761629815e-13,8.441644187e-14,1.851976643e-13,1.88274466e-13,4.483117344e-14,1.759955343e-14,2.405581209e-14,1.771975228e-13,8.381362887e-14,8.155402394e-14,1.587001887e-13,4.311320115e-13,3.46865901e-13,6.110083554e-13,3.317836635e-13,4.364243936e-13,9.574323178e-14,1.853483984e-13,1.062448065e-13,4.476335856e-14,7.547402022e-14,2.414869306e-14,3.912306748e-14,1.199054043e-13,3.795508105e-13,1.677513038e-13,2.271689767e-13,6.451486691e-14,1.770887419e-13,8.833633657e-14
111.1015625,3.586828719e-13,2.425847356e-13,1.732331943e-13,8.518886842e-14,1.831434594e-13,1.860318344e-13,4.467769396e-14,1.75176742e-14,2.385201723e-14,1.764830929e-13,8.470443522e-14,8.023083873e-14,1.57838392e-13,4.282044709e-13,3.439445276e-13,6.127526927e-13,3.300587037e-13,4.364827138e-13,9.428679658e-14,1.844343796e-13,1.057987802e-13,4.425943439e-14,7.522443369e-14,2.33629549e-14,3.917920745e-14,1.188959445e-13,3.779106568e-13,1.654491711e-13,2.274117798e-13,6.328185298e-14,1.761648905e-13,8.772841985e-14
111.109375,3.543373813e-13,2.405101611e-13,1.702997722e-13,8.590870984e-14,1.811894404e-13,1.838220354e-13,4.457524162e-14,1.74613016e-14,2.364158699e-14,1.757742176e-13,8.561440553e-14,7.889201541e-14,1.570685624e-13,4.253661802e-13,3.410997394e-13,6.145687421e-13,3.285398009e-13,4.364056165e-13,9.285754034e-14,1.834730859e-13,1.053739815e-13,4.375021552e-14,7.494993977e-14,2.26034537e-14,3.924749278e-14,1.178592285e-13,3.761919413e-13,1.631245661e-13,2.276615647e-13,6.204964534e-14,1.75237583e-13,8.713190154e-14
111.1171875,3.499485089e-13,2.382674322e-13,1.672624084e-13,8.650812804e-14,1.792367488e-13,1.81460189e-13,4.447995333e-14,1.746115749e-14,2.342362696e-14,1.750588848e-13,8.651791673e-14,7.749886232e-14,1.562651094e-13,4.22474309e-13,3.382469689e-13,6.165272098e-13,3.271989984e-13,4.360017946e-13,9.137859155e-14,1.82581922e-13,1.049396099e-13,4.321244914e-14,7.46796244e-14,2.189487484e-14,3.931923605e-14,1.168632883e-13,3.744420113e-13,1.606828151e-13,2.278267664e-13,6.084008562e-14,1.742056282e-13,8.653007874e-14
111.125,3.454766019e-13,2.360019707e-13,1.642031861e-13,8.709277314e-14,1.773072534e-13,1.790407446e-13,4.439436167e-14,1.751455647e-14,2.320769147e-14,1.742541233e-13,8.745271725e-14,7.609190193e-14,1.554555966e-13,4.196373464e-13,3.354713771e-13,6.185881089e-13,3.259742788e-13,4.354131238e-13,8.990209285e-14,1.817614782e-13,1.044565927e-13,4.267810081e-14,7.441955679e-14,2.118281476e-14,3.94060884e-14,1.15904281e-13,3.727439155e-13,1.5817858e-13,2.278908541e-13,5.965445648e-14,1.731947967e-13,8.593859062e-14
111.1328125,3.412082797e-13,2.336436149e-13,1.613167039e-13,8.771155225e-14,1.754991613e-13,1.768193654e-13,4.434282882e-14,1.760189824e-14,2.299904053e-14,1.733844046e-13,8.842608952e-14,7.473671275e-14,1.547302772e-13,4.169631297e-13,3.328607638e-13,6.206397841e-13,3.248307738e-13,4.347061251e-13,8.856044396e-14,1.809344035e-13,1.039672628e-13,4.219005504e-14,7.412265082e-14,2.04599512e-14,3.949346725e-14,1.14934946e-13,3.709765162e-13,1.557272112e-13,2.279177808e-13,5.849989921e-14,1.723243692e-13,8.539373077e-14
111.140625,3.372660657e-13,2.31284116e-13,1.585529863e-13,8.835193639e-14,1.737791672e-13,1.74721653e-13,4.431034691e-14,1.771300457e-14,2.278333277e-14,1.725498386e-13,8.941382486e-14,7.341093233e-14,1.540245924e-13,4.143027422e-13,3.304228534e-13,6.227435793e-13,3.23767423e-13,4.338491432e-13,8.73467526e-14,1.80196238e-13,1.035060202e-13,4.171066837e-14,7.377159321e-14,1.97836943e-14,3.95560891e-14,1.139021019e-13,3.690514805e-13,1.533961363e-13,2.279664979e-13,5.735829053e-14,1.714682768e-13,8.486033636e-14
111.1484375,3.334753411e-13,2.290667202e-13,1.557576549e-13,8.898761584e-14,1.721366962e-13,1.725214626e-13,4.428478948e-14,1.783946435e-14,2.25583269e-14,1.717084739e-13,9.044814834e-14,7.209480817e-14,1.532915116e-13,4.116930187e-13,3.281518299e-13,6.250015899e-13,3.229227639e-13,4.329524153e-13,8.614720108e-14,1.796512316e-13,1.030344031e-13,4.118854744e-14,7.34190959e-14,1.915739992e-14,3.962102781e-14,1.128202458e-13,3.672133591e-13,1.511197859e-13,2.280203705e-13,5.620197526e-14,1.705893757e-13,8.428407837e-14
111.15625,3.29724606e-13,2.267114876e-13,1.530438656e-13,8.959980676e-14,1.706509954e-13,1.70322578e-13,4.430297104e-14,1.798283429e-14,2.233937158e-14,1.708211811e-13,9.157294167e-14,7.082475906e-14,1.526002644e-13,4.093141262e-13,3.259673086e-13,6.273072383e-13,3.223366469e-13,4.32041204e-13,8.493845041e-14,1.791019095e-13,1.025563792e-13,4.065549912e-14,7.308353811e-14,1.853332794e-14,3.971382475e-14,1.117762131e-13,3.655502937e-13,1.487766959e-13,2.280299544e-13,5.505259954e-14,1.698015465e-13,8.36903608e-14
111.1640625,3.260343072e-13,2.241147401e-13,1.504740164e-13,9.020779833e-14,1.69232586e-13,1.682787766e-13,4.436797411e-14,1.816595579e-14,2.211554131e-14,1.699722071e-13,9.277788472e-14,6.955847631e-14,1.519443935e-13,4.06927669e-13,3.237684991e-13,6.295943538e-13,3.217738372e-13,4.309346932e-13,8.376450277e-14,1.784558183e-13,1.021015008e-13,4.01365895e-14,7.272386994e-14,1.789770748e-14,3.980861665e-14,1.107783101e-13,3.637808618e-13,1.463828763e-13,2.280041755e-13,5.39257122e-14,1.689992907e-13,8.310064798e-14
111.171875,3.225141544e-13,2.215536561e-13,1.479345686e-13,9.08373487e-14,1.678824026e-13,1.663099624e-13,4.444264547e-14,1.839885993e-14,2.18771614e-14,1.691595691e-13,9.398719662e-14,6.825527425e-14,1.513052573e-13,4.044132185e-13,3.217203954e-13,6.320512577e-13,3.212400377e-13,4.296295948e-13,8.266187684e-14,1.779939677e-13,1.016377376e-13,3.960377734e-14,7.231800187e-14,1.727248885e-14,3.989538481e-14,1.097300809e-13,3.618751548e-13,1.440451898e-13,2.280164011e-13,5.279086209e-14,1.681168544e-13,8.24704007e-14
111.1796875,3.193059309e-13,2.189934928e-13,1.454922081e-13,9.149692171e-14,1.668430162e-13,1.644184202e-13,4.455259377e-14,1.865936927e-14,2.165370855e-14,1.682883214e-13,9.512285727e-14,6.700158686e-14,1.507682415e-13,4.021652147e-13,3.20065653e-13,6.34806731e-13,3.210499487e-13,4.28339157e-13,8.166991756e-14,1.777132736e-13,1.011667148e-13,3.907447696e-14,7.187765462e-14,1.667742002e-14,4.000052933e-14,1.086291624e-13,3.600589118e-13,1.417649914e-13,2.281000874e-13,5.164489618e-14,1.673831935e-13,8.179414586e-14
111.1875,3.163287548e-13,2.164313817e-13,1.431509074e-13,9.215969484e-14,1.660256559e-13,1.626554782e-13,4.472537452e-14,1.893342793e-14,2.145189634e-14,1.673654685e-13,9.624725143e-14,6.582045255e-14,1.503210861e-13,4.001556242e-13,3.186426702e-13,6.377142462e-13,3.211207363e-13,4.270893537e-13,8.077069459e-14,1.773261391e-13,1.00738557e-13,3.858076441e-14,7.14353275e-14,1.611828365e-14,4.01312926e-14,1.075973757e-13,3.582812687e-13,1.394991403e-13,2.28239365e-13,5.051294129e-14,1.668054292e-13,8.112383315e-14
111.1953125,3.133969868e-13,2.142048264e-13,1.407396639e-13,9.282364507e-14,1.651249431e-13,1.609326907e-13,4.490840402e-14,1.923372002e-14,2.123939868e-14,1.664794001e-13,9.748408852e-14,6.462657546e-14,1.498421386e-13,3.979411966e-13,3.171901895e-13,6.406008956e-13,3.210980108e-13,4.257227154e-13,7.991198158e-14,1.770209511e-13,1.003215315e-13,3.809155463e-14,7.101952519e-14,1.558594618e-14,4.026887264e-14,1.066646694e-13,3.564207274e-13,1.37302919e-13,2.284656209e-13,4.939571039e-14,1.661352914e-13,8.046877323e-14
111.203125,3.105680592e-13,2.12154901e-13,1.383818896e-13,9.358396115e-14,1.642485144e-13,1.592794881e-13,4.508112265e-14,1.955788629e-14,2.101745675e-14,1.656809453e-13,9.879182033e-14,6.343592906e-14,1.493393151e-13,3.956669203e-13,3.158260086e-13,6.434605944e-13,3.210394495e-13,4.241860082e-13,7.912908792e-14,1.770524166e-13,9.986827595e-14,3.759068306e-14,7.059275264e-14,1.506497884e-14,4.038697238e-14,1.057299186e-13,3.545644589e-13,1.352181055e-13,2.287665672e-13,4.829845877e-14,1.654078817e-13,7.979885662e-14
111.2109375,3.079911463e-13,2.098725147e-13,1.362494291e-13,9.443110975e-14,1.636063973e-13,1.577455594e-13,4.528161863e-14,1.988036241e-14,2.081614426e-14,1.649413726e-13,1.000856628e-13,6.232767528e-14,1.489080581e-13,3.937504622e-13,3.146956487e-13,6.463767871e-13,3.211876714e-13,4.225583239e-13,7.847550959e-14,1.770840787e-13,9.943500373e-14,3.710647125e-14,7.00951389e-14,1.454469295e-14,4.047385232e-14,1.047488732e-13,3.527543602e-13,1.331891645e-13,2.290181177e-13,4.723730878e-14,1.648121444e-13,7.910800718e-14
111.21875,3.056588646e-13,2.07553591e-13,1.341980682e-13,9.519641696e-14,1.630922171e-13,1.561789027e-13,4.550910646e-14,2.020501756e-14,2.063399285e-14,1.641893248e-13,1.014280197e-13,6.128577536e-14,1.485476117e-13,3.921305147e-13,3.137509189e-13,6.494804758e-13,3.215559e-13,4.209619914e-13,7.790556386e-14,1.768976238e-13,9.904976212e-14,3.664076369e-14,6.955719048e-14,1.403396915e-14,4.05672928e-14,1.037927938e-13,3.509793865e-13,1.311842328e-13,2.29246377e-13,4.620067838e-14,1.643532587e-13,7.840888902e-14
111.2265625,3.034207726e-13,2.053473295e-13,1.321693989e-13,9.590309938e-14,1.625307529e-13,1.545998867e-13,4.575986835e-14,2.05593131e-14,2.043970453e-14,1.63405433e-13,1.028489308e-13,6.022178365e-14,1.481741145e-13,3.904601545e-13,3.130039377e-13,6.528344041e-13,3.22075537e-13,4.193909701e-13,7.734063836e-14,1.768034945e-13,9.862279391e-14,3.618097205e-14,6.905789608e-14,1.356472338e-14,4.070614491e-14,1.029205719e-13,3.492726835e-13,1.291875596e-13,2.296381342e-13,4.517429188e-14,1.639409719e-13,7.771255099e-14
111.234375,3.010830819e-13,2.029856263e-13,1.301886152e-13,9.667659396e-14,1.618647853e-13,1.531585322e-13,4.604663132e-14,2.092981936e-14,2.02108922e-14,1.626064294e-13,1.042823775e-13,5.906580369e-14,1.477466397e-13,3.884733821e-13,3.123681706e-13,6.562326603e-13,3.226321837e-13,4.175926665e-13,7.676137469e-14,1.769286463e-13,9.811385038e-14,3.572682995e-14,6.860901631e-14,1.313278292e-14,4.085908755e-14,1.021049202e-13,3.475795228e-13,1.271281836e-13,2.30117487e-13,4.41610211e-14,1.634582062e-13,7.703507064e-14
111.2421875,2.987026755e-13,2.005201071e-13,1.281243276e-13,9.742104353e-14,1.612104254e-13,1.517163451e-13,4.633172067e-14,2.128653341e-14,1.996340599e-14,1.617813026e-13,1.057679524e-13,5.786494803e-14,1.473275994e-13,3.862554344e-13,3.116339638e-13,6.594540808e-13,3.231077192e-13,4.154016594e-13,7.622856478e-14,1.770785708e-13,9.760565914e-14,3.527357939e-14,6.816013256e-14,1.268456436e-14,4.098863724e-14,1.01311409e-13,3.458658411e-13,1.250204734e-13,2.304032579e-13,4.315186321e-14,1.628779128e-13,7.639839345e-14
111.25,2.965850225e-13,1.981576135e-13,1.260244037e-13,9.811469515e-14,1.607575037e-13,1.502100762e-13,4.659779454e-14,2.164474023e-14,1.973343112e-14,1.609566635e-13,1.073767944e-13,5.674340828e-14,1.46947809e-13,3.841664367e-13,3.108725836e-13,6.625761218e-13,3.235929423e-13,4.129854183e-13,7.58154041e-14,1.772122599e-13,9.716030035e-14,3.482708841e-14,6.766713767e-14,1.22278828e-14,4.111114048e-14,1.005679219e-13,3.441538597e-13,1.229848015e-13,2.305009053e-13,4.214120365e-14,1.623431265e-13,7.580467964e-14
111.2578125,2.947466066e-13,1.958282927e-13,1.240587588e-13,9.889260383e-14,1.604642734e-13,1.488485865e-13,4.689199482e-14,2.202895365e-14,1.952193273e-14,1.601807689e-13,1.090322723e-13,5.570041713e-14,1.465179785e-13,3.822293109e-13,3.102296285e-13,6.656380051e-13,3.241700995e-13,4.105353536e-13,7.547934425e-14,1.774227342e-13,9.675236365e-14,3.439043962e-14,6.713192133e-14,1.183065079e-14,4.123454752e-14,9.988048915e-14,3.423351379e-13,1.210288234e-13,2.306303321e-13,4.114918388e-14,1.618688929e-13,7.521271008e-14
111.265625,2.928915551e-13,1.935326191e-13,1.221397126e-13,9.964757454e-14,1.602034402e-13,1.475803577e-13,4.72057811e-14,2.243574484e-14,1.930957038e-14,1.594233186e-13,1.106376816e-13,5.464229082e-14,1.460342594e-13,3.801878986e-13,3.095979358e-13,6.684845848e-13,3.247000435e-13,4.080892274e-13,7.512280534e-14,1.777243336e-13,9.631597753e-14,3.394100745e-14,6.659805043e-14,1.148199385e-14,4.134844551e-14,9.918405041e-14,3.40414101e-13,1.190641382e-13,2.308559585e-13,4.017941686e-14,1.61319951e-13,7.457827151e-14
111.2734375,2.909388542e-13,1.913024467e-13,1.201487859e-13,1.002911869e-13,1.599967258e-13,1.461939079e-13,4.748371719e-14,2.285948779e-14,1.910636667e-14,1.586628597e-13,1.12219644e-13,5.356925567e-14,1.456160852e-13,3.780526884e-13,3.089448348e-13,6.71171333e-13,3.25136552e-13,4.05589119e-13,7.477625078e-14,1.780583904e-13,9.58052233e-14,3.348128214e-14,6.6094189e-14,1.113250741e-14,4.146645188e-14,9.847497851e-14,3.386089659e-13,1.171099842e-13,2.311450686e-13,3.920368127e-14,1.607272337e-13,7.39119458e-14
111.28125,2.890385488e-13,1.890578582e-13,1.181401016e-13,1.010478045e-13,1.597890479e-13,1.447777933e-13,4.77365942e-14,2.328847771e-14,1.891046e-14,1.579411988e-13,1.138614491e-13,5.251647099e-14,1.452704196e-13,3.758946507e-13,3.083988129e-13,6.738966598e-13,3.256496533e-13,4.028530942e-13,7.454015613e-14,1.783672099e-13,9.527057355e-14,3.303682381e-14,6.560064358e-14,1.081324317e-14,4.159145187e-14,9.784796355e-14,3.369094088e-13,1.152483429e-13,2.31483233e-13,3.822144613e-14,1.60170559e-13,7.325465317e-14
111.2890625,2.872518287e-13,1.869164776e-13,1.162133906e-13,1.019460278e-13,1.595147547e-13,1.434664693e-13,4.80025151e-14,2.370236835e-14,1.868994197e-14,1.572380871e-13,1.155795269e-13,5.148594559e-14,1.449437618e-13,3.736794922e-13,3.080049556e-13,6.766681278e-13,3.263515967e-13,3.998320036e-13,7.441397867e-14,1.786932986e-13,9.479690863e-14,3.25924817e-14,6.508893137e-14,1.054592952e-14,4.171058596e-14,9.734954253e-14,3.351887592e-13,1.134675922e-13,2.318201958e-13,3.728125481e-14,1.596292064e-13,7.262771585e-14
111.296875,2.855279966e-13,1.849382196e-13,1.14447085e-13,1.027390324e-13,1.593312626e-13,1.421886907e-13,4.827640513e-14,2.410686235e-14,1.845758092e-14,1.564975278e-13,1.172880176e-13,5.051642236e-14,1.446559932e-13,3.715295406e-13,3.07740771e-13,6.794140439e-13,3.271824596e-13,3.96753512e-13,7.433032794e-14,1.791129703e-13,9.435858391e-14,3.212974918e-14,6.455399014e-14,1.027588171e-14,4.183402388e-14,9.694688617e-14,3.335776878e-13,1.116889485e-13,2.321315133e-13,3.641329583e-14,1.591484356e-13,7.202290364e-14
111.3046875,2.838773648e-13,1.828953584e-13,1.127744577e-13,1.034256212e-13,1.59360607e-13,1.408977684e-13,4.85395286e-14,2.45263556e-14,1.825509955e-14,1.557452428e-13,1.189511073e-13,4.961865746e-14,1.443857146e-13,3.695205769e-13,3.075043301e-13,6.820363412e-13,3.280239305e-13,3.936500034e-13,7.427774764e-14,1.795883585e-13,9.39208864e-14,3.167989123e-14,6.400937096e-14,9.996143961e-15,4.195525107e-14,9.6587058e-14,3.320844048e-13,1.099056299e-13,2.32416215e-13,3.558273124e-14,1.587489255e-13,7.140053658e-14
111.3125,2.824572339e-13,1.807892024e-13,1.110497536e-13,1.041875856e-13,1.59557203e-13,1.39669219e-13,4.879476587e-14,2.497068788e-14,1.806821215e-14,1.550144758e-13,1.206726329e-13,4.872833884e-14,1.441113618e-13,3.675612514e-13,3.072118011e-13,6.844303102e-13,3.288508708e-13,3.903142498e-13,7.429376261e-14,1.800808799e-13,9.354648256e-14,3.126682422e-14,6.347910511e-14,9.760805296e-15,4.204372819e-14,9.619134324e-14,3.304368954e-13,1.081964924e-13,2.326011212e-13,3.473663084e-14,1.583415298e-13,7.072622423e-14
111.3203125,2.813116869e-13,1.787826058e-13,1.092919106e-13,1.050592758e-13,1.598620501e-13,1.385422106e-13,4.906453198e-14,2.542606795e-14,1.787059262e-14,1.542754049e-13,1.225007567e-13,4.783371027e-14,1.438873589e-13,3.656604665e-13,3.069887329e-13,6.866955683e-13,3.297044456e-13,3.868278117e-13,7.437035458e-14,1.806177924e-13,9.321567944e-14,3.086772964e-14,6.297057374e-14,9.564682084e-15,4.211313413e-14,9.574371501e-14,3.285900736e-13,1.065505408e-13,2.32668573e-13,3.387190804e-14,1.57938013e-13,7.00253421e-14
111.328125,2.801561563e-13,1.767577637e-13,1.075673632e-13,1.059601135e-13,1.601776409e-13,1.374283595e-13,4.935305325e-14,2.586273939e-14,1.768797868e-14,1.535238837e-13,1.243619597e-13,4.698368465e-14,1.436907528e-13,3.637711469e-13,3.068741942e-13,6.889584763e-13,3.305300941e-13,3.834128871e-13,7.445738699e-14,1.811632702e-13,9.281687199e-14,3.045986758e-14,6.24622566e-14,9.365515177e-15,4.220032434e-14,9.537740937e-14,3.267434805e-13,1.04858747e-13,2.32742878e-13,3.303359333e-14,1.575713134e-13,6.934762933e-14
111.3359375,2.788162177e-13,1.74654335e-13,1.058864154e-13,1.067942445e-13,1.60451415e-13,1.362586842e-13,4.96296296e-14,2.627056936e-14,1.753272482e-14,1.528131092e-13,1.262322312e-13,4.618343086e-14,1.434838447e-13,3.617269239e-13,3.067178756e-13,6.911619108e-13,3.312817437e-13,3.799916678e-13,7.457398488e-14,1.817012742e-13,9.236383536e-14,3.005183411e-14,6.194895743e-14,9.167595165e-15,4.231116807e-14,9.519515881e-14,3.249994519e-13,1.031537795e-13,2.329069885e-13,3.224818009e-14,1.571588559e-13,6.870806431e-14
111.34375,2.775158635e-13,1.726251265e-13,1.042872699e-13,1.075760908e-13,1.607835261e-13,1.351045344e-13,4.988290596e-14,2.667315829e-14,1.737169386e-14,1.521410154e-13,1.28122835e-13,4.541087422e-14,1.433239358e-13,3.595779205e-13,3.065731462e-13,6.932798828e-13,3.320331437e-13,3.764040524e-13,7.479502033e-14,1.823060341e-13,9.192882755e-14,2.96573668e-14,6.14518324e-14,8.98956905e-15,4.243600485e-14,9.511668734e-14,3.233531865e-13,1.015541879e-13,2.331127922e-13,3.148494397e-14,1.567056246e-13,6.809699094e-14
111.3515625,2.763814763e-13,1.707011828e-13,1.027151649e-13,1.084509987e-13,1.612273648e-13,1.339824217e-13,5.0127027e-14,2.708585279e-14,1.719413968e-14,1.514176989e-13,1.300105793e-13,4.46598863e-14,1.431629906e-13,3.574088652e-13,3.065632236e-13,6.953161898e-13,3.327682657e-13,3.726492178e-13,7.513288303e-14,1.829863679e-13,9.150392093e-14,2.926790686e-14,6.096142875e-14,8.827740551e-15,4.254669424e-14,9.504180044e-14,3.217173348e-13,1.000276534e-13,2.332699784e-13,3.070837471e-14,1.562718461e-13,6.748964097e-14
111.359375,2.753007551e-13,1.689150405e-13,1.010862862e-13,1.09438257e-13,1.617410482e-13,1.328272386e-13,5.035214481e-14,2.749602032e-14,1.70168277e-14,1.506293005e-13,1.319194999e-13,4.393417633e-14,1.429387466e-13,3.551441814e-13,3.066190345e-13,6.972265907e-13,3.334073788e-13,3.687710471e-13,7.556800076e-14,1.837030157e-13,9.109091113e-14,2.887935609e-14,6.044773398e-14,8.676092966e-15,4.261404977e-14,9.4996774e-14,3.200116701e-13,9.854666976e-14,2.333384218e-13,2.992906961e-14,1.558251685e-13,6.686200621e-14
111.3671875,2.743512649e-13,1.673105409e-13,9.949505605e-14,1.104223878e-13,1.623169406e-13,1.317296827e-13,5.05578769e-14,2.788512686e-14,1.684333604e-14,1.498826045e-13,1.338800931e-13,4.325354858e-14,1.428080198e-13,3.529127791e-13,3.067597431e-13,6.990639278e-13,3.340265983e-13,3.648630857e-13,7.610325689e-14,1.844197265e-13,9.06925155e-14,2.851581406e-14,5.992626042e-14,8.530469322e-15,4.267313698e-14,9.503070534e-14,3.183156981e-13,9.719166394e-14,2.333834126e-13,2.916918414e-14,1.554135055e-13,6.623639836e-14
111.375,2.736157449e-13,1.656553751e-13,9.802863839e-14,1.113902618e-13,1.629238412e-13,1.307642134e-13,5.077809325e-14,2.825297429e-14,1.66802463e-14,1.491959813e-13,1.358399323e-13,4.26257062e-14,1.428111641e-13,3.508837417e-13,3.070677028e-13,7.008237292e-13,3.346827725e-13,3.610597446e-13,7.668335218e-14,1.850640614e-13,9.025897572e-14,2.817472871e-14,5.943015477e-14,8.396381576e-15,4.277310961e-14,9.511780147e-14,3.166600171e-13,9.589269385e-14,2.334787636e-13,2.843471829e-14,1.551008449e-13,6.563501276e-14
111.3828125,2.728430538e-13,1.638299714e-13,9.665351862e-14,1.123414184e-13,1.635283534e-13,1.297832046e-13,5.101084112e-14,2.861566399e-14,1.653804261e-14,1.484941874e-13,1.377509424e-13,4.202913565e-14,1.427341319e-13,3.488361216e-13,3.074306664e-13,7.023668851e-13,3.35276491e-13,3.573569024e-13,7.72276724e-14,1.856974009e-13,8.980525358e-14,2.781422697e-14,5.894829731e-14,8.287562642e-15,4.288785749e-14,9.522908191e-14,3.149522561e-13,9.451975562e-14,2.335834975e-13,2.773130573e-14,1.547809705e-13,6.501406883e-14
111.390625,2.719574468e-13,1.620920463e-13,9.534347375e-14,1.131916237e-13,1.642057409e-13,1.287202794e-13,5.121024055e-14,2.896520215e-14,1.64048671e-14,1.478188037e-13,1.396439662e-13,4.147738776e-14,1.425801213e-13,3.466184529e-13,3.077355015e-13,7.036896751e-13,3.35774304e-13,3.536346392e-13,7.777956082e-14,1.864479626e-13,8.939321833e-14,2.744061522e-14,5.846736461e-14,8.189027454e-15,4.298348092e-14,9.540693883e-14,3.132633612e-13,9.318164629e-14,2.33652523e-13,2.705338298e-14,1.544464697e-13,6.435882597e-14
111.3984375,2.712895755e-13,1.604705364e-13,9.404328854e-14,1.139683469e-13,1.650289896e-13,1.276738677e-13,5.13601376e-14,2.928765565e-14,1.627034128e-14,1.472283961e-13,1.415904038e-13,4.10043924e-14,1.42532822e-13,3.444287876e-13,3.079785668e-13,7.04826107e-13,3.362447754e-13,3.498341594e-13,7.844881357e-14,1.872110049e-13,8.899440815e-14,2.709722961e-14,5.801373163e-14,8.084645845e-15,4.308665473e-14,9.570002668e-14,3.116865106e-13,9.199350756e-14,2.337089345e-13,2.638646239e-14,1.54202553e-13,6.374285402e-14
111.40625,2.708793584e-13,1.587338667e-13,9.272116392e-14,1.148174992e-13,1.659730527e-13,1.266557135e-13,5.148578283e-14,2.961866506e-14,1.614173879e-14,1.466410525e-13,1.436312132e-13,4.057061838e-14,1.425304139e-13,3.422612391e-13,3.081560685e-13,7.056957238e-13,3.366666239e-13,3.459618838e-13,7.924858233e-14,1.87902785e-13,8.855662883e-14,2.677340836e-14,5.759716613e-14,8.002685381e-15,4.32111861e-14,9.608129864e-14,3.100829839e-13,9.085247142e-14,2.337198005e-13,2.573568992e-14,1.539231711e-13,6.319039334e-14
111.4140625,2.703922043e-13,1.570239523e-13,9.145530052e-14,1.157964091e-13,1.669816036e-13,1.256473434e-13,5.160567662e-14,2.996895128e-14,1.601998653e-14,1.460325025e-13,1.457450948e-13,4.012742187e-14,1.424615491e-13,3.399600004e-13,3.083419964e-13,7.062999575e-13,3.369155105e-13,3.42024846e-13,8.011760003e-14,1.886368481e-13,8.810286926e-14,2.644530689e-14,5.71868356e-14,7.950540187e-15,4.332444242e-14,9.650794531e-14,3.083752832e-13,8.971613381e-14,2.336385969e-13,2.510601316e-14,1.53502273e-13,6.263872099e-14
111.421875,2.697746593e-13,1.555956226e-13,9.028089443e-14,1.168375815e-13,1.679850125e-13,1.246887754e-13,5.17161619e-14,3.028091573e-14,1.590748536e-14,1.454860177e-13,1.479017091e-13,3.972278114e-14,1.424065793e-13,3.376773621e-13,3.086485279e-13,7.066947485e-13,3.369699488e-13,3.380581233e-13,8.101339269e-14,1.893824678e-13,8.767627105e-14,2.612813941e-14,5.677342717e-14,7.892072702e-15,4.341769596e-14,9.699515165e-14,3.066653476e-13,8.867187248e-14,2.335393973e-13,2.449582962e-14,1.531150027e-13,6.207512181e-14
111.4296875,2.69168465e-13,1.542853934e-13,8.917066929e-14,1.178316943e-13,1.689282556e-13,1.237506217e-13,5.181965702e-14,3.055751035e-14,1.581150371e-14,1.449649405e-13,1.500484072e-13,3.940083159e-14,1.423737201e-13,3.354968399e-13,3.090625176e-13,7.06930255e-13,3.37028111e-13,3.341122472e-13,8.19307992e-14,1.90102269e-13,8.728237926e-14,2.581443703e-14,5.638092873e-14,7.836028652e-15,4.351588841e-14,9.755821453e-14,3.049815248e-13,8.768453923e-14,2.335071256e-13,2.39314043e-14,1.527985028e-13,6.15326819e-14
111.4375,2.685818634e-13,1.529346912e-13,8.811473505e-14,1.187326352e-13,1.698704651e-13,1.227816184e-13,5.192561209e-14,3.085973748e-14,1.57217618e-14,1.443930297e-13,1.520930388e-13,3.91232797e-14,1.422874207e-13,3.332283902e-13,3.095319784e-13,7.071474488e-13,3.37226247e-13,3.301889468e-13,8.291743573e-14,1.909092438e-13,8.690011446e-14,2.548879058e-14,5.601112014e-14,7.816083192e-15,4.362042984e-14,9.817301074e-14,3.033287139e-13,8.669143348e-14,2.334999312e-13,2.342617362e-14,1.524189739e-13,6.099433409e-14
111.4453125,2.681272173e-13,1.516558608e-13,8.705813858e-14,1.196340544e-13,1.709330782e-13,1.218065924e-13,5.201633213e-14,3.116997095e-14,1.563149085e-14,1.43829653e-13,1.540652867e-13,3.88656159e-14,1.422264779e-13,3.309082123e-13,3.100602703e-13,7.073350674e-13,3.373919186e-13,3.26264989e-13,8.401606709e-14,1.916545199e-13,8.652211704e-14,2.518427184e-14,5.564431317e-14,7.809776046e-15,4.372058454e-14,9.882790332e-14,3.017507167e-13,8.576563171e-14,2.334397401e-13,2.293439593e-14,1.520664517e-13,6.044290615e-14
111.453125,2.678633375e-13,1.503773611e-13,8.597505696e-14,1.206319e-13,1.720947074e-13,1.208275005e-13,5.206810086e-14,3.143642461e-14,1.554881974e-14,1.432978743e-13,1.560891819e-13,3.863055139e-14,1.42271003e-13,3.286783762e-13,3.105923026e-13,7.072071435e-13,3.37349492e-13,3.223247515e-13,8.514315692e-14,1.921651833e-13,8.615398504e-14,2.490544654e-14,5.528296131e-14,7.788701191e-15,4.383522689e-14,9.952097745e-14,3.001635897e-13,8.488410977e-14,2.333394939e-13,2.242436406e-14,1.518361425e-13,5.990122346e-14
111.4609375,2.675081709e-13,1.489651862e-13,8.494232239e-14,1.216719321e-13,1.731974743e-13,1.197951802e-13,5.209033296e-14,3.166187909e-14,1.546855617e-14,1.427352279e-13,1.58128095e-13,3.840486474e-14,1.423449388e-13,3.264060538e-13,3.109998469e-13,7.06600932e-13,3.371380897e-13,3.183517102e-13,8.61870034e-14,1.926896113e-13,8.577364326e-14,2.460329363e-14,5.493864209e-14,7.765309339e-15,4.397194525e-14,1.002380068e-13,2.984714252e-13,8.391967616e-14,2.332720148e-13,2.193086524e-14,1.51602559e-13,5.936389257e-14
111.46875,2.669352118e-13,1.476474659e-13,8.399969794e-14,1.226717284e-13,1.74198487e-13,1.187106167e-13,5.209497109e-14,3.186355988e-14,1.539334284e-14,1.422006574e-13,1.600803516e-13,3.821526807e-14,1.424040671e-13,3.240249053e-13,3.113008914e-13,7.056738621e-13,3.367905106e-13,3.143831476e-13,8.71999666e-14,1.933768121e-13,8.538043232e-14,2.427931111e-14,5.460267411e-14,7.745705631e-15,4.40975223e-14,1.010028684e-13,2.96748574e-13,8.298615042e-14,2.332515256e-13,2.14865292e-14,1.513426226e-13,5.880347364e-14
111.4765625,2.663572349e-13,1.46575774e-13,8.313554817e-14,1.23622426e-13,1.752047608e-13,1.176445455e-13,5.209341107e-14,3.205612697e-14,1.534978831e-14,1.417826311e-13,1.620003883e-13,3.810123056e-14,1.424897764e-13,3.216889581e-13,3.117096188e-13,7.046880138e-13,3.363670142e-13,3.105068527e-13,8.8289042e-14,1.940778351e-13,8.503353006e-14,2.397928842e-14,5.426705569e-14,7.729623998e-15,4.42082844e-14,1.018685436e-13,2.950982694e-13,8.227866237e-14,2.332291158e-13,2.107760131e-14,1.511572282e-13,5.823096396e-14
111.484375,2.658920604e-13,1.455598602e-13,8.239420547e-14,1.24512156e-13,1.76270813e-13,1.166594158e-13,5.211525402e-14,3.22463144e-14,1.533858543e-14,1.414133752e-13,1.639429125e-13,3.804504591e-14,1.425971038e-13,3.194833076e-13,3.123292839e-13,7.037777706e-13,3.360592494e-13,3.067732992e-13,8.944447759e-14,1.947966437e-13,8.474279323e-14,2.370724295e-14,5.393132163e-14,7.730269459e-15,4.434367659e-14,1.028381851e-13,2.935502337e-13,8.168572145e-14,2.332205215e-13,2.069378693e-14,1.510464496e-13,5.768581547e-14
111.4921875,2.655517418e-13,1.446018651e-13,8.179728718e-14,1.253816372e-13,1.773841854e-13,1.15715443e-13,5.213122004e-14,3.24063884e-14,1.532896877e-14,1.410371417e-13,1.658332299e-13,3.80318667e-14,1.426971735e-13,3.173707892e-13,3.130256493e-13,7.028538455e-13,3.358325599e-13,3.031954578e-13,9.062279598e-14,1.955715091e-13,8.44454105e-14,2.34351953e-14,5.35817091e-14,7.74831648e-15,4.450185301e-14,1.038741514e-13,2.920676817e-13,8.103061094e-14,2.33305688e-13,2.035354111e-14,1.509749221e-13,5.719331421e-14
111.5,2.652435521e-13,1.438197108e-13,8.11918676e-14,1.263521595e-13,1.785337535e-13,1.146756125e-13,5.206175846e-14,3.252489234e-14,1.529631798e-14,1.406750904e-13,1.676674165e-13,3.803846185e-14,1.428033608e-13,3.151135685e-13,3.136461407e-13,7.017050993e-13,3.353594929e-13,2.996818574e-13,9.181974733e-14,1.963219963e-13,8.413686828e-14,2.313973588e-14,5.321769084e-14,7.776624049e-15,4.465247882e-14,1.049434243e-13,2.905150455e-13,8.034365336e-14,2.334381605e-13,2.004772234e-14,1.508431678e-13,5.673216103e-14
111.5078125,2.647304415e-13,1.430144076e-13,8.0401298e-14,1.274010206e-13,1.796626569e-13,1.134941585e-13,5.19383886e-14,3.26353794e-14,1.52363734e-14,1.402425243e-13,1.696209493e-13,3.800025203e-14,1.429488923e-13,3.124643831e-13,3.141470578e-13,7.002015966e-13,3.345518655e-13,2.960055231e-13,9.30465224e-14,1.970373375e-13,8.387719175e-14,2.282500572e-14,5.287109261e-14,7.820330868e-15,4.481298467e-14,1.060135277e-13,2.887953268e-13,7.965772275e-14,2.334238668e-13,1.972479517e-14,1.505164022e-13,5.626764362e-14
111.515625,2.641442773e-13,1.421278167e-13,7.957411597e-14,1.283873464e-13,1.807658163e-13,1.123316817e-13,5.186542561e-14,3.275852632e-14,1.518987526e-14,1.397009454e-13,1.717665146e-13,3.795563696e-14,1.431452257e-13,3.097458245e-13,3.146463951e-13,6.98455607e-13,3.336734079e-13,2.921478063e-13,9.435013244e-14,1.977061354e-13,8.366508892e-14,2.254037062e-14,5.255021055e-14,7.879474064e-15,4.500354561e-14,1.070852588e-13,2.869836974e-13,7.90076172e-14,2.332118439e-13,1.938025461e-14,1.501427551e-13,5.582771446e-14
111.5234375,2.638563036e-13,1.41454298e-13,7.899188928e-14,1.293274e-13,1.819516069e-13,1.1130624e-13,5.182022017e-14,3.288402428e-14,1.520402394e-14,1.39241136e-13,1.738367088e-13,3.801456846e-14,1.433224299e-13,3.074078832e-13,3.153331275e-13,6.967213802e-13,3.328565511e-13,2.883821579e-13,9.574785702e-14,1.983798725e-13,8.341831524e-14,2.231248912e-14,5.222592809e-14,7.943532301e-15,4.519071384e-14,1.082196644e-13,2.851701141e-13,7.851600433e-14,2.330170624e-13,1.907615975e-14,1.499496327e-13,5.545168626e-14
111.53125,2.637062707e-13,1.409961719e-13,7.857321045e-14,1.302869882e-13,1.832179621e-13,1.102926608e-13,5.171647914e-14,3.299572627e-14,1.524228057e-14,1.389347706e-13,1.756283658e-13,3.814910683e-14,1.434004026e-13,3.051864221e-13,3.161309432e-13,6.949893953e-13,3.319672187e-13,2.847850312e-13,9.717197201e-14,1.992405421e-13,8.310793741e-14,2.209686543e-14,5.189971393e-14,8.004774489e-15,4.535328175e-14,1.094610351e-13,2.833362852e-13,7.815006949e-14,2.329892052e-13,1.883266336e-14,1.497931587e-13,5.510563044e-14
111.5390625,2.633823267e-13,1.405285458e-13,7.810449268e-14,1.31218687e-13,1.84463382e-13,1.091882186e-13,5.157688892e-14,3.308271454e-14,1.525187382e-14,1.38573059e-13,1.773906783e-13,3.829306927e-14,1.434618074e-13,3.027198645e-13,3.168179426e-13,6.930119077e-13,3.309321201e-13,2.812139542e-13,9.858567354e-14,2.002489484e-13,8.282423526e-14,2.186412407e-14,5.160681265e-14,8.061285666e-15,4.552004338e-14,1.107857545e-13,2.81454465e-13,7.77713122e-14,2.330055283e-13,1.860653037e-14,1.494987532e-13,5.475962225e-14
111.546875,2.630421317e-13,1.401188253e-13,7.759941127e-14,1.321416692e-13,1.857176987e-13,1.080711307e-13,5.144651687e-14,3.314433062e-14,1.526689296e-14,1.380776316e-13,1.793220284e-13,3.847658025e-14,1.436386789e-13,3.002119233e-13,3.174348582e-13,6.907599322e-13,3.298197683e-13,2.777188049e-13,1.000043396e-13,2.0119579e-13,8.261032167e-14,2.163476364e-14,5.134832588e-14,8.123618313e-15,4.57088349e-14,1.121513036e-13,2.795577335e-13,7.739447138e-14,2.329457443e-13,1.838040356e-14,1.491930429e-13,5.443714328e-14
111.5546875,2.628453967e-13,1.398539385e-13,7.704804289e-14,1.331297524e-13,1.870216926e-13,1.06955756e-13,5.128852971e-14,3.319504026e-14,1.53201957e-14,1.375992676e-13,1.81227026e-13,3.869259316e-14,1.43894872e-13,2.978233607e-13,3.180889945e-13,6.882971894e-13,3.286468017e-13,2.74383192e-13,1.014398809e-13,2.020236807e-13,8.238053233e-14,2.141243062e-14,5.109306333e-14,8.215019381e-15,4.590733451e-14,1.13525239e-13,2.776865852e-13,7.705335025e-14,2.328373816e-13,1.81694036e-14,1.48917075e-13,5.414372642e-14
111.5625,2.627418292e-13,1.396160984e-13,7.646724275e-14,1.341430303e-13,1.883634574e-13,1.058105231e-13,5.108522429e-14,3.326703611e-14,1.538577568e-14,1.371994052e-13,1.830389216e-13,3.892260451e-14,1.441662903e-13,2.954716679e-13,3.187827972e-13,6.855426549e-13,3.273659438e-13,2.710938877e-13,1.029660851e-13,2.027473917e-13,8.212462607e-14,2.119870803e-14,5.083943615e-14,8.340862592e-15,4.61177272e-14,1.148976356e-13,2.75798177e-13,7.674694313e-14,2.326800261e-13,1.797365872e-14,1.48585805e-13,5.388004807e-14
111.5703125,2.627464841e-13,1.394019298e-13,7.608664582e-14,1.351695423e-13,1.898369689e-13,1.047262473e-13,5.087266262e-14,3.33652019e-14,1.545860235e-14,1.36830374e-13,1.849103991e-13,3.923398798e-14,1.445097275e-13,2.9324629e-13,3.196328709e-13,6.826023176e-13,3.259726457e-13,2.677883774e-13,1.04633246e-13,2.03467863e-13,8.192694784e-14,2.102152262e-14,5.061848822e-14,8.469060336e-15,4.636130217e-14,1.163194224e-13,2.738191295e-13,7.655481305e-14,2.324968337e-13,1.779314358e-14,1.483434116e-13,5.367208601e-14
111.578125,2.627981276e-13,1.393222718e-13,7.591009452e-14,1.362959628e-13,1.913865662e-13,1.03699688e-13,5.065194572e-14,3.343291388e-14,1.554194249e-14,1.364694143e-13,1.867963548e-13,3.962056487e-14,1.449432107e-13,2.911813563e-13,3.206801682e-13,6.797115146e-13,3.245296185e-13,2.645099158e-13,1.063250683e-13,2.04300871e-13,8.175365357e-14,2.08696333e-14,5.043486058e-14,8.579656239e-15,4.663849994e-14,1.178485088e-13,2.718196834e-13,7.646088954e-14,2.324036499e-13,1.764057015e-14,1.483078726e-13,5.350479345e-14
111.5859375,2.628022387e-13,1.393932952e-13,7.570602843e-14,1.375241763e-13,1.927474069e-13,1.02600653e-13,5.04027819e-14,3.344111527e-14,1.56118846e-14,1.360939005e-13,1.886180583e-13,4.000316828e-14,1.453822156e-13,2.890735293e-13,3.217280859e-13,6.767995586e-13,3.230952361e-13,2.612753151e-13,1.079581607e-13,2.050935864e-13,8.153530346e-14,2.07025332e-14,5.025305024e-14,8.701157053e-15,4.691766117e-14,1.194436289e-13,2.698905034e-13,7.636807269e-14,2.323360557e-13,1.751993889e-14,1.482759136e-13,5.33344313e-14
111.59375,2.627925269e-13,1.395267037e-13,7.551746875e-14,1.387131743e-13,1.940013451e-13,1.01461904e-13,5.013099067e-14,3.342567613e-14,1.568987512e-14,1.357236811e-13,1.904438475e-13,4.041624672e-14,1.457538497e-13,2.868344697e-13,3.226474803e-13,6.736137769e-13,3.215455342e-13,2.58122801e-13,1.096144479e-13,2.057613754e-13,8.132183672e-14,2.054027502e-14,5.005809517e-14,8.848524173e-15,4.717426658e-14,1.210377362e-13,2.678983687e-13,7.632546225e-14,2.321000899e-13,1.74295686e-14,1.4811422e-13,5.316787209e-14
111.6015625,2.626631589e-13,1.395896996e-13,7.544406851e-14,1.397117796e-13,1.95370832e-13,1.003609049e-13,4.983736886e-14,3.339016933e-14,1.582104314e-14,1.354326269e-13,1.92249085e-13,4.089705475e-14,1.460445391e-13,2.845225349e-13,3.23431809e-13,6.700283671e-13,3.196636375e-13,2.550308224e-13,1.113129256e-13,2.06482261e-13,8.1141404e-14,2.041943122e-14,4.987418751e-14,8.993870192e-15,4.742478621e-14,1.226724192e-13,2.65726615e-13,7.635079297e-14,2.317686422e-13,1.737159618e-14,1.479652712e-13,5.303058328e-14
111.609375,2.623754459e-13,1.396295307e-13,7.53424779e-14,1.406350961e-13,1.966099125e-13,9.924389201e-14,4.95211034e-14,3.33284244e-14,1.597524338e-14,1.35201663e-13,1.939752245e-13,4.136565616e-14,1.463425994e-13,2.822008366e-13,3.241716373e-13,6.661950729e-13,3.17573009e-13,2.519086613e-13,1.129811089e-13,2.072092683e-13,8.0961815e-14,2.030914172e-14,4.970366577e-14,9.136204944e-15,4.769850024e-14,1.243930856e-13,2.635164016e-13,7.636294922e-14,2.315109407e-13,1.73401952e-14,1.478996038e-13,5.291099632e-14
111.6171875,2.623117275e-13,1.399015188e-13,7.516360055e-14,1.418244384e-13,1.976150989e-13,9.814043592e-14,4.920071415e-14,3.328444519e-14,1.610482428e-14,1.349363837e-13,1.956444644e-13,4.180073719e-14,1.467844231e-13,2.80009873e-13,3.250894902e-13,6.625040449e-13,3.156348969e-13,2.488607478e-13,1.146539511e-13,2.078611871e-13,8.079761376e-14,2.018562796e-14,4.952444822e-14,9.301563396e-15,4.799741813e-14,1.261379037e-13,2.613578418e-13,7.642919763e-14,2.312705318e-13,1.732267033e-14,1.478368913e-13,5.279837787e-14
111.625,2.62604807e-13,1.403903926e-13,7.502233357e-14,1.432025865e-13,1.988072115e-13,9.712008456e-14,4.88791086e-14,3.32519819e-14,1.623388414e-14,1.346166453e-13,1.97225654e-13,4.228020362e-14,1.473466307e-13,2.780250057e-13,3.261587733e-13,6.590011727e-13,3.138475873e-13,2.460681492e-13,1.163957697e-13,2.08656872e-13,8.063371329e-14,2.009104593e-14,4.93551427e-14,9.480834785e-15,4.831676058e-14,1.279030821e-13,2.591596816e-13,7.659378095e-14,2.310329647e-13,1.731705968e-14,1.477739802e-13,5.271456913e-14
111.6328125,2.627825037e-13,1.407565926e-13,7.495850344e-14,1.442902449e-13,2.002076463e-13,9.606029836e-14,4.854533547e-14,3.317356106e-14,1.639480666e-14,1.342721861e-13,1.987537629e-13,4.282355829e-14,1.478793517e-13,2.760864948e-13,3.270897239e-13,6.552061172e-13,3.119208222e-13,2.434378725e-13,1.18160371e-13,2.095540453e-13,8.042721268e-14,2.003598536e-14,4.922940437e-14,9.654901155e-15,4.866495004e-14,1.297875599e-13,2.56916812e-13,7.670431293e-14,2.308798445e-13,1.733239432e-14,1.477516593e-13,5.266936153e-14
111.640625,2.626649282e-13,1.409221843e-13,7.495578185e-14,1.451327325e-13,2.014819336e-13,9.486297187e-14,4.820059609e-14,3.306606475e-14,1.657378004e-14,1.339163212e-13,2.003630539e-13,4.339767488e-14,1.483493039e-13,2.74069581e-13,3.278976605e-13,6.509915986e-13,3.098110289e-13,2.408031242e-13,1.199169037e-13,2.103398767e-13,8.023301099e-14,1.997839684e-14,4.912679826e-14,9.829719192e-15,4.903186777e-14,1.317598285e-13,2.546872481e-13,7.673344093e-14,2.306793718e-13,1.737186e-14,1.477540319e-13,5.263561683e-14
111.6484375,2.626805039e-13,1.411516992e-13,7.500369104e-14,1.461625883e-13,2.028483581e-13,9.366308929e-14,4.784112517e-14,3.29719146e-14,1.676448475e-14,1.335841104e-13,2.019936088e-13,4.400707149e-14,1.488320854e-13,2.721299381e-13,3.288166961e-13,6.468368559e-13,3.076917797e-13,2.382524937e-13,1.217213521e-13,2.112563804e-13,8.009192089e-14,1.992914022e-14,4.90180451e-14,1.000872975e-14,4.939591909e-14,1.336949513e-13,2.524621112e-13,7.683600302e-14,2.303449804e-13,1.743408536e-14,1.477955651e-13,5.260539323e-14
111.65625,2.630303776e-13,1.415650352e-13,7.513670099e-14,1.473222174e-13,2.045351576e-13,9.259599472e-14,4.747440051e-14,3.287250811e-14,1.698019855e-14,1.333073112e-13,2.035140406e-13,4.467810725e-14,1.4937315e-13,2.704501887e-13,3.298746878e-13,6.42921683e-13,3.056367584e-13,2.359279734e-13,1.235910653e-13,2.12404214e-13,7.994464589e-14,1.992812605e-14,4.892278126e-14,1.019823634e-14,4.977294322e-14,1.356244621e-13,2.50249146e-13,7.707324054e-14,2.300657446e-13,1.752982743e-14,1.479194344e-13,5.260945108e-14
111.6640625,2.63397864e-13,1.420247144e-13,7.544057371e-14,1.484321233e-13,2.061347319e-13,9.162119494e-14,4.7134983e-14,3.275344958e-14,1.720996991e-14,1.330345461e-13,2.050167606e-13,4.541644487e-14,1.49991699e-13,2.689542286e-13,3.31037379e-13,6.38918967e-13,3.036057517e-13,2.337376637e-13,1.254715417e-13,2.133570461e-13,7.978982423e-14,1.994858335e-14,4.88516635e-14,1.041531328e-14,5.018587813e-14,1.376241114e-13,2.479983868e-13,7.739691099e-14,2.298552911e-13,1.766844816e-14,1.481258865e-13,5.264594104e-14
111.671875,2.635775931e-13,1.424657395e-13,7.589048156e-14,1.496777676e-13,2.074288245e-13,9.065045566e-14,4.683191338e-14,3.263696599e-14,1.743894511e-14,1.326923278e-13,2.065895884e-13,4.62041733e-14,1.506842825e-13,2.675307233e-13,3.323289846e-13,6.347305988e-13,3.015718016e-13,2.315003285e-13,1.273276544e-13,2.140700396e-13,7.968192378e-14,1.995758746e-14,4.877646166e-14,1.064793516e-14,5.060896616e-14,1.396310651e-13,2.45593811e-13,7.773868936e-14,2.295396644e-13,1.783195089e-14,1.484256673e-13,5.267392452e-14
111.6796875,2.637666126e-13,1.430023931e-13,7.636830381e-14,1.510513397e-13,2.087230774e-13,8.966645619e-14,4.65427251e-14,3.253856699e-14,1.768204884e-14,1.323083373e-13,2.081499923e-13,4.70209006e-14,1.514143616e-13,2.662877144e-13,3.337099224e-13,6.30574483e-13,2.995452423e-13,2.292418227e-13,1.291822349e-13,2.149082319e-13,7.960404023e-14,1.998602033e-14,4.870224916e-14,1.086979824e-14,5.101906106e-14,1.416186155e-13,2.431364373e-13,7.80853973e-14,2.292091524e-13,1.800274641e-14,1.488285109e-13,5.269655704e-14
111.6875,2.641079003e-13,1.436377672e-13,7.686202985e-14,1.523289523e-13,2.101702836e-13,8.866651158e-14,4.625135415e-14,3.245550914e-14,1.7947506e-14,1.319652071e-13,2.096694698e-13,4.784670521e-14,1.521691805e-13,2.652416941e-13,3.3512245e-13,6.264527862e-13,2.974887432e-13,2.27140114e-13,1.310784961e-13,2.15858148e-13,7.953230575e-14,2.005488357e-14,4.866798624e-14,1.109830794e-14,5.14477261e-14,1.436793847e-13,2.408450183e-13,7.853921514e-14,2.289877176e-13,1.820290142e-14,1.492638882e-13,5.275937829e-14
111.6953125,2.644232862e-13,1.442208572e-13,7.739413959e-14,1.535858896e-13,2.11688201e-13,8.76228203e-14,4.593483839e-14,3.237009805e-14,1.822103313e-14,1.316766406e-13,2.111767316e-13,4.864407616e-14,1.529477298e-13,2.641223665e-13,3.365150664e-13,6.222315372e-13,2.953206023e-13,2.252146864e-13,1.330045597e-13,2.168516952e-13,7.947685557e-14,2.013932487e-14,4.866196215e-14,1.136778426e-14,5.191129134e-14,1.458234204e-13,2.386675404e-13,7.912273891e-14,2.287397724e-13,1.845409485e-14,1.496510707e-13,5.287121507e-14
111.703125,2.646027911e-13,1.44779546e-13,7.787981679e-14,1.549275859e-13,2.132057376e-13,8.656073069e-14,4.557971662e-14,3.226867844e-14,1.849961038e-14,1.313986172e-13,2.126352352e-13,4.93925404e-14,1.537140387e-13,2.628308848e-13,3.37819289e-13,6.179695084e-13,2.930468303e-13,2.233146914e-13,1.34879115e-13,2.180496824e-13,7.940707235e-14,2.022545443e-14,4.864213102e-14,1.166809258e-14,5.236758303e-14,1.479574698e-13,2.364100094e-13,7.967350158e-14,2.284153022e-13,1.872597224e-14,1.499521601e-13,5.300317269e-14
111.7109375,2.647815662e-13,1.454397834e-13,7.827459582e-14,1.562656622e-13,2.145877372e-13,8.554198375e-14,4.522288371e-14,3.215826498e-14,1.878204722e-14,1.31088863e-13,2.140631614e-13,5.012677346e-14,1.54463629e-13,2.616084195e-13,3.390606576e-13,6.136880649e-13,2.907428478e-13,2.213947741e-13,1.36672377e-13,2.192474232e-13,7.929617464e-14,2.031381144e-14,4.86197409e-14,1.197332251e-14,5.280179048e-14,1.500586488e-13,2.34075014e-13,8.010145898e-14,2.281564053e-13,1.89830649e-14,1.50135812e-13,5.314592583e-14
111.71875,2.650042811e-13,1.461280131e-13,7.870543161e-14,1.57626901e-13,2.157456438e-13,8.457809187e-14,4.490519925e-14,3.203687038e-14,1.905650054e-14,1.307279209e-13,2.155043429e-13,5.08885091e-14,1.552607226e-13,2.605933713e-13,3.40371162e-13,6.092839139e-13,2.884452147e-13,2.19541481e-13,1.3845195e-13,2.201364047e-13,7.917092493e-14,2.03971442e-14,4.862178317e-14,1.229274913e-14,5.325597489e-14,1.521625588e-13,2.317740986e-13,8.049042773e-14,2.280268288e-13,1.923959742e-14,1.50261433e-13,5.330137705e-14
111.7265625,2.652462377e-13,1.467884717e-13,7.928798585e-14,1.590643011e-13,2.168043657e-13,8.369031682e-14,4.4619441e-14,3.189181876e-14,1.934170693e-14,1.303550138e-13,2.168681429e-13,5.168607211e-14,1.561374881e-13,2.597337707e-13,3.418074386e-13,6.048130572e-13,2.861631319e-13,2.177755532e-13,1.402513572e-13,2.209578197e-13,7.903939423e-14,2.048797151e-14,4.862563654e-14,1.264355365e-14,5.373195955e-14,1.542374398e-13,2.295045551e-13,8.094533678e-14,2.27946732e-13,1.951509549e-14,1.50491893e-13,5.344996206e-14
111.734375,2.655844583e-13,1.475058018e-13,7.995536446e-14,1.605128016e-13,2.179403664e-13,8.289411367e-14,4.433121818e-14,3.173849541e-14,1.967484301e-14,1.300259764e-13,2.181257725e-13,5.250307343e-14,1.570452367e-13,2.590105169e-13,3.432662706e-13,6.003803834e-13,2.838688518e-13,2.160426287e-13,1.42035448e-13,2.219927398e-13,7.889476996e-14,2.06164855e-14,4.861530162e-14,1.301599742e-14,5.418722078e-14,1.562473283e-13,2.271794773e-13,8.150623127e-14,2.277547588e-13,1.980170165e-14,1.508741606e-13,5.359631889e-14
111.7421875,2.658907528e-13,1.482432939e-13,8.061329897e-14,1.619802699e-13,2.191613457e-13,8.207912201e-14,4.401942297e-14,3.160395337e-14,2.004240339e-14,1.297205312e-13,2.194621169e-13,5.330038596e-14,1.579429083e-13,2.583403458e-13,3.44687621e-13,5.959986291e-13,2.815132506e-13,2.143387082e-13,1.438006386e-13,2.23145718e-13,7.876729851e-14,2.078044323e-14,4.862255145e-14,1.338673775e-14,5.463877728e-14,1.582733713e-13,2.247755875e-13,8.210440941e-14,2.273902171e-13,2.010416453e-14,1.512768066e-13,5.378628717e-14
111.75,2.659646093e-13,1.489401429e-13,8.127988013e-14,1.634735418e-13,2.20314505e-13,8.11653081e-14,4.370535573e-14,3.148866207e-14,2.040688229e-14,1.29398161e-13,2.209831444e-13,5.406600443e-14,1.588461022e-13,2.575985719e-13,3.461701489e-13,5.917087614e-13,2.791228063e-13,2.126962142e-13,1.455795924e-13,2.243214043e-13,7.866752673e-14,2.095417391e-14,4.866415097e-14,1.373736935e-14,5.513361784e-14,1.603855896e-13,2.223320308e-13,8.266364823e-14,2.269917053e-13,2.043421159e-14,1.515938294e-13,5.402559633e-14
111.7578125,2.66070254e-13,1.496634401e-13,8.196717343e-14,1.649589934e-13,2.213483084e-13,8.026140813e-14,4.341844249e-14,3.13813592e-14,2.077830972e-14,1.290693474e-13,2.225624263e-13,5.485261247e-14,1.597660919e-13,2.5685786e-13,3.476980075e-13,5.874508278e-13,2.767633881e-13,2.110904271e-13,1.473810776e-13,2.254718906e-13,7.855879908e-14,2.114468309e-14,4.871845667e-14,1.408402738e-14,5.564811968e-14,1.625038411e-13,2.198447092e-13,8.325126376e-14,2.265981585e-13,2.077554309e-14,1.518490266e-13,5.427931725e-14
111.765625,2.664247263e-13,1.504452203e-13,8.265078921e-14,1.665465141e-13,2.223685775e-13,7.943375065e-14,4.313423055e-14,3.128041329e-14,2.117242517e-14,1.287495939e-13,2.240488193e-13,5.568411181e-14,1.606911591e-13,2.562038732e-13,3.491091481e-13,5.831456542e-13,2.744833374e-13,2.094941165e-13,1.491623289e-13,2.265647487e-13,7.842795189e-14,2.136711887e-14,4.876430225e-14,1.447496248e-14,5.614262724e-14,1.645636808e-13,2.17327322e-13,8.390172356e-14,2.261307824e-13,2.111575382e-14,1.521131297e-13,5.453830741e-14
111.7734375,2.666639494e-13,1.512997623e-13,8.336047288e-14,1.682541828e-13,2.23349032e-13,7.859323244e-14,4.282039118e-14,3.118378966e-14,2.156277115e-14,1.284564637e-13,2.254325115e-13,5.651405245e-14,1.616461997e-13,2.555499379e-13,3.504492196e-13,5.789379891e-13,2.723125258e-13,2.079889738e-13,1.50861553e-13,2.277372726e-13,7.82977961e-14,2.15930942e-14,4.878707416e-14,1.491762743e-14,5.663438627e-14,1.666067925e-13,2.148835886e-13,8.45147533e-14,2.256882347e-13,2.146655791e-14,1.524232269e-13,5.478301836e-14
111.78125,2.6668128e-13,1.521963227e-13,8.412837616e-14,1.698888932e-13,2.242376581e-13,7.773373206e-14,4.249933035e-14,3.107846483e-14,2.194235893e-14,1.282075106e-13,2.268561512e-13,5.732548945e-14,1.62677043e-13,2.54922735e-13,3.518318213e-13,5.747855021e-13,2.701712505e-13,2.066306945e-13,1.52500616e-13,2.29026695e-13,7.818388377e-14,2.180957729e-14,4.878361607e-14,1.538476425e-14,5.713401019e-14,1.686135419e-13,2.125333583e-13,8.510934477e-14,2.253051485e-13,2.183113178e-14,1.527639499e-13,5.497902291e-14
111.7890625,2.669083079e-13,1.529719329e-13,8.494216303e-14,1.714671671e-13,2.25212037e-13,7.696385828e-14,4.21970757e-14,3.094726629e-14,2.233948853e-14,1.279622646e-13,2.284026993e-13,5.81521322e-14,1.637836402e-13,2.544846405e-13,3.53123162e-13,5.703927293e-13,2.679565187e-13,2.053048099e-13,1.541660692e-13,2.302732484e-13,7.809066511e-14,2.206035805e-14,4.878294601e-14,1.588440033e-14,5.762239194e-14,1.705302273e-13,2.101723604e-13,8.579883003e-14,2.24813227e-13,2.220309388e-14,1.531129777e-13,5.515111422e-14
111.796875,2.674052364e-13,1.536562576e-13,8.579778683e-14,1.731394844e-13,2.263696809e-13,7.630255301e-14,4.190903944e-14,3.079441445e-14,2.275811553e-14,1.27677566e-13,2.298921269e-13,5.901881342e-14,1.649466036e-13,2.542666389e-13,3.542800545e-13,5.658825608e-13,2.657469082e-13,2.039706026e-13,1.558862683e-13,2.314280288e-13,7.80113057e-14,2.236286418e-14,4.881608765e-14,1.641025979e-14,5.811094397e-14,1.724051866e-13,2.077811877e-13,8.656754982e-14,2.242430539e-13,2.25833327e-14,1.535319913e-13,5.533899354e-14
111.8046875,2.679483792e-13,1.544272494e-13,8.672183028e-14,1.748178971e-13,2.27641101e-13,7.569481289e-14,4.163489872e-14,3.065693137e-14,2.319678823e-14,1.273625376e-13,2.312000271e-13,5.992600927e-14,1.661674506e-13,2.542750037e-13,3.555491529e-13,5.616318889e-13,2.636616998e-13,2.027953354e-13,1.576616835e-13,2.325445179e-13,7.792365581e-14,2.269356915e-14,4.886959912e-14,1.692435251e-14,5.862431986e-14,1.742811524e-13,2.054081974e-13,8.738182718e-14,2.237148532e-13,2.297691025e-14,1.541295541e-13,5.55382584e-14
111.8125,2.685999361e-13,1.551339921e-13,8.772923996e-14,1.764743439e-13,2.290431339e-13,7.513189056e-14,4.137829126e-14,3.055416228e-14,2.366433314e-14,1.270024515e-13,2.325143928e-13,6.082312818e-14,1.67439883e-13,2.545242075e-13,3.570259487e-13,5.576590909e-13,2.617122154e-13,2.018128831e-13,1.594658416e-13,2.337248519e-13,7.781378204e-14,2.30518497e-14,4.890967129e-14,1.745606852e-14,5.915983148e-14,1.761426969e-13,2.030513757e-13,8.821654229e-14,2.231242462e-13,2.338990942e-14,1.548575383e-13,5.574491295e-14
111.8203125,2.69265762e-13,1.556146522e-13,8.873015906e-14,1.782594387e-13,2.3042974e-13,7.458782472e-14,4.112903024e-14,3.04541996e-14,2.413204937e-14,1.265789717e-13,2.339345736e-13,6.163579487e-14,1.687629142e-13,2.548169488e-13,3.585016992e-13,5.538112519e-13,2.599215032e-13,2.008431863e-13,1.611753831e-13,2.350461292e-13,7.767825931e-14,2.342736565e-14,4.894312485e-14,1.805330386e-14,5.971540644e-14,1.780000031e-13,2.007388387e-13,8.893557701e-14,2.224085987e-13,2.381185159e-14,1.555133712e-13,5.595047774e-14
111.828125,2.696718876e-13,1.561054239e-13,8.960450324e-14,1.800970958e-13,2.315292489e-13,7.401335858e-14,4.087221203e-14,3.034137926e-14,2.457517744e-14,1.261425114e-13,2.353128916e-13,6.237095357e-14,1.70161762e-13,2.549842687e-13,3.598318797e-13,5.499920083e-13,2.582698334e-13,1.998277089e-13,1.627555512e-13,2.363244714e-13,7.751880978e-14,2.378752835e-14,4.900492515e-14,1.867887847e-14,6.029228814e-14,1.798280584e-13,1.984915528e-13,8.95206196e-14,2.216399737e-13,2.421933496e-14,1.560348704e-13,5.613502555e-14
111.8359375,2.699500077e-13,1.567904961e-13,9.042806351e-14,1.818808234e-13,2.324630339e-13,7.346984263e-14,4.060316838e-14,3.02345301e-14,2.500995426e-14,1.257267892e-13,2.366194451e-13,6.30964329e-14,1.716241296e-13,2.551622361e-13,3.611185309e-13,5.460878575e-13,2.566168458e-13,1.98841796e-13,1.643491596e-13,2.374488548e-13,7.737726086e-14,2.414221524e-14,4.90862515e-14,1.929079734e-14,6.087192819e-14,1.815659192e-13,1.962296413e-13,9.01567328e-14,2.208833924e-13,2.462299174e-14,1.565407054e-13,5.631366901e-14
111.84375,2.703120171e-13,1.575556162e-13,9.1350588e-14,1.837559099e-13,2.334616797e-13,7.303353948e-14,4.033922602e-14,3.011369375e-14,2.543161066e-14,1.253094507e-13,2.379535049e-13,6.384944049e-14,1.730966641e-13,2.554990643e-13,3.624857145e-13,5.420785011e-13,2.549137737e-13,1.979225153e-13,1.660178768e-13,2.385916774e-13,7.730060032e-14,2.451551911e-14,4.915156527e-14,1.99005249e-14,6.144707687e-14,1.832311389e-13,1.939278442e-13,9.089563303e-14,2.202217681e-13,2.505263694e-14,1.570796285e-13,5.649710008e-14
111.8515625,2.707293207e-13,1.582025987e-13,9.233107887e-14,1.856814117e-13,2.344868103e-13,7.262571798e-14,4.010321348e-14,2.995887523e-14,2.584633531e-14,1.248984233e-13,2.393217161e-13,6.462811638e-14,1.745635792e-13,2.560021552e-13,3.638902139e-13,5.380425525e-13,2.532577099e-13,1.971162603e-13,1.677217828e-13,2.396665902e-13,7.72409031e-14,2.491259621e-14,4.92163792e-14,2.052019095e-14,6.203688631e-14,1.848526133e-13,1.916514182e-13,9.165225555e-14,2.195365029e-13,2.550349627e-14,1.576501387e-13,5.666525406e-14
111.859375,2.712727854e-13,1.58588661e-13,9.328653365e-14,1.874904449e-13,2.355647446e-13,7.220776185e-14,3.989967521e-14,2.980536612e-14,2.629719274e-14,1.245045563e-13,2.406634246e-13,6.538735846e-14,1.760396507e-13,2.566748373e-13,3.652731197e-13,5.34049225e-13,2.516921233e-13,1.964096239e-13,1.694506696e-13,2.405256812e-13,7.712300715e-14,2.535343571e-14,4.930844246e-14,2.115565538e-14,6.264194522e-14,1.864095253e-13,1.893875899e-13,9.243768558e-14,2.186123214e-13,2.59566058e-14,1.58319846e-13,5.682744165e-14
111.8671875,2.719348083e-13,1.58863776e-13,9.426417077e-14,1.894173613e-13,2.366928585e-13,7.190495501e-14,3.97217469e-14,2.965108185e-14,2.675936154e-14,1.240811881e-13,2.419343507e-13,6.609812045e-14,1.775556923e-13,2.574509614e-13,3.666575202e-13,5.301029085e-13,2.501654473e-13,1.956904458e-13,1.711243389e-13,2.414309321e-13,7.698743535e-14,2.582721456e-14,4.939773834e-14,2.180973644e-14,6.323778696e-14,1.8790983e-13,1.871103031e-13,9.325472709e-14,2.176432966e-13,2.640525686e-14,1.590963509e-13,5.699778082e-14
111.875,2.724671278e-13,1.592770095e-13,9.531723874e-14,1.916322822e-13,2.376592799e-13,7.170611824e-14,3.954711268e-14,2.946591958e-14,2.719119225e-14,1.236101282e-13,2.432107396e-13,6.682736658e-14,1.791704075e-13,2.582276537e-13,3.679789913e-13,5.260582457e-13,2.48622745e-13,1.949756666e-13,1.726856149e-13,2.424237946e-13,7.690021467e-14,2.628090797e-14,4.944993293e-14,2.248841828e-14,6.381724531e-14,1.893469131e-13,1.848738103e-13,9.403270206e-14,2.167971767e-13,2.684503759e-14,1.599033013e-13,5.715355993e-14
111.8828125,2.728155511e-13,1.596822598e-13,9.643332156e-14,1.93804537e-13,2.384912084e-13,7.143557074e-14,3.934772086e-14,2.929559756e-14,2.763283885e-14,1.23143459e-13,2.44634487e-13,6.760412404e-14,1.808692738e-13,2.590070901e-13,3.691436496e-13,5.21813806e-13,2.470586817e-13,1.943336249e-13,1.742356762e-13,2.432350087e-13,7.683052373e-14,2.671075419e-14,4.947293463e-14,2.320192252e-14,6.439170676e-14,1.906674164e-13,1.826771047e-13,9.476421725e-14,2.15788292e-13,2.728967243e-14,1.606933445e-13,5.727875915e-14
111.890625,2.730812399e-13,1.599426639e-13,9.756554791e-14,1.958099807e-13,2.393695407e-13,7.110888426e-14,3.913659124e-14,2.916324346e-14,2.808066125e-14,1.226850816e-13,2.4611837e-13,6.835072182e-14,1.825745506e-13,2.598248251e-13,3.702247258e-13,5.175048015e-13,2.455299373e-13,1.93678723e-13,1.75802336e-13,2.439688513e-13,7.675827951e-14,2.714273959e-14,4.948468348e-14,2.390030952e-14,6.496721058e-14,1.918880477e-13,1.804816185e-13,9.548267109e-14,2.146101284e-13,2.775962659e-14,1.614492128e-13,5.737131685e-14
111.8984375,2.733388969e-13,1.602646947e-13,9.868169465e-14,1.979237389e-13,2.402899132e-13,7.089256049e-14,3.894562446e-14,2.900536524e-14,2.84905014e-14,1.221501536e-13,2.474781071e-13,6.905910003e-14,1.843305822e-13,2.607621179e-13,3.713114774e-13,5.132405326e-13,2.440902656e-13,1.930155825e-13,1.773307101e-13,2.447731506e-13,7.671431029e-14,2.758867185e-14,4.950496625e-14,2.454428518e-14,6.554684393e-14,1.93067377e-13,1.783343905e-13,9.621432258e-14,2.135503926e-13,2.8242385e-14,1.622359943e-13,5.744402552e-14
111.90625,2.737894376e-13,1.605955302e-13,9.979675148e-14,2.001540033e-13,2.413282042e-13,7.080337654e-14,3.877336983e-14,2.881685146e-14,2.891935111e-14,1.215026594e-13,2.488055537e-13,6.975663338e-14,1.86196742e-13,2.619041253e-13,3.723605859e-13,5.090053798e-13,2.427288075e-13,1.924756353e-13,1.788663782e-13,2.455694647e-13,7.666199392e-14,2.808344612e-14,4.954367207e-14,2.523296117e-14,6.612574298e-14,1.941926726e-13,1.762566925e-13,9.697428342e-14,2.124891461e-13,2.871914796e-14,1.631288653e-13,5.754092794e-14
111.9140625,2.744165108e-13,1.607368345e-13,1.008995098e-13,2.023353756e-13,2.425012546e-13,7.075318479e-14,3.861620075e-14,2.864976615e-14,2.939956998e-14,1.208202386e-13,2.502436516e-13,7.038976401e-14,1.880531293e-13,2.631286312e-13,3.733534507e-13,5.048494301e-13,2.414334837e-13,1.920219531e-13,1.803919874e-13,2.464974135e-13,7.655327817e-14,2.862257874e-14,4.957476548e-14,2.60265296e-14,6.669124631e-14,1.952443539e-13,1.742113739e-13,9.770427065e-14,2.113272674e-13,2.919283204e-14,1.639970154e-13,5.766783904e-14
111.921875,2.749148023e-13,1.608751605e-13,1.020011313e-13,2.045665182e-13,2.436087194e-13,7.071232316e-14,3.848523684e-14,2.850464384e-14,2.985983954e-14,1.201509466e-13,2.517045882e-13,7.099837353e-14,1.898601472e-13,2.643671813e-13,3.744171419e-13,5.008640245e-13,2.402726769e-13,1.916465985e-13,1.818647463e-13,2.475769565e-13,7.644077715e-14,2.914181964e-14,4.957170884e-14,2.681780708e-14,6.726177715e-14,1.962393108e-13,1.722404851e-13,9.837187182e-14,2.102493774e-13,2.966175576e-14,1.647589055e-13,5.776439951e-14
111.9296875,2.753576528e-13,1.610668485e-13,1.032046686e-13,2.070104234e-13,2.44765153e-13,7.072621778e-14,3.83793177e-14,2.836806942e-14,3.029170942e-14,1.194270537e-13,2.530803406e-13,7.16903182e-14,1.917910076e-13,2.658335879e-13,3.757014887e-13,4.970870486e-13,2.393040532e-13,1.914921299e-13,1.834224104e-13,2.484895204e-13,7.637784686e-14,2.964963794e-14,4.95443821e-14,2.756897431e-14,6.78712204e-14,1.971407765e-13,1.703520208e-13,9.90436028e-14,2.091259699e-13,3.011930914e-14,1.65624506e-13,5.77953023e-14
111.9375,2.7596736e-13,1.610869948e-13,1.044651516e-13,2.096740239e-13,2.46108977e-13,7.087758907e-14,3.830335925e-14,2.823316337e-14,3.073246245e-14,1.186170661e-13,2.543359163e-13,7.239341225e-14,1.938601581e-13,2.675428357e-13,3.771477565e-13,4.934291963e-13,2.384355606e-13,1.914234276e-13,1.850809368e-13,2.49232275e-13,7.633855884e-14,3.019270483e-14,4.952499393e-14,2.836570786e-14,6.849981035e-14,1.978927708e-13,1.684207355e-13,9.970870195e-14,2.078310015e-13,3.056538412e-14,1.666328949e-13,5.778728208e-14
111.9453125,2.765319331e-13,1.610452608e-13,1.056050026e-13,2.12378538e-13,2.472671283e-13,7.116206657e-14,3.826438623e-14,2.808108557e-14,3.116128274e-14,1.178025361e-13,2.554559926e-13,7.301000784e-14,1.958929023e-13,2.692340166e-13,3.785486398e-13,4.897228336e-13,2.375530861e-13,1.911819144e-13,1.866496559e-13,2.499815087e-13,7.628541669e-14,3.073759389e-14,4.953485183e-14,2.920102603e-14,6.910949422e-14,1.98552491e-13,1.664424481e-13,1.00306122e-13,2.066440036e-13,3.099976207e-14,1.675265363e-13,5.777840658e-14
111.953125,2.769277421e-13,1.611144198e-13,1.066905565e-13,2.148695708e-13,2.481661739e-13,7.146097818e-14,3.824338145e-14,2.792131343e-14,3.156607312e-14,1.169928468e-13,2.565443863e-13,7.360984167e-14,1.978908127e-13,2.70882394e-13,3.798769392e-13,4.859894143e-13,2.367012012e-13,1.909235792e-13,1.881550592e-13,2.506485891e-13,7.620478483e-14,3.125797065e-14,4.954158212e-14,3.001928604e-14,6.971456726e-14,1.992188937e-13,1.645647491e-13,1.008884802e-13,2.056157063e-13,3.143665177e-14,1.682908071e-13,5.776190035e-14
111.9609375,2.773491178e-13,1.611556641e-13,1.078873684e-13,2.172777338e-13,2.492482413e-13,7.176276602e-14,3.823198452e-14,2.775992852e-14,3.195653983e-14,1.161050073e-13,2.577032189e-13,7.423618553e-14,1.999724094e-13,2.726128964e-13,3.8121676e-13,4.823082234e-13,2.359221363e-13,1.90888437e-13,1.897539714e-13,2.512618324e-13,7.610620724e-14,3.178966266e-14,4.949454997e-14,3.084746324e-14,7.032694767e-14,1.998490679e-13,1.627708893e-13,1.015118245e-13,2.045257496e-13,3.189680326e-14,1.691298528e-13,5.768617555e-14
111.96875,2.77851267e-13,1.611484825e-13,1.091179099e-13,2.200216731e-13,2.505305638e-13,7.219383099e-14,3.823550028e-14,2.758195754e-14,3.234164426e-14,1.15185839e-13,2.588572697e-13,7.484606874e-14,2.021323328e-13,2.744262869e-13,3.825182569e-13,4.785371567e-13,2.351391879e-13,1.909646863e-13,1.91430914e-13,2.519355244e-13,7.600987755e-14,3.235143132e-14,4.941629706e-14,3.169751153e-14,7.092090986e-14,2.003279714e-13,1.609333608e-13,1.021928338e-13,2.03354308e-13,3.237307702e-14,1.700834023e-13,5.755128743e-14
111.9765625,2.784733233e-13,1.611702562e-13,1.102937787e-13,2.230970982e-13,2.517378444e-13,7.275049721e-14,3.823527034e-14,2.741535556e-14,3.274191974e-14,1.143182893e-13,2.600010223e-13,7.543599591e-14,2.043299907e-13,2.7630543e-13,3.837843251e-13,4.746478742e-13,2.343588386e-13,1.909997094e-13,1.931480233e-13,2.525106336e-13,7.59143429e-14,3.292885084e-14,4.935083351e-14,3.253028955e-14,7.150019944e-14,2.00672532e-13,1.590977838e-13,1.029623637e-13,2.021022655e-13,3.284803154e-14,1.711086508e-13,5.742876602e-14
111.984375,2.791738999e-13,1.611241185e-13,1.114808271e-13,2.26206968e-13,2.52775501e-13,7.328598047e-14,3.823748345e-14,2.727397989e-14,3.31126422e-14,1.133909899e-13,2.613073268e-13,7.599241435e-14,2.065530317e-13,2.781091266e-13,3.850908634e-13,4.708401414e-13,2.336776329e-13,1.90967061e-13,1.948399462e-13,2.528981066e-13,7.583509334e-14,3.3474066e-14,4.927529588e-14,3.33554652e-14,7.208578406e-14,2.009656869e-13,1.573500495e-13,1.036989224e-13,2.007970461e-13,3.331076129e-14,1.721128542e-13,5.732794924e-14
111.9921875,2.795336141e-13,1.610152086e-13,1.126623168e-13,2.292883112e-13,2.534673295e-13,7.376495261e-14,3.828315856e-14,2.711339565e-14,3.338101862e-14,1.123300672e-13,2.627306976e-13,7.647946723e-14,2.08747441e-13,2.79617333e-13,3.863395649e-13,4.671391252e-13,2.330903578e-13,1.908137765e-13,1.963426179e-13,2.532184871e-13,7.580424585e-14,3.393863429e-14,4.917395267e-14,3.420412466e-14,7.265937688e-14,2.01183861e-13,1.556078382e-13,1.042191672e-13,1.995954704e-13,3.373312177e-14,1.729140643e-13,5.718296342e-14
112,2.794780257e-13,1.609247815e-13,1.137654407e-13,2.323493487e-13,2.538737241e-13,7.429641654e-14,3.836037105e-14,2.693454942e-14,3.358559837e-14,1.11262273e-13,2.639677165e-13,7.692776168e-14,2.108920826e-13,2.809769172e-13,3.874819516e-13,4.634710832e-13,2.325516393e-13,1.905833197e-13,1.977074946e-13,2.535011725e-13,7.577197878e-14,3.436911934e-14,4.907292187e-14,3.504352777e-14,7.321028843e-14,2.012683014e-13,1.538093015e-13,1.046175976e-13,1.98384137e-13,3.410248735e-14,1.735787804e-13,5.697442078e-14
112.0078125,2.795478296e-13,1.607658733e-13,1.148600604e-13,2.353933209e-13,2.54465449e-13,7.495404017e-14,3.842662014e-14,2.67688789e-14,3.37963426e-14,1.10186484e-13,2.649980465e-13,7.73939462e-14,2.130568612e-13,2.825348741e-13,3.886463959e-13,4.598316965e-13,2.320714226e-13,1.904290146e-13,1.99172622e-13,2.537465374e-13,7.566943363e-14,3.483969172e-14,4.895740556e-14,3.583575505e-14,7.375884924e-14,2.012389014e-13,1.520527063e-13,1.051010597e-13,1.969655634e-13,3.446756174e-14,1.744127324e-13,5.672366565e-14
112.015625,2.798990306e-13,1.605264512e-13,1.160488946e-13,2.385417813e-13,2.55301088e-13,7.57050956e-14,3.849102556e-14,2.660301811e-14,3.402307509e-14,1.089677968e-13,2.661103862e-13,7.789986723e-14,2.153051352e-13,2.843221963e-13,3.898160184e-13,4.561477831e-13,2.316608047e-13,1.903791274e-13,2.007611797e-13,2.539820955e-13,7.55450329e-14,3.533502934e-14,4.880478597e-14,3.66231002e-14,7.430423686e-14,2.011482188e-13,1.504027876e-13,1.056720151e-13,1.955071209e-13,3.487084791e-14,1.754573393e-13,5.644396492e-14
112.0234375,2.802714297e-13,1.603062078e-13,1.173226748e-13,2.418082824e-13,2.560869669e-13,7.651404302e-14,3.857315081e-14,2.644147789e-14,3.427409579e-14,1.076882831e-13,2.673320079e-13,7.843434184e-14,2.176367092e-13,2.861997771e-13,3.909646836e-13,4.524794658e-13,2.313464217e-13,1.903858054e-13,2.023532999e-13,2.54195476e-13,7.546580433e-14,3.583083622e-14,4.865433641e-14,3.745722086e-14,7.484288366e-14,2.010331053e-13,1.48804871e-13,1.06263061e-13,1.941427272e-13,3.527860477e-14,1.765127519e-13,5.617796319e-14
112.03125,2.807366606e-13,1.600623955e-13,1.186358119e-13,2.451323978e-13,2.568965827e-13,7.742847266e-14,3.866328164e-14,2.630878215e-14,3.453776085e-14,1.065020993e-13,2.68457917e-13,7.895772934e-14,2.200164766e-13,2.881462791e-13,3.922589275e-13,4.490155921e-13,2.311514158e-13,1.904487138e-13,2.039272644e-13,2.544514392e-13,7.540621027e-14,3.63451498e-14,4.853584931e-14,3.831268421e-14,7.539879103e-14,2.008904843e-13,1.472561115e-13,1.068637495e-13,1.927796062e-13,3.564666429e-14,1.77537932e-13,5.596453133e-14
112.0390625,2.813625499e-13,1.597328719e-13,1.199400947e-13,2.485171186e-13,2.577841886e-13,7.845022079e-14,3.876115461e-14,2.618888824e-14,3.477868782e-14,1.053525707e-13,2.695158169e-13,7.943214061e-14,2.223969311e-13,2.901336931e-13,3.936611674e-13,4.456283456e-13,2.310238032e-13,1.905243095e-13,2.054771495e-13,2.547679357e-13,7.533036235e-14,3.686387282e-14,4.842789381e-14,3.914924642e-14,7.597259781e-14,2.006606337e-13,1.458224352e-13,1.074360896e-13,1.914051717e-13,3.598938335e-14,1.785784984e-13,5.576377926e-14
112.046875,2.81862771e-13,1.593862011e-13,1.211774081e-13,2.518673951e-13,2.584636994e-13,7.944965711e-14,3.887315268e-14,2.606958206e-14,3.499851385e-14,1.041470279e-13,2.706258519e-13,7.984946431e-14,2.247746533e-13,2.920871189e-13,3.949664266e-13,4.421414794e-13,2.309315057e-13,1.905641827e-13,2.069812187e-13,2.550074099e-13,7.52415101e-14,3.735557698e-14,4.831935473e-14,3.996952415e-14,7.654286878e-14,2.003086226e-13,1.444803614e-13,1.0795434e-13,1.899800358e-13,3.633214514e-14,1.796073031e-13,5.55185252e-14
112.0546875,2.821300993e-13,1.591057704e-13,1.224396211e-13,2.552573912e-13,2.589113383e-13,8.041893164e-14,3.899581847e-14,2.595398786e-14,3.519460997e-14,1.028942775e-13,2.717489187e-13,8.026269559e-14,2.272490564e-13,2.940395106e-13,3.962991082e-13,4.387929108e-13,2.309516611e-13,1.906260603e-13,2.084883822e-13,2.551764394e-13,7.516212197e-14,3.782348891e-14,4.821727119e-14,4.078811881e-14,7.712431947e-14,1.998798661e-13,1.43188211e-13,1.084760857e-13,1.88463501e-13,3.66776372e-14,1.807074127e-13,5.523975336e-14
112.0625,2.824049483e-13,1.589089401e-13,1.239105477e-13,2.589856105e-13,2.594187918e-13,8.153242796e-14,3.913118023e-14,2.582497424e-14,3.535199136e-14,1.016038118e-13,2.729152601e-13,8.075573326e-14,2.298736615e-13,2.960679359e-13,3.978393721e-13,4.357546118e-13,2.311581922e-13,1.907556572e-13,2.100626223e-13,2.554041013e-13,7.512901738e-14,3.828506731e-14,4.811447477e-14,4.161618073e-14,7.772868601e-14,1.99425909e-13,1.420208772e-13,1.09065532e-13,1.870105054e-13,3.703743189e-14,1.819924983e-13,5.496747291e-14
112.0703125,2.82896731e-13,1.587142378e-13,1.254822075e-13,2.628370915e-13,2.600615481e-13,8.277401927e-14,3.927567281e-14,2.568265093e-14,3.548098796e-14,1.00292312e-13,2.742154152e-13,8.1284542e-14,2.324808428e-13,2.980975324e-13,3.993881573e-13,4.327593383e-13,2.314905e-13,1.90902997e-13,2.116943038e-13,2.55656671e-13,7.513463084e-14,3.874826082e-14,4.80055982e-14,4.244154783e-14,7.831837641e-14,1.989512424e-13,1.409753673e-13,1.096944817e-13,1.85630979e-13,3.741316469e-14,1.832957286e-13,5.471190868e-14
112.078125,2.835592132e-13,1.584141727e-13,1.268828661e-13,2.663586614e-13,2.607161533e-13,8.397816669e-14,3.942333243e-14,2.554798325e-14,3.557802911e-14,9.901339594e-14,2.755460572e-13,8.171974671e-14,2.349525482e-13,3.000309093e-13,4.00764508e-13,4.295747773e-13,2.318068563e-13,1.910463887e-13,2.133282559e-13,2.558347031e-13,7.511916284e-14,3.920903488e-14,4.790029516e-14,4.324088234e-14,7.888577454e-14,1.984140465e-13,1.398747627e-13,1.102773606e-13,1.841609235e-13,3.77750372e-14,1.844361466e-13,5.445822895e-14
112.0859375,2.841579634e-13,1.580041324e-13,1.281823995e-13,2.698470257e-13,2.613675984e-13,8.524104251e-14,3.95881387e-14,2.542808767e-14,3.565739366e-14,9.778274924e-14,2.767739715e-13,8.209398042e-14,2.374997999e-13,3.020111139e-13,4.021225201e-13,4.262920837e-13,2.320935591e-13,1.91232259e-13,2.149625148e-13,2.558716904e-13,7.507188497e-14,3.967249624e-14,4.780207639e-14,4.404664413e-14,7.948079472e-14,1.977530384e-13,1.38684425e-13,1.108137115e-13,1.826791847e-13,3.81168698e-14,1.855849733e-13,5.419127355e-14
112.09375,2.84641467e-13,1.575235643e-13,1.295747502e-13,2.737396745e-13,2.620814494e-13,8.670877845e-14,3.976928157e-14,2.532884609e-14,3.575630947e-14,9.653212934e-14,2.7791929e-13,8.251504933e-14,2.402661703e-13,3.041938764e-13,4.035768312e-13,4.230462335e-13,2.324680235e-13,1.914832924e-13,2.166506688e-13,2.557217425e-13,7.502859996e-14,4.015139841e-14,4.770060604e-14,4.487654332e-14,8.010172396e-14,1.969784584e-13,1.375671787e-13,1.113839616e-13,1.812853867e-13,3.846055156e-14,1.86862041e-13,5.391726716e-14
112.1015625,2.852502536e-13,1.569819645e-13,1.309674284e-13,2.777204283e-13,2.628305416e-13,8.823632599e-14,3.994488324e-14,2.52422362e-14,3.583050398e-14,9.518106382e-14,2.79018122e-13,8.294704155e-14,2.430375803e-13,3.06434653e-13,4.04997103e-13,4.198198757e-13,2.329140923e-13,1.918043553e-13,2.183830628e-13,2.554741549e-13,7.498735625e-14,4.062193635e-14,4.759277332e-14,4.566654333e-14,8.069667687e-14,1.961665707e-13,1.36539565e-13,1.119930316e-13,1.798681234e-13,3.879793669e-14,1.880634981e-13,5.364966528e-14
112.109375,2.860364723e-13,1.564083065e-13,1.32290432e-13,2.81497273e-13,2.635448323e-13,8.974551439e-14,4.012763316e-14,2.514959337e-14,3.584375447e-14,9.376157872e-14,2.800862499e-13,8.334317904e-14,2.456980517e-13,3.085814728e-13,4.063075058e-13,4.165812623e-13,2.333396863e-13,1.92214805e-13,2.20101026e-13,2.552542535e-13,7.493720883e-14,4.106283481e-14,4.748956354e-14,4.642148266e-14,8.128076542e-14,1.953293427e-13,1.354932362e-13,1.125927128e-13,1.784505892e-13,3.910744371e-14,1.891452686e-13,5.337045592e-14
112.1171875,2.867429273e-13,1.558684548e-13,1.336620137e-13,2.853900226e-13,2.642392454e-13,9.137877346e-14,4.033096836e-14,2.50755614e-14,3.586262426e-14,9.235726213e-14,2.811480203e-13,8.374585479e-14,2.483910783e-13,3.10685918e-13,4.076114014e-13,4.134070327e-13,2.338238064e-13,1.926417976e-13,2.217950442e-13,2.550923925e-13,7.490084514e-14,4.150047785e-14,4.738708159e-14,4.721344058e-14,8.188699771e-14,1.944326429e-13,1.344708749e-13,1.131888127e-13,1.771261652e-13,3.939248835e-14,1.90292882e-13,5.306510706e-14
112.125,2.872264554e-13,1.553895283e-13,1.350667603e-13,2.895314926e-13,2.648878543e-13,9.307054381e-14,4.051713621e-14,2.504938065e-14,3.588530828e-14,9.09525477e-14,2.821926378e-13,8.414461386e-14,2.510946232e-13,3.126762464e-13,4.089275357e-13,4.103182791e-13,2.343959176e-13,1.929255285e-13,2.234442931e-13,2.550001929e-13,7.487971142e-14,4.192561114e-14,4.72640193e-14,4.800468341e-14,8.246613363e-14,1.934821189e-13,1.335379876e-13,1.137696504e-13,1.757590225e-13,3.966575294e-14,1.914549465e-13,5.27693983e-14
112.1328125,2.875744757e-13,1.548419158e-13,1.364109136e-13,2.935687632e-13,2.65376295e-13,9.463762688e-14,4.068328364e-14,2.504987921e-14,3.583932648e-14,8.95216095e-14,2.832417305e-13,8.447921531e-14,2.536539981e-13,3.143925063e-13,4.101635486e-13,4.072048709e-13,2.349055813e-13,1.930687614e-13,2.250214258e-13,2.548667945e-13,7.484097126e-14,4.229984737e-14,4.712333225e-14,4.87491705e-14,8.299381767e-14,1.924594199e-13,1.326006274e-13,1.142642114e-13,1.742658212e-13,3.993727363e-14,1.924706509e-13,5.250573165e-14
112.140625,2.879822172e-13,1.540964878e-13,1.37744883e-13,2.974320256e-13,2.65778382e-13,9.622934919e-14,4.089820167e-14,2.507050521e-14,3.576027987e-14,8.808236539e-14,2.843255606e-13,8.47567887e-14,2.561368797e-13,3.160042947e-13,4.114555858e-13,4.041241106e-13,2.354146259e-13,1.932677879e-13,2.266181801e-13,2.545651818e-13,7.479137792e-14,4.265966801e-14,4.69831213e-14,4.949965246e-14,8.35413705e-14,1.913357371e-13,1.316072896e-13,1.146558768e-13,1.728152393e-13,4.020454659e-14,1.934208754e-13,5.224198208e-14
112.1484375,2.885959538e-13,1.533599362e-13,1.391351492e-13,3.014618775e-13,2.662903607e-13,9.807833316e-14,4.11793557e-14,2.513544605e-14,3.570096854e-14,8.657922044e-14,2.853579266e-13,8.504622785e-14,2.587088859e-13,3.178110897e-13,4.130904693e-13,4.013266819e-13,2.361700843e-13,1.936057189e-13,2.283380963e-13,2.543092723e-13,7.477977456e-14,4.304392104e-14,4.683732086e-14,5.024207027e-14,8.413849117e-14,1.901764155e-13,1.306643156e-13,1.150208297e-13,1.715298556e-13,4.045202001e-14,1.944117635e-13,5.195444985e-14
112.15625,2.892320588e-13,1.528623918e-13,1.405608553e-13,3.056625364e-13,2.668349888e-13,1.00063398e-13,4.146317049e-14,2.522838125e-14,3.561865616e-14,8.500023488e-14,2.862790346e-13,8.538258963e-14,2.613569013e-13,3.197217379e-13,4.149951859e-13,3.98807535e-13,2.371350539e-13,1.939637243e-13,2.301257634e-13,2.542759522e-13,7.480157715e-14,4.341456148e-14,4.668919935e-14,5.091636915e-14,8.473952509e-14,1.890356249e-13,1.298442824e-13,1.154108577e-13,1.703456038e-13,4.068194425e-14,1.95370925e-13,5.164399933e-14
112.1640625,2.895715238e-13,1.524060618e-13,1.419413427e-13,3.097110619e-13,2.672160775e-13,1.019398948e-13,4.172023619e-14,2.531767838e-14,3.548844254e-14,8.345162763e-14,2.871760245e-13,8.569795292e-14,2.639534041e-13,3.214145934e-13,4.167851594e-13,3.962809029e-13,2.380685479e-13,1.942260704e-13,2.318601705e-13,2.542199179e-13,7.478819813e-14,4.375628115e-14,4.657070042e-14,5.157001409e-14,8.533426806e-14,1.878707339e-13,1.291167841e-13,1.157659084e-13,1.691596639e-13,4.089793156e-14,1.96231967e-13,5.131711105e-14
112.171875,2.896625112e-13,1.518020173e-13,1.431942824e-13,3.136557921e-13,2.67472163e-13,1.036808609e-13,4.197372601e-14,2.541439573e-14,3.532848076e-14,8.192098048e-14,2.88110451e-13,8.592000997e-14,2.664529324e-13,3.22829833e-13,4.182949914e-13,3.936281607e-13,2.388759761e-13,1.943666221e-13,2.334959911e-13,2.540153244e-13,7.471331782e-14,4.409145621e-14,4.648084493e-14,5.223588337e-14,8.593356555e-14,1.866794375e-13,1.284565949e-13,1.160244026e-13,1.679322668e-13,4.108581419e-14,1.970349539e-13,5.100001269e-14
112.1796875,2.897256233e-13,1.511838365e-13,1.443841432e-13,3.177725319e-13,2.676901923e-13,1.053815129e-13,4.222144021e-14,2.553770057e-14,3.51295589e-14,8.032400668e-14,2.890797987e-13,8.610229923e-14,2.689270067e-13,3.241385457e-13,4.196767941e-13,3.909580201e-13,2.396053828e-13,1.944339829e-13,2.350966983e-13,2.537950542e-13,7.461826686e-14,4.440128593e-14,4.638318015e-14,5.28508909e-14,8.651421715e-14,1.854886391e-13,1.278554002e-13,1.162714453e-13,1.666977861e-13,4.1267647e-14,1.978186676e-13,5.06938052e-14
112.1875,2.897980145e-13,1.506393362e-13,1.456753453e-13,3.220366158e-13,2.678807091e-13,1.071385119e-13,4.245402104e-14,2.568628646e-14,3.489018588e-14,7.871971425e-14,2.900892098e-13,8.633556644e-14,2.714428835e-13,3.25487905e-13,4.211765948e-13,3.88396277e-13,2.403793836e-13,1.945529277e-13,2.367868172e-13,2.53580654e-13,7.453381075e-14,4.467798919e-14,4.626947371e-14,5.339910513e-14,8.70718798e-14,1.842481907e-13,1.27297095e-13,1.166323458e-13,1.655224796e-13,4.148354798e-14,1.985819451e-13,5.036026747e-14
112.1953125,2.899521363e-13,1.502098512e-13,1.471140631e-13,3.263126095e-13,2.681384338e-13,1.090507746e-13,4.271763152e-14,2.5855155e-14,3.46344594e-14,7.715529515e-14,2.910641881e-13,8.66466995e-14,2.73994301e-13,3.269782995e-13,4.229683491e-13,3.860373379e-13,2.413088071e-13,1.947983901e-13,2.385884037e-13,2.5354572e-13,7.446607952e-14,4.496094515e-14,4.616037378e-14,5.391529826e-14,8.76309776e-14,1.829584126e-13,1.267992678e-13,1.17080694e-13,1.644470397e-13,4.171375335e-14,1.99353278e-13,5.002530555e-14
112.203125,2.902571442e-13,1.499116549e-13,1.486314728e-13,3.305720759e-13,2.684424942e-13,1.110944806e-13,4.30543066e-14,2.60393556e-14,3.435224181e-14,7.557905837e-14,2.919369195e-13,8.701284268e-14,2.765200505e-13,3.285482734e-13,4.249559624e-13,3.838382979e-13,2.423300475e-13,1.950619824e-13,2.403817634e-13,2.53869278e-13,7.442790467e-14,4.524284424e-14,4.607482257e-14,5.438689106e-14,8.818955368e-14,1.816910062e-13,1.263907777e-13,1.174802375e-13,1.63454792e-13,4.192068032e-14,2.001421802e-13,4.975496702e-14
112.2109375,2.905095193e-13,1.495129754e-13,1.501317476e-13,3.348032577e-13,2.685701911e-13,1.131357364e-13,4.341991023e-14,2.62428422e-14,3.401458195e-14,7.399396077e-14,2.92818339e-13,8.734990005e-14,2.789267416e-13,3.299641897e-13,4.269015072e-13,3.816598399e-13,2.433451297e-13,1.951965585e-13,2.421203746e-13,2.540930429e-13,7.441723045e-14,4.547377859e-14,4.601429491e-14,5.479671099e-14,8.873420772e-14,1.804010231e-13,1.260412394e-13,1.177846129e-13,1.624909448e-13,4.210893923e-14,2.008494196e-13,4.95153953e-14
112.21875,2.906135967e-13,1.48971975e-13,1.515219584e-13,3.390058567e-13,2.685574727e-13,1.151593062e-13,4.375962584e-14,2.648264735e-14,3.364538373e-14,7.242278986e-14,2.938045277e-13,8.759102749e-14,2.811847001e-13,3.312049359e-13,4.288363909e-13,3.796091472e-13,2.444450113e-13,1.952773294e-13,2.438931997e-13,2.538187342e-13,7.440598927e-14,4.567233991e-14,4.594791748e-14,5.517279063e-14,8.92788655e-14,1.790201921e-13,1.25703123e-13,1.180951031e-13,1.615566217e-13,4.229136182e-14,2.014197275e-13,4.924046779e-14
112.2265625,2.907807921e-13,1.48580526e-13,1.528248272e-13,3.430800963e-13,2.68655619e-13,1.172106154e-13,4.410394692e-14,2.67671534e-14,3.32738581e-14,7.086089737e-14,2.948291977e-13,8.778245881e-14,2.833621555e-13,3.324239064e-13,4.309467916e-13,3.779433684e-13,2.457383558e-13,1.95504752e-13,2.457239866e-13,2.535058996e-13,7.437925479e-14,4.588861695e-14,4.585274825e-14,5.552802157e-14,8.984441918e-14,1.776297825e-13,1.25385198e-13,1.18454623e-13,1.607053719e-13,4.247376e-14,2.019116084e-13,4.896726111e-14
112.234375,2.91030381e-13,1.48262515e-13,1.541737979e-13,3.470123944e-13,2.6883353e-13,1.192593431e-13,4.449517093e-14,2.709393094e-14,3.286199121e-14,6.932595833e-14,2.958284775e-13,8.798841089e-14,2.855282724e-13,3.335940785e-13,4.33248586e-13,3.766304219e-13,2.471625932e-13,1.958544819e-13,2.475442054e-13,2.535404152e-13,7.434750357e-14,4.609771457e-14,4.575515847e-14,5.583483325e-14,9.04249177e-14,1.762927961e-13,1.251223492e-13,1.187684853e-13,1.599046719e-13,4.266128782e-14,2.02323963e-13,4.874124047e-14
112.2421875,2.912603221e-13,1.477796834e-13,1.556230671e-13,3.511689354e-13,2.690069572e-13,1.213844654e-13,4.490517382e-14,2.7454707e-14,3.241285445e-14,6.779502345e-14,2.967356419e-13,8.82411605e-14,2.877586041e-13,3.347837154e-13,4.357134445e-13,3.754672238e-13,2.486276455e-13,1.961503958e-13,2.493699934e-13,2.536273439e-13,7.431535612e-14,4.627387112e-14,4.568075892e-14,5.611063965e-14,9.099425087e-14,1.749664018e-13,1.249325576e-13,1.190790567e-13,1.590927635e-13,4.285321129e-14,2.026889861e-13,4.852558492e-14
112.25,2.916444229e-13,1.473314369e-13,1.571094055e-13,3.556228869e-13,2.693161128e-13,1.236997123e-13,4.529868618e-14,2.783604159e-14,3.201382872e-14,6.623655725e-14,2.974598433e-13,8.856239099e-14,2.900564681e-13,3.362092536e-13,4.38307119e-13,3.74396369e-13,2.501357004e-13,1.964057189e-13,2.512702275e-13,2.535826881e-13,7.427394214e-14,4.646359189e-14,4.562432435e-14,5.642746152e-14,9.154185045e-14,1.736496256e-13,1.248191207e-13,1.195308581e-13,1.583363347e-13,4.30563984e-14,2.031408987e-13,4.830293795e-14
112.2578125,2.921982026e-13,1.470231827e-13,1.585885709e-13,3.598896064e-13,2.69695086e-13,1.260693331e-13,4.568730378e-14,2.824836737e-14,3.164924957e-14,6.46904738e-14,2.981002209e-13,8.889370672e-14,2.922308414e-13,3.377098001e-13,4.409107158e-13,3.734317991e-13,2.51704035e-13,1.966880727e-13,2.531929159e-13,2.535634023e-13,7.423033805e-14,4.666624308e-14,4.558580667e-14,5.676133214e-14,9.208009042e-14,1.723434408e-13,1.247646774e-13,1.200138337e-13,1.576898353e-13,4.326386252e-14,2.036175264e-13,4.810720661e-14
112.265625,2.926012705e-13,1.466631955e-13,1.601053891e-13,3.639628293e-13,2.699028813e-13,1.283917951e-13,4.60908643e-14,2.870715428e-14,3.121090376e-14,6.316416422e-14,2.988339475e-13,8.917414432e-14,2.94227117e-13,3.390410799e-13,4.435601107e-13,3.726047241e-13,2.533205254e-13,1.969120263e-13,2.550566102e-13,2.53584823e-13,7.421509318e-14,4.681627909e-14,4.557079521e-14,5.699378329e-14,9.261880843e-14,1.709950638e-13,1.247532468e-13,1.203925327e-13,1.570793575e-13,4.345343693e-14,2.039737009e-13,4.793466363e-14
112.2734375,2.928278604e-13,1.463191861e-13,1.617202399e-13,3.682129229e-13,2.700033385e-13,1.308140641e-13,4.650876107e-14,2.918075355e-14,3.07168607e-14,6.164159068e-14,2.996028548e-13,8.945603039e-14,2.962464038e-13,3.403301557e-13,4.463715367e-13,3.71963988e-13,2.549662214e-13,1.97058506e-13,2.569056767e-13,2.535789041e-13,7.424669937e-14,4.692436182e-14,4.557467804e-14,5.712811393e-14,9.31532689e-14,1.696442508e-13,1.248074582e-13,1.208315515e-13,1.565076645e-13,4.365489789e-14,2.043050493e-13,4.776003276e-14
112.28125,2.93066836e-13,1.461195428e-13,1.634066624e-13,3.724018711e-13,2.701175259e-13,1.333264429e-13,4.692582611e-14,2.965340203e-14,3.024957022e-14,6.016724415e-14,3.002685815e-13,8.97743551e-14,2.982353204e-13,3.415793056e-13,4.492004484e-13,3.714425754e-13,2.565952237e-13,1.971753935e-13,2.587529167e-13,2.536038012e-13,7.430186923e-14,4.703831362e-14,4.557971225e-14,5.728544275e-14,9.3659294e-14,1.683685032e-13,1.249496606e-13,1.214086496e-13,1.560701539e-13,4.39012185e-14,2.046736394e-13,4.758858862e-14
112.2890625,2.932735488e-13,1.459417202e-13,1.650659223e-13,3.762587021e-13,2.701903376e-13,1.357684072e-13,4.733520129e-14,3.017147571e-14,2.979533634e-14,5.871729872e-14,3.00848069e-13,9.009759178e-14,2.99981178e-13,3.426738899e-13,4.519101261e-13,3.709569717e-13,2.581824772e-13,1.972350429e-13,2.605175218e-13,2.537004511e-13,7.433718729e-14,4.71426602e-14,4.556159746e-14,5.747863509e-14,9.41186241e-14,1.671043627e-13,1.251519331e-13,1.219595145e-13,1.557292352e-13,4.414226644e-14,2.049888824e-13,4.741301221e-14
112.296875,2.934992993e-13,1.457141871e-13,1.666416567e-13,3.800275314e-13,2.703093255e-13,1.382098415e-13,4.775977772e-14,3.074063412e-14,2.932093879e-14,5.720966589e-14,3.014282971e-13,9.042025354e-14,3.016270874e-13,3.438555526e-13,4.546572907e-13,3.705898019e-13,2.598637788e-13,1.973569822e-13,2.622682496e-13,2.53794174e-13,7.434824448e-14,4.722829077e-14,4.554185954e-14,5.761694743e-14,9.457752008e-14,1.65786616e-13,1.253800431e-13,1.22453175e-13,1.553945437e-13,4.435133548e-14,2.052729981e-13,4.721663498e-14
112.3046875,2.938999748e-13,1.454621953e-13,1.682063192e-13,3.837916452e-13,2.705380962e-13,1.407439155e-13,4.821763444e-14,3.132344842e-14,2.88342755e-14,5.570031882e-14,3.021182946e-13,9.073478992e-14,3.033362055e-13,3.452044703e-13,4.575956504e-13,3.70451527e-13,2.618158759e-13,1.976763773e-13,2.641548272e-13,2.53804503e-13,7.437803896e-14,4.730860954e-14,4.557402497e-14,5.770185161e-14,9.50937167e-14,1.644900691e-13,1.256700455e-13,1.22964631e-13,1.551162934e-13,4.458354081e-14,2.055263322e-13,4.702538115e-14
112.3125,2.943201375e-13,1.452305879e-13,1.698906302e-13,3.87499979e-13,2.706829797e-13,1.432545584e-13,4.868572859e-14,3.193888203e-14,2.834666289e-14,5.429527239e-14,3.029787072e-13,9.105363022e-14,3.049794182e-13,3.464078991e-13,4.606818392e-13,3.705099041e-13,2.639181027e-13,1.979693391e-13,2.661182486e-13,2.537795798e-13,7.444469408e-14,4.737536622e-14,4.564484826e-14,5.781895498e-14,9.562069939e-14,1.632627004e-13,1.260829624e-13,1.235083017e-13,1.549586965e-13,4.484929417e-14,2.056942314e-13,4.686404215e-14
112.3203125,2.946692436e-13,1.450646976e-13,1.716699208e-13,3.912292949e-13,2.707291066e-13,1.456749327e-13,4.914547879e-14,3.259973984e-14,2.786681246e-14,5.297578695e-14,3.038522845e-13,9.142309221e-14,3.064894924e-13,3.474397966e-13,4.63748936e-13,3.706347354e-13,2.658802062e-13,1.980610205e-13,2.680308285e-13,2.53793323e-13,7.452238494e-14,4.744607679e-14,4.571716988e-14,5.795229707e-14,9.608627572e-14,1.620520238e-13,1.265538554e-13,1.241070038e-13,1.548589458e-13,4.510663213e-14,2.058576161e-13,4.672085996e-14
112.328125,2.950788947e-13,1.448388676e-13,1.733618264e-13,3.948074408e-13,2.708181549e-13,1.480758994e-13,4.96185348e-14,3.326255016e-14,2.737467169e-14,5.168404737e-14,3.045130268e-13,9.180419169e-14,3.078847865e-13,3.48454467e-13,4.66703063e-13,3.708187365e-13,2.677372014e-13,1.981482157e-13,2.698982307e-13,2.537482079e-13,7.460223663e-14,4.752382036e-14,4.581612404e-14,5.800745902e-14,9.652932117e-14,1.608448541e-13,1.269490636e-13,1.246877386e-13,1.547648328e-13,4.534467203e-14,2.059671455e-13,4.65892611e-14
112.3359375,2.953457383e-13,1.445727451e-13,1.749005983e-13,3.981578434e-13,2.707949237e-13,1.505061254e-13,5.011757274e-14,3.392944383e-14,2.685231344e-14,5.041663183e-14,3.049510312e-13,9.216110226e-14,3.091566963e-13,3.493508287e-13,4.697402614e-13,3.712864659e-13,2.697447673e-13,1.98291564e-13,2.717238593e-13,2.53576804e-13,7.468857729e-14,4.754656926e-14,4.594323473e-14,5.802087295e-14,9.700846521e-14,1.596863004e-13,1.273251387e-13,1.25150236e-13,1.547736952e-13,4.556199256e-14,2.058764238e-13,4.646035172e-14
112.34375,2.952696836e-13,1.445464737e-13,1.764045872e-13,4.015624589e-13,2.705805612e-13,1.529348563e-13,5.061220681e-14,3.463019491e-14,2.633843663e-14,4.917321656e-14,3.053265329e-13,9.256372135e-14,3.10375466e-13,3.500937805e-13,4.729680493e-13,3.720701158e-13,2.718759626e-13,1.983468471e-13,2.734925726e-13,2.534310045e-13,7.477449959e-14,4.751511389e-14,4.605594885e-14,5.809017174e-14,9.748931143e-14,1.585939088e-13,1.278375822e-13,1.25597917e-13,1.549781526e-13,4.577121289e-14,2.05728955e-13,4.631825167e-14
112.3515625,2.952052594e-13,1.445426824e-13,1.779755068e-13,4.049301687e-13,2.704916509e-13,1.552900498e-13,5.108125362e-14,3.53438479e-14,2.583672244e-14,4.791918422e-14,3.057690457e-13,9.298851107e-14,3.114925953e-13,3.507870522e-13,4.760758925e-13,3.72798536e-13,2.739441206e-13,1.98367965e-13,2.75258155e-13,2.533420372e-13,7.487946167e-14,4.7499083e-14,4.617637652e-14,5.816217327e-14,9.792970854e-14,1.575484363e-13,1.284160263e-13,1.260668117e-13,1.55256165e-13,4.600460006e-14,2.056059055e-13,4.618628072e-14
112.359375,2.953933462e-13,1.441469913e-13,1.795789465e-13,4.079743132e-13,2.706313191e-13,1.575865884e-13,5.154758331e-14,3.607872846e-14,2.530588588e-14,4.663416806e-14,3.062785597e-13,9.333344314e-14,3.124073774e-13,3.514428316e-13,4.78980062e-13,3.73379927e-13,2.759996549e-13,1.984232923e-13,2.77041376e-13,2.531569154e-13,7.502316226e-14,4.749962335e-14,4.634581767e-14,5.817761245e-14,9.834942343e-14,1.56520115e-13,1.28923287e-13,1.264326326e-13,1.554639097e-13,4.62355659e-14,2.053289091e-13,4.608482334e-14
112.3671875,2.955798179e-13,1.437849131e-13,1.81104907e-13,4.109435736e-13,2.707305137e-13,1.599134024e-13,5.201649785e-14,3.689103101e-14,2.477947113e-14,4.537945075e-14,3.067810382e-13,9.365199783e-14,3.133106293e-13,3.521147149e-13,4.820298612e-13,3.742016883e-13,2.781722179e-13,1.984166318e-13,2.788305939e-13,2.529706859e-13,7.518047901e-14,4.750085704e-14,4.653899642e-14,5.820122111e-14,9.877113075e-14,1.554973249e-13,1.294489067e-13,1.268231364e-13,1.557025525e-13,4.642901499e-14,2.049678677e-13,4.598703728e-14
112.375,2.956097163e-13,1.439129261e-13,1.825612498e-13,4.140586335e-13,2.707177575e-13,1.62244169e-13,5.245978249e-14,3.77729845e-14,2.429204003e-14,4.423113717e-14,3.072555442e-13,9.403200586e-14,3.142855877e-13,3.528111131e-13,4.852554697e-13,3.753603398e-13,2.804085482e-13,1.983380081e-13,2.806388901e-13,2.529870172e-13,7.53427324e-14,4.751862443e-14,4.673306949e-14,5.821772665e-14,9.918782151e-14,1.545062981e-13,1.300762766e-13,1.274199073e-13,1.560767322e-13,4.663735336e-14,2.046800028e-13,4.589421171e-14
112.3828125,2.955414589e-13,1.440881702e-13,1.840637139e-13,4.169821055e-13,2.706922561e-13,1.644797877e-13,5.289812266e-14,3.86705255e-14,2.379682179e-14,4.31460023e-14,3.077005739e-13,9.442539841e-14,3.150625648e-13,3.533657823e-13,4.883741948e-13,3.765775675e-13,2.825873808e-13,1.982301071e-13,2.823889752e-13,2.530471326e-13,7.551785426e-14,4.751238228e-14,4.694365715e-14,5.816159367e-14,9.958637252e-14,1.535806905e-13,1.307073642e-13,1.280330228e-13,1.56489897e-13,4.689627579e-14,2.043245517e-13,4.583605867e-14
112.390625,2.953894077e-13,1.440241769e-13,1.855579802e-13,4.194121171e-13,2.705927869e-13,1.665749278e-13,5.33698558e-14,3.957483149e-14,2.328498378e-14,4.204385219e-14,3.080928731e-13,9.478761233e-14,3.155882139e-13,3.537682474e-13,4.913613981e-13,3.777885973e-13,2.846833286e-13,1.980576852e-13,2.839949022e-13,2.529151191e-13,7.566332964e-14,4.74495286e-14,4.71790484e-14,5.810750889e-14,9.995687184e-14,1.527353105e-13,1.313232157e-13,1.284921706e-13,1.569037151e-13,4.71654751e-14,2.038327305e-13,4.579087446e-14
112.3984375,2.951877657e-13,1.44029906e-13,1.86942481e-13,4.214944094e-13,2.704236902e-13,1.685431016e-13,5.38414777e-14,4.050732752e-14,2.27866986e-14,4.095773788e-14,3.084852347e-13,9.51512327e-14,3.160292027e-13,3.541854412e-13,4.943683355e-13,3.790995271e-13,2.867965507e-13,1.978332705e-13,2.855469452e-13,2.526944097e-13,7.575748926e-14,4.738273446e-14,4.743746973e-14,5.810026723e-14,1.002983487e-13,1.519524949e-13,1.320110554e-13,1.289192243e-13,1.573696806e-13,4.742948597e-14,2.032913926e-13,4.572823261e-14
112.40625,2.949711661e-13,1.440671214e-13,1.883489009e-13,4.235382327e-13,2.703638603e-13,1.705339601e-13,5.430084184e-14,4.147742944e-14,2.229038154e-14,3.992606889e-14,3.089011488e-13,9.554705526e-14,3.163927692e-13,3.546906905e-13,4.9748004e-13,3.804783841e-13,2.890105741e-13,1.976072472e-13,2.871383163e-13,2.524911537e-13,7.585626699e-14,4.733553239e-14,4.770886884e-14,5.807739646e-14,1.006281854e-13,1.511593659e-13,1.327228247e-13,1.293508925e-13,1.57836026e-13,4.769411884e-14,2.026937601e-13,4.565009858e-14
112.4140625,2.948030008e-13,1.439504314e-13,1.898374876e-13,4.256350327e-13,2.704380599e-13,1.726908017e-13,5.480096758e-14,4.247883299e-14,2.181986658e-14,3.890341395e-14,3.092303273e-13,9.599108843e-14,3.167449365e-13,3.553442399e-13,5.006355243e-13,3.818034771e-13,2.9120203e-13,1.974227598e-13,2.887409692e-13,2.521653441e-13,7.599878263e-14,4.72837025e-14,4.797389359e-14,5.807074623e-14,1.009617142e-13,1.503090669e-13,1.333571857e-13,1.297537066e-13,1.582962593e-13,4.795547111e-14,2.021296179e-13,4.554169362e-14
112.421875,2.948241231e-13,1.439580481e-13,1.912724319e-13,4.276943078e-13,2.705076252e-13,1.749054047e-13,5.531074194e-14,4.350193626e-14,2.142196206e-14,3.790881248e-14,3.094600945e-13,9.648960327e-14,3.171965015e-13,3.561570252e-13,5.036886817e-13,3.830731983e-13,2.932656247e-13,1.973601112e-13,2.903645581e-13,2.517081574e-13,7.617486941e-14,4.723474405e-14,4.8227754e-14,5.81311339e-14,1.012855761e-13,1.494862467e-13,1.339885012e-13,1.302736421e-13,1.588427673e-13,4.825039889e-14,2.016994582e-13,4.540166749e-14
112.4296875,2.94911926e-13,1.442190962e-13,1.926909809e-13,4.297391813e-13,2.705399134e-13,1.770703008e-13,5.575761529e-14,4.455060462e-14,2.105403549e-14,3.70224444e-14,3.096839172e-13,9.702971973e-14,3.176153366e-13,3.569471051e-13,5.067331391e-13,3.845086714e-13,2.953662214e-13,1.97394999e-13,2.920098843e-13,2.513075409e-13,7.637107074e-14,4.71840689e-14,4.847803718e-14,5.820407779e-14,1.015840138e-13,1.487866881e-13,1.347606116e-13,1.309527278e-13,1.594672265e-13,4.859399027e-14,2.012325107e-13,4.526481721e-14
112.4375,2.94762897e-13,1.444695741e-13,1.941877249e-13,4.31715538e-13,2.706142905e-13,1.792271455e-13,5.618650084e-14,4.561676239e-14,2.067403238e-14,3.622123621e-14,3.098782121e-13,9.760119843e-14,3.178772142e-13,3.576308214e-13,5.098846399e-13,3.861802973e-13,2.975714096e-13,1.973873918e-13,2.935896843e-13,2.509664222e-13,7.657354255e-14,4.711493265e-14,4.874011481e-14,5.828127816e-14,1.018690181e-13,1.481593061e-13,1.356296056e-13,1.316119296e-13,1.601539192e-13,4.893132377e-14,2.006336409e-13,4.512169992e-14
112.4453125,2.945147777e-13,1.446843082e-13,1.956947357e-13,4.333452457e-13,2.708277481e-13,1.812928599e-13,5.663770423e-14,4.666117707e-14,2.032938478e-14,3.545189442e-14,3.100422152e-13,9.82135728e-14,3.180292809e-13,3.583634911e-13,5.128880195e-13,3.877828026e-13,2.997256146e-13,1.973530439e-13,2.951355002e-13,2.505466696e-13,7.678846832e-14,4.706383586e-14,4.903596817e-14,5.840478246e-14,1.021438203e-13,1.475164095e-13,1.364340769e-13,1.322523316e-13,1.609673547e-13,4.926054377e-14,2.000668853e-13,4.494508154e-14
112.453125,2.944751607e-13,1.450219705e-13,1.97217949e-13,4.346245374e-13,2.711939822e-13,1.831873848e-13,5.705108594e-14,4.767737155e-14,2.003230585e-14,3.474065505e-14,3.102729531e-13,9.886420706e-14,3.180852371e-13,3.591708869e-13,5.156597258e-13,3.892298596e-13,3.018636491e-13,1.973961259e-13,2.96764819e-13,2.500126764e-13,7.703670787e-14,4.704505581e-14,4.935458709e-14,5.85441416e-14,1.023841115e-13,1.4686989e-13,1.371835806e-13,1.33030261e-13,1.618637669e-13,4.963521106e-14,1.995543126e-13,4.476353047e-14
112.4609375,2.9447131e-13,1.454049782e-13,1.987554084e-13,4.357379857e-13,2.715290099e-13,1.850194147e-13,5.741936028e-14,4.871423086e-14,1.972179747e-14,3.408945122e-14,3.105385094e-13,9.94939568e-14,3.180304129e-13,3.59851354e-13,5.184271215e-13,3.907297622e-13,3.040591395e-13,1.974570772e-13,2.984046203e-13,2.493264485e-13,7.728915387e-14,4.700274555e-14,4.965369179e-14,5.865506964e-14,1.025879682e-13,1.462569219e-13,1.380188048e-13,1.338736693e-13,1.627558205e-13,5.004472534e-14,1.989274327e-13,4.459078132e-14
112.46875,2.94286398e-13,1.457024215e-13,2.001329496e-13,4.365489412e-13,2.71693062e-13,1.868061877e-13,5.77914771e-14,4.979493029e-14,1.939444303e-14,3.347612897e-14,3.107253841e-13,1.00053725e-13,3.178504223e-13,3.603343834e-13,5.21051966e-13,3.921541868e-13,3.061244339e-13,1.974598855e-13,2.999152181e-13,2.48478352e-13,7.750675731e-14,4.691559475e-14,4.992414161e-14,5.874818688e-14,1.0278048e-13,1.456717831e-13,1.389172737e-13,1.346286723e-13,1.636996194e-13,5.045543059e-14,1.981213491e-13,4.440147098e-14
112.4765625,2.94142718e-13,1.459442456e-13,2.013252705e-13,4.370579391e-13,2.718539182e-13,1.885346758e-13,5.816959828e-14,5.089625986e-14,1.911797198e-14,3.294255448e-14,3.10768159e-13,1.006036279e-13,3.175499693e-13,3.608020457e-13,5.234067291e-13,3.934234789e-13,3.080420966e-13,1.974586653e-13,3.01347023e-13,2.476620911e-13,7.771941564e-14,4.68251769e-14,5.020369962e-14,5.889453246e-14,1.029697382e-13,1.450998149e-13,1.397218918e-13,1.353512669e-13,1.647562499e-13,5.086267429e-14,1.972164686e-13,4.420002325e-14
112.484375,2.942231641e-13,1.462734311e-13,2.024508915e-13,4.376147699e-13,2.721321315e-13,1.903291835e-13,5.856993344e-14,5.199901696e-14,1.890999306e-14,3.249746213e-14,3.106385785e-13,1.012119496e-13,3.172512233e-13,3.613400239e-13,5.258292555e-13,3.94911487e-13,3.100313204e-13,1.974569949e-13,3.027991816e-13,2.470091561e-13,7.79684194e-14,4.676203307e-14,5.052443235e-14,5.916739176e-14,1.031478331e-13,1.445342501e-13,1.404119386e-13,1.361277542e-13,1.658801885e-13,5.124147886e-14,1.963146685e-13,4.398685785e-14
112.4921875,2.944079184e-13,1.468170941e-13,2.034868117e-13,4.381729318e-13,2.723633468e-13,1.921150739e-13,5.901479174e-14,5.308915196e-14,1.871654651e-14,3.209174343e-14,3.10473482e-13,1.018372203e-13,3.16965128e-13,3.617887765e-13,5.283240764e-13,3.966051157e-13,3.120493223e-13,1.973974663e-13,3.042464533e-13,2.462963832e-13,7.82512908e-14,4.672147962e-14,5.087001218e-14,5.950666218e-14,1.033056205e-13,1.439882436e-13,1.411133234e-13,1.369103773e-13,1.670507567e-13,5.15846173e-14,1.954358633e-13,4.374328499e-14
112.5,2.946247637e-13,1.474047754e-13,2.044360543e-13,4.383627455e-13,2.724990879e-13,1.937115877e-13,5.945416833e-14,5.416935384e-14,1.851462002e-14,3.174596322e-14,3.104129547e-13,1.024351936e-13,3.165012351e-13,3.621236356e-13,5.30547699e-13,3.980689701e-13,3.13964945e-13,1.973354964e-13,3.056305954e-13,2.451945361e-13,7.856075508e-14,4.667414378e-14,5.120199479e-14,5.980931726e-14,1.034380816e-13,1.434918343e-13,1.418737169e-13,1.376357077e-13,1.683111549e-13,5.193550941e-14,1.945193616e-13,4.349533445e-14
112.5078125,2.948804352e-13,1.477298259e-13,2.054118228e-13,4.381982822e-13,2.726676246e-13,1.952547549e-13,5.985378001e-14,5.528401807e-14,1.833827508e-14,3.150070921e-14,3.102771377e-13,1.030330758e-13,3.158577016e-13,3.62518125e-13,5.326179888e-13,3.993540398e-13,3.1584976e-13,1.973371971e-13,3.069393419e-13,2.437441863e-13,7.888856446e-14,4.659438203e-14,5.152150219e-14,6.0105024e-14,1.035510991e-13,1.430471763e-13,1.42604807e-13,1.383175214e-13,1.696443092e-13,5.230764423e-14,1.935142614e-13,4.327117138e-14
112.515625,2.950823167e-13,1.479352406e-13,2.06442067e-13,4.379490758e-13,2.728528566e-13,1.96875178e-13,6.023469997e-14,5.64497071e-14,1.819674901e-14,3.131905229e-14,3.099491956e-13,1.036588418e-13,3.151836643e-13,3.629465175e-13,5.347697335e-13,4.007240958e-13,3.176985082e-13,1.973429631e-13,3.081916302e-13,2.424168028e-13,7.921794054e-14,4.649676949e-14,5.184852472e-14,6.042477109e-14,1.036379658e-13,1.426456732e-13,1.43284897e-13,1.390438418e-13,1.709526408e-13,5.268297692e-14,1.924081213e-13,4.306294918e-14
112.5234375,2.95170749e-13,1.483679511e-13,2.075200441e-13,4.376983989e-13,2.730039627e-13,1.984084647e-13,6.058969876e-14,5.761609535e-14,1.807214382e-14,3.116519386e-14,3.096733118e-13,1.043384795e-13,3.144572809e-13,3.633112172e-13,5.369074129e-13,4.021069761e-13,3.194673569e-13,1.97308642e-13,3.094263113e-13,2.414540733e-13,7.95602538e-14,4.64041867e-14,5.217267344e-14,6.074946894e-14,1.036872095e-13,1.423053551e-13,1.440178943e-13,1.398447961e-13,1.722394362e-13,5.307168918e-14,1.912752342e-13,4.287227387e-14
112.53125,2.952281326e-13,1.489785461e-13,2.086466342e-13,4.372789372e-13,2.731366409e-13,1.997824234e-13,6.091707947e-14,5.87493241e-14,1.797801091e-14,3.105845655e-14,3.095299638e-13,1.05102e-13,3.136892091e-13,3.637406264e-13,5.389626482e-13,4.034171829e-13,3.212580365e-13,1.972712884e-13,3.106795855e-13,2.404245954e-13,7.993718436e-14,4.631184617e-14,5.249486469e-14,6.114454386e-14,1.037301129e-13,1.420193526e-13,1.448163934e-13,1.406139854e-13,1.736514766e-13,5.348589104e-14,1.902831087e-13,4.267008352e-14
112.5390625,2.953956845e-13,1.496537703e-13,2.097509665e-13,4.365371697e-13,2.732184625e-13,2.01117417e-13,6.124813209e-14,5.986190289e-14,1.792141638e-14,3.102484264e-14,3.093399979e-13,1.059260873e-13,3.130083946e-13,3.64298124e-13,5.409270909e-13,4.046320635e-13,3.230729619e-13,1.972599863e-13,3.119761554e-13,2.389512595e-13,8.033924773e-14,4.622624966e-14,5.283094922e-14,6.162115421e-14,1.037919069e-13,1.417535143e-13,1.456150672e-13,1.413498099e-13,1.752122211e-13,5.391647253e-14,1.894614977e-13,4.240686722e-14
112.546875,2.957528621e-13,1.50457065e-13,2.107678249e-13,4.356317893e-13,2.733010468e-13,2.024328106e-13,6.157554341e-14,6.097290264e-14,1.787489778e-14,3.106930719e-14,3.091094493e-13,1.067485502e-13,3.123443057e-13,3.648551438e-13,5.427833439e-13,4.057135554e-13,3.248272607e-13,1.97298994e-13,3.132904635e-13,2.372730375e-13,8.074971196e-14,4.616222563e-14,5.315751834e-14,6.208688872e-14,1.03837297e-13,1.415330889e-13,1.464471056e-13,1.421711861e-13,1.767820189e-13,5.435322645e-14,1.886096504e-13,4.212843683e-14
112.5546875,2.961719386e-13,1.511813401e-13,2.116601033e-13,4.346417968e-13,2.734276611e-13,2.036209611e-13,6.189116628e-14,6.210146153e-14,1.78378737e-14,3.118912599e-14,3.088636735e-13,1.075242015e-13,3.115139036e-13,3.653224794e-13,5.445863078e-13,4.067658365e-13,3.265348914e-13,1.973730192e-13,3.145060756e-13,2.355987616e-13,8.115343054e-14,4.608616282e-14,5.346931956e-14,6.259360479e-14,1.038587677e-13,1.414037312e-13,1.472714257e-13,1.429490406e-13,1.783421131e-13,5.478642198e-14,1.875844722e-13,4.18942299e-14
112.5625,2.964861514e-13,1.515771188e-13,2.1241483e-13,4.332444583e-13,2.734707273e-13,2.046295986e-13,6.223144424e-14,6.323983407e-14,1.783094641e-14,3.139200333e-14,3.084598978e-13,1.082608762e-13,3.105283237e-13,3.656708361e-13,5.462157723e-13,4.07788219e-13,3.281896069e-13,1.974117773e-13,3.155743929e-13,2.337932419e-13,8.153529257e-14,4.596084446e-14,5.380971069e-14,6.322452118e-14,1.039075109e-13,1.413296238e-13,1.479423741e-13,1.434695172e-13,1.79974516e-13,5.521596603e-14,1.864643402e-13,4.165406442e-14
112.5703125,2.968393784e-13,1.518963181e-13,2.131442184e-13,4.314818988e-13,2.735136471e-13,2.055790088e-13,6.259201639e-14,6.43548192e-14,1.784654821e-14,3.166428019e-14,3.079348848e-13,1.09029683e-13,3.095123789e-13,3.659978357e-13,5.475666364e-13,4.086507582e-13,3.298323485e-13,1.974659383e-13,3.166294205e-13,2.318847573e-13,8.193105464e-14,4.58200703e-14,5.41690066e-14,6.386049287e-14,1.039849037e-13,1.412669015e-13,1.48557321e-13,1.438939284e-13,1.816785704e-13,5.565010397e-14,1.853634631e-13,4.137362103e-14
112.578125,2.973655044e-13,1.524830227e-13,2.139148557e-13,4.298454889e-13,2.737184426e-13,2.065858922e-13,6.292640095e-14,6.544834345e-14,1.787444773e-14,3.197066977e-14,3.074247398e-13,1.098511407e-13,3.085052447e-13,3.664367349e-13,5.488782821e-13,4.094517466e-13,3.315257709e-13,1.976330927e-13,3.177223461e-13,2.300748785e-13,8.238573101e-14,4.570345686e-14,5.450578013e-14,6.440674018e-14,1.040357674e-13,1.412395501e-13,1.492820715e-13,1.444702517e-13,1.834577151e-13,5.607362813e-14,1.842642527e-13,4.109464092e-14
112.5859375,2.978132933e-13,1.53283089e-13,2.145873928e-13,4.282477072e-13,2.738242978e-13,2.075455324e-13,6.323976493e-14,6.652513131e-14,1.791977718e-14,3.234081226e-14,3.068186469e-13,1.106469845e-13,3.074638106e-13,3.668444902e-13,5.50173846e-13,4.101937208e-13,3.330437179e-13,1.97810513e-13,3.186970157e-13,2.283285412e-13,8.285444387e-14,4.55907212e-14,5.484292744e-14,6.492948588e-14,1.040399555e-13,1.412330038e-13,1.499531508e-13,1.450940258e-13,1.853374541e-13,5.646023752e-14,1.83094465e-13,4.081375626e-14
112.59375,2.981063761e-13,1.540605107e-13,2.151453324e-13,4.262870846e-13,2.73737542e-13,2.083991175e-13,6.357120134e-14,6.757005283e-14,1.798894125e-14,3.282541762e-14,3.060257628e-13,1.114304701e-13,3.06371932e-13,3.671408286e-13,5.511898958e-13,4.106481902e-13,3.342519847e-13,1.979080715e-13,3.195105696e-13,2.264021458e-13,8.329615955e-14,4.546762986e-14,5.518986463e-14,6.549054076e-14,1.040147709e-13,1.411979296e-13,1.504392233e-13,1.455710043e-13,1.872791765e-13,5.682076165e-14,1.818733501e-13,4.050442027e-14
112.6015625,2.984967705e-13,1.547053279e-13,2.157854283e-13,4.241298731e-13,2.737858711e-13,2.092598518e-13,6.392021706e-14,6.863077025e-14,1.80911051e-14,3.339302831e-14,3.052147129e-13,1.12303708e-13,3.052515361e-13,3.675229591e-13,5.520957712e-13,4.109773228e-13,3.354937986e-13,1.980225108e-13,3.202890519e-13,2.242696619e-13,8.377646474e-14,4.53467356e-14,5.549749751e-14,6.613882985e-14,1.039769611e-13,1.412086494e-13,1.509227639e-13,1.459385348e-13,1.892698484e-13,5.720016008e-14,1.806554814e-13,4.01996386e-14
112.609375,2.988603197e-13,1.553401657e-13,2.164895221e-13,4.219598002e-13,2.738465714e-13,2.100420211e-13,6.424846337e-14,6.975025371e-14,1.821893243e-14,3.401648696e-14,3.044821739e-13,1.132178442e-13,3.04078911e-13,3.678876243e-13,5.531212453e-13,4.114706727e-13,3.369237242e-13,1.981414765e-13,3.210441706e-13,2.222624315e-13,8.433612836e-14,4.520777412e-14,5.576907083e-14,6.689802939e-14,1.039408764e-13,1.413634715e-13,1.514623203e-13,1.463225072e-13,1.913223028e-13,5.761770901e-14,1.794100855e-13,3.991843586e-14
112.6171875,2.989959845e-13,1.561635486e-13,2.170417686e-13,4.195492189e-13,2.736144825e-13,2.105980038e-13,6.45344612e-14,7.08557723e-14,1.835876464e-14,3.47029059e-14,3.037130582e-13,1.140810651e-13,3.028377854e-13,3.680222917e-13,5.539675567e-13,4.118772295e-13,3.382752813e-13,1.981718599e-13,3.217387444e-13,2.204326413e-13,8.492124767e-14,4.503439203e-14,5.604943697e-14,6.770101691e-14,1.039064202e-13,1.415853744e-13,1.519278572e-13,1.467375014e-13,1.934224572e-13,5.804129056e-14,1.781205385e-13,3.961725304e-14
112.625,2.992256886e-13,1.571544828e-13,2.174272224e-13,4.168378575e-13,2.733416991e-13,2.11053418e-13,6.480418538e-14,7.189666249e-14,1.853059513e-14,3.540877079e-14,3.028411878e-13,1.149658305e-13,3.015559676e-13,3.681289496e-13,5.544274063e-13,4.119400006e-13,3.394887358e-13,1.981903113e-13,3.224306207e-13,2.182940329e-13,8.549776359e-14,4.485874552e-14,5.633316042e-14,6.851193742e-14,1.038520312e-13,1.417717506e-13,1.523516867e-13,1.471051028e-13,1.956053338e-13,5.844541865e-14,1.768353205e-13,3.927506656e-14
112.6328125,2.996285248e-13,1.58159651e-13,2.177595697e-13,4.1396223e-13,2.731606836e-13,2.114507888e-13,6.508592741e-14,7.291822872e-14,1.874310163e-14,3.613967063e-14,3.018887325e-13,1.159131932e-13,3.001923344e-13,3.682449879e-13,5.546388215e-13,4.118236464e-13,3.406345309e-13,1.982274962e-13,3.230754104e-13,2.157394809e-13,8.607777251e-14,4.469140964e-14,5.660919502e-14,6.933235895e-14,1.037643543e-13,1.419508075e-13,1.527690456e-13,1.473853894e-13,1.978633983e-13,5.883836879e-14,1.75520589e-13,3.89322594e-14
112.640625,2.998234984e-13,1.591498049e-13,2.180692992e-13,4.109885555e-13,2.728387885e-13,2.116827993e-13,6.537039577e-14,7.392090476e-14,1.896450972e-14,3.699012208e-14,3.0081718e-13,1.168546208e-13,2.987497891e-13,3.681352574e-13,5.546145675e-13,4.115896974e-13,3.416045985e-13,1.981947546e-13,3.235515092e-13,2.132221771e-13,8.667643058e-14,4.450612513e-14,5.689258432e-14,7.012290654e-14,1.036573786e-13,1.421522893e-13,1.530701458e-13,1.476415734e-13,2.001307806e-13,5.921020837e-14,1.74123619e-13,3.861012631e-14
112.6484375,2.999073498e-13,1.601719022e-13,2.183668103e-13,4.080134896e-13,2.724231395e-13,2.118534752e-13,6.564620642e-14,7.487206484e-14,1.919144223e-14,3.795938839e-14,2.996066623e-13,1.178159515e-13,2.973789621e-13,3.679280573e-13,5.543887627e-13,4.111676853e-13,3.424371892e-13,1.981420625e-13,3.239272276e-13,2.108606174e-13,8.730937772e-14,4.430484215e-14,5.717306146e-14,7.094051371e-14,1.035469209e-13,1.423890224e-13,1.533059268e-13,1.479481059e-13,2.024838536e-13,5.954375264e-14,1.727281925e-13,3.827941722e-14
112.65625,3.001930734e-13,1.612781843e-13,2.186627153e-13,4.050344024e-13,2.720270647e-13,2.120175977e-13,6.590824379e-14,7.579955565e-14,1.944871314e-14,3.896209521e-14,2.983773429e-13,1.188456493e-13,2.961063552e-13,3.677947849e-13,5.541717748e-13,4.10700581e-13,3.432918145e-13,1.981459491e-13,3.243403318e-13,2.085314903e-13,8.797491809e-14,4.410968615e-14,5.743863158e-14,7.188441374e-14,1.034267658e-13,1.427098326e-13,1.536235482e-13,1.483104321e-13,2.04954952e-13,5.986029292e-14,1.71405286e-13,3.79428812e-14
112.6640625,3.005695178e-13,1.625138921e-13,2.190113621e-13,4.019953806e-13,2.716473063e-13,2.120801148e-13,6.614123097e-14,7.671672663e-14,1.973274059e-14,3.999750228e-14,2.972387992e-13,1.199003765e-13,2.948251517e-13,3.676763414e-13,5.540066402e-13,4.102933793e-13,3.441701372e-13,1.981806389e-13,3.247948745e-13,2.062722383e-13,8.867793579e-14,4.393323568e-14,5.770296838e-14,7.288879296e-14,1.032933924e-13,1.430743594e-13,1.539427843e-13,1.487243918e-13,2.07391531e-13,6.018084689e-14,1.701142646e-13,3.762965075e-14
112.671875,3.010334309e-13,1.638613511e-13,2.195042655e-13,3.990089243e-13,2.714035384e-13,2.121887716e-13,6.63592053e-14,7.758374395e-14,2.002834293e-14,4.111740117e-14,2.961182483e-13,1.209789581e-13,2.935595344e-13,3.676450725e-13,5.537934298e-13,4.098410148e-13,3.450723482e-13,1.982578305e-13,3.252657237e-13,2.039125071e-13,8.943827222e-14,4.377582488e-14,5.795926674e-14,7.388164376e-14,1.031575598e-13,1.434010555e-13,1.541474905e-13,1.492123765e-13,2.098215613e-13,6.050733358e-14,1.688444477e-13,3.730726136e-14
112.6796875,3.016684396e-13,1.65284574e-13,2.199776569e-13,3.95980268e-13,2.711456211e-13,2.124034548e-13,6.658763249e-14,7.838399168e-14,2.032868762e-14,4.232576542e-14,2.948671767e-13,1.220819205e-13,2.922974834e-13,3.676233411e-13,5.534324244e-13,4.092410644e-13,3.459528739e-13,1.983168223e-13,3.257008759e-13,2.013101948e-13,9.020494377e-14,4.360749698e-14,5.819523424e-14,7.490768842e-14,1.030057438e-13,1.437342997e-13,1.543024303e-13,1.497281407e-13,2.123613961e-13,6.08434054e-14,1.675886835e-13,3.694520178e-14
112.6875,3.022462173e-13,1.667325363e-13,2.201581864e-13,3.926398242e-13,2.705863698e-13,2.12411757e-13,6.680005585e-14,7.914234174e-14,2.062938601e-14,4.359414556e-14,2.934754225e-13,1.231239887e-13,2.908959797e-13,3.673658064e-13,5.527708432e-13,4.084384475e-13,3.466619419e-13,1.982301903e-13,3.259911567e-13,1.987067934e-13,9.090904816e-14,4.340395637e-14,5.842964271e-14,7.597217651e-14,1.028175158e-13,1.441206481e-13,1.544500262e-13,1.501394341e-13,2.148950582e-13,6.117418508e-14,1.662630247e-13,3.657595393e-14
112.6953125,3.028446792e-13,1.681490687e-13,2.201815781e-13,3.891604535e-13,2.699250541e-13,2.121709655e-13,6.697797505e-14,7.989069556e-14,2.093585067e-14,4.490458985e-14,2.920795191e-13,1.241013774e-13,2.893986214e-13,3.670205256e-13,5.518247969e-13,4.074370121e-13,3.47288356e-13,1.980976478e-13,3.261806453e-13,1.961297002e-13,9.160015167e-14,4.31877272e-14,5.866945773e-14,7.706125852e-14,1.026176976e-13,1.445299743e-13,1.545427097e-13,1.504166e-13,2.174175882e-13,6.149453625e-14,1.648457953e-13,3.619224887e-14
112.703125,3.037065496e-13,1.695755676e-13,2.203248929e-13,3.858236948e-13,2.693318813e-13,2.119703115e-13,6.715054962e-14,8.063109342e-14,2.125123452e-14,4.625426757e-14,2.907591923e-13,1.251136486e-13,2.8797072e-13,3.667483423e-13,5.507856944e-13,4.063028113e-13,3.479841579e-13,1.980648908e-13,3.264102875e-13,1.93362402e-13,9.235207517e-14,4.297111165e-14,5.890577759e-14,7.817011333e-14,1.024279619e-13,1.449859134e-13,1.545649466e-13,1.506957776e-13,2.200678257e-13,6.183441989e-14,1.634158784e-13,3.575898691e-14
112.7109375,3.044643448e-13,1.710235444e-13,2.205421665e-13,3.825442731e-13,2.686637332e-13,2.118327855e-13,6.731108706e-14,8.132846506e-14,2.156976125e-14,4.764492094e-14,2.894499261e-13,1.261917001e-13,2.866068256e-13,3.664145179e-13,5.496677732e-13,4.050183358e-13,3.486246943e-13,1.980600032e-13,3.266307536e-13,1.904825435e-13,9.313870457e-14,4.274117144e-14,5.914592659e-14,7.922355524e-14,1.022261936e-13,1.455048741e-13,1.545357066e-13,1.510464629e-13,2.227206651e-13,6.218378192e-14,1.620087449e-13,3.531074786e-14
112.71875,3.049704465e-13,1.72477127e-13,2.207314744e-13,3.792825891e-13,2.680850243e-13,2.116551441e-13,6.745199518e-14,8.196265608e-14,2.188732274e-14,4.910021999e-14,2.881080498e-13,1.272867322e-13,2.852482466e-13,3.661275282e-13,5.484512147e-13,4.035979482e-13,3.491963834e-13,1.980485686e-13,3.267601047e-13,1.876529281e-13,9.391213334e-14,4.251311653e-14,5.937493553e-14,8.022203048e-14,1.020110817e-13,1.460328887e-13,1.545155298e-13,1.51401073e-13,2.252766492e-13,6.250613798e-14,1.606053841e-13,3.488040298e-14
112.7265625,3.057387872e-13,1.741556719e-13,2.208932122e-13,3.760411558e-13,2.677689996e-13,2.114843895e-13,6.763704e-14,8.254201579e-14,2.220686823e-14,5.064726853e-14,2.867644376e-13,1.283582359e-13,2.83918062e-13,3.660485928e-13,5.472498649e-13,4.021919109e-13,3.498320817e-13,1.980834915e-13,3.268877148e-13,1.849242616e-13,9.46755626e-14,4.230228186e-14,5.95664051e-14,8.12678981e-14,1.018003308e-13,1.46566648e-13,1.545292581e-13,1.517651209e-13,2.279018436e-13,6.281359282e-14,1.592142366e-13,3.445953839e-14
112.734375,3.06746734e-13,1.761493492e-13,2.209694369e-13,3.725858242e-13,2.674618958e-13,2.112769428e-13,6.78663045e-14,8.306824585e-14,2.255015965e-14,5.225295632e-14,2.85369502e-13,1.294141041e-13,2.826336022e-13,3.660039274e-13,5.459519272e-13,4.007192322e-13,3.503821039e-13,1.981030083e-13,3.270309876e-13,1.822387748e-13,9.546153779e-14,4.209833729e-14,5.975376517e-14,8.234943299e-14,1.015728084e-13,1.471013123e-13,1.544419362e-13,1.521815331e-13,2.306354599e-13,6.310393043e-14,1.578585884e-13,3.405531808e-14
112.7421875,3.076076617e-13,1.780664085e-13,2.209226591e-13,3.68803623e-13,2.670405684e-13,2.109399709e-13,6.80470369e-14,8.355222013e-14,2.292210089e-14,5.387896577e-14,2.838406591e-13,1.304541466e-13,2.813527781e-13,3.658975243e-13,5.443164684e-13,3.988714701e-13,3.507269352e-13,1.98059711e-13,3.27086239e-13,1.792741342e-13,9.629055668e-14,4.189998517e-14,5.997173312e-14,8.340859712e-14,1.013175873e-13,1.475699467e-13,1.541737849e-13,1.525213878e-13,2.333733807e-13,6.334695712e-14,1.565120003e-13,3.365149239e-14
112.75,3.085331552e-13,1.797023596e-13,2.207829441e-13,3.647739568e-13,2.66590076e-13,2.105516786e-13,6.81951691e-14,8.401451552e-14,2.328372617e-14,5.555341567e-14,2.822217401e-13,1.314182223e-13,2.799832715e-13,3.657496662e-13,5.424445817e-13,3.966934165e-13,3.510229557e-13,1.979750044e-13,3.270533793e-13,1.760117422e-13,9.714307636e-14,4.169233144e-14,6.018229924e-14,8.446227665e-14,1.010630428e-13,1.480031263e-13,1.538591342e-13,1.526591467e-13,2.360656154e-13,6.357025892e-14,1.551021556e-13,3.32277595e-14
112.7578125,3.096107446e-13,1.813121069e-13,2.206337231e-13,3.606344675e-13,2.660527123e-13,2.102070003e-13,6.839133622e-14,8.444084705e-14,2.363449291e-14,5.729291056e-14,2.805573685e-13,1.32319172e-13,2.785292554e-13,3.654877137e-13,5.405746536e-13,3.945463758e-13,3.512836134e-13,1.978288544e-13,3.269494088e-13,1.730059033e-13,9.799855216e-14,4.144648532e-14,6.035675032e-14,8.54972371e-14,1.008114507e-13,1.484921055e-13,1.535687048e-13,1.527280853e-13,2.386609011e-13,6.379681162e-14,1.536167337e-13,3.282918229e-14
112.765625,3.105303055e-13,1.830429305e-13,2.205834013e-13,3.567149389e-13,2.654710665e-13,2.098867866e-13,6.858472301e-14,8.479716832e-14,2.400515182e-14,5.908512433e-14,2.788104464e-13,1.332478363e-13,2.771705823e-13,3.652244269e-13,5.387572298e-13,3.925515575e-13,3.514767431e-13,1.976730833e-13,3.267601143e-13,1.703477487e-13,9.886723985e-14,4.11888031e-14,6.051718398e-14,8.649844024e-14,1.005495025e-13,1.490021423e-13,1.532443404e-13,1.529081669e-13,2.412138748e-13,6.3985107e-14,1.521453238e-13,3.24652612e-14
112.7734375,3.114672631e-13,1.850063025e-13,2.205714286e-13,3.530866251e-13,2.650033647e-13,2.095482801e-13,6.871692872e-14,8.506638936e-14,2.436764794e-14,6.095794697e-14,2.770450663e-13,1.341971674e-13,2.759832643e-13,3.651402846e-13,5.369663224e-13,3.905456947e-13,3.517373889e-13,1.975858134e-13,3.266108902e-13,1.675724348e-13,9.977057067e-14,4.096936679e-14,6.066673232e-14,8.749370739e-14,1.002815721e-13,1.494534383e-13,1.529093879e-13,1.532091626e-13,2.438547291e-13,6.413052427e-14,1.507613009e-13,3.208099243e-14
112.78125,3.126112467e-13,1.873413993e-13,2.205088513e-13,3.49342568e-13,2.645930567e-13,2.091680075e-13,6.885089569e-14,8.524495086e-14,2.471963379e-14,6.293235498e-14,2.75348955e-13,1.351635403e-13,2.748182345e-13,3.650946485e-13,5.350376608e-13,3.8831151e-13,3.5192046e-13,1.974556646e-13,3.265446684e-13,1.646565181e-13,1.007402273e-13,4.077570925e-14,6.079792687e-14,8.847167506e-14,9.998232107e-14,1.498524697e-13,1.52562044e-13,1.535901075e-13,2.465613999e-13,6.427285745e-14,1.494330663e-13,3.168027376e-14
112.7890625,3.135788337e-13,1.896727631e-13,2.204741576e-13,3.453734149e-13,2.640857252e-13,2.087314544e-13,6.901045856e-14,8.53614978e-14,2.510215741e-14,6.49634462e-14,2.736248834e-13,1.361740415e-13,2.735792219e-13,3.648633805e-13,5.327380186e-13,3.857252484e-13,3.517538938e-13,1.971473286e-13,3.263304307e-13,1.617650403e-13,1.01757101e-13,4.055903793e-14,6.092528557e-14,8.94227967e-14,9.963034978e-14,1.502443659e-13,1.520959124e-13,1.539413053e-13,2.492596881e-13,6.44072123e-14,1.480571926e-13,3.128799929e-14
112.796875,3.143083479e-13,1.915562027e-13,2.204448773e-13,3.414219789e-13,2.634681812e-13,2.082421267e-13,6.914432689e-14,8.549497534e-14,2.545889305e-14,6.698438364e-14,2.71839947e-13,1.370815471e-13,2.723147918e-13,3.644857028e-13,5.302613239e-13,3.829949865e-13,3.515006828e-13,1.967363228e-13,3.259054216e-13,1.587854917e-13,1.027217639e-13,4.030584105e-14,6.104424232e-14,9.033130778e-14,9.928478522e-14,1.506641234e-13,1.515375082e-13,1.540856535e-13,2.518838369e-13,6.451008759e-14,1.465662342e-13,3.089201271e-14
112.8046875,3.151381042e-13,1.933063745e-13,2.204014871e-13,3.375558738e-13,2.628364457e-13,2.077506217e-13,6.925547182e-14,8.569454023e-14,2.574534893e-14,6.899567052e-14,2.701603905e-13,1.378271993e-13,2.710810306e-13,3.641414765e-13,5.280242566e-13,3.804868676e-13,3.515327399e-13,1.96365693e-13,3.255112526e-13,1.55878693e-13,1.036225281e-13,4.004433215e-14,6.114512697e-14,9.114193168e-14,9.899395586e-14,1.511208524e-13,1.510086267e-13,1.541305745e-13,2.54365143e-13,6.458722735e-14,1.450215729e-13,3.051475114e-14
112.8125,3.160181077e-13,1.953670033e-13,2.204834113e-13,3.338766259e-13,2.622007545e-13,2.073430799e-13,6.937549708e-14,8.588875325e-14,2.604643615e-14,7.109386262e-14,2.685426583e-13,1.386238165e-13,2.698941172e-13,3.638286601e-13,5.259189862e-13,3.781356007e-13,3.516629988e-13,1.960272109e-13,3.251931726e-13,1.532945425e-13,1.045552298e-13,3.97931162e-14,6.125458377e-14,9.192114586e-14,9.870683754e-14,1.515943559e-13,1.504644409e-13,1.543712058e-13,2.568309459e-13,6.465129917e-14,1.434901013e-13,3.01626971e-14
112.8203125,3.168499204e-13,1.97591558e-13,2.205125502e-13,3.303667074e-13,2.614233584e-13,2.070056219e-13,6.950811457e-14,8.598238255e-14,2.637248799e-14,7.331613946e-14,2.667615924e-13,1.394675803e-13,2.687058679e-13,3.633584985e-13,5.235546286e-13,3.755697015e-13,3.515990845e-13,1.95594167e-13,3.247778563e-13,1.507733087e-13,1.055025745e-13,3.953169491e-14,6.138296726e-14,9.277150555e-14,9.837689403e-14,1.520710086e-13,1.498069286e-13,1.547214316e-13,2.594233487e-13,6.470682675e-14,1.41904339e-13,2.978521878e-14
112.828125,3.178151457e-13,1.997471289e-13,2.202548075e-13,3.265962166e-13,2.605761287e-13,2.066020834e-13,6.963994727e-14,8.601926122e-14,2.664751929e-14,7.555811935e-14,2.649201346e-13,1.401479085e-13,2.674665329e-13,3.627910504e-13,5.209642316e-13,3.727522275e-13,3.514141749e-13,1.950746179e-13,3.242745428e-13,1.481154048e-13,1.06380323e-13,3.925814051e-14,6.149194836e-14,9.360210362e-14,9.803041033e-14,1.525223196e-13,1.490854786e-13,1.549128661e-13,2.620045628e-13,6.474545934e-14,1.402596618e-13,2.939930751e-14
112.8359375,3.188975725e-13,2.019354225e-13,2.200283576e-13,3.225726662e-13,2.599974342e-13,2.061161318e-13,6.973094368e-14,8.60935206e-14,2.691441499e-14,7.778227421e-14,2.632591712e-13,1.407634292e-13,2.662580444e-13,3.624774591e-13,5.183959793e-13,3.698689162e-13,3.512088338e-13,1.946454711e-13,3.237913166e-13,1.455317058e-13,1.072496372e-13,3.902101352e-14,6.154537402e-14,9.43361455e-14,9.7682487e-14,1.528815419e-13,1.48347393e-13,1.550524627e-13,2.644409331e-13,6.474894263e-14,1.3872254e-13,2.905293846e-14
112.84375,3.199350021e-13,2.042971164e-13,2.200505586e-13,3.188889221e-13,2.597027376e-13,2.056997438e-13,6.977654306e-14,8.617381999e-14,2.72385771e-14,8.006046607e-14,2.616901492e-13,1.415113554e-13,2.651860513e-13,3.625123382e-13,5.158589284e-13,3.668920081e-13,3.509018433e-13,1.943045502e-13,3.232938014e-13,1.430526989e-13,1.082122628e-13,3.883688615e-14,6.153902174e-14,9.506103287e-14,9.730734287e-14,1.531472439e-13,1.475606929e-13,1.553247611e-13,2.667845118e-13,6.471786065e-14,1.373599002e-13,2.870254227e-14
112.8515625,3.208995975e-13,2.067251295e-13,2.200924067e-13,3.155588013e-13,2.593881943e-13,2.053654845e-13,6.983867594e-14,8.61812315e-14,2.75726828e-14,8.236975005e-14,2.600692071e-13,1.423210597e-13,2.641735458e-13,3.62664983e-13,5.132589335e-13,3.637604951e-13,3.504724502e-13,1.93858894e-13,3.22706042e-13,1.405561136e-13,1.092219418e-13,3.865701968e-14,6.150134688e-14,9.579387758e-14,9.689569046e-14,1.534259618e-13,1.467755179e-13,1.556269904e-13,2.690688181e-13,6.468333595e-14,1.360502473e-13,2.831982162e-14
112.859375,3.21802081e-13,2.090373378e-13,2.201192566e-13,3.12080377e-13,2.5902151e-13,2.049706395e-13,6.99353604e-14,8.611146318e-14,2.786313316e-14,8.463866172e-14,2.584829162e-13,1.430571897e-13,2.630591001e-13,3.627876457e-13,5.105877282e-13,3.605760232e-13,3.500427967e-13,1.933144771e-13,3.220334556e-13,1.381675857e-13,1.101587799e-13,3.844838651e-14,6.147516272e-14,9.645053153e-14,9.646046459e-14,1.537756571e-13,1.46037644e-13,1.559041531e-13,2.712500805e-13,6.467802247e-14,1.346834144e-13,2.795160023e-14
112.8671875,3.227456621e-13,2.113840771e-13,2.201503646e-13,3.084671214e-13,2.586862293e-13,2.045433523e-13,7.004377514e-14,8.599922359e-14,2.810430659e-14,8.689139736e-14,2.570014277e-13,1.436648683e-13,2.618661624e-13,3.628434374e-13,5.078946898e-13,3.574269821e-13,3.497038348e-13,1.927858799e-13,3.213384761e-13,1.360138334e-13,1.109810293e-13,3.822354591e-14,6.146633044e-14,9.699909023e-14,9.601164319e-14,1.54121993e-13,1.452515061e-13,1.562837391e-13,2.732631816e-13,6.468774599e-14,1.332415599e-13,2.76022402e-14
112.875,3.238007011e-13,2.140195217e-13,2.199903269e-13,3.050459219e-13,2.58217993e-13,2.041691472e-13,7.016711487e-14,8.589800171e-14,2.831887322e-14,8.917428698e-14,2.555734499e-13,1.441506862e-13,2.607633447e-13,3.627555091e-13,5.052084741e-13,3.543566219e-13,3.494051776e-13,1.921834856e-13,3.206447919e-13,1.340352521e-13,1.117443397e-13,3.799399536e-14,6.144853201e-14,9.748687993e-14,9.556006724e-14,1.543977362e-13,1.444053183e-13,1.567581464e-13,2.751377801e-13,6.464466582e-14,1.317669602e-13,2.725122871e-14
112.8828125,3.248320141e-13,2.16715526e-13,2.196636726e-13,3.017346091e-13,2.575914645e-13,2.037100435e-13,7.025999687e-14,8.582480833e-14,2.853308078e-14,9.147981753e-14,2.541256673e-13,1.445698151e-13,2.597438909e-13,3.625200652e-13,5.024289153e-13,3.513371428e-13,3.490468662e-13,1.914255827e-13,3.19881001e-13,1.321186661e-13,1.125192013e-13,3.776447068e-14,6.142149592e-14,9.800033957e-14,9.511008825e-14,1.546264111e-13,1.435987876e-13,1.571593936e-13,2.769953463e-13,6.45095602e-14,1.3029064e-13,2.691963505e-14
112.890625,3.259139103e-13,2.192012143e-13,2.193236733e-13,2.982680361e-13,2.570954705e-13,2.031017964e-13,7.025773339e-14,8.567715441e-14,2.871400699e-14,9.37681635e-14,2.526180535e-13,1.449137575e-13,2.586535022e-13,3.623526528e-13,4.994641827e-13,3.481751078e-13,3.486585733e-13,1.906456769e-13,3.190469651e-13,1.301238242e-13,1.133268468e-13,3.755627523e-14,6.140341542e-14,9.85240246e-14,9.464736048e-14,1.548381606e-13,1.427887447e-13,1.574525952e-13,2.78808325e-13,6.43352066e-14,1.288077352e-13,2.660369549e-14
112.8984375,3.272901586e-13,2.217588724e-13,2.19010239e-13,2.947517981e-13,2.568534126e-13,2.025365513e-13,7.02027631e-14,8.539670401e-14,2.884980353e-14,9.60404354e-14,2.511553789e-13,1.451998906e-13,2.575483109e-13,3.625315512e-13,4.964999367e-13,3.448356325e-13,3.484022791e-13,1.899833265e-13,3.182928475e-13,1.280611888e-13,1.141505849e-13,3.738455363e-14,6.139531709e-14,9.895863696e-14,9.416850065e-14,1.550448665e-13,1.41949868e-13,1.578173662e-13,2.805474281e-13,6.419518472e-14,1.273888204e-13,2.627639366e-14
112.90625,3.287665719e-13,2.245897757e-13,2.188462523e-13,2.914852652e-13,2.567219826e-13,2.020972699e-13,7.01692969e-14,8.510842285e-14,2.901948387e-14,9.836804871e-14,2.498623915e-13,1.455506591e-13,2.566077536e-13,3.630360159e-13,4.937927954e-13,3.416101115e-13,3.483293748e-13,1.894300235e-13,3.176440421e-13,1.26141484e-13,1.149584066e-13,3.72309308e-14,6.139131016e-14,9.935687054e-14,9.369959311e-14,1.552642323e-13,1.412141957e-13,1.583679684e-13,2.823905084e-13,6.408376287e-14,1.260971642e-13,2.595212328e-14
112.9140625,3.300178232e-13,2.274568374e-13,2.188072901e-13,2.884101174e-13,2.566065446e-13,2.017078673e-13,7.016541883e-14,8.489152755e-14,2.922153922e-14,1.00740179e-13,2.486347935e-13,1.45916637e-13,2.557794255e-13,3.635485864e-13,4.912690962e-13,3.385701033e-13,3.482344461e-13,1.888621112e-13,3.169359538e-13,1.244095705e-13,1.157132189e-13,3.70756312e-14,6.138030344e-14,9.977852005e-14,9.324907513e-14,1.554729325e-13,1.405705887e-13,1.589553947e-13,2.843088611e-13,6.393806834e-14,1.248138833e-13,2.564608781e-14
112.921875,3.311407093e-13,2.302412694e-13,2.186389053e-13,2.852171923e-13,2.564690988e-13,2.013034094e-13,7.016671943e-14,8.464248223e-14,2.935813917e-14,1.030520307e-13,2.473333007e-13,1.461207898e-13,2.549024068e-13,3.638819116e-13,4.886476997e-13,3.354190116e-13,3.479152191e-13,1.881808715e-13,3.161228947e-13,1.227465306e-13,1.164001221e-13,3.692026265e-14,6.134410297e-14,1.000890899e-13,9.278726341e-14,1.556410881e-13,1.399174933e-13,1.594112541e-13,2.860172398e-13,6.374019465e-14,1.234564868e-13,2.534775863e-14
112.9296875,3.323394528e-13,2.329203028e-13,2.183697984e-13,2.81857517e-13,2.563029243e-13,2.007818167e-13,7.013958482e-14,8.4284443e-14,2.943686351e-14,1.053284219e-13,2.460011367e-13,1.462071839e-13,2.539662484e-13,3.641579493e-13,4.858406038e-13,3.320714729e-13,3.474764177e-13,1.874618673e-13,3.153139497e-13,1.211391748e-13,1.170504628e-13,3.67636325e-14,6.1292401e-14,1.002757926e-13,9.230491371e-14,1.558057584e-13,1.392853729e-13,1.597917964e-13,2.87495492e-13,6.353001247e-14,1.221275714e-13,2.505591202e-14
112.9375,3.336325033e-13,2.354397783e-13,2.182202604e-13,2.785169685e-13,2.56225631e-13,2.001912314e-13,7.008352827e-14,8.387771713e-14,2.952711735e-14,1.076395484e-13,2.44719498e-13,1.463004929e-13,2.530364535e-13,3.645761878e-13,4.829997033e-13,3.287154008e-13,3.471011417e-13,1.867968298e-13,3.145298187e-13,1.195555215e-13,1.177287393e-13,3.661320459e-14,6.125614954e-14,1.004988319e-13,9.182089655e-14,1.559703933e-13,1.38628668e-13,1.602435031e-13,2.889254077e-13,6.331237317e-14,1.208652927e-13,2.475936652e-14
112.9453125,3.348990205e-13,2.380930027e-13,2.181411827e-13,2.753033978e-13,2.562260989e-13,1.997063597e-13,7.002525188e-14,8.350175536e-14,2.962235202e-14,1.098964531e-13,2.43560932e-13,1.463747918e-13,2.521459408e-13,3.651461145e-13,4.802254695e-13,3.254112861e-13,3.467077925e-13,1.861134094e-13,3.13684871e-13,1.179613832e-13,1.184627228e-13,3.648913035e-14,6.122659758e-14,1.007333273e-13,9.132345049e-14,1.560601257e-13,1.378939275e-13,1.608140906e-13,2.903543127e-13,6.305524293e-14,1.196173124e-13,2.444072011e-14
112.953125,3.360141528e-13,2.410926741e-13,2.179755196e-13,2.72179157e-13,2.561201032e-13,1.992003074e-13,6.993160423e-14,8.316795611e-14,2.970497032e-14,1.120441248e-13,2.425648871e-13,1.463883105e-13,2.512833256e-13,3.657208591e-13,4.774697956e-13,3.221513818e-13,3.46237129e-13,1.853979983e-13,3.127487303e-13,1.164946006e-13,1.191913901e-13,3.637142691e-14,6.116580148e-14,1.008876577e-13,9.080163597e-14,1.560780609e-13,1.372287791e-13,1.614172942e-13,2.917225652e-13,6.278252053e-14,1.183848426e-13,2.412888104e-14
112.9609375,3.372137215e-13,2.440410967e-13,2.177698351e-13,2.690868391e-13,2.560626977e-13,1.985816093e-13,6.979170751e-14,8.284433174e-14,2.977995233e-14,1.141874805e-13,2.416302912e-13,1.463334476e-13,2.50444138e-13,3.663483982e-13,4.74767648e-13,3.189764712e-13,3.459361322e-13,1.847898425e-13,3.118095735e-13,1.152135618e-13,1.198421944e-13,3.623377658e-14,6.108001656e-14,1.010231886e-13,9.029684063e-14,1.561196123e-13,1.366299023e-13,1.61972639e-13,2.929128961e-13,6.254420078e-14,1.171480317e-13,2.385997392e-14
112.96875,3.388266335e-13,2.467193996e-13,2.176842258e-13,2.661434439e-13,2.563812007e-13,1.98163516e-13,6.968252871e-14,8.252923237e-14,2.98382069e-14,1.163807158e-13,2.407090313e-13,1.462046994e-13,2.497055368e-13,3.672300057e-13,4.722289576e-13,3.158115248e-13,3.459010774e-13,1.843099136e-13,3.109594536e-13,1.140369762e-13,1.20417321e-13,3.611184532e-14,6.100609714e-14,1.011502408e-13,8.982420112e-14,1.56207276e-13,1.359338894e-13,1.625881557e-13,2.938667646e-13,6.232539111e-14,1.158983159e-13,2.361680961e-14
112.9765625,3.405403111e-13,2.494880608e-13,2.176996642e-13,2.634757478e-13,2.568811117e-13,1.979410277e-13,6.95961073e-14,8.223600246e-14,2.988860851e-14,1.185676386e-13,2.399081196e-13,1.460570866e-13,2.490816467e-13,3.682588264e-13,4.697671654e-13,3.125707223e-13,3.458384525e-13,1.838422198e-13,3.101455246e-13,1.129894013e-13,1.209503937e-13,3.602587103e-14,6.094121081e-14,1.012046262e-13,8.933478387e-14,1.562640907e-13,1.35249284e-13,1.633772979e-13,2.946790523e-13,6.209409537e-14,1.14711464e-13,2.336914554e-14
112.984375,3.419132646e-13,2.524443606e-13,2.176275116e-13,2.608957455e-13,2.572115811e-13,1.975201463e-13,6.945960999e-14,8.190912327e-14,2.994346741e-14,1.206948941e-13,2.39242464e-13,1.459227193e-13,2.484212568e-13,3.691992827e-13,4.672040833e-13,3.093052287e-13,3.455710844e-13,1.83316923e-13,3.092500942e-13,1.120397309e-13,1.214535546e-13,3.593784417e-14,6.086949601e-14,1.01200421e-13,8.880934083e-14,1.562321736e-13,1.346928296e-13,1.642210323e-13,2.95416879e-13,6.186180938e-14,1.135907312e-13,2.311742382e-14
112.9921875,3.43175405e-13,2.553135748e-13,2.174801382e-13,2.582494897e-13,2.575074802e-13,1.969602443e-13,6.931598467e-14,8.15030468e-14,2.998447718e-14,1.227381243e-13,2.386885375e-13,1.457427443e-13,2.476571595e-13,3.701396838e-13,4.645386322e-13,3.05987458e-13,3.452065629e-13,1.826924031e-13,3.082714573e-13,1.110508526e-13,1.21939708e-13,3.584757335e-14,6.081614521e-14,1.011391393e-13,8.826984175e-14,1.561352109e-13,1.340847265e-13,1.650223946e-13,2.960907178e-13,6.163014964e-14,1.12467117e-13,2.287666968e-14
113,3.445960977e-13,2.581460304e-13,2.174014395e-13,2.556795919e-13,2.579562153e-13,1.964903514e-13,6.920069247e-14,8.108154487e-14,3.000896392e-14,1.247144994e-13,2.383195085e-13,1.454889232e-13,2.468797952e-13,3.71223178e-13,4.618736089e-13,3.025368356e-13,3.448288734e-13,1.819799861e-13,3.072890509e-13,1.100766475e-13,1.224354582e-13,3.57841246e-14,6.079555287e-14,1.01005869e-13,8.772240514e-14,1.560196781e-13,1.333392791e-13,1.658728383e-13,2.967403175e-13,6.137275092e-14,1.113576469e-13,2.265282743e-14
113.0078125,3.459676962e-13,2.611845845e-13,2.17300087e-13,2.531524601e-13,2.584322292e-13,1.959453397e-13,6.904697328e-14,8.068588163e-14,3.002479033e-14,1.266760983e-13,2.380526082e-13,1.451878937e-13,2.461177016e-13,3.723749559e-13,4.592876902e-13,2.990949067e-13,3.44476438e-13,1.812911413e-13,3.063402025e-13,1.092292447e-13,1.229418362e-13,3.572871372e-14,6.077334579e-14,1.008693014e-13,8.717575444e-14,1.558890455e-13,1.32588701e-13,1.668152742e-13,2.973387508e-13,6.109064557e-14,1.103074073e-13,2.243093047e-14
113.015625,3.471614022e-13,2.643515711e-13,2.171100392e-13,2.50587446e-13,2.58840126e-13,1.952763425e-13,6.885252209e-14,8.027648134e-14,3.001617745e-14,1.286379776e-13,2.377046478e-13,1.448408557e-13,2.453516771e-13,3.734835503e-13,4.567971141e-13,2.958195051e-13,3.44156661e-13,1.806501014e-13,3.053913983e-13,1.085091266e-13,1.234175979e-13,3.566277625e-14,6.072527522e-14,1.007696447e-13,8.662762689e-14,1.557389711e-13,1.319286365e-13,1.67846145e-13,2.978162043e-13,6.081332173e-14,1.093049398e-13,2.21974565e-14
113.0234375,3.483164094e-13,2.674614539e-13,2.16974322e-13,2.482863755e-13,2.592367969e-13,1.946767143e-13,6.866041443e-14,7.987241212e-14,2.998830412e-14,1.305696192e-13,2.373541734e-13,1.444278518e-13,2.445956804e-13,3.744942015e-13,4.543244429e-13,2.925984318e-13,3.437781847e-13,1.79962611e-13,3.043825029e-13,1.080009195e-13,1.238408693e-13,3.560575352e-14,6.065764914e-14,1.006584491e-13,8.604133068e-14,1.555700131e-13,1.313899631e-13,1.690181336e-13,2.981174968e-13,6.055513056e-14,1.083108057e-13,2.197143837e-14
113.03125,3.495737757e-13,2.705357998e-13,2.168401321e-13,2.463083836e-13,2.597448382e-13,1.941302732e-13,6.844646263e-14,7.951192301e-14,2.996783478e-14,1.324397175e-13,2.371638225e-13,1.439322677e-13,2.438323253e-13,3.755129948e-13,4.518326098e-13,2.892828687e-13,3.433550964e-13,1.792352506e-13,3.033428035e-13,1.077397265e-13,1.242191943e-13,3.55732487e-14,6.057871419e-14,1.004934244e-13,8.542746564e-14,1.55341181e-13,1.309117966e-13,1.702730503e-13,2.981795162e-13,6.03045806e-14,1.072924078e-13,2.177968817e-14
113.0390625,3.509773195e-13,2.735725336e-13,2.165915648e-13,2.442592971e-13,2.604506991e-13,1.935765278e-13,6.820687201e-14,7.914338664e-14,2.995752715e-14,1.342033566e-13,2.371045469e-13,1.433690069e-13,2.43072895e-13,3.767471835e-13,4.493636988e-13,2.858807759e-13,3.429924305e-13,1.785289295e-13,3.023610626e-13,1.07543138e-13,1.245261645e-13,3.557384904e-14,6.050767577e-14,1.002581248e-13,8.48351684e-14,1.550345724e-13,1.303866818e-13,1.714980156e-13,2.980783537e-13,6.004266624e-14,1.063035548e-13,2.162995012e-14
113.046875,3.523185837e-13,2.764462287e-13,2.164429295e-13,2.421377561e-13,2.611774605e-13,1.930575675e-13,6.796900548e-14,7.874843392e-14,2.996133024e-14,1.358253495e-13,2.371547725e-13,1.428042294e-13,2.423681233e-13,3.781057096e-13,4.46857094e-13,2.824290964e-13,3.425997025e-13,1.778012363e-13,3.013803954e-13,1.072947826e-13,1.247662329e-13,3.560885693e-14,6.046448146e-14,9.997803766e-14,8.424400979e-14,1.546976078e-13,1.298627749e-13,1.727489806e-13,2.979938885e-13,5.976358532e-14,1.054395669e-13,2.151754836e-14
113.0546875,3.533845731e-13,2.792286523e-13,2.165249009e-13,2.402188135e-13,2.617548374e-13,1.924982896e-13,6.771491758e-14,7.838236927e-14,2.997209878e-14,1.373865369e-13,2.373639853e-13,1.422575434e-13,2.416735463e-13,3.79361609e-13,4.442442891e-13,2.789555464e-13,3.420716646e-13,1.770222855e-13,3.003016774e-13,1.07004098e-13,1.250140329e-13,3.56548401e-14,6.043448073e-14,9.971069762e-14,8.362316685e-14,1.543434353e-13,1.294151316e-13,1.740988636e-13,2.979516519e-13,5.947900794e-14,1.046551746e-13,2.141488022e-14
113.0625,3.544215107e-13,2.821457217e-13,2.166428942e-13,2.384481068e-13,2.624093819e-13,1.918757479e-13,6.743781217e-14,7.803452376e-14,2.993131792e-14,1.390049653e-13,2.377056424e-13,1.416547597e-13,2.409442404e-13,3.806121322e-13,4.416717396e-13,2.755265971e-13,3.415407015e-13,1.762621193e-13,2.992374053e-13,1.066985523e-13,1.252578577e-13,3.569541516e-14,6.038981028e-14,9.943399497e-14,8.300670171e-14,1.539692663e-13,1.289849592e-13,1.755014504e-13,2.978819313e-13,5.920242753e-14,1.038486889e-13,2.129171228e-14
113.0703125,3.556238357e-13,2.851986395e-13,2.167690571e-13,2.368355638e-13,2.632627871e-13,1.913106593e-13,6.715113453e-14,7.768030152e-14,2.982901619e-14,1.406111013e-13,2.381799401e-13,1.409744957e-13,2.402529931e-13,3.81953991e-13,4.393117766e-13,2.722302865e-13,3.411389455e-13,1.755836771e-13,2.982927436e-13,1.065640546e-13,1.254126373e-13,3.573755604e-14,6.032956827e-14,9.910046611e-14,8.239771265e-14,1.53608311e-13,1.285797679e-13,1.769757115e-13,2.977377781e-13,5.893630241e-14,1.030689329e-13,2.116099708e-14
113.078125,3.566576586e-13,2.882180956e-13,2.169994676e-13,2.354443384e-13,2.640112688e-13,1.907248933e-13,6.683990078e-14,7.735989024e-14,2.974769373e-14,1.420616332e-13,2.388194378e-13,1.402685408e-13,2.396050355e-13,3.831972199e-13,4.370424725e-13,2.690534255e-13,3.408144064e-13,1.749574688e-13,2.973178468e-13,1.067468019e-13,1.254848249e-13,3.57803011e-14,6.028287231e-14,9.876973746e-14,8.175752347e-14,1.532165849e-13,1.282665086e-13,1.785645322e-13,2.974479446e-13,5.866839581e-14,1.023978168e-13,2.104314809e-14
113.0859375,3.574329261e-13,2.91090326e-13,2.1714948e-13,2.338913807e-13,2.645977048e-13,1.899339951e-13,6.651538489e-14,7.704477566e-14,2.970443366e-14,1.433951622e-13,2.395102866e-13,1.39501117e-13,2.388858569e-13,3.843097629e-13,4.34559691e-13,2.657525643e-13,3.40422406e-13,1.742793801e-13,2.962096865e-13,1.070270043e-13,1.255094538e-13,3.581934552e-14,6.028129466e-14,9.847549854e-14,8.110315859e-14,1.52728461e-13,1.279686616e-13,1.801243194e-13,2.970129196e-13,5.837978152e-14,1.017836751e-13,2.092968884e-14
113.09375,3.583721906e-13,2.937712824e-13,2.17136551e-13,2.320475451e-13,2.653337768e-13,1.890475729e-13,6.61964656e-14,7.667037258e-14,2.963190177e-14,1.446710953e-13,2.401709071e-13,1.386296059e-13,2.381139974e-13,3.855133082e-13,4.318714045e-13,2.621993688e-13,3.39914516e-13,1.735444644e-13,2.951284035e-13,1.071729265e-13,1.254944859e-13,3.587173011e-14,6.031313445e-14,9.814067502e-14,8.047941712e-14,1.522271263e-13,1.27617762e-13,1.815418976e-13,2.965446888e-13,5.807280975e-14,1.011729215e-13,2.082407404e-14
113.1015625,3.595468209e-13,2.964120561e-13,2.172264368e-13,2.304569599e-13,2.662409289e-13,1.882762547e-13,6.583499738e-14,7.630546326e-14,2.953323733e-14,1.458195771e-13,2.409352231e-13,1.377617793e-13,2.374688016e-13,3.868678639e-13,4.2936824e-13,2.587445085e-13,3.394971517e-13,1.729215532e-13,2.942006844e-13,1.073125741e-13,1.254735065e-13,3.59538869e-14,6.033516676e-14,9.775764888e-14,7.989481896e-14,1.517902244e-13,1.273114781e-13,1.829800429e-13,2.96113498e-13,5.777443768e-14,1.006256683e-13,2.073778562e-14
113.109375,3.606120085e-13,2.992173256e-13,2.174317658e-13,2.29242445e-13,2.670956873e-13,1.875396267e-13,6.540801918e-14,7.601913006e-14,2.944965886e-14,1.468491616e-13,2.418588585e-13,1.369519148e-13,2.369773148e-13,3.882097133e-13,4.271350233e-13,2.556064273e-13,3.392633319e-13,1.724254551e-13,2.933130424e-13,1.076277503e-13,1.254129119e-13,3.604810907e-14,6.03442654e-14,9.73986224e-14,7.932135651e-14,1.513543417e-13,1.27113567e-13,1.845609382e-13,2.956607232e-13,5.749775157e-14,1.001739367e-13,2.066544337e-14
113.1171875,3.614532994e-13,3.019942204e-13,2.175102275e-13,2.279526527e-13,2.678691689e-13,1.866532893e-13,6.497258716e-14,7.574584398e-14,2.935788537e-14,1.478413402e-13,2.428134432e-13,1.360751428e-13,2.364284775e-13,3.89387232e-13,4.247857272e-13,2.524193931e-13,3.388474908e-13,1.718155455e-13,2.923091963e-13,1.080638392e-13,1.252549228e-13,3.612493999e-14,6.037409459e-14,9.706895364e-14,7.870700888e-14,1.508888471e-13,1.26936359e-13,1.861463755e-13,2.950419585e-13,5.723434093e-14,9.973257083e-14,2.061847589e-14
113.125,3.622330213e-13,3.045153528e-13,2.175640231e-13,2.266042134e-13,2.686435191e-13,1.856514822e-13,6.454455194e-14,7.54600686e-14,2.924304663e-14,1.487720922e-13,2.437996104e-13,1.350899247e-13,2.357106778e-13,3.904346186e-13,4.222578945e-13,2.490267392e-13,3.381109754e-13,1.710594861e-13,2.912127796e-13,1.085081626e-13,1.250816293e-13,3.619463572e-14,6.043594883e-14,9.675620726e-14,7.804231649e-14,1.504060628e-13,1.267174991e-13,1.87686969e-13,2.942559471e-13,5.697516806e-14,9.924423265e-14,2.060740098e-14
113.1328125,3.631952522e-13,3.071134462e-13,2.17764363e-13,2.254682521e-13,2.694813114e-13,1.846545916e-13,6.408433517e-14,7.522363712e-14,2.913125128e-14,1.496011744e-13,2.449520038e-13,1.34090951e-13,2.349581531e-13,3.915689603e-13,4.198762135e-13,2.457639926e-13,3.375079367e-13,1.703843147e-13,2.901537758e-13,1.090015611e-13,1.24962425e-13,3.629421588e-14,6.052274192e-14,9.646458433e-14,7.737785891e-14,1.498585328e-13,1.265166671e-13,1.893312175e-13,2.935451906e-13,5.670242996e-14,9.876222419e-14,2.060846238e-14
113.140625,3.643923879e-13,3.100149734e-13,2.180005765e-13,2.244034312e-13,2.704135944e-13,1.836855038e-13,6.359862483e-14,7.504404113e-14,2.902764679e-14,1.503200874e-13,2.462806754e-13,1.330984583e-13,2.34248452e-13,3.92883903e-13,4.176211656e-13,2.42671514e-13,3.371634619e-13,1.698077876e-13,2.89130724e-13,1.096520014e-13,1.248360396e-13,3.642664763e-14,6.062664043e-14,9.615365027e-14,7.672010022e-14,1.492739974e-13,1.263756115e-13,1.910791383e-13,2.929962629e-13,5.640703498e-14,9.834518227e-14,2.062080685e-14
113.1484375,3.654423906e-13,3.127296494e-13,2.183048247e-13,2.23345338e-13,2.713333575e-13,1.827387033e-13,6.311514435e-14,7.490631149e-14,2.893606911e-14,1.508865083e-13,2.476908281e-13,1.320761622e-13,2.334991635e-13,3.941523578e-13,4.152567002e-13,2.39512818e-13,3.366950585e-13,1.691986027e-13,2.880295881e-13,1.104404278e-13,1.246494872e-13,3.655851084e-14,6.07364028e-14,9.582048388e-14,7.604780092e-14,1.487502644e-13,1.262477247e-13,1.927845518e-13,2.923312577e-13,5.612412865e-14,9.79975387e-14,2.066586138e-14
113.15625,3.661507139e-13,3.149570316e-13,2.187265513e-13,2.224496288e-13,2.721452854e-13,1.817587617e-13,6.261532366e-14,7.481701474e-14,2.885870119e-14,1.513121492e-13,2.491256734e-13,1.309934468e-13,2.32694765e-13,3.951445085e-13,4.127933405e-13,2.363128902e-13,3.360911323e-13,1.685902418e-13,2.868636288e-13,1.112805503e-13,1.243495479e-13,3.666728865e-14,6.086432233e-14,9.549986716e-14,7.539703285e-14,1.482507373e-13,1.26114614e-13,1.944388574e-13,2.91337194e-13,5.587890955e-14,9.768329083e-14,2.072442586e-14
113.1640625,3.668474805e-13,3.171387826e-13,2.189801323e-13,2.215428638e-13,2.729082513e-13,1.806103174e-13,6.207472316e-14,7.474004265e-14,2.875853335e-14,1.516433157e-13,2.506111907e-13,1.298005116e-13,2.318776888e-13,3.959208652e-13,4.102667716e-13,2.331194426e-13,3.355527514e-13,1.680017861e-13,2.857307008e-13,1.121962015e-13,1.239053854e-13,3.675994077e-14,6.103369052e-14,9.513592836e-14,7.477003977e-14,1.476856757e-13,1.260102534e-13,1.961068214e-13,2.901641448e-13,5.563893424e-14,9.734665007e-14,2.078119731e-14
113.171875,3.675287432e-13,3.195337576e-13,2.190935755e-13,2.204686117e-13,2.73660254e-13,1.792963658e-13,6.150656977e-14,7.465750919e-14,2.862734899e-14,1.518547992e-13,2.522423282e-13,1.285545476e-13,2.310545071e-13,3.966909998e-13,4.076979059e-13,2.298805362e-13,3.349438783e-13,1.673685537e-13,2.846330006e-13,1.132335219e-13,1.234423668e-13,3.685869664e-14,6.122112985e-14,9.470525655e-14,7.411414727e-14,1.47064487e-13,1.259370859e-13,1.97762681e-13,2.891134804e-13,5.538467729e-14,9.701778158e-14,2.085425576e-14
113.1796875,3.679203283e-13,3.218687241e-13,2.19522803e-13,2.195462838e-13,2.744378987e-13,1.779917804e-13,6.093536972e-14,7.462063554e-14,2.851283413e-14,1.519511377e-13,2.54058845e-13,1.273918418e-13,2.302900834e-13,3.975716071e-13,4.052737527e-13,2.26714414e-13,3.342484403e-13,1.667674141e-13,2.835801343e-13,1.14339067e-13,1.2306189e-13,3.697889552e-14,6.139272073e-14,9.432531138e-14,7.345648594e-14,1.463967659e-13,1.258984907e-13,1.993915179e-13,2.883029886e-13,5.513590172e-14,9.681818023e-14,2.093215518e-14
113.1875,3.683071933e-13,3.241031091e-13,2.202079917e-13,2.189644634e-13,2.752729989e-13,1.767356465e-13,6.036068443e-14,7.464807909e-14,2.842797812e-14,1.519778413e-13,2.559834553e-13,1.262674309e-13,2.295939547e-13,3.984319828e-13,4.029937795e-13,2.236620211e-13,3.336425439e-13,1.662341691e-13,2.826056534e-13,1.154788342e-13,1.226872245e-13,3.711678026e-14,6.157165367e-14,9.404018316e-14,7.283217128e-14,1.45661813e-13,1.259282203e-13,2.010571521e-13,2.875584275e-13,5.489091661e-14,9.674860356e-14,2.099955851e-14
113.1953125,3.688760443e-13,3.264408804e-13,2.206819445e-13,2.18455383e-13,2.759503832e-13,1.753784346e-13,5.975432521e-14,7.470620064e-14,2.833715589e-14,1.519127424e-13,2.579381019e-13,1.250265449e-13,2.28793204e-13,3.989704537e-13,4.005729437e-13,2.20554663e-13,3.329666688e-13,1.655786897e-13,2.815874893e-13,1.166780315e-13,1.222471132e-13,3.725848156e-14,6.178889395e-14,9.375483394e-14,7.216838617e-14,1.448840947e-13,1.260008247e-13,2.027852123e-13,2.866792693e-13,5.464496302e-14,9.665900087e-14,2.108767137e-14
113.203125,3.692706924e-13,3.287548865e-13,2.209474364e-13,2.178619347e-13,2.763413185e-13,1.73882321e-13,5.909852251e-14,7.477423809e-14,2.822109219e-14,1.517684664e-13,2.598855956e-13,1.236746457e-13,2.278286083e-13,3.991322661e-13,3.97949615e-13,2.173991336e-13,3.320896794e-13,1.647399114e-13,2.804307647e-13,1.179248768e-13,1.217302139e-13,3.739770076e-14,6.203801271e-14,9.343292669e-14,7.143632261e-14,1.440912642e-13,1.2603722e-13,2.045323521e-13,2.857081247e-13,5.442205207e-14,9.649068779e-14,2.121620866e-14
113.2109375,3.695467201e-13,3.308417132e-13,2.213167858e-13,2.172992172e-13,2.767070663e-13,1.72366691e-13,5.840586153e-14,7.486500694e-14,2.810073317e-14,1.515890648e-13,2.618255431e-13,1.223159414e-13,2.26849367e-13,3.991710367e-13,3.952960986e-13,2.143104154e-13,3.312409384e-13,1.638782295e-13,2.792764354e-13,1.192284552e-13,1.211445624e-13,3.753819325e-14,6.232093614e-14,9.31445653e-14,7.070287605e-14,1.433032101e-13,1.260300596e-13,2.062589375e-13,2.848031716e-13,5.421592374e-14,9.632909188e-14,2.137590788e-14
113.21875,3.699576572e-13,3.327815523e-13,2.218778796e-13,2.167800008e-13,2.771112926e-13,1.708436393e-13,5.76826295e-14,7.502616209e-14,2.800826657e-14,1.512543836e-13,2.638544903e-13,1.209817264e-13,2.258809432e-13,3.991750487e-13,3.926371291e-13,2.112249939e-13,3.30435525e-13,1.630273939e-13,2.782004541e-13,1.206559988e-13,1.205706519e-13,3.767606498e-14,6.263566624e-14,9.295263092e-14,6.996609534e-14,1.425563653e-13,1.260647705e-13,2.079311383e-13,2.840183736e-13,5.399502293e-14,9.622268004e-14,2.156851731e-14
113.2265625,3.702278796e-13,3.346789278e-13,2.225594945e-13,2.162552432e-13,2.773706386e-13,1.692443648e-13,5.693744574e-14,7.525778914e-14,2.792874785e-14,1.50651331e-13,2.660732477e-13,1.196478491e-13,2.248551974e-13,3.990907052e-13,3.899673403e-13,2.081175886e-13,3.295184062e-13,1.621535094e-13,2.77103421e-13,1.221997531e-13,1.200251814e-13,3.780515522e-14,6.294300473e-14,9.281364788e-14,6.919400552e-14,1.418414647e-13,1.262212933e-13,2.095794437e-13,2.832979637e-13,5.378776785e-14,9.614385287e-14,2.178834525e-14
113.234375,3.70347647e-13,3.365903762e-13,2.233045902e-13,2.158642056e-13,2.77625966e-13,1.676485179e-13,5.622277292e-14,7.547118096e-14,2.782328081e-14,1.499389133e-13,2.684469975e-13,1.182974236e-13,2.238543202e-13,3.990267812e-13,3.873808564e-13,2.05096807e-13,3.286619442e-13,1.613379463e-13,2.760068197e-13,1.237939298e-13,1.193910612e-13,3.794495406e-14,6.324293933e-14,9.262793883e-14,6.843703834e-14,1.411181771e-13,1.264941386e-13,2.113586537e-13,2.825853398e-13,5.36489151e-14,9.609682273e-14,2.202237435e-14
113.2421875,3.706960257e-13,3.385862738e-13,2.24086593e-13,2.15684105e-13,2.779555715e-13,1.661057537e-13,5.555525349e-14,7.566080638e-14,2.772186698e-14,1.492809563e-13,2.708708692e-13,1.169427181e-13,2.229249196e-13,3.989178793e-13,3.847809898e-13,2.021351761e-13,3.279139992e-13,1.605385789e-13,2.749589493e-13,1.254655858e-13,1.186547389e-13,3.810554275e-14,6.358444549e-14,9.243737045e-14,6.770649497e-14,1.403792126e-13,1.267902565e-13,2.133054986e-13,2.819067794e-13,5.355362556e-14,9.611410856e-14,2.227512622e-14
113.25,3.710576224e-13,3.405914992e-13,2.248902174e-13,2.155133742e-13,2.780936173e-13,1.644578373e-13,5.485210288e-14,7.594234222e-14,2.76715133e-14,1.485975329e-13,2.732836147e-13,1.156104387e-13,2.21960563e-13,3.984713758e-13,3.819740778e-13,1.991178972e-13,3.269624317e-13,1.596058449e-13,2.738364266e-13,1.272604872e-13,1.179294915e-13,3.824702848e-14,6.39574067e-14,9.236923473e-14,6.693787935e-14,1.396219298e-13,1.270277941e-13,2.152170239e-13,2.813280589e-13,5.34327309e-14,9.618011377e-14,2.254138969e-14
113.2578125,3.710194559e-13,3.425041194e-13,2.257292427e-13,2.152932659e-13,2.780290782e-13,1.626680627e-13,5.407119008e-14,7.634595967e-14,2.763786944e-14,1.478241305e-13,2.757036723e-13,1.143048441e-13,2.209601743e-13,3.977464448e-13,3.791145215e-13,1.96102199e-13,3.258386728e-13,1.586057604e-13,2.726106726e-13,1.290961465e-13,1.172428021e-13,3.834770688e-14,6.432132235e-14,9.238785106e-14,6.614794289e-14,1.38857347e-13,1.272570118e-13,2.169828474e-13,2.808634881e-13,5.328407042e-14,9.628617326e-14,2.280755843e-14
113.265625,3.707413602e-13,3.443235734e-13,2.266976032e-13,2.152185402e-13,2.778661741e-13,1.608931339e-13,5.32877579e-14,7.680285084e-14,2.758075327e-14,1.47010774e-13,2.781852162e-13,1.130074822e-13,2.200114098e-13,3.970005525e-13,3.764770965e-13,1.932292806e-13,3.248853596e-13,1.576707064e-13,2.714110946e-13,1.308697939e-13,1.165453936e-13,3.844318058e-14,6.469495654e-14,9.239716863e-14,6.540393008e-14,1.38107724e-13,1.275860025e-13,2.186513723e-13,2.804630506e-13,5.314644226e-14,9.648787955e-14,2.308054178e-14
113.2734375,3.705967538e-13,3.460005732e-13,2.278291618e-13,2.152420877e-13,2.775362963e-13,1.591552885e-13,5.254724462e-14,7.72702315e-14,2.752539165e-14,1.461142225e-13,2.807163533e-13,1.116922304e-13,2.190734984e-13,3.962341287e-13,3.739678442e-13,1.904930978e-13,3.240946937e-13,1.567858803e-13,2.702579101e-13,1.326173155e-13,1.158128796e-13,3.856216609e-14,6.509689771e-14,9.242110676e-14,6.468457979e-14,1.373304277e-13,1.279981722e-13,2.202318818e-13,2.800726025e-13,5.301140892e-14,9.67966885e-14,2.337426756e-14
113.28125,3.707826987e-13,3.475290522e-13,2.289979322e-13,2.152146169e-13,2.772534356e-13,1.574239353e-13,5.181735222e-14,7.771113273e-14,2.750031907e-14,1.450884373e-13,2.832542595e-13,1.103428137e-13,2.181022358e-13,3.954186894e-13,3.713607724e-13,1.87788632e-13,3.232827293e-13,1.559572697e-13,2.691046744e-13,1.344670156e-13,1.150333789e-13,3.870820632e-14,6.551901287e-14,9.247999573e-14,6.394705781e-14,1.365031602e-13,1.28426037e-13,2.218207652e-13,2.797539365e-13,5.28599686e-14,9.714438641e-14,2.371274339e-14
113.2890625,3.710662388e-13,3.489531411e-13,2.301503783e-13,2.152693632e-13,2.77102382e-13,1.557131852e-13,5.109450714e-14,7.811750885e-14,2.750053508e-14,1.439922604e-13,2.858086584e-13,1.089732784e-13,2.171425561e-13,3.944620974e-13,3.686150124e-13,1.850804779e-13,3.22414108e-13,1.551507496e-13,2.679178862e-13,1.364853125e-13,1.141953259e-13,3.886161644e-14,6.598230308e-14,9.256168689e-14,6.320754194e-14,1.357093921e-13,1.289104171e-13,2.234836435e-13,2.795964339e-13,5.271243914e-14,9.750536521e-14,2.411126991e-14
113.296875,3.709262883e-13,3.502426897e-13,2.31371148e-13,2.153888868e-13,2.765839013e-13,1.538599547e-13,5.038868828e-14,7.855694086e-14,2.750108679e-14,1.428025245e-13,2.883856022e-13,1.075965036e-13,2.161451963e-13,3.930572372e-13,3.657227856e-13,1.823935478e-13,3.214159522e-13,1.542014379e-13,2.66615763e-13,1.386033256e-13,1.133031046e-13,3.897062263e-14,6.648872606e-14,9.27023513e-14,6.246931619e-14,1.349789781e-13,1.294732394e-13,2.250123636e-13,2.794710426e-13,5.257847912e-14,9.789721022e-14,2.452481582e-14
113.3046875,3.705283389e-13,3.516160466e-13,2.327309181e-13,2.153887104e-13,2.756956324e-13,1.518002002e-13,4.967318872e-14,7.905943049e-14,2.748546589e-14,1.414882264e-13,2.910254831e-13,1.062291058e-13,2.150527469e-13,3.913048511e-13,3.62756285e-13,1.797513124e-13,3.202993333e-13,1.531661085e-13,2.652597688e-13,1.407450731e-13,1.124036917e-13,3.904065019e-14,6.70048095e-14,9.289832408e-14,6.17135295e-14,1.342596892e-13,1.300423153e-13,2.264325617e-13,2.792879579e-13,5.245574843e-14,9.833198295e-14,2.492500231e-14
113.3125,3.705140593e-13,3.53321349e-13,2.343130747e-13,2.15517079e-13,2.751101607e-13,1.49842863e-13,4.894478336e-14,7.95889231e-14,2.748165831e-14,1.4015109e-13,2.938290939e-13,1.049344594e-13,2.140087787e-13,3.897470289e-13,3.5993451e-13,1.771733087e-13,3.192614942e-13,1.522970996e-13,2.640522346e-13,1.429424911e-13,1.115689456e-13,3.915420524e-14,6.754113147e-14,9.309005922e-14,6.095864295e-14,1.335567592e-13,1.306271237e-13,2.280984956e-13,2.792987034e-13,5.236048796e-14,9.886581024e-14,2.537068817e-14
113.3203125,3.707700749e-13,3.549441449e-13,2.361240605e-13,2.159765236e-13,2.748909262e-13,1.481178857e-13,4.821477271e-14,8.014828849e-14,2.751385629e-14,1.387644146e-13,2.967445782e-13,1.037202977e-13,2.131215416e-13,3.884773983e-13,3.573042077e-13,1.746611584e-13,3.183253148e-13,1.515846054e-13,2.629742424e-13,1.451789639e-13,1.107876665e-13,3.932551471e-14,6.810940824e-14,9.324786004e-14,6.02247001e-14,1.328473043e-13,1.313097084e-13,2.298705009e-13,2.795962624e-13,5.22697477e-14,9.952881013e-14,2.588332414e-14
113.328125,3.709023185e-13,3.561104414e-13,2.379944502e-13,2.163917941e-13,2.745875558e-13,1.463709166e-13,4.745624879e-14,8.076562143e-14,2.75556439e-14,1.372007862e-13,2.996069176e-13,1.024832779e-13,2.122611611e-13,3.871422127e-13,3.547525946e-13,1.722675841e-13,3.174281498e-13,1.508794329e-13,2.618584596e-13,1.473782106e-13,1.09966428e-13,3.948809794e-14,6.866683751e-14,9.339487588e-14,5.949553716e-14,1.320459736e-13,1.321093464e-13,2.313307724e-13,2.798834363e-13,5.214059314e-14,1.002394582e-13,2.640600225e-14
113.3359375,3.710417488e-13,3.572347969e-13,2.398803465e-13,2.166203031e-13,2.740735168e-13,1.444997542e-13,4.667429338e-14,8.144556438e-14,2.759843444e-14,1.355611317e-13,3.024136046e-13,1.01193238e-13,2.113263146e-13,3.855436441e-13,3.522570261e-13,1.700967538e-13,3.166639956e-13,1.501903691e-13,2.60681949e-13,1.496436487e-13,1.090795126e-13,3.961159303e-14,6.920461468e-14,9.363255846e-14,5.875616932e-14,1.311927215e-13,1.330086989e-13,2.326460566e-13,2.800933931e-13,5.201383443e-14,1.009399498e-13,2.69311344e-14
113.34375,3.711408689e-13,3.585093646e-13,2.419442825e-13,2.170223266e-13,2.733016929e-13,1.425969452e-13,4.591919747e-14,8.218723591e-14,2.766150662e-14,1.339594312e-13,3.052230718e-13,9.993018881e-14,2.103519383e-13,3.836008765e-13,3.49749765e-13,1.681009667e-13,3.159363403e-13,1.494965578e-13,2.594471339e-13,1.52092333e-13,1.081863834e-13,3.969821778e-14,6.976505176e-14,9.401845287e-14,5.800636731e-14,1.303795667e-13,1.339514656e-13,2.341187168e-13,2.80431924e-13,5.194663644e-14,1.016525912e-13,2.749324709e-14
113.3515625,3.709733706e-13,3.596085237e-13,2.442392901e-13,2.176709859e-13,2.722039947e-13,1.406627158e-13,4.518356584e-14,8.297419058e-14,2.772972008e-14,1.32300713e-13,3.080337345e-13,9.871046746e-14,2.093231349e-13,3.813092815e-13,3.471779482e-13,1.661788898e-13,3.150815556e-13,1.487514504e-13,2.58135972e-13,1.546106815e-13,1.073218286e-13,3.975704857e-14,7.035675608e-14,9.442900387e-14,5.725693746e-14,1.295757264e-13,1.34877342e-13,2.356338561e-13,2.808753276e-13,5.190852616e-14,1.023891894e-13,2.80881116e-14
113.359375,3.708048953e-13,3.606732284e-13,2.466941925e-13,2.183223688e-13,2.709659259e-13,1.386851968e-13,4.443572812e-14,8.3785586e-14,2.779670921e-14,1.305709353e-13,3.109225953e-13,9.750326873e-14,2.082341718e-13,3.788442515e-13,3.446385241e-13,1.643952756e-13,3.143064143e-13,1.480556176e-13,2.568218776e-13,1.571474685e-13,1.064786123e-13,3.981323331e-14,7.095966854e-14,9.479614224e-14,5.653178398e-14,1.287676291e-13,1.358421982e-13,2.37102328e-13,2.813575903e-13,5.18618281e-14,1.031804016e-13,2.870126567e-14
113.3671875,3.707484797e-13,3.618554413e-13,2.492389486e-13,2.188448239e-13,2.696841978e-13,1.366621901e-13,4.370825147e-14,8.461669389e-14,2.78858362e-14,1.288402533e-13,3.138841951e-13,9.629170978e-14,2.071460063e-13,3.762106897e-13,3.419639093e-13,1.626633331e-13,3.135969252e-13,1.473699116e-13,2.554743687e-13,1.597666955e-13,1.056308288e-13,3.985630228e-14,7.157389451e-14,9.523023131e-14,5.582247348e-14,1.280005684e-13,1.368697432e-13,2.385168647e-13,2.819871656e-13,5.181094496e-14,1.040473183e-13,2.93256802e-14
113.375,3.704725909e-13,3.626733191e-13,2.517902927e-13,2.192312233e-13,2.68229835e-13,1.345757025e-13,4.302625768e-14,8.544855147e-14,2.798330339e-14,1.270493158e-13,3.167011433e-13,9.502024279e-14,2.060105104e-13,3.732011929e-13,3.388442592e-13,1.60714893e-13,3.124853514e-13,1.464563274e-13,2.539311091e-13,1.623445169e-13,1.047382067e-13,3.985690535e-14,7.221778849e-14,9.573505421e-14,5.507902877e-14,1.272156512e-13,1.378417791e-13,2.397257421e-13,2.827125428e-13,5.174558065e-14,1.049121688e-13,2.996537725e-14
113.3828125,3.700996683e-13,3.631119352e-13,2.543939875e-13,2.196695155e-13,2.666436792e-13,1.32523956e-13,4.235925486e-14,8.627768046e-14,2.807766667e-14,1.251791858e-13,3.193451811e-13,9.371141498e-14,2.047782471e-13,3.699536531e-13,3.355556078e-13,1.586908119e-13,3.110440506e-13,1.453715664e-13,2.522421935e-13,1.647928434e-13,1.038165459e-13,3.984586905e-14,7.290114373e-14,9.621006379e-14,5.429170118e-14,1.263592983e-13,1.387534376e-13,2.408098352e-13,2.83401475e-13,5.167144208e-14,1.05757863e-13,3.065716413e-14
113.390625,3.700473689e-13,3.638133423e-13,2.572706334e-13,2.20376142e-13,2.651299608e-13,1.306038472e-13,4.170134686e-14,8.714615113e-14,2.82077693e-14,1.233122101e-13,3.220583219e-13,9.251660038e-14,2.03591153e-13,3.668838962e-13,3.325898524e-13,1.569486083e-13,3.098189475e-13,1.444348777e-13,2.506386083e-13,1.672661084e-13,1.029523517e-13,3.986334714e-14,7.360879554e-14,9.668835934e-14,5.350776876e-14,1.255184954e-13,1.397327787e-13,2.420788173e-13,2.841939168e-13,5.163371617e-14,1.06708774e-13,3.1406887e-14
113.3984375,3.70217446e-13,3.647428731e-13,2.605275812e-13,2.21226189e-13,2.637091181e-13,1.287548231e-13,4.107666237e-14,8.807233392e-14,2.837154126e-14,1.214668861e-13,3.248734648e-13,9.145327162e-14,2.02520504e-13,3.639546802e-13,3.298984683e-13,1.554456963e-13,3.088292191e-13,1.436850854e-13,2.491712484e-13,1.698326603e-13,1.021532189e-13,3.988388631e-14,7.433119985e-14,9.724201587e-14,5.275813501e-14,1.24740109e-13,1.408027785e-13,2.43515605e-13,2.852411071e-13,5.163651447e-14,1.077963908e-13,3.216229842e-14
113.40625,3.703345818e-13,3.654105926e-13,2.639990364e-13,2.220607355e-13,2.621369532e-13,1.269030958e-13,4.048478285e-14,8.904955579e-14,2.851366469e-14,1.196671934e-13,3.276077942e-13,9.03738133e-14,2.014181164e-13,3.607229048e-13,3.273100046e-13,1.540584728e-13,3.078794901e-13,1.429172567e-13,2.477042471e-13,1.724593012e-13,1.013133472e-13,3.986335052e-14,7.508866334e-14,9.787594622e-14,5.204578959e-14,1.239718107e-13,1.419413367e-13,2.44848409e-13,2.864581718e-13,5.164093081e-14,1.08919846e-13,3.290714707e-14
113.4140625,3.704455721e-13,3.659765297e-13,2.674794041e-13,2.229192964e-13,2.602624518e-13,1.250209929e-13,3.992269575e-14,9.00857181e-14,2.863397933e-14,1.179395489e-13,3.302874747e-13,8.923745341e-14,2.00213799e-13,3.571710087e-13,3.249149271e-13,1.528684829e-13,3.071043001e-13,1.420929308e-13,2.46167188e-13,1.751803107e-13,1.004040806e-13,3.980153094e-14,7.588806726e-14,9.85941032e-14,5.137459244e-14,1.232127348e-13,1.431567728e-13,2.459835339e-13,2.878209067e-13,5.163627381e-14,1.100447994e-13,3.367169121e-14
113.421875,3.706360844e-13,3.667128579e-13,2.710404417e-13,2.236864927e-13,2.583185851e-13,1.230983546e-13,3.93942816e-14,9.114996931e-14,2.878154344e-14,1.1617114e-13,3.330680416e-13,8.811363104e-14,1.989863564e-13,3.537004102e-13,3.226449458e-13,1.518049077e-13,3.064491213e-13,1.413013371e-13,2.446083719e-13,1.779327227e-13,9.952141805e-14,3.973585584e-14,7.669907958e-14,9.935259247e-14,5.072621455e-14,1.224766895e-13,1.444032486e-13,2.469979701e-13,2.893870508e-13,5.163217742e-14,1.112068617e-13,3.446474127e-14
113.4296875,3.708559689e-13,3.673727912e-13,2.748894852e-13,2.243276062e-13,2.564777585e-13,1.212162663e-13,3.888130375e-14,9.219875221e-14,2.896977311e-14,1.142705255e-13,3.358778091e-13,8.70353146e-14,1.977768236e-13,3.503087084e-13,3.202800186e-13,1.507406571e-13,3.056094819e-13,1.405209398e-13,2.430459936e-13,1.806279077e-13,9.87207216e-14,3.969142643e-14,7.748757476e-14,1.000879319e-13,5.005520418e-14,1.217183988e-13,1.456728177e-13,2.479963511e-13,2.910350873e-13,5.163220938e-14,1.124353645e-13,3.528093935e-14
113.4375,3.711360223e-13,3.678701679e-13,2.789494738e-13,2.251829307e-13,2.545208339e-13,1.194579699e-13,3.837742519e-14,9.325851871e-14,2.917482876e-14,1.123051787e-13,3.385448962e-13,8.600884797e-14,1.965888561e-13,3.466713039e-13,3.17842743e-13,1.497645095e-13,3.045791904e-13,1.396725962e-13,2.4141428e-13,1.833251673e-13,9.797570877e-14,3.965927461e-14,7.825617444e-14,1.008324867e-13,4.93449566e-14,1.209377821e-13,1.470430644e-13,2.490490922e-13,2.927044035e-13,5.16434886e-14,1.13762648e-13,3.612895136e-14
113.4453125,3.716092156e-13,3.684116812e-13,2.830501309e-13,2.262882545e-13,2.523977895e-13,1.177749428e-13,3.791171178e-14,9.434492838e-14,2.937841319e-14,1.103295552e-13,3.411037041e-13,8.500217722e-14,1.953928345e-13,3.42845915e-13,3.154643162e-13,1.48929923e-13,3.035194301e-13,1.387653597e-13,2.396902983e-13,1.860308001e-13,9.725782222e-14,3.963463551e-14,7.905638567e-14,1.016092661e-13,4.862694225e-14,1.201866311e-13,1.485212631e-13,2.500820206e-13,2.945579998e-13,5.166546459e-14,1.151809935e-13,3.702191923e-14
113.453125,3.722619519e-13,3.688751539e-13,2.873387301e-13,2.272446793e-13,2.503518978e-13,1.160821253e-13,3.748906359e-14,9.541123054e-14,2.9581707e-14,1.083491778e-13,3.436785217e-13,8.39667e-14,1.941139667e-13,3.390586714e-13,3.131229259e-13,1.481510523e-13,3.02435522e-13,1.378740575e-13,2.379334907e-13,1.886780985e-13,9.653959567e-14,3.962050305e-14,7.991372726e-14,1.023588421e-13,4.792980815e-14,1.194560472e-13,1.500360894e-13,2.509590355e-13,2.965543061e-13,5.169231896e-14,1.166503955e-13,3.79421698e-14
113.4609375,3.729016209e-13,3.690800411e-13,2.919626782e-13,2.280705097e-13,2.483197211e-13,1.143757531e-13,3.707973741e-14,9.647038305e-14,2.978620944e-14,1.064188869e-13,3.462725761e-13,8.294078176e-14,1.927747058e-13,3.35234059e-13,3.107897886e-13,1.474285872e-13,3.013379987e-13,1.370365685e-13,2.361718139e-13,1.9131522e-13,9.578776098e-14,3.959705987e-14,8.077611833e-14,1.030717827e-13,4.725107904e-14,1.187130634e-13,1.515680665e-13,2.517159845e-13,2.984955498e-13,5.173546925e-14,1.181828831e-13,3.883909146e-14
113.46875,3.734712212e-13,3.692306033e-13,2.968155042e-13,2.291215393e-13,2.46066671e-13,1.127213461e-13,3.668388516e-14,9.75997708e-14,2.998100321e-14,1.045616713e-13,3.488600766e-13,8.197703007e-14,1.914634973e-13,3.312625611e-13,3.085714386e-13,1.469080575e-13,3.003819124e-13,1.362374834e-13,2.34392099e-13,1.940018215e-13,9.49950552e-14,3.955188436e-14,8.162936509e-14,1.038048556e-13,4.658798501e-14,1.179833811e-13,1.532022179e-13,2.524979353e-13,3.005382281e-13,5.179607936e-14,1.198131742e-13,3.971259511e-14
113.4765625,3.741021849e-13,3.694972633e-13,3.018751592e-13,2.303417782e-13,2.436406059e-13,1.11136703e-13,3.632826748e-14,9.878565641e-14,3.017031436e-14,1.027265851e-13,3.514404677e-13,8.105755836e-14,1.901817649e-13,3.271910721e-13,3.064825896e-13,1.46671547e-13,2.996572998e-13,1.354658301e-13,2.325924243e-13,1.966795764e-13,9.420080808e-14,3.949784298e-14,8.254202962e-14,1.045820821e-13,4.595116523e-14,1.172918188e-13,1.550387994e-13,2.533176662e-13,3.029275344e-13,5.184659393e-14,1.215605107e-13,4.061089381e-14
113.484375,3.748132335e-13,3.697724619e-13,3.071822163e-13,2.314463176e-13,2.411355439e-13,1.095376682e-13,3.60188927e-14,9.993496446e-14,3.03803784e-14,1.00895145e-13,3.539395104e-13,8.018675662e-14,1.889380723e-13,3.230593334e-13,3.04310145e-13,1.46517968e-13,2.989440631e-13,1.347027844e-13,2.307407876e-13,1.992468982e-13,9.347069608e-14,3.94364208e-14,8.351811092e-14,1.053902422e-13,4.533726303e-14,1.16615622e-13,1.5699404e-13,2.540623954e-13,3.055378286e-13,5.188029104e-14,1.234434317e-13,4.152446934e-14
113.4921875,3.755607891e-13,3.699095441e-13,3.12595182e-13,2.324483535e-13,2.385498386e-13,1.079270071e-13,3.57557158e-14,1.010592819e-13,3.06181324e-14,9.907677081e-14,3.562911198e-13,7.937128968e-14,1.877630072e-13,3.189153432e-13,3.020096547e-13,1.462792175e-13,2.980102829e-13,1.339039547e-13,2.287994726e-13,2.017462306e-13,9.279782746e-14,3.936513348e-14,8.448304315e-14,1.062280294e-13,4.472609618e-14,1.159486825e-13,1.588588321e-13,2.546704237e-13,3.081565223e-13,5.192265295e-14,1.254082073e-13,4.244056249e-14
113.5,3.764716014e-13,3.69866922e-13,3.180626841e-13,2.336024527e-13,2.359706734e-13,1.06444211e-13,3.554332958e-14,1.022611208e-13,3.086243324e-14,9.723814753e-14,3.585629525e-13,7.855782989e-14,1.865790037e-13,3.148229822e-13,2.999078438e-13,1.462264913e-13,2.971189497e-13,1.331060095e-13,2.268222058e-13,2.04400262e-13,9.209446254e-14,3.929713445e-14,8.541728544e-14,1.071168789e-13,4.411078851e-14,1.153122316e-13,1.606567253e-13,2.552191876e-13,3.10750702e-13,5.198381001e-14,1.273860438e-13,4.340483496e-14
113.5078125,3.776276979e-13,3.698425602e-13,3.238201031e-13,2.350442679e-13,2.334460494e-13,1.051160649e-13,3.536825995e-14,1.035101103e-13,3.109356721e-14,9.535292414e-14,3.608592066e-13,7.775420301e-14,1.853599467e-13,3.108184016e-13,2.981916573e-13,1.465644701e-13,2.966202201e-13,1.324112929e-13,2.24896416e-13,2.071995967e-13,9.137072417e-14,3.923595509e-14,8.634420503e-14,1.080317713e-13,4.351007083e-14,1.146868343e-13,1.626240785e-13,2.558327419e-13,3.134027369e-13,5.205929899e-14,1.294888926e-13,4.439141719e-14
113.515625,3.788692027e-13,3.700387721e-13,3.300165537e-13,2.365218674e-13,2.308756832e-13,1.038544443e-13,3.522068334e-14,1.046711572e-13,3.130736883e-14,9.344935746e-14,3.631925783e-13,7.701995815e-14,1.842012314e-13,3.069185529e-13,2.966480872e-13,1.470195652e-13,2.962808216e-13,1.317776359e-13,2.230055262e-13,2.09809805e-13,9.073114644e-14,3.91686381e-14,8.725730921e-14,1.088901186e-13,4.29428981e-14,1.140307068e-13,1.647923256e-13,2.564684018e-13,3.162462559e-13,5.214741996e-14,1.318283692e-13,4.532750806e-14
113.5234375,3.800757021e-13,3.701695183e-13,3.364224249e-13,2.377459591e-13,2.281967397e-13,1.026326672e-13,3.510624855e-14,1.057664234e-13,3.151521157e-14,9.15619839e-14,3.654910493e-13,7.632084192e-14,1.830695052e-13,3.030098973e-13,2.950570366e-13,1.474132711e-13,2.957482516e-13,1.310713751e-13,2.210675438e-13,2.121717542e-13,9.015835947e-14,3.908654201e-14,8.815698213e-14,1.097046661e-13,4.239584807e-14,1.133408654e-13,1.669687464e-13,2.56974358e-13,3.192281177e-13,5.222723412e-14,1.342376374e-13,4.62487896e-14
113.53125,3.813849322e-13,3.699444454e-13,3.428167816e-13,2.389579059e-13,2.254818309e-13,1.014456581e-13,3.501897745e-14,1.069142877e-13,3.173144569e-14,8.971953651e-14,3.677055338e-13,7.562326414e-14,1.818985198e-13,2.990009205e-13,2.934192062e-13,1.478835213e-13,2.951631786e-13,1.303286632e-13,2.190807355e-13,2.14502703e-13,8.956005496e-14,3.900024072e-14,8.908328146e-14,1.105680677e-13,4.18476944e-14,1.126201199e-13,1.691360697e-13,2.574152968e-13,3.221937367e-13,5.228062486e-14,1.366002591e-13,4.720818871e-14
113.5390625,3.829583289e-13,3.696894549e-13,3.494058454e-13,2.404476374e-13,2.228164158e-13,1.002999382e-13,3.49673343e-14,1.080900992e-13,3.196094019e-14,8.795483595e-14,3.698908684e-13,7.497301226e-14,1.807819938e-13,2.950483425e-13,2.918592874e-13,1.485090551e-13,2.947421811e-13,1.296551917e-13,2.170923155e-13,2.167723162e-13,8.894676189e-14,3.892792502e-14,9.007360326e-14,1.114440405e-13,4.131648639e-14,1.11864296e-13,1.714710269e-13,2.579521425e-13,3.253014484e-13,5.233146173e-14,1.390949912e-13,4.818953179e-14
113.546875,3.84669331e-13,3.696471965e-13,3.563649786e-13,2.419883766e-13,2.201251792e-13,9.924786671e-14,3.498188163e-14,1.092383735e-13,3.219907111e-14,8.623183391e-14,3.720880287e-13,7.43483386e-14,1.796990844e-13,2.911747321e-13,2.905001051e-13,1.493059398e-13,2.943753581e-13,1.290042292e-13,2.15076271e-13,2.188998671e-13,8.835154443e-14,3.885943925e-14,9.111554341e-14,1.122527355e-13,4.081815676e-14,1.111146027e-13,1.739519021e-13,2.584810915e-13,3.286645235e-13,5.24001442e-14,1.417430601e-13,4.91983156e-14
113.5546875,3.862405834e-13,3.695386069e-13,3.634624316e-13,2.434869816e-13,2.17298175e-13,9.830395388e-14,3.505275824e-14,1.10403316e-13,3.24260738e-14,8.445691083e-14,3.742006135e-13,7.370925281e-14,1.785210252e-13,2.871802771e-13,2.893135624e-13,1.502534655e-13,2.939299583e-13,1.283216372e-13,2.130034803e-13,2.209810624e-13,8.776544004e-14,3.877170336e-14,9.215785846e-14,1.130593833e-13,4.032220632e-14,1.104019154e-13,1.763921149e-13,2.588867958e-13,3.320203674e-13,5.247478279e-14,1.443337974e-13,5.021865944e-14
113.5625,3.877214088e-13,3.692612815e-13,3.70616677e-13,2.451461123e-13,2.144717321e-13,9.745172182e-14,3.514843967e-14,1.115560301e-13,3.263240713e-14,8.264618473e-14,3.761169251e-13,7.314308466e-14,1.77362891e-13,2.83172376e-13,2.881494635e-13,1.512303438e-13,2.934652385e-13,1.276733134e-13,2.109121561e-13,2.230050102e-13,8.721678425e-14,3.867344196e-14,9.317317371e-14,1.139170794e-13,3.981957636e-14,1.096752802e-13,1.788342221e-13,2.593029778e-13,3.353589855e-13,5.255232349e-14,1.469242661e-13,5.118057231e-14
113.5703125,3.8944647e-13,3.689999316e-13,3.779372061e-13,2.467292702e-13,2.11779299e-13,9.663058363e-14,3.52732195e-14,1.125991407e-13,3.285130507e-14,8.091854356e-14,3.778168661e-13,7.26877848e-14,1.763235367e-13,2.79313132e-13,2.868910245e-13,1.522022114e-13,2.930205803e-13,1.270862506e-13,2.087916975e-13,2.24921153e-13,8.670746915e-14,3.857367146e-14,9.417723396e-14,1.147548216e-13,3.934342479e-14,1.089009497e-13,1.814149719e-13,2.597250229e-13,3.389034913e-13,5.262678991e-14,1.496839568e-13,5.210521216e-14
113.578125,3.914290535e-13,3.687921889e-13,3.852240042e-13,2.479901096e-13,2.090638629e-13,9.57266575e-14,3.543061008e-14,1.135675207e-13,3.309798649e-14,7.928103287e-14,3.793656927e-13,7.223643626e-14,1.752225523e-13,2.75384973e-13,2.85497134e-13,1.532023135e-13,2.925153696e-13,1.265249154e-13,2.066101655e-13,2.267154739e-13,8.617889047e-14,3.845833222e-14,9.518798353e-14,1.155279116e-13,3.889271815e-14,1.081330891e-13,1.840399095e-13,2.59971986e-13,3.424752519e-13,5.268086134e-14,1.524880276e-13,5.306734121e-14
113.5859375,3.933984355e-13,3.686701973e-13,3.924869771e-13,2.493445664e-13,2.062817413e-13,9.480628625e-14,3.561303664e-14,1.145446298e-13,3.333020872e-14,7.763456892e-14,3.809605256e-13,7.178229857e-14,1.740398712e-13,2.71379569e-13,2.840873049e-13,1.542488691e-13,2.919904744e-13,1.260275791e-13,2.04449748e-13,2.282423463e-13,8.56645042e-14,3.83355963e-14,9.620985643e-14,1.162458786e-13,3.844776461e-14,1.074197313e-13,1.866192887e-13,2.601677435e-13,3.459327727e-13,5.275211726e-14,1.552557616e-13,5.404076429e-14
113.59375,3.954410778e-13,3.686840747e-13,4.001759341e-13,2.511089414e-13,2.036359941e-13,9.406127153e-14,3.583294346e-14,1.155155297e-13,3.353658908e-14,7.596446711e-14,3.8274985e-13,7.142758114e-14,1.729540864e-13,2.676276712e-13,2.828931341e-13,1.55474481e-13,2.916665272e-13,1.256649281e-13,2.023802533e-13,2.295397532e-13,8.524153775e-14,3.822771236e-14,9.723306967e-14,1.169337496e-13,3.802204415e-14,1.06745588e-13,1.892228501e-13,2.605716096e-13,3.494988873e-13,5.289502744e-14,1.581326574e-13,5.4980119e-14
113.6015625,3.978081471e-13,3.686920116e-13,4.082037372e-13,2.530409226e-13,2.011027557e-13,9.344775658e-14,3.608601725e-14,1.164648304e-13,3.37532557e-14,7.43228608e-14,3.845217262e-13,7.113770083e-14,1.718737709e-13,2.640827587e-13,2.819188851e-13,1.56905603e-13,2.915550081e-13,1.25411416e-13,2.003284743e-13,2.308876031e-13,8.483538916e-14,3.813323777e-14,9.822993022e-14,1.176439977e-13,3.761585811e-14,1.06064668e-13,1.918435472e-13,2.610634601e-13,3.531338021e-13,5.306333572e-14,1.611046486e-13,5.591087443e-14
113.609375,4.002979376e-13,3.686046169e-13,4.160780443e-13,2.548822575e-13,1.984835055e-13,9.283677395e-14,3.635746389e-14,1.174229942e-13,3.397962171e-14,7.273646326e-14,3.859925931e-13,7.081562966e-14,1.706358668e-13,2.604689678e-13,2.809269694e-13,1.5831107e-13,2.913370099e-13,1.251372737e-13,1.982012553e-13,2.322251972e-13,8.435723874e-14,3.804768488e-14,9.919005218e-14,1.183585153e-13,3.719988802e-14,1.053330921e-13,1.944709418e-13,2.613572808e-13,3.566829026e-13,5.316741475e-14,1.640824243e-13,5.684783412e-14
113.6171875,4.026851738e-13,3.685183429e-13,4.239863442e-13,2.565220032e-13,1.958064558e-13,9.227912166e-14,3.667459855e-14,1.183858104e-13,3.420206216e-14,7.124587723e-14,3.873281831e-13,7.051513803e-14,1.693767922e-13,2.568483226e-13,2.798275036e-13,1.596253326e-13,2.908456891e-13,1.247419969e-13,1.959947943e-13,2.333199329e-13,8.391699099e-14,3.797637439e-14,1.001420259e-13,1.190278134e-13,3.676399206e-14,1.04552775e-13,1.972279407e-13,2.614827305e-13,3.603905421e-13,5.321778412e-14,1.672132169e-13,5.77785853e-14
113.625,4.052176715e-13,3.684913013e-13,4.323854019e-13,2.580297532e-13,1.932246025e-13,9.180751587e-14,3.705235286e-14,1.193295279e-13,3.444216159e-14,6.986210931e-14,3.888506616e-13,7.033645277e-14,1.682441447e-13,2.534132462e-13,2.788118837e-13,1.610582139e-13,2.903192656e-13,1.243062061e-13,1.938013755e-13,2.343014211e-13,8.363035806e-14,3.792745094e-14,1.011151875e-13,1.197222517e-13,3.63256423e-14,1.037790836e-13,2.001652338e-13,2.616815387e-13,3.64397513e-13,5.329945717e-14,1.706174024e-13,5.870374117e-14
113.6328125,4.079728798e-13,3.685366537e-13,4.410465042e-13,2.597096308e-13,1.907637078e-13,9.139204296e-14,3.745316502e-14,1.202462317e-13,3.469946084e-14,6.850297556e-14,3.904670505e-13,7.024670378e-14,1.671862391e-13,2.501911138e-13,2.780874812e-13,1.627316717e-13,2.899965648e-13,1.239789774e-13,1.917173129e-13,2.352992162e-13,8.341190888e-14,3.790806664e-14,1.02109843e-13,1.204485745e-13,3.591518759e-14,1.030537415e-13,2.032202774e-13,2.620011883e-13,3.684349211e-13,5.344548316e-14,1.741624985e-13,5.960938502e-14
113.640625,4.10661743e-13,3.686795475e-13,4.494753376e-13,2.61645692e-13,1.88325301e-13,9.10495465e-14,3.785927666e-14,1.211236222e-13,3.494238036e-14,6.712657492e-14,3.919017201e-13,7.015078475e-14,1.661381652e-13,2.47084426e-13,2.775725892e-13,1.645783759e-13,2.898158448e-13,1.237478462e-13,1.896849349e-13,2.361576987e-13,8.315533691e-14,3.789792498e-14,1.031045681e-13,1.210672381e-13,3.554432458e-14,1.023461566e-13,2.063120313e-13,2.622832321e-13,3.723011387e-13,5.360546971e-14,1.776922283e-13,6.047182555e-14
113.6484375,4.134297714e-13,3.689013074e-13,4.577188204e-13,2.636660072e-13,1.858813432e-13,9.073831456e-14,3.828390506e-14,1.219649108e-13,3.51698075e-14,6.579545344e-14,3.931868675e-13,7.004991427e-14,1.650772398e-13,2.439962116e-13,2.770115813e-13,1.664877515e-13,2.896930732e-13,1.235473516e-13,1.875995688e-13,2.368204893e-13,8.287963658e-14,3.787110692e-14,1.040760965e-13,1.216301011e-13,3.518049591e-14,1.015648227e-13,2.093583645e-13,2.625106243e-13,3.760629248e-13,5.372947337e-14,1.812002023e-13,6.129315553e-14
113.65625,4.166516159e-13,3.691145021e-13,4.661792212e-13,2.657089029e-13,1.835773754e-13,9.046016003e-14,3.872158425e-14,1.227965343e-13,3.539881191e-14,6.454494522e-14,3.945330421e-13,7.0014142e-14,1.639924184e-13,2.410115718e-13,2.764094688e-13,1.684431222e-13,2.896905772e-13,1.234023467e-13,1.854978976e-13,2.373884537e-13,8.261524598e-14,3.785190249e-14,1.050198674e-13,1.223126219e-13,3.480066579e-14,1.006574993e-13,2.124386e-13,2.627967894e-13,3.799145502e-13,5.383093591e-14,1.847922476e-13,6.208168025e-14
113.6640625,4.200858549e-13,3.691425815e-13,4.749203196e-13,2.676487855e-13,1.814161646e-13,9.035841972e-14,3.916887187e-14,1.236265123e-13,3.562288684e-14,6.334935016e-14,3.959623548e-13,7.003314014e-14,1.628817513e-13,2.382513377e-13,2.759733392e-13,1.705098259e-13,2.897400134e-13,1.23264807e-13,1.834023037e-13,2.378764631e-13,8.237755831e-14,3.786809496e-14,1.059403463e-13,1.230195239e-13,3.441809306e-14,9.968839878e-14,2.157034613e-13,2.630485854e-13,3.839244002e-13,5.393557934e-14,1.885436721e-13,6.283577477e-14
113.671875,4.233405923e-13,3.689109025e-13,4.836225734e-13,2.694108695e-13,1.79180943e-13,9.041806031e-14,3.964104923e-14,1.244438244e-13,3.582771116e-14,6.218831738e-14,3.97284258e-13,7.00410323e-14,1.617124112e-13,2.356033216e-13,2.757156568e-13,1.726960262e-13,2.897107501e-13,1.230501324e-13,1.812570456e-13,2.382266205e-13,8.219304889e-14,3.789197573e-14,1.068263733e-13,1.235895253e-13,3.403565268e-14,9.873638752e-14,2.19040619e-13,2.631175282e-13,3.878472379e-13,5.403857338e-14,1.923598642e-13,6.355138868e-14
113.6796875,4.264950409e-13,3.686462588e-13,4.921693128e-13,2.712673834e-13,1.768779033e-13,9.044782621e-14,4.013937176e-14,1.25232258e-13,3.60104782e-14,6.106137159e-14,3.983934601e-13,7.005254153e-14,1.605041624e-13,2.329512119e-13,2.755458803e-13,1.750044782e-13,2.897348635e-13,1.228374827e-13,1.791096965e-13,2.384086748e-13,8.201518799e-14,3.78893763e-14,1.076632346e-13,1.241082713e-13,3.366378053e-14,9.780110135e-14,2.223063864e-13,2.631214923e-13,3.915310207e-13,5.414967801e-14,1.96110575e-13,6.42173019e-14
113.6875,4.296206323e-13,3.685257736e-13,5.0076438e-13,2.732652333e-13,1.746162038e-13,9.041293001e-14,4.065811792e-14,1.25966514e-13,3.616688284e-14,5.997726052e-14,3.994996788e-13,7.011335464e-14,1.59350549e-13,2.303471715e-13,2.754469935e-13,1.774623603e-13,2.899186976e-13,1.226845419e-13,1.770031555e-13,2.384718684e-13,8.180096607e-14,3.786202409e-14,1.084619382e-13,1.246574802e-13,3.333194686e-14,9.68818991e-14,2.256303813e-13,2.631793079e-13,3.952026795e-13,5.428932253e-14,1.998579701e-13,6.482987533e-14
113.6953125,4.326756942e-13,3.684177986e-13,5.094592359e-13,2.751492394e-13,1.722875695e-13,9.041927448e-14,4.120571232e-14,1.266487944e-13,3.629640528e-14,5.892398466e-14,4.008188861e-13,7.022186373e-14,1.582535148e-13,2.278350846e-13,2.753597991e-13,1.799630762e-13,2.901193705e-13,1.225163137e-13,1.748747854e-13,2.384460471e-13,8.16330672e-14,3.78369531e-14,1.092662945e-13,1.251716695e-13,3.302829318e-14,9.598185054e-14,2.290645436e-13,2.632436166e-13,3.989705823e-13,5.444104361e-14,2.037561512e-13,6.540596216e-14
113.703125,4.358962706e-13,3.6827217e-13,5.1802029e-13,2.770626794e-13,1.699590066e-13,9.052044661e-14,4.177982067e-14,1.273206316e-13,3.643022288e-14,5.788840941e-14,4.021407127e-13,7.038510633e-14,1.571552471e-13,2.254509587e-13,2.752626383e-13,1.823982947e-13,2.903236784e-13,1.223769646e-13,1.727587979e-13,2.382167913e-13,8.15359667e-14,3.784725723e-14,1.101231819e-13,1.256357643e-13,3.272998383e-14,9.504800347e-14,2.324155973e-13,2.633831414e-13,4.026654585e-13,5.458662134e-14,2.077982889e-13,6.596059573e-14
113.7109375,4.394256305e-13,3.682140596e-13,5.263086497e-13,2.791863765e-13,1.678322461e-13,9.07063421e-14,4.23677696e-14,1.279951537e-13,3.6599296e-14,5.690506054e-14,4.031483584e-13,7.058998653e-14,1.560465504e-13,2.231982666e-13,2.752390378e-13,1.84838393e-13,2.906010104e-13,1.22366148e-13,1.707117746e-13,2.377599187e-13,8.138893867e-14,3.788624613e-14,1.110251389e-13,1.260823644e-13,3.245614786e-14,9.407483297e-14,2.355923379e-13,2.636398487e-13,4.06246417e-13,5.473759702e-14,2.118162233e-13,6.650198219e-14
113.71875,4.429607834e-13,3.681397076e-13,5.345218526e-13,2.812526057e-13,1.657543747e-13,9.094233538e-14,4.297750152e-14,1.286451232e-13,3.677389203e-14,5.597392473e-14,4.039160928e-13,7.079135272e-14,1.54899885e-13,2.209861281e-13,2.752860492e-13,1.873423375e-13,2.90857669e-13,1.2240079e-13,1.686373448e-13,2.372459028e-13,8.117800838e-14,3.790842409e-14,1.119164477e-13,1.264965793e-13,3.220815209e-14,9.311646771e-14,2.387066842e-13,2.637718357e-13,4.097611885e-13,5.489499651e-14,2.157362185e-13,6.702304246e-14
113.7265625,4.461757643e-13,3.678517726e-13,5.429220361e-13,2.831426066e-13,1.636226974e-13,9.123539516e-14,4.361201201e-14,1.292615263e-13,3.690930853e-14,5.504554566e-14,4.046626902e-13,7.103833334e-14,1.537479907e-13,2.188637795e-13,2.753592342e-13,1.898918728e-13,2.911358177e-13,1.223806769e-13,1.664982232e-13,2.366858026e-13,8.103152221e-14,3.790381713e-14,1.127818355e-13,1.268724729e-13,3.196130953e-14,9.21363807e-14,2.418884491e-13,2.636516537e-13,4.131523776e-13,5.504080496e-14,2.19724125e-13,6.747363659e-14
113.734375,4.490615101e-13,3.674916028e-13,5.514426259e-13,2.850047284e-13,1.616067007e-13,9.16339724e-14,4.424901762e-14,1.298386463e-13,3.701074466e-14,5.416416618e-14,4.054211735e-13,7.140086981e-14,1.527122502e-13,2.169506142e-13,2.755390016e-13,1.925245191e-13,2.915543985e-13,1.223402252e-13,1.643779512e-13,2.359397594e-13,8.099102578e-14,3.789881266e-14,1.136495826e-13,1.272261054e-13,3.172101706e-14,9.108344199e-14,2.451536424e-13,2.634853642e-13,4.164202733e-13,5.51690788e-14,2.239280177e-13,6.780872199e-14
113.7421875,4.518711781e-13,3.672392583e-13,5.597630411e-13,2.868849061e-13,1.596059317e-13,9.211918974e-14,4.488673005e-14,1.303452083e-13,3.708565044e-14,5.340268475e-14,4.06165182e-13,7.181161581e-14,1.517315982e-13,2.151491324e-13,2.759241877e-13,1.952874238e-13,2.920057546e-13,1.223390887e-13,1.62293889e-13,2.349992418e-13,8.099035786e-14,3.790053931e-14,1.145010934e-13,1.275524525e-13,3.149483877e-14,9.001446071e-14,2.483879446e-13,2.634226168e-13,4.196328245e-13,5.529273743e-14,2.28207042e-13,6.80496941e-14
113.75,4.548724908e-13,3.669453815e-13,5.677562918e-13,2.888537415e-13,1.575243448e-13,9.264923682e-14,4.55403474e-14,1.307973461e-13,3.713247784e-14,5.273369057e-14,4.069059141e-13,7.221114795e-14,1.506494166e-13,2.13427813e-13,2.76488257e-13,1.981643004e-13,2.925029643e-13,1.224214862e-13,1.60263559e-13,2.33876299e-13,8.097794445e-14,3.791047004e-14,1.153014047e-13,1.278365633e-13,3.127635336e-14,8.894907027e-14,2.515070696e-13,2.634251349e-13,4.227325555e-13,5.542775352e-14,2.323683585e-13,6.824339389e-14
113.7578125,4.580531323e-13,3.666496069e-13,5.757361196e-13,2.908257911e-13,1.55645466e-13,9.325495024e-14,4.620314385e-14,1.312786604e-13,3.719481099e-14,5.214601107e-14,4.076917241e-13,7.265696752e-14,1.495402302e-13,2.119525921e-13,2.770898747e-13,2.01083008e-13,2.93220804e-13,1.225825744e-13,1.583255636e-13,2.326286121e-13,8.095896308e-14,3.794276456e-14,1.16085742e-13,1.280893775e-13,3.107745349e-14,8.783398325e-14,2.545450596e-13,2.63439678e-13,4.255883139e-13,5.557547714e-14,2.364700289e-13,6.842678563e-14
113.765625,4.612603972e-13,3.667134057e-13,5.840266457e-13,2.925254807e-13,1.539699878e-13,9.394998904e-14,4.68745868e-14,1.318110606e-13,3.730029634e-14,5.165037434e-14,4.085500156e-13,7.316816655e-14,1.48484352e-13,2.106684083e-13,2.776415742e-13,2.039948841e-13,2.940728438e-13,1.227610117e-13,1.563984393e-13,2.314726086e-13,8.097356828e-14,3.799867309e-14,1.168844179e-13,1.28355895e-13,3.089951414e-14,8.669622152e-14,2.575296534e-13,2.634323712e-13,4.282227697e-13,5.573070536e-14,2.406230058e-13,6.862353163e-14
113.7734375,4.644551545e-13,3.668994856e-13,5.923250029e-13,2.941365041e-13,1.521887469e-13,9.467002483e-14,4.755404046e-14,1.323080121e-13,3.740284542e-14,5.117524467e-14,4.093277224e-13,7.36989643e-14,1.473622417e-13,2.093729254e-13,2.782301606e-13,2.069708865e-13,2.949338055e-13,1.229704809e-13,1.544103899e-13,2.30401421e-13,8.102226823e-14,3.806212841e-14,1.176477428e-13,1.28640951e-13,3.07199447e-14,8.558773935e-14,2.604609617e-13,2.633985903e-13,4.30791407e-13,5.589423856e-14,2.447642878e-13,6.880050953e-14
113.78125,4.675455637e-13,3.665956777e-13,6.001492947e-13,2.959720297e-13,1.503716764e-13,9.535784784e-14,4.821097311e-14,1.327183845e-13,3.747418297e-14,5.069734033e-14,4.098784063e-13,7.424501104e-14,1.461744676e-13,2.080796879e-13,2.789008494e-13,2.100521664e-13,2.95841892e-13,1.232597879e-13,1.524144133e-13,2.291915365e-13,8.107104873e-14,3.810861328e-14,1.183391525e-13,1.288774191e-13,3.053580356e-14,8.448834185e-14,2.633439111e-13,2.633394298e-13,4.332327872e-13,5.605996005e-14,2.488177928e-13,6.890606302e-14
113.7890625,4.704404545e-13,3.660727845e-13,6.076444111e-13,2.977582604e-13,1.487224044e-13,9.601790839e-14,4.88474429e-14,1.331023174e-13,3.754690042e-14,5.027036267e-14,4.103127789e-13,7.482265303e-14,1.450675454e-13,2.068829293e-13,2.795604335e-13,2.131485586e-13,2.967446329e-13,1.235996403e-13,1.504456161e-13,2.279349674e-13,8.113887893e-14,3.812210792e-14,1.189761215e-13,1.290510562e-13,3.035696565e-14,8.338835221e-14,2.661376187e-13,2.632302154e-13,4.352553026e-13,5.622635122e-14,2.528034233e-13,6.894992302e-14
113.796875,4.733316144e-13,3.658301343e-13,6.149964802e-13,2.992874963e-13,1.472030686e-13,9.669559406e-14,4.948874015e-14,1.335126829e-13,3.76468109e-14,4.987557782e-14,4.107102235e-13,7.542561329e-14,1.440406629e-13,2.058375964e-13,2.80246195e-13,2.162400606e-13,2.976422994e-13,1.239865067e-13,1.485108926e-13,2.268091049e-13,8.122996843e-14,3.812750104e-14,1.195652434e-13,1.292298528e-13,3.018365542e-14,8.228235289e-14,2.688360634e-13,2.631006656e-13,4.368687168e-13,5.64044727e-14,2.567411511e-13,6.894573896e-14
113.8046875,4.76416857e-13,3.654790067e-13,6.219473021e-13,3.007934524e-13,1.458095252e-13,9.743651358e-14,5.009979317e-14,1.339312336e-13,3.776824989e-14,4.951426117e-14,4.109980087e-13,7.603376696e-14,1.430218437e-13,2.050138869e-13,2.810850965e-13,2.193753338e-13,2.98668753e-13,1.244340585e-13,1.46629353e-13,2.256336738e-13,8.127015778e-14,3.816463584e-14,1.20128375e-13,1.294399508e-13,3.002493997e-14,8.111625991e-14,2.715131702e-13,2.62958028e-13,4.384188141e-13,5.657708333e-14,2.606628615e-13,6.888156702e-14
113.8125,4.796113167e-13,3.648157399e-13,6.285118766e-13,3.023129285e-13,1.445489805e-13,9.824940058e-14,5.065601474e-14,1.343440604e-13,3.788431323e-14,4.926096598e-14,4.112229086e-13,7.662147476e-14,1.41997836e-13,2.043768726e-13,2.820333241e-13,2.225218028e-13,2.9979227e-13,1.248825838e-13,1.447685506e-13,2.242431586e-13,8.124670883e-14,3.823603697e-14,1.207168559e-13,1.296468753e-13,2.988947059e-14,7.987568555e-14,2.741739523e-13,2.627100903e-13,4.399902601e-13,5.671318257e-14,2.64604135e-13,6.878181669e-14
113.8203125,4.82767341e-13,3.64239269e-13,6.348439272e-13,3.037646675e-13,1.433351233e-13,9.908541106e-14,5.119121423e-14,1.347384604e-13,3.796878909e-14,4.908364023e-14,4.114278485e-13,7.719806947e-14,1.40945185e-13,2.038270936e-13,2.829808545e-13,2.256185953e-13,3.008951091e-13,1.253452982e-13,1.429245658e-13,2.226791358e-13,8.124204868e-14,3.832723449e-14,1.21314062e-13,1.298007996e-13,2.976309654e-14,7.859616847e-14,2.767605639e-13,2.623751488e-13,4.413706245e-13,5.682682501e-14,2.68494438e-13,6.865019733e-14
113.828125,4.858100587e-13,3.635819049e-13,6.408151109e-13,3.051961708e-13,1.421904334e-13,9.989875752e-14,5.170796127e-14,1.350662235e-13,3.803393779e-14,4.891036607e-14,4.115463519e-13,7.781363952e-14,1.398840771e-13,2.033516314e-13,2.839023351e-13,2.285953571e-13,3.019223986e-13,1.258932582e-13,1.411558084e-13,2.209218578e-13,8.129761341e-14,3.843243584e-14,1.218592795e-13,1.298671364e-13,2.963370539e-14,7.72894464e-14,2.792519733e-13,2.620806439e-13,4.424762902e-13,5.695921087e-14,2.722573293e-13,6.843992003e-14
113.8359375,4.887209713e-13,3.626622116e-13,6.467015241e-13,3.064751293e-13,1.411075756e-13,1.007679199e-13,5.221856649e-14,1.353427527e-13,3.809574346e-14,4.880450725e-14,4.116700089e-13,7.849096252e-14,1.388644669e-13,2.029358041e-13,2.848577633e-13,2.314768862e-13,3.028711072e-13,1.264502458e-13,1.39430879e-13,2.190477704e-13,8.138958445e-14,3.853516294e-14,1.223671957e-13,1.298892891e-13,2.951072774e-14,7.598186338e-14,2.815983932e-13,2.618363481e-13,4.43335889e-13,5.713528326e-14,2.759444467e-13,6.816124066e-14
113.84375,4.915225081e-13,3.620182063e-13,6.527605195e-13,3.075289679e-13,1.399499477e-13,1.017871953e-13,5.278682565e-14,1.35654258e-13,3.814268919e-14,4.8825426e-14,4.118487926e-13,7.920113775e-14,1.378263497e-13,2.025581551e-13,2.859525738e-13,2.344807191e-13,3.039142774e-13,1.26938974e-13,1.376736294e-13,2.172857612e-13,8.14680573e-14,3.862346048e-14,1.228768966e-13,1.299245923e-13,2.940330924e-14,7.470394643e-14,2.837389867e-13,2.615889045e-13,4.439377969e-13,5.734203609e-14,2.796018424e-13,6.785164602e-14
113.8515625,4.941764284e-13,3.616237208e-13,6.583187878e-13,3.085224861e-13,1.387874029e-13,1.028293599e-13,5.339646425e-14,1.359937596e-13,3.819810956e-14,4.891262803e-14,4.118079231e-13,7.989873795e-14,1.367228011e-13,2.022840999e-13,2.87144397e-13,2.376614949e-13,3.051593115e-13,1.274657915e-13,1.359131359e-13,2.156038851e-13,8.146995454e-14,3.871196751e-14,1.233624687e-13,1.299429476e-13,2.931726561e-14,7.341966142e-14,2.857153748e-13,2.61288413e-13,4.443058254e-13,5.752943862e-14,2.831931969e-13,6.74960896e-14
113.859375,4.967229914e-13,3.608777105e-13,6.630604957e-13,3.094055129e-13,1.378249858e-13,1.037613595e-13,5.396551718e-14,1.362779912e-13,3.829075451e-14,4.901431183e-14,4.114595139e-13,8.056966751e-14,1.356494219e-13,2.021833212e-13,2.883331441e-13,2.408522845e-13,3.06466814e-13,1.28140775e-13,1.342195344e-13,2.137946601e-13,8.138650537e-14,3.881344686e-14,1.237993366e-13,1.299186428e-13,2.927167738e-14,7.211491879e-14,2.876158954e-13,2.608843843e-13,4.445023774e-13,5.768911198e-14,2.867067448e-13,6.710400145e-14
113.8671875,4.993376703e-13,3.598770163e-13,6.677427773e-13,3.101055981e-13,1.370590431e-13,1.047647324e-13,5.44798468e-14,1.36502448e-13,3.83720521e-14,4.916553613e-14,4.11193395e-13,8.128049684e-14,1.346728441e-13,2.023003167e-13,2.896610011e-13,2.440770455e-13,3.07870227e-13,1.289456048e-13,1.326121243e-13,2.118902424e-13,8.130247651e-14,3.893044847e-14,1.242068993e-13,1.298703588e-13,2.926748502e-14,7.084953162e-14,2.894879754e-13,2.604854416e-13,4.44598355e-13,5.787692914e-14,2.902042912e-13,6.670032312e-14
113.875,5.019049825e-13,3.58838765e-13,6.726034823e-13,3.108354923e-13,1.363689862e-13,1.059766721e-13,5.495610422e-14,1.367142201e-13,3.841559662e-14,4.943185204e-14,4.112038238e-13,8.210709898e-14,1.337378945e-13,2.025945867e-13,2.911591496e-13,2.473225478e-13,3.0940068e-13,1.297757195e-13,1.31037638e-13,2.099918121e-13,8.131160925e-14,3.906311483e-14,1.245976631e-13,1.297810731e-13,2.926116888e-14,6.962219657e-14,2.912929277e-13,2.602045536e-13,4.446168413e-13,5.809673812e-14,2.937534951e-13,6.623798279e-14
113.8828125,5.041408156e-13,3.576395168e-13,6.770367829e-13,3.116219467e-13,1.356546229e-13,1.071787211e-13,5.540492129e-14,1.369361771e-13,3.848227239e-14,4.981473135e-14,4.11145538e-13,8.298098546e-14,1.327693856e-13,2.028293106e-13,2.92543441e-13,2.503576747e-13,3.107374099e-13,1.305171834e-13,1.294053982e-13,2.080612255e-13,8.139301299e-14,3.918975128e-14,1.249739759e-13,1.296576473e-13,2.922726805e-14,6.836147701e-14,2.928728768e-13,2.598864674e-13,4.443637599e-13,5.829473665e-14,2.972412789e-13,6.56851106e-14
113.890625,5.061905817e-13,3.565857622e-13,6.808606225e-13,3.122742023e-13,1.348895033e-13,1.0826001e-13,5.586040922e-14,1.371771487e-13,3.858057203e-14,5.023270851e-14,4.108106683e-13,8.378263868e-14,1.317408228e-13,2.029368263e-13,2.938831716e-13,2.533259655e-13,3.119252891e-13,1.312337652e-13,1.277549593e-13,2.061321127e-13,8.143116091e-14,3.929605444e-14,1.253276073e-13,1.295434093e-13,2.919704993e-14,6.706089456e-14,2.941603438e-13,2.594334516e-13,4.436005093e-13,5.847461511e-14,3.004480231e-13,6.507932064e-14
113.8984375,5.082478134e-13,3.558575112e-13,6.844777572e-13,3.127617548e-13,1.342449763e-13,1.094200885e-13,5.63248679e-14,1.374052802e-13,3.865703079e-14,5.065631298e-14,4.104994326e-13,8.457952996e-14,1.307264087e-13,2.032609064e-13,2.955140194e-13,2.565461075e-13,3.13430806e-13,1.321129937e-13,1.262349718e-13,2.042917309e-13,8.140850475e-14,3.941407424e-14,1.256158363e-13,1.294081311e-13,2.919722458e-14,6.576054981e-14,2.953400668e-13,2.590088863e-13,4.424486994e-13,5.867732847e-14,3.035176354e-13,6.442580285e-14
113.90625,5.100727787e-13,3.549345855e-13,6.881376817e-13,3.130516182e-13,1.338336719e-13,1.107071717e-13,5.676791946e-14,1.375695097e-13,3.872426885e-14,5.115039145e-14,4.103666351e-13,8.550134362e-14,1.298479933e-13,2.039259381e-13,2.972383622e-13,2.597846546e-13,3.151541905e-13,1.331136549e-13,1.248331416e-13,2.024774109e-13,8.142416316e-14,3.956096282e-14,1.258192675e-13,1.292196295e-13,2.922042464e-14,6.445996515e-14,2.964933042e-13,2.586396833e-13,4.412089926e-13,5.889913598e-14,3.067798799e-13,6.370673656e-14
113.9140625,5.116418642e-13,3.536225407e-13,6.915388409e-13,3.13102171e-13,1.334714453e-13,1.119830332e-13,5.718328981e-14,1.376853327e-13,3.881449168e-14,5.173117654e-14,4.100983092e-13,8.64685986e-14,1.290770354e-13,2.045922181e-13,2.987605691e-13,2.627744913e-13,3.167264917e-13,1.340619591e-13,1.234241776e-13,2.005858237e-13,8.147250143e-14,3.971141799e-14,1.259808951e-13,1.290205481e-13,2.925479324e-14,6.314344996e-14,2.973941329e-13,2.581831797e-13,4.398850224e-13,5.910631085e-14,3.100440052e-13,6.296140168e-14
113.921875,5.133440965e-13,3.522304754e-13,6.942615325e-13,3.13030232e-13,1.330752969e-13,1.132639061e-13,5.756505752e-14,1.377974368e-13,3.890813446e-14,5.236730511e-14,4.095258575e-13,8.735147183e-14,1.282639517e-13,2.051552733e-13,3.003302196e-13,2.657298342e-13,3.182784687e-13,1.350155663e-13,1.220228742e-13,1.985899877e-13,8.146551097e-14,3.986877104e-14,1.261318291e-13,1.288283092e-13,2.929311787e-14,6.181572027e-14,2.979696256e-13,2.57655089e-13,4.382748734e-13,5.928047619e-14,3.129657825e-13,6.223263959e-14
113.9296875,5.151944623e-13,3.508345334e-13,6.96464853e-13,3.128574689e-13,1.328068463e-13,1.146027356e-13,5.792335573e-14,1.379143083e-13,3.900036436e-14,5.308014255e-14,4.088119326e-13,8.820146581e-14,1.273882123e-13,2.058366768e-13,3.021124693e-13,2.687327787e-13,3.199325205e-13,1.360798009e-13,1.206904542e-13,1.965026533e-13,8.142511402e-14,4.004874408e-14,1.262619071e-13,1.286371232e-13,2.93418595e-14,6.049756177e-14,2.98451224e-13,2.571447885e-13,4.362900413e-13,5.944550044e-14,3.157163871e-13,6.150250748e-14
113.9375,5.168275417e-13,3.493962827e-13,6.983725897e-13,3.125317363e-13,1.326585106e-13,1.159300335e-13,5.828986565e-14,1.380311189e-13,3.910541435e-14,5.387316222e-14,4.079929759e-13,8.907688356e-14,1.265295286e-13,2.066167085e-13,3.039102258e-13,2.716416835e-13,3.215449383e-13,1.371695683e-13,1.19391047e-13,1.944182687e-13,8.138657441e-14,4.022258841e-14,1.263558929e-13,1.284466787e-13,2.941076927e-14,5.921986371e-14,2.988863573e-13,2.566391638e-13,4.339404902e-13,5.96392459e-14,3.184210128e-13,6.073193616e-14
113.9453125,5.181306194e-13,3.478899958e-13,6.996621177e-13,3.121482762e-13,1.325057349e-13,1.172428522e-13,5.863411394e-14,1.38140153e-13,3.921326109e-14,5.470443345e-14,4.07006581e-13,8.99198537e-14,1.256668987e-13,2.073584122e-13,3.057284473e-13,2.745728257e-13,3.231662901e-13,1.382569086e-13,1.181086608e-13,1.924526005e-13,8.129757707e-14,4.038116228e-14,1.263919859e-13,1.281974856e-13,2.94827859e-14,5.798367474e-14,2.991016123e-13,2.56103487e-13,4.313073659e-13,5.984822583e-14,3.208514085e-13,5.991163293e-14
113.953125,5.192285785e-13,3.462689876e-13,7.002912682e-13,3.117354352e-13,1.323980986e-13,1.18612502e-13,5.892685765e-14,1.382539476e-13,3.931562004e-14,5.558717787e-14,4.058882851e-13,9.071142783e-14,1.247696933e-13,2.081366082e-13,3.076830003e-13,2.776295119e-13,3.248716452e-13,1.394308163e-13,1.168744782e-13,1.906095932e-13,8.115188423e-14,4.055657622e-14,1.263678767e-13,1.278636169e-13,2.955834508e-14,5.674496618e-14,2.990936777e-13,2.555431654e-13,4.285845804e-13,6.003960607e-14,3.230738161e-13,5.906298885e-14
113.9609375,5.202450273e-13,3.447691384e-13,7.006793169e-13,3.112712849e-13,1.323656676e-13,1.200234337e-13,5.92248341e-14,1.384124823e-13,3.941379646e-14,5.655799606e-14,4.046194086e-13,9.148974531e-14,1.23906768e-13,2.089685636e-13,3.096564049e-13,2.80622416e-13,3.265222045e-13,1.406560322e-13,1.156771212e-13,1.888530217e-13,8.09913381e-14,4.073898578e-14,1.263239351e-13,1.275240771e-13,2.967137658e-14,5.547596847e-14,2.988844721e-13,2.550252582e-13,4.258419932e-13,6.022599813e-14,3.252848892e-13,5.8204831e-14
113.96875,5.212414374e-13,3.434817477e-13,7.007913772e-13,3.108380627e-13,1.323319528e-13,1.214099236e-13,5.95273569e-14,1.385905005e-13,3.951875769e-14,5.762199103e-14,4.0323191e-13,9.226256863e-14,1.230696818e-13,2.097174926e-13,3.115314415e-13,2.83414257e-13,3.280553155e-13,1.418329199e-13,1.144955227e-13,1.871168087e-13,8.082125434e-14,4.089752612e-14,1.262764772e-13,1.271981785e-13,2.980250092e-14,5.419077691e-14,2.983326626e-13,2.546074934e-13,4.228777229e-13,6.042799858e-14,3.27285379e-13,5.732761249e-14
113.9765625,5.220580165e-13,3.419823225e-13,7.004760662e-13,3.102996823e-13,1.323475711e-13,1.227382507e-13,5.975966108e-14,1.387159842e-13,3.965317136e-14,5.878079785e-14,4.019344226e-13,9.304033665e-14,1.22197665e-13,2.1041605e-13,3.133387912e-13,2.860660376e-13,3.295607895e-13,1.429800632e-13,1.133379378e-13,1.852846071e-13,8.065889986e-14,4.104917494e-14,1.262088577e-13,1.268247147e-13,2.991084249e-14,5.291915158e-14,2.975367124e-13,2.541799686e-13,4.195788338e-13,6.064282795e-14,3.290045775e-13,5.641268395e-14
113.984375,5.224962308e-13,3.402041241e-13,7.00083943e-13,3.09419195e-13,1.325335033e-13,1.240516368e-13,5.995580785e-14,1.387994802e-13,3.979566498e-14,5.998389532e-14,4.007664647e-13,9.384994047e-14,1.214082384e-13,2.112612231e-13,3.151798248e-13,2.887039618e-13,3.311461318e-13,1.441959601e-13,1.122241698e-13,1.834155005e-13,8.051328223e-14,4.121893813e-14,1.261218945e-13,1.264128663e-13,3.00359944e-14,5.169876307e-14,2.968460829e-13,2.53620504e-13,4.161415166e-13,6.086938067e-14,3.307908375e-13,5.546271484e-14
113.9921875,5.227284543e-13,3.385491756e-13,6.997646042e-13,3.083954258e-13,1.328710389e-13,1.254513469e-13,6.018840999e-14,1.388769391e-13,3.990170679e-14,6.117815182e-14,3.995126088e-13,9.469936504e-14,1.207862695e-13,2.122993762e-13,3.171898383e-13,2.914369668e-13,3.328414903e-13,1.455561828e-13,1.111828177e-13,1.817206238e-13,8.035186206e-14,4.140054426e-14,1.259918844e-13,1.260167664e-13,3.020978295e-14,5.054710556e-14,2.962457614e-13,2.530316375e-13,4.127380788e-13,6.110723312e-14,3.327488083e-13,5.449286674e-14
114,5.230066184e-13,3.36885191e-13,6.991572028e-13,3.074838169e-13,1.332407869e-13,1.269061827e-13,6.040731528e-14,1.389199159e-13,3.999132997e-14,6.244125515e-14,3.98052751e-13,9.556040192e-14,1.201501889e-13,2.133452478e-13,3.193374452e-13,2.94230868e-13,3.345225713e-13,1.470259915e-13,1.102104459e-13,1.802259448e-13,8.019426433e-14,4.157157229e-14,1.257821662e-13,1.256512912e-13,3.038363623e-14,4.94432509e-14,2.953968236e-13,2.525174278e-13,4.092879145e-13,6.13536549e-14,3.345453111e-13,5.351314762e-14
114.0078125,5.232054298e-13,3.348831576e-13,6.979893926e-13,3.064593987e-13,1.335974663e-13,1.282726458e-13,6.055926518e-14,1.389232424e-13,4.010576461e-14,6.382391838e-14,3.963929066e-13,9.637117472e-14,1.194171973e-13,2.142314957e-13,3.213851142e-13,2.969452421e-13,3.361213903e-13,1.484957417e-13,1.092591114e-13,1.788014804e-13,8.006541219e-14,4.171372574e-14,1.255322127e-13,1.252845083e-13,3.054842321e-14,4.836955107e-14,2.942299574e-13,2.519860438e-13,4.056145077e-13,6.159613767e-14,3.359411602e-13,5.253355581e-14
114.015625,5.231763245e-13,3.328143748e-13,6.962102503e-13,3.051167849e-13,1.340399789e-13,1.295783018e-13,6.068507336e-14,1.389237956e-13,4.024307885e-14,6.521781148e-14,3.94484377e-13,9.710810397e-14,1.187570185e-13,2.15034683e-13,3.232012241e-13,2.995070836e-13,3.377338793e-13,1.49944203e-13,1.083072981e-13,1.773514851e-13,7.988529153e-14,4.184906007e-14,1.25287863e-13,1.24846495e-13,3.074791181e-14,4.730493807e-14,2.928947581e-13,2.513722406e-13,4.016349036e-13,6.179462206e-14,3.370615785e-13,5.155361838e-14
114.0234375,5.230413056e-13,3.308441454e-13,6.938895699e-13,3.036270966e-13,1.346186167e-13,1.309311846e-13,6.080929272e-14,1.3891859e-13,4.038536794e-14,6.658398088e-14,3.923465686e-13,9.780610705e-14,1.181823718e-13,2.158756587e-13,3.248669929e-13,3.018887498e-13,3.393019832e-13,1.513882143e-13,1.073612242e-13,1.75799743e-13,7.961092835e-14,4.201206462e-14,1.250232569e-13,1.243234588e-13,3.096757307e-14,4.620942513e-14,2.914175335e-13,2.507158234e-13,3.974827687e-13,6.193848269e-14,3.381216577e-13,5.055123683e-14
114.03125,5.227636744e-13,3.286585454e-13,6.912777901e-13,3.020437202e-13,1.352019178e-13,1.322630018e-13,6.091031208e-14,1.388801812e-13,4.050921594e-14,6.801716403e-14,3.901874998e-13,9.849214589e-14,1.175426586e-13,2.166292e-13,3.264979656e-13,3.040922499e-13,3.406333324e-13,1.52760023e-13,1.064069192e-13,1.741921758e-13,7.933107936e-14,4.217428144e-14,1.24723059e-13,1.237947956e-13,3.117115109e-14,4.510546838e-14,2.898135977e-13,2.500196035e-13,3.933797702e-13,6.208599732e-14,3.390787541e-13,4.952288338e-14
114.0390625,5.221503838e-13,3.262609652e-13,6.884717161e-13,3.002087585e-13,1.357647345e-13,1.334986845e-13,6.097925946e-14,1.387916176e-13,4.061792347e-14,6.954843904e-14,3.881070473e-13,9.920111042e-14,1.168604493e-13,2.171853863e-13,3.2812005e-13,3.062050915e-13,3.417585389e-13,1.540763507e-13,1.054412595e-13,1.727118396e-13,7.907847688e-14,4.22983365e-14,1.243859782e-13,1.232915654e-13,3.137125691e-14,4.405932834e-14,2.881255661e-13,2.492926157e-13,3.892607522e-13,6.22658779e-14,3.397729956e-13,4.849443651e-14
114.046875,5.214061141e-13,3.239039801e-13,6.851616997e-13,2.982181682e-13,1.365088034e-13,1.346956154e-13,6.101553624e-14,1.38642747e-13,4.075596865e-14,7.113585443e-14,3.858727932e-13,9.993356765e-14,1.162312505e-13,2.177583702e-13,3.296731034e-13,3.082654189e-13,3.42843549e-13,1.555017727e-13,1.04496028e-13,1.713844336e-13,7.876243526e-14,4.241920739e-14,1.239860484e-13,1.22764666e-13,3.158586771e-14,4.304954315e-14,2.862363146e-13,2.485741507e-13,3.848849857e-13,6.242228952e-14,3.402526098e-13,4.746789123e-14
114.0546875,5.208223781e-13,3.21570874e-13,6.812078491e-13,2.962629441e-13,1.374776637e-13,1.358779782e-13,6.103365434e-14,1.384371164e-13,4.090692296e-14,7.273763671e-14,3.833341198e-13,1.005854209e-13,1.156609834e-13,2.185218559e-13,3.311025573e-13,3.101803271e-13,3.439083438e-13,1.5707467e-13,1.035963698e-13,1.700467468e-13,7.83471591e-14,4.257716851e-14,1.235549627e-13,1.22180618e-13,3.182313815e-14,4.203042606e-14,2.840483377e-13,2.478399494e-13,3.803214509e-13,6.251992402e-14,3.406195565e-13,4.643430085e-14
114.0625,5.201008416e-13,3.192717998e-13,6.770716035e-13,2.941622749e-13,1.384775071e-13,1.370378295e-13,6.106260122e-14,1.381719158e-13,4.100796486e-14,7.433553322e-14,3.807559912e-13,1.011459838e-13,1.151845718e-13,2.193125569e-13,3.324107156e-13,3.119073556e-13,3.448730225e-13,1.586476618e-13,1.027335208e-13,1.686310985e-13,7.790920432e-14,4.275425738e-14,1.231476568e-13,1.215137476e-13,3.209656941e-14,4.105619932e-14,2.817045362e-13,2.470543482e-13,3.757936397e-13,6.26096257e-14,3.408676728e-13,4.54135484e-14
114.0703125,5.18851768e-13,3.169211377e-13,6.730718391e-13,2.917075804e-13,1.394634154e-13,1.382090589e-13,6.108554439e-14,1.378557762e-13,4.10858178e-14,7.597395498e-14,3.78348624e-13,1.017522224e-13,1.148322676e-13,2.200028793e-13,3.336708209e-13,3.13567889e-13,3.457623553e-13,1.601707877e-13,1.018797272e-13,1.672305104e-13,7.751212511e-14,4.291162955e-14,1.227267122e-13,1.207694449e-13,3.239944781e-14,4.01716387e-14,2.793293103e-13,2.461907337e-13,3.712450252e-13,6.274001771e-14,3.410461534e-13,4.44041787e-14
114.078125,5.172809073e-13,3.14111563e-13,6.687606414e-13,2.891252244e-13,1.40563293e-13,1.393895204e-13,6.106594297e-14,1.375437152e-13,4.118784922e-14,7.766967004e-14,3.758915488e-13,1.023744905e-13,1.145162549e-13,2.206631127e-13,3.35018571e-13,3.152715441e-13,3.467094323e-13,1.617546327e-13,1.010242723e-13,1.65931009e-13,7.713559609e-14,4.302926483e-14,1.222562736e-13,1.200267295e-13,3.271487741e-14,3.932410458e-14,2.768266854e-13,2.451781962e-13,3.665205087e-13,6.287594621e-14,3.411239651e-13,4.337605502e-14
114.0859375,5.157353288e-13,3.110119539e-13,6.637059182e-13,2.866704203e-13,1.417893417e-13,1.405568213e-13,6.102781627e-14,1.372465125e-13,4.127542315e-14,7.937791035e-14,3.731239095e-13,1.028590801e-13,1.14154352e-13,2.212831313e-13,3.36441939e-13,3.16904132e-13,3.476748508e-13,1.634172868e-13,1.001920636e-13,1.646892667e-13,7.671031069e-14,4.312555336e-14,1.217803791e-13,1.193076835e-13,3.30382014e-14,3.847229828e-14,2.741062242e-13,2.440582514e-13,3.616424336e-13,6.296126374e-14,3.409091352e-13,4.23350043e-14
114.09375,5.142383242e-13,3.083904237e-13,6.581747956e-13,2.842863078e-13,1.431078655e-13,1.416990025e-13,6.100800891e-14,1.368989415e-13,4.133731495e-14,8.113521242e-14,3.701040698e-13,1.032622367e-13,1.137934953e-13,2.218822413e-13,3.377476097e-13,3.182941157e-13,3.484401536e-13,1.650766014e-13,9.942356469e-14,1.63433797e-13,7.619975823e-14,4.324061556e-14,1.213107366e-13,1.185280655e-13,3.336395376e-14,3.763288823e-14,2.71237648e-13,2.430521645e-13,3.566813571e-13,6.301770101e-14,3.405021681e-13,4.129930728e-14
114.1015625,5.127140754e-13,3.06292323e-13,6.52549902e-13,2.81899913e-13,1.445792003e-13,1.427619839e-13,6.099088981e-14,1.364904726e-13,4.143481094e-14,8.298292039e-14,3.670446307e-13,1.037251603e-13,1.135071727e-13,2.226386492e-13,3.389382078e-13,3.195332766e-13,3.490262505e-13,1.667835655e-13,9.873796425e-14,1.622301077e-13,7.565838886e-14,4.338596028e-14,1.208076198e-13,1.176519897e-13,3.370003339e-14,3.683128375e-14,2.683113518e-13,2.422648325e-13,3.516463626e-13,6.311038182e-14,3.402345149e-13,4.027203646e-14
114.109375,5.1106223e-13,3.04138429e-13,6.468957915e-13,2.794696611e-13,1.461323963e-13,1.437344259e-13,6.094956145e-14,1.360692665e-13,4.157230638e-14,8.485738159e-14,3.640066177e-13,1.042305384e-13,1.132565058e-13,2.234802229e-13,3.401776438e-13,3.20805153e-13,3.49621331e-13,1.685934759e-13,9.80988336e-14,1.611547507e-13,7.515252656e-14,4.353985991e-14,1.202599561e-13,1.167345213e-13,3.406344442e-14,3.609275718e-14,2.653382429e-13,2.415235105e-13,3.465452531e-13,6.324877051e-14,3.400468052e-13,3.927824742e-14
114.1171875,5.091679094e-13,3.017718041e-13,6.411805864e-13,2.768957419e-13,1.475782677e-13,1.446821998e-13,6.087942306e-14,1.35638207e-13,4.1688646e-14,8.676903647e-14,3.608527583e-13,1.047228457e-13,1.129756207e-13,2.241072141e-13,3.413854787e-13,3.220702167e-13,3.501715601e-13,1.703722205e-13,9.744393647e-14,1.601449338e-13,7.465697366e-14,4.366946048e-14,1.196820243e-13,1.158411843e-13,3.444157243e-14,3.541742011e-14,2.623082554e-13,2.406416726e-13,3.414827659e-13,6.338636762e-14,3.396541482e-13,3.832381151e-14
114.125,5.07100758e-13,2.993055883e-13,6.353430039e-13,2.74260471e-13,1.489987308e-13,1.456269018e-13,6.079859429e-14,1.351695558e-13,4.176258232e-14,8.878190661e-14,3.575303109e-13,1.052040986e-13,1.12723054e-13,2.245593219e-13,3.424293906e-13,3.232680216e-13,3.506431104e-13,1.720851186e-13,9.677253053e-14,1.591516904e-13,7.413781864e-14,4.375330503e-14,1.191003272e-13,1.149926375e-13,3.482685414e-14,3.477139517e-14,2.592369583e-13,2.396762868e-13,3.36643844e-13,6.349250932e-14,3.390655621e-13,3.736747619e-14
114.1328125,5.049639165e-13,2.967848079e-13,6.294381216e-13,2.716616922e-13,1.506030827e-13,1.465749928e-13,6.073542704e-14,1.34642357e-13,4.182309088e-14,9.081811444e-14,3.541819105e-13,1.056759513e-13,1.125593259e-13,2.250707836e-13,3.434207554e-13,3.244864988e-13,3.512436854e-13,1.738816102e-13,9.613630001e-14,1.582343884e-13,7.363345275e-14,4.381679271e-14,1.185370144e-13,1.14128618e-13,3.523764635e-14,3.415548549e-14,2.561309419e-13,2.387922697e-13,3.319948134e-13,6.358897395e-14,3.383717882e-13,3.640683464e-14
114.140625,5.026963899e-13,2.94296834e-13,6.235664289e-13,2.689331961e-13,1.523085118e-13,1.47532283e-13,6.066545037e-14,1.340618312e-13,4.18961635e-14,9.280635944e-14,3.508308782e-13,1.061379509e-13,1.124178588e-13,2.255716813e-13,3.444238789e-13,3.257152413e-13,3.519473896e-13,1.757405626e-13,9.555050186e-14,1.574573157e-13,7.314219892e-14,4.389254078e-14,1.179633459e-13,1.131999457e-13,3.565073596e-14,3.360199558e-14,2.529722835e-13,2.379769216e-13,3.272129428e-13,6.371122383e-14,3.37510396e-13,3.547665331e-14
114.1484375,5.002580112e-13,2.917765585e-13,6.172992501e-13,2.661103565e-13,1.539857402e-13,1.48406406e-13,6.053107343e-14,1.334705958e-13,4.197891764e-14,9.479785239e-14,3.473060697e-13,1.065632778e-13,1.122536593e-13,2.259148066e-13,3.453597465e-13,3.268429805e-13,3.524775474e-13,1.775491009e-13,9.499077494e-14,1.56808245e-13,7.258529468e-14,4.39594707e-14,1.173401659e-13,1.122471675e-13,3.60256782e-14,3.309601719e-14,2.497689893e-13,2.370982238e-13,3.22173368e-13,6.383335569e-14,3.364758316e-13,3.457061963e-14
114.15625,4.977048105e-13,2.891396703e-13,6.101825351e-13,2.634663001e-13,1.557132976e-13,1.491620592e-13,6.035780504e-14,1.32846893e-13,4.203571736e-14,9.67943515e-14,3.435498228e-13,1.068834404e-13,1.120838797e-13,2.26190316e-13,3.46269189e-13,3.278917425e-13,3.528064005e-13,1.793687129e-13,9.4445875e-14,1.561609611e-13,7.194673704e-14,4.400601928e-14,1.166730033e-13,1.112513597e-13,3.638842355e-14,3.259851073e-14,2.465445155e-13,2.36138362e-13,3.171123188e-13,6.389073951e-14,3.353048757e-13,3.367135925e-14
114.1640625,4.951160329e-13,2.866013022e-13,6.027304649e-13,2.608223353e-13,1.574977491e-13,1.499136025e-13,6.0216091e-14,1.321024503e-13,4.203549607e-14,9.877325132e-14,3.396640149e-13,1.070788867e-13,1.1189234e-13,2.264694089e-13,3.471848868e-13,3.289021975e-13,3.530286011e-13,1.81243096e-13,9.392831603e-14,1.553973998e-13,7.130709177e-14,4.406218833e-14,1.159707492e-13,1.101450965e-13,3.677874005e-14,3.211264117e-14,2.432363649e-13,2.35153731e-13,3.121625388e-13,6.389573286e-14,3.339362867e-13,3.278773688e-14
114.171875,4.925559827e-13,2.842134077e-13,5.954849529e-13,2.578808964e-13,1.592655819e-13,1.506439143e-13,6.010415546e-14,1.312533708e-13,4.200065656e-14,1.007976159e-13,3.357058134e-13,1.071979109e-13,1.1170351e-13,2.266088237e-13,3.479293247e-13,3.297551344e-13,3.530449319e-13,1.831069202e-13,9.343934461e-14,1.545642648e-13,7.072639508e-14,4.411407248e-14,1.15232808e-13,1.090118867e-13,3.719117168e-14,3.165741922e-14,2.397243444e-13,2.341753147e-13,3.072051295e-13,6.391543132e-14,3.323237641e-13,3.192796993e-14
114.1796875,4.899554291e-13,2.817090108e-13,5.880217809e-13,2.549248409e-13,1.610763856e-13,1.512297274e-13,5.999412158e-14,1.303850131e-13,4.196822372e-14,1.028715637e-13,3.316351964e-13,1.072680631e-13,1.115696148e-13,2.265259888e-13,3.484638124e-13,3.303996384e-13,3.528192412e-13,1.849763273e-13,9.295427682e-14,1.537716002e-13,7.016155208e-14,4.412507956e-14,1.144748442e-13,1.079307346e-13,3.762715358e-14,3.124084792e-14,2.360083624e-13,2.332295161e-13,3.021967819e-13,6.394072975e-14,3.305080588e-13,3.109595578e-14
114.1875,4.8726071e-13,2.791429629e-13,5.800778881e-13,2.522154668e-13,1.630123578e-13,1.517665937e-13,5.988521322e-14,1.295212517e-13,4.193676833e-14,1.049018426e-13,3.274193723e-13,1.072938863e-13,1.114556017e-13,2.264456333e-13,3.49122782e-13,3.310695591e-13,3.525602837e-13,1.869531564e-13,9.249992563e-14,1.53128629e-13,6.951338311e-14,4.412485704e-14,1.137065108e-13,1.068188961e-13,3.81015335e-14,3.088615619e-14,2.322196034e-13,2.32294492e-13,2.97255622e-13,6.392932522e-14,3.285929528e-13,3.027798185e-14
114.1953125,4.846096651e-13,2.767545064e-13,5.720603068e-13,2.49509885e-13,1.650696005e-13,1.523979091e-13,5.975999779e-14,1.286770651e-13,4.190490056e-14,1.068817095e-13,3.231216107e-13,1.073083391e-13,1.113196292e-13,2.265478368e-13,3.500569834e-13,3.319471957e-13,3.52393359e-13,1.89084514e-13,9.213901992e-14,1.527231812e-13,6.877862311e-14,4.414824753e-14,1.129328296e-13,1.056781924e-13,3.859221685e-14,3.060340389e-14,2.284515025e-13,2.313224465e-13,2.924437098e-13,6.391619109e-14,3.266829017e-13,2.944662108e-14
114.203125,4.819622859e-13,2.743381844e-13,5.640498118e-13,2.466698271e-13,1.67144303e-13,1.530217373e-13,5.960797767e-14,1.27821202e-13,4.18758643e-14,1.088679564e-13,3.187880907e-13,1.073152472e-13,1.111588889e-13,2.265702995e-13,3.508700126e-13,3.327982223e-13,3.521193459e-13,1.912340144e-13,9.179947215e-14,1.524112323e-13,6.806918918e-14,4.416290674e-14,1.121640808e-13,1.0459576e-13,3.90594245e-14,3.0345956e-14,2.247077525e-13,2.302985477e-13,2.876888709e-13,6.392850134e-14,3.247161151e-13,2.86237498e-14
114.2109375,4.790853392e-13,2.717133534e-13,5.558691293e-13,2.438425077e-13,1.690951384e-13,1.535114202e-13,5.945484452e-14,1.268449978e-13,4.181149001e-14,1.108208077e-13,3.143240382e-13,1.0724189e-13,1.109717822e-13,2.262720514e-13,3.513372486e-13,3.333994582e-13,3.515273877e-13,1.932287639e-13,9.136348828e-14,1.519997689e-13,6.741726983e-14,4.413519609e-14,1.1137805e-13,1.03523078e-13,3.950264102e-14,3.008292178e-14,2.209449532e-13,2.291718772e-13,2.829352157e-13,6.390640404e-14,3.22539276e-13,2.785054552e-14
114.21875,4.76098656e-13,2.692576826e-13,5.476338565e-13,2.411084411e-13,1.710044616e-13,1.53912297e-13,5.930761161e-14,1.257725234e-13,4.169720597e-14,1.127094133e-13,3.097199736e-13,1.070662234e-13,1.108147091e-13,2.258961165e-13,3.518340028e-13,3.340077771e-13,3.507924938e-13,1.952212069e-13,9.091367551e-14,1.516182049e-13,6.673935519e-14,4.408390676e-14,1.105500634e-13,1.024395287e-13,3.996634129e-14,2.986518201e-14,2.171065394e-13,2.279566509e-13,2.782266984e-13,6.382075059e-14,3.201943785e-13,2.710726338e-14
114.2265625,4.732603952e-13,2.671295413e-13,5.394059116e-13,2.384741762e-13,1.730977489e-13,1.542775938e-13,5.915409296e-14,1.247152972e-13,4.158602026e-14,1.146299442e-13,3.05193131e-13,1.068767976e-13,1.107315841e-13,2.256855067e-13,3.525266367e-13,3.347984243e-13,3.501717653e-13,1.974481173e-13,9.057606952e-14,1.513485745e-13,6.601661057e-14,4.404492389e-14,1.09715098e-13,1.013986101e-13,4.048446879e-14,2.973162074e-14,2.132309804e-13,2.26791601e-13,2.736041927e-13,6.372779815e-14,3.178622331e-13,2.637064972e-14
114.234375,4.704451925e-13,2.648580455e-13,5.311383275e-13,2.358711047e-13,1.754038397e-13,1.545758568e-13,5.90036527e-14,1.236259661e-13,4.149669542e-14,1.166017748e-13,3.008206526e-13,1.067037216e-13,1.107068684e-13,2.25557709e-13,3.5305287e-13,3.354141566e-13,3.494916193e-13,1.997906559e-13,9.030100123e-14,1.509864963e-13,6.529162644e-14,4.402771856e-14,1.089097812e-13,1.003093645e-13,4.104346787e-14,2.963852697e-14,2.094341341e-13,2.256322571e-13,2.690712252e-13,6.365739589e-14,3.156147921e-13,2.566201451e-14
114.2421875,4.674932713e-13,2.623242105e-13,5.228035672e-13,2.331848298e-13,1.778460935e-13,1.547695782e-13,5.886869397e-14,1.22450383e-13,4.138714729e-14,1.184883575e-13,2.963539166e-13,1.064575731e-13,1.10795513e-13,2.254009591e-13,3.533148032e-13,3.356880823e-13,3.485228127e-13,2.021186049e-13,9.002348591e-14,1.505654908e-13,6.454281435e-14,4.399878215e-14,1.081136064e-13,9.913436299e-14,4.162362101e-14,2.955032784e-14,2.057055984e-13,2.242950229e-13,2.646311105e-13,6.357176836e-14,3.133422851e-13,2.498084682e-14
114.25,4.645862484e-13,2.599946648e-13,5.14221865e-13,2.304529047e-13,1.803638001e-13,1.548850053e-13,5.874864313e-14,1.212517882e-13,4.123410715e-14,1.202497695e-13,2.916463915e-13,1.060913884e-13,1.109944699e-13,2.251480555e-13,3.535994372e-13,3.360125634e-13,3.47515825e-13,2.04528619e-13,8.975892755e-14,1.503144181e-13,6.373961446e-14,4.392058334e-14,1.07291392e-13,9.802015979e-14,4.222259645e-14,2.949497349e-14,2.019623738e-13,2.228607747e-13,2.602414904e-13,6.34402586e-14,3.108430476e-13,2.431224203e-14
114.2578125,4.618938007e-13,2.579447929e-13,5.054689221e-13,2.277148387e-13,1.828593972e-13,1.549861128e-13,5.863695571e-14,1.200184728e-13,4.104997716e-14,1.219836389e-13,2.868889925e-13,1.056616967e-13,1.111489028e-13,2.247932029e-13,3.539474392e-13,3.365683875e-13,3.467007107e-13,2.070072537e-13,8.950690114e-14,1.501692975e-13,6.292032703e-14,4.381076094e-14,1.064221746e-13,9.696056143e-14,4.282435676e-14,2.949825037e-14,1.982391531e-13,2.215060563e-13,2.55900769e-13,6.328396712e-14,3.081352677e-13,2.367142648e-14
114.265625,4.591836171e-13,2.558057816e-13,4.969006993e-13,2.249380985e-13,1.853421223e-13,1.550456829e-13,5.852447011e-14,1.18741409e-13,4.086285578e-14,1.23729315e-13,2.822206968e-13,1.052251275e-13,1.1126367e-13,2.244385637e-13,3.541912046e-13,3.37066306e-13,3.457865931e-13,2.094889884e-13,8.92544433e-14,1.500284563e-13,6.213248329e-14,4.369985287e-14,1.055162933e-13,9.585297669e-14,4.341817297e-14,2.954932553e-14,1.945503927e-13,2.201487861e-13,2.517405929e-13,6.314206514e-14,3.05516741e-13,2.305362394e-14
114.2734375,4.560566208e-13,2.534651069e-13,4.88381772e-13,2.22265885e-13,1.878691734e-13,1.54979817e-13,5.840958059e-14,1.175114898e-13,4.068246832e-14,1.254428836e-13,2.775188056e-13,1.047723957e-13,1.114625135e-13,2.24041212e-13,3.543123128e-13,3.373585202e-13,3.444973599e-13,2.119971856e-13,8.898043579e-14,1.499836694e-13,6.13779882e-14,4.356658244e-14,1.046331975e-13,9.475469826e-14,4.401769111e-14,2.962529102e-14,1.907991413e-13,2.186263459e-13,2.477785632e-13,6.300994335e-14,3.030304662e-13,2.24317775e-14
114.28125,4.525709417e-13,2.51062656e-13,4.796652317e-13,2.197822674e-13,1.903800335e-13,1.548405782e-13,5.828109688e-14,1.162700605e-13,4.04826946e-14,1.270615225e-13,2.72706789e-13,1.042715207e-13,1.116565539e-13,2.234994858e-13,3.543301143e-13,3.375379119e-13,3.429683543e-13,2.144580524e-13,8.867428175e-14,1.500233661e-13,6.06318076e-14,4.340144397e-14,1.03803202e-13,9.364956621e-14,4.461586073e-14,2.97108886e-14,1.869644442e-13,2.169500899e-13,2.438217342e-13,6.285203447e-14,3.003759887e-13,2.181720815e-14
114.2890625,4.491538346e-13,2.487443201e-13,4.710288783e-13,2.172976171e-13,1.928409704e-13,1.547270225e-13,5.812055787e-14,1.14886656e-13,4.026262673e-14,1.285769859e-13,2.678312198e-13,1.037322694e-13,1.117521776e-13,2.229076452e-13,3.542153725e-13,3.376173292e-13,3.413391558e-13,2.168317904e-13,8.838658297e-14,1.500655291e-13,5.989127692e-14,4.323740945e-14,1.029800085e-13,9.24544499e-14,4.519755477e-14,2.981229092e-14,1.830908964e-13,2.152686371e-13,2.397958112e-13,6.267230009e-14,2.974884383e-13,2.123005252e-14
114.296875,4.458915061e-13,2.465871594e-13,4.625657173e-13,2.147899668e-13,1.95233171e-13,1.546108509e-13,5.795894742e-14,1.134546405e-13,4.003791675e-14,1.300783184e-13,2.628782438e-13,1.031631385e-13,1.118640284e-13,2.2229076e-13,3.540483927e-13,3.376436083e-13,3.396146104e-13,2.192236864e-13,8.811879409e-14,1.501312498e-13,5.918123232e-14,4.306415192e-14,1.021414693e-13,9.132518062e-14,4.578999834e-14,2.994496972e-14,1.792007002e-13,2.136600383e-13,2.3584725e-13,6.249017262e-14,2.945475443e-13,2.066335559e-14
114.3046875,4.426580693e-13,2.444795376e-13,4.540789411e-13,2.124081324e-13,1.975665412e-13,1.544568673e-13,5.783709261e-14,1.120782543e-13,3.978459558e-14,1.315783804e-13,2.57896363e-13,1.025244509e-13,1.120606265e-13,2.216071444e-13,3.539307113e-13,3.377528425e-13,3.378883369e-13,2.216753764e-13,8.781225919e-14,1.502700315e-13,5.849200052e-14,4.285859029e-14,1.013199263e-13,9.037530768e-14,4.642370666e-14,3.010898003e-14,1.753712414e-13,2.120025897e-13,2.321035679e-13,6.228940652e-14,2.916050613e-13,2.012048733e-14
114.3125,4.394809969e-13,2.422982382e-13,4.456892595e-13,2.100370037e-13,2.000065251e-13,1.542526984e-13,5.772239061e-14,1.106659299e-13,3.950688659e-14,1.329618854e-13,2.529974636e-13,1.018122458e-13,1.122885829e-13,2.209739662e-13,3.537876999e-13,3.378903581e-13,3.361387448e-13,2.241931439e-13,8.750540884e-14,1.505339058e-13,5.779129795e-14,4.266026221e-14,1.005092734e-13,8.94150025e-14,4.708502121e-14,3.029979588e-14,1.716355558e-13,2.101935731e-13,2.285396985e-13,6.207132606e-14,2.886826332e-13,1.961249113e-14
114.3203125,4.361826098e-13,2.400822264e-13,4.373536401e-13,2.075453701e-13,2.024816068e-13,1.539400071e-13,5.758950338e-14,1.091589643e-13,3.923451295e-14,1.342190466e-13,2.480789004e-13,1.010581971e-13,1.125058091e-13,2.203608994e-13,3.535831854e-13,3.379346433e-13,3.341574974e-13,2.267901793e-13,8.724983788e-14,1.508353935e-13,5.708865738e-14,4.24807629e-14,9.967150914e-14,8.83295662e-14,4.774737062e-14,3.051510666e-14,1.67911314e-13,2.08295515e-13,2.250310379e-13,6.186038004e-14,2.858188601e-13,1.913126516e-14
114.328125,4.326833061e-13,2.378992012e-13,4.287985508e-13,2.050786324e-13,2.047664648e-13,1.535867949e-13,5.74856448e-14,1.076099645e-13,3.893453261e-14,1.354370498e-13,2.430247775e-13,1.002389184e-13,1.127024366e-13,2.196609519e-13,3.535140215e-13,3.380006531e-13,3.320090181e-13,2.294684736e-13,8.70252334e-14,1.509805194e-13,5.639228736e-14,4.228114793e-14,9.88071635e-14,8.722092115e-14,4.841403164e-14,3.07532595e-14,1.642116967e-13,2.063440095e-13,2.21530928e-13,6.164013517e-14,2.829087625e-13,1.867300465e-14
114.3359375,4.294640268e-13,2.35834102e-13,4.202795131e-13,2.02730902e-13,2.071753695e-13,1.532998479e-13,5.741911507e-14,1.060576283e-13,3.859670806e-14,1.366237259e-13,2.37980086e-13,9.935123391e-14,1.129222608e-13,2.19031027e-13,3.536101944e-13,3.381714379e-13,3.299319278e-13,2.323358577e-13,8.686692605e-14,1.511080947e-13,5.568831146e-14,4.207344912e-14,9.793691092e-14,8.614923823e-14,4.911150079e-14,3.103791117e-14,1.605905691e-13,2.043544991e-13,2.181131096e-13,6.140030507e-14,2.798418543e-13,1.824119101e-14
114.34375,4.266381047e-13,2.339106367e-13,4.120290282e-13,2.004575847e-13,2.099696266e-13,1.529327015e-13,5.733811102e-14,1.045198466e-13,3.826726355e-14,1.377521723e-13,2.330081747e-13,9.844978531e-14,1.131758829e-13,2.18466072e-13,3.535924073e-13,3.383033988e-13,3.278334624e-13,2.353551989e-13,8.679094297e-14,1.514659364e-13,5.499934178e-14,4.186750527e-14,9.706611877e-14,8.511975006e-14,4.984233e-14,3.138371661e-14,1.569592988e-13,2.023873601e-13,2.147908268e-13,6.116650242e-14,2.766559913e-13,1.781981111e-14
114.3515625,4.237071364e-13,2.319875935e-13,4.037135368e-13,1.982848443e-13,2.126651109e-13,1.523899233e-13,5.723394777e-14,1.029810068e-13,3.792418587e-14,1.387977893e-13,2.279748608e-13,9.752039624e-14,1.13360561e-13,2.177449455e-13,3.534384705e-13,3.384120629e-13,3.255948793e-13,2.382460495e-13,8.669822052e-14,1.518727139e-13,5.433534233e-14,4.162268414e-14,9.619530321e-14,8.413734994e-14,5.05772324e-14,3.173658889e-14,1.532966392e-13,2.003897319e-13,2.115636773e-13,6.092019375e-14,2.734690366e-13,1.739230997e-14
114.359375,4.206424258e-13,2.300559397e-13,3.953297974e-13,1.961847166e-13,2.149988126e-13,1.518696732e-13,5.711852001e-14,1.014187667e-13,3.754161327e-14,1.397406264e-13,2.229054474e-13,9.651992079e-14,1.134704838e-13,2.169652556e-13,3.533954126e-13,3.38687516e-13,3.23383365e-13,2.410285222e-13,8.655269827e-14,1.521607663e-13,5.366423065e-14,4.135332704e-14,9.533156486e-14,8.31670136e-14,5.130627191e-14,3.205882293e-14,1.497151821e-13,1.983097709e-13,2.085037429e-13,6.063528581e-14,2.703756752e-13,1.696904475e-14
114.3671875,4.177155819e-13,2.28229986e-13,3.872199479e-13,1.940426931e-13,2.173431268e-13,1.514180344e-13,5.698358567e-14,9.987780998e-14,3.717461502e-14,1.406165933e-13,2.179193621e-13,9.547993405e-14,1.136614233e-13,2.162865548e-13,3.534470696e-13,3.390570147e-13,3.211730047e-13,2.439986869e-13,8.642814222e-14,1.525037245e-13,5.30055527e-14,4.110437033e-14,9.447833032e-14,8.221054689e-14,5.204734442e-14,3.241225815e-14,1.46238584e-13,1.96218889e-13,2.055435918e-13,6.034850202e-14,2.673523102e-13,1.656742415e-14
114.375,4.148547339e-13,2.264203712e-13,3.792341511e-13,1.919459514e-13,2.199069918e-13,1.509092491e-13,5.686756442e-14,9.835653339e-14,3.682647546e-14,1.414365659e-13,2.129684724e-13,9.441729709e-14,1.140190479e-13,2.156955833e-13,3.535232882e-13,3.393356252e-13,3.187844422e-13,2.472577082e-13,8.639557888e-14,1.529373806e-13,5.238872296e-14,4.086692721e-14,9.361524708e-14,8.130749628e-14,5.28273715e-14,3.283782992e-14,1.428675585e-13,1.940995758e-13,2.026027951e-13,6.006169023e-14,2.643431084e-13,1.618741895e-14
114.3828125,4.120758743e-13,2.245861495e-13,3.711682515e-13,1.900815264e-13,2.225972077e-13,1.504263099e-13,5.681991278e-14,9.676508247e-14,3.643800019e-14,1.421854746e-13,2.079882459e-13,9.329837368e-14,1.144927272e-13,2.152699317e-13,3.537637793e-13,3.395898781e-13,3.163542223e-13,2.507908522e-13,8.64837542e-14,1.533650519e-13,5.17716459e-14,4.063635154e-14,9.272348867e-14,8.04306599e-14,5.368070312e-14,3.32842217e-14,1.396203795e-13,1.919261732e-13,1.99853703e-13,5.972572754e-14,2.613684649e-13,1.582045579e-14
114.390625,4.094480438e-13,2.228702358e-13,3.632259942e-13,1.883487349e-13,2.252048529e-13,1.49988164e-13,5.680222285e-14,9.511486005e-14,3.60049539e-14,1.428903963e-13,2.030543427e-13,9.21156909e-14,1.14961705e-13,2.148951517e-13,3.541027533e-13,3.399047936e-13,3.139763252e-13,2.544945919e-13,8.662199182e-14,1.537641431e-13,5.114559969e-14,4.041102859e-14,9.183076156e-14,7.954030646e-14,5.459591533e-14,3.373200431e-14,1.363987856e-13,1.89774598e-13,1.973495958e-13,5.936194206e-14,2.583884723e-13,1.546590798e-14
114.3984375,4.068324842e-13,2.212087753e-13,3.554788219e-13,1.864851745e-13,2.276017754e-13,1.494010438e-13,5.676167596e-14,9.349784885e-14,3.55537914e-14,1.434940615e-13,1.982647263e-13,9.088872877e-14,1.153344393e-13,2.14342462e-13,3.543237558e-13,3.402286041e-13,3.114957786e-13,2.582265876e-13,8.672644935e-14,1.540485864e-13,5.055947524e-14,4.015897882e-14,9.096445556e-14,7.866305004e-14,5.551263352e-14,3.422328847e-14,1.332011942e-13,1.875629409e-13,1.948905499e-13,5.902176677e-14,2.553774803e-13,1.512716148e-14
114.40625,4.042902472e-13,2.19456758e-13,3.478582885e-13,1.844520432e-13,2.30103898e-13,1.486909359e-13,5.671146698e-14,9.191022143e-14,3.511303888e-14,1.439414026e-13,1.93593537e-13,8.965614349e-14,1.156902858e-13,2.138361759e-13,3.544738383e-13,3.405837735e-13,3.089434088e-13,2.621088277e-13,8.684482979e-14,1.543204014e-13,5.00106649e-14,3.988917655e-14,9.01035493e-14,7.78481708e-14,5.642379558e-14,3.476214509e-14,1.30185537e-13,1.85205869e-13,1.924982277e-13,5.869609748e-14,2.524755268e-13,1.479937011e-14
114.4140625,4.018600996e-13,2.17682709e-13,3.404326437e-13,1.823954904e-13,2.328887988e-13,1.479856728e-13,5.665323187e-14,9.032419079e-14,3.471483365e-14,1.44356361e-13,1.889016098e-13,8.845270157e-14,1.161352348e-13,2.135323042e-13,3.546311353e-13,3.409748594e-13,3.06347848e-13,2.661629297e-13,8.70058905e-14,1.547930425e-13,4.947987111e-14,3.96237066e-14,8.923970756e-14,7.710905373e-14,5.735826002e-14,3.532396534e-14,1.272903041e-13,1.828412235e-13,1.902935338e-13,5.837147538e-14,2.496893711e-13,1.447231555e-14
114.421875,3.993361298e-13,2.158651254e-13,3.330777339e-13,1.804459035e-13,2.355983138e-13,1.472150333e-13,5.656761282e-14,8.877907834e-14,3.43392801e-14,1.447512949e-13,1.841306154e-13,8.7245416e-14,1.166044377e-13,2.131732194e-13,3.54773205e-13,3.413068441e-13,3.035560792e-13,2.701713139e-13,8.715377154e-14,1.552528817e-13,4.897547104e-14,3.933900613e-14,8.839150981e-14,7.640397995e-14,5.830549704e-14,3.590448247e-14,1.243484333e-13,1.804369574e-13,1.881221279e-13,5.804427784e-14,2.468532932e-13,1.414082245e-14
114.4296875,3.968155477e-13,2.139071621e-13,3.255946745e-13,1.786703245e-13,2.382149273e-13,1.46411188e-13,5.649384648e-14,8.728907234e-14,3.395391993e-14,1.449807397e-13,1.793790632e-13,8.599513573e-14,1.170397642e-13,2.128100394e-13,3.550455894e-13,3.416779773e-13,3.00729558e-13,2.743201039e-13,8.731801842e-14,1.555729014e-13,4.846855128e-14,3.904260911e-14,8.754701012e-14,7.571459883e-14,5.928242343e-14,3.650262599e-14,1.214637183e-13,1.778548145e-13,1.859136967e-13,5.769263705e-14,2.440079786e-13,1.380617027e-14
114.4375,3.944064288e-13,2.120828352e-13,3.181401461e-13,1.770376918e-13,2.40942885e-13,1.456949952e-13,5.647242452e-14,8.581556151e-14,3.35747524e-14,1.451259959e-13,1.74716112e-13,8.473862397e-14,1.174742429e-13,2.126131197e-13,3.555616007e-13,3.422944627e-13,2.981224912e-13,2.78825535e-13,8.754858153e-14,1.561087104e-13,4.792950521e-14,3.876013181e-14,8.669256285e-14,7.50881242e-14,6.03269683e-14,3.712978298e-14,1.187599929e-13,1.753314529e-13,1.83866847e-13,5.73333077e-14,2.412720422e-13,1.347219245e-14
114.4453125,3.919470434e-13,2.106644425e-13,3.108987145e-13,1.754762764e-13,2.435384037e-13,1.449813062e-13,5.647380448e-14,8.432229815e-14,3.320636978e-14,1.452954681e-13,1.701408678e-13,8.35153779e-14,1.179116792e-13,2.124131437e-13,3.561638873e-13,3.430680412e-13,2.955845092e-13,2.834083944e-13,8.783367419e-14,1.56818179e-13,4.739706348e-14,3.847582366e-14,8.584434798e-14,7.449290457e-14,6.140075923e-14,3.780046941e-14,1.161675533e-13,1.730664169e-13,1.820093827e-13,5.700542853e-14,2.386228559e-13,1.314424068e-14
114.453125,3.897073418e-13,2.09305369e-13,3.038596737e-13,1.739308736e-13,2.460596576e-13,1.442330406e-13,5.647314512e-14,8.279453736e-14,3.284180116e-14,1.453264555e-13,1.656987715e-13,8.231127283e-14,1.184124998e-13,2.122969867e-13,3.566896111e-13,3.437549871e-13,2.92993069e-13,2.88067674e-13,8.819866104e-14,1.572947651e-13,4.691500704e-14,3.82046996e-14,8.50052511e-14,7.384687704e-14,6.246663373e-14,3.848859439e-14,1.136622581e-13,1.708006468e-13,1.801821619e-13,5.669866188e-14,2.361203452e-13,1.282848082e-14
114.4609375,3.879074514e-13,2.076492313e-13,2.970587353e-13,1.723077927e-13,2.488605866e-13,1.435197172e-13,5.647722201e-14,8.125440697e-14,3.249599695e-14,1.451557673e-13,1.613904025e-13,8.108518083e-14,1.190325457e-13,2.1243927e-13,3.571053859e-13,3.443051461e-13,2.903695726e-13,2.930178476e-13,8.860944311e-14,1.576523685e-13,4.647709514e-14,3.796072615e-14,8.417106464e-14,7.321832324e-14,6.354992729e-14,3.917341659e-14,1.112600382e-13,1.683409757e-13,1.784030193e-13,5.63935016e-14,2.338035044e-13,1.252598046e-14
114.46875,3.86028315e-13,2.059571706e-13,2.903926649e-13,1.706387631e-13,2.516392002e-13,1.427311677e-13,5.647083999e-14,7.972951843e-14,3.214110648e-14,1.44911789e-13,1.571100617e-13,7.978192276e-14,1.1964539e-13,2.125306043e-13,3.574463959e-13,3.448029909e-13,2.875641828e-13,2.979450047e-13,8.894873766e-14,1.581428377e-13,4.605172514e-14,3.768226069e-14,8.334472174e-14,7.26735584e-14,6.464661849e-14,3.986988554e-14,1.089032701e-13,1.657906923e-13,1.767663546e-13,5.608105338e-14,2.314763285e-13,1.223020053e-14
114.4765625,3.839380287e-13,2.043740427e-13,2.836579747e-13,1.691204114e-13,2.541371159e-13,1.418319039e-13,5.644657997e-14,7.821192964e-14,3.174314625e-14,1.445726893e-13,1.528391455e-13,7.839545555e-14,1.202313425e-13,2.125217285e-13,3.578152742e-13,3.453096424e-13,2.846466379e-13,3.027255111e-13,8.925553936e-14,1.586273209e-13,4.561123077e-14,3.736369287e-14,8.250253938e-14,7.213825025e-14,6.574779495e-14,4.057135443e-14,1.065865747e-13,1.631868265e-13,1.752391768e-13,5.573571957e-14,2.290849806e-13,1.193605945e-14
114.484375,3.820917068e-13,2.02655776e-13,2.770294548e-13,1.676925811e-13,2.566857222e-13,1.409769403e-13,5.641796959e-14,7.670948474e-14,3.13570054e-14,1.440695419e-13,1.486612641e-13,7.700934876e-14,1.209707536e-13,2.127495091e-13,3.582139583e-13,3.458250028e-13,2.818824181e-13,3.077264284e-13,8.964803428e-14,1.589966581e-13,4.515812681e-14,3.707585512e-14,8.16385361e-14,7.165904216e-14,6.688712402e-14,4.128169257e-14,1.043395203e-13,1.605086134e-13,1.738397437e-13,5.537076227e-14,2.26846216e-13,1.16462804e-14
114.4921875,3.803547739e-13,2.009482972e-13,2.706768717e-13,1.661403481e-13,2.59275345e-13,1.40097815e-13,5.636641293e-14,7.525842791e-14,3.102720778e-14,1.434623604e-13,1.445362348e-13,7.567565755e-14,1.21784083e-13,2.130485062e-13,3.585264716e-13,3.46298305e-13,2.791220873e-13,3.128635526e-13,9.008893745e-14,1.593578146e-13,4.472538298e-14,3.68012937e-14,8.081223291e-14,7.134522319e-14,6.805302881e-14,4.20524408e-14,1.021630418e-13,1.578195766e-13,1.726132219e-13,5.502992681e-14,2.247857657e-13,1.136940361e-14
114.5,3.784611856e-13,1.995023348e-13,2.643558906e-13,1.646232205e-13,2.616609934e-13,1.390780069e-13,5.628029124e-14,7.386318499e-14,3.071530098e-14,1.427808075e-13,1.403761635e-13,7.436007167e-14,1.224521097e-13,2.131764107e-13,3.587948587e-13,3.467342347e-13,2.762035867e-13,3.178720952e-13,9.05246716e-14,1.598792113e-13,4.432749105e-14,3.649330468e-14,8.005696776e-14,7.107343575e-14,6.921281382e-14,4.289090398e-14,1.001214988e-13,1.551604025e-13,1.714090184e-13,5.470285495e-14,2.22762497e-13,1.111677556e-14
114.5078125,3.766851652e-13,1.980641797e-13,2.58104146e-13,1.633330752e-13,2.639216512e-13,1.38113648e-13,5.619393572e-14,7.250709597e-14,3.040998603e-14,1.42022257e-13,1.363074768e-13,7.306899896e-14,1.231009232e-13,2.133596801e-13,3.591381743e-13,3.47218736e-13,2.733770823e-13,3.229529983e-13,9.09993283e-14,1.60567546e-13,4.393400068e-14,3.61949912e-14,7.932102686e-14,7.074371248e-14,7.039286699e-14,4.375366533e-14,9.825839331e-14,1.525447877e-13,1.701890629e-13,5.437057219e-14,2.209016547e-13,1.088542931e-14
114.515625,3.750505807e-13,1.964911715e-13,2.523072459e-13,1.620633806e-13,2.660335611e-13,1.372964186e-13,5.611700863e-14,7.117350437e-14,3.012880205e-14,1.412302622e-13,1.3250542e-13,7.184351286e-14,1.238906525e-13,2.136299681e-13,3.595091569e-13,3.47802962e-13,2.706992502e-13,3.281966748e-13,9.15043844e-14,1.610969149e-13,4.352471732e-14,3.592216504e-14,7.855598442e-14,7.047249134e-14,7.160408182e-14,4.463115616e-14,9.650792699e-14,1.499677621e-13,1.691936932e-13,5.405385349e-14,2.193908138e-13,1.064950056e-14
114.5234375,3.732981067e-13,1.949060913e-13,2.468542007e-13,1.606892988e-13,2.680220589e-13,1.364063448e-13,5.603201682e-14,6.983710668e-14,2.984057955e-14,1.403965435e-13,1.289009409e-13,7.062853328e-14,1.246907095e-13,2.138509132e-13,3.598414332e-13,3.484646062e-13,2.679517609e-13,3.334419597e-13,9.197813265e-14,1.613864239e-13,4.313140904e-14,3.562344356e-14,7.777791454e-14,7.027843748e-14,7.282455921e-14,4.552490008e-14,9.484398195e-14,1.473416097e-13,1.684122711e-13,5.375324128e-14,2.180510581e-13,1.039394943e-14
114.53125,3.714890324e-13,1.932915161e-13,2.413659373e-13,1.59345699e-13,2.701715792e-13,1.353647455e-13,5.594865948e-14,6.850857713e-14,2.953614425e-14,1.394756261e-13,1.253630627e-13,6.935753616e-14,1.25443849e-13,2.141504248e-13,3.601287422e-13,3.491143315e-13,2.651386925e-13,3.387387254e-13,9.243777333e-14,1.618449428e-13,4.276416313e-14,3.530323207e-14,7.702488707e-14,7.008938729e-14,7.407226386e-14,4.643544257e-14,9.328742183e-14,1.446458537e-13,1.676427396e-13,5.345403251e-14,2.166439091e-13,1.01351902e-14
114.5390625,3.697288214e-13,1.917892324e-13,2.358816956e-13,1.580706577e-13,2.723437146e-13,1.343225691e-13,5.586493864e-14,6.722246987e-14,2.92548152e-14,1.384740004e-13,1.219126787e-13,6.807396846e-14,1.262432999e-13,2.144918422e-13,3.603250527e-13,3.496665362e-13,2.62367256e-13,3.441687446e-13,9.295097045e-14,1.624716301e-13,4.238021598e-14,3.500165838e-14,7.630960768e-14,6.994066685e-14,7.536229685e-14,4.73925501e-14,9.181505524e-14,1.420047404e-13,1.670075047e-13,5.315423705e-14,2.152656142e-13,9.891792377e-15
114.546875,3.680320582e-13,1.904506843e-13,2.305624706e-13,1.568812408e-13,2.742297768e-13,1.333598353e-13,5.576235406e-14,6.596595111e-14,2.899086922e-14,1.374028088e-13,1.185459001e-13,6.681415235e-14,1.270890943e-13,2.147326466e-13,3.604904654e-13,3.501933494e-13,2.596536903e-13,3.497149371e-13,9.352488125e-14,1.628360602e-13,4.198887697e-14,3.470876964e-14,7.561473825e-14,6.982531871e-14,7.667569507e-14,4.839591751e-14,9.04463155e-14,1.394407863e-13,1.665686684e-13,5.284109149e-14,2.140421512e-13,9.665549956e-15
114.5546875,3.664514529e-13,1.889407321e-13,2.253860031e-13,1.558017142e-13,2.759876407e-13,1.324291169e-13,5.566853269e-14,6.472568934e-14,2.871884698e-14,1.362698852e-13,1.151759442e-13,6.556644395e-14,1.279844242e-13,2.150438214e-13,3.607852608e-13,3.508097373e-13,2.569877044e-13,3.553862491e-13,9.410390291e-14,1.62961425e-13,4.164615896e-14,3.440419289e-14,7.49192504e-14,6.971298686e-14,7.801016198e-14,4.941564979e-14,8.923982318e-14,1.368309184e-13,1.66103377e-13,5.252422597e-14,2.129299223e-13,9.448088866e-15
114.5625,3.648965565e-13,1.874108523e-13,2.203414835e-13,1.547044848e-13,2.777146492e-13,1.314769026e-13,5.561387531e-14,6.352738958e-14,2.845581062e-14,1.351117626e-13,1.118218829e-13,6.437547959e-14,1.289426402e-13,2.154990994e-13,3.612138054e-13,3.514969621e-13,2.543165285e-13,3.611169143e-13,9.467327836e-14,1.631180963e-13,4.134756308e-14,3.409840215e-14,7.423142235e-14,6.967761009e-14,7.937497166e-14,5.046749435e-14,8.817898305e-14,1.341731402e-13,1.656865612e-13,5.223200181e-14,2.119827598e-13,9.228422007e-15
114.5703125,3.633459463e-13,1.862501011e-13,2.154443677e-13,1.536195509e-13,2.793361016e-13,1.305402793e-13,5.55675685e-14,6.236202378e-14,2.821430433e-14,1.339114796e-13,1.085753035e-13,6.325542575e-14,1.298876429e-13,2.15992249e-13,3.617276922e-13,3.522956509e-13,2.516942481e-13,3.669281553e-13,9.529098553e-14,1.633719627e-13,4.106678098e-14,3.381001795e-14,7.358532335e-14,6.970632704e-14,8.078276265e-14,5.157050214e-14,8.720423297e-14,1.315805204e-13,1.655265488e-13,5.194219416e-14,2.11251681e-13,9.008355973e-15
114.578125,3.618865768e-13,1.851130141e-13,2.106983705e-13,1.527180199e-13,2.809414068e-13,1.296713098e-13,5.549426032e-14,6.119653671e-14,2.799136719e-14,1.325770333e-13,1.054337998e-13,6.211982835e-14,1.308402538e-13,2.16554551e-13,3.623259889e-13,3.53287698e-13,2.492242064e-13,3.729385487e-13,9.596483786e-14,1.637515851e-13,4.079595452e-14,3.354379516e-14,7.299192832e-14,6.97197457e-14,8.224273465e-14,5.271169426e-14,8.627939419e-14,1.290203856e-13,1.65492503e-13,5.162659032e-14,2.105666411e-13,8.798623843e-15
114.5859375,3.60367162e-13,1.838134604e-13,2.061174138e-13,1.518065958e-13,2.823961015e-13,1.287842454e-13,5.54055349e-14,6.004654446e-14,2.779937161e-14,1.310775489e-13,1.023519905e-13,6.096004841e-14,1.318890065e-13,2.171110557e-13,3.628393392e-13,3.542867374e-13,2.467363413e-13,3.789617138e-13,9.662351858e-14,1.64127537e-13,4.050357831e-14,3.328312574e-14,7.241554843e-14,6.977503488e-14,8.371525781e-14,5.389308087e-14,8.542975684e-14,1.263643234e-13,1.655141882e-13,5.129814074e-14,2.099005776e-13,8.595327154e-15
114.59375,3.588305562e-13,1.827595678e-13,2.016545854e-13,1.506872205e-13,2.8358816e-13,1.278110855e-13,5.532419619e-14,5.894946968e-14,2.764517278e-14,1.294986937e-13,9.936061502e-14,5.98755228e-14,1.329968748e-13,2.176186551e-13,3.631467727e-13,3.551328599e-13,2.441254201e-13,3.848738355e-13,9.727735278e-14,1.642951546e-13,4.019304534e-14,3.301813295e-14,7.182902872e-14,6.99153553e-14,8.517585653e-14,5.511496619e-14,8.474224341e-14,1.236691392e-13,1.657371096e-13,5.096695925e-14,2.095343634e-13,8.392010845e-15
114.6015625,3.576117783e-13,1.818769096e-13,1.972731801e-13,1.496908782e-13,2.848830833e-13,1.268767048e-13,5.524650547e-14,5.790939167e-14,2.751655468e-14,1.279285412e-13,9.650580701e-14,5.889022013e-14,1.34155525e-13,2.183156266e-13,3.634838038e-13,3.560463285e-13,2.416720495e-13,3.910359437e-13,9.802025437e-14,1.643524359e-13,3.990752318e-14,3.276558111e-14,7.125806301e-14,7.007566386e-14,8.66801805e-14,5.637453529e-14,8.421913912e-14,1.211380763e-13,1.661651986e-13,5.066294071e-14,2.095549534e-13,8.196412516e-15
114.609375,3.565212349e-13,1.808889355e-13,1.929963313e-13,1.490313358e-13,2.862969741e-13,1.260613291e-13,5.51544428e-14,5.689026673e-14,2.739221857e-14,1.263554519e-13,9.373984798e-14,5.794072947e-14,1.354018384e-13,2.191525351e-13,3.63977252e-13,3.571319742e-13,2.394615819e-13,3.975148502e-13,9.883548377e-14,1.643718863e-13,3.963208398e-14,3.25297608e-14,7.072568225e-14,7.024792033e-14,8.824236444e-14,5.768008246e-14,8.376284524e-14,1.188003789e-13,1.667200768e-13,5.041895664e-14,2.097045919e-13,8.008155986e-15
114.6171875,3.551807442e-13,1.798992615e-13,1.887961229e-13,1.483789738e-13,2.874173751e-13,1.252543038e-13,5.504844537e-14,5.587405895e-14,2.726136455e-14,1.247086306e-13,9.09928811e-14,5.698233164e-14,1.366520091e-13,2.19844718e-13,3.643706604e-13,3.581247104e-13,2.37207564e-13,4.038619418e-13,9.961726517e-14,1.642558479e-13,3.935953165e-14,3.229446076e-14,7.021074974e-14,7.04916167e-14,8.97976718e-14,5.898865674e-14,8.337467443e-14,1.164449129e-13,1.673563279e-13,5.018367156e-14,2.098292081e-13,7.815202063e-15
114.625,3.537462323e-13,1.788120317e-13,1.846520274e-13,1.475738996e-13,2.883662272e-13,1.24379725e-13,5.49375398e-14,5.491952478e-14,2.714105015e-14,1.229779591e-13,8.828560748e-14,5.601196329e-14,1.378743767e-13,2.204599547e-13,3.645766055e-13,3.589509287e-13,2.348298339e-13,4.10047427e-13,1.003568093e-13,1.641478606e-13,3.913443282e-14,3.20533728e-14,6.970395933e-14,7.084057495e-14,9.133367238e-14,6.026922375e-14,8.311255178e-14,1.139268295e-13,1.680409265e-13,4.991488872e-14,2.100027946e-13,7.616477391e-15
114.6328125,3.523323599e-13,1.776147806e-13,1.806004055e-13,1.468738846e-13,2.893895793e-13,1.23496549e-13,5.481406756e-14,5.406159058e-14,2.703483768e-14,1.212136565e-13,8.566331624e-14,5.506556556e-14,1.3914484e-13,2.210792792e-13,3.648417716e-13,3.598582357e-13,2.325023404e-13,4.163988756e-13,1.01122249e-13,1.641720091e-13,3.892550856e-14,3.180393223e-14,6.922674769e-14,7.122378479e-14,9.288707932e-14,6.160561719e-14,8.294207566e-14,1.113746973e-13,1.688229751e-13,4.966115838e-14,2.102756878e-13,7.419287093e-15
114.640625,3.508959375e-13,1.767123193e-13,1.766391445e-13,1.463668374e-13,2.902719134e-13,1.226467934e-13,5.468025941e-14,5.323107909e-14,2.693140055e-14,1.193960623e-13,8.31425165e-14,5.418964926e-14,1.404536352e-13,2.216592549e-13,3.65250814e-13,3.60963408e-13,2.303554649e-13,4.228965897e-13,1.019462051e-13,1.641386138e-13,3.866747258e-14,3.155587196e-14,6.877543752e-14,7.151389895e-14,9.446839585e-14,6.304822802e-14,8.286987431e-14,1.089519083e-13,1.697375162e-13,4.942827405e-14,2.107034338e-13,7.229359921e-15
114.6484375,3.496525785e-13,1.760428127e-13,1.728185133e-13,1.4589248e-13,2.909233738e-13,1.217954241e-13,5.455225694e-14,5.239254661e-14,2.685227122e-14,1.174725445e-13,8.076754413e-14,5.339156658e-14,1.417762643e-13,2.22333825e-13,3.656145286e-13,3.621693495e-13,2.284618279e-13,4.294174796e-13,1.028104205e-13,1.639513842e-13,3.838511794e-14,3.13301789e-14,6.8328343e-14,7.177194747e-14,9.607839747e-14,6.4536643e-14,8.297853624e-14,1.065854912e-13,1.708247973e-13,4.917972078e-14,2.114118987e-13,7.04983606e-15
114.65625,3.485393039e-13,1.752154779e-13,1.692343249e-13,1.454159e-13,2.914334612e-13,1.209497432e-13,5.441968105e-14,5.158404083e-14,2.679450403e-14,1.155075295e-13,7.854684042e-14,5.264852089e-14,1.431213386e-13,2.230423129e-13,3.658348735e-13,3.633747805e-13,2.267543844e-13,4.359612114e-13,1.036577324e-13,1.636622578e-13,3.811052119e-14,3.1110295e-14,6.789304494e-14,7.213868967e-14,9.770134562e-14,6.605888175e-14,8.323626628e-14,1.041792436e-13,1.721915297e-13,4.895068448e-14,2.123520043e-13,6.876323673e-15
114.6640625,3.472817924e-13,1.743408764e-13,1.657624463e-13,1.450085148e-13,2.918558737e-13,1.20172018e-13,5.427150616e-14,5.080496142e-14,2.672715018e-14,1.135624735e-13,7.639007977e-14,5.193300315e-14,1.44479291e-13,2.236515767e-13,3.660515141e-13,3.645589017e-13,2.250408379e-13,4.424581379e-13,1.044775623e-13,1.63284835e-13,3.783256911e-14,3.087623954e-14,6.748307953e-14,7.252102371e-14,9.931940076e-14,6.76308624e-14,8.354223043e-14,1.018433873e-13,1.736882413e-13,4.875301e-14,2.133460819e-13,6.704332777e-15
114.671875,3.460836429e-13,1.73559144e-13,1.621778481e-13,1.446457876e-13,2.92436377e-13,1.194048086e-13,5.41272723e-14,5.005644333e-14,2.668331819e-14,1.11556412e-13,7.423687385e-14,5.121509614e-14,1.459245705e-13,2.244144558e-13,3.663413481e-13,3.657150573e-13,2.2324715e-13,4.489267487e-13,1.053361699e-13,1.629061625e-13,3.755908227e-14,3.065254222e-14,6.70879483e-14,7.284223675e-14,1.009562133e-13,6.918873398e-14,8.388606697e-14,9.960619608e-14,1.750230469e-13,4.852803259e-14,2.144117336e-13,6.537068568e-15
114.6796875,3.449892875e-13,1.727225605e-13,1.585562073e-13,1.442717972e-13,2.931161592e-13,1.185635205e-13,5.399080707e-14,4.936031332e-14,2.667372503e-14,1.094784939e-13,7.213676358e-14,5.049164646e-14,1.47455405e-13,2.252801608e-13,3.665072892e-13,3.667311161e-13,2.214011326e-13,4.553480621e-13,1.062048396e-13,1.625256884e-13,3.729348752e-14,3.043907625e-14,6.669649022e-14,7.323583719e-14,1.025948645e-13,7.070260178e-14,8.430920123e-14,9.731756157e-14,1.762866747e-13,4.828777865e-14,2.156044363e-13,6.373219257e-15
114.6875,3.436181496e-13,1.719201066e-13,1.551401002e-13,1.439248926e-13,2.933947975e-13,1.177697486e-13,5.384770581e-14,4.867607097e-14,2.663448154e-14,1.074678287e-13,7.015833364e-14,4.980681608e-14,1.488886405e-13,2.258148024e-13,3.664709919e-13,3.675896184e-13,2.195568883e-13,4.614940089e-13,1.069880472e-13,1.619704156e-13,3.702086485e-14,3.020715374e-14,6.630667342e-14,7.370693137e-14,1.04173938e-13,7.223154952e-14,8.485274551e-14,9.503118631e-14,1.777191059e-13,4.809162829e-14,2.168202485e-13,6.206934229e-15
114.6953125,3.421403471e-13,1.713203121e-13,1.518997873e-13,1.436468085e-13,2.933317359e-13,1.170841671e-13,5.369884283e-14,4.799449728e-14,2.65797578e-14,1.055241024e-13,6.828477204e-14,4.919193975e-14,1.502725985e-13,2.261692812e-13,3.665155706e-13,3.685949854e-13,2.178586059e-13,4.675107699e-13,1.077495349e-13,1.61228445e-13,3.674219903e-14,2.996558221e-14,6.59169061e-14,7.416235407e-14,1.057334551e-13,7.381438293e-14,8.553290749e-14,9.289767266e-14,1.793229282e-13,4.792313386e-14,2.180752138e-13,6.038229282e-15
114.703125,3.40991424e-13,1.707879155e-13,1.48660005e-13,1.433969337e-13,2.933894274e-13,1.163366543e-13,5.353045172e-14,4.737790851e-14,2.656758035e-14,1.03480735e-13,6.643039136e-14,4.861091649e-14,1.518413532e-13,2.266998172e-13,3.667167087e-13,3.698809819e-13,2.16352883e-13,4.738034675e-13,1.085887367e-13,1.604066453e-13,3.645478292e-14,2.972790703e-14,6.55379193e-14,7.468926027e-14,1.073390326e-13,7.544386575e-14,8.630063356e-14,9.07857649e-14,1.810596408e-13,4.774877753e-14,2.195191e-13,5.868755845e-15
114.7109375,3.400216588e-13,1.701618312e-13,1.455271006e-13,1.431752281e-13,2.93514384e-13,1.155574716e-13,5.332052924e-14,4.67970855e-14,2.657999908e-14,1.013149486e-13,6.459783582e-14,4.804053371e-14,1.535191497e-13,2.272731255e-13,3.667149288e-13,3.71055371e-13,2.148805674e-13,4.801866398e-13,1.09456952e-13,1.595511387e-13,3.616404782e-14,2.950575476e-14,6.519459464e-14,7.5358613e-14,1.089337242e-13,7.710706456e-14,8.713933851e-14,8.86021959e-14,1.829086343e-13,4.759272512e-14,2.21147507e-13,5.703745698e-15
114.71875,3.389808428e-13,1.694893641e-13,1.426789444e-13,1.430098545e-13,2.934972405e-13,1.14940197e-13,5.309188889e-14,4.618773871e-14,2.660618053e-14,9.91723124e-14,6.288882044e-14,4.752981751e-14,1.551233802e-13,2.277905331e-13,3.663667249e-13,3.718982108e-13,2.133767572e-13,4.863119292e-13,1.103044842e-13,1.58771171e-13,3.590141473e-14,2.931796454e-14,6.490984546e-14,7.60607255e-14,1.104829457e-13,7.881112614e-14,8.811210481e-14,8.652453546e-14,1.848107392e-13,4.747834308e-14,2.228656173e-13,5.553736613e-15
114.7265625,3.37865864e-13,1.689136756e-13,1.399490541e-13,1.428263005e-13,2.933506391e-13,1.143841064e-13,5.287662877e-14,4.560412992e-14,2.66432823e-14,9.711649262e-14,6.128754623e-14,4.708889802e-14,1.566958865e-13,2.282822956e-13,3.65929242e-13,3.727559517e-13,2.119641053e-13,4.923356328e-13,1.111177714e-13,1.580589632e-13,3.566364212e-14,2.911845483e-14,6.468948374e-14,7.667037708e-14,1.120497517e-13,8.057312415e-14,8.921643351e-14,8.457900528e-14,1.867927997e-13,4.738316124e-14,2.246329793e-13,5.416367197e-15
114.734375,3.366072758e-13,1.684868943e-13,1.37160946e-13,1.426225707e-13,2.930221712e-13,1.137349423e-13,5.266124877e-14,4.509234465e-14,2.665822797e-14,9.508902602e-14,5.969160418e-14,4.666764441e-14,1.582679213e-13,2.28604645e-13,3.655232881e-13,3.738584563e-13,2.10697016e-13,4.983256483e-13,1.118370053e-13,1.571879839e-13,3.541777578e-14,2.886115722e-14,6.450745326e-14,7.717720268e-14,1.136171535e-13,8.236082144e-14,9.038656726e-14,8.263002697e-14,1.888478282e-13,4.727987955e-14,2.264462528e-13,5.278395189e-15
114.7421875,3.351964635e-13,1.680698532e-13,1.344703592e-13,1.425354687e-13,2.925472837e-13,1.1307046e-13,5.241899557e-14,4.461299266e-14,2.668891327e-14,9.305492292e-14,5.813188897e-14,4.627671786e-14,1.598172183e-13,2.287775056e-13,3.650121893e-13,3.749882789e-13,2.094724501e-13,5.040532607e-13,1.124681332e-13,1.56149904e-13,3.517357598e-14,2.859849754e-14,6.433351209e-14,7.772579871e-14,1.151075837e-13,8.41345675e-14,9.162086422e-14,8.071084791e-14,1.908355717e-13,4.718168794e-14,2.283386298e-13,5.139838046e-15
114.75,3.337666958e-13,1.675441373e-13,1.319966564e-13,1.425555288e-13,2.92064988e-13,1.124213751e-13,5.21510446e-14,4.415593838e-14,2.677153869e-14,9.102885147e-14,5.668161503e-14,4.594553833e-14,1.61432969e-13,2.28957739e-13,3.643136477e-13,3.759262128e-13,2.081740239e-13,5.095455729e-13,1.13091656e-13,1.551434793e-13,3.495730814e-14,2.835798635e-14,6.417962119e-14,7.844478744e-14,1.165494844e-13,8.59194681e-14,9.292425644e-14,7.887000847e-14,1.927552519e-13,4.712450621e-14,2.303189321e-13,5.010186883e-15
114.7578125,3.323732046e-13,1.670477604e-13,1.296341846e-13,1.425812549e-13,2.915366006e-13,1.117488776e-13,5.187420012e-14,4.371726791e-14,2.684129061e-14,8.90128611e-14,5.53079745e-14,4.563938628e-14,1.631715915e-13,2.291039829e-13,3.634662274e-13,3.766832628e-13,2.068136535e-13,5.149694373e-13,1.137313107e-13,1.541694974e-13,3.474724456e-14,2.810683933e-14,6.40570283e-14,7.92339895e-14,1.180034935e-13,8.772085954e-14,9.426288353e-14,7.707089605e-14,1.94818184e-13,4.711706054e-14,2.323428023e-13,4.893216241e-15
114.765625,3.309628193e-13,1.66726241e-13,1.272562459e-13,1.425991679e-13,2.909643343e-13,1.110829935e-13,5.15926852e-14,4.325735558e-14,2.688535551e-14,8.699795512e-14,5.395652956e-14,4.533288333e-14,1.649506466e-13,2.291573318e-13,3.6251493e-13,3.773827868e-13,2.054890606e-13,5.203084417e-13,1.143637112e-13,1.531396008e-13,3.450068272e-14,2.786358165e-14,6.393438833e-14,7.995790943e-14,1.194522576e-13,8.950597958e-14,9.565383486e-14,7.532781243e-14,1.970927933e-13,4.712171282e-14,2.343659025e-13,4.788496595e-15
114.7734375,3.294502003e-13,1.663970967e-13,1.24761197e-13,1.425028677e-13,2.904157048e-13,1.104250518e-13,5.130552108e-14,4.280070794e-14,2.69560795e-14,8.497984311e-14,5.259001196e-14,4.502333068e-14,1.666844903e-13,2.29153631e-13,3.614862226e-13,3.781177457e-13,2.042429194e-13,5.255293278e-13,1.149509157e-13,1.520215264e-13,3.422306152e-14,2.76363724e-14,6.381603018e-14,8.065368602e-14,1.208857516e-13,9.128480673e-14,9.712669704e-14,7.358801909e-14,1.993717929e-13,4.70820604e-14,2.363803243e-13,4.688732826e-15
114.78125,3.278801758e-13,1.658159678e-13,1.222144645e-13,1.422210769e-13,2.897654737e-13,1.097998793e-13,5.102803712e-14,4.240816694e-14,2.704026954e-14,8.297520349e-14,5.120480506e-14,4.471545267e-14,1.683912645e-13,2.291198249e-13,3.603771005e-13,3.78827235e-13,2.03078771e-13,5.306443836e-13,1.154562396e-13,1.507589847e-13,3.396179729e-14,2.738438054e-14,6.375141342e-14,8.139679463e-14,1.22329258e-13,9.305919967e-14,9.863845107e-14,7.17866264e-14,2.015841111e-13,4.699917504e-14,2.384966862e-13,4.583428924e-15
114.7890625,3.26289372e-13,1.651561989e-13,1.198665094e-13,1.419736836e-13,2.889328673e-13,1.092248242e-13,5.075812548e-14,4.205663016e-14,2.711713735e-14,8.105695882e-14,4.988535064e-14,4.447137287e-14,1.701271643e-13,2.290106122e-13,3.591493211e-13,3.794230653e-13,2.0197814e-13,5.355884928e-13,1.158798663e-13,1.494489175e-13,3.372399244e-14,2.711248552e-14,6.372419593e-14,8.22039273e-14,1.237546088e-13,9.484337876e-14,1.001627077e-13,7.006041585e-14,2.039723617e-13,4.695332276e-14,2.40786168e-13,4.47540119e-15
114.796875,3.244445494e-13,1.647716824e-13,1.177337949e-13,1.419439413e-13,2.880347708e-13,1.086134798e-13,5.046597577e-14,4.169645664e-14,2.719589626e-14,7.926802771e-14,4.867470285e-14,4.432702885e-14,1.718820811e-13,2.287459394e-13,3.578543414e-13,3.800181326e-13,2.0088896e-13,5.403454583e-13,1.162516415e-13,1.482815714e-13,3.346553366e-14,2.684499862e-14,6.368571989e-14,8.303163293e-14,1.251337323e-13,9.672999591e-14,1.017827885e-13,6.851351541e-14,2.066361951e-13,4.69762605e-14,2.431046323e-13,4.370914535e-15
114.8046875,3.224493564e-13,1.64601589e-13,1.156185005e-13,1.420724318e-13,2.872325877e-13,1.080232424e-13,5.016299762e-14,4.134295691e-14,2.727535899e-14,7.752722512e-14,4.750114651e-14,4.422979094e-14,1.736932996e-13,2.285283448e-13,3.566316801e-13,3.807454188e-13,1.999024457e-13,5.451741935e-13,1.166657215e-13,1.471692531e-13,3.317590341e-14,2.659416686e-14,6.366561092e-14,8.381389666e-14,1.2653591e-13,9.870470602e-14,1.036012204e-13,6.705767013e-14,2.094155881e-13,4.70009005e-14,2.45472703e-13,4.264627023e-15
114.8125,3.207940967e-13,1.643155175e-13,1.135145893e-13,1.422172477e-13,2.866345291e-13,1.075492538e-13,4.987631096e-14,4.102448881e-14,2.737039429e-14,7.577681943e-14,4.634176521e-14,4.414857576e-14,1.756618728e-13,2.285803891e-13,3.553999907e-13,3.814762712e-13,1.991296273e-13,5.502532692e-13,1.171710273e-13,1.459258913e-13,3.288703912e-14,2.637325956e-14,6.369490953e-14,8.458762471e-14,1.279964061e-13,1.006278824e-13,1.055771552e-13,6.562366957e-14,2.122478412e-13,4.70042898e-14,2.480859367e-13,4.15883406e-15
114.8203125,3.191247465e-13,1.638613776e-13,1.11511215e-13,1.42178288e-13,2.859996559e-13,1.069926528e-13,4.956780587e-14,4.074057047e-14,2.746675442e-14,7.408720429e-14,4.523620264e-14,4.407271317e-14,1.776790562e-13,2.284756477e-13,3.538970815e-13,3.820248923e-13,1.983376448e-13,5.55097431e-13,1.17575604e-13,1.445789179e-13,3.260991706e-14,2.612778995e-14,6.372482193e-14,8.541312347e-14,1.294046461e-13,1.025026842e-13,1.075559094e-13,6.416765675e-14,2.151226798e-13,4.702944453e-14,2.507556436e-13,4.063954677e-15
114.828125,3.167757444e-13,1.634139904e-13,1.096163243e-13,1.419582761e-13,2.849337259e-13,1.062891249e-13,4.921548741e-14,4.04878449e-14,2.751512088e-14,7.248892119e-14,4.416845951e-14,4.397048204e-14,1.795693906e-13,2.278475358e-13,3.521539317e-13,3.824450224e-13,1.973242012e-13,5.592332256e-13,1.177495556e-13,1.431522784e-13,3.233870777e-14,2.580993773e-14,6.372687906e-14,8.623098949e-14,1.306875951e-13,1.043885166e-13,1.094920219e-13,6.265069495e-14,2.179981024e-13,4.706836637e-14,2.532080727e-13,3.97005445e-15
114.8359375,3.14327045e-13,1.630808436e-13,1.078029785e-13,1.418918014e-13,2.836499833e-13,1.056890709e-13,4.886802588e-14,4.024696506e-14,2.754038263e-14,7.091570568e-14,4.311481756e-14,4.386818534e-14,1.814290262e-13,2.271409128e-13,3.504087332e-13,3.82891181e-13,1.963447371e-13,5.631475166e-13,1.179112965e-13,1.416094563e-13,3.207923765e-14,2.549663399e-14,6.373783625e-14,8.700895711e-14,1.319239301e-13,1.062214901e-13,1.114652022e-13,6.117158737e-14,2.209395335e-13,4.709973395e-14,2.55564697e-13,3.86437457e-15
114.84375,3.124339504e-13,1.62919764e-13,1.06010321e-13,1.420825314e-13,2.82570616e-13,1.051729514e-13,4.853018488e-14,3.998664968e-14,2.75874048e-14,6.935126972e-14,4.209137528e-14,4.381390881e-14,1.833435039e-13,2.266163513e-13,3.48719949e-13,3.834539454e-13,1.955928392e-13,5.673400139e-13,1.181894219e-13,1.400531371e-13,3.183751801e-14,2.523678184e-14,6.377091179e-14,8.779906145e-14,1.331752037e-13,1.080236654e-13,1.134932283e-13,5.983445309e-14,2.23953972e-13,4.71537254e-14,2.579469762e-13,3.76241291e-15
114.8515625,3.10567475e-13,1.62873398e-13,1.043336559e-13,1.423014902e-13,2.815220447e-13,1.045907696e-13,4.817240745e-14,3.972612388e-14,2.764115405e-14,6.783152955e-14,4.110296939e-14,4.380608186e-14,1.852290772e-13,2.259967614e-13,3.471225449e-13,3.841936146e-13,1.949474813e-13,5.714290166e-13,1.18432762e-13,1.385700816e-13,3.161168488e-14,2.497477645e-14,6.380195275e-14,8.859726806e-14,1.3440825e-13,1.098945385e-13,1.15569823e-13,5.859377432e-14,2.269627042e-13,4.724077625e-14,2.603740466e-13,3.679588412e-15
114.859375,3.084381587e-13,1.627039045e-13,1.029307664e-13,1.424643524e-13,2.803454615e-13,1.040961228e-13,4.782478829e-14,3.95046997e-14,2.769763374e-14,6.635470763e-14,4.014082976e-14,4.38312649e-14,1.871259302e-13,2.253401067e-13,3.456106905e-13,3.849559517e-13,1.943529465e-13,5.751519227e-13,1.186110083e-13,1.371128002e-13,3.139199883e-14,2.469534876e-14,6.382950176e-14,8.936787124e-14,1.355826774e-13,1.117537239e-13,1.177291967e-13,5.736444128e-14,2.299604195e-13,4.733522271e-14,2.628642373e-13,3.606970388e-15
114.8671875,3.064154195e-13,1.623630474e-13,1.015653808e-13,1.425528844e-13,2.792751072e-13,1.037289966e-13,4.749410597e-14,3.930525865e-14,2.775154601e-14,6.491903127e-14,3.919016303e-14,4.38496125e-14,1.890402833e-13,2.247661245e-13,3.438817494e-13,3.853806264e-13,1.937313008e-13,5.786957964e-13,1.187836575e-13,1.356564493e-13,3.117125524e-14,2.441427192e-14,6.387160146e-14,9.010126832e-14,1.366656687e-13,1.134950857e-13,1.198904651e-13,5.611417087e-14,2.328515169e-13,4.742157197e-14,2.651949001e-13,3.534532905e-15
114.875,3.043241604e-13,1.621046068e-13,9.999897505e-14,1.425154767e-13,2.78186111e-13,1.033138152e-13,4.713183536e-14,3.911158516e-14,2.77720882e-14,6.355810481e-14,3.823245478e-14,4.383197025e-14,1.907836932e-13,2.239969089e-13,3.417905323e-13,3.854722707e-13,1.929607506e-13,5.818662894e-13,1.188747791e-13,1.34170872e-13,3.096492994e-14,2.411827071e-14,6.39275073e-14,9.080594153e-14,1.376367947e-13,1.151699674e-13,1.219419388e-13,5.489429076e-14,2.356115835e-13,4.749288201e-14,2.672925514e-13,3.460218019e-15
114.8828125,3.018593558e-13,1.61947348e-13,9.84995749e-14,1.425054271e-13,2.767726908e-13,1.02913179e-13,4.675759622e-14,3.895334532e-14,2.778047224e-14,6.228405844e-14,3.729323353e-14,4.383349567e-14,1.92335881e-13,2.229863789e-13,3.396030302e-13,3.855707446e-13,1.921970618e-13,5.84420237e-13,1.188509718e-13,1.326062228e-13,3.078537579e-14,2.381892062e-14,6.398580968e-14,9.152975436e-14,1.385198144e-13,1.168166484e-13,1.239871864e-13,5.378316352e-14,2.38475164e-13,4.756782998e-14,2.694205974e-13,3.38343968e-15
114.890625,2.992525533e-13,1.616169702e-13,9.722869802e-14,1.426545503e-13,2.752600495e-13,1.026105448e-13,4.642290216e-14,3.881907333e-14,2.78095604e-14,6.107940018e-14,3.642723383e-14,4.387664179e-14,1.938696493e-13,2.219492017e-13,3.374088834e-13,3.856792062e-13,1.91553295e-13,5.866474744e-13,1.187550544e-13,1.310205406e-13,3.061136138e-14,2.352038263e-14,6.405594692e-14,9.227257089e-14,1.393536523e-13,1.184360907e-13,1.26170721e-13,5.27377753e-14,2.414192855e-13,4.768103744e-14,2.715242171e-13,3.309893751e-15
114.8984375,2.965808532e-13,1.611460695e-13,9.600515439e-14,1.42838592e-13,2.739033884e-13,1.022527515e-13,4.610175065e-14,3.866421905e-14,2.784095713e-14,5.99443791e-14,3.56319769e-14,4.392794666e-14,1.954782169e-13,2.208606349e-13,3.351011656e-13,3.856861096e-13,1.908966064e-13,5.888411501e-13,1.185859752e-13,1.294340616e-13,3.041861524e-14,2.319570468e-14,6.415344032e-14,9.296310944e-14,1.401742692e-13,1.200761383e-13,1.284363841e-13,5.168854314e-14,2.442624385e-13,4.781874508e-14,2.734615935e-13,3.24282816e-15
114.90625,2.937912086e-13,1.607991309e-13,9.483510768e-14,1.429183496e-13,2.725607218e-13,1.018349683e-13,4.576109085e-14,3.851161158e-14,2.78694351e-14,5.886624948e-14,3.483621939e-14,4.401435094e-14,1.971505376e-13,2.196740718e-13,3.327847147e-13,3.858054673e-13,1.902946388e-13,5.909365548e-13,1.183800012e-13,1.277814209e-13,3.020135584e-14,2.286195575e-14,6.426158851e-14,9.361823844e-14,1.409880978e-13,1.21721754e-13,1.306702635e-13,5.066420716e-14,2.472131064e-13,4.794538441e-14,2.754328029e-13,3.179834973e-15
114.9140625,2.911759561e-13,1.60541367e-13,9.377009412e-14,1.428862907e-13,2.711987778e-13,1.015354681e-13,4.541415667e-14,3.839970715e-14,2.79046561e-14,5.77912227e-14,3.39884266e-14,4.412461194e-14,1.987540977e-13,2.184814599e-13,3.305152445e-13,3.860578381e-13,1.89821823e-13,5.927017682e-13,1.181694816e-13,1.261933524e-13,2.996975683e-14,2.255220764e-14,6.435640094e-14,9.430687678e-14,1.417383705e-13,1.23313259e-13,1.328452531e-13,4.964924487e-14,2.503276414e-13,4.806507154e-14,2.774078755e-13,3.12730834e-15
114.921875,2.888159352e-13,1.602770379e-13,9.273056252e-14,1.428418485e-13,2.698830552e-13,1.013408709e-13,4.505725522e-14,3.830016154e-14,2.792762494e-14,5.672136504e-14,3.31202391e-14,4.418424826e-14,2.001950561e-13,2.172888335e-13,3.281663998e-13,3.861824924e-13,1.892521403e-13,5.939981055e-13,1.179052921e-13,1.248103921e-13,2.975977585e-14,2.225308964e-14,6.445250713e-14,9.501176616e-14,1.424059627e-13,1.248768751e-13,1.349996036e-13,4.861548805e-14,2.532972434e-13,4.819727479e-14,2.792644793e-13,3.086580175e-15
114.9296875,2.863928354e-13,1.601257199e-13,9.178322209e-14,1.428516005e-13,2.684249128e-13,1.011062656e-13,4.467784692e-14,3.818728944e-14,2.792821943e-14,5.573466812e-14,3.228924073e-14,4.422903025e-14,2.016258941e-13,2.160234671e-13,3.25692979e-13,3.861846257e-13,1.885784093e-13,5.950196636e-13,1.175820899e-13,1.233993879e-13,2.958567959e-14,2.194127855e-14,6.456763276e-14,9.570801093e-14,1.430525925e-13,1.264306903e-13,1.372103924e-13,4.765263674e-14,2.561881793e-13,4.834942324e-14,2.812121839e-13,3.042653758e-15
114.9375,2.838056732e-13,1.600255963e-13,9.090967852e-14,1.428144888e-13,2.66765511e-13,1.008019409e-13,4.428884267e-14,3.807553232e-14,2.792487441e-14,5.484753375e-14,3.150479954e-14,4.432120546e-14,2.031205905e-13,2.146134301e-13,3.230292674e-13,3.860785294e-13,1.879988157e-13,5.959570243e-13,1.172280722e-13,1.217573595e-13,2.940225206e-14,2.161489124e-14,6.467491265e-14,9.640115784e-14,1.436740922e-13,1.279035283e-13,1.395069367e-13,4.678776296e-14,2.591767674e-13,4.850509195e-14,2.831684585e-13,2.992909415e-15
114.9453125,2.811657412e-13,1.597756324e-13,8.993514057e-14,1.427541999e-13,2.65172647e-13,1.004771515e-13,4.388936692e-14,3.796251272e-14,2.793731479e-14,5.399416234e-14,3.075664261e-14,4.442258167e-14,2.045587454e-13,2.130589274e-13,3.201193515e-13,3.857114883e-13,1.874299459e-13,5.966484272e-13,1.168270426e-13,1.201059363e-13,2.919269279e-14,2.1293057e-14,6.474428766e-14,9.707434711e-14,1.442046683e-13,1.2925112e-13,1.418401607e-13,4.592873413e-14,2.620594017e-13,4.862184974e-14,2.848598084e-13,2.947034488e-15
114.953125,2.785106088e-13,1.59488388e-13,8.897455735e-14,1.428779449e-13,2.637453023e-13,1.001666135e-13,4.34630474e-14,3.78505649e-14,2.796756127e-14,5.313580317e-14,3.003959293e-14,4.453297254e-14,2.060174441e-13,2.11496906e-13,3.171277051e-13,3.852250283e-13,1.868379259e-13,5.970653521e-13,1.164052185e-13,1.186141394e-13,2.899409506e-14,2.099512704e-14,6.479658622e-14,9.776017783e-14,1.446562159e-13,1.30499846e-13,1.441941492e-13,4.506469251e-14,2.648381584e-13,4.869736131e-14,2.86511918e-13,2.899602772e-15
114.9609375,2.759034105e-13,1.592869814e-13,8.820974079e-14,1.43067329e-13,2.62367033e-13,9.988555725e-14,4.302183623e-14,3.776911544e-14,2.800162813e-14,5.229101222e-14,2.933292424e-14,4.470173492e-14,2.076020977e-13,2.100066209e-13,3.141378895e-13,3.847638675e-13,1.863693401e-13,5.973842296e-13,1.159902435e-13,1.171288491e-13,2.880225306e-14,2.070479977e-14,6.487102524e-14,9.851192328e-14,1.450620661e-13,1.316850409e-13,1.465901132e-13,4.424050319e-14,2.677224088e-13,4.878256156e-14,2.883233485e-13,2.849258607e-15
114.96875,2.73287365e-13,1.589768432e-13,8.754783255e-14,1.430033104e-13,2.610051315e-13,9.960421484e-14,4.259076005e-14,3.769947916e-14,2.80281492e-14,5.149535414e-14,2.863161522e-14,4.489446545e-14,2.091021436e-13,2.084670865e-13,3.110661232e-13,3.841581344e-13,1.85875543e-13,5.974214816e-13,1.15497977e-13,1.155788525e-13,2.859573203e-14,2.039260923e-14,6.49633483e-14,9.92526346e-14,1.453935014e-13,1.328464606e-13,1.489945388e-13,4.343521855e-14,2.705585451e-13,4.889395445e-14,2.9005962e-13,2.812350661e-15
114.9765625,2.70445496e-13,1.585505305e-13,8.693922557e-14,1.42787745e-13,2.595990849e-13,9.927742698e-14,4.216601739e-14,3.759556114e-14,2.803518471e-14,5.07519918e-14,2.79501441e-14,4.504356595e-14,2.103702214e-13,2.06757258e-13,3.080095167e-13,3.834882881e-13,1.851855724e-13,5.970001271e-13,1.148798387e-13,1.140413829e-13,2.839527477e-14,2.005631785e-14,6.504389319e-14,9.986205967e-14,1.456360387e-13,1.340159813e-13,1.513532132e-13,4.262113035e-14,2.7319378e-13,4.901488593e-14,2.915485068e-13,2.789134469e-15
114.984375,2.675106434e-13,1.582896821e-13,8.643433398e-14,1.427441565e-13,2.581116702e-13,9.894661551e-14,4.172760679e-14,3.748332052e-14,2.802072749e-14,5.004132136e-14,2.727578767e-14,4.514825723e-14,2.115525877e-13,2.049487442e-13,3.050611351e-13,3.829987999e-13,1.845095741e-13,5.964552759e-13,1.142388299e-13,1.125201352e-13,2.819664166e-14,1.97155e-14,6.511303758e-14,1.003562708e-13,1.458273871e-13,1.351550039e-13,1.536888286e-13,4.181767031e-14,2.75769141e-13,4.915019298e-14,2.928141417e-13,2.764288841e-15
114.9921875,2.64817645e-13,1.581228875e-13,8.600191673e-14,1.428512446e-13,2.56710042e-13,9.868687756e-14,4.128110688e-14,3.739728481e-14,2.801830352e-14,4.939190891e-14,2.660113361e-14,4.524841773e-14,2.127236388e-13,2.031682713e-13,3.020981444e-13,3.825750483e-13,1.839689873e-13,5.959003252e-13,1.136251335e-13,1.110530505e-13,2.798099698e-14,1.939272669e-14,6.51732908e-14,1.008182558e-13,1.459965159e-13,1.361895314e-13,1.560668069e-13,4.106372218e-14,2.782816763e-13,4.929046907e-14,2.939517682e-13,2.741615641e-15
115,2.622096439e-13,1.577582762e-13,8.565856835e-14,1.42856353e-13,2.554153496e-13,9.846940615e-14,4.085135447e-14,3.730033807e-14,2.804101748e-14,4.882261739e-14,2.595124775e-14,4.536136856e-14,2.137970176e-13,2.013802717e-13,2.991068498e-13,3.820968859e-13,1.833881427e-13,5.948805966e-13,1.129344884e-13,1.096905332e-13,2.778074721e-14,1.908430933e-14,6.518819233e-14,1.012708157e-13,1.461143837e-13,1.371226201e-13,1.584441536e-13,4.037507742e-14,2.806314937e-13,4.941229123e-14,2.950459131e-13,2.731107957e-15
115.0078125,2.594477414e-13,1.573875914e-13,8.54331525e-14,1.427340987e-13,2.540513367e-13,9.822933784e-14,4.043409237e-14,3.717568003e-14,2.805745945e-14,4.82752148e-14,2.533107533e-14,4.54812053e-14,2.147796921e-13,1.995465666e-13,2.961327299e-13,3.815850188e-13,1.827093575e-13,5.933156119e-13,1.121508869e-13,1.083187039e-13,2.760252653e-14,1.877016021e-14,6.514843437e-14,1.017080411e-13,1.461208632e-13,1.380028477e-13,1.607180266e-13,3.973772209e-14,2.829717579e-13,4.953536402e-14,2.960444149e-13,2.722724695e-15
115.015625,2.56758246e-13,1.572890415e-13,8.52344596e-14,1.426576377e-13,2.526909361e-13,9.796211903e-14,4.000158204e-14,3.70583176e-14,2.806500586e-14,4.774359697e-14,2.472903589e-14,4.560215668e-14,2.157410783e-13,1.977356954e-13,2.930003182e-13,3.808849828e-13,1.820080334e-13,5.916273818e-13,1.113724491e-13,1.069108406e-13,2.740727157e-14,1.845833367e-14,6.510999814e-14,1.02117877e-13,1.460123694e-13,1.388164178e-13,1.629598306e-13,3.914124087e-14,2.854393648e-13,4.967696877e-14,2.968897181e-13,2.708656598e-15
115.0234375,2.540600922e-13,1.57085748e-13,8.498753124e-14,1.426076236e-13,2.513874552e-13,9.767385988e-14,3.956003879e-14,3.695653849e-14,2.807087223e-14,4.72794404e-14,2.415007633e-14,4.567620055e-14,2.166099991e-13,1.95791038e-13,2.895953805e-13,3.799520069e-13,1.812312031e-13,5.897237694e-13,1.105120195e-13,1.056270613e-13,2.720637925e-14,1.814599785e-14,6.51041927e-14,1.024613101e-13,1.458347983e-13,1.395273239e-13,1.652855474e-13,3.855800023e-14,2.878541492e-13,4.980324958e-14,2.97527783e-13,2.698375488e-15
115.03125,2.508727748e-13,1.564121588e-13,8.472854585e-14,1.4246305e-13,2.498701647e-13,9.739552471e-14,3.913985666e-14,3.686849232e-14,2.805723307e-14,4.685153711e-14,2.35950201e-14,4.566149159e-14,2.172963493e-13,1.935238033e-13,2.860626276e-13,3.789492498e-13,1.803118658e-13,5.871592928e-13,1.094260807e-13,1.044254758e-13,2.702966189e-14,1.780168057e-14,6.509928642e-14,1.027279216e-13,1.455936028e-13,1.401346003e-13,1.6757054e-13,3.795880705e-14,2.899971402e-13,4.98989682e-14,2.979081829e-13,2.692130173e-15
115.0390625,2.474782284e-13,1.556884395e-13,8.455495837e-14,1.423112217e-13,2.481605352e-13,9.717384192e-14,3.873208238e-14,3.679831317e-14,2.805118581e-14,4.643659403e-14,2.306038963e-14,4.565447823e-14,2.178982081e-13,1.912264412e-13,2.825283239e-13,3.778822043e-13,1.793573754e-13,5.841416741e-13,1.082677682e-13,1.031584878e-13,2.686766703e-14,1.744866261e-14,6.506823892e-14,1.029453454e-13,1.452767565e-13,1.406395408e-13,1.696867892e-13,3.739344801e-14,2.919175488e-13,4.999429652e-14,2.982526947e-13,2.679464134e-15
115.046875,2.445414209e-13,1.552988692e-13,8.449173322e-14,1.421683519e-13,2.466401183e-13,9.697022206e-14,3.830234106e-14,3.671936221e-14,2.808999467e-14,4.608877467e-14,2.254438507e-14,4.574484706e-14,2.184942964e-13,1.891623633e-13,2.790027266e-13,3.767628067e-13,1.785053854e-13,5.811375906e-13,1.072265827e-13,1.01934434e-13,2.671922916e-14,1.713762735e-14,6.50109565e-14,1.031058928e-13,1.449070196e-13,1.410652438e-13,1.717293697e-13,3.690131623e-14,2.938136878e-13,5.009985678e-14,2.986945945e-13,2.66514075e-15
115.0546875,2.418689164e-13,1.549105091e-13,8.442791136e-14,1.418844225e-13,2.453425739e-13,9.674898963e-14,3.78543691e-14,3.66290391e-14,2.81414586e-14,4.579301632e-14,2.202866204e-14,4.585581026e-14,2.189906919e-13,1.871529297e-13,2.755118169e-13,3.757082317e-13,1.777463264e-13,5.781086633e-13,1.062334314e-13,1.007717773e-13,2.658574799e-14,1.685468177e-14,6.493434836e-14,1.032009773e-13,1.444954894e-13,1.41434966e-13,1.737395661e-13,3.64348702e-14,2.957582634e-13,5.020331866e-14,2.989818509e-13,2.656347281e-15
115.0625,2.390367084e-13,1.542873677e-13,8.436222197e-14,1.415918985e-13,2.44053777e-13,9.655241406e-14,3.741460772e-14,3.655866593e-14,2.817234585e-14,4.549496788e-14,2.15052358e-14,4.594120365e-14,2.193669256e-13,1.851574709e-13,2.721003479e-13,3.746493846e-13,1.770142616e-13,5.749509546e-13,1.052141349e-13,9.941185587e-14,2.644649481e-14,1.656679883e-14,6.485125404e-14,1.032631447e-13,1.440172597e-13,1.417068338e-13,1.756629286e-13,3.598672016e-14,2.975851007e-13,5.031352842e-14,2.991050471e-13,2.643813772e-15
115.0703125,2.361790012e-13,1.53730867e-13,8.444112086e-14,1.414848332e-13,2.427268431e-13,9.636582273e-14,3.698065932e-14,3.649304603e-14,2.818539963e-14,4.522296286e-14,2.098973202e-14,4.60350482e-14,2.196546915e-13,1.832079545e-13,2.68750901e-13,3.735084942e-13,1.762676487e-13,5.716539067e-13,1.041677365e-13,9.788774576e-14,2.629373025e-14,1.626854923e-14,6.475517688e-14,1.032987206e-13,1.434383576e-13,1.418888864e-13,1.775681903e-13,3.557327731e-14,2.990894096e-13,5.044189727e-14,2.992047171e-13,2.627516796e-15
115.078125,2.333249309e-13,1.533567022e-13,8.463055127e-14,1.413897884e-13,2.413291467e-13,9.616024287e-14,3.654075889e-14,3.641632209e-14,2.817840679e-14,4.500888228e-14,2.048235152e-14,4.608783159e-14,2.197799711e-13,1.810502639e-13,2.653712244e-13,3.723411692e-13,1.754456454e-13,5.679378595e-13,1.030368729e-13,9.65513466e-14,2.612499829e-14,1.595631018e-14,6.461566791e-14,1.032977824e-13,1.427498093e-13,1.42068587e-13,1.794899514e-13,3.513631257e-14,3.00368968e-13,5.056161598e-14,2.990530128e-13,2.621273824e-15
115.0859375,2.303248873e-13,1.529200602e-13,8.478068784e-14,1.41218782e-13,2.398780507e-13,9.598043332e-14,3.609997805e-14,3.635505142e-14,2.816518809e-14,4.483522576e-14,1.997837599e-14,4.608816104e-14,2.197982698e-13,1.787238198e-13,2.619121701e-13,3.710844065e-13,1.745517753e-13,5.63745964e-13,1.01853156e-13,9.545683446e-14,2.594158842e-14,1.564013516e-14,6.443205204e-14,1.032809135e-13,1.419943911e-13,1.422072065e-13,1.813133673e-13,3.46664887e-14,3.016712688e-13,5.062519577e-14,2.986079885e-13,2.621176045e-15
115.09375,2.273665131e-13,1.523668005e-13,8.489836908e-14,1.411399866e-13,2.38526283e-13,9.580955672e-14,3.565462231e-14,3.630022875e-14,2.816855564e-14,4.468443315e-14,1.948657847e-14,4.611622465e-14,2.198311767e-13,1.765386974e-13,2.584237522e-13,3.696864775e-13,1.736642228e-13,5.594372033e-13,1.006964085e-13,9.437496928e-14,2.577425789e-14,1.533509049e-14,6.423271392e-14,1.032428241e-13,1.411990182e-13,1.421993551e-13,1.830008897e-13,3.422235438e-14,3.02919679e-13,5.062658548e-14,2.980861836e-13,2.613273307e-15
115.1015625,2.245513716e-13,1.518336715e-13,8.505895959e-14,1.410445138e-13,2.372368796e-13,9.561595201e-14,3.519562634e-14,3.623538657e-14,2.818526467e-14,4.454764022e-14,1.900061905e-14,4.61489624e-14,2.197334874e-13,1.743723427e-13,2.549119933e-13,3.682335688e-13,1.727516522e-13,5.550296648e-13,9.948849229e-14,9.322708137e-14,2.563443671e-14,1.503228624e-14,6.402204731e-14,1.031419635e-13,1.403163671e-13,1.421037621e-13,1.846181942e-13,3.379700084e-14,3.039070743e-13,5.062723141e-14,2.973888854e-13,2.600980077e-15
115.109375,2.216797374e-13,1.512937391e-13,8.529112485e-14,1.406865753e-13,2.358533653e-13,9.545671399e-14,3.473009461e-14,3.619109029e-14,2.821188262e-14,4.442727667e-14,1.851432455e-14,4.61334288e-14,2.193957582e-13,1.720339144e-13,2.513481328e-13,3.667381373e-13,1.717515014e-13,5.50290238e-13,9.81810773e-14,9.208135176e-14,2.549494072e-14,1.473040456e-14,6.378729369e-14,1.029542935e-13,1.393280717e-13,1.42004957e-13,1.861941032e-13,3.337476817e-14,3.047385155e-13,5.067709129e-14,2.965132814e-13,2.594963254e-15
115.1171875,2.187688124e-13,1.506562425e-13,8.555725003e-14,1.402102511e-13,2.344675273e-13,9.528209924e-14,3.425631205e-14,3.616418526e-14,2.824746017e-14,4.43092952e-14,1.804312781e-14,4.610616123e-14,2.190016889e-13,1.696814571e-13,2.478303755e-13,3.652557987e-13,1.707505708e-13,5.453650068e-13,9.688295739e-14,9.09699493e-14,2.534329019e-14,1.444100388e-14,6.352310052e-14,1.026848459e-13,1.382970442e-13,1.418327149e-13,1.877408082e-13,3.296606151e-14,3.055701202e-13,5.073213868e-14,2.956785271e-13,2.595958147e-15
115.125,2.159917398e-13,1.499921923e-13,8.579467474e-14,1.399187346e-13,2.332300656e-13,9.500698049e-14,3.37700685e-14,3.611573667e-14,2.82827484e-14,4.416119199e-14,1.75899342e-14,4.606809577e-14,2.186151393e-13,1.673824759e-13,2.444540347e-13,3.639289863e-13,1.69830797e-13,5.404703785e-13,9.563485109e-14,8.990869147e-14,2.517427029e-14,1.416151293e-14,6.322098756e-14,1.023560375e-13,1.372525164e-13,1.415197154e-13,1.892338397e-13,3.254445202e-14,3.063187536e-13,5.073404498e-14,2.947481365e-13,2.597720608e-15
115.1328125,2.133248949e-13,1.494086116e-13,8.607535807e-14,1.398042879e-13,2.320452358e-13,9.478979001e-14,3.330058748e-14,3.604095449e-14,2.831483131e-14,4.401901461e-14,1.714548503e-14,4.59969233e-14,2.180551741e-13,1.650778155e-13,2.411424116e-13,3.626704839e-13,1.689478279e-13,5.354790273e-13,9.43632774e-14,8.894388274e-14,2.498549803e-14,1.389027873e-14,6.287591995e-14,1.019559891e-13,1.361458848e-13,1.411096994e-13,1.905668238e-13,3.212922506e-14,3.068676754e-13,5.071022053e-14,2.93559337e-13,2.59577865e-15
115.140625,2.106442525e-13,1.488627298e-13,8.644521576e-14,1.39651458e-13,2.307507706e-13,9.473109313e-14,3.286413067e-14,3.594430884e-14,2.833455398e-14,4.393514192e-14,1.671845877e-14,4.591550784e-14,2.172525002e-13,1.62799964e-13,2.378190712e-13,3.613097166e-13,1.680322965e-13,5.301898255e-13,9.302446905e-14,8.807870638e-14,2.481142574e-14,1.362700866e-14,6.249502998e-14,1.014618747e-13,1.349431761e-13,1.406393841e-13,1.916915004e-13,3.177825917e-14,3.07173333e-13,5.068649772e-14,2.922437135e-13,2.591680814e-15
115.1484375,2.079312501e-13,1.482450769e-13,8.673212914e-14,1.394108838e-13,2.294617446e-13,9.461663358e-14,3.243265114e-14,3.584195767e-14,2.835443018e-14,4.386093117e-14,1.631895604e-14,4.582428523e-14,2.16359061e-13,1.605730913e-13,2.345357963e-13,3.598608356e-13,1.670458697e-13,5.246893102e-13,9.167506727e-14,8.723488362e-14,2.46765556e-14,1.337243822e-14,6.208392165e-14,1.009394768e-13,1.336883898e-13,1.400728339e-13,1.927030599e-13,3.146073167e-14,3.072558796e-13,5.06219097e-14,2.908296468e-13,2.587917464e-15
115.15625,2.053359196e-13,1.475541534e-13,8.692862302e-14,1.392134868e-13,2.28456366e-13,9.437316902e-14,3.200387231e-14,3.577103463e-14,2.841769198e-14,4.375161803e-14,1.593787194e-14,4.573177786e-14,2.155181364e-13,1.584694534e-13,2.3135332e-13,3.583241466e-13,1.660180254e-13,5.192707325e-13,9.043056248e-14,8.638009331e-14,2.45547166e-14,1.31464561e-14,6.16484316e-14,1.004246889e-13,1.324401305e-13,1.393872638e-13,1.936789051e-13,3.113875887e-14,3.072453861e-13,5.052296331e-14,2.893079154e-13,2.585185641e-15
115.1640625,2.028998926e-13,1.469021168e-13,8.726253718e-14,1.390986346e-13,2.276209281e-13,9.420975372e-14,3.160139638e-14,3.572238831e-14,2.849989658e-14,4.365274077e-14,1.555198987e-14,4.566188419e-14,2.146301193e-13,1.564883481e-13,2.282642588e-13,3.567016253e-13,1.649933127e-13,5.138927497e-13,8.926599432e-14,8.554851653e-14,2.441964438e-14,1.294590087e-14,6.118928228e-14,9.983864964e-14,1.311673965e-13,1.38651812e-13,1.945800939e-13,3.084738294e-14,3.072626133e-13,5.045224982e-14,2.877345323e-13,2.586101269e-15
115.171875,2.003282478e-13,1.463053849e-13,8.768376084e-14,1.390003837e-13,2.265814797e-13,9.413980104e-14,3.119924413e-14,3.566450455e-14,2.854504708e-14,4.358499213e-14,1.514704317e-14,4.557846375e-14,2.135106552e-13,1.543786576e-13,2.251813516e-13,3.55102385e-13,1.638995676e-13,5.08150489e-13,8.800409341e-14,8.470719839e-14,2.427173841e-14,1.273270775e-14,6.06925216e-14,9.920171141e-14,1.298033397e-13,1.379258748e-13,1.95372838e-13,3.059264826e-14,3.072858009e-13,5.039258851e-14,2.860110687e-13,2.589021814e-15
115.1796875,1.975339282e-13,1.455383091e-13,8.797734647e-14,1.38895667e-13,2.254912327e-13,9.399134623e-14,3.075897231e-14,3.55936879e-14,2.859590643e-14,4.351394051e-14,1.474907735e-14,4.546977689e-14,2.122248942e-13,1.521079245e-13,2.219680832e-13,3.534565969e-13,1.62697935e-13,5.020589615e-13,8.662288227e-14,8.386711149e-14,2.412601309e-14,1.251068619e-14,6.016265427e-14,9.85816004e-14,1.283683198e-13,1.371325128e-13,1.960691181e-13,3.034552331e-14,3.07148558e-13,5.028302467e-14,2.840974546e-13,2.587828635e-15
115.1875,1.948741655e-13,1.444607427e-13,8.82090631e-14,1.387344931e-13,2.246662001e-13,9.379160215e-14,3.029979583e-14,3.547590275e-14,2.868019693e-14,4.343678325e-14,1.439381845e-14,4.536093364e-14,2.10883797e-13,1.499405407e-13,2.185980867e-13,3.515983721e-13,1.615161822e-13,4.959974364e-13,8.524964671e-14,8.314115646e-14,2.400256221e-14,1.230846955e-14,5.962114581e-14,9.787169416e-14,1.269034335e-13,1.361786443e-13,1.966342144e-13,3.009640872e-14,3.066849745e-13,5.01403798e-14,2.820642925e-13,2.585604789e-15
115.1953125,1.924325236e-13,1.433534398e-13,8.848977861e-14,1.384591383e-13,2.237668679e-13,9.365379905e-14,2.985446492e-14,3.528618825e-14,2.872114776e-14,4.338295697e-14,1.407181869e-14,4.520652618e-14,2.093851363e-13,1.478258506e-13,2.152205278e-13,3.496498983e-13,1.603963899e-13,4.899271456e-13,8.389216396e-14,8.246102235e-14,2.389852261e-14,1.210916968e-14,5.905461634e-14,9.703385857e-14,1.253875292e-13,1.350973511e-13,1.970295159e-13,2.985402772e-14,3.059683162e-13,4.999949471e-14,2.798206589e-13,2.591018638e-15
115.203125,1.899944752e-13,1.424758434e-13,8.872767497e-14,1.381636838e-13,2.225703833e-13,9.356248827e-14,2.942728423e-14,3.510075986e-14,2.87287344e-14,4.335911032e-14,1.375266506e-14,4.499865577e-14,2.077160782e-13,1.45597785e-13,2.119903816e-13,3.477892294e-13,1.592288625e-13,4.837007931e-13,8.253694521e-14,8.168227735e-14,2.378712369e-14,1.190785598e-14,5.84433118e-14,9.621570637e-14,1.238268088e-13,1.339534077e-13,1.972673793e-13,2.966995983e-14,3.051631286e-13,4.98325133e-14,2.773468462e-13,2.601414966e-15
115.2109375,1.87626376e-13,1.416653375e-13,8.887657561e-14,1.379735834e-13,2.215326445e-13,9.35069964e-14,2.901870495e-14,3.498651579e-14,2.880619229e-14,4.334501206e-14,1.342328729e-14,4.481809341e-14,2.060328589e-13,1.434665541e-13,2.089323791e-13,3.459689473e-13,1.580161656e-13,4.775344606e-13,8.127636859e-14,8.092275355e-14,2.365780392e-14,1.174523172e-14,5.781088233e-14,9.542255532e-14,1.222681461e-13,1.327548282e-13,1.973376284e-13,2.956621726e-14,3.042575069e-13,4.961156262e-14,2.748564616e-13,2.601755389e-15
115.21875,1.853763957e-13,1.408055246e-13,8.900384863e-14,1.378775832e-13,2.207045558e-13,9.350168323e-14,2.862104639e-14,3.489285362e-14,2.892132239e-14,4.333553976e-14,1.308753812e-14,4.465852776e-14,2.043473761e-13,1.415249395e-13,2.059714042e-13,3.44157286e-13,1.568591136e-13,4.714557662e-13,8.010155135e-14,8.026990285e-14,2.353086498e-14,1.16154988e-14,5.717654893e-14,9.456158062e-14,1.207053426e-13,1.315068589e-13,1.972555064e-13,2.945817291e-14,3.03269879e-13,4.935826372e-14,2.72429968e-13,2.584099202e-15
115.2265625,1.830431518e-13,1.399902378e-13,8.91329688e-14,1.377914314e-13,2.196792016e-13,9.347821715e-14,2.821381189e-14,3.475505607e-14,2.897587646e-14,4.334845739e-14,1.277304876e-14,4.446291882e-14,2.025407827e-13,1.394938672e-13,2.030116864e-13,3.423734054e-13,1.557419643e-13,4.65225105e-13,7.887092118e-14,7.958962796e-14,2.343833319e-14,1.146538086e-14,5.653167938e-14,9.365367133e-14,1.19106368e-13,1.302430493e-13,1.97121197e-13,2.931075211e-14,3.022451683e-13,4.910266506e-14,2.698929681e-13,2.566810035e-15
115.234375,1.806354501e-13,1.390735431e-13,8.930256497e-14,1.376070964e-13,2.186519307e-13,9.338689681e-14,2.780476593e-14,3.458104427e-14,2.900705478e-14,4.338376165e-14,1.250407076e-14,4.4269955e-14,2.0056273e-13,1.373697451e-13,2.00031973e-13,3.40530081e-13,1.545806633e-13,4.589045686e-13,7.755066394e-14,7.890572516e-14,2.338712288e-14,1.12927185e-14,5.588092319e-14,9.26725169e-14,1.174782754e-13,1.289880645e-13,1.969791097e-13,2.920366842e-14,3.010350609e-13,4.884947132e-14,2.671005856e-13,2.573156726e-15
115.2421875,1.782636461e-13,1.379187804e-13,8.95963487e-14,1.373009223e-13,2.178833732e-13,9.326333685e-14,2.742128853e-14,3.439893225e-14,2.907172602e-14,4.342996591e-14,1.226416784e-14,4.41211679e-14,1.985131908e-13,1.354364282e-13,1.9711935e-13,3.386125339e-13,1.533844195e-13,4.526657263e-13,7.624413731e-14,7.83190346e-14,2.334419058e-14,1.113184766e-14,5.522372207e-14,9.158693319e-14,1.158479406e-13,1.277204024e-13,1.96788597e-13,2.915279348e-14,2.996659737e-13,4.859270816e-14,2.641521971e-13,2.594099725e-15
115.25,1.758432847e-13,1.368099505e-13,8.995763586e-14,1.37067717e-13,2.170127005e-13,9.314703195e-14,2.705502105e-14,3.421881977e-14,2.913279446e-14,4.348554337e-14,1.203122493e-14,4.398696315e-14,1.965472393e-13,1.336193222e-13,1.943406951e-13,3.367287853e-13,1.52198315e-13,4.464122814e-13,7.500868476e-14,7.771709254e-14,2.328542488e-14,1.098772075e-14,5.453719095e-14,9.052469926e-14,1.142239503e-13,1.264115724e-13,1.965210318e-13,2.910956425e-14,2.98389475e-13,4.833286969e-14,2.612135092e-13,2.608002074e-15
115.2578125,1.734111728e-13,1.35929699e-13,9.020271047e-14,1.370553999e-13,2.159680818e-13,9.308615337e-14,2.668195993e-14,3.405562376e-14,2.918997831e-14,4.353535466e-14,1.180048257e-14,4.383719409e-14,1.945555004e-13,1.31652633e-13,1.916421678e-13,3.348790241e-13,1.50977581e-13,4.400353899e-13,7.379566201e-14,7.707220745e-14,2.322451642e-14,1.085947277e-14,5.382436967e-14,8.950832342e-14,1.125719801e-13,1.250810718e-13,1.961255826e-13,2.908769198e-14,2.971139818e-13,4.806128793e-14,2.581738653e-13,2.617803127e-15
115.265625,1.71132655e-13,1.350221416e-13,9.026761403e-14,1.370897946e-13,2.151016961e-13,9.31229249e-14,2.631151602e-14,3.392047252e-14,2.927919562e-14,4.357297321e-14,1.15662759e-14,4.365438167e-14,1.922783493e-13,1.296131795e-13,1.889479725e-13,3.329877804e-13,1.497003324e-13,4.336090033e-13,7.257213448e-14,7.648826235e-14,2.317509604e-14,1.075371402e-14,5.310995048e-14,8.838931787e-14,1.108686468e-13,1.237304498e-13,1.95554185e-13,2.909889596e-14,2.955724817e-13,4.776352981e-14,2.548557284e-13,2.636194325e-15
115.2734375,1.689947765e-13,1.338706944e-13,9.023916771e-14,1.369764832e-13,2.143603644e-13,9.320424744e-14,2.595297282e-14,3.378578558e-14,2.936722173e-14,4.361932113e-14,1.134662625e-14,4.3440693e-14,1.898170143e-13,1.276898788e-13,1.862508018e-13,3.310239231e-13,1.484448001e-13,4.272722022e-13,7.140039947e-14,7.587143404e-14,2.313498779e-14,1.065876624e-14,5.239341493e-14,8.717006148e-14,1.091757787e-13,1.223224784e-13,1.948389104e-13,2.911306848e-14,2.937469155e-13,4.745629847e-14,2.514235965e-13,2.66484176e-15
115.28125,1.669423438e-13,1.325801668e-13,9.019499835e-14,1.367784306e-13,2.136439297e-13,9.322471206e-14,2.558465477e-14,3.361877457e-14,2.945067804e-14,4.366334313e-14,1.117216513e-14,4.3238616e-14,1.8741223e-13,1.258558732e-13,1.835643939e-13,3.28954241e-13,1.471752495e-13,4.210864462e-13,7.032846398e-14,7.514646373e-14,2.309680077e-14,1.057209228e-14,5.165510915e-14,8.595489913e-14,1.075321148e-13,1.20875321e-13,1.940064691e-13,2.913930091e-14,2.916901711e-13,4.7157787e-14,2.480877116e-13,2.697067267e-15
115.2890625,1.649756786e-13,1.313857334e-13,9.014067503e-14,1.366164122e-13,2.13121917e-13,9.314889312e-14,2.520081441e-14,3.343177576e-14,2.958571574e-14,4.367529229e-14,1.103051582e-14,4.306002824e-14,1.849787864e-13,1.240299324e-13,1.80891987e-13,3.268051243e-13,1.457841113e-13,4.14943977e-13,6.929929013e-14,7.445718524e-14,2.304636361e-14,1.05064209e-14,5.088019183e-14,8.474085786e-14,1.058558486e-13,1.19396473e-13,1.930408913e-13,2.918828752e-14,2.895365234e-13,4.683689499e-14,2.447198601e-13,2.724767028e-15
115.296875,1.630423794e-13,1.303269073e-13,9.00280884e-14,1.365425051e-13,2.12623969e-13,9.304218118e-14,2.482325024e-14,3.324185562e-14,2.973376989e-14,4.367417259e-14,1.090303487e-14,4.286485796e-14,1.824272746e-13,1.221466155e-13,1.782152601e-13,3.246481003e-13,1.443869098e-13,4.087322374e-13,6.825185723e-14,7.385194346e-14,2.298565511e-14,1.044413545e-14,5.007982426e-14,8.351491998e-14,1.041058514e-13,1.178174198e-13,1.919328089e-13,2.922235923e-14,2.874450216e-13,4.647293579e-14,2.411352475e-13,2.754256803e-15
115.3046875,1.611036622e-13,1.291353058e-13,8.985408155e-14,1.365753508e-13,2.119373432e-13,9.298378758e-14,2.445450363e-14,3.303949525e-14,2.983448511e-14,4.369305109e-14,1.080504856e-14,4.2659111e-14,1.798866476e-13,1.20178477e-13,1.754846744e-13,3.224340883e-13,1.431067845e-13,4.025109567e-13,6.71959857e-14,7.328550105e-14,2.293970301e-14,1.037093059e-14,4.929489205e-14,8.228869501e-14,1.023624856e-13,1.161743793e-13,1.906754104e-13,2.924313749e-14,2.852458474e-13,4.610181623e-14,2.374128471e-13,2.796909928e-15
115.3125,1.591314403e-13,1.276934567e-13,8.970859114e-14,1.366013097e-13,2.113144745e-13,9.295344924e-14,2.408390468e-14,3.283091621e-14,2.99504108e-14,4.373719592e-14,1.074057817e-14,4.249284159e-14,1.773751972e-13,1.182704066e-13,1.727204003e-13,3.201371565e-13,1.417997587e-13,3.963295932e-13,6.615289406e-14,7.281371597e-14,2.291485692e-14,1.031823249e-14,4.854004942e-14,8.103443896e-14,1.006604941e-13,1.146093011e-13,1.893388612e-13,2.931216646e-14,2.828305505e-13,4.574615822e-14,2.337528385e-13,2.838757153e-15
115.3203125,1.571430869e-13,1.262584298e-13,8.959960793e-14,1.36428193e-13,2.108339286e-13,9.290657419e-14,2.371799746e-14,3.262669253e-14,3.010714313e-14,4.380669574e-14,1.07048639e-14,4.23462833e-14,1.747956335e-13,1.165209917e-13,1.700399135e-13,3.178697643e-13,1.40388856e-13,3.90144746e-13,6.51413773e-14,7.23942893e-14,2.290033048e-14,1.029780853e-14,4.778899192e-14,7.974368137e-14,9.895632165e-14,1.131207323e-13,1.880221077e-13,2.945501307e-14,2.804246642e-13,4.539601351e-14,2.302226426e-13,2.868841648e-15
115.328125,1.553419147e-13,1.249263761e-13,8.944046733e-14,1.360384991e-13,2.10266182e-13,9.289681001e-14,2.336043842e-14,3.241043566e-14,3.022007958e-14,4.389231931e-14,1.070730102e-14,4.215255985e-14,1.721371424e-13,1.148034507e-13,1.674733456e-13,3.156044372e-13,1.38994259e-13,3.839801408e-13,6.419378878e-14,7.18767069e-14,2.289743795e-14,1.027773452e-14,4.703817338e-14,7.841780856e-14,9.724236627e-14,1.115935504e-13,1.866000466e-13,2.963731355e-14,2.779531803e-13,4.505396943e-14,2.267556366e-13,2.910420564e-15
115.3359375,1.537903035e-13,1.23555553e-13,8.924688181e-14,1.355920237e-13,2.096411147e-13,9.293036764e-14,2.300380626e-14,3.218899194e-14,3.029191122e-14,4.395429972e-14,1.073116133e-14,4.19244475e-14,1.6941748e-13,1.130513618e-13,1.649345892e-13,3.132361139e-13,1.376172592e-13,3.778643489e-13,6.330260606e-14,7.127983944e-14,2.28986664e-14,1.024815759e-14,4.629725018e-14,7.706474551e-14,9.552858853e-14,1.100002591e-13,1.84889224e-13,2.980961253e-14,2.751858366e-13,4.470463708e-14,2.233116661e-13,2.971460574e-15
115.34375,1.522169e-13,1.222012256e-13,8.904086621e-14,1.352329638e-13,2.090738882e-13,9.291895819e-14,2.265398767e-14,3.200260123e-14,3.040957902e-14,4.394756e-14,1.074737134e-14,4.173671674e-14,1.666835536e-13,1.113320028e-13,1.624202309e-13,3.109215286e-13,1.36217914e-13,3.718054579e-13,6.242909304e-14,7.069893122e-14,2.289641283e-14,1.022817179e-14,4.55500101e-14,7.578262524e-14,9.381776029e-14,1.08382171e-13,1.830596467e-13,2.994878793e-14,2.723608347e-13,4.430205611e-14,2.199018561e-13,3.026465267e-15
115.3515625,1.505767759e-13,1.209028359e-13,8.874665113e-14,1.349911566e-13,2.085752845e-13,9.289593123e-14,2.23186272e-14,3.1858862e-14,3.057094105e-14,4.388886039e-14,1.076160435e-14,4.160499496e-14,1.640353632e-13,1.096713154e-13,1.600071946e-13,3.088227742e-13,1.349066323e-13,3.659610618e-13,6.158902714e-14,7.01445588e-14,2.291953723e-14,1.022567092e-14,4.480449773e-14,7.463067533e-14,9.215343606e-14,1.067737592e-13,1.813649552e-13,3.007828535e-14,2.696542365e-13,4.38497136e-14,2.165193485e-13,3.070809085e-15
115.359375,1.491287173e-13,1.194987553e-13,8.836731069e-14,1.347896219e-13,2.08198115e-13,9.293913867e-14,2.198668361e-14,3.172828772e-14,3.072122611e-14,4.385965169e-14,1.078673319e-14,4.148066301e-14,1.614751106e-13,1.080884979e-13,1.576851376e-13,3.067868014e-13,1.337121934e-13,3.604412549e-13,6.083853721e-14,6.965045746e-14,2.297849909e-14,1.023682419e-14,4.408506579e-14,7.350121949e-14,9.05612821e-14,1.051995307e-13,1.796528367e-13,3.022649792e-14,2.668318871e-13,4.340214329e-14,2.13148376e-13,3.123109772e-15
115.3671875,1.477831888e-13,1.18022687e-13,8.793778501e-14,1.345608534e-13,2.077911142e-13,9.296941088e-14,2.164899452e-14,3.157763396e-14,3.084818266e-14,4.387128124e-14,1.082898651e-14,4.133093582e-14,1.588705227e-13,1.065331846e-13,1.553718393e-13,3.046310082e-13,1.324901602e-13,3.550171554e-13,6.016998214e-14,6.919255795e-14,2.303129578e-14,1.025332292e-14,4.336266809e-14,7.230588766e-14,8.899218907e-14,1.036469588e-13,1.776652141e-13,3.037753366e-14,2.638300035e-13,4.2970274e-14,2.097318543e-13,3.185054767e-15
115.375,1.462514687e-13,1.165900637e-13,8.741698104e-14,1.343207493e-13,2.07169029e-13,9.294503581e-14,2.131383832e-14,3.138220856e-14,3.095327228e-14,4.383617971e-14,1.090344869e-14,4.115052592e-14,1.561077426e-13,1.048651176e-13,1.530345291e-13,3.023512031e-13,1.311500913e-13,3.494176875e-13,5.950495602e-14,6.86421443e-14,2.306988466e-14,1.026523567e-14,4.261857145e-14,7.105880006e-14,8.740353353e-14,1.020834709e-13,1.754849684e-13,3.051387439e-14,2.607333932e-13,4.252062308e-14,2.061455675e-13,3.250103774e-15
115.3828125,1.446947286e-13,1.151027043e-13,8.684365833e-14,1.340933499e-13,2.065440349e-13,9.298195277e-14,2.09930635e-14,3.115970385e-14,3.103912829e-14,4.374998346e-14,1.100754719e-14,4.093827581e-14,1.532256363e-13,1.031199489e-13,1.507222007e-13,3.000041638e-13,1.297471829e-13,3.437288394e-13,5.882434301e-14,6.805240303e-14,2.313217905e-14,1.027489267e-14,4.190273765e-14,6.975666359e-14,8.580374412e-14,1.00513811e-13,1.732605289e-13,3.066731796e-14,2.574763841e-13,4.204962704e-14,2.023542562e-13,3.320610486e-15
115.390625,1.434294697e-13,1.136026402e-13,8.628868219e-14,1.339013294e-13,2.06033472e-13,9.31352355e-14,2.06896218e-14,3.095655977e-14,3.11205333e-14,4.370104938e-14,1.112448626e-14,4.071652852e-14,1.503894445e-13,1.014317817e-13,1.485146065e-13,2.976884409e-13,1.284199377e-13,3.382375278e-13,5.822052757e-14,6.758320655e-14,2.322346806e-14,1.029878002e-14,4.123558956e-14,6.842434436e-14,8.421989678e-14,9.896551191e-14,1.709398043e-13,3.087983552e-14,2.541184003e-13,4.157701676e-14,1.98526211e-13,3.399188167e-15
115.3984375,1.423649777e-13,1.122417903e-13,8.573398725e-14,1.337548459e-13,2.054566271e-13,9.333415215e-14,2.039492738e-14,3.077104454e-14,3.12025339e-14,4.369292431e-14,1.125593676e-14,4.052980698e-14,1.476743497e-13,9.97905854e-14,1.464233973e-13,2.954569012e-13,1.272459021e-13,3.330397754e-13,5.774604222e-14,6.715700108e-14,2.334176917e-14,1.034781141e-14,4.057836333e-14,6.713229337e-14,8.268287153e-14,9.743663605e-14,1.685186985e-13,3.115529918e-14,2.507842145e-13,4.11105028e-14,1.948653856e-13,3.48897507e-15
115.40625,1.412896482e-13,1.108360388e-13,8.519969041e-14,1.335656171e-13,2.049361339e-13,9.349408839e-14,2.009762654e-14,3.05749879e-14,3.129178486e-14,4.367880846e-14,1.141281432e-14,4.039154978e-14,1.44987013e-13,9.8226519e-14,1.443714002e-13,2.932042489e-13,1.261141387e-13,3.279696757e-13,5.733287322e-14,6.665930657e-14,2.350379168e-14,1.04126563e-14,3.991601097e-14,6.588014409e-14,8.119195259e-14,9.589007566e-14,1.660818123e-13,3.146810608e-14,2.473798196e-13,4.066171928e-14,1.913887147e-13,3.590884439e-15
115.4140625,1.402333319e-13,1.092368448e-13,8.466958912e-14,1.332848058e-13,2.046169289e-13,9.359534884e-14,1.979903986e-14,3.037938782e-14,3.140089327e-14,4.366796451e-14,1.16094111e-14,4.026717634e-14,1.422888131e-13,9.679141202e-14,1.423031511e-13,2.908495994e-13,1.248858553e-13,3.228851206e-13,5.693414225e-14,6.614652724e-14,2.368380437e-14,1.048197632e-14,3.925173508e-14,6.466104311e-14,7.971480181e-14,9.431463277e-14,1.636022218e-13,3.178788531e-14,2.438659055e-13,4.022992028e-14,1.879700718e-13,3.695791024e-15
115.421875,1.392299247e-13,1.076848844e-13,8.401595811e-14,1.330020816e-13,2.042139077e-13,9.370636243e-14,1.950771602e-14,3.0182076e-14,3.151162566e-14,4.365658403e-14,1.185849036e-14,4.011896572e-14,1.396525113e-13,9.530375762e-14,1.402291842e-13,2.88434171e-13,1.235939073e-13,3.178654486e-13,5.658419618e-14,6.560598876e-14,2.384777012e-14,1.056115313e-14,3.857606493e-14,6.349992695e-14,7.825999121e-14,9.275683838e-14,1.610417382e-13,3.210398259e-14,2.403689055e-13,3.978191526e-14,1.845266804e-13,3.799385863e-15
115.4296875,1.382194374e-13,1.06257866e-13,8.327693054e-14,1.327187713e-13,2.036867229e-13,9.384185662e-14,1.922452602e-14,2.994500862e-14,3.159988176e-14,4.361301247e-14,1.214943554e-14,3.99472912e-14,1.370724275e-13,9.367056551e-14,1.381833982e-13,2.859940158e-13,1.223448751e-13,3.130612723e-13,5.631356762e-14,6.502343728e-14,2.40176146e-14,1.065454337e-14,3.789995979e-14,6.232794962e-14,7.686165818e-14,9.124543794e-14,1.584340285e-13,3.242797551e-14,2.368770841e-13,3.931651154e-14,1.810773704e-13,3.910396188e-15
115.4375,1.372975132e-13,1.047434892e-13,8.262183882e-14,1.323788547e-13,2.033387299e-13,9.394953621e-14,1.89507456e-14,2.96812296e-14,3.168170685e-14,4.354787239e-14,1.247035453e-14,3.979555245e-14,1.345124157e-13,9.214550906e-14,1.362531624e-13,2.836313235e-13,1.212215474e-13,3.085173266e-13,5.613996419e-14,6.453396496e-14,2.421194507e-14,1.075894505e-14,3.724462943e-14,6.10894526e-14,7.551086116e-14,8.976734343e-14,1.557965273e-13,3.277601617e-14,2.332743304e-13,3.887337863e-14,1.777286625e-13,4.036774635e-15
115.4453125,1.365846489e-13,1.031844135e-13,8.204313603e-14,1.320773847e-13,2.030298382e-13,9.413243757e-14,1.869421467e-14,2.943952704e-14,3.176762532e-14,4.348168385e-14,1.282252886e-14,3.96988329e-14,1.320352977e-13,9.083871638e-14,1.345382948e-13,2.815256964e-13,1.202809628e-13,3.041620008e-13,5.605369374e-14,6.414017332e-14,2.442374918e-14,1.087172851e-14,3.661321206e-14,5.986723063e-14,7.418571121e-14,8.833582665e-14,1.531760444e-13,3.316023489e-14,2.295630721e-13,3.84453838e-14,1.745578983e-13,4.179488377e-15
115.453125,1.359937701e-13,1.017829748e-13,8.144969259e-14,1.318243984e-13,2.024882837e-13,9.448947118e-14,1.845413846e-14,2.921597133e-14,3.183802683e-14,4.341436505e-14,1.319203986e-14,3.962431794e-14,1.296475722e-13,8.952760641e-14,1.329653058e-13,2.796122527e-13,1.194489417e-13,2.998667399e-13,5.599334752e-14,6.375877883e-14,2.466142099e-14,1.09809247e-14,3.600485257e-14,5.868801814e-14,7.288124007e-14,8.694810514e-14,1.505870941e-13,3.35739195e-14,2.258443092e-13,3.799882746e-14,1.714316804e-13,4.331476341e-15
115.4609375,1.354700564e-13,1.004737902e-13,8.081096775e-14,1.314914643e-13,2.01948311e-13,9.484915446e-14,1.822220866e-14,2.898129646e-14,3.189728724e-14,4.334589287e-14,1.3576782e-14,3.952640432e-14,1.272694258e-13,8.813763445e-14,1.313346008e-13,2.775837436e-13,1.185666106e-13,2.955984286e-13,5.595404253e-14,6.346692285e-14,2.491870433e-14,1.108443885e-14,3.540568272e-14,5.749453878e-14,7.159221714e-14,8.553937806e-14,1.479529357e-13,3.398219193e-14,2.222156917e-13,3.755151267e-14,1.682228092e-13,4.484602259e-15
115.46875,1.350664371e-13,9.910227203e-14,8.010341049e-14,1.311929142e-13,2.01590655e-13,9.510339267e-14,1.799941258e-14,2.873220315e-14,3.196755006e-14,4.327003335e-14,1.401233915e-14,3.944170039e-14,1.249776061e-13,8.683676384e-14,1.296264556e-13,2.753666158e-13,1.176448315e-13,2.914958373e-13,5.601206763e-14,6.323031322e-14,2.517596905e-14,1.120685475e-14,3.479896345e-14,5.633479112e-14,7.034157227e-14,8.41071474e-14,1.453325254e-13,3.437493894e-14,2.186707209e-13,3.71269993e-14,1.651150406e-13,4.644341598e-15
115.4765625,1.347450209e-13,9.773621692e-14,7.93730448e-14,1.310510175e-13,2.012337332e-13,9.54003795e-14,1.778654967e-14,2.848763049e-14,3.205146209e-14,4.319977269e-14,1.451234239e-14,3.94345373e-14,1.229122449e-13,8.569605527e-14,1.280055879e-13,2.732056534e-13,1.168533768e-13,2.876955507e-13,5.620417704e-14,6.287853205e-14,2.544920644e-14,1.135829392e-14,3.42151595e-14,5.525419024e-14,6.917531237e-14,8.273831928e-14,1.428247604e-13,3.48066166e-14,2.1508534e-13,3.671336228e-14,1.622958063e-13,4.81422671e-15
115.484375,1.345161358e-13,9.650763801e-14,7.868345615e-14,1.307697375e-13,2.008626136e-13,9.576989718e-14,1.757318896e-14,2.827939769e-14,3.214563442e-14,4.316342338e-14,1.504994718e-14,3.948416129e-14,1.209532631e-13,8.465374344e-14,1.265101059e-13,2.712204817e-13,1.162385091e-13,2.841554359e-13,5.650040255e-14,6.246009915e-14,2.575313962e-14,1.152413891e-14,3.36915452e-14,5.416617523e-14,6.808918446e-14,8.144977105e-14,1.402942292e-13,3.531614636e-14,2.113634496e-13,3.630706252e-14,1.596665882e-13,4.984912192e-15
115.4921875,1.344495682e-13,9.532030223e-14,7.796082516e-14,1.301991479e-13,2.005427002e-13,9.609890601e-14,1.735955809e-14,2.809559757e-14,3.222920511e-14,4.312677678e-14,1.561449899e-14,3.95122274e-14,1.188867306e-13,8.361229711e-14,1.250210902e-13,2.692528356e-13,1.156410299e-13,2.806875778e-13,5.683170335e-14,6.207496853e-14,2.606826226e-14,1.169354998e-14,3.320065847e-14,5.303021451e-14,6.703308499e-14,8.016828063e-14,1.376477481e-13,3.5852063e-14,2.074909406e-13,3.590647777e-14,1.570788919e-13,5.161683317e-15
115.5,1.344790433e-13,9.399597222e-14,7.715370981e-14,1.297278409e-13,2.001703175e-13,9.641281257e-14,1.716069219e-14,2.787166066e-14,3.227709397e-14,4.304074285e-14,1.62218767e-14,3.94968397e-14,1.167793354e-13,8.245804355e-14,1.23497536e-13,2.671579288e-13,1.149226479e-13,2.772081535e-13,5.717007198e-14,6.169471848e-14,2.637832094e-14,1.1863541e-14,3.270336013e-14,5.192095266e-14,6.598675858e-14,7.886484937e-14,1.349640389e-13,3.635546597e-14,2.035188396e-13,3.549504553e-14,1.544844697e-13,5.353944157e-15
115.5078125,1.34649609e-13,9.263883893e-14,7.633309687e-14,1.295057823e-13,1.998263073e-13,9.679299595e-14,1.697789208e-14,2.761351699e-14,3.231763456e-14,4.294544571e-14,1.687788788e-14,3.949143153e-14,1.148344505e-13,8.121964951e-14,1.219930566e-13,2.649529335e-13,1.141609387e-13,2.73890317e-13,5.762049504e-14,6.135480184e-14,2.668010994e-14,1.205012301e-14,3.221721369e-14,5.088221452e-14,6.496823772e-14,7.758554172e-14,1.32213225e-13,3.68602178e-14,1.995833843e-13,3.507732434e-14,1.519328133e-13,5.549463206e-15
115.515625,1.350540755e-13,9.144194623e-14,7.548139407e-14,1.291632481e-13,1.996172733e-13,9.723959553e-14,1.680149051e-14,2.739178442e-14,3.237227708e-14,4.288607405e-14,1.757477626e-14,3.952835175e-14,1.13046241e-13,8.005337945e-14,1.205261351e-13,2.627015819e-13,1.134983679e-13,2.708017198e-13,5.822627144e-14,6.104725385e-14,2.698198969e-14,1.226473224e-14,3.177360082e-14,4.988259993e-14,6.397830613e-14,7.636910952e-14,1.294140647e-13,3.742832521e-14,1.957354769e-13,3.466268643e-14,1.495453252e-13,5.745740613e-15
115.5234375,1.354159351e-13,9.029929729e-14,7.454447576e-14,1.285857646e-13,1.993374759e-13,9.769395789e-14,1.66329222e-14,2.719721145e-14,3.240519377e-14,4.283050382e-14,1.832533292e-14,3.958596242e-14,1.11292505e-13,7.900873887e-14,1.191040849e-13,2.604702791e-13,1.129103163e-13,2.67690182e-13,5.883601431e-14,6.069298712e-14,2.73123453e-14,1.247392861e-14,3.136604217e-14,4.888607703e-14,6.299890185e-14,7.520230393e-14,1.267465835e-13,3.804387396e-14,1.918432737e-13,3.42400394e-14,1.473249746e-13,5.956034508e-15
115.53125,1.355755235e-13,8.910102765e-14,7.364933977e-14,1.280139063e-13,1.989424802e-13,9.807174283e-14,1.647623234e-14,2.698040694e-14,3.242138042e-14,4.275925651e-14,1.914553699e-14,3.966488079e-14,1.096064014e-13,7.808891171e-14,1.177646489e-13,2.583513288e-13,1.123324552e-13,2.644987676e-13,5.940002288e-14,6.03692409e-14,2.769261054e-14,1.266438136e-14,3.097237025e-14,4.791679416e-14,6.204976865e-14,7.406543817e-14,1.242031072e-13,3.864140094e-14,1.879006243e-13,3.3825741e-14,1.452228282e-13,6.174663355e-15
115.5390625,1.358575662e-13,8.801472382e-14,7.289491234e-14,1.274769779e-13,1.986004924e-13,9.840003501e-14,1.633113988e-14,2.675828113e-14,3.245559817e-14,4.269007126e-14,1.999281227e-14,3.978190393e-14,1.080946941e-13,7.729943118e-14,1.165050565e-13,2.563728548e-13,1.118075616e-13,2.614937983e-13,6.00299965e-14,6.008578789e-14,2.811941782e-14,1.287146364e-14,3.059214965e-14,4.702402809e-14,6.116525899e-14,7.298493897e-14,1.216700319e-13,3.91946313e-14,1.84092121e-13,3.345610804e-14,1.432959674e-13,6.397599039e-15
115.546875,1.363844584e-13,8.709642509e-14,7.213203748e-14,1.269210941e-13,1.982350384e-13,9.880241848e-14,1.620037333e-14,2.655650531e-14,3.249328579e-14,4.261249853e-14,2.082291656e-14,3.992109809e-14,1.067406254e-13,7.649881866e-14,1.15271296e-13,2.544318328e-13,1.11339378e-13,2.587477497e-13,6.073817547e-14,5.968621169e-14,2.856772575e-14,1.309935202e-14,3.024257783e-14,4.618048239e-14,6.032676141e-14,7.197115427e-14,1.19194747e-13,3.975312783e-14,1.804098654e-13,3.311452739e-14,1.414965664e-13,6.637170884e-15
115.5546875,1.369713181e-13,8.615969556e-14,7.1248719e-14,1.26491463e-13,1.978151146e-13,9.92782995e-14,1.608277496e-14,2.637307632e-14,3.254371157e-14,4.25296039e-14,2.167968668e-14,4.009178633e-14,1.055114544e-13,7.56191864e-14,1.140500316e-13,2.524253483e-13,1.108910285e-13,2.561603434e-13,6.151187522e-14,5.923340073e-14,2.900084021e-14,1.333806651e-14,2.992963806e-14,4.534213184e-14,5.95162853e-14,7.094713906e-14,1.167835539e-13,4.039107039e-14,1.766843145e-13,3.27582487e-14,1.39755403e-13,6.886859252e-15
115.5625,1.375819024e-13,8.514173234e-14,7.036862733e-14,1.262217632e-13,1.974440015e-13,9.976844587e-14,1.597334548e-14,2.621002675e-14,3.262861707e-14,4.248672774e-14,2.259752037e-14,4.031464418e-14,1.044487831e-13,7.48069401e-14,1.12885746e-13,2.503933419e-13,1.105001569e-13,2.536949554e-13,6.239262954e-14,5.888837423e-14,2.941685997e-14,1.359864525e-14,2.964131146e-14,4.454879331e-14,5.87623287e-14,6.986655002e-14,1.143655269e-13,4.109023458e-14,1.729619225e-13,3.239699323e-14,1.382157501e-13,7.132790237e-15
115.5703125,1.381980109e-13,8.414662344e-14,6.955089423e-14,1.25916315e-13,1.969839127e-13,1.002659115e-13,1.586966166e-14,2.604716555e-14,3.269037975e-14,4.247673754e-14,2.353531715e-14,4.053693928e-14,1.035181624e-13,7.408063138e-14,1.11795489e-13,2.48447547e-13,1.10183511e-13,2.512750964e-13,6.332558627e-14,5.858480966e-14,2.985136821e-14,1.385598367e-14,2.936756058e-14,4.381337882e-14,5.806063031e-14,6.882081067e-14,1.119910735e-13,4.174781222e-14,1.694011843e-13,3.206073113e-14,1.368781754e-13,7.379564297e-15
115.578125,1.388675823e-13,8.323506179e-14,6.867001622e-14,1.254506621e-13,1.964300501e-13,1.007015133e-13,1.576536865e-14,2.58638955e-14,3.270114305e-14,4.24425022e-14,2.450029538e-14,4.073357919e-14,1.026648595e-13,7.336238784e-14,1.107387957e-13,2.466092903e-13,1.099457558e-13,2.489610751e-13,6.428239518e-14,5.828182101e-14,3.031007264e-14,1.408928195e-14,2.911074442e-14,4.308284237e-14,5.738439128e-14,6.787220279e-14,1.097273624e-13,4.235389159e-14,1.65955947e-13,3.173266527e-14,1.355544387e-13,7.631007501e-15
115.5859375,1.397817996e-13,8.24067301e-14,6.771379392e-14,1.248776129e-13,1.960033163e-13,1.010772767e-13,1.566387162e-14,2.569003628e-14,3.271863789e-14,4.238852287e-14,2.553654746e-14,4.097760979e-14,1.019775463e-13,7.269874616e-14,1.096801269e-13,2.447904067e-13,1.098384165e-13,2.469476267e-13,6.534809119e-14,5.805856328e-14,3.077040704e-14,1.433666835e-14,2.887163815e-14,4.23713569e-14,5.675814988e-14,6.693673693e-14,1.075491027e-13,4.300251792e-14,1.624730737e-13,3.138875047e-14,1.343164207e-13,7.89118069e-15
115.59375,1.408157481e-13,8.165785392e-14,6.681476491e-14,1.243213878e-13,1.95611632e-13,1.015628064e-13,1.558349861e-14,2.55470748e-14,3.27645374e-14,4.23457665e-14,2.661019283e-14,4.128951626e-14,1.014952945e-13,7.205519756e-14,1.08631692e-13,2.429510627e-13,1.098199044e-13,2.451135603e-13,6.649908586e-14,5.784930525e-14,3.123747067e-14,1.461243159e-14,2.863905766e-14,4.171211112e-14,5.618983423e-14,6.597983646e-14,1.054015218e-13,4.370497569e-14,1.589397596e-13,3.104970818e-14,1.332969614e-13,8.168285877e-15
115.6015625,1.417634058e-13,8.097538512e-14,6.59845796e-14,1.238469002e-13,1.951979625e-13,1.021547729e-13,1.551874005e-14,2.542103669e-14,3.282987304e-14,4.228276182e-14,2.770438237e-14,4.161079242e-14,1.010894058e-13,7.138118932e-14,1.076334928e-13,2.41203793e-13,1.098537077e-13,2.432518773e-13,6.765083368e-14,5.757352541e-14,3.173378506e-14,1.488937729e-14,2.84106629e-14,4.106773853e-14,5.564267515e-14,6.508186129e-14,1.032419937e-13,4.438951113e-14,1.554538867e-13,3.073187401e-14,1.323974516e-13,8.450914035e-15
115.609375,1.428206147e-13,8.029097452e-14,6.516564798e-14,1.234209906e-13,1.949504441e-13,1.026967547e-13,1.544714598e-14,2.530593383e-14,3.290397136e-14,4.219782567e-14,2.888018687e-14,4.193077746e-14,1.007240323e-13,7.079018221e-14,1.067053491e-13,2.396113813e-13,1.100338832e-13,2.414743639e-13,6.884833134e-14,5.737014919e-14,3.225191223e-14,1.516364965e-14,2.819861679e-14,4.043668368e-14,5.512121217e-14,6.422390315e-14,1.01115747e-13,4.505385382e-14,1.520490346e-13,3.04152791e-14,1.316302781e-13,8.7266571e-15
115.6171875,1.440770416e-13,7.957296366e-14,6.443299234e-14,1.230581115e-13,1.946953051e-13,1.032537901e-13,1.537492202e-14,2.517710564e-14,3.293492941e-14,4.217409346e-14,3.014883212e-14,4.227139485e-14,1.005198491e-13,7.025734323e-14,1.058329915e-13,2.380350272e-13,1.103233252e-13,2.398439204e-13,7.015852194e-14,5.736575038e-14,3.274126023e-14,1.545242082e-14,2.799166776e-14,3.985653327e-14,5.463623557e-14,6.331105317e-14,9.912823869e-14,4.576427044e-14,1.487019568e-13,3.010033381e-14,1.311810388e-13,9.010366145e-15
115.625,1.453510237e-13,7.897607913e-14,6.384356482e-14,1.227729895e-13,1.942670364e-13,1.038963501e-13,1.531314489e-14,2.501026517e-14,3.292529695e-14,4.222826754e-14,3.147571367e-14,4.262634423e-14,1.005400232e-13,6.968077279e-14,1.0501255e-13,2.364365928e-13,1.105977714e-13,2.382777769e-13,7.156597571e-14,5.744083247e-14,3.3166058e-14,1.57702244e-14,2.777214729e-14,3.930547177e-14,5.415523528e-14,6.236950331e-14,9.728839496e-14,4.655629174e-14,1.454239545e-13,2.981062666e-14,1.310395759e-13,9.309753963e-15
115.6328125,1.466666954e-13,7.859392282e-14,6.326598688e-14,1.224125473e-13,1.939782044e-13,1.044518673e-13,1.525292792e-14,2.485869455e-14,3.295273946e-14,4.227163885e-14,3.285860462e-14,4.299281996e-14,1.007297803e-13,6.918275657e-14,1.042407109e-13,2.349645905e-13,1.109037516e-13,2.368413979e-13,7.301194704e-14,5.74456865e-14,3.358151229e-14,1.610163793e-14,2.757405696e-14,3.877609463e-14,5.368741684e-14,6.145811923e-14,9.552729927e-14,4.739031687e-14,1.421655449e-13,2.953715989e-14,1.309883266e-13,9.604637889e-15
115.640625,1.480796936e-13,7.817413055e-14,6.259885647e-14,1.219231335e-13,1.938514122e-13,1.049063664e-13,1.520240063e-14,2.476817988e-14,3.301746745e-14,4.22533131e-14,3.427247058e-14,4.338615027e-14,1.010051833e-13,6.87828657e-14,1.034763704e-13,2.335721169e-13,1.1125569e-13,2.355517445e-13,7.446187881e-14,5.743743121e-14,3.406377874e-14,1.641482706e-14,2.742891808e-14,3.830988191e-14,5.328591521e-14,6.056099741e-14,9.380738878e-14,4.818400745e-14,1.388230761e-13,2.926204106e-14,1.309225032e-13,9.88845001e-15
115.6484375,1.494731892e-13,7.750984667e-14,6.192881059e-14,1.215102002e-13,1.9353133e-13,1.054536215e-13,1.518069097e-14,2.469688917e-14,3.307278599e-14,4.217976916e-14,3.568619237e-14,4.381346144e-14,1.013506594e-13,6.831142949e-14,1.027397699e-13,2.321774468e-13,1.116491831e-13,2.34307508e-13,7.59742039e-14,5.751462959e-14,3.457986121e-14,1.672597686e-14,2.730096076e-14,3.790321549e-14,5.295764763e-14,5.967824346e-14,9.213767878e-14,4.891077677e-14,1.354698302e-13,2.899307821e-14,1.309684716e-13,1.017711398e-14
115.65625,1.50857168e-13,7.682531589e-14,6.131510939e-14,1.212245235e-13,1.930573015e-13,1.060436768e-13,1.51791487e-14,2.462777294e-14,3.313030838e-14,4.207590813e-14,3.713797456e-14,4.425852451e-14,1.01819592e-13,6.782099131e-14,1.021205722e-13,2.309991738e-13,1.122606761e-13,2.331402219e-13,7.759391691e-14,5.765950289e-14,3.506355445e-14,1.705098279e-14,2.717072634e-14,3.753337857e-14,5.266749038e-14,5.880812026e-14,9.056806761e-14,4.963116769e-14,1.322502401e-13,2.872558577e-14,1.312262988e-13,1.046814835e-14
115.6640625,1.523961871e-13,7.637431623e-14,6.070409301e-14,1.208861998e-13,1.927197871e-13,1.065372339e-13,1.517826145e-14,2.458452689e-14,3.319217374e-14,4.202329433e-14,3.866167286e-14,4.471281117e-14,1.024268665e-13,6.747965452e-14,1.015529445e-13,2.299944289e-13,1.130451395e-13,2.320810459e-13,7.926591568e-14,5.783632693e-14,3.555276553e-14,1.736591861e-14,2.707456863e-14,3.719952792e-14,5.237945325e-14,5.792828251e-14,8.913721555e-14,5.040717099e-14,1.291127405e-13,2.84497056e-14,1.316378254e-13,1.07513435e-14
115.671875,1.541683114e-13,7.605976587e-14,6.010157759e-14,1.204278233e-13,1.925741276e-13,1.070151059e-13,1.51729128e-14,2.45349944e-14,3.323920666e-14,4.206071622e-14,4.024090278e-14,4.520336846e-14,1.031755022e-13,6.729157856e-14,1.008723096e-13,2.287079081e-13,1.13700545e-13,2.310599862e-13,8.098779189e-14,5.799224986e-14,3.60938447e-14,1.769730333e-14,2.701042032e-14,3.687164674e-14,5.208570312e-14,5.708307794e-14,8.780791962e-14,5.122412821e-14,1.25991242e-13,2.818799864e-14,1.322239535e-13,1.104510189e-14
115.6796875,1.559902792e-13,7.572761958e-14,5.954597182e-14,1.198680079e-13,1.924780493e-13,1.07476282e-13,1.516949766e-14,2.447284479e-14,3.329521061e-14,4.208817636e-14,4.186839051e-14,4.573028367e-14,1.041069462e-13,6.716191871e-14,1.001443584e-13,2.271874332e-13,1.142665418e-13,2.301016066e-13,8.279225748e-14,5.807989984e-14,3.662526804e-14,1.807073782e-14,2.693852412e-14,3.654124697e-14,5.182648295e-14,5.628089797e-14,8.650921904e-14,5.200692675e-14,1.229512469e-13,2.794659228e-14,1.330424155e-13,1.135791313e-14
115.6875,1.576243339e-13,7.544748132e-14,5.901534631e-14,1.192699124e-13,1.922951562e-13,1.078358811e-13,1.517879946e-14,2.446631149e-14,3.337693814e-14,4.204824262e-14,4.353299983e-14,4.625328019e-14,1.051965823e-13,6.697436293e-14,9.955711493e-14,2.259236455e-13,1.149675639e-13,2.292846966e-13,8.462144709e-14,5.820153967e-14,3.710267555e-14,1.842943476e-14,2.686120176e-14,3.626789941e-14,5.162714899e-14,5.544436091e-14,8.522709896e-14,5.274410198e-14,1.200005039e-13,2.769639703e-14,1.339705907e-13,1.166527411e-14
115.6953125,1.592460252e-13,7.527896158e-14,5.853053183e-14,1.188140112e-13,1.920705458e-13,1.082531606e-13,1.520269006e-14,2.45100983e-14,3.346001407e-14,4.201637499e-14,4.521564703e-14,4.679212725e-14,1.064186925e-13,6.676140872e-14,9.908528127e-14,2.248990388e-13,1.15786175e-13,2.286120795e-13,8.64775332e-14,5.841710061e-14,3.759383437e-14,1.876430927e-14,2.680394172e-14,3.608115532e-14,5.146519946e-14,5.460515197e-14,8.403490803e-14,5.353343087e-14,1.171133835e-13,2.744373542e-14,1.349515323e-13,1.196646316e-14
115.703125,1.611318822e-13,7.509921679e-14,5.81102457e-14,1.184736484e-13,1.918926537e-13,1.087877172e-13,1.523477052e-14,2.4532549e-14,3.353466033e-14,4.20205201e-14,4.693561214e-14,4.740096549e-14,1.078518358e-13,6.671036131e-14,9.859928575e-14,2.238032635e-13,1.167002856e-13,2.280590062e-13,8.845381421e-14,5.86172489e-14,3.814050424e-14,1.912538677e-14,2.677582973e-14,3.59572436e-14,5.134418188e-14,5.38381168e-14,8.299546619e-14,5.43977239e-14,1.143195581e-13,2.721148351e-14,1.361152147e-13,1.227669993e-14
115.7109375,1.631498858e-13,7.487214074e-14,5.766325209e-14,1.180017332e-13,1.917216558e-13,1.092107011e-13,1.52752718e-14,2.453850975e-14,3.362329815e-14,4.202044862e-14,4.870656342e-14,4.806432842e-14,1.094905771e-13,6.680631118e-14,9.810702146e-14,2.226879186e-13,1.177328544e-13,2.276211359e-13,9.053261129e-14,5.883792457e-14,3.868098662e-14,1.950322395e-14,2.67734461e-14,3.588069388e-14,5.127798372e-14,5.308128921e-14,8.206875041e-14,5.523620424e-14,1.115927494e-13,2.697174834e-14,1.374926476e-13,1.25812572e-14
115.71875,1.651872965e-13,7.47466648e-14,5.718507377e-14,1.174572063e-13,1.916085671e-13,1.095539155e-13,1.532740536e-14,2.457225165e-14,3.374379132e-14,4.201558008e-14,5.051282774e-14,4.874376735e-14,1.112262026e-13,6.690581045e-14,9.769322442e-14,2.217229556e-13,1.188088817e-13,2.272889e-13,9.262293757e-14,5.917366392e-14,3.916721212e-14,1.989036931e-14,2.677786327e-14,3.582822135e-14,5.122561348e-14,5.23003161e-14,8.121542486e-14,5.603771505e-14,1.089094021e-13,2.670934242e-14,1.390250737e-13,1.287845514e-14
115.7265625,1.673189992e-13,7.475753705e-14,5.682415764e-14,1.170392116e-13,1.91623314e-13,1.100407953e-13,1.539405344e-14,2.463887064e-14,3.387701895e-14,4.200028456e-14,5.235953734e-14,4.943789434e-14,1.130565496e-13,6.705476903e-14,9.739146595e-14,2.209029261e-13,1.199541415e-13,2.270039972e-13,9.471211805e-14,5.946808196e-14,3.962526395e-14,2.030485873e-14,2.678102967e-14,3.576202433e-14,5.11698759e-14,5.154539445e-14,8.046766287e-14,5.686988873e-14,1.063183385e-13,2.646992775e-14,1.40693207e-13,1.318877186e-14
115.734375,1.694411049e-13,7.480886627e-14,5.662183222e-14,1.166214713e-13,1.916585448e-13,1.105789887e-13,1.547700832e-14,2.472949331e-14,3.400257478e-14,4.196201701e-14,5.42434389e-14,5.016253404e-14,1.150094517e-13,6.728290003e-14,9.716544292e-14,2.201545573e-13,1.212253124e-13,2.26763071e-13,9.683978359e-14,5.967134541e-14,4.009136167e-14,2.071630604e-14,2.680319727e-14,3.56768402e-14,5.115925494e-14,5.079260952e-14,7.983598076e-14,5.77194791e-14,1.038190276e-13,2.626866541e-14,1.424450417e-13,1.349971217e-14
115.7421875,1.714982564e-13,7.492430137e-14,5.648662369e-14,1.161163889e-13,1.917125518e-13,1.110280472e-13,1.557027782e-14,2.4831164e-14,3.415353594e-14,4.193686928e-14,5.614046433e-14,5.09481797e-14,1.170674599e-13,6.748983414e-14,9.696639344e-14,2.194266942e-13,1.225194275e-13,2.267065544e-13,9.902429551e-14,6.000091724e-14,4.057497817e-14,2.111115689e-14,2.684298935e-14,3.561184896e-14,5.120415278e-14,5.003372538e-14,7.930924701e-14,5.857912267e-14,1.014071729e-13,2.606890854e-14,1.442681796e-13,1.378932272e-14
115.75,1.735529961e-13,7.51223261e-14,5.636649996e-14,1.15662975e-13,1.918398255e-13,1.114365678e-13,1.567877245e-14,2.494070271e-14,3.434360528e-14,4.193277493e-14,5.806746333e-14,5.179079827e-14,1.192791115e-13,6.767262943e-14,9.680389205e-14,2.187627307e-13,1.238066326e-13,2.268602667e-13,1.012351703e-13,6.044781346e-14,4.107610051e-14,2.150805427e-14,2.688004598e-14,3.561034096e-14,5.127190648e-14,4.931930892e-14,7.88841583e-14,5.946706527e-14,9.910499294e-14,2.586517761e-14,1.46206275e-13,1.405906e-14
115.7578125,1.755337547e-13,7.524532903e-14,5.625312926e-14,1.151728333e-13,1.919444773e-13,1.117836786e-13,1.581696379e-14,2.507831816e-14,3.451281016e-14,4.191831166e-14,6.003613189e-14,5.262751732e-14,1.216416367e-13,6.787267514e-14,9.669154341e-14,2.182004442e-13,1.251765076e-13,2.270652104e-13,1.034458585e-13,6.082640146e-14,4.159938562e-14,2.18895118e-14,2.692804066e-14,3.565703848e-14,5.136854595e-14,4.860579357e-14,7.852193268e-14,6.03080298e-14,9.68423818e-14,2.56749753e-14,1.482121897e-13,1.431684151e-14
115.765625,1.775260931e-13,7.527140334e-14,5.618165122e-14,1.144958907e-13,1.921338209e-13,1.120840829e-13,1.597377081e-14,2.525080567e-14,3.466830926e-14,4.19153666e-14,6.199705465e-14,5.346479333e-14,1.240617266e-13,6.81198302e-14,9.659943952e-14,2.176528959e-13,1.266165074e-13,2.273142358e-13,1.056887276e-13,6.120615966e-14,4.21291507e-14,2.226899433e-14,2.700079282e-14,3.571648851e-14,5.150221958e-14,4.785430961e-14,7.822034679e-14,6.10854535e-14,9.461561471e-14,2.549171867e-14,1.502700199e-13,1.458247179e-14
115.7734375,1.796670416e-13,7.548726176e-14,5.622023208e-14,1.138286471e-13,1.925492087e-13,1.124639464e-13,1.613747493e-14,2.545561849e-14,3.49079852e-14,4.196154807e-14,6.392701004e-14,5.439357556e-14,1.26581647e-13,6.851228442e-14,9.655517419e-14,2.171273006e-13,1.280732942e-13,2.276907654e-13,1.079774492e-13,6.167814331e-14,4.261895485e-14,2.268901644e-14,2.707936285e-14,3.582578259e-14,5.164250475e-14,4.712583451e-14,7.80462196e-14,6.194699445e-14,9.257419664e-14,2.531214316e-14,1.524697045e-13,1.485940547e-14
115.78125,1.817546604e-13,7.602545726e-14,5.634842766e-14,1.133086603e-13,1.929060422e-13,1.128676529e-13,1.6325581e-14,2.568887804e-14,3.521666916e-14,4.204741465e-14,6.58744191e-14,5.542199547e-14,1.292738316e-13,6.903539672e-14,9.661906984e-14,2.167330489e-13,1.295674759e-13,2.28128572e-13,1.102854609e-13,6.209183365e-14,4.307053209e-14,2.311694386e-14,2.716237848e-14,3.599819201e-14,5.178919787e-14,4.641926099e-14,7.79956847e-14,6.2939701e-14,9.07070815e-14,2.514324559e-14,1.547791803e-13,1.5115963e-14
115.7890625,1.837403589e-13,7.65867261e-14,5.650599027e-14,1.127442211e-13,1.930909493e-13,1.131705869e-13,1.653641083e-14,2.592880617e-14,3.549719937e-14,4.214007944e-14,6.78803646e-14,5.648020393e-14,1.320423218e-13,6.956022554e-14,9.674775063e-14,2.164271075e-13,1.311430603e-13,2.286094172e-13,1.126293853e-13,6.241014325e-14,4.354447689e-14,2.352312976e-14,2.726871436e-14,3.615900505e-14,5.198377679e-14,4.569909021e-14,7.799538273e-14,6.392534078e-14,8.885569914e-14,2.497626763e-14,1.571175634e-13,1.53603803e-14
115.796875,1.858271933e-13,7.693310142e-14,5.670989261e-14,1.120276057e-13,1.934499705e-13,1.134135817e-13,1.674556815e-14,2.618985633e-14,3.57867624e-14,4.219646146e-14,6.991273215e-14,5.753802369e-14,1.348357833e-13,7.011584768e-14,9.68835865e-14,2.16159979e-13,1.327932724e-13,2.2918786e-13,1.150301659e-13,6.285751222e-14,4.403084411e-14,2.395681148e-14,2.739411282e-14,3.632129249e-14,5.222760001e-14,4.500741656e-14,7.804961164e-14,6.482477561e-14,8.705243813e-14,2.480458635e-14,1.595933527e-13,1.56275472e-14
115.8046875,1.879002416e-13,7.726019555e-14,5.695267911e-14,1.112706808e-13,1.939899787e-13,1.136436506e-13,1.696003074e-14,2.650344334e-14,3.614600358e-14,4.220256827e-14,7.191263881e-14,5.856526352e-14,1.377389926e-13,7.075884123e-14,9.70787624e-14,2.160127083e-13,1.344587245e-13,2.298104344e-13,1.174665041e-13,6.354606895e-14,4.446349051e-14,2.443127898e-14,2.752794416e-14,3.656237141e-14,5.247943237e-14,4.435024915e-14,7.824446598e-14,6.567934086e-14,8.542388776e-14,2.463162984e-14,1.622650384e-13,1.588891303e-14
115.8125,1.898724192e-13,7.778999547e-14,5.718631797e-14,1.105678369e-13,1.944183065e-13,1.13865178e-13,1.719728122e-14,2.682534916e-14,3.649706625e-14,4.219826497e-14,7.39195856e-14,5.953992809e-14,1.407827878e-13,7.139387256e-14,9.738070858e-14,2.15983788e-13,1.361775565e-13,2.304964566e-13,1.199370404e-13,6.433907913e-14,4.485599551e-14,2.489861411e-14,2.767080661e-14,3.683772258e-14,5.27340979e-14,4.368869099e-14,7.860826738e-14,6.65295384e-14,8.394538051e-14,2.445220729e-14,1.649361643e-13,1.611637659e-14
115.8203125,1.919827877e-13,7.842333683e-14,5.745029254e-14,1.099190525e-13,1.948479478e-13,1.140894957e-13,1.745029415e-14,2.712600275e-14,3.682262903e-14,4.221344398e-14,7.600710597e-14,6.055476964e-14,1.439359347e-13,7.202427773e-14,9.774004666e-14,2.159982589e-13,1.380482833e-13,2.313552802e-13,1.22449652e-13,6.509976253e-14,4.525158012e-14,2.535470651e-14,2.78156644e-14,3.710782785e-14,5.302505595e-14,4.302896986e-14,7.903935934e-14,6.740075414e-14,8.25406016e-14,2.42638986e-14,1.674982095e-13,1.634399035e-14
115.828125,1.941504524e-13,7.902288017e-14,5.779041025e-14,1.092592095e-13,1.954524029e-13,1.142606088e-13,1.771255751e-14,2.745890976e-14,3.722172505e-14,4.226271804e-14,7.808001338e-14,6.169452779e-14,1.471405867e-13,7.276212438e-14,9.809505758e-14,2.160431121e-13,1.399651809e-13,2.323096662e-13,1.249571066e-13,6.58342326e-14,4.564337967e-14,2.58221884e-14,2.796066328e-14,3.7422196e-14,5.335687631e-14,4.236130883e-14,7.94608554e-14,6.830193619e-14,8.119143465e-14,2.407505525e-14,1.70072969e-13,1.657636466e-14
115.8359375,1.960442698e-13,7.965366319e-14,5.817179619e-14,1.085963297e-13,1.96020108e-13,1.143625559e-13,1.798357322e-14,2.783775074e-14,3.767737438e-14,4.236423776e-14,8.002290845e-14,6.288482497e-14,1.50336821e-13,7.356239077e-14,9.845570787e-14,2.161391739e-13,1.418103805e-13,2.332372874e-13,1.273967688e-13,6.663796243e-14,4.604123803e-14,2.627929775e-14,2.812369275e-14,3.775023541e-14,5.371043223e-14,4.167422458e-14,7.996038804e-14,6.920536656e-14,7.989711253e-14,2.389121584e-14,1.726976171e-13,1.677982398e-14
115.84375,1.978080504e-13,8.040446505e-14,5.859503078e-14,1.080561499e-13,1.964828418e-13,1.144861714e-13,1.826059176e-14,2.824239315e-14,3.812027879e-14,4.248848834e-14,8.194207502e-14,6.40594795e-14,1.536215148e-13,7.43566979e-14,9.889664238e-14,2.163625253e-13,1.437521562e-13,2.342357655e-13,1.298006316e-13,6.754281929e-14,4.645901311e-14,2.671581479e-14,2.831481979e-14,3.805809843e-14,5.409589599e-14,4.100779324e-14,8.062183984e-14,7.011850026e-14,7.867723032e-14,2.371601724e-14,1.75333327e-13,1.696566205e-14
115.8515625,1.998200404e-13,8.12237208e-14,5.911081007e-14,1.07584593e-13,1.970899256e-13,1.146531184e-13,1.85518211e-14,2.867444316e-14,3.858956971e-14,4.26029283e-14,8.39379458e-14,6.526720674e-14,1.57113914e-13,7.520423949e-14,9.944332121e-14,2.16720888e-13,1.458585814e-13,2.354387205e-13,1.322809124e-13,6.84024961e-14,4.686340884e-14,2.717561247e-14,2.852193621e-14,3.840922195e-14,5.451998934e-14,4.035665097e-14,8.139633656e-14,7.109532497e-14,7.755440334e-14,2.354951514e-14,1.780751467e-13,1.716037197e-14
115.859375,2.020219213e-13,8.202087168e-14,5.972840182e-14,1.069770651e-13,1.978631108e-13,1.147935827e-13,1.886113113e-14,2.908309368e-14,3.908803469e-14,4.273786547e-14,8.594063497e-14,6.651144681e-14,1.606771976e-13,7.608938577e-14,9.998492792e-14,2.169974968e-13,1.478591274e-13,2.367846929e-13,1.348408205e-13,6.91483573e-14,4.723908723e-14,2.766976095e-14,2.872979078e-14,3.878652953e-14,5.494311523e-14,3.969749181e-14,8.223250475e-14,7.211155065e-14,7.648818449e-14,2.338500117e-14,1.809570417e-13,1.735800911e-14
115.8671875,2.040819315e-13,8.283593844e-14,6.041631216e-14,1.063186829e-13,1.986431831e-13,1.148460377e-13,1.917590969e-14,2.943538366e-14,3.956811773e-14,4.29029841e-14,8.794351471e-14,6.775226451e-14,1.641609244e-13,7.694811221e-14,1.004312103e-13,2.170797384e-13,1.496447318e-13,2.381336265e-13,1.373537305e-13,6.997710773e-14,4.759048596e-14,2.815490344e-14,2.89354585e-14,3.913640213e-14,5.534370866e-14,3.908016187e-14,8.312745385e-14,7.307964478e-14,7.542795025e-14,2.322374012e-14,1.838219674e-13,1.755193938e-14
115.875,2.059383747e-13,8.378216782e-14,6.109912604e-14,1.057862288e-13,1.994808636e-13,1.14786835e-13,1.949477295e-14,2.980434191e-14,4.007595414e-14,4.307227094e-14,8.997349866e-14,6.902047571e-14,1.676433879e-13,7.783281664e-14,1.008729553e-13,2.171974121e-13,1.514433526e-13,2.394803213e-13,1.397841157e-13,7.0924546e-14,4.789557232e-14,2.861899113e-14,2.914910608e-14,3.952214134e-14,5.575877769e-14,3.850722142e-14,8.410228252e-14,7.40014148e-14,7.44129112e-14,2.30686933e-14,1.865794066e-13,1.77345793e-14
115.8828125,2.077554653e-13,8.48253027e-14,6.171782709e-14,1.052202783e-13,2.003938037e-13,1.14678178e-13,1.982496915e-14,3.022293616e-14,4.063925851e-14,4.326537184e-14,9.192109895e-14,7.032224238e-14,1.711759647e-13,7.875020356e-14,1.014288276e-13,2.175424704e-13,1.53378102e-13,2.409021479e-13,1.421959196e-13,7.176631409e-14,4.816431703e-14,2.9077957e-14,2.937985047e-14,3.995888845e-14,5.621874611e-14,3.792386e-14,8.521367827e-14,7.493383707e-14,7.350958674e-14,2.290731261e-14,1.89307767e-13,1.788857029e-14
115.890625,2.096003015e-13,8.582982791e-14,6.235058713e-14,1.045241696e-13,2.012069881e-13,1.146069025e-13,2.016310747e-14,3.064323009e-14,4.119841555e-14,4.349686438e-14,9.375871694e-14,7.159873272e-14,1.747143428e-13,7.963622683e-14,1.020798053e-13,2.180144522e-13,1.553549733e-13,2.423854152e-13,1.4460282e-13,7.255327326e-14,4.843998411e-14,2.953087588e-14,2.962175309e-14,4.037319099e-14,5.671460586e-14,3.736194875e-14,8.644175136e-14,7.586388361e-14,7.270679143e-14,2.27317245e-14,1.920861747e-13,1.802664242e-14
115.8984375,2.114914535e-13,8.681785194e-14,6.308955619e-14,1.039072131e-13,2.01912478e-13,1.145536805e-13,2.051530521e-14,3.105137417e-14,4.173996411e-14,4.372908617e-14,9.561502088e-14,7.285243877e-14,1.782791115e-13,8.054541222e-14,1.027553639e-13,2.184565175e-13,1.573432857e-13,2.439050448e-13,1.470120232e-13,7.350377412e-14,4.872210234e-14,2.998247744e-14,2.986239425e-14,4.078192148e-14,5.722270571e-14,3.684457795e-14,8.768418407e-14,7.676566382e-14,7.19666718e-14,2.255557292e-14,1.948787299e-13,1.816687205e-14
115.90625,2.134076488e-13,8.787080955e-14,6.388625726e-14,1.03335932e-13,2.026691534e-13,1.144385187e-13,2.088590164e-14,3.145920594e-14,4.228882331e-14,4.394038334e-14,9.750114969e-14,7.413190893e-14,1.818507992e-13,8.152354103e-14,1.034127569e-13,2.188423769e-13,1.593577511e-13,2.454990977e-13,1.494433661e-13,7.452968755e-14,4.898515382e-14,3.043930409e-14,3.0095904e-14,4.123183211e-14,5.771706626e-14,3.631253996e-14,8.894243623e-14,7.76479951e-14,7.127726437e-14,2.239027983e-14,1.976220196e-13,1.828278853e-14
115.9140625,2.15156703e-13,8.890181069e-14,6.469655441e-14,1.025480543e-13,2.035141479e-13,1.142182508e-13,2.124304733e-14,3.188810445e-14,4.286513322e-14,4.414622158e-14,9.932952827e-14,7.544493309e-14,1.853662387e-13,8.249822326e-14,1.040099355e-13,2.191632256e-13,1.612589155e-13,2.47113189e-13,1.518628361e-13,7.547572929e-14,4.920953901e-14,3.089844598e-14,3.032565049e-14,4.170472647e-14,5.819532766e-14,3.578985367e-14,9.027553548e-14,7.8496612e-14,7.061571888e-14,2.222897487e-14,2.00373193e-13,1.836661678e-14
115.921875,2.166745482e-13,8.992191631e-14,6.556835688e-14,1.016404517e-13,2.043973072e-13,1.139221891e-13,2.156990899e-14,3.236928529e-14,4.350753477e-14,4.438677204e-14,1.011148811e-13,7.678866917e-14,1.888969244e-13,8.345672971e-14,1.045390268e-13,2.193350022e-13,1.629455379e-13,2.486912173e-13,1.542562905e-13,7.634393417e-14,4.937689417e-14,3.136926611e-14,3.056522104e-14,4.218068831e-14,5.868780113e-14,3.534168502e-14,9.167290443e-14,7.934294167e-14,7.000158892e-14,2.206190141e-14,2.031734449e-13,1.845558872e-14
115.9296875,2.182020942e-13,9.117385395e-14,6.652128683e-14,1.009017052e-13,2.052733948e-13,1.136588697e-13,2.1908613e-14,3.287670931e-14,4.420405613e-14,4.470316323e-14,1.02900682e-13,7.817185861e-14,1.925360065e-13,8.443167232e-14,1.050761937e-13,2.194182186e-13,1.646407357e-13,2.503863682e-13,1.566425096e-13,7.712289013e-14,4.951997457e-14,3.184882706e-14,3.082650782e-14,4.263236209e-14,5.921431125e-14,3.491798435e-14,9.314522495e-14,8.029590932e-14,6.951533205e-14,2.188966132e-14,2.059103378e-13,1.854319019e-14
115.9375,2.198857198e-13,9.261793322e-14,6.751890681e-14,1.003035892e-13,2.061269211e-13,1.134837158e-13,2.228757188e-14,3.337283053e-14,4.490962348e-14,4.506569879e-14,1.046372566e-13,7.95840476e-14,1.962160169e-13,8.540062319e-14,1.057100932e-13,2.196882863e-13,1.665962813e-13,2.522857561e-13,1.589747833e-13,7.786682714e-14,4.970592773e-14,3.231309212e-14,3.110684754e-14,4.305322101e-14,5.976764409e-14,3.448813006e-14,9.468809945e-14,8.1330954e-14,6.914591051e-14,2.171576479e-14,2.085414131e-13,1.860350044e-14
115.9453125,2.216065601e-13,9.392182766e-14,6.851298754e-14,9.962990701e-14,2.070323121e-13,1.132789331e-13,2.267901852e-14,3.386830238e-14,4.564683405e-14,4.5417533e-14,1.062452242e-13,8.10035399e-14,1.997838934e-13,8.6369577e-14,1.063862e-13,2.201573405e-13,1.686374576e-13,2.541682741e-13,1.611951865e-13,7.870471218e-14,4.991547291e-14,3.276001707e-14,3.140178021e-14,4.351265663e-14,6.031709142e-14,3.411863698e-14,9.620723657e-14,8.22722878e-14,6.880437024e-14,2.153911464e-14,2.110816092e-13,1.866895122e-14
115.953125,2.231819449e-13,9.515695781e-14,6.949126428e-14,9.885835526e-14,2.080733725e-13,1.12915135e-13,2.305547344e-14,3.43355777e-14,4.642806234e-14,4.577530276e-14,1.077525816e-13,8.243909417e-14,2.031925864e-13,8.73740104e-14,1.069224043e-13,2.204670678e-13,1.70408487e-13,2.5589199e-13,1.633273188e-13,7.962093254e-14,5.004969868e-14,3.32107846e-14,3.170570802e-14,4.402800564e-14,6.081302988e-14,3.381134591e-14,9.774894255e-14,8.310523991e-14,6.851457708e-14,2.135897745e-14,2.13432013e-13,1.874956674e-14
115.9609375,2.245349122e-13,9.663086244e-14,7.051410121e-14,9.817049905e-14,2.092277633e-13,1.124552354e-13,2.341624078e-14,3.472840079e-14,4.719070944e-14,4.615064825e-14,1.092959899e-13,8.390738995e-14,2.065953975e-13,8.843359838e-14,1.073004337e-13,2.205273969e-13,1.719158604e-13,2.576329354e-13,1.654285708e-13,8.049984532e-14,5.007452969e-14,3.36860229e-14,3.199690309e-14,4.452155231e-14,6.125555278e-14,3.351261888e-14,9.950773649e-14,8.398292866e-14,6.836073671e-14,2.117090773e-14,2.15655307e-13,1.880229378e-14
115.96875,2.25788321e-13,9.819765013e-14,7.158616113e-14,9.759922643e-14,2.10331183e-13,1.120408199e-13,2.377122137e-14,3.508842767e-14,4.789944879e-14,4.649934879e-14,1.108812304e-13,8.534369046e-14,2.100665554e-13,8.952531178e-14,1.077398739e-13,2.206189072e-13,1.73418792e-13,2.594659818e-13,1.674980782e-13,8.127267676e-14,5.006157773e-14,3.416993366e-14,3.226915565e-14,4.497840829e-14,6.171088686e-14,3.323151743e-14,1.014341576e-13,8.488726362e-14,6.831456581e-14,2.096459129e-14,2.179109513e-13,1.883572985e-14
115.9765625,2.270282958e-13,9.959046876e-14,7.262084122e-14,9.689024004e-14,2.111867337e-13,1.116654279e-13,2.412938917e-14,3.549394821e-14,4.861124092e-14,4.6834401e-14,1.123036032e-13,8.668221665e-14,2.133518961e-13,9.05283862e-14,1.083356535e-13,2.208424252e-13,1.749610561e-13,2.611716614e-13,1.694726936e-13,8.201953344e-14,5.008940026e-14,3.460800192e-14,3.255307443e-14,4.546699945e-14,6.219937596e-14,3.299509388e-14,1.032577625e-13,8.564521565e-14,6.82934402e-14,2.07497895e-14,2.200331405e-13,1.88849463e-14
115.984375,2.281085067e-13,1.008909895e-13,7.36426783e-14,9.594096433e-14,2.118714931e-13,1.112442955e-13,2.448906475e-14,3.597482296e-14,4.94163267e-14,4.720634841e-14,1.134891667e-13,8.802040875e-14,2.163085382e-13,9.141072116e-14,1.08963017e-13,2.211016771e-13,1.764249201e-13,2.626677304e-13,1.713475138e-13,8.291131857e-14,5.016184481e-14,3.500555261e-14,3.286031444e-14,4.602419823e-14,6.268310307e-14,3.280649272e-14,1.049257625e-13,8.62463172e-14,6.828932322e-14,2.055712019e-14,2.218874054e-13,1.893275699e-14
115.9921875,2.290083532e-13,1.021874497e-13,7.474225011e-14,9.498431519e-14,2.126593187e-13,1.107949888e-13,2.48604518e-14,3.649333787e-14,5.030730922e-14,4.760084393e-14,1.146389038e-13,8.945364775e-14,2.192029428e-13,9.23482388e-14,1.095807999e-13,2.213836424e-13,1.778624018e-13,2.641630523e-13,1.731943804e-13,8.384807219e-14,5.022001486e-14,3.54219274e-14,3.31678518e-14,4.662463575e-14,6.316469503e-14,3.265541791e-14,1.066300867e-13,8.683352725e-14,6.835807097e-14,2.038508924e-14,2.236772005e-13,1.896099151e-14
116,2.298902443e-13,1.034891982e-13,7.589692527e-14,9.41437452e-14,2.136033548e-13,1.103432351e-13,2.52639538e-14,3.696914093e-14,5.118258879e-14,4.799286213e-14,1.158807992e-13,9.089969937e-14,2.222252018e-13,9.341941122e-14,1.102326376e-13,2.21682268e-13,1.793718318e-13,2.657841399e-13,1.750091118e-13,8.460888919e-14,5.021821748e-14,3.584961427e-14,3.347385465e-14,4.721935919e-14,6.36637082e-14,3.250125187e-14,1.084971538e-13,8.746706967e-14,6.852645925e-14,2.018889927e-14,2.254805179e-13,1.898041317e-14
116.0078125,2.307311264e-13,1.049517476e-13,7.707040692e-14,9.335644409e-14,2.145880314e-13,1.098391425e-13,2.567566882e-14,3.738518884e-14,5.20218921e-14,4.837921061e-14,1.170897492e-13,9.230044981e-14,2.252814601e-13,9.452367716e-14,1.108826261e-13,2.219743781e-13,1.8085623e-13,2.67452992e-13,1.767295565e-13,8.538220609e-14,5.017336964e-14,3.626147374e-14,3.378455021e-14,4.777645088e-14,6.415776506e-14,3.232757684e-14,1.10493953e-13,8.809493832e-14,6.873407402e-14,1.994863527e-14,2.272106611e-13,1.900067394e-14
116.015625,2.314721788e-13,1.06599483e-13,7.823597476e-14,9.263310753e-14,2.154685386e-13,1.09306985e-13,2.606309517e-14,3.780113631e-14,5.285711313e-14,4.873794451e-14,1.181391774e-13,9.36694453e-14,2.282714782e-13,9.557810002e-14,1.115156903e-13,2.222773863e-13,1.822106697e-13,2.690840414e-13,1.783587582e-13,8.63421782e-14,5.011659891e-14,3.666644533e-14,3.407988465e-14,4.828785706e-14,6.463251781e-14,3.217867049e-14,1.125128503e-13,8.866710982e-14,6.893244021e-14,1.97022534e-14,2.288505714e-13,1.902655811e-14
116.0234375,2.322056454e-13,1.082091965e-13,7.933680776e-14,9.193921745e-14,2.160637355e-13,1.088277633e-13,2.645197024e-14,3.822623113e-14,5.36490656e-14,4.908362886e-14,1.190874897e-13,9.495189914e-14,2.311120511e-13,9.649857789e-14,1.121552038e-13,2.225336516e-13,1.834864035e-13,2.706676435e-13,1.799183922e-13,8.715948268e-14,5.004452119e-14,3.704006852e-14,3.436519181e-14,4.876883051e-14,6.510527695e-14,3.207887363e-14,1.144926788e-13,8.920623054e-14,6.919330279e-14,1.948786165e-14,2.303130168e-13,1.90411043e-14
116.03125,2.329004592e-13,1.097324444e-13,8.046501568e-14,9.118970617e-14,2.164991053e-13,1.083835245e-13,2.686683154e-14,3.861827795e-14,5.442379515e-14,4.946752097e-14,1.200372037e-13,9.61913849e-14,2.337866882e-13,9.72999608e-14,1.127685822e-13,2.22663882e-13,1.847013744e-13,2.722644938e-13,1.814256032e-13,8.765964493e-14,4.996466843e-14,3.738490092e-14,3.467629349e-14,4.927868803e-14,6.558254175e-14,3.201817411e-14,1.164924938e-13,8.97760871e-14,6.957985877e-14,1.929574269e-14,2.31610562e-13,1.902872782e-14
116.0390625,2.334316082e-13,1.113426999e-13,8.17268133e-14,9.046866642e-14,2.170769974e-13,1.079159432e-13,2.729274936e-14,3.897052575e-14,5.527738393e-14,4.987570398e-14,1.209650942e-13,9.75333679e-14,2.36398956e-13,9.81423157e-14,1.133494855e-13,2.227249138e-13,1.857737885e-13,2.73895261e-13,1.82891071e-13,8.816348588e-14,4.990287476e-14,3.775956746e-14,3.501130186e-14,4.986143712e-14,6.604695135e-14,3.200037193e-14,1.185645208e-13,9.036006956e-14,7.003522959e-14,1.909806584e-14,2.32910489e-13,1.902461273e-14
116.046875,2.338232582e-13,1.130220525e-13,8.295842909e-14,8.984526409e-14,2.176619185e-13,1.073957624e-13,2.771850063e-14,3.929929822e-14,5.617766707e-14,5.026183325e-14,1.218162825e-13,9.891601868e-14,2.388690215e-13,9.897323041e-14,1.139119984e-13,2.227996154e-13,1.866974729e-13,2.75442249e-13,1.8423017e-13,8.887550624e-14,4.983602603e-14,3.814231117e-14,3.534912892e-14,5.047134856e-14,6.647548137e-14,3.201778749e-14,1.206590946e-13,9.085726478e-14,7.050690478e-14,1.888799852e-14,2.34101473e-13,1.904959794e-14
116.0546875,2.341829953e-13,1.146115271e-13,8.406291514e-14,8.918066873e-14,2.180488766e-13,1.068090315e-13,2.812830793e-14,3.962015345e-14,5.706260624e-14,5.062383866e-14,1.226241187e-13,1.002092683e-13,2.410251008e-13,9.965178945e-14,1.144090055e-13,2.228636686e-13,1.875743149e-13,2.768760186e-13,1.853799213e-13,8.967032807e-14,4.972595194e-14,3.848222499e-14,3.569046597e-14,5.104374782e-14,6.687166686e-14,3.204855023e-14,1.227509922e-13,9.123992106e-14,7.099681187e-14,1.867233954e-14,2.350267366e-13,1.906420888e-14
116.0625,2.346080703e-13,1.162426952e-13,8.524029405e-14,8.835515492e-14,2.184459503e-13,1.062036653e-13,2.851060002e-14,3.99394136e-14,5.796976094e-14,5.097579003e-14,1.233721365e-13,1.015005032e-13,2.430212848e-13,1.003787134e-13,1.148370224e-13,2.228463964e-13,1.884798519e-13,2.78351648e-13,1.864463865e-13,9.040500559e-14,4.958964615e-14,3.881304458e-14,3.602640456e-14,5.15728475e-14,6.726445707e-14,3.210646185e-14,1.248740389e-13,9.158433484e-14,7.150997092e-14,1.845875878e-14,2.358694934e-13,1.905595592e-14
116.0703125,2.350927646e-13,1.181247737e-13,8.655261861e-14,8.745571185e-14,2.189432279e-13,1.056166902e-13,2.888785133e-14,4.023192875e-14,5.890503092e-14,5.135083618e-14,1.239379267e-13,1.028722038e-13,2.450570885e-13,1.013114661e-13,1.152519555e-13,2.227430209e-13,1.893819735e-13,2.798769886e-13,1.875026164e-13,9.108378535e-14,4.94438538e-14,3.914890798e-14,3.635046728e-14,5.208650936e-14,6.76506404e-14,3.223010293e-14,1.270467783e-13,9.193823602e-14,7.210168716e-14,1.825005255e-14,2.366737806e-13,1.905376116e-14
116.078125,2.35460888e-13,1.200618884e-13,8.785573201e-14,8.667024014e-14,2.19357194e-13,1.050056414e-13,2.926600698e-14,4.048080437e-14,5.983438111e-14,5.178157276e-14,1.243152385e-13,1.042299816e-13,2.470064414e-13,1.022329517e-13,1.156753691e-13,2.226498263e-13,1.901896728e-13,2.812750202e-13,1.884640023e-13,9.178241859e-14,4.927401664e-14,3.94588523e-14,3.66845482e-14,5.261542367e-14,6.799466324e-14,3.242933128e-14,1.292885729e-13,9.227039361e-14,7.280072003e-14,1.803687303e-14,2.372241654e-13,1.905528851e-14
116.0859375,2.356315221e-13,1.218420356e-13,8.916113091e-14,8.602785599e-14,2.196342996e-13,1.043962344e-13,2.963192868e-14,4.070383098e-14,6.075095118e-14,5.221721766e-14,1.246466945e-13,1.054879944e-13,2.487220615e-13,1.03018239e-13,1.161198251e-13,2.226082784e-13,1.908625082e-13,2.825072061e-13,1.892823427e-13,9.245246098e-14,4.909432707e-14,3.975512025e-14,3.702136673e-14,5.315987147e-14,6.828815358e-14,3.267241094e-14,1.315650712e-13,9.255021949e-14,7.348024186e-14,1.782134633e-14,2.375463982e-13,1.904587222e-14
116.09375,2.357688945e-13,1.236089612e-13,9.054897631e-14,8.534102647e-14,2.198184631e-13,1.038495599e-13,3.000019005e-14,4.091471966e-14,6.163648989e-14,5.26022756e-14,1.250045149e-13,1.066637271e-13,2.502452753e-13,1.037726641e-13,1.165459816e-13,2.224931191e-13,1.914320149e-13,2.836918304e-13,1.900173785e-13,9.298558185e-14,4.893427608e-14,4.005494682e-14,3.732042161e-14,5.368778095e-14,6.855134582e-14,3.293301731e-14,1.337671789e-13,9.280018289e-14,7.405190738e-14,1.763176257e-14,2.378013714e-13,1.903696319e-14
116.1015625,2.359760891e-13,1.253873794e-13,9.196648901e-14,8.449023341e-14,2.199982549e-13,1.032817191e-13,3.037296225e-14,4.11290671e-14,6.251665085e-14,5.299088092e-14,1.25357506e-13,1.078305057e-13,2.516355962e-13,1.045466303e-13,1.16863638e-13,2.222216867e-13,1.919295705e-13,2.84889221e-13,1.907181688e-13,9.344891544e-14,4.879051417e-14,4.034826908e-14,3.758529696e-14,5.420344411e-14,6.880842142e-14,3.3221964e-14,1.358844148e-13,9.302735277e-14,7.461269848e-14,1.747668316e-14,2.379649264e-13,1.90312268e-14
116.109375,2.361549109e-13,1.270371502e-13,9.334766181e-14,8.353765447e-14,2.202591102e-13,1.02626799e-13,3.073193024e-14,4.135560058e-14,6.345296449e-14,5.343771863e-14,1.256739249e-13,1.090358905e-13,2.52911006e-13,1.053821547e-13,1.171134032e-13,2.218731006e-13,1.923759676e-13,2.860340856e-13,1.913730454e-13,9.394095295e-14,4.864176263e-14,4.062851419e-14,3.785371173e-14,5.474804803e-14,6.907749294e-14,3.354542738e-14,1.379971641e-13,9.316691966e-14,7.524654069e-14,1.732783092e-14,2.379838821e-13,1.901195501e-14
116.1171875,2.362438866e-13,1.286288946e-13,9.469806168e-14,8.258828085e-14,2.204712425e-13,1.019982565e-13,3.107569118e-14,4.154804647e-14,6.441120434e-14,5.391215817e-14,1.259414417e-13,1.10230648e-13,2.540730277e-13,1.063152847e-13,1.173911521e-13,2.215123058e-13,1.928277922e-13,2.870558687e-13,1.919578859e-13,9.443752431e-14,4.846179947e-14,4.089813835e-14,3.813379788e-14,5.533930421e-14,6.935049824e-14,3.389460041e-14,1.401171511e-13,9.318195935e-14,7.596555453e-14,1.716588696e-14,2.379084533e-13,1.898368815e-14
116.125,2.363566375e-13,1.302372463e-13,9.609603791e-14,8.174590495e-14,2.205434276e-13,1.014910688e-13,3.13913385e-14,4.168165926e-14,6.534484808e-14,5.439024883e-14,1.261860942e-13,1.113651282e-13,2.551165874e-13,1.072505627e-13,1.176710767e-13,2.211566534e-13,1.933394538e-13,2.880111932e-13,1.924944895e-13,9.495976304e-14,4.824047606e-14,4.11847018e-14,3.840656951e-14,5.596550406e-14,6.960757587e-14,3.428495809e-14,1.42240834e-13,9.315304329e-14,7.678806656e-14,1.699419181e-14,2.378064971e-13,1.89737302e-14
116.1328125,2.365853931e-13,1.318486177e-13,9.762448927e-14,8.100634533e-14,2.205733172e-13,1.010739936e-13,3.167212765e-14,4.181441352e-14,6.629715302e-14,5.487987259e-14,1.264296851e-13,1.124753897e-13,2.560491547e-13,1.081310291e-13,1.179437407e-13,2.208364951e-13,1.93866042e-13,2.889440595e-13,1.929988023e-13,9.55326086e-14,4.800709373e-14,4.149679222e-14,3.865973429e-14,5.659256036e-14,6.984120041e-14,3.472536302e-14,1.443719464e-13,9.317352062e-14,7.763745576e-14,1.682421474e-14,2.376605878e-13,1.898172726e-14
116.140625,2.367541232e-13,1.334368635e-13,9.919783087e-14,8.023771492e-14,2.20493343e-13,1.006775147e-13,3.194602408e-14,4.194802396e-14,6.727310057e-14,5.536419866e-14,1.265800317e-13,1.135813744e-13,2.568560345e-13,1.090212502e-13,1.18229535e-13,2.205056946e-13,1.942749226e-13,2.897116936e-13,1.933978428e-13,9.606317246e-14,4.777874461e-14,4.177598312e-14,3.890742245e-14,5.719459479e-14,7.003836782e-14,3.520082439e-14,1.464501984e-13,9.319325665e-14,7.841027423e-14,1.666994961e-14,2.373706766e-13,1.89705083e-14
116.1484375,2.366457887e-13,1.348025683e-13,1.006760168e-13,7.941109484e-14,2.201975809e-13,1.002154938e-13,3.22143196e-14,4.199257874e-14,6.82101822e-14,5.582366526e-14,1.265182e-13,1.146398978e-13,2.575081467e-13,1.099182095e-13,1.184506433e-13,2.200881679e-13,1.944795635e-13,2.901925221e-13,1.936304165e-13,9.650750617e-14,4.753684392e-14,4.199340225e-14,3.91725949e-14,5.77806495e-14,7.019217498e-14,3.571742154e-14,1.484615959e-13,9.306307152e-14,7.916896989e-14,1.652539279e-14,2.369335335e-13,1.892527769e-14
116.15625,2.364829539e-13,1.359717337e-13,1.021112828e-13,7.856794583e-14,2.198072754e-13,9.968126071e-14,3.246897711e-14,4.194843891e-14,6.909747446e-14,5.628574091e-14,1.262811586e-13,1.156198383e-13,2.580003747e-13,1.10752521e-13,1.186225375e-13,2.196396573e-13,1.945401881e-13,2.9049425e-13,1.937686829e-13,9.691234802e-14,4.729193881e-14,4.219359157e-14,3.944254194e-14,5.833050859e-14,7.032333543e-14,3.626984873e-14,1.504619772e-13,9.278857309e-14,7.998639287e-14,1.637189724e-14,2.364638236e-13,1.887519297e-14
116.1640625,2.366381556e-13,1.373220164e-13,1.036052172e-13,7.771851872e-14,2.193692403e-13,9.923555733e-14,3.274040088e-14,4.190536657e-14,6.996866843e-14,5.679218237e-14,1.260193481e-13,1.165372987e-13,2.583375489e-13,1.115438949e-13,1.188995577e-13,2.192634689e-13,1.946129069e-13,2.907649339e-13,1.939086569e-13,9.728450143e-14,4.707573382e-14,4.240351487e-14,3.968660309e-14,5.880752524e-14,7.04420547e-14,3.681854143e-14,1.52444986e-13,9.255971478e-14,8.082161789e-14,1.621871928e-14,2.359717673e-13,1.884222297e-14
116.171875,2.368970912e-13,1.388034997e-13,1.051428317e-13,7.696025417e-14,2.187661652e-13,9.897612261e-14,3.302897418e-14,4.186778181e-14,7.08293654e-14,5.731620463e-14,1.258420141e-13,1.174272758e-13,2.585464594e-13,1.123702864e-13,1.192590956e-13,2.189259721e-13,1.947534557e-13,2.909376807e-13,1.9400791e-13,9.762861518e-14,4.687160329e-14,4.261121749e-14,3.990827924e-14,5.92601046e-14,7.053083012e-14,3.736898404e-14,1.544033043e-13,9.239541583e-14,8.168331419e-14,1.608225145e-14,2.353465457e-13,1.882191065e-14
116.1796875,2.367865333e-13,1.40140315e-13,1.066939684e-13,7.630970226e-14,2.179837666e-13,9.875769681e-14,3.330513559e-14,4.178818971e-14,7.167769756e-14,5.779100334e-14,1.257465047e-13,1.183110611e-13,2.586327758e-13,1.132436161e-13,1.195160229e-13,2.184803269e-13,1.948354456e-13,2.908384034e-13,1.939539897e-13,9.799357464e-14,4.664866984e-14,4.279783207e-14,4.012759929e-14,5.975216149e-14,7.057262547e-14,3.796246649e-14,1.563785603e-13,9.210952443e-14,8.259457775e-14,1.595524718e-14,2.345312752e-13,1.880989086e-14
116.1875,2.364666998e-13,1.414877344e-13,1.082521838e-13,7.561489821e-14,2.171805674e-13,9.845977186e-14,3.356883283e-14,4.167703237e-14,7.255169546e-14,5.824217142e-14,1.256348356e-13,1.192275555e-13,2.585434575e-13,1.141556407e-13,1.196182173e-13,2.178548112e-13,1.947987159e-13,2.905474584e-13,1.937811629e-13,9.838747376e-14,4.642456687e-14,4.296303577e-14,4.034785713e-14,6.026457995e-14,7.056685963e-14,3.859684244e-14,1.583531736e-13,9.171579254e-14,8.349499332e-14,1.583881387e-14,2.336019695e-13,1.879686496e-14
116.1953125,2.363912619e-13,1.4287998e-13,1.09853927e-13,7.487483496e-14,2.16552416e-13,9.81835802e-14,3.380202951e-14,4.154451365e-14,7.347369113e-14,5.873799851e-14,1.254424677e-13,1.202163755e-13,2.583018594e-13,1.151672027e-13,1.196611587e-13,2.171537749e-13,1.947701148e-13,2.903034439e-13,1.936351354e-13,9.877410693e-14,4.62198297e-14,4.314345663e-14,4.056018471e-14,6.076797536e-14,7.05366354e-14,3.925986693e-14,1.603035909e-13,9.135971121e-14,8.43975819e-14,1.574464704e-14,2.32691864e-13,1.87605832e-14
116.203125,2.364704035e-13,1.441240314e-13,1.115518654e-13,7.415835296e-14,2.16053538e-13,9.799029847e-14,3.397419475e-14,4.137446493e-14,7.439487762e-14,5.923978559e-14,1.252086986e-13,1.212069769e-13,2.579779577e-13,1.162758528e-13,1.197145193e-13,2.164835257e-13,1.947474736e-13,2.900090971e-13,1.934990833e-13,9.91681628e-14,4.600491257e-14,4.335169059e-14,4.074669952e-14,6.126144032e-14,7.049386255e-14,3.996468135e-14,1.622774701e-13,9.096615201e-14,8.539726181e-14,1.56639435e-14,2.317666349e-13,1.870464163e-14
116.2109375,2.364202483e-13,1.453697508e-13,1.132353848e-13,7.341914479e-14,2.154086377e-13,9.777366164e-14,3.411800691e-14,4.118175375e-14,7.52970743e-14,5.970106786e-14,1.24941748e-13,1.221040777e-13,2.574879433e-13,1.173449111e-13,1.197438347e-13,2.157829942e-13,1.945530853e-13,2.894203857e-13,1.932303393e-13,9.961502319e-14,4.574808417e-14,4.355281469e-14,4.09029809e-14,6.17387779e-14,7.040406293e-14,4.070077512e-14,1.642691544e-13,9.044832323e-14,8.648892352e-14,1.559018137e-14,2.306083945e-13,1.866839542e-14
116.21875,2.363267375e-13,1.466940178e-13,1.147600704e-13,7.271804552e-14,2.1451801e-13,9.752606183e-14,3.428282647e-14,4.098101325e-14,7.621710482e-14,6.017005952e-14,1.245877549e-13,1.22935526e-13,2.567349409e-13,1.18319378e-13,1.197123854e-13,2.150011451e-13,1.942163136e-13,2.886358884e-13,1.928286368e-13,1.0008703e-13,4.546800985e-14,4.37326664e-14,4.105767155e-14,6.219756428e-14,7.025863753e-14,4.143662718e-14,1.661804037e-13,8.99005958e-14,8.756291855e-14,1.553448823e-14,2.291747492e-13,1.86686429e-14
116.2265625,2.362706726e-13,1.478394584e-13,1.161924059e-13,7.210991706e-14,2.134323398e-13,9.734603168e-14,3.446575454e-14,4.077163454e-14,7.712939165e-14,6.065422471e-14,1.241601567e-13,1.237194771e-13,2.557888236e-13,1.19260597e-13,1.196930621e-13,2.142478715e-13,1.939216136e-13,2.877801765e-13,1.923607285e-13,1.005547775e-13,4.519936449e-14,4.388904264e-14,4.122814945e-14,6.265128318e-14,7.010753495e-14,4.217963413e-14,1.679553173e-13,8.931515349e-14,8.851193783e-14,1.549321806e-14,2.276616705e-13,1.868223227e-14
116.234375,2.36132166e-13,1.487418631e-13,1.176099761e-13,7.143981639e-14,2.121604948e-13,9.719230992e-14,3.464321803e-14,4.057788446e-14,7.802777811e-14,6.111579157e-14,1.236993948e-13,1.244202811e-13,2.54698809e-13,1.201910997e-13,1.196997301e-13,2.135586444e-13,1.93646282e-13,2.867284896e-13,1.917889922e-13,1.010772585e-13,4.494626642e-14,4.402081525e-14,4.139099847e-14,6.314765304e-14,6.995004957e-14,4.29636608e-14,1.696542386e-13,8.85842218e-14,8.935400469e-14,1.545155557e-14,2.261252237e-13,1.869475714e-14
116.2421875,2.35964082e-13,1.495648593e-13,1.19022194e-13,7.062483781e-14,2.10850228e-13,9.70143478e-14,3.481148524e-14,4.038490743e-14,7.897895733e-14,6.158613657e-14,1.232325249e-13,1.250852203e-13,2.53437301e-13,1.211624911e-13,1.195713854e-13,2.127354218e-13,1.932403748e-13,2.854449279e-13,1.910932566e-13,1.016322658e-13,4.46948094e-14,4.416001624e-14,4.151690239e-14,6.370331989e-14,6.971810062e-14,4.377618256e-14,1.713853407e-13,8.776694315e-14,9.02530351e-14,1.541629726e-14,2.24442491e-13,1.8704141e-14
116.25,2.359216286e-13,1.504256354e-13,1.20557069e-13,6.974042363e-14,2.096396806e-13,9.691956665e-14,3.497081588e-14,4.011091549e-14,7.991823529e-14,6.20808907e-14,1.228620704e-13,1.257373574e-13,2.520751288e-13,1.222490327e-13,1.192736271e-13,2.116607125e-13,1.926827637e-13,2.840017245e-13,1.903383154e-13,1.021241265e-13,4.443986906e-14,4.430066551e-14,4.160163321e-14,6.419796184e-14,6.939495588e-14,4.45783797e-14,1.731677933e-13,8.698743431e-14,9.127183631e-14,1.54050511e-14,2.226447958e-13,1.869642834e-14
116.2578125,2.359805052e-13,1.512277321e-13,1.223055898e-13,6.890409584e-14,2.084349706e-13,9.696289798e-14,3.509935879e-14,3.97420693e-14,8.073566027e-14,6.258085051e-14,1.226150721e-13,1.263312763e-13,2.507317207e-13,1.234082532e-13,1.190300182e-13,2.105783624e-13,1.921133732e-13,2.824481193e-13,1.895750018e-13,1.026610597e-13,4.41839927e-14,4.439444087e-14,4.16756493e-14,6.456148415e-14,6.903969886e-14,4.540247282e-14,1.74926716e-13,8.62527023e-14,9.229719709e-14,1.541403641e-14,2.209212156e-13,1.867620928e-14
116.265625,2.360458885e-13,1.517476527e-13,1.241819192e-13,6.823752752e-14,2.071838058e-13,9.709069675e-14,3.519644898e-14,3.936667959e-14,8.152282208e-14,6.313392932e-14,1.223232431e-13,1.269139017e-13,2.494036798e-13,1.245928019e-13,1.189588076e-13,2.097485495e-13,1.916927343e-13,2.808906208e-13,1.888055767e-13,1.033776766e-13,4.393072809e-14,4.446021652e-14,4.177256562e-14,6.493734252e-14,6.870484945e-14,4.630649129e-14,1.766438761e-13,8.550359552e-14,9.329963202e-14,1.542299561e-14,2.192850625e-13,1.867503473e-14
116.2734375,2.360602542e-13,1.521587925e-13,1.260344855e-13,6.762156968e-14,2.058653665e-13,9.726540238e-14,3.530262232e-14,3.903845015e-14,8.23786956e-14,6.373823971e-14,1.219262214e-13,1.275156621e-13,2.479619605e-13,1.258039126e-13,1.188945162e-13,2.08998466e-13,1.913533404e-13,2.792910514e-13,1.879821541e-13,1.041063786e-13,4.367842443e-14,4.45336704e-14,4.187033156e-14,6.539484027e-14,6.838248193e-14,4.725507204e-14,1.783550275e-13,8.468853998e-14,9.432683087e-14,1.542956995e-14,2.175388391e-13,1.870074249e-14
116.28125,2.360535334e-13,1.527752252e-13,1.277031171e-13,6.684264822e-14,2.044105868e-13,9.740465079e-14,3.540491592e-14,3.871874412e-14,8.326225547e-14,6.428325502e-14,1.215574372e-13,1.28081269e-13,2.463340427e-13,1.27026467e-13,1.186758407e-13,2.080284492e-13,1.908954016e-13,2.775013185e-13,1.870829615e-13,1.046901181e-13,4.340786083e-14,4.460263699e-14,4.19385497e-14,6.58265776e-14,6.803804103e-14,4.819150898e-14,1.800253078e-13,8.381134407e-14,9.533757677e-14,1.545493423e-14,2.15652761e-13,1.873422885e-14
116.2890625,2.36208772e-13,1.53378682e-13,1.292520685e-13,6.602566434e-14,2.029821323e-13,9.748287812e-14,3.545499267e-14,3.834742951e-14,8.416434739e-14,6.474833823e-14,1.212406915e-13,1.286442985e-13,2.446444605e-13,1.283459533e-13,1.18365547e-13,2.069259487e-13,1.903859481e-13,2.756234383e-13,1.861946762e-13,1.052777445e-13,4.310987608e-14,4.468358107e-14,4.202131434e-14,6.62280758e-14,6.768101282e-14,4.914549524e-14,1.816293399e-13,8.291218711e-14,9.631681538e-14,1.551031993e-14,2.138588765e-13,1.877438054e-14
116.296875,2.366097106e-13,1.537772791e-13,1.309357801e-13,6.526845009e-14,2.016683099e-13,9.766740008e-14,3.548553085e-14,3.791958211e-14,8.506764805e-14,6.519397637e-14,1.209155946e-13,1.292150831e-13,2.429859176e-13,1.298141737e-13,1.180932323e-13,2.059134859e-13,1.899771135e-13,2.737228284e-13,1.853608164e-13,1.060124606e-13,4.282682606e-14,4.479302086e-14,4.214867224e-14,6.66387491e-14,6.732739501e-14,5.014956565e-14,1.832267688e-13,8.197478606e-14,9.72871075e-14,1.558440134e-14,2.122369801e-13,1.8835175e-14
116.3046875,2.371046118e-13,1.54118587e-13,1.326846019e-13,6.435958277e-14,2.002197401e-13,9.802900874e-14,3.55252918e-14,3.749171885e-14,8.591069796e-14,6.561639381e-14,1.206163453e-13,1.29707605e-13,2.412299573e-13,1.31279187e-13,1.178428413e-13,2.049300462e-13,1.895511991e-13,2.716193646e-13,1.845163236e-13,1.068600296e-13,4.258628087e-14,4.489812186e-14,4.225260394e-14,6.698567675e-14,6.693334831e-14,5.118125328e-14,1.848020458e-13,8.096609046e-14,9.820160401e-14,1.566811645e-14,2.106079104e-13,1.890840891e-14
116.3125,2.376197379e-13,1.543307455e-13,1.343310222e-13,6.331395976e-14,1.986588982e-13,9.843689184e-14,3.553732598e-14,3.709755305e-14,8.674373589e-14,6.603827757e-14,1.203618371e-13,1.301748712e-13,2.39346364e-13,1.327519174e-13,1.175366811e-13,2.038314271e-13,1.890605481e-13,2.693491835e-13,1.836694735e-13,1.077938176e-13,4.233382293e-14,4.499999948e-14,4.22972141e-14,6.726588407e-14,6.648872438e-14,5.223503441e-14,1.862820491e-13,7.992084345e-14,9.909808758e-14,1.576897547e-14,2.089033485e-13,1.896950824e-14
116.3203125,2.382137415e-13,1.544604094e-13,1.360375184e-13,6.237119008e-14,1.971856883e-13,9.885131522e-14,3.554783412e-14,3.670073934e-14,8.761200851e-14,6.652301536e-14,1.201343824e-13,1.30683482e-13,2.374731156e-13,1.343793631e-13,1.171910064e-13,2.026439463e-13,1.886786462e-13,2.6707058e-13,1.828469187e-13,1.087999052e-13,4.20496564e-14,4.51154503e-14,4.234775748e-14,6.753776429e-14,6.605567692e-14,5.331820049e-14,1.87754297e-13,7.888936063e-14,1.000815198e-13,1.58957164e-14,2.071895525e-13,1.901871775e-14
116.328125,2.388754594e-13,1.547622896e-13,1.377748575e-13,6.15133668e-14,1.955987405e-13,9.932225669e-14,3.559198281e-14,3.627734558e-14,8.846199483e-14,6.703041672e-14,1.199478822e-13,1.311314728e-13,2.355459725e-13,1.359857817e-13,1.168346452e-13,2.014526331e-13,1.883899687e-13,2.647017713e-13,1.819649625e-13,1.097927096e-13,4.180960664e-14,4.521675705e-14,4.242764314e-14,6.778926778e-14,6.563092156e-14,5.439994371e-14,1.893053228e-13,7.788356852e-14,1.010770526e-13,1.604078072e-14,2.05445943e-13,1.907875876e-14
116.3359375,2.396310177e-13,1.550078822e-13,1.393521964e-13,6.062911675e-14,1.938506236e-13,9.985608724e-14,3.560474545e-14,3.585792701e-14,8.932483756e-14,6.750111028e-14,1.197762518e-13,1.31520989e-13,2.334739062e-13,1.374667101e-13,1.164445475e-13,2.002857603e-13,1.880724125e-13,2.622325649e-13,1.810285276e-13,1.107154412e-13,4.162570296e-14,4.530774762e-14,4.248164441e-14,6.806119584e-14,6.516682216e-14,5.54529979e-14,1.907592469e-13,7.689278715e-14,1.019816322e-13,1.61952154e-14,2.036968669e-13,1.915148655e-14
116.34375,2.405743105e-13,1.550626051e-13,1.410256078e-13,5.97674751e-14,1.922948803e-13,1.004738759e-13,3.557067627e-14,3.545379545e-14,9.025087386e-14,6.798334842e-14,1.196178119e-13,1.31976266e-13,2.314466324e-13,1.391478813e-13,1.160301313e-13,1.991253601e-13,1.877917781e-13,2.597711582e-13,1.801578055e-13,1.116319543e-13,4.142182471e-14,4.542718553e-14,4.249745198e-14,6.838754429e-14,6.469172236e-14,5.649436223e-14,1.919757116e-13,7.592832065e-14,1.02880519e-13,1.637156281e-14,2.020479134e-13,1.922294318e-14
116.3515625,2.416795108e-13,1.553245621e-13,1.429296325e-13,5.896722617e-14,1.909401402e-13,1.011630479e-13,3.55561953e-14,3.504828514e-14,9.120055142e-14,6.852118629e-14,1.195399352e-13,1.32497977e-13,2.295306037e-13,1.411519864e-13,1.156068525e-13,1.979663952e-13,1.875713356e-13,2.572446633e-13,1.793336243e-13,1.126809804e-13,4.118233937e-14,4.558047793e-14,4.250119232e-14,6.868086962e-14,6.421622352e-14,5.755623377e-14,1.931264238e-13,7.503481518e-14,1.038557863e-13,1.657477181e-14,2.004505313e-13,1.930002367e-14
116.359375,2.428537772e-13,1.556921451e-13,1.447304158e-13,5.815260788e-14,1.895659599e-13,1.01881664e-13,3.554961338e-14,3.464785187e-14,9.21865659e-14,6.908289876e-14,1.195104683e-13,1.330348515e-13,2.275081828e-13,1.432493267e-13,1.151430957e-13,1.968198347e-13,1.872869826e-13,2.545974921e-13,1.78454896e-13,1.1395025e-13,4.093235388e-14,4.576476254e-14,4.248370045e-14,6.894592744e-14,6.368701704e-14,5.865880479e-14,1.943568129e-13,7.416518035e-14,1.048575215e-13,1.677954981e-14,1.988088406e-13,1.939881428e-14
116.3671875,2.440073032e-13,1.556859507e-13,1.463844376e-13,5.724521953e-14,1.881759192e-13,1.026682789e-13,3.551237937e-14,3.425041212e-14,9.319784373e-14,6.963024274e-14,1.194575003e-13,1.335153633e-13,2.253176885e-13,1.453454649e-13,1.146355764e-13,1.956160797e-13,1.868801687e-13,2.518407977e-13,1.77517065e-13,1.153406987e-13,4.067244178e-14,4.596207827e-14,4.244474171e-14,6.924593635e-14,6.311780526e-14,5.979432742e-14,1.955537095e-13,7.317331508e-14,1.057927832e-13,1.698074174e-14,1.971510523e-13,1.951898653e-14
116.375,2.450730711e-13,1.554882924e-13,1.480315406e-13,5.630841864e-14,1.867049595e-13,1.035355717e-13,3.547897797e-14,3.383720762e-14,9.415203639e-14,7.014479566e-14,1.194067744e-13,1.338542562e-13,2.230710409e-13,1.474321214e-13,1.141283846e-13,1.94312715e-13,1.864019659e-13,2.488862169e-13,1.76545676e-13,1.16661272e-13,4.042410266e-14,4.61348088e-14,4.241088919e-14,6.95070163e-14,6.255243153e-14,6.091697742e-14,1.966058539e-13,7.207798965e-14,1.066267742e-13,1.720356796e-14,1.954706487e-13,1.964687434e-14
116.3828125,2.462160271e-13,1.554821826e-13,1.495375034e-13,5.54548718e-14,1.850959473e-13,1.044408101e-13,3.547381439e-14,3.343214302e-14,9.513123398e-14,7.063305855e-14,1.19358608e-13,1.341596512e-13,2.208095225e-13,1.494988498e-13,1.136466686e-13,1.930391471e-13,1.859871173e-13,2.458277229e-13,1.755749448e-13,1.179461813e-13,4.019221476e-14,4.63064697e-14,4.237169342e-14,6.973158214e-14,6.197113868e-14,6.199690952e-14,1.975462466e-13,7.10562452e-14,1.074797727e-13,1.744458954e-14,1.937689202e-13,1.976860169e-14
116.390625,2.476671325e-13,1.555488078e-13,1.50913433e-13,5.460325281e-14,1.835048169e-13,1.053913605e-13,3.547661161e-14,3.305277949e-14,9.622861005e-14,7.11280166e-14,1.193308629e-13,1.345540429e-13,2.185501475e-13,1.516189097e-13,1.131633129e-13,1.918221927e-13,1.857185471e-13,2.428590952e-13,1.746567552e-13,1.194326672e-13,3.994296278e-14,4.651762539e-14,4.231215345e-14,7.001153432e-14,6.137331291e-14,6.307590526e-14,1.984380103e-13,7.011516276e-14,1.084398776e-13,1.768836342e-14,1.921688216e-13,1.989239246e-14
116.3984375,2.493060257e-13,1.55463069e-13,1.523045779e-13,5.36313095e-14,1.81931435e-13,1.06371279e-13,3.547404839e-14,3.264962937e-14,9.730047671e-14,7.164856435e-14,1.194381649e-13,1.349078743e-13,2.162809885e-13,1.537636556e-13,1.126230933e-13,1.905022349e-13,1.85476874e-13,2.398146611e-13,1.737560426e-13,1.211522005e-13,3.96935392e-14,4.67371696e-14,4.226340734e-14,7.026312877e-14,6.077707375e-14,6.419430542e-14,1.993287252e-13,6.912678164e-14,1.093495984e-13,1.795224638e-14,1.906595136e-13,2.004175235e-14
116.40625,2.509592053e-13,1.552164344e-13,1.53698708e-13,5.262610696e-14,1.803526092e-13,1.073895392e-13,3.54635606e-14,3.220349944e-14,9.827594628e-14,7.21957157e-14,1.196486281e-13,1.35156124e-13,2.14006858e-13,1.559273393e-13,1.120307893e-13,1.891177839e-13,1.851915125e-13,2.365396131e-13,1.728153931e-13,1.229026212e-13,3.947759419e-14,4.695101687e-14,4.223309746e-14,7.044134444e-14,6.014661546e-14,6.532386868e-14,2.002657655e-13,6.80930846e-14,1.101614373e-13,1.824178225e-14,1.891082883e-13,2.021006531e-14
116.4140625,2.527558458e-13,1.548697364e-13,1.5520829e-13,5.168136497e-14,1.790058518e-13,1.085484193e-13,3.544549791e-14,3.175857455e-14,9.927452724e-14,7.277522102e-14,1.198184605e-13,1.35428228e-13,2.118642567e-13,1.582773076e-13,1.114364102e-13,1.87790565e-13,1.849409226e-13,2.333039224e-13,1.718758026e-13,1.246456129e-13,3.927702935e-14,4.719757863e-14,4.218548767e-14,7.066802342e-14,5.947570797e-14,6.646049312e-14,2.012786867e-13,6.709642104e-14,1.110945641e-13,1.854023757e-14,1.875745912e-13,2.037627447e-14
116.421875,2.547028803e-13,1.54487542e-13,1.569256363e-13,5.074944314e-14,1.778939508e-13,1.098156529e-13,3.541728774e-14,3.131760028e-14,1.003010492e-13,7.337429293e-14,1.199938272e-13,1.357289832e-13,2.098587639e-13,1.607554086e-13,1.108292924e-13,1.86392651e-13,1.846699012e-13,2.30289155e-13,1.709635616e-13,1.265539721e-13,3.907917987e-14,4.746752589e-14,4.212102346e-14,7.08983102e-14,5.880940126e-14,6.76529796e-14,2.023175636e-13,6.616907953e-14,1.121406643e-13,1.886589193e-14,1.861538858e-13,2.055405153e-14
116.4296875,2.565915823e-13,1.541722916e-13,1.586197018e-13,4.977272411e-14,1.767249784e-13,1.1106041e-13,3.5377166e-14,3.086719903e-14,1.012917781e-13,7.396720578e-14,1.202706493e-13,1.359751821e-13,2.077890182e-13,1.631886262e-13,1.102325651e-13,1.849214221e-13,1.843567626e-13,2.273252863e-13,1.700365293e-13,1.286934515e-13,3.887444598e-14,4.772091055e-14,4.207294007e-14,7.102462837e-14,5.815307261e-14,6.888164216e-14,2.03255317e-13,6.529550294e-14,1.130776602e-13,1.923869767e-14,1.847788101e-13,2.075667227e-14
116.4375,2.584828527e-13,1.539549573e-13,1.60099103e-13,4.873121334e-14,1.754717153e-13,1.123086616e-13,3.53483599e-14,3.045031693e-14,1.022869065e-13,7.457525787e-14,1.205927761e-13,1.361888904e-13,2.05647569e-13,1.657335191e-13,1.097381254e-13,1.836130019e-13,1.841948852e-13,2.242970952e-13,1.690984438e-13,1.309079418e-13,3.863259863e-14,4.795832173e-14,4.204778918e-14,7.114585599e-14,5.750941671e-14,7.008250191e-14,2.040715465e-13,6.442429408e-14,1.139278377e-13,1.962340025e-14,1.834352611e-13,2.09657884e-14
116.4453125,2.605827152e-13,1.537019985e-13,1.613544072e-13,4.767949407e-14,1.743083353e-13,1.136143036e-13,3.534883613e-14,3.008426432e-14,1.03324452e-13,7.525833183e-14,1.209009e-13,1.364273188e-13,2.035860113e-13,1.684919302e-13,1.092650904e-13,1.823802612e-13,1.841762593e-13,2.212649164e-13,1.681957223e-13,1.330132306e-13,3.835386924e-14,4.820509605e-14,4.202464649e-14,7.129754206e-14,5.690116526e-14,7.127005284e-14,2.048948021e-13,6.357616934e-14,1.14801953e-13,1.998880789e-14,1.821686671e-13,2.118130259e-14
116.453125,2.628616623e-13,1.533735645e-13,1.624338024e-13,4.671775493e-14,1.732735108e-13,1.149369419e-13,3.534808403e-14,2.972675224e-14,1.043941696e-13,7.602023825e-14,1.211934016e-13,1.367259341e-13,2.016050568e-13,1.7125573e-13,1.086305497e-13,1.809606909e-13,1.840960767e-13,2.182896559e-13,1.673403236e-13,1.350501148e-13,3.805197173e-14,4.848680443e-14,4.197943381e-14,7.136991513e-14,5.629551705e-14,7.248056353e-14,2.057399478e-13,6.286193852e-14,1.156856339e-13,2.035812437e-14,1.809276273e-13,2.141896623e-14
116.4609375,2.652157371e-13,1.531038245e-13,1.635203403e-13,4.579948167e-14,1.722974489e-13,1.162539833e-13,3.531536389e-14,2.936160604e-14,1.054596673e-13,7.678070177e-14,1.214932977e-13,1.37047389e-13,1.996774962e-13,1.739565366e-13,1.078817302e-13,1.794591857e-13,1.839727741e-13,2.1536629e-13,1.664962463e-13,1.372392586e-13,3.774679188e-14,4.879801799e-14,4.191276674e-14,7.137386367e-14,5.564930863e-14,7.369727578e-14,2.064849998e-13,6.224755969e-14,1.166228863e-13,2.075997617e-14,1.796856167e-13,2.166422353e-14
116.46875,2.675926898e-13,1.528857144e-13,1.647103822e-13,4.480633818e-14,1.713411553e-13,1.175773728e-13,3.527669852e-14,2.900336016e-14,1.064791361e-13,7.747783107e-14,1.218546399e-13,1.372975376e-13,1.978180031e-13,1.767231619e-13,1.071688977e-13,1.780289663e-13,1.838652619e-13,2.124214897e-13,1.656098298e-13,1.396597772e-13,3.748146195e-14,4.910502475e-14,4.184907502e-14,7.135858252e-14,5.497485246e-14,7.491209544e-14,2.071530257e-13,6.158085901e-14,1.176272425e-13,2.118883714e-14,1.784929679e-13,2.191129179e-14
116.4765625,2.699510233e-13,1.52697457e-13,1.658548731e-13,4.379996967e-14,1.705055629e-13,1.189781487e-13,3.527189389e-14,2.865804988e-14,1.075168139e-13,7.815975272e-14,1.222379646e-13,1.375258778e-13,1.95976973e-13,1.796351743e-13,1.064830896e-13,1.765506455e-13,1.836698856e-13,2.094130127e-13,1.647008842e-13,1.422255949e-13,3.722566495e-14,4.942662427e-14,4.178407233e-14,7.13115985e-14,5.428708074e-14,7.614942503e-14,2.07862989e-13,6.089340143e-14,1.185706645e-13,2.161930907e-14,1.773854745e-13,2.21846121e-14
116.484375,2.724075201e-13,1.526525523e-13,1.668633176e-13,4.290079863e-14,1.698543913e-13,1.205263143e-13,3.52910342e-14,2.833031525e-14,1.086449937e-13,7.892760738e-14,1.225287056e-13,1.378443586e-13,1.941492009e-13,1.82705941e-13,1.05777562e-13,1.749794868e-13,1.834066764e-13,2.064036076e-13,1.638657708e-13,1.448893962e-13,3.69160612e-14,4.980405393e-14,4.169420996e-14,7.128381035e-14,5.359328241e-14,7.742517345e-14,2.085545942e-13,6.031629571e-14,1.194197515e-13,2.203816563e-14,1.7638247e-13,2.247182431e-14
116.4921875,2.75100036e-13,1.525969152e-13,1.678021227e-13,4.206317645e-14,1.692305461e-13,1.2215418e-13,3.530690882e-14,2.801836638e-14,1.097665126e-13,7.978399337e-14,1.227478928e-13,1.381780225e-13,1.923682713e-13,1.858497918e-13,1.050634019e-13,1.734123554e-13,1.832591165e-13,2.034683986e-13,1.63118921e-13,1.475688409e-13,3.661743346e-14,5.019704169e-14,4.159790975e-14,7.128497611e-14,5.29120214e-14,7.87201045e-14,2.091137267e-13,5.981487383e-14,1.202685616e-13,2.246208455e-14,1.754263791e-13,2.274121611e-14
116.5,2.779110472e-13,1.522881249e-13,1.687393844e-13,4.116960143e-14,1.686042817e-13,1.238102084e-13,3.53224136e-14,2.772215085e-14,1.107969346e-13,8.060981956e-14,1.22994518e-13,1.384193001e-13,1.906097972e-13,1.889678357e-13,1.043350631e-13,1.718713656e-13,1.833398158e-13,2.006532367e-13,1.623861153e-13,1.501482168e-13,3.639196732e-14,5.055633092e-14,4.152700326e-14,7.121994337e-14,5.22436087e-14,7.998262099e-14,2.09629076e-13,5.929604264e-14,1.21157496e-13,2.29059939e-14,1.744119222e-13,2.301558952e-14
116.5078125,2.807335656e-13,1.519080416e-13,1.696436274e-13,4.022502262e-14,1.68137947e-13,1.255213269e-13,3.532980533e-14,2.745466612e-14,1.118145061e-13,8.135388969e-14,1.232915245e-13,1.386130339e-13,1.888955423e-13,1.920580631e-13,1.035870009e-13,1.70356788e-13,1.835606372e-13,1.979405771e-13,1.616750443e-13,1.527335714e-13,3.616608976e-14,5.092065958e-14,4.147468469e-14,7.109680515e-14,5.158288463e-14,8.120995206e-14,2.101613155e-13,5.879513397e-14,1.220214184e-13,2.33630558e-14,1.733825714e-13,2.332107565e-14
116.515625,2.837162136e-13,1.516865721e-13,1.704111493e-13,3.933058388e-14,1.677862925e-13,1.272417848e-13,3.530769227e-14,2.720773947e-14,1.12886796e-13,8.212191351e-14,1.236447547e-13,1.38829818e-13,1.872552188e-13,1.951268255e-13,1.028261425e-13,1.688355841e-13,1.836818155e-13,1.951916424e-13,1.610594922e-13,1.555424515e-13,3.590750511e-14,5.133748813e-14,4.141228082e-14,7.099743963e-14,5.092478078e-14,8.246755634e-14,2.105190697e-13,5.839264498e-14,1.227603848e-13,2.384049356e-14,1.724594443e-13,2.363858295e-14
116.5234375,2.86945194e-13,1.515688658e-13,1.710876107e-13,3.848745588e-14,1.674603709e-13,1.289815886e-13,3.527891105e-14,2.696225775e-14,1.139819279e-13,8.296536335e-14,1.240419676e-13,1.390791372e-13,1.856436946e-13,1.982411905e-13,1.020539042e-13,1.672226889e-13,1.836485365e-13,1.923269108e-13,1.605245676e-13,1.585701272e-13,3.565868369e-14,5.179064689e-14,4.13170688e-14,7.090190385e-14,5.024076512e-14,8.374907635e-14,2.106532726e-13,5.806696957e-14,1.234432254e-13,2.434538538e-14,1.716403947e-13,2.396292402e-14
116.53125,2.902785313e-13,1.514798541e-13,1.717519006e-13,3.758973705e-14,1.672467889e-13,1.308159419e-13,3.526279977e-14,2.672345128e-14,1.15045459e-13,8.377252941e-14,1.243951374e-13,1.393306468e-13,1.840692532e-13,2.014694689e-13,1.01281025e-13,1.655577171e-13,1.836559407e-13,1.894636558e-13,1.599933165e-13,1.61657889e-13,3.539838043e-14,5.224786546e-14,4.119993626e-14,7.07718618e-14,4.952791396e-14,8.498531565e-14,2.108258563e-13,5.773355797e-14,1.242641733e-13,2.48437504e-14,1.708720363e-13,2.429931109e-14
116.5390625,2.936073926e-13,1.513894271e-13,1.722528709e-13,3.664991078e-14,1.671502706e-13,1.326885448e-13,3.523643417e-14,2.649291278e-14,1.160705915e-13,8.448931173e-14,1.246362105e-13,1.395795365e-13,1.825621951e-13,2.046894587e-13,1.004900973e-13,1.638994123e-13,1.837243438e-13,1.867195305e-13,1.594600925e-13,1.647109792e-13,3.510635026e-14,5.271226448e-14,4.109941372e-14,7.06324239e-14,4.882216689e-14,8.620613284e-14,2.110772746e-13,5.740700995e-14,1.252022389e-13,2.532001234e-14,1.701525676e-13,2.462420188e-14
116.546875,2.969733658e-13,1.513335149e-13,1.725896558e-13,3.578245037e-14,1.671632232e-13,1.345724398e-13,3.521615495e-14,2.626347063e-14,1.170954414e-13,8.523569458e-14,1.247910344e-13,1.398963508e-13,1.811060709e-13,2.07880209e-13,9.964839857e-14,1.621537663e-13,1.837531409e-13,1.841125608e-13,1.589706528e-13,1.677101944e-13,3.481139224e-14,5.319866893e-14,4.101954868e-14,7.048797949e-14,4.813029012e-14,8.747140749e-14,2.111818363e-13,5.718069841e-14,1.261357767e-13,2.581617698e-14,1.694880605e-13,2.493146645e-14
116.5546875,3.004413045e-13,1.513939902e-13,1.729893518e-13,3.497329854e-14,1.673592925e-13,1.365099647e-13,3.523537646e-14,2.603648236e-14,1.180974948e-13,8.61215533e-14,1.249177716e-13,1.402801905e-13,1.797333814e-13,2.112066218e-13,9.876723195e-14,1.603038862e-13,1.838549152e-13,1.81653531e-13,1.585254535e-13,1.706983157e-13,3.450044311e-14,5.369293341e-14,4.094366662e-14,7.029726529e-14,4.744027737e-14,8.874562251e-14,2.111530924e-13,5.704926175e-14,1.270974316e-13,2.635408301e-14,1.688591597e-13,2.523743345e-14
116.5625,3.040336634e-13,1.515160455e-13,1.733521474e-13,3.414150261e-14,1.676763329e-13,1.384447944e-13,3.526237687e-14,2.579826058e-14,1.190436223e-13,8.709854492e-14,1.250150816e-13,1.406427059e-13,1.78438586e-13,2.146266465e-13,9.784687199e-14,1.584570838e-13,1.840718777e-13,1.793176248e-13,1.581190204e-13,1.73805406e-13,3.414762768e-14,5.42011007e-14,4.088310043e-14,7.004555357e-14,4.675323903e-14,9.002291678e-14,2.11093874e-13,5.695920426e-14,1.280571869e-13,2.691574253e-14,1.682501798e-13,2.554570238e-14
116.5703125,3.077332686e-13,1.516843645e-13,1.735160149e-13,3.330569075e-14,1.680797961e-13,1.404166879e-13,3.527067259e-14,2.555414309e-14,1.200186427e-13,8.802730695e-14,1.250309178e-13,1.410226929e-13,1.771757956e-13,2.180879486e-13,9.690125253e-14,1.566222331e-13,1.842444141e-13,1.770525632e-13,1.577861921e-13,1.771482366e-13,3.376910621e-14,5.476587984e-14,4.082317879e-14,6.978168844e-14,4.606035986e-14,9.137669601e-14,2.109238924e-13,5.693221145e-14,1.289392608e-13,2.750204298e-14,1.677085733e-13,2.587096739e-14
116.578125,3.114955499e-13,1.519594289e-13,1.737267403e-13,3.248955307e-14,1.686297547e-13,1.425259517e-13,3.528712265e-14,2.536089234e-14,1.210206423e-13,8.885152533e-14,1.250156616e-13,1.41451763e-13,1.760330442e-13,2.216975912e-13,9.604825886e-14,1.548191102e-13,1.84396981e-13,1.748923752e-13,1.575129757e-13,1.806658592e-13,3.339123449e-14,5.534764721e-14,4.072605265e-14,6.952663516e-14,4.536862632e-14,9.279919218e-14,2.106747994e-13,5.696102293e-14,1.298193614e-13,2.812232651e-14,1.67287548e-13,2.621232342e-14
116.5859375,3.15335033e-13,1.522249709e-13,1.740990373e-13,3.168597487e-14,1.692383497e-13,1.446848163e-13,3.533062005e-14,2.523705931e-14,1.219083971e-13,8.967671069e-14,1.250860685e-13,1.417983281e-13,1.750273278e-13,2.253250464e-13,9.534037581e-14,1.531294411e-13,1.846600202e-13,1.728998703e-13,1.572506507e-13,1.841884443e-13,3.304179183e-14,5.587246488e-14,4.061746391e-14,6.921578902e-14,4.470613391e-14,9.420296058e-14,2.104423217e-13,5.701423624e-14,1.30694329e-13,2.876150626e-14,1.6693387e-13,2.653048995e-14
116.59375,3.193276659e-13,1.525079242e-13,1.743335523e-13,3.09577532e-14,1.699032964e-13,1.468703939e-13,3.540197024e-14,2.513794658e-14,1.227588707e-13,9.062834651e-14,1.251339524e-13,1.420951586e-13,1.739908551e-13,2.288469019e-13,9.463831949e-14,1.514621134e-13,1.849749398e-13,1.710374938e-13,1.570224171e-13,1.87699551e-13,3.271238391e-14,5.641210438e-14,4.05347126e-14,6.886279657e-14,4.405716882e-14,9.558429913e-14,2.101504717e-13,5.716288447e-14,1.315193528e-13,2.939477058e-14,1.665813895e-13,2.683761496e-14
116.6015625,3.234019932e-13,1.529899208e-13,1.742480115e-13,3.033172776e-14,1.707359471e-13,1.491180185e-13,3.548535863e-14,2.504810089e-14,1.237408062e-13,9.170257698e-14,1.249330761e-13,1.425256968e-13,1.729006528e-13,2.324079323e-13,9.386141451e-14,1.497009802e-13,1.852603868e-13,1.692342386e-13,1.568326274e-13,1.91323849e-13,3.234926495e-14,5.704168357e-14,4.045709783e-14,6.857871952e-14,4.339040228e-14,9.702049029e-14,2.097997319e-13,5.744157532e-14,1.324086969e-13,3.000954293e-14,1.662254065e-13,2.71771826e-14
116.609375,3.273726089e-13,1.534731006e-13,1.740133733e-13,2.969171776e-14,1.71612398e-13,1.512431359e-13,3.554503233e-14,2.498227246e-14,1.247129391e-13,9.281172723e-14,1.245706252e-13,1.42994442e-13,1.718525994e-13,2.359040906e-13,9.312310987e-14,1.479612917e-13,1.855289749e-13,1.67537133e-13,1.56621764e-13,1.95106392e-13,3.19626419e-14,5.766409669e-14,4.037658298e-14,6.8314691e-14,4.272991016e-14,9.852747362e-14,2.094229234e-13,5.775922233e-14,1.332937213e-13,3.062851531e-14,1.658547724e-13,2.751894606e-14
116.6171875,3.313039554e-13,1.538376187e-13,1.738805677e-13,2.896540612e-14,1.725404225e-13,1.53237006e-13,3.557768632e-14,2.494065895e-14,1.255284996e-13,9.38710256e-14,1.243078803e-13,1.433292622e-13,1.708604972e-13,2.392009486e-13,9.249140708e-14,1.463502812e-13,1.857932364e-13,1.660725239e-13,1.564295949e-13,1.989958557e-13,3.161224497e-14,5.822595793e-14,4.03129246e-14,6.79333349e-14,4.210711518e-14,1.000351058e-13,2.088741582e-13,5.81014072e-14,1.339718525e-13,3.12870602e-14,1.655383494e-13,2.783767222e-14
116.625,3.354160662e-13,1.544291101e-13,1.738488519e-13,2.824225482e-14,1.738198688e-13,1.553732173e-13,3.56112915e-14,2.492502489e-14,1.263389957e-13,9.483986926e-14,1.241368676e-13,1.436634511e-13,1.699834716e-13,2.426310083e-13,9.186706532e-14,1.448004649e-13,1.86091086e-13,1.648670893e-13,1.563347745e-13,2.029055491e-13,3.12771308e-14,5.881920768e-14,4.0266527e-14,6.749861851e-14,4.150456622e-14,1.015004122e-13,2.081648297e-13,5.853711517e-14,1.345802471e-13,3.196825189e-14,1.653980249e-13,2.816999855e-14
116.6328125,3.396608747e-13,1.55258463e-13,1.736946204e-13,2.761152944e-14,1.753862712e-13,1.57648554e-13,3.566631226e-14,2.492402294e-14,1.272242619e-13,9.576720667e-14,1.238921266e-13,1.441264695e-13,1.692277188e-13,2.463080728e-13,9.117176431e-14,1.432506108e-13,1.864404132e-13,1.638487562e-13,1.562841647e-13,2.0677783e-13,3.090236117e-14,5.946737759e-14,4.024670333e-14,6.712154211e-14,4.089763814e-14,1.029455166e-13,2.074401264e-13,5.90387525e-14,1.35296172e-13,3.263292577e-14,1.653645982e-13,2.850620217e-14
116.640625,3.438920196e-13,1.560024178e-13,1.733526713e-13,2.705994369e-14,1.769344439e-13,1.598967649e-13,3.575831942e-14,2.49138226e-14,1.280662505e-13,9.675263245e-14,1.235299974e-13,1.446181099e-13,1.684477124e-13,2.498783332e-13,9.045418931e-14,1.416784279e-13,1.867701122e-13,1.62983191e-13,1.562352934e-13,2.106909311e-13,3.049217878e-14,6.011994572e-14,4.026409167e-14,6.675889721e-14,4.029033488e-14,1.0439129e-13,2.066251297e-13,5.95625697e-14,1.360384278e-13,3.32917585e-14,1.653016685e-13,2.881164892e-14
116.6484375,3.481610223e-13,1.567467187e-13,1.729275403e-13,2.654232825e-14,1.784980683e-13,1.621518194e-13,3.586834579e-14,2.491124513e-14,1.288376089e-13,9.784145701e-14,1.230504656e-13,1.450886159e-13,1.676558625e-13,2.532852145e-13,8.976320938e-14,1.400707938e-13,1.870557352e-13,1.62260926e-13,1.562341097e-13,2.146829593e-13,3.00662228e-14,6.078247085e-14,4.029286674e-14,6.639276778e-14,3.968790301e-14,1.058581177e-13,2.057244178e-13,6.01711823e-14,1.368157433e-13,3.396763936e-14,1.652408046e-13,2.911321998e-14
116.65625,3.525190161e-13,1.576870433e-13,1.724691766e-13,2.602303221e-14,1.801996814e-13,1.644549311e-13,3.595610282e-14,2.494043742e-14,1.295702556e-13,9.900661528e-14,1.224560176e-13,1.455757164e-13,1.669765693e-13,2.567302246e-13,8.909682248e-14,1.385022027e-13,1.874047542e-13,1.616884227e-13,1.562741162e-13,2.185988775e-13,2.964227724e-14,6.14638513e-14,4.032010227e-14,6.604903767e-14,3.908501139e-14,1.073689496e-13,2.048741593e-13,6.092636533e-14,1.37661494e-13,3.465484672e-14,1.652500687e-13,2.942727868e-14
116.6640625,3.569695084e-13,1.587530472e-13,1.720328442e-13,2.548080971e-14,1.820219724e-13,1.668179775e-13,3.603691724e-14,2.498126707e-14,1.302193109e-13,1.00202572e-13,1.218229368e-13,1.460271536e-13,1.663440087e-13,2.601576945e-13,8.848561198e-14,1.370403194e-13,1.879114182e-13,1.613366971e-13,1.563567771e-13,2.224386739e-13,2.924555121e-14,6.214659757e-14,4.035992225e-14,6.564861837e-14,3.849460916e-14,1.088810863e-13,2.039129812e-13,6.18152784e-14,1.383976227e-13,3.535473013e-14,1.653636462e-13,2.972772417e-14
116.671875,3.615520958e-13,1.598529451e-13,1.715770456e-13,2.494380037e-14,1.839562556e-13,1.692447294e-13,3.61315076e-14,2.502239081e-14,1.307775797e-13,1.014121221e-13,1.211931834e-13,1.464056275e-13,1.656644305e-13,2.634027454e-13,8.792218215e-14,1.356083483e-13,1.884639324e-13,1.612022076e-13,1.565306118e-13,2.264335404e-13,2.885909688e-14,6.283144335e-14,4.040193778e-14,6.515311291e-14,3.792856573e-14,1.103530823e-13,2.027186221e-13,6.279520181e-14,1.389555328e-13,3.607410808e-14,1.655817114e-13,3.001161439e-14
116.6796875,3.661795368e-13,1.609069022e-13,1.709227006e-13,2.44629309e-14,1.859869749e-13,1.715954456e-13,3.620654304e-14,2.5082552e-14,1.313144986e-13,1.026519709e-13,1.20512618e-13,1.467932566e-13,1.64970791e-13,2.664748431e-13,8.727400209e-14,1.34067664e-13,1.888267383e-13,1.611682608e-13,1.567490005e-13,2.305653015e-13,2.844791559e-14,6.35231982e-14,4.043418532e-14,6.465551782e-14,3.735455433e-14,1.118378606e-13,2.014900137e-13,6.381727549e-14,1.39489363e-13,3.679865205e-14,1.657845649e-13,3.028915614e-14
116.6875,3.707847118e-13,1.619155884e-13,1.701408462e-13,2.403434349e-14,1.881681745e-13,1.738638565e-13,3.625577357e-14,2.51657801e-14,1.318608051e-13,1.039235007e-13,1.197384877e-13,1.472547922e-13,1.643152257e-13,2.695639304e-13,8.649258898e-14,1.323792794e-13,1.890400801e-13,1.612376932e-13,1.569781409e-13,2.345700768e-13,2.802149625e-14,6.422928893e-14,4.047465714e-14,6.419430243e-14,3.675194115e-14,1.133437448e-13,2.002152602e-13,6.487118315e-14,1.400709693e-13,3.751125338e-14,1.65946699e-13,3.055898224e-14
116.6953125,3.754465989e-13,1.630248558e-13,1.694615432e-13,2.363112602e-14,1.905261328e-13,1.762309764e-13,3.630998748e-14,2.526403164e-14,1.323512543e-13,1.052059038e-13,1.188833857e-13,1.477480102e-13,1.637341927e-13,2.727467539e-13,8.574962937e-14,1.306803924e-13,1.894265964e-13,1.615117428e-13,1.57277e-13,2.383760052e-13,2.759720806e-14,6.493141097e-14,4.053115389e-14,6.37204296e-14,3.615804389e-14,1.147948299e-13,1.987704193e-13,6.600284488e-14,1.406223775e-13,3.821486065e-14,1.662032548e-13,3.08116917e-14
116.703125,3.799830846e-13,1.643016426e-13,1.688432617e-13,2.326848013e-14,1.927998371e-13,1.786102129e-13,3.637690193e-14,2.537003417e-14,1.326831557e-13,1.065156759e-13,1.179974703e-13,1.481859326e-13,1.631716902e-13,2.757315334e-13,8.516970575e-14,1.291374408e-13,1.900176311e-13,1.619564987e-13,1.575621122e-13,2.420992814e-13,2.718054164e-14,6.55585567e-14,4.058722948e-14,6.321174976e-14,3.558717446e-14,1.162218336e-13,1.973651039e-13,6.722617797e-14,1.410835265e-13,3.893755719e-14,1.664593061e-13,3.102339825e-14
116.7109375,3.84128158e-13,1.658192382e-13,1.68166276e-13,2.295754815e-14,1.94866566e-13,1.80810243e-13,3.646019934e-14,2.547987258e-14,1.32856976e-13,1.078813735e-13,1.171128624e-13,1.48527392e-13,1.62524708e-13,2.783201823e-13,8.465791943e-14,1.277110204e-13,1.905047151e-13,1.624813078e-13,1.577076474e-13,2.45842836e-13,2.679282322e-14,6.610689079e-14,4.063614159e-14,6.268030267e-14,3.5009228e-14,1.177054215e-13,1.960578479e-13,6.851897525e-14,1.415082017e-13,3.970611698e-14,1.665177764e-13,3.119952118e-14
116.71875,3.881618414e-13,1.676055879e-13,1.674783694e-13,2.268752855e-14,1.970628107e-13,1.829446626e-13,3.654921684e-14,2.561666935e-14,1.329958642e-13,1.092746782e-13,1.1617417e-13,1.488274291e-13,1.61855625e-13,2.807930919e-13,8.412424921e-14,1.262987057e-13,1.908385994e-13,1.631435636e-13,1.578497331e-13,2.497024811e-13,2.642812227e-14,6.667401297e-14,4.06939001e-14,6.214687537e-14,3.442610494e-14,1.191966523e-13,1.94565256e-13,6.991211914e-14,1.419368414e-13,4.050539877e-14,1.665272844e-13,3.138485855e-14
116.7265625,3.924918769e-13,1.693232171e-13,1.66820746e-13,2.246309778e-14,1.996313538e-13,1.851457446e-13,3.660754401e-14,2.580248303e-14,1.331754051e-13,1.106496887e-13,1.151330533e-13,1.491886935e-13,1.612594179e-13,2.834113219e-13,8.362147996e-14,1.24982788e-13,1.912345854e-13,1.641066065e-13,1.581564397e-13,2.537553691e-13,2.604090327e-14,6.730333328e-14,4.077405448e-14,6.161586272e-14,3.385190593e-14,1.206568943e-13,1.928965136e-13,7.142997567e-14,1.422851054e-13,4.130833538e-14,1.667106838e-13,3.158741278e-14
116.734375,3.969972826e-13,1.708104569e-13,1.661362989e-13,2.225632268e-14,2.024638587e-13,1.873566411e-13,3.664373133e-14,2.601665447e-14,1.333727384e-13,1.119839888e-13,1.14018619e-13,1.49651892e-13,1.6069034e-13,2.861114917e-13,8.317712532e-14,1.23811947e-13,1.91673991e-13,1.654087787e-13,1.585678736e-13,2.579795704e-13,2.562051416e-14,6.796316127e-14,4.086078128e-14,6.108007517e-14,3.327116282e-14,1.221495239e-13,1.912661661e-13,7.300035852e-14,1.425574178e-13,4.211781032e-14,1.670243413e-13,3.178317433e-14
116.7421875,4.013976119e-13,1.724397362e-13,1.653506448e-13,2.203321656e-14,2.053943579e-13,1.89549768e-13,3.669549003e-14,2.624806789e-14,1.335731971e-13,1.132720474e-13,1.128388802e-13,1.501656121e-13,1.601373807e-13,2.887614308e-13,8.275344457e-14,1.226759035e-13,1.920079511e-13,1.668705077e-13,1.589959045e-13,2.622281357e-13,2.519849704e-14,6.863084487e-14,4.09338282e-14,6.058550637e-14,3.269131646e-14,1.236627297e-13,1.895874655e-13,7.455641372e-14,1.428820704e-13,4.293335405e-14,1.673648308e-13,3.196620735e-14
116.75,4.056637445e-13,1.743022591e-13,1.645419323e-13,2.186381677e-14,2.08303669e-13,1.917088305e-13,3.675156549e-14,2.652541523e-14,1.337539125e-13,1.145877704e-13,1.1162446e-13,1.506515788e-13,1.596329868e-13,2.912287909e-13,8.240691237e-14,1.216175172e-13,1.923527159e-13,1.683824957e-13,1.594191872e-13,2.663285101e-13,2.480453061e-14,6.927199105e-14,4.100962323e-14,6.015329496e-14,3.214359967e-14,1.251235079e-13,1.877461844e-13,7.615040999e-14,1.432052359e-13,4.375043222e-14,1.676825748e-13,3.212715815e-14
116.7578125,4.098405642e-13,1.761323405e-13,1.638825049e-13,2.180993074e-14,2.111559104e-13,1.937350592e-13,3.677876934e-14,2.684622136e-14,1.33835836e-13,1.16049366e-13,1.104398936e-13,1.510820348e-13,1.591158177e-13,2.934210234e-13,8.218570424e-14,1.207526649e-13,1.928881713e-13,1.700681599e-13,1.598068065e-13,2.702582548e-13,2.444901602e-14,6.985619081e-14,4.112114241e-14,5.968223823e-14,3.162091825e-14,1.265484758e-13,1.858536085e-13,7.78803344e-14,1.433723093e-13,4.458676437e-14,1.679646975e-13,3.225759478e-14
116.765625,4.139298093e-13,1.780134567e-13,1.63269582e-13,2.180413803e-14,2.139980816e-13,1.955923195e-13,3.677122201e-14,2.717201091e-14,1.337953004e-13,1.17621003e-13,1.091751802e-13,1.515196472e-13,1.58535771e-13,2.954410021e-13,8.194552887e-14,1.199347796e-13,1.935179423e-13,1.719682885e-13,1.601930633e-13,2.741240994e-13,2.409248091e-14,7.041270339e-14,4.128530661e-14,5.912278766e-14,3.109564994e-14,1.279716237e-13,1.839543756e-13,7.974236932e-14,1.434233048e-13,4.5426441e-14,1.683143057e-13,3.236031085e-14
116.7734375,4.179634073e-13,1.801160484e-13,1.625521819e-13,2.180576995e-14,2.169401002e-13,1.974174569e-13,3.675365551e-14,2.750605962e-14,1.337056799e-13,1.191388123e-13,1.077031262e-13,1.52050546e-13,1.579533382e-13,2.975155688e-13,8.163351007e-14,1.190654979e-13,1.941201517e-13,1.740233397e-13,1.606578315e-13,2.780046007e-13,2.36852113e-14,7.098026662e-14,4.150429419e-14,5.856515703e-14,3.057587158e-14,1.293731682e-13,1.819929282e-13,8.164694803e-14,1.434702954e-13,4.622229491e-14,1.688358071e-13,3.241815703e-14
116.78125,4.220263508e-13,1.823245573e-13,1.619494352e-13,2.186272501e-14,2.20177686e-13,1.994091085e-13,3.675727456e-14,2.787970359e-14,1.335930497e-13,1.205413181e-13,1.061955005e-13,1.526484686e-13,1.574764801e-13,2.997535542e-13,8.149084075e-14,1.183597842e-13,1.948060487e-13,1.763223453e-13,1.612038059e-13,2.819089165e-13,2.326702736e-14,7.156146092e-14,4.175535515e-14,5.803674372e-14,3.009090071e-14,1.307552847e-13,1.799603486e-13,8.359059599e-14,1.434823703e-13,4.700097372e-14,1.69504587e-13,3.243870995e-14
116.7890625,4.261430937e-13,1.84508097e-13,1.615185178e-13,2.198988896e-14,2.236324107e-13,2.015568334e-13,3.677311272e-14,2.828468851e-14,1.334059138e-13,1.218694839e-13,1.048217051e-13,1.532042247e-13,1.571047698e-13,3.019829252e-13,8.161387737e-14,1.178740166e-13,1.95597837e-13,1.788216863e-13,1.617928864e-13,2.857359659e-13,2.290566669e-14,7.214026639e-14,4.199327209e-14,5.748171138e-14,2.963578608e-14,1.321404518e-13,1.778164304e-13,8.562250862e-14,1.433684568e-13,4.782848674e-14,1.702384204e-13,3.247447783e-14
116.796875,4.301599257e-13,1.865747835e-13,1.609769371e-13,2.218192823e-14,2.269144284e-13,2.03619787e-13,3.677794104e-14,2.870811374e-14,1.331488179e-13,1.231675506e-13,1.034748199e-13,1.537067018e-13,1.566756616e-13,3.039843532e-13,8.178011551e-14,1.1739599e-13,1.963001477e-13,1.813033415e-13,1.623898373e-13,2.893410303e-13,2.257486177e-14,7.269441988e-14,4.220239414e-14,5.693278149e-14,2.917835699e-14,1.335230966e-13,1.755725343e-13,8.766492747e-14,1.431952968e-13,4.868777337e-14,1.709380795e-13,3.252205509e-14
116.8046875,4.339583702e-13,1.885631659e-13,1.604136511e-13,2.243229487e-14,2.300690044e-13,2.055051399e-13,3.677658393e-14,2.919035041e-14,1.32883566e-13,1.245034595e-13,1.020789586e-13,1.542358921e-13,1.561557548e-13,3.05829187e-13,8.191657337e-14,1.16955882e-13,1.969215363e-13,1.839126199e-13,1.629666403e-13,2.928126957e-13,2.221742244e-14,7.32261164e-14,4.242458638e-14,5.64653847e-14,2.872037058e-14,1.348934344e-13,1.733783805e-13,8.967003073e-14,1.431273663e-13,4.952661118e-14,1.715517983e-13,3.253329895e-14
116.8125,4.376693506e-13,1.907242048e-13,1.600308802e-13,2.269576896e-14,2.334470123e-13,2.073326484e-13,3.674608497e-14,2.97626863e-14,1.326169122e-13,1.259017239e-13,1.006679159e-13,1.548034783e-13,1.557033512e-13,3.075996287e-13,8.217595825e-14,1.167595313e-13,1.976761155e-13,1.869360858e-13,1.635655477e-13,2.963881561e-13,2.183554675e-14,7.37606191e-14,4.271032216e-14,5.606749182e-14,2.828465302e-14,1.362636111e-13,1.712480745e-13,9.179234227e-14,1.430790081e-13,5.035691758e-14,1.721533611e-13,3.252378189e-14
116.8203125,4.413960207e-13,1.930687779e-13,1.59554948e-13,2.295440934e-14,2.369054729e-13,2.090990495e-13,3.665247203e-14,3.038613455e-14,1.323006155e-13,1.273043444e-13,9.919910009e-14,1.553635809e-13,1.552634921e-13,3.091318374e-13,8.256653896e-14,1.167427185e-13,1.98534944e-13,1.902443403e-13,1.642318799e-13,3.000342557e-13,2.145380931e-14,7.428544007e-14,4.3057701e-14,5.567155445e-14,2.785976854e-14,1.376510801e-13,1.690135575e-13,9.410673195e-14,1.428370508e-13,5.120680643e-14,1.728024341e-13,3.252877656e-14
116.828125,4.450049358e-13,1.954026144e-13,1.588753158e-13,2.323470834e-14,2.402070586e-13,2.107271079e-13,3.65369794e-14,3.102084733e-14,1.318943025e-13,1.286979639e-13,9.769099604e-14,1.558942428e-13,1.54654403e-13,3.103772335e-13,8.297118383e-14,1.167142738e-13,1.993020653e-13,1.936417423e-13,1.648972669e-13,3.035481741e-13,2.109016804e-14,7.476544494e-14,4.342512037e-14,5.523600861e-14,2.743145252e-14,1.390318665e-13,1.666260807e-13,9.647498945e-14,1.424923955e-13,5.206347717e-14,1.734387311e-13,3.253346639e-14
116.8359375,4.483941064e-13,1.978140349e-13,1.583161465e-13,2.357037077e-14,2.435072451e-13,2.122722783e-13,3.644614761e-14,3.168037197e-14,1.314013042e-13,1.300860958e-13,9.624674958e-14,1.563804474e-13,1.53961261e-13,3.114587694e-13,8.336837944e-14,1.166770208e-13,1.99981721e-13,1.971606507e-13,1.655041115e-13,3.070069535e-13,2.075508003e-14,7.521136841e-14,4.379127663e-14,5.478534064e-14,2.701379584e-14,1.403507876e-13,1.641679837e-13,9.881122394e-14,1.421923176e-13,5.291542462e-14,1.740199529e-13,3.252528355e-14
116.84375,4.516574181e-13,2.004150496e-13,1.57950098e-13,2.402557948e-14,2.46898599e-13,2.137651097e-13,3.636301186e-14,3.238346167e-14,1.308771735e-13,1.314055551e-13,9.484243647e-14,1.56846216e-13,1.533145577e-13,3.124575891e-13,8.385086743e-14,1.167857763e-13,2.007256121e-13,2.008325198e-13,1.661360473e-13,3.106313594e-13,2.043543544e-14,7.565631569e-14,4.416334493e-14,5.43787609e-14,2.66121973e-14,1.416267613e-13,1.61717253e-13,1.011534138e-13,1.418373928e-13,5.377748577e-14,1.74611757e-13,3.25082093e-14
116.8515625,4.548726715e-13,2.030632399e-13,1.576295433e-13,2.457522895e-14,2.50376588e-13,2.151535631e-13,3.627593871e-14,3.313213116e-14,1.303489018e-13,1.326548898e-13,9.341758276e-14,1.573622089e-13,1.526782042e-13,3.135061456e-13,8.453889886e-14,1.171569843e-13,2.016001144e-13,2.047484245e-13,1.668690188e-13,3.142734942e-13,2.01175279e-14,7.608966365e-14,4.454674396e-14,5.401928926e-14,2.622369415e-14,1.429254545e-13,1.59326009e-13,1.035605391e-13,1.413929542e-13,5.465921508e-14,1.752874818e-13,3.24684919e-14
116.859375,4.579669946e-13,2.056206601e-13,1.573767129e-13,2.507006958e-14,2.540224234e-13,2.164629317e-13,3.618618444e-14,3.392654364e-14,1.297712112e-13,1.338934348e-13,9.199750006e-14,1.579229336e-13,1.520620357e-13,3.14647906e-13,8.54101771e-14,1.176974782e-13,2.025318458e-13,2.089793246e-13,1.676399947e-13,3.175758523e-13,1.980349083e-14,7.648230513e-14,4.494492478e-14,5.366284062e-14,2.585039913e-14,1.442052915e-13,1.569023854e-13,1.060648205e-13,1.409204657e-13,5.555038124e-14,1.760309983e-13,3.240216427e-14
116.8671875,4.608771958e-13,2.080250045e-13,1.571967553e-13,2.553646592e-14,2.577310028e-13,2.177369998e-13,3.608032779e-14,3.476365187e-14,1.291446966e-13,1.351038948e-13,9.059396607e-14,1.584702504e-13,1.514803491e-13,3.157103062e-13,8.630110124e-14,1.182091703e-13,2.03440373e-13,2.133241649e-13,1.683805297e-13,3.206423457e-13,1.949183328e-14,7.685698396e-14,4.536169007e-14,5.332392065e-14,2.547978379e-14,1.453889491e-13,1.54302172e-13,1.086072562e-13,1.403788312e-13,5.643597958e-14,1.767890337e-13,3.232431672e-14
116.875,4.636404157e-13,2.104199557e-13,1.570100617e-13,2.616867193e-14,2.613234555e-13,2.18931313e-13,3.595812912e-14,3.565786875e-14,1.2853246e-13,1.362845674e-13,8.922171218e-14,1.590210872e-13,1.508452125e-13,3.16578673e-13,8.716856366e-14,1.187116873e-13,2.043508672e-13,2.176465346e-13,1.691210683e-13,3.239448484e-13,1.91878957e-14,7.725097337e-14,4.579803136e-14,5.30577149e-14,2.510585571e-14,1.465335835e-13,1.516273491e-13,1.111566069e-13,1.397886222e-13,5.731105847e-14,1.775476397e-13,3.223151182e-14
116.8828125,4.662333e-13,2.130769816e-13,1.568092523e-13,2.693491174e-14,2.647574727e-13,2.199918994e-13,3.580994038e-14,3.661895044e-14,1.2791613e-13,1.374968457e-13,8.791220736e-14,1.59575765e-13,1.501317334e-13,3.171619992e-13,8.807741639e-14,1.193359497e-13,2.052310775e-13,2.220274342e-13,1.698662275e-13,3.275470273e-13,1.890292249e-14,7.763359253e-14,4.626487651e-14,5.284159673e-14,2.474374412e-14,1.477356091e-13,1.49056623e-13,1.137817063e-13,1.392063634e-13,5.818711304e-14,1.782744947e-13,3.211331383e-14
116.890625,4.685702069e-13,2.157633454e-13,1.566521896e-13,2.766908369e-14,2.680446977e-13,2.20947274e-13,3.562162231e-14,3.760231058e-14,1.272171368e-13,1.387109791e-13,8.664219864e-14,1.600445684e-13,1.49388126e-13,3.174037482e-13,8.903304571e-14,1.200519471e-13,2.059612614e-13,2.264535871e-13,1.705373316e-13,3.310569901e-13,1.862870376e-14,7.796561227e-14,4.677306778e-14,5.26051416e-14,2.439525919e-14,1.489853805e-13,1.465784222e-13,1.1641442e-13,1.385789926e-13,5.908520333e-14,1.789081073e-13,3.19829997e-14
116.8984375,4.706871864e-13,2.180982454e-13,1.566433717e-13,2.842658759e-14,2.71406798e-13,2.218803133e-13,3.542854733e-14,3.859288449e-14,1.264331045e-13,1.398515361e-13,8.541983206e-14,1.604219991e-13,1.486262708e-13,3.175807647e-13,9.009488949e-14,1.208562263e-13,2.066421552e-13,2.309815808e-13,1.711196838e-13,3.342470095e-13,1.836281118e-14,7.827057629e-14,4.731578079e-14,5.236185339e-14,2.405453342e-14,1.502173801e-13,1.441780783e-13,1.189605673e-13,1.378953694e-13,6.000994843e-14,1.794827762e-13,3.185570267e-14
116.90625,4.727025544e-13,2.203896932e-13,1.568165706e-13,2.930837373e-14,2.750662433e-13,2.227888259e-13,3.525266646e-14,3.965880218e-14,1.256251101e-13,1.409493822e-13,8.428402013e-14,1.608353022e-13,1.478401771e-13,3.179297173e-13,9.136817155e-14,1.218643995e-13,2.075029484e-13,2.358167228e-13,1.717198885e-13,3.37207089e-13,1.812264495e-14,7.856409358e-14,4.787571358e-14,5.217287187e-14,2.372904372e-14,1.513795009e-13,1.418689531e-13,1.215824491e-13,1.371831553e-13,6.092797296e-14,1.801190392e-13,3.172400507e-14
116.9140625,4.747116082e-13,2.228836399e-13,1.571007258e-13,3.023930138e-14,2.78827971e-13,2.236040957e-13,3.506707103e-14,4.081883798e-14,1.248323958e-13,1.42065345e-13,8.319990822e-14,1.613398001e-13,1.47036669e-13,3.183188884e-13,9.283603433e-14,1.230802428e-13,2.085382578e-13,2.409059025e-13,1.724343906e-13,3.401317761e-13,1.790737714e-14,7.88356785e-14,4.842565362e-14,5.203601106e-14,2.34276552e-14,1.524509952e-13,1.395375859e-13,1.243539784e-13,1.36449613e-13,6.180305883e-14,1.808663963e-13,3.157784453e-14
116.921875,4.767596953e-13,2.252196734e-13,1.575015692e-13,3.11927494e-14,2.824762891e-13,2.24377051e-13,3.487692214e-14,4.202065307e-14,1.240376133e-13,1.431802948e-13,8.21832103e-14,1.618340312e-13,1.462487702e-13,3.186381833e-13,9.444217816e-14,1.244419596e-13,2.096426012e-13,2.460388737e-13,1.732400338e-13,3.431649027e-13,1.769694713e-14,7.910385203e-14,4.895523247e-14,5.192887697e-14,2.315329935e-14,1.534489062e-13,1.371401234e-13,1.271020303e-13,1.357439879e-13,6.265855569e-14,1.816333363e-13,3.142505358e-14
116.9296875,4.787569488e-13,2.273785857e-13,1.579743052e-13,3.223959813e-14,2.860090293e-13,2.251333361e-13,3.467901845e-14,4.326408463e-14,1.231987562e-13,1.442425316e-13,8.13016621e-14,1.622364867e-13,1.454679659e-13,3.187705695e-13,9.614447004e-14,1.259556693e-13,2.107882776e-13,2.511884096e-13,1.740485085e-13,3.462308828e-13,1.748084747e-14,7.937606183e-14,4.950556562e-14,5.184415872e-14,2.288841343e-14,1.543856962e-13,1.34774033e-13,1.298537519e-13,1.350088382e-13,6.354519169e-14,1.82311876e-13,3.127583891e-14
116.9375,4.806037796e-13,2.296241332e-13,1.583756539e-13,3.333093255e-14,2.893822213e-13,2.257263903e-13,3.441866258e-14,4.45770469e-14,1.223240326e-13,1.452384409e-13,8.047704877e-14,1.626263129e-13,1.446161768e-13,3.185559462e-13,9.789392846e-14,1.276187459e-13,2.11928622e-13,2.564146844e-13,1.748621129e-13,3.491376036e-13,1.726670587e-14,7.963561082e-14,5.010907801e-14,5.175094007e-14,2.261105953e-14,1.552620975e-13,1.324311558e-13,1.327431041e-13,1.341434905e-13,6.444754518e-14,1.82984252e-13,3.112228785e-14
116.9453125,4.823447219e-13,2.318425381e-13,1.588189169e-13,3.44054181e-14,2.927248242e-13,2.26195488e-13,3.412096229e-14,4.594835052e-14,1.214432257e-13,1.461833821e-13,7.962817726e-14,1.630917843e-13,1.437354125e-13,3.182150147e-13,9.975324052e-14,1.294183271e-13,2.130915349e-13,2.61768935e-13,1.757505297e-13,3.518782443e-13,1.707272589e-14,7.98816131e-14,5.074181262e-14,5.166408887e-14,2.235078773e-14,1.561102989e-13,1.300616748e-13,1.356385798e-13,1.332575557e-13,6.531341371e-14,1.837946994e-13,3.09503306e-14
116.953125,4.839717754e-13,2.341521026e-13,1.594605567e-13,3.554070758e-14,2.961925789e-13,2.267481437e-13,3.387352213e-14,4.736829033e-14,1.205347908e-13,1.470832715e-13,7.883138872e-14,1.635701252e-13,1.429332671e-13,3.179404731e-13,1.017884944e-13,1.313376312e-13,2.143667696e-13,2.672399338e-13,1.766646672e-13,3.54606343e-13,1.689407317e-14,8.009154287e-14,5.138852024e-14,5.165183606e-14,2.214142327e-14,1.569722723e-13,1.277390017e-13,1.384385118e-13,1.32443974e-13,6.616267587e-14,1.846353692e-13,3.076728746e-14
116.9609375,4.854265533e-13,2.368168093e-13,1.601442236e-13,3.677714751e-14,2.995446986e-13,2.272712842e-13,3.365071503e-14,4.884263394e-14,1.195981608e-13,1.479424678e-13,7.812547975e-14,1.640074325e-13,1.421191021e-13,3.17499945e-13,1.039381099e-13,1.333504215e-13,2.156940684e-13,2.727572741e-13,1.775247821e-13,3.574529473e-13,1.669954746e-14,8.024779897e-14,5.205792113e-14,5.169903619e-14,2.194937412e-14,1.578538332e-13,1.254949112e-13,1.41282752e-13,1.316576095e-13,6.705392196e-14,1.853820287e-13,3.059258521e-14
116.96875,4.867729195e-13,2.393607894e-13,1.608202533e-13,3.807756904e-14,3.026694822e-13,2.275678877e-13,3.337478322e-14,5.037906853e-14,1.186781087e-13,1.487580623e-13,7.747703485e-14,1.644448487e-13,1.411987716e-13,3.168789837e-13,1.062198424e-13,1.355037724e-13,2.169977342e-13,2.78375785e-13,1.783986026e-13,3.603727889e-13,1.648601509e-14,8.039589629e-14,5.273789792e-14,5.174801165e-14,2.174977376e-14,1.587016964e-13,1.232603909e-13,1.442204365e-13,1.309383218e-13,6.796467605e-14,1.861783998e-13,3.041786756e-14
116.9765625,4.880075808e-13,2.413979072e-13,1.61612435e-13,3.943996e-14,3.057875637e-13,2.277845431e-13,3.306758104e-14,5.197814621e-14,1.177583317e-13,1.494873479e-13,7.689641973e-14,1.648417672e-13,1.402800986e-13,3.162749675e-13,1.086823933e-13,1.378042876e-13,2.182983572e-13,2.840932071e-13,1.793266133e-13,3.630965058e-13,1.628297089e-14,8.055002302e-14,5.342599927e-14,5.180594621e-14,2.157117005e-14,1.594204114e-13,1.2104546e-13,1.471173437e-13,1.302654641e-13,6.881994669e-14,1.870554079e-13,3.021486137e-14
116.984375,4.891056448e-13,2.433963534e-13,1.624305098e-13,4.084288433e-14,3.088816869e-13,2.280707253e-13,3.27776239e-14,5.361504325e-14,1.1680846e-13,1.501215118e-13,7.638551343e-14,1.651632329e-13,1.394117666e-13,3.156099251e-13,1.112258079e-13,1.40152972e-13,2.195767197e-13,2.897156592e-13,1.802568913e-13,3.655112767e-13,1.611259835e-14,8.067717421e-14,5.414242136e-14,5.187590531e-14,2.141737153e-14,1.599941093e-13,1.189116612e-13,1.499183563e-13,1.295116074e-13,6.961500029e-14,1.878617183e-13,2.998081138e-14
116.9921875,4.90218654e-13,2.455841031e-13,1.632642652e-13,4.230218975e-14,3.118591869e-13,2.28381165e-13,3.249553888e-14,5.528846986e-14,1.158722848e-13,1.507434337e-13,7.596725171e-14,1.655521364e-13,1.385373013e-13,3.148938401e-13,1.138433032e-13,1.425705798e-13,2.208877457e-13,2.952826579e-13,1.812526992e-13,3.678428173e-13,1.598230264e-14,8.080310715e-14,5.488570064e-14,5.196229959e-14,2.127067222e-14,1.605175594e-13,1.168026439e-13,1.527496228e-13,1.287349429e-13,7.040669841e-14,1.886980406e-13,2.972762938e-14
117,4.913073082e-13,2.476787636e-13,1.642548272e-13,4.392097884e-14,3.147632464e-13,2.28669419e-13,3.221042032e-14,5.702480926e-14,1.149620609e-13,1.513914404e-13,7.568592497e-14,1.660510787e-13,1.376716492e-13,3.142375625e-13,1.166235093e-13,1.451270253e-13,2.223363276e-13,3.009565169e-13,1.823582944e-13,3.702079311e-13,1.587196823e-14,8.095146156e-14,5.564876018e-14,5.211832062e-14,2.114097248e-14,1.610249743e-13,1.146391518e-13,1.557082412e-13,1.280479509e-13,7.121145574e-14,1.896754586e-13,2.945633656e-14
117.0078125,4.921733504e-13,2.4968996e-13,1.652421865e-13,4.563232394e-14,3.175262758e-13,2.288229086e-13,3.192509351e-14,5.879713386e-14,1.140241684e-13,1.519723571e-13,7.547268423e-14,1.664537327e-13,1.368002707e-13,3.134590209e-13,1.194683556e-13,1.477408464e-13,2.237740161e-13,3.065709004e-13,1.834203881e-13,3.725919225e-13,1.575365837e-14,8.108872866e-14,5.6437451e-14,5.233174185e-14,2.103098492e-14,1.614771558e-13,1.125102292e-13,1.586517236e-13,1.274062671e-13,7.200477025e-14,1.905777986e-13,2.918947644e-14
117.015625,4.929657646e-13,2.51616591e-13,1.660845369e-13,4.724327097e-14,3.202322152e-13,2.287864433e-13,3.162697247e-14,6.058461866e-14,1.130571796e-13,1.524003292e-13,7.528007906e-14,1.666608578e-13,1.35875597e-13,3.124616156e-13,1.222714629e-13,1.503547011e-13,2.250037552e-13,3.119974793e-13,1.843579764e-13,3.751269939e-13,1.565032196e-14,8.121407649e-14,5.723893663e-14,5.253984896e-14,2.092336238e-14,1.61901241e-13,1.105153656e-13,1.61400069e-13,1.267363175e-13,7.278688772e-14,1.913092162e-13,2.89645173e-14
117.0234375,4.937229311e-13,2.532244868e-13,1.669701901e-13,4.880071598e-14,3.229953545e-13,2.287127419e-13,3.131282779e-14,6.243552818e-14,1.120932916e-13,1.527306207e-13,7.519051963e-14,1.667909885e-13,1.349304052e-13,3.113044887e-13,1.250749419e-13,1.529764112e-13,2.260971435e-13,3.173686991e-13,1.852502676e-13,3.777361505e-13,1.55866185e-14,8.131779561e-14,5.804078822e-14,5.275708268e-14,2.0811792e-14,1.62301704e-13,1.085477805e-13,1.640159571e-13,1.25973057e-13,7.356753041e-14,1.920260743e-13,2.876738519e-14
117.03125,4.940415248e-13,2.54683563e-13,1.679264726e-13,5.047605491e-14,3.254639645e-13,2.285916112e-13,3.099503961e-14,6.435342734e-14,1.11118948e-13,1.530887472e-13,7.520229945e-14,1.669236439e-13,1.339436733e-13,3.098480713e-13,1.279206725e-13,1.55600828e-13,2.271896766e-13,3.226918893e-13,1.861090678e-13,3.801036867e-13,1.552931069e-14,8.134380004e-14,5.886173764e-14,5.299570179e-14,2.069780108e-14,1.625916478e-13,1.065157265e-13,1.666484437e-13,1.251402723e-13,7.432997059e-14,1.927312322e-13,2.854853231e-14
117.0390625,4.939857106e-13,2.562745608e-13,1.688468602e-13,5.230150815e-14,3.27477804e-13,2.283266842e-13,3.067406596e-14,6.628443072e-14,1.101335243e-13,1.534887801e-13,7.526596679e-14,1.670601158e-13,1.328655224e-13,3.081756683e-13,1.308811034e-13,1.583346192e-13,2.283858047e-13,3.279185252e-13,1.869357099e-13,3.822601251e-13,1.546477798e-14,8.13333709e-14,5.970273056e-14,5.322184827e-14,2.05880209e-14,1.627790121e-13,1.045371509e-13,1.693429547e-13,1.24395132e-13,7.50670559e-14,1.933748594e-13,2.830079702e-14
117.046875,4.941004653e-13,2.578185207e-13,1.698516726e-13,5.423057274e-14,3.294579501e-13,2.281256554e-13,3.034741566e-14,6.82171989e-14,1.091935539e-13,1.538405923e-13,7.544042095e-14,1.672166643e-13,1.318087832e-13,3.066633808e-13,1.339665441e-13,1.611970574e-13,2.297712849e-13,3.331157578e-13,1.878136469e-13,3.844033987e-13,1.54202088e-14,8.138743507e-14,6.051917151e-14,5.347717169e-14,2.049125997e-14,1.629403221e-13,1.026814437e-13,1.721091637e-13,1.237445908e-13,7.57960987e-14,1.940827298e-13,2.805589397e-14
117.0546875,4.94343404e-13,2.592137887e-13,1.70989128e-13,5.618490761e-14,3.315461336e-13,2.280415756e-13,3.001620286e-14,7.018178227e-14,1.083368175e-13,1.541457199e-13,7.573683699e-14,1.67389151e-13,1.308677515e-13,3.052851523e-13,1.370318397e-13,1.640025576e-13,2.311943639e-13,3.383108661e-13,1.887482448e-13,3.864708873e-13,1.539632836e-14,8.148328636e-14,6.129710829e-14,5.383972465e-14,2.040330251e-14,1.630091307e-13,1.008552515e-13,1.749370448e-13,1.230846362e-13,7.651849722e-14,1.949308769e-13,2.782641203e-14
117.0625,4.943660011e-13,2.606537336e-13,1.721354366e-13,5.814005371e-14,3.335471415e-13,2.278107117e-13,2.967358216e-14,7.222512103e-14,1.075261228e-13,1.544700776e-13,7.610632859e-14,1.67540604e-13,1.299393785e-13,3.037953587e-13,1.401198562e-13,1.668158032e-13,2.324902495e-13,3.435298477e-13,1.896768558e-13,3.88451113e-13,1.538964851e-14,8.155574354e-14,6.209665008e-14,5.4288916e-14,2.032976293e-14,1.629104674e-13,9.903039346e-14,1.777796335e-13,1.224701859e-13,7.721902876e-14,1.958369101e-13,2.759642769e-14
117.0703125,4.942898806e-13,2.620869157e-13,1.733204544e-13,6.019354947e-14,3.354869356e-13,2.275160049e-13,2.932395954e-14,7.434539848e-14,1.066935687e-13,1.547725662e-13,7.655073351e-14,1.676563675e-13,1.289542424e-13,3.022792401e-13,1.434169927e-13,1.698477121e-13,2.338491752e-13,3.487540889e-13,1.906142146e-13,3.904240073e-13,1.540708089e-14,8.16224808e-14,6.295564445e-14,5.472506204e-14,2.02969519e-14,1.627584759e-13,9.726287458e-14,1.805902109e-13,1.219086424e-13,7.789672001e-14,1.967209114e-13,2.735516642e-14
117.078125,4.941608981e-13,2.632933714e-13,1.746296788e-13,6.234373891e-14,3.373287749e-13,2.273517591e-13,2.898284177e-14,7.644934582e-14,1.058088186e-13,1.549989247e-13,7.701197857e-14,1.677565784e-13,1.280001368e-13,3.008320331e-13,1.468415573e-13,1.729267166e-13,2.353842608e-13,3.538472641e-13,1.915881315e-13,3.922498945e-13,1.543177912e-14,8.167936779e-14,6.38283512e-14,5.508301125e-14,2.03082338e-14,1.626679981e-13,9.556581244e-14,1.833360203e-13,1.212953449e-13,7.856390357e-14,1.975761194e-13,2.710856362e-14
117.0859375,4.937043802e-13,2.642833948e-13,1.759886598e-13,6.448905063e-14,3.388846793e-13,2.270811283e-13,2.864388427e-14,7.852001492e-14,1.048933297e-13,1.55181773e-13,7.744761878e-14,1.678320321e-13,1.271464758e-13,2.992971156e-13,1.502688866e-13,1.758454318e-13,2.368293756e-13,3.588031781e-13,1.925521469e-13,3.939069226e-13,1.546342035e-14,8.16767596e-14,6.468599312e-14,5.541061628e-14,2.033753585e-14,1.625914838e-13,9.393957337e-14,1.860428383e-13,1.206876627e-13,7.922655621e-14,1.984197684e-13,2.685923153e-14
117.09375,4.930211262e-13,2.652357524e-13,1.772647251e-13,6.665271119e-14,3.401840526e-13,2.265942282e-13,2.82954783e-14,8.065419853e-14,1.039927912e-13,1.553259977e-13,7.797659365e-14,1.67806356e-13,1.263515897e-13,2.975511383e-13,1.537909775e-13,1.787711954e-13,2.38086525e-13,3.636477154e-13,1.934634384e-13,3.956866137e-13,1.552180457e-14,8.164037413e-14,6.555965141e-14,5.58017142e-14,2.037021535e-14,1.624558615e-13,9.235848019e-14,1.887505575e-13,1.201447284e-13,7.987481282e-14,1.992168926e-13,2.660583476e-14
117.1015625,4.923933258e-13,2.662753326e-13,1.784213065e-13,6.885591867e-14,3.412846214e-13,2.261076785e-13,2.794537471e-14,8.28544008e-14,1.031271448e-13,1.553982044e-13,7.866237217e-14,1.676554283e-13,1.255168701e-13,2.956379807e-13,1.574826532e-13,1.818799584e-13,2.393986337e-13,3.682713504e-13,1.94350696e-13,3.975628794e-13,1.559171562e-14,8.1620926e-14,6.644194405e-14,5.625524178e-14,2.0409672e-14,1.622294015e-13,9.073766986e-14,1.914176629e-13,1.195608072e-13,8.050164383e-14,1.999164521e-13,2.635180786e-14
117.109375,4.917349694e-13,2.672474292e-13,1.795926665e-13,7.108424469e-14,3.421556556e-13,2.25654193e-13,2.760193134e-14,8.505566482e-14,1.022639823e-13,1.553842279e-13,7.942680564e-14,1.674755586e-13,1.245897115e-13,2.937236122e-13,1.613547149e-13,1.851342151e-13,2.408741305e-13,3.727535867e-13,1.952441974e-13,3.990974356e-13,1.566276899e-14,8.15914233e-14,6.728744043e-14,5.670572531e-14,2.04593182e-14,1.618841457e-13,8.906705391e-14,1.94029736e-13,1.189311497e-13,8.112391268e-14,2.005560919e-13,2.609425127e-14
117.1171875,4.909497106e-13,2.678825209e-13,1.809160529e-13,7.342541993e-14,3.428951967e-13,2.252391755e-13,2.727933623e-14,8.725990605e-14,1.013893649e-13,1.552744382e-13,8.023038321e-14,1.673109462e-13,1.236393534e-13,2.919301683e-13,1.653462585e-13,1.884064697e-13,2.423764283e-13,3.771852123e-13,1.960891173e-13,4.003093954e-13,1.575651765e-14,8.152750101e-14,6.809454076e-14,5.714303801e-14,2.052005011e-14,1.614836014e-13,8.745664856e-14,1.966062983e-13,1.183622285e-13,8.175306922e-14,2.0118271e-13,2.584657099e-14
117.125,4.899792504e-13,2.683366498e-13,1.822812137e-13,7.584623329e-14,3.434765179e-13,2.24895963e-13,2.699145486e-14,8.946053145e-14,1.005387409e-13,1.551133425e-13,8.106916053e-14,1.670812012e-13,1.227482887e-13,2.900799941e-13,1.692656417e-13,1.915878242e-13,2.437411933e-13,3.813140379e-13,1.968152872e-13,4.01736075e-13,1.5874564e-14,8.144075599e-14,6.888304605e-14,5.760017649e-14,2.059292057e-14,1.611378115e-13,8.596674286e-14,1.990319146e-13,1.178547005e-13,8.236519218e-14,2.017592373e-13,2.564503358e-14
117.1328125,4.885876138e-13,2.688313113e-13,1.83512258e-13,7.818740896e-14,3.43693697e-13,2.243664401e-13,2.670667645e-14,9.163818178e-14,9.970053977e-14,1.549587754e-13,8.194417843e-14,1.667427633e-13,1.218732061e-13,2.879433815e-13,1.730848152e-13,1.947349075e-13,2.449148788e-13,3.850939197e-13,1.974557368e-13,4.033675197e-13,1.600884312e-14,8.131066019e-14,6.966104448e-14,5.808558454e-14,2.06768191e-14,1.607623054e-13,8.453090215e-14,2.012274661e-13,1.173492524e-13,8.293089986e-14,2.022595659e-13,2.547270408e-14
117.140625,4.870165905e-13,2.69058556e-13,1.846502036e-13,8.05132422e-14,3.437063443e-13,2.236387484e-13,2.638959889e-14,9.381115225e-14,9.885643831e-14,1.54776476e-13,8.290092812e-14,1.663434491e-13,1.209566267e-13,2.857131573e-13,1.769487147e-13,1.979318932e-13,2.460826661e-13,3.888277098e-13,1.981114919e-13,4.046738131e-13,1.616294161e-14,8.116837731e-14,7.044202994e-14,5.857402704e-14,2.077085581e-14,1.601842827e-13,8.307776944e-14,2.033744575e-13,1.168270792e-13,8.345675782e-14,2.027271587e-13,2.527567124e-14
117.1484375,4.858641959e-13,2.690021e-13,1.857603061e-13,8.296238855e-14,3.438263508e-13,2.231096732e-13,2.60678055e-14,9.596339953e-14,9.808006064e-14,1.545602954e-13,8.394241493e-14,1.659338967e-13,1.200422057e-13,2.83663574e-13,1.808119227e-13,2.010623009e-13,2.474429516e-13,3.92471657e-13,1.988372813e-13,4.057925009e-13,1.632306945e-14,8.111597264e-14,7.123068565e-14,5.904305747e-14,2.088167095e-14,1.594902323e-13,8.163222127e-14,2.05641866e-13,1.16334748e-13,8.398541226e-14,2.032153702e-13,2.507608203e-14
117.15625,4.849016782e-13,2.692672502e-13,1.867376294e-13,8.549115746e-14,3.438577693e-13,2.22686206e-13,2.577118879e-14,9.807901469e-14,9.737608279e-14,1.543668129e-13,8.499871574e-14,1.655172888e-13,1.191534604e-13,2.815816236e-13,1.845773101e-13,2.040540838e-13,2.48779987e-13,3.957830445e-13,1.995838877e-13,4.072981606e-13,1.647585653e-14,8.112183201e-14,7.202296699e-14,5.949970777e-14,2.101229165e-14,1.588881074e-13,8.025398487e-14,2.079258143e-13,1.159330931e-13,8.454447383e-14,2.037086129e-13,2.491874705e-14
117.1640625,4.835286625e-13,2.697672127e-13,1.875838988e-13,8.802549306e-14,3.435576015e-13,2.220127416e-13,2.548594546e-14,1.001958283e-13,9.66296701e-14,1.541517725e-13,8.601635683e-14,1.65043918e-13,1.182516023e-13,2.792057556e-13,1.883279694e-13,2.070378084e-13,2.497728321e-13,3.988678343e-13,2.002398068e-13,4.090639347e-13,1.663987072e-14,8.105899913e-14,7.281161486e-14,5.995304017e-14,2.114487665e-14,1.583512689e-13,7.893462954e-14,2.100682274e-13,1.155577855e-13,8.510962365e-14,2.041196452e-13,2.477479227e-14
117.171875,4.818852083e-13,2.697933763e-13,1.88539839e-13,9.052647726e-14,3.431240281e-13,2.212903778e-13,2.520923178e-14,1.023151002e-13,9.585100283e-14,1.53856454e-13,8.70288012e-14,1.644720328e-13,1.173636404e-13,2.767655197e-13,1.921555628e-13,2.101161827e-13,2.505863809e-13,4.018342779e-13,2.007645241e-13,4.106875583e-13,1.68411141e-14,8.094649704e-14,7.355709812e-14,6.040999054e-14,2.126754201e-14,1.577520683e-13,7.764780831e-14,2.120937818e-13,1.151473499e-13,8.565914787e-14,2.044358836e-13,2.463098913e-14
117.1796875,4.801598966e-13,2.694631319e-13,1.896732194e-13,9.301996165e-14,3.425536286e-13,2.206802705e-13,2.494751429e-14,1.044196882e-13,9.512305903e-14,1.535121186e-13,8.81438186e-14,1.63825568e-13,1.165428036e-13,2.744642732e-13,1.961048013e-13,2.133037602e-13,2.515390719e-13,4.045305564e-13,2.012260721e-13,4.1230941e-13,1.707751083e-14,8.085244016e-14,7.423088478e-14,6.08866511e-14,2.140201715e-14,1.571019019e-13,7.644336369e-14,2.140624737e-13,1.148486862e-13,8.619909372e-14,2.047232376e-13,2.452089935e-14
117.1875,4.781424272e-13,2.693285381e-13,1.907551447e-13,9.564486642e-14,3.416096521e-13,2.199402972e-13,2.468470636e-14,1.065406578e-13,9.440150361e-14,1.531015962e-13,8.937790898e-14,1.631499724e-13,1.157612576e-13,2.721109677e-13,2.001781122e-13,2.165554314e-13,2.525141323e-13,4.069594604e-13,2.016912641e-13,4.14127886e-13,1.732373907e-14,8.073654689e-14,7.487388322e-14,6.134946672e-14,2.1562763e-14,1.56420538e-13,7.534990572e-14,2.159243475e-13,1.147512847e-13,8.669601397e-14,2.049500319e-13,2.44267278e-14
117.1953125,4.760009717e-13,2.692860499e-13,1.917037929e-13,9.839499303e-14,3.405058067e-13,2.191403125e-13,2.442511768e-14,1.086837282e-13,9.368650576e-14,1.526136231e-13,9.062044264e-14,1.624728043e-13,1.15013977e-13,2.696507896e-13,2.042628488e-13,2.197210233e-13,2.532460644e-13,4.093036749e-13,2.021755445e-13,4.159833906e-13,1.757860112e-14,8.059327759e-14,7.553606917e-14,6.175299355e-14,2.173426235e-14,1.556411107e-13,7.427962035e-14,2.176999872e-13,1.147034887e-13,8.710692737e-14,2.050871492e-13,2.431601185e-14
117.203125,4.739557147e-13,2.690118993e-13,1.926030477e-13,1.010769023e-13,3.393998177e-13,2.184927322e-13,2.419612559e-14,1.107980676e-13,9.305015178e-14,1.52130654e-13,9.18360415e-14,1.617693773e-13,1.143546632e-13,2.672252892e-13,2.082547895e-13,2.226588361e-13,2.537796111e-13,4.114759404e-13,2.026302894e-13,4.176211898e-13,1.786384185e-14,8.047076685e-14,7.622236704e-14,6.214958525e-14,2.191657455e-14,1.547330662e-13,7.316799893e-14,2.194658335e-13,1.146408192e-13,8.745968916e-14,2.052014539e-13,2.420680868e-14
117.2109375,4.716550246e-13,2.685062463e-13,1.933687416e-13,1.036485931e-13,3.379066171e-13,2.178198335e-13,2.399184406e-14,1.128143673e-13,9.239363028e-14,1.516399855e-13,9.302738623e-14,1.609359574e-13,1.137114772e-13,2.646773754e-13,2.121225307e-13,2.253632989e-13,2.542612931e-13,4.131854448e-13,2.029305812e-13,4.188770956e-13,1.817242306e-14,8.032748157e-14,7.690301235e-14,6.257082729e-14,2.212035114e-14,1.537413879e-13,7.205321315e-14,2.210910693e-13,1.146560449e-13,8.778751021e-14,2.051899844e-13,2.410499472e-14
117.21875,4.689228618e-13,2.679555135e-13,1.939386258e-13,1.062154241e-13,3.359574644e-13,2.169965338e-13,2.37916051e-14,1.146902115e-13,9.162039536e-14,1.510564447e-13,9.412220123e-14,1.59943056e-13,1.129307269e-13,2.61815671e-13,2.158855538e-13,2.279823679e-13,2.546685625e-13,4.144458819e-13,2.030345128e-13,4.1991245e-13,1.849145461e-14,8.011959495e-14,7.751274942e-14,6.29182333e-14,2.232645435e-14,1.527317945e-13,7.09567489e-14,2.224700405e-13,1.147373238e-13,8.808218144e-14,2.048918568e-13,2.399890641e-14
117.2265625,4.660497229e-13,2.674817146e-13,1.944385863e-13,1.088334716e-13,3.339318146e-13,2.161400976e-13,2.360475228e-14,1.164891509e-13,9.084521155e-14,1.504049048e-13,9.514869158e-14,1.589067143e-13,1.120616284e-13,2.588403398e-13,2.196793888e-13,2.306831225e-13,2.549656337e-13,4.155212388e-13,2.030810668e-13,4.211178412e-13,1.882614981e-14,7.989140614e-14,7.801219274e-14,6.315827604e-14,2.252801375e-14,1.517278084e-13,6.988093044e-14,2.237558896e-13,1.148412641e-13,8.834944726e-14,2.044700704e-13,2.390470175e-14
117.234375,4.631705596e-13,2.668094233e-13,1.949106924e-13,1.115012177e-13,3.318757451e-13,2.152755576e-13,2.344337542e-14,1.183086905e-13,9.012404845e-14,1.4970992e-13,9.620902642e-14,1.578552417e-13,1.112812465e-13,2.559506356e-13,2.235512863e-13,2.333718038e-13,2.552203938e-13,4.164286014e-13,2.031736576e-13,4.225232503e-13,1.91729288e-14,7.967031767e-14,7.846358558e-14,6.339294136e-14,2.275330871e-14,1.506627859e-13,6.886354582e-14,2.249552997e-13,1.150139581e-13,8.858600119e-14,2.040774714e-13,2.383174659e-14
117.2421875,4.603050321e-13,2.657025224e-13,1.953279857e-13,1.141505039e-13,3.296968084e-13,2.144445895e-13,2.329980718e-14,1.201303922e-13,8.939314127e-14,1.489622527e-13,9.7295198e-14,1.567163078e-13,1.105662321e-13,2.531060539e-13,2.273349715e-13,2.358495151e-13,2.554903338e-13,4.170251125e-13,2.032647086e-13,4.239015489e-13,1.955865458e-14,7.945565362e-14,7.894327841e-14,6.364520816e-14,2.299832073e-14,1.494840528e-13,6.789168904e-14,2.259543947e-13,1.152492484e-13,8.877084795e-14,2.035474528e-13,2.376976555e-14
117.25,4.574574969e-13,2.646155256e-13,1.95714107e-13,1.167449788e-13,3.274235793e-13,2.137059587e-13,2.31716887e-14,1.219119199e-13,8.869297705e-14,1.48237579e-13,9.840321878e-14,1.555420706e-13,1.097797374e-13,2.502916669e-13,2.310075254e-13,2.382508509e-13,2.557730967e-13,4.173605105e-13,2.033046882e-13,4.252665926e-13,2.001370157e-14,7.925681041e-14,7.942705171e-14,6.385073617e-14,2.323371907e-14,1.482687265e-13,6.692941445e-14,2.269367534e-13,1.154934327e-13,8.893995451e-14,2.028817093e-13,2.371568345e-14
117.2578125,4.543485583e-13,2.638433235e-13,1.959982622e-13,1.1937679e-13,3.248157848e-13,2.129026345e-13,2.305924552e-14,1.236881483e-13,8.804870793e-14,1.475610757e-13,9.95379787e-14,1.543833902e-13,1.089462427e-13,2.474132321e-13,2.346898103e-13,2.407819218e-13,2.560177078e-13,4.174622897e-13,2.03266805e-13,4.266712253e-13,2.047399673e-14,7.902747757e-14,7.98502041e-14,6.403505887e-14,2.346855101e-14,1.471009477e-13,6.601123675e-14,2.280128069e-13,1.157396374e-13,8.914446744e-14,2.022852429e-13,2.366684674e-14
117.265625,4.508496488e-13,2.629882965e-13,1.961321953e-13,1.220716065e-13,3.21734791e-13,2.119393691e-13,2.294977594e-14,1.254412772e-13,8.738316397e-14,1.468579586e-13,1.006000939e-13,1.531662776e-13,1.081485802e-13,2.442873916e-13,2.383005769e-13,2.432902189e-13,2.561367895e-13,4.172242263e-13,2.031215981e-13,4.280492124e-13,2.089173423e-14,7.872633114e-14,8.021019187e-14,6.424602177e-14,2.371347708e-14,1.459487904e-13,6.512039888e-14,2.289898318e-13,1.160142669e-13,8.936822734e-14,2.016610737e-13,2.36288893e-14
117.2734375,4.473631171e-13,2.619708974e-13,1.962263669e-13,1.247635167e-13,3.185952675e-13,2.109826449e-13,2.284639712e-14,1.270918959e-13,8.673206815e-14,1.461312483e-13,1.015709531e-13,1.519163208e-13,1.073867239e-13,2.411048851e-13,2.417784395e-13,2.45625167e-13,2.5614676e-13,4.167567992e-13,2.029419745e-13,4.294407537e-13,2.133385334e-14,7.843644181e-14,8.053807486e-14,6.442476333e-14,2.395592872e-14,1.447637865e-13,6.419048364e-14,2.298708709e-13,1.164110864e-13,8.956979428e-14,2.008921557e-13,2.361720602e-14
117.28125,4.441726766e-13,2.610309694e-13,1.962975124e-13,1.274807524e-13,3.156537066e-13,2.101374524e-13,2.277154624e-14,1.286602072e-13,8.615975623e-14,1.453858718e-13,1.025353719e-13,1.506902467e-13,1.066575833e-13,2.381841202e-13,2.453065791e-13,2.479433148e-13,2.561887308e-13,4.162628521e-13,2.028175752e-13,4.308867602e-13,2.183135998e-14,7.822169261e-14,8.081853103e-14,6.452005248e-14,2.421189959e-14,1.435465244e-13,6.329961449e-14,2.307487779e-13,1.169779847e-13,8.972220976e-14,2.001427778e-13,2.362423172e-14
117.2890625,4.410672518e-13,2.599944809e-13,1.962256381e-13,1.30218406e-13,3.126266167e-13,2.093339255e-13,2.272771317e-14,1.302077998e-13,8.556172047e-14,1.445352816e-13,1.034578905e-13,1.493511253e-13,1.059290066e-13,2.353545191e-13,2.489322805e-13,2.503264374e-13,2.562433003e-13,4.156245748e-13,2.026715043e-13,4.323529587e-13,2.234434164e-14,7.799165205e-14,8.101361174e-14,6.456181876e-14,2.449582595e-14,1.422700115e-13,6.255278291e-14,2.314729157e-13,1.175558379e-13,8.981354317e-14,1.993629991e-13,2.363414124e-14
117.296875,4.377041844e-13,2.587665918e-13,1.959661789e-13,1.328471142e-13,3.093058984e-13,2.084717279e-13,2.271166012e-14,1.31700331e-13,8.487990509e-14,1.435864209e-13,1.042706707e-13,1.478152086e-13,1.051515207e-13,2.323292353e-13,2.524220822e-13,2.525856393e-13,2.560442389e-13,4.145733148e-13,2.023669006e-13,4.338953986e-13,2.286883641e-14,7.767862111e-14,8.114600248e-14,6.45739231e-14,2.47766231e-14,1.40903302e-13,6.187590587e-14,2.319647942e-13,1.180381562e-13,8.986307299e-14,1.983422349e-13,2.365508374e-14
117.3046875,4.338129432e-13,2.575013102e-13,1.955466923e-13,1.353634623e-13,3.057270773e-13,2.07465013e-13,2.273308702e-14,1.331278816e-13,8.42166275e-14,1.426387349e-13,1.050133392e-13,1.461916037e-13,1.044062649e-13,2.291325926e-13,2.556496975e-13,2.546195312e-13,2.554486542e-13,4.130216736e-13,2.018548298e-13,4.355253251e-13,2.341316427e-14,7.734000249e-14,8.127669579e-14,6.459444258e-14,2.50435084e-14,1.395142834e-13,6.117771919e-14,2.322534613e-13,1.185469029e-13,8.989321281e-14,1.972035012e-13,2.37021398e-14
117.3125,4.29484629e-13,2.560917446e-13,1.950130508e-13,1.37899653e-13,3.018987774e-13,2.063660671e-13,2.277645774e-14,1.345681597e-13,8.359701358e-14,1.417017978e-13,1.057254244e-13,1.445207503e-13,1.037715343e-13,2.258157941e-13,2.587634071e-13,2.565864491e-13,2.546679254e-13,4.110994537e-13,2.01174934e-13,4.371086829e-13,2.397567488e-14,7.701059286e-14,8.141364906e-14,6.465793365e-14,2.53217711e-14,1.381891296e-13,6.048810967e-14,2.323277709e-13,1.191421375e-13,8.990039234e-14,1.960644606e-13,2.378001291e-14
117.3203125,4.252479621e-13,2.544875228e-13,1.944270603e-13,1.404728253e-13,2.979037757e-13,2.053656955e-13,2.281912998e-14,1.360015703e-13,8.296050389e-14,1.407290854e-13,1.063906229e-13,1.427851078e-13,1.031717654e-13,2.224612732e-13,2.619045535e-13,2.585783441e-13,2.539515771e-13,4.090324225e-13,2.004535735e-13,4.385838708e-13,2.455356271e-14,7.667014502e-14,8.150486757e-14,6.467673066e-14,2.561086558e-14,1.368778968e-13,5.984033113e-14,2.323466291e-13,1.197776325e-13,8.98736476e-14,1.948062814e-13,2.388238383e-14
117.328125,4.211485003e-13,2.528199364e-13,1.938142373e-13,1.429919289e-13,2.93828405e-13,2.044391849e-13,2.287307968e-14,1.373383727e-13,8.230842759e-14,1.396986258e-13,1.06995829e-13,1.410199724e-13,1.025487584e-13,2.19160995e-13,2.649994068e-13,2.604867696e-13,2.532371598e-13,4.068420719e-13,1.997371825e-13,4.400000706e-13,2.512594921e-14,7.630151364e-14,8.150005491e-14,6.459428012e-14,2.589805924e-14,1.354715485e-13,5.921906871e-14,2.32401989e-13,1.204802383e-13,8.980107267e-14,1.934372201e-13,2.399724058e-14
117.3359375,4.166287502e-13,2.510784476e-13,1.931875046e-13,1.454097061e-13,2.8958759e-13,2.033335077e-13,2.294164285e-14,1.386088331e-13,8.163560775e-14,1.386198131e-13,1.07594908e-13,1.392123917e-13,1.018982116e-13,2.157223272e-13,2.679525884e-13,2.623288356e-13,2.523739885e-13,4.043708814e-13,1.988893178e-13,4.414061908e-13,2.572314107e-14,7.587047791e-14,8.140470469e-14,6.449913623e-14,2.61890317e-14,1.339790896e-13,5.861575107e-14,2.323138458e-13,1.212425878e-13,8.968384856e-14,1.91975882e-13,2.411959454e-14
117.34375,4.117765542e-13,2.493601939e-13,1.925836877e-13,1.477519199e-13,2.852918839e-13,2.020795233e-13,2.301767101e-14,1.398611644e-13,8.093701259e-14,1.375646965e-13,1.082339654e-13,1.373993119e-13,1.012328896e-13,2.121546119e-13,2.708411537e-13,2.642500721e-13,2.514652396e-13,4.017206074e-13,1.979021921e-13,4.428579217e-13,2.639713358e-14,7.539260277e-14,8.12766852e-14,6.437645886e-14,2.648983763e-14,1.325002882e-13,5.806172123e-14,2.320910633e-13,1.220143813e-13,8.954367726e-14,1.903784259e-13,2.424665528e-14
117.3515625,4.070930597e-13,2.477001239e-13,1.919813032e-13,1.500787151e-13,2.811770003e-13,2.009623177e-13,2.31277052e-14,1.410751461e-13,8.028378173e-14,1.365737843e-13,1.087881864e-13,1.35673925e-13,1.006847473e-13,2.088345859e-13,2.737372129e-13,2.661893686e-13,2.50608905e-13,3.990120884e-13,1.969293303e-13,4.443614981e-13,2.709898109e-14,7.493886503e-14,8.113268932e-14,6.415710087e-14,2.680585242e-14,1.310842835e-13,5.7595177e-14,2.318315097e-13,1.228184752e-13,8.938854644e-14,1.888105773e-13,2.438037646e-14
117.359375,4.024274445e-13,2.457793921e-13,1.912326311e-13,1.523830332e-13,2.770102915e-13,1.999479867e-13,2.328245197e-14,1.422819625e-13,7.96792088e-14,1.3556145e-13,1.091481723e-13,1.339213423e-13,1.002746614e-13,2.056401246e-13,2.765602051e-13,2.679979168e-13,2.496387102e-13,3.959632149e-13,1.959235866e-13,4.458477438e-13,2.778142341e-14,7.448727759e-14,8.091868288e-14,6.395196962e-14,2.713601947e-14,1.296974627e-13,5.717070146e-14,2.313641431e-13,1.236268543e-13,8.921876924e-14,1.872786688e-13,2.453356183e-14
117.3671875,3.977028745e-13,2.436570365e-13,1.902051016e-13,1.545638575e-13,2.725586276e-13,1.988276943e-13,2.345870093e-14,1.434896977e-13,7.905507455e-14,1.344771756e-13,1.094342785e-13,1.320198228e-13,9.976189074e-14,2.022241603e-13,2.792238843e-13,2.696618535e-13,2.484445267e-13,3.924768201e-13,1.94788965e-13,4.473712859e-13,2.84828211e-14,7.400481923e-14,8.063687814e-14,6.376918601e-14,2.746148037e-14,1.28294833e-13,5.671973168e-14,2.307109792e-13,1.24383072e-13,8.903669372e-14,1.855274789e-13,2.470147093e-14
117.375,3.931638503e-13,2.417382548e-13,1.890280612e-13,1.566196757e-13,2.680886314e-13,1.976905269e-13,2.365691318e-14,1.446356745e-13,7.844415265e-14,1.333919611e-13,1.096890902e-13,1.301021648e-13,9.909097308e-14,1.988036418e-13,2.81745736e-13,2.71180043e-13,2.470808883e-13,3.888450225e-13,1.935933189e-13,4.491122813e-13,2.921021414e-14,7.354525607e-14,8.036645588e-14,6.342642019e-14,2.776806618e-14,1.268786456e-13,5.628885849e-14,2.301216806e-13,1.251357117e-13,8.881034576e-14,1.83648686e-13,2.487178506e-14
117.3828125,3.883647909e-13,2.39888468e-13,1.87934553e-13,1.586643158e-13,2.635731006e-13,1.966140263e-13,2.38785645e-14,1.457579971e-13,7.786257099e-14,1.323311195e-13,1.097684117e-13,1.282000276e-13,9.845561395e-14,1.954506833e-13,2.842135401e-13,2.726074666e-13,2.455403088e-13,3.850164626e-13,1.922725995e-13,4.510183046e-13,2.994559094e-14,7.305840568e-14,8.010950843e-14,6.297674945e-14,2.805291143e-14,1.254790053e-13,5.592111166e-14,2.294969233e-13,1.259023035e-13,8.851416493e-14,1.81784679e-13,2.506812903e-14
117.390625,3.829590671e-13,2.378384815e-13,1.868459977e-13,1.606496342e-13,2.586848969e-13,1.954206847e-13,2.411421594e-14,1.469259854e-13,7.723861311e-14,1.312473671e-13,1.096765684e-13,1.261814513e-13,9.78774644e-14,1.918724168e-13,2.86704043e-13,2.740989148e-13,2.438852325e-13,3.808060657e-13,1.907448153e-13,4.528624699e-13,3.068893495e-14,7.24538364e-14,7.978903328e-14,6.259523564e-14,2.833168735e-14,1.241107388e-13,5.555043917e-14,2.286161608e-13,1.266889869e-13,8.817839951e-14,1.797036091e-13,2.531223836e-14
117.3984375,3.774752812e-13,2.35709401e-13,1.855613173e-13,1.624775336e-13,2.536499613e-13,1.940858613e-13,2.438292405e-14,1.481303821e-13,7.661587059e-14,1.301391183e-13,1.09516819e-13,1.241049132e-13,9.731312221e-14,1.882208249e-13,2.891969853e-13,2.756648066e-13,2.422531259e-13,3.764397032e-13,1.891892226e-13,4.547557136e-13,3.142054002e-14,7.181945809e-14,7.939593189e-14,6.221138527e-14,2.864624483e-14,1.227619433e-13,5.516004432e-14,2.275076057e-13,1.275880106e-13,8.782101293e-14,1.774364607e-13,2.558517098e-14
117.40625,3.720753717e-13,2.334985785e-13,1.841977212e-13,1.642859266e-13,2.487816639e-13,1.927752995e-13,2.468391432e-14,1.493965769e-13,7.606188466e-14,1.290087036e-13,1.093103115e-13,1.220624473e-13,9.681235876e-14,1.847355092e-13,2.916661491e-13,2.772446187e-13,2.405843013e-13,3.720422042e-13,1.876871545e-13,4.569096269e-13,3.216097631e-14,7.122003767e-14,7.897354474e-14,6.174189317e-14,2.899769772e-14,1.213801226e-13,5.479680118e-14,2.262447855e-13,1.285383399e-13,8.743251748e-14,1.752573754e-13,2.586550038e-14
117.4140625,3.666584182e-13,2.31141602e-13,1.829367024e-13,1.661166478e-13,2.440330001e-13,1.915634409e-13,2.499135529e-14,1.506855284e-13,7.550479912e-14,1.278168101e-13,1.091233968e-13,1.200136928e-13,9.629757943e-14,1.813392365e-13,2.942065696e-13,2.789240782e-13,2.388803918e-13,3.675600541e-13,1.861856361e-13,4.590401253e-13,3.294501862e-14,7.06103296e-14,7.851043941e-14,6.124986332e-14,2.933749183e-14,1.199262923e-13,5.44477235e-14,2.249582591e-13,1.293860554e-13,8.703648944e-14,1.730766649e-13,2.615167716e-14
117.421875,3.616063152e-13,2.288518257e-13,1.816508385e-13,1.677360857e-13,2.394223188e-13,1.904349583e-13,2.532695756e-14,1.518649053e-13,7.493410812e-14,1.265719236e-13,1.089777749e-13,1.17981762e-13,9.571474434e-14,1.780742082e-13,2.968548503e-13,2.807212746e-13,2.373415547e-13,3.631217706e-13,1.847802318e-13,4.608766425e-13,3.373374792e-14,7.002611926e-14,7.797218915e-14,6.07543115e-14,2.966899915e-14,1.184703145e-13,5.411674527e-14,2.237815596e-13,1.302077432e-13,8.664478126e-14,1.707955244e-13,2.645997401e-14
117.4296875,3.565634025e-13,2.266624771e-13,1.801644224e-13,1.691614277e-13,2.347068483e-13,1.892336956e-13,2.570011173e-14,1.529938301e-13,7.439932187e-14,1.253174848e-13,1.087431351e-13,1.159280112e-13,9.520428935e-14,1.747934426e-13,2.994249243e-13,2.824641271e-13,2.358365184e-13,3.585335983e-13,1.83345131e-13,4.627179543e-13,3.451789165e-14,6.943599053e-14,7.737127901e-14,6.026342039e-14,3.001982258e-14,1.170914674e-13,5.385032557e-14,2.225454124e-13,1.310798924e-13,8.621988496e-14,1.684759894e-13,2.68066812e-14
117.4375,3.506670148e-13,2.243261455e-13,1.785538609e-13,1.706418347e-13,2.295164805e-13,1.877849414e-13,2.607145975e-14,1.541793567e-13,7.381891433e-14,1.240356926e-13,1.083675663e-13,1.137252704e-13,9.480545033e-14,1.711577872e-13,3.017624988e-13,2.84035926e-13,2.340006751e-13,3.534343068e-13,1.815689313e-13,4.647962797e-13,3.530755692e-14,6.870195199e-14,7.673992131e-14,5.979687e-14,3.0358806e-14,1.157492908e-13,5.362788158e-14,2.210433131e-13,1.319055161e-13,8.574676038e-14,1.659904694e-13,2.716422455e-14
117.4453125,3.443095662e-13,2.218220521e-13,1.769586199e-13,1.721427021e-13,2.2428771e-13,1.862364772e-13,2.645596737e-14,1.553158247e-13,7.316523573e-14,1.226955038e-13,1.078839884e-13,1.114976289e-13,9.445425708e-14,1.674300202e-13,3.039955812e-13,2.855341365e-13,2.318840667e-13,3.481422629e-13,1.796143836e-13,4.670210082e-13,3.60373338e-14,6.789641264e-14,7.608729357e-14,5.929672636e-14,3.068034099e-14,1.144126205e-13,5.343822064e-14,2.193477801e-13,1.327403946e-13,8.523831255e-14,1.633558459e-13,2.751212294e-14
117.453125,3.381951736e-13,2.193478639e-13,1.753393894e-13,1.735930143e-13,2.194719045e-13,1.847838591e-13,2.689021463e-14,1.564062087e-13,7.255916755e-14,1.213324875e-13,1.072750096e-13,1.094142646e-13,9.41699183e-14,1.639519818e-13,3.063342592e-13,2.871807704e-13,2.297503691e-13,3.430100094e-13,1.777766655e-13,4.694289659e-13,3.673215987e-14,6.716753155e-14,7.540994537e-14,5.874491771e-14,3.102698965e-14,1.131195738e-13,5.333136151e-14,2.175523498e-13,1.337119565e-13,8.468319022e-14,1.607847781e-13,2.790338054e-14
117.4609375,3.320953956e-13,2.16955087e-13,1.736138832e-13,1.751209901e-13,2.146823315e-13,1.833373567e-13,2.735117003e-14,1.576258006e-13,7.203240021e-14,1.200050618e-13,1.065802503e-13,1.073515654e-13,9.389941935e-14,1.605134404e-13,3.08782616e-13,2.890359371e-13,2.276055867e-13,3.377472188e-13,1.759128871e-13,4.719219563e-13,3.750371683e-14,6.645351176e-14,7.472071203e-14,5.818970531e-14,3.137735742e-14,1.118342158e-13,5.32719965e-14,2.156836908e-13,1.34706431e-13,8.408166882e-14,1.58194276e-13,2.835669142e-14
117.46875,3.258713559e-13,2.145244415e-13,1.718329729e-13,1.765930512e-13,2.097537157e-13,1.818465537e-13,2.784178833e-14,1.589467328e-13,7.153239912e-14,1.187348747e-13,1.058518133e-13,1.052105951e-13,9.357565821e-14,1.570671779e-13,3.112071559e-13,2.909011238e-13,2.253787003e-13,3.322069444e-13,1.739029797e-13,4.741971037e-13,3.831238013e-14,6.568226698e-14,7.404429793e-14,5.764708833e-14,3.169336636e-14,1.105010854e-13,5.317893284e-14,2.138014382e-13,1.355800198e-13,8.346999891e-14,1.554927694e-13,2.880693171e-14
117.4765625,3.196628733e-13,2.120452385e-13,1.700413825e-13,1.777141217e-13,2.049137099e-13,1.803539889e-13,2.839391242e-14,1.602451306e-13,7.103789313e-14,1.174940848e-13,1.050526099e-13,1.030604503e-13,9.331404706e-14,1.537337981e-13,3.13551759e-13,2.926871965e-13,2.231100657e-13,3.265625655e-13,1.718609631e-13,4.764326516e-13,3.907830698e-14,6.486701661e-14,7.336892059e-14,5.714764383e-14,3.20118936e-14,1.09173295e-13,5.308858935e-14,2.118896706e-13,1.363761081e-13,8.285883445e-14,1.528121482e-13,2.924645017e-14
117.484375,3.133440182e-13,2.096558046e-13,1.682216463e-13,1.785997575e-13,2.000220282e-13,1.78801395e-13,2.897739084e-14,1.615066161e-13,7.04965021e-14,1.16224007e-13,1.041824147e-13,1.008960809e-13,9.31862352e-14,1.503488725e-13,3.158978894e-13,2.945456076e-13,2.208412631e-13,3.208383148e-13,1.698011961e-13,4.789676555e-13,3.983771321e-14,6.399039374e-14,7.264457552e-14,5.666023018e-14,3.236007623e-14,1.079100744e-13,5.305823273e-14,2.098919872e-13,1.372018941e-13,8.222088941e-14,1.500933729e-13,2.972710007e-14
117.4921875,3.070265184e-13,2.073380177e-13,1.664186596e-13,1.795750767e-13,1.950877778e-13,1.772765939e-13,2.957751342e-14,1.626825952e-13,6.988293198e-14,1.149115493e-13,1.032419439e-13,9.872359446e-14,9.31330072e-14,1.469838122e-13,3.184231418e-13,2.965740693e-13,2.185781947e-13,3.151596599e-13,1.677461825e-13,4.815670772e-13,4.059410276e-14,6.30961574e-14,7.18667483e-14,5.605494567e-14,3.271907009e-14,1.067136438e-13,5.307067005e-14,2.078035751e-13,1.381359536e-13,8.154136326e-14,1.472485678e-13,3.023949759e-14
117.5,3.009027533e-13,2.049901502e-13,1.646387796e-13,1.806919812e-13,1.903896085e-13,1.759400929e-13,3.024384879e-14,1.637809921e-13,6.926538468e-14,1.136172641e-13,1.021835072e-13,9.661937404e-14,9.317365537e-14,1.438797035e-13,3.212213329e-13,2.987889004e-13,2.16318371e-13,3.096480917e-13,1.657547789e-13,4.839697197e-13,4.132177783e-14,6.224812316e-14,7.108690246e-14,5.537411753e-14,3.309138705e-14,1.05564493e-13,5.314689999e-14,2.056380058e-13,1.391730971e-13,8.082379633e-14,1.444226571e-13,3.075976589e-14
117.5078125,2.947159e-13,2.02732979e-13,1.628211791e-13,1.817627145e-13,1.857690413e-13,1.746362531e-13,3.096925615e-14,1.649387655e-13,6.867264296e-14,1.123813916e-13,1.010900742e-13,9.454548693e-14,9.330341891e-14,1.408594168e-13,3.240966104e-13,3.011564353e-13,2.140514384e-13,3.040570286e-13,1.637115388e-13,4.863071951e-13,4.206678944e-14,6.138349346e-14,7.031564394e-14,5.477152567e-14,3.347449285e-14,1.043954924e-13,5.331695123e-14,2.034901147e-13,1.402387168e-13,8.008261939e-14,1.416379746e-13,3.130697593e-14
117.515625,2.882945133e-13,2.006090725e-13,1.61007952e-13,1.826343982e-13,1.810107278e-13,1.731858993e-13,3.169879367e-14,1.661461561e-13,6.8057586e-14,1.111762537e-13,1.000544361e-13,9.243483555e-14,9.341007229e-14,1.377466145e-13,3.268202987e-13,3.035019011e-13,2.117510656e-13,2.982536485e-13,1.615577337e-13,4.88598938e-13,4.28383662e-14,6.045987619e-14,6.952191341e-14,5.41810452e-14,3.384375976e-14,1.031888815e-13,5.350729109e-14,2.014001128e-13,1.412982967e-13,7.934842343e-14,1.387865395e-13,3.187488288e-14
117.5234375,2.817246415e-13,1.983763093e-13,1.592088745e-13,1.833646151e-13,1.762451992e-13,1.717082192e-13,3.245027495e-14,1.673000946e-13,6.73983702e-14,1.099703931e-13,9.895917258e-14,9.030984556e-14,9.35091849e-14,1.3463154e-13,3.295249287e-13,3.057972782e-13,2.093889205e-13,2.923727477e-13,1.593987081e-13,4.908322818e-13,4.359368717e-14,5.952754147e-14,6.870631495e-14,5.351114226e-14,3.421417361e-14,1.020542696e-13,5.368459819e-14,1.991526629e-13,1.423174426e-13,7.862094583e-14,1.358781388e-13,3.243782472e-14
117.53125,2.749931092e-13,1.959812053e-13,1.573219521e-13,1.84064229e-13,1.715264826e-13,1.70259513e-13,3.32581183e-14,1.684651566e-13,6.672281623e-14,1.087695305e-13,9.771925068e-14,8.817068162e-14,9.369932001e-14,1.314934555e-13,3.324186928e-13,3.082809763e-13,2.069857805e-13,2.864220255e-13,1.572131198e-13,4.93242838e-13,4.433915505e-14,5.857962988e-14,6.786814812e-14,5.288348631e-14,3.460647362e-14,1.010242368e-13,5.395098665e-14,1.96629176e-13,1.43272612e-13,7.784987803e-14,1.329059991e-13,3.300513515e-14
117.5390625,2.681789598e-13,1.936417804e-13,1.553992691e-13,1.846859112e-13,1.66877915e-13,1.687247231e-13,3.408727251e-14,1.697331935e-13,6.606635554e-14,1.076056967e-13,9.64260652e-14,8.602419752e-14,9.393096046e-14,1.283438535e-13,3.354181013e-13,3.110162794e-13,2.045884877e-13,2.805000301e-13,1.549416444e-13,4.958494109e-13,4.508197404e-14,5.758113784e-14,6.698217253e-14,5.23439568e-14,3.499793424e-14,9.999233996e-14,5.434027778e-14,1.940621406e-13,1.442666892e-13,7.702098996e-14,1.298590119e-13,3.359234358e-14
117.546875,2.614606207e-13,1.914235947e-13,1.535988262e-13,1.852751318e-13,1.624384606e-13,1.671945288e-13,3.49256813e-14,1.710895829e-13,6.5435948e-14,1.065012448e-13,9.513017518e-14,8.396002271e-14,9.415591015e-14,1.253565229e-13,3.384881785e-13,3.138860284e-13,2.022314963e-13,2.748285932e-13,1.527111818e-13,4.984662052e-13,4.579724303e-14,5.656779362e-14,6.607050279e-14,5.176892809e-14,3.539418475e-14,9.895726119e-14,5.475422619e-14,1.916398767e-13,1.453502136e-13,7.61894837e-14,1.268732216e-13,3.42097221e-14
117.5546875,2.548528342e-13,1.892693601e-13,1.519399836e-13,1.860227352e-13,1.581969235e-13,1.658571387e-13,3.581695781e-14,1.725064327e-13,6.484161089e-14,1.054203394e-13,9.38237294e-14,8.203169212e-14,9.448241871e-14,1.225490233e-13,3.41797096e-13,3.169259013e-13,1.999240949e-13,2.692821609e-13,1.506176201e-13,5.01251037e-13,4.649162317e-14,5.558369123e-14,6.517532746e-14,5.115399533e-14,3.582837087e-14,9.803661548e-14,5.516326448e-14,1.893050586e-13,1.463990314e-13,7.539799355e-14,1.240690634e-13,3.487510355e-14
117.5625,2.482930492e-13,1.872059013e-13,1.503515464e-13,1.868092608e-13,1.540740723e-13,1.645581879e-13,3.674023664e-14,1.739294777e-13,6.431072462e-14,1.043072584e-13,9.253458803e-14,8.01874952e-14,9.494822563e-14,1.198050341e-13,3.452687452e-13,3.201011253e-13,1.975530485e-13,2.636331915e-13,1.485480285e-13,5.043424191e-13,4.719136302e-14,5.461220598e-14,6.427777716e-14,5.059833172e-14,3.626521019e-14,9.722896135e-14,5.564204357e-14,1.869422403e-13,1.473691224e-13,7.463331987e-14,1.213886034e-13,3.557106579e-14
117.5703125,2.417336412e-13,1.851997039e-13,1.487483192e-13,1.873595547e-13,1.500885092e-13,1.630669267e-13,3.764185803e-14,1.75306119e-13,6.379225051e-14,1.031830268e-13,9.126451709e-14,7.834853042e-14,9.542750816e-14,1.170807726e-13,3.486425035e-13,3.231973808e-13,1.950195247e-13,2.579957358e-13,1.463936665e-13,5.073603415e-13,4.789865161e-14,5.360841863e-14,6.335501783e-14,5.008972638e-14,3.665939808e-14,9.639603229e-14,5.619299416e-14,1.844654684e-13,1.483166075e-13,7.385778654e-14,1.186712306e-13,3.624924219e-14
117.578125,2.352379079e-13,1.831730925e-13,1.470942851e-13,1.877824305e-13,1.462519348e-13,1.615676155e-13,3.855698994e-14,1.766819965e-13,6.320527982e-14,1.021236144e-13,8.999068061e-14,7.65083159e-14,9.588660215e-14,1.144111501e-13,3.519681944e-13,3.262452201e-13,1.925123526e-13,2.525399816e-13,1.442514291e-13,5.100157591e-13,4.859507484e-14,5.258241611e-14,6.242706689e-14,4.957180985e-14,3.705319935e-14,9.547275729e-14,5.672654846e-14,1.819419444e-13,1.492215576e-13,7.304871235e-14,1.158641541e-13,3.690882564e-14
117.5859375,2.28967037e-13,1.812749639e-13,1.45447723e-13,1.883000611e-13,1.425711114e-13,1.602644587e-13,3.951865389e-14,1.781136796e-13,6.260621482e-14,1.011605336e-13,8.869190732e-14,7.47449093e-14,9.644173177e-14,1.118696097e-13,3.554603631e-13,3.295203201e-13,1.901998994e-13,2.472340305e-13,1.42266661e-13,5.125897203e-13,4.925843688e-14,5.158527057e-14,6.150045915e-14,4.90827759e-14,3.747623759e-14,9.455960094e-14,5.725101348e-14,1.795807578e-13,1.501056236e-13,7.221584034e-14,1.131092013e-13,3.759970509e-14
117.59375,2.227726105e-13,1.796550462e-13,1.438395457e-13,1.888377206e-13,1.390106994e-13,1.589623092e-13,4.049223091e-14,1.795954915e-13,6.207216655e-14,1.00264814e-13,8.735489249e-14,7.30751502e-14,9.712467529e-14,1.094403375e-13,3.591297072e-13,3.33108213e-13,1.878989087e-13,2.41964902e-13,1.40358801e-13,5.153796064e-13,4.990191067e-14,5.059293716e-14,6.057442625e-14,4.866697209e-14,3.787968327e-14,9.376007293e-14,5.790152009e-14,1.773618058e-13,1.510286894e-13,7.13721828e-14,1.104676411e-13,3.834087931e-14
117.6015625,2.163271103e-13,1.780050682e-13,1.423049807e-13,1.892536451e-13,1.354643075e-13,1.575385776e-13,4.149717147e-14,1.810965676e-13,6.153508833e-14,9.93874202e-14,8.604334829e-14,7.140734295e-14,9.784498099e-14,1.070168307e-13,3.629014413e-13,3.368233407e-13,1.854731832e-13,2.366250165e-13,1.38334712e-13,5.182800012e-13,5.057534079e-14,4.954717676e-14,5.965911345e-14,4.826541717e-14,3.825575224e-14,9.302785563e-14,5.869720927e-14,1.750063407e-13,1.518978296e-13,7.051208722e-14,1.078084962e-13,3.909692235e-14
117.609375,2.097518907e-13,1.760055351e-13,1.409359188e-13,1.895239946e-13,1.319923172e-13,1.561538733e-13,4.257571366e-14,1.825717719e-13,6.094419725e-14,9.849996603e-14,8.479576328e-14,6.97373398e-14,9.856652979e-14,1.046233664e-13,3.667738926e-13,3.404810102e-13,1.830305795e-13,2.312340554e-13,1.362194744e-13,5.211037401e-13,5.127695707e-14,4.847597928e-14,5.872680736e-14,4.7829213e-14,3.865063128e-14,9.228108379e-14,5.948825196e-14,1.724323387e-13,1.526431549e-13,6.963989973e-14,1.051261571e-13,3.984377542e-14
117.6171875,2.03370462e-13,1.739841425e-13,1.396758697e-13,1.89718081e-13,1.288372999e-13,1.548722333e-13,4.37032851e-14,1.840455466e-13,6.037815138e-14,9.762895582e-14,8.352050231e-14,6.818013293e-14,9.93542638e-14,1.023894122e-13,3.708226562e-13,3.441788469e-13,1.806033287e-13,2.259917962e-13,1.341958185e-13,5.239181799e-13,5.193869513e-14,4.742094787e-14,5.775401257e-14,4.743745281e-14,3.90593799e-14,9.153990569e-14,6.021557098e-14,1.698482431e-13,1.533910065e-13,6.87683189e-14,1.025330213e-13,4.059873373e-14
117.625,1.971314663e-13,1.723188426e-13,1.38411094e-13,1.89984279e-13,1.260550125e-13,1.536810066e-13,4.488934508e-14,1.856089569e-13,5.987822152e-14,9.681483481e-14,8.223228499e-14,6.676839678e-14,1.002823289e-13,1.003389406e-13,3.751664434e-13,3.482076882e-13,1.782075822e-13,2.210414054e-13,1.32325855e-13,5.268645106e-13,5.254533787e-14,4.636326501e-14,5.678615492e-14,4.714398562e-14,3.946713168e-14,9.084681433e-14,6.095732422e-14,1.674061578e-13,1.542180925e-13,6.789648537e-14,1.000014987e-13,4.136669951e-14
117.6328125,1.908849794e-13,1.707735889e-13,1.3722187e-13,1.903297228e-13,1.234156169e-13,1.525805227e-13,4.615180728e-14,1.872365092e-13,5.937782461e-14,9.604474681e-14,8.108318789e-14,6.544450417e-14,1.013446032e-13,9.840039298e-14,3.797507552e-13,3.525845135e-13,1.759825046e-13,2.163475937e-13,1.305650215e-13,5.297773739e-13,5.314502368e-14,4.529331345e-14,5.585331428e-14,4.686950176e-14,3.990724281e-14,9.021023125e-14,6.174294035e-14,1.650539684e-13,1.550570265e-13,6.70329115e-14,9.751589964e-14,4.213514352e-14
117.640625,1.847077082e-13,1.691281532e-13,1.36180018e-13,1.906382884e-13,1.207711527e-13,1.514833641e-13,4.741418177e-14,1.888447341e-13,5.882000015e-14,9.528575981e-14,8.00165474e-14,6.418169873e-14,1.024526583e-13,9.653636125e-14,3.844108383e-13,3.570792026e-13,1.73943474e-13,2.118707632e-13,1.288915222e-13,5.323923238e-13,5.372294525e-14,4.422102457e-14,5.492521488e-14,4.658256871e-14,4.038331768e-14,8.964347779e-14,6.254243498e-14,1.626987154e-13,1.558971121e-13,6.618515866e-14,9.513635978e-14,4.291698523e-14
117.6484375,1.786719813e-13,1.675812199e-13,1.352022768e-13,1.909910998e-13,1.182878183e-13,1.504345382e-13,4.866364067e-14,1.9046129e-13,5.822396304e-14,9.453666538e-14,7.883703685e-14,6.295762962e-14,1.035480331e-13,9.479333806e-14,3.892506335e-13,3.617045515e-13,1.719662592e-13,2.076103694e-13,1.27284299e-13,5.349305196e-13,5.422586393e-14,4.315111751e-14,5.399635513e-14,4.634633812e-14,4.085976428e-14,8.912323745e-14,6.333092493e-14,1.603285271e-13,1.567788302e-13,6.532322729e-14,9.277349429e-14,4.371098329e-14
117.65625,1.727493836e-13,1.661697422e-13,1.342161176e-13,1.914232157e-13,1.161077966e-13,1.495261242e-13,4.998105262e-14,1.921053577e-13,5.765012245e-14,9.380466988e-14,7.754864611e-14,6.174408178e-14,1.046483278e-13,9.319278851e-14,3.944030319e-13,3.6658664e-13,1.699992321e-13,2.034825544e-13,1.256964169e-13,5.377733871e-13,5.467890908e-14,4.209778115e-14,5.308371997e-14,4.616240131e-14,4.133078619e-14,8.858108255e-14,6.411028515e-14,1.579439439e-13,1.576618152e-13,6.442486509e-14,9.034384179e-14,4.44845451e-14
117.6640625,1.669539641e-13,1.647102846e-13,1.332126922e-13,1.916776236e-13,1.14061613e-13,1.485768918e-13,5.133524429e-14,1.937435965e-13,5.713689203e-14,9.309938581e-14,7.624946863e-14,6.058030892e-14,1.057755427e-13,9.165570906e-14,3.996600942e-13,3.716266087e-13,1.680671572e-13,1.994125967e-13,1.241039829e-13,5.407264051e-13,5.512933963e-14,4.104943384e-14,5.217006613e-14,4.601519742e-14,4.179859007e-14,8.80044402e-14,6.494064737e-14,1.555338554e-13,1.585075765e-13,6.351837818e-14,8.797282274e-14,4.525281523e-14
117.671875,1.61285721e-13,1.63261805e-13,1.322571007e-13,1.917567306e-13,1.12025744e-13,1.475481361e-13,5.266839865e-14,1.953976028e-13,5.667079801e-14,9.244843192e-14,7.496351637e-14,5.953509001e-14,1.069423024e-13,9.017970206e-14,4.049023357e-13,3.767477934e-13,1.66233109e-13,1.954837292e-13,1.225407324e-13,5.434689004e-13,5.556791776e-14,3.997917821e-14,5.124896258e-14,4.594150786e-14,4.225536717e-14,8.745451777e-14,6.583750522e-14,1.531563729e-13,1.593604243e-13,6.262990249e-14,8.574279366e-14,4.605117661e-14
117.6796875,1.556969328e-13,1.619541708e-13,1.314118667e-13,1.919598115e-13,1.101771865e-13,1.466944529e-13,5.404301868e-14,1.970533513e-13,5.622180816e-14,9.185874134e-14,7.372983987e-14,5.862017442e-14,1.081454131e-13,8.887369707e-14,4.102770771e-13,3.819786757e-13,1.645426216e-13,1.917706093e-13,1.210713613e-13,5.461649488e-13,5.598971413e-14,3.891711373e-14,5.034414408e-14,4.593573654e-14,4.271659336e-14,8.697917167e-14,6.673241636e-14,1.508537591e-13,1.602047445e-13,6.174847866e-14,8.359532842e-14,4.685176403e-14
117.6875,1.502102976e-13,1.606940828e-13,1.30607274e-13,1.922251999e-13,1.086016052e-13,1.459812081e-13,5.548609322e-14,1.986549856e-13,5.57600063e-14,9.130095352e-14,7.257178074e-14,5.779416725e-14,1.093548465e-13,8.77185936e-14,4.15771798e-13,3.872441364e-13,1.629290518e-13,1.88178369e-13,1.197147908e-13,5.489029019e-13,5.640890438e-14,3.789051919e-14,4.945627401e-14,4.597141793e-14,4.318944823e-14,8.655063376e-14,6.764826858e-14,1.485642684e-13,1.609511892e-13,6.086354583e-14,8.150373321e-14,4.762493105e-14
117.6953125,1.448487137e-13,1.594755686e-13,1.298536192e-13,1.924173265e-13,1.071361914e-13,1.452634035e-13,5.694620371e-14,2.002259169e-13,5.524090622e-14,9.076180884e-14,7.146620205e-14,5.702303876e-14,1.106084705e-13,8.662679881e-14,4.213502597e-13,3.925368491e-13,1.613074869e-13,1.846492914e-13,1.184415533e-13,5.514881378e-13,5.680987996e-14,3.686788372e-14,4.858181932e-14,4.603357067e-14,4.365239238e-14,8.610945084e-14,6.864600417e-14,1.463054359e-13,1.616802492e-13,5.998369599e-14,7.94415085e-14,4.838788827e-14
117.703125,1.396086332e-13,1.585130353e-13,1.293055802e-13,1.927505038e-13,1.057870213e-13,1.44689221e-13,5.841451651e-14,2.017750298e-13,5.468270756e-14,9.026971677e-14,7.045942225e-14,5.634345997e-14,1.119679052e-13,8.567490936e-14,4.271902489e-13,3.979987556e-13,1.597067184e-13,1.813242146e-13,1.172737224e-13,5.540653007e-13,5.717275816e-14,3.586356805e-14,4.773901598e-14,4.607766885e-14,4.410787114e-14,8.568400731e-14,6.966190892e-14,1.442062326e-13,1.625841639e-13,5.911658857e-14,7.73843064e-14,4.915792884e-14
117.7109375,1.346232106e-13,1.57764881e-13,1.289222308e-13,1.931499841e-13,1.047638852e-13,1.442488292e-13,5.990171525e-14,2.032916394e-13,5.41916615e-14,8.985714951e-14,6.959482437e-14,5.580408887e-14,1.133677802e-13,8.495769554e-14,4.333082634e-13,4.0369338e-13,1.582579949e-13,1.783406483e-13,1.16258316e-13,5.568518547e-13,5.750240956e-14,3.492656412e-14,4.69160901e-14,4.616019404e-14,4.458379609e-14,8.535212365e-14,7.066714967e-14,1.422515458e-13,1.636371232e-13,5.826461311e-14,7.540719845e-14,4.994593303e-14
117.71875,1.299439061e-13,1.568973108e-13,1.285440385e-13,1.93279483e-13,1.040239854e-13,1.43755604e-13,6.141710894e-14,2.04822755e-13,5.377231038e-14,8.950395706e-14,6.881447597e-14,5.534504023e-14,1.14751791e-13,8.438653092e-14,4.394886166e-13,4.095519876e-13,1.570460992e-13,1.756490317e-13,1.153417799e-13,5.595429986e-13,5.780624275e-14,3.401191197e-14,4.608363199e-14,4.63994149e-14,4.50819684e-14,8.507751713e-14,7.172669651e-14,1.40316675e-13,1.646984174e-13,5.742896367e-14,7.352996878e-14,5.073328481e-14
117.7265625,1.253540212e-13,1.559596602e-13,1.282045225e-13,1.933339693e-13,1.033555523e-13,1.433140209e-13,6.297873099e-14,2.062859533e-13,5.329613136e-14,8.915241374e-14,6.809433813e-14,5.491337399e-14,1.161660883e-13,8.384532103e-14,4.456055172e-13,4.153704313e-13,1.559159926e-13,1.731378641e-13,1.144479752e-13,5.618850144e-13,5.808581394e-14,3.306621905e-14,4.525967235e-14,4.670351375e-14,4.55689788e-14,8.478811e-14,7.28197432e-14,1.384341314e-13,1.65754687e-13,5.660529606e-14,7.16674449e-14,5.14680851e-14
117.734375,1.208319785e-13,1.55294985e-13,1.279886354e-13,1.935823716e-13,1.028343438e-13,1.430305767e-13,6.457225374e-14,2.075382079e-13,5.275422102e-14,8.882037276e-14,6.747301303e-14,5.458602986e-14,1.175662836e-13,8.339107129e-14,4.516923266e-13,4.210192026e-13,1.546952026e-13,1.708020131e-13,1.135951289e-13,5.641000457e-13,5.834601616e-14,3.213403018e-14,4.446644119e-14,4.694111551e-14,4.601869662e-14,8.452526324e-14,7.390713506e-14,1.367236747e-13,1.667577632e-13,5.58039036e-14,6.985401019e-14,5.216331431e-14
117.7421875,1.165723248e-13,1.547636011e-13,1.278677113e-13,1.938027808e-13,1.025881799e-13,1.427715377e-13,6.619838443e-14,2.087048174e-13,5.225090459e-14,8.860333267e-14,6.694592877e-14,5.436335775e-14,1.188900552e-13,8.313392877e-14,4.578987802e-13,4.267401575e-13,1.535289388e-13,1.686571909e-13,1.127903105e-13,5.662854736e-13,5.859893736e-14,3.123490669e-14,4.368015486e-14,4.721382804e-14,4.64552968e-14,8.430988991e-14,7.503186927e-14,1.351587164e-13,1.676519132e-13,5.50563146e-14,6.817871954e-14,5.287161931e-14
117.75,1.124531162e-13,1.540562948e-13,1.277727726e-13,1.939207023e-13,1.024662577e-13,1.425041411e-13,6.786949575e-14,2.099592797e-13,5.177941558e-14,8.849886942e-14,6.649620379e-14,5.41323929e-14,1.2024068e-13,8.301037828e-14,4.642662428e-13,4.326597455e-13,1.525052683e-13,1.666422686e-13,1.120135687e-13,5.683000502e-13,5.884072406e-14,3.033585502e-14,4.289032894e-14,4.760204324e-14,4.691285555e-14,8.407352683e-14,7.618909283e-14,1.336124617e-13,1.685999898e-13,5.435972619e-14,6.658170488e-14,5.358080622e-14
117.7578125,1.08322037e-13,1.533894964e-13,1.276750052e-13,1.940621398e-13,1.024543196e-13,1.422695466e-13,6.953021193e-14,2.112096409e-13,5.129030066e-14,8.839905697e-14,6.613088379e-14,5.394633109e-14,1.21680652e-13,8.290702659e-14,4.705779344e-13,4.384693913e-13,1.514011431e-13,1.647645451e-13,1.113319194e-13,5.702001517e-13,5.903751069e-14,2.945622438e-14,4.211234987e-14,4.803350392e-14,4.736923487e-14,8.381963613e-14,7.731360536e-14,1.320462122e-13,1.696893174e-13,5.367233301e-14,6.500398196e-14,5.427955496e-14
117.765625,1.043846898e-13,1.529911723e-13,1.276516646e-13,1.940898121e-13,1.027607333e-13,1.420102405e-13,7.116481274e-14,2.123665742e-13,5.081030095e-14,8.829320856e-14,6.587086067e-14,5.392749487e-14,1.231232684e-13,8.289920553e-14,4.76805223e-13,4.441677584e-13,1.502388966e-13,1.631263241e-13,1.107764931e-13,5.720717936e-13,5.918677543e-14,2.860770573e-14,4.132986139e-14,4.849492634e-14,4.78028571e-14,8.360969499e-14,7.839605692e-14,1.305497616e-13,1.707656017e-13,5.298796729e-14,6.350358715e-14,5.499401871e-14
117.7734375,1.007356407e-13,1.526611675e-13,1.277707901e-13,1.940434388e-13,1.033065319e-13,1.417595768e-13,7.284008242e-14,2.135233571e-13,5.034897117e-14,8.82592291e-14,6.574875133e-14,5.399350233e-14,1.245142906e-13,8.306368104e-14,4.8320076e-13,4.501093639e-13,1.493245228e-13,1.617359639e-13,1.102557439e-13,5.738477219e-13,5.933838819e-14,2.776272412e-14,4.052256146e-14,4.900690113e-14,4.82474475e-14,8.344933171e-14,7.948412324e-14,1.292102994e-13,1.718518075e-13,5.232245683e-14,6.207536139e-14,5.572278437e-14
117.78125,9.724002443e-14,1.523003455e-13,1.279736228e-13,1.942002058e-13,1.038979363e-13,1.416475576e-13,7.455173516e-14,2.14727792e-13,4.988035563e-14,8.828563033e-14,6.572488617e-14,5.406434478e-14,1.258715509e-13,8.331496056e-14,4.897827081e-13,4.56259006e-13,1.48678539e-13,1.60556176e-13,1.097744936e-13,5.755654393e-13,5.949865674e-14,2.694302323e-14,3.971093489e-14,4.955397614e-14,4.871780528e-14,8.333161432e-14,8.061912367e-14,1.279885381e-13,1.731149809e-13,5.16576211e-14,6.063276177e-14,5.645662916e-14
117.7890625,9.38678967e-14,1.520523933e-13,1.28269915e-13,1.944691976e-13,1.046354554e-13,1.416954316e-13,7.62678265e-14,2.158840377e-13,4.938422292e-14,8.831866529e-14,6.573947773e-14,5.425259276e-14,1.272650518e-13,8.366891613e-14,4.964322307e-13,4.623946971e-13,1.481441221e-13,1.59593941e-13,1.09446589e-13,5.772415158e-13,5.96289343e-14,2.615675076e-14,3.892173852e-14,5.014594816e-14,4.918656741e-14,8.324189239e-14,8.179148828e-14,1.268101739e-13,1.744647425e-13,5.100012866e-14,5.920625918e-14,5.716011385e-14
117.796875,9.062064525e-14,1.519671529e-13,1.287510834e-13,1.946501229e-13,1.056166378e-13,1.418336858e-13,7.801507946e-14,2.169076409e-13,4.88491916e-14,8.838246221e-14,6.588819303e-14,5.461724548e-14,1.287362992e-13,8.424689743e-14,5.031484251e-13,4.684552217e-13,1.47670135e-13,1.587752634e-13,1.092473852e-13,5.78661266e-13,5.975355053e-14,2.536736692e-14,3.816802067e-14,5.075394836e-14,4.963643516e-14,8.313958901e-14,8.295934711e-14,1.257313478e-13,1.757416153e-13,5.039993132e-14,5.790721094e-14,5.777741629e-14
117.8046875,8.757914237e-14,1.519761577e-13,1.293734871e-13,1.947893627e-13,1.068092297e-13,1.420552107e-13,7.97814735e-14,2.178484757e-13,4.832404959e-14,8.849444247e-14,6.624349473e-14,5.506462064e-14,1.301587448e-13,8.500104334e-14,5.098044428e-13,4.743087121e-13,1.472029135e-13,1.580756596e-13,1.090757023e-13,5.797167555e-13,5.990109261e-14,2.460838848e-14,3.744147261e-14,5.133396066e-14,5.005679196e-14,8.303324926e-14,8.408798822e-14,1.248329967e-13,1.769920642e-13,4.984658325e-14,5.670965763e-14,5.836893229e-14
117.8125,8.48819685e-14,1.519763835e-13,1.300484908e-13,1.949075415e-13,1.082438847e-13,1.42402031e-13,8.154373234e-14,2.187609199e-13,4.784211485e-14,8.86106499e-14,6.665165319e-14,5.554565179e-14,1.31463152e-13,8.582399028e-14,5.162896814e-13,4.799353925e-13,1.467736724e-13,1.576268818e-13,1.089457811e-13,5.805805038e-13,5.999275638e-14,2.390454383e-14,3.669756355e-14,5.192439587e-14,5.044895468e-14,8.294032399e-14,8.51598032e-14,1.240368786e-13,1.782857226e-13,4.927539521e-14,5.551276161e-14,5.900700944e-14
117.8203125,8.231194133e-14,1.519785267e-13,1.307279474e-13,1.950481083e-13,1.098324096e-13,1.427720429e-13,8.330488119e-14,2.195643259e-13,4.734557565e-14,8.872959554e-14,6.703088642e-14,5.609630134e-14,1.327590334e-13,8.66929878e-14,5.226790799e-13,4.854921076e-13,1.464481579e-13,1.573781751e-13,1.08868458e-13,5.814389557e-13,5.998188736e-14,2.319169787e-14,3.592265638e-14,5.256143418e-14,5.082313652e-14,8.282644122e-14,8.621897187e-14,1.232403635e-13,1.795862797e-13,4.867918473e-14,5.434581622e-14,5.960462915e-14
117.828125,7.966842228e-14,1.521230169e-13,1.313610528e-13,1.952768926e-13,1.114550754e-13,1.430330833e-13,8.502185006e-14,2.202517749e-13,4.684900517e-14,8.890748361e-14,6.753576601e-14,5.672760693e-14,1.339802417e-13,8.760356389e-14,5.289404121e-13,4.909711987e-13,1.461312169e-13,1.571897119e-13,1.087827937e-13,5.822705917e-13,5.99642139e-14,2.248060917e-14,3.516605792e-14,5.325859981e-14,5.115826465e-14,8.269369191e-14,8.732042049e-14,1.224854003e-13,1.808571602e-13,4.810769004e-14,5.325609833e-14,6.011299037e-14
117.8359375,7.724861247e-14,1.523040235e-13,1.320501208e-13,1.954842934e-13,1.132904635e-13,1.43351175e-13,8.672741619e-14,2.209519262e-13,4.642308167e-14,8.917447063e-14,6.825097747e-14,5.742412716e-14,1.350289954e-13,8.866998105e-14,5.351224374e-13,4.963800298e-13,1.458666572e-13,1.571937458e-13,1.087449245e-13,5.828768305e-13,5.997781997e-14,2.18450412e-14,3.44436875e-14,5.403658205e-14,5.14664941e-14,8.257815734e-14,8.840563872e-14,1.21840046e-13,1.821824083e-13,4.760068655e-14,5.220215004e-14,6.059973705e-14
117.84375,7.511186862e-14,1.523272288e-13,1.329142165e-13,1.95692588e-13,1.153984664e-13,1.438633322e-13,8.853056692e-14,2.216286515e-13,4.600020928e-14,8.952662942e-14,6.909921183e-14,5.818079683e-14,1.361331654e-13,8.997819821e-14,5.414297348e-13,5.017512022e-13,1.457805905e-13,1.573408822e-13,1.088624657e-13,5.832935399e-13,5.993106213e-14,2.12528435e-14,3.373753367e-14,5.486018493e-14,5.180649465e-14,8.249236448e-14,8.943525456e-14,1.213201541e-13,1.836723181e-13,4.716640906e-14,5.121808948e-14,6.105926815e-14
117.8515625,7.290845288e-14,1.524206369e-13,1.337870476e-13,1.960120201e-13,1.174953962e-13,1.443296384e-13,9.036554542e-14,2.221727929e-13,4.551221013e-14,8.993426501e-14,7.00370486e-14,5.897288989e-14,1.373829488e-13,9.129533751e-14,5.476624763e-13,5.06840229e-13,1.456290862e-13,1.572882793e-13,1.090497147e-13,5.838008621e-13,5.981355096e-14,2.064993483e-14,3.307800543e-14,5.570115528e-14,5.214208517e-14,8.24657186e-14,9.050303918e-14,1.209337146e-13,1.852113734e-13,4.677045938e-14,5.034122989e-14,6.148064378e-14
117.859375,7.073590647e-14,1.527552313e-13,1.345570975e-13,1.962944555e-13,1.196105028e-13,1.447077289e-13,9.212926724e-14,2.226609287e-13,4.502275559e-14,9.033426049e-14,7.108579445e-14,5.979195998e-14,1.385408642e-13,9.251005782e-14,5.535516629e-13,5.115710145e-13,1.452763276e-13,1.572248167e-13,1.092072874e-13,5.841616304e-13,5.968906472e-14,2.006254001e-14,3.247698079e-14,5.655674992e-14,5.240864619e-14,8.24807033e-14,9.162068362e-14,1.206169335e-13,1.866769171e-13,4.635790541e-14,4.945091179e-14,6.190507433e-14
117.8671875,6.888003898e-14,1.530506301e-13,1.353909565e-13,1.965198221e-13,1.220266456e-13,1.452806526e-13,9.390070327e-14,2.231389793e-13,4.455628033e-14,9.070140938e-14,7.22528733e-14,6.070060681e-14,1.395800588e-13,9.390246317e-14,5.593507843e-13,5.162220931e-13,1.450695616e-13,1.576267577e-13,1.094355762e-13,5.839395036e-13,5.9540212e-14,1.951245005e-14,3.188119717e-14,5.7398033e-14,5.267136714e-14,8.244957203e-14,9.267797156e-14,1.20291513e-13,1.8828148e-13,4.59132475e-14,4.84836465e-14,6.229696727e-14
117.875,6.722500944e-14,1.532842445e-13,1.36317124e-13,1.967768964e-13,1.246395368e-13,1.459764955e-13,9.569241025e-14,2.235387404e-13,4.407935436e-14,9.108863195e-14,7.351692472e-14,6.171210302e-14,1.405973715e-13,9.552125506e-14,5.651624231e-13,5.208223188e-13,1.451102011e-13,1.583470486e-13,1.09770654e-13,5.835493831e-13,5.93683613e-14,1.899488809e-14,3.128205316e-14,5.831149467e-14,5.296778176e-14,8.239559808e-14,9.3657878e-14,1.200345448e-13,1.901393708e-13,4.546082458e-14,4.751292059e-14,6.265025436e-14
117.8828125,6.574589657e-14,1.537393986e-13,1.372305397e-13,1.968717717e-13,1.273345428e-13,1.465852292e-13,9.740990045e-14,2.238701417e-13,4.359444663e-14,9.153331961e-14,7.487646248e-14,6.273851272e-14,1.415162131e-13,9.714079952e-14,5.706654815e-13,5.251811077e-13,1.451327925e-13,1.590585941e-13,1.10096902e-13,5.834357824e-13,5.924220004e-14,1.850838968e-14,3.071978311e-14,5.937921054e-14,5.321330634e-14,8.240563135e-14,9.463761819e-14,1.199315501e-13,1.919975797e-13,4.502527385e-14,4.656584919e-14,6.301749177e-14
117.890625,6.454940744e-14,1.54278407e-13,1.381618718e-13,1.969259862e-13,1.302755657e-13,1.472443702e-13,9.910184321e-14,2.24149086e-13,4.310175367e-14,9.200202498e-14,7.638122981e-14,6.376774449e-14,1.423702891e-13,9.879720075e-14,5.757935551e-13,5.292466298e-13,1.451095304e-13,1.597646809e-13,1.104038444e-13,5.831647456e-13,5.914455028e-14,1.804258174e-14,3.019286907e-14,6.044507854e-14,5.339162716e-14,8.242552942e-14,9.567074513e-14,1.199300468e-13,1.93769682e-13,4.462905201e-14,4.568894899e-14,6.333242197e-14
117.8984375,6.342943551e-14,1.546676097e-13,1.390756003e-13,1.972718755e-13,1.333145756e-13,1.479506655e-13,1.008177121e-13,2.243834457e-13,4.262493741e-14,9.245119132e-14,7.802780732e-14,6.4861205e-14,1.432299603e-13,1.005507136e-13,5.806078352e-13,5.329605681e-13,1.450889285e-13,1.603908402e-13,1.107093375e-13,5.825268572e-13,5.901688409e-14,1.759721438e-14,2.968717876e-14,6.145406506e-14,5.354871819e-14,8.240088051e-14,9.674609183e-14,1.200301331e-13,1.955679794e-13,4.427971483e-14,4.49418392e-14,6.356519968e-14
117.90625,6.228430402e-14,1.55120174e-13,1.399286621e-13,1.975044023e-13,1.362528757e-13,1.485048831e-13,1.024842548e-13,2.24625064e-13,4.220399987e-14,9.287773436e-14,7.973441771e-14,6.601742775e-14,1.440053895e-13,1.023247131e-13,5.850480608e-13,5.36290245e-13,1.449660294e-13,1.609480465e-13,1.109761434e-13,5.817523835e-13,5.887950465e-14,1.717738382e-14,2.92064185e-14,6.254842089e-14,5.367491185e-14,8.241471894e-14,9.780717007e-14,1.202941881e-13,1.973514998e-13,4.394546769e-14,4.424419948e-14,6.381378201e-14
117.9140625,6.132055343e-14,1.557797088e-13,1.409044839e-13,1.973320813e-13,1.393805728e-13,1.49059605e-13,1.041119931e-13,2.247913188e-13,4.179626877e-14,9.331914981e-14,8.151206251e-14,6.723537862e-14,1.447611482e-13,1.04258343e-13,5.893477625e-13,5.393763153e-13,1.447910644e-13,1.617332574e-13,1.113061426e-13,5.806726487e-13,5.874710907e-14,1.677132134e-14,2.874262533e-14,6.364541831e-14,5.379033822e-14,8.25067212e-14,9.886413581e-14,1.206646342e-13,1.991947253e-13,4.359792048e-14,4.354369166e-14,6.40382161e-14
117.921875,6.057393604e-14,1.564608723e-13,1.420249442e-13,1.973548997e-13,1.427644205e-13,1.497994976e-13,1.057435026e-13,2.2480498e-13,4.136194335e-14,9.381217351e-14,8.344181027e-14,6.849313622e-14,1.455721727e-13,1.06394032e-13,5.9371547e-13,5.423521085e-13,1.447173078e-13,1.627323648e-13,1.117670374e-13,5.793579794e-13,5.858842478e-14,1.638940391e-14,2.829725736e-14,6.465006075e-14,5.393111535e-14,8.261989748e-14,9.995716443e-14,1.210739141e-13,2.013033963e-13,4.325527124e-14,4.28653366e-14,6.41565556e-14
117.9296875,5.99566366e-14,1.571597101e-13,1.43034953e-13,1.976870211e-13,1.460696569e-13,1.505605515e-13,1.073212941e-13,2.248051977e-13,4.093735249e-14,9.434110841e-14,8.551177622e-14,6.969351621e-14,1.462385854e-13,1.084583462e-13,5.978334724e-13,5.451739842e-13,1.44756917e-13,1.637105431e-13,1.122207169e-13,5.781456871e-13,5.840077366e-14,1.605646141e-14,2.787525272e-14,6.572641138e-14,5.405246512e-14,8.27258198e-14,1.010221145e-13,1.215504699e-13,2.036022181e-13,4.293979668e-14,4.213589515e-14,6.425882865e-14
117.9375,5.946810992e-14,1.580172329e-13,1.439131624e-13,1.977571789e-13,1.493670532e-13,1.512396359e-13,1.088530961e-13,2.248220437e-13,4.05264702e-14,9.487601394e-14,8.770556973e-14,7.086465795e-14,1.467396371e-13,1.104474762e-13,6.014440828e-13,5.476090223e-13,1.448397131e-13,1.647161603e-13,1.126390304e-13,5.765807125e-13,5.820891108e-14,1.57577817e-14,2.745859808e-14,6.687567941e-14,5.413234516e-14,8.281571039e-14,1.020211455e-13,1.221148709e-13,2.059209238e-13,4.264806719e-14,4.13684376e-14,6.437070319e-14
117.9453125,5.908043334e-14,1.588501385e-13,1.448495644e-13,1.976352564e-13,1.528443111e-13,1.519196736e-13,1.104144374e-13,2.247453763e-13,4.011859907e-14,9.543105167e-14,9.007852366e-14,7.211836209e-14,1.472388684e-13,1.125576714e-13,6.046760793e-13,5.495171939e-13,1.448871824e-13,1.657660635e-13,1.130841646e-13,5.743531665e-13,5.802825959e-14,1.546864654e-14,2.706183786e-14,6.799276828e-14,5.419879606e-14,8.287437887e-14,1.03008954e-13,1.228065589e-13,2.082392497e-13,4.238318361e-14,4.070577969e-14,6.441978071e-14
117.953125,5.88240335e-14,1.593861403e-13,1.458893671e-13,1.976150072e-13,1.563463517e-13,1.526130458e-13,1.119759436e-13,2.246371978e-13,3.974522236e-14,9.600946576e-14,9.261083525e-14,7.340857307e-14,1.476080623e-13,1.147020972e-13,6.075536389e-13,5.510691006e-13,1.448776e-13,1.667735604e-13,1.134636873e-13,5.720913041e-13,5.78527695e-14,1.519498284e-14,2.672390392e-14,6.920229024e-14,5.422521657e-14,8.291199715e-14,1.039658545e-13,1.236702188e-13,2.105312578e-13,4.215219244e-14,4.010028468e-14,6.445828326e-14
117.9609375,5.875665143e-14,1.597783919e-13,1.469891127e-13,1.974446281e-13,1.599285695e-13,1.532933053e-13,1.134750298e-13,2.244991985e-13,3.940455053e-14,9.656553184e-14,9.52035783e-14,7.470060406e-14,1.477678575e-13,1.168291801e-13,6.099825691e-13,5.523057895e-13,1.448173215e-13,1.678319289e-13,1.137721651e-13,5.699291332e-13,5.767050866e-14,1.495094767e-14,2.642697884e-14,7.049385866e-14,5.419626883e-14,8.293706387e-14,1.048643595e-13,1.246015237e-13,2.128487705e-13,4.194267879e-14,3.945821382e-14,6.450792938e-14
117.96875,5.882277105e-14,1.603237355e-13,1.480836518e-13,1.970873789e-13,1.637681042e-13,1.539876659e-13,1.149165413e-13,2.241861557e-13,3.908848351e-14,9.707193747e-14,9.784858647e-14,7.607145102e-14,1.478952682e-13,1.190734824e-13,6.120628751e-13,5.530236045e-13,1.446281861e-13,1.689104499e-13,1.141342204e-13,5.674226433e-13,5.748347383e-14,1.474855346e-14,2.614535406e-14,7.166728163e-14,5.414707773e-14,8.295096759e-14,1.057582372e-13,1.254859788e-13,2.153068333e-13,4.174404637e-14,3.887163609e-14,6.4471537e-14
117.9765625,5.90494914e-14,1.609578097e-13,1.491195228e-13,1.968371686e-13,1.67715022e-13,1.547455468e-13,1.1631837e-13,2.237793747e-13,3.882086772e-14,9.755846843e-14,1.006344731e-13,7.747540811e-14,1.479419535e-13,1.214059592e-13,6.139487322e-13,5.533169748e-13,1.44329513e-13,1.698641111e-13,1.145304244e-13,5.647103611e-13,5.725992211e-14,1.460018507e-14,2.590727907e-14,7.27778609e-14,5.406715619e-14,8.298650786e-14,1.066284918e-13,1.263989361e-13,2.17847243e-13,4.155060657e-14,3.834600295e-14,6.436939556e-14
117.984375,5.944936811e-14,1.615398818e-13,1.501475782e-13,1.965833414e-13,1.716870203e-13,1.555213857e-13,1.176925515e-13,2.234160632e-13,3.856215531e-14,9.808303348e-14,1.035909196e-13,7.881617082e-14,1.478133272e-13,1.237453849e-13,6.156395623e-13,5.534299253e-13,1.440876509e-13,1.70819681e-13,1.149342658e-13,5.619887362e-13,5.695253576e-14,1.449238438e-14,2.571944925e-14,7.397409683e-14,5.394845621e-14,8.307723757e-14,1.074341122e-13,1.274260531e-13,2.204567251e-13,4.134445109e-14,3.778731491e-14,6.428376132e-14
117.9921875,5.983993129e-14,1.621712428e-13,1.511521492e-13,1.961115317e-13,1.757082014e-13,1.561454842e-13,1.190381823e-13,2.230198291e-13,3.826660042e-14,9.866993349e-14,1.066419968e-13,8.011122378e-14,1.476832517e-13,1.261091052e-13,6.170268014e-13,5.533373984e-13,1.43917719e-13,1.718768946e-13,1.153863625e-13,5.590828692e-13,5.660805821e-14,1.439068925e-14,2.553927813e-14,7.524131403e-14,5.38319687e-14,8.320120315e-14,1.082516978e-13,1.285234919e-13,2.232782517e-13,4.113030701e-14,3.725193962e-14,6.417120338e-14
118,6.025076225e-14,1.628689218e-13,1.520468378e-13,1.956045885e-13,1.796220625e-13,1.566289446e-13,1.203206497e-13,2.225539656e-13,3.798654901e-14,9.926279074e-14,1.097244844e-13,8.139454479e-14,1.475377276e-13,1.284748041e-13,6.180202127e-13,5.529462602e-13,1.437442024e-13,1.728817752e-13,1.158114808e-13,5.560211587e-13,5.6305369e-14,1.42939458e-14,2.535282388e-14,7.654517546e-14,5.369984273e-14,8.330636745e-14,1.091357156e-13,1.296666566e-13,2.262643857e-13,4.093923351e-14,3.67812074e-14,6.398258008e-14
118.0078125,6.088769564e-14,1.635478273e-13,1.529235902e-13,1.952297009e-13,1.834303079e-13,1.571857589e-13,1.215254648e-13,2.220238511e-13,3.7740031e-14,9.980058352e-14,1.128615266e-13,8.271969988e-14,1.472084173e-13,1.308613213e-13,6.185911121e-13,5.521029842e-13,1.435639531e-13,1.737281137e-13,1.161739118e-13,5.528195377e-13,5.603309178e-14,1.422871357e-14,2.51952221e-14,7.782422634e-14,5.3503607e-14,8.339003921e-14,1.100319231e-13,1.309025472e-13,2.292775263e-13,4.076321316e-14,3.631480143e-14,6.374780742e-14
118.015625,6.163985302e-14,1.642818085e-13,1.53839738e-13,1.948344136e-13,1.872893899e-13,1.577904965e-13,1.226834157e-13,2.213671413e-13,3.747299842e-14,1.002882444e-13,1.161236159e-13,8.411927059e-14,1.468549145e-13,1.333236902e-13,6.186864285e-13,5.505925351e-13,1.432914373e-13,1.744013876e-13,1.165414523e-13,5.493101545e-13,5.575408774e-14,1.418613793e-14,2.509655889e-14,7.905195162e-14,5.327254293e-14,8.349866897e-14,1.108875116e-13,1.322318259e-13,2.32395082e-13,4.056878516e-14,3.590048067e-14,6.348216163e-14
118.0234375,6.235680121e-14,1.650270024e-13,1.546143371e-13,1.942748384e-13,1.911918594e-13,1.582498479e-13,1.238109352e-13,2.206714051e-13,3.720767989e-14,1.007270249e-13,1.195508918e-13,8.547306374e-14,1.466115327e-13,1.358035774e-13,6.182413846e-13,5.485129916e-13,1.428470769e-13,1.749691502e-13,1.168691394e-13,5.455254196e-13,5.545812925e-14,1.4142473e-14,2.504719057e-14,8.036607519e-14,5.304283936e-14,8.363552042e-14,1.117108157e-13,1.335665892e-13,2.357086834e-13,4.037078676e-14,3.557671662e-14,6.316919022e-14
118.03125,6.315173185e-14,1.65648713e-13,1.552116296e-13,1.936333272e-13,1.951521891e-13,1.586012982e-13,1.248859091e-13,2.200417179e-13,3.698227654e-14,1.011298547e-13,1.230492688e-13,8.671646336e-14,1.462802155e-13,1.382690556e-13,6.173393121e-13,5.460895292e-13,1.423201399e-13,1.756064507e-13,1.171275626e-13,5.415463728e-13,5.512427605e-14,1.411395388e-14,2.502971643e-14,8.180277689e-14,5.279618452e-14,8.376408268e-14,1.125338293e-13,1.34862108e-13,2.39197549e-13,4.020385263e-14,3.523829128e-14,6.279945459e-14
118.0390625,6.405173987e-14,1.663545022e-13,1.558677976e-13,1.930452161e-13,1.991700025e-13,1.589780825e-13,1.25883918e-13,2.193565628e-13,3.674545455e-14,1.015709299e-13,1.264784377e-13,8.797516586e-14,1.457972635e-13,1.40761132e-13,6.161958904e-13,5.433934456e-13,1.418089232e-13,1.763332885e-13,1.174164199e-13,5.374656264e-13,5.474834473e-14,1.411661954e-14,2.505964759e-14,8.320029173e-14,5.252473095e-14,8.390383117e-14,1.133541411e-13,1.362189508e-13,2.428794675e-13,4.005598083e-14,3.487729904e-14,6.239034779e-14
118.046875,6.497140381e-14,1.673151984e-13,1.566803553e-13,1.925077966e-13,2.031014915e-13,1.593651662e-13,1.268038778e-13,2.185624273e-13,3.649382495e-14,1.020287685e-13,1.299223182e-13,8.929993529e-14,1.453121291e-13,1.432521842e-13,6.149276668e-13,5.405839323e-13,1.413770892e-13,1.770618162e-13,1.177392493e-13,5.334784424e-13,5.435237005e-14,1.413518265e-14,2.514477708e-14,8.44864292e-14,5.224440632e-14,8.410171393e-14,1.141991998e-13,1.377011836e-13,2.467602812e-13,3.989605917e-14,3.460021839e-14,6.19787592e-14
118.0546875,6.594482632e-14,1.68289325e-13,1.574333328e-13,1.918546862e-13,2.069473438e-13,1.596220887e-13,1.276534516e-13,2.1778331e-13,3.63007848e-14,1.023835277e-13,1.335821355e-13,9.05776062e-14,1.448104484e-13,1.456796199e-13,6.133452657e-13,5.376495405e-13,1.410084207e-13,1.778137501e-13,1.179999479e-13,5.294468367e-13,5.394181699e-14,1.415908342e-14,2.525812406e-14,8.57395765e-14,5.195881164e-14,8.434734735e-14,1.151521638e-13,1.392079719e-13,2.507605238e-13,3.972883533e-14,3.437653948e-14,6.156255977e-14
118.0625,6.703915149e-14,1.691172306e-13,1.579196684e-13,1.909274355e-13,2.10749682e-13,1.596586558e-13,1.284411685e-13,2.170396677e-13,3.616073268e-14,1.026653698e-13,1.374520111e-13,9.170786338e-14,1.441846453e-13,1.479981179e-13,6.111043884e-13,5.341680894e-13,1.404928549e-13,1.784971505e-13,1.181477968e-13,5.250685071e-13,5.351580993e-14,1.418789512e-14,2.540180254e-14,8.708578161e-14,5.165150232e-14,8.459786384e-14,1.161209067e-13,1.406981736e-13,2.548150022e-13,3.958873845e-14,3.412935824e-14,6.110282439e-14
118.0703125,6.824461485e-14,1.69841023e-13,1.582763102e-13,1.898646606e-13,2.144159222e-13,1.596691563e-13,1.291902876e-13,2.162882097e-13,3.602361924e-14,1.029804395e-13,1.414219706e-13,9.271172378e-14,1.434568065e-13,1.502374395e-13,6.082145592e-13,5.30004405e-13,1.397527851e-13,1.789494514e-13,1.181721112e-13,5.204076714e-13,5.307855357e-14,1.422597935e-14,2.560603985e-14,8.857133401e-14,5.129855597e-14,8.481172183e-14,1.169067422e-13,1.422376277e-13,2.58936304e-13,3.949375827e-14,3.390884225e-14,6.058807811e-14
118.078125,6.945823047e-14,1.704882631e-13,1.587488095e-13,1.889547424e-13,2.180302351e-13,1.59851529e-13,1.299068463e-13,2.15544521e-13,3.589557441e-14,1.032933442e-13,1.4545717e-13,9.371643078e-14,1.427094207e-13,1.52530586e-13,6.050273985e-13,5.254727723e-13,1.389810514e-13,1.792796596e-13,1.181415285e-13,5.156027722e-13,5.262700231e-14,1.428769556e-14,2.586192822e-14,9.003520336e-14,5.091267313e-14,8.496806556e-14,1.176110659e-13,1.43812862e-13,2.6320948e-13,3.941914353e-14,3.37553098e-14,6.002583839e-14
118.0859375,7.064580804e-14,1.712374226e-13,1.59252795e-13,1.881256005e-13,2.21718134e-13,1.599691849e-13,1.305578057e-13,2.147695913e-13,3.578253454e-14,1.035789623e-13,1.495062945e-13,9.478266209e-14,1.419555147e-13,1.548798467e-13,6.01581619e-13,5.206501807e-13,1.381966089e-13,1.796188109e-13,1.181452563e-13,5.106726643e-13,5.215902913e-14,1.437060285e-14,2.615165555e-14,9.1351214e-14,5.053320763e-14,8.513089989e-14,1.184360241e-13,1.454450526e-13,2.676995282e-13,3.932607493e-14,3.363774698e-14,5.943752901e-14
118.09375,7.196540484e-14,1.721382634e-13,1.596056265e-13,1.870832294e-13,2.253199916e-13,1.597953005e-13,1.311441671e-13,2.139200624e-13,3.568138869e-14,1.039028557e-13,1.535358944e-13,9.581230026e-14,1.41112776e-13,1.57138384e-13,5.976482532e-13,5.154135662e-13,1.372477302e-13,1.798296668e-13,1.181287301e-13,5.056266842e-13,5.168215242e-14,1.445759367e-14,2.648743845e-14,9.264480674e-14,5.014971295e-14,8.538934551e-14,1.192870446e-13,1.472093116e-13,2.723503445e-13,3.920491521e-14,3.355675937e-14,5.887766509e-14
118.1015625,7.341838116e-14,1.729193367e-13,1.598951012e-13,1.858757234e-13,2.28709615e-13,1.595258129e-13,1.317075283e-13,2.130794952e-13,3.561972717e-14,1.042267113e-13,1.576176975e-13,9.672983184e-14,1.401322837e-13,1.592862129e-13,5.933453717e-13,5.098877266e-13,1.361915598e-13,1.798402489e-13,1.180032806e-13,5.003327674e-13,5.122241522e-14,1.454633733e-14,2.686678266e-14,9.401723421e-14,4.973407833e-14,8.569834886e-14,1.200896403e-13,1.490064175e-13,2.770905349e-13,3.907702186e-14,3.350541841e-14,5.835419495e-14
118.109375,7.481989202e-14,1.736630247e-13,1.602193487e-13,1.847632309e-13,2.320060234e-13,1.592971268e-13,1.322265554e-13,2.123428719e-13,3.560523804e-14,1.044649734e-13,1.61815035e-13,9.757800927e-14,1.390925379e-13,1.613688008e-13,5.889000187e-13,5.042365364e-13,1.351635166e-13,1.798270635e-13,1.178077409e-13,4.948482167e-13,5.079407721e-14,1.464359361e-14,2.727264405e-14,9.541458214e-14,4.931062884e-14,8.595629147e-14,1.209845592e-13,1.507693803e-13,2.819388898e-13,3.896261568e-14,3.344977241e-14,5.780252234e-14
118.1171875,7.625781808e-14,1.746521937e-13,1.605086476e-13,1.837716629e-13,2.353071168e-13,1.590168518e-13,1.326475776e-13,2.116766329e-13,3.561650886e-14,1.046527598e-13,1.660790717e-13,9.841729483e-14,1.380465508e-13,1.634032408e-13,5.841706971e-13,4.983601498e-13,1.341526186e-13,1.798628055e-13,1.176069423e-13,4.894726923e-13,5.034741336e-14,1.476107962e-14,2.771467488e-14,9.681008345e-14,4.889531209e-14,8.619877822e-14,1.219603054e-13,1.526195156e-13,2.868984005e-13,3.885064457e-14,3.342154403e-14,5.720871823e-14
118.125,7.783538902e-14,1.756030733e-13,1.607281767e-13,1.827340623e-13,2.384996457e-13,1.587059032e-13,1.329979335e-13,2.109946429e-13,3.564258776e-14,1.048261009e-13,1.702794513e-13,9.924577343e-14,1.369833696e-13,1.654850944e-13,5.790106305e-13,4.921199299e-13,1.331135606e-13,1.797481306e-13,1.17390125e-13,4.840464618e-13,4.983242064e-14,1.490007529e-14,2.821147312e-14,9.822121681e-14,4.846948957e-14,8.650624344e-14,1.22869001e-13,1.544941616e-13,2.919237744e-13,3.871612738e-14,3.3478292e-14,5.661690184e-14
118.1328125,7.933545795e-14,1.763199281e-13,1.608762681e-13,1.81536383e-13,2.413964602e-13,1.583833789e-13,1.333166962e-13,2.103068216e-13,3.568237579e-14,1.049258413e-13,1.743869788e-13,9.999073796e-14,1.359494215e-13,1.675972441e-13,5.735386406e-13,4.856020932e-13,1.32034505e-13,1.793537397e-13,1.171204536e-13,4.783601014e-13,4.928509251e-14,1.503306688e-14,2.876205876e-14,9.966536388e-14,4.804057197e-14,8.68525659e-14,1.237198369e-13,1.562343198e-13,2.970359838e-13,3.856422492e-14,3.361194565e-14,5.602031344e-14
118.140625,8.075267544e-14,1.771932744e-13,1.609197323e-13,1.802021133e-13,2.441114036e-13,1.579130465e-13,1.335570881e-13,2.096740812e-13,3.575870603e-14,1.049163475e-13,1.785359763e-13,1.006307711e-13,1.349199499e-13,1.695696317e-13,5.678031653e-13,4.789031369e-13,1.308933149e-13,1.788296621e-13,1.168020753e-13,4.727592826e-13,4.87579953e-14,1.515506794e-14,2.934851757e-14,1.011198953e-13,4.760919311e-14,8.722312646e-14,1.24594632e-13,1.579539676e-13,3.022959293e-13,3.841174563e-14,3.37702419e-14,5.539476361e-14
118.1484375,8.234518989e-14,1.782109106e-13,1.608951068e-13,1.788127736e-13,2.469326837e-13,1.572713513e-13,1.336894304e-13,2.090354072e-13,3.58825782e-14,1.048593966e-13,1.827317931e-13,1.012476311e-13,1.337670585e-13,1.714316551e-13,5.616993818e-13,4.718863628e-13,1.296639384e-13,1.783215211e-13,1.16471751e-13,4.671420788e-13,4.824481777e-14,1.529569504e-14,2.995332167e-14,1.024769691e-13,4.714753455e-14,8.765209624e-14,1.255076021e-13,1.597560138e-13,3.076590084e-13,3.825712635e-14,3.392323234e-14,5.475553745e-14
118.15625,8.405911834e-14,1.790028647e-13,1.608900966e-13,1.774095336e-13,2.497496132e-13,1.565945175e-13,1.337692776e-13,2.08289493e-13,3.601071348e-14,1.048406646e-13,1.868429127e-13,1.018533212e-13,1.325166218e-13,1.733039406e-13,5.551902308e-13,4.644705602e-13,1.283511598e-13,1.778176128e-13,1.161189974e-13,4.610032335e-13,4.773657064e-14,1.545336089e-14,3.058735603e-14,1.037308005e-13,4.667224957e-14,8.808636128e-14,1.264289853e-13,1.6158109e-13,3.130313137e-13,3.811076548e-14,3.41150613e-14,5.410373164e-14
118.1640625,8.569359407e-14,1.798749558e-13,1.609027931e-13,1.75996177e-13,2.523130033e-13,1.558746862e-13,1.338207322e-13,2.075282045e-13,3.615839162e-14,1.048562374e-13,1.909369413e-13,1.023908041e-13,1.312721268e-13,1.751152271e-13,5.483342639e-13,4.568682348e-13,1.269955682e-13,1.773150551e-13,1.156742383e-13,4.548787872e-13,4.725197609e-14,1.560591428e-14,3.127597088e-14,1.050520223e-13,4.620973419e-14,8.849458478e-14,1.273429888e-13,1.634691158e-13,3.185135404e-13,3.798647922e-14,3.439067006e-14,5.344402385e-14
118.171875,8.728304324e-14,1.8121403e-13,1.608094582e-13,1.745149914e-13,2.547211694e-13,1.549410164e-13,1.338159499e-13,2.069284613e-13,3.640584812e-14,1.048397982e-13,1.951382545e-13,1.028567684e-13,1.300076493e-13,1.768214077e-13,5.411896905e-13,4.492541007e-13,1.256372528e-13,1.767647752e-13,1.151118667e-13,4.494240119e-13,4.67714186e-14,1.574867172e-14,3.201496796e-14,1.065133959e-13,4.573147707e-14,8.895747384e-14,1.283153397e-13,1.654048881e-13,3.243218545e-13,3.787378252e-14,3.470058247e-14,5.281177141e-14
118.1796875,8.890156561e-14,1.826425077e-13,1.605656091e-13,1.729408361e-13,2.569703433e-13,1.538348954e-13,1.337791692e-13,2.064701934e-13,3.670771462e-14,1.047977077e-13,1.994015326e-13,1.032244479e-13,1.287309024e-13,1.784772463e-13,5.337511597e-13,4.415098532e-13,1.242985588e-13,1.760050923e-13,1.144983207e-13,4.43836395e-13,4.624514623e-14,1.588411414e-14,3.279206336e-14,1.08017052e-13,4.52324219e-14,8.944251669e-14,1.293622831e-13,1.672917303e-13,3.304021818e-13,3.777862326e-14,3.50319811e-14,5.218193409e-14
118.1875,9.053247578e-14,1.838969328e-13,1.603606257e-13,1.714272768e-13,2.588812538e-13,1.528287889e-13,1.337449846e-13,2.05997978e-13,3.695179508e-14,1.047685305e-13,2.036667478e-13,1.034900333e-13,1.275112456e-13,1.80068723e-13,5.260485098e-13,4.334638478e-13,1.229653606e-13,1.750406458e-13,1.139153619e-13,4.374038054e-13,4.569374924e-14,1.603686102e-14,3.361940049e-14,1.094748629e-13,4.475761197e-14,8.98577215e-14,1.303610361e-13,1.692473678e-13,3.365731481e-13,3.770890853e-14,3.546651742e-14,5.150413207e-14
118.1953125,9.219425692e-14,1.85251948e-13,1.60319974e-13,1.700008075e-13,2.606652031e-13,1.5193366e-13,1.336808489e-13,2.054850455e-13,3.717728482e-14,1.04726255e-13,2.078447965e-13,1.03747863e-13,1.263043604e-13,1.816352948e-13,5.182968027e-13,4.252170942e-13,1.216007834e-13,1.740887322e-13,1.133691237e-13,4.308845884e-13,4.517648417e-14,1.622416491e-14,3.448576429e-14,1.108825769e-13,4.432155631e-14,9.031398712e-14,1.313385894e-13,1.713274739e-13,3.429808957e-13,3.763100829e-14,3.59865273e-14,5.083031841e-14
118.203125,9.393221441e-14,1.866844849e-13,1.603149851e-13,1.684572768e-13,2.625386207e-13,1.509026398e-13,1.335554867e-13,2.050434444e-13,3.747791776e-14,1.046692714e-13,2.118778806e-13,1.039918585e-13,1.250717885e-13,1.83245113e-13,5.106852534e-13,4.17088929e-13,1.202671188e-13,1.732155046e-13,1.128183131e-13,4.249000709e-13,4.467408245e-14,1.640227332e-14,3.534388474e-14,1.123096051e-13,4.391086215e-14,9.090417753e-14,1.324821352e-13,1.733537037e-13,3.497695309e-13,3.754187482e-14,3.650857589e-14,5.022203945e-14
118.2109375,9.57369049e-14,1.880222253e-13,1.603266629e-13,1.669186161e-13,2.642510356e-13,1.497391056e-13,1.333693535e-13,2.047134115e-13,3.782749312e-14,1.046181245e-13,2.158931174e-13,1.041820354e-13,1.23893191e-13,1.848457611e-13,5.031453222e-13,4.091622144e-13,1.190522288e-13,1.722888166e-13,1.122877664e-13,4.190165382e-13,4.415005499e-14,1.655166292e-14,3.61985898e-14,1.13758833e-13,4.352110595e-14,9.152948508e-14,1.337783918e-13,1.753490052e-13,3.56676626e-13,3.747161969e-14,3.709451365e-14,4.964582249e-14
118.21875,9.756627847e-14,1.895578282e-13,1.604873449e-13,1.656741779e-13,2.657404563e-13,1.486107258e-13,1.331280346e-13,2.044034009e-13,3.816752842e-14,1.045114895e-13,2.198550884e-13,1.044461508e-13,1.228360184e-13,1.864926874e-13,4.955628267e-13,4.011627543e-13,1.178539307e-13,1.713264239e-13,1.11834303e-13,4.129023956e-13,4.363566118e-14,1.672938115e-14,3.711711032e-14,1.150707176e-13,4.314495979e-14,9.217790452e-14,1.351422626e-13,1.774408727e-13,3.635913519e-13,3.738581468e-14,3.784604543e-14,4.906957767e-14
118.2265625,9.941264245e-14,1.91434471e-13,1.606959096e-13,1.644838368e-13,2.672757618e-13,1.474704468e-13,1.328745819e-13,2.040522693e-13,3.850940152e-14,1.043322045e-13,2.236263143e-13,1.0477664e-13,1.218812016e-13,1.88282988e-13,4.878523554e-13,3.929391382e-13,1.165563776e-13,1.704698451e-13,1.113963204e-13,4.066883511e-13,4.313214506e-14,1.695460179e-14,3.811398644e-14,1.161995394e-13,4.278055155e-14,9.287655401e-14,1.366325446e-13,1.795421332e-13,3.707788639e-13,3.725680054e-14,3.871149335e-14,4.848665613e-14
118.234375,1.012477636e-13,1.933109386e-13,1.607938894e-13,1.629988603e-13,2.686590007e-13,1.462002581e-13,1.326400683e-13,2.037149094e-13,3.888712013e-14,1.041728134e-13,2.274926898e-13,1.049259723e-13,1.208997705e-13,1.89931615e-13,4.798078992e-13,3.845872014e-13,1.152115368e-13,1.695892117e-13,1.108200569e-13,4.004445218e-13,4.259264989e-14,1.717916205e-14,3.913271916e-14,1.173543543e-13,4.242942268e-14,9.351133509e-14,1.381798059e-13,1.816310102e-13,3.782690441e-13,3.714336767e-14,3.957205637e-14,4.787770427e-14
118.2421875,1.030242192e-13,1.950868332e-13,1.609330744e-13,1.613849273e-13,2.694945337e-13,1.448227043e-13,1.323756416e-13,2.034407928e-13,3.931507078e-14,1.040325299e-13,2.316706197e-13,1.048785121e-13,1.197610259e-13,1.911471794e-13,4.713751625e-13,3.761292065e-13,1.138329435e-13,1.684472032e-13,1.100490208e-13,3.942445205e-13,4.203538213e-14,1.73862451e-14,4.015071836e-14,1.186487134e-13,4.207498288e-14,9.4098681e-14,1.396636612e-13,1.837723119e-13,3.85953596e-13,3.706648784e-14,4.041459838e-14,4.727518075e-14
118.25,1.048399129e-13,1.969544628e-13,1.612549121e-13,1.598649791e-13,2.700786869e-13,1.433868324e-13,1.320374217e-13,2.031787998e-13,3.978717176e-14,1.03825221e-13,2.358001929e-13,1.048582895e-13,1.185540388e-13,1.921931454e-13,4.627660625e-13,3.675392102e-13,1.124010696e-13,1.671786791e-13,1.09198218e-13,3.881603922e-13,4.150731973e-14,1.759392804e-14,4.118019902e-14,1.199488195e-13,4.170643536e-14,9.475963508e-14,1.412386986e-13,1.858795629e-13,3.939431807e-13,3.697639365e-14,4.131381615e-14,4.672110895e-14
118.2578125,1.06808667e-13,1.989463999e-13,1.615692076e-13,1.583456089e-13,2.708359197e-13,1.418435481e-13,1.316124248e-13,2.02872716e-13,4.028009169e-14,1.03578185e-13,2.396323801e-13,1.048802168e-13,1.174448012e-13,1.933654537e-13,4.540001191e-13,3.58838069e-13,1.109621511e-13,1.659972375e-13,1.084014607e-13,3.820461873e-13,4.099289266e-14,1.77947818e-14,4.219815917e-14,1.211533937e-13,4.133026201e-14,9.541265917e-14,1.429906513e-13,1.879673147e-13,4.020874624e-13,3.686935315e-14,4.229512761e-14,4.618114791e-14
118.265625,1.088450489e-13,2.010551954e-13,1.617566937e-13,1.567478042e-13,2.715320519e-13,1.401533978e-13,1.310948494e-13,2.02579832e-13,4.078789247e-14,1.033610269e-13,2.432851518e-13,1.048293989e-13,1.1641869e-13,1.945461523e-13,4.450006277e-13,3.500498404e-13,1.09485369e-13,1.648040557e-13,1.076497311e-13,3.7581515e-13,4.045753026e-14,1.798321956e-14,4.320275928e-14,1.223194884e-13,4.095909152e-14,9.603856301e-14,1.447339531e-13,1.901531346e-13,4.100898368e-13,3.677548784e-14,4.335334247e-14,4.564715546e-14
118.2734375,1.108676091e-13,2.032438215e-13,1.620581371e-13,1.551777739e-13,2.719711262e-13,1.384598432e-13,1.305839722e-13,2.023913462e-13,4.13362157e-14,1.031524349e-13,2.467811617e-13,1.047762705e-13,1.154247883e-13,1.95712695e-13,4.360622323e-13,3.413314897e-13,1.080076736e-13,1.63587849e-13,1.068767011e-13,3.695672569e-13,3.990382781e-14,1.81908226e-14,4.425869135e-14,1.235022223e-13,4.062857792e-14,9.680298787e-14,1.464866538e-13,1.923100207e-13,4.182351574e-13,3.669642818e-14,4.452484336e-14,4.515361795e-14
118.28125,1.12867425e-13,2.053774141e-13,1.626110078e-13,1.536700087e-13,2.723445996e-13,1.368482955e-13,1.301850921e-13,2.022770537e-13,4.19247565e-14,1.029318144e-13,2.501248401e-13,1.048027098e-13,1.144837324e-13,1.970001069e-13,4.274043148e-13,3.328268233e-13,1.066928105e-13,1.625161439e-13,1.060855656e-13,3.633127853e-13,3.935588044e-14,1.841695629e-14,4.537799652e-14,1.246628e-13,4.036367598e-14,9.762875225e-14,1.484311642e-13,1.943259787e-13,4.268425684e-13,3.662905696e-14,4.576739113e-14,4.466310134e-14
118.2890625,1.148087714e-13,2.075438639e-13,1.631977842e-13,1.520986602e-13,2.725190024e-13,1.351082389e-13,1.297937267e-13,2.021460895e-13,4.251591299e-14,1.027171677e-13,2.534249283e-13,1.047831562e-13,1.135637146e-13,1.982235047e-13,4.18762196e-13,3.24418968e-13,1.054450244e-13,1.614882871e-13,1.052700077e-13,3.570365578e-13,3.881643413e-14,1.860819166e-14,4.648171083e-14,1.25751297e-13,4.012138805e-14,9.831763025e-14,1.504862576e-13,1.963680777e-13,4.356202701e-13,3.656330512e-14,4.698235401e-14,4.415801177e-14
118.296875,1.168085618e-13,2.09924813e-13,1.637178039e-13,1.505087217e-13,2.722953971e-13,1.331937626e-13,1.293037956e-13,2.02016807e-13,4.310958915e-14,1.024694601e-13,2.567003759e-13,1.046266264e-13,1.126207549e-13,1.991930968e-13,4.099962215e-13,3.16048459e-13,1.040777995e-13,1.603261539e-13,1.043890391e-13,3.508030417e-13,3.826878628e-14,1.876778938e-14,4.75548749e-14,1.267852597e-13,3.985631729e-14,9.896866754e-14,1.525410061e-13,1.984985779e-13,4.443848514e-13,3.648271943e-14,4.822206229e-14,4.371030663e-14
118.3046875,1.189966095e-13,2.124793229e-13,1.643185458e-13,1.491000637e-13,2.719997076e-13,1.313728983e-13,1.288268285e-13,2.019696055e-13,4.373818665e-14,1.021319764e-13,2.598822042e-13,1.044496317e-13,1.116753375e-13,2.001295368e-13,4.012788503e-13,3.077988464e-13,1.027045967e-13,1.591320146e-13,1.034646864e-13,3.445775808e-13,3.774252805e-14,1.894513334e-14,4.868083809e-14,1.278150659e-13,3.959841826e-14,9.972976712e-14,1.546668572e-13,2.006023878e-13,4.533211365e-13,3.640951126e-14,4.956546599e-14,4.33192525e-14
118.3125,1.212637219e-13,2.152504324e-13,1.650429325e-13,1.477805375e-13,2.718474388e-13,1.296414442e-13,1.284196369e-13,2.019988344e-13,4.440714599e-14,1.017310335e-13,2.628522761e-13,1.043475197e-13,1.107704793e-13,2.012123134e-13,3.926122596e-13,2.996089158e-13,1.014112501e-13,1.580574268e-13,1.025518556e-13,3.383639517e-13,3.729488084e-14,1.912527838e-14,4.987916606e-14,1.288646364e-13,3.938599322e-14,1.005414226e-13,1.568590787e-13,2.027444039e-13,4.624206026e-13,3.63651526e-14,5.096161971e-14,4.292640546e-14
118.3203125,1.236003809e-13,2.183505295e-13,1.659197896e-13,1.46403733e-13,2.716710864e-13,1.278288169e-13,1.279704392e-13,2.020704916e-13,4.512783167e-14,1.013129957e-13,2.655571404e-13,1.04308057e-13,1.099585315e-13,2.023570624e-13,3.840404017e-13,2.915939723e-13,1.002019845e-13,1.571547299e-13,1.016954947e-13,3.32361112e-13,3.691005673e-14,1.929684105e-14,5.107805907e-14,1.299244532e-13,3.920831616e-14,1.013305715e-13,1.591220137e-13,2.050174437e-13,4.71650855e-13,3.630575977e-14,5.241318774e-14,4.256695479e-14
118.328125,1.260451758e-13,2.215866001e-13,1.670530583e-13,1.451159032e-13,2.713954744e-13,1.260313244e-13,1.274671311e-13,2.022130614e-13,4.591021112e-14,1.008671091e-13,2.681280475e-13,1.04328838e-13,1.092440429e-13,2.03529064e-13,3.758153842e-13,2.840602292e-13,9.924739522e-14,1.563676732e-13,1.009286096e-13,3.265905159e-13,3.652795563e-14,1.949770816e-14,5.225493456e-14,1.309508618e-13,3.905930491e-14,1.020873856e-13,1.615755401e-13,2.072619941e-13,4.811324678e-13,3.618823215e-14,5.395850014e-14,4.22755949e-14
118.3359375,1.283315075e-13,2.247788999e-13,1.683134599e-13,1.439294727e-13,2.708617465e-13,1.242512778e-13,1.269840599e-13,2.023908158e-13,4.670222464e-14,1.003823334e-13,2.706176315e-13,1.043453418e-13,1.085669496e-13,2.046497873e-13,3.677570894e-13,2.767528665e-13,9.844509438e-14,1.554610829e-13,1.001777918e-13,3.208127717e-13,3.613364259e-14,1.969648477e-14,5.344271347e-14,1.318490341e-13,3.894313626e-14,1.028287227e-13,1.641320962e-13,2.094047107e-13,4.907758282e-13,3.604464222e-14,5.551828203e-14,4.200969598e-14
118.34375,1.304528286e-13,2.280771555e-13,1.69501381e-13,1.427725113e-13,2.698818162e-13,1.223334821e-13,1.264965712e-13,2.024931381e-13,4.747482942e-14,9.987249636e-14,2.729381941e-13,1.042506928e-13,1.079097745e-13,2.055341035e-13,3.593995544e-13,2.691876255e-13,9.743829432e-14,1.543434886e-13,9.931816423e-14,3.149990829e-13,3.574255079e-14,1.984418363e-14,5.462917661e-14,1.325640897e-13,3.883386972e-14,1.036060282e-13,1.666242718e-13,2.116462551e-13,5.005111111e-13,3.593773609e-14,5.706260081e-14,4.176126588e-14
118.3515625,1.328458643e-13,2.316401311e-13,1.706893952e-13,1.41787049e-13,2.687333236e-13,1.203587204e-13,1.259855537e-13,2.025981494e-13,4.827971752e-14,9.934470887e-14,2.750994384e-13,1.040834958e-13,1.072932763e-13,2.06271135e-13,3.508626605e-13,2.615694062e-13,9.633261407e-14,1.53249311e-13,9.836673743e-14,3.093165328e-13,3.536979961e-14,1.998042759e-14,5.578509861e-14,1.33269439e-13,3.872735944e-14,1.044251229e-13,1.691772462e-13,2.140097753e-13,5.105685497e-13,3.590358615e-14,5.866204363e-14,4.153331587e-14
118.359375,1.355115325e-13,2.354270448e-13,1.71974207e-13,1.408257411e-13,2.676807578e-13,1.18360808e-13,1.255200668e-13,2.028976079e-13,4.913481681e-14,9.88357619e-14,2.770828738e-13,1.039245409e-13,1.067318239e-13,2.071215934e-13,3.425473704e-13,2.542586749e-13,9.539128169e-14,1.523058891e-13,9.741209594e-14,3.037098415e-13,3.502047882e-14,2.011783639e-14,5.692520527e-14,1.341983423e-13,3.866726838e-14,1.052520844e-13,1.719080788e-13,2.162925704e-13,5.210363056e-13,3.593184794e-14,6.031645159e-14,4.129217649e-14
118.3671875,1.380849788e-13,2.39242014e-13,1.7334942e-13,1.396375771e-13,2.665868131e-13,1.161818577e-13,1.251270935e-13,2.033061109e-13,5.002008322e-14,9.838276537e-14,2.788052238e-13,1.037620417e-13,1.062480835e-13,2.080990621e-13,3.344242176e-13,2.471101398e-13,9.44697137e-14,1.514296796e-13,9.645543754e-14,2.980779927e-13,3.467440021e-14,2.022615341e-14,5.806894561e-14,1.35192973e-13,3.866294432e-14,1.060950623e-13,1.747437556e-13,2.185115371e-13,5.317394203e-13,3.595794856e-14,6.201313202e-14,4.108838082e-14
118.375,1.405602471e-13,2.429013784e-13,1.748815594e-13,1.384842099e-13,2.654085531e-13,1.138953237e-13,1.247626539e-13,2.036273017e-13,5.09452653e-14,9.791381571e-14,2.803006166e-13,1.036099548e-13,1.057891271e-13,2.090897415e-13,3.264111836e-13,2.400421452e-13,9.348200892e-14,1.506118977e-13,9.546885086e-14,2.926008126e-13,3.432793319e-14,2.033480218e-14,5.922223578e-14,1.359208025e-13,3.868881625e-14,1.069657541e-13,1.777484293e-13,2.207384879e-13,5.425534722e-13,3.593416558e-14,6.376429676e-14,4.100389236e-14
118.3828125,1.430355622e-13,2.465182896e-13,1.766031453e-13,1.375043461e-13,2.641414463e-13,1.116776112e-13,1.244011876e-13,2.039463433e-13,5.187697355e-14,9.734543221e-14,2.815978563e-13,1.034969413e-13,1.052828735e-13,2.100480009e-13,3.1869581e-13,2.332602245e-13,9.25788647e-14,1.498123205e-13,9.447184262e-14,2.873631423e-13,3.402001956e-14,2.044752318e-14,6.038457748e-14,1.36470293e-13,3.875073786e-14,1.078533955e-13,1.809788885e-13,2.228245169e-13,5.534500827e-13,3.590010297e-14,6.551290847e-14,4.09779115e-14
118.390625,1.454945538e-13,2.503663232e-13,1.784935286e-13,1.365162627e-13,2.626438735e-13,1.095208796e-13,1.240706035e-13,2.043684648e-13,5.275512609e-14,9.676102206e-14,2.827611953e-13,1.033912078e-13,1.048332181e-13,2.109339185e-13,3.113048715e-13,2.267899949e-13,9.175155234e-14,1.489051577e-13,9.351119019e-14,2.820937265e-13,3.376303951e-14,2.051900353e-14,6.151975456e-14,1.370872988e-13,3.885237366e-14,1.087228868e-13,1.842472294e-13,2.248489672e-13,5.645049465e-13,3.589834312e-14,6.724605655e-14,4.092982532e-14
118.3984375,1.481343168e-13,2.545582489e-13,1.805775856e-13,1.356597007e-13,2.610381819e-13,1.074079333e-13,1.238223468e-13,2.047903707e-13,5.361296017e-14,9.629284999e-14,2.839756113e-13,1.032635316e-13,1.045419593e-13,2.117549387e-13,3.040388914e-13,2.205057889e-13,9.094451394e-14,1.47961517e-13,9.260777689e-14,2.767143251e-13,3.352154304e-14,2.057439805e-14,6.2598541e-14,1.377176079e-13,3.896993783e-14,1.095139185e-13,1.874858979e-13,2.271872218e-13,5.757906481e-13,3.591179265e-14,6.903971429e-14,4.090749536e-14
118.40625,1.511037352e-13,2.590930011e-13,1.827738712e-13,1.349804108e-13,2.594599011e-13,1.053034044e-13,1.236514999e-13,2.052117852e-13,5.450711424e-14,9.590451322e-14,2.851653464e-13,1.030910928e-13,1.042852228e-13,2.125255337e-13,2.968406503e-13,2.143649332e-13,9.019284427e-14,1.471684379e-13,9.172253118e-14,2.715448418e-13,3.3287375e-14,2.064971415e-14,6.365547872e-14,1.383043155e-13,3.909497174e-14,1.102444284e-13,1.908387542e-13,2.298622112e-13,5.871810796e-13,3.594357991e-14,7.088687446e-14,4.094979017e-14
118.4140625,1.542087398e-13,2.637983793e-13,1.850159997e-13,1.342402033e-13,2.577154962e-13,1.031147768e-13,1.234934812e-13,2.057241213e-13,5.542457308e-14,9.546397098e-14,2.860292088e-13,1.028977584e-13,1.03969251e-13,2.131936467e-13,2.898381341e-13,2.083900825e-13,8.947066157e-14,1.465240703e-13,9.082224429e-14,2.666639855e-13,3.308715192e-14,2.071831355e-14,6.472047843e-14,1.389068775e-13,3.922959912e-14,1.110020953e-13,1.943402972e-13,2.325028323e-13,5.98644396e-13,3.600737335e-14,7.273377639e-14,4.102722374e-14
118.421875,1.572734146e-13,2.683330057e-13,1.874534417e-13,1.335439349e-13,2.558077497e-13,1.008827806e-13,1.233440812e-13,2.062627919e-13,5.636083457e-14,9.494866586e-14,2.865126549e-13,1.027805874e-13,1.036948052e-13,2.138120961e-13,2.831167814e-13,2.026427283e-13,8.876291205e-14,1.459085699e-13,8.990749007e-14,2.617669588e-13,3.290930751e-14,2.076994098e-14,6.578359546e-14,1.394698766e-13,3.938663322e-14,1.118057118e-13,1.97954866e-13,2.348739344e-13,6.103723168e-13,3.606021264e-14,7.461013817e-14,4.113911237e-14
118.4296875,1.603096268e-13,2.726969626e-13,1.901405341e-13,1.329562862e-13,2.539417218e-13,9.8670264e-14,1.232531404e-13,2.067704702e-13,5.733566557e-14,9.444445289e-14,2.867378051e-13,1.027251597e-13,1.035084687e-13,2.144748998e-13,2.765832405e-13,1.971165084e-13,8.807163125e-14,1.452871457e-13,8.895390941e-14,2.567685938e-13,3.27169085e-14,2.081008017e-14,6.684557612e-14,1.39974154e-13,3.959813909e-14,1.126452669e-13,2.016679112e-13,2.370591434e-13,6.22348054e-13,3.609111037e-14,7.654312211e-14,4.128281657e-14
118.4375,1.633912414e-13,2.772551997e-13,1.930632585e-13,1.322901038e-13,2.520640255e-13,9.644653412e-14,1.232175509e-13,2.072529911e-13,5.832396059e-14,9.399845529e-14,2.868196207e-13,1.026560609e-13,1.03352489e-13,2.151296605e-13,2.701740374e-13,1.917864373e-13,8.738189568e-14,1.447543238e-13,8.798223798e-14,2.519026537e-13,3.252831494e-14,2.083184605e-14,6.788929404e-14,1.40440413e-13,3.986117485e-14,1.135400841e-13,2.054513461e-13,2.393205461e-13,6.344529324e-13,3.616062059e-14,7.853398818e-14,4.143967859e-14
118.4453125,1.666491747e-13,2.821546956e-13,1.964097832e-13,1.317249877e-13,2.501568726e-13,9.423546476e-14,1.232328443e-13,2.076457595e-13,5.929814654e-14,9.356778159e-14,2.868554574e-13,1.02660617e-13,1.032610739e-13,2.158243882e-13,2.640937333e-13,1.868116398e-13,8.682653139e-14,1.444470531e-13,8.708531734e-14,2.472687955e-13,3.239452217e-14,2.085150978e-14,6.88776019e-14,1.407673366e-13,4.015322087e-14,1.144591603e-13,2.093870962e-13,2.417939726e-13,6.467855489e-13,3.627460934e-14,8.064124743e-14,4.164672247e-14
118.453125,1.701232661e-13,2.87319366e-13,2.000669967e-13,1.313609801e-13,2.483264484e-13,9.203311765e-14,1.233306795e-13,2.07985833e-13,6.028420588e-14,9.308348116e-14,2.867495875e-13,1.027898703e-13,1.03278989e-13,2.167076493e-13,2.584424828e-13,1.822445109e-13,8.649080119e-14,1.443296748e-13,8.625725406e-14,2.427168949e-13,3.231735373e-14,2.087045181e-14,6.98423987e-14,1.409961286e-13,4.048686836e-14,1.15349191e-13,2.135267884e-13,2.44307237e-13,6.593126048e-13,3.63702105e-14,8.285715597e-14,4.191949224e-14
118.4609375,1.736876779e-13,2.927163466e-13,2.036278242e-13,1.308844247e-13,2.464464662e-13,8.977334142e-14,1.234920753e-13,2.083958631e-13,6.130677646e-14,9.253270199e-14,2.863643614e-13,1.029368491e-13,1.032984543e-13,2.176464422e-13,2.529630233e-13,1.778391078e-13,8.621192766e-14,1.442005201e-13,8.540459217e-14,2.381332765e-13,3.226020361e-14,2.086462383e-14,7.08260578e-14,1.412579754e-13,4.085168927e-14,1.162154403e-13,2.177229836e-13,2.467161435e-13,6.719084392e-13,3.642820397e-14,8.503236914e-14,4.2200488e-14
118.46875,1.773296628e-13,2.982115125e-13,2.073058492e-13,1.303479348e-13,2.444695951e-13,8.752386987e-14,1.236969467e-13,2.088343511e-13,6.235470784e-14,9.200519743e-14,2.858045349e-13,1.031102693e-13,1.032500645e-13,2.18461878e-13,2.47572848e-13,1.735514086e-13,8.595685829e-14,1.440333291e-13,8.45226295e-14,2.336463983e-13,3.220013088e-14,2.084520951e-14,7.177366777e-14,1.414625831e-13,4.121593589e-14,1.170837437e-13,2.219703923e-13,2.4914816e-13,6.847655822e-13,3.649398258e-14,8.71311888e-14,4.249051732e-14
118.4765625,1.811640341e-13,3.036417952e-13,2.114923833e-13,1.300076589e-13,2.425564046e-13,8.534312083e-14,1.239803137e-13,2.092592026e-13,6.341059906e-14,9.159690557e-14,2.85183133e-13,1.033648439e-13,1.032441522e-13,2.192520778e-13,2.424367216e-13,1.695687842e-13,8.584868104e-14,1.43968624e-13,8.365982883e-14,2.294212179e-13,3.214127445e-14,2.082269462e-14,7.263851074e-14,1.416099846e-13,4.160541046e-14,1.179476549e-13,2.264095782e-13,2.517199964e-13,6.979286623e-13,3.661036176e-14,8.928415263e-14,4.284195522e-14
118.484375,1.851130136e-13,3.090582025e-13,2.158683857e-13,1.297476664e-13,2.405854996e-13,8.316281317e-14,1.243235996e-13,2.097101644e-13,6.443727118e-14,9.124691224e-14,2.844651266e-13,1.036084106e-13,1.033283447e-13,2.200404791e-13,2.374882717e-13,1.658485686e-13,8.580372887e-14,1.439739628e-13,8.282347094e-14,2.253335126e-13,3.210596529e-14,2.078217376e-14,7.346571301e-14,1.418385838e-13,4.20459099e-14,1.187739096e-13,2.309558273e-13,2.543412848e-13,7.110860755e-13,3.67588901e-14,9.148190926e-14,4.322862242e-14
118.4921875,1.889940245e-13,3.14505885e-13,2.202850889e-13,1.294482926e-13,2.383922873e-13,8.103768504e-14,1.246848318e-13,2.100748354e-13,6.538653705e-14,9.08269334e-14,2.835782041e-13,1.03834884e-13,1.034127158e-13,2.207145699e-13,2.327170811e-13,1.623403922e-13,8.575981851e-14,1.439495187e-13,8.200103335e-14,2.211866851e-13,3.210120758e-14,2.073501412e-14,7.428119643e-14,1.42007442e-13,4.252193411e-14,1.195728074e-13,2.35556142e-13,2.568281071e-13,7.243031234e-13,3.688173291e-14,9.360444075e-14,4.360070608e-14
118.5,1.929004212e-13,3.198926151e-13,2.251041736e-13,1.291127509e-13,2.361927433e-13,7.90242245e-14,1.250869488e-13,2.103022407e-13,6.630492686e-14,9.036073885e-14,2.823951967e-13,1.041486219e-13,1.035012496e-13,2.213479966e-13,2.283362403e-13,1.591553562e-13,8.583793131e-14,1.439848354e-13,8.117342259e-14,2.170498858e-13,3.210845995e-14,2.068977262e-14,7.506147057e-14,1.420105607e-13,4.303683564e-14,1.204091776e-13,2.40346591e-13,2.591458612e-13,7.378487021e-13,3.697158321e-14,9.571190923e-14,4.39835666e-14
118.5078125,1.970969496e-13,3.253361121e-13,2.301457075e-13,1.287907303e-13,2.34157327e-13,7.695592924e-14,1.255135123e-13,2.106122992e-13,6.731013802e-14,8.995147323e-14,2.809471501e-13,1.04519101e-13,1.036686971e-13,2.22048367e-13,2.241771313e-13,1.561667913e-13,8.600589067e-14,1.442042137e-13,8.036073713e-14,2.129878555e-13,3.212304496e-14,2.063409012e-14,7.582078404e-14,1.420377492e-13,4.358162325e-14,1.212720814e-13,2.452465232e-13,2.615763613e-13,7.515243484e-13,3.707472221e-14,9.795265035e-14,4.443170169e-14
118.515625,2.015580104e-13,3.311528441e-13,2.351452568e-13,1.286967781e-13,2.322097437e-13,7.480269073e-14,1.259426531e-13,2.110779812e-13,6.839091438e-14,8.96039917e-14,2.795366947e-13,1.049143822e-13,1.038958586e-13,2.22803433e-13,2.199792707e-13,1.532247841e-13,8.619589381e-14,1.446235452e-13,7.963736916e-14,2.089025597e-13,3.21506958e-14,2.058261734e-14,7.658907538e-14,1.420944277e-13,4.412850218e-14,1.22095075e-13,2.501541516e-13,2.643393332e-13,7.652125862e-13,3.72074373e-14,1.003466228e-13,4.495026009e-14
118.5234375,2.059907091e-13,3.37361845e-13,2.40534169e-13,1.287845272e-13,2.302392367e-13,7.275465853e-14,1.264659559e-13,2.115050912e-13,6.94173103e-14,8.927791033e-14,2.782252443e-13,1.054099569e-13,1.041303631e-13,2.235934574e-13,2.160723297e-13,1.50568135e-13,8.654438476e-14,1.451707996e-13,7.900154829e-14,2.048686049e-13,3.21862189e-14,2.053522081e-14,7.733925494e-14,1.420818853e-13,4.471388802e-14,1.229113518e-13,2.552743488e-13,2.671813722e-13,7.792276801e-13,3.734540783e-14,1.028066108e-13,4.547732035e-14
118.53125,2.102899679e-13,3.436271081e-13,2.464705454e-13,1.287450362e-13,2.28057041e-13,7.079690261e-14,1.271137271e-13,2.118168968e-13,7.036886206e-14,8.896747771e-14,2.767406273e-13,1.059818115e-13,1.043561905e-13,2.243262192e-13,2.127396901e-13,1.483936709e-13,8.711251695e-14,1.45699017e-13,7.837068052e-14,2.010461884e-13,3.224174229e-14,2.046272206e-14,7.801643754e-14,1.421284686e-13,4.538739662e-14,1.237700649e-13,2.606467558e-13,2.698354268e-13,7.936333849e-13,3.747112353e-14,1.052335636e-13,4.597354432e-14
118.5390625,2.145685126e-13,3.496824869e-13,2.526828354e-13,1.286708527e-13,2.256822786e-13,6.884447239e-14,1.27797535e-13,2.120675187e-13,7.132933751e-14,8.867125105e-14,2.750673904e-13,1.065606538e-13,1.04597081e-13,2.249598154e-13,2.097392828e-13,1.465883178e-13,8.783448627e-14,1.461775987e-13,7.773904555e-14,1.973523621e-13,3.2333015e-14,2.038756922e-14,7.861335268e-14,1.422154476e-13,4.612882715e-14,1.246241504e-13,2.660552477e-13,2.724282222e-13,8.082507991e-13,3.758330511e-14,1.076527658e-13,4.649695615e-14
118.546875,2.189308011e-13,3.554960646e-13,2.592587018e-13,1.287564927e-13,2.23529103e-13,6.703536771e-14,1.28515151e-13,2.122738075e-13,7.230527173e-14,8.837865595e-14,2.733739199e-13,1.071951124e-13,1.049026098e-13,2.256698103e-13,2.069487317e-13,1.450638466e-13,8.868863091e-14,1.467465265e-13,7.715125906e-14,1.936794242e-13,3.243381806e-14,2.033485734e-14,7.918151285e-14,1.421686706e-13,4.689537586e-14,1.254551697e-13,2.715139192e-13,2.750357469e-13,8.230722523e-13,3.767803172e-14,1.101642548e-13,4.708120543e-14
118.5546875,2.23557847e-13,3.611782094e-13,2.661594408e-13,1.288530524e-13,2.217149347e-13,6.539962661e-14,1.29294473e-13,2.124828598e-13,7.324921349e-14,8.807906614e-14,2.714990326e-13,1.079188614e-13,1.052550531e-13,2.265140335e-13,2.044788928e-13,1.43793681e-13,8.958913721e-14,1.474577858e-13,7.660241155e-14,1.901107589e-13,3.251555917e-14,2.02648867e-14,7.976053254e-14,1.420911499e-13,4.766410634e-14,1.26325489e-13,2.771454983e-13,2.77547407e-13,8.379930636e-13,3.776028264e-14,1.126970294e-13,4.767377331e-14
118.5625,2.285320398e-13,3.668976856e-13,2.730937579e-13,1.289302615e-13,2.199154877e-13,6.376690596e-14,1.300968005e-13,2.127256203e-13,7.416241154e-14,8.779871179e-14,2.692333708e-13,1.086915217e-13,1.056270664e-13,2.273475735e-13,2.022712216e-13,1.427214877e-13,9.048429524e-14,1.483014889e-13,7.609640671e-14,1.867371716e-13,3.259493371e-14,2.01712624e-14,8.033623001e-14,1.421100329e-13,4.844951425e-14,1.272727259e-13,2.829111501e-13,2.800572098e-13,8.528503773e-13,3.786791849e-14,1.15160507e-13,4.828163827e-14
118.5703125,2.335344907e-13,3.726599473e-13,2.802110178e-13,1.291269394e-13,2.18052936e-13,6.211110464e-14,1.309483385e-13,2.129471135e-13,7.505754355e-14,8.760563781e-14,2.667429647e-13,1.095015187e-13,1.060891969e-13,2.281737678e-13,2.00254571e-13,1.41880801e-13,9.151111726e-14,1.493258889e-13,7.564649673e-14,1.835523366e-13,3.27000371e-14,2.00868986e-14,8.089941458e-14,1.42117974e-13,4.929837614e-14,1.282709683e-13,2.88792497e-13,2.826657803e-13,8.678022973e-13,3.800979377e-14,1.176753539e-13,4.895415775e-14
118.578125,2.383493492e-13,3.783073178e-13,2.877035284e-13,1.294361016e-13,2.162296385e-13,6.050063407e-14,1.31881709e-13,2.131485667e-13,7.592870693e-14,8.749456791e-14,2.642199046e-13,1.103685329e-13,1.066498925e-13,2.290763955e-13,1.985241793e-13,1.413562513e-13,9.27356613e-14,1.504657491e-13,7.521974147e-14,1.804784128e-13,3.284442598e-14,1.998289745e-14,8.146746322e-14,1.420748071e-13,5.021681787e-14,1.292853782e-13,2.948458509e-13,2.851746781e-13,8.831201778e-13,3.812392138e-14,1.203019295e-13,4.965235254e-14
118.5859375,2.431806325e-13,3.83912042e-13,2.955507024e-13,1.298188102e-13,2.144022022e-13,5.894866474e-14,1.328602405e-13,2.134061912e-13,7.678235576e-14,8.739382561e-14,2.616242586e-13,1.113430654e-13,1.072240127e-13,2.300635734e-13,1.972064678e-13,1.412079622e-13,9.410880972e-14,1.516434998e-13,7.482875201e-14,1.774491465e-13,3.303624321e-14,1.984140381e-14,8.202998518e-14,1.420422594e-13,5.118157731e-14,1.303410291e-13,3.011363483e-13,2.875040039e-13,8.989348493e-13,3.820855265e-14,1.229763561e-13,5.033922692e-14
118.59375,2.480583669e-13,3.896423741e-13,3.038920931e-13,1.301688669e-13,2.126286004e-13,5.748754359e-14,1.339276894e-13,2.137338642e-13,7.761535835e-14,8.731955847e-14,2.589628923e-13,1.124614109e-13,1.078218526e-13,2.31180256e-13,1.963149791e-13,1.414350039e-13,9.564337588e-14,1.529679644e-13,7.453813152e-14,1.745048405e-13,3.325697594e-14,1.971510848e-14,8.257420731e-14,1.420379869e-13,5.220976375e-14,1.314916613e-13,3.077091159e-13,2.898649166e-13,9.151931279e-13,3.835044039e-14,1.257584673e-13,5.104420071e-14
118.6015625,2.528727011e-13,3.952693971e-13,3.125982188e-13,1.303609372e-13,2.110037499e-13,5.60944421e-14,1.35115773e-13,2.140568202e-13,7.840343548e-14,8.730903178e-14,2.562919984e-13,1.136522504e-13,1.084826067e-13,2.324002084e-13,1.956732548e-13,1.419020257e-13,9.73047232e-14,1.544938322e-13,7.432021129e-14,1.716284981e-13,3.345882358e-14,1.960774769e-14,8.312195655e-14,1.420829852e-13,5.3306567e-14,1.32727426e-13,3.144476872e-13,2.922791982e-13,9.316480587e-13,3.854085105e-14,1.286617345e-13,5.176864272e-14
118.609375,2.578061673e-13,4.005791605e-13,3.213847451e-13,1.30574056e-13,2.094674602e-13,5.473049675e-14,1.363161304e-13,2.142763669e-13,7.915388386e-14,8.730128782e-14,2.53567335e-13,1.14872626e-13,1.091826401e-13,2.335868398e-13,1.951695336e-13,1.425499924e-13,9.906857567e-14,1.561539794e-13,7.410567492e-14,1.687191591e-13,3.362941867e-14,1.947965686e-14,8.366326071e-14,1.421034298e-13,5.443697068e-14,1.340062046e-13,3.212073256e-13,2.945799241e-13,9.482214148e-13,3.86986379e-14,1.315545186e-13,5.250486497e-14
118.6171875,2.628930762e-13,4.058965454e-13,3.305207173e-13,1.309745006e-13,2.080114839e-13,5.346472761e-14,1.375140939e-13,2.143852872e-13,7.990115551e-14,8.727959461e-14,2.508262283e-13,1.161972505e-13,1.099290247e-13,2.347287931e-13,1.949483069e-13,1.435077464e-13,1.010443873e-13,1.579599273e-13,7.391062866e-14,1.659157114e-13,3.380452914e-14,1.93510937e-14,8.415866375e-14,1.419974121e-13,5.560103926e-14,1.353143109e-13,3.280577825e-13,2.968496595e-13,9.650513282e-13,3.884562517e-14,1.344438411e-13,5.326892815e-14
118.625,2.679685771e-13,4.114269089e-13,3.402211343e-13,1.314123395e-13,2.066262955e-13,5.227884418e-14,1.388017048e-13,2.144764204e-13,8.064790102e-14,8.731705949e-14,2.48158844e-13,1.176263909e-13,1.107368649e-13,2.35920798e-13,1.950550616e-13,1.447589815e-13,1.032062707e-13,1.599165556e-13,7.376727174e-14,1.634104213e-13,3.400021669e-14,1.924015444e-14,8.461490673e-14,1.41915562e-13,5.682366297e-14,1.366497644e-13,3.350735174e-13,2.99268239e-13,9.820525259e-13,3.902712683e-14,1.374332036e-13,5.404736134e-14
118.6328125,2.731452163e-13,4.168123672e-13,3.50265216e-13,1.318560208e-13,2.052376437e-13,5.111362015e-14,1.401384199e-13,2.145364911e-13,8.137840912e-14,8.741790125e-14,2.455156321e-13,1.191067549e-13,1.116129674e-13,2.372283294e-13,1.953764828e-13,1.461775064e-13,1.054231236e-13,1.619914775e-13,7.369152859e-14,1.609802326e-13,3.422025791e-14,1.912695787e-14,8.503561026e-14,1.419758179e-13,5.808936308e-14,1.380143268e-13,3.421806663e-13,3.017436008e-13,9.991365269e-13,3.920937793e-14,1.405283244e-13,5.483612828e-14
118.640625,2.783824137e-13,4.219342966e-13,3.606332329e-13,1.323716306e-13,2.039377992e-13,5.009150933e-14,1.414608662e-13,2.144755524e-13,8.209951729e-14,8.753259616e-14,2.428701899e-13,1.206899319e-13,1.125577487e-13,2.386452927e-13,1.959709184e-13,1.478372154e-13,1.077338455e-13,1.642012606e-13,7.371825551e-14,1.583847928e-13,3.45006343e-14,1.902858809e-14,8.538685376e-14,1.419835782e-13,5.936118927e-14,1.393893063e-13,3.49346809e-13,3.040781483e-13,1.016424126e-12,3.937640309e-14,1.436931944e-13,5.564649129e-14
118.6484375,2.834177063e-13,4.271582554e-13,3.713738061e-13,1.327855787e-13,2.028005688e-13,4.923045992e-14,1.428098718e-13,2.143911975e-13,8.281263812e-14,8.765949886e-14,2.402472019e-13,1.223932957e-13,1.13494372e-13,2.400442896e-13,1.9692024e-13,1.498132166e-13,1.101450243e-13,1.664878218e-13,7.382773559e-14,1.558389058e-13,3.484683399e-14,1.89568872e-14,8.569601068e-14,1.419239995e-13,6.063857016e-14,1.407554721e-13,3.566155877e-13,3.062385275e-13,1.033851263e-12,3.954405663e-14,1.468824976e-13,5.643803861e-14
118.65625,2.884591869e-13,4.323989785e-13,3.824090964e-13,1.331074613e-13,2.017228543e-13,4.840266856e-14,1.441951036e-13,2.143963164e-13,8.348587893e-14,8.78260182e-14,2.375796034e-13,1.241456005e-13,1.144411286e-13,2.413808843e-13,1.981698838e-13,1.520528361e-13,1.12603698e-13,1.68790787e-13,7.398510313e-14,1.534747588e-13,3.520069975e-14,1.888202059e-14,8.603332891e-14,1.420390641e-13,6.196161602e-14,1.421563425e-13,3.640180842e-13,3.08319775e-13,1.051379224e-12,3.969538818e-14,1.500939081e-13,5.720096788e-14
118.6640625,2.937017592e-13,4.37096023e-13,3.937401852e-13,1.33605879e-13,2.007199456e-13,4.767717686e-14,1.456160466e-13,2.14345004e-13,8.408088357e-14,8.807420231e-14,2.348800839e-13,1.259108687e-13,1.155376328e-13,2.427899772e-13,1.997028742e-13,1.545648525e-13,1.152465113e-13,1.711949285e-13,7.42271243e-14,1.510413519e-13,3.55298681e-14,1.880678334e-14,8.638669098e-14,1.422194373e-13,6.334996199e-14,1.435957693e-13,3.714933842e-13,3.103999811e-13,1.069082361e-12,3.982059412e-14,1.533630777e-13,5.799254505e-14
118.671875,2.988248909e-13,4.412937446e-13,4.051372582e-13,1.341580089e-13,1.998099791e-13,4.706788933e-14,1.471187536e-13,2.141415487e-13,8.458965072e-14,8.84175608e-14,2.322359915e-13,1.27624191e-13,1.166911262e-13,2.442364861e-13,2.014685054e-13,1.573082433e-13,1.181382002e-13,1.737309016e-13,7.451743811e-14,1.485468697e-13,3.585844634e-14,1.87335991e-14,8.670271644e-14,1.422118319e-13,6.478733387e-14,1.450009995e-13,3.788842747e-13,3.124367155e-13,1.086605586e-12,3.993955344e-14,1.565961181e-13,5.88006578e-14
118.6796875,3.037759364e-13,4.455201189e-13,4.164448692e-13,1.345043102e-13,1.988085197e-13,4.642017318e-14,1.486707586e-13,2.139530397e-13,8.504709081e-14,8.878674172e-14,2.296245382e-13,1.292513942e-13,1.177320744e-13,2.455512341e-13,2.033791495e-13,1.601765251e-13,1.211610858e-13,1.763492853e-13,7.474839338e-14,1.463316369e-13,3.620885351e-14,1.862750534e-14,8.699367525e-14,1.42181935e-13,6.6268914e-14,1.464046021e-13,3.862300031e-13,3.143384497e-13,1.103812084e-12,4.005762463e-14,1.597223148e-13,5.956292081e-14
118.6875,3.087567317e-13,4.497182269e-13,4.280314127e-13,1.348754054e-13,1.976950744e-13,4.585410553e-14,1.501903689e-13,2.138557684e-13,8.548607478e-14,8.913776381e-14,2.2706305e-13,1.309508831e-13,1.187638012e-13,2.467942793e-13,2.054823234e-13,1.632198428e-13,1.243349489e-13,1.790740846e-13,7.497389573e-14,1.443720987e-13,3.657729219e-14,1.851046253e-14,8.730825215e-14,1.423055357e-13,6.777205004e-14,1.478865811e-13,3.937595304e-13,3.161038847e-13,1.121293519e-12,4.015680189e-14,1.628741578e-13,6.027728227e-14
118.6953125,3.136203717e-13,4.535412168e-13,4.399537382e-13,1.354962797e-13,1.966872877e-13,4.552255496e-14,1.516749556e-13,2.137419773e-13,8.588766229e-14,8.951923288e-14,2.245788137e-13,1.328303436e-13,1.19848748e-13,2.481143219e-13,2.077636669e-13,1.664696262e-13,1.276632877e-13,1.818938655e-13,7.53191087e-14,1.423734133e-13,3.694156965e-14,1.843098185e-14,8.766689268e-14,1.424441767e-13,6.924485102e-14,1.494007017e-13,4.014105532e-13,3.177638224e-13,1.13908332e-12,4.023210126e-14,1.661039615e-13,6.095023606e-14
118.703125,3.183918425e-13,4.571692917e-13,4.518968658e-13,1.362086317e-13,1.958953602e-13,4.525284734e-14,1.531397845e-13,2.136220142e-13,8.624450339e-14,8.995942525e-14,2.220684894e-13,1.347849694e-13,1.209322387e-13,2.495892573e-13,2.101027537e-13,1.698372388e-13,1.310263218e-13,1.847949261e-13,7.578012455e-14,1.403649392e-13,3.729702691e-14,1.837056782e-14,8.805146343e-14,1.42585834e-13,7.070148156e-14,1.50912025e-13,4.089726712e-13,3.193612424e-13,1.156586054e-12,4.031698847e-14,1.693548272e-13,6.15804318e-14
118.7109375,3.233949212e-13,4.607608285e-13,4.64007388e-13,1.369473214e-13,1.952906812e-13,4.498879572e-14,1.545711219e-13,2.135860887e-13,8.660798125e-14,9.043233398e-14,2.195610206e-13,1.367624115e-13,1.22157521e-13,2.512945165e-13,2.12574195e-13,1.733856911e-13,1.345255766e-13,1.878680347e-13,7.633264464e-14,1.384712094e-13,3.768609391e-14,1.831394203e-14,8.842468236e-14,1.428206387e-13,7.219705822e-14,1.524585099e-13,4.165387459e-13,3.209777638e-13,1.173843317e-12,4.042560634e-14,1.726976693e-13,6.221279241e-14
118.71875,3.285264997e-13,4.640445358e-13,4.763877766e-13,1.377386642e-13,1.948179412e-13,4.485515147e-14,1.559914675e-13,2.135666407e-13,8.69895274e-14,9.091221168e-14,2.171345687e-13,1.388095283e-13,1.235851821e-13,2.531653849e-13,2.153042768e-13,1.772040806e-13,1.382836696e-13,1.911169829e-13,7.697017942e-14,1.365887718e-13,3.813522222e-14,1.827209779e-14,8.877728359e-14,1.430079156e-13,7.372432584e-14,1.540271528e-13,4.241993143e-13,3.225268636e-13,1.191030905e-12,4.051528799e-14,1.761570869e-13,6.28640602e-14
118.7265625,3.334591676e-13,4.66985981e-13,4.887655882e-13,1.38465956e-13,1.944494432e-13,4.479641448e-14,1.574136207e-13,2.134473415e-13,8.734046126e-14,9.139436546e-14,2.146408577e-13,1.409216835e-13,1.250308216e-13,2.55089491e-13,2.181964633e-13,1.811551762e-13,1.421295626e-13,1.944801996e-13,7.76339879e-14,1.347549856e-13,3.860495438e-14,1.822362064e-14,8.913384632e-14,1.43071325e-13,7.525245307e-14,1.55616885e-13,4.318524929e-13,3.238326914e-13,1.207946003e-12,4.059128756e-14,1.79659453e-13,6.347858895e-14
118.734375,3.381985241e-13,4.697721929e-13,5.011691251e-13,1.391918496e-13,1.942026714e-13,4.476886127e-14,1.587738302e-13,2.132745769e-13,8.76575482e-14,9.192443616e-14,2.121116748e-13,1.430983481e-13,1.264884448e-13,2.57117246e-13,2.211281453e-13,1.851222182e-13,1.45973334e-13,1.979755092e-13,7.833406959e-14,1.331470798e-13,3.906293544e-14,1.817691304e-14,8.95001606e-14,1.431675148e-13,7.676999287e-14,1.572523378e-13,4.395399024e-13,3.250348021e-13,1.224765836e-12,4.071545207e-14,1.832617718e-13,6.403390557e-14
118.7421875,3.428633485e-13,4.723932528e-13,5.137357563e-13,1.400735632e-13,1.940063161e-13,4.484329908e-14,1.600541115e-13,2.131621849e-13,8.795698698e-14,9.253054404e-14,2.098393706e-13,1.453516762e-13,1.28059303e-13,2.592117743e-13,2.241616521e-13,1.892014397e-13,1.499474776e-13,2.015361965e-13,7.9139106e-14,1.316710434e-13,3.953196808e-14,1.817163595e-14,8.986119402e-14,1.433351197e-13,7.827462854e-14,1.588808265e-13,4.47280528e-13,3.263449434e-13,1.241601024e-12,4.086830359e-14,1.870010366e-13,6.457499451e-14
118.75,3.474189684e-13,4.74910823e-13,5.264488168e-13,1.410008612e-13,1.937782618e-13,4.500467749e-14,1.613590885e-13,2.130887312e-13,8.820620313e-14,9.31499486e-14,2.078201414e-13,1.476821559e-13,1.29656241e-13,2.612980538e-13,2.274476031e-13,1.935176937e-13,1.541239095e-13,2.051059135e-13,8.001411333e-14,1.301820754e-13,4.003137123e-14,1.817727799e-14,9.021411717e-14,1.434753573e-13,7.979519152e-14,1.604876983e-13,4.548738326e-13,3.275994834e-13,1.258143078e-12,4.100155832e-14,1.907868254e-13,6.511816525e-14
118.7578125,3.517505339e-13,4.772220365e-13,5.39470514e-13,1.419146996e-13,1.936594892e-13,4.52578511e-14,1.627300911e-13,2.129597345e-13,8.840470259e-14,9.377433927e-14,2.058911308e-13,1.50158911e-13,1.312667525e-13,2.636185183e-13,2.310074721e-13,1.980554547e-13,1.585345587e-13,2.088789669e-13,8.092897232e-14,1.287213157e-13,4.054131891e-14,1.815978013e-14,9.05622211e-14,1.43606756e-13,8.135036792e-14,1.621486967e-13,4.623543557e-13,3.286090235e-13,1.274694517e-12,4.115289474e-14,1.946629493e-13,6.561125094e-14
118.765625,3.55860349e-13,4.788276947e-13,5.528127523e-13,1.429419598e-13,1.937813723e-13,4.563166444e-14,1.640509683e-13,2.127897336e-13,8.861204523e-14,9.447775205e-14,2.040849e-13,1.528073964e-13,1.330500408e-13,2.663128321e-13,2.347112418e-13,2.027273352e-13,1.632020876e-13,2.130017251e-13,8.195234024e-14,1.272512128e-13,4.103368724e-14,1.816523309e-14,9.091181881e-14,1.438232948e-13,8.292062343e-14,1.638659274e-13,4.700312141e-13,3.294664474e-13,1.291636282e-12,4.133481733e-14,1.987643989e-13,6.602628471e-14
118.7734375,3.599394987e-13,4.79898538e-13,5.661791603e-13,1.440451928e-13,1.939874045e-13,4.606215455e-14,1.652570543e-13,2.126440203e-13,8.883725354e-14,9.523154673e-14,2.023785784e-13,1.554913272e-13,1.350077361e-13,2.690199255e-13,2.38527899e-13,2.075704722e-13,1.680448648e-13,2.173321062e-13,8.306761397e-14,1.25771047e-13,4.150598894e-14,1.821708741e-14,9.126767938e-14,1.441043845e-13,8.450228231e-14,1.655886626e-13,4.779472026e-13,3.302679508e-13,1.308365932e-12,4.149087829e-14,2.03016466e-13,6.642346647e-14
118.78125,3.640411199e-13,4.812668269e-13,5.794635969e-13,1.45144958e-13,1.941014282e-13,4.656608807e-14,1.66435524e-13,2.125183511e-13,8.901413896e-14,9.598974483e-14,2.007061718e-13,1.581008279e-13,1.369400677e-13,2.71482275e-13,2.42544769e-13,2.126914242e-13,1.729759874e-13,2.216875519e-13,8.416600904e-14,1.244824271e-13,4.199728404e-14,1.82704501e-14,9.161349328e-14,1.442937073e-13,8.607491554e-14,1.673085407e-13,4.858621512e-13,3.310334278e-13,1.324437371e-12,4.162458341e-14,2.071759824e-13,6.684018946e-14
118.7890625,3.67941956e-13,4.828773334e-13,5.92745583e-13,1.462697436e-13,1.942380442e-13,4.721959485e-14,1.676718308e-13,2.124270002e-13,8.911048951e-14,9.682179387e-14,1.991559027e-13,1.606856079e-13,1.387457056e-13,2.739800054e-13,2.467944806e-13,2.180553785e-13,1.779698468e-13,2.260581713e-13,8.525568637e-14,1.233819441e-13,4.255051907e-14,1.830392033e-14,9.194900715e-14,1.443262204e-13,8.761251681e-14,1.690051782e-13,4.936714522e-13,3.317485381e-13,1.340142635e-12,4.177714944e-14,2.111933984e-13,6.721287387e-14
118.796875,3.715543931e-13,4.840757237e-13,6.061618715e-13,1.473468199e-13,1.94632882e-13,4.797366623e-14,1.689484421e-13,2.12434e-13,8.920027113e-14,9.773488289e-14,1.977650732e-13,1.633775119e-13,1.40578272e-13,2.768671935e-13,2.513353133e-13,2.236068442e-13,1.830787055e-13,2.3061654e-13,8.644701831e-14,1.222555885e-13,4.314426691e-14,1.834830721e-14,9.23129302e-14,1.443665619e-13,8.917540351e-14,1.706893044e-13,5.014930259e-13,3.323236509e-13,1.355560223e-12,4.194628376e-14,2.153622499e-13,6.751435301e-14
118.8046875,3.750912167e-13,4.848881441e-13,6.198003064e-13,1.483582848e-13,1.952157962e-13,4.877900257e-14,1.701613862e-13,2.125375237e-13,8.936668485e-14,9.867159488e-14,1.965336806e-13,1.662641389e-13,1.425873426e-13,2.800447056e-13,2.561242233e-13,2.293265051e-13,1.884042566e-13,2.354543876e-13,8.777169076e-14,1.21117836e-13,4.373085346e-14,1.84326701e-14,9.270564512e-14,1.445412939e-13,9.078205234e-14,1.724461922e-13,5.093798407e-13,3.32825329e-13,1.370750459e-12,4.213942214e-14,2.198605923e-13,6.781247616e-14
118.8125,3.787410501e-13,4.854487909e-13,6.333710894e-13,1.494653887e-13,1.956777215e-13,4.965720273e-14,1.712221069e-13,2.12694584e-13,8.957517692e-14,9.967198733e-14,1.95551346e-13,1.692638052e-13,1.446822898e-13,2.830983845e-13,2.608204005e-13,2.350252232e-13,1.93859843e-13,2.403467563e-13,8.916677572e-14,1.200901507e-13,4.432231442e-14,1.855070596e-14,9.307872979e-14,1.447949818e-13,9.232859303e-14,1.742601388e-13,5.17142465e-13,3.334231593e-13,1.386027345e-12,4.236281024e-14,2.244257212e-13,6.811827514e-14
118.8203125,3.824149644e-13,4.855962115e-13,6.466027796e-13,1.507129954e-13,1.960867413e-13,5.060680083e-14,1.721695982e-13,2.128917056e-13,8.976302061e-14,1.007354548e-13,1.947662038e-13,1.722363228e-13,1.468051892e-13,2.859459939e-13,2.652663318e-13,2.405742346e-13,1.992781305e-13,2.45177791e-13,9.060924769e-14,1.191663169e-13,4.493430611e-14,1.868504356e-14,9.343905841e-14,1.45092868e-13,9.38041535e-14,1.75986386e-13,5.246255907e-13,3.339910115e-13,1.401163817e-12,4.255533389e-14,2.288740871e-13,6.836837961e-14
118.828125,3.858957048e-13,4.856291849e-13,6.5963434e-13,1.520696344e-13,1.968103062e-13,5.162807878e-14,1.730706292e-13,2.130892352e-13,8.994210712e-14,1.017683849e-13,1.9404154e-13,1.751965176e-13,1.490544512e-13,2.889292148e-13,2.697207999e-13,2.461524525e-13,2.04775934e-13,2.501695275e-13,9.213868935e-14,1.183212103e-13,4.552765639e-14,1.883646581e-14,9.384308282e-14,1.453810416e-13,9.528802628e-14,1.775924329e-13,5.319325384e-13,3.343179532e-13,1.415609719e-12,4.266807998e-14,2.333538977e-13,6.855670127e-14
118.8359375,3.892024317e-13,4.858142073e-13,6.725294818e-13,1.535838623e-13,1.977798643e-13,5.273578215e-14,1.739114765e-13,2.13248139e-13,9.008635521e-14,1.027886801e-13,1.934072212e-13,1.781897302e-13,1.513527824e-13,2.921222062e-13,2.743264752e-13,2.51862905e-13,2.104662974e-13,2.552888152e-13,9.373508456e-14,1.174838969e-13,4.6101594e-14,1.900151213e-14,9.428247948e-14,1.455369456e-13,9.674372977e-14,1.791811725e-13,5.391365313e-13,3.344233451e-13,1.429303052e-12,4.273886441e-14,2.378589589e-13,6.871182141e-14
118.84375,3.924451613e-13,4.857610965e-13,6.852863399e-13,1.55158861e-13,1.98680972e-13,5.393590627e-14,1.747077284e-13,2.134252307e-13,9.015417341e-14,1.03884721e-13,1.92882426e-13,1.811937284e-13,1.535476851e-13,2.952889685e-13,2.79016144e-13,2.575640841e-13,2.161312312e-13,2.60263973e-13,9.53414555e-14,1.165733028e-13,4.671153696e-14,1.917420424e-14,9.468957221e-14,1.456569807e-13,9.811237771e-14,1.807673135e-13,5.461699135e-13,3.343482576e-13,1.442469448e-12,4.282041009e-14,2.422862409e-13,6.881269995e-14
118.8515625,3.954680097e-13,4.853744006e-13,6.980148478e-13,1.566344063e-13,1.995838879e-13,5.521100411e-14,1.754752968e-13,2.136913036e-13,9.024330146e-14,1.050672964e-13,1.924178363e-13,1.84279109e-13,1.557360594e-13,2.984805626e-13,2.837306344e-13,2.631394542e-13,2.216389358e-13,2.652168211e-13,9.700288495e-14,1.15666266e-13,4.736811712e-14,1.937948759e-14,9.5048939e-14,1.45940387e-13,9.942286548e-14,1.82281489e-13,5.530744795e-13,3.341830686e-13,1.455292792e-12,4.292175145e-14,2.467709918e-13,6.883538938e-14
118.859375,3.982894343e-13,4.850364306e-13,7.104909018e-13,1.581327802e-13,2.006097319e-13,5.64985911e-14,1.761164302e-13,2.140111097e-13,9.041763568e-14,1.063050762e-13,1.92075778e-13,1.874854505e-13,1.580103785e-13,3.0180944e-13,2.883258038e-13,2.685514261e-13,2.271502875e-13,2.703743445e-13,9.877723148e-14,1.148131413e-13,4.805036617e-14,1.962808012e-14,9.541680824e-14,1.462812961e-13,1.006768391e-13,1.837465206e-13,5.598841232e-13,3.340893721e-13,1.467816089e-12,4.302998369e-14,2.513247858e-13,6.880258096e-14
118.8671875,4.013103839e-13,4.84753803e-13,7.224206187e-13,1.598506669e-13,2.015841906e-13,5.77867062e-14,1.766056349e-13,2.143298779e-13,9.055767434e-14,1.07552151e-13,1.918906803e-13,1.906615444e-13,1.602767935e-13,3.050562986e-13,2.927664704e-13,2.738511789e-13,2.327512345e-13,2.755896966e-13,1.006008772e-13,1.139289319e-13,4.876391618e-14,1.988382834e-14,9.582766011e-14,1.465021136e-13,1.018525199e-13,1.852176913e-13,5.664695722e-13,3.339990995e-13,1.479831071e-12,4.31401346e-14,2.557307789e-13,6.874522713e-14
118.875,4.045207443e-13,4.84343384e-13,7.338279023e-13,1.616974964e-13,2.02471858e-13,5.909813531e-14,1.770702671e-13,2.147007439e-13,9.062381202e-14,1.088035866e-13,1.917968081e-13,1.937396551e-13,1.625070176e-13,3.081385116e-13,2.972053829e-13,2.791358096e-13,2.383342439e-13,2.807119966e-13,1.024090296e-13,1.130257277e-13,4.950320253e-14,2.012875723e-14,9.62499854e-14,1.466877112e-13,1.02963212e-13,1.86628838e-13,5.728111637e-13,3.338589595e-13,1.491191723e-12,4.326503582e-14,2.599872917e-13,6.865696367e-14
118.8828125,4.075296623e-13,4.837552336e-13,7.447087623e-13,1.634830859e-13,2.03496952e-13,6.036794565e-14,1.775283069e-13,2.151992937e-13,9.072806783e-14,1.101285644e-13,1.918122168e-13,1.968233129e-13,1.647373111e-13,3.112860037e-13,3.015931709e-13,2.843519999e-13,2.438086557e-13,2.858089194e-13,1.042105699e-13,1.12184221e-13,5.024111048e-14,2.037900986e-14,9.665286242e-14,1.468986953e-13,1.039945338e-13,1.879040932e-13,5.790224373e-13,3.337997893e-13,1.501936269e-12,4.340123356e-14,2.642238251e-13,6.850880461e-14
118.890625,4.103934551e-13,4.829385626e-13,7.553297786e-13,1.652027878e-13,2.047209396e-13,6.161375435e-14,1.778614426e-13,2.157925671e-13,9.088714691e-14,1.115100297e-13,1.91972952e-13,1.999456485e-13,1.669331914e-13,3.145499847e-13,3.058506672e-13,2.8947524e-13,2.492591554e-13,2.909304629e-13,1.060057864e-13,1.113955099e-13,5.098331146e-14,2.064534683e-14,9.705278762e-14,1.470255941e-13,1.049337843e-13,1.891174333e-13,5.851253681e-13,3.336507883e-13,1.512063504e-12,4.350820259e-14,2.684371686e-13,6.831575951e-14
118.8984375,4.132279194e-13,4.820586537e-13,7.661248288e-13,1.669632721e-13,2.059566927e-13,6.29734619e-14,1.780503229e-13,2.164285082e-13,9.10503596e-14,1.128519863e-13,1.92242052e-13,2.030908693e-13,1.690825302e-13,3.177673747e-13,3.101169856e-13,2.946566969e-13,2.548723924e-13,2.960517998e-13,1.078078646e-13,1.106195674e-13,5.17683943e-14,2.093644634e-14,9.747116739e-14,1.47084939e-13,1.058279462e-13,1.903426461e-13,5.911368261e-13,3.331835402e-13,1.521721326e-12,4.357092938e-14,2.726326985e-13,6.812299739e-14
118.90625,4.156738448e-13,4.811353608e-13,7.76623034e-13,1.68833419e-13,2.071332498e-13,6.442938242e-14,1.781679019e-13,2.171327202e-13,9.123254306e-14,1.141682057e-13,1.926348611e-13,2.062737453e-13,1.712296301e-13,3.209181135e-13,3.143687234e-13,2.999324034e-13,2.606720645e-13,3.011345525e-13,1.096645731e-13,1.097975648e-13,5.260318569e-14,2.125525033e-14,9.789899648e-14,1.471902703e-13,1.067035452e-13,1.914905006e-13,5.970650306e-13,3.326099336e-13,1.53103153e-12,4.362099059e-14,2.768406162e-13,6.790756729e-14
118.9140625,4.176350891e-13,4.79857715e-13,7.863290885e-13,1.708587413e-13,2.084561433e-13,6.591331834e-14,1.782265042e-13,2.179007742e-13,9.142847155e-14,1.154959111e-13,1.931954973e-13,2.094803261e-13,1.734314526e-13,3.241642467e-13,3.18552684e-13,3.052826549e-13,2.665239512e-13,3.062475612e-13,1.115888795e-13,1.089180998e-13,5.345345046e-14,2.159408934e-14,9.831653727e-14,1.472771863e-13,1.075374055e-13,1.925067719e-13,6.027646013e-13,3.320535273e-13,1.539630774e-12,4.367697085e-14,2.810736959e-13,6.762416318e-14
118.921875,4.195515118e-13,4.7860155e-13,7.959902634e-13,1.730644971e-13,2.100158974e-13,6.74723819e-14,1.781856289e-13,2.186891878e-13,9.161978848e-14,1.167925472e-13,1.93915523e-13,2.12741655e-13,1.75729572e-13,3.27596532e-13,3.228459571e-13,3.107625891e-13,2.723692505e-13,3.115677782e-13,1.135674642e-13,1.081562504e-13,5.432124921e-14,2.195396957e-14,9.871613822e-14,1.472405543e-13,1.083120055e-13,1.93515368e-13,6.081749714e-13,3.314003004e-13,1.547332013e-12,4.375451363e-14,2.854159843e-13,6.732001394e-14
118.9296875,4.21675218e-13,4.778050479e-13,8.059568262e-13,1.753992586e-13,2.115666687e-13,6.904153652e-14,1.780261491e-13,2.195589553e-13,9.185454752e-14,1.180748004e-13,1.947722708e-13,2.160811477e-13,1.780637349e-13,3.310660423e-13,3.271528559e-13,3.162250876e-13,2.781849511e-13,3.170486165e-13,1.155717757e-13,1.076532964e-13,5.523417741e-14,2.232832854e-14,9.910635728e-14,1.471621264e-13,1.090130312e-13,1.94561752e-13,6.134628841e-13,3.307518919e-13,1.554556942e-12,4.387678559e-14,2.898538032e-13,6.705253045e-14
118.9375,4.238881088e-13,4.766516742e-13,8.152945527e-13,1.77745799e-13,2.129832696e-13,7.050282324e-14,1.777536061e-13,2.205845237e-13,9.214956418e-14,1.194000197e-13,1.957200594e-13,2.193646907e-13,1.803443313e-13,3.344322824e-13,3.312297118e-13,3.215168407e-13,2.839396873e-13,3.224542995e-13,1.175444266e-13,1.072794215e-13,5.616349421e-14,2.270104213e-14,9.949498272e-14,1.471095959e-13,1.09633958e-13,1.955095606e-13,6.187105496e-13,3.300802774e-13,1.561407318e-12,4.400025314e-14,2.941960084e-13,6.678949015e-14
118.9453125,4.259144195e-13,4.748098201e-13,8.236656193e-13,1.800203353e-13,2.144096804e-13,7.192730543e-14,1.773793469e-13,2.216760125e-13,9.243475537e-14,1.207332187e-13,1.967290169e-13,2.225108644e-13,1.826031259e-13,3.377872642e-13,3.352258143e-13,3.267310196e-13,2.896783622e-13,3.277475822e-13,1.19477632e-13,1.068718017e-13,5.708199629e-14,2.307577936e-14,9.986873079e-14,1.469885462e-13,1.101971804e-13,1.96295361e-13,6.238024742e-13,3.291088171e-13,1.567522932e-12,4.405660956e-14,2.983638264e-13,6.648052513e-14
118.953125,4.275064852e-13,4.733236124e-13,8.316516247e-13,1.823014381e-13,2.158792932e-13,7.340138725e-14,1.76907265e-13,2.227216866e-13,9.265554711e-14,1.220349987e-13,1.978429703e-13,2.256093626e-13,1.84887482e-13,3.411385967e-13,3.39150976e-13,3.31757832e-13,2.953490942e-13,3.329589583e-13,1.21425183e-13,1.064399683e-13,5.799761693e-14,2.345779353e-14,1.002127269e-13,1.467930328e-13,1.107041389e-13,1.969644315e-13,6.286063966e-13,3.279415685e-13,1.572836729e-12,4.407493189e-14,3.024409506e-13,6.610451222e-14
118.9609375,4.2893563e-13,4.723343062e-13,8.393131048e-13,1.847674834e-13,2.174414198e-13,7.489256111e-14,1.763117051e-13,2.237808175e-13,9.286009576e-14,1.233561822e-13,1.990710185e-13,2.286906491e-13,1.871729005e-13,3.443687317e-13,3.426503129e-13,3.363290539e-13,3.007727991e-13,3.380280776e-13,1.23427158e-13,1.059892634e-13,5.887390858e-14,2.385627253e-14,1.005385895e-13,1.466526236e-13,1.111118874e-13,1.975089623e-13,6.330696947e-13,3.26953508e-13,1.577367265e-12,4.41199083e-14,3.064910878e-13,6.566875322e-14
118.96875,4.307524943e-13,4.712214458e-13,8.462783347e-13,1.873725868e-13,2.192749619e-13,7.636395769e-14,1.755770899e-13,2.249636487e-13,9.316581159e-14,1.247431133e-13,2.003612384e-13,2.317462433e-13,1.894521917e-13,3.476056168e-13,3.457113922e-13,3.405028779e-13,3.059421994e-13,3.430156879e-13,1.254962674e-13,1.054431385e-13,5.971773109e-14,2.43029986e-14,1.008558825e-13,1.465581016e-13,1.113932655e-13,1.979031553e-13,6.372650812e-13,3.262636414e-13,1.58105376e-12,4.418382641e-14,3.105166741e-13,6.522577993e-14
118.9765625,4.327930777e-13,4.702791567e-13,8.525374596e-13,1.898675511e-13,2.212099228e-13,7.781614572e-14,1.747571475e-13,2.262426644e-13,9.357605484e-14,1.261494247e-13,2.016910736e-13,2.348182382e-13,1.917030123e-13,3.509378278e-13,3.485854878e-13,3.444260568e-13,3.109547887e-13,3.479499481e-13,1.275699159e-13,1.048243353e-13,6.063166821e-14,2.478594864e-14,1.011365583e-13,1.463901056e-13,1.115602059e-13,1.981525441e-13,6.41269455e-13,3.256678826e-13,1.584195828e-12,4.423708886e-14,3.144265653e-13,6.478656687e-14
118.984375,4.345047722e-13,4.695291381e-13,8.583528317e-13,1.922985493e-13,2.229035039e-13,7.928636399e-14,1.738931424e-13,2.275146339e-13,9.393344743e-14,1.275032379e-13,2.030561682e-13,2.378329628e-13,1.938764247e-13,3.54134648e-13,3.513336985e-13,3.481853557e-13,3.158085792e-13,3.526819394e-13,1.295373566e-13,1.042401122e-13,6.162301885e-14,2.524519215e-14,1.013676633e-13,1.461413889e-13,1.116404945e-13,1.982731635e-13,6.449446729e-13,3.247996854e-13,1.58689451e-12,4.427790687e-14,3.18128145e-13,6.428140597e-14
118.9921875,4.359779244e-13,4.683798147e-13,8.638538224e-13,1.949615124e-13,2.244791516e-13,8.076296515e-14,1.729418597e-13,2.287897061e-13,9.419596707e-14,1.288141165e-13,2.044813836e-13,2.406887246e-13,1.959946789e-13,3.571431366e-13,3.539698196e-13,3.519792981e-13,3.205679684e-13,3.572004757e-13,1.314217912e-13,1.036957611e-13,6.260970992e-14,2.567619223e-14,1.016124959e-13,1.458499992e-13,1.116632291e-13,1.983276447e-13,6.481509342e-13,3.236184549e-13,1.588586762e-12,4.430854495e-14,3.216757662e-13,6.370882466e-14
119,4.375139633e-13,4.671069499e-13,8.688432535e-13,1.978133257e-13,2.261533421e-13,8.213831711e-14,1.718784503e-13,2.301655228e-13,9.449156838e-14,1.30140641e-13,2.059963028e-13,2.434500295e-13,1.980482712e-13,3.600884224e-13,3.564428907e-13,3.557802745e-13,3.25330903e-13,3.615841849e-13,1.33307406e-13,1.032009224e-13,6.358468115e-14,2.610836642e-14,1.019230431e-13,1.454925396e-13,1.116141089e-13,1.983517151e-13,6.510849497e-13,3.224900101e-13,1.589117084e-12,4.43418869e-14,3.25074066e-13,6.31454632e-14
119.0078125,4.39015648e-13,4.660818545e-13,8.731319918e-13,2.005698654e-13,2.277787539e-13,8.341369147e-14,1.707349098e-13,2.316226078e-13,9.483196354e-14,1.31505923e-13,2.075111576e-13,2.46172053e-13,1.999536725e-13,3.628656151e-13,3.58598533e-13,3.592950769e-13,3.299856034e-13,3.65772931e-13,1.351380488e-13,1.028407472e-13,6.454847406e-14,2.65312004e-14,1.022361694e-13,1.450724217e-13,1.114273296e-13,1.982453168e-13,6.539758517e-13,3.214426302e-13,1.589007931e-12,4.439355897e-14,3.282188721e-13,6.259140601e-14
119.015625,4.404936998e-13,4.649901805e-13,8.768237421e-13,2.032408649e-13,2.293471732e-13,8.471375659e-14,1.695207852e-13,2.330781075e-13,9.516328456e-14,1.329034249e-13,2.089115041e-13,2.488080522e-13,2.017716176e-13,3.654867903e-13,3.603877352e-13,3.623964829e-13,3.343632694e-13,3.69756156e-13,1.368691961e-13,1.024944182e-13,6.54836568e-14,2.695280011e-14,1.024818123e-13,1.446386714e-13,1.110818711e-13,1.978792625e-13,6.566645976e-13,3.202655166e-13,1.588285737e-12,4.444394715e-14,3.312020172e-13,6.200858988e-14
119.0234375,4.421044225e-13,4.638677901e-13,8.798598932e-13,2.05984114e-13,2.310973655e-13,8.602725286e-14,1.68213152e-13,2.346059909e-13,9.5571497e-14,1.343043696e-13,2.10223908e-13,2.51350659e-13,2.036236029e-13,3.681488344e-13,3.617633072e-13,3.650775265e-13,3.384435028e-13,3.735715389e-13,1.385769291e-13,1.019436952e-13,6.644520489e-14,2.7408789e-14,1.027060534e-13,1.441848469e-13,1.106274998e-13,1.972726253e-13,6.589724936e-13,3.19158308e-13,1.58658155e-12,4.446793598e-14,3.341719583e-13,6.142625598e-14
119.03125,4.437669471e-13,4.629506849e-13,8.820562214e-13,2.087536243e-13,2.329639082e-13,8.722322136e-14,1.667734684e-13,2.362924965e-13,9.607494099e-14,1.356793679e-13,2.115370004e-13,2.538120009e-13,2.054343169e-13,3.707196844e-13,3.627553688e-13,3.674364864e-13,3.4227694e-13,3.771943912e-13,1.402630832e-13,1.012908739e-13,6.746278302e-14,2.787708198e-14,1.029676289e-13,1.436459348e-13,1.101015846e-13,1.966000776e-13,6.611322663e-13,3.182373007e-13,1.584077434e-12,4.447960464e-14,3.370214294e-13,6.087068374e-14
119.0390625,4.455205724e-13,4.622009719e-13,8.836660074e-13,2.115104489e-13,2.347358489e-13,8.827357974e-14,1.652067334e-13,2.380283582e-13,9.653836868e-14,1.37039806e-13,2.129011255e-13,2.561824277e-13,2.071205169e-13,3.730449759e-13,3.636634623e-13,3.697229299e-13,3.459352998e-13,3.807324214e-13,1.41862627e-13,1.007379355e-13,6.848008412e-14,2.832205448e-14,1.032450929e-13,1.430287866e-13,1.095186322e-13,1.959564896e-13,6.632585546e-13,3.172187567e-13,1.581070709e-12,4.44945048e-14,3.396716616e-13,6.031562516e-14
119.046875,4.474709787e-13,4.616923014e-13,8.849082117e-13,2.143895714e-13,2.364804434e-13,8.928577814e-14,1.636085626e-13,2.397462561e-13,9.695355658e-14,1.383595274e-13,2.143036248e-13,2.584752103e-13,2.087484743e-13,3.753055197e-13,3.645750875e-13,3.718834824e-13,3.494685727e-13,3.842561676e-13,1.433935456e-13,1.002640983e-13,6.947954287e-14,2.876737622e-14,1.035148436e-13,1.42440922e-13,1.088767081e-13,1.952003379e-13,6.649600838e-13,3.16078123e-13,1.577449551e-12,4.449523438e-14,3.42219794e-13,5.973430763e-14
119.0546875,4.49292711e-13,4.61279517e-13,8.856225385e-13,2.174090788e-13,2.38249264e-13,9.032727616e-14,1.620070457e-13,2.415500072e-13,9.741204395e-14,1.395769953e-13,2.157183826e-13,2.607005908e-13,2.10306245e-13,3.775263226e-13,3.652264596e-13,3.736487377e-13,3.528325158e-13,3.875403188e-13,1.448945674e-13,9.981544606e-14,7.051914039e-14,2.922406813e-14,1.037876258e-13,1.418931838e-13,1.081312079e-13,1.942491546e-13,6.661188235e-13,3.150062587e-13,1.57322564e-12,4.447487866e-14,3.446409411e-13,5.912050367e-14
119.0625,4.508314909e-13,4.607287376e-13,8.859905762e-13,2.203816805e-13,2.399552094e-13,9.131376672e-14,1.603183763e-13,2.434516735e-13,9.791055061e-14,1.407434314e-13,2.172250445e-13,2.62870082e-13,2.117363355e-13,3.796012527e-13,3.655838684e-13,3.750837694e-13,3.559792469e-13,3.904917405e-13,1.463790084e-13,9.935560787e-14,7.164068065e-14,2.96666067e-14,1.040697755e-13,1.412570741e-13,1.072752797e-13,1.932445716e-13,6.67188147e-13,3.139549255e-13,1.568560052e-12,4.445965332e-14,3.469141691e-13,5.849734372e-14
119.0703125,4.525170327e-13,4.603501022e-13,8.862598196e-13,2.23242881e-13,2.416994012e-13,9.22089446e-14,1.585482172e-13,2.453755425e-13,9.844859531e-14,1.419312781e-13,2.18834559e-13,2.649834556e-13,2.131061367e-13,3.816708039e-13,3.657846568e-13,3.763157141e-13,3.589223211e-13,3.933203017e-13,1.478584439e-13,9.883942556e-14,7.278491295e-14,3.011050167e-14,1.043667976e-13,1.405212796e-13,1.063650232e-13,1.922008321e-13,6.682915099e-13,3.128800921e-13,1.563329592e-12,4.446533673e-14,3.491901597e-13,5.789450087e-14
119.078125,4.544591659e-13,4.602654605e-13,8.859266117e-13,2.260866912e-13,2.435431184e-13,9.31016622e-14,1.567389712e-13,2.473348367e-13,9.90320116e-14,1.430758935e-13,2.203276307e-13,2.669662307e-13,2.144023515e-13,3.837100982e-13,3.65742652e-13,3.772164333e-13,3.616530675e-13,3.960549006e-13,1.492942775e-13,9.832200169e-14,7.385737554e-14,3.0577228e-14,1.046757122e-13,1.397975186e-13,1.053868103e-13,1.909765879e-13,6.691283459e-13,3.118479525e-13,1.557389351e-12,4.448057012e-14,3.514107327e-13,5.728397737e-14
119.0859375,4.56297842e-13,4.601052561e-13,8.84619074e-13,2.288522917e-13,2.452707763e-13,9.395526183e-14,1.548341511e-13,2.493028084e-13,9.95876711e-14,1.441236255e-13,2.216435492e-13,2.687790534e-13,2.15506445e-13,3.854360475e-13,3.653321488e-13,3.776861811e-13,3.641214195e-13,3.985233496e-13,1.506370378e-13,9.777453397e-14,7.488345611e-14,3.10365707e-14,1.049638836e-13,1.390693017e-13,1.042829948e-13,1.895802264e-13,6.696833697e-13,3.107726685e-13,1.550758488e-12,4.448567469e-14,3.5333635e-13,5.663420688e-14
119.09375,4.580156374e-13,4.597845443e-13,8.82818589e-13,2.314294523e-13,2.468534425e-13,9.469676371e-14,1.528270786e-13,2.512172086e-13,1.001253168e-13,1.451362227e-13,2.229991884e-13,2.704747011e-13,2.16475755e-13,3.868551593e-13,3.645604641e-13,3.777407421e-13,3.662827173e-13,4.006733208e-13,1.518943487e-13,9.712311905e-14,7.592918503e-14,3.148052847e-14,1.052038847e-13,1.382458236e-13,1.030737942e-13,1.880461201e-13,6.700169502e-13,3.09541875e-13,1.543398654e-12,4.446330688e-14,3.550020281e-13,5.599379306e-14
119.1015625,4.59746884e-13,4.59417436e-13,8.807205158e-13,2.339618729e-13,2.484663751e-13,9.539566789e-14,1.507587798e-13,2.531527127e-13,1.007188407e-13,1.461628218e-13,2.244183359e-13,2.720330408e-13,2.174037723e-13,3.880822107e-13,3.634333797e-13,3.774329225e-13,3.681134361e-13,4.024925563e-13,1.530726936e-13,9.65228071e-14,7.696277894e-14,3.193531121e-14,1.054091251e-13,1.373297001e-13,1.017839626e-13,1.863340108e-13,6.699845627e-13,3.082646356e-13,1.535311216e-12,4.441801777e-14,3.565033471e-13,5.538672852e-14
119.109375,4.613002687e-13,4.591482672e-13,8.778720018e-13,2.365644966e-13,2.500265749e-13,9.600701739e-14,1.486021687e-13,2.551465126e-13,1.013123215e-13,1.471727523e-13,2.25740151e-13,2.733932941e-13,2.18179889e-13,3.889828295e-13,3.618606617e-13,3.767601319e-13,3.695981107e-13,4.039476539e-13,1.541651598e-13,9.599407829e-14,7.796636792e-14,3.238933462e-14,1.056148568e-13,1.363763557e-13,1.004017411e-13,1.84514036e-13,6.696344016e-13,3.070913092e-13,1.526607562e-12,4.436657044e-14,3.577302631e-13,5.474536824e-14
119.1171875,4.626425433e-13,4.591710792e-13,8.742801736e-13,2.390939305e-13,2.514428515e-13,9.643733799e-14,1.463863735e-13,2.571266839e-13,1.018777467e-13,1.481030611e-13,2.269618038e-13,2.74610501e-13,2.18726026e-13,3.895358369e-13,3.597851178e-13,3.756241821e-13,3.707374467e-13,4.051051706e-13,1.55185685e-13,9.534962545e-14,7.896599904e-14,3.283525836e-14,1.058339465e-13,1.354716638e-13,9.895658143e-14,1.826420794e-13,6.690961662e-13,3.059200307e-13,1.517428759e-12,4.429699151e-14,3.58742385e-13,5.406305259e-14
119.125,4.640885212e-13,4.592680525e-13,8.703098727e-13,2.415545542e-13,2.528315357e-13,9.680303852e-14,1.441621539e-13,2.591522e-13,1.024940772e-13,1.489587965e-13,2.28118005e-13,2.757273268e-13,2.191331692e-13,3.89893019e-13,3.574026033e-13,3.741809556e-13,3.716063119e-13,4.060219537e-13,1.561162867e-13,9.473736153e-14,7.99400146e-14,3.32932398e-14,1.06045704e-13,1.346671751e-13,9.746524029e-14,1.806559419e-13,6.683526635e-13,3.045880044e-13,1.508030165e-12,4.419931276e-14,3.597055074e-13,5.342638228e-14
119.1328125,4.657121913e-13,4.592368909e-13,8.658146954e-13,2.440820864e-13,2.541361852e-13,9.711568011e-14,1.41865618e-13,2.612779626e-13,1.031170809e-13,1.498148029e-13,2.291732144e-13,2.766690883e-13,2.194547928e-13,3.900519479e-13,3.548819272e-13,3.726766968e-13,3.722622175e-13,4.066333382e-13,1.569068433e-13,9.427398848e-14,8.089156808e-14,3.373828318e-14,1.062304925e-13,1.338732567e-13,9.5892868e-14,1.785609348e-13,6.674928653e-13,3.031970462e-13,1.498495395e-12,4.410078184e-14,3.604784402e-13,5.284386589e-14
119.140625,4.673033197e-13,4.593277411e-13,8.60676784e-13,2.464548077e-13,2.553230505e-13,9.727135415e-14,1.394909123e-13,2.633528245e-13,1.036829668e-13,1.506361593e-13,2.301646784e-13,2.774184645e-13,2.196944866e-13,3.900739005e-13,3.520261475e-13,3.708214382e-13,3.725977736e-13,4.069195603e-13,1.575770543e-13,9.36324216e-14,8.186220586e-14,3.415214573e-14,1.06378963e-13,1.330269487e-13,9.424050348e-14,1.763433293e-13,6.665025705e-13,3.018726347e-13,1.488493278e-12,4.401206296e-14,3.609723004e-13,5.224357463e-14
119.1484375,4.688923581e-13,4.594282842e-13,8.552767374e-13,2.48443151e-13,2.566525899e-13,9.741787263e-14,1.371147711e-13,2.652952156e-13,1.042752066e-13,1.513257936e-13,2.311281079e-13,2.780420156e-13,2.198892057e-13,3.901508763e-13,3.487320146e-13,3.683296987e-13,3.725440469e-13,4.069938584e-13,1.582168617e-13,9.277165967e-14,8.284063877e-14,3.457942965e-14,1.064984636e-13,1.321777928e-13,9.253040942e-14,1.739065026e-13,6.651904122e-13,3.005672299e-13,1.477853223e-12,4.39173486e-14,3.613712148e-13,5.161851927e-14
119.15625,4.706511482e-13,4.592478926e-13,8.49606619e-13,2.503132516e-13,2.580268906e-13,9.760109634e-14,1.347103481e-13,2.671936768e-13,1.048661961e-13,1.519518666e-13,2.319885852e-13,2.784738509e-13,2.199789203e-13,3.900410305e-13,3.452083492e-13,3.655459717e-13,3.722098221e-13,4.068547951e-13,1.588221962e-13,9.203671653e-14,8.378955906e-14,3.500589232e-14,1.066530937e-13,1.3127941e-13,9.075895107e-14,1.713427152e-13,6.637239745e-13,2.992828199e-13,1.466788971e-12,4.381847251e-14,3.615578464e-13,5.101413031e-14
119.1640625,4.723942872e-13,4.590788227e-13,8.432526362e-13,2.522560613e-13,2.589217475e-13,9.759238382e-14,1.322672541e-13,2.690992137e-13,1.053050302e-13,1.526043851e-13,2.326789911e-13,2.785725503e-13,2.198148009e-13,3.892459729e-13,3.415504426e-13,3.62733841e-13,3.716011088e-13,4.062711162e-13,1.592480152e-13,9.145340204e-14,8.468226236e-14,3.535378961e-14,1.068906539e-13,1.302825864e-13,8.893865713e-14,1.688330897e-13,6.623105453e-13,2.979452158e-13,1.455380077e-12,4.37133967e-14,3.612459519e-13,5.043301787e-14
119.171875,4.738862819e-13,4.59073935e-13,8.364399147e-13,2.540370986e-13,2.593853329e-13,9.748344306e-14,1.29873679e-13,2.710595077e-13,1.056503709e-13,1.532315161e-13,2.33258048e-13,2.784360589e-13,2.194129178e-13,3.879569687e-13,3.378299022e-13,3.597739682e-13,3.706667092e-13,4.052058695e-13,1.594701357e-13,9.084356012e-14,8.55487823e-14,3.564888514e-14,1.071406329e-13,1.293174905e-13,8.708477938e-14,1.66303286e-13,6.607196031e-13,2.963870375e-13,1.44362269e-12,4.359458172e-14,3.606984975e-13,4.984868275e-14
119.1796875,4.753978073e-13,4.589279481e-13,8.296650509e-13,2.556233906e-13,2.600179951e-13,9.753784999e-14,1.275226383e-13,2.731160877e-13,1.060751253e-13,1.538271272e-13,2.338516747e-13,2.782871925e-13,2.18944959e-13,3.868117217e-13,3.341379297e-13,3.566155219e-13,3.695692033e-13,4.039690803e-13,1.59681615e-13,9.015004802e-14,8.648268166e-14,3.598906101e-14,1.073382448e-13,1.284310607e-13,8.518831979e-14,1.635986967e-13,6.589119227e-13,2.947931757e-13,1.43170193e-12,4.348299239e-14,3.60302793e-13,4.927246334e-14
119.1875,4.771825029e-13,4.585949078e-13,8.227195613e-13,2.57213104e-13,2.608877403e-13,9.758454952e-14,1.25139441e-13,2.751513915e-13,1.065549605e-13,1.544300808e-13,2.344568822e-13,2.780465492e-13,2.184284775e-13,3.85736105e-13,3.302032718e-13,3.531684787e-13,3.683967372e-13,4.025938305e-13,1.599311189e-13,8.93900191e-14,8.746806661e-14,3.636753701e-14,1.075313807e-13,1.274878832e-13,8.32507816e-14,1.607810119e-13,6.571037976e-13,2.933951454e-13,1.419638118e-12,4.338262282e-14,3.597976964e-13,4.875030204e-14
119.1953125,4.78955425e-13,4.582237247e-13,8.152269266e-13,2.586626835e-13,2.615542978e-13,9.739920353e-14,1.227385695e-13,2.770248777e-13,1.069609044e-13,1.549726196e-13,2.349257236e-13,2.774892369e-13,2.177188698e-13,3.841989183e-13,3.258091558e-13,3.493254401e-13,3.67009936e-13,4.00779259e-13,1.600467983e-13,8.870685942e-14,8.840514333e-14,3.670278729e-14,1.077461891e-13,1.264349782e-13,8.127892348e-14,1.579629745e-13,6.551683017e-13,2.919820127e-13,1.407169407e-12,4.326200789e-14,3.587943293e-13,4.828484127e-14
119.203125,4.805576548e-13,4.578876257e-13,8.073804305e-13,2.598254594e-13,2.620242633e-13,9.715363075e-14,1.203523988e-13,2.787494196e-13,1.07304511e-13,1.554174055e-13,2.352231424e-13,2.767124053e-13,2.168355034e-13,3.823281608e-13,3.212141153e-13,3.452450753e-13,3.654139172e-13,3.986392239e-13,1.600342421e-13,8.815527034e-14,8.932839e-14,3.700090888e-14,1.079461258e-13,1.253168932e-13,7.92753909e-14,1.551055116e-13,6.530394883e-13,2.90438917e-13,1.394229457e-12,4.312427396e-14,3.575231975e-13,4.783117536e-14
119.2109375,4.822267811e-13,4.57625653e-13,7.995205183e-13,2.609933873e-13,2.625983301e-13,9.700828101e-14,1.179585679e-13,2.804049672e-13,1.07685259e-13,1.558381492e-13,2.3547488e-13,2.759327816e-13,2.159410976e-13,3.80560322e-13,3.165727074e-13,3.410248216e-13,3.636900534e-13,3.965069875e-13,1.600147527e-13,8.755542468e-14,9.030662571e-14,3.732568739e-14,1.081355521e-13,1.241977138e-13,7.725204437e-14,1.521571013e-13,6.509417176e-13,2.889550656e-13,1.381144561e-12,4.30069611e-14,3.563606111e-13,4.738444669e-14
119.21875,4.839600919e-13,4.572706081e-13,7.916372758e-13,2.622040636e-13,2.630821599e-13,9.684015434e-14,1.15552507e-13,2.820394943e-13,1.080640723e-13,1.562832511e-13,2.357334174e-13,2.750585215e-13,2.149922329e-13,3.787169338e-13,3.117482295e-13,3.365377335e-13,3.617166577e-13,3.941994789e-13,1.598639098e-13,8.688693461e-14,9.130932904e-14,3.764083016e-14,1.083307541e-13,1.231617699e-13,7.520543396e-14,1.491753094e-13,6.487871288e-13,2.874939858e-13,1.368206725e-12,4.292270729e-14,3.551040846e-13,4.695887862e-14
119.2265625,4.855764412e-13,4.566605247e-13,7.834444524e-13,2.629694055e-13,2.632090821e-13,9.650659014e-14,1.131762702e-13,2.836241787e-13,1.083123511e-13,1.567265687e-13,2.35922324e-13,2.738843876e-13,2.137989903e-13,3.764012786e-13,3.0666775e-13,3.317049975e-13,3.593794091e-13,3.914187741e-13,1.594619221e-13,8.62936349e-14,9.230221877e-14,3.786952174e-14,1.085251481e-13,1.221416246e-13,7.312830289e-14,1.462020116e-13,6.46415676e-13,2.859166953e-13,1.355270597e-12,4.285464285e-14,3.533299251e-13,4.652958063e-14
119.234375,4.87041312e-13,4.55865142e-13,7.747646824e-13,2.632586046e-13,2.632243003e-13,9.600008023e-14,1.108300318e-13,2.850841454e-13,1.084682502e-13,1.570864883e-13,2.359876757e-13,2.724225068e-13,2.123789964e-13,3.736294867e-13,3.012815908e-13,3.264925208e-13,3.566905771e-13,3.882816597e-13,1.589768412e-13,8.578809745e-14,9.324658605e-14,3.805510999e-14,1.087353231e-13,1.209930859e-13,7.103772367e-14,1.432088028e-13,6.440568294e-13,2.842736917e-13,1.342074147e-12,4.277791656e-14,3.511229714e-13,4.610315969e-14
119.2421875,4.882094786e-13,4.548959958e-13,7.658611716e-13,2.635846849e-13,2.63251004e-13,9.539498321e-14,1.084474343e-13,2.864225711e-13,1.086482176e-13,1.57328959e-13,2.359783426e-13,2.708061599e-13,2.10889585e-13,3.706040762e-13,2.956199085e-13,3.209395771e-13,3.537067269e-13,3.849464082e-13,1.58522159e-13,8.532558229e-14,9.413911169e-14,3.826466686e-14,1.089540034e-13,1.198052914e-13,6.893994096e-14,1.401770078e-13,6.418248658e-13,2.825971856e-13,1.328680664e-12,4.268358947e-14,3.488763224e-13,4.571387064e-14
119.25,4.890233545e-13,4.538195004e-13,7.570586526e-13,2.639190349e-13,2.630900364e-13,9.479355505e-14,1.060460264e-13,2.876883504e-13,1.088127895e-13,1.575727192e-13,2.359591289e-13,2.690994069e-13,2.093381292e-13,3.674740471e-13,2.89871032e-13,3.151879317e-13,3.505714793e-13,3.814251025e-13,1.579902207e-13,8.479097771e-14,9.508108857e-14,3.846777351e-14,1.091280663e-13,1.187137135e-13,6.68345832e-14,1.370806781e-13,6.395582929e-13,2.809039741e-13,1.315229901e-12,4.259290388e-14,3.466406969e-13,4.533756044e-14
119.2578125,4.898001782e-13,4.528070699e-13,7.481767649e-13,2.638881256e-13,2.628393018e-13,9.423758658e-14,1.037291222e-13,2.888732166e-13,1.08905901e-13,1.578839564e-13,2.358993988e-13,2.67278493e-13,2.07650077e-13,3.642854071e-13,2.840834675e-13,3.092723903e-13,3.473280305e-13,3.777219253e-13,1.57333278e-13,8.409876002e-14,9.608935465e-14,3.864381715e-14,1.092492987e-13,1.176399806e-13,6.473690076e-14,1.339059695e-13,6.372284341e-13,2.792249297e-13,1.301752108e-12,4.252306841e-14,3.441811311e-13,4.49586955e-14
119.265625,4.907192213e-13,4.51696817e-13,7.389232372e-13,2.637547243e-13,2.626080933e-13,9.366501561e-14,1.014680123e-13,2.899743979e-13,1.089725923e-13,1.581344044e-13,2.357381469e-13,2.65291736e-13,2.058586698e-13,3.609070048e-13,2.782145306e-13,3.032592453e-13,3.438507201e-13,3.737847741e-13,1.565992254e-13,8.350243928e-14,9.707311469e-14,3.881032149e-14,1.093566755e-13,1.165195654e-13,6.26369273e-14,1.307276734e-13,6.348145085e-13,2.774634184e-13,1.28829297e-12,4.246041682e-14,3.414313542e-13,4.461299546e-14
119.2734375,4.916357448e-13,4.503227073e-13,7.294483975e-13,2.638339477e-13,2.621475478e-13,9.300821867e-14,9.917395183e-14,2.910231488e-13,1.090027001e-13,1.582663604e-13,2.354806241e-13,2.631190586e-13,2.040180828e-13,3.572625265e-13,2.723458753e-13,2.973710054e-13,3.402217127e-13,3.696494577e-13,1.557956536e-13,8.324332526e-14,9.803224988e-14,3.894368633e-14,1.0947068e-13,1.153799188e-13,6.052758545e-14,1.276029663e-13,6.322050418e-13,2.755916632e-13,1.274722193e-12,4.238660407e-14,3.385226995e-13,4.429850885e-14
119.28125,4.92383521e-13,4.489225846e-13,7.200778858e-13,2.637382472e-13,2.614167208e-13,9.226426518e-14,9.691740109e-14,2.920097086e-13,1.089384031e-13,1.583807631e-13,2.351733305e-13,2.608014774e-13,2.020958308e-13,3.534637688e-13,2.665323673e-13,2.916361452e-13,3.36635748e-13,3.654519023e-13,1.549343193e-13,8.316124858e-14,9.898977735e-14,3.903056177e-14,1.095905874e-13,1.142120008e-13,5.845716124e-14,1.245215907e-13,6.295499594e-13,2.737017775e-13,1.260983546e-12,4.230605427e-14,3.355429248e-13,4.398840731e-14
119.2890625,4.92822497e-13,4.475270223e-13,7.10982175e-13,2.632226329e-13,2.606479468e-13,9.146797334e-14,9.476406612e-14,2.92890944e-13,1.087979684e-13,1.58518097e-13,2.348797431e-13,2.584402846e-13,2.001053844e-13,3.496111423e-13,2.608033875e-13,2.858787836e-13,3.330124491e-13,3.611413175e-13,1.540421056e-13,8.30582479e-14,9.994339877e-14,3.909907563e-14,1.097105897e-13,1.130906721e-13,5.645074311e-14,1.21506636e-13,6.271628743e-13,2.717384048e-13,1.247558263e-12,4.224138367e-14,3.325170191e-13,4.367383043e-14
119.296875,4.930855586e-13,4.459086637e-13,7.021264748e-13,2.626045302e-13,2.599426991e-13,9.069998095e-14,9.26318767e-14,2.936460062e-13,1.086464641e-13,1.586336655e-13,2.345978299e-13,2.560939722e-13,1.981535475e-13,3.458003737e-13,2.551557025e-13,2.799790852e-13,3.292530581e-13,3.566829827e-13,1.531201414e-13,8.290345553e-14,1.009510868e-13,3.917783843e-14,1.098339473e-13,1.121117575e-13,5.446592212e-14,1.185123021e-13,6.250110191e-13,2.696612114e-13,1.234693053e-12,4.219901166e-14,3.295368753e-13,4.334086564e-14
119.3046875,4.935272649e-13,4.441753252e-13,6.932341299e-13,2.619372059e-13,2.593176725e-13,9.004051037e-14,9.048270698e-14,2.942772961e-13,1.085036425e-13,1.586662408e-13,2.342418289e-13,2.536264318e-13,1.962115806e-13,3.420446456e-13,2.493463399e-13,2.73802143e-13,3.254068104e-13,3.521919287e-13,1.521469833e-13,8.269290996e-14,1.020057044e-13,3.928849231e-14,1.099660635e-13,1.111421251e-13,5.246602998e-14,1.153925775e-13,6.227334149e-13,2.676217991e-13,1.22189998e-12,4.215510767e-14,3.26615402e-13,4.300809564e-14
119.3125,4.940615283e-13,4.423113529e-13,6.841351356e-13,2.609934602e-13,2.586408955e-13,8.945320297e-14,8.835893419e-14,2.947576149e-13,1.082783147e-13,1.585562458e-13,2.338533438e-13,2.508589884e-13,1.94098386e-13,3.380957519e-13,2.432093868e-13,2.672965459e-13,3.214120305e-13,3.475329341e-13,1.510394905e-13,8.248433284e-14,1.030314629e-13,3.938683376e-14,1.100857858e-13,1.100331647e-13,5.044599903e-14,1.121768543e-13,6.202136723e-13,2.656266892e-13,1.208961065e-12,4.210330407e-14,3.234955083e-13,4.271122401e-14
119.3203125,4.943920473e-13,4.398949093e-13,6.750596985e-13,2.598633424e-13,2.577375517e-13,8.883997201e-14,8.626037186e-14,2.950479306e-13,1.078919277e-13,1.583618452e-13,2.335003249e-13,2.47886804e-13,1.918190878e-13,3.338643021e-13,2.369935391e-13,2.607042302e-13,3.172882922e-13,3.425636987e-13,1.497417218e-13,8.232069287e-14,1.040468135e-13,3.939464283e-14,1.101831152e-13,1.089029198e-13,4.842901119e-14,1.090375696e-13,6.177819732e-13,2.634597142e-13,1.196137102e-12,4.205515731e-14,3.200432567e-13,4.24253863e-14
119.328125,4.945793741e-13,4.370685676e-13,6.661615452e-13,2.586988865e-13,2.567682348e-13,8.815670775e-14,8.418972602e-14,2.952006871e-13,1.074452976e-13,1.582078423e-13,2.330093021e-13,2.449278654e-13,1.89569399e-13,3.296138486e-13,2.30936847e-13,2.542800022e-13,3.13252603e-13,3.375763041e-13,1.483698039e-13,8.215474558e-14,1.050645745e-13,3.935202104e-14,1.102792096e-13,1.078777375e-13,4.647015826e-14,1.059768422e-13,6.156567485e-13,2.61056491e-13,1.183360062e-12,4.197996964e-14,3.16544699e-13,4.212258489e-14
119.3359375,4.945996746e-13,4.345149847e-13,6.573195153e-13,2.57436468e-13,2.558310836e-13,8.74054652e-14,8.218471231e-14,2.952612691e-13,1.070053099e-13,1.580609265e-13,2.323500564e-13,2.41964329e-13,1.873760687e-13,3.254039653e-13,2.249933742e-13,2.480174445e-13,3.093003526e-13,3.327668067e-13,1.470507271e-13,8.200482814e-14,1.060458729e-13,3.933476811e-14,1.103611287e-13,1.068467499e-13,4.459448172e-14,1.029157505e-13,6.13617595e-13,2.585862036e-13,1.170486791e-12,4.1861706e-14,3.131818952e-13,4.181268702e-14
119.34375,4.943368627e-13,4.322779794e-13,6.486541772e-13,2.560487107e-13,2.547249006e-13,8.66531014e-14,8.025893805e-14,2.951260292e-13,1.064670247e-13,1.577975318e-13,2.318488596e-13,2.388897123e-13,1.851487379e-13,3.211185569e-13,2.191024015e-13,2.41807572e-13,3.053237283e-13,3.279671677e-13,1.457718143e-13,8.195300365e-14,1.070206292e-13,3.932343347e-14,1.104103173e-13,1.057142218e-13,4.277958262e-14,9.99250408e-14,6.115469482e-13,2.561871485e-13,1.157821179e-12,4.177002282e-14,3.09852976e-13,4.149043212e-14
119.3515625,4.940393159e-13,4.298898521e-13,6.403891318e-13,2.545291254e-13,2.534885533e-13,8.596610996e-14,7.839491857e-14,2.947648162e-13,1.058343063e-13,1.574116058e-13,2.315685289e-13,2.357510741e-13,1.829213671e-13,3.168253702e-13,2.132366511e-13,2.356159443e-13,3.014651597e-13,3.231284336e-13,1.444960073e-13,8.20368977e-14,1.079941771e-13,3.930817169e-14,1.104785721e-13,1.046015498e-13,4.101972761e-14,9.709810493e-14,6.097135139e-13,2.538396365e-13,1.145623735e-12,4.1742294e-14,3.065980025e-13,4.116328016e-14
119.359375,4.937909744e-13,4.271806791e-13,6.323121306e-13,2.528234754e-13,2.522202253e-13,8.527535315e-14,7.65533939e-14,2.943412637e-13,1.052085693e-13,1.569952432e-13,2.312299964e-13,2.325649035e-13,1.806846691e-13,3.124550457e-13,2.073367401e-13,2.294703889e-13,2.977523769e-13,3.182912377e-13,1.431573365e-13,8.221412724e-14,1.089193194e-13,3.929069985e-14,1.1061309e-13,1.035829344e-13,3.93141414e-14,9.438983844e-14,6.08176713e-13,2.514587337e-13,1.13364678e-12,4.171869285e-14,3.034217943e-13,4.085263682e-14
119.3671875,4.933486512e-13,4.241408447e-13,6.241957061e-13,2.509513297e-13,2.507943894e-13,8.45420063e-14,7.472764173e-14,2.939316718e-13,1.04572819e-13,1.566537158e-13,2.307685227e-13,2.292742407e-13,1.783586628e-13,3.079014249e-13,2.014545033e-13,2.233920621e-13,2.939880888e-13,3.134196702e-13,1.416822142e-13,8.238332549e-14,1.098423769e-13,3.92330556e-14,1.10770858e-13,1.025426543e-13,3.76441311e-14,9.169545577e-14,6.066218614e-13,2.489988025e-13,1.121571507e-12,4.167299888e-14,3.001781252e-13,4.054430338e-14
119.375,4.927515442e-13,4.208465165e-13,6.16278436e-13,2.488741525e-13,2.493470852e-13,8.387686918e-14,7.298273156e-14,2.934634321e-13,1.039357453e-13,1.564136463e-13,2.30248509e-13,2.259668951e-13,1.76045985e-13,3.034675839e-13,1.95730855e-13,2.174264604e-13,2.902006841e-13,3.086205149e-13,1.401808929e-13,8.258432263e-14,1.108292088e-13,3.91767221e-14,1.108667613e-13,1.014717977e-13,3.602388537e-14,8.897911558e-14,6.050455152e-13,2.464853144e-13,1.109697927e-12,4.16333791e-14,2.970320257e-13,4.024048182e-14
119.3828125,4.920756837e-13,4.176085023e-13,6.087614048e-13,2.465650062e-13,2.480415075e-13,8.330105296e-14,7.133667563e-14,2.928648319e-13,1.033185119e-13,1.561452983e-13,2.296622886e-13,2.227176237e-13,1.738414049e-13,2.993175216e-13,1.902391206e-13,2.117323608e-13,2.865224917e-13,3.039653976e-13,1.387573269e-13,8.296333054e-14,1.118723613e-13,3.917216136e-14,1.108593922e-13,1.004814716e-13,3.447932641e-14,8.630260609e-14,6.037602114e-13,2.439664253e-13,1.098479426e-12,4.159328563e-14,2.9414523e-13,3.995561576e-14
119.390625,4.912445766e-13,4.144996394e-13,6.014844217e-13,2.443158196e-13,2.466661018e-13,8.274784855e-14,6.973188153e-14,2.92048016e-13,1.02592454e-13,1.557439353e-13,2.291162776e-13,2.193934692e-13,1.716309645e-13,2.95200501e-13,1.849955829e-13,2.064277978e-13,2.828961366e-13,2.993434751e-13,1.372681078e-13,8.342733758e-14,1.129617263e-13,3.914800857e-14,1.107934941e-13,9.950298255e-14,3.299779877e-14,8.372715417e-14,6.026246557e-13,2.414064105e-13,1.087471351e-12,4.154884777e-14,2.912773292e-13,3.965407816e-14
119.3984375,4.904449016e-13,4.112490525e-13,5.943818142e-13,2.422804441e-13,2.452042898e-13,8.223831849e-14,6.818375027e-14,2.91009255e-13,1.017338919e-13,1.552886572e-13,2.286661642e-13,2.159377327e-13,1.693957037e-13,2.911113759e-13,1.79952144e-13,2.013640985e-13,2.793089405e-13,2.947790812e-13,1.356464537e-13,8.380811867e-14,1.140702781e-13,3.908259747e-14,1.107383043e-13,9.84681896e-14,3.157619329e-14,8.122228701e-14,6.01238008e-13,2.38717806e-13,1.07613013e-12,4.151643684e-14,2.884035895e-13,3.932626143e-14
119.40625,4.896749669e-13,4.077145884e-13,5.876789937e-13,2.400167465e-13,2.437778438e-13,8.173655589e-14,6.674346851e-14,2.899021599e-13,1.008828852e-13,1.548518139e-13,2.282042302e-13,2.124839749e-13,1.671965167e-13,2.871343105e-13,1.749821461e-13,1.96326459e-13,2.758084951e-13,2.903105398e-13,1.340246285e-13,8.4194905e-14,1.151634113e-13,3.903343571e-14,1.106887726e-13,9.752290072e-14,3.022716948e-14,7.874816462e-14,5.997565043e-13,2.359266497e-13,1.065028201e-12,4.14781845e-14,2.857136576e-13,3.901054308e-14
119.4140625,4.885401995e-13,4.039647143e-13,5.814863633e-13,2.372621023e-13,2.422072396e-13,8.117058923e-14,6.536491161e-14,2.887698513e-13,1.000383949e-13,1.54419649e-13,2.277522162e-13,2.090933253e-13,1.649309331e-13,2.830565806e-13,1.700733803e-13,1.913441658e-13,2.723224549e-13,2.858036431e-13,1.324146168e-13,8.467399457e-14,1.162627453e-13,3.898292903e-14,1.106014668e-13,9.668393036e-14,2.892907891e-14,7.633489175e-14,5.985850773e-13,2.33151407e-13,1.054633938e-12,4.143228531e-14,2.830696189e-13,3.870078187e-14
119.421875,4.871325789e-13,4.001837991e-13,5.75584518e-13,2.344553446e-13,2.405763908e-13,8.066285691e-14,6.400514716e-14,2.875074578e-13,9.91679694e-14,1.540422477e-13,2.273603072e-13,2.057533677e-13,1.626303942e-13,2.78955171e-13,1.6537261e-13,1.865316426e-13,2.688704469e-13,2.813151304e-13,1.307866577e-13,8.518797986e-14,1.173811719e-13,3.89378272e-14,1.1046565e-13,9.579342334e-14,2.76682551e-14,7.400613461e-14,5.977219568e-13,2.304574084e-13,1.04444411e-12,4.141254416e-14,2.804664622e-13,3.83847646e-14
119.4296875,4.858080977e-13,3.963830597e-13,5.698168113e-13,2.319065775e-13,2.391858695e-13,8.03252731e-14,6.271512148e-14,2.861287133e-13,9.833774855e-14,1.537386477e-13,2.269499393e-13,2.024799631e-13,1.604928709e-13,2.751080489e-13,1.609194752e-13,1.818613743e-13,2.655938081e-13,2.770079608e-13,1.292137343e-13,8.576621344e-14,1.185328041e-13,3.894242439e-14,1.102880669e-13,9.488024549e-14,2.646713486e-14,7.1759905e-14,5.970397525e-13,2.278237873e-13,1.034321081e-12,4.141323178e-14,2.781302103e-13,3.808433153e-14
119.4375,4.843924578e-13,3.922332322e-13,5.643882458e-13,2.293895824e-13,2.378055165e-13,8.004769846e-14,6.152622218e-14,2.846973301e-13,9.747742024e-14,1.533987846e-13,2.265712586e-13,1.992326313e-13,1.58426482e-13,2.713120528e-13,1.566417775e-13,1.773725427e-13,2.625009116e-13,2.728066112e-13,1.276429736e-13,8.642496307e-14,1.197739631e-13,3.89258086e-14,1.100986234e-13,9.404531149e-14,2.533225654e-14,6.962374388e-14,5.965201715e-13,2.251529185e-13,1.024584642e-12,4.141598532e-14,2.75925717e-13,3.777582184e-14
119.4453125,4.828095954e-13,3.878533271e-13,5.594332227e-13,2.267479077e-13,2.361942584e-13,7.973817419e-14,6.040973225e-14,2.831689858e-13,9.6484728e-14,1.530065328e-13,2.262987651e-13,1.959843062e-13,1.562585018e-13,2.674129104e-13,1.525869165e-13,1.732843355e-13,2.595918885e-13,2.68714823e-13,1.25980919e-13,8.710019278e-14,1.210423265e-13,3.884630066e-14,1.09934422e-13,9.324416434e-14,2.42627219e-14,6.760187236e-14,5.960756814e-13,2.223968259e-13,1.015018719e-12,4.142570801e-14,2.737723446e-13,3.741938954e-14
119.453125,4.813781044e-13,3.837737601e-13,5.546952664e-13,2.240079431e-13,2.345870339e-13,7.943528896e-14,5.935577523e-14,2.815568045e-13,9.545340676e-14,1.526703549e-13,2.260123263e-13,1.927710074e-13,1.541041073e-13,2.637012562e-13,1.488124147e-13,1.696416154e-13,2.569413522e-13,2.648511194e-13,1.243096179e-13,8.786467015e-14,1.221930994e-13,3.878314356e-14,1.097762831e-13,9.245591105e-14,2.326781754e-14,6.564882367e-14,5.957408021e-13,2.196747802e-13,1.005484128e-12,4.142813433e-14,2.718906786e-13,3.704502305e-14
119.4609375,4.799513152e-13,3.797669119e-13,5.500098008e-13,2.211096991e-13,2.329989799e-13,7.914401106e-14,5.836643172e-14,2.799695957e-13,9.444210855e-14,1.523900005e-13,2.256981324e-13,1.895372356e-13,1.520187706e-13,2.601748364e-13,1.452373842e-13,1.662288965e-13,2.544112766e-13,2.610337181e-13,1.226686569e-13,8.87653205e-14,1.232797898e-13,3.873439928e-14,1.095904698e-13,9.170001834e-14,2.23308909e-14,6.374509763e-14,5.956929385e-13,2.170138136e-13,9.963154044e-13,4.142167223e-14,2.7012973e-13,3.668980463e-14
119.46875,4.781582047e-13,3.755127934e-13,5.455753805e-13,2.181218111e-13,2.312617513e-13,7.883318577e-14,5.741617029e-14,2.783701649e-13,9.337866507e-14,1.521007854e-13,2.254879535e-13,1.862553022e-13,1.499330197e-13,2.566114739e-13,1.418417182e-13,1.630026135e-13,2.518187223e-13,2.571450614e-13,1.21018394e-13,8.96725465e-14,1.244582074e-13,3.865799595e-14,1.093610242e-13,9.094734211e-14,2.144211293e-14,6.190495067e-14,5.958879854e-13,2.142526065e-13,9.875689094e-13,4.142902117e-14,2.682984428e-13,3.633719905e-14
119.4765625,4.761915818e-13,3.714727513e-13,5.415831389e-13,2.152341206e-13,2.295881333e-13,7.855383069e-14,5.64937076e-14,2.765825976e-13,9.226945422e-14,1.518310571e-13,2.253509569e-13,1.83080167e-13,1.479594648e-13,2.532055838e-13,1.38722318e-13,1.601609074e-13,2.49382031e-13,2.534811517e-13,1.194203571e-13,9.061771341e-14,1.25708302e-13,3.860901196e-14,1.090506715e-13,9.021833872e-14,2.063301498e-14,6.015406777e-14,5.961897153e-13,2.114086603e-13,9.791055194e-13,4.14312929e-14,2.667020347e-13,3.597172953e-14
119.484375,4.742436306e-13,3.675358139e-13,5.380665733e-13,2.123985287e-13,2.28095619e-13,7.840022713e-14,5.563511575e-14,2.746028998e-13,9.115647702e-14,1.516166831e-13,2.252055447e-13,1.800747998e-13,1.461280766e-13,2.501087439e-13,1.359167147e-13,1.577593548e-13,2.473796962e-13,2.501495053e-13,1.178546331e-13,9.172789825e-14,1.269393258e-13,3.859659357e-14,1.086939747e-13,8.954831265e-14,1.9911577e-14,5.853280319e-14,5.966304768e-13,2.085966573e-13,9.709197328e-13,4.140924787e-14,2.654625471e-13,3.559543759e-14
119.4921875,4.721200993e-13,3.631110202e-13,5.349668989e-13,2.094786238e-13,2.265231777e-13,7.834106555e-14,5.48770682e-14,2.726163407e-13,9.001990639e-14,1.514338214e-13,2.250908562e-13,1.771194585e-13,1.442567386e-13,2.470966226e-13,1.334243605e-13,1.557167512e-13,2.456600238e-13,2.469314709e-13,1.161999571e-13,9.284676705e-14,1.281504379e-13,3.855896723e-14,1.084024091e-13,8.891983255e-14,1.925320664e-14,5.704675962e-14,5.972818574e-13,2.057198948e-13,9.629583426e-13,4.139163151e-14,2.643774742e-13,3.519331637e-14
119.5,4.6993306e-13,3.586696878e-13,5.321631077e-13,2.065113657e-13,2.248573482e-13,7.827931942e-14,5.420862117e-14,2.706397936e-13,8.887548234e-14,1.512499077e-13,2.25084907e-13,1.741993725e-13,1.423788281e-13,2.441808863e-13,1.31264244e-13,1.540595612e-13,2.440741217e-13,2.438694081e-13,1.145314537e-13,9.384249709e-14,1.293713961e-13,3.850868864e-14,1.081297889e-13,8.834082044e-14,1.866100695e-14,5.565207913e-14,5.982191566e-13,2.028277374e-13,9.552903286e-13,4.139115915e-14,2.634904697e-13,3.476920052e-14
119.5078125,4.67896554e-13,3.54587109e-13,5.297302825e-13,2.035489606e-13,2.233378482e-13,7.830401074e-14,5.359696061e-14,2.684981734e-13,8.774837326e-14,1.510273365e-13,2.252878697e-13,1.713930708e-13,1.4066483e-13,2.416154796e-13,1.294039999e-13,1.527956097e-13,2.428034259e-13,2.41114655e-13,1.129720002e-13,9.48751771e-14,1.306422334e-13,3.847979638e-14,1.077196454e-13,8.778432447e-14,1.81449608e-14,5.429686788e-14,5.994731657e-13,2.001726013e-13,9.479855866e-13,4.139229599e-14,2.628892263e-13,3.436351417e-14
119.515625,4.656508428e-13,3.501729958e-13,5.278457588e-13,2.006465648e-13,2.219250985e-13,7.853586611e-14,5.304125331e-14,2.662055065e-13,8.659212076e-14,1.507668154e-13,2.256964359e-13,1.686751806e-13,1.390398942e-13,2.393164998e-13,1.278140521e-13,1.518534517e-13,2.418500537e-13,2.384973927e-13,1.11434237e-13,9.600017814e-14,1.319702789e-13,3.845786667e-14,1.072123387e-13,8.718119199e-14,1.76905105e-14,5.294541113e-14,6.00914886e-13,1.975974993e-13,9.407867302e-13,4.138339148e-14,2.625099783e-13,3.397126579e-14
119.5234375,4.630013321e-13,3.453812808e-13,5.263086576e-13,1.97889358e-13,2.204476317e-13,7.882494997e-14,5.256046628e-14,2.639502014e-13,8.538859618e-14,1.505565669e-13,2.261250749e-13,1.659924166e-13,1.373825002e-13,2.370277529e-13,1.265259651e-13,1.51312409e-13,2.410173444e-13,2.359055534e-13,1.098485316e-13,9.712416727e-14,1.332620343e-13,3.844280914e-14,1.067514858e-13,8.658612821e-14,1.729241975e-14,5.16290173e-14,6.024774341e-13,1.947707375e-13,9.336475476e-13,4.135409022e-14,2.623694621e-13,3.354805389e-14
119.53125,4.603858068e-13,3.408732652e-13,5.248839718e-13,1.951255378e-13,2.189284253e-13,7.902534289e-14,5.214703729e-14,2.617418803e-13,8.419437907e-14,1.504738787e-13,2.265122237e-13,1.633756253e-13,1.357527819e-13,2.347792294e-13,1.25541331e-13,1.512804506e-13,2.404087307e-13,2.335276853e-13,1.082879251e-13,9.82678501e-14,1.344847782e-13,3.844475127e-14,1.063049394e-13,8.608321245e-14,1.695808383e-14,5.041308673e-14,6.042184379e-13,1.918693692e-13,9.268567196e-13,4.131480404e-14,2.624663029e-13,3.31076855e-14
119.5390625,4.578678814e-13,3.365292434e-13,5.238143722e-13,1.921356399e-13,2.174495971e-13,7.924470834e-14,5.178706157e-14,2.594728746e-13,8.303047775e-14,1.5049758e-13,2.269802625e-13,1.608886345e-13,1.342052872e-13,2.327320787e-13,1.248378641e-13,1.516428007e-13,2.401361211e-13,2.31419224e-13,1.067692874e-13,9.943703621e-14,1.357433687e-13,3.84566213e-14,1.057782585e-13,8.563649549e-14,1.66841378e-14,4.928606362e-14,6.061356825e-13,1.891561202e-13,9.203696095e-13,4.127772979e-14,2.627980054e-13,3.267901256e-14
119.546875,4.55072888e-13,3.319226226e-13,5.232246676e-13,1.891301224e-13,2.160274492e-13,7.954393684e-14,5.149078111e-14,2.571543379e-13,8.186339069e-14,1.505530171e-13,2.275231685e-13,1.585384334e-13,1.327028586e-13,2.308614678e-13,1.244232675e-13,1.522923797e-13,2.400128268e-13,2.29433174e-13,1.052498345e-13,1.006077965e-13,1.370537135e-13,3.8479347e-14,1.052021189e-13,8.522592588e-14,1.646984315e-14,4.822288258e-14,6.082855163e-13,1.864513607e-13,9.140221817e-13,4.121991053e-14,2.634612416e-13,3.224249876e-14
119.5546875,4.520922556e-13,3.271449985e-13,5.228583056e-13,1.864298761e-13,2.146205386e-13,7.988008215e-14,5.125951194e-14,2.548120355e-13,8.068896774e-14,1.505967406e-13,2.28082039e-13,1.562682543e-13,1.312313582e-13,2.290610472e-13,1.2427665e-13,1.532938223e-13,2.400132243e-13,2.27538722e-13,1.037390228e-13,1.018137796e-13,1.383231221e-13,3.851471851e-14,1.04623254e-13,8.487058795e-14,1.631849734e-14,4.724684451e-14,6.107109942e-13,1.836100782e-13,9.079479905e-13,4.113933505e-14,2.643886756e-13,3.180451731e-14
119.5625,4.491899725e-13,3.225189908e-13,5.227999985e-13,1.838954454e-13,2.131969062e-13,8.033338973e-14,5.108912925e-14,2.524280193e-13,7.953679763e-14,1.506855057e-13,2.28783119e-13,1.540955012e-13,1.298380373e-13,2.274333948e-13,1.244093787e-13,1.547043726e-13,2.403001286e-13,2.257985256e-13,1.022689761e-13,1.029964304e-13,1.395591976e-13,3.856943546e-14,1.040089164e-13,8.452923653e-14,1.622039964e-14,4.633230002e-14,6.132876061e-13,1.808196773e-13,9.021951713e-13,4.106970516e-14,2.655094828e-13,3.139183843e-14
119.5703125,4.463535403e-13,3.182717233e-13,5.233016478e-13,1.812841173e-13,2.119101425e-13,8.095150485e-14,5.100424206e-14,2.500927986e-13,7.842319683e-14,1.509168984e-13,2.297355394e-13,1.521219288e-13,1.28571517e-13,2.262227401e-13,1.249459791e-13,1.565895794e-13,2.408821016e-13,2.242837227e-13,1.008711335e-13,1.041471877e-13,1.408311013e-13,3.866840148e-14,1.033380322e-13,8.420381936e-14,1.617359412e-14,4.544851188e-14,6.160859513e-13,1.781810051e-13,8.967063946e-13,4.101001612e-14,2.670305914e-13,3.098025609e-14
119.578125,4.435681101e-13,3.141755198e-13,5.241106722e-13,1.786527292e-13,2.108607898e-13,8.15985628e-14,5.100479131e-14,2.478930996e-13,7.73274982e-14,1.512700952e-13,2.308124828e-13,1.502955615e-13,1.273920062e-13,2.253878508e-13,1.259166372e-13,1.590167422e-13,2.417743501e-13,2.230526988e-13,9.9544917e-14,1.053886762e-13,1.421399107e-13,3.879917698e-14,1.026377373e-13,8.395839011e-14,1.619408338e-14,4.462771857e-14,6.192094779e-13,1.755615156e-13,8.915292094e-13,4.093439763e-14,2.689519955e-13,3.05512785e-14
119.5859375,4.406810754e-13,3.098121865e-13,5.250518166e-13,1.760260884e-13,2.097684884e-13,8.219673757e-14,5.105400946e-14,2.456950761e-13,7.618949969e-14,1.516489484e-13,2.318442651e-13,1.484484422e-13,1.262004163e-13,2.245905513e-13,1.271792878e-13,1.618852328e-13,2.429956212e-13,2.219854393e-13,9.821589805e-14,1.066700405e-13,1.43456548e-13,3.891201889e-14,1.019146588e-13,8.3771013e-14,1.627913929e-14,4.387080048e-14,6.22326212e-13,1.728919176e-13,8.86540434e-13,4.084388254e-14,2.709597242e-13,3.01219099e-14
119.59375,4.376320804e-13,3.053269888e-13,5.264438553e-13,1.733568407e-13,2.085194375e-13,8.286284919e-14,5.116543993e-14,2.433406035e-13,7.499311535e-14,1.520438976e-13,2.328560159e-13,1.466172711e-13,1.250110023e-13,2.237789879e-13,1.287080486e-13,1.651318576e-13,2.444531062e-13,2.209891001e-13,9.686124906e-14,1.079307719e-13,1.447638323e-13,3.901672969e-14,1.011555019e-13,8.358544747e-14,1.64144133e-14,4.31802581e-14,6.253772814e-13,1.702572107e-13,8.81603072e-13,4.075344259e-14,2.730716953e-13,2.969794994e-14
119.6015625,4.34873319e-13,3.009446923e-13,5.283288612e-13,1.708332135e-13,2.074552856e-13,8.371552773e-14,5.136343129e-14,2.408936113e-13,7.381865615e-14,1.524731508e-13,2.339868917e-13,1.449656073e-13,1.239437363e-13,2.23252239e-13,1.306203247e-13,1.689024127e-13,2.462468808e-13,2.202775851e-13,9.556660653e-14,1.092634561e-13,1.460766847e-13,3.91594395e-14,1.003723455e-13,8.341745846e-14,1.66124155e-14,4.259419516e-14,6.28813621e-13,1.676962589e-13,8.768601866e-13,4.066016251e-14,2.755469913e-13,2.928894788e-14
119.609375,4.32358796e-13,2.965007207e-13,5.304406175e-13,1.68546221e-13,2.065743367e-13,8.470882169e-14,5.161106662e-14,2.384673132e-13,7.269407959e-14,1.52910595e-13,2.352925264e-13,1.434891327e-13,1.229999194e-13,2.230382209e-13,1.329128476e-13,1.732520413e-13,2.485093736e-13,2.199031207e-13,9.432556205e-14,1.105576944e-13,1.474327925e-13,3.931500301e-14,9.956866751e-14,8.327933266e-14,1.687707305e-14,4.206740965e-14,6.324798745e-13,1.651241173e-13,8.723114692e-13,4.054673001e-14,2.783460337e-13,2.888735994e-14
119.6171875,4.293543677e-13,2.920431856e-13,5.328677677e-13,1.66253843e-13,2.0554632e-13,8.575026269e-14,5.19069942e-14,2.360692709e-13,7.154788819e-14,1.533945103e-13,2.367222686e-13,1.421177675e-13,1.220654651e-13,2.2292161e-13,1.35517978e-13,1.780860588e-13,2.510455162e-13,2.195583427e-13,9.303054114e-14,1.117228039e-13,1.488123027e-13,3.944826672e-14,9.87195828e-14,8.316598223e-14,1.718365274e-14,4.15554359e-14,6.359297295e-13,1.624832062e-13,8.678496968e-13,4.041770777e-14,2.813600018e-13,2.844866914e-14
119.625,4.260332751e-13,2.876486391e-13,5.357063806e-13,1.639499513e-13,2.045316076e-13,8.685894167e-14,5.228758514e-14,2.337317097e-13,7.03954058e-14,1.53984108e-13,2.38176652e-13,1.408715908e-13,1.211402409e-13,2.229763479e-13,1.384447116e-13,1.833547901e-13,2.537550545e-13,2.192034729e-13,9.171232634e-14,1.129999633e-13,1.501648554e-13,3.960408476e-14,9.782949147e-14,8.31297914e-14,1.753714243e-14,4.110832077e-14,6.395045044e-13,1.598072346e-13,8.637061151e-13,4.028618259e-14,2.846560861e-13,2.799092483e-14
119.6328125,4.231328815e-13,2.83150436e-13,5.386993379e-13,1.619289646e-13,2.037647807e-13,8.803024947e-14,5.27176053e-14,2.314927804e-13,6.930419916e-14,1.546155891e-13,2.395808078e-13,1.397234929e-13,1.203067094e-13,2.233299651e-13,1.416472129e-13,1.890001083e-13,2.567823306e-13,2.190647535e-13,9.047809199e-14,1.144304904e-13,1.514739597e-13,3.979725094e-14,9.692130654e-14,8.319733881e-14,1.795488676e-14,4.07145394e-14,6.433942648e-13,1.571443511e-13,8.598769135e-13,4.012383653e-14,2.881405054e-13,2.757628164e-14
119.640625,4.204550365e-13,2.787747606e-13,5.418112437e-13,1.601381218e-13,2.030219053e-13,8.91658653e-14,5.318597598e-14,2.292694914e-13,6.823268543e-14,1.552328451e-13,2.410203506e-13,1.386206532e-13,1.195533204e-13,2.23846739e-13,1.450662171e-13,1.950326064e-13,2.601206743e-13,2.191635185e-13,8.931074655e-14,1.157908559e-13,1.527081539e-13,3.997223428e-14,9.59875811e-14,8.329469259e-14,1.841566108e-14,4.033150556e-14,6.470922041e-13,1.545627768e-13,8.559053467e-13,3.991964268e-14,2.916668701e-13,2.71850632e-14
119.6484375,4.176335068e-13,2.747434871e-13,5.453203495e-13,1.582752107e-13,2.022543294e-13,9.029405897e-14,5.375455963e-14,2.269972907e-13,6.716822394e-14,1.559062061e-13,2.426540811e-13,1.376644926e-13,1.188706879e-13,2.245351945e-13,1.488142232e-13,2.01652024e-13,2.638063768e-13,2.19528589e-13,8.81832519e-14,1.170767776e-13,1.538879434e-13,4.014866632e-14,9.503420485e-14,8.338797995e-14,1.891984526e-14,4.001468693e-14,6.507209333e-13,1.521207156e-13,8.519007762e-13,3.972646252e-14,2.954811483e-13,2.678610464e-14
119.65625,4.1486788e-13,2.707067771e-13,5.492976603e-13,1.563644742e-13,2.016556522e-13,9.15273873e-14,5.43953421e-14,2.247438456e-13,6.618349899e-14,1.566564954e-13,2.444497502e-13,1.36951011e-13,1.18316519e-13,2.255477881e-13,1.530048833e-13,2.089396849e-13,2.679890735e-13,2.202395535e-13,8.712375938e-14,1.184002182e-13,1.551494812e-13,4.03862466e-14,9.408710207e-14,8.353757624e-14,1.950014162e-14,3.978642383e-14,6.548315022e-13,1.497628182e-13,8.483774774e-13,3.955921853e-14,2.998155255e-13,2.64192734e-14
119.6640625,4.121374247e-13,2.666466731e-13,5.536382154e-13,1.546404025e-13,2.011136109e-13,9.284806561e-14,5.50559712e-14,2.2256523e-13,6.523947466e-14,1.574175522e-13,2.462841724e-13,1.363770558e-13,1.178481426e-13,2.267425552e-13,1.5759569e-13,2.167604279e-13,2.725092659e-13,2.210966829e-13,8.607905947e-14,1.198382557e-13,1.565154019e-13,4.064093545e-14,9.313431667e-14,8.375802193e-14,2.014242595e-14,3.960818739e-14,6.59153807e-13,1.474064867e-13,8.452059898e-13,3.937890728e-14,3.044002707e-13,2.609106827e-14
119.671875,4.093641804e-13,2.628764809e-13,5.583104649e-13,1.531678883e-13,2.004814937e-13,9.424355296e-14,5.580883503e-14,2.204654619e-13,6.42546181e-14,1.582120757e-13,2.481905609e-13,1.358544567e-13,1.173808404e-13,2.279612449e-13,1.625621178e-13,2.250954572e-13,2.772352686e-13,2.219543074e-13,8.500562531e-14,1.213896081e-13,1.578304312e-13,4.086055902e-14,9.217601902e-14,8.403119734e-14,2.08232688e-14,3.950527381e-14,6.633775441e-13,1.450436561e-13,8.421753097e-13,3.918796449e-14,3.090125899e-13,2.575653498e-14
119.6796875,4.068052444e-13,2.590755009e-13,5.6328299e-13,1.518287346e-13,1.99847229e-13,9.576303264e-14,5.667170839e-14,2.184688453e-13,6.3273898e-14,1.590867961e-13,2.502356943e-13,1.354452826e-13,1.16957801e-13,2.293287972e-13,1.678591186e-13,2.339540293e-13,2.824046042e-13,2.229700894e-13,8.397878167e-14,1.228099661e-13,1.590659147e-13,4.107751088e-14,9.126112398e-14,8.438459573e-14,2.156228362e-14,3.949706055e-14,6.678641678e-13,1.426649232e-13,8.395530648e-13,3.90049758e-14,3.138029663e-13,2.541286133e-14
119.6875,4.044048418e-13,2.549416397e-13,5.684830448e-13,1.504753219e-13,1.992651099e-13,9.734318855e-14,5.754521875e-14,2.165491788e-13,6.234037686e-14,1.599807447e-13,2.523890465e-13,1.35161922e-13,1.166127566e-13,2.308912288e-13,1.733005325e-13,2.431232199e-13,2.879996094e-13,2.241684992e-13,8.302111006e-14,1.240347688e-13,1.603397161e-13,4.130997404e-14,9.038886486e-14,8.478308271e-14,2.235334559e-14,3.954312806e-14,6.72655883e-13,1.402833639e-13,8.372349453e-13,3.881899641e-14,3.187610314e-13,2.508541167e-14
119.6953125,4.018875597e-13,2.509377378e-13,5.73891773e-13,1.49117111e-13,1.987431424e-13,9.894834552e-14,5.844591961e-14,2.146186866e-13,6.14329573e-14,1.60877598e-13,2.546424499e-13,1.349511825e-13,1.162986177e-13,2.325847105e-13,1.789387853e-13,2.525823969e-13,2.937670676e-13,2.254052561e-13,8.207582731e-14,1.254009734e-13,1.616423309e-13,4.155694686e-14,8.950380071e-14,8.515162736e-14,2.316642364e-14,3.962713429e-14,6.774357801e-13,1.3799542e-13,8.348917372e-13,3.86291711e-14,3.237585735e-13,2.479150866e-14
119.703125,3.993225899e-13,2.474195503e-13,5.796328641e-13,1.479155728e-13,1.982941142e-13,1.006914486e-13,5.946721455e-14,2.126766073e-13,6.056694154e-14,1.618680204e-13,2.57044035e-13,1.348623143e-13,1.160302306e-13,2.344996725e-13,1.85165296e-13,2.627186905e-13,2.999139839e-13,2.266833096e-13,8.11671422e-14,1.269929162e-13,1.629028369e-13,4.1852251e-14,8.858757112e-14,8.554461686e-14,2.401700704e-14,3.976206907e-14,6.822991035e-13,1.358518201e-13,8.328070141e-13,3.844601318e-14,3.290132882e-13,2.454677263e-14
119.7109375,3.968482535e-13,2.441540148e-13,5.858668271e-13,1.468958015e-13,1.979149346e-13,1.025778904e-13,6.057730401e-14,2.108168391e-13,5.975367101e-14,1.629631421e-13,2.596222573e-13,1.349665325e-13,1.15825694e-13,2.366667164e-13,1.920042695e-13,2.735916183e-13,3.066558321e-13,2.280886006e-13,8.035112784e-14,1.286378324e-13,1.641739678e-13,4.219778012e-14,8.764215268e-14,8.604696274e-14,2.492906958e-14,3.996770408e-14,6.872905511e-13,1.337966586e-13,8.312354573e-13,3.8273651e-14,3.347347924e-13,2.433661582e-14
119.71875,3.945123123e-13,2.408263715e-13,5.924505101e-13,1.458982148e-13,1.976335952e-13,1.044613698e-13,6.171273284e-14,2.090799861e-13,5.896030619e-14,1.640997864e-13,2.623130697e-13,1.351892823e-13,1.156180072e-13,2.38900605e-13,1.989737046e-13,2.847069484e-13,3.13657533e-13,2.296702452e-13,7.960131549e-14,1.303592661e-13,1.654635253e-13,4.254198642e-14,8.668091091e-14,8.663722484e-14,2.589543192e-14,4.025993681e-14,6.92101807e-13,1.317390509e-13,8.298868757e-13,3.81074845e-14,3.406833534e-13,2.413202978e-14
119.7265625,3.923398415e-13,2.372921834e-13,5.990067408e-13,1.44844648e-13,1.973060262e-13,1.06266069e-13,6.288407875e-14,2.074061433e-13,5.815745822e-14,1.652732793e-13,2.649540611e-13,1.353778888e-13,1.153645316e-13,2.410475042e-13,2.059051356e-13,2.959211271e-13,3.207362957e-13,2.314024959e-13,7.884462004e-14,1.320623088e-13,1.666519649e-13,4.284222821e-14,8.576004315e-14,8.727191732e-14,2.69090539e-14,4.061190552e-14,6.967458979e-13,1.295962241e-13,8.285475123e-13,3.792012371e-14,3.464889955e-13,2.394053688e-14
119.734375,3.901629302e-13,2.336699252e-13,6.055035708e-13,1.438187389e-13,1.967398858e-13,1.08042617e-13,6.409288834e-14,2.057258063e-13,5.732458852e-14,1.664689121e-13,2.675324807e-13,1.355060105e-13,1.150762177e-13,2.431322693e-13,2.131416667e-13,3.076813631e-13,3.281417489e-13,2.331709625e-13,7.803808177e-14,1.335812085e-13,1.677519395e-13,4.309889353e-14,8.488244344e-14,8.79059683e-14,2.795991947e-14,4.099607964e-14,7.015088438e-13,1.274030236e-13,8.271708136e-13,3.769957153e-14,3.521207894e-13,2.377977794e-14
119.7421875,3.879122995e-13,2.302913653e-13,6.123535335e-13,1.429377954e-13,1.961973673e-13,1.099577831e-13,6.534568871e-14,2.04048989e-13,5.649459162e-14,1.676558908e-13,2.703054606e-13,1.357366825e-13,1.148080562e-13,2.45362935e-13,2.209464966e-13,3.202813904e-13,3.359928463e-13,2.349952413e-13,7.72286685e-14,1.351795651e-13,1.688928326e-13,4.337234865e-14,8.397531643e-14,8.851813956e-14,2.903654957e-14,4.143853549e-14,7.064577463e-13,1.253164706e-13,8.257718879e-13,3.748022201e-14,3.579456153e-13,2.365677027e-14
119.75,3.858326382e-13,2.271748632e-13,6.198412944e-13,1.422143633e-13,1.96003458e-13,1.121542716e-13,6.669861905e-14,2.024287204e-13,5.574098454e-14,1.689164589e-13,2.733891113e-13,1.361945325e-13,1.146748584e-13,2.479867473e-13,2.292897313e-13,3.336147399e-13,3.443641857e-13,2.370800413e-13,7.650489237e-14,1.37073534e-13,1.700389752e-13,4.371859806e-14,8.305053183e-14,8.920585986e-14,3.016880361e-14,4.197043931e-14,7.116414824e-13,1.233628819e-13,8.246797207e-13,3.729023333e-14,3.642706058e-13,2.357397894e-14
119.7578125,3.840103665e-13,2.239400797e-13,6.277345543e-13,1.415224909e-13,1.959506426e-13,1.144853004e-13,6.814877971e-14,2.008640289e-13,5.504000901e-14,1.703171451e-13,2.765691378e-13,1.36762153e-13,1.146787148e-13,2.509326244e-13,2.37939463e-13,3.473637819e-13,3.533337994e-13,2.39475207e-13,7.585905578e-14,1.390330908e-13,1.711285237e-13,4.409901931e-14,8.218326834e-14,9.002808312e-14,3.13915564e-14,4.259646668e-14,7.171303175e-13,1.213983534e-13,8.240677392e-13,3.71305458e-14,3.708876604e-13,2.350318505e-14
119.765625,3.823185393e-13,2.204974109e-13,6.355601435e-13,1.408375619e-13,1.957824814e-13,1.167359206e-13,6.961748547e-14,1.993420011e-13,5.43267114e-14,1.717424278e-13,2.797445536e-13,1.372841312e-13,1.146571673e-13,2.538481267e-13,2.466182121e-13,3.612313724e-13,3.625688289e-13,2.41987505e-13,7.521134893e-14,1.409778123e-13,1.72279826e-13,4.44556768e-14,8.135602214e-14,9.08759828e-14,3.266566268e-14,4.330133964e-14,7.226716053e-13,1.193762028e-13,8.235892453e-13,3.699065452e-14,3.774168551e-13,2.34384531e-14
119.7734375,3.807406411e-13,2.172014956e-13,6.432063188e-13,1.403516268e-13,1.955577299e-13,1.190330584e-13,7.109374631e-14,1.979142763e-13,5.364565313e-14,1.731134979e-13,2.830549784e-13,1.378083273e-13,1.145569582e-13,2.566170127e-13,2.55372443e-13,3.753516638e-13,3.71830256e-13,2.444756493e-13,7.454209353e-14,1.430409586e-13,1.734975163e-13,4.480453087e-14,8.052231792e-14,9.16941956e-14,3.392874141e-14,4.404305746e-14,7.279316765e-13,1.17388456e-13,8.230650582e-13,3.684001395e-14,3.838671368e-13,2.344124028e-14
119.78125,3.792307565e-13,2.14211284e-13,6.509931854e-13,1.400774656e-13,1.952913004e-13,1.215418934e-13,7.262942233e-14,1.965997984e-13,5.304038222e-14,1.745502439e-13,2.865045231e-13,1.384308413e-13,1.14483496e-13,2.59436277e-13,2.64457797e-13,3.900030919e-13,3.814148456e-13,2.46980724e-13,7.389622418e-14,1.450810913e-13,1.7459155e-13,4.517501389e-14,7.968965837e-14,9.256815422e-14,3.519721156e-14,4.479512248e-14,7.32919108e-13,1.154747194e-13,8.227056149e-13,3.665946335e-14,3.90446073e-13,2.351647635e-14
119.7890625,3.777090684e-13,2.113121115e-13,6.591285433e-13,1.397157441e-13,1.949571667e-13,1.24106913e-13,7.421499513e-14,1.9534106e-13,5.24585183e-14,1.761243278e-13,2.899809235e-13,1.391213198e-13,1.144651912e-13,2.623927046e-13,2.738296377e-13,4.050129552e-13,3.914116478e-13,2.495629923e-13,7.331668566e-14,1.469643512e-13,1.755768377e-13,4.556097733e-14,7.885733056e-14,9.353235398e-14,3.652121377e-14,4.557673512e-14,7.378170858e-13,1.135798715e-13,8.225429831e-13,3.647147599e-14,3.971446091e-13,2.359826951e-14
119.796875,3.762877563e-13,2.083671114e-13,6.675506846e-13,1.392049667e-13,1.946843107e-13,1.266409866e-13,7.581898704e-14,1.941464779e-13,5.188199473e-14,1.777509399e-13,2.935111312e-13,1.398406521e-13,1.144620264e-13,2.654392039e-13,2.833689133e-13,4.202462511e-13,4.0163749e-13,2.522057075e-13,7.281270989e-14,1.48890087e-13,1.766335503e-13,4.595137511e-14,7.804239978e-14,9.451973493e-14,3.789570113e-14,4.640163631e-14,7.427316289e-13,1.116758306e-13,8.224386439e-13,3.630437736e-14,4.038333496e-13,2.370159326e-14
119.8046875,3.750687287e-13,2.054619211e-13,6.761758293e-13,1.388542297e-13,1.945325736e-13,1.293149317e-13,7.747090185e-14,1.930848768e-13,5.134744338e-14,1.794253097e-13,2.971180243e-13,1.406159966e-13,1.144939284e-13,2.686378005e-13,2.932448969e-13,4.358946677e-13,4.122162799e-13,2.549006888e-13,7.236285804e-14,1.509654632e-13,1.777474183e-13,4.634545191e-14,7.728910593e-14,9.54971711e-14,3.929412233e-14,4.727336752e-14,7.476858415e-13,1.098515546e-13,8.224690882e-13,3.617186881e-14,4.105283566e-13,2.386533126e-14
119.8125,3.740297153e-13,2.026747034e-13,6.848261285e-13,1.387453563e-13,1.943416572e-13,1.321370426e-13,7.918797207e-14,1.921318966e-13,5.084309836e-14,1.812429217e-13,3.007198855e-13,1.41429033e-13,1.145649234e-13,2.719815524e-13,3.034970439e-13,4.518501894e-13,4.232178421e-13,2.576707628e-13,7.194379568e-14,1.530556126e-13,1.78829551e-13,4.674302331e-14,7.656866479e-14,9.654999937e-14,4.071044453e-14,4.821523685e-14,7.525926451e-13,1.082058579e-13,8.227874472e-13,3.607330392e-14,4.172911491e-13,2.403997989e-14
119.8203125,3.732333933e-13,2.000072435e-13,6.932765022e-13,1.386591793e-13,1.93963886e-13,1.349348737e-13,8.092858245e-14,1.912110211e-13,5.034664162e-14,1.831710675e-13,3.043343698e-13,1.422275299e-13,1.146404992e-13,2.752992408e-13,3.139098302e-13,4.679360213e-13,4.345226054e-13,2.605562765e-13,7.155791625e-14,1.551280619e-13,1.798920055e-13,4.714041399e-14,7.584745895e-14,9.774080812e-14,4.214736757e-14,4.922063397e-14,7.573437154e-13,1.066771363e-13,8.232937125e-13,3.598750678e-14,4.240589968e-13,2.420813805e-14
119.828125,3.727014621e-13,1.974717777e-13,7.015789836e-13,1.386004512e-13,1.935044758e-13,1.37689206e-13,8.267252125e-14,1.903306038e-13,4.988522419e-14,1.851009175e-13,3.080484145e-13,1.430471284e-13,1.147541442e-13,2.786090002e-13,3.245025534e-13,4.843969767e-13,4.462304497e-13,2.636473252e-13,7.124953653e-14,1.572421094e-13,1.808940912e-13,4.755123572e-14,7.517988057e-14,9.894491914e-14,4.36341306e-14,5.025612681e-14,7.619374105e-13,1.051543182e-13,8.237325685e-13,3.59059697e-14,4.308661908e-13,2.441938722e-14
119.8359375,3.72276975e-13,1.950601229e-13,7.099110986e-13,1.387032561e-13,1.931344203e-13,1.404726722e-13,8.444991228e-14,1.895579157e-13,4.946036244e-14,1.870576028e-13,3.118125222e-13,1.439097165e-13,1.149253512e-13,2.820366514e-13,3.354282687e-13,5.013322837e-13,4.583502722e-13,2.669304316e-13,7.103601736e-14,1.593958238e-13,1.817830874e-13,4.798812384e-14,7.457797325e-14,1.000714139e-13,4.519589531e-14,5.134410089e-14,7.66338603e-13,1.036543953e-13,8.240083697e-13,3.58544053e-14,4.378175717e-13,2.466940072e-14
119.84375,3.719126113e-13,1.926517834e-13,7.183032654e-13,1.388393653e-13,1.927642829e-13,1.433275042e-13,8.628471981e-14,1.889082893e-13,4.90222384e-14,1.891056122e-13,3.155200811e-13,1.447308524e-13,1.150616795e-13,2.854534388e-13,3.46576554e-13,5.18512095e-13,4.707100916e-13,2.70222639e-13,7.081735709e-14,1.616158891e-13,1.826638403e-13,4.840533924e-14,7.39857799e-14,1.012591712e-13,4.678616525e-14,5.250921407e-14,7.70493675e-13,1.022012921e-13,8.242342428e-13,3.584577534e-14,4.44690042e-13,2.49319359e-14
119.8515625,3.717098843e-13,1.901750725e-13,7.267604387e-13,1.389159788e-13,1.922978541e-13,1.463227448e-13,8.816939954e-14,1.883133975e-13,4.857912783e-14,1.911887653e-13,3.191797702e-13,1.455378032e-13,1.151547087e-13,2.888265702e-13,3.578414984e-13,5.358628025e-13,4.833741092e-13,2.734672894e-13,7.05278978e-14,1.639270543e-13,1.836527973e-13,4.877585477e-14,7.341518704e-14,1.025807017e-13,4.83590791e-14,5.369634491e-14,7.744965239e-13,1.0076451e-13,8.245607487e-13,3.58444883e-14,4.513096969e-13,2.521843437e-14
119.859375,3.716129637e-13,1.877720021e-13,7.352204354e-13,1.391078651e-13,1.918936966e-13,1.494539957e-13,9.010062317e-14,1.87718733e-13,4.819005756e-14,1.93254229e-13,3.22862678e-13,1.464394608e-13,1.15320126e-13,2.923989021e-13,3.693518622e-13,5.534385503e-13,4.963761291e-13,2.767540852e-13,7.026876025e-14,1.66295643e-13,1.847005076e-13,4.916288409e-14,7.290248827e-14,1.039021594e-13,4.995131529e-14,5.487509761e-14,7.783330067e-13,9.939220197e-14,8.250085149e-13,3.58088065e-14,4.579299013e-13,2.552865531e-14
119.8671875,3.714733254e-13,1.854863437e-13,7.435538177e-13,1.394705435e-13,1.915556011e-13,1.526137826e-13,9.210074346e-14,1.87155767e-13,4.782136587e-14,1.953548772e-13,3.265919658e-13,1.473188611e-13,1.155113366e-13,2.960823765e-13,3.811475621e-13,5.712693457e-13,5.095213893e-13,2.800582008e-13,7.007804559e-14,1.687122292e-13,1.856974183e-13,4.957277237e-14,7.24217797e-14,1.051505864e-13,5.159648187e-14,5.611429132e-14,7.818667156e-13,9.810668353e-14,8.254770592e-13,3.576129161e-14,4.645141174e-13,2.586188129e-14
119.875,3.71375053e-13,1.831959392e-13,7.51931701e-13,1.398897284e-13,1.911265888e-13,1.557713624e-13,9.416245261e-14,1.866415223e-13,4.741516845e-14,1.975319221e-13,3.303854219e-13,1.48078295e-13,1.156231156e-13,2.996207766e-13,3.931489815e-13,5.893779704e-13,5.227422866e-13,2.834074989e-13,6.988689053e-14,1.711860617e-13,1.866352857e-13,4.994362446e-14,7.195625576e-14,1.063811314e-13,5.327325101e-14,5.748187634e-14,7.852998496e-13,9.682098742e-14,8.260231003e-13,3.57696155e-14,4.708159737e-13,2.623957859e-14
119.8828125,3.71591063e-13,1.810470614e-13,7.605946072e-13,1.403710843e-13,1.907735968e-13,1.589939263e-13,9.623054224e-14,1.861452568e-13,4.704900333e-14,1.997709243e-13,3.342782836e-13,1.489141352e-13,1.158141202e-13,3.03281186e-13,4.054409189e-13,6.077555165e-13,5.361799173e-13,2.870371726e-13,6.978256397e-14,1.737754488e-13,1.875675904e-13,5.032397484e-14,7.15308766e-14,1.076692797e-13,5.498450943e-14,5.896509815e-14,7.888609723e-13,9.556971403e-14,8.268535756e-13,3.584670817e-14,4.772074725e-13,2.666032037e-14
119.890625,3.721663388e-13,1.791675893e-13,7.692411822e-13,1.4091804e-13,1.905960096e-13,1.623264317e-13,9.82881792e-14,1.856993019e-13,4.676563727e-14,2.020499847e-13,3.381933252e-13,1.498427401e-13,1.161690974e-13,3.072471339e-13,4.181000332e-13,6.264769267e-13,5.50050919e-13,2.910015265e-13,6.983638007e-14,1.765322212e-13,1.884885126e-13,5.075311968e-14,7.115728485e-14,1.090488889e-13,5.675956645e-14,6.05012481e-14,7.922970689e-13,9.44357003e-14,8.279202066e-13,3.594659769e-14,4.838145038e-13,2.709969572e-14
119.8984375,3.728026909e-13,1.772456924e-13,7.774808253e-13,1.414649311e-13,1.902036009e-13,1.657353646e-13,1.003627842e-13,1.853341106e-13,4.642965167e-14,2.04310492e-13,3.420075216e-13,1.50594929e-13,1.164085719e-13,3.11042426e-13,4.309879165e-13,6.455450751e-13,5.643126354e-13,2.95015445e-13,6.985952827e-14,1.792247478e-13,1.893994375e-13,5.111492546e-14,7.082405876e-14,1.104296512e-13,5.857402307e-14,6.206763832e-14,7.954008111e-13,9.328263733e-14,8.290038283e-13,3.605422964e-14,4.898924294e-13,2.753924312e-14
119.90625,3.733936108e-13,1.752012225e-13,7.855542956e-13,1.421058726e-13,1.894733083e-13,1.691464717e-13,1.024421706e-13,1.849835787e-13,4.600250508e-14,2.06509159e-13,3.458045033e-13,1.511900982e-13,1.16459675e-13,3.144997512e-13,4.440038207e-13,6.647014499e-13,5.786012961e-13,2.9895093e-13,6.977843671e-14,1.816035622e-13,1.903661057e-13,5.139016124e-14,7.053581245e-14,1.11737636e-13,6.038616341e-14,6.370281397e-14,7.982404865e-13,9.205902572e-14,8.300177354e-13,3.618899407e-14,4.953147682e-13,2.797897874e-14
119.9140625,3.742351006e-13,1.733655671e-13,7.937444756e-13,1.429632182e-13,1.888426153e-13,1.725389638e-13,1.044854746e-13,1.846199729e-13,4.563683178e-14,2.087154379e-13,3.496993623e-13,1.51833979e-13,1.166321181e-13,3.180553709e-13,4.571394924e-13,6.838707679e-13,5.929818025e-13,3.030712542e-13,6.979461069e-14,1.839531139e-13,1.913416704e-13,5.172397933e-14,7.032035526e-14,1.130716712e-13,6.222246553e-14,6.541317526e-14,8.007243043e-13,9.100174358e-14,8.308637038e-13,3.634888429e-14,5.007514595e-13,2.844732874e-14
119.921875,3.754086365e-13,1.717240483e-13,8.01696586e-13,1.439588454e-13,1.884306423e-13,1.75925057e-13,1.064842037e-13,1.842897927e-13,4.536001566e-14,2.109874119e-13,3.53535784e-13,1.524636614e-13,1.169376088e-13,3.216912394e-13,4.70322398e-13,7.032641114e-13,6.078396565e-13,3.074734176e-13,6.994331058e-14,1.866822795e-13,1.922049278e-13,5.211587597e-14,7.01608168e-14,1.144844318e-13,6.410683385e-14,6.717707305e-14,8.028407792e-13,9.013871201e-14,8.315015774e-13,3.651777734e-14,5.061187158e-13,2.89602721e-14
119.9296875,3.766807454e-13,1.700854166e-13,8.090955742e-13,1.44974058e-13,1.878990237e-13,1.793049683e-13,1.084770317e-13,1.84010775e-13,4.505057851e-14,2.132707925e-13,3.571455815e-13,1.529659939e-13,1.170903393e-13,3.250257537e-13,4.835573741e-13,7.228441788e-13,6.22951304e-13,3.118321596e-13,7.006143341e-14,1.896398556e-13,1.930111218e-13,5.242944941e-14,6.999638209e-14,1.159011994e-13,6.598626319e-14,6.900495271e-14,8.047274337e-13,8.920201097e-14,8.320029608e-13,3.669441522e-14,5.108844052e-13,2.948874257e-14
119.9375,3.780275337e-13,1.685191227e-13,8.162146565e-13,1.459649287e-13,1.871635924e-13,1.827088298e-13,1.105065044e-13,1.838041811e-13,4.469968512e-14,2.155541556e-13,3.605938607e-13,1.533756355e-13,1.170959043e-13,3.281496945e-13,4.968906369e-13,7.423066313e-13,6.378831508e-13,3.160015606e-13,7.013275339e-14,1.924136826e-13,1.938530443e-13,5.266059824e-14,6.983472264e-14,1.173177125e-13,6.783636529e-14,7.087066657e-14,8.061924354e-13,8.815046382e-14,8.321693799e-13,3.688814127e-14,5.151853542e-13,3.00093643e-14
119.9453125,3.795184426e-13,1.67016681e-13,8.232321387e-13,1.469289689e-13,1.863878029e-13,1.86132903e-13,1.125520482e-13,1.836695588e-13,4.437092021e-14,2.178979655e-13,3.639932044e-13,1.537213684e-13,1.171035205e-13,3.312780645e-13,5.102713824e-13,7.615167995e-13,6.526437741e-13,3.201757275e-13,7.023487181e-14,1.949232449e-13,1.946901003e-13,5.289753022e-14,6.971464076e-14,1.187541094e-13,6.970123804e-14,7.273804e-14,8.071390718e-13,8.715767134e-14,8.318756792e-13,3.710025459e-14,5.193276965e-13,3.053229605e-14
119.953125,3.811926712e-13,1.655452546e-13,8.299004768e-13,1.479731278e-13,1.856059767e-13,1.895735528e-13,1.145924171e-13,1.835255797e-13,4.405182904e-14,2.20276073e-13,3.674118996e-13,1.540359289e-13,1.171042556e-13,3.343938087e-13,5.238455937e-13,7.807675621e-13,6.67442854e-13,3.2445199e-13,7.039925107e-14,1.97402312e-13,1.955262862e-13,5.315682196e-14,6.96077788e-14,1.20171921e-13,7.159545976e-14,7.465225271e-14,8.078619575e-13,8.627619101e-14,8.314875319e-13,3.732016895e-14,5.232332355e-13,3.107216013e-14
119.9609375,3.832111212e-13,1.642387218e-13,8.360384495e-13,1.492178713e-13,1.847797427e-13,1.930985891e-13,1.16671365e-13,1.833624748e-13,4.371302719e-14,2.226255784e-13,3.707891838e-13,1.542866416e-13,1.171030484e-13,3.375102714e-13,5.37785631e-13,8.00457608e-13,6.825439022e-13,3.288676565e-13,7.063868367e-14,2.000376342e-13,1.963644199e-13,5.339248913e-14,6.951898372e-14,1.215525634e-13,7.351491939e-14,7.664263806e-14,8.083203218e-13,8.547436573e-14,8.310449316e-13,3.754694741e-14,5.267066781e-13,3.164169322e-14
119.96875,3.853561969e-13,1.630713372e-13,8.415615238e-13,1.505953772e-13,1.838336582e-13,1.966019004e-13,1.187750517e-13,1.832554214e-13,4.335186643e-14,2.24967953e-13,3.738746967e-13,1.54318464e-13,1.170662764e-13,3.404829808e-13,5.517621955e-13,8.202907888e-13,6.977744224e-13,3.333783515e-13,7.086123928e-14,2.027590415e-13,1.971050398e-13,5.355556689e-14,6.949192879e-14,1.228740223e-13,7.545355879e-14,7.868289476e-14,8.082408893e-13,8.469378671e-14,8.300847396e-13,3.779162269e-14,5.296284387e-13,3.224288583e-14
119.9765625,3.872556481e-13,1.61897256e-13,8.465257514e-13,1.519569001e-13,1.827693259e-13,2.000028873e-13,1.208583214e-13,1.831897918e-13,4.298369394e-14,2.273316286e-13,3.766600798e-13,1.541732459e-13,1.169076083e-13,3.432087489e-13,5.655152724e-13,8.39546672e-13,7.12510656e-13,3.377257345e-13,7.098200789e-14,2.053541914e-13,1.978051597e-13,5.366390372e-14,6.947289544e-14,1.24149868e-13,7.736793066e-14,8.072673287e-14,8.076804466e-13,8.390217664e-14,8.286108999e-13,3.805688336e-14,5.322014307e-13,3.284445066e-14
119.984375,3.893197137e-13,1.605877795e-13,8.514855685e-13,1.532870033e-13,1.818488745e-13,2.036412226e-13,1.229779947e-13,1.831357438e-13,4.264675402e-14,2.296978196e-13,3.794924366e-13,1.540723788e-13,1.1677427e-13,3.460570488e-13,5.793310484e-13,8.581960652e-13,7.268916147e-13,3.419612909e-13,7.11475271e-14,2.076895688e-13,1.986141031e-13,5.380060402e-14,6.943066569e-14,1.254686561e-13,7.927330354e-14,8.268106586e-14,8.066804767e-13,8.319783822e-14,8.270020278e-13,3.834813378e-14,5.34779131e-13,3.341268667e-14
119.9921875,3.918751047e-13,1.590639011e-13,8.567285581e-13,1.546827834e-13,1.811158553e-13,2.075584093e-13,1.251083302e-13,1.831242041e-13,4.232353969e-14,2.320433384e-13,3.824247314e-13,1.539993709e-13,1.167834857e-13,3.490318019e-13,5.932426106e-13,8.766450728e-13,7.414050494e-13,3.463645141e-13,7.145614043e-14,2.098283064e-13,1.994610121e-13,5.396312291e-14,6.946638262e-14,1.267995096e-13,8.122366796e-14,8.458273415e-14,8.05286265e-13,8.257645201e-14,8.253845432e-13,3.867098386e-14,5.37165144e-13,3.396111556e-14
120,3.944367153e-13,1.576620184e-13,8.615554865e-13,1.562253694e-13,1.802014827e-13,2.112361827e-13,1.271094121e-13,1.831250851e-13,4.195493172e-14,2.343523196e-13,3.851555181e-13,1.538093695e-13,1.16757274e-13,3.516168517e-13,6.069800032e-13,8.950003449e-13,7.55784632e-13,3.508300346e-13,7.177773317e-14,2.119811744e-13,2.002378719e-13,5.407528509e-14,6.961760073e-14,1.280257215e-13,8.316234983e-14,8.660763928e-14,8.037835241e-13,8.189407885e-14,8.237498301e-13,3.899877633e-14,5.390333841e-13,3.452022675e-14
120.0078125,3.970539251e-13,1.56682302e-13,8.654027669e-13,1.579210655e-13,1.791044235e-13,2.147182092e-13,1.290305313e-13,1.831137008e-13,4.157076384e-14,2.366402799e-13,3.875881732e-13,1.535024334e-13,1.166667804e-13,3.539777622e-13,6.206688714e-13,9.132902856e-13,7.700354926e-13,3.553557614e-13,7.210928667e-14,2.14215007e-13,2.009532083e-13,5.416285088e-14,6.979979364e-14,1.291752964e-13,8.505657568e-14,8.868887226e-14,8.020868057e-13,8.124153392e-14,8.218972439e-13,3.930585548e-14,5.406379167e-13,3.508270378e-14
120.015625,4.002114028e-13,1.557080807e-13,8.685635554e-13,1.597280459e-13,1.781222773e-13,2.18443574e-13,1.309910856e-13,1.831484947e-13,4.12098997e-14,2.389266215e-13,3.897516971e-13,1.530627284e-13,1.166029125e-13,3.564654899e-13,6.343914226e-13,9.314197875e-13,7.844552844e-13,3.601188384e-13,7.253084136e-14,2.16353302e-13,2.015760146e-13,5.425700971e-14,6.995562767e-14,1.303021008e-13,8.69770686e-14,9.0639644e-14,7.998438818e-13,8.074456848e-14,8.194929162e-13,3.961407428e-14,5.419814051e-13,3.563317258e-14
120.0234375,4.035251572e-13,1.545355305e-13,8.71378315e-13,1.61624272e-13,1.770949604e-13,2.222350521e-13,1.329339242e-13,1.832266316e-13,4.082358118e-14,2.411878369e-13,3.915906303e-13,1.524744847e-13,1.164070364e-13,3.586966188e-13,6.479439255e-13,9.491406901e-13,7.985056421e-13,3.647506846e-13,7.292362506e-14,2.183371756e-13,2.021335355e-13,5.427221115e-14,7.008524115e-14,1.313748583e-13,8.888736532e-14,9.256072104e-14,7.972163389e-13,8.024240111e-14,8.166565052e-13,3.995192434e-14,5.426023161e-13,3.618444577e-14
120.03125,4.066267763e-13,1.536066763e-13,8.74024141e-13,1.636064125e-13,1.758814506e-13,2.258976987e-13,1.348363156e-13,1.833071528e-13,4.041820077e-14,2.434550432e-13,3.932440906e-13,1.518792795e-13,1.160882675e-13,3.606312727e-13,6.614381497e-13,9.665561398e-13,8.120168201e-13,3.690770301e-13,7.326917494e-14,2.202810756e-13,2.027342198e-13,5.421346208e-14,7.023623266e-14,1.324130979e-13,9.072850997e-14,9.458467146e-14,7.944455658e-13,7.972437213e-14,8.137695938e-13,4.032549034e-14,5.42778509e-13,3.674038606e-14
120.0390625,4.098535429e-13,1.528537851e-13,8.766632255e-13,1.656397838e-13,1.747585145e-13,2.296033928e-13,1.367361852e-13,1.834133139e-13,4.005326142e-14,2.457809888e-13,3.949459993e-13,1.513243847e-13,1.159114448e-13,3.627068847e-13,6.749711481e-13,9.838022177e-13,8.256368791e-13,3.736260005e-13,7.372688542e-14,2.22175318e-13,2.033729967e-13,5.419545048e-14,7.046954918e-14,1.334562215e-13,9.25931443e-14,9.665400546e-14,7.913712317e-13,7.938466879e-14,8.109073219e-13,4.074089772e-14,5.430776241e-13,3.729196573e-14
120.046875,4.132403453e-13,1.518830722e-13,8.790776919e-13,1.677172085e-13,1.737452175e-13,2.332575638e-13,1.385576736e-13,1.835441899e-13,3.969909971e-14,2.480596199e-13,3.966480538e-13,1.506738379e-13,1.15805798e-13,3.647209258e-13,6.883195376e-13,1.000738802e-12,8.392263904e-13,3.784434251e-13,7.424390832e-14,2.240170288e-13,2.040613818e-13,5.419586431e-14,7.076228372e-14,1.345126596e-13,9.450228634e-14,9.875770667e-14,7.879775519e-13,7.91173844e-14,8.079921322e-13,4.118911311e-14,5.431678785e-13,3.785389621e-14
120.0546875,4.165516138e-13,1.509449375e-13,8.809936234e-13,1.698687891e-13,1.726671883e-13,2.367924543e-13,1.402836624e-13,1.83695682e-13,3.93298778e-14,2.502060183e-13,3.98204099e-13,1.498982844e-13,1.155599622e-13,3.663695724e-13,7.014836719e-13,1.017347873e-12,8.522244985e-13,3.83061264e-13,7.468538541e-14,2.259386328e-13,2.048672392e-13,5.413669201e-14,7.105719859e-14,1.356057468e-13,9.634200361e-14,1.008905931e-13,7.843956458e-13,7.877150337e-14,8.048755817e-13,4.164089584e-14,5.426442892e-13,3.844032972e-14
120.0625,4.197758925e-13,1.50286376e-13,8.825396473e-13,1.719869288e-13,1.715814056e-13,2.403454739e-13,1.419803707e-13,1.838979813e-13,3.897654073e-14,2.523585711e-13,3.996007437e-13,1.490527295e-13,1.15230065e-13,3.677929016e-13,7.144383968e-13,1.033384436e-12,8.645683885e-13,3.87411284e-13,7.508626033e-14,2.278478686e-13,2.056845323e-13,5.403898302e-14,7.134372455e-14,1.366638496e-13,9.808572612e-14,1.029615939e-13,7.804567519e-13,7.848529087e-14,8.013405824e-13,4.208686594e-14,5.416433022e-13,3.902430733e-14
120.0703125,4.22994417e-13,1.496094282e-13,8.838613185e-13,1.739391938e-13,1.704688153e-13,2.438341265e-13,1.436228806e-13,1.840636989e-13,3.860594833e-14,2.54580849e-13,4.007985158e-13,1.481414545e-13,1.148814799e-13,3.690752441e-13,7.270399306e-13,1.048505799e-12,8.763208039e-13,3.916635932e-13,7.548414043e-14,2.293888517e-13,2.064145837e-13,5.390374748e-14,7.161941587e-14,1.375743829e-13,9.979137332e-14,1.049600879e-13,7.760035818e-13,7.826472536e-14,7.974860422e-13,4.253005157e-14,5.401975224e-13,3.955309825e-14
120.078125,4.265036758e-13,1.487222804e-13,8.849077111e-13,1.759103402e-13,1.693340192e-13,2.473556918e-13,1.45237572e-13,1.840871945e-13,3.818931053e-14,2.567399364e-13,4.017301019e-13,1.472035479e-13,1.1454165e-13,3.704112631e-13,7.39682962e-13,1.063235809e-12,8.878700775e-13,3.959967683e-13,7.5914937e-14,2.305138613e-13,2.071392755e-13,5.372585064e-14,7.191914139e-14,1.384229215e-13,1.015092901e-13,1.06924424e-13,7.711864876e-13,7.795174703e-14,7.934660882e-13,4.296510778e-14,5.384251404e-13,4.001508822e-14
120.0859375,4.30306093e-13,1.477283983e-13,8.854681047e-13,1.780783673e-13,1.683400785e-13,2.510774371e-13,1.469070096e-13,1.840793537e-13,3.777710078e-14,2.588187367e-13,4.024084632e-13,1.462009938e-13,1.142285975e-13,3.718371369e-13,7.525136543e-13,1.078022057e-12,8.994090252e-13,4.003933431e-13,7.6393809e-14,2.316500392e-13,2.078580985e-13,5.35499355e-14,7.228608946e-14,1.393424202e-13,1.032424378e-13,1.088625732e-13,7.661458258e-13,7.759423225e-14,7.890237069e-13,4.339653732e-14,5.364841784e-13,4.047813041e-14
120.09375,4.338473819e-13,1.467395586e-13,8.853126069e-13,1.801970148e-13,1.673219751e-13,2.546718939e-13,1.485707326e-13,1.841804539e-13,3.737579368e-14,2.6090735e-13,4.028433657e-13,1.45006083e-13,1.138039053e-13,3.728442021e-13,7.648984908e-13,1.092284592e-12,9.102631829e-13,4.044766665e-13,7.678034279e-14,2.329704953e-13,2.085392401e-13,5.333998417e-14,7.263784089e-14,1.40273334e-13,1.049235547e-13,1.107942432e-13,7.607890951e-13,7.727404018e-14,7.841487224e-13,4.381850613e-14,5.339843976e-13,4.098130555e-14
120.1015625,4.3725197e-13,1.457920584e-13,8.84669811e-13,1.82163449e-13,1.66110257e-13,2.581130724e-13,1.501790784e-13,1.843419425e-13,3.696208245e-14,2.629888182e-13,4.030513751e-13,1.437167143e-13,1.133017527e-13,3.735085367e-13,7.768878267e-13,1.105831672e-12,9.203880868e-13,4.083425231e-13,7.707355356e-14,2.340194926e-13,2.09305194e-13,5.305991934e-14,7.289353005e-14,1.411313063e-13,1.065614658e-13,1.126935256e-13,7.549286488e-13,7.69392685e-14,7.793051128e-13,4.420428519e-14,5.308471451e-13,4.145779204e-14
120.109375,4.411139709e-13,1.447684358e-13,8.837988908e-13,1.842812019e-13,1.64982305e-13,2.617507194e-13,1.517854376e-13,1.844853706e-13,3.655448798e-14,2.650252203e-13,4.030695879e-13,1.424852916e-13,1.129193036e-13,3.743861696e-13,7.890812689e-13,1.119111421e-12,9.304459724e-13,4.124623377e-13,7.746492899e-14,2.345629262e-13,2.101548237e-13,5.277810914e-14,7.313385525e-14,1.419459934e-13,1.082399824e-13,1.145318977e-13,7.485629085e-13,7.655572839e-14,7.743719394e-13,4.456151834e-14,5.275327249e-13,4.188090979e-14
120.1171875,4.452623288e-13,1.436310639e-13,8.8239561e-13,1.865685194e-13,1.640571599e-13,2.653340928e-13,1.533611918e-13,1.846317487e-13,3.614196819e-14,2.670087534e-13,4.028369304e-13,1.411921347e-13,1.125275551e-13,3.752365138e-13,8.012614816e-13,1.132081478e-12,9.402148579e-13,4.16689202e-13,7.794035697e-14,2.350485446e-13,2.109192304e-13,5.249406698e-14,7.34275386e-14,1.427458968e-13,1.099210375e-13,1.163578264e-13,7.419667991e-13,7.610698232e-14,7.687668749e-13,4.492121757e-14,5.2389562e-13,4.231853266e-14
120.125,4.495292492e-13,1.426456195e-13,8.805116009e-13,1.888754536e-13,1.632321435e-13,2.687150261e-13,1.548420005e-13,1.848220942e-13,3.572215547e-14,2.689009641e-13,4.023308303e-13,1.398045052e-13,1.120652761e-13,3.759124785e-13,8.132406284e-13,1.144716146e-12,9.494570955e-13,4.209402616e-13,7.844176853e-14,2.357460375e-13,2.11600988e-13,5.218520393e-14,7.373493777e-14,1.435209344e-13,1.115590434e-13,1.18191868e-13,7.353297304e-13,7.563861605e-14,7.627043366e-13,4.528774725e-14,5.198891843e-13,4.277800354e-14
120.1328125,4.539966718e-13,1.419320498e-13,8.786371401e-13,1.913747997e-13,1.625384054e-13,2.722786678e-13,1.562183447e-13,1.850363133e-13,3.534219971e-14,2.707366637e-13,4.016628068e-13,1.384901694e-13,1.117850017e-13,3.768110373e-13,8.252277915e-13,1.157064194e-12,9.584105246e-13,4.254310398e-13,7.904356046e-14,2.364000017e-13,2.123117401e-13,5.191777048e-14,7.403072649e-14,1.442564306e-13,1.13180947e-13,1.2001314e-13,7.285212736e-13,7.527996941e-14,7.567673932e-13,4.567151855e-14,5.161268483e-13,4.320050364e-14
120.140625,4.580999737e-13,1.411931648e-13,8.764144616e-13,1.93976035e-13,1.617495285e-13,2.758334039e-13,1.574808895e-13,1.852125438e-13,3.497015811e-14,2.72600147e-13,4.007619593e-13,1.371512983e-13,1.115271601e-13,3.774983963e-13,8.366927878e-13,1.168423451e-12,9.665373085e-13,4.296169058e-13,7.960962197e-14,2.368101759e-13,2.130338253e-13,5.162357139e-14,7.430384661e-14,1.449281008e-13,1.146956504e-13,1.217876155e-13,7.2140323e-13,7.49879405e-14,7.50706443e-13,4.607824434e-14,5.122656524e-13,4.356327691e-14
120.1484375,4.617114055e-13,1.401842286e-13,8.73198553e-13,1.963334482e-13,1.606596952e-13,2.790337413e-13,1.586614001e-13,1.853651037e-13,3.455157548e-14,2.744332153e-13,3.994056918e-13,1.355716515e-13,1.10949036e-13,3.774267861e-13,8.472396955e-13,1.178450104e-12,9.734938059e-13,4.33125192e-13,7.999247918e-14,2.369347787e-13,2.137031438e-13,5.118451163e-14,7.453358768e-14,1.455413041e-13,1.160377435e-13,1.234352036e-13,7.139474515e-13,7.45936508e-14,7.439288309e-13,4.645900133e-14,5.07446518e-13,4.387186022e-14
120.15625,4.657029492e-13,1.390486717e-13,8.692563261e-13,1.987131911e-13,1.596673413e-13,2.822360325e-13,1.597847012e-13,1.855637712e-13,3.415087556e-14,2.761308909e-13,3.976881038e-13,1.338516939e-13,1.102806743e-13,3.771550324e-13,8.574548441e-13,1.187779434e-12,9.799493959e-13,4.366205881e-13,8.037726057e-14,2.368186487e-13,2.143258812e-13,5.07356624e-14,7.473618204e-14,1.461546054e-13,1.173164662e-13,1.249452068e-13,7.060548403e-13,7.413445915e-14,7.364680447e-13,4.679077548e-14,5.020855946e-13,4.415647405e-14
120.1640625,4.702399566e-13,1.380703437e-13,8.650954725e-13,2.014632499e-13,1.589988857e-13,2.856245825e-13,1.608140394e-13,1.857697205e-13,3.380718406e-14,2.777576672e-13,3.959534216e-13,1.321767285e-13,1.097661217e-13,3.770767454e-13,8.675152793e-13,1.196564473e-12,9.860510324e-13,4.403011149e-13,8.087940487e-14,2.36651565e-13,2.149588159e-13,5.039948918e-14,7.492896919e-14,1.467856265e-13,1.185540336e-13,1.26366985e-13,6.97787264e-13,7.377342365e-14,7.288031606e-13,4.711901598e-14,4.967752555e-13,4.444441745e-14
120.171875,4.74654624e-13,1.372888829e-13,8.607989308e-13,2.042672445e-13,1.583431957e-13,2.889495613e-13,1.617967331e-13,1.859399654e-13,3.345720978e-14,2.794420321e-13,3.943081544e-13,1.305385089e-13,1.092159517e-13,3.768683958e-13,8.770300176e-13,1.204430893e-12,9.91384334e-13,4.437168747e-13,8.138695033e-14,2.364138492e-13,2.156221943e-13,5.005722739e-14,7.511709746e-14,1.473273846e-13,1.196964684e-13,1.276693441e-13,6.894126039e-13,7.354360866e-14,7.2117308e-13,4.745435518e-14,4.91244665e-13,4.469817773e-14
120.1796875,4.787548899e-13,1.364800172e-13,8.561446176e-13,2.068851761e-13,1.576397492e-13,2.921043198e-13,1.627767433e-13,1.86160344e-13,3.308796893e-14,2.811617848e-13,3.925086559e-13,1.288306563e-13,1.08545397e-13,3.763843998e-13,8.859850009e-13,1.211440853e-12,9.958581464e-13,4.468752555e-13,8.185529313e-14,2.359367315e-13,2.162381335e-13,4.964282404e-14,7.530521031e-14,1.476841284e-13,1.207863141e-13,1.288634036e-13,6.808435052e-13,7.335018063e-14,7.132725734e-13,4.777131856e-14,4.853695996e-13,4.489678582e-14
120.1875,4.828722889e-13,1.355337031e-13,8.507816433e-13,2.094622256e-13,1.570250821e-13,2.950884554e-13,1.636542398e-13,1.863991771e-13,3.272458323e-14,2.827932441e-13,3.903116085e-13,1.269797989e-13,1.078506898e-13,3.756327974e-13,8.944726878e-13,1.217788799e-12,9.994747159e-13,4.498730128e-13,8.228511388e-14,2.353399824e-13,2.167807289e-13,4.920902307e-14,7.545763036e-14,1.479683552e-13,1.218079612e-13,1.300067198e-13,6.718082631e-13,7.309742894e-14,7.048336541e-13,4.807184284e-14,4.791932067e-13,4.507794373e-14
120.1953125,4.873169284e-13,1.345904793e-13,8.448781203e-13,2.120178022e-13,1.56407617e-13,2.981210965e-13,1.644310476e-13,1.864827328e-13,3.235177801e-14,2.842961218e-13,3.878202283e-13,1.250701655e-13,1.071591784e-13,3.747242225e-13,9.026299366e-13,1.223566268e-12,1.002557985e-12,4.526815738e-13,8.270496371e-14,2.346456938e-13,2.17348653e-13,4.876213343e-14,7.557903104e-14,1.483445215e-13,1.227222701e-13,1.310332964e-13,6.62534809e-13,7.280291268e-14,6.962215169e-13,4.83439837e-14,4.726388928e-13,4.524141503e-14
120.203125,4.918790048e-13,1.337029961e-13,8.389558549e-13,2.145680002e-13,1.557918375e-13,3.013367141e-13,1.652110796e-13,1.864576237e-13,3.198918578e-14,2.857221525e-13,3.852398155e-13,1.232268525e-13,1.065137573e-13,3.739122908e-13,9.105738082e-13,1.228732091e-12,1.005395953e-12,4.553996931e-13,8.318836012e-14,2.336241992e-13,2.17944044e-13,4.832077587e-14,7.574768402e-14,1.487386781e-13,1.236063309e-13,1.319419506e-13,6.533140152e-13,7.252856935e-14,6.87683105e-13,4.857591499e-14,4.660296327e-13,4.538084494e-14
120.2109375,4.959911293e-13,1.327472552e-13,8.328247728e-13,2.171875535e-13,1.553070372e-13,3.042520276e-13,1.659163352e-13,1.865031767e-13,3.166988892e-14,2.870952198e-13,3.824461464e-13,1.213574297e-13,1.059087287e-13,3.730276692e-13,9.17904164e-13,1.232970576e-12,1.007424512e-12,4.578196773e-13,8.366365154e-14,2.324657632e-13,2.18492231e-13,4.79081033e-14,7.592857943e-14,1.489857242e-13,1.244496937e-13,1.3286867e-13,6.43957412e-13,7.222690462e-14,6.78850928e-13,4.880209248e-14,4.595516472e-13,4.552829221e-14
120.21875,4.99856156e-13,1.317246216e-13,8.26124276e-13,2.198230544e-13,1.549185595e-13,3.068055923e-13,1.664727661e-13,1.865740502e-13,3.13493233e-14,2.884092065e-13,3.793029693e-13,1.193626921e-13,1.052544004e-13,3.718504221e-13,9.246244928e-13,1.236422714e-12,1.00846167e-12,4.598249506e-13,8.405028739e-14,2.31501288e-13,2.190448153e-13,4.747880289e-14,7.600636138e-14,1.491073762e-13,1.251622909e-13,1.337721692e-13,6.343393659e-13,7.185997447e-14,6.696886702e-13,4.902319565e-14,4.52816605e-13,4.566582945e-14
120.2265625,5.041763512e-13,1.307204251e-13,8.192219334e-13,2.225242069e-13,1.54564242e-13,3.096756015e-13,1.669978284e-13,1.865529309e-13,3.098243566e-14,2.896905528e-13,3.760016585e-13,1.173572458e-13,1.045429357e-13,3.706609452e-13,9.314348049e-13,1.239593803e-12,1.009169242e-12,4.618689037e-13,8.445416251e-14,2.304450908e-13,2.196084033e-13,4.701313548e-14,7.602706926e-14,1.491897573e-13,1.258012539e-13,1.345203664e-13,6.245950108e-13,7.148826898e-14,6.605411812e-13,4.920987244e-14,4.456970862e-13,4.57624192e-14
120.234375,5.088712158e-13,1.296502914e-13,8.124180896e-13,2.252888762e-13,1.542566695e-13,3.12755718e-13,1.675175281e-13,1.864960908e-13,3.060052877e-14,2.909516926e-13,3.726664247e-13,1.153939606e-13,1.038133635e-13,3.695153512e-13,9.381762737e-13,1.242238842e-12,1.009478498e-12,4.640594373e-13,8.493576647e-14,2.289512568e-13,2.200898157e-13,4.653343853e-14,7.60991618e-14,1.492341212e-13,1.264354413e-13,1.351901969e-13,6.147389975e-13,7.110993154e-14,6.512858182e-13,4.94035695e-14,4.38439647e-13,4.58472205e-14
120.2421875,5.135083249e-13,1.284511833e-13,8.055730514e-13,2.279199536e-13,1.540348907e-13,3.154903254e-13,1.679253028e-13,1.864804229e-13,3.024969433e-14,2.921340025e-13,3.692472009e-13,1.134056893e-13,1.03117263e-13,3.681593785e-13,9.442187939e-13,1.244029631e-12,1.008967633e-12,4.660601973e-13,8.544223358e-14,2.272854945e-13,2.205972682e-13,4.60554136e-14,7.619273112e-14,1.492621783e-13,1.270203148e-13,1.358791442e-13,6.047844066e-13,7.070385902e-14,6.417790691e-13,4.963915954e-14,4.311839372e-13,4.592722702e-14
120.25,5.179707111e-13,1.272461532e-13,7.98601284e-13,2.305404333e-13,1.539490628e-13,3.181837101e-13,1.682270247e-13,1.864809067e-13,2.993095469e-14,2.931851422e-13,3.657476922e-13,1.114074754e-13,1.02500464e-13,3.666583666e-13,9.497482317e-13,1.245301993e-12,1.00792705e-12,4.678620731e-13,8.591453337e-14,2.2581357e-13,2.212709849e-13,4.560129495e-14,7.625553343e-14,1.493193353e-13,1.275164624e-13,1.365038366e-13,5.947872781e-13,7.03311152e-14,6.322336091e-13,4.986011336e-14,4.239502661e-13,4.598185786e-14
120.2578125,5.221829938e-13,1.260338458e-13,7.91274939e-13,2.333049383e-13,1.53917263e-13,3.210792989e-13,1.68498802e-13,1.864487767e-13,2.960145984e-14,2.941709838e-13,3.620193948e-13,1.093889559e-13,1.01859988e-13,3.65072506e-13,9.548133825e-13,1.245966363e-12,1.006446797e-12,4.694530603e-13,8.624533958e-14,2.244021535e-13,2.219386649e-13,4.513467103e-14,7.629691747e-14,1.493653048e-13,1.278948474e-13,1.369689941e-13,5.846670766e-13,6.995175365e-14,6.225256052e-13,5.002034482e-14,4.165095171e-13,4.602078959e-14
120.265625,5.263667052e-13,1.246882807e-13,7.834164686e-13,2.359102315e-13,1.538193423e-13,3.238012313e-13,1.687515358e-13,1.863542766e-13,2.924101595e-14,2.952212115e-13,3.578983461e-13,1.073218175e-13,1.011310091e-13,3.633582375e-13,9.59111346e-13,1.245600035e-12,1.004236003e-12,4.706684e-13,8.644632696e-14,2.226273801e-13,2.224676555e-13,4.460841857e-14,7.629873572e-14,1.493252513e-13,1.281520971e-13,1.37277502e-13,5.744525246e-13,6.945792263e-14,6.124295256e-13,5.013192254e-14,4.087151607e-13,4.603174938e-14
120.2734375,5.308862863e-13,1.233342017e-13,7.754767852e-13,2.383682604e-13,1.537841498e-13,3.263559667e-13,1.689547283e-13,1.862019583e-13,2.890501711e-14,2.96354322e-13,3.53661488e-13,1.053597488e-13,1.004787471e-13,3.617721117e-13,9.630376431e-13,1.244487758e-12,1.001373538e-12,4.717094091e-13,8.670985131e-14,2.204051156e-13,2.230402763e-13,4.411341567e-14,7.625781788e-14,1.492138411e-13,1.283631639e-13,1.374928281e-13,5.643177351e-13,6.893850658e-14,6.023000581e-13,5.022366596e-14,4.010517485e-13,4.600043817e-14
120.28125,5.355659812e-13,1.221868766e-13,7.678561859e-13,2.410525264e-13,1.540026211e-13,3.28945491e-13,1.690841368e-13,1.860168846e-13,2.862359014e-14,2.974715868e-13,3.496124335e-13,1.036056901e-13,9.997674441e-14,3.60435076e-13,9.669652566e-13,1.243006468e-12,9.979759583e-13,4.728350374e-13,8.708846857e-14,2.181131096e-13,2.237493742e-13,4.371462712e-14,7.623400521e-14,1.49110581e-13,1.285603818e-13,1.377078707e-13,5.543007446e-13,6.855784117e-14,5.925084034e-13,5.034754959e-14,3.938463082e-13,4.597363226e-14
120.2890625,5.402428536e-13,1.212188191e-13,7.602556159e-13,2.438260135e-13,1.544295034e-13,3.314280191e-13,1.691455494e-13,1.857985043e-13,2.833280902e-14,2.984992278e-13,3.455785857e-13,1.018931237e-13,9.951461318e-14,3.59097321e-13,9.706257262e-13,1.241156757e-12,9.940742554e-13,4.739946e-13,8.750122379e-14,2.159511707e-13,2.244598725e-13,4.330790785e-14,7.622539709e-14,1.490061277e-13,1.286962878e-13,1.37945527e-13,5.443762822e-13,6.831006354e-14,5.829037747e-13,5.052466379e-14,3.866723503e-13,4.597099322e-14
120.296875,5.450985438e-13,1.203198845e-13,7.523164398e-13,2.465279782e-13,1.549455002e-13,3.338466902e-13,1.691355038e-13,1.855497256e-13,2.801284367e-14,2.994182584e-13,3.413098343e-13,1.000982493e-13,9.907525026e-14,3.576395956e-13,9.738778489e-13,1.238994418e-12,9.89811127e-13,4.750748397e-13,8.793492271e-14,2.137440934e-13,2.251090363e-13,4.285916726e-14,7.615500166e-14,1.48800944e-13,1.287422877e-13,1.381241839e-13,5.344983712e-13,6.811292187e-14,5.732203684e-13,5.069309908e-14,3.792632945e-13,4.595361902e-14
120.3046875,5.499977358e-13,1.193778924e-13,7.440757158e-13,2.493750694e-13,1.555390006e-13,3.363596806e-13,1.690344215e-13,1.852939483e-13,2.772874573e-14,3.002632574e-13,3.367997979e-13,9.829120745e-14,9.865865974e-14,3.560602478e-13,9.766547499e-13,1.236377697e-12,9.85094757e-13,4.759216056e-13,8.833650102e-14,2.114572954e-13,2.257080101e-13,4.244835795e-14,7.602222076e-14,1.485186092e-13,1.286881641e-13,1.381970741e-13,5.245642256e-13,6.791643533e-14,5.633645284e-13,5.081197772e-14,3.717896904e-13,4.591989368e-14
120.3125,5.547927273e-13,1.182201496e-13,7.356870636e-13,2.522160661e-13,1.56219562e-13,3.388354944e-13,1.689002347e-13,1.850426472e-13,2.747952034e-14,3.011206338e-13,3.32072949e-13,9.649937651e-14,9.818192695e-14,3.543489547e-13,9.788581336e-13,1.233097283e-12,9.798453358e-13,4.764382122e-13,8.865275935e-14,2.091420201e-13,2.262466714e-13,4.204110019e-14,7.589394244e-14,1.482765443e-13,1.285514373e-13,1.381907554e-13,5.146027803e-13,6.765741481e-14,5.533375594e-13,5.091469917e-14,3.642136405e-13,4.589078685e-14
120.3203125,5.596441921e-13,1.168745768e-13,7.272304027e-13,2.548701206e-13,1.569720581e-13,3.412374191e-13,1.687877609e-13,1.848196896e-13,2.721223496e-14,3.019749982e-13,3.271392676e-13,9.469019063e-14,9.767673412e-14,3.526490433e-13,9.807927012e-13,1.229434303e-12,9.742194126e-13,4.767817294e-13,8.895821267e-14,2.066884465e-13,2.267972408e-13,4.158123332e-14,7.577555959e-14,1.48036994e-13,1.283815409e-13,1.381292989e-13,5.046849483e-13,6.730138774e-14,5.432471124e-13,5.101978365e-14,3.564779957e-13,4.586480827e-14
120.328125,5.644178292e-13,1.155764365e-13,7.187084114e-13,2.576207255e-13,1.578154762e-13,3.436193466e-13,1.686257594e-13,1.846266868e-13,2.694959493e-14,3.027233656e-13,3.221378737e-13,9.289412365e-14,9.722612817e-14,3.510000453e-13,9.825875477e-13,1.225588035e-12,9.680958889e-13,4.770382109e-13,8.926563934e-14,2.042041005e-13,2.274334043e-13,4.114900789e-14,7.56368423e-14,1.477297522e-13,1.281682576e-13,1.380665797e-13,4.947744047e-13,6.690025469e-14,5.332554456e-13,5.112158965e-14,3.487966586e-13,4.586035099e-14
120.3359375,5.690402334e-13,1.143983238e-13,7.101040886e-13,2.603943104e-13,1.587954559e-13,3.45854497e-13,1.683901667e-13,1.843725797e-13,2.673078989e-14,3.034115521e-13,3.17222082e-13,9.113828874e-14,9.678986437e-14,3.492918662e-13,9.838988448e-13,1.221284729e-12,9.613735023e-13,4.771338834e-13,8.951009728e-14,2.018608208e-13,2.280815961e-13,4.078967215e-14,7.547308027e-14,1.474530008e-13,1.278693729e-13,1.380309089e-13,4.849291546e-13,6.654421102e-14,5.233900272e-13,5.123466627e-14,3.412353117e-13,4.587935463e-14
120.34375,5.739171595e-13,1.132706232e-13,7.01451357e-13,2.629221388e-13,1.599088385e-13,3.480323881e-13,1.681588994e-13,1.839971284e-13,2.653217252e-14,3.041205717e-13,3.12320659e-13,8.941855257e-14,9.635674498e-14,3.476011984e-13,9.846360767e-13,1.216302231e-12,9.54271635e-13,4.771331284e-13,8.972900605e-14,1.993750857e-13,2.286597778e-13,4.044323383e-14,7.525497172e-14,1.472150629e-13,1.274862163e-13,1.379036567e-13,4.752560599e-13,6.630051053e-14,5.135835189e-13,5.135693958e-14,3.337096178e-13,4.585921911e-14
120.3515625,5.790100092e-13,1.121820604e-13,6.927577117e-13,2.655235657e-13,1.610971663e-13,3.503601549e-13,1.678969588e-13,1.835664681e-13,2.632353957e-14,3.047578411e-13,3.072610123e-13,8.773822677e-14,9.5993382e-14,3.459437024e-13,9.849214861e-13,1.210636892e-12,9.466491575e-13,4.770650882e-13,8.994615143e-14,1.965734365e-13,2.292075543e-13,4.008791107e-14,7.49528626e-14,1.468341296e-13,1.270148663e-13,1.376152732e-13,4.657505118e-13,6.614371859e-14,5.039023222e-13,5.146253765e-14,3.26266725e-13,4.577654044e-14
120.359375,5.839408296e-13,1.11125555e-13,6.840006761e-13,2.68352897e-13,1.62350346e-13,3.526229154e-13,1.675278539e-13,1.831170032e-13,2.609013884e-14,3.052866663e-13,3.020889963e-13,8.607008089e-14,9.566802066e-14,3.441956153e-13,9.848633816e-13,1.204555447e-12,9.383709227e-13,4.768615254e-13,9.012636091e-14,1.93787595e-13,2.297957543e-13,3.973136457e-14,7.46078917e-14,1.462876372e-13,1.264664013e-13,1.373010331e-13,4.564083036e-13,6.595376246e-14,4.944423228e-13,5.155988156e-14,3.188506969e-13,4.569337758e-14
120.3671875,5.890304598e-13,1.101049131e-13,6.75286787e-13,2.710863757e-13,1.637666847e-13,3.546530249e-13,1.671089989e-13,1.825946327e-13,2.583461516e-14,3.058043442e-13,2.969617498e-13,8.441258931e-14,9.533107103e-14,3.425534638e-13,9.847571151e-13,1.198473081e-12,9.299744233e-13,4.766597264e-13,9.034319396e-14,1.911439542e-13,2.304439958e-13,3.93732038e-14,7.426168142e-14,1.457438243e-13,1.258952406e-13,1.37055176e-13,4.471618408e-13,6.571164069e-14,4.851052396e-13,5.169063612e-14,3.113598876e-13,4.564886715e-14
120.375,5.945280931e-13,1.091557985e-13,6.667303858e-13,2.738041632e-13,1.654050282e-13,3.567211977e-13,1.666802795e-13,1.819991811e-13,2.560724435e-14,3.062634565e-13,2.918732427e-13,8.28415946e-14,9.506037506e-14,3.41196027e-13,9.846189037e-13,1.192308328e-12,9.216294347e-13,4.764936337e-13,9.066181396e-14,1.885125411e-13,2.311230023e-13,3.905946367e-14,7.391097498e-14,1.452478059e-13,1.252886796e-13,1.36838631e-13,4.379018983e-13,6.555816613e-14,4.758358232e-13,5.186556992e-14,3.040436926e-13,4.562612306e-14
120.3828125,5.998155417e-13,1.082501834e-13,6.581816994e-13,2.767508352e-13,1.670953554e-13,3.589010472e-13,1.66212036e-13,1.813919356e-13,2.542796502e-14,3.065514417e-13,2.867277288e-13,8.136676141e-14,9.488843186e-14,3.398303995e-13,9.840819409e-13,1.185704265e-12,9.128111008e-13,4.760555566e-13,9.097995492e-14,1.859447647e-13,2.317903481e-13,3.879820202e-14,7.356416373e-14,1.446993963e-13,1.24590626e-13,1.366091105e-13,4.287526971e-13,6.550010555e-14,4.668067126e-13,5.203204877e-14,2.970809014e-13,4.559718551e-14
120.390625,6.047292778e-13,1.073295393e-13,6.494741797e-13,2.797283721e-13,1.686642207e-13,3.610058012e-13,1.657478601e-13,1.807725424e-13,2.524196556e-14,3.067403161e-13,2.814793961e-13,7.991907977e-14,9.473499797e-14,3.383103209e-13,9.830606068e-13,1.178670457e-12,9.035177486e-13,4.75339931e-13,9.121675244e-14,1.833154378e-13,2.324336316e-13,3.852061785e-14,7.321469475e-14,1.440459289e-13,1.23827797e-13,1.362743476e-13,4.198576453e-13,6.536906992e-14,4.580811788e-13,5.213350707e-14,2.901575053e-13,4.55300283e-14
120.3984375,6.099734281e-13,1.06355379e-13,6.407813307e-13,2.825051873e-13,1.703071008e-13,3.630762568e-13,1.653118365e-13,1.800958711e-13,2.504702558e-14,3.069516457e-13,2.761921702e-13,7.84962017e-14,9.461835351e-14,3.368698992e-13,9.815585306e-13,1.171198003e-12,8.940945418e-13,4.747024694e-13,9.143194885e-14,1.803985302e-13,2.330477947e-13,3.824720678e-14,7.283604393e-14,1.433472338e-13,1.230360272e-13,1.35785955e-13,4.111085002e-13,6.518783456e-14,4.494471443e-13,5.219945133e-14,2.831575333e-13,4.543353602e-14
120.40625,6.156119696e-13,1.053410258e-13,6.322869553e-13,2.850831236e-13,1.72278074e-13,3.651224872e-13,1.648285375e-13,1.793744309e-13,2.489493369e-14,3.071831548e-13,2.710382826e-13,7.711405363e-14,9.461812314e-14,3.355512791e-13,9.794870718e-13,1.163230305e-12,8.844113101e-13,4.741319902e-13,9.169122707e-14,1.77460237e-13,2.336079517e-13,3.805526312e-14,7.245918555e-14,1.426709302e-13,1.22195456e-13,1.353088823e-13,4.02475587e-13,6.514057126e-14,4.40774548e-13,5.231154636e-14,2.764670562e-13,4.537374027e-14
120.4140625,6.210839198e-13,1.044144184e-13,6.238819431e-13,2.876684893e-13,1.74423288e-13,3.670326038e-13,1.642902349e-13,1.786442768e-13,2.475874675e-14,3.073690997e-13,2.66064091e-13,7.574634083e-14,9.468703682e-14,3.34263761e-13,9.771686153e-13,1.155159686e-12,8.744698507e-13,4.733860679e-13,9.199986074e-14,1.747883185e-13,2.341181646e-13,3.790297408e-14,7.210972688e-14,1.41958595e-13,1.213189982e-13,1.34953175e-13,3.941085527e-13,6.519676399e-14,4.32286333e-13,5.248106657e-14,2.701856276e-13,4.536906028e-14
120.421875,6.264377297e-13,1.035939766e-13,6.155319798e-13,2.904996755e-13,1.765577122e-13,3.689365607e-13,1.63759142e-13,1.778668009e-13,2.46027952e-14,3.074838999e-13,2.611390471e-13,7.440125806e-14,9.476233173e-14,3.330371404e-13,9.748403049e-13,1.147189361e-12,8.645131299e-13,4.724313339e-13,9.231363045e-14,1.722266535e-13,2.346228255e-13,3.773681206e-14,7.173702532e-14,1.411334985e-13,1.204178623e-13,1.346012112e-13,3.860170591e-13,6.518963485e-14,4.242498665e-13,5.264433541e-14,2.639885464e-13,4.537646869e-14
120.4296875,6.319247618e-13,1.026643437e-13,6.073998905e-13,2.932965653e-13,1.78833761e-13,3.708798247e-13,1.632168166e-13,1.769904506e-13,2.446902118e-14,3.075816534e-13,2.562134105e-13,7.309234247e-14,9.486466913e-14,3.318103614e-13,9.721333732e-13,1.138888017e-12,8.542281512e-13,4.711640965e-13,9.256202884e-14,1.696883986e-13,2.351536249e-13,3.75965028e-14,7.131853489e-14,1.40271781e-13,1.194311484e-13,1.341850894e-13,3.780963526e-13,6.509656216e-14,4.165501582e-13,5.27681234e-14,2.577970674e-13,4.538703738e-14
120.4375,6.374455532e-13,1.015919984e-13,5.995232228e-13,2.957056994e-13,1.813502522e-13,3.727057034e-13,1.62622973e-13,1.760503896e-13,2.436661507e-14,3.077034216e-13,2.513114208e-13,7.182480427e-14,9.502115373e-14,3.30590342e-13,9.689388751e-13,1.130061557e-12,8.433456915e-13,4.695646691e-13,9.276060251e-14,1.671819923e-13,2.357116522e-13,3.748929614e-14,7.088276172e-14,1.394534907e-13,1.183476328e-13,1.337233361e-13,3.703074333e-13,6.500645368e-14,4.089781324e-13,5.288368267e-14,2.518419718e-13,4.540273858e-14
120.4453125,6.4315492e-13,1.006185838e-13,5.918604285e-13,2.981458932e-13,1.839772844e-13,3.746014772e-13,1.620168572e-13,1.750902263e-13,2.42743607e-14,3.078139201e-13,2.464578172e-13,7.066720982e-14,9.529899114e-14,3.296104543e-13,9.65661572e-13,1.121107534e-12,8.324441787e-13,4.680811262e-13,9.30077416e-14,1.645391086e-13,2.362869854e-13,3.740447871e-14,7.043314399e-14,1.386553997e-13,1.172545862e-13,1.331776477e-13,3.626438534e-13,6.504702625e-14,4.016682598e-13,5.303054407e-14,2.462775337e-13,4.540316883e-14
120.453125,6.491969849e-13,9.984561805e-14,5.844538456e-13,3.009428213e-13,1.866739083e-13,3.767694565e-13,1.614532958e-13,1.74094783e-13,2.421700844e-14,3.079012317e-13,2.417572605e-13,6.965258454e-14,9.573175223e-14,3.289162266e-13,9.62505184e-13,1.112463927e-12,8.220159811e-13,4.669646029e-13,9.331661933e-14,1.618655372e-13,2.368940261e-13,3.737652346e-14,6.997900049e-14,1.378824055e-13,1.161906122e-13,1.326093559e-13,3.551611843e-13,6.529146841e-14,3.94751926e-13,5.322202849e-14,2.410498428e-13,4.541030454e-14
120.4609375,6.552631229e-13,9.9182745e-14,5.773406437e-13,3.036675125e-13,1.895553886e-13,3.789752188e-13,1.609262446e-13,1.730439557e-13,2.416540752e-14,3.079333904e-13,2.372450624e-13,6.870430141e-14,9.620372291e-14,3.283729156e-13,9.594221614e-13,1.104184062e-12,8.118050148e-13,4.659124633e-13,9.364657654e-14,1.595117857e-13,2.375718692e-13,3.737786416e-14,6.953425701e-14,1.370903329e-13,1.151133412e-13,1.321640265e-13,3.479968315e-13,6.560488763e-14,3.881070413e-13,5.345916464e-14,2.360138385e-13,4.545285998e-14
120.46875,6.6142397e-13,9.849549658e-14,5.70550111e-13,3.061471571e-13,1.927060528e-13,3.811340129e-13,1.603723481e-13,1.719170065e-13,2.405774239e-14,3.077807809e-13,2.328567721e-13,6.777070649e-14,9.671089946e-14,3.280280866e-13,9.562483549e-13,1.095890499e-12,8.015601539e-13,4.647977187e-13,9.404217794e-14,1.573734483e-13,2.383238566e-13,3.737346337e-14,6.90721986e-14,1.361476184e-13,1.140033836e-13,1.31799112e-13,3.411785503e-13,6.584207139e-14,3.817164423e-13,5.373481522e-14,2.312064604e-13,4.550053028e-14
120.4765625,6.680350642e-13,9.766764939e-14,5.640387675e-13,3.08650483e-13,1.960353856e-13,3.833972313e-13,1.597519098e-13,1.707216752e-13,2.395380822e-14,3.074577712e-13,2.285941202e-13,6.686294217e-14,9.741600285e-14,3.279266309e-13,9.52835232e-13,1.087441501e-12,7.913735648e-13,4.637462197e-13,9.451017244e-14,1.550810677e-13,2.39105274e-13,3.74285847e-14,6.85975823e-14,1.351055916e-13,1.128758559e-13,1.314004749e-13,3.345642062e-13,6.609210954e-14,3.756497972e-13,5.401935125e-14,2.267745913e-13,4.554723467e-14
120.484375,6.748123336e-13,9.684153847e-14,5.575826962e-13,3.112481529e-13,1.99350059e-13,3.856903529e-13,1.5912506e-13,1.695417346e-13,2.391293956e-14,3.071971904e-13,2.243636415e-13,6.598701073e-14,9.826842851e-14,3.279516478e-13,9.494280761e-13,1.079301805e-12,7.813038581e-13,4.626758889e-13,9.493860011e-14,1.526936304e-13,2.398378176e-13,3.754168126e-14,6.814853418e-14,1.341110173e-13,1.117399308e-13,1.310199396e-13,3.280656775e-13,6.646047188e-14,3.698416436e-13,5.428707413e-14,2.225698941e-13,4.563271635e-14
120.4921875,6.814778847e-13,9.627844239e-14,5.510705917e-13,3.139787803e-13,2.026580172e-13,3.879450594e-13,1.585497625e-13,1.684012536e-13,2.387874678e-14,3.070880676e-13,2.200509101e-13,6.516273823e-14,9.912585812e-14,3.280594819e-13,9.461055133e-13,1.071516301e-12,7.713415162e-13,4.615420453e-13,9.530783148e-14,1.505265333e-13,2.404253443e-13,3.762622776e-14,6.769398942e-14,1.331010461e-13,1.105990241e-13,1.307041091e-13,3.217491017e-13,6.691680897e-14,3.642621125e-13,5.456058603e-14,2.18406898e-13,4.574423311e-14
120.5,6.882539637e-13,9.586516394e-14,5.446945941e-13,3.167788297e-13,2.061196965e-13,3.901621733e-13,1.579792256e-13,1.672075053e-13,2.384195259e-14,3.06968402e-13,2.158369164e-13,6.442061734e-14,1.000661741e-13,3.282965266e-13,9.423653212e-13,1.063494619e-12,7.614866021e-13,4.604496295e-13,9.571162887e-14,1.485878135e-13,2.409025634e-13,3.771629344e-14,6.719251605e-14,1.320142703e-13,1.094479282e-13,1.303933786e-13,3.157194827e-13,6.742156633e-14,3.589623282e-13,5.487761437e-14,2.144889553e-13,4.585101187e-14
120.5078125,6.950938987e-13,9.534205215e-14,5.386295349e-13,3.193429014e-13,2.097408025e-13,3.922619054e-13,1.573984044e-13,1.659182229e-13,2.383822453e-14,3.06730111e-13,2.118180414e-13,6.376826241e-14,1.010761568e-13,3.287078502e-13,9.382055689e-13,1.055218858e-12,7.516746642e-13,4.593471325e-13,9.614998237e-14,1.466288997e-13,2.41457422e-13,3.787726135e-14,6.667797328e-14,1.309537444e-13,1.082771673e-13,1.300997175e-13,3.10028971e-13,6.7915146e-14,3.539859358e-13,5.523032402e-14,2.109367026e-13,4.597855595e-14
120.515625,7.019191605e-13,9.481083717e-14,5.328534875e-13,3.217498998e-13,2.135116563e-13,3.944189053e-13,1.568617747e-13,1.645416056e-13,2.382297067e-14,3.06445055e-13,2.077871956e-13,6.319491487e-14,1.020010898e-13,3.293355759e-13,9.341373961e-13,1.047044641e-12,7.41868636e-13,4.581812117e-13,9.658566089e-14,1.445980594e-13,2.4213539e-13,3.806869033e-14,6.618027364e-14,1.29910073e-13,1.070852632e-13,1.298674206e-13,3.046101623e-13,6.839028217e-14,3.493695405e-13,5.559998952e-14,2.075533093e-13,4.613345795e-14
120.5234375,7.090415653e-13,9.451141811e-14,5.273009114e-13,3.243006769e-13,2.17517837e-13,3.967839016e-13,1.563086347e-13,1.630612631e-13,2.379238424e-14,3.061828229e-13,2.037760512e-13,6.266813565e-14,1.029711476e-13,3.301278206e-13,9.300596869e-13,1.038908604e-12,7.321652164e-13,4.570589368e-13,9.708456949e-14,1.427496092e-13,2.428010509e-13,3.829025453e-14,6.56898128e-14,1.287937845e-13,1.058766902e-13,1.296732123e-13,2.993564557e-13,6.901513648e-14,3.450492348e-13,5.601028107e-14,2.044017328e-13,4.62795134e-14
120.53125,7.163587119e-13,9.440819149e-14,5.219602451e-13,3.269058569e-13,2.216857021e-13,3.990650115e-13,1.556494959e-13,1.615386773e-13,2.381721117e-14,3.058738464e-13,1.999576606e-13,6.217613323e-14,1.041704416e-13,3.310453794e-13,9.258734278e-13,1.030996671e-12,7.227147171e-13,4.560492314e-13,9.768565448e-14,1.412572509e-13,2.434330499e-13,3.858482e-14,6.519849817e-14,1.276523917e-13,1.046754305e-13,1.295420904e-13,2.943429607e-13,6.982950149e-14,3.409898005e-13,5.648067999e-14,2.017188863e-13,4.643042554e-14
120.5390625,7.234627852e-13,9.425637994e-14,5.1685604e-13,3.294916274e-13,2.258677681e-13,4.011759633e-13,1.549831248e-13,1.600446945e-13,2.387639541e-14,3.054270137e-13,1.961812855e-13,6.175608387e-14,1.054499436e-13,3.322058786e-13,9.219713144e-13,1.023624076e-12,7.135283605e-13,4.551421884e-13,9.831469907e-14,1.399024969e-13,2.440821792e-13,3.890289849e-14,6.468530191e-14,1.26509586e-13,1.035042805e-13,1.294929168e-13,2.896918494e-13,7.061101739e-14,3.373050505e-13,5.698444012e-14,1.993659193e-13,4.661906977e-14
120.546875,7.305403344e-13,9.396546387e-14,5.119445581e-13,3.321006524e-13,2.300627471e-13,4.033621656e-13,1.544043737e-13,1.584909611e-13,2.391399984e-14,3.049113288e-13,1.923602159e-13,6.140791393e-14,1.066808673e-13,3.335874022e-13,9.180718639e-13,1.016242611e-12,7.043964467e-13,4.542260577e-13,9.891843182e-14,1.383563691e-13,2.446850235e-13,3.920536707e-14,6.414703625e-14,1.253024538e-13,1.023306663e-13,1.294369209e-13,2.853275185e-13,7.132535649e-14,3.339503773e-13,5.749733628e-14,1.971038204e-13,4.681840271e-14
120.5546875,7.379065013e-13,9.373470732e-14,5.070474468e-13,3.345612269e-13,2.34298704e-13,4.05561721e-13,1.538206164e-13,1.567855805e-13,2.395707172e-14,3.044586953e-13,1.886859921e-13,6.10709575e-14,1.079478066e-13,3.349308126e-13,9.13542966e-13,1.008313653e-12,6.95175123e-13,4.531251119e-13,9.951620066e-14,1.367010882e-13,2.451861031e-13,3.953895771e-14,6.363333139e-14,1.240497147e-13,1.011129128e-13,1.293523432e-13,2.811748749e-13,7.217089096e-14,3.307581983e-13,5.801516044e-14,1.949309984e-13,4.701324926e-14
120.5625,7.453840598e-13,9.368589931e-14,5.020130649e-13,3.368831002e-13,2.386018104e-13,4.076421932e-13,1.531711271e-13,1.549785887e-13,2.402159107e-14,3.040507144e-13,1.851732346e-13,6.071518564e-14,1.092732347e-13,3.361701477e-13,9.08605849e-13,1.00018722e-12,6.85974169e-13,4.519070997e-13,1.001316701e-13,1.352726293e-13,2.456089426e-13,3.991840894e-14,6.314736164e-14,1.227815168e-13,9.986595125e-14,1.292796061e-13,2.77244098e-13,7.315235665e-14,3.27751289e-13,5.852291823e-14,1.928527604e-13,4.723780367e-14
120.5703125,7.527516284e-13,9.369273404e-14,4.969068911e-13,3.392238693e-13,2.429841497e-13,4.096760593e-13,1.525052601e-13,1.531273129e-13,2.408903652e-14,3.035876458e-13,1.816966056e-13,6.036204887e-14,1.106493315e-13,3.374557309e-13,9.036657791e-13,9.921798488e-13,6.768543516e-13,4.507756154e-13,1.00774451e-13,1.340587192e-13,2.459927425e-13,4.032380573e-14,6.262604244e-14,1.21480268e-13,9.860824784e-14,1.29178846e-13,2.73471055e-13,7.417274767e-14,3.249742164e-13,5.902974409e-14,1.90897408e-13,4.748344419e-14
120.578125,7.600641214e-13,9.370894977e-14,4.919290636e-13,3.414952834e-13,2.473441161e-13,4.11639768e-13,1.518231494e-13,1.51243979e-13,2.417896485e-14,3.030675656e-13,1.782942401e-13,6.00327703e-14,1.121183373e-13,3.38772024e-13,8.987722418e-13,9.843679896e-13,6.678096007e-13,4.497075752e-13,1.014458087e-13,1.328724588e-13,2.464000532e-13,4.076430904e-14,6.207407471e-14,1.202044046e-13,9.734267533e-14,1.290919745e-13,2.698721988e-13,7.527852069e-14,3.22437806e-13,5.958208582e-14,1.89200457e-13,4.771706948e-14
120.5859375,7.675095893e-13,9.374657461e-14,4.871563739e-13,3.438111532e-13,2.51707924e-13,4.135544474e-13,1.511245178e-13,1.493365333e-13,2.430402995e-14,3.025512342e-13,1.750281062e-13,5.972566997e-14,1.136236645e-13,3.400694266e-13,8.940541534e-13,9.76958884e-13,6.590170676e-13,4.486439919e-13,1.021438899e-13,1.318345173e-13,2.468267954e-13,4.124415083e-14,6.154865418e-14,1.190002626e-13,9.609491879e-14,1.291314804e-13,2.66506089e-13,7.645349049e-14,3.202312137e-13,6.01848326e-14,1.877372063e-13,4.796789798e-14
120.59375,7.751316157e-13,9.372285102e-14,4.825054456e-13,3.464121881e-13,2.562625452e-13,4.155450957e-13,1.504774487e-13,1.473859877e-13,2.44433828e-14,3.020685916e-13,1.718747817e-13,5.943715109e-14,1.15110274e-13,3.414933277e-13,8.893823348e-13,9.696912307e-13,6.504893428e-13,4.476173364e-13,1.028691204e-13,1.310251852e-13,2.471735041e-13,4.175938322e-14,6.103880731e-14,1.177688301e-13,9.486553272e-14,1.29230635e-13,2.632371635e-13,7.760557123e-14,3.182558905e-13,6.080151386e-14,1.863848904e-13,4.826171938e-14
120.6015625,7.826682392e-13,9.371083908e-14,4.779358582e-13,3.490294853e-13,2.608967775e-13,4.175672438e-13,1.499005588e-13,1.454051991e-13,2.459412249e-14,3.016370369e-13,1.687904635e-13,5.917028509e-14,1.166471733e-13,3.43047482e-13,8.844285255e-13,9.621440442e-13,6.419649258e-13,4.465103196e-13,1.036010459e-13,1.302822924e-13,2.474133424e-13,4.231313999e-14,6.051715533e-14,1.164342136e-13,9.362533098e-14,1.292803924e-13,2.600781541e-13,7.880228361e-14,3.163004729e-13,6.142433444e-14,1.851852158e-13,4.856236489e-14
120.609375,7.900693828e-13,9.382863474e-14,4.73430625e-13,3.513885389e-13,2.653416952e-13,4.195565336e-13,1.493424032e-13,1.434605878e-13,2.476470696e-14,3.012590286e-13,1.657404462e-13,5.890054976e-14,1.182612525e-13,3.445158367e-13,8.793530565e-13,9.546682403e-13,6.335659155e-13,4.452549166e-13,1.043238477e-13,1.296560766e-13,2.475728614e-13,4.288723883e-14,6.001559171e-14,1.150930829e-13,9.239460571e-14,1.293090339e-13,2.572811074e-13,8.01246173e-14,3.144171288e-13,6.20507498e-14,1.841743139e-13,4.885439727e-14
120.6171875,7.977334284e-13,9.397992148e-14,4.688987242e-13,3.536587784e-13,2.696919444e-13,4.214860948e-13,1.487706758e-13,1.415447126e-13,2.495281082e-14,3.008831376e-13,1.627783475e-13,5.860918725e-14,1.199013815e-13,3.459318099e-13,8.743413398e-13,9.476097376e-13,6.256314778e-13,4.440354677e-13,1.050699228e-13,1.292721842e-13,2.476313986e-13,4.346343432e-14,5.955782294e-14,1.138572053e-13,9.120387283e-14,1.293550838e-13,2.547872087e-13,8.150852596e-14,3.127570924e-13,6.267066145e-14,1.832838691e-13,4.916206043e-14
120.625,8.056268248e-13,9.415237095e-14,4.643664543e-13,3.559767824e-13,2.741556946e-13,4.233138296e-13,1.481937202e-13,1.39584315e-13,2.515318173e-14,3.004439774e-13,1.599720689e-13,5.833746605e-14,1.215499436e-13,3.474998785e-13,8.692601733e-13,9.405972446e-13,6.17913282e-13,4.428871972e-13,1.058588048e-13,1.289943423e-13,2.475967707e-13,4.404944723e-14,5.91230154e-14,1.126541974e-13,9.003043585e-14,1.294360804e-13,2.523473595e-13,8.291795573e-14,3.113429966e-13,6.331261573e-14,1.825223088e-13,4.947966566e-14
120.6328125,8.131839147e-13,9.44187468e-14,4.599090469e-13,3.584134273e-13,2.78690223e-13,4.252006751e-13,1.476222374e-13,1.375554347e-13,2.536113004e-14,2.999051005e-13,1.572541497e-13,5.80957212e-14,1.232391632e-13,3.491655948e-13,8.641842288e-13,9.333926156e-13,6.100449981e-13,4.41652852e-13,1.066781001e-13,1.2875011e-13,2.474820858e-13,4.465777807e-14,5.868779323e-14,1.11319211e-13,8.885699886e-14,1.295434388e-13,2.500071707e-13,8.439184123e-14,3.100708399e-13,6.398908776e-14,1.81942927e-13,4.978483874e-14
120.640625,8.203744111e-13,9.4675289e-14,4.55391646e-13,3.61016498e-13,2.832161621e-13,4.271887494e-13,1.470218393e-13,1.354597094e-13,2.558265576e-14,2.992729012e-13,1.545646476e-13,5.783953462e-14,1.250312595e-13,3.508529962e-13,8.591657012e-13,9.262075974e-13,6.023114956e-13,4.403982611e-13,1.075497597e-13,1.285980341e-13,2.472866631e-13,4.529727389e-14,5.824640984e-14,1.098543049e-13,8.769155186e-14,1.296159491e-13,2.479119499e-13,8.59559501e-14,3.087758249e-13,6.465626378e-14,1.815530785e-13,5.008212887e-14
120.6484375,8.275641457e-13,9.492600897e-14,4.507834768e-13,3.635372851e-13,2.876978934e-13,4.289361816e-13,1.463732135e-13,1.33309355e-13,2.581735848e-14,2.986362418e-13,1.519357082e-13,5.758626552e-14,1.26901882e-13,3.526362131e-13,8.540181663e-13,9.191605246e-13,5.950215077e-13,4.392302179e-13,1.084698447e-13,1.285464865e-13,2.470979157e-13,4.594556662e-14,5.782163131e-14,1.083947993e-13,8.653831234e-14,1.29687828e-13,2.460781002e-13,8.75956249e-14,3.075569964e-13,6.530798947e-14,1.813175745e-13,5.038495057e-14
120.65625,8.347539986e-13,9.527799737e-14,4.462930544e-13,3.658953208e-13,2.921323492e-13,4.30416999e-13,1.45743281e-13,1.311657299e-13,2.604935245e-14,2.980514399e-13,1.493712582e-13,5.735623599e-14,1.287479135e-13,3.544410898e-13,8.488324484e-13,9.122331737e-13,5.87994439e-13,4.380500304e-13,1.094030738e-13,1.286972502e-13,2.469339378e-13,4.657301669e-14,5.744350069e-14,1.069501225e-13,8.542560272e-14,1.298282813e-13,2.444572696e-13,8.923266375e-14,3.066381597e-13,6.598014792e-14,1.811648463e-13,5.070190626e-14
120.6640625,8.421698315e-13,9.563873987e-14,4.418706508e-13,3.684299364e-13,2.967533938e-13,4.320474556e-13,1.451431017e-13,1.290459764e-13,2.630034593e-14,2.973893783e-13,1.469117708e-13,5.710404466e-14,1.306540648e-13,3.563156464e-13,8.43797466e-13,9.054751324e-13,5.812316616e-13,4.36986308e-13,1.104429578e-13,1.290437453e-13,2.466192804e-13,4.72458415e-14,5.710523931e-14,1.054521254e-13,8.4383653e-14,1.299626187e-13,2.42973466e-13,9.089369726e-14,3.058305646e-13,6.666699163e-14,1.81180999e-13,5.104030541e-14
120.671875,8.502669434e-13,9.600817011e-14,4.373270821e-13,3.710745173e-13,3.017041589e-13,4.33872554e-13,1.444836198e-13,1.268803437e-13,2.65980368e-14,2.965696528e-13,1.44623817e-13,5.68461783e-14,1.327589514e-13,3.585678594e-13,8.387976401e-13,8.989593504e-13,5.750359821e-13,4.363510165e-13,1.116795843e-13,1.293581243e-13,2.460806122e-13,4.802712256e-14,5.679250929e-14,1.039527662e-13,8.339465605e-14,1.300432542e-13,2.416544832e-13,9.275584487e-14,3.049482667e-13,6.73564815e-14,1.815778912e-13,5.138722122e-14
120.6796875,8.584320995e-13,9.649468204e-14,4.328260331e-13,3.733657806e-13,3.066028854e-13,4.355160526e-13,1.437751455e-13,1.246553362e-13,2.68950953e-14,2.957559139e-13,1.424389232e-13,5.662566645e-14,1.349111715e-13,3.610133239e-13,8.336617416e-13,8.925563982e-13,5.692634567e-13,4.359467369e-13,1.129549402e-13,1.297004838e-13,2.454734467e-13,4.881572447e-14,5.65078517e-14,1.024957291e-13,8.243587284e-14,1.301182218e-13,2.405423022e-13,9.47562294e-14,3.042163738e-13,6.806305871e-14,1.822592758e-13,5.171567508e-14
120.6875,8.656735888e-13,9.700654465e-14,4.285460054e-13,3.75449331e-13,3.111342958e-13,4.368270538e-13,1.430764528e-13,1.2242925e-13,2.716212535e-14,2.95038022e-13,1.403052211e-13,5.639659553e-14,1.369788998e-13,3.631454977e-13,8.28286353e-13,8.859471371e-13,5.634898829e-13,4.353391842e-13,1.141131522e-13,1.302926693e-13,2.449172857e-13,4.953888738e-14,5.623601161e-14,1.009915205e-13,8.150079505e-14,1.301699562e-13,2.394973581e-13,9.667249207e-14,3.036417523e-13,6.87793313e-14,1.829468551e-13,5.202958459e-14
120.6953125,8.724109767e-13,9.758875692e-14,4.242834513e-13,3.778494736e-13,3.155305737e-13,4.380135546e-13,1.423246386e-13,1.202069295e-13,2.745546897e-14,2.943214123e-13,1.382650056e-13,5.613689866e-14,1.390943567e-13,3.650885721e-13,8.227406643e-13,8.792153498e-13,5.578022493e-13,4.346397745e-13,1.152385738e-13,1.310553815e-13,2.443325158e-13,5.029008142e-14,5.597819842e-14,9.942286273e-14,8.057670772e-14,1.302130139e-13,2.385250325e-13,9.861174454e-14,3.030392162e-13,6.949548932e-14,1.836355655e-13,5.235833202e-14
120.703125,8.795014026e-13,9.837922244e-14,4.197816517e-13,3.804684463e-13,3.199803329e-13,4.392266668e-13,1.415076615e-13,1.17985664e-13,2.778344923e-14,2.936182696e-13,1.362433363e-13,5.587183113e-14,1.412793169e-13,3.671613974e-13,8.173125047e-13,8.728680306e-13,5.525805945e-13,4.341636529e-13,1.164131967e-13,1.319420811e-13,2.435450225e-13,5.108503599e-14,5.577814171e-14,9.790816257e-14,7.968883511e-14,1.303198081e-13,2.378518007e-13,1.006906407e-13,3.025811597e-13,7.021997515e-14,1.843882484e-13,5.269952486e-14
120.7109375,8.86725148e-13,9.911869413e-14,4.151335989e-13,3.829302832e-13,3.243924714e-13,4.403813766e-13,1.407385467e-13,1.158242827e-13,2.810401773e-14,2.929712969e-13,1.34218359e-13,5.559169751e-14,1.434599602e-13,3.692516478e-13,8.120017282e-13,8.669388594e-13,5.478637997e-13,4.338625572e-13,1.176289205e-13,1.330105029e-13,2.425480024e-13,5.184749074e-14,5.563147357e-14,9.646514561e-14,7.888236898e-14,1.304302421e-13,2.374431597e-13,1.027380267e-13,3.023496053e-13,7.094630054e-14,1.85194195e-13,5.302748304e-14
120.71875,8.936931674e-13,9.968546475e-14,4.106844687e-13,3.853740922e-13,3.28739818e-13,4.414846776e-13,1.400157843e-13,1.137229619e-13,2.845053662e-14,2.922841528e-13,1.323800788e-13,5.532983844e-14,1.457129119e-13,3.713482558e-13,8.065542954e-13,8.610414954e-13,5.434843988e-13,4.336069132e-13,1.189026813e-13,1.340911129e-13,2.415392383e-13,5.262455775e-14,5.54801595e-14,9.500060343e-14,7.812072181e-14,1.304634171e-13,2.37137847e-13,1.048344836e-13,3.021405978e-13,7.168927969e-14,1.861848885e-13,5.335034617e-14
120.7265625,9.00437126e-13,1.004302835e-13,4.065012021e-13,3.879817816e-13,3.32920982e-13,4.426415511e-13,1.392515917e-13,1.116045014e-13,2.884650076e-14,2.915397611e-13,1.307232223e-13,5.513344336e-14,1.48000884e-13,3.735384977e-13,8.010686798e-13,8.552094583e-13,5.393773764e-13,4.333785113e-13,1.201660941e-13,1.351266579e-13,2.405617613e-13,5.344618631e-14,5.531976602e-14,9.352043947e-14,7.734300152e-14,1.304802816e-13,2.370459818e-13,1.071982708e-13,3.020059657e-13,7.248546281e-14,1.873525424e-13,5.368969182e-14
120.734375,9.068691397e-13,1.013827517e-13,4.022826006e-13,3.905545854e-13,3.368167631e-13,4.437355775e-13,1.384809499e-13,1.094647216e-13,2.922884739e-14,2.908069642e-13,1.290276051e-13,5.495595315e-14,1.501904068e-13,3.756636133e-13,7.957730334e-13,8.496776344e-13,5.355383095e-13,4.33171107e-13,1.213365651e-13,1.363153652e-13,2.394724301e-13,5.421934147e-14,5.518731891e-14,9.207172044e-14,7.658738652e-14,1.305392142e-13,2.372587238e-13,1.096069478e-13,3.020458818e-13,7.330293592e-14,1.88462021e-13,5.404174098e-14
120.7421875,9.131527298e-13,1.022668239e-13,3.979931379e-13,3.930863424e-13,3.406823115e-13,4.447321948e-13,1.377531047e-13,1.073534604e-13,2.958803799e-14,2.900198374e-13,1.273332213e-13,5.47759195e-14,1.523836771e-13,3.777833372e-13,7.905814497e-13,8.44316525e-13,5.319710239e-13,4.330688151e-13,1.225443781e-13,1.376735491e-13,2.383029772e-13,5.4960412e-14,5.508456151e-14,9.06011856e-14,7.59062353e-14,1.306240254e-13,2.376722815e-13,1.11879658e-13,3.021162231e-13,7.40933627e-14,1.895595634e-13,5.4411396e-14
120.75,9.196695231e-13,1.03160209e-13,3.938162088e-13,3.957762097e-13,3.447216464e-13,4.458070991e-13,1.369875823e-13,1.052610091e-13,2.99831777e-14,2.891098748e-13,1.258171387e-13,5.462798076e-14,1.546834064e-13,3.800489667e-13,7.852860471e-13,8.389159762e-13,5.286586033e-13,4.331099044e-13,1.239131229e-13,1.390903895e-13,2.371256648e-13,5.576684884e-14,5.499488026e-14,8.910578223e-14,7.525553242e-14,1.307283976e-13,2.382700946e-13,1.142638665e-13,3.022280459e-13,7.489531518e-14,1.908305771e-13,5.480568945e-14
120.7578125,9.262129528e-13,1.041873567e-13,3.895409728e-13,3.985523908e-13,3.486762555e-13,4.467954271e-13,1.361181874e-13,1.031763816e-13,3.041151582e-14,2.881726019e-13,1.244253513e-13,5.446583627e-14,1.570081714e-13,3.821496402e-13,7.79779693e-13,8.335334631e-13,5.255807856e-13,4.331831364e-13,1.253418762e-13,1.405474864e-13,2.357881906e-13,5.660025342e-14,5.490831632e-14,8.77020939e-14,7.458772302e-14,1.308376479e-13,2.390954017e-13,1.168510857e-13,3.02473351e-13,7.573059987e-14,1.921636498e-13,5.51802849e-14
120.765625,9.324759214e-13,1.052300431e-13,3.849403254e-13,4.0132397e-13,3.523621124e-13,4.474199205e-13,1.352016265e-13,1.011333799e-13,3.083940591e-14,2.873103238e-13,1.230364206e-13,5.423219912e-14,1.593378136e-13,3.838726705e-13,7.741134054e-13,8.28251462e-13,5.227178619e-13,4.332568453e-13,1.267371358e-13,1.420429708e-13,2.342162346e-13,5.739498689e-14,5.481472949e-14,8.639959443e-14,7.392877846e-14,1.308880321e-13,2.400732216e-13,1.194516448e-13,3.026984047e-13,7.652844147e-14,1.93432888e-13,5.549966034e-14
120.7734375,9.384706021e-13,1.062908348e-13,3.802326029e-13,4.041747973e-13,3.558896117e-13,4.478574244e-13,1.342884334e-13,9.912572496e-14,3.128582948e-14,2.864917231e-13,1.216600965e-13,5.397658358e-14,1.616541529e-13,3.854671562e-13,7.68356048e-13,8.22802291e-13,5.198522712e-13,4.332779119e-13,1.281251328e-13,1.436029621e-13,2.325557534e-13,5.818860248e-14,5.47277702e-14,8.506240953e-14,7.329661284e-14,1.308588269e-13,2.411195268e-13,1.220021159e-13,3.028136232e-13,7.727061967e-14,1.946731782e-13,5.581666692e-14
120.78125,9.439479139e-13,1.074512357e-13,3.756000674e-13,4.071880288e-13,3.592896814e-13,4.483242436e-13,1.333394752e-13,9.712197334e-14,3.177422595e-14,2.856500557e-13,1.203387903e-13,5.378231467e-14,1.638667476e-13,3.870746522e-13,7.624342044e-13,8.168791571e-13,5.167943128e-13,4.331167398e-13,1.295261106e-13,1.451882323e-13,2.308757123e-13,5.901697803e-14,5.468811042e-14,8.36355386e-14,7.266896078e-14,1.308455762e-13,2.42249927e-13,1.245850647e-13,3.029557009e-13,7.80383427e-14,1.958796977e-13,5.618593422e-14
120.7890625,9.488982134e-13,1.086652757e-13,3.709650898e-13,4.103969087e-13,3.625165387e-13,4.487259371e-13,1.323386035e-13,9.515154193e-14,3.227509248e-14,2.848353076e-13,1.190503705e-13,5.365612327e-14,1.660076086e-13,3.886418437e-13,7.564062084e-13,8.107872743e-13,5.138513284e-13,4.32918427e-13,1.309379816e-13,1.467130517e-13,2.291294937e-13,5.984826206e-14,5.471347537e-14,8.220636633e-14,7.204863086e-14,1.309126619e-13,2.43505308e-13,1.272716096e-13,3.031934663e-13,7.885583959e-14,1.970505529e-13,5.657414316e-14
120.796875,9.538266718e-13,1.099131295e-13,3.662242256e-13,4.135468165e-13,3.655730698e-13,4.489164648e-13,1.313340474e-13,9.325014541e-14,3.274430622e-14,2.841117367e-13,1.177506434e-13,5.351044705e-14,1.681198602e-13,3.901020792e-13,7.503998077e-13,8.04939719e-13,5.112804913e-13,4.328193627e-13,1.323347227e-13,1.483492861e-13,2.272849405e-13,6.063032602e-14,5.477973892e-14,8.086025301e-14,7.145578082e-14,1.309915001e-13,2.44879296e-13,1.299829558e-13,3.034862712e-13,7.965723087e-14,1.981724388e-13,5.694553457e-14
120.8046875,9.585194413e-13,1.112123773e-13,3.613518666e-13,4.164395837e-13,3.684394232e-13,4.488720963e-13,1.303128837e-13,9.138531685e-14,3.319298646e-14,2.8337172e-13,1.165001759e-13,5.330867091e-14,1.701512875e-13,3.913180925e-13,7.441788341e-13,7.990099788e-13,5.087444239e-13,4.325422607e-13,1.336732365e-13,1.502655131e-13,2.253256058e-13,6.136510998e-14,5.486706506e-14,7.956916163e-14,7.087225341e-14,1.310552672e-13,2.463752582e-13,1.325730766e-13,3.038346335e-13,8.0418324e-14,1.991862475e-13,5.733369949e-14
120.8125,9.624201988e-13,1.125207074e-13,3.565072667e-13,4.195196888e-13,3.710997647e-13,4.487740985e-13,1.292129204e-13,8.952166268e-14,3.366029949e-14,2.825352858e-13,1.153800274e-13,5.31390085e-14,1.721500712e-13,3.923129208e-13,7.3755861e-13,7.926349563e-13,5.060959549e-13,4.319886883e-13,1.34967103e-13,1.522390951e-13,2.2330279e-13,6.21056649e-14,5.498924245e-14,7.825204707e-14,7.026976807e-14,1.311182691e-13,2.480388307e-13,1.351613626e-13,3.042310129e-13,8.117408061e-14,2.001731701e-13,5.775112296e-14
120.8203125,9.660250655e-13,1.13813876e-13,3.517992058e-13,4.228254314e-13,3.735677017e-13,4.487463907e-13,1.28070756e-13,8.768695722e-14,3.413446337e-14,2.817170547e-13,1.142962527e-13,5.300586019e-14,1.741978481e-13,3.932710339e-13,7.308015478e-13,7.861657996e-13,5.037032397e-13,4.315103427e-13,1.362527752e-13,1.540347322e-13,2.212866492e-13,6.284427479e-14,5.515059152e-14,7.693476231e-14,6.966767732e-14,1.310685709e-13,2.498290261e-13,1.379130043e-13,3.045548459e-13,8.193063509e-14,2.012453481e-13,5.814035647e-14
120.828125,9.698519325e-13,1.151293615e-13,3.471016814e-13,4.256179455e-13,3.758973864e-13,4.485932484e-13,1.269789318e-13,8.591675915e-14,3.459485095e-14,2.809245768e-13,1.131837322e-13,5.282855582e-14,1.762590452e-13,3.942256498e-13,7.241578145e-13,7.800314705e-13,5.017147943e-13,4.312829806e-13,1.375411609e-13,1.557135814e-13,2.192189092e-13,6.353571011e-14,5.531869551e-14,7.569127225e-14,6.911355692e-14,1.308876227e-13,2.516352486e-13,1.406823843e-13,3.047108613e-13,8.26865143e-14,2.023857563e-13,5.847864502e-14
120.8359375,9.734665164e-13,1.165220379e-13,3.42501929e-13,4.280597533e-13,3.781840162e-13,4.482995348e-13,1.259442127e-13,8.417885666e-14,3.506337236e-14,2.800282284e-13,1.121588981e-13,5.267789404e-14,1.782904735e-13,3.952176086e-13,7.177519484e-13,7.742893032e-13,5.000725683e-13,4.312201142e-13,1.388453579e-13,1.574479574e-13,2.170272201e-13,6.4211154e-14,5.547454861e-14,7.446198502e-14,6.862167459e-14,1.30772961e-13,2.534839307e-13,1.433997725e-13,3.048255692e-13,8.34841693e-14,2.036185851e-13,5.882028164e-14
120.84375,9.766750998e-13,1.179962456e-13,3.381099681e-13,4.308209705e-13,3.803652405e-13,4.480612894e-13,1.249059459e-13,8.241586765e-14,3.554350514e-14,2.79111343e-13,1.112251486e-13,5.261266694e-14,1.802698954e-13,3.962967746e-13,7.115704759e-13,7.687321658e-13,4.987885777e-13,4.312583204e-13,1.401460414e-13,1.593272672e-13,2.147427224e-13,6.489512778e-14,5.563471932e-14,7.319334854e-14,6.815990048e-14,1.30745511e-13,2.554862676e-13,1.461991503e-13,3.050608922e-13,8.43333951e-14,2.049368168e-13,5.919415013e-14
120.8515625,9.795979505e-13,1.194562621e-13,3.335265028e-13,4.335425809e-13,3.822366473e-13,4.476543246e-13,1.238136383e-13,8.066050544e-14,3.602538636e-14,2.783236071e-13,1.103015978e-13,5.250119602e-14,1.82196962e-13,3.971792879e-13,7.051751349e-13,7.629488964e-13,4.976225466e-13,4.312247807e-13,1.414071882e-13,1.612267966e-13,2.123518286e-13,6.554358203e-14,5.581548247e-14,7.199080469e-14,6.76965941e-14,1.306077339e-13,2.576639397e-13,1.490145037e-13,3.053575361e-13,8.516763113e-14,2.061902504e-13,5.956102076e-14
120.859375,9.819126019e-13,1.208123143e-13,3.285498745e-13,4.360515584e-13,3.838554673e-13,4.468749264e-13,1.226577229e-13,7.900759131e-14,3.652794627e-14,2.77558849e-13,1.094636659e-13,5.230593036e-14,1.841332347e-13,3.976290282e-13,6.982757298e-13,7.567999361e-13,4.963370929e-13,4.309688274e-13,1.426555857e-13,1.630783505e-13,2.098010309e-13,6.615992672e-14,5.602627407e-14,7.088777256e-14,6.723359878e-14,1.303553079e-13,2.599870022e-13,1.517363463e-13,3.055644804e-13,8.594615441e-14,2.073464222e-13,5.990053506e-14
120.8671875,9.838129081e-13,1.221044796e-13,3.235897069e-13,4.388452928e-13,3.855218086e-13,4.460474584e-13,1.214789362e-13,7.745066496e-14,3.70514051e-14,2.767118163e-13,1.087111847e-13,5.215068101e-14,1.860745194e-13,3.979330335e-13,6.911849807e-13,7.50530729e-13,4.951037416e-13,4.306634925e-13,1.439214953e-13,1.651107617e-13,2.071889695e-13,6.67951037e-14,5.626154497e-14,6.977226794e-14,6.677956645e-14,1.301560664e-13,2.623917012e-13,1.544607174e-13,3.056174548e-13,8.670369316e-14,2.084920939e-13,6.025673262e-14
120.875,9.85905255e-13,1.23463525e-13,3.188511237e-13,4.416308366e-13,3.871877696e-13,4.452925753e-13,1.203150614e-13,7.590008675e-14,3.758527649e-14,2.759291138e-13,1.079324893e-13,5.207205329e-14,1.879332292e-13,3.983549719e-13,6.841008319e-13,7.441533202e-13,4.940445144e-13,4.304405445e-13,1.451687034e-13,1.672923252e-13,2.046577496e-13,6.744398327e-14,5.649169291e-14,6.86509916e-14,6.631648686e-14,1.300363993e-13,2.64815778e-13,1.572720255e-13,3.056080035e-13,8.748291926e-14,2.096104049e-13,6.065098102e-14
120.8828125,9.875626153e-13,1.249777888e-13,3.141841656e-13,4.440561101e-13,3.884074958e-13,4.443140338e-13,1.191508888e-13,7.436306398e-14,3.812782014e-14,2.753159577e-13,1.072147261e-13,5.203084515e-14,1.896514448e-13,3.986250266e-13,6.768776431e-13,7.375256495e-13,4.930148164e-13,4.300602624e-13,1.463393302e-13,1.69282197e-13,2.021324929e-13,6.804521212e-14,5.672351322e-14,6.76371343e-14,6.58156173e-14,1.298813097e-13,2.673488725e-13,1.601766253e-13,3.057278211e-13,8.829764145e-14,2.106577932e-13,6.10149122e-14
120.890625,9.88044846e-13,1.266365369e-13,3.094741513e-13,4.465786338e-13,3.891199462e-13,4.430971988e-13,1.179660587e-13,7.291499268e-14,3.864298613e-14,2.747284428e-13,1.066484015e-13,5.199775977e-14,1.912143961e-13,3.984984265e-13,6.694976174e-13,7.307277681e-13,4.919411633e-13,4.294117426e-13,1.474271e-13,1.711693911e-13,1.994576333e-13,6.856664594e-14,5.700474158e-14,6.67193916e-14,6.528805699e-14,1.296310857e-13,2.700742716e-13,1.63120421e-13,3.059276257e-13,8.913582641e-14,2.116677014e-13,6.129835207e-14
120.8984375,9.882587423e-13,1.284258221e-13,3.046266486e-13,4.492545057e-13,3.898072095e-13,4.419385136e-13,1.167665304e-13,7.155282631e-14,3.91320005e-14,2.740618879e-13,1.061081293e-13,5.195148464e-14,1.927586296e-13,3.982811484e-13,6.620926124e-13,7.238918992e-13,4.909445625e-13,4.288634747e-13,1.485349619e-13,1.731599715e-13,1.966841407e-13,6.90733152e-14,5.733241728e-14,6.579992553e-14,6.480186746e-14,1.293531471e-13,2.728561924e-13,1.66013011e-13,3.059776291e-13,8.997115963e-14,2.127467145e-13,6.156480615e-14
120.90625,9.889476128e-13,1.303265456e-13,2.997452486e-13,4.517947004e-13,3.905730304e-13,4.408907044e-13,1.155473142e-13,7.025066995e-14,3.965276444e-14,2.734431981e-13,1.055416102e-13,5.192936544e-14,1.944827413e-13,3.982486606e-13,6.548316403e-13,7.172518334e-13,4.902722172e-13,4.286651559e-13,1.497477906e-13,1.750064099e-13,1.939165349e-13,6.961685496e-14,5.767384383e-14,6.486720169e-14,6.440638562e-14,1.291122127e-13,2.756515118e-13,1.689230501e-13,3.060038008e-13,9.08010978e-14,2.139619803e-13,6.18672599e-14
120.9140625,9.894180981e-13,1.322065466e-13,2.950225207e-13,4.542427858e-13,3.90991359e-13,4.396341451e-13,1.142955017e-13,6.90271717e-14,4.017947825e-14,2.729523822e-13,1.050027166e-13,5.195334625e-14,1.96262716e-13,3.980901654e-13,6.476865718e-13,7.109248738e-13,4.898898857e-13,4.285147325e-13,1.509510592e-13,1.765948013e-13,1.910845105e-13,7.011028092e-14,5.804051354e-14,6.400150006e-14,6.405391693e-14,1.288901588e-13,2.786980817e-13,1.719113075e-13,3.062977764e-13,9.163993014e-14,2.151276524e-13,6.21707907e-14
120.921875,9.892742531e-13,1.340244277e-13,2.903132564e-13,4.565529977e-13,3.910266511e-13,4.380224461e-13,1.130159192e-13,6.786264274e-14,4.066466911e-14,2.72467518e-13,1.044496283e-13,5.198322924e-14,1.978477345e-13,3.975351231e-13,6.402642375e-13,7.043971951e-13,4.892946123e-13,4.280936016e-13,1.52013182e-13,1.781604634e-13,1.881584487e-13,7.051059985e-14,5.843672968e-14,6.322862455e-14,6.366343283e-14,1.286867328e-13,2.820660196e-13,1.74838537e-13,3.067789026e-13,9.2470235e-14,2.160547895e-13,6.247051367e-14
120.9296875,9.887389485e-13,1.359353848e-13,2.855051009e-13,4.588864952e-13,3.909807922e-13,4.363766709e-13,1.117110845e-13,6.672014377e-14,4.115236142e-14,2.719091642e-13,1.03873799e-13,5.204075405e-14,1.993193583e-13,3.968285103e-13,6.323921855e-13,6.97220336e-13,4.883540216e-13,4.274541657e-13,1.529853606e-13,1.797579384e-13,1.852374695e-13,7.091316131e-14,5.88397162e-14,6.246114017e-14,6.322561543e-14,1.28470459e-13,2.854568301e-13,1.776854122e-13,3.071899351e-13,9.326152017e-14,2.169107639e-13,6.277747341e-14
120.9375,9.876361684e-13,1.379403669e-13,2.806989118e-13,4.614431784e-13,3.907260577e-13,4.347483839e-13,1.103738075e-13,6.563060686e-14,4.163699666e-14,2.713228429e-13,1.033537415e-13,5.213854007e-14,2.008238378e-13,3.960883997e-13,6.242716353e-13,6.897018114e-13,4.875359503e-13,4.267083875e-13,1.539229679e-13,1.812686373e-13,1.822650785e-13,7.131125877e-14,5.925263724e-14,6.167561527e-14,6.277344497e-14,1.281160104e-13,2.886967638e-13,1.805374894e-13,3.074283047e-13,9.40140428e-14,2.178318586e-13,6.303155016e-14
120.9453125,9.85920936e-13,1.399415334e-13,2.757765969e-13,4.636758409e-13,3.900105161e-13,4.327158957e-13,1.090169083e-13,6.461864693e-14,4.206179624e-14,2.707603844e-13,1.029011752e-13,5.22068908e-14,2.022980083e-13,3.950502372e-13,6.159346286e-13,6.822345923e-13,4.869481108e-13,4.258976108e-13,1.548037546e-13,1.826512674e-13,1.791207132e-13,7.161148419e-14,5.967155611e-14,6.097265787e-14,6.232175903e-14,1.276675019e-13,2.920322286e-13,1.833120415e-13,3.076426526e-13,9.475456034e-14,2.186553882e-13,6.323293294e-14
120.953125,9.83849358e-13,1.42035333e-13,2.707594027e-13,4.655037775e-13,3.889998585e-13,4.303531022e-13,1.076745488e-13,6.366603501e-14,4.246971058e-14,2.702975336e-13,1.025061114e-13,5.227776187e-14,2.037135837e-13,3.936810754e-13,6.075301024e-13,6.74996903e-13,4.863938633e-13,4.250951589e-13,1.556394717e-13,1.840054614e-13,1.759074423e-13,7.18513356e-14,6.00828338e-14,6.035850197e-14,6.189049977e-14,1.273315327e-13,2.956731457e-13,1.860064108e-13,3.081330592e-13,9.55185413e-14,2.193430318e-13,6.347375056e-14
120.9609375,9.813420816e-13,1.442258346e-13,2.660263239e-13,4.676549306e-13,3.879036007e-13,4.281104715e-13,1.063697398e-13,6.279458252e-14,4.289894889e-14,2.699582738e-13,1.021877223e-13,5.244197729e-14,2.050957236e-13,3.922945368e-13,5.994735949e-13,6.681496853e-13,4.860428082e-13,4.2431574e-13,1.564278083e-13,1.854665178e-13,1.727411114e-13,7.208478406e-14,6.052360831e-14,5.975534764e-14,6.150024061e-14,1.27078775e-13,2.994096807e-13,1.887652602e-13,3.088229694e-13,9.632136484e-14,2.20035822e-13,6.374618167e-14
120.96875,9.784850422e-13,1.464254635e-13,2.616254651e-13,4.698992849e-13,3.866913513e-13,4.259123158e-13,1.050942674e-13,6.202498392e-14,4.329930536e-14,2.696304834e-13,1.01916735e-13,5.266939442e-14,2.064259319e-13,3.910846124e-13,5.917225024e-13,6.615550705e-13,4.860399806e-13,4.235510994e-13,1.571636301e-13,1.869257193e-13,1.695938598e-13,7.227251864e-14,6.101592976e-14,5.920048733e-14,6.11342077e-14,1.26760923e-13,3.030584736e-13,1.916077533e-13,3.093763977e-13,9.714666312e-14,2.207521947e-13,6.398482915e-14
120.9765625,9.756146723e-13,1.48784465e-13,2.573883858e-13,4.716633238e-13,3.853748085e-13,4.235859008e-13,1.038176035e-13,6.13110844e-14,4.366614779e-14,2.693010336e-13,1.016543972e-13,5.294109149e-14,2.077435904e-13,3.899728947e-13,5.839794591e-13,6.549945496e-13,4.862502006e-13,4.228383638e-13,1.57915883e-13,1.883040673e-13,1.665170774e-13,7.241556196e-14,6.151434713e-14,5.873488728e-14,6.077253601e-14,1.264748975e-13,3.068441209e-13,1.945118304e-13,3.100031893e-13,9.799542184e-14,2.214722508e-13,6.422868432e-14
120.984375,9.724899353e-13,1.513040875e-13,2.534240555e-13,4.733661445e-13,3.84010641e-13,4.212758133e-13,1.025147817e-13,6.062867311e-14,4.404084718e-14,2.691111212e-13,1.014182687e-13,5.330765836e-14,2.090355621e-13,3.887995214e-13,5.76277234e-13,6.485172876e-13,4.865605401e-13,4.221060805e-13,1.586748301e-13,1.898024996e-13,1.635587185e-13,7.254512179e-14,6.199921063e-14,5.829651273e-14,6.041454418e-14,1.263158898e-13,3.108993906e-13,1.974755608e-13,3.110479603e-13,9.889336074e-14,2.222062936e-13,6.451235557e-14
120.9921875,9.686733208e-13,1.537583526e-13,2.496747901e-13,4.751591096e-13,3.824008825e-13,4.188423706e-13,1.011796608e-13,6.000533148e-14,4.441517375e-14,2.690559929e-13,1.012451611e-13,5.372877616e-14,2.101860145e-13,3.874545124e-13,5.685296596e-13,6.420057124e-13,4.86726007e-13,4.211746444e-13,1.59312863e-13,1.912592718e-13,1.605705614e-13,7.263664521e-14,6.249367164e-14,5.787792678e-14,6.003226563e-14,1.261509838e-13,3.149942836e-13,2.004317102e-13,3.122333827e-13,9.982790449e-14,2.228659014e-13,6.478266857e-14
121,9.642555031e-13,1.562396027e-13,2.45832132e-13,4.766560724e-13,3.803176344e-13,4.160063784e-13,9.980753281e-14,5.94405862e-14,4.476253303e-14,2.689971891e-13,1.011416701e-13,5.412253719e-14,2.112327155e-13,3.8583873e-13,5.604632143e-13,6.351981979e-13,4.86496438e-13,4.199234351e-13,1.598124292e-13,1.923039307e-13,1.574662348e-13,7.266952871e-14,6.300330344e-14,5.751485699e-14,5.959087379e-14,1.259304528e-13,3.190298049e-13,2.033646942e-13,3.133197538e-13,1.007551936e-13,2.233485641e-13,6.502656833e-14
121.0078125,9.59550504e-13,1.587811693e-13,2.418950021e-13,4.780693471e-13,3.780050147e-13,4.129490293e-13,9.840023454e-14,5.891173103e-14,4.50858545e-14,2.689090598e-13,1.010597569e-13,5.449097803e-14,2.12294069e-13,3.839204148e-13,5.521438911e-13,6.280539061e-13,4.860044781e-13,4.183672542e-13,1.60273113e-13,1.931926862e-13,1.543730878e-13,7.26594672e-14,6.352656085e-14,5.718052124e-14,5.911284725e-14,1.25758405e-13,3.231010855e-13,2.062355998e-13,3.144934304e-13,1.01657125e-13,2.236672544e-13,6.528854688e-14
121.015625,9.546313076e-13,1.610664718e-13,2.380448048e-13,4.796143514e-13,3.757906948e-13,4.099352709e-13,9.699619545e-14,5.84112453e-14,4.540184848e-14,2.688373853e-13,1.009565538e-13,5.486526759e-14,2.132920568e-13,3.818428637e-13,5.437600784e-13,6.205128252e-13,4.85325816e-13,4.166146451e-13,1.606974982e-13,1.942125058e-13,1.513696851e-13,7.261754918e-14,6.404675957e-14,5.687018532e-14,5.863194166e-14,1.256065139e-13,3.271498833e-13,2.088989903e-13,3.157266802e-13,1.025262484e-13,2.23904445e-13,6.556989238e-14
121.0234375,9.491743376e-13,1.632273139e-13,2.342863141e-13,4.809474657e-13,3.734310724e-13,4.068471696e-13,9.563828778e-14,5.794271688e-14,4.569976915e-14,2.687981193e-13,1.008599986e-13,5.524329013e-14,2.140985929e-13,3.796677658e-13,5.353174022e-13,6.125915775e-13,4.84276227e-13,4.146761875e-13,1.609863645e-13,1.951567173e-13,1.484017839e-13,7.252522825e-14,6.453503632e-14,5.66107152e-14,5.813227547e-14,1.253571156e-13,3.311031289e-13,2.113794779e-13,3.168056827e-13,1.033463885e-13,2.241135189e-13,6.583164314e-14
121.03125,9.429965685e-13,1.656866056e-13,2.305904143e-13,4.819217305e-13,3.706721536e-13,4.035219847e-13,9.432170958e-14,5.753943706e-14,4.595358358e-14,2.688028277e-13,1.008053863e-13,5.561094092e-14,2.147611933e-13,3.772824468e-13,5.268402984e-13,6.046123069e-13,4.830038575e-13,4.125281513e-13,1.611334253e-13,1.960122137e-13,1.454652347e-13,7.236110465e-14,6.502943915e-14,5.639853335e-14,5.760504405e-14,1.250301877e-13,3.349998417e-13,2.138723439e-13,3.177550934e-13,1.041329844e-13,2.242765244e-13,6.606817897e-14
121.0390625,9.365847315e-13,1.683272922e-13,2.270385818e-13,4.827777785e-13,3.67763755e-13,4.001320252e-13,9.30301622e-14,5.722997517e-14,4.619039945e-14,2.688221861e-13,1.008302642e-13,5.599656078e-14,2.154102031e-13,3.747848574e-13,5.184045168e-13,5.967354715e-13,4.818711241e-13,4.103690652e-13,1.61246428e-13,1.968258214e-13,1.426310091e-13,7.216371339e-14,6.559184047e-14,5.623919661e-14,5.708363372e-14,1.247225163e-13,3.388642663e-13,2.164709024e-13,3.187083151e-13,1.049249894e-13,2.243957647e-13,6.632360926e-14
121.046875,9.300574592e-13,1.709527827e-13,2.237037498e-13,4.837393949e-13,3.647545613e-13,3.968595711e-13,9.176987235e-14,5.696839757e-14,4.643246781e-14,2.687884735e-13,1.010100483e-13,5.645197912e-14,2.161042917e-13,3.723071192e-13,5.100244432e-13,5.888862658e-13,4.808422701e-13,4.082823988e-13,1.613369841e-13,1.973846438e-13,1.398902953e-13,7.196853214e-14,6.618312007e-14,5.610845684e-14,5.658407606e-14,1.244616148e-13,3.427822231e-13,2.191137462e-13,3.197242633e-13,1.05717591e-13,2.245263608e-13,6.661105361e-14
121.0546875,9.228368386e-13,1.736223219e-13,2.204966898e-13,4.846701304e-13,3.614511554e-13,3.934870984e-13,9.052537041e-14,5.670540309e-14,4.661843776e-14,2.686852849e-13,1.01303526e-13,5.693938011e-14,2.168054652e-13,3.696360526e-13,5.016582367e-13,5.811191736e-13,4.797139099e-13,4.06045985e-13,1.613285612e-13,1.978300191e-13,1.371191218e-13,7.172032162e-14,6.672742446e-14,5.596119022e-14,5.609868636e-14,1.242282188e-13,3.467941601e-13,2.21606521e-13,3.207343699e-13,1.06479771e-13,2.24643791e-13,6.687626358e-14
121.0625,9.153218918e-13,1.761552871e-13,2.17298036e-13,4.852336316e-13,3.581505309e-13,3.899007803e-13,8.926656158e-14,5.647863956e-14,4.673457993e-14,2.685500236e-13,1.01557938e-13,5.738683916e-14,2.174932624e-13,3.667836545e-13,4.933442394e-13,5.735203675e-13,4.78613339e-13,4.037841095e-13,1.613051494e-13,1.983633972e-13,1.34265852e-13,7.14082198e-14,6.724515218e-14,5.586523416e-14,5.564053732e-14,1.240061627e-13,3.507486232e-13,2.238651609e-13,3.216605366e-13,1.07224596e-13,2.247258599e-13,6.710618235e-14
121.0703125,9.084473652e-13,1.785377642e-13,2.141959142e-13,4.856564116e-13,3.551071283e-13,3.864560872e-13,8.800670067e-14,5.63336515e-14,4.686062863e-14,2.684511363e-13,1.017814902e-13,5.784720113e-14,2.182682339e-13,3.641645867e-13,4.852940426e-13,5.662018796e-13,4.777867843e-13,4.018822724e-13,1.614064926e-13,1.986757175e-13,1.314467328e-13,7.111801857e-14,6.780496982e-14,5.588128871e-14,5.522509961e-14,1.237782428e-13,3.546760346e-13,2.261464719e-13,3.226720891e-13,1.079725422e-13,2.249149299e-13,6.734964837e-14
121.078125,9.016312512e-13,1.812339766e-13,2.112494309e-13,4.863406083e-13,3.518730151e-13,3.831359116e-13,8.677167895e-14,5.624529937e-14,4.699376156e-14,2.684597288e-13,1.020660296e-13,5.839350871e-14,2.191865498e-13,3.616922775e-13,4.775120296e-13,5.592883982e-13,4.771331201e-13,4.001299335e-13,1.615427005e-13,1.986888561e-13,1.287490626e-13,7.083170758e-14,6.840656124e-14,5.591372435e-14,5.484154419e-14,1.235580463e-13,3.587884484e-13,2.285818494e-13,3.239336631e-13,1.087044221e-13,2.252779298e-13,6.760400245e-14
121.0859375,8.93937219e-13,1.842996711e-13,2.083225148e-13,4.869072681e-13,3.48147084e-13,3.794400697e-13,8.555463468e-14,5.617754993e-14,4.706238823e-14,2.685525493e-13,1.023598677e-13,5.898223382e-14,2.200955516e-13,3.588723807e-13,4.69640474e-13,5.525458915e-13,4.763112989e-13,3.98044141e-13,1.615627556e-13,1.987228833e-13,1.261190106e-13,7.044948926e-14,6.899766471e-14,5.591858049e-14,5.446129713e-14,1.234032551e-13,3.629951507e-13,2.309308399e-13,3.253083566e-13,1.094296797e-13,2.256522196e-13,6.784657972e-14
121.09375,8.858842718e-13,1.873426988e-13,2.054791459e-13,4.870160796e-13,3.443374951e-13,3.754908577e-13,8.435726056e-14,5.613201045e-14,4.709833015e-14,2.686571276e-13,1.026683988e-13,5.957795756e-14,2.208754458e-13,3.558287051e-13,4.616104009e-13,5.456159142e-13,4.752217589e-13,3.956846193e-13,1.615091607e-13,1.987654044e-13,1.235056819e-13,7.001391281e-14,6.957573038e-14,5.597064489e-14,5.405347035e-14,1.233127434e-13,3.671682514e-13,2.331658164e-13,3.266908235e-13,1.101844209e-13,2.260053199e-13,6.810521962e-14
121.1015625,8.780693056e-13,1.903368755e-13,2.029446954e-13,4.870055323e-13,3.408127815e-13,3.717757103e-13,8.320436751e-14,5.610652902e-14,4.7183096e-14,2.687849723e-13,1.031252841e-13,6.022411168e-14,2.216673141e-13,3.530783809e-13,4.537280103e-13,5.384973905e-13,4.740336193e-13,3.93376936e-13,1.614856303e-13,1.986332454e-13,1.209153778e-13,6.963300747e-14,7.017819543e-14,5.604553092e-14,5.363033675e-14,1.231916825e-13,3.714762392e-13,2.355035865e-13,3.281140705e-13,1.109405379e-13,2.265580573e-13,6.837468052e-14
121.109375,8.700954837e-13,1.934072878e-13,2.006829681e-13,4.869106604e-13,3.373830634e-13,3.681177321e-13,8.2096079e-14,5.608361811e-14,4.729707299e-14,2.689439421e-13,1.037051972e-13,6.094606909e-14,2.226097684e-13,3.506321483e-13,4.460560619e-13,5.313383435e-13,4.728803498e-13,3.9120066e-13,1.615043187e-13,1.983348084e-13,1.183623682e-13,6.927213034e-14,7.077807622e-14,5.608337455e-14,5.324969618e-14,1.230151553e-13,3.758817713e-13,2.378668208e-13,3.295518967e-13,1.116681472e-13,2.273717834e-13,6.861323296e-14
121.1171875,8.616697237e-13,1.96496469e-13,1.986074432e-13,4.864738626e-13,3.337128582e-13,3.642202809e-13,8.101289242e-14,5.608631662e-14,4.736251732e-14,2.690966299e-13,1.042881783e-13,6.172790765e-14,2.235919408e-13,3.481554e-13,4.385418908e-13,5.242928611e-13,4.718243974e-13,3.890207916e-13,1.615176193e-13,1.979626615e-13,1.158950761e-13,6.883588484e-14,7.131181274e-14,5.616032812e-14,5.291379874e-14,1.228794573e-13,3.801130927e-13,2.400810228e-13,3.311139224e-13,1.124090313e-13,2.282358733e-13,6.883128369e-14
121.125,8.530777945e-13,1.996586559e-13,1.968037493e-13,4.858899359e-13,3.298892509e-13,3.603152792e-13,7.99599187e-14,5.616585131e-14,4.737840641e-14,2.693163538e-13,1.048855144e-13,6.254358763e-14,2.245058261e-13,3.456044313e-13,4.312934498e-13,5.175333259e-13,4.708466032e-13,3.866881253e-13,1.614837079e-13,1.97715185e-13,1.135463414e-13,6.834795928e-14,7.179912967e-14,5.633564153e-14,5.256547715e-14,1.228155664e-13,3.842406849e-13,2.422248231e-13,3.329533736e-13,1.131683665e-13,2.290679053e-13,6.905140676e-14
121.1328125,8.445774253e-13,2.02882642e-13,1.952518506e-13,4.853563073e-13,3.26232101e-13,3.565594475e-13,7.895253618e-14,5.631882322e-14,4.740373738e-14,2.696624238e-13,1.055270682e-13,6.336991183e-14,2.254507087e-13,3.431500014e-13,4.242307438e-13,5.109631115e-13,4.697889645e-13,3.84199988e-13,1.614055952e-13,1.976559476e-13,1.112711366e-13,6.788717517e-14,7.231696028e-14,5.653726951e-14,5.220374422e-14,1.227515259e-13,3.88472501e-13,2.44363117e-13,3.34870998e-13,1.13893416e-13,2.300079226e-13,6.927830171e-14
121.140625,8.359150411e-13,2.060567477e-13,1.938625648e-13,4.84763868e-13,3.22570045e-13,3.527722493e-13,7.797593907e-14,5.64980046e-14,4.742563174e-14,2.69994962e-13,1.062142317e-13,6.422190163e-14,2.264636969e-13,3.407016958e-13,4.171302024e-13,5.04352397e-13,4.685603524e-13,3.815887904e-13,1.61260151e-13,1.974712923e-13,1.090636988e-13,6.741990868e-14,7.288997682e-14,5.670868316e-14,5.185214048e-14,1.226757017e-13,3.927455753e-13,2.464606019e-13,3.367163871e-13,1.14583147e-13,2.310327814e-13,6.953026625e-14
121.1484375,8.265984473e-13,2.094135618e-13,1.926845343e-13,4.840674884e-13,3.184564629e-13,3.488342806e-13,7.700554064e-14,5.667384956e-14,4.738104471e-14,2.702473944e-13,1.069903159e-13,6.513560273e-14,2.27398532e-13,3.380035606e-13,4.099779609e-13,4.977334768e-13,4.672383974e-13,3.788198272e-13,1.60985221e-13,1.968798195e-13,1.069698128e-13,6.685750181e-14,7.347602089e-14,5.687225694e-14,5.147726525e-14,1.226322687e-13,3.970237283e-13,2.485903116e-13,3.388138978e-13,1.152588666e-13,2.319314508e-13,6.977966698e-14
121.15625,8.169239509e-13,2.130290876e-13,1.917089682e-13,4.832137704e-13,3.141187267e-13,3.44761126e-13,7.604592107e-14,5.682925764e-14,4.729880725e-14,2.7054677e-13,1.078403041e-13,6.609750883e-14,2.282697579e-13,3.351805275e-13,4.028509954e-13,4.912337152e-13,4.658991753e-13,3.76055666e-13,1.606651142e-13,1.958986405e-13,1.049215352e-13,6.623496011e-14,7.402494236e-14,5.705601414e-14,5.108243595e-14,1.226057574e-13,4.013845331e-13,2.507770581e-13,3.413180572e-13,1.159036118e-13,2.327703272e-13,6.997276558e-14
121.1640625,8.077056738e-13,2.164587202e-13,1.908016628e-13,4.821392005e-13,3.101866997e-13,3.406293428e-13,7.510848086e-14,5.698168424e-14,4.725728435e-14,2.709042328e-13,1.087189737e-13,6.706588143e-14,2.293063158e-13,3.326184338e-13,3.958133809e-13,4.848591002e-13,4.645431458e-13,3.735303549e-13,1.604719472e-13,1.94752704e-13,1.028163755e-13,6.565670326e-14,7.453994271e-14,5.726920796e-14,5.074133249e-14,1.225574868e-13,4.057159177e-13,2.528647421e-13,3.438426929e-13,1.165119767e-13,2.338656204e-13,7.015284654e-14
121.171875,7.987676763e-13,2.197251683e-13,1.899793227e-13,4.810215559e-13,3.066827286e-13,3.365759631e-13,7.419375397e-14,5.719305882e-14,4.724735049e-14,2.712471548e-13,1.096527768e-13,6.804640936e-14,2.30518861e-13,3.303382808e-13,3.889822965e-13,4.785918703e-13,4.631115288e-13,3.711259942e-13,1.603573096e-13,1.937745969e-13,1.007190907e-13,6.512541717e-14,7.507353738e-14,5.750994482e-14,5.046578044e-14,1.2250351e-13,4.099092386e-13,2.548206159e-13,3.462201023e-13,1.170984809e-13,2.352189997e-13,7.038175134e-14
121.1796875,7.895226433e-13,2.232702579e-13,1.894161013e-13,4.799986706e-13,3.031780959e-13,3.326879611e-13,7.332125841e-14,5.746627471e-14,4.720871237e-14,2.716256713e-13,1.106009348e-13,6.905920322e-14,2.316602042e-13,3.280735105e-13,3.824089617e-13,4.724600265e-13,4.616026381e-13,3.686572594e-13,1.601446549e-13,1.929620943e-13,9.87317876e-14,6.457741384e-14,7.564202513e-14,5.778517952e-14,5.020225792e-14,1.224881174e-13,4.141134975e-13,2.567818028e-13,3.487734308e-13,1.176691603e-13,2.365527019e-13,7.061705638e-14
121.1875,7.803703451e-13,2.268812998e-13,1.89123434e-13,4.788584972e-13,2.995010538e-13,3.28903256e-13,7.250825582e-14,5.77336965e-14,4.712617605e-14,2.720172766e-13,1.114680945e-13,7.008566225e-14,2.326769948e-13,3.257463894e-13,3.760262925e-13,4.665531407e-13,4.601786118e-13,3.66179857e-13,1.598585633e-13,1.918993972e-13,9.680307604e-14,6.399838224e-14,7.620208759e-14,5.812019116e-14,4.993604008e-14,1.225180568e-13,4.18416035e-13,2.587099392e-13,3.515712585e-13,1.182228952e-13,2.378750847e-13,7.082139909e-14
121.1953125,7.716628006e-13,2.303450798e-13,1.889533439e-13,4.773464816e-13,2.957656723e-13,3.250691321e-13,7.174009333e-14,5.796746666e-14,4.702477441e-14,2.72305544e-13,1.123324308e-13,7.113231039e-14,2.337669317e-13,3.234428582e-13,3.697494447e-13,4.609187636e-13,4.589026563e-13,3.636994884e-13,1.596414156e-13,1.905019476e-13,9.486136079e-14,6.341166394e-14,7.67209117e-14,5.848933638e-14,4.967704984e-14,1.225609374e-13,4.226968518e-13,2.605129578e-13,3.543342055e-13,1.187489817e-13,2.394497068e-13,7.103091535e-14
121.203125,7.628893509e-13,2.341069474e-13,1.889921678e-13,4.756005607e-13,2.921275162e-13,3.211904412e-13,7.10213837e-14,5.818235028e-14,4.692972971e-14,2.725631713e-13,1.133453187e-13,7.224613952e-14,2.350147998e-13,3.212419382e-13,3.635978523e-13,4.555143081e-13,4.576348018e-13,3.611871243e-13,1.59488188e-13,1.891159836e-13,9.296440738e-14,6.283002695e-14,7.720328638e-14,5.882366632e-14,4.942371765e-14,1.226180864e-13,4.269309547e-13,2.623901549e-13,3.571248628e-13,1.192638569e-13,2.413279383e-13,7.126002562e-14
121.2109375,7.538865697e-13,2.381146777e-13,1.894804e-13,4.739948938e-13,2.886178201e-13,3.174557969e-13,7.036678311e-14,5.84032965e-14,4.68410742e-14,2.729275435e-13,1.144566438e-13,7.341219643e-14,2.363316044e-13,3.191726431e-13,3.576975645e-13,4.50365217e-13,4.563534527e-13,3.587362232e-13,1.592903464e-13,1.878377895e-13,9.119308552e-14,6.224301896e-14,7.767597302e-14,5.914855119e-14,4.918546955e-14,1.227194328e-13,4.311785454e-13,2.644560949e-13,3.602667419e-13,1.197890605e-13,2.433110289e-13,7.149973184e-14
121.21875,7.4501592e-13,2.418377397e-13,1.902829061e-13,4.72458243e-13,2.851237614e-13,3.138079456e-13,6.974280166e-14,5.866825572e-14,4.673773322e-14,2.733617745e-13,1.154962724e-13,7.45687313e-14,2.376657233e-13,3.171310875e-13,3.519853449e-13,4.454098031e-13,4.550413336e-13,3.562746328e-13,1.590286382e-13,1.864974914e-13,8.953402743e-14,6.163356508e-14,7.817099011e-14,5.954238453e-14,4.896932668e-14,1.228381289e-13,4.353702037e-13,2.663861643e-13,3.637332945e-13,1.202490388e-13,2.452361507e-13,7.176784478e-14
121.2265625,7.362935183e-13,2.454769348e-13,1.910948552e-13,4.705372179e-13,2.816769088e-13,3.099969083e-13,6.914648091e-14,5.896788565e-14,4.661578114e-14,2.738251329e-13,1.164545986e-13,7.571322058e-14,2.390420709e-13,3.150365904e-13,3.462622788e-13,4.404178963e-13,4.534802749e-13,3.536305549e-13,1.587875547e-13,1.850497972e-13,8.792248044e-14,6.102047486e-14,7.868533594e-14,5.997516017e-14,4.877055787e-14,1.229481155e-13,4.394610469e-13,2.6798675e-13,3.67276934e-13,1.205794116e-13,2.471575893e-13,7.207101575e-14
121.234375,7.275304356e-13,2.494104051e-13,1.92026493e-13,4.683555202e-13,2.783976249e-13,3.061435467e-13,6.863830196e-14,5.926092621e-14,4.649065485e-14,2.743625501e-13,1.174583355e-13,7.688585138e-14,2.405059525e-13,3.129801081e-13,3.407211777e-13,4.354956174e-13,4.517077596e-13,3.509353549e-13,1.586210653e-13,1.83508777e-13,8.631736109e-14,6.043036187e-14,7.919166541e-14,6.039207118e-14,4.860158694e-14,1.230958282e-13,4.435482321e-13,2.695415651e-13,3.708463991e-13,1.208741245e-13,2.492750763e-13,7.238284771e-14
121.2421875,7.186244931e-13,2.534444717e-13,1.932993057e-13,4.664724687e-13,2.750982649e-13,3.024901778e-13,6.820435973e-14,5.955975806e-14,4.636233872e-14,2.749312499e-13,1.185172005e-13,7.811665245e-14,2.421166348e-13,3.109624647e-13,3.356590228e-13,4.309701553e-13,4.500686163e-13,3.484031073e-13,1.585023899e-13,1.818392136e-13,8.471772092e-14,5.983324171e-14,7.968901188e-14,6.083183135e-14,4.847543192e-14,1.232869058e-13,4.476677875e-13,2.712479377e-13,3.744817775e-13,1.212009972e-13,2.516371563e-13,7.266996475e-14
121.25,7.096319312e-13,2.574394312e-13,1.947814371e-13,4.647484985e-13,2.716312109e-13,2.988792474e-13,6.777213035e-14,5.987423043e-14,4.621844477e-14,2.754220477e-13,1.195555862e-13,7.938944255e-14,2.438539657e-13,3.088636619e-13,3.307890516e-13,4.266587402e-13,4.485628185e-13,3.459324455e-13,1.583872311e-13,1.800577373e-13,8.31523666e-14,5.919995327e-14,8.017317351e-14,6.130278309e-14,4.837146621e-14,1.234691594e-13,4.517612633e-13,2.729341468e-13,3.781367308e-13,1.214913475e-13,2.540663079e-13,7.292847709e-14
121.2578125,7.009054189e-13,2.614165919e-13,1.963189553e-13,4.626499845e-13,2.683063885e-13,2.951746124e-13,6.735997127e-14,6.0175965e-14,4.606398887e-14,2.758347459e-13,1.206168417e-13,8.062404642e-14,2.455621241e-13,3.067571626e-13,3.257302638e-13,4.221501315e-13,4.468501371e-13,3.433028957e-13,1.582317648e-13,1.78205493e-13,8.166313923e-14,5.856772651e-14,8.06222554e-14,6.174073301e-14,4.825430481e-14,1.23639395e-13,4.558026057e-13,2.744608475e-13,3.818039115e-13,1.217316739e-13,2.564671376e-13,7.32013769e-14
121.265625,6.925315597e-13,2.653159757e-13,1.980365648e-13,4.602671181e-13,2.652800872e-13,2.915504691e-13,6.702033816e-14,6.046879273e-14,4.591855028e-14,2.762874303e-13,1.217596022e-13,8.180941568e-14,2.47157186e-13,3.047953208e-13,3.206280894e-13,4.174543218e-13,4.448143468e-13,3.405126925e-13,1.580075506e-13,1.762668003e-13,8.026503945e-14,5.796761685e-14,8.105529872e-14,6.215880259e-14,4.81110398e-14,1.237852028e-13,4.597789959e-13,2.759200752e-13,3.855979127e-13,1.219595132e-13,2.589378916e-13,7.350630775e-14
121.2734375,6.841181557e-13,2.692596633e-13,2.000816672e-13,4.578237762e-13,2.62258113e-13,2.880134818e-13,6.673552359e-14,6.075729564e-14,4.579112299e-14,2.768766714e-13,1.22917191e-13,8.304839604e-14,2.487451758e-13,3.029046752e-13,3.156443878e-13,4.127380275e-13,4.426035791e-13,3.376930286e-13,1.577534596e-13,1.742537618e-13,7.89207141e-14,5.737830419e-14,8.149411192e-14,6.265299369e-14,4.796070459e-14,1.238773526e-13,4.637141541e-13,2.774061696e-13,3.896315626e-13,1.221299688e-13,2.61526942e-13,7.380706003e-14
121.28125,6.755909883e-13,2.733045176e-13,2.023864505e-13,4.551202665e-13,2.591441262e-13,2.843839792e-13,6.648631068e-14,6.102392531e-14,4.566711933e-14,2.775648799e-13,1.240305943e-13,8.433770395e-14,2.503701793e-13,3.009046695e-13,3.106561923e-13,4.08063602e-13,4.403267589e-13,3.348486724e-13,1.575094391e-13,1.722600769e-13,7.759443289e-14,5.677600534e-14,8.190892711e-14,6.323900233e-14,4.782997374e-14,1.23995451e-13,4.676982673e-13,2.788567573e-13,3.939067083e-13,1.222276504e-13,2.641208394e-13,7.411001187e-14
121.2890625,6.671561933e-13,2.77326761e-13,2.047982322e-13,4.522457305e-13,2.561192943e-13,2.807086813e-13,6.628764628e-14,6.12864622e-14,4.551733835e-14,2.782385806e-13,1.251051718e-13,8.557760225e-14,2.519488623e-13,2.987556074e-13,3.057060231e-13,4.035615188e-13,4.379874952e-13,3.319399567e-13,1.572668912e-13,1.703204911e-13,7.630615948e-14,5.614995879e-14,8.231286319e-14,6.380729327e-14,4.773098899e-14,1.242116426e-13,4.717393639e-13,2.802110689e-13,3.983576337e-13,1.223097182e-13,2.666305459e-13,7.44457638e-14
121.296875,6.588036912e-13,2.814569962e-13,2.073592276e-13,4.495453436e-13,2.532005914e-13,2.771166109e-13,6.613453044e-14,6.154503623e-14,4.533616235e-14,2.788659291e-13,1.261317e-13,8.681457586e-14,2.535520521e-13,2.965826428e-13,3.009864718e-13,3.993376211e-13,4.356185117e-13,3.290917257e-13,1.570764719e-13,1.683359192e-13,7.507657263e-14,5.550245042e-14,8.277378437e-14,6.42934935e-14,4.767120406e-14,1.244470342e-13,4.757604596e-13,2.81560008e-13,4.029368957e-13,1.223647896e-13,2.691476415e-13,7.478792787e-14
121.3046875,6.506579199e-13,2.857323795e-13,2.102291269e-13,4.468145284e-13,2.503624467e-13,2.7355712e-13,6.601201359e-14,6.175578002e-14,4.516676826e-14,2.794947834e-13,1.271013869e-13,8.814216926e-14,2.55326255e-13,2.945193937e-13,2.964545543e-13,3.95343126e-13,4.332831212e-13,3.263710156e-13,1.570054742e-13,1.662357381e-13,7.387421001e-14,5.486564956e-14,8.3275199e-14,6.477841038e-14,4.765356859e-14,1.246428183e-13,4.797858972e-13,2.829512995e-13,4.076629269e-13,1.223418932e-13,2.717939291e-13,7.51301437e-14
121.3125,6.428660811e-13,2.898866242e-13,2.133538076e-13,4.438156693e-13,2.476813645e-13,2.700313548e-13,6.59322353e-14,6.191817856e-14,4.50433052e-14,2.801341637e-13,1.280229386e-13,8.951069001e-14,2.571982552e-13,2.925734003e-13,2.919826939e-13,3.914747035e-13,4.309217901e-13,3.235972504e-13,1.569843903e-13,1.640766709e-13,7.267072185e-14,5.426620858e-14,8.374284635e-14,6.531127538e-14,4.766190471e-14,1.24837387e-13,4.838854716e-13,2.842699652e-13,4.126234265e-13,1.222437255e-13,2.745535419e-13,7.549642598e-14
121.3203125,6.351885503e-13,2.939586509e-13,2.165857596e-13,4.40856786e-13,2.451280658e-13,2.666964264e-13,6.59210557e-14,6.205674192e-14,4.492936066e-14,2.807624691e-13,1.289286079e-13,9.084531337e-14,2.590405913e-13,2.906948374e-13,2.876539509e-13,3.876551773e-13,4.284562277e-13,3.206795786e-13,1.569192174e-13,1.619192331e-13,7.148180473e-14,5.369198771e-14,8.418066577e-14,6.583747762e-14,4.767526376e-14,1.250135386e-13,4.879780677e-13,2.854852978e-13,4.178510235e-13,1.220859965e-13,2.773815389e-13,7.584769303e-14
121.328125,6.275481749e-13,2.980861953e-13,2.199915383e-13,4.379626642e-13,2.426197563e-13,2.63532703e-13,6.598336173e-14,6.217970071e-14,4.478222181e-14,2.813723144e-13,1.29892289e-13,9.21302988e-14,2.608561589e-13,2.888341088e-13,2.835502384e-13,3.838907078e-13,4.259649376e-13,3.177443174e-13,1.568309236e-13,1.597489722e-13,7.032876671e-14,5.312589985e-14,8.462728888e-14,6.636910801e-14,4.768503502e-14,1.251206239e-13,4.918952946e-13,2.866743652e-13,4.232277033e-13,1.218771265e-13,2.802370407e-13,7.616414791e-14
121.3359375,6.201253461e-13,3.021484343e-13,2.237031114e-13,4.347290288e-13,2.401881855e-13,2.603404964e-13,6.610111985e-14,6.231196163e-14,4.46248332e-14,2.81934542e-13,1.309463754e-13,9.337202959e-14,2.626264964e-13,2.869112227e-13,2.795335799e-13,3.802101955e-13,4.234745391e-13,3.148387065e-13,1.567585849e-13,1.575473288e-13,6.922358757e-14,5.257074489e-14,8.508009438e-14,6.693644705e-14,4.77033286e-14,1.251913283e-13,4.956272714e-13,2.877721725e-13,4.286859864e-13,1.216127153e-13,2.83049443e-13,7.650556439e-14
121.34375,6.127872621e-13,3.062268672e-13,2.277250781e-13,4.31214977e-13,2.378778334e-13,2.571381166e-13,6.627087072e-14,6.245573818e-14,4.448196614e-14,2.824549888e-13,1.32029869e-13,9.46185642e-14,2.643378757e-13,2.849413762e-13,2.755383821e-13,3.766128818e-13,4.209028e-13,3.119190019e-13,1.567019193e-13,1.553108674e-13,6.819008576e-14,5.202566563e-14,8.554680054e-14,6.747972733e-14,4.776680327e-14,1.252934955e-13,4.99390065e-13,2.886848711e-13,4.343728782e-13,1.212603798e-13,2.858932544e-13,7.689181426e-14
121.3515625,6.054199843e-13,3.104766432e-13,2.320091966e-13,4.278168192e-13,2.356286163e-13,2.540526914e-13,6.649236553e-14,6.257837312e-14,4.432909838e-14,2.830332293e-13,1.330776005e-13,9.589891982e-14,2.660630588e-13,2.830327005e-13,2.717273484e-13,3.732336522e-13,4.183003659e-13,3.089815199e-13,1.566360257e-13,1.530277871e-13,6.724521928e-14,5.146909149e-14,8.604937171e-14,6.801538831e-14,4.788120919e-14,1.254420663e-13,5.033326208e-13,2.895462602e-13,4.403756337e-13,1.20839915e-13,2.888642641e-13,7.729670886e-14
121.359375,5.982185246e-13,3.148478152e-13,2.364914265e-13,4.246610753e-13,2.3334821e-13,2.509726925e-13,6.673381766e-14,6.267412238e-14,4.415984288e-14,2.836935608e-13,1.340651477e-13,9.717491984e-14,2.678293325e-13,2.81170366e-13,2.681257081e-13,3.701866613e-13,4.157063655e-13,3.060095634e-13,1.565079349e-13,1.507503981e-13,6.635273161e-14,5.089420058e-14,8.657033308e-14,6.86064318e-14,4.799054147e-14,1.255765977e-13,5.072659655e-13,2.905441789e-13,4.46444523e-13,1.204169816e-13,2.918198221e-13,7.771188265e-14
121.3671875,5.912374016e-13,3.193848038e-13,2.411213222e-13,4.216244671e-13,2.310789809e-13,2.478379029e-13,6.699758635e-14,6.27373408e-14,4.400690348e-14,2.843176768e-13,1.34956632e-13,9.842656515e-14,2.696536274e-13,2.793053753e-13,2.645653161e-13,3.672528879e-13,4.130237041e-13,3.030338795e-13,1.563356909e-13,1.485644453e-13,6.543745129e-14,5.033696307e-14,8.708296829e-14,6.918432683e-14,4.807890117e-14,1.256363655e-13,5.10942267e-13,2.91589673e-13,4.522817813e-13,1.199614245e-13,2.947163546e-13,7.811934046e-14
121.375,5.844715942e-13,3.239541705e-13,2.459624256e-13,4.183829331e-13,2.28976133e-13,2.448629029e-13,6.735625055e-14,6.275712325e-14,4.387289781e-14,2.848840043e-13,1.357405737e-13,9.965706729e-14,2.715762731e-13,2.774972896e-13,2.610696433e-13,3.642826116e-13,4.103092267e-13,3.001454389e-13,1.562106262e-13,1.464187359e-13,6.448360187e-14,4.981279637e-14,8.75852986e-14,6.972965333e-14,4.820975404e-14,1.256868288e-13,5.144546583e-13,2.924217172e-13,4.580628387e-13,1.194117123e-13,2.977422538e-13,7.85213639e-14
121.3828125,5.780255693e-13,3.282458786e-13,2.511650462e-13,4.147365377e-13,2.270627919e-13,2.421448806e-13,6.785105366e-14,6.275857829e-14,4.374192578e-14,2.855116268e-13,1.365499721e-13,1.008678588e-13,2.734999995e-13,2.757380003e-13,2.577807602e-13,3.614999516e-13,4.076613505e-13,2.973008937e-13,1.56125102e-13,1.442244168e-13,6.356161076e-14,4.928937482e-14,8.807822838e-14,7.032802548e-14,4.840331113e-14,1.258283846e-13,5.180611666e-13,2.930566321e-13,4.643095207e-13,1.188296856e-13,3.008803745e-13,7.895723215e-14
121.390625,5.717160903e-13,3.324691302e-13,2.567203092e-13,4.110533255e-13,2.25205306e-13,2.395496949e-13,6.844951166e-14,6.273298867e-14,4.3638256e-14,2.862098753e-13,1.375276848e-13,1.020792034e-13,2.75308265e-13,2.73905185e-13,2.545998741e-13,3.589498248e-13,4.04911724e-13,2.94361807e-13,1.560017111e-13,1.420322806e-13,6.269366917e-14,4.876927844e-14,8.857180991e-14,7.093101751e-14,4.86100033e-14,1.259996847e-13,5.218493728e-13,2.937732733e-13,4.711425093e-13,1.182674419e-13,3.039940519e-13,7.942898816e-14
121.3984375,5.652827495e-13,3.368870767e-13,2.623430192e-13,4.076846209e-13,2.233502497e-13,2.369713641e-13,6.910450245e-14,6.264731618e-14,4.356812862e-14,2.868556517e-13,1.385434946e-13,1.032655521e-13,2.770413391e-13,2.719161905e-13,2.513629129e-13,3.564036347e-13,4.019619705e-13,2.913276504e-13,1.558520286e-13,1.398632251e-13,6.18073186e-14,4.827531364e-14,8.908770106e-14,7.147549088e-14,4.881634435e-14,1.261028993e-13,5.257333649e-13,2.945787019e-13,4.78108767e-13,1.176488628e-13,3.07103723e-13,7.992513343e-14
121.40625,5.589052863e-13,3.413299716e-13,2.679185582e-13,4.044566909e-13,2.215648469e-13,2.343747649e-13,6.978859044e-14,6.255851854e-14,4.34804252e-14,2.874216294e-13,1.394052502e-13,1.043981803e-13,2.787441911e-13,2.698278942e-13,2.482047259e-13,3.539097304e-13,3.990184266e-13,2.883218537e-13,1.557464203e-13,1.376831064e-13,6.088848545e-14,4.777938196e-14,8.961955502e-14,7.204925837e-14,4.905132144e-14,1.261918763e-13,5.294957894e-13,2.952665539e-13,4.848649671e-13,1.169554175e-13,3.102035121e-13,8.045011061e-14
121.4140625,5.527684746e-13,3.458578362e-13,2.737787445e-13,4.012526491e-13,2.198690105e-13,2.317984895e-13,7.051780801e-14,6.252335047e-14,4.337311787e-14,2.880190991e-13,1.401902106e-13,1.055608446e-13,2.804269597e-13,2.678523685e-13,2.453653294e-13,3.516167602e-13,3.961784618e-13,2.853763119e-13,1.557182084e-13,1.355699332e-13,6.000674111e-14,4.727614903e-14,9.014774578e-14,7.266853081e-14,4.932276953e-14,1.2630533e-13,5.329228038e-13,2.959173996e-13,4.915011329e-13,1.162730057e-13,3.133182716e-13,8.096396775e-14
121.421875,5.466757789e-13,3.505591942e-13,2.800673609e-13,3.981739151e-13,2.18178286e-13,2.293122897e-13,7.132054821e-14,6.24825251e-14,4.329805276e-14,2.886756486e-13,1.409544463e-13,1.067926787e-13,2.821166426e-13,2.660632876e-13,2.427843223e-13,3.494188556e-13,3.933226279e-13,2.823792542e-13,1.557222297e-13,1.334903905e-13,5.91702315e-14,4.67990345e-14,9.068960268e-14,7.325102612e-14,4.962209068e-14,1.263589251e-13,5.361092736e-13,2.966453382e-13,4.982030635e-13,1.155862501e-13,3.165411859e-13,8.143735196e-14
121.4296875,5.406416398e-13,3.552020265e-13,2.865080899e-13,3.951852954e-13,2.164714877e-13,2.268954709e-13,7.21695506e-14,6.238256201e-14,4.324481315e-14,2.89244032e-13,1.415819148e-13,1.080005498e-13,2.837696927e-13,2.64232488e-13,2.402558678e-13,3.47329793e-13,3.904708211e-13,2.793193522e-13,1.556842582e-13,1.312902681e-13,5.834903104e-14,4.632943267e-14,9.126971624e-14,7.381418858e-14,4.99455966e-14,1.263568043e-13,5.393196189e-13,2.972975489e-13,5.050632599e-13,1.148090764e-13,3.197503144e-13,8.192400781e-14
121.4375,5.350568818e-13,3.598921824e-13,2.930866533e-13,3.92253788e-13,2.149158164e-13,2.245758258e-13,7.305696584e-14,6.224386468e-14,4.319602953e-14,2.896785658e-13,1.421158785e-13,1.091752725e-13,2.853742439e-13,2.623003786e-13,2.378022721e-13,3.455119762e-13,3.877395983e-13,2.763727938e-13,1.556281418e-13,1.291071204e-13,5.757339159e-14,4.585978108e-14,9.18708199e-14,7.441096857e-14,5.029465588e-14,1.264119938e-13,5.425652205e-13,2.978882293e-13,5.120791575e-13,1.139723611e-13,3.228625109e-13,8.246858586e-14
121.4453125,5.298988304e-13,3.647043591e-13,2.999826238e-13,3.893254953e-13,2.136073683e-13,2.224353905e-13,7.405447229e-14,6.206794247e-14,4.319218366e-14,2.901405909e-13,1.426378291e-13,1.103753493e-13,2.869962968e-13,2.604506889e-13,2.355022035e-13,3.438539869e-13,3.850575998e-13,2.735858439e-13,1.556017171e-13,1.271198619e-13,5.685201387e-14,4.542896587e-14,9.247401299e-14,7.502406386e-14,5.067748209e-14,1.265223481e-13,5.457285459e-13,2.985516492e-13,5.191495781e-13,1.131487627e-13,3.260362532e-13,8.305040172e-14
121.453125,5.246833712e-13,3.692873708e-13,3.07031851e-13,3.862665969e-13,2.123691384e-13,2.203716428e-13,7.517381931e-14,6.184189018e-14,4.321092628e-14,2.906344059e-13,1.4305468e-13,1.115510616e-13,2.885736425e-13,2.585893759e-13,2.332745292e-13,3.422366829e-13,3.823147418e-13,2.708147306e-13,1.555389671e-13,1.251663023e-13,5.612806461e-14,4.500555095e-14,9.310539568e-14,7.561328117e-14,5.109453198e-14,1.265914373e-13,5.488320376e-13,2.991190977e-13,5.262377014e-13,1.123135345e-13,3.292260605e-13,8.364382698e-14
121.4609375,5.19325159e-13,3.738299648e-13,3.141226511e-13,3.8329999e-13,2.110682678e-13,2.182769376e-13,7.633611661e-14,6.15989876e-14,4.318844911e-14,2.909957972e-13,1.433852887e-13,1.126592078e-13,2.900409608e-13,2.56528998e-13,2.311126806e-13,3.408168397e-13,3.795770835e-13,2.680023311e-13,1.554067904e-13,1.231679007e-13,5.538046339e-14,4.454471662e-14,9.378862601e-14,7.616536804e-14,5.153218928e-14,1.266008249e-13,5.518675625e-13,2.995212171e-13,5.334181723e-13,1.114061564e-13,3.322798366e-13,8.424711143e-14
121.46875,5.141040344e-13,3.786710334e-13,3.214539909e-13,3.806968541e-13,2.097867211e-13,2.162034178e-13,7.751839892e-14,6.137225536e-14,4.315719752e-14,2.91310025e-13,1.43732839e-13,1.137440825e-13,2.915134257e-13,2.544062348e-13,2.290740874e-13,3.396054505e-13,3.768770419e-13,2.651288919e-13,1.552723043e-13,1.212379126e-13,5.464053072e-14,4.409095693e-14,9.449401946e-14,7.673179186e-14,5.198387544e-14,1.266007028e-13,5.547597374e-13,2.999793196e-13,5.407453792e-13,1.104172452e-13,3.353225963e-13,8.486356163e-14
121.4765625,5.090617915e-13,3.834686529e-13,3.290560202e-13,3.781944463e-13,2.085919212e-13,2.141216365e-13,7.874174547e-14,6.114080939e-14,4.316440882e-14,2.917378458e-13,1.440541922e-13,1.148359785e-13,2.930393163e-13,2.523757975e-13,2.270937118e-13,3.384316606e-13,3.740996652e-13,2.621665811e-13,1.551533446e-13,1.19313701e-13,5.394284831e-14,4.366777693e-14,9.518721436e-14,7.735808003e-14,5.244924372e-14,1.26639256e-13,5.575811672e-13,3.00497674e-13,5.48274997e-13,1.09397572e-13,3.384447546e-13,8.548584226e-14
121.484375,5.042273948e-13,3.882408572e-13,3.367953252e-13,3.75635943e-13,2.07514249e-13,2.120163657e-13,7.99895737e-14,6.08692638e-14,4.319442805e-14,2.921320841e-13,1.443347244e-13,1.159610431e-13,2.945471275e-13,2.504263453e-13,2.251695515e-13,3.373222407e-13,3.712296995e-13,2.592589183e-13,1.550474432e-13,1.173812892e-13,5.33030129e-14,4.324626569e-14,9.588392588e-14,7.798207911e-14,5.292577742e-14,1.267363798e-13,5.604598627e-13,3.009999722e-13,5.560219956e-13,1.084055296e-13,3.415618645e-13,8.611541937e-14
121.4921875,4.997186742e-13,3.932895299e-13,3.447326747e-13,3.732319362e-13,2.065511917e-13,2.100562512e-13,8.126653424e-14,6.056354758e-14,4.323576178e-14,2.923572928e-13,1.44606748e-13,1.171253751e-13,2.960423986e-13,2.485081388e-13,2.23352538e-13,3.363588757e-13,3.684123266e-13,2.564888432e-13,1.549642281e-13,1.155805083e-13,5.267748141e-14,4.282392568e-14,9.660796772e-14,7.855133042e-14,5.342891116e-14,1.268514938e-13,5.634032512e-13,3.015549682e-13,5.638964884e-13,1.074121866e-13,3.446632212e-13,8.677391151e-14
121.5,4.953289496e-13,3.982144963e-13,3.530780871e-13,3.708944172e-13,2.055899669e-13,2.083090328e-13,8.261383461e-14,6.026116132e-14,4.32786334e-14,2.92536423e-13,1.448621505e-13,1.182732247e-13,2.97534786e-13,2.465011078e-13,2.215801578e-13,3.355403257e-13,3.657740464e-13,2.537023482e-13,1.548587203e-13,1.138481871e-13,5.201800551e-14,4.239810595e-14,9.735207908e-14,7.912387306e-14,5.398200616e-14,1.269241501e-13,5.66355862e-13,3.02026083e-13,5.719052302e-13,1.06344575e-13,3.477688457e-13,8.745274178e-14
121.5078125,4.909302263e-13,4.029912586e-13,3.619044172e-13,3.686019409e-13,2.046652902e-13,2.066937498e-13,8.404621876e-14,5.998498605e-14,4.334243357e-14,2.92739588e-13,1.451647893e-13,1.194099008e-13,2.989993291e-13,2.44416804e-13,2.198921605e-13,3.349333476e-13,3.633209105e-13,2.508830217e-13,1.547398508e-13,1.121188923e-13,5.136945766e-14,4.198252602e-14,9.811626669e-14,7.975426816e-14,5.457157169e-14,1.269513774e-13,5.692518504e-13,3.023592327e-13,5.801140388e-13,1.052213394e-13,3.508997737e-13,8.812723369e-14
121.515625,4.868131716e-13,4.08082804e-13,3.709613304e-13,3.666803406e-13,2.039406384e-13,2.051559939e-13,8.555815246e-14,5.972724029e-14,4.34852777e-14,2.929229502e-13,1.454798546e-13,1.205717349e-13,3.004335766e-13,2.424206953e-13,2.183670852e-13,3.345367001e-13,3.609299558e-13,2.48148333e-13,1.546490557e-13,1.105446607e-13,5.077177741e-14,4.161437471e-14,9.891911522e-14,8.042840351e-14,5.516572121e-14,1.269806775e-13,5.720937489e-13,3.028293152e-13,5.884508021e-13,1.041031708e-13,3.540387371e-13,8.882589335e-14
121.5234375,4.829262865e-13,4.131138526e-13,3.800718619e-13,3.649499375e-13,2.032660561e-13,2.03585484e-13,8.713394797e-14,5.947413857e-14,4.365168135e-14,2.931115142e-13,1.456565988e-13,1.21689006e-13,3.017625539e-13,2.404005351e-13,2.168823244e-13,3.342962266e-13,3.585386552e-13,2.454297508e-13,1.545085172e-13,1.09145348e-13,5.017419306e-14,4.124742618e-14,9.976328929e-14,8.110803648e-14,5.57714415e-14,1.270704302e-13,5.750060044e-13,3.033694381e-13,5.969340728e-13,1.029903923e-13,3.570229008e-13,8.957167843e-14
121.53125,4.788461502e-13,4.178928878e-13,3.895398664e-13,3.630876947e-13,2.024261281e-13,2.019181852e-13,8.874518821e-14,5.922890116e-14,4.374685935e-14,2.93319669e-13,1.457894445e-13,1.227493747e-13,3.029421441e-13,2.381978776e-13,2.15436936e-13,3.343091973e-13,3.562728501e-13,2.426720845e-13,1.542936789e-13,1.078127399e-13,4.956460383e-14,4.08276448e-14,1.006331228e-13,8.177436712e-14,5.640962451e-14,1.272409078e-13,5.780045475e-13,3.037319504e-13,6.056754202e-13,1.018776916e-13,3.598481122e-13,9.033155846e-14
121.5390625,4.746535035e-13,4.229889332e-13,3.995070931e-13,3.614460113e-13,2.015879089e-13,2.002989997e-13,9.039144014e-14,5.898441637e-14,4.384524545e-14,2.934700183e-13,1.460133953e-13,1.238612612e-13,3.040897038e-13,2.360397714e-13,2.141918697e-13,3.345469533e-13,3.541618049e-13,2.399476329e-13,1.540921744e-13,1.065497052e-13,4.899001587e-14,4.041705142e-14,1.015037743e-13,8.244341779e-14,5.70607924e-14,1.27438455e-13,5.809279494e-13,3.041132125e-13,6.145439588e-13,1.007738504e-13,3.627172976e-13,9.109235286e-14
121.546875,4.706741143e-13,4.281693466e-13,4.096356475e-13,3.601810302e-13,2.008820271e-13,1.988527307e-13,9.209404892e-14,5.870186832e-14,4.401460127e-14,2.934929528e-13,1.46229087e-13,1.250216331e-13,3.052525917e-13,2.340684217e-13,2.130886742e-13,3.347921624e-13,3.520722593e-13,2.372090971e-13,1.538685612e-13,1.052985383e-13,4.844097503e-14,4.005177232e-14,1.023702393e-13,8.311608128e-14,5.770296675e-14,1.276002873e-13,5.837400981e-13,3.045565717e-13,6.23395928e-13,9.964539205e-14,3.656110287e-13,9.185362025e-14
121.5546875,4.667910367e-13,4.330411528e-13,4.199577418e-13,3.590095937e-13,2.001567413e-13,1.975696914e-13,9.385811107e-14,5.837951947e-14,4.418881863e-14,2.9344243e-13,1.464352699e-13,1.261754843e-13,3.063732869e-13,2.321241432e-13,2.120575586e-13,3.350436638e-13,3.5000033e-13,2.343920783e-13,1.535672129e-13,1.039528707e-13,4.7905205e-14,3.969034509e-14,1.032831711e-13,8.37880677e-14,5.835634806e-14,1.277108574e-13,5.865171691e-13,3.04798874e-13,6.323332334e-13,9.845291015e-14,3.684442322e-13,9.258318059e-14
121.5625,4.62859081e-13,4.380885644e-13,4.308229462e-13,3.580259178e-13,1.994098573e-13,1.964202827e-13,9.569037222e-14,5.807097155e-14,4.437128343e-14,2.934707621e-13,1.467036245e-13,1.273770036e-13,3.074832539e-13,2.30178325e-13,2.111780937e-13,3.354124593e-13,3.479961439e-13,2.31577521e-13,1.532524816e-13,1.025973085e-13,4.74178986e-14,3.933967592e-14,1.042661351e-13,8.450730096e-14,5.904156499e-14,1.27783616e-13,5.892213e-13,3.04976474e-13,6.414569134e-13,9.720180728e-14,3.713073428e-13,9.328972589e-14
121.5703125,4.590847021e-13,4.432076644e-13,4.420463977e-13,3.571859946e-13,1.98775374e-13,1.953445579e-13,9.76009689e-14,5.77720528e-14,4.459379839e-14,2.935565242e-13,1.469394142e-13,1.286082454e-13,3.08556139e-13,2.282560825e-13,2.103776844e-13,3.359253058e-13,3.460829967e-13,2.288359971e-13,1.529188384e-13,1.013654433e-13,4.696362158e-14,3.899974024e-14,1.052492782e-13,8.526568926e-14,5.975697388e-14,1.27887528e-13,5.918483145e-13,3.052295642e-13,6.507951207e-13,9.593857715e-14,3.741257839e-13,9.40386482e-14
121.578125,4.555670537e-13,4.478484039e-13,4.532756955e-13,3.561732593e-13,1.982203028e-13,1.943067432e-13,9.957604993e-14,5.742153136e-14,4.479081691e-14,2.934635988e-13,1.47138707e-13,1.297684799e-13,3.094591711e-13,2.262834484e-13,2.095687235e-13,3.366841705e-13,3.444199029e-13,2.261870734e-13,1.525360685e-13,1.002348134e-13,4.649740539e-14,3.862551824e-14,1.062045017e-13,8.596237627e-14,6.050782901e-14,1.281062705e-13,5.944619034e-13,3.053707831e-13,6.602606064e-13,9.473356416e-14,3.767394014e-13,9.486043199e-14
121.5859375,4.521164161e-13,4.523777888e-13,4.645981718e-13,3.553313061e-13,1.976923716e-13,1.933413209e-13,1.015881775e-13,5.70279148e-14,4.496982665e-14,2.931909633e-13,1.473612984e-13,1.309009553e-13,3.102341627e-13,2.243282654e-13,2.088262905e-13,3.376587142e-13,3.430236187e-13,2.236177972e-13,1.521719448e-13,9.912778354e-14,4.603036519e-14,3.824336137e-14,1.071952926e-13,8.659988012e-14,6.12892768e-14,1.283896165e-13,5.969729903e-13,3.055211394e-13,6.696314895e-13,9.359310464e-14,3.79233657e-13,9.571463806e-14
121.59375,4.487030129e-13,4.571228619e-13,4.761458241e-13,3.549381856e-13,1.972255148e-13,1.924266598e-13,1.03617645e-13,5.663981311e-14,4.521505531e-14,2.930200217e-13,1.474977212e-13,1.320715858e-13,3.110043814e-13,2.224493905e-13,2.081496077e-13,3.386265668e-13,3.416193612e-13,2.210294258e-13,1.51807343e-13,9.804687404e-14,4.558085549e-14,3.790119843e-14,1.082252453e-13,8.728031936e-14,6.206509826e-14,1.28620893e-13,5.993172726e-13,3.058573402e-13,6.789659878e-13,9.24296812e-14,3.816674384e-13,9.654289376e-14
121.6015625,4.455434281e-13,4.619229671e-13,4.878252346e-13,3.545394935e-13,1.968161411e-13,1.915034632e-13,1.056645434e-13,5.625591582e-14,4.552106729e-14,2.929899227e-13,1.475552416e-13,1.332119627e-13,3.117017045e-13,2.205298851e-13,2.075002e-13,3.396011285e-13,3.401140048e-13,2.183851801e-13,1.513652759e-13,9.704886361e-14,4.515604481e-14,3.757552345e-14,1.092471437e-13,8.800380596e-14,6.281885564e-14,1.288132711e-13,6.01567019e-13,3.062006474e-13,6.884479269e-13,9.122492832e-14,3.83939895e-13,9.735528126e-14
121.609375,4.426318904e-13,4.669066864e-13,4.995690389e-13,3.541282458e-13,1.964737624e-13,1.905758813e-13,1.077320705e-13,5.586765899e-14,4.585934715e-14,2.928730971e-13,1.476831558e-13,1.343184075e-13,3.12261722e-13,2.185864691e-13,2.069132057e-13,3.407063469e-13,3.386609125e-13,2.158075485e-13,1.508962967e-13,9.613857047e-14,4.477448079e-14,3.725051796e-14,1.102757047e-13,8.870879187e-14,6.358468176e-14,1.29032415e-13,6.036191305e-13,3.06542107e-13,6.978549309e-13,9.005823045e-14,3.860752843e-13,9.820989384e-14
121.6171875,4.397312574e-13,4.719067908e-13,5.114823675e-13,3.540807041e-13,1.962387795e-13,1.896976598e-13,1.097970329e-13,5.548352847e-14,4.622906603e-14,2.92599948e-13,1.478068013e-13,1.355027462e-13,3.128085356e-13,2.167613563e-13,2.063818539e-13,3.418954527e-13,3.373485122e-13,2.133846095e-13,1.504576191e-13,9.524862116e-14,4.441230897e-14,3.693838816e-14,1.113223947e-13,8.941022889e-14,6.439186789e-14,1.292573433e-13,6.053799178e-13,3.068956803e-13,7.070970105e-13,8.890965331e-14,3.882147568e-13,9.908386786e-14
121.625,4.367918908e-13,4.765363331e-13,5.237602713e-13,3.54173234e-13,1.960177476e-13,1.889407727e-13,1.118631256e-13,5.510239713e-14,4.660439848e-14,2.922590753e-13,1.478101991e-13,1.367824405e-13,3.134169418e-13,2.150444559e-13,2.059236223e-13,3.431712986e-13,3.361941917e-13,2.110320611e-13,1.500232835e-13,9.431600667e-14,4.405109015e-14,3.662488097e-14,1.123628724e-13,9.015183109e-14,6.522252656e-14,1.294799894e-13,6.07120815e-13,3.070137915e-13,7.165404718e-13,8.769842423e-14,3.904382972e-13,9.991298375e-14
121.6328125,4.338591065e-13,4.811450996e-13,5.364591054e-13,3.542115877e-13,1.956448915e-13,1.882911791e-13,1.139847843e-13,5.473135861e-14,4.698717421e-14,2.918794095e-13,1.478332583e-13,1.38086072e-13,3.140094582e-13,2.133958484e-13,2.055717989e-13,3.445646467e-13,3.351286159e-13,2.086139019e-13,1.495572442e-13,9.335612915e-14,4.376002294e-14,3.63015487e-14,1.134129473e-13,9.092883615e-14,6.605369457e-14,1.297572333e-13,6.090409035e-13,3.070276965e-13,7.262424057e-13,8.648718109e-14,3.927279412e-13,1.00729756e-13
121.640625,4.309383491e-13,4.860763056e-13,5.494174989e-13,3.544384379e-13,1.951990509e-13,1.876524205e-13,1.161553872e-13,5.437565683e-14,4.74067958e-14,2.914336306e-13,1.480100352e-13,1.394096932e-13,3.145570375e-13,2.118892338e-13,2.052801899e-13,3.460967918e-13,3.341234969e-13,2.061707538e-13,1.49035352e-13,9.250680951e-14,4.355165014e-14,3.599030957e-14,1.1448435e-13,9.169805374e-14,6.68992902e-14,1.300976417e-13,6.110039099e-13,3.07268714e-13,7.359446195e-13,8.536522211e-14,3.950048248e-13,1.015906901e-13
121.6484375,4.282081192e-13,4.910689731e-13,5.624060912e-13,3.549825925e-13,1.94981658e-13,1.870434743e-13,1.182981163e-13,5.403480198e-14,4.787490042e-14,2.908796312e-13,1.482339696e-13,1.407898488e-13,3.15095849e-13,2.105463221e-13,2.050717862e-13,3.479403354e-13,3.333606972e-13,2.038808268e-13,1.485025532e-13,9.188122495e-14,4.330795304e-14,3.571496872e-14,1.155471845e-13,9.243164543e-14,6.776868485e-14,1.304653375e-13,6.129454819e-13,3.075745657e-13,7.455919409e-13,8.427373052e-14,3.972336117e-13,1.024820506e-13
121.65625,4.256982546e-13,4.958749451e-13,5.753097629e-13,3.557992823e-13,1.950096428e-13,1.864895288e-13,1.20391346e-13,5.373626731e-14,4.840205236e-14,2.902059124e-13,1.483690522e-13,1.421879038e-13,3.155810765e-13,2.092408254e-13,2.049672062e-13,3.500742176e-13,3.328131979e-13,2.017056722e-13,1.480013067e-13,9.138121882e-14,4.299535323e-14,3.54686377e-14,1.166051287e-13,9.317566592e-14,6.863433813e-14,1.308750801e-13,6.148762097e-13,3.077215012e-13,7.551501166e-13,8.31621442e-14,3.994135722e-13,1.03388636e-13
121.6640625,4.230558744e-13,5.003976113e-13,5.883607971e-13,3.565483781e-13,1.949193843e-13,1.858625895e-13,1.224810762e-13,5.347064247e-14,4.894439175e-14,2.894971556e-13,1.484794079e-13,1.435219829e-13,3.159362885e-13,2.078472343e-13,2.048427642e-13,3.522510593e-13,3.322372884e-13,1.994117549e-13,1.474204812e-13,9.088304177e-14,4.271919138e-14,3.520167886e-14,1.176835368e-13,9.400100516e-14,6.948881227e-14,1.313527899e-13,6.167316619e-13,3.077533075e-13,7.64633274e-13,8.209030632e-14,4.014937979e-13,1.043070346e-13
121.671875,4.201854304e-13,5.048465306e-13,6.018866499e-13,3.568906441e-13,1.946038789e-13,1.851735308e-13,1.246164787e-13,5.315625343e-14,4.943755395e-14,2.888357595e-13,1.486859866e-13,1.447969621e-13,3.161679606e-13,2.063933156e-13,2.047014944e-13,3.545558392e-13,3.317691966e-13,1.96991636e-13,1.466891933e-13,9.044307703e-14,4.251651973e-14,3.48922348e-14,1.18777816e-13,9.485991527e-14,7.036153302e-14,1.318640312e-13,6.186049833e-13,3.076967731e-13,7.742090897e-13,8.107723566e-14,4.034481052e-13,1.052158874e-13
121.6796875,4.172927199e-13,5.096001386e-13,6.156664609e-13,3.573544917e-13,1.943522651e-13,1.845946391e-13,1.26797363e-13,5.277468401e-14,4.993980876e-14,2.881851944e-13,1.489603911e-13,1.461072002e-13,3.163379221e-13,2.049727867e-13,2.046861579e-13,3.571335512e-13,3.315700375e-13,1.946214102e-13,1.459248077e-13,9.012810247e-14,4.233650204e-14,3.458969027e-14,1.198853835e-13,9.56303363e-14,7.124930608e-14,1.323786428e-13,6.205716931e-13,3.07656095e-13,7.837962026e-13,8.007773225e-14,4.053161243e-13,1.061195622e-13
121.6875,4.143636925e-13,5.14406699e-13,6.292646696e-13,3.584959618e-13,1.942359226e-13,1.840545214e-13,1.289500149e-13,5.239982258e-14,5.052857184e-14,2.874681902e-13,1.492435728e-13,1.474965354e-13,3.16498137e-13,2.036115688e-13,2.047498604e-13,3.59733059e-13,3.313601578e-13,1.923284333e-13,1.451884432e-13,8.989137407e-14,4.216981074e-14,3.43238688e-14,1.210066641e-13,9.634974494e-14,7.212008656e-14,1.329194366e-13,6.224146205e-13,3.077324293e-13,7.932077234e-13,7.908460443e-14,4.071448832e-13,1.07034633e-13
121.6953125,4.114903161e-13,5.188286474e-13,6.427470847e-13,3.598073165e-13,1.941147667e-13,1.833477005e-13,1.31034061e-13,5.205603261e-14,5.116176476e-14,2.866612606e-13,1.495338539e-13,1.489086997e-13,3.166373867e-13,2.02345411e-13,2.04745434e-13,3.621722564e-13,3.310394801e-13,1.900684503e-13,1.444350291e-13,8.965618472e-14,4.20142218e-14,3.406767616e-14,1.221169502e-13,9.716885589e-14,7.297682751e-14,1.334775006e-13,6.240177189e-13,3.077576402e-13,8.025184399e-13,7.810238344e-14,4.089862156e-13,1.079466803e-13
121.703125,4.089081695e-13,5.228923307e-13,6.563605006e-13,3.608184945e-13,1.940933475e-13,1.825484603e-13,1.330926302e-13,5.170380162e-14,5.179505204e-14,2.85785681e-13,1.498147088e-13,1.503046477e-13,3.166977933e-13,2.012208679e-13,2.046859642e-13,3.645467762e-13,3.308197096e-13,1.8787605e-13,1.436794521e-13,8.939830512e-14,4.184054765e-14,3.380058884e-14,1.231896241e-13,9.804975316e-14,7.383504013e-14,1.340172148e-13,6.25550294e-13,3.075812082e-13,8.118050603e-13,7.712567468e-14,4.108476728e-13,1.088431104e-13
121.7109375,4.064400448e-13,5.267101229e-13,6.701880141e-13,3.617683289e-13,1.942775102e-13,1.81892308e-13,1.351257873e-13,5.133485332e-14,5.243773503e-14,2.848968918e-13,1.501481314e-13,1.51740659e-13,3.167004163e-13,2.00184607e-13,2.046943635e-13,3.669403569e-13,3.306921311e-13,1.857603525e-13,1.429352123e-13,8.919817149e-14,4.168215266e-14,3.352383065e-14,1.242292006e-13,9.88507832e-14,7.468377101e-14,1.345941482e-13,6.271079275e-13,3.072867337e-13,8.210580815e-13,7.618309169e-14,4.126820887e-13,1.097344124e-13
121.71875,4.039479508e-13,5.306780719e-13,6.842411649e-13,3.628602846e-13,1.945370798e-13,1.814003345e-13,1.371106649e-13,5.097994307e-14,5.31117804e-14,2.840451358e-13,1.506154188e-13,1.532645178e-13,3.167206235e-13,1.992039707e-13,2.048142216e-13,3.694581904e-13,3.306032249e-13,1.836695659e-13,1.421741647e-13,8.912166949e-14,4.159617195e-14,3.326390154e-14,1.252871823e-13,9.96362859e-14,7.552128422e-14,1.352749663e-13,6.286332652e-13,3.0705768e-13,8.302316017e-13,7.528484831e-14,4.144896638e-13,1.106478309e-13
121.7265625,4.015961428e-13,5.349762328e-13,6.983195442e-13,3.641944773e-13,1.948346897e-13,1.808820795e-13,1.390817285e-13,5.06593005e-14,5.385845442e-14,2.831999517e-13,1.511153677e-13,1.548095833e-13,3.16727575e-13,1.983226444e-13,2.04966331e-13,3.722046872e-13,3.306728233e-13,1.815858253e-13,1.41396567e-13,8.913247876e-14,4.154152859e-14,3.305362749e-14,1.264072125e-13,1.005173032e-13,7.637206882e-14,1.359942803e-13,6.300696524e-13,3.069599103e-13,8.391502147e-13,7.438649358e-14,4.162908253e-13,1.116057462e-13
121.734375,3.991045811e-13,5.386021317e-13,7.122814718e-13,3.656978119e-13,1.951631985e-13,1.802652405e-13,1.410240265e-13,5.036037543e-14,5.463493162e-14,2.822773585e-13,1.515940166e-13,1.562786039e-13,3.166065423e-13,1.974507414e-13,2.051359863e-13,3.751589206e-13,3.309465921e-13,1.795446282e-13,1.405552351e-13,8.923919224e-14,4.145137736e-14,3.284693787e-14,1.275364616e-13,1.014077986e-13,7.725144119e-14,1.366914923e-13,6.31419519e-13,3.066825964e-13,8.478548214e-13,7.348020389e-14,4.180278103e-13,1.125728403e-13
121.7421875,3.961605446e-13,5.411869828e-13,7.262698414e-13,3.669576452e-13,1.953456872e-13,1.796471302e-13,1.428959834e-13,5.007577899e-14,5.532080322e-14,2.812422951e-13,1.521628194e-13,1.576463409e-13,3.162656362e-13,1.964197291e-13,2.053884984e-13,3.782518842e-13,3.313484e-13,1.775395467e-13,1.395555956e-13,8.943876607e-14,4.134890802e-14,3.256285823e-14,1.286056688e-13,1.022318193e-13,7.815051851e-14,1.374276582e-13,6.327377912e-13,3.059270828e-13,8.566270944e-13,7.260645038e-14,4.19580708e-13,1.134953685e-13
121.75,3.931764683e-13,5.439990788e-13,7.402077543e-13,3.680322246e-13,1.954368898e-13,1.790124915e-13,1.447362242e-13,4.984085326e-14,5.596072915e-14,2.801384432e-13,1.527800318e-13,1.589574516e-13,3.157399088e-13,1.953089394e-13,2.056867994e-13,3.813879423e-13,3.317346762e-13,1.755016742e-13,1.384322893e-13,8.962733821e-14,4.128461138e-14,3.223389117e-14,1.296530067e-13,1.030566469e-13,7.904982961e-14,1.38225522e-13,6.339936093e-13,3.049675392e-13,8.653974675e-13,7.175808082e-14,4.209280244e-13,1.14386098e-13
121.7578125,3.904182053e-13,5.473917767e-13,7.54032919e-13,3.693638065e-13,1.957440559e-13,1.783440916e-13,1.465354305e-13,4.966802267e-14,5.670651343e-14,2.790348903e-13,1.533557896e-13,1.603364864e-13,3.152722348e-13,1.944182346e-13,2.060525538e-13,3.845892535e-13,3.320875455e-13,1.734709947e-13,1.373489208e-13,8.982480903e-14,4.127123649e-14,3.195607941e-14,1.307240773e-13,1.039370171e-13,7.993588833e-14,1.390150838e-13,6.35115607e-13,3.041086491e-13,8.738674749e-13,7.089871509e-14,4.223192922e-13,1.152680142e-13
121.765625,3.8766674e-13,5.504648754e-13,7.680243151e-13,3.708039339e-13,1.962711809e-13,1.778366297e-13,1.482179817e-13,4.950747703e-14,5.753731904e-14,2.779354386e-13,1.539989479e-13,1.618852334e-13,3.150107081e-13,1.938523171e-13,2.065983925e-13,3.880554794e-13,3.326870518e-13,1.716020783e-13,1.363933255e-13,9.009683791e-14,4.13046335e-14,3.173466239e-14,1.317811776e-13,1.048871784e-13,8.081048415e-14,1.397812265e-13,6.362225702e-13,3.032167562e-13,8.819811948e-13,7.004599095e-14,4.239769655e-13,1.161153084e-13
121.7734375,3.85083972e-13,5.531808487e-13,7.819903209e-13,3.721358275e-13,1.968201878e-13,1.774820649e-13,1.497946994e-13,4.934052583e-14,5.83496788e-14,2.767602071e-13,1.547433622e-13,1.634990108e-13,3.147434336e-13,1.933796562e-13,2.07163021e-13,3.917233233e-13,3.33588814e-13,1.699023564e-13,1.354803697e-13,9.034083548e-14,4.135585336e-14,3.150888002e-14,1.328010169e-13,1.058950099e-13,8.167825052e-14,1.405761602e-13,6.374066839e-13,3.022521516e-13,8.897858659e-13,6.923542914e-14,4.256705082e-13,1.169169313e-13
121.78125,3.829046031e-13,5.559247621e-13,7.956120281e-13,3.73605407e-13,1.97406831e-13,1.769905269e-13,1.512947399e-13,4.919837408e-14,5.915414332e-14,2.754824963e-13,1.555048034e-13,1.650401371e-13,3.143390661e-13,1.92882719e-13,2.075497351e-13,3.9529099e-13,3.344274058e-13,1.682434574e-13,1.344951393e-13,9.054281734e-14,4.140072642e-14,3.12625804e-14,1.337829737e-13,1.068908004e-13,8.253111195e-14,1.414125087e-13,6.384695761e-13,3.013639655e-13,8.972945662e-13,6.846192043e-14,4.271607748e-13,1.176993031e-13
121.7890625,3.807811984e-13,5.585233324e-13,8.093992159e-13,3.751938551e-13,1.980627939e-13,1.764017747e-13,1.527077576e-13,4.907845827e-14,5.998669668e-14,2.741842298e-13,1.563277949e-13,1.665873334e-13,3.139609588e-13,1.925584569e-13,2.079846928e-13,3.988441032e-13,3.351752728e-13,1.665950514e-13,1.33450574e-13,9.083081574e-14,4.146750026e-14,3.102436135e-14,1.346963661e-13,1.078577148e-13,8.336829027e-14,1.422651196e-13,6.392709755e-13,3.004736463e-13,9.045466025e-13,6.771027172e-14,4.28678493e-13,1.184869168e-13
121.796875,3.783759639e-13,5.609289109e-13,8.235319024e-13,3.767096031e-13,1.986694493e-13,1.759408259e-13,1.540744607e-13,4.897022576e-14,6.083695823e-14,2.729167607e-13,1.572341425e-13,1.68217109e-13,3.135862444e-13,1.924042556e-13,2.087216731e-13,4.027383157e-13,3.361867143e-13,1.650005603e-13,1.324125179e-13,9.122022785e-14,4.157417358e-14,3.08048927e-14,1.355774253e-13,1.088584558e-13,8.422216411e-14,1.431587535e-13,6.399744636e-13,2.994217823e-13,9.116005054e-13,6.697850279e-14,4.303759423e-13,1.192872722e-13
121.8046875,3.757688341e-13,5.632491155e-13,8.373635629e-13,3.78244982e-13,1.992210411e-13,1.754658149e-13,1.554131288e-13,4.89060279e-14,6.171328227e-14,2.716738304e-13,1.581479976e-13,1.698472904e-13,3.130593312e-13,1.92162093e-13,2.096596333e-13,4.07039129e-13,3.375142549e-13,1.634893714e-13,1.313727186e-13,9.170964443e-14,4.170164587e-14,3.059012509e-14,1.365195393e-13,1.099102218e-13,8.512187833e-14,1.441614032e-13,6.407276845e-13,2.982283711e-13,9.185174755e-13,6.627203246e-14,4.320379587e-13,1.20088134e-13
121.8125,3.731592591e-13,5.653627187e-13,8.508787212e-13,3.797326828e-13,1.998779526e-13,1.748328938e-13,1.566651586e-13,4.889613504e-14,6.263286402e-14,2.704286641e-13,1.590835903e-13,1.714568456e-13,3.124895513e-13,1.918993663e-13,2.106488379e-13,4.116227539e-13,3.390108946e-13,1.620849943e-13,1.302902708e-13,9.234713677e-14,4.185467417e-14,3.037760303e-14,1.375092784e-13,1.10985759e-13,8.604159804e-14,1.452712482e-13,6.41462037e-13,2.969543179e-13,9.251979854e-13,6.560451202e-14,4.335698398e-13,1.208938274e-13
121.8203125,3.706769215e-13,5.671401517e-13,8.644108424e-13,3.810782717e-13,2.007160496e-13,1.742183164e-13,1.57815973e-13,4.889946336e-14,6.357668965e-14,2.690570537e-13,1.600499739e-13,1.730895743e-13,3.119755996e-13,1.918576709e-13,2.117123842e-13,4.164447201e-13,3.406614444e-13,1.60757969e-13,1.291722083e-13,9.310377969e-14,4.203275866e-14,3.017619828e-14,1.384770469e-13,1.120482259e-13,8.6942501e-14,1.464170898e-13,6.42076974e-13,2.955556097e-13,9.314709648e-13,6.496192392e-14,4.350356804e-13,1.2172809e-13
121.828125,3.682041562e-13,5.68514461e-13,8.777820669e-13,3.824539056e-13,2.016330289e-13,1.737065759e-13,1.588946545e-13,4.889573145e-14,6.45195019e-14,2.675115775e-13,1.61017249e-13,1.747322153e-13,3.114665084e-13,1.919866438e-13,2.129130744e-13,4.214463533e-13,3.424289204e-13,1.594845393e-13,1.280722947e-13,9.392987808e-14,4.221291641e-14,2.998392886e-14,1.394112781e-13,1.130674913e-13,8.78342044e-14,1.475763323e-13,6.426013513e-13,2.939712438e-13,9.375077397e-13,6.430757226e-14,4.364946581e-13,1.225483077e-13
121.8359375,3.655065049e-13,5.694923628e-13,8.911855233e-13,3.836269301e-13,2.025399315e-13,1.731942657e-13,1.598936051e-13,4.89213677e-14,6.54849339e-14,2.660264888e-13,1.620872448e-13,1.764130212e-13,3.110358078e-13,1.922080179e-13,2.141897182e-13,4.265621003e-13,3.442658265e-13,1.583142909e-13,1.269979229e-13,9.476927587e-14,4.242102405e-14,2.979713893e-14,1.40276308e-13,1.141189789e-13,8.873420357e-14,1.487708967e-13,6.431237063e-13,2.922354687e-13,9.435903575e-13,6.366506276e-14,4.381247196e-13,1.232885932e-13
121.84375,3.626352287e-13,5.701769242e-13,9.048366278e-13,3.842816639e-13,2.034760117e-13,1.726300802e-13,1.607893251e-13,4.901830593e-14,6.651637079e-14,2.647172095e-13,1.633168008e-13,1.781404732e-13,3.10654288e-13,1.925177493e-13,2.154229369e-13,4.318302422e-13,3.462005593e-13,1.572175521e-13,1.258442978e-13,9.55790271e-14,4.268058623e-14,2.961375822e-14,1.41053301e-13,1.152837633e-13,8.963378222e-14,1.500137926e-13,6.436240494e-13,2.903592737e-13,9.495426862e-13,6.308783104e-14,4.399205316e-13,1.239916812e-13
121.8515625,3.597327171e-13,5.708322173e-13,9.17982535e-13,3.849712534e-13,2.04440938e-13,1.719858036e-13,1.615770204e-13,4.916738378e-14,6.757461871e-14,2.633475326e-13,1.64568657e-13,1.797884013e-13,3.100636485e-13,1.927395388e-13,2.166322184e-13,4.37195219e-13,3.481663776e-13,1.560917947e-13,1.2455771e-13,9.640443629e-14,4.294048463e-14,2.942018827e-14,1.418458285e-13,1.164586198e-13,9.053164252e-14,1.51322476e-13,6.439491944e-13,2.883387407e-13,9.548978432e-13,6.25602905e-14,4.415046519e-13,1.24721293e-13
121.859375,3.568374413e-13,5.717933809e-13,9.302813638e-13,3.860861491e-13,2.054200032e-13,1.71248535e-13,1.622679235e-13,4.931300968e-14,6.858713813e-14,2.618536586e-13,1.657917617e-13,1.813210637e-13,3.092451021e-13,1.92831538e-13,2.178533644e-13,4.424606345e-13,3.500493227e-13,1.549739484e-13,1.23257422e-13,9.721939323e-14,4.317551429e-14,2.921154683e-14,1.426768603e-13,1.175550082e-13,9.141516394e-14,1.526745097e-13,6.439927393e-13,2.863369255e-13,9.594910218e-13,6.204659697e-14,4.427451876e-13,1.254357741e-13
121.8671875,3.540734965e-13,5.726313268e-13,9.424673991e-13,3.869913957e-13,2.065454705e-13,1.704832682e-13,1.628494732e-13,4.945830262e-14,6.960420361e-14,2.604222822e-13,1.670961177e-13,1.828825374e-13,3.084238661e-13,1.930226631e-13,2.190446437e-13,4.476916763e-13,3.519051911e-13,1.539585704e-13,1.220284117e-13,9.797872126e-14,4.343157426e-14,2.900670207e-14,1.434127061e-13,1.186756753e-13,9.225268218e-14,1.540234523e-13,6.438188382e-13,2.843759917e-13,9.636722664e-13,6.155242634e-14,4.439668398e-13,1.260865304e-13
121.875,3.51352736e-13,5.724922168e-13,9.547962816e-13,3.874610836e-13,2.077983769e-13,1.697502594e-13,1.632953331e-13,4.964044302e-14,7.069962272e-14,2.589940615e-13,1.685057815e-13,1.845410816e-13,3.076712924e-13,1.933612439e-13,2.203354391e-13,4.531074957e-13,3.538430701e-13,1.530084197e-13,1.208217604e-13,9.879448808e-14,4.373154429e-14,2.881579023e-14,1.440587935e-13,1.198497212e-13,9.307067671e-14,1.554140516e-13,6.435399692e-13,2.821949552e-13,9.67786165e-13,6.108353118e-14,4.453661034e-13,1.266955401e-13
121.8828125,3.48358202e-13,5.718007784e-13,9.668882207e-13,3.880797467e-13,2.089309314e-13,1.690546779e-13,1.636532912e-13,4.98274568e-14,7.179792142e-14,2.574432723e-13,1.699542199e-13,1.862274103e-13,3.06931081e-13,1.937633292e-13,2.218918722e-13,4.58623871e-13,3.558590151e-13,1.520688141e-13,1.196183925e-13,9.967803265e-14,4.405615296e-14,2.862534374e-14,1.447468435e-13,1.209544114e-13,9.392810475e-14,1.569189579e-13,6.432101114e-13,2.798323438e-13,9.716425983e-13,6.064785375e-14,4.468268211e-13,1.27292407e-13
121.890625,3.452447976e-13,5.714777925e-13,9.786887195e-13,3.888014301e-13,2.099842333e-13,1.683672009e-13,1.639769453e-13,4.997705663e-14,7.282410523e-14,2.558943953e-13,1.714316848e-13,1.878926188e-13,3.061571529e-13,1.943106664e-13,2.236430585e-13,4.642263474e-13,3.579786361e-13,1.511939563e-13,1.184266532e-13,1.005561975e-13,4.438940541e-14,2.842519397e-14,1.454362524e-13,1.219890973e-13,9.481088758e-14,1.585264593e-13,6.428750181e-13,2.775250582e-13,9.749949633e-13,6.026348122e-14,4.482535733e-13,1.278845279e-13
121.8984375,3.423485334e-13,5.711338151e-13,9.902709156e-13,3.890949348e-13,2.111579746e-13,1.676596951e-13,1.64208158e-13,5.013875918e-14,7.383621066e-14,2.543728158e-13,1.729512419e-13,1.895430761e-13,3.053307679e-13,1.949955777e-13,2.255082735e-13,4.701515458e-13,3.602732997e-13,1.504324835e-13,1.172056676e-13,1.015458075e-13,4.47283391e-14,2.821542613e-14,1.460052236e-13,1.230568785e-13,9.567013707e-14,1.601878777e-13,6.424483872e-13,2.751171323e-13,9.779072577e-13,5.991778619e-14,4.49672987e-13,1.284531395e-13
121.90625,3.394380937e-13,5.702253389e-13,1.001524845e-12,3.890651397e-13,2.123358465e-13,1.669205037e-13,1.642871172e-13,5.036840517e-14,7.487044362e-14,2.527856462e-13,1.744778555e-13,1.91179236e-13,3.044865619e-13,1.956165394e-13,2.274132944e-13,4.76225007e-13,3.626450105e-13,1.497446877e-13,1.159381579e-13,1.026520014e-13,4.507606224e-14,2.798926845e-14,1.4647251e-13,1.241639482e-13,9.649248752e-14,1.618419909e-13,6.416906197e-13,2.724392796e-13,9.80261639e-13,5.959371371e-14,4.510678247e-13,1.289608628e-13
121.9140625,3.362954514e-13,5.691000473e-13,1.012263448e-12,3.890490732e-13,2.134999034e-13,1.660990452e-13,1.642118404e-13,5.06528476e-14,7.590367199e-14,2.512628632e-13,1.759659377e-13,1.927873294e-13,3.036188465e-13,1.96144629e-13,2.291926282e-13,4.821550949e-13,3.649671899e-13,1.491123287e-13,1.146452128e-13,1.037138368e-13,4.542327912e-14,2.774712048e-14,1.468987509e-13,1.252874293e-13,9.72696406e-14,1.634514517e-13,6.406923269e-13,2.696205862e-13,9.819315173e-13,5.929317378e-14,4.523784252e-13,1.294017034e-13
121.921875,3.331729831e-13,5.679231211e-13,1.022291584e-12,3.890260132e-13,2.148904524e-13,1.651998633e-13,1.639521678e-13,5.098860587e-14,7.696819892e-14,2.498752224e-13,1.774153881e-13,1.943920442e-13,3.026940423e-13,1.967659404e-13,2.309468396e-13,4.882277944e-13,3.673210033e-13,1.485926481e-13,1.133597958e-13,1.047850669e-13,4.57583969e-14,2.751728682e-14,1.472822076e-13,1.264524607e-13,9.800393375e-14,1.65067765e-13,6.398295834e-13,2.666882609e-13,9.831026793e-13,5.900542054e-14,4.536798713e-13,1.297938992e-13
121.9296875,3.300924005e-13,5.665559044e-13,1.031688831e-12,3.889209953e-13,2.163949553e-13,1.643822584e-13,1.635154927e-13,5.138297924e-14,7.808533207e-14,2.484149242e-13,1.788662927e-13,1.960336848e-13,3.017566249e-13,1.975303543e-13,2.329275663e-13,4.946474042e-13,3.69753595e-13,1.481905358e-13,1.121227829e-13,1.059147903e-13,4.6105251e-14,2.73152639e-14,1.476110547e-13,1.27643186e-13,9.872555671e-14,1.667202015e-13,6.389817058e-13,2.636218514e-13,9.83633906e-13,5.873778404e-14,4.550644276e-13,1.301447558e-13
121.9375,3.268115818e-13,5.649813797e-13,1.040706402e-12,3.887009686e-13,2.177790338e-13,1.637009607e-13,1.629904821e-13,5.178272387e-14,7.919229726e-14,2.468144855e-13,1.803441515e-13,1.97672325e-13,3.007984218e-13,1.983176373e-13,2.35081098e-13,5.011575205e-13,3.721878159e-13,1.478498547e-13,1.10909272e-13,1.070054343e-13,4.649257253e-14,2.710991607e-14,1.478801963e-13,1.288006896e-13,9.943780198e-14,1.68378832e-13,6.377579088e-13,2.60484871e-13,9.833180825e-13,5.852160069e-14,4.564329149e-13,1.304619181e-13
121.9453125,3.234714843e-13,5.630482632e-13,1.049434118e-12,3.882910501e-13,2.192538048e-13,1.62999067e-13,1.624170052e-13,5.215219699e-14,8.025101495e-14,2.452258157e-13,1.818675664e-13,1.992615651e-13,2.997844456e-13,1.99184932e-13,2.373312551e-13,5.077031692e-13,3.746927956e-13,1.476023556e-13,1.09676101e-13,1.081457691e-13,4.690996178e-14,2.68839066e-14,1.480873317e-13,1.299028033e-13,1.001224303e-13,1.700897025e-13,6.36352663e-13,2.572284938e-13,9.826958176e-13,5.834992006e-14,4.577749037e-13,1.307384843e-13
121.953125,3.202986023e-13,5.608218631e-13,1.058039678e-12,3.876958298e-13,2.209443889e-13,1.622115474e-13,1.617613276e-13,5.25446473e-14,8.129407712e-14,2.436810157e-13,1.835013626e-13,2.008592434e-13,2.988057127e-13,2.003100495e-13,2.397849147e-13,5.144280384e-13,3.773891913e-13,1.475095857e-13,1.084678557e-13,1.094325766e-13,4.734002399e-14,2.666600841e-14,1.482462944e-13,1.309826056e-13,1.00796327e-13,1.718887664e-13,6.350775915e-13,2.538712148e-13,9.821428418e-13,5.820673083e-14,4.59268535e-13,1.309663098e-13
121.9609375,3.170996387e-13,5.586065693e-13,1.06659447e-12,3.870352213e-13,2.225781132e-13,1.614107626e-13,1.610054295e-13,5.299121691e-14,8.234701539e-14,2.421163518e-13,1.852387699e-13,2.025037674e-13,2.978565479e-13,2.015611909e-13,2.424064642e-13,5.213570446e-13,3.80276025e-13,1.475414827e-13,1.073015231e-13,1.107484917e-13,4.777105459e-14,2.646019854e-14,1.483902339e-13,1.32076602e-13,1.014913857e-13,1.737026872e-13,6.336857778e-13,2.505247653e-13,9.81207336e-13,5.810211348e-14,4.608648747e-13,1.311892631e-13
121.96875,3.137307479e-13,5.56289888e-13,1.074689053e-12,3.86475164e-13,2.241520236e-13,1.606280549e-13,1.601719863e-13,5.34542101e-14,8.340945636e-14,2.405414615e-13,1.869089153e-13,2.04154096e-13,2.968359875e-13,2.027288639e-13,2.450775573e-13,5.284467201e-13,3.832862533e-13,1.476638287e-13,1.061332577e-13,1.120273654e-13,4.81748341e-14,2.6240998e-14,1.485513323e-13,1.331548995e-13,1.022105678e-13,1.755210296e-13,6.319855546e-13,2.471345971e-13,9.796872502e-13,5.802351448e-14,4.624460919e-13,1.314342451e-13
121.9765625,3.104484689e-13,5.536644101e-13,1.082116256e-12,3.859370925e-13,2.259349978e-13,1.598688817e-13,1.592624157e-13,5.393514151e-14,8.448284538e-14,2.389824273e-13,1.884555559e-13,2.057975932e-13,2.958418508e-13,2.039547171e-13,2.477410753e-13,5.354550303e-13,3.861643763e-13,1.478203717e-13,1.049863434e-13,1.132990179e-13,4.854764472e-14,2.602253457e-14,1.486796436e-13,1.341750005e-13,1.029076626e-13,1.774042512e-13,6.302011239e-13,2.436866598e-13,9.778253672e-13,5.795890426e-14,4.641609671e-13,1.316457794e-13
121.984375,3.073384328e-13,5.507860855e-13,1.089135191e-12,3.850553676e-13,2.278247228e-13,1.591054246e-13,1.582086661e-13,5.44776234e-14,8.555721583e-14,2.374286365e-13,1.900584339e-13,2.074155538e-13,2.949055255e-13,2.053048488e-13,2.50293625e-13,5.421798316e-13,3.886612789e-13,1.478763753e-13,1.038624092e-13,1.145831737e-13,4.894205944e-14,2.582212159e-14,1.486610719e-13,1.351753519e-13,1.035163271e-13,1.793163007e-13,6.283828815e-13,2.402448252e-13,9.755355959e-13,5.793452319e-14,4.659625627e-13,1.317750445e-13
121.9921875,3.041138311e-13,5.477485001e-13,1.095757243e-12,3.838593106e-13,2.296162169e-13,1.583030136e-13,1.569952508e-13,5.507106863e-14,8.66169544e-14,2.358664569e-13,1.917548755e-13,2.089839858e-13,2.938406404e-13,2.065862718e-13,2.527752069e-13,5.488502213e-13,3.910051655e-13,1.478698605e-13,1.027066701e-13,1.158810948e-13,4.939621292e-14,2.561505854e-14,1.485091226e-13,1.361997714e-13,1.040550879e-13,1.812115925e-13,6.263569519e-13,2.367217734e-13,9.72675419e-13,5.79608094e-14,4.676257194e-13,1.318271658e-13
122,3.007527273e-13,5.447939408e-13,1.101900857e-12,3.828046555e-13,2.315037107e-13,1.57538636e-13,1.557182209e-13,5.56765329e-14,8.769296424e-14,2.34306597e-13,1.933901277e-13,2.105850519e-13,2.926872897e-13,2.078795084e-13,2.553994949e-13,5.557231749e-13,3.935405922e-13,1.480365724e-13,1.015822677e-13,1.171425125e-13,4.98774625e-14,2.540691808e-14,1.483667735e-13,1.372539039e-13,1.046116536e-13,1.831549015e-13,6.242229776e-13,2.331312862e-13,9.694004305e-13,5.802854114e-14,4.693755846e-13,1.31842508e-13
122.0078125,2.97474818e-13,5.418496704e-13,1.107767691e-12,3.818989818e-13,2.335634204e-13,1.568405242e-13,1.543856058e-13,5.630780813e-14,8.882311005e-14,2.327866982e-13,1.949804059e-13,2.12257253e-13,2.915887706e-13,2.093330311e-13,2.581986454e-13,5.628354976e-13,3.962228762e-13,1.483999902e-13,1.005469182e-13,1.184206119e-13,5.034086169e-14,2.522871266e-14,1.482608641e-13,1.383585788e-13,1.051897114e-13,1.851951712e-13,6.222032732e-13,2.295670811e-13,9.658099835e-13,5.814112704e-14,4.713974352e-13,1.31890924e-13
122.015625,2.94138561e-13,5.382398721e-13,1.113420751e-12,3.807485637e-13,2.354556986e-13,1.560937595e-13,1.529320586e-13,5.700094685e-14,8.994961967e-14,2.313256682e-13,1.966369401e-13,2.138718403e-13,2.904151168e-13,2.107600374e-13,2.610934187e-13,5.701905871e-13,3.989535345e-13,1.487733982e-13,9.948336815e-14,1.198269601e-13,5.07919737e-14,2.504669725e-14,1.480798197e-13,1.394608904e-13,1.057449862e-13,1.872898103e-13,6.20206329e-13,2.258684299e-13,9.619551956e-13,5.829072861e-14,4.733145935e-13,1.319661924e-13
122.0234375,2.906358774e-13,5.340238023e-13,1.118764491e-12,3.792157101e-13,2.371627297e-13,1.553036325e-13,1.514164893e-13,5.773876696e-14,9.099938774e-14,2.298715981e-13,1.98349186e-13,2.153682539e-13,2.891151151e-13,2.121352352e-13,2.640791651e-13,5.775849453e-13,4.017263573e-13,1.491346304e-13,9.834063725e-14,1.212198808e-13,5.126147754e-14,2.482474859e-14,1.477882956e-13,1.404443465e-13,1.063033338e-13,1.894112699e-13,6.180584208e-13,2.219787456e-13,9.57921291e-13,5.846887898e-14,4.75004666e-13,1.319596435e-13
122.03125,2.873009785e-13,5.300963676e-13,1.123672084e-12,3.774253372e-13,2.390637033e-13,1.545559065e-13,1.498645626e-13,5.845553955e-14,9.200770028e-14,2.283376635e-13,2.001031158e-13,2.168087673e-13,2.878304594e-13,2.136331378e-13,2.670350343e-13,5.84758363e-13,4.043772601e-13,1.495594721e-13,9.721586137e-14,1.224286535e-13,5.175958539e-14,2.460379096e-14,1.474467274e-13,1.413186009e-13,1.068635236e-13,1.915608253e-13,6.158316702e-13,2.181363375e-13,9.535369998e-13,5.867698821e-14,4.767765475e-13,1.318456285e-13
122.0390625,2.841217664e-13,5.265142994e-13,1.12789752e-12,3.756169142e-13,2.411190024e-13,1.537872532e-13,1.481811005e-13,5.912015401e-14,9.300862485e-14,2.267342581e-13,2.018806922e-13,2.181960384e-13,2.865441234e-13,2.151213446e-13,2.698822544e-13,5.91847909e-13,4.068594471e-13,1.500194301e-13,9.612174448e-14,1.23536781e-13,5.227054831e-14,2.44049322e-14,1.470755435e-13,1.42165391e-13,1.073693347e-13,1.936919441e-13,6.135618845e-13,2.143608331e-13,9.486026652e-13,5.889823303e-14,4.786028715e-13,1.316902918e-13
122.046875,2.806954221e-13,5.227599555e-13,1.131606148e-12,3.739189851e-13,2.430086992e-13,1.529729063e-13,1.46398533e-13,5.978901688e-14,9.397500668e-14,2.251876925e-13,2.036281197e-13,2.195469938e-13,2.852342194e-13,2.164918932e-13,2.728809333e-13,5.991484557e-13,4.094391271e-13,1.505235844e-13,9.50348555e-14,1.246700772e-13,5.277821619e-14,2.419375919e-14,1.466733601e-13,1.430246579e-13,1.078521495e-13,1.958120938e-13,6.111378961e-13,2.104651957e-13,9.432933743e-13,5.914482913e-14,4.803513119e-13,1.314976711e-13
122.0546875,2.772208768e-13,5.18895322e-13,1.135217538e-12,3.721265204e-13,2.447882634e-13,1.521923727e-13,1.445918571e-13,6.052706967e-14,9.492987835e-14,2.237288087e-13,2.053829839e-13,2.20925677e-13,2.839668575e-13,2.178746971e-13,2.762130445e-13,6.067619166e-13,4.122522545e-13,1.511326034e-13,9.40208469e-14,1.259782924e-13,5.328286453e-14,2.397244628e-14,1.462664055e-13,1.439304328e-13,1.083614024e-13,1.980517191e-13,6.085973401e-13,2.06478906e-13,9.377442279e-13,5.946677902e-14,4.821390428e-13,1.312781047e-13
122.0625,2.740941993e-13,5.149027321e-13,1.138465866e-12,3.70116133e-13,2.466046435e-13,1.513973982e-13,1.426801637e-13,6.130174564e-14,9.588212529e-14,2.22253208e-13,2.071609507e-13,2.222701151e-13,2.826286085e-13,2.192077574e-13,2.796760766e-13,6.146264862e-13,4.151603181e-13,1.518149797e-13,9.308704547e-14,1.27544567e-13,5.377759617e-14,2.375764977e-14,1.458202615e-13,1.447978389e-13,1.088464244e-13,2.004155944e-13,6.059945226e-13,2.025303873e-13,9.317755569e-13,5.98443593e-14,4.838635729e-13,1.310876354e-13
122.0703125,2.710078044e-13,5.104824726e-13,1.14102899e-12,3.679833044e-13,2.483961608e-13,1.505711665e-13,1.406622537e-13,6.204708276e-14,9.677359081e-14,2.207596951e-13,2.088735067e-13,2.235186612e-13,2.811545258e-13,2.204716961e-13,2.831236712e-13,6.225554274e-13,4.181135346e-13,1.525680462e-13,9.216842464e-14,1.290920802e-13,5.424848906e-14,2.353194259e-14,1.452602291e-13,1.454963999e-13,1.092871873e-13,2.027133777e-13,6.032395656e-13,1.986045841e-13,9.253779499e-13,6.021590619e-14,4.854041949e-13,1.308719658e-13
122.078125,2.676690914e-13,5.059643743e-13,1.14316947e-12,3.657473666e-13,2.501710824e-13,1.498669026e-13,1.386711821e-13,6.279114751e-14,9.764171285e-14,2.193132608e-13,2.104877338e-13,2.247728106e-13,2.797008245e-13,2.218962431e-13,2.866283018e-13,6.304257084e-13,4.2117187e-13,1.534659111e-13,9.127282451e-14,1.304101368e-13,5.471619983e-14,2.330215761e-14,1.446245294e-13,1.461475603e-13,1.097275459e-13,2.048874032e-13,6.003230661e-13,1.946618457e-13,9.186615585e-13,6.059724089e-14,4.870346815e-13,1.305394056e-13
122.0859375,2.643611588e-13,5.017869591e-13,1.144743273e-12,3.636156321e-13,2.519324851e-13,1.492453702e-13,1.366924555e-13,6.359639398e-14,9.854545114e-14,2.178490315e-13,2.119860553e-13,2.260559091e-13,2.782684249e-13,2.233948541e-13,2.902366147e-13,6.383099896e-13,4.24260046e-13,1.544795833e-13,9.042916557e-14,1.317233726e-13,5.519779607e-14,2.308438361e-14,1.440052416e-13,1.468747471e-13,1.101594086e-13,2.070655783e-13,5.972178948e-13,1.907677456e-13,9.11463076e-13,6.102619277e-14,4.888270158e-13,1.301504702e-13
122.09375,2.612503834e-13,4.976650569e-13,1.145459338e-12,3.617774629e-13,2.536068182e-13,1.484879251e-13,1.346300384e-13,6.444169322e-14,9.940075883e-14,2.163149304e-13,2.133741182e-13,2.272434187e-13,2.767473261e-13,2.24744761e-13,2.940186219e-13,6.462709961e-13,4.273001178e-13,1.555436163e-13,8.962533209e-14,1.331582288e-13,5.565795728e-14,2.285644385e-14,1.434063712e-13,1.475316743e-13,1.105808559e-13,2.093157612e-13,5.93873234e-13,1.869717133e-13,9.038440419e-13,6.149354653e-14,4.905290333e-13,1.297979335e-13
122.1015625,2.582780411e-13,4.933814349e-13,1.145819198e-12,3.598621472e-13,2.553661448e-13,1.476320176e-13,1.325055969e-13,6.528209709e-14,1.00190984e-13,2.147629454e-13,2.147846457e-13,2.283310708e-13,2.751855197e-13,2.261649358e-13,2.979387262e-13,6.542156121e-13,4.303319856e-13,1.566758551e-13,8.886997757e-14,1.345971467e-13,5.608873596e-14,2.262806985e-14,1.428131321e-13,1.48094768e-13,1.110095164e-13,2.116343379e-13,5.905023339e-13,1.83212244e-13,8.962117698e-13,6.200766078e-14,4.922122822e-13,1.294520254e-13
122.109375,2.554925839e-13,4.892188416e-13,1.146030954e-12,3.576852812e-13,2.573258233e-13,1.468258623e-13,1.303445527e-13,6.611181887e-14,1.010154443e-13,2.131959321e-13,2.162324533e-13,2.294198848e-13,2.735824948e-13,2.277850495e-13,3.016648741e-13,6.619075056e-13,4.332595023e-13,1.578587586e-13,8.816743473e-14,1.360200033e-13,5.653780605e-14,2.242905397e-14,1.422129815e-13,1.48688123e-13,1.113751533e-13,2.139779315e-13,5.871465909e-13,1.794735018e-13,8.884630119e-13,6.258791635e-14,4.94083584e-13,1.290400447e-13
122.1171875,2.527732504e-13,4.85136031e-13,1.145692527e-12,3.555511337e-13,2.591079751e-13,1.460215427e-13,1.281152456e-13,6.689970714e-14,1.018052724e-13,2.115999858e-13,2.175980905e-13,2.305330343e-13,2.718850022e-13,2.293120987e-13,3.051209162e-13,6.691868775e-13,4.359776675e-13,1.590898328e-13,8.749360884e-14,1.373229634e-13,5.70096592e-14,2.221398e-14,1.415288814e-13,1.491937169e-13,1.116490074e-13,2.162389754e-13,5.834999821e-13,1.757926721e-13,8.802416362e-13,6.320517455e-14,4.960795568e-13,1.285288758e-13
122.125,2.499632081e-13,4.808134087e-13,1.145076813e-12,3.533850152e-13,2.604997272e-13,1.452264487e-13,1.25844904e-13,6.762700239e-14,1.024510018e-13,2.100000404e-13,2.189350883e-13,2.316595534e-13,2.701957197e-13,2.306917623e-13,3.086793229e-13,6.762633223e-13,4.38706108e-13,1.60456444e-13,8.686085233e-14,1.383434222e-13,5.746727434e-14,2.194884784e-14,1.407594395e-13,1.495342121e-13,1.119425223e-13,2.184283677e-13,5.797239338e-13,1.721042778e-13,8.718169825e-13,6.383757455e-14,4.981554545e-13,1.279493961e-13
122.1328125,2.472946877e-13,4.765097632e-13,1.144512595e-12,3.510921983e-13,2.619134377e-13,1.445562749e-13,1.235977608e-13,6.837406136e-14,1.030799939e-13,2.083934267e-13,2.20299287e-13,2.327898471e-13,2.685629732e-13,2.321431298e-13,3.124252098e-13,6.83451842e-13,4.415910461e-13,1.61913637e-13,8.628819605e-14,1.393122038e-13,5.790906275e-14,2.169907426e-14,1.400164288e-13,1.499203819e-13,1.122846469e-13,2.206980302e-13,5.762018401e-13,1.68441165e-13,8.634532531e-13,6.451761252e-14,5.003421245e-13,1.273916213e-13
122.140625,2.449338041e-13,4.725747834e-13,1.143464284e-12,3.489956277e-13,2.6356764e-13,1.439080555e-13,1.213741046e-13,6.919833555e-14,1.038058193e-13,2.06820071e-13,2.216056943e-13,2.338793605e-13,2.668877575e-13,2.336437936e-13,3.161594456e-13,6.907768912e-13,4.444584526e-13,1.633354718e-13,8.574406398e-14,1.405252214e-13,5.835360322e-14,2.149676189e-14,1.392879144e-13,1.504029813e-13,1.125827797e-13,2.23044477e-13,5.726544881e-13,1.649886657e-13,8.547992544e-13,6.527053241e-14,5.02570297e-13,1.268861603e-13
122.1484375,2.426531417e-13,4.685183175e-13,1.14170843e-12,3.46979298e-13,2.651068067e-13,1.431226994e-13,1.191270475e-13,7.00354385e-14,1.045163336e-13,2.053192137e-13,2.228629926e-13,2.349100589e-13,2.651416558e-13,2.350893152e-13,3.199741666e-13,6.981534099e-13,4.473469954e-13,1.647938259e-13,8.52059469e-14,1.417928535e-13,5.880537232e-14,2.128195344e-14,1.384740145e-13,1.507913972e-13,1.128441436e-13,2.253203313e-13,5.68793897e-13,1.616669702e-13,8.45676123e-13,6.607171184e-14,5.048124654e-13,1.263689909e-13
122.15625,2.403015272e-13,4.63912228e-13,1.139705911e-12,3.44715412e-13,2.663294216e-13,1.423072346e-13,1.168455603e-13,7.082500002e-14,1.051069794e-13,2.037865728e-13,2.240770047e-13,2.359101977e-13,2.633459886e-13,2.364975371e-13,3.239843934e-13,7.055942722e-13,4.504839484e-13,1.663852263e-13,8.4696926e-14,1.428900084e-13,5.92639194e-14,2.102662895e-14,1.376174202e-13,1.51022067e-13,1.131428936e-13,2.275408758e-13,5.649163195e-13,1.582435815e-13,8.364265031e-13,6.68835985e-14,5.070957298e-13,1.258200851e-13
122.1640625,2.379256338e-13,4.593471911e-13,1.137658197e-12,3.42378486e-13,2.67409937e-13,1.415942896e-13,1.145751181e-13,7.156981485e-14,1.056007403e-13,2.021663051e-13,2.251841836e-13,2.369054057e-13,2.615229782e-13,2.378308878e-13,3.280639541e-13,7.131226932e-13,4.537895441e-13,1.680538275e-13,8.424552618e-14,1.439970217e-13,5.973216164e-14,2.076325624e-14,1.367944945e-13,1.511634605e-13,1.134623475e-13,2.298260104e-13,5.611527648e-13,1.547982079e-13,8.273442502e-13,6.770736294e-14,5.09457009e-13,1.252666254e-13
122.171875,2.355923502e-13,4.552574933e-13,1.135416073e-12,3.401105071e-13,2.684723016e-13,1.409150309e-13,1.123334277e-13,7.228257261e-14,1.060578199e-13,2.00550916e-13,2.262341471e-13,2.378965892e-13,2.597158942e-13,2.390769357e-13,3.321342379e-13,7.206872398e-13,4.570855492e-13,1.697778669e-13,8.385880553e-14,1.452446299e-13,6.02039377e-14,2.05163996e-14,1.359758488e-13,1.512789529e-13,1.137475359e-13,2.321271676e-13,5.573092181e-13,1.515023022e-13,8.18358182e-13,6.857316197e-14,5.119745227e-13,1.246900839e-13
122.1796875,2.334334369e-13,4.511731816e-13,1.132678694e-12,3.379840699e-13,2.695486636e-13,1.402113219e-13,1.100750785e-13,7.300375214e-14,1.065514791e-13,1.98948032e-13,2.272203432e-13,2.388468852e-13,2.57869982e-13,2.403250487e-13,3.361410074e-13,7.2816188e-13,4.603818593e-13,1.715618951e-13,8.351652261e-14,1.465030519e-13,6.064771454e-14,2.029385024e-14,1.351466586e-13,1.514015702e-13,1.139876872e-13,2.343398119e-13,5.533795056e-13,1.483394252e-13,8.091380038e-13,6.948523427e-14,5.145645573e-13,1.240887231e-13
122.1875,2.314811882e-13,4.468485746e-13,1.129306857e-12,3.361027176e-13,2.706220924e-13,1.395506687e-13,1.077981182e-13,7.376515432e-14,1.070958136e-13,1.973244821e-13,2.280896301e-13,2.397598185e-13,2.559460378e-13,2.415934742e-13,3.4001944e-13,7.354908697e-13,4.637250257e-13,1.733717341e-13,8.320100521e-14,1.477166284e-13,6.105853026e-14,2.008632354e-14,1.343137308e-13,1.514874362e-13,1.142081533e-13,2.36538373e-13,5.494362777e-13,1.452945992e-13,7.995432177e-13,7.043023489e-14,5.170938612e-13,1.234903784e-13
122.1953125,2.296502043e-13,4.425377825e-13,1.12576432e-12,3.340133672e-13,2.716194413e-13,1.389726341e-13,1.055524744e-13,7.452985596e-14,1.076141061e-13,1.95742669e-13,2.290004803e-13,2.407258895e-13,2.540814027e-13,2.429184669e-13,3.438614591e-13,7.426963783e-13,4.671182975e-13,1.752586718e-13,8.29296277e-14,1.488853715e-13,6.149778912e-14,1.987304195e-14,1.334333073e-13,1.51495093e-13,1.14430381e-13,2.388030807e-13,5.454582954e-13,1.423565396e-13,7.897946647e-13,7.141763822e-14,5.19741573e-13,1.228616064e-13
122.203125,2.279940358e-13,4.382849058e-13,1.122373848e-12,3.315350917e-13,2.726682453e-13,1.38445721e-13,1.033212867e-13,7.527997609e-14,1.080868285e-13,1.941858107e-13,2.299998413e-13,2.417519878e-13,2.523253191e-13,2.44400308e-13,3.477315382e-13,7.497212647e-13,4.704893789e-13,1.772451007e-13,8.271473577e-14,1.499858562e-13,6.197984646e-14,1.966274363e-14,1.325092244e-13,1.514638722e-13,1.146231389e-13,2.410336771e-13,5.414515209e-13,1.394468841e-13,7.79892374e-13,7.24471698e-14,5.226705876e-13,1.221796552e-13
122.2109375,2.26497501e-13,4.341143761e-13,1.118828621e-12,3.293343399e-13,2.738746851e-13,1.379931561e-13,1.010811296e-13,7.603528202e-14,1.085460748e-13,1.925752082e-13,2.308711265e-13,2.427133025e-13,2.505305711e-13,2.458978251e-13,3.51564027e-13,7.565773145e-13,4.737937901e-13,1.792341204e-13,8.254327343e-14,1.510927171e-13,6.242583633e-14,1.947235179e-14,1.316039134e-13,1.5140484e-13,1.147584274e-13,2.431535235e-13,5.374356175e-13,1.365653845e-13,7.69647529e-13,7.348927715e-14,5.257051007e-13,1.214960675e-13
122.21875,2.250420273e-13,4.300992996e-13,1.114984682e-12,3.274164192e-13,2.748866954e-13,1.376527533e-13,9.889086134e-14,7.676497378e-14,1.089432292e-13,1.909565654e-13,2.315889511e-13,2.435433885e-13,2.486017862e-13,2.471128795e-13,3.553353235e-13,7.63374954e-13,4.771873659e-13,1.812289491e-13,8.2418041e-14,1.521911197e-13,6.281310506e-14,1.928387003e-14,1.307223875e-13,1.512727375e-13,1.148888826e-13,2.452289561e-13,5.334344228e-13,1.3377721e-13,7.593261482e-13,7.453610687e-14,5.286787634e-13,1.20834149e-13
122.2265625,2.237621919e-13,4.260124526e-13,1.110766512e-12,3.252621644e-13,2.75448044e-13,1.3728867e-13,9.674544741e-14,7.745293474e-14,1.092618892e-13,1.893759332e-13,2.323077889e-13,2.4427612e-13,2.465460137e-13,2.480388833e-13,3.59047554e-13,7.700896791e-13,4.807439522e-13,1.83299785e-13,8.234426726e-14,1.532066142e-13,6.320081736e-14,1.908700388e-14,1.298460502e-13,1.510534271e-13,1.150509881e-13,2.47313628e-13,5.294710807e-13,1.311500279e-13,7.492004039e-13,7.561835596e-14,5.315812768e-13,1.201829424e-13
122.234375,2.226732082e-13,4.21793957e-13,1.105956848e-12,3.232188344e-13,2.758746332e-13,1.367650841e-13,9.456794136e-14,7.814832515e-14,1.095927504e-13,1.877975029e-13,2.330608892e-13,2.449941741e-13,2.444552117e-13,2.489364485e-13,3.62713559e-13,7.766927937e-13,4.843036507e-13,1.854081093e-13,8.230150021e-14,1.542980546e-13,6.360335277e-14,1.890047378e-14,1.2899125e-13,1.507907851e-13,1.151981326e-13,2.493867161e-13,5.255095168e-13,1.287396046e-13,7.390594077e-13,7.67646465e-14,5.34516038e-13,1.195398774e-13
122.2421875,2.21494994e-13,4.176683303e-13,1.101014805e-12,3.215284712e-13,2.764039002e-13,1.362657871e-13,9.241682567e-14,7.885948476e-14,1.099407459e-13,1.862325362e-13,2.337863765e-13,2.458016627e-13,2.424687239e-13,2.49978399e-13,3.663071068e-13,7.831334135e-13,4.877903474e-13,1.875172134e-13,8.2276162e-14,1.554554896e-13,6.399260141e-14,1.872683886e-14,1.281570619e-13,1.505513898e-13,1.153113951e-13,2.513891718e-13,5.21521951e-13,1.264458453e-13,7.28845679e-13,7.794941036e-14,5.376977085e-13,1.188723013e-13
122.25,2.203942521e-13,4.135585175e-13,1.096458344e-12,3.197142007e-13,2.768762522e-13,1.359991873e-13,9.039627647e-14,7.953968353e-14,1.102130907e-13,1.846841509e-13,2.343813928e-13,2.466667319e-13,2.405507556e-13,2.511143917e-13,3.696879441e-13,7.891895672e-13,4.912167688e-13,1.896544955e-13,8.227972998e-14,1.563564045e-13,6.436821733e-14,1.85566674e-14,1.273317873e-13,1.503090323e-13,1.154347357e-13,2.532922928e-13,5.175483999e-13,1.241454076e-13,7.187461347e-13,7.910757112e-14,5.410667021e-13,1.18183161e-13
122.2578125,2.197751747e-13,4.093493941e-13,1.091850036e-12,3.177673214e-13,2.771516185e-13,1.358020084e-13,8.84491202e-14,8.014387384e-14,1.103904391e-13,1.830863456e-13,2.348805278e-13,2.474436223e-13,2.385842265e-13,2.52180644e-13,3.729276665e-13,7.949397615e-13,4.946120305e-13,1.9185823e-13,8.233784564e-14,1.570907687e-13,6.475550859e-14,1.838698165e-14,1.26526909e-13,1.499390135e-13,1.15579722e-13,2.551731009e-13,5.136828932e-13,1.219724373e-13,7.087412453e-13,8.025669674e-14,5.44335235e-13,1.17530804e-13
122.265625,2.19473742e-13,4.052574349e-13,1.086860144e-12,3.159568477e-13,2.771958185e-13,1.354653759e-13,8.649909071e-14,8.06590879e-14,1.10495332e-13,1.814407487e-13,2.354821504e-13,2.481229257e-13,2.365954489e-13,2.531169073e-13,3.763112709e-13,8.007198536e-13,4.981126198e-13,1.941521558e-13,8.245991709e-14,1.580024734e-13,6.517821896e-14,1.820317535e-14,1.257403521e-13,1.494366437e-13,1.156959711e-13,2.570781676e-13,5.099712024e-13,1.200403365e-13,6.988336357e-13,8.148840455e-14,5.475390201e-13,1.168901973e-13
122.2734375,2.191541922e-13,4.014275281e-13,1.081778655e-12,3.142440342e-13,2.770234591e-13,1.350620112e-13,8.458809431e-14,8.11613842e-14,1.105375006e-13,1.798192373e-13,2.361250254e-13,2.487792395e-13,2.345550387e-13,2.539899226e-13,3.798182835e-13,8.064863989e-13,5.017466762e-13,1.964869664e-13,8.261015144e-14,1.589636614e-13,6.563300347e-14,1.800113732e-14,1.249635266e-13,1.489469324e-13,1.157508787e-13,2.58930677e-13,5.062525776e-13,1.181865785e-13,6.8900189e-13,8.278675637e-14,5.507811013e-13,1.162135469e-13
122.28125,2.187622573e-13,3.977428833e-13,1.076731922e-12,3.127201493e-13,2.767366084e-13,1.347099685e-13,8.275803299e-14,8.171422463e-14,1.105533895e-13,1.782392299e-13,2.366054281e-13,2.494283933e-13,2.324167119e-13,2.548176936e-13,3.832944736e-13,8.121650548e-13,5.05489672e-13,1.988921733e-13,8.277902077e-14,1.597514699e-13,6.609948841e-14,1.780247184e-14,1.242197227e-13,1.485389366e-13,1.158040736e-13,2.607163529e-13,5.024082622e-13,1.163242594e-13,6.790280181e-13,8.407331032e-14,5.54018613e-13,1.155505783e-13
122.2890625,2.183816853e-13,3.940058237e-13,1.071815162e-12,3.113243594e-13,2.764241668e-13,1.344365953e-13,8.100666385e-14,8.222751848e-14,1.105477256e-13,1.766601884e-13,2.370082695e-13,2.501254377e-13,2.3037252e-13,2.556407045e-13,3.867729541e-13,8.178719495e-13,5.094578252e-13,2.015091809e-13,8.3015469e-14,1.604482879e-13,6.657527394e-14,1.761350591e-14,1.235302127e-13,1.481534925e-13,1.159197523e-13,2.625042739e-13,4.986707713e-13,1.14557251e-13,6.69123632e-13,8.53732335e-14,5.575259547e-13,1.149107193e-13
122.296875,2.183185447e-13,3.902040957e-13,1.0669342e-12,3.097799299e-13,2.761792212e-13,1.34260647e-13,7.93237559e-14,8.264046762e-14,1.105051519e-13,1.750296044e-13,2.373499603e-13,2.508940783e-13,2.284850131e-13,2.565859232e-13,3.900963562e-13,8.233172374e-13,5.134595133e-13,2.041776334e-13,8.329815622e-14,1.611142229e-13,6.706155567e-14,1.743372711e-14,1.228768693e-13,1.477064059e-13,1.160302708e-13,2.642894841e-13,4.952036692e-13,1.129139313e-13,6.596872779e-13,8.669554354e-14,5.614481306e-13,1.142375442e-13
122.3046875,2.186893913e-13,3.866115354e-13,1.061500363e-12,3.08258629e-13,2.76012431e-13,1.341376283e-13,7.768354703e-14,8.304182896e-14,1.104681932e-13,1.733306914e-13,2.37434206e-13,2.516259777e-13,2.265107554e-13,2.575938618e-13,3.93063089e-13,8.282250028e-13,5.171378739e-13,2.065962471e-13,8.355688945e-14,1.617721108e-13,6.755315413e-14,1.727830932e-14,1.222255053e-13,1.471374838e-13,1.160515255e-13,2.660078845e-13,4.9174816e-13,1.113967092e-13,6.503366756e-13,8.796889128e-14,5.653327489e-13,1.135552646e-13
122.3125,2.190240626e-13,3.832838036e-13,1.055637555e-12,3.069283776e-13,2.756779221e-13,1.339969801e-13,7.609462854e-14,8.346224408e-14,1.104245847e-13,1.716167128e-13,2.373601912e-13,2.522767758e-13,2.244125514e-13,2.584594937e-13,3.959287718e-13,8.32921558e-13,5.20720831e-13,2.08925814e-13,8.382625258e-14,1.624962955e-13,6.805743832e-14,1.713151905e-14,1.215848481e-13,1.464472415e-13,1.160415481e-13,2.675932349e-13,4.880696891e-13,1.100211481e-13,6.406352529e-13,8.922578434e-14,5.690486109e-13,1.129130142e-13
122.3203125,2.191317878e-13,3.799307407e-13,1.050111659e-12,3.056175556e-13,2.750588931e-13,1.338719921e-13,7.45958352e-14,8.386290528e-14,1.103029266e-13,1.699336614e-13,2.373521095e-13,2.528874582e-13,2.223534025e-13,2.591967899e-13,3.989130424e-13,8.376068872e-13,5.24517005e-13,2.114051995e-13,8.414555247e-14,1.632643851e-13,6.85720333e-14,1.696063404e-14,1.210175299e-13,1.45685839e-13,1.160691371e-13,2.690446805e-13,4.842750123e-13,1.086795041e-13,6.309699503e-13,9.054136646e-14,5.729520114e-13,1.123074532e-13
122.328125,2.194144265e-13,3.764299762e-13,1.044729736e-12,3.0433679e-13,2.743561472e-13,1.338078354e-13,7.31610461e-14,8.426771725e-14,1.101560867e-13,1.682807387e-13,2.373491033e-13,2.534601883e-13,2.203250767e-13,2.599290643e-13,4.017745837e-13,8.420297203e-13,5.282955473e-13,2.1386214e-13,8.446425615e-14,1.640025513e-13,6.908046306e-14,1.678823986e-14,1.205217893e-13,1.449066456e-13,1.160990396e-13,2.704511067e-13,4.805773164e-13,1.073746095e-13,6.216567977e-13,9.186248142e-14,5.770087378e-13,1.117243661e-13
122.3359375,2.200137325e-13,3.727575026e-13,1.038988624e-12,3.030543042e-13,2.736064816e-13,1.337611807e-13,7.174271066e-14,8.465514207e-14,1.100514791e-13,1.666721448e-13,2.372815762e-13,2.540458572e-13,2.18300739e-13,2.606250516e-13,4.043684019e-13,8.460773925e-13,5.319356248e-13,2.162230573e-13,8.479574876e-14,1.646256492e-13,6.959130189e-14,1.664937446e-14,1.199819222e-13,1.441639723e-13,1.160976826e-13,2.718015745e-13,4.770696431e-13,1.063087453e-13,6.125630256e-13,9.314416246e-14,5.810357188e-13,1.111233879e-13
122.34375,2.20776132e-13,3.689681867e-13,1.033088184e-12,3.017292242e-13,2.727206235e-13,1.336958103e-13,7.036765289e-14,8.49519883e-14,1.098970735e-13,1.650699291e-13,2.371799483e-13,2.546407182e-13,2.162874331e-13,2.61215889e-13,4.068950641e-13,8.499345628e-13,5.356281377e-13,2.186486386e-13,8.517901263e-14,1.651496541e-13,7.012620962e-14,1.652038386e-14,1.193590232e-13,1.434621435e-13,1.160698342e-13,2.730049845e-13,4.736689985e-13,1.05445229e-13,6.037036374e-13,9.441924573e-14,5.850610074e-13,1.104937992e-13
122.3515625,2.216430611e-13,3.653973541e-13,1.026975785e-12,3.006585893e-13,2.717773929e-13,1.336227855e-13,6.908053016e-14,8.518371404e-14,1.096314455e-13,1.633577632e-13,2.36994169e-13,2.550762682e-13,2.141945267e-13,2.61699871e-13,4.094615086e-13,8.537891672e-13,5.394083646e-13,2.21087235e-13,8.554031029e-14,1.65792617e-13,7.069000253e-14,1.636979716e-14,1.187680456e-13,1.427349507e-13,1.160201214e-13,2.74110132e-13,4.70225073e-13,1.045642545e-13,5.949619263e-13,9.56731941e-14,5.889355195e-13,1.099133182e-13
122.359375,2.226080501e-13,3.62027178e-13,1.020545612e-12,2.996567508e-13,2.707643349e-13,1.335621459e-13,6.787790923e-14,8.539843452e-14,1.093427006e-13,1.615696292e-13,2.367387347e-13,2.553949347e-13,2.120702981e-13,2.621670728e-13,4.119383074e-13,8.574963582e-13,5.432435387e-13,2.23475972e-13,8.588299469e-14,1.66523292e-13,7.12843543e-14,1.621777813e-14,1.182628722e-13,1.419610396e-13,1.159719295e-13,2.751555526e-13,4.667154121e-13,1.037504631e-13,5.860349966e-13,9.689973742e-14,5.92702567e-13,1.094092981e-13
122.3671875,2.238341862e-13,3.585233392e-13,1.014406998e-12,2.982375553e-13,2.69606743e-13,1.335962696e-13,6.674799792e-14,8.557626345e-14,1.090898752e-13,1.598810678e-13,2.364615307e-13,2.55877235e-13,2.100606624e-13,2.627795321e-13,4.142521451e-13,8.607367582e-13,5.470773024e-13,2.259337864e-13,8.634418806e-14,1.670508659e-13,7.190904076e-14,1.60996345e-14,1.177742996e-13,1.411804718e-13,1.159320398e-13,2.760619795e-13,4.632371809e-13,1.031801531e-13,5.771125088e-13,9.814049384e-14,5.96792238e-13,1.089256868e-13
122.375,2.253687878e-13,3.550318583e-13,1.008575953e-12,2.968600293e-13,2.68324415e-13,1.337983537e-13,6.569831506e-14,8.568811368e-14,1.088081771e-13,1.582695984e-13,2.360327723e-13,2.56479848e-13,2.080734609e-13,2.634366806e-13,4.164767451e-13,8.636087066e-13,5.507715754e-13,2.284264229e-13,8.690697225e-14,1.674671044e-13,7.25399922e-14,1.600201654e-14,1.172866116e-13,1.403933705e-13,1.158708321e-13,2.768349146e-13,4.598394913e-13,1.027042452e-13,5.685029041e-13,9.935407795e-14,6.011060994e-13,1.084321605e-13
122.3828125,2.268482034e-13,3.516280974e-13,1.002257757e-12,2.960232647e-13,2.667995356e-13,1.340223899e-13,6.472104784e-14,8.571086255e-14,1.083960954e-13,1.565698899e-13,2.354198994e-13,2.569098563e-13,2.059949716e-13,2.637976766e-13,4.186235417e-13,8.663555015e-13,5.544097008e-13,2.30863503e-13,8.743936954e-14,1.679487955e-13,7.316150972e-14,1.587099331e-14,1.168468851e-13,1.395670979e-13,1.157911324e-13,2.775164419e-13,4.564883608e-13,1.021273048e-13,5.600882709e-13,1.004943252e-13,6.051571659e-13,1.07903196e-13
122.390625,2.282494695e-13,3.481326564e-13,9.955557964e-13,2.952701787e-13,2.650839872e-13,1.340849075e-13,6.378713762e-14,8.568588884e-14,1.078743382e-13,1.54825232e-13,2.348430034e-13,2.571874121e-13,2.039106317e-13,2.639119759e-13,4.206624727e-13,8.689481485e-13,5.581687639e-13,2.33338773e-13,8.796526399e-14,1.683634928e-13,7.381995375e-14,1.570436963e-14,1.164508426e-13,1.386936233e-13,1.157049521e-13,2.781152824e-13,4.532049092e-13,1.015698529e-13,5.517918129e-13,1.016519343e-13,6.090595136e-13,1.073493375e-13
122.3984375,2.299775597e-13,3.449337695e-13,9.890658554e-13,2.943762989e-13,2.635695345e-13,1.341156651e-13,6.289453737e-14,8.571411938e-14,1.074140041e-13,1.531877273e-13,2.343208224e-13,2.575169308e-13,2.018427804e-13,2.641250117e-13,4.226660902e-13,8.715519304e-13,5.620098024e-13,2.358652979e-13,8.854511747e-14,1.688559328e-13,7.455383134e-14,1.557380355e-14,1.160705391e-13,1.378153774e-13,1.155829674e-13,2.786790614e-13,4.50035098e-13,1.012825705e-13,5.435852969e-13,1.028730193e-13,6.131300817e-13,1.068610658e-13
122.40625,2.319954111e-13,3.421227174e-13,9.825878956e-13,2.935807299e-13,2.622204304e-13,1.343183523e-13,6.207040026e-14,8.575586447e-14,1.070721363e-13,1.516571412e-13,2.336177456e-13,2.578944213e-13,1.997462963e-13,2.644174919e-13,4.24546217e-13,8.741617683e-13,5.658294869e-13,2.383240406e-13,8.911336596e-14,1.695973025e-13,7.530062533e-14,1.550735822e-14,1.156955965e-13,1.369904175e-13,1.154129264e-13,2.791070976e-13,4.467885587e-13,1.012741993e-13,5.352498657e-13,1.040359973e-13,6.172389532e-13,1.064374343e-13
122.4140625,2.341162242e-13,3.38978854e-13,9.75957281e-13,2.926988198e-13,2.607119078e-13,1.346547401e-13,6.132211033e-14,8.568296997e-14,1.067000009e-13,1.501829821e-13,2.327448019e-13,2.582453926e-13,1.976825127e-13,2.646594495e-13,4.259962696e-13,8.760405493e-13,5.69441306e-13,2.407058707e-13,8.964447733e-14,1.701308562e-13,7.600707331e-14,1.54548194e-14,1.153036218e-13,1.361657467e-13,1.152001615e-13,2.792323617e-13,4.432360617e-13,1.013221086e-13,5.268808323e-13,1.050821702e-13,6.212832893e-13,1.059812101e-13
122.421875,2.36468904e-13,3.355578857e-13,9.694081072e-13,2.916502973e-13,2.591803224e-13,1.350576381e-13,6.063461006e-14,8.552017436e-14,1.062346865e-13,1.487363964e-13,2.318739539e-13,2.585785899e-13,1.956600162e-13,2.649555373e-13,4.270253853e-13,8.7694797e-13,5.726626212e-13,2.430057451e-13,9.02016525e-14,1.702532347e-13,7.673328245e-14,1.539062212e-14,1.148953486e-13,1.352423789e-13,1.149240988e-13,2.791886894e-13,4.395788909e-13,1.013452699e-13,5.187767422e-13,1.061069724e-13,6.253539918e-13,1.055044954e-13
122.4296875,2.389174108e-13,3.324943598e-13,9.626990769e-13,2.908419716e-13,2.57638225e-13,1.354720398e-13,5.999251336e-14,8.533113098e-14,1.057219704e-13,1.472196306e-13,2.309674701e-13,2.588494331e-13,1.935844878e-13,2.651678039e-13,4.279874497e-13,8.775901414e-13,5.75712301e-13,2.451298389e-13,9.078489813e-14,1.704608517e-13,7.752936921e-14,1.531974803e-14,1.145267357e-13,1.342868778e-13,1.145982432e-13,2.791301522e-13,4.360991423e-13,1.01440909e-13,5.108463728e-13,1.071362078e-13,6.293225184e-13,1.050628759e-13
122.4375,2.41169585e-13,3.295506316e-13,9.55741597e-13,2.903165545e-13,2.557667898e-13,1.35765703e-13,5.939497815e-14,8.508433338e-14,1.051165875e-13,1.456047817e-13,2.300314778e-13,2.590125491e-13,1.914549657e-13,2.650497229e-13,4.290165999e-13,8.782061169e-13,5.788496894e-13,2.471026733e-13,9.135313405e-14,1.70854488e-13,7.837833978e-14,1.522291293e-14,1.142311855e-13,1.333841085e-13,1.142799011e-13,2.789294691e-13,4.326666337e-13,1.015667303e-13,5.029907731e-13,1.080843494e-13,6.330386099e-13,1.046282577e-13
122.4453125,2.434152871e-13,3.26381913e-13,9.490899291e-13,2.896880275e-13,2.538070694e-13,1.360508907e-13,5.886140103e-14,8.480855048e-14,1.044428162e-13,1.440332001e-13,2.292017447e-13,2.591674825e-13,1.893668688e-13,2.648520156e-13,4.300125373e-13,8.785743629e-13,5.819394854e-13,2.490606532e-13,9.191940528e-14,1.7108119e-13,7.928424932e-14,1.511165136e-14,1.139759153e-13,1.324540601e-13,1.139910379e-13,2.785702736e-13,4.291542266e-13,1.016437585e-13,4.953602872e-13,1.089359377e-13,6.366628861e-13,1.042010535e-13
122.453125,2.459548929e-13,3.232162269e-13,9.426077986e-13,2.889110244e-13,2.520915969e-13,1.365379309e-13,5.837943352e-14,8.456756207e-14,1.038460984e-13,1.425653891e-13,2.28369167e-13,2.593781464e-13,1.873613146e-13,2.648024788e-13,4.309761513e-13,8.789256531e-13,5.849119525e-13,2.510459489e-13,9.250555932e-14,1.712146944e-13,8.02550713e-14,1.503104092e-14,1.137310217e-13,1.314806947e-13,1.137265772e-13,2.78226967e-13,4.256945983e-13,1.017641933e-13,4.879043584e-13,1.097385852e-13,6.403426744e-13,1.038296305e-13
122.4609375,2.486738797e-13,3.201248505e-13,9.356586623e-13,2.882972988e-13,2.503082615e-13,1.370363267e-13,5.790707073e-14,8.431487039e-14,1.032801799e-13,1.411102354e-13,2.274020038e-13,2.595420706e-13,1.853777087e-13,2.646524159e-13,4.319329438e-13,8.793591827e-13,5.878543422e-13,2.530145919e-13,9.310081482e-14,1.715033964e-13,8.128386764e-14,1.496557341e-14,1.135136619e-13,1.30544365e-13,1.134819936e-13,2.778960087e-13,4.223072366e-13,1.019613707e-13,4.805114634e-13,1.105022355e-13,6.439758349e-13,1.035031671e-13
122.46875,2.512860472e-13,3.170774079e-13,9.28612446e-13,2.878692114e-13,2.483744054e-13,1.373926472e-13,5.746896804e-14,8.399498052e-14,1.0259616e-13,1.396648726e-13,2.264574976e-13,2.596368917e-13,1.833748365e-13,2.643722435e-13,4.327840742e-13,8.794856098e-13,5.906762132e-13,2.549621338e-13,9.369583581e-14,1.71832701e-13,8.238757502e-14,1.488157183e-14,1.133481213e-13,1.2959136e-13,1.13233889e-13,2.774453491e-13,4.189129392e-13,1.021787132e-13,4.732917435e-13,1.112284529e-13,6.47521544e-13,1.03179633e-13
122.4765625,2.538354321e-13,3.141394915e-13,9.219930528e-13,2.87263622e-13,2.466019773e-13,1.378620741e-13,5.711479535e-14,8.361058754e-14,1.018558254e-13,1.382742411e-13,2.255923488e-13,2.597866443e-13,1.814363739e-13,2.642524229e-13,4.334881859e-13,8.792103221e-13,5.934287097e-13,2.569721461e-13,9.431130457e-14,1.720008468e-13,8.35444996e-14,1.480824245e-14,1.132262008e-13,1.285878349e-13,1.129783783e-13,2.768387618e-13,4.155626359e-13,1.024547708e-13,4.662970472e-13,1.119045042e-13,6.511154666e-13,1.028525945e-13
122.484375,2.566621629e-13,3.112325928e-13,9.15499351e-13,2.863804017e-13,2.448528174e-13,1.385036245e-13,5.682885329e-14,8.3150443e-14,1.011318375e-13,1.368457669e-13,2.247145485e-13,2.599952925e-13,1.796029249e-13,2.642672396e-13,4.342187552e-13,8.788136406e-13,5.963561735e-13,2.591507406e-13,9.498304249e-14,1.720243814e-13,8.470860961e-14,1.475555311e-14,1.131172931e-13,1.276445826e-13,1.127424405e-13,2.761181614e-13,4.123257137e-13,1.027645161e-13,4.595025781e-13,1.125043907e-13,6.547747049e-13,1.025349164e-13
122.4921875,2.59713823e-13,3.083758343e-13,9.091827003e-13,2.855191404e-13,2.42934822e-13,1.391423202e-13,5.660606209e-14,8.262147408e-14,1.003363559e-13,1.353266455e-13,2.238974062e-13,2.601718564e-13,1.777662425e-13,2.642321549e-13,4.350856147e-13,8.783401417e-13,5.993299107e-13,2.61442839e-13,9.569405671e-14,1.720680273e-13,8.593151427e-14,1.46839105e-14,1.129997645e-13,1.267732117e-13,1.12510068e-13,2.753268912e-13,4.09179847e-13,1.030077015e-13,4.529290934e-13,1.130771546e-13,6.583926306e-13,1.022215642e-13
122.5,2.625922279e-13,3.055477055e-13,9.033422349e-13,2.84837177e-13,2.41052929e-13,1.398710203e-13,5.645974606e-14,8.206292072e-14,9.948298508e-14,1.338424554e-13,2.231392397e-13,2.603528364e-13,1.759126252e-13,2.641559639e-13,4.358491298e-13,8.775030277e-13,6.020071732e-13,2.636502926e-13,9.637858636e-14,1.721872192e-13,8.727862342e-14,1.460945498e-14,1.128721427e-13,1.259035756e-13,1.122382099e-13,2.744496624e-13,4.060407959e-13,1.032623275e-13,4.464737516e-13,1.136620097e-13,6.620287923e-13,1.018929886e-13
122.5078125,2.65403312e-13,3.024915077e-13,8.974871263e-13,2.842841385e-13,2.392697856e-13,1.407664015e-13,5.635281023e-14,8.148719988e-14,9.868418447e-14,1.324560657e-13,2.222995298e-13,2.605902468e-13,1.741592068e-13,2.640977056e-13,4.363096949e-13,8.761679014e-13,6.04444972e-13,2.657557139e-13,9.704428273e-14,1.722122561e-13,8.868492562e-14,1.45792333e-14,1.127498592e-13,1.250318171e-13,1.119388903e-13,2.734407253e-13,4.028867393e-13,1.036559514e-13,4.400048915e-13,1.141888961e-13,6.658224101e-13,1.015603349e-13
122.515625,2.684240163e-13,2.993295354e-13,8.914833487e-13,2.837437431e-13,2.375462733e-13,1.41710614e-13,5.6294203e-14,8.090039147e-14,9.790880755e-14,1.310806989e-13,2.21421906e-13,2.608354419e-13,1.725148227e-13,2.641628855e-13,4.367083293e-13,8.746976829e-13,6.069805645e-13,2.679379475e-13,9.776338051e-14,1.720942418e-13,9.005218037e-14,1.457490234e-14,1.126691299e-13,1.241125202e-13,1.116579799e-13,2.723163548e-13,3.998169111e-13,1.041506094e-13,4.335885256e-13,1.146407105e-13,6.697282818e-13,1.012544857e-13
122.5234375,2.714429542e-13,2.963580331e-13,8.859596514e-13,2.829783482e-13,2.35969068e-13,1.427478717e-13,5.634185916e-14,8.030166398e-14,9.70945756e-14,1.296836257e-13,2.205667713e-13,2.610929576e-13,1.709272161e-13,2.644030215e-13,4.372844286e-13,8.734418734e-13,6.097211972e-13,2.702277522e-13,9.852902376e-14,1.720467424e-13,9.139070103e-14,1.456673316e-14,1.126516783e-13,1.231161531e-13,1.114076463e-13,2.71136371e-13,3.96828045e-13,1.046558624e-13,4.273868002e-13,1.150820454e-13,6.736415218e-13,1.009767574e-13
122.53125,2.744558449e-13,2.934102674e-13,8.807378537e-13,2.820188086e-13,2.344401926e-13,1.439144749e-13,5.645219057e-14,7.96587473e-14,9.62896918e-14,1.283059183e-13,2.19683358e-13,2.614090174e-13,1.693814947e-13,2.646371536e-13,4.379181462e-13,8.721934331e-13,6.124990683e-13,2.725312379e-13,9.929019073e-14,1.721184579e-13,9.277656653e-14,1.456874511e-14,1.126557827e-13,1.221267669e-13,1.111574601e-13,2.699378763e-13,3.937910107e-13,1.051479294e-13,4.21464376e-13,1.15491506e-13,6.77558942e-13,1.007265833e-13
122.5390625,2.77792962e-13,2.90479153e-13,8.752789535e-13,2.812573114e-13,2.328822581e-13,1.450722942e-13,5.65669856e-14,7.898017737e-14,9.550626711e-14,1.269300683e-13,2.18847135e-13,2.617275678e-13,1.678146466e-13,2.648117922e-13,4.385606581e-13,8.707822678e-13,6.152569811e-13,2.748842446e-13,1.000745418e-13,1.721700546e-13,9.4228226e-14,1.458576449e-14,1.126404622e-13,1.211680103e-13,1.108900488e-13,2.687005916e-13,3.907175621e-13,1.056688812e-13,4.157396104e-13,1.158325681e-13,6.814728899e-13,1.005106748e-13
122.546875,2.813163492e-13,2.879030784e-13,8.699292847e-13,2.807933876e-13,2.314198116e-13,1.462771385e-13,5.674373952e-14,7.830353165e-14,9.468884999e-14,1.255120605e-13,2.181173428e-13,2.619956596e-13,1.662263754e-13,2.651005573e-13,4.394222813e-13,8.695148502e-13,6.181458281e-13,2.773729627e-13,1.009383163e-13,1.722379723e-13,9.570177646e-14,1.460952568e-14,1.126440581e-13,1.202262043e-13,1.106578692e-13,2.67396201e-13,3.877297142e-13,1.062659598e-13,4.102145024e-13,1.16145334e-13,6.854058127e-13,1.00309484e-13
122.5546875,2.84766657e-13,2.855706785e-13,8.649465002e-13,2.804067557e-13,2.299508832e-13,1.476832337e-13,5.701779874e-14,7.759991667e-14,9.383008848e-14,1.240800244e-13,2.174043269e-13,2.622616657e-13,1.647235647e-13,2.65459986e-13,4.405074389e-13,8.68399886e-13,6.211378565e-13,2.799711045e-13,1.01872043e-13,1.723650912e-13,9.719906726e-14,1.464668724e-14,1.127026708e-13,1.193551524e-13,1.105010364e-13,2.660583565e-13,3.848537711e-13,1.069216482e-13,4.050619966e-13,1.164274957e-13,6.894229335e-13,1.001160037e-13
122.5625,2.882220824e-13,2.831418485e-13,8.600448162e-13,2.799709842e-13,2.283600681e-13,1.491923938e-13,5.732893992e-14,7.685552599e-14,9.2956807e-14,1.227037448e-13,2.166958685e-13,2.625405888e-13,1.632724954e-13,2.657337034e-13,4.414668738e-13,8.668691311e-13,6.239471528e-13,2.825440065e-13,1.028036198e-13,1.724204047e-13,9.876951606e-14,1.469187038e-14,1.127899072e-13,1.185211336e-13,1.10340702e-13,2.64648897e-13,3.819042241e-13,1.075898569e-13,4.001823327e-13,1.166400611e-13,6.933331553e-13,9.994567179e-14
122.5703125,2.916308089e-13,2.806178004e-13,8.55239619e-13,2.793650832e-13,2.268651281e-13,1.506667131e-13,5.763918323e-14,7.613581274e-14,9.208618241e-14,1.213899209e-13,2.160159609e-13,2.627814747e-13,1.617798579e-13,2.659647406e-13,4.421205784e-13,8.647024729e-13,6.264305182e-13,2.849807724e-13,1.036758943e-13,1.723917871e-13,1.004182663e-13,1.473151508e-14,1.128999918e-13,1.176733982e-13,1.101158457e-13,2.630599119e-13,3.786572027e-13,1.082024274e-13,3.953012777e-13,1.167855168e-13,6.968521903e-13,9.97916484e-14
122.578125,2.949236069e-13,2.780835797e-13,8.505548578e-13,2.785474141e-13,2.255134566e-13,1.521268682e-13,5.797143566e-14,7.543053921e-14,9.121827798e-14,1.200839312e-13,2.153437514e-13,2.629881691e-13,1.603416303e-13,2.662182098e-13,4.427611633e-13,8.623350794e-13,6.287092824e-13,2.873946868e-13,1.045464607e-13,1.723625424e-13,1.021141456e-13,1.477303733e-14,1.130468205e-13,1.168778507e-13,1.099121456e-13,2.613903421e-13,3.753333462e-13,1.087072655e-13,3.906043275e-13,1.16859279e-13,7.00157847e-13,9.965220326e-14
122.5859375,2.982659239e-13,2.756342669e-13,8.457910777e-13,2.77716552e-13,2.241239275e-13,1.536160793e-13,5.835762946e-14,7.464880562e-14,9.031482123e-14,1.187827891e-13,2.147386329e-13,2.631815565e-13,1.590188102e-13,2.665129999e-13,4.436524999e-13,8.600468283e-13,6.309292995e-13,2.899367681e-13,1.05511812e-13,1.722781148e-13,1.038238902e-13,1.482442333e-14,1.132001117e-13,1.160827376e-13,1.09783014e-13,2.597544124e-13,3.722587484e-13,1.092263102e-13,3.862981496e-13,1.168615211e-13,7.035363934e-13,9.953653088e-14
122.59375,3.016760344e-13,2.734433491e-13,8.411238765e-13,2.77019716e-13,2.228046114e-13,1.551631817e-13,5.87974941e-14,7.382138832e-14,8.93635172e-14,1.175263305e-13,2.142247063e-13,2.633141551e-13,1.576922207e-13,2.66892587e-13,4.446550002e-13,8.576904058e-13,6.331069293e-13,2.924682539e-13,1.065347197e-13,1.721699939e-13,1.055227269e-13,1.488599916e-14,1.133505164e-13,1.15178646e-13,1.096539669e-13,2.579818038e-13,3.691254778e-13,1.098872369e-13,3.820815813e-13,1.168170243e-13,7.068101025e-13,9.942902351e-14
122.6015625,3.051044498e-13,2.714297086e-13,8.367697441e-13,2.764771371e-13,2.217233704e-13,1.567726755e-13,5.925993713e-14,7.305213688e-14,8.842656248e-14,1.162838277e-13,2.137355529e-13,2.633879069e-13,1.563643971e-13,2.673438616e-13,4.456914006e-13,8.552836761e-13,6.351935422e-13,2.949022769e-13,1.075402392e-13,1.722101249e-13,1.072371387e-13,1.496283104e-14,1.135435804e-13,1.143037894e-13,1.095096763e-13,2.560258847e-13,3.656912692e-13,1.105630074e-13,3.778814058e-13,1.167157191e-13,7.099093179e-13,9.932050992e-14
122.609375,3.085447863e-13,2.693380962e-13,8.325719208e-13,2.760571917e-13,2.207295735e-13,1.583956723e-13,5.974556194e-14,7.23148775e-14,8.752427015e-14,1.149934385e-13,2.132892517e-13,2.634923212e-13,1.551640856e-13,2.678456176e-13,4.469429954e-13,8.530119059e-13,6.372461744e-13,2.974433022e-13,1.085611259e-13,1.723407157e-13,1.089871083e-13,1.504300795e-14,1.137894183e-13,1.135872594e-13,1.094209666e-13,2.54084452e-13,3.623312445e-13,1.111372637e-13,3.740013361e-13,1.165526395e-13,7.131405608e-13,9.920545161e-14
122.6171875,3.117779869e-13,2.671928691e-13,8.284119236e-13,2.755653512e-13,2.196799898e-13,1.600270299e-13,6.028420403e-14,7.151822036e-14,8.659449385e-14,1.136480073e-13,2.129254694e-13,2.636025998e-13,1.540488268e-13,2.683608859e-13,4.483645576e-13,8.50725887e-13,6.393371374e-13,3.000870789e-13,1.096032278e-13,1.723887463e-13,1.107271553e-13,1.510622211e-14,1.140445423e-13,1.129038845e-13,1.093788911e-13,2.521204927e-13,3.590638164e-13,1.11682585e-13,3.703804949e-13,1.163472614e-13,7.163791434e-13,9.906240139e-14
122.625,3.148160456e-13,2.652933459e-13,8.242381925e-13,2.749003621e-13,2.187253851e-13,1.616882285e-13,6.0855022e-14,7.065950232e-14,8.563518709e-14,1.122464642e-13,2.126464423e-13,2.63613141e-13,1.529114408e-13,2.688313318e-13,4.497459517e-13,8.482208618e-13,6.413156443e-13,3.026289617e-13,1.106102098e-13,1.724569965e-13,1.124812391e-13,1.516718939e-14,1.142760031e-13,1.121738866e-13,1.093126784e-13,2.500248366e-13,3.5556795e-13,1.122140956e-13,3.668417159e-13,1.160716533e-13,7.192286411e-13,9.891290083e-14
122.6328125,3.180769546e-13,2.637874048e-13,8.201109935e-13,2.742184733e-13,2.180863937e-13,1.633517253e-13,6.141773534e-14,6.979151794e-14,8.472844396e-14,1.108000059e-13,2.124934168e-13,2.636148315e-13,1.518386845e-13,2.694330946e-13,4.51126733e-13,8.456130359e-13,6.430320169e-13,3.051632879e-13,1.116288476e-13,1.726654607e-13,1.143471058e-13,1.525729508e-14,1.144958442e-13,1.114596685e-13,1.092189107e-13,2.479231036e-13,3.519865586e-13,1.12723698e-13,3.634836166e-13,1.157104877e-13,7.219250381e-13,9.87971465e-14
122.640625,3.216130467e-13,2.623619517e-13,8.164196905e-13,2.73543982e-13,2.17729078e-13,1.650586273e-13,6.198869059e-14,6.895605833e-14,8.389438941e-14,1.093963336e-13,2.124232639e-13,2.637692004e-13,1.509471962e-13,2.703700171e-13,4.526331561e-13,8.429951907e-13,6.446455676e-13,3.078752847e-13,1.127490188e-13,1.72826532e-13,1.162891211e-13,1.538052138e-14,1.147396811e-13,1.107642496e-13,1.091636324e-13,2.458181221e-13,3.484228993e-13,1.133092646e-13,3.602772038e-13,1.153069153e-13,7.248852056e-13,9.870463166e-14
122.6484375,3.251484827e-13,2.606783415e-13,8.131905038e-13,2.727800748e-13,2.173944768e-13,1.668968091e-13,6.259157558e-14,6.816343246e-14,8.305760603e-14,1.080925392e-13,2.12347531e-13,2.639729221e-13,1.501443525e-13,2.714197175e-13,4.543613006e-13,8.404238243e-13,6.463722013e-13,3.107507144e-13,1.139542429e-13,1.728235351e-13,1.181983305e-13,1.551813018e-14,1.149902285e-13,1.100511539e-13,1.091951474e-13,2.436054106e-13,3.447729135e-13,1.139745554e-13,3.571489143e-13,1.148625055e-13,7.279330193e-13,9.862406558e-14
122.65625,3.285820113e-13,2.589963312e-13,8.098959942e-13,2.72024972e-13,2.169581228e-13,1.687784759e-13,6.321043897e-14,6.737969945e-14,8.216235152e-14,1.068101182e-13,2.123417697e-13,2.640314532e-13,1.492933698e-13,2.723161647e-13,4.564032049e-13,8.380656403e-13,6.481573752e-13,3.137365283e-13,1.151704826e-13,1.728629313e-13,1.201034942e-13,1.56467791e-14,1.15189369e-13,1.09321826e-13,1.092827563e-13,2.413963163e-13,3.411818783e-13,1.145925607e-13,3.542084958e-13,1.143527044e-13,7.307534473e-13,9.854911311e-14
122.6640625,3.317456966e-13,2.575898702e-13,8.065115904e-13,2.713805272e-13,2.16551701e-13,1.705787227e-13,6.384582176e-14,6.658300073e-14,8.123199305e-14,1.054841042e-13,2.124491764e-13,2.639935496e-13,1.484347124e-13,2.731633366e-13,4.585283513e-13,8.357137816e-13,6.49754035e-13,3.167195896e-13,1.163364301e-13,1.730325017e-13,1.2205507e-13,1.575786884e-14,1.153610862e-13,1.085990923e-13,1.093684737e-13,2.392228361e-13,3.375418557e-13,1.150931024e-13,3.513753511e-13,1.137961825e-13,7.333856944e-13,9.844024945e-14
122.671875,3.345426464e-13,2.561495527e-13,8.034453041e-13,2.707739861e-13,2.163058321e-13,1.724179569e-13,6.45276783e-14,6.579203888e-14,8.031588396e-14,1.041871805e-13,2.125433679e-13,2.640005656e-13,1.476490361e-13,2.74063919e-13,4.604392968e-13,8.330213063e-13,6.510219665e-13,3.196063464e-13,1.174448449e-13,1.731556933e-13,1.239635258e-13,1.587423565e-14,1.155693943e-13,1.079189997e-13,1.094527725e-13,2.369432419e-13,3.336144314e-13,1.155186725e-13,3.485217334e-13,1.13199071e-13,7.359775063e-13,9.829814967e-14
122.6796875,3.372699292e-13,2.54664422e-13,8.006412001e-13,2.701608369e-13,2.161955387e-13,1.744406851e-13,6.525604816e-14,6.501297205e-14,7.94307391e-14,1.029722397e-13,2.126339705e-13,2.640443086e-13,1.469087286e-13,2.749494762e-13,4.624026415e-13,8.30302362e-13,6.52110448e-13,3.225341873e-13,1.185644669e-13,1.732375214e-13,1.257656517e-13,1.601611885e-14,1.157874859e-13,1.072803675e-13,1.095525645e-13,2.346216088e-13,3.297143901e-13,1.15983945e-13,3.458566048e-13,1.125540443e-13,7.385678848e-13,9.81678986e-14
122.6875,3.400961821e-13,2.535899584e-13,7.980444699e-13,2.695930796e-13,2.161457812e-13,1.765744872e-13,6.601496016e-14,6.424874065e-14,7.856453116e-14,1.01771728e-13,2.128713378e-13,2.640893356e-13,1.46211993e-13,2.758421518e-13,4.647563843e-13,8.279187272e-13,6.532316411e-13,3.256257396e-13,1.1974292e-13,1.734243393e-13,1.275582425e-13,1.617218063e-14,1.15980197e-13,1.066532119e-13,1.096695729e-13,2.323667326e-13,3.259607674e-13,1.16523435e-13,3.435158787e-13,1.118829925e-13,7.412031845e-13,9.804907595e-14
122.6953125,3.42894652e-13,2.527136344e-13,7.959754437e-13,2.691083385e-13,2.161738758e-13,1.78752978e-13,6.681851986e-14,6.351011465e-14,7.7703215e-14,1.005638385e-13,2.132330116e-13,2.641802449e-13,1.456235474e-13,2.768488406e-13,4.673110435e-13,8.255838458e-13,6.543824645e-13,3.288628729e-13,1.209718591e-13,1.736043468e-13,1.294262215e-13,1.633463009e-14,1.161833375e-13,1.060407069e-13,1.098480139e-13,2.300906743e-13,3.220359314e-13,1.170138157e-13,3.41366719e-13,1.111921082e-13,7.440003443e-13,9.792045045e-14
122.703125,3.456128274e-13,2.515708112e-13,7.943038525e-13,2.687039138e-13,2.163461067e-13,1.809741445e-13,6.766190935e-14,6.278047466e-14,7.683042384e-14,9.940617836e-14,2.135990782e-13,2.642917843e-13,1.451164329e-13,2.779712849e-13,4.698965329e-13,8.231607667e-13,6.554746551e-13,3.322439e-13,1.222438343e-13,1.736868773e-13,1.31316243e-13,1.650511839e-14,1.164025691e-13,1.054251781e-13,1.101039943e-13,2.278093621e-13,3.18081466e-13,1.174022446e-13,3.393807387e-13,1.104819983e-13,7.468630926e-13,9.77829356e-14
122.7109375,3.482193e-13,2.504832906e-13,7.926353107e-13,2.683768045e-13,2.166514278e-13,1.831671577e-13,6.850245645e-14,6.207259511e-14,7.594193544e-14,9.826093814e-14,2.139891603e-13,2.643367216e-13,1.446132174e-13,2.791092751e-13,4.726303767e-13,8.209052716e-13,6.564865249e-13,3.356786409e-13,1.235173742e-13,1.738945748e-13,1.331605426e-13,1.667066647e-14,1.166146915e-13,1.047755504e-13,1.103604033e-13,2.256280332e-13,3.142760842e-13,1.178032796e-13,3.375612907e-13,1.097817248e-13,7.494942927e-13,9.764637126e-14
122.71875,3.50787044e-13,2.497022653e-13,7.91231783e-13,2.681213835e-13,2.170733955e-13,1.853773943e-13,6.934109035e-14,6.143175011e-14,7.508485007e-14,9.705542444e-14,2.144741742e-13,2.643960317e-13,1.441487535e-13,2.802961791e-13,4.75524903e-13,8.187626325e-13,6.574413617e-13,3.390981055e-13,1.247689351e-13,1.742680596e-13,1.349765713e-13,1.684154899e-14,1.16849268e-13,1.041277415e-13,1.105977402e-13,2.23438073e-13,3.103504882e-13,1.18298328e-13,3.358162831e-13,1.090744448e-13,7.520372665e-13,9.753638726e-14
122.7265625,3.534776945e-13,2.4883861e-13,7.904108082e-13,2.678952001e-13,2.176126569e-13,1.877361737e-13,7.020979365e-14,6.082293536e-14,7.430278181e-14,9.583990067e-14,2.150491434e-13,2.64622849e-13,1.437966463e-13,2.817145906e-13,4.785706452e-13,8.165474454e-13,6.583821194e-13,3.426227772e-13,1.260841891e-13,1.745098484e-13,1.368062251e-13,1.704989282e-14,1.171228554e-13,1.034975341e-13,1.108844704e-13,2.211233203e-13,3.062763348e-13,1.188488969e-13,3.34239113e-13,1.082993018e-13,7.548715412e-13,9.744347289e-14
122.734375,3.560611328e-13,2.478161159e-13,7.898850936e-13,2.676757306e-13,2.181776444e-13,1.901473064e-13,7.109948059e-14,6.020296857e-14,7.353900349e-14,9.464577703e-14,2.157181839e-13,2.649263958e-13,1.43526687e-13,2.832983026e-13,4.818591609e-13,8.143440051e-13,6.592582698e-13,3.462253872e-13,1.274924317e-13,1.745445966e-13,1.38652925e-13,1.727404728e-14,1.173966749e-13,1.028528715e-13,1.112168347e-13,2.18779009e-13,3.021379926e-13,1.193524052e-13,3.329796274e-13,1.074704071e-13,7.577072395e-13,9.730068977e-14
122.7421875,3.583178294e-13,2.469510088e-13,7.895466571e-13,2.674950202e-13,2.18791445e-13,1.925022637e-13,7.200703674e-14,5.96281211e-14,7.27218345e-14,9.339355257e-14,2.165286442e-13,2.651205821e-13,1.432618109e-13,2.848307345e-13,4.854187937e-13,8.123158377e-13,6.600401944e-13,3.498048068e-13,1.289001864e-13,1.746146771e-13,1.404925499e-13,1.74737305e-14,1.176558538e-13,1.022371329e-13,1.11560551e-13,2.165085686e-13,2.978127842e-13,1.197526939e-13,3.319190526e-13,1.066632612e-13,7.601485372e-13,9.710222545e-14
122.75,3.605460712e-13,2.463009692e-13,7.896255991e-13,2.673811647e-13,2.196691463e-13,1.94916874e-13,7.295456147e-14,5.911406127e-14,7.190376304e-14,9.208763581e-14,2.174710981e-13,2.652585767e-13,1.43003496e-13,2.864477836e-13,4.893127371e-13,8.106370021e-13,6.609029231e-13,3.535250223e-13,1.302989113e-13,1.749060591e-13,1.423206839e-13,1.767620294e-14,1.17915458e-13,1.01699009e-13,1.119546699e-13,2.143438768e-13,2.934837954e-13,1.201296736e-13,3.309767512e-13,1.058937513e-13,7.625699442e-13,9.690893454e-14
122.7578125,3.627845746e-13,2.457300324e-13,7.900167496e-13,2.673472691e-13,2.207926642e-13,1.974123122e-13,7.392186164e-14,5.860113506e-14,7.117011905e-14,9.083397742e-14,2.184965041e-13,2.654805233e-13,1.428295333e-13,2.883023309e-13,4.935228878e-13,8.092747942e-13,6.618303501e-13,3.574106292e-13,1.317402228e-13,1.754232108e-13,1.44161978e-13,1.791602116e-14,1.181690103e-13,1.011796778e-13,1.124134161e-13,2.122972808e-13,2.893363714e-13,1.205327441e-13,3.303316376e-13,1.051116047e-13,7.652942465e-13,9.672792357e-14
122.765625,3.647360607e-13,2.450862331e-13,7.906167871e-13,2.673035041e-13,2.219264762e-13,1.998895119e-13,7.48829127e-14,5.811508158e-14,7.050922235e-14,8.96417113e-14,2.196272145e-13,2.657780224e-13,1.427872903e-13,2.901680035e-13,4.977577149e-13,8.078859483e-13,6.625331384e-13,3.61258031e-13,1.331867221e-13,1.75966014e-13,1.460080169e-13,1.817058889e-14,1.184065072e-13,1.0064322e-13,1.129035526e-13,2.103051255e-13,2.851101475e-13,1.208646527e-13,3.300281727e-13,1.042846395e-13,7.680656605e-13,9.654219725e-14
122.7734375,3.66595695e-13,2.444089369e-13,7.915898058e-13,2.670990897e-13,2.23034385e-13,2.023684105e-13,7.585133676e-14,5.771204523e-14,6.986503619e-14,8.844689383e-14,2.209037268e-13,2.66098939e-13,1.428202572e-13,2.919398252e-13,5.01958283e-13,8.064474519e-13,6.630491486e-13,3.65136191e-13,1.346231296e-13,1.762802227e-13,1.478091396e-13,1.841499354e-14,1.186425702e-13,1.001353285e-13,1.134328675e-13,2.083070197e-13,2.807399287e-13,1.210998398e-13,3.298923889e-13,1.03422928e-13,7.707302812e-13,9.636410467e-14
122.78125,3.685082156e-13,2.440669624e-13,7.92771303e-13,2.668771713e-13,2.241849948e-13,2.04832748e-13,7.681946099e-14,5.734411556e-14,6.919146582e-14,8.725423232e-14,2.222700304e-13,2.66409679e-13,1.428292861e-13,2.937720287e-13,5.064374728e-13,8.052453867e-13,6.635928299e-13,3.691526402e-13,1.361005223e-13,1.764347501e-13,1.495429454e-13,1.864790592e-14,1.189001087e-13,9.963236728e-14,1.140083052e-13,2.063426562e-13,2.764450139e-13,1.213512518e-13,3.298796555e-13,1.02549719e-13,7.732627568e-13,9.617566456e-14
122.7890625,3.700741424e-13,2.440938464e-13,7.939425544e-13,2.668716954e-13,2.253958459e-13,2.072274838e-13,7.777806045e-14,5.695059814e-14,6.846625869e-14,8.608327873e-14,2.236550897e-13,2.666606526e-13,1.428078724e-13,2.956953382e-13,5.112198487e-13,8.04209092e-13,6.641079179e-13,3.731672644e-13,1.37602529e-13,1.767083761e-13,1.512100844e-13,1.887321977e-14,1.191862254e-13,9.903336481e-14,1.146136664e-13,2.044528214e-13,2.722009095e-13,1.216501494e-13,3.300537065e-13,1.016949213e-13,7.755533946e-13,9.59573001e-14
122.796875,3.712786852e-13,2.439553164e-13,7.953988051e-13,2.668951095e-13,2.26718771e-13,2.096472472e-13,7.877341429e-14,5.655048582e-14,6.774853061e-14,8.489902747e-14,2.251060018e-13,2.668694237e-13,1.428501283e-13,2.97723214e-13,5.160528773e-13,8.031684389e-13,6.645921105e-13,3.771527653e-13,1.390709872e-13,1.771029523e-13,1.528072282e-13,1.910677935e-14,1.194981339e-13,9.834109965e-14,1.152656121e-13,2.026301569e-13,2.679142119e-13,1.218835611e-13,3.304173354e-13,1.008811998e-13,7.777571574e-13,9.574047724e-14
122.8046875,3.724909175e-13,2.434668871e-13,7.973648218e-13,2.668353942e-13,2.281574186e-13,2.121064321e-13,7.981864757e-14,5.619573017e-14,6.71200922e-14,8.370392101e-14,2.267176571e-13,2.671309867e-13,1.430055139e-13,2.999058119e-13,5.208957374e-13,8.021588296e-13,6.650575604e-13,3.811892931e-13,1.405218091e-13,1.774246096e-13,1.543602391e-13,1.935811596e-14,1.198437859e-13,9.76896216e-14,1.159655804e-13,2.008467118e-13,2.636196169e-13,1.219804924e-13,3.310228845e-13,1.000925162e-13,7.801618929e-13,9.551938658e-14
122.8125,3.736009171e-13,2.430650891e-13,7.996672686e-13,2.670166252e-13,2.297229208e-13,2.144435467e-13,8.084117635e-14,5.591379127e-14,6.655455873e-14,8.255756553e-14,2.284975393e-13,2.675142134e-13,1.432448923e-13,3.021427198e-13,5.258263312e-13,8.01176606e-13,6.652669282e-13,3.852891137e-13,1.420282775e-13,1.776931394e-13,1.559079678e-13,1.961666203e-14,1.202107024e-13,9.714506873e-14,1.166871413e-13,1.990921517e-13,2.593721908e-13,1.22059289e-13,3.319951849e-13,9.930235924e-14,7.828280863e-13,9.524211064e-14
122.8203125,3.743782414e-13,2.430452619e-13,8.021583296e-13,2.674198674e-13,2.314874626e-13,2.166263658e-13,8.179652516e-14,5.568036616e-14,6.597908986e-14,8.144977989e-14,2.303969001e-13,2.679820439e-13,1.435681757e-13,3.04352843e-13,5.308913063e-13,8.003674981e-13,6.652149847e-13,3.894741575e-13,1.435944308e-13,1.780536347e-13,1.574420928e-13,1.987729344e-14,1.205409611e-13,9.662772366e-14,1.174483046e-13,1.97439762e-13,2.552548576e-13,1.222431999e-13,3.333566409e-13,9.851234478e-14,7.856184025e-13,9.492947231e-14
122.828125,3.749347058e-13,2.431597364e-13,8.047461365e-13,2.677101378e-13,2.333244117e-13,2.187524789e-13,8.273010888e-14,5.546550621e-14,6.539610106e-14,8.03216651e-14,2.323859908e-13,2.683798877e-13,1.439673156e-13,3.065376047e-13,5.361413759e-13,7.998828964e-13,6.651110442e-13,3.936467849e-13,1.451151348e-13,1.784660562e-13,1.589003821e-13,2.013830428e-14,1.208160778e-13,9.608186002e-14,1.182581497e-13,1.959006825e-13,2.512032932e-13,1.224145773e-13,3.349396786e-13,9.771652432e-14,7.882623993e-13,9.463602251e-14
122.8359375,3.753295037e-13,2.430340235e-13,8.07481727e-13,2.68002603e-13,2.350913428e-13,2.208610106e-13,8.369800311e-14,5.529382558e-14,6.483988948e-14,7.921703809e-14,2.344636408e-13,2.686461651e-13,1.44367356e-13,3.086907934e-13,5.41569646e-13,7.994732754e-13,6.649040041e-13,3.977554369e-13,1.465795056e-13,1.788044885e-13,1.602419855e-13,2.040164302e-14,1.210960714e-13,9.554917144e-14,1.190890158e-13,1.943408139e-13,2.470762905e-13,1.224538721e-13,3.365942728e-13,9.690323475e-14,7.907449334e-13,9.433649737e-14
122.84375,3.755324268e-13,2.427766701e-13,8.107744601e-13,2.684362534e-13,2.369461614e-13,2.229705431e-13,8.470605041e-14,5.518392949e-14,6.431698701e-14,7.820390676e-14,2.367171337e-13,2.689715378e-13,1.447910206e-13,3.109253342e-13,5.472129221e-13,7.991078091e-13,6.646108232e-13,4.020359841e-13,1.481396369e-13,1.790698785e-13,1.615515431e-13,2.068599466e-14,1.214038564e-13,9.506091413e-14,1.199789322e-13,1.927926588e-13,2.430190317e-13,1.224722984e-13,3.385166182e-13,9.611385018e-14,7.934690594e-13,9.39981061e-14
122.8515625,3.756061169e-13,2.427550862e-13,8.148347932e-13,2.688310673e-13,2.389425859e-13,2.25099874e-13,8.572927717e-14,5.511210342e-14,6.382928553e-14,7.719636868e-14,2.39233347e-13,2.694730275e-13,1.453553747e-13,3.132790076e-13,5.531073679e-13,7.990765129e-13,6.643537475e-13,4.064642523e-13,1.497988431e-13,1.793016005e-13,1.629337786e-13,2.098384112e-14,1.216951646e-13,9.460858044e-14,1.20972933e-13,1.914177222e-13,2.391120636e-13,1.22526353e-13,3.409212443e-13,9.538902461e-14,7.96474648e-13,9.365049663e-14
122.859375,3.755537255e-13,2.429288189e-13,8.19236191e-13,2.693015608e-13,2.409174998e-13,2.272133638e-13,8.673557013e-14,5.508210373e-14,6.33738397e-14,7.609287535e-14,2.418381483e-13,2.699794966e-13,1.460027998e-13,3.155499161e-13,5.59039325e-13,7.99159108e-13,6.639707026e-13,4.107053623e-13,1.513800573e-13,1.795387473e-13,1.642905241e-13,2.126023335e-14,1.219634859e-13,9.415834623e-14,1.220019671e-13,1.901133393e-13,2.35081583e-13,1.225457386e-13,3.434724158e-13,9.46826101e-14,7.993587199e-13,9.329432887e-14
122.8671875,3.754059823e-13,2.431246352e-13,8.2349159e-13,2.699988682e-13,2.429467701e-13,2.292444735e-13,8.770166031e-14,5.510537385e-14,6.293498182e-14,7.498628779e-14,2.443208689e-13,2.703831883e-13,1.465822636e-13,3.177228766e-13,5.64827989e-13,7.990933593e-13,6.634588115e-13,4.148559985e-13,1.528871867e-13,1.798822416e-13,1.654660907e-13,2.152716484e-14,1.222306204e-13,9.365274885e-14,1.229990421e-13,1.887386522e-13,2.30908096e-13,1.225651238e-13,3.458369073e-13,9.394208257e-14,8.02138918e-13,9.289483668e-14
122.875,3.752872951e-13,2.433774042e-13,8.276602509e-13,2.706761357e-13,2.451904002e-13,2.311882415e-13,8.865187386e-14,5.514686092e-14,6.251219887e-14,7.401100786e-14,2.468593172e-13,2.707751937e-13,1.471544988e-13,3.200003859e-13,5.706440465e-13,7.992222583e-13,6.630911222e-13,4.191953329e-13,1.544635965e-13,1.803001597e-13,1.665097497e-13,2.182119207e-14,1.224951231e-13,9.310959237e-14,1.240121074e-13,1.874064595e-13,2.269106894e-13,1.225857396e-13,3.482872352e-13,9.320449356e-14,8.050775424e-13,9.247348422e-14
122.8828125,3.750980643e-13,2.435314566e-13,8.321581091e-13,2.713934703e-13,2.475499931e-13,2.331482377e-13,8.964553814e-14,5.519570931e-14,6.210953652e-14,7.313129589e-14,2.49628937e-13,2.711749628e-13,1.47848898e-13,3.223769465e-13,5.76705692e-13,7.997408899e-13,6.628070438e-13,4.236362702e-13,1.561020628e-13,1.806111898e-13,1.675143918e-13,2.213060833e-14,1.227931998e-13,9.261681104e-14,1.25107411e-13,1.861743365e-13,2.231603401e-13,1.225037333e-13,3.510253388e-13,9.252155713e-14,8.081040594e-13,9.206116291e-14
122.890625,3.745608144e-13,2.434704232e-13,8.371550111e-13,2.724751083e-13,2.498187682e-13,2.35172645e-13,9.068879928e-14,5.528916572e-14,6.169976133e-14,7.225741564e-14,2.523907947e-13,2.715556182e-13,1.486037531e-13,3.247097583e-13,5.830816754e-13,8.004969706e-13,6.624457579e-13,4.281283907e-13,1.577425497e-13,1.808198596e-13,1.684541753e-13,2.243004797e-14,1.231668834e-13,9.217181532e-14,1.262828448e-13,1.850121625e-13,2.195812393e-13,1.223688637e-13,3.539130175e-13,9.188475123e-14,8.111424592e-13,9.163259604e-14
122.8984375,3.736550117e-13,2.434766513e-13,8.425001321e-13,2.736604925e-13,2.518288692e-13,2.371589687e-13,9.172655058e-14,5.543660856e-14,6.126795031e-14,7.139541747e-14,2.550438602e-13,2.719891878e-13,1.493260444e-13,3.269109804e-13,5.897341412e-13,8.015031516e-13,6.621343089e-13,4.327660587e-13,1.594053044e-13,1.810567327e-13,1.693271911e-13,2.272259173e-14,1.23555138e-13,9.171625381e-14,1.27491524e-13,1.840007368e-13,2.162136705e-13,1.223165059e-13,3.570608036e-13,9.128921265e-14,8.142636964e-13,9.117039422e-14
122.90625,3.726084608e-13,2.435948089e-13,8.482067131e-13,2.745795445e-13,2.536888635e-13,2.390723779e-13,9.273989528e-14,5.563451324e-14,6.08665471e-14,7.056068099e-14,2.578622322e-13,2.724978393e-13,1.500613248e-13,3.289822438e-13,5.964384549e-13,8.027247939e-13,6.619127598e-13,4.374590677e-13,1.610701963e-13,1.813524904e-13,1.701545274e-13,2.301324286e-14,1.238850466e-13,9.126019714e-14,1.28704974e-13,1.831158343e-13,2.129828977e-13,1.223290945e-13,3.605877916e-13,9.076682571e-14,8.174696208e-13,9.068393557e-14
122.9140625,3.715084161e-13,2.435407883e-13,8.543882412e-13,2.753775898e-13,2.558374428e-13,2.4095994e-13,9.377349183e-14,5.589178993e-14,6.054416339e-14,6.972362503e-14,2.608929172e-13,2.730208642e-13,1.508747794e-13,3.311401252e-13,6.029947786e-13,8.03974445e-13,6.616677031e-13,4.421366409e-13,1.626766289e-13,1.817503888e-13,1.708890217e-13,2.330277241e-14,1.241835483e-13,9.081913671e-14,1.299564186e-13,1.822369647e-13,2.097623212e-13,1.222820653e-13,3.642799791e-13,9.030404116e-14,8.208371278e-13,9.016586504e-14
122.921875,3.70212384e-13,2.433042835e-13,8.608913182e-13,2.761430195e-13,2.582948221e-13,2.427404588e-13,9.486080623e-14,5.616046295e-14,6.025966139e-14,6.891319046e-14,2.639206888e-13,2.7357403e-13,1.517661881e-13,3.335423737e-13,6.095022217e-13,8.05155675e-13,6.613345979e-13,4.46838555e-13,1.642453436e-13,1.821586991e-13,1.71508742e-13,2.359748322e-14,1.244893932e-13,9.038619465e-14,1.312875005e-13,1.813992766e-13,2.065973761e-13,1.220707231e-13,3.680986157e-13,8.982926794e-14,8.244671278e-13,8.961902323e-14
122.9296875,3.686546337e-13,2.430111007e-13,8.675622306e-13,2.768760476e-13,2.604987518e-13,2.443591523e-13,9.59726644e-14,5.638025453e-14,5.994342645e-14,6.819673382e-14,2.669211643e-13,2.741785342e-13,1.52703486e-13,3.359722074e-13,6.161323777e-13,8.062321486e-13,6.608364656e-13,4.515207605e-13,1.658467496e-13,1.822472391e-13,1.720409963e-13,2.389762722e-14,1.248131054e-13,8.995769614e-14,1.32681196e-13,1.806223779e-13,2.035361105e-13,1.21756205e-13,3.722138057e-13,8.931917145e-14,8.282297952e-13,8.907356905e-14
122.9375,3.669935841e-13,2.427750316e-13,8.744161577e-13,2.778988766e-13,2.623560423e-13,2.459482837e-13,9.70576402e-14,5.661016334e-14,5.960206116e-14,6.753155053e-14,2.699898416e-13,2.747627796e-13,1.536452177e-13,3.382587088e-13,6.228961587e-13,8.073676495e-13,6.601960905e-13,4.561844787e-13,1.674816837e-13,1.820557575e-13,1.725033223e-13,2.419879531e-14,1.251774369e-13,8.947505126e-14,1.340957962e-13,1.798431296e-13,2.005700998e-13,1.215484678e-13,3.765898261e-13,8.882878526e-14,8.319516263e-13,8.854325662e-14
122.9453125,3.652875967e-13,2.42786479e-13,8.814933876e-13,2.791952649e-13,2.643744034e-13,2.475504948e-13,9.812025375e-14,5.694703166e-14,5.930287579e-14,6.681699873e-14,2.731689123e-13,2.753305696e-13,1.545914865e-13,3.405222428e-13,6.297096178e-13,8.088368722e-13,6.595647562e-13,4.60876708e-13,1.690693812e-13,1.820643895e-13,1.729312655e-13,2.449802736e-14,1.255627453e-13,8.89216106e-14,1.355113656e-13,1.791426675e-13,1.977602531e-13,1.214615311e-13,3.811244499e-13,8.841112023e-14,8.356703368e-13,8.80079754e-14
122.953125,3.633196026e-13,2.428828333e-13,8.889665216e-13,2.802225267e-13,2.666581721e-13,2.489931915e-13,9.919738264e-14,5.736821622e-14,5.907270082e-14,6.608241259e-14,2.765010951e-13,2.759968833e-13,1.555868375e-13,3.428049194e-13,6.364845468e-13,8.105341534e-13,6.589950499e-13,4.655475456e-13,1.705764148e-13,1.823509348e-13,1.733411536e-13,2.479190983e-14,1.259283868e-13,8.842489378e-14,1.369414693e-13,1.786133094e-13,1.951503024e-13,1.212827746e-13,3.858214202e-13,8.807123039e-14,8.395672896e-13,8.743960801e-14
122.9609375,3.610439779e-13,2.426695804e-13,8.969003007e-13,2.809799162e-13,2.688882558e-13,2.502026036e-13,1.002643742e-13,5.779961065e-14,5.886790231e-14,6.542891582e-14,2.799807981e-13,2.767680723e-13,1.566372769e-13,3.45087789e-13,6.432190129e-13,8.121768964e-13,6.584591206e-13,4.702328647e-13,1.720806117e-13,1.825159908e-13,1.736903657e-13,2.508619346e-14,1.263053573e-13,8.803280842e-14,1.384229443e-13,1.781550663e-13,1.926966634e-13,1.20960059e-13,3.90720351e-13,8.777376209e-14,8.437677709e-13,8.684204142e-14
122.96875,3.587832492e-13,2.422799183e-13,9.050915304e-13,2.819644778e-13,2.710146995e-13,2.513547191e-13,1.012731553e-13,5.823549994e-14,5.867300651e-14,6.483447549e-14,2.835731788e-13,2.775689118e-13,1.577402535e-13,3.47501224e-13,6.499534227e-13,8.137311115e-13,6.578972526e-13,4.750339844e-13,1.736317029e-13,1.824294798e-13,1.739704207e-13,2.539228033e-14,1.267186383e-13,8.763726575e-14,1.399520245e-13,1.776500278e-13,1.903449877e-13,1.206265833e-13,3.959017414e-13,8.748080523e-14,8.482363487e-13,8.624168132e-14
122.9765625,3.566336705e-13,2.420874281e-13,9.136316118e-13,2.831089719e-13,2.731525529e-13,2.525508831e-13,1.022498962e-13,5.870498188e-14,5.853116878e-14,6.422165491e-14,2.872759839e-13,2.784290085e-13,1.589297946e-13,3.500385068e-13,6.566180523e-13,8.152187619e-13,6.571775344e-13,4.798607474e-13,1.751632962e-13,1.823288866e-13,1.742245064e-13,2.57028332e-14,1.271316255e-13,8.723321134e-14,1.414860884e-13,1.771410223e-13,1.881069857e-13,1.203282544e-13,4.013918216e-13,8.721110923e-14,8.528957857e-13,8.562885778e-14
122.984375,3.542831571e-13,2.41892296e-13,9.227031198e-13,2.840259735e-13,2.752331061e-13,2.536303847e-13,1.032415255e-13,5.921448642e-14,5.842251559e-14,6.36164236e-14,2.910441576e-13,2.793423093e-13,1.601565299e-13,3.524634249e-13,6.631428817e-13,8.166435235e-13,6.562708924e-13,4.845990171e-13,1.766084736e-13,1.822998048e-13,1.744673476e-13,2.599398418e-14,1.275392445e-13,8.68814636e-14,1.430336307e-13,1.767376931e-13,1.860712865e-13,1.200000476e-13,4.070507026e-13,8.700811565e-14,8.57660096e-13,8.498871117e-14
122.9921875,3.51684687e-13,2.412310542e-13,9.320455708e-13,2.847654699e-13,2.772046727e-13,2.545523054e-13,1.042379304e-13,5.974152919e-14,5.828452149e-14,6.30631444e-14,2.948810172e-13,2.801967929e-13,1.613283216e-13,3.54749368e-13,6.696081723e-13,8.181446514e-13,6.55385036e-13,4.893662305e-13,1.779950717e-13,1.821641503e-13,1.746829767e-13,2.626237774e-14,1.279632189e-13,8.650520722e-14,1.446274149e-13,1.764328345e-13,1.842467081e-13,1.196077259e-13,4.127032233e-13,8.686092878e-14,8.623968823e-13,8.435716618e-14
123,3.490969896e-13,2.402199738e-13,9.416531247e-13,2.855160708e-13,2.792170422e-13,2.555256876e-13,1.052258979e-13,6.026164651e-14,5.815950944e-14,6.254795223e-14,2.989063734e-13,2.810650878e-13,1.625251265e-13,3.571517741e-13,6.761019044e-13,8.198685933e-13,6.547912271e-13,4.943368467e-13,1.794018234e-13,1.818877142e-13,1.748585341e-13,2.653854774e-14,1.284130306e-13,8.606880418e-14,1.462601825e-13,1.761575669e-13,1.825383108e-13,1.192003771e-13,4.184235699e-13,8.674921609e-14,8.672192676e-13,8.374506422e-14
123.0078125,3.464025168e-13,2.393320434e-13,9.518095205e-13,2.862597033e-13,2.814027542e-13,2.565434216e-13,1.062267247e-13,6.079608386e-14,5.81034698e-14,6.208463813e-14,3.03122202e-13,2.821179684e-13,1.638596656e-13,3.597310531e-13,6.825998558e-13,8.217596951e-13,6.544575141e-13,4.994609557e-13,1.808675388e-13,1.816535245e-13,1.7499023e-13,2.684600869e-14,1.289105399e-13,8.568475827e-14,1.479357047e-13,1.759498465e-13,1.809823839e-13,1.18793836e-13,4.245170453e-13,8.668797098e-14,8.724223974e-13,8.310701608e-14
123.015625,3.432957951e-13,2.385199064e-13,9.621430235e-13,2.86996153e-13,2.836348582e-13,2.573945307e-13,1.072328574e-13,6.138007149e-14,5.806233218e-14,6.168132181e-14,3.07395569e-13,2.832445073e-13,1.652212518e-13,3.622365366e-13,6.890416056e-13,8.235963223e-13,6.540209314e-13,5.044898785e-13,1.823485526e-13,1.814540784e-13,1.750642851e-13,2.716603868e-14,1.294338028e-13,8.536541871e-14,1.496515434e-13,1.758162021e-13,1.796358335e-13,1.183059736e-13,4.30962532e-13,8.666298666e-14,8.778577919e-13,8.243636972e-14
123.0234375,3.399260207e-13,2.374856457e-13,9.722678744e-13,2.877855022e-13,2.856829433e-13,2.580863049e-13,1.082028821e-13,6.200132574e-14,5.801596579e-14,6.128806862e-14,3.116800663e-13,2.842858507e-13,1.664779601e-13,3.645580849e-13,6.95391862e-13,8.253334542e-13,6.533924076e-13,5.092910743e-13,1.837750901e-13,1.811627745e-13,1.750540759e-13,2.746634238e-14,1.299380425e-13,8.502620184e-14,1.513492231e-13,1.756714759e-13,1.783670144e-13,1.177432485e-13,4.373816585e-13,8.665081721e-14,8.831451538e-13,8.176321805e-14
123.03125,3.365798075e-13,2.363823689e-13,9.826483101e-13,2.886170972e-13,2.875904605e-13,2.587189879e-13,1.091560673e-13,6.263805255e-14,5.801611249e-14,6.090888073e-14,3.159962818e-13,2.85359103e-13,1.676994161e-13,3.668803844e-13,7.016524132e-13,8.271440346e-13,6.528702165e-13,5.140161367e-13,1.851342759e-13,1.808707596e-13,1.749829156e-13,2.774792788e-14,1.304602809e-13,8.468614221e-14,1.530210463e-13,1.755688261e-13,1.771402927e-13,1.172196758e-13,4.437678176e-13,8.668574212e-14,8.884039257e-13,8.109025984e-14
123.0390625,3.332131308e-13,2.352730313e-13,9.937104036e-13,2.894274452e-13,2.89571169e-13,2.593400015e-13,1.101575874e-13,6.32880899e-14,5.80389239e-14,6.058457792e-14,3.203750684e-13,2.865558244e-13,1.689755335e-13,3.693206546e-13,7.079135176e-13,8.290213729e-13,6.525377618e-13,5.188840454e-13,1.864917994e-13,1.806147542e-13,1.749073244e-13,2.803702268e-14,1.310144772e-13,8.435672909e-14,1.547314144e-13,1.755652748e-13,1.760874207e-13,1.167481695e-13,4.503527076e-13,8.679540406e-14,8.939129628e-13,8.040935301e-14
123.046875,3.297452065e-13,2.33918633e-13,1.00528692e-12,2.902099552e-13,2.915904432e-13,2.600508195e-13,1.111821473e-13,6.39639073e-14,5.805589718e-14,6.027304762e-14,3.248743384e-13,2.878200782e-13,1.702989575e-13,3.718248621e-13,7.143313455e-13,8.309783145e-13,6.523753214e-13,5.239630946e-13,1.879404728e-13,1.80291432e-13,1.748212555e-13,2.834276035e-14,1.315509759e-13,8.398056141e-14,1.564831009e-13,1.755533284e-13,1.752118845e-13,1.16307392e-13,4.570781504e-13,8.69629452e-14,8.996292842e-13,7.971045378e-14
123.0546875,3.262484425e-13,2.325473485e-13,1.017092538e-12,2.91069864e-13,2.935196879e-13,2.607762882e-13,1.121560919e-13,6.471638713e-14,5.813033023e-14,5.992835254e-14,3.294756e-13,2.891952124e-13,1.716685879e-13,3.743916162e-13,7.208954693e-13,8.332389377e-13,6.524588695e-13,5.291645038e-13,1.894779688e-13,1.799834101e-13,1.747075041e-13,2.865493355e-14,1.321102261e-13,8.362145633e-14,1.582486593e-13,1.755558384e-13,1.744893075e-13,1.159048196e-13,4.639752457e-13,8.717102026e-14,9.056211575e-13,7.898858023e-14
123.0625,3.227197076e-13,2.314041839e-13,1.028846825e-12,2.920236316e-13,2.954342592e-13,2.612766256e-13,1.131050172e-13,6.554912518e-14,5.826830734e-14,5.95719852e-14,3.340889709e-13,2.906795625e-13,1.730714569e-13,3.769878342e-13,7.273444409e-13,8.355786418e-13,6.524189375e-13,5.343058129e-13,1.909672674e-13,1.796807556e-13,1.745782103e-13,2.897377193e-14,1.327068579e-13,8.336664571e-14,1.600454538e-13,1.75673123e-13,1.739658671e-13,1.15432974e-13,4.711245191e-13,8.737828549e-14,9.120135672e-13,7.82716292e-14
123.0703125,3.190958681e-13,2.301798183e-13,1.040370751e-12,2.929616387e-13,2.973785009e-13,2.61576671e-13,1.140616029e-13,6.636621034e-14,5.839834865e-14,5.923602965e-14,3.386800552e-13,2.921108559e-13,1.744326942e-13,3.794378193e-13,7.335036559e-13,8.375384251e-13,6.518449988e-13,5.392892366e-13,1.923132766e-13,1.791760322e-13,1.743920094e-13,2.930377975e-14,1.332325984e-13,8.31255148e-14,1.618440285e-13,1.757997463e-13,1.735732604e-13,1.148661672e-13,4.782386702e-13,8.755159362e-14,9.18427347e-13,7.757164005e-14
123.078125,3.154190061e-13,2.288530544e-13,1.051896404e-12,2.939847693e-13,2.99312029e-13,2.618869276e-13,1.149781002e-13,6.71630336e-14,5.853319041e-14,5.896749451e-14,3.432864497e-13,2.934936572e-13,1.757297791e-13,3.817517965e-13,7.394721571e-13,8.393144442e-13,6.511381018e-13,5.442410976e-13,1.935937543e-13,1.785607337e-13,1.741450618e-13,2.96347998e-14,1.337345262e-13,8.282620919e-14,1.635961987e-13,1.758752225e-13,1.73248806e-13,1.143989725e-13,4.852068377e-13,8.776404787e-14,9.24558069e-13,7.686549727e-14
123.0859375,3.117411798e-13,2.275599586e-13,1.063900856e-12,2.951745011e-13,3.012744629e-13,2.622921732e-13,1.158780977e-13,6.803938651e-14,5.872348487e-14,5.878340883e-14,3.480165387e-13,2.949800557e-13,1.770411791e-13,3.84171394e-13,7.453770971e-13,8.412269928e-13,6.50783301e-13,5.49303937e-13,1.949099852e-13,1.779724941e-13,1.739392838e-13,2.996174878e-14,1.343624953e-13,8.254013771e-14,1.653544014e-13,1.759783361e-13,1.730623229e-13,1.140512482e-13,4.92209252e-13,8.809758049e-14,9.308330691e-13,7.616534851e-14
123.09375,3.080037107e-13,2.25974964e-13,1.076495846e-12,2.961782557e-13,3.031362999e-13,2.627099377e-13,1.168307297e-13,6.895227927e-14,5.893252817e-14,5.861863616e-14,3.529490946e-13,2.965339457e-13,1.783983735e-13,3.866651731e-13,7.512166715e-13,8.431375327e-13,6.506184202e-13,5.543857384e-13,1.962229559e-13,1.772730331e-13,1.737709774e-13,3.028664729e-14,1.350298001e-13,8.228751492e-14,1.67151932e-13,1.760905199e-13,1.730654923e-13,1.136449893e-13,4.992392463e-13,8.850049642e-14,9.375442176e-13,7.548938917e-14
123.1015625,3.041734068e-13,2.242547127e-13,1.089175613e-12,2.968636708e-13,3.047058721e-13,2.629500745e-13,1.177771773e-13,6.979539504e-14,5.911924636e-14,5.846286045e-14,3.579865713e-13,2.980465387e-13,1.797289814e-13,3.88962842e-13,7.568919259e-13,8.449674017e-13,6.50402727e-13,5.593216649e-13,1.974532685e-13,1.765782465e-13,1.735484236e-13,3.05986285e-14,1.356157978e-13,8.203973709e-14,1.689131746e-13,1.762146696e-13,1.732736412e-13,1.13227542e-13,5.064395477e-13,8.889022914e-14,9.442928877e-13,7.480244258e-14
123.109375,3.003665471e-13,2.22917365e-13,1.101582854e-12,2.97694927e-13,3.061659406e-13,2.630408074e-13,1.186519045e-13,7.061743827e-14,5.930930742e-14,5.838331314e-14,3.630341859e-13,2.99542229e-13,1.809975372e-13,3.910892683e-13,7.623283457e-13,8.46756024e-13,6.501605594e-13,5.641721312e-13,1.986382065e-13,1.760976577e-13,1.733183449e-13,3.089564936e-14,1.36212594e-13,8.180791243e-14,1.706237391e-13,1.763902079e-13,1.736513715e-13,1.12947412e-13,5.139189539e-13,8.928614437e-14,9.508719064e-13,7.408897663e-14
123.1171875,2.966755084e-13,2.21547728e-13,1.114046345e-12,2.988045543e-13,3.076821154e-13,2.632606604e-13,1.195054063e-13,7.148094417e-14,5.951158068e-14,5.836267682e-14,3.681412545e-13,3.010260346e-13,1.822382086e-13,3.932385725e-13,7.676914851e-13,8.485580596e-13,6.500667027e-13,5.691219654e-13,1.998452979e-13,1.75570542e-13,1.731081986e-13,3.119218631e-14,1.368570357e-13,8.154320193e-14,1.723631137e-13,1.765169312e-13,1.741410906e-13,1.127312259e-13,5.212189549e-13,8.974291104e-14,9.574987407e-13,7.338035226e-14
123.125,2.930368908e-13,2.197206324e-13,1.126817059e-12,2.997865044e-13,3.091443454e-13,2.635746083e-13,1.203770765e-13,7.236001891e-14,5.970927071e-14,5.834743178e-14,3.733127351e-13,3.024719565e-13,1.8347147e-13,3.954487191e-13,7.732475645e-13,8.506404143e-13,6.503095605e-13,5.742036357e-13,2.010474197e-13,1.748183845e-13,1.728039247e-13,3.149256774e-14,1.374653593e-13,8.121392381e-14,1.741523212e-13,1.765954509e-13,1.748602716e-13,1.124509783e-13,5.2828174e-13,9.025912241e-14,9.642137907e-13,7.26769557e-14
123.1328125,2.893800526e-13,2.179551439e-13,1.139897496e-12,3.005416555e-13,3.106855166e-13,2.637767006e-13,1.212726e-13,7.32641037e-14,5.993203401e-14,5.836285509e-14,3.785468208e-13,3.039982338e-13,1.847422432e-13,3.978267809e-13,7.790491729e-13,8.530837817e-13,6.50803401e-13,5.793740129e-13,2.022358612e-13,1.740642229e-13,1.724391229e-13,3.1804728e-14,1.380513767e-13,8.092444609e-14,1.759623058e-13,1.767950393e-13,1.759060723e-13,1.121155273e-13,5.357399783e-13,9.081803283e-14,9.710905332e-13,7.195316326e-14
123.140625,2.857101685e-13,2.164363645e-13,1.153524369e-12,3.012858688e-13,3.124307275e-13,2.640240645e-13,1.221984066e-13,7.420704358e-14,6.020860505e-14,5.842598923e-14,3.839216211e-13,3.057042129e-13,1.860757944e-13,4.004569741e-13,7.850446096e-13,8.557376714e-13,6.514741539e-13,5.846458661e-13,2.034658728e-13,1.733987612e-13,1.721666389e-13,3.213673747e-14,1.386558051e-13,8.071251187e-14,1.777698752e-13,1.771021045e-13,1.771127844e-13,1.118152743e-13,5.435828221e-13,9.143982897e-14,9.782985808e-13,7.121184609e-14
123.1484375,2.820454937e-13,2.147786454e-13,1.167460118e-12,3.020609822e-13,3.140469277e-13,2.644283173e-13,1.231034202e-13,7.51597024e-14,6.050207044e-14,5.85117488e-14,3.893382226e-13,3.074456449e-13,1.873579818e-13,4.030443469e-13,7.910632713e-13,8.586033791e-13,6.525295557e-13,5.899236806e-13,2.046930184e-13,1.728270112e-13,1.719224993e-13,3.246200675e-14,1.392639572e-13,8.049236833e-14,1.795308333e-13,1.773596657e-13,1.783713386e-13,1.116224434e-13,5.513162813e-13,9.211319359e-14,9.855033586e-13,7.047525344e-14
123.15625,2.783578992e-13,2.12999648e-13,1.181035152e-12,3.02832336e-13,3.153937281e-13,2.647803545e-13,1.239520864e-13,7.612802352e-14,6.078155451e-14,5.862427264e-14,3.946250907e-13,3.090703327e-13,1.885244282e-13,4.052896316e-13,7.966683877e-13,8.614014718e-13,6.537392975e-13,5.950171602e-13,2.058210383e-13,1.724271523e-13,1.715560379e-13,3.276281643e-14,1.39895458e-13,8.025916306e-14,1.812352106e-13,1.775415696e-13,1.797398105e-13,1.114731938e-13,5.590949994e-13,9.276150995e-14,9.923387954e-13,6.976102952e-14
123.1640625,2.745106368e-13,2.112051228e-13,1.194435692e-12,3.036307187e-13,3.166730784e-13,2.649917023e-13,1.247742103e-13,7.711130915e-14,6.1065017e-14,5.87793598e-14,3.999075594e-13,3.106549921e-13,1.896794972e-13,4.072762477e-13,8.017298045e-13,8.637362688e-13,6.545371823e-13,5.998941065e-13,2.068762819e-13,1.720427748e-13,1.711051006e-13,3.306034453e-14,1.405524273e-13,8.003331104e-14,1.829274265e-13,1.777401658e-13,1.812173586e-13,1.112597484e-13,5.672578307e-13,9.338278017e-14,9.990850052e-13,6.906838393e-14
123.171875,2.704717164e-13,2.092957232e-13,1.208101212e-12,3.044961321e-13,3.178729161e-13,2.651345853e-13,1.255661268e-13,7.808037419e-14,6.136341918e-14,5.897357922e-14,4.053451076e-13,3.123032337e-13,1.908381011e-13,4.092518462e-13,8.067518868e-13,8.659539701e-13,6.551869755e-13,6.04708094e-13,2.079320449e-13,1.715071667e-13,1.706709615e-13,3.335719635e-14,1.411951386e-13,7.976847231e-14,1.846154473e-13,1.78026798e-13,1.828372895e-13,1.110676435e-13,5.75589625e-13,9.40791202e-14,1.005966257e-12,6.837319867e-14
123.1796875,2.665278545e-13,2.073732887e-13,1.221773602e-12,3.054012184e-13,3.190824613e-13,2.653012054e-13,1.263383368e-13,7.905650326e-14,6.167979454e-14,5.919183622e-14,4.108297069e-13,3.140013034e-13,1.919352002e-13,4.114611895e-13,8.12040057e-13,8.684528183e-13,6.563639217e-13,6.09677095e-13,2.090214698e-13,1.709505258e-13,1.702742406e-13,3.36480445e-14,1.418295151e-13,7.950375393e-14,1.862970312e-13,1.783366262e-13,1.846677605e-13,1.110266005e-13,5.837568121e-13,9.486471142e-14,1.012828208e-12,6.76557366e-14
123.1875,2.628380091e-13,2.055048725e-13,1.235386997e-12,3.061838739e-13,3.205485944e-13,2.655762109e-13,1.271465655e-13,8.004291699e-14,6.202147002e-14,5.940296385e-14,4.162705253e-13,3.157282758e-13,1.930354546e-13,4.139167306e-13,8.172609543e-13,8.708943065e-13,6.57901272e-13,6.149010879e-13,2.101447671e-13,1.70451582e-13,1.69888266e-13,3.39551583e-14,1.424582975e-13,7.931364678e-14,1.879993893e-13,1.785675582e-13,1.866364804e-13,1.110489465e-13,5.918392105e-13,9.565301904e-14,1.019692366e-12,6.692250605e-14
123.1953125,2.5920238e-13,2.035747693e-13,1.249090449e-12,3.06803257e-13,3.220600557e-13,2.658194117e-13,1.279530081e-13,8.099502678e-14,6.236548539e-14,5.959077732e-14,4.217199271e-13,3.174521337e-13,1.94171021e-13,4.163019401e-13,8.221131474e-13,8.730815652e-13,6.593337956e-13,6.202375079e-13,2.112221482e-13,1.699236282e-13,1.694681288e-13,3.42718582e-14,1.430732683e-13,7.912503888e-14,1.897002809e-13,1.787835149e-13,1.886833463e-13,1.110219758e-13,6.00073591e-13,9.643823355e-14,1.026587322e-12,6.619829392e-14
123.203125,2.556402792e-13,2.015577277e-13,1.262587243e-12,3.074434149e-13,3.234141607e-13,2.659038192e-13,1.286909532e-13,8.193780229e-14,6.269909259e-14,5.977550445e-14,4.271847937e-13,3.191381613e-13,1.952740819e-13,4.185573856e-13,8.267000407e-13,8.753336282e-13,6.608700633e-13,6.255815548e-13,2.122039828e-13,1.693545881e-13,1.690314621e-13,3.456790472e-14,1.437254099e-13,7.887605849e-14,1.913612043e-13,1.790519625e-13,1.908500273e-13,1.10995717e-13,6.083253181e-13,9.726928106e-14,1.033391105e-12,6.550590756e-14
123.2109375,2.523471242e-13,1.994178952e-13,1.275782117e-12,3.080924231e-13,3.248628483e-13,2.660240061e-13,1.293895838e-13,8.290803954e-14,6.30579653e-14,5.996889777e-14,4.326232926e-13,3.208346924e-13,1.963660139e-13,4.20915226e-13,8.311747104e-13,8.777291304e-13,6.627487081e-13,6.309851887e-13,2.1316581e-13,1.687962628e-13,1.68664554e-13,3.485726936e-14,1.444123939e-13,7.866513317e-14,1.929886655e-13,1.792831728e-13,1.931350364e-13,1.110132209e-13,6.163439996e-13,9.812778255e-14,1.04016618e-12,6.483243142e-14
123.21875,2.491210453e-13,1.972484082e-13,1.288887883e-12,3.086133333e-13,3.263981734e-13,2.662708288e-13,1.300548453e-13,8.38731087e-14,6.345107164e-14,6.016270568e-14,4.380327616e-13,3.225455638e-13,1.974615534e-13,4.232531614e-13,8.35522845e-13,8.800307233e-13,6.646174686e-13,6.363325691e-13,2.141183925e-13,1.683259913e-13,1.683663245e-13,3.516483905e-14,1.450460803e-13,7.853886397e-14,1.945547071e-13,1.794288679e-13,1.955005438e-13,1.110845069e-13,6.242975413e-13,9.89877473e-14,1.046874698e-12,6.413492061e-14
123.2265625,2.458134728e-13,1.953599674e-13,1.301868903e-12,3.091241433e-13,3.27811346e-13,2.665490145e-13,1.306558301e-13,8.483095954e-14,6.384342972e-14,6.036283264e-14,4.434661635e-13,3.241932681e-13,1.984930522e-13,4.254326428e-13,8.397420235e-13,8.822129713e-13,6.663351544e-13,6.415412747e-13,2.150289969e-13,1.679685143e-13,1.680627406e-13,3.54897433e-14,1.456226687e-13,7.840533368e-14,1.960370666e-13,1.795108805e-13,1.979168635e-13,1.11299102e-13,6.323221164e-13,9.98666676e-14,1.053314527e-12,6.340905689e-14
123.234375,2.427451596e-13,1.93628003e-13,1.31470204e-12,3.096925287e-13,3.292565174e-13,2.669154899e-13,1.312374057e-13,8.58033368e-14,6.422697638e-14,6.057665804e-14,4.489381955e-13,3.258071535e-13,1.994877608e-13,4.277153487e-13,8.439369842e-13,8.845252396e-13,6.683392851e-13,6.468595928e-13,2.159892445e-13,1.675598517e-13,1.677456134e-13,3.582746745e-14,1.461957428e-13,7.82566989e-14,1.975109507e-13,1.795378404e-13,2.004014825e-13,1.116628012e-13,6.401663358e-13,1.007699979e-13,1.059652245e-12,6.270039602e-14
123.2421875,2.399487278e-13,1.915926352e-13,1.327451568e-12,3.102117335e-13,3.307581553e-13,2.673478195e-13,1.318351515e-13,8.677684638e-14,6.462119765e-14,6.078768472e-14,4.543574436e-13,3.274485305e-13,2.005053751e-13,4.301286422e-13,8.481403049e-13,8.871116414e-13,6.707623975e-13,6.52320053e-13,2.169832995e-13,1.670334248e-13,1.674358409e-13,3.615433954e-14,1.467583053e-13,7.818213991e-14,1.99014354e-13,1.796160731e-13,2.030590285e-13,1.120171947e-13,6.478145165e-13,1.017078909e-13,1.066096202e-12,6.202778186e-14
123.25,2.370035115e-13,1.893224361e-13,1.340216533e-12,3.107042113e-13,3.320691388e-13,2.677047802e-13,1.324093525e-13,8.775558955e-14,6.503568984e-14,6.099815558e-14,4.597800906e-13,3.290833687e-13,2.015016063e-13,4.324174245e-13,8.522939468e-13,8.898835129e-13,6.733260478e-13,6.576317482e-13,2.178428111e-13,1.66625343e-13,1.671429965e-13,3.644675454e-14,1.473046192e-13,7.814087049e-14,2.004869336e-13,1.798311497e-13,2.059213581e-13,1.123186159e-13,6.555487491e-13,1.027223002e-13,1.072430346e-12,6.136326725e-14
123.2578125,2.339008689e-13,1.871489752e-13,1.353150625e-12,3.111307711e-13,3.332314514e-13,2.680581855e-13,1.329330098e-13,8.871246963e-14,6.545040174e-14,6.126080408e-14,4.654020043e-13,3.306909512e-13,2.024328583e-13,4.345916568e-13,8.564288117e-13,8.928061569e-13,6.760825269e-13,6.628430716e-13,2.186196684e-13,1.664208362e-13,1.66879076e-13,3.673487989e-14,1.47842538e-13,7.801410307e-14,2.019144968e-13,1.800586499e-13,2.088937405e-13,1.127027358e-13,6.633484493e-13,1.038074534e-13,1.078421552e-12,6.069558635e-14
123.265625,2.310455701e-13,1.850758989e-13,1.365894912e-12,3.114738764e-13,3.343773779e-13,2.685097575e-13,1.334143428e-13,8.958416038e-14,6.581943942e-14,6.160523381e-14,4.710738093e-13,3.322278103e-13,2.032985544e-13,4.36727212e-13,8.605798437e-13,8.958919172e-13,6.791939765e-13,6.682001679e-13,2.1947939e-13,1.662239621e-13,1.665993134e-13,3.704553127e-14,1.483695868e-13,7.783321545e-14,2.033315004e-13,1.801976169e-13,2.119290305e-13,1.132296965e-13,6.710207764e-13,1.048968749e-13,1.084021119e-12,6.004963348e-14
123.2734375,2.284960911e-13,1.831463838e-13,1.378048621e-12,3.121049721e-13,3.354754846e-13,2.690195754e-13,1.338711693e-13,9.042664188e-14,6.614882627e-14,6.198943853e-14,4.765349102e-13,3.336314039e-13,2.040933118e-13,4.38809386e-13,8.646563843e-13,8.989926188e-13,6.824723396e-13,6.7364189e-13,2.203631284e-13,1.660488129e-13,1.662663684e-13,3.734880481e-14,1.489333213e-13,7.770249166e-14,2.047278568e-13,1.803365852e-13,2.15033239e-13,1.138740803e-13,6.785950711e-13,1.05979016e-13,1.089302869e-12,5.943694291e-14
123.28125,2.259593641e-13,1.815114498e-13,1.390051289e-12,3.131376058e-13,3.365514347e-13,2.695283361e-13,1.343094018e-13,9.133379435e-14,6.650664576e-14,6.237612751e-14,4.819961546e-13,3.34994097e-13,2.048075028e-13,4.408617735e-13,8.685667787e-13,9.019773926e-13,6.856848303e-13,6.789805731e-13,2.211719717e-13,1.660052494e-13,1.65945252e-13,3.762765905e-14,1.495417078e-13,7.762239845e-14,2.060708925e-13,1.805330693e-13,2.18198055e-13,1.146453877e-13,6.86154852e-13,1.071041437e-13,1.094471849e-12,5.883622989e-14
123.2890625,2.233337752e-13,1.799205962e-13,1.402159223e-12,3.141003115e-13,3.376053136e-13,2.699677099e-13,1.347012223e-13,9.227675979e-14,6.690062328e-14,6.27745224e-14,4.876610863e-13,3.363924639e-13,2.054437828e-13,4.428004953e-13,8.723076042e-13,9.048436724e-13,6.887092801e-13,6.840934661e-13,2.219405868e-13,1.658874606e-13,1.656752822e-13,3.790964294e-14,1.500876963e-13,7.756360118e-14,2.073431709e-13,1.807150475e-13,2.214228499e-13,1.154840467e-13,6.936530249e-13,1.082705261e-13,1.099528603e-12,5.823745161e-14
123.296875,2.208142918e-13,1.779753958e-13,1.413989503e-12,3.148506689e-13,3.38666186e-13,2.704226799e-13,1.350338578e-13,9.323006502e-14,6.728149751e-14,6.319561129e-14,4.933149543e-13,3.377403758e-13,2.06085986e-13,4.446658762e-13,8.760053679e-13,9.07708665e-13,6.916242827e-13,6.890127256e-13,2.227116123e-13,1.656400393e-13,1.654329887e-13,3.821205153e-14,1.505310006e-13,7.753222932e-14,2.085637688e-13,1.808427397e-13,2.246993283e-13,1.162770023e-13,7.0105835e-13,1.094395384e-13,1.104332463e-12,5.765919935e-14
123.3046875,2.185455416e-13,1.757810102e-13,1.425397312e-12,3.156138683e-13,3.398775722e-13,2.710319572e-13,1.353235356e-13,9.419798376e-14,6.764092685e-14,6.364554199e-14,4.988701522e-13,3.389934279e-13,2.067999847e-13,4.466825832e-13,8.798158508e-13,9.108051995e-13,6.94779615e-13,6.939742975e-13,2.235151578e-13,1.655742805e-13,1.652279896e-13,3.852343897e-14,1.509244889e-13,7.749021278e-14,2.097788781e-13,1.809574618e-13,2.280304288e-13,1.170612303e-13,7.083545872e-13,1.10610985e-13,1.108897118e-12,5.710011577e-14
123.3125,2.164043793e-13,1.737136347e-13,1.436110539e-12,3.163084222e-13,3.41057231e-13,2.715927675e-13,1.355668427e-13,9.509624376e-14,6.796391013e-14,6.413600632e-14,5.043949839e-13,3.400818429e-13,2.074229272e-13,4.486258324e-13,8.835863002e-13,9.140220449e-13,6.981438046e-13,6.989406658e-13,2.243180689e-13,1.656253091e-13,1.650007308e-13,3.882151684e-14,1.512477546e-13,7.737755938e-14,2.109744822e-13,1.810580357e-13,2.314223282e-13,1.179478271e-13,7.153372956e-13,1.117770151e-13,1.112953079e-12,5.6536491e-14
123.3203125,2.142289806e-13,1.717503428e-13,1.445968503e-12,3.168603564e-13,3.41957618e-13,2.719636204e-13,1.357775454e-13,9.589505035e-14,6.822535259e-14,6.465891452e-14,5.097834392e-13,3.409130824e-13,2.077992738e-13,4.501842883e-13,8.870503953e-13,9.169842613e-13,7.013401196e-13,7.036218317e-13,2.25000222e-13,1.654943461e-13,1.646491314e-13,3.909290422e-14,1.514838826e-13,7.720662126e-14,2.120884148e-13,1.811085255e-13,2.348493979e-13,1.18913076e-13,7.218551456e-13,1.129309303e-13,1.116230503e-12,5.598045286e-14
123.328125,2.121225894e-13,1.695844203e-13,1.455897853e-12,3.173649618e-13,3.42943286e-13,2.724814612e-13,1.359983374e-13,9.669468091e-14,6.85039502e-14,6.516901303e-14,5.151105496e-13,3.417304033e-13,2.08111555e-13,4.51792284e-13,8.903876021e-13,9.199270608e-13,7.046570172e-13,7.082512747e-13,2.25601793e-13,1.654214493e-13,1.642724383e-13,3.936310832e-14,1.517003698e-13,7.705056138e-14,2.131318002e-13,1.811495362e-13,2.383584068e-13,1.198708917e-13,7.281966774e-13,1.141361208e-13,1.119354201e-12,5.545023871e-14
123.3359375,2.103012302e-13,1.672267405e-13,1.466356554e-12,3.176997178e-13,3.44315306e-13,2.733482236e-13,1.362190263e-13,9.751217778e-14,6.888701197e-14,6.561828525e-14,5.205927548e-13,3.427980135e-13,2.085999185e-13,4.538495777e-13,8.938779331e-13,9.233077939e-13,7.086006698e-13,7.132390013e-13,2.262887363e-13,1.656070635e-13,1.640239673e-13,3.967497181e-14,1.518998604e-13,7.696603897e-14,2.141665641e-13,1.81206997e-13,2.420252634e-13,1.208160635e-13,7.347154096e-13,1.154089113e-13,1.122885317e-12,5.490996635e-14
123.34375,2.087264857e-13,1.649473704e-13,1.476269818e-12,3.178520911e-13,3.456041708e-13,2.743117963e-13,1.363766435e-13,9.825801143e-14,6.929211473e-14,6.605294686e-14,5.260822743e-13,3.438506535e-13,2.091733842e-13,4.558862163e-13,8.973010358e-13,9.268795415e-13,7.128523203e-13,7.182710353e-13,2.269878914e-13,1.657243722e-13,1.638258883e-13,4.001072541e-14,1.520251486e-13,7.692241739e-14,2.151848671e-13,1.812234062e-13,2.457676454e-13,1.218211543e-13,7.413156514e-13,1.166535811e-13,1.126183134e-12,5.43423686e-14
123.3515625,2.071495236e-13,1.628259348e-13,1.484917978e-12,3.180837122e-13,3.463725948e-13,2.751142039e-13,1.364276317e-13,9.890009148e-14,6.958057069e-14,6.659385106e-14,5.313827476e-13,3.445276095e-13,2.095450863e-13,4.573572822e-13,9.003768201e-13,9.303265744e-13,7.169601841e-13,7.22886545e-13,2.274919913e-13,1.657781864e-13,1.63547976e-13,4.029723205e-14,1.520906203e-13,7.683005436e-14,2.161225127e-13,1.812237536e-13,2.494731056e-13,1.229803202e-13,7.476218605e-13,1.178542681e-13,1.128520374e-12,5.379748263e-14
123.359375,2.054760498e-13,1.607857919e-13,1.492602101e-12,3.184317121e-13,3.468580636e-13,2.757129821e-13,1.363923328e-13,9.94816192e-14,6.975746063e-14,6.723037725e-14,5.365697441e-13,3.448677691e-13,2.096257372e-13,4.583929401e-13,9.032899509e-13,9.33847566e-13,7.210573556e-13,7.272343492e-13,2.278273377e-13,1.661167378e-13,1.631982335e-13,4.051468181e-14,1.521364239e-13,7.667259908e-14,2.169708205e-13,1.812928818e-13,2.532048884e-13,1.242873224e-13,7.53402311e-13,1.1908808e-13,1.1300349e-12,5.329564586e-14
123.3671875,2.038310337e-13,1.587911072e-13,1.499623716e-12,3.187844376e-13,3.474502478e-13,2.762116726e-13,1.363339316e-13,1.000682406e-13,6.993195041e-14,6.782882701e-14,5.415885776e-13,3.450794671e-13,2.096280049e-13,4.594181939e-13,9.062929759e-13,9.375684782e-13,7.25292973e-13,7.3151926e-13,2.28154082e-13,1.666404571e-13,1.628046507e-13,4.071784597e-14,1.521722173e-13,7.65179976e-14,2.177869423e-13,1.814199889e-13,2.571136089e-13,1.255894306e-13,7.588711022e-13,1.203257093e-13,1.131094359e-12,5.280758274e-14
123.375,2.023138885e-13,1.568267379e-13,1.506175549e-12,3.191313042e-13,3.481674714e-13,2.767001069e-13,1.36268448e-13,1.006837388e-13,7.016758939e-14,6.839928186e-14,5.462814964e-13,3.453406124e-13,2.097199975e-13,4.605749201e-13,9.09301105e-13,9.413556595e-13,7.295840651e-13,7.356538439e-13,2.285195788e-13,1.671194984e-13,1.623865934e-13,4.093587372e-14,1.522011762e-13,7.63980358e-14,2.185882693e-13,1.815906368e-13,2.612342053e-13,1.268202696e-13,7.643818053e-13,1.215089103e-13,1.131902402e-12,5.233194249e-14
123.3828125,2.0093269e-13,1.548964641e-13,1.512409411e-12,3.194531355e-13,3.48828278e-13,2.772034914e-13,1.361657734e-13,1.012752768e-13,7.044072913e-14,6.905641696e-14,5.508065798e-13,3.457197719e-13,2.098247834e-13,4.61745141e-13,9.121928473e-13,9.450905531e-13,7.339381517e-13,7.397166255e-13,2.289194176e-13,1.67548051e-13,1.619965119e-13,4.115445622e-14,1.522054308e-13,7.628889295e-14,2.193425775e-13,1.817997796e-13,2.653943848e-13,1.281286412e-13,7.697585947e-13,1.227091806e-13,1.132565133e-12,5.187088422e-14
123.390625,1.996782665e-13,1.52956089e-13,1.518400226e-12,3.19837602e-13,3.494562314e-13,2.77837744e-13,1.360300682e-13,1.018126346e-13,7.070984975e-14,6.976336363e-14,5.554785441e-13,3.460810685e-13,2.098973362e-13,4.629412856e-13,9.15100597e-13,9.487789625e-13,7.384865069e-13,7.438740768e-13,2.293745742e-13,1.678755153e-13,1.616498233e-13,4.138081994e-14,1.521620312e-13,7.616459543e-14,2.200654155e-13,1.819648505e-13,2.694463589e-13,1.296065874e-13,7.747422613e-13,1.23976574e-13,1.132994619e-12,5.139931025e-14
123.3984375,1.984970308e-13,1.508951097e-13,1.524114969e-12,3.203213182e-13,3.501605453e-13,2.785740431e-13,1.358724558e-13,1.023147629e-13,7.096529788e-14,7.040741984e-14,5.603330491e-13,3.462721548e-13,2.099778092e-13,4.641993371e-13,9.181094018e-13,9.526077843e-13,7.432902338e-13,7.479467075e-13,2.298444935e-13,1.681993526e-13,1.613080929e-13,4.161673668e-14,1.520738685e-13,7.601671763e-14,2.207976001e-13,1.820926726e-13,2.735096735e-13,1.311247564e-13,7.795643393e-13,1.252387102e-13,1.132982715e-12,5.092854933e-14
123.40625,1.973651692e-13,1.487807284e-13,1.529141014e-12,3.206565801e-13,3.508026085e-13,2.791375093e-13,1.356928034e-13,1.027640551e-13,7.119729397e-14,7.099652151e-14,5.650807835e-13,3.46270874e-13,2.099963887e-13,4.653301007e-13,9.210709232e-13,9.56641172e-13,7.482037769e-13,7.517289448e-13,2.302403327e-13,1.687081002e-13,1.609253581e-13,4.182510096e-14,1.519432671e-13,7.587044609e-14,2.215223872e-13,1.822964289e-13,2.776914365e-13,1.325782264e-13,7.842219868e-13,1.264699201e-13,1.13239185e-12,5.049960666e-14
123.4140625,1.963904852e-13,1.46824015e-13,1.533434327e-12,3.20907336e-13,3.513027015e-13,2.796418783e-13,1.354960564e-13,1.031551235e-13,7.138979158e-14,7.160070312e-14,5.695550374e-13,3.461250479e-13,2.099390482e-13,4.663465617e-13,9.23957577e-13,9.606691556e-13,7.530845656e-13,7.553804154e-13,2.305725728e-13,1.692779656e-13,1.605020878e-13,4.200580204e-14,1.517741946e-13,7.573883631e-14,2.221842425e-13,1.825632922e-13,2.818779732e-13,1.340735322e-13,7.885053865e-13,1.277361038e-13,1.131306817e-12,5.011084815e-14
123.421875,1.956210832e-13,1.450507293e-13,1.537636005e-12,3.214774613e-13,3.518454512e-13,2.804352956e-13,1.352290154e-13,1.035267272e-13,7.15599991e-14,7.223341943e-14,5.740088969e-13,3.459501201e-13,2.098972468e-13,4.674696597e-13,9.268513199e-13,9.646258654e-13,7.580199592e-13,7.590090791e-13,2.309355058e-13,1.69834399e-13,1.601185887e-13,4.220762052e-14,1.515804384e-13,7.557110386e-14,2.227304666e-13,1.828100196e-13,2.860076267e-13,1.357509365e-13,7.927264579e-13,1.290403841e-13,1.129949559e-12,4.97321427e-14
123.4296875,1.94921912e-13,1.433371704e-13,1.541551833e-12,3.222314669e-13,3.524445744e-13,2.812725666e-13,1.348612489e-13,1.038719115e-13,7.173655876e-14,7.285341928e-14,5.78609631e-13,3.457928773e-13,2.098181952e-13,4.685291988e-13,9.295732207e-13,9.685647057e-13,7.630380289e-13,7.624166603e-13,2.313330257e-13,1.704681343e-13,1.598044159e-13,4.243255613e-14,1.513669315e-13,7.535464611e-14,2.231749265e-13,1.830306222e-13,2.901037061e-13,1.375518429e-13,7.969458386e-13,1.303078823e-13,1.128285197e-12,4.935709334e-14
123.4375,1.941975192e-13,1.415795293e-13,1.544464648e-12,3.227616371e-13,3.529882087e-13,2.818266155e-13,1.344984325e-13,1.041830414e-13,7.193010917e-14,7.343582132e-14,5.831387791e-13,3.455321867e-13,2.096593151e-13,4.693839e-13,9.31978437e-13,9.724050687e-13,7.680474446e-13,7.65556823e-13,2.316811644e-13,1.710093689e-13,1.594694234e-13,4.263673361e-14,1.511405651e-13,7.51682528e-14,2.236245453e-13,1.83242521e-13,2.941360125e-13,1.392990305e-13,8.006863655e-13,1.315287591e-13,1.126160063e-12,4.900110803e-14
123.4453125,1.934949421e-13,1.396756312e-13,1.546879277e-12,3.231288675e-13,3.535626525e-13,2.823765458e-13,1.341799032e-13,1.045027865e-13,7.214893287e-14,7.401774939e-14,5.875883353e-13,3.451229227e-13,2.095479179e-13,4.703768575e-13,9.343102158e-13,9.762022474e-13,7.731310291e-13,7.686106706e-13,2.319635059e-13,1.714007135e-13,1.591104803e-13,4.28130879e-14,1.508796526e-13,7.503469702e-14,2.241145733e-13,1.834844886e-13,2.981626543e-13,1.409836346e-13,8.039985773e-13,1.327848681e-13,1.123703219e-12,4.867120752e-14
123.453125,1.928817109e-13,1.37652367e-13,1.549304545e-12,3.234839395e-13,3.541504025e-13,2.830809355e-13,1.337885117e-13,1.048134458e-13,7.237634153e-14,7.461790784e-14,5.921762143e-13,3.446466567e-13,2.094903769e-13,4.715196073e-13,9.367911391e-13,9.801445066e-13,7.782580499e-13,7.715796031e-13,2.322419639e-13,1.719103659e-13,1.588452623e-13,4.298884564e-14,1.50520993e-13,7.489507693e-14,2.245527074e-13,1.838025229e-13,3.022799238e-13,1.427643945e-13,8.071480422e-13,1.341099813e-13,1.120978321e-12,4.835930133e-14
123.4609375,1.924146966e-13,1.357749305e-13,1.551030548e-12,3.238560479e-13,3.54604133e-13,2.836737351e-13,1.333032968e-13,1.050542752e-13,7.256844572e-14,7.517800689e-14,5.967635027e-13,3.441001617e-13,2.093684371e-13,4.724286755e-13,9.393902574e-13,9.84264348e-13,7.831825973e-13,7.743851326e-13,2.32576356e-13,1.725246038e-13,1.586798515e-13,4.317747542e-14,1.50074887e-13,7.474878778e-14,2.249284867e-13,1.841684261e-13,3.064159026e-13,1.446912061e-13,8.099880861e-13,1.35440551e-13,1.117864122e-12,4.806341557e-14
123.46875,1.921403817e-13,1.342688658e-13,1.551928835e-12,3.244045978e-13,3.550622008e-13,2.841989505e-13,1.328143092e-13,1.052293314e-13,7.271985363e-14,7.56861791e-14,6.012124471e-13,3.434525971e-13,2.091910484e-13,4.732588489e-13,9.420790171e-13,9.885331408e-13,7.880649315e-13,7.771620499e-13,2.330089014e-13,1.730428959e-13,1.585258478e-13,4.338404434e-14,1.496259725e-13,7.461376616e-14,2.253161634e-13,1.845413373e-13,3.104878051e-13,1.467236617e-13,8.125797241e-13,1.367555939e-13,1.114500652e-12,4.778923635e-14
123.4765625,1.920237814e-13,1.329836861e-13,1.552711369e-12,3.250723686e-13,3.556955503e-13,2.849126586e-13,1.323137878e-13,1.053487604e-13,7.285663387e-14,7.62215808e-14,6.057019615e-13,3.427365066e-13,2.08982794e-13,4.743010555e-13,9.447709067e-13,9.928216463e-13,7.931900647e-13,7.799844753e-13,2.335158856e-13,1.735033528e-13,1.583629802e-13,4.361539537e-14,1.491747287e-13,7.443871027e-14,2.256745459e-13,1.849112931e-13,3.145570489e-13,1.488880282e-13,8.150122989e-13,1.38108965e-13,1.110955838e-12,4.753862067e-14
123.484375,1.919109092e-13,1.315181379e-13,1.55305012e-12,3.255167168e-13,3.563300772e-13,2.856134212e-13,1.317349751e-13,1.053990274e-13,7.298623183e-14,7.679528091e-14,6.100878918e-13,3.419425033e-13,2.086811887e-13,4.751839333e-13,9.471704975e-13,9.967572626e-13,7.980947397e-13,7.825391252e-13,2.339642057e-13,1.739809616e-13,1.581819964e-13,4.385134964e-14,1.486551182e-13,7.423467018e-14,2.259065453e-13,1.852666945e-13,3.186556701e-13,1.510815063e-13,8.169462676e-13,1.394817701e-13,1.106908915e-12,4.732153916e-14
123.4921875,1.916528646e-13,1.297434262e-13,1.552198299e-12,3.256536358e-13,3.567855983e-13,2.859847499e-13,1.310813115e-13,1.054072172e-13,7.311684088e-14,7.732693992e-14,6.140612732e-13,3.410313797e-13,2.082859211e-13,4.756043922e-13,9.491237114e-13,1.00016175e-12,8.023003629e-13,7.84509314e-13,2.342621145e-13,1.74562982e-13,1.579432714e-13,4.405371368e-14,1.480697713e-13,7.409515479e-14,2.260250989e-13,1.856447294e-13,3.226957401e-13,1.531029102e-13,8.18335196e-13,1.408180449e-13,1.102328698e-12,4.713538437e-14
123.5,1.913646465e-13,1.279297437e-13,1.550584931e-12,3.256979354e-13,3.571522289e-13,2.86260791e-13,1.303998111e-13,1.053983048e-13,7.32565523e-14,7.780589691e-14,6.178820298e-13,3.40014065e-13,2.078701724e-13,4.759205453e-13,9.509378224e-13,1.003425936e-12,8.063850758e-13,7.861253743e-13,2.345157745e-13,1.753390535e-13,1.576679987e-13,4.423089847e-14,1.474649094e-13,7.39971055e-14,2.26106407e-13,1.860875932e-13,3.266453673e-13,1.550984782e-13,8.194985322e-13,1.421717047e-13,1.097525129e-12,4.694635561e-14
123.5078125,1.913151987e-13,1.262455977e-13,1.548703112e-12,3.258568154e-13,3.575330306e-13,2.868156275e-13,1.297045347e-13,1.053647098e-13,7.339170159e-14,7.828722531e-14,6.21800915e-13,3.389184597e-13,2.074605217e-13,4.763520517e-13,9.529229998e-13,1.006932864e-12,8.10888252e-13,7.877372386e-13,2.348638956e-13,1.760938084e-13,1.574163306e-13,4.442668289e-14,1.468345665e-13,7.385986544e-14,2.261632128e-13,1.865366837e-13,3.305733769e-13,1.573603342e-13,8.204287622e-13,1.435693013e-13,1.092417889e-12,4.675121211e-14
123.515625,1.91432559e-13,1.246329852e-13,1.546066137e-12,3.261328427e-13,3.578759943e-13,2.874682581e-13,1.289777773e-13,1.053141345e-13,7.351861257e-14,7.876015757e-14,6.255043533e-13,3.377316131e-13,2.069956486e-13,4.765973119e-13,9.54832219e-13,1.010396954e-12,8.151872472e-13,7.890967015e-13,2.352457206e-13,1.766405518e-13,1.571876287e-13,4.463207101e-14,1.461192341e-13,7.372965286e-14,2.261337299e-13,1.869207569e-13,3.344280156e-13,1.597540583e-13,8.209531398e-13,1.448924428e-13,1.086694174e-12,4.657843792e-14
123.5234375,1.914331295e-13,1.231270268e-13,1.542462487e-12,3.263066956e-13,3.581666283e-13,2.878628951e-13,1.282463983e-13,1.052324806e-13,7.363430395e-14,7.918708388e-14,6.288945162e-13,3.363806457e-13,2.064112668e-13,4.765496079e-13,9.563837605e-13,1.013453427e-12,8.188248554e-13,7.899154457e-13,2.355444413e-13,1.772028343e-13,1.569202998e-13,4.480457017e-14,1.453034241e-13,7.361377683e-14,2.260063916e-13,1.872502662e-13,3.380978834e-13,1.620249018e-13,8.210971426e-13,1.460989479e-13,1.080361393e-12,4.641514435e-14
123.53125,1.914212747e-13,1.217029663e-13,1.538355255e-12,3.263402143e-13,3.585171919e-13,2.881298158e-13,1.275556928e-13,1.05067481e-13,7.371479536e-14,7.958672177e-14,6.323125024e-13,3.34834747e-13,2.057751574e-13,4.765021364e-13,9.578675108e-13,1.016371843e-12,8.223829075e-13,7.905403021e-13,2.358255241e-13,1.778950106e-13,1.565860607e-13,4.496324818e-14,1.444641062e-13,7.340301093e-14,2.258655289e-13,1.875717853e-13,3.416899222e-13,1.642512472e-13,8.209832468e-13,1.472888338e-13,1.073619384e-12,4.625230307e-14
123.5390625,1.916316808e-13,1.201448116e-13,1.533886637e-12,3.2638271e-13,3.589475334e-13,2.885643873e-13,1.268648692e-13,1.048081246e-13,7.377084355e-14,7.997294298e-14,6.358409036e-13,3.33206167e-13,2.052025059e-13,4.765418248e-13,9.594837753e-13,1.019298246e-12,8.26022057e-13,7.912064622e-13,2.362020819e-13,1.784797629e-13,1.562486269e-13,4.515518754e-14,1.436326681e-13,7.315693343e-14,2.257307055e-13,1.879252487e-13,3.452906201e-13,1.665284788e-13,8.206731991e-13,1.484959408e-13,1.066631673e-12,4.613001682e-14
123.546875,1.918897433e-13,1.184795082e-13,1.529015882e-12,3.263112642e-13,3.593764841e-13,2.890873242e-13,1.261181845e-13,1.044899572e-13,7.383745672e-14,8.034035578e-14,6.393205784e-13,3.31576278e-13,2.046372809e-13,4.764573955e-13,9.609437238e-13,1.021837645e-12,8.291276143e-13,7.915799801e-13,2.366202076e-13,1.789102151e-13,1.559691182e-13,4.536685334e-14,1.427408263e-13,7.302822523e-14,2.255216258e-13,1.88304281e-13,3.487515572e-13,1.688309619e-13,8.200663002e-13,1.496912426e-13,1.059467537e-12,4.60481394e-14
123.5546875,1.920168275e-13,1.169488235e-13,1.523707046e-12,3.261142417e-13,3.598292626e-13,2.894701841e-13,1.253285753e-13,1.041550571e-13,7.390384058e-14,8.071318427e-14,6.426548898e-13,3.298299996e-13,2.039192627e-13,4.761563747e-13,9.621323721e-13,1.024002139e-12,8.316961685e-13,7.914724576e-13,2.369568262e-13,1.794170378e-13,1.55715523e-13,4.555772225e-14,1.417925238e-13,7.29183474e-14,2.2521467e-13,1.886363463e-13,3.520800465e-13,1.712277413e-13,8.189866922e-13,1.508700736e-13,1.05198055e-12,4.595882313e-14
123.5625,1.921557598e-13,1.155018488e-13,1.517589348e-12,3.261020011e-13,3.602833845e-13,2.897301279e-13,1.244930512e-13,1.038249835e-13,7.395308727e-14,8.108520894e-14,6.457646863e-13,3.278692633e-13,2.030228077e-13,4.756662386e-13,9.631059901e-13,1.026039366e-12,8.341273762e-13,7.909876727e-13,2.371908622e-13,1.800007725e-13,1.554494975e-13,4.572869899e-14,1.408311117e-13,7.269449985e-14,2.248199606e-13,1.888562453e-13,3.554265617e-13,1.73700804e-13,8.173437055e-13,1.519993117e-13,1.044005397e-12,4.584841052e-14
123.5703125,1.923414684e-13,1.139575425e-13,1.510811435e-12,3.261112924e-13,3.605935802e-13,2.90021832e-13,1.236023091e-13,1.034518983e-13,7.399497343e-14,8.142275149e-14,6.487817074e-13,3.258117096e-13,2.020731656e-13,4.750110471e-13,9.637511091e-13,1.02761706e-12,8.362398262e-13,7.901728229e-13,2.373998869e-13,1.804130493e-13,1.551687479e-13,4.590558397e-14,1.397781615e-13,7.246311858e-14,2.243095467e-13,1.8899719e-13,3.586849818e-13,1.761077025e-13,8.152464962e-13,1.530778444e-13,1.035692843e-12,4.572685093e-14
123.578125,1.924645137e-13,1.124195143e-13,1.503980823e-12,3.258260121e-13,3.608333202e-13,2.903503846e-13,1.227101749e-13,1.029871864e-13,7.402066618e-14,8.176410593e-14,6.518749003e-13,3.237872602e-13,2.011698435e-13,4.743113089e-13,9.642029193e-13,1.02866351e-12,8.37873787e-13,7.89153959e-13,2.37655842e-13,1.806632994e-13,1.54842952e-13,4.609448821e-14,1.386168804e-13,7.227159435e-14,2.237271666e-13,1.891769553e-13,3.617490314e-13,1.784985094e-13,8.130153612e-13,1.541547989e-13,1.027255013e-12,4.561560157e-14
123.5859375,1.926073001e-13,1.110548325e-13,1.496741988e-12,3.255744376e-13,3.61193872e-13,2.906185475e-13,1.218518895e-13,1.02482526e-13,7.403205634e-14,8.2137233e-14,6.547757266e-13,3.217417481e-13,2.002874348e-13,4.736447132e-13,9.647161219e-13,1.029727229e-12,8.393278166e-13,7.88053252e-13,2.379409001e-13,1.810002644e-13,1.544863247e-13,4.627591592e-14,1.374869643e-13,7.20219056e-14,2.231634397e-13,1.894381118e-13,3.647396718e-13,1.809898845e-13,8.107234701e-13,1.551848287e-13,1.018602558e-12,4.555262971e-14
123.59375,1.928895745e-13,1.097859356e-13,1.488804513e-12,3.254389071e-13,3.616381583e-13,2.908681202e-13,1.210076821e-13,1.019791219e-13,7.4070262e-14,8.247346886e-14,6.573876661e-13,3.196249681e-13,1.99367408e-13,4.72924465e-13,9.651582793e-13,1.030834744e-12,8.407062063e-13,7.867713152e-13,2.382164976e-13,1.813935706e-13,1.541912183e-13,4.644007538e-14,1.363883061e-13,7.175907671e-14,2.225949589e-13,1.89673749e-13,3.676649815e-13,1.835476522e-13,8.081099461e-13,1.561244095e-13,1.009640578e-12,4.552453539e-14
123.6015625,1.932942078e-13,1.084758179e-13,1.480997002e-12,3.250093144e-13,3.621411333e-13,2.912324268e-13,1.201757899e-13,1.014426981e-13,7.414638723e-14,8.275633238e-14,6.601740625e-13,3.175460889e-13,1.984362745e-13,4.721803889e-13,9.655061485e-13,1.031679061e-12,8.419238134e-13,7.852704561e-13,2.385420898e-13,1.816112292e-13,1.539490413e-13,4.661209661e-14,1.352041666e-13,7.155345322e-14,2.219556174e-13,1.898356036e-13,3.70456165e-13,1.861694954e-13,8.052996216e-13,1.570541137e-13,1.000553463e-12,4.548356607e-14
123.609375,1.938134931e-13,1.071576618e-13,1.473352994e-12,3.245352411e-13,3.628158001e-13,2.91732765e-13,1.193724624e-13,1.008897163e-13,7.422776031e-14,8.306343507e-14,6.631190125e-13,3.155584171e-13,1.97570284e-13,4.715940536e-13,9.660589946e-13,1.032530961e-12,8.431284592e-13,7.836760667e-13,2.389871371e-13,1.816695232e-13,1.536473054e-13,4.681352399e-14,1.340014837e-13,7.131444304e-14,2.21282245e-13,1.900355199e-13,3.732360936e-13,1.888993145e-13,8.025938614e-13,1.579900566e-13,9.915044e-13,4.545021763e-14
123.6171875,1.944429444e-13,1.059132337e-13,1.465114549e-12,3.244002014e-13,3.636513094e-13,2.923047624e-13,1.185974311e-13,1.00354218e-13,7.429646565e-14,8.339684351e-14,6.657160566e-13,3.135404737e-13,1.967849931e-13,4.711601096e-13,9.668073402e-13,1.033635135e-12,8.444138224e-13,7.820449626e-13,2.395103901e-13,1.817330125e-13,1.532832854e-13,4.70280271e-14,1.328777579e-13,7.103009525e-14,2.206395739e-13,1.903282492e-13,3.760880931e-13,1.916959367e-13,7.996989997e-13,1.588748069e-13,9.824354442e-13,4.547161964e-14
123.625,1.950994763e-13,1.04709085e-13,1.456581837e-12,3.24229578e-13,3.645988613e-13,2.928736122e-13,1.178411377e-13,9.979180472e-14,7.436749218e-14,8.367513944e-14,6.681342989e-13,3.114261612e-13,1.959985004e-13,4.70685615e-13,9.675076558e-13,1.034657561e-12,8.455261172e-13,7.803073113e-13,2.400372198e-13,1.818580353e-13,1.529436975e-13,4.7236324e-14,1.317462831e-13,7.081322822e-14,2.200132161e-13,1.9064593e-13,3.788472288e-13,1.944991247e-13,7.962977935e-13,1.597423759e-13,9.732471775e-13,4.553553289e-14
123.6328125,1.956883044e-13,1.035061486e-13,1.448094002e-12,3.238704728e-13,3.656231257e-13,2.933909772e-13,1.171030001e-13,9.918508509e-14,7.446535328e-14,8.387751995e-14,6.707952102e-13,3.092925014e-13,1.951398146e-13,4.700743789e-13,9.681311559e-13,1.035321081e-12,8.462220314e-13,7.782933103e-13,2.405481494e-13,1.820009601e-13,1.52637679e-13,4.743974324e-14,1.305485374e-13,7.065110369e-14,2.1936601e-13,1.909582006e-13,3.81374633e-13,1.97253346e-13,7.926182021e-13,1.606061225e-13,9.639297711e-13,4.561804377e-14
123.640625,1.962125059e-13,1.023717481e-13,1.439276476e-12,3.235486527e-13,3.665739746e-13,2.939167227e-13,1.163863365e-13,9.855736772e-14,7.457684647e-14,8.405445745e-14,6.734510794e-13,3.071711259e-13,1.942750273e-13,4.693897835e-13,9.687477963e-13,1.035763202e-12,8.466130773e-13,7.759260511e-13,2.41080562e-13,1.820492603e-13,1.523286181e-13,4.763923619e-14,1.293479975e-13,7.043963127e-14,2.187031641e-13,1.912802619e-13,3.837926836e-13,1.999563782e-13,7.888486706e-13,1.614182431e-13,9.545530812e-13,4.572923885e-14
123.6484375,1.968098834e-13,1.013107518e-13,1.430279046e-12,3.230258902e-13,3.674987926e-13,2.945063891e-13,1.156730543e-13,9.788007428e-14,7.466389113e-14,8.42310202e-14,6.757980935e-13,3.050161905e-13,1.934880214e-13,4.687267537e-13,9.693959508e-13,1.036126477e-12,8.46855017e-13,7.733788424e-13,2.416929602e-13,1.819738616e-13,1.520319554e-13,4.783301033e-14,1.281643506e-13,7.016872733e-14,2.180271139e-13,1.915996686e-13,3.862122978e-13,2.027065557e-13,7.848902765e-13,1.621942774e-13,9.451321778e-13,4.587793586e-14
123.65625,1.975377585e-13,1.001614913e-13,1.421295674e-12,3.222683581e-13,3.686706387e-13,2.951037348e-13,1.149593797e-13,9.716384633e-14,7.475727039e-14,8.437184896e-14,6.779869213e-13,3.028608935e-13,1.927382578e-13,4.681281864e-13,9.700911155e-13,1.036321231e-12,8.468914596e-13,7.708054555e-13,2.423871943e-13,1.819055186e-13,1.517882962e-13,4.80262626e-14,1.269801116e-13,6.99192374e-14,2.173317513e-13,1.919149305e-13,3.884910396e-13,2.05509655e-13,7.806791436e-13,1.629240563e-13,9.355739636e-13,4.605555499e-14
123.6640625,1.9827946e-13,9.888734301e-14,1.412110246e-12,3.217181864e-13,3.700563245e-13,2.957490114e-13,1.142835113e-13,9.646642125e-14,7.491718317e-14,8.44350101e-14,6.802214298e-13,3.007955155e-13,1.92011506e-13,4.676246584e-13,9.708447412e-13,1.036385904e-12,8.468885029e-13,7.682907624e-13,2.431437871e-13,1.818743244e-13,1.515800496e-13,4.822959779e-14,1.258024151e-13,6.975269603e-14,2.166602827e-13,1.922800611e-13,3.906204351e-13,2.083082208e-13,7.76359277e-13,1.635873724e-13,9.259115428e-13,4.625636355e-14
123.671875,1.990825588e-13,9.774682864e-14,1.403046161e-12,3.212389637e-13,3.71470799e-13,2.965696921e-13,1.136425331e-13,9.573745199e-14,7.510292315e-14,8.443034004e-14,6.825704677e-13,2.987878454e-13,1.913656168e-13,4.672845617e-13,9.717127317e-13,1.036542566e-12,8.471427993e-13,7.660180504e-13,2.44003717e-13,1.817728884e-13,1.513253555e-13,4.845320143e-14,1.246205225e-13,6.961643821e-14,2.160377755e-13,1.927575752e-13,3.92870507e-13,2.111953743e-13,7.721951954e-13,1.643027303e-13,9.162972801e-13,4.648757524e-14
123.6796875,2.000830147e-13,9.688443385e-14,1.394333856e-12,3.204903642e-13,3.730318628e-13,2.97471851e-13,1.129919643e-13,9.491026609e-14,7.524444361e-14,8.440250339e-14,6.849628871e-13,2.967445802e-13,1.90757996e-13,4.671121482e-13,9.725638733e-13,1.036554449e-12,8.473042015e-13,7.639010779e-13,2.449536906e-13,1.815803388e-13,1.510145918e-13,4.868847687e-14,1.234298707e-13,6.942148957e-14,2.153947477e-13,1.933338488e-13,3.952518872e-13,2.142219895e-13,7.681109619e-13,1.651275045e-13,9.067528371e-13,4.675564461e-14
123.6875,2.01091716e-13,9.604583662e-14,1.385604966e-12,3.197219458e-13,3.748684054e-13,2.982770416e-13,1.12338456e-13,9.405178671e-14,7.537412542e-14,8.436650689e-14,6.872956489e-13,2.94729514e-13,1.901439991e-13,4.669868312e-13,9.730859201e-13,1.035880603e-12,8.467884166e-13,7.615032663e-13,2.459067412e-13,1.813214066e-13,1.507589604e-13,4.891891324e-14,1.222464732e-13,6.920177628e-14,2.146802209e-13,1.939320396e-13,3.975433215e-13,2.172918002e-13,7.637034619e-13,1.659370573e-13,8.973064044e-13,4.70521055e-14
123.6953125,2.019650147e-13,9.502912506e-14,1.376833484e-12,3.189985702e-13,3.768991978e-13,2.990518712e-13,1.116956721e-13,9.322492024e-14,7.555541066e-14,8.429442959e-14,6.896612871e-13,2.928402064e-13,1.896094703e-13,4.668440306e-13,9.73274008e-13,1.034601396e-12,8.457604822e-13,7.587145922e-13,2.46883518e-13,1.810001418e-13,1.505864457e-13,4.916004157e-14,1.210580229e-13,6.902463568e-14,2.139240949e-13,1.944948645e-13,3.997472272e-13,2.203960567e-13,7.589734077e-13,1.666793004e-13,8.880236902e-13,4.736321109e-14
123.703125,2.029522891e-13,9.399173888e-14,1.368061247e-12,3.180251972e-13,3.790614306e-13,2.99923965e-13,1.110423956e-13,9.239739322e-14,7.578865427e-14,8.418559592e-14,6.921235014e-13,2.910054945e-13,1.891894861e-13,4.667912637e-13,9.733694112e-13,1.033205063e-12,8.4475631e-13,7.558921012e-13,2.479533284e-13,1.80661071e-13,1.503944657e-13,4.943113536e-14,1.198561845e-13,6.886905914e-14,2.131518057e-13,1.950017487e-13,4.018999253e-13,2.235674597e-13,7.542829202e-13,1.674106205e-13,8.787841315e-13,4.767579865e-14
123.7109375,2.041848225e-13,9.305887022e-14,1.359258048e-12,3.169170005e-13,3.813671822e-13,3.008758315e-13,1.104005709e-13,9.155255454e-14,7.605726613e-14,8.409776275e-14,6.945904841e-13,2.892007048e-13,1.888436797e-13,4.669691568e-13,9.735108568e-13,1.031877884e-12,8.439715955e-13,7.53293718e-13,2.491122406e-13,1.803515211e-13,1.501784768e-13,4.97152445e-14,1.186613321e-13,6.872904292e-14,2.123925433e-13,1.95507632e-13,4.04000289e-13,2.268059267e-13,7.497259006e-13,1.681567652e-13,8.695739793e-13,4.798425449e-14
123.71875,2.055648802e-13,9.212421466e-14,1.3509003e-12,3.159042318e-13,3.83897963e-13,3.019268207e-13,1.09825016e-13,9.071353254e-14,7.637002891e-14,8.40548259e-14,6.97083217e-13,2.875335821e-13,1.885895889e-13,4.673985455e-13,9.738447498e-13,1.030661406e-12,8.433094801e-13,7.508108361e-13,2.503815793e-13,1.801044072e-13,1.50010313e-13,5.000542571e-14,1.174776528e-13,6.862691115e-14,2.11688353e-13,1.961315009e-13,4.062117109e-13,2.30173435e-13,7.451326227e-13,1.68932874e-13,8.605836527e-13,4.831873933e-14
123.7265625,2.071393799e-13,9.112100869e-14,1.342932344e-12,3.14954682e-13,3.867247507e-13,3.031549225e-13,1.093245427e-13,8.988832863e-14,7.672123591e-14,8.40109965e-14,6.995851697e-13,2.859584707e-13,1.884104108e-13,4.679914524e-13,9.743889215e-13,1.029536639e-12,8.425551452e-13,7.482369886e-13,2.517682529e-13,1.798962345e-13,1.498503032e-13,5.032097343e-14,1.163053904e-13,6.853957422e-14,2.110098158e-13,1.968423439e-13,4.08512881e-13,2.336570502e-13,7.403313283e-13,1.697048442e-13,8.517616184e-13,4.871753861e-14
123.734375,2.089489991e-13,9.011614728e-14,1.33472748e-12,3.141217261e-13,3.897577415e-13,3.0454511e-13,1.088602958e-13,8.90710791e-14,7.707253934e-14,8.395489861e-14,7.019485604e-13,2.843667793e-13,1.882529111e-13,4.687227531e-13,9.74874183e-13,1.028255107e-12,8.416236502e-13,7.456832445e-13,2.532122706e-13,1.795483404e-13,1.496541791e-13,5.066603359e-14,1.151570172e-13,6.84629706e-14,2.10310638e-13,1.974580241e-13,4.106826788e-13,2.371866365e-13,7.353643254e-13,1.704095875e-13,8.430635166e-13,4.915930007e-14
123.7421875,2.108670409e-13,8.920397177e-14,1.326661296e-12,3.133708722e-13,3.929373556e-13,3.060379492e-13,1.083907109e-13,8.825120838e-14,7.741178641e-14,8.391022193e-14,7.042174825e-13,2.828433926e-13,1.881422684e-13,4.696799885e-13,9.751992601e-13,1.026634963e-12,8.406049132e-13,7.433910352e-13,2.547275928e-13,1.789379552e-13,1.49460127e-13,5.103292046e-14,1.140248845e-13,6.838893943e-14,2.096084017e-13,1.979508038e-13,4.12742645e-13,2.407929167e-13,7.304906169e-13,1.710958492e-13,8.346845713e-13,4.959528557e-14
123.75,2.127874366e-13,8.844227188e-14,1.319217608e-12,3.124554863e-13,3.96275324e-13,3.075840193e-13,1.079191016e-13,8.741559059e-14,7.77725602e-14,8.383666802e-14,7.065141003e-13,2.814357443e-13,1.880649104e-13,4.708174511e-13,9.755423643e-13,1.024781329e-12,8.394495224e-13,7.411471473e-13,2.563236577e-13,1.782536137e-13,1.492659848e-13,5.140370954e-14,1.128952866e-13,6.824877056e-14,2.088952686e-13,1.984381735e-13,4.147208707e-13,2.444300518e-13,7.257078587e-13,1.718108639e-13,8.26430468e-13,5.002379601e-14
123.7578125,2.146866952e-13,8.780505641e-14,1.311954622e-12,3.114445565e-13,3.996697716e-13,3.092055003e-13,1.07480431e-13,8.654997117e-14,7.816036528e-14,8.368449157e-14,7.088697678e-13,2.800392791e-13,1.879664836e-13,4.719782561e-13,9.760333977e-13,1.022930083e-12,8.381764899e-13,7.386322748e-13,2.579366771e-13,1.777596362e-13,1.490688098e-13,5.175684134e-14,1.117766932e-13,6.805286094e-14,2.081404297e-13,1.989518894e-13,4.165607099e-13,2.480485074e-13,7.208194102e-13,1.724994337e-13,8.179560274e-13,5.047226081e-14
123.765625,2.166501205e-13,8.722933989e-14,1.304862157e-12,3.105673936e-13,4.031939821e-13,3.110330448e-13,1.070882596e-13,8.564521002e-14,7.855265738e-14,8.348359535e-14,7.113135287e-13,2.78665347e-13,1.879234488e-13,4.732536048e-13,9.76715147e-13,1.021154212e-12,8.369469253e-13,7.36038638e-13,2.596279839e-13,1.774544769e-13,1.488988515e-13,5.211999154e-14,1.10683809e-13,6.78940314e-14,2.073914541e-13,1.994759151e-13,4.184723051e-13,2.517668784e-13,7.159579255e-13,1.731501598e-13,8.09564773e-13,5.095751753e-14
123.7734375,2.187445254e-13,8.664739984e-14,1.298177823e-12,3.096616296e-13,4.070421587e-13,3.129777985e-13,1.067382171e-13,8.472395888e-14,7.896791388e-14,8.328352291e-14,7.136509697e-13,2.774031013e-13,1.880021053e-13,4.747714515e-13,9.774383368e-13,1.019203224e-12,8.355074418e-13,7.335576437e-13,2.614454627e-13,1.771572119e-13,1.486912536e-13,5.252331955e-14,1.096108749e-13,6.778073152e-14,2.066953015e-13,2.000158955e-13,4.205299748e-13,2.555098911e-13,7.1124685e-13,1.737617674e-13,8.016209215e-13,5.148595562e-14
123.78125,2.208362651e-13,8.600463051e-14,1.291367113e-12,3.085104052e-13,4.109558346e-13,3.147220191e-13,1.064018722e-13,8.382313727e-14,7.941978204e-14,8.309828556e-14,7.156362316e-13,2.76224368e-13,1.881103352e-13,4.762947001e-13,9.779578109e-13,1.016986019e-12,8.336197725e-13,7.310280267e-13,2.632427732e-13,1.768179674e-13,1.483939177e-13,5.292457069e-14,1.085210551e-13,6.768677912e-14,2.060123374e-13,2.005799528e-13,4.224795419e-13,2.591239481e-13,7.065362003e-13,1.742919988e-13,7.939171482e-13,5.205256869e-14
123.7890625,2.228692756e-13,8.53915735e-14,1.284264784e-12,3.072720574e-13,4.146169065e-13,3.163261515e-13,1.060416269e-13,8.294907061e-14,7.986756206e-14,8.292120463e-14,7.174009599e-13,2.750618388e-13,1.88163368e-13,4.776339973e-13,9.783836562e-13,1.014830812e-12,8.317073482e-13,7.284351405e-13,2.649879938e-13,1.765485361e-13,1.480744565e-13,5.329385752e-14,1.074010602e-13,6.761908092e-14,2.052999111e-13,2.012056068e-13,4.243592356e-13,2.628068173e-13,7.018687447e-13,1.748044264e-13,7.861908233e-13,5.264920502e-14
123.796875,2.249713679e-13,8.488370358e-14,1.277438112e-12,3.061487596e-13,4.18290561e-13,3.181311519e-13,1.057009014e-13,8.208967074e-14,8.030354429e-14,8.273768805e-14,7.190534787e-13,2.739010723e-13,1.881783807e-13,4.790104423e-13,9.789122704e-13,1.012821866e-12,8.30050151e-13,7.258832671e-13,2.66794536e-13,1.763407182e-13,1.477138242e-13,5.36637242e-14,1.063026973e-13,6.753230297e-14,2.045669377e-13,2.018563821e-13,4.263601237e-13,2.665845112e-13,6.973776006e-13,1.753469727e-13,7.784167673e-13,5.32741298e-14
123.8046875,2.271503543e-13,8.433319332e-14,1.271192672e-12,3.050542081e-13,4.223534772e-13,3.201590913e-13,1.054512194e-13,8.122860883e-14,8.07846124e-14,8.255579491e-14,7.206233822e-13,2.72830431e-13,1.88267943e-13,4.806752119e-13,9.794788199e-13,1.01076293e-12,8.284266777e-13,7.233691434e-13,2.686830827e-13,1.76030625e-13,1.472662268e-13,5.405889483e-14,1.052467441e-13,6.739499565e-14,2.038553362e-13,2.024105693e-13,4.284244809e-13,2.701815967e-13,6.930528301e-13,1.758170411e-13,7.707924877e-13,5.392024743e-14
123.8125,2.293676451e-13,8.374154431e-14,1.265652256e-12,3.038593397e-13,4.267827583e-13,3.222964252e-13,1.05261072e-13,8.034351063e-14,8.132185311e-14,8.239912268e-14,7.225082855e-13,2.719898215e-13,1.88553615e-13,4.826281264e-13,9.80163338e-13,1.008709691e-12,8.267672568e-13,7.209729014e-13,2.707062738e-13,1.756148701e-13,1.468822721e-13,5.448746779e-14,1.041853476e-13,6.726388071e-14,2.031996031e-13,2.029181682e-13,4.305787421e-13,2.737869549e-13,6.89003103e-13,1.762279824e-13,7.636535305e-13,5.458436543e-14
123.8203125,2.315967704e-13,8.331625806e-14,1.260660174e-12,3.026918033e-13,4.312546497e-13,3.245095651e-13,1.050725825e-13,7.943041651e-14,8.183290276e-14,8.224685883e-14,7.247657414e-13,2.712779184e-13,1.889044539e-13,4.846065142e-13,9.81013951e-13,1.006599528e-12,8.250171205e-13,7.186292326e-13,2.728409006e-13,1.752681367e-13,1.466312253e-13,5.49227019e-14,1.031212173e-13,6.715422961e-14,2.025545028e-13,2.035223023e-13,4.327933881e-13,2.776806056e-13,6.851241829e-13,1.767095038e-13,7.568225976e-13,5.528092556e-14
123.828125,2.337606926e-13,8.296643336e-14,1.255602624e-12,3.01632701e-13,4.354997632e-13,3.266949852e-13,1.048978717e-13,7.849579741e-14,8.226219197e-14,8.20573561e-14,7.26792187e-13,2.704320488e-13,1.890945513e-13,4.863296996e-13,9.817255271e-13,1.00420918e-12,8.230825228e-13,7.161147751e-13,2.748442469e-13,1.750277974e-13,1.463349635e-13,5.529993304e-14,1.020960823e-13,6.703902568e-14,2.018507252e-13,2.041392613e-13,4.347549481e-13,2.815676417e-13,6.809750397e-13,1.771969677e-13,7.497405821e-13,5.601944196e-14
123.8359375,2.360731703e-13,8.253971431e-14,1.250468513e-12,3.004580522e-13,4.39783402e-13,3.289367656e-13,1.047529657e-13,7.755312046e-14,8.26897603e-14,8.183408935e-14,7.284999584e-13,2.695232123e-13,1.892640251e-13,4.880599738e-13,9.823977189e-13,1.001871936e-12,8.212581715e-13,7.1365033e-13,2.767723416e-13,1.748209415e-13,1.459546916e-13,5.565319001e-14,1.010854628e-13,6.695998665e-14,2.011219722e-13,2.046422759e-13,4.365360491e-13,2.85295272e-13,6.766987884e-13,1.775816645e-13,7.425509266e-13,5.679494259e-14
123.84375,2.387566606e-13,8.222430624e-14,1.245890944e-12,2.991901277e-13,4.445542059e-13,3.314574238e-13,1.046270902e-13,7.664183152e-14,8.321653124e-14,8.160637202e-14,7.303038186e-13,2.688542811e-13,1.896592874e-13,4.90297032e-13,9.835291942e-13,1.000020607e-12,8.197007131e-13,7.115825408e-13,2.789657305e-13,1.747310244e-13,1.456315197e-13,5.608494048e-14,1.000705354e-13,6.693711994e-14,2.004318358e-13,2.051462558e-13,4.385638651e-13,2.891227529e-13,6.728671104e-13,1.779561047e-13,7.358551804e-13,5.760104713e-14
123.8515625,2.414164057e-13,8.208474481e-14,1.242002045e-12,2.981860862e-13,4.495835629e-13,3.341285997e-13,1.045255787e-13,7.575666968e-14,8.37956934e-14,8.138655346e-14,7.320919973e-13,2.684461056e-13,1.901873502e-13,4.928776471e-13,9.850233272e-13,9.984690331e-13,8.182075693e-13,7.097575877e-13,2.813353751e-13,1.748688234e-13,1.453428308e-13,5.656313308e-14,9.90973031e-14,6.690537347e-14,1.997857736e-13,2.057925684e-13,4.40813652e-13,2.930090317e-13,6.693415122e-13,1.783932668e-13,7.297301222e-13,5.843684282e-14
123.859375,2.437813458e-13,8.195116784e-14,1.23840215e-12,2.972995641e-13,4.543665409e-13,3.366928696e-13,1.044684392e-13,7.484272515e-14,8.432060401e-14,8.116297548e-14,7.336179385e-13,2.680795221e-13,1.907004642e-13,4.953402477e-13,9.865430704e-13,9.97057727e-13,8.168959564e-13,7.07988029e-13,2.835904981e-13,1.751182852e-13,1.449769673e-13,5.699562586e-14,9.817616617e-14,6.684427784e-14,1.992044525e-13,2.065430668e-13,4.430510603e-13,2.967388341e-13,6.657403214e-13,1.78807473e-13,7.238974628e-13,5.93222519e-14
123.8671875,2.462825646e-13,8.183911987e-14,1.234673919e-12,2.961223043e-13,4.589111951e-13,3.391588324e-13,1.04440559e-13,7.393963078e-14,8.47939481e-14,8.091686916e-14,7.349918526e-13,2.676218173e-13,1.912114623e-13,4.976724478e-13,9.881694598e-13,9.959104225e-13,8.158515327e-13,7.062527001e-13,2.858028965e-13,1.753535359e-13,1.44534559e-13,5.739623861e-14,9.7271154e-14,6.679188688e-14,1.986829942e-13,2.073033354e-13,4.452925216e-13,3.00360174e-13,6.623116446e-13,1.79126592e-13,7.18068402e-13,6.028514325e-14
123.875,2.490783198e-13,8.175818378e-14,1.230812133e-12,2.949090705e-13,4.634704579e-13,3.416905886e-13,1.043948244e-13,7.312766263e-14,8.528690881e-14,8.065702795e-14,7.361691499e-13,2.671216646e-13,1.917294514e-13,5.000276e-13,9.898345235e-13,9.947662573e-13,8.146707382e-13,7.043473403e-13,2.880685947e-13,1.756581248e-13,1.440471272e-13,5.780289545e-14,9.63711647e-14,6.674614462e-14,1.981260737e-13,2.080153655e-13,4.474587753e-13,3.039350221e-13,6.591987751e-13,1.793490279e-13,7.120413168e-13,6.131145643e-14
123.8828125,2.51779662e-13,8.159319076e-14,1.227390272e-12,2.939618396e-13,4.681648962e-13,3.44401813e-13,1.043495034e-13,7.234739517e-14,8.582003126e-14,8.040999038e-14,7.370488547e-13,2.66737436e-13,1.923106251e-13,5.024921301e-13,9.91325727e-13,9.932986865e-13,8.131898777e-13,7.022760615e-13,2.903014096e-13,1.76076887e-13,1.435584909e-13,5.821417116e-14,9.547702522e-14,6.669177918e-14,1.975110133e-13,2.08670165e-13,4.494458114e-13,3.074395974e-13,6.560984316e-13,1.795140232e-13,7.06108219e-13,6.235718984e-14
123.890625,2.542610031e-13,8.145864648e-14,1.224631409e-12,2.92948458e-13,4.729341153e-13,3.470796441e-13,1.043538677e-13,7.151009889e-14,8.633716415e-14,8.019242289e-14,7.379110085e-13,2.665066123e-13,1.929801808e-13,5.05103034e-13,9.928370941e-13,9.917912262e-13,8.11614037e-13,7.003688078e-13,2.925168515e-13,1.765652245e-13,1.431284487e-13,5.862155255e-14,9.460747773e-14,6.662732669e-14,1.969239826e-13,2.093406101e-13,4.514934412e-13,3.109271024e-13,6.530675387e-13,1.797194937e-13,7.006720638e-13,6.341240445e-14
123.8984375,2.567287358e-13,8.156175073e-14,1.222195045e-12,2.91744513e-13,4.776315771e-13,3.494404849e-13,1.043525421e-13,7.065108923e-14,8.678867582e-14,8.003422304e-14,7.390641028e-13,2.663080001e-13,1.935981591e-13,5.077044989e-13,9.944875977e-13,9.905502437e-13,8.100252539e-13,6.986602853e-13,2.947859797e-13,1.772023562e-13,1.427283183e-13,5.900460992e-14,9.381113182e-14,6.651983577e-14,1.963734766e-13,2.100845174e-13,4.538054788e-13,3.144928206e-13,6.503686625e-13,1.800191681e-13,6.955548445e-13,6.451066413e-14
123.90625,2.593831989e-13,8.182411574e-14,1.220181439e-12,2.906344472e-13,4.823614156e-13,3.517554653e-13,1.043197641e-13,6.982149112e-14,8.723187743e-14,7.994426858e-14,7.40451628e-13,2.661684801e-13,1.94190507e-13,5.102815928e-13,9.960780329e-13,9.893749946e-13,8.085398299e-13,6.970204636e-13,2.971193913e-13,1.779781393e-13,1.423012156e-13,5.937911696e-14,9.308373132e-14,6.637803153e-14,1.958228933e-13,2.108206456e-13,4.562536621e-13,3.181639858e-13,6.479055661e-13,1.803117034e-13,6.905902417e-13,6.568791523e-14
123.9140625,2.622404104e-13,8.198286796e-14,1.218685515e-12,2.894718642e-13,4.872364259e-13,3.542779456e-13,1.043781051e-13,6.901948194e-14,8.773633889e-14,7.984763862e-14,7.417317233e-13,2.661964301e-13,1.949342785e-13,5.1300265e-13,9.976626866e-13,9.881708715e-13,8.072698007e-13,6.954900729e-13,2.994899032e-13,1.787196547e-13,1.418400385e-13,5.977542869e-14,9.236973794e-14,6.629973828e-14,1.953168998e-13,2.11462371e-13,4.586952644e-13,3.217331807e-13,6.456042621e-13,1.804723744e-13,6.859880219e-13,6.694466819e-14
123.921875,2.649715577e-13,8.192381873e-14,1.217302218e-12,2.879598854e-13,4.920013132e-13,3.56691637e-13,1.045590429e-13,6.82460071e-14,8.825291995e-14,7.96878158e-14,7.426388483e-13,2.662821258e-13,1.957281599e-13,5.156953705e-13,9.99435012e-13,9.872212512e-13,8.061215765e-13,6.939960288e-13,3.017978031e-13,1.795228756e-13,1.41316223e-13,6.013828536e-14,9.167039421e-14,6.630718848e-14,1.948925735e-13,2.120959771e-13,4.611093755e-13,3.249262328e-13,6.434551545e-13,1.805447444e-13,6.816454908e-13,6.824325069e-14
123.9296875,2.673969226e-13,8.183928911e-14,1.216230374e-12,2.863921954e-13,4.966097243e-13,3.589942729e-13,1.047560815e-13,6.74954104e-14,8.873718237e-14,7.95254601e-14,7.433644011e-13,2.663404958e-13,1.964592925e-13,5.182556909e-13,1.001463362e-12,9.86743344e-13,8.051794608e-13,6.925571354e-13,3.040519625e-13,1.806093356e-13,1.407399272e-13,6.043687408e-14,9.101940685e-14,6.632086463e-14,1.945454109e-13,2.128426947e-13,4.635607442e-13,3.279373831e-13,6.412557916e-13,1.80670726e-13,6.773489638e-13,6.95569304e-14
123.9375,2.698769944e-13,8.196385525e-14,1.215850967e-12,2.852099188e-13,5.012975188e-13,3.615423984e-13,1.049576614e-13,6.675919005e-14,8.922256326e-14,7.941251513e-14,7.442230477e-13,2.664959675e-13,1.973059475e-13,5.209937395e-13,1.003941584e-12,9.868929711e-13,8.046545856e-13,6.915134523e-13,3.064214679e-13,1.818808423e-13,1.401959155e-13,6.074892827e-14,9.04021555e-14,6.634264892e-14,1.942961617e-13,2.136712666e-13,4.662337028e-13,3.311775446e-13,6.391629158e-13,1.808530169e-13,6.733476305e-13,7.090383874e-14
123.9453125,2.725700275e-13,8.22889913e-14,1.215546607e-12,2.84343538e-13,5.059325675e-13,3.641467674e-13,1.051859888e-13,6.604973712e-14,8.970714938e-14,7.929169711e-14,7.45049482e-13,2.66768318e-13,1.983225351e-13,5.238524819e-13,1.006850239e-12,9.877618284e-13,8.044006337e-13,6.908394198e-13,3.088943622e-13,1.832775433e-13,1.396568397e-13,6.109417726e-14,8.979405633e-14,6.640271806e-14,1.941196837e-13,2.145082619e-13,4.691962889e-13,3.345063139e-13,6.376483556e-13,1.809330586e-13,6.69779177e-13,7.230801454e-14
123.953125,2.751566233e-13,8.274694471e-14,1.21493506e-12,2.834467668e-13,5.104050627e-13,3.665167148e-13,1.053832776e-13,6.536222769e-14,9.019679627e-14,7.910766763e-14,7.4556062e-13,2.670802758e-13,1.993756817e-13,5.26524557e-13,1.009717874e-12,9.889915144e-13,8.041537177e-13,6.900649258e-13,3.113179811e-13,1.850004267e-13,1.390177038e-13,6.142066709e-14,8.919326241e-14,6.643764325e-14,1.939334237e-13,2.153631216e-13,4.722636439e-13,3.375065599e-13,6.366105887e-13,1.808465573e-13,6.663829674e-13,7.375626738e-14
123.9609375,2.775599202e-13,8.326748935e-14,1.214563514e-12,2.82428608e-13,5.148934394e-13,3.68780172e-13,1.055567513e-13,6.467637188e-14,9.072727201e-14,7.890039914e-14,7.458596572e-13,2.674656692e-13,2.004408495e-13,5.29155529e-13,1.012346889e-12,9.901043656e-13,8.038628004e-13,6.890471416e-13,3.136718361e-13,1.869860634e-13,1.383237754e-13,6.172521221e-14,8.860266607e-14,6.644015085e-14,1.937196027e-13,2.16244834e-13,4.753101852e-13,3.401843221e-13,6.355958467e-13,1.80723111e-13,6.630296482e-13,7.521511375e-14
123.96875,2.799320373e-13,8.369101766e-14,1.214548621e-12,2.814298097e-13,5.192210026e-13,3.709457391e-13,1.057734552e-13,6.398374027e-14,9.122646785e-14,7.873538153e-14,7.460793225e-13,2.678885969e-13,2.014716845e-13,5.318113132e-13,1.014916428e-12,9.91083886e-13,8.035152363e-13,6.879358661e-13,3.159352609e-13,1.889619598e-13,1.376769352e-13,6.199761661e-14,8.804132021e-14,6.646400825e-14,1.935073101e-13,2.171137543e-13,4.783811363e-13,3.427431898e-13,6.345707994e-13,1.806422171e-13,6.597193113e-13,7.667822031e-14
123.9765625,2.822039233e-13,8.408908597e-14,1.214646204e-12,2.80458123e-13,5.232404423e-13,3.729813987e-13,1.060293062e-13,6.327900444e-14,9.16354851e-14,7.860709254e-14,7.462151595e-13,2.682559154e-13,2.024297847e-13,5.342909229e-13,1.017491057e-12,9.921906358e-13,8.031913388e-13,6.868311811e-13,3.180986897e-13,1.910402682e-13,1.370517728e-13,6.222631598e-14,8.751563737e-14,6.646156307e-14,1.933135048e-13,2.179455637e-13,4.815359011e-13,3.452045411e-13,6.337925954e-13,1.805121268e-13,6.564464959e-13,7.817730774e-14
123.984375,2.843186757e-13,8.469617037e-14,1.215087142e-12,2.794788938e-13,5.273117172e-13,3.750869285e-13,1.063028577e-13,6.258620065e-14,9.205298343e-14,7.846081264e-14,7.4638292e-13,2.686545171e-13,2.034660492e-13,5.367116925e-13,1.020269264e-12,9.937570744e-13,8.031464452e-13,6.859358658e-13,3.203085747e-13,1.935209204e-13,1.363875475e-13,6.24629712e-14,8.699388357e-14,6.642757551e-14,1.931819618e-13,2.187885507e-13,4.848770542e-13,3.475891348e-13,6.334239576e-13,1.802864623e-13,6.533606314e-13,7.974281915e-14
123.9921875,2.86351935e-13,8.541801894e-14,1.215854157e-12,2.786127298e-13,5.314154705e-13,3.771401779e-13,1.065957784e-13,6.194490862e-14,9.251797711e-14,7.828550186e-14,7.46572313e-13,2.691546288e-13,2.046116904e-13,5.391256856e-13,1.023495455e-12,9.960102084e-13,8.034045769e-13,6.853346372e-13,3.225862296e-13,1.963729451e-13,1.356718791e-13,6.269629011e-14,8.648141044e-14,6.646058977e-14,1.931377477e-13,2.197426806e-13,4.884532352e-13,3.499333682e-13,6.333898212e-13,1.800476711e-13,6.50526257e-13,8.137636683e-14
124,2.882987916e-13,8.610027143e-14,1.216504817e-12,2.778150742e-13,5.351364409e-13,3.787667142e-13,1.068912786e-13,6.134671202e-14,9.296665279e-14,7.811464314e-14,7.465212505e-13,2.696791789e-13,2.057311569e-13,5.413167295e-13,1.026914344e-12,9.986954009e-13,8.037082989e-13,6.8482248e-13,3.247931878e-13,1.994105513e-13,1.348859312e-13,6.28568068e-14,8.602098531e-14,6.652800353e-14,1.931360212e-13,2.207909899e-13,4.92112887e-13,3.52130575e-13,6.335059044e-13,1.798236447e-13,6.478520795e-13,8.305224798e-14
124.0078125,2.901542377e-13,8.685169155e-14,1.217103335e-12,2.768481161e-13,5.385815995e-13,3.800900168e-13,1.071932075e-13,6.077118194e-14,9.342713898e-14,7.795562491e-14,7.461616704e-13,2.70253128e-13,2.068791692e-13,5.434292327e-13,1.030237439e-12,1.001421358e-12,8.039931049e-13,6.843583969e-13,3.269483625e-13,2.025683207e-13,1.340192874e-13,6.29847532e-14,8.559709049e-14,6.655273464e-14,1.9314463e-13,2.21759675e-13,4.957683144e-13,3.541225553e-13,6.338391804e-13,1.795499046e-13,6.453961558e-13,8.473556832e-14
124.015625,2.918878334e-13,8.769006332e-14,1.217911714e-12,2.75718593e-13,5.419229228e-13,3.814345498e-13,1.07531651e-13,6.021523474e-14,9.391044655e-14,7.780737142e-14,7.455721023e-13,2.709346389e-13,2.081042287e-13,5.455892483e-13,1.033497876e-12,1.004142923e-12,8.042643365e-13,6.839687161e-13,3.290532159e-13,2.057677008e-13,1.331197353e-13,6.312477927e-14,8.517993317e-14,6.658100555e-14,1.931684427e-13,2.226223023e-13,4.994803956e-13,3.559795987e-13,6.344663499e-13,1.791845773e-13,6.431295473e-13,8.644116868e-14
124.0234375,2.933802939e-13,8.854760461e-14,1.218701972e-12,2.746209889e-13,5.449555501e-13,3.826240616e-13,1.078918599e-13,5.965803702e-14,9.433757661e-14,7.770215056e-14,7.447167606e-13,2.716409469e-13,2.092525046e-13,5.474806807e-13,1.036647974e-12,1.007008793e-12,8.043754531e-13,6.83471102e-13,3.309948522e-13,2.090214753e-13,1.322506053e-13,6.322067037e-14,8.480258448e-14,6.657697784e-14,1.932179758e-13,2.235755832e-13,5.032278257e-13,3.577002856e-13,6.351442776e-13,1.787338679e-13,6.408467866e-13,8.823066216e-14
124.03125,2.947269458e-13,8.947674355e-14,1.219379018e-12,2.736485897e-13,5.478727555e-13,3.834585595e-13,1.082295166e-13,5.911176957e-14,9.47561167e-14,7.764079091e-14,7.437488127e-13,2.723647092e-13,2.103465933e-13,5.491574075e-13,1.039810822e-12,1.01032913e-12,8.045399181e-13,6.829723436e-13,3.32903157e-13,2.126324547e-13,1.31416499e-13,6.329117128e-14,8.448141116e-14,6.647237848e-14,1.933307869e-13,2.246747048e-13,5.070452944e-13,3.592814846e-13,6.358693605e-13,1.782420543e-13,6.386588181e-13,9.009792758e-14
124.0390625,2.961181636e-13,9.042129528e-14,1.220237913e-12,2.727857786e-13,5.510241636e-13,3.842182438e-13,1.085457102e-13,5.861759083e-14,9.52672667e-14,7.754910136e-14,7.428656052e-13,2.731982757e-13,2.115572579e-13,5.509825843e-13,1.043265346e-12,1.014229994e-12,8.050748468e-13,6.827112772e-13,3.349235235e-13,2.167343347e-13,1.305749257e-13,6.340598988e-14,8.417609397e-14,6.64091376e-14,1.935065659e-13,2.257833643e-13,5.110187874e-13,3.607754567e-13,6.369365052e-13,1.777392803e-13,6.367705442e-13,9.198170691e-14
124.046875,2.974513171e-13,9.133758226e-14,1.221250635e-12,2.719069643e-13,5.540648879e-13,3.849921367e-13,1.088854788e-13,5.813718046e-14,9.579385764e-14,7.738046712e-14,7.418568317e-13,2.741034647e-13,2.128385665e-13,5.527587e-13,1.046791691e-12,1.018306912e-12,8.056316668e-13,6.824275845e-13,3.368615129e-13,2.210401271e-13,1.297207982e-13,6.350361263e-14,8.386946857e-14,6.646182567e-14,1.93675374e-13,2.268820329e-13,5.149813404e-13,3.621056324e-13,6.382576933e-13,1.771732897e-13,6.350517399e-13,9.389633716e-14
124.0546875,2.986241559e-13,9.242292935e-14,1.222262403e-12,2.70955014e-13,5.566728065e-13,3.855050255e-13,1.092793952e-13,5.761784112e-14,9.623252118e-14,7.719670414e-14,7.406288546e-13,2.750145926e-13,2.141104924e-13,5.542326048e-13,1.050261833e-12,1.022553157e-12,8.060415413e-13,6.820096857e-13,3.38652924e-13,2.254904988e-13,1.288763884e-13,6.35309191e-14,8.358502836e-14,6.645953659e-14,1.93850002e-13,2.280425113e-13,5.188912663e-13,3.632215353e-13,6.39663366e-13,1.765241493e-13,6.334985983e-13,9.58805161e-14
124.0625,2.996841999e-13,9.367098286e-14,1.223404646e-12,2.700443196e-13,5.590802803e-13,3.858019756e-13,1.097175721e-13,5.710285622e-14,9.662388921e-14,7.705964502e-14,7.394817149e-13,2.759435575e-13,2.154157323e-13,5.556000306e-13,1.0540522e-12,1.027437659e-12,8.067849842e-13,6.818087513e-13,3.404804643e-13,2.303374014e-13,1.280042305e-13,6.355639563e-14,8.334761341e-14,6.636496455e-14,1.941164787e-13,2.292441643e-13,5.230758e-13,3.64219929e-13,6.413425496e-13,1.75876616e-13,6.32266051e-13,9.79092924e-14
124.0703125,3.005268578e-13,9.479541995e-14,1.224429816e-12,2.690853097e-13,5.612049994e-13,3.85935415e-13,1.101645229e-13,5.664953e-14,9.702767351e-14,7.692606999e-14,7.383384722e-13,2.768294231e-13,2.166789406e-13,5.56773937e-13,1.058005754e-12,1.032661637e-12,8.076468524e-13,6.816906605e-13,3.422333744e-13,2.354443528e-13,1.27070292e-13,6.357663939e-14,8.316198091e-14,6.633751918e-14,1.944459205e-13,2.304433736e-13,5.274863741e-13,3.650087439e-13,6.432837606e-13,1.752413364e-13,6.311043519e-13,9.998218443e-14
124.078125,3.012070836e-13,9.585290526e-14,1.224905779e-12,2.678668397e-13,5.628347308e-13,3.856629151e-13,1.105961221e-13,5.626288337e-14,9.745444378e-14,7.67527605e-14,7.367963058e-13,2.776408007e-13,2.178187822e-13,5.575195959e-13,1.061671863e-12,1.037781067e-12,8.080110601e-13,6.812930111e-13,3.437394369e-13,2.405216993e-13,1.261414021e-13,6.352412348e-14,8.299865127e-14,6.640387278e-14,1.947565674e-13,2.316243837e-13,5.316777374e-13,3.654453255e-13,6.451937497e-13,1.745231535e-13,6.297973764e-13,1.021261799e-13
124.0859375,3.020413082e-13,9.711357271e-14,1.225198674e-12,2.66617111e-13,5.64443795e-13,3.852221675e-13,1.110373113e-13,5.590749446e-14,9.790462056e-14,7.658057639e-14,7.34884794e-13,2.78529095e-13,2.189987533e-13,5.582197208e-13,1.065344655e-12,1.043127381e-12,8.082301291e-13,6.808784653e-13,3.452215226e-13,2.457556826e-13,1.252734138e-13,6.345518911e-14,8.283627997e-14,6.64684734e-14,1.950706666e-13,2.327781112e-13,5.357155955e-13,3.657509692e-13,6.470623124e-13,1.736946014e-13,6.287050855e-13,1.043080697e-13
124.09375,3.02918467e-13,9.841766587e-14,1.225762301e-12,2.657394801e-13,5.662875973e-13,3.849610806e-13,1.115257725e-13,5.552350952e-14,9.834956269e-14,7.642065928e-14,7.328673081e-13,2.795694908e-13,2.203521166e-13,5.591981294e-13,1.069385905e-12,1.048793759e-12,8.086804139e-13,6.80657797e-13,3.468467336e-13,2.513785842e-13,1.244180574e-13,6.343376918e-14,8.270351867e-14,6.649232792e-14,1.954446476e-13,2.339731749e-13,5.40024854e-13,3.661011049e-13,6.49089136e-13,1.727972988e-13,6.280837463e-13,1.065046078e-13
124.1015625,3.034818027e-13,9.953995003e-14,1.226285547e-12,2.65160981e-13,5.678244717e-13,3.844635935e-13,1.120393938e-13,5.512761535e-14,9.876259552e-14,7.621138314e-14,7.307926345e-13,2.806202025e-13,2.217326566e-13,5.600659431e-13,1.07364056e-12,1.054639724e-12,8.090814991e-13,6.803994345e-13,3.484360808e-13,2.572518823e-13,1.235380658e-13,6.338415973e-14,8.261967721e-14,6.648780337e-14,1.95883441e-13,2.352874116e-13,5.4460719e-13,3.662568833e-13,6.513115107e-13,1.718653576e-13,6.2761758e-13,1.087338091e-13
124.109375,3.038136567e-13,1.00733336e-13,1.226454933e-12,2.644795635e-13,5.688897577e-13,3.834474183e-13,1.125285824e-13,5.480354876e-14,9.9170704e-14,7.59154363e-14,7.285765589e-13,2.81592746e-13,2.229808211e-13,5.60511113e-13,1.077914702e-12,1.060984543e-12,8.095326941e-13,6.80108768e-13,3.498631054e-13,2.632686187e-13,1.226621206e-13,6.324676131e-14,8.256456596e-14,6.651206936e-14,1.963526648e-13,2.366593509e-13,5.491899231e-13,3.660107766e-13,6.535685202e-13,1.709166091e-13,6.270034592e-13,1.109661839e-13
124.1171875,3.040765117e-13,1.021348223e-13,1.226337166e-12,2.635865223e-13,5.698065375e-13,3.822534459e-13,1.12989476e-13,5.453566984e-14,9.959781795e-14,7.555236561e-14,7.261497947e-13,2.825678918e-13,2.241662712e-13,5.606960563e-13,1.082067103e-12,1.067794567e-12,8.1024009e-13,6.799073135e-13,3.51187413e-13,2.695362207e-13,1.218040202e-13,6.307568785e-14,8.253212543e-14,6.663109631e-14,1.968088863e-13,2.380096354e-13,5.537347217e-13,3.654560496e-13,6.557644642e-13,1.69923175e-13,6.263709475e-13,1.131862593e-13
124.125,3.04201437e-13,1.03487251e-13,1.226140016e-12,2.628020198e-13,5.705122364e-13,3.809461405e-13,1.134539651e-13,5.427118437e-14,1.000298011e-13,7.519370018e-14,7.236518507e-13,2.836288926e-13,2.254341964e-13,5.607699365e-13,1.086185534e-12,1.07478186e-12,8.109251073e-13,6.796998494e-13,3.524888319e-13,2.761429596e-13,1.209583016e-13,6.292225388e-14,8.252648155e-14,6.678533415e-14,1.972728031e-13,2.393994051e-13,5.584073754e-13,3.648073314e-13,6.581583764e-13,1.688724952e-13,6.2598545e-13,1.154633223e-13
124.1328125,3.041733495e-13,1.048717348e-13,1.226172678e-12,2.622861448e-13,5.709535804e-13,3.793823891e-13,1.139538955e-13,5.405448811e-14,1.004608655e-13,7.490837543e-14,7.212590821e-13,2.847585845e-13,2.267641946e-13,5.607229738e-13,1.09053972e-12,1.082140359e-12,8.114751596e-13,6.794584754e-13,3.537745847e-13,2.831052135e-13,1.201310122e-13,6.277218746e-14,8.254479613e-14,6.684705005e-14,1.977932465e-13,2.409103651e-13,5.63234831e-13,3.64170637e-13,6.609731041e-13,1.678202774e-13,6.258152247e-13,1.178296816e-13
124.140625,3.039285204e-13,1.065039675e-13,1.226326274e-12,2.617527097e-13,5.713318076e-13,3.776473195e-13,1.14499183e-13,5.389356379e-14,1.008868594e-13,7.463771666e-14,7.187654101e-13,2.858630997e-13,2.280142814e-13,5.604332602e-13,1.09491484e-12,1.089741054e-12,8.119049469e-13,6.791342367e-13,3.549248153e-13,2.904212404e-13,1.193092153e-13,6.258432144e-14,8.260908514e-14,6.684084364e-14,1.98324755e-13,2.424974823e-13,5.680312833e-13,3.63361711e-13,6.6385775e-13,1.667563849e-13,6.255978013e-13,1.202333196e-13
124.1484375,3.034282199e-13,1.08044445e-13,1.226234935e-12,2.610756463e-13,5.715276944e-13,3.757778181e-13,1.150723081e-13,5.372280988e-14,1.012844187e-13,7.427878353e-14,7.160166656e-13,2.868861775e-13,2.291769024e-13,5.598037108e-13,1.099149128e-12,1.097235382e-12,8.121676952e-13,6.786451302e-13,3.558879268e-13,2.98003711e-13,1.184711429e-13,6.234522454e-14,8.273218923e-14,6.690111014e-14,1.988273793e-13,2.440468993e-13,5.727409233e-13,3.622316749e-13,6.664658687e-13,1.656009478e-13,6.253151567e-13,1.226417593e-13
124.15625,3.029270506e-13,1.093017958e-13,1.226100801e-12,2.604266929e-13,5.714257555e-13,3.73817518e-13,1.156590539e-13,5.355849106e-14,1.016639814e-13,7.387080055e-14,7.132302245e-13,2.878956203e-13,2.303883748e-13,5.590217475e-13,1.103672305e-12,1.104973417e-12,8.125174033e-13,6.781984381e-13,3.568218658e-13,3.056372266e-13,1.176187959e-13,6.208786278e-14,8.288072688e-14,6.7037018e-14,1.993782734e-13,2.455303771e-13,5.774883465e-13,3.609968146e-13,6.690745238e-13,1.64360567e-13,6.251676487e-13,1.250735259e-13
124.1640625,3.024781758e-13,1.106786252e-13,1.226016531e-12,2.597382348e-13,5.71201225e-13,3.717699205e-13,1.162531479e-13,5.344178168e-14,1.020662388e-13,7.349362668e-14,7.103744249e-13,2.889461518e-13,2.316662849e-13,5.581726564e-13,1.108385681e-12,1.113125777e-12,8.129413337e-13,6.779031148e-13,3.577704752e-13,3.132704131e-13,1.167546446e-13,6.182629797e-14,8.30396357e-14,6.714940048e-14,2.000114976e-13,2.47055936e-13,5.822346869e-13,3.597455672e-13,6.720071431e-13,1.630909746e-13,6.25122974e-13,1.275598413e-13
124.171875,3.01811363e-13,1.122673168e-13,1.225596546e-12,2.589188677e-13,5.707719255e-13,3.693944583e-13,1.168393083e-13,5.333605612e-14,1.024817432e-13,7.313928094e-14,7.07303454e-13,2.899695e-13,2.329040674e-13,5.569830172e-13,1.112729863e-12,1.12127925e-12,8.130129667e-13,6.775155355e-13,3.58581841e-13,3.212134846e-13,1.158955221e-13,6.153443432e-14,8.322590146e-14,6.721149722e-14,2.006491175e-13,2.487066898e-13,5.868899058e-13,3.583010383e-13,6.751313381e-13,1.618233164e-13,6.250419426e-13,1.301090635e-13
124.1796875,3.010019455e-13,1.137745646e-13,1.224957686e-12,2.581372956e-13,5.70012628e-13,3.666879164e-13,1.174180576e-13,5.322970941e-14,1.028750751e-13,7.279008945e-14,7.042300418e-13,2.909264791e-13,2.341023669e-13,5.554872253e-13,1.116865866e-12,1.129412971e-12,8.128201967e-13,6.770125506e-13,3.592449773e-13,3.295734626e-13,1.150848678e-13,6.121573803e-14,8.343460256e-14,6.727023945e-14,2.01254811e-13,2.503933468e-13,5.915279605e-13,3.567461922e-13,6.781907001e-13,1.605756922e-13,6.249751408e-13,1.326835584e-13
124.1875,3.002943949e-13,1.152067238e-13,1.224156881e-12,2.573771187e-13,5.691369447e-13,3.638487111e-13,1.180117617e-13,5.315856631e-14,1.032571971e-13,7.240751252e-14,7.010811521e-13,2.918637761e-13,2.353406778e-13,5.540179316e-13,1.121019119e-12,1.13768668e-12,8.126918828e-13,6.76591503e-13,3.598400098e-13,3.379808701e-13,1.143035373e-13,6.088753747e-14,8.367096841e-14,6.736490557e-14,2.018680716e-13,2.519994211e-13,5.961464648e-13,3.551508009e-13,6.811044036e-13,1.592817314e-13,6.249615011e-13,1.352520607e-13
124.1953125,2.99590514e-13,1.166730318e-13,1.222700822e-12,2.565592797e-13,5.681891576e-13,3.608012964e-13,1.186466821e-13,5.311065172e-14,1.036431503e-13,7.193598141e-14,6.975034859e-13,2.927792366e-13,2.365966682e-13,5.524989883e-13,1.124914554e-12,1.145941802e-12,8.125262246e-13,6.761789392e-13,3.603159121e-13,3.463534247e-13,1.1348339e-13,6.053327727e-14,8.397016488e-14,6.748762137e-14,2.025098166e-13,2.53574854e-13,6.007069576e-13,3.532798089e-13,6.839644013e-13,1.578767657e-13,6.249599274e-13,1.378376075e-13
124.203125,2.987661745e-13,1.181304293e-13,1.22100352e-12,2.559254546e-13,5.670013248e-13,3.576214431e-13,1.193476314e-13,5.304922267e-14,1.040245925e-13,7.144354773e-14,6.937707665e-13,2.936603423e-13,2.377938467e-13,5.507239654e-13,1.128672779e-12,1.15413817e-12,8.121975811e-13,6.756120677e-13,3.606355508e-13,3.550341103e-13,1.126568179e-13,6.015119424e-14,8.432910745e-14,6.757416802e-14,2.031433739e-13,2.552309122e-13,6.05323573e-13,3.512156947e-13,6.869149814e-13,1.564798715e-13,6.249767282e-13,1.404508789e-13
124.2109375,2.978432258e-13,1.195961545e-13,1.219847471e-12,2.555574407e-13,5.655932175e-13,3.545503504e-13,1.200980732e-13,5.297366647e-14,1.044128894e-13,7.099914634e-14,6.902892176e-13,2.945709934e-13,2.389503865e-13,5.487579177e-13,1.13262336e-12,1.162382607e-12,8.117119738e-13,6.749468926e-13,3.608686768e-13,3.640216885e-13,1.119016116e-13,5.975878242e-14,8.471430188e-14,6.761586127e-14,2.037254509e-13,2.569382691e-13,6.099764502e-13,3.492386125e-13,6.89969515e-13,1.551739772e-13,6.249718025e-13,1.430559749e-13
124.21875,2.968383549e-13,1.210997627e-13,1.218614803e-12,2.55177608e-13,5.64010477e-13,3.513820733e-13,1.208402237e-13,5.290396503e-14,1.047966566e-13,7.050741184e-14,6.86800216e-13,2.955214325e-13,2.401573475e-13,5.465964172e-13,1.136561988e-12,1.170658181e-12,8.110347588e-13,6.743113785e-13,3.610781849e-13,3.730307028e-13,1.111709425e-13,5.934979386e-14,8.511990103e-14,6.76888156e-14,2.042950703e-13,2.585904387e-13,6.145057499e-13,3.471783959e-13,6.930581679e-13,1.538030444e-13,6.249431521e-13,1.45654762e-13
124.2265625,2.958397248e-13,1.226451476e-13,1.216657607e-12,2.54696767e-13,5.622240258e-13,3.478977479e-13,1.215599388e-13,5.28618297e-14,1.051225061e-13,6.995312268e-14,6.830843237e-13,2.964195009e-13,2.414251386e-13,5.441829812e-13,1.140273474e-12,1.178915933e-12,8.102065181e-13,6.737178448e-13,3.61289025e-13,3.819795024e-13,1.103939137e-13,5.892478455e-14,8.554249411e-14,6.779033266e-14,2.049246152e-13,2.602009867e-13,6.189489402e-13,3.44909927e-13,6.9618521e-13,1.522894744e-13,6.250181005e-13,1.482937677e-13
124.234375,2.948094431e-13,1.242589153e-13,1.214613684e-12,2.543094489e-13,5.602047924e-13,3.44293522e-13,1.222944172e-13,5.286702461e-14,1.054036858e-13,6.947399944e-14,6.793904509e-13,2.972255474e-13,2.426533593e-13,5.415765221e-13,1.14395099e-12,1.187213447e-12,8.092847617e-13,6.730443117e-13,3.614543813e-13,3.909073262e-13,1.096218395e-13,5.849137671e-14,8.596462434e-14,6.789520304e-14,2.055866919e-13,2.618363514e-13,6.233755883e-13,3.426744707e-13,6.993082362e-13,1.50771849e-13,6.251658104e-13,1.509494939e-13
124.2421875,2.935720027e-13,1.258976756e-13,1.21276748e-12,2.540673936e-13,5.57916439e-13,3.406494331e-13,1.230550255e-13,5.291181478e-14,1.057095835e-13,6.90255927e-14,6.757464952e-13,2.979916043e-13,2.438021818e-13,5.38781646e-13,1.147691482e-12,1.195621758e-12,8.082937096e-13,6.721879655e-13,3.61465885e-13,3.999617569e-13,1.088993105e-13,5.803265026e-14,8.638643704e-14,6.808075302e-14,2.062087001e-13,2.634310787e-13,6.276985391e-13,3.404158372e-13,7.022632841e-13,1.492769111e-13,6.252391804e-13,1.535420322e-13
124.25,2.923119543e-13,1.275313135e-13,1.210533736e-12,2.537056805e-13,5.555315015e-13,3.368511749e-13,1.238178543e-13,5.295258135e-14,1.060395569e-13,6.844293544e-14,6.718792215e-13,2.987797622e-13,2.449552949e-13,5.359009501e-13,1.151236672e-12,1.203880954e-12,8.071828423e-13,6.712112925e-13,3.613404994e-13,4.09332445e-13,1.081782606e-13,5.755418701e-14,8.681722464e-14,6.832181501e-14,2.067820763e-13,2.649433228e-13,6.319142195e-13,3.379080659e-13,7.050538864e-13,1.476987991e-13,6.252914495e-13,1.560838684e-13
124.2578125,2.912299651e-13,1.291180394e-13,1.207892498e-12,2.530428308e-13,5.532322521e-13,3.329235409e-13,1.245790297e-13,5.296698944e-14,1.063513709e-13,6.779623665e-14,6.678762588e-13,2.996232251e-13,2.461690823e-13,5.331037262e-13,1.154473125e-12,1.211748615e-12,8.058387977e-13,6.702188965e-13,3.612448911e-13,4.189206479e-13,1.074502379e-13,5.708849535e-14,8.726814226e-14,6.848656898e-14,2.073324139e-13,2.665176764e-13,6.361555939e-13,3.35329165e-13,7.07956992e-13,1.46063498e-13,6.253863764e-13,1.586487029e-13
124.265625,2.899815134e-13,1.305153357e-13,1.20527269e-12,2.523545456e-13,5.507848871e-13,3.289042889e-13,1.25364225e-13,5.297861846e-14,1.066391533e-13,6.724020562e-14,6.640529336e-13,3.004723207e-13,2.474164889e-13,5.302023202e-13,1.1576998e-12,1.219604572e-12,8.044176758e-13,6.69185881e-13,3.612347364e-13,4.28577137e-13,1.067511766e-13,5.662813682e-14,8.776275335e-14,6.861737369e-14,2.078920132e-13,2.682051166e-13,6.404883646e-13,3.328247741e-13,7.110720139e-13,1.44450874e-13,6.25441184e-13,1.612144966e-13
124.2734375,2.884027984e-13,1.318325327e-13,1.202488189e-12,2.51880012e-13,5.48016082e-13,3.247178842e-13,1.261594578e-13,5.299136493e-14,1.068989417e-13,6.673076209e-14,6.602465888e-13,3.012173926e-13,2.486417889e-13,5.269260904e-13,1.160898371e-12,1.227557054e-12,8.030121632e-13,6.679965927e-13,3.611550114e-13,4.383796142e-13,1.060374387e-13,5.61384738e-14,8.829596394e-14,6.880440843e-14,2.084574833e-13,2.698477091e-13,6.448158388e-13,3.302118643e-13,7.140905336e-13,1.428396877e-13,6.254456001e-13,1.637206035e-13
124.28125,2.868803652e-13,1.333545815e-13,1.199211408e-12,2.514364431e-13,5.451250847e-13,3.203170971e-13,1.269049597e-13,5.300746124e-14,1.071366427e-13,6.618905341e-14,6.56152305e-13,3.018753677e-13,2.497978829e-13,5.233659305e-13,1.163576415e-12,1.234991362e-12,8.012485924e-13,6.665997948e-13,3.608861732e-13,4.482550223e-13,1.052768349e-13,5.560958606e-14,8.881673995e-14,6.901266969e-14,2.089387287e-13,2.713963777e-13,6.489548379e-13,3.275220745e-13,7.16782065e-13,1.412234085e-13,6.254240616e-13,1.661860369e-13
124.2890625,2.855130541e-13,1.34962085e-13,1.19574855e-12,2.509672223e-13,5.421684302e-13,3.158166705e-13,1.276095701e-13,5.308826287e-14,1.074136501e-13,6.564983958e-14,6.520282334e-13,3.026209457e-13,2.50944683e-13,5.197473983e-13,1.165862025e-12,1.241925647e-12,7.991498265e-13,6.651083334e-13,3.60536686e-13,4.579359145e-13,1.04570823e-13,5.507034718e-14,8.930111355e-14,6.928504314e-14,2.093049579e-13,2.729165884e-13,6.528606746e-13,3.250174994e-13,7.192769169e-13,1.396276412e-13,6.253951192e-13,1.686286511e-13
124.296875,2.840558312e-13,1.364021413e-13,1.192366443e-12,2.50580137e-13,5.391010632e-13,3.113776772e-13,1.283478056e-13,5.324869545e-14,1.077649407e-13,6.513760469e-14,6.480863748e-13,3.035090169e-13,2.521808392e-13,5.161971478e-13,1.168350634e-12,1.24894436e-12,7.971797473e-13,6.636466291e-13,3.602468139e-13,4.673874143e-13,1.039656612e-13,5.456781985e-14,8.978313187e-14,6.967619972e-14,2.096727828e-13,2.743710074e-13,6.566743927e-13,3.226440426e-13,7.217395234e-13,1.380041821e-13,6.254770467e-13,1.710366881e-13
124.3046875,2.824945419e-13,1.377638659e-13,1.188724335e-12,2.501334792e-13,5.359839592e-13,3.069274237e-13,1.291288792e-13,5.34104113e-14,1.081104698e-13,6.46443496e-14,6.440178983e-13,3.043112665e-13,2.533801359e-13,5.125720443e-13,1.17087624e-12,1.255950611e-12,7.950837036e-13,6.620747611e-13,3.599116737e-13,4.768311091e-13,1.033254047e-13,5.408920281e-14,9.028218821e-14,7.003470297e-14,2.100790255e-13,2.757506443e-13,6.604269802e-13,3.201314331e-13,7.241977623e-13,1.363272638e-13,6.255602014e-13,1.734567273e-13
124.3125,2.808838741e-13,1.39101076e-13,1.184607896e-12,2.496427524e-13,5.326765725e-13,3.023238738e-13,1.29909416e-13,5.354620134e-14,1.083496613e-13,6.417881166e-14,6.397593273e-13,3.0480228e-13,2.543552124e-13,5.084927982e-13,1.172947375e-12,1.262623494e-12,7.92379101e-13,6.601168547e-13,3.593323379e-13,4.864466746e-13,1.025875908e-13,5.3562429e-14,9.07805879e-14,7.025716203e-14,2.104040933e-13,2.771183272e-13,6.639518422e-13,3.174727439e-13,7.265675051e-13,1.346486101e-13,6.252797328e-13,1.759137753e-13
124.3203125,2.792931037e-13,1.403406991e-13,1.18025004e-12,2.49328288e-13,5.291646319e-13,2.976874792e-13,1.306805931e-13,5.368010777e-14,1.085247173e-13,6.372346632e-14,6.354786185e-13,3.051488459e-13,2.552671877e-13,5.041112874e-13,1.174667614e-12,1.268989233e-12,7.894027086e-13,6.578740437e-13,3.585928354e-13,4.961357987e-13,1.018809056e-13,5.300034355e-14,9.130810897e-14,7.048034532e-14,2.1063139e-13,2.784338832e-13,6.67241717e-13,3.148882398e-13,7.287253543e-13,1.329612896e-13,6.247841109e-13,1.783261987e-13
124.328125,2.780032697e-13,1.416468055e-13,1.175832774e-12,2.490723644e-13,5.258953452e-13,2.931722826e-13,1.314599699e-13,5.380565477e-14,1.08787362e-13,6.327275744e-14,6.310797924e-13,3.057499772e-13,2.56404788e-13,5.001513978e-13,1.1763276e-12,1.275115275e-12,7.866813544e-13,6.558550005e-13,3.580021545e-13,5.056471625e-13,1.012840197e-13,5.250283301e-14,9.192611787e-14,7.082229318e-14,2.108845386e-13,2.796734372e-13,6.705870647e-13,3.125424403e-13,7.308203334e-13,1.312439574e-13,6.246624837e-13,1.806465246e-13
124.3359375,2.77037367e-13,1.431385922e-13,1.171535447e-12,2.488048463e-13,5.229905546e-13,2.887749204e-13,1.322612091e-13,5.395398912e-14,1.091735876e-13,6.288366575e-14,6.267591568e-13,3.06656353e-13,2.577214154e-13,4.966785833e-13,1.178039904e-12,1.281216016e-12,7.842402082e-13,6.542378254e-13,3.576452882e-13,5.149932819e-13,1.007562434e-13,5.208334941e-14,9.258673793e-14,7.123035289e-14,2.111691213e-13,2.809064028e-13,6.740797782e-13,3.104558267e-13,7.330529389e-13,1.295766031e-13,6.248816886e-13,1.82933319e-13
124.34375,2.759494265e-13,1.445791733e-13,1.167505507e-12,2.487256931e-13,5.199276193e-13,2.84464349e-13,1.330673251e-13,5.416149417e-14,1.095302339e-13,6.257223423e-14,6.228130148e-13,3.075121523e-13,2.589866365e-13,4.929886993e-13,1.179788566e-12,1.287357761e-12,7.817657726e-13,6.525807128e-13,3.572821725e-13,5.243096923e-13,1.002593686e-13,5.165537974e-14,9.318125686e-14,7.160802303e-14,2.113752253e-13,2.820953148e-13,6.773191803e-13,3.084162641e-13,7.351338675e-13,1.279903384e-13,6.248718413e-13,1.852193751e-13
124.3515625,2.745043523e-13,1.45784396e-13,1.163336031e-12,2.487036222e-13,5.163650334e-13,2.800886483e-13,1.338513317e-13,5.438278029e-14,1.097388517e-13,6.22839165e-14,6.188075389e-13,3.081001991e-13,2.601250542e-13,4.887887517e-13,1.181335786e-12,1.293132766e-12,7.789074102e-13,6.505733319e-13,3.56715146e-13,5.334626669e-13,9.973893934e-14,5.116891621e-14,9.372699645e-14,7.194522305e-14,2.115110127e-13,2.831777587e-13,6.800456724e-13,3.061188403e-13,7.368253161e-13,1.263892968e-13,6.245228694e-13,1.874600158e-13
124.359375,2.729822675e-13,1.468293842e-13,1.158460169e-12,2.485535912e-13,5.125072246e-13,2.754934742e-13,1.346447855e-13,5.460541596e-14,1.098793458e-13,6.199672812e-14,6.143957674e-13,3.08508265e-13,2.611815438e-13,4.843733666e-13,1.182523812e-12,1.298390496e-12,7.756490702e-13,6.483891616e-13,3.559547064e-13,5.423609278e-13,9.915298905e-14,5.064336946e-14,9.430183828e-14,7.231600617e-14,2.116560521e-13,2.842279072e-13,6.82561728e-13,3.036552198e-13,7.383629096e-13,1.247334113e-13,6.240830615e-13,1.896247573e-13
124.3671875,2.716637011e-13,1.478104253e-13,1.153045768e-12,2.484819852e-13,5.086442923e-13,2.708697425e-13,1.354739317e-13,5.487412539e-14,1.100771071e-13,6.17296679e-14,6.099341123e-13,3.088573589e-13,2.622397866e-13,4.799921442e-13,1.183498566e-12,1.303323233e-12,7.722114416e-13,6.46147651e-13,3.550679741e-13,5.511535002e-13,9.856258428e-14,5.011638159e-14,9.488434075e-14,7.276148867e-14,2.117709506e-13,2.852763674e-13,6.850895668e-13,3.014188704e-13,7.397364577e-13,1.23080773e-13,6.235848596e-13,1.917415148e-13
124.375,2.704617814e-13,1.488625437e-13,1.147762009e-12,2.485467429e-13,5.048420936e-13,2.664418967e-13,1.362791005e-13,5.516847221e-14,1.103270427e-13,6.149870176e-14,6.056067387e-13,3.092603812e-13,2.63424755e-13,4.757579357e-13,1.18435059e-12,1.307883706e-12,7.686479357e-13,6.438443676e-13,3.541680709e-13,5.598275147e-13,9.802571103e-14,4.961874916e-14,9.543378721e-14,7.326255055e-14,2.11792465e-13,2.862611422e-13,6.87438193e-13,2.994669688e-13,7.408461615e-13,1.214680223e-13,6.230999996e-13,1.938322079e-13
124.3828125,2.692334628e-13,1.50112347e-13,1.142769625e-12,2.486109846e-13,5.01118461e-13,2.620961571e-13,1.370121048e-13,5.545723922e-14,1.105668499e-13,6.130959013e-14,6.013731473e-13,3.097685322e-13,2.647432564e-13,4.717009322e-13,1.184989802e-12,1.311988129e-12,7.649892736e-13,6.416128522e-13,3.533964846e-13,5.682181615e-13,9.751587249e-14,4.916336643e-14,9.597182352e-14,7.380269288e-14,2.117612586e-13,2.87160352e-13,6.895173583e-13,2.975848459e-13,7.420334553e-13,1.198868136e-13,6.227793026e-13,1.958493583e-13
124.390625,2.680756217e-13,1.513605098e-13,1.137472921e-12,2.486841222e-13,4.975236083e-13,2.577150444e-13,1.376934907e-13,5.575300574e-14,1.107829225e-13,6.114475271e-14,5.973294348e-13,3.101935982e-13,2.660125151e-13,4.676382998e-13,1.185261657e-12,1.315537872e-12,7.612617344e-13,6.393745203e-13,3.527083907e-13,5.762938939e-13,9.699651277e-14,4.873245842e-14,9.650860489e-14,7.433649775e-14,2.116953867e-13,2.879295573e-13,6.91433366e-13,2.957067319e-13,7.432223828e-13,1.183000577e-13,6.223657296e-13,1.977284255e-13
124.3984375,2.669711801e-13,1.523293671e-13,1.131543252e-12,2.486722788e-13,4.93849129e-13,2.533505597e-13,1.383511472e-13,5.604656555e-14,1.109654255e-13,6.101000663e-14,5.933303997e-13,3.103823316e-13,2.671349015e-13,4.633335839e-13,1.184994946e-12,1.318261155e-12,7.572397901e-13,6.367556617e-13,3.519341328e-13,5.840940387e-13,9.644563048e-14,4.829197031e-14,9.703080494e-14,7.482894604e-14,2.115349484e-13,2.885388335e-13,6.931449964e-13,2.93832584e-13,7.439131401e-13,1.166860741e-13,6.215288311e-13,1.994886513e-13
124.40625,2.657044827e-13,1.531574877e-13,1.125451679e-12,2.485847722e-13,4.89820186e-13,2.489987796e-13,1.389961571e-13,5.635103554e-14,1.111134397e-13,6.094729152e-14,5.892233693e-13,3.105033035e-13,2.682417951e-13,4.588173944e-13,1.184267121e-12,1.320261074e-12,7.527944288e-13,6.337056448e-13,3.51059026e-13,5.916497906e-13,9.589490462e-14,4.783748132e-14,9.753110433e-14,7.535577746e-14,2.112673431e-13,2.890886839e-13,6.945078631e-13,2.9200395e-13,7.442587487e-13,1.150937465e-13,6.204698179e-13,2.011995821e-13
124.4140625,2.643540289e-13,1.541133828e-13,1.119351564e-12,2.487451423e-13,4.855937127e-13,2.446579544e-13,1.396152369e-13,5.670221726e-14,1.112774975e-13,6.091670115e-14,5.851079068e-13,3.106998984e-13,2.69435154e-13,4.543050636e-13,1.183389019e-12,1.321980185e-12,7.48171264e-13,6.305780531e-13,3.501470547e-13,5.988914719e-13,9.542807775e-14,4.738854201e-14,9.79867276e-14,7.596972021e-14,2.109364979e-13,2.895947419e-13,6.955199574e-13,2.903146314e-13,7.444303844e-13,1.135414833e-13,6.195015699e-13,2.02840331e-13
124.421875,2.63083629e-13,1.552124622e-13,1.112743332e-12,2.490567318e-13,4.813597023e-13,2.403862694e-13,1.402005746e-13,5.705623974e-14,1.114359366e-13,6.085718182e-14,5.808980357e-13,3.108673068e-13,2.70674728e-13,4.498281962e-13,1.182390169e-12,1.323451505e-12,7.435229077e-13,6.275060442e-13,3.491720756e-13,6.0569713e-13,9.501843251e-14,4.693393325e-14,9.837874378e-14,7.658872846e-14,2.105528923e-13,2.899237076e-13,6.963569179e-13,2.886567138e-13,7.441131969e-13,1.119586896e-13,6.185708313e-13,2.043141013e-13
124.4296875,2.618007393e-13,1.563457799e-13,1.105678122e-12,2.4911288e-13,4.770448395e-13,2.36158311e-13,1.407920273e-13,5.738343816e-14,1.114951616e-13,6.08609377e-14,5.765931116e-13,3.109292132e-13,2.719469825e-13,4.452924871e-13,1.181048757e-12,1.324403891e-12,7.386162022e-13,6.242352581e-13,3.48139083e-13,6.122534126e-13,9.456950056e-14,4.646863418e-14,9.872455527e-14,7.715859671e-14,2.101003842e-13,2.901158751e-13,6.970704428e-13,2.86965408e-13,7.435802667e-13,1.103454296e-13,6.175371734e-13,2.056456342e-13
124.4375,2.606087969e-13,1.573171204e-13,1.098615519e-12,2.491168701e-13,4.72850902e-13,2.319937136e-13,1.41411106e-13,5.775740096e-14,1.115232447e-13,6.101760061e-14,5.724268686e-13,3.109245712e-13,2.732477058e-13,4.408220768e-13,1.179441818e-12,1.324866066e-12,7.333410292e-13,6.206714725e-13,3.471186092e-13,6.186904482e-13,9.412544975e-14,4.603931022e-14,9.906263809e-14,7.773887644e-14,2.095980687e-13,2.903101233e-13,6.973863833e-13,2.854916883e-13,7.431884039e-13,1.087902166e-13,6.16399013e-13,2.069698207e-13
124.4453125,2.595889179e-13,1.580357638e-13,1.091461167e-12,2.494206901e-13,4.689267383e-13,2.280037182e-13,1.420312344e-13,5.819660308e-14,1.116492405e-13,6.125474578e-14,5.682328027e-13,3.109136334e-13,2.745257878e-13,4.365323995e-13,1.177773148e-12,1.325060924e-12,7.280840431e-13,6.170967797e-13,3.461167648e-13,6.245327557e-13,9.376238975e-14,4.56512217e-14,9.94092643e-14,7.840164598e-14,2.090802788e-13,2.904085861e-13,6.972101257e-13,2.842870175e-13,7.423907896e-13,1.073012615e-13,6.152756748e-13,2.082678588e-13
124.453125,2.583529373e-13,1.587985558e-13,1.084109299e-12,2.498204615e-13,4.648122067e-13,2.240996909e-13,1.426230514e-13,5.862123802e-14,1.117695134e-13,6.152415181e-14,5.638474092e-13,3.109638286e-13,2.758032828e-13,4.321837069e-13,1.175834908e-12,1.324912009e-12,7.230358904e-13,6.135977375e-13,3.450915685e-13,6.296551624e-13,9.34224475e-14,4.524568473e-14,9.971638434e-14,7.915415963e-14,2.085096035e-13,2.903067295e-13,6.968981453e-13,2.830955147e-13,7.410621282e-13,1.058222564e-13,6.14319637e-13,2.094038801e-13
124.4609375,2.568981719e-13,1.597651123e-13,1.076800935e-12,2.501271029e-13,4.6032984e-13,2.201189032e-13,1.431386202e-13,5.900410351e-14,1.117558197e-13,6.184788198e-14,5.596279189e-13,3.110170599e-13,2.77096979e-13,4.275849953e-13,1.173379926e-12,1.324159151e-12,7.177444108e-13,6.098892283e-13,3.440150371e-13,6.347739961e-13,9.304975645e-14,4.481900783e-14,9.994168444e-14,7.990857004e-14,2.078159804e-13,2.901510714e-13,6.965879968e-13,2.818707256e-13,7.398677597e-13,1.043414316e-13,6.134199646e-13,2.104044581e-13
124.46875,2.556835181e-13,1.606699643e-13,1.069446382e-12,2.504448246e-13,4.559246662e-13,2.161263592e-13,1.43554798e-13,5.93784906e-14,1.117063892e-13,6.21964872e-14,5.556777282e-13,3.109357834e-13,2.783341454e-13,4.229294975e-13,1.170588533e-12,1.322784552e-12,7.119612026e-13,6.058982929e-13,3.428967561e-13,6.399382871e-13,9.267424816e-14,4.441060894e-14,1.001355258e-13,8.057368772e-14,2.070248795e-13,2.900123631e-13,6.960352472e-13,2.807037359e-13,7.38689834e-13,1.028799488e-13,6.123136066e-13,2.113544216e-13
124.4765625,2.54561562e-13,1.614765701e-13,1.061835639e-12,2.507248562e-13,4.516818953e-13,2.121560073e-13,1.439201954e-13,5.975861238e-14,1.116849404e-13,6.258912658e-14,5.517311331e-13,3.107795063e-13,2.795781538e-13,4.184023596e-13,1.167572554e-12,1.320812231e-12,7.059221374e-13,6.017852058e-13,3.418185849e-13,6.443780898e-13,9.232183163e-14,4.401804968e-14,1.003244768e-13,8.120750211e-14,2.061907249e-13,2.897633859e-13,6.952098199e-13,2.796321389e-13,7.369764784e-13,1.014722168e-13,6.110993606e-13,2.12191094e-13
124.484375,2.532902329e-13,1.623185164e-13,1.054178683e-12,2.508633511e-13,4.473818833e-13,2.081683519e-13,1.442593528e-13,6.014936662e-14,1.116044938e-13,6.309399734e-14,5.477921107e-13,3.106630019e-13,2.809615408e-13,4.139544068e-13,1.164206372e-12,1.318170991e-12,6.997326389e-13,5.975792171e-13,3.408261903e-13,6.481232135e-13,9.198558606e-14,4.363713768e-14,1.004452389e-13,8.190780812e-14,2.052867976e-13,2.893839418e-13,6.942246516e-13,2.787796217e-13,7.349274509e-13,1.001406824e-13,6.100126376e-13,2.128804801e-13
124.4921875,2.522236847e-13,1.630285429e-13,1.046680078e-12,2.510136177e-13,4.431295316e-13,2.043755022e-13,1.445672604e-13,6.054402947e-14,1.114593735e-13,6.367402995e-14,5.439168405e-13,3.105038835e-13,2.823726724e-13,4.095384677e-13,1.160591456e-12,1.315027758e-12,6.935413879e-13,5.933642073e-13,3.398360329e-13,6.5164183e-13,9.164474953e-14,4.327825338e-14,1.005037087e-13,8.26212146e-14,2.042993207e-13,2.889455191e-13,6.929892929e-13,2.781820903e-13,7.327229264e-13,9.88624271e-14,6.088981353e-13,2.134934574e-13
124.5,2.513441821e-13,1.635953263e-13,1.039186348e-12,2.513830479e-13,4.389564754e-13,2.008827856e-13,1.448605958e-13,6.091577531e-14,1.11304419e-13,6.43085655e-14,5.400419367e-13,3.102490459e-13,2.836649576e-13,4.051507471e-13,1.156800126e-12,1.311517628e-12,6.875477205e-13,5.891797033e-13,3.387874796e-13,6.54721929e-13,9.129635345e-14,4.292307118e-14,1.005753643e-13,8.329315032e-14,2.032531575e-13,2.884415266e-13,6.914070291e-13,2.777137727e-13,7.300417004e-13,9.763286249e-14,6.07532816e-13,2.140360758e-13
124.5078125,2.502399833e-13,1.642247127e-13,1.03145084e-12,2.518984779e-13,4.346473771e-13,1.973849722e-13,1.451051157e-13,6.127135092e-14,1.111298671e-13,6.506340174e-14,5.362142994e-13,3.099790863e-13,2.849316241e-13,4.00728256e-13,1.152619628e-12,1.307442011e-12,6.81440321e-13,5.847271159e-13,3.377088459e-13,6.57210524e-13,9.095633087e-14,4.255949277e-14,1.006407863e-13,8.402512689e-14,2.021213077e-13,2.878501318e-13,6.894671442e-13,2.773379427e-13,7.268805223e-13,9.646996222e-14,6.060258986e-13,2.144760604e-13
124.515625,2.49123244e-13,1.647913973e-13,1.023407535e-12,2.522959652e-13,4.303212904e-13,1.93787323e-13,1.452615853e-13,6.164204173e-14,1.109608942e-13,6.590364162e-14,5.323864451e-13,3.096994646e-13,2.862898962e-13,3.963157219e-13,1.147989698e-12,1.30263556e-12,6.749248851e-13,5.799340356e-13,3.366197504e-13,6.592112344e-13,9.060448374e-14,4.221288772e-14,1.006273542e-13,8.485355941e-14,2.008826598e-13,2.870958619e-13,6.871278209e-13,2.770870966e-13,7.234876211e-13,9.532525327e-14,6.045414568e-13,2.147857545e-13
124.5234375,2.483653056e-13,1.651934973e-13,1.015172796e-12,2.525937507e-13,4.263750969e-13,1.903733627e-13,1.453728843e-13,6.201989101e-14,1.108584091e-13,6.67529675e-14,5.284219968e-13,3.093901689e-13,2.877425691e-13,3.921471999e-13,1.142941969e-12,1.296992338e-12,6.681411245e-13,5.751210598e-13,3.355562778e-13,6.605004004e-13,9.024237482e-14,4.191361486e-14,1.005236595e-13,8.564697034e-14,1.995549937e-13,2.860686982e-13,6.843612182e-13,2.769901172e-13,7.197897459e-13,9.414502783e-14,6.0306908e-13,2.149027108e-13
124.53125,2.477169871e-13,1.656685107e-13,1.006783215e-12,2.530553713e-13,4.227309757e-13,1.871757249e-13,1.45454006e-13,6.239214903e-14,1.107813635e-13,6.764008849e-14,5.24343007e-13,3.090556057e-13,2.892196943e-13,3.882118571e-13,1.137449404e-12,1.290569114e-12,6.610162663e-13,5.702111448e-13,3.345159626e-13,6.613290828e-13,8.993164758e-14,4.165619045e-14,1.003484427e-13,8.636285967e-14,1.981208239e-13,2.848770266e-13,6.812002532e-13,2.769978671e-13,7.156976462e-13,9.295764927e-14,6.015090362e-13,2.148646758e-13
124.5390625,2.46803448e-13,1.662961232e-13,9.98136731e-13,2.535665177e-13,4.187880282e-13,1.839567706e-13,1.454798226e-13,6.277971307e-14,1.106345214e-13,6.859451188e-14,5.201634446e-13,3.085949726e-13,2.905898094e-13,3.84100477e-13,1.131744425e-12,1.283867355e-12,6.534670984e-13,5.648993968e-13,3.333566727e-13,6.622800383e-13,8.964211446e-14,4.138191812e-14,1.001181133e-13,8.707703034e-14,1.965867139e-13,2.837112579e-13,6.777963511e-13,2.768942876e-13,7.113685212e-13,9.179932798e-14,5.997736852e-13,2.147765961e-13
124.546875,2.457147418e-13,1.669485065e-13,9.89263889e-13,2.538181494e-13,4.14425551e-13,1.806661876e-13,1.454789392e-13,6.318638177e-14,1.104222623e-13,6.963335969e-14,5.15887865e-13,3.079656508e-13,2.918782094e-13,3.797370541e-13,1.126015778e-12,1.277098223e-12,6.45855315e-13,5.594516931e-13,3.320472096e-13,6.628443378e-13,8.927890004e-14,4.106397702e-14,9.98601913e-14,8.779211985e-14,1.950257927e-13,2.824997458e-13,6.742958093e-13,2.767074283e-13,7.068499915e-13,9.068145672e-14,5.979307758e-13,2.145891769e-13
124.5546875,2.447745957e-13,1.675787521e-13,9.802922384e-13,2.539686337e-13,4.102384457e-13,1.774381344e-13,1.454685955e-13,6.360784181e-14,1.102310038e-13,7.079718087e-14,5.116206663e-13,3.073070832e-13,2.932761617e-13,3.755568861e-13,1.120139298e-12,1.26997374e-12,6.383858791e-13,5.542465571e-13,3.307751932e-13,6.624150192e-13,8.886634912e-14,4.076975243e-14,9.959301607e-14,8.851465412e-14,1.934650551e-13,2.811019857e-13,6.705299276e-13,2.767598766e-13,7.020038864e-13,8.96173364e-14,5.961661005e-13,2.142310596e-13
124.5625,2.439384814e-13,1.682299719e-13,9.712454143e-13,2.542915766e-13,4.063373975e-13,1.743445033e-13,1.454255944e-13,6.406842811e-14,1.100695169e-13,7.205314308e-14,5.073520557e-13,3.066754514e-13,2.947673074e-13,3.715748517e-13,1.11408325e-12,1.262547824e-12,6.308935131e-13,5.49021046e-13,3.29578765e-13,6.61560299e-13,8.845503125e-14,4.052362233e-14,9.92876097e-14,8.928706378e-14,1.918536374e-13,2.79570628e-13,6.662916232e-13,2.770004582e-13,6.968268276e-13,8.858327688e-14,5.945010129e-13,2.137541107e-13
124.5703125,2.429069724e-13,1.689801839e-13,9.621367588e-13,2.546941107e-13,4.022584342e-13,1.713545906e-13,1.453386352e-13,6.456161324e-14,1.098697927e-13,7.337271798e-14,5.030253336e-13,3.060062043e-13,2.962404913e-13,3.67401703e-13,1.107713576e-12,1.254766877e-12,6.231780278e-13,5.433163916e-13,3.283195907e-13,6.605210761e-13,8.803567193e-14,4.026543762e-14,9.889083399e-14,9.003532366e-14,1.901340496e-13,2.77963713e-13,6.617604431e-13,2.772046713e-13,6.913968311e-13,8.754712689e-14,5.927947811e-13,2.131554715e-13
124.578125,2.417913913e-13,1.696683135e-13,9.52976674e-13,2.550453586e-13,3.981156083e-13,1.684461599e-13,1.451948832e-13,6.505559544e-14,1.096484961e-13,7.479999407e-14,4.986967816e-13,3.052946824e-13,2.977962295e-13,3.631569132e-13,1.100705547e-12,1.246127178e-12,6.151429148e-13,5.371956211e-13,3.270032176e-13,6.587321214e-13,8.766380406e-14,4.000556256e-14,9.842994827e-14,9.073659238e-14,1.883105171e-13,2.76237013e-13,6.571341436e-13,2.77500837e-13,6.856210261e-13,8.652890128e-14,5.90988294e-13,2.124069018e-13
124.5859375,2.407684103e-13,1.700622028e-13,9.436875464e-13,2.553213177e-13,3.941700436e-13,1.655833968e-13,1.44999652e-13,6.55728368e-14,1.094521218e-13,7.629288104e-14,4.943731757e-13,3.045203353e-13,2.994434671e-13,3.591097491e-13,1.093297341e-12,1.236846446e-12,6.070923106e-13,5.310867109e-13,3.25697167e-13,6.563578654e-13,8.737493245e-14,3.978014134e-14,9.799477141e-14,9.153080179e-14,1.864706314e-13,2.744254915e-13,6.523908283e-13,2.779115869e-13,6.795118888e-13,8.555517718e-14,5.890989952e-13,2.115922616e-13
124.59375,2.396149416e-13,1.705788796e-13,9.342854767e-13,2.555099411e-13,3.900900686e-13,1.626745618e-13,1.447564442e-13,6.613588185e-14,1.092213157e-13,7.779450106e-14,4.901028181e-13,3.036818162e-13,3.010255862e-13,3.550954405e-13,1.086025704e-12,1.227517962e-12,5.994015105e-13,5.25197109e-13,3.244210795e-13,6.539884415e-13,8.707975694e-14,3.953928581e-14,9.756081312e-14,9.238067742e-14,1.846598245e-13,2.726746954e-13,6.475704245e-13,2.783349025e-13,6.733897974e-13,8.464286102e-14,5.871489955e-13,2.107404908e-13
124.6015625,2.38434351e-13,1.716658329e-13,9.249558195e-13,2.557196189e-13,3.859216185e-13,1.598159224e-13,1.444179505e-13,6.671239853e-14,1.089448617e-13,7.939009517e-14,4.860306348e-13,3.029436056e-13,3.026431599e-13,3.511720429e-13,1.078754184e-12,1.217724847e-12,5.917494483e-13,5.193951549e-13,3.232810181e-13,6.513784278e-13,8.676169198e-14,3.928960374e-14,9.702301305e-14,9.309818564e-14,1.828056175e-13,2.710106079e-13,6.42577155e-13,2.79000294e-13,6.673281584e-13,8.38159787e-14,5.85256303e-13,2.097572448e-13
124.609375,2.375528811e-13,1.727889033e-13,9.157658072e-13,2.560095849e-13,3.821202278e-13,1.572298299e-13,1.439873035e-13,6.728035609e-14,1.087125496e-13,8.111399056e-14,4.820513713e-13,3.023659633e-13,3.044746959e-13,3.476161189e-13,1.070925191e-12,1.206730964e-12,5.836512218e-13,5.134675691e-13,3.222889158e-13,6.479158705e-13,8.649830423e-14,3.911298776e-14,9.639375575e-14,9.374284386e-14,1.808597613e-13,2.692434544e-13,6.370889576e-13,2.799418842e-13,6.609703975e-13,8.30482808e-14,5.835390185e-13,2.085817724e-13
124.6171875,2.366684927e-13,1.734595647e-13,9.06494623e-13,2.563075091e-13,3.784106666e-13,1.547893615e-13,1.435098837e-13,6.783335411e-14,1.084941857e-13,8.286802569e-14,4.779218852e-13,3.017224584e-13,3.063617055e-13,3.441210944e-13,1.062338566e-12,1.194618327e-12,5.751897284e-13,5.072232757e-13,3.212273332e-13,6.435900381e-13,8.625860183e-14,3.89768666e-14,9.573254875e-14,9.446268119e-14,1.788262313e-13,2.672359454e-13,6.311295626e-13,2.808103914e-13,6.541799369e-13,8.227192338e-14,5.818490234e-13,2.07225013e-13
124.625,2.355992766e-13,1.740895521e-13,8.968927309e-13,2.566187271e-13,3.744270051e-13,1.522457975e-13,1.429501427e-13,6.836934053e-14,1.082057892e-13,8.462412109e-14,4.736549683e-13,3.008552565e-13,3.080929562e-13,3.403129809e-13,1.053263246e-12,1.181893968e-12,5.665093282e-13,5.005955847e-13,3.200004256e-13,6.389423828e-13,8.597873353e-14,3.880421114e-14,9.499909575e-14,9.519087598e-14,1.766580386e-13,2.650519035e-13,6.249779622e-13,2.815894176e-13,6.471110523e-13,8.146387398e-14,5.798955999e-13,2.057501128e-13
124.6328125,2.347663908e-13,1.748766453e-13,8.870130758e-13,2.568521497e-13,3.705550763e-13,1.497178949e-13,1.423079455e-13,6.893613186e-14,1.079132662e-13,8.64418036e-14,4.693681378e-13,2.998486648e-13,3.097339319e-13,3.364634027e-13,1.043940097e-12,1.168765318e-12,5.575152833e-13,4.937234587e-13,3.187375312e-13,6.342203881e-13,8.568656005e-14,3.863554799e-14,9.416370148e-14,9.585597455e-14,1.743496333e-13,2.62720005e-13,6.185825369e-13,2.824835322e-13,6.397224341e-13,8.065420612e-14,5.776904305e-13,2.042234132e-13
124.640625,2.340726955e-13,1.754892494e-13,8.771097638e-13,2.56831426e-13,3.669813998e-13,1.473224778e-13,1.416692365e-13,6.956079043e-14,1.076684303e-13,8.835877266e-14,4.651166951e-13,2.987919497e-13,3.114460259e-13,3.328147505e-13,1.034210727e-12,1.155068569e-12,5.482430729e-13,4.86678765e-13,3.1750756e-13,6.290070182e-13,8.538869302e-14,3.851578194e-14,9.328481278e-14,9.651457367e-14,1.720055478e-13,2.602164012e-13,6.11807647e-13,2.834517881e-13,6.31972861e-13,7.988792773e-14,5.755372545e-13,2.026118168e-13
124.6484375,2.330574376e-13,1.759793256e-13,8.672765791e-13,2.567010134e-13,3.633696238e-13,1.449447254e-13,1.410274833e-13,7.018940541e-14,1.074032478e-13,9.036067646e-14,4.609661597e-13,2.977077377e-13,3.132659234e-13,3.292086121e-13,1.024101803e-12,1.140872345e-12,5.389127204e-13,4.794277346e-13,3.162903442e-13,6.231319989e-13,8.506619397e-14,3.840584976e-14,9.239264157e-14,9.718823123e-14,1.696814218e-13,2.576636585e-13,6.047756328e-13,2.844415611e-13,6.24076163e-13,7.918230089e-14,5.735448897e-13,2.008603148e-13
124.65625,2.319484516e-13,1.766318652e-13,8.574163436e-13,2.566354985e-13,3.596840852e-13,1.425988535e-13,1.403164913e-13,7.080942637e-14,1.071274901e-13,9.237931519e-14,4.568521487e-13,2.966446828e-13,3.151144986e-13,3.256482494e-13,1.014126576e-12,1.12665303e-12,5.29715972e-13,4.721516048e-13,3.150836791e-13,6.170275221e-13,8.476180084e-14,3.828589018e-14,9.145715192e-14,9.7857163e-14,1.67329435e-13,2.551637914e-13,5.976026707e-13,2.854731904e-13,6.160782548e-13,7.850367653e-14,5.715701693e-13,1.990098179e-13
124.6640625,2.310912027e-13,1.773825657e-13,8.475124897e-13,2.565407831e-13,3.561335302e-13,1.403649339e-13,1.39530341e-13,7.146554999e-14,1.069135566e-13,9.438773273e-14,4.525996526e-13,2.956445899e-13,3.169724116e-13,3.222992067e-13,1.004373659e-12,1.112467142e-12,5.206388674e-13,4.650163423e-13,3.138951641e-13,6.107606846e-13,8.449432719e-14,3.817635689e-14,9.047842468e-14,9.851412162e-14,1.649220849e-13,2.526507341e-13,5.903185624e-13,2.86520555e-13,6.077889896e-13,7.783048054e-14,5.696303676e-13,1.970979641e-13
124.671875,2.302892455e-13,1.780385564e-13,8.376695023e-13,2.564765684e-13,3.52695967e-13,1.38230514e-13,1.386853625e-13,7.21349136e-14,1.067147104e-13,9.644632438e-14,4.481916551e-13,2.946791782e-13,3.189404008e-13,3.190988981e-13,9.944475134e-13,1.097944451e-12,5.115206212e-13,4.57859489e-13,3.127516779e-13,6.039788269e-13,8.422906679e-14,3.807292029e-14,8.949323555e-14,9.911063571e-14,1.624938687e-13,2.500805001e-13,5.829310275e-13,2.876014825e-13,5.992339873e-13,7.718066584e-14,5.678599554e-13,1.950803528e-13
124.6796875,2.293263838e-13,1.785656404e-13,8.27860912e-13,2.565560439e-13,3.492313634e-13,1.362305117e-13,1.378330308e-13,7.278167183e-14,1.064487884e-13,9.858033395e-14,4.436900092e-13,2.936732942e-13,3.210069068e-13,3.15890234e-13,9.843022326e-13,1.083066485e-12,5.023081144e-13,4.505902433e-13,3.116353648e-13,5.966486336e-13,8.397560787e-14,3.796124432e-14,8.849088496e-14,9.959974212e-14,1.600707694e-13,2.474478717e-13,5.753271159e-13,2.887289052e-13,5.905745795e-13,7.655425874e-14,5.661537255e-13,1.929178379e-13
124.6875,2.28220263e-13,1.790634976e-13,8.178875777e-13,2.566006219e-13,3.456991962e-13,1.343357206e-13,1.37010841e-13,7.344977106e-14,1.061487841e-13,1.007752802e-13,4.390860191e-13,2.92594907e-13,3.230304487e-13,3.126495192e-13,9.739663426e-13,1.067907077e-12,4.929919416e-13,4.433427043e-13,3.104604423e-13,5.889264484e-13,8.374395839e-14,3.785660252e-14,8.741661549e-14,1.000500636e-13,1.576243631e-13,2.447061046e-13,5.674421032e-13,2.899062891e-13,5.817678795e-13,7.594375006e-14,5.643452734e-13,1.906561407e-13
124.6953125,2.270801395e-13,1.795890571e-13,8.076818189e-13,2.565347752e-13,3.422431491e-13,1.324509441e-13,1.361425506e-13,7.416624617e-14,1.058921219e-13,1.030302126e-13,4.34428771e-13,2.914860392e-13,3.250177639e-13,3.094473988e-13,9.632678171e-13,1.052404912e-12,4.835654442e-13,4.361158449e-13,3.092390886e-13,5.809536084e-13,8.348001478e-14,3.778228935e-14,8.627895054e-14,1.005800038e-13,1.551286073e-13,2.418652525e-13,5.593810487e-13,2.911642035e-13,5.727233466e-13,7.535162995e-14,5.624811171e-13,1.883763709e-13
124.703125,2.260861537e-13,1.800598157e-13,7.974107258e-13,2.564524736e-13,3.390133032e-13,1.306284852e-13,1.351883497e-13,7.489316784e-14,1.056859332e-13,1.052829034e-13,4.297618681e-13,2.903569229e-13,3.270471506e-13,3.063601511e-13,9.523585114e-13,1.036792334e-12,4.742646069e-13,4.288742848e-13,3.080381119e-13,5.72934198e-13,8.316620434e-14,3.772576023e-14,8.514220689e-14,1.011636938e-13,1.526158569e-13,2.389768864e-13,5.511988487e-13,2.924159357e-13,5.635308374e-13,7.475956403e-14,5.60581746e-13,1.860618439e-13
124.7109375,2.253038598e-13,1.805147835e-13,7.87242433e-13,2.562621563e-13,3.358790641e-13,1.289221394e-13,1.342109027e-13,7.560616308e-14,1.054844134e-13,1.074744604e-13,4.250059755e-13,2.891682277e-13,3.290697699e-13,3.033917142e-13,9.414753317e-13,1.021143762e-12,4.652733453e-13,4.217035149e-13,3.067983808e-13,5.648528285e-13,8.286670772e-14,3.765516818e-14,8.400938985e-14,1.016753348e-13,1.500961259e-13,2.360710677e-13,5.428928153e-13,2.936080282e-13,5.543510633e-13,7.417158239e-14,5.585730213e-13,1.836253365e-13
124.71875,2.245974927e-13,1.810899212e-13,7.772555505e-13,2.559400435e-13,3.327109582e-13,1.273144487e-13,1.332046545e-13,7.630635476e-14,1.052675292e-13,1.096640982e-13,4.202019349e-13,2.879449419e-13,3.310927553e-13,3.004960796e-13,9.305228661e-13,1.005013869e-12,4.562921372e-13,4.14476303e-13,3.0549308e-13,5.564824959e-13,8.263131209e-14,3.758388887e-14,8.283883926e-14,1.021232879e-13,1.475198819e-13,2.33179101e-13,5.344714566e-13,2.948321058e-13,5.452234054e-13,7.361482309e-14,5.565585817e-13,1.810834305e-13
124.7265625,2.238049197e-13,1.816229325e-13,7.674594161e-13,2.556504797e-13,3.296818628e-13,1.258350539e-13,1.321546403e-13,7.701520339e-14,1.050582031e-13,1.119050363e-13,4.155124017e-13,2.867247285e-13,3.332123676e-13,2.976696033e-13,9.194772616e-13,9.883201372e-13,4.469948352e-13,4.069280247e-13,3.042322948e-13,5.477416208e-13,8.243996478e-14,3.7555222e-14,8.162761221e-14,1.025824253e-13,1.449009064e-13,2.30263781e-13,5.258476158e-13,2.960257276e-13,5.360291634e-13,7.305886535e-14,5.546600114e-13,1.785146393e-13
124.734375,2.228735015e-13,1.819560726e-13,7.577461966e-13,2.553660102e-13,3.268507312e-13,1.244068734e-13,1.311375474e-13,7.778240684e-14,1.048639832e-13,1.14192785e-13,4.108656397e-13,2.854577982e-13,3.35356125e-13,2.949009844e-13,9.084592899e-13,9.715703193e-13,4.375422615e-13,3.99162643e-13,3.030112601e-13,5.38750467e-13,8.223789193e-14,3.755879672e-14,8.038982225e-14,1.030068002e-13,1.423166523e-13,2.272894168e-13,5.169744199e-13,2.971280544e-13,5.267147107e-13,7.248532244e-14,5.527418565e-13,1.75918987e-13
124.7421875,2.21935393e-13,1.823187011e-13,7.480099765e-13,2.549084325e-13,3.240151981e-13,1.229196334e-13,1.301557652e-13,7.861708001e-14,1.046650077e-13,1.165515748e-13,4.060935083e-13,2.841260665e-13,3.373824705e-13,2.921465502e-13,8.973859458e-13,9.549376638e-13,4.282408293e-13,3.915163295e-13,3.017193136e-13,5.296896809e-13,8.201584526e-14,3.754556372e-14,7.914018558e-14,1.03374182e-13,1.397687902e-13,2.243648572e-13,5.079362516e-13,2.983361967e-13,5.173959531e-13,7.19580026e-14,5.506815572e-13,1.73289018e-13
124.75,2.21159362e-13,1.827997285e-13,7.382617878e-13,2.54296277e-13,3.212289978e-13,1.214900923e-13,1.291275901e-13,7.948971324e-14,1.04488458e-13,1.189573783e-13,4.01273803e-13,2.828214376e-13,3.393800506e-13,2.89465749e-13,8.861020872e-13,9.381118446e-13,4.190898856e-13,3.840605791e-13,3.004258323e-13,5.205082837e-13,8.184697504e-14,3.752241179e-14,7.78996051e-14,1.037633993e-13,1.372169283e-13,2.215190579e-13,4.987625896e-13,2.997062506e-13,5.080331581e-13,7.148793829e-14,5.486046871e-13,1.706586937e-13
124.7578125,2.205163639e-13,1.831976542e-13,7.285632469e-13,2.537690204e-13,3.187831684e-13,1.202231541e-13,1.280521945e-13,8.04019693e-14,1.043983262e-13,1.213350876e-13,3.965233809e-13,2.816062012e-13,3.415442788e-13,2.869724117e-13,8.74690935e-13,9.210319716e-13,4.099102758e-13,3.766753322e-13,2.992719979e-13,5.109588708e-13,8.177848117e-14,3.754628567e-14,7.665048868e-14,1.041597583e-13,1.346846561e-13,2.186068311e-13,4.895167265e-13,3.011193297e-13,4.984549098e-13,7.100723332e-14,5.466699625e-13,1.680281998e-13
124.765625,2.199281379e-13,1.836260555e-13,7.19025252e-13,2.534285022e-13,3.166137366e-13,1.190346462e-13,1.269644659e-13,8.131894819e-14,1.043729626e-13,1.237064e-13,3.918330443e-13,2.804213606e-13,3.438420111e-13,2.846193996e-13,8.633807442e-13,9.039283492e-13,4.006489816e-13,3.6933871e-13,2.981922533e-13,5.011307707e-13,8.174128339e-14,3.762527569e-14,7.536630433e-14,1.044706103e-13,1.321898352e-13,2.156430664e-13,4.803443304e-13,3.026350508e-13,4.888308917e-13,7.052142025e-14,5.448837605e-13,1.653847006e-13
124.7734375,2.194102497e-13,1.843064333e-13,7.096732505e-13,2.529626487e-13,3.143556103e-13,1.17873134e-13,1.258622267e-13,8.21814942e-14,1.043162232e-13,1.261003516e-13,3.872415952e-13,2.791644519e-13,3.460618364e-13,2.822738403e-13,8.521631821e-13,8.868214971e-13,3.91399194e-13,3.620509668e-13,2.970580298e-13,4.913113748e-13,8.165954218e-14,3.770361532e-14,7.407573771e-14,1.046926566e-13,1.296892301e-13,2.127722966e-13,4.711960922e-13,3.042315537e-13,4.794200017e-13,7.009101778e-14,5.431449153e-13,1.627396892e-13
124.78125,2.189274922e-13,1.849723692e-13,7.00307035e-13,2.521642757e-13,3.119464639e-13,1.167532399e-13,1.247661003e-13,8.305672533e-14,1.042131889e-13,1.28452395e-13,3.827559897e-13,2.778126952e-13,3.481645101e-13,2.799465962e-13,8.408682101e-13,8.697273176e-13,3.823297077e-13,3.547699857e-13,2.958918941e-13,4.815024305e-13,8.15583192e-14,3.775621341e-14,7.27969569e-14,1.049063205e-13,1.271801384e-13,2.099419619e-13,4.619915318e-13,3.057210994e-13,4.700716397e-13,6.971119549e-14,5.413790856e-13,1.600971211e-13
124.7890625,2.184284331e-13,1.853142432e-13,6.908670422e-13,2.513840906e-13,3.096367899e-13,1.156904214e-13,1.237052529e-13,8.40076058e-14,1.041406514e-13,1.307783175e-13,3.782653961e-13,2.764321293e-13,3.502801153e-13,2.77698812e-13,8.29597102e-13,8.528151103e-13,3.735473644e-13,3.475200958e-13,2.947128606e-13,4.716756938e-13,8.149476513e-14,3.782031867e-14,7.149158148e-14,1.051881231e-13,1.247158281e-13,2.070378386e-13,4.52874059e-13,3.07160651e-13,4.606348812e-13,6.934020242e-14,5.395932882e-13,1.574492642e-13
124.796875,2.179587724e-13,1.855622367e-13,6.815584983e-13,2.508551969e-13,3.074982513e-13,1.147363671e-13,1.226637552e-13,8.494172513e-14,1.041392339e-13,1.331796992e-13,3.737285534e-13,2.750596496e-13,3.523986024e-13,2.754790071e-13,8.1842249e-13,8.358118932e-13,3.648256969e-13,3.403041929e-13,2.934509227e-13,4.618323542e-13,8.147905493e-14,3.791759953e-14,7.014327429e-14,1.055017465e-13,1.22285331e-13,2.041029246e-13,4.438180108e-13,3.087218554e-13,4.512200997e-13,6.896035155e-14,5.377732653e-13,1.547796992e-13
124.8046875,2.175864388e-13,1.860586393e-13,6.723777194e-13,2.503725361e-13,3.054604515e-13,1.139434878e-13,1.216130481e-13,8.584465031e-14,1.041875654e-13,1.356264968e-13,3.691606623e-13,2.736874831e-13,3.544683279e-13,2.733063492e-13,8.071411951e-13,8.184135638e-13,3.559306049e-13,3.330931435e-13,2.921760577e-13,4.518372434e-13,8.148592825e-14,3.803286764e-14,6.878385866e-14,1.05734116e-13,1.198367285e-13,2.011821846e-13,4.345702185e-13,3.103817381e-13,4.41811199e-13,6.857064522e-14,5.359437509e-13,1.520809715e-13
124.8125,2.173142179e-13,1.867332985e-13,6.631438086e-13,2.498524901e-13,3.036170243e-13,1.133173373e-13,1.205505615e-13,8.681385924e-14,1.042473017e-13,1.379938229e-13,3.645473833e-13,2.723320648e-13,3.566084685e-13,2.713318046e-13,7.95907027e-13,8.012118965e-13,3.471918808e-13,3.260335781e-13,2.91060939e-13,4.418155613e-13,8.149086765e-14,3.816565923e-14,6.74471606e-14,1.059089407e-13,1.174070564e-13,1.982437863e-13,4.252117932e-13,3.120260592e-13,4.324381126e-13,6.817699311e-14,5.342604648e-13,1.49377349e-13
124.8203125,2.169969071e-13,1.873633149e-13,6.538536169e-13,2.492061267e-13,3.019497447e-13,1.127343983e-13,1.194899958e-13,8.779753268e-14,1.042760024e-13,1.4024683e-13,3.599100117e-13,2.709635693e-13,3.588101362e-13,2.694777598e-13,7.849982548e-13,7.846562688e-13,3.389008213e-13,3.192332431e-13,2.900275157e-13,4.320048117e-13,8.150239365e-14,3.830779069e-14,6.615131426e-14,1.061149205e-13,1.150538505e-13,1.953120354e-13,4.160664567e-13,3.134920707e-13,4.233764771e-13,6.777427735e-14,5.326634971e-13,1.466788541e-13
124.828125,2.164784098e-13,1.879285593e-13,6.44589029e-13,2.481983303e-13,3.001826559e-13,1.120389734e-13,1.184324338e-13,8.872112084e-14,1.042617671e-13,1.42442444e-13,3.552378859e-13,2.695067285e-13,3.608558738e-13,2.674521442e-13,7.740987791e-13,7.681645545e-13,3.307307698e-13,3.124818416e-13,2.888459535e-13,4.22298978e-13,8.154625174e-14,3.841739523e-14,6.488322766e-14,1.0628904e-13,1.127312271e-13,1.92478186e-13,4.071447154e-13,3.146894032e-13,4.145889248e-13,6.734482695e-14,5.308048862e-13,1.439840706e-13
124.8359375,2.159011567e-13,1.884547245e-13,6.354872829e-13,2.470906654e-13,2.983382989e-13,1.113836863e-13,1.173589435e-13,8.965784163e-14,1.042519409e-13,1.446270817e-13,3.505125693e-13,2.680043352e-13,3.627628064e-13,2.652986238e-13,7.630538418e-13,7.514841464e-13,3.225731586e-13,3.056682892e-13,2.875604965e-13,4.126821281e-13,8.160942111e-14,3.850089069e-14,6.361284748e-14,1.06380547e-13,1.103969186e-13,1.897649954e-13,3.982303273e-13,3.158153151e-13,4.057397728e-13,6.689675275e-14,5.286596858e-13,1.413216634e-13
124.84375,2.154718882e-13,1.888777374e-13,6.266197666e-13,2.46328731e-13,2.967652544e-13,1.109970047e-13,1.162602923e-13,9.060944169e-14,1.043002934e-13,1.467681277e-13,3.458094772e-13,2.665432972e-13,3.647213237e-13,2.633519798e-13,7.522117287e-13,7.350456184e-13,3.14737193e-13,2.990097725e-13,2.863604327e-13,4.032143618e-13,8.165272388e-14,3.862130372e-14,6.235106879e-14,1.064671427e-13,1.080962553e-13,1.870487742e-13,3.892358631e-13,3.170547842e-13,3.968047308e-13,6.64538878e-14,5.265518049e-13,1.386772995e-13
124.8515625,2.150757848e-13,1.892210764e-13,6.177357208e-13,2.456709548e-13,2.954702011e-13,1.106930815e-13,1.151558903e-13,9.150392065e-14,1.044027277e-13,1.488171338e-13,3.411174401e-13,2.650912074e-13,3.667042172e-13,2.616289266e-13,7.414583228e-13,7.187380054e-13,3.070836951e-13,2.925814968e-13,2.851926028e-13,3.93585332e-13,8.166611545e-14,3.877727312e-14,6.113141658e-14,1.065483832e-13,1.058473137e-13,1.842248023e-13,3.802078395e-13,3.182940365e-13,3.879237511e-13,6.601890541e-14,5.245515168e-13,1.360021883e-13
124.859375,2.146200415e-13,1.895713403e-13,6.088297709e-13,2.44710607e-13,2.942010844e-13,1.102812826e-13,1.140762712e-13,9.237940756e-14,1.045134761e-13,1.508293106e-13,3.364091306e-13,2.636226439e-13,3.686539809e-13,2.599113733e-13,7.305509797e-13,7.022907027e-13,2.99368863e-13,2.862363945e-13,2.8393376e-13,3.837760762e-13,8.165836511e-14,3.891332767e-14,5.994668474e-14,1.065667172e-13,1.036331355e-13,1.814171442e-13,3.712562822e-13,3.194252834e-13,3.79117501e-13,6.559495071e-14,5.225521271e-13,1.333488163e-13
124.8671875,2.142573164e-13,1.89880146e-13,6.003722827e-13,2.436215405e-13,2.929533142e-13,1.09971552e-13,1.13033059e-13,9.32584326e-14,1.046126151e-13,1.528535055e-13,3.318841898e-13,2.621772618e-13,3.706499886e-13,2.582188602e-13,7.198633286e-13,6.860687769e-13,2.918738516e-13,2.799360598e-13,2.826471149e-13,3.742405494e-13,8.162987084e-14,3.903958306e-14,5.877902392e-14,1.06567405e-13,1.014792057e-13,1.787754155e-13,3.624940876e-13,3.204990571e-13,3.705131328e-13,6.518885877e-14,5.205721393e-13,1.307968274e-13
124.875,2.139619462e-13,1.900556067e-13,5.922935989e-13,2.426861789e-13,2.9176291e-13,1.098710971e-13,1.120106844e-13,9.410111582e-14,1.047206717e-13,1.547877368e-13,3.276038937e-13,2.607190286e-13,3.72645567e-13,2.566161561e-13,7.095503678e-13,6.70296882e-13,2.847391906e-13,2.736978822e-13,2.813583058e-13,3.650180163e-13,8.159239813e-14,3.919186758e-14,5.764474547e-14,1.065879567e-13,9.938054606e-14,1.762142216e-13,3.539224535e-13,3.21497051e-13,3.622772488e-13,6.478184869e-14,5.185458219e-13,1.283079606e-13
124.8828125,2.135549997e-13,1.901413053e-13,5.840661376e-13,2.417572892e-13,2.905455148e-13,1.09802491e-13,1.110058164e-13,9.494190912e-14,1.048527255e-13,1.565545286e-13,3.233320378e-13,2.592079983e-13,3.745345392e-13,2.549907376e-13,6.9927656e-13,6.547423375e-13,2.777403619e-13,2.675164193e-13,2.799839649e-13,3.559192258e-13,8.157979463e-14,3.934654331e-14,5.655082155e-14,1.065831496e-13,9.729315401e-14,1.736376657e-13,3.454905799e-13,3.223691177e-13,3.543660242e-13,6.436241319e-14,5.16398504e-13,1.2583394e-13
124.890625,2.13098744e-13,1.902812685e-13,5.758145201e-13,2.405964134e-13,2.893957338e-13,1.097411066e-13,1.100493809e-13,9.579993334e-14,1.049997633e-13,1.58235593e-13,3.190281253e-13,2.577059525e-13,3.763875045e-13,2.533742393e-13,6.890549471e-13,6.393422008e-13,2.708617475e-13,2.614509265e-13,2.785882906e-13,3.469995064e-13,8.161371168e-14,3.948958452e-14,5.546792582e-14,1.065333708e-13,9.524004599e-14,1.710842267e-13,3.371603517e-13,3.232020547e-13,3.4660589e-13,6.394451401e-14,5.143028824e-13,1.23404127e-13
124.8984375,2.127266505e-13,1.905802227e-13,5.678809714e-13,2.39401759e-13,2.884412844e-13,1.098334654e-13,1.091576954e-13,9.661683875e-14,1.051364311e-13,1.599112056e-13,3.147946798e-13,2.562425423e-13,3.782745553e-13,2.519386282e-13,6.791491871e-13,6.24256268e-13,2.642066407e-13,2.555476168e-13,2.772823252e-13,3.381752111e-13,8.166838361e-14,3.965167091e-14,5.437926352e-14,1.064579548e-13,9.325581581e-14,1.685402363e-13,3.288393206e-13,3.24082222e-13,3.388771218e-13,6.352728944e-14,5.123533201e-13,1.210233294e-13
124.90625,2.124103143e-13,1.909404993e-13,5.60106879e-13,2.384945862e-13,2.875830034e-13,1.101102384e-13,1.083101207e-13,9.738453564e-14,1.052469278e-13,1.615674981e-13,3.105581522e-13,2.547672627e-13,3.80144095e-13,2.50633446e-13,6.696086906e-13,6.096626634e-13,2.578013799e-13,2.498278998e-13,2.759838847e-13,3.294480918e-13,8.169799869e-14,3.982948822e-14,5.330384317e-14,1.06374085e-13,9.132432022e-14,1.660220099e-13,3.20540564e-13,3.249446023e-13,3.312690668e-13,6.310879579e-14,5.103802098e-13,1.186705591e-13
124.9140625,2.120918514e-13,1.911134758e-13,5.523914342e-13,2.376147712e-13,2.867852212e-13,1.10441728e-13,1.074917195e-13,9.813563769e-14,1.053764432e-13,1.631421401e-13,3.063245352e-13,2.532488382e-13,3.819683831e-13,2.493251508e-13,6.602875089e-13,5.95507818e-13,2.516822554e-13,2.442969618e-13,2.746070167e-13,3.210728359e-13,8.170481234e-14,4.000233985e-14,5.226233389e-14,1.063147079e-13,8.945550014e-14,1.636104844e-13,3.12415954e-13,3.256940106e-13,3.238983294e-13,6.269970678e-14,5.08327454e-13,1.163710167e-13
124.921875,2.116795544e-13,1.910599651e-13,5.448452446e-13,2.363414467e-13,2.86164139e-13,1.107156439e-13,1.06709659e-13,9.8868874e-14,1.055693673e-13,1.645663203e-13,3.022052679e-13,2.516998247e-13,3.837487375e-13,2.480692701e-13,6.508748964e-13,5.813261606e-13,2.457188263e-13,2.388476762e-13,2.73217828e-13,3.128600407e-13,8.172939501e-14,4.019124104e-14,5.126083304e-14,1.062964859e-13,8.76534091e-14,1.611970355e-13,3.043941408e-13,3.263033685e-13,3.166260676e-13,6.228221712e-14,5.063284963e-13,1.141330255e-13
124.9296875,2.110720509e-13,1.909709344e-13,5.374976409e-13,2.348899321e-13,2.85692568e-13,1.110311668e-13,1.059693735e-13,9.955590765e-14,1.057614623e-13,1.658442574e-13,2.981939223e-13,2.501722503e-13,3.854776199e-13,2.469107636e-13,6.413733879e-13,5.670524286e-13,2.398191276e-13,2.33459466e-13,2.71848681e-13,3.045901658e-13,8.178014425e-14,4.04010561e-14,5.030292545e-14,1.062776562e-13,8.58695923e-14,1.587157734e-13,2.963733992e-13,3.267422944e-13,3.095254812e-13,6.184049601e-14,5.044136481e-13,1.11921748e-13
124.9375,2.103846899e-13,1.908835665e-13,5.304347822e-13,2.335858175e-13,2.852369878e-13,1.115402644e-13,1.052667347e-13,1.001663424e-13,1.058929563e-13,1.670310191e-13,2.943062727e-13,2.486938017e-13,3.871638087e-13,2.457401281e-13,6.323021715e-13,5.533859347e-13,2.342620153e-13,2.282954769e-13,2.704434665e-13,2.967147442e-13,8.18396564e-14,4.059575029e-14,4.938796542e-14,1.062339625e-13,8.410973586e-14,1.563823925e-13,2.886252189e-13,3.270050011e-13,3.029806862e-13,6.139705303e-14,5.024696477e-13,1.097458941e-13
124.9453125,2.098325387e-13,1.907319552e-13,5.235357798e-13,2.323207634e-13,2.847832478e-13,1.121874575e-13,1.046152134e-13,1.007551104e-13,1.060375748e-13,1.681238466e-13,2.905098198e-13,2.471938154e-13,3.887800037e-13,2.445240812e-13,6.237561723e-13,5.405430696e-13,2.292221627e-13,2.23353794e-13,2.689898479e-13,2.894058984e-13,8.190431475e-14,4.077813576e-14,4.850914712e-14,1.062137446e-13,8.242671347e-14,1.542049806e-13,2.812093768e-13,3.272135384e-13,2.967050359e-13,6.095175845e-14,5.004152259e-13,1.076428504e-13
124.953125,2.094383604e-13,1.906137989e-13,5.164802822e-13,2.310310551e-13,2.844645429e-13,1.128887361e-13,1.04052577e-13,1.014278877e-13,1.062646749e-13,1.691239974e-13,2.866509702e-13,2.456453762e-13,3.903074892e-13,2.434184869e-13,6.152923938e-13,5.280251921e-13,2.245351476e-13,2.185393931e-13,2.675455932e-13,2.821744245e-13,8.196559313e-14,4.098725942e-14,4.766730571e-14,1.062280859e-13,8.082139783e-14,1.519411306e-13,2.737600772e-13,3.275024297e-13,2.900917092e-13,6.048923003e-14,4.983218344e-13,1.056158107e-13
124.9609375,2.090900887e-13,1.905439572e-13,5.094649173e-13,2.297537692e-13,2.843949653e-13,1.136508277e-13,1.035611774e-13,1.021367831e-13,1.065254371e-13,1.700741226e-13,2.828273804e-13,2.441314737e-13,3.918157813e-13,2.425164817e-13,6.068627897e-13,5.15754806e-13,2.200913422e-13,2.139636726e-13,2.661539072e-13,2.748891424e-13,8.201075201e-14,4.121594212e-14,4.68690449e-14,1.062105258e-13,7.928340092e-14,1.496356789e-13,2.663558667e-13,3.278161742e-13,2.835553137e-13,6.002971334e-14,4.96321447e-13,1.036699931e-13
124.96875,2.087037364e-13,1.903194883e-13,5.02791856e-13,2.283872015e-13,2.844441215e-13,1.144004678e-13,1.030271964e-13,1.027590022e-13,1.067537791e-13,1.709277667e-13,2.79226404e-13,2.426302949e-13,3.933393671e-13,2.416686374e-13,5.985470047e-13,5.038278485e-13,2.157863805e-13,2.09624591e-13,2.647457698e-13,2.678452281e-13,8.204688688e-14,4.142374251e-14,4.611137615e-14,1.061547445e-13,7.780173161e-14,1.474206557e-13,2.593394408e-13,3.27948459e-13,2.77646147e-13,5.956123319e-14,4.943635488e-13,1.018151835e-13
124.9765625,2.082778733e-13,1.899118268e-13,4.961967563e-13,2.270155469e-13,2.844504814e-13,1.151383355e-13,1.023750681e-13,1.03340491e-13,1.069571243e-13,1.715997142e-13,2.757033772e-13,2.410504026e-13,3.948409729e-13,2.407729661e-13,5.900833134e-13,4.919124296e-13,2.115078073e-13,2.053251804e-13,2.632310549e-13,2.611782803e-13,8.207780372e-14,4.161512891e-14,4.538461062e-14,1.06112346e-13,7.633345688e-14,1.452058511e-13,2.52500248e-13,3.27797973e-13,2.718422598e-13,5.903527791e-14,4.922854331e-13,1.000313011e-13
124.984375,2.078783431e-13,1.894826532e-13,4.89631659e-13,2.25802383e-13,2.845804837e-13,1.160433337e-13,1.016704823e-13,1.039691054e-13,1.071850751e-13,1.72121264e-13,2.721616773e-13,2.394762679e-13,3.963104898e-13,2.39990124e-13,5.815611653e-13,4.799893495e-13,2.074426096e-13,2.011500636e-13,2.61704117e-13,2.548737091e-13,8.21054644e-14,4.182809772e-14,4.468537652e-14,1.060699559e-13,7.489150458e-14,1.430051188e-13,2.456474482e-13,3.275043837e-13,2.658586737e-13,5.847820772e-14,4.901249231e-13,9.831680164e-14
124.9921875,2.075059334e-13,1.890598107e-13,4.834108124e-13,2.246116335e-13,2.849422161e-13,1.171068485e-13,1.010137297e-13,1.04585164e-13,1.074407769e-13,1.725558153e-13,2.687517714e-13,2.380055964e-13,3.977090316e-13,2.393629407e-13,5.734003808e-13,4.684350549e-13,2.037649788e-13,1.973279222e-13,2.602814803e-13,2.488409422e-13,8.216233588e-14,4.205826726e-14,4.402291733e-14,1.060090264e-13,7.353219102e-14,1.409124663e-13,2.390544203e-13,3.272438114e-13,2.602848713e-13,5.795430129e-14,4.880242975e-13,9.669282278e-14
125,2.071157168e-13,1.886550481e-13,4.773281261e-13,2.23368158e-13,2.853087196e-13,1.181539083e-13,1.004325616e-13,1.051375859e-13,1.076894854e-13,1.728990692e-13,2.654442916e-13,2.365448642e-13,3.99018857e-13,2.386994858e-13,5.656034855e-13,4.573125745e-13,2.003763062e-13,1.938050012e-13,2.588564413e-13,2.430747227e-13,8.227078796e-14,4.227358769e-14,4.341397226e-14,1.059731635e-13,7.224169482e-14,1.388507449e-13,2.327489974e-13,3.270025552e-13,2.5514295e-13,5.745263085e-14,4.859532686e-13,9.514346499e-14
125.0078125,2.067393421e-13,1.883257857e-13,4.711126196e-13,2.222028843e-13,2.85657687e-13,1.192517247e-13,9.991867101e-14,1.056868168e-13,1.079703304e-13,1.731724953e-13,2.621010062e-13,2.350524479e-13,4.003836977e-13,2.380398366e-13,5.580407646e-13,4.466349568e-13,1.972894659e-13,1.904528716e-13,2.573475705e-13,2.376693605e-13,8.240614146e-14,4.248802931e-14,4.286088646e-14,1.059988573e-13,7.10009124e-14,1.367783119e-13,2.265036762e-13,3.266863444e-13,2.499166805e-13,5.692929753e-14,4.838542829e-13,9.364147239e-14
125.015625,2.06321179e-13,1.879520377e-13,4.65022382e-13,2.210507492e-13,2.861285429e-13,1.205423523e-13,9.947187453e-14,1.062614666e-13,1.083194441e-13,1.734417617e-13,2.587632605e-13,2.336064034e-13,4.018302411e-13,2.375340816e-13,5.508199394e-13,4.365636143e-13,1.945648282e-13,1.872760256e-13,2.558487969e-13,2.323971096e-13,8.254416067e-14,4.272220756e-14,4.234813178e-14,1.060912123e-13,6.984053149e-14,1.347457032e-13,2.203861501e-13,3.262609074e-13,2.447657454e-13,5.638960703e-14,4.817648708e-13,9.217707763e-14
125.0234375,2.057346137e-13,1.874613914e-13,4.590942491e-13,2.197606163e-13,2.86553061e-13,1.219069684e-13,9.908004944e-14,1.068282668e-13,1.086380953e-13,1.736727533e-13,2.555060615e-13,2.321293918e-13,4.030889764e-13,2.370111603e-13,5.439276955e-13,4.270026743e-13,1.920530101e-13,1.842789288e-13,2.543489445e-13,2.270484993e-13,8.26759354e-14,4.293615535e-14,4.186869351e-14,1.061929766e-13,6.874722004e-14,1.327545843e-13,2.145763195e-13,3.256881902e-13,2.400773401e-13,5.586480322e-14,4.796015331e-13,9.07439904e-14
125.03125,2.05087115e-13,1.869951049e-13,4.531552201e-13,2.18396692e-13,2.869316835e-13,1.232390477e-13,9.870805537e-14,1.073803366e-13,1.08877784e-13,1.737303812e-13,2.52380356e-13,2.305179912e-13,4.040827292e-13,2.363976156e-13,5.372666308e-13,4.178293988e-13,1.897239138e-13,1.814667075e-13,2.527833266e-13,2.219578551e-13,8.278294372e-14,4.311035692e-14,4.142186938e-14,1.062150773e-13,6.768881743e-14,1.308214927e-13,2.090556728e-13,3.249477073e-13,2.357099721e-13,5.535536777e-14,4.77278764e-13,8.936258848e-14
125.0390625,2.044732016e-13,1.865412233e-13,4.475358779e-13,2.171223828e-13,2.875669509e-13,1.246970652e-13,9.834294196e-14,1.079187621e-13,1.091425262e-13,1.735720779e-13,2.494665863e-13,2.289321063e-13,4.05114334e-13,2.359501994e-13,5.309069465e-13,4.091237093e-13,1.87725369e-13,1.788506972e-13,2.512559625e-13,2.173323756e-13,8.28711873e-14,4.330154794e-14,4.099936044e-14,1.062260692e-13,6.668807077e-14,1.289245071e-13,2.036740071e-13,3.241060081e-13,2.314904201e-13,5.48351112e-14,4.750161386e-13,8.805285861e-14
125.046875,2.037077433e-13,1.85984176e-13,4.424568875e-13,2.160180263e-13,2.88300603e-13,1.26395717e-13,9.802517474e-14,1.084365452e-13,1.09452136e-13,1.732785263e-13,2.467624687e-13,2.27506449e-13,4.06300838e-13,2.356382654e-13,5.24861156e-13,4.008419516e-13,1.860606247e-13,1.763812732e-13,2.497816302e-13,2.129491821e-13,8.297892293e-14,4.352898371e-14,4.060775511e-14,1.063595382e-13,6.575460535e-14,1.270036549e-13,1.983831182e-13,3.232022195e-13,2.275065432e-13,5.430205697e-14,4.729639243e-13,8.679885587e-14
125.0546875,2.028023944e-13,1.853625386e-13,4.375052119e-13,2.149442894e-13,2.888635186e-13,1.281812193e-13,9.777930172e-14,1.08951336e-13,1.097338183e-13,1.72880915e-13,2.441662982e-13,2.260837709e-13,4.073959806e-13,2.352001073e-13,5.190017961e-13,3.929015318e-13,1.84656601e-13,1.740330292e-13,2.481879725e-13,2.088061515e-13,8.311109562e-14,4.373715265e-14,4.025906935e-14,1.065396177e-13,6.486402271e-14,1.251252179e-13,1.933580936e-13,3.221722905e-13,2.238033429e-13,5.377270979e-14,4.708434819e-13,8.561906873e-14
125.0625,2.020112418e-13,1.8462266e-13,4.324910105e-13,2.136568606e-13,2.895849833e-13,1.298883368e-13,9.755562703e-14,1.094620627e-13,1.100163763e-13,1.723484796e-13,2.415765685e-13,2.245646702e-13,4.082675682e-13,2.347463818e-13,5.13292609e-13,3.85355717e-13,1.834737642e-13,1.718387753e-13,2.464994735e-13,2.050455963e-13,8.32452883e-14,4.39161578e-14,3.993284192e-14,1.066657289e-13,6.401831339e-14,1.233204133e-13,1.88633505e-13,3.209631507e-13,2.203538275e-13,5.323552312e-14,4.685410292e-13,8.455808388e-14
125.0703125,2.01264622e-13,1.837356394e-13,4.276738312e-13,2.122187256e-13,2.906203578e-13,1.315648859e-13,9.731724889e-14,1.099479309e-13,1.103423313e-13,1.716955595e-13,2.390018641e-13,2.23086769e-13,4.090469992e-13,2.344665686e-13,5.078071161e-13,3.781778405e-13,1.824323766e-13,1.698126597e-13,2.449220552e-13,2.015545854e-13,8.339092394e-14,4.411451419e-14,3.961710807e-14,1.068144749e-13,6.323158855e-14,1.214986572e-13,1.839765985e-13,3.196267863e-13,2.171093387e-13,5.267608601e-14,4.664076749e-13,8.35949775e-14
125.078125,2.003763242e-13,1.82960224e-13,4.230340885e-13,2.109099216e-13,2.915881616e-13,1.333415953e-13,9.71055606e-14,1.104365121e-13,1.106787605e-13,1.709567318e-13,2.36564099e-13,2.217103651e-13,4.098544818e-13,2.342606968e-13,5.02553076e-13,3.713045855e-13,1.814952659e-13,1.679599866e-13,2.434504066e-13,1.981426936e-13,8.355478464e-14,4.433606203e-14,3.93472994e-14,1.069970416e-13,6.25104023e-14,1.196868139e-13,1.793662051e-13,3.182560546e-13,2.139809278e-13,5.210683584e-14,4.645178107e-13,8.268537976e-14
125.0859375,1.994697782e-13,1.822931785e-13,4.184451435e-13,2.097920483e-13,2.925011415e-13,1.3524343e-13,9.694065826e-14,1.109476592e-13,1.110293688e-13,1.701531296e-13,2.342953093e-13,2.203722593e-13,4.107200418e-13,2.341261798e-13,4.974286523e-13,3.6476045e-13,1.807027038e-13,1.662894046e-13,2.419382663e-13,1.947545598e-13,8.370896513e-14,4.455184303e-14,3.914178025e-14,1.071514818e-13,6.185768574e-14,1.179504423e-13,1.749259495e-13,3.168626197e-13,2.109667277e-13,5.154223628e-14,4.625512214e-13,8.182020033e-14
125.09375,1.986218145e-13,1.814263731e-13,4.141484102e-13,2.087582496e-13,2.936885919e-13,1.37176173e-13,9.677260491e-14,1.11454296e-13,1.114078864e-13,1.692805083e-13,2.321414202e-13,2.190807235e-13,4.116421355e-13,2.341756238e-13,4.92437735e-13,3.585410928e-13,1.800897308e-13,1.648122523e-13,2.404016267e-13,1.915931428e-13,8.386153215e-14,4.476796256e-14,3.89725278e-14,1.07352016e-13,6.124822908e-14,1.162525622e-13,1.706104991e-13,3.154045686e-13,2.081354136e-13,5.099744762e-14,4.605353695e-13,8.100320751e-14
125.1015625,1.97726396e-13,1.804910439e-13,4.102075721e-13,2.076997988e-13,2.949997759e-13,1.390649162e-13,9.659744536e-14,1.119678813e-13,1.117667853e-13,1.68276457e-13,2.301171568e-13,2.178183384e-13,4.125233488e-13,2.342611348e-13,4.877668871e-13,3.526693374e-13,1.796903153e-13,1.635640687e-13,2.389166887e-13,1.888537257e-13,8.40518438e-14,4.498673841e-14,3.882506675e-14,1.07614719e-13,6.066193666e-14,1.146085478e-13,1.664868214e-13,3.139016778e-13,2.054809491e-13,5.047170341e-14,4.586691747e-13,8.025602829e-14
125.109375,1.968171442e-13,1.796892405e-13,4.06237096e-13,2.065244356e-13,2.962013537e-13,1.409803028e-13,9.647492218e-14,1.125020274e-13,1.120993842e-13,1.671328245e-13,2.281377721e-13,2.164943012e-13,4.132196271e-13,2.342211717e-13,4.834377837e-13,3.472483057e-13,1.795365805e-13,1.625223351e-13,2.374180086e-13,1.862929219e-13,8.42525841e-14,4.518081609e-14,3.87088581e-14,1.078226216e-13,6.012491622e-14,1.130303489e-13,1.626490046e-13,3.123582656e-13,2.029684239e-13,4.992781294e-14,4.567434354e-13,7.958476015e-14
125.1171875,1.95933787e-13,1.786661198e-13,4.02137299e-13,2.053283871e-13,2.97489579e-13,1.430238332e-13,9.638762493e-14,1.130222266e-13,1.124625002e-13,1.659241955e-13,2.260642385e-13,2.15138682e-13,4.137359427e-13,2.341914841e-13,4.792593527e-13,3.423109729e-13,1.796393786e-13,1.61569522e-13,2.358368801e-13,1.837958164e-13,8.441969953e-14,4.536073622e-14,3.862416788e-14,1.080218227e-13,5.964056227e-14,1.114375112e-13,1.589125671e-13,3.106478471e-13,2.005861407e-13,4.935981978e-14,4.546290359e-13,7.89529819e-14
125.125,1.949556239e-13,1.772639197e-13,3.981790546e-13,2.042977585e-13,2.98979187e-13,1.451404479e-13,9.626060726e-14,1.135544613e-13,1.128606314e-13,1.645965838e-13,2.240198479e-13,2.13837993e-13,4.141791312e-13,2.342774873e-13,4.752339001e-13,3.377946964e-13,1.799429635e-13,1.606389013e-13,2.342384408e-13,1.817271954e-13,8.46017788e-14,4.556546842e-14,3.857107944e-14,1.083201027e-13,5.916492598e-14,1.098373412e-13,1.552186527e-13,3.08667822e-13,1.983226494e-13,4.880093889e-14,4.52590142e-13,7.836883337e-14
125.1328125,1.938869922e-13,1.759337317e-13,3.943151988e-13,2.033586929e-13,3.004490098e-13,1.472189337e-13,9.612217117e-14,1.141378239e-13,1.132500259e-13,1.630530625e-13,2.221314972e-13,2.125545873e-13,4.145775896e-13,2.343627038e-13,4.714425871e-13,3.335478386e-13,1.802903784e-13,1.59773284e-13,2.326672775e-13,1.799966426e-13,8.485350411e-14,4.578235243e-14,3.855182088e-14,1.086137762e-13,5.869606149e-14,1.082956569e-13,1.517211688e-13,3.065333552e-13,1.962305295e-13,4.823915857e-14,4.506578952e-13,7.786244033e-14
125.140625,1.928874835e-13,1.748876348e-13,3.90352053e-13,2.023414514e-13,3.01827462e-13,1.492649287e-13,9.604632255e-14,1.146909709e-13,1.136250779e-13,1.614279458e-13,2.202953986e-13,2.112610982e-13,4.14959207e-13,2.344238686e-13,4.677292765e-13,3.293800138e-13,1.806328087e-13,1.590296685e-13,2.310854629e-13,1.780485321e-13,8.513259353e-14,4.597854251e-14,3.855366051e-14,1.088140407e-13,5.827623014e-14,1.067831695e-13,1.483572622e-13,3.044621477e-13,1.943704246e-13,4.765693517e-14,4.486329204e-13,7.738264287e-14
125.1484375,1.919631745e-13,1.738356682e-13,3.864682548e-13,2.012775911e-13,3.03313816e-13,1.513266028e-13,9.600008954e-14,1.151542152e-13,1.139887786e-13,1.598659081e-13,2.185297378e-13,2.1001576e-13,4.153974354e-13,2.346001204e-13,4.640305462e-13,3.253263189e-13,1.811364356e-13,1.58437829e-13,2.295238834e-13,1.759157459e-13,8.537909661e-14,4.616052817e-14,3.857034607e-14,1.090075703e-13,5.791114699e-14,1.052562658e-13,1.450315856e-13,3.024699799e-13,1.926649519e-13,4.708588334e-14,4.465833977e-13,7.690049385e-14
125.15625,1.909443587e-13,1.725955184e-13,3.828119476e-13,2.002295602e-13,3.049482783e-13,1.534044533e-13,9.592160146e-14,1.156033681e-13,1.14313195e-13,1.582477774e-13,2.169228795e-13,2.088004849e-13,4.158422824e-13,2.348835239e-13,4.604948234e-13,3.21608588e-13,1.818991691e-13,1.58003595e-13,2.280329668e-13,1.740658746e-13,8.558008272e-14,4.633802708e-14,3.862068829e-14,1.092393082e-13,5.757976933e-14,1.037259523e-13,1.418521516e-13,3.003461901e-13,1.910308598e-13,4.65279559e-14,4.445861655e-13,7.648839669e-14
125.1640625,1.897516062e-13,1.712907701e-13,3.792101194e-13,1.991945795e-13,3.065409182e-13,1.555103001e-13,9.582312409e-14,1.161039057e-13,1.14612782e-13,1.564491308e-13,2.153511233e-13,2.075514492e-13,4.161951701e-13,2.351135989e-13,4.570758765e-13,3.182481058e-13,1.828774536e-13,1.577080589e-13,2.265343101e-13,1.727027579e-13,8.57405808e-14,4.650835431e-14,3.871985161e-14,1.095051942e-13,5.727906807e-14,1.02241942e-13,1.388552206e-13,2.980058936e-13,1.895069072e-13,4.595807062e-14,4.425440222e-13,7.617588142e-14
125.171875,1.885302222e-13,1.700685686e-13,3.756367025e-13,1.982089905e-13,3.080480177e-13,1.576798066e-13,9.573141654e-14,1.166512718e-13,1.149357628e-13,1.545377427e-13,2.137591006e-13,2.062870308e-13,4.164985932e-13,2.352953588e-13,4.536836065e-13,3.151171265e-13,1.840641122e-13,1.575317106e-13,2.249577019e-13,1.717597361e-13,8.588633265e-14,4.66762123e-14,3.885504305e-14,1.098441896e-13,5.701102331e-14,1.008565524e-13,1.359496409e-13,2.955863475e-13,1.881101799e-13,4.539458269e-14,4.405101974e-13,7.591197487e-14
125.1796875,1.874558532e-13,1.689548889e-13,3.722045216e-13,1.972433555e-13,3.095726341e-13,1.598730604e-13,9.565657772e-14,1.172325962e-13,1.152555532e-13,1.525862805e-13,2.122355276e-13,2.050419189e-13,4.168206141e-13,2.356089316e-13,4.504704271e-13,3.122587786e-13,1.854421752e-13,1.574755862e-13,2.233704137e-13,1.70979348e-13,8.604987291e-14,4.683053984e-14,3.899881914e-14,1.102180249e-13,5.678089853e-14,9.953424e-14,1.330865129e-13,2.931556294e-13,1.868617636e-13,4.484613771e-14,4.385457845e-13,7.567125742e-14
125.1875,1.864992606e-13,1.679304738e-13,3.688005288e-13,1.962349999e-13,3.111021976e-13,1.619837462e-13,9.559189333e-14,1.178234014e-13,1.155405987e-13,1.505820037e-13,2.107476673e-13,2.038404824e-13,4.171752032e-13,2.361315362e-13,4.474668599e-13,3.097567753e-13,1.869776597e-13,1.57568269e-13,2.218406801e-13,1.701411193e-13,8.622668973e-14,4.69639628e-14,3.914220463e-14,1.105624669e-13,5.660591403e-14,9.820976128e-14,1.303046283e-13,2.907086217e-13,1.858820274e-13,4.429038232e-14,4.36566356e-13,7.545640584e-14
125.1953125,1.855251035e-13,1.669660348e-13,3.653922813e-13,1.953036512e-13,3.126561798e-13,1.640405539e-13,9.55009155e-14,1.184062149e-13,1.158483701e-13,1.485041875e-13,2.093040257e-13,2.027240747e-13,4.175626218e-13,2.367849369e-13,4.445867315e-13,3.075882048e-13,1.887049966e-13,1.578269305e-13,2.203751202e-13,1.693506346e-13,8.640646187e-14,4.710919854e-14,3.931060451e-14,1.10920165e-13,5.648505151e-14,9.689914475e-14,1.276936944e-13,2.88295462e-13,1.85166894e-13,4.374383322e-14,4.346380147e-13,7.527518826e-14
125.203125,1.844868941e-13,1.659769678e-13,3.621957802e-13,1.945296023e-13,3.143451466e-13,1.661868252e-13,9.538969323e-14,1.190147736e-13,1.161934695e-13,1.463579013e-13,2.080263811e-13,2.016566252e-13,4.178816873e-13,2.374714911e-13,4.41993465e-13,3.058034527e-13,1.905972044e-13,1.581894655e-13,2.189781026e-13,1.687506791e-13,8.660341251e-14,4.727787149e-14,3.952571092e-14,1.113016477e-13,5.639447196e-14,9.56157112e-14,1.252388193e-13,2.858539474e-13,1.845418655e-13,4.323455558e-14,4.328387075e-13,7.515008434e-14
125.2109375,1.833822494e-13,1.64883152e-13,3.591966573e-13,1.937159681e-13,3.160459898e-13,1.683470519e-13,9.529647438e-14,1.196985717e-13,1.165176585e-13,1.441948815e-13,2.068635955e-13,2.005503352e-13,4.180497368e-13,2.381067601e-13,4.396749386e-13,3.043655033e-13,1.925555952e-13,1.585701111e-13,2.175919047e-13,1.683049403e-13,8.681599038e-14,4.743099482e-14,3.976656542e-14,1.116747735e-13,5.632036646e-14,9.433360195e-14,1.22831998e-13,2.832852248e-13,1.839118435e-13,4.274950239e-14,4.310266343e-13,7.507265246e-14
125.21875,1.821889807e-13,1.636368715e-13,3.56182208e-13,1.927495029e-13,3.175273538e-13,1.702892564e-13,9.517661515e-14,1.204436928e-13,1.168214239e-13,1.420595317e-13,2.056892768e-13,1.993901689e-13,4.181510369e-13,2.386210504e-13,4.372338035e-13,3.029352327e-13,1.94555321e-13,1.589496337e-13,2.160978656e-13,1.679797703e-13,8.702541758e-14,4.754474876e-14,4.001114288e-14,1.121013203e-13,5.625845781e-14,9.306001708e-14,1.204724371e-13,2.806639652e-13,1.83239407e-13,4.227023961e-14,4.291285589e-13,7.500985335e-14
125.2265625,1.809534395e-13,1.622363324e-13,3.532115666e-13,1.917483072e-13,3.188660858e-13,1.720481759e-13,9.498445162e-14,1.211703266e-13,1.171059123e-13,1.39886092e-13,2.045421127e-13,1.981932469e-13,4.181881851e-13,2.390671591e-13,4.346675616e-13,3.01403722e-13,1.965906575e-13,1.593356925e-13,2.145202443e-13,1.677324101e-13,8.724522978e-14,4.762541292e-14,4.028274032e-14,1.125677009e-13,5.620993856e-14,9.1811689e-14,1.181876074e-13,2.7800886e-13,1.825395942e-13,4.179001455e-14,4.271770941e-13,7.497649219e-14
125.234375,1.798001322e-13,1.608979634e-13,3.504883602e-13,1.907548308e-13,3.203154283e-13,1.738426204e-13,9.477646441e-14,1.218728136e-13,1.17337435e-13,1.376016434e-13,2.035212856e-13,1.970220877e-13,4.181326967e-13,2.396697075e-13,4.324205801e-13,3.001626796e-13,1.986755215e-13,1.597817761e-13,2.130668105e-13,1.675566238e-13,8.751786296e-14,4.769334e-14,4.060378816e-14,1.129438925e-13,5.619755126e-14,9.060402729e-14,1.15946131e-13,2.752683478e-13,1.820057756e-13,4.130535065e-14,4.252128909e-13,7.50062009e-14
125.2421875,1.78799126e-13,1.598656085e-13,3.480332029e-13,1.898330923e-13,3.219869689e-13,1.757246256e-13,9.458140405e-14,1.226543547e-13,1.17586233e-13,1.352692697e-13,2.026748574e-13,1.96020542e-13,4.182188374e-13,2.40600882e-13,4.30556761e-13,2.993745264e-13,2.008709186e-13,1.604224527e-13,2.118507862e-13,1.675808309e-13,8.785117861e-14,4.779261112e-14,4.09499357e-14,1.132737356e-13,5.624007471e-14,8.946345913e-14,1.137841352e-13,2.725932325e-13,1.817039995e-13,4.082901083e-14,4.234652981e-13,7.509104894e-14
125.25,1.778968935e-13,1.589422276e-13,3.45714667e-13,1.891054648e-13,3.237805295e-13,1.776102382e-13,9.436212366e-14,1.234991793e-13,1.179239004e-13,1.329531857e-13,2.019623874e-13,1.951637655e-13,4.185190832e-13,2.4170984e-13,4.287784977e-13,2.987249637e-13,2.030891579e-13,1.612550006e-13,2.107400096e-13,1.67759957e-13,8.819293643e-14,4.794028922e-14,4.129323027e-14,1.136751047e-13,5.631959088e-14,8.837769208e-14,1.117191894e-13,2.7004555e-13,1.814401515e-13,4.03752615e-14,4.220380579e-13,7.521013553e-14
125.2578125,1.76980283e-13,1.578526434e-13,3.433574157e-13,1.883749428e-13,3.254083325e-13,1.793967286e-13,9.412741639e-14,1.242609794e-13,1.182467236e-13,1.306236156e-13,2.01276812e-13,1.942137642e-13,4.186719724e-13,2.426780349e-13,4.269847555e-13,2.981075017e-13,2.052121003e-13,1.620606275e-13,2.095731639e-13,1.678565402e-13,8.850887105e-14,4.808377197e-14,4.164416251e-14,1.140716021e-13,5.640759986e-14,8.73245051e-14,1.096751823e-13,2.674390578e-13,1.812115017e-13,3.994867921e-14,4.205921708e-13,7.534147854e-14
125.265625,1.759777938e-13,1.568211865e-13,3.409141675e-13,1.874531028e-13,3.266844393e-13,1.810341781e-13,9.389865718e-14,1.249637545e-13,1.184725704e-13,1.28307002e-13,2.006243858e-13,1.931230932e-13,4.185430989e-13,2.43429715e-13,4.252604552e-13,2.977256918e-13,2.073918743e-13,1.627497297e-13,2.083372364e-13,1.679044085e-13,8.884138941e-14,4.818069177e-14,4.20215224e-14,1.144239927e-13,5.649147889e-14,8.631699615e-14,1.076595231e-13,2.64807424e-13,1.811363715e-13,3.955590276e-14,4.189366565e-13,7.54465372e-14
125.2734375,1.749412001e-13,1.560612369e-13,3.385418736e-13,1.865974304e-13,3.278486038e-13,1.826086714e-13,9.3658676e-14,1.257529867e-13,1.187056682e-13,1.26056081e-13,2.000721773e-13,1.920899788e-13,4.184011394e-13,2.441763532e-13,4.236264519e-13,2.975635602e-13,2.097435817e-13,1.63464707e-13,2.070805021e-13,1.681138904e-13,8.923079827e-14,4.826370656e-14,4.241917003e-14,1.148755004e-13,5.656992721e-14,8.535122026e-14,1.057537493e-13,2.623299693e-13,1.810762019e-13,3.918213262e-14,4.173034884e-13,7.552138022e-14
125.28125,1.740135721e-13,1.553020502e-13,3.362785368e-13,1.858778158e-13,3.292504341e-13,1.841552994e-13,9.339361575e-14,1.266101828e-13,1.19023952e-13,1.237814891e-13,1.995265795e-13,1.911866408e-13,4.183473528e-13,2.450950161e-13,4.219879584e-13,2.97436674e-13,2.120821089e-13,1.642646872e-13,2.058488451e-13,1.684737646e-13,8.964944336e-14,4.83711274e-14,4.282483701e-14,1.154507376e-13,5.665529192e-14,8.44064484e-14,1.039780909e-13,2.598860482e-13,1.80953788e-13,3.87901209e-14,4.157946186e-13,7.562126797e-14
125.2890625,1.732279742e-13,1.543538101e-13,3.339527189e-13,1.849913847e-13,3.307972067e-13,1.855627475e-13,9.308461929e-14,1.274537223e-13,1.193380319e-13,1.213969379e-13,1.989068675e-13,1.903025094e-13,4.182649558e-13,2.461176247e-13,4.203024404e-13,2.973523665e-13,2.142998853e-13,1.650800387e-13,2.046876747e-13,1.688990892e-13,9.005893547e-14,4.847613191e-14,4.324815256e-14,1.159890247e-13,5.675815559e-14,8.348877912e-14,1.023101658e-13,2.572972315e-13,1.809027055e-13,3.8378006e-14,4.14256021e-13,7.578405032e-14
125.296875,1.724370018e-13,1.534002758e-13,3.315779421e-13,1.839981061e-13,3.321456244e-13,1.868385462e-13,9.272759815e-14,1.282977154e-13,1.195612559e-13,1.189611791e-13,1.983346214e-13,1.893696098e-13,4.180956239e-13,2.470766336e-13,4.187295002e-13,2.973722096e-13,2.164812473e-13,1.659239187e-13,2.035805849e-13,1.693664751e-13,9.046203141e-14,4.854172071e-14,4.370835071e-14,1.163918313e-13,5.686392183e-14,8.26079778e-14,1.007061149e-13,2.546130691e-13,1.808949592e-13,3.797968121e-14,4.126121834e-13,7.597549624e-14
125.3046875,1.715654959e-13,1.52557941e-13,3.293610449e-13,1.831743329e-13,3.333167464e-13,1.881072191e-13,9.237044693e-14,1.291489894e-13,1.19744634e-13,1.165214751e-13,1.978910987e-13,1.884381241e-13,4.178688917e-13,2.479992284e-13,4.173759189e-13,2.974271846e-13,2.186632525e-13,1.668508099e-13,2.024848932e-13,1.697895578e-13,9.089689274e-14,4.859304641e-14,4.420204653e-14,1.167199442e-13,5.696301673e-14,8.175679479e-14,9.91399168e-14,2.519456893e-13,1.80852646e-13,3.760991888e-14,4.109571899e-13,7.613304769e-14
125.3125,1.70767002e-13,1.517527333e-13,3.273039481e-13,1.824547421e-13,3.345755029e-13,1.89383631e-13,9.202252639e-14,1.300107394e-13,1.199682017e-13,1.140915027e-13,1.974820844e-13,1.8756793e-13,4.176696398e-13,2.490547744e-13,4.160991451e-13,2.975070011e-13,2.209006647e-13,1.677901986e-13,2.014113279e-13,1.702098335e-13,9.140736792e-14,4.866518337e-14,4.470559967e-14,1.170977962e-13,5.70671685e-14,8.091771589e-14,9.762647195e-14,2.493894423e-13,1.808399973e-13,3.726222482e-14,4.0940419e-13,7.62453034e-14
125.3203125,1.701894576e-13,1.509447295e-13,3.251981537e-13,1.816619953e-13,3.358334247e-13,1.905883709e-13,9.162210636e-14,1.309167968e-13,1.202141133e-13,1.117321122e-13,1.970128449e-13,1.866956967e-13,4.174682046e-13,2.50223043e-13,4.147760566e-13,2.976971084e-13,2.232644079e-13,1.686019804e-13,2.003498416e-13,1.707969799e-13,9.198536114e-14,4.873521698e-14,4.521304019e-14,1.175488184e-13,5.716774371e-14,8.008153664e-14,9.613607999e-14,2.469324637e-13,1.808509819e-13,3.693039258e-14,4.078538789e-13,7.636618501e-14
125.328125,1.697543251e-13,1.50152635e-13,3.229582932e-13,1.80713772e-13,3.368881704e-13,1.916034181e-13,9.114496454e-14,1.318365877e-13,1.204429118e-13,1.094289365e-13,1.964940701e-13,1.857424679e-13,4.171271888e-13,2.513710339e-13,4.134146362e-13,2.979808078e-13,2.256586314e-13,1.693061633e-13,1.992617371e-13,1.714407316e-13,9.256971403e-14,4.877517245e-14,4.574563457e-14,1.179730221e-13,5.72505318e-14,7.927921737e-14,9.466848626e-14,2.44415192e-13,1.808783244e-13,3.660970804e-14,4.061463621e-13,7.653309829e-14
125.3359375,1.693060787e-13,1.494076453e-13,3.207627501e-13,1.796530927e-13,3.379713429e-13,1.923847067e-13,9.06241669e-14,1.32731218e-13,1.20683216e-13,1.071121727e-13,1.960281892e-13,1.848228028e-13,4.167601484e-13,2.525701696e-13,4.120199735e-13,2.982412381e-13,2.279124293e-13,1.701216544e-13,1.98191815e-13,1.7188885e-13,9.311857182e-14,4.880480747e-14,4.631038825e-14,1.183276389e-13,5.73389074e-14,7.854690672e-14,9.33339336e-14,2.418574233e-13,1.809752346e-13,3.631055231e-14,4.044771602e-13,7.671258641e-14
125.34375,1.688770335e-13,1.487684216e-13,3.187934073e-13,1.787022488e-13,3.39279474e-13,1.930518233e-13,9.008309019e-14,1.335859567e-13,1.209393125e-13,1.048176424e-13,1.956908896e-13,1.840699693e-13,4.165468501e-13,2.539358684e-13,4.106043014e-13,2.983657163e-13,2.299386737e-13,1.711373048e-13,1.972090229e-13,1.721209599e-13,9.362144064e-14,4.884885591e-14,4.688164375e-14,1.186429474e-13,5.744010318e-14,7.786163305e-14,9.213850965e-14,2.394796401e-13,1.810450223e-13,3.605084125e-14,4.030956859e-13,7.685803855e-14
125.3515625,1.68617944e-13,1.482514314e-13,3.168793277e-13,1.778690634e-13,3.404878182e-13,1.936230263e-13,8.951695764e-14,1.343245107e-13,1.211488879e-13,1.025682252e-13,1.953793624e-13,1.833837445e-13,4.163030378e-13,2.553515114e-13,4.091617543e-13,2.983532727e-13,2.31806102e-13,1.721262689e-13,1.962803989e-13,1.722132012e-13,9.407731756e-14,4.889742418e-14,4.744555262e-14,1.189195766e-13,5.751566111e-14,7.716951531e-14,9.094245534e-14,2.37243934e-13,1.810353914e-13,3.580844969e-14,4.018167239e-13,7.696452173e-14
125.359375,1.685077666e-13,1.477370175e-13,3.147413409e-13,1.769103517e-13,3.413341735e-13,1.94005656e-13,8.891219983e-14,1.349844614e-13,1.213085537e-13,1.002961796e-13,1.949556974e-13,1.826181583e-13,4.158720224e-13,2.5667992e-13,4.076860878e-13,2.983930017e-13,2.337147613e-13,1.728883814e-13,1.953240355e-13,1.723192129e-13,9.453001343e-14,4.892243926e-14,4.801910009e-14,1.191966496e-13,5.755955153e-14,7.645102841e-14,8.971948632e-14,2.348967404e-13,1.810409758e-13,3.554079131e-14,4.004178285e-13,7.704982192e-14
125.3671875,1.683981749e-13,1.471134297e-13,3.125604807e-13,1.758540261e-13,3.420205427e-13,1.94323166e-13,8.827270073e-14,1.357527839e-13,1.214978286e-13,9.803089088e-14,1.945027407e-13,1.81815898e-13,4.154453772e-13,2.580154478e-13,4.062671106e-13,2.985559513e-13,2.356820485e-13,1.7354552e-13,1.943389419e-13,1.726396658e-13,9.505555179e-14,4.892547952e-14,4.861152833e-14,1.195095261e-13,5.760446845e-14,7.574445148e-14,8.854587076e-14,2.32462298e-13,1.809916379e-13,3.527211408e-14,3.990519493e-13,7.712254891e-14
125.375,1.682895441e-13,1.465363096e-13,3.106940889e-13,1.748367366e-13,3.427464003e-13,1.946543216e-13,8.759649827e-14,1.366043841e-13,1.217427792e-13,9.58598807e-14,1.94190044e-13,1.810999322e-13,4.150951982e-13,2.594829446e-13,4.049351447e-13,2.986240682e-13,2.375141345e-13,1.743184649e-13,1.934118349e-13,1.730141239e-13,9.565805723e-14,4.894462762e-14,4.922538879e-14,1.197661797e-13,5.764902734e-14,7.512292661e-14,8.742484069e-14,2.301994828e-13,1.808365208e-13,3.507148534e-14,3.979225876e-13,7.717001249e-14
125.3828125,1.683023822e-13,1.46198398e-13,3.090123027e-13,1.738040696e-13,3.434475475e-13,1.947986229e-13,8.684824149e-14,1.373812068e-13,1.219751512e-13,9.374185493e-14,1.93995073e-13,1.804734093e-13,4.146554002e-13,2.609929491e-13,4.036331085e-13,2.985950867e-13,2.39239526e-13,1.752094172e-13,1.925621192e-13,1.731828529e-13,9.624429718e-14,4.89785563e-14,4.987414625e-14,1.199275189e-13,5.766875543e-14,7.460203662e-14,8.634716967e-14,2.281333214e-13,1.807196605e-13,3.493506045e-14,3.969771754e-13,7.718399872e-14
125.390625,1.685106652e-13,1.45949603e-13,3.072268108e-13,1.72747526e-13,3.440798127e-13,1.947414334e-13,8.603746168e-14,1.381356794e-13,1.221530003e-13,9.16187484e-14,1.93784593e-13,1.798283951e-13,4.141192714e-13,2.624507155e-13,4.024037066e-13,2.98743304e-13,2.410564019e-13,1.760699791e-13,1.917144316e-13,1.733050243e-13,9.674785218e-14,4.898566389e-14,5.053210325e-14,1.200982693e-13,5.766076031e-14,7.408739147e-14,8.533315599e-14,2.260921217e-13,1.806140294e-13,3.480393017e-14,3.960644289e-13,7.718425978e-14
125.3984375,1.689188691e-13,1.457006354e-13,3.054486757e-13,1.716220782e-13,3.447604049e-13,1.946591184e-13,8.523063458e-14,1.389050599e-13,1.223289061e-13,8.953247319e-14,1.935539909e-13,1.791684805e-13,4.136398253e-13,2.640132822e-13,4.01218868e-13,2.990271474e-13,2.429814176e-13,1.768885688e-13,1.909182979e-13,1.734920181e-13,9.721771841e-14,4.898806335e-14,5.114461848e-14,1.202996549e-13,5.764119171e-14,7.351052215e-14,8.434660641e-14,2.241360302e-13,1.804876342e-13,3.46809695e-14,3.952393445e-13,7.717212713e-14
125.40625,1.694291141e-13,1.457137483e-13,3.03839179e-13,1.703507519e-13,3.455312488e-13,1.945005066e-13,8.442677148e-14,1.395815777e-13,1.225506848e-13,8.748648598e-14,1.933941667e-13,1.786295395e-13,4.132541757e-13,2.657919108e-13,3.999354193e-13,2.992190085e-13,2.449334055e-13,1.777676163e-13,1.90288607e-13,1.736040282e-13,9.773245344e-14,4.9032111e-14,5.173280113e-14,1.204762161e-13,5.763253587e-14,7.294581395e-14,8.334814733e-14,2.223891138e-13,1.805246972e-13,3.459781843e-14,3.946722791e-13,7.712237081e-14
125.4140625,1.699106445e-13,1.459452547e-13,3.023178056e-13,1.691468771e-13,3.462477573e-13,1.942094686e-13,8.357624919e-14,1.40215804e-13,1.227848698e-13,8.542657667e-14,1.93312647e-13,1.78193929e-13,4.128421895e-13,2.67587241e-13,3.9864382e-13,2.993867648e-13,2.468324896e-13,1.786573307e-13,1.897140748e-13,1.737759447e-13,9.829745377e-14,4.907963827e-14,5.235476992e-14,1.20652624e-13,5.763261426e-14,7.246224714e-14,8.236694686e-14,2.206442092e-13,1.806057303e-13,3.452555562e-14,3.94229654e-13,7.705642255e-14
125.421875,1.704024474e-13,1.460712652e-13,3.008462493e-13,1.681249002e-13,3.468533984e-13,1.93879799e-13,8.268956497e-14,1.40900072e-13,1.22995507e-13,8.340022537e-14,1.932510066e-13,1.777350169e-13,4.123110563e-13,2.692971051e-13,3.974970204e-13,2.996510507e-13,2.486277252e-13,1.794637652e-13,1.890643104e-13,1.741343595e-13,9.887661778e-14,4.909556469e-14,5.297891887e-14,1.208277924e-13,5.760990263e-14,7.199804856e-14,8.141292766e-14,2.187941014e-13,1.804705266e-13,3.444273788e-14,3.936797764e-13,7.701649625e-14
125.4296875,1.710621822e-13,1.462694993e-13,2.994298403e-13,1.67046997e-13,3.474364632e-13,1.93451615e-13,8.178065723e-14,1.415375041e-13,1.231923567e-13,8.150200603e-14,1.932089787e-13,1.773024954e-13,4.117110842e-13,2.711212587e-13,3.963591893e-13,2.999053319e-13,2.503927552e-13,1.802843752e-13,1.884731707e-13,1.743640183e-13,9.944787822e-14,4.91284871e-14,5.355015026e-14,1.209267772e-13,5.756540431e-14,7.151415773e-14,8.04696261e-14,2.171474769e-13,1.803246475e-13,3.439297259e-14,3.93198013e-13,7.697643977e-14
125.4375,1.719206531e-13,1.467915504e-13,2.980486443e-13,1.658755934e-13,3.4796025e-13,1.928270566e-13,8.081933797e-14,1.420755672e-13,1.2337207e-13,7.96858476e-14,1.932425722e-13,1.769679371e-13,4.110492758e-13,2.730974348e-13,3.951338604e-13,3.000159454e-13,2.521149129e-13,1.812064147e-13,1.880267021e-13,1.742732302e-13,1.000062477e-13,4.919774865e-14,5.409172658e-14,1.209379398e-13,5.752895218e-14,7.107556669e-14,7.95898892e-14,2.157882094e-13,1.803090048e-13,3.440209766e-14,3.929913826e-13,7.688454599e-14
125.4453125,1.728423491e-13,1.473885761e-13,2.968555517e-13,1.647228767e-13,3.483559004e-13,1.920738848e-13,7.980993325e-14,1.425623563e-13,1.235173848e-13,7.784294627e-14,1.934077249e-13,1.766623875e-13,4.102128943e-13,2.750275877e-13,3.939555442e-13,2.99987713e-13,2.536525887e-13,1.821850624e-13,1.876188928e-13,1.740767592e-13,1.005607022e-13,4.925645005e-14,5.462906847e-14,1.208922586e-13,5.749431801e-14,7.07059707e-14,7.881935137e-14,2.144456768e-13,1.801828925e-13,3.44519706e-14,3.929218638e-13,7.673962191e-14
125.453125,1.737605726e-13,1.479970796e-13,2.959292638e-13,1.634641461e-13,3.486832364e-13,1.912397169e-13,7.878701272e-14,1.429626134e-13,1.236295561e-13,7.598389698e-14,1.937037932e-13,1.763772061e-13,4.092566662e-13,2.769202905e-13,3.92830702e-13,2.998955794e-13,2.550759411e-13,1.832247691e-13,1.872619331e-13,1.738967159e-13,1.011129058e-13,4.929449235e-14,5.515517106e-14,1.207783317e-13,5.744678021e-14,7.036442842e-14,7.809696312e-14,2.130947296e-13,1.800012117e-13,3.453119769e-14,3.929220142e-13,7.656495871e-14
125.4609375,1.748689068e-13,1.488154135e-13,2.950252876e-13,1.620669867e-13,3.48942458e-13,1.90365714e-13,7.77492309e-14,1.432461902e-13,1.237103641e-13,7.417016792e-14,1.940281733e-13,1.761371233e-13,4.083827616e-13,2.789625591e-13,3.916455367e-13,2.997630166e-13,2.565354749e-13,1.84306178e-13,1.870245677e-13,1.736230891e-13,1.016508037e-13,4.934624067e-14,5.56872508e-14,1.205984922e-13,5.740047413e-14,7.004000415e-14,7.737655789e-14,2.118366836e-13,1.799662188e-13,3.462698265e-14,3.930376313e-13,7.63656592e-14
125.46875,1.763278406e-13,1.496744523e-13,2.940639626e-13,1.607318194e-13,3.491435359e-13,1.895421353e-13,7.66806421e-14,1.434580421e-13,1.237859078e-13,7.24123628e-14,1.943035902e-13,1.758966777e-13,4.076020678e-13,2.811630943e-13,3.904394612e-13,2.995778434e-13,2.579582111e-13,1.853360583e-13,1.868163536e-13,1.732082741e-13,1.02187389e-13,4.942975913e-14,5.622433357e-14,1.204102783e-13,5.735398313e-14,6.973618011e-14,7.668754953e-14,2.106076636e-13,1.798882751e-13,3.472808401e-14,3.931779105e-13,7.612537635e-14
125.4765625,1.778992308e-13,1.504611787e-13,2.932663126e-13,1.595467337e-13,3.494220648e-13,1.886820454e-13,7.558586123e-14,1.436131037e-13,1.239056911e-13,7.07203413e-14,1.945986464e-13,1.757103018e-13,4.067994847e-13,2.833766413e-13,3.892472694e-13,2.993143078e-13,2.592504296e-13,1.863750042e-13,1.865883288e-13,1.727485155e-13,1.027514643e-13,4.954327486e-14,5.673718885e-14,1.202609906e-13,5.728769988e-14,6.944594947e-14,7.601868611e-14,2.094647756e-13,1.796552937e-13,3.485242323e-14,3.933890417e-13,7.58326642e-14
125.484375,1.793363269e-13,1.514294322e-13,2.926177358e-13,1.583956229e-13,3.497009585e-13,1.876111127e-13,7.446938182e-14,1.436943752e-13,1.240435284e-13,6.909886059e-14,1.949618697e-13,1.75641762e-13,4.059407889e-13,2.855223632e-13,3.879505582e-13,2.988630037e-13,2.604604574e-13,1.875226056e-13,1.86412558e-13,1.722844463e-13,1.033465838e-13,4.966434702e-14,5.725832695e-14,1.201256714e-13,5.719841962e-14,6.917091638e-14,7.534214797e-14,2.085056938e-13,1.794640207e-13,3.501211152e-14,3.93783582e-13,7.551185231e-14
125.4921875,1.808357627e-13,1.526375493e-13,2.919291592e-13,1.571035686e-13,3.497398237e-13,1.863795778e-13,7.331957404e-14,1.436992851e-13,1.241376192e-13,6.753726882e-14,1.953258871e-13,1.755892002e-13,4.050047133e-13,2.876353377e-13,3.865020425e-13,2.98209697e-13,2.616781971e-13,1.886806455e-13,1.862847212e-13,1.717035026e-13,1.039649701e-13,4.976128015e-14,5.78320526e-14,1.199463087e-13,5.708251392e-14,6.891844653e-14,7.469566279e-14,2.07645035e-13,1.793316973e-13,3.52039932e-14,3.94187148e-13,7.518539838e-14
125.5,1.826432631e-13,1.540018463e-13,2.912783077e-13,1.557031614e-13,3.496175098e-13,1.851616301e-13,7.214010732e-14,1.43662167e-13,1.242399937e-13,6.606740396e-14,1.956803954e-13,1.755479952e-13,4.039982722e-13,2.898364971e-13,3.850072615e-13,2.975145834e-13,2.629342429e-13,1.897858047e-13,1.861795122e-13,1.709424339e-13,1.045999101e-13,4.985742897e-14,5.841028345e-14,1.197271309e-13,5.693723204e-14,6.87014979e-14,7.409435552e-14,2.06905906e-13,1.791260234e-13,3.543215879e-14,3.94564027e-13,7.482678148e-14
125.5078125,1.846968229e-13,1.555661903e-13,2.90811314e-13,1.544096205e-13,3.495959409e-13,1.839965262e-13,7.096532149e-14,1.436151476e-13,1.244229276e-13,6.469186535e-14,1.960711867e-13,1.756493106e-13,4.030053786e-13,2.922539528e-13,3.835526723e-13,2.967482671e-13,2.641050979e-13,1.909305981e-13,1.861497372e-13,1.700913576e-13,1.052366473e-13,5.001383245e-14,5.892649117e-14,1.194985605e-13,5.677728781e-14,6.850041633e-14,7.350807998e-14,2.063697333e-13,1.788390524e-13,3.566959597e-14,3.952052207e-13,7.441575503e-14
125.515625,1.86836484e-13,1.572284537e-13,2.903927537e-13,1.53132082e-13,3.496689562e-13,1.827524584e-13,6.980014079e-14,1.434965946e-13,1.246090942e-13,6.333789779e-14,1.964576086e-13,1.758116958e-13,4.020321687e-13,2.948492453e-13,3.821327428e-13,2.957672569e-13,2.650555611e-13,1.920911873e-13,1.861713414e-13,1.691830041e-13,1.058657427e-13,5.021272277e-14,5.938524916e-14,1.19213583e-13,5.659824062e-14,6.826027238e-14,7.295888574e-14,2.058762325e-13,1.784993919e-13,3.588312672e-14,3.960539719e-13,7.397461188e-14
125.5234375,1.889145773e-13,1.588412881e-13,2.898364005e-13,1.516479067e-13,3.496153777e-13,1.812954817e-13,6.861078735e-14,1.432483258e-13,1.24689654e-13,6.200224559e-14,1.968218201e-13,1.758643688e-13,4.009984717e-13,2.974049171e-13,3.807050428e-13,2.947043105e-13,2.658553894e-13,1.931559392e-13,1.861536257e-13,1.680963311e-13,1.064896187e-13,5.03752947e-14,5.982845216e-14,1.188273684e-13,5.638250754e-14,6.799825251e-14,7.247316074e-14,2.05315434e-13,1.781505788e-13,3.611757463e-14,3.967552836e-13,7.349751631e-14
125.53125,1.908822236e-13,1.604621527e-13,2.892943866e-13,1.501923064e-13,3.493364614e-13,1.797390604e-13,6.740914976e-14,1.429100001e-13,1.246822887e-13,6.074825275e-14,1.972675927e-13,1.758919669e-13,3.998850887e-13,2.998032873e-13,3.793131865e-13,2.937199833e-13,2.666564618e-13,1.9420057e-13,1.861523783e-13,1.667719467e-13,1.071158184e-13,5.0504535e-14,6.028823222e-14,1.18395533e-13,5.615568921e-14,6.776333808e-14,7.199818613e-14,2.048058931e-13,1.778102533e-13,3.641448118e-14,3.973701035e-13,7.29470625e-14
125.5390625,1.929238039e-13,1.621438064e-13,2.890086356e-13,1.490256918e-13,3.489602104e-13,1.783026564e-13,6.622509498e-14,1.424801303e-13,1.246548029e-13,5.95665167e-14,1.978256407e-13,1.760356101e-13,3.986890436e-13,3.021178303e-13,3.780961328e-13,2.928077676e-13,2.675309036e-13,1.953629909e-13,1.862716977e-13,1.653710185e-13,1.077357107e-13,5.066378395e-14,6.076176311e-14,1.17960223e-13,5.594815578e-14,6.750546055e-14,7.148781949e-14,2.043851212e-13,1.773561402e-13,3.671145207e-14,3.981731957e-13,7.234332646e-14
125.546875,1.951510973e-13,1.63874036e-13,2.887735889e-13,1.479304775e-13,3.485678547e-13,1.768786876e-13,6.502739646e-14,1.419439251e-13,1.246251691e-13,5.842849567e-14,1.983665403e-13,1.762132397e-13,3.973553262e-13,3.043719057e-13,3.770204224e-13,2.920020968e-13,2.684403618e-13,1.96555133e-13,1.864104083e-13,1.640167756e-13,1.083167342e-13,5.08409819e-14,6.121717821e-14,1.174896238e-13,5.573313989e-14,6.718096977e-14,7.098213391e-14,2.039776294e-13,1.767324227e-13,3.696238367e-14,3.990925334e-13,7.17359663e-14
125.5546875,1.974275322e-13,1.656923808e-13,2.882925423e-13,1.467006255e-13,3.480491679e-13,1.752461909e-13,6.381060158e-14,1.41378658e-13,1.245807549e-13,5.734803985e-14,1.988406954e-13,1.76320965e-13,3.95868784e-13,3.065571416e-13,3.758968973e-13,2.912595039e-13,2.692817196e-13,1.976147516e-13,1.864343173e-13,1.625404014e-13,1.088762307e-13,5.099009072e-14,6.163701241e-14,1.169917632e-13,5.547652615e-14,6.684189205e-14,7.053761994e-14,2.035836896e-13,1.760784083e-13,3.722836825e-14,3.99945988e-13,7.110733021e-14
125.5625,1.997783682e-13,1.677193631e-13,2.878330147e-13,1.454008145e-13,3.474599631e-13,1.735870198e-13,6.263862523e-14,1.407817937e-13,1.245380291e-13,5.633003949e-14,1.993795767e-13,1.764681988e-13,3.943169557e-13,3.088441201e-13,3.748089545e-13,2.904773763e-13,2.700991191e-13,1.986260574e-13,1.864874924e-13,1.608968796e-13,1.094882033e-13,5.114835653e-14,6.202089407e-14,1.165056855e-13,5.518901328e-14,6.652244051e-14,7.015088042e-14,2.033141852e-13,1.754957821e-13,3.756094243e-14,4.008225639e-13,7.042502457e-14
125.5703125,2.024060508e-13,1.700608709e-13,2.877054745e-13,1.441100313e-13,3.470430702e-13,1.721376617e-13,6.150646603e-14,1.400740792e-13,1.245503164e-13,5.539965163e-14,2.000415242e-13,1.767932206e-13,3.928316278e-13,3.113677909e-13,3.739555117e-13,2.897370714e-13,2.710365542e-13,1.997881572e-13,1.867731008e-13,1.593997532e-13,1.101446113e-13,5.137356887e-14,6.237598019e-14,1.160169709e-13,5.48976774e-14,6.622807842e-14,6.979945887e-14,2.032992415e-13,1.749420127e-13,3.793589374e-14,4.019102566e-13,6.971906558e-14
125.578125,2.052254157e-13,1.725242e-13,2.876471892e-13,1.429122054e-13,3.46686395e-13,1.706778238e-13,6.032631779e-14,1.392873616e-13,1.24591491e-13,5.458482187e-14,2.007124201e-13,1.772042326e-13,3.914246726e-13,3.139538742e-13,3.73125248e-13,2.889917834e-13,2.720123879e-13,2.010786322e-13,1.871897875e-13,1.580691921e-13,1.107654886e-13,5.162780773e-14,6.27290102e-14,1.155049599e-13,5.460843825e-14,6.596276429e-14,6.949795722e-14,2.03468814e-13,1.743058679e-13,3.832473543e-14,4.031413181e-13,6.899805989e-14
125.5859375,2.079865352e-13,1.748622502e-13,2.87423201e-13,1.417855916e-13,3.460483622e-13,1.689705761e-13,5.907938874e-14,1.384293387e-13,1.24530025e-13,5.383284383e-14,2.013572675e-13,1.775339991e-13,3.899048233e-13,3.163665795e-13,3.720333569e-13,2.879720813e-13,2.728039234e-13,2.023296583e-13,1.875447108e-13,1.565306034e-13,1.113513229e-13,5.183729173e-14,6.308665279e-14,1.149437185e-13,5.429328346e-14,6.568156064e-14,6.925586532e-14,2.036131762e-13,1.735239354e-13,3.87292704e-14,4.042088847e-13,6.82132751e-14
125.59375,2.106975497e-13,1.772529525e-13,2.872393368e-13,1.405093184e-13,3.452099474e-13,1.67192433e-13,5.783911401e-14,1.374224905e-13,1.243512917e-13,5.310903684e-14,2.020797278e-13,1.778198111e-13,3.881409489e-13,3.186196452e-13,3.708642279e-13,2.86719795e-13,2.733504542e-13,2.035300196e-13,1.879024134e-13,1.547126036e-13,1.119394405e-13,5.202156631e-14,6.342104384e-14,1.142678724e-13,5.393735622e-14,6.53742399e-14,6.905744213e-14,2.037414573e-13,1.72724201e-13,3.915501967e-14,4.050491706e-13,6.737078785e-14
125.6015625,2.134758129e-13,1.797704135e-13,2.872296547e-13,1.390732265e-13,3.445077996e-13,1.655321783e-13,5.665296446e-14,1.363239024e-13,1.241975276e-13,5.246490404e-14,2.029001468e-13,1.781734963e-13,3.862840082e-13,3.208570423e-13,3.698882452e-13,2.855227433e-13,2.737912256e-13,2.048041378e-13,1.884005965e-13,1.527912029e-13,1.124955846e-13,5.225595113e-14,6.372751882e-14,1.13504692e-13,5.359145926e-14,6.509402003e-14,6.890090015e-14,2.039577246e-13,1.720230109e-13,3.959021679e-14,4.059959391e-13,6.652497902e-14
125.609375,2.163399028e-13,1.821787891e-13,2.872789121e-13,1.377340977e-13,3.439454917e-13,1.639195864e-13,5.549003181e-14,1.352530678e-13,1.241037961e-13,5.190661982e-14,2.037603891e-13,1.785671192e-13,3.844790402e-13,3.231013488e-13,3.690263631e-13,2.844149836e-13,2.743444327e-13,2.061865226e-13,1.889865513e-13,1.508207706e-13,1.1298461e-13,5.253833625e-14,6.401068533e-14,1.127709538e-13,5.328102606e-14,6.481794186e-14,6.875804563e-14,2.042075412e-13,1.712543516e-13,4.001256476e-14,4.071874276e-13,6.566755171e-14
125.6171875,2.193690366e-13,1.847226102e-13,2.873634365e-13,1.365334685e-13,3.433118878e-13,1.623036632e-13,5.431505197e-14,1.341874946e-13,1.239756285e-13,5.140974726e-14,2.047053565e-13,1.789737216e-13,3.826476915e-13,3.252797054e-13,3.681722141e-13,2.833384117e-13,2.751055989e-13,2.076543664e-13,1.895866578e-13,1.48899771e-13,1.134270202e-13,5.281007842e-14,6.425302732e-14,1.120481121e-13,5.294351254e-14,6.449981338e-14,6.858644924e-14,2.045608724e-13,1.702953973e-13,4.043376136e-14,4.083739253e-13,6.476522818e-14
125.625,2.225795064e-13,1.876454183e-13,2.876115311e-13,1.353563666e-13,3.426013859e-13,1.607531125e-13,5.315323714e-14,1.330463068e-13,1.237809851e-13,5.103392601e-14,2.058049736e-13,1.794393298e-13,3.807651491e-13,3.274127956e-13,3.674623643e-13,2.824266601e-13,2.75977604e-13,2.09283938e-13,1.902587032e-13,1.47052229e-13,1.13833206e-13,5.306384717e-14,6.446604455e-14,1.112356482e-13,5.257618872e-14,6.418745983e-14,6.843500748e-14,2.051739504e-13,1.693045142e-13,4.08994865e-14,4.094485131e-13,6.383655995e-14
125.6328125,2.256803841e-13,1.904313721e-13,2.880439764e-13,1.342514685e-13,3.418945143e-13,1.592558825e-13,5.203637976e-14,1.317905795e-13,1.235246209e-13,5.081250374e-14,2.069577454e-13,1.799185382e-13,3.789418875e-13,3.29555528e-13,3.669851421e-13,2.817249201e-13,2.768174821e-13,2.111147263e-13,1.910147966e-13,1.450521601e-13,1.141800594e-13,5.33175438e-14,6.468229774e-14,1.103670486e-13,5.226717325e-14,6.391663148e-14,6.835618951e-14,2.058513119e-13,1.683768732e-13,4.141040839e-14,4.104936373e-13,6.29042913e-14
125.640625,2.284587591e-13,1.929858276e-13,2.884813219e-13,1.33220535e-13,3.410349536e-13,1.576808969e-13,5.095487509e-14,1.30430525e-13,1.23198857e-13,5.066832583e-14,2.080055913e-13,1.803649141e-13,3.771494754e-13,3.316069511e-13,3.666009113e-13,2.810332914e-13,2.775063842e-13,2.1299994e-13,1.917679874e-13,1.427930857e-13,1.144820623e-13,5.35649295e-14,6.489777141e-14,1.095187036e-13,5.201627608e-14,6.36830319e-14,6.82991795e-14,2.063436464e-13,1.675108321e-13,4.191941114e-14,4.115287998e-13,6.196277352e-14
125.6484375,2.311406869e-13,1.95998447e-13,2.888355162e-13,1.32133642e-13,3.398357933e-13,1.560037458e-13,4.989657898e-14,1.290239679e-13,1.228528269e-13,5.055240659e-14,2.08980426e-13,1.808754447e-13,3.752563399e-13,3.334555838e-13,3.662271475e-13,2.802575997e-13,2.780450298e-13,2.148136154e-13,1.925255474e-13,1.403865736e-13,1.148118868e-13,5.382514984e-14,6.508872579e-14,1.086792196e-13,5.1748148e-14,6.351472798e-14,6.824854082e-14,2.067994467e-13,1.667973097e-13,4.241483855e-14,4.126641857e-13,6.101026568e-14
125.65625,2.340436175e-13,1.994354594e-13,2.892525565e-13,1.310193436e-13,3.38489973e-13,1.544364796e-13,4.885254958e-14,1.275861181e-13,1.225287614e-13,5.048015109e-14,2.099893963e-13,1.814663105e-13,3.732650718e-13,3.352312723e-13,3.65944566e-13,2.795191005e-13,2.786130268e-13,2.16615662e-13,1.933818273e-13,1.37983015e-13,1.15173213e-13,5.412954593e-14,6.52340484e-14,1.078125379e-13,5.146015994e-14,6.337785812e-14,6.822911945e-14,2.073875359e-13,1.661561098e-13,4.291679861e-14,4.139801094e-13,6.005159638e-14
125.6640625,2.372215e-13,2.026266892e-13,2.898016688e-13,1.299723992e-13,3.373521308e-13,1.531275237e-13,4.781052257e-14,1.260885671e-13,1.222007269e-13,5.044750789e-14,2.10994505e-13,1.820120855e-13,3.71251734e-13,3.371484399e-13,3.657039269e-13,2.788282499e-13,2.792833202e-13,2.185160557e-13,1.943324807e-13,1.357604871e-13,1.154582804e-13,5.445792372e-14,6.533406281e-14,1.068887313e-13,5.118307945e-14,6.31671207e-14,6.817641507e-14,2.080147587e-13,1.653521007e-13,4.343002607e-14,4.15322159e-13,5.909149777e-14
125.671875,2.40455197e-13,2.055276615e-13,2.904117992e-13,1.289299451e-13,3.363974537e-13,1.518970837e-13,4.678843205e-14,1.245601753e-13,1.218580226e-13,5.046765685e-14,2.119752296e-13,1.825206764e-13,3.692119701e-13,3.39155679e-13,3.653432575e-13,2.780861081e-13,2.799225284e-13,2.205168883e-13,1.952823343e-13,1.336820147e-13,1.156406561e-13,5.477966118e-14,6.543059011e-14,1.059261359e-13,5.091005754e-14,6.28762389e-14,6.807961107e-14,2.086186725e-13,1.644217351e-13,4.395894671e-14,4.166330706e-13,5.813202422e-14
125.6796875,2.434686557e-13,2.084519034e-13,2.910887551e-13,1.278692788e-13,3.353132729e-13,1.505796762e-13,4.580175552e-14,1.230094784e-13,1.215018182e-13,5.058516555e-14,2.130371751e-13,1.830761179e-13,3.671116025e-13,3.409802695e-13,3.648893024e-13,2.773206353e-13,2.804731452e-13,2.224942365e-13,1.961829466e-13,1.31493592e-13,1.15816755e-13,5.510085521e-14,6.553557637e-14,1.050080183e-13,5.063265107e-14,6.258561318e-14,6.803297635e-14,2.092509371e-13,1.635318886e-13,4.450135385e-14,4.179402789e-13,5.716049447e-14
125.6875,2.463398148e-13,2.114497553e-13,2.91842108e-13,1.268883687e-13,3.340476112e-13,1.492987421e-13,4.482849352e-14,1.213854609e-13,1.211177966e-13,5.080165203e-14,2.141943517e-13,1.836450057e-13,3.649867449e-13,3.425676157e-13,3.644600844e-13,2.765428205e-13,2.809787805e-13,2.243943332e-13,1.970888965e-13,1.292078304e-13,1.16006636e-13,5.54421255e-14,6.560800381e-14,1.041201295e-13,5.035513265e-14,6.232326569e-14,6.802025382e-14,2.099654907e-13,1.626763602e-13,4.504050491e-14,4.19141648e-13,5.617499241e-14
125.6953125,2.493085511e-13,2.144915016e-13,2.926518601e-13,1.259837574e-13,3.328052459e-13,1.481212349e-13,4.386298998e-14,1.197299078e-13,1.207327644e-13,5.110412394e-14,2.153997582e-13,1.842347037e-13,3.628546439e-13,3.441219104e-13,3.640476101e-13,2.75650302e-13,2.814187164e-13,2.263491108e-13,1.980940543e-13,1.269859781e-13,1.161559639e-13,5.582215637e-14,6.565469565e-14,1.031673242e-13,5.008526213e-14,6.206537426e-14,6.798907922e-14,2.108035011e-13,1.618098986e-13,4.559038288e-14,4.203533441e-13,5.520121435e-14
125.703125,2.521754314e-13,2.175843883e-13,2.93530468e-13,1.250565055e-13,3.315226757e-13,1.469307707e-13,4.292005316e-14,1.181076625e-13,1.203449882e-13,5.14988598e-14,2.166926795e-13,1.848946429e-13,3.606199203e-13,3.456060135e-13,3.636066207e-13,2.746491009e-13,2.817304958e-13,2.283688349e-13,1.991836669e-13,1.24730578e-13,1.162637899e-13,5.622320125e-14,6.571084523e-14,1.02178066e-13,4.982617615e-14,6.178620748e-14,6.800478247e-14,2.116908653e-13,1.608939415e-13,4.616493909e-14,4.217234572e-13,5.424090518e-14
125.7109375,2.547836343e-13,2.207879326e-13,2.944003383e-13,1.241124467e-13,3.299691625e-13,1.45774919e-13,4.199491674e-14,1.164352398e-13,1.198802136e-13,5.196132319e-14,2.180458047e-13,1.855366005e-13,3.583260174e-13,3.4684769e-13,3.631091145e-13,2.736364327e-13,2.819333564e-13,2.303251055e-13,2.002618299e-13,1.223632381e-13,1.163468896e-13,5.659942337e-14,6.575613345e-14,1.012048005e-13,4.957229534e-14,6.148285777e-14,6.807919418e-14,2.125143092e-13,1.599392412e-13,4.672430482e-14,4.229667015e-13,5.325997805e-14
125.71875,2.575796111e-13,2.24113851e-13,2.952599996e-13,1.232844308e-13,3.283635583e-13,1.448351654e-13,4.108115191e-14,1.146554996e-13,1.193626138e-13,5.24768234e-14,2.194017794e-13,1.86133531e-13,3.562343379e-13,3.480850645e-13,3.625286259e-13,2.726230431e-13,2.821694662e-13,2.32377022e-13,2.01364448e-13,1.200142605e-13,1.164255244e-13,5.697899742e-14,6.578447194e-14,1.001979119e-13,4.93369108e-14,6.11834275e-14,6.81635956e-14,2.133658436e-13,1.591007506e-13,4.725864445e-14,4.2403473e-13,5.225350789e-14
125.7265625,2.607452383e-13,2.273651135e-13,2.96282827e-13,1.226145385e-13,3.270428957e-13,1.440797226e-13,4.017394833e-14,1.128681823e-13,1.18894575e-13,5.308324298e-14,2.208386705e-13,1.867908795e-13,3.543080856e-13,3.495019306e-13,3.619238627e-13,2.716016269e-13,2.824864156e-13,2.347083467e-13,2.025842234e-13,1.17731551e-13,1.165210437e-13,5.742653734e-14,6.583559394e-14,9.917799913e-14,4.91286271e-14,6.089469787e-14,6.831383404e-14,2.143620422e-13,1.583449848e-13,4.782133215e-14,4.253415266e-13,5.125386389e-14
125.734375,2.638019456e-13,2.304926802e-13,2.973671967e-13,1.219206633e-13,3.257321227e-13,1.433119159e-13,3.927302398e-14,1.110985041e-13,1.1843197e-13,5.378769552e-14,2.223492477e-13,1.87445907e-13,3.52191041e-13,3.507051812e-13,3.613637124e-13,2.705879913e-13,2.826911224e-13,2.370689844e-13,2.038472506e-13,1.154482736e-13,1.165726088e-13,5.789969843e-14,6.5893155e-14,9.821496207e-14,4.891828259e-14,6.059335103e-14,6.855564226e-14,2.15396323e-13,1.57440038e-13,4.841452465e-14,4.268070895e-13,5.027025212e-14
125.7421875,2.665506561e-13,2.33658388e-13,2.982750457e-13,1.211264587e-13,3.241239758e-13,1.424784504e-13,3.841163005e-14,1.092592371e-13,1.178858463e-13,5.456496577e-14,2.237950893e-13,1.879986205e-13,3.498823892e-13,3.515094416e-13,3.608027097e-13,2.695146659e-13,2.82649983e-13,2.392630353e-13,2.050758511e-13,1.131539072e-13,1.165247718e-13,5.833959013e-14,6.589177331e-14,9.72530726e-14,4.870213052e-14,6.02830335e-14,6.880629394e-14,2.163827061e-13,1.56483681e-13,4.898920261e-14,4.280391362e-13,4.928332417e-14
125.75,2.692418204e-13,2.36757723e-13,2.991553712e-13,1.204523952e-13,3.224831115e-13,1.417062852e-13,3.760820401e-14,1.073949423e-13,1.173135431e-13,5.542568094e-14,2.251768275e-13,1.885532557e-13,3.476098585e-13,3.522372209e-13,3.602683966e-13,2.683950035e-13,2.82501995e-13,2.414499593e-13,2.063446105e-13,1.109143605e-13,1.164280683e-13,5.879031073e-14,6.582930762e-14,9.62437215e-14,4.850443004e-14,5.997031628e-14,6.90521257e-14,2.17393167e-13,1.556380519e-13,4.954427008e-14,4.291321921e-13,4.829560221e-14
125.7578125,2.719656216e-13,2.397151672e-13,3.001341964e-13,1.199339692e-13,3.208779961e-13,1.410875257e-13,3.683378606e-14,1.056095408e-13,1.167461966e-13,5.637173658e-14,2.26543465e-13,1.891220355e-13,3.45274325e-13,3.528923996e-13,3.599793882e-13,2.675344859e-13,2.824991538e-13,2.436837904e-13,2.076865611e-13,1.087683683e-13,1.163066189e-13,5.926430947e-14,6.577165569e-14,9.524340018e-14,4.831360502e-14,5.964337687e-14,6.935289306e-14,2.184465039e-13,1.546658898e-13,5.01066778e-14,4.301879223e-13,4.733091229e-14
125.765625,2.746453835e-13,2.427998019e-13,3.010695162e-13,1.19358534e-13,3.189999884e-13,1.406094133e-13,3.60796935e-14,1.038309421e-13,1.16102135e-13,5.737641104e-14,2.278745257e-13,1.895881259e-13,3.427913682e-13,3.53280367e-13,3.599895845e-13,2.67083075e-13,2.827456066e-13,2.45906787e-13,2.090620811e-13,1.066300664e-13,1.161458235e-13,5.970970692e-14,6.574559771e-14,9.426094583e-14,4.812147566e-14,5.932076092e-14,6.973244622e-14,2.195239155e-13,1.534930599e-13,5.068453879e-14,4.310221874e-13,4.638084252e-14
125.7734375,2.771742549e-13,2.460194613e-13,3.020581851e-13,1.188316398e-13,3.169837294e-13,1.40261605e-13,3.53581407e-14,1.019575521e-13,1.153936244e-13,5.84402315e-14,2.29218941e-13,1.900333741e-13,3.40345157e-13,3.535776935e-13,3.599648645e-13,2.666201034e-13,2.829661801e-13,2.48154676e-13,2.104647072e-13,1.044730071e-13,1.159870229e-13,6.015088719e-14,6.569278736e-14,9.325640727e-14,4.793121793e-14,5.900991371e-14,7.016530786e-14,2.206817107e-13,1.524182989e-13,5.127463633e-14,4.31682847e-13,4.540938458e-14
125.78125,2.79421435e-13,2.490621655e-13,3.031862685e-13,1.185396767e-13,3.151128303e-13,1.399816312e-13,3.465807039e-14,1.000573759e-13,1.146968966e-13,5.957458199e-14,2.30571756e-13,1.905325857e-13,3.37939155e-13,3.53793479e-13,3.595762662e-13,2.657760718e-13,2.827718051e-13,2.503132866e-13,2.118133259e-13,1.024429816e-13,1.158071946e-13,6.061596192e-14,6.556870161e-14,9.223597612e-14,4.77092339e-14,5.866802096e-14,7.057934223e-14,2.218968382e-13,1.514372324e-13,5.184976355e-14,4.322487264e-13,4.442348802e-14
125.7890625,2.814622372e-13,2.518137823e-13,3.041641979e-13,1.182387057e-13,3.131916649e-13,1.396297802e-13,3.398193151e-14,9.820750318e-14,1.139757914e-13,6.076932018e-14,2.318259752e-13,1.909275693e-13,3.354267106e-13,3.536297891e-13,3.588574159e-13,2.647258547e-13,2.822291175e-13,2.522415997e-13,2.130248361e-13,1.004944136e-13,1.155187799e-13,6.10470958e-14,6.541107032e-14,9.121057906e-14,4.745509381e-14,5.828895124e-14,7.096506803e-14,2.230329339e-13,1.502966818e-13,5.239020208e-14,4.325418059e-13,4.346902378e-14
125.796875,2.835675791e-13,2.543932451e-13,3.049437717e-13,1.177761568e-13,3.111053336e-13,1.392540396e-13,3.334554441e-14,9.637398448e-14,1.131931753e-13,6.200482591e-14,2.330622594e-13,1.911785324e-13,3.328540429e-13,3.532428937e-13,3.580528584e-13,2.636848264e-13,2.81680803e-13,2.541438663e-13,2.142389527e-13,9.839882378e-14,1.151667426e-13,6.144951984e-14,6.52556077e-14,9.017056192e-14,4.722112913e-14,5.790167252e-14,7.143069737e-14,2.241028185e-13,1.490537819e-13,5.29321151e-14,4.325860718e-13,4.254674497e-14
125.8046875,2.858348554e-13,2.571157468e-13,3.058128901e-13,1.174139168e-13,3.090413236e-13,1.390562471e-13,3.272889556e-14,9.455641221e-14,1.124008548e-13,6.32668775e-14,2.344478133e-13,1.914403247e-13,3.3029905e-13,3.529724737e-13,3.573657208e-13,2.626953344e-13,2.812252661e-13,2.562620289e-13,2.156052312e-13,9.626696086e-14,1.148361358e-13,6.189552296e-14,6.509387622e-14,8.910705128e-14,4.701054461e-14,5.749741604e-14,7.200257696e-14,2.253013902e-13,1.479132315e-13,5.350042378e-14,4.326113357e-13,4.162004902e-14
125.8125,2.879989295e-13,2.601199146e-13,3.068043435e-13,1.17234944e-13,3.069360697e-13,1.390119707e-13,3.210830373e-14,9.280975874e-14,1.11602582e-13,6.458096046e-14,2.359247955e-13,1.917371867e-13,3.27731207e-13,3.525877296e-13,3.567970146e-13,2.618061813e-13,2.80755811e-13,2.584648179e-13,2.170141458e-13,9.438744627e-14,1.144895721e-13,6.235855524e-14,6.493330524e-14,8.802907792e-14,4.679607614e-14,5.709370647e-14,7.259119247e-14,2.266591607e-13,1.468865947e-13,5.407004844e-14,4.325860756e-13,4.069466351e-14
125.8203125,2.897672216e-13,2.629519812e-13,3.07800539e-13,1.170407091e-13,3.046084605e-13,1.389634763e-13,3.149973448e-14,9.11085123e-14,1.107523176e-13,6.599499499e-14,2.373359086e-13,1.91985913e-13,3.251219851e-13,3.517727268e-13,3.561327349e-13,2.608879657e-13,2.801478329e-13,2.604904904e-13,2.183199381e-13,9.27021897e-14,1.141075743e-13,6.27762502e-14,6.478709438e-14,8.698790484e-14,4.658106209e-14,5.674805633e-14,7.31897151e-14,2.279606023e-13,1.458674094e-13,5.464030648e-14,4.32335213e-13,3.979588886e-14
125.828125,2.914022077e-13,2.654089023e-13,3.087459993e-13,1.167517569e-13,3.021577916e-13,1.389341142e-13,3.093040117e-14,8.939284256e-14,1.098655956e-13,6.750047808e-14,2.385712532e-13,1.92161914e-13,3.224581401e-13,3.507471441e-13,3.552636006e-13,2.597941703e-13,2.793521471e-13,2.623201119e-13,2.195524393e-13,9.101298347e-14,1.137380805e-13,6.31718249e-14,6.463544759e-14,8.599300857e-14,4.635605337e-14,5.642678209e-14,7.384631647e-14,2.291336875e-13,1.447590849e-13,5.522102621e-14,4.31888144e-13,3.891328811e-14
125.8359375,2.934004821e-13,2.678672313e-13,3.095822178e-13,1.163923481e-13,2.998109324e-13,1.39013372e-13,3.040123299e-14,8.769575759e-14,1.089860444e-13,6.90475529e-14,2.395894112e-13,1.922643043e-13,3.197538744e-13,3.498162068e-13,3.543467205e-13,2.586467358e-13,2.784240059e-13,2.641190088e-13,2.207767628e-13,8.936451913e-14,1.133632377e-13,6.358165793e-14,6.44533697e-14,8.496566969e-14,4.609720127e-14,5.602900483e-14,7.454473614e-14,2.303309402e-13,1.435446488e-13,5.577773887e-14,4.31409415e-13,3.804276199e-14
125.84375,2.955302729e-13,2.702305849e-13,3.104816103e-13,1.160280477e-13,2.977098497e-13,1.392187629e-13,2.988950313e-14,8.606871473e-14,1.08128478e-13,7.060590109e-14,2.40590677e-13,1.923268852e-13,3.170608672e-13,3.489263229e-13,3.535007442e-13,2.574818741e-13,2.773356471e-13,2.659774852e-13,2.219871751e-13,8.789439541e-14,1.129696239e-13,6.401470706e-14,6.422798554e-14,8.390408829e-14,4.581105064e-14,5.554754567e-14,7.524774869e-14,2.315672439e-13,1.423245752e-13,5.630335701e-14,4.309610851e-13,3.720375845e-14
125.8515625,2.972093519e-13,2.722858626e-13,3.116354285e-13,1.15804731e-13,2.957704788e-13,1.395472185e-13,2.938810266e-14,8.4481158e-14,1.072924203e-13,7.217633258e-14,2.418350002e-13,1.924104227e-13,3.144204444e-13,3.47913614e-13,3.526660604e-13,2.5621879e-13,2.760001308e-13,2.678392154e-13,2.231642505e-13,8.658247886e-14,1.12629717e-13,6.448604671e-14,6.396171372e-14,8.290824648e-14,4.552003793e-14,5.505086319e-14,7.592881366e-14,2.327702869e-13,1.411968773e-13,5.683654162e-14,4.3045114e-13,3.638460265e-14
125.859375,2.985741073e-13,2.744941287e-13,3.127751313e-13,1.157429588e-13,2.937138611e-13,1.399568049e-13,2.891674672e-14,8.289667855e-14,1.064507127e-13,7.380914937e-14,2.431796936e-13,1.92481191e-13,3.118352942e-13,3.467194549e-13,3.517789018e-13,2.549900788e-13,2.74517471e-13,2.696048946e-13,2.243121725e-13,8.530906854e-14,1.123406699e-13,6.497650522e-14,6.368566717e-14,8.198040963e-14,4.523490183e-14,5.456036085e-14,7.659901357e-14,2.340360145e-13,1.401240645e-13,5.737044219e-14,4.297387053e-13,3.55612189e-14
125.8671875,3.000595948e-13,2.769422559e-13,3.136793871e-13,1.157037573e-13,2.914017813e-13,1.404264406e-13,2.848117141e-14,8.131725845e-14,1.05535897e-13,7.554181645e-14,2.44324643e-13,1.924377176e-13,3.09218767e-13,3.452937058e-13,3.508611553e-13,2.539267499e-13,2.731208998e-13,2.712666988e-13,2.254384916e-13,8.406008386e-14,1.119925293e-13,6.542751063e-14,6.342760205e-14,8.102161435e-14,4.495394697e-14,5.407401626e-14,7.732108306e-14,2.353781465e-13,1.390321605e-13,5.788156343e-14,4.287200697e-13,3.474783069e-14
125.875,3.016014428e-13,2.791576055e-13,3.14587207e-13,1.156317137e-13,2.888916103e-13,1.410017798e-13,2.807462651e-14,7.971988481e-14,1.044996232e-13,7.730648263e-14,2.453434131e-13,1.92257901e-13,3.06502733e-13,3.436173041e-13,3.499852878e-13,2.529931178e-13,2.719464638e-13,2.729775156e-13,2.265342446e-13,8.290062674e-14,1.115540494e-13,6.582241217e-14,6.317015195e-14,7.999569341e-14,4.468448782e-14,5.361849756e-14,7.810204098e-14,2.366369181e-13,1.379705034e-13,5.839918226e-14,4.274392047e-13,3.396565725e-14
125.8828125,3.030469878e-13,2.811964918e-13,3.155975127e-13,1.155580837e-13,2.8628667e-13,1.416732266e-13,2.770561157e-14,7.810903523e-14,1.033999053e-13,7.905905008e-14,2.464026064e-13,1.920139364e-13,3.037765523e-13,3.417980077e-13,3.491251097e-13,2.520981602e-13,2.708364669e-13,2.748598955e-13,2.276075699e-13,8.182267071e-14,1.110630824e-13,6.620883291e-14,6.287954411e-14,7.895517751e-14,4.444208724e-14,5.317722919e-14,7.890838435e-14,2.378412277e-13,1.370039005e-13,5.893601586e-14,4.261126766e-13,3.322065141e-14
125.890625,3.044871577e-13,2.832277072e-13,3.165098745e-13,1.154650638e-13,2.837538814e-13,1.423973923e-13,2.736955717e-14,7.658092326e-14,1.023454052e-13,8.087426117e-14,2.473735024e-13,1.917481712e-13,3.010888164e-13,3.399246985e-13,3.481302707e-13,2.511029223e-13,2.694677373e-13,2.767878242e-13,2.286842939e-13,8.086646934e-14,1.10502445e-13,6.662184962e-14,6.256454498e-14,7.795929982e-14,4.420946347e-14,5.268737182e-14,7.978608783e-14,2.390890531e-13,1.361020474e-13,5.945231646e-14,4.24802624e-13,3.251853418e-14
125.8984375,3.058772755e-13,2.850667437e-13,3.172715686e-13,1.153320889e-13,2.813058373e-13,1.431561697e-13,2.704474353e-14,7.516978287e-14,1.013229156e-13,8.274605889e-14,2.481777472e-13,1.913992199e-13,2.984123156e-13,3.37952648e-13,3.469677695e-13,2.500005571e-13,2.678406176e-13,2.785888136e-13,2.2971348e-13,8.015824324e-14,1.098895339e-13,6.702456871e-14,6.226155056e-14,7.701290686e-14,4.396374381e-14,5.215472086e-14,8.075911443e-14,2.402338129e-13,1.352925124e-13,5.992930573e-14,4.232742956e-13,3.184436525e-14
125.90625,3.070356915e-13,2.867827931e-13,3.179645178e-13,1.152023837e-13,2.787212016e-13,1.43898845e-13,2.673471807e-14,7.377353544e-14,1.002435922e-13,8.457568882e-14,2.489678814e-13,1.909209937e-13,2.95844388e-13,3.358178601e-13,3.457013188e-13,2.488953649e-13,2.661510148e-13,2.802580397e-13,2.306154514e-13,7.965973873e-14,1.093194372e-13,6.737989732e-14,6.196678117e-14,7.609575403e-14,4.372376063e-14,5.162827208e-14,8.17575665e-14,2.412099607e-13,1.346254577e-13,6.038179246e-14,4.214284988e-13,3.117993155e-14
125.9140625,3.079463751e-13,2.884763723e-13,3.186486549e-13,1.151131547e-13,2.759568725e-13,1.446420706e-13,2.645772684e-14,7.235013826e-14,9.912552195e-14,8.643155996e-14,2.497656794e-13,1.903818624e-13,2.933704101e-13,3.334458929e-13,3.443091828e-13,2.477439038e-13,2.642960029e-13,2.81798502e-13,2.314476411e-13,7.921746393e-14,1.088005947e-13,6.773098494e-14,6.165299663e-14,7.521798419e-14,4.349332292e-14,5.110452668e-14,8.279155806e-14,2.422185769e-13,1.340197194e-13,6.081742069e-14,4.194351073e-13,3.055049509e-14
125.921875,3.086997733e-13,2.900196281e-13,3.193642343e-13,1.150364466e-13,2.731380446e-13,1.454944167e-13,2.621952065e-14,7.096826721e-14,9.801637353e-14,8.843679853e-14,2.504610825e-13,1.898367953e-13,2.907983249e-13,3.307731887e-13,3.428048784e-13,2.465235716e-13,2.621767249e-13,2.831784619e-13,2.323084384e-13,7.876849853e-14,1.082704789e-13,6.811318741e-14,6.132151545e-14,7.437205681e-14,4.324776389e-14,5.057083915e-14,8.393479932e-14,2.433197711e-13,1.334564313e-13,6.123014326e-14,4.173687916e-13,2.996828357e-14
125.9296875,3.094149791e-13,2.914692606e-13,3.20079865e-13,1.149715191e-13,2.702899941e-13,1.464729631e-13,2.601597647e-14,6.963257588e-14,9.688724764e-14,9.048693718e-14,2.510705818e-13,1.892580773e-13,2.881704762e-13,3.279515157e-13,3.41195621e-13,2.452492964e-13,2.599651013e-13,2.844683435e-13,2.331580935e-13,7.832326981e-14,1.077415378e-13,6.849165619e-14,6.097171236e-14,7.35211117e-14,4.299114807e-14,5.001864783e-14,8.511263168e-14,2.443809494e-13,1.329814603e-13,6.161262425e-14,4.151849431e-13,2.93911467e-14
125.9375,3.102677213e-13,2.928335365e-13,3.207705847e-13,1.149787896e-13,2.674925099e-13,1.475344624e-13,2.582066013e-14,6.829486805e-14,9.574185513e-14,9.245215915e-14,2.516366405e-13,1.886242513e-13,2.855853971e-13,3.251794748e-13,3.393719627e-13,2.438166926e-13,2.577500012e-13,2.857591169e-13,2.339313571e-13,7.800520577e-14,1.072259173e-13,6.885809545e-14,6.0614215e-14,7.266316952e-14,4.272597286e-14,4.941991123e-14,8.624891763e-14,2.454035892e-13,1.324851667e-13,6.198277213e-14,4.128752174e-13,2.880958139e-14
125.9453125,3.112339577e-13,2.940578901e-13,3.214296064e-13,1.150341495e-13,2.647786663e-13,1.486499273e-13,2.560276591e-14,6.698016551e-14,9.460416864e-14,9.439259683e-14,2.52165331e-13,1.879128155e-13,2.829270248e-13,3.223586643e-13,3.374051714e-13,2.423236567e-13,2.554948184e-13,2.870445903e-13,2.346438039e-13,7.794864314e-14,1.066974961e-13,6.923323375e-14,6.030232206e-14,7.179683523e-14,4.244134385e-14,4.881254559e-14,8.752663649e-14,2.464722746e-13,1.319879841e-13,6.236875363e-14,4.104152341e-13,2.826358397e-14
125.953125,3.120090134e-13,2.953804331e-13,3.219856864e-13,1.15072106e-13,2.619642768e-13,1.497500341e-13,2.538072975e-14,6.572608891e-14,9.344015606e-14,9.633493728e-14,2.527197945e-13,1.871068065e-13,2.802948246e-13,3.193682845e-13,3.354982819e-13,2.409428784e-13,2.531175956e-13,2.882511863e-13,2.352904638e-13,7.804648635e-14,1.062104882e-13,6.959306888e-14,6.002600051e-14,7.092747553e-14,4.215582453e-14,4.825350092e-14,8.908731863e-14,2.475633527e-13,1.317054914e-13,6.274933793e-14,4.078368742e-13,2.775980303e-14
125.9609375,3.125518083e-13,2.967657416e-13,3.224849699e-13,1.151458952e-13,2.590589145e-13,1.508513637e-13,2.519673207e-14,6.451204868e-14,9.226127276e-14,9.822421988e-14,2.532833412e-13,1.862585242e-13,2.779084133e-13,3.163307825e-13,3.336049281e-13,2.39539571e-13,2.505015488e-13,2.893283988e-13,2.358441843e-13,7.818677432e-14,1.057934052e-13,6.992847734e-14,5.970918161e-14,7.012188009e-14,4.187468784e-14,4.768347427e-14,9.069395552e-14,2.486293363e-13,1.315449153e-13,6.309017485e-14,4.052158448e-13,2.728441719e-14
125.96875,3.132150364e-13,2.978603861e-13,3.230324856e-13,1.152796233e-13,2.562477044e-13,1.520530346e-13,2.505189186e-14,6.332846695e-14,9.11102863e-14,1.001218146e-13,2.537186471e-13,1.853789467e-13,2.755907499e-13,3.13266901e-13,3.316269667e-13,2.381260818e-13,2.477853577e-13,2.903547808e-13,2.363283401e-13,7.850525435e-14,1.053307184e-13,7.026506741e-14,5.935805506e-14,6.938786258e-14,4.158328331e-14,4.70564368e-14,9.214690853e-14,2.496792834e-13,1.313036642e-13,6.341030794e-14,4.024719369e-13,2.68426479e-14
125.9765625,3.140698199e-13,2.98731099e-13,3.235307423e-13,1.153913363e-13,2.534531672e-13,1.533215867e-13,2.492344561e-14,6.219737755e-14,8.995092091e-14,1.020859025e-13,2.539787114e-13,1.843996243e-13,2.731688011e-13,3.100560327e-13,3.295844567e-13,2.368743568e-13,2.451664118e-13,2.914405338e-13,2.367718381e-13,7.907175267e-14,1.047772458e-13,7.05906328e-14,5.900186436e-14,6.865193514e-14,4.130507475e-14,4.643641653e-14,9.363600202e-14,2.507072446e-13,1.311351955e-13,6.372609837e-14,3.995431628e-13,2.642197388e-14
125.984375,3.148402356e-13,2.995073999e-13,3.239827397e-13,1.155034703e-13,2.506029839e-13,1.546067062e-13,2.480199018e-14,6.111502908e-14,8.876659225e-14,1.040385391e-13,2.541307942e-13,1.833460224e-13,2.708147661e-13,3.067822644e-13,3.274017288e-13,2.35565256e-13,2.424803354e-13,2.925403555e-13,2.371834542e-13,7.977188574e-14,1.042497995e-13,7.089525098e-14,5.859964437e-14,6.792190695e-14,4.104837413e-14,4.583992737e-14,9.53046782e-14,2.516825076e-13,1.311556938e-13,6.402883167e-14,3.965569016e-13,2.600323861e-14
125.9921875,3.154864317e-13,3.001646001e-13,3.245829557e-13,1.156979209e-13,2.47806696e-13,1.559427817e-13,2.468214007e-14,6.005654641e-14,8.759823668e-14,1.059425797e-13,2.542612797e-13,1.823050194e-13,2.6858836e-13,3.035592352e-13,3.250847745e-13,2.340676141e-13,2.395948278e-13,2.935893817e-13,2.375676654e-13,8.062478988e-14,1.038144787e-13,7.12034544e-14,5.816305005e-14,6.72232101e-14,4.077509184e-14,4.524375821e-14,9.704022108e-14,2.526542731e-13,1.312591744e-13,6.434955055e-14,3.935421099e-13,2.559945482e-14
126,3.161143367e-13,3.010661456e-13,3.25227982e-13,1.159716327e-13,2.450015995e-13,1.572669071e-13,2.457114736e-14,5.902585499e-14,8.644729159e-14,1.078459816e-13,2.544433402e-13,1.812783966e-13,2.664177213e-13,3.002673269e-13,3.227966803e-13,2.32648366e-13,2.366266223e-13,2.946440736e-13,2.379065209e-13,8.180299661e-14,1.034319934e-13,7.151453949e-14,5.774455063e-14,6.652032911e-14,4.047930882e-14,4.468287487e-14,9.881606718e-14,2.537653221e-13,1.314948072e-13,6.471104926e-14,3.904319765e-13,2.522197023e-14
126.0078125,3.167061088e-13,3.022987018e-13,3.257481149e-13,1.163382033e-13,2.421510407e-13,1.585609867e-13,2.450462641e-14,5.804678546e-14,8.532064166e-14,1.097667799e-13,2.546475725e-13,1.802374122e-13,2.643638255e-13,2.968227241e-13,3.205053388e-13,2.313085485e-13,2.33588705e-13,2.957142671e-13,2.381894678e-13,8.330393341e-14,1.030605566e-13,7.182802996e-14,5.731600021e-14,6.585454136e-14,4.018153106e-14,4.414292599e-14,1.006677379e-13,2.550380795e-13,1.319307474e-13,6.506029848e-14,3.873041844e-13,2.486974417e-14
126.015625,3.173555468e-13,3.032387378e-13,3.263349044e-13,1.167622938e-13,2.394260751e-13,1.599847113e-13,2.450649393e-14,5.71062794e-14,8.421604798e-14,1.116829375e-13,2.547731384e-13,1.791346476e-13,2.623680643e-13,2.933275636e-13,3.181652761e-13,2.299136093e-13,2.305239535e-13,2.967396709e-13,2.384168109e-13,8.494969932e-14,1.026798541e-13,7.215723631e-14,5.685991546e-14,6.526893085e-14,3.988665163e-14,4.35730178e-14,1.025406759e-13,2.562545539e-13,1.32488616e-13,6.535527887e-14,3.841225629e-13,2.455447278e-14
126.0234375,3.181966078e-13,3.038178096e-13,3.27022773e-13,1.170961521e-13,2.367650305e-13,1.615345916e-13,2.45568204e-14,5.617007124e-14,8.30495358e-14,1.135306701e-13,2.547978694e-13,1.778938912e-13,2.602665943e-13,2.89865505e-13,3.159847318e-13,2.286780514e-13,2.276147348e-13,2.97773417e-13,2.385511615e-13,8.677582913e-14,1.023111963e-13,7.246748576e-14,5.642145836e-14,6.467668892e-14,3.961042281e-14,4.302054667e-14,1.044709188e-13,2.572537569e-13,1.332036053e-13,6.562614273e-14,3.806765008e-13,2.427182214e-14
126.03125,3.191979974e-13,3.046128478e-13,3.276163791e-13,1.173643922e-13,2.340449839e-13,1.630671879e-13,2.462655848e-14,5.524888712e-14,8.18295954e-14,1.1529749e-13,2.547630818e-13,1.765773669e-13,2.581641751e-13,2.864904885e-13,3.14013506e-13,2.277157645e-13,2.248666421e-13,2.989764062e-13,2.3860847e-13,8.891336251e-14,1.019891428e-13,7.274869413e-14,5.601530946e-14,6.404970863e-14,3.937025736e-14,4.252566233e-14,1.065252784e-13,2.582035661e-13,1.341449364e-13,6.591145373e-14,3.770986358e-13,2.39920249e-14
126.0390625,3.203493229e-13,3.055449093e-13,3.283483097e-13,1.177619827e-13,2.315197007e-13,1.646980975e-13,2.471506167e-14,5.437065911e-14,8.070043159e-14,1.17125996e-13,2.547376599e-13,1.753477554e-13,2.562676104e-13,2.832833766e-13,3.12050932e-13,2.268377279e-13,2.221816504e-13,3.004276602e-13,2.387095253e-13,9.114282086e-14,1.016871298e-13,7.307601294e-14,5.56370497e-14,6.347527849e-14,3.916383287e-14,4.203158652e-14,1.086462818e-13,2.593614186e-13,1.352584631e-13,6.621990826e-14,3.737547931e-13,2.371119582e-14
126.046875,3.215776872e-13,3.062605827e-13,3.294799584e-13,1.183285276e-13,2.292752272e-13,1.665803318e-13,2.484075752e-14,5.354095968e-14,7.967878006e-14,1.190834846e-13,2.548052234e-13,1.742092513e-13,2.545469741e-13,2.8017929e-13,3.100781515e-13,2.260083318e-13,2.195163591e-13,3.019802432e-13,2.388856857e-13,9.330339805e-14,1.013900934e-13,7.346863e-14,5.527241972e-14,6.297842472e-14,3.89777208e-14,4.151734476e-14,1.108285931e-13,2.60742042e-13,1.36546945e-13,6.653646853e-14,3.706017923e-13,2.346473307e-14
126.0546875,3.226673157e-13,3.071064532e-13,3.306302842e-13,1.189645626e-13,2.269228435e-13,1.685096452e-13,2.500308141e-14,5.278443785e-14,7.865418474e-14,1.210144353e-13,2.549176759e-13,1.7304294e-13,2.528724185e-13,2.769892909e-13,3.082124832e-13,2.253739261e-13,2.167973318e-13,3.034231957e-13,2.390177039e-13,9.567586213e-14,1.011450545e-13,7.385208e-14,5.488340236e-14,6.254746434e-14,3.878850212e-14,4.103698648e-14,1.131281891e-13,2.62152107e-13,1.380619083e-13,6.682915717e-14,3.673856028e-13,2.32857023e-14
126.0625,3.236690896e-13,3.082904388e-13,3.314844658e-13,1.196123092e-13,2.243436279e-13,1.702654371e-13,2.516986843e-14,5.210484861e-14,7.759548059e-14,1.228048457e-13,2.549454492e-13,1.718030887e-13,2.512415799e-13,2.737264316e-13,3.064263197e-13,2.249618623e-13,2.140657953e-13,3.048290534e-13,2.390434034e-13,9.838152817e-14,1.009489355e-13,7.420006348e-14,5.449778063e-14,6.218717883e-14,3.860920923e-14,4.062858966e-14,1.155304789e-13,2.633966839e-13,1.398059616e-13,6.708939558e-14,3.641763921e-13,2.316103093e-14
126.0703125,3.248766718e-13,3.093407836e-13,3.323823525e-13,1.202821964e-13,2.218994296e-13,1.720082608e-13,2.532692987e-14,5.142690129e-14,7.653014617e-14,1.244954342e-13,2.549427367e-13,1.705300706e-13,2.497517978e-13,2.706131814e-13,3.046235523e-13,2.246313433e-13,2.114745543e-13,3.064413528e-13,2.390367521e-13,1.012844684e-13,1.007710021e-13,7.454843102e-14,5.416051036e-14,6.18367778e-14,3.848548307e-14,4.027152835e-14,1.180338927e-13,2.645036876e-13,1.417704079e-13,6.735177129e-14,3.61111294e-13,2.303188896e-14
126.078125,3.264305434e-13,3.102481946e-13,3.336169536e-13,1.210455718e-13,2.197761333e-13,1.739692827e-13,2.550446029e-14,5.072545475e-14,7.549560661e-14,1.261636801e-13,2.55057465e-13,1.693016601e-13,2.484289627e-13,2.677351958e-13,3.027916495e-13,2.242757309e-13,2.090370563e-13,3.082622686e-13,2.390942753e-13,1.044251069e-13,1.006610515e-13,7.491935679e-14,5.381083753e-14,6.145748352e-14,3.838681582e-14,3.990202889e-14,1.206227217e-13,2.657801274e-13,1.438820085e-13,6.764574958e-14,3.581054931e-13,2.286317852e-14
126.0859375,3.282489311e-13,3.114863447e-13,3.350421469e-13,1.21927261e-13,2.178106495e-13,1.760765676e-13,2.571811285e-14,5.008986447e-14,7.454012948e-14,1.278838537e-13,2.552470614e-13,1.681570151e-13,2.471301912e-13,2.649790417e-13,3.010186961e-13,2.239985431e-13,2.06708364e-13,3.101066231e-13,2.392167457e-13,1.077849924e-13,1.006425468e-13,7.5319281e-14,5.341194334e-14,6.11428167e-14,3.825370549e-14,3.950903184e-14,1.232466495e-13,2.673498467e-13,1.461142671e-13,6.79620018e-14,3.551360163e-13,2.268947856e-14
126.09375,3.299333626e-13,3.127414377e-13,3.365209407e-13,1.22841768e-13,2.158321162e-13,1.781225643e-13,2.594805547e-14,4.955245484e-14,7.362486271e-14,1.295949047e-13,2.553717303e-13,1.670239689e-13,2.457096114e-13,2.622352322e-13,2.993756467e-13,2.239090795e-13,2.044297254e-13,3.118556284e-13,2.392631756e-13,1.112675778e-13,1.006461965e-13,7.572666235e-14,5.302311668e-14,6.09595654e-14,3.812335454e-14,3.917734708e-14,1.259742035e-13,2.688181773e-13,1.486031016e-13,6.827527011e-14,3.522778917e-13,2.255606024e-14
126.1015625,3.312002798e-13,3.135716363e-13,3.380184437e-13,1.237812297e-13,2.138051091e-13,1.800449058e-13,2.619267606e-14,4.904592049e-14,7.268368538e-14,1.311153169e-13,2.554332505e-13,1.658375083e-13,2.442360855e-13,2.595031318e-13,2.978222179e-13,2.239297035e-13,2.020629654e-13,3.135013391e-13,2.391354879e-13,1.149924033e-13,1.006714109e-13,7.610782763e-14,5.263664078e-14,6.084239244e-14,3.802707855e-14,3.893928315e-14,1.288416799e-13,2.699524462e-13,1.513593606e-13,6.857927697e-14,3.49475284e-13,2.245704001e-14
126.109375,3.326817932e-13,3.146388401e-13,3.394190226e-13,1.248613348e-13,2.118308234e-13,1.819292368e-13,2.646837756e-14,4.855058717e-14,7.176913535e-14,1.324986545e-13,2.555307879e-13,1.646217192e-13,2.428995605e-13,2.569024401e-13,2.963377827e-13,2.24057884e-13,1.996891835e-13,3.152117965e-13,2.389636288e-13,1.190359297e-13,1.007861646e-13,7.649279073e-14,5.220495519e-14,6.073454993e-14,3.791385236e-14,3.871950092e-14,1.317093241e-13,2.712116652e-13,1.542348617e-13,6.889449765e-14,3.466326643e-13,2.236426054e-14
126.1171875,3.349848419e-13,3.163795547e-13,3.407363247e-13,1.26105465e-13,2.100476074e-13,1.838791028e-13,2.67802898e-14,4.80949026e-14,7.091928203e-14,1.339764706e-13,2.556892091e-13,1.633681441e-13,2.417702497e-13,2.545015281e-13,2.94928297e-13,2.243931426e-13,1.975465995e-13,3.171784411e-13,2.388506701e-13,1.23423306e-13,1.009521722e-13,7.691844292e-14,5.177336419e-14,6.063536413e-14,3.778245816e-14,3.849298808e-14,1.345398227e-13,2.729078157e-13,1.572368725e-13,6.923439871e-14,3.436922483e-13,2.228008289e-14
126.125,3.374544428e-13,3.180451525e-13,3.421946004e-13,1.274317012e-13,2.084444024e-13,1.859079647e-13,2.714241958e-14,4.76764914e-14,7.006581825e-14,1.355226131e-13,2.55834357e-13,1.620712258e-13,2.407629387e-13,2.52173075e-13,2.935206831e-13,2.248540723e-13,1.955353856e-13,3.192966057e-13,2.386720744e-13,1.282189801e-13,1.010978661e-13,7.733622373e-14,5.137567646e-14,6.052538699e-14,3.768567009e-14,3.831474389e-14,1.374426639e-13,2.746351749e-13,1.604286384e-13,6.957886759e-14,3.406337302e-13,2.222807644e-14
126.1328125,3.395122316e-13,3.193338335e-13,3.438937527e-13,1.288201028e-13,2.069453224e-13,1.879605288e-13,2.756593057e-14,4.729732367e-14,6.920790545e-14,1.369731926e-13,2.559267913e-13,1.608471809e-13,2.397653356e-13,2.498927939e-13,2.921905725e-13,2.254038478e-13,1.935173421e-13,3.213946441e-13,2.384020432e-13,1.332150219e-13,1.012793768e-13,7.772265601e-14,5.098046375e-14,6.04262509e-14,3.76242981e-14,3.820340583e-14,1.404408133e-13,2.761084501e-13,1.637878387e-13,6.991263913e-14,3.376253425e-13,2.221025374e-14
126.140625,3.417242639e-13,3.208268035e-13,3.45718588e-13,1.302847589e-13,2.05568796e-13,1.900219416e-13,2.802162685e-14,4.696252958e-14,6.840673903e-14,1.383633699e-13,2.560590254e-13,1.597553811e-13,2.387432823e-13,2.478434118e-13,2.911522986e-13,2.262453774e-13,1.917290755e-13,3.235539499e-13,2.382107256e-13,1.382364268e-13,1.015646825e-13,7.814534863e-14,5.060935356e-14,6.041116499e-14,3.758857661e-14,3.815033813e-14,1.43529211e-13,2.775856475e-13,1.673885468e-13,7.025907385e-14,3.348165604e-13,2.221249277e-14
126.1484375,3.443666638e-13,3.226100304e-13,3.475688891e-13,1.318042844e-13,2.042930893e-13,1.920733087e-13,2.847335661e-14,4.663969671e-14,6.763872656e-14,1.39746122e-13,2.563202208e-13,1.586862508e-13,2.377667209e-13,2.459990873e-13,2.903479365e-13,2.274321364e-13,1.902259252e-13,3.258603555e-13,2.380987724e-13,1.43400753e-13,1.019200901e-13,7.861259447e-14,5.02830415e-14,6.046177297e-14,3.75911606e-14,3.816727263e-14,1.467496239e-13,2.792091391e-13,1.713270397e-13,7.063123006e-14,3.32050365e-13,2.223264376e-14
126.15625,3.470243659e-13,3.2441157e-13,3.494288325e-13,1.334221183e-13,2.030396642e-13,1.940590555e-13,2.89267028e-14,4.63223137e-14,6.687405089e-14,1.410439286e-13,2.566093952e-13,1.575832598e-13,2.36923132e-13,2.441669094e-13,2.896147337e-13,2.288362808e-13,1.88732731e-13,3.282802211e-13,2.379238995e-13,1.487239926e-13,1.023157314e-13,7.90534273e-14,4.992531199e-14,6.052179433e-14,3.761472446e-14,3.824664623e-14,1.500646446e-13,2.808485156e-13,1.755485558e-13,7.099417849e-14,3.292051155e-13,2.226689286e-14
126.1640625,3.49732368e-13,3.262491139e-13,3.513345808e-13,1.352039313e-13,2.018375817e-13,1.960442048e-13,2.941667465e-14,4.604552323e-14,6.613119009e-14,1.422766359e-13,2.567676964e-13,1.564755504e-13,2.361858814e-13,2.423384653e-13,2.890031003e-13,2.3044674e-13,1.872751151e-13,3.308166103e-13,2.376901275e-13,1.542894569e-13,1.027460496e-13,7.946000109e-14,4.951325668e-14,6.062768978e-14,3.763812049e-14,3.83651405e-14,1.533635071e-13,2.82478117e-13,1.799574675e-13,7.132777481e-14,3.263541514e-13,2.230658307e-14
126.171875,3.526773482e-13,3.27977854e-13,3.534081346e-13,1.370694428e-13,2.007304376e-13,1.981532221e-13,2.996766759e-14,4.581665654e-14,6.539419084e-14,1.435643878e-13,2.568565531e-13,1.553152725e-13,2.354597163e-13,2.405559361e-13,2.884932522e-13,2.322389401e-13,1.860447573e-13,3.334436967e-13,2.374386224e-13,1.602346731e-13,1.0317681e-13,7.986992254e-14,4.91466808e-14,6.080439953e-14,3.767850815e-14,3.853240829e-14,1.566181259e-13,2.841339692e-13,1.845143146e-13,7.168059907e-14,3.234802437e-13,2.236676158e-14
126.1796875,3.556252664e-13,3.295242082e-13,3.557535217e-13,1.389489628e-13,1.997040102e-13,2.003202116e-13,3.056628549e-14,4.56452158e-14,6.467240306e-14,1.449131429e-13,2.570635896e-13,1.540965999e-13,2.347484237e-13,2.388574989e-13,2.879990498e-13,2.341886271e-13,1.849640997e-13,3.36135256e-13,2.371232955e-13,1.662858338e-13,1.036407983e-13,8.028767093e-14,4.885362118e-14,6.102423953e-14,3.776015554e-14,3.877468463e-14,1.599469573e-13,2.858111186e-13,1.892852794e-13,7.210479369e-14,3.206424212e-13,2.246990776e-14
126.1875,3.585117419e-13,3.312958249e-13,3.582425025e-13,1.409496003e-13,1.987605315e-13,2.023806076e-13,3.118218072e-14,4.55497333e-14,6.401479941e-14,1.462511758e-13,2.573812853e-13,1.529187787e-13,2.341053207e-13,2.373210114e-13,2.8761971e-13,2.364485187e-13,1.839566083e-13,3.389215168e-13,2.367086653e-13,1.723391047e-13,1.042189817e-13,8.070865455e-14,4.855778911e-14,6.129375477e-14,3.7885018e-14,3.90999275e-14,1.634358707e-13,2.87515413e-13,1.94387375e-13,7.25712774e-14,3.179954927e-13,2.260940687e-14
126.1953125,3.614686492e-13,3.333759371e-13,3.605990337e-13,1.431156062e-13,1.977992368e-13,2.04281348e-13,3.18114316e-14,4.548526778e-14,6.337341329e-14,1.475239334e-13,2.576542463e-13,1.517591558e-13,2.334749614e-13,2.357922537e-13,2.874015429e-13,2.390516285e-13,1.830573839e-13,3.416919878e-13,2.361646567e-13,1.786936877e-13,1.048592923e-13,8.111403796e-14,4.825791709e-14,6.160256856e-14,3.803313355e-14,3.950159548e-14,1.66998328e-13,2.891690701e-13,1.99752305e-13,7.301164161e-14,3.153877543e-13,2.276039446e-14
126.203125,3.644964939e-13,3.35437204e-13,3.628056867e-13,1.453486702e-13,1.967172072e-13,2.060351066e-13,3.246062834e-14,4.541916468e-14,6.269025774e-14,1.486725994e-13,2.578813104e-13,1.505428411e-13,2.328057941e-13,2.341544481e-13,2.873297744e-13,2.418878038e-13,1.822779048e-13,3.443680831e-13,2.355312164e-13,1.853038711e-13,1.054624546e-13,8.148598053e-14,4.800234317e-14,6.193091418e-14,3.819392753e-14,3.997405994e-14,1.706139185e-13,2.907018887e-13,2.052468138e-13,7.342623198e-14,3.127351173e-13,2.290608417e-14
126.2109375,3.677248488e-13,3.375520248e-13,3.651663525e-13,1.476318825e-13,1.956972396e-13,2.076856769e-13,3.312068072e-14,4.53951334e-14,6.203352515e-14,1.497317614e-13,2.581911897e-13,1.493657971e-13,2.322064698e-13,2.327267077e-13,2.875070232e-13,2.450280212e-13,1.817525742e-13,3.471786925e-13,2.349826467e-13,1.920827106e-13,1.060756322e-13,8.186500439e-14,4.77565458e-14,6.231535244e-14,3.838990981e-14,4.05252312e-14,1.74384181e-13,2.922642807e-13,2.109545248e-13,7.387802195e-14,3.103338979e-13,2.30474825e-14
126.21875,3.71207944e-13,3.39884886e-13,3.678365766e-13,1.500783377e-13,1.948883885e-13,2.093359531e-13,3.380060134e-14,4.542210799e-14,6.144113407e-14,1.508501817e-13,2.586183764e-13,1.482939026e-13,2.317729113e-13,2.316508564e-13,2.878845628e-13,2.485212409e-13,1.815902279e-13,3.502788401e-13,2.345558765e-13,1.992145069e-13,1.067746913e-13,8.227057409e-14,4.748272556e-14,6.274599493e-14,3.863220472e-14,4.116916911e-14,1.782221343e-13,2.940338592e-13,2.169693322e-13,7.438856012e-14,3.0815439e-13,2.319712273e-14
126.2265625,3.746871103e-13,3.423188513e-13,3.706797419e-13,1.52806558e-13,1.94140239e-13,2.110451926e-13,3.453066616e-14,4.54880667e-14,6.086222288e-14,1.520423577e-13,2.591440316e-13,1.472334248e-13,2.314027258e-13,2.306347587e-13,2.883702345e-13,2.523131837e-13,1.816536362e-13,3.535300775e-13,2.340909793e-13,2.065930252e-13,1.075393679e-13,8.266068077e-14,4.721633816e-14,6.318399941e-14,3.890099615e-14,4.190241919e-14,1.820206978e-13,2.959402037e-13,2.232592636e-13,7.492135393e-14,3.058962084e-13,2.336606e-14
126.234375,3.781225336e-13,3.448866801e-13,3.736689412e-13,1.557208392e-13,1.934496154e-13,2.127763171e-13,3.531290604e-14,4.562495965e-14,6.03110313e-14,1.531571454e-13,2.598020566e-13,1.461708814e-13,2.309519808e-13,2.296378108e-13,2.891107302e-13,2.564568207e-13,1.818127649e-13,3.568422115e-13,2.335648528e-13,2.141087107e-13,1.083598674e-13,8.305980126e-14,4.698072319e-14,6.369141685e-14,3.919418926e-14,4.271020983e-14,1.859159727e-13,2.977791867e-13,2.298434776e-13,7.545793515e-14,3.037401227e-13,2.356593673e-14
126.2421875,3.817042291e-13,3.475639214e-13,3.769118394e-13,1.585700724e-13,1.929900357e-13,2.144879111e-13,3.61271194e-14,4.581607411e-14,5.98204381e-14,1.541630826e-13,2.605648294e-13,1.451626952e-13,2.304403156e-13,2.288169967e-13,2.901144964e-13,2.608857955e-13,1.820658212e-13,3.602450932e-13,2.330690134e-13,2.219433537e-13,1.092435122e-13,8.352152389e-14,4.676572599e-14,6.43187425e-14,3.952651419e-14,4.359522051e-14,1.899019652e-13,2.994936439e-13,2.366981714e-13,7.601437213e-14,3.018850428e-13,2.380106927e-14
126.25,3.854456137e-13,3.501287839e-13,3.803208873e-13,1.614637195e-13,1.926763528e-13,2.161669224e-13,3.697530677e-14,4.603918496e-14,5.935563843e-14,1.5518284e-13,2.613189688e-13,1.441901881e-13,2.299607739e-13,2.28122298e-13,2.912640167e-13,2.655317028e-13,1.825189133e-13,3.637893462e-13,2.326007961e-13,2.300641428e-13,1.10130136e-13,8.399357155e-14,4.656411373e-14,6.501130063e-14,3.989988735e-14,4.457334557e-14,1.938070454e-13,3.012371937e-13,2.437653653e-13,7.659812431e-14,3.000858342e-13,2.405623762e-14
126.2578125,3.893943045e-13,3.528108982e-13,3.837571518e-13,1.646693588e-13,1.923744213e-13,2.177706054e-13,3.787046031e-14,4.634431495e-14,5.891766418e-14,1.562687591e-13,2.620508576e-13,1.432771658e-13,2.295086412e-13,2.275939807e-13,2.926960917e-13,2.706481514e-13,1.833813281e-13,3.675447528e-13,2.321792614e-13,2.383325382e-13,1.109860258e-13,8.442580932e-14,4.635729804e-14,6.571827042e-14,4.031996768e-14,4.564707963e-14,1.97747159e-13,3.031248856e-13,2.511674225e-13,7.720177091e-14,2.982975768e-13,2.433193355e-14
126.265625,3.936089012e-13,3.559339189e-13,3.872990378e-13,1.680126787e-13,1.921881343e-13,2.192642969e-13,3.879874894e-14,4.670135054e-14,5.854061271e-14,1.573667291e-13,2.628541976e-13,1.424591587e-13,2.290595689e-13,2.273469302e-13,2.944606774e-13,2.762753512e-13,1.845993727e-13,3.714591786e-13,2.318456979e-13,2.467884141e-13,1.118839961e-13,8.486889248e-14,4.615039064e-14,6.644053412e-14,4.079401329e-14,4.680764749e-14,2.018273689e-13,3.050823872e-13,2.589473573e-13,7.782120012e-14,2.967175122e-13,2.465256359e-14
126.2734375,3.978982664e-13,3.592121608e-13,3.910282376e-13,1.714172522e-13,1.921882436e-13,2.207207892e-13,3.973696553e-14,4.703253804e-14,5.82036674e-14,1.584462602e-13,2.637388374e-13,1.416530418e-13,2.28673453e-13,2.272672746e-13,2.964084622e-13,2.821129671e-13,1.858628141e-13,3.754349961e-13,2.315273452e-13,2.555134165e-13,1.128767046e-13,8.535997049e-14,4.598609371e-14,6.720003075e-14,4.130845057e-14,4.805515743e-14,2.058160414e-13,3.070419084e-13,2.669166229e-13,7.84518872e-14,2.952853822e-13,2.500608235e-14
126.28125,4.021982402e-13,3.624956336e-13,3.948791123e-13,1.751422784e-13,1.922973872e-13,2.222232044e-13,4.070032631e-14,4.73991151e-14,5.788569995e-14,1.595368038e-13,2.646347773e-13,1.408386244e-13,2.283384513e-13,2.272675296e-13,2.985870641e-13,2.881777235e-13,1.871647621e-13,3.795158805e-13,2.311812954e-13,2.645468145e-13,1.139217992e-13,8.587444662e-14,4.586272181e-14,6.799721241e-14,4.18466199e-14,4.938698789e-14,2.096446929e-13,3.090081524e-13,2.750444247e-13,7.908334203e-14,2.939170261e-13,2.535555206e-14
126.2890625,4.066893742e-13,3.660809308e-13,3.988464759e-13,1.790087726e-13,1.924402101e-13,2.237047083e-13,4.171818129e-14,4.786460908e-14,5.759738201e-14,1.606477493e-13,2.655634884e-13,1.401034142e-13,2.279488504e-13,2.273920315e-13,3.010585925e-13,2.946518488e-13,1.887154756e-13,3.837074637e-13,2.308530998e-13,2.737224767e-13,1.149917697e-13,8.638348924e-14,4.574678905e-14,6.88120958e-14,4.241605964e-14,5.078957968e-14,2.134899972e-13,3.109473236e-13,2.834318306e-13,7.971909334e-14,2.926791807e-13,2.571712816e-14
126.296875,4.114185719e-13,3.69887909e-13,4.030070304e-13,1.828163796e-13,1.926043839e-13,2.250777715e-13,4.277589892e-14,4.839001761e-14,5.734567168e-14,1.617295719e-13,2.666081233e-13,1.394245177e-13,2.275701909e-13,2.276344054e-13,3.037485464e-13,3.015511594e-13,1.905568672e-13,3.879806512e-13,2.305298613e-13,2.829600496e-13,1.161200692e-13,8.687759765e-14,4.564578987e-14,6.969748634e-14,4.304288363e-14,5.228666772e-14,2.173693481e-13,3.128875086e-13,2.92046502e-13,8.039018055e-14,2.915643411e-13,2.614095777e-14
126.3046875,4.163842663e-13,3.737383761e-13,4.07317821e-13,1.869101013e-13,1.928547366e-13,2.263837641e-13,4.385728357e-14,4.898356472e-14,5.714497863e-14,1.627610709e-13,2.67735814e-13,1.387466022e-13,2.273464378e-13,2.280230066e-13,3.06685498e-13,3.089497812e-13,1.926731745e-13,3.924564768e-13,2.301958196e-13,2.924746979e-13,1.17301923e-13,8.737243008e-14,4.556717897e-14,7.069855704e-14,4.373112829e-14,5.393480682e-14,2.213215821e-13,3.149224167e-13,3.009293078e-13,8.1114343e-14,2.90555487e-13,2.662843351e-14
126.3125,4.21591754e-13,3.779143508e-13,4.116913551e-13,1.913184251e-13,1.932278761e-13,2.276723222e-13,4.499075427e-14,4.96752377e-14,5.699706374e-14,1.638031594e-13,2.688497151e-13,1.381324323e-13,2.271632778e-13,2.285724988e-13,3.098826079e-13,3.167985324e-13,1.950297993e-13,3.971562466e-13,2.29895773e-13,3.021079943e-13,1.184770785e-13,8.787818067e-14,4.549825425e-14,7.171953149e-14,4.444603687e-14,5.571607244e-14,2.25440365e-13,3.170386525e-13,3.10168592e-13,8.186122657e-14,2.896583047e-13,2.712979306e-14
126.3203125,4.268693526e-13,3.823923423e-13,4.162361175e-13,1.95764874e-13,1.937110848e-13,2.289455939e-13,4.616550983e-14,5.04316738e-14,5.688678526e-14,1.648956678e-13,2.699957278e-13,1.3760876e-13,2.268664401e-13,2.292199572e-13,3.132801451e-13,3.248490284e-13,1.975425594e-13,4.019122642e-13,2.29635574e-13,3.116814191e-13,1.196286319e-13,8.839008445e-14,4.545527148e-14,7.271852543e-14,4.51721209e-14,5.754297922e-14,2.294884381e-13,3.191944009e-13,3.196110673e-13,8.260178164e-14,2.888447584e-13,2.762065151e-14
126.328125,4.321542745e-13,3.867174915e-13,4.211155038e-13,2.003529589e-13,1.943811892e-13,2.30211982e-13,4.731791142e-14,5.124092384e-14,5.683375007e-14,1.659774229e-13,2.713095383e-13,1.371046344e-13,2.265705129e-13,2.300339382e-13,3.168946062e-13,3.330919756e-13,2.002075927e-13,4.066817852e-13,2.293866089e-13,3.216301618e-13,1.208076718e-13,8.893607465e-14,4.5460474e-14,7.38025071e-14,4.593930399e-14,5.941039635e-14,2.332809706e-13,3.213871031e-13,3.291303945e-13,8.33548518e-14,2.881891458e-13,2.814177257e-14
126.3359375,4.376011858e-13,3.909945865e-13,4.262416475e-13,2.050959241e-13,1.952356328e-13,2.314178683e-13,4.846266794e-14,5.212512553e-14,5.683825827e-14,1.669682738e-13,2.727995005e-13,1.365910064e-13,2.263513662e-13,2.310755646e-13,3.207336592e-13,3.417259921e-13,2.030538709e-13,4.115428467e-13,2.291285315e-13,3.319332634e-13,1.220639457e-13,8.952281531e-14,4.55140079e-14,7.497220547e-14,4.676771185e-14,6.140971912e-14,2.371134266e-13,3.235554158e-13,3.388845235e-13,8.414685229e-14,2.877383891e-13,2.874001336e-14
126.34375,4.431980697e-13,3.957001087e-13,4.314772155e-13,2.09934473e-13,1.960789504e-13,2.324815082e-13,4.967883869e-14,5.309624829e-14,5.68409322e-14,1.678851015e-13,2.743791279e-13,1.361088656e-13,2.260803028e-13,2.321835318e-13,3.248663331e-13,3.509116306e-13,2.061301743e-13,4.165462036e-13,2.288508712e-13,3.421540688e-13,1.233773782e-13,9.008827577e-14,4.560730332e-14,7.611460057e-14,4.765830663e-14,6.358883286e-14,2.411295403e-13,3.256938702e-13,3.490256515e-13,8.497313787e-14,2.87377618e-13,2.941633217e-14
126.3515625,4.488158468e-13,4.007927854e-13,4.369485871e-13,2.150659325e-13,1.968501259e-13,2.334424547e-13,5.09773964e-14,5.416295065e-14,5.683862743e-14,1.688195055e-13,2.760256546e-13,1.357076912e-13,2.257574756e-13,2.332447293e-13,3.294036336e-13,3.606862034e-13,2.095084016e-13,4.217197791e-13,2.285924017e-13,3.525081744e-13,1.246705998e-13,9.06209956e-14,4.571248253e-14,7.726888199e-14,4.86164999e-14,6.590833758e-14,2.450850782e-13,3.278926576e-13,3.595593629e-13,8.581540796e-14,2.871259455e-13,3.015688279e-14
126.359375,4.544868928e-13,4.060066415e-13,4.42744054e-13,2.203020235e-13,1.97657613e-13,2.34393705e-13,5.232873574e-14,5.530976296e-14,5.689491298e-14,1.697988543e-13,2.777451263e-13,1.354010236e-13,2.254969221e-13,2.34331036e-13,3.342305538e-13,3.708708537e-13,2.13155777e-13,4.27033256e-13,2.283949757e-13,3.6300791e-13,1.259285001e-13,9.117384423e-14,4.581278034e-14,7.86015045e-14,4.963096784e-14,6.831261745e-14,2.490178097e-13,3.301337541e-13,3.704608868e-13,8.666453017e-14,2.871424817e-13,3.094230341e-14
126.3671875,4.603454657e-13,4.113954828e-13,4.486319896e-13,2.254270391e-13,1.985705594e-13,2.353418725e-13,5.372063989e-14,5.651171876e-14,5.70149591e-14,1.707536776e-13,2.794712569e-13,1.351514484e-13,2.252505325e-13,2.355580635e-13,3.392261303e-13,3.813344668e-13,2.170505004e-13,4.324730757e-13,2.282497359e-13,3.733838542e-13,1.272130435e-13,9.174460796e-14,4.593119137e-14,8.012748461e-14,5.068105689e-14,7.078482624e-14,2.53139252e-13,3.323460668e-13,3.816302184e-13,8.752489495e-14,2.874216934e-13,3.173919691e-14
126.375,4.664389989e-13,4.169296465e-13,4.544481707e-13,2.308551034e-13,1.996707842e-13,2.362222826e-13,5.510853472e-14,5.776330975e-14,5.715842053e-14,1.716548754e-13,2.811226277e-13,1.349050714e-13,2.249459077e-13,2.369938334e-13,3.443830841e-13,3.920442964e-13,2.211417549e-13,4.380144559e-13,2.281270049e-13,3.841413156e-13,1.285267521e-13,9.231504084e-14,4.607549275e-14,8.167452117e-14,5.176134464e-14,7.334406945e-14,2.572646337e-13,3.345492937e-13,3.928823237e-13,8.840215208e-14,2.878471128e-13,3.255981751e-14
126.3828125,4.725209042e-13,4.223256393e-13,4.60344607e-13,2.366754646e-13,2.00897879e-13,2.369519886e-13,5.645825293e-14,5.906864594e-14,5.731729167e-14,1.725717396e-13,2.827241286e-13,1.346216615e-13,2.246215514e-13,2.384906173e-13,3.4955528e-13,4.028147938e-13,2.251883731e-13,4.434433306e-13,2.279441965e-13,3.954165123e-13,1.298424946e-13,9.289825432e-14,4.624524498e-14,8.316367712e-14,5.286698963e-14,7.60070911e-14,2.611937493e-13,3.367532341e-13,4.041131661e-13,8.929471198e-14,2.883104856e-13,3.345643329e-14
126.390625,4.783100934e-13,4.277109498e-13,4.66440371e-13,2.425495939e-13,2.019822052e-13,2.375058866e-13,5.782528903e-14,6.044999627e-14,5.749603218e-14,1.735379209e-13,2.843660716e-13,1.343168065e-13,2.242648397e-13,2.398356756e-13,3.548131247e-13,4.137917801e-13,2.292437727e-13,4.48698278e-13,2.276445329e-13,4.065329835e-13,1.311883005e-13,9.34654603e-14,4.64726576e-14,8.467935444e-14,5.401146778e-14,7.87810679e-14,2.650801544e-13,3.389320442e-13,4.154113535e-13,9.01991785e-14,2.887425783e-13,3.442081466e-14
126.3984375,4.840243326e-13,4.33477492e-13,4.726834159e-13,2.486159462e-13,2.02942193e-13,2.379937198e-13,5.92625359e-14,6.1896411e-14,5.769406208e-14,1.744755857e-13,2.860519315e-13,1.34072564e-13,2.238542768e-13,2.411657837e-13,3.605060544e-13,4.254533755e-13,2.33690968e-13,4.540930112e-13,2.273245392e-13,4.175508431e-13,1.325324936e-13,9.399213182e-14,4.675593426e-14,8.624016705e-14,5.523308686e-14,8.167347021e-14,2.689846593e-13,3.410655611e-13,4.269704429e-13,9.110326014e-14,2.892528522e-13,3.540685849e-14
126.40625,4.899159607e-13,4.393620141e-13,4.791714128e-13,2.550183738e-13,2.040386789e-13,2.385458809e-13,6.074337951e-14,6.335448567e-14,5.791588603e-14,1.75343734e-13,2.877578524e-13,1.339234005e-13,2.234591642e-13,2.427014968e-13,3.665693043e-13,4.376354515e-13,2.384697687e-13,4.596853481e-13,2.270392795e-13,4.288800866e-13,1.338257725e-13,9.451974884e-14,4.705328596e-14,8.782775523e-14,5.652555263e-14,8.466979317e-14,2.727729033e-13,3.431390635e-13,4.388869778e-13,9.20122018e-14,2.900024718e-13,3.642459866e-14
126.4140625,4.957540665e-13,4.450125696e-13,4.861078984e-13,2.615324549e-13,2.051720668e-13,2.391180585e-13,6.223655888e-14,6.484390819e-14,5.815476755e-14,1.762281577e-13,2.895645693e-13,1.338447593e-13,2.230610127e-13,2.443119992e-13,3.727567297e-13,4.49895249e-13,2.433296396e-13,4.651603394e-13,2.26739881e-13,4.40362883e-13,1.351567872e-13,9.505650736e-14,4.736432451e-14,8.950680354e-14,5.783811653e-14,8.775678306e-14,2.764764529e-13,3.452596702e-13,4.511196238e-13,9.298066943e-14,2.909703703e-13,3.749442142e-14
126.421875,5.01510025e-13,4.508720674e-13,4.933499248e-13,2.680314349e-13,2.061415777e-13,2.395848311e-13,6.37378014e-14,6.639675534e-14,5.840763949e-14,1.771703651e-13,2.914735867e-13,1.338659968e-13,2.225786531e-13,2.458351613e-13,3.791556063e-13,4.62369209e-13,2.484139047e-13,4.705142545e-13,2.265273812e-13,4.51916118e-13,1.365499057e-13,9.557572283e-14,4.770364683e-14,9.126933783e-14,5.915900731e-14,9.095120009e-14,2.801810612e-13,3.47550604e-13,4.635870005e-13,9.401682927e-14,2.920984234e-13,3.858506905e-14
126.4296875,5.074224696e-13,4.569699653e-13,5.006176254e-13,2.745167023e-13,2.071486825e-13,2.400371875e-13,6.524157127e-14,6.796457939e-14,5.869386104e-14,1.781060254e-13,2.933334335e-13,1.339926374e-13,2.220872564e-13,2.473508981e-13,3.857141819e-13,4.750883165e-13,2.537248786e-13,4.759866854e-13,2.264830315e-13,4.635026191e-13,1.378477101e-13,9.61119074e-14,4.807149131e-14,9.304307538e-14,6.051808721e-14,9.423052568e-14,2.837816545e-13,3.498816766e-13,4.761730234e-13,9.503402128e-14,2.933708533e-13,3.968000861e-14
126.4375,5.132631706e-13,4.625446938e-13,5.080945237e-13,2.812624406e-13,2.083422484e-13,2.406717171e-13,6.676339788e-14,6.955961529e-14,5.900821711e-14,1.790245032e-13,2.951440437e-13,1.341511204e-13,2.216462323e-13,2.48914266e-13,3.922263731e-13,4.877602968e-13,2.590201935e-13,4.815457907e-13,2.26412695e-13,4.749492718e-13,1.390037999e-13,9.66781325e-14,4.849452946e-14,9.48330169e-14,6.193061209e-14,9.75467324e-14,2.871743081e-13,3.520967054e-13,4.888317614e-13,9.600866843e-14,2.946925221e-13,4.081960625e-14
126.4453125,5.188224246e-13,4.678938459e-13,5.160046834e-13,2.88515498e-13,2.094669176e-13,2.413376703e-13,6.832832433e-14,7.123679803e-14,5.93154514e-14,1.799256979e-13,2.970078579e-13,1.343357298e-13,2.211584886e-13,2.504615466e-13,3.987861201e-13,5.005450778e-13,2.643483668e-13,4.870524009e-13,2.261936855e-13,4.863954227e-13,1.401293974e-13,9.720000508e-14,4.899392505e-14,9.662876244e-14,6.338593803e-14,1.009428534e-13,2.904677019e-13,3.542595124e-13,5.017007451e-13,9.700622498e-14,2.960414142e-13,4.203397309e-14
126.453125,5.243734705e-13,4.739006493e-13,5.241077359e-13,2.958093995e-13,2.10414846e-13,2.417261657e-13,6.992451404e-14,7.295361295e-14,5.962703213e-14,1.807532803e-13,2.988410834e-13,1.345859518e-13,2.206612719e-13,2.519904071e-13,4.054582474e-13,5.136779326e-13,2.697741333e-13,4.92537614e-13,2.25949638e-13,4.979819216e-13,1.412582995e-13,9.766316292e-14,4.955401136e-14,9.841457912e-14,6.487398584e-14,1.044892604e-13,2.938354679e-13,3.563778033e-13,5.14831209e-13,9.802701551e-14,2.975657768e-13,4.33008696e-14
126.4609375,5.299618753e-13,4.801004399e-13,5.324353846e-13,3.029215975e-13,2.114423425e-13,2.419848633e-13,7.153488415e-14,7.467005107e-14,5.998896022e-14,1.815763522e-13,3.006124668e-13,1.349040708e-13,2.203047981e-13,2.535841803e-13,4.121571514e-13,5.269382132e-13,2.751896216e-13,4.980963109e-13,2.257418938e-13,5.096589519e-13,1.423338324e-13,9.814262895e-14,5.014960463e-14,1.002441506e-13,6.640282231e-14,1.081635155e-13,2.97227653e-13,3.584049759e-13,5.28096042e-13,9.905172805e-14,2.993203439e-13,4.459011947e-14
126.46875,5.353880223e-13,4.860581673e-13,5.413113559e-13,3.103314976e-13,2.125748821e-13,2.423797247e-13,7.317094557e-14,7.639150086e-14,6.038937044e-14,1.82505121e-13,3.024925317e-13,1.353149496e-13,2.200251677e-13,2.552574618e-13,4.189541928e-13,5.402076699e-13,2.806576645e-13,5.037179393e-13,2.255300107e-13,5.213584573e-13,1.433179332e-13,9.863671579e-14,5.074957029e-14,1.021378584e-13,6.797146021e-14,1.119071052e-13,3.004425518e-13,3.604895428e-13,5.415482543e-13,1.001227901e-13,3.012087891e-13,4.589932657e-14
126.4765625,5.407025068e-13,4.92483242e-13,5.503000626e-13,3.178607425e-13,2.135495756e-13,2.426474914e-13,7.484124463e-14,7.811906526e-14,6.078042955e-14,1.834505906e-13,3.045030026e-13,1.3575759e-13,2.197022564e-13,2.569037361e-13,4.258415425e-13,5.53607739e-13,2.862200463e-13,5.092400329e-13,2.25308626e-13,5.328586124e-13,1.442908681e-13,9.908945153e-14,5.135868392e-14,1.0411371e-13,6.955794078e-14,1.156766202e-13,3.03537977e-13,3.626846157e-13,5.552960386e-13,1.012280863e-13,3.032112613e-13,4.72336435e-14
126.484375,5.459945488e-13,4.992163817e-13,5.589426084e-13,3.251764722e-13,2.144416739e-13,2.42588233e-13,7.654809978e-14,7.99077703e-14,6.115233776e-14,1.843240161e-13,3.065445236e-13,1.360942942e-13,2.193543252e-13,2.584612305e-13,4.327630115e-13,5.671636385e-13,2.918245128e-13,5.146094587e-13,2.250978182e-13,5.443388596e-13,1.453968641e-13,9.953193449e-14,5.202978728e-14,1.061773073e-13,7.117396782e-14,1.194635235e-13,3.067359833e-13,3.648010536e-13,5.691633973e-13,1.023083881e-13,3.053602756e-13,4.859881516e-14
126.4921875,5.512936552e-13,5.053580972e-13,5.679077287e-13,3.328569721e-13,2.154940471e-13,2.426162645e-13,7.829660515e-14,8.178146279e-14,6.151749948e-14,1.851773012e-13,3.086301503e-13,1.364331312e-13,2.1892725e-13,2.599638712e-13,4.399582368e-13,5.809630173e-13,2.976708572e-13,5.200690554e-13,2.249476855e-13,5.563621269e-13,1.465598023e-13,9.998996593e-14,5.275681207e-14,1.082226788e-13,7.285845209e-14,1.233503621e-13,3.099052117e-13,3.667824348e-13,5.831167177e-13,1.033720498e-13,3.075895387e-13,5.001402072e-14
126.5,5.56545351e-13,5.112372972e-13,5.776432071e-13,3.409836551e-13,2.165285589e-13,2.429229699e-13,8.00673446e-14,8.369891363e-14,6.189680165e-14,1.859991224e-13,3.107086881e-13,1.369761427e-13,2.183809038e-13,2.614290092e-13,4.475224429e-13,5.951359844e-13,3.038687599e-13,5.257479344e-13,2.248466404e-13,5.68657153e-13,1.47600164e-13,1.003957195e-13,5.348518576e-14,1.102563617e-13,7.460539909e-14,1.273976371e-13,3.127950489e-13,3.686791231e-13,5.974427993e-13,1.044454928e-13,3.098761992e-13,5.148462102e-14
126.5078125,5.615326578e-13,5.174506141e-13,5.875956237e-13,3.489433269e-13,2.17385962e-13,2.43117446e-13,8.184061207e-14,8.570797342e-14,6.232288425e-14,1.867665928e-13,3.127072109e-13,1.376206278e-13,2.178873938e-13,2.629335288e-13,4.551781452e-13,6.095783142e-13,3.101491331e-13,5.314641568e-13,2.246951596e-13,5.806385438e-13,1.486123721e-13,1.007456833e-13,5.422061935e-14,1.123867587e-13,7.638902448e-14,1.315344842e-13,3.155879885e-13,3.70475314e-13,6.120938427e-13,1.055437813e-13,3.123609694e-13,5.298829446e-14
126.515625,5.66373411e-13,5.237534427e-13,5.977045607e-13,3.569264574e-13,2.183473247e-13,2.431159076e-13,8.363406499e-14,8.780548286e-14,6.279086213e-14,1.875559887e-13,3.147412264e-13,1.382351909e-13,2.175144622e-13,2.64592769e-13,4.628222408e-13,6.241008612e-13,3.164032289e-13,5.371275686e-13,2.245195248e-13,5.925855818e-13,1.496837711e-13,1.011272571e-13,5.498312956e-14,1.145067647e-13,7.820695435e-14,1.357266817e-13,3.185088116e-13,3.722813772e-13,6.267724766e-13,1.066898476e-13,3.151045433e-13,5.45165556e-14
126.5234375,5.713003146e-13,5.300169434e-13,6.083803264e-13,3.65252706e-13,2.194982243e-13,2.432210131e-13,8.5453533e-14,8.984852911e-14,6.326868289e-14,1.883775959e-13,3.168435665e-13,1.389240441e-13,2.171168902e-13,2.663181362e-13,4.704973334e-13,6.385736722e-13,3.22745951e-13,5.427277963e-13,2.243964525e-13,6.047284285e-13,1.506397665e-13,1.015431216e-13,5.577168423e-14,1.165613556e-13,8.004082223e-14,1.400249081e-13,3.21362473e-13,3.741583624e-13,6.416008849e-13,1.07840884e-13,3.179838541e-13,5.607798399e-14
126.53125,5.759110554e-13,5.362705282e-13,6.192654764e-13,3.735328997e-13,2.205123528e-13,2.43380704e-13,8.727855378e-14,9.186189308e-14,6.375196201e-14,1.891635257e-13,3.188724369e-13,1.396992813e-13,2.166668361e-13,2.679361301e-13,4.781151812e-13,6.528944382e-13,3.290934864e-13,5.480939876e-13,2.242464047e-13,6.167076132e-13,1.514739981e-13,1.019275188e-13,5.661609047e-14,1.187326401e-13,8.187492137e-14,1.443841632e-13,3.239831765e-13,3.758952429e-13,6.567232258e-13,1.08940281e-13,3.209401792e-13,5.767135338e-14
126.5390625,5.799715547e-13,5.424216614e-13,6.299864317e-13,3.816327633e-13,2.212244392e-13,2.433665089e-13,8.910919226e-14,9.398832365e-14,6.423411041e-14,1.898626198e-13,3.20818644e-13,1.404547509e-13,2.16215605e-13,2.694236696e-13,4.857811275e-13,6.67186823e-13,3.354108544e-13,5.532289765e-13,2.240426808e-13,6.284803775e-13,1.523477321e-13,1.022637468e-13,5.751131799e-14,1.210145142e-13,8.374111119e-14,1.487222857e-13,3.264677396e-13,3.774334198e-13,6.718388872e-13,1.100178622e-13,3.239919086e-13,5.930693996e-14
126.546875,5.839732998e-13,5.486098368e-13,6.409323673e-13,3.897563762e-13,2.217197453e-13,2.432680065e-13,9.093244419e-14,9.619101434e-14,6.47038434e-14,1.904230622e-13,3.227132485e-13,1.412427871e-13,2.157265256e-13,2.707765432e-13,4.936882728e-13,6.816899061e-13,3.418866389e-13,5.583745879e-13,2.238682634e-13,6.402434549e-13,1.531856838e-13,1.025554047e-13,5.8398824e-14,1.232854717e-13,8.565754671e-14,1.530760521e-13,3.288035522e-13,3.788862479e-13,6.868433099e-13,1.110752289e-13,3.270709671e-13,6.100405365e-14
126.5546875,5.880528417e-13,5.54675946e-13,6.523556543e-13,3.979397515e-13,2.221288049e-13,2.432609446e-13,9.271951689e-14,9.83871848e-14,6.518662661e-14,1.908722859e-13,3.244949329e-13,1.421388787e-13,2.152167047e-13,2.719987147e-13,5.016415558e-13,6.962673347e-13,3.484771035e-13,5.635237106e-13,2.236752156e-13,6.51881484e-13,1.539027345e-13,1.028128827e-13,5.928913202e-14,1.255967965e-13,8.759586806e-14,1.575031449e-13,3.309282607e-13,3.801501361e-13,7.019895693e-13,1.120650116e-13,3.301710579e-13,6.275076633e-14
126.5625,5.919299328e-13,5.603462022e-13,6.640851405e-13,4.062639389e-13,2.22596338e-13,2.433651206e-13,9.45064447e-14,1.005612975e-13,6.568765212e-14,1.913118092e-13,3.262443382e-13,1.430966933e-13,2.147486288e-13,2.732154728e-13,5.093984511e-13,7.106078906e-13,3.549649243e-13,5.684994383e-13,2.23406326e-13,6.633621323e-13,1.546255388e-13,1.030693657e-13,6.02400488e-14,1.279228276e-13,8.953666567e-14,1.619893324e-13,3.329358622e-13,3.812655653e-13,7.172698715e-13,1.130361963e-13,3.33412617e-13,6.452240494e-14
126.5703125,5.955518143e-13,5.660288155e-13,6.760509826e-13,4.146373326e-13,2.231206274e-13,2.435052838e-13,9.632963934e-14,1.026738838e-13,6.617774833e-14,1.917563905e-13,3.280788848e-13,1.441012717e-13,2.14331693e-13,2.745136135e-13,5.170646245e-13,7.247445526e-13,3.614017586e-13,5.733346963e-13,2.231296905e-13,6.749583472e-13,1.554212829e-13,1.033262086e-13,6.126169617e-14,1.302087037e-13,9.148506148e-14,1.665026346e-13,3.348334554e-13,3.825138395e-13,7.326274624e-13,1.140544965e-13,3.368257693e-13,6.630458683e-14
126.578125,5.987816518e-13,5.717838116e-13,6.882144914e-13,4.228206674e-13,2.235903082e-13,2.435457786e-13,9.813906934e-14,1.047285732e-13,6.666493519e-14,1.921554694e-13,3.298827886e-13,1.451663363e-13,2.13973386e-13,2.758438321e-13,5.247044136e-13,7.387378422e-13,3.678358952e-13,5.78070175e-13,2.228415561e-13,6.866965548e-13,1.562359428e-13,1.03567783e-13,6.235384855e-14,1.325494809e-13,9.345376081e-14,1.710363405e-13,3.365572008e-13,3.837359894e-13,7.482490815e-13,1.150761824e-13,3.40339775e-13,6.8083441e-14
126.5859375,6.017206674e-13,5.771915016e-13,7.00476718e-13,4.310326549e-13,2.239938247e-13,2.434485006e-13,9.99226852e-14,1.067477606e-13,6.714102702e-14,1.924715772e-13,3.315342581e-13,1.462320079e-13,2.135970987e-13,2.770645845e-13,5.321522243e-13,7.523837953e-13,3.740653036e-13,5.826050526e-13,2.224895211e-13,6.981380832e-13,1.569855739e-13,1.037978363e-13,6.35151458e-14,1.348768989e-13,9.544439864e-14,1.756275481e-13,3.382008782e-13,3.846253534e-13,7.639666472e-13,1.16062486e-13,3.438686474e-13,6.987536295e-14
126.59375,6.049079939e-13,5.826877074e-13,7.128680068e-13,4.394484004e-13,2.242652947e-13,2.433422885e-13,1.017494191e-13,1.087103021e-13,6.755736208e-14,1.926962028e-13,3.33093499e-13,1.472624337e-13,2.130879524e-13,2.780183951e-13,5.39367707e-13,7.657225563e-13,3.801487837e-13,5.869777739e-13,2.22104712e-13,7.090715988e-13,1.575884627e-13,1.039877103e-13,6.471094121e-14,1.370791427e-13,9.743344755e-14,1.802975776e-13,3.397871447e-13,3.854394686e-13,7.794289572e-13,1.170427702e-13,3.473603754e-13,7.171818749e-14
126.6015625,6.080784522e-13,5.884661858e-13,7.255649507e-13,4.476663317e-13,2.242956992e-13,2.433045657e-13,1.036257594e-13,1.106695216e-13,6.795042377e-14,1.928831253e-13,3.34596425e-13,1.48339848e-13,2.125480131e-13,2.787964395e-13,5.465009326e-13,7.790542731e-13,3.864304751e-13,5.913305794e-13,2.216875221e-13,7.19908561e-13,1.581166238e-13,1.041079794e-13,6.593031905e-14,1.393526941e-13,9.942510834e-14,1.84977025e-13,3.411824204e-13,3.863555525e-13,7.949144862e-13,1.180260349e-13,3.509713055e-13,7.360053446e-14
126.609375,6.104749892e-13,5.936684082e-13,7.387589283e-13,4.55530624e-13,2.242306259e-13,2.433120912e-13,1.054955759e-13,1.126593961e-13,6.839520204e-14,1.930433447e-13,3.360200688e-13,1.495622424e-13,2.121285782e-13,2.796704877e-13,5.536128201e-13,7.922926942e-13,3.928288405e-13,5.956009095e-13,2.21214536e-13,7.309536358e-13,1.587041858e-13,1.041949221e-13,6.719675449e-14,1.418087776e-13,1.014577146e-13,1.896138873e-13,3.424064903e-13,3.870180304e-13,8.107443113e-13,1.189967792e-13,3.548719427e-13,7.548789664e-14
126.6171875,6.124058764e-13,5.983550725e-13,7.523192513e-13,4.634719247e-13,2.24250228e-13,2.433571913e-13,1.073247326e-13,1.145967609e-13,6.886396137e-14,1.931225399e-13,3.374310277e-13,1.509074297e-13,2.117808412e-13,2.806435859e-13,5.606330511e-13,8.051218889e-13,3.989549037e-13,5.99626002e-13,2.207468958e-13,7.42041306e-13,1.59330497e-13,1.042805632e-13,6.849116526e-14,1.442964559e-13,1.035057578e-13,1.942576949e-13,3.435478953e-13,3.873913716e-13,8.265968703e-13,1.199591708e-13,3.588877614e-13,7.737963229e-14
126.625,6.144683564e-13,6.033298007e-13,7.658199455e-13,4.717266968e-13,2.242564948e-13,2.434223558e-13,1.090922258e-13,1.165036106e-13,6.932526188e-14,1.931620703e-13,3.388703837e-13,1.522823462e-13,2.114759939e-13,2.815462023e-13,5.675495495e-13,8.175986162e-13,4.048676417e-13,6.034351742e-13,2.20313714e-13,7.531040485e-13,1.599565968e-13,1.043570525e-13,6.976784367e-14,1.468291793e-13,1.055141051e-13,1.989465674e-13,3.445352722e-13,3.878508933e-13,8.423193565e-13,1.209072145e-13,3.628719011e-13,7.927567157e-14
126.6328125,6.163975706e-13,6.082803558e-13,7.792143026e-13,4.799647559e-13,2.241030081e-13,2.43469126e-13,1.108232702e-13,1.184562551e-13,6.981027114e-14,1.931780796e-13,3.40196453e-13,1.536488599e-13,2.112470503e-13,2.823170244e-13,5.743764431e-13,8.299101449e-13,4.108582938e-13,6.071107006e-13,2.198289375e-13,7.641310759e-13,1.6056157e-13,1.044147598e-13,7.104905274e-14,1.494833181e-13,1.075070454e-13,2.03664916e-13,3.45329241e-13,3.882999973e-13,8.581302964e-13,1.218003801e-13,3.669570915e-13,8.118439564e-14
126.640625,6.178401427e-13,6.126525226e-13,7.928397254e-13,4.877562675e-13,2.237323445e-13,2.434746554e-13,1.125968106e-13,1.203625572e-13,7.027941052e-14,1.930645149e-13,3.412847201e-13,1.549949911e-13,2.109776532e-13,2.828384493e-13,5.810035879e-13,8.419436131e-13,4.168185291e-13,6.105015817e-13,2.192038885e-13,7.748146927e-13,1.610328066e-13,1.044124e-13,7.240691632e-14,1.52099415e-13,1.0951078e-13,2.083969272e-13,3.460246434e-13,3.883327419e-13,8.738228914e-13,1.226221195e-13,3.710615056e-13,8.314382968e-14
126.6484375,6.187685073e-13,6.166217774e-13,8.068278645e-13,4.951221808e-13,2.231150876e-13,2.434338114e-13,1.144352085e-13,1.221530762e-13,7.067214169e-14,1.92881931e-13,3.422652803e-13,1.563269239e-13,2.105879367e-13,2.830900535e-13,5.873566094e-13,8.535433718e-13,4.225296332e-13,6.134569012e-13,2.184382455e-13,7.850627739e-13,1.613893264e-13,1.043164011e-13,7.383917434e-14,1.545639474e-13,1.114928815e-13,2.131313102e-13,3.46662669e-13,3.880066321e-13,8.892186612e-13,1.234406343e-13,3.75042149e-13,8.514292277e-14
126.65625,6.19254711e-13,6.20281151e-13,8.211633836e-13,5.023365714e-13,2.223951391e-13,2.433616818e-13,1.162806358e-13,1.238809641e-13,7.104720637e-14,1.928054359e-13,3.433355879e-13,1.577297703e-13,2.102021767e-13,2.833711984e-13,5.934902945e-13,8.647243368e-13,4.280771333e-13,6.161697384e-13,2.176007898e-13,7.951998216e-13,1.618059866e-13,1.041882058e-13,7.528074806e-14,1.569865405e-13,1.13455715e-13,2.178964827e-13,3.471849153e-13,3.876509895e-13,9.047194839e-13,1.243353032e-13,3.79174207e-13,8.712952393e-14
126.6640625,6.19670513e-13,6.23620786e-13,8.3567969e-13,5.094329965e-13,2.217746566e-13,2.432470332e-13,1.180653999e-13,1.255361041e-13,7.144954175e-14,1.927604269e-13,3.444602745e-13,1.592005381e-13,2.099164562e-13,2.837974909e-13,5.993702128e-13,8.754868053e-13,4.335850488e-13,6.188577794e-13,2.167313347e-13,8.053088795e-13,1.62278514e-13,1.040851577e-13,7.674903497e-14,1.594602932e-13,1.154159477e-13,2.227233648e-13,3.475507765e-13,3.873281333e-13,9.203120197e-13,1.252651631e-13,3.835478699e-13,8.910942408e-14
126.671875,6.202359284e-13,6.268364145e-13,8.499309879e-13,5.164172091e-13,2.211783817e-13,2.430808625e-13,1.197625522e-13,1.271260656e-13,7.182162662e-14,1.925534137e-13,3.454553027e-13,1.605796877e-13,2.097303022e-13,2.841531897e-13,6.049643041e-13,8.858601513e-13,4.390502192e-13,6.213972317e-13,2.157995238e-13,8.15280636e-13,1.626856862e-13,1.039709602e-13,7.830102151e-14,1.619696077e-13,1.17339362e-13,2.275280551e-13,3.478028137e-13,3.86899586e-13,9.354335939e-13,1.261140701e-13,3.878088267e-13,9.110142602e-14
126.6796875,6.205991133e-13,6.300024342e-13,8.639560728e-13,5.233304286e-13,2.204279622e-13,2.429185477e-13,1.214163804e-13,1.287422113e-13,7.2171609e-14,1.921675253e-13,3.462676164e-13,1.618828047e-13,2.096574345e-13,2.844458869e-13,6.104267896e-13,8.960056299e-13,4.444761654e-13,6.236598159e-13,2.147981157e-13,8.25327239e-13,1.630321275e-13,1.038202631e-13,7.98850656e-14,1.644891023e-13,1.192287806e-13,2.322478488e-13,3.479999984e-13,3.862445863e-13,9.502403726e-13,1.268644549e-13,3.920118036e-13,9.307987558e-14
126.6875,6.205717096e-13,6.330369051e-13,8.784148133e-13,5.299484724e-13,2.195310741e-13,2.427557093e-13,1.230586428e-13,1.303834655e-13,7.257221975e-14,1.917083418e-13,3.470242201e-13,1.633430382e-13,2.096590726e-13,2.848298099e-13,6.158935179e-13,9.060575837e-13,4.498817965e-13,6.257965093e-13,2.137784904e-13,8.355309704e-13,1.633519579e-13,1.03646854e-13,8.143685849e-14,1.670378927e-13,1.21144394e-13,2.370179952e-13,3.481639046e-13,3.853031611e-13,9.653852635e-13,1.276092588e-13,3.965494089e-13,9.504988779e-14
126.6953125,6.203378532e-13,6.357671424e-13,8.934617809e-13,5.363672001e-13,2.185443781e-13,2.425596109e-13,1.246428296e-13,1.320149565e-13,7.299760005e-14,1.912697598e-13,3.4782842e-13,1.650109318e-13,2.096477845e-13,2.852158167e-13,6.214861089e-13,9.161658674e-13,4.55347654e-13,6.27951824e-13,2.127867002e-13,8.45563853e-13,1.636348553e-13,1.034366163e-13,8.29951528e-14,1.696547478e-13,1.231031026e-13,2.419522897e-13,3.483689853e-13,3.841588989e-13,9.808411629e-13,1.283923517e-13,4.01328798e-13,9.705646297e-14
126.703125,6.198815847e-13,6.382116449e-13,9.086441983e-13,5.430426458e-13,2.175144231e-13,2.424147351e-13,1.261751345e-13,1.336580661e-13,7.339446574e-14,1.908482115e-13,3.486203488e-13,1.66705947e-13,2.096134364e-13,2.855145059e-13,6.272843965e-13,9.264081347e-13,4.609192814e-13,6.300464355e-13,2.11821246e-13,8.554164861e-13,1.638897355e-13,1.031991679e-13,8.459172225e-14,1.723122838e-13,1.250693367e-13,2.469328524e-13,3.486545663e-13,3.829753968e-13,9.961629926e-13,1.291575142e-13,4.060299837e-13,9.911123897e-14
126.7109375,6.190510255e-13,6.406478649e-13,9.236568797e-13,5.496082432e-13,2.165013627e-13,2.422920341e-13,1.277117378e-13,1.35252577e-13,7.379052433e-14,1.903550553e-13,3.493102036e-13,1.683178925e-13,2.095855845e-13,2.85755679e-13,6.328824897e-13,9.363096638e-13,4.663628913e-13,6.318662682e-13,2.107904517e-13,8.652645551e-13,1.64110587e-13,1.029727419e-13,8.622111915e-14,1.749493304e-13,1.269950355e-13,2.517996586e-13,3.488358015e-13,3.817137828e-13,1.011123271e-12,1.298619211e-13,4.106428584e-13,1.011756493e-13
126.71875,6.177936436e-13,6.427446405e-13,9.384047142e-13,5.55417597e-13,2.15377197e-13,2.420246137e-13,1.292023296e-13,1.367438134e-13,7.41899701e-14,1.897680731e-13,3.499108002e-13,1.698862621e-13,2.09574709e-13,2.858483761e-13,6.377951109e-13,9.452847432e-13,4.715034997e-13,6.332878215e-13,2.095836216e-13,8.747604054e-13,1.642688739e-13,1.027174908e-13,8.790713438e-14,1.776174742e-13,1.288550912e-13,2.565423321e-13,3.487607987e-13,3.801527319e-13,1.025644907e-12,1.305256917e-13,4.152661479e-13,1.031804875e-13
126.7265625,6.162388598e-13,6.440175681e-13,9.531161384e-13,5.608605062e-13,2.139968316e-13,2.416897367e-13,1.30599565e-13,1.381967052e-13,7.454364303e-14,1.891478019e-13,3.50482676e-13,1.714949289e-13,2.096327402e-13,2.857789958e-13,6.423148012e-13,9.536308458e-13,4.76605517e-13,6.345352961e-13,2.082924436e-13,8.836862207e-13,1.643852581e-13,1.023862347e-13,8.962427061e-14,1.803863779e-13,1.306969543e-13,2.612407003e-13,3.485851804e-13,3.783040657e-13,1.039959741e-12,1.311774409e-13,4.19963104e-13,1.05097416e-13
126.734375,6.148279034e-13,6.451671663e-13,9.682874125e-13,5.663429137e-13,2.125869025e-13,2.414462029e-13,1.319793829e-13,1.395724968e-13,7.485508659e-14,1.885523616e-13,3.511332453e-13,1.731920719e-13,2.098091262e-13,2.858189791e-13,6.469352407e-13,9.619457621e-13,4.81873943e-13,6.359537845e-13,2.0715583e-13,8.92344484e-13,1.645505889e-13,1.020563858e-13,9.129713656e-14,1.831495392e-13,1.325739249e-13,2.659514655e-13,3.485037292e-13,3.765110805e-13,1.054522805e-12,1.318435462e-13,4.248098582e-13,1.069949242e-13
126.7421875,6.137399275e-13,6.468351203e-13,9.838678969e-13,5.715666615e-13,2.113846686e-13,2.412425538e-13,1.333874197e-13,1.40754044e-13,7.516272649e-14,1.880186471e-13,3.519493525e-13,1.749566862e-13,2.100358633e-13,2.861011787e-13,6.515582405e-13,9.701075439e-13,4.871124044e-13,6.374577839e-13,2.061967302e-13,9.008090344e-13,1.648400725e-13,1.018005159e-13,9.294382633e-14,1.858031675e-13,1.344506555e-13,2.706661951e-13,3.484854668e-13,3.749623235e-13,1.069281357e-12,1.325395672e-13,4.297657931e-13,1.08932558e-13
126.75,6.124564271e-13,6.483670235e-13,9.993470715e-13,5.765998513e-13,2.101923495e-13,2.410726283e-13,1.347963164e-13,1.418254791e-13,7.546228744e-14,1.874792802e-13,3.527611644e-13,1.767271266e-13,2.102109192e-13,2.863523015e-13,6.559995601e-13,9.778802546e-13,4.921736454e-13,6.386852681e-13,2.051845831e-13,9.091763984e-13,1.651849473e-13,1.015510401e-13,9.463123068e-14,1.884593768e-13,1.36279212e-13,2.75367304e-13,3.48377203e-13,3.733956237e-13,1.08378117e-12,1.332213734e-13,4.346732529e-13,1.108791639e-13
126.7578125,6.105962445e-13,6.493064313e-13,1.014587025e-12,5.816025381e-13,2.087695949e-13,2.40941436e-13,1.361864542e-13,1.429279162e-13,7.572701824e-14,1.867992703e-13,3.533009201e-13,1.784435544e-13,2.10357174e-13,2.863381663e-13,6.603034088e-13,9.854341996e-13,4.971294993e-13,6.395579382e-13,2.039910343e-13,9.177370151e-13,1.654452388e-13,1.012342026e-13,9.635177795e-14,1.912118255e-13,1.380732763e-13,2.800651941e-13,3.481520134e-13,3.714886134e-13,1.097924085e-12,1.338269698e-13,4.394340197e-13,1.128028951e-13
126.765625,6.083290275e-13,6.499217671e-13,1.029711447e-12,5.861303615e-13,2.071542899e-13,2.406985593e-13,1.3752834e-13,1.440397773e-13,7.595885051e-14,1.860026578e-13,3.536337615e-13,1.801005131e-13,2.1055884e-13,2.862094113e-13,6.644220347e-13,9.927303703e-13,5.020225846e-13,6.401985425e-13,2.027108377e-13,9.260165301e-13,1.656247725e-13,1.008739978e-13,9.807446898e-14,1.939703225e-13,1.398595835e-13,2.847198447e-13,3.480017741e-13,3.692422741e-13,1.111839393e-12,1.3436998e-13,4.441346731e-13,1.14716836e-13
126.7734375,6.05809417e-13,6.502622595e-13,1.044814959e-12,5.900948432e-13,2.054157352e-13,2.403896714e-13,1.388237827e-13,1.45115358e-13,7.619341629e-14,1.852225868e-13,3.539984391e-13,1.817638157e-13,2.108212306e-13,2.861500189e-13,6.683492748e-13,9.996150992e-13,5.068841199e-13,6.406408682e-13,2.014358099e-13,9.334937879e-13,1.658193508e-13,1.004973397e-13,9.978996028e-14,1.967007745e-13,1.416507261e-13,2.892781643e-13,3.47985062e-13,3.668178932e-13,1.125445098e-12,1.349143482e-13,4.489538941e-13,1.166356204e-13
126.78125,6.031476736e-13,6.50325097e-13,1.059909666e-12,5.939319032e-13,2.035859674e-13,2.401825734e-13,1.400941765e-13,1.461359897e-13,7.644128451e-14,1.844683786e-13,3.543519959e-13,1.834562491e-13,2.11116699e-13,2.860337253e-13,6.722227157e-13,1.006327205e-12,5.118005713e-13,6.409341837e-13,2.001386927e-13,9.407712511e-13,1.660203919e-13,1.000925585e-13,1.014956963e-13,1.994676328e-13,1.434354786e-13,2.937982462e-13,3.47856781e-13,3.642845319e-13,1.13860512e-12,1.354650435e-13,4.538370745e-13,1.185599073e-13
126.7890625,6.004520408e-13,6.501488564e-13,1.074631979e-12,5.976944756e-13,2.017409195e-13,2.399561143e-13,1.412720662e-13,1.470456626e-13,7.665465131e-14,1.836676353e-13,3.544936779e-13,1.851099806e-13,2.114526344e-13,2.857215137e-13,6.760586531e-13,1.013002694e-12,5.167997676e-13,6.411620956e-13,1.987850459e-13,9.482539335e-13,1.661633017e-13,9.966949216e-14,1.032321775e-13,2.022210202e-13,1.451810856e-13,2.983279617e-13,3.475798194e-13,3.615923395e-13,1.151308514e-12,1.359478616e-13,4.585263003e-13,1.204547158e-13
126.796875,5.976016537e-13,6.497337803e-13,1.088746785e-12,6.011961319e-13,1.999136842e-13,2.396311367e-13,1.423320965e-13,1.478260591e-13,7.681513302e-14,1.827989554e-13,3.544821397e-13,1.866996854e-13,2.118177792e-13,2.853445281e-13,6.798105423e-13,1.019398731e-12,5.21828436e-13,6.413102942e-13,1.974237177e-13,9.554955117e-13,1.662553966e-13,9.925451336e-14,1.050245076e-13,2.048876303e-13,1.468907278e-13,3.027976136e-13,3.473922507e-13,3.586959082e-13,1.163663716e-12,1.363315842e-13,4.63003416e-13,1.222773427e-13
126.8046875,5.946070705e-13,6.494081859e-13,1.102714376e-12,6.0439749e-13,1.980771164e-13,2.393808215e-13,1.433757631e-13,1.484877641e-13,7.695873694e-14,1.818929011e-13,3.545620077e-13,1.882700938e-13,2.121683356e-13,2.849907106e-13,6.834646947e-13,1.025388331e-12,5.268124536e-13,6.41306243e-13,1.961134542e-13,9.624182002e-13,1.663350043e-13,9.883918366e-14,1.06793171e-13,2.075372401e-13,1.485758298e-13,3.071753138e-13,3.472754847e-13,3.557237425e-13,1.175803725e-12,1.366859462e-13,4.674397014e-13,1.240515249e-13
126.8125,5.915697869e-13,6.490664182e-13,1.116780637e-12,6.074344808e-13,1.961586948e-13,2.392122174e-13,1.44410657e-13,1.49045445e-13,7.70749344e-14,1.810017287e-13,3.547383196e-13,1.89837953e-13,2.124865746e-13,2.845431969e-13,6.869265337e-13,1.030983135e-12,5.317239025e-13,6.411047522e-13,1.948130807e-13,9.690549085e-13,1.663930107e-13,9.838761128e-14,1.084883247e-13,2.102286077e-13,1.502028446e-13,3.114589821e-13,3.471127262e-13,3.528331477e-13,1.187636398e-12,1.370458054e-13,4.718471838e-13,1.258027539e-13
126.8203125,5.882169107e-13,6.47983509e-13,1.130536132e-12,6.105268984e-13,1.940921452e-13,2.390150493e-13,1.453594938e-13,1.495961726e-13,7.714424884e-14,1.801204331e-13,3.547926099e-13,1.91404308e-13,2.128233529e-13,2.840560018e-13,6.901907531e-13,1.036218034e-12,5.366718643e-13,6.407850825e-13,1.934621252e-13,9.75022378e-13,1.663968379e-13,9.789040054e-14,1.101850175e-13,2.129217216e-13,1.517846489e-13,3.155759107e-13,3.470096335e-13,3.498966007e-13,1.199002632e-12,1.373619361e-13,4.762257177e-13,1.27481625e-13
126.828125,5.845361281e-13,6.462946662e-13,1.143835616e-12,6.132431314e-13,1.91967438e-13,2.388263068e-13,1.462442875e-13,1.501934315e-13,7.721970027e-14,1.791708091e-13,3.546932054e-13,1.92993747e-13,2.132633505e-13,2.837264213e-13,6.93441095e-13,1.041346795e-12,5.418170441e-13,6.405141742e-13,1.921161421e-13,9.805118853e-13,1.663535652e-13,9.737290016e-14,1.119078727e-13,2.156205804e-13,1.533801079e-13,3.195781906e-13,3.469562153e-13,3.466958403e-13,1.210064772e-12,1.376296135e-13,4.806420344e-13,1.290700829e-13
126.8359375,5.809682264e-13,6.446340913e-13,1.156924611e-12,6.148733489e-13,1.898526304e-13,2.386617591e-13,1.470834398e-13,1.507278906e-13,7.730811393e-14,1.781549243e-13,3.545493079e-13,1.946027754e-13,2.137910351e-13,2.834118478e-13,6.967427872e-13,1.046559696e-12,5.471400611e-13,6.402418402e-13,1.908193052e-13,9.861154744e-13,1.662996266e-13,9.683730179e-14,1.135848796e-13,2.183417902e-13,1.549605461e-13,3.236509722e-13,3.468478792e-13,3.432473818e-13,1.221023275e-12,1.378826783e-13,4.849149541e-13,1.306337749e-13
126.84375,5.773568368e-13,6.429811155e-13,1.169859424e-12,6.16024491e-13,1.875758386e-13,2.384850004e-13,1.478423609e-13,1.511302546e-13,7.734173771e-14,1.771836912e-13,3.542971976e-13,1.961842692e-13,2.143009709e-13,2.828293591e-13,6.999696261e-13,1.051746217e-12,5.524741187e-13,6.397612382e-13,1.894851118e-13,9.917234995e-13,1.662554396e-13,9.625935183e-14,1.152199133e-13,2.209885641e-13,1.564773235e-13,3.277858412e-13,3.468427971e-13,3.396603825e-13,1.231793877e-12,1.381087963e-13,4.887916241e-13,1.321998948e-13
126.8515625,5.732694297e-13,6.413273271e-13,1.182543537e-12,6.176042637e-13,1.851016347e-13,2.382950624e-13,1.485543673e-13,1.514599355e-13,7.734569361e-14,1.762965592e-13,3.538788284e-13,1.97718337e-13,2.147775794e-13,2.821094216e-13,7.02986161e-13,1.056786765e-12,5.577484754e-13,6.390887658e-13,1.880692624e-13,9.969700889e-13,1.662406256e-13,9.565444194e-14,1.16860981e-13,2.235236062e-13,1.579582296e-13,3.318207818e-13,3.470414034e-13,3.359834661e-13,1.242211273e-12,1.383036123e-13,4.924320833e-13,1.337184164e-13
126.859375,5.690285845e-13,6.394545184e-13,1.194909229e-12,6.189580846e-13,1.827136334e-13,2.380727496e-13,1.492410275e-13,1.517611545e-13,7.739766706e-14,1.754044127e-13,3.534484896e-13,1.992300021e-13,2.152469733e-13,2.815411194e-13,7.056964916e-13,1.061518739e-12,5.63030398e-13,6.383391452e-13,1.866395939e-13,1.001840871e-12,1.662689601e-13,9.50637194e-14,1.184669533e-13,2.261277822e-13,1.593952641e-13,3.356894094e-13,3.472054951e-13,3.322229268e-13,1.252017628e-12,1.38483067e-13,4.961389702e-13,1.351546732e-13
126.8671875,5.650904673e-13,6.367050603e-13,1.2069178e-12,6.195623835e-13,1.805356203e-13,2.3789689e-13,1.498566958e-13,1.520389583e-13,7.746215377e-14,1.744381234e-13,3.531365491e-13,2.007258042e-13,2.157002171e-13,2.811452883e-13,7.082296948e-13,1.065812149e-12,5.684219632e-13,6.375510817e-13,1.852648178e-13,1.006244421e-12,1.663022654e-13,9.44930054e-14,1.199972915e-13,2.28898373e-13,1.607541683e-13,3.393761726e-13,3.472313462e-13,3.283778089e-13,1.261051598e-12,1.386350183e-13,4.998637781e-13,1.365157271e-13
126.875,5.613369602e-13,6.336441113e-13,1.218518863e-12,6.20270835e-13,1.784131764e-13,2.378602345e-13,1.504007447e-13,1.522774981e-13,7.747945487e-14,1.734713762e-13,3.528992147e-13,2.02212515e-13,2.162430394e-13,2.808788319e-13,7.109240957e-13,1.069934046e-12,5.738994675e-13,6.367950904e-13,1.83999139e-13,1.009986932e-12,1.662953949e-13,9.392802373e-14,1.214787239e-13,2.316201699e-13,1.62076032e-13,3.429164342e-13,3.473866529e-13,3.245741282e-13,1.269753413e-12,1.387690237e-13,5.034755597e-13,1.37802442e-13
126.8828125,5.574330798e-13,6.311753185e-13,1.229609099e-12,6.211189113e-13,1.762467557e-13,2.377812923e-13,1.508923278e-13,1.524491565e-13,7.748710479e-14,1.726203309e-13,3.525958321e-13,2.037104056e-13,2.169020499e-13,2.806972224e-13,7.137176467e-13,1.074004654e-12,5.792112422e-13,6.359371634e-13,1.82783098e-13,1.013228177e-12,1.66252296e-13,9.335122832e-14,1.22911387e-13,2.341303451e-13,1.633580233e-13,3.464081596e-13,3.477988079e-13,3.208902107e-13,1.278434606e-12,1.389130854e-13,5.069872237e-13,1.390155648e-13
126.890625,5.532237174e-13,6.285235673e-13,1.240205561e-12,6.211641621e-13,1.740290262e-13,2.375146509e-13,1.513163622e-13,1.525830037e-13,7.751714908e-14,1.718329966e-13,3.521098896e-13,2.051383341e-13,2.174172203e-13,2.804230685e-13,7.162189796e-13,1.07775767e-12,5.843514745e-13,6.347876674e-13,1.81460312e-13,1.016352683e-12,1.661833206e-13,9.273532752e-14,1.242841235e-13,2.365747676e-13,1.645342761e-13,3.498072087e-13,3.4822858e-13,3.171270997e-13,1.286482794e-12,1.390542329e-13,5.102442403e-13,1.401831052e-13
126.8984375,5.489897381e-13,6.2526432e-13,1.250459663e-12,6.206985001e-13,1.718103642e-13,2.372567935e-13,1.516660473e-13,1.527016163e-13,7.752710539e-14,1.709610139e-13,3.515521618e-13,2.064321492e-13,2.177952888e-13,2.800919494e-13,7.186187959e-13,1.081504269e-12,5.898874685e-13,6.337264165e-13,1.80140339e-13,1.019525608e-12,1.661070507e-13,9.208863214e-14,1.256410694e-13,2.390763304e-13,1.656619219e-13,3.530529211e-13,3.486280259e-13,3.132448781e-13,1.293621297e-12,1.391895379e-13,5.131614012e-13,1.413167089e-13
126.90625,5.450623325e-13,6.22349287e-13,1.260455338e-12,6.20493541e-13,1.697084179e-13,2.371419045e-13,1.519390736e-13,1.527568685e-13,7.748958058e-14,1.700256266e-13,3.511661702e-13,2.077678304e-13,2.184543545e-13,2.800057673e-13,7.214391652e-13,1.085801356e-12,5.960542352e-13,6.33124313e-13,1.790712068e-13,1.022651958e-12,1.660901644e-13,9.146025132e-14,1.270089338e-13,2.41552644e-13,1.668415332e-13,3.563172784e-13,3.492872671e-13,3.094882291e-13,1.300598982e-12,1.393366904e-13,5.160743769e-13,1.423925163e-13
126.9140625,5.411924953e-13,6.197225148e-13,1.270203695e-12,6.201773829e-13,1.676941702e-13,2.370825133e-13,1.521678694e-13,1.527474518e-13,7.74302644e-14,1.691396736e-13,3.509104715e-13,2.092444554e-13,2.194135667e-13,2.801687519e-13,7.245434235e-13,1.090303772e-12,6.023149717e-13,6.326158164e-13,1.781240995e-13,1.025511606e-12,1.6615414e-13,9.085978788e-14,1.283452624e-13,2.439296578e-13,1.68040366e-13,3.596669142e-13,3.501929696e-13,3.058240182e-13,1.307582891e-12,1.394616119e-13,5.190603645e-13,1.434079462e-13
126.921875,5.372394297e-13,6.167502496e-13,1.279506713e-12,6.192874131e-13,1.656375048e-13,2.370344434e-13,1.524062685e-13,1.527181925e-13,7.737487701e-14,1.682875495e-13,3.505140386e-13,2.106377953e-13,2.203038608e-13,2.803468855e-13,7.274994653e-13,1.094513653e-12,6.084510448e-13,6.319468112e-13,1.770886152e-13,1.027770715e-12,1.662201923e-13,9.025180307e-14,1.296037706e-13,2.462159237e-13,1.692072836e-13,3.628817443e-13,3.510621976e-13,3.020831941e-13,1.313861421e-12,1.395253947e-13,5.217466389e-13,1.443767026e-13
126.9296875,5.335617987e-13,6.136944256e-13,1.288068151e-12,6.180251075e-13,1.636093813e-13,2.369584183e-13,1.525977623e-13,1.526632361e-13,7.733493287e-14,1.674485843e-13,3.499461452e-13,2.118687908e-13,2.211172489e-13,2.805846255e-13,7.303202107e-13,1.098540679e-12,6.147347686e-13,6.31322467e-13,1.760918779e-13,1.029275671e-12,1.662717769e-13,8.964421642e-14,1.307966782e-13,2.484683709e-13,1.703421047e-13,3.658827755e-13,3.519404373e-13,2.983593531e-13,1.319413463e-12,1.395568819e-13,5.242115216e-13,1.452883269e-13
126.9375,5.300951151e-13,6.105364938e-13,1.296035422e-12,6.16667645e-13,1.617183851e-13,2.368239829e-13,1.526744314e-13,1.525790057e-13,7.731757997e-14,1.666787926e-13,3.49404827e-13,2.131255281e-13,2.220229023e-13,2.810285714e-13,7.331645458e-13,1.102386712e-12,6.210339859e-13,6.306411825e-13,1.751926963e-13,1.030338084e-12,1.664105409e-13,8.908671261e-14,1.319725788e-13,2.507716936e-13,1.714005998e-13,3.687852042e-13,3.529492563e-13,2.947079102e-13,1.324751876e-12,1.395945902e-13,5.267830154e-13,1.461319697e-13
126.9453125,5.26623382e-13,6.071905051e-13,1.303632846e-12,6.15411422e-13,1.598943282e-13,2.367108312e-13,1.527031733e-13,1.52473553e-13,7.730365856e-14,1.6595387e-13,3.489279794e-13,2.144164431e-13,2.229886079e-13,2.816203028e-13,7.360209808e-13,1.105929422e-12,6.271649673e-13,6.297729005e-13,1.7427857e-13,1.031275577e-12,1.666565039e-13,8.856173721e-14,1.331209303e-13,2.531024803e-13,1.723591191e-13,3.716081505e-13,3.539948076e-13,2.911140757e-13,1.329780651e-12,1.396338279e-13,5.292539082e-13,1.46898085e-13
126.953125,5.234366365e-13,6.041013597e-13,1.31065092e-12,6.140360416e-13,1.581440369e-13,2.365793799e-13,1.526680671e-13,1.523319283e-13,7.726083653e-14,1.652282244e-13,3.484300643e-13,2.156475278e-13,2.240133124e-13,2.822704129e-13,7.387895654e-13,1.109263514e-12,6.333689751e-13,6.289306488e-13,1.734383859e-13,1.03203538e-12,1.669140801e-13,8.799357126e-14,1.341769344e-13,2.553808175e-13,1.732695225e-13,3.74336114e-13,3.55135143e-13,2.876109858e-13,1.33420094e-12,1.396577748e-13,5.314478647e-13,1.47581371e-13
126.9609375,5.20493941e-13,6.007766664e-13,1.317051312e-12,6.121725171e-13,1.565623964e-13,2.363438789e-13,1.524343666e-13,1.521829261e-13,7.719180374e-14,1.645412986e-13,3.47975069e-13,2.16835866e-13,2.250398547e-13,2.828976574e-13,7.413632082e-13,1.112363794e-12,6.397260043e-13,6.280745601e-13,1.727528394e-13,1.032511643e-12,1.671432666e-13,8.739597712e-14,1.351551234e-13,2.576326574e-13,1.741390682e-13,3.769302932e-13,3.564245496e-13,2.840398327e-13,1.33802931e-12,1.396555999e-13,5.335317436e-13,1.482139358e-13
126.96875,5.175025017e-13,5.968324577e-13,1.322944077e-12,6.103135277e-13,1.550577139e-13,2.361725989e-13,1.520766746e-13,1.520556949e-13,7.711818203e-14,1.638939196e-13,3.476031706e-13,2.179179922e-13,2.25883799e-13,2.83418114e-13,7.438558537e-13,1.115335896e-12,6.461675034e-13,6.271295983e-13,1.721164538e-13,1.032604381e-12,1.673488277e-13,8.68526876e-14,1.361071134e-13,2.598405728e-13,1.749328082e-13,3.792610125e-13,3.576539341e-13,2.803884616e-13,1.341283219e-12,1.396119263e-13,5.353768768e-13,1.487917706e-13
126.9765625,5.147636528e-13,5.934585576e-13,1.328133896e-12,6.087040411e-13,1.535430172e-13,2.361290251e-13,1.51778664e-13,1.519018408e-13,7.704241338e-14,1.632649028e-13,3.471623407e-13,2.188752288e-13,2.266404901e-13,2.840006085e-13,7.46486044e-13,1.118516727e-12,6.527866025e-13,6.263940254e-13,1.715379335e-13,1.032090174e-12,1.675353101e-13,8.635197669e-14,1.369835613e-13,2.619386657e-13,1.756682361e-13,3.813496006e-13,3.588292729e-13,2.769622435e-13,1.343999093e-12,1.395309657e-13,5.368938908e-13,1.492507812e-13
126.984375,5.123374231e-13,5.907839468e-13,1.332825999e-12,6.065304129e-13,1.521456043e-13,2.360044067e-13,1.514839492e-13,1.516927348e-13,7.696727228e-14,1.626885837e-13,3.466685785e-13,2.19888044e-13,2.275186106e-13,2.849470673e-13,7.491985347e-13,1.121800682e-12,6.595095387e-13,6.258649436e-13,1.710579195e-13,1.030925453e-12,1.677963256e-13,8.583406643e-14,1.3774692e-13,2.640119902e-13,1.763680841e-13,3.833516176e-13,3.602003025e-13,2.736768194e-13,1.346209938e-12,1.394588117e-13,5.384779697e-13,1.496094785e-13
126.9921875,5.097069627e-13,5.875207425e-13,1.337476986e-12,6.039503719e-13,1.508882547e-13,2.358377708e-13,1.510705769e-13,1.51448311e-13,7.689880477e-14,1.621615903e-13,3.463339618e-13,2.209878618e-13,2.284396025e-13,2.862278762e-13,7.51902576e-13,1.12491081e-12,6.662238989e-13,6.252414434e-13,1.705909141e-13,1.029261394e-12,1.682051628e-13,8.531761435e-14,1.384632642e-13,2.660507989e-13,1.770189147e-13,3.852591848e-13,3.617664099e-13,2.702627655e-13,1.34774337e-12,1.394273194e-13,5.402213507e-13,1.499360978e-13
127,5.069294744e-13,5.839461774e-13,1.341675756e-12,6.017363256e-13,1.495940167e-13,2.357750205e-13,1.505898698e-13,1.511716358e-13,7.682111324e-14,1.616816704e-13,3.460789441e-13,2.220288627e-13,2.293235168e-13,2.875361634e-13,7.546181245e-13,1.12781205e-12,6.729590858e-13,6.245438817e-13,1.701645443e-13,1.02709025e-12,1.686514283e-13,8.481547214e-14,1.391492378e-13,2.678768493e-13,1.776153295e-13,3.870114856e-13,3.633419514e-13,2.669181862e-13,1.348620431e-12,1.394008062e-13,5.417117916e-13,1.5019614e-13
127.0078125,5.044868926e-13,5.808374392e-13,1.344803412e-12,5.991713796e-13,1.483032443e-13,2.356474641e-13,1.500731391e-13,1.50873949e-13,7.67236584e-14,1.612520897e-13,3.456768778e-13,2.229963463e-13,2.30217385e-13,2.887711431e-13,7.572444272e-13,1.130325838e-12,6.795739239e-13,6.238255125e-13,1.69879865e-13,1.024386369e-12,1.690058711e-13,8.430262943e-14,1.397527539e-13,2.695850297e-13,1.781560257e-13,3.886319197e-13,3.648016956e-13,2.637515676e-13,1.349091723e-12,1.393263077e-13,5.428227924e-13,1.503446967e-13
127.015625,5.024438551e-13,5.775924863e-13,1.34697929e-12,5.959793314e-13,1.473188902e-13,2.354259406e-13,1.494662143e-13,1.505545279e-13,7.661873773e-14,1.607584143e-13,3.452150703e-13,2.239227687e-13,2.310998207e-13,2.901417102e-13,7.599048944e-13,1.132617235e-12,6.861434015e-13,6.231025757e-13,1.6972657e-13,1.021416598e-12,1.692779877e-13,8.38132933e-14,1.402736472e-13,2.713393456e-13,1.786432994e-13,3.901075197e-13,3.662340028e-13,2.606243765e-13,1.349101605e-12,1.391994813e-13,5.437387749e-13,1.50422221e-13
127.0234375,5.006694316e-13,5.740988611e-13,1.34841852e-12,5.93328514e-13,1.467150347e-13,2.353254876e-13,1.488126424e-13,1.501905752e-13,7.650860268e-14,1.602026537e-13,3.448106105e-13,2.247786051e-13,2.320109158e-13,2.917665408e-13,7.629327764e-13,1.135401429e-12,6.931271347e-13,6.226548666e-13,1.69694868e-13,1.018431698e-12,1.695344892e-13,8.336773078e-14,1.40746585e-13,2.729600613e-13,1.791171469e-13,3.914552545e-13,3.679618356e-13,2.577090924e-13,1.348555664e-12,1.390478906e-13,5.444624052e-13,1.504582507e-13
127.03125,4.990458015e-13,5.709142644e-13,1.349160366e-12,5.909844604e-13,1.462280301e-13,2.35260826e-13,1.481877712e-13,1.498267308e-13,7.639220577e-14,1.597879484e-13,3.443393233e-13,2.255815328e-13,2.329897581e-13,2.934921014e-13,7.661215247e-13,1.138596116e-12,7.005109507e-13,6.225165667e-13,1.697683835e-13,1.015172948e-12,1.698411133e-13,8.290652644e-14,1.412089946e-13,2.74404335e-13,1.796028314e-13,3.926908555e-13,3.699708998e-13,2.550503024e-13,1.347592739e-12,1.388871312e-13,5.449121882e-13,1.504434845e-13
127.0390625,4.974479722e-13,5.677057163e-13,1.349453952e-12,5.87925879e-13,1.457102055e-13,2.350918417e-13,1.475463644e-13,1.495006484e-13,7.628545517e-14,1.594823033e-13,3.438120897e-13,2.263875051e-13,2.339039998e-13,2.952465945e-13,7.690656761e-13,1.141381205e-12,7.07876815e-13,6.223292496e-13,1.698828897e-13,1.011222011e-12,1.702334306e-13,8.241745148e-14,1.416713921e-13,2.758849648e-13,1.800396535e-13,3.936797611e-13,3.718223597e-13,2.523549069e-13,1.346105911e-12,1.387273562e-13,5.452071178e-13,1.503602785e-13
127.046875,4.959208334e-13,5.643303328e-13,1.349498439e-12,5.846383805e-13,1.452853581e-13,2.349314445e-13,1.468184548e-13,1.491403592e-13,7.61923896e-14,1.590962108e-13,3.434336488e-13,2.272422851e-13,2.347549407e-13,2.9717106e-13,7.718939661e-13,1.143657866e-12,7.150930575e-13,6.219696809e-13,1.700573913e-13,1.006730135e-12,1.706801579e-13,8.19457162e-14,1.420714461e-13,2.772956293e-13,1.803595431e-13,3.944189215e-13,3.73520331e-13,2.496685149e-13,1.343986493e-12,1.385852765e-13,5.455423147e-13,1.50185734e-13
127.0546875,4.945683781e-13,5.613220075e-13,1.349048403e-12,5.814149657e-13,1.450438287e-13,2.347189046e-13,1.460011926e-13,1.487086523e-13,7.610241271e-14,1.586752169e-13,3.431656197e-13,2.281146155e-13,2.356749747e-13,2.992871426e-13,7.747142383e-13,1.145744603e-12,7.221099343e-13,6.215652982e-13,1.703312405e-13,1.0020197e-12,1.711254477e-13,8.149540228e-14,1.424029979e-13,2.784988954e-13,1.80596003e-13,3.95099048e-13,3.754235395e-13,2.471706278e-13,1.341528963e-12,1.384396206e-13,5.459334209e-13,1.499299688e-13
127.0625,4.934506771e-13,5.585010385e-13,1.347635323e-12,5.778248292e-13,1.449679469e-13,2.343678861e-13,1.451171811e-13,1.482560623e-13,7.602366129e-14,1.582529401e-13,3.427645236e-13,2.288909716e-13,2.36582453e-13,3.015260968e-13,7.773181104e-13,1.147555621e-12,7.290225714e-13,6.212551071e-13,1.707049827e-13,9.968192221e-13,1.715198724e-13,8.105724155e-14,1.427348873e-13,2.797176395e-13,1.808070432e-13,3.956374946e-13,3.774091853e-13,2.447952324e-13,1.338704451e-12,1.382479875e-13,5.462672408e-13,1.495934313e-13
127.0703125,4.925794545e-13,5.55484107e-13,1.345287006e-12,5.742735234e-13,1.450565369e-13,2.341162604e-13,1.442024732e-13,1.477734103e-13,7.596445859e-14,1.577746275e-13,3.422425795e-13,2.295829e-13,2.374028355e-13,3.039599032e-13,7.797908894e-13,1.149108013e-12,7.362434717e-13,6.211846391e-13,1.71225127e-13,9.908234696e-13,1.718588557e-13,8.062966494e-14,1.429908946e-13,2.809454626e-13,1.809672623e-13,3.958083335e-13,3.792031791e-13,2.426141918e-13,1.335093584e-12,1.380433234e-13,5.464452782e-13,1.491256143e-13
127.078125,4.918140457e-13,5.525970553e-13,1.342520881e-12,5.70895206e-13,1.452872037e-13,2.340125104e-13,1.432876234e-13,1.4721722e-13,7.590334123e-14,1.573611038e-13,3.417970742e-13,2.302693292e-13,2.382362435e-13,3.065716302e-13,7.823562899e-13,1.150624799e-12,7.437233684e-13,6.212693531e-13,1.718673622e-13,9.843347464e-13,1.722072728e-13,8.020558538e-14,1.430703012e-13,2.819061637e-13,1.810511091e-13,3.957267258e-13,3.809198679e-13,2.406752257e-13,1.330801999e-12,1.378677906e-13,5.463735509e-13,1.485395555e-13
127.0859375,4.91127511e-13,5.499590999e-13,1.339273154e-12,5.672364515e-13,1.456559613e-13,2.338214401e-13,1.423638312e-13,1.46632866e-13,7.582750212e-14,1.570152326e-13,3.413807766e-13,2.308768709e-13,2.390445525e-13,3.092008972e-13,7.848895434e-13,1.151974021e-12,7.50938341e-13,6.212691256e-13,1.725426497e-13,9.77649447e-13,1.725912172e-13,7.981053625e-14,1.430898301e-13,2.826814559e-13,1.81085668e-13,3.955780533e-13,3.826433067e-13,2.387985868e-13,1.326148361e-12,1.376634725e-13,5.46069651e-13,1.479107023e-13
127.09375,4.907030802e-13,5.473197524e-13,1.335123182e-12,5.636998462e-13,1.462233497e-13,2.335605156e-13,1.414228487e-13,1.46093024e-13,7.576068824e-14,1.565633017e-13,3.408758847e-13,2.314029533e-13,2.397224087e-13,3.118900559e-13,7.872759071e-13,1.152911384e-12,7.578263381e-13,6.211572314e-13,1.732924729e-13,9.706114415e-13,1.730042726e-13,7.945531859e-14,1.431237168e-13,2.834808547e-13,1.810528986e-13,3.952878671e-13,3.842161141e-13,2.370712765e-13,1.320965508e-12,1.374037431e-13,5.456484007e-13,1.472489436e-13
127.1015625,4.905777449e-13,5.448719443e-13,1.330363709e-12,5.604150409e-13,1.469779331e-13,2.33338834e-13,1.404675541e-13,1.455831034e-13,7.570946663e-14,1.560959898e-13,3.404157889e-13,2.319770574e-13,2.403447736e-13,3.14798163e-13,7.89723045e-13,1.153605749e-12,7.646793299e-13,6.210351161e-13,1.741608547e-13,9.631052197e-13,1.735026615e-13,7.909709531e-14,1.430562895e-13,2.842552896e-13,1.809267135e-13,3.947874641e-13,3.855859871e-13,2.356558743e-13,1.315137397e-12,1.371401338e-13,5.450237097e-13,1.465383653e-13
127.109375,4.907659222e-13,5.42800074e-13,1.325120533e-12,5.567852795e-13,1.479165182e-13,2.331116861e-13,1.394717275e-13,1.450436998e-13,7.564440206e-14,1.557198799e-13,3.400310061e-13,2.325413067e-13,2.410005789e-13,3.179183613e-13,7.92394535e-13,1.154441289e-12,7.716653921e-13,6.210480117e-13,1.751187643e-13,9.553690749e-13,1.740653761e-13,7.873762299e-14,1.428809904e-13,2.849536663e-13,1.807593984e-13,3.941214754e-13,3.868929856e-13,2.34371696e-13,1.308848567e-12,1.368392233e-13,5.440661329e-13,1.457891112e-13
127.1171875,4.913145873e-13,5.407250736e-13,1.318855843e-12,5.531780089e-13,1.491398033e-13,2.32931342e-13,1.384136107e-13,1.444809017e-13,7.556627445e-14,1.552930041e-13,3.395230822e-13,2.33003524e-13,2.416884244e-13,3.211853427e-13,7.95127107e-13,1.155505078e-12,7.789147946e-13,6.213662448e-13,1.762269215e-13,9.475699535e-13,1.745789315e-13,7.841165264e-14,1.426908347e-13,2.855336721e-13,1.80571844e-13,3.932957959e-13,3.882793364e-13,2.331612853e-13,1.302074171e-12,1.364633137e-13,5.429086532e-13,1.449838407e-13
127.125,4.92036816e-13,5.385899302e-13,1.311776828e-12,5.50004143e-13,1.505980693e-13,2.328335094e-13,1.373043851e-13,1.439206481e-13,7.551000699e-14,1.54852417e-13,3.389193293e-13,2.334497456e-13,2.424031603e-13,3.245762022e-13,7.977143302e-13,1.156586343e-12,7.863587102e-13,6.219091765e-13,1.775005528e-13,9.394564887e-13,1.750643929e-13,7.810034416e-14,1.424692063e-13,2.858557501e-13,1.80322929e-13,3.923115752e-13,3.897522681e-13,2.321889888e-13,1.294711646e-12,1.361037425e-13,5.416301696e-13,1.440983413e-13
127.1328125,4.928677904e-13,5.369405144e-13,1.304464772e-12,5.466847167e-13,1.521252364e-13,2.326874664e-13,1.361496579e-13,1.433186254e-13,7.548406827e-14,1.545355693e-13,3.383628503e-13,2.338809627e-13,2.431304129e-13,3.28085577e-13,8.00198061e-13,1.157513055e-12,7.936855409e-13,6.224622654e-13,1.788254976e-13,9.308007502e-13,1.756141779e-13,7.779970436e-14,1.422002535e-13,2.859248564e-13,1.80013088e-13,3.91167098e-13,3.912280164e-13,2.314408514e-13,1.286871316e-12,1.357961578e-13,5.401530531e-13,1.431243686e-13
127.140625,4.938545464e-13,5.356630899e-13,1.296749815e-12,5.43242845e-13,1.537315518e-13,2.324975482e-13,1.349639181e-13,1.426713469e-13,7.548745459e-14,1.542167683e-13,3.378223394e-13,2.342710725e-13,2.438677629e-13,3.317793252e-13,8.026095093e-13,1.158051073e-12,8.006908094e-13,6.22946123e-13,1.801889575e-13,9.217013852e-13,1.762730552e-13,7.754075763e-14,1.419021555e-13,2.858642269e-13,1.796380045e-13,3.898131531e-13,3.926366479e-13,2.308737102e-13,1.27868728e-12,1.354689901e-13,5.386053984e-13,1.420658678e-13
127.1484375,4.947346593e-13,5.341247864e-13,1.288737697e-12,5.4009703e-13,1.554834585e-13,2.324123719e-13,1.337999834e-13,1.420507491e-13,7.553542161e-14,1.537983716e-13,3.373865377e-13,2.347694908e-13,2.446194237e-13,3.357355234e-13,8.048314933e-13,1.157929564e-12,8.073017042e-13,6.232883239e-13,1.816470304e-13,9.121867913e-13,1.771089293e-13,7.731098745e-14,1.415280432e-13,2.857546974e-13,1.791796104e-13,3.882739632e-13,3.938860397e-13,2.305084948e-13,1.270321589e-12,1.351181387e-13,5.371889806e-13,1.409825554e-13
127.15625,4.956401907e-13,5.326933436e-13,1.28071197e-12,5.36869776e-13,1.574170191e-13,2.324485856e-13,1.326889724e-13,1.414070063e-13,7.560334833e-14,1.533258481e-13,3.371166412e-13,2.353656268e-13,2.45338996e-13,3.399270846e-13,8.069510896e-13,1.157391172e-12,8.136006217e-13,6.23552439e-13,1.832020696e-13,9.022594964e-13,1.780388018e-13,7.709470729e-14,1.410860699e-13,2.856708709e-13,1.786960069e-13,3.866310475e-13,3.94933083e-13,2.302912701e-13,1.261848339e-12,1.347518281e-13,5.358387925e-13,1.399168744e-13
127.1640625,4.971380164e-13,5.319070958e-13,1.27195411e-12,5.334729048e-13,1.596142731e-13,2.325001465e-13,1.316025718e-13,1.406259258e-13,7.562874986e-14,1.527683804e-13,3.366950109e-13,2.358332608e-13,2.460280072e-13,3.442545894e-13,8.091866359e-13,1.15689184e-12,8.198680253e-13,6.240103576e-13,1.848890773e-13,8.920240288e-13,1.788194319e-13,7.689650266e-14,1.406533065e-13,2.854899985e-13,1.782246251e-13,3.84860717e-13,3.95930994e-13,2.302246258e-13,1.252991241e-12,1.343254947e-13,5.343422979e-13,1.388139348e-13
127.171875,4.989864224e-13,5.310763166e-13,1.262300142e-12,5.303417936e-13,1.620109324e-13,2.325254158e-13,1.305184033e-13,1.397749673e-13,7.561711837e-14,1.521638811e-13,3.360570475e-13,2.362249412e-13,2.467783998e-13,3.487137648e-13,8.115992684e-13,1.156389773e-12,8.262299067e-13,6.246930332e-13,1.867382737e-13,8.812833565e-13,1.795102402e-13,7.670384568e-14,1.402112504e-13,2.849666844e-13,1.777327049e-13,3.829384072e-13,3.970239003e-13,2.303169e-13,1.243686785e-12,1.338883041e-13,5.327071456e-13,1.376508014e-13
127.1796875,5.007110306e-13,5.298565432e-13,1.252891109e-12,5.273011199e-13,1.645071243e-13,2.326296936e-13,1.294505041e-13,1.389802791e-13,7.565589891e-14,1.516294301e-13,3.356339541e-13,2.368263697e-13,2.476063625e-13,3.534912903e-13,8.14258465e-13,1.155812978e-12,8.32648975e-13,6.254616086e-13,1.887566936e-13,8.7004615e-13,1.804105595e-13,7.654199948e-14,1.397041376e-13,2.842769233e-13,1.772306642e-13,3.809682566e-13,3.981291047e-13,2.305542e-13,1.234370982e-12,1.335392749e-13,5.312582365e-13,1.364760095e-13
127.1875,5.027367064e-13,5.290717071e-13,1.243737366e-12,5.240560453e-13,1.672302062e-13,2.3284833e-13,1.283862539e-13,1.382131967e-13,7.576630078e-14,1.511241834e-13,3.354667067e-13,2.376151411e-13,2.484197595e-13,3.586375188e-13,8.171005386e-13,1.155337149e-12,8.392023016e-13,6.263963012e-13,1.909808187e-13,8.589170663e-13,1.815059126e-13,7.643122041e-14,1.391568435e-13,2.83755594e-13,1.767069987e-13,3.789569179e-13,3.991137293e-13,2.311263565e-13,1.224948772e-12,1.332429106e-13,5.300378167e-13,1.352795736e-13
127.1953125,5.053355746e-13,5.289243198e-13,1.233771504e-12,5.208632586e-13,1.702044525e-13,2.330447638e-13,1.27290955e-13,1.373973958e-13,7.584672851e-14,1.505516627e-13,3.352159039e-13,2.382977218e-13,2.492102453e-13,3.638545024e-13,8.198248781e-13,1.154866042e-12,8.459700148e-13,6.275966981e-13,1.933581593e-13,8.478786795e-13,1.825580452e-13,7.630178039e-14,1.386266042e-13,2.832091932e-13,1.761117725e-13,3.76718031e-13,4.000067773e-13,2.321290186e-13,1.214707908e-12,1.329083779e-13,5.285536292e-13,1.340202609e-13
127.203125,5.081179436e-13,5.289155054e-13,1.223228397e-12,5.179672516e-13,1.732951411e-13,2.332875552e-13,1.261813603e-13,1.365227271e-13,7.58546338e-14,1.499240435e-13,3.349641623e-13,2.388293234e-13,2.500948922e-13,3.69015517e-13,8.224721766e-13,1.154299502e-12,8.529375618e-13,6.29053389e-13,1.958108475e-13,8.363230882e-13,1.835356479e-13,7.615237114e-14,1.381354952e-13,2.823257325e-13,1.75508962e-13,3.742079906e-13,4.009614608e-13,2.333020012e-13,1.203741381e-12,1.325458272e-13,5.267249267e-13,1.327082628e-13
127.2109375,5.110084332e-13,5.289494458e-13,1.21282453e-12,5.152693926e-13,1.765835376e-13,2.337513859e-13,1.250776133e-13,1.356160643e-13,7.589469533e-14,1.493219711e-13,3.349058268e-13,2.394293758e-13,2.510632054e-13,3.743283611e-13,8.251979283e-13,1.153650925e-12,8.598679398e-13,6.306855282e-13,1.983746733e-13,8.243801308e-13,1.845621363e-13,7.608641229e-14,1.376262422e-13,2.812518425e-13,1.749301607e-13,3.715942731e-13,4.019816168e-13,2.344938993e-13,1.19282526e-12,1.32203855e-13,5.250293027e-13,1.313643851e-13
127.21875,5.140792354e-13,5.290435368e-13,1.202197408e-12,5.125100597e-13,1.801002933e-13,2.342061563e-13,1.239459205e-13,1.347224802e-13,7.60292824e-14,1.487817152e-13,3.34873572e-13,2.401440216e-13,2.518986735e-13,3.797998828e-13,8.276808667e-13,1.152563779e-12,8.663174774e-13,6.322418695e-13,2.010210934e-13,8.123294021e-13,1.856882695e-13,7.608340556e-14,1.37020259e-13,2.801830368e-13,1.742389794e-13,3.68895978e-13,4.027809711e-13,2.358337264e-13,1.181903497e-12,1.318869918e-13,5.234667938e-13,1.300059825e-13
127.2265625,5.171821425e-13,5.294142562e-13,1.191088176e-12,5.096851096e-13,1.836994883e-13,2.344546292e-13,1.227893011e-13,1.338456835e-13,7.620691502e-14,1.48172002e-13,3.348339613e-13,2.408486422e-13,2.525189876e-13,3.853529377e-13,8.29909344e-13,1.150992021e-12,8.723328784e-13,6.336748084e-13,2.036928446e-13,7.99962582e-13,1.868751191e-13,7.60635764e-14,1.363378841e-13,2.790431101e-13,1.734093532e-13,3.660004803e-13,4.031908123e-13,2.374532312e-13,1.17036032e-12,1.316048821e-13,5.217751806e-13,1.286450867e-13
127.234375,5.204925379e-13,5.302983409e-13,1.179794385e-12,5.071471045e-13,1.875045842e-13,2.347706341e-13,1.216564973e-13,1.329133599e-13,7.63881279e-14,1.473852143e-13,3.349174049e-13,2.415232205e-13,2.531027767e-13,3.911235724e-13,8.323941596e-13,1.149499264e-12,8.783851502e-13,6.353101068e-13,2.064878546e-13,7.873965553e-13,1.880651704e-13,7.6071314e-14,1.356190238e-13,2.777338361e-13,1.725823594e-13,3.629720998e-13,4.034395872e-13,2.393480933e-13,1.158313535e-12,1.313502374e-13,5.200741515e-13,1.272611918e-13
127.2421875,5.241685663e-13,5.310068099e-13,1.168238103e-12,5.048443617e-13,1.916241565e-13,2.352530876e-13,1.205529239e-13,1.318779097e-13,7.653939223e-14,1.465733227e-13,3.349480464e-13,2.421827673e-13,2.537873891e-13,3.970548502e-13,8.35059977e-13,1.148098878e-12,8.844330178e-13,6.372270892e-13,2.094196779e-13,7.747983543e-13,1.892511598e-13,7.610672599e-14,1.348485691e-13,2.762500417e-13,1.718037228e-13,3.599314077e-13,4.037428728e-13,2.412984498e-13,1.146293794e-12,1.310395625e-13,5.183420382e-13,1.258509933e-13
127.25,5.27790648e-13,5.313024659e-13,1.156497132e-12,5.023683802e-13,1.957954977e-13,2.357179731e-13,1.194819697e-13,1.307751847e-13,7.663986084e-14,1.458464557e-13,3.348377313e-13,2.428638744e-13,2.545674161e-13,4.029864088e-13,8.375788669e-13,1.146519937e-12,8.902897915e-13,6.392649565e-13,2.123770479e-13,7.619520906e-13,1.90493993e-13,7.60847623e-14,1.340826159e-13,2.746727518e-13,1.7103953e-13,3.568646916e-13,4.040779674e-13,2.432242928e-13,1.134336066e-12,1.306596912e-13,5.164957332e-13,1.244469431e-13
127.2578125,5.311538049e-13,5.32295554e-13,1.145011917e-12,4.999361647e-13,1.999827585e-13,2.362495315e-13,1.184545539e-13,1.296636719e-13,7.678052011e-14,1.450785373e-13,3.348719939e-13,2.437199822e-13,2.554147626e-13,4.090965763e-13,8.402431747e-13,1.145095645e-12,8.961979495e-13,6.415310912e-13,2.154298871e-13,7.489203435e-13,1.918408731e-13,7.605877733e-14,1.334021333e-13,2.730833345e-13,1.702861361e-13,3.537797759e-13,4.044314477e-13,2.454551143e-13,1.122166329e-12,1.303392846e-13,5.148887008e-13,1.230594416e-13
127.265625,5.347927167e-13,5.340399719e-13,1.133492695e-12,4.979091639e-13,2.045017271e-13,2.369158734e-13,1.174203363e-13,1.285776177e-13,7.70311461e-14,1.441994324e-13,3.351191713e-13,2.447574099e-13,2.562981045e-13,4.155204211e-13,8.432146071e-13,1.143879622e-12,9.021906187e-13,6.441464869e-13,2.187149422e-13,7.358048073e-13,1.932434713e-13,7.612436434e-14,1.327512883e-13,2.713874939e-13,1.695288347e-13,3.506993339e-13,4.048076852e-13,2.480566069e-13,1.109666076e-12,1.301112334e-13,5.136236426e-13,1.216819534e-13
127.2734375,5.390616697e-13,5.355576056e-13,1.121474005e-12,4.960169797e-13,2.093771435e-13,2.375515676e-13,1.163568375e-13,1.275192244e-13,7.732069822e-14,1.432549163e-13,3.354143983e-13,2.457948946e-13,2.572274687e-13,4.221337745e-13,8.462141807e-13,1.142482923e-12,9.08166055e-13,6.470213328e-13,2.222139117e-13,7.224969804e-13,1.946440948e-13,7.623012574e-14,1.320480071e-13,2.695142018e-13,1.687638185e-13,3.475141016e-13,4.051189824e-13,2.507734648e-13,1.096886608e-12,1.298683824e-13,5.123605788e-13,1.203024527e-13
127.28125,5.434554931e-13,5.371240017e-13,1.109336188e-12,4.94157525e-13,2.143441893e-13,2.381892921e-13,1.153123307e-13,1.264492681e-13,7.760061338e-14,1.422766758e-13,3.357903619e-13,2.468152924e-13,2.582235798e-13,4.28880482e-13,8.49231065e-13,1.141023343e-12,9.142683959e-13,6.5007615e-13,2.258280367e-13,7.092374028e-13,1.960910213e-13,7.631416776e-14,1.313165041e-13,2.675734827e-13,1.679960388e-13,3.441559402e-13,4.053026074e-13,2.537244505e-13,1.083925449e-12,1.295945778e-13,5.110737072e-13,1.188960927e-13
127.2890625,5.474928273e-13,5.390395386e-13,1.09737317e-12,4.925358415e-13,2.193085879e-13,2.388964115e-13,1.142864307e-13,1.253077686e-13,7.78767479e-14,1.413010465e-13,3.362087829e-13,2.478867953e-13,2.592370785e-13,4.357017808e-13,8.523213122e-13,1.139602252e-12,9.202756013e-13,6.531948992e-13,2.294519175e-13,6.960630421e-13,1.975958744e-13,7.638394229e-14,1.306034573e-13,2.655336057e-13,1.672119456e-13,3.407287099e-13,4.054265564e-13,2.569158471e-13,1.070837491e-12,1.293356719e-13,5.099180058e-13,1.17472411e-13
127.296875,5.515491173e-13,5.40717958e-13,1.085373315e-12,4.908652301e-13,2.244134884e-13,2.395352878e-13,1.132610237e-13,1.240938343e-13,7.813699994e-14,1.402961969e-13,3.365196261e-13,2.489771842e-13,2.602664695e-13,4.425695017e-13,8.55347892e-13,1.137936575e-12,9.258644695e-13,6.562957783e-13,2.331112704e-13,6.825978651e-13,1.990604688e-13,7.644541043e-14,1.298976198e-13,2.632895419e-13,1.664395835e-13,3.373200886e-13,4.056224116e-13,2.599989827e-13,1.057682805e-12,1.290807422e-13,5.088703534e-13,1.160543929e-13
127.3046875,5.559185007e-13,5.425854384e-13,1.073346742e-12,4.889731636e-13,2.297583902e-13,2.401608987e-13,1.122645317e-13,1.228872594e-13,7.844105308e-14,1.391823176e-13,3.36868549e-13,2.50111611e-13,2.613075665e-13,4.496578378e-13,8.583775678e-13,1.136079141e-12,9.312238885e-13,6.59485842e-13,2.369520813e-13,6.690392385e-13,2.005221466e-13,7.65338614e-14,1.291348317e-13,2.609829918e-13,1.656738395e-13,3.338747712e-13,4.058427585e-13,2.632182678e-13,1.044567579e-12,1.28851268e-13,5.079178427e-13,1.14614928e-13
127.3125,5.60129579e-13,5.451627965e-13,1.061273962e-12,4.873406376e-13,2.352179355e-13,2.40945609e-13,1.112922582e-13,1.217165168e-13,7.883361984e-14,1.379877417e-13,3.373750283e-13,2.512937803e-13,2.622210734e-13,4.569512368e-13,8.614761499e-13,1.134047103e-12,9.36313611e-13,6.627712659e-13,2.409199327e-13,6.556433986e-13,2.020946806e-13,7.667267359e-14,1.282668992e-13,2.586649622e-13,1.64825229e-13,3.302474821e-13,4.058084572e-13,2.669345636e-13,1.031477715e-12,1.286595571e-13,5.069808047e-13,1.131388059e-13
127.3203125,5.640277157e-13,5.475135192e-13,1.049054716e-12,4.861231449e-13,2.407292337e-13,2.418088438e-13,1.103223393e-13,1.205101627e-13,7.921320839e-14,1.367546161e-13,3.378699182e-13,2.524352681e-13,2.630204331e-13,4.64201527e-13,8.644866384e-13,1.131598118e-12,9.409002548e-13,6.660461289e-13,2.448423471e-13,6.421298385e-13,2.036909235e-13,7.680216978e-14,1.273360201e-13,2.561728298e-13,1.638993886e-13,3.263755676e-13,4.054314921e-13,2.707065776e-13,1.01831304e-12,1.284353858e-13,5.059722823e-13,1.116600597e-13
127.328125,5.680351763e-13,5.494661503e-13,1.037027877e-12,4.850003944e-13,2.464521703e-13,2.426694995e-13,1.093572286e-13,1.192646588e-13,7.95488655e-14,1.354790059e-13,3.384016653e-13,2.53614123e-13,2.639023515e-13,4.714177255e-13,8.675006321e-13,1.129146858e-12,9.454292403e-13,6.69413163e-13,2.487672806e-13,6.287445759e-13,2.052793931e-13,7.69018963e-14,1.264093296e-13,2.535867021e-13,1.629799299e-13,3.224430637e-13,4.049635809e-13,2.743286405e-13,1.005113511e-12,1.281956337e-13,5.050027332e-13,1.102044676e-13
127.3359375,5.722118633e-13,5.520776686e-13,1.025335888e-12,4.839443005e-13,2.52379976e-13,2.435918577e-13,1.083841883e-13,1.180759341e-13,7.993959536e-14,1.342172353e-13,3.391505297e-13,2.549597637e-13,2.64854901e-13,4.788123147e-13,8.708384763e-13,1.127288587e-12,9.503846572e-13,6.730491176e-13,2.528333486e-13,6.158809823e-13,2.070439009e-13,7.702290827e-14,1.255113218e-13,2.510556056e-13,1.620797618e-13,3.186543018e-13,4.045712395e-13,2.782309687e-13,9.919626505e-13,1.28033211e-13,5.040858138e-13,1.087993393e-13
127.34375,5.764594698e-13,5.551459806e-13,1.013675899e-12,4.829329999e-13,2.583714952e-13,2.445692888e-13,1.074373919e-13,1.169512625e-13,8.038146551e-14,1.329857515e-13,3.39913978e-13,2.563845128e-13,2.657951024e-13,4.865031291e-13,8.744736718e-13,1.125654819e-12,9.555344074e-13,6.769602214e-13,2.570648628e-13,6.029326838e-13,2.089410172e-13,7.716409584e-14,1.246710364e-13,2.484547832e-13,1.612413765e-13,3.149276239e-13,4.041921205e-13,2.823249773e-13,9.788597748e-13,1.279039426e-13,5.03170606e-13,1.074603977e-13
127.3515625,5.808356355e-13,5.578112983e-13,1.00209407e-12,4.817878948e-13,2.644636798e-13,2.455854261e-13,1.065780097e-13,1.157911913e-13,8.081918285e-14,1.317160683e-13,3.404917036e-13,2.577699264e-13,2.667880515e-13,4.943798997e-13,8.780397971e-13,1.123600624e-12,9.60390439e-13,6.809681527e-13,2.613718286e-13,5.895003822e-13,2.107340438e-13,7.730809968e-14,1.238880416e-13,2.457303168e-13,1.605025532e-13,3.111377855e-13,4.037169246e-13,2.862253853e-13,9.658003434e-13,1.277223588e-13,5.023899723e-13,1.061371009e-13
127.359375,5.850704107e-13,5.603848823e-13,9.906823304e-13,4.807464626e-13,2.705892267e-13,2.466799285e-13,1.057568289e-13,1.145545724e-13,8.12751098e-14,1.303955692e-13,3.411154155e-13,2.591159733e-13,2.677870923e-13,5.021394682e-13,8.814329195e-13,1.121225671e-12,9.64724087e-13,6.848641189e-13,2.656107527e-13,5.762231257e-13,2.124835171e-13,7.748023669e-14,1.230916993e-13,2.429360929e-13,1.59739895e-13,3.073635806e-13,4.030612879e-13,2.901528758e-13,9.527214904e-13,1.27537187e-13,5.017062291e-13,1.048034247e-13
127.3671875,5.88940089e-13,5.632790106e-13,9.79287153e-13,4.800097943e-13,2.766190124e-13,2.478412159e-13,1.049201252e-13,1.132947649e-13,8.175378021e-14,1.290283875e-13,3.419844721e-13,2.605079226e-13,2.68719399e-13,5.097825533e-13,8.849749528e-13,1.119004478e-12,9.688297865e-13,6.887733497e-13,2.698228353e-13,5.634583976e-13,2.143516506e-13,7.767332483e-14,1.222562589e-13,2.399837047e-13,1.588894803e-13,3.036636681e-13,4.023021658e-13,2.943989666e-13,9.395873364e-13,1.274076588e-13,5.009542329e-13,1.035210388e-13
127.375,5.926350875e-13,5.662640039e-13,9.681163632e-13,4.792247685e-13,2.827097076e-13,2.489934614e-13,1.041025166e-13,1.120577691e-13,8.223855342e-14,1.275859814e-13,3.429518139e-13,2.620668036e-13,2.696798259e-13,5.17548471e-13,8.887617769e-13,1.117055633e-12,9.730946661e-13,6.929854139e-13,2.741675301e-13,5.509572636e-13,2.162267795e-13,7.784908426e-14,1.214320333e-13,2.369363723e-13,1.580759669e-13,3.000351555e-13,4.016380865e-13,2.987484235e-13,9.266116026e-13,1.273027358e-13,5.002505941e-13,1.023280605e-13
127.3828125,5.962087559e-13,5.693936032e-13,9.572486238e-13,4.78310936e-13,2.888316021e-13,2.500157259e-13,1.032765146e-13,1.108230106e-13,8.27186499e-14,1.260883992e-13,3.439145974e-13,2.637161227e-13,2.706528876e-13,5.25226218e-13,8.924874672e-13,1.115120515e-12,9.77267018e-13,6.973575529e-13,2.785505894e-13,5.386284193e-13,2.180049437e-13,7.799906701e-14,1.206347628e-13,2.339913153e-13,1.573326778e-13,2.9654193e-13,4.010397176e-13,3.029680947e-13,9.139524623e-13,1.272020466e-13,4.99667043e-13,1.012026407e-13
127.390625,5.997260942e-13,5.727383265e-13,9.46276216e-13,4.776164958e-13,2.94761928e-13,2.509567159e-13,1.024100815e-13,1.095795799e-13,8.316926294e-14,1.245756194e-13,3.449732808e-13,2.652566887e-13,2.715632872e-13,5.327046016e-13,8.961515555e-13,1.113039795e-12,9.810846804e-13,7.01615814e-13,2.828486487e-13,5.264288636e-13,2.198183762e-13,7.815271486e-14,1.198408744e-13,2.310694399e-13,1.565804417e-13,2.930922238e-13,4.002797779e-13,3.071829426e-13,9.013868718e-13,1.271205015e-13,4.991011741e-13,1.001103389e-13
127.3984375,6.034692877e-13,5.758587516e-13,9.352589713e-13,4.770783636e-13,3.008297787e-13,2.521283921e-13,1.015971347e-13,1.083972178e-13,8.366394437e-14,1.230680244e-13,3.46076194e-13,2.667541358e-13,2.725219088e-13,5.405077907e-13,8.999441395e-13,1.110839926e-12,9.847735097e-13,7.058636342e-13,2.871861858e-13,5.14297676e-13,2.217616131e-13,7.836662314e-14,1.190463258e-13,2.280806139e-13,1.55830313e-13,2.894549727e-13,3.992823499e-13,3.115079263e-13,8.886669674e-13,1.270323991e-13,4.986383862e-13,9.900063528e-14
127.40625,6.072720592e-13,5.787638416e-13,9.244867809e-13,4.765248428e-13,3.072868693e-13,2.535455163e-13,1.008618925e-13,1.072851797e-13,8.428336517e-14,1.215442677e-13,3.470605258e-13,2.683475968e-13,2.735502191e-13,5.486447282e-13,9.036354229e-13,1.108472211e-12,9.882547787e-13,7.101784795e-13,2.915798053e-13,5.023775422e-13,2.237461801e-13,7.863724393e-14,1.182498883e-13,2.251163878e-13,1.550915491e-13,2.856787829e-13,3.981701032e-13,3.158220327e-13,8.757990155e-13,1.269074797e-13,4.982941661e-13,9.786422542e-14
127.4140625,6.107406669e-13,5.819916858e-13,9.13822037e-13,4.761991984e-13,3.135824557e-13,2.548358374e-13,1.000936441e-13,1.061117765e-13,8.490210021e-14,1.199065723e-13,3.480524826e-13,2.699639995e-13,2.745132404e-13,5.565061902e-13,9.071027421e-13,1.105930045e-12,9.913038558e-13,7.144069929e-13,2.959040834e-13,4.905923151e-13,2.257002235e-13,7.887485337e-14,1.174412172e-13,2.220846328e-13,1.543015566e-13,2.819769225e-13,3.970994911e-13,3.20142176e-13,8.629134176e-13,1.267847594e-13,4.978888408e-13,9.676539303e-14
127.421875,6.139606233e-13,5.853326306e-13,9.034427518e-13,4.760799366e-13,3.195204394e-13,2.559845554e-13,9.927486001e-14,1.04842614e-13,8.543318606e-14,1.181632309e-13,3.492227486e-13,2.715840328e-13,2.753950694e-13,5.641820317e-13,9.105795719e-13,1.103219077e-12,9.940527174e-13,7.184812098e-13,3.001783161e-13,4.786475382e-13,2.276516349e-13,7.907409322e-14,1.166261301e-13,2.189018372e-13,1.534649746e-13,2.78333614e-13,3.960867434e-13,3.245719083e-13,8.502180741e-13,1.267063173e-13,4.975015175e-13,9.572881194e-14
127.4296875,6.170570411e-13,5.88336632e-13,8.936646751e-13,4.757641468e-13,3.256131499e-13,2.57209083e-13,9.847890933e-14,1.035971824e-13,8.599769985e-14,1.164917011e-13,3.50458778e-13,2.7326167e-13,2.762086717e-13,5.720218431e-13,9.139592903e-13,1.100177621e-12,9.963861505e-13,7.224092365e-13,3.044122163e-13,4.666774175e-13,2.295982727e-13,7.931398289e-14,1.158091029e-13,2.157546053e-13,1.526287635e-13,2.746884165e-13,3.950172249e-13,3.28933629e-13,8.378172841e-13,1.266598354e-13,4.972797289e-13,9.471938391e-14
127.4375,6.198489078e-13,5.915486222e-13,8.840886285e-13,4.752608311e-13,3.317734557e-13,2.583567334e-13,9.770979251e-14,1.023665984e-13,8.658717894e-14,1.14910736e-13,3.51759079e-13,2.749132105e-13,2.769381987e-13,5.796833708e-13,9.170644683e-13,1.096923541e-12,9.981751913e-13,7.262591599e-13,3.085417961e-13,4.550485191e-13,2.315119392e-13,7.955235477e-14,1.149620203e-13,2.12630615e-13,1.517840223e-13,2.711308314e-13,3.939427287e-13,3.332050554e-13,8.254914938e-13,1.266398475e-13,4.970815861e-13,9.373103459e-14
127.4453125,6.223474717e-13,5.952412695e-13,8.744202973e-13,4.748709978e-13,3.375690538e-13,2.593507292e-13,9.693807008e-14,1.010552036e-13,8.708020709e-14,1.132495484e-13,3.532328574e-13,2.764985592e-13,2.776729979e-13,5.869736007e-13,9.201276898e-13,1.093808579e-12,9.998605982e-13,7.301703333e-13,3.125985479e-13,4.438490857e-13,2.334192457e-13,7.971163804e-14,1.140760423e-13,2.093509305e-13,1.50928103e-13,2.676639885e-13,3.930387404e-13,3.376083096e-13,8.130506023e-13,1.26642048e-13,4.968603844e-13,9.276335537e-14
127.453125,6.248985762e-13,5.985596657e-13,8.649541822e-13,4.746761431e-13,3.433541445e-13,2.604624956e-13,9.616613559e-14,9.973370408e-14,8.758140104e-14,1.114866443e-13,3.546650444e-13,2.780863242e-13,2.784604646e-13,5.943096227e-13,9.232049759e-13,1.090686792e-12,1.001662885e-12,7.340992579e-13,3.16637976e-13,4.329950281e-13,2.353195129e-13,7.987612066e-14,1.132053368e-13,2.060871413e-13,1.500851024e-13,2.64178733e-13,3.921694379e-13,3.419776037e-13,8.00667527e-13,1.266310777e-13,4.967805611e-13,9.17889794e-14
127.4609375,6.276847153e-13,6.013860036e-13,8.557558987e-13,4.746696839e-13,3.495072244e-13,2.617334083e-13,9.539786751e-14,9.847580285e-14,8.822018674e-14,1.097261426e-13,3.559209036e-13,2.796892752e-13,2.792340364e-13,6.018735106e-13,9.261281307e-13,1.087218071e-12,1.003217786e-12,7.379005678e-13,3.206981327e-13,4.22288217e-13,2.371940065e-13,8.013537323e-14,1.123670886e-13,2.029987005e-13,1.492333635e-13,2.606410035e-13,3.909910036e-13,3.461976105e-13,7.885127744e-13,1.266118717e-13,4.968310518e-13,9.079908027e-14
127.46875,6.303112376e-13,6.044748201e-13,8.46738719e-13,4.746932079e-13,3.55603329e-13,2.629798844e-13,9.463577892e-14,9.720227727e-14,8.888824567e-14,1.079799193e-13,3.572393486e-13,2.813017582e-13,2.799470994e-13,6.093904042e-13,9.289455168e-13,1.083418329e-12,1.004137577e-12,7.415248575e-13,3.2476139e-13,4.11599243e-13,2.390925158e-13,8.042048377e-14,1.114946593e-13,1.998596828e-13,1.483318552e-13,2.570723127e-13,3.8947405e-13,3.505329869e-13,7.764732918e-13,1.266138562e-13,4.9686503e-13,8.980552687e-14
127.4765625,6.322606662e-13,6.076107679e-13,8.379917751e-13,4.744380914e-13,3.612781936e-13,2.64159413e-13,9.388493764e-14,9.589857307e-14,8.94867733e-14,1.062208608e-13,3.586570233e-13,2.828836457e-13,2.80546778e-13,6.166030029e-13,9.316363073e-13,1.079385398e-12,1.004321073e-12,7.449011858e-13,3.286639417e-13,4.012098943e-13,2.409716738e-13,8.065571672e-14,1.10580708e-13,1.966036512e-13,1.47397869e-13,2.535257508e-13,3.879280307e-13,3.547775637e-13,7.644584836e-13,1.266161976e-13,4.968470262e-13,8.882951919e-14
127.484375,6.337380645e-13,6.103566587e-13,8.294144601e-13,4.740766435e-13,3.667374964e-13,2.652704694e-13,9.312776948e-14,9.462343703e-14,9.006804954e-14,1.044590658e-13,3.60014909e-13,2.843811226e-13,2.810388321e-13,6.235327564e-13,9.341440928e-13,1.075343992e-12,1.004246244e-12,7.481114504e-13,3.323768522e-13,3.912669205e-13,2.426977385e-13,8.087158157e-14,1.09705598e-13,1.934564469e-13,1.464825455e-13,2.500851945e-13,3.865736883e-13,3.586376169e-13,7.52582809e-13,1.266118643e-13,4.968353205e-13,8.789158167e-14
127.4921875,6.352852267e-13,6.132284796e-13,8.209439021e-13,4.740561417e-13,3.721802559e-13,2.663406344e-13,9.234390163e-14,9.33407567e-14,9.067236944e-14,1.027006241e-13,3.614008017e-13,2.858966769e-13,2.815617944e-13,6.304010541e-13,9.366410047e-13,1.071546213e-12,1.004468684e-12,7.514158625e-13,3.360850215e-13,3.81438377e-13,2.443308098e-13,8.110614222e-14,1.088852448e-13,1.9039321e-13,1.45594579e-13,2.467489077e-13,3.852838414e-13,3.625105638e-13,7.409018764e-13,1.266283726e-13,4.968880438e-13,8.697414096e-14
127.5,6.368163799e-13,6.163638538e-13,8.12785898e-13,4.742077339e-13,3.775395826e-13,2.674242319e-13,9.155431955e-14,9.204559186e-14,9.127930015e-14,1.009327829e-13,3.629266236e-13,2.874530657e-13,2.821235013e-13,6.372356773e-13,9.390879723e-13,1.067693956e-12,1.004683586e-12,7.546885796e-13,3.397389092e-13,3.717584745e-13,2.459790209e-13,8.133292402e-14,1.080654258e-13,1.872281016e-13,1.447019855e-13,2.434541278e-13,3.837910994e-13,3.665139412e-13,7.292968819e-13,1.266667875e-13,4.969508024e-13,8.606620122e-14
127.5078125,6.37941594e-13,6.191409547e-13,8.048428089e-13,4.741233471e-13,3.826924143e-13,2.684309428e-13,9.079511435e-14,9.079866357e-14,9.185048473e-14,9.912458486e-14,3.645190296e-13,2.88804744e-13,2.825447357e-13,6.438194461e-13,9.412373513e-13,1.063407726e-12,1.004393306e-12,7.575523861e-13,3.431090424e-13,3.625169281e-13,2.475156512e-13,8.151727098e-14,1.072288646e-13,1.840382945e-13,1.437858817e-13,2.401653683e-13,3.82052027e-13,3.702300987e-13,7.177012535e-13,1.267295852e-13,4.968791834e-13,8.519498852e-14
127.515625,6.386758357e-13,6.214358568e-13,7.96762644e-13,4.738625936e-13,3.876132817e-13,2.692970988e-13,9.006269272e-14,8.955388477e-14,9.237002715e-14,9.727629485e-14,3.66037489e-13,2.899018109e-13,2.827716204e-13,6.500967833e-13,9.430428541e-13,1.058769013e-12,1.003597435e-12,7.600398746e-13,3.462077996e-13,3.533512999e-13,2.488548154e-13,8.167797088e-14,1.0638125e-13,1.809646281e-13,1.428362147e-13,2.368207108e-13,3.802036678e-13,3.736693042e-13,7.061930276e-13,1.267994017e-13,4.966861877e-13,8.432907415e-14
127.5234375,6.391743583e-13,6.236633323e-13,7.886211203e-13,4.735698654e-13,3.923299148e-13,2.700889674e-13,8.933202237e-14,8.827880097e-14,9.288321347e-14,9.547510179e-14,3.673757052e-13,2.910123036e-13,2.829077944e-13,6.561026737e-13,9.444938612e-13,1.053866217e-12,1.002215759e-12,7.62360534e-13,3.491542721e-13,3.440365917e-13,2.501398599e-13,8.184629139e-14,1.055009549e-13,1.77941349e-13,1.418348891e-13,2.334115222e-13,3.783301824e-13,3.770161956e-13,6.949030086e-13,1.268109967e-13,4.965583661e-13,8.341562377e-14
127.53125,6.393356507e-13,6.260576954e-13,7.807651732e-13,4.732975484e-13,3.967716641e-13,2.708121044e-13,8.85915715e-14,8.706895632e-14,9.342268713e-14,9.378939504e-14,3.686522328e-13,2.922139672e-13,2.82994204e-13,6.617409279e-13,9.456795773e-13,1.048858783e-12,1.000277504e-12,7.644934123e-13,3.519557535e-13,3.352263862e-13,2.514360765e-13,8.201050102e-14,1.045688421e-13,1.748918647e-13,1.407976065e-13,2.300634051e-13,3.764684107e-13,3.802141888e-13,6.839192658e-13,1.267740993e-13,4.965810391e-13,8.252144208e-14
127.5390625,6.390338324e-13,6.283390713e-13,7.731667411e-13,4.731784007e-13,4.009299638e-13,2.715045418e-13,8.783462542e-14,8.591758387e-14,9.396413134e-14,9.214764514e-14,3.699842205e-13,2.933408394e-13,2.829603762e-13,6.670508276e-13,9.468069464e-13,1.0439863e-12,9.981223935e-13,7.66405487e-13,3.546050935e-13,3.271283269e-13,2.526462516e-13,8.215968727e-14,1.036152742e-13,1.718553873e-13,1.397645514e-13,2.268078592e-13,3.74562467e-13,3.832756853e-13,6.730817969e-13,1.267626032e-13,4.966173226e-13,8.17147576e-14
127.546875,6.384420677e-13,6.300956615e-13,7.65543921e-13,4.730936928e-13,4.049709182e-13,2.722448203e-13,8.707106712e-14,8.470855482e-14,9.449854488e-14,9.044249277e-14,3.711569165e-13,2.943147571e-13,2.827509858e-13,6.722105291e-13,9.477118491e-13,1.038955314e-12,9.956667118e-13,7.681365143e-13,3.570976709e-13,3.190421166e-13,2.537466582e-13,8.230738652e-14,1.026890838e-13,1.688541887e-13,1.387295752e-13,2.23542516e-13,3.724590832e-13,3.861756702e-13,6.621098876e-13,1.267762004e-13,4.964509457e-13,8.092448596e-14
127.5546875,6.377977911e-13,6.317232915e-13,7.579308457e-13,4.728908129e-13,4.088491231e-13,2.729357247e-13,8.632402221e-14,8.346764036e-14,9.501247628e-14,8.869212606e-14,3.721427016e-13,2.951677042e-13,2.824496955e-13,6.772249864e-13,9.482824379e-13,1.033567955e-12,9.92805214e-13,7.697260025e-13,3.594398552e-13,3.10797544e-13,2.547982979e-13,8.244390306e-14,1.017713713e-13,1.658697792e-13,1.376712083e-13,2.203001508e-13,3.702332386e-13,3.889310238e-13,6.511751074e-13,1.26791868e-13,4.96087715e-13,8.009381433e-14
127.5625,6.370006358e-13,6.337679687e-13,7.505034232e-13,4.728056651e-13,4.124004495e-13,2.734906119e-13,8.557739308e-14,8.229268961e-14,9.547099797e-14,8.698232655e-14,3.732308336e-13,2.959400853e-13,2.821615838e-13,6.81986792e-13,9.488421336e-13,1.028248253e-12,9.898910662e-13,7.712307727e-13,3.616806837e-13,3.029029652e-13,2.557862892e-13,8.255656048e-14,1.008064864e-13,1.629053984e-13,1.366102606e-13,2.171687462e-13,3.681567137e-13,3.91717521e-13,6.406523509e-13,1.268069346e-13,4.957813919e-13,7.926372252e-14
127.5703125,6.358534067e-13,6.356195078e-13,7.430992654e-13,4.727791914e-13,4.157955863e-13,2.739695927e-13,8.480524262e-14,8.116667401e-14,9.590000752e-14,8.533162994e-14,3.742905192e-13,2.966225801e-13,2.817863045e-13,6.863884171e-13,9.492192378e-13,1.022902062e-12,9.867944746e-13,7.725317176e-13,3.637794138e-13,2.953974449e-13,2.566326171e-13,8.265426809e-14,9.980705959e-14,1.599828316e-13,1.355448833e-13,2.140690888e-13,3.661903665e-13,3.943618254e-13,6.303340409e-13,1.267778042e-13,4.954959262e-13,7.844804003e-14
127.578125,6.343449196e-13,6.367095596e-13,7.355466013e-13,4.723976163e-13,4.190967574e-13,2.743444658e-13,8.403894388e-14,8.004207876e-14,9.632403455e-14,8.373601289e-14,3.750069164e-13,2.97137066e-13,2.811633285e-13,6.903204035e-13,9.489015681e-13,1.016945545e-12,9.829658728e-13,7.733783449e-13,3.656097108e-13,2.8802025e-13,2.573171055e-13,8.271983425e-14,9.879990986e-14,1.571258435e-13,1.344347638e-13,2.109519629e-13,3.640207739e-13,3.965848384e-13,6.198927062e-13,1.266897473e-13,4.948393069e-13,7.764605794e-14
127.5859375,6.323524294e-13,6.376177792e-13,7.280100432e-13,4.719299387e-13,4.21965761e-13,2.745504121e-13,8.330486257e-14,7.892913731e-14,9.668884588e-14,8.223383601e-14,3.755805435e-13,2.974979346e-13,2.80354384e-13,6.93802725e-13,9.481496881e-13,1.010513954e-12,9.78385484e-13,7.737817554e-13,3.671485974e-13,2.809305007e-13,2.578791127e-13,8.2733605e-14,9.775386341e-14,1.543140311e-13,1.332852215e-13,2.079369029e-13,3.615778952e-13,3.985749145e-13,6.095845439e-13,1.265961977e-13,4.938249082e-13,7.690700097e-14
127.59375,6.297127634e-13,6.387453227e-13,7.206746667e-13,4.718809086e-13,4.243538293e-13,2.746432163e-13,8.256269177e-14,7.782803695e-14,9.698419468e-14,8.082530863e-14,3.762836643e-13,2.978224941e-13,2.7949408e-13,6.969163353e-13,9.473539713e-13,1.004015751e-12,9.732774824e-13,7.739262798e-13,3.684583149e-13,2.743428355e-13,2.583616655e-13,8.271520602e-14,9.66779082e-14,1.514866215e-13,1.321123771e-13,2.050799784e-13,3.590648718e-13,4.005512579e-13,5.996022438e-13,1.265387056e-13,4.928177944e-13,7.62414729e-14
127.6015625,6.266802296e-13,6.397382763e-13,7.136177546e-13,4.718658236e-13,4.265547361e-13,2.746752403e-13,8.178137715e-14,7.671582282e-14,9.72567948e-14,7.947948338e-14,3.770046024e-13,2.980575844e-13,2.785346271e-13,6.996742045e-13,9.462927925e-13,9.974313514e-13,9.678354206e-13,7.738902026e-13,3.695543581e-13,2.681542728e-13,2.587900205e-13,8.266710467e-14,9.564629992e-14,1.486904315e-13,1.308962609e-13,2.022942856e-13,3.565944249e-13,4.024754381e-13,5.896930885e-13,1.265370787e-13,4.917616883e-13,7.55970697e-14
127.609375,6.237332163e-13,6.402641729e-13,7.068145582e-13,4.714058486e-13,4.28660225e-13,2.746812981e-13,8.098875597e-14,7.560871264e-14,9.749564078e-14,7.821943588e-14,3.776133682e-13,2.98045441e-13,2.77402891e-13,7.022060652e-13,9.449418812e-13,9.90794739e-13,9.624672555e-13,7.737909397e-13,3.704523761e-13,2.621999775e-13,2.591147617e-13,8.25874064e-14,9.466690216e-14,1.460565154e-13,1.296679177e-13,1.994945308e-13,3.541327365e-13,4.04247152e-13,5.797934986e-13,1.265590574e-13,4.90496256e-13,7.493439187e-14
127.6171875,6.210523982e-13,6.404458461e-13,7.001157699e-13,4.709612126e-13,4.306645872e-13,2.747528927e-13,8.021105312e-14,7.454868247e-14,9.770717584e-14,7.703831011e-14,3.782161228e-13,2.978754513e-13,2.762167481e-13,7.047195519e-13,9.436174497e-13,9.842105666e-13,9.573087655e-13,7.737268982e-13,3.712347251e-13,2.563502441e-13,2.592969527e-13,8.253273546e-14,9.36589083e-14,1.435576001e-13,1.284729084e-13,1.966572671e-13,3.517221837e-13,4.058297623e-13,5.701226088e-13,1.265257341e-13,4.892925208e-13,7.42305937e-14
127.625,6.182908877e-13,6.409094118e-13,6.935592274e-13,4.709910996e-13,4.324875791e-13,2.748877577e-13,7.943373617e-14,7.353195207e-14,9.795032953e-14,7.587643086e-14,3.789448939e-13,2.977230472e-13,2.750638177e-13,7.071258832e-13,9.422087313e-13,9.774867422e-13,9.518704565e-13,7.734463349e-13,3.718973045e-13,2.505831739e-13,2.594574778e-13,8.252716946e-14,9.258431258e-14,1.410527412e-13,1.272552044e-13,1.938509743e-13,3.494223179e-13,4.074189323e-13,5.608354854e-13,1.264603077e-13,4.88265974e-13,7.349749214e-14
127.6328125,6.147513349e-13,6.416006112e-13,6.87105118e-13,4.709145351e-13,4.337795292e-13,2.748318058e-13,7.863725375e-14,7.251872409e-14,9.816920576e-14,7.476745085e-14,3.795760905e-13,2.974158787e-13,2.737316203e-13,7.089774404e-13,9.401317597e-13,9.70257197e-13,9.45513326e-13,7.725214133e-13,3.721952335e-13,2.450426892e-13,2.596074618e-13,8.248254947e-14,9.151268014e-14,1.385346312e-13,1.259664943e-13,1.911684595e-13,3.469995487e-13,4.088798637e-13,5.518856555e-13,1.264217004e-13,4.870730328e-13,7.280482623e-14
127.640625,6.101552736e-13,6.412555643e-13,6.802795116e-13,4.700565995e-13,4.343853869e-13,2.743226458e-13,7.783148737e-14,7.150388708e-14,9.823514888e-14,7.377482156e-14,3.796934373e-13,2.966647987e-13,2.720129637e-13,7.098844204e-13,9.369514289e-13,9.622731531e-13,9.38044097e-13,7.708469789e-13,3.719046988e-13,2.396957762e-13,2.594821877e-13,8.231722598e-14,9.050606039e-14,1.360772669e-13,1.246616448e-13,1.885402636e-13,3.441757881e-13,4.094873521e-13,5.429101647e-13,1.263225897e-13,4.854896424e-13,7.217573031e-14
127.6484375,6.051467228e-13,6.398993908e-13,6.732155362e-13,4.688695601e-13,4.346530177e-13,2.735707635e-13,7.703787943e-14,7.051385005e-14,9.818861196e-14,7.285695823e-14,3.794822372e-13,2.95653753e-13,2.701282348e-13,7.101414448e-13,9.33124094e-13,9.53949601e-13,9.301340668e-13,7.688548566e-13,3.712556759e-13,2.344050676e-13,2.590619622e-13,8.207846668e-14,8.951979347e-14,1.337047576e-13,1.233864711e-13,1.858598633e-13,3.412542898e-13,4.093763724e-13,5.337867137e-13,1.261109376e-13,4.837245734e-13,7.154481555e-14
127.65625,6.00545176e-13,6.392200683e-13,6.668158258e-13,4.680761508e-13,4.349545767e-13,2.730305664e-13,7.626148513e-14,6.955470084e-14,9.8189114e-14,7.199155206e-14,3.79539999e-13,2.948416473e-13,2.684185282e-13,7.105963998e-13,9.296560218e-13,9.461652206e-13,9.227420089e-13,7.671795699e-13,3.707264853e-13,2.293257254e-13,2.586549912e-13,8.187997877e-14,8.85117687e-14,1.314326961e-13,1.221476945e-13,1.832495033e-13,3.387694543e-13,4.095942458e-13,5.250961301e-13,1.259194543e-13,4.821963795e-13,7.087833087e-14
127.6640625,5.962921657e-13,6.391334297e-13,6.610153337e-13,4.674447975e-13,4.352507117e-13,2.725784846e-13,7.549229992e-14,6.861855776e-14,9.824158679e-14,7.122300685e-14,3.798022304e-13,2.941959434e-13,2.668054116e-13,7.113237758e-13,9.264537996e-13,9.38763454e-13,9.157164969e-13,7.658199155e-13,3.703199146e-13,2.24498608e-13,2.582283626e-13,8.173230298e-14,8.752037461e-14,1.292428284e-13,1.209434389e-13,1.808188868e-13,3.365827936e-13,4.101023387e-13,5.17007296e-13,1.258104407e-13,4.809718939e-13,7.020786465e-14
127.671875,5.916076102e-13,6.380151861e-13,6.54901392e-13,4.665264951e-13,4.35151129e-13,2.717096113e-13,7.470529892e-14,6.773446243e-14,9.81995943e-14,7.05470471e-14,3.797702475e-13,2.932316951e-13,2.649782112e-13,7.113390821e-13,9.223556151e-13,9.306198169e-13,9.080049363e-13,7.639742834e-13,3.695353897e-13,2.19645608e-13,2.574960992e-13,8.152051793e-14,8.655334858e-14,1.271018499e-13,1.197111039e-13,1.783859747e-13,3.341977958e-13,4.100299525e-13,5.08839219e-13,1.256806134e-13,4.795837984e-13,6.955049674e-14
127.6796875,5.861571014e-13,6.359402053e-13,6.484724068e-13,4.654474288e-13,4.344148833e-13,2.704482463e-13,7.387004988e-14,6.695688029e-14,9.802222624e-14,6.996833858e-14,3.794410244e-13,2.918008304e-13,2.628730985e-13,7.102399099e-13,9.170977626e-13,9.215920835e-13,8.993102394e-13,7.612030745e-13,3.68160908e-13,2.148158464e-13,2.565431142e-13,8.120183382e-14,8.557184348e-14,1.250795776e-13,1.183913613e-13,1.758202441e-13,3.316413164e-13,4.093727645e-13,5.005170471e-13,1.254873587e-13,4.778391967e-13,6.889403941e-14
127.6875,5.803849395e-13,6.338259995e-13,6.422401108e-13,4.642882419e-13,4.332827562e-13,2.691344152e-13,7.299535163e-14,6.625579777e-14,9.780467939e-14,6.952688668e-14,3.790163033e-13,2.901905956e-13,2.606022598e-13,7.086055489e-13,9.113634033e-13,9.124149352e-13,8.901499648e-13,7.57975385e-13,3.66471563e-13,2.102682591e-13,2.555616479e-13,8.085879308e-14,8.457407287e-14,1.231994618e-13,1.170221422e-13,1.732644746e-13,3.291820779e-13,4.085327802e-13,4.925949852e-13,1.252802667e-13,4.760343687e-13,6.822591123e-14
127.6953125,5.745487621e-13,6.314666551e-13,6.361043733e-13,4.62961052e-13,4.320238576e-13,2.67780739e-13,7.212438485e-14,6.551670039e-14,9.758537181e-14,6.917445507e-14,3.784052495e-13,2.885235563e-13,2.581832765e-13,7.066830657e-13,9.053048942e-13,9.030848117e-13,8.806584422e-13,7.546965988e-13,3.64639585e-13,2.059127785e-13,2.544076594e-13,8.052064567e-14,8.35669043e-14,1.213027953e-13,1.156518124e-13,1.707819948e-13,3.267309038e-13,4.074755521e-13,4.849391425e-13,1.250619323e-13,4.741671181e-13,6.754332967e-14
127.703125,5.684523504e-13,6.287709534e-13,6.299692553e-13,4.616274091e-13,4.305657456e-13,2.663477166e-13,7.126316757e-14,6.473414851e-14,9.73449455e-14,6.885671276e-14,3.776039361e-13,2.866991826e-13,2.556070129e-13,7.043771115e-13,8.987689518e-13,8.933585247e-13,8.707422492e-13,7.512814495e-13,3.626246302e-13,2.016672824e-13,2.529643286e-13,8.016384741e-14,8.2558734e-14,1.193271443e-13,1.142820905e-13,1.682766134e-13,3.241387641e-13,4.062024452e-13,4.77289268e-13,1.248196489e-13,4.721369659e-13,6.68556857e-14
127.7109375,5.621233331e-13,6.261714031e-13,6.241598179e-13,4.603414988e-13,4.287895226e-13,2.649542541e-13,7.038784598e-14,6.402088471e-14,9.709636194e-14,6.863685771e-14,3.76797731e-13,2.847297391e-13,2.529361707e-13,7.018415828e-13,8.919937906e-13,8.836707986e-13,8.607244737e-13,7.476954214e-13,3.604426841e-13,1.97621011e-13,2.514003425e-13,7.981336921e-14,8.158747456e-14,1.174203794e-13,1.129125739e-13,1.657771553e-13,3.215257454e-13,4.048523724e-13,4.699979625e-13,1.245904895e-13,4.701872926e-13,6.617354116e-14
127.71875,5.557468781e-13,6.233313264e-13,6.187066196e-13,4.58906646e-13,4.266849148e-13,2.63538673e-13,6.952034877e-14,6.338929799e-14,9.680993824e-14,6.856894948e-14,3.759190515e-13,2.82647703e-13,2.502201351e-13,6.989818052e-13,8.850392116e-13,8.741939339e-13,8.507978872e-13,7.439467132e-13,3.580640459e-13,1.93666011e-13,2.498070643e-13,7.944768586e-14,8.065248093e-14,1.156731219e-13,1.115369087e-13,1.633668388e-13,3.190689675e-13,4.033572473e-13,4.63059778e-13,1.243817818e-13,4.682824606e-13,6.550517352e-14
127.7265625,5.493894569e-13,6.198056236e-13,6.132251984e-13,4.572983266e-13,4.243155956e-13,2.619528727e-13,6.869707562e-14,6.277217905e-14,9.643369269e-14,6.862252838e-14,3.747716199e-13,2.803965735e-13,2.474813186e-13,6.955835264e-13,8.776330566e-13,8.645018464e-13,8.407258997e-13,7.399179679e-13,3.554716684e-13,1.897152491e-13,2.480656462e-13,7.900783621e-14,7.971819386e-14,1.14069642e-13,1.101596108e-13,1.610044639e-13,3.16800176e-13,4.01621996e-13,4.560907469e-13,1.241438698e-13,4.661906543e-13,6.485085661e-14
127.734375,5.430884672e-13,6.160460949e-13,6.075576367e-13,4.556567735e-13,4.218091008e-13,2.602572693e-13,6.788292328e-14,6.218586082e-14,9.601215813e-14,6.87609194e-14,3.734611763e-13,2.780094539e-13,2.447309942e-13,6.91880488e-13,8.697888536e-13,8.545248256e-13,8.304293389e-13,7.356427037e-13,3.528164516e-13,1.858976585e-13,2.461442992e-13,7.853772446e-14,7.878498975e-14,1.12583015e-13,1.088098044e-13,1.586561823e-13,3.145861333e-13,3.9971548e-13,4.492630297e-13,1.238678805e-13,4.640829643e-13,6.419102989e-14
127.7421875,5.364713511e-13,6.122901123e-13,6.01905853e-13,4.540889741e-13,4.190539078e-13,2.58502266e-13,6.702026994e-14,6.166057286e-14,9.557276506e-14,6.896457334e-14,3.721264701e-13,2.755150058e-13,2.418927729e-13,6.878975163e-13,8.616848472e-13,8.445150389e-13,8.1992786e-13,7.311863682e-13,3.500319812e-13,1.822572617e-13,2.441301112e-13,7.807191989e-14,7.785518037e-14,1.1111704e-13,1.074753345e-13,1.563618294e-13,3.123164563e-13,3.976367992e-13,4.427979889e-13,1.235909712e-13,4.620079931e-13,6.352176175e-14
127.75,5.290565728e-13,6.08083543e-13,5.963595308e-13,4.525368878e-13,4.157518534e-13,2.565718741e-13,6.61274706e-14,6.116613133e-14,9.504325596e-14,6.924500849e-14,3.706174778e-13,2.727872035e-13,2.388629952e-13,6.83289398e-13,8.532409687e-13,8.344666357e-13,8.090222293e-13,7.264202029e-13,3.46827935e-13,1.787697668e-13,2.420062392e-13,7.754386014e-14,7.693107306e-14,1.096072746e-13,1.061169734e-13,1.541412569e-13,3.100746295e-13,3.951907362e-13,4.364843496e-13,1.233173016e-13,4.59727414e-13,6.286508381e-14
127.7578125,5.212923303e-13,6.034486137e-13,5.908169293e-13,4.507515749e-13,4.119916948e-13,2.544509858e-13,6.525559408e-14,6.06867434e-14,9.441918629e-14,6.96497389e-14,3.688653982e-13,2.698023492e-13,2.356653782e-13,6.781768479e-13,8.443522977e-13,8.242326071e-13,7.976873601e-13,7.213330644e-13,3.432899052e-13,1.754434594e-13,2.397152881e-13,7.695242715e-14,7.604896799e-14,1.081511926e-13,1.047381396e-13,1.519805608e-13,3.078631601e-13,3.923385249e-13,4.303106774e-13,1.230325888e-13,4.573322459e-13,6.221122701e-14
127.765625,5.139101638e-13,5.987843535e-13,5.85291038e-13,4.486985168e-13,4.081475376e-13,2.522789733e-13,6.440306397e-14,6.023446974e-14,9.378126157e-14,7.020408485e-14,3.669465747e-13,2.667090784e-13,2.32403127e-13,6.72859788e-13,8.351126547e-13,8.137139589e-13,7.861678516e-13,7.161090027e-13,3.397095856e-13,1.722028708e-13,2.37278955e-13,7.636325976e-14,7.521094791e-14,1.068142321e-13,1.033547491e-13,1.498237928e-13,3.055565333e-13,3.893462755e-13,4.243448277e-13,1.227244032e-13,4.549873614e-13,6.154063584e-14
127.7734375,5.067620379e-13,5.938968419e-13,5.797761677e-13,4.465596302e-13,4.043244986e-13,2.500918685e-13,6.355114904e-14,5.983405772e-14,9.315816822e-14,7.089261562e-14,3.647071279e-13,2.635484151e-13,2.291235031e-13,6.672650617e-13,8.25574762e-13,8.02971379e-13,7.745660312e-13,7.108096781e-13,3.360551134e-13,1.690023952e-13,2.346776347e-13,7.577586618e-14,7.438972262e-14,1.055535273e-13,1.01972424e-13,1.476182991e-13,3.03310957e-13,3.862876655e-13,4.183699514e-13,1.223566762e-13,4.52640274e-13,6.087399437e-14
127.78125,4.994292094e-13,5.88512417e-13,5.742074426e-13,4.442327013e-13,4.004032787e-13,2.478174406e-13,6.271500337e-14,5.951240683e-14,9.254120686e-14,7.167026666e-14,3.620970448e-13,2.602805491e-13,2.257987485e-13,6.613787897e-13,8.156532715e-13,7.921923187e-13,7.628021219e-13,7.053626265e-13,3.322214261e-13,1.658480249e-13,2.318977657e-13,7.518227641e-14,7.360727122e-14,1.044032713e-13,1.006075995e-13,1.454293382e-13,3.012987781e-13,3.829289743e-13,4.124570504e-13,1.219401538e-13,4.50375723e-13,6.021211787e-14
127.7890625,4.918860701e-13,5.82789789e-13,5.688048202e-13,4.416551463e-13,3.962674455e-13,2.454696193e-13,6.190427697e-14,5.92319036e-14,9.189869091e-14,7.250498311e-14,3.594646828e-13,2.569182747e-13,2.223787783e-13,6.552246984e-13,8.053784089e-13,7.813728803e-13,7.508184252e-13,6.997417861e-13,3.282563456e-13,1.626694131e-13,2.290301188e-13,7.459135735e-14,7.287545375e-14,1.033929023e-13,9.926028384e-14,1.433363262e-13,2.993123586e-13,3.792878198e-13,4.069010948e-13,1.215657815e-13,4.482448246e-13,5.953132578e-14
127.796875,4.842000027e-13,5.767647485e-13,5.636947041e-13,4.391453458e-13,3.91791682e-13,2.430983896e-13,6.109846038e-14,5.894383079e-14,9.116008582e-14,7.344668167e-14,3.569303579e-13,2.533957247e-13,2.188601247e-13,6.48570898e-13,7.949134293e-13,7.704931667e-13,7.387096776e-13,6.940053266e-13,3.241361162e-13,1.595441331e-13,2.260595592e-13,7.396046352e-14,7.216262035e-14,1.024057138e-13,9.791817708e-14,1.412930431e-13,2.972979643e-13,3.756414675e-13,4.01554211e-13,1.212597101e-13,4.460651934e-13,5.885201864e-14
127.8046875,4.764575061e-13,5.704886696e-13,5.585780466e-13,4.366810773e-13,3.869763597e-13,2.406418471e-13,6.028302945e-14,5.870830446e-14,9.032961159e-14,7.453744124e-14,3.542639423e-13,2.496493752e-13,2.152866518e-13,6.414121235e-13,7.842084682e-13,7.596872367e-13,7.266220659e-13,6.882310449e-13,3.198379499e-13,1.566935624e-13,2.229000516e-13,7.327078288e-14,7.148481786e-14,1.014097982e-13,9.660092267e-14,1.392777022e-13,2.954757721e-13,3.720077449e-13,3.962392423e-13,1.209535241e-13,4.438254919e-13,5.818625535e-14
127.8125,4.687751508e-13,5.642816143e-13,5.535692608e-13,4.338783254e-13,3.820806955e-13,2.380643012e-13,5.946676959e-14,5.859114502e-14,8.949873141e-14,7.572811257e-14,3.515133887e-13,2.45847198e-13,2.117191642e-13,6.34109926e-13,7.731463853e-13,7.489153476e-13,7.145650614e-13,6.82492482e-13,3.155064316e-13,1.540407757e-13,2.196821554e-13,7.257639462e-14,7.087660334e-14,1.005488612e-13,9.533516273e-14,1.3737455e-13,2.938127863e-13,3.682392912e-13,3.912260227e-13,1.206509242e-13,4.417591291e-13,5.750418249e-14
127.8203125,4.61227453e-13,5.581335341e-13,5.492265411e-13,4.309571365e-13,3.773359049e-13,2.355413766e-13,5.867362694e-14,5.853140837e-14,8.869964544e-14,7.701529702e-14,3.488709767e-13,2.421668541e-13,2.082542078e-13,6.268576909e-13,7.620642631e-13,7.382952181e-13,7.026455498e-13,6.769362033e-13,3.112666763e-13,1.51362678e-13,2.165395385e-13,7.191351482e-14,7.03031009e-14,9.984976954e-14,9.411535254e-14,1.356044445e-13,2.922980167e-13,3.64462523e-13,3.866851471e-13,1.20415132e-13,4.400091072e-13,5.681844196e-14
127.828125,4.53869179e-13,5.518498485e-13,5.453410821e-13,4.284121043e-13,3.725459337e-13,2.331731946e-13,5.79207504e-14,5.846224286e-14,8.788384858e-14,7.845033597e-14,3.461624032e-13,2.38486237e-13,2.048879049e-13,6.194668576e-13,7.512622896e-13,7.281538128e-13,6.909870187e-13,6.715858955e-13,3.070333915e-13,1.487758912e-13,2.133447089e-13,7.126172176e-14,6.974164243e-14,9.918829428e-14,9.291968441e-14,1.339091771e-13,2.911090052e-13,3.608040036e-13,3.82410933e-13,1.202033407e-13,4.384475466e-13,5.616989535e-14
127.8359375,4.464950778e-13,5.455022855e-13,5.41200947e-13,4.259598255e-13,3.673041052e-13,2.306493187e-13,5.718203499e-14,5.843189218e-14,8.700335702e-14,8.000272243e-14,3.431220988e-13,2.345831263e-13,2.014236711e-13,6.115865973e-13,7.402689962e-13,7.181022281e-13,6.792108163e-13,6.660578162e-13,3.026082638e-13,1.46457432e-13,2.099948624e-13,7.056850113e-14,6.92476713e-14,9.855513392e-14,9.173424881e-14,1.32288195e-13,2.90090864e-13,3.569334267e-13,3.782041172e-13,1.199384818e-13,4.368376822e-13,5.555455726e-14
127.84375,4.388392441e-13,5.389526455e-13,5.368896739e-13,4.23143074e-13,3.616563868e-13,2.277395101e-13,5.641559388e-14,5.848755038e-14,8.606965624e-14,8.162641473e-14,3.398244953e-13,2.304759353e-13,1.978192958e-13,6.031895198e-13,7.28661424e-13,7.075735813e-13,6.670073838e-13,6.600448031e-13,2.979580691e-13,1.442045401e-13,2.065785551e-13,6.981312821e-14,6.883426367e-14,9.802098016e-14,9.05630749e-14,1.307648339e-13,2.890761508e-13,3.526127939e-13,3.740543791e-13,1.196636358e-13,4.352368148e-13,5.493842517e-14
127.8515625,4.311522785e-13,5.319579567e-13,5.329815998e-13,4.202671553e-13,3.560209215e-13,2.248035365e-13,5.563445599e-14,5.858189513e-14,8.515414711e-14,8.332322568e-14,3.364668059e-13,2.263499983e-13,1.94303486e-13,5.946771303e-13,7.16810407e-13,6.969492889e-13,6.547612214e-13,6.538420383e-13,2.932463151e-13,1.417863009e-13,2.031578157e-13,6.905905095e-14,6.842828553e-14,9.753898327e-14,8.941934971e-14,1.292964535e-13,2.882772024e-13,3.481900376e-13,3.700833328e-13,1.194266832e-13,4.338779346e-13,5.42777709e-14
127.859375,4.236906548e-13,5.246747002e-13,5.295418533e-13,4.175404171e-13,3.504252336e-13,2.221158315e-13,5.487646099e-14,5.869125107e-14,8.425402987e-14,8.510729934e-14,3.330158987e-13,2.222499709e-13,1.90902314e-13,5.861258555e-13,7.049764169e-13,6.866348472e-13,6.426664523e-13,6.477693238e-13,2.885192936e-13,1.393549411e-13,1.996772405e-13,6.833702156e-14,6.801402156e-14,9.704248299e-14,8.830529013e-14,1.278512544e-13,2.876796754e-13,3.438166655e-13,3.664129325e-13,1.191751126e-13,4.327039124e-13,5.357173417e-14
127.8671875,4.160933435e-13,5.171962902e-13,5.263214259e-13,4.144849382e-13,3.445039047e-13,2.19332178e-13,5.413351615e-14,5.886378692e-14,8.325691759e-14,8.704619861e-14,3.293703965e-13,2.180571359e-13,1.874039201e-13,5.771184217e-13,6.929159424e-13,6.763814665e-13,6.304033001e-13,6.416374607e-13,2.836774749e-13,1.371333207e-13,1.960459056e-13,6.757031323e-14,6.765631643e-14,9.657188068e-14,8.721458808e-14,1.264922434e-13,2.871001435e-13,3.391553093e-13,3.630038082e-13,1.189011383e-13,4.315855057e-13,5.29075379e-14
127.875,4.081078136e-13,5.093716583e-13,5.232940253e-13,4.110343037e-13,3.381594941e-13,2.162271366e-13,5.338049951e-14,5.909189246e-14,8.21384895e-14,8.917299984e-14,3.256333461e-13,2.137266701e-13,1.837974348e-13,5.675554309e-13,6.805953761e-13,6.66069122e-13,6.179731758e-13,6.352308155e-13,2.787347953e-13,1.350329223e-13,1.922410196e-13,6.672390184e-14,6.736599241e-14,9.616231816e-14,8.614186061e-14,1.252758253e-13,2.867077017e-13,3.342222086e-13,3.597232527e-13,1.186752363e-13,4.305708881e-13,5.232452247e-14
127.8828125,4.001234339e-13,5.01214979e-13,5.205449978e-13,4.07693903e-13,3.316546687e-13,2.130401947e-13,5.261946254e-14,5.932600911e-14,8.097979825e-14,9.141320443e-14,3.219054436e-13,2.093336162e-13,1.802101509e-13,5.577277589e-13,6.681324837e-13,6.557034045e-13,6.056575255e-13,6.287007746e-13,2.737741692e-13,1.328776198e-13,1.883450244e-13,6.584169258e-14,6.710698606e-14,9.578644204e-14,8.508624189e-14,1.241494247e-13,2.865492908e-13,3.293166343e-13,3.565274468e-13,1.185026391e-13,4.296219578e-13,5.174221853e-14
127.890625,3.925503841e-13,4.928098625e-13,5.180816219e-13,4.044454007e-13,3.252562783e-13,2.098946326e-13,5.186899997e-14,5.958464831e-14,7.980549785e-14,9.375065547e-14,3.181041521e-13,2.04935135e-13,1.766752688e-13,5.478287061e-13,6.554797903e-13,6.451822081e-13,5.935445119e-13,6.222915864e-13,2.688365346e-13,1.306995874e-13,1.844156008e-13,6.494061195e-14,6.688270145e-14,9.542572513e-14,8.405915166e-14,1.230482634e-13,2.864079059e-13,3.244236045e-13,3.53487134e-13,1.183393829e-13,4.287350113e-13,5.11252387e-14
127.8984375,3.853327273e-13,4.842759166e-13,5.159186306e-13,4.009471431e-13,3.190316125e-13,2.067788671e-13,5.115454476e-14,5.98830443e-14,7.86342531e-14,9.617650235e-14,3.142025411e-13,2.005469496e-13,1.732263895e-13,5.379847317e-13,6.427223311e-13,6.346422384e-13,5.81590284e-13,6.160080464e-13,2.639728923e-13,1.285882483e-13,1.804349405e-13,6.404513706e-14,6.669615696e-14,9.507775482e-14,8.306215985e-14,1.219818267e-13,2.86355042e-13,3.195185524e-13,3.506870933e-13,1.181712692e-13,4.281015582e-13,5.052333199e-14
127.90625,3.781606326e-13,4.757619605e-13,5.141152265e-13,3.972886875e-13,3.128226537e-13,2.038165213e-13,5.048366235e-14,6.019759709e-14,7.751350534e-14,9.857809509e-14,3.102989269e-13,1.96184212e-13,1.69882903e-13,5.28213185e-13,6.300426974e-13,6.242748572e-13,5.697140793e-13,6.096436345e-13,2.591678588e-13,1.26555904e-13,1.764261213e-13,6.319545103e-14,6.653065517e-14,9.477251582e-14,8.207681429e-14,1.209690299e-13,2.864980984e-13,3.146750498e-13,3.481121988e-13,1.17986625e-13,4.277613607e-13,4.995600392e-14
127.9140625,3.709218074e-13,4.671466369e-13,5.127054457e-13,3.936836353e-13,3.064795078e-13,2.010128221e-13,4.983156787e-14,6.05592062e-14,7.640234377e-14,1.009835658e-13,3.064304879e-13,1.918771373e-13,1.666027713e-13,5.18349965e-13,6.175004034e-13,6.141876033e-13,5.580087652e-13,6.031730526e-13,2.543438549e-13,1.246438869e-13,1.724331583e-13,6.236117695e-14,6.640185891e-14,9.458230132e-14,8.112030406e-14,1.20024139e-13,2.866848467e-13,3.097866792e-13,3.457038277e-13,1.177968844e-13,4.276049332e-13,4.941844243e-14
127.921875,3.639091287e-13,4.584132462e-13,5.116424291e-13,3.901599619e-13,3.000559712e-13,1.982432685e-13,4.918713635e-14,6.098344649e-14,7.525636406e-14,1.035226738e-13,3.025239091e-13,1.87656499e-13,1.633928157e-13,5.083614771e-13,6.051081817e-13,6.045160817e-13,5.466910157e-13,5.968726529e-13,2.495280966e-13,1.228324424e-13,1.684395871e-13,6.150470035e-14,6.632786815e-14,9.451091924e-14,8.023312653e-14,1.19177855e-13,2.869073575e-13,3.048208072e-13,3.434805083e-13,1.1764232e-13,4.276283343e-13,4.889504611e-14
127.9296875,3.574584259e-13,4.498372495e-13,5.10763459e-13,3.866499302e-13,2.936335864e-13,1.955318819e-13,4.855986176e-14,6.140754577e-14,7.412975799e-14,1.061307935e-13,2.984618308e-13,1.834742507e-13,1.602649821e-13,4.983378473e-13,5.927989357e-13,5.95138254e-13,5.356601508e-13,5.908342516e-13,2.447941902e-13,1.209462601e-13,1.644287501e-13,6.065062626e-14,6.628824332e-14,9.447858795e-14,7.939082796e-14,1.184048873e-13,2.872908036e-13,2.99891969e-13,3.414369706e-13,1.175054836e-13,4.278270984e-13,4.834619664e-14
127.9375,3.514835927e-13,4.412490597e-13,5.099339583e-13,3.830353844e-13,2.872875909e-13,1.929396465e-13,4.794494953e-14,6.182973212e-14,7.303862959e-14,1.087447821e-13,2.942721104e-13,1.792533138e-13,1.57199515e-13,4.883668228e-13,5.805224803e-13,5.858185992e-13,5.247298331e-13,5.848048126e-13,2.401462574e-13,1.189137761e-13,1.604202563e-13,5.982033788e-14,6.625215849e-14,9.444135892e-14,7.854784814e-14,1.176333686e-13,2.878320221e-13,2.950039176e-13,3.395218882e-13,1.173435308e-13,4.28176213e-13,4.777788769e-14
127.9453125,3.456223361e-13,4.323013909e-13,5.092977315e-13,3.793125602e-13,2.811457452e-13,1.904261635e-13,4.734331136e-14,6.230968781e-14,7.193891286e-14,1.114413891e-13,2.901888558e-13,1.750415498e-13,1.542168392e-13,4.786301991e-13,5.683441389e-13,5.764904063e-13,5.139243531e-13,5.78611267e-13,2.35565142e-13,1.168766153e-13,1.564280413e-13,5.902045831e-14,6.620141369e-14,9.439394941e-14,7.77144828e-14,1.168672711e-13,2.885275412e-13,2.901187719e-13,3.378074307e-13,1.171821696e-13,4.287110246e-13,4.722200029e-14
127.953125,3.397339122e-13,4.233065101e-13,5.091177068e-13,3.755267273e-13,2.750845536e-13,1.879521972e-13,4.676239847e-14,6.283512754e-14,7.082518832e-14,1.141879911e-13,2.863088572e-13,1.709173599e-13,1.513134203e-13,4.690939901e-13,5.562397492e-13,5.671315344e-13,5.032196221e-13,5.72313358e-13,2.310284526e-13,1.149737471e-13,1.524521509e-13,5.825022094e-14,6.615142098e-14,9.435262364e-14,7.68952734e-14,1.161910985e-13,2.894133872e-13,2.852315202e-13,3.363548361e-13,1.170674442e-13,4.294739865e-13,4.667791687e-14
127.9609375,3.340527505e-13,4.146129966e-13,5.093371552e-13,3.717226865e-13,2.688853952e-13,1.855482044e-13,4.619136291e-14,6.336928282e-14,6.969554149e-14,1.169178997e-13,2.824643027e-13,1.668534184e-13,1.485054539e-13,4.595028213e-13,5.442868696e-13,5.580432842e-13,4.927707939e-13,5.661075725e-13,2.265597897e-13,1.132366772e-13,1.484878949e-13,5.748342727e-14,6.613829316e-14,9.438545866e-14,7.609315039e-14,1.156515619e-13,2.905086269e-13,2.803957931e-13,3.350009788e-13,1.169974993e-13,4.305393436e-13,4.617472541e-14
127.96875,3.288511087e-13,4.060293401e-13,5.096709585e-13,3.681336106e-13,2.627943706e-13,1.832925003e-13,4.563056131e-14,6.392150174e-14,6.856051516e-14,1.196815881e-13,2.785378066e-13,1.628328235e-13,1.458924294e-13,4.499754322e-13,5.327444201e-13,5.495753364e-13,4.828834899e-13,5.6021947e-13,2.222483069e-13,1.115771359e-13,1.445368181e-13,5.673067e-14,6.615057882e-14,9.450828551e-14,7.535906649e-14,1.151965123e-13,2.918173357e-13,2.757295166e-13,3.336174998e-13,1.169409642e-13,4.318842311e-13,4.5728804e-14
127.9765625,3.240191304e-13,3.974520011e-13,5.101249413e-13,3.647016721e-13,2.570696344e-13,1.811477186e-13,4.508135732e-14,6.449693345e-14,6.74658537e-14,1.224893017e-13,2.746056769e-13,1.588910538e-13,1.43433414e-13,4.406866612e-13,5.214744696e-13,5.412894986e-13,4.732789037e-13,5.545720669e-13,2.181012048e-13,1.098662543e-13,1.406297001e-13,5.60244929e-14,6.615481306e-14,9.465843556e-14,7.468493466e-14,1.147741205e-13,2.932924508e-13,2.711825096e-13,3.323824955e-13,1.168821244e-13,4.333251779e-13,4.527899333e-14
127.984375,3.191726108e-13,3.889908506e-13,5.109823937e-13,3.60988707e-13,2.514430293e-13,1.789346746e-13,4.451686366e-14,6.5090338e-14,6.639044866e-14,1.253089859e-13,2.708286413e-13,1.550261773e-13,1.410029865e-13,4.313702891e-13,5.101520037e-13,5.327248623e-13,4.63527682e-13,5.488488641e-13,2.14066093e-13,1.081317057e-13,1.368091725e-13,5.533195037e-14,6.617616243e-14,9.484722561e-14,7.401446298e-14,1.144397883e-13,2.949645331e-13,2.6663384e-13,3.315020748e-13,1.168448795e-13,4.34918366e-13,4.482955757e-14
127.9921875,3.142566051e-13,3.805005298e-13,5.122497607e-13,3.571640378e-13,2.457789767e-13,1.7667128e-13,4.394168199e-14,6.570463795e-14,6.528963674e-14,1.281148965e-13,2.672366839e-13,1.512172093e-13,1.386770515e-13,4.219693044e-13,4.989019849e-13,5.242458342e-13,4.53932163e-13,5.430347955e-13,2.101529141e-13,1.064507516e-13,1.330465984e-13,5.463001672e-14,6.624706598e-14,9.510317443e-14,7.338903536e-14,1.14219582e-13,2.968917055e-13,2.621334372e-13,3.308215477e-13,1.168371798e-13,4.368868656e-13,4.443627589e-14
128,3.096190267e-13,3.717932444e-13,5.136346054e-13,3.536555554e-13,2.402660844e-13,1.745874638e-13,4.339381322e-14,6.632471637e-14,6.420127866e-14,1.308477806e-13,2.636356476e-13,1.474474477e-13,1.365267646e-13,4.127475957e-13,4.878536734e-13,5.161254841e-13,4.449264116e-13,5.373047935e-13,2.063213364e-13,1.04788916e-13,1.292299015e-13,5.395364879e-14,6.634554506e-14,9.534784991e-14,7.283566897e-14,1.140003772e-13,2.989318851e-13,2.576914571e-13,3.300551109e-13,1.168111298e-13,4.391038444e-13,4.403364793e-14
128.0078125,3.05352494e-13,3.630769418e-13,5.151912951e-13,3.501796508e-13,2.348159526e-13,1.727297767e-13,4.287305255e-14,6.693537893e-14,6.31440708e-14,1.335707254e-13,2.599972885e-13,1.437421176e-13,1.344741101e-13,4.036470131e-13,4.769296187e-13,5.082385805e-13,4.36415353e-13,5.316120535e-13,2.025246705e-13,1.032096203e-13,1.253423134e-13,5.329946548e-14,6.645449644e-14,9.55594196e-14,7.228302015e-14,1.137683836e-13,3.010679334e-13,2.533415159e-13,3.293239772e-13,1.167636989e-13,4.414367131e-13,4.35785483e-14
128.015625,3.011747335e-13,3.547065871e-13,5.173695638e-13,3.466009457e-13,2.293530535e-13,1.710018856e-13,4.236580667e-14,6.756110096e-14,6.209008017e-14,1.364296503e-13,2.565907396e-13,1.402109336e-13,1.325608294e-13,3.946078263e-13,4.663496362e-13,5.006836186e-13,4.281574452e-13,5.259604506e-13,1.988905284e-13,1.018234323e-13,1.215411216e-13,5.265285058e-14,6.658187937e-14,9.581346835e-14,7.174785715e-14,1.136983524e-13,3.035319323e-13,2.492977582e-13,3.289494934e-13,1.167818693e-13,4.441359753e-13,4.317999519e-14
128.0234375,2.96969361e-13,3.466004638e-13,5.202697064e-13,3.432729629e-13,2.241051587e-13,1.693864846e-13,4.186827885e-14,6.82325047e-14,6.105911854e-14,1.393821541e-13,2.534432456e-13,1.368906623e-13,1.308654052e-13,3.85862036e-13,4.562619605e-13,4.934773846e-13,4.200711775e-13,5.205435985e-13,1.954929139e-13,1.004738011e-13,1.179206909e-13,5.204051776e-14,6.671699139e-14,9.606698438e-14,7.130312027e-14,1.138444571e-13,3.062311605e-13,2.454808716e-13,3.288563239e-13,1.169047535e-13,4.472781131e-13,4.286649895e-14
128.03125,2.928824572e-13,3.383617593e-13,5.235152887e-13,3.400106514e-13,2.19081137e-13,1.678323096e-13,4.136029137e-14,6.892798201e-14,6.006515458e-14,1.423021221e-13,2.503250957e-13,1.336904995e-13,1.293266676e-13,3.77446912e-13,4.463629597e-13,4.863588312e-13,4.122196144e-13,5.153686738e-13,1.922112457e-13,9.895294176e-14,1.144077724e-13,5.146004343e-14,6.685764623e-14,9.62332008e-14,7.091566742e-14,1.14068018e-13,3.089048293e-13,2.41528165e-13,3.288243771e-13,1.170474404e-13,4.506337329e-13,4.253191914e-14
128.0390625,2.890951058e-13,3.300571708e-13,5.268899128e-13,3.36539184e-13,2.14168976e-13,1.663159445e-13,4.0849642e-14,6.961355707e-14,5.909777184e-14,1.451765878e-13,2.472114048e-13,1.30586071e-13,1.279263299e-13,3.692602398e-13,4.365517027e-13,4.79326888e-13,4.047271123e-13,5.10271527e-13,1.89022533e-13,9.736507895e-14,1.109623938e-13,5.08998648e-14,6.70287089e-14,9.640985513e-14,7.054451508e-14,1.142917079e-13,3.117068776e-13,2.37468577e-13,3.289296101e-13,1.171255108e-13,4.541544581e-13,4.215814504e-14
128.046875,2.856868349e-13,3.220832554e-13,5.305040472e-13,3.331583515e-13,2.094498622e-13,1.649805137e-13,4.036818671e-14,7.032570038e-14,5.818054662e-14,1.480543487e-13,2.441487004e-13,1.275941122e-13,1.26654092e-13,3.612671074e-13,4.270576877e-13,4.725455533e-13,3.975421856e-13,5.051438767e-13,1.859823981e-13,9.595309642e-14,1.076065829e-13,5.037804347e-14,6.722035638e-14,9.672671687e-14,7.017346602e-14,1.145451818e-13,3.14758203e-13,2.336068897e-13,3.291731587e-13,1.171770351e-13,4.578527386e-13,4.18089053e-14
128.0546875,2.824615282e-13,3.142593263e-13,5.344555417e-13,3.298907856e-13,2.04884451e-13,1.638691994e-13,3.989832533e-14,7.110788058e-14,5.730292566e-14,1.510026765e-13,2.411205773e-13,1.246737565e-13,1.254214882e-13,3.533446532e-13,4.178316732e-13,4.658440551e-13,3.904459454e-13,4.999004167e-13,1.830162472e-13,9.470950953e-14,1.043113529e-13,4.988140331e-14,6.739249223e-14,9.711467864e-14,6.974969978e-14,1.14845148e-13,3.177875982e-13,2.299515657e-13,3.293257295e-13,1.172798112e-13,4.616242901e-13,4.148910834e-14
128.0625,2.791968649e-13,3.061822752e-13,5.387007141e-13,3.264589176e-13,2.004214922e-13,1.628223559e-13,3.941506834e-14,7.192199255e-14,5.642810756e-14,1.539964529e-13,2.382593546e-13,1.218556211e-13,1.242602879e-13,3.455316889e-13,4.086387136e-13,4.589332339e-13,3.833730957e-13,4.945539641e-13,1.801011683e-13,9.337858363e-14,1.010824529e-13,4.939679204e-14,6.755246792e-14,9.744238244e-14,6.929703808e-14,1.152040398e-13,3.207330438e-13,2.263026978e-13,3.293745539e-13,1.174161512e-13,4.654598594e-13,4.117483013e-14
128.0703125,2.760008873e-13,2.981450072e-13,5.431429289e-13,3.230144935e-13,1.961745057e-13,1.617567045e-13,3.893682051e-14,7.27498495e-14,5.557965574e-14,1.569030776e-13,2.356406939e-13,1.191990351e-13,1.232408214e-13,3.380271239e-13,3.995820502e-13,4.5203631e-13,3.76532252e-13,4.892727444e-13,1.773200186e-13,9.195679516e-14,9.799081434e-14,4.894357402e-14,6.774407626e-14,9.77237683e-14,6.889571639e-14,1.15676464e-13,3.238809551e-13,2.22648789e-13,3.295110499e-13,1.175461639e-13,4.693684146e-13,4.088173657e-14
128.078125,2.729931731e-13,2.905287496e-13,5.4774944e-13,3.197674198e-13,1.920697317e-13,1.607346302e-13,3.847179143e-14,7.363722984e-14,5.476708651e-14,1.597293499e-13,2.33107962e-13,1.166593669e-13,1.223361704e-13,3.30782638e-13,3.910054527e-13,4.457038002e-13,3.701533958e-13,4.841831403e-13,1.746679623e-13,9.077867827e-14,9.502669577e-14,4.850806513e-14,6.797252228e-14,9.803992416e-14,6.853527454e-14,1.162927322e-13,3.273115235e-13,2.191754574e-13,3.298220895e-13,1.176983734e-13,4.733659243e-13,4.064151545e-14
128.0859375,2.702396663e-13,2.831000318e-13,5.525343516e-13,3.166544029e-13,1.880390999e-13,1.598600033e-13,3.800868844e-14,7.455212056e-14,5.397128075e-14,1.625567397e-13,2.305950529e-13,1.142164586e-13,1.216018532e-13,3.237514445e-13,3.829353426e-13,4.398803602e-13,3.641660116e-13,4.792605567e-13,1.721322062e-13,8.980835011e-14,9.212599816e-14,4.808649074e-14,6.819306413e-14,9.837953519e-14,6.817475433e-14,1.169724262e-13,3.308269872e-13,2.159495756e-13,3.302830196e-13,1.178613077e-13,4.775772603e-13,4.04399707e-14
128.09375,2.680052706e-13,2.757310907e-13,5.57444117e-13,3.136086352e-13,1.84257613e-13,1.591960968e-13,3.754521534e-14,7.541291519e-14,5.322094606e-14,1.653317253e-13,2.281934719e-13,1.119021709e-13,1.21077696e-13,3.170373285e-13,3.750105556e-13,4.340188787e-13,3.583065182e-13,4.74378217e-13,1.697344314e-13,8.865438688e-14,8.931679151e-14,4.771180281e-14,6.836351682e-14,9.867973155e-14,6.779870105e-14,1.17631237e-13,3.343512658e-13,2.128804167e-13,3.307755981e-13,1.179763997e-13,4.819317566e-13,4.022088168e-14
128.1015625,2.662099658e-13,2.686411993e-13,5.624765261e-13,3.105401834e-13,1.80713714e-13,1.586542608e-13,3.707973998e-14,7.625146204e-14,5.250740982e-14,1.680477989e-13,2.259312504e-13,1.096902443e-13,1.206597914e-13,3.105617258e-13,3.670932508e-13,4.280836242e-13,3.525229968e-13,4.694386714e-13,1.674152e-13,8.737755939e-14,8.666212876e-14,4.736048673e-14,6.84946457e-14,9.894470071e-14,6.740163017e-14,1.183291482e-13,3.380098867e-13,2.099362748e-13,3.312015735e-13,1.180649368e-13,4.862705958e-13,3.998687214e-14
128.109375,2.643173478e-13,2.616804483e-13,5.677145179e-13,3.073927954e-13,1.772836523e-13,1.581339962e-13,3.661937014e-14,7.71501855e-14,5.178270946e-14,1.707672596e-13,2.237702477e-13,1.075677824e-13,1.203573051e-13,3.042663084e-13,3.594195183e-13,4.223460317e-13,3.469230942e-13,4.644504532e-13,1.651497877e-13,8.625394541e-14,8.411585138e-14,4.70128412e-14,6.862767476e-14,9.922177268e-14,6.702679835e-14,1.191164008e-13,3.418147097e-13,2.070243434e-13,3.316373408e-13,1.181461113e-13,4.907426147e-13,3.980520819e-14
128.1171875,2.622461831e-13,2.545331894e-13,5.730604223e-13,3.042486588e-13,1.74014545e-13,1.576939643e-13,3.617498459e-14,7.81025235e-14,5.108539438e-14,1.734286862e-13,2.21670191e-13,1.055425627e-13,1.202160623e-13,2.982264154e-13,3.520263009e-13,4.166577996e-13,3.414409504e-13,4.593499513e-13,1.629656765e-13,8.516070905e-14,8.159076741e-14,4.67212834e-14,6.876137595e-14,9.951403209e-14,6.667741512e-14,1.199046536e-13,3.456309422e-13,2.039652847e-13,3.321156449e-13,1.181666683e-13,4.953994602e-13,3.96763754e-14
128.125,2.603432193e-13,2.473775035e-13,5.783893677e-13,3.011132194e-13,1.708521783e-13,1.573435939e-13,3.574032648e-14,7.90440246e-14,5.044271235e-14,1.760002373e-13,2.196464407e-13,1.035732037e-13,1.201028457e-13,2.92350309e-13,3.447463134e-13,4.108483325e-13,3.359895737e-13,4.540427056e-13,1.608095094e-13,8.40000647e-14,7.913212322e-14,4.647677034e-14,6.886028428e-14,9.979348727e-14,6.627806028e-14,1.206928397e-13,3.495216552e-13,2.008845053e-13,3.325283215e-13,1.181618359e-13,5.000192404e-13,3.954190443e-14
128.1328125,2.586735074e-13,2.405966717e-13,5.838426761e-13,2.979975063e-13,1.677474811e-13,1.57023356e-13,3.530952992e-14,7.993308825e-14,4.980416509e-14,1.785477652e-13,2.177862424e-13,1.016766884e-13,1.199827107e-13,2.866115359e-13,3.37668593e-13,4.051023875e-13,3.307072241e-13,4.486853765e-13,1.586955417e-13,8.293133222e-14,7.68549009e-14,4.621818893e-14,6.891651284e-14,1.00061831e-13,6.583141324e-14,1.216103617e-13,3.536469156e-13,1.98094383e-13,3.328755359e-13,1.182324674e-13,5.045624298e-13,3.940919275e-14
128.140625,2.571307052e-13,2.342850026e-13,5.894816982e-13,2.950831819e-13,1.648531478e-13,1.568183445e-13,3.487147895e-14,8.078666756e-14,4.919901712e-14,1.8106683e-13,2.160751883e-13,9.993598026e-14,1.199789764e-13,2.81179374e-13,3.309407451e-13,3.995541265e-13,3.256949432e-13,4.434378379e-13,1.567304558e-13,8.195414946e-14,7.474746477e-14,4.597707854e-14,6.894359142e-14,1.003413862e-13,6.537975134e-14,1.226453148e-13,3.579048566e-13,1.955962316e-13,3.33239038e-13,1.183522554e-13,5.090261113e-13,3.931632531e-14
128.1484375,2.556699788e-13,2.28240948e-13,5.951502598e-13,2.924037316e-13,1.621878862e-13,1.567419318e-13,3.440089385e-14,8.166155659e-14,4.867983511e-14,1.835607426e-13,2.144147932e-13,9.836045422e-14,1.20115134e-13,2.760758597e-13,3.244573617e-13,3.941548114e-13,3.208899204e-13,4.381851131e-13,1.549013383e-13,8.100223075e-14,7.27186671e-14,4.579818149e-14,6.895686343e-14,1.006383912e-13,6.489859067e-14,1.236652517e-13,3.621619129e-13,1.932073738e-13,3.336399806e-13,1.184445813e-13,5.133837481e-13,3.924557679e-14
128.15625,2.54234974e-13,2.221942803e-13,6.008766488e-13,2.89716882e-13,1.596715361e-13,1.566226245e-13,3.390664128e-14,8.257886985e-14,4.815770291e-14,1.860669539e-13,2.128676005e-13,9.689948018e-14,1.203835109e-13,2.712172599e-13,3.181011669e-13,3.888722054e-13,3.163421865e-13,4.328362521e-13,1.531619234e-13,8.015725631e-14,7.075899165e-14,4.562881273e-14,6.897368902e-14,1.009432018e-13,6.440553104e-14,1.246581498e-13,3.664894989e-13,1.909085504e-13,3.340557532e-13,1.185227319e-13,5.178334654e-13,3.918153801e-14
128.1640625,2.527865651e-13,2.161034182e-13,6.067525658e-13,2.868651749e-13,1.573222766e-13,1.564415189e-13,3.342538173e-14,8.351414595e-14,4.756125202e-14,1.885450249e-13,2.115491969e-13,9.550719092e-14,1.207598051e-13,2.665157694e-13,3.118703389e-13,3.836375467e-13,3.120635076e-13,4.273896287e-13,1.515085707e-13,7.938143307e-14,6.891129709e-14,4.541773028e-14,6.898784168e-14,1.012230287e-13,6.39367975e-14,1.257161511e-13,3.709242987e-13,1.887249962e-13,3.34378033e-13,1.186073793e-13,5.222421977e-13,3.914501462e-14
128.171875,2.51326906e-13,2.101243602e-13,6.126335989e-13,2.839890122e-13,1.551004377e-13,1.563090518e-13,3.296085919e-14,8.445233738e-14,4.698169336e-14,1.909936564e-13,2.103938405e-13,9.417479938e-14,1.211315965e-13,2.619016581e-13,3.057739018e-13,3.783519224e-13,3.077970078e-13,4.218029846e-13,1.498712564e-13,7.85237154e-14,6.719384184e-14,4.520203946e-14,6.897519653e-14,1.01435156e-13,6.343971913e-14,1.268771729e-13,3.754455387e-13,1.865655013e-13,3.345835616e-13,1.186797806e-13,5.261958304e-13,3.912851735e-14
128.1796875,2.500033977e-13,2.043809045e-13,6.184460256e-13,2.81322984e-13,1.530248485e-13,1.562536761e-13,3.249781069e-14,8.536378702e-14,4.64947285e-14,1.934213384e-13,2.092973905e-13,9.296096065e-14,1.215320262e-13,2.575440128e-13,2.999168672e-13,3.731450253e-13,3.035218893e-13,4.161972394e-13,1.48250041e-13,7.764322188e-14,6.560772688e-14,4.503820714e-14,6.891447671e-14,1.016027374e-13,6.288985202e-14,1.280860002e-13,3.800456094e-13,1.844226198e-13,3.348842538e-13,1.18729683e-13,5.299335236e-13,3.911185301e-14
128.1875,2.489693695e-13,1.989884782e-13,6.243048538e-13,2.78877596e-13,1.512145526e-13,1.563461655e-13,3.203637026e-14,8.619292046e-14,4.605315608e-14,1.956913999e-13,2.082599934e-13,9.189528707e-14,1.220971034e-13,2.535736384e-13,2.944485439e-13,3.682725345e-13,2.995588835e-13,4.107307112e-13,1.467354534e-13,7.690363748e-14,6.413557882e-14,4.491829155e-14,6.878253094e-14,1.017953894e-13,6.233619411e-14,1.292764744e-13,3.845711275e-13,1.824698391e-13,3.352884878e-13,1.187293416e-13,5.338162991e-13,3.911422472e-14
128.1953125,2.480143306e-13,1.938830768e-13,6.301810102e-13,2.764530241e-13,1.496264373e-13,1.566436505e-13,3.157878986e-14,8.695892403e-14,4.562460531e-14,1.977789088e-13,2.073014484e-13,9.093125525e-14,1.227883808e-13,2.498219958e-13,2.89291878e-13,3.636311527e-13,2.958623646e-13,4.053099683e-13,1.452885699e-13,7.624552253e-14,6.275787951e-14,4.481300899e-14,6.860176796e-14,1.020125148e-13,6.178715413e-14,1.304502404e-13,3.889424368e-13,1.807117279e-13,3.354969157e-13,1.186510422e-13,5.375980737e-13,3.914781343e-14
128.203125,2.469684146e-13,1.887793724e-13,6.35939763e-13,2.739801616e-13,1.481781426e-13,1.570164483e-13,3.112650781e-14,8.776107873e-14,4.523676477e-14,1.998821436e-13,2.064485393e-13,9.005773706e-14,1.235401593e-13,2.462485741e-13,2.842456474e-13,3.589316038e-13,2.921728416e-13,3.998753197e-13,1.438614278e-13,7.550897849e-14,6.148498885e-14,4.47350389e-14,6.845234446e-14,1.02223677e-13,6.122616326e-14,1.316501431e-13,3.934332195e-13,1.789321988e-13,3.355201094e-13,1.185443859e-13,5.412021979e-13,3.919306054e-14
128.2109375,2.460563037e-13,1.837555983e-13,6.416412455e-13,2.715958726e-13,1.468545066e-13,1.573352098e-13,3.068813957e-14,8.861949763e-14,4.486969666e-14,2.020151566e-13,2.057534982e-13,8.928289824e-14,1.24359008e-13,2.429111113e-13,2.793416029e-13,3.5430958e-13,2.886704426e-13,3.945435289e-13,1.425165543e-13,7.473454688e-14,6.033322742e-14,4.467463711e-14,6.835520656e-14,1.024540087e-13,6.067351341e-14,1.329112651e-13,3.982547258e-13,1.771385354e-13,3.356696679e-13,1.184725853e-13,5.448018745e-13,3.924710111e-14
128.21875,2.45292556e-13,1.791154819e-13,6.474642663e-13,2.693246211e-13,1.456280042e-13,1.576258564e-13,3.026640671e-14,8.943722573e-14,4.448214326e-14,2.039646044e-13,2.052571453e-13,8.858425947e-14,1.252021516e-13,2.397227407e-13,2.74751718e-13,3.500148197e-13,2.855422662e-13,3.89331194e-13,1.412443798e-13,7.403905202e-14,5.931424535e-14,4.459621038e-14,6.823572975e-14,1.026899744e-13,6.015164339e-14,1.342431862e-13,4.032118075e-13,1.754795934e-13,3.359824917e-13,1.184167131e-13,5.482713312e-13,3.932448763e-14
128.2265625,2.444791796e-13,1.747256211e-13,6.533547797e-13,2.670085308e-13,1.446003072e-13,1.579687168e-13,2.984886171e-14,9.01628883e-14,4.411417946e-14,2.05701665e-13,2.049645163e-13,8.798587934e-14,1.260983147e-13,2.367799808e-13,2.704366824e-13,3.458817983e-13,2.825418585e-13,3.8416192e-13,1.400061054e-13,7.343925004e-14,5.844841982e-14,4.453501938e-14,6.803934607e-14,1.028649188e-13,5.963357394e-14,1.35617497e-13,4.080747371e-13,1.739299373e-13,3.362823125e-13,1.183383143e-13,5.516073607e-13,3.943383019e-14
128.234375,2.437173758e-13,1.704691769e-13,6.589924326e-13,2.647010694e-13,1.438065135e-13,1.583680142e-13,2.942239228e-14,9.084974189e-14,4.380734583e-14,2.073602997e-13,2.047669903e-13,8.750695896e-14,1.271143894e-13,2.341733791e-13,2.662688974e-13,3.417662946e-13,2.795114038e-13,3.789870829e-13,1.388282661e-13,7.29514642e-14,5.772719817e-14,4.451884974e-14,6.779348344e-14,1.030040549e-13,5.906699388e-14,1.370228696e-13,4.128990538e-13,1.725097469e-13,3.365132317e-13,1.182377011e-13,5.548649192e-13,3.956902059e-14
128.2421875,2.430902446e-13,1.665415201e-13,6.642175877e-13,2.627066414e-13,1.430577132e-13,1.587411727e-13,2.899276134e-14,9.153244317e-14,4.352373069e-14,2.089282374e-13,2.045048061e-13,8.708715543e-14,1.281697478e-13,2.316990821e-13,2.623152087e-13,3.377873028e-13,2.766145039e-13,3.737843751e-13,1.376836462e-13,7.253726566e-14,5.708988245e-14,4.449687452e-14,6.75518114e-14,1.031801357e-13,5.846682263e-14,1.3846596e-13,4.178080202e-13,1.712439654e-13,3.366827004e-13,1.180986858e-13,5.577848889e-13,3.969315816e-14
128.25,2.425431234e-13,1.627733611e-13,6.692050236e-13,2.609874932e-13,1.424052686e-13,1.591133223e-13,2.857158329e-14,9.22027484e-14,4.324198937e-14,2.1035484e-13,2.041970404e-13,8.670100324e-14,1.292270367e-13,2.293687613e-13,2.585779934e-13,3.338555305e-13,2.739225326e-13,3.685773889e-13,1.365476637e-13,7.207610801e-14,5.648113642e-14,4.447105809e-14,6.731565088e-14,1.03375865e-13,5.787697502e-14,1.398755548e-13,4.227261116e-13,1.699399937e-13,3.367575863e-13,1.178890943e-13,5.604210052e-13,3.978745161e-14
128.2578125,2.421653283e-13,1.589220491e-13,6.741007221e-13,2.5914926e-13,1.420106944e-13,1.595892073e-13,2.815033495e-14,9.288467203e-14,4.297549408e-14,2.117351915e-13,2.039683586e-13,8.637897267e-14,1.303566775e-13,2.273117125e-13,2.548206792e-13,3.29732966e-13,2.712659387e-13,3.633252532e-13,1.354547246e-13,7.160584174e-14,5.59202746e-14,4.447761481e-14,6.704524888e-14,1.035641274e-13,5.725170099e-14,1.412058585e-13,4.274882664e-13,1.685530433e-13,3.367234426e-13,1.176252547e-13,5.63045663e-13,3.989559419e-14
128.265625,2.418964738e-13,1.552923499e-13,6.788635495e-13,2.571959258e-13,1.416810234e-13,1.600715144e-13,2.771514917e-14,9.356798193e-14,4.270457848e-14,2.130891968e-13,2.038602626e-13,8.611689474e-14,1.315287387e-13,2.253305247e-13,2.510351464e-13,3.254948986e-13,2.68541081e-13,3.579377027e-13,1.343687426e-13,7.12458968e-14,5.547552132e-14,4.448242157e-14,6.674130227e-14,1.03785044e-13,5.655552896e-14,1.425477418e-13,4.320817235e-13,1.672418943e-13,3.366361991e-13,1.173444525e-13,5.654667525e-13,4.004355787e-14
128.2734375,2.415801591e-13,1.520911895e-13,6.834100773e-13,2.55480505e-13,1.413496357e-13,1.604725463e-13,2.726997923e-14,9.41728946e-14,4.243262302e-14,2.14272078e-13,2.039100238e-13,8.59030088e-14,1.32711711e-13,2.234047178e-13,2.475053903e-13,3.214417996e-13,2.659256445e-13,3.524991617e-13,1.33247016e-13,7.095132745e-14,5.515831302e-14,4.448736041e-14,6.641795811e-14,1.040389589e-13,5.585276863e-14,1.439240271e-13,4.366146741e-13,1.659937967e-13,3.365077238e-13,1.170403181e-13,5.675433469e-13,4.021131034e-14
128.28125,2.413786692e-13,1.491488748e-13,6.876251177e-13,2.540347803e-13,1.412729752e-13,1.609460473e-13,2.682787598e-14,9.473120723e-14,4.220622094e-14,2.152805605e-13,2.04081038e-13,8.574397306e-14,1.339349921e-13,2.217701729e-13,2.442153816e-13,3.176745401e-13,2.635486977e-13,3.471337813e-13,1.321168627e-13,7.064018641e-14,5.492568831e-14,4.453598026e-14,6.605066395e-14,1.042668575e-13,5.515921507e-14,1.452511479e-13,4.411835996e-13,1.64772528e-13,3.362233525e-13,1.166865293e-13,5.694165008e-13,4.040551055e-14
128.2890625,2.413514823e-13,1.4644143e-13,6.914774525e-13,2.527058922e-13,1.414096139e-13,1.614903566e-13,2.639732263e-14,9.539102484e-14,4.203491138e-14,2.162828249e-13,2.04188999e-13,8.565197006e-14,1.35142529e-13,2.20326847e-13,2.408999197e-13,3.139366948e-13,2.611627947e-13,3.417548518e-13,1.309602182e-13,7.031177344e-14,5.47810698e-14,4.459431907e-14,6.565133828e-14,1.04474472e-13,5.442252042e-14,1.465735085e-13,4.458674703e-13,1.636261119e-13,3.358189843e-13,1.162867314e-13,5.710109928e-13,4.06384289e-14
128.296875,2.411973878e-13,1.43926659e-13,6.951475338e-13,2.514559433e-13,1.414997375e-13,1.619136238e-13,2.597445867e-14,9.613661653e-14,4.189376019e-14,2.173284153e-13,2.04237814e-13,8.564619385e-14,1.36303689e-13,2.188846222e-13,2.375614416e-13,3.099624144e-13,2.58530736e-13,3.361906374e-13,1.297375547e-13,7.001020229e-14,5.474063572e-14,4.463664172e-14,6.524967949e-14,1.047242989e-13,5.364325145e-14,1.479698454e-13,4.506477909e-13,1.624932459e-13,3.355133763e-13,1.158659428e-13,5.723337086e-13,4.089323104e-14
128.3046875,2.408314461e-13,1.414209132e-13,6.987783532e-13,2.502199463e-13,1.415459742e-13,1.622318571e-13,2.554240069e-14,9.680526282e-14,4.17467118e-14,2.183605953e-13,2.044153573e-13,8.569145162e-14,1.374541377e-13,2.174964694e-13,2.343208441e-13,3.058781842e-13,2.557765689e-13,3.30367177e-13,1.284554021e-13,6.979790872e-14,5.477702657e-14,4.468380419e-14,6.480759289e-14,1.05008607e-13,5.283313083e-14,1.493765175e-13,4.554099401e-13,1.613308492e-13,3.352309175e-13,1.154404374e-13,5.73522276e-13,4.116987761e-14
128.3125,2.404654582e-13,1.390395797e-13,7.02349328e-13,2.490653087e-13,1.416644348e-13,1.625081901e-13,2.50881232e-14,9.740820576e-14,4.156270049e-14,2.193931941e-13,2.046997413e-13,8.573705868e-14,1.385553054e-13,2.161817138e-13,2.311673763e-13,3.01963965e-13,2.530933735e-13,3.244010379e-13,1.271300301e-13,6.962171322e-14,5.4912935e-14,4.470392655e-14,6.432998198e-14,1.052701921e-13,5.198347876e-14,1.507670251e-13,4.601780227e-13,1.60179406e-13,3.347791976e-13,1.150181316e-13,5.744224421e-13,4.146963748e-14
128.3203125,2.401304157e-13,1.369780834e-13,7.05825724e-13,2.481407295e-13,1.418627394e-13,1.626563032e-13,2.461717038e-14,9.807195197e-14,4.137268645e-14,2.204183704e-13,2.049924815e-13,8.583747478e-14,1.396345834e-13,2.14953857e-13,2.281507434e-13,2.982466884e-13,2.505375728e-13,3.185488543e-13,1.258181158e-13,6.939299623e-14,5.520268155e-14,4.4682545e-14,6.389569837e-14,1.05510314e-13,5.113257494e-14,1.522009862e-13,4.650697101e-13,1.590475131e-13,3.344020525e-13,1.145985711e-13,5.750731444e-13,4.177185366e-14
128.328125,2.39719445e-13,1.351130151e-13,7.091398152e-13,2.472243435e-13,1.421343649e-13,1.62682046e-13,2.415285093e-14,9.872940794e-14,4.120870115e-14,2.212855449e-13,2.053322176e-13,8.603788246e-14,1.408094342e-13,2.139237366e-13,2.253426352e-13,2.946490385e-13,2.48131989e-13,3.129275599e-13,1.24573716e-13,6.919465137e-14,5.559572554e-14,4.466414268e-14,6.34942236e-14,1.0574203e-13,5.03334898e-14,1.536592721e-13,4.700515734e-13,1.579472409e-13,3.343006738e-13,1.141521583e-13,5.75761644e-13,4.208753766e-14
128.3359375,2.393483801e-13,1.333761576e-13,7.122946132e-13,2.461408051e-13,1.425496604e-13,1.627253436e-13,2.371338693e-14,9.924080997e-14,4.103698904e-14,2.218961174e-13,2.057060224e-13,8.62870542e-14,1.42053945e-13,2.131175509e-13,2.227133139e-13,2.912062841e-13,2.458795406e-13,3.074810663e-13,1.233676e-13,6.908004034e-14,5.602473758e-14,4.465138835e-14,6.307913135e-14,1.059273792e-13,4.959374478e-14,1.551417029e-13,4.750793159e-13,1.56849136e-13,3.341964903e-13,1.136622946e-13,5.763077178e-13,4.245082862e-14
128.34375,2.391473089e-13,1.318981445e-13,7.155085491e-13,2.451727124e-13,1.431522262e-13,1.62880267e-13,2.32844435e-14,9.966112033e-14,4.086779876e-14,2.224214903e-13,2.061005164e-13,8.660805421e-14,1.433082456e-13,2.125082223e-13,2.20299023e-13,2.879553479e-13,2.437580678e-13,3.021636604e-13,1.221804308e-13,6.899712821e-14,5.65355276e-14,4.46385307e-14,6.268487132e-14,1.060670282e-13,4.888471926e-14,1.567416402e-13,4.802144934e-13,1.557486744e-13,3.339809389e-13,1.131886851e-13,5.765242499e-13,4.286406073e-14
128.3515625,2.388607782e-13,1.305902007e-13,7.188362269e-13,2.443239625e-13,1.438078883e-13,1.630693507e-13,2.284810951e-14,1.00083093e-13,4.07507312e-14,2.2305825e-13,2.065972345e-13,8.706209992e-14,1.446113739e-13,2.120604388e-13,2.181260716e-13,2.84874063e-13,2.417723015e-13,2.96894531e-13,1.210046777e-13,6.900334359e-14,5.717494346e-14,4.464097121e-14,6.230001199e-14,1.062253908e-13,4.816718869e-14,1.584221856e-13,4.854113038e-13,1.547614305e-13,3.338935906e-13,1.127743656e-13,5.766949475e-13,4.329352154e-14
128.359375,2.383122582e-13,1.292669914e-13,7.219938231e-13,2.433020263e-13,1.443908617e-13,1.63099007e-13,2.242029575e-14,1.004612082e-13,4.065005364e-14,2.237048571e-13,2.071577999e-13,8.756593892e-14,1.45910966e-13,2.116610258e-13,2.160627688e-13,2.819384077e-13,2.39944713e-13,2.916227071e-13,1.197733464e-13,6.910087638e-14,5.791041935e-14,4.462932628e-14,6.186345336e-14,1.064297098e-13,4.743181272e-14,1.600375536e-13,4.905627214e-13,1.538390194e-13,3.339625488e-13,1.123524109e-13,5.767866484e-13,4.369213076e-14
128.3671875,2.378328021e-13,1.280998284e-13,7.248655784e-13,2.423727121e-13,1.44978972e-13,1.62961315e-13,2.200607366e-14,1.007802067e-13,4.052100674e-14,2.24223652e-13,2.077067577e-13,8.803761591e-14,1.471042725e-13,2.112416689e-13,2.140649052e-13,2.791211984e-13,2.382267774e-13,2.86447462e-13,1.184870708e-13,6.917169219e-14,5.871683779e-14,4.458824395e-14,6.141226142e-14,1.066521732e-13,4.669603938e-14,1.616175579e-13,4.956676645e-13,1.528402075e-13,3.34057584e-13,1.118885691e-13,5.764202009e-13,4.405798622e-14
128.375,2.374903468e-13,1.273041923e-13,7.276330288e-13,2.418637734e-13,1.456042663e-13,1.627717206e-13,2.157433492e-14,1.011144349e-13,4.037719649e-14,2.247146265e-13,2.083335034e-13,8.853028489e-14,1.482287613e-13,2.108259438e-13,2.122099533e-13,2.763930815e-13,2.364700964e-13,2.81344971e-13,1.17221324e-13,6.926637937e-14,5.960713656e-14,4.453618663e-14,6.099106513e-14,1.068526046e-13,4.595733496e-14,1.632664593e-13,5.006909749e-13,1.518662503e-13,3.341575188e-13,1.11454874e-13,5.756519108e-13,4.444552875e-14
128.3828125,2.368296191e-13,1.266606135e-13,7.303992039e-13,2.414141292e-13,1.461726014e-13,1.624472578e-13,2.112233665e-14,1.014603212e-13,4.020518729e-14,2.252468893e-13,2.090858078e-13,8.908032997e-14,1.493591034e-13,2.104152503e-13,2.104576996e-13,2.737618839e-13,2.346200841e-13,2.761419966e-13,1.159591226e-13,6.947650179e-14,6.058860241e-14,4.444161922e-14,6.055672923e-14,1.070127227e-13,4.521650823e-14,1.64918063e-13,5.056211721e-13,1.509307197e-13,3.342499039e-13,1.110561831e-13,5.747608599e-13,4.486730785e-14
128.390625,2.358596088e-13,1.259601783e-13,7.331127032e-13,2.407531045e-13,1.466825977e-13,1.619685241e-13,2.068692274e-14,1.017469257e-13,4.000102e-14,2.257720881e-13,2.098510168e-13,8.96647393e-14,1.504948738e-13,2.099806944e-13,2.087689274e-13,2.712847133e-13,2.328202889e-13,2.70908763e-13,1.146473455e-13,6.97642124e-14,6.163553324e-14,4.429701987e-14,6.010318735e-14,1.071755531e-13,4.449697257e-14,1.665214768e-13,5.106296665e-13,1.49840822e-13,3.343365778e-13,1.106219768e-13,5.737675277e-13,4.528151593e-14
128.3984375,2.350842049e-13,1.254560345e-13,7.356387984e-13,2.401899867e-13,1.472205412e-13,1.615461987e-13,2.027776819e-14,1.019620792e-13,3.981787578e-14,2.263150145e-13,2.105401979e-13,9.027380959e-14,1.516058964e-13,2.095353572e-13,2.071881647e-13,2.6894853e-13,2.311485376e-13,2.658325897e-13,1.133085446e-13,7.015727292e-14,6.271606727e-14,4.417277104e-14,5.967975101e-14,1.073774248e-13,4.378749859e-14,1.68147897e-13,5.156775391e-13,1.486660319e-13,3.343680474e-13,1.101585047e-13,5.725961354e-13,4.568219261e-14
128.40625,2.345807747e-13,1.253207938e-13,7.37896874e-13,2.399259925e-13,1.479068691e-13,1.611988136e-13,1.987432414e-14,1.02137264e-13,3.967216798e-14,2.268743215e-13,2.111979324e-13,9.089238281e-14,1.52681478e-13,2.092000785e-13,2.056280348e-13,2.665356691e-13,2.294669094e-13,2.608269987e-13,1.119832298e-13,7.06453108e-14,6.387286577e-14,4.409178331e-14,5.928645789e-14,1.075717384e-13,4.305113841e-14,1.697265629e-13,5.203884932e-13,1.476051768e-13,3.342194899e-13,1.096887486e-13,5.712621357e-13,4.609266343e-14
128.4140625,2.339813117e-13,1.253031776e-13,7.40125319e-13,2.398437162e-13,1.487242009e-13,1.607467205e-13,1.947238902e-14,1.022857468e-13,3.953133675e-14,2.274077047e-13,2.119405381e-13,9.152645844e-14,1.537608431e-13,2.090580075e-13,2.04001256e-13,2.638779023e-13,2.276564529e-13,2.557373015e-13,1.106787635e-13,7.106494715e-14,6.516852109e-14,4.400542896e-14,5.889760692e-14,1.077351502e-13,4.230536155e-14,1.711519976e-13,5.247941352e-13,1.465971353e-13,3.340785254e-13,1.092003334e-13,5.699002853e-13,4.650445626e-14
128.421875,2.330204005e-13,1.252880592e-13,7.425666439e-13,2.398236235e-13,1.493394269e-13,1.601016561e-13,1.907647964e-14,1.023783235e-13,3.936617417e-14,2.279505525e-13,2.127754071e-13,9.22152554e-14,1.548556187e-13,2.089558996e-13,2.024488004e-13,2.612098184e-13,2.258187019e-13,2.506444634e-13,1.093486559e-13,7.13931435e-14,6.653706713e-14,4.387804953e-14,5.851995115e-14,1.079026468e-13,4.16038395e-14,1.725970636e-13,5.294469397e-13,1.454837622e-13,3.342822539e-13,1.087454496e-13,5.685957356e-13,4.687697171e-14
128.4296875,2.317891927e-13,1.25463773e-13,7.450101135e-13,2.397341205e-13,1.496552182e-13,1.59238602e-13,1.867840212e-14,1.023870797e-13,3.915703138e-14,2.284684696e-13,2.136037668e-13,9.295527927e-14,1.559078078e-13,2.087818486e-13,2.0106159e-13,2.588265877e-13,2.241190484e-13,2.456689427e-13,1.079443488e-13,7.175988429e-14,6.789238926e-14,4.37106879e-14,5.816493565e-14,1.080519114e-13,4.094596424e-14,1.742083366e-13,5.344409496e-13,1.442338363e-13,3.34662651e-13,1.08356592e-13,5.671909356e-13,4.719314288e-14
128.4375,2.306093788e-13,1.258453636e-13,7.472522243e-13,2.394998587e-13,1.500934907e-13,1.582718405e-13,1.828643151e-14,1.023766876e-13,3.892919189e-14,2.289292058e-13,2.14460703e-13,9.372509062e-14,1.569412269e-13,2.086869314e-13,1.997313205e-13,2.565960826e-13,2.224901682e-13,2.40763096e-13,1.065271566e-13,7.22146616e-14,6.929838859e-14,4.354110741e-14,5.781590618e-14,1.08170399e-13,4.029059499e-14,1.758045136e-13,5.39274344e-13,1.429566995e-13,3.348850702e-13,1.079530895e-13,5.656306895e-13,4.750698256e-14
128.4453125,2.295683359e-13,1.262887404e-13,7.494219094e-13,2.39285693e-13,1.507629758e-13,1.573808174e-13,1.793431076e-14,1.024078306e-13,3.872204793e-14,2.294621012e-13,2.154185163e-13,9.451333363e-14,1.580266679e-13,2.087245445e-13,1.984684847e-13,2.543405408e-13,2.207794199e-13,2.358751404e-13,1.051496806e-13,7.274525161e-14,7.081408586e-14,4.339386195e-14,5.744737898e-14,1.083367865e-13,3.964223469e-14,1.772395649e-13,5.438082945e-13,1.417125627e-13,3.350583042e-13,1.075033861e-13,5.640934908e-13,4.786131811e-14
128.453125,2.285176033e-13,1.268192227e-13,7.515138043e-13,2.392528465e-13,1.51343597e-13,1.564538462e-13,1.762774389e-14,1.023993867e-13,3.851637849e-14,2.300534699e-13,2.16366699e-13,9.528499121e-14,1.590900128e-13,2.087774497e-13,1.97411107e-13,2.522543152e-13,2.191223044e-13,2.310886508e-13,1.037186356e-13,7.330762084e-14,7.238084175e-14,4.323227684e-14,5.706302807e-14,1.085677285e-13,3.902942779e-14,1.786158262e-13,5.483694228e-13,1.40348167e-13,3.35330736e-13,1.070530303e-13,5.624727173e-13,4.820873817e-14
128.4609375,2.274900799e-13,1.275107081e-13,7.535220703e-13,2.392303612e-13,1.518952741e-13,1.553149881e-13,1.733059879e-14,1.023155037e-13,3.829986203e-14,2.305896802e-13,2.172636522e-13,9.607169367e-14,1.600479994e-13,2.088822264e-13,1.965239213e-13,2.504941095e-13,2.176974632e-13,2.264627599e-13,1.0220287e-13,7.385720672e-14,7.400194015e-14,4.303466507e-14,5.667694325e-14,1.088077523e-13,3.843397155e-14,1.800203331e-13,5.530567059e-13,1.388298773e-13,3.35638869e-13,1.065950424e-13,5.605539576e-13,4.852437094e-14
128.46875,2.264944775e-13,1.283395973e-13,7.558255541e-13,2.38995685e-13,1.52628677e-13,1.540748597e-13,1.701922054e-14,1.022571729e-13,3.809270864e-14,2.312306288e-13,2.182874481e-13,9.697431005e-14,1.609745339e-13,2.091197807e-13,1.95689993e-13,2.489233892e-13,2.164026326e-13,2.219424609e-13,1.007298044e-13,7.44328613e-14,7.576714392e-14,4.282840819e-14,5.628204774e-14,1.090639006e-13,3.783224406e-14,1.814317945e-13,5.577838918e-13,1.373924813e-13,3.360978006e-13,1.061485448e-13,5.585763533e-13,4.88375246e-14
128.4765625,2.253845299e-13,1.293306253e-13,7.58569719e-13,2.387338112e-13,1.533545247e-13,1.52822208e-13,1.669866789e-14,1.021784861e-13,3.787204225e-14,2.320485424e-13,2.1955267e-13,9.797577247e-14,1.619277133e-13,2.094157334e-13,1.949040843e-13,2.473803829e-13,2.151423901e-13,2.174901049e-13,9.93344365e-14,7.501848496e-14,7.766954402e-14,4.261815959e-14,5.589957487e-14,1.093026437e-13,3.723910378e-14,1.828211407e-13,5.625794763e-13,1.361014832e-13,3.36843027e-13,1.057848976e-13,5.567405288e-13,4.911198939e-14
128.484375,2.24279329e-13,1.304998529e-13,7.613839191e-13,2.386802975e-13,1.539240481e-13,1.514709847e-13,1.637821571e-14,1.019231478e-13,3.762452574e-14,2.328023477e-13,2.210110454e-13,9.898246992e-14,1.628591341e-13,2.096758908e-13,1.941406959e-13,2.45754177e-13,2.138883041e-13,2.130886355e-13,9.791690931e-14,7.553136069e-14,7.960433288e-14,4.239369502e-14,5.557598091e-14,1.094265968e-13,3.666496394e-14,1.841857189e-13,5.673882355e-13,1.348182091e-13,3.376855614e-13,1.054688935e-13,5.548504228e-13,4.932258608e-14
128.4921875,2.233575314e-13,1.317381218e-13,7.641109008e-13,2.386045467e-13,1.544761518e-13,1.500241655e-13,1.607247243e-14,1.015664972e-13,3.739118108e-14,2.335121842e-13,2.225439391e-13,1.000053858e-13,1.63763026e-13,2.09875266e-13,1.93341484e-13,2.440270166e-13,2.124831349e-13,2.086825718e-13,9.645336445e-14,7.603956263e-14,8.151430468e-14,4.216935081e-14,5.528197821e-14,1.095033604e-13,3.611028998e-14,1.85558293e-13,5.72150949e-13,1.334959246e-13,3.384553826e-13,1.051233714e-13,5.529680288e-13,4.9543246e-14
128.5,2.225071663e-13,1.330326705e-13,7.668924241e-13,2.383248541e-13,1.551218963e-13,1.485704229e-13,1.579677251e-14,1.012770259e-13,3.71742012e-14,2.344323826e-13,2.240033309e-13,1.010841769e-13,1.647131634e-13,2.101061147e-13,1.925693752e-13,2.423449898e-13,2.109323687e-13,2.043034355e-13,9.500772723e-14,7.662620484e-14,8.344702851e-14,4.195495326e-14,5.494909382e-14,1.097008576e-13,3.558648138e-14,1.869225547e-13,5.769888162e-13,1.321198021e-13,3.392562184e-13,1.047656979e-13,5.514134537e-13,4.979020795e-14
128.5078125,2.216852576e-13,1.34501817e-13,7.697000313e-13,2.380944504e-13,1.559018391e-13,1.471217161e-13,1.554473309e-14,1.010206785e-13,3.693582165e-14,2.355042507e-13,2.253724445e-13,1.021951601e-13,1.657485076e-13,2.105201425e-13,1.918934137e-13,2.407487151e-13,2.094512336e-13,2.000589758e-13,9.360787103e-14,7.723470864e-14,8.547720572e-14,4.1743307e-14,5.458913385e-14,1.100137781e-13,3.508753395e-14,1.881705906e-13,5.818336264e-13,1.306863308e-13,3.401918225e-13,1.043982839e-13,5.500922891e-13,4.999063089e-14
128.515625,2.209540501e-13,1.361247067e-13,7.72526734e-13,2.379616193e-13,1.567542362e-13,1.456105988e-13,1.52974374e-14,1.007000838e-13,3.666721876e-14,2.365661759e-13,2.268153523e-13,1.033325316e-13,1.668129463e-13,2.110474399e-13,1.912856706e-13,2.391559731e-13,2.080640906e-13,1.959491721e-13,9.224108287e-14,7.789063327e-14,8.758721531e-14,4.152353641e-14,5.424771972e-14,1.103253091e-13,3.459452257e-14,1.892881498e-13,5.864892611e-13,1.29272368e-13,3.412402162e-13,1.039948974e-13,5.487213078e-13,5.013057759e-14
128.5234375,2.202510217e-13,1.378398953e-13,7.755729582e-13,2.377079448e-13,1.574919505e-13,1.43994541e-13,1.504793092e-14,1.003058244e-13,3.637969798e-14,2.376853363e-13,2.284388777e-13,1.045173583e-13,1.678199749e-13,2.115103189e-13,1.907655392e-13,2.376552683e-13,2.067226898e-13,1.919419044e-13,9.090732525e-14,7.863730729e-14,8.97067812e-14,4.12943636e-14,5.39280724e-14,1.105930667e-13,3.411352661e-14,1.904161404e-13,5.911538244e-13,1.279227441e-13,3.423984733e-13,1.036355387e-13,5.47346671e-13,5.025241939e-14
128.53125,2.196259586e-13,1.397002645e-13,7.789169537e-13,2.37470844e-13,1.58107306e-13,1.423336404e-13,1.480502705e-14,9.986059744e-14,3.60982112e-14,2.389233392e-13,2.301863625e-13,1.057558392e-13,1.687476163e-13,2.119893579e-13,1.903626913e-13,2.362893983e-13,2.054858617e-13,1.880843739e-13,8.961254913e-14,7.93300964e-14,9.184325902e-14,4.107607728e-14,5.362780679e-14,1.10843713e-13,3.365723415e-14,1.916230894e-13,5.960261743e-13,1.266209063e-13,3.437347846e-13,1.033940816e-13,5.461245464e-13,5.038544944e-14
128.5390625,2.191276709e-13,1.416248217e-13,7.82474832e-13,2.374687135e-13,1.587492609e-13,1.406708251e-13,1.45841821e-14,9.939822568e-14,3.583995863e-14,2.402421807e-13,2.319829944e-13,1.070614036e-13,1.696516192e-13,2.125978368e-13,1.899980812e-13,2.348750504e-13,2.04230611e-13,1.843341409e-13,8.832337254e-14,7.993507511e-14,9.402990212e-14,4.087663206e-14,5.334309142e-14,1.111310171e-13,3.322022885e-14,1.928218123e-13,6.008239738e-13,1.252774364e-13,3.452995867e-13,1.031890287e-13,5.450753075e-13,5.053114687e-14
128.546875,2.185442527e-13,1.434708573e-13,7.862946102e-13,2.374962692e-13,1.593969533e-13,1.389617307e-13,1.439049166e-14,9.89053981e-14,3.557034409e-14,2.416635453e-13,2.338466658e-13,1.084416453e-13,1.70620513e-13,2.132128658e-13,1.896540217e-13,2.333882116e-13,2.027610648e-13,1.805847928e-13,8.699968155e-14,8.061380095e-14,9.624876147e-14,4.067489703e-14,5.305225314e-14,1.114865026e-13,3.280087967e-14,1.939531819e-13,6.053882693e-13,1.237836693e-13,3.470540752e-13,1.029439713e-13,5.441925483e-13,5.064731948e-14
128.5546875,2.178694428e-13,1.453899127e-13,7.905280842e-13,2.372940783e-13,1.599942665e-13,1.372060195e-13,1.420987452e-14,9.832446605e-14,3.525707844e-14,2.432529102e-13,2.358206923e-13,1.098825528e-13,1.716929219e-13,2.137990959e-13,1.894275228e-13,2.319786992e-13,2.011940595e-13,1.769248298e-13,8.568808167e-14,8.132607167e-14,9.851208633e-14,4.046315175e-14,5.276471944e-14,1.118658726e-13,3.240999283e-14,1.950536365e-13,6.099726048e-13,1.222572144e-13,3.48961011e-13,1.027155345e-13,5.434708166e-13,5.069577635e-14
128.5625,2.173863118e-13,1.47583806e-13,7.95164131e-13,2.369546454e-13,1.606598889e-13,1.354222646e-13,1.403183359e-14,9.771028423e-14,3.493255862e-14,2.450235649e-13,2.378598081e-13,1.113850284e-13,1.728022021e-13,2.145370802e-13,1.893174897e-13,2.306265672e-13,1.997502879e-13,1.735011794e-13,8.447452855e-14,8.193712011e-14,1.008653396e-13,4.02513069e-14,5.251631628e-14,1.12236886e-13,3.205073021e-14,1.961163307e-13,6.146848907e-13,1.208899233e-13,3.510720748e-13,1.025497138e-13,5.429140691e-13,5.068786611e-14
128.5703125,2.170863543e-13,1.499476683e-13,8.000556492e-13,2.366910161e-13,1.614855593e-13,1.336058042e-13,1.386882606e-14,9.716226354e-14,3.464676601e-14,2.469163621e-13,2.39917185e-13,1.129476572e-13,1.738764302e-13,2.15469749e-13,1.892483763e-13,2.292709187e-13,1.984204322e-13,1.702325953e-13,8.333925248e-14,8.255772003e-14,1.033014001e-13,4.004979573e-14,5.230168785e-14,1.12645215e-13,3.171662966e-14,1.970927251e-13,6.194009461e-13,1.195972667e-13,3.533795702e-13,1.024120778e-13,5.425590359e-13,5.06535326e-14
128.578125,2.167669654e-13,1.522913028e-13,8.051345398e-13,2.36422842e-13,1.623325701e-13,1.317967107e-13,1.373016459e-14,9.663640037e-14,3.439457973e-14,2.488807034e-13,2.420488154e-13,1.145123345e-13,1.74893721e-13,2.16368317e-13,1.892082432e-13,2.279934268e-13,1.970889479e-13,1.66944957e-13,8.216451007e-14,8.329734189e-14,1.057859305e-13,3.986553437e-14,5.209282892e-14,1.13099464e-13,3.140219592e-14,1.98047669e-13,6.240420757e-13,1.182197592e-13,3.557466219e-13,1.022949983e-13,5.423282096e-13,5.06372759e-14
128.5859375,2.164168221e-13,1.545716649e-13,8.103989524e-13,2.359024177e-13,1.62958628e-13,1.299130646e-13,1.360219871e-14,9.605631423e-14,3.410763465e-14,2.509632546e-13,2.442738769e-13,1.160264939e-13,1.75807744e-13,2.170524288e-13,1.891794323e-13,2.268225444e-13,1.957052839e-13,1.635681443e-13,8.088751311e-14,8.406898523e-14,1.082961593e-13,3.967515323e-14,5.190318264e-14,1.135380921e-13,3.110346343e-14,1.990672092e-13,6.286092067e-13,1.167287694e-13,3.581458962e-13,1.022160185e-13,5.420979441e-13,5.065075133e-14
128.59375,2.160759765e-13,1.568537285e-13,8.159165541e-13,2.352423602e-13,1.633631283e-13,1.278025646e-13,1.348131741e-14,9.543881272e-14,3.375110823e-14,2.532175386e-13,2.465629728e-13,1.175591794e-13,1.766563909e-13,2.177165861e-13,1.891892049e-13,2.256948311e-13,1.943000887e-13,1.60140145e-13,7.9593497e-14,8.480596527e-14,1.108194377e-13,3.946302631e-14,5.175946338e-14,1.139609163e-13,3.082512146e-14,2.000527983e-13,6.332354145e-13,1.1511178e-13,3.607567125e-13,1.021418441e-13,5.420418208e-13,5.061576991e-14
128.6015625,2.157921014e-13,1.592753347e-13,8.218336031e-13,2.347327055e-13,1.638116092e-13,1.256275929e-13,1.338382343e-14,9.479883131e-14,3.338777349e-14,2.55613692e-13,2.489717023e-13,1.192054921e-13,1.775985218e-13,2.186471143e-13,1.894037695e-13,2.246624148e-13,1.929842041e-13,1.568239521e-13,7.841626024e-14,8.551969558e-14,1.133640861e-13,3.927409592e-14,5.164096939e-14,1.144252106e-13,3.058034216e-14,2.00872338e-13,6.379960693e-13,1.134623508e-13,3.63675773e-13,1.020469919e-13,5.42438703e-13,5.04989818e-14
128.609375,2.156508929e-13,1.619067848e-13,8.280547862e-13,2.343247736e-13,1.643666409e-13,1.236204876e-13,1.330897293e-14,9.412001358e-14,3.305277049e-14,2.581269885e-13,2.514756899e-13,1.209048426e-13,1.786161789e-13,2.196978061e-13,1.898655716e-13,2.238293486e-13,1.917950636e-13,1.537295779e-13,7.73504437e-14,8.625033577e-14,1.159185283e-13,3.912411189e-14,5.151895085e-14,1.149238157e-13,3.036788142e-14,2.015892961e-13,6.426883904e-13,1.119362688e-13,3.667437234e-13,1.019673878e-13,5.431576497e-13,5.038080043e-14
128.6171875,2.156003148e-13,1.64617033e-13,8.344292433e-13,2.339112015e-13,1.64861661e-13,1.216531104e-13,1.325031064e-14,9.340705211e-14,3.269316713e-14,2.607897366e-13,2.53961774e-13,1.225867403e-13,1.795597002e-13,2.206438807e-13,1.903920353e-13,2.231251993e-13,1.905818609e-13,1.507269564e-13,7.628722121e-14,8.703869826e-14,1.184678086e-13,3.896394435e-14,5.141357515e-14,1.154371193e-13,3.017821469e-14,2.023270543e-13,6.472959534e-13,1.104499832e-13,3.698675343e-13,1.019368942e-13,5.4396497e-13,5.027847383e-14
128.625,2.15610813e-13,1.672664164e-13,8.413293157e-13,2.334610883e-13,1.653881462e-13,1.1958955e-13,1.322139011e-14,9.268529733e-14,3.230835288e-14,2.63646453e-13,2.565707667e-13,1.243611936e-13,1.805074367e-13,2.217317662e-13,1.909291113e-13,2.224375129e-13,1.892832073e-13,1.477553117e-13,7.522994312e-14,8.780584045e-14,1.210859514e-13,3.880004094e-14,5.133815013e-14,1.159981128e-13,3.001849084e-14,2.030700646e-13,6.521071065e-13,1.088685897e-13,3.732728525e-13,1.019629079e-13,5.450762238e-13,5.01241831e-14
128.6328125,2.158119431e-13,1.69886734e-13,8.48974131e-13,2.327546518e-13,1.661277424e-13,1.175436902e-13,1.3219776e-14,9.198237975e-14,3.19545643e-14,2.666801427e-13,2.594788411e-13,1.262767172e-13,1.815998746e-13,2.231453344e-13,1.915832006e-13,2.218228062e-13,1.880770941e-13,1.449830141e-13,7.427181194e-14,8.845671385e-14,1.238290991e-13,3.868079228e-14,5.125977433e-14,1.165672282e-13,2.989694217e-14,2.037200015e-13,6.570085718e-13,1.073117824e-13,3.770778894e-13,1.020328354e-13,5.46712706e-13,4.992461652e-14
128.640625,2.161670776e-13,1.725778475e-13,8.56795529e-13,2.318258278e-13,1.669253087e-13,1.155591454e-13,1.32246313e-14,9.127990024e-14,3.162482587e-14,2.697589813e-13,2.624601801e-13,1.28186475e-13,1.827588444e-13,2.246141986e-13,1.923444582e-13,2.213398894e-13,1.870486219e-13,1.424255566e-13,7.34064714e-14,8.904959478e-14,1.266034816e-13,3.858961263e-14,5.117668355e-14,1.170727714e-13,2.981296407e-14,2.042560475e-13,6.61660585e-13,1.058634844e-13,3.809944445e-13,1.021023639e-13,5.486200398e-13,4.973232229e-14
128.6484375,2.165065387e-13,1.754134632e-13,8.646030752e-13,2.310215447e-13,1.676084169e-13,1.135477876e-13,1.323630094e-14,9.052860869e-14,3.128807698e-14,2.728279261e-13,2.653073674e-13,1.300812347e-13,1.8389908e-13,2.260262731e-13,1.932042893e-13,2.209689336e-13,1.860945778e-13,1.399376005e-13,7.256375354e-14,8.964102965e-14,1.29334987e-13,3.849511082e-14,5.112674783e-14,1.176092931e-13,2.976559629e-14,2.04777194e-13,6.662547727e-13,1.043817488e-13,3.84896843e-13,1.021664157e-13,5.505780038e-13,4.954125039e-14
128.65625,2.168657639e-13,1.783641018e-13,8.729680086e-13,2.30247447e-13,1.682685123e-13,1.114716628e-13,1.325718198e-14,8.974986943e-14,3.094809909e-14,2.760714594e-13,2.682415765e-13,1.321310286e-13,1.850493351e-13,2.275391475e-13,1.942600671e-13,2.207430834e-13,1.85157294e-13,1.375376304e-13,7.174785861e-14,9.023951023e-14,1.320760331e-13,3.840840678e-14,5.110320863e-14,1.182808885e-13,2.973904963e-14,2.053559289e-13,6.710321225e-13,1.028430248e-13,3.890667384e-13,1.022831403e-13,5.527627687e-13,4.932485114e-14
128.6640625,2.173428335e-13,1.812150848e-13,8.819297664e-13,2.292358408e-13,1.689809002e-13,1.093714054e-13,1.328423113e-14,8.89811165e-14,3.060193253e-14,2.795719854e-13,2.714299633e-13,1.34321319e-13,1.862273407e-13,2.29106544e-13,1.954434231e-13,2.206023715e-13,1.84194327e-13,1.352618626e-13,7.099503894e-14,9.089230619e-14,1.348341327e-13,3.833501734e-14,5.10851879e-14,1.189947396e-13,2.972296349e-14,2.059183854e-13,6.757090465e-13,1.013915978e-13,3.935251871e-13,1.024471768e-13,5.552962362e-13,4.90824932e-14
128.671875,2.179251884e-13,1.838415097e-13,8.910011205e-13,2.281005275e-13,1.697110314e-13,1.073269247e-13,1.333487616e-14,8.817303454e-14,3.024103693e-14,2.831139898e-13,2.746930718e-13,1.364785733e-13,1.87447826e-13,2.306269218e-13,1.965599605e-13,2.203755257e-13,1.831538262e-13,1.330135355e-13,7.028342773e-14,9.15614199e-14,1.375594355e-13,3.826783933e-14,5.110001748e-14,1.196744092e-13,2.973278552e-14,2.063629716e-13,6.801411106e-13,9.998642771e-14,3.979603041e-13,1.025851392e-13,5.579939753e-13,4.881698792e-14
128.6796875,2.186269994e-13,1.864617083e-13,9.001164104e-13,2.268684764e-13,1.704554108e-13,1.053262286e-13,1.341265511e-14,8.729334548e-14,2.987104926e-14,2.866374567e-13,2.77894259e-13,1.385880624e-13,1.887056369e-13,2.3218334e-13,1.976376272e-13,2.201088263e-13,1.821109171e-13,1.307901641e-13,6.958010305e-14,9.217142182e-14,1.402927733e-13,3.820940486e-14,5.115270704e-14,1.203774421e-13,2.975970519e-14,2.066958115e-13,6.846036176e-13,9.84995464e-14,4.023913653e-13,1.026924986e-13,5.60707423e-13,4.851909247e-14
128.6875,2.194899971e-13,1.892383854e-13,9.094746659e-13,2.254559202e-13,1.712567186e-13,1.032920723e-13,1.349955988e-14,8.639033525e-14,2.950349766e-14,2.903737377e-13,2.811171265e-13,1.407645457e-13,1.899651092e-13,2.338597852e-13,1.988943178e-13,2.199902604e-13,1.811452163e-13,1.287073584e-13,6.892480609e-14,9.274275207e-14,1.430850023e-13,3.816528087e-14,5.119804486e-14,1.211179333e-13,2.978569735e-14,2.069914552e-13,6.891778097e-13,9.705149576e-14,4.070674594e-13,1.028253861e-13,5.635440307e-13,4.818945303e-14
128.6953125,2.20559607e-13,1.920461628e-13,9.192107246e-13,2.240650709e-13,1.721607303e-13,1.013012776e-13,1.360416274e-14,8.548965062e-14,2.915587799e-14,2.943883532e-13,2.844477079e-13,1.430326922e-13,1.912516028e-13,2.356829291e-13,2.004488752e-13,2.200681136e-13,1.802500881e-13,1.268213079e-13,6.83705351e-14,9.325422189e-14,1.458843601e-13,3.814381747e-14,5.123692247e-14,1.218829348e-13,2.98429993e-14,2.073127369e-13,6.937369573e-13,9.578446219e-14,4.119584091e-13,1.030096373e-13,5.666167466e-13,4.785514232e-14
128.703125,2.218805835e-13,1.949438048e-13,9.293161984e-13,2.228028626e-13,1.730946939e-13,9.94320317e-14,1.37343363e-14,8.459323666e-14,2.882200969e-14,2.985260077e-13,2.878397567e-13,1.453254794e-13,1.925504406e-13,2.375929774e-13,2.022008831e-13,2.203148835e-13,1.794238691e-13,1.250770974e-13,6.786525557e-14,9.368472426e-14,1.486593404e-13,3.814075493e-14,5.131607383e-14,1.227044463e-13,2.994590144e-14,2.076467967e-13,6.98260472e-13,9.456873037e-14,4.169225724e-13,1.032214719e-13,5.698414672e-13,4.752632817e-14
128.7109375,2.233226505e-13,1.98132461e-13,9.395182146e-13,2.215687205e-13,1.739208418e-13,9.759542151e-14,1.3871866e-14,8.373939017e-14,2.847620344e-14,3.02710235e-13,2.911799697e-13,1.476102132e-13,1.93767644e-13,2.394254501e-13,2.039562739e-13,2.206502891e-13,1.785892447e-13,1.233432546e-13,6.732376722e-14,9.412174714e-14,1.514482449e-13,3.814156513e-14,5.14307491e-14,1.235739884e-13,3.005183776e-14,2.078922259e-13,7.026318375e-13,9.32570249e-14,4.219289893e-13,1.033990393e-13,5.731676692e-13,4.717365343e-14
128.71875,2.24706292e-13,2.014126617e-13,9.497438769e-13,2.204284957e-13,1.747457387e-13,9.580881739e-14,1.40204086e-14,8.294554648e-14,2.81345764e-14,3.069466767e-13,2.944403409e-13,1.499079227e-13,1.949475637e-13,2.411834626e-13,2.05686029e-13,2.209523182e-13,1.776292965e-13,1.215653586e-13,6.677435677e-14,9.456825846e-14,1.54235039e-13,3.816498442e-14,5.154740698e-14,1.244831065e-13,3.014943352e-14,2.079697981e-13,7.066891113e-13,9.189431714e-14,4.269141763e-13,1.035171192e-13,5.767155492e-13,4.678775189e-14
128.7265625,2.26149322e-13,2.045201332e-13,9.602351861e-13,2.194429834e-13,1.757740771e-13,9.416155302e-14,1.419672199e-14,8.217494643e-14,2.782078354e-14,3.112775692e-13,2.97718083e-13,1.522270643e-13,1.961913086e-13,2.430601446e-13,2.075254629e-13,2.212286599e-13,1.765763012e-13,1.198227534e-13,6.628340736e-14,9.497922e-14,1.569840964e-13,3.823961228e-14,5.168415335e-14,1.254728626e-13,3.025658492e-14,2.079192373e-13,7.1057945e-13,9.056458302e-14,4.318673291e-13,1.036477375e-13,5.805365253e-13,4.638829305e-14
128.734375,2.278575531e-13,2.076080434e-13,9.709848136e-13,2.185125216e-13,1.768881665e-13,9.252182861e-14,1.439661679e-14,8.139635524e-14,2.750735053e-14,3.157877247e-13,3.011156801e-13,1.545627406e-13,1.974274165e-13,2.451093313e-13,2.09511432e-13,2.215664097e-13,1.755666507e-13,1.181499356e-13,6.582873479e-14,9.541701263e-14,1.597456556e-13,3.834452003e-14,5.186546595e-14,1.265350863e-13,3.036880937e-14,2.078511738e-13,7.145298238e-13,8.929076027e-14,4.369434364e-13,1.038557133e-13,5.84526665e-13,4.597743101e-14
128.7421875,2.297436543e-13,2.10796436e-13,9.819702041e-13,2.175384998e-13,1.778898148e-13,9.077656299e-14,1.461353944e-14,8.060350721e-14,2.71728334e-14,3.204571576e-13,3.046366293e-13,1.569224256e-13,1.985748811e-13,2.472204957e-13,2.115728971e-13,2.220307767e-13,1.747790828e-13,1.165600661e-13,6.537567752e-14,9.58869858e-14,1.625424467e-13,3.843766025e-14,5.205905301e-14,1.276173379e-13,3.04943255e-14,2.078126101e-13,7.184942471e-13,8.805435588e-14,4.421788988e-13,1.041085311e-13,5.885290802e-13,4.555800962e-14
128.75,2.316470734e-13,2.139751355e-13,9.93343774e-13,2.16424553e-13,1.788607677e-13,8.905016994e-14,1.483624748e-14,7.979661476e-14,2.683623617e-14,3.25204536e-13,3.081827056e-13,1.592992909e-13,1.99683185e-13,2.493175091e-13,2.136767484e-13,2.22654303e-13,1.742870116e-13,1.151291461e-13,6.495547062e-14,9.632894296e-14,1.653025225e-13,3.851189089e-14,5.223684028e-14,1.286941169e-13,3.064042232e-14,2.077100029e-13,7.223551162e-13,8.685539086e-14,4.474229332e-13,1.04346744e-13,5.924469566e-13,4.514275296e-14
128.7578125,2.336643905e-13,2.172191333e-13,1.004941261e-12,2.152078466e-13,1.798994487e-13,8.743225831e-14,1.505423092e-14,7.899601654e-14,2.651612431e-14,3.300769426e-13,3.117089494e-13,1.617069695e-13,2.008108644e-13,2.514426187e-13,2.158153799e-13,2.233244733e-13,1.738336805e-13,1.138029727e-13,6.460602074e-14,9.67170951e-14,1.680153476e-13,3.859583662e-14,5.242715282e-14,1.297867765e-13,3.077874298e-14,2.074339098e-13,7.261582419e-13,8.575935357e-14,4.527227524e-13,1.045522491e-13,5.964972821e-13,4.471811623e-14
128.765625,2.359647572e-13,2.206806327e-13,1.0166614e-12,2.140725335e-13,1.809871663e-13,8.588777761e-14,1.528864299e-14,7.823136712e-14,2.622183327e-14,3.351099355e-13,3.153273899e-13,1.642049626e-13,2.020057735e-13,2.537179209e-13,2.180375658e-13,2.239579617e-13,1.732226238e-13,1.124832771e-13,6.434124963e-14,9.697667841e-14,1.707435484e-13,3.871888304e-14,5.265323051e-14,1.309719293e-13,3.0912308e-14,2.070109563e-13,7.29976339e-13,8.478066264e-14,4.582729858e-13,1.047430525e-13,6.010369907e-13,4.426237958e-14
128.7734375,2.385175812e-13,2.242989328e-13,1.028700667e-12,2.130325171e-13,1.822078063e-13,8.44221014e-14,1.555696484e-14,7.749208019e-14,2.595789917e-14,3.401944273e-13,3.19047306e-13,1.667647164e-13,2.032974699e-13,2.561672404e-13,2.204518231e-13,2.247170715e-13,1.726772266e-13,1.11283965e-13,6.41649803e-14,9.714021684e-14,1.734825977e-13,3.888240075e-14,5.288620655e-14,1.322732464e-13,3.108408836e-14,2.065120814e-13,7.337163286e-13,8.384711415e-14,4.639230324e-13,1.049355909e-13,6.059609641e-13,4.377903937e-14
128.78125,2.412389148e-13,2.279452944e-13,1.040774359e-12,2.120361165e-13,1.836262787e-13,8.307114736e-14,1.584804066e-14,7.675125934e-14,2.572366584e-14,3.452961087e-13,3.226656982e-13,1.692622052e-13,2.046299553e-13,2.587003611e-13,2.230819383e-13,2.257092886e-13,1.723391829e-13,1.102542133e-13,6.404749932e-14,9.741444004e-14,1.762057297e-13,3.908136882e-14,5.309229864e-14,1.336155846e-13,3.128914073e-14,2.059505176e-13,7.372551732e-13,8.294782968e-14,4.693762826e-13,1.051079003e-13,6.109030152e-13,4.329057305e-14
128.7890625,2.441446534e-13,2.314862155e-13,1.052502123e-12,2.111488909e-13,1.85164942e-13,8.181785524e-14,1.616026126e-14,7.603723229e-14,2.551898703e-14,3.505221229e-13,3.261328708e-13,1.716870943e-13,2.059375103e-13,2.613225414e-13,2.258892959e-13,2.269000505e-13,1.720791393e-13,1.092421835e-13,6.395207495e-14,9.784465618e-14,1.789410674e-13,3.932185443e-14,5.327779051e-14,1.349778921e-13,3.148517251e-14,2.053524789e-13,7.407192715e-13,8.21120678e-14,4.747345024e-13,1.052446901e-13,6.158121945e-13,4.282133995e-14
128.796875,2.471647632e-13,2.348535961e-13,1.064213107e-12,2.103212846e-13,1.868325985e-13,8.060464257e-14,1.648987672e-14,7.538976719e-14,2.532894328e-14,3.558749754e-13,3.295941738e-13,1.741256873e-13,2.071984772e-13,2.640602442e-13,2.288280115e-13,2.283005892e-13,1.71891663e-13,1.082995111e-13,6.39011236e-14,9.834411063e-14,1.816905636e-13,3.958437783e-14,5.347234714e-14,1.363725768e-13,3.166521611e-14,2.047374642e-13,7.442636982e-13,8.134841625e-14,4.801635428e-13,1.053896295e-13,6.206720181e-13,4.236508602e-14
128.8046875,2.501948877e-13,2.382385899e-13,1.076212594e-12,2.094810986e-13,1.886273721e-13,7.942239928e-14,1.681769987e-14,7.478127739e-14,2.513623955e-14,3.612343406e-13,3.331003583e-13,1.765720671e-13,2.084027647e-13,2.668061873e-13,2.317790832e-13,2.297967593e-13,1.718047641e-13,1.075971382e-13,6.392245024e-14,9.891292104e-14,1.844141747e-13,3.984313841e-14,5.370275227e-14,1.377634738e-13,3.18442799e-14,2.040619006e-13,7.477442501e-13,8.06943904e-14,4.855354791e-13,1.055833109e-13,6.253358047e-13,4.189438674e-14
128.8125,2.533615378e-13,2.417742109e-13,1.088343089e-12,2.087387919e-13,1.903366098e-13,7.833157837e-14,1.715288737e-14,7.418102373e-14,2.495246474e-14,3.666037466e-13,3.366751165e-13,1.789852676e-13,2.095946466e-13,2.695292152e-13,2.347291267e-13,2.312906116e-13,1.717859249e-13,1.070204088e-13,6.397230105e-14,9.945507554e-14,1.870942016e-13,4.011537005e-14,5.398318961e-14,1.391901404e-13,3.202393585e-14,2.03309936e-13,7.510928922e-13,8.012391243e-14,4.909124249e-13,1.058077667e-13,6.299648356e-13,4.141390403e-14
128.8203125,2.567780726e-13,2.452693617e-13,1.100438442e-12,2.081585963e-13,1.919220763e-13,7.734887919e-14,1.751763683e-14,7.362141131e-14,2.47884789e-14,3.720623667e-13,3.403054116e-13,1.813677148e-13,2.108379427e-13,2.723412043e-13,2.378526236e-13,2.3297127e-13,1.719425441e-13,1.064129286e-13,6.402570791e-14,9.979873975e-14,1.897265604e-13,4.040751284e-14,5.429852642e-14,1.406826932e-13,3.221012379e-14,2.024867871e-13,7.544792636e-13,7.957310366e-14,4.965197733e-13,1.060119595e-13,6.347367381e-13,4.093199631e-14
128.828125,2.603240925e-13,2.486774274e-13,1.112356444e-12,2.076729864e-13,1.936558229e-13,7.644861349e-14,1.790342579e-14,7.312821326e-14,2.463540233e-14,3.77527257e-13,3.438076883e-13,1.836786825e-13,2.12105397e-13,2.752296981e-13,2.411365346e-13,2.348242185e-13,1.722461164e-13,1.058372617e-13,6.414137993e-14,9.997704846e-14,1.923244713e-13,4.06899355e-14,5.461319716e-14,1.421308938e-13,3.241248752e-14,2.015360068e-13,7.577949556e-13,7.912047865e-14,5.021696092e-13,1.061559736e-13,6.393828568e-13,4.042836898e-14
128.8359375,2.639099646e-13,2.522049871e-13,1.124240377e-12,2.071502293e-13,1.955871275e-13,7.562289899e-14,1.829568712e-14,7.268160785e-14,2.449097777e-14,3.829359925e-13,3.471797279e-13,1.859172136e-13,2.133361331e-13,2.780520566e-13,2.44390233e-13,2.365867361e-13,1.724390407e-13,1.053269339e-13,6.43355031e-14,1.001322376e-13,1.949259751e-13,4.096728614e-14,5.492154756e-14,1.43560317e-13,3.261936965e-14,2.004398809e-13,7.608524124e-13,7.879715881e-14,5.076351259e-13,1.062566325e-13,6.437974453e-13,3.991155299e-14
128.84375,2.674031265e-13,2.557904833e-13,1.136481025e-12,2.064683208e-13,1.974953487e-13,7.481468615e-14,1.869141797e-14,7.226460438e-14,2.435129096e-14,3.884235667e-13,3.506393598e-13,1.881991115e-13,2.145361355e-13,2.807688105e-13,2.476863429e-13,2.384120388e-13,1.725470439e-13,1.048536553e-13,6.454136297e-14,1.002937769e-13,1.975345583e-13,4.125701339e-14,5.524443766e-14,1.451440191e-13,3.282677556e-14,1.99251779e-13,7.638851814e-13,7.846184235e-14,5.131043427e-13,1.063412615e-13,6.483231002e-13,3.940227442e-14
128.8515625,2.706178536e-13,2.592403426e-13,1.148769681e-12,2.057949577e-13,1.993694535e-13,7.400885884e-14,1.908671225e-14,7.1861632e-14,2.421385935e-14,3.939600234e-13,3.540959583e-13,1.905265766e-13,2.157583132e-13,2.834858061e-13,2.511693267e-13,2.405480469e-13,1.728188097e-13,1.044663566e-13,6.47431611e-14,1.004143058e-13,2.001462627e-13,4.154237998e-14,5.557546701e-14,1.468160096e-13,3.305434006e-14,1.979751194e-13,7.670298807e-13,7.812321804e-14,5.186670122e-13,1.063690345e-13,6.52987307e-13,3.888086733e-14
128.859375,2.738579839e-13,2.626442037e-13,1.160642548e-12,2.053449712e-13,2.013927184e-13,7.333074438e-14,1.948351337e-14,7.143725064e-14,2.409967092e-14,3.993477465e-13,3.573752641e-13,1.927762894e-13,2.170419438e-13,2.863326525e-13,2.54660886e-13,2.42774882e-13,1.732557612e-13,1.041594379e-13,6.497892917e-14,1.005027352e-13,2.028158161e-13,4.1835194e-14,5.590173832e-14,1.483873651e-13,3.328952376e-14,1.966366968e-13,7.700946221e-13,7.79166473e-14,5.241962911e-13,1.063411032e-13,6.574610796e-13,3.835900936e-14
128.8671875,2.775016851e-13,2.659852413e-13,1.172647393e-12,2.048825497e-13,2.03589029e-13,7.279212638e-14,1.988570546e-14,7.098236213e-14,2.40044474e-14,4.046994415e-13,3.60681275e-13,1.94984112e-13,2.183472293e-13,2.892876794e-13,2.579964534e-13,2.449288636e-13,1.737451018e-13,1.038731475e-13,6.522868947e-14,1.005928226e-13,2.055276501e-13,4.215888603e-14,5.624402983e-14,1.498863825e-13,3.350288089e-14,1.953336922e-13,7.731412518e-13,7.779221061e-14,5.29763208e-13,1.063550736e-13,6.617606897e-13,3.787887081e-14
128.875,2.811600955e-13,2.690133558e-13,1.185098719e-12,2.042412458e-13,2.057743412e-13,7.224026517e-14,2.029211739e-14,7.05382318e-14,2.388403214e-14,4.101725828e-13,3.640841352e-13,1.972296179e-13,2.195967558e-13,2.9216142e-13,2.613440418e-13,2.471997282e-13,1.743244137e-13,1.036452086e-13,6.545580551e-14,1.00598289e-13,2.081207579e-13,4.246598807e-14,5.661031807e-14,1.514240925e-13,3.372078674e-14,1.940156682e-13,7.763300285e-13,7.76629984e-14,5.354389219e-13,1.063953985e-13,6.660550956e-13,3.740525898e-14
128.8828125,2.844845423e-13,2.718881495e-13,1.19731209e-12,2.03739353e-13,2.078586859e-13,7.165764563e-14,2.07058077e-14,7.014061013e-14,2.374849745e-14,4.155686384e-13,3.673185744e-13,1.994328012e-13,2.208287319e-13,2.949521361e-13,2.648960865e-13,2.49727529e-13,1.750812814e-13,1.035173923e-13,6.570218264e-14,1.005200185e-13,2.105626206e-13,4.272944462e-14,5.697501349e-14,1.530270598e-13,3.39740132e-14,1.925550742e-13,7.795891174e-13,7.758527811e-14,5.411949493e-13,1.063462586e-13,6.702356087e-13,3.689732564e-14
128.890625,2.878645277e-13,2.749834996e-13,1.209366281e-12,2.034790741e-13,2.100462766e-13,7.112314153e-14,2.112687745e-14,6.979077039e-14,2.366762026e-14,4.208533858e-13,3.704416075e-13,2.016274314e-13,2.221414359e-13,2.97939202e-13,2.685993357e-13,2.524969701e-13,1.760204546e-13,1.034606962e-13,6.601822748e-14,1.006391264e-13,2.130686247e-13,4.301862413e-14,5.733638619e-14,1.546711164e-13,3.423431896e-14,1.910763781e-13,7.829966482e-13,7.761614669e-14,5.472257134e-13,1.062617556e-13,6.743253243e-13,3.641392926e-14
128.8984375,2.914197011e-13,2.780901876e-13,1.222089102e-12,2.031929775e-13,2.12447706e-13,7.062784945e-14,2.154981994e-14,6.948953857e-14,2.364735403e-14,4.262867993e-13,3.737141121e-13,2.039754241e-13,2.234837645e-13,3.011194814e-13,2.722384299e-13,2.553645072e-13,1.770626862e-13,1.03458995e-13,6.636449202e-14,1.010123067e-13,2.156997967e-13,4.335832245e-14,5.772282194e-14,1.562908062e-13,3.447827802e-14,1.897519679e-13,7.866487605e-13,7.775460499e-14,5.53602782e-13,1.06262495e-13,6.785437119e-13,3.598559439e-14
128.90625,2.947714944e-13,2.808148653e-13,1.235096066e-12,2.028215695e-13,2.147919369e-13,7.0167548e-14,2.197701455e-14,6.922823451e-14,2.361056492e-14,4.317982824e-13,3.769849819e-13,2.063504168e-13,2.247187553e-13,3.040834111e-13,2.756719398e-13,2.581390489e-13,1.781654364e-13,1.034964721e-13,6.668019302e-14,1.013030028e-13,2.181947596e-13,4.367211286e-14,5.814332011e-14,1.578798825e-13,3.471705478e-14,1.884276766e-13,7.902872749e-13,7.79308166e-14,5.599220805e-13,1.062720527e-13,6.827072909e-13,3.554320645e-14
128.9140625,2.979870608e-13,2.833217459e-13,1.247488902e-12,2.024488613e-13,2.170016774e-13,6.977995009e-14,2.241337792e-14,6.895830919e-14,2.353089212e-14,4.371531729e-13,3.80069064e-13,2.085223255e-13,2.258592592e-13,3.067562239e-13,2.790419777e-13,2.609048473e-13,1.793728665e-13,1.035757736e-13,6.69917124e-14,1.014234059e-13,2.204600897e-13,4.393060107e-14,5.857572032e-14,1.595067479e-13,3.495843282e-14,1.869174038e-13,7.937598703e-13,7.807830698e-14,5.659701154e-13,1.06185014e-13,6.864613675e-13,3.507059901e-14
128.921875,3.014125942e-13,2.85928359e-13,1.259694829e-12,2.02114965e-13,2.194527109e-13,6.95042515e-14,2.286294564e-14,6.865098103e-14,2.348607809e-14,4.424316891e-13,3.831981701e-13,2.106385636e-13,2.270732368e-13,3.096066381e-13,2.826306041e-13,2.63929302e-13,1.807235378e-13,1.038121023e-13,6.7382589e-14,1.015523181e-13,2.227643172e-13,4.419642676e-14,5.899626726e-14,1.611396851e-13,3.522048177e-14,1.853433753e-13,7.972586854e-13,7.835182553e-14,5.720838122e-13,1.060753732e-13,6.900005907e-13,3.463833731e-14
128.9296875,3.049704718e-13,2.886653647e-13,1.272438866e-12,2.019520753e-13,2.222786156e-13,6.937824569e-14,2.332786461e-14,6.834223157e-14,2.352662891e-14,4.476829121e-13,3.864742484e-13,2.129171012e-13,2.284666542e-13,3.128954987e-13,2.864888036e-13,2.672921462e-13,1.822946042e-13,1.043161309e-13,6.789051451e-14,1.01686577e-13,2.252225861e-13,4.450878806e-14,5.941492546e-14,1.627204317e-13,3.55280771e-14,1.838384616e-13,8.009672333e-13,7.889741399e-14,5.784451901e-13,1.060250643e-13,6.93705097e-13,3.426193097e-14
128.9375,3.083534891e-13,2.915090063e-13,1.28520761e-12,2.019965432e-13,2.251584517e-13,6.933133184e-14,2.378982306e-14,6.805868128e-14,2.358894685e-14,4.527629518e-13,3.895821015e-13,2.152043918e-13,2.299235358e-13,3.162846176e-13,2.904029305e-13,2.709056009e-13,1.841322862e-13,1.049860703e-13,6.844361604e-14,1.018144778e-13,2.276076878e-13,4.483273895e-14,5.986373301e-14,1.643035413e-13,3.586119998e-14,1.8232944e-13,8.049417976e-13,7.950115041e-14,5.847775707e-13,1.059805777e-13,6.973775186e-13,3.38917809e-14
128.9453125,3.115159039e-13,2.943504325e-13,1.2973123e-12,2.02079668e-13,2.279042599e-13,6.925497934e-14,2.422693564e-14,6.779602993e-14,2.36188096e-14,4.577313628e-13,3.924165716e-13,2.173268732e-13,2.312484967e-13,3.193879562e-13,2.941718651e-13,2.746092804e-13,1.8602389e-13,1.056180948e-13,6.89250893e-14,1.019738436e-13,2.298323167e-13,4.512690331e-14,6.033347932e-14,1.659053653e-13,3.616727303e-14,1.807700448e-13,8.089662165e-13,8.000089376e-14,5.909308363e-13,1.05878123e-13,7.006032074e-13,3.351698535e-14
128.953125,3.147294719e-13,2.969504853e-13,1.309107869e-12,2.021288608e-13,2.306798204e-13,6.922092846e-14,2.465152441e-14,6.758788981e-14,2.366614475e-14,4.627434994e-13,3.952659004e-13,2.194270345e-13,2.324550015e-13,3.223385552e-13,2.978002147e-13,2.782518644e-13,1.877878722e-13,1.062105721e-13,6.935312808e-14,1.020798157e-13,2.321233256e-13,4.540865451e-14,6.077542657e-14,1.67491198e-13,3.642378651e-14,1.791922933e-13,8.126185231e-13,8.059909214e-14,5.970831609e-13,1.057438295e-13,7.034943046e-13,3.315813166e-14
128.9609375,3.180833807e-13,2.993077192e-13,1.321009613e-12,2.022179297e-13,2.336717776e-13,6.931982457e-14,2.508913954e-14,6.745249454e-14,2.376859553e-14,4.676730957e-13,3.981945457e-13,2.215937123e-13,2.336813257e-13,3.254535782e-13,3.014093769e-13,2.818364845e-13,1.895456412e-13,1.068910093e-13,6.985006698e-14,1.021914598e-13,2.345907896e-13,4.571300168e-14,6.117994725e-14,1.690866482e-13,3.665579677e-14,1.775481282e-13,8.159150193e-13,8.134859092e-14,6.032849524e-13,1.056160028e-13,7.063282236e-13,3.280322344e-14
128.96875,3.212520848e-13,3.015707155e-13,1.332590804e-12,2.023660097e-13,2.368241621e-13,6.946923244e-14,2.554343178e-14,6.731151403e-14,2.388015019e-14,4.723206143e-13,4.009553519e-13,2.236549314e-13,2.348947581e-13,3.286140383e-13,3.050092333e-13,2.853753543e-13,1.913243113e-13,1.076077225e-13,7.040333296e-14,1.024402392e-13,2.370430457e-13,4.601623886e-14,6.15762026e-14,1.706385572e-13,3.689313103e-14,1.757858399e-13,8.19230262e-13,8.205117445e-14,6.093413541e-13,1.054620979e-13,7.088768702e-13,3.243190723e-14
128.9765625,3.241720574e-13,3.037114828e-13,1.343529812e-12,2.025261568e-13,2.400012813e-13,6.962809783e-14,2.600525901e-14,6.711948447e-14,2.397755405e-14,4.767817214e-13,4.035170695e-13,2.255760727e-13,2.360110419e-13,3.315870736e-13,3.085693041e-13,2.888566458e-13,1.930741252e-13,1.082958747e-13,7.093384632e-14,1.026705039e-13,2.393372174e-13,4.628179636e-14,6.196226375e-14,1.720397083e-13,3.713250634e-14,1.739554633e-13,8.225266343e-13,8.277094822e-14,6.151291649e-13,1.052479389e-13,7.108980677e-13,3.205707727e-14
128.984375,3.271250052e-13,3.057674899e-13,1.354207946e-12,2.027066828e-13,2.432511908e-13,6.986741463e-14,2.646266123e-14,6.697077815e-14,2.409224255e-14,4.812646373e-13,4.060204713e-13,2.275374981e-13,2.37092838e-13,3.345326005e-13,3.121627528e-13,2.924125172e-13,1.950200913e-13,1.09104509e-13,7.14926336e-14,1.027735078e-13,2.41552572e-13,4.652871497e-14,6.232603358e-14,1.733793861e-13,3.736170005e-14,1.721027451e-13,8.25521948e-13,8.368982391e-14,6.206683387e-13,1.050181775e-13,7.126918652e-13,3.169994205e-14
128.9921875,3.300608665e-13,3.07894501e-13,1.364852814e-12,2.029868988e-13,2.466279886e-13,7.019014851e-14,2.690603227e-14,6.693750088e-14,2.422885297e-14,4.857060917e-13,4.084163364e-13,2.29530506e-13,2.381692027e-13,3.375503523e-13,3.157138488e-13,2.960388757e-13,1.972214328e-13,1.100542138e-13,7.209903355e-14,1.029286066e-13,2.437594141e-13,4.677160953e-14,6.269675668e-14,1.74811158e-13,3.758442688e-14,1.702284146e-13,8.282855822e-13,8.472070988e-14,6.260379271e-13,1.048106935e-13,7.144481459e-13,3.136789647e-14
129,3.329220631e-13,3.099652424e-13,1.375299586e-12,2.033952095e-13,2.500801021e-13,7.059473689e-14,2.734076587e-14,6.695488823e-14,2.437712107e-14,4.899195702e-13,4.106771813e-13,2.314213903e-13,2.39216478e-13,3.404598886e-13,3.190177777e-13,2.995290439e-13,1.993855779e-13,1.10970838e-13,7.268048896e-14,1.032292654e-13,2.459502735e-13,4.69956898e-14,6.308607186e-14,1.762683503e-13,3.779634976e-14,1.683543167e-13,8.310348177e-13,8.581518628e-14,6.313886777e-13,1.045918025e-13,7.159107469e-13,3.106382082e-14
129.0078125,3.358579333e-13,3.117122915e-13,1.38555933e-12,2.038887252e-13,2.53669421e-13,7.113932884e-14,2.777580334e-14,6.696152441e-14,2.455170555e-14,4.939471988e-13,4.129403859e-13,2.332704949e-13,2.403131518e-13,3.432712596e-13,3.221412802e-13,3.02921698e-13,2.014741324e-13,1.118962498e-13,7.327481497e-14,1.036166126e-13,2.481283145e-13,4.721885194e-14,6.345731964e-14,1.775907698e-13,3.798563357e-14,1.664609413e-13,8.337535336e-13,8.708479697e-14,6.367566844e-13,1.043436232e-13,7.17029384e-13,3.077792344e-14
129.015625,3.384845249e-13,3.131675159e-13,1.395589572e-12,2.043885163e-13,2.573305982e-13,7.174620777e-14,2.820556675e-14,6.698282737e-14,2.474217166e-14,4.978800282e-13,4.151320259e-13,2.351176339e-13,2.414255866e-13,3.459979275e-13,3.25210745e-13,3.063634256e-13,2.036459859e-13,1.129277245e-13,7.390355155e-14,1.040512727e-13,2.502163067e-13,4.744684996e-14,6.381955408e-14,1.787886296e-13,3.815723781e-14,1.644644085e-13,8.363477412e-13,8.84089785e-14,6.419596802e-13,1.040824174e-13,7.179348098e-13,3.049281458e-14
129.0234375,3.404192849e-13,3.145506088e-13,1.405099265e-12,2.047626839e-13,2.607467997e-13,7.225518478e-14,2.862135186e-14,6.70418081e-14,2.491519619e-14,5.016177617e-13,4.170223774e-13,2.36839306e-13,2.423754838e-13,3.484129592e-13,3.281476994e-13,3.098651952e-13,2.058908719e-13,1.139498064e-13,7.445277779e-14,1.045041003e-13,2.521295733e-13,4.762865631e-14,6.422227583e-14,1.79993418e-13,3.832486622e-14,1.623887273e-13,8.38944864e-13,8.960517925e-14,6.469720057e-13,1.037927247e-13,7.18485816e-13,3.021873619e-14
129.03125,3.421938613e-13,3.159495563e-13,1.414164141e-12,2.050579269e-13,2.640123975e-13,7.271838751e-14,2.9027686e-14,6.712777272e-14,2.508185312e-14,5.050949587e-13,4.186950635e-13,2.384597571e-13,2.432243564e-13,3.505892761e-13,3.310124595e-13,3.135632994e-13,2.082525568e-13,1.149714726e-13,7.494648418e-14,1.050145687e-13,2.539839149e-13,4.775723231e-14,6.463998695e-14,1.812147106e-13,3.849829089e-14,1.603573733e-13,8.417093291e-13,9.081220365e-14,6.520325348e-13,1.034628622e-13,7.186376818e-13,2.997767382e-14
129.0390625,3.442850525e-13,3.172653517e-13,1.423161273e-12,2.054933568e-13,2.675748171e-13,7.32850506e-14,2.943773475e-14,6.723345415e-14,2.527110699e-14,5.08394539e-13,4.203941499e-13,2.401109461e-13,2.441519061e-13,3.528426296e-13,3.338604664e-13,3.174494721e-13,2.107567531e-13,1.16120084e-13,7.55094618e-14,1.056228786e-13,2.55888575e-13,4.788564343e-14,6.501853899e-14,1.823547969e-13,3.867130939e-14,1.583528037e-13,8.444328466e-13,9.216358513e-14,6.571881084e-13,1.031237321e-13,7.186158972e-13,2.975766801e-14
129.046875,3.464254291e-13,3.183635308e-13,1.432100154e-12,2.059070429e-13,2.713890352e-13,7.390494283e-14,2.985319371e-14,6.735857549e-14,2.54727156e-14,5.115890185e-13,4.221014906e-13,2.417547418e-13,2.450883346e-13,3.55127687e-13,3.364399779e-13,3.211866327e-13,2.132416386e-13,1.173101101e-13,7.60899203e-14,1.062443776e-13,2.577469644e-13,4.801813026e-14,6.537526493e-14,1.834462761e-13,3.881951532e-14,1.562648953e-13,8.468773649e-13,9.356687251e-14,6.622452263e-13,1.027939658e-13,7.184389564e-13,2.953893823e-14
129.0546875,3.48353674e-13,3.192239162e-13,1.440745704e-12,2.059928184e-13,2.751038267e-13,7.447918375e-14,3.025724143e-14,6.751426491e-14,2.565880517e-14,5.146957421e-13,4.236740046e-13,2.433106916e-13,2.459294664e-13,3.57217526e-13,3.387383792e-13,3.247796003e-13,2.157013512e-13,1.184595108e-13,7.661957322e-14,1.068462914e-13,2.594883027e-13,4.811474291e-14,6.573001669e-14,1.845519438e-13,3.894262748e-14,1.541347518e-13,8.49294929e-13,9.499641122e-14,6.671691685e-13,1.02454425e-13,7.179313473e-13,2.933282342e-14
129.0625,3.500283301e-13,3.198730359e-13,1.448975666e-12,2.060409626e-13,2.787164038e-13,7.505771162e-14,3.064020569e-14,6.769941145e-14,2.582486001e-14,5.176375871e-13,4.250827039e-13,2.447933563e-13,2.467072236e-13,3.590832722e-13,3.410310667e-13,3.284403481e-13,2.182074066e-13,1.196281282e-13,7.714478084e-14,1.074734882e-13,2.611488268e-13,4.817098346e-14,6.60724926e-14,1.855628062e-13,3.90656834e-14,1.520545904e-13,8.518688988e-13,9.64515382e-14,6.720471082e-13,1.020777998e-13,7.170470897e-13,2.914631086e-14
129.0703125,3.514305725e-13,3.203386399e-13,1.456716106e-12,2.063874744e-13,2.823827481e-13,7.567261938e-14,3.101452808e-14,6.787167935e-14,2.600259824e-14,5.203003148e-13,4.263283868e-13,2.462260693e-13,2.474003971e-13,3.608529553e-13,3.432221197e-13,3.319408734e-13,2.206331468e-13,1.207786089e-13,7.764464699e-14,1.081140624e-13,2.627643588e-13,4.821722354e-14,6.643137236e-14,1.864479257e-13,3.917947937e-14,1.499783387e-13,8.542980329e-13,9.784448565e-14,6.768575465e-13,1.016588883e-13,7.158397397e-13,2.896103915e-14
129.078125,3.526866641e-13,3.207101458e-13,1.463987905e-12,2.067739173e-13,2.861168271e-13,7.62916815e-14,3.139797859e-14,6.802508069e-14,2.621821776e-14,5.227479948e-13,4.274175453e-13,2.476285727e-13,2.480048785e-13,3.626630608e-13,3.451417529e-13,3.351771428e-13,2.229846072e-13,1.218807249e-13,7.808641023e-14,1.088375291e-13,2.644009956e-13,4.826586772e-14,6.682166068e-14,1.873329894e-13,3.926296515e-14,1.478666212e-13,8.565012385e-13,9.924451802e-14,6.815961408e-13,1.01227123e-13,7.143477263e-13,2.878035437e-14
129.0859375,3.53925365e-13,3.209528696e-13,1.470995397e-12,2.070105624e-13,2.898896715e-13,7.696013537e-14,3.180053763e-14,6.822710798e-14,2.644027595e-14,5.250769472e-13,4.284217905e-13,2.49000945e-13,2.486146286e-13,3.644601056e-13,3.470035724e-13,3.385207967e-13,2.254562821e-13,1.230481888e-13,7.854620621e-14,1.097474219e-13,2.660610087e-13,4.828542978e-14,6.719692966e-14,1.881852973e-13,3.934322178e-14,1.458054622e-13,8.587831391e-13,1.007676689e-13,6.863687255e-13,1.008107029e-13,7.125556522e-13,2.86352969e-14
129.09375,3.551506042e-13,3.209715319e-13,1.477975278e-12,2.072736028e-13,2.937549175e-13,7.771932444e-14,3.220324511e-14,6.850524499e-14,2.665712938e-14,5.271575368e-13,4.293831741e-13,2.503441312e-13,2.49256003e-13,3.661728329e-13,3.489154886e-13,3.421075713e-13,2.281089547e-13,1.243379301e-13,7.906682018e-14,1.107916276e-13,2.676452158e-13,4.826349282e-14,6.755021594e-14,1.889563285e-13,3.94448603e-14,1.438378083e-13,8.612186591e-13,1.023118633e-13,6.912775073e-13,1.003974325e-13,7.105236562e-13,2.852565917e-14
129.1015625,3.562653881e-13,3.209764109e-13,1.484961519e-12,2.076060111e-13,2.978208322e-13,7.850328673e-14,3.255978925e-14,6.881796556e-14,2.693122395e-14,5.288823541e-13,4.30260314e-13,2.517146366e-13,2.498919384e-13,3.679388559e-13,3.507039957e-13,3.457519165e-13,2.309145601e-13,1.257025964e-13,7.960914824e-14,1.119273736e-13,2.691476935e-13,4.825040457e-14,6.791898323e-14,1.897960848e-13,3.953743846e-14,1.418787904e-13,8.636746472e-13,1.037935163e-13,6.963536957e-13,9.996405066e-14,7.084411405e-13,2.842009051e-14
129.109375,3.570938317e-13,3.210766876e-13,1.491679773e-12,2.078880981e-13,3.019431114e-13,7.924098691e-14,3.287357208e-14,6.914630876e-14,2.724624031e-14,5.303790637e-13,4.310353145e-13,2.530569659e-13,2.504485481e-13,3.695947503e-13,3.522567461e-13,3.49334182e-13,2.337691845e-13,1.270752233e-13,8.013358584e-14,1.131168512e-13,2.705765715e-13,4.824651877e-14,6.828068396e-14,1.906899095e-13,3.959733091e-14,1.398721403e-13,8.660759874e-13,1.052815138e-13,7.014618253e-13,9.951559595e-14,7.062012862e-13,2.831662415e-14
129.1171875,3.577076043e-13,3.208949738e-13,1.498005384e-12,2.080686315e-13,3.057852615e-13,7.995212291e-14,3.320354856e-14,6.949905993e-14,2.749624575e-14,5.317854715e-13,4.317755586e-13,2.54256938e-13,2.508337278e-13,3.707460763e-13,3.535547997e-13,3.527811284e-13,2.364864413e-13,1.283853594e-13,8.061609426e-14,1.142339175e-13,2.71869215e-13,4.818411989e-14,6.858754067e-14,1.914424476e-13,3.96463114e-14,1.378849738e-13,8.683857645e-13,1.067980384e-13,7.064052686e-13,9.907047966e-14,7.034841097e-13,2.823575664e-14
129.125,3.582740015e-13,3.203319956e-13,1.504374022e-12,2.082414566e-13,3.095081473e-13,8.073310164e-14,3.354891073e-14,6.988417187e-14,2.771392844e-14,5.331188239e-13,4.325513372e-13,2.554838665e-13,2.511726382e-13,3.7169242e-13,3.546890378e-13,3.561251576e-13,2.39053418e-13,1.296389698e-13,8.108116232e-14,1.153797677e-13,2.731253373e-13,4.809625512e-14,6.886674631e-14,1.921004811e-13,3.969236246e-14,1.359732191e-13,8.707282276e-13,1.083025072e-13,7.113331656e-13,9.862593494e-14,7.005242948e-13,2.817006671e-14
129.1328125,3.585692823e-13,3.197648298e-13,1.511041423e-12,2.085585996e-13,3.135801237e-13,8.162077968e-14,3.385901614e-14,7.032213825e-14,2.801630203e-14,5.343375752e-13,4.333275393e-13,2.569286807e-13,2.516673718e-13,3.729506495e-13,3.557798624e-13,3.59415995e-13,2.415402928e-13,1.308848623e-13,8.15647985e-14,1.167652879e-13,2.744721183e-13,4.806568015e-14,6.919239833e-14,1.927991773e-13,3.971208532e-14,1.340753815e-13,8.732367901e-13,1.097591643e-13,7.165587775e-13,9.816107343e-14,6.977528251e-13,2.810802181e-14
129.140625,3.585187875e-13,3.192254806e-13,1.517514097e-12,2.089029558e-13,3.178545761e-13,8.250190187e-14,3.414089052e-14,7.081311446e-14,2.836303341e-14,5.353775305e-13,4.339923099e-13,2.583822524e-13,2.521896238e-13,3.742050747e-13,3.566809337e-13,3.624739359e-13,2.438786635e-13,1.320921853e-13,8.20326762e-14,1.182630628e-13,2.758068277e-13,4.803640399e-14,6.957911736e-14,1.934869272e-13,3.970506242e-14,1.321492791e-13,8.757142874e-13,1.11199247e-13,7.219354736e-13,9.767555362e-14,6.949111678e-13,2.806807075e-14
129.1484375,3.584348613e-13,3.184749603e-13,1.523433755e-12,2.090652389e-13,3.219319868e-13,8.329861164e-14,3.441496132e-14,7.132720073e-14,2.867326034e-14,5.362145202e-13,4.344963303e-13,2.596459317e-13,2.525554574e-13,3.750365378e-13,3.571982773e-13,3.652044814e-13,2.460450906e-13,1.332411841e-13,8.246811563e-14,1.197209014e-13,2.77072921e-13,4.793314598e-14,6.995887171e-14,1.941115276e-13,3.969286809e-14,1.302637996e-13,8.779832731e-13,1.127354381e-13,7.271902258e-13,9.718958168e-14,6.916395332e-13,2.806021551e-14
129.15625,3.581869809e-13,3.175033615e-13,1.529083617e-12,2.091543241e-13,3.259300521e-13,8.406377892e-14,3.466539822e-14,7.186044484e-14,2.900012307e-14,5.368400352e-13,4.34878765e-13,2.608632354e-13,2.528727308e-13,3.757004146e-13,3.574310355e-13,3.678157412e-13,2.481544139e-13,1.34406553e-13,8.290648968e-14,1.211975039e-13,2.783278888e-13,4.780351526e-14,7.029011041e-14,1.946409536e-13,3.968174633e-14,1.284542997e-13,8.802591341e-13,1.14323513e-13,7.325539078e-13,9.670463101e-14,6.881143215e-13,2.807720977e-14
129.1640625,3.575304355e-13,3.163055402e-13,1.534772431e-12,2.091948208e-13,3.299872087e-13,8.482760789e-14,3.491437191e-14,7.24248531e-14,2.937470742e-14,5.371974285e-13,4.351845034e-13,2.621490614e-13,2.532219997e-13,3.764271489e-13,3.575212707e-13,3.705239982e-13,2.503702542e-13,1.356491153e-13,8.332450318e-14,1.226543725e-13,2.794809463e-13,4.767625778e-14,7.061885105e-14,1.950189346e-13,3.967991789e-14,1.266929362e-13,8.827690392e-13,1.158050795e-13,7.382608996e-13,9.621549311e-14,6.844826662e-13,2.813104241e-14
129.171875,3.56861866e-13,3.148241334e-13,1.540662867e-12,2.089737316e-13,3.339787003e-13,8.563573521e-14,3.519570565e-14,7.301441861e-14,2.973896087e-14,5.373016263e-13,4.354644367e-13,2.635003189e-13,2.535415498e-13,3.770948487e-13,3.574647716e-13,3.734239515e-13,2.527980016e-13,1.36963133e-13,8.369465885e-14,1.241407569e-13,2.804966012e-13,4.752145588e-14,7.098021418e-14,1.953890831e-13,3.969956428e-14,1.250182813e-13,8.854371779e-13,1.172600593e-13,7.441565908e-13,9.573919738e-14,6.807782828e-13,2.822563939e-14
129.1796875,3.563370163e-13,3.130705269e-13,1.546779834e-12,2.085786579e-13,3.379863864e-13,8.654999408e-14,3.547611719e-14,7.363050721e-14,3.009142582e-14,5.372516728e-13,4.357770159e-13,2.649614807e-13,2.538358326e-13,3.776278333e-13,3.572211288e-13,3.763806529e-13,2.552562121e-13,1.382852445e-13,8.404386499e-14,1.258408354e-13,2.815410182e-13,4.735850161e-14,7.134854879e-14,1.95939872e-13,3.97220846e-14,1.23460129e-13,8.880920117e-13,1.187979174e-13,7.50234487e-13,9.528209687e-14,6.771986372e-13,2.833564736e-14
129.1875,3.554618713e-13,3.110420491e-13,1.552706934e-12,2.081845204e-13,3.420531149e-13,8.743889135e-14,3.571969102e-14,7.426832265e-14,3.045873458e-14,5.370557457e-13,4.361015566e-13,2.66430046e-13,2.540599506e-13,3.779616347e-13,3.567435288e-13,3.790756064e-13,2.574594084e-13,1.394951301e-13,8.435425249e-14,1.276050418e-13,2.826557283e-13,4.719416432e-14,7.170362099e-14,1.965194257e-13,3.972440218e-14,1.219269382e-13,8.906714248e-13,1.203047784e-13,7.565671325e-13,9.481839185e-14,6.735936834e-13,2.845951117e-14
129.1953125,3.54176941e-13,3.089609042e-13,1.558115705e-12,2.076535083e-13,3.45974838e-13,8.81823224e-14,3.593335003e-14,7.489373492e-14,3.08140566e-14,5.366900178e-13,4.363378631e-13,2.677129506e-13,2.541305438e-13,3.780461121e-13,3.560701085e-13,3.815078453e-13,2.594612951e-13,1.405452418e-13,8.462832315e-14,1.29264193e-13,2.837411881e-13,4.698362724e-14,7.203610307e-14,1.968844238e-13,3.971121109e-14,1.203447897e-13,8.931610118e-13,1.217612926e-13,7.628519729e-13,9.43270112e-14,6.695438995e-13,2.861498527e-14
129.203125,3.529191177e-13,3.071118217e-13,1.563284549e-12,2.069648345e-13,3.498304601e-13,8.894965797e-14,3.612973437e-14,7.550578108e-14,3.116759098e-14,5.361842101e-13,4.364021337e-13,2.688932413e-13,2.541454526e-13,3.780573598e-13,3.553334774e-13,3.839460772e-13,2.614486164e-13,1.415451212e-13,8.495976782e-14,1.310183534e-13,2.847810846e-13,4.674446241e-14,7.233838476e-14,1.971098822e-13,3.968782503e-14,1.187622272e-13,8.95513999e-13,1.232432921e-13,7.689318002e-13,9.381365611e-14,6.651705916e-13,2.879272625e-14
129.2109375,3.517546516e-13,3.052509075e-13,1.568370176e-12,2.063591436e-13,3.538006186e-13,8.98498015e-14,3.633861529e-14,7.615408552e-14,3.157206978e-14,5.354590744e-13,4.362838108e-13,2.701465861e-13,2.542040875e-13,3.781364135e-13,3.545557476e-13,3.86416836e-13,2.634177345e-13,1.425668106e-13,8.53424047e-14,1.329353988e-13,2.857668535e-13,4.653056302e-14,7.264508147e-14,1.973755831e-13,3.966412555e-14,1.172521837e-13,8.977715281e-13,1.246958723e-13,7.751057423e-13,9.329890193e-14,6.608203068e-13,2.899424279e-14
129.21875,3.505222471e-13,3.030775859e-13,1.573212914e-12,2.059167634e-13,3.577498817e-13,9.074734873e-14,3.658034147e-14,7.685954402e-14,3.20145754e-14,5.34394627e-13,4.360678561e-13,2.714054169e-13,2.542411659e-13,3.781866145e-13,3.536348256e-13,3.887882258e-13,2.653348298e-13,1.435485903e-13,8.56776838e-14,1.348752637e-13,2.86656835e-13,4.632912317e-14,7.299168301e-14,1.976519328e-13,3.966117223e-14,1.158253583e-13,9.000272709e-13,1.261305534e-13,7.814748954e-13,9.280266603e-14,6.563960637e-13,2.924353218e-14
129.2265625,3.492042421e-13,3.007892709e-13,1.578017114e-12,2.054875846e-13,3.616661533e-13,9.161960726e-14,3.681180579e-14,7.760542551e-14,3.24550565e-14,5.330362794e-13,4.358715227e-13,2.726028272e-13,2.542225204e-13,3.781275161e-13,3.524518587e-13,3.909217335e-13,2.671497334e-13,1.444948726e-13,8.60006998e-14,1.368305206e-13,2.87489948e-13,4.611567352e-14,7.335929148e-14,1.978460518e-13,3.966304894e-14,1.144300661e-13,9.021752088e-13,1.275831467e-13,7.878788099e-13,9.231839749e-14,6.517918238e-13,2.952272199e-14
129.234375,3.47669119e-13,2.984676734e-13,1.582973398e-12,2.049478591e-13,3.656680714e-13,9.256069833e-14,3.699474502e-14,7.838986521e-14,3.290616219e-14,5.314219419e-13,4.35737179e-13,2.73870754e-13,2.541868723e-13,3.779703885e-13,3.50948469e-13,3.926988041e-13,2.687595696e-13,1.45484588e-13,8.638658262e-14,1.387886413e-13,2.883451112e-13,4.590474782e-14,7.372060209e-14,1.979807646e-13,3.964051439e-14,1.130318066e-13,9.041475348e-13,1.289323835e-13,7.944250148e-13,9.180641825e-14,6.472319192e-13,2.979693096e-14
129.2421875,3.458675865e-13,2.959626505e-13,1.58777366e-12,2.043635143e-13,3.696269638e-13,9.354327819e-14,3.715195013e-14,7.920877892e-14,3.338652552e-14,5.295223939e-13,4.3567397e-13,2.752663676e-13,2.541448782e-13,3.777519598e-13,3.49294303e-13,3.943516209e-13,2.7026709e-13,1.465060633e-13,8.680829822e-14,1.407425599e-13,2.892293584e-13,4.569896936e-14,7.406553947e-14,1.980742039e-13,3.961872953e-14,1.116935906e-13,9.062034592e-13,1.302107334e-13,8.013319159e-13,9.125489553e-14,6.427906496e-13,3.007863204e-14
129.25,3.441520852e-13,2.934648553e-13,1.592262069e-12,2.038261963e-13,3.735073854e-13,9.452352217e-14,3.731522123e-14,8.004692116e-14,3.388554466e-14,5.27458865e-13,4.356675927e-13,2.766649428e-13,2.540915016e-13,3.775327586e-13,3.477431226e-13,3.962353286e-13,2.71901814e-13,1.475351567e-13,8.725425984e-14,1.427489838e-13,2.900554718e-13,4.54839618e-14,7.439345323e-14,1.980860453e-13,3.962845224e-14,1.104724385e-13,9.084144575e-13,1.315857757e-13,8.085555177e-13,9.071442374e-14,6.382198247e-13,3.039204258e-14
129.2578125,3.426129579e-13,2.911872473e-13,1.596573553e-12,2.032569675e-13,3.774171268e-13,9.55306445e-14,3.749939547e-14,8.093567042e-14,3.440420013e-14,5.252884648e-13,4.35576362e-13,2.780087615e-13,2.540145588e-13,3.772587217e-13,3.46260128e-13,3.982679525e-13,2.736554614e-13,1.485770484e-13,8.772149308e-14,1.44780492e-13,2.90742625e-13,4.526432304e-14,7.473171278e-14,1.980691981e-13,3.96581272e-14,1.093078307e-13,9.10477132e-13,1.32959195e-13,8.159206777e-13,9.020335793e-14,6.33428612e-13,3.074049043e-14
129.265625,3.408637014e-13,2.889230698e-13,1.60073997e-12,2.02610088e-13,3.813371087e-13,9.657439496e-14,3.76943741e-14,8.192696196e-14,3.496246527e-14,5.22835352e-13,4.35310356e-13,2.793908546e-13,2.539324697e-13,3.768729403e-13,3.446619588e-13,4.002446658e-13,2.753782111e-13,1.495813907e-13,8.817154836e-14,1.469557932e-13,2.913367437e-13,4.506011762e-14,7.509282753e-14,1.98145357e-13,3.970843717e-14,1.081467559e-13,9.123676107e-13,1.341683365e-13,8.233504911e-13,8.966037322e-14,6.287039114e-13,3.112536429e-14
129.2734375,3.389154547e-13,2.86393597e-13,1.604958444e-12,2.019490224e-13,3.854151515e-13,9.764414704e-14,3.786566775e-14,8.299499131e-14,3.556230166e-14,5.201472291e-13,4.35017299e-13,2.808663703e-13,2.538876247e-13,3.76550786e-13,3.429009117e-13,4.021548872e-13,2.77061705e-13,1.505513414e-13,8.864546124e-14,1.494199616e-13,2.919188274e-13,4.487865785e-14,7.543988969e-14,1.983137729e-13,3.978854481e-14,1.070229341e-13,9.143258069e-13,1.352776989e-13,8.309357937e-13,8.906714669e-14,6.241958333e-13,3.153525805e-14
129.28125,3.369866961e-13,2.835403279e-13,1.609438952e-12,2.012624621e-13,3.897173883e-13,9.871966211e-14,3.801402634e-14,8.407018481e-14,3.617583919e-14,5.17493114e-13,4.347940993e-13,2.823741624e-13,2.538312347e-13,3.763261493e-13,3.40950045e-13,4.039205093e-13,2.787378184e-13,1.515068835e-13,8.917398439e-14,1.518985038e-13,2.925004024e-13,4.469569276e-14,7.577036711e-14,1.984746487e-13,3.986823575e-14,1.059403629e-13,9.163446397e-13,1.363953138e-13,8.388331862e-13,8.847804999e-14,6.196149564e-13,3.194461398e-14
129.2890625,3.348486993e-13,2.805785098e-13,1.613891404e-12,2.005447729e-13,3.938198284e-13,9.976004757e-14,3.816492303e-14,8.514518851e-14,3.678408401e-14,5.148031124e-13,4.345589775e-13,2.838743999e-13,2.536900374e-13,3.75913705e-13,3.388008382e-13,4.055088368e-13,2.803331777e-13,1.523469297e-13,8.968116774e-14,1.541813141e-13,2.931132188e-13,4.448597346e-14,7.613401049e-14,1.985909286e-13,3.992412422e-14,1.048720259e-13,9.183737908e-13,1.375860796e-13,8.470099343e-13,8.789745803e-14,6.148082969e-13,3.234355611e-14
129.296875,3.326161275e-13,2.778622081e-13,1.618052049e-12,1.997646635e-13,3.975960925e-13,1.007378079e-13,3.830622703e-14,8.624826258e-14,3.74119477e-14,5.118570049e-13,4.342981038e-13,2.85393317e-13,2.53472646e-13,3.752939942e-13,3.365630598e-13,4.070227191e-13,2.8177548e-13,1.530965849e-13,9.01787944e-14,1.564227882e-13,2.93741581e-13,4.426794113e-14,7.65341582e-14,1.987039204e-13,3.997335822e-14,1.038497237e-13,9.204475624e-13,1.388333684e-13,8.552358707e-13,8.729571059e-14,6.099949278e-13,3.274951678e-14
129.3046875,3.307455939e-13,2.753208136e-13,1.622141234e-12,1.988267617e-13,4.014355664e-13,1.016751843e-13,3.844185853e-14,8.737044572e-14,3.80901314e-14,5.087446514e-13,4.340197973e-13,2.869228886e-13,2.532051135e-13,3.747466217e-13,3.342886724e-13,4.084255487e-13,2.830653283e-13,1.539199082e-13,9.074054828e-14,1.586433124e-13,2.942193921e-13,4.407874487e-14,7.693013184e-14,1.988433616e-13,4.00362925e-14,1.029065341e-13,9.224176744e-13,1.39959277e-13,8.634708168e-13,8.668596759e-14,6.052865962e-13,3.320343529e-14
129.3125,3.288547872e-13,2.724795574e-13,1.626359666e-12,1.978895685e-13,4.053632375e-13,1.026755353e-13,3.861547553e-14,8.849760659e-14,3.880488753e-14,5.055718072e-13,4.336793695e-13,2.884503126e-13,2.52957093e-13,3.743003081e-13,3.319386946e-13,4.097311676e-13,2.842845584e-13,1.547545383e-13,9.13229821e-14,1.609018256e-13,2.945087816e-13,4.392731813e-14,7.730904265e-14,1.989774959e-13,4.013275339e-14,1.020279886e-13,9.242532932e-13,1.409041882e-13,8.720369471e-13,8.606451657e-14,6.006911095e-13,3.372255168e-14
129.3203125,3.264930464e-13,2.693190416e-13,1.630599862e-12,1.971283953e-13,4.091443842e-13,1.038004716e-13,3.882366383e-14,8.965197347e-14,3.952096681e-14,5.022255188e-13,4.333109193e-13,2.900013004e-13,2.527775124e-13,3.737897224e-13,3.29510566e-13,4.110969227e-13,2.855764508e-13,1.554588308e-13,9.190519636e-14,1.633942548e-13,2.947935316e-13,4.379215947e-14,7.768014613e-14,1.990604545e-13,4.027659687e-14,1.012165432e-13,9.262112609e-13,1.418360691e-13,8.811383476e-13,8.540974939e-14,5.962035496e-13,3.426061513e-14
129.328125,3.241068041e-13,2.662192314e-13,1.634728383e-12,1.963499418e-13,4.128071085e-13,1.04917782e-13,3.902750003e-14,9.086025361e-14,4.02270123e-14,4.986791765e-13,4.329265714e-13,2.915544883e-13,2.525344053e-13,3.731426427e-13,3.269555309e-13,4.124165108e-13,2.868956715e-13,1.560654258e-13,9.252320468e-14,1.659223492e-13,2.951018528e-13,4.364696203e-14,7.805802421e-14,1.991106719e-13,4.044764799e-14,1.004887301e-13,9.282443477e-13,1.427667272e-13,8.905391795e-13,8.47503587e-14,5.916230362e-13,3.479305772e-14
129.3359375,3.218396108e-13,2.63127839e-13,1.638906557e-12,1.95446964e-13,4.164348158e-13,1.059108616e-13,3.921507012e-14,9.213692246e-14,4.094806996e-14,4.950740276e-13,4.325588441e-13,2.931171828e-13,2.521635053e-13,3.723961658e-13,3.24233213e-13,4.135142935e-13,2.879793199e-13,1.566040231e-13,9.312237352e-14,1.682565754e-13,2.953083559e-13,4.349163106e-14,7.844605823e-14,1.991684918e-13,4.062361508e-14,9.982050362e-14,9.300196585e-13,1.435475188e-13,9.000813079e-13,8.410700739e-14,5.869794612e-13,3.535940763e-14
129.34375,3.193549045e-13,2.598861948e-13,1.643301109e-12,1.945427263e-13,4.200643952e-13,1.068642329e-13,3.938257795e-14,9.35121184e-14,4.17188014e-14,4.914587258e-13,4.323655851e-13,2.947711855e-13,2.517925677e-13,3.716734124e-13,3.214996473e-13,4.145398326e-13,2.88798476e-13,1.571028014e-13,9.369625202e-14,1.705646769e-13,2.954522871e-13,4.334045476e-14,7.880512341e-14,1.991973858e-13,4.080508081e-14,9.917774909e-14,9.315886494e-13,1.442172381e-13,9.09884023e-13,8.345297766e-14,5.825272972e-13,3.595332775e-14
129.3515625,3.168788106e-13,2.568243671e-13,1.64749081e-12,1.937386279e-13,4.236367927e-13,1.078729047e-13,3.954312367e-14,9.500686626e-14,4.252967897e-14,4.876914196e-13,4.32236676e-13,2.964446981e-13,2.514161788e-13,3.710026879e-13,3.189272856e-13,4.156348791e-13,2.895594794e-13,1.576065304e-13,9.43298678e-14,1.729128386e-13,2.955848547e-13,4.319438773e-14,7.912336643e-14,1.991352436e-13,4.0990724e-14,9.856453903e-14,9.332181923e-13,1.448730355e-13,9.198479227e-13,8.277105379e-14,5.780571115e-13,3.652888654e-14
129.359375,3.146288777e-13,2.540621145e-13,1.651242218e-12,1.932459354e-13,4.270142043e-13,1.089713064e-13,3.972561654e-14,9.656503798e-14,4.334594636e-14,4.83669094e-13,4.319395482e-13,2.980178001e-13,2.510151805e-13,3.703235136e-13,3.164511679e-13,4.16724388e-13,2.902682527e-13,1.580289101e-13,9.498955774e-14,1.75257909e-13,2.956374656e-13,4.307474718e-14,7.94733922e-14,1.990218924e-13,4.118501265e-14,9.799552284e-14,9.348650256e-13,1.454475136e-13,9.299197726e-13,8.205122065e-14,5.734764601e-13,3.71086034e-14
129.3671875,3.123912579e-13,2.511690094e-13,1.65528339e-12,1.929781599e-13,4.303748045e-13,1.101471025e-13,3.991683439e-14,9.808772474e-14,4.416968857e-14,4.795277293e-13,4.316947952e-13,2.995983499e-13,2.507305926e-13,3.69701118e-13,3.13841545e-13,4.177208988e-13,2.908610132e-13,1.583586112e-13,9.559994156e-14,1.776732355e-13,2.956675224e-13,4.299883612e-14,7.989040505e-14,1.989317584e-13,4.139957871e-14,9.746594291e-14,9.364094977e-13,1.459089018e-13,9.404102502e-13,8.129451478e-14,5.691898805e-13,3.772752904e-14
129.375,3.101961068e-13,2.479949828e-13,1.659973228e-12,1.924222126e-13,4.33870494e-13,1.112666607e-13,4.010579403e-14,9.954444024e-14,4.498815648e-14,4.754016404e-13,4.316681806e-13,3.012366127e-13,2.504668475e-13,3.690715519e-13,3.109754458e-13,4.185999848e-13,2.914535268e-13,1.587221363e-13,9.620013665e-14,1.800759376e-13,2.957350942e-13,4.290598539e-14,8.031769163e-14,1.988150001e-13,4.16324124e-14,9.699414114e-14,9.379268626e-13,1.463416792e-13,9.512502611e-13,8.054725813e-14,5.649942465e-13,3.837042514e-14
129.3828125,3.080464331e-13,2.447551939e-13,1.664924855e-12,1.916768868e-13,4.371702084e-13,1.123518348e-13,4.032430723e-14,1.00988933e-13,4.575978408e-14,4.712134213e-13,4.316583203e-13,3.028391019e-13,2.500616763e-13,3.682758691e-13,3.080821659e-13,4.195211872e-13,2.921532108e-13,1.59116419e-13,9.685354195e-14,1.823516866e-13,2.957002269e-13,4.277178011e-14,8.07347459e-14,1.986338825e-13,4.189346582e-14,9.662481876e-14,9.394837163e-13,1.46748497e-13,9.621794773e-13,7.983516451e-14,5.605434501e-13,3.903063902e-14
129.390625,3.057726227e-13,2.415389829e-13,1.670159376e-12,1.912312625e-13,4.40187172e-13,1.136038518e-13,4.055315103e-14,1.02501905e-13,4.654220195e-14,4.669351848e-13,4.317432482e-13,3.045233592e-13,2.497179028e-13,3.675579079e-13,3.054769566e-13,4.206773848e-13,2.92951979e-13,1.595198781e-13,9.758916497e-14,1.845262202e-13,2.955545636e-13,4.269250861e-14,8.117775549e-14,1.985216314e-13,4.219725662e-14,9.634246739e-14,9.410960542e-13,1.470597508e-13,9.735705737e-13,7.912150562e-14,5.56407267e-13,3.970888401e-14
129.3984375,3.036060157e-13,2.384515156e-13,1.675411145e-12,1.90894888e-13,4.432062274e-13,1.148508853e-13,4.074813466e-14,1.041318651e-13,4.742800763e-14,4.626716982e-13,4.319827294e-13,3.063301566e-13,2.494773143e-13,3.67098278e-13,3.030344877e-13,4.21906926e-13,2.937385152e-13,1.59949635e-13,9.837279507e-14,1.866262133e-13,2.954529568e-13,4.268492482e-14,8.16541338e-14,1.984924322e-13,4.252876919e-14,9.610273033e-14,9.428105502e-13,1.472786625e-13,9.855183934e-13,7.8386775e-14,5.52706419e-13,4.041174107e-14
129.40625,3.0166382e-13,2.354622361e-13,1.68019369e-12,1.904276891e-13,4.461439705e-13,1.158587282e-13,4.096333922e-14,1.058295768e-13,4.835581135e-14,4.584654404e-13,4.321137945e-13,3.080263908e-13,2.491171449e-13,3.665740682e-13,3.005124446e-13,4.231025596e-13,2.944665203e-13,1.603135637e-13,9.91320637e-14,1.888084747e-13,2.953432062e-13,4.264889088e-14,8.215564073e-14,1.983693208e-13,4.29027671e-14,9.594594095e-14,9.445682514e-13,1.474708673e-13,9.975042921e-13,7.765525399e-14,5.487889253e-13,4.118585794e-14
129.4140625,2.996156366e-13,2.322785329e-13,1.685350975e-12,1.900033251e-13,4.48896036e-13,1.16978632e-13,4.126096233e-14,1.075122588e-13,4.92395364e-14,4.543101419e-13,4.323045433e-13,3.096827038e-13,2.48819552e-13,3.659246023e-13,2.980898635e-13,4.245567649e-13,2.9538024e-13,1.60639324e-13,9.992378796e-14,1.911341542e-13,2.951125419e-13,4.259874979e-14,8.268639714e-14,1.982299169e-13,4.337382809e-14,9.58985739e-14,9.462355081e-13,1.476685754e-13,1.00972925e-12,7.69289111e-14,5.448936275e-13,4.20284049e-14
129.421875,2.974912051e-13,2.290632716e-13,1.691042954e-12,1.895946246e-13,4.516532949e-13,1.183332801e-13,4.159009975e-14,1.091967158e-13,5.012765659e-14,4.500723001e-13,4.326917007e-13,3.114639782e-13,2.487268373e-13,3.653681439e-13,2.958632946e-13,4.262292257e-13,2.96513151e-13,1.609995182e-13,1.008091285e-13,1.933306248e-13,2.947809781e-13,4.260621137e-14,8.325445951e-14,1.982567027e-13,4.392679915e-14,9.58865889e-14,9.479057273e-13,1.477769759e-13,1.022524975e-12,7.616855212e-14,5.414075068e-13,4.28708786e-14
129.4296875,2.955820761e-13,2.261765519e-13,1.695629083e-12,1.892564081e-13,4.54347471e-13,1.193708477e-13,4.189302316e-14,1.109222135e-13,5.104071144e-14,4.455479809e-13,4.327621043e-13,3.130960361e-13,2.484539675e-13,3.647349915e-13,2.935744792e-13,4.277094121e-13,2.974153984e-13,1.612192656e-13,1.016501942e-13,1.953655991e-13,2.943507009e-13,4.261184544e-14,8.386902566e-14,1.98285707e-13,4.448761579e-14,9.591727447e-14,9.498211773e-13,1.476896658e-13,1.035278367e-12,7.536052357e-14,5.377416195e-13,4.371902358e-14
129.4375,2.939042883e-13,2.233165494e-13,1.699631487e-12,1.891917252e-13,4.569311066e-13,1.201362707e-13,4.219230072e-14,1.126714075e-13,5.193943246e-14,4.409517888e-13,4.325974866e-13,3.145889093e-13,2.480194499e-13,3.640520182e-13,2.913345025e-13,4.291441003e-13,2.980954952e-13,1.613405051e-13,1.024359651e-13,1.974212506e-13,2.939610984e-13,4.257911727e-14,8.449542952e-14,1.982647402e-13,4.503723762e-14,9.606607634e-14,9.518506539e-13,1.475885188e-13,1.047839345e-12,7.455499209e-14,5.338691775e-13,4.460698601e-14
129.4453125,2.924283415e-13,2.202547423e-13,1.705215312e-12,1.891388346e-13,4.596739174e-13,1.212945643e-13,4.250500554e-14,1.144865976e-13,5.287729085e-14,4.366362622e-13,4.328690541e-13,3.163938329e-13,2.479182227e-13,3.637435676e-13,2.894883351e-13,4.309432967e-13,2.990789473e-13,1.616858748e-13,1.033886905e-13,1.99353543e-13,2.93811457e-13,4.25928729e-14,8.508564243e-14,1.98461085e-13,4.5601633e-14,9.624436312e-14,9.535932969e-13,1.476988418e-13,1.060721122e-12,7.378196158e-14,5.304874492e-13,4.549317815e-14
129.453125,2.909171011e-13,2.172778304e-13,1.711314667e-12,1.889114008e-13,4.623398522e-13,1.2266403e-13,4.280558609e-14,1.164073368e-13,5.387884746e-14,4.323081313e-13,4.33329639e-13,3.183307638e-13,2.479733703e-13,3.635412835e-13,2.877321605e-13,4.328988488e-13,3.002467331e-13,1.62106557e-13,1.044469269e-13,2.010856893e-13,2.936264728e-13,4.265098159e-14,8.569261659e-14,1.987477777e-13,4.618871859e-14,9.636243492e-14,9.551558545e-13,1.477549926e-13,1.073589197e-12,7.299424558e-14,5.27404006e-13,4.637166448e-14
129.4609375,2.889723922e-13,2.143011578e-13,1.715845435e-12,1.887590569e-13,4.64295518e-13,1.236073369e-13,4.310336454e-14,1.183299269e-13,5.484015247e-14,4.27557077e-13,4.334154234e-13,3.198773392e-13,2.476373949e-13,3.62773025e-13,2.856037875e-13,4.346427732e-13,3.011053492e-13,1.622267921e-13,1.053215134e-13,2.027731963e-13,2.930279896e-13,4.265371316e-14,8.638833848e-14,1.987843578e-13,4.679977719e-14,9.655162721e-14,9.56890866e-13,1.474044209e-13,1.086132459e-12,7.216490758e-14,5.240831994e-13,4.728297606e-14
129.46875,2.86922542e-13,2.112309782e-13,1.719953468e-12,1.88769979e-13,4.65676456e-13,1.24348885e-13,4.344671674e-14,1.201943425e-13,5.573924055e-14,4.226518302e-13,4.333832869e-13,3.212289487e-13,2.470405907e-13,3.616759645e-13,2.834582751e-13,4.363722991e-13,3.018183105e-13,1.621899158e-13,1.060955361e-13,2.043890522e-13,2.922787913e-13,4.261400027e-14,8.71283219e-14,1.987517545e-13,4.744353794e-14,9.690209627e-14,9.585192852e-13,1.468779258e-13,1.098971454e-12,7.134372398e-14,5.206811903e-13,4.819632817e-14
129.4765625,2.853442664e-13,2.084887583e-13,1.725225788e-12,1.889815991e-13,4.671845944e-13,1.253667159e-13,4.383063516e-14,1.220952049e-13,5.666811185e-14,4.179607983e-13,4.336137743e-13,3.228010947e-13,2.465997791e-13,3.609341163e-13,2.818567799e-13,4.384701197e-13,3.027791489e-13,1.622848963e-13,1.070384048e-13,2.05923672e-13,2.917663657e-13,4.262435839e-14,8.786425599e-14,1.988740283e-13,4.812281743e-14,9.732990109e-14,9.598548297e-13,1.465052855e-13,1.112256204e-12,7.057085496e-14,5.174383526e-13,4.909361163e-14
129.484375,2.838544249e-13,2.059662989e-13,1.731103833e-12,1.894046938e-13,4.689541435e-13,1.265268881e-13,4.420576148e-14,1.240845017e-13,5.765129519e-14,4.134380599e-13,4.340754757e-13,3.245259518e-13,2.463449993e-13,3.605336262e-13,2.806269687e-13,4.409129423e-13,3.03976472e-13,1.62474328e-13,1.081008664e-13,2.074383863e-13,2.913427278e-13,4.26929447e-14,8.861783771e-14,1.98962584e-13,4.884036476e-14,9.779568436e-14,9.615011804e-13,1.461422459e-13,1.125680408e-12,6.981783942e-14,5.144077769e-13,5.001998046e-14
129.4921875,2.819511796e-13,2.031428278e-13,1.736803669e-12,1.897418479e-13,4.705973043e-13,1.276719926e-13,4.457967721e-14,1.261208895e-13,5.864487115e-14,4.089755338e-13,4.34574322e-13,3.262164647e-13,2.461686278e-13,3.600983044e-13,2.793775467e-13,4.434290715e-13,3.053038044e-13,1.626769422e-13,1.091804782e-13,2.088244619e-13,2.907663488e-13,4.277604497e-14,8.937432473e-14,1.98939751e-13,4.960870484e-14,9.827629583e-14,9.635413248e-13,1.456284561e-13,1.139482521e-12,6.902546121e-14,5.116001779e-13,5.095440035e-14
129.5,2.800575228e-13,2.002272239e-13,1.742236205e-12,1.900670775e-13,4.719913742e-13,1.289116476e-13,4.498788644e-14,1.281438664e-13,5.958939103e-14,4.045210731e-13,4.349425389e-13,3.278005535e-13,2.460516305e-13,3.59560634e-13,2.782269757e-13,4.459845363e-13,3.067744674e-13,1.629344178e-13,1.103895799e-13,2.100726868e-13,2.900737652e-13,4.286196863e-14,9.012022088e-14,1.989310556e-13,5.043333181e-14,9.871916602e-14,9.653194365e-13,1.450975203e-13,1.153575261e-12,6.818679091e-14,5.08772404e-13,5.184821639e-14
129.5078125,2.785025783e-13,1.975282676e-13,1.747527301e-12,1.907804023e-13,4.732718324e-13,1.301636169e-13,4.540704745e-14,1.301062845e-13,6.044945069e-14,4.000702278e-13,4.352949732e-13,3.29257762e-13,2.459627332e-13,3.589832214e-13,2.774045513e-13,4.487624037e-13,3.084031395e-13,1.632870685e-13,1.117232594e-13,2.112411389e-13,2.893208058e-13,4.294677205e-14,9.092341224e-14,1.989670244e-13,5.130140283e-14,9.923593496e-14,9.669753262e-13,1.446201751e-13,1.167367894e-12,6.737152404e-14,5.057924585e-13,5.273830624e-14
129.515625,2.769166699e-13,1.948456972e-13,1.752942925e-12,1.916642006e-13,4.743992078e-13,1.313013563e-13,4.580869316e-14,1.32084466e-13,6.130937589e-14,3.957624341e-13,4.357795258e-13,3.306862482e-13,2.4588571e-13,3.583794644e-13,2.768150982e-13,4.517981583e-13,3.101464028e-13,1.637062336e-13,1.130180615e-13,2.122867516e-13,2.885033549e-13,4.302785822e-14,9.180166771e-14,1.990654213e-13,5.219956805e-14,9.994181879e-14,9.689244621e-13,1.440929578e-13,1.180923486e-12,6.661042275e-14,5.029051404e-13,5.367025606e-14
129.5234375,2.751807335e-13,1.921780872e-13,1.758457348e-12,1.924032581e-13,4.75287979e-13,1.324594951e-13,4.621823356e-14,1.341881134e-13,6.224970942e-14,3.916131693e-13,4.362347726e-13,3.321353584e-13,2.458507925e-13,3.577993854e-13,2.763717504e-13,4.550195347e-13,3.118680936e-13,1.640764705e-13,1.142786255e-13,2.133545901e-13,2.8767042e-13,4.31248344e-14,9.266501852e-14,1.991984696e-13,5.312381771e-14,1.006887105e-13,9.70660955e-13,1.434200969e-13,1.194526397e-12,6.58389031e-14,5.001968166e-13,5.46350935e-14
129.53125,2.735506653e-13,1.895880171e-13,1.763778497e-12,1.932252662e-13,4.759765118e-13,1.337266642e-13,4.66643664e-14,1.363374378e-13,6.318707095e-14,3.874762582e-13,4.36612967e-13,3.335023641e-13,2.458661641e-13,3.57208795e-13,2.761718712e-13,4.584392886e-13,3.135007458e-13,1.643273417e-13,1.155942017e-13,2.1449151e-13,2.868489257e-13,4.32407832e-14,9.348177361e-14,1.993105961e-13,5.407674541e-14,1.013571229e-13,9.719201259e-13,1.426182733e-13,1.207962511e-12,6.502742598e-14,4.975109311e-13,5.560223041e-14
129.5390625,2.719875886e-13,1.86858758e-13,1.768677978e-12,1.942693988e-13,4.76423474e-13,1.349899304e-13,4.714127499e-14,1.384470196e-13,6.406460966e-14,3.833696804e-13,4.369689021e-13,3.347423263e-13,2.458592818e-13,3.564932894e-13,2.762160978e-13,4.62041253e-13,3.151892969e-13,1.6453735e-13,1.169442217e-13,2.154180735e-13,2.85967198e-13,4.335087293e-14,9.432483118e-14,1.994985287e-13,5.506328222e-14,1.020517044e-13,9.73182616e-13,1.418341302e-13,1.221135389e-12,6.422205562e-14,4.947583936e-13,5.653745364e-14
129.546875,2.703888833e-13,1.840747519e-13,1.772869973e-12,1.954594966e-13,4.766066953e-13,1.361545707e-13,4.761099174e-14,1.406043122e-13,6.493706692e-14,3.793239882e-13,4.371425359e-13,3.358712024e-13,2.457216051e-13,3.556515621e-13,2.763705414e-13,4.657653689e-13,3.170356159e-13,1.647673789e-13,1.183256677e-13,2.161450787e-13,2.849439615e-13,4.343741697e-14,9.522172973e-14,1.997255215e-13,5.606655233e-14,1.027898257e-13,9.74449973e-13,1.411302573e-13,1.234099645e-12,6.342895376e-14,4.918679208e-13,5.744557063e-14
129.5546875,2.68895888e-13,1.814588296e-13,1.776534181e-12,1.96821336e-13,4.766954209e-13,1.37234061e-13,4.803818383e-14,1.428366172e-13,6.578787364e-14,3.752607348e-13,4.371922863e-13,3.368842512e-13,2.45521669e-13,3.547529982e-13,2.766299764e-13,4.696973603e-13,3.189903506e-13,1.650003858e-13,1.197690916e-13,2.168822223e-13,2.838115326e-13,4.349627526e-14,9.612588707e-14,1.998037758e-13,5.706671648e-14,1.034914266e-13,9.754956001e-13,1.403875962e-13,1.246743508e-12,6.261878181e-14,4.889077332e-13,5.836926613e-14
129.5625,2.675046075e-13,1.788902277e-13,1.780386574e-12,1.983852628e-13,4.767629835e-13,1.383800075e-13,4.845102211e-14,1.450833971e-13,6.66135442e-14,3.712854659e-13,4.373513353e-13,3.378515207e-13,2.455052679e-13,3.539247408e-13,2.772147648e-13,4.740505837e-13,3.211119628e-13,1.652921893e-13,1.212274739e-13,2.1758344e-13,2.827045506e-13,4.356615274e-14,9.704008903e-14,1.998972124e-13,5.809504623e-14,1.042417963e-13,9.765735223e-13,1.396302635e-13,1.259254691e-12,6.1812092e-14,4.86167492e-13,5.932008474e-14
129.5703125,2.660774539e-13,1.763626864e-13,1.784470262e-12,2.001649585e-13,4.767268987e-13,1.397409409e-13,4.889891149e-14,1.473570701e-13,6.750437304e-14,3.674826561e-13,4.375396892e-13,3.38836893e-13,2.457201399e-13,3.533242134e-13,2.782795323e-13,4.789020192e-13,3.235100276e-13,1.657174605e-13,1.226730564e-13,2.182559807e-13,2.816911366e-13,4.370778882e-14,9.801132613e-14,2.002063961e-13,5.918458494e-14,1.051243059e-13,9.777044245e-13,1.389967824e-13,1.271863076e-12,6.103784004e-14,4.83714331e-13,6.0291398e-14
129.578125,2.647444418e-13,1.740059794e-13,1.788204402e-12,2.019881242e-13,4.765980596e-13,1.411299542e-13,4.936336814e-14,1.49629343e-13,6.840817029e-14,3.636398374e-13,4.376718981e-13,3.397564349e-13,2.459496774e-13,3.528065044e-13,2.796173817e-13,4.840053228e-13,3.260821489e-13,1.662262037e-13,1.241646189e-13,2.188634624e-13,2.806568144e-13,4.387342094e-14,9.901241343e-14,2.004837548e-13,6.030874882e-14,1.06026345e-13,9.786217521e-13,1.38359866e-13,1.284194697e-12,6.027461476e-14,4.812833503e-13,6.127839589e-14
129.5859375,2.637186399e-13,1.716943392e-13,1.79147278e-12,2.036168082e-13,4.763820911e-13,1.422722272e-13,4.980364722e-14,1.518402759e-13,6.919487893e-14,3.596917903e-13,4.377742108e-13,3.405183399e-13,2.460756248e-13,3.520893913e-13,2.809952309e-13,4.890734747e-13,3.286532866e-13,1.667350786e-13,1.257441141e-13,2.191940517e-13,2.794562895e-13,4.396411477e-14,9.996951965e-14,2.005884872e-13,6.143965002e-14,1.068650095e-13,9.7943341e-13,1.375642658e-13,1.295961372e-12,5.95000393e-14,4.786943982e-13,6.225145113e-14
129.59375,2.629321738e-13,1.693783806e-13,1.794544341e-12,2.053832527e-13,4.760055912e-13,1.433281387e-13,5.023121674e-14,1.540542571e-13,6.992723244e-14,3.55853473e-13,4.377751688e-13,3.411656379e-13,2.46171259e-13,3.513043624e-13,2.825614609e-13,4.942456325e-13,3.312027079e-13,1.67228566e-13,1.273796938e-13,2.194779644e-13,2.781597179e-13,4.402818584e-14,1.00876523e-13,2.007263325e-13,6.257467916e-14,1.07705382e-13,9.802905319e-13,1.367538816e-13,1.307494371e-12,5.872620088e-14,4.760130065e-13,6.321087772e-14
129.6015625,2.621651142e-13,1.670884572e-13,1.797678358e-12,2.07668341e-13,4.754363424e-13,1.445693961e-13,5.067950089e-14,1.563173531e-13,7.068917969e-14,3.521707631e-13,4.378141413e-13,3.417912771e-13,2.463278374e-13,3.506671401e-13,2.844889066e-13,4.999049627e-13,3.338510514e-13,1.677296225e-13,1.290038224e-13,2.200331219e-13,2.769633633e-13,4.414808818e-14,1.017840743e-13,2.009176305e-13,6.37133623e-14,1.085961835e-13,9.811445236e-13,1.360308865e-13,1.319030806e-12,5.796171127e-14,4.734363085e-13,6.419337176e-14
129.609375,2.613302471e-13,1.646454241e-13,1.800942905e-12,2.100990004e-13,4.746167558e-13,1.459027419e-13,5.115247322e-14,1.585969381e-13,7.143176823e-14,3.485598616e-13,4.380390856e-13,3.424167342e-13,2.465867484e-13,3.50021663e-13,2.8668205e-13,5.061493426e-13,3.367833683e-13,1.682882981e-13,1.306001883e-13,2.205512053e-13,2.75870067e-13,4.426726763e-14,1.027266972e-13,2.010695245e-13,6.48769737e-14,1.095280465e-13,9.820751256e-13,1.353107682e-13,1.330419651e-12,5.720113813e-14,4.710660185e-13,6.518449394e-14
129.6171875,2.604844172e-13,1.621121697e-13,1.803921628e-12,2.123196755e-13,4.735791462e-13,1.471794587e-13,5.161835552e-14,1.609192885e-13,7.216652346e-14,3.450578801e-13,4.381759991e-13,3.4300692e-13,2.469143629e-13,3.493041821e-13,2.89059711e-13,5.127425086e-13,3.400181765e-13,1.689258891e-13,1.322251387e-13,2.208177543e-13,2.747289246e-13,4.435360263e-14,1.036967542e-13,2.012657078e-13,6.607312587e-14,1.104841961e-13,9.830980614e-13,1.345960089e-13,1.34146618e-12,5.644694264e-14,4.687317495e-13,6.615625428e-14
129.625,2.597247036e-13,1.597562375e-13,1.806359362e-12,2.144847832e-13,4.726026306e-13,1.48448458e-13,5.205265329e-14,1.632472842e-13,7.293572304e-14,3.416567286e-13,4.381287438e-13,3.435610491e-13,2.472541586e-13,3.487275554e-13,2.916114737e-13,5.193935147e-13,3.433102622e-13,1.696153787e-13,1.339227464e-13,2.21045217e-13,2.735175885e-13,4.447194019e-14,1.046511781e-13,2.014929316e-13,6.727715453e-14,1.114472219e-13,9.840520085e-13,1.339154674e-13,1.352073271e-12,5.57043856e-14,4.663044744e-13,6.712279597e-14
129.6328125,2.591579944e-13,1.57451856e-13,1.808703102e-12,2.167194415e-13,4.717152317e-13,1.497174403e-13,5.246385545e-14,1.654557451e-13,7.36485422e-14,3.38254841e-13,4.381959522e-13,3.44053755e-13,2.475937622e-13,3.482345319e-13,2.943437082e-13,5.260733163e-13,3.465703699e-13,1.703884849e-13,1.356998901e-13,2.211338245e-13,2.722855796e-13,4.459805387e-14,1.055574259e-13,2.016224619e-13,6.849949536e-14,1.124431192e-13,9.849340857e-13,1.332133019e-13,1.362328379e-12,5.498360103e-14,4.638890399e-13,6.807459063e-14
129.640625,2.58825574e-13,1.550716103e-13,1.811169826e-12,2.191641581e-13,4.705262718e-13,1.509531928e-13,5.285250041e-14,1.675930448e-13,7.422369374e-14,3.348520719e-13,4.383636888e-13,3.443613658e-13,2.47909507e-13,3.475206543e-13,2.974246942e-13,5.331505325e-13,3.500551954e-13,1.712835018e-13,1.375382789e-13,2.209459288e-13,2.7100033e-13,4.464963873e-14,1.064318266e-13,2.017126538e-13,6.974777931e-14,1.135136786e-13,9.858376393e-13,1.325052794e-13,1.372275707e-12,5.430219208e-14,4.61430947e-13,6.898881095e-14
129.6484375,2.586387858e-13,1.527982298e-13,1.813504978e-12,2.219750754e-13,4.690460541e-13,1.522557336e-13,5.322248808e-14,1.697811747e-13,7.472020764e-14,3.315362188e-13,4.38403845e-13,3.444923229e-13,2.482406021e-13,3.466565421e-13,3.00987159e-13,5.409354228e-13,3.539615565e-13,1.722814061e-13,1.394002168e-13,2.208419675e-13,2.696851837e-13,4.466197305e-14,1.073219776e-13,2.018828513e-13,7.099269563e-14,1.146383129e-13,9.867859229e-13,1.318632765e-13,1.381707962e-12,5.365693724e-14,4.588270546e-13,6.989239535e-14
129.65625,2.585125819e-13,1.506016824e-13,1.815744485e-12,2.249531298e-13,4.677581134e-13,1.537056813e-13,5.361449996e-14,1.7196187e-13,7.52272661e-14,3.283412105e-13,4.384004129e-13,3.446752082e-13,2.487067507e-13,3.460667284e-13,3.049040793e-13,5.491855162e-13,3.581760537e-13,1.734525499e-13,1.412991297e-13,2.209476975e-13,2.684636051e-13,4.472151037e-14,1.082834623e-13,2.020809898e-13,7.225412828e-14,1.157942677e-13,9.877765577e-13,1.313228994e-13,1.390654174e-12,5.303565089e-14,4.563439946e-13,7.08135904e-14
129.6640625,2.584857075e-13,1.483943737e-13,1.817883823e-12,2.278947569e-13,4.667056139e-13,1.552285287e-13,5.40300205e-14,1.74065968e-13,7.576516555e-14,3.252168911e-13,4.384766433e-13,3.449722413e-13,2.492593869e-13,3.458571677e-13,3.090408594e-13,5.574708992e-13,3.624254956e-13,1.74856803e-13,1.432568681e-13,2.208226973e-13,2.673526552e-13,4.482944313e-14,1.093199046e-13,2.02213624e-13,7.354999935e-14,1.169696627e-13,9.886918941e-13,1.309170476e-13,1.399314068e-12,5.244572865e-14,4.541454328e-13,7.173026179e-14
129.671875,2.586211722e-13,1.463527439e-13,1.819685918e-12,2.308253427e-13,4.655908815e-13,1.567953271e-13,5.442130086e-14,1.761338099e-13,7.62958609e-14,3.221179354e-13,4.385504136e-13,3.452047128e-13,2.497914395e-13,3.457488594e-13,3.134454173e-13,5.658516331e-13,3.666426664e-13,1.763696488e-13,1.452274958e-13,2.203622478e-13,2.662378764e-13,4.49398446e-14,1.103206171e-13,2.023240709e-13,7.483088815e-14,1.180895432e-13,9.894642791e-13,1.306140901e-13,1.407468365e-12,5.188156312e-14,4.519858699e-13,7.259404454e-14
129.6796875,2.589123939e-13,1.444639819e-13,1.821232747e-12,2.337453534e-13,4.644201825e-13,1.584846375e-13,5.478927785e-14,1.781521163e-13,7.678066623e-14,3.190558661e-13,4.385652377e-13,3.453000618e-13,2.503761728e-13,3.456176303e-13,3.182326407e-13,5.747209134e-13,3.710819083e-13,1.779143869e-13,1.472161904e-13,2.199982284e-13,2.650463427e-13,4.503439931e-14,1.111901496e-13,2.024935193e-13,7.60939046e-14,1.191321836e-13,9.902398899e-13,1.303162261e-13,1.414903099e-12,5.132410944e-14,4.49709872e-13,7.339037043e-14
129.6875,2.59355117e-13,1.425948657e-13,1.822368103e-12,2.368535006e-13,4.631519109e-13,1.602368527e-13,5.514899279e-14,1.80083379e-13,7.719315159e-14,3.160238446e-13,4.385100015e-13,3.452251376e-13,2.509998771e-13,3.454395502e-13,3.234399136e-13,5.841567066e-13,3.758211081e-13,1.795514232e-13,1.492724603e-13,2.198107723e-13,2.637929139e-13,4.50998952e-14,1.120136757e-13,2.026414414e-13,7.737217212e-14,1.201956804e-13,9.909899122e-13,1.300573083e-13,1.421670134e-12,5.079046605e-14,4.472420069e-13,7.416804856e-14
129.6953125,2.599989305e-13,1.408059595e-13,1.822723988e-12,2.404166084e-13,4.615649935e-13,1.619122365e-13,5.547745611e-14,1.81961553e-13,7.749458719e-14,3.130325414e-13,4.383747612e-13,3.448837268e-13,2.515798027e-13,3.450882133e-13,3.290180716e-13,5.940172772e-13,3.807096551e-13,1.813250612e-13,1.513745711e-13,2.194323547e-13,2.625232949e-13,4.511037359e-14,1.129215063e-13,2.02636333e-13,7.865687096e-14,1.213301839e-13,9.916282629e-13,1.299812754e-13,1.427757802e-12,5.03172561e-14,4.445035882e-13,7.496050338e-14
129.703125,2.607681431e-13,1.389512338e-13,1.822902218e-12,2.441492283e-13,4.598351178e-13,1.635894665e-13,5.579455283e-14,1.837900323e-13,7.770687631e-14,3.101590148e-13,4.382494966e-13,3.444213167e-13,2.52260564e-13,3.44721217e-13,3.349389385e-13,6.043319694e-13,3.858625328e-13,1.832914926e-13,1.535253919e-13,2.188222423e-13,2.612681658e-13,4.508701464e-14,1.138876974e-13,2.025433902e-13,7.996915019e-14,1.225205457e-13,9.924471714e-13,1.300310318e-13,1.433528775e-12,4.990505721e-14,4.418197224e-13,7.573699492e-14
129.7109375,2.614026979e-13,1.368699884e-13,1.823288576e-12,2.476614214e-13,4.582560809e-13,1.6539992e-13,5.614650948e-14,1.855415459e-13,7.792966336e-14,3.07349369e-13,4.380968951e-13,3.440424622e-13,2.530764566e-13,3.446296151e-13,3.411247243e-13,6.149630204e-13,3.912750419e-13,1.853958287e-13,1.557252938e-13,2.182483074e-13,2.599809449e-13,4.509152275e-14,1.148199082e-13,2.024812376e-13,8.131481084e-14,1.237396136e-13,9.934393148e-13,1.299699073e-13,1.439314219e-12,4.950477557e-14,4.394612583e-13,7.647164985e-14
129.71875,2.619230675e-13,1.34911886e-13,1.82274264e-12,2.511861039e-13,4.566946507e-13,1.672709537e-13,5.650300236e-14,1.872616022e-13,7.818113951e-14,3.044784885e-13,4.376132099e-13,3.435825447e-13,2.538347054e-13,3.446585621e-13,3.474331592e-13,6.255903987e-13,3.965585711e-13,1.874422301e-13,1.578870951e-13,2.177581267e-13,2.585916648e-13,4.512357917e-14,1.15707778e-13,2.024433698e-13,8.261303597e-14,1.24883247e-13,9.940167345e-13,1.298447704e-13,1.444369439e-12,4.907592564e-14,4.370621777e-13,7.715396724e-14
129.7265625,2.627646507e-13,1.332781572e-13,1.820713682e-12,2.550412159e-13,4.549183099e-13,1.690721131e-13,5.679226119e-14,1.890101635e-13,7.83841587e-14,3.016515972e-13,4.367161857e-13,3.428474641e-13,2.545186527e-13,3.444865941e-13,3.538969661e-13,6.36278279e-13,4.016604634e-13,1.894336993e-13,1.600171037e-13,2.172491758e-13,2.571519474e-13,4.511968449e-14,1.165772565e-13,2.024816996e-13,8.383779178e-14,1.2592054e-13,9.940862122e-13,1.299305153e-13,1.448099537e-12,4.866204898e-14,4.343143745e-13,7.777930639e-14
129.734375,2.640539151e-13,1.316710252e-13,1.818097739e-12,2.590549927e-13,4.528623607e-13,1.707222237e-13,5.699178539e-14,1.907758247e-13,7.851876558e-14,2.989774302e-13,4.357053789e-13,3.419187891e-13,2.551496719e-13,3.440616701e-13,3.605622236e-13,6.471491348e-13,4.06770267e-13,1.914764149e-13,1.621678269e-13,2.166357265e-13,2.557357675e-13,4.504946704e-14,1.174246923e-13,2.026635255e-13,8.503936117e-14,1.269887003e-13,9.940525733e-13,1.301421202e-13,1.451022131e-12,4.832087995e-14,4.313830526e-13,7.838129911e-14
129.7421875,2.654382719e-13,1.300541584e-13,1.815342945e-12,2.630099047e-13,4.506577683e-13,1.722929328e-13,5.715335437e-14,1.92486168e-13,7.861693337e-14,2.963417771e-13,4.347609354e-13,3.408856059e-13,2.557174887e-13,3.436061364e-13,3.673384567e-13,6.580669174e-13,4.119233048e-13,1.935809439e-13,1.643013902e-13,2.158765449e-13,2.542957092e-13,4.495064073e-14,1.182400798e-13,2.028150306e-13,8.623596728e-14,1.281033391e-13,9.939624016e-13,1.302700283e-13,1.453414283e-12,4.802337953e-14,4.284602145e-13,7.895411981e-14
129.75,2.667771521e-13,1.286195953e-13,1.812401295e-12,2.669402482e-13,4.486158071e-13,1.740651673e-13,5.735300302e-14,1.940611344e-13,7.868852042e-14,2.937554772e-13,4.338375694e-13,3.398144654e-13,2.564010145e-13,3.435067254e-13,3.743622159e-13,6.691321734e-13,4.173658266e-13,1.958771437e-13,1.664988589e-13,2.150614455e-13,2.528471378e-13,4.488437453e-14,1.19023672e-13,2.027634616e-13,8.743343641e-14,1.291476773e-13,9.937942876e-13,1.305406365e-13,1.455201093e-12,4.774819484e-14,4.25622326e-13,7.943955418e-14
129.7578125,2.681829544e-13,1.272159212e-13,1.809272207e-12,2.708406841e-13,4.466630767e-13,1.760558403e-13,5.758134156e-14,1.955177381e-13,7.873465369e-14,2.913584121e-13,4.328586214e-13,3.387435028e-13,2.571587199e-13,3.437278681e-13,3.817226636e-13,6.803880437e-13,4.231153415e-13,1.983567687e-13,1.688227625e-13,2.141790665e-13,2.514966939e-13,4.484688284e-14,1.197698871e-13,2.02638287e-13,8.860292541e-14,1.30147346e-13,9.936050095e-13,1.310915539e-13,1.45659183e-12,4.753089959e-14,4.227612166e-13,7.986506965e-14
129.765625,2.695707353e-13,1.256741721e-13,1.805548905e-12,2.747269153e-13,4.444166974e-13,1.779575309e-13,5.775600037e-14,1.969701748e-13,7.875787374e-14,2.890953033e-13,4.317182977e-13,3.375395326e-13,2.577650261e-13,3.437652536e-13,3.891261315e-13,6.916146727e-13,4.28691643e-13,2.007199232e-13,1.710708888e-13,2.131995053e-13,2.501752244e-13,4.477301764e-14,1.20457084e-13,2.026031035e-13,8.969001164e-14,1.311545394e-13,9.931932706e-13,1.316339137e-13,1.457389449e-12,4.735493319e-14,4.197262268e-13,8.028029893e-14
129.7734375,2.708354533e-13,1.241137769e-13,1.801305903e-12,2.788180507e-13,4.421238589e-13,1.798380996e-13,5.787017355e-14,1.984454914e-13,7.877908358e-14,2.868839191e-13,4.304622332e-13,3.36205599e-13,2.584030349e-13,3.436921203e-13,3.966156216e-13,7.030534558e-13,4.341301468e-13,2.029927792e-13,1.732031778e-13,2.124587378e-13,2.487684136e-13,4.467505923e-14,1.210783502e-13,2.026067856e-13,9.07393728e-14,1.321223429e-13,9.925707997e-13,1.321119567e-13,1.457354527e-12,4.719253558e-14,4.167465503e-13,8.064017806e-14
129.78125,2.721435717e-13,1.226747991e-13,1.797082389e-12,2.8313359e-13,4.401823811e-13,1.819640765e-13,5.79880139e-14,1.998446435e-13,7.881862076e-14,2.847265404e-13,4.292224527e-13,3.349053641e-13,2.591627951e-13,3.439708616e-13,4.045294072e-13,7.149186212e-13,4.397533416e-13,2.054158083e-13,1.754203544e-13,2.120027678e-13,2.473596649e-13,4.461507555e-14,1.216777806e-13,2.02542908e-13,9.179803127e-14,1.330608432e-13,9.919465139e-13,1.327212224e-13,1.456760858e-12,4.708301625e-14,4.139237459e-13,8.093355663e-14
129.7890625,2.736570781e-13,1.21410649e-13,1.79241527e-12,2.873981741e-13,4.381907305e-13,1.841390468e-13,5.811039884e-14,2.011286728e-13,7.882868505e-14,2.825395526e-13,4.278668583e-13,3.33519859e-13,2.597718086e-13,3.443785741e-13,4.12719514e-13,7.268801714e-13,4.453789628e-13,2.079156766e-13,1.776719286e-13,2.112574979e-13,2.459979486e-13,4.454530708e-14,1.222977458e-13,2.024100303e-13,9.281149098e-14,1.340024994e-13,9.912358799e-13,1.33459777e-13,1.455499217e-12,4.703385406e-14,4.108974699e-13,8.120822126e-14
129.796875,2.752491343e-13,1.202632532e-13,1.786869204e-12,2.916219944e-13,4.358513449e-13,1.861338571e-13,5.81873463e-14,2.023733045e-13,7.876507675e-14,2.803276029e-13,4.263080248e-13,3.319236342e-13,2.603846384e-13,3.445891574e-13,4.210409598e-13,7.39066427e-13,4.510024158e-13,2.104822298e-13,1.798410945e-13,2.10179863e-13,2.446172825e-13,4.440363024e-14,1.229151188e-13,2.022757625e-13,9.378554185e-14,1.349375193e-13,9.905293478e-13,1.343322934e-13,1.453439861e-12,4.700885054e-14,4.077152942e-13,8.144949226e-14
129.8046875,2.768633545e-13,1.190728933e-13,1.780968343e-12,2.960842401e-13,4.335892871e-13,1.881108912e-13,5.821378872e-14,2.036291296e-13,7.866411e-14,2.782552667e-13,4.247113526e-13,3.302921649e-13,2.612680593e-13,3.448719225e-13,4.296584912e-13,7.517239955e-13,4.568233376e-13,2.132629362e-13,1.820653754e-13,2.092496945e-13,2.432496711e-13,4.424596111e-14,1.234853571e-13,2.021400034e-13,9.47686087e-14,1.358837347e-13,9.899646732e-13,1.353984773e-13,1.450930221e-12,4.701658494e-14,4.047023309e-13,8.16402228e-14
129.8125,2.787591169e-13,1.178375547e-13,1.774818091e-12,3.007548273e-13,4.315600426e-13,1.901982439e-13,5.822192491e-14,2.048468366e-13,7.854293999e-14,2.763511898e-13,4.230736826e-13,3.286612203e-13,2.621854191e-13,3.453981206e-13,4.383951087e-13,7.643011816e-13,4.626425052e-13,2.161775139e-13,1.844121808e-13,2.083701083e-13,2.419269982e-13,4.411635079e-14,1.239916118e-13,2.019182381e-13,9.572023437e-14,1.368115361e-13,9.891915069e-13,1.365909471e-13,1.447800949e-12,4.707534977e-14,4.016912687e-13,8.180684948e-14
129.8203125,2.808300506e-13,1.167071431e-13,1.7683913e-12,3.053665724e-13,4.295265492e-13,1.923483085e-13,5.822653849e-14,2.059582317e-13,7.839822364e-14,2.745268406e-13,4.213786731e-13,3.269628446e-13,2.630483159e-13,3.460625669e-13,4.470761819e-13,7.765779264e-13,4.683728714e-13,2.191465188e-13,1.86755741e-13,2.073410626e-13,2.406143729e-13,4.399310468e-14,1.244465068e-13,2.016193209e-13,9.663404749e-14,1.376841189e-13,9.882162574e-13,1.378779246e-13,1.443944736e-12,4.717889085e-14,3.986436869e-13,8.195165954e-14
129.828125,2.825658327e-13,1.157283302e-13,1.76200272e-12,3.099194324e-13,4.275533431e-13,1.945266734e-13,5.821674978e-14,2.069658184e-13,7.827798703e-14,2.727425057e-13,4.197490766e-13,3.252876388e-13,2.639544348e-13,3.468761265e-13,4.559353273e-13,7.88957629e-13,4.740563614e-13,2.221638966e-13,1.889830919e-13,2.063902644e-13,2.39355906e-13,4.388193457e-14,1.249011007e-13,2.013101048e-13,9.754058696e-14,1.385761033e-13,9.874125415e-13,1.392468015e-13,1.439852417e-12,4.732001996e-14,3.957946497e-13,8.207580504e-14
129.8359375,2.84134143e-13,1.148297345e-13,1.755076326e-12,3.146481245e-13,4.256924348e-13,1.966929673e-13,5.818278715e-14,2.079046101e-13,7.817021532e-14,2.709457772e-13,4.179944076e-13,3.235199442e-13,2.646987263e-13,3.477757811e-13,4.650040232e-13,8.013730079e-13,4.795632281e-13,2.251207802e-13,1.910787385e-13,2.054915628e-13,2.381465776e-13,4.377589609e-14,1.253847706e-13,2.009363445e-13,9.838301025e-14,1.394856698e-13,9.865095507e-13,1.406701532e-13,1.435210642e-12,4.748206298e-14,3.928834822e-13,8.216823722e-14
129.84375,2.860081306e-13,1.138578302e-13,1.747211194e-12,3.194704587e-13,4.237380143e-13,1.988406964e-13,5.813483651e-14,2.087857696e-13,7.800906523e-14,2.691230269e-13,4.159750186e-13,3.21507938e-13,2.653037366e-13,3.486764626e-13,4.741472034e-13,8.136859614e-13,4.851192858e-13,2.280819926e-13,1.931858833e-13,2.044687784e-13,2.369022204e-13,4.363824734e-14,1.258412123e-13,2.005105964e-13,9.915611706e-14,1.40324247e-13,9.853474606e-13,1.42205967e-13,1.429666583e-12,4.766436755e-14,3.897478397e-13,8.217326616e-14
129.8515625,2.87931532e-13,1.127414435e-13,1.739407861e-12,3.239940798e-13,4.218009645e-13,2.010518899e-13,5.808082139e-14,2.096125212e-13,7.783732302e-14,2.673728908e-13,4.140395358e-13,3.195381371e-13,2.660832328e-13,3.497843446e-13,4.83429395e-13,8.260343187e-13,4.909551814e-13,2.312146488e-13,1.954431397e-13,2.034161252e-13,2.35715533e-13,4.349649065e-14,1.262275584e-13,2.001682447e-13,9.994350567e-14,1.411613603e-13,9.843489139e-13,1.438104891e-13,1.423960671e-12,4.79025075e-14,3.867883729e-13,8.2093016e-14
129.859375,2.897579745e-13,1.1172846e-13,1.73200791e-12,3.283352315e-13,4.20162637e-13,2.033941161e-13,5.800478691e-14,2.103406343e-13,7.769062196e-14,2.657483142e-13,4.122894246e-13,3.177907725e-13,2.670030173e-13,3.5126271e-13,4.928284022e-13,8.382733567e-13,4.96815245e-13,2.344837264e-13,1.977726235e-13,2.023276106e-13,2.346913183e-13,4.338660002e-14,1.265836889e-13,1.997961306e-13,1.007243026e-13,1.420772517e-13,9.834111026e-13,1.454812237e-13,1.418012969e-12,4.82192444e-14,3.840254382e-13,8.197913869e-14
129.8671875,2.918122049e-13,1.109779222e-13,1.72423975e-12,3.330077656e-13,4.1863089e-13,2.058128652e-13,5.79040068e-14,2.109077119e-13,7.750632459e-14,2.641683634e-13,4.104219196e-13,3.160259841e-13,2.6791207e-13,3.529202687e-13,5.022169921e-13,8.502929058e-13,5.026199136e-13,2.378280752e-13,2.000690409e-13,2.011937476e-13,2.336757796e-13,4.326471802e-14,1.269286831e-13,1.992101366e-13,1.014276256e-13,1.429915014e-13,9.822021749e-13,1.474255017e-13,1.411034697e-12,4.860461152e-14,3.811759626e-13,8.181976215e-14
129.875,2.939495682e-13,1.10230705e-13,1.716036942e-12,3.378368543e-13,4.170052422e-13,2.081976143e-13,5.780248924e-14,2.114039429e-13,7.734000489e-14,2.62562745e-13,4.084196405e-13,3.14197912e-13,2.688345402e-13,3.546151784e-13,5.115321107e-13,8.621188743e-13,5.083929299e-13,2.411982781e-13,2.023236822e-13,2.001565718e-13,2.325555877e-13,4.311538257e-14,1.272368684e-13,1.986240116e-13,1.020705971e-13,1.438488388e-13,9.808810682e-13,1.495534927e-13,1.403576785e-12,4.902902813e-14,3.78411629e-13,8.159972333e-14
129.8828125,2.960617008e-13,1.094185058e-13,1.707563842e-12,3.423113951e-13,4.156093605e-13,2.105672651e-13,5.768417791e-14,2.119499439e-13,7.72787317e-14,2.609970796e-13,4.064287522e-13,3.124232351e-13,2.697368813e-13,3.56494056e-13,5.207328784e-13,8.735633976e-13,5.139025603e-13,2.445203954e-13,2.045256122e-13,1.990465313e-13,2.314506638e-13,4.298907637e-14,1.27514244e-13,1.982341335e-13,1.026707748e-13,1.4463845e-13,9.793786876e-13,1.516123678e-13,1.396128324e-12,4.946650768e-14,3.758227826e-13,8.134077796e-14
129.890625,2.984736684e-13,1.088084184e-13,1.698323268e-12,3.46685428e-13,4.145197608e-13,2.129625994e-13,5.74994146e-14,2.124409217e-13,7.71921503e-14,2.595310128e-13,4.043755183e-13,3.105317846e-13,2.705739206e-13,3.585450171e-13,5.299030011e-13,8.846195477e-13,5.191466903e-13,2.478192688e-13,2.066973609e-13,1.976843644e-13,2.304043339e-13,4.287100383e-14,1.277630195e-13,1.978194314e-13,1.031960999e-13,1.453136539e-13,9.773941181e-13,1.537541456e-13,1.387911785e-12,4.992698128e-14,3.730812931e-13,8.102233294e-14
129.8984375,3.009828629e-13,1.084183773e-13,1.688176039e-12,3.514499068e-13,4.133146047e-13,2.153266613e-13,5.727284976e-14,2.127724143e-13,7.701340912e-14,2.580823509e-13,4.021238682e-13,3.084121343e-13,2.713411362e-13,3.605609543e-13,5.391196157e-13,8.954080781e-13,5.241976388e-13,2.510566008e-13,2.088544154e-13,1.963671885e-13,2.293349927e-13,4.272165523e-14,1.279507136e-13,1.97247857e-13,1.036308271e-13,1.45889601e-13,9.749836088e-13,1.561234387e-13,1.378674672e-12,5.042193941e-14,3.701198858e-13,8.062131682e-14
129.90625,3.032887823e-13,1.081576763e-13,1.677729633e-12,3.564504359e-13,4.120635368e-13,2.177660457e-13,5.708149826e-14,2.130396069e-13,7.690389757e-14,2.566543596e-13,3.996615836e-13,3.06281833e-13,2.720799254e-13,3.627095764e-13,5.482725903e-13,9.058510347e-13,5.289903789e-13,2.542161602e-13,2.109684248e-13,1.952459677e-13,2.282968331e-13,4.259312784e-14,1.280879592e-13,1.966376969e-13,1.040030727e-13,1.464083111e-13,9.722832736e-13,1.586412295e-13,1.368838205e-12,5.09355132e-14,3.671826605e-13,8.015816315e-14
129.9140625,3.056934304e-13,1.080224506e-13,1.667349317e-12,3.61260331e-13,4.111665971e-13,2.203531555e-13,5.692735107e-14,2.132591381e-13,7.687174371e-14,2.553564518e-13,3.971130079e-13,3.042538591e-13,2.729597265e-13,3.652384452e-13,5.572458857e-13,9.159889042e-13,5.336978636e-13,2.574785702e-13,2.130747941e-13,1.940169048e-13,2.27369084e-13,4.249997194e-14,1.282241986e-13,1.959721104e-13,1.043614699e-13,1.468667539e-13,9.69450889e-13,1.612974428e-13,1.358426323e-12,5.147062156e-14,3.643385617e-13,7.963240925e-14
129.921875,3.082932218e-13,1.078080527e-13,1.656605144e-12,3.658478479e-13,4.104138752e-13,2.228357246e-13,5.676182496e-14,2.133867418e-13,7.680260524e-14,2.54045546e-13,3.945078515e-13,3.021975774e-13,2.739627086e-13,3.678970334e-13,5.659936939e-13,9.258907781e-13,5.383785877e-13,2.608026838e-13,2.151541858e-13,1.925726093e-13,2.264479067e-13,4.237178209e-14,1.28372961e-13,1.952538868e-13,1.047076304e-13,1.47294508e-13,9.666795757e-13,1.639582899e-13,1.347627027e-12,5.204189025e-14,3.615417653e-13,7.904377173e-14
129.9296875,3.10939896e-13,1.075001841e-13,1.645079744e-12,3.706691808e-13,4.095343524e-13,2.252592352e-13,5.65800404e-14,2.135691129e-13,7.678051194e-14,2.525334495e-13,3.917170374e-13,3.000696667e-13,2.748920679e-13,3.705429573e-13,5.747201159e-13,9.356795039e-13,5.428851481e-13,2.639974479e-13,2.1711631e-13,1.912215374e-13,2.254808254e-13,4.224339381e-14,1.285337098e-13,1.946390545e-13,1.050084469e-13,1.477280213e-13,9.638338854e-13,1.66581949e-13,1.336818417e-12,5.264308609e-14,3.588373643e-13,7.844105265e-14
129.9375,3.136284092e-13,1.074200273e-13,1.63319049e-12,3.759299164e-13,4.087701993e-13,2.279029147e-13,5.638528245e-14,2.138670606e-13,7.684672569e-14,2.510019646e-13,3.888472456e-13,2.979278657e-13,2.758364069e-13,3.734003704e-13,5.8376137e-13,9.456698475e-13,5.472871246e-13,2.671774791e-13,2.190390001e-13,1.901825264e-13,2.245882464e-13,4.217927713e-14,1.287018273e-13,1.940639592e-13,1.052793979e-13,1.481580688e-13,9.607456197e-13,1.694305765e-13,1.325751165e-12,5.327772808e-14,3.562454898e-13,7.785197567e-14
129.9453125,3.161575409e-13,1.075125313e-13,1.621291508e-12,3.810266959e-13,4.081925815e-13,2.304057034e-13,5.615198513e-14,2.140720374e-13,7.687420277e-14,2.496188201e-13,3.860857243e-13,2.957354595e-13,2.76869654e-13,3.763723215e-13,5.927580017e-13,9.554689246e-13,5.514329365e-13,2.703932233e-13,2.209829325e-13,1.892438802e-13,2.237479636e-13,4.20889601e-14,1.288249535e-13,1.933453769e-13,1.055180686e-13,1.485750689e-13,9.574980985e-13,1.724093007e-13,1.313991405e-12,5.395883275e-14,3.536859006e-13,7.724996907e-14
129.953125,3.185527648e-13,1.076019435e-13,1.609072487e-12,3.855919238e-13,4.076652164e-13,2.324729398e-13,5.589229163e-14,2.140835147e-13,7.689825462e-14,2.482485958e-13,3.832680581e-13,2.934926262e-13,2.778069164e-13,3.793362879e-13,6.011138134e-13,9.643120382e-13,5.551245309e-13,2.735298509e-13,2.228226651e-13,1.880970471e-13,2.228198865e-13,4.192969785e-14,1.288880642e-13,1.925506344e-13,1.056792225e-13,1.489489645e-13,9.541158715e-13,1.752769922e-13,1.301686298e-12,5.467873482e-14,3.511492903e-13,7.660968667e-14
129.9609375,3.211323679e-13,1.07870338e-13,1.59671952e-12,3.902089797e-13,4.073557792e-13,2.346909176e-13,5.567083726e-14,2.140114817e-13,7.702725278e-14,2.468380213e-13,3.80297296e-13,2.913607241e-13,2.787754906e-13,3.826474051e-13,6.092783449e-13,9.726381118e-13,5.588258349e-13,2.76749883e-13,2.245903077e-13,1.868382054e-13,2.218956891e-13,4.181852685e-14,1.289761676e-13,1.917868786e-13,1.058159481e-13,1.49257731e-13,9.506050842e-13,1.782654714e-13,1.289298401e-12,5.541955662e-14,3.487973009e-13,7.592001834e-14
129.96875,3.236879647e-13,1.082481445e-13,1.584867298e-12,3.952253679e-13,4.073780495e-13,2.373886112e-13,5.551148841e-14,2.139300844e-13,7.721808673e-14,2.454750738e-13,3.773672528e-13,2.894335363e-13,2.800444147e-13,3.864874836e-13,6.178832441e-13,9.812115329e-13,5.627977272e-13,2.80178675e-13,2.264346041e-13,1.857492452e-13,2.211485348e-13,4.179012885e-14,1.291168682e-13,1.910165485e-13,1.059933643e-13,1.495810354e-13,9.470666007e-13,1.81477156e-13,1.276967735e-12,5.618997789e-14,3.467453802e-13,7.518823672e-14
129.9765625,3.260964162e-13,1.085670221e-13,1.573345398e-12,4.002377873e-13,4.075896686e-13,2.400919549e-13,5.535921117e-14,2.138361868e-13,7.745726657e-14,2.441375008e-13,3.745033965e-13,2.876223239e-13,2.813989877e-13,3.906295359e-13,6.265618599e-13,9.896562578e-13,5.665883414e-13,2.836440171e-13,2.282802438e-13,1.848070651e-13,2.205301879e-13,4.178196531e-14,1.292448047e-13,1.902257524e-13,1.06132018e-13,1.50010816e-13,9.436321319e-13,1.847316945e-13,1.264465924e-12,5.704195346e-14,3.448766983e-13,7.446399058e-14
129.984375,3.287504613e-13,1.091139471e-13,1.56165858e-12,4.050355064e-13,4.080046279e-13,2.425697866e-13,5.517841093e-14,2.13665645e-13,7.775832898e-14,2.427970044e-13,3.715974353e-13,2.858637867e-13,2.82621011e-13,3.949723914e-13,6.349081303e-13,9.974358692e-13,5.700072672e-13,2.870610268e-13,2.300508565e-13,1.838143911e-13,2.19945377e-13,4.179425253e-14,1.293625135e-13,1.894031964e-13,1.061865355e-13,1.504889231e-13,9.40443189e-13,1.880999005e-13,1.251727778e-12,5.798191585e-14,3.430654097e-13,7.376217084e-14
129.9921875,3.31440074e-13,1.098450313e-13,1.54984433e-12,4.09798899e-13,4.087197541e-13,2.451110869e-13,5.501277796e-14,2.133568461e-13,7.80624679e-14,2.415261667e-13,3.686197424e-13,2.841991911e-13,2.839509211e-13,3.995811431e-13,6.430732338e-13,1.004649942e-12,5.732154113e-13,2.90417832e-13,2.318360459e-13,1.827248355e-13,2.194058438e-13,4.183578041e-14,1.294771964e-13,1.885209053e-13,1.062246003e-13,1.5084847e-13,9.373004843e-13,1.915876841e-13,1.238942149e-12,5.890876684e-14,3.413936366e-13,7.299172228e-14
130,3.336671276e-13,1.103016424e-13,1.5381061e-12,4.145869613e-13,4.095976968e-13,2.478316756e-13,5.488746964e-14,2.12993247e-13,7.839720812e-14,2.403410587e-13,3.65580909e-13,2.826322789e-13,2.855267325e-13,4.044152783e-13,6.510589646e-13,1.011440868e-12,5.762361973e-13,2.936442873e-13,2.336004145e-13,1.816389051e-13,2.189003164e-13,4.187598419e-14,1.295159619e-13,1.876403543e-13,1.062416771e-13,1.510586703e-13,9.338365553e-13,1.950024265e-13,1.226169978e-12,5.978466244e-14,3.399033537e-13,7.210959264e-14
130.0078125,3.356731868e-13,1.106716794e-13,1.526588477e-12,4.192915391e-13,4.104088929e-13,2.504806811e-13,5.476610525e-14,2.126500796e-13,7.880365823e-14,2.391228175e-13,3.626503853e-13,2.810944416e-13,2.871427254e-13,4.092840596e-13,6.587359902e-13,1.017759631e-12,5.790642781e-13,2.967775296e-13,2.352191374e-13,1.806090825e-13,2.183904757e-13,4.189699117e-14,1.295262447e-13,1.86777425e-13,1.062156382e-13,1.513205562e-13,9.302406525e-13,1.983454549e-13,1.213401569e-12,6.071668526e-14,3.384487196e-13,7.124062244e-14
130.015625,3.376282509e-13,1.114063156e-13,1.515204731e-12,4.238425174e-13,4.110831443e-13,2.529032788e-13,5.465098557e-14,2.122532314e-13,7.922568296e-14,2.377819411e-13,3.598866578e-13,2.795461868e-13,2.887041583e-13,4.141023079e-13,6.662281493e-13,1.023529666e-12,5.815755987e-13,2.998628583e-13,2.367074217e-13,1.794945691e-13,2.178907244e-13,4.190082081e-14,1.2964289e-13,1.858499454e-13,1.062098179e-13,1.517533248e-13,9.267988066e-13,2.016608988e-13,1.200679175e-12,6.173067576e-14,3.370223399e-13,7.047209926e-14
130.0234375,3.392607503e-13,1.123484323e-13,1.50343737e-12,4.282782261e-13,4.117459271e-13,2.552700453e-13,5.457476987e-14,2.117823641e-13,7.968566628e-14,2.36403784e-13,3.569744845e-13,2.779916077e-13,2.902751633e-13,4.19059089e-13,6.736108775e-13,1.028782732e-12,5.836028396e-13,3.028492789e-13,2.381037815e-13,1.782114321e-13,2.174130419e-13,4.191822752e-14,1.298103621e-13,1.848531183e-13,1.062110507e-13,1.522167087e-13,9.232929864e-13,2.049181503e-13,1.187892665e-12,6.272028155e-14,3.357359088e-13,6.972061898e-14
130.03125,3.408250605e-13,1.132443097e-13,1.491173423e-12,4.326565694e-13,4.126121345e-13,2.576570138e-13,5.450739503e-14,2.112616152e-13,8.018943448e-14,2.350685861e-13,3.538840117e-13,2.764181161e-13,2.918069945e-13,4.241987833e-13,6.807082793e-13,1.033586878e-12,5.853361276e-13,3.057449665e-13,2.394361083e-13,1.769831279e-13,2.16932057e-13,4.196971708e-14,1.299282842e-13,1.837803218e-13,1.0614062e-13,1.526189559e-13,9.196290194e-13,2.081472699e-13,1.174871179e-12,6.367261782e-14,3.344683545e-13,6.892477684e-14
130.0390625,3.427465241e-13,1.142115695e-13,1.479137965e-12,4.370146125e-13,4.13774931e-13,2.599725628e-13,5.442456805e-14,2.106303142e-13,8.064928127e-14,2.337178183e-13,3.510166053e-13,2.748567822e-13,2.93299572e-13,4.293584886e-13,6.874378905e-13,1.037874205e-12,5.870411103e-13,3.086457034e-13,2.408068069e-13,1.759123344e-13,2.164632019e-13,4.203322621e-14,1.300803911e-13,1.825769307e-13,1.06040914e-13,1.530097894e-13,9.159509804e-13,2.113727418e-13,1.161718471e-12,6.467076752e-14,3.331832033e-13,6.812333401e-14
130.046875,3.445525848e-13,1.153662571e-13,1.467739746e-12,4.413561386e-13,4.150365788e-13,2.623386315e-13,5.437760674e-14,2.099419276e-13,8.117574084e-14,2.32359791e-13,3.483814992e-13,2.734145847e-13,2.949132141e-13,4.346729263e-13,6.940012599e-13,1.041780998e-12,5.887207991e-13,3.116066359e-13,2.421748725e-13,1.747276691e-13,2.160733851e-13,4.211789263e-14,1.303051128e-13,1.813620278e-13,1.059897611e-13,1.533768935e-13,9.121969277e-13,2.146147893e-13,1.148776868e-12,6.571870426e-14,3.321812518e-13,6.732429889e-14
130.0546875,3.456614419e-13,1.165956138e-13,1.456488081e-12,4.455727108e-13,4.162035252e-13,2.647799055e-13,5.438532442e-14,2.093195849e-13,8.191831485e-14,2.31020232e-13,3.45667932e-13,2.721166341e-13,2.966551427e-13,4.403117555e-13,7.005204233e-13,1.045552769e-12,5.903342992e-13,3.145496836e-13,2.433811096e-13,1.733366251e-13,2.157571908e-13,4.223911663e-14,1.304925465e-13,1.802708743e-13,1.059620832e-13,1.53756034e-13,9.083797597e-13,2.178409426e-13,1.136109335e-12,6.677293567e-14,3.315193677e-13,6.651789636e-14
130.0625,3.46591691e-13,1.177602175e-13,1.444978474e-12,4.49656806e-13,4.175483811e-13,2.670330098e-13,5.439384968e-14,2.086677031e-13,8.273397782e-14,2.295554842e-13,3.428939759e-13,2.709141573e-13,2.984321526e-13,4.46174941e-13,7.068431365e-13,1.048851558e-12,5.918079648e-13,3.173884214e-13,2.445515087e-13,1.719848089e-13,2.154482791e-13,4.236170943e-14,1.306418649e-13,1.791768241e-13,1.059176851e-13,1.542673909e-13,9.046055132e-13,2.209769687e-13,1.123331416e-12,6.784067949e-14,3.309768473e-13,6.57333525e-14
130.0703125,3.480014954e-13,1.189045659e-13,1.433578747e-12,4.536899205e-13,4.194002513e-13,2.691335511e-13,5.439039907e-14,2.078968378e-13,8.350052836e-14,2.279436724e-13,3.40238258e-13,2.698462488e-13,3.003450431e-13,4.523231979e-13,7.129321321e-13,1.051326732e-12,5.93006153e-13,3.201974378e-13,2.45884374e-13,1.707805574e-13,2.151860668e-13,4.249174991e-14,1.30863301e-13,1.780077274e-13,1.058744811e-13,1.548580046e-13,9.008212202e-13,2.240795914e-13,1.110457113e-12,6.892768651e-14,3.306171862e-13,6.497353548e-14
130.078125,3.495760566e-13,1.201574213e-13,1.422862225e-12,4.574970061e-13,4.215616254e-13,2.713585737e-13,5.442275115e-14,2.071391242e-13,8.430135484e-14,2.263755476e-13,3.377605303e-13,2.689231947e-13,3.024447852e-13,4.588468818e-13,7.189816541e-13,1.053425599e-12,5.940680744e-13,3.230739342e-13,2.472211312e-13,1.696910915e-13,2.150280147e-13,4.266723623e-14,1.311630711e-13,1.769302766e-13,1.058648101e-13,1.554247266e-13,8.971099708e-13,2.271608809e-13,1.09808804e-12,7.002383837e-14,3.305493745e-13,6.422334174e-14
130.0859375,3.509804191e-13,1.215293325e-13,1.412794138e-12,4.61122458e-13,4.238259545e-13,2.737102349e-13,5.450843059e-14,2.064128625e-13,8.515249922e-14,2.248520437e-13,3.35452619e-13,2.680256026e-13,3.045727572e-13,4.655482408e-13,7.250360906e-13,1.05548439e-12,5.952638083e-13,3.260170389e-13,2.484407639e-13,1.687037726e-13,2.148692458e-13,4.285998442e-14,1.314691759e-13,1.759346099e-13,1.058904116e-13,1.560330794e-13,8.935220343e-13,2.301541709e-13,1.086134825e-12,7.116313469e-14,3.306094188e-13,6.349897799e-14
130.09375,3.523565074e-13,1.22936927e-13,1.402838945e-12,4.649205315e-13,4.263015726e-13,2.760141164e-13,5.462148537e-14,2.055781853e-13,8.603403547e-14,2.23235735e-13,3.332007333e-13,2.671136177e-13,3.066531102e-13,4.722816566e-13,7.308199057e-13,1.056986782e-12,5.96353805e-13,3.289361535e-13,2.496989079e-13,1.676582672e-13,2.146388772e-13,4.304583945e-14,1.317746305e-13,1.748207676e-13,1.05922919e-13,1.567124571e-13,8.89765098e-13,2.330964773e-13,1.073911399e-12,7.234597704e-14,3.306921721e-13,6.281336647e-14
130.1015625,3.534961292e-13,1.242999112e-13,1.392862028e-12,4.685479556e-13,4.28870572e-13,2.78130459e-13,5.474509497e-14,2.046749889e-13,8.699965815e-14,2.21574163e-13,3.309640369e-13,2.662821381e-13,3.087099905e-13,4.789819472e-13,7.359913289e-13,1.057463973e-12,5.968860924e-13,3.316473679e-13,2.509602899e-13,1.664311173e-13,2.144524038e-13,4.32482566e-14,1.32133519e-13,1.736198574e-13,1.059528072e-13,1.574089269e-13,8.857463012e-13,2.359002579e-13,1.061624171e-12,7.349979951e-14,3.308346621e-13,6.217846243e-14
130.109375,3.541714774e-13,1.256538078e-13,1.383237431e-12,4.715422545e-13,4.313827837e-13,2.801111031e-13,5.488230781e-14,2.038022718e-13,8.804050933e-14,2.199441014e-13,3.288936836e-13,2.655946028e-13,3.10781067e-13,4.85617773e-13,7.40568469e-13,1.057172076e-12,5.970380483e-13,3.341609425e-13,2.520813574e-13,1.651620439e-13,2.143690577e-13,4.347672066e-14,1.325524856e-13,1.724644804e-13,1.05985686e-13,1.581491671e-13,8.816403185e-13,2.385383014e-13,1.049837552e-12,7.464629667e-14,3.311091471e-13,6.159960729e-14
130.1171875,3.546323052e-13,1.270724499e-13,1.373938916e-12,4.743578941e-13,4.340274506e-13,2.821506317e-13,5.503482574e-14,2.028568108e-13,8.910039024e-14,2.182966728e-13,3.269890363e-13,2.650341808e-13,3.129808021e-13,4.92397128e-13,7.448509552e-13,1.056444542e-12,5.971804738e-13,3.367045074e-13,2.531734201e-13,1.638861612e-13,2.143017367e-13,4.372615298e-14,1.329538262e-13,1.713059919e-13,1.059929371e-13,1.589130259e-13,8.77413166e-13,2.41263405e-13,1.038300918e-12,7.587440245e-14,3.316264793e-13,6.100883911e-14
130.125,3.550470714e-13,1.284237607e-13,1.364691087e-12,4.771870145e-13,4.36804843e-13,2.841474344e-13,5.519485217e-14,2.017531673e-13,9.016016536e-14,2.166412508e-13,3.251363686e-13,2.645498815e-13,3.153234105e-13,4.99384927e-13,7.489045754e-13,1.055222242e-12,5.971763324e-13,3.392481094e-13,2.543096985e-13,1.625295501e-13,2.142239508e-13,4.397766734e-14,1.332966289e-13,1.701546074e-13,1.059722327e-13,1.596108245e-13,8.731409612e-13,2.43974788e-13,1.026869173e-12,7.712810291e-14,3.323580567e-13,6.035607978e-14
130.1328125,3.555580397e-13,1.296650733e-13,1.355807056e-12,4.796721941e-13,4.395499146e-13,2.859072442e-13,5.5361876e-14,2.00604711e-13,9.1219691e-14,2.150514826e-13,3.234359008e-13,2.641292362e-13,3.176868722e-13,5.063658935e-13,7.527523451e-13,1.053599483e-12,5.969327504e-13,3.416561555e-13,2.554203258e-13,1.612504425e-13,2.142093274e-13,4.421553185e-14,1.336421713e-13,1.691373409e-13,1.059807537e-13,1.602989283e-13,8.690751378e-13,2.464012066e-13,1.015948691e-12,7.832503151e-14,3.331864275e-13,5.973040604e-14
130.140625,3.561927072e-13,1.3103347e-13,1.347480464e-12,4.820562537e-13,4.423697253e-13,2.875577175e-13,5.556016468e-14,1.994894504e-13,9.230539193e-14,2.134759675e-13,3.219206555e-13,2.638053599e-13,3.20042681e-13,5.133328389e-13,7.565785331e-13,1.051784805e-12,5.965748522e-13,3.439744292e-13,2.565127438e-13,1.600392345e-13,2.142876244e-13,4.446289973e-14,1.340190209e-13,1.681902298e-13,1.06017967e-13,1.610789926e-13,8.650565409e-13,2.487377013e-13,1.005484215e-12,7.95272084e-14,3.340882049e-13,5.920111161e-14
130.1484375,3.56452117e-13,1.324992646e-13,1.339213619e-12,4.844404128e-13,4.45294837e-13,2.891583345e-13,5.580488886e-14,1.983307776e-13,9.343446958e-14,2.118102021e-13,3.204099391e-13,2.635675837e-13,3.22403911e-13,5.203651155e-13,7.601539651e-13,1.04941109e-12,5.959305827e-13,3.461019515e-13,2.575264639e-13,1.586294803e-13,2.144051169e-13,4.472705343e-14,1.343815208e-13,1.671863451e-13,1.060270209e-13,1.619287087e-13,8.608429008e-13,2.510443365e-13,9.951949896e-13,8.076553298e-14,3.350320776e-13,5.869875961e-14
130.15625,3.563196177e-13,1.338742612e-13,1.330882388e-12,4.863949507e-13,4.482132643e-13,2.906746972e-13,5.606951199e-14,1.970990649e-13,9.460326587e-14,2.100844534e-13,3.189027652e-13,2.633771326e-13,3.247559418e-13,5.273843906e-13,7.631471634e-13,1.046192755e-12,5.949120511e-13,3.479829198e-13,2.583940258e-13,1.571831376e-13,2.145073542e-13,4.499482985e-14,1.347371778e-13,1.661969544e-13,1.060154902e-13,1.628213463e-13,8.565322767e-13,2.531664872e-13,9.852105028e-13,8.198104743e-14,3.36046159e-13,5.819348654e-14
130.1640625,3.563473571e-13,1.352473167e-13,1.322841107e-12,4.881996321e-13,4.511731952e-13,2.922550462e-13,5.633849531e-14,1.958752718e-13,9.582485363e-14,2.083535428e-13,3.175190895e-13,2.632163107e-13,3.271138581e-13,5.343493327e-13,7.658452908e-13,1.042587751e-12,5.937116423e-13,3.498319125e-13,2.592371279e-13,1.559611886e-13,2.145961672e-13,4.528098496e-14,1.351214281e-13,1.652637272e-13,1.06009302e-13,1.637410191e-13,8.520919169e-13,2.552732296e-13,9.755392807e-13,8.31752101e-14,3.37214353e-13,5.774321172e-14
130.171875,3.562744576e-13,1.365786844e-13,1.315149789e-12,4.90212158e-13,4.541734576e-13,2.937902516e-13,5.66338807e-14,1.946746318e-13,9.706754494e-14,2.06581344e-13,3.16239779e-13,2.63099207e-13,3.294510859e-13,5.41229599e-13,7.684192825e-13,1.038734451e-12,5.92233291e-13,3.515753907e-13,2.600549865e-13,1.54689146e-13,2.147155799e-13,4.557591064e-14,1.354936327e-13,1.643059343e-13,1.059773382e-13,1.646287632e-13,8.475910106e-13,2.573041017e-13,9.661461133e-13,8.436876286e-14,3.384745123e-13,5.73367657e-14
130.1796875,3.55706192e-13,1.378082715e-13,1.307864761e-12,4.919241958e-13,4.57239049e-13,2.949890932e-13,5.695420755e-14,1.934222161e-13,9.83045345e-14,2.047944571e-13,3.150545792e-13,2.631130523e-13,3.317894524e-13,5.480743643e-13,7.705510184e-13,1.034216001e-12,5.903174204e-13,3.530314864e-13,2.607109934e-13,1.532660351e-13,2.149165196e-13,4.586075899e-14,1.358222705e-13,1.633656268e-13,1.059111978e-13,1.654964696e-13,8.435366568e-13,2.589989704e-13,9.573366593e-13,8.554898973e-14,3.398721039e-13,5.693056421e-14
130.1875,3.550079515e-13,1.3921803e-13,1.300921696e-12,4.931750051e-13,4.605330416e-13,2.959983925e-13,5.72853368e-14,1.920979046e-13,9.95835644e-14,2.030525549e-13,3.139619747e-13,2.632646838e-13,3.342534375e-13,5.550427268e-13,7.723026688e-13,1.029127024e-12,5.881654287e-13,3.544610517e-13,2.613063308e-13,1.520300078e-13,2.151907247e-13,4.616153875e-14,1.36158872e-13,1.625109268e-13,1.058587934e-13,1.663827969e-13,8.398112954e-13,2.606014189e-13,9.490666353e-13,8.673738103e-14,3.415402095e-13,5.653546474e-14
130.1953125,3.542818379e-13,1.407746135e-13,1.293974026e-12,4.944281166e-13,4.639108192e-13,2.970899362e-13,5.764184893e-14,1.907397171e-13,1.008542391e-13,2.01292592e-13,3.12975217e-13,2.634160507e-13,3.368470486e-13,5.620074861e-13,7.740230404e-13,1.023866248e-12,5.860519753e-13,3.560531824e-13,2.619934623e-13,1.509398369e-13,2.154626203e-13,4.647003257e-14,1.365378396e-13,1.616742482e-13,1.058564928e-13,1.6726891e-13,8.356938152e-13,2.622858593e-13,9.409909269e-13,8.795500259e-14,3.432981909e-13,5.614440984e-14
130.203125,3.534401054e-13,1.421562826e-13,1.287388192e-12,4.956067611e-13,4.671504206e-13,2.981625694e-13,5.800437999e-14,1.893693246e-13,1.020442311e-13,1.994715353e-13,3.122995045e-13,2.63606492e-13,3.394943948e-13,5.687447806e-13,7.756311524e-13,1.018399298e-12,5.840653858e-13,3.576337783e-13,2.627176653e-13,1.496861688e-13,2.157146427e-13,4.675405512e-14,1.369200081e-13,1.60875706e-13,1.059051281e-13,1.682340626e-13,8.314089778e-13,2.637996296e-13,9.332464674e-13,8.919079751e-14,3.45035697e-13,5.576540975e-14
130.2109375,3.527048393e-13,1.434120271e-13,1.281546079e-12,4.962627457e-13,4.703625233e-13,2.989758301e-13,5.833326559e-14,1.880084741e-13,1.033006532e-13,1.975932322e-13,3.119527271e-13,2.639480209e-13,3.421561771e-13,5.753288433e-13,7.768229955e-13,1.01249217e-12,5.819916436e-13,3.590639005e-13,2.63388649e-13,1.482798348e-13,2.159726293e-13,4.703459623e-14,1.372484622e-13,1.602260544e-13,1.059779438e-13,1.693650733e-13,8.275716329e-13,2.650314493e-13,9.259069215e-13,9.042642336e-14,3.468879272e-13,5.547305346e-14
130.21875,3.518441019e-13,1.445868643e-13,1.275541439e-12,4.964554445e-13,4.734427028e-13,2.994918068e-13,5.867131972e-14,1.86664583e-13,1.046795669e-13,1.955762059e-13,3.115604089e-13,2.642210069e-13,3.447098984e-13,5.816911212e-13,7.775545864e-13,1.006091485e-12,5.795602993e-13,3.602659156e-13,2.639506166e-13,1.468551728e-13,2.161768935e-13,4.730526621e-14,1.375019473e-13,1.596535698e-13,1.060421957e-13,1.705148634e-13,8.237232247e-13,2.659883432e-13,9.186121018e-13,9.161275975e-14,3.486838766e-13,5.526355895e-14
130.2265625,3.505687474e-13,1.456559787e-13,1.269074914e-12,4.965867312e-13,4.761703899e-13,2.998912508e-13,5.907744742e-14,1.852915106e-13,1.059359818e-13,1.934434808e-13,3.110850597e-13,2.64263259e-13,3.47096264e-13,5.87584755e-13,7.780552264e-13,9.993297766e-13,5.768491224e-13,3.612158354e-13,2.64394595e-13,1.454698602e-13,2.163357478e-13,4.75241363e-14,1.377218598e-13,1.590149203e-13,1.061003726e-13,1.715710734e-13,8.193585828e-13,2.666866302e-13,9.114128382e-13,9.273075375e-14,3.502316955e-13,5.506318192e-14
130.234375,3.492105863e-13,1.468412208e-13,1.263561252e-12,4.967701485e-13,4.789468659e-13,3.003157676e-13,5.952955768e-14,1.838632006e-13,1.070066614e-13,1.913569722e-13,3.109816997e-13,2.643715375e-13,3.494880539e-13,5.932529455e-13,7.784421671e-13,9.922028851e-13,5.739289994e-13,3.620070275e-13,2.648205838e-13,1.441164497e-13,2.166393151e-13,4.772248386e-14,1.379727039e-13,1.583373985e-13,1.061768379e-13,1.726694711e-13,8.149275286e-13,2.67269024e-13,9.047456012e-13,9.384196088e-14,3.517672648e-13,5.489923929e-14
130.2421875,3.478244428e-13,1.480940048e-13,1.259418892e-12,4.968688405e-13,4.820572535e-13,3.007122726e-13,5.999577976e-14,1.824295943e-13,1.081278677e-13,1.893174109e-13,3.113350373e-13,2.647735195e-13,3.520186025e-13,5.991035074e-13,7.785460137e-13,9.845576029e-13,5.707347942e-13,3.626487345e-13,2.652670986e-13,1.427222966e-13,2.171392702e-13,4.794911053e-14,1.38250427e-13,1.577245626e-13,1.062726593e-13,1.738624312e-13,8.107843749e-13,2.67780206e-13,8.987701047e-13,9.495970286e-14,3.534926295e-13,5.48137457e-14
130.25,3.460410437e-13,1.492085254e-13,1.255129434e-12,4.967382094e-13,4.848450715e-13,3.008782616e-13,6.047331665e-14,1.810260587e-13,1.093638536e-13,1.872072793e-13,3.116647873e-13,2.652556919e-13,3.545389462e-13,6.048086377e-13,7.782027875e-13,9.765217543e-13,5.673131096e-13,3.629875884e-13,2.655786736e-13,1.413168308e-13,2.175959886e-13,4.81706662e-14,1.384950377e-13,1.572132542e-13,1.063623592e-13,1.750738023e-13,8.067135013e-13,2.680895247e-13,8.933566458e-13,9.601610808e-14,3.553320957e-13,5.47680428e-14
130.2578125,3.438502547e-13,1.503181707e-13,1.249916195e-12,4.960548481e-13,4.869107772e-13,3.00613938e-13,6.09664365e-14,1.796077527e-13,1.105954922e-13,1.849661084e-13,3.116891141e-13,2.655565351e-13,3.568080889e-13,6.098228294e-13,7.772845216e-13,9.68138627e-13,5.634713367e-13,3.628388246e-13,2.656074926e-13,1.399228125e-13,2.178175915e-13,4.834131158e-14,1.386949068e-13,1.567755752e-13,1.064285586e-13,1.763589784e-13,8.025487103e-13,2.679720269e-13,8.881687418e-13,9.699623552e-14,3.570919576e-13,5.478909857e-14
130.265625,3.416306628e-13,1.514183631e-13,1.244911554e-12,4.948712367e-13,4.890507182e-13,3.002100095e-13,6.150601428e-14,1.781431202e-13,1.118162775e-13,1.825731012e-13,3.117831767e-13,2.657568529e-13,3.589410824e-13,6.146033595e-13,7.759190121e-13,9.592909472e-13,5.593085609e-13,3.623895239e-13,2.655151241e-13,1.384838136e-13,2.179370843e-13,4.850496869e-14,1.388784699e-13,1.563850217e-13,1.065027295e-13,1.777208258e-13,7.983604059e-13,2.674431384e-13,8.830995459e-13,9.796522322e-14,3.587018476e-13,5.492423857e-14
130.2734375,3.397931369e-13,1.524153848e-13,1.241072251e-12,4.939628625e-13,4.918692354e-13,3.001992271e-13,6.209124054e-14,1.766876018e-13,1.130348956e-13,1.801199472e-13,3.124266095e-13,2.661159689e-13,3.612868226e-13,6.198963756e-13,7.747799999e-13,9.505441018e-13,5.556816524e-13,3.622124273e-13,2.656578265e-13,1.371709482e-13,2.182354373e-13,4.872882184e-14,1.390184958e-13,1.56089631e-13,1.066239983e-13,1.789888163e-13,7.942951258e-13,2.67029269e-13,8.785721235e-13,9.897828176e-14,3.604257906e-13,5.507716966e-14
130.28125,3.381632461e-13,1.534863324e-13,1.237583783e-12,4.931742139e-13,4.946728011e-13,3.002101814e-13,6.266304273e-14,1.752689185e-13,1.141628417e-13,1.777244182e-13,3.133742711e-13,2.665659741e-13,3.636644283e-13,6.251066817e-13,7.738941948e-13,9.421569237e-13,5.524401294e-13,3.622099804e-13,2.659888036e-13,1.360798878e-13,2.186944411e-13,4.895207495e-14,1.39087421e-13,1.559237665e-13,1.067577984e-13,1.801712343e-13,7.902741012e-13,2.667928659e-13,8.745450217e-13,1.000078918e-13,3.622470782e-13,5.518980752e-14
130.2890625,3.360709041e-13,1.545571132e-13,1.233388814e-12,4.91337228e-13,4.967563343e-13,2.995111143e-13,6.322032373e-14,1.738246821e-13,1.151763933e-13,1.753130043e-13,3.140524137e-13,2.66762667e-13,3.656011394e-13,6.292166843e-13,7.722650183e-13,9.331849066e-13,5.483782374e-13,3.616576072e-13,2.660597342e-13,1.349383183e-13,2.189741314e-13,4.906257723e-14,1.391579692e-13,1.558087272e-13,1.068627899e-13,1.814741739e-13,7.86020319e-13,2.659939193e-13,8.703810906e-13,1.009824649e-13,3.636610749e-13,5.538222755e-14
130.296875,3.336442004e-13,1.554507983e-13,1.228967388e-12,4.887752564e-13,4.985115883e-13,2.984021082e-13,6.379614034e-14,1.723677611e-13,1.161526345e-13,1.727925495e-13,3.146440029e-13,2.66732995e-13,3.672720793e-13,6.326081803e-13,7.699500595e-13,9.236539837e-13,5.437481735e-13,3.607173812e-13,2.658193322e-13,1.337634227e-13,2.190419059e-13,4.909902128e-14,1.392555625e-13,1.556945981e-13,1.069662827e-13,1.829304951e-13,7.816823528e-13,2.646484168e-13,8.662135569e-13,1.019196883e-13,3.647448354e-13,5.570330697e-14
130.3046875,3.315902908e-13,1.564379898e-13,1.225174281e-12,4.867862379e-13,5.00458838e-13,2.97462326e-13,6.435819554e-14,1.7099472e-13,1.171563263e-13,1.702266177e-13,3.157087277e-13,2.668269489e-13,3.6907843e-13,6.361796271e-13,7.680329658e-13,9.147384662e-13,5.395708883e-13,3.600166775e-13,2.656183733e-13,1.32812066e-13,2.192951928e-13,4.917776543e-14,1.392654096e-13,1.55622686e-13,1.07072274e-13,1.843905481e-13,7.776524543e-13,2.635516265e-13,8.626687715e-13,1.02887931e-13,3.66019817e-13,5.605002456e-14
130.3125,3.297286736e-13,1.576993671e-13,1.221825337e-12,4.852026109e-13,5.024511832e-13,2.966084853e-13,6.490525655e-14,1.696720829e-13,1.181885403e-13,1.676789394e-13,3.1708385e-13,2.67085345e-13,3.709169979e-13,6.398770952e-13,7.66403909e-13,9.060966331e-13,5.354826367e-13,3.592848381e-13,2.654964167e-13,1.318599379e-13,2.198044872e-13,4.931146004e-14,1.391860099e-13,1.556069514e-13,1.071673422e-13,1.857811122e-13,7.738481589e-13,2.62672021e-13,8.596463865e-13,1.038326255e-13,3.673893762e-13,5.639406005e-14
130.3203125,3.274544215e-13,1.590092746e-13,1.218404791e-12,4.832114318e-13,5.042445851e-13,2.956191808e-13,6.548978614e-14,1.683276392e-13,1.191746639e-13,1.651202809e-13,3.183002579e-13,2.672724506e-13,3.726100189e-13,6.431741858e-13,7.643837137e-13,8.968090206e-13,5.309815831e-13,3.581554777e-13,2.652871338e-13,1.307276579e-13,2.201955562e-13,4.943238572e-14,1.391521817e-13,1.556698112e-13,1.073098219e-13,1.871779354e-13,7.700477054e-13,2.614032373e-13,8.567647297e-13,1.04665289e-13,3.68567487e-13,5.679804656e-14
130.328125,3.248706168e-13,1.601637248e-13,1.214747654e-12,4.807699096e-13,5.058611112e-13,2.943525842e-13,6.609514201e-14,1.670584548e-13,1.200854409e-13,1.624718465e-13,3.194597505e-13,2.6729311e-13,3.74150431e-13,6.458723191e-13,7.621786286e-13,8.875024668e-13,5.264717677e-13,3.568780549e-13,2.650128881e-13,1.297824142e-13,2.203864121e-13,4.949046102e-14,1.391296734e-13,1.558551082e-13,1.075083132e-13,1.886744802e-13,7.662783237e-13,2.596953501e-13,8.539929536e-13,1.054468062e-13,3.695726769e-13,5.728652087e-14
130.3359375,3.224115313e-13,1.611986499e-13,1.211007821e-12,4.78084725e-13,5.073293835e-13,2.928370316e-13,6.66871708e-14,1.659085906e-13,1.210224438e-13,1.597391403e-13,3.208330645e-13,2.672336241e-13,3.755180937e-13,6.481610392e-13,7.599667195e-13,8.786670862e-13,5.220011104e-13,3.555135261e-13,2.646900376e-13,1.291361818e-13,2.206455586e-13,4.95097199e-14,1.390339922e-13,1.560952327e-13,1.076799179e-13,1.902476162e-13,7.625526246e-13,2.579023472e-13,8.514296049e-13,1.062664608e-13,3.703930745e-13,5.786387337e-14
130.34375,3.200725532e-13,1.623191156e-13,1.207537336e-12,4.753052335e-13,5.085070136e-13,2.91296236e-13,6.727697625e-14,1.647217223e-13,1.219563767e-13,1.570840289e-13,3.22375581e-13,2.671684579e-13,3.767562652e-13,6.501693448e-13,7.575757295e-13,8.697372805e-13,5.17267398e-13,3.538802985e-13,2.642785166e-13,1.284582725e-13,2.210353698e-13,4.952849259e-14,1.389553243e-13,1.563108686e-13,1.078336298e-13,1.918279121e-13,7.589480303e-13,2.561635524e-13,8.491991031e-13,1.070928599e-13,3.710797217e-13,5.850001913e-14
130.3515625,3.174600857e-13,1.635230853e-13,1.20438129e-12,4.724612923e-13,5.092607655e-13,2.896004212e-13,6.785332465e-14,1.634594548e-13,1.2269186e-13,1.545320001e-13,3.240809023e-13,2.670542446e-13,3.778619881e-13,6.516536988e-13,7.551903435e-13,8.607291367e-13,5.124950175e-13,3.520368598e-13,2.63862067e-13,1.277201554e-13,2.214280018e-13,4.949714245e-14,1.388816905e-13,1.565657659e-13,1.080265225e-13,1.93427241e-13,7.555367255e-13,2.54287524e-13,8.472888546e-13,1.078858026e-13,3.716784822e-13,5.911979728e-14
130.359375,3.146045239e-13,1.646178634e-13,1.201286232e-12,4.694731413e-13,5.098522579e-13,2.876795757e-13,6.842584033e-14,1.622619011e-13,1.23279435e-13,1.518794128e-13,3.260068233e-13,2.668615805e-13,3.78825059e-13,6.526833993e-13,7.529154388e-13,8.520233505e-13,5.07954641e-13,3.501441527e-13,2.635041722e-13,1.271580393e-13,2.218068516e-13,4.939927361e-14,1.386889097e-13,1.569130982e-13,1.08221303e-13,1.950509697e-13,7.521084961e-13,2.522301324e-13,8.455332673e-13,1.086632395e-13,3.720801619e-13,5.974161047e-14
130.3671875,3.119493985e-13,1.657589293e-13,1.198219465e-12,4.66466161e-13,5.105752938e-13,2.858085636e-13,6.903437275e-14,1.611387067e-13,1.23890497e-13,1.491142189e-13,3.279782425e-13,2.666403329e-13,3.79757204e-13,6.53632868e-13,7.505025362e-13,8.433021939e-13,5.034389652e-13,3.482561048e-13,2.631208569e-13,1.267326563e-13,2.22195168e-13,4.930154272e-14,1.384940253e-13,1.572806653e-13,1.084097273e-13,1.966631289e-13,7.486349732e-13,2.501689465e-13,8.439548668e-13,1.094142852e-13,3.723563877e-13,6.044813417e-14
130.375,3.092056394e-13,1.67039814e-13,1.19525721e-12,4.633068762e-13,5.110942526e-13,2.836963936e-13,6.964354681e-14,1.600157674e-13,1.244263751e-13,1.464336724e-13,3.299414158e-13,2.663535192e-13,3.805145015e-13,6.541659916e-13,7.478970499e-13,8.343336184e-13,4.987351367e-13,3.462131462e-13,2.62630075e-13,1.262673188e-13,2.2257527e-13,4.916550617e-14,1.384192232e-13,1.576279826e-13,1.086486303e-13,1.98344582e-13,7.453839229e-13,2.47911769e-13,8.426506131e-13,1.101283908e-13,3.725083708e-13,6.12245449e-14
130.3828125,3.059253152e-13,1.681754202e-13,1.192474266e-12,4.597335526e-13,5.111499387e-13,2.811703666e-13,7.022147865e-14,1.589423746e-13,1.248555614e-13,1.438529529e-13,3.321389532e-13,2.659846313e-13,3.809509487e-13,6.540353491e-13,7.45287773e-13,8.254964455e-13,4.940563954e-13,3.439099401e-13,2.620792824e-13,1.258258376e-13,2.229710032e-13,4.895880863e-14,1.383147214e-13,1.580192141e-13,1.089209328e-13,2.002066107e-13,7.422858268e-13,2.453725398e-13,8.416198489e-13,1.108650155e-13,3.724026786e-13,6.204960524e-14
130.390625,3.028135274e-13,1.693146611e-13,1.18984424e-12,4.561826585e-13,5.111491635e-13,2.789188295e-13,7.080340504e-14,1.579397704e-13,1.253441802e-13,1.412645173e-13,3.345381256e-13,2.656276268e-13,3.814132823e-13,6.538648154e-13,7.427555845e-13,8.169753834e-13,4.896223975e-13,3.416226032e-13,2.615766103e-13,1.25578897e-13,2.233775237e-13,4.879996649e-14,1.381334665e-13,1.584646768e-13,1.091837585e-13,2.021516233e-13,7.391213752e-13,2.430827699e-13,8.40824543e-13,1.116580475e-13,3.723150964e-13,6.296180086e-14
130.3984375,3.003380855e-13,1.707227003e-13,1.187012292e-12,4.527507959e-13,5.111215921e-13,2.767943012e-13,7.136572659e-14,1.569240263e-13,1.257556284e-13,1.386447914e-13,3.369072652e-13,2.651602286e-13,3.819306755e-13,6.535448632e-13,7.400756907e-13,8.084629369e-13,4.852069538e-13,3.394245577e-13,2.611002687e-13,1.254641498e-13,2.237095499e-13,4.86549975e-14,1.379988429e-13,1.588677778e-13,1.094394504e-13,2.040052355e-13,7.360031999e-13,2.409948569e-13,8.400651084e-13,1.124555063e-13,3.722804462e-13,6.39031745e-14
130.40625,2.978163876e-13,1.720395906e-13,1.184096118e-12,4.487397532e-13,5.10614585e-13,2.739677823e-13,7.188360632e-14,1.559190918e-13,1.258768174e-13,1.359882772e-13,3.394461903e-13,2.64422449e-13,3.820298213e-13,6.523247366e-13,7.371058452e-13,7.998992121e-13,4.807382409e-13,3.370101771e-13,2.605463145e-13,1.252759198e-13,2.23986205e-13,4.835204697e-14,1.378537108e-13,1.592422954e-13,1.096848314e-13,2.057989297e-13,7.330846013e-13,2.38434432e-13,8.393467774e-13,1.132167004e-13,3.717800338e-13,6.479132785e-14
130.4140625,2.951652304e-13,1.732647786e-13,1.181837388e-12,4.444861005e-13,5.098641023e-13,2.709514901e-13,7.242381945e-14,1.550199348e-13,1.259208298e-13,1.33339143e-13,3.424016721e-13,2.636797144e-13,3.818548949e-13,6.507060378e-13,7.343507612e-13,7.918297716e-13,4.766476891e-13,3.345001431e-13,2.599826898e-13,1.250754935e-13,2.24359191e-13,4.798593558e-14,1.376099844e-13,1.597423075e-13,1.099364445e-13,2.07701802e-13,7.304014847e-13,2.356677234e-13,8.390276369e-13,1.139611016e-13,3.709669345e-13,6.570899646e-14
130.421875,2.928563938e-13,1.749167643e-13,1.180194704e-12,4.410097485e-13,5.093631033e-13,2.685632994e-13,7.300124196e-14,1.541807907e-13,1.260982489e-13,1.30808938e-13,3.454861505e-13,2.631769653e-13,3.818492428e-13,6.494791557e-13,7.32226996e-13,7.845442026e-13,4.729721808e-13,3.321665468e-13,2.595036827e-13,1.251573214e-13,2.248619973e-13,4.774856219e-14,1.373500842e-13,1.603711813e-13,1.102119932e-13,2.097301352e-13,7.279595345e-13,2.333630017e-13,8.389902265e-13,1.147193066e-13,3.704181751e-13,6.673878755e-14
130.4296875,2.905178506e-13,1.767627372e-13,1.178664571e-12,4.379841687e-13,5.088954622e-13,2.664458748e-13,7.359923604e-14,1.533288186e-13,1.26292398e-13,1.283666424e-13,3.484747637e-13,2.627293756e-13,3.81797286e-13,6.482510858e-13,7.302641827e-13,7.775578241e-13,4.692343022e-13,3.297316662e-13,2.589675155e-13,1.255226114e-13,2.253914887e-13,4.757775956e-14,1.37087372e-13,1.61026992e-13,1.104676781e-13,2.117143755e-13,7.256555049e-13,2.311997728e-13,8.38969156e-13,1.154891846e-13,3.699868284e-13,6.779334704e-14
130.4375,2.878259743e-13,1.782582781e-13,1.177423186e-12,4.344992657e-13,5.080985546e-13,2.641353077e-13,7.426667979e-14,1.525180611e-13,1.263853961e-13,1.258566394e-13,3.516488696e-13,2.621807921e-13,3.814258249e-13,6.465162571e-13,7.281041734e-13,7.705915578e-13,4.653998234e-13,3.270093615e-13,2.582811154e-13,1.258702329e-13,2.259271977e-13,4.734310752e-14,1.367640342e-13,1.617613465e-13,1.107051874e-13,2.136196576e-13,7.234901252e-13,2.28649451e-13,8.394001511e-13,1.162402706e-13,3.693634366e-13,6.880302802e-14
130.4453125,2.851307472e-13,1.796286058e-13,1.176298993e-12,4.306373517e-13,5.06904762e-13,2.615362195e-13,7.493605964e-14,1.517964675e-13,1.263384645e-13,1.232776291e-13,3.551183193e-13,2.615560891e-13,3.808587968e-13,6.441949018e-13,7.260712614e-13,7.640276966e-13,4.617394304e-13,3.242306269e-13,2.576049768e-13,1.262017589e-13,2.264831119e-13,4.702856639e-14,1.364451062e-13,1.625921611e-13,1.109806021e-13,2.156281966e-13,7.215824154e-13,2.258752771e-13,8.403334249e-13,1.169746171e-13,3.685336291e-13,6.983512597e-14
130.453125,2.825583211e-13,1.81269328e-13,1.174572343e-12,4.268916401e-13,5.052932403e-13,2.585761043e-13,7.545248023e-14,1.511549013e-13,1.261694104e-13,1.207774695e-13,3.585650172e-13,2.607975169e-13,3.80068888e-13,6.411703673e-13,7.241409276e-13,7.579058378e-13,4.581423721e-13,3.213760227e-13,2.570055556e-13,1.267600793e-13,2.269595941e-13,4.665795154e-14,1.361704938e-13,1.634007845e-13,1.112464317e-13,2.177438791e-13,7.197650525e-13,2.231753899e-13,8.410463628e-13,1.177172344e-13,3.67401826e-13,7.092704745e-14
130.4609375,2.80137425e-13,1.831201476e-13,1.172507956e-12,4.232865471e-13,5.034098813e-13,2.554897955e-13,7.58643373e-14,1.506218906e-13,1.2600877e-13,1.184060218e-13,3.619416013e-13,2.598763661e-13,3.788789936e-13,6.375834478e-13,7.219097384e-13,7.517788408e-13,4.54434408e-13,3.182432172e-13,2.563640973e-13,1.274820758e-13,2.273164189e-13,4.627112058e-14,1.358599418e-13,1.642127199e-13,1.114305583e-13,2.197657419e-13,7.17830873e-13,2.205611323e-13,8.415026925e-13,1.1844346e-13,3.659848873e-13,7.203497228e-14
130.46875,2.778786252e-13,1.849871783e-13,1.170765065e-12,4.195911097e-13,5.013440459e-13,2.524091928e-13,7.631025993e-14,1.501976691e-13,1.258432213e-13,1.160597279e-13,3.655397135e-13,2.588427562e-13,3.773154126e-13,6.335987196e-13,7.195488756e-13,7.457383111e-13,4.507141943e-13,3.148862184e-13,2.556555039e-13,1.282716847e-13,2.276729977e-13,4.586701982e-14,1.354907484e-13,1.651041546e-13,1.115793723e-13,2.217451982e-13,7.159368874e-13,2.178920685e-13,8.42076916e-13,1.19151861e-13,3.64334129e-13,7.318118955e-14
130.4765625,2.753893373e-13,1.867598792e-13,1.169072337e-12,4.157129803e-13,4.988157449e-13,2.490232207e-13,7.677773293e-14,1.498092415e-13,1.254988453e-13,1.136296906e-13,3.69326409e-13,2.576699745e-13,3.755123681e-13,6.290047245e-13,7.174781689e-13,7.403087682e-13,4.470591014e-13,3.113791286e-13,2.549119468e-13,1.29297355e-13,2.280631709e-13,4.538445498e-14,1.351104582e-13,1.659939397e-13,1.117443905e-13,2.238716524e-13,7.142535167e-13,2.149955802e-13,8.426043284e-13,1.199027678e-13,3.623237822e-13,7.442243681e-14
130.484375,2.727378462e-13,1.884269941e-13,1.167179593e-12,4.117098189e-13,4.958123449e-13,2.453519091e-13,7.722151971e-14,1.494180462e-13,1.249798015e-13,1.111475577e-13,3.730846048e-13,2.563812104e-13,3.735623696e-13,6.238842938e-13,7.155912959e-13,7.354589086e-13,4.434723912e-13,3.076913036e-13,2.54111019e-13,1.305041075e-13,2.284108574e-13,4.483637837e-14,1.347317882e-13,1.668354646e-13,1.119066788e-13,2.260486409e-13,7.127871882e-13,2.118571335e-13,8.432518474e-13,1.206664763e-13,3.600964454e-13,7.569293534e-14
130.4921875,2.703877611e-13,1.901333984e-13,1.165532232e-12,4.076928511e-13,4.927259232e-13,2.417780474e-13,7.765811786e-14,1.490281268e-13,1.243725812e-13,1.087543267e-13,3.769353588e-13,2.550899373e-13,3.714818459e-13,6.185972402e-13,7.136470065e-13,7.308042733e-13,4.400632277e-13,3.039405777e-13,2.532952821e-13,1.316821172e-13,2.287622724e-13,4.428111604e-14,1.343529418e-13,1.676299065e-13,1.120506699e-13,2.281269804e-13,7.115241603e-13,2.087304977e-13,8.443875628e-13,1.213743447e-13,3.578664876e-13,7.689602826e-14
130.5,2.680748931e-13,1.921088534e-13,1.164208797e-12,4.037746672e-13,4.89598015e-13,2.383734613e-13,7.810150788e-14,1.486673998e-13,1.236755555e-13,1.064934112e-13,3.809404291e-13,2.537592668e-13,3.692368185e-13,6.131214608e-13,7.117709776e-13,7.264052733e-13,4.369284252e-13,3.002918364e-13,2.525040879e-13,1.329449491e-13,2.291584345e-13,4.370406013e-14,1.339725754e-13,1.683452931e-13,1.121769042e-13,2.301611702e-13,7.102983635e-13,2.059008577e-13,8.454545819e-13,1.220936674e-13,3.555233056e-13,7.80708515e-14
130.5078125,2.656709901e-13,1.944070968e-13,1.162627636e-12,3.998823525e-13,4.862027469e-13,2.349703632e-13,7.85514611e-14,1.484059683e-13,1.22970432e-13,1.042959171e-13,3.848447412e-13,2.522549758e-13,3.66823285e-13,6.073718641e-13,7.10017393e-13,7.224327976e-13,4.339212731e-13,2.966303769e-13,2.516381989e-13,1.343560087e-13,2.294621334e-13,4.310695282e-14,1.335884984e-13,1.690729771e-13,1.122860971e-13,2.321851052e-13,7.090294685e-13,2.033455173e-13,8.460351735e-13,1.22869174e-13,3.530559341e-13,7.930774052e-14
130.515625,2.635840839e-13,1.966891434e-13,1.160537446e-12,3.958400675e-13,4.824760807e-13,2.313869667e-13,7.896156631e-14,1.482465878e-13,1.223112203e-13,1.021570396e-13,3.886964599e-13,2.505896843e-13,3.642068451e-13,6.012833112e-13,7.081130274e-13,7.186684919e-13,4.307413387e-13,2.92681365e-13,2.506351537e-13,1.357975088e-13,2.296436655e-13,4.252624665e-14,1.332166211e-13,1.698688234e-13,1.123727297e-13,2.342025896e-13,7.080085558e-13,2.007193054e-13,8.467623083e-13,1.236126618e-13,3.504546091e-13,8.062160177e-14
130.5234375,2.614084791e-13,1.986432585e-13,1.158410779e-12,3.917868662e-13,4.784126477e-13,2.274736136e-13,7.928800644e-14,1.481401439e-13,1.215405634e-13,1.000540498e-13,3.928080318e-13,2.488583513e-13,3.612927425e-13,5.945310046e-13,7.060843909e-13,7.151022892e-13,4.274341658e-13,2.884825784e-13,2.496059059e-13,1.374421322e-13,2.298642362e-13,4.189491421e-14,1.328453449e-13,1.705921216e-13,1.124301367e-13,2.362426929e-13,7.073694547e-13,1.978035078e-13,8.479087061e-13,1.243093129e-13,3.474654498e-13,8.194816406e-14
130.53125,2.588362739e-13,2.005424349e-13,1.156783496e-12,3.879705758e-13,4.742200306e-13,2.234030769e-13,7.96024317e-14,1.481254811e-13,1.205872196e-13,9.789312139e-14,3.971101969e-13,2.471243178e-13,3.581224397e-13,5.873047868e-13,7.043798882e-13,7.120997925e-13,4.244828606e-13,2.843973373e-13,2.486964888e-13,1.394028974e-13,2.301541155e-13,4.114838706e-14,1.324516625e-13,1.712224314e-13,1.124970423e-13,2.382122374e-13,7.069145732e-13,1.948700301e-13,8.490170588e-13,1.250218468e-13,3.442345863e-13,8.320295425e-14
130.5390625,2.566640412e-13,2.027499078e-13,1.155673221e-12,3.843470864e-13,4.701583935e-13,2.195804871e-13,7.996129976e-14,1.481754003e-13,1.196161488e-13,9.57553466e-14,4.014050267e-13,2.454668975e-13,3.548939557e-13,5.803093664e-13,7.030385378e-13,7.095374714e-13,4.219532564e-13,2.805165759e-13,2.479032964e-13,1.413729153e-13,2.304603728e-13,4.039543528e-14,1.320788713e-13,1.718585066e-13,1.125928437e-13,2.401089815e-13,7.066178762e-13,1.922772991e-13,8.50093692e-13,1.257430158e-13,3.411888749e-13,8.441575633e-14
130.546875,2.548965272e-13,2.051320127e-13,1.154575874e-12,3.808017946e-13,4.659556704e-13,2.160205512e-13,8.030492138e-14,1.481585137e-13,1.187289364e-13,9.380591029e-14,4.057066276e-13,2.438475864e-13,3.516413439e-13,5.733834937e-13,7.015990361e-13,7.069359703e-13,4.192407429e-13,2.764891151e-13,2.470463177e-13,1.432154746e-13,2.307991769e-13,3.97315336e-14,1.317748076e-13,1.724532621e-13,1.12646182e-13,2.421202455e-13,7.064642521e-13,1.898722003e-13,8.513616491e-13,1.264555755e-13,3.381999198e-13,8.571810595e-14
130.5546875,2.528387298e-13,2.075469818e-13,1.15283394e-12,3.772163572e-13,4.614072473e-13,2.12353809e-13,8.06214551e-14,1.481554885e-13,1.178603187e-13,9.200171652e-14,4.098330299e-13,2.420528392e-13,3.481895524e-13,5.659002975e-13,6.999401452e-13,7.044362747e-13,4.161908101e-13,2.721552991e-13,2.460340647e-13,1.451182475e-13,2.310424662e-13,3.908708547e-14,1.315387307e-13,1.729701338e-13,1.126524948e-13,2.441880618e-13,7.062680811e-13,1.87309009e-13,8.525042054e-13,1.271279893e-13,3.349369827e-13,8.712198319e-14
130.5625,2.508690072e-13,2.100654247e-13,1.150531008e-12,3.73460176e-13,4.568830795e-13,2.084826788e-13,8.093950802e-14,1.483181906e-13,1.169145214e-13,9.024113137e-14,4.136319458e-13,2.400908691e-13,3.4453044e-13,5.581227452e-13,6.984073128e-13,7.025338672e-13,4.133816777e-13,2.678197621e-13,2.45033162e-13,1.471424648e-13,2.310873641e-13,3.84085067e-14,1.313507691e-13,1.734393236e-13,1.127048863e-13,2.46145131e-13,7.062254214e-13,1.846432831e-13,8.534180581e-13,1.277045513e-13,3.315257278e-13,8.851376781e-14
130.5703125,2.493091162e-13,2.125893425e-13,1.148687308e-12,3.697314786e-13,4.524406989e-13,2.046239924e-13,8.121511644e-14,1.485298169e-13,1.158335624e-13,8.848907056e-14,4.175530606e-13,2.382482748e-13,3.408250702e-13,5.5045683e-13,6.97238185e-13,7.013014597e-13,4.110579296e-13,2.637244866e-13,2.441809113e-13,1.492776932e-13,2.311845466e-13,3.772214064e-14,1.311314188e-13,1.738353175e-13,1.127852145e-13,2.481790679e-13,7.067521248e-13,1.821169146e-13,8.546182988e-13,1.282930468e-13,3.282071717e-13,8.984804027e-14
130.578125,2.477894119e-13,2.151219697e-13,1.147554941e-12,3.663031568e-13,4.478157898e-13,2.008247317e-13,8.144774476e-14,1.487268777e-13,1.146754876e-13,8.671210472e-14,4.218992781e-13,2.365340631e-13,3.370437127e-13,5.42669929e-13,6.963864803e-13,7.005634342e-13,4.089875835e-13,2.597835845e-13,2.434429243e-13,1.515670716e-13,2.314511046e-13,3.7019502e-14,1.308355298e-13,1.74208093e-13,1.128302063e-13,2.50398331e-13,7.076664267e-13,1.798071206e-13,8.561795925e-13,1.290360576e-13,3.249375395e-13,9.116182818e-14
130.5859375,2.463937161e-13,2.178339242e-13,1.1460635e-12,3.630953917e-13,4.43089458e-13,1.97003651e-13,8.168343068e-14,1.490779435e-13,1.135692432e-13,8.501351734e-14,4.262233318e-13,2.346908687e-13,3.330642544e-13,5.34633826e-13,6.956776621e-13,7.00196077e-13,4.070784431e-13,2.558476937e-13,2.427682772e-13,1.539761262e-13,2.316026817e-13,3.629959374e-14,1.30593052e-13,1.746089088e-13,1.128876877e-13,2.525579219e-13,7.084318564e-13,1.776510233e-13,8.575157396e-13,1.298174398e-13,3.21569637e-13,9.250188347e-14
130.59375,2.449421664e-13,2.205225879e-13,1.14401463e-12,3.600512786e-13,4.381442976e-13,1.93186161e-13,8.189108829e-14,1.495617486e-13,1.12486843e-13,8.350314438e-14,4.303512191e-13,2.327299521e-13,3.28897748e-13,5.26329678e-13,6.949674635e-13,7.000967883e-13,4.052595927e-13,2.518170547e-13,2.420158782e-13,1.565004175e-13,2.316086867e-13,3.558673247e-14,1.304757524e-13,1.749597992e-13,1.129480953e-13,2.546522217e-13,7.089429777e-13,1.754891408e-13,8.584995964e-13,1.30532688e-13,3.180945446e-13,9.388395261e-14
130.6015625,2.430667681e-13,2.230401539e-13,1.142443464e-12,3.572471296e-13,4.327847274e-13,1.894120481e-13,8.207411741e-14,1.500134164e-13,1.113107163e-13,8.204815071e-14,4.346727346e-13,2.308140053e-13,3.245694285e-13,5.176633162e-13,6.942798349e-13,7.002846896e-13,4.034170056e-13,2.477049864e-13,2.410765866e-13,1.592028938e-13,2.317239002e-13,3.485351662e-14,1.30338738e-13,1.753013776e-13,1.129291029e-13,2.56834391e-13,7.094295531e-13,1.73296828e-13,8.595690608e-13,1.312965364e-13,3.146000237e-13,9.524856012e-14
130.609375,2.415429856e-13,2.25686581e-13,1.14143803e-12,3.545837986e-13,4.27553887e-13,1.857494405e-13,8.229580159e-14,1.504824819e-13,1.100965425e-13,8.059481947e-14,4.390850328e-13,2.289259622e-13,3.201575297e-13,5.090601053e-13,6.937323396e-13,7.008524719e-13,4.017146384e-13,2.437407831e-13,2.40194826e-13,1.619678667e-13,2.3187507e-13,3.41016845e-14,1.301069985e-13,1.757207124e-13,1.128887722e-13,2.588852276e-13,7.099461064e-13,1.712289111e-13,8.607761473e-13,1.320770537e-13,3.111349298e-13,9.65274757e-14
130.6171875,2.406293423e-13,2.28400042e-13,1.140222491e-12,3.520151969e-13,4.227644598e-13,1.822739025e-13,8.251386111e-14,1.510339651e-13,1.089235085e-13,7.92860359e-14,4.432103793e-13,2.270496004e-13,3.157919216e-13,5.008285983e-13,6.933426687e-13,7.017863884e-13,4.003152094e-13,2.400427946e-13,2.395593724e-13,1.6458932e-13,2.318803533e-13,3.338802538e-14,1.298579693e-13,1.760598976e-13,1.128953047e-13,2.606784284e-13,7.103796646e-13,1.692492452e-13,8.618099047e-13,1.327445738e-13,3.077077119e-13,9.772321078e-14
130.625,2.392985705e-13,2.308597111e-13,1.138676411e-12,3.496183807e-13,4.178707043e-13,1.788972444e-13,8.267377504e-14,1.515964781e-13,1.077081791e-13,7.80719992e-14,4.471749215e-13,2.2521129e-13,3.113913386e-13,4.924629628e-13,6.929687847e-13,7.030029608e-13,3.990096664e-13,2.363756635e-13,2.388862237e-13,1.67160161e-13,2.318246361e-13,3.269909687e-14,1.296238233e-13,1.762042995e-13,1.128614453e-13,2.625240954e-13,7.107622987e-13,1.672839755e-13,8.626835693e-13,1.334374532e-13,3.042934917e-13,9.888150569e-14
130.6328125,2.37658337e-13,2.332692702e-13,1.137120055e-12,3.472757902e-13,4.127261378e-13,1.755492154e-13,8.282406808e-14,1.521935676e-13,1.064457509e-13,7.684382579e-14,4.510986562e-13,2.233389042e-13,3.068424958e-13,4.837893379e-13,6.924675765e-13,7.044519693e-13,3.97580908e-13,2.325751758e-13,2.379577144e-13,1.699746851e-13,2.31772306e-13,3.200101065e-14,1.294071002e-13,1.763063049e-13,1.127491372e-13,2.645045664e-13,7.112644614e-13,1.654016192e-13,8.636847041e-13,1.342246499e-13,3.008503887e-13,1.000629772e-13
130.640625,2.365514686e-13,2.358032848e-13,1.135867104e-12,3.449362454e-13,4.076360636e-13,1.723085574e-13,8.29636591e-14,1.52896368e-13,1.05240295e-13,7.571425638e-14,4.549708793e-13,2.214337739e-13,3.022271292e-13,4.751946702e-13,6.919896886e-13,7.062487966e-13,3.961730492e-13,2.287821487e-13,2.369457157e-13,1.73064742e-13,2.317180472e-13,3.131276294e-14,1.292081774e-13,1.764552775e-13,1.126286898e-13,2.663765075e-13,7.119177986e-13,1.634532208e-13,8.649050357e-13,1.348862315e-13,2.973989136e-13,1.012779531e-13
130.6484375,2.357270525e-13,2.383495779e-13,1.134916726e-12,3.428280301e-13,4.024785683e-13,1.691670619e-13,8.305249693e-14,1.536543272e-13,1.040454165e-13,7.471514947e-14,4.589699089e-13,2.195740262e-13,2.975460353e-13,4.665733999e-13,6.91789969e-13,7.085122889e-13,3.949337546e-13,2.250956147e-13,2.359893355e-13,1.762197556e-13,2.316968806e-13,3.062345507e-14,1.289819725e-13,1.765577338e-13,1.124992537e-13,2.681575184e-13,7.125872538e-13,1.614097508e-13,8.660603691e-13,1.354378159e-13,2.939491994e-13,1.024596839e-13
130.65625,2.349543506e-13,2.410416445e-13,1.133613814e-12,3.409459298e-13,3.972184631e-13,1.660547107e-13,8.314831805e-14,1.544083743e-13,1.028016331e-13,7.372794021e-14,4.628861156e-13,2.177153653e-13,2.927670089e-13,4.577655441e-13,6.9170105e-13,7.109938184e-13,3.936644896e-13,2.214620575e-13,2.350639417e-13,1.793776499e-13,2.316080482e-13,2.992507551e-14,1.2873269e-13,1.765794696e-13,1.12333345e-13,2.699730575e-13,7.131684977e-13,1.596239841e-13,8.668164908e-13,1.361197825e-13,2.905276684e-13,1.035954949e-13
130.6640625,2.343900734e-13,2.43807483e-13,1.131996106e-12,3.390589868e-13,3.921478861e-13,1.630275518e-13,8.329552222e-14,1.551634146e-13,1.015799947e-13,7.280307038e-14,4.664370641e-13,2.158490194e-13,2.880108767e-13,4.490979314e-13,6.915232517e-13,7.135483103e-13,3.923032956e-13,2.178968237e-13,2.341534776e-13,1.826415706e-13,2.314170075e-13,2.925972756e-14,1.285053776e-13,1.765981007e-13,1.121748871e-13,2.717090997e-13,7.136407379e-13,1.580346877e-13,8.673257566e-13,1.368775728e-13,2.873236295e-13,1.047228441e-13
130.671875,2.337423605e-13,2.462644066e-13,1.131007037e-12,3.372984999e-13,3.872210944e-13,1.6016585e-13,8.345099801e-14,1.559368296e-13,1.003601254e-13,7.205536685e-14,4.700540815e-13,2.140490969e-13,2.832410557e-13,4.406425038e-13,6.915769386e-13,7.165659304e-13,3.911828473e-13,2.144740255e-13,2.332492633e-13,1.860401239e-13,2.313024838e-13,2.862082468e-14,1.282911111e-13,1.765948872e-13,1.120465485e-13,2.733164637e-13,7.141019015e-13,1.562875013e-13,8.679511621e-13,1.375475079e-13,2.843646192e-13,1.058176815e-13
130.6796875,2.331328526e-13,2.484773327e-13,1.130199289e-12,3.358371673e-13,3.822197788e-13,1.573841964e-13,8.357868574e-14,1.56767202e-13,9.911552144e-14,7.140228724e-14,4.73860425e-13,2.122343967e-13,2.783282653e-13,4.321693475e-13,6.919472273e-13,7.201001205e-13,3.903185776e-13,2.111388218e-13,2.323698936e-13,1.894469751e-13,2.311917849e-13,2.798016444e-14,1.280762848e-13,1.764393527e-13,1.119131984e-13,2.749235029e-13,7.147907747e-13,1.545202703e-13,8.685264727e-13,1.381807339e-13,2.81377522e-13,1.068881501e-13
130.6875,2.330071449e-13,2.50675206e-13,1.128483311e-12,3.343962302e-13,3.771713519e-13,1.545321906e-13,8.365611602e-14,1.576870675e-13,9.797466867e-14,7.072153205e-14,4.773315849e-13,2.103430513e-13,2.734080609e-13,4.236626395e-13,6.921505407e-13,7.236883664e-13,3.893837598e-13,2.077839143e-13,2.315417465e-13,1.926934355e-13,2.308535065e-13,2.73655784e-14,1.278524053e-13,1.761987297e-13,1.117433453e-13,2.765401477e-13,7.15719479e-13,1.529287479e-13,8.687107409e-13,1.388308267e-13,2.783615731e-13,1.079727486e-13
130.6953125,2.329858056e-13,2.529103579e-13,1.126582423e-12,3.329064477e-13,3.721911344e-13,1.518058631e-13,8.370053299e-14,1.586600771e-13,9.689026717e-14,7.006773485e-14,4.805531011e-13,2.085136871e-13,2.68587611e-13,4.152141021e-13,6.921600492e-13,7.27369833e-13,3.884848737e-13,2.045182654e-13,2.306935926e-13,1.958005924e-13,2.304295878e-13,2.67764769e-14,1.27620715e-13,1.76040739e-13,1.115274338e-13,2.78063156e-13,7.164820411e-13,1.514335555e-13,8.686994971e-13,1.394890736e-13,2.755511621e-13,1.08980374e-13
130.703125,2.327310073e-13,2.553357002e-13,1.125257831e-12,3.31704795e-13,3.673190673e-13,1.495158365e-13,8.377831467e-14,1.59606282e-13,9.566524339e-14,6.955911664e-14,4.838350681e-13,2.067593085e-13,2.637256348e-13,4.068826576e-13,6.923418682e-13,7.314218031e-13,3.878442757e-13,2.015135217e-13,2.297499558e-13,1.989584797e-13,2.301039159e-13,2.61765786e-14,1.274463518e-13,1.757882606e-13,1.112866029e-13,2.794800889e-13,7.169595037e-13,1.500253962e-13,8.687624904e-13,1.401810191e-13,2.728616901e-13,1.098548782e-13
130.7109375,2.326669301e-13,2.578230931e-13,1.123804128e-12,3.307021835e-13,3.624291227e-13,1.47289498e-13,8.384051238e-14,1.605205674e-13,9.443511675e-14,6.917940682e-14,4.869583784e-13,2.049600842e-13,2.587524684e-13,3.985836903e-13,6.925463669e-13,7.356939497e-13,3.872650636e-13,1.986145708e-13,2.287674711e-13,2.022403425e-13,2.297362939e-13,2.558290963e-14,1.273250936e-13,1.752865819e-13,1.110499386e-13,2.809156725e-13,7.176268257e-13,1.486517453e-13,8.686628832e-13,1.408635435e-13,2.701625429e-13,1.107660773e-13
130.71875,2.330581712e-13,2.600772584e-13,1.122105172e-12,3.296216343e-13,3.574467719e-13,1.447031598e-13,8.378664634e-14,1.615216093e-13,9.343779268e-14,6.883112901e-14,4.899602752e-13,2.031807676e-13,2.537497429e-13,3.9016661e-13,6.926419524e-13,7.402472288e-13,3.867117852e-13,1.956290542e-13,2.278612827e-13,2.055936144e-13,2.292354294e-13,2.502800942e-14,1.271384117e-13,1.748817912e-13,1.108064838e-13,2.824565782e-13,7.185718978e-13,1.472781559e-13,8.681344944e-13,1.414705797e-13,2.67529997e-13,1.118264315e-13
130.7265625,2.337650994e-13,2.622924506e-13,1.120489184e-12,3.286902959e-13,3.525447588e-13,1.42299346e-13,8.369985111e-14,1.626546032e-13,9.253127128e-14,6.851258919e-14,4.929589158e-13,2.014649317e-13,2.487909724e-13,3.818194959e-13,6.929584268e-13,7.453346902e-13,3.864358977e-13,1.927462546e-13,2.270400539e-13,2.089148436e-13,2.286420894e-13,2.450474371e-14,1.268812251e-13,1.747273446e-13,1.105373339e-13,2.839212014e-13,7.192694256e-13,1.460604647e-13,8.673613506e-13,1.420176851e-13,2.649114831e-13,1.128725234e-13
130.734375,2.345393418e-13,2.645916993e-13,1.118253739e-12,3.280338539e-13,3.47576424e-13,1.40388132e-13,8.366463117e-14,1.637700679e-13,9.149806473e-14,6.831140879e-14,4.955410388e-13,1.996361245e-13,2.438465862e-13,3.736309989e-13,6.934039066e-13,7.506390452e-13,3.862776683e-13,1.90082162e-13,2.261411845e-13,2.120734189e-13,2.279335305e-13,2.39751971e-14,1.26670874e-13,1.744273184e-13,1.102444536e-13,2.851266772e-13,7.196376683e-13,1.449601498e-13,8.665137091e-13,1.42523185e-13,2.622626063e-13,1.137597258e-13
130.7421875,2.351806952e-13,2.668025565e-13,1.115264645e-12,3.274095607e-13,3.422643156e-13,1.383516574e-13,8.358465593e-14,1.64814454e-13,9.040287742e-14,6.824988048e-14,4.976426459e-13,1.976635309e-13,2.388224619e-13,3.652786763e-13,6.935846274e-13,7.558660073e-13,3.858561814e-13,1.87426646e-13,2.250658519e-13,2.152376893e-13,2.271692691e-13,2.341227946e-14,1.265324973e-13,1.73905446e-13,1.099142587e-13,2.862594672e-13,7.199407476e-13,1.438485164e-13,8.653451475e-13,1.43034421e-13,2.597380018e-13,1.145879776e-13
130.75,2.360192464e-13,2.69098439e-13,1.112511576e-12,3.268536586e-13,3.371601878e-13,1.36230128e-13,8.344441745e-14,1.659542834e-13,8.94030861e-14,6.824073494e-14,4.996955386e-13,1.957613614e-13,2.338320404e-13,3.569755569e-13,6.937197938e-13,7.61348947e-13,3.853451654e-13,1.84818941e-13,2.240079421e-13,2.187401706e-13,2.264409288e-13,2.287582321e-14,1.263635621e-13,1.735545823e-13,1.095394634e-13,2.874806376e-13,7.200337918e-13,1.428296009e-13,8.638489115e-13,1.436175926e-13,2.573472023e-13,1.154638325e-13
130.7578125,2.376124145e-13,2.715086237e-13,1.110036381e-12,3.26499174e-13,3.327513806e-13,1.346685186e-13,8.333532085e-14,1.672112563e-13,8.85663518e-14,6.825373487e-14,5.017026234e-13,1.940069826e-13,2.290722673e-13,3.49235187e-13,6.940935494e-13,7.672791656e-13,3.851639515e-13,1.824927537e-13,2.231412551e-13,2.224373787e-13,2.256802538e-13,2.245200113e-14,1.260570632e-13,1.734331215e-13,1.091445868e-13,2.88659441e-13,7.198879645e-13,1.419303742e-13,8.625689773e-13,1.442028197e-13,2.549848812e-13,1.163373323e-13
130.765625,2.396869387e-13,2.736327612e-13,1.10705093e-12,3.26180813e-13,3.283620462e-13,1.333640217e-13,8.321247354e-14,1.68394635e-13,8.781825334e-14,6.839260614e-14,5.033871636e-13,1.922549612e-13,2.243441949e-13,3.416634826e-13,6.944198855e-13,7.733943081e-13,3.85110583e-13,1.803016432e-13,2.223060792e-13,2.260206723e-13,2.248422495e-13,2.208380881e-14,1.256205843e-13,1.732497118e-13,1.08722687e-13,2.89749343e-13,7.196765968e-13,1.410509079e-13,8.615065311e-13,1.446917668e-13,2.526786409e-13,1.171563127e-13
130.7734375,2.414679101e-13,2.755047022e-13,1.103466289e-12,3.258445977e-13,3.235506581e-13,1.318246106e-13,8.303276799e-14,1.694763602e-13,8.699647195e-14,6.867030744e-14,5.046505218e-13,1.903945981e-13,2.194143567e-13,3.338168699e-13,6.945657648e-13,7.795997014e-13,3.847769231e-13,1.780406943e-13,2.213413697e-13,2.295780369e-13,2.239524787e-13,2.166373921e-14,1.251460359e-13,1.729107159e-13,1.08242764e-13,2.906954209e-13,7.190656439e-13,1.401640572e-13,8.599125652e-13,1.451034105e-13,2.504577599e-13,1.178942936e-13
130.78125,2.429700531e-13,2.774659957e-13,1.099539279e-12,3.257120237e-13,3.188106031e-13,1.304387612e-13,8.287625208e-14,1.706016509e-13,8.611555921e-14,6.898116584e-14,5.054988364e-13,1.884434501e-13,2.145304728e-13,3.260986215e-13,6.947896639e-13,7.860862299e-13,3.844377983e-13,1.758536525e-13,2.203187804e-13,2.331593922e-13,2.229342015e-13,2.123840031e-14,1.246811859e-13,1.725330079e-13,1.077389693e-13,2.913665409e-13,7.179630227e-13,1.392565505e-13,8.576888623e-13,1.454641484e-13,2.483458522e-13,1.185299279e-13
130.7890625,2.448317364e-13,2.794782718e-13,1.095363833e-12,3.25893194e-13,3.14241704e-13,1.294812465e-13,8.273359531e-14,1.717989236e-13,8.534831322e-14,6.9368183e-14,5.06097074e-13,1.864599599e-13,2.098750692e-13,3.18652476e-13,6.951601905e-13,7.929817014e-13,3.84447896e-13,1.738568142e-13,2.192763822e-13,2.36675128e-13,2.217617407e-13,2.089455346e-14,1.24240586e-13,1.721780165e-13,1.072792874e-13,2.920611043e-13,7.17010395e-13,1.383741218e-13,8.554244059e-13,1.458158214e-13,2.464256068e-13,1.191834637e-13
130.796875,2.471356408e-13,2.812614921e-13,1.091292291e-12,3.261537942e-13,3.097006745e-13,1.286969534e-13,8.254973096e-14,1.730295075e-13,8.471516939e-14,6.99144554e-14,5.066319827e-13,1.845198827e-13,2.052773304e-13,3.11264789e-13,6.956721429e-13,8.0028254e-13,3.846412957e-13,1.720381663e-13,2.182076298e-13,2.402847248e-13,2.205606295e-13,2.060044909e-14,1.238128966e-13,1.718374277e-13,1.068696229e-13,2.930688626e-13,7.162711013e-13,1.375053284e-13,8.531993705e-13,1.462271767e-13,2.447310038e-13,1.199613882e-13
130.8046875,2.495071341e-13,2.826226841e-13,1.087539749e-12,3.26287564e-13,3.054841619e-13,1.280313263e-13,8.239867329e-14,1.743464981e-13,8.412715402e-14,7.052782044e-14,5.069887882e-13,1.826745082e-13,2.00737994e-13,3.041376938e-13,6.964441025e-13,8.079584965e-13,3.850004115e-13,1.704435461e-13,2.17190019e-13,2.440357109e-13,2.193482648e-13,2.031432457e-14,1.233326878e-13,1.715844479e-13,1.064687124e-13,2.940120034e-13,7.151974639e-13,1.365010267e-13,8.508059127e-13,1.46619435e-13,2.432637694e-13,1.207349476e-13
130.8125,2.520294162e-13,2.837536941e-13,1.083586083e-12,3.266174483e-13,3.014142366e-13,1.275970215e-13,8.231771113e-14,1.757493834e-13,8.356794722e-14,7.116303039e-14,5.069041454e-13,1.808331168e-13,1.963415525e-13,2.972252477e-13,6.973450211e-13,8.15935165e-13,3.855726458e-13,1.689962174e-13,2.161682309e-13,2.477296663e-13,2.180102172e-13,2.005556289e-14,1.228200026e-13,1.714979298e-13,1.06052752e-13,2.947100391e-13,7.138350437e-13,1.354327706e-13,8.482912347e-13,1.468953722e-13,2.419493801e-13,1.214342251e-13
130.8203125,2.550306335e-13,2.850045909e-13,1.078967306e-12,3.273449879e-13,2.970515819e-13,1.273342671e-13,8.220932807e-14,1.770971881e-13,8.303786134e-14,7.18738089e-14,5.063598881e-13,1.788841727e-13,1.919445961e-13,2.902047843e-13,6.981124564e-13,8.240147604e-13,3.860023682e-13,1.676132739e-13,2.150091939e-13,2.513781153e-13,2.165634677e-13,1.982746617e-14,1.223422986e-13,1.714382863e-13,1.056192568e-13,2.955421006e-13,7.12421334e-13,1.344759186e-13,8.455339548e-13,1.471615625e-13,2.40647066e-13,1.221676869e-13
130.828125,2.584298384e-13,2.861709e-13,1.073968545e-12,3.279170962e-13,2.927625564e-13,1.271262506e-13,8.202109743e-14,1.783365815e-13,8.254759829e-14,7.261557973e-14,5.056237202e-13,1.769020802e-13,1.875315747e-13,2.833430969e-13,6.987315578e-13,8.320118999e-13,3.862434447e-13,1.664149008e-13,2.138037553e-13,2.550179342e-13,2.151395541e-13,1.961646792e-14,1.218165722e-13,1.712609303e-13,1.051529385e-13,2.964249577e-13,7.107832209e-13,1.335594826e-13,8.423605732e-13,1.474747462e-13,2.394286866e-13,1.228882027e-13
130.8359375,2.620051251e-13,2.870375132e-13,1.068876132e-12,3.281861085e-13,2.888192892e-13,1.269949227e-13,8.180426424e-14,1.795849366e-13,8.212114387e-14,7.336431843e-14,5.047995548e-13,1.749508647e-13,1.832423507e-13,2.768076381e-13,6.992663415e-13,8.40032851e-13,3.866011353e-13,1.653691737e-13,2.126379997e-13,2.585670801e-13,2.137602448e-13,1.942801795e-14,1.211845204e-13,1.711040426e-13,1.046357228e-13,2.969828561e-13,7.088489545e-13,1.326361868e-13,8.38944539e-13,1.477002112e-13,2.384276081e-13,1.234870848e-13
130.84375,2.658074809e-13,2.880244609e-13,1.06358399e-12,3.288394253e-13,2.84837128e-13,1.271297889e-13,8.160979537e-14,1.808951917e-13,8.171580052e-14,7.41742293e-14,5.036449147e-13,1.729466291e-13,1.790197487e-13,2.702714224e-13,6.997933313e-13,8.48333813e-13,3.870246817e-13,1.643628642e-13,2.114028868e-13,2.621119338e-13,2.123459197e-13,1.92667081e-14,1.205343982e-13,1.710663907e-13,1.040943987e-13,2.973888957e-13,7.067180388e-13,1.317585694e-13,8.354224499e-13,1.478228371e-13,2.375427541e-13,1.24035037e-13
130.8515625,2.70007389e-13,2.891350887e-13,1.058171699e-12,3.299566269e-13,2.808126825e-13,1.275815876e-13,8.14244578e-14,1.821928984e-13,8.131971146e-14,7.504939077e-14,5.020977169e-13,1.709272839e-13,1.748203922e-13,2.638695572e-13,7.004656197e-13,8.569025391e-13,3.87490003e-13,1.635909831e-13,2.100924879e-13,2.656994851e-13,2.108744655e-13,1.913607915e-14,1.198675356e-13,1.710334663e-13,1.035634861e-13,2.978843317e-13,7.044782349e-13,1.308815763e-13,8.317726477e-13,1.479706058e-13,2.367615599e-13,1.245667399e-13
130.859375,2.745802762e-13,2.897852392e-13,1.052751247e-12,3.30974412e-13,2.770493836e-13,1.281626883e-13,8.120575667e-14,1.834742353e-13,8.101416387e-14,7.60096109e-14,5.003752853e-13,1.690147608e-13,1.707919284e-13,2.578826554e-13,7.012382867e-13,8.655695873e-13,3.881223735e-13,1.631351885e-13,2.088020139e-13,2.693465304e-13,2.093775755e-13,1.905393966e-14,1.191458522e-13,1.710421184e-13,1.030221916e-13,2.984132402e-13,7.022343069e-13,1.299910515e-13,8.280636398e-13,1.481454372e-13,2.362148619e-13,1.250496392e-13
130.8671875,2.793601584e-13,2.901140415e-13,1.047071045e-12,3.318365499e-13,2.734948826e-13,1.288576702e-13,8.096238766e-14,1.848167256e-13,8.081734557e-14,7.704350792e-14,4.984968097e-13,1.671422774e-13,1.669765851e-13,2.520698013e-13,7.019483539e-13,8.743835657e-13,3.887827154e-13,1.628002037e-13,2.075441564e-13,2.732788926e-13,2.07845868e-13,1.903038033e-14,1.184440825e-13,1.712312127e-13,1.024688341e-13,2.9905112e-13,6.998590138e-13,1.291116442e-13,8.24247239e-13,1.483019685e-13,2.357604293e-13,1.25555803e-13
130.875,2.845707773e-13,2.906362058e-13,1.041071872e-12,3.328415894e-13,2.699437081e-13,1.298306047e-13,8.071899506e-14,1.862077975e-13,8.065732396e-14,7.807405987e-14,4.964054583e-13,1.652094661e-13,1.632630321e-13,2.463152871e-13,7.027147105e-13,8.835152895e-13,3.895773429e-13,1.626614839e-13,2.063516682e-13,2.773477285e-13,2.062470451e-13,1.90376077e-14,1.177765099e-13,1.715298207e-13,1.01952404e-13,2.998809664e-13,6.972826783e-13,1.282968702e-13,8.201683687e-13,1.485063638e-13,2.351717674e-13,1.261068303e-13
130.8828125,2.906350368e-13,2.911851211e-13,1.035095436e-12,3.34166643e-13,2.661908395e-13,1.311034412e-13,8.045481256e-14,1.875736122e-13,8.048595229e-14,7.920455633e-14,4.942063723e-13,1.632405556e-13,1.595739623e-13,2.407117649e-13,7.037820868e-13,8.930593238e-13,3.908315637e-13,1.628503961e-13,2.052055691e-13,2.811291999e-13,2.045977653e-13,1.903665733e-14,1.170641166e-13,1.718675402e-13,1.014532495e-13,3.007673591e-13,6.947927031e-13,1.27671529e-13,8.159095416e-13,1.487653284e-13,2.345240907e-13,1.266283183e-13
130.890625,2.972270334e-13,2.915892993e-13,1.029259925e-12,3.357189179e-13,2.623477407e-13,1.325778276e-13,8.017791721e-14,1.889524468e-13,8.033904481e-14,8.054620511e-14,4.918820477e-13,1.612675922e-13,1.559026259e-13,2.352052088e-13,7.051402749e-13,9.029986533e-13,3.92314249e-13,1.631512314e-13,2.040020206e-13,2.849121017e-13,2.029454214e-13,1.905006103e-14,1.162736644e-13,1.723330531e-13,1.009112116e-13,3.015940683e-13,6.92260665e-13,1.271493201e-13,8.116001717e-13,1.489506899e-13,2.340338872e-13,1.271237081e-13
130.8984375,3.038072592e-13,2.921477679e-13,1.023342544e-12,3.37117679e-13,2.588764706e-13,1.341281769e-13,7.992756522e-14,1.904214403e-13,8.030642115e-14,8.191564054e-14,4.892961178e-13,1.593161062e-13,1.523029894e-13,2.299145814e-13,7.065126103e-13,9.130779456e-13,3.936832773e-13,1.634494192e-13,2.028015943e-13,2.890841578e-13,2.012786662e-13,1.913026527e-14,1.154044853e-13,1.729070207e-13,1.003514784e-13,3.023141475e-13,6.892401938e-13,1.265566765e-13,8.071352353e-13,1.490319844e-13,2.338100281e-13,1.276251765e-13
130.90625,3.107335052e-13,2.927713837e-13,1.017239632e-12,3.384368944e-13,2.556738892e-13,1.358194793e-13,7.970269342e-14,1.918647923e-13,8.037039224e-14,8.322477642e-14,4.864390635e-13,1.573753753e-13,1.488320266e-13,2.249212191e-13,7.076557802e-13,9.230189743e-13,3.950518312e-13,1.638705112e-13,2.016644952e-13,2.932302474e-13,1.995206352e-13,1.926504797e-14,1.144906906e-13,1.734518634e-13,9.981363888e-14,3.029906962e-13,6.859873473e-13,1.25998246e-13,8.024512936e-13,1.49131639e-13,2.337693334e-13,1.281470275e-13
130.9140625,3.183947155e-13,2.930083299e-13,1.011124363e-12,3.401048826e-13,2.523591783e-13,1.379241113e-13,7.950788834e-14,1.93121459e-13,8.041476453e-14,8.467599711e-14,4.833448323e-13,1.553953004e-13,1.454984404e-13,2.200572238e-13,7.086834815e-13,9.329312503e-13,3.965682607e-13,1.644453193e-13,2.004881211e-13,2.970801622e-13,1.976534391e-13,1.943322171e-14,1.135774342e-13,1.739792118e-13,9.928589817e-14,3.038396796e-13,6.828990581e-13,1.255238503e-13,7.977447288e-13,1.492987602e-13,2.337155136e-13,1.287248168e-13
130.921875,3.264818445e-13,2.929778804e-13,1.005127263e-12,3.418387308e-13,2.492068103e-13,1.403074742e-13,7.933320298e-14,1.943077983e-13,8.046975813e-14,8.633403682e-14,4.800360695e-13,1.534487096e-13,1.422983245e-13,2.154105633e-13,7.098675332e-13,9.430490046e-13,3.983082693e-13,1.652026184e-13,1.993665921e-13,3.009514325e-13,1.95751544e-13,1.965654904e-14,1.126531961e-13,1.746170593e-13,9.877269184e-14,3.048934589e-13,6.7978134e-13,1.250463483e-13,7.93178335e-13,1.494722545e-13,2.335801592e-13,1.293191365e-13
130.9296875,3.34850326e-13,2.930897903e-13,9.991062495e-13,3.433032456e-13,2.463052636e-13,1.425887317e-13,7.910940304e-14,1.955773244e-13,8.063086447e-14,8.80693928e-14,4.765892885e-13,1.516001483e-13,1.391865966e-13,2.110371825e-13,7.111859715e-13,9.533502702e-13,4.003540161e-13,1.662068897e-13,1.984523851e-13,3.04929135e-13,1.938411951e-13,1.99089398e-14,1.117272416e-13,1.753743486e-13,9.82728103e-14,3.059759299e-13,6.765760485e-13,1.246737904e-13,7.886373122e-13,1.496488998e-13,2.334522896e-13,1.298545088e-13
130.9375,3.434965074e-13,2.931966564e-13,9.929134397e-13,3.448560315e-13,2.432230667e-13,1.449373587e-13,7.884024939e-14,1.967907484e-13,8.083619583e-14,8.98075814e-14,4.73010281e-13,1.497178349e-13,1.361071383e-13,2.066399171e-13,7.12443249e-13,9.636685011e-13,4.025486031e-13,1.673598506e-13,1.975439941e-13,3.088959986e-13,1.918649322e-13,2.014911356e-14,1.108012909e-13,1.761707741e-13,9.775223146e-14,3.070392331e-13,6.733634937e-13,1.24403341e-13,7.839321399e-13,1.498561973e-13,2.334220116e-13,1.303512752e-13
130.9453125,3.522454326e-13,2.93044885e-13,9.865499389e-13,3.4653217e-13,2.400048254e-13,1.475982281e-13,7.858714543e-14,1.978551429e-13,8.103505641e-14,9.156092681e-14,4.691500723e-13,1.47725984e-13,1.330639559e-13,2.022073608e-13,7.135415745e-13,9.737934082e-13,4.046720848e-13,1.685324503e-13,1.964766889e-13,3.12834476e-13,1.897890516e-13,2.041146692e-14,1.097954418e-13,1.770212935e-13,9.720746705e-14,3.081181349e-13,6.698229938e-13,1.240846579e-13,7.789625343e-13,1.500428867e-13,2.334686975e-13,1.308538657e-13
130.953125,3.614080795e-13,2.928835858e-13,9.80015756e-13,3.480690273e-13,2.368213295e-13,1.503620683e-13,7.831956764e-14,1.98942188e-13,8.129081163e-14,9.342086722e-14,4.649715622e-13,1.456907813e-13,1.300284651e-13,1.978936622e-13,7.144975471e-13,9.837348758e-13,4.067994254e-13,1.697533162e-13,1.95387795e-13,3.166809034e-13,1.876393282e-13,2.071251868e-14,1.087259137e-13,1.779626841e-13,9.666258959e-14,3.092674495e-13,6.659328389e-13,1.238518609e-13,7.736819047e-13,1.501781282e-13,2.334256774e-13,1.314061226e-13
130.9609375,3.712532292e-13,2.928101971e-13,9.734135925e-13,3.49596048e-13,2.335352245e-13,1.531830425e-13,7.802558508e-14,2.001149429e-13,8.160538404e-14,9.542722764e-14,4.606900866e-13,1.436147469e-13,1.270098742e-13,1.935952216e-13,7.155462171e-13,9.939230844e-13,4.09178885e-13,1.711374403e-13,1.943260001e-13,3.205938556e-13,1.854886775e-13,2.102272628e-14,1.076927077e-13,1.789589787e-13,9.614794059e-14,3.106016382e-13,6.621444716e-13,1.237304304e-13,7.682934601e-13,1.503089522e-13,2.332460248e-13,1.320617796e-13
130.96875,3.813779881e-13,2.925098587e-13,9.668276216e-13,3.511135935e-13,2.303326535e-13,1.563086057e-13,7.777021889e-14,2.012524609e-13,8.193982558e-14,9.7457982e-14,4.563469474e-13,1.415114886e-13,1.241643839e-13,1.894216425e-13,7.169091459e-13,1.00450745e-12,4.118945875e-13,1.727428958e-13,1.932646749e-13,3.247900583e-13,1.834047867e-13,2.136984936e-14,1.066553092e-13,1.800361573e-13,9.567980489e-14,3.120514969e-13,6.584712414e-13,1.234650934e-13,7.63179111e-13,1.504373866e-13,2.33119562e-13,1.327369226e-13
130.9765625,3.919142883e-13,2.92084167e-13,9.599994305e-13,3.526275447e-13,2.273560427e-13,1.59885069e-13,7.753169222e-14,2.022847684e-13,8.229737813e-14,9.946457047e-14,4.517140871e-13,1.394284952e-13,1.214905785e-13,1.855556783e-13,7.183649899e-13,1.015007937e-12,4.148018165e-13,1.745369281e-13,1.923010719e-13,3.2897556e-13,1.813413064e-13,2.17906943e-14,1.05554377e-13,1.812131589e-13,9.519839454e-14,3.134341085e-13,6.546342796e-13,1.232268233e-13,7.582504082e-13,1.505275113e-13,2.330126394e-13,1.332941475e-13
130.984375,4.033341249e-13,2.919517373e-13,9.527625315e-13,3.543934061e-13,2.242719714e-13,1.638864754e-13,7.726666795e-14,2.031859526e-13,8.264611643e-14,1.015431334e-13,4.46819493e-13,1.372731897e-13,1.188034468e-13,1.817508459e-13,7.196757266e-13,1.025264678e-12,4.178576401e-13,1.765086238e-13,1.91420313e-13,3.329085187e-13,1.791853345e-13,2.224708809e-14,1.04451063e-13,1.824073243e-13,9.466221689e-14,3.147919899e-13,6.506194967e-13,1.2334903e-13,7.530161207e-13,1.50603366e-13,2.326845236e-13,1.337866262e-13
130.9921875,4.149707454e-13,2.919524519e-13,9.454391842e-13,3.561348503e-13,2.209897664e-13,1.68003224e-13,7.702900874e-14,2.040144953e-13,8.295808422e-14,1.037246921e-13,4.418099226e-13,1.349755417e-13,1.161643392e-13,1.778382255e-13,7.210603134e-13,1.035753162e-12,4.211494817e-13,1.786205709e-13,1.904823566e-13,3.368766458e-13,1.769093279e-13,2.269596544e-14,1.033746316e-13,1.83693058e-13,9.415837314e-14,3.162334517e-13,6.46459992e-13,1.235486932e-13,7.474395632e-13,1.50703486e-13,2.322934178e-13,1.343349067e-13
131,4.262062737e-13,2.916081828e-13,9.383842806e-13,3.575428592e-13,2.177867086e-13,1.719725584e-13,7.683261201e-14,2.049098154e-13,8.33096465e-14,1.05992219e-13,4.366057306e-13,1.326746912e-13,1.137435666e-13,1.740136408e-13,7.226731436e-13,1.046669604e-12,4.245387137e-13,1.807473246e-13,1.895122711e-13,3.410085717e-13,1.745653981e-13,2.316041159e-14,1.023025178e-13,1.852060976e-13,9.374822418e-14,3.177867366e-13,6.423496818e-13,1.234704667e-13,7.419506348e-13,1.508430808e-13,2.321651773e-13,1.349495038e-13
131.0078125,4.377812417e-13,2.909708201e-13,9.316150662e-13,3.59011493e-13,2.148189579e-13,1.760529501e-13,7.663255374e-14,2.058379508e-13,8.376679491e-14,1.083375769e-13,4.313476141e-13,1.304881437e-13,1.114680279e-13,1.704341023e-13,7.244356307e-13,1.057788165e-12,4.280397541e-13,1.83014596e-13,1.886759013e-13,3.451293901e-13,1.722372153e-13,2.368043273e-14,1.012332829e-13,1.868118697e-13,9.338515436e-14,3.195248408e-13,6.386052546e-13,1.233870223e-13,7.367467686e-13,1.510286189e-13,2.321380161e-13,1.356088896e-13
131.015625,4.503514246e-13,2.905408719e-13,9.248158978e-13,3.608234357e-13,2.11914161e-13,1.805681322e-13,7.6434992e-14,2.066702884e-13,8.422881698e-14,1.107040585e-13,4.26189481e-13,1.283315175e-13,1.092604358e-13,1.670858462e-13,7.265467614e-13,1.069137783e-12,4.321076344e-13,1.857245833e-13,1.880384098e-13,3.492249478e-13,1.700033509e-13,2.422742797e-14,1.001606286e-13,1.884181434e-13,9.303837207e-14,3.214382187e-13,6.349129383e-13,1.237038109e-13,7.316021435e-13,1.512176014e-13,2.318503489e-13,1.362726743e-13
131.0234375,4.636627669e-13,2.905653513e-13,9.177067517e-13,3.629438151e-13,2.087301598e-13,1.854968457e-13,7.62368907e-14,2.074416244e-13,8.458932632e-14,1.130588754e-13,4.207475069e-13,1.260981337e-13,1.071690746e-13,1.638175411e-13,7.290470741e-13,1.080708302e-12,4.36592548e-13,1.886819775e-13,1.874781864e-13,3.533818658e-13,1.678154994e-13,2.47631852e-14,9.910031546e-14,1.901499351e-13,9.268576231e-14,3.234747206e-13,6.308154676e-13,1.243618311e-13,7.261917984e-13,1.513846598e-13,2.313474167e-13,1.369149724e-13
131.03125,4.771464404e-13,2.906739674e-13,9.106699789e-13,3.65055351e-13,2.05477535e-13,1.905501863e-13,7.600826395e-14,2.08225035e-13,8.49918625e-14,1.154277461e-13,4.150127689e-13,1.238573015e-13,1.051875767e-13,1.605486355e-13,7.313163835e-13,1.091928719e-12,4.406639317e-13,1.914170505e-13,1.868834853e-13,3.577264719e-13,1.655504813e-13,2.53526167e-14,9.804834931e-14,1.920100668e-13,9.230297071e-14,3.25699098e-13,6.26748659e-13,1.249842214e-13,7.205961029e-13,1.515913321e-13,2.30940123e-13,1.376154455e-13
131.0390625,4.903351028e-13,2.903677253e-13,9.042686626e-13,3.663623721e-13,2.027275602e-13,1.953273641e-13,7.577104811e-14,2.090282695e-13,8.560383009e-14,1.178619397e-13,4.096271805e-13,1.217378918e-13,1.033356834e-13,1.574721401e-13,7.331120788e-13,1.102552554e-12,4.44431801e-13,1.940205742e-13,1.86372912e-13,3.623202748e-13,1.632181443e-13,2.604926621e-14,9.693169957e-14,1.940109492e-13,9.195130154e-14,3.280202155e-13,6.230806383e-13,1.253866555e-13,7.152902779e-13,1.518263778e-13,2.307104514e-13,1.38387331e-13
131.046875,5.037483053e-13,2.898035115e-13,8.982021345e-13,3.670417226e-13,2.001991751e-13,1.999955035e-13,7.555064104e-14,2.098183721e-13,8.628402137e-14,1.204326149e-13,4.04469985e-13,1.196672206e-13,1.016520086e-13,1.546348129e-13,7.350287881e-13,1.113152874e-12,4.487424595e-13,1.968919135e-13,1.860718417e-13,3.668586383e-13,1.608744682e-13,2.678833366e-14,9.578537556e-14,1.962309938e-13,9.168392748e-14,3.303346279e-13,6.192760614e-13,1.258151742e-13,7.102840798e-13,1.52004087e-13,2.304615291e-13,1.391314925e-13
131.0546875,5.184796802e-13,2.895672454e-13,8.919440223e-13,3.683311908e-13,1.972905407e-13,2.051723374e-13,7.533048251e-14,2.104661211e-13,8.686153973e-14,1.231020399e-13,3.988663472e-13,1.174756397e-13,1.000385049e-13,1.518255567e-13,7.37316719e-13,1.123997555e-12,4.535545066e-13,2.000931192e-13,1.858497221e-13,3.711681773e-13,1.584704035e-13,2.752765035e-14,9.47512862e-14,1.984567815e-13,9.146442501e-14,3.329442972e-13,6.152159143e-13,1.265662096e-13,7.050905447e-13,1.522175025e-13,2.301052298e-13,1.398908649e-13
131.0625,5.339942195e-13,2.897637883e-13,8.858417574e-13,3.70183885e-13,1.942372779e-13,2.106703449e-13,7.509346787e-14,2.109422484e-13,8.74125998e-14,1.257538041e-13,3.930369544e-13,1.152297943e-13,9.8458415e-14,1.490995512e-13,7.397896066e-13,1.134925936e-12,4.584983062e-13,2.035479037e-13,1.85610019e-13,3.756587496e-13,1.560383449e-13,2.82779654e-14,9.380806598e-14,2.005628034e-13,9.129433181e-14,3.359780547e-13,6.115553433e-13,1.276134205e-13,6.997948688e-13,1.526202659e-13,2.29808072e-13,1.407318955e-13
131.0703125,5.488552444e-13,2.899843477e-13,8.804378464e-13,3.717655736e-13,1.91391265e-13,2.159183607e-13,7.483414719e-14,2.114216013e-13,8.80080905e-14,1.284109492e-13,3.874894568e-13,1.131192491e-13,9.703762041e-14,1.46644658e-13,7.426495072e-13,1.146216592e-12,4.6381534e-13,2.072558528e-13,1.854975087e-13,3.805990739e-13,1.537182281e-13,2.902638276e-14,9.283097389e-14,2.028087965e-13,9.121097955e-14,3.390481476e-13,6.083672365e-13,1.287895121e-13,6.948685895e-13,1.53115526e-13,2.296693723e-13,1.415528745e-13
131.078125,5.633957319e-13,2.900349672e-13,8.755485761e-13,3.733888102e-13,1.886739558e-13,2.212562922e-13,7.45870112e-14,2.11944143e-13,8.861990374e-14,1.311179827e-13,3.819881442e-13,1.111165313e-13,9.57937856e-14,1.444057879e-13,7.459980652e-13,1.1579843e-12,4.695028064e-13,2.11134905e-13,1.855887234e-13,3.857986013e-13,1.514654119e-13,2.981521379e-14,9.184313769e-14,2.051954775e-13,9.11893339e-14,3.420749814e-13,6.052886144e-13,1.300062026e-13,6.902261109e-13,1.535439099e-13,2.29555586e-13,1.423615176e-13
131.0859375,5.787056942e-13,2.90108616e-13,8.707384653e-13,3.753808374e-13,1.85993999e-13,2.27141255e-13,7.441239428e-14,2.124047194e-13,8.924951657e-14,1.33819022e-13,3.763059717e-13,1.090596635e-13,9.460604482e-14,1.422684664e-13,7.495200508e-13,1.16978709e-12,4.75326924e-13,2.151629257e-13,1.857388191e-13,3.911306197e-13,1.491111654e-13,3.068125602e-14,9.092762484e-14,2.074899753e-13,9.121130787e-14,3.45365049e-13,6.024575562e-13,1.312282655e-13,6.855888032e-13,1.539479821e-13,2.293479589e-13,1.432663488e-13
131.09375,5.945015069e-13,2.902968777e-13,8.660813195e-13,3.772422985e-13,1.832450965e-13,2.33212176e-13,7.428370727e-14,2.12830231e-13,8.988726369e-14,1.365726236e-13,3.707384655e-13,1.069428739e-13,9.343484895e-14,1.401688504e-13,7.531540684e-13,1.181560706e-12,4.815644499e-13,2.194294836e-13,1.858517801e-13,3.965482835e-13,1.466859684e-13,3.154876894e-14,9.007114752e-14,2.097961784e-13,9.130158409e-14,3.489162758e-13,5.999971492e-13,1.32484769e-13,6.80950333e-13,1.544067336e-13,2.29099029e-13,1.441933084e-13
131.1015625,6.103265613e-13,2.904452114e-13,8.620603988e-13,3.788066869e-13,1.805753487e-13,2.391418782e-13,7.411570304e-14,2.132406126e-13,9.05552911e-14,1.394748137e-13,3.654950269e-13,1.049120944e-13,9.236642712e-14,1.381642343e-13,7.569311176e-13,1.193479566e-12,4.882605678e-13,2.238300851e-13,1.860835802e-13,4.02041076e-13,1.443405483e-13,3.242241239e-14,8.924014407e-14,2.12261137e-13,9.14573056e-14,3.526468039e-13,5.9777171e-13,1.338458907e-13,6.763634555e-13,1.549447852e-13,2.288556883e-13,1.451212283e-13
131.109375,6.266050232e-13,2.905201145e-13,8.589147356e-13,3.802626068e-13,1.784111719e-13,2.4511768e-13,7.390126856e-14,2.135349073e-13,9.131881151e-14,1.424166831e-13,3.6052208e-13,1.030538243e-13,9.148986475e-14,1.365083898e-13,7.606717151e-13,1.205344421e-12,4.949938188e-13,2.28198531e-13,1.866409795e-13,4.077407838e-13,1.42108012e-13,3.340473939e-14,8.84433992e-14,2.148117455e-13,9.165831585e-14,3.566792136e-13,5.959832583e-13,1.353296026e-13,6.721154691e-13,1.55623385e-13,2.285764772e-13,1.461770425e-13
131.1171875,6.432837027e-13,2.906398025e-13,8.564603386e-13,3.816425431e-13,1.765843536e-13,2.511971528e-13,7.367787433e-14,2.136757921e-13,9.211865914e-14,1.452795225e-13,3.557749122e-13,1.013309757e-13,9.077255694e-14,1.352318671e-13,7.644540787e-13,1.217049317e-12,5.017611503e-13,2.32636711e-13,1.874479867e-13,4.135373109e-13,1.399699079e-13,3.444561976e-14,8.769860062e-14,2.173718317e-13,9.189845884e-14,3.60970473e-13,5.947962479e-13,1.369072398e-13,6.684889616e-13,1.564267734e-13,2.28303109e-13,1.47296566e-13
131.125,6.597978589e-13,2.908089215e-13,8.545992598e-13,3.830881769e-13,1.746183257e-13,2.572641428e-13,7.345532343e-14,2.137197051e-13,9.286143426e-14,1.481220463e-13,3.512057212e-13,9.970124218e-14,9.013501688e-14,1.340734997e-13,7.68615075e-13,1.228830784e-12,5.088722935e-13,2.37332562e-13,1.883059662e-13,4.192410182e-13,1.379315934e-13,3.544483364e-14,8.70267753e-14,2.198489207e-13,9.218884518e-14,3.654256265e-13,5.940045783e-13,1.386028284e-13,6.651299147e-13,1.572503967e-13,2.281053439e-13,1.483782953e-13
131.1328125,6.764245122e-13,2.910274107e-13,8.533834404e-13,3.847082933e-13,1.725899894e-13,2.634851792e-13,7.324893119e-14,2.137471832e-13,9.358065328e-14,1.510555624e-13,3.467402038e-13,9.814514721e-14,8.9607828e-14,1.329958388e-13,7.733158175e-13,1.240953638e-12,5.165052967e-13,2.423367441e-13,1.892592882e-13,4.251046886e-13,1.359266548e-13,3.645845611e-14,8.644232131e-14,2.222672716e-13,9.256719738e-14,3.701592007e-13,5.936402931e-13,1.405066896e-13,6.616648782e-13,1.58119036e-13,2.279091185e-13,1.495336317e-13
131.140625,6.934422563e-13,2.913048463e-13,8.527079527e-13,3.862457027e-13,1.706344848e-13,2.698814079e-13,7.30577913e-14,2.137811365e-13,9.43251403e-14,1.541286636e-13,3.423965459e-13,9.661752473e-14,8.922299689e-14,1.320929789e-13,7.783413266e-13,1.253354755e-12,5.245979835e-13,2.475784837e-13,1.903819782e-13,4.312211944e-13,1.338636338e-13,3.753933145e-14,8.593137857e-14,2.248075861e-13,9.30506307e-14,3.751943662e-13,5.938104398e-13,1.425458484e-13,6.583123041e-13,1.591170738e-13,2.277231362e-13,1.50801965e-13
131.1484375,7.10259966e-13,2.915250956e-13,8.526595657e-13,3.874505591e-13,1.686840581e-13,2.761198427e-13,7.285629182e-14,2.137180709e-13,9.508639429e-14,1.572428775e-13,3.382994116e-13,9.514367535e-14,8.896721357e-14,1.31358924e-13,7.834457619e-13,1.265694172e-12,5.328930901e-13,2.529969457e-13,1.916010175e-13,4.372661242e-13,1.317846106e-13,3.863510892e-14,8.54764435e-14,2.274049353e-13,9.362128963e-14,3.804402815e-13,5.942772713e-13,1.445378863e-13,6.552627967e-13,1.601975795e-13,2.277198616e-13,1.520956816e-13
131.15625,7.270137433e-13,2.91775386e-13,8.534561865e-13,3.886091206e-13,1.668283303e-13,2.824162889e-13,7.265952009e-14,2.135147838e-13,9.581424594e-14,1.602519589e-13,3.344852042e-13,9.380309696e-14,8.892457772e-14,1.308874273e-13,7.889988423e-13,1.278153304e-12,5.415795451e-13,2.587258429e-13,1.930121469e-13,4.433531883e-13,1.297859108e-13,3.972609178e-14,8.508494583e-14,2.299166316e-13,9.428500741e-14,3.859461914e-13,5.950338544e-13,1.466660115e-13,6.524442338e-13,1.613069927e-13,2.278667634e-13,1.534245751e-13
131.1640625,7.443799325e-13,2.922449102e-13,8.547833689e-13,3.900706012e-13,1.650454166e-13,2.890955505e-13,7.24588497e-14,2.132794865e-13,9.64870698e-14,1.632343902e-13,3.307937054e-13,9.253276319e-14,8.908710141e-14,1.306337868e-13,7.952379361e-13,1.291140303e-12,5.509056127e-13,2.64761269e-13,1.947302922e-13,4.498884831e-13,1.278322546e-13,4.085324503e-14,8.477266807e-14,2.324784044e-13,9.503471925e-14,3.917651474e-13,5.963767823e-13,1.4915851e-13,6.498123896e-13,1.624909326e-13,2.279982787e-13,1.548286372e-13
131.171875,7.617973137e-13,2.926992757e-13,8.564979878e-13,3.914654713e-13,1.633417114e-13,2.955512956e-13,7.219434963e-14,2.13047474e-13,9.721473094e-14,1.663288201e-13,3.272441391e-13,9.126770833e-14,8.92879617e-14,1.303848541e-13,8.015122836e-13,1.304335887e-12,5.604009166e-13,2.707716244e-13,1.96594187e-13,4.568426198e-13,1.258669337e-13,4.203747603e-14,8.452924468e-14,2.351490578e-13,9.582840153e-14,3.978342751e-13,5.983125701e-13,1.516887711e-13,6.473299691e-13,1.63801368e-13,2.281845133e-13,1.562984275e-13
131.1796875,7.789153891e-13,2.929886137e-13,8.591985824e-13,3.924602325e-13,1.619980688e-13,3.016658641e-13,7.19167685e-14,2.127454619e-13,9.801819433e-14,1.694026624e-13,3.241572893e-13,9.01477179e-14,8.95923204e-14,1.30328059e-13,8.077853637e-13,1.317582649e-12,5.701385951e-13,2.768794687e-13,1.985629221e-13,4.639067517e-13,1.23990776e-13,4.324754024e-14,8.432314307e-14,2.378040538e-13,9.669123467e-14,4.040743117e-13,6.007075188e-13,1.540863148e-13,6.450366583e-13,1.652577719e-13,2.285480901e-13,1.577773092e-13
131.1875,7.963790355e-13,2.933915752e-13,8.628805915e-13,3.934219132e-13,1.60894085e-13,3.082387334e-13,7.171855589e-14,2.123314449e-13,9.874060288e-14,1.723064075e-13,3.214883149e-13,8.921767395e-14,9.014579694e-14,1.306691319e-13,8.147767931e-13,1.331184853e-12,5.806636751e-13,2.835054378e-13,2.007715443e-13,4.708394629e-13,1.222664707e-13,4.444092263e-14,8.415381579e-14,2.404201874e-13,9.767646322e-14,4.104513088e-13,6.03541823e-13,1.567308192e-13,6.429702235e-13,1.668205276e-13,2.290464115e-13,1.591987e-13
131.1953125,8.136116774e-13,2.938848012e-13,8.670286235e-13,3.944531057e-13,1.597361675e-13,3.149354557e-13,7.151622066e-14,2.11857613e-13,9.946243574e-14,1.751450975e-13,3.189064864e-13,8.83319854e-14,9.080378984e-14,1.311320958e-13,8.222249611e-13,1.344957513e-12,5.913151244e-13,2.903166106e-13,2.031398882e-13,4.779278756e-13,1.205636138e-13,4.565528137e-14,8.405882633e-14,2.430455193e-13,9.875023233e-14,4.170674734e-13,6.067952325e-13,1.596549042e-13,6.4108554e-13,1.684186021e-13,2.296861095e-13,1.606919634e-13
131.203125,8.298568627e-13,2.942906643e-13,8.720156503e-13,3.953956196e-13,1.587934595e-13,3.209989667e-13,7.122586459e-14,2.114867977e-13,1.003910712e-13,1.780432685e-13,3.166160825e-13,8.753329546e-14,9.153694183e-14,1.316752904e-13,8.29805465e-13,1.359111746e-12,6.018083023e-13,2.969759951e-13,2.056328523e-13,4.858970061e-13,1.188135795e-13,4.695175288e-14,8.405380752e-14,2.45816614e-13,9.989420392e-14,4.240449207e-13,6.105386862e-13,1.626283563e-13,6.39573556e-13,1.700826021e-13,2.305621646e-13,1.624189305e-13
131.2109375,8.459994525e-13,2.94739041e-13,8.77902641e-13,3.963452425e-13,1.580837232e-13,3.268555496e-13,7.095731569e-14,2.112508727e-13,1.01361105e-13,1.810154216e-13,3.148077092e-13,8.692151356e-14,9.25300842e-14,1.324940256e-13,8.380094604e-13,1.374173552e-12,6.131017485e-13,3.038885074e-13,2.083898595e-13,4.945286291e-13,1.170809504e-13,4.825459076e-14,8.412858682e-14,2.488072057e-13,1.011721099e-13,4.312695671e-13,6.148623345e-13,1.657428762e-13,6.385346237e-13,1.718625172e-13,2.31606317e-13,1.642036141e-13
131.21875,8.621833038e-13,2.951257205e-13,8.837792741e-13,3.969565571e-13,1.571076301e-13,3.326584991e-13,7.078458e-14,2.109042248e-13,1.021563676e-13,1.840214588e-13,3.130130178e-13,8.632888339e-14,9.368195544e-14,1.333182543e-13,8.466071798e-13,1.389365096e-12,6.248402538e-13,3.110417328e-13,2.113023114e-13,5.028596873e-13,1.153526839e-13,4.946447085e-14,8.429324456e-14,2.517118889e-13,1.025903791e-13,4.38619057e-13,6.196967644e-13,1.689157315e-13,6.376216941e-13,1.737048382e-13,2.325788188e-13,1.658829081e-13
131.2265625,8.776516804e-13,2.953301309e-13,8.898865466e-13,3.970810603e-13,1.56004234e-13,3.381818128e-13,7.063620539e-14,2.103412771e-13,1.028992285e-13,1.869023086e-13,3.11132843e-13,8.568533935e-14,9.485671204e-14,1.340530463e-13,8.552442662e-13,1.404168157e-12,6.361869678e-13,3.181154989e-13,2.141972849e-13,5.110464079e-13,1.136280713e-13,5.066603402e-14,8.456398826e-14,2.543335462e-13,1.040962135e-13,4.462409129e-13,6.249964262e-13,1.719781068e-13,6.367377208e-13,1.75615818e-13,2.334549638e-13,1.676394345e-13
131.234375,8.930449516e-13,2.95628033e-13,8.972441331e-13,3.974390694e-13,1.552780016e-13,3.439512431e-13,7.048511739e-14,2.097554133e-13,1.037197129e-13,1.895376253e-13,3.096700833e-13,8.52019026e-14,9.623129086e-14,1.351554857e-13,8.645600985e-13,1.419540967e-12,6.479771621e-13,3.255398646e-13,2.171733612e-13,5.198174928e-13,1.120135823e-13,5.197505461e-14,8.494333083e-14,2.56950642e-13,1.057062978e-13,4.54292992e-13,6.308635056e-13,1.751600318e-13,6.361080242e-13,1.77665688e-13,2.345861813e-13,1.695705464e-13
131.2421875,9.08928917e-13,2.959104745e-13,9.056605945e-13,3.979643023e-13,1.548711291e-13,3.49960769e-13,7.036119385e-14,2.092462234e-13,1.046322165e-13,1.920680502e-13,3.086948845e-13,8.495478122e-14,9.789554064e-14,1.367476865e-13,8.747074429e-13,1.435811043e-12,6.606875416e-13,3.335819038e-13,2.203552893e-13,5.290703939e-13,1.105143121e-13,5.335991865e-14,8.543835229e-14,2.597106386e-13,1.07468525e-13,4.627698092e-13,6.375011479e-13,1.785184621e-13,6.357967078e-13,1.798070124e-13,2.361693028e-13,1.715778321e-13
131.25,9.246131956e-13,2.95950308e-13,9.147933772e-13,3.980176615e-13,1.545914005e-13,3.555931614e-13,7.025714804e-14,2.087727182e-13,1.056277496e-13,1.94647906e-13,3.080398065e-13,8.486287526e-14,9.979276965e-14,1.386017567e-13,8.853375526e-13,1.452721953e-12,6.738267212e-13,3.418503618e-13,2.238066181e-13,5.386364792e-13,1.090555352e-13,5.474886625e-14,8.603514707e-14,2.625477489e-13,1.093692477e-13,4.715094981e-13,6.449517413e-13,1.819092129e-13,6.360010392e-13,1.819950802e-13,2.379297088e-13,1.736525065e-13
131.2578125,9.397147016e-13,2.961496586e-13,9.249047363e-13,3.980018278e-13,1.544263336e-13,3.610642647e-13,7.017948964e-14,2.08334361e-13,1.065697471e-13,1.972214507e-13,3.077682173e-13,8.493208278e-14,1.019355516e-13,1.407176929e-13,8.966997997e-13,1.470634408e-12,6.877004275e-13,3.503373318e-13,2.275636713e-13,5.485979297e-13,1.07653526e-13,5.610558831e-14,8.668905777e-14,2.65541975e-13,1.113785067e-13,4.801964077e-13,6.52848545e-13,1.855084606e-13,6.367842497e-13,1.842590917e-13,2.396695187e-13,1.757477744e-13
131.265625,9.541946214e-13,2.965672246e-13,9.357227076e-13,3.982373906e-13,1.543594547e-13,3.666680914e-13,7.016404937e-14,2.079071851e-13,1.074225283e-13,1.997143244e-13,3.077643127e-13,8.515070476e-14,1.042480217e-13,1.431343975e-13,9.089282519e-13,1.489565757e-12,7.025147923e-13,3.59281676e-13,2.314819077e-13,5.587784624e-13,1.063120631e-13,5.743748591e-14,8.739330695e-14,2.68561638e-13,1.135309145e-13,4.888918321e-13,6.610290597e-13,1.893062094e-13,6.376779426e-13,1.865692309e-13,2.41563747e-13,1.778171085e-13
131.2734375,9.681316979e-13,2.967883195e-13,9.469681026e-13,3.984421946e-13,1.544938323e-13,3.721872102e-13,7.020402989e-14,2.074665865e-13,1.083617865e-13,2.021088664e-13,3.079295968e-13,8.545159225e-14,1.066840761e-13,1.457934195e-13,9.219673813e-13,1.509406824e-12,7.178608284e-13,3.686840546e-13,2.353664717e-13,5.69337011e-13,1.049787659e-13,5.880070892e-14,8.817738852e-14,2.713183712e-13,1.158817333e-13,4.981236059e-13,6.698362791e-13,1.929968414e-13,6.385030681e-13,1.889718872e-13,2.437824636e-13,1.800282766e-13
131.28125,9.819974021e-13,2.970690817e-13,9.589388164e-13,3.987815047e-13,1.548100712e-13,3.775195968e-13,7.025066021e-14,2.070345586e-13,1.093517897e-13,2.043586979e-13,3.084156652e-13,8.583178647e-14,1.093674847e-13,1.486375557e-13,9.35871349e-13,1.530502624e-12,7.339067774e-13,3.786596502e-13,2.3919559e-13,5.806190225e-13,1.036514544e-13,6.017477736e-14,8.903811856e-14,2.740126099e-13,1.183887444e-13,5.078063343e-13,6.792794166e-13,1.966480052e-13,6.394869819e-13,1.915775958e-13,2.463419512e-13,1.824161554e-13
131.2890625,9.957834629e-13,2.976918918e-13,9.715032913e-13,3.991812817e-13,1.551144019e-13,3.825852184e-13,7.028463829e-14,2.066085685e-13,1.102485448e-13,2.064642007e-13,3.091580491e-13,8.630564858e-14,1.122506232e-13,1.515943807e-13,9.502369852e-13,1.55263657e-12,7.507658886e-13,3.891233836e-13,2.430893355e-13,5.923869946e-13,1.023531483e-13,6.150540252e-14,8.997778994e-14,2.76976236e-13,1.2096378e-13,5.173552685e-13,6.892131952e-13,2.004498779e-13,6.40682977e-13,1.942457561e-13,2.491201516e-13,1.847990849e-13
131.296875,1.009277576e-12,2.982110124e-13,9.841848438e-13,3.993302936e-13,1.5552252e-13,3.87489359e-13,7.033301022e-14,2.062201161e-13,1.111789736e-13,2.084754819e-13,3.100188414e-13,8.685693645e-14,1.151650093e-13,1.546873779e-13,9.64914642e-13,1.575439281e-12,7.680301625e-13,3.996631454e-13,2.471562745e-13,6.045401749e-13,1.011094854e-13,6.286682201e-14,9.104136967e-14,2.800421283e-13,1.23629341e-13,5.270057819e-13,6.999312222e-13,2.043066909e-13,6.421744697e-13,1.968187787e-13,2.518587121e-13,1.872297134e-13
131.3046875,1.022551154e-12,2.984717244e-13,9.970133873e-13,3.996398526e-13,1.561571663e-13,3.924147352e-13,7.040232302e-14,2.058943443e-13,1.12179015e-13,2.103792681e-13,3.111052466e-13,8.74785763e-14,1.18177446e-13,1.579635087e-13,9.803278311e-13,1.599022439e-12,7.857020495e-13,4.103723504e-13,2.513284586e-13,6.173124788e-13,9.995116527e-14,6.426374425e-14,9.221622983e-14,2.829609522e-13,1.264408493e-13,5.371707129e-13,7.112985761e-13,2.081952538e-13,6.438493163e-13,1.994519695e-13,2.545703938e-13,1.897950396e-13
131.3125,1.035190654e-12,2.988072664e-13,1.010485319e-12,4.001168781e-13,1.568800336e-13,3.970216749e-13,7.047389391e-14,2.055359663e-13,1.130609827e-13,2.121460159e-13,3.125154684e-13,8.822126e-14,1.214415688e-13,1.614384429e-13,9.963440199e-13,1.623212029e-12,8.039927861e-13,4.216710288e-13,2.555269156e-13,6.303583727e-13,9.886549809e-14,6.55619623e-14,9.341728543e-14,2.858156765e-13,1.293587241e-13,5.473632403e-13,7.229348308e-13,2.122120531e-13,6.453997705e-13,2.022327739e-13,2.576350095e-13,1.92303449e-13
131.3203125,1.046944053e-12,2.991493621e-13,1.025103743e-12,4.001140885e-13,1.577628308e-13,4.011201214e-13,7.056805478e-14,2.051224219e-13,1.138687823e-13,2.138199244e-13,3.143199365e-13,8.917760887e-14,1.249804551e-13,1.652224537e-13,1.012711439e-12,1.647914489e-12,8.228215204e-13,4.334331018e-13,2.598702799e-13,6.432295981e-13,9.784502179e-14,6.678404158e-14,9.462971752e-14,2.887180057e-13,1.323703915e-13,5.573269008e-13,7.352860279e-13,2.162416479e-13,6.472034623e-13,2.050417944e-13,2.611715154e-13,1.947166794e-13
131.328125,1.058016578e-12,2.991963262e-13,1.04073923e-12,3.998131668e-13,1.588418755e-13,4.049114214e-13,7.070901971e-14,2.047560013e-13,1.147214594e-13,2.15441847e-13,3.165165095e-13,9.031335643e-14,1.28742659e-13,1.692603958e-13,1.029687075e-12,1.673367737e-12,8.420808407e-13,4.452856303e-13,2.643967815e-13,6.561998078e-13,9.689628056e-14,6.801796926e-14,9.592521148e-14,2.916236819e-13,1.355343564e-13,5.674738555e-13,7.484782065e-13,2.201122193e-13,6.496312255e-13,2.078992148e-13,2.649245657e-13,1.972034127e-13
131.3359375,1.068423376e-12,2.991166517e-13,1.056792255e-12,3.997956745e-13,1.599820759e-13,4.085575436e-13,7.08848393e-14,2.044085221e-13,1.15538218e-13,2.16943333e-13,3.188883846e-13,9.150817712e-14,1.32703904e-13,1.734509312e-13,1.047341365e-12,1.699462172e-12,8.617684962e-13,4.573200668e-13,2.690419098e-13,6.697013212e-13,9.599596517e-14,6.925032805e-14,9.733763937e-14,2.944915202e-13,1.388464202e-13,5.778590202e-13,7.618293064e-13,2.240134041e-13,6.522409414e-13,2.108380277e-13,2.688042167e-13,1.997635502e-13
131.34375,1.078981919e-12,2.993350968e-13,1.073255176e-12,4.000702348e-13,1.614062946e-13,4.125186271e-13,7.110100766e-14,2.039956755e-13,1.163447506e-13,2.182665174e-13,3.214187725e-13,9.281929253e-14,1.369386607e-13,1.780616071e-13,1.065801216e-12,1.726380312e-12,8.820650325e-13,4.698976992e-13,2.738869078e-13,6.837678808e-13,9.51893548e-14,7.054101423e-14,9.883181439e-14,2.973486434e-13,1.422814195e-13,5.884948284e-13,7.755213089e-13,2.282467875e-13,6.549510449e-13,2.13765296e-13,2.72949188e-13,2.024168119e-13
131.3515625,1.090087776e-12,2.997818432e-13,1.090486477e-12,4.003628601e-13,1.631101414e-13,4.166925719e-13,7.136290714e-14,2.035790857e-13,1.171930855e-13,2.195279622e-13,3.243501377e-13,9.433638034e-14,1.414715351e-13,1.831040891e-13,1.08533011e-12,1.754624527e-12,9.031340979e-13,4.830302468e-13,2.789057951e-13,6.981746007e-13,9.452725169e-14,7.18703791e-14,1.003589266e-13,3.002272398e-13,1.458696909e-13,5.995553395e-13,7.901230038e-13,2.326176339e-13,6.580862505e-13,2.167246458e-13,2.77445562e-13,2.052234126e-13
131.359375,1.099847072e-12,3.000331627e-13,1.10822394e-12,4.004169846e-13,1.645356044e-13,4.201023013e-13,7.163707001e-14,2.032288459e-13,1.17935567e-13,2.207771493e-13,3.27647173e-13,9.594223762e-14,1.461614475e-13,1.881084508e-13,1.105527668e-12,1.783907665e-12,9.247936405e-13,4.963741974e-13,2.839323653e-13,7.127597231e-13,9.389216171e-14,7.30482592e-14,1.019133492e-13,3.031272903e-13,1.495990603e-13,6.106036222e-13,8.052620724e-13,2.367771921e-13,6.614141738e-13,2.197616722e-13,2.822536387e-13,2.07992985e-13
131.3671875,1.107678716e-12,3.001425615e-13,1.125913366e-12,4.004139223e-13,1.657327387e-13,4.228817747e-13,7.191030769e-14,2.029261974e-13,1.185923202e-13,2.218192623e-13,3.310479561e-13,9.75473051e-14,1.509581406e-13,1.930639738e-13,1.12598286e-12,1.813823209e-12,9.468478358e-13,5.098091571e-13,2.889590759e-13,7.276196621e-13,9.319980046e-14,7.410760436e-14,1.035454478e-13,3.060217397e-13,1.534161279e-13,6.213450913e-13,8.207268532e-13,2.408252787e-13,6.647817521e-13,2.227335232e-13,2.872059758e-13,2.106391395e-13
131.375,1.115604445e-12,3.00396376e-13,1.143475775e-12,4.007642712e-13,1.672691889e-13,4.258349757e-13,7.220960873e-14,2.026352679e-13,1.193340358e-13,2.226453749e-13,3.344423856e-13,9.922654187e-14,1.559700447e-13,1.983233784e-13,1.146919357e-12,1.844509813e-12,9.693007926e-13,5.235499639e-13,2.939816165e-13,7.427521889e-13,9.254312421e-14,7.520959366e-14,1.052830091e-13,3.088641399e-13,1.573267066e-13,6.322106372e-13,8.367946976e-13,2.448880309e-13,6.683690843e-13,2.256044124e-13,2.921634477e-13,2.133558113e-13
131.3828125,1.123807616e-12,3.006796733e-13,1.161224149e-12,4.011563745e-13,1.691421408e-13,4.28678461e-13,7.256472582e-14,2.0232477e-13,1.200990529e-13,2.234994531e-13,3.378931656e-13,1.010325695e-13,1.612147259e-13,2.038790787e-13,1.168367441e-12,1.875907284e-12,9.921413896e-13,5.376716532e-13,2.990046224e-13,7.579672198e-13,9.195193471e-14,7.632372132e-14,1.071134102e-13,3.116485215e-13,1.613560242e-13,6.432244362e-13,8.532225946e-13,2.488845928e-13,6.721141063e-13,2.284736606e-13,2.972089343e-13,2.161753361e-13
131.390625,1.131002034e-12,3.009137246e-13,1.179318801e-12,4.012053839e-13,1.710751918e-13,4.31152676e-13,7.297786057e-14,2.02049162e-13,1.208226658e-13,2.243372113e-13,3.415429156e-13,1.029584401e-13,1.666233385e-13,2.095799351e-13,1.19015536e-12,1.908068756e-12,1.015479113e-12,5.520778243e-13,3.04166167e-13,7.735207765e-13,9.138683255e-14,7.743094135e-14,1.090486791e-13,3.145088805e-13,1.654937899e-13,6.540989639e-13,8.698021649e-13,2.529033114e-13,6.760670052e-13,2.313638079e-13,3.024940842e-13,2.190416653e-13
131.3984375,1.137574775e-12,3.01152863e-13,1.197673161e-12,4.01310981e-13,1.730118335e-13,4.335161789e-13,7.341232524e-14,2.019258483e-13,1.215669597e-13,2.249923384e-13,3.454686616e-13,1.049913139e-13,1.721717496e-13,2.153770476e-13,1.212502285e-12,1.941450301e-12,1.039595459e-12,5.668064594e-13,3.093996729e-13,7.897285439e-13,9.090466345e-14,7.85302434e-14,1.110651632e-13,3.175676166e-13,1.697272104e-13,6.649766185e-13,8.86802224e-13,2.569997824e-13,6.803861078e-13,2.342881182e-13,3.080671583e-13,2.219760163e-13
131.40625,1.144009866e-12,3.011773881e-13,1.216355227e-12,4.016434079e-13,1.749721205e-13,4.357031967e-13,7.386691419e-14,2.019030517e-13,1.222640928e-13,2.255743653e-13,3.495923493e-13,1.071083791e-13,1.778671779e-13,2.213226556e-13,1.235582332e-12,1.975852907e-12,1.064499423e-12,5.818814601e-13,3.145542174e-13,8.060504212e-13,9.051869317e-14,7.953030603e-14,1.131021569e-13,3.206588232e-13,1.740592574e-13,6.758930832e-13,9.043204405e-13,2.610040648e-13,6.84961112e-13,2.372355775e-13,3.138976587e-13,2.248472996e-13
131.4140625,1.149907542e-12,3.010342728e-13,1.235492343e-12,4.018380835e-13,1.770374729e-13,4.377519358e-13,7.439272649e-14,2.018453932e-13,1.228619535e-13,2.260345681e-13,3.538550865e-13,1.09295646e-13,1.837621688e-13,2.27582086e-13,1.259358081e-12,2.010841171e-12,1.089933577e-12,5.972815933e-13,3.197461936e-13,8.220648128e-13,9.014124775e-14,8.046495985e-14,1.152056667e-13,3.235732988e-13,1.785237469e-13,6.868104266e-13,9.223473863e-13,2.648557832e-13,6.897356802e-13,2.401619253e-13,3.199460963e-13,2.276152494e-13
131.421875,1.155205269e-12,3.01116274e-13,1.254899908e-12,4.019410285e-13,1.791794297e-13,4.396767616e-13,7.498552087e-14,2.018356474e-13,1.234290846e-13,2.261485779e-13,3.582868064e-13,1.115534694e-13,1.899491499e-13,2.341470562e-13,1.284069427e-12,2.047033325e-12,1.116022431e-12,6.132093888e-13,3.250658763e-13,8.384446969e-13,8.975930716e-14,8.138260132e-14,1.174209734e-13,3.264741022e-13,1.831658974e-13,6.978583455e-13,9.408644557e-13,2.686555904e-13,6.946544368e-13,2.430966695e-13,3.263089755e-13,2.304616802e-13
131.4296875,1.159802727e-12,3.013023267e-13,1.274174653e-12,4.022168985e-13,1.813090797e-13,4.413095722e-13,7.56100216e-14,2.01995982e-13,1.239893426e-13,2.261033394e-13,3.627689608e-13,1.139012916e-13,1.964245372e-13,2.40874963e-13,1.309652611e-12,2.084755265e-12,1.142916823e-12,6.296040185e-13,3.304823453e-13,8.5551606e-13,8.941367446e-14,8.224490116e-14,1.196654328e-13,3.295651465e-13,1.879470762e-13,7.088284042e-13,9.597663846e-13,2.725100247e-13,6.996603103e-13,2.459606525e-13,3.32998083e-13,2.333697357e-13
131.4375,1.16365857e-12,3.012415867e-13,1.292933345e-12,4.025283298e-13,1.835788526e-13,4.428764684e-13,7.626506032e-14,2.022049757e-13,1.245819588e-13,2.261209036e-13,3.67087407e-13,1.163302976e-13,2.030511936e-13,2.47734092e-13,1.335194774e-12,2.122766318e-12,1.169929573e-12,6.459000816e-13,3.359370661e-13,8.724717366e-13,8.910669581e-14,8.31366632e-14,1.219282738e-13,3.326678867e-13,1.927708674e-13,7.196037025e-13,9.790957321e-13,2.763693175e-13,7.049648176e-13,2.486138519e-13,3.396770042e-13,2.362521884e-13
131.4453125,1.167031807e-12,3.010134874e-13,1.311333964e-12,4.026573972e-13,1.859512618e-13,4.441314859e-13,7.692074711e-14,2.02353842e-13,1.251562296e-13,2.259593778e-13,3.714226708e-13,1.187549453e-13,2.097581477e-13,2.546184417e-13,1.360395813e-12,2.16046805e-12,1.196719267e-12,6.621300866e-13,3.412020869e-13,8.888945058e-13,8.885936984e-14,8.400170185e-14,1.242592859e-13,3.35613504e-13,1.97633464e-13,7.303639733e-13,9.985315514e-13,2.799928461e-13,7.103987981e-13,2.511893198e-13,3.463203949e-13,2.391541265e-13
131.453125,1.169612819e-12,3.00713033e-13,1.329965037e-12,4.026822398e-13,1.88063251e-13,4.44522876e-13,7.756266059e-14,2.025766189e-13,1.255338549e-13,2.254918077e-13,3.761200613e-13,1.211395638e-13,2.165960881e-13,2.613951251e-13,1.386123547e-12,2.19889579e-12,1.224064523e-12,6.788214881e-13,3.462005198e-13,9.053236367e-13,8.867513076e-14,8.461238117e-14,1.265932963e-13,3.385674677e-13,2.025920934e-13,7.409469885e-13,1.017604265e-12,2.833400235e-13,7.155009931e-13,2.538182159e-13,3.533368322e-13,2.420131684e-13
131.4609375,1.171443527e-12,3.003731753e-13,1.348600342e-12,4.02869325e-13,1.899544351e-13,4.447519471e-13,7.824394743e-14,2.029875217e-13,1.258425948e-13,2.249413703e-13,3.809309216e-13,1.235478408e-13,2.235276551e-13,2.681437183e-13,1.412573716e-12,2.238354335e-12,1.251979254e-12,6.956618267e-13,3.511622906e-13,9.222407561e-13,8.848106117e-14,8.513379001e-14,1.289426913e-13,3.416566669e-13,2.076287934e-13,7.514812682e-13,1.036961602e-12,2.866268736e-13,7.205496953e-13,2.563942885e-13,3.605229423e-13,2.448793732e-13
131.46875,1.173441939e-12,3.002660425e-13,1.366574977e-12,4.033465258e-13,1.920290031e-13,4.454849378e-13,7.897519859e-14,2.034834393e-13,1.263289426e-13,2.24346321e-13,3.854901213e-13,1.260121393e-13,2.305007909e-13,2.751045615e-13,1.439237888e-12,2.278216086e-12,1.279869679e-12,7.123075597e-13,3.561742806e-13,9.394952128e-13,8.825572028e-14,8.583282704e-14,1.314020852e-13,3.447756015e-13,2.126999584e-13,7.622947325e-13,1.057143157e-12,2.899742095e-13,7.259481525e-13,2.588824763e-13,3.674770983e-13,2.478908466e-13
131.4765625,1.175400776e-12,3.003574621e-13,1.384070845e-12,4.038121087e-13,1.943696858e-13,4.460640419e-13,7.973664942e-14,2.039294384e-13,1.268120544e-13,2.235808302e-13,3.899568937e-13,1.285332635e-13,2.376145827e-13,2.824890591e-13,1.466124452e-12,2.318278873e-12,1.308169911e-12,7.292636779e-13,3.611856791e-13,9.56229353e-13,8.806522835e-14,8.651920247e-14,1.338637361e-13,3.478578006e-13,2.178035733e-13,7.726622229e-13,1.077075763e-12,2.933720352e-13,7.314318143e-13,2.612295648e-13,3.746638541e-13,2.507739138e-13
131.484375,1.176238993e-12,3.002011714e-13,1.40129863e-12,4.039388611e-13,1.966857014e-13,4.46042661e-13,8.054286247e-14,2.043450284e-13,1.270572973e-13,2.227034366e-13,3.943402758e-13,1.311035015e-13,2.448837485e-13,2.900835931e-13,1.492935774e-12,2.358062107e-12,1.336845392e-12,7.465117928e-13,3.661301534e-13,9.717333042e-13,8.7917959e-14,8.69885864e-14,1.362292859e-13,3.50952916e-13,2.229221091e-13,7.821125904e-13,1.096198414e-12,2.966365209e-13,7.367847573e-13,2.633342911e-13,3.823785642e-13,2.533226635e-13
131.4921875,1.176182887e-12,2.998168791e-13,1.418249885e-12,4.040960161e-13,1.987970025e-13,4.457025788e-13,8.13721334e-14,2.048186005e-13,1.271359784e-13,2.218302345e-13,3.985552913e-13,1.337111568e-13,2.522669285e-13,2.975366923e-13,1.519409899e-12,2.397413734e-12,1.365235776e-12,7.63650028e-13,3.708898302e-13,9.867523924e-13,8.779061614e-14,8.732585934e-14,1.386250204e-13,3.54038877e-13,2.280465637e-13,7.915205218e-13,1.115516788e-12,2.996531718e-13,7.421184467e-13,2.654322608e-13,3.901733941e-13,2.558158419e-13
131.5,1.176036277e-12,2.995612164e-13,1.435282631e-12,4.047412203e-13,2.008911751e-13,4.452691219e-13,8.219294656e-14,2.053645257e-13,1.27153502e-13,2.209320078e-13,4.029692956e-13,1.363841204e-13,2.598489996e-13,3.050462066e-13,1.546384775e-12,2.437492358e-12,1.394033127e-12,7.809954549e-13,3.755729603e-13,1.002498736e-12,8.770887012e-14,8.762169588e-14,1.411071285e-13,3.570474734e-13,2.332160555e-13,8.011850637e-13,1.135387269e-12,3.027316971e-13,7.475300789e-13,2.676884597e-13,3.980169719e-13,2.583648643e-13
131.5078125,1.175706314e-12,2.993172226e-13,1.451649939e-12,4.054066753e-13,2.030969567e-13,4.447425895e-13,8.30209774e-14,2.059993764e-13,1.272430756e-13,2.198572607e-13,4.074345405e-13,1.390180829e-13,2.674918136e-13,3.126638583e-13,1.573765884e-12,2.478418021e-12,1.423540843e-12,7.984261033e-13,3.802498768e-13,1.018789648e-12,8.760795274e-14,8.792856563e-14,1.436323895e-13,3.600741069e-13,2.384424319e-13,8.105836734e-13,1.155200313e-12,3.05851697e-13,7.529132654e-13,2.697474159e-13,4.060423804e-13,2.608966453e-13
131.515625,1.174946642e-12,2.988958678e-13,1.465978133e-12,4.056532028e-13,2.052263807e-13,4.438791888e-13,8.386734188e-14,2.067754978e-13,1.27480752e-13,2.184593697e-13,4.112850826e-13,1.414219114e-13,2.749642162e-13,3.199914483e-13,1.60033534e-12,2.51894803e-12,1.452701962e-12,8.153275854e-13,3.846341504e-13,1.0346983e-12,8.735920085e-14,8.82381323e-14,1.462133268e-13,3.632306314e-13,2.436965627e-13,8.197159783e-13,1.174758882e-12,3.084481986e-13,7.578428586e-13,2.713757481e-13,4.138638706e-13,2.634816451e-13
131.5234375,1.173885543e-12,2.985104369e-13,1.479085019e-12,4.060425889e-13,2.073172606e-13,4.427397076e-13,8.474611985e-14,2.075976029e-13,1.276436595e-13,2.168064282e-13,4.147827726e-13,1.437626053e-13,2.824972641e-13,3.273114524e-13,1.626452579e-12,2.559072744e-12,1.481668093e-12,8.320461121e-13,3.887736627e-13,1.049941536e-12,8.704103058e-14,8.846300491e-14,1.487802278e-13,3.663726756e-13,2.489385451e-13,8.285784135e-13,1.194184884e-12,3.106764326e-13,7.623203034e-13,2.727810933e-13,4.214987779e-13,2.659863749e-13
131.53125,1.172528727e-12,2.98244414e-13,1.492685303e-12,4.068974769e-13,2.095885146e-13,4.41718468e-13,8.56488929e-14,2.08323102e-13,1.275884855e-13,2.151633086e-13,4.185816664e-13,1.46365608e-13,2.903220834e-13,3.350898456e-13,1.653032484e-12,2.599379887e-12,1.511145812e-12,8.49032505e-13,3.930615537e-13,1.064806488e-12,8.685704689e-14,8.861546975e-14,1.512871234e-13,3.693991635e-13,2.541257156e-13,8.371286132e-13,1.213741576e-12,3.132044117e-13,7.670856541e-13,2.742011131e-13,4.294492489e-13,2.682784821e-13
131.5390625,1.170894606e-12,2.979997125e-13,1.506711011e-12,4.077300137e-13,2.118578808e-13,4.405504674e-13,8.651899064e-14,2.090223156e-13,1.274553078e-13,2.136357629e-13,4.225971321e-13,1.491410618e-13,2.982324751e-13,3.429510087e-13,1.679687481e-12,2.639690381e-12,1.54073494e-12,8.660449635e-13,3.974192397e-13,1.079579338e-12,8.68140829e-14,8.872336174e-14,1.538732758e-13,3.724516222e-13,2.592902708e-13,8.458203682e-13,1.233740551e-12,3.158983889e-13,7.723371611e-13,2.757493246e-13,4.377161386e-13,2.705522435e-13
131.546875,1.168865795e-12,2.978068757e-13,1.52033089e-12,4.083356352e-13,2.138604621e-13,4.388253138e-13,8.737180452e-14,2.097779477e-13,1.272807163e-13,2.120694974e-13,4.265304776e-13,1.518445277e-13,3.060918496e-13,3.505937043e-13,1.706023708e-12,2.679859832e-12,1.57020516e-12,8.829549259e-13,4.015421934e-13,1.094129664e-12,8.677526061e-14,8.872418714e-14,1.565706312e-13,3.754908589e-13,2.644911151e-13,8.545713467e-13,1.253877014e-12,3.182741187e-13,7.775785496e-13,2.772976779e-13,4.459528197e-13,2.728179719e-13
131.5546875,1.165796192e-12,2.975215222e-13,1.533088254e-12,4.088477104e-13,2.156589421e-13,4.368324812e-13,8.824904553e-14,2.105175273e-13,1.270367505e-13,2.103608121e-13,4.301760733e-13,1.544724092e-13,3.139565242e-13,3.581105915e-13,1.731867107e-12,2.719598812e-12,1.59937968e-12,8.995715576e-13,4.054258373e-13,1.108046423e-12,8.670655456e-14,8.863943221e-14,1.592660864e-13,3.783711151e-13,2.696690315e-13,8.627869531e-13,1.273664009e-12,3.203593386e-13,7.826695702e-13,2.785680606e-13,4.540448772e-13,2.749391092e-13
131.5625,1.161789209e-12,2.970145195e-13,1.544603273e-12,4.092477491e-13,2.174488498e-13,4.347531383e-13,8.910242473e-14,2.112400703e-13,1.268115036e-13,2.085376598e-13,4.333966266e-13,1.570292816e-13,3.218349705e-13,3.654414358e-13,1.756843048e-12,2.758401988e-12,1.627750865e-12,9.156735293e-13,4.091758289e-13,1.121164217e-12,8.665966181e-14,8.854596048e-14,1.619721369e-13,3.81254775e-13,2.747523871e-13,8.704350575e-13,1.293041812e-12,3.223411158e-13,7.875615293e-13,2.795687436e-13,4.620847358e-13,2.770016525e-13
131.5703125,1.158126905e-12,2.966208156e-13,1.554835357e-12,4.096618702e-13,2.194272526e-13,4.324945553e-13,8.993726714e-14,2.119870586e-13,1.266000944e-13,2.065643851e-13,4.363795214e-13,1.59452533e-13,3.297194175e-13,3.727375984e-13,1.781228402e-12,2.796380073e-12,1.65567363e-12,9.315474421e-13,4.128399312e-13,1.133582408e-12,8.66250717e-14,8.844810142e-14,1.647011413e-13,3.842276477e-13,2.797527635e-13,8.776114478e-13,1.31196495e-12,3.242524689e-13,7.920919844e-13,2.804156995e-13,4.700872799e-13,2.789696645e-13
131.578125,1.154897284e-12,2.965511671e-13,1.56420452e-12,4.102662833e-13,2.215244914e-13,4.30161768e-13,9.081173717e-14,2.1271073e-13,1.263049406e-13,2.044247981e-13,4.392576229e-13,1.618176879e-13,3.375678709e-13,3.801688187e-13,1.8054613e-12,2.833828314e-12,1.683598939e-12,9.472914437e-13,4.163839873e-13,1.145575106e-12,8.654921028e-14,8.830714581e-14,1.673766679e-13,3.870748393e-13,2.846671206e-13,8.843432378e-13,1.330604349e-12,3.260998102e-13,7.96593625e-13,2.81056477e-13,4.779101063e-13,2.807256511e-13
131.5859375,1.150722702e-12,2.965028034e-13,1.57318408e-12,4.109736951e-13,2.233734878e-13,4.276663386e-13,9.167667471e-14,2.13430303e-13,1.258820539e-13,2.022563783e-13,4.419795267e-13,1.642432874e-13,3.454620697e-13,3.875239491e-13,1.829421714e-12,2.870882238e-12,1.711357729e-12,9.627413943e-13,4.197905324e-13,1.15732139e-12,8.644193685e-14,8.804308888e-14,1.700428007e-13,3.897770608e-13,2.89525907e-13,8.909440591e-13,1.349412659e-12,3.278583637e-13,8.013882045e-13,2.815747545e-13,4.856539707e-13,2.82382435e-13
131.59375,1.1454164e-12,2.96258572e-13,1.58178564e-12,4.116467079e-13,2.248953103e-13,4.24826612e-13,9.251217101e-14,2.141937994e-13,1.253229442e-13,2.001459556e-13,4.445597878e-13,1.666896304e-13,3.535801727e-13,3.947527175e-13,1.852880773e-12,2.907521588e-12,1.738976034e-12,9.779856519e-13,4.231035418e-13,1.168490776e-12,8.633452282e-14,8.763334207e-14,1.727742374e-13,3.924886371e-13,2.94390898e-13,8.974040784e-13,1.368271841e-12,3.29393722e-13,8.062107538e-13,2.8207825e-13,4.935431412e-13,2.839656383e-13
131.6015625,1.140054706e-12,2.960010744e-13,1.589571966e-12,4.122477227e-13,2.263504362e-13,4.218846995e-13,9.340020731e-14,2.149523722e-13,1.247093853e-13,1.980386074e-13,4.468392262e-13,1.690398367e-13,3.617718787e-13,4.019460396e-13,1.875583294e-12,2.943216668e-12,1.766166213e-12,9.92882413e-13,4.26227926e-13,1.178912881e-12,8.619780483e-14,8.720548433e-14,1.755120321e-13,3.952029019e-13,2.99204395e-13,9.034430502e-13,1.386827438e-12,3.306366223e-13,8.108772483e-13,2.824361034e-13,5.013867301e-13,2.85403962e-13
131.609375,1.134946375e-12,2.959336703e-13,1.596369141e-12,4.127859942e-13,2.278790503e-13,4.190737377e-13,9.432930056e-14,2.156847031e-13,1.24144146e-13,1.958762902e-13,4.487525723e-13,1.712764016e-13,3.698284715e-13,4.090482153e-13,1.897408325e-12,2.977580481e-12,1.792365394e-12,1.007191937e-12,4.291317507e-13,1.188802211e-12,8.602356701e-14,8.684069275e-14,1.782186889e-13,3.978562597e-13,3.039046802e-13,9.090745169e-13,1.405172975e-12,3.317377672e-13,8.155286352e-13,2.825651374e-13,5.090442169e-13,2.867677513e-13
131.6171875,1.129459765e-12,2.95888938e-13,1.602093441e-12,4.132360831e-13,2.293858727e-13,4.161117532e-13,9.521490358e-14,2.163833395e-13,1.23568578e-13,1.936025635e-13,4.505233533e-13,1.734208411e-13,3.778130622e-13,4.159800228e-13,1.918316137e-12,3.01068561e-12,1.817648723e-12,1.02091428e-12,4.319173597e-13,1.197892489e-12,8.584920393e-14,8.645714514e-14,1.809390346e-13,4.003629144e-13,3.085189972e-13,9.142629105e-13,1.423262715e-12,3.326962727e-13,8.201781852e-13,2.824637983e-13,5.166102377e-13,2.880340091e-13
131.625,1.123307528e-12,2.956708474e-13,1.60689201e-12,4.13651852e-13,2.306998191e-13,4.128311301e-13,9.607306214e-14,2.170191231e-13,1.228820345e-13,1.912393074e-13,4.521405435e-13,1.754758824e-13,3.857240584e-13,4.226300616e-13,1.938204827e-12,3.04261046e-12,1.842229485e-12,1.034033432e-12,4.344594531e-13,1.206017597e-12,8.56815584e-14,8.597995971e-14,1.836774496e-13,4.026544532e-13,3.130285652e-13,9.190448885e-13,1.440816495e-12,3.334017984e-13,8.248286975e-13,2.82147086e-13,5.239292741e-13,2.891293016e-13
131.6328125,1.117135779e-12,2.955255489e-13,1.611753265e-12,4.142461244e-13,2.318954912e-13,4.097528454e-13,9.698336836e-14,2.176594764e-13,1.221024749e-13,1.889500308e-13,4.536441887e-13,1.775302942e-13,3.935921533e-13,4.291948181e-13,1.957507178e-12,3.073505151e-12,1.866248279e-12,1.046827708e-12,4.36762386e-13,1.213492544e-12,8.553924461e-14,8.545487634e-14,1.864010893e-13,4.048569057e-13,3.174370571e-13,9.237356443e-13,1.457809186e-12,3.341131715e-13,8.29671858e-13,2.817920723e-13,5.310645027e-13,2.901379204e-13
131.640625,1.111242428e-12,2.954549543e-13,1.616372095e-12,4.148640402e-13,2.33126008e-13,4.069342588e-13,9.792254622e-14,2.183448545e-13,1.213024234e-13,1.867293581e-13,4.551620156e-13,1.795564711e-13,4.014514089e-13,4.358163532e-13,1.976234212e-12,3.102969806e-12,1.88959735e-12,1.059311989e-12,4.389996036e-13,1.220092778e-12,8.541938415e-14,8.494109221e-14,1.891147994e-13,4.070860621e-13,3.217837823e-13,9.282644988e-13,1.474328283e-12,3.347779786e-13,8.346530092e-13,2.813945601e-13,5.381344504e-13,2.911016843e-13
131.6484375,1.104909535e-12,2.950473338e-13,1.6189012e-12,4.151509259e-13,2.342347799e-13,4.035968985e-13,9.877489474e-14,2.189978511e-13,1.205225139e-13,1.844016143e-13,4.563181354e-13,1.813153794e-13,4.090360597e-13,4.41937941e-13,1.99340662e-12,3.130365819e-12,1.91173777e-12,1.070824161e-12,4.409384414e-13,1.225697954e-12,8.522694646e-14,8.440025035e-14,1.918448707e-13,4.093007917e-13,3.259836175e-13,9.322658105e-13,1.49042324e-12,3.348962158e-13,8.393895317e-13,2.807053294e-13,5.446635853e-13,2.919724649e-13
131.65625,1.098332823e-12,2.946064884e-13,1.620014391e-12,4.154023934e-13,2.353155043e-13,4.001114934e-13,9.95648102e-14,2.195955327e-13,1.197223603e-13,1.820833597e-13,4.570889183e-13,1.828942054e-13,4.164226494e-13,4.477038127e-13,2.009261484e-12,3.156223261e-12,1.933120275e-12,1.081647716e-12,4.4266272e-13,1.230547033e-12,8.497314925e-14,8.382398327e-14,1.945496648e-13,4.115116693e-13,3.299795246e-13,9.355699324e-13,1.505958801e-12,3.348777252e-13,8.439076863e-13,2.798026436e-13,5.508078386e-13,2.926435329e-13
131.6640625,1.09220807e-12,2.946143077e-13,1.621609122e-12,4.158930861e-13,2.366397285e-13,3.973901311e-13,1.004272805e-13,2.201659674e-13,1.188417861e-13,1.800164503e-13,4.579573342e-13,1.846240873e-13,4.239239073e-13,4.539462402e-13,2.024710298e-12,3.180913164e-12,1.95440624e-12,1.092413325e-12,4.44648091e-13,1.23415398e-12,8.478871467e-14,8.32801291e-14,1.971435048e-13,4.137490936e-13,3.33817028e-13,9.381704514e-13,1.520764051e-12,3.353254296e-13,8.486037774e-13,2.78884108e-13,5.572910944e-13,2.929803716e-13
131.671875,1.085383855e-12,2.945961069e-13,1.622581066e-12,4.16267239e-13,2.377190923e-13,3.944241709e-13,1.01307276e-13,2.207281041e-13,1.17916206e-13,1.780621989e-13,4.585860592e-13,1.863579981e-13,4.311416183e-13,4.599544346e-13,2.039197841e-12,3.204031944e-12,1.97458295e-12,1.10226861e-12,4.463860099e-13,1.236840537e-12,8.463168383e-14,8.268801884e-14,1.996717e-13,4.159442166e-13,3.374643863e-13,9.405390527e-13,1.535294265e-12,3.355599998e-13,8.53252812e-13,2.778350217e-13,5.635492021e-13,2.931814123e-13
131.6796875,1.077227935e-12,2.942433699e-13,1.621761164e-12,4.164354561e-13,2.382155951e-13,3.903610315e-13,1.020943742e-13,2.212786459e-13,1.169899652e-13,1.759695697e-13,4.585947648e-13,1.87802626e-13,4.37819156e-13,4.64847423e-13,2.052410639e-12,3.226017914e-12,1.993192207e-12,1.1108573e-12,4.473059861e-13,1.239896038e-12,8.437623414e-14,8.194261722e-14,2.022725665e-13,4.179980312e-13,3.409471962e-13,9.432044543e-13,1.549935935e-12,3.351115979e-13,8.572934785e-13,2.766218737e-13,5.689009409e-13,2.935695873e-13
131.6875,1.069354544e-12,2.938955266e-13,1.620138899e-12,4.16510086e-13,2.387721098e-13,3.864589182e-13,1.028771533e-13,2.216881182e-13,1.16029923e-13,1.737892642e-13,4.584789407e-13,1.890973552e-13,4.444461825e-13,4.695591033e-13,2.064731414e-12,3.246637443e-12,2.01111487e-12,1.119155031e-12,4.481148612e-13,1.242545743e-12,8.405750002e-14,8.119044333e-14,2.049259876e-13,4.198408336e-13,3.44365255e-13,9.456771567e-13,1.564033311e-12,3.345669897e-13,8.609007767e-13,2.753340358e-13,5.740084476e-13,2.939408975e-13
131.6953125,1.061924632e-12,2.934897567e-13,1.617712341e-12,4.163666589e-13,2.395639529e-13,3.831370122e-13,1.036982877e-13,2.218870795e-13,1.150227721e-13,1.716670894e-13,4.582882544e-13,1.903621982e-13,4.510555306e-13,4.745961575e-13,2.07563073e-12,3.264539103e-12,2.028046432e-12,1.127058169e-12,4.491825189e-13,1.243411713e-12,8.372772634e-14,8.052564575e-14,2.074907793e-13,4.215285497e-13,3.47622009e-13,9.472696632e-13,1.577044716e-12,3.340400658e-13,8.644732495e-13,2.738620853e-13,5.791574191e-13,2.939371848e-13
131.703125,1.053657052e-12,2.929662493e-13,1.614011426e-12,4.161155584e-13,2.401336343e-13,3.794510927e-13,1.04466029e-13,2.220326069e-13,1.140027463e-13,1.696494659e-13,4.576716781e-13,1.915050587e-13,4.573502247e-13,4.793456979e-13,2.08502316e-12,3.280170418e-12,2.043538741e-12,1.133944311e-12,4.499709738e-13,1.243306186e-12,8.335979834e-14,7.982999074e-14,2.09939e-13,4.2316869e-13,3.506246476e-13,9.482681751e-13,1.5892809e-12,3.332575087e-13,8.678456393e-13,2.72189445e-13,5.839321359e-13,2.936493832e-13
131.7109375,1.044991278e-12,2.925977874e-13,1.609743801e-12,4.158052039e-13,2.40528598e-13,3.755624977e-13,1.051833042e-13,2.221844175e-13,1.129676776e-13,1.677497399e-13,4.568642874e-13,1.925432176e-13,4.634432505e-13,4.837801625e-13,2.093471026e-12,3.294471638e-12,2.058272957e-12,1.140145199e-12,4.504477493e-13,1.24282521e-12,8.295763556e-14,7.909121398e-14,2.123200272e-13,4.247260789e-13,3.534647063e-13,9.490803271e-13,1.600918349e-12,3.323890174e-13,8.709029031e-13,2.704794215e-13,5.884270106e-13,2.932538723e-13
131.71875,1.036366351e-12,2.921975113e-13,1.604843297e-12,4.153803646e-13,2.408007603e-13,3.719355271e-13,1.05870447e-13,2.222540968e-13,1.118774596e-13,1.659159982e-13,4.559666975e-13,1.934657974e-13,4.69255993e-13,4.878374137e-13,2.100588947e-12,3.306833963e-12,2.072123398e-12,1.145742573e-12,4.507812606e-13,1.241435065e-12,8.252837124e-14,7.834329118e-14,2.146275027e-13,4.261586949e-13,3.561152013e-13,9.495333837e-13,1.611820705e-12,3.315088609e-13,8.738299489e-13,2.687175124e-13,5.926305937e-13,2.927182699e-13
131.7265625,1.027077571e-12,2.915829168e-13,1.598690527e-12,4.151043248e-13,2.407727047e-13,3.681876965e-13,1.064899502e-13,2.222434603e-13,1.107401801e-13,1.640569827e-13,4.547237593e-13,1.94178185e-13,4.746467522e-13,4.911606748e-13,2.106081713e-12,3.317039528e-12,2.084366573e-12,1.150431697e-12,4.507553299e-13,1.239282811e-12,8.204038205e-14,7.752587343e-14,2.168671889e-13,4.274709354e-13,3.58484342e-13,9.494688772e-13,1.621962505e-12,3.304991336e-13,8.764793814e-13,2.667865352e-13,5.962683161e-13,2.920234458e-13
131.734375,1.01754151e-12,2.910519416e-13,1.591462878e-12,4.14679843e-13,2.406400655e-13,3.641635907e-13,1.070621792e-13,2.221189674e-13,1.096447173e-13,1.621919626e-13,4.531183007e-13,1.947097934e-13,4.798289513e-13,4.940379534e-13,2.110079209e-12,3.325195452e-12,2.094929453e-12,1.1542503e-12,4.50374336e-13,1.236423369e-12,8.148393719e-14,7.669246804e-14,2.190938702e-13,4.286074328e-13,3.606362286e-13,9.490614822e-13,1.631533743e-12,3.293014266e-13,8.785961959e-13,2.646725406e-13,5.99516184e-13,2.912201384e-13
131.7421875,1.00842772e-12,2.906110224e-13,1.583292376e-12,4.136280562e-13,2.405139114e-13,3.600470722e-13,1.075897994e-13,2.218465293e-13,1.086369491e-13,1.604256032e-13,4.512125042e-13,1.951237655e-13,4.847344406e-13,4.966276204e-13,2.112355199e-12,3.330980895e-12,2.103902121e-12,1.157161598e-12,4.497552884e-13,1.232697568e-12,8.089830418e-14,7.593192998e-14,2.212833126e-13,4.296630858e-13,3.625640753e-13,9.48429963e-13,1.640815866e-12,3.278711743e-13,8.80462722e-13,2.623993171e-13,6.024789184e-13,2.903254857e-13
131.75,9.991205013e-13,2.900168554e-13,1.574329676e-12,4.12575665e-13,2.403189843e-13,3.559921722e-13,1.080454703e-13,2.215417413e-13,1.076439015e-13,1.588014926e-13,4.491488453e-13,1.954542974e-13,4.891892223e-13,4.987370814e-13,2.113035102e-12,3.334476811e-12,2.111422428e-12,1.159117159e-12,4.488801188e-13,1.228346298e-12,8.032645555e-14,7.519955684e-14,2.233340531e-13,4.307674197e-13,3.641424744e-13,9.472141097e-13,1.649376522e-12,3.264321539e-13,8.824060437e-13,2.599600354e-13,6.049918351e-13,2.892389828e-13
131.7578125,9.892525572e-13,2.893425302e-13,1.564735662e-12,4.118239858e-13,2.401662755e-13,3.520882371e-13,1.084638748e-13,2.211879495e-13,1.065978942e-13,1.572731095e-13,4.470002655e-13,1.957247011e-13,4.933864687e-13,5.005309545e-13,2.112173265e-12,3.335320756e-12,2.117373585e-12,1.160114132e-12,4.478058752e-13,1.222749277e-12,7.973351703e-14,7.445259088e-14,2.252322539e-13,4.317459879e-13,3.653810947e-13,9.450738356e-13,1.656628499e-12,3.250653951e-13,8.841516184e-13,2.573127627e-13,6.070955666e-13,2.878411487e-13
131.765625,9.791935424e-13,2.888059343e-13,1.554216613e-12,4.107217923e-13,2.399014841e-13,3.480567072e-13,1.088446263e-13,2.206636297e-13,1.055061406e-13,1.557921095e-13,4.445102399e-13,1.958760074e-13,4.973447501e-13,5.020163829e-13,2.109769318e-12,3.333728267e-12,2.121620276e-12,1.160117995e-12,4.464942215e-13,1.2156245e-12,7.906559952e-14,7.366897235e-14,2.270589765e-13,4.32517371e-13,3.664172967e-13,9.425583504e-13,1.663414241e-12,3.233977781e-13,8.854679546e-13,2.545246148e-13,6.089050788e-13,2.862772227e-13
131.7734375,9.691915036e-13,2.884342864e-13,1.543096175e-12,4.093102335e-13,2.393640386e-13,3.438557114e-13,1.091769031e-13,2.200586788e-13,1.044232926e-13,1.543697994e-13,4.417534888e-13,1.958681226e-13,5.00882398e-13,5.030563281e-13,2.106582667e-12,3.3312781e-12,2.124972848e-12,1.159491208e-12,4.449170268e-13,1.208294845e-12,7.835505718e-14,7.286044271e-14,2.288736407e-13,4.332953646e-13,3.673337556e-13,9.402715484e-13,1.670320289e-12,3.214739821e-13,8.866570446e-13,2.517787269e-13,6.104498477e-13,2.847882399e-13
131.78125,9.593532937e-13,2.879128552e-13,1.531709927e-12,4.078431243e-13,2.388797875e-13,3.399143026e-13,1.095217234e-13,2.194403501e-13,1.034313257e-13,1.530315404e-13,4.3898809e-13,1.957131945e-13,5.040171276e-13,5.038035487e-13,2.102189917e-12,3.327183991e-12,2.127638722e-12,1.158323084e-12,4.431931034e-13,1.200863862e-12,7.760630204e-14,7.213870525e-14,2.306789509e-13,4.340830522e-13,3.680458062e-13,9.376944208e-13,1.67607072e-12,3.196178736e-13,8.877540742e-13,2.490146747e-13,6.11556012e-13,2.832804745e-13
131.7890625,9.495219928e-13,2.870788151e-13,1.519405891e-12,4.061839856e-13,2.385086404e-13,3.361669365e-13,1.09863135e-13,2.187242282e-13,1.025131678e-13,1.517715247e-13,4.359887313e-13,1.9542932e-13,5.069125791e-13,5.04267611e-13,2.095668522e-12,3.319898037e-12,2.128786419e-12,1.156278651e-12,4.412858404e-13,1.19227809e-12,7.679129208e-14,7.149391858e-14,2.323910698e-13,4.347142917e-13,3.684526839e-13,9.342874148e-13,1.680304138e-12,3.17693511e-13,8.884522483e-13,2.460149778e-13,6.120697769e-13,2.81533942e-13
131.796875,9.394903363e-13,2.864129008e-13,1.506333452e-12,4.047897345e-13,2.379984687e-13,3.323520847e-13,1.101347374e-13,2.179657402e-13,1.015627607e-13,1.505904154e-13,4.327650221e-13,1.951309604e-13,5.098234938e-13,5.04475435e-13,2.088547144e-12,3.311467408e-12,2.128828147e-12,1.15379654e-12,4.392223794e-13,1.183133897e-12,7.599396335e-14,7.079669003e-14,2.339174916e-13,4.351852957e-13,3.686957719e-13,9.305985192e-13,1.684326358e-12,3.156985359e-13,8.889397473e-13,2.428808413e-13,6.123414672e-13,2.796264698e-13
131.8046875,9.294065524e-13,2.861192944e-13,1.493037847e-12,4.037721286e-13,2.374064446e-13,3.285737773e-13,1.10358545e-13,2.172598542e-13,1.006071856e-13,1.495130438e-13,4.295553367e-13,1.948211946e-13,5.126738993e-13,5.044844205e-13,2.081531009e-12,3.302736364e-12,2.128147437e-12,1.151108958e-12,4.37122767e-13,1.174047089e-12,7.523045153e-14,7.008972366e-14,2.353487489e-13,4.355394014e-13,3.688901463e-13,9.271398111e-13,1.68817913e-12,3.137776897e-13,8.893881464e-13,2.398001757e-13,6.124188675e-13,2.777498237e-13
131.8125,9.192379212e-13,2.856268981e-13,1.478889978e-12,4.023585745e-13,2.367227021e-13,3.247293755e-13,1.105301461e-13,2.165261084e-13,9.972586969e-14,1.485555892e-13,4.261023428e-13,1.943003439e-13,5.150078786e-13,5.039491413e-13,2.072548185e-12,3.29112646e-12,2.125644693e-12,1.147286327e-12,4.347779773e-13,1.16419731e-12,7.438183593e-14,6.945044513e-14,2.368108027e-13,4.358764632e-13,3.688269031e-13,9.235548857e-13,1.691029019e-12,3.116148855e-13,8.894253914e-13,2.366748093e-13,6.117385981e-13,2.758643769e-13
131.8203125,9.088159234e-13,2.847140348e-13,1.464080364e-12,4.005717299e-13,2.358618887e-13,3.208191573e-13,1.106243386e-13,2.156696637e-13,9.887107265e-14,1.476960772e-13,4.224441197e-13,1.936069366e-13,5.16887798e-13,5.028964204e-13,2.061481849e-12,3.276748158e-12,2.121473686e-12,1.14219067e-12,4.321247805e-13,1.153521185e-12,7.348793272e-14,6.882900509e-14,2.382118776e-13,4.363093434e-13,3.684043153e-13,9.19483012e-13,1.693163101e-12,3.091423861e-13,8.891297654e-13,2.334379499e-13,6.105068393e-13,2.738312572e-13
131.828125,8.983825123e-13,2.838366099e-13,1.44955525e-12,3.989144907e-13,2.350473524e-13,3.172276976e-13,1.107114231e-13,2.147059638e-13,9.804024382e-14,1.468940818e-13,4.189547885e-13,1.929141162e-13,5.186230449e-13,5.017454551e-13,2.049980701e-12,3.261652187e-12,2.116852392e-12,1.136673775e-12,4.294354906e-13,1.14274456e-12,7.265046887e-14,6.824609512e-14,2.39458456e-13,4.367084548e-13,3.678108202e-13,9.150695016e-13,1.694910177e-12,3.067752577e-13,8.889176125e-13,2.301790785e-13,6.092796067e-13,2.716927408e-13
131.8359375,8.87994431e-13,2.832446955e-13,1.434602459e-12,3.972069785e-13,2.342864268e-13,3.138514293e-13,1.108098339e-13,2.137064325e-13,9.729812355e-14,1.461760773e-13,4.15348993e-13,1.921049064e-13,5.199434857e-13,5.002646745e-13,2.037627227e-12,3.245317303e-12,2.111392241e-12,1.130685904e-12,4.265997638e-13,1.13175264e-12,7.179276293e-14,6.774671313e-14,2.406153308e-13,4.369283095e-13,3.670468658e-13,9.104158089e-13,1.695903836e-12,3.045325459e-13,8.884024446e-13,2.26868707e-13,6.076519872e-13,2.695525925e-13
131.84375,8.772523149e-13,2.826613952e-13,1.418553584e-12,3.953737613e-13,2.333048863e-13,3.103521952e-13,1.10829368e-13,2.12678966e-13,9.658098816e-14,1.45600745e-13,4.113848863e-13,1.911115183e-13,5.20726482e-13,4.982080562e-13,2.023581928e-12,3.226703619e-12,2.104238082e-12,1.123720229e-12,4.233957845e-13,1.120085304e-12,7.088611213e-14,6.726015592e-14,2.416867714e-13,4.370176643e-13,3.659438423e-13,9.05403364e-13,1.696018743e-12,3.021827276e-13,8.870948832e-13,2.234763027e-13,6.053202955e-13,2.67356664e-13
131.8515625,8.661554965e-13,2.817439485e-13,1.402119345e-12,3.935597361e-13,2.321611516e-13,3.06885736e-13,1.107521428e-13,2.115248328e-13,9.582466738e-14,1.451008625e-13,4.073298154e-13,1.900602904e-13,5.21289683e-13,4.958416304e-13,2.008178843e-12,3.205855608e-12,2.095440019e-12,1.11593005e-12,4.199931814e-13,1.107717025e-12,6.999364487e-14,6.675671596e-14,2.426378339e-13,4.369621997e-13,3.645516382e-13,9.000637757e-13,1.695290003e-12,2.997278265e-13,8.85265202e-13,2.201081716e-13,6.026604216e-13,2.650413935e-13
131.859375,8.551444741e-13,2.806389279e-13,1.385338951e-12,3.916007201e-13,2.310477953e-13,3.035455664e-13,1.106472601e-13,2.10231519e-13,9.508708941e-14,1.445828998e-13,4.031419973e-13,1.88893375e-13,5.21579689e-13,4.931406091e-13,1.99161294e-12,3.182969865e-12,2.085283264e-12,1.107651258e-12,4.164441947e-13,1.094885091e-12,6.905190937e-14,6.627530866e-14,2.435158996e-13,4.367350402e-13,3.62987391e-13,8.944492175e-13,1.693618439e-12,2.971509619e-13,8.83101223e-13,2.167485578e-13,5.996984622e-13,2.626354961e-13
131.8671875,8.442553468e-13,2.796688268e-13,1.36790395e-12,3.895247263e-13,2.298927621e-13,3.002046425e-13,1.105452861e-13,2.089094743e-13,9.439765097e-14,1.441280478e-13,3.987877951e-13,1.875592467e-13,5.213899662e-13,4.900016422e-13,1.974066791e-12,3.158780594e-12,2.074169268e-12,1.098899955e-12,4.126318934e-13,1.081797409e-12,6.803317279e-14,6.581457728e-14,2.443037715e-13,4.36488009e-13,3.61216561e-13,8.884520801e-13,1.691115929e-12,2.944115617e-13,8.804987867e-13,2.132719397e-13,5.963099921e-13,2.601278562e-13
131.875,8.331676245e-13,2.78601117e-13,1.35039935e-12,3.87538409e-13,2.285261859e-13,2.970296545e-13,1.104141056e-13,2.075818274e-13,9.376181624e-14,1.438212694e-13,3.945967637e-13,1.861921568e-13,5.208047875e-13,4.865418357e-13,1.955769055e-12,3.133668084e-12,2.062260767e-12,1.089471621e-12,4.08650114e-13,1.068500093e-12,6.705150759e-14,6.538726017e-14,2.449514046e-13,4.363284872e-13,3.592179559e-13,8.822330035e-13,1.687988384e-12,2.916193383e-13,8.777230166e-13,2.097506597e-13,5.926216437e-13,2.575661323e-13
131.8828125,8.220407773e-13,2.772080879e-13,1.333062041e-12,3.856040602e-13,2.269750645e-13,2.942193704e-13,1.102318021e-13,2.062245571e-13,9.321331647e-14,1.43581095e-13,3.905771618e-13,1.847753065e-13,5.198750723e-13,4.826488741e-13,1.936620961e-12,3.107148154e-12,2.049338167e-12,1.07939188e-12,4.045692056e-13,1.055034273e-12,6.612548158e-14,6.502690621e-14,2.455096431e-13,4.361704555e-13,3.570487322e-13,8.760930268e-13,1.684263235e-12,2.88915012e-13,8.749521337e-13,2.063395269e-13,5.885913842e-13,2.550941665e-13
131.890625,8.112935409e-13,2.758434635e-13,1.315374951e-12,3.836178467e-13,2.254938128e-13,2.91577921e-13,1.100261753e-13,2.048640223e-13,9.271333104e-14,1.433595854e-13,3.864563037e-13,1.83207681e-13,5.185787204e-13,4.7828609e-13,1.916649242e-12,3.079208407e-12,2.035349832e-12,1.068937639e-12,4.002853081e-13,1.041267128e-12,6.518140471e-14,6.47183501e-14,2.459992398e-13,4.35893956e-13,3.547041928e-13,8.698529951e-13,1.679926533e-12,2.863062798e-13,8.717794676e-13,2.029606397e-13,5.841870249e-13,2.526718154e-13
131.8984375,8.005520585e-13,2.746151868e-13,1.297024793e-12,3.81451479e-13,2.240759606e-13,2.887157028e-13,1.097979398e-13,2.03475933e-13,9.220538306e-14,1.432295103e-13,3.821130593e-13,1.815315082e-13,5.169150508e-13,4.735467768e-13,1.895677359e-12,3.049887208e-12,2.020001955e-12,1.057944696e-12,3.957092808e-13,1.026927812e-12,6.420892648e-14,6.441878236e-14,2.463752474e-13,4.35521777e-13,3.521180812e-13,8.632510841e-13,1.675078335e-12,2.835638024e-13,8.679600616e-13,1.994691085e-13,5.794773495e-13,2.501394567e-13
131.90625,7.890840637e-13,2.732563802e-13,1.278338785e-12,3.791094639e-13,2.223858192e-13,2.855808351e-13,1.095145508e-13,2.02017058e-13,9.172295516e-14,1.432161401e-13,3.776722589e-13,1.79809029e-13,5.149226301e-13,4.683516757e-13,1.87360921e-12,3.019029518e-12,2.003100857e-12,1.046198154e-12,3.90911492e-13,1.012369709e-12,6.322688369e-14,6.410613653e-14,2.466159123e-13,4.351875029e-13,3.49295958e-13,8.564265714e-13,1.669759157e-12,2.805818465e-13,8.638323426e-13,1.959582893e-13,5.744801141e-13,2.474965159e-13
131.9140625,7.771146023e-13,2.718507994e-13,1.260050222e-12,3.768334136e-13,2.205400217e-13,2.826028205e-13,1.092099984e-13,2.00490596e-13,9.130817167e-14,1.432687716e-13,3.734563446e-13,1.781031861e-13,5.127616707e-13,4.629390853e-13,1.851076455e-12,2.987107017e-12,1.985346553e-12,1.034126667e-12,3.861138213e-13,9.98032926e-13,6.225299401e-14,6.382078483e-14,2.466920356e-13,4.348741128e-13,3.463141879e-13,8.494539896e-13,1.663746297e-12,2.776929658e-13,8.596040199e-13,1.925726025e-13,5.694243439e-13,2.447964125e-13
131.921875,7.65385401e-13,2.704896876e-13,1.241956384e-12,3.745822264e-13,2.188803771e-13,2.799569935e-13,1.089172341e-13,1.988875959e-13,9.09514714e-14,1.433440224e-13,3.693292447e-13,1.763874107e-13,5.103236474e-13,4.57465821e-13,1.82802236e-12,2.954178165e-12,1.966962195e-12,1.021840951e-12,3.812726448e-13,9.834422461e-13,6.128028184e-14,6.360627813e-14,2.466288394e-13,4.344243721e-13,3.431784317e-13,8.422672279e-13,1.656885356e-12,2.75009454e-13,8.549174973e-13,1.892316506e-13,5.642570958e-13,2.420533476e-13
131.9296875,7.5387327e-13,2.689481568e-13,1.222955034e-12,3.721529078e-13,2.171222332e-13,2.772601587e-13,1.085949165e-13,1.972258599e-13,9.061419277e-14,1.43426874e-13,3.647961566e-13,1.744558515e-13,5.072795682e-13,4.514027034e-13,1.803739223e-12,2.919791538e-12,1.947363265e-12,1.008861136e-12,3.760570568e-13,9.682862831e-13,6.024973136e-14,6.33906847e-14,2.465138595e-13,4.33851181e-13,3.398313159e-13,8.349502296e-13,1.649298765e-12,2.721723214e-13,8.49407041e-13,1.858209944e-13,5.583929854e-13,2.393051247e-13
131.9375,7.420762119e-13,2.672438113e-13,1.203429005e-12,3.69670998e-13,2.150578427e-13,2.744300181e-13,1.082506713e-13,1.955626001e-13,9.02773323e-14,1.435616213e-13,3.60143899e-13,1.72356065e-13,5.038639944e-13,4.448108253e-13,1.778772219e-12,2.884408606e-12,1.926826282e-12,9.953093088e-13,3.705947175e-13,9.530505552e-13,5.917511461e-14,6.312659457e-14,2.463239465e-13,4.332722097e-13,3.363030561e-13,8.275142473e-13,1.641027252e-12,2.691845794e-13,8.432750898e-13,1.824201124e-13,5.519464299e-13,2.365359999e-13
131.9453125,7.29979522e-13,2.655879128e-13,1.184664981e-12,3.672135194e-13,2.131234603e-13,2.717775364e-13,1.079295326e-13,1.939205607e-13,9.001067809e-14,1.438255975e-13,3.558452833e-13,1.704009603e-13,5.004787263e-13,4.384712963e-13,1.75389453e-12,2.848599473e-12,1.905917619e-12,9.816382285e-13,3.652937837e-13,9.379337165e-13,5.81501363e-14,6.292878861e-14,2.45999982e-13,4.3269669e-13,3.326739539e-13,8.199665033e-13,1.632110651e-12,2.663596335e-13,8.369925767e-13,1.791282157e-13,5.456314143e-13,2.337448475e-13
131.953125,7.178991071e-13,2.639300746e-13,1.1660757e-12,3.647406509e-13,2.113587982e-13,2.692297095e-13,1.076011515e-13,1.923042206e-13,8.986857947e-14,1.441888203e-13,3.514658424e-13,1.68488222e-13,4.968497822e-13,4.321250813e-13,1.72872329e-12,2.812251128e-12,1.884271965e-12,9.676687402e-13,3.599599315e-13,9.229356068e-13,5.716347496e-14,6.282962246e-14,2.455839664e-13,4.320932824e-13,3.289309468e-13,8.124953717e-13,1.622733798e-12,2.635619322e-13,8.305890152e-13,1.758744126e-13,5.392495405e-13,2.310311808e-13
131.9609375,7.059014025e-13,2.62162718e-13,1.146545171e-12,3.623479568e-13,2.093512753e-13,2.665901093e-13,1.072566271e-13,1.906889645e-13,8.977585827e-14,1.445296836e-13,3.467669555e-13,1.662895501e-13,4.927328282e-13,4.250592543e-13,1.703089579e-12,2.775489789e-12,1.861625428e-12,9.531779221e-13,3.542395491e-13,9.08227767e-13,5.614935459e-14,6.270697313e-14,2.450801427e-13,4.313963136e-13,3.250473162e-13,8.050644622e-13,1.612861107e-12,2.605491989e-13,8.237671432e-13,1.725442747e-13,5.322499702e-13,2.283822488e-13
131.96875,6.939256641e-13,2.603147793e-13,1.126780596e-12,3.598542782e-13,2.072779543e-13,2.640412197e-13,1.069560738e-13,1.890400094e-13,8.970653046e-14,1.448519009e-13,3.422674243e-13,1.639611304e-13,4.884951291e-13,4.177610792e-13,1.677403367e-12,2.73856986e-12,1.838380318e-12,9.384794608e-13,3.483812941e-13,8.93480184e-13,5.515248989e-14,6.258347733e-14,2.444480643e-13,4.305573308e-13,3.211019233e-13,7.974329347e-13,1.602443402e-12,2.574634689e-13,8.166840984e-13,1.691462682e-13,5.25016908e-13,2.25705361e-13
131.9765625,6.81934468e-13,2.584111589e-13,1.107544043e-12,3.571486673e-13,2.054394262e-13,2.617295057e-13,1.0670325e-13,1.874078582e-13,8.97341959e-14,1.452367253e-13,3.37965591e-13,1.617576653e-13,4.84316347e-13,4.108012902e-13,1.651665269e-12,2.701471381e-12,1.814766954e-12,9.237933545e-13,3.426330642e-13,8.784270187e-13,5.420920557e-14,6.257079037e-14,2.437138172e-13,4.296934464e-13,3.171353647e-13,7.895653457e-13,1.591593081e-12,2.544030695e-13,8.096845757e-13,1.657408844e-13,5.179856059e-13,2.230539383e-13
131.984375,6.697955816e-13,2.565650875e-13,1.088155702e-12,3.548085555e-13,2.03470205e-13,2.595891725e-13,1.064610778e-13,1.85808481e-13,8.980995736e-14,1.455847321e-13,3.333211444e-13,1.594875387e-13,4.799031877e-13,4.036529422e-13,1.62570967e-12,2.664258233e-12,1.790630171e-12,9.088650246e-13,3.36744636e-13,8.635575643e-13,5.32481295e-14,6.259056347e-14,2.428839024e-13,4.28865497e-13,3.130397421e-13,7.814781223e-13,1.580074951e-12,2.512625018e-13,8.023886341e-13,1.623233786e-13,5.107865273e-13,2.204506642e-13
131.9921875,6.576089433e-13,2.548829189e-13,1.068296724e-12,3.529776449e-13,2.011441959e-13,2.575946764e-13,1.062334656e-13,1.841625941e-13,8.98605498e-14,1.458002681e-13,3.283718644e-13,1.570143891e-13,4.751517093e-13,3.959379111e-13,1.599561745e-12,2.626856539e-12,1.765893415e-12,8.935194919e-13,3.306117227e-13,8.490317876e-13,5.226051869e-14,6.255261831e-14,2.419495038e-13,4.279616091e-13,3.08772372e-13,7.732227597e-13,1.567703292e-12,2.480964667e-13,7.943580462e-13,1.589055086e-13,5.032041402e-13,2.178236148e-13
132,6.457437358e-13,2.530922702e-13,1.048858347e-12,3.509403635e-13,1.988961356e-13,2.557774959e-13,1.060219788e-13,1.82522606e-13,8.999771882e-14,1.460634216e-13,3.236039438e-13,1.545896873e-13,4.702904726e-13,3.881269983e-13,1.573355443e-12,2.589108815e-12,1.740844207e-12,8.78051769e-13,3.245665727e-13,8.345279078e-13,5.13474103e-14,6.255887702e-14,2.409609992e-13,4.270061873e-13,3.044757584e-13,7.650533476e-13,1.554905847e-12,2.450767801e-13,7.86098506e-13,1.555725435e-13,4.956412149e-13,2.152569439e-13
132.0078125,6.341546489e-13,2.510085881e-13,1.030279357e-12,3.486805332e-13,1.96975025e-13,2.542507376e-13,1.058195673e-13,1.81003245e-13,9.027862629e-14,1.464941557e-13,3.191415338e-13,1.52348813e-13,4.654580341e-13,3.805519241e-13,1.547367389e-12,2.551296408e-12,1.715862033e-12,8.627712236e-13,3.187750329e-13,8.201012021e-13,5.053428677e-14,6.267029294e-14,2.399213174e-13,4.261029337e-13,3.002396237e-13,7.569850964e-13,1.541947897e-12,2.422192897e-13,7.780427369e-13,1.523258503e-13,4.88289754e-13,2.128172999e-13
132.015625,6.225279602e-13,2.490327613e-13,1.011885197e-12,3.467588328e-13,1.951127663e-13,2.530298873e-13,1.056536508e-13,1.795336496e-13,9.057130339e-14,1.469591867e-13,3.147033922e-13,1.501089179e-13,4.605754215e-13,3.730281846e-13,1.521572048e-12,2.513683262e-12,1.69094651e-12,8.476195838e-13,3.129993155e-13,8.05699418e-13,4.972800531e-14,6.280152645e-14,2.388025139e-13,4.252123707e-13,2.960040559e-13,7.487207192e-13,1.528597645e-12,2.393959949e-13,7.697466232e-13,1.490629967e-13,4.80941421e-13,2.103566813e-13
132.0234375,6.109487022e-13,2.472358056e-13,9.93230695e-13,3.448623678e-13,1.931526295e-13,2.518109803e-13,1.055312034e-13,1.780301533e-13,9.084840245e-14,1.474199804e-13,3.101213556e-13,1.477409716e-13,4.555439961e-13,3.653510271e-13,1.495602032e-12,2.476092451e-12,1.665772019e-12,8.324230795e-13,3.070379218e-13,7.911428178e-13,4.886532911e-14,6.292843396e-14,2.376449581e-13,4.243375781e-13,2.917374888e-13,7.402956277e-13,1.514733404e-12,2.364717391e-13,7.610202483e-13,1.457707277e-13,4.735228e-13,2.078625049e-13
132.03125,5.995468126e-13,2.451029127e-13,9.746115658e-13,3.425625936e-13,1.912236148e-13,2.504422545e-13,1.054038946e-13,1.765330639e-13,9.120814279e-14,1.479117023e-13,3.054910301e-13,1.453169673e-13,4.503589172e-13,3.574811894e-13,1.46947673e-12,2.438295109e-12,1.639967989e-12,8.170229967e-13,3.009571092e-13,7.768835908e-13,4.7980221e-14,6.310685898e-14,2.364296674e-13,4.234807884e-13,2.874246442e-13,7.319849738e-13,1.500395267e-12,2.334215487e-13,7.522512117e-13,1.425068096e-13,4.66053644e-13,2.054943847e-13
132.0390625,5.881420725e-13,2.428341852e-13,9.56143177e-13,3.402830023e-13,1.89353643e-13,2.491210045e-13,1.052480689e-13,1.750330454e-13,9.162110781e-14,1.48331731e-13,3.008558915e-13,1.429316595e-13,4.450646667e-13,3.495165862e-13,1.443456832e-12,2.400212156e-12,1.613462746e-12,8.013214316e-13,2.949085068e-13,7.631481548e-13,4.711950526e-14,6.333040761e-14,2.350677038e-13,4.224569164e-13,2.82993865e-13,7.237217997e-13,1.485660304e-12,2.303853924e-13,7.434003166e-13,1.392619679e-13,4.584613341e-13,2.031889552e-13
132.046875,5.766655374e-13,2.410521531e-13,9.376605572e-13,3.383344386e-13,1.873984911e-13,2.479034431e-13,1.050924057e-13,1.735213258e-13,9.201620636e-14,1.486539843e-13,2.961953096e-13,1.405751788e-13,4.396867148e-13,3.415994926e-13,1.417586722e-12,2.362099446e-12,1.586815261e-12,7.855817269e-13,2.889427507e-13,7.495017832e-13,4.62669097e-14,6.356008959e-14,2.335947307e-13,4.212378401e-13,2.784811584e-13,7.153389095e-13,1.470608935e-12,2.275113226e-13,7.341330223e-13,1.360357897e-13,4.508023575e-13,2.008165518e-13
132.0546875,5.652092589e-13,2.394657233e-13,9.192108265e-13,3.365510437e-13,1.852900524e-13,2.467508741e-13,1.049506209e-13,1.720956479e-13,9.243230355e-14,1.489440301e-13,2.916046227e-13,1.381466003e-13,4.341656603e-13,3.336797236e-13,1.391944046e-12,2.324452678e-12,1.560495056e-12,7.701419671e-13,2.829477981e-13,7.360072487e-13,4.540026255e-14,6.37964225e-14,2.321167402e-13,4.200456603e-13,2.740190423e-13,7.069409107e-13,1.455066963e-12,2.247322434e-13,7.245137383e-13,1.328702826e-13,4.431488596e-13,1.985052527e-13
132.0625,5.5377737e-13,2.376201535e-13,9.008195756e-13,3.348684774e-13,1.831611759e-13,2.457170949e-13,1.04816067e-13,1.707840262e-13,9.289430531e-14,1.491812387e-13,2.871058615e-13,1.356097648e-13,4.28443236e-13,3.256826993e-13,1.366507507e-12,2.28715333e-12,1.534097478e-12,7.548524852e-13,2.768275086e-13,7.228589159e-13,4.457034987e-14,6.404780798e-14,2.306292427e-13,4.188888935e-13,2.696015274e-13,6.985773812e-13,1.438889718e-12,2.218684414e-13,7.147243922e-13,1.297341431e-13,4.353879249e-13,1.963527909e-13
132.0703125,5.423965654e-13,2.357134023e-13,8.825692852e-13,3.331833005e-13,1.812349901e-13,2.447477688e-13,1.047003754e-13,1.695121152e-13,9.340035943e-14,1.494062677e-13,2.826307367e-13,1.330948364e-13,4.226876446e-13,3.178322473e-13,1.341111457e-12,2.249761134e-12,1.507288521e-12,7.39502058e-13,2.707430133e-13,7.096781668e-13,4.38307035e-14,6.433333961e-14,2.290604123e-13,4.17633445e-13,2.651579716e-13,6.901559153e-13,1.422372248e-12,2.189344449e-13,7.048208239e-13,1.265971919e-13,4.276147512e-13,1.94246958e-13
132.078125,5.31139457e-13,2.338138586e-13,8.648418348e-13,3.313728716e-13,1.795748069e-13,2.438565386e-13,1.046064703e-13,1.682524263e-13,9.402092867e-14,1.496758904e-13,2.782925591e-13,1.307072299e-13,4.171334088e-13,3.102950414e-13,1.315977261e-12,2.212639609e-12,1.480487174e-12,7.242741611e-13,2.648695356e-13,6.966288971e-13,4.315914182e-14,6.47061384e-14,2.273913533e-13,4.163831828e-13,2.607315798e-13,6.8181998e-13,1.405807479e-12,2.161020913e-13,6.949318084e-13,1.235479429e-13,4.201541925e-13,1.921710959e-13
132.0859375,5.198946755e-13,2.318489573e-13,8.476042256e-13,3.295865699e-13,1.779609347e-13,2.431211298e-13,1.045152528e-13,1.670037879e-13,9.477157838e-14,1.499043133e-13,2.741893657e-13,1.283697822e-13,4.11667949e-13,3.028220393e-13,1.291210608e-12,2.176124806e-12,1.453830809e-12,7.092123443e-13,2.590688639e-13,6.841985264e-13,4.252425772e-14,6.517119364e-14,2.256802345e-13,4.152484308e-13,2.563460145e-13,6.737231447e-13,1.389106513e-12,2.134014168e-13,6.850659955e-13,1.206373261e-13,4.129335867e-13,1.902016184e-13
132.09375,5.084374671e-13,2.300141828e-13,8.303194513e-13,3.27854725e-13,1.761378628e-13,2.423642946e-13,1.044201103e-13,1.657709111e-13,9.553770123e-14,1.500832291e-13,2.701068604e-13,1.25980473e-13,4.060211798e-13,2.951768617e-13,1.266390278e-12,2.139752914e-12,1.427001144e-12,6.940840796e-13,2.531800398e-13,6.719486471e-13,4.191946523e-14,6.564009688e-14,2.239927578e-13,4.141097411e-13,2.519365646e-13,6.656229392e-13,1.372127602e-12,2.107089343e-13,6.750022514e-13,1.177710999e-13,4.055916095e-13,1.882664051e-13
132.1015625,4.968886241e-13,2.282427727e-13,8.128728602e-13,3.260078855e-13,1.741780515e-13,2.415473299e-13,1.043201765e-13,1.646030714e-13,9.625958191e-14,1.502592596e-13,2.658223818e-13,1.235183174e-13,4.002376172e-13,2.874528417e-13,1.241609167e-12,2.103568338e-12,1.400132579e-12,6.789409974e-13,2.472639613e-13,6.595983516e-13,4.131192136e-14,6.605948537e-14,2.223076187e-13,4.128543991e-13,2.474969077e-13,6.573364831e-13,1.354872622e-12,2.079428306e-13,6.646025899e-13,1.148790563e-13,3.980886284e-13,1.863031648e-13
132.109375,4.856813059e-13,2.26263519e-13,7.955348983e-13,3.241616301e-13,1.724201171e-13,2.409283769e-13,1.042160615e-13,1.63510016e-13,9.700001379e-14,1.503404603e-13,2.614075067e-13,1.209837063e-13,3.94521335e-13,2.797943736e-13,1.217312156e-12,2.067976072e-12,1.373383793e-12,6.639623723e-13,2.413339089e-13,6.477098492e-13,4.068144282e-14,6.64903769e-14,2.205626743e-13,4.114746851e-13,2.430644947e-13,6.490806963e-13,1.337227882e-12,2.051103389e-13,6.538427012e-13,1.12004614e-13,3.905838855e-13,1.844144211e-13
132.1171875,4.748632419e-13,2.241863096e-13,7.784666768e-13,3.225786795e-13,1.70982191e-13,2.405145013e-13,1.041282898e-13,1.624647875e-13,9.781609004e-14,1.503583805e-13,2.570075001e-13,1.184407668e-13,3.888925595e-13,2.722651602e-13,1.19325512e-12,2.032551779e-12,1.346401968e-12,6.490767825e-13,2.353454085e-13,6.362849137e-13,4.007901085e-14,6.699418833e-14,2.18775162e-13,4.100102603e-13,2.386493135e-13,6.40995761e-13,1.318993458e-12,2.023028892e-13,6.428427798e-13,1.091956393e-13,3.831703935e-13,1.82660621e-13
132.125,4.640934372e-13,2.222528222e-13,7.617510952e-13,3.211798475e-13,1.695602467e-13,2.401207211e-13,1.040563605e-13,1.615017244e-13,9.870302489e-14,1.50470572e-13,2.526448619e-13,1.159783424e-13,3.832699403e-13,2.648730311e-13,1.169295417e-12,1.997218116e-12,1.319197193e-12,6.342635174e-13,2.293934614e-13,6.249000392e-13,3.955628674e-14,6.754481154e-14,2.17008605e-13,4.085931581e-13,2.34284968e-13,6.33015034e-13,1.300360207e-12,1.996156399e-13,6.320047789e-13,1.06453192e-13,3.759538038e-13,1.809897583e-13
132.1328125,4.53352004e-13,2.204250278e-13,7.45248499e-13,3.196476161e-13,1.679160844e-13,2.396704591e-13,1.039747342e-13,1.606303476e-13,9.961629505e-14,1.506039369e-13,2.483196451e-13,1.135489031e-13,3.776297693e-13,2.575337078e-13,1.145854173e-12,1.962744989e-12,1.292336539e-12,6.196587662e-13,2.235362801e-13,6.137555996e-13,3.908810819e-14,6.808957975e-14,2.152759018e-13,4.073192886e-13,2.299933382e-13,6.251372636e-13,1.28178324e-12,1.969632529e-13,6.2141353e-13,1.037632628e-13,3.689322688e-13,1.793673102e-13
132.140625,4.428872881e-13,2.185185007e-13,7.287996626e-13,3.179830834e-13,1.662843514e-13,2.39214044e-13,1.039032374e-13,1.59796628e-13,1.005253737e-13,1.506440469e-13,2.4404296e-13,1.110898031e-13,3.720455246e-13,2.503199416e-13,1.123033809e-12,1.929292316e-12,1.266120607e-12,6.053760174e-13,2.177634511e-13,6.030147558e-13,3.86232822e-14,6.862832367e-14,2.135301393e-13,4.061166574e-13,2.257567339e-13,6.172961784e-13,1.263307455e-12,1.942180539e-13,6.105994714e-13,1.011158354e-13,3.620757384e-13,1.777656853e-13
132.1484375,4.32692499e-13,2.165697051e-13,7.125971027e-13,3.16502825e-13,1.649049138e-13,2.389660591e-13,1.038600958e-13,1.590208794e-13,1.014612271e-13,1.50665739e-13,2.398182381e-13,1.08661249e-13,3.665945943e-13,2.434226029e-13,1.100734733e-12,1.896556055e-12,1.240411195e-12,5.914881957e-13,2.121564952e-13,5.924396912e-13,3.816701936e-14,6.919814423e-14,2.116980922e-13,4.048873287e-13,2.215881464e-13,6.09382486e-13,1.244655775e-12,1.91499065e-13,5.99520974e-13,9.852233849e-14,3.555051194e-13,1.761507751e-13
132.15625,4.225741217e-13,2.1478797e-13,6.965887354e-13,3.151637133e-13,1.63552043e-13,2.388475413e-13,1.037915238e-13,1.583458463e-13,1.024369137e-13,1.506542636e-13,2.35671617e-13,1.06249328e-13,3.611700338e-13,2.366424968e-13,1.078822374e-12,1.864294194e-12,1.214803618e-12,5.778158404e-13,2.066542267e-13,5.820031525e-13,3.774237972e-14,6.978671998e-14,2.097636133e-13,4.035656518e-13,2.174796231e-13,6.015042351e-13,1.225720002e-12,1.889352227e-13,5.88535337e-13,9.599283704e-14,3.490846385e-13,1.745406622e-13
132.1640625,4.125749222e-13,2.13061489e-13,6.805269614e-13,3.137641843e-13,1.620599507e-13,2.385077089e-13,1.036868052e-13,1.577186049e-13,1.034052284e-13,1.504734147e-13,2.315822377e-13,1.037924052e-13,3.557048737e-13,2.297897998e-13,1.057009781e-12,1.832168491e-12,1.18912262e-12,5.641878651e-13,2.010867487e-13,5.71754841e-13,3.732652985e-14,7.034745299e-14,2.078186998e-13,4.020997021e-13,2.134015434e-13,5.937552075e-13,1.206566349e-12,1.864033403e-13,5.774895465e-13,9.350579968e-14,3.425823448e-13,1.729653881e-13
132.171875,4.02999826e-13,2.112284214e-13,6.647977198e-13,3.126520379e-13,1.607269524e-13,2.382591277e-13,1.036210891e-13,1.571098053e-13,1.043770879e-13,1.501139862e-13,2.275170843e-13,1.014098857e-13,3.504441821e-13,2.232971575e-13,1.035593222e-12,1.800557498e-12,1.163917416e-12,5.509708333e-13,1.956053053e-13,5.617081657e-13,3.691771222e-14,7.091804855e-14,2.059324816e-13,4.005623525e-13,2.09413159e-13,5.860148543e-13,1.187311916e-12,1.83848494e-13,5.663146783e-13,9.105150909e-14,3.363294487e-13,1.714331835e-13
132.1796875,3.938145221e-13,2.095693572e-13,6.496080109e-13,3.119994467e-13,1.596992875e-13,2.385316878e-13,1.035902209e-13,1.565680003e-13,1.054115389e-13,1.496607657e-13,2.235110546e-13,9.915822246e-14,3.45486598e-13,2.173463652e-13,1.014882345e-12,1.769958767e-12,1.139385328e-12,5.383094037e-13,1.903566626e-13,5.520568139e-13,3.656144131e-14,7.156120246e-14,2.040712585e-13,3.990529148e-13,2.055380157e-13,5.782333681e-13,1.167952496e-12,1.813820744e-13,5.553809604e-13,8.864205075e-14,3.305417607e-13,1.699572843e-13
132.1875,3.846368987e-13,2.081469015e-13,6.343921046e-13,3.112354846e-13,1.587476361e-13,2.388374744e-13,1.035152815e-13,1.561183025e-13,1.06495568e-13,1.491783902e-13,2.195036934e-13,9.686601141e-14,3.40584426e-13,2.114493933e-13,9.943340118e-13,1.739803338e-12,1.114915975e-12,5.257364523e-13,1.851014032e-13,5.427802291e-13,3.624588496e-14,7.223572608e-14,2.022416108e-13,3.975230715e-13,2.017080608e-13,5.705479775e-13,1.148429606e-12,1.789656504e-13,5.445322338e-13,8.627044257e-14,3.248153526e-13,1.685392767e-13
132.1953125,3.756175281e-13,2.066618133e-13,6.191821491e-13,3.101776837e-13,1.578359446e-13,2.388046311e-13,1.034198522e-13,1.557727497e-13,1.075867285e-13,1.486819572e-13,2.154430593e-13,9.452748271e-14,3.357238492e-13,2.055892742e-13,9.739818289e-13,1.70998562e-12,1.090686796e-12,5.133211357e-13,1.79808304e-13,5.335950679e-13,3.591989998e-14,7.289841094e-14,2.005008448e-13,3.959139625e-13,1.979812471e-13,5.630706173e-13,1.128975343e-12,1.765436921e-13,5.334985861e-13,8.394189908e-14,3.191376164e-13,1.671723763e-13
132.203125,3.671094758e-13,2.052413719e-13,6.04569631e-13,3.093070816e-13,1.570627012e-13,2.388491861e-13,1.033822432e-13,1.55531894e-13,1.086598209e-13,1.48122114e-13,2.114949263e-13,9.231717675e-14,3.31110523e-13,2.002033871e-13,9.544802951e-13,1.681038871e-12,1.067290189e-12,5.014479985e-13,1.747777391e-13,5.244815041e-13,3.559808871e-14,7.357125154e-14,1.987843535e-13,3.942085544e-13,1.944330464e-13,5.557037069e-13,1.109651605e-12,1.742285667e-13,5.226338693e-13,8.167580631e-14,3.138678281e-13,1.658460059e-13
132.2109375,3.588152135e-13,2.040644243e-13,5.903768857e-13,3.087497637e-13,1.563343045e-13,2.391846915e-13,1.033744295e-13,1.553437696e-13,1.096893863e-13,1.474764043e-13,2.076562396e-13,9.020880574e-14,3.267239239e-13,1.95200973e-13,9.354878875e-13,1.652540607e-12,1.04418007e-12,4.897791809e-13,1.699834914e-13,5.155848533e-13,3.531889621e-14,7.424377006e-14,1.969901174e-13,3.923688823e-13,1.909468521e-13,5.482648735e-13,1.090148219e-12,1.720117819e-13,5.120220762e-13,7.944643328e-14,3.088778686e-13,1.645260204e-13
132.21875,3.505578304e-13,2.029028703e-13,5.762664214e-13,3.082987911e-13,1.556701698e-13,2.39614547e-13,1.03309433e-13,1.552030861e-13,1.107319158e-13,1.4677541e-13,2.037287812e-13,8.810481462e-14,3.225136914e-13,1.903398789e-13,9.165511466e-13,1.624320953e-12,1.020967024e-12,4.780973157e-13,1.652274043e-13,5.069037488e-13,3.507848789e-14,7.492565876e-14,1.952060439e-13,3.904978591e-13,1.874779804e-13,5.408639302e-13,1.070709949e-12,1.697985311e-13,5.014342305e-13,7.723505664e-14,3.040271796e-13,1.632375848e-13
132.2265625,3.425542916e-13,2.017209445e-13,5.624417012e-13,3.079368672e-13,1.551603955e-13,2.399937834e-13,1.031707683e-13,1.551657483e-13,1.118700805e-13,1.459858595e-13,1.998408597e-13,8.603143812e-14,3.185083769e-13,1.856845211e-13,8.97924088e-13,1.596902304e-12,9.982410515e-13,4.667615512e-13,1.605711382e-13,4.983624426e-13,3.484441179e-14,7.567140567e-14,1.935934062e-13,3.88721808e-13,1.841618949e-13,5.337392364e-13,1.051706172e-12,1.676555997e-13,4.910339087e-13,7.507817903e-14,2.994249225e-13,1.620650811e-13
132.234375,3.34635776e-13,2.006445891e-13,5.48935581e-13,3.077102262e-13,1.546517094e-13,2.403227372e-13,1.030185936e-13,1.552325254e-13,1.130385179e-13,1.450619742e-13,1.961469387e-13,8.398231217e-14,3.146400393e-13,1.812601402e-13,8.796871089e-13,1.570056766e-12,9.76178636e-13,4.558226414e-13,1.560726244e-13,4.899015692e-13,3.459445748e-14,7.642872586e-14,1.921193634e-13,3.869053046e-13,1.810230126e-13,5.267282436e-13,1.032638264e-12,1.655974173e-13,4.808373693e-13,7.298520603e-14,2.949806898e-13,1.609766044e-13
132.2421875,3.268542417e-13,1.996621572e-13,5.356581294e-13,3.076115466e-13,1.541383132e-13,2.407806091e-13,1.029089352e-13,1.554016277e-13,1.14155534e-13,1.440713209e-13,1.924851573e-13,8.197011182e-14,3.109203924e-13,1.77120624e-13,8.621020593e-13,1.543927621e-12,9.546818882e-13,4.451852221e-13,1.517046726e-13,4.815983826e-13,3.438022476e-14,7.712384202e-14,1.906266676e-13,3.849786644e-13,1.779771646e-13,5.196098805e-13,1.013263253e-12,1.635508264e-13,4.707137977e-13,7.092894974e-14,2.907180205e-13,1.59882743e-13
132.25,3.196748625e-13,1.987892961e-13,5.227266514e-13,3.076339259e-13,1.538516405e-13,2.414255848e-13,1.028373842e-13,1.556962423e-13,1.152803592e-13,1.430986924e-13,1.88845725e-13,8.006183897e-14,3.074140865e-13,1.733089704e-13,8.45444939e-13,1.519094204e-12,9.33882794e-13,4.349240951e-13,1.474940772e-13,4.735906434e-13,3.426153945e-14,7.782927242e-14,1.890980635e-13,3.83116582e-13,1.75018078e-13,5.125896052e-13,9.940406098e-13,1.615908827e-13,4.609170085e-13,6.890755934e-14,2.867351258e-13,1.588238697e-13
132.2578125,3.128636393e-13,1.978583746e-13,5.100547739e-13,3.078329914e-13,1.537118787e-13,2.421082027e-13,1.027661999e-13,1.560367583e-13,1.164245771e-13,1.4214351e-13,1.853061465e-13,7.817738654e-14,3.040655592e-13,1.696556562e-13,8.290841749e-13,1.494728955e-12,9.135370528e-13,4.24970078e-13,1.433992244e-13,4.657513837e-13,3.417217565e-14,7.859461232e-14,1.876552432e-13,3.812429537e-13,1.721785824e-13,5.057590141e-13,9.748559966e-13,1.597380843e-13,4.51446008e-13,6.692115878e-14,2.828131522e-13,1.578252739e-13
132.265625,3.06020196e-13,1.967574443e-13,4.975760631e-13,3.082132555e-13,1.534900553e-13,2.428112219e-13,1.026596303e-13,1.563375586e-13,1.174871289e-13,1.411848986e-13,1.817390906e-13,7.62457223e-14,3.009188606e-13,1.662068548e-13,8.127919529e-13,1.470344925e-12,8.935854197e-13,4.153969865e-13,1.394206693e-13,4.57877945e-13,3.405488167e-14,7.933274184e-14,1.863368767e-13,3.791086974e-13,1.694746279e-13,4.988888821e-13,9.554708793e-13,1.578547207e-13,4.420523869e-13,6.497430226e-14,2.789568054e-13,1.567939976e-13
132.2734375,2.993970188e-13,1.958803706e-13,4.855984845e-13,3.085234174e-13,1.532389089e-13,2.434689128e-13,1.024934683e-13,1.566908313e-13,1.18461311e-13,1.402038935e-13,1.782194299e-13,7.43819814e-14,2.980524075e-13,1.631429638e-13,7.972408779e-13,1.446993408e-12,8.744363204e-13,4.063809477e-13,1.356688737e-13,4.500886494e-13,3.399959288e-14,7.999530995e-14,1.850812206e-13,3.76821264e-13,1.669201494e-13,4.92086258e-13,9.363781525e-13,1.559636618e-13,4.329795529e-13,6.31137491e-14,2.753972267e-13,1.557475366e-13
132.28125,2.931391592e-13,1.954263368e-13,4.743092269e-13,3.088038224e-13,1.530694055e-13,2.440974794e-13,1.023055398e-13,1.572271384e-13,1.194375482e-13,1.391588077e-13,1.749749069e-13,7.263382184e-14,2.954091876e-13,1.603719537e-13,7.82468995e-13,1.424829356e-12,8.560836055e-13,3.978310423e-13,1.321141785e-13,4.425867813e-13,3.405194615e-14,8.063594715e-14,1.83897107e-13,3.745677786e-13,1.645365705e-13,4.856463165e-13,9.178050739e-13,1.542330858e-13,4.244341188e-13,6.136134301e-14,2.720831134e-13,1.54805083e-13
132.2890625,2.871988192e-13,1.95163279e-13,4.635571416e-13,3.095828132e-13,1.530134713e-13,2.450592247e-13,1.021606944e-13,1.579262222e-13,1.204467503e-13,1.380532023e-13,1.719426499e-13,7.096580707e-14,2.930980881e-13,1.57979196e-13,7.681345712e-13,1.403155017e-12,8.383876342e-13,3.897341501e-13,1.287125563e-13,4.353320699e-13,3.412530574e-14,8.131053106e-14,1.828390104e-13,3.722736635e-13,1.623378082e-13,4.794128952e-13,8.994509959e-13,1.52693718e-13,4.162351337e-13,5.966768062e-14,2.691258506e-13,1.539323508e-13
132.296875,2.815869848e-13,1.949622714e-13,4.5312774e-13,3.107427806e-13,1.531068362e-13,2.462582557e-13,1.020167346e-13,1.58684575e-13,1.214668821e-13,1.369463996e-13,1.689622641e-13,6.942566891e-14,2.912729494e-13,1.561538853e-13,7.541893761e-13,1.381938267e-12,8.21293163e-13,3.820155997e-13,1.255496307e-13,4.28175669e-13,3.416077546e-14,8.203186314e-14,1.818804625e-13,3.699386409e-13,1.602704334e-13,4.73159345e-13,8.81299195e-13,1.512093783e-13,4.083714837e-13,5.799719386e-14,2.667357052e-13,1.530324445e-13
132.3046875,2.760386598e-13,1.946275466e-13,4.429426639e-13,3.117217405e-13,1.533014567e-13,2.472819338e-13,1.017860279e-13,1.594620819e-13,1.224912361e-13,1.358505718e-13,1.660097499e-13,6.797934743e-14,2.897561729e-13,1.546064388e-13,7.404570669e-13,1.361159159e-12,8.044668562e-13,3.743811142e-13,1.225808924e-13,4.211326586e-13,3.417897874e-14,8.278107272e-14,1.809854942e-13,3.676673381e-13,1.582773806e-13,4.670522087e-13,8.6342109e-13,1.496807593e-13,4.008918197e-13,5.637942051e-14,2.646226123e-13,1.521516774e-13
132.3125,2.705191974e-13,1.942089581e-13,4.331592601e-13,3.128487929e-13,1.535454406e-13,2.483508727e-13,1.014948523e-13,1.603159143e-13,1.235073283e-13,1.347399434e-13,1.631976568e-13,6.653466762e-14,2.883940621e-13,1.531401712e-13,7.270680414e-13,1.340817683e-12,7.879930393e-13,3.669835623e-13,1.197015182e-13,4.143995432e-13,3.424962503e-14,8.353633347e-14,1.80169252e-13,3.653723972e-13,1.56389506e-13,4.611831832e-13,8.456533474e-13,1.482421027e-13,3.936997955e-13,5.484737932e-14,2.625705631e-13,1.513391636e-13
132.3203125,2.653145817e-13,1.942539158e-13,4.239080296e-13,3.144778151e-13,1.538370065e-13,2.495441998e-13,1.012168382e-13,1.612829681e-13,1.24464602e-13,1.336207996e-13,1.60686783e-13,6.516644708e-14,2.873222146e-13,1.520287823e-13,7.143112229e-13,1.321127276e-12,7.722156809e-13,3.600664868e-13,1.169517747e-13,4.079713429e-13,3.442077204e-14,8.42689086e-14,1.794118493e-13,3.629394407e-13,1.546167477e-13,4.553319811e-13,8.279612909e-13,1.470310278e-13,3.868235538e-13,5.33889008e-14,2.607990254e-13,1.505126109e-13
132.328125,2.603651298e-13,1.946208733e-13,4.150614795e-13,3.161232354e-13,1.541173811e-13,2.505837864e-13,1.009555979e-13,1.62297351e-13,1.25336604e-13,1.32470682e-13,1.583262215e-13,6.392508136e-14,2.866022242e-13,1.513481251e-13,7.018386209e-13,1.30171398e-12,7.568194281e-13,3.534033327e-13,1.143499021e-13,4.014954214e-13,3.461141563e-14,8.494754205e-14,1.786886218e-13,3.604061486e-13,1.529316833e-13,4.494082669e-13,8.104920292e-13,1.458907194e-13,3.803006716e-13,5.197616226e-14,2.593462737e-13,1.496177585e-13
132.3359375,2.558071614e-13,1.94723634e-13,4.064482444e-13,3.177764603e-13,1.544531913e-13,2.518639701e-13,1.006686718e-13,1.633262635e-13,1.26192986e-13,1.312279433e-13,1.55807214e-13,6.26852331e-14,2.860890474e-13,1.509228433e-13,6.894869337e-13,1.282349475e-12,7.41591875e-13,3.470076853e-13,1.118643324e-13,3.948679186e-13,3.474399736e-14,8.561085335e-14,1.780494791e-13,3.57810082e-13,1.513643195e-13,4.435691709e-13,7.932327534e-13,1.447242906e-13,3.740290901e-13,5.060090027e-14,2.580034422e-13,1.487306979e-13
132.34375,2.519862207e-13,1.949237272e-13,3.980383992e-13,3.198546689e-13,1.550583445e-13,2.535866627e-13,1.003265328e-13,1.644469649e-13,1.271013787e-13,1.299347109e-13,1.532957735e-13,6.1424371e-14,2.857275667e-13,1.507442533e-13,6.775720151e-13,1.263524089e-12,7.268341926e-13,3.410804187e-13,1.095303665e-13,3.884559665e-13,3.489745514e-14,8.63271706e-14,1.77527397e-13,3.551721826e-13,1.499181637e-13,4.379258806e-13,7.760360336e-13,1.437237773e-13,3.680043217e-13,4.927564961e-14,2.566984131e-13,1.479157272e-13
132.3515625,2.48578456e-13,1.955993199e-13,3.900080801e-13,3.220464964e-13,1.559158734e-13,2.551836792e-13,9.99569443e-14,1.656989542e-13,1.280072929e-13,1.287102856e-13,1.511778923e-13,6.0288583e-14,2.857276993e-13,1.509280779e-13,6.660110552e-13,1.245309655e-12,7.126169265e-13,3.355010303e-13,1.074018128e-13,3.823681328e-13,3.512130449e-14,8.706914505e-14,1.770733892e-13,3.525406603e-13,1.48562299e-13,4.324018926e-13,7.590041099e-13,1.429586999e-13,3.624269761e-13,4.802188401e-14,2.556230776e-13,1.471020604e-13
132.359375,2.453116328e-13,1.963394732e-13,3.825662383e-13,3.241951928e-13,1.568408609e-13,2.566573362e-13,9.957667036e-14,1.670454802e-13,1.288442606e-13,1.275396277e-13,1.49389673e-13,5.934028274e-14,2.862403952e-13,1.515745317e-13,6.547060502e-13,1.227399717e-12,6.989727292e-13,3.303063854e-13,1.055338451e-13,3.762588241e-13,3.535356149e-14,8.77791982e-14,1.766492334e-13,3.499142565e-13,1.473123953e-13,4.268083884e-13,7.423365343e-13,1.423316921e-13,3.574489464e-13,4.683437298e-14,2.549973565e-13,1.461832217e-13
132.3671875,2.423186888e-13,1.971173573e-13,3.755808059e-13,3.267208992e-13,1.578131481e-13,2.582303899e-13,9.909856205e-14,1.684843378e-13,1.296496173e-13,1.263006151e-13,1.47603926e-13,5.850692183e-14,2.870601608e-13,1.526028156e-13,6.438473873e-13,1.209921462e-12,6.859736538e-13,3.255419086e-13,1.039196261e-13,3.700706846e-13,3.558981566e-14,8.847491317e-14,1.762984443e-13,3.47267022e-13,1.461610543e-13,4.21127026e-13,7.259295336e-13,1.418037684e-13,3.529252671e-13,4.56687751e-14,2.546527012e-13,1.452049172e-13
132.375,2.393536988e-13,1.982221232e-13,3.68869775e-13,3.294876403e-13,1.588990463e-13,2.595536313e-13,9.849917054e-14,1.700379015e-13,1.304711976e-13,1.250164971e-13,1.457862832e-13,5.773552233e-14,2.88079064e-13,1.538320487e-13,6.333544697e-13,1.193065016e-12,6.733745116e-13,3.209306173e-13,1.02470876e-13,3.641451372e-13,3.586107373e-14,8.918785455e-14,1.761041248e-13,3.445716946e-13,1.451150903e-13,4.156170628e-13,7.097963749e-13,1.413037798e-13,3.48743775e-13,4.451467612e-14,2.543720713e-13,1.443214516e-13
132.3828125,2.365810245e-13,1.99503283e-13,3.625296451e-13,3.322096518e-13,1.600904266e-13,2.607884367e-13,9.791615438e-14,1.716838742e-13,1.312854165e-13,1.238389681e-13,1.441621709e-13,5.704202931e-14,2.894915749e-13,1.55324315e-13,6.231396522e-13,1.176694358e-12,6.611619245e-13,3.165372543e-13,1.011849227e-13,3.585317365e-13,3.6146993e-14,8.991675784e-14,1.76089912e-13,3.417732699e-13,1.442332875e-13,4.103924585e-13,6.94215559e-13,1.408313287e-13,3.451050662e-13,4.341840243e-14,2.543027927e-13,1.435404806e-13
132.390625,2.346719345e-13,2.009398547e-13,3.565973517e-13,3.352669481e-13,1.613338593e-13,2.624166231e-13,9.738626266e-14,1.73382969e-13,1.32045859e-13,1.227749952e-13,1.427745155e-13,5.643704058e-14,2.912582499e-13,1.57137161e-13,6.133516238e-13,1.16071624e-12,6.49684595e-13,3.126475537e-13,1.000801883e-13,3.529986082e-13,3.645071937e-14,9.064508223e-14,1.762000236e-13,3.389239841e-13,1.434786503e-13,4.05294237e-13,6.790924719e-13,1.405381204e-13,3.420526126e-13,4.240297178e-14,2.544127239e-13,1.427269638e-13
132.3984375,2.332470463e-13,2.026620511e-13,3.510797949e-13,3.388917953e-13,1.626611226e-13,2.642187879e-13,9.679551112e-14,1.751409557e-13,1.327496035e-13,1.216886012e-13,1.414799017e-13,5.590965743e-14,2.932390975e-13,1.591233773e-13,6.040135333e-13,1.145357221e-12,6.390130699e-13,3.091759442e-13,9.910171745e-14,3.475796865e-13,3.67959498e-14,9.135952614e-14,1.764028328e-13,3.361601731e-13,1.427988399e-13,4.002856587e-13,6.641642427e-13,1.404332885e-13,3.393898174e-13,4.145049908e-14,2.545323895e-13,1.418709077e-13
132.40625,2.316944566e-13,2.044723048e-13,3.45952433e-13,3.427230481e-13,1.642067802e-13,2.659365596e-13,9.612819231e-14,1.769950281e-13,1.334210538e-13,1.205605654e-13,1.402581773e-13,5.545885615e-14,2.955475216e-13,1.61335041e-13,5.949776299e-13,1.130563986e-12,6.288662694e-13,3.059836549e-13,9.828893609e-14,3.422875638e-13,3.717132532e-14,9.206927061e-14,1.76704074e-13,3.333940947e-13,1.422333645e-13,3.953350215e-13,6.493918993e-13,1.404076748e-13,3.370819566e-13,4.053192699e-14,2.548495245e-13,1.41038293e-13
132.4140625,2.304438263e-13,2.0630153e-13,3.40942847e-13,3.464210569e-13,1.658836769e-13,2.675661532e-13,9.54396603e-14,1.789611519e-13,1.340321432e-13,1.195017403e-13,1.3910277e-13,5.506781434e-14,2.981287721e-13,1.638568026e-13,5.860412028e-13,1.115687598e-12,6.189273194e-13,3.029798931e-13,9.769916827e-14,3.367999677e-13,3.756439922e-14,9.275184373e-14,1.770648135e-13,3.304206668e-13,1.417513045e-13,3.902385729e-13,6.347235657e-13,1.404442311e-13,3.351222504e-13,3.961592139e-14,2.55389035e-13,1.401514089e-13
132.421875,2.296104195e-13,2.083027009e-13,3.362307812e-13,3.501079925e-13,1.673950652e-13,2.690795499e-13,9.471944418e-14,1.810651596e-13,1.345505151e-13,1.185486968e-13,1.379960647e-13,5.471999091e-14,3.008458711e-13,1.664951865e-13,5.772847989e-13,1.100759612e-12,6.092639243e-13,3.000673202e-13,9.727467768e-14,3.311843384e-13,3.796770433e-14,9.33505516e-14,1.774621164e-13,3.273538339e-13,1.413115854e-13,3.851021566e-13,6.204665509e-13,1.405454803e-13,3.335478456e-13,3.872313672e-14,2.559612834e-13,1.391605033e-13
132.4296875,2.288293725e-13,2.104760607e-13,3.323637468e-13,3.542403018e-13,1.688332165e-13,2.707730797e-13,9.396726378e-14,1.833248829e-13,1.350489162e-13,1.176349591e-13,1.371306128e-13,5.445540008e-14,3.038577233e-13,1.692524965e-13,5.690856819e-13,1.086616798e-12,6.002325259e-13,2.974265382e-13,9.700366347e-14,3.259459751e-13,3.838780031e-14,9.391452617e-14,1.779550978e-13,3.244205078e-13,1.409763485e-13,3.802421245e-13,6.070592453e-13,1.407657611e-13,3.325904832e-13,3.791249375e-14,2.567121835e-13,1.381921478e-13
132.4375,2.284436349e-13,2.129058756e-13,3.291500147e-13,3.588591977e-13,1.705344585e-13,2.727212261e-13,9.320975664e-14,1.856271254e-13,1.35558625e-13,1.167260233e-13,1.366037642e-13,5.433828277e-14,3.071777332e-13,1.723531675e-13,5.613424507e-13,1.073122769e-12,5.917553088e-13,2.952169329e-13,9.691820103e-14,3.209535347e-13,3.887607283e-14,9.454083278e-14,1.785892931e-13,3.214738106e-13,1.407544044e-13,3.755477854e-13,5.939887294e-13,1.412225289e-13,3.323107693e-13,3.717116519e-14,2.576713693e-13,1.372791863e-13
132.4453125,2.286643881e-13,2.157269035e-13,3.263531793e-13,3.634942283e-13,1.72399023e-13,2.74522644e-13,9.244566665e-14,1.878787679e-13,1.35968708e-13,1.158669708e-13,1.362557957e-13,5.440918066e-14,3.107178129e-13,1.758024314e-13,5.537207109e-13,1.059597041e-12,5.836390254e-13,2.933588495e-13,9.705494944e-14,3.156796329e-13,3.944773072e-14,9.518399077e-14,1.793574285e-13,3.183069386e-13,1.406558633e-13,3.708196199e-13,5.807567534e-13,1.418823658e-13,3.327132341e-13,3.644964572e-14,2.586887532e-13,1.363150055e-13
132.453125,2.290727246e-13,2.187049855e-13,3.24274114e-13,3.681649093e-13,1.741956593e-13,2.763465751e-13,9.16769747e-14,1.90242579e-13,1.36288348e-13,1.151036033e-13,1.360182652e-13,5.463284913e-14,3.146819062e-13,1.795733517e-13,5.464636914e-13,1.046368472e-12,5.760849127e-13,2.918141669e-13,9.748425659e-14,3.103575742e-13,4.002183394e-14,9.577075324e-14,1.802395911e-13,3.151256817e-13,1.407442225e-13,3.662223314e-13,5.680512917e-13,1.42591496e-13,3.339380745e-13,3.57563386e-14,2.599987516e-13,1.35326544e-13
132.4609375,2.295956371e-13,2.215496479e-13,3.226082172e-13,3.731773123e-13,1.760048803e-13,2.784567201e-13,9.089982172e-14,1.928673459e-13,1.36673082e-13,1.144429604e-13,1.358598023e-13,5.48815509e-14,3.190083246e-13,1.836462417e-13,5.39737847e-13,1.033878305e-12,5.689910902e-13,2.904300746e-13,9.807885495e-14,3.055141868e-13,4.053849376e-14,9.634074825e-14,1.811927719e-13,3.121627347e-13,1.409269045e-13,3.618300166e-13,5.56259728e-13,1.432665969e-13,3.357849635e-13,3.51028406e-14,2.616621832e-13,1.344052973e-13
132.46875,2.303948333e-13,2.244279428e-13,3.210053789e-13,3.782945052e-13,1.778866703e-13,2.805118062e-13,9.010266168e-14,1.956321757e-13,1.371103571e-13,1.139085195e-13,1.358109631e-13,5.51294244e-14,3.233796782e-13,1.87846338e-13,5.332915879e-13,1.021926481e-12,5.621465424e-13,2.890575583e-13,9.867217775e-14,3.010036838e-13,4.105792387e-14,9.69237832e-14,1.821897437e-13,3.092671441e-13,1.411084799e-13,3.575224902e-13,5.448129435e-13,1.439945001e-13,3.380006445e-13,3.447718963e-14,2.633052565e-13,1.335157244e-13
132.4765625,2.315796131e-13,2.276210533e-13,3.199859742e-13,3.834383291e-13,1.798256358e-13,2.826487671e-13,8.930267501e-14,1.984258352e-13,1.374616077e-13,1.135048618e-13,1.361193825e-13,5.551053776e-14,3.279645031e-13,1.922201678e-13,5.271749011e-13,1.010388976e-12,5.559452455e-13,2.879611741e-13,9.946800802e-14,2.964204095e-13,4.16613967e-14,9.749749205e-14,1.83253416e-13,3.062385968e-13,1.413925339e-13,3.533426219e-13,5.335894657e-13,1.449737198e-13,3.407617697e-13,3.389178324e-14,2.649069203e-13,1.326071653e-13
132.484375,2.33290055e-13,2.309865633e-13,3.195158799e-13,3.888531952e-13,1.818491479e-13,2.850558831e-13,8.848815405e-14,2.012871125e-13,1.376967684e-13,1.131408997e-13,1.366801488e-13,5.602606954e-14,3.329518683e-13,1.968951709e-13,5.214833484e-13,9.992273791e-13,5.504854417e-13,2.872873412e-13,1.005898606e-13,2.917249615e-13,4.23145368e-14,9.803944661e-14,1.843961737e-13,3.031195009e-13,1.418160941e-13,3.493263584e-13,5.228877323e-13,1.461287795e-13,3.441112249e-13,3.334660662e-14,2.666398159e-13,1.316785509e-13
132.4921875,2.350587174e-13,2.343395704e-13,3.190277688e-13,3.942603869e-13,1.837954645e-13,2.869731447e-13,8.762408182e-14,2.04234892e-13,1.378393759e-13,1.127790378e-13,1.371052352e-13,5.654542828e-14,3.380818882e-13,2.015962283e-13,5.160145922e-13,9.884006518e-13,5.452493028e-13,2.867302046e-13,1.017656197e-13,2.870789328e-13,4.294611232e-14,9.850246761e-14,1.856223762e-13,3.000336599e-13,1.423033249e-13,3.453541671e-13,5.125215555e-13,1.471538154e-13,3.479049301e-13,3.281943488e-14,2.683652021e-13,1.307075192e-13
132.5,2.365733608e-13,2.379357354e-13,3.189168735e-13,3.996497447e-13,1.856715938e-13,2.884871398e-13,8.674352296e-14,2.072695348e-13,1.379522702e-13,1.12532666e-13,1.376022417e-13,5.712602395e-14,3.433374558e-13,2.062956751e-13,5.107609407e-13,9.779473105e-13,5.401705821e-13,2.861705101e-13,1.029822593e-13,2.825801923e-13,4.360761548e-14,9.892286978e-14,1.869502685e-13,2.970500108e-13,1.428468913e-13,3.414010737e-13,5.022885549e-13,1.48211012e-13,3.522318538e-13,3.232088466e-14,2.700634388e-13,1.297052521e-13
132.5078125,2.388002151e-13,2.418855854e-13,3.1960658e-13,4.057423874e-13,1.879015966e-13,2.908194108e-13,8.587604093e-14,2.103804426e-13,1.381389562e-13,1.124250353e-13,1.38534008e-13,5.790272052e-14,3.489467775e-13,2.114713713e-13,5.058241292e-13,9.676837547e-13,5.355582514e-13,2.858072568e-13,1.045193409e-13,2.782374486e-13,4.436636405e-14,9.943942008e-14,1.883574106e-13,2.941396098e-13,1.434203317e-13,3.375636678e-13,4.924704862e-13,1.496898062e-13,3.571199632e-13,3.186137195e-14,2.719317069e-13,1.287215027e-13
132.515625,2.421160443e-13,2.458755002e-13,3.206446264e-13,4.122806156e-13,1.90460494e-13,2.936856095e-13,8.498370008e-14,2.135359429e-13,1.383267455e-13,1.123550131e-13,1.396817261e-13,5.880130216e-14,3.547927795e-13,2.170536549e-13,5.011726639e-13,9.576806463e-13,5.314947664e-13,2.857425179e-13,1.063244256e-13,2.740243128e-13,4.515209977e-14,1.00014322e-13,1.898183571e-13,2.912095452e-13,1.440115468e-13,3.339058401e-13,4.83296449e-13,1.513406357e-13,3.625085833e-13,3.142470141e-14,2.739484726e-13,1.277466977e-13
132.5234375,2.454289669e-13,2.499283024e-13,3.218123829e-13,4.181350022e-13,1.928317149e-13,2.958369115e-13,8.405665701e-14,2.168059347e-13,1.383640762e-13,1.123814689e-13,1.408167474e-13,5.970002631e-14,3.607442226e-13,2.225262079e-13,4.968048104e-13,9.483380839e-13,5.279596244e-13,2.859194337e-13,1.082051948e-13,2.698778255e-13,4.59080277e-14,1.00475483e-13,1.913615701e-13,2.882893435e-13,1.447029579e-13,3.303877076e-13,4.745450044e-13,1.527641609e-13,3.683932585e-13,3.102154346e-14,2.759718629e-13,1.267475961e-13
132.53125,2.485205997e-13,2.543032848e-13,3.233317441e-13,4.23553242e-13,1.950309554e-13,2.976153046e-13,8.310736545e-14,2.202517635e-13,1.383283605e-13,1.12610745e-13,1.420264535e-13,6.063460613e-14,3.669253133e-13,2.279521646e-13,4.925801711e-13,9.393110299e-13,5.247330779e-13,2.861828943e-13,1.101995523e-13,2.656817486e-13,4.669735664e-14,1.008591031e-13,1.929968983e-13,2.854811681e-13,1.454725482e-13,3.26874507e-13,4.659654678e-13,1.54208452e-13,3.74644678e-13,3.066316081e-14,2.780127777e-13,1.257339559e-13
132.5390625,2.521160688e-13,2.58828813e-13,3.251924329e-13,4.297067006e-13,1.973522228e-13,2.999267931e-13,8.212214678e-14,2.237946001e-13,1.383279471e-13,1.129177868e-13,1.433787453e-13,6.165650628e-14,3.732749523e-13,2.335748289e-13,4.883506349e-13,9.300320228e-13,5.215313997e-13,2.863792761e-13,1.123450702e-13,2.614267188e-13,4.754047297e-14,1.012864076e-13,1.947073739e-13,2.827166502e-13,1.462281092e-13,3.232996117e-13,4.576270369e-13,1.559713672e-13,3.812967646e-13,3.03074199e-14,2.800979339e-13,1.247190283e-13
132.546875,2.561211141e-13,2.633749963e-13,3.272548688e-13,4.364881021e-13,1.996872324e-13,3.025398592e-13,8.112485067e-14,2.274066686e-13,1.382756957e-13,1.131990788e-13,1.449063063e-13,6.273454975e-14,3.795885716e-13,2.392712443e-13,4.843320153e-13,9.208840669e-13,5.185728764e-13,2.865374457e-13,1.146248433e-13,2.572290369e-13,4.838886924e-14,1.017077786e-13,1.964995076e-13,2.798746378e-13,1.470007609e-13,3.197371394e-13,4.495976131e-13,1.578865447e-13,3.884780333e-13,2.993771327e-14,2.821054268e-13,1.236930392e-13
132.5546875,2.604403588e-13,2.681129163e-13,3.295027178e-13,4.430261033e-13,2.020131233e-13,3.050974492e-13,8.014520412e-14,2.31089126e-13,1.381252505e-13,1.135676855e-13,1.465574734e-13,6.386976177e-14,3.859143847e-13,2.450471678e-13,4.806996011e-13,9.123248012e-13,5.162226687e-13,2.867813041e-13,1.170944919e-13,2.531306094e-13,4.925107506e-14,1.020779239e-13,1.9835379e-13,2.769983672e-13,1.478154597e-13,3.162824268e-13,4.418635721e-13,1.59811167e-13,3.95911497e-13,2.961414155e-14,2.839165008e-13,1.226526889e-13
132.5625,2.654519794e-13,2.729153033e-13,3.320155534e-13,4.493357933e-13,2.044949818e-13,3.077478679e-13,7.915687764e-14,2.347542322e-13,1.379396505e-13,1.140505644e-13,1.48184858e-13,6.510107191e-14,3.924026768e-13,2.509913814e-13,4.773395957e-13,9.041781119e-13,5.143900847e-13,2.871501547e-13,1.197281063e-13,2.491069596e-13,5.015426211e-14,1.024436747e-13,2.002307687e-13,2.742095713e-13,1.486319871e-13,3.12968225e-13,4.345467561e-13,1.617939326e-13,4.034760661e-13,2.935727041e-14,2.856172228e-13,1.216169312e-13
132.5703125,2.708370368e-13,2.776119094e-13,3.34752764e-13,4.558455897e-13,2.070825442e-13,3.104943742e-13,7.815382632e-14,2.384718763e-13,1.377472027e-13,1.145537574e-13,1.498133128e-13,6.640490828e-14,3.990931462e-13,2.570160186e-13,4.741898474e-13,8.963455224e-13,5.128972558e-13,2.87681327e-13,1.224320777e-13,2.451290013e-13,5.107526534e-14,1.028089071e-13,2.021437066e-13,2.716205768e-13,1.494737009e-13,3.096939743e-13,4.276115615e-13,1.638426851e-13,4.114987015e-13,2.910007502e-14,2.874131475e-13,1.20597495e-13
132.578125,2.763058655e-13,2.824910338e-13,3.376669657e-13,4.625439662e-13,2.098388936e-13,3.133144203e-13,7.715255462e-14,2.423998856e-13,1.375806555e-13,1.151239153e-13,1.516243988e-13,6.77749413e-14,4.060236276e-13,2.632772433e-13,4.712422911e-13,8.88863285e-13,5.118326642e-13,2.88494514e-13,1.252893413e-13,2.411190267e-13,5.200512051e-14,1.031868722e-13,2.041154094e-13,2.692351174e-13,1.503708091e-13,3.063302732e-13,4.20918531e-13,1.660401254e-13,4.200378437e-13,2.882570141e-14,2.894270394e-13,1.195658745e-13
132.5859375,2.823321916e-13,2.87775556e-13,3.411514741e-13,4.693698536e-13,2.128967471e-13,3.163533719e-13,7.615561555e-14,2.464340412e-13,1.374303179e-13,1.158410867e-13,1.537697883e-13,6.92787126e-14,4.131646879e-13,2.699724322e-13,4.685100483e-13,8.816113165e-13,5.112455145e-13,2.895949356e-13,1.284342217e-13,2.371090188e-13,5.297359647e-14,1.036024911e-13,2.061282743e-13,2.668302041e-13,1.513056936e-13,3.029630358e-13,4.146729024e-13,1.685031163e-13,4.290261056e-13,2.860086184e-14,2.915946723e-13,1.184982999e-13
132.59375,2.88928682e-13,2.933003712e-13,3.453015446e-13,4.76297298e-13,2.160090525e-13,3.19562191e-13,7.521531991e-14,2.504537323e-13,1.372058672e-13,1.166577415e-13,1.562129714e-13,7.087643267e-14,4.203323813e-13,2.768360958e-13,4.660716588e-13,8.74626365e-13,5.11005094e-13,2.907862922e-13,1.317491853e-13,2.33258695e-13,5.398303846e-14,1.040030138e-13,2.081705312e-13,2.642730336e-13,1.522688538e-13,2.997071129e-13,4.089866003e-13,1.711124074e-13,4.385569667e-13,2.842729476e-14,2.936964528e-13,1.174256664e-13
132.6015625,2.957950635e-13,2.988928266e-13,3.492506245e-13,4.832501311e-13,2.190250903e-13,3.227978828e-13,7.43369545e-14,2.545646133e-13,1.3692302e-13,1.175236635e-13,1.58654119e-13,7.243099343e-14,4.273983078e-13,2.835902366e-13,4.638420801e-13,8.680509114e-13,5.110371907e-13,2.919398352e-13,1.350222398e-13,2.295855013e-13,5.499597866e-14,1.043827448e-13,2.102722014e-13,2.617596797e-13,1.532284426e-13,2.964981811e-13,4.036155994e-13,1.737105051e-13,4.483855827e-13,2.823524955e-14,2.955523596e-13,1.163874712e-13
132.609375,3.031382221e-13,3.045597559e-13,3.526935323e-13,4.905333057e-13,2.220684148e-13,3.259818847e-13,7.33822666e-14,2.587977836e-13,1.366226538e-13,1.184228058e-13,1.609778144e-13,7.395802541e-14,4.343711748e-13,2.902223749e-13,4.6175352e-13,8.61827565e-13,5.113880087e-13,2.930750837e-13,1.382737972e-13,2.260267287e-13,5.600844339e-14,1.047710979e-13,2.1248123e-13,2.593692774e-13,1.541493549e-13,2.93371749e-13,3.985515575e-13,1.763638831e-13,4.582520175e-13,2.802634617e-14,2.971399238e-13,1.153754774e-13
132.6171875,3.109079407e-13,3.104568497e-13,3.565389094e-13,4.9833091e-13,2.250884256e-13,3.290688192e-13,7.232421145e-14,2.630833469e-13,1.362382692e-13,1.193639443e-13,1.634736904e-13,7.559112665e-14,4.413519326e-13,2.968275663e-13,4.599698186e-13,8.55809036e-13,5.120561806e-13,2.942328083e-13,1.416660899e-13,2.225975369e-13,5.707356086e-14,1.051072585e-13,2.147921277e-13,2.56945465e-13,1.550668863e-13,2.904072992e-13,3.939074153e-13,1.791849646e-13,4.684637298e-13,2.785473242e-14,2.986123321e-13,1.143506461e-13
132.625,3.190136922e-13,3.166896552e-13,3.611477648e-13,5.061233732e-13,2.282760801e-13,3.323774242e-13,7.132028292e-14,2.674459893e-13,1.358616137e-13,1.204321374e-13,1.662301253e-13,7.738494373e-14,4.485434179e-13,3.037980389e-13,4.584027807e-13,8.498283811e-13,5.129484827e-13,2.955541541e-13,1.452895655e-13,2.19214917e-13,5.821364467e-14,1.054444707e-13,2.171094003e-13,2.545679109e-13,1.560027921e-13,2.874328234e-13,3.895705033e-13,1.822251815e-13,4.79309147e-13,2.771550055e-14,3.002512393e-13,1.133004495e-13
132.6328125,3.279941811e-13,3.230535359e-13,3.659295316e-13,5.136882937e-13,2.319973266e-13,3.362239968e-13,7.037799871e-14,2.718742084e-13,1.356427997e-13,1.216342131e-13,1.690059855e-13,7.928907168e-14,4.559570655e-13,3.11331378e-13,4.567630393e-13,8.437918351e-13,5.139606858e-13,2.970774382e-13,1.491293911e-13,2.157790473e-13,5.939026197e-14,1.059216796e-13,2.193305425e-13,2.523816605e-13,1.568960298e-13,2.84378757e-13,3.855329609e-13,1.854680512e-13,4.905996822e-13,2.758204655e-14,3.020487213e-13,1.122594222e-13
132.640625,3.376542642e-13,3.293303627e-13,3.705567624e-13,5.213322018e-13,2.357910443e-13,3.400125167e-13,6.936666929e-14,2.763139378e-13,1.353826311e-13,1.228453704e-13,1.717424578e-13,8.116894286e-14,4.632846001e-13,3.187949666e-13,4.55152447e-13,8.378811341e-13,5.149994751e-13,2.984315189e-13,1.530181654e-13,2.123998337e-13,6.058701188e-14,1.063910645e-13,2.214418958e-13,2.50209151e-13,1.577126075e-13,2.814368434e-13,3.817918544e-13,1.887060733e-13,5.020326443e-13,2.74679267e-14,3.036198292e-13,1.112373692e-13
132.6484375,3.470047977e-13,3.355619586e-13,3.751507309e-13,5.28796026e-13,2.390592796e-13,3.430404706e-13,6.83233251e-14,2.808064958e-13,1.348726641e-13,1.240859558e-13,1.745267543e-13,8.294765026e-14,4.70420441e-13,3.257649763e-13,4.537408384e-13,8.322265819e-13,5.160867768e-13,2.993911864e-13,1.56786529e-13,2.091066226e-13,6.181102084e-14,1.066511298e-13,2.235198884e-13,2.479653285e-13,1.585084488e-13,2.785692815e-13,3.781728544e-13,1.917615229e-13,5.134978483e-13,2.737958205e-14,3.049241307e-13,1.101806929e-13
132.65625,3.561366404e-13,3.417008446e-13,3.799981802e-13,5.357563663e-13,2.422184316e-13,3.457758691e-13,6.735248765e-14,2.853654244e-13,1.34285803e-13,1.255136875e-13,1.773720955e-13,8.476622459e-14,4.775963628e-13,3.327836258e-13,4.524569222e-13,8.26712398e-13,5.174945042e-13,3.003356463e-13,1.605640641e-13,2.057411043e-13,6.304064818e-14,1.068356337e-13,2.256489335e-13,2.458399827e-13,1.593358444e-13,2.75584453e-13,3.747515034e-13,1.947927606e-13,5.251372586e-13,2.729878684e-14,3.063019171e-13,1.09067934e-13
132.6640625,3.656273902e-13,3.476951008e-13,3.853034333e-13,5.427271664e-13,2.456465672e-13,3.488995006e-13,6.643136423e-14,2.899529129e-13,1.337436279e-13,1.27107571e-13,1.803220365e-13,8.673606779e-14,4.848642106e-13,3.401595144e-13,4.514334664e-13,8.214738535e-13,5.194386206e-13,3.015458515e-13,1.645447286e-13,2.023775697e-13,6.426639353e-14,1.070668081e-13,2.278249362e-13,2.438218574e-13,1.601794683e-13,2.725709186e-13,3.716897312e-13,1.979998304e-13,5.371248745e-13,2.722369568e-14,3.077382695e-13,1.079568149e-13
132.671875,3.753716362e-13,3.538382399e-13,3.907359552e-13,5.500643911e-13,2.490009287e-13,3.522490141e-13,6.553556074e-14,2.945838346e-13,1.331357471e-13,1.287126678e-13,1.833673523e-13,8.872042367e-14,4.920582569e-13,3.475240387e-13,4.508036354e-13,8.167589956e-13,5.217394842e-13,3.027850867e-13,1.686329399e-13,1.992181487e-13,6.550369575e-14,1.072594877e-13,2.299860647e-13,2.417740557e-13,1.610071168e-13,2.696910817e-13,3.688899325e-13,2.013245751e-13,5.493361494e-13,2.716163082e-14,3.090116715e-13,1.069016952e-13
132.6796875,3.856652724e-13,3.602640552e-13,3.959776861e-13,5.573857048e-13,2.522771514e-13,3.55648063e-13,6.468492968e-14,2.99220167e-13,1.32482325e-13,1.302975115e-13,1.863943065e-13,9.063591363e-14,4.99168724e-13,3.54884177e-13,4.503705404e-13,8.124290792e-13,5.242818049e-13,3.039177558e-13,1.72746179e-13,1.961403633e-13,6.674991585e-14,1.074448578e-13,2.32103959e-13,2.39782868e-13,1.618179319e-13,2.669292375e-13,3.66367388e-13,2.046785096e-13,5.615490916e-13,2.711196428e-14,3.101659537e-13,1.058929012e-13
132.6875,3.968983484e-13,3.666769011e-13,4.012873738e-13,5.644601992e-13,2.55783259e-13,3.592385243e-13,6.384674272e-14,3.03830442e-13,1.318650409e-13,1.31924468e-13,1.893978723e-13,9.259423143e-14,5.063132159e-13,3.625713116e-13,4.501883463e-13,8.084972899e-13,5.273396612e-13,3.051228201e-13,1.769933966e-13,1.930348092e-13,6.800986548e-14,1.076957147e-13,2.341535763e-13,2.379254589e-13,1.626210325e-13,2.64222695e-13,3.641916544e-13,2.080764982e-13,5.737766938e-13,2.707336452e-14,3.112951073e-13,1.048881068e-13
132.6953125,4.082640617e-13,3.729393451e-13,4.066179775e-13,5.71401006e-13,2.593367087e-13,3.628332344e-13,6.299510566e-14,3.085666932e-13,1.312273524e-13,1.336333003e-13,1.923950614e-13,9.460120991e-14,5.134587003e-13,3.703909844e-13,4.504826921e-13,8.052464154e-13,5.309056532e-13,3.063925388e-13,1.813099144e-13,1.901482693e-13,6.9287762e-14,1.079102339e-13,2.361050286e-13,2.361419442e-13,1.63401727e-13,2.614905652e-13,3.6214292e-13,2.114992752e-13,5.860174866e-13,2.702734167e-14,3.123702662e-13,1.038829793e-13
132.703125,4.192707672e-13,3.791416831e-13,4.115636889e-13,5.781971969e-13,2.627431554e-13,3.662971305e-13,6.21650836e-14,3.13509683e-13,1.305621841e-13,1.354726592e-13,1.952864986e-13,9.656029416e-14,5.204833991e-13,3.780203708e-13,4.510023128e-13,8.024439845e-13,5.346518549e-13,3.075596039e-13,1.855495016e-13,1.875148618e-13,7.055626824e-14,1.08041825e-13,2.379997721e-13,2.344343449e-13,1.641439175e-13,2.58666491e-13,3.601620805e-13,2.149561049e-13,5.981160951e-13,2.695184562e-14,3.133232233e-13,1.029015061e-13
132.7109375,4.307465884e-13,3.854142831e-13,4.164070741e-13,5.848616449e-13,2.662108968e-13,3.699627281e-13,6.137960915e-14,3.184899068e-13,1.29922082e-13,1.374597502e-13,1.981285105e-13,9.852842279e-14,5.274968906e-13,3.856716553e-13,4.516014686e-13,7.998155154e-13,5.387280663e-13,3.087070019e-13,1.898668279e-13,1.848141015e-13,7.18277165e-14,1.081850732e-13,2.398938371e-13,2.327935593e-13,1.648701751e-13,2.558233386e-13,3.585044629e-13,2.185814414e-13,6.101153422e-13,2.686770191e-14,3.14141772e-13,1.019262495e-13
132.71875,4.429752282e-13,3.919639299e-13,4.214795863e-13,5.915189536e-13,2.69782432e-13,3.738753095e-13,6.062786925e-14,3.234067924e-13,1.29241886e-13,1.394852549e-13,2.011070161e-13,1.005560329e-13,5.345957674e-13,3.935357609e-13,4.52629263e-13,7.976807191e-13,5.433537582e-13,3.098866054e-13,1.943905118e-13,1.820453514e-13,7.313770093e-14,1.083479883e-13,2.417465273e-13,2.311366907e-13,1.655828176e-13,2.530453011e-13,3.571840427e-13,2.223720363e-13,6.221329308e-13,2.680006506e-14,3.14889191e-13,1.009465891e-13
132.7265625,4.553549954e-13,3.985944434e-13,4.263403464e-13,5.980618181e-13,2.732486924e-13,3.777041129e-13,5.989058199e-14,3.28308786e-13,1.284581721e-13,1.41461721e-13,2.041697727e-13,1.025099761e-13,5.414365655e-13,4.013222956e-13,4.540414759e-13,7.960656935e-13,5.482188136e-13,3.108783842e-13,1.989024316e-13,1.794525628e-13,7.445407348e-14,1.084610827e-13,2.434622058e-13,2.29448177e-13,1.662087507e-13,2.502835951e-13,3.560022511e-13,2.261087594e-13,6.339883852e-13,2.673022545e-14,3.154294394e-13,9.999645397e-14
132.734375,4.679307976e-13,4.049532835e-13,4.308598927e-13,6.044295864e-13,2.766745525e-13,3.816101526e-13,5.915229257e-14,3.331687338e-13,1.276534051e-13,1.434826688e-13,2.072305287e-13,1.04373298e-13,5.478862575e-13,4.089687781e-13,4.554287293e-13,7.945779613e-13,5.532732885e-13,3.117825622e-13,2.033128058e-13,1.769706258e-13,7.577223177e-14,1.085585512e-13,2.450212322e-13,2.277627776e-13,1.667271739e-13,2.474780932e-13,3.548997199e-13,2.298757042e-13,6.455919669e-13,2.66508483e-14,3.156022798e-13,9.905491899e-14
132.7421875,4.811841168e-13,4.114194226e-13,4.354664785e-13,6.109202944e-13,2.803843165e-13,3.859430789e-13,5.842629177e-14,3.37989854e-13,1.269317273e-13,1.456380747e-13,2.103782292e-13,1.063169081e-13,5.5440092e-13,4.169054218e-13,4.568692213e-13,7.933180088e-13,5.588340126e-13,3.129627506e-13,2.078536093e-13,1.745152039e-13,7.715338623e-14,1.087377446e-13,2.465171979e-13,2.261467016e-13,1.672308069e-13,2.446704122e-13,3.538966778e-13,2.340033434e-13,6.571475913e-13,2.658996937e-14,3.157294186e-13,9.809508373e-14
132.75,4.949250087e-13,4.181131189e-13,4.400699948e-13,6.173196542e-13,2.843749362e-13,3.902727489e-13,5.773747643e-14,3.428937681e-13,1.262628268e-13,1.478812078e-13,2.134751159e-13,1.083211591e-13,5.609566709e-13,4.251401667e-13,4.586031237e-13,7.925610016e-13,5.647554946e-13,3.14217625e-13,2.125380953e-13,1.722326055e-13,7.857079306e-14,1.08950259e-13,2.479847301e-13,2.247136201e-13,1.677503948e-13,2.419404862e-13,3.530836876e-13,2.382183762e-13,6.686407099e-13,2.655580299e-14,3.160385122e-13,9.717878574e-14
132.7578125,5.086568402e-13,4.243159566e-13,4.443467609e-13,6.229779518e-13,2.882266553e-13,3.940909e-13,5.708072905e-14,3.478733438e-13,1.255319151e-13,1.501678745e-13,2.162971839e-13,1.102181127e-13,5.670565078e-13,4.33181044e-13,4.605155877e-13,7.921787272e-13,5.707917047e-13,3.151773358e-13,2.171068889e-13,1.700472274e-13,7.995167811e-14,1.090508866e-13,2.493119221e-13,2.234455302e-13,1.682185757e-13,2.392721621e-13,3.525360172e-13,2.420308252e-13,6.799239556e-13,2.652944611e-14,3.161786779e-13,9.631002242e-14
132.765625,5.224827758e-13,4.302349639e-13,4.48348987e-13,6.283450402e-13,2.917932174e-13,3.978697586e-13,5.643457964e-14,3.527988146e-13,1.247303614e-13,1.524703458e-13,2.190195227e-13,1.120174289e-13,5.729231949e-13,4.410000526e-13,4.624553969e-13,7.919488343e-13,5.770250731e-13,3.16042621e-13,2.215263741e-13,1.677097569e-13,8.130694009e-14,1.090818235e-13,2.504919104e-13,2.221910427e-13,1.686209643e-13,2.365459799e-13,3.520601257e-13,2.457919532e-13,6.910276887e-13,2.649176481e-14,3.160287671e-13,9.54172642e-14
132.7734375,5.366466753e-13,4.365674633e-13,4.521409076e-13,6.339879953e-13,2.953392302e-13,4.019118224e-13,5.578428279e-14,3.576468559e-13,1.239379935e-13,1.547734195e-13,2.217578384e-13,1.137828005e-13,5.789041838e-13,4.487988467e-13,4.643163897e-13,7.916887894e-13,5.833283688e-13,3.169205456e-13,2.259433268e-13,1.652950968e-13,8.264531581e-14,1.0915074e-13,2.516475479e-13,2.209299561e-13,1.689749929e-13,2.33732634e-13,3.514919358e-13,2.498497542e-13,7.019154099e-13,2.644131521e-14,3.157877729e-13,9.451784433e-14
132.78125,5.506506307e-13,4.426578714e-13,4.558882332e-13,6.389982008e-13,2.988933092e-13,4.055152309e-13,5.513334434e-14,3.624369668e-13,1.231276114e-13,1.571753777e-13,2.243002664e-13,1.155112825e-13,5.846219759e-13,4.563444755e-13,4.660296216e-13,7.913537351e-13,5.8951112e-13,3.175254377e-13,2.303579505e-13,1.630286579e-13,8.395762239e-14,1.091450827e-13,2.527138947e-13,2.197711925e-13,1.692541627e-13,2.309212187e-13,3.509765159e-13,2.537256822e-13,7.12662379e-13,2.640616115e-14,3.153413769e-13,9.363383623e-14
132.7890625,5.643202817e-13,4.481759275e-13,4.598292106e-13,6.433598456e-13,3.023698567e-13,4.088005066e-13,5.452426859e-14,3.671418354e-13,1.222602923e-13,1.596947566e-13,2.267013468e-13,1.172647384e-13,5.900156379e-13,4.637724566e-13,4.678662597e-13,7.91225531e-13,5.958165191e-13,3.179795147e-13,2.347344387e-13,1.609040723e-13,8.5277198e-14,1.0903904e-13,2.535807356e-13,2.187507938e-13,1.694540433e-13,2.281024403e-13,3.505773854e-13,2.574227549e-13,7.234983414e-13,2.639731859e-14,3.147312137e-13,9.273019763e-14
132.796875,5.786577252e-13,4.541210437e-13,4.637342809e-13,6.486552169e-13,3.060136461e-13,4.129498521e-13,5.399869159e-14,3.717765923e-13,1.21430513e-13,1.621660157e-13,2.29183724e-13,1.190514487e-13,5.955409577e-13,4.71754434e-13,4.701376255e-13,7.91497589e-13,6.025375722e-13,3.186632905e-13,2.39128604e-13,1.588351511e-13,8.658767489e-14,1.090568608e-13,2.543715846e-13,2.178177996e-13,1.69608767e-13,2.252053927e-13,3.502276125e-13,2.616108939e-13,7.342283907e-13,2.638755031e-14,3.143399464e-13,9.185094735e-14
132.8046875,5.937965e-13,4.603740037e-13,4.674280552e-13,6.543604835e-13,3.09812812e-13,4.176340363e-13,5.352622329e-14,3.763517253e-13,1.206329526e-13,1.646030482e-13,2.31669049e-13,1.207648618e-13,6.010526863e-13,4.800751087e-13,4.72671777e-13,7.920011932e-13,6.096038506e-13,3.194626475e-13,2.435508849e-13,1.568160083e-13,8.785904268e-14,1.091616613e-13,2.551215741e-13,2.169096724e-13,1.697374768e-13,2.222915203e-13,3.500060416e-13,2.660636813e-13,7.44676334e-13,2.638376837e-14,3.140454299e-13,9.102570195e-14
132.8125,6.084792049e-13,4.658459758e-13,4.711543438e-13,6.583990234e-13,3.132940467e-13,4.214148686e-13,5.304530103e-14,3.807906314e-13,1.197143938e-13,1.671839127e-13,2.340418001e-13,1.223892637e-13,6.061437551e-13,4.878545609e-13,4.7510782e-13,7.925326898e-13,6.16727407e-13,3.200645053e-13,2.479201114e-13,1.548100458e-13,8.914434533e-14,1.090731565e-13,2.556538421e-13,2.159900127e-13,1.69843146e-13,2.194438213e-13,3.499151009e-13,2.700513836e-13,7.551805594e-13,2.641131862e-14,3.134238647e-13,9.017865937e-14
132.8203125,6.227486651e-13,4.707351314e-13,4.748095132e-13,6.611778004e-13,3.164208724e-13,4.245413514e-13,5.25569969e-14,3.850255158e-13,1.187003903e-13,1.69835247e-13,2.36302495e-13,1.239517556e-13,6.10965205e-13,4.951768156e-13,4.773669032e-13,7.930516934e-13,6.237987146e-13,3.204917089e-13,2.521638129e-13,1.527773122e-13,9.042623798e-14,1.088392892e-13,2.559754584e-13,2.150877806e-13,1.699117961e-13,2.166286e-13,3.4984668e-13,2.737443786e-13,7.657028409e-13,2.64350552e-14,3.125818421e-13,8.932128024e-14
132.828125,6.377536203e-13,4.757683719e-13,4.780898715e-13,6.643688424e-13,3.19621805e-13,4.28166466e-13,5.210507918e-14,3.890863376e-13,1.177456931e-13,1.723822702e-13,2.38457861e-13,1.254378016e-13,6.157185924e-13,5.026917631e-13,4.796126869e-13,7.936964095e-13,6.310723749e-13,3.209227993e-13,2.563022056e-13,1.507857155e-13,9.162195456e-14,1.086848457e-13,2.562134738e-13,2.142626889e-13,1.699070197e-13,2.137674295e-13,3.497736601e-13,2.776972208e-13,7.757882825e-13,2.642004068e-14,3.117848645e-13,8.852777643e-14
132.8359375,6.532829609e-13,4.809049457e-13,4.811043597e-13,6.680122325e-13,3.230397658e-13,4.322476907e-13,5.170250875e-14,3.930878661e-13,1.168489707e-13,1.748893028e-13,2.406162956e-13,1.269259707e-13,6.20301071e-13,5.104573313e-13,4.820291152e-13,7.946489938e-13,6.387230932e-13,3.214174451e-13,2.604207009e-13,1.48928114e-13,9.280558851e-14,1.085970175e-13,2.563201358e-13,2.13513648e-13,1.698003283e-13,2.107902059e-13,3.495853714e-13,2.819893262e-13,7.854147484e-13,2.639308049e-14,3.109380913e-13,8.774773915e-14
132.84375,6.686588228e-13,4.85909041e-13,4.839658201e-13,6.714305331e-13,3.265652877e-13,4.36348814e-13,5.133766377e-14,3.971221074e-13,1.159515522e-13,1.774724986e-13,2.428116634e-13,1.284614728e-13,6.246929933e-13,5.183392352e-13,4.846616493e-13,7.958923176e-13,6.465913638e-13,3.21933421e-13,2.645324621e-13,1.472122571e-13,9.407986468e-14,1.085021898e-13,2.562669877e-13,2.128014936e-13,1.696068506e-13,2.077296527e-13,3.492905585e-13,2.864050336e-13,7.946629172e-13,2.637844886e-14,3.099674892e-13,8.693289025e-14
132.8515625,6.841453359e-13,4.907712391e-13,4.866660158e-13,6.743966645e-13,3.300274242e-13,4.404944805e-13,5.100422488e-14,4.01131463e-13,1.150581532e-13,1.800959869e-13,2.449459757e-13,1.299268746e-13,6.28984308e-13,5.262942412e-13,4.874424583e-13,7.973364038e-13,6.545580507e-13,3.223910515e-13,2.685698405e-13,1.455788165e-13,9.538655754e-14,1.084069927e-13,2.561248449e-13,2.121373832e-13,1.693754702e-13,2.04725937e-13,3.491256856e-13,2.907485175e-13,8.035370971e-13,2.637137206e-14,3.089978871e-13,8.614542313e-14
132.859375,6.998045393e-13,4.956250536e-13,4.892775381e-13,6.769752686e-13,3.331983533e-13,4.445819338e-13,5.069017094e-14,4.05000108e-13,1.141385989e-13,1.826949431e-13,2.470582024e-13,1.312844769e-13,6.331672946e-13,5.340766445e-13,4.902816398e-13,7.989347439e-13,6.625826989e-13,3.227254904e-13,2.725168194e-13,1.439334394e-13,9.666549443e-14,1.08274371e-13,2.558348469e-13,2.115222009e-13,1.691198507e-13,2.017386349e-13,3.489404316e-13,2.950643878e-13,8.123374318e-13,2.635547268e-14,3.080157917e-13,8.540018608e-14
132.8671875,7.153199614e-13,5.00363379e-13,4.917295432e-13,6.792481768e-13,3.362633256e-13,4.484869199e-13,5.039014078e-14,4.087110346e-13,1.131813001e-13,1.852682213e-13,2.491436116e-13,1.326221303e-13,6.371894601e-13,5.417074736e-13,4.930676197e-13,8.005816708e-13,6.706636837e-13,3.230042698e-13,2.764320009e-13,1.422334875e-13,9.792839166e-14,1.080877229e-13,2.553262792e-13,2.108814319e-13,1.688197003e-13,1.986085803e-13,3.485106314e-13,2.994765251e-13,8.210599391e-13,2.631411326e-14,3.069209175e-13,8.465034133e-14
132.875,7.30841257e-13,5.045021588e-13,4.940412889e-13,6.810080987e-13,3.396620476e-13,4.523540412e-13,5.013062832e-14,4.122925972e-13,1.12251818e-13,1.878359911e-13,2.511047006e-13,1.339449293e-13,6.410416401e-13,5.495352512e-13,4.958458538e-13,8.023659583e-13,6.790608852e-13,3.233824513e-13,2.803595855e-13,1.405990618e-13,9.917318362e-14,1.078952114e-13,2.546969166e-13,2.102145139e-13,1.684957493e-13,1.954400474e-13,3.481748378e-13,3.038572061e-13,8.29287336e-13,2.627723849e-14,3.05810828e-13,8.391557545e-14
132.8828125,7.464285074e-13,5.08147722e-13,4.963711711e-13,6.823700556e-13,3.431926039e-13,4.562753541e-13,4.993701172e-14,4.157791585e-13,1.11381608e-13,1.904155854e-13,2.53022967e-13,1.352101166e-13,6.44731921e-13,5.574496108e-13,4.987965781e-13,8.044951526e-13,6.878031044e-13,3.237977606e-13,2.842311781e-13,1.391316117e-13,1.004147969e-13,1.077043503e-13,2.539966842e-13,2.096537662e-13,1.681504278e-13,1.923335669e-13,3.479694177e-13,3.081788525e-13,8.371161337e-13,2.627533609e-14,3.048118326e-13,8.322308342e-14
132.890625,7.617671892e-13,5.118811285e-13,4.98437202e-13,6.837642444e-13,3.463966885e-13,4.602036291e-13,4.98013633e-14,4.192047563e-13,1.105708756e-13,1.930158984e-13,2.548285831e-13,1.364285068e-13,6.482215888e-13,5.650883088e-13,5.017592625e-13,8.067020129e-13,6.963764943e-13,3.240086e-13,2.879106613e-13,1.377066042e-13,1.01648318e-13,1.075081809e-13,2.531324024e-13,2.092631682e-13,1.677186456e-13,1.891079337e-13,3.474797548e-13,3.125420572e-13,8.449216869e-13,2.624941982e-14,3.038393047e-13,8.252241733e-14
132.8984375,7.767167737e-13,5.154759602e-13,4.999741385e-13,6.84736088e-13,3.494086104e-13,4.639600664e-13,4.970769554e-14,4.224713222e-13,1.097949886e-13,1.955849947e-13,2.563231466e-13,1.375863545e-13,6.5145015e-13,5.724664537e-13,5.044580983e-13,8.086443587e-13,7.046417828e-13,3.240304918e-13,2.913867829e-13,1.362619713e-13,1.028024464e-13,1.073095301e-13,2.520890455e-13,2.089403796e-13,1.67209718e-13,1.858194607e-13,3.469591811e-13,3.166897262e-13,8.525671415e-13,2.616789934e-14,3.02779565e-13,8.179758888e-14
132.90625,7.912677946e-13,5.185344051e-13,5.013786085e-13,6.84950565e-13,3.523851688e-13,4.673928843e-13,4.965594328e-14,4.254557476e-13,1.08949015e-13,1.980604816e-13,2.577872247e-13,1.386263024e-13,6.54474009e-13,5.796959395e-13,5.071303094e-13,8.105688413e-13,7.130046563e-13,3.240997027e-13,2.94746989e-13,1.349509846e-13,1.038953131e-13,1.070595639e-13,2.5095731e-13,2.085452709e-13,1.667065113e-13,1.827590844e-13,3.467882831e-13,3.205662585e-13,8.598050499e-13,2.610831585e-14,3.017067305e-13,8.112062505e-14
132.9140625,8.056922976e-13,5.214332514e-13,5.029789285e-13,6.852361038e-13,3.552316991e-13,4.708154995e-13,4.966120053e-14,4.282355451e-13,1.080272957e-13,2.005331126e-13,2.594858053e-13,1.395967756e-13,6.575287472e-13,5.86967465e-13,5.10051733e-13,8.12662523e-13,7.215127009e-13,3.243201859e-13,2.980599347e-13,1.337098709e-13,1.050503413e-13,1.067547559e-13,2.497452641e-13,2.080758726e-13,1.66201214e-13,1.797744994e-13,3.466075982e-13,3.246964988e-13,8.668180949e-13,2.607833247e-14,3.007949446e-13,8.049130159e-14
132.921875,8.206273436e-13,5.243951517e-13,5.04576488e-13,6.857083856e-13,3.582226357e-13,4.746394559e-13,4.973873398e-14,4.308582312e-13,1.07174398e-13,2.030963471e-13,2.610819457e-13,1.406431615e-13,6.608261783e-13,5.946683713e-13,5.130693301e-13,8.147240436e-13,7.300485967e-13,3.2469953e-13,3.014410349e-13,1.322945159e-13,1.062650768e-13,1.064992249e-13,2.483570874e-13,2.076756503e-13,1.65654304e-13,1.765711575e-13,3.462044466e-13,3.291650934e-13,8.737877656e-13,2.600373319e-14,3.000818106e-13,7.982085052e-14
132.9296875,8.358343334e-13,5.270445679e-13,5.058995376e-13,6.855389873e-13,3.614383839e-13,4.785181213e-13,4.987073826e-14,4.332137034e-13,1.063768926e-13,2.056262357e-13,2.623399419e-13,1.417032695e-13,6.64150703e-13,6.024869842e-13,5.16043375e-13,8.167894827e-13,7.387457718e-13,3.251374145e-13,3.048362256e-13,1.308439333e-13,1.073789136e-13,1.062864661e-13,2.467440504e-13,2.073714541e-13,1.650889527e-13,1.733250939e-13,3.457988481e-13,3.334191622e-13,8.804327765e-13,2.592524351e-14,2.993419821e-13,7.913021311e-14
132.9375,8.500514636e-13,5.290524548e-13,5.068808918e-13,6.846061211e-13,3.642934079e-13,4.816897694e-13,5.002272717e-14,4.354208188e-13,1.055052983e-13,2.080862016e-13,2.634318469e-13,1.425408672e-13,6.66957036e-13,6.095186434e-13,5.188758061e-13,8.189325524e-13,7.473798029e-13,3.253482187e-13,3.078892253e-13,1.296459712e-13,1.083341436e-13,1.059488535e-13,2.449939039e-13,2.070399189e-13,1.644958139e-13,1.702227775e-13,3.454036923e-13,3.372318638e-13,8.865763888e-13,2.591463196e-14,2.983313683e-13,7.851284986e-14
132.9453125,8.630972526e-13,5.305335997e-13,5.078210573e-13,6.831581431e-13,3.667207884e-13,4.842376622e-13,5.021412289e-14,4.377279046e-13,1.046298479e-13,2.106395004e-13,2.645020943e-13,1.432270879e-13,6.692350755e-13,6.159478191e-13,5.215905498e-13,8.211218029e-13,7.557363912e-13,3.253280412e-13,3.105699211e-13,1.28628477e-13,1.092988572e-13,1.054747331e-13,2.432315995e-13,2.067465578e-13,1.638581868e-13,1.671359726e-13,3.450088368e-13,3.40873951e-13,8.926590292e-13,2.592026923e-14,2.971776354e-13,7.793975957e-14
132.953125,8.761281881e-13,5.319768336e-13,5.090703135e-13,6.815522146e-13,3.692496309e-13,4.87101544e-13,5.049330434e-14,4.399856794e-13,1.03832808e-13,2.132258999e-13,2.656577451e-13,1.440131769e-13,6.716077824e-13,6.227334404e-13,5.247057974e-13,8.237546829e-13,7.644302264e-13,3.254884889e-13,3.132787757e-13,1.27674735e-13,1.103877494e-13,1.050286499e-13,2.414348767e-13,2.066338346e-13,1.632385428e-13,1.640454775e-13,3.446366916e-13,3.446676551e-13,8.989137655e-13,2.591970548e-14,2.962277207e-13,7.734430518e-14
132.9609375,8.894893293e-13,5.334589541e-13,5.103616724e-13,6.802650954e-13,3.717670777e-13,4.90511562e-13,5.084477552e-14,4.419112747e-13,1.030055285e-13,2.15678964e-13,2.668610631e-13,1.447985602e-13,6.742108842e-13,6.297746322e-13,5.282935537e-13,8.268844893e-13,7.737456629e-13,3.259298579e-13,3.160308668e-13,1.268149095e-13,1.114439732e-13,1.046147798e-13,2.394648063e-13,2.065835787e-13,1.626472671e-13,1.610191139e-13,3.441325345e-13,3.486674231e-13,9.049646117e-13,2.597308702e-14,2.955292782e-13,7.674969292e-14
132.96875,9.026327056e-13,5.345297687e-13,5.11315705e-13,6.786933617e-13,3.739552692e-13,4.936651574e-13,5.122074947e-14,4.435684968e-13,1.021391256e-13,2.180943006e-13,2.67867037e-13,1.454025845e-13,6.765691056e-13,6.364848056e-13,5.315340541e-13,8.296815629e-13,7.829034298e-13,3.263275204e-13,3.185486899e-13,1.259279263e-13,1.12340651e-13,1.041387351e-13,2.372920811e-13,2.064975553e-13,1.619947136e-13,1.579602608e-13,3.43511958e-13,3.526359878e-13,9.107183715e-13,2.605393409e-14,2.948825209e-13,7.616906544e-14
132.9765625,9.15555157e-13,5.352963839e-13,5.121037991e-13,6.761425036e-13,3.761073169e-13,4.964064415e-13,5.16265098e-14,4.450621446e-13,1.013590584e-13,2.205351046e-13,2.687174786e-13,1.459457143e-13,6.786032742e-13,6.430450912e-13,5.342672279e-13,8.319480083e-13,7.91547961e-13,3.266000543e-13,3.209295253e-13,1.249604799e-13,1.132053325e-13,1.036691562e-13,2.350291379e-13,2.064627491e-13,1.612689338e-13,1.548632927e-13,3.428679887e-13,3.565662437e-13,9.162856635e-13,2.610561107e-14,2.942672679e-13,7.559127206e-14
132.984375,9.283868329e-13,5.360114203e-13,5.128493469e-13,6.732768867e-13,3.78381639e-13,4.99361297e-13,5.208539026e-14,4.46335877e-13,1.006323195e-13,2.229258841e-13,2.696148009e-13,1.465006932e-13,6.805592115e-13,6.495644169e-13,5.371233304e-13,8.343401071e-13,8.001159097e-13,3.26928176e-13,3.233276255e-13,1.241099306e-13,1.141103356e-13,1.032522265e-13,2.327418543e-13,2.064454949e-13,1.605550207e-13,1.518739968e-13,3.421072233e-13,3.606914806e-13,9.214489148e-13,2.617448977e-14,2.937519567e-13,7.506433319e-14
132.9921875,9.408027784e-13,5.362320378e-13,5.13488666e-13,6.702531681e-13,3.805067241e-13,5.023547443e-13,5.259612589e-14,4.474504774e-13,9.986746975e-14,2.25355462e-13,2.704493901e-13,1.469871068e-13,6.824084843e-13,6.557222364e-13,5.401191615e-13,8.369568224e-13,8.087349406e-13,3.273641775e-13,3.256228784e-13,1.233900319e-13,1.149571617e-13,1.027742249e-13,2.303691161e-13,2.06430587e-13,1.598840657e-13,1.48989804e-13,3.412725338e-13,3.648335899e-13,9.263456594e-13,2.629765039e-14,2.9327158e-13,7.46114651e-14
133,9.526540611e-13,5.359186306e-13,5.142090195e-13,6.663798994e-13,3.823909896e-13,5.048128304e-13,5.316717318e-14,4.484741184e-13,9.910985377e-14,2.278855223e-13,2.711486242e-13,1.474241177e-13,6.840862026e-13,6.615970844e-13,5.429937111e-13,8.396098434e-13,8.173056142e-13,3.278440149e-13,3.277442818e-13,1.226459644e-13,1.157302315e-13,1.022159302e-13,2.278258145e-13,2.065712782e-13,1.592106968e-13,1.460984845e-13,3.403970049e-13,3.687167453e-13,9.313104392e-13,2.644147096e-14,2.928305745e-13,7.417070361e-14
133.0078125,9.640147812e-13,5.356315055e-13,5.149577712e-13,6.621428195e-13,3.841719592e-13,5.070475128e-13,5.380204906e-14,4.493084768e-13,9.840415161e-14,2.303960319e-13,2.718371838e-13,1.478198349e-13,6.856193669e-13,6.674041619e-13,5.45855517e-13,8.42373387e-13,8.258070143e-13,3.282852328e-13,3.297138836e-13,1.219205033e-13,1.164819906e-13,1.016826535e-13,2.251335051e-13,2.067989706e-13,1.584890703e-13,1.431693764e-13,3.393498217e-13,3.725572237e-13,9.359918153e-13,2.659465199e-14,2.925106545e-13,7.370451541e-14
133.015625,9.749445793e-13,5.353271542e-13,5.154294844e-13,6.582474881e-13,3.860791207e-13,5.094975028e-13,5.447630682e-14,4.499345455e-13,9.774476724e-14,2.328616008e-13,2.724642098e-13,1.481583742e-13,6.870064835e-13,6.731246612e-13,5.486490626e-13,8.450089204e-13,8.340097322e-13,3.286929145e-13,3.315593958e-13,1.212919665e-13,1.172187843e-13,1.012024417e-13,2.223955093e-13,2.069148375e-13,1.577166875e-13,1.402181929e-13,3.382721773e-13,3.765320601e-13,9.401732337e-13,2.676015747e-14,2.922863146e-13,7.323987646e-14
133.0234375,9.855467096e-13,5.346190674e-13,5.158580555e-13,6.541824765e-13,3.882346737e-13,5.118757028e-13,5.519773928e-14,4.503982137e-13,9.714278892e-14,2.353053842e-13,2.729253846e-13,1.4853168e-13,6.883285288e-13,6.788039122e-13,5.512141412e-13,8.472383443e-13,8.417688227e-13,3.291545324e-13,3.333164545e-13,1.207064844e-13,1.179616569e-13,1.007302051e-13,2.196389935e-13,2.070338337e-13,1.569289922e-13,1.372717311e-13,3.372437894e-13,3.803757127e-13,9.442796526e-13,2.692454947e-14,2.921644018e-13,7.279561306e-14
133.03125,9.957203232e-13,5.334067782e-13,5.165621472e-13,6.494890759e-13,3.903351262e-13,5.138439754e-13,5.600387049e-14,4.506478119e-13,9.655293799e-14,2.376981076e-13,2.732581377e-13,1.489385056e-13,6.89517861e-13,6.843240802e-13,5.535862749e-13,8.491732251e-13,8.492017877e-13,3.295757921e-13,3.348867817e-13,1.201124119e-13,1.187027252e-13,1.002150776e-13,2.168247984e-13,2.073127317e-13,1.561459574e-13,1.343839567e-13,3.360242646e-13,3.838657821e-13,9.483671416e-13,2.709742351e-14,2.921527359e-13,7.236417581e-14
133.0390625,1.005386021e-12,5.318231282e-13,5.172991619e-13,6.443790541e-13,3.921435746e-13,5.155401945e-13,5.688100538e-14,4.507318719e-13,9.593111225e-14,2.401236833e-13,2.735046708e-13,1.492969551e-13,6.904073195e-13,6.895080667e-13,5.558229462e-13,8.509447522e-13,8.564128109e-13,3.298869416e-13,3.362538313e-13,1.194851662e-13,1.194029681e-13,9.964644784e-14,2.139678844e-13,2.076266431e-13,1.553537967e-13,1.315732068e-13,3.34792569e-13,3.87221799e-13,9.522512984e-13,2.728729882e-14,2.921586069e-13,7.194407139e-14
133.046875,1.014741696e-12,5.302403866e-13,5.178652683e-13,6.391301013e-13,3.938947933e-13,5.172678015e-13,5.779860281e-14,4.507564919e-13,9.53504421e-14,2.426369141e-13,2.736662556e-13,1.496444097e-13,6.912059398e-13,6.945402923e-13,5.580817431e-13,8.52682981e-13,8.634738204e-13,3.302906366e-13,3.376066733e-13,1.18884735e-13,1.200781631e-13,9.908859648e-14,2.110645412e-13,2.078781727e-13,1.545378426e-13,1.288004987e-13,3.338185779e-13,3.908049122e-13,9.560660333e-13,2.747718009e-14,2.922647547e-13,7.155551827e-14
133.0546875,1.023647636e-12,5.286560694e-13,5.183242897e-13,6.338364008e-13,3.956215667e-13,5.190170659e-13,5.877777416e-14,4.506072898e-13,9.482952097e-14,2.451229084e-13,2.736573693e-13,1.499450385e-13,6.920314416e-13,6.994127877e-13,5.604086722e-13,8.543791197e-13,8.702873895e-13,3.307461503e-13,3.388714542e-13,1.183768209e-13,1.206888806e-13,9.85493925e-14,2.080756612e-13,2.081417391e-13,1.53695203e-13,1.260431168e-13,3.327413109e-13,3.944667726e-13,9.597257182e-13,2.76594005e-14,2.925685896e-13,7.121851351e-14
133.0625,1.031749669e-12,5.26646523e-13,5.186815593e-13,6.282170248e-13,3.969981592e-13,5.204347388e-13,5.983259597e-14,4.501534998e-13,9.426245483e-14,2.47532154e-13,2.734675104e-13,1.500891466e-13,6.925932331e-13,7.038176556e-13,5.625674561e-13,8.558066092e-13,8.767272186e-13,3.310261126e-13,3.398575951e-13,1.178356739e-13,1.211635475e-13,9.794854594e-14,2.050844134e-13,2.084034191e-13,1.528665845e-13,1.233520037e-13,3.314928508e-13,3.977848695e-13,9.630886144e-13,2.78347921e-14,2.928851248e-13,7.091481808e-14
133.0703125,1.039021107e-12,5.242464116e-13,5.189960901e-13,6.220954372e-13,3.979388454e-13,5.213828314e-13,6.094549e-14,4.494862561e-13,9.363530418e-14,2.499123581e-13,2.733108961e-13,1.501358885e-13,6.929358726e-13,7.077735634e-13,5.645640903e-13,8.571070178e-13,8.829751216e-13,3.31297828e-13,3.406900202e-13,1.172170564e-13,1.215764287e-13,9.72762716e-14,2.021952931e-13,2.085742358e-13,1.521182417e-13,1.207853679e-13,3.305469997e-13,4.008446962e-13,9.663330867e-13,2.801269039e-14,2.931929197e-13,7.060130458e-14
133.078125,1.045408717e-12,5.214046336e-13,5.193201084e-13,6.157360611e-13,3.986023643e-13,5.220944517e-13,6.213059477e-14,4.487050798e-13,9.301196874e-14,2.522880275e-13,2.731251949e-13,1.501350225e-13,6.932748035e-13,7.11405647e-13,5.665055713e-13,8.584230254e-13,8.889791758e-13,3.316364356e-13,3.413623922e-13,1.166845304e-13,1.219969946e-13,9.65509918e-14,1.993241644e-13,2.087228616e-13,1.514128826e-13,1.18286079e-13,3.297921432e-13,4.037709029e-13,9.693725278e-13,2.820741272e-14,2.936376321e-13,7.02533236e-14
133.0859375,1.050952383e-12,5.179049619e-13,5.196321242e-13,6.090938568e-13,3.992526491e-13,5.226759612e-13,6.339077087e-14,4.477680444e-13,9.239322403e-14,2.546867962e-13,2.726400427e-13,1.500792327e-13,6.934400904e-13,7.148122214e-13,5.682498073e-13,8.593978843e-13,8.943610456e-13,3.318048981e-13,3.41738687e-13,1.162367046e-13,1.223971951e-13,9.576646777e-14,1.963363958e-13,2.089601865e-13,1.506428231e-13,1.157583861e-13,3.288552463e-13,4.063500495e-13,9.72135792e-13,2.839142839e-14,2.940781147e-13,6.987831791e-14
133.09375,1.056036604e-12,5.145401804e-13,5.200169848e-13,6.02101995e-13,4.001825104e-13,5.230766373e-13,6.46704937e-14,4.465976863e-13,9.180537054e-14,2.570710016e-13,2.721246049e-13,1.500845113e-13,6.934057311e-13,7.181975239e-13,5.698976656e-13,8.600294003e-13,8.991941932e-13,3.319402815e-13,3.42084347e-13,1.158253193e-13,1.228089146e-13,9.501072493e-14,1.932524384e-13,2.092225026e-13,1.498136544e-13,1.132547757e-13,3.278998535e-13,4.089047962e-13,9.749838041e-13,2.854026492e-14,2.944574196e-13,6.952894609e-14
133.1015625,1.060668779e-12,5.116284255e-13,5.203920669e-13,5.951547314e-13,4.011645353e-13,5.23337508e-13,6.596481648e-14,4.451967549e-13,9.126882536e-14,2.59379113e-13,2.718082393e-13,1.501029046e-13,6.932777276e-13,7.212725714e-13,5.716005109e-13,8.606401704e-13,9.037390639e-13,3.321919029e-13,3.424841694e-13,1.155429816e-13,1.231897818e-13,9.431939995e-14,1.901822486e-13,2.094475378e-13,1.490053713e-13,1.108852883e-13,3.270211919e-13,4.117584487e-13,9.777847477e-13,2.869375491e-14,2.949251546e-13,6.925751083e-14
133.109375,1.064476827e-12,5.079330311e-13,5.206157312e-13,5.87985776e-13,4.016183242e-13,5.233587398e-13,6.733094829e-14,4.436503165e-13,9.068545708e-14,2.617031118e-13,2.712688308e-13,1.499198488e-13,6.928805901e-13,7.235759045e-13,5.730721788e-13,8.61077365e-13,9.079486678e-13,3.323015957e-13,3.425427191e-13,1.152705618e-13,1.233941177e-13,9.354163033e-14,1.871728668e-13,2.097092912e-13,1.482375924e-13,1.086291515e-13,3.260730245e-13,4.14215558e-13,9.801413006e-13,2.886960583e-14,2.954285488e-13,6.901447601e-14
133.1171875,1.06748068e-12,5.034937684e-13,5.209756141e-13,5.800144132e-13,4.016779726e-13,5.229393719e-13,6.874921273e-14,4.419856663e-13,9.005344397e-14,2.640931015e-13,2.704839859e-13,1.496613618e-13,6.922553559e-13,7.255153044e-13,5.742260036e-13,8.612078374e-13,9.118419438e-13,3.323679498e-13,3.423145412e-13,1.148673963e-13,1.235090924e-13,9.266484576e-14,1.841939752e-13,2.100264227e-13,1.474919253e-13,1.064246976e-13,3.251418055e-13,4.160796522e-13,9.824655413e-13,2.904618204e-14,2.96019877e-13,6.873178577e-14
133.125,1.070236366e-12,4.997494541e-13,5.216040829e-13,5.718821441e-13,4.019943334e-13,5.223103229e-13,7.017392672e-14,4.401629351e-13,8.951968137e-14,2.663975492e-13,2.69942717e-13,1.495416379e-13,6.91583454e-13,7.276650281e-13,5.753995012e-13,8.612617883e-13,9.155975477e-13,3.327479384e-13,3.421975723e-13,1.145380256e-13,1.237053778e-13,9.187934001e-14,1.812453929e-13,2.103663831e-13,1.4674364e-13,1.042886625e-13,3.242911253e-13,4.18303958e-13,9.851084431e-13,2.924605329e-14,2.968525144e-13,6.84744169e-14
133.1328125,1.07324475e-12,4.963002681e-13,5.222217854e-13,5.642729455e-13,4.025367997e-13,5.219078173e-13,7.167035642e-14,4.382122208e-13,8.904422444e-14,2.685687107e-13,2.695247104e-13,1.493984896e-13,6.907425652e-13,7.298164799e-13,5.767914585e-13,8.613996804e-13,9.193528268e-13,3.333346594e-13,3.420721465e-13,1.143505197e-13,1.23885154e-13,9.117458604e-14,1.783569267e-13,2.10728469e-13,1.459978995e-13,1.022406094e-13,3.234615828e-13,4.209168326e-13,9.877120149e-13,2.946693883e-14,2.97736577e-13,6.828805515e-14
133.140625,1.075855622e-12,4.918439913e-13,5.229158744e-13,5.565986464e-13,4.028503719e-13,5.215636557e-13,7.330188893e-14,4.361447836e-13,8.847127012e-14,2.707332065e-13,2.689034625e-13,1.491263062e-13,6.897747009e-13,7.316361439e-13,5.783549944e-13,8.615468531e-13,9.228859782e-13,3.339002521e-13,3.417006131e-13,1.140910072e-13,1.239477133e-13,9.038513558e-14,1.75492683e-13,2.110303111e-13,1.453108286e-13,1.002511239e-13,3.226640731e-13,4.229711383e-13,9.902256951e-13,2.964690489e-14,2.986258436e-13,6.806457261e-14
133.1484375,1.076799353e-12,4.867943232e-13,5.238626898e-13,5.484446924e-13,4.030095412e-13,5.20772584e-13,7.500240516e-14,4.3390156e-13,8.788755364e-14,2.72912164e-13,2.682579773e-13,1.489046821e-13,6.887627648e-13,7.331386091e-13,5.797784589e-13,8.612844152e-13,9.255743369e-13,3.343511139e-13,3.411881812e-13,1.137505069e-13,1.239847099e-13,8.955426445e-14,1.726375938e-13,2.112702787e-13,1.446575374e-13,9.828393009e-14,3.217600277e-13,4.244712092e-13,9.928538769e-13,2.980550803e-14,2.997257028e-13,6.777256439e-14
133.15625,1.076374551e-12,4.819835131e-13,5.248816917e-13,5.401820642e-13,4.031119274e-13,5.19522697e-13,7.670127399e-14,4.315359152e-13,8.742443356e-14,2.75038422e-13,2.676913065e-13,1.487467662e-13,6.874018075e-13,7.342683706e-13,5.807019555e-13,8.603767577e-13,9.274716435e-13,3.345908696e-13,3.40530384e-13,1.134448565e-13,1.24020121e-13,8.877223962e-14,1.698400309e-13,2.116414226e-13,1.439462493e-13,9.63534199e-14,3.206530189e-13,4.260283502e-13,9.954415367e-13,3.000778081e-14,3.008816152e-13,6.753021975e-14
133.1640625,1.075813181e-12,4.772199831e-13,5.260645697e-13,5.318703456e-13,4.028110114e-13,5.18057666e-13,7.844149736e-14,4.291226364e-13,8.696296113e-14,2.771065643e-13,2.6709441e-13,1.485049174e-13,6.856873e-13,7.348913177e-13,5.813068801e-13,8.593057644e-13,9.293198316e-13,3.347912044e-13,3.396071966e-13,1.131883097e-13,1.239949022e-13,8.793535446e-14,1.670473628e-13,2.121450012e-13,1.432144802e-13,9.451021429e-14,3.195300937e-13,4.276388576e-13,9.979739604e-13,3.021886123e-14,3.02019548e-13,6.735377755e-14
133.171875,1.075086686e-12,4.722247298e-13,5.275049962e-13,5.234296278e-13,4.022651343e-13,5.164986129e-13,8.02853537e-14,4.265902353e-13,8.641878197e-14,2.791155219e-13,2.664694431e-13,1.482026596e-13,6.839801329e-13,7.352278069e-13,5.819732219e-13,8.582621424e-13,9.310126593e-13,3.351715002e-13,3.385468946e-13,1.130269118e-13,1.239146478e-13,8.702759787e-14,1.642108039e-13,2.125910862e-13,1.425309028e-13,9.271844841e-14,3.184152033e-13,4.290657404e-13,1.000581466e-12,3.039969534e-14,3.034597379e-13,6.716017322e-14
133.1796875,1.073658437e-12,4.670748212e-13,5.287615505e-13,5.15102504e-13,4.020057386e-13,5.150164636e-13,8.220233027e-14,4.239085482e-13,8.591586735e-14,2.810707364e-13,2.657233367e-13,1.479172151e-13,6.822213725e-13,7.356060195e-13,5.825950514e-13,8.567969562e-13,9.319297476e-13,3.355192657e-13,3.374652544e-13,1.129722638e-13,1.237889593e-13,8.621210141e-14,1.614606573e-13,2.130058965e-13,1.418272104e-13,9.090948858e-14,3.172450167e-13,4.302780105e-13,1.003100333e-12,3.059905889e-14,3.051732047e-13,6.695049453e-14
133.1875,1.071585815e-12,4.617059593e-13,5.297864393e-13,5.067653088e-13,4.017091968e-13,5.135200071e-13,8.413681974e-14,4.211295845e-13,8.547518305e-14,2.830583186e-13,2.648294322e-13,1.475991156e-13,6.801575048e-13,7.357540535e-13,5.829539586e-13,8.549094769e-13,9.321253252e-13,3.355742017e-13,3.362002784e-13,1.129424008e-13,1.2361343e-13,8.546372288e-14,1.588313633e-13,2.134964639e-13,1.410607775e-13,8.916825845e-14,3.162197638e-13,4.312861502e-13,1.005459955e-12,3.083592858e-14,3.068527245e-13,6.676194766e-14
133.1953125,1.068917388e-12,4.559291077e-13,5.31087951e-13,4.980987711e-13,4.008591177e-13,5.116837744e-13,8.612059828e-14,4.182387381e-13,8.498101722e-14,2.851242607e-13,2.640263233e-13,1.471993105e-13,6.778112498e-13,7.352011251e-13,5.831731676e-13,8.528821504e-13,9.317805731e-13,3.354126708e-13,3.34627119e-13,1.128770694e-13,1.233976631e-13,8.461572989e-14,1.561720197e-13,2.14036272e-13,1.402979678e-13,8.758213e-14,3.153708606e-13,4.321762698e-13,1.007819915e-12,3.106337085e-14,3.08523349e-13,6.660059734e-14
133.203125,1.065526845e-12,4.498349131e-13,5.325802811e-13,4.893979244e-13,3.998077417e-13,5.095980142e-13,8.820453015e-14,4.152781914e-13,8.445897969e-14,2.871647722e-13,2.632941951e-13,1.467615305e-13,6.752941558e-13,7.341221189e-13,5.833860566e-13,8.506297091e-13,9.307958009e-13,3.352025073e-13,3.328611106e-13,1.127565518e-13,1.231191377e-13,8.37129387e-14,1.535099581e-13,2.1460673e-13,1.395692397e-13,8.607356087e-14,3.145036122e-13,4.329736506e-13,1.010219158e-12,3.125764171e-14,3.103248506e-13,6.647774632e-14
133.2109375,1.061175658e-12,4.437021897e-13,5.337059251e-13,4.808419655e-13,3.988558982e-13,5.072950286e-13,9.03634667e-14,4.123548773e-13,8.39845954e-14,2.891065905e-13,2.62307009e-13,1.463099442e-13,6.726314947e-13,7.327502927e-13,5.834688441e-13,8.481262444e-13,9.290810968e-13,3.349877854e-13,3.309880134e-13,1.126730334e-13,1.22755131e-13,8.284334056e-14,1.509858156e-13,2.151702785e-13,1.388624183e-13,8.461642146e-14,3.136217086e-13,4.33428973e-13,1.012566339e-12,3.142941521e-14,3.122152821e-13,6.638349669e-14
133.21875,1.055820228e-12,4.374863556e-13,5.345199709e-13,4.718978109e-13,3.977604744e-13,5.044744243e-13,9.257234199e-14,4.094202077e-13,8.349936085e-14,2.910382131e-13,2.610315829e-13,1.458018218e-13,6.697465366e-13,7.309142629e-13,5.833719788e-13,8.455432078e-13,9.26666468e-13,3.347281995e-13,3.289423754e-13,1.127474259e-13,1.223264317e-13,8.19263234e-14,1.485098808e-13,2.157154031e-13,1.381832127e-13,8.325748817e-14,3.127292709e-13,4.334109323e-13,1.014733016e-12,3.15869278e-14,3.141142581e-13,6.629587097e-14
133.2265625,1.050054687e-12,4.310553375e-13,5.356409496e-13,4.62545043e-13,3.965278235e-13,5.014765874e-13,9.483586906e-14,4.063949129e-13,8.299334051e-14,2.929821604e-13,2.597366257e-13,1.452644176e-13,6.666592289e-13,7.287894715e-13,5.833087304e-13,8.429490947e-13,9.238893573e-13,3.344255259e-13,3.267282438e-13,1.129138666e-13,1.218678355e-13,8.097277278e-14,1.459706889e-13,2.163985829e-13,1.375185681e-13,8.193503085e-14,3.11769444e-13,4.332271635e-13,1.016754756e-12,3.172897499e-14,3.16106683e-13,6.622665437e-14
133.234375,1.044059123e-12,4.246670145e-13,5.372089933e-13,4.534987369e-13,3.953301163e-13,4.987058079e-13,9.712489316e-14,4.033452825e-13,8.254367817e-14,2.948010356e-13,2.58525151e-13,1.447779007e-13,6.635066176e-13,7.266840982e-13,5.833021288e-13,8.402179459e-13,9.207841817e-13,3.340918075e-13,3.244145726e-13,1.131011459e-13,1.214077414e-13,8.008953293e-14,1.434859074e-13,2.172163824e-13,1.368396559e-13,8.063697751e-14,3.108917252e-13,4.33090937e-13,1.01884568e-12,3.185876189e-14,3.183654452e-13,6.617004418e-14
133.2421875,1.037332797e-12,4.18373364e-13,5.387401957e-13,4.446866492e-13,3.940628904e-13,4.955903681e-13,9.943464035e-14,4.002779114e-13,8.209727971e-14,2.965119663e-13,2.572577582e-13,1.443013532e-13,6.601615772e-13,7.243901586e-13,5.831280797e-13,8.371485398e-13,9.169024426e-13,3.336645832e-13,3.219762638e-13,1.133154664e-13,1.209321963e-13,7.920848262e-14,1.411216588e-13,2.179223812e-13,1.361559052e-13,7.945406864e-14,3.101780588e-13,4.327233191e-13,1.021023561e-12,3.199521869e-14,3.207868784e-13,6.609354176e-14
133.25,1.029986944e-12,4.118116248e-13,5.402646029e-13,4.354065555e-13,3.926056499e-13,4.919130453e-13,1.018059636e-13,3.970853237e-13,8.159013764e-14,2.983031258e-13,2.559272359e-13,1.437832609e-13,6.565148645e-13,7.217775072e-13,5.828301607e-13,8.339010232e-13,9.126102961e-13,3.331628308e-13,3.194088607e-13,1.134827024e-13,1.203973002e-13,7.825228667e-14,1.387579059e-13,2.185474704e-13,1.355119826e-13,7.838344101e-14,3.095058734e-13,4.319807622e-13,1.023338915e-12,3.214701053e-14,3.231511799e-13,6.600622717e-14
133.2578125,1.022263238e-12,4.050624566e-13,5.422656032e-13,4.25852169e-13,3.909739974e-13,4.883243501e-13,1.042231729e-13,3.93772589e-13,8.112361393e-14,3.001314829e-13,2.547466994e-13,1.433005767e-13,6.528249773e-13,7.190014882e-13,5.825372987e-13,8.30776019e-13,9.085272106e-13,3.326650227e-13,3.167907889e-13,1.136931525e-13,1.198169525e-13,7.731444543e-14,1.363687156e-13,2.193094303e-13,1.349146585e-13,7.741729249e-14,3.088346434e-13,4.31274459e-13,1.025998842e-12,3.230552257e-14,3.255608355e-13,6.594584639e-14
133.265625,1.014016499e-12,3.985302216e-13,5.443823828e-13,4.167631424e-13,3.892847343e-13,4.848895179e-13,1.06660832e-13,3.904255232e-13,8.072561851e-14,3.017848221e-13,2.537125146e-13,1.42861649e-13,6.491357099e-13,7.160990174e-13,5.822262231e-13,8.276305551e-13,9.042048115e-13,3.321650433e-13,3.141626137e-13,1.141532643e-13,1.192213058e-13,7.643403516e-14,1.340589285e-13,2.200956336e-13,1.343115339e-13,7.657304717e-14,3.081536307e-13,4.308796551e-13,1.028727121e-12,3.247874065e-14,3.281520829e-13,6.591824609e-14
133.2734375,1.005542301e-12,3.921147422e-13,5.461546592e-13,4.081297182e-13,3.876433521e-13,4.81269125e-13,1.091679364e-13,3.87049003e-13,8.02653722e-14,3.033033201e-13,2.525746875e-13,1.423842959e-13,6.452760021e-13,7.131763579e-13,5.82077539e-13,8.243633717e-13,8.99385267e-13,3.317192475e-13,3.115147173e-13,1.147351017e-13,1.185780792e-13,7.55410193e-14,1.318427019e-13,2.207526e-13,1.337032254e-13,7.575555655e-14,3.073971206e-13,4.304287765e-13,1.031242519e-12,3.266391522e-14,3.309197795e-13,6.588619052e-14
133.28125,9.967743843e-13,3.853636932e-13,5.482845416e-13,3.992971427e-13,3.85938655e-13,4.775461973e-13,1.117673139e-13,3.836368463e-13,7.973215771e-14,3.048784098e-13,2.512917002e-13,1.419224826e-13,6.413410052e-13,7.102502508e-13,5.821178519e-13,8.210578955e-13,8.943284685e-13,3.313296928e-13,3.08782831e-13,1.152583439e-13,1.178930279e-13,7.46170003e-14,1.296691217e-13,2.214502012e-13,1.331634316e-13,7.496625877e-14,3.065882267e-13,4.294273097e-13,1.033984991e-12,3.282110857e-14,3.339551936e-13,6.581939294e-14
133.2890625,9.870982178e-13,3.781729386e-13,5.512233429e-13,3.899852416e-13,3.840978818e-13,4.737958681e-13,1.144106367e-13,3.802156465e-13,7.924533737e-14,3.065100115e-13,2.50036717e-13,1.415757784e-13,6.373578217e-13,7.070621587e-13,5.820161157e-13,8.175650924e-13,8.887506211e-13,3.308390858e-13,3.059402791e-13,1.158236382e-13,1.172433823e-13,7.368701265e-14,1.275379426e-13,2.222504718e-13,1.326992707e-13,7.433126983e-14,3.058060554e-13,4.279861102e-13,1.03712529e-12,3.294409881e-14,3.371927732e-13,6.574631887e-14
133.296875,9.769900415e-13,3.710517319e-13,5.54255833e-13,3.808319404e-13,3.822671414e-13,4.702010264e-13,1.170792361e-13,3.767464102e-13,7.883007466e-14,3.080734013e-13,2.489149348e-13,1.412954454e-13,6.333206217e-13,7.036922633e-13,5.819274742e-13,8.140748671e-13,8.827527424e-13,3.303342553e-13,3.031233469e-13,1.16508275e-13,1.166133759e-13,7.280004044e-14,1.254519427e-13,2.229603905e-13,1.322625376e-13,7.377579817e-14,3.050295773e-13,4.267415078e-13,1.04021168e-12,3.307625408e-14,3.404663842e-13,6.571060036e-14
133.3046875,9.669647361e-13,3.644146437e-13,5.569675884e-13,3.724299959e-13,3.805083336e-13,4.669244375e-13,1.198079805e-13,3.731715048e-13,7.841217765e-14,3.094973601e-13,2.478206207e-13,1.409833324e-13,6.293807243e-13,7.003983904e-13,5.821754282e-13,8.108561066e-13,8.766917705e-13,3.299417951e-13,3.003147508e-13,1.173542847e-13,1.158954634e-13,7.19904978e-14,1.234054057e-13,2.235927815e-13,1.318485536e-13,7.319616245e-14,3.041004891e-13,4.257544477e-13,1.043114044e-12,3.322427373e-14,3.439149565e-13,6.570581642e-14
133.3125,9.5609224e-13,3.577930436e-13,5.596822946e-13,3.640576797e-13,3.788115335e-13,4.63232987e-13,1.226072715e-13,3.695258968e-13,7.792303057e-14,3.10782188e-13,2.465346326e-13,1.406237397e-13,6.252248388e-13,6.969494178e-13,5.82412699e-13,8.073622956e-13,8.698607839e-13,3.294073003e-13,2.972455958e-13,1.183614241e-13,1.151105257e-13,7.115666567e-14,1.213890302e-13,2.24297024e-13,1.314384304e-13,7.268602357e-14,3.030020509e-13,4.241860497e-13,1.045905387e-12,3.334770763e-14,3.475251741e-13,6.569104384e-14
133.3203125,9.440488362e-13,3.506887585e-13,5.625666111e-13,3.549308903e-13,3.771014568e-13,4.586595589e-13,1.254266212e-13,3.658600887e-13,7.735824127e-14,3.120045355e-13,2.451483129e-13,1.402493561e-13,6.20490703e-13,6.930742683e-13,5.824340232e-13,8.033929198e-13,8.620996504e-13,3.286897343e-13,2.939314669e-13,1.192775913e-13,1.143714449e-13,7.020818092e-14,1.193548491e-13,2.249935781e-13,1.310018027e-13,7.223973071e-14,3.019864579e-13,4.218271423e-13,1.048535639e-12,3.343601914e-14,3.510219704e-13,6.563619071e-14
133.328125,9.320155573e-13,3.434216426e-13,5.654195572e-13,3.458367097e-13,3.750360773e-13,4.541231152e-13,1.282299943e-13,3.621528849e-13,7.679074879e-14,3.132166612e-13,2.438772199e-13,1.398343024e-13,6.155973649e-13,6.888502946e-13,5.824364506e-13,7.995666136e-13,8.544368881e-13,3.28073685e-13,2.905727941e-13,1.200692936e-13,1.136025676e-13,6.925312387e-14,1.173296682e-13,2.256049925e-13,1.305894168e-13,7.177577115e-14,3.010255288e-13,4.195046883e-13,1.051097057e-12,3.352488498e-14,3.545724124e-13,6.557490278e-14
133.3359375,9.205103261e-13,3.362599798e-13,5.679598489e-13,3.374578351e-13,3.724551747e-13,4.500282506e-13,1.310446326e-13,3.584177226e-13,7.626016188e-14,3.143380235e-13,2.424943994e-13,1.39298953e-13,6.107895361e-13,6.843133552e-13,5.82218656e-13,7.95853793e-13,8.468474701e-13,3.274678728e-13,2.870440652e-13,1.211024375e-13,1.126376263e-13,6.836609143e-14,1.154297402e-13,2.262417236e-13,1.302448043e-13,7.140344377e-14,2.998289186e-13,4.173983271e-13,1.053598475e-12,3.363400022e-14,3.584206057e-13,6.557162099e-14
133.34375,9.088156425e-13,3.291697914e-13,5.703597721e-13,3.290967217e-13,3.697224637e-13,4.455849188e-13,1.338722717e-13,3.547819386e-13,7.571400742e-14,3.153354803e-13,2.409629824e-13,1.386844413e-13,6.057102426e-13,6.794673231e-13,5.818512856e-13,7.920976539e-13,8.387364297e-13,3.267501285e-13,2.833106384e-13,1.224324012e-13,1.115674671e-13,6.744975883e-14,1.136252245e-13,2.269300098e-13,1.299314286e-13,7.119475484e-14,2.985800329e-13,4.150069797e-13,1.056080097e-12,3.374111374e-14,3.622843951e-13,6.559523141e-14
133.3515625,8.965748502e-13,3.222761501e-13,5.731924652e-13,3.205183851e-13,3.671858935e-13,4.408021207e-13,1.366889099e-13,3.512940512e-13,7.513143542e-14,3.163277083e-13,2.39719314e-13,1.381260045e-13,6.004478876e-13,6.745359217e-13,5.819790843e-13,7.888144229e-13,8.304954443e-13,3.261877836e-13,2.796664381e-13,1.237839324e-13,1.105799466e-13,6.648848892e-14,1.117808605e-13,2.275973222e-13,1.296442855e-13,7.103265618e-14,2.974947874e-13,4.124303104e-13,1.058832433e-12,3.382644284e-14,3.660457351e-13,6.558100862e-14
133.359375,8.844252415e-13,3.153577425e-13,5.763981803e-13,3.122701408e-13,3.648753072e-13,4.364336948e-13,1.395400395e-13,3.477520448e-13,7.454982498e-14,3.173067927e-13,2.385744127e-13,1.376317925e-13,5.953048237e-13,6.698198754e-13,5.824138993e-13,7.856447546e-13,8.221701443e-13,3.257866629e-13,2.76092518e-13,1.250564528e-13,1.096201642e-13,6.558715483e-14,1.099201871e-13,2.282364949e-13,1.293941345e-13,7.083413219e-14,2.962275514e-13,4.098075045e-13,1.061759934e-12,3.389118898e-14,3.700654527e-13,6.55574015e-14
133.3671875,8.728841292e-13,3.082259659e-13,5.795099989e-13,3.042214574e-13,3.6265283e-13,4.32442941e-13,1.424582999e-13,3.43999561e-13,7.396436988e-14,3.180953873e-13,2.370845082e-13,1.371479068e-13,5.900897135e-13,6.653724637e-13,5.824530681e-13,7.817245962e-13,8.131938229e-13,3.252722112e-13,2.723363e-13,1.262900753e-13,1.085747255e-13,6.475814238e-14,1.081324502e-13,2.28867893e-13,1.291128631e-13,7.060937016e-14,2.947035555e-13,4.068797711e-13,1.064596736e-12,3.395083512e-14,3.744777514e-13,6.551875499e-14
133.375,8.613107918e-13,3.013847659e-13,5.827138744e-13,2.962405859e-13,3.602378152e-13,4.284334893e-13,1.454009678e-13,3.402642918e-13,7.336400453e-14,3.187186066e-13,2.356665369e-13,1.366801377e-13,5.846655181e-13,6.608002658e-13,5.824042592e-13,7.777477767e-13,8.038704614e-13,3.246709529e-13,2.684654999e-13,1.27663543e-13,1.074806656e-13,6.393603537e-14,1.063885766e-13,2.295561764e-13,1.287876769e-13,7.042604142e-14,2.932837129e-13,4.038705497e-13,1.067570314e-12,3.404250807e-14,3.790206008e-13,6.542287088e-14
133.3828125,8.487196024e-13,2.947374872e-13,5.861658968e-13,2.887056908e-13,3.574487759e-13,4.242755235e-13,1.483557984e-13,3.36811614e-13,7.277666245e-14,3.193503671e-13,2.345525943e-13,1.361742608e-13,5.791289298e-13,6.556689603e-13,5.827981105e-13,7.746735034e-13,7.946036665e-13,3.240270221e-13,2.645496598e-13,1.293711557e-13,1.063735174e-13,6.308230038e-14,1.046557605e-13,2.303312647e-13,1.285302382e-13,7.038003822e-14,2.919406122e-13,4.009371103e-13,1.070738884e-12,3.416181919e-14,3.834160421e-13,6.537294635e-14
133.390625,8.353619455e-13,2.875923204e-13,5.894729277e-13,2.813650575e-13,3.54557847e-13,4.198045682e-13,1.513244787e-13,3.334858849e-13,7.216861434e-14,3.199121491e-13,2.332277117e-13,1.355801513e-13,5.734775793e-13,6.502360006e-13,5.833269961e-13,7.71893908e-13,7.849131124e-13,3.232220775e-13,2.604515651e-13,1.31248239e-13,1.052658281e-13,6.218147736e-14,1.029696705e-13,2.310487334e-13,1.283659876e-13,7.044112922e-14,2.904881423e-13,3.974924343e-13,1.073770403e-12,3.423814967e-14,3.876282928e-13,6.542294384e-14
133.3984375,8.224134917e-13,2.803960498e-13,5.927444925e-13,2.73883587e-13,3.519582477e-13,4.152019658e-13,1.542947147e-13,3.300033603e-13,7.146732486e-14,3.20286797e-13,2.317307176e-13,1.349978165e-13,5.678355449e-13,6.451363733e-13,5.837678958e-13,7.687625589e-13,7.747560755e-13,3.224438174e-13,2.562573334e-13,1.330895575e-13,1.041881968e-13,6.126867477e-14,1.013313194e-13,2.31651352e-13,1.28206732e-13,7.049510028e-14,2.890050304e-13,3.935254197e-13,1.07664179e-12,3.428271087e-14,3.919858389e-13,6.540910806e-14
133.40625,8.100962341e-13,2.737724679e-13,5.964686471e-13,2.666722173e-13,3.494803766e-13,4.109650235e-13,1.573156871e-13,3.263821099e-13,7.072987715e-14,3.206632555e-13,2.305065775e-13,1.344946996e-13,5.62325814e-13,6.403320977e-13,5.843338693e-13,7.656538181e-13,7.649010247e-13,3.219264161e-13,2.521671935e-13,1.34997859e-13,1.030654119e-13,6.040994127e-14,9.9699088e-14,2.322920165e-13,1.280533881e-13,7.055764067e-14,2.875913269e-13,3.898411045e-13,1.079596147e-12,3.439281982e-14,3.967748299e-13,6.53026559e-14
133.4140625,7.975784287e-13,2.671708092e-13,6.004838079e-13,2.597531116e-13,3.466529962e-13,4.069825483e-13,1.603903632e-13,3.22788961e-13,7.006311598e-14,3.211079967e-13,2.294172828e-13,1.339967164e-13,5.567507114e-13,6.352733092e-13,5.849686513e-13,7.627945191e-13,7.554618526e-13,3.21423651e-13,2.481170054e-13,1.370471027e-13,1.018167765e-13,5.960011846e-14,9.809145683e-14,2.329999435e-13,1.279562024e-13,7.073694441e-14,2.863099362e-13,3.864927459e-13,1.082835179e-12,3.455537077e-14,4.017489756e-13,6.528599649e-14
133.421875,7.846307464e-13,2.602824258e-13,6.043481721e-13,2.527657858e-13,3.435607448e-13,4.027905291e-13,1.634302149e-13,3.192868106e-13,6.94115529e-14,3.21328617e-13,2.281885324e-13,1.334466134e-13,5.510253893e-13,6.299304332e-13,5.856128689e-13,7.601001554e-13,7.458282336e-13,3.207135768e-13,2.439681992e-13,1.392499764e-13,1.0052157e-13,5.87794908e-14,9.659860803e-14,2.336694617e-13,1.278957107e-13,7.105597955e-14,2.850202523e-13,3.827566107e-13,1.086195461e-12,3.468287018e-14,4.066136417e-13,6.536433484e-14
133.4296875,7.715212336e-13,2.534675723e-13,6.080434061e-13,2.460140317e-13,3.405893098e-13,3.984194233e-13,1.664506449e-13,3.158425853e-13,6.868778213e-14,3.212801642e-13,2.268200137e-13,1.328717936e-13,5.453666257e-13,6.246920869e-13,5.864854722e-13,7.577094013e-13,7.35852233e-13,3.200193042e-13,2.397356613e-13,1.416324769e-13,9.926881657e-14,5.793378071e-14,9.523573509e-14,2.342740446e-13,1.278765191e-13,7.143583819e-14,2.834612989e-13,3.784543676e-13,1.089158698e-12,3.477683126e-14,4.115575546e-13,6.540386725e-14
133.4375,7.582930437e-13,2.467629563e-13,6.11845184e-13,2.397164851e-13,3.377420143e-13,3.9417717e-13,1.695073335e-13,3.123614759e-13,6.797600572e-14,3.212697017e-13,2.254337389e-13,1.323463872e-13,5.399074036e-13,6.196578638e-13,5.874909444e-13,7.554903928e-13,7.258443364e-13,3.194874335e-13,2.355519659e-13,1.440443513e-13,9.805462816e-14,5.711630923e-14,9.388066202e-14,2.348203785e-13,1.279263456e-13,7.183045112e-14,2.818763587e-13,3.74150301e-13,1.092008084e-12,3.486981896e-14,4.16756053e-13,6.541182757e-14
133.4453125,7.456092973e-13,2.402694421e-13,6.159650606e-13,2.3347021e-13,3.349785877e-13,3.90175435e-13,1.725446549e-13,3.087523888e-13,6.73363065e-14,3.212996104e-13,2.242658491e-13,1.318922352e-13,5.346239044e-13,6.147731528e-13,5.883395867e-13,7.530840892e-13,7.159796464e-13,3.190267407e-13,2.315415364e-13,1.464648731e-13,9.683715646e-14,5.636665572e-14,9.246994005e-14,2.353476728e-13,1.280130725e-13,7.229882568e-14,2.805729458e-13,3.702394363e-13,1.095593553e-12,3.496533993e-14,4.220629365e-13,6.542043446e-14
133.453125,7.338221207e-13,2.341676591e-13,6.20327034e-13,2.271600057e-13,3.323150288e-13,3.8626339e-13,1.755732357e-13,3.0505379e-13,6.665594803e-14,3.210776965e-13,2.233056111e-13,1.314135501e-13,5.293674969e-13,6.100095019e-13,5.891947806e-13,7.506969662e-13,7.063352215e-13,3.186608359e-13,2.276034854e-13,1.491203112e-13,9.555073079e-14,5.562690142e-14,9.110045023e-14,2.358990208e-13,1.281391976e-13,7.288324752e-14,2.792693936e-13,3.663894557e-13,1.099585819e-12,3.50884847e-14,4.274543175e-13,6.539393631e-14
133.4609375,7.216946686e-13,2.281400914e-13,6.247975095e-13,2.210057852e-13,3.294953273e-13,3.82264352e-13,1.786745492e-13,3.013987027e-13,6.589952155e-14,3.206043419e-13,2.223104389e-13,1.308924124e-13,5.239420187e-13,6.052302458e-13,5.904343586e-13,7.488416956e-13,6.969612054e-13,3.184179287e-13,2.235519694e-13,1.520158302e-13,9.421760551e-14,5.48424851e-14,8.982289639e-14,2.364260045e-13,1.283446185e-13,7.355103999e-14,2.778277572e-13,3.622005122e-13,1.103295293e-12,3.526771507e-14,4.330697925e-13,6.537485357e-14
133.46875,7.090199336e-13,2.220793881e-13,6.294576369e-13,2.15071387e-13,3.265181684e-13,3.783930759e-13,1.817890747e-13,2.978272589e-13,6.518120726e-14,3.2011985e-13,2.213497256e-13,1.30443709e-13,5.184473325e-13,6.004768409e-13,5.920944229e-13,7.475712161e-13,6.878608797e-13,3.182322586e-13,2.194800966e-13,1.550474992e-13,9.294170587e-14,5.408882692e-14,8.853863819e-14,2.36958198e-13,1.285983732e-13,7.428156866e-14,2.764149493e-13,3.579661757e-13,1.107135156e-12,3.549518548e-14,4.389052264e-13,6.542054705e-14
133.4765625,6.972202849e-13,2.161822292e-13,6.342302851e-13,2.093744889e-13,3.236541131e-13,3.749268713e-13,1.848448509e-13,2.942598252e-13,6.451470344e-14,3.19630097e-13,2.204777138e-13,1.300249923e-13,5.131067457e-13,5.959036324e-13,5.938387466e-13,7.464854511e-13,6.789598007e-13,3.181139168e-13,2.15517377e-13,1.582145252e-13,9.167170249e-14,5.341267298e-14,8.718732636e-14,2.375651877e-13,1.288808246e-13,7.503720833e-14,2.74846523e-13,3.540038123e-13,1.111266771e-12,3.571272124e-14,4.44859248e-13,6.547537556e-14
133.484375,6.861858633e-13,2.102507695e-13,6.388348043e-13,2.038674736e-13,3.207677599e-13,3.716317128e-13,1.878865414e-13,2.906827428e-13,6.381837887e-14,3.189222054e-13,2.194854281e-13,1.294971593e-13,5.078218499e-13,5.913647537e-13,5.953795345e-13,7.452644434e-13,6.700071891e-13,3.180524385e-13,2.115583267e-13,1.614108854e-13,9.030095354e-14,5.273451838e-14,8.585217667e-14,2.381150502e-13,1.292184254e-13,7.576815726e-14,2.730097667e-13,3.500136993e-13,1.115066367e-12,3.586032375e-14,4.508407114e-13,6.549965093e-14
133.4921875,6.751663133e-13,2.042879184e-13,6.433100963e-13,1.984891007e-13,3.177644736e-13,3.682760557e-13,1.909171424e-13,2.871655325e-13,6.308340574e-14,3.179813249e-13,2.184706111e-13,1.289106594e-13,5.024574958e-13,5.867566494e-13,5.968717616e-13,7.440445321e-13,6.609619008e-13,3.180309367e-13,2.075840097e-13,1.647017184e-13,8.89120779e-14,5.203895056e-14,8.459178251e-14,2.385366853e-13,1.295763494e-13,7.650865416e-14,2.711144884e-13,3.458190297e-13,1.118589501e-12,3.59899522e-14,4.568140964e-13,6.553371934e-14
133.5,6.647276749e-13,1.986819352e-13,6.479543627e-13,1.934069746e-13,3.149161319e-13,3.650855606e-13,1.939125225e-13,2.836774465e-13,6.232032128e-14,3.170381207e-13,2.176369046e-13,1.283624702e-13,4.971284399e-13,5.82246951e-13,5.986211617e-13,7.430917644e-13,6.521217485e-13,3.181390382e-13,2.036895687e-13,1.683435525e-13,8.759386415e-14,5.13846877e-14,8.332192404e-14,2.389614129e-13,1.299218312e-13,7.728462535e-14,2.691537979e-13,3.416806768e-13,1.122380667e-12,3.616616669e-14,4.628616272e-13,6.557911576e-14
133.5078125,6.547432681e-13,1.933822713e-13,6.530692018e-13,1.887144307e-13,3.122772125e-13,3.621932836e-13,1.969051127e-13,2.801478235e-13,6.153080144e-14,3.161507452e-13,2.168945304e-13,1.278836221e-13,4.91920814e-13,5.779446891e-13,6.006894938e-13,7.424153728e-13,6.434931889e-13,3.183880219e-13,1.998467936e-13,1.722186125e-13,8.631954914e-14,5.07609287e-14,8.198574555e-14,2.393780504e-13,1.302978167e-13,7.810661455e-14,2.671728599e-13,3.37667918e-13,1.126469761e-12,3.632896347e-14,4.690716656e-13,6.561236212e-14
133.515625,6.444260077e-13,1.881712325e-13,6.587798462e-13,1.841775689e-13,3.097519283e-13,3.593168267e-13,1.998657251e-13,2.766272237e-13,6.07616478e-14,3.151364895e-13,2.162943875e-13,1.275270882e-13,4.86764324e-13,5.738617431e-13,6.030598196e-13,7.420614221e-13,6.349699384e-13,3.187430634e-13,1.96068687e-13,1.761632717e-13,8.509229603e-14,5.013648474e-14,8.067339887e-14,2.397274207e-13,1.307264419e-13,7.907425337e-14,2.654302906e-13,3.33647157e-13,1.130630303e-12,3.647531466e-14,4.753834881e-13,6.565345208e-14
133.5234375,6.341497328e-13,1.830638777e-13,6.645764174e-13,1.796051823e-13,3.072590323e-13,3.562201415e-13,2.02756563e-13,2.731641743e-13,6.001092429e-14,3.13946828e-13,2.158744882e-13,1.271944258e-13,4.815096126e-13,5.698196333e-13,6.055875374e-13,7.420432765e-13,6.267791442e-13,3.191743436e-13,1.923843809e-13,1.80375029e-13,8.38785145e-14,4.94946122e-14,7.945131847e-14,2.40095524e-13,1.311885023e-13,8.016498939e-14,2.637815854e-13,3.295803815e-13,1.134630515e-12,3.667428986e-14,4.815537819e-13,6.570769095e-14
133.53125,6.243028674e-13,1.779505591e-13,6.699489541e-13,1.751213464e-13,3.046426398e-13,3.531895544e-13,2.056588285e-13,2.697227024e-13,5.921776401e-14,3.126624465e-13,2.153010596e-13,1.267081285e-13,4.761182625e-13,5.655700177e-13,6.080212288e-13,7.420686502e-13,6.18895888e-13,3.195247949e-13,1.886677113e-13,1.848317042e-13,8.258675255e-14,4.881769124e-14,7.826755895e-14,2.404289731e-13,1.316795334e-13,8.118772624e-14,2.618902999e-13,3.253857696e-13,1.138313921e-12,3.684733773e-14,4.874533038e-13,6.575320438e-14
133.5390625,6.147376344e-13,1.728225204e-13,6.754768022e-13,1.709088651e-13,3.020175511e-13,3.50567835e-13,2.085839131e-13,2.662800357e-13,5.839333056e-14,3.112780189e-13,2.145967432e-13,1.261696967e-13,4.708380391e-13,5.612886434e-13,6.10452581e-13,7.420904988e-13,6.110804519e-13,3.198559689e-13,1.849225836e-13,1.892919908e-13,8.123986765e-14,4.814492534e-14,7.706646793e-14,2.406271096e-13,1.322109395e-13,8.217070892e-14,2.598324888e-13,3.210823455e-13,1.141976495e-12,3.696034122e-14,4.93428687e-13,6.57993333e-14
133.546875,6.05519985e-13,1.678890055e-13,6.816746099e-13,1.668406294e-13,2.994931425e-13,3.479301961e-13,2.114214049e-13,2.62810573e-13,5.757381487e-14,3.098395861e-13,2.142197617e-13,1.257092029e-13,4.657426184e-13,5.570983892e-13,6.129464408e-13,7.422821726e-13,6.033979043e-13,3.203973196e-13,1.812739399e-13,1.938107928e-13,7.989188284e-14,4.749877385e-14,7.583781583e-14,2.408299266e-13,1.327963077e-13,8.331140725e-14,2.578479343e-13,3.1695522e-13,1.146017847e-12,3.716402423e-14,4.997260671e-13,6.587125403e-14
133.5546875,5.966058945e-13,1.630976724e-13,6.878671791e-13,1.626730095e-13,2.96932478e-13,3.449012185e-13,2.142101366e-13,2.592886914e-13,5.674794982e-14,3.084177892e-13,2.14064162e-13,1.252143659e-13,4.605484029e-13,5.528433314e-13,6.152283856e-13,7.424680052e-13,5.957684951e-13,3.209597817e-13,1.776402308e-13,1.984761929e-13,7.853970846e-14,4.685207004e-14,7.460632088e-14,2.411082197e-13,1.334101039e-13,8.456711082e-14,2.559614442e-13,3.129997177e-13,1.150209835e-12,3.745815405e-14,5.059867086e-13,6.596619818e-14
133.5625,5.880782424e-13,1.583610139e-13,6.937302079e-13,1.58528986e-13,2.945014617e-13,3.421097035e-13,2.170375045e-13,2.557398111e-13,5.592682111e-14,3.06873813e-13,2.137194472e-13,1.246917894e-13,4.553221487e-13,5.48851562e-13,6.174308894e-13,7.426048365e-13,5.880887774e-13,3.214101649e-13,1.739847451e-13,2.031972078e-13,7.72325578e-14,4.624694078e-14,7.339708922e-14,2.413442726e-13,1.339901583e-13,8.575301091e-14,2.540379353e-13,3.088396407e-13,1.154090448e-12,3.770232621e-14,5.121318438e-13,6.603890624e-14
133.5703125,5.800029624e-13,1.53870699e-13,6.99829135e-13,1.547004641e-13,2.921079178e-13,3.397975786e-13,2.197380832e-13,2.52176211e-13,5.51204717e-14,3.051060962e-13,2.133967586e-13,1.24239631e-13,4.503124806e-13,5.451616788e-13,6.197629982e-13,7.428181946e-13,5.806813486e-13,3.219518415e-13,1.704634644e-13,2.078604493e-13,7.596605552e-14,4.569109133e-14,7.216748946e-14,2.415478559e-13,1.345175249e-13,8.686998799e-14,2.520550639e-13,3.046621769e-13,1.157844321e-12,3.79191287e-14,5.184296021e-13,6.605529665e-14
133.578125,5.720086091e-13,1.497011258e-13,7.059800491e-13,1.512013611e-13,2.892300172e-13,3.372392144e-13,2.22191565e-13,2.486330142e-13,5.431136365e-14,3.033077154e-13,2.133801107e-13,1.237067541e-13,4.452825589e-13,5.40981717e-13,6.217835621e-13,7.428128192e-13,5.735726285e-13,3.223931266e-13,1.670642987e-13,2.124044936e-13,7.461401868e-14,4.509807766e-14,7.090243918e-14,2.417755344e-13,1.350179032e-13,8.803853013e-14,2.50130721e-13,3.010943564e-13,1.161843954e-12,3.818416125e-14,5.244668736e-13,6.60703002e-14
133.5859375,5.644589582e-13,1.456629524e-13,7.115770691e-13,1.478337019e-13,2.863909754e-13,3.344093746e-13,2.246160515e-13,2.451602187e-13,5.351439321e-14,3.01606787e-13,2.133751295e-13,1.230194083e-13,4.401156193e-13,5.365165789e-13,6.234269644e-13,7.425210291e-13,5.664825319e-13,3.226584218e-13,1.636664266e-13,2.170903281e-13,7.318048043e-14,4.449501135e-14,6.969014888e-14,2.419816795e-13,1.355201801e-13,8.924527959e-14,2.481219482e-13,2.978922991e-13,1.165758291e-12,3.850031778e-14,5.299212841e-13,6.611900151e-14
133.59375,5.578066576e-13,1.415673963e-13,7.170912462e-13,1.444154163e-13,2.844209031e-13,3.318737604e-13,2.271052559e-13,2.416465549e-13,5.271386917e-14,2.997778108e-13,2.132124374e-13,1.223888224e-13,4.350982342e-13,5.327643737e-13,6.252513473e-13,7.423072697e-13,5.595179007e-13,3.232893139e-13,1.602874722e-13,2.222832243e-13,7.181489134e-14,4.394826592e-14,6.854222333e-14,2.42172419e-13,1.360386259e-13,9.03969576e-14,2.458324517e-13,2.942544523e-13,1.169294274e-12,3.886073179e-14,5.354069441e-13,6.612231518e-14
133.6015625,5.512109263e-13,1.374284241e-13,7.232419635e-13,1.410738751e-13,2.826744408e-13,3.295837748e-13,2.294111815e-13,2.380203891e-13,5.186894127e-14,2.975827555e-13,2.131747021e-13,1.218919107e-13,4.302168333e-13,5.294200026e-13,6.272939619e-13,7.42219667e-13,5.527160838e-13,3.242726106e-13,1.569562493e-13,2.277531578e-13,7.055872499e-14,4.340596569e-14,6.73700308e-14,2.423656018e-13,1.365359907e-13,9.1555897e-14,2.435854219e-13,2.902177838e-13,1.172908973e-12,3.920380729e-14,5.41201709e-13,6.606667411e-14
133.609375,5.443450434e-13,1.33412074e-13,7.296893262e-13,1.382039781e-13,2.803939431e-13,3.273925412e-13,2.314818126e-13,2.344842467e-13,5.103105732e-14,2.951868124e-13,2.133232632e-13,1.213823658e-13,4.25316333e-13,5.257440941e-13,6.293542149e-13,7.423320331e-13,5.459601851e-13,3.251097079e-13,1.536448856e-13,2.330649764e-13,6.932694467e-14,4.28564608e-14,6.617644317e-14,2.425346744e-13,1.369883242e-13,9.280744977e-14,2.416196849e-13,2.862725825e-13,1.176738727e-12,3.950867009e-14,5.468459466e-13,6.602729599e-14
133.6171875,5.380654825e-13,1.295413338e-13,7.356256469e-13,1.357442779e-13,2.780401008e-13,3.252557115e-13,2.335461665e-13,2.311219209e-13,5.023417139e-14,2.929420393e-13,2.134475443e-13,1.207503009e-13,4.204380336e-13,5.219630086e-13,6.314460972e-13,7.427893808e-13,5.395589896e-13,3.25919553e-13,1.503509654e-13,2.383387893e-13,6.805042714e-14,4.232663538e-14,6.501777651e-14,2.426981246e-13,1.374613205e-13,9.406850602e-14,2.39605725e-13,2.825592561e-13,1.180287005e-12,3.987627414e-14,5.520947021e-13,6.599723282e-14
133.625,5.327543698e-13,1.258170247e-13,7.409545531e-13,1.332470533e-13,2.760791192e-13,3.229417093e-13,2.35614801e-13,2.277438966e-13,4.941800754e-14,2.908170725e-13,2.135601988e-13,1.200094388e-13,4.155709432e-13,5.183763074e-13,6.333421488e-13,7.432534233e-13,5.337845598e-13,3.269198308e-13,1.471446506e-13,2.438528314e-13,6.675445416e-14,4.17818095e-14,6.388738056e-14,2.428022382e-13,1.379883141e-13,9.532482427e-14,2.374429294e-13,2.792418195e-13,1.183551004e-12,4.032129943e-14,5.569829892e-13,6.59719556e-14
133.6328125,5.281888569e-13,1.224034713e-13,7.464789203e-13,1.307348281e-13,2.743167749e-13,3.206930705e-13,2.375219287e-13,2.243174538e-13,4.860118336e-14,2.885032885e-13,2.138038734e-13,1.193263166e-13,4.108327202e-13,5.149991187e-13,6.350626683e-13,7.436543404e-13,5.284419283e-13,3.280457726e-13,1.441321227e-13,2.49560807e-13,6.552900046e-14,4.125512805e-14,6.277103143e-14,2.42792275e-13,1.385183021e-13,9.666876903e-14,2.353533141e-13,2.762532621e-13,1.186949654e-12,4.078811586e-14,5.618254823e-13,6.598162416e-14
133.640625,5.234960213e-13,1.19153687e-13,7.528444086e-13,1.284354473e-13,2.72411054e-13,3.187926365e-13,2.392991239e-13,2.20946134e-13,4.782210585e-14,2.860097537e-13,2.1417201e-13,1.188314738e-13,4.063458859e-13,5.117898535e-13,6.370565325e-13,7.44364481e-13,5.232556833e-13,3.293962227e-13,1.412325333e-13,2.55345852e-13,6.438307256e-14,4.076695688e-14,6.168198398e-14,2.428458064e-13,1.390552297e-13,9.806998749e-14,2.333167272e-13,2.729940077e-13,1.190563705e-12,4.131737504e-14,5.670418358e-13,6.593822451e-14
133.6484375,5.180568194e-13,1.157556237e-13,7.59643363e-13,1.262347268e-13,2.703976044e-13,3.168493923e-13,2.410701251e-13,2.175868296e-13,4.70111814e-14,2.835275403e-13,2.145913553e-13,1.183760601e-13,4.018532796e-13,5.08522232e-13,6.392864208e-13,7.45301917e-13,5.181711899e-13,3.309114342e-13,1.382746236e-13,2.613037088e-13,6.323655997e-14,4.02349871e-14,6.064317283e-14,2.430307957e-13,1.39646157e-13,9.952736251e-14,2.313953087e-13,2.694260004e-13,1.194294315e-12,4.192050134e-14,5.723115048e-13,6.581056974e-14
133.65625,5.132290155e-13,1.124427996e-13,7.661151451e-13,1.240924987e-13,2.686981466e-13,3.148757988e-13,2.428080472e-13,2.14218844e-13,4.618123253e-14,2.809720607e-13,2.150431203e-13,1.177993577e-13,3.972713738e-13,5.052819146e-13,6.413871864e-13,7.462376733e-13,5.134185281e-13,3.323763134e-13,1.353687253e-13,2.675317335e-13,6.208444959e-14,3.970913314e-14,5.96411281e-14,2.4313425e-13,1.402437176e-13,1.010266119e-13,2.296818905e-13,2.661526704e-13,1.198049788e-12,4.253278279e-14,5.771049888e-13,6.571788732e-14
133.6640625,5.097616075e-13,1.094135472e-13,7.720664724e-13,1.220981172e-13,2.672341085e-13,3.13294731e-13,2.444172555e-13,2.10898198e-13,4.541899288e-14,2.782312631e-13,2.155071293e-13,1.171721589e-13,3.927573801e-13,5.02255114e-13,6.432087117e-13,7.470310792e-13,5.090529123e-13,3.337986816e-13,1.326448732e-13,2.73699539e-13,6.098131221e-14,3.927989991e-14,5.858822417e-14,2.431742966e-13,1.407454592e-13,1.02320531e-13,2.278142898e-13,2.631387964e-13,1.201744783e-12,4.310812067e-14,5.815641664e-13,6.562746548e-14
133.671875,5.061196718e-13,1.063210608e-13,7.777345697e-13,1.201875119e-13,2.655309653e-13,3.117748204e-13,2.458864012e-13,2.075763321e-13,4.465296357e-14,2.754052377e-13,2.158947545e-13,1.165479435e-13,3.881551503e-13,4.990696997e-13,6.446981734e-13,7.474396637e-13,5.047226258e-13,3.351074074e-13,1.299348056e-13,2.794991896e-13,5.991252503e-14,3.88320887e-14,5.747099461e-14,2.433102182e-13,1.411461044e-13,1.034120867e-13,2.256565161e-13,2.599197877e-13,1.205393539e-12,4.362109816e-14,5.857976326e-13,6.543226638e-14
133.6796875,5.021581824e-13,1.031392615e-13,7.834068638e-13,1.184028956e-13,2.637997162e-13,3.099646898e-13,2.472500156e-13,2.042276405e-13,4.379351818e-14,2.72554097e-13,2.162441321e-13,1.158667206e-13,3.834608642e-13,4.955914952e-13,6.460048676e-13,7.477042252e-13,5.004235292e-13,3.36318132e-13,1.271572904e-13,2.853450051e-13,5.883361984e-14,3.829466198e-14,5.641112709e-14,2.433861069e-13,1.415321769e-13,1.046471164e-13,2.236190332e-13,2.566010151e-13,1.208878507e-12,4.416231254e-14,5.896966204e-13,6.521118941e-14
133.6875,4.991017703e-13,1.002062708e-13,7.890553079e-13,1.167772695e-13,2.622985426e-13,3.081714199e-13,2.484864353e-13,2.009186789e-13,4.292024922e-14,2.696744217e-13,2.167575056e-13,1.151266589e-13,3.789238842e-13,4.921585078e-13,6.471853863e-13,7.480490423e-13,4.964063172e-13,3.377001803e-13,1.244462731e-13,2.915020693e-13,5.774975271e-14,3.777124332e-14,5.542832004e-14,2.43336221e-13,1.419263435e-13,1.059751069e-13,2.217474501e-13,2.535487821e-13,1.212057736e-12,4.484808658e-14,5.934387858e-13,6.501356614e-14
133.6953125,4.964304802e-13,9.747257202e-14,7.944237216e-13,1.150902528e-13,2.607284076e-13,3.065292643e-13,2.495789114e-13,1.976101641e-13,4.211272486e-14,2.667966129e-13,2.173133379e-13,1.143974676e-13,3.74430632e-13,4.888003972e-13,6.480304662e-13,7.480714479e-13,4.92508882e-13,3.392121365e-13,1.218505233e-13,2.97463765e-13,5.669447679e-14,3.730121733e-14,5.441880818e-14,2.433727957e-13,1.422861209e-13,1.071376037e-13,2.197560134e-13,2.506969611e-13,1.215130733e-12,4.555390482e-14,5.970838596e-13,6.478219905e-14
133.703125,4.93537534e-13,9.48244475e-14,7.996616843e-13,1.133833514e-13,2.592003682e-13,3.04961204e-13,2.50581214e-13,1.942249045e-13,4.133605777e-14,2.638628456e-13,2.175831546e-13,1.137188281e-13,3.699085497e-13,4.855433627e-13,6.487690682e-13,7.478715442e-13,4.887344786e-13,3.407397148e-13,1.193524086e-13,3.031490812e-13,5.568107219e-14,3.685332877e-14,5.338201969e-14,2.434288597e-13,1.426183017e-13,1.082578714e-13,2.176754856e-13,2.477564796e-13,1.218102056e-12,4.616002767e-14,6.004919695e-13,6.454238981e-14
133.7109375,4.910557354e-13,9.237753377e-14,8.048856671e-13,1.119834126e-13,2.579723681e-13,3.034918516e-13,2.514915972e-13,1.908228759e-13,4.055078364e-14,2.608224423e-13,2.177830358e-13,1.130219989e-13,3.655114125e-13,4.824619522e-13,6.495733894e-13,7.477869859e-13,4.85318911e-13,3.423501982e-13,1.169345712e-13,3.090372303e-13,5.468944167e-14,3.641468062e-14,5.237559976e-14,2.432929576e-13,1.429109806e-13,1.094131235e-13,2.155814215e-13,2.448879816e-13,1.220471546e-12,4.68090832e-14,6.036434278e-13,6.429208128e-14
133.71875,4.889691341e-13,9.006082122e-14,8.097053387e-13,1.108020188e-13,2.567355513e-13,3.02003856e-13,2.522675222e-13,1.874633273e-13,3.977534629e-14,2.57772962e-13,2.182922308e-13,1.122180168e-13,3.610961875e-13,4.792419433e-13,6.499503352e-13,7.474038281e-13,4.820684247e-13,3.438333098e-13,1.145602543e-13,3.150677849e-13,5.370496504e-14,3.596260804e-14,5.139206421e-14,2.43056505e-13,1.431218964e-13,1.104534268e-13,2.134811536e-13,2.424988287e-13,1.222187608e-12,4.756675817e-14,6.064806252e-13,6.398171962e-14
133.7265625,4.868477385e-13,8.774923335e-14,8.142701712e-13,1.095087877e-13,2.554230181e-13,3.004723254e-13,2.529705563e-13,1.840933999e-13,3.901584713e-14,2.54744877e-13,2.189023189e-13,1.113658648e-13,3.565696111e-13,4.758454416e-13,6.499568411e-13,7.467478343e-13,4.789305778e-13,3.451899594e-13,1.122430304e-13,3.209835381e-13,5.27363366e-14,3.54990832e-14,5.043608868e-14,2.427951436e-13,1.433153468e-13,1.114360762e-13,2.115254674e-13,2.403628495e-13,1.22388168e-12,4.832922837e-14,6.090213511e-13,6.36740062e-14
133.734375,4.847949748e-13,8.551300341e-14,8.190478589e-13,1.081951712e-13,2.54287474e-13,2.989413623e-13,2.535908321e-13,1.806869531e-13,3.822417497e-14,2.516334545e-13,2.193612534e-13,1.105294168e-13,3.520339822e-13,4.72507124e-13,6.500590801e-13,7.463088284e-13,4.761583349e-13,3.467984986e-13,1.099580945e-13,3.268578064e-13,5.178392023e-14,3.502133799e-14,4.952103698e-14,2.424199156e-13,1.435257456e-13,1.124841754e-13,2.096800566e-13,2.380615433e-13,1.225717579e-12,4.908953972e-14,6.112527269e-13,6.339565327e-14
133.7421875,4.82929078e-13,8.338494118e-14,8.235777199e-13,1.071071264e-13,2.532063526e-13,2.972259094e-13,2.539560847e-13,1.773162496e-13,3.74164659e-14,2.4847229e-13,2.198147722e-13,1.096508429e-13,3.47411132e-13,4.690513689e-13,6.498869256e-13,7.457165377e-13,4.735505662e-13,3.484819965e-13,1.076721191e-13,3.326155107e-13,5.085907151e-14,3.451579405e-14,4.860656219e-14,2.419955085e-13,1.436482122e-13,1.135693852e-13,2.077586798e-13,2.358862484e-13,1.227228172e-12,4.987817507e-14,6.129227633e-13,6.308050056e-14
133.75,4.812876589e-13,8.133115657e-14,8.275426222e-13,1.061478449e-13,2.520533984e-13,2.955034096e-13,2.540866276e-13,1.740540249e-13,3.668021476e-14,2.454531952e-13,2.203465954e-13,1.087609778e-13,3.428301382e-13,4.655469237e-13,6.49294752e-13,7.446861501e-13,4.70908951e-13,3.499569667e-13,1.055013906e-13,3.380768265e-13,4.998605914e-14,3.404817643e-14,4.766777398e-14,2.416441341e-13,1.436882632e-13,1.146057587e-13,2.0574497e-13,2.340196461e-13,1.228376167e-12,5.06789895e-14,6.142466393e-13,6.27385171e-14
133.7578125,4.796956324e-13,7.933256738e-14,8.315274724e-13,1.052226529e-13,2.509350617e-13,2.942119773e-13,2.541998538e-13,1.708845819e-13,3.596300398e-14,2.426091592e-13,2.209067368e-13,1.079406292e-13,3.384976801e-13,4.623640802e-13,6.488304066e-13,7.435444531e-13,4.684518815e-13,3.515149432e-13,1.034752462e-13,3.431880454e-13,4.914745448e-14,3.363272328e-14,4.673212177e-14,2.413166458e-13,1.437430409e-13,1.15421432e-13,2.035339357e-13,2.320544064e-13,1.229434148e-12,5.150881937e-14,6.156966892e-13,6.23595054e-14
133.765625,4.779420309e-13,7.73900293e-14,8.355501363e-13,1.044766368e-13,2.498775824e-13,2.93039786e-13,2.542666987e-13,1.67722704e-13,3.516079512e-14,2.397345606e-13,2.214926704e-13,1.071096685e-13,3.341272776e-13,4.592192142e-13,6.482764579e-13,7.421495123e-13,4.661747024e-13,3.53203829e-13,1.014499766e-13,3.480370519e-13,4.832034186e-14,3.317179594e-14,4.583463942e-14,2.409055221e-13,1.437542888e-13,1.160405018e-13,2.011142189e-13,2.300418891e-13,1.230126474e-12,5.238064385e-14,6.169569547e-13,6.190218277e-14
133.7734375,4.764284961e-13,7.55990175e-14,8.39135022e-13,1.038146231e-13,2.488675494e-13,2.914750562e-13,2.5407531e-13,1.645364525e-13,3.437777726e-14,2.367203313e-13,2.22076476e-13,1.061998124e-13,3.295711067e-13,4.557220314e-13,6.471574374e-13,7.404427007e-13,4.639515765e-13,3.547894571e-13,9.941826008e-14,3.53087909e-13,4.75269342e-14,3.268804104e-14,4.498241481e-14,2.404156403e-13,1.436437297e-13,1.167933837e-13,1.989062671e-13,2.28385249e-13,1.230132561e-12,5.331540364e-14,6.175904585e-13,6.148800409e-14
133.78125,4.754252347e-13,7.396860429e-14,8.422467934e-13,1.030120846e-13,2.478521972e-13,2.897560633e-13,2.536269536e-13,1.613973151e-13,3.371193122e-14,2.337097398e-13,2.226116197e-13,1.05234333e-13,3.250262086e-13,4.520281382e-13,6.457667462e-13,7.388142973e-13,4.618763692e-13,3.563162505e-13,9.743736438e-14,3.585644117e-13,4.675532124e-14,3.226472467e-14,4.412974309e-14,2.399642574e-13,1.434337961e-13,1.176680512e-13,1.969840018e-13,2.269548724e-13,1.229608115e-12,5.432228922e-14,6.17707782e-13,6.120463963e-14
133.7890625,4.746465898e-13,7.24031195e-14,8.446645794e-13,1.023049973e-13,2.468295226e-13,2.881527869e-13,2.530534485e-13,1.58344104e-13,3.304469102e-14,2.307909621e-13,2.229935109e-13,1.041733008e-13,3.204113052e-13,4.482778439e-13,6.442001453e-13,7.370276004e-13,4.599221599e-13,3.577525118e-13,9.548044145e-14,3.63827436e-13,4.596116704e-14,3.18389224e-14,4.324209456e-14,2.395567623e-13,1.431163378e-13,1.183099715e-13,1.948750202e-13,2.255556919e-13,1.228514013e-12,5.53090582e-14,6.17305754e-13,6.090431793e-14
133.796875,4.740231963e-13,7.102193235e-14,8.462662831e-13,1.019198125e-13,2.459335571e-13,2.864649227e-13,2.523753645e-13,1.553385784e-13,3.230727613e-14,2.278831379e-13,2.231846686e-13,1.030306884e-13,3.157194379e-13,4.445269425e-13,6.422444384e-13,7.347230721e-13,4.579554979e-13,3.590951648e-13,9.358951106e-14,3.683724863e-13,4.518328685e-14,3.136128487e-14,4.236078225e-14,2.390429863e-13,1.426994673e-13,1.187158988e-13,1.925434966e-13,2.243366517e-13,1.22663527e-12,5.62593981e-14,6.164022688e-13,6.048480755e-14
133.8046875,4.734172548e-13,6.987018369e-14,8.476826601e-13,1.015958689e-13,2.450713643e-13,2.84669901e-13,2.515750884e-13,1.523922734e-13,3.158253223e-14,2.250075884e-13,2.234224636e-13,1.019164418e-13,3.111368671e-13,4.408076241e-13,6.401173657e-13,7.322074795e-13,4.559157737e-13,3.605455727e-13,9.17673238e-14,3.724726279e-13,4.447999041e-14,3.088705111e-14,4.150480043e-14,2.384472472e-13,1.422379936e-13,1.190747775e-13,1.902523541e-13,2.23323785e-13,1.224156707e-12,5.728211002e-14,6.152775659e-13,6.003381842e-14
133.8125,4.724544357e-13,6.863420017e-14,8.490580774e-13,1.012592947e-13,2.440666326e-13,2.829328588e-13,2.506636207e-13,1.495091067e-13,3.089411125e-14,2.2224624e-13,2.237822831e-13,1.008154018e-13,3.064884479e-13,4.368956505e-13,6.379099127e-13,7.29575896e-13,4.537249905e-13,3.619437864e-13,8.98905068e-14,3.764916998e-13,4.380174717e-14,3.041828285e-14,4.063438173e-14,2.379075192e-13,1.417099562e-13,1.193723514e-13,1.87889264e-13,2.223509662e-13,1.221314019e-12,5.835350071e-14,6.139023956e-13,5.960970117e-14
133.8203125,4.713047934e-13,6.725136255e-14,8.498845439e-13,1.011486406e-13,2.430678983e-13,2.812163033e-13,2.496265773e-13,1.465917455e-13,3.019991562e-14,2.194928346e-13,2.240208538e-13,9.964925676e-14,3.016881612e-13,4.328148912e-13,6.35390298e-13,7.265505555e-13,4.514354724e-13,3.631162932e-13,8.796943704e-14,3.805380738e-13,4.310433386e-14,2.993197759e-14,3.976871798e-14,2.373473274e-13,1.410859239e-13,1.195996608e-13,1.854293445e-13,2.213580155e-13,1.218110198e-12,5.940616503e-14,6.121523902e-13,5.916510274e-14
133.828125,4.702431942e-13,6.599073766e-14,8.5025521e-13,1.011795438e-13,2.421252544e-13,2.79479023e-13,2.484665977e-13,1.436505844e-13,2.949537739e-14,2.166376242e-13,2.241303626e-13,9.843479885e-14,2.969671028e-13,4.28827751e-13,6.325579744e-13,7.231865003e-13,4.492620137e-13,3.643254911e-13,8.610551598e-14,3.844750629e-13,4.244408356e-14,2.944191617e-14,3.894500768e-14,2.367148337e-13,1.404049127e-13,1.197613075e-13,1.830384506e-13,2.204669964e-13,1.214445279e-12,6.048970038e-14,6.10078689e-13,5.865810803e-14
133.8359375,4.69171265e-13,6.486600236e-14,8.503711549e-13,1.011541065e-13,2.411532634e-13,2.777238127e-13,2.471955878e-13,1.408358908e-13,2.881444421e-14,2.138046965e-13,2.241689036e-13,9.721386742e-14,2.922558651e-13,4.248150421e-13,6.294387634e-13,7.196900517e-13,4.473008087e-13,3.656139349e-13,8.430394376e-14,3.881085996e-13,4.183743515e-14,2.894422042e-14,3.811404064e-14,2.361330968e-13,1.396793783e-13,1.198142545e-13,1.806112604e-13,2.198142842e-13,1.21020471e-12,6.158265196e-14,6.076073416e-13,5.811682985e-14
133.84375,4.683040581e-13,6.384719981e-14,8.500577614e-13,1.011268107e-13,2.404027839e-13,2.759199954e-13,2.457574197e-13,1.381262098e-13,2.819516508e-14,2.111420939e-13,2.23990231e-13,9.604187312e-14,2.874805789e-13,4.208189e-13,6.259744763e-13,7.160299106e-13,4.454714138e-13,3.668594912e-13,8.258780158e-14,3.916182839e-13,4.124630712e-14,2.846380952e-14,3.72552024e-14,2.355753962e-13,1.388847327e-13,1.198370195e-13,1.781336933e-13,2.193687298e-13,1.205647583e-12,6.264815748e-14,6.048624228e-13,5.758808932e-14
133.8515625,4.679055374e-13,6.306112105e-14,8.494786713e-13,1.011478993e-13,2.399185102e-13,2.742037799e-13,2.44129407e-13,1.353754428e-13,2.760954816e-14,2.085950697e-13,2.237394371e-13,9.494166456e-14,2.828368769e-13,4.17119223e-13,6.22234125e-13,7.119691482e-13,4.436144597e-13,3.681416019e-13,8.096927611e-14,3.951549757e-13,4.070332873e-14,2.803993731e-14,3.643813534e-14,2.349613064e-13,1.379838549e-13,1.198172701e-13,1.757692312e-13,2.190782135e-13,1.200955009e-12,6.378272535e-14,6.020301871e-13,5.705007614e-14
133.859375,4.674482199e-13,6.233746821e-14,8.485726748e-13,1.012196119e-13,2.392218265e-13,2.724633986e-13,2.423775068e-13,1.326126978e-13,2.698454793e-14,2.060085083e-13,2.23587028e-13,9.378084709e-14,2.78155074e-13,4.13202376e-13,6.181546354e-13,7.073286464e-13,4.415245415e-13,3.692223429e-13,7.930920262e-14,3.98428163e-13,4.021600714e-14,2.76060019e-14,3.568094536e-14,2.344007767e-13,1.369381271e-13,1.195838626e-13,1.733722104e-13,2.18837412e-13,1.195491409e-12,6.498162354e-14,5.987296906e-13,5.647267187e-14
133.8671875,4.664261838e-13,6.145426553e-14,8.468092126e-13,1.01355242e-13,2.382759991e-13,2.70171028e-13,2.405174e-13,1.29928555e-13,2.632118356e-14,2.033341758e-13,2.232630264e-13,9.248075589e-14,2.731644912e-13,4.085987705e-13,6.13660661e-13,7.023244441e-13,4.391322412e-13,3.699082361e-13,7.752101588e-14,4.012803149e-13,3.971878663e-14,2.709067899e-14,3.493577877e-14,2.3392797e-13,1.357977881e-13,1.192191285e-13,1.708508537e-13,2.183805857e-13,1.189068919e-12,6.613395169e-14,5.948108853e-13,5.589121068e-14
133.875,4.654691724e-13,6.061791359e-14,8.44554962e-13,1.0151486e-13,2.375727404e-13,2.676008156e-13,2.385514977e-13,1.272850061e-13,2.567699392e-14,2.006981604e-13,2.227486665e-13,9.120622038e-14,2.681563609e-13,4.041055253e-13,6.089487161e-13,6.972432647e-13,4.36747035e-13,3.706495493e-13,7.576798918e-14,4.037103355e-13,3.924409908e-14,2.657275324e-14,3.419566335e-14,2.333919114e-13,1.346519362e-13,1.188725073e-13,1.683968384e-13,2.178880373e-13,1.182472617e-12,6.727233739e-14,5.908325455e-13,5.529658452e-14
133.8828125,4.652480905e-13,5.998657864e-14,8.424928385e-13,1.017670242e-13,2.370651907e-13,2.656999317e-13,2.365251636e-13,1.246534569e-13,2.508952328e-14,1.982349359e-13,2.223181087e-13,9.007028916e-14,2.63416716e-13,4.00233013e-13,6.040471001e-13,6.919662678e-13,4.347370134e-13,3.715492738e-13,7.423126141e-14,4.056470255e-13,3.883907908e-14,2.614814169e-14,3.347799611e-14,2.327261682e-13,1.334711886e-13,1.183949271e-13,1.659393598e-13,2.178865949e-13,1.175620666e-12,6.844334855e-14,5.868936537e-13,5.463639094e-14
133.890625,4.650657848e-13,5.940808411e-14,8.400546902e-13,1.021947491e-13,2.363179374e-13,2.641739175e-13,2.343453361e-13,1.220828605e-13,2.455453684e-14,1.958691349e-13,2.218104993e-13,8.895616326e-14,2.587428365e-13,3.961964384e-13,5.988343464e-13,6.864501349e-13,4.329209581e-13,3.721530061e-13,7.282235921e-14,4.074681048e-13,3.8423652e-14,2.576011398e-14,3.277701939e-14,2.319920346e-13,1.32168271e-13,1.177541036e-13,1.633315505e-13,2.181562424e-13,1.167753308e-12,6.958620885e-14,5.825053853e-13,5.39601481e-14
133.8984375,4.641510465e-13,5.885833047e-14,8.365813803e-13,1.026673215e-13,2.35419235e-13,2.619877965e-13,2.318865203e-13,1.195932883e-13,2.399665643e-14,1.934226896e-13,2.210709687e-13,8.774960944e-14,2.539202192e-13,3.915641715e-13,5.934591421e-13,6.809324035e-13,4.308717509e-13,3.725850928e-13,7.133475428e-14,4.095461174e-13,3.800444485e-14,2.529500319e-14,3.20806352e-14,2.312035709e-13,1.307347323e-13,1.17143006e-13,1.607145431e-13,2.181819112e-13,1.159024678e-12,7.070242601e-14,5.775163132e-13,5.332532748e-14
133.90625,4.630227511e-13,5.844354239e-14,8.323747699e-13,1.031121498e-13,2.346108914e-13,2.592802539e-13,2.292613054e-13,1.171782513e-13,2.336658897e-14,1.909344486e-13,2.203030785e-13,8.643586608e-14,2.489489589e-13,3.867003928e-13,5.877904012e-13,6.751323475e-13,4.285007353e-13,3.731368806e-13,6.975349095e-14,4.113539077e-13,3.767740268e-14,2.475176178e-14,3.138452733e-14,2.303008832e-13,1.292046896e-13,1.164880021e-13,1.58083554e-13,2.182053055e-13,1.149755455e-12,7.182600531e-14,5.719291994e-13,5.267201233e-14
133.9140625,4.621964999e-13,5.815217959e-14,8.275784058e-13,1.035967009e-13,2.336930116e-13,2.566142931e-13,2.265663531e-13,1.148488507e-13,2.274997885e-14,1.885986864e-13,2.194441144e-13,8.504760227e-14,2.43857896e-13,3.816789408e-13,5.813283036e-13,6.684411277e-13,4.257930315e-13,3.734476304e-13,6.819371146e-14,4.123594537e-13,3.736753282e-14,2.42172346e-14,3.070231277e-14,2.293280256e-13,1.275789936e-13,1.156272939e-13,1.553096781e-13,2.184828301e-13,1.13996375e-12,7.291119605e-14,5.656849986e-13,5.19719977e-14
133.921875,4.614152488e-13,5.794099243e-14,8.221299381e-13,1.04086364e-13,2.325950957e-13,2.539479875e-13,2.236772e-13,1.126028588e-13,2.221465407e-14,1.86392063e-13,2.183391308e-13,8.370592728e-14,2.387512047e-13,3.765760151e-13,5.742886519e-13,6.611131893e-13,4.2285401e-13,3.733736894e-13,6.671879918e-14,4.12867446e-13,3.699366602e-14,2.373343834e-14,3.004078191e-14,2.284487131e-13,1.258476513e-13,1.146808413e-13,1.525238072e-13,2.187772926e-13,1.129992882e-12,7.394249877e-14,5.591445748e-13,5.127876509e-14
133.9296875,4.60487126e-13,5.776644405e-14,8.164339935e-13,1.046049397e-13,2.315948591e-13,2.513705839e-13,2.205855556e-13,1.104100362e-13,2.170487811e-14,1.841435269e-13,2.171956365e-13,8.249963055e-14,2.337995032e-13,3.717529296e-13,5.673772846e-13,6.539255276e-13,4.201500777e-13,3.733064054e-13,6.534056379e-14,4.132307227e-13,3.66516663e-14,2.327096749e-14,2.937225379e-14,2.276534103e-13,1.240461058e-13,1.137282025e-13,1.498231893e-13,2.190903691e-13,1.119735875e-12,7.498345003e-14,5.52713327e-13,5.058063985e-14
133.9375,4.594571884e-13,5.759936225e-14,8.106745638e-13,1.05238508e-13,2.307107856e-13,2.489634605e-13,2.174515723e-13,1.082409112e-13,2.118400811e-14,1.819015541e-13,2.160971416e-13,8.132621114e-14,2.289920421e-13,3.670827034e-13,5.605493517e-13,6.46900648e-13,4.177310942e-13,3.733011017e-13,6.398813225e-14,4.134920731e-13,3.636417348e-14,2.279681567e-14,2.869557426e-14,2.267997134e-13,1.222220892e-13,1.12688971e-13,1.471118939e-13,2.196058832e-13,1.10870902e-12,7.607528801e-14,5.461644759e-13,4.984567736e-14
133.9453125,4.585502104e-13,5.750773499e-14,8.046604867e-13,1.058726438e-13,2.297676633e-13,2.464350518e-13,2.142921472e-13,1.060876237e-13,2.067781497e-14,1.797831449e-13,2.148667554e-13,8.008834561e-14,2.241615479e-13,3.622388336e-13,5.533528734e-13,6.395487525e-13,4.15162054e-13,3.731374441e-13,6.258121841e-14,4.137208218e-13,3.606007465e-14,2.231335656e-14,2.804731906e-14,2.259359963e-13,1.20348469e-13,1.11586907e-13,1.443469266e-13,2.203026446e-13,1.097175915e-12,7.718680967e-14,5.391611108e-13,4.91239073e-14
133.953125,4.577559487e-13,5.748615732e-14,7.983039467e-13,1.064408743e-13,2.287206915e-13,2.438478717e-13,2.110421079e-13,1.039657693e-13,2.019873861e-14,1.776976564e-13,2.134620943e-13,7.884916998e-14,2.192730888e-13,3.573379361e-13,5.458046945e-13,6.317597563e-13,4.124361592e-13,3.727761431e-13,6.119534827e-14,4.137846038e-13,3.577616729e-14,2.184063641e-14,2.742385139e-14,2.250958826e-13,1.183714209e-13,1.104346515e-13,1.415234397e-13,2.211296207e-13,1.085281693e-12,7.82570803e-14,5.318436555e-13,4.843198266e-14
133.9609375,4.563672387e-13,5.745392498e-14,7.913640737e-13,1.0711676e-13,2.275439026e-13,2.41385217e-13,2.077251873e-13,1.019082242e-13,1.975383571e-14,1.756233151e-13,2.119135128e-13,7.764979877e-14,2.14445832e-13,3.524726176e-13,5.381078042e-13,6.237510088e-13,4.097052457e-13,3.722393188e-13,5.990360604e-14,4.134419864e-13,3.554850996e-14,2.138496569e-14,2.681642941e-14,2.241236262e-13,1.163201137e-13,1.091687701e-13,1.386915896e-13,2.219746389e-13,1.072705587e-12,7.928728904e-14,5.244183328e-13,4.771769376e-14
133.96875,4.545792005e-13,5.750962667e-14,7.838174147e-13,1.079548294e-13,2.263827459e-13,2.388064449e-13,2.043289715e-13,9.992855949e-14,1.933482715e-14,1.736901997e-13,2.102791131e-13,7.645216854e-14,2.097190512e-13,3.475608631e-13,5.302946719e-13,6.157191807e-13,4.06923101e-13,3.716421113e-13,5.864248846e-14,4.128933693e-13,3.533621717e-14,2.093088562e-14,2.626075271e-14,2.23059004e-13,1.142392565e-13,1.078883277e-13,1.359452526e-13,2.227787594e-13,1.059753752e-12,8.033294477e-14,5.168084603e-13,4.700559477e-14
133.9765625,4.537028306e-13,5.773799524e-14,7.761456964e-13,1.087772267e-13,2.25471951e-13,2.360615473e-13,2.00785274e-13,9.798499401e-14,1.890656972e-14,1.718161005e-13,2.086696973e-13,7.525243414e-14,2.049913944e-13,3.426514567e-13,5.223010644e-13,6.076716631e-13,4.04307152e-13,3.711037897e-13,5.7393615e-14,4.123887837e-13,3.513626245e-14,2.046152596e-14,2.576001415e-14,2.220720006e-13,1.120985448e-13,1.067104275e-13,1.332037973e-13,2.237103076e-13,1.046550559e-12,8.13872311e-14,5.088965503e-13,4.63609263e-14
133.984375,4.534865719e-13,5.801066029e-14,7.68331771e-13,1.094647869e-13,2.246768768e-13,2.333558044e-13,1.971490908e-13,9.605184724e-14,1.847390032e-14,1.699242029e-13,2.070138399e-13,7.40568092e-14,2.002321032e-13,3.377937878e-13,5.140721032e-13,5.994883338e-13,4.019860152e-13,3.705240689e-13,5.619221173e-14,4.116803659e-13,3.495790791e-14,1.99872269e-14,2.528247105e-14,2.21080473e-13,1.098911072e-13,1.05514633e-13,1.304282539e-13,2.248270895e-13,1.032616761e-12,8.242390513e-14,5.007376799e-13,4.57333708e-14
133.9921875,4.527391464e-13,5.830664286e-14,7.600212526e-13,1.101593501e-13,2.23791798e-13,2.307105033e-13,1.93545907e-13,9.418666352e-14,1.806859229e-14,1.682764899e-13,2.052098869e-13,7.287163367e-14,1.955843636e-13,3.330368852e-13,5.056999018e-13,5.912224611e-13,3.997098951e-13,3.698617431e-13,5.503320056e-14,4.105387851e-13,3.479360145e-14,1.953692556e-14,2.482997036e-14,2.200102477e-13,1.07678213e-13,1.041590834e-13,1.277980534e-13,2.261644583e-13,1.018224679e-12,8.35031786e-14,4.92526498e-13,4.503839013e-14
134,4.516980009e-13,5.871187428e-14,7.513618958e-13,1.111142178e-13,2.228746237e-13,2.28078346e-13,1.899381641e-13,9.24165942e-14,1.767737108e-14,1.668858461e-13,2.033369097e-13,7.172483437e-14,1.910882296e-13,3.283224783e-13,4.971915178e-13,5.828837343e-13,3.973515121e-13,3.691150755e-13,5.39196352e-14,4.091037705e-13,3.465172421e-14,1.910306343e-14,2.440593712e-14,2.189402987e-13,1.05455528e-13,1.026871221e-13,1.252802783e-13,2.277948142e-13,1.003599115e-12,8.464899456e-14,4.843531723e-13,4.431253026e-14
134.0078125,4.507010956e-13,5.915902351e-14,7.423657472e-13,1.122428156e-13,2.219631358e-13,2.253251941e-13,1.86194747e-13,9.067445266e-14,1.728234658e-14,1.653283579e-13,2.013710594e-13,7.060656602e-14,1.865816352e-13,3.233889937e-13,4.884003719e-13,5.742470355e-13,3.948177349e-13,3.681307709e-13,5.281877269e-14,4.07469866e-13,3.451958703e-14,1.865529046e-14,2.399253789e-14,2.178042442e-13,1.031542493e-13,1.01179237e-13,1.226415244e-13,2.293190293e-13,9.880804877e-13,8.576391296e-14,4.760821253e-13,4.362829656e-14
134.015625,4.496213133e-13,5.967754485e-14,7.32966909e-13,1.132140325e-13,2.211348643e-13,2.225153611e-13,1.823589753e-13,8.894586191e-14,1.690924112e-14,1.636165726e-13,1.99249336e-13,6.952549611e-14,1.820991599e-13,3.184623935e-13,4.79550644e-13,5.654098085e-13,3.920929871e-13,3.670322962e-13,5.172155101e-14,4.056049027e-13,3.440448136e-14,1.822450656e-14,2.358062044e-14,2.165662717e-13,1.007813671e-13,9.961961558e-14,1.199151736e-13,2.305340392e-13,9.719162949e-13,8.680302897e-14,4.677095814e-13,4.296467917e-14
134.0234375,4.489253729e-13,6.040300678e-14,7.235107708e-13,1.141496597e-13,2.204511841e-13,2.200304177e-13,1.785629153e-13,8.730516111e-14,1.656476753e-14,1.621520478e-13,1.971032967e-13,6.853540226e-14,1.778352002e-13,3.140292665e-13,4.70915188e-13,5.566653357e-13,3.895331671e-13,3.660379917e-13,5.073968193e-14,4.035094065e-13,3.434587262e-14,1.784525967e-14,2.316744265e-14,2.153864251e-13,9.839027104e-14,9.796096068e-14,1.172465976e-13,2.320314363e-13,9.559112745e-13,8.782739904e-14,4.59424586e-13,4.227329609e-14
134.03125,4.482711322e-13,6.118128323e-14,7.137591107e-13,1.153932317e-13,2.196499096e-13,2.175777472e-13,1.748006446e-13,8.576776897e-14,1.620575015e-14,1.608203642e-13,1.949724691e-13,6.759912012e-14,1.736748238e-13,3.097117255e-13,4.622580142e-13,5.479779533e-13,3.872354285e-13,3.649488813e-13,4.985620113e-14,4.011685101e-13,3.431275957e-14,1.745524858e-14,2.277815974e-14,2.142588849e-13,9.600699879e-14,9.625466978e-14,1.146299121e-13,2.338277373e-13,9.39547945e-13,8.884979904e-14,4.511744481e-13,4.156972095e-14
134.0390625,4.469336898e-13,6.188612706e-14,7.033736599e-13,1.167362855e-13,2.186318716e-13,2.146760928e-13,1.710494274e-13,8.429183049e-14,1.583094571e-14,1.593484657e-13,1.928155254e-13,6.668056993e-14,1.694835593e-13,3.051197221e-13,4.53620037e-13,5.394972084e-13,3.850584622e-13,3.637620594e-13,4.894845673e-14,3.986641608e-13,3.427662657e-14,1.702776587e-14,2.245144698e-14,2.130642152e-13,9.367669065e-14,9.462491254e-14,1.120620714e-13,2.352889694e-13,9.224318885e-13,8.983327523e-14,4.428883165e-13,4.089935294e-14
134.046875,4.459032417e-13,6.274741117e-14,6.931817008e-13,1.178960129e-13,2.176313954e-13,2.120493068e-13,1.673639017e-13,8.289411511e-14,1.551967129e-14,1.580008006e-13,1.907382905e-13,6.587663069e-14,1.654856331e-13,3.008761455e-13,4.4542475e-13,5.315152468e-13,3.832575012e-13,3.627584712e-13,4.814185334e-14,3.960556133e-13,3.428269501e-14,1.666111503e-14,2.2159515e-14,2.118676912e-13,9.141471954e-14,9.309002843e-14,1.095359008e-13,2.3673438e-13,9.054067027e-13,9.079221575e-14,4.348489148e-13,4.028321129e-14
134.0546875,4.455789247e-13,6.380982112e-14,6.834310598e-13,1.191267661e-13,2.16614491e-13,2.100715075e-13,1.637161636e-13,8.158966172e-14,1.529151468e-14,1.569650472e-13,1.886627415e-13,6.518549836e-14,1.617304248e-13,2.971648432e-13,4.374239218e-13,5.236949858e-13,3.817477101e-13,3.61715975e-13,4.752761542e-14,3.931982565e-13,3.430241895e-14,1.637157133e-14,2.186364658e-14,2.106935524e-13,8.915302742e-14,9.157601249e-14,1.070136206e-13,2.386942072e-13,8.887006506e-13,9.175704739e-14,4.271136854e-13,3.970444322e-14
134.0625,4.4455873e-13,6.485890908e-14,6.73097746e-13,1.206042354e-13,2.154957943e-13,2.07652941e-13,1.600360347e-13,8.030167579e-14,1.504051206e-14,1.559518982e-13,1.863757334e-13,6.44773566e-14,1.579457139e-13,2.932000975e-13,4.291860557e-13,5.157217271e-13,3.799726453e-13,3.604009946e-13,4.685581755e-14,3.902640012e-13,3.42678144e-14,1.60356274e-14,2.160297139e-14,2.094621673e-13,8.687567324e-14,9.007557721e-14,1.045846358e-13,2.406888325e-13,8.717541289e-13,9.271352762e-14,4.193194362e-13,3.912252094e-14
134.0703125,4.428945485e-13,6.595581075e-14,6.622226412e-13,1.22141302e-13,2.144370664e-13,2.046269148e-13,1.563707265e-13,7.899397992e-14,1.471579523e-14,1.548222995e-13,1.840217478e-13,6.377739917e-14,1.541387775e-13,2.88857275e-13,4.210037027e-13,5.079677567e-13,3.781404258e-13,3.591102673e-13,4.603552787e-14,3.876386146e-13,3.422788546e-14,1.562860143e-14,2.139401968e-14,2.082300234e-13,8.464563258e-14,8.859171974e-14,1.023317328e-13,2.424031398e-13,8.546315531e-13,9.360992539e-14,4.114090664e-13,3.852243001e-14
134.078125,4.417724683e-13,6.722641372e-14,6.516029963e-13,1.236401468e-13,2.134816474e-13,2.020388202e-13,1.527937793e-13,7.775238722e-14,1.441298522e-14,1.537358932e-13,1.817899831e-13,6.316661058e-14,1.505124419e-13,2.847764616e-13,4.131142458e-13,5.006333389e-13,3.767706151e-13,3.580038514e-13,4.529883541e-14,3.849480592e-13,3.424702625e-14,1.525896691e-14,2.119527323e-14,2.070148641e-13,8.247515872e-14,8.707880718e-14,1.001788978e-13,2.441050504e-13,8.37618664e-13,9.439955709e-14,4.036242739e-13,3.793191825e-14
134.0859375,4.409273904e-13,6.855669198e-14,6.410142933e-13,1.250556564e-13,2.126790768e-13,1.997603008e-13,1.492786658e-13,7.661752168e-14,1.419251919e-14,1.527618108e-13,1.795544837e-13,6.258944571e-14,1.470299814e-13,2.811373169e-13,4.053201614e-13,4.934920649e-13,3.756064351e-13,3.570478978e-13,4.469874067e-14,3.815945406e-13,3.431444416e-14,1.496266146e-14,2.103009672e-14,2.057177972e-13,8.034224025e-14,8.558671097e-14,9.808236439e-14,2.45764117e-13,8.206118477e-13,9.512001974e-14,3.95969805e-13,3.737499621e-14
134.09375,4.398977917e-13,6.992538191e-14,6.30343676e-13,1.264125228e-13,2.119824254e-13,1.972074997e-13,1.457656076e-13,7.55513899e-14,1.39952881e-14,1.518738129e-13,1.772749473e-13,6.204095596e-14,1.436166586e-13,2.776953226e-13,3.977059467e-13,4.865797761e-13,3.744701552e-13,3.56220711e-13,4.413183837e-14,3.779212342e-13,3.440801612e-14,1.468190752e-14,2.093415363e-14,2.044197411e-13,7.82389231e-14,8.420099502e-14,9.608628579e-14,2.474147146e-13,8.035648463e-13,9.586554514e-14,3.884186542e-13,3.685402631e-14
134.1015625,4.388334742e-13,7.139010259e-14,6.200612031e-13,1.279496649e-13,2.108909421e-13,1.948760105e-13,1.422647612e-13,7.456459567e-14,1.377048027e-14,1.510706663e-13,1.750478404e-13,6.157479394e-14,1.402941627e-13,2.742781383e-13,3.904447753e-13,4.80019077e-13,3.737578431e-13,3.551874434e-13,4.363176812e-14,3.744453778e-13,3.449537226e-14,1.438257589e-14,2.084099099e-14,2.032348703e-13,7.613508449e-14,8.283373848e-14,9.419316725e-14,2.493418325e-13,7.865095351e-13,9.665789314e-14,3.809965962e-13,3.636348372e-14
134.109375,4.375984832e-13,7.29027826e-14,6.098217392e-13,1.295984488e-13,2.094315724e-13,1.929143141e-13,1.388033114e-13,7.364116312e-14,1.353286628e-14,1.503758813e-13,1.72802678e-13,6.112304452e-14,1.369892847e-13,2.708450948e-13,3.83243747e-13,4.73548613e-13,3.734384469e-13,3.538323317e-13,4.319729223e-14,3.710176302e-13,3.457313207e-14,1.407398352e-14,2.071300702e-14,2.020259042e-13,7.400605768e-14,8.13936705e-14,9.23854184e-14,2.514539355e-13,7.693628801e-13,9.745913189e-14,3.734347379e-13,3.589545464e-14
134.1171875,4.364381531e-13,7.45208202e-14,5.990887244e-13,1.310820436e-13,2.083828227e-13,1.907199556e-13,1.353326485e-13,7.27236512e-14,1.331277652e-14,1.497854364e-13,1.704821581e-13,6.067130997e-14,1.336786277e-13,2.675700467e-13,3.75874358e-13,4.670039497e-13,3.731254343e-13,3.526173634e-13,4.275153367e-14,3.674920213e-13,3.470103655e-14,1.378304639e-14,2.062051182e-14,2.00667477e-13,7.185903346e-14,7.997709294e-14,9.063211232e-14,2.535269653e-13,7.521040732e-13,9.82277926e-14,3.656148769e-13,3.544213382e-14
134.125,4.356220707e-13,7.628762632e-14,5.882213574e-13,1.3266956e-13,2.077181935e-13,1.884655308e-13,1.318554514e-13,7.188554655e-14,1.312816459e-14,1.491818657e-13,1.681807975e-13,6.034994886e-14,1.305374125e-13,2.646603354e-13,3.686763393e-13,4.607887326e-13,3.729732054e-13,3.516634869e-13,4.235129199e-14,3.639256435e-13,3.487924085e-14,1.353640707e-14,2.058431796e-14,1.99239347e-13,6.972314339e-14,7.863438087e-14,8.889507826e-14,2.554794176e-13,7.348683164e-13,9.890589038e-14,3.580068554e-13,3.498848065e-14
134.1328125,4.346053443e-13,7.810945583e-14,5.775930612e-13,1.346090576e-13,2.068001908e-13,1.865899108e-13,1.284805603e-13,7.120100002e-14,1.296721061e-14,1.485093769e-13,1.659518651e-13,6.016088787e-14,1.276562944e-13,2.620465218e-13,3.619844664e-13,4.552562749e-13,3.732817724e-13,3.506820781e-13,4.205553743e-14,3.602532349e-13,3.504703297e-14,1.332124607e-14,2.055841959e-14,1.978545061e-13,6.765332969e-14,7.732097326e-14,8.72588618e-14,2.572652135e-13,7.178855386e-13,9.951409189e-14,3.508728966e-13,3.453745069e-14
134.140625,4.335282728e-13,8.012297323e-14,5.671507065e-13,1.365253574e-13,2.057827963e-13,1.847391613e-13,1.25187161e-13,7.055929663e-14,1.280361052e-14,1.478890717e-13,1.638032104e-13,6.000567987e-14,1.249247459e-13,2.595772378e-13,3.556530295e-13,4.501605815e-13,3.73871887e-13,3.496679678e-13,4.180088815e-14,3.566157745e-13,3.521664898e-14,1.310535178e-14,2.055675119e-14,1.965597448e-13,6.565919716e-14,7.61417501e-14,8.583815553e-14,2.590966245e-13,7.012510779e-13,1.001405967e-13,3.439103433e-13,3.414606962e-14
134.1484375,4.329860763e-13,8.244328415e-14,5.56895174e-13,1.382658622e-13,2.04970668e-13,1.827217855e-13,1.218957127e-13,6.988599705e-14,1.264183889e-14,1.473252121e-13,1.617323878e-13,5.991510728e-14,1.22283785e-13,2.572747608e-13,3.495123611e-13,4.4524333e-13,3.745805684e-13,3.486482562e-13,4.157123909e-14,3.531864194e-13,3.54164657e-14,1.289644657e-14,2.060275799e-14,1.95274104e-13,6.369679049e-14,7.515981575e-14,8.455299512e-14,2.610557958e-13,6.848120801e-13,1.007370558e-13,3.370394945e-13,3.382723868e-14
134.15625,4.323759113e-13,8.475340715e-14,5.468169815e-13,1.40094854e-13,2.040879072e-13,1.809504617e-13,1.187387859e-13,6.925259351e-14,1.249696141e-14,1.467383405e-13,1.596772714e-13,5.991319146e-14,1.197836443e-13,2.552306947e-13,3.436788375e-13,4.406566854e-13,3.756040948e-13,3.475635553e-13,4.140003328e-14,3.496356645e-13,3.561548498e-14,1.271389959e-14,2.066279929e-14,1.938506685e-13,6.178929072e-14,7.417530197e-14,8.328499128e-14,2.62869479e-13,6.685123407e-13,1.012222397e-13,3.304285024e-13,3.348377688e-14
134.1640625,4.314770919e-13,8.695319213e-14,5.368961848e-13,1.420540299e-13,2.030356223e-13,1.795435195e-13,1.157889568e-13,6.870220699e-14,1.236297286e-14,1.462131735e-13,1.576438102e-13,5.994271229e-14,1.174435967e-13,2.53469444e-13,3.382508421e-13,4.365717554e-13,3.771062321e-13,3.465715708e-13,4.128788342e-14,3.457765789e-13,3.581316932e-14,1.25511554e-14,2.07329686e-14,1.923478496e-13,5.998233867e-14,7.311906893e-14,8.209751057e-14,2.646711065e-13,6.525102804e-13,1.016722995e-13,3.240144922e-13,3.309508886e-14
134.171875,4.311243302e-13,8.937244772e-14,5.27178694e-13,1.441164204e-13,2.019728784e-13,1.782464161e-13,1.128551529e-13,6.824922908e-14,1.224393565e-14,1.457348439e-13,1.557283816e-13,6.005786486e-14,1.152552804e-13,2.519308479e-13,3.331959945e-13,4.329894891e-13,3.790040411e-13,3.457111483e-13,4.125678175e-14,3.4199145e-13,3.604734318e-14,1.241160702e-14,2.084495655e-14,1.909425621e-13,5.823542687e-14,7.218407112e-14,8.104387106e-14,2.666355595e-13,6.368705019e-13,1.021060425e-13,3.178350256e-13,3.277487374e-14
134.1796875,4.310493684e-13,9.202542864e-14,5.175762772e-13,1.462598946e-13,2.00879704e-13,1.769394784e-13,1.098826963e-13,6.790654097e-14,1.215373152e-14,1.451650538e-13,1.539355592e-13,6.031336973e-14,1.131850961e-13,2.505367304e-13,3.284462227e-13,4.298026234e-13,3.811160493e-13,3.448398611e-13,4.128608545e-14,3.384304898e-13,3.630872426e-14,1.230304667e-14,2.099122559e-14,1.89624353e-13,5.651320947e-14,7.139134214e-14,8.004514334e-14,2.683742435e-13,6.215250996e-13,1.024462728e-13,3.120329259e-13,3.252969652e-14
134.1875,4.305310739e-13,9.470321334e-14,5.081254765e-13,1.48315549e-13,1.997500207e-13,1.757028842e-13,1.070255559e-13,6.763393894e-14,1.208253105e-14,1.446152861e-13,1.522189901e-13,6.059362616e-14,1.111570163e-13,2.492805547e-13,3.239773934e-13,4.269862618e-13,3.834967879e-13,3.440356327e-13,4.130367202e-14,3.349647103e-13,3.655951567e-14,1.220483638e-14,2.115546179e-14,1.883175587e-13,5.484541698e-14,7.062076099e-14,7.912195526e-14,2.699583505e-13,6.064226786e-13,1.027737635e-13,3.064506729e-13,3.225645401e-14
134.1953125,4.299522285e-13,9.742646581e-14,4.989918989e-13,1.503706576e-13,1.986160222e-13,1.746505942e-13,1.043078072e-13,6.7420015e-14,1.201728324e-14,1.442072599e-13,1.505648004e-13,6.084788141e-14,1.091687201e-13,2.482008167e-13,3.198872962e-13,4.247629741e-13,3.864136107e-13,3.433549798e-13,4.134362861e-14,3.317140197e-13,3.680077975e-14,1.210935561e-14,2.134291254e-14,1.870043223e-13,5.325888524e-14,6.992767453e-14,7.838761249e-14,2.718306056e-13,5.915615106e-13,1.031532608e-13,3.010205655e-13,3.197017423e-14
134.203125,4.295574929e-13,1.002108174e-13,4.899280585e-13,1.525853583e-13,1.975242847e-13,1.736909755e-13,1.01672373e-13,6.7274041e-14,1.196619618e-14,1.437986226e-13,1.48885939e-13,6.118202382e-14,1.072915453e-13,2.473463827e-13,3.161522173e-13,4.230808723e-13,3.897096939e-13,3.426679618e-13,4.147043439e-14,3.28559866e-13,3.707179763e-14,1.20420032e-14,2.154398121e-14,1.85596547e-13,5.175968769e-14,6.938026433e-14,7.778160273e-14,2.736815852e-13,5.770090837e-13,1.034486026e-13,2.959031314e-13,3.174251703e-14
134.2109375,4.292405497e-13,1.030758347e-13,4.80794466e-13,1.547839312e-13,1.966399976e-13,1.726849679e-13,9.91212104e-14,6.716058781e-14,1.19379811e-14,1.433344514e-13,1.471698724e-13,6.163008486e-14,1.055584462e-13,2.467805311e-13,3.126364829e-13,4.216168645e-13,3.930426197e-13,3.419933139e-13,4.166615152e-14,3.251826815e-13,3.738649772e-14,1.201219842e-14,2.174218359e-14,1.840882282e-13,5.033050324e-14,6.893129595e-14,7.719555289e-14,2.752753497e-13,5.628797054e-13,1.036206904e-13,2.91046852e-13,3.155749815e-14
134.21875,4.291981424e-13,1.061252193e-13,4.721152531e-13,1.569759302e-13,1.958628427e-13,1.717949625e-13,9.663826423e-14,6.711062758e-14,1.192193354e-14,1.42927775e-13,1.456325054e-13,6.215152378e-14,1.039797179e-13,2.464437884e-13,3.095127656e-13,4.205986013e-13,3.96677188e-13,3.413825716e-13,4.192608883e-14,3.219263165e-13,3.770585189e-14,1.200190839e-14,2.194534696e-14,1.826385902e-13,4.895081241e-14,6.857722744e-14,7.673726828e-14,2.769394503e-13,5.493425627e-13,1.037691274e-13,2.864165453e-13,3.139649608e-14
134.2265625,4.290512014e-13,1.092480709e-13,4.640506342e-13,1.593114377e-13,1.948799012e-13,1.711115005e-13,9.423954121e-14,6.717174527e-14,1.189917583e-14,1.426150337e-13,1.443251781e-13,6.273534665e-14,1.02519943e-13,2.461710631e-13,3.069114292e-13,4.202753802e-13,4.007801024e-13,3.407969525e-13,4.222030783e-14,3.191327496e-13,3.800962362e-14,1.199865991e-14,2.217118365e-14,1.812580892e-13,4.765591935e-14,6.831583443e-14,7.651774583e-14,2.784964271e-13,5.365464068e-13,1.038836138e-13,2.821535936e-13,3.126678994e-14
134.234375,4.284279648e-13,1.124054674e-13,4.560944739e-13,1.615781348e-13,1.937915319e-13,1.704497597e-13,9.197880173e-14,6.72728216e-14,1.187757365e-14,1.423661966e-13,1.430193617e-13,6.336001176e-14,1.011212141e-13,2.460253129e-13,3.045998921e-13,4.20295471e-13,4.049456847e-13,3.403663004e-13,4.24863039e-14,3.163493147e-13,3.833187013e-14,1.201342149e-14,2.241687691e-14,1.798347183e-13,4.648412823e-14,6.8105549e-14,7.644892595e-14,2.797000807e-13,5.243867917e-13,1.039367892e-13,2.782437361e-13,3.114727857e-14
134.2421875,4.279444941e-13,1.157929675e-13,4.481635472e-13,1.637759948e-13,1.92846525e-13,1.698249863e-13,8.981702643e-14,6.739604518e-14,1.188734961e-14,1.420990579e-13,1.417150396e-13,6.402704021e-14,9.985002413e-14,2.462251343e-13,3.026047776e-13,4.206524709e-13,4.092354752e-13,3.401594489e-13,4.277185175e-14,3.133875813e-13,3.868716898e-14,1.206171852e-14,2.266914606e-14,1.784061299e-13,4.540560196e-14,6.798317926e-14,7.647559148e-14,2.809135804e-13,5.126701323e-13,1.039680867e-13,2.746309525e-13,3.104359278e-14
134.25,4.277979771e-13,1.193283394e-13,4.405382054e-13,1.662494266e-13,1.919782803e-13,1.693408954e-13,8.770675673e-14,6.762958471e-14,1.192459991e-14,1.417473956e-13,1.406086044e-13,6.47764212e-14,9.876125609e-14,2.467309103e-13,3.011425397e-13,4.216671299e-13,4.140333125e-13,3.39976894e-13,4.312407724e-14,3.106246806e-13,3.905332865e-14,1.213220354e-14,2.294216464e-14,1.769988399e-13,4.438364307e-14,6.799231208e-14,7.665242071e-14,2.821978355e-13,5.014238248e-13,1.039609266e-13,2.71266358e-13,3.097668046e-14
134.2578125,4.276148294e-13,1.22872009e-13,4.332804779e-13,1.689168042e-13,1.911326824e-13,1.689541933e-13,8.568958928e-14,6.795714815e-14,1.195953401e-14,1.414101635e-13,1.396811164e-13,6.561258938e-14,9.778389606e-14,2.474555683e-13,3.001283014e-13,4.232228393e-13,4.192738492e-13,3.398041546e-13,4.352881051e-14,3.079781577e-13,3.943051811e-14,1.220975954e-14,2.32444138e-14,1.755342586e-13,4.342213695e-14,6.810137856e-14,7.696896938e-14,2.833514361e-13,4.906221561e-13,1.039161282e-13,2.680552279e-13,3.091005031e-14
134.265625,4.276479922e-13,1.265787067e-13,4.265483977e-13,1.715232718e-13,1.903403023e-13,1.68766296e-13,8.378459517e-14,6.831143436e-14,1.199527976e-14,1.411578537e-13,1.388791031e-13,6.655000807e-14,9.695292205e-14,2.48575272e-13,2.99580228e-13,4.253042198e-13,4.250067481e-13,3.398201762e-13,4.406126025e-14,3.052452254e-13,3.983618486e-14,1.230924861e-14,2.35384548e-14,1.740485188e-13,4.253654232e-14,6.829954348e-14,7.741431545e-14,2.845626036e-13,4.80103791e-13,1.038909334e-13,2.651886687e-13,3.083057964e-14
134.2734375,4.280021906e-13,1.304599565e-13,4.204213968e-13,1.741344335e-13,1.895416502e-13,1.687866334e-13,8.196490466e-14,6.871150687e-14,1.204742098e-14,1.409099976e-13,1.382472758e-13,6.759974829e-14,9.63248465e-14,2.50104023e-13,2.995818152e-13,4.28033551e-13,4.31301905e-13,3.399946161e-13,4.472544893e-14,3.027614528e-13,4.026975088e-14,1.244220261e-14,2.382254876e-14,1.725925998e-13,4.173482429e-14,6.859605206e-14,7.804497111e-14,2.858457104e-13,4.700393335e-13,1.038599119e-13,2.628038005e-13,3.07913677e-14
134.28125,4.282857669e-13,1.344223378e-13,4.146026e-13,1.767734521e-13,1.887504961e-13,1.687947225e-13,8.022592901e-14,6.916290881e-14,1.211594518e-14,1.406492678e-13,1.377383761e-13,6.86849019e-14,9.576118397e-14,2.517402967e-13,2.998889279e-13,4.311755096e-13,4.377371034e-13,3.402679656e-13,4.537314889e-14,3.006369826e-13,4.072112566e-14,1.260220164e-14,2.414363443e-14,1.710893364e-13,4.100804445e-14,6.896889072e-14,7.88444567e-14,2.869735611e-13,4.607382551e-13,1.037701936e-13,2.60604905e-13,3.079083495e-14
134.2890625,4.284712567e-13,1.385138119e-13,4.090190636e-13,1.794275279e-13,1.879392526e-13,1.688907141e-13,7.857689061e-14,6.964304153e-14,1.221045713e-14,1.404039056e-13,1.373509577e-13,6.978083463e-14,9.520314443e-14,2.53394063e-13,3.004499284e-13,4.347006455e-13,4.442109717e-13,3.40685351e-13,4.599821453e-14,2.985046186e-13,4.118422222e-14,1.279112814e-14,2.447903212e-14,1.695596557e-13,4.034267427e-14,6.941101366e-14,7.97640834e-14,2.879879217e-13,4.52091637e-13,1.036317343e-13,2.585663542e-13,3.077203904e-14
134.296875,4.285868256e-13,1.427225206e-13,4.038149299e-13,1.822301108e-13,1.870083948e-13,1.692429608e-13,7.704006427e-14,7.01902929e-14,1.232611142e-14,1.401726243e-13,1.371408624e-13,7.095756327e-14,9.474867846e-14,2.552486063e-13,3.015173525e-13,4.388161336e-13,4.510182308e-13,3.412100765e-13,4.667480841e-14,2.963724203e-13,4.16611665e-14,1.30048388e-14,2.478247038e-14,1.681011189e-13,3.975041763e-14,6.995129892e-14,8.082429563e-14,2.889174216e-13,4.439409499e-13,1.034464586e-13,2.569114219e-13,3.075257947e-14
134.3046875,4.286251192e-13,1.471416348e-13,3.989371216e-13,1.850973837e-13,1.861479124e-13,1.696410158e-13,7.563204665e-14,7.084305297e-14,1.243012399e-14,1.400145709e-13,1.370374531e-13,7.218727901e-14,9.439203776e-14,2.573930874e-13,3.031460907e-13,4.434917798e-13,4.581280244e-13,3.418539441e-13,4.736067009e-14,2.946391235e-13,4.216074798e-14,1.323122521e-14,2.510023067e-14,1.66637302e-13,3.925797243e-14,7.062699846e-14,8.200659577e-14,2.897319364e-13,4.364680539e-13,1.032211755e-13,2.554607492e-13,3.079700359e-14
134.3125,4.287898378e-13,1.518070352e-13,3.944984187e-13,1.87858097e-13,1.854979936e-13,1.70063241e-13,7.432548725e-14,7.156704418e-14,1.252793838e-14,1.399095357e-13,1.370666641e-13,7.343234516e-14,9.412865758e-14,2.59795234e-13,3.052922817e-13,4.487099433e-13,4.655431467e-13,3.426311593e-13,4.808178402e-14,2.93239221e-13,4.268114706e-14,1.347597071e-14,2.547921806e-14,1.65096239e-13,3.887513904e-14,7.141961294e-14,8.326323098e-14,2.905320137e-13,4.296430207e-13,1.029762615e-13,2.541938139e-13,3.089107373e-14
134.3203125,4.289532095e-13,1.563512758e-13,3.906175019e-13,1.906604959e-13,1.847702388e-13,1.707434367e-13,7.310409888e-14,7.230751547e-14,1.265179247e-14,1.397341763e-13,1.373168244e-13,7.478403171e-14,9.401896311e-14,2.624249311e-13,3.078755147e-13,4.543779296e-13,4.733748695e-13,3.434105288e-13,4.89127167e-14,2.916575319e-13,4.320780024e-14,1.374316018e-14,2.588338317e-14,1.636040148e-13,3.859012575e-14,7.223310611e-14,8.462148916e-14,2.912552846e-13,4.231428653e-13,1.026748168e-13,2.534409467e-13,3.096965097e-14
134.328125,4.29107048e-13,1.608092128e-13,3.870132768e-13,1.936117025e-13,1.839062891e-13,1.716276418e-13,7.198281238e-14,7.307693013e-14,1.279581984e-14,1.395255389e-13,1.376600498e-13,7.624819423e-14,9.401012348e-14,2.653165664e-13,3.10806738e-13,4.60456955e-13,4.815628534e-13,3.443251436e-13,4.979604939e-14,2.899170276e-13,4.373990992e-14,1.403029035e-14,2.627420065e-14,1.622284077e-13,3.839791655e-14,7.305849588e-14,8.609726859e-14,2.918295097e-13,4.171136067e-13,1.023080704e-13,2.531161973e-13,3.103100359e-14
134.3359375,4.295987753e-13,1.655821834e-13,3.83683736e-13,1.965290189e-13,1.832409759e-13,1.725780405e-13,7.095553312e-14,7.395248739e-14,1.29572537e-14,1.393744904e-13,1.380939293e-13,7.773366475e-14,9.406544398e-14,2.685284644e-13,3.142455939e-13,4.673321309e-13,4.902139191e-13,3.456489477e-13,5.068506116e-14,2.885606783e-13,4.430019773e-14,1.435310009e-14,2.665830548e-14,1.608684606e-13,3.830910145e-14,7.402042632e-14,8.767106915e-14,2.923431114e-13,4.119405134e-13,1.019497929e-13,2.530357387e-13,3.112435834e-14
134.34375,4.300334129e-13,1.703674051e-13,3.809580456e-13,1.993741824e-13,1.827721008e-13,1.735803269e-13,7.002925766e-14,7.495617995e-14,1.315914497e-14,1.392547565e-13,1.388147593e-13,7.929122445e-14,9.424765334e-14,2.719584882e-13,3.18193518e-13,4.748723707e-13,4.99202375e-13,3.471195366e-13,5.159760948e-14,2.875325084e-13,4.49103602e-14,1.472089953e-14,2.705843687e-14,1.594850832e-13,3.830855193e-14,7.513725827e-14,8.937025312e-14,2.927218476e-13,4.073962361e-13,1.016075359e-13,2.533811361e-13,3.126257377e-14
134.3515625,4.299882874e-13,1.750060348e-13,3.786459239e-13,2.023486562e-13,1.821940211e-13,1.745799973e-13,6.922950662e-14,7.602132615e-14,1.337775719e-14,1.392074327e-13,1.397211096e-13,8.09768732e-14,9.452733771e-14,2.754185151e-13,3.223795092e-13,4.824467456e-13,5.080060456e-13,3.483531077e-13,5.25160372e-14,2.863916547e-13,4.556649369e-14,1.510839465e-14,2.747805961e-14,1.581099555e-13,3.836500908e-14,7.630785263e-14,9.120585174e-14,2.929943353e-13,4.031260639e-13,1.012075629e-13,2.541073577e-13,3.143068256e-14
134.359375,4.299509977e-13,1.800967513e-13,3.763921607e-13,2.05531211e-13,1.814060184e-13,1.756150693e-13,6.852295068e-14,7.711517891e-14,1.356552277e-14,1.392524284e-13,1.406211538e-13,8.269329235e-14,9.483917422e-14,2.788571795e-13,3.26898936e-13,4.903020322e-13,5.167208723e-13,3.494462933e-13,5.344404517e-14,2.853461716e-13,4.624239553e-14,1.548324633e-14,2.789622352e-14,1.566894549e-13,3.848689673e-14,7.754661745e-14,9.312736738e-14,2.93357888e-13,3.99355997e-13,1.007233046e-13,2.549440325e-13,3.164030747e-14
134.3671875,4.299610387e-13,1.854932311e-13,3.743199105e-13,2.088002893e-13,1.805471244e-13,1.767554684e-13,6.786880308e-14,7.82662765e-14,1.37476406e-14,1.392343497e-13,1.415970439e-13,8.441231207e-14,9.520300647e-14,2.822844119e-13,3.3187837e-13,4.987805812e-13,5.257008133e-13,3.505257531e-13,5.438694863e-14,2.847385448e-13,4.691781897e-14,1.585351058e-14,2.831968982e-14,1.552009924e-13,3.86837382e-14,7.890459902e-14,9.508208113e-14,2.935501531e-13,3.962794764e-13,1.001660844e-13,2.559326659e-13,3.190327621e-14
134.375,4.29672862e-13,1.90491495e-13,3.726062662e-13,2.119929258e-13,1.79905333e-13,1.779071579e-13,6.729557389e-14,7.948210342e-14,1.398461102e-14,1.391428143e-13,1.427072432e-13,8.620337277e-14,9.563586909e-14,2.857886379e-13,3.370410193e-13,5.073938857e-13,5.347176032e-13,3.516032203e-13,5.53176021e-14,2.843416639e-13,4.760601912e-14,1.626991898e-14,2.877416351e-14,1.537636588e-13,3.892999851e-14,8.027785772e-14,9.706938046e-14,2.932864905e-13,3.936735242e-13,9.955549898e-14,2.572314439e-13,3.21881965e-14
134.3828125,4.295261784e-13,1.953002277e-13,3.712994843e-13,2.151051259e-13,1.796285435e-13,1.791039965e-13,6.682195243e-14,8.075601178e-14,1.427428235e-14,1.391494476e-13,1.439729153e-13,8.805103824e-14,9.616310178e-14,2.896131397e-13,3.424164319e-13,5.161738464e-13,5.438161071e-13,3.52890991e-13,5.62816441e-14,2.839449487e-13,4.834385918e-14,1.675468818e-14,2.923332438e-14,1.52425204e-13,3.923287186e-14,8.158813054e-14,9.92028873e-14,2.929687838e-13,3.914328374e-13,9.895916521e-14,2.588505175e-13,3.246598837e-14
134.390625,4.297645763e-13,2.003811335e-13,3.704953556e-13,2.18372398e-13,1.794453909e-13,1.805545294e-13,6.641952299e-14,8.209633733e-14,1.456556459e-14,1.392454409e-13,1.45514738e-13,8.993745926e-14,9.683443508e-14,2.937899669e-13,3.483565427e-13,5.25714686e-13,5.533940763e-13,3.545007229e-13,5.732491327e-14,2.836542949e-13,4.913519006e-14,1.726546834e-14,2.966042805e-14,1.510901566e-13,3.963170705e-14,8.295987044e-14,1.015681933e-13,2.92923808e-13,3.897020245e-13,9.841431329e-14,2.607334117e-13,3.275944544e-14
134.3984375,4.300090747e-13,2.0562999e-13,3.700861568e-13,2.218674975e-13,1.790949499e-13,1.822160713e-13,6.607835433e-14,8.349150424e-14,1.483395391e-14,1.393435978e-13,1.472398616e-13,9.188684212e-14,9.760027467e-14,2.980067005e-13,3.547805654e-13,5.358389328e-13,5.631933513e-13,3.562223707e-13,5.838005389e-14,2.835415407e-13,4.992962243e-14,1.776534859e-14,3.007100122e-14,1.497544995e-13,4.012445265e-14,8.449946871e-14,1.04004611e-13,2.928343781e-13,3.886659876e-13,9.783357444e-14,2.627838996e-13,3.309133353e-14
134.40625,4.301181327e-13,2.108464263e-13,3.698492158e-13,2.253174463e-13,1.786310996e-13,1.838169835e-13,6.581161366e-14,8.491553021e-14,1.509918863e-14,1.39498041e-13,1.489444435e-13,9.384716956e-14,9.834586237e-14,3.02068283e-13,3.613671423e-13,5.460239781e-13,5.727350284e-13,3.578437823e-13,5.938975971e-14,2.835811053e-13,5.069781605e-14,1.825847154e-14,3.048356078e-14,1.48474774e-13,4.068109778e-14,8.611784992e-14,1.063524465e-13,2.924193952e-13,3.884225345e-13,9.713929827e-14,2.649691864e-13,3.34387569e-14
134.4140625,4.299584119e-13,2.159756584e-13,3.698609903e-13,2.286711882e-13,1.781064338e-13,1.852785739e-13,6.563900287e-14,8.63672989e-14,1.538440991e-14,1.397296793e-13,1.50706877e-13,9.579606083e-14,9.9073994e-14,3.060685833e-13,3.680881081e-13,5.562397941e-13,5.820420393e-13,3.593289479e-13,6.03890113e-14,2.837581947e-13,5.147957392e-14,1.875668476e-14,3.089534263e-14,1.471771233e-13,4.128547041e-14,8.772414922e-14,1.08728452e-13,2.918504822e-13,3.887855737e-13,9.639661173e-14,2.673797593e-13,3.378807392e-14
134.421875,4.2946942e-13,2.211732922e-13,3.702820417e-13,2.321347516e-13,1.775701898e-13,1.867651762e-13,6.557614232e-14,8.786042897e-14,1.56892729e-14,1.399885508e-13,1.526268048e-13,9.779912575e-14,9.989315526e-14,3.10117689e-13,3.751135755e-13,5.66725699e-13,5.913183194e-13,3.607421021e-13,6.142185645e-14,2.841555901e-13,5.229896171e-14,1.926982492e-14,3.131835255e-14,1.458318935e-13,4.193305521e-14,8.936403707e-14,1.112505231e-13,2.913266025e-13,3.895314345e-13,9.5666825e-14,2.700636217e-13,3.415796599e-14
134.4296875,4.288945712e-13,2.265223862e-13,3.710475565e-13,2.356410007e-13,1.771094831e-13,1.883501305e-13,6.559021592e-14,8.941196338e-14,1.599998612e-14,1.402726268e-13,1.545902176e-13,9.983813956e-14,1.008101581e-13,3.141902627e-13,3.824723337e-13,5.77609509e-13,6.006455869e-13,3.621070107e-13,6.245317533e-14,2.848162532e-13,5.311472865e-14,1.97884067e-14,3.177254055e-14,1.445450535e-13,4.262745852e-14,9.107490537e-14,1.138700994e-13,2.906868655e-13,3.90702571e-13,9.490783627e-14,2.729670932e-13,3.455289101e-14
134.4375,4.281872012e-13,2.317139291e-13,3.721381866e-13,2.391432407e-13,1.766342531e-13,1.899770446e-13,6.563746724e-14,9.104330991e-14,1.630603532e-14,1.405816977e-13,1.565881767e-13,1.018795044e-13,1.017376701e-13,3.182577321e-13,3.900185277e-13,5.88748355e-13,6.099796864e-13,3.634884958e-13,6.342369898e-14,2.855845103e-13,5.391837533e-14,2.029652579e-14,3.224283362e-14,1.433029792e-13,4.337681621e-14,9.282717811e-14,1.165574096e-13,2.898017073e-13,3.923068893e-13,9.412670347e-14,2.76061727e-13,3.497540439e-14
134.4453125,4.275385385e-13,2.36796147e-13,3.736737026e-13,2.427865466e-13,1.761922228e-13,1.917195028e-13,6.573708551e-14,9.273914782e-14,1.662084137e-14,1.409497253e-13,1.587492786e-13,1.039943854e-13,1.027233007e-13,3.224877572e-13,3.977551014e-13,6.000406821e-13,6.193442105e-13,3.651408027e-13,6.44099146e-14,2.864051677e-13,5.476763244e-14,2.083389468e-14,3.267562362e-14,1.420267342e-13,4.419666289e-14,9.461163181e-14,1.192714574e-13,2.889665874e-13,3.94337051e-13,9.336344893e-14,2.794051694e-13,3.54333682e-14
134.453125,4.274347242e-13,2.421635887e-13,3.755778372e-13,2.463714592e-13,1.760645987e-13,1.936065076e-13,6.591305381e-14,9.444679372e-14,1.697757592e-14,1.414316708e-13,1.610570047e-13,1.061740108e-13,1.038406245e-13,3.270253122e-13,4.057948216e-13,6.115814531e-13,6.288218594e-13,3.670982916e-13,6.550287531e-14,2.873115752e-13,5.568864755e-14,2.143645014e-14,3.305868678e-14,1.407731926e-13,4.50996945e-14,9.642773583e-14,1.219445904e-13,2.882366377e-13,3.969596475e-13,9.254971783e-14,2.830124982e-13,3.589581348e-14
134.4609375,4.272954358e-13,2.476353094e-13,3.777242394e-13,2.497524701e-13,1.761404729e-13,1.954067334e-13,6.613675116e-14,9.615068795e-14,1.736735941e-14,1.419559646e-13,1.634834755e-13,1.083358261e-13,1.04958237e-13,3.316586356e-13,4.140446739e-13,6.232368816e-13,6.381552407e-13,3.690621464e-13,6.65887741e-14,2.882318706e-13,5.667573156e-14,2.205039527e-14,3.345402932e-14,1.395511663e-13,4.605533599e-14,9.828050804e-14,1.246918425e-13,2.87279253e-13,4.000861637e-13,9.168878255e-14,2.867768681e-13,3.635167227e-14
134.46875,4.265119366e-13,2.530345732e-13,3.802986942e-13,2.533353966e-13,1.760917525e-13,1.970613571e-13,6.63894901e-14,9.787631215e-14,1.773507051e-14,1.424851669e-13,1.661589054e-13,1.105311207e-13,1.060066195e-13,3.361798571e-13,4.224551494e-13,6.349313323e-13,6.47182705e-13,3.710410622e-13,6.758946613e-14,2.893963498e-13,5.77326399e-14,2.26330107e-14,3.389120624e-14,1.382910955e-13,4.702045063e-14,1.002015596e-13,1.276828928e-13,2.863390725e-13,4.034985924e-13,9.092587269e-14,2.906687195e-13,3.685577454e-14
134.4765625,4.257668767e-13,2.585327545e-13,3.833654406e-13,2.572461483e-13,1.759676995e-13,1.988054484e-13,6.668797723e-14,9.964835369e-14,1.80761414e-14,1.431345829e-13,1.690402192e-13,1.128082119e-13,1.071239745e-13,3.4066334e-13,4.310957681e-13,6.469101669e-13,6.562635718e-13,3.731635967e-13,6.861670381e-14,2.909900052e-13,5.879384192e-14,2.322024333e-14,3.433945903e-14,1.370663633e-13,4.800617549e-14,1.021585114e-13,1.308277524e-13,2.857282209e-13,4.07400642e-13,9.021382577e-14,2.947791872e-13,3.740938257e-14
134.484375,4.253133187e-13,2.638293693e-13,3.866135718e-13,2.610984493e-13,1.758511439e-13,2.006583246e-13,6.703472206e-14,1.014964252e-13,1.844250332e-14,1.438835491e-13,1.718684573e-13,1.150841454e-13,1.083187781e-13,3.450820697e-13,4.397993161e-13,6.590016095e-13,6.653579927e-13,3.751393712e-13,6.967122124e-14,2.925383358e-13,5.977970858e-14,2.382438221e-14,3.478509556e-14,1.359453427e-13,4.903480082e-14,1.04091553e-13,1.339001762e-13,2.848548892e-13,4.119156296e-13,8.936163414e-14,2.990873677e-13,3.794877172e-14
134.4921875,4.246672835e-13,2.6876783e-13,3.90071438e-13,2.648226484e-13,1.757179041e-13,2.024791655e-13,6.741919411e-14,1.034098379e-13,1.884817781e-14,1.446052741e-13,1.746966307e-13,1.173440386e-13,1.095264898e-13,3.494122292e-13,4.48506217e-13,6.709094e-13,6.740919684e-13,3.768724696e-13,7.068222681e-14,2.939232123e-13,6.077372146e-14,2.442214929e-14,3.521084835e-14,1.348505183e-13,5.009500691e-14,1.060544578e-13,1.368662259e-13,2.835073309e-13,4.167409733e-13,8.843443894e-14,3.035460694e-13,3.847888139e-14
134.5,4.238951212e-13,2.737819588e-13,3.940686821e-13,2.686395532e-13,1.757109011e-13,2.042806808e-13,6.785929922e-14,1.053302059e-13,1.926564702e-14,1.453587422e-13,1.777811194e-13,1.196337816e-13,1.108399805e-13,3.538484428e-13,4.574713617e-13,6.829845345e-13,6.827344485e-13,3.786536169e-13,7.170813636e-14,2.957061086e-13,6.187826853e-14,2.502283128e-14,3.560849822e-14,1.33768835e-13,5.118708643e-14,1.081038918e-13,1.399033719e-13,2.823650437e-13,4.217992701e-13,8.760078743e-14,3.082204801e-13,3.904454887e-14
134.5078125,4.228405163e-13,2.788095148e-13,3.984175192e-13,2.725868911e-13,1.75748758e-13,2.059929148e-13,6.838214835e-14,1.072743474e-13,1.967333429e-14,1.462253351e-13,1.809859074e-13,1.21892876e-13,1.122186586e-13,3.582467316e-13,4.666412171e-13,6.953770649e-13,6.913616961e-13,3.804368206e-13,7.269781589e-14,2.978670322e-13,6.300552379e-14,2.562866701e-14,3.604117329e-14,1.327395184e-13,5.231625372e-14,1.101987365e-13,1.431327969e-13,2.813544656e-13,4.272781108e-13,8.680725094e-14,3.13058752e-13,3.965239563e-14
134.515625,4.213196614e-13,2.835925773e-13,4.028120543e-13,2.765948083e-13,1.756010933e-13,2.075426442e-13,6.896822589e-14,1.092850815e-13,2.006816643e-14,1.471608149e-13,1.840575629e-13,1.241023192e-13,1.135030939e-13,3.623156865e-13,4.757569959e-13,7.076473222e-13,6.994474847e-13,3.820579305e-13,7.355562176e-14,3.000190587e-13,6.407780319e-14,2.621941418e-14,3.652611917e-14,1.317248223e-13,5.345846414e-14,1.123039587e-13,1.464377451e-13,2.799607547e-13,4.331594193e-13,8.595895762e-14,3.179414508e-13,4.029634899e-14
134.5234375,4.201531348e-13,2.883603562e-13,4.074916639e-13,2.805738856e-13,1.754953358e-13,2.092056685e-13,6.958096054e-14,1.112835253e-13,2.048683057e-14,1.481523868e-13,1.871045902e-13,1.263840846e-13,1.148096949e-13,3.66388861e-13,4.848969253e-13,7.196642266e-13,7.071455354e-13,3.836480406e-13,7.446494322e-14,3.021398807e-13,6.51716664e-14,2.681399586e-14,3.698312457e-14,1.307402821e-13,5.460173317e-14,1.143607717e-13,1.49637297e-13,2.785912676e-13,4.3931611e-13,8.507780051e-14,3.229771504e-13,4.092836289e-14
134.53125,4.193788651e-13,2.930214289e-13,4.126210562e-13,2.844459679e-13,1.755989394e-13,2.111270556e-13,7.023882596e-14,1.132255433e-13,2.09667537e-14,1.491708387e-13,1.902466598e-13,1.287621276e-13,1.162312893e-13,3.707425542e-13,4.941653575e-13,7.315630716e-13,7.148251371e-13,3.852065135e-13,7.552523837e-14,3.041702127e-13,6.631324272e-14,2.744090989e-14,3.739976842e-14,1.298384963e-13,5.575776468e-14,1.163174798e-13,1.527467628e-13,2.775059958e-13,4.456681655e-13,8.419153292e-14,3.28305221e-13,4.150477942e-14
134.5390625,4.179124736e-13,2.973171758e-13,4.179659653e-13,2.882629604e-13,1.75632806e-13,2.129448688e-13,7.097156677e-14,1.152305519e-13,2.146734595e-14,1.501679616e-13,1.933949726e-13,1.311094542e-13,1.175476562e-13,3.749399295e-13,5.034992869e-13,7.434131637e-13,7.221217977e-13,3.866390846e-13,7.649682992e-14,3.063449512e-13,6.744301381e-14,2.807893309e-14,3.78290878e-14,1.28976416e-13,5.693154885e-14,1.183218795e-13,1.559136285e-13,2.761643688e-13,4.522365816e-13,8.33264578e-14,3.338342425e-13,4.212111218e-14
134.546875,4.159599259e-13,3.014777908e-13,4.234662017e-13,2.921448284e-13,1.755547459e-13,2.144935451e-13,7.175613248e-14,1.173497497e-13,2.1926244e-14,1.51258977e-13,1.965195171e-13,1.333894818e-13,1.187397497e-13,3.787473085e-13,5.129116666e-13,7.553974291e-13,7.290437289e-13,3.880398668e-13,7.731963221e-14,3.09139968e-13,6.855209598e-14,2.869503068e-14,3.826684809e-14,1.281356049e-13,5.813734389e-14,1.204976508e-13,1.591942679e-13,2.745332611e-13,4.5918287e-13,8.248995566e-14,3.39429404e-13,4.285723534e-14
134.5546875,4.1431911e-13,3.055619862e-13,4.292892584e-13,2.960597721e-13,1.754906365e-13,2.160846545e-13,7.258166291e-14,1.19463503e-13,2.235414323e-14,1.525496055e-13,1.996572546e-13,1.356893505e-13,1.200617294e-13,3.824874063e-13,5.223779568e-13,7.674128713e-13,7.360112127e-13,3.893935383e-13,7.820208963e-14,3.120532605e-13,6.965710453e-14,2.928804048e-14,3.869586033e-14,1.273446498e-13,5.938852705e-14,1.226605298e-13,1.625152592e-13,2.730188379e-13,4.665149348e-13,8.162873898e-14,3.451103436e-13,4.359233149e-14
134.5625,4.126185225e-13,3.094412003e-13,4.354921422e-13,2.998011749e-13,1.75356067e-13,2.178221248e-13,7.34836356e-14,1.214934689e-13,2.279829051e-14,1.539221176e-13,2.028399827e-13,1.380507767e-13,1.215070915e-13,3.863455006e-13,5.318833645e-13,7.791672551e-13,7.427797691e-13,3.906534473e-13,7.916641665e-14,3.144290447e-13,7.078213952e-14,2.987863622e-14,3.910586821e-14,1.265481002e-13,6.066773355e-14,1.246813627e-13,1.658143169e-13,2.715154952e-13,4.740927384e-13,8.074817493e-14,3.509986048e-13,4.423372508e-14
134.5703125,4.106250012e-13,3.13285994e-13,4.420093351e-13,3.034307363e-13,1.752645804e-13,2.195575656e-13,7.446415171e-14,1.234960185e-13,2.327881339e-14,1.552497161e-13,2.061037889e-13,1.4045377e-13,1.229448583e-13,3.902525391e-13,5.415712763e-13,7.909158609e-13,7.492094649e-13,3.919794648e-13,8.011922622e-14,3.168061521e-13,7.195065827e-14,3.04819357e-14,3.946569948e-14,1.257322056e-13,6.196606826e-14,1.267250877e-13,1.691423289e-13,2.698673148e-13,4.819531909e-13,7.989806045e-14,3.571473376e-13,4.487493388e-14
134.578125,4.086637125e-13,3.170118859e-13,4.487539078e-13,3.072687842e-13,1.753063865e-13,2.213213087e-13,7.548551549e-14,1.255278211e-13,2.377243715e-14,1.565642996e-13,2.093787696e-13,1.428803313e-13,1.244358978e-13,3.940157014e-13,5.513524429e-13,8.027908762e-13,7.555703334e-13,3.933372663e-13,8.107160394e-14,3.196240131e-13,7.311414476e-14,3.107774657e-14,3.980732183e-14,1.249959671e-13,6.32866405e-14,1.288533833e-13,1.725483844e-13,2.68184085e-13,4.900363701e-13,7.903923315e-14,3.634704279e-13,4.557249652e-14
134.5859375,4.065449426e-13,3.203922085e-13,4.557659187e-13,3.111221858e-13,1.752183984e-13,2.231042434e-13,7.654159559e-14,1.275533792e-13,2.424771547e-14,1.579446859e-13,2.126080843e-13,1.453183293e-13,1.259673717e-13,3.974503434e-13,5.609340374e-13,8.142618204e-13,7.615591961e-13,3.944892675e-13,8.200169774e-14,3.225003657e-13,7.426225961e-14,3.165215802e-14,4.020657406e-14,1.243367702e-13,6.459900842e-14,1.309248098e-13,1.759543773e-13,2.664298281e-13,4.980907173e-13,7.814009305e-14,3.699447375e-13,4.627630605e-14
134.59375,4.042234362e-13,3.237146766e-13,4.63197882e-13,3.146548008e-13,1.750622523e-13,2.247925866e-13,7.764012857e-14,1.295500375e-13,2.472174779e-14,1.594025554e-13,2.158984492e-13,1.477803027e-13,1.274465384e-13,4.007579942e-13,5.704074796e-13,8.253445915e-13,7.670145179e-13,3.955069195e-13,8.288291539e-14,3.253730885e-13,7.548054797e-14,3.223926709e-14,4.06497742e-14,1.2368219e-13,6.588653109e-14,1.329249041e-13,1.793236617e-13,2.646194237e-13,5.062536121e-13,7.724916461e-14,3.766480476e-13,4.697954069e-14
134.6015625,4.021222299e-13,3.271438109e-13,4.710358105e-13,3.183029962e-13,1.751292275e-13,2.265165858e-13,7.875640545e-14,1.31599202e-13,2.521641958e-14,1.60881688e-13,2.192812952e-13,1.502840624e-13,1.289671762e-13,4.042257465e-13,5.800410958e-13,8.366623706e-13,7.724998233e-13,3.96603911e-13,8.378245608e-14,3.284172973e-13,7.674910168e-14,3.283916406e-14,4.107355619e-14,1.231025637e-13,6.718081033e-14,1.349501842e-13,1.82785053e-13,2.629355202e-13,5.14850639e-13,7.639466362e-14,3.834910535e-13,4.770380473e-14
134.609375,4.001230789e-13,3.303397739e-13,4.791358372e-13,3.223966143e-13,1.752575696e-13,2.283858642e-13,7.988638848e-14,1.337356627e-13,2.571010263e-14,1.623614674e-13,2.226529802e-13,1.528091559e-13,1.306125311e-13,4.077308109e-13,5.89759273e-13,8.480904891e-13,7.780170292e-13,3.97703832e-13,8.47157058e-14,3.314759894e-13,7.798506745e-14,3.341220347e-14,4.147947456e-14,1.226464764e-13,6.849056333e-14,1.370098668e-13,1.863578147e-13,2.613452329e-13,5.237236006e-13,7.558481009e-14,3.903408103e-13,4.843181562e-14
134.6171875,3.978454387e-13,3.332090964e-13,4.874447464e-13,3.264933197e-13,1.753219352e-13,2.302293637e-13,8.107776496e-14,1.358770901e-13,2.62118454e-14,1.638801577e-13,2.259818413e-13,1.553398218e-13,1.323121004e-13,4.110830012e-13,5.993771493e-13,8.591202022e-13,7.830573544e-13,3.986244812e-13,8.563899761e-14,3.34589346e-13,7.922728506e-14,3.398748078e-14,4.191012611e-14,1.221815802e-13,6.979908042e-14,1.390827225e-13,1.898346759e-13,2.597014917e-13,5.326379863e-13,7.480224017e-14,3.972731554e-13,4.915823213e-14
134.625,3.954099841e-13,3.359253942e-13,4.95934009e-13,3.303549288e-13,1.754769831e-13,2.319830285e-13,8.233549896e-14,1.380030694e-13,2.674485149e-14,1.65445197e-13,2.292675948e-13,1.578597552e-13,1.340293026e-13,4.142195105e-13,6.08821487e-13,8.69829715e-13,7.876995608e-13,3.993713792e-13,8.655722811e-14,3.379785133e-13,8.048317524e-14,3.45871436e-14,4.237513452e-14,1.216838598e-13,7.111419696e-14,1.411651886e-13,1.93174427e-13,2.580351277e-13,5.417612527e-13,7.398339375e-14,4.043061654e-13,4.990498135e-14
134.6328125,3.930878974e-13,3.384537053e-13,5.04605359e-13,3.341294659e-13,1.756193903e-13,2.337400091e-13,8.359063923e-14,1.401374564e-13,2.72645478e-14,1.670600354e-13,2.325275102e-13,1.603272968e-13,1.357520907e-13,4.171089063e-13,6.180122921e-13,8.802899225e-13,7.921164192e-13,4.000593334e-13,8.747766659e-14,3.414461548e-13,8.168726481e-14,3.514934677e-14,4.284384604e-14,1.213043168e-13,7.242907414e-14,1.432046083e-13,1.966133613e-13,2.564642106e-13,5.511385717e-13,7.316140154e-14,4.113648842e-13,5.066777128e-14
134.640625,3.90859758e-13,3.408025793e-13,5.135069969e-13,3.379322969e-13,1.75647019e-13,2.354604068e-13,8.480673788e-14,1.422188097e-13,2.775463298e-14,1.687159563e-13,2.358409435e-13,1.627719856e-13,1.374636289e-13,4.198961528e-13,6.269764888e-13,8.902783695e-13,7.960792053e-13,4.007165614e-13,8.839726514e-14,3.446943845e-13,8.288925637e-14,3.567859656e-14,4.329557119e-14,1.210195018e-13,7.3708461e-14,1.451526776e-13,2.001942512e-13,2.550126359e-13,5.605111795e-13,7.241946563e-14,4.185407307e-13,5.140881235e-14
134.6484375,3.88462764e-13,3.43098821e-13,5.224924437e-13,3.418954678e-13,1.756977049e-13,2.370118937e-13,8.600355759e-14,1.442473261e-13,2.826787124e-14,1.703319585e-13,2.391286455e-13,1.652197537e-13,1.391967479e-13,4.22520948e-13,6.357697662e-13,8.998949474e-13,7.99435494e-13,4.01204121e-13,8.929666106e-14,3.479076148e-13,8.412050894e-14,3.622586906e-14,4.374479414e-14,1.207105936e-13,7.494449371e-14,1.470607901e-13,2.036831149e-13,2.535108447e-13,5.698446654e-13,7.168431567e-14,4.257441127e-13,5.212743031e-14
134.65625,3.857699637e-13,3.451595249e-13,5.313652687e-13,3.457968328e-13,1.757551502e-13,2.382941505e-13,8.719793487e-14,1.463257917e-13,2.879523978e-14,1.719270114e-13,2.422156091e-13,1.675460959e-13,1.409185905e-13,4.246101459e-13,6.442853303e-13,9.093358191e-13,8.022082679e-13,4.013605206e-13,9.011454892e-14,3.514263964e-13,8.529500117e-14,3.673375631e-14,4.420396122e-14,1.204657581e-13,7.615230929e-14,1.490080182e-13,2.07045607e-13,2.518310501e-13,5.792890998e-13,7.089587962e-14,4.326598385e-13,5.288519209e-14
134.6640625,3.830010781e-13,3.467349671e-13,5.403350365e-13,3.493751109e-13,1.757992218e-13,2.394113238e-13,8.842168339e-14,1.484541795e-13,2.929660841e-14,1.736362531e-13,2.45205291e-13,1.697247778e-13,1.425838208e-13,4.263528115e-13,6.526223047e-13,9.185323317e-13,8.04586935e-13,4.012597583e-13,9.087110653e-14,3.551820794e-13,8.644347324e-14,3.717342357e-14,4.466472337e-14,1.203425756e-13,7.734025638e-14,1.509866559e-13,2.104534897e-13,2.501895196e-13,5.888075675e-13,7.017462446e-14,4.394546634e-13,5.369293262e-14
134.671875,3.802801198e-13,3.479970861e-13,5.497518076e-13,3.530517518e-13,1.75915548e-13,2.406421936e-13,8.970440661e-14,1.505574852e-13,2.979938674e-14,1.754158713e-13,2.482841458e-13,1.719536693e-13,1.442622441e-13,4.282609263e-13,6.610499157e-13,9.274813947e-13,8.068381958e-13,4.011602727e-13,9.163935697e-14,3.589634449e-13,8.765306448e-14,3.762354873e-14,4.511567328e-14,1.202204698e-13,7.850941963e-14,1.529418499e-13,2.138967025e-13,2.487596416e-13,5.983181583e-13,6.956740157e-14,4.46508517e-13,5.447494269e-14
134.6796875,3.775975402e-13,3.491482943e-13,5.595134458e-13,3.570290766e-13,1.760135916e-13,2.419855025e-13,9.100433018e-14,1.52611441e-13,3.032448535e-14,1.771072813e-13,2.513559613e-13,1.742964067e-13,1.459788562e-13,4.30206331e-13,6.693734001e-13,9.361640025e-13,8.088811961e-13,4.011762977e-13,9.239745538e-14,3.627717327e-13,8.886080301e-14,3.809343072e-14,4.555514631e-14,1.201078766e-13,7.964996621e-14,1.548552072e-13,2.17295909e-13,2.473830744e-13,6.0780283e-13,6.897925094e-14,4.536765254e-13,5.520992666e-14
134.6875,3.751560958e-13,3.500861391e-13,5.692933832e-13,3.609773464e-13,1.760735061e-13,2.432673762e-13,9.226318583e-14,1.546027789e-13,3.085520166e-14,1.787144637e-13,2.543090421e-13,1.766393668e-13,1.477270235e-13,4.319658156e-13,6.772745353e-13,9.444189432e-13,8.106066194e-13,4.012211631e-13,9.317654618e-14,3.664770928e-13,9.002690659e-14,3.854973625e-14,4.600204037e-14,1.201080328e-13,8.076068858e-14,1.567119443e-13,2.207273763e-13,2.460478423e-13,6.171877677e-13,6.83925061e-14,4.607983335e-13,5.593429912e-14
134.6953125,3.728974949e-13,3.508036612e-13,5.790511396e-13,3.649693749e-13,1.761709273e-13,2.445496238e-13,9.347538222e-14,1.565693724e-13,3.138839321e-14,1.803091095e-13,2.572084643e-13,1.789379995e-13,1.495422359e-13,4.336310212e-13,6.848750812e-13,9.523399203e-13,8.122291141e-13,4.011881196e-13,9.404631623e-14,3.699748327e-13,9.119723419e-14,3.90053947e-14,4.646839553e-14,1.202127109e-13,8.184794873e-14,1.584844464e-13,2.242079056e-13,2.448790923e-13,6.264784589e-13,6.783927203e-14,4.679705517e-13,5.663518572e-14
134.703125,3.704701121e-13,3.513269196e-13,5.888748831e-13,3.68927222e-13,1.761601974e-13,2.457846254e-13,9.465816568e-14,1.585882734e-13,3.190752681e-14,1.818944377e-13,2.60021831e-13,1.811239062e-13,1.512755097e-13,4.349843933e-13,6.921997331e-13,9.600582198e-13,8.13658938e-13,4.009780536e-13,9.48464776e-14,3.736571114e-13,9.232074154e-14,3.942333033e-14,4.692715527e-14,1.204135617e-13,8.288303517e-14,1.602022045e-13,2.276352726e-13,2.43685263e-13,6.357392775e-13,6.730841445e-14,4.749476499e-13,5.732238638e-14
134.7109375,3.680160784e-13,3.514050378e-13,5.987541821e-13,3.72439809e-13,1.760513494e-13,2.468214795e-13,9.584342525e-14,1.605955577e-13,3.239620484e-14,1.834731327e-13,2.626628133e-13,1.831468875e-13,1.527896561e-13,4.358912369e-13,6.991230809e-13,9.673716252e-13,8.145639885e-13,4.005585159e-13,9.544743527e-14,3.776683959e-13,9.336448965e-14,3.977567992e-14,4.735630656e-14,1.206646498e-13,8.384634861e-14,1.619205194e-13,2.310104708e-13,2.423287296e-13,6.448698522e-13,6.680822904e-14,4.815739968e-13,5.804482793e-14
134.71875,3.657215976e-13,3.50967688e-13,6.087053556e-13,3.758564544e-13,1.760149923e-13,2.478424807e-13,9.705368041e-14,1.624911705e-13,3.288905574e-14,1.850717634e-13,2.652001378e-13,1.85162912e-13,1.542985206e-13,4.366907805e-13,7.059067112e-13,9.742598032e-13,8.150806667e-13,4.000265547e-13,9.602956768e-14,3.815260068e-13,9.442913541e-14,4.012088925e-14,4.776575928e-14,1.208641202e-13,8.478193271e-14,1.636284848e-13,2.343932951e-13,2.410095532e-13,6.538147352e-13,6.634149546e-14,4.882679632e-13,5.875827494e-14
134.7265625,3.631998945e-13,3.5036202e-13,6.186575523e-13,3.795384822e-13,1.758652652e-13,2.488477546e-13,9.82506565e-14,1.643505737e-13,3.340461939e-14,1.867097742e-13,2.676667347e-13,1.872340983e-13,1.55941517e-13,4.374007617e-13,7.126655276e-13,9.809663247e-13,8.153954516e-13,3.994086836e-13,9.668777615e-14,3.851744635e-13,9.553085674e-14,4.045803198e-14,4.817066595e-14,1.210927335e-13,8.571797157e-14,1.653023282e-13,2.377832755e-13,2.39752409e-13,6.626955448e-13,6.588917054e-14,4.951669188e-13,5.940973204e-14
134.734375,3.603992831e-13,3.49824077e-13,6.284426773e-13,3.830979512e-13,1.755593796e-13,2.49544235e-13,9.939645061e-14,1.662295793e-13,3.390422026e-14,1.883360418e-13,2.700366941e-13,1.892261433e-13,1.575857623e-13,4.378860223e-13,7.191159346e-13,9.874018482e-13,8.153528388e-13,3.986837411e-13,9.732552256e-14,3.889448794e-13,9.658118123e-14,4.075555939e-14,4.859535989e-14,1.214271769e-13,8.663111156e-14,1.669671493e-13,2.411864989e-13,2.384176563e-13,6.714914525e-13,6.548048803e-14,5.020413278e-13,6.005257124e-14
134.7421875,3.577256579e-13,3.49198188e-13,6.382048712e-13,3.864796043e-13,1.754259509e-13,2.501569743e-13,1.005115523e-13,1.680426624e-13,3.437768305e-14,1.898432058e-13,2.724265e-13,1.911947142e-13,1.59250903e-13,4.384478173e-13,7.253637066e-13,9.934278386e-13,8.150259525e-13,3.979905757e-13,9.797934079e-14,3.926501695e-13,9.760339722e-14,4.106685833e-14,4.905007509e-14,1.217394744e-13,8.751961907e-14,1.686196751e-13,2.446257728e-13,2.370824329e-13,6.800873641e-13,6.513558051e-14,5.090495036e-13,6.070139625e-14
134.75,3.550319732e-13,3.481880469e-13,6.48171839e-13,3.898912253e-13,1.753437175e-13,2.509849192e-13,1.016182099e-13,1.697981928e-13,3.486912802e-14,1.91247467e-13,2.748541339e-13,1.932423195e-13,1.609781336e-13,4.39079146e-13,7.316554688e-13,9.992746221e-13,8.146317024e-13,3.973330473e-13,9.866326101e-14,3.961617863e-13,9.866731442e-14,4.13958167e-14,4.95026065e-14,1.220744878e-13,8.838767626e-14,1.702030857e-13,2.481229246e-13,2.357978795e-13,6.885370879e-13,6.482799333e-14,5.162825532e-13,6.130005343e-14
134.7578125,3.520746035e-13,3.468470618e-13,6.581384123e-13,3.93253634e-13,1.750296858e-13,2.51743427e-13,1.027255789e-13,1.715579652e-13,3.539410038e-14,1.926427271e-13,2.771199961e-13,1.952256195e-13,1.626346823e-13,4.394372596e-13,7.377621993e-13,1.004979683e-12,8.140178869e-13,3.964811665e-13,9.926851544e-14,3.998199275e-13,9.972644987e-14,4.168984777e-14,4.993582065e-14,1.225951478e-13,8.920581964e-14,1.716891532e-13,2.516854131e-13,2.345390029e-13,6.969095365e-13,6.456499142e-14,5.234280919e-13,6.184826113e-14
134.765625,3.492978258e-13,3.455190713e-13,6.679566415e-13,3.967518212e-13,1.7475631e-13,2.523945446e-13,1.038619338e-13,1.732474629e-13,3.591539326e-14,1.939763814e-13,2.792033828e-13,1.9710191e-13,1.642921379e-13,4.397363577e-13,7.435893091e-13,1.010265903e-12,8.130683297e-13,3.955002967e-13,9.987596396e-14,4.035588791e-13,1.007154947e-13,4.198567312e-14,5.035878801e-14,1.231725996e-13,8.997843699e-14,1.730903677e-13,2.552250601e-13,2.334563834e-13,7.051727897e-13,6.434612911e-14,5.304748321e-13,6.235847687e-14
134.7734375,3.469279346e-13,3.439559113e-13,6.778704276e-13,4.00404753e-13,1.746409908e-13,2.532433925e-13,1.050434518e-13,1.74847314e-13,3.641047233e-14,1.95181712e-13,2.812169653e-13,1.989949458e-13,1.660850279e-13,4.401455145e-13,7.492692519e-13,1.015114055e-12,8.119901635e-13,3.946131241e-13,1.005844477e-13,4.070375042e-13,1.016533624e-13,4.229908196e-14,5.077137688e-14,1.236895889e-13,9.074991455e-14,1.744297147e-13,2.586648404e-13,2.325374633e-13,7.132300779e-13,6.412331218e-14,5.375396713e-13,6.283699788e-14
134.78125,3.444446453e-13,3.41626236e-13,6.878845337e-13,4.037376682e-13,1.743445548e-13,2.540705544e-13,1.062289776e-13,1.764627562e-13,3.689388521e-14,1.963584651e-13,2.830943932e-13,2.008480524e-13,1.678478232e-13,4.402105043e-13,7.545236866e-13,1.019569608e-12,8.107751405e-13,3.936247445e-13,1.012453255e-13,4.104016344e-13,1.025745972e-13,4.255782255e-14,5.120548684e-14,1.242686634e-13,9.151363968e-14,1.757472407e-13,2.620921517e-13,2.315333623e-13,7.209406602e-13,6.391012277e-14,5.443991127e-13,6.334179973e-14
134.7890625,3.416039093e-13,3.390483623e-13,6.977336202e-13,4.067920279e-13,1.73870654e-13,2.545500072e-13,1.073386107e-13,1.780857831e-13,3.737565563e-14,1.975790767e-13,2.84861138e-13,2.025957784e-13,1.695223104e-13,4.39818946e-13,7.591662437e-13,1.023455828e-12,8.091212241e-13,3.92301549e-13,1.018248383e-13,4.138362859e-13,1.034898436e-13,4.27643979e-14,5.169207419e-14,1.249187828e-13,9.222286974e-14,1.770599987e-13,2.655974481e-13,2.305144176e-13,7.284032957e-13,6.376092597e-14,5.510714969e-13,6.386567418e-14
134.796875,3.387886143e-13,3.369559776e-13,7.073217594e-13,4.098849476e-13,1.73479336e-13,2.548174384e-13,1.083386666e-13,1.79654862e-13,3.785792974e-14,1.987596618e-13,2.866899234e-13,2.04307818e-13,1.712973007e-13,4.393112587e-13,7.635298001e-13,1.026851367e-12,8.069692649e-13,3.908198836e-13,1.024775084e-13,4.171842511e-13,1.043895553e-13,4.297411647e-14,5.218190738e-14,1.255706532e-13,9.287248414e-14,1.783168112e-13,2.691777864e-13,2.296827023e-13,7.358932587e-13,6.364371688e-14,5.578112773e-13,6.431994732e-14
134.8046875,3.361716001e-13,3.34838454e-13,7.165464072e-13,4.129220048e-13,1.731375055e-13,2.549943058e-13,1.092792723e-13,1.811818348e-13,3.834135468e-14,1.99834568e-13,2.884466028e-13,2.059162935e-13,1.731472192e-13,4.386678708e-13,7.67679654e-13,1.029994531e-12,8.04513736e-13,3.893360107e-13,1.031564145e-13,4.204016401e-13,1.05222728e-13,4.31724978e-14,5.263708633e-14,1.262689412e-13,9.348227283e-14,1.794594277e-13,2.728394164e-13,2.289084997e-13,7.432592328e-13,6.349942369e-14,5.644349528e-13,6.470779862e-14
134.8125,3.335596653e-13,3.321004978e-13,7.254000617e-13,4.159873462e-13,1.727420332e-13,2.551383839e-13,1.102097067e-13,1.826296884e-13,3.880832964e-14,2.008654347e-13,2.898833483e-13,2.07364921e-13,1.749407623e-13,4.377969593e-13,7.713351724e-13,1.03273202e-12,8.018444116e-13,3.877534372e-13,1.037422369e-13,4.235824624e-13,1.059611088e-13,4.333875537e-14,5.308100626e-14,1.27015915e-13,9.404418889e-14,1.804808087e-13,2.765193708e-13,2.281380575e-13,7.501263204e-13,6.334441306e-14,5.707375716e-13,6.507064297e-14
134.8203125,3.309906624e-13,3.290991709e-13,7.342212198e-13,4.192028194e-13,1.723148671e-13,2.554132069e-13,1.111300334e-13,1.839865428e-13,3.925453737e-14,2.018860543e-13,2.911349385e-13,2.088141462e-13,1.767501419e-13,4.36875283e-13,7.745825982e-13,1.034924089e-12,7.98984284e-13,3.860207241e-13,1.043163268e-13,4.266702202e-13,1.066583306e-13,4.348728901e-14,5.349961245e-14,1.27818647e-13,9.454686073e-14,1.814030626e-13,2.801085057e-13,2.275431646e-13,7.566023398e-13,6.321675272e-14,5.769630688e-13,6.537949149e-14
134.828125,3.286525998e-13,3.260877238e-13,7.430737316e-13,4.222693133e-13,1.718586202e-13,2.55707031e-13,1.120235845e-13,1.85342422e-13,3.97066075e-14,2.027921752e-13,2.924073714e-13,2.102914453e-13,1.786026219e-13,4.358944624e-13,7.776081205e-13,1.036739946e-12,7.959613708e-13,3.84202913e-13,1.049346586e-13,4.295350772e-13,1.073477364e-13,4.362438603e-14,5.388291257e-14,1.287459215e-13,9.499807552e-14,1.822617851e-13,2.836497555e-13,2.270659693e-13,7.629207766e-13,6.311675678e-14,5.832142596e-13,6.564978742e-14
134.8359375,3.264225849e-13,3.228494247e-13,7.515831428e-13,4.250954738e-13,1.713402908e-13,2.557906108e-13,1.128553649e-13,1.866798792e-13,4.01678464e-14,2.035680561e-13,2.935796526e-13,2.116478645e-13,1.803847151e-13,4.347053111e-13,7.802192772e-13,1.038108503e-12,7.926477932e-13,3.823468429e-13,1.055215927e-13,4.321434271e-13,1.079965166e-13,4.37543406e-14,5.427955205e-14,1.297352532e-13,9.539584775e-14,1.830819288e-13,2.871812128e-13,2.265883888e-13,7.688813228e-13,6.303469506e-14,5.89242081e-13,6.59318887e-14
134.84375,3.241210295e-13,3.193865377e-13,7.597340082e-13,4.27837971e-13,1.706831692e-13,2.55768238e-13,1.136016988e-13,1.879204504e-13,4.061624499e-14,2.043746373e-13,2.945265091e-13,2.129093871e-13,1.821074077e-13,4.333207815e-13,7.823062479e-13,1.038909816e-12,7.889457036e-13,3.804454223e-13,1.060728084e-13,4.346534464e-13,1.086177654e-13,4.386582331e-14,5.467331397e-14,1.307174774e-13,9.573623462e-14,1.838466227e-13,2.90627165e-13,2.262448736e-13,7.743442205e-13,6.298201254e-14,5.949532273e-13,6.619018535e-14
134.8515625,3.217949585e-13,3.159755352e-13,7.678117868e-13,4.305647899e-13,1.698040158e-13,2.557457642e-13,1.142826197e-13,1.890989827e-13,4.104343448e-14,2.051856118e-13,2.953916716e-13,2.141713456e-13,1.838879234e-13,4.317430815e-13,7.840771983e-13,1.039456294e-12,7.850361978e-13,3.784801324e-13,1.066480804e-13,4.372036166e-13,1.092644489e-13,4.392831995e-14,5.500933651e-14,1.317360841e-13,9.603425909e-14,1.845424796e-13,2.940835075e-13,2.26113382e-13,7.795892572e-13,6.297985965e-14,6.005019768e-13,6.638583624e-14
134.859375,3.193614082e-13,3.127805454e-13,7.757199462e-13,4.334995226e-13,1.687381938e-13,2.555805328e-13,1.148947943e-13,1.902213126e-13,4.145509148e-14,2.057766689e-13,2.962764738e-13,2.153896369e-13,1.857330458e-13,4.299449744e-13,7.855314835e-13,1.039788917e-12,7.809700624e-13,3.764173998e-13,1.072401807e-13,4.396085518e-13,1.099172056e-13,4.395520163e-14,5.534172318e-14,1.327195724e-13,9.628564131e-14,1.851763082e-13,2.976873664e-13,2.260764426e-13,7.847067233e-13,6.301995076e-14,6.059957228e-13,6.653996316e-14
134.8671875,3.167375712e-13,3.095018794e-13,7.831740841e-13,4.365919007e-13,1.676538143e-13,2.552250254e-13,1.154216339e-13,1.912522783e-13,4.187741039e-14,2.061656429e-13,2.970181293e-13,2.165203511e-13,1.875378388e-13,4.280146223e-13,7.863967854e-13,1.039385879e-12,7.764769048e-13,3.741785414e-13,1.077925844e-13,4.417035029e-13,1.105147636e-13,4.399466155e-14,5.572831645e-14,1.336082767e-13,9.646588816e-14,1.857089434e-13,3.012514221e-13,2.260027151e-13,7.893129736e-13,6.306251676e-14,6.113724151e-13,6.665859372e-14
134.875,3.143173182e-13,3.057492173e-13,7.901077918e-13,4.393980346e-13,1.6674167e-13,2.548059339e-13,1.158962353e-13,1.922459059e-13,4.232280418e-14,2.065409554e-13,2.974756183e-13,2.175612354e-13,1.892538254e-13,4.260641142e-13,7.867063515e-13,1.038210095e-12,7.716064902e-13,3.718181233e-13,1.082803418e-13,4.436486848e-13,1.110447841e-13,4.406011368e-14,5.611221242e-14,1.345719259e-13,9.65848036e-14,1.861052675e-13,3.04598494e-13,2.258645066e-13,7.932356793e-13,6.3094106e-14,6.164966818e-13,6.673846825e-14
134.8828125,3.123067754e-13,3.018609704e-13,7.965103052e-13,4.420611361e-13,1.659497813e-13,2.543851182e-13,1.163211038e-13,1.932341562e-13,4.274613947e-14,2.069400533e-13,2.977291273e-13,2.184881005e-13,1.909555506e-13,4.241081672e-13,7.868433156e-13,1.036915849e-12,7.667710074e-13,3.695555361e-13,1.087425592e-13,4.456180176e-13,1.11534532e-13,4.412052637e-14,5.645199413e-14,1.356747029e-13,9.666819345e-14,1.864396726e-13,3.079189365e-13,2.258521078e-13,7.96803384e-13,6.314369365e-14,6.213136481e-13,6.679074861e-14
134.890625,3.102009045e-13,2.981958252e-13,8.023540907e-13,4.44888237e-13,1.649947224e-13,2.538822605e-13,1.166564477e-13,1.941816532e-13,4.312861761e-14,2.073453664e-13,2.978679744e-13,2.192975586e-13,1.92681816e-13,4.219960752e-13,7.86913256e-13,1.035712891e-12,7.61944191e-13,3.673621336e-13,1.092107702e-13,4.476719036e-13,1.119960796e-13,4.41342974e-14,5.677479801e-14,1.367578397e-13,9.671970701e-14,1.867785233e-13,3.11381625e-13,2.260835657e-13,8.001128054e-13,6.322412642e-14,6.258448854e-13,6.681411647e-14
134.8984375,3.078471274e-13,2.942540861e-13,8.077736649e-13,4.474029645e-13,1.638733138e-13,2.532205677e-13,1.169239833e-13,1.950425077e-13,4.350735011e-14,2.077294243e-13,2.978962179e-13,2.199822459e-13,1.943525405e-13,4.196015461e-13,7.865598077e-13,1.03398969e-12,7.567393726e-13,3.650040577e-13,1.096588487e-13,4.496137847e-13,1.124135969e-13,4.410362104e-14,5.708215022e-14,1.378000507e-13,9.674211675e-14,1.870298537e-13,3.148200918e-13,2.262933849e-13,8.028395886e-13,6.331496732e-14,6.301035209e-13,6.680402131e-14
134.90625,3.057204387e-13,2.898780009e-13,8.129647321e-13,4.494512771e-13,1.627991669e-13,2.524959509e-13,1.171376204e-13,1.957598488e-13,4.386862739e-14,2.08009609e-13,2.9784529e-13,2.205382714e-13,1.959477929e-13,4.170838313e-13,7.855349176e-13,1.031284022e-12,7.510897023e-13,3.625169359e-13,1.100800049e-13,4.510218083e-13,1.127905695e-13,4.407657126e-14,5.736643641e-14,1.38890043e-13,9.672056248e-14,1.870955212e-13,3.180199463e-13,2.263914619e-13,8.050290429e-13,6.340385328e-14,6.340884778e-13,6.674656031e-14
134.9140625,3.037098796e-13,2.857183948e-13,8.17867186e-13,4.517116856e-13,1.616588682e-13,2.517845586e-13,1.172290049e-13,1.964034761e-13,4.419196947e-14,2.082073908e-13,2.977262304e-13,2.210356296e-13,1.975558147e-13,4.14547776e-13,7.840217243e-13,1.027956592e-12,7.451039147e-13,3.599864952e-13,1.104781115e-13,4.521858844e-13,1.131513421e-13,4.406084674e-14,5.764007252e-14,1.399859267e-13,9.661175848e-14,1.870497999e-13,3.210457178e-13,2.266701175e-13,8.070426729e-13,6.348826277e-14,6.377935197e-13,6.662530928e-14
134.921875,3.013263977e-13,2.818780759e-13,8.222375351e-13,4.542680584e-13,1.603208263e-13,2.509357911e-13,1.171749699e-13,1.971090779e-13,4.454448602e-14,2.083654075e-13,2.975270213e-13,2.215206661e-13,1.992083377e-13,4.118485279e-13,7.822641781e-13,1.024572059e-12,7.388807436e-13,3.572881841e-13,1.108249507e-13,4.538348708e-13,1.134691721e-13,4.403016342e-14,5.789126988e-14,1.410583576e-13,9.642502159e-14,1.869808312e-13,3.241541913e-13,2.270807284e-13,8.087539297e-13,6.356179312e-14,6.41290506e-13,6.646204392e-14
134.9296875,2.987692905e-13,2.779384792e-13,8.261029121e-13,4.566346202e-13,1.589406969e-13,2.499266398e-13,1.170419096e-13,1.977828649e-13,4.495603349e-14,2.084156345e-13,2.972925646e-13,2.219534011e-13,2.008668094e-13,4.090197783e-13,7.802468235e-13,1.021084844e-12,7.326843587e-13,3.544469192e-13,1.11158546e-13,4.555811867e-13,1.137135671e-13,4.39965195e-14,5.811800281e-14,1.421661421e-13,9.621572627e-14,1.868292206e-13,3.2743662e-13,2.273810955e-13,8.098585225e-13,6.363814019e-14,6.446896792e-13,6.626407928e-14
134.9375,2.963972089e-13,2.737851313e-13,8.296435981e-13,4.588747039e-13,1.574992808e-13,2.489378941e-13,1.168712603e-13,1.982538766e-13,4.534386671e-14,2.084086676e-13,2.969634233e-13,2.222823762e-13,2.024939437e-13,4.061163846e-13,7.777768245e-13,1.017006734e-12,7.264918537e-13,3.515741702e-13,1.115210065e-13,4.566728208e-13,1.13930563e-13,4.395193203e-14,5.834545765e-14,1.432769076e-13,9.597460955e-14,1.865390948e-13,3.307473207e-13,2.277609493e-13,8.104902937e-13,6.373175456e-14,6.478326565e-13,6.599833341e-14
134.9453125,2.941727923e-13,2.693557737e-13,8.325689148e-13,4.611146391e-13,1.559553088e-13,2.478541345e-13,1.166359766e-13,1.985361803e-13,4.5652324e-14,2.084323647e-13,2.963453725e-13,2.224234898e-13,2.040634004e-13,4.029336972e-13,7.746845668e-13,1.012063442e-12,7.19854148e-13,3.486239005e-13,1.118122392e-13,4.573798173e-13,1.141288191e-13,4.385787857e-14,5.856410846e-14,1.443277959e-13,9.565991555e-14,1.861428173e-13,3.340132474e-13,2.283242755e-13,8.10713525e-13,6.380822001e-14,6.504432231e-13,6.567890598e-14
134.953125,2.921513501e-13,2.647534241e-13,8.344793906e-13,4.63081735e-13,1.545785412e-13,2.464420742e-13,1.162957865e-13,1.9869709e-13,4.592105812e-14,2.083567042e-13,2.954247961e-13,2.223333757e-13,2.056005801e-13,3.995498473e-13,7.710640313e-13,1.006490945e-12,7.127181365e-13,3.456584332e-13,1.119864764e-13,4.579305967e-13,1.142467423e-13,4.375483869e-14,5.876918467e-14,1.453872635e-13,9.529097352e-14,1.856436727e-13,3.373038862e-13,2.28797234e-13,8.103620773e-13,6.383344714e-14,6.526618657e-13,6.534494588e-14
134.9609375,2.903719827e-13,2.603451909e-13,8.358102584e-13,4.647464015e-13,1.533727011e-13,2.448555517e-13,1.158592099e-13,1.987936699e-13,4.620110505e-14,2.081637795e-13,2.944121365e-13,2.221658597e-13,2.071378747e-13,3.962407565e-13,7.67231664e-13,1.000743818e-12,7.054394073e-13,3.427518543e-13,1.121728062e-13,4.582253766e-13,1.143101844e-13,4.369734806e-14,5.898176582e-14,1.465480007e-13,9.489753281e-14,1.850638854e-13,3.406475773e-13,2.291877617e-13,8.097343958e-13,6.384407288e-14,6.548349907e-13,6.498605801e-14
134.96875,2.886101835e-13,2.560068143e-13,8.37323418e-13,4.662826877e-13,1.520587721e-13,2.433272593e-13,1.153778209e-13,1.988393805e-13,4.649215629e-14,2.080640993e-13,2.934672363e-13,2.220791705e-13,2.086667586e-13,3.929239141e-13,7.632785849e-13,9.949158814e-13,6.981740325e-13,3.39800901e-13,1.124353572e-13,4.586448026e-13,1.143858596e-13,4.365506086e-14,5.915835833e-14,1.477871868e-13,9.448301191e-14,1.844740951e-13,3.440410561e-13,2.297473644e-13,8.092254751e-13,6.389561674e-14,6.570157701e-13,6.458891169e-14
134.9765625,2.867676363e-13,2.514447078e-13,8.389172929e-13,4.677559139e-13,1.506772176e-13,2.418721616e-13,1.148716556e-13,1.987142982e-13,4.676610281e-14,2.080202393e-13,2.925782274e-13,2.220104226e-13,2.102553422e-13,3.89636568e-13,7.590320095e-13,9.887423838e-13,6.910330571e-13,3.368832334e-13,1.127423058e-13,4.589993873e-13,1.144385999e-13,4.361854342e-14,5.92687918e-14,1.489774838e-13,9.406785832e-14,1.838031851e-13,3.474552491e-13,2.304656062e-13,8.084618954e-13,6.398729027e-14,6.591162745e-13,6.414833957e-14
134.984375,2.848091776e-13,2.469141413e-13,8.399814028e-13,4.692969869e-13,1.492383107e-13,2.404606083e-13,1.143156353e-13,1.984267507e-13,4.702078591e-14,2.078380235e-13,2.916206974e-13,2.218577088e-13,2.119568625e-13,3.865792242e-13,7.544575754e-13,9.821354033e-13,6.840271151e-13,3.340886348e-13,1.130914777e-13,4.58561639e-13,1.144313604e-13,4.360278883e-14,5.939676064e-14,1.500043621e-13,9.364711345e-14,1.829352151e-13,3.507905067e-13,2.312298123e-13,8.069808349e-13,6.408060736e-14,6.610175337e-13,6.364136262e-14
134.9921875,2.826333968e-13,2.425535747e-13,8.404232121e-13,4.708607744e-13,1.47476736e-13,2.389811323e-13,1.136991044e-13,1.981767728e-13,4.727150297e-14,2.076225013e-13,2.905312359e-13,2.216240751e-13,2.136183369e-13,3.834015932e-13,7.49634843e-13,9.752597973e-13,6.768609336e-13,3.311743801e-13,1.134252118e-13,4.577469958e-13,1.144008276e-13,4.354434927e-14,5.956569888e-14,1.509491333e-13,9.317482695e-14,1.819649648e-13,3.540310004e-13,2.320322344e-13,8.050962295e-13,6.415777452e-14,6.625026856e-13,6.308117098e-14
135,2.80468125e-13,2.381779762e-13,8.405246982e-13,4.722468369e-13,1.455015168e-13,2.373627969e-13,1.130349148e-13,1.979480012e-13,4.752068425e-14,2.075375373e-13,2.894073115e-13,2.213231379e-13,2.151669654e-13,3.798691599e-13,7.446070405e-13,9.683133774e-13,6.695776876e-13,3.281370091e-13,1.136957378e-13,4.571839927e-13,1.143726614e-13,4.342756672e-14,5.968644315e-14,1.519991922e-13,9.266703893e-14,1.810037859e-13,3.572767832e-13,2.329166547e-13,8.032405195e-13,6.424103303e-14,6.636115908e-13,6.25070621e-14
135.0078125,2.786938172e-13,2.338933783e-13,8.403544252e-13,4.735728866e-13,1.437255765e-13,2.358262559e-13,1.123273941e-13,1.975522859e-13,4.776920416e-14,2.074800698e-13,2.882923914e-13,2.209751724e-13,2.16805802e-13,3.765160983e-13,7.394992485e-13,9.614362396e-13,6.62560988e-13,3.253415072e-13,1.140145572e-13,4.565084016e-13,1.143468665e-13,4.335632777e-14,5.975609544e-14,1.531258492e-13,9.218325253e-14,1.799943956e-13,3.605689578e-13,2.339543166e-13,8.013452266e-13,6.434575637e-14,6.646374381e-13,6.191574583e-14
135.015625,2.772805865e-13,2.297786214e-13,8.397987983e-13,4.749229092e-13,1.421537881e-13,2.345237373e-13,1.115685696e-13,1.9699042e-13,4.799937681e-14,2.073253565e-13,2.870514575e-13,2.205960515e-13,2.186032961e-13,3.735372733e-13,7.343524746e-13,9.5453025e-13,6.557623871e-13,3.227727262e-13,1.144494304e-13,4.556076779e-13,1.142906831e-13,4.335454891e-14,5.983556732e-14,1.541718303e-13,9.170844565e-14,1.78903723e-13,3.638857148e-13,2.351042423e-13,7.99185862e-13,6.443613002e-14,6.655610234e-13,6.128680526e-14
135.0234375,2.758453799e-13,2.256660824e-13,8.387874672e-13,4.761476831e-13,1.404514205e-13,2.332538925e-13,1.107378293e-13,1.963599305e-13,4.818112626e-14,2.070933092e-13,2.856361487e-13,2.201179723e-13,2.20351295e-13,3.70398178e-13,7.289312784e-13,9.473158298e-13,6.488984926e-13,3.200241898e-13,1.148920571e-13,4.547435392e-13,1.141468276e-13,4.333443477e-14,5.993136332e-14,1.551448485e-13,9.117830576e-14,1.777386464e-13,3.672058726e-13,2.36257352e-13,7.96587928e-13,6.447873464e-14,6.661384456e-13,6.061353873e-14
135.03125,2.741457831e-13,2.216391748e-13,8.373572169e-13,4.772761453e-13,1.385162539e-13,2.317911387e-13,1.097976751e-13,1.956568321e-13,4.834067004e-14,2.067976506e-13,2.842063008e-13,2.194952192e-13,2.219399811e-13,3.668973018e-13,7.229866143e-13,9.395422143e-13,6.417697123e-13,3.168999084e-13,1.152654258e-13,4.537008584e-13,1.139589114e-13,4.328065033e-14,6.006574976e-14,1.560939095e-13,9.055644933e-14,1.764452135e-13,3.704838476e-13,2.374447332e-13,7.935178269e-13,6.449240398e-14,6.663882629e-13,5.989352438e-14
135.0390625,2.724511742e-13,2.177685889e-13,8.356060076e-13,4.782461683e-13,1.366103096e-13,2.301573311e-13,1.087536016e-13,1.948113599e-13,4.851300899e-14,2.064099269e-13,2.82832997e-13,2.187959099e-13,2.234682576e-13,3.633672981e-13,7.164856206e-13,9.31010162e-13,6.341928927e-13,3.135929183e-13,1.155972732e-13,4.522894082e-13,1.138138654e-13,4.325569656e-14,6.024472446e-14,1.569885189e-13,8.98546791e-14,1.750147243e-13,3.736591125e-13,2.386701821e-13,7.901921091e-13,6.448655877e-14,6.664420773e-13,5.914478446e-14
135.046875,2.711063712e-13,2.137251693e-13,8.335646348e-13,4.789628774e-13,1.348880659e-13,2.285993232e-13,1.076960512e-13,1.937998186e-13,4.867041779e-14,2.059541583e-13,2.813431513e-13,2.180691133e-13,2.250589176e-13,3.600385206e-13,7.096393268e-13,9.219440302e-13,6.264693276e-13,3.104211291e-13,1.159226903e-13,4.505203372e-13,1.136489078e-13,4.327704823e-14,6.039415459e-14,1.578666127e-13,8.914280518e-14,1.734803895e-13,3.767113206e-13,2.398412932e-13,7.866367907e-13,6.443855378e-14,6.662835587e-13,5.839396414e-14
135.0546875,2.698303744e-13,2.094021229e-13,8.31217031e-13,4.797531049e-13,1.33113058e-13,2.272188854e-13,1.066528273e-13,1.927080425e-13,4.881299441e-14,2.055283895e-13,2.796729441e-13,2.172986742e-13,2.267298527e-13,3.568117834e-13,7.027466965e-13,9.130060267e-13,6.191027613e-13,3.073792704e-13,1.162689219e-13,4.484842463e-13,1.133882214e-13,4.330162878e-14,6.05092391e-14,1.587624767e-13,8.846848087e-14,1.718802695e-13,3.797729802e-13,2.410305154e-13,7.826393207e-13,6.437382739e-14,6.658982115e-13,5.764976674e-14
135.0625,2.683088587e-13,2.052611957e-13,8.285624275e-13,4.806117869e-13,1.311714045e-13,2.256738915e-13,1.054979163e-13,1.915923814e-13,4.897846025e-14,2.05187841e-13,2.780636669e-13,2.164704713e-13,2.283861258e-13,3.534397622e-13,6.958057768e-13,9.043307202e-13,6.118929894e-13,3.042066019e-13,1.166409535e-13,4.465667251e-13,1.131175046e-13,4.329441912e-14,6.066020581e-14,1.596028285e-13,8.778269328e-14,1.703199642e-13,3.830422402e-13,2.423309638e-13,7.783995049e-13,6.434783041e-14,6.652970785e-13,5.691491144e-14
135.0703125,2.668736563e-13,2.01582374e-13,8.255302789e-13,4.811430456e-13,1.29307447e-13,2.237963342e-13,1.041879946e-13,1.904100737e-13,4.914139941e-14,2.048124749e-13,2.765801916e-13,2.15544267e-13,2.299995102e-13,3.49919776e-13,6.885987465e-13,8.95457971e-13,6.044992912e-13,3.009397554e-13,1.170135835e-13,4.447218241e-13,1.128896142e-13,4.328179001e-14,6.083046109e-14,1.603811685e-13,8.705263328e-14,1.687942352e-13,3.864248963e-13,2.436182256e-13,7.742310845e-13,6.433529398e-14,6.644302444e-13,5.617975861e-14
135.078125,2.656946526e-13,1.980065122e-13,8.220956586e-13,4.816464422e-13,1.275472207e-13,2.219740851e-13,1.028582879e-13,1.891766253e-13,4.927334299e-14,2.042637677e-13,2.749391471e-13,2.145074135e-13,2.316602956e-13,3.46505911e-13,6.81150782e-13,8.862442695e-13,5.970406607e-13,2.977590977e-13,1.17377711e-13,4.424706377e-13,1.126396915e-13,4.330480049e-14,6.098033321e-14,1.611660833e-13,8.631997218e-14,1.67142555e-13,3.896717237e-13,2.448232914e-13,7.699016815e-13,6.426989575e-14,6.633418404e-13,5.542141589e-14
135.0859375,2.644466842e-13,1.9428524e-13,8.183644953e-13,4.824006515e-13,1.256865707e-13,2.203509765e-13,1.015385859e-13,1.878822606e-13,4.939183254e-14,2.036558778e-13,2.730959892e-13,2.134452275e-13,2.333533473e-13,3.432070958e-13,6.735836514e-13,8.76832907e-13,5.895403425e-13,2.945807231e-13,1.177441951e-13,4.400628879e-13,1.123653057e-13,4.334009149e-14,6.113441136e-14,1.619309246e-13,8.558705484e-14,1.653952051e-13,3.92852712e-13,2.460976529e-13,7.652012401e-13,6.416799552e-14,6.62126e-13,5.464173337e-14
135.09375,2.631185624e-13,1.907591264e-13,8.142721377e-13,4.828732633e-13,1.237810974e-13,2.186694317e-13,1.001193994e-13,1.864059082e-13,4.947636022e-14,2.031910078e-13,2.712611996e-13,2.123641046e-13,2.349800785e-13,3.398427873e-13,6.658513315e-13,8.673079631e-13,5.820418793e-13,2.913473649e-13,1.181240104e-13,4.378779957e-13,1.120818686e-13,4.335409321e-14,6.130371744e-14,1.626188963e-13,8.482020659e-14,1.637025591e-13,3.96112622e-13,2.475556792e-13,7.602867071e-13,6.407899779e-14,6.606280938e-13,5.38530387e-14
135.1015625,2.619534628e-13,1.875244465e-13,8.096910844e-13,4.829634657e-13,1.219336987e-13,2.169575747e-13,9.860892319e-14,1.84780198e-13,4.951174189e-14,2.02824576e-13,2.693911413e-13,2.111517247e-13,2.36556407e-13,3.364621215e-13,6.579352349e-13,8.577151048e-13,5.74776995e-13,2.881295312e-13,1.185074617e-13,4.355204875e-13,1.117159516e-13,4.33756593e-14,6.148682378e-14,1.632538855e-13,8.402377985e-14,1.619725391e-13,3.993288385e-13,2.490956572e-13,7.550725815e-13,6.39808125e-14,6.586666215e-13,5.303627566e-14
135.109375,2.609012068e-13,1.841845399e-13,8.048005596e-13,4.831714289e-13,1.200534142e-13,2.153115192e-13,9.708756204e-14,1.831409862e-13,4.954078849e-14,2.0241555e-13,2.674283528e-13,2.098170325e-13,2.381333364e-13,3.331372077e-13,6.498476602e-13,8.478350394e-13,5.675086246e-13,2.848873108e-13,1.188577631e-13,4.327355778e-13,1.112689071e-13,4.342766137e-14,6.168459975e-14,1.638377035e-13,8.319838433e-14,1.600724998e-13,4.024342957e-13,2.505442166e-13,7.493753977e-13,6.383904906e-14,6.564116081e-13,5.217986697e-14
135.1171875,2.597838239e-13,1.807671366e-13,7.996685057e-13,4.834932801e-13,1.181154465e-13,2.135489929e-13,9.555493246e-14,1.814426517e-13,4.955879585e-14,2.020115434e-13,2.655047028e-13,2.08441924e-13,2.396871807e-13,3.297574476e-13,6.415501643e-13,8.374908268e-13,5.598891625e-13,2.81591002e-13,1.191792505e-13,4.29710245e-13,1.108436902e-13,4.347755308e-14,6.186511971e-14,1.642810518e-13,8.234487785e-14,1.580930355e-13,4.054766448e-13,2.519222321e-13,7.433972585e-13,6.366765234e-14,6.539839847e-13,5.132445916e-14
135.125,2.584703494e-13,1.776056945e-13,7.940753001e-13,4.835780651e-13,1.161207657e-13,2.116534982e-13,9.400836863e-14,1.796326029e-13,4.952849626e-14,2.016882222e-13,2.635361143e-13,2.070012068e-13,2.411379511e-13,3.262952482e-13,6.331201964e-13,8.270247229e-13,5.521734872e-13,2.782114794e-13,1.195175497e-13,4.264621713e-13,1.104500899e-13,4.350492592e-14,6.20357813e-14,1.64572177e-13,8.149972176e-14,1.561208663e-13,4.083714763e-13,2.533616309e-13,7.373265001e-13,6.347399129e-14,6.511921535e-13,5.050294787e-14
135.1328125,2.569837717e-13,1.745976929e-13,7.881946144e-13,4.832613475e-13,1.140313513e-13,2.098296172e-13,9.245794117e-14,1.777746759e-13,4.948280599e-14,2.013646229e-13,2.614265385e-13,2.055182323e-13,2.424100451e-13,3.22855862e-13,6.246748487e-13,8.166830344e-13,5.446513125e-13,2.746757561e-13,1.198634585e-13,4.230128547e-13,1.100474782e-13,4.353961554e-14,6.223237485e-14,1.648907974e-13,8.065975633e-14,1.541066474e-13,4.110776714e-13,2.547992454e-13,7.311163833e-13,6.325659617e-14,6.481056692e-13,4.968140549e-14
135.140625,2.556554539e-13,1.71585081e-13,7.823171704e-13,4.827298518e-13,1.12007451e-13,2.081392597e-13,9.086309362e-14,1.758223624e-13,4.945535008e-14,2.009731239e-13,2.593661162e-13,2.040809639e-13,2.435766312e-13,3.194761799e-13,6.161657067e-13,8.06264088e-13,5.372658445e-13,2.711388361e-13,1.201833603e-13,4.194528333e-13,1.096560573e-13,4.361173064e-14,6.24124164e-14,1.653566816e-13,7.977793168e-14,1.520084719e-13,4.136510618e-13,2.56146085e-13,7.247554667e-13,6.303280175e-14,6.450161767e-13,4.882822657e-14
135.1484375,2.5461477e-13,1.686876684e-13,7.761164905e-13,4.824144105e-13,1.101621999e-13,2.064655455e-13,8.920281496e-14,1.736948485e-13,4.942835162e-14,2.005638364e-13,2.573390755e-13,2.026327098e-13,2.447561467e-13,3.160653882e-13,6.07463488e-13,7.956387821e-13,5.299123753e-13,2.67729762e-13,1.204917312e-13,4.157322299e-13,1.0924428e-13,4.370056371e-14,6.256149136e-14,1.658258056e-13,7.88605697e-14,1.498665617e-13,4.161188791e-13,2.57533042e-13,7.182423482e-13,6.279631762e-14,6.417808511e-13,4.798310935e-14
135.15625,2.534831675e-13,1.659501378e-13,7.694266887e-13,4.82152604e-13,1.082839508e-13,2.046282645e-13,8.751715454e-14,1.715005745e-13,4.939909687e-14,2.002095808e-13,2.551764141e-13,2.011080618e-13,2.458757299e-13,3.125309781e-13,5.985727224e-13,7.849101785e-13,5.225268461e-13,2.642509994e-13,1.208076415e-13,4.118700072e-13,1.087463321e-13,4.376016106e-14,6.276119402e-14,1.661484827e-13,7.795490922e-14,1.477837722e-13,4.186615977e-13,2.590120041e-13,7.116742911e-13,6.253651602e-14,6.381535017e-13,4.718892108e-14
135.1640625,2.521921081e-13,1.633389549e-13,7.627516417e-13,4.814006632e-13,1.063351331e-13,2.026765347e-13,8.58536373e-14,1.693639903e-13,4.935375423e-14,1.999701337e-13,2.530425454e-13,1.995518105e-13,2.469141979e-13,3.089811797e-13,5.897247287e-13,7.743772399e-13,5.153243465e-13,2.607338088e-13,1.211339919e-13,4.079660695e-13,1.082050571e-13,4.379005929e-14,6.301782154e-14,1.663741991e-13,7.708303412e-14,1.458139834e-13,4.214266089e-13,2.604766271e-13,7.052673333e-13,6.228735135e-14,6.342712844e-13,4.64325942e-14
135.171875,2.512223424e-13,1.608056593e-13,7.562159763e-13,4.804324612e-13,1.046070994e-13,2.009377654e-13,8.422075959e-14,1.672061101e-13,4.92442119e-14,1.998199876e-13,2.510401278e-13,1.979303287e-13,2.480487922e-13,3.056205922e-13,5.810783393e-13,7.642773462e-13,5.086653299e-13,2.574908904e-13,1.214674059e-13,4.04145122e-13,1.076688497e-13,4.383310745e-14,6.327275447e-14,1.665928886e-13,7.623564453e-14,1.438701215e-13,4.241459242e-13,2.61967055e-13,6.988812308e-13,6.206166257e-14,6.302255394e-13,4.569268162e-14
135.1796875,2.506236401e-13,1.582776265e-13,7.494787155e-13,4.796868369e-13,1.03081269e-13,1.994400054e-13,8.256535993e-14,1.648993675e-13,4.908877722e-14,1.996191319e-13,2.490115591e-13,1.962268911e-13,2.492473265e-13,3.024236584e-13,5.724461626e-13,7.542877807e-13,5.0233786e-13,2.543957308e-13,1.217940565e-13,4.005316019e-13,1.07121877e-13,4.391326761e-14,6.355233497e-14,1.668626504e-13,7.53775624e-14,1.418662487e-13,4.265855736e-13,2.635489896e-13,6.922577904e-13,6.182792528e-14,6.260023586e-13,4.496510436e-14
135.1875,2.499372654e-13,1.558436308e-13,7.42646483e-13,4.788645821e-13,1.014315228e-13,1.978917727e-13,8.085457494e-14,1.624809227e-13,4.895538721e-14,1.993536973e-13,2.46996561e-13,1.945638954e-13,2.502767766e-13,2.992211433e-13,5.63690883e-13,7.440385799e-13,4.958608636e-13,2.510599088e-13,1.22126881e-13,3.968481299e-13,1.066051327e-13,4.4020348e-14,6.388975341e-14,1.672188148e-13,7.447844043e-14,1.398367949e-13,4.28944707e-13,2.651363726e-13,6.856449035e-13,6.158268952e-14,6.217566214e-13,4.424354758e-14
135.1953125,2.491183461e-13,1.53504859e-13,7.358664322e-13,4.777786625e-13,9.962954035e-14,1.962824403e-13,7.914420588e-14,1.600335006e-13,4.883187837e-14,1.99179679e-13,2.450317666e-13,1.929271908e-13,2.511248878e-13,2.95967448e-13,5.54899969e-13,7.336368017e-13,4.892276877e-13,2.474605639e-13,1.224632153e-13,3.92628896e-13,1.061278192e-13,4.412831484e-14,6.424559425e-14,1.67576312e-13,7.354641958e-14,1.378068228e-13,4.313577366e-13,2.666880185e-13,6.791879863e-13,6.132613491e-14,6.174145177e-13,4.351803312e-14
135.203125,2.484118172e-13,1.510857703e-13,7.287901449e-13,4.766077408e-13,9.787773511e-14,1.94730751e-13,7.745725731e-14,1.575327278e-13,4.867629086e-14,1.990953371e-13,2.429369486e-13,1.911901704e-13,2.519242653e-13,2.926818361e-13,5.459901525e-13,7.230793189e-13,4.825671422e-13,2.437868602e-13,1.227451219e-13,3.880311181e-13,1.055802694e-13,4.422200669e-14,6.458662501e-14,1.678193939e-13,7.260416589e-14,1.357376198e-13,4.336743878e-13,2.68220917e-13,6.725430901e-13,6.102372104e-14,6.126870147e-13,4.278780265e-14
135.2109375,2.478119994e-13,1.487373683e-13,7.213434454e-13,4.754344832e-13,9.626159327e-14,1.931614109e-13,7.575527315e-14,1.549757896e-13,4.851627574e-14,1.989649758e-13,2.407850685e-13,1.893987007e-13,2.52748629e-13,2.893949573e-13,5.369585968e-13,7.124095932e-13,4.759310597e-13,2.402104946e-13,1.230098686e-13,3.83572762e-13,1.049636776e-13,4.432345805e-14,6.491764976e-14,1.67975463e-13,7.168195263e-14,1.336689095e-13,4.3589046e-13,2.697322942e-13,6.65797381e-13,6.068231223e-14,6.076492562e-13,4.208734937e-14
135.21875,2.473913409e-13,1.466546932e-13,7.139425122e-13,4.743379371e-13,9.47976472e-14,1.915804349e-13,7.40671198e-14,1.523927251e-13,4.835010277e-14,1.987850828e-13,2.387940153e-13,1.876155659e-13,2.536444874e-13,2.861834781e-13,5.281652744e-13,7.02145624e-13,4.695701751e-13,2.368706135e-13,1.233692566e-13,3.792787702e-13,1.044075626e-13,4.444533522e-14,6.527381645e-14,1.681129847e-13,7.081820333e-14,1.317165362e-13,4.38176468e-13,2.712129449e-13,6.59397381e-13,6.034979118e-14,6.025060089e-13,4.145744801e-14
135.2265625,2.472216923e-13,1.445900364e-13,7.066874038e-13,4.730981599e-13,9.343614632e-14,1.900489468e-13,7.241684499e-14,1.497217009e-13,4.812095673e-14,1.985403758e-13,2.36882636e-13,1.858074082e-13,2.545445042e-13,2.830532808e-13,5.196565932e-13,6.923152896e-13,4.63502802e-13,2.336135085e-13,1.237684417e-13,3.748399804e-13,1.039058992e-13,4.455482255e-14,6.568305882e-14,1.682342243e-13,6.999424913e-14,1.298765455e-13,4.404856305e-13,2.724979614e-13,6.531935092e-13,6.00117364e-14,5.972340493e-13,4.086353283e-14
135.234375,2.469869224e-13,1.424732816e-13,6.99336092e-13,4.713521735e-13,9.207522437e-14,1.885099691e-13,7.074794172e-14,1.469748653e-13,4.787237549e-14,1.98164163e-13,2.349446795e-13,1.840232079e-13,2.553283147e-13,2.7995424e-13,5.110817999e-13,6.823295466e-13,4.573789789e-13,2.301259266e-13,1.240980432e-13,3.702820889e-13,1.033760209e-13,4.465610431e-14,6.61029025e-14,1.683586393e-13,6.914404537e-14,1.2800862e-13,4.425838636e-13,2.734891862e-13,6.469123077e-13,5.961319366e-14,5.918676867e-13,4.024885845e-14
135.2421875,2.466155248e-13,1.405868448e-13,6.919513431e-13,4.694132346e-13,9.073672809e-14,1.870510606e-13,6.909613482e-14,1.442692308e-13,4.768986291e-14,1.978200734e-13,2.330380937e-13,1.822924603e-13,2.56048359e-13,2.76943601e-13,5.024764562e-13,6.722053274e-13,4.512515376e-13,2.264859133e-13,1.24431302e-13,3.658393722e-13,1.028447959e-13,4.480455575e-14,6.650686342e-14,1.685118246e-13,6.827277387e-14,1.260560601e-13,4.444518885e-13,2.745309324e-13,6.407685914e-13,5.916754076e-14,5.864703368e-13,3.964407407e-14
135.25,2.464604659e-13,1.388719206e-13,6.847968329e-13,4.676372703e-13,8.945811758e-14,1.858216117e-13,6.755805451e-14,1.415557789e-13,4.751928592e-14,1.976662252e-13,2.311518175e-13,1.805357075e-13,2.567914887e-13,2.740823989e-13,4.941236497e-13,6.623913077e-13,4.454898129e-13,2.229846078e-13,1.248315505e-13,3.614298037e-13,1.023418197e-13,4.499077176e-14,6.695422665e-14,1.686375199e-13,6.74413731e-14,1.241145362e-13,4.462739376e-13,2.758359844e-13,6.348240236e-13,5.873299696e-14,5.809519149e-13,3.91001687e-14
135.2578125,2.465041023e-13,1.371106369e-13,6.777506715e-13,4.658578915e-13,8.820530042e-14,1.847233108e-13,6.605746973e-14,1.387587644e-13,4.728653675e-14,1.975029908e-13,2.292546182e-13,1.787437835e-13,2.575157317e-13,2.712668355e-13,4.859706107e-13,6.529306135e-13,4.400361676e-13,2.195907886e-13,1.252101884e-13,3.56915479e-13,1.018199329e-13,4.515375283e-14,6.746865413e-14,1.68677104e-13,6.664170911e-14,1.222609572e-13,4.480693986e-13,2.770700977e-13,6.288748322e-13,5.831068403e-14,5.752602268e-13,3.860558957e-14
135.265625,2.465559269e-13,1.354267199e-13,6.704682443e-13,4.641247127e-13,8.70279017e-14,1.836241884e-13,6.447202575e-14,1.36005201e-13,4.70387605e-14,1.971559918e-13,2.273853984e-13,1.769338804e-13,2.581754604e-13,2.683799575e-13,4.778594596e-13,6.437459245e-13,4.346945544e-13,2.161681916e-13,1.255396151e-13,3.524743495e-13,1.012597997e-13,4.529411801e-14,6.802594356e-14,1.686828238e-13,6.582913803e-14,1.204649475e-13,4.497581963e-13,2.78093302e-13,6.229561173e-13,5.786557006e-14,5.693738146e-13,3.813702965e-14
135.2734375,2.467167931e-13,1.339465084e-13,6.630622038e-13,4.623405576e-13,8.593034184e-14,1.82500924e-13,6.286349626e-14,1.333357426e-13,4.681251141e-14,1.967421719e-13,2.255856376e-13,1.750969488e-13,2.587285113e-13,2.654784222e-13,4.697919635e-13,6.347981237e-13,4.295765253e-13,2.127902661e-13,1.258759996e-13,3.480907844e-13,1.007035757e-13,4.544640941e-14,6.863440368e-14,1.687355423e-13,6.501812161e-14,1.186794797e-13,4.51393431e-13,2.790874434e-13,6.171572343e-13,5.740736021e-14,5.633108773e-13,3.768863913e-14
135.28125,2.469209761e-13,1.325406874e-13,6.559240711e-13,4.6003235e-13,8.48075877e-14,1.813176833e-13,6.132851137e-14,1.306140894e-13,4.657921578e-14,1.963500053e-13,2.239177387e-13,1.733156654e-13,2.591308514e-13,2.626525445e-13,4.61788644e-13,6.258720439e-13,4.246827324e-13,2.094723816e-13,1.262024258e-13,3.434809606e-13,1.001904597e-13,4.560468755e-14,6.926760147e-14,1.688108947e-13,6.423014326e-14,1.169162417e-13,4.529451942e-13,2.79946266e-13,6.114911517e-13,5.695353698e-14,5.572650156e-13,3.726282815e-14
135.2890625,2.470223124e-13,1.311146591e-13,6.489678067e-13,4.576067963e-13,8.370526064e-14,1.801603412e-13,5.9843998e-14,1.278337409e-13,4.633708014e-14,1.959984821e-13,2.22348874e-13,1.715956872e-13,2.59458664e-13,2.598355026e-13,4.539045197e-13,6.169440232e-13,4.198327175e-13,2.061069584e-13,1.264988386e-13,3.387928916e-13,9.969151912e-14,4.574943128e-14,6.987701956e-14,1.688141561e-13,6.344711108e-14,1.15207643e-13,4.542768878e-13,2.806389854e-13,6.059939472e-13,5.647935984e-14,5.512227261e-13,3.687077507e-14
135.296875,2.472162366e-13,1.297128328e-13,6.418182513e-13,4.556451289e-13,8.270034472e-14,1.791516325e-13,5.8378102e-14,1.250754735e-13,4.609450766e-14,1.957405045e-13,2.206897613e-13,1.69794396e-13,2.59772394e-13,2.569429139e-13,4.462210353e-13,6.082850934e-13,4.151061667e-13,2.027177396e-13,1.268072777e-13,3.343120015e-13,9.913984496e-14,4.588069012e-14,7.049281008e-14,1.687151793e-13,6.267132363e-14,1.135559306e-13,4.554585906e-13,2.814560183e-13,6.004649838e-13,5.597777802e-14,5.448887956e-13,3.650759283e-14
135.3046875,2.476664477e-13,1.283428536e-13,6.345054392e-13,4.534544473e-13,8.174092157e-14,1.781774067e-13,5.695931129e-14,1.223227278e-13,4.584373295e-14,1.955010882e-13,2.188931704e-13,1.679368709e-13,2.599684298e-13,2.540721772e-13,4.387096424e-13,5.999676515e-13,4.106774579e-13,1.993790831e-13,1.271162526e-13,3.298542514e-13,9.854829344e-14,4.600959454e-14,7.114981907e-14,1.686047687e-13,6.192615928e-14,1.119736332e-13,4.565935451e-13,2.823081866e-13,5.947471644e-13,5.547433964e-14,5.383396975e-13,3.617305545e-14
135.3125,2.483037503e-13,1.269686068e-13,6.273601502e-13,4.506678573e-13,8.087760757e-14,1.771867759e-13,5.562655556e-14,1.195602174e-13,4.558099969e-14,1.95211525e-13,2.171271934e-13,1.661640008e-13,2.60004284e-13,2.51360353e-13,4.31389365e-13,5.919047267e-13,4.065206413e-13,1.960849881e-13,1.273662202e-13,3.253357109e-13,9.797424336e-14,4.614684652e-14,7.183833358e-14,1.685736502e-13,6.121103414e-14,1.105055149e-13,4.576273167e-13,2.829286035e-13,5.892258965e-13,5.497083675e-14,5.319335267e-13,3.589427788e-14
135.3203125,2.489774228e-13,1.256568573e-13,6.205885701e-13,4.481130185e-13,8.015490199e-14,1.763671505e-13,5.438975642e-14,1.167935323e-13,4.528644426e-14,1.94986191e-13,2.154980861e-13,1.644512652e-13,2.599912039e-13,2.487783693e-13,4.244397483e-13,5.841857717e-13,4.025953777e-13,1.928128604e-13,1.275799713e-13,3.210161233e-13,9.740940505e-14,4.628983086e-14,7.25594945e-14,1.685520753e-13,6.051923148e-14,1.091526128e-13,4.586463032e-13,2.835140469e-13,5.842391477e-13,5.446543423e-14,5.256800373e-13,3.566019656e-14
135.328125,2.495546554e-13,1.245000211e-13,6.141976806e-13,4.458023533e-13,7.945127895e-14,1.756888165e-13,5.321042099e-14,1.139758387e-13,4.495837523e-14,1.94814988e-13,2.140040505e-13,1.627704065e-13,2.599622938e-13,2.462408382e-13,4.178776676e-13,5.768176457e-13,3.988993872e-13,1.895050346e-13,1.278474638e-13,3.167715057e-13,9.686433068e-14,4.643073282e-14,7.328656635e-14,1.684327451e-13,5.984957772e-14,1.07879231e-13,4.597747617e-13,2.841477258e-13,5.796208701e-13,5.396855316e-14,5.1942551e-13,3.543379305e-14
135.3359375,2.502502797e-13,1.234891581e-13,6.080696802e-13,4.430048441e-13,7.880010296e-14,1.749510877e-13,5.204268154e-14,1.111125896e-13,4.464140723e-14,1.945257491e-13,2.126568765e-13,1.612083357e-13,2.598664031e-13,2.437964518e-13,4.114965465e-13,5.695953313e-13,3.954210514e-13,1.861821169e-13,1.282006337e-13,3.121750108e-13,9.640808803e-14,4.657994714e-14,7.399039101e-14,1.682759327e-13,5.920446462e-14,1.066958196e-13,4.608804029e-13,2.845194956e-13,5.752910506e-13,5.346072696e-14,5.132178434e-13,3.523461966e-14
135.34375,2.512610632e-13,1.226578223e-13,6.021660384e-13,4.400386847e-13,7.829758421e-14,1.742284533e-13,5.08935193e-14,1.082942157e-13,4.434637964e-14,1.941345269e-13,2.11485675e-13,1.597602464e-13,2.597308928e-13,2.415112706e-13,4.052886111e-13,5.6259249e-13,3.922118012e-13,1.830180649e-13,1.285731384e-13,3.073640582e-13,9.60267299e-14,4.67513445e-14,7.472250081e-14,1.681317473e-13,5.860330982e-14,1.05605959e-13,4.619267474e-13,2.846483158e-13,5.713639685e-13,5.292724885e-14,5.071403237e-13,3.508664286e-14
135.3515625,2.521557013e-13,1.219821915e-13,5.965410715e-13,4.374014636e-13,7.777166462e-14,1.73602102e-13,4.97938575e-14,1.055507377e-13,4.404482435e-14,1.937635209e-13,2.104697142e-13,1.583115051e-13,2.59545013e-13,2.39224538e-13,3.993962064e-13,5.560945926e-13,3.892166517e-13,1.799885768e-13,1.288738864e-13,3.02948365e-13,9.56315551e-14,4.692793214e-14,7.551405539e-14,1.679039987e-13,5.804375161e-14,1.045572704e-13,4.630645867e-13,2.847785632e-13,5.676367359e-13,5.239670039e-14,5.011170254e-13,3.49695584e-14
135.359375,2.527202943e-13,1.212082148e-13,5.910541082e-13,4.346280518e-13,7.71284753e-14,1.729081322e-13,4.875206325e-14,1.028505324e-13,4.373856101e-14,1.934181185e-13,2.094982288e-13,1.568058692e-13,2.591825331e-13,2.367325511e-13,3.937135461e-13,5.499939313e-13,3.863019819e-13,1.768572099e-13,1.290969906e-13,2.989861469e-13,9.51953973e-14,4.707512279e-14,7.632810392e-14,1.676131581e-13,5.748937351e-14,1.035408064e-13,4.641754847e-13,2.848169651e-13,5.638207462e-13,5.18814862e-14,4.949544608e-13,3.488795783e-14
135.3671875,2.534535177e-13,1.203151878e-13,5.855892259e-13,4.315280237e-13,7.654301088e-14,1.721695712e-13,4.775909974e-14,1.002228816e-13,4.344514849e-14,1.930764726e-13,2.085216329e-13,1.553244067e-13,2.586653931e-13,2.342022902e-13,3.881483039e-13,5.440810428e-13,3.836234591e-13,1.736641156e-13,1.293473887e-13,2.948876957e-13,9.47652291e-14,4.719553134e-14,7.71679989e-14,1.673856043e-13,5.694473841e-14,1.02607181e-13,4.650869623e-13,2.846659489e-13,5.60088779e-13,5.136432628e-14,4.886460666e-13,3.486154087e-14
135.375,2.545305526e-13,1.195848794e-13,5.803856094e-13,4.285617127e-13,7.608294049e-14,1.71609902e-13,4.680601295e-14,9.769747888e-14,4.317249526e-14,1.927026554e-13,2.076519092e-13,1.539922116e-13,2.581833693e-13,2.319357337e-13,3.828988583e-13,5.38537536e-13,3.813809433e-13,1.706370251e-13,1.296928686e-13,2.905668022e-13,9.438741426e-14,4.732625465e-14,7.804216604e-14,1.671693846e-13,5.644418982e-14,1.017726054e-13,4.659950773e-13,2.844780567e-13,5.567727347e-13,5.084431324e-14,4.824511452e-13,3.486768534e-14
135.3828125,2.556761456e-13,1.189149692e-13,5.755108053e-13,4.256609314e-13,7.567714738e-14,1.711683111e-13,4.589407592e-14,9.518841878e-14,4.290530851e-14,1.922236991e-13,2.068837955e-13,1.527492806e-13,2.577108682e-13,2.298059715e-13,3.779753197e-13,5.334090194e-13,3.793728438e-13,1.677486166e-13,1.300334625e-13,2.865584047e-13,9.402505778e-14,4.745899903e-14,7.891304433e-14,1.668880095e-13,5.596964616e-14,1.010201867e-13,4.670324511e-13,2.842768504e-13,5.537510965e-13,5.032569517e-14,4.763423951e-13,3.488593449e-14
135.390625,2.568261296e-13,1.180867779e-13,5.706722159e-13,4.224551227e-13,7.529049219e-14,1.706559289e-13,4.502136501e-14,9.262994741e-14,4.260441498e-14,1.916384715e-13,2.060730979e-13,1.514409665e-13,2.570381729e-13,2.275364042e-13,3.731154094e-13,5.283982376e-13,3.77395299e-13,1.648465252e-13,1.302667687e-13,2.828195005e-13,9.3597741e-14,4.75519595e-14,7.978569604e-14,1.666202663e-13,5.54895579e-14,1.003305151e-13,4.679968095e-13,2.839207659e-13,5.507365575e-13,4.980453996e-14,4.700454821e-13,3.492169799e-14
135.3984375,2.579680634e-13,1.173850153e-13,5.659876753e-13,4.190935602e-13,7.489783235e-14,1.701778342e-13,4.417971856e-14,9.011020889e-14,4.229673905e-14,1.909745625e-13,2.053527142e-13,1.501689241e-13,2.561954132e-13,2.25291127e-13,3.683635216e-13,5.235032382e-13,3.756268321e-13,1.619340958e-13,1.304878881e-13,2.788476407e-13,9.315026338e-14,4.763682512e-14,8.068344082e-14,1.663732509e-13,5.502401275e-14,9.966801776e-14,4.688311886e-13,2.833850777e-13,5.479447259e-13,4.928167511e-14,4.637937394e-13,3.496345158e-14
135.40625,2.591526616e-13,1.169299205e-13,5.618809916e-13,4.157623449e-13,7.454707211e-14,1.698968152e-13,4.33823938e-14,8.769348268e-14,4.205586109e-14,1.902326488e-13,2.049557032e-13,1.490979241e-13,2.553581728e-13,2.233397161e-13,3.639683722e-13,5.189529364e-13,3.742195387e-13,1.590907153e-13,1.308058125e-13,2.747429632e-13,9.279091308e-14,4.777104677e-14,8.15814746e-14,1.660710593e-13,5.459325733e-14,9.902107556e-14,4.696964283e-13,2.827517588e-13,5.457070034e-13,4.875192264e-14,4.579204306e-13,3.500284007e-14
135.4140625,2.605509269e-13,1.163564504e-13,5.581663998e-13,4.123781205e-13,7.430202131e-14,1.696838401e-13,4.264206165e-14,8.52967153e-14,4.183752295e-14,1.894549791e-13,2.04707403e-13,1.480726442e-13,2.544684601e-13,2.215039273e-13,3.598628462e-13,5.147032998e-13,3.729868179e-13,1.563044519e-13,1.311197343e-13,2.708472379e-13,9.248059337e-14,4.790698834e-14,8.24785767e-14,1.657441188e-13,5.417223647e-14,9.843246419e-14,4.705645953e-13,2.820519086e-13,5.4375057e-13,4.821390786e-14,4.520522804e-13,3.507482661e-14
135.421875,2.619685868e-13,1.156122628e-13,5.543837353e-13,4.089388592e-13,7.407110571e-14,1.693087893e-13,4.194263234e-14,8.286911262e-14,4.155139258e-14,1.886318764e-13,2.043621836e-13,1.469244931e-13,2.533669773e-13,2.194560397e-13,3.558335381e-13,5.10606737e-13,3.716743577e-13,1.534589434e-13,1.312995568e-13,2.671113463e-13,9.213993801e-14,4.796619557e-14,8.338678372e-14,1.654142108e-13,5.373744583e-14,9.793934471e-14,4.713001273e-13,2.812020259e-13,5.417118669e-13,4.768257301e-14,4.458569059e-13,3.521493705e-14
135.4296875,2.632145712e-13,1.14913401e-13,5.506982406e-13,4.053026376e-13,7.379916441e-14,1.687620968e-13,4.127953342e-14,8.048700723e-14,4.125218641e-14,1.876739718e-13,2.040723065e-13,1.458025944e-13,2.520800882e-13,2.172203891e-13,3.518656571e-13,5.066139695e-13,3.702603372e-13,1.505130137e-13,1.31380692e-13,2.634617188e-13,9.182117585e-14,4.797118661e-14,8.426187804e-14,1.650435821e-13,5.330536383e-14,9.754749895e-14,4.719612691e-13,2.800850516e-13,5.398524388e-13,4.715598853e-14,4.397115898e-13,3.540368017e-14
135.4375,2.645465778e-13,1.142308417e-13,5.47528816e-13,4.012821746e-13,7.358438947e-14,1.682424101e-13,4.066605907e-14,7.821997545e-14,4.102870211e-14,1.866341512e-13,2.040211295e-13,1.448601258e-13,2.507457215e-13,2.150646682e-13,3.480691508e-13,5.027192262e-13,3.689154317e-13,1.475814958e-13,1.314411357e-13,2.598481712e-13,9.157475343e-14,4.798778748e-14,8.509521549e-14,1.646979289e-13,5.290027342e-14,9.725570044e-14,4.726606153e-13,2.7873601e-13,5.385429726e-13,4.66231312e-14,4.339180113e-13,3.558993464e-14
135.4453125,2.659311175e-13,1.135669764e-13,5.448343701e-13,3.972056015e-13,7.341931775e-14,1.678945123e-13,4.010487707e-14,7.605962863e-14,4.084647209e-14,1.856196898e-13,2.041092533e-13,1.440344026e-13,2.494368858e-13,2.131257419e-13,3.445580778e-13,4.990546218e-13,3.677856415e-13,1.447298232e-13,1.315118967e-13,2.560979297e-13,9.135738818e-14,4.803187977e-14,8.594892391e-14,1.644397472e-13,5.252317433e-14,9.702397751e-14,4.733431449e-13,2.773067232e-13,5.376098095e-13,4.609886968e-14,4.283315011e-13,3.574973517e-14
135.453125,2.671067232e-13,1.129587217e-13,5.423616159e-13,3.933159286e-13,7.320847821e-14,1.676388204e-13,3.95952892e-14,7.397489659e-14,4.065185014e-14,1.844941183e-13,2.042229396e-13,1.432545209e-13,2.480897049e-13,2.113268604e-13,3.413817387e-13,4.957676167e-13,3.669211678e-13,1.419384054e-13,1.316283572e-13,2.523339308e-13,9.113353115e-14,4.807600572e-14,8.682194276e-14,1.641607053e-13,5.217270227e-14,9.67955228e-14,4.739255929e-13,2.757852344e-13,5.366766223e-13,4.559064013e-14,4.228681975e-13,3.589931612e-14
135.4609375,2.684073942e-13,1.122858476e-13,5.400945671e-13,3.893312424e-13,7.300176639e-14,1.673475697e-13,3.912348474e-14,7.195251517e-14,4.04610925e-14,1.831264065e-13,2.043981212e-13,1.425358855e-13,2.466032201e-13,2.095854938e-13,3.385077384e-13,4.928555755e-13,3.663510723e-13,1.392732588e-13,1.317938669e-13,2.489198478e-13,9.090050841e-14,4.809163102e-14,8.765824231e-14,1.63762134e-13,5.185439867e-14,9.661356667e-14,4.745186637e-13,2.740748016e-13,5.357600744e-13,4.508657596e-14,4.175157933e-13,3.606826837e-14
135.46875,2.701745475e-13,1.116782948e-13,5.382051728e-13,3.853694052e-13,7.289585067e-14,1.670981755e-13,3.867716326e-14,6.998058041e-14,4.029553607e-14,1.817458778e-13,2.047283488e-13,1.418947139e-13,2.450524301e-13,2.079392817e-13,3.359457698e-13,4.903382939e-13,3.660411342e-13,1.36779484e-13,1.319659342e-13,2.458965513e-13,9.066775446e-14,4.80958659e-14,8.846792352e-14,1.633040564e-13,5.155852085e-14,9.657693482e-14,4.752855096e-13,2.723705097e-13,5.351995698e-13,4.45996094e-14,4.121646536e-13,3.627521326e-14
135.4765625,2.721316312e-13,1.113679311e-13,5.36826764e-13,3.817755789e-13,7.288083309e-14,1.670198317e-13,3.828241656e-14,6.804811256e-14,4.015494285e-14,1.805463327e-13,2.052620264e-13,1.413519808e-13,2.435716522e-13,2.064312101e-13,3.336906699e-13,4.881553905e-13,3.658301543e-13,1.343367277e-13,1.321402794e-13,2.4297818e-13,9.047736506e-14,4.81333339e-14,8.928322651e-14,1.628700849e-13,5.127039176e-14,9.668316278e-14,4.761245404e-13,2.709005388e-13,5.351421749e-13,4.413940547e-14,4.068766274e-13,3.651821543e-14
135.484375,2.740016357e-13,1.111566893e-13,5.358763958e-13,3.781485956e-13,7.288246437e-14,1.670029394e-13,3.794515037e-14,6.619065652e-14,4.003538489e-14,1.793089371e-13,2.059234907e-13,1.409444784e-13,2.420657056e-13,2.050084883e-13,3.315724158e-13,4.860194631e-13,3.655874482e-13,1.318241179e-13,1.323217328e-13,2.399158987e-13,9.036045363e-14,4.818888847e-14,9.00973767e-14,1.624681416e-13,5.099220411e-14,9.687199194e-14,4.768269176e-13,2.69388577e-13,5.354323722e-13,4.367284131e-14,4.018738854e-13,3.678126263e-14
135.4921875,2.757407412e-13,1.108424493e-13,5.351076409e-13,3.741963094e-13,7.282511047e-14,1.668775769e-13,3.76300426e-14,6.445132614e-14,3.991711386e-14,1.778769856e-13,2.066307283e-13,1.406321164e-13,2.404135669e-13,2.035803466e-13,3.294856151e-13,4.838798461e-13,3.653686671e-13,1.292821584e-13,1.324664731e-13,2.367750286e-13,9.028012329e-14,4.820555541e-14,9.09181726e-14,1.62056981e-13,5.073113808e-14,9.712391928e-14,4.774883763e-13,2.675274968e-13,5.35943753e-13,4.318824526e-14,3.971357642e-13,3.704700875e-14
135.5,2.774014985e-13,1.105191555e-13,5.344424866e-13,3.703918861e-13,7.274396105e-14,1.667341444e-13,3.73383305e-14,6.279354583e-14,3.978665411e-14,1.76429272e-13,2.074417961e-13,1.403064994e-13,2.387363539e-13,2.02109695e-13,3.275810798e-13,4.820439595e-13,3.653048416e-13,1.268523025e-13,1.325795854e-13,2.338855249e-13,9.018328138e-14,4.818264544e-14,9.173617083e-14,1.615805731e-13,5.048887607e-14,9.741286919e-14,4.782872918e-13,2.655950863e-13,5.365850995e-13,4.272423364e-14,3.92397569e-13,3.730711337e-14
135.5078125,2.792730197e-13,1.101763707e-13,5.340379505e-13,3.6678795e-13,7.276991085e-14,1.667210591e-13,3.707917568e-14,6.119326235e-14,3.967819667e-14,1.749729132e-13,2.084119414e-13,1.399865813e-13,2.371103955e-13,2.006303561e-13,3.259770226e-13,4.806390811e-13,3.65445298e-13,1.245943504e-13,1.327341896e-13,2.313284178e-13,9.009282815e-14,4.815269923e-14,9.249286129e-14,1.610483405e-13,5.026398803e-14,9.772165808e-14,4.790789273e-13,2.637889068e-13,5.372090356e-13,4.228827446e-14,3.875804725e-13,3.75712621e-14
135.515625,2.814442166e-13,1.098154743e-13,5.339342752e-13,3.629409212e-13,7.284811013e-14,1.667056151e-13,3.682851007e-14,5.972403884e-14,3.962498288e-14,1.733062626e-13,2.095013383e-13,1.39809446e-13,2.353952395e-13,1.991574439e-13,3.245680922e-13,4.795503098e-13,3.657410649e-13,1.224006186e-13,1.329089268e-13,2.288293982e-13,9.007081423e-14,4.810632199e-14,9.319802653e-14,1.605588141e-13,5.005616999e-14,9.809282277e-14,4.797336354e-13,2.617366458e-13,5.379289236e-13,4.183681921e-14,3.8287933e-13,3.784938316e-14
135.5234375,2.835690736e-13,1.095722478e-13,5.339533212e-13,3.589390954e-13,7.278616435e-14,1.664942899e-13,3.660113661e-14,5.839613354e-14,3.959199796e-14,1.715174057e-13,2.106846851e-13,1.39750278e-13,2.335366343e-13,1.976567231e-13,3.232257042e-13,4.786683443e-13,3.660506994e-13,1.201748362e-13,1.32993082e-13,2.262636323e-13,9.008661093e-14,4.802410499e-14,9.3914892e-14,1.601475096e-13,4.987171221e-14,9.8544421e-14,4.80423683e-13,2.59274548e-13,5.390443406e-13,4.135842852e-14,3.78375784e-13,3.813189874e-14
135.53125,2.855719911e-13,1.093546718e-13,5.340315755e-13,3.550471932e-13,7.265495032e-14,1.66187337e-13,3.642872265e-14,5.711194484e-14,3.954114058e-14,1.698015797e-13,2.119591347e-13,1.396757989e-13,2.316367052e-13,1.961823475e-13,3.219642967e-13,4.77853162e-13,3.66243708e-13,1.179719648e-13,1.329901795e-13,2.236675347e-13,9.006768737e-14,4.79270774e-14,9.462210453e-14,1.597157067e-13,4.97119076e-14,9.905126719e-14,4.812058439e-13,2.567069022e-13,5.405066866e-13,4.08928049e-14,3.739757497e-13,3.841849245e-14
135.5390625,2.876503553e-13,1.090834026e-13,5.343457307e-13,3.512212736e-13,7.266081033e-14,1.659706471e-13,3.629211076e-14,5.586035016e-14,3.95088108e-14,1.680868963e-13,2.133412802e-13,1.396442155e-13,2.297273674e-13,1.948468302e-13,3.209083341e-13,4.771031819e-13,3.663809303e-13,1.15870596e-13,1.330044801e-13,2.210167443e-13,9.005711609e-14,4.784324447e-14,9.528473249e-14,1.591822125e-13,4.957160775e-14,9.9622667e-14,4.81931156e-13,2.541536887e-13,5.420987318e-13,4.045657659e-14,3.697255535e-13,3.872371458e-14
135.546875,2.897333876e-13,1.089594784e-13,5.350080231e-13,3.474768717e-13,7.274013496e-14,1.65802743e-13,3.617822506e-14,5.470687273e-14,3.953212428e-14,1.662991526e-13,2.148741945e-13,1.39765878e-13,2.277725795e-13,1.936178429e-13,3.201391704e-13,4.766639058e-13,3.666215978e-13,1.139031706e-13,1.330446041e-13,2.184407115e-13,9.011798552e-14,4.776714351e-14,9.593133071e-14,1.585840984e-13,4.946159215e-14,1.002740525e-13,4.826378526e-13,2.515413513e-13,5.439315089e-13,4.002592448e-14,3.657077906e-13,3.9038015e-14
135.5546875,2.918092722e-13,1.089737188e-13,5.359457611e-13,3.437551735e-13,7.275812879e-14,1.656115622e-13,3.60959255e-14,5.363936827e-14,3.958409139e-14,1.644904533e-13,2.165195209e-13,1.399711553e-13,2.257796351e-13,1.924096468e-13,3.196001849e-13,4.766463858e-13,3.670561408e-13,1.120897142e-13,1.330572711e-13,2.160950524e-13,9.020707607e-14,4.767865821e-14,9.655075691e-14,1.580062123e-13,4.939493408e-14,1.010032864e-13,4.834677476e-13,2.489133465e-13,5.461825035e-13,3.96025802e-14,3.618177909e-13,3.935324938e-14
135.5625,2.940239943e-13,1.088987229e-13,5.371667348e-13,3.398787929e-13,7.279138798e-14,1.6547373e-13,3.603101026e-14,5.263405815e-14,3.963886267e-14,1.626271939e-13,2.182254986e-13,1.402081707e-13,2.23764066e-13,1.912458087e-13,3.192538166e-13,4.769483836e-13,3.677525664e-13,1.103798649e-13,1.33065494e-13,2.13885354e-13,9.030421059e-14,4.756845411e-14,9.711031442e-14,1.574814591e-13,4.93602373e-14,1.018332329e-13,4.843858683e-13,2.462546888e-13,5.487451437e-13,3.921740155e-14,3.580268921e-13,3.969219161e-14
135.5703125,2.962450443e-13,1.087770704e-13,5.387204191e-13,3.360169676e-13,7.289585254e-14,1.653812093e-13,3.598427013e-14,5.173102747e-14,3.970463251e-14,1.606974578e-13,2.200391917e-13,1.405273278e-13,2.217113869e-13,1.901178087e-13,3.191421462e-13,4.774933984e-13,3.686269343e-13,1.08688489e-13,1.330806135e-13,2.117995683e-13,9.043273358e-14,4.743387918e-14,9.76371039e-14,1.56960936e-13,4.934158543e-14,1.02767196e-13,4.853086052e-13,2.435107446e-13,5.514284029e-13,3.886010789e-14,3.544324883e-13,4.004986802e-14
135.578125,2.983988054e-13,1.08755815e-13,5.404306184e-13,3.323783757e-13,7.298035417e-14,1.652328442e-13,3.597658128e-14,5.094278441e-14,3.97843289e-14,1.5880073e-13,2.21953918e-13,1.409032864e-13,2.196087723e-13,1.889824435e-13,3.192109683e-13,4.781875009e-13,3.693981366e-13,1.070243011e-13,1.330437868e-13,2.099023475e-13,9.054699499e-14,4.728442648e-14,9.814421716e-14,1.563915962e-13,4.933534972e-14,1.037474504e-13,4.862513922e-13,2.407683749e-13,5.541731337e-13,3.849003335e-14,3.509697084e-13,4.039097735e-14
135.5859375,3.006828254e-13,1.08821203e-13,5.421861661e-13,3.288238126e-13,7.299782885e-14,1.650893563e-13,3.599453868e-14,5.024326355e-14,3.987038052e-14,1.569355137e-13,2.239399013e-13,1.413063501e-13,2.174603105e-13,1.879100151e-13,3.193790403e-13,4.789645967e-13,3.700273484e-13,1.054340643e-13,1.329662509e-13,2.079542444e-13,9.064410831e-14,4.714041325e-14,9.861527216e-14,1.557791681e-13,4.933781434e-14,1.047304755e-13,4.87269646e-13,2.380622125e-13,5.570771925e-13,3.811113901e-14,3.475708085e-13,4.071842048e-14
135.59375,3.030559078e-13,1.089159126e-13,5.44173637e-13,3.252350226e-13,7.299151201e-14,1.65017939e-13,3.601433566e-14,4.963206207e-14,3.996002623e-14,1.550102865e-13,2.260720974e-13,1.417860581e-13,2.152653687e-13,1.869172919e-13,3.196543792e-13,4.798560139e-13,3.70691603e-13,1.038940029e-13,1.329072416e-13,2.058506019e-13,9.079454898e-14,4.699684042e-14,9.905611855e-14,1.551279816e-13,4.934606958e-14,1.057396034e-13,4.883816978e-13,2.352994313e-13,5.602635396e-13,3.775442593e-14,3.44317533e-13,4.104817242e-14
135.6015625,3.053891524e-13,1.089594885e-13,5.46436389e-13,3.21569538e-13,7.303773178e-14,1.649151938e-13,3.604188496e-14,4.911535015e-14,4.007443382e-14,1.530166453e-13,2.283095672e-13,1.42341932e-13,2.130292941e-13,1.859240024e-13,3.200024184e-13,4.808123329e-13,3.71305693e-13,1.023639958e-13,1.328389147e-13,2.039547881e-13,9.09517516e-14,4.683992773e-14,9.945153584e-14,1.544599212e-13,4.936886976e-14,1.068177658e-13,4.895757168e-13,2.324349161e-13,5.636981062e-13,3.741518281e-14,3.412136234e-13,4.136973576e-14
135.609375,3.077760479e-13,1.089212497e-13,5.488706678e-13,3.177337684e-13,7.319889351e-14,1.647626963e-13,3.609508663e-14,4.86957904e-14,4.025767214e-14,1.509886173e-13,2.305485935e-13,1.429750011e-13,2.107827667e-13,1.850040328e-13,3.204457518e-13,4.818432671e-13,3.718080737e-13,1.008443336e-13,1.327379072e-13,2.024537348e-13,9.104655952e-14,4.669537506e-14,9.978916589e-14,1.538912625e-13,4.942166367e-14,1.079729246e-13,4.90906331e-13,2.294543565e-13,5.673890857e-13,3.707473194e-14,3.38301424e-13,4.169058764e-14
135.6171875,3.101524093e-13,1.088395572e-13,5.516416583e-13,3.138368587e-13,7.342097783e-14,1.646184504e-13,3.618570012e-14,4.838116989e-14,4.050579273e-14,1.489380711e-13,2.32943583e-13,1.437417148e-13,2.084998644e-13,1.842122772e-13,3.211071629e-13,4.830659699e-13,3.723985241e-13,9.932107087e-14,1.326360709e-13,2.011394683e-13,9.116621245e-14,4.657017841e-14,1.001131914e-13,1.534732641e-13,4.95048592e-14,1.092051872e-13,4.924067096e-13,2.263401451e-13,5.714868885e-13,3.674266855e-14,3.357260748e-13,4.203200418e-14
135.625,3.123940003e-13,1.086511416e-13,5.548411901e-13,3.101152786e-13,7.35902437e-14,1.644063522e-13,3.630944625e-14,4.813943134e-14,4.075919367e-14,1.468923986e-13,2.356385696e-13,1.445878979e-13,2.061046992e-13,1.833594243e-13,3.218753075e-13,4.843184169e-13,3.730080696e-13,9.776376271e-14,1.32493884e-13,1.998677496e-13,9.136163306e-14,4.641510789e-14,1.004347146e-13,1.530638164e-13,4.960068681e-14,1.1054477e-13,4.939287011e-13,2.231620948e-13,5.758635502e-13,3.643612953e-14,3.333403127e-13,4.238515068e-14
135.6328125,3.146464661e-13,1.084503304e-13,5.582385061e-13,3.066364351e-13,7.368470323e-14,1.641372559e-13,3.64535429e-14,4.792409354e-14,4.100595832e-14,1.448819884e-13,2.38503924e-13,1.454277641e-13,2.036541993e-13,1.823888408e-13,3.226067846e-13,4.85475966e-13,3.734612935e-13,9.621101731e-14,1.3228283e-13,1.985926724e-13,9.155296103e-14,4.622772563e-14,1.007058599e-13,1.525598024e-13,4.970410588e-14,1.119760682e-13,4.953745355e-13,2.2003825e-13,5.802780721e-13,3.615214085e-14,3.309244932e-13,4.27398063e-14
135.640625,3.169411607e-13,1.085605014e-13,5.617759764e-13,3.032274215e-13,7.372012837e-14,1.639120157e-13,3.662176133e-14,4.776807301e-14,4.127733343e-14,1.428912508e-13,2.414527722e-13,1.463240381e-13,2.01244219e-13,1.814757434e-13,3.234908016e-13,4.868433245e-13,3.739849227e-13,9.472907443e-14,1.320928707e-13,1.972672599e-13,9.173336025e-14,4.605304511e-14,1.009135341e-13,1.520456096e-13,4.982107583e-14,1.13405003e-13,4.96851564e-13,2.169796149e-13,5.849443926e-13,3.587380421e-14,3.28659332e-13,4.309533553e-14
135.6484375,3.191341256e-13,1.088259549e-13,5.655483652e-13,2.995587549e-13,7.37243648e-14,1.63607022e-13,3.681415589e-14,4.775002626e-14,4.157116388e-14,1.408724932e-13,2.44520676e-13,1.4732428e-13,1.987920977e-13,1.806375184e-13,3.245510266e-13,4.884293072e-13,3.746528684e-13,9.329411247e-14,1.31944207e-13,1.959601261e-13,9.196322916e-14,4.587499358e-14,1.010769042e-13,1.516030275e-13,4.994251463e-14,1.148038512e-13,4.984338553e-13,2.138302416e-13,5.900775945e-13,3.558674856e-14,3.26688262e-13,4.342769786e-14
135.65625,3.2129556e-13,1.087667328e-13,5.695275874e-13,2.956746899e-13,7.381824183e-14,1.631822435e-13,3.70038293e-14,4.78863683e-14,4.189692733e-14,1.388100673e-13,2.477147564e-13,1.484039727e-13,1.962944178e-13,1.798606729e-13,3.255549488e-13,4.898908193e-13,3.751774295e-13,9.187649961e-14,1.317614548e-13,1.947617582e-13,9.223809516e-14,4.567813798e-14,1.012023057e-13,1.51231126e-13,5.007149426e-14,1.162555225e-13,5.00180098e-13,2.104859937e-13,5.954736406e-13,3.529738227e-14,3.248794182e-13,4.372569466e-14
135.6640625,3.235150281e-13,1.085743539e-13,5.738328654e-13,2.92081632e-13,7.402841831e-14,1.628658373e-13,3.718208595e-14,4.813958724e-14,4.227900606e-14,1.367503223e-13,2.510873403e-13,1.496085499e-13,1.939431964e-13,1.792669877e-13,3.266744578e-13,4.914607387e-13,3.756313611e-13,9.052393476e-14,1.315694514e-13,1.937208825e-13,9.253131436e-14,4.55039715e-14,1.012987259e-13,1.509460043e-13,5.023178147e-14,1.178024101e-13,5.021978826e-13,2.071336161e-13,6.011041871e-13,3.503068382e-14,3.232854424e-13,4.402486056e-14
135.671875,3.256969646e-13,1.086837135e-13,5.785283204e-13,2.887944184e-13,7.413827911e-14,1.625948955e-13,3.738086668e-14,4.849131636e-14,4.266809466e-14,1.347511233e-13,2.54622905e-13,1.50907198e-13,1.916815342e-13,1.787128709e-13,3.281433486e-13,4.935225574e-13,3.762548879e-13,8.921957947e-14,1.313942372e-13,1.92893171e-13,9.280648448e-14,4.532609958e-14,1.013873353e-13,1.507263612e-13,5.042163424e-14,1.19403832e-13,5.043889956e-13,2.039567802e-13,6.07108847e-13,3.478912724e-14,3.21960269e-13,4.435019022e-14
135.6796875,3.277723704e-13,1.088744206e-13,5.833124534e-13,2.854398239e-13,7.404295516e-14,1.621592587e-13,3.762030354e-14,4.895169228e-14,4.302350082e-14,1.327988191e-13,2.581618592e-13,1.521721242e-13,1.89286219e-13,1.779640946e-13,3.297266946e-13,4.958441155e-13,3.768832898e-13,8.790440255e-14,1.31158691e-13,1.922043463e-13,9.302654797e-14,4.508694147e-14,1.014770677e-13,1.504597642e-13,5.063011627e-14,1.210290038e-13,5.065968831e-13,2.008069733e-13,6.133417511e-13,3.45401362e-14,3.206849066e-13,4.468794537e-14
135.6875,3.297954268e-13,1.089124014e-13,5.882132997e-13,2.822764235e-13,7.397622854e-14,1.617968434e-13,3.788960267e-14,4.952134816e-14,4.341728113e-14,1.308173481e-13,2.617229491e-13,1.534882448e-13,1.868888784e-13,1.772987631e-13,3.313906154e-13,4.982768827e-13,3.774374307e-13,8.666568555e-14,1.308928649e-13,1.915315297e-13,9.325786834e-14,4.485420456e-14,1.015315878e-13,1.501239495e-13,5.087416301e-14,1.226929424e-13,5.089509259e-13,1.975675775e-13,6.198548391e-13,3.427414664e-14,3.194882491e-13,4.503162033e-14
135.6953125,3.3195578e-13,1.090515274e-13,5.937122949e-13,2.795460127e-13,7.410057246e-14,1.61671811e-13,3.818282524e-14,5.017115962e-14,4.388457475e-14,1.288051762e-13,2.654904226e-13,1.550110078e-13,1.846859069e-13,1.770430732e-13,3.334355516e-13,5.010138606e-13,3.781355115e-13,8.559502721e-14,1.307164434e-13,1.909472934e-13,9.357866024e-14,4.469639297e-14,1.015177105e-13,1.498614958e-13,5.116184698e-14,1.244436665e-13,5.116420019e-13,1.943891135e-13,6.269557446e-13,3.402785354e-14,3.186359847e-13,4.539532006e-14
135.703125,3.343950824e-13,1.093518032e-13,5.997785771e-13,2.76734429e-13,7.424918933e-14,1.614657407e-13,3.849963312e-14,5.087969447e-14,4.434503569e-14,1.268446826e-13,2.69457943e-13,1.566365024e-13,1.825142671e-13,1.769465039e-13,3.357690019e-13,5.03962168e-13,3.789381358e-13,8.460575755e-14,1.306046497e-13,1.904819151e-13,9.393499176e-14,4.454427358e-14,1.014849544e-13,1.497512948e-13,5.148151844e-14,1.263149736e-13,5.146633582e-13,1.912819416e-13,6.344627363e-13,3.381806912e-14,3.180777365e-13,4.578166188e-14
135.7109375,3.368964213e-13,1.096081222e-13,6.059547088e-13,2.736486804e-13,7.429015296e-14,1.611050007e-13,3.882835049e-14,5.167389251e-14,4.478420913e-14,1.249237687e-13,2.735115894e-13,1.582736959e-13,1.802532503e-13,1.767553351e-13,3.38141232e-13,5.070150116e-13,3.796828645e-13,8.362201899e-14,1.304781848e-13,1.899695288e-13,9.428619482e-14,4.43516595e-14,1.014555603e-13,1.497008043e-13,5.183041611e-14,1.282604587e-13,5.178445246e-13,1.880676296e-13,6.420426665e-13,3.361322847e-14,3.176954416e-13,4.616884053e-14
135.71875,3.391799312e-13,1.098081492e-13,6.121927807e-13,2.707259388e-13,7.434495408e-14,1.608891354e-13,3.916393024e-14,5.258268841e-14,4.528061847e-14,1.229931979e-13,2.776596036e-13,1.600330812e-13,1.78042067e-13,1.766486986e-13,3.405900439e-13,5.103014841e-13,3.804563539e-13,8.268272974e-14,1.30343864e-13,1.894365111e-13,9.468548252e-14,4.417603704e-14,1.013420426e-13,1.496345357e-13,5.219444383e-14,1.301929957e-13,5.20941817e-13,1.847650245e-13,6.498351363e-13,3.339124129e-14,3.17580055e-13,4.653156829e-14
135.7265625,3.413196987e-13,1.09974678e-13,6.186017449e-13,2.680782466e-13,7.448731838e-14,1.60844702e-13,3.951146153e-14,5.359921088e-14,4.58321635e-14,1.211360897e-13,2.81896633e-13,1.618883172e-13,1.759024154e-13,1.766886279e-13,3.430841761e-13,5.136933148e-13,3.812724562e-13,8.179181627e-14,1.301907926e-13,1.890846304e-13,9.512088967e-14,4.403550133e-14,1.011507224e-13,1.495793561e-13,5.254934436e-14,1.320858176e-13,5.239196996e-13,1.815221394e-13,6.57908534e-13,3.316302819e-14,3.176380123e-13,4.687004493e-14
135.734375,3.435140382e-13,1.101260855e-13,6.250028734e-13,2.655413549e-13,7.459555084e-14,1.607739606e-13,3.986507963e-14,5.473319681e-14,4.638113061e-14,1.193604979e-13,2.861263554e-13,1.636956001e-13,1.737087805e-13,1.766548266e-13,3.455678266e-13,5.170582777e-13,3.820002942e-13,8.092062615e-14,1.299894962e-13,1.888705003e-13,9.553493658e-14,4.388378677e-14,1.010114117e-13,1.495505876e-13,5.290497905e-14,1.33983606e-13,5.270022557e-13,1.783321965e-13,6.660428397e-13,3.293585971e-14,3.176481491e-13,4.720775124e-14
135.7421875,3.458297619e-13,1.104190303e-13,6.313503046e-13,2.630450434e-13,7.462383218e-14,1.606041597e-13,4.021971861e-14,5.600169232e-14,4.694871397e-14,1.175121159e-13,2.903741833e-13,1.655253617e-13,1.714636009e-13,1.765441227e-13,3.482489696e-13,5.206632579e-13,3.826840304e-13,8.007516234e-14,1.297797514e-13,1.887214185e-13,9.594921457e-14,4.371166241e-14,1.00910472e-13,1.495622447e-13,5.328520389e-14,1.359476557e-13,5.303225686e-13,1.750861023e-13,6.742775707e-13,3.270457822e-14,3.177156123e-13,4.756282754e-14
135.75,3.482151025e-13,1.108112979e-13,6.378965638e-13,2.605069359e-13,7.47201654e-14,1.603897059e-13,4.059005794e-14,5.73679929e-14,4.7583964e-14,1.156242945e-13,2.947641638e-13,1.67502756e-13,1.692729246e-13,1.765931607e-13,3.512341052e-13,5.246427345e-13,3.834109182e-13,7.925005209e-14,1.29598876e-13,1.88857736e-13,9.638345165e-14,4.356098718e-14,1.007323577e-13,1.496977109e-13,5.368641905e-14,1.380033716e-13,5.33894989e-13,1.717789184e-13,6.82754224e-13,3.24743934e-14,3.180757415e-13,4.794272117e-14
135.7578125,3.505803185e-13,1.111020146e-13,6.447192091e-13,2.580550963e-13,7.497062411e-14,1.602743498e-13,4.098679566e-14,5.879441972e-14,4.827035224e-14,1.13892278e-13,2.992322449e-13,1.695529677e-13,1.671786871e-13,1.768522353e-13,3.543876717e-13,5.288543025e-13,3.841684326e-13,7.845201944e-14,1.294246131e-13,1.893612795e-13,9.680952845e-14,4.345597174e-14,1.004974941e-13,1.499758294e-13,5.409998312e-14,1.401245023e-13,5.376953319e-13,1.685688121e-13,6.913332713e-13,3.226261939e-14,3.186538652e-13,4.835114671e-14
135.765625,3.529858957e-13,1.113898645e-13,6.516403517e-13,2.558833808e-13,7.52526684e-14,1.602914746e-13,4.138825822e-14,6.029292055e-14,4.894758981e-14,1.123140183e-13,3.036596295e-13,1.715794028e-13,1.651314086e-13,1.771403407e-13,3.576249948e-13,5.33278717e-13,3.849971579e-13,7.772076563e-14,1.292305103e-13,1.899661109e-13,9.724053135e-14,4.335753175e-14,1.00274882e-13,1.50266672e-13,5.45298836e-14,1.422825702e-13,5.415604292e-13,1.655538661e-13,6.999377989e-13,3.207519775e-14,3.192151075e-13,4.877595129e-14
135.7734375,3.554930673e-13,1.117818341e-13,6.585484665e-13,2.53820843e-13,7.54417099e-14,1.602847279e-13,4.176611077e-14,6.188392999e-14,4.957699286e-14,1.107866152e-13,3.081317397e-13,1.735976101e-13,1.630884811e-13,1.773519261e-13,3.608741774e-13,5.378651567e-13,3.858857649e-13,7.704733676e-14,1.290187414e-13,1.905538877e-13,9.769871252e-14,4.322090018e-14,1.000543756e-13,1.505068568e-13,5.497006912e-14,1.444564958e-13,5.454251909e-13,1.626071524e-13,7.086934137e-13,3.189444899e-14,3.197533717e-13,4.919126096e-14
135.78125,3.579601309e-13,1.120818533e-13,6.654157378e-13,2.517542073e-13,7.557982089e-14,1.602653573e-13,4.213606517e-14,6.358480354e-14,5.019881652e-14,1.093080237e-13,3.126568414e-13,1.756256251e-13,1.610659234e-13,1.775496382e-13,3.640670242e-13,5.424476553e-13,3.867218788e-13,7.63952575e-14,1.288137785e-13,1.912162055e-13,9.815596848e-14,4.307102744e-14,9.981982934e-14,1.508182879e-13,5.540620943e-14,1.46593771e-13,5.493925637e-13,1.596526346e-13,7.175645084e-13,3.170701305e-14,3.204081298e-13,4.958537034e-14
135.7890625,3.604340622e-13,1.12253131e-13,6.722827321e-13,2.497795421e-13,7.575251462e-14,1.603576424e-13,4.253538952e-14,6.538650479e-14,5.088496416e-14,1.078649846e-13,3.171468311e-13,1.776841606e-13,1.590546475e-13,1.777895849e-13,3.673049937e-13,5.470756037e-13,3.875482978e-13,7.577721887e-14,1.286336945e-13,1.91934581e-13,9.86039641e-14,4.294258562e-14,9.954570994e-14,1.512891421e-13,5.583870028e-14,1.486970856e-13,5.534073939e-13,1.567722543e-13,7.264766586e-13,3.153102145e-14,3.211737445e-13,4.99737805e-14
135.796875,3.630831511e-13,1.124626492e-13,6.793929461e-13,2.477833531e-13,7.597086175e-14,1.604455419e-13,4.295950973e-14,6.725463871e-14,5.16166065e-14,1.064182401e-13,3.217872699e-13,1.798356492e-13,1.57031602e-13,1.780779517e-13,3.707132046e-13,5.51944555e-13,3.884880508e-13,7.521274817e-14,1.284744946e-13,1.927498709e-13,9.907199737e-14,4.281910671e-14,9.919736637e-14,1.518660296e-13,5.628080161e-14,1.508754501e-13,5.57438656e-13,1.539091601e-13,7.356146385e-13,3.138873077e-14,3.220318975e-13,5.038051871e-14
135.8046875,3.6565207e-13,1.12660058e-13,6.868590181e-13,2.458021925e-13,7.62030899e-14,1.604451327e-13,4.338321114e-14,6.924917197e-14,5.232865888e-14,1.049828434e-13,3.26636081e-13,1.820743816e-13,1.550422867e-13,1.784433539e-13,3.743028406e-13,5.571453052e-13,3.895202153e-13,7.469831666e-14,1.283319846e-13,1.937534413e-13,9.955568027e-14,4.2692343e-14,9.883918175e-14,1.52517549e-13,5.674445155e-14,1.531542649e-13,5.616469139e-13,1.509845458e-13,7.450361557e-13,3.12717841e-14,3.23061444e-13,5.080454818e-14
135.8125,3.679796677e-13,1.128330244e-13,6.943581843e-13,2.441633325e-13,7.639307026e-14,1.605101224e-13,4.380209619e-14,7.146090724e-14,5.30311095e-14,1.035822632e-13,3.313482235e-13,1.843173745e-13,1.531184814e-13,1.788734233e-13,3.780597767e-13,5.626633073e-13,3.906100884e-13,7.424548755e-14,1.282022401e-13,1.947193157e-13,1.000220293e-13,4.25772246e-14,9.855650694e-14,1.532688348e-13,5.723294562e-14,1.554237313e-13,5.659943693e-13,1.481439679e-13,7.544877532e-13,3.115681062e-14,3.241969802e-13,5.121889656e-14
135.8203125,3.704167787e-13,1.132106418e-13,7.016713457e-13,2.428209612e-13,7.653708584e-14,1.606855898e-13,4.421372582e-14,7.378903665e-14,5.376080792e-14,1.022440113e-13,3.359192301e-13,1.865722121e-13,1.512657592e-13,1.793531281e-13,3.819461086e-13,5.684021303e-13,3.917798891e-13,7.387765012e-14,1.280987328e-13,1.954959071e-13,1.004591691e-13,4.248130606e-14,9.82941723e-14,1.540991277e-13,5.773990197e-14,1.576460315e-13,5.703382103e-13,1.454369306e-13,7.63965979e-13,3.103287353e-14,3.253881138e-13,5.161225541e-14
135.828125,3.729518987e-13,1.137471733e-13,7.089928668e-13,2.415223373e-13,7.677516137e-14,1.608828631e-13,4.46296928e-14,7.608034979e-14,5.453268713e-14,1.00998419e-13,3.406650244e-13,1.889399981e-13,1.495481684e-13,1.800265337e-13,3.859172287e-13,5.742688107e-13,3.929940748e-13,7.361217121e-14,1.280671726e-13,1.964252848e-13,1.008850518e-13,4.24319772e-14,9.795583107e-14,1.549891105e-13,5.826250189e-14,1.598536977e-13,5.747803359e-13,1.427092504e-13,7.737065451e-13,3.090191683e-14,3.268750089e-13,5.199699327e-14
135.8359375,3.751743054e-13,1.141470639e-13,7.164532823e-13,2.402849453e-13,7.719445403e-14,1.610775057e-13,4.507920519e-14,7.839149358e-14,5.536972957e-14,9.983117254e-14,3.454914447e-13,1.914375875e-13,1.479447234e-13,1.810032502e-13,3.899921191e-13,5.802712117e-13,3.941894908e-13,7.344050831e-14,1.280891809e-13,1.976815672e-13,1.013465803e-13,4.244369942e-14,9.755742271e-14,1.559830627e-13,5.880616384e-14,1.620437439e-13,5.794084083e-13,1.399654544e-13,7.836623187e-13,3.077412264e-14,3.287614278e-13,5.238163508e-14
135.84375,3.772365091e-13,1.144717736e-13,7.240114385e-13,2.391148472e-13,7.765964135e-14,1.612611069e-13,4.554656795e-14,8.084087635e-14,5.62519389e-14,9.874379221e-14,3.502305579e-13,1.939891704e-13,1.463118072e-13,1.821083006e-13,3.942064452e-13,5.8649474e-13,3.95363585e-13,7.330678267e-14,1.280791553e-13,1.990183082e-13,1.018862994e-13,4.246719422e-14,9.716127466e-14,1.571141971e-13,5.936394856e-14,1.642715318e-13,5.841340054e-13,1.373393018e-13,7.937292145e-13,3.066094718e-14,3.308019813e-13,5.277682305e-14
135.8515625,3.79542297e-13,1.149144802e-13,7.316283549e-13,2.38020548e-13,7.807275527e-14,1.614940839e-13,4.599647288e-14,8.341307606e-14,5.712842431e-14,9.777665813e-14,3.549685853e-13,1.965488293e-13,1.4464237e-13,1.831476664e-13,3.985521915e-13,5.930504865e-13,3.96608673e-13,7.316937385e-14,1.280477905e-13,2.004716221e-13,1.024684362e-13,4.247323742e-14,9.677755145e-14,1.583452588e-13,5.992033854e-14,1.665860527e-13,5.889131538e-13,1.348498446e-13,8.039114423e-13,3.055936564e-14,3.32863803e-13,5.319327766e-14
135.859375,3.819470336e-13,1.153204918e-13,7.39156826e-13,2.371476649e-13,7.850637892e-14,1.618672619e-13,4.644177797e-14,8.604161153e-14,5.801316825e-14,9.691248849e-14,3.59601137e-13,1.991141171e-13,1.430525052e-13,1.841595329e-13,4.029494505e-13,5.998879841e-13,3.980044294e-13,7.305624592e-14,1.280697928e-13,2.022512141e-13,1.030052807e-13,4.249389464e-14,9.639638985e-14,1.595992726e-13,6.047970913e-14,1.688907629e-13,5.938229505e-13,1.324423985e-13,8.139720113e-13,3.045973673e-14,3.350080715e-13,5.361597326e-14
135.8671875,3.841472453e-13,1.155955568e-13,7.465283592e-13,2.363693822e-13,7.895005158e-14,1.622549432e-13,4.68906415e-14,8.869988596e-14,5.892032515e-14,9.608875167e-14,3.640166032e-13,2.017031178e-13,1.415577801e-13,1.852178698e-13,4.07335458e-13,6.068197405e-13,3.994560564e-13,7.300974479e-14,1.281306886e-13,2.041405717e-13,1.034872695e-13,4.253159451e-14,9.602907531e-14,1.608609012e-13,6.105836165e-14,1.711640705e-13,5.989720386e-13,1.300383949e-13,8.238117456e-13,3.037177384e-14,3.372679445e-13,5.403715624e-14
135.875,3.862051416e-13,1.159536236e-13,7.538946289e-13,2.354636871e-13,7.931772504e-14,1.625256435e-13,4.732520787e-14,9.141349762e-14,5.980888601e-14,9.529159082e-14,3.684054629e-13,2.043257195e-13,1.401126424e-13,1.86312556e-13,4.118381833e-13,6.139325144e-13,4.009055659e-13,7.305291904e-14,1.282000618e-13,2.059051939e-13,1.03988342e-13,4.255436041e-14,9.56772848e-14,1.622047741e-13,6.166082332e-14,1.735272074e-13,6.0424207e-13,1.276029386e-13,8.337754638e-13,3.030836836e-14,3.396524875e-13,5.447632559e-14
135.8828125,3.883099536e-13,1.164454742e-13,7.613149852e-13,2.34617149e-13,7.965358884e-14,1.628469672e-13,4.776484754e-14,9.421071797e-14,6.0680383e-14,9.456074664e-14,3.728698614e-13,2.069392123e-13,1.387032804e-13,1.874501072e-13,4.165898865e-13,6.214019747e-13,4.025152959e-13,7.319795476e-14,1.283107206e-13,2.076945754e-13,1.045384035e-13,4.2570001e-14,9.53189599e-14,1.636387265e-13,6.227829129e-14,1.759411275e-13,6.092913893e-13,1.252354322e-13,8.439559161e-13,3.025442186e-14,3.42084901e-13,5.491710825e-14
135.890625,3.90426746e-13,1.169369341e-13,7.68799493e-13,2.340256432e-13,8.001328312e-14,1.633429773e-13,4.823356976e-14,9.704344884e-14,6.156568618e-14,9.393015328e-14,3.773565473e-13,2.095298168e-13,1.373338918e-13,1.886394535e-13,4.214423288e-13,6.289844246e-13,4.042734225e-13,7.340421967e-14,1.28465092e-13,2.096338477e-13,1.051005804e-13,4.260857364e-14,9.495195238e-14,1.650814411e-13,6.289207871e-14,1.782751462e-13,6.141062391e-13,1.229955193e-13,8.54144588e-13,3.019553849e-14,3.444944315e-13,5.532177863e-14
135.8984375,3.923535191e-13,1.174070179e-13,7.76311532e-13,2.335058624e-13,8.036608034e-14,1.638244218e-13,4.871339207e-14,9.988568642e-14,6.246084498e-14,9.338407907e-14,3.817953785e-13,2.121376671e-13,1.360185185e-13,1.89841695e-13,4.261988931e-13,6.364527448e-13,4.059232111e-13,7.360433565e-14,1.286029088e-13,2.117266139e-13,1.056337047e-13,4.266612105e-14,9.460235721e-14,1.665537064e-13,6.349559319e-14,1.805769183e-13,6.18987637e-13,1.2079321e-13,8.643300752e-13,3.014090447e-14,3.469724389e-13,5.571604703e-14
135.90625,3.941123368e-13,1.178107498e-13,7.834653633e-13,2.328458403e-13,8.072500695e-14,1.641521668e-13,4.918987801e-14,1.028174705e-13,6.337858448e-14,9.288874091e-14,3.859849459e-13,2.147174118e-13,1.347174454e-13,1.910099893e-13,4.308394147e-13,6.439690716e-13,4.074666758e-13,7.381172222e-14,1.286658789e-13,2.140044258e-13,1.061002036e-13,4.271488987e-14,9.427473807e-14,1.681388553e-13,6.410944241e-14,1.829054856e-13,6.239393091e-13,1.185707533e-13,8.744147519e-13,3.008176836e-14,3.494870183e-13,5.613283254e-14
135.9140625,3.960059175e-13,1.181236139e-13,7.901476348e-13,2.320912432e-13,8.111816156e-14,1.644696393e-13,4.965862589e-14,1.058647069e-13,6.433311107e-14,9.245845169e-14,3.898948044e-13,2.172327259e-13,1.333781396e-13,1.92140746e-13,4.353910921e-13,6.515967689e-13,4.090742213e-13,7.409262486e-14,1.286750513e-13,2.163341335e-13,1.065123271e-13,4.275573603e-14,9.393277072e-14,1.698391417e-13,6.473492521e-14,1.851993392e-13,6.287829197e-13,1.16379761e-13,8.843170891e-13,2.999995188e-14,3.519073522e-13,5.653610462e-14
135.921875,3.98067135e-13,1.185152958e-13,7.969421699e-13,2.314492096e-13,8.153230676e-14,1.64907403e-13,5.010680634e-14,1.089703689e-13,6.53064716e-14,9.212908757e-14,3.938014246e-13,2.198025482e-13,1.320717479e-13,1.933058751e-13,4.399620751e-13,6.593439317e-13,4.107076126e-13,7.444900456e-14,1.287438301e-13,2.186254043e-13,1.069643804e-13,4.282219059e-14,9.353991361e-14,1.716578011e-13,6.534056583e-14,1.874470172e-13,6.335259506e-13,1.14289464e-13,8.943577637e-13,2.992432458e-14,3.543674933e-13,5.691711989e-14
135.9296875,3.999010488e-13,1.189972504e-13,8.039715733e-13,2.310225275e-13,8.199790157e-14,1.653848973e-13,5.054957665e-14,1.121309987e-13,6.631042593e-14,9.188661346e-14,3.977261297e-13,2.224588127e-13,1.308668791e-13,1.945966107e-13,4.447378306e-13,6.674817489e-13,4.123790372e-13,7.484439562e-14,1.289258065e-13,2.211422366e-13,1.07482567e-13,4.291790697e-14,9.312040301e-14,1.735730898e-13,6.593607078e-14,1.896714836e-13,6.38184415e-13,1.123070004e-13,9.045183937e-13,2.988759421e-14,3.569599959e-13,5.733573115e-14
135.9375,4.01329185e-13,1.194020198e-13,8.106555431e-13,2.307427584e-13,8.252030796e-14,1.658447915e-13,5.101673253e-14,1.153293149e-13,6.734802062e-14,9.168129344e-14,4.01404295e-13,2.250876493e-13,1.29717811e-13,1.960251112e-13,4.497282867e-13,6.76046536e-13,4.142556545e-13,7.530225688e-14,1.29164416e-13,2.239843161e-13,1.079748704e-13,4.301824222e-14,9.274646091e-14,1.754874822e-13,6.656926443e-14,1.918525068e-13,6.42793687e-13,1.103855957e-13,9.143565234e-13,2.986729538e-14,3.595616672e-13,5.77909848e-14
135.9453125,4.027286868e-13,1.198377523e-13,8.169894591e-13,2.305782993e-13,8.303671919e-14,1.663837432e-13,5.149127469e-14,1.185043409e-13,6.837613824e-14,9.149300487e-14,4.048103409e-13,2.27739375e-13,1.286210861e-13,1.975631731e-13,4.547802564e-13,6.846845987e-13,4.162827532e-13,7.587244007e-14,1.294630503e-13,2.268348359e-13,1.084360818e-13,4.313943551e-14,9.241531482e-14,1.774620792e-13,6.722247236e-14,1.940126909e-13,6.474909637e-13,1.085419262e-13,9.240293962e-13,2.984500275e-14,3.622423498e-13,5.82140829e-14
135.953125,4.044124681e-13,1.2043304e-13,8.233315014e-13,2.304366081e-13,8.358007926e-14,1.670114452e-13,5.193364034e-14,1.21699583e-13,6.941687909e-14,9.134354887e-14,4.081093947e-13,2.30508422e-13,1.275830138e-13,1.991972311e-13,4.597409207e-13,6.932350464e-13,4.182596264e-13,7.652638526e-14,1.298467712e-13,2.296059756e-13,1.089484194e-13,4.330365099e-14,9.203210046e-14,1.796418783e-13,6.782368394e-14,1.961651858e-13,6.521691847e-13,1.068091571e-13,9.337972322e-13,2.983931516e-14,3.650329325e-13,5.860175315e-14
135.9609375,4.060320516e-13,1.209859445e-13,8.294435668e-13,2.30168452e-13,8.419965614e-14,1.676119031e-13,5.234414295e-14,1.249783998e-13,7.051309197e-14,9.124444416e-14,4.113512738e-13,2.332579083e-13,1.26526779e-13,2.008610739e-13,4.645133301e-13,7.018030046e-13,4.201809265e-13,7.717089463e-14,1.302170129e-13,2.325413011e-13,1.09476792e-13,4.347729519e-14,9.157670059e-14,1.818956091e-13,6.836961831e-14,1.982555414e-13,6.565569845e-13,1.050838815e-13,9.432283588e-13,2.984637616e-14,3.676839514e-13,5.900368673e-14
135.96875,4.07098079e-13,1.214093217e-13,8.351959068e-13,2.300071329e-13,8.477251069e-14,1.681772533e-13,5.274310087e-14,1.28273957e-13,7.159915868e-14,9.117452214e-14,4.145175705e-13,2.358994897e-13,1.254900301e-13,2.024667215e-13,4.692221289e-13,7.105121534e-13,4.221613091e-13,7.776647908e-14,1.305318789e-13,2.357137157e-13,1.099534451e-13,4.363615486e-14,9.112469784e-14,1.840548255e-13,6.89266653e-14,2.003086157e-13,6.607521959e-13,1.032925092e-13,9.522381044e-13,2.985192278e-14,3.7023172e-13,5.94311118e-14
135.9765625,4.077360682e-13,1.218474778e-13,8.409702268e-13,2.301434206e-13,8.521426983e-14,1.687422473e-13,5.313435674e-14,1.315381442e-13,7.263226507e-14,9.112686108e-14,4.175779789e-13,2.385561959e-13,1.245931187e-13,2.040431792e-13,4.741186712e-13,7.194759354e-13,4.242836262e-13,7.837168236e-14,1.30911573e-13,2.390919765e-13,1.104123295e-13,4.379621142e-14,9.069958786e-14,1.862342562e-13,6.95218794e-14,2.023982055e-13,6.650396667e-13,1.015166214e-13,9.613347773e-13,2.987915619e-14,3.729159323e-13,5.987693448e-14
135.984375,4.083041364e-13,1.222647775e-13,8.467167845e-13,2.30150694e-13,8.565698835e-14,1.692874555e-13,5.353502564e-14,1.348175673e-13,7.368438512e-14,9.11126271e-14,4.204219028e-13,2.412550847e-13,1.237908566e-13,2.057030387e-13,4.791862652e-13,7.286486625e-13,4.265679456e-13,7.906866186e-14,1.314057031e-13,2.426995724e-13,1.10854172e-13,4.395917929e-14,9.029275519e-14,1.884923912e-13,7.013340277e-14,2.044740757e-13,6.693214716e-13,9.978786539e-14,9.704421663e-13,2.99313527e-14,3.756164671e-13,6.033296807e-14
135.9921875,4.088865376e-13,1.226233372e-13,8.520941084e-13,2.299273723e-13,8.622997305e-14,1.699121758e-13,5.396803572e-14,1.381129799e-13,7.478604034e-14,9.110294846e-14,4.229753798e-13,2.43918393e-13,1.230229689e-13,2.075093604e-13,4.842451034e-13,7.378479078e-13,4.288857309e-13,7.989430378e-14,1.319475144e-13,2.46404402e-13,1.112535192e-13,4.414179826e-14,8.992798937e-14,1.907294182e-13,7.074717019e-14,2.064722989e-13,6.732997931e-13,9.809134678e-14,9.791880003e-13,2.996387177e-14,3.782179283e-13,6.07705175e-14
136,4.09612644e-13,1.231370158e-13,8.572281261e-13,2.299887319e-13,8.692304992e-14,1.707016544e-13,5.440117963e-14,1.414026869e-13,7.590503277e-14,9.105805672e-14,4.253213379e-13,2.46574789e-13,1.223573019e-13,2.094609178e-13,4.892772668e-13,7.470715898e-13,4.311018443e-13,8.083874483e-14,1.325108518e-13,2.50072465e-13,1.116848225e-13,4.438489114e-14,8.95752192e-14,1.930388585e-13,7.13457024e-14,2.084429962e-13,6.769660972e-13,9.649442592e-14,9.876871498e-13,2.997342404e-14,3.808535956e-13,6.11892048e-14
136.0078125,4.105286347e-13,1.238621134e-13,8.621756081e-13,2.302542493e-13,8.76452034e-14,1.715183133e-13,5.479558475e-14,1.447079855e-13,7.704645486e-14,9.10216163e-14,4.274662709e-13,2.492302837e-13,1.217844939e-13,2.114933147e-13,4.943153652e-13,7.565006302e-13,4.33355431e-13,8.188380142e-14,1.330893327e-13,2.538303284e-13,1.121769183e-13,4.465680078e-14,8.917777892e-14,1.955331237e-13,7.191483362e-14,2.103935674e-13,6.8046937e-13,9.50277132e-14,9.959579931e-13,3.000420217e-14,3.834535364e-13,6.161986375e-14
136.015625,4.112185001e-13,1.245573385e-13,8.666820386e-13,2.303898312e-13,8.829163635e-14,1.723364e-13,5.518481929e-14,1.479919006e-13,7.819412814e-14,9.106916668e-14,4.292526579e-13,2.517871073e-13,1.21246956e-13,2.135016507e-13,4.993939984e-13,7.662879176e-13,4.358598837e-13,8.304095971e-14,1.336755173e-13,2.578134551e-13,1.126492972e-13,4.489416795e-14,8.876226145e-14,1.980254834e-13,7.248646637e-14,2.122286692e-13,6.837813693e-13,9.366929692e-14,1.003797532e-12,3.005032309e-14,3.858843035e-13,6.20533674e-14
136.0234375,4.115301197e-13,1.251655618e-13,8.709498104e-13,2.308021235e-13,8.890436789e-14,1.73361696e-13,5.56018268e-14,1.511998878e-13,7.930444119e-14,9.117010215e-14,4.307550774e-13,2.542671721e-13,1.208127028e-13,2.155228993e-13,5.046815882e-13,7.765147393e-13,4.385760761e-13,8.434466473e-14,1.343357463e-13,2.620151644e-13,1.131046129e-13,4.51365995e-14,8.835194352e-14,2.003832871e-13,7.308684995e-14,2.139263511e-13,6.868045723e-13,9.243247214e-14,1.011364377e-12,3.007572656e-14,3.883214792e-13,6.246928224e-14
136.03125,4.119748577e-13,1.259316065e-13,8.753777283e-13,2.316329533e-13,8.962223258e-14,1.746107096e-13,5.60217177e-14,1.543746021e-13,8.04142812e-14,9.125706279e-14,4.322558144e-13,2.568220928e-13,1.205199465e-13,2.177316944e-13,5.10299734e-13,7.871870178e-13,4.414631193e-13,8.581032858e-14,1.351253901e-13,2.664432865e-13,1.136118215e-13,4.544776573e-14,8.79112199e-14,2.028043502e-13,7.369173686e-14,2.155786648e-13,6.896158486e-13,9.130113398e-14,1.018851735e-12,3.009936938e-14,3.909297011e-13,6.287920424e-14
136.0390625,4.127438482e-13,1.269366776e-13,8.798176993e-13,2.323306291e-13,9.036578581e-14,1.759157473e-13,5.643162966e-14,1.575207834e-13,8.156726245e-14,9.1378685e-14,4.337364893e-13,2.594651035e-13,1.202770722e-13,2.20108673e-13,5.161313268e-13,7.981893998e-13,4.44634997e-13,8.741049459e-14,1.35978601e-13,2.710491579e-13,1.141709195e-13,4.578444424e-14,8.745186832e-14,2.054285791e-13,7.429021482e-14,2.172380399e-13,6.923999154e-13,9.026177092e-14,1.026148803e-12,3.015284816e-14,3.936153181e-13,6.327628277e-14
136.046875,4.133955924e-13,1.279616633e-13,8.840041428e-13,2.328710294e-13,9.097482708e-14,1.77233298e-13,5.684474188e-14,1.605646488e-13,8.271207079e-14,9.158513064e-14,4.349889795e-13,2.62044149e-13,1.200356903e-13,2.224532688e-13,5.219495289e-13,8.092884352e-13,4.479774199e-13,8.908442313e-14,1.368169066e-13,2.75696824e-13,1.147485259e-13,4.608975541e-14,8.700069147e-14,2.080821298e-13,7.489048329e-14,2.188396001e-13,6.951430139e-13,8.932948499e-14,1.033155216e-12,3.021762913e-14,3.962460174e-13,6.364785781e-14
136.0546875,4.137039145e-13,1.289138537e-13,8.879551583e-13,2.335586085e-13,9.154455503e-14,1.785474515e-13,5.726034094e-14,1.635568456e-13,8.381404962e-14,9.180616487e-14,4.359951011e-13,2.645010518e-13,1.198395004e-13,2.24756237e-13,5.276361206e-13,8.203407185e-13,4.512581487e-13,9.079037147e-14,1.376689116e-13,2.803758347e-13,1.152964353e-13,4.638593945e-14,8.652013885e-14,2.106085961e-13,7.547448869e-14,2.20312908e-13,6.976096924e-13,8.843694725e-14,1.03982021e-12,3.027472262e-14,3.988025284e-13,6.401089655e-14
136.0625,4.138412181e-13,1.299436928e-13,8.916730979e-13,2.34191494e-13,9.216627823e-14,1.798119983e-13,5.76704349e-14,1.665978712e-13,8.489972777e-14,9.202063106e-14,4.368055639e-13,2.669341484e-13,1.19718592e-13,2.271266141e-13,5.332768294e-13,8.31453723e-13,4.545995995e-13,9.255012587e-14,1.385943661e-13,2.85164262e-13,1.157846717e-13,4.669172438e-14,8.599738588e-14,2.130978174e-13,7.60379733e-14,2.217155108e-13,6.99792401e-13,8.753906645e-14,1.046169597e-12,3.034295651e-14,4.013389953e-13,6.435288602e-14
136.0703125,4.138999397e-13,1.310523787e-13,8.951752455e-13,2.346827596e-13,9.276031711e-14,1.811282957e-13,5.805952352e-14,1.696162462e-13,8.597035714e-14,9.230134424e-14,4.374680244e-13,2.693907537e-13,1.196560398e-13,2.295569199e-13,5.389562897e-13,8.426176302e-13,4.581338031e-13,9.439636977e-14,1.395947027e-13,2.900841899e-13,1.162811737e-13,4.699909372e-14,8.54625741e-14,2.156112192e-13,7.659787944e-14,2.231338406e-13,7.019065907e-13,8.670844284e-14,1.052370598e-12,3.043848628e-14,4.038664191e-13,6.465641076e-14
136.078125,4.138636388e-13,1.320885566e-13,8.985316488e-13,2.352616543e-13,9.338456242e-14,1.826187387e-13,5.84239887e-14,1.725143042e-13,8.704164179e-14,9.261683694e-14,4.380379391e-13,2.718121264e-13,1.196347978e-13,2.320833546e-13,5.44538456e-13,8.535170339e-13,4.616407473e-13,9.631826008e-14,1.406548754e-13,2.95181662e-13,1.168167622e-13,4.73352714e-14,8.490572546e-14,2.180553954e-13,7.714481468e-14,2.245108995e-13,7.038078197e-13,8.596561294e-14,1.058353722e-12,3.055089324e-14,4.06339619e-13,6.497138152e-14
136.0859375,4.137754225e-13,1.330733143e-13,9.015705036e-13,2.358228121e-13,9.409603067e-14,1.841816371e-13,5.879742984e-14,1.753417463e-13,8.815603095e-14,9.288131432e-14,4.383592239e-13,2.74149429e-13,1.19655441e-13,2.347151308e-13,5.49871977e-13,8.640741486e-13,4.649799574e-13,9.829090085e-14,1.417534899e-13,3.004504972e-13,1.172960429e-13,4.770232077e-14,8.432142569e-14,2.204813737e-13,7.767030971e-14,2.2576647e-13,7.052005916e-13,8.529420834e-14,1.063845597e-12,3.065936913e-14,4.087411032e-13,6.531948733e-14
136.09375,4.136582986e-13,1.340560624e-13,9.040455111e-13,2.361999761e-13,9.472723977e-14,1.856249779e-13,5.918227916e-14,1.781704426e-13,8.928163193e-14,9.314191856e-14,4.382146444e-13,2.763687102e-13,1.196754611e-13,2.372194265e-13,5.549432943e-13,8.745208773e-13,4.681888517e-13,1.002869703e-13,1.428243632e-13,3.057428568e-13,1.177001045e-13,4.803155691e-14,8.374781073e-14,2.230586555e-13,7.817378462e-14,2.269459123e-13,7.061814489e-13,8.474890992e-14,1.068764568e-12,3.075859552e-14,4.10973029e-13,6.564518201e-14
136.1015625,4.134859738e-13,1.350213159e-13,9.060606429e-13,2.365966451e-13,9.528476776e-14,1.870055706e-13,5.953213646e-14,1.809993909e-13,9.038143447e-14,9.348571241e-14,4.376878515e-13,2.784974853e-13,1.196720725e-13,2.395394506e-13,5.597745291e-13,8.849027202e-13,4.712950103e-13,1.023263318e-13,1.438714767e-13,3.110551062e-13,1.181317856e-13,4.831582513e-14,8.319648063e-14,2.257156075e-13,7.862964945e-14,2.28062778e-13,7.068086255e-13,8.43493519e-14,1.07311646e-12,3.08709783e-14,4.129204788e-13,6.593905251e-14
136.109375,4.132736334e-13,1.361960339e-13,9.079605638e-13,2.372204249e-13,9.595133806e-14,1.886004383e-13,5.984482168e-14,1.837662283e-13,9.149288179e-14,9.389984754e-14,4.369900617e-13,2.806928834e-13,1.197810198e-13,2.419628009e-13,5.645150081e-13,8.951986255e-13,4.745034891e-13,1.045273044e-13,1.450320189e-13,3.165472391e-13,1.186271753e-13,4.864519395e-14,8.264270977e-14,2.28275672e-13,7.903644958e-14,2.290595133e-13,7.069274387e-13,8.408717894e-14,1.077074356e-12,3.101046052e-14,4.147855442e-13,6.623949633e-14
136.1171875,4.12984329e-13,1.377254886e-13,9.098074804e-13,2.379875963e-13,9.663111327e-14,1.903943061e-13,6.01459045e-14,1.863933436e-13,9.260216835e-14,9.432540255e-14,4.361801986e-13,2.829747206e-13,1.200750844e-13,2.444805953e-13,5.692954233e-13,9.054597911e-13,4.778846796e-13,1.068969359e-13,1.4633632e-13,3.222052429e-13,1.191286371e-13,4.903478523e-14,8.206081324e-14,2.307778087e-13,7.943283759e-14,2.299926074e-13,7.067212807e-13,8.395731796e-14,1.081031248e-12,3.114839807e-14,4.167961324e-13,6.654111364e-14
136.125,4.12467492e-13,1.391739653e-13,9.113178745e-13,2.386392139e-13,9.720035314e-14,1.920190527e-13,6.04270515e-14,1.889195876e-13,9.365907468e-14,9.473597004e-14,4.352516369e-13,2.850964046e-13,1.203637448e-13,2.468083037e-13,5.739116728e-13,9.155653842e-13,4.811124558e-13,1.092310627e-13,1.476336826e-13,3.279851672e-13,1.195864285e-13,4.939667585e-14,8.144115634e-14,2.333087732e-13,7.984024463e-14,2.309316759e-13,7.064455997e-13,8.385465212e-14,1.084925083e-12,3.125612808e-14,4.187523196e-13,6.68322991e-14
136.1328125,4.117570433e-13,1.402445272e-13,9.125421596e-13,2.391088607e-13,9.781119675e-14,1.934451363e-13,6.069995773e-14,1.914414504e-13,9.471135098e-14,9.515322862e-14,4.342147593e-13,2.87006346e-13,1.205787826e-13,2.490759578e-13,5.782441843e-13,9.254717893e-13,4.842083029e-13,1.114846746e-13,1.488985087e-13,3.340008748e-13,1.200232278e-13,4.971279913e-14,8.082064608e-14,2.358495412e-13,8.026423987e-14,2.318009101e-13,7.059688505e-13,8.375060991e-14,1.08834052e-12,3.135096977e-14,4.205011045e-13,6.711750315e-14
136.140625,4.11122534e-13,1.41368807e-13,9.138043912e-13,2.396688041e-13,9.852335372e-14,1.949982748e-13,6.098286765e-14,1.939034597e-13,9.579688389e-14,9.560533012e-14,4.329833693e-13,2.88958995e-13,1.209162919e-13,2.515596631e-13,5.82476828e-13,9.352331085e-13,4.874661858e-13,1.138300913e-13,1.502495936e-13,3.401922743e-13,1.205225156e-13,5.004583558e-14,8.023797109e-14,2.383865513e-13,8.067864595e-14,2.325793517e-13,7.051015259e-13,8.380978308e-14,1.091264169e-12,3.146695377e-14,4.221803287e-13,6.737594481e-14
136.1484375,4.106011756e-13,1.428069277e-13,9.14815711e-13,2.403856325e-13,9.921900021e-14,1.966414636e-13,6.12270626e-14,1.962165925e-13,9.685608667e-14,9.606867254e-14,4.314036538e-13,2.909596207e-13,1.213601393e-13,2.54067399e-13,5.864975322e-13,9.445588448e-13,4.90592349e-13,1.162319214e-13,1.516442389e-13,3.463740537e-13,1.211033329e-13,5.038973856e-14,7.966423829e-14,2.408626966e-13,8.101346106e-14,2.333667908e-13,7.036998067e-13,8.403190299e-14,1.093708625e-12,3.1617156e-14,4.236469231e-13,6.760407845e-14
136.15625,4.099618036e-13,1.442507604e-13,9.153084505e-13,2.40989037e-13,9.986588203e-14,1.981657327e-13,6.14060617e-14,1.984370207e-13,9.787458347e-14,9.650387343e-14,4.295761557e-13,2.927907141e-13,1.217229945e-13,2.563804323e-13,5.901295424e-13,9.533292163e-13,4.933673305e-13,1.185537309e-13,1.529680405e-13,3.526116242e-13,1.2169043e-13,5.069516324e-14,7.905920906e-14,2.432076642e-13,8.127234956e-14,2.341474598e-13,7.017179302e-13,8.424044995e-14,1.09554809e-12,3.179565881e-14,4.247411269e-13,6.782780621e-14
136.1640625,4.091766145e-13,1.456809495e-13,9.159135285e-13,2.414999657e-13,1.004990075e-13,1.997316079e-13,6.158314007e-14,2.006053833e-13,9.891570693e-14,9.69168119e-14,4.278035683e-13,2.945489292e-13,1.221015313e-13,2.587611231e-13,5.937281232e-13,9.619869784e-13,4.962715215e-13,1.209229078e-13,1.543100334e-13,3.590052166e-13,1.222563162e-13,5.100351326e-14,7.841538008e-14,2.455376864e-13,8.154339824e-14,2.3481707e-13,6.994925473e-13,8.449627249e-14,1.097181437e-12,3.198275425e-14,4.258843616e-13,6.803655161e-14
136.171875,4.083806435e-13,1.473283514e-13,9.167389409e-13,2.421295213e-13,1.011931728e-13,2.014686587e-13,6.17863621e-14,2.026767436e-13,1.00006384e-13,9.733445023e-14,4.260227966e-13,2.964170613e-13,1.226421895e-13,2.614702116e-13,5.974874333e-13,9.706342558e-13,4.994489871e-13,1.234475311e-13,1.558024637e-13,3.655311016e-13,1.228371622e-13,5.138307269e-14,7.773119805e-14,2.479658988e-13,8.183713002e-14,2.353957165e-13,6.97209001e-13,8.495087585e-14,1.098902172e-12,3.21588598e-14,4.273304478e-13,6.821753707e-14
136.1796875,4.074710765e-13,1.489825513e-13,9.168874922e-13,2.427727421e-13,1.019764895e-13,2.032063671e-13,6.19654977e-14,2.046446061e-13,1.011009386e-13,9.777228429e-14,4.239273072e-13,2.982280328e-13,1.232052014e-13,2.642921311e-13,6.010591075e-13,9.789175107e-13,5.02512111e-13,1.259699461e-13,1.573966771e-13,3.722534995e-13,1.234330914e-13,5.178705193e-14,7.703887305e-14,2.503372921e-13,8.209400698e-14,2.359754298e-13,6.945480828e-13,8.548620159e-14,1.100178179e-12,3.233332338e-14,4.286432824e-13,6.840428631e-14
136.1875,4.06203758e-13,1.50432956e-13,9.163397074e-13,2.432575598e-13,1.0267381e-13,2.048540118e-13,6.21067487e-14,2.064940066e-13,1.021348245e-13,9.823092795e-14,4.215799624e-13,2.998320359e-13,1.236726142e-13,2.669198976e-13,6.042986943e-13,9.868038119e-13,5.053938819e-13,1.283866022e-13,1.589744304e-13,3.790869259e-13,1.240309655e-13,5.21280756e-14,7.637233243e-14,2.524956451e-13,8.230696457e-14,2.365584456e-13,6.914342693e-13,8.594890192e-14,1.100705121e-12,3.252828456e-14,4.295852849e-13,6.859857607e-14
136.1953125,4.046623368e-13,1.518882096e-13,9.158659508e-13,2.435821134e-13,1.032307671e-13,2.064521664e-13,6.22513193e-14,2.081958806e-13,1.031170764e-13,9.869209909e-14,4.191193886e-13,3.013698927e-13,1.241378361e-13,2.694453374e-13,6.072999639e-13,9.943509383e-13,5.081679725e-13,1.307946451e-13,1.604857069e-13,3.857554605e-13,1.246522929e-13,5.242907603e-14,7.568461708e-14,2.54542607e-13,8.249630476e-14,2.3705626e-13,6.880902243e-13,8.640730319e-14,1.100845829e-12,3.273200905e-14,4.304375419e-13,6.874985401e-14
136.203125,4.032933337e-13,1.534421572e-13,9.154741596e-13,2.438160379e-13,1.038669049e-13,2.080701397e-13,6.241264417e-14,2.098296713e-13,1.041082765e-13,9.914266284e-14,4.164310138e-13,3.029022407e-13,1.246822873e-13,2.721092366e-13,6.100933172e-13,1.001546312e-12,5.108377025e-13,1.333174994e-13,1.619747566e-13,3.923961045e-13,1.253055262e-13,5.276584598e-14,7.493526542e-14,2.566243425e-13,8.266548536e-14,2.374118298e-13,6.844471966e-13,8.697938524e-14,1.100720085e-12,3.292131872e-14,4.313381081e-13,6.885634772e-14
136.2109375,4.022367713e-13,1.550775793e-13,9.148473409e-13,2.441083466e-13,1.045868411e-13,2.097931826e-13,6.255765755e-14,2.114673963e-13,1.050891695e-13,9.960495473e-14,4.135895001e-13,3.043223323e-13,1.25293185e-13,2.748473666e-13,6.128720179e-13,1.008755308e-12,5.13640741e-13,1.360016598e-13,1.635379718e-13,3.994131723e-13,1.259629685e-13,5.312881968e-14,7.416644074e-14,2.58716355e-13,8.281872815e-14,2.376755732e-13,6.804351763e-13,8.771443178e-14,1.100206229e-12,3.311291762e-14,4.321815641e-13,6.897101691e-14
136.21875,4.010561678e-13,1.569785624e-13,9.139392043e-13,2.445068827e-13,1.052128916e-13,2.115434511e-13,6.266151895e-14,2.130490167e-13,1.060299244e-13,1.001042315e-13,4.107195847e-13,3.056388903e-13,1.259455256e-13,2.775187352e-13,6.157027236e-13,1.016182295e-12,5.166274441e-13,1.387812442e-13,1.651799977e-13,4.067288434e-13,1.26615291e-13,5.346742539e-14,7.339823547e-14,2.607039767e-13,8.295591062e-14,2.378934378e-13,6.76184755e-13,8.861963032e-14,1.099384474e-12,3.332606391e-14,4.329197786e-13,6.909837553e-14
136.2265625,3.995858785e-13,1.590525056e-13,9.127384101e-13,2.449472809e-13,1.058471883e-13,2.132911412e-13,6.275511608e-14,2.1454361e-13,1.070100987e-13,1.006067942e-13,4.076460996e-13,3.069551802e-13,1.26658058e-13,2.802751161e-13,6.183676149e-13,1.023380639e-12,5.194957318e-13,1.415659231e-13,1.668297859e-13,4.139538496e-13,1.272875058e-13,5.381243136e-14,7.260526184e-14,2.625654274e-13,8.308782316e-14,2.380170158e-13,6.716517108e-13,8.962944937e-14,1.098262952e-12,3.354088689e-14,4.336229636e-13,6.918930595e-14
136.234375,3.982381576e-13,1.609454629e-13,9.115759194e-13,2.455011629e-13,1.06600213e-13,2.15260628e-13,6.288110917e-14,2.159819692e-13,1.080547419e-13,1.010649036e-13,4.044102637e-13,3.082961253e-13,1.274579784e-13,2.832317668e-13,6.209416883e-13,1.030020733e-12,5.222090104e-13,1.443408706e-13,1.685096918e-13,4.209907668e-13,1.279784176e-13,5.421798332e-14,7.178772758e-14,2.643985253e-13,8.32252103e-14,2.380488503e-13,6.66765625e-13,9.066378621e-14,1.09676112e-12,3.375571597e-14,4.344133673e-13,6.923372463e-14
136.2421875,3.970605922e-13,1.627800591e-13,9.1068178e-13,2.461144852e-13,1.072979864e-13,2.174036218e-13,6.301396786e-14,2.172979669e-13,1.09052081e-13,1.015268382e-13,4.012506088e-13,3.096066013e-13,1.282742008e-13,2.862001476e-13,6.235382183e-13,1.036187605e-12,5.24919329e-13,1.470745977e-13,1.70252326e-13,4.279900661e-13,1.286652673e-13,5.463362319e-14,7.095413353e-14,2.662099567e-13,8.333034374e-14,2.380917184e-13,6.616301042e-13,9.174455296e-14,1.094951208e-12,3.400253936e-14,4.352181997e-13,6.926875331e-14
136.25,3.956144653e-13,1.64838716e-13,9.096236833e-13,2.465849538e-13,1.078755443e-13,2.194051372e-13,6.311257235e-14,2.184138734e-13,1.099644004e-13,1.020571424e-13,3.980021738e-13,3.108363872e-13,1.290490093e-13,2.8911086e-13,6.258730595e-13,1.041929226e-12,5.276216114e-13,1.497373244e-13,1.719906675e-13,4.350722378e-13,1.293706413e-13,5.498704866e-14,7.011636751e-14,2.678450638e-13,8.338711301e-14,2.381743437e-13,6.562715153e-13,9.294019199e-14,1.092908222e-12,3.427156203e-14,4.358155579e-13,6.930623399e-14
136.2578125,3.938649342e-13,1.669252184e-13,9.083760398e-13,2.470593803e-13,1.084965836e-13,2.213412021e-13,6.32056601e-14,2.194019712e-13,1.108788597e-13,1.025898348e-13,3.945263442e-13,3.120142951e-13,1.29893866e-13,2.921450201e-13,6.279337099e-13,1.04733522e-12,5.303709623e-13,1.523999545e-13,1.737168322e-13,4.423552791e-13,1.301279602e-13,5.532025677e-14,6.92971355e-14,2.692855982e-13,8.345611747e-14,2.38248187e-13,6.506839557e-13,9.424070358e-14,1.090694877e-12,3.452848257e-14,4.362764803e-13,6.933134849e-14
136.265625,3.921378506e-13,1.689074944e-13,9.073580307e-13,2.476714514e-13,1.091968997e-13,2.233939795e-13,6.332216945e-14,2.203514684e-13,1.118285557e-13,1.030716475e-13,3.910729966e-13,3.131725475e-13,1.308574153e-13,2.952706079e-13,6.300327179e-13,1.052588755e-12,5.332081159e-13,1.55097536e-13,1.754768728e-13,4.500070303e-13,1.309308784e-13,5.56809677e-14,6.847511467e-14,2.707171558e-13,8.355471856e-14,2.383192766e-13,6.449421969e-13,9.558980338e-14,1.088451304e-12,3.479074234e-14,4.367702416e-13,6.934529614e-14
136.2734375,3.905325965e-13,1.710184786e-13,9.062752071e-13,2.48145847e-13,1.098499186e-13,2.254187666e-13,6.343534037e-14,2.212143919e-13,1.1274875e-13,1.035944812e-13,3.876453951e-13,3.142584454e-13,1.318124118e-13,2.982663179e-13,6.320778842e-13,1.057596468e-12,5.35976313e-13,1.578029368e-13,1.772192823e-13,4.579633632e-13,1.31777688e-13,5.601204139e-14,6.761877031e-14,2.72165523e-13,8.362513456e-14,2.384046157e-13,6.389819396e-13,9.700705804e-14,1.086187695e-12,3.508359875e-14,4.371626259e-13,6.934557065e-14
136.28125,3.890068203e-13,1.732602096e-13,9.049176383e-13,2.484379267e-13,1.104071942e-13,2.27383131e-13,6.354136214e-14,2.219167839e-13,1.135907637e-13,1.041853917e-13,3.840004268e-13,3.152842645e-13,1.327475512e-13,3.011760725e-13,6.33832887e-13,1.062088056e-12,5.386401406e-13,1.605671072e-13,1.789221198e-13,4.658210027e-13,1.326740119e-13,5.6284003e-14,6.675403215e-14,2.734764269e-13,8.365950068e-14,2.384710292e-13,6.326724162e-13,9.856649681e-14,1.083725156e-12,3.538522935e-14,4.373839644e-13,6.930968541e-14
136.2890625,3.87592673e-13,1.754656876e-13,9.037948167e-13,2.487602172e-13,1.109296877e-13,2.294180933e-13,6.366848374e-14,2.224771346e-13,1.143812802e-13,1.04748265e-13,3.802051089e-13,3.163286583e-13,1.337692825e-13,3.04166672e-13,6.35365669e-13,1.066074437e-12,5.413653259e-13,1.63421351e-13,1.806679489e-13,4.734267915e-13,1.33587888e-13,5.655218306e-14,6.590077004e-14,2.746654576e-13,8.370157564e-14,2.384923083e-13,6.261086805e-13,1.002804055e-13,1.080881098e-12,3.567758155e-14,4.375587591e-13,6.923257004e-14
136.296875,3.863488642e-13,1.77735591e-13,9.02832561e-13,2.490563394e-13,1.11449417e-13,2.315081557e-13,6.380272006e-14,2.22936185e-13,1.15150438e-13,1.052946216e-13,3.764394529e-13,3.17296181e-13,1.348684555e-13,3.071465393e-13,6.367657183e-13,1.069798661e-12,5.441808252e-13,1.663057578e-13,1.824678252e-13,4.81090664e-13,1.344680641e-13,5.682863026e-14,6.503838218e-14,2.758343927e-13,8.375224852e-14,2.38467414e-13,6.19434753e-13,1.021235971e-13,1.077620767e-12,3.596656527e-14,4.37627226e-13,6.913166594e-14
136.3046875,3.852366005e-13,1.801246299e-13,9.015344564e-13,2.49322213e-13,1.119590819e-13,2.336575446e-13,6.390840037e-14,2.233233461e-13,1.158865205e-13,1.058937856e-13,3.727288288e-13,3.180782841e-13,1.360068929e-13,3.100159989e-13,6.380338079e-13,1.073317919e-12,5.469253595e-13,1.69194175e-13,1.842704812e-13,4.889355867e-13,1.353079963e-13,5.708665328e-14,6.415728624e-14,2.769091913e-13,8.378007345e-14,2.38394645e-13,6.125390196e-13,1.040857689e-13,1.074174863e-12,3.624814006e-14,4.375550737e-13,6.901947641e-14
136.3125,3.840594294e-13,1.824822285e-13,9.002014159e-13,2.496690343e-13,1.125191827e-13,2.358607212e-13,6.399481762e-14,2.237244347e-13,1.166211391e-13,1.064808219e-13,3.690853802e-13,3.188413594e-13,1.372086756e-13,3.129556244e-13,6.391705442e-13,1.076571475e-12,5.495735637e-13,1.720861907e-13,1.860806071e-13,4.968324195e-13,1.361813014e-13,5.734634516e-14,6.325588814e-14,2.778619572e-13,8.37883937e-14,2.382727208e-13,6.052965725e-13,1.06102181e-13,1.070818587e-12,3.652298669e-14,4.375548829e-13,6.890299259e-14
136.3203125,3.827719336e-13,1.847806507e-13,8.992361307e-13,2.499503705e-13,1.131582664e-13,2.380232743e-13,6.410111931e-14,2.241904938e-13,1.17409045e-13,1.069966439e-13,3.654805146e-13,3.197459678e-13,1.384691648e-13,3.160745623e-13,6.40179448e-13,1.07971952e-12,5.523586262e-13,1.749724754e-13,1.878903659e-13,5.048143128e-13,1.371491495e-13,5.762182722e-14,6.233785637e-14,2.788608446e-13,8.381512283e-14,2.381322951e-13,5.978824347e-13,1.081067521e-13,1.067487362e-12,3.681020894e-14,4.377041491e-13,6.878683122e-14
136.328125,3.81580962e-13,1.870640303e-13,8.984376461e-13,2.501308362e-13,1.137525495e-13,2.402353098e-13,6.423177396e-14,2.246174522e-13,1.182111078e-13,1.075189016e-13,3.618870618e-13,3.207106689e-13,1.397649126e-13,3.191995948e-13,6.411260462e-13,1.08281249e-12,5.553167611e-13,1.778477187e-13,1.896409523e-13,5.12867488e-13,1.381788777e-13,5.788665608e-14,6.141983406e-14,2.799558214e-13,8.385989432e-14,2.380629323e-13,5.904550523e-13,1.101561184e-13,1.064058017e-12,3.712049503e-14,4.378956048e-13,6.867789689e-14
136.3359375,3.804422231e-13,1.893668288e-13,8.976885582e-13,2.503609815e-13,1.142697776e-13,2.42548067e-13,6.43530837e-14,2.249347201e-13,1.189919941e-13,1.081083949e-13,3.583888657e-13,3.216668652e-13,1.410618487e-13,3.222500623e-13,6.419787454e-13,1.085520152e-12,5.580934463e-13,1.806381159e-13,1.913095951e-13,5.209248574e-13,1.392662161e-13,5.813451e-14,6.048776691e-14,2.810152065e-13,8.386561873e-14,2.380916338e-13,5.828375461e-13,1.123108383e-13,1.060721474e-12,3.744257372e-14,4.380698812e-13,6.858928543e-14
136.34375,3.791547412e-13,1.917699586e-13,8.970634317e-13,2.505182756e-13,1.148502421e-13,2.447721382e-13,6.447045879e-14,2.252424523e-13,1.197928475e-13,1.087227191e-13,3.549362533e-13,3.225933247e-13,1.423198366e-13,3.253332293e-13,6.425866468e-13,1.087707504e-12,5.605831975e-13,1.833035622e-13,1.929304772e-13,5.290601316e-13,1.404290841e-13,5.837497625e-14,5.952593553e-14,2.819775933e-13,8.382247398e-14,2.380731549e-13,5.748485481e-13,1.145178014e-13,1.0574685e-12,3.775134864e-14,4.38125979e-13,6.850149856e-14
136.3515625,3.77925518e-13,1.941236213e-13,8.96525776e-13,2.505537172e-13,1.154652877e-13,2.46967203e-13,6.463285847e-14,2.255651619e-13,1.205666138e-13,1.092949155e-13,3.513546015e-13,3.23376447e-13,1.435844926e-13,3.28439952e-13,6.43000559e-13,1.089527285e-12,5.630903808e-13,1.859747427e-13,1.945295316e-13,5.370565993e-13,1.415527426e-13,5.859752945e-14,5.858063143e-14,2.828163475e-13,8.379666854e-14,2.379340688e-13,5.66584817e-13,1.167256039e-13,1.053862177e-12,3.804563022e-14,4.380044643e-13,6.836097981e-14
136.359375,3.769800346e-13,1.962681613e-13,8.961668751e-13,2.506868346e-13,1.159717409e-13,2.493255999e-13,6.482993001e-14,2.257818565e-13,1.212353047e-13,1.098091808e-13,3.47706977e-13,3.240477212e-13,1.449182054e-13,3.315177338e-13,6.433445963e-13,1.090972975e-12,5.657181861e-13,1.887390098e-13,1.960952126e-13,5.44670146e-13,1.425999197e-13,5.8799546e-14,5.768644155e-14,2.834711715e-13,8.381069724e-14,2.378619844e-13,5.582679615e-13,1.189573923e-13,1.04993851e-12,3.836729567e-14,4.378977095e-13,6.816557787e-14
136.3671875,3.760963409e-13,1.985875553e-13,8.960865976e-13,2.508612048e-13,1.164420084e-13,2.516889102e-13,6.500676625e-14,2.258840183e-13,1.218843205e-13,1.103401483e-13,3.441359053e-13,3.248214698e-13,1.463073493e-13,3.346334941e-13,6.43547314e-13,1.092129247e-12,5.68354148e-13,1.915196626e-13,1.97630262e-13,5.523184726e-13,1.437640457e-13,5.90000383e-14,5.680529661e-14,2.840159054e-13,8.382298623e-14,2.379673817e-13,5.500707925e-13,1.212751647e-13,1.046406248e-12,3.872581574e-14,4.379820373e-13,6.796950781e-14
136.375,3.750988196e-13,2.013289846e-13,8.961227223e-13,2.508800319e-13,1.169475169e-13,2.539326438e-13,6.51770238e-14,2.259429916e-13,1.225785669e-13,1.109615651e-13,3.40554943e-13,3.256686866e-13,1.47736361e-13,3.377366807e-13,6.435363497e-13,1.093137486e-12,5.709376731e-13,1.942640408e-13,1.991421505e-13,5.602604313e-13,1.450879941e-13,5.919908019e-14,5.59080428e-14,2.845753725e-13,8.382088316e-14,2.380811029e-13,5.419321225e-13,1.237090158e-13,1.043436299e-12,3.907111908e-14,4.381282626e-13,6.779070976e-14
136.3828125,3.740974612e-13,2.039680576e-13,8.96170771e-13,2.507885872e-13,1.173886945e-13,2.561513474e-13,6.537965296e-14,2.259348749e-13,1.232179278e-13,1.116148045e-13,3.369233864e-13,3.263489867e-13,1.491552533e-13,3.406797132e-13,6.433249137e-13,1.093726946e-12,5.733552077e-13,1.969594686e-13,2.005802155e-13,5.68084011e-13,1.463868586e-13,5.937105506e-14,5.501413327e-14,2.850859127e-13,8.381990574e-14,2.38119339e-13,5.335894468e-13,1.261728556e-13,1.040323259e-12,3.939386458e-14,4.381429143e-13,6.761362791e-14
136.390625,3.731617697e-13,2.062378915e-13,8.963313974e-13,2.506599883e-13,1.178017532e-13,2.583345402e-13,6.559072147e-14,2.258584164e-13,1.237714066e-13,1.122325015e-13,3.334240936e-13,3.268757905e-13,1.505042663e-13,3.435523108e-13,6.43005897e-13,1.093783545e-12,5.756471081e-13,1.995635708e-13,2.019467101e-13,5.757418513e-13,1.476534395e-13,5.951664523e-14,5.413008829e-14,2.854270193e-13,8.382305816e-14,2.381942847e-13,5.249950326e-13,1.286054987e-13,1.036724882e-12,3.972494032e-14,4.380790448e-13,6.743216164e-14
136.3984375,3.722946975e-13,2.085378703e-13,8.967235929e-13,2.505685491e-13,1.182958328e-13,2.605982902e-13,6.579861093e-14,2.257483546e-13,1.243174094e-13,1.128922281e-13,3.301485409e-13,3.274535569e-13,1.518909921e-13,3.465457873e-13,6.427665059e-13,1.093615748e-12,5.780582326e-13,2.020913318e-13,2.033385949e-13,5.834085494e-13,1.490281431e-13,5.967141773e-14,5.322913872e-14,2.856327794e-13,8.383180233e-14,2.382704939e-13,5.163037071e-13,1.31106763e-13,1.033140234e-12,4.004322674e-14,4.381148863e-13,6.721425857e-14
136.40625,3.714748679e-13,2.109146996e-13,8.97469659e-13,2.50564171e-13,1.18783008e-13,2.631297906e-13,6.604736858e-14,2.255484509e-13,1.24860382e-13,1.136550417e-13,3.269923215e-13,3.281181564e-13,1.534006709e-13,3.496526075e-13,6.42543873e-13,1.093181876e-12,5.805563206e-13,2.045982589e-13,2.047151055e-13,5.906972804e-13,1.50499822e-13,5.98432883e-14,5.229732554e-14,2.857963301e-13,8.383885181e-14,2.382351007e-13,5.075443358e-13,1.336983811e-13,1.029937811e-12,4.033259146e-14,4.38288399e-13,6.693816108e-14
136.4140625,3.706421079e-13,2.131884705e-13,8.985776794e-13,2.50465742e-13,1.192083719e-13,2.656721073e-13,6.633460052e-14,2.252694409e-13,1.253827384e-13,1.144537065e-13,3.239024441e-13,3.28807289e-13,1.548964708e-13,3.527857495e-13,6.421084924e-13,1.092436769e-12,5.830242552e-13,2.071073087e-13,2.059379494e-13,5.976262761e-13,1.51982808e-13,6.000479493e-14,5.135429543e-14,2.85942413e-13,8.383061801e-14,2.382396349e-13,4.988352847e-13,1.362863335e-13,1.02698451e-12,4.064688587e-14,4.385407336e-13,6.667376331e-14
136.421875,3.698682497e-13,2.156478744e-13,8.999667068e-13,2.502458323e-13,1.196549427e-13,2.67997773e-13,6.660814487e-14,2.25030886e-13,1.259053128e-13,1.152601161e-13,3.209789274e-13,3.295346532e-13,1.56347713e-13,3.559073596e-13,6.41633198e-13,1.091845769e-12,5.856610035e-13,2.096477746e-13,2.070740709e-13,6.049068409e-13,1.534742239e-13,6.015321522e-14,5.04118361e-14,2.8604583e-13,8.38235989e-14,2.384727565e-13,4.904439926e-13,1.389367073e-13,1.024291587e-12,4.101059209e-14,4.388745454e-13,6.648332482e-14
136.4296875,3.692109594e-13,2.183677343e-13,9.017874225e-13,2.501667931e-13,1.200989595e-13,2.703897566e-13,6.688048069e-14,2.24804026e-13,1.26403483e-13,1.161007862e-13,3.183124629e-13,3.303119164e-13,1.578921959e-13,3.59004103e-13,6.413558924e-13,1.091368845e-12,5.884948938e-13,2.122028814e-13,2.082654877e-13,6.124436069e-13,1.550032103e-13,6.031074229e-14,4.945849386e-14,2.860598803e-13,8.384240758e-14,2.388022724e-13,4.823282817e-13,1.416918614e-13,1.022022211e-12,4.138015053e-14,4.393273789e-13,6.63051054e-14
136.4375,3.684918066e-13,2.209376337e-13,9.040849846e-13,2.501530073e-13,1.205073407e-13,2.729479103e-13,6.72038212e-14,2.245010363e-13,1.268664865e-13,1.169269759e-13,3.158118533e-13,3.311179519e-13,1.594682277e-13,3.621363307e-13,6.410370485e-13,1.090395232e-12,5.912337255e-13,2.146662081e-13,2.094508594e-13,6.19475078e-13,1.565600866e-13,6.047675872e-14,4.851082067e-14,2.859511365e-13,8.387446792e-14,2.390352399e-13,4.742335611e-13,1.443691459e-13,1.020004758e-12,4.173272446e-14,4.399237314e-13,6.606475257e-14
136.4453125,3.677055373e-13,2.23341645e-13,9.064695734e-13,2.498866062e-13,1.209746899e-13,2.754194572e-13,6.756639795e-14,2.242098662e-13,1.273422948e-13,1.177249331e-13,3.133168756e-13,3.319419467e-13,1.609474849e-13,3.65366e-13,6.404866604e-13,1.089005446e-12,5.938707586e-13,2.170315255e-13,2.105277998e-13,6.260648261e-13,1.58131159e-13,6.063172428e-14,4.760236854e-14,2.857614502e-13,8.389927275e-14,2.392277308e-13,4.661033576e-13,1.469531582e-13,1.018061901e-12,4.208024549e-14,4.406596539e-13,6.57935804e-14
136.453125,3.671512138e-13,2.258380614e-13,9.089314252e-13,2.494503533e-13,1.215224657e-13,2.77868941e-13,6.794061569e-14,2.240045938e-13,1.278246645e-13,1.185909457e-13,3.10880483e-13,3.32756854e-13,1.624253964e-13,3.686593661e-13,6.399172213e-13,1.087716965e-12,5.966767642e-13,2.194497045e-13,2.11567085e-13,6.327162243e-13,1.597585855e-13,6.078395957e-14,4.672009579e-14,2.85573606e-13,8.393266441e-14,2.394748429e-13,4.579979998e-13,1.496451914e-13,1.016389788e-12,4.24255407e-14,4.415002415e-13,6.555293362e-14
136.4609375,3.667269074e-13,2.28309039e-13,9.119681114e-13,2.491521405e-13,1.220809793e-13,2.804893254e-13,6.834752922e-14,2.238131428e-13,1.282830385e-13,1.195243898e-13,3.086823298e-13,3.335654708e-13,1.639723624e-13,3.719933539e-13,6.394551663e-13,1.086487122e-12,5.996964248e-13,2.219236169e-13,2.126741561e-13,6.393076256e-13,1.614629601e-13,6.097060925e-14,4.584357396e-14,2.853712978e-13,8.399787201e-14,2.397276715e-13,4.500145738e-13,1.524194391e-13,1.015072992e-12,4.276625517e-14,4.424539585e-13,6.534577534e-14
136.46875,3.659898733e-13,2.306384013e-13,9.15455544e-13,2.490427629e-13,1.226405877e-13,2.830941541e-13,6.878005135e-14,2.235897336e-13,1.287475573e-13,1.20405999e-13,3.06706012e-13,3.344263779e-13,1.654881022e-13,3.753538545e-13,6.38951328e-13,1.084952027e-12,6.026866257e-13,2.242193017e-13,2.137783188e-13,6.45583346e-13,1.631853885e-13,6.118696484e-14,4.499107923e-14,2.850492118e-13,8.407265799e-14,2.399679379e-13,4.422346056e-13,1.551147652e-13,1.013901453e-12,4.310557295e-14,4.43495409e-13,6.514030717e-14
136.4765625,3.651219156e-13,2.329703873e-13,9.188861296e-13,2.48881416e-13,1.232288338e-13,2.854808126e-13,6.919026103e-14,2.233344129e-13,1.292211923e-13,1.212380553e-13,3.048336567e-13,3.353260448e-13,1.669408345e-13,3.786736574e-13,6.382485196e-13,1.082939528e-12,6.054167441e-13,2.262635198e-13,2.147406464e-13,6.516877492e-13,1.649129919e-13,6.138134743e-14,4.415977313e-14,2.846149518e-13,8.411945484e-14,2.402779238e-13,4.344891924e-13,1.57749527e-13,1.012856109e-12,4.345125382e-14,4.444952352e-13,6.491989956e-14
136.484375,3.646321484e-13,2.352868733e-13,9.224012265e-13,2.484189604e-13,1.238553579e-13,2.877320772e-13,6.958833256e-14,2.230660341e-13,1.296702442e-13,1.221248227e-13,3.030873674e-13,3.361837016e-13,1.683835369e-13,3.819564634e-13,6.373267334e-13,1.080530433e-12,6.079374827e-13,2.282804984e-13,2.156125378e-13,6.576332535e-13,1.666682653e-13,6.154850588e-14,4.332233292e-14,2.841830761e-13,8.415817542e-14,2.406716528e-13,4.266046174e-13,1.60361397e-13,1.012061499e-12,4.381086341e-14,4.454630038e-13,6.469098676e-14
136.4921875,3.643419097e-13,2.374711449e-13,9.262070393e-13,2.47750523e-13,1.244712457e-13,2.899274512e-13,7.001587153e-14,2.22859094e-13,1.301133239e-13,1.230592779e-13,3.014847212e-13,3.369945285e-13,1.697957945e-13,3.852327257e-13,6.362532249e-13,1.077923028e-12,6.104505576e-13,2.303974867e-13,2.16484079e-13,6.631955288e-13,1.6840947e-13,6.171155929e-14,4.248851944e-14,2.837437681e-13,8.42258623e-14,2.41072614e-13,4.187212945e-13,1.629102117e-13,1.011399742e-12,4.417967824e-14,4.464847132e-13,6.445522915e-14
136.5,3.639321599e-13,2.396652042e-13,9.300756595e-13,2.471635773e-13,1.25018786e-13,2.920876717e-13,7.045378767e-14,2.226744594e-13,1.305597562e-13,1.239703155e-13,2.99967561e-13,3.377972411e-13,1.711431385e-13,3.884534969e-13,6.350403063e-13,1.075102036e-12,6.12942391e-13,2.325266951e-13,2.17234755e-13,6.684709998e-13,1.701435437e-13,6.185023438e-14,4.167092384e-14,2.831899641e-13,8.428812407e-14,2.414597072e-13,4.109343343e-13,1.654619947e-13,1.010749903e-12,4.45531039e-14,4.474332377e-13,6.420245698e-14
136.5078125,3.636074052e-13,2.420532255e-13,9.34110633e-13,2.4671197e-13,1.255738306e-13,2.943054087e-13,7.087435255e-14,2.223604993e-13,1.309728697e-13,1.24871516e-13,2.986111584e-13,3.386008801e-13,1.724851622e-13,3.916890301e-13,6.336885069e-13,1.071920906e-12,6.152775689e-13,2.346153246e-13,2.17827459e-13,6.737362487e-13,1.719173005e-13,6.198070532e-14,4.085163617e-14,2.825222607e-13,8.430065559e-14,2.418609084e-13,4.031796602e-13,1.68113208e-13,1.010331608e-12,4.493399768e-14,4.483231777e-13,6.393800831e-14
136.515625,3.633427393e-13,2.444375344e-13,9.38670475e-13,2.463748096e-13,1.261887018e-13,2.966088484e-13,7.131588302e-14,2.219676675e-13,1.313570864e-13,1.257807042e-13,2.975317568e-13,3.394327851e-13,1.738951076e-13,3.950808462e-13,6.323694535e-13,1.068519952e-12,6.175146353e-13,2.366395488e-13,2.18440276e-13,6.788660932e-13,1.736884237e-13,6.216300501e-14,4.003403066e-14,2.818042802e-13,8.430597329e-14,2.422760866e-13,3.955791374e-13,1.707483589e-13,1.01042081e-12,4.531335855e-14,4.494626856e-13,6.367568972e-14
136.5234375,3.62933336e-13,2.465131531e-13,9.437002248e-13,2.461774646e-13,1.267225741e-13,2.989213595e-13,7.182113754e-14,2.216406317e-13,1.317197692e-13,1.266491364e-13,2.966717378e-13,3.403122973e-13,1.75339646e-13,3.985304294e-13,6.312762798e-13,1.065108049e-12,6.198307339e-13,2.385782471e-13,2.190845832e-13,6.834674068e-13,1.754517208e-13,6.236466269e-14,3.923669852e-14,2.810182767e-13,8.436576275e-14,2.427569467e-13,3.88255547e-13,1.731876371e-13,1.010966758e-12,4.568817456e-14,4.508328342e-13,6.34076069e-14
136.53125,3.62685783e-13,2.485297856e-13,9.489873355e-13,2.458947669e-13,1.271344778e-13,3.01197942e-13,7.236512865e-14,2.212882258e-13,1.320233299e-13,1.27501819e-13,2.959648793e-13,3.412109907e-13,1.767454305e-13,4.019029255e-13,6.303229447e-13,1.061555951e-12,6.222551588e-13,2.404982472e-13,2.196684847e-13,6.874176607e-13,1.772507183e-13,6.252356751e-14,3.845022862e-14,2.801083751e-13,8.446764154e-14,2.43382481e-13,3.810919257e-13,1.755310191e-13,1.011792138e-12,4.607033605e-14,4.521680739e-13,6.312069511e-14
136.5390625,3.62583267e-13,2.508586139e-13,9.544572009e-13,2.453148221e-13,1.275945597e-13,3.034100459e-13,7.2907197e-14,2.208207598e-13,1.323055051e-13,1.284488893e-13,2.954180172e-13,3.421320179e-13,1.781083652e-13,4.052866059e-13,6.291949335e-13,1.057580928e-12,6.245184268e-13,2.423152909e-13,2.202344691e-13,6.910036196e-13,1.790324388e-13,6.267416413e-14,3.766762041e-14,2.791097074e-13,8.455559767e-14,2.440610943e-13,3.739759504e-13,1.77977138e-13,1.012931351e-12,4.644453709e-14,4.535266638e-13,6.282430225e-14
136.546875,3.620521471e-13,2.531037075e-13,9.601280037e-13,2.4463647e-13,1.281813972e-13,3.05554189e-13,7.346160956e-14,2.203957267e-13,1.326705249e-13,1.294900905e-13,2.94956596e-13,3.431074955e-13,1.794231991e-13,4.087372634e-13,6.277010323e-13,1.053092604e-12,6.263048191e-13,2.437868007e-13,2.206941517e-13,6.945978267e-13,1.807956644e-13,6.284654218e-14,3.690034448e-14,2.781407955e-13,8.45920028e-14,2.446446082e-13,3.668391085e-13,1.804081385e-13,1.014416563e-12,4.679355388e-14,4.549808647e-13,6.254010848e-14
136.5546875,3.612765317e-13,2.548791003e-13,9.661568318e-13,2.440566204e-13,1.288388676e-13,3.076831525e-13,7.405341358e-14,2.201102307e-13,1.331086078e-13,1.305307361e-13,2.945665771e-13,3.441320785e-13,1.806617034e-13,4.122367831e-13,6.260325709e-13,1.048297983e-12,6.277816186e-13,2.450058215e-13,2.209211194e-13,6.982403908e-13,1.826136953e-13,6.301417586e-14,3.614551545e-14,2.772287804e-13,8.458999709e-14,2.452103388e-13,3.596847594e-13,1.826508523e-13,1.016129844e-12,4.714940366e-14,4.564346327e-13,6.227576332e-14
136.5625,3.608279906e-13,2.56696647e-13,9.725990815e-13,2.434857476e-13,1.294854912e-13,3.097694445e-13,7.467056089e-14,2.198495016e-13,1.335121671e-13,1.31560012e-13,2.943879093e-13,3.45204772e-13,1.818779527e-13,4.158434113e-13,6.24502341e-13,1.043449237e-12,6.293634272e-13,2.46271275e-13,2.21104336e-13,7.016510458e-13,1.844179665e-13,6.317736962e-14,3.539822316e-14,2.762727886e-13,8.460365002e-14,2.459133361e-13,3.527800433e-13,1.848527329e-13,1.018174669e-12,4.753164159e-14,4.580346648e-13,6.200859629e-14
136.5703125,3.605067127e-13,2.588183082e-13,9.793369713e-13,2.428480873e-13,1.300152532e-13,3.117524686e-13,7.530741403e-14,2.195200169e-13,1.338290593e-13,1.326017106e-13,2.944187059e-13,3.463089853e-13,1.831029828e-13,4.194336122e-13,6.230441794e-13,1.038471924e-12,6.309852053e-13,2.475332307e-13,2.213625463e-13,7.04596163e-13,1.861461184e-13,6.333526614e-14,3.467550056e-14,2.752167933e-13,8.465296511e-14,2.467287236e-13,3.462235305e-13,1.870954715e-13,1.020693743e-12,4.79094569e-14,4.598599994e-13,6.171211882e-14
136.578125,3.6004721e-13,2.607071524e-13,9.863500532e-13,2.42154936e-13,1.304460389e-13,3.136923505e-13,7.596179537e-14,2.191262056e-13,1.340791091e-13,1.33617111e-13,2.945601359e-13,3.473561847e-13,1.84226396e-13,4.227410871e-13,6.213671866e-13,1.033191875e-12,6.323603047e-13,2.486338729e-13,2.214887656e-13,7.069997064e-13,1.878829415e-13,6.346248808e-14,3.398540425e-14,2.740484525e-13,8.469818361e-14,2.47537293e-13,3.396623803e-13,1.891819658e-13,1.023393363e-12,4.826825436e-14,4.615870398e-13,6.140019366e-14
136.5859375,3.595620973e-13,2.622764014e-13,9.935964907e-13,2.413798836e-13,1.309396324e-13,3.156063275e-13,7.660565819e-14,2.187218961e-13,1.343300747e-13,1.345933062e-13,2.94928047e-13,3.483462314e-13,1.851960803e-13,4.258793919e-13,6.194837289e-13,1.027718153e-12,6.335417844e-13,2.496646989e-13,2.214115125e-13,7.089366797e-13,1.896390473e-13,6.357917769e-14,3.330306831e-14,2.72753698e-13,8.471772628e-14,2.482560778e-13,3.329884511e-13,1.910773185e-13,1.026183353e-12,4.861855601e-14,4.631340755e-13,6.110841079e-14
136.59375,3.589516403e-13,2.639396422e-13,1.001149124e-12,2.404961347e-13,1.315698079e-13,3.174751892e-13,7.726077612e-14,2.183924413e-13,1.346756886e-13,1.355780886e-13,2.956378783e-13,3.494591569e-13,1.861150058e-13,4.292374923e-13,6.176336817e-13,1.022145529e-12,6.34594104e-13,2.506680322e-13,2.212785935e-13,7.106553863e-13,1.913775993e-13,6.373466502e-14,3.260968146e-14,2.714533093e-13,8.473422507e-14,2.489061014e-13,3.264806464e-13,1.929316686e-13,1.029611226e-12,4.896563973e-14,4.648768119e-13,6.084806212e-14
136.6015625,3.581713411e-13,2.656901539e-13,1.009498056e-12,2.395443263e-13,1.323013247e-13,3.194528974e-13,7.799993649e-14,2.181479465e-13,1.351118405e-13,1.366031686e-13,2.966019803e-13,3.508111555e-13,1.87065598e-13,4.329099256e-13,6.159553164e-13,1.016412542e-12,6.354617518e-13,2.51567891e-13,2.211781485e-13,7.122317937e-13,1.931830072e-13,6.39451955e-14,3.193385206e-14,2.702578173e-13,8.477020941e-14,2.496445206e-13,3.201632115e-13,1.947573441e-13,1.03389319e-12,4.932715825e-14,4.670131661e-13,6.060844149e-14
136.609375,3.573950663e-13,2.673700834e-13,1.01879779e-12,2.386298857e-13,1.330696678e-13,3.215783042e-13,7.881894571e-14,2.179108912e-13,1.355201683e-13,1.3764811e-13,2.978270285e-13,3.523092796e-13,1.880600062e-13,4.366706119e-13,6.14492625e-13,1.010643849e-12,6.363411781e-13,2.524242331e-13,2.211354824e-13,7.133996551e-13,1.951062185e-13,6.41836334e-14,3.130876748e-14,2.690298946e-13,8.48484077e-14,2.505532114e-13,3.139682436e-13,1.964978281e-13,1.038668354e-12,4.970401679e-14,4.693850464e-13,6.037698253e-14
136.6171875,3.565712331e-13,2.689800087e-13,1.028438159e-12,2.377530272e-13,1.337820209e-13,3.236083948e-13,7.965897387e-14,2.176388925e-13,1.358519204e-13,1.38660481e-13,2.993744498e-13,3.53812992e-13,1.890685429e-13,4.40278472e-13,6.131653857e-13,1.004919541e-12,6.373523116e-13,2.532899377e-13,2.210714825e-13,7.140133125e-13,1.970505445e-13,6.440047903e-14,3.071113274e-14,2.676481833e-13,8.498064822e-14,2.51514526e-13,3.080479651e-13,1.981060636e-13,1.043813799e-12,5.005139772e-14,4.717886406e-13,6.015140805e-14
136.625,3.556699231e-13,2.705167154e-13,1.03794165e-12,2.367768267e-13,1.344502516e-13,3.254724389e-13,8.051522198e-14,2.173194018e-13,1.361669354e-13,1.396552416e-13,3.010400727e-13,3.552531432e-13,1.900086045e-13,4.436619513e-13,6.117357924e-13,9.989516862e-13,6.381853988e-13,2.54065486e-13,2.208559511e-13,7.142243321e-13,1.98881488e-13,6.459439484e-14,3.011173333e-14,2.661827705e-13,8.512510571e-14,2.524417477e-13,3.02356876e-13,1.99572211e-13,1.049287157e-12,5.035456352e-14,4.741526365e-13,5.993701884e-14
136.6328125,3.547872517e-13,2.721449982e-13,1.04736813e-12,2.357356369e-13,1.352008625e-13,3.273193187e-13,8.139270655e-14,2.169528278e-13,1.365026924e-13,1.407238512e-13,3.026591127e-13,3.566537618e-13,1.908567367e-13,4.470066298e-13,6.100900461e-13,9.92558391e-13,6.386508988e-13,2.546907908e-13,2.205631261e-13,7.141405011e-13,2.00576027e-13,6.482289416e-14,2.95300399e-14,2.646836707e-13,8.523133466e-14,2.53348004e-13,2.967144494e-13,2.010463617e-13,1.054848797e-12,5.065469389e-14,4.765740811e-13,5.972045208e-14
136.640625,3.53822997e-13,2.73836048e-13,1.057020693e-12,2.34739666e-13,1.360512677e-13,3.29181263e-13,8.227271267e-14,2.166056899e-13,1.368629762e-13,1.418410243e-13,3.044416791e-13,3.58123334e-13,1.916635822e-13,4.505282246e-13,6.083782769e-13,9.859437539e-13,6.389358319e-13,2.551912659e-13,2.202871839e-13,7.137274238e-13,2.023035589e-13,6.509514537e-14,2.896484974e-14,2.631880224e-13,8.531179734e-14,2.542204222e-13,2.912095664e-13,2.0254105e-13,1.060656264e-12,5.096800817e-14,4.791435482e-13,5.948473911e-14
136.6484375,3.5279368e-13,2.751720697e-13,1.067207813e-12,2.336770682e-13,1.369032104e-13,3.310741178e-13,8.317620781e-14,2.163242577e-13,1.372384595e-13,1.428952822e-13,3.065339908e-13,3.596867825e-13,1.924185462e-13,4.541343633e-13,6.068221618e-13,9.794017376e-13,6.392053345e-13,2.555969745e-13,2.199283314e-13,7.130108171e-13,2.041672208e-13,6.53619628e-14,2.837784591e-14,2.617199278e-13,8.541154689e-14,2.55102963e-13,2.859310002e-13,2.03794254e-13,1.067037836e-12,5.127169916e-14,4.817839986e-13,5.924983242e-14
136.65625,3.518737785e-13,2.763304408e-13,1.077729659e-12,2.325875906e-13,1.376947391e-13,3.330401719e-13,8.412506045e-14,2.160856479e-13,1.37585695e-13,1.439408867e-13,3.087340519e-13,3.612286638e-13,1.931324589e-13,4.576059179e-13,6.055641726e-13,9.73188087e-13,6.395432825e-13,2.55986182e-13,2.195126462e-13,7.121911069e-13,2.059633203e-13,6.561408932e-14,2.778704554e-14,2.601778306e-13,8.554816153e-14,2.561001801e-13,2.808514807e-13,2.048696634e-13,1.073806954e-12,5.155744033e-14,4.844351956e-13,5.903816817e-14
136.6640625,3.509773245e-13,2.778866999e-13,1.088131973e-12,2.31732956e-13,1.384371876e-13,3.349982153e-13,8.507758243e-14,2.159071756e-13,1.379173158e-13,1.450935061e-13,3.109521059e-13,3.627311584e-13,1.938876011e-13,4.609795233e-13,6.045331769e-13,9.672771266e-13,6.399467863e-13,2.564190343e-13,2.191963657e-13,7.113317766e-13,2.07558387e-13,6.588381855e-14,2.72410698e-14,2.585813438e-13,8.569724123e-14,2.571714946e-13,2.760414829e-13,2.061304679e-13,1.080713355e-12,5.183848347e-14,4.871593372e-13,5.883661225e-14
136.671875,3.500199447e-13,2.795780386e-13,1.098571213e-12,2.310228713e-13,1.392217634e-13,3.369216329e-13,8.600719219e-14,2.157932178e-13,1.383008733e-13,1.463120047e-13,3.133506419e-13,3.64280437e-13,1.946269677e-13,4.644346215e-13,6.034840087e-13,9.612091375e-13,6.401452077e-13,2.568038669e-13,2.189079354e-13,7.100265515e-13,2.091040503e-13,6.618621938e-14,2.672306156e-14,2.570558365e-13,8.581889424e-14,2.581767163e-13,2.714423774e-13,2.074910108e-13,1.087790316e-12,5.212709096e-14,4.899742877e-13,5.863124651e-14
136.6796875,3.49051323e-13,2.810066316e-13,1.10926865e-12,2.302847466e-13,1.401081089e-13,3.388671003e-13,8.695180426e-14,2.15645399e-13,1.38691711e-13,1.475336673e-13,3.159126907e-13,3.658330862e-13,1.952440414e-13,4.679939077e-13,6.024277192e-13,9.547793974e-13,6.39972985e-13,2.570176422e-13,2.185392784e-13,7.080237802e-13,2.106080721e-13,6.650545613e-14,2.620060569e-14,2.554394368e-13,8.59201063e-14,2.591145877e-13,2.669070648e-13,2.086399953e-13,1.095016105e-12,5.242405031e-14,4.928465352e-13,5.841948999e-14
136.6875,3.479418126e-13,2.824623211e-13,1.120023582e-12,2.296913493e-13,1.410126915e-13,3.408042758e-13,8.79340809e-14,2.154309649e-13,1.390200691e-13,1.487825881e-13,3.184903678e-13,3.673462721e-13,1.958452851e-13,4.715926951e-13,6.016221715e-13,9.482887024e-13,6.396548926e-13,2.570854166e-13,2.181913227e-13,7.05723625e-13,2.119455844e-13,6.682093367e-14,2.569358507e-14,2.535839387e-13,8.605591659e-14,2.600958698e-13,2.625527998e-13,2.096523435e-13,1.102448783e-12,5.27218757e-14,4.958052383e-13,5.820146175e-14
136.6953125,3.46648746e-13,2.838616688e-13,1.130966087e-12,2.29144239e-13,1.419070943e-13,3.427543025e-13,8.893401169e-14,2.15239307e-13,1.393826422e-13,1.500754294e-13,3.211399431e-13,3.689321394e-13,1.964997925e-13,4.752334814e-13,6.009436668e-13,9.417306096e-13,6.392807344e-13,2.570883762e-13,2.178829311e-13,7.032320431e-13,2.132538853e-13,6.715054216e-14,2.522047904e-14,2.517170446e-13,8.623707909e-14,2.611108864e-13,2.584174777e-13,2.106311887e-13,1.110177914e-12,5.301203237e-14,4.988868092e-13,5.799643994e-14
136.703125,3.453667184e-13,2.847837793e-13,1.142189869e-12,2.282198528e-13,1.429105294e-13,3.447239131e-13,8.993360136e-14,2.150762074e-13,1.398641679e-13,1.513984107e-13,3.239233656e-13,3.705995591e-13,1.970173026e-13,4.788854737e-13,6.000043998e-13,9.348220668e-13,6.386722353e-13,2.57017305e-13,2.174840802e-13,7.000838264e-13,2.146597107e-13,6.752927824e-14,2.476524695e-14,2.499521452e-13,8.641767412e-14,2.620530743e-13,2.542894656e-13,2.114192861e-13,1.117918477e-12,5.328886065e-14,5.020645832e-13,5.781808574e-14
136.7109375,3.440985884e-13,2.855702952e-13,1.153282542e-12,2.269683196e-13,1.440370437e-13,3.465283259e-13,9.092161039e-14,2.1485895e-13,1.40386411e-13,1.52715316e-13,3.267700048e-13,3.72245356e-13,1.97331809e-13,4.82477925e-13,5.988872973e-13,9.277567203e-13,6.378805696e-13,2.56843363e-13,2.170039695e-13,6.964145708e-13,2.160022783e-13,6.794856808e-14,2.431739462e-14,2.481307231e-13,8.658464715e-14,2.629769168e-13,2.502568974e-13,2.119941253e-13,1.125570548e-12,5.355986284e-14,5.053263695e-13,5.765579344e-14
136.71875,3.426687791e-13,2.866393544e-13,1.164407644e-12,2.257796679e-13,1.451810157e-13,3.481697941e-13,9.191050328e-14,2.146065077e-13,1.409064179e-13,1.540004908e-13,3.297190386e-13,3.739361506e-13,1.976552346e-13,4.860843853e-13,5.979665089e-13,9.208691071e-13,6.370644851e-13,2.565927968e-13,2.165458988e-13,6.927864085e-13,2.172070619e-13,6.838716344e-14,2.388300012e-14,2.4627019e-13,8.676504651e-14,2.639955054e-13,2.465705997e-13,2.125172278e-13,1.133595826e-12,5.383485973e-14,5.087329606e-13,5.750942418e-14
136.7265625,3.410194272e-13,2.87781081e-13,1.175963957e-12,2.247802681e-13,1.462998583e-13,3.498685511e-13,9.294092989e-14,2.144136209e-13,1.414533238e-13,1.552863284e-13,3.328265077e-13,3.757361249e-13,1.980631331e-13,4.898013693e-13,5.972826192e-13,9.141039114e-13,6.361539539e-13,2.562712273e-13,2.161126982e-13,6.890213715e-13,2.183668595e-13,6.884080944e-14,2.346345944e-14,2.444686878e-13,8.696555093e-14,2.649912781e-13,2.431115136e-13,2.130269331e-13,1.142104471e-12,5.40980248e-14,5.122933149e-13,5.73694493e-14
136.734375,3.392110205e-13,2.88842179e-13,1.187406403e-12,2.238427173e-13,1.473769816e-13,3.515559964e-13,9.399742257e-14,2.142781094e-13,1.419874684e-13,1.565770061e-13,3.359981003e-13,3.775133495e-13,1.984106768e-13,4.93552444e-13,5.966751408e-13,9.073297113e-13,6.351220996e-13,2.558735467e-13,2.156779834e-13,6.846221831e-13,2.19455611e-13,6.928524424e-14,2.305468314e-14,2.426285925e-13,8.718106126e-14,2.658684399e-13,2.397149431e-13,2.134239501e-13,1.150625444e-12,5.434315049e-14,5.158768506e-13,5.720529333e-14
136.7421875,3.373644906e-13,2.897573376e-13,1.19841768e-12,2.228123328e-13,1.484541778e-13,3.531431621e-13,9.50294998e-14,2.141128666e-13,1.424975648e-13,1.578602501e-13,3.391674224e-13,3.792284223e-13,1.98675326e-13,4.973375669e-13,5.960859929e-13,9.004753364e-13,6.340864597e-13,2.554621932e-13,2.15260301e-13,6.796235425e-13,2.204211366e-13,6.971728523e-14,2.266290381e-14,2.406659776e-13,8.742657141e-14,2.667889953e-13,2.364437431e-13,2.136422281e-13,1.158920313e-12,5.459963735e-14,5.1940653e-13,5.704157998e-14
136.75,3.355075164e-13,2.904054068e-13,1.209590814e-12,2.217786233e-13,1.496802425e-13,3.548750925e-13,9.607039473e-14,2.139169264e-13,1.430558692e-13,1.592034531e-13,3.423490033e-13,3.809909816e-13,1.989761942e-13,5.013242909e-13,5.955374028e-13,8.935328839e-13,6.330526222e-13,2.550711429e-13,2.148720163e-13,6.743532769e-13,2.212978553e-13,7.019023795e-14,2.229676385e-14,2.386409394e-13,8.771246724e-14,2.678004382e-13,2.332841035e-13,2.137593769e-13,1.167133434e-12,5.486654394e-14,5.230086524e-13,5.693074745e-14
136.7578125,3.334996939e-13,2.911087967e-13,1.221105009e-12,2.209563135e-13,1.510360634e-13,3.567520682e-13,9.714954837e-14,2.137779002e-13,1.43667329e-13,1.606100672e-13,3.456744606e-13,3.82832308e-13,1.993217267e-13,5.054806778e-13,5.951494029e-13,8.867668263e-13,6.319908402e-13,2.546344547e-13,2.145196982e-13,6.690148748e-13,2.221067514e-13,7.071838577e-14,2.19455932e-14,2.366197157e-13,8.802257476e-14,2.687758097e-13,2.302422691e-13,2.13892624e-13,1.175557538e-12,5.512006946e-14,5.268232675e-13,5.684651222e-14
136.765625,3.312756965e-13,2.920446791e-13,1.232710315e-12,2.20123189e-13,1.522917789e-13,3.584565015e-13,9.819775132e-14,2.136794121e-13,1.442923607e-13,1.619950766e-13,3.493592124e-13,3.847581037e-13,1.996003835e-13,5.095671738e-13,5.949803331e-13,8.80280698e-13,6.309241681e-13,2.541132307e-13,2.141949054e-13,6.63458201e-13,2.2289038e-13,7.125303969e-14,2.160136646e-14,2.345976628e-13,8.834137017e-14,2.697584074e-13,2.27503143e-13,2.139799999e-13,1.184459907e-12,5.538344892e-14,5.307841356e-13,5.673914062e-14
136.7734375,3.288696468e-13,2.92669242e-13,1.244329307e-12,2.190057708e-13,1.533744311e-13,3.600024366e-13,9.920486379e-14,2.13530052e-13,1.449276015e-13,1.633678149e-13,3.532192806e-13,3.867169051e-13,1.99735586e-13,5.134488125e-13,5.948496068e-13,8.737457254e-13,6.298018775e-13,2.535296622e-13,2.138272244e-13,6.573978131e-13,2.236453031e-13,7.176899666e-14,2.12803744e-14,2.325210057e-13,8.867586669e-14,2.708007082e-13,2.25059928e-13,2.138753654e-13,1.193592413e-12,5.566263752e-14,5.346473029e-13,5.662621394e-14
136.78125,3.263051285e-13,2.928227194e-13,1.255719524e-12,2.179308818e-13,1.543933769e-13,3.615513003e-13,1.002423538e-13,2.133729298e-13,1.455321423e-13,1.647282898e-13,3.568322586e-13,3.885067461e-13,1.997349635e-13,5.17118549e-13,5.947074526e-13,8.671928748e-13,6.286170381e-13,2.528921993e-13,2.133705676e-13,6.510515813e-13,2.242522818e-13,7.226954954e-14,2.098210079e-14,2.30385007e-13,8.90368406e-14,2.717960508e-13,2.226996803e-13,2.135918222e-13,1.202410082e-12,5.59119476e-14,5.382674486e-13,5.653879208e-14
136.7890625,3.237770998e-13,2.930410309e-13,1.266861091e-12,2.170835654e-13,1.553988994e-13,3.630274821e-13,1.012938727e-13,2.132785146e-13,1.460878585e-13,1.660282112e-13,3.603409765e-13,3.9012163e-13,1.996670326e-13,5.206521406e-13,5.947557022e-13,8.610224256e-13,6.27443039e-13,2.522262464e-13,2.129093348e-13,6.447077427e-13,2.24729371e-13,7.276589461e-14,2.068004089e-14,2.282476008e-13,8.941713515e-14,2.727278347e-13,2.204054752e-13,2.132588122e-13,1.210933397e-12,5.613431479e-14,5.418360174e-13,5.6468043e-14
136.796875,3.214754742e-13,2.934447119e-13,1.278035355e-12,2.161213745e-13,1.564012948e-13,3.644535301e-13,1.023088086e-13,2.131813957e-13,1.466828584e-13,1.673636135e-13,3.640264009e-13,3.918111796e-13,1.996138546e-13,5.241335549e-13,5.949223573e-13,8.550330953e-13,6.261830346e-13,2.51547299e-13,2.125370546e-13,6.380049187e-13,2.251831717e-13,7.328759535e-14,2.037532884e-14,2.261170741e-13,8.979768791e-14,2.736128525e-13,2.182700223e-13,2.129540547e-13,1.219476519e-12,5.635071922e-14,5.455788922e-13,5.638947346e-14
136.8046875,3.19132676e-13,2.937458607e-13,1.288946603e-12,2.15072275e-13,1.574211969e-13,3.65912915e-13,1.03302858e-13,2.130922667e-13,1.473436202e-13,1.687931501e-13,3.676008465e-13,3.935726707e-13,1.995773045e-13,5.274849648e-13,5.949681157e-13,8.488406188e-13,6.247088827e-13,2.507780154e-13,2.122021309e-13,6.308433273e-13,2.255137013e-13,7.383174172e-14,2.009048349e-14,2.239788336e-13,9.017003566e-14,2.743986601e-13,2.162602006e-13,2.126124371e-13,1.227932513e-12,5.652655127e-14,5.493464724e-13,5.630274138e-14
136.8125,3.164126413e-13,2.939298384e-13,1.299299571e-12,2.142695195e-13,1.584480862e-13,3.67228298e-13,1.042815045e-13,2.131326652e-13,1.479849787e-13,1.70212581e-13,3.709125689e-13,3.951875722e-13,1.994658739e-13,5.306474684e-13,5.950555963e-13,8.428214669e-13,6.23141821e-13,2.498783068e-13,2.118081229e-13,6.238544489e-13,2.256573509e-13,7.435513256e-14,1.982189154e-14,2.218444326e-13,9.05463405e-14,2.75172574e-13,2.143685692e-13,2.121269475e-13,1.23608641e-12,5.667271223e-14,5.52932904e-13,5.624941296e-14
136.8203125,3.135030705e-13,2.940987714e-13,1.309463432e-12,2.136061283e-13,1.594810044e-13,3.683428856e-13,1.052508331e-13,2.132332602e-13,1.485868397e-13,1.716488033e-13,3.742501632e-13,3.966612423e-13,1.992423273e-13,5.337624601e-13,5.954094497e-13,8.37313983e-13,6.215590077e-13,2.489425094e-13,2.113650899e-13,6.171260017e-13,2.257528468e-13,7.485939643e-14,1.955420376e-14,2.196800988e-13,9.093785924e-14,2.760008417e-13,2.126395318e-13,2.115893034e-13,1.243945307e-12,5.685009454e-14,5.564343588e-13,5.624975677e-14
136.828125,3.106873701e-13,2.941841036e-13,1.319566917e-12,2.129124168e-13,1.605305525e-13,3.69522827e-13,1.062606586e-13,2.13251289e-13,1.492007749e-13,1.731706658e-13,3.776154367e-13,3.981119735e-13,1.989981342e-13,5.369005412e-13,5.958917371e-13,8.318918646e-13,6.198141822e-13,2.480233836e-13,2.109399565e-13,6.100837432e-13,2.258039222e-13,7.538420814e-14,1.92902321e-14,2.17472873e-13,9.134324817e-14,2.767437529e-13,2.110131486e-13,2.11126453e-13,1.251565423e-12,5.703799103e-14,5.599642387e-13,5.626306219e-14
136.8359375,3.078934154e-13,2.939636886e-13,1.329475527e-12,2.123001124e-13,1.61575987e-13,3.708532927e-13,1.073155208e-13,2.132742351e-13,1.498475258e-13,1.746773601e-13,3.808295181e-13,3.995570356e-13,1.988023949e-13,5.40001587e-13,5.964500035e-13,8.263647326e-13,6.1795443e-13,2.470873168e-13,2.105626231e-13,6.026554643e-13,2.257346636e-13,7.593146241e-14,1.904005987e-14,2.152927305e-13,9.17757795e-14,2.773962607e-13,2.094593313e-13,2.105906898e-13,1.259088068e-12,5.719347034e-14,5.635337123e-13,5.628169692e-14
136.84375,3.050613327e-13,2.933858787e-13,1.339303731e-12,2.117124516e-13,1.625629152e-13,3.721284743e-13,1.083613031e-13,2.133835528e-13,1.505079238e-13,1.761577954e-13,3.839756431e-13,4.009983001e-13,1.985988508e-13,5.430761304e-13,5.972264214e-13,8.211722033e-13,6.162714495e-13,2.461865083e-13,2.102327757e-13,5.950957169e-13,2.256356046e-13,7.647260756e-14,1.880549695e-14,2.1313963e-13,9.225351543e-14,2.780917827e-13,2.080877533e-13,2.09888925e-13,1.266618888e-12,5.735413314e-14,5.671784737e-13,5.634338077e-14
136.8515625,3.022547176e-13,2.929160839e-13,1.348921483e-12,2.10970313e-13,1.634300235e-13,3.73260875e-13,1.093575556e-13,2.134652807e-13,1.511335805e-13,1.776814188e-13,3.871420378e-13,4.023952359e-13,1.983228444e-13,5.461120326e-13,5.981594485e-13,8.164220006e-13,6.148343367e-13,2.453919475e-13,2.099386063e-13,5.873797819e-13,2.255322737e-13,7.699344129e-14,1.858126591e-14,2.109302959e-13,9.275654157e-14,2.787833393e-13,2.069151437e-13,2.092158353e-13,1.273991679e-12,5.75511285e-14,5.708019341e-13,5.642940056e-14
136.859375,2.994177641e-13,2.928242868e-13,1.358101806e-12,2.101429895e-13,1.642126776e-13,3.743623058e-13,1.103000567e-13,2.135080438e-13,1.517194078e-13,1.791936379e-13,3.902828425e-13,4.036554697e-13,1.97989061e-13,5.490040294e-13,5.991481163e-13,8.11854275e-13,6.134764657e-13,2.446147546e-13,2.096603986e-13,5.795775977e-13,2.25303844e-13,7.751007181e-14,1.836735079e-14,2.086721852e-13,9.326270264e-14,2.794212588e-13,2.058077095e-13,2.086149199e-13,1.281042484e-12,5.77563245e-14,5.742789592e-13,5.651427842e-14
136.8671875,2.965873176e-13,2.925779879e-13,1.366764017e-12,2.093644509e-13,1.650044364e-13,3.754373915e-13,1.112226926e-13,2.136204124e-13,1.523213039e-13,1.80722651e-13,3.932527015e-13,4.04726904e-13,1.976209153e-13,5.516240506e-13,6.001810882e-13,8.075089431e-13,6.121043952e-13,2.437518669e-13,2.093803649e-13,5.718591255e-13,2.248931271e-13,7.803798955e-14,1.817400316e-14,2.064375969e-13,9.378806087e-14,2.800447645e-13,2.047325065e-13,2.079537494e-13,1.287642646e-12,5.794016912e-14,5.776847262e-13,5.663117923e-14
136.875,2.939048874e-13,2.919069926e-13,1.374470569e-12,2.086553803e-13,1.657753542e-13,3.762946956e-13,1.121369429e-13,2.137509419e-13,1.529086502e-13,1.823149851e-13,3.958636102e-13,4.055533188e-13,1.972024077e-13,5.538574604e-13,6.0109293e-13,8.034410785e-13,6.106400784e-13,2.42843203e-13,2.090765607e-13,5.640816537e-13,2.242888418e-13,7.854860925e-14,1.800126877e-14,2.042168928e-13,9.432658876e-14,2.805340992e-13,2.037677217e-13,2.072845057e-13,1.293452115e-12,5.808568632e-14,5.809916196e-13,5.677259388e-14
136.8828125,2.912320182e-13,2.913112327e-13,1.381185121e-12,2.080703154e-13,1.664940625e-13,3.769346147e-13,1.129970883e-13,2.138294893e-13,1.534251552e-13,1.83813956e-13,3.982435555e-13,4.061737191e-13,1.967224704e-13,5.558336298e-13,6.018879037e-13,7.994781713e-13,6.089604611e-13,2.418952103e-13,2.087493339e-13,5.56077397e-13,2.235550213e-13,7.902939669e-14,1.782652833e-14,2.019568306e-13,9.483555636e-14,2.808005297e-13,2.029181317e-13,2.066378105e-13,1.298489516e-12,5.818777167e-14,5.840662222e-13,5.689974819e-14
136.890625,2.883906508e-13,2.909289725e-13,1.387729494e-12,2.076193286e-13,1.672519822e-13,3.776472347e-13,1.138015425e-13,2.139590684e-13,1.53963535e-13,1.85215919e-13,4.006713045e-13,4.068094262e-13,1.961981585e-13,5.578779586e-13,6.029420987e-13,7.956905676e-13,6.071265496e-13,2.40824978e-13,2.084481981e-13,5.479102306e-13,2.228719696e-13,7.953109244e-14,1.762751019e-14,1.996824968e-13,9.531339789e-14,2.80987886e-13,2.021672724e-13,2.058867161e-13,1.303364138e-12,5.826573268e-14,5.870579628e-13,5.704693479e-14
136.8984375,2.855127392e-13,2.903444802e-13,1.394246854e-12,2.071232579e-13,1.680271529e-13,3.784328502e-13,1.145984881e-13,2.141755586e-13,1.545691587e-13,1.867052831e-13,4.030592514e-13,4.074922195e-13,1.956261986e-13,5.599774141e-13,6.043352586e-13,7.922865552e-13,6.053386697e-13,2.396726114e-13,2.081775419e-13,5.396329203e-13,2.222456687e-13,8.005498641e-14,1.740681079e-14,1.974472513e-13,9.579522364e-14,2.811657087e-13,2.015316718e-13,2.050439805e-13,1.308148965e-12,5.834486022e-14,5.900949473e-13,5.724239978e-14
136.90625,2.827036373e-13,2.894428595e-13,1.400156596e-12,2.064998583e-13,1.687065233e-13,3.789860906e-13,1.153913642e-13,2.143594781e-13,1.551104374e-13,1.881931525e-13,4.05249454e-13,4.079634939e-13,1.94984577e-13,5.618464806e-13,6.057423258e-13,7.891945813e-13,6.036376029e-13,2.385648156e-13,2.078661541e-13,5.312944372e-13,2.214605847e-13,8.054009119e-14,1.718902313e-14,1.952091334e-13,9.629727636e-14,2.812871526e-13,2.009393214e-13,2.041890951e-13,1.3121999e-12,5.84406697e-14,5.930442045e-13,5.744776057e-14
136.9140625,2.79895692e-13,2.884405188e-13,1.405503473e-12,2.05945592e-13,1.693266192e-13,3.793887122e-13,1.161794623e-13,2.144722746e-13,1.555560565e-13,1.895382902e-13,4.072876418e-13,4.081941633e-13,1.943500726e-13,5.635156215e-13,6.071122207e-13,7.863179216e-13,6.020124239e-13,2.375411028e-13,2.07555065e-13,5.229553138e-13,2.204358454e-13,8.100294119e-14,1.699703727e-14,1.928990572e-13,9.683819639e-14,2.814156875e-13,2.003319525e-13,2.033031025e-13,1.315492061e-12,5.855099174e-14,5.959886433e-13,5.765622236e-14
136.921875,2.770535103e-13,2.874981737e-13,1.410425659e-12,2.055379996e-13,1.699347109e-13,3.799220715e-13,1.169785821e-13,2.145692093e-13,1.560103652e-13,1.908801187e-13,4.091219287e-13,4.084376907e-13,1.938547477e-13,5.65222754e-13,6.086373485e-13,7.837252886e-13,6.006117677e-13,2.366075489e-13,2.073765288e-13,5.145090047e-13,2.192812866e-13,8.149146259e-14,1.683192564e-14,1.905350914e-13,9.743997199e-14,2.815781422e-13,1.99830831e-13,2.024180685e-13,1.318592098e-12,5.865684051e-14,5.991077873e-13,5.789034276e-14
136.9296875,2.741241848e-13,2.865786704e-13,1.414668826e-12,2.050992776e-13,1.705150326e-13,3.804277064e-13,1.177566331e-13,2.146947843e-13,1.564973119e-13,1.922812467e-13,4.107290242e-13,4.087217738e-13,1.934260686e-13,5.66919483e-13,6.10269237e-13,7.8147142e-13,5.994194967e-13,2.357093807e-13,2.07246542e-13,5.060087248e-13,2.180908503e-13,8.197654665e-14,1.66817852e-14,1.881752294e-13,9.807455569e-14,2.816718748e-13,1.9949349e-13,2.015393828e-13,1.321389911e-12,5.874954943e-14,6.021962285e-13,5.815098891e-14
136.9375,2.710951027e-13,2.855149852e-13,1.41836355e-12,2.045981887e-13,1.71118099e-13,3.806873846e-13,1.184953846e-13,2.149397782e-13,1.570178918e-13,1.936276356e-13,4.122214257e-13,4.0885128e-13,1.928550545e-13,5.683680662e-13,6.118588042e-13,7.79626853e-13,5.981210883e-13,2.346976192e-13,2.069730483e-13,4.978574242e-13,2.168902725e-13,8.243952446e-14,1.653732752e-14,1.858911213e-13,9.869503315e-14,2.816577913e-13,1.991559663e-13,2.005706238e-13,1.32332863e-12,5.883175425e-14,6.050703197e-13,5.845930243e-14
136.9453125,2.680964753e-13,2.843252476e-13,1.421709061e-12,2.041367463e-13,1.716923887e-13,3.808678451e-13,1.192381723e-13,2.153487121e-13,1.575854917e-13,1.949042842e-13,4.135045381e-13,4.088063552e-13,1.921592988e-13,5.695688428e-13,6.134779628e-13,7.782042658e-13,5.966816891e-13,2.335994717e-13,2.066453325e-13,4.900521421e-13,2.156534126e-13,8.289991534e-14,1.638390828e-14,1.837502198e-13,9.930918572e-14,2.815387875e-13,1.98761637e-13,1.995376054e-13,1.324478056e-12,5.890644428e-14,6.079024299e-13,5.881385652e-14
136.953125,2.65195546e-13,2.830840428e-13,1.424484889e-12,2.036751186e-13,1.720828894e-13,3.810666756e-13,1.19993138e-13,2.157792199e-13,1.581163722e-13,1.961245258e-13,4.144726233e-13,4.087182018e-13,1.91507515e-13,5.707476012e-13,6.152529719e-13,7.770174451e-13,5.954243518e-13,2.326105472e-13,2.064459598e-13,4.820205581e-13,2.143255141e-13,8.333579788e-14,1.62068342e-14,1.816888432e-13,9.995294823e-14,2.813079465e-13,1.984682068e-13,1.985110532e-13,1.325332898e-12,5.899084015e-14,6.108080761e-13,5.915014856e-14
136.9609375,2.624131497e-13,2.816433932e-13,1.426558451e-12,2.032030956e-13,1.723550435e-13,3.810624615e-13,1.207105178e-13,2.161186932e-13,1.585631368e-13,1.972708383e-13,4.152689853e-13,4.085889034e-13,1.909084177e-13,5.719396142e-13,6.171056571e-13,7.760269974e-13,5.943855195e-13,2.317577137e-13,2.063123191e-13,4.73659232e-13,2.128561515e-13,8.373846887e-14,1.602583954e-14,1.795895491e-13,1.006336451e-13,2.81071863e-13,1.983139166e-13,1.974286006e-13,1.325960438e-12,5.90956241e-14,6.137434982e-13,5.947243391e-14
136.96875,2.59806603e-13,2.801182202e-13,1.427852039e-12,2.028068047e-13,1.726546578e-13,3.807441406e-13,1.213617792e-13,2.16449885e-13,1.590018195e-13,1.983840266e-13,4.158970891e-13,4.083127833e-13,1.903112243e-13,5.729448094e-13,6.189584446e-13,7.755133572e-13,5.933936892e-13,2.309838361e-13,2.061742318e-13,4.654738423e-13,2.112101055e-13,8.414020906e-14,1.588062644e-14,1.774844427e-13,1.01344926e-13,2.809313634e-13,1.98176605e-13,1.962951606e-13,1.325945046e-12,5.920667711e-14,6.166813303e-13,5.986340142e-14
136.9765625,2.572671524e-13,2.788575885e-13,1.428325673e-12,2.024642405e-13,1.729337086e-13,3.803328976e-13,1.219740781e-13,2.168216778e-13,1.594466991e-13,1.994614609e-13,4.162461804e-13,4.078999699e-13,1.897435808e-13,5.736985992e-13,6.209527453e-13,7.756170389e-13,5.925574051e-13,2.303099109e-13,2.061077386e-13,4.576372945e-13,2.094388358e-13,8.453352317e-14,1.576834346e-14,1.754232359e-13,1.020882544e-13,2.808117022e-13,1.980331737e-13,1.952186331e-13,1.325077208e-12,5.931693982e-14,6.195400455e-13,6.032352188e-14
136.984375,2.547097188e-13,2.776769684e-13,1.428395978e-12,2.021390413e-13,1.731796509e-13,3.800494932e-13,1.225933041e-13,2.17167898e-13,1.598550368e-13,2.004831983e-13,4.16457062e-13,4.074675354e-13,1.891940962e-13,5.742935841e-13,6.231005003e-13,7.761537771e-13,5.919580311e-13,2.296745116e-13,2.060958672e-13,4.499296587e-13,2.076588081e-13,8.491120414e-14,1.565394748e-14,1.733419717e-13,1.028559462e-13,2.806289894e-13,1.979411043e-13,1.94210493e-13,1.323658881e-12,5.942144784e-14,6.223098339e-13,6.08020919e-14
136.9921875,2.522630386e-13,2.762379809e-13,1.428304901e-12,2.018548795e-13,1.734801521e-13,3.798006504e-13,1.232133275e-13,2.1751407e-13,1.602607376e-13,2.015062728e-13,4.166230035e-13,4.070263252e-13,1.886324548e-13,5.747605278e-13,6.251718284e-13,7.769819505e-13,5.913944979e-13,2.290094372e-13,2.060628208e-13,4.422266437e-13,2.058814079e-13,8.530310725e-14,1.553401387e-14,1.712579103e-13,1.036267208e-13,2.803797986e-13,1.978920187e-13,1.932226182e-13,1.321918028e-12,5.950829853e-14,6.251302166e-13,6.13097997e-14
137,2.498051141e-13,2.746917821e-13,1.427674398e-12,2.015773898e-13,1.737401479e-13,3.793879728e-13,1.237938213e-13,2.179460031e-13,1.606695137e-13,2.025037805e-13,4.165973947e-13,4.064751724e-13,1.880626464e-13,5.750807975e-13,6.272072578e-13,7.781659384e-13,5.907925758e-13,2.28357032e-13,2.060214938e-13,4.34433412e-13,2.040583469e-13,8.567745007e-14,1.542327107e-14,1.69265181e-13,1.043868531e-13,2.800160403e-13,1.978766984e-13,1.922085585e-13,1.319737219e-12,5.95941251e-14,6.279358385e-13,6.184446528e-14
137.0078125,2.471003428e-13,2.731304382e-13,1.426349873e-12,2.013068241e-13,1.738216493e-13,3.788441469e-13,1.243570162e-13,2.184073898e-13,1.610002133e-13,2.03407665e-13,4.163604602e-13,4.057808973e-13,1.874470858e-13,5.752133638e-13,6.294430183e-13,7.797499482e-13,5.902937339e-13,2.276958529e-13,2.059647491e-13,4.265494509e-13,2.022213936e-13,8.597584792e-14,1.531475241e-14,1.673195434e-13,1.051483885e-13,2.795069556e-13,1.979236094e-13,1.911319703e-13,1.317077524e-12,5.969353503e-14,6.304923366e-13,6.236081921e-14
137.015625,2.44481539e-13,2.714355813e-13,1.424502241e-12,2.010624771e-13,1.738488992e-13,3.782700855e-13,1.249453318e-13,2.187746532e-13,1.612433619e-13,2.042954261e-13,4.159739087e-13,4.049840595e-13,1.867900335e-13,5.751492715e-13,6.317843463e-13,7.816872159e-13,5.899772695e-13,2.270157118e-13,2.058953502e-13,4.188406322e-13,2.003514223e-13,8.624013288e-14,1.520849671e-14,1.653406051e-13,1.059388084e-13,2.789487848e-13,1.980225558e-13,1.900748769e-13,1.313876284e-12,5.978605218e-14,6.328449491e-13,6.288002848e-14
137.0234375,2.423300041e-13,2.697516152e-13,1.422058656e-12,2.007339476e-13,1.740144803e-13,3.776033531e-13,1.255125677e-13,2.190709188e-13,1.614985905e-13,2.051992025e-13,4.153274164e-13,4.04111351e-13,1.861894709e-13,5.750353892e-13,6.340432573e-13,7.8404056e-13,5.89832808e-13,2.264428185e-13,2.059036041e-13,4.114455731e-13,1.983555826e-13,8.654238877e-14,1.511843177e-14,1.633706021e-13,1.067610727e-13,2.784131741e-13,1.981680897e-13,1.8914449e-13,1.309950662e-12,5.987642823e-14,6.352272381e-13,6.34607171e-14
137.03125,2.403790491e-13,2.681696497e-13,1.418994811e-12,2.003019842e-13,1.743329185e-13,3.768283509e-13,1.259920181e-13,2.194235507e-13,1.618270476e-13,2.060244873e-13,4.143900618e-13,4.031970847e-13,1.856659897e-13,5.750033136e-13,6.362334649e-13,7.868747815e-13,5.898036277e-13,2.259948557e-13,2.059933637e-13,4.041956045e-13,1.962825199e-13,8.68828339e-14,1.503135724e-14,1.614468907e-13,1.075818978e-13,2.778012179e-13,1.983782629e-13,1.882963035e-13,1.305514442e-12,5.998469318e-14,6.377197734e-13,6.408475474e-14
137.0390625,2.383743712e-13,2.664942608e-13,1.415434022e-12,1.999227021e-13,1.747005237e-13,3.760661233e-13,1.264037095e-13,2.198318461e-13,1.621593699e-13,2.067819282e-13,4.133111514e-13,4.022268576e-13,1.851460185e-13,5.748978641e-13,6.382717069e-13,7.899321916e-13,5.897779577e-13,2.255194959e-13,2.060648808e-13,3.96978405e-13,1.942112194e-13,8.723139356e-14,1.492354618e-14,1.595396457e-13,1.083666917e-13,2.769941995e-13,1.985598847e-13,1.874498849e-13,1.300769296e-12,6.008334445e-14,6.402178026e-13,6.470724336e-14
137.046875,2.364495097e-13,2.647127088e-13,1.411222809e-12,1.99588731e-13,1.749318013e-13,3.752783102e-13,1.268035169e-13,2.2016128e-13,1.623659579e-13,2.075194897e-13,4.121128241e-13,4.010544683e-13,1.845795261e-13,5.743889997e-13,6.400786154e-13,7.929798033e-13,5.896807307e-13,2.249214263e-13,2.060940395e-13,3.898282703e-13,1.920408424e-13,8.754568871e-14,1.480205208e-14,1.576359328e-13,1.091103623e-13,2.760586733e-13,1.986138963e-13,1.86597696e-13,1.295330888e-12,6.015900511e-14,6.424506177e-13,6.534018636e-14
137.0546875,2.345700559e-13,2.630001524e-13,1.406212311e-12,1.991787574e-13,1.749226272e-13,3.742726752e-13,1.272097164e-13,2.20399894e-13,1.624282308e-13,2.081917886e-13,4.107144922e-13,3.996124646e-13,1.839642241e-13,5.734294614e-13,6.41883799e-13,7.96300702e-13,5.896040015e-13,2.242708687e-13,2.061170022e-13,3.828049245e-13,1.897254026e-13,8.778791476e-14,1.468534362e-14,1.557279595e-13,1.09848099e-13,2.751267484e-13,1.986901348e-13,1.857494743e-13,1.289179941e-12,6.024444406e-14,6.442639024e-13,6.599745267e-14
137.0625,2.326547227e-13,2.613383096e-13,1.400551242e-12,1.987218508e-13,1.749090338e-13,3.730550569e-13,1.276064774e-13,2.206899404e-13,1.624920804e-13,2.088006255e-13,4.09112614e-13,3.980868918e-13,1.833694543e-13,5.724244366e-13,6.438011662e-13,8.001223077e-13,5.896971145e-13,2.237239559e-13,2.061585469e-13,3.759600713e-13,1.873974937e-13,8.800849084e-14,1.457443592e-14,1.538314622e-13,1.106118501e-13,2.741561942e-13,1.989618606e-13,1.849143323e-13,1.282826731e-12,6.032745639e-14,6.459916085e-13,6.665712736e-14
137.0703125,2.309171622e-13,2.595802313e-13,1.394304547e-12,1.981920945e-13,1.751351303e-13,3.717867443e-13,1.279484554e-13,2.21079515e-13,1.626758798e-13,2.093730565e-13,4.072611791e-13,3.966312295e-13,1.828558269e-13,5.715909417e-13,6.45503568e-13,8.040426062e-13,5.897909651e-13,2.232608249e-13,2.062457723e-13,3.692173772e-13,1.850906341e-13,8.828098316e-14,1.446227541e-14,1.520385531e-13,1.113607146e-13,2.730311812e-13,1.992751623e-13,1.840844686e-13,1.276033583e-12,6.036933131e-14,6.479579657e-13,6.73180587e-14
137.078125,2.29434203e-13,2.577332574e-13,1.387407642e-12,1.974794468e-13,1.754167718e-13,3.704544659e-13,1.281900183e-13,2.214891477e-13,1.628980156e-13,2.098844536e-13,4.051301066e-13,3.951366534e-13,1.823634711e-13,5.705625391e-13,6.467466975e-13,8.077142464e-13,5.895569946e-13,2.227025905e-13,2.063792815e-13,3.624597776e-13,1.827486133e-13,8.855855955e-14,1.434874868e-14,1.503721716e-13,1.120426887e-13,2.717657069e-13,1.994113586e-13,1.832747255e-13,1.268227955e-12,6.039517697e-14,6.498912452e-13,6.799283834e-14
137.0859375,2.280195453e-13,2.559450518e-13,1.379908172e-12,1.967421659e-13,1.755256128e-13,3.689417027e-13,1.283533383e-13,2.218674632e-13,1.629905836e-13,2.103435738e-13,4.028512902e-13,3.934504883e-13,1.818382707e-13,5.690731347e-13,6.477552805e-13,8.11434093e-13,5.891321154e-13,2.220847457e-13,2.065217055e-13,3.558191587e-13,1.804067371e-13,8.875434047e-14,1.42363805e-14,1.486864982e-13,1.126916333e-13,2.704411915e-13,1.994263618e-13,1.825333727e-13,1.259691311e-12,6.043495087e-14,6.514349424e-13,6.866559994e-14
137.09375,2.265854162e-13,2.541814989e-13,1.371816298e-12,1.961843709e-13,1.755396595e-13,3.672708709e-13,1.285031013e-13,2.221961095e-13,1.629015216e-13,2.107123348e-13,4.004337864e-13,3.915192877e-13,1.812842092e-13,5.672019912e-13,6.488536669e-13,8.156360382e-13,5.888338636e-13,2.215123708e-13,2.066395086e-13,3.49507909e-13,1.780179766e-13,8.886590326e-14,1.411932755e-14,1.468746756e-13,1.133420194e-13,2.691190595e-13,1.994180177e-13,1.81773391e-13,1.250821999e-12,6.046384199e-14,6.525731311e-13,6.934552092e-14
137.1015625,2.251458798e-13,2.522553956e-13,1.363065999e-12,1.956518014e-13,1.754877207e-13,3.655494293e-13,1.28659523e-13,2.224805864e-13,1.6269382e-13,2.109049506e-13,3.977174484e-13,3.893231371e-13,1.806696154e-13,5.64915123e-13,6.501010251e-13,8.203909136e-13,5.886116145e-13,2.208994262e-13,2.067362361e-13,3.434196134e-13,1.754476838e-13,8.891610478e-14,1.399008564e-14,1.450026653e-13,1.139671036e-13,2.677860178e-13,1.99301521e-13,1.808894709e-13,1.241461309e-12,6.04759659e-14,6.533370331e-13,7.007066499e-14
137.109375,2.237962151e-13,2.502729942e-13,1.353709322e-12,1.949829522e-13,1.752877255e-13,3.638710986e-13,1.28809684e-13,2.227870662e-13,1.624487067e-13,2.110009225e-13,3.947819064e-13,3.869625917e-13,1.80030624e-13,5.623354165e-13,6.513668037e-13,8.25476941e-13,5.884838631e-13,2.203109636e-13,2.068484012e-13,3.372881644e-13,1.727725314e-13,8.89294377e-14,1.384974438e-14,1.431674575e-13,1.145741051e-13,2.662870781e-13,1.990336575e-13,1.800502687e-13,1.231587791e-12,6.049302693e-14,6.538812636e-13,7.081275165e-14
137.1171875,2.227024117e-13,2.484692032e-13,1.343838675e-12,1.942717963e-13,1.750808968e-13,3.622563952e-13,1.289420515e-13,2.231428939e-13,1.622384929e-13,2.110909923e-13,3.918002724e-13,3.846291595e-13,1.794512678e-13,5.598301318e-13,6.524826784e-13,8.30652057e-13,5.885774786e-13,2.198756348e-13,2.06979202e-13,3.311013093e-13,1.701483724e-13,8.89706204e-14,1.369784656e-14,1.414189961e-13,1.151859074e-13,2.64557793e-13,1.987525304e-13,1.793896301e-13,1.221371183e-12,6.050050563e-14,6.54543816e-13,7.152669545e-14
137.125,2.218540238e-13,2.467559214e-13,1.333544503e-12,1.935537194e-13,1.750634423e-13,3.606092896e-13,1.2903536e-13,2.234808335e-13,1.620773363e-13,2.110862213e-13,3.887000999e-13,3.823463647e-13,1.788781771e-13,5.574026793e-13,6.534047339e-13,8.359338867e-13,5.886454895e-13,2.193963367e-13,2.071120792e-13,3.250142335e-13,1.675375117e-13,8.90687657e-14,1.353175928e-14,1.397773363e-13,1.157697475e-13,2.628034499e-13,1.985602217e-13,1.787404853e-13,1.210779493e-12,6.049293899e-14,6.553841977e-13,7.225417013e-14
137.1328125,2.211547768e-13,2.450329533e-13,1.322974571e-12,1.928157045e-13,1.751442008e-13,3.588891456e-13,1.290953926e-13,2.237597199e-13,1.618768927e-13,2.109966706e-13,3.854937658e-13,3.800017857e-13,1.782721904e-13,5.548741219e-13,6.543090046e-13,8.415345985e-13,5.886107022e-13,2.187873672e-13,2.072946068e-13,3.190820332e-13,1.648945938e-13,8.917375127e-14,1.336407467e-14,1.381805296e-13,1.163225221e-13,2.611443955e-13,1.983968271e-13,1.780797146e-13,1.199884679e-12,6.050687077e-14,6.562197629e-13,7.302482693e-14
137.140625,2.206103402e-13,2.43416117e-13,1.312059582e-12,1.921329898e-13,1.751343785e-13,3.571255893e-13,1.291453304e-13,2.240112005e-13,1.615631428e-13,2.109662727e-13,3.823412783e-13,3.775496163e-13,1.777102585e-13,5.521892753e-13,6.553020812e-13,8.475427448e-13,5.887866859e-13,2.182719472e-13,2.075570892e-13,3.133983739e-13,1.622725943e-13,8.923689242e-14,1.321516009e-14,1.365529437e-13,1.168844041e-13,2.594467745e-13,1.981802863e-13,1.775931613e-13,1.188814804e-12,6.054050865e-14,6.569515221e-13,7.379831656e-14
137.1484375,2.201544906e-13,2.418941781e-13,1.30050713e-12,1.914575087e-13,1.750706048e-13,3.552278119e-13,1.291393989e-13,2.242508231e-13,1.61184759e-13,2.109516282e-13,3.791266473e-13,3.749738812e-13,1.77169552e-13,5.491859389e-13,6.562128575e-13,8.538348801e-13,5.890211255e-13,2.178321885e-13,2.078346077e-13,3.081017062e-13,1.596540432e-13,8.925848372e-14,1.308379943e-14,1.349463895e-13,1.174289833e-13,2.57650815e-13,1.978780149e-13,1.772083041e-13,1.177369598e-12,6.056410947e-14,6.574833058e-13,7.457818943e-14
137.15625,2.197108452e-13,2.403721971e-13,1.288327145e-12,1.907262909e-13,1.750799025e-13,3.5320372e-13,1.290288492e-13,2.244334269e-13,1.608008744e-13,2.107964245e-13,3.757105616e-13,3.722652113e-13,1.765734699e-13,5.459220555e-13,6.56838806e-13,8.600493728e-13,5.888930919e-13,2.172589788e-13,2.080693285e-13,3.029926658e-13,1.570071276e-13,8.927123048e-14,1.29423603e-14,1.334226633e-13,1.178853967e-13,2.557857126e-13,1.974809204e-13,1.767378755e-13,1.165410372e-12,6.059164051e-14,6.578044335e-13,7.536972344e-14
137.1640625,2.193523427e-13,2.388659728e-13,1.275743211e-12,1.900343522e-13,1.751096432e-13,3.512358585e-13,1.288693921e-13,2.245348567e-13,1.603751479e-13,2.104693177e-13,3.722400793e-13,3.69464168e-13,1.759461352e-13,5.426626569e-13,6.570739443e-13,8.658121517e-13,5.88501571e-13,2.165312464e-13,2.082557781e-13,2.977207197e-13,1.543604058e-13,8.928968502e-14,1.27712457e-14,1.319281687e-13,1.182319566e-13,2.537617732e-13,1.970443798e-13,1.762303567e-13,1.153107336e-12,6.061971999e-14,6.580055128e-13,7.609320202e-14
137.171875,2.191318231e-13,2.373774956e-13,1.262702071e-12,1.893448285e-13,1.750922359e-13,3.492250554e-13,1.287179619e-13,2.246404462e-13,1.59884284e-13,2.100083231e-13,3.687128276e-13,3.665873665e-13,1.753135282e-13,5.392818024e-13,6.569452151e-13,8.713312186e-13,5.88109767e-13,2.157344876e-13,2.08432843e-13,2.923890146e-13,1.516909061e-13,8.928549083e-14,1.258754879e-14,1.304512556e-13,1.185112728e-13,2.515530302e-13,1.966304083e-13,1.757718685e-13,1.140491825e-12,6.060575087e-14,6.580313268e-13,7.674100591e-14
137.1796875,2.190668013e-13,2.359489436e-13,1.249256775e-12,1.885288337e-13,1.751549741e-13,3.469684686e-13,1.285526984e-13,2.248187789e-13,1.593931056e-13,2.09444891e-13,3.649979617e-13,3.636625639e-13,1.746936846e-13,5.357191616e-13,6.567049736e-13,8.771049097e-13,5.877570078e-13,2.149814201e-13,2.086713489e-13,2.873218964e-13,1.489842532e-13,8.92653611e-14,1.241864428e-14,1.290538483e-13,1.187861048e-13,2.493241326e-13,1.962182175e-13,1.753534361e-13,1.127561692e-12,6.057416782e-14,6.579611337e-13,7.742048464e-14
137.1875,2.19166856e-13,2.346521945e-13,1.235802598e-12,1.876053222e-13,1.753788304e-13,3.446579194e-13,1.283655907e-13,2.249665708e-13,1.589257069e-13,2.088067019e-13,3.612507503e-13,3.607694023e-13,1.741068688e-13,5.322280645e-13,6.564552951e-13,8.830495508e-13,5.87437244e-13,2.142987704e-13,2.089497899e-13,2.824812857e-13,1.463025541e-13,8.927263734e-14,1.226570475e-14,1.276881754e-13,1.190635806e-13,2.471649365e-13,1.95790056e-13,1.749904504e-13,1.114540128e-12,6.058216862e-14,6.580288966e-13,7.814951861e-14
137.1953125,2.193238593e-13,2.333907318e-13,1.222256494e-12,1.865566056e-13,1.756860579e-13,3.424623673e-13,1.28176238e-13,2.249907954e-13,1.584197115e-13,2.08110989e-13,3.575254353e-13,3.57881432e-13,1.735039499e-13,5.286827546e-13,6.559772711e-13,8.888896511e-13,5.870504635e-13,2.135417518e-13,2.091935201e-13,2.776902977e-13,1.436420364e-13,8.92832793e-14,1.21150931e-14,1.262772896e-13,1.193046152e-13,2.449738942e-13,1.953094296e-13,1.746804255e-13,1.101402004e-12,6.059901071e-14,6.580353792e-13,7.886611873e-14
137.203125,2.194927199e-13,2.320730147e-13,1.208087021e-12,1.854020404e-13,1.760525228e-13,3.402089782e-13,1.279673226e-13,2.249653151e-13,1.57866925e-13,2.073725069e-13,3.535974329e-13,3.549166008e-13,1.729035675e-13,5.249420891e-13,6.552725199e-13,8.947689045e-13,5.86460459e-13,2.127068938e-13,2.094472423e-13,2.729900082e-13,1.409584576e-13,8.926741188e-14,1.195842158e-14,1.248958259e-13,1.19508625e-13,2.426626705e-13,1.946818998e-13,1.743881402e-13,1.088003046e-12,6.057107802e-14,6.577436575e-13,7.958123839e-14
137.2109375,2.197965924e-13,2.307645612e-13,1.193419767e-12,1.843042647e-13,1.764479316e-13,3.378445025e-13,1.277240432e-13,2.249027465e-13,1.573007714e-13,2.065616253e-13,3.495625613e-13,3.519190153e-13,1.72392297e-13,5.21235021e-13,6.544946932e-13,9.006809263e-13,5.85722735e-13,2.119365164e-13,2.09747136e-13,2.683696579e-13,1.382895532e-13,8.926357202e-14,1.179516556e-14,1.236056157e-13,1.196880299e-13,2.402618343e-13,1.939773463e-13,1.74127957e-13,1.074635387e-12,6.051833073e-14,6.574424597e-13,8.030848813e-14
137.21875,2.203318429e-13,2.295515333e-13,1.17877986e-12,1.8317475e-13,1.76773683e-13,3.35495155e-13,1.274774536e-13,2.24691723e-13,1.566686208e-13,2.056138499e-13,3.456541897e-13,3.489116129e-13,1.719054878e-13,5.174587057e-13,6.534970254e-13,9.063867474e-13,5.84970517e-13,2.111957471e-13,2.1002547e-13,2.636712215e-13,1.3565019e-13,8.926200614e-14,1.163489525e-14,1.223116312e-13,1.198248552e-13,2.378045337e-13,1.933334526e-13,1.739249921e-13,1.061338013e-12,6.046868176e-14,6.572355208e-13,8.100268707e-14
137.2265625,2.210815909e-13,2.284886531e-13,1.16407185e-12,1.818705553e-13,1.771319067e-13,3.331906236e-13,1.272406624e-13,2.243821893e-13,1.559579658e-13,2.045419376e-13,3.416610699e-13,3.458308349e-13,1.713804623e-13,5.134692649e-13,6.522621785e-13,9.120349855e-13,5.842159859e-13,2.104108968e-13,2.103114849e-13,2.590377666e-13,1.330033333e-13,8.922552397e-14,1.148214874e-14,1.209808e-13,1.19911814e-13,2.352773441e-13,1.926351957e-13,1.737596038e-13,1.047607517e-12,6.040626029e-14,6.568703856e-13,8.166482467e-14
137.234375,2.218639274e-13,2.275033875e-13,1.149029679e-12,1.806553266e-13,1.777378819e-13,3.309348168e-13,1.269706242e-13,2.241670909e-13,1.552944945e-13,2.034188272e-13,3.374122558e-13,3.427158838e-13,1.709188573e-13,5.09580508e-13,6.510712514e-13,9.178419881e-13,5.833377996e-13,2.095899826e-13,2.106881166e-13,2.548358285e-13,1.303799246e-13,8.921102333e-14,1.132312117e-14,1.197429431e-13,1.19948527e-13,2.326967033e-13,1.91803299e-13,1.735886059e-13,1.033514617e-12,6.032229639e-14,6.564253995e-13,8.233529738e-14
137.2421875,2.22596401e-13,2.26529915e-13,1.133810506e-12,1.796445317e-13,1.784918716e-13,3.286936144e-13,1.266456512e-13,2.240685855e-13,1.54693566e-13,2.022856056e-13,3.33170851e-13,3.3960389e-13,1.70539149e-13,5.057597165e-13,6.499146235e-13,9.236940901e-13,5.823043965e-13,2.087156195e-13,2.111058828e-13,2.509787317e-13,1.278057299e-13,8.924278639e-14,1.11520401e-14,1.186299147e-13,1.199489352e-13,2.300813347e-13,1.910158845e-13,1.734386431e-13,1.019527884e-12,6.023540352e-14,6.559930849e-13,8.301294861e-14
137.25,2.236265711e-13,2.257898898e-13,1.11843976e-12,1.785081266e-13,1.791101196e-13,3.26364005e-13,1.263032476e-13,2.239395859e-13,1.540107612e-13,2.01149076e-13,3.290628016e-13,3.363963072e-13,1.701448077e-13,5.01656579e-13,6.48576653e-13,9.295165098e-13,5.813468205e-13,2.078723075e-13,2.115091693e-13,2.471055565e-13,1.252227219e-13,8.924247205e-14,1.099007035e-14,1.174979395e-13,1.19959566e-13,2.274085443e-13,1.902925351e-13,1.734337712e-13,1.005492233e-12,6.016390662e-14,6.553361097e-13,8.369350725e-14
137.2578125,2.250809475e-13,2.252979766e-13,1.102819897e-12,1.771344215e-13,1.796427068e-13,3.239824996e-13,1.259547864e-13,2.237012619e-13,1.532450999e-13,1.999824336e-13,3.249436555e-13,3.330919152e-13,1.69725333e-13,4.974179526e-13,6.469943474e-13,9.352220141e-13,5.805609824e-13,2.071267294e-13,2.119262489e-13,2.432919207e-13,1.226074375e-13,8.921087105e-14,1.085794543e-14,1.163130445e-13,1.199577044e-13,2.246977886e-13,1.894811461e-13,1.735587673e-13,9.912639673e-13,6.011450992e-14,6.544966937e-13,8.438207663e-14
137.265625,2.264965414e-13,2.246753586e-13,1.087262811e-12,1.757099381e-13,1.803691122e-13,3.216659136e-13,1.255689393e-13,2.233718402e-13,1.525103961e-13,1.987482097e-13,3.20864175e-13,3.298237835e-13,1.692998083e-13,4.932934674e-13,6.450677717e-13,9.404544024e-13,5.796246783e-13,2.063028586e-13,2.123680136e-13,2.396119139e-13,1.200002833e-13,8.922647098e-14,1.074528047e-14,1.151937245e-13,1.198609279e-13,2.219682167e-13,1.88603231e-13,1.73620436e-13,9.772080799e-13,6.007368474e-14,6.537773496e-13,8.503611666e-14
137.2734375,2.277550167e-13,2.240646597e-13,1.071965591e-12,1.74294198e-13,1.812645993e-13,3.193962367e-13,1.251483451e-13,2.229703794e-13,1.517810819e-13,1.974471018e-13,3.169875734e-13,3.266348034e-13,1.688627113e-13,4.892280219e-13,6.427491512e-13,9.450227137e-13,5.782613351e-13,2.053182763e-13,2.128460248e-13,2.356883928e-13,1.174362292e-13,8.928350507e-14,1.062490995e-14,1.141357672e-13,1.196832525e-13,2.19150007e-13,1.877244169e-13,1.736469964e-13,9.634815101e-13,6.000739256e-14,6.531780836e-13,8.561711882e-14
137.28125,2.291797165e-13,2.23916197e-13,1.056632029e-12,1.728723225e-13,1.821824071e-13,3.17116169e-13,1.247089722e-13,2.225488431e-13,1.510246916e-13,1.960967904e-13,3.132537931e-13,3.235099855e-13,1.684384305e-13,4.852151492e-13,6.402521524e-13,9.492186602e-13,5.765313873e-13,2.042895743e-13,2.133823993e-13,2.31574263e-13,1.149429209e-13,8.934700003e-14,1.049582783e-14,1.130666585e-13,1.194762091e-13,2.162531311e-13,1.868370194e-13,1.73847559e-13,9.500276627e-13,5.990260479e-14,6.525486942e-13,8.617076916e-14
137.2890625,2.307655363e-13,2.239692447e-13,1.041156749e-12,1.714385095e-13,1.833270771e-13,3.148320644e-13,1.242439078e-13,2.22199325e-13,1.503407255e-13,1.947302272e-13,3.095393041e-13,3.204396299e-13,1.680259965e-13,4.812735529e-13,6.377337729e-13,9.534366401e-13,5.746561078e-13,2.032043907e-13,2.139404947e-13,2.278596917e-13,1.125036198e-13,8.945104649e-14,1.038116488e-14,1.120687877e-13,1.192219014e-13,2.134177938e-13,1.859647068e-13,1.741613649e-13,9.367622435e-13,5.978740574e-14,6.51875975e-13,8.675672934e-14
137.296875,2.324806384e-13,2.23910804e-13,1.025674538e-12,1.699450669e-13,1.848042898e-13,3.125336635e-13,1.237674954e-13,2.219088995e-13,1.497323224e-13,1.933864474e-13,3.059041194e-13,3.17329517e-13,1.676102523e-13,4.77341866e-13,6.35143472e-13,9.577550095e-13,5.728825572e-13,2.020658833e-13,2.144924532e-13,2.245541472e-13,1.100604485e-13,8.961502306e-14,1.028799065e-14,1.11180822e-13,1.189391199e-13,2.106570788e-13,1.851035892e-13,1.744279379e-13,9.233928109e-13,5.9677691e-14,6.511787181e-13,8.736397206e-14
137.3046875,2.345039464e-13,2.239841303e-13,1.010096621e-12,1.683863662e-13,1.862544195e-13,3.102112782e-13,1.232968948e-13,2.215595716e-13,1.490622312e-13,1.920186373e-13,3.024242149e-13,3.141118447e-13,1.67229952e-13,4.734040358e-13,6.324484893e-13,9.620360851e-13,5.712736778e-13,2.010280571e-13,2.15085989e-13,2.212356054e-13,1.076217261e-13,8.978790018e-14,1.02094038e-14,1.102596657e-13,1.186858276e-13,2.078515471e-13,1.842589825e-13,1.747148066e-13,9.09960499e-13,5.955382961e-14,6.504225156e-13,8.796637092e-14
137.3125,2.367134969e-13,2.241727742e-13,9.944734431e-13,1.668088868e-13,1.875338348e-13,3.079523237e-13,1.228167484e-13,2.211049856e-13,1.482939915e-13,1.90519777e-13,2.989990396e-13,3.108720822e-13,1.669166544e-13,4.694415871e-13,6.296831424e-13,9.662442884e-13,5.696768361e-13,2.000979577e-13,2.157650068e-13,2.178919975e-13,1.052211987e-13,8.992778159e-14,1.01442239e-14,1.092576428e-13,1.184435645e-13,2.050009904e-13,1.834657434e-13,1.750592842e-13,8.968265036e-13,5.941574581e-14,6.49546245e-13,8.856640509e-14
137.3203125,2.389490932e-13,2.243515824e-13,9.790748596e-13,1.652721586e-13,1.889082472e-13,3.058340479e-13,1.223112823e-13,2.205513136e-13,1.47494273e-13,1.888641271e-13,2.955734198e-13,3.077053213e-13,1.666562817e-13,4.655382502e-13,6.268764276e-13,9.703363156e-13,5.68025023e-13,1.992108904e-13,2.1652787e-13,2.146191234e-13,1.028341251e-13,9.00565967e-14,1.008775811e-14,1.082439076e-13,1.181743164e-13,2.022064781e-13,1.826513795e-13,1.753914411e-13,8.838764094e-13,5.92913938e-14,6.485889974e-13,8.913241137e-14
137.328125,2.414035446e-13,2.248344093e-13,9.638276047e-13,1.638031605e-13,1.904539655e-13,3.037605897e-13,1.217687206e-13,2.198851914e-13,1.466961442e-13,1.871248947e-13,2.922752924e-13,3.046325908e-13,1.664148273e-13,4.619141e-13,6.24030073e-13,9.741068137e-13,5.662933869e-13,1.984248035e-13,2.173624072e-13,2.113518893e-13,1.004767544e-13,9.022271622e-14,1.003408099e-14,1.072152048e-13,1.17873983e-13,1.994816457e-13,1.817859122e-13,1.757804915e-13,8.709885965e-13,5.91797801e-14,6.477084903e-13,8.961592695e-14
137.3359375,2.441594328e-13,2.256076426e-13,9.486068546e-13,1.623362083e-13,1.920885257e-13,3.016501972e-13,1.212058004e-13,2.191934526e-13,1.459240432e-13,1.853848478e-13,2.891147817e-13,3.016447989e-13,1.661472599e-13,4.585406217e-13,6.211105665e-13,9.77489893e-13,5.643342694e-13,1.976759008e-13,2.182413188e-13,2.081663288e-13,9.820197972e-14,9.044529866e-14,9.985715138e-15,1.06203599e-13,1.175218792e-13,1.967516701e-13,1.809460503e-13,1.762982712e-13,8.584274106e-13,5.905681826e-14,6.469032813e-13,9.005520379e-14
137.34375,2.470102245e-13,2.263400949e-13,9.335756463e-13,1.608530215e-13,1.938027513e-13,2.995818692e-13,1.206841102e-13,2.185869768e-13,1.451852364e-13,1.836642688e-13,2.859634053e-13,2.986555599e-13,1.6582869e-13,4.551314086e-13,6.180621294e-13,9.805704445e-13,5.621226506e-13,1.968018534e-13,2.191120332e-13,2.051048203e-13,9.596770472e-14,9.069716669e-14,9.947834782e-15,1.052526692e-13,1.171180083e-13,1.939748769e-13,1.800956347e-13,1.768897834e-13,8.460293916e-13,5.892805842e-14,6.459757958e-13,9.052674008e-14
137.3515625,2.498173784e-13,2.272188622e-13,9.186262654e-13,1.594382032e-13,1.955376499e-13,2.975151787e-13,1.201951053e-13,2.17986816e-13,1.444317779e-13,1.819355108e-13,2.828783453e-13,2.955725862e-13,1.654567942e-13,4.515965417e-13,6.148526946e-13,9.833535818e-13,5.59825566e-13,1.958546489e-13,2.199486475e-13,2.0207914e-13,9.372284129e-14,9.094850119e-14,9.926059494e-15,1.042695247e-13,1.1669637e-13,1.911869215e-13,1.792295731e-13,1.775453016e-13,8.335166334e-13,5.881365197e-14,6.448524633e-13,9.10198155e-14
137.359375,2.526265004e-13,2.284140195e-13,9.035820034e-13,1.581072357e-13,1.973474047e-13,2.953524101e-13,1.196576795e-13,2.172950091e-13,1.436671562e-13,1.802089219e-13,2.799815484e-13,2.9248474e-13,1.650435036e-13,4.481107278e-13,6.115361885e-13,9.859297531e-13,5.57521493e-13,1.949477723e-13,2.207944472e-13,1.991394417e-13,9.151768166e-14,9.122360369e-14,9.916666398e-15,1.032622039e-13,1.16246461e-13,1.88420074e-13,1.784405098e-13,1.782574592e-13,8.213109071e-13,5.869776728e-14,6.436343138e-13,9.147443987e-14
137.3671875,2.555517685e-13,2.296500651e-13,8.888449178e-13,1.568111039e-13,1.994171111e-13,2.932810232e-13,1.190804818e-13,2.165634022e-13,1.42956952e-13,1.785132823e-13,2.772410677e-13,2.895447449e-13,1.646256163e-13,4.448078118e-13,6.081276834e-13,9.883196915e-13,5.551432667e-13,1.940304958e-13,2.217159129e-13,1.963079853e-13,8.940858167e-14,9.156370432e-14,9.91007516e-15,1.023614201e-13,1.157445352e-13,1.856430239e-13,1.776624184e-13,1.789601529e-13,8.097846844e-13,5.855012254e-14,6.424113106e-13,9.187200301e-14
137.375,2.58639855e-13,2.308769177e-13,8.74729935e-13,1.554775037e-13,2.017235827e-13,2.914298125e-13,1.185215268e-13,2.157870006e-13,1.422913507e-13,1.768078686e-13,2.746803937e-13,2.867294587e-13,1.641882991e-13,4.416617013e-13,6.044806494e-13,9.902402814e-13,5.526619989e-13,1.930757411e-13,2.22734266e-13,1.934607002e-13,8.740000228e-14,9.19551006e-14,9.920322413e-15,1.014791478e-13,1.152119238e-13,1.828322935e-13,1.768803044e-13,1.796650454e-13,7.987168977e-13,5.838560281e-14,6.412309977e-13,9.222173771e-14
137.3828125,2.618753577e-13,2.322063428e-13,8.610152562e-13,1.540260061e-13,2.041391231e-13,2.896408709e-13,1.179580526e-13,2.1489675e-13,1.416160577e-13,1.750401553e-13,2.723843019e-13,2.839565305e-13,1.636907288e-13,4.386616048e-13,6.006337123e-13,9.916850446e-13,5.501800135e-13,1.921880052e-13,2.238314873e-13,1.905957168e-13,8.54604294e-14,9.23748188e-14,9.963481787e-15,1.00497083e-13,1.14658052e-13,1.800242458e-13,1.762291212e-13,1.803975793e-13,7.87881994e-13,5.824615644e-14,6.401405893e-13,9.253812069e-14
137.390625,2.652777045e-13,2.336394683e-13,8.476374737e-13,1.525655905e-13,2.066161e-13,2.879598926e-13,1.173673787e-13,2.139440286e-13,1.409290849e-13,1.732330219e-13,2.702483669e-13,2.812712318e-13,1.632448133e-13,4.359148034e-13,5.969340693e-13,9.929855814e-13,5.477897657e-13,1.914541145e-13,2.250085541e-13,1.877857147e-13,8.353244657e-14,9.284244454e-14,1.002207369e-14,9.953566333e-14,1.140751346e-13,1.772612377e-13,1.75615141e-13,1.811490901e-13,7.772659298e-13,5.813390869e-14,6.391927568e-13,9.28370359e-14
137.3984375,2.688243369e-13,2.353596764e-13,8.346387263e-13,1.512397465e-13,2.091022295e-13,2.865242476e-13,1.167862186e-13,2.129681483e-13,1.402375859e-13,1.71437215e-13,2.681280244e-13,2.787174424e-13,1.629770869e-13,4.334478563e-13,5.934515424e-13,9.940740158e-13,5.453928748e-13,1.908443833e-13,2.262902457e-13,1.850354785e-13,8.161630081e-14,9.336002179e-14,1.008278279e-14,9.862723095e-14,1.134930061e-13,1.745597405e-13,1.74956672e-13,1.819995642e-13,7.669636117e-13,5.801660968e-14,6.384017566e-13,9.31164195e-14
137.40625,2.724150034e-13,2.373784728e-13,8.218118082e-13,1.498947422e-13,2.116634247e-13,2.851168845e-13,1.162180371e-13,2.119221032e-13,1.395687666e-13,1.696772267e-13,2.660945162e-13,2.762410374e-13,1.627541199e-13,4.311017599e-13,5.898700333e-13,9.946952026e-13,5.42792767e-13,1.902080962e-13,2.27634916e-13,1.823706941e-13,7.977776304e-14,9.391139639e-14,1.016098994e-14,9.767892351e-14,1.129237376e-13,1.719112533e-13,1.74436127e-13,1.829716467e-13,7.570929437e-13,5.78761547e-14,6.376598953e-13,9.338278627e-14
137.4140625,2.759923375e-13,2.393954957e-13,8.09185824e-13,1.48402783e-13,2.144446779e-13,2.835957136e-13,1.156140719e-13,2.108383653e-13,1.389898106e-13,1.679589999e-13,2.642863051e-13,2.738246402e-13,1.624011564e-13,4.287681343e-13,5.859994092e-13,9.948305961e-13,5.398829899e-13,1.894061793e-13,2.28933883e-13,1.7975091e-13,7.803744248e-14,9.452001506e-14,1.026783857e-14,9.677370445e-14,1.12312743e-13,1.692700299e-13,1.739814951e-13,1.839420022e-13,7.475243569e-13,5.77103554e-14,6.367997387e-13,9.366008049e-14
137.421875,2.79568632e-13,2.415063729e-13,7.968916456e-13,1.468882333e-13,2.173980454e-13,2.821270452e-13,1.149583561e-13,2.097263054e-13,1.384760592e-13,1.662691151e-13,2.626805862e-13,2.714946993e-13,1.619804398e-13,4.265380976e-13,5.81798499e-13,9.942916665e-13,5.366848831e-13,1.884847915e-13,2.301891089e-13,1.770323132e-13,7.637519872e-14,9.519313917e-14,1.039334021e-14,9.595221522e-14,1.116299097e-13,1.665950078e-13,1.733789948e-13,1.849067411e-13,7.381118849e-13,5.752505362e-14,6.357878772e-13,9.39254487e-14
137.4296875,2.831958507e-13,2.439291492e-13,7.847048375e-13,1.453566003e-13,2.204156796e-13,2.80724088e-13,1.143065797e-13,2.084713511e-13,1.379370934e-13,1.645832325e-13,2.611590063e-13,2.69216979e-13,1.61573155e-13,4.24528012e-13,5.77292196e-13,9.929552806e-13,5.333438007e-13,1.875688272e-13,2.315152711e-13,1.742101641e-13,7.47694102e-14,9.589287294e-14,1.051717005e-14,9.50820343e-14,1.109179033e-13,1.639164902e-13,1.728088314e-13,1.859669103e-13,7.290577921e-13,5.734273291e-14,6.347286981e-13,9.414176582e-14
137.4375,2.869316838e-13,2.464187244e-13,7.72610079e-13,1.437455861e-13,2.234952079e-13,2.793205154e-13,1.136970425e-13,2.070912876e-13,1.374021743e-13,1.629094034e-13,2.596777491e-13,2.669518196e-13,1.611300303e-13,4.2272285e-13,5.7275489e-13,9.913159752e-13,5.300374244e-13,1.867100074e-13,2.32911565e-13,1.714333031e-13,7.316528791e-14,9.66216141e-14,1.064821982e-14,9.419235362e-14,1.102115476e-13,1.613105342e-13,1.724107873e-13,1.87070302e-13,7.205040823e-13,5.717968248e-14,6.336748744e-13,9.435366378e-14
137.4453125,2.907920678e-13,2.488435255e-13,7.608754646e-13,1.421975162e-13,2.266252032e-13,2.780325028e-13,1.130701029e-13,2.057342931e-13,1.369312792e-13,1.61279279e-13,2.582572961e-13,2.646990274e-13,1.606619932e-13,4.210727836e-13,5.68396141e-13,9.897578498e-13,5.268013862e-13,1.859603558e-13,2.342868298e-13,1.687964228e-13,7.153431101e-14,9.740942488e-14,1.083232839e-14,9.338212141e-14,1.09503041e-13,1.58811684e-13,1.720285151e-13,1.881025636e-13,7.123029859e-13,5.702386138e-14,6.325898375e-13,9.460975678e-14
137.453125,2.947664425e-13,2.513915252e-13,7.494370428e-13,1.407816428e-13,2.298198708e-13,2.768988585e-13,1.123873787e-13,2.04400888e-13,1.364853886e-13,1.59689453e-13,2.569507563e-13,2.62475066e-13,1.6022602e-13,4.196065472e-13,5.640435333e-13,9.879550461e-13,5.23541201e-13,1.853216083e-13,2.356597976e-13,1.663060196e-13,6.993303675e-14,9.82503088e-14,1.106979068e-14,9.256290952e-14,1.087795613e-13,1.563797461e-13,1.717010715e-13,1.891186486e-13,7.044067813e-13,5.68612795e-14,6.314897498e-13,9.486158538e-14
137.4609375,2.988273579e-13,2.541011789e-13,7.38242226e-13,1.393839923e-13,2.331528384e-13,2.758427386e-13,1.117101071e-13,2.030519071e-13,1.360791321e-13,1.581316533e-13,2.558822302e-13,2.603736194e-13,1.597824051e-13,4.183512648e-13,5.595406425e-13,9.856169137e-13,5.201869267e-13,1.846630856e-13,2.370991169e-13,1.639148633e-13,6.84222547e-14,9.915161499e-14,1.130928166e-14,9.171659503e-14,1.080247551e-13,1.539430274e-13,1.715143429e-13,1.902910172e-13,6.968885418e-13,5.668974828e-14,6.304594881e-13,9.506322088e-14
137.46875,3.029569325e-13,2.569447334e-13,7.274868659e-13,1.379647222e-13,2.366459124e-13,2.74865439e-13,1.110400939e-13,2.017480654e-13,1.357767739e-13,1.566213543e-13,2.550782976e-13,2.584773954e-13,1.593118247e-13,4.17288242e-13,5.54952975e-13,9.828702359e-13,5.167319444e-13,1.839488136e-13,2.386166161e-13,1.615040405e-13,6.700755031e-14,1.001362369e-13,1.154828747e-14,9.095134474e-14,1.072259718e-13,1.514638064e-13,1.712990716e-13,1.916150046e-13,6.897413795e-13,5.649599667e-14,6.295199e-13,9.523944003e-14
137.4765625,3.071443661e-13,2.598974469e-13,7.17121486e-13,1.365200914e-13,2.40254029e-13,2.739702528e-13,1.103064005e-13,2.004300217e-13,1.355129493e-13,1.551201355e-13,2.543775364e-13,2.566903151e-13,1.588631526e-13,4.16425376e-13,5.503171567e-13,9.797141332e-13,5.131635679e-13,1.832808772e-13,2.402102137e-13,1.589935207e-13,6.566229273e-14,1.01173572e-13,1.181284222e-14,9.02113574e-14,1.064066383e-13,1.489767795e-13,1.710455069e-13,1.928496471e-13,6.82998948e-13,5.627102425e-14,6.285960862e-13,9.539811804e-14
137.484375,3.113377754e-13,2.629093882e-13,7.07034153e-13,1.35026883e-13,2.438799328e-13,2.731502302e-13,1.095385359e-13,1.98959357e-13,1.352288304e-13,1.535793766e-13,2.537161936e-13,2.549095331e-13,1.584009926e-13,4.157631028e-13,5.456583691e-13,9.760318369e-13,5.094848701e-13,1.826503465e-13,2.418410876e-13,1.565033438e-13,6.436403303e-14,1.02235409e-13,1.208963712e-14,8.941778017e-14,1.055951294e-13,1.46548854e-13,1.709386215e-13,1.939398498e-13,6.767134794e-13,5.604098322e-14,6.276207408e-13,9.551802635e-14
137.4921875,3.155912504e-13,2.661175766e-13,6.972729834e-13,1.33573998e-13,2.474436174e-13,2.724204656e-13,1.088009847e-13,1.973868962e-13,1.350016943e-13,1.520438572e-13,2.531578129e-13,2.531864942e-13,1.578721747e-13,4.152599185e-13,5.41020979e-13,9.719629152e-13,5.057733439e-13,1.820071242e-13,2.434490227e-13,1.541569772e-13,6.311437081e-14,1.03351433e-13,1.237591093e-14,8.865115172e-14,1.047797616e-13,1.441796391e-13,1.709526943e-13,1.951169494e-13,6.708105346e-13,5.582415578e-14,6.266203879e-13,9.560068059e-14
137.5,3.200567333e-13,2.695867703e-13,6.877435804e-13,1.322354816e-13,2.510258875e-13,2.717338741e-13,1.080579184e-13,1.957952413e-13,1.348469806e-13,1.505561799e-13,2.526600858e-13,2.515473148e-13,1.573440266e-13,4.14909494e-13,5.363038199e-13,9.675114196e-13,5.020197247e-13,1.814115012e-13,2.450838456e-13,1.517930969e-13,6.191402363e-14,1.045255783e-13,1.268896889e-14,8.790338816e-14,1.03936684e-13,1.418036882e-13,1.709726014e-13,1.964582767e-13,6.652372407e-13,5.559886386e-14,6.256698247e-13,9.564498665e-14
137.5078125,3.247102826e-13,2.731483366e-13,6.78442708e-13,1.309410369e-13,2.547997853e-13,2.7109535e-13,1.072731935e-13,1.94133992e-13,1.347076686e-13,1.491310767e-13,2.521977397e-13,2.499653639e-13,1.568753426e-13,4.147572163e-13,5.314312535e-13,9.624306306e-13,4.980919594e-13,1.808996903e-13,2.468451073e-13,1.493066565e-13,6.076313373e-14,1.057281489e-13,1.302488443e-14,8.708017166e-14,1.030645545e-13,1.394141712e-13,1.70982128e-13,1.978918668e-13,6.600063059e-13,5.535958556e-14,6.247691905e-13,9.565299341e-14
137.515625,3.294863814e-13,2.767279956e-13,6.695164807e-13,1.296592082e-13,2.588334426e-13,2.705849972e-13,1.06472671e-13,1.924236337e-13,1.346236128e-13,1.478161167e-13,2.518176782e-13,2.484761088e-13,1.564236102e-13,4.148531505e-13,5.265058848e-13,9.568505055e-13,4.940146129e-13,1.80438207e-13,2.487027176e-13,1.469759001e-13,5.967413744e-14,1.06982985e-13,1.339108776e-14,8.625038502e-14,1.021737818e-13,1.37067721e-13,1.709833354e-13,1.993960836e-13,6.55023438e-13,5.511949345e-14,6.23877083e-13,9.565941839e-14
137.5234375,3.343813365e-13,2.802565037e-13,6.608312816e-13,1.284257639e-13,2.630339308e-13,2.701480508e-13,1.056727743e-13,1.907080341e-13,1.346299452e-13,1.465619093e-13,2.514866042e-13,2.470866607e-13,1.559474258e-13,4.152070741e-13,5.215287134e-13,9.509149124e-13,4.898530716e-13,1.799674081e-13,2.505783846e-13,1.448405078e-13,5.862078365e-14,1.083313481e-13,1.379319177e-14,8.548255497e-14,1.012689662e-13,1.347562551e-13,1.710687958e-13,2.008634043e-13,6.502104982e-13,5.486008296e-14,6.230601915e-13,9.566777471e-14
137.53125,3.392707651e-13,2.83820249e-13,6.523343106e-13,1.271777055e-13,2.672529208e-13,2.697446722e-13,1.048769194e-13,1.888775819e-13,1.346814155e-13,1.452737158e-13,2.512631157e-13,2.457897457e-13,1.554546904e-13,4.157757441e-13,5.164387067e-13,9.442413559e-13,4.855030275e-13,1.794353163e-13,2.525366068e-13,1.424692877e-13,5.757189778e-14,1.097615749e-13,1.41932617e-14,8.467998736e-14,1.003482036e-13,1.324289887e-13,1.713313659e-13,2.023401572e-13,6.456529158e-13,5.458211112e-14,6.22422608e-13,9.563425881e-14
137.5390625,3.442150756e-13,2.878830786e-13,6.442818389e-13,1.258515844e-13,2.714512962e-13,2.695124257e-13,1.040778654e-13,1.869186439e-13,1.347719823e-13,1.440239531e-13,2.512863937e-13,2.446308895e-13,1.549735124e-13,4.165140504e-13,5.114250906e-13,9.369467461e-13,4.810937805e-13,1.789634302e-13,2.546717329e-13,1.398889328e-13,5.656666865e-14,1.11245073e-13,1.457772654e-14,8.381957468e-14,9.941463283e-14,1.301227211e-13,1.716319156e-13,2.04107922e-13,6.413979933e-13,5.433022251e-14,6.219028477e-13,9.555438865e-14
137.546875,3.494157649e-13,2.923978851e-13,6.366611065e-13,1.245449696e-13,2.756896928e-13,2.694467854e-13,1.032461245e-13,1.849842454e-13,1.349042761e-13,1.428754757e-13,2.514794671e-13,2.435611329e-13,1.545052819e-13,4.173977793e-13,5.066411488e-13,9.29757868e-13,4.769223536e-13,1.787203575e-13,2.568970052e-13,1.37595499e-13,5.562521238e-14,1.127712772e-13,1.498187382e-14,8.300442002e-14,9.847865818e-14,1.279199619e-13,1.718464502e-13,2.060705778e-13,6.374613409e-13,5.41044481e-14,6.213544742e-13,9.546718176e-14
137.5546875,3.546494502e-13,2.968160784e-13,6.293249361e-13,1.233749841e-13,2.799691119e-13,2.693921439e-13,1.023998211e-13,1.830556121e-13,1.350448725e-13,1.417641515e-13,2.517507264e-13,2.425089169e-13,1.540057019e-13,4.184669447e-13,5.019614293e-13,9.225449302e-13,4.728583674e-13,1.785969865e-13,2.590940544e-13,1.354816259e-13,5.471147831e-14,1.143447539e-13,1.541523132e-14,8.223508657e-14,9.755161916e-14,1.258237434e-13,1.721111726e-13,2.079454552e-13,6.339744946e-13,5.387614238e-14,6.207906e-13,9.539033161e-14
137.5625,3.597455236e-13,3.01214634e-13,6.223341543e-13,1.223285756e-13,2.842116989e-13,2.693872936e-13,1.016034933e-13,1.810254943e-13,1.352014278e-13,1.407112689e-13,2.521201656e-13,2.415377461e-13,1.534584266e-13,4.198107358e-13,4.973703527e-13,9.148115689e-13,4.687133223e-13,1.784376973e-13,2.612977315e-13,1.330951931e-13,5.382477828e-14,1.159675253e-13,1.586455318e-14,8.14189022e-14,9.664928163e-14,1.2377905e-13,1.725471619e-13,2.098360161e-13,6.308768338e-13,5.365784421e-14,6.202942928e-13,9.531984043e-14
137.5703125,3.649315978e-13,3.057063358e-13,6.155696881e-13,1.213021071e-13,2.884061732e-13,2.694852122e-13,1.008569529e-13,1.789865718e-13,1.353987797e-13,1.397397298e-13,2.524163252e-13,2.406387712e-13,1.528605077e-13,4.213466207e-13,4.9291331e-13,9.068805218e-13,4.645978665e-13,1.782933093e-13,2.635182694e-13,1.305754929e-13,5.296875837e-14,1.176158913e-13,1.63333274e-14,8.054556134e-14,9.577327443e-14,1.217608982e-13,1.730754703e-13,2.117203465e-13,6.278783752e-13,5.344324214e-14,6.197920872e-13,9.526288284e-14
137.578125,3.701362779e-13,3.099208028e-13,6.088919106e-13,1.201768355e-13,2.927360871e-13,2.695554588e-13,1.00109614e-13,1.770186996e-13,1.356698504e-13,1.387602025e-13,2.525443318e-13,2.397477646e-13,1.521643577e-13,4.229443055e-13,4.883648845e-13,8.988199597e-13,4.603710975e-13,1.781514569e-13,2.657141519e-13,1.282108785e-13,5.214175721e-14,1.192997581e-13,1.682520657e-14,7.971039334e-14,9.489252225e-14,1.197890164e-13,1.735666309e-13,2.13397013e-13,6.250050941e-13,5.320062774e-14,6.192812766e-13,9.523672612e-14
137.5859375,3.752975835e-13,3.141193923e-13,6.025333249e-13,1.189888996e-13,2.973650795e-13,2.696213257e-13,9.936039938e-14,1.750182998e-13,1.360591452e-13,1.377759474e-13,2.527852817e-13,2.389782108e-13,1.514150189e-13,4.247820528e-13,4.836733198e-13,8.901103326e-13,4.558858009e-13,1.779705631e-13,2.679980898e-13,1.259008591e-13,5.139754044e-14,1.210801909e-13,1.733927203e-14,7.898821093e-14,9.398928357e-14,1.178792984e-13,1.740018004e-13,2.151251504e-13,6.224636576e-13,5.295236184e-14,6.190122747e-13,9.522437565e-14
137.59375,3.807897499e-13,3.187181371e-13,5.965863525e-13,1.179784942e-13,3.020812122e-13,2.698697506e-13,9.861835601e-14,1.729187315e-13,1.364957445e-13,1.368421209e-13,2.532397388e-13,2.383634484e-13,1.507378159e-13,4.26993593e-13,4.791288478e-13,8.809386361e-13,4.51510934e-13,1.779062944e-13,2.704410208e-13,1.235905524e-13,5.074060582e-14,1.22941967e-13,1.787452666e-14,7.831264065e-14,9.30775361e-14,1.159925682e-13,1.745202524e-13,2.170688275e-13,6.200980673e-13,5.272519642e-14,6.190272136e-13,9.51629501e-14
137.6015625,3.865635364e-13,3.233138678e-13,5.908489716e-13,1.171966095e-13,3.066306129e-13,2.702995854e-13,9.784278699e-14,1.707510049e-13,1.368920111e-13,1.359486066e-13,2.536900116e-13,2.377562072e-13,1.501015386e-13,4.29370196e-13,4.747226118e-13,8.717297289e-13,4.473895874e-13,1.780037478e-13,2.728873112e-13,1.213224284e-13,5.010883884e-14,1.248233743e-13,1.84228013e-14,7.758714444e-14,9.214797457e-14,1.140771825e-13,1.752074668e-13,2.189273513e-13,6.177735332e-13,5.249967387e-14,6.190785845e-13,9.50260508e-14
137.609375,3.922744051e-13,3.278211012e-13,5.853821182e-13,1.163886336e-13,3.111629017e-13,2.708171927e-13,9.702614045e-14,1.685434791e-13,1.373329657e-13,1.351611626e-13,2.541798929e-13,2.371980243e-13,1.494079369e-13,4.318359837e-13,4.702296299e-13,8.622438703e-13,4.431938744e-13,1.780780931e-13,2.752887226e-13,1.190080478e-13,4.95237331e-14,1.2675579e-13,1.897760826e-14,7.685823558e-14,9.118187349e-14,1.121651689e-13,1.759142738e-13,2.207925221e-13,6.157443138e-13,5.227311124e-14,6.19190231e-13,9.485445714e-14
137.6171875,3.980456396e-13,3.326275495e-13,5.803433853e-13,1.155255087e-13,3.157951681e-13,2.714278352e-13,9.622111925e-14,1.66323195e-13,1.378680499e-13,1.345179327e-13,2.548771647e-13,2.367734907e-13,1.486767624e-13,4.344529705e-13,4.657058018e-13,8.522945688e-13,4.388739512e-13,1.780748299e-13,2.777666748e-13,1.1670395e-13,4.900653399e-14,1.287631592e-13,1.953404113e-14,7.615932925e-14,9.019506768e-14,1.103175407e-13,1.765391333e-13,2.229722603e-13,6.140969163e-13,5.204864692e-14,6.194528274e-13,9.467756735e-14
137.625,4.039336381e-13,3.375012159e-13,5.755387042e-13,1.148090503e-13,3.204018954e-13,2.721319661e-13,9.542899508e-14,1.640829096e-13,1.384201393e-13,1.338821129e-13,2.55612266e-13,2.363392352e-13,1.479181123e-13,4.371485694e-13,4.611966486e-13,8.418918864e-13,4.345064387e-13,1.780689586e-13,2.802934122e-13,1.14504216e-13,4.848763294e-14,1.308012989e-13,2.009076624e-14,7.540935959e-14,8.919304504e-14,1.08502195e-13,1.771999458e-13,2.252098815e-13,6.126113227e-13,5.179776225e-14,6.196011085e-13,9.449770002e-14
137.6328125,4.097957202e-13,3.42188064e-13,5.708399513e-13,1.141236324e-13,3.250205297e-13,2.729384079e-13,9.461145835e-14,1.617841473e-13,1.390077412e-13,1.331865287e-13,2.562121591e-13,2.358875198e-13,1.471253458e-13,4.400751097e-13,4.566997464e-13,8.309853158e-13,4.300381734e-13,1.781081447e-13,2.827977276e-13,1.12226331e-13,4.797980831e-14,1.328838826e-13,2.065532951e-14,7.465306464e-14,8.817529022e-14,1.066663742e-13,1.779791505e-13,2.272196796e-13,6.113171228e-13,5.152458615e-14,6.196210096e-13,9.431167022e-14
137.640625,4.158054606e-13,3.46877426e-13,5.665351914e-13,1.13273556e-13,3.296791878e-13,2.738953448e-13,9.380169295e-14,1.594412072e-13,1.396475853e-13,1.325221159e-13,2.567999583e-13,2.355927454e-13,1.463671463e-13,4.434568251e-13,4.525380987e-13,8.200513362e-13,4.257664312e-13,1.78310554e-13,2.853566687e-13,1.098348168e-13,4.755768186e-14,1.350221453e-13,2.121635369e-14,7.400672267e-14,8.719308724e-14,1.048586107e-13,1.788818968e-13,2.291431833e-13,6.104437441e-13,5.127323095e-14,6.199054048e-13,9.409321994e-14
137.6484375,4.220514393e-13,3.515522906e-13,5.627172245e-13,1.124457109e-13,3.342292446e-13,2.749370168e-13,9.304068632e-14,1.570927445e-13,1.402612068e-13,1.319231546e-13,2.574483883e-13,2.353893516e-13,1.456432586e-13,4.470689037e-13,4.488485616e-13,8.095844548e-13,4.219847611e-13,1.787351972e-13,2.879815445e-13,1.075448934e-13,4.716340177e-14,1.371648527e-13,2.176431845e-14,7.33877099e-14,8.627346184e-14,1.031408561e-13,1.799254302e-13,2.310923712e-13,6.099176318e-13,5.104519357e-14,6.204608269e-13,9.384071943e-14
137.65625,4.283914888e-13,3.561907649e-13,5.590139379e-13,1.118203179e-13,3.387178803e-13,2.759498517e-13,9.228796326e-14,1.547603134e-13,1.408960462e-13,1.313607912e-13,2.580757301e-13,2.351281194e-13,1.449086813e-13,4.506850725e-13,4.451949485e-13,7.99117807e-13,4.183780035e-13,1.792473816e-13,2.905699021e-13,1.053100603e-13,4.671223456e-14,1.393285356e-13,2.233560164e-14,7.271550919e-14,8.53576266e-14,1.014682773e-13,1.810397812e-13,2.330716026e-13,6.094336047e-13,5.080057505e-14,6.21035712e-13,9.358914478e-14
137.6640625,4.348328739e-13,3.609123223e-13,5.553837024e-13,1.113317135e-13,3.432134295e-13,2.770021443e-13,9.151185608e-14,1.524496653e-13,1.41618467e-13,1.308926454e-13,2.58725468e-13,2.349019263e-13,1.442214754e-13,4.544080366e-13,4.413673835e-13,7.881653418e-13,4.146611598e-13,1.797768669e-13,2.931360201e-13,1.030438379e-13,4.626330287e-14,1.415476308e-13,2.294406403e-14,7.20861114e-14,8.440936211e-14,9.977251635e-14,1.82175912e-13,2.351543712e-13,6.089621186e-13,5.053480385e-14,6.217163513e-13,9.332056838e-14
137.671875,4.413287676e-13,3.656833677e-13,5.522234887e-13,1.109690177e-13,3.47554954e-13,2.782577189e-13,9.073307554e-14,1.501096535e-13,1.423399437e-13,1.306077255e-13,2.594979749e-13,2.348209878e-13,1.435774747e-13,4.582642835e-13,4.376963425e-13,7.770322185e-13,4.110148114e-13,1.803705737e-13,2.957813191e-13,1.009012518e-13,4.590764378e-14,1.437910051e-13,2.355052341e-14,7.151023541e-14,8.345631805e-14,9.807929136e-14,1.83416869e-13,2.373443878e-13,6.088385746e-13,5.028127476e-14,6.225939117e-13,9.299914086e-14
137.6796875,4.477432113e-13,3.70580913e-13,5.494822563e-13,1.106720522e-13,3.517154631e-13,2.796931944e-13,8.995399822e-14,1.477160029e-13,1.430517451e-13,1.304315505e-13,2.60311178e-13,2.348230926e-13,1.428785628e-13,4.621977485e-13,4.342870926e-13,7.658641641e-13,4.07487734e-13,1.809785346e-13,2.984784987e-13,9.878919846e-14,4.562278332e-14,1.460589712e-13,2.415289427e-14,7.091623714e-14,8.250922201e-14,9.644014419e-14,1.847427825e-13,2.395162562e-13,6.091749259e-13,5.002976342e-14,6.235078523e-13,9.264953328e-14
137.6875,4.540714641e-13,3.755350957e-13,5.468332003e-13,1.102748187e-13,3.558217914e-13,2.811169589e-13,8.917296871e-14,1.453485607e-13,1.438270503e-13,1.302024667e-13,2.610316134e-13,2.348257084e-13,1.42170624e-13,4.662151871e-13,4.308519783e-13,7.543468242e-13,4.038649872e-13,1.815442418e-13,3.010971942e-13,9.650175952e-14,4.533841512e-14,1.483456434e-13,2.476641383e-14,7.035293803e-14,8.156190512e-14,9.484602586e-14,1.860175655e-13,2.415521608e-13,6.095824259e-13,4.973455528e-14,6.243795636e-13,9.229834064e-14
137.6953125,4.603324652e-13,3.802057865e-13,5.443875799e-13,1.098945735e-13,3.59919479e-13,2.824877123e-13,8.841803867e-14,1.430247504e-13,1.446246807e-13,1.299407197e-13,2.616779281e-13,2.348326363e-13,1.415429031e-13,4.703062384e-13,4.273354893e-13,7.42539979e-13,4.001700866e-13,1.821362163e-13,3.036250715e-13,9.426750792e-14,4.506611163e-14,1.50615727e-13,2.536390364e-14,6.984081715e-14,8.062278976e-14,9.329839888e-14,1.872190074e-13,2.435146261e-13,6.0989578e-13,4.94200567e-14,6.25285637e-13,9.19601988e-14
137.703125,4.665981357e-13,3.84825005e-13,5.42244968e-13,1.09714799e-13,3.639504675e-13,2.839424561e-13,8.770660289e-14,1.406671382e-13,1.45419119e-13,1.297465004e-13,2.623173412e-13,2.348911503e-13,1.409157148e-13,4.744857619e-13,4.239812244e-13,7.307956191e-13,3.966471632e-13,1.828042489e-13,3.061626049e-13,9.224279109e-14,4.48551161e-14,1.529051729e-13,2.594782252e-14,6.930495085e-14,7.969415419e-14,9.182238096e-14,1.883962358e-13,2.455589615e-13,6.105159692e-13,4.913406335e-14,6.262880924e-13,9.164186438e-14
137.7109375,4.728825532e-13,3.897004775e-13,5.402147613e-13,1.095673444e-13,3.676901231e-13,2.854856414e-13,8.703656891e-14,1.382711532e-13,1.462219939e-13,1.296064899e-13,2.629166936e-13,2.349876181e-13,1.401905199e-13,4.786472465e-13,4.208322712e-13,7.190303186e-13,3.932920949e-13,1.834906565e-13,3.086895802e-13,9.016950344e-14,4.467478818e-14,1.55198309e-13,2.654017141e-14,6.873892403e-14,7.87731539e-14,9.037170992e-14,1.895823852e-13,2.476160135e-13,6.115368322e-13,4.883396736e-14,6.273123353e-13,9.127985573e-14
137.71875,4.790305682e-13,3.943681482e-13,5.383526903e-13,1.093770541e-13,3.711310163e-13,2.870436608e-13,8.639142514e-14,1.358472111e-13,1.469766777e-13,1.295486039e-13,2.634235216e-13,2.350411702e-13,1.393934139e-13,4.826481874e-13,4.177284242e-13,7.069676228e-13,3.898661518e-13,1.841195986e-13,3.111187685e-13,8.802300423e-14,4.447737636e-14,1.574187566e-13,2.710262331e-14,6.814918034e-14,7.784749675e-14,8.889985997e-14,1.90811286e-13,2.495482063e-13,6.12490193e-13,4.84915238e-14,6.282347235e-13,9.084868352e-14
137.7265625,4.851684587e-13,3.987019591e-13,5.368137908e-13,1.093526937e-13,3.746919778e-13,2.88705009e-13,8.573415707e-14,1.333535242e-13,1.477134438e-13,1.296200368e-13,2.638982898e-13,2.350642168e-13,1.385930513e-13,4.867529078e-13,4.146959337e-13,6.947876395e-13,3.863906826e-13,1.847126298e-13,3.135225366e-13,8.599004972e-14,4.429147097e-14,1.596567693e-13,2.762257191e-14,6.752433526e-14,7.689279454e-14,8.744900906e-14,1.920678892e-13,2.514667274e-13,6.133199907e-13,4.817447395e-14,6.291813681e-13,9.043850397e-14
137.734375,4.915009235e-13,4.032365759e-13,5.35517936e-13,1.094551869e-13,3.783584133e-13,2.905009272e-13,8.505799366e-14,1.308310877e-13,1.485159669e-13,1.297598351e-13,2.644183167e-13,2.351769689e-13,1.378408015e-13,4.911785778e-13,4.11826693e-13,6.827591332e-13,3.831103587e-13,1.853722193e-13,3.159786032e-13,8.393812223e-14,4.41519916e-14,1.619911554e-13,2.81599868e-14,6.694797602e-14,7.592325005e-14,8.602588792e-14,1.933379039e-13,2.53465302e-13,6.144987552e-13,4.790217498e-14,6.303263559e-13,9.005025965e-14
137.7421875,4.977428753e-13,4.079815946e-13,5.344002691e-13,1.095153777e-13,3.816828771e-13,2.922667121e-13,8.439603969e-14,1.283619378e-13,1.493294337e-13,1.299794509e-13,2.649165693e-13,2.353986968e-13,1.371518973e-13,4.956061614e-13,4.089750845e-13,6.70630572e-13,3.799494857e-13,1.86093403e-13,3.183970467e-13,8.175687069e-14,4.405032541e-14,1.642904419e-13,2.872750209e-14,6.645911415e-14,7.497109244e-14,8.458697211e-14,1.946535575e-13,2.554542936e-13,6.160804662e-13,4.762086547e-14,6.314960245e-13,8.960016785e-14
137.75,5.037813848e-13,4.126043334e-13,5.333911114e-13,1.096409117e-13,3.848668226e-13,2.939470807e-13,8.375131978e-14,1.259518499e-13,1.501197478e-13,1.302790112e-13,2.65312714e-13,2.356156284e-13,1.365005451e-13,4.999371604e-13,4.060623388e-13,6.58185239e-13,3.766938218e-13,1.868000041e-13,3.207518537e-13,7.963976352e-14,4.396861544e-14,1.66514312e-13,2.92764733e-14,6.59641977e-14,7.402208681e-14,8.316782385e-14,1.959855544e-13,2.573905344e-13,6.176824504e-13,4.732749846e-14,6.325741476e-13,8.914597697e-14
137.7578125,5.099387462e-13,4.169953191e-13,5.324091006e-13,1.099227767e-13,3.882804271e-13,2.956431301e-13,8.310033629e-14,1.236145191e-13,1.509468515e-13,1.304969722e-13,2.656549225e-13,2.357760899e-13,1.358713917e-13,5.044488175e-13,4.033398933e-13,6.458464158e-13,3.735253166e-13,1.875943978e-13,3.231306279e-13,7.766262747e-14,4.389403499e-14,1.687544569e-13,2.978573129e-14,6.545687171e-14,7.307236439e-14,8.18093271e-14,1.972830861e-13,2.59240201e-13,6.192120038e-13,4.704458178e-14,6.33784614e-13,8.875275021e-14
137.765625,5.160057797e-13,4.210100561e-13,5.316058842e-13,1.103503469e-13,3.914887289e-13,2.973768289e-13,8.244531851e-14,1.213637217e-13,1.517730241e-13,1.306615132e-13,2.659325528e-13,2.359274923e-13,1.352612286e-13,5.089500398e-13,4.009695592e-13,6.339737167e-13,3.706219686e-13,1.885727981e-13,3.254568339e-13,7.574756713e-14,4.383317616e-14,1.709520771e-13,3.026513968e-14,6.500898266e-14,7.215292692e-14,8.047784857e-14,1.985801403e-13,2.609553838e-13,6.208017274e-13,4.676933319e-14,6.35145605e-13,8.832161307e-14
137.7734375,5.215888554e-13,4.248265176e-13,5.310373087e-13,1.110240788e-13,3.941300853e-13,2.990943928e-13,8.180779466e-14,1.191300617e-13,1.525388657e-13,1.309601337e-13,2.660454819e-13,2.360753222e-13,1.346514086e-13,5.131275588e-13,3.987534708e-13,6.222380654e-13,3.677538635e-13,1.895609678e-13,3.275910208e-13,7.390001816e-14,4.379150726e-14,1.730312279e-13,3.072053896e-14,6.457378094e-14,7.124568749e-14,7.915731402e-14,1.999339001e-13,2.626688053e-13,6.224341056e-13,4.650630956e-14,6.36405175e-13,8.779914871e-14
137.78125,5.272502993e-13,4.289580798e-13,5.305198185e-13,1.11878476e-13,3.966531022e-13,3.008128827e-13,8.121018267e-14,1.168775607e-13,1.533079412e-13,1.313435806e-13,2.660675656e-13,2.362123592e-13,1.340620693e-13,5.173453903e-13,3.964972859e-13,6.102926575e-13,3.648767231e-13,1.904667864e-13,3.296583981e-13,7.208277655e-14,4.375418645e-14,1.750903562e-13,3.113942385e-14,6.40889685e-14,7.032139899e-14,7.784113323e-14,2.013954389e-13,2.64557712e-13,6.241252761e-13,4.623838233e-14,6.376083772e-13,8.725663465e-14
137.7890625,5.336295542e-13,4.332723281e-13,5.301254737e-13,1.127167378e-13,3.994206395e-13,3.02644354e-13,8.065551088e-14,1.146535879e-13,1.541311173e-13,1.317475537e-13,2.661679521e-13,2.364060515e-13,1.3353644e-13,5.21963083e-13,3.942834117e-13,5.983855174e-13,3.623174249e-13,1.914680758e-13,3.318512078e-13,7.024245877e-14,4.374486215e-14,1.772139807e-13,3.15105644e-14,6.359954927e-14,6.941221026e-14,7.649934214e-14,2.029768003e-13,2.665858119e-13,6.259499082e-13,4.593783762e-14,6.390296245e-13,8.671645407e-14
137.796875,5.401904985e-13,4.371962614e-13,5.300135588e-13,1.136127344e-13,4.021761522e-13,3.046127785e-13,8.011434903e-14,1.124646744e-13,1.549474415e-13,1.322335589e-13,2.663174585e-13,2.366237665e-13,1.330126538e-13,5.266047317e-13,3.92275008e-13,5.868489346e-13,3.601151057e-13,1.926002041e-13,3.340739003e-13,6.844849308e-14,4.378399622e-14,1.793394592e-13,3.18595898e-14,6.312988207e-14,6.853411233e-14,7.51568453e-14,2.045618216e-13,2.685516858e-13,6.277319919e-13,4.564515936e-14,6.406264711e-13,8.615869295e-14
137.8046875,5.462585621e-13,4.40760911e-13,5.300276681e-13,1.14605633e-13,4.046342501e-13,3.065443339e-13,7.957899809e-14,1.102825233e-13,1.556760637e-13,1.327245533e-13,2.663867772e-13,2.36709338e-13,1.323917317e-13,5.309054429e-13,3.904788623e-13,5.755434752e-13,3.580172965e-13,1.937211844e-13,3.361571709e-13,6.669490122e-14,4.381113034e-14,1.813679587e-13,3.220920793e-14,6.264031174e-14,6.766393583e-14,7.386442735e-14,2.060349366e-13,2.70300762e-13,6.293332407e-13,4.539960975e-14,6.420980391e-13,8.559352522e-14
137.8125,5.521107378e-13,4.44383396e-13,5.301186723e-13,1.155465315e-13,4.068535002e-13,3.083617067e-13,7.908232979e-14,1.081115502e-13,1.563242692e-13,1.332097897e-13,2.663821945e-13,2.36726829e-13,1.317340259e-13,5.351474015e-13,3.888029185e-13,5.642375888e-13,3.559818659e-13,1.948363291e-13,3.381430657e-13,6.490016505e-14,4.381243352e-14,1.832976307e-13,3.254360568e-14,6.213303654e-14,6.680687302e-14,7.262584841e-14,2.074542265e-13,2.719070604e-13,6.310508038e-13,4.515836122e-14,6.434744731e-13,8.501176295e-14
137.8203125,5.580128464e-13,4.481097862e-13,5.305253226e-13,1.16577865e-13,4.0895037e-13,3.102362049e-13,7.862849687e-14,1.059632854e-13,1.569803096e-13,1.338545138e-13,2.663840643e-13,2.369039167e-13,1.311514041e-13,5.395967586e-13,3.872211531e-13,5.530837413e-13,3.540811405e-13,1.959961606e-13,3.400824972e-13,6.314921189e-14,4.386436755e-14,1.85206916e-13,3.286319345e-14,6.165034474e-14,6.596339937e-14,7.142815848e-14,2.089573734e-13,2.735565466e-13,6.330661688e-13,4.489854451e-14,6.451099653e-13,8.439851258e-14
137.828125,5.636916724e-13,4.517287472e-13,5.312951481e-13,1.17897428e-13,4.108477731e-13,3.122664785e-13,7.819464721e-14,1.038521895e-13,1.576831236e-13,1.34632827e-13,2.66377793e-13,2.371999653e-13,1.306026848e-13,5.440529848e-13,3.85747884e-13,5.42235466e-13,3.523034561e-13,1.971580569e-13,3.419046639e-13,6.152974875e-14,4.396333368e-14,1.871125959e-13,3.318073321e-14,6.119256919e-14,6.511318427e-14,7.024559377e-14,2.105819633e-13,2.752601489e-13,6.350697087e-13,4.466178787e-14,6.470121038e-13,8.377568916e-14
137.8359375,5.691288199e-13,4.552219658e-13,5.32174257e-13,1.193403417e-13,4.123741184e-13,3.143331081e-13,7.778485222e-14,1.017802028e-13,1.583642156e-13,1.354231748e-13,2.662646531e-13,2.373973613e-13,1.300136213e-13,5.483095383e-13,3.843186568e-13,5.314120381e-13,3.506328757e-13,1.983179188e-13,3.435712169e-13,5.992220057e-14,4.404046005e-14,1.889557859e-13,3.347425191e-14,6.072478981e-14,6.427522669e-14,6.905076289e-14,2.122107743e-13,2.768905186e-13,6.369727008e-13,4.4448885e-14,6.488303408e-13,8.314870482e-14
137.84375,5.744418877e-13,4.585776962e-13,5.329100952e-13,1.208077748e-13,4.134782574e-13,3.162459263e-13,7.73998706e-14,9.970777019e-14,1.589416746e-13,1.362390848e-13,2.659948029e-13,2.374306675e-13,1.293994255e-13,5.522899028e-13,3.828151565e-13,5.203095997e-13,3.489580858e-13,1.994711538e-13,3.450649441e-13,5.823500785e-14,4.408865913e-14,1.906986487e-13,3.373156546e-14,6.024576958e-14,6.346714003e-14,6.785905079e-14,2.13707484e-13,2.783388391e-13,6.390252037e-13,4.421355981e-14,6.50447845e-13,8.249077295e-14
137.8515625,5.795121906e-13,4.615009421e-13,5.335446108e-13,1.223700253e-13,4.143595791e-13,3.179586304e-13,7.70258351e-14,9.763946905e-14,1.59427745e-13,1.370779017e-13,2.656030679e-13,2.373581498e-13,1.287785143e-13,5.559743364e-13,3.812181594e-13,5.090473882e-13,3.47145085e-13,2.005650968e-13,3.463988939e-13,5.655180927e-14,4.413455003e-14,1.923444167e-13,3.397187483e-14,5.978985153e-14,6.265874237e-14,6.66829539e-14,2.150942653e-13,2.796078927e-13,6.410577894e-13,4.394840814e-14,6.519762288e-13,8.180246521e-14
137.859375,5.844739182e-13,4.639648837e-13,5.344287657e-13,1.239556326e-13,4.152728625e-13,3.197353726e-13,7.668705761e-14,9.56483895e-14,1.599426035e-13,1.379890421e-13,2.651320454e-13,2.373190811e-13,1.281839818e-13,5.59644607e-13,3.796929665e-13,4.979283723e-13,3.45337944e-13,2.016347867e-13,3.477145873e-13,5.492921577e-14,4.421745872e-14,1.939503224e-13,3.420215574e-14,5.937359348e-14,6.184402917e-14,6.551427077e-14,2.164695086e-13,2.809234395e-13,6.427976233e-13,4.367957154e-14,6.535203457e-13,8.111213344e-14
137.8671875,5.894625032e-13,4.664348301e-13,5.356068391e-13,1.256130746e-13,4.16150564e-13,3.217022424e-13,7.641484708e-14,9.374660099e-14,1.60543083e-13,1.390543393e-13,2.645443186e-13,2.374259152e-13,1.27657973e-13,5.634868079e-13,3.783964598e-13,4.871417633e-13,3.437581177e-13,2.027607665e-13,3.490413532e-13,5.334624814e-14,4.435240424e-14,1.955540645e-13,3.442071625e-14,5.899157394e-14,6.105838469e-14,6.438015715e-14,2.178656956e-13,2.823818647e-13,6.444805452e-13,4.342144757e-14,6.551782431e-13,8.043077362e-14
137.875,5.942131346e-13,4.688906208e-13,5.365182713e-13,1.274981962e-13,4.1678378e-13,3.234383043e-13,7.618667201e-14,9.188028367e-14,1.610922932e-13,1.400965524e-13,2.637050466e-13,2.375091988e-13,1.27133547e-13,5.671551566e-13,3.772314981e-13,4.767473023e-13,3.423636975e-13,2.039410504e-13,3.501827116e-13,5.18549915e-14,4.445272034e-14,1.970536284e-13,3.462227814e-14,5.862515338e-14,6.031179712e-14,6.330450145e-14,2.192865836e-13,2.835943179e-13,6.46155836e-13,4.317558519e-14,6.568181693e-13,7.975561416e-14
137.8828125,5.986634733e-13,4.708550743e-13,5.36959974e-13,1.294784377e-13,4.172326271e-13,3.247354005e-13,7.596733045e-14,9.002334649e-14,1.61483931e-13,1.409890424e-13,2.626266207e-13,2.373763922e-13,1.265600012e-13,5.704815852e-13,3.760450323e-13,4.666270032e-13,3.410188127e-13,2.051243388e-13,3.510983177e-13,5.050282438e-14,4.447611102e-14,1.983737131e-13,3.478943161e-14,5.823174356e-14,5.957986712e-14,6.2254956e-14,2.206944622e-13,2.843722793e-13,6.475347155e-13,4.293579584e-14,6.581833797e-13,7.907686345e-14
137.890625,6.02977853e-13,4.726314099e-13,5.375572776e-13,1.314716532e-13,4.176035248e-13,3.260384973e-13,7.576022837e-14,8.816066518e-14,1.618089225e-13,1.419389836e-13,2.616041009e-13,2.37187359e-13,1.260538916e-13,5.73767062e-13,3.748982385e-13,4.565544724e-13,3.396913923e-13,2.062745931e-13,3.519634504e-13,4.917126846e-14,4.452469983e-14,1.996114599e-13,3.492036916e-14,5.779679101e-14,5.883917232e-14,6.118967811e-14,2.220362391e-13,2.85187561e-13,6.488368307e-13,4.269454897e-14,6.593911388e-13,7.836372003e-14
137.8984375,6.072235272e-13,4.747551045e-13,5.386085807e-13,1.336680276e-13,4.178482535e-13,3.275749759e-13,7.559931851e-14,8.630939087e-14,1.621511239e-13,1.429801992e-13,2.607124841e-13,2.37088762e-13,1.256885285e-13,5.770870958e-13,3.738442808e-13,4.464979496e-13,3.384253714e-13,2.074339806e-13,3.528182199e-13,4.776582211e-14,4.461710767e-14,2.00826655e-13,3.501498233e-14,5.736576212e-14,5.809419809e-14,6.01061454e-14,2.233732879e-13,2.862720181e-13,6.503243078e-13,4.244701393e-14,6.606752874e-13,7.761540443e-14
137.90625,6.114743042e-13,4.76775584e-13,5.395995658e-13,1.360292922e-13,4.179026425e-13,3.290330678e-13,7.550997682e-14,8.455228265e-14,1.624782019e-13,1.439373728e-13,2.596198224e-13,2.369220298e-13,1.25343037e-13,5.802180971e-13,3.727677789e-13,4.366059839e-13,3.372652628e-13,2.086579116e-13,3.535430844e-13,4.638928873e-14,4.465803933e-14,2.019523005e-13,3.505101464e-14,5.695887943e-14,5.736620859e-14,5.903527299e-14,2.247593432e-13,2.87234717e-13,6.516347749e-13,4.218405649e-14,6.619349714e-13,7.688332554e-14
137.9140625,6.154192257e-13,4.783059469e-13,5.402255912e-13,1.383688866e-13,4.175818131e-13,3.301310224e-13,7.544522043e-14,8.288351728e-14,1.627284995e-13,1.44932478e-13,2.582914424e-13,2.365954613e-13,1.248923443e-13,5.829553511e-13,3.715962972e-13,4.268320061e-13,3.360930352e-13,2.098372952e-13,3.540371381e-13,4.509273439e-14,4.468014806e-14,2.029312512e-13,3.50358302e-14,5.653204955e-14,5.664038089e-14,5.798869101e-14,2.261218373e-13,2.879142839e-13,6.526405576e-13,4.191459488e-14,6.630338437e-13,7.6164091e-14
137.921875,6.187297287e-13,4.798078136e-13,5.406842623e-13,1.40792041e-13,4.168194112e-13,3.308568271e-13,7.5325943e-14,8.118645413e-14,1.628630055e-13,1.461081336e-13,2.570366326e-13,2.362186858e-13,1.243811626e-13,5.85247505e-13,3.703421114e-13,4.170198303e-13,3.347569647e-13,2.108736138e-13,3.542953436e-13,4.380585359e-14,4.477628089e-14,2.037557952e-13,3.500850463e-14,5.606092877e-14,5.589054428e-14,5.694247223e-14,2.274401766e-13,2.88547151e-13,6.535806185e-13,4.166171093e-14,6.639910854e-13,7.54004991e-14
137.9296875,6.218811708e-13,4.812702243e-13,5.411069868e-13,1.434113952e-13,4.159697903e-13,3.31490619e-13,7.518810966e-14,7.9472236e-14,1.629418351e-13,1.472946005e-13,2.557805579e-13,2.358430288e-13,1.239527078e-13,5.873860443e-13,3.690498519e-13,4.073487486e-13,3.33412953e-13,2.119101512e-13,3.544183144e-13,4.258756488e-14,4.490917902e-14,2.044828495e-13,3.497448301e-14,5.558644211e-14,5.515427296e-14,5.59018583e-14,2.287317366e-13,2.891640822e-13,6.542369516e-13,4.140832794e-14,6.648080186e-13,7.461870734e-14
137.9375,6.250431557e-13,4.821913334e-13,5.415670035e-13,1.461325522e-13,4.151456491e-13,3.32296361e-13,7.51256796e-14,7.785502335e-14,1.63050489e-13,1.484375011e-13,2.542744738e-13,2.354313822e-13,1.236338355e-13,5.895506551e-13,3.678174908e-13,3.981176722e-13,3.322711185e-13,2.130414552e-13,3.544500468e-13,4.150842808e-14,4.502048203e-14,2.05175064e-13,3.492768089e-14,5.515088685e-14,5.447370893e-14,5.489658605e-14,2.299129499e-13,2.896348172e-13,6.544505139e-13,4.113647977e-14,6.654896745e-13,7.388268672e-14
137.9453125,6.277472557e-13,4.828625838e-13,5.420975674e-13,1.48950185e-13,4.140889756e-13,3.330482031e-13,7.510591085e-14,7.631998051e-14,1.631289365e-13,1.496454198e-13,2.526473596e-13,2.349637766e-13,1.233145139e-13,5.914578145e-13,3.666247547e-13,3.892566595e-13,3.312746774e-13,2.141758169e-13,3.543402531e-13,4.046735286e-14,4.511815819e-14,2.057902606e-13,3.489287285e-14,5.473718548e-14,5.382311036e-14,5.392460675e-14,2.30975025e-13,2.899796587e-13,6.545959664e-13,4.088778981e-14,6.660698038e-13,7.318017191e-14
137.953125,6.303464553e-13,4.83710078e-13,5.425844027e-13,1.519261785e-13,4.129444914e-13,3.335331734e-13,7.506672039e-14,7.480843381e-14,1.631237668e-13,1.508277368e-13,2.510789522e-13,2.344723827e-13,1.230028116e-13,5.931377374e-13,3.654097838e-13,3.806360615e-13,3.304561246e-13,2.153753663e-13,3.541644497e-13,3.942649355e-14,4.519571615e-14,2.063090054e-13,3.487176239e-14,5.431883409e-14,5.319253303e-14,5.298158144e-14,2.320562904e-13,2.902801514e-13,6.547950985e-13,4.067561968e-14,6.666498958e-13,7.249363899e-14
137.9609375,6.331509108e-13,4.844746652e-13,5.430996755e-13,1.550111878e-13,4.118211382e-13,3.339908895e-13,7.507203849e-14,7.334902505e-14,1.630966162e-13,1.519056215e-13,2.495576295e-13,2.340200964e-13,1.228061356e-13,5.949042013e-13,3.643594437e-13,3.723812617e-13,3.299515821e-13,2.167488049e-13,3.539866438e-13,3.844450098e-14,4.525628883e-14,2.067847754e-13,3.48214313e-14,5.391862854e-14,5.261678754e-14,5.206074635e-14,2.332045612e-13,2.905772292e-13,6.549183968e-13,4.044908081e-14,6.673881094e-13,7.183259032e-14
137.96875,6.353774561e-13,4.850651641e-13,5.437385165e-13,1.582005377e-13,4.102752557e-13,3.344325069e-13,7.516045775e-14,7.192990985e-14,1.63026563e-13,1.529946805e-13,2.480348178e-13,2.335828042e-13,1.226524497e-13,5.965067457e-13,3.635192415e-13,3.644029156e-13,3.29512344e-13,2.180847999e-13,3.536069767e-13,3.749525933e-14,4.534702963e-14,2.071669454e-13,3.472745667e-14,5.354473061e-14,5.207763762e-14,5.112960873e-14,2.343139563e-13,2.907968545e-13,6.550754141e-13,4.01987019e-14,6.681859849e-13,7.117004156e-14
137.9765625,6.369256094e-13,4.855773321e-13,5.443270664e-13,1.615683061e-13,4.083099456e-13,3.346262476e-13,7.525927341e-14,7.051133456e-14,1.628837585e-13,1.541325696e-13,2.46367601e-13,2.330925161e-13,1.224369532e-13,5.977384392e-13,3.625374783e-13,3.564061579e-13,3.288390752e-13,2.191933289e-13,3.529089465e-13,3.65917163e-14,4.547675216e-14,2.074087749e-13,3.461540545e-14,5.317499661e-14,5.152815364e-14,5.020000835e-14,2.353161304e-13,2.907899209e-13,6.552286096e-13,3.995506798e-14,6.6884037e-13,7.049296234e-14
137.984375,6.385480548e-13,4.857989307e-13,5.449851903e-13,1.651024667e-13,4.064567233e-13,3.347303179e-13,7.535563614e-14,6.914499464e-14,1.627671738e-13,1.552740942e-13,2.445028249e-13,2.326151636e-13,1.222730131e-13,5.989782084e-13,3.614026556e-13,3.485897094e-13,3.281924508e-13,2.203107267e-13,3.521101726e-13,3.577155928e-14,4.560460672e-14,2.076052029e-13,3.448293157e-14,5.283877126e-14,5.098747489e-14,4.931993804e-14,2.363128723e-13,2.9067193e-13,6.55234135e-13,3.97262087e-14,6.695173934e-13,6.983227562e-14
137.9921875,6.402220761e-13,4.859128866e-13,5.459437725e-13,1.687550903e-13,4.046593257e-13,3.348586571e-13,7.550847465e-14,6.784444539e-14,1.626569797e-13,1.56409205e-13,2.426658858e-13,2.322128995e-13,1.222348881e-13,6.002781455e-13,3.60489325e-13,3.413571869e-13,3.279286506e-13,2.216788412e-13,3.51341701e-13,3.494070657e-14,4.570966392e-14,2.077619485e-13,3.431154274e-14,5.253483753e-14,5.04909829e-14,4.848650012e-14,2.374173809e-13,2.906910619e-13,6.552385087e-13,3.951957959e-14,6.703486197e-13,6.919084394e-14
138,6.416637731e-13,4.8624748e-13,5.46873648e-13,1.725049832e-13,4.025519422e-13,3.347884042e-13,7.571674601e-14,6.653852896e-14,1.624136623e-13,1.574981446e-13,2.409389673e-13,2.317856865e-13,1.221926121e-13,6.013064619e-13,3.596634978e-13,3.345038129e-13,3.279342011e-13,2.231323357e-13,3.504538779e-13,3.408600366e-14,4.581483821e-14,2.077732303e-13,3.412521123e-14,5.216780528e-14,5.002977505e-14,4.768021929e-14,2.385247162e-13,2.907035806e-13,6.55259645e-13,3.932553988e-14,6.710803294e-13,6.855622311e-14
138.0078125,6.429837358e-13,4.863846083e-13,5.476863169e-13,1.762913781e-13,4.002345717e-13,3.345854505e-13,7.595613981e-14,6.524592531e-14,1.620789716e-13,1.585758039e-13,2.391573573e-13,2.312977604e-13,1.221080097e-13,6.021097415e-13,3.585831057e-13,3.276755971e-13,3.280368232e-13,2.244754228e-13,3.493769717e-13,3.331532244e-14,4.596363005e-14,2.07669104e-13,3.395475746e-14,5.174598303e-14,4.960255555e-14,4.690998628e-14,2.395298469e-13,2.904951539e-13,6.551507849e-13,3.911149613e-14,6.716944664e-13,6.794579969e-14
138.015625,6.441083831e-13,4.861505971e-13,5.4875755e-13,1.801376697e-13,3.978661579e-13,3.344478209e-13,7.622960293e-14,6.401887562e-14,1.617615416e-13,1.597234563e-13,2.372838474e-13,2.308458859e-13,1.220990122e-13,6.028210356e-13,3.575140628e-13,3.210959705e-13,3.283340266e-13,2.258261e-13,3.482206987e-13,3.258790718e-14,4.614472081e-14,2.075362624e-13,3.378964631e-14,5.138928093e-14,4.922624299e-14,4.618524141e-14,2.405636681e-13,2.902631465e-13,6.550360542e-13,3.889120334e-14,6.724460368e-13,6.737650957e-14
138.0234375,6.448890661e-13,4.861078328e-13,5.497662427e-13,1.842014965e-13,3.953327768e-13,3.341380579e-13,7.652284023e-14,6.280157514e-14,1.614217239e-13,1.60834288e-13,2.352911084e-13,2.304117415e-13,1.221595444e-13,6.032815199e-13,3.567214743e-13,3.150275812e-13,3.287818393e-13,2.272586544e-13,3.469888571e-13,3.184948534e-14,4.627557754e-14,2.073357982e-13,3.361202192e-14,5.108247211e-14,4.888509826e-14,4.551212952e-14,2.416652439e-13,2.900865471e-13,6.549265486e-13,3.868712183e-14,6.732168656e-13,6.684018836e-14
138.03125,6.452124928e-13,4.862173946e-13,5.502748218e-13,1.884551564e-13,3.925849857e-13,3.333828505e-13,7.683283234e-14,6.156623335e-14,1.610183879e-13,1.618192501e-13,2.330673138e-13,2.29911856e-13,1.221725259e-13,6.034108664e-13,3.558726242e-13,3.09225821e-13,3.290685848e-13,2.285810117e-13,3.455533126e-13,3.117916183e-14,4.63438494e-14,2.070022148e-13,3.341996488e-14,5.074359439e-14,4.85494064e-14,4.487380686e-14,2.426772768e-13,2.896661797e-13,6.5458664e-13,3.847271916e-14,6.737765241e-13,6.630046659e-14
138.0390625,6.449221792e-13,4.858759068e-13,5.507720951e-13,1.926977878e-13,3.89729137e-13,3.322933236e-13,7.719111709e-14,6.036281998e-14,1.605720975e-13,1.628075861e-13,2.307343327e-13,2.29397529e-13,1.221687943e-13,6.033127524e-13,3.547039289e-13,3.033885366e-13,3.29088308e-13,2.297327202e-13,3.438887825e-13,3.056570699e-14,4.643247069e-14,2.065403735e-13,3.321115479e-14,5.040533682e-14,4.821972191e-14,4.423103386e-14,2.435803522e-13,2.889448721e-13,6.540751675e-13,3.824192881e-14,6.742145866e-13,6.571937027e-14
138.046875,6.441628242e-13,4.849853325e-13,5.51539652e-13,1.969908738e-13,3.867565269e-13,3.310809282e-13,7.760246409e-14,5.915645025e-14,1.600211718e-13,1.638171129e-13,2.284616252e-13,2.288962131e-13,1.222613074e-13,6.029799328e-13,3.533772341e-13,2.975468459e-13,3.290861306e-13,2.308761688e-13,3.420517014e-13,2.995049611e-14,4.654228742e-14,2.059464147e-13,3.298360494e-14,5.007717468e-14,4.790896166e-14,4.358962828e-14,2.444062062e-13,2.881245779e-13,6.535320937e-13,3.80139455e-14,6.744982783e-13,6.511126642e-14
138.0546875,6.430731717e-13,4.838257434e-13,5.522068859e-13,2.015226348e-13,3.834618161e-13,3.298012992e-13,7.80578243e-14,5.789405721e-14,1.592689173e-13,1.646953342e-13,2.26143801e-13,2.282981467e-13,1.22409787e-13,6.022956063e-13,3.520841769e-13,2.919546693e-13,3.293283857e-13,2.320258886e-13,3.40020182e-13,2.939658108e-14,4.660521307e-14,2.051726263e-13,3.273711041e-14,4.969684875e-14,4.762365821e-14,4.298512891e-14,2.45131895e-13,2.871993602e-13,6.529245024e-13,3.778401837e-14,6.744264583e-13,6.451665732e-14
138.0625,6.415938659e-13,4.827452662e-13,5.528125461e-13,2.061745003e-13,3.797885663e-13,3.283765737e-13,7.857304966e-14,5.666267917e-14,1.583699265e-13,1.654569226e-13,2.237090923e-13,2.275984424e-13,1.225410997e-13,6.013532939e-13,3.509085714e-13,2.86855676e-13,3.298773084e-13,2.33132642e-13,3.377816198e-13,2.893186609e-14,4.665513967e-14,2.042337789e-13,3.248183535e-14,4.930031271e-14,4.737825295e-14,4.241576143e-14,2.459021301e-13,2.86109223e-13,6.524453443e-13,3.756242692e-14,6.742065974e-13,6.394463774e-14
138.0703125,6.398654333e-13,4.81866345e-13,5.534775058e-13,2.108033945e-13,3.759614185e-13,3.267150799e-13,7.913054559e-14,5.554860758e-14,1.574821961e-13,1.662300361e-13,2.212108143e-13,2.269174314e-13,1.22723959e-13,6.003372799e-13,3.497886038e-13,2.821780179e-13,3.305436581e-13,2.343128594e-13,3.353955718e-13,2.850081902e-14,4.675028643e-14,2.032206356e-13,3.224882736e-14,4.896671317e-14,4.718095683e-14,4.186274105e-14,2.467595962e-13,2.849036434e-13,6.521604534e-13,3.735945453e-14,6.741393985e-13,6.339219089e-14
138.078125,6.378870212e-13,4.807568404e-13,5.538757971e-13,2.156013296e-13,3.720711296e-13,3.248057662e-13,7.967814811e-14,5.450718386e-14,1.56631378e-13,1.66992601e-13,2.185703726e-13,2.262352534e-13,1.23000592e-13,5.99042094e-13,3.484849774e-13,2.776021047e-13,3.310718619e-13,2.355949493e-13,3.328826353e-13,2.809680735e-14,4.684133618e-14,2.021409884e-13,3.204776322e-14,4.867552665e-14,4.701065813e-14,4.132567394e-14,2.474449273e-13,2.83587887e-13,6.515793722e-13,3.714312408e-14,6.739808618e-13,6.286167697e-14
138.0859375,6.35550029e-13,4.793216998e-13,5.540776069e-13,2.20706355e-13,3.68075714e-13,3.226726928e-13,8.022060496e-14,5.349541694e-14,1.557253606e-13,1.67647421e-13,2.15821918e-13,2.254955263e-13,1.233360762e-13,5.97289138e-13,3.469235993e-13,2.730411123e-13,3.314909738e-13,2.368723001e-13,3.302806062e-13,2.773367744e-14,4.689527413e-14,2.009456364e-13,3.184307685e-14,4.838633844e-14,4.685252568e-14,4.082087e-14,2.479542013e-13,2.822520016e-13,6.505493729e-13,3.690811718e-14,6.735325635e-13,6.235579944e-14
138.09375,6.330976215e-13,4.78058839e-13,5.545376355e-13,2.258696183e-13,3.640970561e-13,3.203581693e-13,8.080513768e-14,5.253127466e-14,1.547646255e-13,1.681988799e-13,2.132112917e-13,2.248288391e-13,1.23761449e-13,5.954653653e-13,3.452872117e-13,2.686314408e-13,3.319631546e-13,2.381466086e-13,3.276510784e-13,2.740803063e-14,4.696751483e-14,1.996896285e-13,3.161279907e-14,4.812077486e-14,4.672414957e-14,4.036034031e-14,2.48552823e-13,2.810036686e-13,6.496250021e-13,3.668313129e-14,6.731703721e-13,6.188372265e-14
138.1015625,6.303845453e-13,4.767287071e-13,5.551783297e-13,2.308586647e-13,3.601138132e-13,3.179173749e-13,8.144050988e-14,5.160087453e-14,1.537784469e-13,1.686801135e-13,2.106870972e-13,2.242859098e-13,1.242500294e-13,5.937041167e-13,3.436500415e-13,2.644096859e-13,3.323955556e-13,2.393982227e-13,3.248839455e-13,2.71325434e-14,4.706973656e-14,1.984034987e-13,3.137639696e-14,4.789439611e-14,4.662933221e-14,3.991871784e-14,2.491733343e-13,2.796073635e-13,6.489900623e-13,3.645500008e-14,6.729885478e-13,6.143450996e-14
138.109375,6.270116143e-13,4.747821794e-13,5.555945085e-13,2.359111089e-13,3.559864913e-13,3.153120908e-13,8.211155045e-14,5.067563295e-14,1.52712779e-13,1.69046112e-13,2.079602697e-13,2.236838125e-13,1.247006794e-13,5.916165136e-13,3.41972827e-13,2.604185676e-13,3.32738583e-13,2.405792594e-13,3.218814793e-13,2.69253425e-14,4.715242183e-14,1.969972098e-13,3.115118046e-14,4.765787595e-14,4.655334612e-14,3.947008725e-14,2.49618671e-13,2.77846471e-13,6.481970608e-13,3.620277691e-14,6.725128716e-13,6.099022299e-14
138.1171875,6.234153135e-13,4.72723968e-13,5.556933292e-13,2.414081522e-13,3.518929235e-13,3.124850507e-13,8.281418154e-14,4.977414724e-14,1.515845085e-13,1.693061425e-13,2.050531274e-13,2.229613715e-13,1.251838596e-13,5.892632201e-13,3.403271311e-13,2.567879929e-13,3.332679902e-13,2.418426432e-13,3.188129866e-13,2.67851537e-14,4.72031486e-14,1.954708817e-13,3.093352696e-14,4.735660614e-14,4.651899182e-14,3.904966656e-14,2.49992679e-13,2.759776549e-13,6.470628621e-13,3.594532783e-14,6.716867404e-13,6.058613502e-14
138.125,6.198573503e-13,4.710719407e-13,5.555969107e-13,2.472181364e-13,3.478138752e-13,3.094794497e-13,8.354497258e-14,4.891299313e-14,1.504529682e-13,1.695591223e-13,2.021534252e-13,2.222236165e-13,1.257792196e-13,5.86835201e-13,3.387733921e-13,2.535517974e-13,3.34092987e-13,2.432317035e-13,3.157328256e-13,2.66686805e-14,4.723017442e-14,1.938890534e-13,3.071562322e-14,4.701935605e-14,4.655271764e-14,3.870720246e-14,2.504154835e-13,2.741905542e-13,6.45817381e-13,3.569496107e-14,6.708478407e-13,6.02517866e-14
138.1328125,6.157642796e-13,4.694560714e-13,5.553823194e-13,2.529034093e-13,3.433317604e-13,3.063112148e-13,8.430944031e-14,4.807421358e-14,1.492567654e-13,1.697953605e-13,1.992627823e-13,2.2146068e-13,1.263709046e-13,5.840216404e-13,3.372310233e-13,2.506319222e-13,3.349761711e-13,2.445224437e-13,3.12418048e-13,2.655826986e-14,4.723575794e-14,1.922070571e-13,3.049813549e-14,4.67032657e-14,4.662572802e-14,3.844426712e-14,2.508216509e-13,2.722926154e-13,6.445786041e-13,3.544549197e-14,6.699580036e-13,5.994396376e-14
138.140625,6.112639341e-13,4.676787938e-13,5.551402491e-13,2.584171794e-13,3.386026444e-13,3.029861945e-13,8.510113036e-14,4.725194925e-14,1.479847012e-13,1.699817186e-13,1.963451094e-13,2.206764895e-13,1.26957646e-13,5.809075758e-13,3.355968293e-13,2.479125121e-13,3.35812881e-13,2.457491795e-13,3.089037088e-13,2.652916963e-14,4.726177522e-14,1.904330532e-13,3.030069399e-14,4.639474408e-14,4.671667516e-14,3.824587506e-14,2.511370645e-13,2.702669967e-13,6.43306436e-13,3.520712061e-14,6.689646685e-13,5.964634986e-14
138.1484375,6.069660541e-13,4.658631835e-13,5.550219144e-13,2.639469117e-13,3.341672342e-13,2.995927321e-13,8.586393691e-14,4.646624639e-14,1.467388795e-13,1.701976228e-13,1.934209199e-13,2.20001695e-13,1.276759444e-13,5.779310887e-13,3.338353055e-13,2.453295966e-13,3.366837702e-13,2.471482354e-13,3.05483555e-13,2.657872557e-14,4.734479249e-14,1.886625669e-13,3.014688225e-14,4.607173149e-14,4.684445203e-14,3.810966972e-14,2.513297376e-13,2.682861398e-13,6.419465097e-13,3.499206565e-14,6.680520363e-13,5.940740519e-14
138.15625,6.025500251e-13,4.638858644e-13,5.549887296e-13,2.695415614e-13,3.299241104e-13,2.960602607e-13,8.65711666e-14,4.572443311e-14,1.45493964e-13,1.703634984e-13,1.905145089e-13,2.1941767e-13,1.284726134e-13,5.748544658e-13,3.319470164e-13,2.429168635e-13,3.375632144e-13,2.486296769e-13,3.021429321e-13,2.661942756e-14,4.743928625e-14,1.868521258e-13,3.002788019e-14,4.57650667e-14,4.699956158e-14,3.801405583e-14,2.514146711e-13,2.662684154e-13,6.403545343e-13,3.477849636e-14,6.670625619e-13,5.922423489e-14
138.1640625,5.97591596e-13,4.617675188e-13,5.54784483e-13,2.753541459e-13,3.256097232e-13,2.922036414e-13,8.728026495e-14,4.499654882e-14,1.44160339e-13,1.702813618e-13,1.876798415e-13,2.187824601e-13,1.292672818e-13,5.71411506e-13,3.299315538e-13,2.406272413e-13,3.384112522e-13,2.500409356e-13,2.986613841e-13,2.675000585e-14,4.749043509e-14,1.849295726e-13,2.991659801e-14,4.548569764e-14,4.716055132e-14,3.792459915e-14,2.514597725e-13,2.641021681e-13,6.384308835e-13,3.453316439e-14,6.657691212e-13,5.905056988e-14
138.171875,5.923396584e-13,4.596770299e-13,5.54423775e-13,2.814742169e-13,3.213592764e-13,2.88163642e-13,8.801738493e-14,4.425373728e-14,1.427699303e-13,1.700390085e-13,1.848938949e-13,2.18116874e-13,1.301429039e-13,5.679037812e-13,3.278569969e-13,2.384210602e-13,3.393190044e-13,2.515048894e-13,2.95049061e-13,2.707821781e-14,4.751664574e-14,1.829594551e-13,2.981832346e-14,4.520905984e-14,4.734905279e-14,3.785568496e-14,2.515081416e-13,2.61868306e-13,6.363564312e-13,3.426685448e-14,6.643758075e-13,5.889895823e-14
138.1796875,5.869159302e-13,4.575949625e-13,5.541678589e-13,2.875876856e-13,3.171209836e-13,2.842106603e-13,8.87419894e-14,4.352639979e-14,1.41363827e-13,1.698069996e-13,1.820757875e-13,2.175264084e-13,1.31125955e-13,5.643678645e-13,3.258588429e-13,2.364860588e-13,3.403726606e-13,2.531031728e-13,2.91431137e-13,2.740515474e-14,4.753745265e-14,1.809637908e-13,2.975683157e-14,4.491731498e-14,4.757899122e-14,3.784544062e-14,2.515750365e-13,2.596108e-13,6.343667519e-13,3.401689984e-14,6.630010694e-13,5.87972042e-14
138.1875,5.812348633e-13,4.556045654e-13,5.540006254e-13,2.935340739e-13,3.127174574e-13,2.802570622e-13,8.946024606e-14,4.285524391e-14,1.399494683e-13,1.694927305e-13,1.792737761e-13,2.1704064e-13,1.321872801e-13,5.606593909e-13,3.238812082e-13,2.348229389e-13,3.415518268e-13,2.547782916e-13,2.878107929e-13,2.758657346e-14,4.752509689e-14,1.788927518e-13,2.972026252e-14,4.460161706e-14,4.783543351e-14,3.787798352e-14,2.516519471e-13,2.573431789e-13,6.324710144e-13,3.378152821e-14,6.615473814e-13,5.872034057e-14
138.1953125,5.753961738e-13,4.536908333e-13,5.53911445e-13,2.995241287e-13,3.08314595e-13,2.761494101e-13,9.021658731e-14,4.220019546e-14,1.385428775e-13,1.690139179e-13,1.765349446e-13,2.166650985e-13,1.333534857e-13,5.570225378e-13,3.217302442e-13,2.331570131e-13,3.428122889e-13,2.565116711e-13,2.841364414e-13,2.778063776e-14,4.749974093e-14,1.767716326e-13,2.967981315e-14,4.428429103e-14,4.812486038e-14,3.793043011e-14,2.516964389e-13,2.550569174e-13,6.307104393e-13,3.353788462e-14,6.601457565e-13,5.864543969e-14
138.203125,5.694865579e-13,4.51553205e-13,5.542190796e-13,3.055691348e-13,3.040580174e-13,2.7202555e-13,9.101076078e-14,4.15062852e-14,1.370838634e-13,1.684670429e-13,1.738415471e-13,2.163770781e-13,1.345981085e-13,5.535895542e-13,3.195619513e-13,2.316627121e-13,3.442081579e-13,2.582979662e-13,2.804217328e-13,2.804671361e-14,4.755216211e-14,1.746361517e-13,2.965354685e-14,4.400074224e-14,4.846130306e-14,3.802598303e-14,2.517225261e-13,2.526489567e-13,6.292940351e-13,3.330361319e-14,6.588994591e-13,5.859486639e-14
138.2109375,5.635493902e-13,4.49338561e-13,5.549115394e-13,3.116028519e-13,2.999091308e-13,2.679921135e-13,9.182642659e-14,4.080593762e-14,1.355291709e-13,1.678804442e-13,1.71296328e-13,2.16102309e-13,1.359030823e-13,5.502349447e-13,3.176979511e-13,2.307419666e-13,3.458339913e-13,2.601754268e-13,2.767449491e-13,2.830724255e-14,4.770255711e-14,1.724904473e-13,2.9697862e-14,4.372928208e-14,4.884068284e-14,3.817313469e-14,2.517744483e-13,2.501912493e-13,6.281539551e-13,3.311475945e-14,6.576410598e-13,5.860313826e-14
138.21875,5.575352209e-13,4.473333356e-13,5.555537476e-13,3.177043778e-13,2.958750575e-13,2.639436956e-13,9.265574431e-14,4.014834578e-14,1.339736237e-13,1.671769853e-13,1.689010529e-13,2.158060805e-13,1.373136127e-13,5.469019652e-13,3.159172696e-13,2.301337248e-13,3.475995616e-13,2.62173128e-13,2.730940406e-13,2.865470214e-14,4.785977956e-14,1.703536457e-13,2.983001109e-14,4.343940276e-14,4.925660899e-14,3.836741684e-14,2.51793817e-13,2.478064888e-13,6.269102569e-13,3.29600269e-14,6.562474962e-13,5.867279934e-14
138.2265625,5.51203398e-13,4.450822727e-13,5.560700975e-13,3.237035562e-13,2.918722594e-13,2.597987349e-13,9.347288584e-14,3.952020672e-14,1.324663957e-13,1.663605013e-13,1.663950895e-13,2.15529474e-13,1.387642806e-13,5.433879523e-13,3.13729135e-13,2.293550848e-13,3.492702624e-13,2.641406355e-13,2.693132582e-13,2.916351396e-14,4.797944582e-14,1.681877708e-13,3.000155777e-14,4.316298903e-14,4.968828752e-14,3.862772679e-14,2.51695617e-13,2.452691453e-13,6.254931027e-13,3.27865147e-14,6.546788396e-13,5.876540619e-14
138.234375,5.446059775e-13,4.423765394e-13,5.566513814e-13,3.294926899e-13,2.878242077e-13,2.555506479e-13,9.425620778e-14,3.890817858e-14,1.309511626e-13,1.65506553e-13,1.637128809e-13,2.153195657e-13,1.401773679e-13,5.395256327e-13,3.111756887e-13,2.285058866e-13,3.50814318e-13,2.66004661e-13,2.653745115e-13,2.972708234e-14,4.811903993e-14,1.659444732e-13,3.017053755e-14,4.293181502e-14,5.011146561e-14,3.894713221e-14,2.515109075e-13,2.424752119e-13,6.241905677e-13,3.257290364e-14,6.529097338e-13,5.886499174e-14
138.2421875,5.380781333e-13,4.39863746e-13,5.572396753e-13,3.354055634e-13,2.8386998e-13,2.51214499e-13,9.501676776e-14,3.833402498e-14,1.2941879e-13,1.645735471e-13,1.610984251e-13,2.151650649e-13,1.416274333e-13,5.35550771e-13,3.086243743e-13,2.278698124e-13,3.524331997e-13,2.679525358e-13,2.614442213e-13,3.032462938e-14,4.829075974e-14,1.636794623e-13,3.035240262e-14,4.273089111e-14,5.054447633e-14,3.930407449e-14,2.513307604e-13,2.397216882e-13,6.230819573e-13,3.234930312e-14,6.510172549e-13,5.90067592e-14
138.25,5.315251202e-13,4.375635394e-13,5.577893943e-13,3.414999394e-13,2.80048399e-13,2.46852634e-13,9.578096288e-14,3.779410162e-14,1.278618331e-13,1.634659028e-13,1.586513224e-13,2.15018069e-13,1.431479864e-13,5.316147776e-13,3.061123306e-13,2.27412545e-13,3.541946846e-13,2.700377577e-13,2.575461146e-13,3.100851152e-14,4.842954836e-14,1.614187316e-13,3.056613703e-14,4.25315243e-14,5.101808804e-14,3.969973638e-14,2.511570924e-13,2.370096399e-13,6.219842781e-13,3.212935818e-14,6.490367414e-13,5.918494158e-14
138.2578125,5.246855052e-13,4.34816143e-13,5.584401324e-13,3.474845141e-13,2.762717753e-13,2.424927499e-13,9.65549861e-14,3.724497654e-14,1.262417491e-13,1.623329043e-13,1.562695261e-13,2.148783786e-13,1.446967465e-13,5.275875828e-13,3.034545536e-13,2.270012754e-13,3.559723308e-13,2.721217785e-13,2.535511222e-13,3.169965172e-14,4.853637704e-14,1.591074821e-13,3.079903475e-14,4.230402422e-14,5.15248842e-14,4.011565879e-14,2.508914878e-13,2.341023341e-13,6.208079613e-13,3.189423852e-14,6.469259928e-13,5.935036645e-14
138.265625,5.177335583e-13,4.318994875e-13,5.59233794e-13,3.534417016e-13,2.726147095e-13,2.380970009e-13,9.731196701e-14,3.667028446e-14,1.246056305e-13,1.613928941e-13,1.539463951e-13,2.147897852e-13,1.463167033e-13,5.23495567e-13,3.006469654e-13,2.266354138e-13,3.57749305e-13,2.74253955e-13,2.494899986e-13,3.235702156e-14,4.868009478e-14,1.567782672e-13,3.105102653e-14,4.20296166e-14,5.20429299e-14,4.05379546e-14,2.505205807e-13,2.312042182e-13,6.196189554e-13,3.164982204e-14,6.44718814e-13,5.951987096e-14
138.2734375,5.107660283e-13,4.294768122e-13,5.600868322e-13,3.594740446e-13,2.69111019e-13,2.336258266e-13,9.803941952e-14,3.611164298e-14,1.230097795e-13,1.604983102e-13,1.517688928e-13,2.147636721e-13,1.48012484e-13,5.194024451e-13,2.977958303e-13,2.263791982e-13,3.595989364e-13,2.765492378e-13,2.454777334e-13,3.30772774e-14,4.885834119e-14,1.544949826e-13,3.134093756e-14,4.172589381e-14,5.256845849e-14,4.098937028e-14,2.501614226e-13,2.285282494e-13,6.185081974e-13,3.141497457e-14,6.424308927e-13,5.972798471e-14
138.28125,5.035147187e-13,4.271783634e-13,5.609081024e-13,3.653717415e-13,2.65658003e-13,2.290299538e-13,9.876238124e-14,3.560131771e-14,1.214237097e-13,1.593950545e-13,1.49714141e-13,2.147853537e-13,1.496993356e-13,5.151878861e-13,2.948921364e-13,2.262141556e-13,3.614277428e-13,2.788902232e-13,2.414879175e-13,3.389516735e-14,4.899699213e-14,1.522148628e-13,3.16677138e-14,4.143722774e-14,5.311284634e-14,4.146626219e-14,2.498371731e-13,2.257934067e-13,6.174693141e-13,3.117703069e-14,6.400633167e-13,5.993761755e-14
138.2890625,4.96032085e-13,4.245118539e-13,5.616751717e-13,3.712479936e-13,2.622977859e-13,2.243832377e-13,9.949052927e-14,3.51116479e-14,1.198509903e-13,1.581523876e-13,1.47676245e-13,2.148641108e-13,1.514104448e-13,5.108612273e-13,2.918907658e-13,2.260656805e-13,3.631638362e-13,2.811530058e-13,2.374948094e-13,3.477838553e-14,4.906387367e-14,1.49915708e-13,3.200895574e-14,4.11907237e-14,5.3677672e-14,4.194611389e-14,2.494790143e-13,2.228571567e-13,6.163849543e-13,3.091647839e-14,6.377290658e-13,6.012701734e-14
138.296875,4.887300671e-13,4.217807168e-13,5.624657429e-13,3.773252735e-13,2.591224854e-13,2.199067944e-13,1.002011575e-13,3.461388685e-14,1.183287758e-13,1.568985339e-13,1.456646817e-13,2.150201982e-13,1.532421036e-13,5.065975912e-13,2.888385261e-13,2.260030136e-13,3.650153201e-13,2.834245366e-13,2.3358469e-13,3.57232184e-14,4.910781232e-14,1.476593835e-13,3.235026658e-14,4.095048628e-14,5.424026418e-14,4.244015873e-14,2.491326971e-13,2.199921681e-13,6.152333829e-13,3.063371825e-14,6.35424712e-13,6.033152605e-14
138.3046875,4.81660028e-13,4.191028789e-13,5.632980997e-13,3.83331975e-13,2.56080746e-13,2.155635826e-13,1.008637852e-13,3.411905823e-14,1.168068652e-13,1.555530976e-13,1.437665516e-13,2.152344278e-13,1.551752344e-13,5.024323968e-13,2.857935342e-13,2.261847058e-13,3.671258005e-13,2.858081207e-13,2.2976074e-13,3.671030476e-14,4.920613363e-14,1.454481144e-13,3.271136743e-14,4.06627289e-14,5.479921396e-14,4.298050664e-14,2.488526474e-13,2.17250062e-13,6.141423408e-13,3.035047119e-14,6.329757348e-13,6.055938043e-14
138.3125,4.744682287e-13,4.162144512e-13,5.642387392e-13,3.890985193e-13,2.531246869e-13,2.111130062e-13,1.014746795e-13,3.363252341e-14,1.152346278e-13,1.540630879e-13,1.419928523e-13,2.154759721e-13,1.571940386e-13,4.983053918e-13,2.828030962e-13,2.266179099e-13,3.693173435e-13,2.883033443e-13,2.259240378e-13,3.774643314e-14,4.938600411e-14,1.432257366e-13,3.312327418e-14,4.036034293e-14,5.53983666e-14,4.358857158e-14,2.485831448e-13,2.143742361e-13,6.131941652e-13,3.009739537e-14,6.304242216e-13,6.078893714e-14
138.3203125,4.669722416e-13,4.133383495e-13,5.656174307e-13,3.948399819e-13,2.502807951e-13,2.066899594e-13,1.021028107e-13,3.314973339e-14,1.13658503e-13,1.525488745e-13,1.403441052e-13,2.157982377e-13,1.593570453e-13,4.942401527e-13,2.79949499e-13,2.272123657e-13,3.714713813e-13,2.909091744e-13,2.221026339e-13,3.889080273e-14,4.961372753e-14,1.409963743e-13,3.357487968e-14,4.010194398e-14,5.605287084e-14,4.423109707e-14,2.483330633e-13,2.113474897e-13,6.124054897e-13,2.986782304e-14,6.279820248e-13,6.101662835e-14
138.328125,4.593652831e-13,4.106497154e-13,5.674502325e-13,4.00532154e-13,2.475550665e-13,2.025255464e-13,1.02789149e-13,3.268327042e-14,1.121000934e-13,1.510955925e-13,1.387994766e-13,2.162372109e-13,1.616167694e-13,4.902201581e-13,2.772073688e-13,2.279472886e-13,3.736854864e-13,2.935966031e-13,2.183906026e-13,4.014384243e-14,4.986987794e-14,1.387873629e-13,3.403840983e-14,3.983983896e-14,5.671863181e-14,4.486732168e-14,2.481520196e-13,2.083547651e-13,6.117041293e-13,2.962711096e-14,6.255556074e-13,6.125129663e-14
138.3359375,4.518780296e-13,4.07705451e-13,5.691063976e-13,4.060670174e-13,2.449016115e-13,1.983816087e-13,1.034304387e-13,3.223456299e-14,1.105088079e-13,1.495820317e-13,1.372443349e-13,2.166467474e-13,1.638439587e-13,4.861021846e-13,2.744127486e-13,2.288158092e-13,3.759683435e-13,2.96274057e-13,2.147188129e-13,4.143757789e-14,5.014614775e-14,1.365751563e-13,3.451536025e-14,3.951792269e-14,5.736751211e-14,4.553107048e-14,2.479524407e-13,2.054066332e-13,6.108749073e-13,2.937449031e-14,6.228355332e-13,6.149197905e-14
138.34375,4.445170536e-13,4.045479171e-13,5.703258477e-13,4.116123942e-13,2.423092085e-13,1.940934816e-13,1.039698193e-13,3.17950613e-14,1.08911661e-13,1.478916661e-13,1.356838783e-13,2.169426154e-13,1.660613334e-13,4.818783366e-13,2.715097792e-13,2.297512755e-13,3.782548194e-13,2.989635094e-13,2.110054542e-13,4.271033063e-14,5.039268832e-14,1.343639146e-13,3.500636971e-14,3.920482376e-14,5.802206751e-14,4.621628533e-14,2.476499203e-13,2.024991582e-13,6.099257094e-13,2.912245375e-14,6.198546048e-13,6.172532592e-14
138.3515625,4.372622832e-13,4.017234462e-13,5.716355727e-13,4.171427441e-13,2.398994813e-13,1.899366769e-13,1.045101388e-13,3.137482641e-14,1.074064607e-13,1.461526942e-13,1.342434756e-13,2.172975006e-13,1.683718013e-13,4.777556768e-13,2.685908188e-13,2.307144117e-13,3.80592655e-13,3.017722119e-13,2.073485373e-13,4.398175282e-14,5.060760564e-14,1.322280801e-13,3.551424331e-14,3.896269459e-14,5.870644125e-14,4.686402953e-14,2.473065801e-13,1.997206015e-13,6.091656812e-13,2.887028843e-14,6.169666491e-13,6.196343518e-14
138.359375,4.301740596e-13,3.989315072e-13,5.732385585e-13,4.224565713e-13,2.377567696e-13,1.859826983e-13,1.05060948e-13,3.096940783e-14,1.059723537e-13,1.444847551e-13,1.329032754e-13,2.177765353e-13,1.707478928e-13,4.738028625e-13,2.657039087e-13,2.317567377e-13,3.830160657e-13,3.046406302e-13,2.038149355e-13,4.538902161e-14,5.086896861e-14,1.301818588e-13,3.606779094e-14,3.87344205e-14,5.940602869e-14,4.754298413e-14,2.469862135e-13,1.969737681e-13,6.086104141e-13,2.863672975e-14,6.142506511e-13,6.223383424e-14
138.3671875,4.231477643e-13,3.957473953e-13,5.747734588e-13,4.276686394e-13,2.357451605e-13,1.820449904e-13,1.055174035e-13,3.056183736e-14,1.045181602e-13,1.428050348e-13,1.316561296e-13,2.182386854e-13,1.731394166e-13,4.698863469e-13,2.627906601e-13,2.328790526e-13,3.854912159e-13,3.074602315e-13,2.003328619e-13,4.69638262e-14,5.116876712e-14,1.281554252e-13,3.667143876e-14,3.847618968e-14,6.008925277e-14,4.831311373e-14,2.466695522e-13,1.941646057e-13,6.080459347e-13,2.84303093e-14,6.11433752e-13,6.250327126e-14
138.375,4.160428846e-13,3.92788746e-13,5.762748688e-13,4.328701747e-13,2.337572372e-13,1.781768542e-13,1.059020617e-13,3.017317787e-14,1.030816513e-13,1.411022384e-13,1.306112569e-13,2.187265846e-13,1.755767475e-13,4.659921316e-13,2.597290385e-13,2.339346959e-13,3.880243292e-13,3.102811505e-13,1.968919218e-13,4.851104835e-14,5.143257143e-14,1.261459757e-13,3.729577471e-14,3.822773775e-14,6.075423057e-14,4.906322482e-14,2.463074398e-13,1.91444756e-13,6.075822431e-13,2.822540391e-14,6.084277677e-13,6.27329386e-14
138.3828125,4.090642423e-13,3.90328397e-13,5.780501079e-13,4.378872368e-13,2.318944771e-13,1.744737781e-13,1.062856393e-13,2.981951437e-14,1.017382825e-13,1.394276838e-13,1.296883805e-13,2.193658526e-13,1.780598791e-13,4.622662653e-13,2.564830714e-13,2.348848877e-13,3.906189743e-13,3.131292722e-13,1.935391872e-13,4.997489022e-14,5.170568618e-14,1.24206441e-13,3.792103415e-14,3.800337596e-14,6.14189137e-14,4.975745573e-14,2.458633345e-13,1.888086543e-13,6.073162696e-13,2.802093242e-14,6.054778128e-13,6.296164773e-14
138.390625,4.024623578e-13,3.876532473e-13,5.799685237e-13,4.427616019e-13,2.302254836e-13,1.708999165e-13,1.066595802e-13,2.947445003e-14,1.004376049e-13,1.37694669e-13,1.287410562e-13,2.200468171e-13,1.806060132e-13,4.588201002e-13,2.532376575e-13,2.359906432e-13,3.933085903e-13,3.159542898e-13,1.902386556e-13,5.155095485e-14,5.205289015e-14,1.223236726e-13,3.854161585e-14,3.777389984e-14,6.208825748e-14,5.049980493e-14,2.45390652e-13,1.860895755e-13,6.070528637e-13,2.783470311e-14,6.027752658e-13,6.32093163e-14
138.3984375,3.960358679e-13,3.845707475e-13,5.818779084e-13,4.475910243e-13,2.286640188e-13,1.675237554e-13,1.07046288e-13,2.91351977e-14,9.91125369e-14,1.359110599e-13,1.278534109e-13,2.20668101e-13,1.832747482e-13,4.555773368e-13,2.501688735e-13,2.374859176e-13,3.962161941e-13,3.187924174e-13,1.869424518e-13,5.329039226e-14,5.241003113e-14,1.204635345e-13,3.917719843e-14,3.753677289e-14,6.277316256e-14,5.131552035e-14,2.449829143e-13,1.833666964e-13,6.067961991e-13,2.765930092e-14,6.00201861e-13,6.344781153e-14
138.40625,3.894341703e-13,3.81408515e-13,5.839273093e-13,4.521148494e-13,2.271249265e-13,1.643614866e-13,1.074568061e-13,2.881887025e-14,9.777783902e-14,1.341983658e-13,1.270916665e-13,2.213132851e-13,1.859872634e-13,4.522922239e-13,2.472217106e-13,2.39246537e-13,3.992936655e-13,3.216634457e-13,1.836755021e-13,5.506092754e-14,5.273576292e-14,1.186277774e-13,3.984059955e-14,3.729640194e-14,6.348487033e-14,5.215895391e-14,2.445821728e-13,1.806806824e-13,6.06645542e-13,2.74875816e-14,5.975034472e-13,6.368039371e-14
138.4140625,3.8271781e-13,3.781392189e-13,5.86053346e-13,4.56272662e-13,2.256610717e-13,1.61305634e-13,1.078280165e-13,2.850446135e-14,9.647704381e-14,1.324885261e-13,1.263917093e-13,2.220428479e-13,1.886495205e-13,4.489675325e-13,2.443413584e-13,2.410307217e-13,4.022880299e-13,3.245459187e-13,1.804959415e-13,5.683816444e-14,5.307240368e-14,1.168295648e-13,4.04829311e-14,3.705258098e-14,6.420196515e-14,5.297888272e-14,2.440827653e-13,1.778958279e-13,6.064585889e-13,2.731929359e-14,5.947125329e-13,6.388944074e-14
138.421875,3.762250399e-13,3.748761464e-13,5.881077968e-13,4.60428464e-13,2.244334092e-13,1.584206824e-13,1.081653012e-13,2.818479407e-14,9.525547922e-14,1.307217231e-13,1.257943693e-13,2.228556112e-13,1.91351531e-13,4.459349801e-13,2.416047751e-13,2.428360193e-13,4.052040968e-13,3.275339252e-13,1.774467481e-13,5.86972403e-14,5.34058485e-14,1.151104017e-13,4.108724624e-14,3.683300827e-14,6.49114911e-14,5.374458703e-14,2.435605544e-13,1.751426458e-13,6.06275614e-13,2.715416915e-14,5.921237877e-13,6.404683335e-14
138.4296875,3.700763827e-13,3.71769493e-13,5.901855045e-13,4.646025428e-13,2.234694677e-13,1.557529316e-13,1.08487307e-13,2.789456935e-14,9.410810674e-14,1.290302454e-13,1.253581564e-13,2.237064817e-13,1.941247943e-13,4.431684193e-13,2.389770888e-13,2.447305429e-13,4.082992062e-13,3.306798597e-13,1.745240477e-13,6.064184435e-14,5.370437303e-14,1.134905075e-13,4.171790078e-14,3.663629105e-14,6.562715736e-14,5.451796126e-14,2.431079993e-13,1.725936844e-13,6.062690639e-13,2.701006437e-14,5.8969056e-13,6.421011148e-14
138.4375,3.641216147e-13,3.685292606e-13,5.921377515e-13,4.684603198e-13,2.225944526e-13,1.531017241e-13,1.087009319e-13,2.762726008e-14,9.296454963e-14,1.274082679e-13,1.250090648e-13,2.244843339e-13,1.968712611e-13,4.402753127e-13,2.3629846e-13,2.465754551e-13,4.115370089e-13,3.338572559e-13,1.716924518e-13,6.258234176e-14,5.400413406e-14,1.119066168e-13,4.238424861e-14,3.641166963e-14,6.633212113e-14,5.531833377e-14,2.427029344e-13,1.700755717e-13,6.06248856e-13,2.688174659e-14,5.870429577e-13,6.440373748e-14
138.4453125,3.582147948e-13,3.6523788e-13,5.937029181e-13,4.720250516e-13,2.217158861e-13,1.504002801e-13,1.087801066e-13,2.733021881e-14,9.180653799e-14,1.257246238e-13,1.246993002e-13,2.25205582e-13,1.99613408e-13,4.372612796e-13,2.335569149e-13,2.482734472e-13,4.146373382e-13,3.36948734e-13,1.689049644e-13,6.449276893e-14,5.432714475e-14,1.10318214e-13,4.304046943e-14,3.616720258e-14,6.699750208e-14,5.605899467e-14,2.423790602e-13,1.674634734e-13,6.060845952e-13,2.673364344e-14,5.841586413e-13,6.454760559e-14
138.453125,3.523084779e-13,3.62260502e-13,5.951682982e-13,4.75533578e-13,2.208833714e-13,1.478415437e-13,1.08822358e-13,2.698713511e-14,9.066671876e-14,1.240249844e-13,1.244774024e-13,2.260087819e-13,2.023866263e-13,4.343690309e-13,2.30874309e-13,2.499605157e-13,4.17581319e-13,3.399204631e-13,1.661078745e-13,6.648298694e-14,5.465865664e-14,1.087569255e-13,4.36956022e-14,3.596382768e-14,6.763175943e-14,5.675665641e-14,2.421105172e-13,1.648612822e-13,6.060039847e-13,2.658101429e-14,5.812631589e-13,6.461932855e-14
138.4609375,3.464233748e-13,3.592946409e-13,5.968436058e-13,4.789778698e-13,2.200925415e-13,1.455378161e-13,1.088583168e-13,2.663175652e-14,8.954566159e-14,1.223802856e-13,1.243608057e-13,2.268714316e-13,2.051125216e-13,4.315266228e-13,2.282511138e-13,2.516739238e-13,4.205302496e-13,3.427787459e-13,1.633201085e-13,6.855569621e-14,5.49978295e-14,1.072355473e-13,4.435565128e-14,3.580458421e-14,6.824179318e-14,5.746413299e-14,2.41700741e-13,1.623193391e-13,6.060534874e-13,2.645897377e-14,5.783483064e-13,6.466229024e-14
138.46875,3.406019154e-13,3.560499108e-13,5.985365077e-13,4.822479075e-13,2.193314805e-13,1.434371948e-13,1.088686461e-13,2.630292285e-14,8.846114453e-14,1.207288917e-13,1.242984483e-13,2.276823106e-13,2.078033961e-13,4.286630803e-13,2.256011889e-13,2.53339594e-13,4.234869595e-13,3.455623983e-13,1.60611603e-13,7.059267739e-14,5.534737448e-14,1.05746359e-13,4.498519048e-14,3.565795217e-14,6.881531996e-14,5.811548924e-14,2.411587595e-13,1.598266975e-13,6.060703767e-13,2.634313056e-14,5.753596342e-13,6.467726351e-14
138.4765625,3.348338635e-13,3.527843806e-13,6.000988549e-13,4.852695192e-13,2.186584241e-13,1.414328989e-13,1.088570242e-13,2.600691493e-14,8.742356955e-14,1.190509693e-13,1.242736156e-13,2.284481817e-13,2.105029201e-13,4.258879509e-13,2.229538541e-13,2.550784652e-13,4.264092298e-13,3.482587245e-13,1.579509434e-13,7.266521954e-14,5.57233556e-14,1.042837824e-13,4.558620337e-14,3.550428923e-14,6.934941842e-14,5.872041427e-14,2.406881968e-13,1.573458768e-13,6.059873641e-13,2.621547853e-14,5.722739738e-13,6.466868357e-14
138.484375,3.291553291e-13,3.495096823e-13,6.015318587e-13,4.880054583e-13,2.180862291e-13,1.394457546e-13,1.08780228e-13,2.572213858e-14,8.637423052e-14,1.173824241e-13,1.243327182e-13,2.291772592e-13,2.131140273e-13,4.231307533e-13,2.203403553e-13,2.569358921e-13,4.293016155e-13,3.508443478e-13,1.552792288e-13,7.484975724e-14,5.613941231e-14,1.028324473e-13,4.617907557e-14,3.531433062e-14,6.984062027e-14,5.937045456e-14,2.402256567e-13,1.548228931e-13,6.057398615e-13,2.610126687e-14,5.689082043e-13,6.466529315e-14
138.4921875,3.236849401e-13,3.461038636e-13,6.027769848e-13,4.905880114e-13,2.175573962e-13,1.37538108e-13,1.086209217e-13,2.544930006e-14,8.531629482e-14,1.157166799e-13,1.244607384e-13,2.298463665e-13,2.156058304e-13,4.202697553e-13,2.176591636e-13,2.587009382e-13,4.320918944e-13,3.533887837e-13,1.526549848e-13,7.700695476e-14,5.655619121e-14,1.014179176e-13,4.675243598e-14,3.510951048e-14,7.029055445e-14,6.001889687e-14,2.39626764e-13,1.523517048e-13,6.054168052e-13,2.599827617e-14,5.652904044e-13,6.466155847e-14
138.5,3.184181036e-13,3.427898341e-13,6.039658605e-13,4.931532657e-13,2.170381409e-13,1.358363944e-13,1.084536555e-13,2.520751369e-14,8.433292905e-14,1.140671333e-13,1.246064866e-13,2.305156209e-13,2.181183614e-13,4.174473731e-13,2.148784664e-13,2.603691712e-13,4.348350233e-13,3.559663312e-13,1.501440234e-13,7.915667593e-14,5.695686954e-14,1.000819791e-13,4.729991134e-14,3.49654333e-14,7.072561245e-14,6.057587094e-14,2.390334655e-13,1.500729721e-13,6.052770209e-13,2.589481106e-14,5.61799923e-13,6.462496414e-14
138.5078125,3.133162507e-13,3.396611723e-13,6.051386666e-13,4.955778896e-13,2.165799798e-13,1.34327788e-13,1.082873166e-13,2.498139342e-14,8.342133783e-14,1.124675363e-13,1.248214095e-13,2.3120216e-13,2.207245011e-13,4.148199648e-13,2.120914894e-13,2.621240594e-13,4.377798935e-13,3.58618329e-13,1.477503769e-13,8.144904247e-14,5.739508362e-14,9.8799224e-14,4.783549773e-14,3.486394159e-14,7.116447136e-14,6.105419791e-14,2.385948136e-13,1.479566307e-13,6.052222962e-13,2.581335675e-14,5.585192215e-13,6.452406879e-14
138.515625,3.084398261e-13,3.365320983e-13,6.059868368e-13,4.977202173e-13,2.162663144e-13,1.329026316e-13,1.080563171e-13,2.475303013e-14,8.252800201e-14,1.10898834e-13,1.25122837e-13,2.318010147e-13,2.2331404e-13,4.122742663e-13,2.093257424e-13,2.638852764e-13,4.40825358e-13,3.613111233e-13,1.45465913e-13,8.378611461e-14,5.787382388e-14,9.7535749e-14,4.836777935e-14,3.472013199e-14,7.159698182e-14,6.150869285e-14,2.382384465e-13,1.458860411e-13,6.049173045e-13,2.575681045e-14,5.551192883e-13,6.436892765e-14
138.5234375,3.036535332e-13,3.332332121e-13,6.064902424e-13,4.996004004e-13,2.160536156e-13,1.315368174e-13,1.077675612e-13,2.454414243e-14,8.165771256e-14,1.093429592e-13,1.254199143e-13,2.322915436e-13,2.257423672e-13,4.096147618e-13,2.065880336e-13,2.655124534e-13,4.435505361e-13,3.63825013e-13,1.432272744e-13,8.610946918e-14,5.832045114e-14,9.630611885e-14,4.888882148e-14,3.455462437e-14,7.200101806e-14,6.197881721e-14,2.378027976e-13,1.437693149e-13,6.043661217e-13,2.569897776e-14,5.514762452e-13,6.421848429e-14
138.53125,2.987606221e-13,3.29705076e-13,6.068999842e-13,5.011374285e-13,2.158010832e-13,1.302989389e-13,1.074375044e-13,2.435951783e-14,8.081731967e-14,1.078423332e-13,1.257374708e-13,2.327775434e-13,2.280221218e-13,4.068402697e-13,2.039304986e-13,2.671011921e-13,4.460091518e-13,3.660299043e-13,1.409742207e-13,8.85462916e-14,5.870724525e-14,9.511883381e-14,4.938650652e-14,3.442969622e-14,7.235654367e-14,6.243581131e-14,2.371583683e-13,1.415823078e-13,6.037473048e-13,2.563930775e-14,5.477563112e-13,6.40799376e-14
138.5390625,2.939390715e-13,3.261499883e-13,6.071306466e-13,5.022582323e-13,2.15473864e-13,1.291989522e-13,1.070213434e-13,2.416820475e-14,7.99920355e-14,1.064400876e-13,1.261353904e-13,2.332740534e-13,2.302859155e-13,4.040642343e-13,2.013127717e-13,2.686896047e-13,4.485357095e-13,3.680949182e-13,1.387375114e-13,9.102024043e-14,5.908707541e-14,9.395822962e-14,4.986485753e-14,3.431711468e-14,7.266488465e-14,6.282113144e-14,2.363567319e-13,1.394075084e-13,6.031013606e-13,2.559495088e-14,5.440115409e-13,6.389909149e-14
138.546875,2.893153122e-13,3.22758246e-13,6.070916458e-13,5.032739266e-13,2.151381413e-13,1.281516779e-13,1.065211353e-13,2.396430769e-14,7.918744518e-14,1.051065997e-13,1.265197663e-13,2.336892282e-13,2.325508944e-13,4.012713338e-13,1.98641463e-13,2.701046571e-13,4.509092887e-13,3.701010932e-13,1.365244795e-13,9.340089185e-14,5.951252368e-14,9.280914997e-14,5.032457828e-14,3.419782731e-14,7.293985201e-14,6.31623052e-14,2.355489896e-13,1.373189306e-13,6.023998153e-13,2.5568164e-14,5.401590069e-13,6.367085994e-14
138.5546875,2.846524015e-13,3.193985493e-13,6.069215274e-13,5.044679472e-13,2.148615186e-13,1.271270626e-13,1.059809173e-13,2.376619553e-14,7.842465656e-14,1.037722945e-13,1.268973257e-13,2.3400438e-13,2.347157278e-13,3.983864383e-13,1.959397073e-13,2.712607207e-13,4.52775177e-13,3.719556412e-13,1.343405494e-13,9.577627537e-14,5.995242059e-14,9.168959355e-14,5.075005215e-14,3.412977125e-14,7.317329628e-14,6.348130587e-14,2.34717161e-13,1.353099144e-13,6.015607656e-13,2.554898857e-14,5.362050712e-13,6.34211467e-14
138.5625,2.799804059e-13,3.160718664e-13,6.065155555e-13,5.055604708e-13,2.146965308e-13,1.261678324e-13,1.053892041e-13,2.356729778e-14,7.771698928e-14,1.024531969e-13,1.273945467e-13,2.342840635e-13,2.367623501e-13,3.954699435e-13,1.933014838e-13,2.722667742e-13,4.543097657e-13,3.737142161e-13,1.322820133e-13,9.815260939e-14,6.035169246e-14,9.064805889e-14,5.114806818e-14,3.412002322e-14,7.335236654e-14,6.373470897e-14,2.338257485e-13,1.333452643e-13,6.0057455e-13,2.552677764e-14,5.322015073e-13,6.313940876e-14
138.5703125,2.755825575e-13,3.128500635e-13,6.057350511e-13,5.062629968e-13,2.145983817e-13,1.252591798e-13,1.047206464e-13,2.334453449e-14,7.702948364e-14,1.012602054e-13,1.279136506e-13,2.345399406e-13,2.387520317e-13,3.925915407e-13,1.907117794e-13,2.731420647e-13,4.556704294e-13,3.754070893e-13,1.303146373e-13,1.004100055e-13,6.075921698e-14,8.965708366e-14,5.1533923e-14,3.409785782e-14,7.348261337e-14,6.39530485e-14,2.329424436e-13,1.313520383e-13,5.995474821e-13,2.550690218e-14,5.28098381e-13,6.281799242e-14
138.578125,2.713184486e-13,3.094770663e-13,6.047454533e-13,5.067785127e-13,2.14440372e-13,1.24379166e-13,1.039926339e-13,2.311207887e-14,7.631141439e-14,1.002059312e-13,1.283194932e-13,2.347012205e-13,2.406908576e-13,3.896545294e-13,1.880056276e-13,2.737475829e-13,4.56725118e-13,3.76855282e-13,1.282474036e-13,1.025887831e-13,6.121882925e-14,8.86205894e-14,5.188170002e-14,3.404622242e-14,7.356216188e-14,6.415849477e-14,2.319887839e-13,1.293120836e-13,5.983814028e-13,2.550120097e-14,5.237834073e-13,6.246284603e-14
138.5859375,2.669052733e-13,3.060373634e-13,6.034938587e-13,5.072414675e-13,2.141808775e-13,1.235631928e-13,1.032336463e-13,2.292403338e-14,7.559375137e-14,9.914474274e-14,1.287251048e-13,2.34688862e-13,2.425022437e-13,3.865309711e-13,1.851131067e-13,2.741341513e-13,4.575893007e-13,3.779754766e-13,1.26085666e-13,1.048415579e-13,6.163520645e-14,8.754729654e-14,5.216630772e-14,3.402029106e-14,7.357879471e-14,6.424754386e-14,2.308858433e-13,1.273547887e-13,5.969459925e-13,2.549293525e-14,5.191808744e-13,6.206720048e-14
138.59375,2.625050875e-13,3.029962608e-13,6.017191312e-13,5.07531708e-13,2.138857491e-13,1.228246753e-13,1.02448468e-13,2.278864942e-14,7.492791832e-14,9.801204669e-14,1.292034774e-13,2.345182144e-13,2.441481504e-13,3.832936695e-13,1.822249285e-13,2.745358804e-13,4.584805505e-13,3.788827249e-13,1.240022008e-13,1.072348975e-13,6.196751102e-14,8.65274637e-14,5.241761363e-14,3.405228176e-14,7.353388596e-14,6.421675797e-14,2.297831448e-13,1.255623406e-13,5.954794307e-13,2.546989685e-14,5.143507623e-13,6.163790342e-14
138.6015625,2.583892757e-13,3.001712081e-13,5.996895517e-13,5.077290762e-13,2.136580844e-13,1.222149886e-13,1.01612653e-13,2.264543747e-14,7.430248952e-14,9.693691627e-14,1.296913912e-13,2.343432794e-13,2.457563235e-13,3.801861574e-13,1.794724854e-13,2.749486561e-13,4.593354665e-13,3.797299679e-13,1.220358537e-13,1.096518097e-13,6.231001379e-14,8.557585663e-14,5.267119701e-14,3.413435278e-14,7.344452958e-14,6.42061158e-14,2.287467699e-13,1.238703337e-13,5.941210574e-13,2.546626948e-14,5.095332038e-13,6.11875402e-14
138.609375,2.544938383e-13,2.971308616e-13,5.97821925e-13,5.078703566e-13,2.135470519e-13,1.218150705e-13,1.007272109e-13,2.248689907e-14,7.371556441e-14,9.600216467e-14,1.302058435e-13,2.342528292e-13,2.474034419e-13,3.772810687e-13,1.766983884e-13,2.752119708e-13,4.601197078e-13,3.805696388e-13,1.201277428e-13,1.119461132e-13,6.266823059e-14,8.465819578e-14,5.291078467e-14,3.423841663e-14,7.333389708e-14,6.423028885e-14,2.276800252e-13,1.222131891e-13,5.926145035e-13,2.549371202e-14,5.048179987e-13,6.071012063e-14
138.6171875,2.506178299e-13,2.939918425e-13,5.957611562e-13,5.077520204e-13,2.134130877e-13,1.214774591e-13,9.984022819e-14,2.238062262e-14,7.315336776e-14,9.511256117e-14,1.307190277e-13,2.340624502e-13,2.488765835e-13,3.743084067e-13,1.737650342e-13,2.753383266e-13,4.608610585e-13,3.812278204e-13,1.182146442e-13,1.142493084e-13,6.298345772e-14,8.37402708e-14,5.310864488e-14,3.430793816e-14,7.320383372e-14,6.422164137e-14,2.26563008e-13,1.205604642e-13,5.908683105e-13,2.551817616e-14,4.998753542e-13,6.023245255e-14
138.625,2.467340017e-13,2.907446627e-13,5.929437213e-13,5.074509943e-13,2.131034916e-13,1.209583483e-13,9.893442539e-14,2.233235734e-14,7.254531514e-14,9.420372088e-14,1.311303168e-13,2.335683463e-13,2.500396476e-13,3.710237028e-13,1.707607035e-13,2.753709706e-13,4.613535577e-13,3.815716253e-13,1.162357379e-13,1.167174294e-13,6.328897036e-14,8.278023216e-14,5.327550674e-14,3.432404469e-14,7.302283831e-14,6.420365431e-14,2.253593796e-13,1.189245244e-13,5.88950507e-13,2.555218243e-14,4.944811761e-13,5.980169277e-14
138.6328125,2.429226581e-13,2.872117261e-13,5.896103595e-13,5.071223309e-13,2.127509514e-13,1.203641399e-13,9.793498729e-14,2.228412953e-14,7.190678213e-14,9.33320346e-14,1.315238047e-13,2.328889085e-13,2.511143141e-13,3.675586046e-13,1.678355688e-13,2.752753823e-13,4.614551756e-13,3.818054491e-13,1.142557298e-13,1.191314331e-13,6.359175129e-14,8.180829323e-14,5.341171628e-14,3.436599989e-14,7.277713215e-14,6.415093105e-14,2.240305932e-13,1.17360651e-13,5.867606678e-13,2.562368578e-14,4.88980913e-13,5.937186209e-14
138.640625,2.391790674e-13,2.838131841e-13,5.863433525e-13,5.06494049e-13,2.125523066e-13,1.199880305e-13,9.687950279e-14,2.222417444e-14,7.132902046e-14,9.250236751e-14,1.320299413e-13,2.322789442e-13,2.522591151e-13,3.642193462e-13,1.650718397e-13,2.750703415e-13,4.613378341e-13,3.82070927e-13,1.123906228e-13,1.213242434e-13,6.384928759e-14,8.090573428e-14,5.347477781e-14,3.448655978e-14,7.249285812e-14,6.396446372e-14,2.227179895e-13,1.158227065e-13,5.84455952e-13,2.568418224e-14,4.837588532e-13,5.884552525e-14
138.6484375,2.355010027e-13,2.808595566e-13,5.831950009e-13,5.054771016e-13,2.124602562e-13,1.198246759e-13,9.58522453e-14,2.216855034e-14,7.079571378e-14,9.168706576e-14,1.325868836e-13,2.317747661e-13,2.5337129e-13,3.611089339e-13,1.624608433e-13,2.747837951e-13,4.611479436e-13,3.822229052e-13,1.10598061e-13,1.235172984e-13,6.410318377e-14,8.005807685e-14,5.344903792e-14,3.461742661e-14,7.218373502e-14,6.36829116e-14,2.215042073e-13,1.142311757e-13,5.823653992e-13,2.57089847e-14,4.787197219e-13,5.823077177e-14
138.65625,2.320012778e-13,2.779143228e-13,5.79837562e-13,5.044233891e-13,2.12379555e-13,1.196722696e-13,9.480310593e-14,2.211338263e-14,7.025152075e-14,9.097041109e-14,1.331234178e-13,2.312290193e-13,2.543944782e-13,3.580655034e-13,1.599556851e-13,2.744484327e-13,4.608440094e-13,3.82268897e-13,1.088084309e-13,1.258281181e-13,6.43799879e-14,7.920375238e-14,5.336682006e-14,3.471519379e-14,7.183998931e-14,6.340883288e-14,2.202759801e-13,1.126787606e-13,5.802675754e-13,2.576229228e-14,4.736048026e-13,5.759274113e-14
138.6640625,2.286853272e-13,2.74792516e-13,5.760428513e-13,5.033537102e-13,2.123398167e-13,1.194676652e-13,9.366602252e-14,2.206520686e-14,6.973027726e-14,9.040398532e-14,1.336637637e-13,2.305520782e-13,2.553301206e-13,3.549154747e-13,1.575266131e-13,2.740913378e-13,4.603343438e-13,3.823529056e-13,1.070649024e-13,1.280931075e-13,6.461900122e-14,7.836432223e-14,5.326049079e-14,3.484263965e-14,7.146426773e-14,6.311688112e-14,2.19009612e-13,1.112552673e-13,5.77829189e-13,2.586167231e-14,4.68391544e-13,5.693016306e-14
138.671875,2.253786778e-13,2.718549761e-13,5.71806807e-13,5.020919081e-13,2.123274057e-13,1.192569642e-13,9.250585934e-14,2.203260819e-14,6.925597997e-14,8.988397508e-14,1.341860685e-13,2.297709726e-13,2.561064426e-13,3.516563167e-13,1.551185024e-13,2.735761015e-13,4.595174329e-13,3.82359164e-13,1.053733572e-13,1.302546505e-13,6.481314491e-14,7.757426317e-14,5.314873511e-14,3.502819819e-14,7.106010971e-14,6.274682964e-14,2.177495647e-13,1.098966881e-13,5.752510252e-13,2.596297975e-14,4.631832389e-13,5.623762768e-14
138.6796875,2.2202777e-13,2.691259266e-13,5.672697872e-13,5.009097818e-13,2.122491748e-13,1.190911572e-13,9.138975493e-14,2.200390127e-14,6.879547869e-14,8.935487852e-14,1.346361034e-13,2.289003735e-13,2.56733973e-13,3.483441756e-13,1.527445066e-13,2.728524593e-13,4.583835692e-13,3.821210405e-13,1.03681638e-13,1.323957736e-13,6.501208552e-14,7.680046768e-14,5.301275753e-14,3.523845856e-14,7.061332957e-14,6.229035367e-14,2.16410093e-13,1.086185369e-13,5.726627848e-13,2.607097902e-14,4.579286258e-13,5.55321936e-14
138.6875,2.187408384e-13,2.663514081e-13,5.625588286e-13,4.999679509e-13,2.120911456e-13,1.190142119e-13,9.028702366e-14,2.197494116e-14,6.832546568e-14,8.888482881e-14,1.350390064e-13,2.279123989e-13,2.573256988e-13,3.450188255e-13,1.505494077e-13,2.721772953e-13,4.570989485e-13,3.817339051e-13,1.01991753e-13,1.345132166e-13,6.523231228e-14,7.600834327e-14,5.280890616e-14,3.548735608e-14,7.012099147e-14,6.175174972e-14,2.149667893e-13,1.075124004e-13,5.699013437e-13,2.62020264e-14,4.525064441e-13,5.477815093e-14
138.6953125,2.15543646e-13,2.635275503e-13,5.577291624e-13,4.988278097e-13,2.119102931e-13,1.189774013e-13,8.915678267e-14,2.195436371e-14,6.78347421e-14,8.84946707e-14,1.354756769e-13,2.268552074e-13,2.57885631e-13,3.417380381e-13,1.484789978e-13,2.715439475e-13,4.55751775e-13,3.813122122e-13,1.003149586e-13,1.365012141e-13,6.545473506e-14,7.520137714e-14,5.255426435e-14,3.578528707e-14,6.960192245e-14,6.11809651e-14,2.135529326e-13,1.06486273e-13,5.670793849e-13,2.633447506e-14,4.470019e-13,5.396061753e-14
138.703125,2.123525974e-13,2.606659258e-13,5.527779592e-13,4.972242398e-13,2.117079396e-13,1.188670404e-13,8.801558939e-14,2.194994987e-14,6.73303878e-14,8.814387025e-14,1.359423102e-13,2.257996516e-13,2.582968541e-13,3.384654815e-13,1.46229744e-13,2.70539442e-13,4.541617685e-13,3.807581362e-13,9.862858518e-14,1.383169958e-13,6.562468757e-14,7.43865301e-14,5.229935756e-14,3.606644354e-14,6.90656668e-14,6.062679885e-14,2.121801436e-13,1.05381027e-13,5.64344436e-13,2.646865235e-14,4.415324132e-13,5.314350487e-14
138.7109375,2.091235578e-13,2.576885365e-13,5.476423526e-13,4.954502453e-13,2.114773951e-13,1.186746976e-13,8.6896742e-14,2.197000111e-14,6.684186684e-14,8.782401741e-14,1.363209014e-13,2.247036659e-13,2.58509004e-13,3.35118159e-13,1.437711151e-13,2.691548727e-13,4.521767814e-13,3.799626989e-13,9.692508085e-14,1.401065221e-13,6.573455314e-14,7.356796606e-14,5.203672043e-14,3.630906002e-14,6.849415071e-14,6.005881734e-14,2.106992333e-13,1.042331089e-13,5.615250693e-13,2.662548649e-14,4.360101555e-13,5.235432857e-14
138.71875,2.05947354e-13,2.547040012e-13,5.423171078e-13,4.936675194e-13,2.112959357e-13,1.184755651e-13,8.578208637e-14,2.201024306e-14,6.637547644e-14,8.755861711e-14,1.365678939e-13,2.235354576e-13,2.585976203e-13,3.31748812e-13,1.413668331e-13,2.677664652e-13,4.499054991e-13,3.790127043e-13,9.523121323e-14,1.419774385e-13,6.587435648e-14,7.275890625e-14,5.173198375e-14,3.658266291e-14,6.785373363e-14,5.946524407e-14,2.090709481e-13,1.031830993e-13,5.585546442e-13,2.680477576e-14,4.303999715e-13,5.156458896e-14
138.7265625,2.029317006e-13,2.518754382e-13,5.368394917e-13,4.916996653e-13,2.111582857e-13,1.182957522e-13,8.462894269e-14,2.205712679e-14,6.592483038e-14,8.737755316e-14,1.367500283e-13,2.22341053e-13,2.586117002e-13,3.283611499e-13,1.390553982e-13,2.663289955e-13,4.474453338e-13,3.780116412e-13,9.357194287e-14,1.437469875e-13,6.605261192e-14,7.196588667e-14,5.13665217e-14,3.691384663e-14,6.713787046e-14,5.885989099e-14,2.073992894e-13,1.022366984e-13,5.555222123e-13,2.699552124e-14,4.247683139e-13,5.075683693e-14
138.734375,1.999580258e-13,2.492001488e-13,5.311761361e-13,4.895267755e-13,2.108897011e-13,1.181155243e-13,8.345837806e-14,2.211326876e-14,6.548290201e-14,8.727879046e-14,1.36882275e-13,2.210855279e-13,2.584907402e-13,3.248439437e-13,1.367029071e-13,2.646152319e-13,4.44737039e-13,3.768714808e-13,9.191489646e-14,1.452483108e-13,6.616903188e-14,7.117728163e-14,5.094515826e-14,3.726324396e-14,6.639663771e-14,5.820374304e-14,2.057308411e-13,1.012423423e-13,5.524080813e-13,2.718292397e-14,4.190870689e-13,4.992146459e-14
138.7421875,1.968677743e-13,2.466041568e-13,5.253786791e-13,4.872493355e-13,2.104666536e-13,1.178941591e-13,8.231246891e-14,2.218829882e-14,6.501759888e-14,8.723354188e-14,1.369846933e-13,2.19715343e-13,2.581985368e-13,3.212602503e-13,1.343496365e-13,2.627824087e-13,4.418070046e-13,3.755188015e-13,9.023117793e-14,1.466037187e-13,6.622017347e-14,7.038440381e-14,5.05180734e-14,3.76127976e-14,6.566967651e-14,5.750699974e-14,2.039889988e-13,1.001228916e-13,5.49241809e-13,2.736870859e-14,4.134199974e-13,4.90860399e-14
138.75,1.93834901e-13,2.44032856e-13,5.194888675e-13,4.848368884e-13,2.101209818e-13,1.1759816e-13,8.117054416e-14,2.227729917e-14,6.452897303e-14,8.724975622e-14,1.371157536e-13,2.182832742e-13,2.577845303e-13,3.177161885e-13,1.320484871e-13,2.609272666e-13,4.387567613e-13,3.740821062e-13,8.859391846e-14,1.479225893e-13,6.625212612e-14,6.959668696e-14,5.011355767e-14,3.796115405e-14,6.492367237e-14,5.681190033e-14,2.021136231e-13,9.90314095e-14,5.460550086e-13,2.758096631e-14,4.078440439e-13,4.828959791e-14
138.7578125,1.910039017e-13,2.415186769e-13,5.13326795e-13,4.824153019e-13,2.099319171e-13,1.172692752e-13,8.001688646e-14,2.236595712e-14,6.405889287e-14,8.73284776e-14,1.372427236e-13,2.167994159e-13,2.572882017e-13,3.141280024e-13,1.297288937e-13,2.588700636e-13,4.355523757e-13,3.726482113e-13,8.704721178e-14,1.491574138e-13,6.622424543e-14,6.881847288e-14,4.968627e-14,3.830785477e-14,6.413385638e-14,5.606363248e-14,2.002159043e-13,9.812710389e-14,5.427736188e-13,2.781873166e-14,4.021691387e-13,4.748669215e-14
138.765625,1.880954005e-13,2.391271381e-13,5.0692714e-13,4.801875026e-13,2.097166457e-13,1.169446966e-13,7.888131948e-14,2.24475532e-14,6.358877091e-14,8.744562333e-14,1.373597071e-13,2.152358897e-13,2.567083411e-13,3.104679477e-13,1.274105524e-13,2.566496787e-13,4.320996593e-13,3.71121599e-13,8.550994091e-14,1.503268184e-13,6.612218031e-14,6.803311383e-14,4.921099e-14,3.867229914e-14,6.333449115e-14,5.526011181e-14,1.98434857e-13,9.733856393e-14,5.394862805e-13,2.805489726e-14,3.96349124e-13,4.664398409e-14
138.7734375,1.850045077e-13,2.367499223e-13,5.005843633e-13,4.779177047e-13,2.094310631e-13,1.165677959e-13,7.7770551e-14,2.253147539e-14,6.307947552e-14,8.764479888e-14,1.374831775e-13,2.136706563e-13,2.560115389e-13,3.068133259e-13,1.251357211e-13,2.543778094e-13,4.283374099e-13,3.694457675e-13,8.394543228e-14,1.514891196e-13,6.598963161e-14,6.723076635e-14,4.871634725e-14,3.905691562e-14,6.252917296e-14,5.449453309e-14,1.966160733e-13,9.651098137e-14,5.362688823e-13,2.829734656e-14,3.906036884e-13,4.582705468e-14
138.78125,1.82111138e-13,2.343256105e-13,4.942006519e-13,4.753031086e-13,2.092373741e-13,1.161217694e-13,7.668597809e-14,2.262719702e-14,6.257517224e-14,8.795442942e-14,1.374248539e-13,2.121249843e-13,2.551532213e-13,3.031560433e-13,1.227898702e-13,2.519056652e-13,4.242291987e-13,3.676869046e-13,8.23901338e-14,1.525852813e-13,6.582177084e-14,6.643161238e-14,4.822348174e-14,3.944638733e-14,6.168954281e-14,5.373414523e-14,1.945071912e-13,9.562457744e-14,5.329032529e-13,2.856455866e-14,3.848713037e-13,4.505465836e-14
138.7890625,1.794953206e-13,2.321016529e-13,4.875272006e-13,4.725858899e-13,2.090952034e-13,1.156548358e-13,7.564385091e-14,2.273414755e-14,6.211174465e-14,8.830090939e-14,1.371038639e-13,2.104904751e-13,2.541407746e-13,2.994352253e-13,1.203459524e-13,2.492690763e-13,4.198625918e-13,3.659033453e-13,8.08298365e-14,1.535437189e-13,6.560987153e-14,6.565352261e-14,4.773986904e-14,3.986269875e-14,6.083337062e-14,5.2918694e-14,1.922452468e-13,9.477373047e-14,5.293352002e-13,2.885347229e-14,3.789939153e-13,4.428418841e-14
138.796875,1.767726409e-13,2.301146082e-13,4.807179869e-13,4.700833302e-13,2.087566059e-13,1.15142698e-13,7.460796656e-14,2.285532034e-14,6.16439321e-14,8.86801937e-14,1.367873802e-13,2.087721138e-13,2.529986885e-13,2.955429921e-13,1.179741143e-13,2.467627974e-13,4.154029484e-13,3.641448334e-13,7.92656843e-14,1.543918256e-13,6.539094234e-14,6.487159587e-14,4.72532748e-14,4.03291763e-14,5.997803118e-14,5.211735231e-14,1.901154283e-13,9.401887152e-14,5.257955619e-13,2.916855837e-14,3.731359599e-13,4.352276427e-14
138.8046875,1.739008082e-13,2.280092784e-13,4.739844251e-13,4.676816157e-13,2.082494213e-13,1.145953722e-13,7.354645344e-14,2.298355227e-14,6.115642069e-14,8.916568112e-14,1.365718564e-13,2.070815767e-13,2.517460383e-13,2.914723866e-13,1.157348102e-13,2.443799867e-13,4.109066166e-13,3.624751136e-13,7.775154562e-14,1.551686879e-13,6.519225848e-14,6.405866179e-14,4.673330172e-14,4.083148134e-14,5.910788895e-14,5.132618755e-14,1.880535011e-13,9.331077442e-14,5.223205719e-13,2.951286294e-14,3.674649248e-13,4.275683868e-14
138.8125,1.711926888e-13,2.258099414e-13,4.673511505e-13,4.651588332e-13,2.078231873e-13,1.14113899e-13,7.252140828e-14,2.310499791e-14,6.069386662e-14,8.971451679e-14,1.362693727e-13,2.05414476e-13,2.50465684e-13,2.874755476e-13,1.135460374e-13,2.419335323e-13,4.063361444e-13,3.60844252e-13,7.627953702e-14,1.558821834e-13,6.501066523e-14,6.324284166e-14,4.618413661e-14,4.137174769e-14,5.823795049e-14,5.047624177e-14,1.859047631e-13,9.261409817e-14,5.188481588e-13,2.987147857e-14,3.619749694e-13,4.195298064e-14
138.8203125,1.686780064e-13,2.238798257e-13,4.607071327e-13,4.62486557e-13,2.074379249e-13,1.136224976e-13,7.157675638e-14,2.3249331e-14,6.025436771e-14,9.02531249e-14,1.358502488e-13,2.036768428e-13,2.492039533e-13,2.836099339e-13,1.114051335e-13,2.394847517e-13,4.01650192e-13,3.591139302e-13,7.47900357e-14,1.565824801e-13,6.480810425e-14,6.244654549e-14,4.563318622e-14,4.195490923e-14,5.738832496e-14,4.965090756e-14,1.83736602e-13,9.200224247e-14,5.154074304e-13,3.024630713e-14,3.565469338e-13,4.117625779e-14
138.828125,1.6618531e-13,2.220594471e-13,4.537990685e-13,4.598049916e-13,2.069339966e-13,1.129356343e-13,7.066171492e-14,2.344634545e-14,5.978047587e-14,9.082449422e-14,1.353732714e-13,2.018226441e-13,2.478725483e-13,2.796095803e-13,1.093441528e-13,2.371099678e-13,3.968281132e-13,3.572844078e-13,7.326339929e-14,1.573085548e-13,6.454634984e-14,6.162662799e-14,4.509088453e-14,4.252879785e-14,5.654037559e-14,4.892590678e-14,1.815792577e-13,9.148320897e-14,5.118475365e-13,3.06551328e-14,3.50935283e-13,4.047621012e-14
138.8359375,1.636764145e-13,2.200168036e-13,4.466921227e-13,4.572339864e-13,2.064483466e-13,1.121197797e-13,6.974225226e-14,2.364637633e-14,5.925588067e-14,9.148529504e-14,1.348352144e-13,1.998910211e-13,2.464106824e-13,2.755033153e-13,1.073173812e-13,2.346491136e-13,3.918686314e-13,3.554819522e-13,7.174016466e-14,1.579666456e-13,6.425359e-14,6.076591442e-14,4.456476995e-14,4.306035081e-14,5.569142565e-14,4.821194634e-14,1.793567437e-13,9.095244955e-14,5.080694163e-13,3.108458751e-14,3.451590796e-13,3.977655553e-14
138.84375,1.61190765e-13,2.180354328e-13,4.397330349e-13,4.545979422e-13,2.061195035e-13,1.113112573e-13,6.883902177e-14,2.380232615e-14,5.87308369e-14,9.224595597e-14,1.342975566e-13,1.979812327e-13,2.448487704e-13,2.715391407e-13,1.052237662e-13,2.31915798e-13,3.867368157e-13,3.537744789e-13,7.028517114e-14,1.584329235e-13,6.395249376e-14,5.991800034e-14,4.40513336e-14,4.361527617e-14,5.485670622e-14,4.744728714e-14,1.771032045e-13,9.041841214e-14,5.043696891e-13,3.14970722e-14,3.395290507e-13,3.902878278e-14
138.8515625,1.588126341e-13,2.163627306e-13,4.328045346e-13,4.516765742e-13,2.058467757e-13,1.104317972e-13,6.796501214e-14,2.395518811e-14,5.823919809e-14,9.310440115e-14,1.33725435e-13,1.961356225e-13,2.432188179e-13,2.676747266e-13,1.029836043e-13,2.289219367e-13,3.814147568e-13,3.521628049e-13,6.889891306e-14,1.586824349e-13,6.360110247e-14,5.910100608e-14,4.352831279e-14,4.424754988e-14,5.402761351e-14,4.666630535e-14,1.748709546e-13,8.99651618e-14,5.009360994e-13,3.189250174e-14,3.340449014e-13,3.827905572e-14
138.859375,1.565765745e-13,2.14652907e-13,4.2575051e-13,4.486869551e-13,2.0552295e-13,1.094853238e-13,6.713315332e-14,2.415365727e-14,5.774078442e-14,9.402964866e-14,1.330215541e-13,1.942726602e-13,2.415798948e-13,2.637798135e-13,1.006919856e-13,2.258824628e-13,3.75992133e-13,3.505795042e-13,6.751569868e-14,1.587170573e-13,6.321118894e-14,5.827641836e-14,4.298769232e-14,4.489423566e-14,5.320497512e-14,4.588285082e-14,1.725945608e-13,8.955363616e-14,4.975774139e-13,3.231195197e-14,3.285629062e-13,3.755734242e-14
138.8671875,1.54321173e-13,2.128431701e-13,4.189991047e-13,4.459091866e-13,2.050793926e-13,1.086457099e-13,6.636539307e-14,2.439519523e-14,5.718541851e-14,9.500666271e-14,1.323548204e-13,1.923375682e-13,2.399684627e-13,2.598288259e-13,9.857175964e-14,2.230146888e-13,3.705528146e-13,3.489090891e-13,6.611633848e-14,1.586191222e-13,6.285289706e-14,5.742891385e-14,4.243687089e-14,4.549010519e-14,5.2410937e-14,4.510029204e-14,1.702402843e-13,8.914449267e-14,4.942240562e-13,3.27628693e-14,3.232255547e-13,3.685558845e-14
138.875,1.51953008e-13,2.11357297e-13,4.126850425e-13,4.431528827e-13,2.045065047e-13,1.078616303e-13,6.566149395e-14,2.465718214e-14,5.658700253e-14,9.605338446e-14,1.318456332e-13,1.903961164e-13,2.383044594e-13,2.558021864e-13,9.667368916e-14,2.203653283e-13,3.650969332e-13,3.471627979e-13,6.472228305e-14,1.586037226e-13,6.251442941e-14,5.656284791e-14,4.188762267e-14,4.608079822e-14,5.164664066e-14,4.43486967e-14,1.67893262e-13,8.880218822e-14,4.909623209e-13,3.321431428e-14,3.180717389e-13,3.616866799e-14
138.8828125,1.496124738e-13,2.101134583e-13,4.063140174e-13,4.40179594e-13,2.03929998e-13,1.069270783e-13,6.501417775e-14,2.491438312e-14,5.598463669e-14,9.71306934e-14,1.312160092e-13,1.884717839e-13,2.365224608e-13,2.517675278e-13,9.487435753e-14,2.178842845e-13,3.596068339e-13,3.454349955e-13,6.332189883e-14,1.587144331e-13,6.213604964e-14,5.567630653e-14,4.136050667e-14,4.671738469e-14,5.089790391e-14,4.364588125e-14,1.65603972e-13,8.851741125e-14,4.876772038e-13,3.36768752e-14,3.129432687e-13,3.550055697e-14
138.890625,1.473856588e-13,2.086784741e-13,3.997098046e-13,4.371646157e-13,2.034047306e-13,1.058813463e-13,6.442905168e-14,2.516753122e-14,5.538558237e-14,9.818987333e-14,1.302725308e-13,1.864865045e-13,2.346586353e-13,2.477579482e-13,9.311669362e-14,2.155090628e-13,3.540714954e-13,3.437553347e-13,6.190925598e-14,1.587479493e-13,6.171865315e-14,5.477962968e-14,4.086857979e-14,4.736961886e-14,5.017115556e-14,4.297863866e-14,1.632864038e-13,8.81923257e-14,4.842631098e-13,3.418001326e-14,3.078771e-13,3.486046603e-14
138.8984375,1.452331953e-13,2.07160526e-13,3.931260117e-13,4.343336243e-13,2.02884056e-13,1.048891087e-13,6.39009598e-14,2.544600984e-14,5.478367008e-14,9.928820362e-14,1.291978256e-13,1.844637201e-13,2.327498195e-13,2.436759284e-13,9.141395142e-14,2.132066731e-13,3.485759358e-13,3.421793086e-13,6.051603193e-14,1.586505751e-13,6.128719129e-14,5.38838912e-14,4.04031317e-14,4.800591196e-14,4.94858696e-14,4.233163754e-14,1.608688974e-13,8.784019092e-14,4.808195878e-13,3.46986007e-14,3.029550116e-13,3.424254814e-14
138.90625,1.431313187e-13,2.057986873e-13,3.866888879e-13,4.31606288e-13,2.023547391e-13,1.039448174e-13,6.340801958e-14,2.574927478e-14,5.418561575e-14,1.00505929e-13,1.281647038e-13,1.825445029e-13,2.308113437e-13,2.395453366e-13,8.977182129e-14,2.110362664e-13,3.432919784e-13,3.407383638e-13,5.918087723e-14,1.585432329e-13,6.084072882e-14,5.299403716e-14,3.994271871e-14,4.86246043e-14,4.883623387e-14,4.17199881e-14,1.584132832e-13,8.759395161e-14,4.773667712e-13,3.521396133e-14,2.981180518e-13,3.363782666e-14
138.9140625,1.410564355e-13,2.044356911e-13,3.803685105e-13,4.287865826e-13,2.017732578e-13,1.02947471e-13,6.293510036e-14,2.605712766e-14,5.360664874e-14,1.018300939e-13,1.271600033e-13,1.807474024e-13,2.288529957e-13,2.354446923e-13,8.817382178e-14,2.089754905e-13,3.381835121e-13,3.393834629e-13,5.79332342e-14,1.583881091e-13,6.036449726e-14,5.212449039e-14,3.949192902e-14,4.922829472e-14,4.82026603e-14,4.115669964e-14,1.559711932e-13,8.749295285e-14,4.738759858e-13,3.576117792e-14,2.933491305e-13,3.306503734e-14
138.921875,1.390136306e-13,2.030298855e-13,3.740720715e-13,4.257750718e-13,2.012068027e-13,1.01844306e-13,6.24810937e-14,2.637546772e-14,5.305728506e-14,1.032119188e-13,1.261101072e-13,1.789854891e-13,2.268486532e-13,2.313559015e-13,8.655025705e-14,2.068272061e-13,3.329814451e-13,3.381677158e-13,5.675821537e-14,1.580639179e-13,5.984970494e-14,5.127381395e-14,3.909805332e-14,4.985724275e-14,4.759889369e-14,4.061886163e-14,1.535221453e-13,8.737623128e-14,4.705098582e-13,3.634052705e-14,2.886695623e-13,3.252378987e-14
138.9296875,1.370130936e-13,2.01734186e-13,3.677700793e-13,4.225951967e-13,2.008055546e-13,1.0064107e-13,6.205090366e-14,2.670410968e-14,5.25194664e-14,1.046517747e-13,1.249417694e-13,1.772658336e-13,2.247662328e-13,2.273359828e-13,8.488495006e-14,2.045578606e-13,3.275797386e-13,3.370531523e-13,5.558959072e-14,1.576008876e-13,5.932027101e-14,5.041359393e-14,3.876157355e-14,5.055026528e-14,4.70343472e-14,4.010562472e-14,1.510914109e-13,8.710855043e-14,4.673789247e-13,3.691016038e-14,2.840883243e-13,3.197999005e-14
138.9375,1.350146489e-13,2.005193468e-13,3.616086911e-13,4.193925519e-13,2.004221471e-13,9.938797767e-14,6.165970649e-14,2.703121851e-14,5.195841267e-14,1.061582348e-13,1.236756623e-13,1.756055132e-13,2.226079291e-13,2.234129892e-13,8.327604284e-14,2.023420277e-13,3.221438195e-13,3.35793445e-13,5.440126906e-14,1.570901964e-13,5.88049741e-14,4.953377158e-14,3.840830552e-14,5.126936828e-14,4.647380966e-14,3.964011391e-14,1.486978774e-13,8.681208736e-14,4.643713187e-13,3.74723537e-14,2.796153703e-13,3.144408965e-14
138.9453125,1.330643619e-13,1.993742005e-13,3.555821371e-13,4.162631573e-13,1.99918161e-13,9.811348076e-14,6.13301852e-14,2.736780257e-14,5.13825117e-14,1.076862956e-13,1.22405696e-13,1.739248706e-13,2.204189281e-13,2.194595102e-13,8.173671469e-14,2.001796773e-13,3.167648629e-13,3.344547628e-13,5.323914353e-14,1.565475891e-13,5.82847407e-14,4.865723568e-14,3.802587166e-14,5.19651621e-14,4.591631049e-14,3.920536509e-14,1.46299308e-13,8.662634304e-14,4.614280691e-13,3.804409329e-14,2.751628852e-13,3.095446102e-14
138.953125,1.312200067e-13,1.983428191e-13,3.495183568e-13,4.13106152e-13,1.994784521e-13,9.679350208e-14,6.106481172e-14,2.772595438e-14,5.083039327e-14,1.092178911e-13,1.211058918e-13,1.722148686e-13,2.182612444e-13,2.154468803e-13,8.018336621e-14,1.979759348e-13,3.113279979e-13,3.333054562e-13,5.211484342e-14,1.559535261e-13,5.77401386e-14,4.779163642e-14,3.767329295e-14,5.264353362e-14,4.540613796e-14,3.878893195e-14,1.439122792e-13,8.64417365e-14,4.585860997e-13,3.860889859e-14,2.706767935e-13,3.0499968e-14
138.9609375,1.293940009e-13,1.972954317e-13,3.436040184e-13,4.098701009e-13,1.990567319e-13,9.543951035e-14,6.085369455e-14,2.81142437e-14,5.028844751e-14,1.108267706e-13,1.196788735e-13,1.705866155e-13,2.161301965e-13,2.114639156e-13,7.865171694e-14,1.958423236e-13,3.058533703e-13,3.322281832e-13,5.098616468e-14,1.553037964e-13,5.718772008e-14,4.690468151e-14,3.735886122e-14,5.331864257e-14,4.494274311e-14,3.841055209e-14,1.415558896e-13,8.616036497e-14,4.558507405e-13,3.917574146e-14,2.663410429e-13,3.005882519e-14
138.96875,1.275955864e-13,1.96190523e-13,3.38181059e-13,4.066413723e-13,1.984312128e-13,9.408852219e-14,6.070632416e-14,2.854359017e-14,4.971115461e-14,1.125358097e-13,1.181478342e-13,1.690855076e-13,2.139619408e-13,2.075503504e-13,7.721906578e-14,1.938928326e-13,3.005898222e-13,3.311204637e-13,4.986215992e-14,1.546137613e-13,5.66240089e-14,4.598022052e-14,3.707318638e-14,5.3990955e-14,4.451138766e-14,3.807359291e-14,1.391455028e-13,8.58653323e-14,4.532910892e-13,3.977961529e-14,2.62330123e-13,2.964406771e-14
138.9765625,1.2595076e-13,1.95119697e-13,3.330990563e-13,4.03298868e-13,1.977516501e-13,9.270878922e-14,6.062180221e-14,2.898118784e-14,4.910534718e-14,1.142689821e-13,1.165869949e-13,1.676350455e-13,2.117274603e-13,2.037102106e-13,7.584327477e-14,1.92046816e-13,2.955777465e-13,3.302170399e-13,4.877454224e-14,1.539102711e-13,5.603520018e-14,4.505086439e-14,3.683315099e-14,5.467364191e-14,4.413293656e-14,3.779529823e-14,1.366380817e-13,8.55573232e-14,4.509276305e-13,4.041238814e-14,2.585446164e-13,2.92633914e-14
138.984375,1.243917098e-13,1.940021182e-13,3.280027552e-13,3.996501201e-13,1.971605792e-13,9.130156938e-14,6.058131169e-14,2.938163527e-14,4.850885303e-14,1.160288441e-13,1.15011311e-13,1.661644259e-13,2.094455757e-13,1.999027704e-13,7.449506008e-14,1.902266285e-13,2.906143035e-13,3.295254935e-13,4.77000742e-14,1.531931943e-13,5.543381168e-14,4.413213071e-14,3.661375256e-14,5.537552728e-14,4.38025698e-14,3.758507984e-14,1.340955767e-13,8.518403742e-14,4.485738118e-13,4.10475814e-14,2.548080683e-13,2.890316748e-14
138.9921875,1.22812351e-13,1.927785468e-13,3.22916093e-13,3.959277584e-13,1.96577664e-13,8.999349357e-14,6.060139147e-14,2.976999949e-14,4.794053933e-14,1.178778596e-13,1.134276997e-13,1.647155392e-13,2.072007669e-13,1.961513381e-13,7.323258217e-14,1.884632227e-13,2.857180084e-13,3.288675367e-13,4.666326247e-14,1.524131444e-13,5.481342427e-14,4.321110188e-14,3.638384869e-14,5.606734791e-14,4.349653281e-14,3.737456687e-14,1.315914392e-13,8.488084542e-14,4.461792148e-13,4.168883251e-14,2.511271027e-13,2.854131809e-14
139,1.213233692e-13,1.916016085e-13,3.180319258e-13,3.924457251e-13,1.960828751e-13,8.882831991e-14,6.069365542e-14,3.019640349e-14,4.740948737e-14,1.19783748e-13,1.118341252e-13,1.633881346e-13,2.051017868e-13,1.926023728e-13,7.20858275e-14,1.868292453e-13,2.810623115e-13,3.283322026e-13,4.574063617e-14,1.515496156e-13,5.416748601e-14,4.230747261e-14,3.616634439e-14,5.672173649e-14,4.322590983e-14,3.713164519e-14,1.29194192e-13,8.474841674e-14,4.439633888e-13,4.234357497e-14,2.476224564e-13,2.815564668e-14
139.0078125,1.200337242e-13,1.905867382e-13,3.134111229e-13,3.89016924e-13,1.957127727e-13,8.766522097e-14,6.081484856e-14,3.066790077e-14,4.689602578e-14,1.217207934e-13,1.102081893e-13,1.621805314e-13,2.030630926e-13,1.892081523e-13,7.103838992e-14,1.853953389e-13,2.766168483e-13,3.280033085e-13,4.489417405e-14,1.506784109e-13,5.353991447e-14,4.143152019e-14,3.597882858e-14,5.736840349e-14,4.30009048e-14,3.692138907e-14,1.268923707e-13,8.465684132e-14,4.419559563e-13,4.301382501e-14,2.443115019e-13,2.77589502e-14
139.015625,1.188389048e-13,1.89624658e-13,3.090927537e-13,3.854137128e-13,1.95281161e-13,8.642060248e-14,6.095079592e-14,3.118192793e-14,4.635386101e-14,1.237416498e-13,1.085399403e-13,1.610015124e-13,2.008505065e-13,1.85723917e-13,7.006141223e-14,1.841285414e-13,2.72264856e-13,3.277332752e-13,4.404657789e-14,1.498771035e-13,5.294774257e-14,4.054300421e-14,3.582006479e-14,5.801329011e-14,4.281239194e-14,3.676811233e-14,1.245692079e-13,8.451348121e-14,4.399064246e-13,4.371294128e-14,2.410768972e-13,2.739689655e-14
139.0234375,1.175838665e-13,1.884641818e-13,3.050641288e-13,3.819018817e-13,1.947196257e-13,8.517750544e-14,6.113931056e-14,3.17407664e-14,4.579417295e-14,1.258302111e-13,1.067964654e-13,1.598414098e-13,1.98475079e-13,1.821383565e-13,6.913404119e-14,1.829101724e-13,2.680075593e-13,3.274192729e-13,4.323172202e-14,1.491449578e-13,5.235515898e-14,3.963470686e-14,3.569487345e-14,5.858118175e-14,4.265785131e-14,3.665062522e-14,1.22199668e-13,8.437639225e-14,4.377345517e-13,4.444051914e-14,2.378540526e-13,2.70844599e-14
139.03125,1.163569046e-13,1.871969486e-13,3.012332842e-13,3.786748233e-13,1.940894504e-13,8.403012642e-14,6.138990118e-14,3.231971715e-14,4.527665855e-14,1.279005083e-13,1.050011761e-13,1.587753252e-13,1.961999382e-13,1.786588835e-13,6.829968476e-14,1.817549193e-13,2.639610792e-13,3.271429542e-13,4.247947161e-14,1.484517505e-13,5.176023065e-14,3.874620541e-14,3.558997355e-14,5.907581306e-14,4.253898394e-14,3.657659e-14,1.198766523e-13,8.428471343e-14,4.356773268e-13,4.516731176e-14,2.347669038e-13,2.679370775e-14
139.0390625,1.153555159e-13,1.863335916e-13,2.97640666e-13,3.754371402e-13,1.934515543e-13,8.297350187e-14,6.168630171e-14,3.287838045e-14,4.480573549e-14,1.29918386e-13,1.033060188e-13,1.578349816e-13,1.941212012e-13,1.753637934e-13,6.758585676e-14,1.807897047e-13,2.602395666e-13,3.270327533e-13,4.176447091e-14,1.47759431e-13,5.117092137e-14,3.789244225e-14,3.549993115e-14,5.962020356e-14,4.246485369e-14,3.654454292e-14,1.176421545e-13,8.421705827e-14,4.33960963e-13,4.587201153e-14,2.319928439e-13,2.65086462e-14
139.046875,1.14433312e-13,1.857687683e-13,2.943834652e-13,3.720765073e-13,1.928836077e-13,8.190902819e-14,6.201098757e-14,3.341342697e-14,4.434754351e-14,1.319241955e-13,1.017174568e-13,1.569948998e-13,1.920977339e-13,1.721505467e-13,6.691897852e-14,1.80007484e-13,2.567162985e-13,3.270298379e-13,4.109595316e-14,1.470553075e-13,5.056686297e-14,3.706506125e-14,3.544233654e-14,6.024795255e-14,4.244037823e-14,3.655923387e-14,1.154871021e-13,8.412557176e-14,4.325012435e-13,4.657591879e-14,2.295086963e-13,2.624880049e-14
139.0546875,1.13347142e-13,1.847646414e-13,2.914290617e-13,3.688716411e-13,1.923985272e-13,8.079385109e-14,6.235061919e-14,3.398069444e-14,4.390012721e-14,1.33988563e-13,1.000356637e-13,1.562319119e-13,1.900385649e-13,1.689212252e-13,6.629517528e-14,1.79296793e-13,2.531403983e-13,3.269527381e-13,4.047540369e-14,1.463797311e-13,4.996813307e-14,3.624337029e-14,3.540852424e-14,6.087948457e-14,4.244609341e-14,3.663929385e-14,1.133592176e-13,8.398754961e-14,4.310414179e-13,4.731962971e-14,2.27123795e-13,2.602863363e-14
139.0625,1.12284628e-13,1.83404744e-13,2.887701785e-13,3.657121673e-13,1.919460806e-13,7.974213986e-14,6.273555658e-14,3.462226317e-14,4.345535118e-14,1.360944051e-13,9.82522876e-14,1.555377428e-13,1.879566886e-13,1.656942653e-13,6.581246604e-14,1.786408349e-13,2.495722482e-13,3.268510827e-13,3.987841402e-14,1.457043964e-13,4.940400584e-14,3.539687726e-14,3.538986141e-14,6.14559343e-14,4.247790551e-14,3.675413522e-14,1.111615071e-13,8.385226031e-14,4.295099535e-13,4.810040557e-14,2.247601013e-13,2.582758435e-14
139.0703125,1.114823291e-13,1.822957708e-13,2.864193213e-13,3.622202365e-13,1.91398703e-13,7.879761122e-14,6.318873918e-14,3.529481981e-14,4.298049183e-14,1.381512392e-13,9.653239856e-14,1.548947286e-13,1.858595127e-13,1.62515933e-13,6.54562958e-14,1.781267239e-13,2.463240993e-13,3.269106863e-13,3.930631489e-14,1.449673784e-13,4.884329639e-14,3.453061745e-14,3.540944918e-14,6.194314413e-14,4.256576969e-14,3.688882135e-14,1.089331898e-13,8.372299479e-14,4.280230351e-13,4.887251739e-14,2.224920236e-13,2.563290747e-14
139.078125,1.108511021e-13,1.812856554e-13,2.842503783e-13,3.586110867e-13,1.9063645e-13,7.785233404e-14,6.366099958e-14,3.594327045e-14,4.248952401e-14,1.401916951e-13,9.487474647e-14,1.542998964e-13,1.838158617e-13,1.59426307e-13,6.517212786e-14,1.77854328e-13,2.43584193e-13,3.271771582e-13,3.876588404e-14,1.442806005e-13,4.827092707e-14,3.367673813e-14,3.546815831e-14,6.236660809e-14,4.273138673e-14,3.707995936e-14,1.068221809e-13,8.354536109e-14,4.267162724e-13,4.96176966e-14,2.204139842e-13,2.546572355e-14
139.0859375,1.103070582e-13,1.802313321e-13,2.82182193e-13,3.552848035e-13,1.898441471e-13,7.692935177e-14,6.412035225e-14,3.658505835e-14,4.203531017e-14,1.422634554e-13,9.322665462e-14,1.538048564e-13,1.819514513e-13,1.565366109e-13,6.500955055e-14,1.778136932e-13,2.412810583e-13,3.276449475e-13,3.829216518e-14,1.43749666e-13,4.771318395e-14,3.28520961e-14,3.554508145e-14,6.281857412e-14,4.296852837e-14,3.73112444e-14,1.048310005e-13,8.337140604e-14,4.257434585e-13,5.035375334e-14,2.186203632e-13,2.532751418e-14
139.09375,1.098291964e-13,1.795481241e-13,2.802119485e-13,3.521410877e-13,1.891740314e-13,7.613737986e-14,6.459726921e-14,3.725946992e-14,4.16173156e-14,1.442441819e-13,9.160130792e-14,1.534105345e-13,1.802388149e-13,1.538495195e-13,6.49614075e-14,1.778225603e-13,2.391306769e-13,3.282066931e-13,3.791707693e-14,1.432180598e-13,4.717122513e-14,3.20590115e-14,3.562957646e-14,6.329028646e-14,4.324681708e-14,3.754475716e-14,1.028920869e-13,8.327820939e-14,4.250818922e-13,5.108585342e-14,2.170920271e-13,2.519636909e-14
139.1015625,1.093428331e-13,1.790534796e-13,2.782504873e-13,3.491051658e-13,1.883520268e-13,7.543046453e-14,6.511955354e-14,3.797228713e-14,4.119264785e-14,1.461090192e-13,8.994361163e-14,1.530098775e-13,1.785289848e-13,1.511670864e-13,6.499364627e-14,1.778026246e-13,2.369781349e-13,3.286863194e-13,3.756803763e-14,1.425582686e-13,4.665195286e-14,3.127454402e-14,3.571224184e-14,6.369162606e-14,4.354702682e-14,3.780161039e-14,1.010297369e-13,8.32495324e-14,4.244474363e-13,5.181406716e-14,2.15661658e-13,2.507993652e-14
139.109375,1.088575779e-13,1.781729893e-13,2.763981362e-13,3.462362456e-13,1.873173615e-13,7.475553465e-14,6.570001915e-14,3.870189094e-14,4.076761415e-14,1.480239716e-13,8.825956659e-14,1.526081719e-13,1.768054789e-13,1.484307596e-13,6.520368627e-14,1.779682183e-13,2.35050274e-13,3.292097835e-13,3.720758408e-14,1.419261788e-13,4.61739471e-14,3.047311553e-14,3.580983093e-14,6.40457669e-14,4.389725957e-14,3.81081316e-14,9.923466572e-14,8.328824327e-14,4.237717027e-13,5.256245038e-14,2.142907428e-13,2.499091279e-14
139.1171875,1.084223589e-13,1.770986869e-13,2.749619127e-13,3.431990767e-13,1.863964776e-13,7.413067895e-14,6.632043667e-14,3.942275683e-14,4.038206339e-14,1.500091356e-13,8.666653116e-14,1.523586281e-13,1.751545431e-13,1.45798795e-13,6.560543811e-14,1.784287543e-13,2.335144814e-13,3.299783807e-13,3.69296527e-14,1.414500499e-13,4.570715451e-14,2.968566714e-14,3.595002771e-14,6.443029292e-14,4.431159778e-14,3.847713655e-14,9.74543406e-14,8.336747856e-14,4.232889532e-13,5.334943845e-14,2.130737623e-13,2.491789122e-14
139.125,1.080889566e-13,1.76252297e-13,2.73847678e-13,3.39816766e-13,1.855726454e-13,7.351702804e-14,6.694205918e-14,4.015263723e-14,4.003399089e-14,1.519394882e-13,8.515565769e-14,1.522445724e-13,1.735854114e-13,1.433681904e-13,6.60626444e-14,1.790034853e-13,2.321863628e-13,3.308684226e-13,3.673086871e-14,1.409800756e-13,4.52337042e-14,2.895017515e-14,3.611011912e-14,6.483826274e-14,4.475963348e-14,3.889973549e-14,9.56990876e-14,8.33391531e-14,4.230189595e-13,5.413849664e-14,2.119821634e-13,2.486254452e-14
139.1328125,1.079378399e-13,1.755476069e-13,2.726918256e-13,3.364531587e-13,1.846353703e-13,7.293458171e-14,6.759109363e-14,4.093384808e-14,3.970380503e-14,1.537795911e-13,8.365728427e-14,1.521034901e-13,1.720529308e-13,1.411282099e-13,6.658238998e-14,1.796589644e-13,2.309741445e-13,3.317993559e-13,3.650805781e-14,1.403549559e-13,4.478620577e-14,2.824659571e-14,3.627631078e-14,6.522501981e-14,4.524817003e-14,3.93181991e-14,9.394702328e-14,8.314704161e-14,4.22818251e-13,5.486786029e-14,2.109875288e-13,2.483364073e-14
139.140625,1.07863507e-13,1.747754165e-13,2.716018034e-13,3.331791468e-13,1.83667935e-13,7.247703413e-14,6.830087505e-14,4.174296241e-14,3.939862146e-14,1.555646996e-13,8.217236671e-14,1.519703381e-13,1.705196164e-13,1.389977482e-13,6.726028584e-14,1.805114753e-13,2.300191502e-13,3.328778414e-13,3.630697239e-14,1.397064233e-13,4.435839817e-14,2.755109054e-14,3.648708626e-14,6.555081404e-14,4.580295992e-14,3.972896173e-14,9.215043849e-14,8.292042323e-14,4.226966075e-13,5.555317668e-14,2.101642547e-13,2.48238186e-14
139.1484375,1.077053231e-13,1.738185429e-13,2.708921075e-13,3.298333472e-13,1.827290792e-13,7.210948104e-14,6.901793029e-14,4.252403918e-14,3.911811325e-14,1.573332812e-13,8.064754556e-14,1.519851881e-13,1.689697618e-13,1.368450089e-13,6.806097666e-14,1.814407111e-13,2.293074914e-13,3.340525665e-13,3.622831949e-14,1.392645105e-13,4.392519451e-14,2.686521431e-14,3.67389681e-14,6.579825957e-14,4.638640401e-14,4.02075747e-14,9.036210509e-14,8.277322968e-14,4.226029541e-13,5.627633639e-14,2.094770999e-13,2.483623885e-14
139.15625,1.075765945e-13,1.726427432e-13,2.704239698e-13,3.267226491e-13,1.817209003e-13,7.175043555e-14,6.970954287e-14,4.329467e-14,3.883930951e-14,1.590599665e-13,7.908309059e-14,1.52088475e-13,1.674413655e-13,1.346370472e-13,6.895929988e-14,1.823477637e-13,2.286895534e-13,3.352335747e-13,3.622262498e-14,1.389948189e-13,4.351175423e-14,2.618315199e-14,3.699071246e-14,6.602730068e-14,4.695768099e-14,4.076658875e-14,8.863687847e-14,8.270474013e-14,4.224290636e-13,5.705099059e-14,2.088422013e-13,2.487692113e-14
139.1640625,1.076010922e-13,1.714430524e-13,2.699230562e-13,3.240066242e-13,1.806242945e-13,7.141484736e-14,7.040951776e-14,4.410230713e-14,3.855095874e-14,1.606508571e-13,7.762277822e-14,1.521352707e-13,1.659770959e-13,1.324312964e-13,7.000659286e-14,1.833838306e-13,2.281887914e-13,3.364290316e-13,3.621211748e-14,1.387465278e-13,4.31251655e-14,2.550787833e-14,3.724657043e-14,6.630125174e-14,4.753570141e-14,4.136504422e-14,8.697351245e-14,8.266592949e-14,4.222960221e-13,5.782902108e-14,2.082863044e-13,2.493042338e-14
139.171875,1.076951848e-13,1.704313123e-13,2.694345702e-13,3.212877745e-13,1.794482355e-13,7.113257422e-14,7.112294774e-14,4.492732677e-14,3.826750825e-14,1.621266752e-13,7.626144635e-14,1.521468115e-13,1.64573881e-13,1.302687387e-13,7.11640984e-14,1.845292957e-13,2.279287306e-13,3.375925774e-13,3.62313113e-14,1.385598237e-13,4.274241328e-14,2.485940862e-14,3.751269041e-14,6.656771232e-14,4.814900214e-14,4.199629293e-14,8.540565532e-14,8.265036189e-14,4.223443608e-13,5.860742605e-14,2.078248001e-13,2.498733684e-14
139.1796875,1.078191449e-13,1.695831209e-13,2.691116839e-13,3.184604478e-13,1.782155822e-13,7.093773876e-14,7.184797051e-14,4.573584124e-14,3.802505218e-14,1.635627828e-13,7.486487914e-14,1.522675634e-13,1.632183707e-13,1.282147052e-13,7.234416444e-14,1.85608941e-13,2.279181209e-13,3.387666252e-13,3.633546917e-14,1.384867386e-13,4.238353721e-14,2.424042466e-14,3.776429929e-14,6.675416962e-14,4.88040253e-14,4.264564914e-14,8.3914094e-14,8.267587381e-14,4.225660876e-13,5.939521024e-14,2.074844714e-13,2.505281457e-14
139.1875,1.080508165e-13,1.687860311e-13,2.690283441e-13,3.157817081e-13,1.770192302e-13,7.087854955e-14,7.260539601e-14,4.657069894e-14,3.784917524e-14,1.649091731e-13,7.347705872e-14,1.525753101e-13,1.618929467e-13,1.263259829e-13,7.355644253e-14,1.867058816e-13,2.281026762e-13,3.401113013e-13,3.650983713e-14,1.384367394e-13,4.205381346e-14,2.364226583e-14,3.80017672e-14,6.690590844e-14,4.949358123e-14,4.329993139e-14,8.240532424e-14,8.268192834e-14,4.230255712e-13,6.017575148e-14,2.073715061e-13,2.512844475e-14
139.1953125,1.084199633e-13,1.679767621e-13,2.691679513e-13,3.132036161e-13,1.758928605e-13,7.09155846e-14,7.337757258e-14,4.747387268e-14,3.770998436e-14,1.661768409e-13,7.21834267e-14,1.529947705e-13,1.60608847e-13,1.245587117e-13,7.485547733e-14,1.879498887e-13,2.284627701e-13,3.416254229e-13,3.671234971e-14,1.384184786e-13,4.169911994e-14,2.306723402e-14,3.824802902e-14,6.707710965e-14,5.021213094e-14,4.399637955e-14,8.089957117e-14,8.263268475e-14,4.237602101e-13,6.095928925e-14,2.074560889e-13,2.521896842e-14
139.203125,1.088349299e-13,1.671111017e-13,2.693882151e-13,3.105909731e-13,1.747418084e-13,7.09466773e-14,7.413162608e-14,4.838478793e-14,3.755926165e-14,1.674597941e-13,7.093190022e-14,1.534020431e-13,1.594311955e-13,1.228216918e-13,7.624608075e-14,1.892532935e-13,2.289910418e-13,3.432013781e-13,3.692625689e-14,1.385551381e-13,4.132863148e-14,2.251333592e-14,3.8515465e-14,6.721520911e-14,5.097084712e-14,4.475203916e-14,7.945583876e-14,8.261914913e-14,4.246160194e-13,6.174728955e-14,2.075979352e-13,2.532738487e-14
139.2109375,1.092379282e-13,1.661533085e-13,2.696537387e-13,3.0803662e-13,1.734616569e-13,7.097235167e-14,7.48765207e-14,4.924874903e-14,3.739871371e-14,1.686735331e-13,6.971252026e-14,1.537905619e-13,1.583490241e-13,1.211003636e-13,7.773027705e-14,1.905500208e-13,2.297232987e-13,3.447997355e-13,3.716133256e-14,1.388312873e-13,4.103133804e-14,2.197139821e-14,3.880269909e-14,6.729396552e-14,5.176985857e-14,4.553758951e-14,7.800750541e-14,8.263535842e-14,4.255203102e-13,6.250065436e-14,2.078294044e-13,2.544352781e-14
139.21875,1.097429774e-13,1.651648898e-13,2.701350788e-13,3.055335359e-13,1.720983483e-13,7.112100494e-14,7.564691345e-14,5.01148905e-14,3.725539743e-14,1.696916547e-13,6.857716346e-14,1.542381146e-13,1.572631265e-13,1.194929085e-13,7.936381594e-14,1.919040276e-13,2.307348855e-13,3.464139154e-13,3.744597484e-14,1.391237292e-13,4.080973746e-14,2.144693804e-14,3.909329174e-14,6.737261527e-14,5.259191949e-14,4.635447113e-14,7.653103454e-14,8.254788069e-14,4.265874074e-13,6.321965758e-14,2.082485164e-13,2.556082739e-14
139.2265625,1.103562941e-13,1.643098868e-13,2.708678309e-13,3.02974338e-13,1.707694278e-13,7.14349542e-14,7.646220882e-14,5.101666242e-14,3.713255414e-14,1.705630092e-13,6.750784665e-14,1.54762873e-13,1.561628876e-13,1.180448216e-13,8.118704127e-14,1.93409091e-13,2.320036541e-13,3.480602523e-13,3.78081387e-14,1.394368809e-13,4.05683955e-14,2.094928365e-14,3.938456926e-14,6.744196517e-14,5.344130199e-14,4.72301898e-14,7.511530806e-14,8.239635071e-14,4.278711999e-13,6.393613897e-14,2.087981134e-13,2.568618156e-14
139.234375,1.108884285e-13,1.635722782e-13,2.717382798e-13,3.004725912e-13,1.694479367e-13,7.178204509e-14,7.729102736e-14,5.193042402e-14,3.702231451e-14,1.713771586e-13,6.647918488e-14,1.553418905e-13,1.550927003e-13,1.166558418e-13,8.317607448e-14,1.950810273e-13,2.334179997e-13,3.497191767e-13,3.825268368e-14,1.399492711e-13,4.029307567e-14,2.04681789e-14,3.969444084e-14,6.744343712e-14,5.432105771e-14,4.815589454e-14,7.377761349e-14,8.233352027e-14,4.293126981e-13,6.464900204e-14,2.093895952e-13,2.583204894e-14
139.2421875,1.113775367e-13,1.627134301e-13,2.727247294e-13,2.981976341e-13,1.681001755e-13,7.21218858e-14,7.809692443e-14,5.286977514e-14,3.692724503e-14,1.72171771e-13,6.548766819e-14,1.559700098e-13,1.540353021e-13,1.153034947e-13,8.529078077e-14,1.967363496e-13,2.349140538e-13,3.513272949e-13,3.876731985e-14,1.407671431e-13,4.006934403e-14,2.000003917e-14,4.001348565e-14,6.742112863e-14,5.521033455e-14,4.910736708e-14,7.249495794e-14,8.233399312e-14,4.308985778e-13,6.535869952e-14,2.100036932e-13,2.600657248e-14
139.25,1.120151323e-13,1.617419648e-13,2.737621605e-13,2.9604033e-13,1.66792025e-13,7.25612155e-14,7.890488526e-14,5.384375265e-14,3.685720001e-14,1.729110266e-13,6.452554225e-14,1.566147905e-13,1.530075143e-13,1.140897775e-13,8.748146307e-14,1.98227978e-13,2.364885265e-13,3.529427492e-13,3.932500754e-14,1.417248769e-13,3.992643772e-14,1.956757621e-14,4.032132387e-14,6.745049367e-14,5.611084666e-14,5.008988129e-14,7.129176002e-14,8.227702687e-14,4.32715718e-13,6.606759626e-14,2.106652769e-13,2.620303502e-14
139.2578125,1.127527328e-13,1.609250085e-13,2.747513964e-13,2.93816599e-13,1.654407984e-13,7.306725912e-14,7.972542014e-14,5.481524804e-14,3.681335541e-14,1.734843425e-13,6.365006128e-14,1.572460294e-13,1.520652408e-13,1.13014827e-13,8.973602801e-14,1.997375139e-13,2.3819829e-13,3.5464901e-13,3.990353668e-14,1.426495811e-13,3.982278469e-14,1.917612833e-14,4.063338626e-14,6.750595096e-14,5.70410284e-14,5.110131675e-14,7.012894339e-14,8.216540217e-14,4.34788805e-13,6.674175112e-14,2.114797987e-13,2.640338667e-14
139.265625,1.134760749e-13,1.602783341e-13,2.757920483e-13,2.916757612e-13,1.639415783e-13,7.355554978e-14,8.052054013e-14,5.578087461e-14,3.677407911e-14,1.738843886e-13,6.291270317e-14,1.578969373e-13,1.511845998e-13,1.120101711e-13,9.215263415e-14,2.014736043e-13,2.401489148e-13,3.563910134e-13,4.051741707e-14,1.436609655e-13,3.974913109e-14,1.879932212e-14,4.097092542e-14,6.751753606e-14,5.799865332e-14,5.211519191e-14,6.895144161e-14,8.209155673e-14,4.369531544e-13,6.737074347e-14,2.124788186e-13,2.659616351e-14
139.2734375,1.142004507e-13,1.596381961e-13,2.769944004e-13,2.898312817e-13,1.624328201e-13,7.412490747e-14,8.130792851e-14,5.675883901e-14,3.672124745e-14,1.742035101e-13,6.225592834e-14,1.585836559e-13,1.503515273e-13,1.110776225e-13,9.47729322e-14,2.033594931e-13,2.423632471e-13,3.581827561e-13,4.11737632e-14,1.448764037e-13,3.971608317e-14,1.843212395e-14,4.132927866e-14,6.747944292e-14,5.898107337e-14,5.315117481e-14,6.782034848e-14,8.20684386e-14,4.391354286e-13,6.799745406e-14,2.134929435e-13,2.679642994e-14
139.28125,1.149997539e-13,1.590162199e-13,2.783116352e-13,2.880899265e-13,1.610163643e-13,7.484683396e-14,8.212513393e-14,5.775361235e-14,3.667725712e-14,1.74437199e-13,6.16440595e-14,1.592801884e-13,1.496254669e-13,1.102599912e-13,9.748834199e-14,2.052299801e-13,2.447665372e-13,3.601319672e-13,4.18630242e-14,1.461408414e-13,3.970349584e-14,1.810094841e-14,4.168622156e-14,6.744962947e-14,5.998725694e-14,5.426042652e-14,6.678748797e-14,8.201462345e-14,4.41565182e-13,6.865251341e-14,2.144767967e-13,2.703670949e-14
139.2890625,1.159551998e-13,1.584114978e-13,2.796990044e-13,2.863187185e-13,1.596086022e-13,7.565293336e-14,8.293460948e-14,5.877439839e-14,3.666907112e-14,1.74559312e-13,6.110545536e-14,1.600037819e-13,1.489707412e-13,1.095922428e-13,1.002783523e-13,2.07040116e-13,2.47301356e-13,3.621476421e-13,4.262642799e-14,1.473662677e-13,3.970028647e-14,1.781013685e-14,4.202062033e-14,6.744872417e-14,6.100493729e-14,5.542937711e-14,6.581872105e-14,8.196214335e-14,4.443471683e-13,6.933397093e-14,2.155985481e-13,2.731081939e-14
139.296875,1.169614186e-13,1.57719885e-13,2.811435638e-13,2.848638382e-13,1.581510517e-13,7.653219204e-14,8.371601219e-14,5.977657725e-14,3.667685551e-14,1.746098302e-13,6.061876541e-14,1.607734104e-13,1.482703596e-13,1.090163267e-13,1.032057091e-13,2.088122082e-13,2.499191731e-13,3.640111022e-13,4.348919314e-14,1.48718645e-13,3.972030883e-14,1.753087688e-14,4.234525448e-14,6.741581828e-14,6.202590627e-14,5.661396159e-14,6.490091579e-14,8.206229207e-14,4.472198704e-13,7.001828726e-14,2.168325904e-13,2.757408553e-14
139.3046875,1.178400639e-13,1.570571071e-13,2.827365469e-13,2.837984091e-13,1.566345511e-13,7.749706096e-14,8.451349951e-14,6.071063771e-14,3.667930769e-14,1.745616889e-13,6.017523002e-14,1.615727161e-13,1.47545431e-13,1.08453362e-13,1.061993276e-13,2.105133834e-13,2.525712596e-13,3.656953491e-13,4.439626866e-14,1.502898694e-13,3.975401596e-14,1.725346504e-14,4.26914417e-14,6.730768129e-14,6.303457699e-14,5.782342611e-14,6.402864962e-14,8.227016678e-14,4.500729041e-13,7.067406912e-14,2.180607975e-13,2.783027291e-14
139.3125,1.187351232e-13,1.566326809e-13,2.846341246e-13,2.826861338e-13,1.551331772e-13,7.848339115e-14,8.532646774e-14,6.166106108e-14,3.670653434e-14,1.743391152e-13,5.981500316e-14,1.624257307e-13,1.469074919e-13,1.080143317e-13,1.092158017e-13,2.121256484e-13,2.552981792e-13,3.673790945e-13,4.533092554e-14,1.51985799e-13,3.97765169e-14,1.700719982e-14,4.305876215e-14,6.71457719e-14,6.40208385e-14,5.908691268e-14,6.319153519e-14,8.238684971e-14,4.531535019e-13,7.13104989e-14,2.194236739e-13,2.812560899e-14
139.3203125,1.198034996e-13,1.563411313e-13,2.866088301e-13,2.814934742e-13,1.537836151e-13,7.945314905e-14,8.611185389e-14,6.26970501e-14,3.677698912e-14,1.739484014e-13,5.952071705e-14,1.63319576e-13,1.46363154e-13,1.077926636e-13,1.123332426e-13,2.137770474e-13,2.581673325e-13,3.691694718e-13,4.631988692e-14,1.537099154e-13,3.981468006e-14,1.681179564e-14,4.34358053e-14,6.696183793e-14,6.50197769e-14,6.039394695e-14,6.243973925e-14,8.243089152e-14,4.565781619e-13,7.194478546e-14,2.209478784e-13,2.845455315e-14
139.328125,1.208363248e-13,1.559954445e-13,2.882698347e-13,2.805689223e-13,1.524840367e-13,8.043525817e-14,8.687698581e-14,6.371631375e-14,3.684571396e-14,1.734440948e-13,5.927980827e-14,1.641427636e-13,1.458512107e-13,1.076231817e-13,1.155007895e-13,2.154728173e-13,2.610880364e-13,3.709088144e-13,4.733336849e-14,1.553865473e-13,3.992773115e-14,1.664723687e-14,4.382006267e-14,6.678369286e-14,6.604896144e-14,6.169820229e-14,6.177513564e-14,8.253946478e-14,4.601880724e-13,7.253560072e-14,2.22365203e-13,2.877810604e-14
139.3359375,1.217194937e-13,1.556532921e-13,2.898503786e-13,2.798632792e-13,1.509677445e-13,8.148685786e-14,8.765300149e-14,6.465301683e-14,3.688159104e-14,1.728425663e-13,5.912686022e-14,1.648939507e-13,1.453171395e-13,1.073860501e-13,1.186496487e-13,2.169890744e-13,2.639211121e-13,3.724365835e-13,4.836938276e-14,1.570003668e-13,4.009244191e-14,1.648402475e-14,4.419091366e-14,6.660398166e-14,6.706356037e-14,6.29820654e-14,6.108996874e-14,8.268860436e-14,4.638763792e-13,7.307492992e-14,2.236788459e-13,2.909422264e-14
139.34375,1.22642263e-13,1.553431415e-13,2.918207848e-13,2.791833518e-13,1.492465675e-13,8.265825182e-14,8.843554211e-14,6.558725839e-14,3.692025726e-14,1.721162234e-13,5.901536324e-14,1.657130856e-13,1.447028434e-13,1.071634025e-13,1.219395281e-13,2.183869084e-13,2.667924103e-13,3.739168697e-13,4.949734017e-14,1.587198236e-13,4.023133661e-14,1.631544822e-14,4.454914734e-14,6.637409277e-14,6.805714343e-14,6.430179409e-14,6.033803129e-14,8.28604487e-14,4.67641687e-13,7.364275297e-14,2.251429986e-13,2.942145199e-14
139.3515625,1.236244613e-13,1.550061201e-13,2.940508595e-13,2.786231885e-13,1.475563365e-13,8.393540726e-14,8.922146367e-14,6.655509162e-14,3.699999177e-14,1.712426187e-13,5.889990884e-14,1.666257162e-13,1.440380197e-13,1.069943671e-13,1.25474399e-13,2.199583563e-13,2.699185528e-13,3.755090812e-13,5.072297621e-14,1.60719875e-13,4.037751651e-14,1.616442454e-14,4.494125692e-14,6.611065363e-14,6.907546294e-14,6.569853484e-14,5.956662609e-14,8.314402306e-14,4.714717674e-13,7.426998609e-14,2.267190661e-13,2.977548307e-14
139.359375,1.245054103e-13,1.547515187e-13,2.962159557e-13,2.782834058e-13,1.459428815e-13,8.526555311e-14,9.003467748e-14,6.751395693e-14,3.711291053e-14,1.70235622e-13,5.884994124e-14,1.675375859e-13,1.434195197e-13,1.06846894e-13,1.291208925e-13,2.216249162e-13,2.731421804e-13,3.770233501e-13,5.197571042e-14,1.629184714e-13,4.061353539e-14,1.605581749e-14,4.536303036e-14,6.587693605e-14,7.009751566e-14,6.712880007e-14,5.880840613e-14,8.352260061e-14,4.754049783e-13,7.491089758e-14,2.282507713e-13,3.016791123e-14
139.3671875,1.253755178e-13,1.545904671e-13,2.983543404e-13,2.782459758e-13,1.44258123e-13,8.661821065e-14,9.0874255e-14,6.846268925e-14,3.72279135e-14,1.691315396e-13,5.887632698e-14,1.684116142e-13,1.428214989e-13,1.067277404e-13,1.328148154e-13,2.231892304e-13,2.76168263e-13,3.783263228e-13,5.322779867e-14,1.651152803e-13,4.088900175e-14,1.59730571e-14,4.575080934e-14,6.565469711e-14,7.106958784e-14,6.855386605e-14,5.809253885e-14,8.393115669e-14,4.794915914e-13,7.554628376e-14,2.297841999e-13,3.058497641e-14
139.375,1.264259832e-13,1.543411318e-13,3.005568423e-13,2.786246588e-13,1.424938192e-13,8.79872388e-14,9.17060018e-14,6.941354729e-14,3.732588103e-14,1.679725693e-13,5.891884726e-14,1.692630038e-13,1.421818453e-13,1.066635278e-13,1.366474837e-13,2.247636584e-13,2.791060771e-13,3.79601984e-13,5.452872798e-14,1.673018263e-13,4.112336501e-14,1.588709226e-14,4.610908418e-14,6.54042692e-14,7.202560183e-14,6.99887656e-14,5.743162291e-14,8.443487592e-14,4.836556538e-13,7.616634915e-14,2.313259521e-13,3.100432545e-14
139.3828125,1.275133025e-13,1.540766895e-13,3.028116671e-13,2.792390325e-13,1.407931843e-13,8.939045849e-14,9.251748294e-14,7.034720304e-14,3.741988064e-14,1.667673792e-13,5.902928391e-14,1.701274029e-13,1.415649865e-13,1.066678821e-13,1.406656298e-13,2.264623122e-13,2.822283156e-13,3.809782624e-13,5.592487239e-14,1.696425175e-13,4.134611001e-14,1.581281725e-14,4.649541445e-14,6.515347343e-14,7.301107709e-14,7.146262803e-14,5.679157304e-14,8.50662156e-14,4.878150674e-13,7.676681069e-14,2.327793402e-13,3.143055405e-14
139.390625,1.284478414e-13,1.539046045e-13,3.051781835e-13,2.798331957e-13,1.391609788e-13,9.08307733e-14,9.331709478e-14,7.127668797e-14,3.753399433e-14,1.654715184e-13,5.925556593e-14,1.710451623e-13,1.409850518e-13,1.067109932e-13,1.448116827e-13,2.282143238e-13,2.854714452e-13,3.823673461e-13,5.737791356e-14,1.721586038e-13,4.158881366e-14,1.577380142e-14,4.689485151e-14,6.492036736e-14,7.396919841e-14,7.299011579e-14,5.61661047e-14,8.57042394e-14,4.920486248e-13,7.738863054e-14,2.341467013e-13,3.187284362e-14
139.3984375,1.294043711e-13,1.536867046e-13,3.076504513e-13,2.805430353e-13,1.374950529e-13,9.228074568e-14,9.410045409e-14,7.222223901e-14,3.766447465e-14,1.640359052e-13,5.952183121e-14,1.719759519e-13,1.403617843e-13,1.067758228e-13,1.489503702e-13,2.298559969e-13,2.885852459e-13,3.836497124e-13,5.883237392e-14,1.746787614e-13,4.184351109e-14,1.576579536e-14,4.726268e-14,6.468375762e-14,7.484294597e-14,7.452341397e-14,5.557487583e-14,8.625504799e-14,4.964978959e-13,7.801277311e-14,2.354791968e-13,3.232111672e-14
139.40625,1.305340623e-13,1.536473923e-13,3.100948758e-13,2.815781046e-13,1.358025927e-13,9.37676382e-14,9.485900548e-14,7.312654075e-14,3.779646581e-14,1.624294648e-13,5.982271017e-14,1.728574626e-13,1.397360409e-13,1.069369404e-13,1.530307091e-13,2.312499879e-13,2.915638894e-13,3.847870291e-13,6.032217994e-14,1.772096092e-13,4.212568437e-14,1.578871338e-14,4.762393251e-14,6.444391013e-14,7.568313703e-14,7.601194278e-14,5.502487719e-14,8.677196433e-14,5.012526213e-13,7.855541895e-14,2.368199799e-13,3.276499608e-14
139.4140625,1.317190406e-13,1.541448976e-13,3.124896565e-13,2.829237298e-13,1.341194337e-13,9.534698888e-14,9.560095483e-14,7.395687935e-14,3.793279631e-14,1.606956325e-13,6.023733812e-14,1.737177517e-13,1.391806284e-13,1.072306666e-13,1.572415093e-13,2.325983565e-13,2.94696459e-13,3.85899772e-13,6.189445685e-14,1.79944397e-13,4.242945699e-14,1.584174696e-14,4.801441648e-14,6.421769757e-14,7.655132618e-14,7.75170147e-14,5.454197903e-14,8.738023118e-14,5.063244919e-13,7.903596136e-14,2.382184109e-13,3.320878422e-14
139.421875,1.329090955e-13,1.547455059e-13,3.149405493e-13,2.84608695e-13,1.324259282e-13,9.698330523e-14,9.636417258e-14,7.479636537e-14,3.807196792e-14,1.589655571e-13,6.071900691e-14,1.745815155e-13,1.386361129e-13,1.075747257e-13,1.616803662e-13,2.341921057e-13,2.981283752e-13,3.871145227e-13,6.351603946e-14,1.82813365e-13,4.273512336e-14,1.59047637e-14,4.842696139e-14,6.400129053e-14,7.742872284e-14,7.90797176e-14,5.409655436e-14,8.811519267e-14,5.115640552e-13,7.951778495e-14,2.396156872e-13,3.367018493e-14
139.4296875,1.34112908e-13,1.549729039e-13,3.174508583e-13,2.866474369e-13,1.307191637e-13,9.860590493e-14,9.717423302e-14,7.566576649e-14,3.819345334e-14,1.572123958e-13,6.117973123e-14,1.754074128e-13,1.380622766e-13,1.079143146e-13,1.661077455e-13,2.358182216e-13,3.015691497e-13,3.882734787e-13,6.513737502e-14,1.856065537e-13,4.306398277e-14,1.597264673e-14,4.885598342e-14,6.37784891e-14,7.82705412e-14,8.062221789e-14,5.358614042e-14,8.88502955e-14,5.167308722e-13,7.99644756e-14,2.408930013e-13,3.415865593e-14
139.4375,1.35326111e-13,1.552437742e-13,3.199102235e-13,2.888259651e-13,1.289947376e-13,1.002514647e-13,9.798028469e-14,7.646605843e-14,3.828558986e-14,1.552421221e-13,6.167008417e-14,1.761844296e-13,1.375010891e-13,1.082850719e-13,1.70426639e-13,2.371961658e-13,3.047775052e-13,3.891632428e-13,6.676145031e-14,1.884145287e-13,4.341837009e-14,1.606192838e-14,4.929068302e-14,6.355404757e-14,7.905690547e-14,8.212972317e-14,5.302684494e-14,8.950423532e-14,5.217836567e-13,8.034398931e-14,2.420492167e-13,3.465221142e-14
139.4453125,1.366821859e-13,1.558680254e-13,3.223544408e-13,2.910182966e-13,1.272738379e-13,1.020389983e-13,9.874193517e-14,7.720302873e-14,3.837009066e-14,1.530901638e-13,6.224196587e-14,1.769529181e-13,1.369648797e-13,1.087413712e-13,1.748750215e-13,2.385057582e-13,3.079695873e-13,3.898924125e-13,6.842485449e-14,1.913744951e-13,4.378201211e-14,1.618229697e-14,4.97098968e-14,6.335238566e-14,7.979704233e-14,8.366359676e-14,5.25376768e-14,9.018801741e-14,5.269641856e-13,8.069650585e-14,2.431549726e-13,3.513315125e-14
139.453125,1.381818065e-13,1.564830433e-13,3.250046794e-13,2.933817425e-13,1.256336485e-13,1.039865413e-13,9.951382717e-14,7.797583751e-14,3.84835102e-14,1.509349373e-13,6.283589398e-14,1.777689114e-13,1.364325638e-13,1.092850989e-13,1.794913436e-13,2.398654505e-13,3.113166904e-13,3.906295883e-13,7.014277608e-14,1.944293336e-13,4.417615995e-14,1.633304611e-14,5.013365764e-14,6.317986786e-14,8.051679791e-14,8.521742263e-14,5.212046921e-14,9.097800896e-14,5.325207547e-13,8.104574086e-14,2.442679369e-13,3.562207854e-14
139.4609375,1.39616046e-13,1.569481021e-13,3.278936492e-13,2.960262464e-13,1.240425485e-13,1.059615777e-13,1.003089988e-13,7.877372014e-14,3.862493971e-14,1.48703876e-13,6.343004267e-14,1.786649326e-13,1.358578336e-13,1.098324245e-13,1.840658448e-13,2.411053211e-13,3.1460867e-13,3.912609487e-13,7.189431713e-14,1.9762215e-13,4.460397679e-14,1.650220068e-14,5.05803649e-14,6.30242759e-14,8.12070439e-14,8.678698404e-14,5.169942485e-14,9.179629242e-14,5.384064842e-13,8.138368755e-14,2.454146748e-13,3.612677453e-14
139.46875,1.409796673e-13,1.574504982e-13,3.307520487e-13,2.988903979e-13,1.223455148e-13,1.078941647e-13,1.01063542e-13,7.953825694e-14,3.875559836e-14,1.46296949e-13,6.407957032e-14,1.795678487e-13,1.35216975e-13,1.103164499e-13,1.885931525e-13,2.422057762e-13,3.176990459e-13,3.916351456e-13,7.367401267e-14,2.009962043e-13,4.503915355e-14,1.667486864e-14,5.101314577e-14,6.287737263e-14,8.183558802e-14,8.839096055e-14,5.126602287e-14,9.262459245e-14,5.44352583e-13,8.168869081e-14,2.465340518e-13,3.662063486e-14
139.4765625,1.424006057e-13,1.58061643e-13,3.333960897e-13,3.01966063e-13,1.205154471e-13,1.098559313e-13,1.017971023e-13,8.026020873e-14,3.886600066e-14,1.438172239e-13,6.479257529e-14,1.803650413e-13,1.345997433e-13,1.107996504e-13,1.932075663e-13,2.432705054e-13,3.206875773e-13,3.918441537e-13,7.54874106e-14,2.043616182e-13,4.546719783e-14,1.68582147e-14,5.142151536e-14,6.273509084e-14,8.242672108e-14,8.997342383e-14,5.08301521e-14,9.354422375e-14,5.502700033e-13,8.194212328e-14,2.475825335e-13,3.710262671e-14
139.484375,1.439239899e-13,1.589208353e-13,3.358849496e-13,3.053388497e-13,1.187145972e-13,1.118919881e-13,1.02574871e-13,8.092378972e-14,3.898155515e-14,1.413062414e-13,6.554200611e-14,1.810695055e-13,1.3406017e-13,1.113743449e-13,1.979576765e-13,2.443370327e-13,3.236424099e-13,3.920405789e-13,7.731309208e-14,2.0766079e-13,4.585602925e-14,1.70702867e-14,5.184730907e-14,6.260875144e-14,8.302512893e-14,9.149913091e-14,5.038614247e-14,9.457151539e-14,5.563366977e-13,8.216696315e-14,2.486398439e-13,3.759435433e-14
139.4921875,1.455806654e-13,1.600671781e-13,3.383984216e-13,3.090414633e-13,1.170554657e-13,1.140112079e-13,1.033964929e-13,8.154995886e-14,3.910487231e-14,1.387555968e-13,6.633065174e-14,1.817654602e-13,1.334957781e-13,1.120175402e-13,2.028758816e-13,2.455030615e-13,3.265564532e-13,3.922099005e-13,7.914479961e-14,2.110873438e-13,4.620732442e-14,1.731086854e-14,5.229903691e-14,6.252075923e-14,8.361890727e-14,9.302378989e-14,4.996459622e-14,9.567320121e-14,5.62646646e-13,8.238058671e-14,2.497194693e-13,3.809359506e-14
139.5,1.47276389e-13,1.611868816e-13,3.411618408e-13,3.130026057e-13,1.154516562e-13,1.162012577e-13,1.042539659e-13,8.220031461e-14,3.921856063e-14,1.36267444e-13,6.715491878e-14,1.824712441e-13,1.328533715e-13,1.126186158e-13,2.078783766e-13,2.468106969e-13,3.294079976e-13,3.922877242e-13,8.098057564e-14,2.147067487e-13,4.660106475e-14,1.756416017e-14,5.275663383e-14,6.247130944e-14,8.418421653e-14,9.459005206e-14,4.958994677e-14,9.684269663e-14,5.691186603e-13,8.257050917e-14,2.507209273e-13,3.860225915e-14
139.5078125,1.489296338e-13,1.62209244e-13,3.44125082e-13,3.17145904e-13,1.137836126e-13,1.183269768e-13,1.05108184e-13,8.285534044e-14,3.931789584e-14,1.338360118e-13,6.79932315e-14,1.831662755e-13,1.321901615e-13,1.131196534e-13,2.127564856e-13,2.480904467e-13,3.321300697e-13,3.922888262e-13,8.279182662e-14,2.184091411e-13,4.705482135e-14,1.781773497e-14,5.322120628e-14,6.244205006e-14,8.471938389e-14,9.619966186e-14,4.922076431e-14,9.806101625e-14,5.756727536e-13,8.275118855e-14,2.516604827e-13,3.913651215e-14
139.515625,1.506809091e-13,1.634561812e-13,3.469456861e-13,3.215373949e-13,1.120702578e-13,1.203435257e-13,1.05886027e-13,8.346983422e-14,3.941206953e-14,1.313153245e-13,6.884403052e-14,1.838457547e-13,1.315201456e-13,1.135972561e-13,2.175640155e-13,2.49277666e-13,3.347205382e-13,3.921815103e-13,8.461712737e-14,2.220263295e-13,4.748827885e-14,1.807880107e-14,5.368497575e-14,6.241380496e-14,8.521397474e-14,9.781354056e-14,4.881880886e-14,9.930768906e-14,5.822729651e-13,8.291901478e-14,2.526574055e-13,3.968109892e-14
139.5234375,1.525347154e-13,1.649473465e-13,3.496989474e-13,3.262952042e-13,1.104167964e-13,1.224587937e-13,1.066505324e-13,8.407582649e-14,3.952212896e-14,1.286854075e-13,6.973677312e-14,1.845258061e-13,1.308742637e-13,1.141814527e-13,2.226028023e-13,2.505933683e-13,3.372908406e-13,3.919200089e-13,8.652835261e-14,2.254028605e-13,4.786449692e-14,1.836736955e-14,5.411842252e-14,6.238591822e-14,8.566862318e-14,9.937506871e-14,4.84234123e-14,1.006049108e-13,5.890366434e-13,8.303446738e-14,2.537445489e-13,4.02132727e-14
139.53125,1.543701405e-13,1.663769033e-13,3.52801405e-13,3.313408863e-13,1.089255467e-13,1.247436981e-13,1.075179865e-13,8.470055908e-14,3.964979541e-14,1.260355065e-13,7.070739056e-14,1.852280809e-13,1.303276265e-13,1.149042452e-13,2.279633139e-13,2.52185519e-13,3.398867132e-13,3.916310204e-13,8.847858825e-14,2.287060965e-13,4.820118294e-14,1.868164732e-14,5.452099762e-14,6.240132207e-14,8.611092454e-14,1.009447439e-13,4.80872136e-14,1.019693582e-13,5.961652417e-13,8.312036816e-14,2.548476295e-13,4.074860479e-14
139.5390625,1.562495985e-13,1.676330772e-13,3.561154689e-13,3.365679829e-13,1.075567811e-13,1.27020457e-13,1.084382589e-13,8.532100695e-14,3.975756376e-14,1.234161915e-13,7.172372359e-14,1.859246121e-13,1.298154996e-13,1.156534409e-13,2.334775074e-13,2.539092554e-13,3.424213821e-13,3.913521013e-13,9.03965557e-14,2.32320941e-13,4.851429764e-14,1.899661386e-14,5.494041228e-14,6.249021413e-14,8.654594411e-14,1.026228684e-13,4.778967168e-14,1.033976574e-13,6.035057467e-13,8.321871334e-14,2.55840513e-13,4.131130829e-14
139.546875,1.581295814e-13,1.688496113e-13,3.59222207e-13,3.421416642e-13,1.060936789e-13,1.292690991e-13,1.093351296e-13,8.591572175e-14,3.983819165e-14,1.208351911e-13,7.270290372e-14,1.865587244e-13,1.292110482e-13,1.163026039e-13,2.389616981e-13,2.555605878e-13,3.447954751e-13,3.907793063e-13,9.230382437e-14,2.362142931e-13,4.883602778e-14,1.931235914e-14,5.542092879e-14,6.262390415e-14,8.693127216e-14,1.043197185e-13,4.74726852e-14,1.04906794e-13,6.107177197e-13,8.329877628e-14,2.566606203e-13,4.190490447e-14
139.5546875,1.599572425e-13,1.702186997e-13,3.621526621e-13,3.481729059e-13,1.045054036e-13,1.316053445e-13,1.102454365e-13,8.647912899e-14,3.992881053e-14,1.182551435e-13,7.365438345e-14,1.871249872e-13,1.285561778e-13,1.168772768e-13,2.443239524e-13,2.570914826e-13,3.469931083e-13,3.897577203e-13,9.419936815e-14,2.400137504e-13,4.918095767e-14,1.966051337e-14,5.594890777e-14,6.278774418e-14,8.722963198e-14,1.058925147e-13,4.711678332e-14,1.064759901e-13,6.178904269e-13,8.33233165e-14,2.573897336e-13,4.251366971e-14
139.5625,1.619794399e-13,1.718436181e-13,3.650639655e-13,3.544666572e-13,1.03004554e-13,1.33991994e-13,1.111748002e-13,8.702850076e-14,4.001908264e-14,1.156448537e-13,7.465033048e-14,1.876559555e-13,1.279214685e-13,1.1746408e-13,2.496646985e-13,2.586072027e-13,3.490794836e-13,3.885436282e-13,9.604685424e-14,2.436767942e-13,4.952084303e-14,2.003859618e-14,5.64808873e-14,6.298659167e-14,8.746913648e-14,1.073879562e-13,4.674524548e-14,1.080397158e-13,6.252769461e-13,8.328491901e-14,2.580892434e-13,4.310900286e-14
139.5703125,1.641456063e-13,1.736863214e-13,3.680646308e-13,3.60954293e-13,1.015527466e-13,1.363421868e-13,1.120884581e-13,8.758905204e-14,4.00737422e-14,1.130540919e-13,7.567629059e-14,1.882069132e-13,1.272059512e-13,1.179976584e-13,2.551688439e-13,2.602350102e-13,3.510641601e-13,3.872122706e-13,9.787163603e-14,2.474454036e-13,4.985542811e-14,2.039297608e-14,5.700681506e-14,6.319241114e-14,8.76940439e-14,1.08902762e-13,4.638148219e-14,1.096228595e-13,6.328061026e-13,8.318474571e-14,2.587205383e-13,4.368438419e-14
139.578125,1.661263633e-13,1.756754878e-13,3.71384822e-13,3.677154032e-13,9.996607129e-14,1.386481874e-13,1.130185712e-13,8.815962233e-14,4.012456957e-14,1.105156638e-13,7.66841924e-14,1.888379113e-13,1.263365045e-13,1.184046116e-13,2.608124404e-13,2.619785875e-13,3.528726587e-13,3.855907129e-13,9.97054945e-14,2.513318862e-13,5.02077366e-14,2.070785609e-14,5.753993679e-14,6.341274254e-14,8.788712104e-14,1.10422346e-13,4.602546002e-14,1.113105312e-13,6.403867086e-13,8.306547869e-14,2.593181131e-13,4.426921275e-14
139.5859375,1.681278935e-13,1.776406524e-13,3.748881303e-13,3.746113448e-13,9.841615592e-14,1.409609649e-13,1.140123007e-13,8.87278804e-14,4.020930684e-14,1.079635063e-13,7.766272302e-14,1.894994492e-13,1.25454068e-13,1.188324601e-13,2.664744586e-13,2.637894715e-13,3.54537644e-13,3.838746461e-13,1.01547515e-13,2.551208807e-13,5.054428255e-14,2.104630588e-14,5.807907869e-14,6.369420316e-14,8.803710655e-14,1.119184116e-13,4.566768092e-14,1.130989507e-13,6.480335571e-13,8.29675167e-14,2.599454674e-13,4.488630636e-14
139.59375,1.703584467e-13,1.793409766e-13,3.781082534e-13,3.816726393e-13,9.713025825e-14,1.433657733e-13,1.150629861e-13,8.927830614e-14,4.029114641e-14,1.053517941e-13,7.858944867e-14,1.900669414e-13,1.246867634e-13,1.193898228e-13,2.721778855e-13,2.656772385e-13,3.561053408e-13,3.823475925e-13,1.03393673e-13,2.587223154e-13,5.081624667e-14,2.144785404e-14,5.862060064e-14,6.401599772e-14,8.817822517e-14,1.134011165e-13,4.530255616e-14,1.149279562e-13,6.556249128e-13,8.28542076e-14,2.604882818e-13,4.552465471e-14
139.6015625,1.723893021e-13,1.809037092e-13,3.810454072e-13,3.892137982e-13,9.59658591e-14,1.458069344e-13,1.161133426e-13,8.980128778e-14,4.03273426e-14,1.02732223e-13,7.950737608e-14,1.905366832e-13,1.239517634e-13,1.19911291e-13,2.779363124e-13,2.676028079e-13,3.574463109e-13,3.80759635e-13,1.052001631e-13,2.622620907e-13,5.104633108e-14,2.186137476e-14,5.917422459e-14,6.43442907e-14,8.829655569e-14,1.148751687e-13,4.49438794e-14,1.167214628e-13,6.631801263e-13,8.266911337e-14,2.608149494e-13,4.614999993e-14
139.609375,1.741419825e-13,1.826959037e-13,3.840449901e-13,3.970619629e-13,9.473675428e-14,1.481617401e-13,1.171253846e-13,9.031753875e-14,4.034327606e-14,1.001542114e-13,8.053164493e-14,1.91014164e-13,1.231538439e-13,1.203227783e-13,2.836909665e-13,2.695212041e-13,3.586010116e-13,3.788794756e-13,1.069295961e-13,2.65832257e-13,5.126987885e-14,2.224118094e-14,5.976005099e-14,6.47095578e-14,8.838028981e-14,1.163485335e-13,4.46442356e-14,1.184033958e-13,6.709834936e-13,8.240197322e-14,2.610634631e-13,4.674583855e-14
139.6171875,1.762004186e-13,1.847020226e-13,3.872424759e-13,4.048133479e-13,9.353796218e-14,1.505996453e-13,1.181709828e-13,9.083149425e-14,4.039311178e-14,9.759671726e-14,8.163546838e-14,1.915599358e-13,1.223555766e-13,1.208466163e-13,2.894921195e-13,2.71548035e-13,3.59871881e-13,3.770063574e-13,1.086312808e-13,2.693673724e-13,5.145928467e-14,2.262491509e-14,6.039728141e-14,6.512124102e-14,8.850056698e-14,1.17813338e-13,4.440194966e-14,1.200468172e-13,6.790593881e-13,8.207632321e-14,2.614478961e-13,4.734762177e-14
139.625,1.786793827e-13,1.867294068e-13,3.905714833e-13,4.127265859e-13,9.25136824e-14,1.532998571e-13,1.193067816e-13,9.133057479e-14,4.047498855e-14,9.503202732e-14,8.268864351e-14,1.921475779e-13,1.216193402e-13,1.215578562e-13,2.954598708e-13,2.738399366e-13,3.612716632e-13,3.753296566e-13,1.103453139e-13,2.728793117e-13,5.15897075e-14,2.30519086e-14,6.106769507e-14,6.555874822e-14,8.865842294e-14,1.192330009e-13,4.409395777e-14,1.217895142e-13,6.871566972e-13,8.17308663e-14,2.618868098e-13,4.798601161e-14
139.6328125,1.811245874e-13,1.888223384e-13,3.938263998e-13,4.211565151e-13,9.156839582e-14,1.560153959e-13,1.20438563e-13,9.185910527e-14,4.053079301e-14,9.247034291e-14,8.369982346e-14,1.927020321e-13,1.209026229e-13,1.22236282e-13,3.016516385e-13,2.764765363e-13,3.625599988e-13,3.736063281e-13,1.120377228e-13,2.764945403e-13,5.168491308e-14,2.349495467e-14,6.171239607e-14,6.60460972e-14,8.87541058e-14,1.206195132e-13,4.368227558e-14,1.235796985e-13,6.952912005e-13,8.138807571e-14,2.621711616e-13,4.863504775e-14
139.640625,1.833553118e-13,1.909865776e-13,3.969395735e-13,4.298928187e-13,9.051011711e-14,1.585447153e-13,1.215197114e-13,9.244720689e-14,4.0543284e-14,8.991890655e-14,8.472062014e-14,1.932022882e-13,1.201605141e-13,1.227954296e-13,3.080068642e-13,2.794293879e-13,3.636908557e-13,3.716161855e-13,1.136651929e-13,2.801686673e-13,5.177039932e-14,2.39203731e-14,6.230656847e-14,6.66029168e-14,8.877573551e-14,1.220158922e-13,4.330612818e-14,1.253106685e-13,7.036450561e-13,8.10226889e-14,2.623294859e-13,4.92672037e-14
139.6484375,1.854445648e-13,1.931487652e-13,4.001694829e-13,4.387851787e-13,8.933458506e-14,1.610422409e-13,1.226462559e-13,9.30369372e-14,4.054408792e-14,8.737708704e-14,8.567759921e-14,1.937029275e-13,1.193656782e-13,1.233041279e-13,3.143428071e-13,2.824918656e-13,3.646509116e-13,3.692723978e-13,1.151798972e-13,2.837828137e-13,5.187047285e-14,2.432317882e-14,6.289596763e-14,6.719106572e-14,8.87735433e-14,1.233947503e-13,4.300652735e-14,1.270029006e-13,7.120694569e-13,8.058835813e-14,2.624502422e-13,4.987601609e-14
139.65625,1.873882751e-13,1.953135803e-13,4.034629481e-13,4.479872913e-13,8.812370487e-14,1.635447058e-13,1.238338817e-13,9.359183355e-14,4.052308325e-14,8.48743968e-14,8.652149208e-14,1.94158317e-13,1.184763118e-13,1.236656382e-13,3.205718066e-13,2.855425236e-13,3.65359778e-13,3.665393176e-13,1.165556653e-13,2.873651215e-13,5.199465642e-14,2.469595693e-14,6.352127774e-14,6.776488966e-14,8.872921849e-14,1.246974899e-13,4.267439238e-14,1.286924394e-13,7.20238665e-13,8.007314595e-14,2.624098028e-13,5.045348828e-14
139.6640625,1.892478271e-13,1.973962325e-13,4.064133724e-13,4.575250784e-13,8.689022266e-14,1.659728508e-13,1.250089762e-13,9.413182861e-14,4.045872812e-14,8.244519565e-14,8.730247666e-14,1.944487301e-13,1.175025396e-13,1.237895687e-13,3.267768991e-13,2.886901177e-13,3.65834525e-13,3.635084776e-13,1.178461448e-13,2.909024203e-13,5.209567534e-14,2.504524943e-14,6.41575512e-14,6.832002352e-14,8.860334372e-14,1.258991045e-13,4.228729475e-14,1.304472434e-13,7.281378284e-13,7.951489043e-14,2.62098896e-13,5.101485124e-14
139.671875,1.911324465e-13,1.994508301e-13,4.09117981e-13,4.673097638e-13,8.568673265e-14,1.684377836e-13,1.261699102e-13,9.466976818e-14,4.038418281e-14,8.008379319e-14,8.804104307e-14,1.946337619e-13,1.165081557e-13,1.238288691e-13,3.329745393e-13,2.919154228e-13,3.660474129e-13,3.602617321e-13,1.191025362e-13,2.943646158e-13,5.213482711e-14,2.539994489e-14,6.477182808e-14,6.889759344e-14,8.838922933e-14,1.269934268e-13,4.18868339e-14,1.323519713e-13,7.35991244e-13,7.895049816e-14,2.616318853e-13,5.156736012e-14
139.6796875,1.930163549e-13,2.01706064e-13,4.11934577e-13,4.772807662e-13,8.45401301e-14,1.709692562e-13,1.273395531e-13,9.523864923e-14,4.031777945e-14,7.776394058e-14,8.874118481e-14,1.948498834e-13,1.155345445e-13,1.239427004e-13,3.392016112e-13,2.951824229e-13,3.660343298e-13,3.568447398e-13,1.203093827e-13,2.978483905e-13,5.212177267e-14,2.576282438e-14,6.539030789e-14,6.952671842e-14,8.812997291e-14,1.28029503e-13,4.147943165e-14,1.342832622e-13,7.438756376e-13,7.837018433e-14,2.611744383e-13,5.207859168e-14
139.6875,1.948164294e-13,2.03862091e-13,4.14784556e-13,4.87418893e-13,8.337651822e-14,1.734331545e-13,1.285243277e-13,9.586808861e-14,4.023667829e-14,7.548021447e-14,8.94397808e-14,1.95051842e-13,1.145899689e-13,1.24113312e-13,3.456216823e-13,2.987233764e-13,3.66027369e-13,3.53383475e-13,1.214318832e-13,3.012504332e-13,5.205605837e-14,2.611460184e-14,6.604829477e-14,7.017730624e-14,8.790600902e-14,1.290765275e-13,4.108470628e-14,1.360418994e-13,7.517380742e-13,7.775415967e-14,2.607453507e-13,5.256636733e-14
139.6953125,1.965341107e-13,2.055549098e-13,4.17567181e-13,4.976956839e-13,8.221306086e-14,1.75819844e-13,1.297575498e-13,9.652793877e-14,4.014130321e-14,7.325397479e-14,9.01339024e-14,1.951739174e-13,1.13637525e-13,1.242417121e-13,3.522168732e-13,3.026041534e-13,3.660097984e-13,3.498813284e-13,1.224401683e-13,3.044087332e-13,5.194700808e-14,2.644844845e-14,6.672438935e-14,7.083356905e-14,8.771141284e-14,1.301123491e-13,4.067504382e-14,1.37671522e-13,7.596297074e-13,7.711341399e-14,2.602434047e-13,5.309149337e-14
139.703125,1.982619399e-13,2.073701021e-13,4.204391895e-13,5.079907979e-13,8.109517685e-14,1.781892417e-13,1.310550921e-13,9.719561367e-14,4.003977441e-14,7.109718114e-14,9.080125017e-14,1.953115226e-13,1.126186034e-13,1.24282215e-13,3.589363535e-13,3.066949366e-13,3.657912429e-13,3.462343766e-13,1.233676375e-13,3.076587176e-13,5.181383955e-14,2.676702419e-14,6.738920061e-14,7.152995556e-14,8.747284183e-14,1.31110409e-13,4.020584643e-14,1.39352127e-13,7.676372099e-13,7.645750755e-14,2.596681926e-13,5.364325461e-14
139.7109375,1.999899447e-13,2.09776712e-13,4.234437359e-13,5.184362874e-13,7.994924716e-14,1.805932394e-13,1.324206538e-13,9.786254441e-14,3.991954623e-14,6.89935339e-14,9.145352376e-14,1.95508354e-13,1.115649976e-13,1.243204139e-13,3.659850365e-13,3.111093365e-13,3.654718789e-13,3.425206963e-13,1.242840795e-13,3.112494585e-13,5.164339308e-14,2.708342276e-14,6.805289317e-14,7.226674746e-14,8.721384946e-14,1.321102167e-13,3.977622843e-14,1.411347521e-13,7.756819563e-13,7.577126592e-14,2.591289464e-13,5.418606808e-14
139.71875,2.015423053e-13,2.121130845e-13,4.264893493e-13,5.293080255e-13,7.877546505e-14,1.830631258e-13,1.338591943e-13,9.849274578e-14,3.977497635e-14,6.694576816e-14,9.208040759e-14,1.956354938e-13,1.105533799e-13,1.244005575e-13,3.732942897e-13,3.15849961e-13,3.650928142e-13,3.387995646e-13,1.251193854e-13,3.147381669e-13,5.148135278e-14,2.740004873e-14,6.871765207e-14,7.301946895e-14,8.698565724e-14,1.330929804e-13,3.946978787e-14,1.428941089e-13,7.835755517e-13,7.504541936e-14,2.585355076e-13,5.473470996e-14
139.7265625,2.029480394e-13,2.139274825e-13,4.294446459e-13,5.402497458e-13,7.764010396e-14,1.854430511e-13,1.352937228e-13,9.910270479e-14,3.960320865e-14,6.497964844e-14,9.266263348e-14,1.956188007e-13,1.0955527e-13,1.243645778e-13,3.804098116e-13,3.206569148e-13,3.644954347e-13,3.349330589e-13,1.257674523e-13,3.178929721e-13,5.139920259e-14,2.768857169e-14,6.937341104e-14,7.379270335e-14,8.675145424e-14,1.340316446e-13,3.918393552e-14,1.444970009e-13,7.912636759e-13,7.428883122e-14,2.577297733e-13,5.529903333e-14
139.734375,2.044090988e-13,2.156951349e-13,4.321980895e-13,5.509187178e-13,7.649432497e-14,1.876225409e-13,1.366502583e-13,9.974021968e-14,3.940685489e-14,6.307019675e-14,9.321784082e-14,1.955502703e-13,1.085178359e-13,1.241281394e-13,3.872487285e-13,3.255537789e-13,3.63782108e-13,3.308762613e-13,1.263027904e-13,3.211135761e-13,5.132110526e-14,2.795035506e-14,7.00468974e-14,7.457056442e-14,8.649035101e-14,1.349680135e-13,3.883355798e-14,1.459994954e-13,7.988980309e-13,7.34964546e-14,2.568779971e-13,5.587442117e-14
139.7421875,2.058335653e-13,2.176985108e-13,4.348540726e-13,5.61840075e-13,7.532830653e-14,1.897757943e-13,1.38004675e-13,1.003820447e-13,3.920747857e-14,6.117636364e-14,9.374445016e-14,1.954903759e-13,1.074800492e-13,1.238415402e-13,3.94085487e-13,3.306696946e-13,3.630992373e-13,3.267194022e-13,1.267932156e-13,3.244715965e-13,5.115500341e-14,2.822334421e-14,7.076242948e-14,7.534075602e-14,8.622866999e-14,1.358453271e-13,3.844303806e-14,1.475171879e-13,8.066138413e-13,7.264488486e-14,2.561407074e-13,5.645956636e-14
139.75,2.071092883e-13,2.19745196e-13,4.375288621e-13,5.73213156e-13,7.422488846e-14,1.91985259e-13,1.394466484e-13,1.010290058e-13,3.900505859e-14,5.933471287e-14,9.424203186e-14,1.953742703e-13,1.064709421e-13,1.236142005e-13,4.010546163e-13,3.359575451e-13,3.6237694e-13,3.225420105e-13,1.271890529e-13,3.276110172e-13,5.094659894e-14,2.849988489e-14,7.15014182e-14,7.614731669e-14,8.596674888e-14,1.365862703e-13,3.803528583e-14,1.490304809e-13,8.143433253e-13,7.174621778e-14,2.553410807e-13,5.70295914e-14
139.7578125,2.08378774e-13,2.217326339e-13,4.401500374e-13,5.845968643e-13,7.316866932e-14,1.941839495e-13,1.409434559e-13,1.017460851e-13,3.87803457e-14,5.758020521e-14,9.475394198e-14,1.951846853e-13,1.054743873e-13,1.234372215e-13,4.082814911e-13,3.415991916e-13,3.61656312e-13,3.184282953e-13,1.275214504e-13,3.305684335e-13,5.071333746e-14,2.874817456e-14,7.224363067e-14,7.69924693e-14,8.571014207e-14,1.373127921e-13,3.76543569e-14,1.505098645e-13,8.219407577e-13,7.085379876e-14,2.544017339e-13,5.757882422e-14
139.765625,2.095685106e-13,2.236199438e-13,4.427234379e-13,5.960862071e-13,7.209893525e-14,1.964372928e-13,1.424467036e-13,1.025214489e-13,3.854126832e-14,5.588105496e-14,9.528795715e-14,1.949911513e-13,1.045115187e-13,1.23316445e-13,4.158479257e-13,3.478047412e-13,3.609936715e-13,3.143532541e-13,1.278210908e-13,3.335942617e-13,5.042345259e-14,2.897484368e-14,7.296638996e-14,7.782237339e-14,8.548212541e-14,1.381107939e-13,3.733192264e-14,1.519337415e-13,8.293901454e-13,6.998187594e-14,2.534651982e-13,5.813484197e-14
139.7734375,2.10564297e-13,2.253989258e-13,4.452870869e-13,6.076995455e-13,7.103150197e-14,1.987095782e-13,1.439600911e-13,1.033121937e-13,3.830066466e-14,5.426373215e-14,9.581852756e-14,1.94786513e-13,1.035842324e-13,1.232346157e-13,4.235687104e-13,3.543753315e-13,3.603162529e-13,3.10181943e-13,1.280160856e-13,3.365660983e-13,5.011076433e-14,2.919521467e-14,7.364850463e-14,7.864705984e-14,8.528675343e-14,1.388687671e-13,3.701975643e-14,1.532127566e-13,8.367873541e-13,6.909066344e-14,2.525290062e-13,5.868821421e-14
139.78125,2.116478527e-13,2.272060221e-13,4.477622879e-13,6.189563563e-13,6.99812936e-14,2.00855846e-13,1.454920523e-13,1.041509451e-13,3.805405369e-14,5.279654023e-14,9.63306845e-14,1.945194509e-13,1.026287228e-13,1.23156449e-13,4.313498373e-13,3.611643094e-13,3.597395668e-13,3.059146794e-13,1.281503384e-13,3.39346338e-13,4.977921004e-14,2.941547887e-14,7.433468935e-14,7.95076975e-14,8.511547666e-14,1.395574607e-13,3.671959519e-14,1.544034674e-13,8.44145026e-13,6.816939645e-14,2.515443724e-13,5.922654312e-14
139.7890625,2.129419583e-13,2.291501132e-13,4.501983078e-13,6.301558884e-13,6.893934926e-14,2.029764645e-13,1.470283666e-13,1.050413875e-13,3.780317604e-14,5.141069392e-14,9.677062655e-14,1.942250838e-13,1.016200829e-13,1.231014075e-13,4.393086288e-13,3.68290459e-13,3.593853434e-13,3.016475805e-13,1.283179633e-13,3.421510752e-13,4.940105065e-14,2.963694735e-14,7.507155072e-14,8.039312275e-14,8.493489185e-14,1.402408271e-13,3.649127006e-14,1.556727341e-13,8.513384199e-13,6.725182987e-14,2.505755464e-13,5.977341776e-14
139.796875,2.141989584e-13,2.312261447e-13,4.526291821e-13,6.418120519e-13,6.792923489e-14,2.051679455e-13,1.485297434e-13,1.059436348e-13,3.754965259e-14,4.99881288e-14,9.713870684e-14,1.939227391e-13,1.005946735e-13,1.230855806e-13,4.473810541e-13,3.757078173e-13,3.590607659e-13,2.973845835e-13,1.284325936e-13,3.450503063e-13,4.900154494e-14,2.984459238e-14,7.580943192e-14,8.12829049e-14,8.470669263e-14,1.408597912e-13,3.630802889e-14,1.56965053e-13,8.5832545e-13,6.634714115e-14,2.496064006e-13,6.030822985e-14
139.8046875,2.15304914e-13,2.332203421e-13,4.548705069e-13,6.535355387e-13,6.696094347e-14,2.073552543e-13,1.49981849e-13,1.068823615e-13,3.729062895e-14,4.856097366e-14,9.756115943e-14,1.935526792e-13,9.957476449e-14,1.230854571e-13,4.554259164e-13,3.832754356e-13,3.586320148e-13,2.930727539e-13,1.28411908e-13,3.477631345e-13,4.856562163e-14,3.003931713e-14,7.649692792e-14,8.21863221e-14,8.444586865e-14,1.41352255e-13,3.612956413e-14,1.581113366e-13,8.652443648e-13,6.542394635e-14,2.485715709e-13,6.079090882e-14
139.8125,2.162724151e-13,2.347777766e-13,4.569626378e-13,6.650609826e-13,6.599023758e-14,2.095922013e-13,1.51429396e-13,1.078752045e-13,3.703055752e-14,4.721295033e-14,9.806978528e-14,1.931270626e-13,9.856638436e-14,1.230858082e-13,4.635581957e-13,3.910699439e-13,3.582483315e-13,2.88714431e-13,1.283398766e-13,3.502902868e-13,4.807213227e-14,3.023685304e-14,7.714259841e-14,8.31394661e-14,8.418345774e-14,1.417782086e-13,3.599394182e-14,1.590960884e-13,8.721679911e-13,6.446457961e-14,2.47512417e-13,6.124913046e-14
139.8203125,2.171538942e-13,2.36081048e-13,4.591736534e-13,6.765302854e-13,6.499059959e-14,2.118646954e-13,1.529001587e-13,1.088750504e-13,3.676241715e-14,4.593350051e-14,9.856124959e-14,1.92730366e-13,9.756986048e-14,1.231122517e-13,4.720025841e-13,3.992899692e-13,3.580885226e-13,2.844309768e-13,1.283088495e-13,3.530332983e-13,4.757486564e-14,3.041916962e-14,7.774775084e-14,8.416360776e-14,8.393459215e-14,1.422012431e-13,3.592122286e-14,1.600167567e-13,8.789747232e-13,6.349732849e-14,2.464987984e-13,6.170545336e-14
139.828125,2.180551698e-13,2.377750439e-13,4.614553826e-13,6.879104208e-13,6.397420105e-14,2.139730414e-13,1.5437403e-13,1.098780225e-13,3.647405551e-14,4.467946901e-14,9.902006403e-14,1.923611237e-13,9.656576345e-14,1.232123319e-13,4.808223407e-13,4.080350143e-13,3.582028859e-13,2.803126259e-13,1.283076738e-13,3.561181982e-13,4.705392208e-14,3.057014084e-14,7.833760469e-14,8.520585469e-14,8.372328663e-14,1.426381266e-13,3.58880482e-14,1.609746214e-13,8.855642324e-13,6.255643315e-14,2.455398807e-13,6.213387395e-14
139.8359375,2.188664674e-13,2.397457682e-13,4.6357236e-13,6.993971483e-13,6.294453043e-14,2.159852381e-13,1.55845007e-13,1.109195952e-13,3.61758044e-14,4.343826056e-14,9.947468226e-14,1.919478303e-13,9.554266998e-14,1.233623877e-13,4.898078829e-13,4.171393958e-13,3.584198983e-13,2.762327628e-13,1.282172459e-13,3.592234491e-13,4.645944829e-14,3.070666899e-14,7.896281871e-14,8.620757562e-14,8.354220116e-14,1.430741949e-13,3.58799389e-14,1.618959527e-13,8.92008376e-13,6.162302124e-14,2.445572576e-13,6.254795506e-14
139.84375,2.194693201e-13,2.41217366e-13,4.654807878e-13,7.109710937e-13,6.194022868e-14,2.180866467e-13,1.573250219e-13,1.119923578e-13,3.587308739e-14,4.222984238e-14,9.98939548e-14,1.914602489e-13,9.45122455e-14,1.234877127e-13,4.986356355e-13,4.263035105e-13,3.584907563e-13,2.720939227e-13,1.279269228e-13,3.620333087e-13,4.587834788e-14,3.083015995e-14,7.959998229e-14,8.717293355e-14,8.336030548e-14,1.434551385e-13,3.588084057e-14,1.625340193e-13,8.983737328e-13,6.065155804e-14,2.434688885e-13,6.297828567e-14
139.8515625,2.200104854e-13,2.421614916e-13,4.67240715e-13,7.221228344e-13,6.100389304e-14,2.20193926e-13,1.588167943e-13,1.130870814e-13,3.554723714e-14,4.109904387e-14,1.002904254e-13,1.908995501e-13,9.348421106e-14,1.236163265e-13,5.073377013e-13,4.355468195e-13,3.584936952e-13,2.679979117e-13,1.275072797e-13,3.645604929e-13,4.534951752e-14,3.093341685e-14,8.02101326e-14,8.810378716e-14,8.3194087e-14,1.437416944e-13,3.587683408e-14,1.629055239e-13,9.04507492e-13,5.965176165e-14,2.423333091e-13,6.33922522e-14
139.859375,2.205269091e-13,2.431860174e-13,4.689185221e-13,7.330544763e-13,6.00509103e-14,2.222755028e-13,1.603113098e-13,1.142123923e-13,3.519343455e-14,4.005666694e-14,1.006734606e-13,1.902631586e-13,9.245752443e-14,1.238181595e-13,5.163001347e-13,4.451705392e-13,3.587065896e-13,2.639550244e-13,1.270862235e-13,3.671147748e-13,4.477878466e-14,3.102896008e-14,8.081410167e-14,8.901369462e-14,8.305781883e-14,1.439547723e-13,3.58792981e-14,1.633140274e-13,9.102287501e-13,5.867583933e-14,2.412008529e-13,6.376052312e-14
139.8671875,2.209735356e-13,2.444173362e-13,4.705571687e-13,7.44086844e-13,5.900520681e-14,2.244001975e-13,1.617811433e-13,1.153531403e-13,3.483254536e-14,3.906854221e-14,1.009893654e-13,1.895828012e-13,9.141933405e-14,1.240688787e-13,5.255981437e-13,4.55227543e-13,3.591752867e-13,2.598961728e-13,1.266574404e-13,3.698465843e-13,4.416451884e-14,3.111675004e-14,8.140796789e-14,8.995340981e-14,8.292209115e-14,1.441424418e-13,3.593376182e-14,1.638109337e-13,9.156538415e-13,5.773438175e-14,2.400033403e-13,6.4113431e-14
139.875,2.215096809e-13,2.45642485e-13,4.721215337e-13,7.546300299e-13,5.797284113e-14,2.264437977e-13,1.63204986e-13,1.16510094e-13,3.448626319e-14,3.811038954e-14,1.012743559e-13,1.889218308e-13,9.03673986e-14,1.243778048e-13,5.349147027e-13,4.655222058e-13,3.598307526e-13,2.559356531e-13,1.261874991e-13,3.72475655e-13,4.3571163e-14,3.119148594e-14,8.197321899e-14,9.091249892e-14,8.277747066e-14,1.443102762e-13,3.608974921e-14,1.641901333e-13,9.209600615e-13,5.679907263e-14,2.388099715e-13,6.446664448e-14
139.8828125,2.221377554e-13,2.467959874e-13,4.735642248e-13,7.646222746e-13,5.70437205e-14,2.2838742e-13,1.645822066e-13,1.177137315e-13,3.416675508e-14,3.717175217e-14,1.016186145e-13,1.882827998e-13,8.933939703e-14,1.248199077e-13,5.441931225e-13,4.76043375e-13,3.60677196e-13,2.521893746e-13,1.256822786e-13,3.748361814e-13,4.297885208e-14,3.127079994e-14,8.253251646e-14,9.186923322e-14,8.263112168e-14,1.44409435e-13,3.631716903e-14,1.643885265e-13,9.260033343e-13,5.586802386e-14,2.377666263e-13,6.479836217e-14
139.890625,2.226106117e-13,2.477442443e-13,4.747743844e-13,7.746426352e-13,5.61439185e-14,2.303951793e-13,1.659086558e-13,1.189467053e-13,3.386049037e-14,3.627323132e-14,1.019952486e-13,1.875765592e-13,8.834460938e-14,1.253293429e-13,5.536697342e-13,4.869279516e-13,3.616429182e-13,2.485672203e-13,1.251110091e-13,3.771583392e-13,4.236761083e-14,3.135606788e-14,8.307272834e-14,9.28781699e-14,8.249161847e-14,1.444390763e-13,3.653779662e-14,1.644656227e-13,9.305739519e-13,5.496304416e-14,2.367593115e-13,6.510875187e-14
139.8984375,2.229070793e-13,2.484598538e-13,4.755892755e-13,7.845312962e-13,5.520580499e-14,2.323807679e-13,1.671966614e-13,1.201713164e-13,3.352342622e-14,3.547185765e-14,1.023375057e-13,1.867203884e-13,8.732217495e-14,1.25762145e-13,5.633766858e-13,4.981847774e-13,3.626656165e-13,2.449550236e-13,1.244615216e-13,3.795643003e-13,4.175191316e-14,3.141770485e-14,8.356402207e-14,9.392755098e-14,8.239470223e-14,1.444638775e-13,3.675211024e-14,1.644847626e-13,9.34710779e-13,5.408691426e-14,2.356008177e-13,6.541737539e-14
139.90625,2.232763182e-13,2.492904599e-13,4.760845761e-13,7.942099217e-13,5.428712585e-14,2.342074029e-13,1.684647767e-13,1.214281499e-13,3.314352966e-14,3.475708785e-14,1.026565238e-13,1.857248645e-13,8.627106936e-14,1.261399705e-13,5.732132109e-13,5.097868893e-13,3.638545661e-13,2.414034556e-13,1.237694961e-13,3.819897403e-13,4.112000095e-14,3.144762607e-14,8.403776324e-14,9.493263652e-14,8.233963067e-14,1.444751592e-13,3.700066152e-14,1.645357015e-13,9.384994413e-13,5.322738094e-14,2.343057467e-13,6.57244295e-14
139.9140625,2.237878007e-13,2.503425709e-13,4.764812751e-13,8.039714993e-13,5.345796364e-14,2.360176963e-13,1.6968183e-13,1.227560357e-13,3.277249683e-14,3.405862668e-14,1.030164899e-13,1.846830559e-13,8.527460316e-14,1.265792307e-13,5.831494643e-13,5.216983143e-13,3.652862631e-13,2.380669838e-13,1.230370453e-13,3.844601409e-13,4.046929068e-14,3.146695706e-14,8.449639968e-14,9.590094935e-14,8.22748883e-14,1.443872466e-13,3.727781111e-14,1.645760592e-13,9.419148026e-13,5.238203997e-14,2.329384946e-13,6.601139449e-14
139.921875,2.24146113e-13,2.512199421e-13,4.767639889e-13,8.133217943e-13,5.263361955e-14,2.378641165e-13,1.708290505e-13,1.240642791e-13,3.243508472e-14,3.338921709e-14,1.034527666e-13,1.836790468e-13,8.432837308e-14,1.271120414e-13,5.930590331e-13,5.336836306e-13,3.668987762e-13,2.349567128e-13,1.222438221e-13,3.869498555e-13,3.981619199e-14,3.147530858e-14,8.488282048e-14,9.685306376e-14,8.220207199e-14,1.441829505e-13,3.75762297e-14,1.644150473e-13,9.449604593e-13,5.155647955e-14,2.315578642e-13,6.625873401e-14
139.9296875,2.242143222e-13,2.517692379e-13,4.768191489e-13,8.219458536e-13,5.170095746e-14,2.396000123e-13,1.719444099e-13,1.252653818e-13,3.207530449e-14,3.279920046e-14,1.038825706e-13,1.826669776e-13,8.335753554e-14,1.276971429e-13,6.028476736e-13,5.455789254e-13,3.686179527e-13,2.318949024e-13,1.213777334e-13,3.893725689e-13,3.917398323e-14,3.144598311e-14,8.519495425e-14,9.77462516e-14,8.215156125e-14,1.439365352e-13,3.788595372e-14,1.640369399e-13,9.477208926e-13,5.075244348e-14,2.302130625e-13,6.646825688e-14
139.9375,2.243842334e-13,2.522540847e-13,4.766733329e-13,8.304001893e-13,5.078592409e-14,2.412325181e-13,1.730156568e-13,1.264503429e-13,3.165483284e-14,3.225933726e-14,1.042161348e-13,1.815188759e-13,8.237797724e-14,1.28277693e-13,6.126235125e-13,5.575861201e-13,3.703753221e-13,2.288322457e-13,1.20430804e-13,3.917474651e-13,3.856314347e-14,3.137965839e-14,8.547764172e-14,9.861331e-14,8.209981415e-14,1.436990003e-13,3.817747824e-14,1.636197117e-13,9.502087529e-13,4.996949363e-14,2.287919269e-13,6.665838507e-14
139.9453125,2.248679126e-13,2.527109358e-13,4.763198878e-13,8.386540635e-13,5.002706259e-14,2.428703455e-13,1.739831859e-13,1.277396744e-13,3.122486228e-14,3.173961203e-14,1.045320587e-13,1.802494034e-13,8.143175177e-14,1.288554626e-13,6.223981553e-13,5.698571603e-13,3.721905774e-13,2.258936309e-13,1.194432312e-13,3.94075893e-13,3.796803356e-14,3.131516551e-14,8.573339484e-14,9.952534054e-14,8.203180618e-14,1.434185595e-13,3.848599151e-14,1.631985324e-13,9.523231518e-13,4.920314321e-14,2.272368725e-13,6.68281885e-14
139.953125,2.253022683e-13,2.529175387e-13,4.75667313e-13,8.463228794e-13,4.93085985e-14,2.445264741e-13,1.748537608e-13,1.290945747e-13,3.084938779e-14,3.126346016e-14,1.04903107e-13,1.790083911e-13,8.050745281e-14,1.295194353e-13,6.321207375e-13,5.823083856e-13,3.742174558e-13,2.231073959e-13,1.184700103e-13,3.963520747e-13,3.733654587e-14,3.127691558e-14,8.59262664e-14,1.004627909e-13,8.197797611e-14,1.43020807e-13,3.887911649e-14,1.626600528e-13,9.540674149e-13,4.843618377e-14,2.257572503e-13,6.69705828e-14
139.9609375,2.254956492e-13,2.529353438e-13,4.747162307e-13,8.537067111e-13,4.855451965e-14,2.461628597e-13,1.756642241e-13,1.304411728e-13,3.051436592e-14,3.083233526e-14,1.052417169e-13,1.778073937e-13,7.963083203e-14,1.302827145e-13,6.419156517e-13,5.94964503e-13,3.764816322e-13,2.204524076e-13,1.174881721e-13,3.986575435e-13,3.667436626e-14,3.124918701e-14,8.603408061e-14,1.014060011e-13,8.194578644e-14,1.425100147e-13,3.931850139e-14,1.619860622e-13,9.554947843e-13,4.766217797e-14,2.244427323e-13,6.709196927e-14
139.96875,2.256620903e-13,2.530700285e-13,4.735782675e-13,8.609079968e-13,4.780892983e-14,2.477041005e-13,1.764171552e-13,1.317875287e-13,3.015511713e-14,3.043842398e-14,1.05531328e-13,1.765123946e-13,7.882092599e-14,1.310530822e-13,6.517363205e-13,6.077901386e-13,3.788511443e-13,2.179571633e-13,1.164605324e-13,4.010203258e-13,3.604288298e-14,3.120748128e-14,8.608011748e-14,1.023697449e-13,8.191290716e-14,1.419037958e-13,3.971943832e-14,1.612471219e-13,9.564374862e-13,4.691357401e-14,2.231406024e-13,6.717966818e-14
139.9765625,2.259646667e-13,2.533000393e-13,4.723683705e-13,8.676139362e-13,4.702805195e-14,2.491321099e-13,1.771246927e-13,1.331228297e-13,2.975572331e-14,3.011132298e-14,1.058973538e-13,1.751109511e-13,7.800212405e-14,1.318304589e-13,6.613282293e-13,6.205316195e-13,3.813338456e-13,2.15582238e-13,1.154247899e-13,4.034145551e-13,3.546513647e-14,3.115034953e-14,8.609833957e-14,1.033117064e-13,8.18771801e-14,1.412236474e-13,4.011135218e-14,1.605152144e-13,9.568639147e-13,4.622472759e-14,2.218423554e-13,6.722821758e-14
139.984375,2.264902996e-13,2.532973301e-13,4.71085894e-13,8.739201714e-13,4.626578546e-14,2.505797413e-13,1.778005237e-13,1.344327144e-13,2.936784687e-14,2.986352123e-14,1.063612161e-13,1.73731761e-13,7.713754781e-14,1.326774154e-13,6.707465206e-13,6.332097406e-13,3.84041651e-13,2.13314525e-13,1.144293788e-13,4.058188295e-13,3.490136172e-14,3.109549876e-14,8.608713582e-14,1.042210976e-13,8.186260345e-14,1.405672399e-13,4.057480923e-14,1.59840441e-13,9.570993973e-13,4.558686262e-14,2.206427719e-13,6.727849842e-14
139.9921875,2.272133026e-13,2.531388949e-13,4.696320051e-13,8.799920522e-13,4.562562083e-14,2.521180015e-13,1.784110586e-13,1.357937596e-13,2.902713625e-14,2.965552516e-14,1.068149467e-13,1.724415715e-13,7.627818115e-14,1.336011921e-13,6.802634288e-13,6.461076268e-13,3.869860133e-13,2.112155011e-13,1.134919101e-13,4.082032451e-13,3.431005027e-14,3.10610436e-14,8.605792067e-14,1.051810078e-13,8.188022274e-14,1.399602207e-13,4.109387876e-14,1.591569559e-13,9.571346827e-13,4.496949975e-14,2.195381618e-13,6.73470365e-14
140,2.278934348e-13,2.532919196e-13,4.680205276e-13,8.858207471e-13,4.494178405e-14,2.536838032e-13,1.789271594e-13,1.372407475e-13,2.872211988e-14,2.944274857e-14,1.072230438e-13,1.712019384e-13,7.543079839e-14,1.346563909e-13,6.900156543e-13,6.59286803e-13,3.901330272e-13,2.092129301e-13,1.12620239e-13,4.106708247e-13,3.371239296e-14,3.10563752e-14,8.605073126e-14,1.061869853e-13,8.190319355e-14,1.392943713e-13,4.163405419e-14,1.583722082e-13,9.566552996e-13,4.435816431e-14,2.185787155e-13,6.740295841e-14
140.0078125,2.284620263e-13,2.537287121e-13,4.663560141e-13,8.914795155e-13,4.411724412e-14,2.552522124e-13,1.793851427e-13,1.386911429e-13,2.843035098e-14,2.922187905e-14,1.076595239e-13,1.69949638e-13,7.458269462e-14,1.358850347e-13,6.999681511e-13,6.72659037e-13,3.934808519e-13,2.07232968e-13,1.117599866e-13,4.133357924e-13,3.315737304e-14,3.106444296e-14,8.605091612e-14,1.07141266e-13,8.19056628e-14,1.385495667e-13,4.222114621e-14,1.575653884e-13,9.558174594e-13,4.376908179e-14,2.177834255e-13,6.743965908e-14
140.015625,2.291380632e-13,2.539585806e-13,4.64581527e-13,8.967346877e-13,4.336500636e-14,2.567825009e-13,1.798154243e-13,1.401303e-13,2.81268176e-14,2.903116485e-14,1.081513195e-13,1.686319778e-13,7.376572929e-14,1.371441052e-13,7.097758557e-13,6.860789956e-13,3.970372893e-13,2.053930226e-13,1.108358578e-13,4.161228467e-13,3.264329471e-14,3.104569723e-14,8.600890866e-14,1.080756658e-13,8.189125733e-14,1.377724333e-13,4.280778936e-14,1.568172127e-13,9.547993722e-13,4.323221687e-14,2.169724668e-13,6.747154846e-14
140.0234375,2.29978845e-13,2.538904486e-13,4.625773154e-13,9.013443769e-13,4.273587185e-14,2.582471885e-13,1.801671429e-13,1.416208465e-13,2.780764692e-14,2.889647094e-14,1.086110869e-13,1.672386762e-13,7.297042387e-14,1.382935922e-13,7.190824982e-13,6.992637629e-13,4.007486027e-13,2.03711926e-13,1.09904914e-13,4.190317575e-13,3.215004317e-14,3.100293911e-14,8.592437838e-14,1.090661535e-13,8.18611096e-14,1.36908014e-13,4.332544573e-14,1.560364135e-13,9.532451487e-13,4.274193345e-14,2.160661723e-13,6.75066224e-14
140.03125,2.308056688e-13,2.537554718e-13,4.603842543e-13,9.057078538e-13,4.206406395e-14,2.597867956e-13,1.804015891e-13,1.43109813e-13,2.750563297e-14,2.879587154e-14,1.089870209e-13,1.658106291e-13,7.215560678e-14,1.393904708e-13,7.280538559e-13,7.12081173e-13,4.044504983e-13,2.020610025e-13,1.090511504e-13,4.220095024e-13,3.168844473e-14,3.098007396e-14,8.580076333e-14,1.100167409e-13,8.18207609e-14,1.35923344e-13,4.388011579e-14,1.551592741e-13,9.510442925e-13,4.226498438e-14,2.151981655e-13,6.754885185e-14
140.0390625,2.315695223e-13,2.535945566e-13,4.580302246e-13,9.099565308e-13,4.135488443e-14,2.613764657e-13,1.805424431e-13,1.444909436e-13,2.722536158e-14,2.870482156e-14,1.093444234e-13,1.643790127e-13,7.132664139e-14,1.405171994e-13,7.368838558e-13,7.246206092e-13,4.08057996e-13,2.005003611e-13,1.082016472e-13,4.246325612e-13,3.126610595e-14,3.096861083e-14,8.560621999e-14,1.108396042e-13,8.179251485e-14,1.348879407e-13,4.45611303e-14,1.542151752e-13,9.485408823e-13,4.180330602e-14,2.144194237e-13,6.756920802e-14
140.046875,2.324076192e-13,2.534119572e-13,4.554245543e-13,9.134884425e-13,4.069834234e-14,2.626914027e-13,1.805504409e-13,1.457811303e-13,2.693894991e-14,2.862774791e-14,1.097361163e-13,1.629434301e-13,7.048017742e-14,1.416475649e-13,7.453750477e-13,7.36915827e-13,4.116802728e-13,1.991214081e-13,1.073055213e-13,4.268060147e-13,3.088283295e-14,3.093430254e-14,8.534325814e-14,1.116221129e-13,8.176017096e-14,1.33855914e-13,4.525327096e-14,1.532184125e-13,9.457693681e-13,4.137961933e-14,2.136851483e-13,6.754122894e-14
140.0546875,2.333505346e-13,2.531968197e-13,4.526064735e-13,9.162258107e-13,4.005575427e-14,2.637307464e-13,1.803867986e-13,1.470627135e-13,2.665906254e-14,2.858192824e-14,1.101653733e-13,1.615135406e-13,6.959799741e-14,1.42743997e-13,7.535667187e-13,7.490050877e-13,4.153785675e-13,1.97762136e-13,1.064456232e-13,4.290891743e-13,3.053800922e-14,3.089892109e-14,8.505059046e-14,1.124241388e-13,8.168738405e-14,1.328236496e-13,4.588779695e-14,1.522047586e-13,9.425202698e-13,4.099298408e-14,2.129940183e-13,6.749045618e-14
140.0625,2.342994293e-13,2.528512733e-13,4.497020055e-13,9.187521064e-13,3.939037834e-14,2.648488351e-13,1.801769593e-13,1.483826471e-13,2.640954897e-14,2.859368828e-14,1.106403902e-13,1.600905837e-13,6.871869998e-14,1.438184935e-13,7.617565333e-13,7.610146181e-13,4.190930131e-13,1.963187996e-13,1.056052755e-13,4.317923744e-13,3.0200773e-14,3.087291504e-14,8.473030236e-14,1.132185605e-13,8.158975698e-14,1.31736557e-13,4.652447744e-14,1.511992864e-13,9.387714535e-13,4.063473106e-14,2.123114154e-13,6.742179795e-14
140.0703125,2.352871179e-13,2.525432709e-13,4.465863892e-13,9.211721302e-13,3.877942867e-14,2.66035197e-13,1.799841694e-13,1.49745189e-13,2.617258251e-14,2.866309475e-14,1.111144708e-13,1.586262021e-13,6.78782659e-14,1.448701006e-13,7.699049898e-13,7.730118547e-13,4.227896432e-13,1.949351857e-13,1.047105452e-13,4.347794574e-13,2.985362005e-14,3.082729888e-14,8.434879864e-14,1.14030951e-13,8.14788494e-14,1.305615522e-13,4.716418508e-14,1.502030677e-13,9.344711682e-13,4.029760654e-14,2.115585834e-13,6.731880447e-14
140.078125,2.364789364e-13,2.524592126e-13,4.430178772e-13,9.23212506e-13,3.826803386e-14,2.670404259e-13,1.796417724e-13,1.511064917e-13,2.593445166e-14,2.873420883e-14,1.115097402e-13,1.570817618e-13,6.705167613e-14,1.458838136e-13,7.778483615e-13,7.849613895e-13,4.264343617e-13,1.936849844e-13,1.038578081e-13,4.378983262e-13,2.953674057e-14,3.078301666e-14,8.388842419e-14,1.148856417e-13,8.131548049e-14,1.29357978e-13,4.780358766e-14,1.492945838e-13,9.294967285e-13,3.998214231e-14,2.107137254e-13,6.722760638e-14
140.0859375,2.379471676e-13,2.523150854e-13,4.390722733e-13,9.248859784e-13,3.773668625e-14,2.679610704e-13,1.790872111e-13,1.524455173e-13,2.570532532e-14,2.877655684e-14,1.118444694e-13,1.554958019e-13,6.62096289e-14,1.46923861e-13,7.855915912e-13,7.967084472e-13,4.300227282e-13,1.924932525e-13,1.031101725e-13,4.408722659e-13,2.927975375e-14,3.076758072e-14,8.337358701e-14,1.157479857e-13,8.109667e-14,1.281350834e-13,4.848080575e-14,1.484722997e-13,9.23978744e-13,3.970885068e-14,2.098383844e-13,6.717830218e-14
140.09375,2.395197921e-13,2.519347193e-13,4.350511118e-13,9.262492421e-13,3.709516485e-14,2.689496263e-13,1.784563415e-13,1.538091292e-13,2.549147759e-14,2.882893248e-14,1.121946291e-13,1.539272937e-13,6.533567092e-14,1.480369803e-13,7.930720753e-13,8.080793336e-13,4.336184257e-13,1.913244894e-13,1.023383454e-13,4.436166365e-13,2.906856462e-14,3.074192107e-14,8.284725282e-14,1.165894256e-13,8.086460207e-14,1.268216091e-13,4.915281223e-14,1.475807086e-13,9.181448215e-13,3.947605013e-14,2.090224704e-13,6.71211862e-14
140.1015625,2.409448244e-13,2.515706156e-13,4.310246131e-13,9.27112121e-13,3.646467483e-14,2.698616341e-13,1.777715553e-13,1.551831336e-13,2.529193735e-14,2.89104535e-14,1.12593311e-13,1.523701042e-13,6.442942045e-14,1.49093484e-13,8.001609505e-13,8.190898911e-13,4.371995029e-13,1.901768702e-13,1.015009854e-13,4.464911771e-13,2.889240234e-14,3.068882437e-14,8.230719124e-14,1.173875254e-13,8.0622638e-14,1.254448694e-13,4.976584606e-14,1.466206109e-13,9.119270444e-13,3.926204673e-14,2.082491971e-13,6.703657418e-14
140.109375,2.42378382e-13,2.512874646e-13,4.267853741e-13,9.273328841e-13,3.594146522e-14,2.706202265e-13,1.769798683e-13,1.564911252e-13,2.509391119e-14,2.900137194e-14,1.130253338e-13,1.507658057e-13,6.353863849e-14,1.499977475e-13,8.068681066e-13,8.298855635e-13,4.407484144e-13,1.890734511e-13,1.007115475e-13,4.494935907e-13,2.874930582e-14,3.06463588e-14,8.171262026e-14,1.181529134e-13,8.03599901e-14,1.24065947e-13,5.035820578e-14,1.457414672e-13,9.051927933e-13,3.908321338e-14,2.074041788e-13,6.695450187e-14
140.1171875,2.441840635e-13,2.509934819e-13,4.222282628e-13,9.271722612e-13,3.545554617e-14,2.713805275e-13,1.761342858e-13,1.577626638e-13,2.489476939e-14,2.910697485e-14,1.13464249e-13,1.490941604e-13,6.269598924e-14,1.508721228e-13,8.133500932e-13,8.40576764e-13,4.443728442e-13,1.88089748e-13,1.000019172e-13,4.522928078e-13,2.864008709e-14,3.063042312e-14,8.106580201e-14,1.189209136e-13,8.009853626e-14,1.226449134e-13,5.097487888e-14,1.449522245e-13,8.981754492e-13,3.894060215e-14,2.065062313e-13,6.687938013e-14
140.125,2.46114724e-13,2.506671204e-13,4.175342276e-13,9.269549379e-13,3.497202113e-14,2.722111314e-13,1.752468409e-13,1.590646124e-13,2.472851187e-14,2.924120955e-14,1.139301505e-13,1.474390857e-13,6.186655101e-14,1.518067829e-13,8.196422634e-13,8.510258232e-13,4.480030135e-13,1.872157416e-13,9.93100958e-14,4.550483919e-13,2.856983874e-14,3.063071961e-14,8.039243093e-14,1.196399044e-13,7.98373878e-14,1.211441202e-13,5.160019734e-14,1.441335675e-13,8.911579983e-13,3.877395368e-14,2.057074302e-13,6.680477328e-14
140.1328125,2.477212518e-13,2.50092181e-13,4.128921111e-13,9.262574255e-13,3.451534224e-14,2.729961653e-13,1.74252745e-13,1.603580449e-13,2.461005629e-14,2.939816713e-14,1.144408931e-13,1.45895694e-13,6.10240754e-14,1.527223472e-13,8.253970735e-13,8.607596046e-13,4.513739648e-13,1.863185076e-13,9.858686337e-14,4.579073826e-13,2.852076133e-14,3.063087703e-14,7.967965985e-14,1.202922311e-13,7.953700026e-14,1.195863498e-13,5.21750872e-14,1.431557756e-13,8.839751997e-13,3.85665299e-14,2.050427119e-13,6.672889376e-14
140.140625,2.492551385e-13,2.49294918e-13,4.081898592e-13,9.244931804e-13,3.407961044e-14,2.73652586e-13,1.73160405e-13,1.616108104e-13,2.450074191e-14,2.9567202e-14,1.149142409e-13,1.443890252e-13,6.01832347e-14,1.535250969e-13,8.303806446e-13,8.696278804e-13,4.544535069e-13,1.853084871e-13,9.781465773e-14,4.606250717e-13,2.847683749e-14,3.060932675e-14,7.893354242e-14,1.21004902e-13,7.918298305e-14,1.180084411e-13,5.267224753e-14,1.420622526e-13,8.762559613e-13,3.837321051e-14,2.04387153e-13,6.664389661e-14
140.1484375,2.510721288e-13,2.487095788e-13,4.031919525e-13,9.222890055e-13,3.368493075e-14,2.742770718e-13,1.719990955e-13,1.628424868e-13,2.437378528e-14,2.97293153e-14,1.153018368e-13,1.427486185e-13,5.935533158e-14,1.541953049e-13,8.349672569e-13,8.781024528e-13,4.574387878e-13,1.84226765e-13,9.703660934e-14,4.633229365e-13,2.845884977e-14,3.058304518e-14,7.819680643e-14,1.217751199e-13,7.879217973e-14,1.164340822e-13,5.313993814e-14,1.411452512e-13,8.679028814e-13,3.822077566e-14,2.036121627e-13,6.656685209e-14
140.15625,2.530077466e-13,2.482467249e-13,3.979498354e-13,9.204239864e-13,3.334643211e-14,2.749734071e-13,1.707597533e-13,1.640183821e-13,2.424651735e-14,2.988206798e-14,1.156975528e-13,1.409904427e-13,5.854701352e-14,1.548179878e-13,8.394072131e-13,8.863100666e-13,4.60404658e-13,1.831842696e-13,9.630694843e-14,4.662507413e-13,2.8467722e-14,3.059245481e-14,7.747018455e-14,1.224458506e-13,7.837255624e-14,1.148357494e-13,5.359857394e-14,1.404648089e-13,8.591603e-13,3.810309787e-14,2.027325052e-13,6.652518008e-14
140.1640625,2.548685643e-13,2.475755075e-13,3.927232238e-13,9.182185448e-13,3.30303573e-14,2.755788011e-13,1.694555613e-13,1.651408321e-13,2.413962168e-14,3.005682632e-14,1.161543057e-13,1.392832059e-13,5.775475418e-14,1.554629793e-13,8.433565396e-13,8.938384319e-13,4.631932894e-13,1.821953257e-13,9.558658258e-14,4.69187403e-13,2.84838982e-14,3.062236786e-14,7.674301875e-14,1.230538796e-13,7.792164797e-14,1.131846683e-13,5.401418192e-14,1.397229866e-13,8.503033161e-13,3.802157263e-14,2.018974219e-13,6.650464046e-14
140.171875,2.56581366e-13,2.469923471e-13,3.875216627e-13,9.150643972e-13,3.272346313e-14,2.758816332e-13,1.680773002e-13,1.663128097e-13,2.405442934e-14,3.025435503e-14,1.166306813e-13,1.376642643e-13,5.69626511e-14,1.560096611e-13,8.466230111e-13,9.006498731e-13,4.655792902e-13,1.811300222e-13,9.480951915e-14,4.720191145e-13,2.854340576e-14,3.06260912e-14,7.603489493e-14,1.237153808e-13,7.744033985e-14,1.114906109e-13,5.43864377e-14,1.388857192e-13,8.412974835e-13,3.795517982e-14,2.011381788e-13,6.646075775e-14
140.1796875,2.581210977e-13,2.465948398e-13,3.820904756e-13,9.1167126e-13,3.242117177e-14,2.760220838e-13,1.665746645e-13,1.675443983e-13,2.398977182e-14,3.044624898e-14,1.171304771e-13,1.360550211e-13,5.619000748e-14,1.563719778e-13,8.493974289e-13,9.069690585e-13,4.675853443e-13,1.799829647e-13,9.40165978e-14,4.748495788e-13,2.868370975e-14,3.060881476e-14,7.531836536e-14,1.243298521e-13,7.693900864e-14,1.097294261e-13,5.471358124e-14,1.381449973e-13,8.319783749e-13,3.788299603e-14,2.00323826e-13,6.637177228e-14
140.1875,2.597736095e-13,2.460242671e-13,3.76316023e-13,9.084006515e-13,3.213593043e-14,2.762184576e-13,1.649419041e-13,1.687376121e-13,2.39548953e-14,3.064429518e-14,1.176482336e-13,1.344266891e-13,5.546200849e-14,1.566767195e-13,8.51835535e-13,9.128657266e-13,4.694947423e-13,1.789613772e-13,9.331224477e-14,4.775567648e-13,2.887103563e-14,3.061486722e-14,7.454712213e-14,1.248251533e-13,7.643093713e-14,1.078940055e-13,5.500049775e-14,1.374703796e-13,8.223258884e-13,3.784231215e-14,1.994582449e-13,6.627728003e-14
140.1953125,2.617706984e-13,2.454829109e-13,3.703210805e-13,9.048050267e-13,3.193428473e-14,2.763662722e-13,1.631977321e-13,1.698820724e-13,2.39469305e-14,3.085711659e-14,1.181258764e-13,1.327548378e-13,5.473991112e-14,1.569558639e-13,8.540718345e-13,9.185653383e-13,4.713927999e-13,1.781386968e-13,9.269875364e-14,4.801704812e-13,2.908275329e-14,3.065444797e-14,7.374882188e-14,1.253456847e-13,7.59011687e-14,1.060491143e-13,5.530971827e-14,1.368690134e-13,8.122648807e-13,3.786218464e-14,1.986210686e-13,6.623685218e-14
140.203125,2.63825689e-13,2.451920596e-13,3.642806237e-13,9.008545171e-13,3.180617574e-14,2.763498727e-13,1.61363987e-13,1.710065445e-13,2.394380827e-14,3.104973678e-14,1.185948369e-13,1.310377326e-13,5.39783831e-14,1.571015151e-13,8.56109341e-13,9.240639174e-13,4.730474567e-13,1.77334592e-13,9.206688688e-14,4.829059499e-13,2.934122798e-14,3.069479282e-14,7.294393021e-14,1.259552162e-13,7.531553866e-14,1.042153808e-13,5.562633078e-14,1.364163992e-13,8.018259825e-13,3.789570333e-14,1.977471591e-13,6.623585171e-14
140.2109375,2.656145323e-13,2.447709274e-13,3.58337802e-13,8.966401347e-13,3.164120482e-14,2.762998725e-13,1.595318899e-13,1.720640485e-13,2.395009684e-14,3.122678741e-14,1.191251805e-13,1.293834716e-13,5.318514024e-14,1.571557155e-13,8.576970834e-13,9.288219676e-13,4.743160946e-13,1.763896156e-13,9.13918884e-14,4.856608156e-13,2.963854924e-14,3.072236373e-14,7.209625677e-14,1.265306164e-13,7.467660691e-14,1.023669839e-13,5.586674601e-14,1.359471097e-13,7.91372391e-13,3.791728516e-14,1.968712919e-13,6.622114907e-14
140.21875,2.67218321e-13,2.442406023e-13,3.524704113e-13,8.920059133e-13,3.142255157e-14,2.762478197e-13,1.577708699e-13,1.730516946e-13,2.398967553e-14,3.143999931e-14,1.196702494e-13,1.278191511e-13,5.238088791e-14,1.571807163e-13,8.587593249e-13,9.327600778e-13,4.752906405e-13,1.752998078e-13,9.074936375e-14,4.883246993e-13,2.995020832e-14,3.07571679e-14,7.122215294e-14,1.270083961e-13,7.400867239e-14,1.00499676e-13,5.605663682e-14,1.354202805e-13,7.809655028e-13,3.797615005e-14,1.961255738e-13,6.620201346e-14
140.2265625,2.688276518e-13,2.438862009e-13,3.464559902e-13,8.871417522e-13,3.123979275e-14,2.760376107e-13,1.559854472e-13,1.740315676e-13,2.404559042e-14,3.168369948e-14,1.201814087e-13,1.262061562e-13,5.158835292e-14,1.570615355e-13,8.593782229e-13,9.363274514e-13,4.76074894e-13,1.741312556e-13,9.011831137e-14,4.909895346e-13,3.02783019e-14,3.079940949e-14,7.037938266e-14,1.274441695e-13,7.330645447e-14,9.859252018e-14,5.622232333e-14,1.350213324e-13,7.70336732e-13,3.807772152e-14,1.953656139e-13,6.61941788e-14
140.234375,2.704588602e-13,2.434875952e-13,3.402459458e-13,8.821873615e-13,3.114098354e-14,2.756873678e-13,1.540496525e-13,1.749828265e-13,2.409490491e-14,3.189581238e-14,1.207101138e-13,1.245343527e-13,5.082580872e-14,1.567647713e-13,8.594578471e-13,9.394456683e-13,4.766361691e-13,1.729306315e-13,8.944907446e-14,4.936170345e-13,3.063134666e-14,3.083801508e-14,6.955686588e-14,1.278544497e-13,7.256436262e-14,9.665484809e-14,5.630617005e-14,1.346922265e-13,7.596181324e-13,3.817321692e-14,1.944643925e-13,6.616938979e-14
140.2421875,2.72063443e-13,2.430925771e-13,3.340798411e-13,8.769573632e-13,3.110599702e-14,2.753788022e-13,1.519929546e-13,1.758581023e-13,2.416220786e-14,3.205330651e-14,1.212750478e-13,1.22938585e-13,5.007173387e-14,1.564607982e-13,8.590551982e-13,9.418588322e-13,4.768984324e-13,1.717092396e-13,8.881976567e-14,4.962191703e-13,3.103648809e-14,3.0889624e-14,6.870532299e-14,1.281952548e-13,7.179450341e-14,9.474249475e-14,5.634487504e-14,1.34334962e-13,7.489409788e-13,3.828218324e-14,1.936336927e-13,6.614563684e-14
140.25,2.736250639e-13,2.429950493e-13,3.280286778e-13,8.715941006e-13,3.108724245e-14,2.751036257e-13,1.499031133e-13,1.766965956e-13,2.426106166e-14,3.217878066e-14,1.218506217e-13,1.213905664e-13,4.93203802e-14,1.562161793e-13,8.583783265e-13,9.437890616e-13,4.769205905e-13,1.704967017e-13,8.826228407e-14,4.988607525e-13,3.151788601e-14,3.095572017e-14,6.781889584e-14,1.284789795e-13,7.098448885e-14,9.284228078e-14,5.640228376e-14,1.340465324e-13,7.380778253e-13,3.844983967e-14,1.929244185e-13,6.616155836e-14
140.2578125,2.751277347e-13,2.428489376e-13,3.219445092e-13,8.661855511e-13,3.104618929e-14,2.746944611e-13,1.477933367e-13,1.775251036e-13,2.43666113e-14,3.229078139e-14,1.224595207e-13,1.197808359e-13,4.861313287e-14,1.559034505e-13,8.572820761e-13,9.452530708e-13,4.767907477e-13,1.693142955e-13,8.769367079e-14,5.012888864e-13,3.202621811e-14,3.101523486e-14,6.692948395e-14,1.287722984e-13,7.012663324e-14,9.091309899e-14,5.64178061e-14,1.337718883e-13,7.271177093e-13,3.864854437e-14,1.921460196e-13,6.617968692e-14
140.265625,2.766397865e-13,2.424797513e-13,3.158480993e-13,8.603992645e-13,3.099312492e-14,2.741382505e-13,1.456595809e-13,1.78332889e-13,2.448217272e-14,3.242136738e-14,1.230833948e-13,1.181663762e-13,4.793450155e-14,1.554707177e-13,8.556404807e-13,9.460280752e-13,4.764404571e-13,1.680963931e-13,8.710528174e-14,5.034101717e-13,3.251139538e-14,3.108571798e-14,6.606370842e-14,1.290739397e-13,6.925754613e-14,8.89718776e-14,5.63811644e-14,1.334444184e-13,7.162156354e-13,3.884257813e-14,1.913463088e-13,6.618408218e-14
140.2734375,2.781961876e-13,2.423107487e-13,3.098048745e-13,8.543898648e-13,3.097034656e-14,2.735425866e-13,1.434987834e-13,1.791620252e-13,2.463381818e-14,3.260901817e-14,1.236552719e-13,1.166235362e-13,4.721730826e-14,1.54948037e-13,8.537138096e-13,9.463691274e-13,4.758201337e-13,1.667661239e-13,8.652077397e-14,5.056576862e-13,3.300969631e-14,3.11853215e-14,6.521759797e-14,1.293223545e-13,6.838485857e-14,8.70387975e-14,5.637083931e-14,1.332038253e-13,7.051252626e-13,3.903455442e-14,1.905862263e-13,6.623129096e-14
140.28125,2.795519586e-13,2.423124378e-13,3.037004927e-13,8.4866785e-13,3.099496355e-14,2.729059959e-13,1.412670787e-13,1.800097617e-13,2.480656558e-14,3.281619014e-14,1.242039279e-13,1.151020584e-13,4.647963337e-14,1.542663214e-13,8.515615114e-13,9.464763621e-13,4.749722948e-13,1.653582085e-13,8.592473824e-14,5.082942002e-13,3.354290786e-14,3.128103012e-14,6.438175039e-14,1.295059528e-13,6.747309328e-14,8.513573154e-14,5.635804392e-14,1.330551423e-13,6.939077263e-13,3.923309525e-14,1.897046004e-13,6.630458203e-14
140.2890625,2.806086577e-13,2.422686069e-13,2.97530582e-13,8.4304743e-13,3.104005366e-14,2.721974289e-13,1.389759805e-13,1.807794446e-13,2.496812708e-14,3.297101408e-14,1.247629716e-13,1.135751379e-13,4.579560395e-14,1.53429745e-13,8.490236893e-13,9.460658371e-13,4.738625461e-13,1.639849603e-13,8.537523746e-14,5.111083043e-13,3.407269467e-14,3.135502253e-14,6.356844425e-14,1.296492403e-13,6.654310053e-14,8.327388148e-14,5.628961455e-14,1.329261448e-13,6.828711344e-13,3.946080923e-14,1.887229443e-13,6.633258131e-14
140.296875,2.816741083e-13,2.423787371e-13,2.914627619e-13,8.370501105e-13,3.107629608e-14,2.714694228e-13,1.367141424e-13,1.814784909e-13,2.5125412e-14,3.30954781e-14,1.252794104e-13,1.120902669e-13,4.516605446e-14,1.52586062e-13,8.46181723e-13,9.450782143e-13,4.724694018e-13,1.626491903e-13,8.48879283e-14,5.138546078e-13,3.459901656e-14,3.142115621e-14,6.276704535e-14,1.297759263e-13,6.562954853e-14,8.138764973e-14,5.621147813e-14,1.328814458e-13,6.718691619e-13,3.972275309e-14,1.877882252e-13,6.633061267e-14
140.3046875,2.827762187e-13,2.425213044e-13,2.855181515e-13,8.307164853e-13,3.111090749e-14,2.707060547e-13,1.344757169e-13,1.822110373e-13,2.530425246e-14,3.324541259e-14,1.257961997e-13,1.106534722e-13,4.454819675e-14,1.517129707e-13,8.429843672e-13,9.435366561e-13,4.707578595e-13,1.611608707e-13,8.435038477e-14,5.164296443e-13,3.514833421e-14,3.14796674e-14,6.194338665e-14,1.29941891e-13,6.467010991e-14,7.943284569e-14,5.610809721e-14,1.328604738e-13,6.607664041e-13,3.998090006e-14,1.868759171e-13,6.633825351e-14
140.3125,2.836857883e-13,2.423874614e-13,2.795942026e-13,8.24311749e-13,3.11663354e-14,2.698393216e-13,1.321824597e-13,1.829636413e-13,2.55082707e-14,3.340891426e-14,1.264167841e-13,1.092180924e-13,4.394773264e-14,1.507206133e-13,8.392500656e-13,9.412115462e-13,4.685703686e-13,1.594565164e-13,8.377654104e-14,5.188520713e-13,3.571608841e-14,3.155157041e-14,6.112071933e-14,1.301508076e-13,6.362722767e-14,7.74682204e-14,5.590982966e-14,1.327542009e-13,6.496915573e-13,4.023064554e-14,1.860112496e-13,6.635500862e-14
140.3203125,2.8453715e-13,2.422131081e-13,2.736659086e-13,8.179538139e-13,3.125625164e-14,2.689173495e-13,1.298644134e-13,1.836808161e-13,2.572542445e-14,3.357923609e-14,1.270999506e-13,1.077586802e-13,4.339108191e-14,1.497207739e-13,8.352719553e-13,9.384714002e-13,4.660745823e-13,1.578069407e-13,8.326889347e-14,5.212388584e-13,3.630920608e-14,3.166364326e-14,6.035452738e-14,1.302999465e-13,6.260487348e-14,7.554485262e-14,5.568436353e-14,1.326377909e-13,6.385877154e-13,4.04996918e-14,1.852325763e-13,6.640024953e-14
140.328125,2.853898061e-13,2.421973288e-13,2.677998437e-13,8.116188771e-13,3.138464096e-14,2.679523962e-13,1.27568602e-13,1.844024814e-13,2.594600616e-14,3.377236684e-14,1.277946124e-13,1.063009324e-13,4.286132999e-14,1.486946821e-13,8.311952251e-13,9.359161796e-13,4.63743903e-13,1.563608737e-13,8.275327617e-14,5.23626988e-13,3.694176287e-14,3.177302845e-14,5.963848195e-14,1.303544185e-13,6.166527224e-14,7.365330075e-14,5.551112905e-14,1.325353697e-13,6.274734045e-13,4.078589421e-14,1.843900444e-13,6.647123788e-14
140.3359375,2.860232778e-13,2.421519132e-13,2.62093981e-13,8.050675913e-13,3.153950573e-14,2.668191328e-13,1.252361741e-13,1.851062382e-13,2.616521732e-14,3.395970548e-14,1.285362805e-13,1.048779471e-13,4.233333109e-14,1.47439184e-13,8.264714201e-13,9.330394607e-13,4.615122049e-13,1.549081985e-13,8.21538197e-14,5.258936133e-13,3.759937123e-14,3.1836353e-14,5.893229194e-14,1.303648352e-13,6.072601266e-14,7.177342837e-14,5.530986214e-14,1.324126042e-13,6.16505391e-13,4.109524999e-14,1.834486824e-13,6.652633482e-14
140.34375,2.86512645e-13,2.419654467e-13,2.565050876e-13,7.980237695e-13,3.171401224e-14,2.655257755e-13,1.228794073e-13,1.856788548e-13,2.638614841e-14,3.413333926e-14,1.292899693e-13,1.03474653e-13,4.182463133e-14,1.460397096e-13,8.2098773e-13,9.291918377e-13,4.589414403e-13,1.533562108e-13,8.154768382e-14,5.278849557e-13,3.827655993e-14,3.188154007e-14,5.82270785e-14,1.30281638e-13,5.97503372e-14,6.989932253e-14,5.502108418e-14,1.323160901e-13,6.05520249e-13,4.143235172e-14,1.825141062e-13,6.6583778e-14
140.3515625,2.869142016e-13,2.416052039e-13,2.508751047e-13,7.906380815e-13,3.192171178e-14,2.642287839e-13,1.206238746e-13,1.861620679e-13,2.662426966e-14,3.433941049e-14,1.300228573e-13,1.02081248e-13,4.134111299e-14,1.446770876e-13,8.153673439e-13,9.248413005e-13,4.560485611e-13,1.518221215e-13,8.094485754e-14,5.296895036e-13,3.897075169e-14,3.192808536e-14,5.753545865e-14,1.300764556e-13,5.879152526e-14,6.805834108e-14,5.471425497e-14,1.321992124e-13,5.944701636e-13,4.175459996e-14,1.815661828e-13,6.667737054e-14
140.359375,2.869826763e-13,2.411723495e-13,2.452915494e-13,7.833732228e-13,3.216178079e-14,2.629170759e-13,1.184598082e-13,1.867302986e-13,2.690172761e-14,3.458062362e-14,1.308020653e-13,1.00750265e-13,4.084907575e-14,1.432327621e-13,8.097801791e-13,9.204169297e-13,4.529580013e-13,1.502703911e-13,8.030201814e-14,5.317042109e-13,3.966254667e-14,3.197016773e-14,5.687503781e-14,1.299041173e-13,5.784043761e-14,6.628940502e-14,5.442622942e-14,1.320236996e-13,5.83709992e-13,4.206037442e-14,1.806510177e-13,6.678545748e-14
140.3671875,2.867535845e-13,2.409147384e-13,2.399508293e-13,7.762859049e-13,3.242137809e-14,2.6144816e-13,1.162470063e-13,1.873940652e-13,2.722012171e-14,3.481332869e-14,1.31639788e-13,9.949601134e-14,4.03630525e-14,1.416270905e-13,8.038938732e-13,9.155836111e-13,4.494653544e-13,1.486448661e-13,7.967369542e-14,5.340745231e-13,4.037007085e-14,3.202574689e-14,5.62542441e-14,1.298275329e-13,5.685761086e-14,6.458241395e-14,5.411863586e-14,1.319008823e-13,5.732394788e-13,4.240151037e-14,1.798523953e-13,6.690757344e-14
140.375,2.86445996e-13,2.407090721e-13,2.347058642e-13,7.689912868e-13,3.270506022e-14,2.598251828e-13,1.139721917e-13,1.879904567e-13,2.754019492e-14,3.500094255e-14,1.325072754e-13,9.82391586e-14,3.993330128e-14,1.399798389e-13,7.975654205e-13,9.100822336e-13,4.455320084e-13,1.470452738e-13,7.90636199e-14,5.363910045e-13,4.111948413e-14,3.209009652e-14,5.566584716e-14,1.296974069e-13,5.586065974e-14,6.287795476e-14,5.376320297e-14,1.318501236e-13,5.627043125e-13,4.27685499e-14,1.789765328e-13,6.705028547e-14
140.3828125,2.860974819e-13,2.403122376e-13,2.29346226e-13,7.613958651e-13,3.302778786e-14,2.581628456e-13,1.117367018e-13,1.88460578e-13,2.78243351e-14,3.512290505e-14,1.334239315e-13,9.692633592e-14,3.953759841e-14,1.383089073e-13,7.907484832e-13,9.039031969e-13,4.413467098e-13,1.454646569e-13,7.839061144e-14,5.383421121e-13,4.186399744e-14,3.21303205e-14,5.512054609e-14,1.294565184e-13,5.485047218e-14,6.112976562e-14,5.335760746e-14,1.318350924e-13,5.52101608e-13,4.312686515e-14,1.778492018e-13,6.717633272e-14
140.390625,2.857666489e-13,2.398696347e-13,2.239571212e-13,7.537260288e-13,3.340418154e-14,2.564939957e-13,1.09557595e-13,1.888974548e-13,2.808648377e-14,3.521577378e-14,1.34359214e-13,9.558171758e-14,3.914036912e-14,1.365844325e-13,7.835360215e-13,8.971221494e-13,4.369354597e-13,1.438121031e-13,7.767183192e-14,5.400787889e-13,4.254731881e-14,3.215068345e-14,5.462984866e-14,1.291533725e-13,5.380735948e-14,5.936745617e-14,5.292749059e-14,1.318679294e-13,5.415445325e-13,4.348732394e-14,1.765811194e-13,6.729833757e-14
140.3984375,2.85403046e-13,2.393964982e-13,2.186213594e-13,7.459895407e-13,3.381489701e-14,2.547597883e-13,1.073716972e-13,1.893229929e-13,2.836016734e-14,3.533252638e-14,1.352809689e-13,9.423952837e-14,3.877471016e-14,1.348338406e-13,7.762244104e-13,8.900387161e-13,4.323040738e-13,1.421662996e-13,7.696976052e-14,5.417837004e-13,4.318368044e-14,3.216908505e-14,5.416004975e-14,1.28748658e-13,5.276593723e-14,5.766701496e-14,5.248872595e-14,1.318382872e-13,5.309438718e-13,4.384724908e-14,1.752772357e-13,6.747071439e-14
140.40625,2.847931107e-13,2.38718949e-13,2.133617239e-13,7.380642326e-13,3.422094768e-14,2.528972413e-13,1.05163419e-13,1.896691353e-13,2.865800965e-14,3.544868398e-14,1.36249975e-13,9.292728033e-14,3.844974827e-14,1.329893066e-13,7.687903856e-13,8.828152386e-13,4.27532235e-13,1.406093761e-13,7.625797389e-14,5.435188151e-13,4.382711608e-14,3.218275699e-14,5.368484589e-14,1.282776001e-13,5.176200865e-14,5.604561493e-14,5.200280453e-14,1.31714193e-13,5.204569727e-13,4.420490183e-14,1.739619165e-13,6.768107665e-14
140.4140625,2.83931187e-13,2.380009121e-13,2.083209417e-13,7.299372523e-13,3.466119478e-14,2.508898251e-13,1.029855923e-13,1.89963037e-13,2.898359734e-14,3.554867242e-14,1.372997444e-13,9.166612974e-14,3.813839197e-14,1.310010115e-13,7.609936046e-13,8.752924772e-13,4.225749444e-13,1.390547069e-13,7.549812856e-14,5.453121983e-13,4.45282949e-14,3.219120394e-14,5.323142053e-14,1.27893202e-13,5.078660365e-14,5.446035173e-14,5.144813002e-14,1.316620199e-13,5.103514041e-13,4.459894093e-14,1.726465829e-13,6.790393389e-14
140.421875,2.829164082e-13,2.373722968e-13,2.034714671e-13,7.21672586e-13,3.518359669e-14,2.488045733e-13,1.008727201e-13,1.902634182e-13,2.93272255e-14,3.56768526e-14,1.384118443e-13,9.044758086e-14,3.787466723e-14,1.290017609e-13,7.529122143e-13,8.673395636e-13,4.173861521e-13,1.374593019e-13,7.472282602e-14,5.470159686e-13,4.528275746e-14,3.219369764e-14,5.283226763e-14,1.275624286e-13,4.98307768e-14,5.289542469e-14,5.086106206e-14,1.316601739e-13,5.0038387e-13,4.502674909e-14,1.712788548e-13,6.815499336e-14
140.4296875,2.817992342e-13,2.367208399e-13,1.985573815e-13,7.134813883e-13,3.570949502e-14,2.467363304e-13,9.878657719e-14,1.905163296e-13,2.966325724e-14,3.580751897e-14,1.395521942e-13,8.924610586e-14,3.769048381e-14,1.270948628e-13,7.447367137e-13,8.589630157e-13,4.120311548e-13,1.359024575e-13,7.398842324e-14,5.484846624e-13,4.601064483e-14,3.219422339e-14,5.249008347e-14,1.27131005e-13,4.887768782e-14,5.137102691e-14,5.029071972e-14,1.315795914e-13,4.902398124e-13,4.545304196e-14,1.698990817e-13,6.842918362e-14
140.4375,2.806478794e-13,2.360731582e-13,1.935146923e-13,7.054483495e-13,3.617221876e-14,2.446477241e-13,9.669732312e-14,1.907137067e-13,2.99924739e-14,3.588985678e-14,1.406272662e-13,8.803277868e-14,3.753364183e-14,1.252041321e-13,7.36531942e-13,8.503344429e-13,4.064965454e-13,1.343869683e-13,7.329634134e-14,5.499073561e-13,4.665910601e-14,3.220783914e-14,5.217806881e-14,1.266294979e-13,4.79033032e-14,4.990055356e-14,4.977607954e-14,1.314598713e-13,4.801470955e-13,4.589329036e-14,1.686073383e-13,6.871541948e-14
140.4453125,2.793665993e-13,2.353834184e-13,1.884976703e-13,6.972882007e-13,3.662964703e-14,2.424168509e-13,9.464647959e-14,1.909602665e-13,3.034318037e-14,3.597914262e-14,1.416513006e-13,8.679797786e-14,3.736274581e-14,1.232326365e-13,7.282686849e-13,8.416128808e-13,4.007181725e-13,1.328350858e-13,7.259343738e-14,5.51500051e-13,4.726978513e-14,3.222499522e-14,5.187530487e-14,1.261484794e-13,4.692763789e-14,4.847374623e-14,4.927266611e-14,1.312721294e-13,4.703166866e-13,4.635057652e-14,1.673200442e-13,6.903259231e-14
140.453125,2.778465634e-13,2.345207427e-13,1.836633955e-13,6.888834434e-13,3.713577315e-14,2.400811795e-13,9.264923041e-14,1.912446623e-13,3.072228527e-14,3.61087478e-14,1.428217762e-13,8.559978533e-14,3.722210302e-14,1.211792973e-13,7.197381055e-13,8.326226436e-13,3.94781645e-13,1.31290847e-13,7.18657257e-14,5.531122753e-13,4.790241109e-14,3.222929709e-14,5.161184077e-14,1.256662369e-13,4.59825339e-14,4.707280611e-14,4.867552978e-14,1.309579482e-13,4.606371667e-13,4.678558609e-14,1.659798208e-13,6.937760685e-14
140.4609375,2.761903035e-13,2.335885159e-13,1.791180697e-13,6.803676921e-13,3.771310609e-14,2.37770799e-13,9.06732131e-14,1.914583321e-13,3.111015235e-14,3.621036034e-14,1.44189433e-13,8.449501413e-14,3.716959431e-14,1.190779776e-13,7.108744336e-13,8.233095214e-13,3.888457576e-13,1.298982406e-13,7.114514611e-14,5.545168771e-13,4.855751001e-14,3.222912784e-14,5.139915406e-14,1.251877707e-13,4.507385518e-14,4.570536272e-14,4.802873611e-14,1.306242627e-13,4.512477039e-13,4.721768397e-14,1.64693501e-13,6.972151786e-14
140.46875,2.744436332e-13,2.325697014e-13,1.747555823e-13,6.716820894e-13,3.834398573e-14,2.354409946e-13,8.874030104e-14,1.916139716e-13,3.149119491e-14,3.626403635e-14,1.455834446e-13,8.341578317e-14,3.71713019e-14,1.16942784e-13,7.019491332e-13,8.140047509e-13,3.829618772e-13,1.286467176e-13,7.043137165e-14,5.557141607e-13,4.918107551e-14,3.221803892e-14,5.118667665e-14,1.247250182e-13,4.421640236e-14,4.438520687e-14,4.747242225e-14,1.302880542e-13,4.423019443e-13,4.769978349e-14,1.634275144e-13,7.0060901e-14
140.4765625,2.72689101e-13,2.314145785e-13,1.703396399e-13,6.629763423e-13,3.891260691e-14,2.329779052e-13,8.686378827e-14,1.917716342e-13,3.186763322e-14,3.630887476e-14,1.469285325e-13,8.22538657e-14,3.713409403e-14,1.148005672e-13,6.930529744e-13,8.047703127e-13,3.77105881e-13,1.273739009e-13,6.973101705e-14,5.567738695e-13,4.974223279e-14,3.218881466e-14,5.09792719e-14,1.241872624e-13,4.340852587e-14,4.310091678e-14,4.699204941e-14,1.299332462e-13,4.334233835e-13,4.822354244e-14,1.620722285e-13,7.041124277e-14
140.484375,2.711284166e-13,2.304261739e-13,1.659109846e-13,6.546112465e-13,3.940064078e-14,2.304423516e-13,8.499440125e-14,1.919195312e-13,3.225275653e-14,3.634232249e-14,1.482839143e-13,8.103477061e-14,3.708818874e-14,1.127032065e-13,6.841050103e-13,7.955014055e-13,3.713097e-13,1.260977607e-13,6.907839387e-14,5.577809748e-13,5.028855303e-14,3.217051202e-14,5.082920699e-14,1.235555446e-13,4.262202907e-14,4.185074286e-14,4.651553597e-14,1.296728404e-13,4.244294984e-13,4.87606407e-14,1.607123388e-13,7.077871574e-14
140.4921875,2.696196931e-13,2.295595149e-13,1.616961673e-13,6.463383066e-13,3.994524779e-14,2.279777963e-13,8.317691628e-14,1.920519197e-13,3.265699637e-14,3.636129619e-14,1.496840395e-13,7.988661687e-14,3.71678575e-14,1.106868363e-13,6.752587282e-13,7.864035576e-13,3.656581696e-13,1.250182223e-13,6.844965758e-14,5.588146691e-13,5.085979353e-14,3.216947299e-14,5.071563123e-14,1.229255609e-13,4.188519958e-14,4.065423967e-14,4.607116107e-14,1.294067353e-13,4.157662039e-13,4.930503625e-14,1.594529869e-13,7.11573732e-14
140.5,2.678847783e-13,2.283915081e-13,1.577455325e-13,6.378234723e-13,4.05391628e-14,2.256008531e-13,8.149906298e-14,1.921778641e-13,3.307935268e-14,3.638692671e-14,1.511462095e-13,7.887659947e-14,3.735212912e-14,1.08739319e-13,6.665520644e-13,7.774273169e-13,3.601270059e-13,1.240917326e-13,6.781886858e-14,5.597473211e-13,5.142887615e-14,3.215856359e-14,5.061649072e-14,1.223014747e-13,4.122768766e-14,3.951472108e-14,4.565546158e-14,1.289564973e-13,4.076162214e-13,4.984723984e-14,1.58260046e-13,7.153036003e-14
140.5078125,2.659359059e-13,2.270993528e-13,1.540023659e-13,6.293649494e-13,4.108275084e-14,2.231536969e-13,7.98732604e-14,1.923068259e-13,3.349938442e-14,3.641659726e-14,1.526673746e-13,7.794053624e-14,3.750709183e-14,1.067649672e-13,6.577217916e-13,7.681613542e-13,3.544954556e-13,1.230655329e-13,6.72247615e-14,5.605136159e-13,5.198955557e-14,3.21326307e-14,5.055967797e-14,1.21657917e-13,4.057438879e-14,3.84066802e-14,4.521566286e-14,1.284587773e-13,3.996951547e-13,5.038711082e-14,1.570710105e-13,7.18911544e-14
140.515625,2.637395681e-13,2.259857849e-13,1.503948804e-13,6.210069294e-13,4.163517236e-14,2.204802911e-13,7.819655465e-14,1.924692886e-13,3.389264702e-14,3.644417096e-14,1.542162533e-13,7.697424331e-14,3.764412385e-14,1.046598322e-13,6.486541866e-13,7.585748543e-13,3.485936229e-13,1.219525583e-13,6.664919639e-14,5.613457849e-13,5.255629839e-14,3.209161097e-14,5.052607306e-14,1.21040688e-13,3.988174482e-14,3.729357272e-14,4.477587947e-14,1.279771197e-13,3.919243055e-13,5.093208077e-14,1.55853865e-13,7.226718959e-14
140.5234375,2.612830147e-13,2.248271725e-13,1.467951588e-13,6.124392129e-13,4.223864827e-14,2.176788292e-13,7.654956203e-14,1.926039775e-13,3.428155976e-14,3.646558479e-14,1.558186512e-13,7.59688202e-14,3.78278203e-14,1.024899154e-13,6.394006532e-13,7.488555146e-13,3.425512596e-13,1.209018269e-13,6.603217986e-14,5.621964785e-13,5.309425987e-14,3.204368686e-14,5.050262487e-14,1.203871877e-13,3.922030948e-14,3.619082507e-14,4.437714483e-14,1.273954913e-13,3.843400939e-13,5.14761616e-14,1.546093869e-13,7.268274628e-14
140.53125,2.58841743e-13,2.236312941e-13,1.431992286e-13,6.038574753e-13,4.282900342e-14,2.149327312e-13,7.497181547e-14,1.925998129e-13,3.471468858e-14,3.646226196e-14,1.575117957e-13,7.498953899e-14,3.802476472e-14,1.003905579e-13,6.299489118e-13,7.389129042e-13,3.365182439e-13,1.198047879e-13,6.541676314e-14,5.627339722e-13,5.359337233e-14,3.202567486e-14,5.054783377e-14,1.19610974e-13,3.85995286e-14,3.517012379e-14,4.399974887e-14,1.268657817e-13,3.768576745e-13,5.203496694e-14,1.533471346e-13,7.312367527e-14
140.5390625,2.564859906e-13,2.225888712e-13,1.397400889e-13,5.953576435e-13,4.34214896e-14,2.121369481e-13,7.337294241e-14,1.9253159e-13,3.517631988e-14,3.645540147e-14,1.59237726e-13,7.405079783e-14,3.824132988e-14,9.832097185e-14,6.203324124e-13,7.286636847e-13,3.30385708e-13,1.185997425e-13,6.48557696e-14,5.630777969e-13,5.409532805e-14,3.203081001e-14,5.067119344e-14,1.188434368e-13,3.796935841e-14,3.422812437e-14,4.361331615e-14,1.264864086e-13,3.695654599e-13,5.263332692e-14,1.520720672e-13,7.358247698e-14
140.546875,2.540003177e-13,2.213692738e-13,1.36408029e-13,5.866073044e-13,4.401812688e-14,2.091229236e-13,7.177305244e-14,1.925190795e-13,3.5605286e-14,3.647844904e-14,1.60917987e-13,7.311321849e-14,3.85283967e-14,9.618583262e-14,6.107258836e-13,7.183049005e-13,3.241401951e-13,1.175240148e-13,6.431089709e-14,5.634603494e-13,5.457697536e-14,3.200765244e-14,5.082031631e-14,1.181577838e-13,3.737863081e-14,3.329554593e-14,4.321854979e-14,1.259608958e-13,3.625441904e-13,5.324922859e-14,1.508111575e-13,7.406202656e-14
140.5546875,2.513540176e-13,2.197779567e-13,1.330857232e-13,5.778952264e-13,4.45672792e-14,2.060331153e-13,7.027409464e-14,1.924913507e-13,3.599812075e-14,3.648734332e-14,1.625561805e-13,7.215644562e-14,3.88618732e-14,9.402156936e-14,6.014004013e-13,7.082018521e-13,3.180603165e-13,1.167064591e-13,6.377486744e-14,5.638060461e-13,5.498607023e-14,3.195921486e-14,5.098269623e-14,1.173937372e-13,3.687963163e-14,3.240124394e-14,4.285561838e-14,1.251814715e-13,3.556020465e-13,5.386003111e-14,1.495312227e-13,7.452632379e-14
140.5625,2.486748235e-13,2.18227288e-13,1.297901719e-13,5.696768217e-13,4.516064706e-14,2.030434223e-13,6.886323572e-14,1.924235313e-13,3.640345128e-14,3.644589506e-14,1.642338813e-13,7.119118237e-14,3.923509409e-14,9.189123955e-14,5.924798721e-13,6.985827164e-13,3.12284795e-13,1.160462949e-13,6.328682456e-14,5.643051897e-13,5.537042367e-14,3.192095889e-14,5.11583969e-14,1.165727238e-13,3.642664537e-14,3.160546275e-14,4.256001285e-14,1.244125191e-13,3.487184367e-13,5.448462309e-14,1.481702842e-13,7.496044709e-14
140.5703125,2.461400996e-13,2.169169766e-13,1.26625993e-13,5.614935914e-13,4.586333576e-14,2.001043317e-13,6.749712355e-14,1.92420814e-13,3.683354092e-14,3.641070453e-14,1.660488422e-13,7.024279748e-14,3.968816383e-14,8.985004903e-14,5.837132222e-13,6.892206264e-13,3.066855282e-13,1.154964116e-13,6.282972497e-14,5.650352324e-13,5.580054619e-14,3.189174648e-14,5.13304342e-14,1.158814177e-13,3.599760174e-14,3.085513155e-14,4.230706003e-14,1.237529771e-13,3.420862556e-13,5.512886146e-14,1.468178351e-13,7.540883578e-14
140.578125,2.438369555e-13,2.155822481e-13,1.23619755e-13,5.529594093e-13,4.653513118e-14,1.971703154e-13,6.619130634e-14,1.924091215e-13,3.72368284e-14,3.640237617e-14,1.679962081e-13,6.930362039e-14,4.019591648e-14,8.796034313e-14,5.748601977e-13,6.797348477e-13,3.011535557e-13,1.150377426e-13,6.237269261e-14,5.654217667e-13,5.624902667e-14,3.186264816e-14,5.151566601e-14,1.151881142e-13,3.561298299e-14,3.010293714e-14,4.206739722e-14,1.23080472e-13,3.356197013e-13,5.57838294e-14,1.455311724e-13,7.587241986e-14
140.5859375,2.414840534e-13,2.141222531e-13,1.206977358e-13,5.44449451e-13,4.714883466e-14,1.942355212e-13,6.492453038e-14,1.922570585e-13,3.757977134e-14,3.635180389e-14,1.699665117e-13,6.832292864e-14,4.0734968e-14,8.615960783e-14,5.660311062e-13,6.701189438e-13,2.955950685e-13,1.146201897e-13,6.191875999e-14,5.654339211e-13,5.66623945e-14,3.183686119e-14,5.175688711e-14,1.142812622e-13,3.526252918e-14,2.940067608e-14,4.184937195e-14,1.223543043e-13,3.291819619e-13,5.645923836e-14,1.441754759e-13,7.633228498e-14
140.59375,2.388774364e-13,2.126995353e-13,1.177816993e-13,5.360673642e-13,4.786966024e-14,1.911853474e-13,6.365422468e-14,1.920775846e-13,3.791947828e-14,3.624256414e-14,1.719354258e-13,6.731319104e-14,4.134548899e-14,8.433380762e-14,5.572694157e-13,6.605538031e-13,2.899501989e-13,1.14283981e-13,6.146606301e-14,5.65702832e-13,5.704472052e-14,3.181513539e-14,5.206486032e-14,1.133249318e-13,3.49488882e-14,2.877465331e-14,4.164968023e-14,1.215864968e-13,3.229560583e-13,5.714951616e-14,1.427760179e-13,7.683780535e-14
140.6015625,2.363103446e-13,2.112885978e-13,1.148983123e-13,5.275656714e-13,4.870832459e-14,1.879732134e-13,6.239815762e-14,1.919589418e-13,3.830856022e-14,3.613978705e-14,1.739953529e-13,6.634763868e-14,4.203432907e-14,8.248651668e-14,5.483740738e-13,6.510682774e-13,2.84395879e-13,1.140780433e-13,6.102680382e-14,5.660019679e-13,5.741613251e-14,3.179920312e-14,5.239644877e-14,1.124957421e-13,3.468760904e-14,2.817836552e-14,4.146155765e-14,1.207562477e-13,3.17046913e-13,5.783997433e-14,1.415346199e-13,7.738730794e-14
140.609375,2.339957445e-13,2.09749085e-13,1.121366295e-13,5.190762023e-13,4.953775354e-14,1.847403305e-13,6.117611494e-14,1.91786396e-13,3.87085471e-14,3.606992505e-14,1.76184303e-13,6.541841156e-14,4.278225605e-14,8.064470377e-14,5.393227373e-13,6.416668534e-13,2.79134955e-13,1.139640777e-13,6.06353903e-14,5.658354914e-13,5.778375912e-14,3.179001714e-14,5.271098969e-14,1.116795294e-13,3.446209284e-14,2.758458771e-14,4.130094722e-14,1.199256719e-13,3.11272615e-13,5.855331431e-14,1.404255409e-13,7.790769157e-14
140.6171875,2.317580736e-13,2.082529274e-13,1.095171916e-13,5.107368283e-13,5.035484302e-14,1.815647903e-13,5.99758165e-14,1.915427003e-13,3.909625637e-14,3.599412234e-14,1.784692909e-13,6.44686063e-14,4.359850579e-14,7.882350302e-14,5.30339985e-13,6.324381358e-13,2.740899647e-13,1.13917691e-13,6.028782445e-14,5.656854387e-13,5.815357543e-14,3.178841814e-14,5.303916252e-14,1.108137902e-13,3.427204122e-14,2.701807624e-14,4.117273816e-14,1.192068768e-13,3.055582174e-13,5.931640609e-14,1.393132631e-13,7.841822605e-14
140.625,2.294305765e-13,2.069214059e-13,1.070112144e-13,5.023421693e-13,5.12088399e-14,1.783529901e-13,5.881021249e-14,1.912890447e-13,3.948447009e-14,3.588199005e-14,1.80843931e-13,6.350193915e-14,4.447943234e-14,7.708144987e-14,5.215540906e-13,6.234093685e-13,2.691116131e-13,1.139660145e-13,5.995068947e-14,5.658077829e-13,5.851881146e-14,3.178819635e-14,5.342857184e-14,1.099556709e-13,3.414072846e-14,2.649837277e-14,4.10742125e-14,1.18511125e-13,3.000523303e-13,6.011917756e-14,1.381973046e-13,7.895117287e-14
140.6328125,2.270252427e-13,2.05431603e-13,1.046195829e-13,4.937233242e-13,5.208678053e-14,1.750449279e-13,5.768984079e-14,1.909519587e-13,3.982920363e-14,3.57497956e-14,1.833067893e-13,6.253585389e-14,4.541284115e-14,7.538965273e-14,5.128329119e-13,6.144231621e-13,2.641926936e-13,1.141317415e-13,5.962206811e-14,5.655849213e-13,5.887191007e-14,3.177104697e-14,5.386315944e-14,1.090696791e-13,3.4066817e-14,2.600467462e-14,4.100969965e-14,1.176210952e-13,2.948522927e-13,6.093204447e-14,1.3706858e-13,7.94445478e-14
140.640625,2.246712689e-13,2.037277276e-13,1.023542618e-13,4.848317832e-13,5.301687936e-14,1.717024164e-13,5.658379473e-14,1.905429407e-13,4.013691587e-14,3.563445224e-14,1.858081372e-13,6.158473298e-14,4.63979591e-14,7.366943565e-14,5.040300889e-13,6.053890383e-13,2.593348461e-13,1.143757208e-13,5.932828016e-14,5.648864798e-13,5.922029171e-14,3.174885071e-14,5.430539662e-14,1.08177042e-13,3.403596201e-14,2.552761012e-14,4.097296325e-14,1.165814143e-13,2.89873853e-13,6.173686292e-14,1.359633492e-13,7.9920314e-14
140.6484375,2.224325161e-13,2.021878647e-13,1.002123292e-13,4.757727368e-13,5.403895689e-14,1.683856873e-13,5.549854607e-14,1.902394859e-13,4.050926504e-14,3.554958558e-14,1.882998035e-13,6.068278796e-14,4.741806277e-14,7.198112436e-14,4.953410614e-13,5.966161818e-13,2.545612959e-13,1.146257781e-13,5.908388669e-14,5.641781339e-13,5.956619192e-14,3.175269266e-14,5.475415777e-14,1.073967893e-13,3.403507306e-14,2.510089676e-14,4.097005937e-14,1.156193635e-13,2.850143374e-13,6.256380583e-14,1.350354186e-13,8.049019927e-14
140.65625,2.201767707e-13,2.007161139e-13,9.817733617e-14,4.668803876e-13,5.508344221e-14,1.651011457e-13,5.448724756e-14,1.900534444e-13,4.093569872e-14,3.54755185e-14,1.908140094e-13,5.979855996e-14,4.847661724e-14,7.039028544e-14,4.870215095e-13,5.883238498e-13,2.500269214e-13,1.14936659e-13,5.887986753e-14,5.635444717e-13,5.992588726e-14,3.176475661e-14,5.523738857e-14,1.066831697e-13,3.406453213e-14,2.473612074e-14,4.101541619e-14,1.147341068e-13,2.803056343e-13,6.346247726e-14,1.342650592e-13,8.114578643e-14
140.6640625,2.178949604e-13,1.989790245e-13,9.621749003e-14,4.582534374e-13,5.608499323e-14,1.618307015e-13,5.353623607e-14,1.898401539e-13,4.132007354e-14,3.538836507e-14,1.934085086e-13,5.885958583e-14,4.961156178e-14,6.885442152e-14,4.788680025e-13,5.800902845e-13,2.457710686e-13,1.15434592e-13,5.870042595e-14,5.62892106e-13,6.033059277e-14,3.176053115e-14,5.577563511e-14,1.059106151e-13,3.41443837e-14,2.440776751e-14,4.107774402e-14,1.137974757e-13,2.757320038e-13,6.440819441e-14,1.334735912e-13,8.181730205e-14
140.671875,2.157638655e-13,1.972021333e-13,9.433208287e-14,4.496397579e-13,5.708767096e-14,1.58534118e-13,5.25889262e-14,1.895829247e-13,4.168183314e-14,3.528817031e-14,1.960552468e-13,5.788903017e-14,5.082203394e-14,6.738108153e-14,4.706037962e-13,5.716116453e-13,2.41619793e-13,1.160792056e-13,5.853816307e-14,5.623352695e-13,6.075177164e-14,3.17624913e-14,5.634727203e-14,1.051121215e-13,3.426512608e-14,2.411217015e-14,4.112484331e-14,1.128441246e-13,2.711568281e-13,6.533953704e-14,1.326362407e-13,8.251419543e-14
140.6796875,2.137590419e-13,1.956176842e-13,9.259595876e-14,4.40971044e-13,5.813284714e-14,1.552190487e-13,5.166422202e-14,1.893325595e-13,4.206462108e-14,3.519288124e-14,1.987311106e-13,5.695248081e-14,5.207476832e-14,6.601058142e-14,4.62395051e-13,5.633117975e-13,2.376144081e-13,1.167711425e-13,5.839460007e-14,5.618744866e-13,6.113347224e-14,3.178139718e-14,5.692204605e-14,1.043576946e-13,3.440814745e-14,2.385858393e-14,4.120335574e-14,1.119456159e-13,2.66686561e-13,6.626887948e-14,1.318428464e-13,8.32490569e-14
140.6875,2.117757809e-13,1.939979348e-13,9.107701748e-14,4.323301312e-13,5.923314072e-14,1.519791445e-13,5.079684967e-14,1.890572439e-13,4.243907443e-14,3.509769712e-14,2.014985206e-13,5.604944977e-14,5.336831735e-14,6.472856822e-14,4.54460102e-13,5.555187657e-13,2.340082068e-13,1.175533849e-13,5.828744683e-14,5.613524917e-13,6.149313156e-14,3.181085145e-14,5.7501524e-14,1.036284919e-13,3.460494333e-14,2.364734281e-14,4.138547559e-14,1.110562246e-13,2.625995832e-13,6.723165384e-14,1.311600031e-13,8.399326663e-14
140.6953125,2.09873556e-13,1.922677094e-13,8.973806007e-14,4.236663566e-13,6.042031236e-14,1.488450829e-13,4.994968696e-14,1.887223333e-13,4.281149978e-14,3.497393614e-14,2.043556069e-13,5.516674017e-14,5.47135231e-14,6.355617748e-14,4.467725314e-13,5.480441545e-13,2.307162755e-13,1.184740173e-13,5.824569355e-14,5.607153076e-13,6.188304388e-14,3.186647133e-14,5.808987297e-14,1.028939373e-13,3.486711947e-14,2.349222793e-14,4.167716514e-14,1.101191383e-13,2.58823657e-13,6.821869027e-14,1.306289412e-13,8.472888949e-14
140.703125,2.080906644e-13,1.906956738e-13,8.851799739e-14,4.150188569e-13,6.166462553e-14,1.457521757e-13,4.910488078e-14,1.883426681e-13,4.319935501e-14,3.483396377e-14,2.072623363e-13,5.432192132e-14,5.609350872e-14,6.251586188e-14,4.39294314e-13,5.407534929e-13,2.274717696e-13,1.194993035e-13,5.827425598e-14,5.599792667e-13,6.23312685e-14,3.194860029e-14,5.870704119e-14,1.021447474e-13,3.515653265e-14,2.338963175e-14,4.201948711e-14,1.091864047e-13,2.551210325e-13,6.924050667e-14,1.302003237e-13,8.544902343e-14
140.7109375,2.064337326e-13,1.894208039e-13,8.741935597e-14,4.064987637e-13,6.290468701e-14,1.426736599e-13,4.82970405e-14,1.879443828e-13,4.356894402e-14,3.472009649e-14,2.102786055e-13,5.351787871e-14,5.74933789e-14,6.154440334e-14,4.319545948e-13,5.336262024e-13,2.243239433e-13,1.206104443e-13,5.83427974e-14,5.591117017e-13,6.28311788e-14,3.203944741e-14,5.939049049e-14,1.014121933e-13,3.546880046e-14,2.330207999e-14,4.235917657e-14,1.083750239e-13,2.515408748e-13,7.031862392e-14,1.297935801e-13,8.616711801e-14
140.71875,2.048686365e-13,1.882794989e-13,8.641192152e-14,3.980825492e-13,6.416355734e-14,1.395614436e-13,4.75134054e-14,1.875537393e-13,4.39218087e-14,3.46126776e-14,2.133895681e-13,5.272454891e-14,5.894758925e-14,6.058363568e-14,4.246165656e-13,5.265598021e-13,2.213384383e-13,1.217762656e-13,5.841868032e-14,5.581545396e-13,6.331470271e-14,3.213506283e-14,6.010800033e-14,1.007415174e-13,3.581051626e-14,2.322909575e-14,4.270877489e-14,1.076847655e-13,2.481708365e-13,7.14103872e-14,1.29422901e-13,8.691743278e-14
140.7265625,2.032223686e-13,1.870741158e-13,8.545612157e-14,3.898139224e-13,6.546404453e-14,1.3636067e-13,4.671895557e-14,1.87173969e-13,4.428203606e-14,3.446719152e-14,2.164826669e-13,5.191591942e-14,6.049247206e-14,5.963463634e-14,4.173035335e-13,5.195750181e-13,2.183725331e-13,1.229385493e-13,5.84996461e-14,5.573186292e-13,6.375644858e-14,3.22295828e-14,6.080308471e-14,1.000649285e-13,3.615557612e-14,2.320642321e-14,4.31063263e-14,1.069994813e-13,2.44932706e-13,7.247574247e-14,1.290915323e-13,8.769019396e-14
140.734375,2.015388806e-13,1.858081697e-13,8.466502371e-14,3.817437833e-13,6.679868136e-14,1.332252795e-13,4.594010378e-14,1.867886925e-13,4.462829756e-14,3.431555132e-14,2.195932402e-13,5.111777493e-14,6.209357905e-14,5.875510135e-14,4.101315155e-13,5.12783446e-13,2.154836453e-13,1.24114108e-13,5.861174601e-14,5.566126851e-13,6.425698233e-14,3.232936046e-14,6.151049989e-14,9.928687018e-14,3.651179061e-14,2.322821721e-14,4.353886195e-14,1.062935823e-13,2.418184529e-13,7.355203488e-14,1.287519806e-13,8.84395222e-14
140.7421875,2.000747516e-13,1.845372406e-13,8.411781907e-14,3.736789928e-13,6.82255144e-14,1.302824237e-13,4.520461843e-14,1.864149521e-13,4.49618303e-14,3.419997381e-14,2.227646363e-13,5.037388262e-14,6.373704029e-14,5.802021692e-14,4.031051752e-13,5.062359667e-13,2.128715081e-13,1.253775106e-13,5.876491408e-14,5.556835523e-13,6.484690673e-14,3.244860519e-14,6.226683891e-14,9.848350289e-14,3.691836673e-14,2.326906199e-14,4.398531293e-14,1.055833227e-13,2.388835593e-13,7.467353879e-14,1.284429619e-13,8.916972587e-14
140.75,1.987449506e-13,1.832870645e-13,8.363528052e-14,3.655251364e-13,6.97512307e-14,1.273135959e-13,4.44900141e-14,1.860942772e-13,4.531984223e-14,3.409324231e-14,2.258812972e-13,4.966574232e-14,6.550030022e-14,5.73668832e-14,3.96200383e-13,5.000051761e-13,2.105053067e-13,1.267486246e-13,5.893723155e-14,5.545487978e-13,6.542616317e-14,3.255986991e-14,6.302229208e-14,9.777738794e-14,3.737772808e-14,2.334848561e-14,4.446973026e-14,1.048265581e-13,2.360889667e-13,7.581183161e-14,1.282530143e-13,8.99260614e-14
140.7578125,1.973744341e-13,1.822401332e-13,8.308515532e-14,3.5747397e-13,7.128002929e-14,1.241919216e-13,4.37835603e-14,1.858292638e-13,4.570068962e-14,3.397747171e-14,2.28913924e-13,4.895892246e-14,6.739581084e-14,5.668360203e-14,3.894742199e-13,4.941157844e-13,2.082939972e-13,1.281787371e-13,5.912924563e-14,5.537654587e-13,6.599423004e-14,3.265276894e-14,6.373465308e-14,9.714456551e-14,3.7870089e-14,2.349484598e-14,4.498852117e-14,1.040900421e-13,2.333472354e-13,7.694152294e-14,1.282007837e-13,9.071717017e-14
140.765625,1.961156702e-13,1.814640395e-13,8.261367456e-14,3.495942769e-13,7.282012187e-14,1.211592218e-13,4.310013367e-14,1.855638597e-13,4.607585009e-14,3.386548784e-14,2.319628255e-13,4.827551338e-14,6.934902797e-14,5.606846925e-14,3.829943678e-13,4.884748931e-13,2.062440512e-13,1.296357091e-13,5.936608519e-14,5.533894588e-13,6.662895807e-14,3.277280901e-14,6.442282577e-14,9.650372228e-14,3.838594875e-14,2.368942091e-14,4.550364759e-14,1.034518819e-13,2.306397898e-13,7.808246653e-14,1.282330119e-13,9.151184985e-14
140.7734375,1.949482975e-13,1.806121902e-13,8.234572971e-14,3.417807756e-13,7.444084754e-14,1.18286981e-13,4.243903942e-14,1.852384406e-13,4.642441355e-14,3.372526911e-14,2.35081383e-13,4.762275544e-14,7.138194834e-14,5.561364817e-14,3.766724496e-13,4.829551338e-13,2.042614882e-13,1.311318741e-13,5.963316582e-14,5.52870264e-13,6.730586937e-14,3.291553104e-14,6.512901489e-14,9.582395687e-14,3.891982654e-14,2.389412657e-14,4.60337837e-14,1.027602481e-13,2.280876858e-13,7.925116714e-14,1.282626089e-13,9.228822834e-14
140.78125,1.936111383e-13,1.79491915e-13,8.222008578e-14,3.340265785e-13,7.609681847e-14,1.153740641e-13,4.178861682e-14,1.848694055e-13,4.674293827e-14,3.354437776e-14,2.382692616e-13,4.696983687e-14,7.354453996e-14,5.516458229e-14,3.703135006e-13,4.774555209e-13,2.02212609e-13,1.326539654e-13,5.990364691e-14,5.520634358e-13,6.799702237e-14,3.303667308e-14,6.588382841e-14,9.512657818e-14,3.947010517e-14,2.410580442e-14,4.661899353e-14,1.019376499e-13,2.257740157e-13,8.043341321e-14,1.282778601e-13,9.305393511e-14
140.7890625,1.921952832e-13,1.78434218e-13,8.215606581e-14,3.263785343e-13,7.775478465e-14,1.124348439e-13,4.11637321e-14,1.84527208e-13,4.706339165e-14,3.340363131e-14,2.414301655e-13,4.633613494e-14,7.577227737e-14,5.465359142e-14,3.639818569e-13,4.721105926e-13,2.002036751e-13,1.341936733e-13,6.020019019e-14,5.512202033e-13,6.874446947e-14,3.315382573e-14,6.667897746e-14,9.447526048e-14,4.005340984e-14,2.435359703e-14,4.724968155e-14,1.011945669e-13,2.235315506e-13,8.163280901e-14,1.283867864e-13,9.383115206e-14
140.796875,1.909377886e-13,1.776815988e-13,8.213154382e-14,3.188652124e-13,7.946220728e-14,1.09592932e-13,4.059120491e-14,1.842328819e-13,4.740574177e-14,3.334871344e-14,2.444443832e-13,4.575349716e-14,7.80369865e-14,5.423141214e-14,3.579607525e-13,4.672047018e-13,1.984912125e-13,1.358478093e-13,6.054610677e-14,5.504374672e-13,6.953569381e-14,3.328873318e-14,6.749898166e-14,9.387721426e-14,4.070302295e-14,2.465701571e-14,4.791364844e-14,1.0061756e-13,2.212171554e-13,8.288763028e-14,1.286365437e-13,9.462874373e-14
140.8046875,1.897532685e-13,1.770685797e-13,8.215697393e-14,3.115231858e-13,8.119967083e-14,1.067525396e-13,4.005375639e-14,1.839520805e-13,4.773090928e-14,3.33217897e-14,2.473708184e-13,4.517464659e-14,8.039250743e-14,5.390738429e-14,3.522634519e-13,4.626738299e-13,1.970923518e-13,1.376950599e-13,6.092116952e-14,5.497882189e-13,7.033234269e-14,3.341655748e-14,6.835125493e-14,9.324047667e-14,4.141828901e-14,2.501538192e-14,4.862180254e-14,1.00057395e-13,2.189458914e-13,8.420308286e-14,1.289416052e-13,9.54360964e-14
140.8125,1.885274161e-13,1.764895559e-13,8.225236806e-14,3.043161624e-13,8.291775248e-14,1.038487388e-13,3.95058648e-14,1.836601676e-13,4.801543779e-14,3.329231722e-14,2.502714183e-13,4.456114762e-14,8.281939698e-14,5.356749408e-14,3.467205589e-13,4.582812108e-13,1.957954109e-13,1.396581644e-13,6.131928465e-14,5.492453638e-13,7.116693964e-14,3.35357315e-14,6.921273488e-14,9.25370195e-14,4.215427118e-14,2.542563037e-14,4.938538609e-14,9.949185492e-14,2.168299228e-13,8.553389001e-14,1.292687248e-13,9.624267649e-14
140.8203125,1.873829797e-13,1.760044991e-13,8.244599227e-14,2.971550214e-13,8.466041911e-14,1.010094079e-13,3.89547336e-14,1.833596736e-13,4.83048385e-14,3.329288997e-14,2.530895685e-13,4.397439781e-14,8.529636371e-14,5.326816651e-14,3.413390569e-13,4.540707821e-13,1.945928827e-13,1.416792357e-13,6.177544325e-14,5.485769239e-13,7.206830056e-14,3.366835982e-14,7.004186997e-14,9.185844189e-14,4.290973596e-14,2.587421628e-14,5.020247686e-14,9.899252479e-14,2.149058975e-13,8.686270562e-14,1.29707705e-13,9.704039679e-14
140.828125,1.864012889e-13,1.754733262e-13,8.281323243e-14,2.900366405e-13,8.649579232e-14,9.828886727e-14,3.845023628e-14,1.830990417e-13,4.863672606e-14,3.332807629e-14,2.559408667e-13,4.345832654e-14,8.789207069e-14,5.310195713e-14,3.361391188e-13,4.501264927e-13,1.936642643e-13,1.438439315e-13,6.229894988e-14,5.478606116e-13,7.301748649e-14,3.382008941e-14,7.086339369e-14,9.126713779e-14,4.373236631e-14,2.63411958e-14,5.103546298e-14,9.850724241e-14,2.132554801e-13,8.822306609e-14,1.303400911e-13,9.782969292e-14
140.8359375,1.854437717e-13,1.748347792e-13,8.338994668e-14,2.830531291e-13,8.839844521e-14,9.560988784e-14,3.800427724e-14,1.82940061e-13,4.897943023e-14,3.337845926e-14,2.590143464e-13,4.294395765e-14,9.061623173e-14,5.29931459e-14,3.311338895e-13,4.465078925e-13,1.929902594e-13,1.46191294e-13,6.284775712e-14,5.47365867e-13,7.401160276e-14,3.39857786e-14,7.173085613e-14,9.073758761e-14,4.462094884e-14,2.684207427e-14,5.187197935e-14,9.802178387e-14,2.118300872e-13,8.96340874e-14,1.311333045e-13,9.862892532e-14
140.84375,1.844228064e-13,1.74404967e-13,8.408619879e-14,2.762681335e-13,9.027057533e-14,9.296341309e-14,3.75872426e-14,1.828313253e-13,4.927736096e-14,3.343424337e-14,2.62182131e-13,4.23755273e-14,9.339333581e-14,5.286038822e-14,3.26465615e-13,4.433246627e-13,1.92438822e-13,1.486250441e-13,6.341109864e-14,5.469681547e-13,7.505902214e-14,3.414483664e-14,7.262823822e-14,9.020351612e-14,4.553188808e-14,2.740777346e-14,5.276543169e-14,9.76122964e-14,2.104422932e-13,9.10729088e-14,1.319709409e-13,9.943370447e-14
140.8515625,1.834776664e-13,1.741541701e-13,8.486756186e-14,2.696194621e-13,9.209524726e-14,9.04274882e-14,3.717054018e-14,1.826500005e-13,4.952215982e-14,3.34852347e-14,2.65195871e-13,4.181565024e-14,9.620310916e-14,5.275721783e-14,3.220412489e-13,4.402920054e-13,1.919673356e-13,1.510805283e-13,6.403356533e-14,5.465173375e-13,7.615214141e-14,3.429112555e-14,7.350199423e-14,8.961055615e-14,4.644473136e-14,2.801955735e-14,5.370510162e-14,9.723587089e-14,2.090436237e-13,9.251144601e-14,1.328101484e-13,1.002179642e-13
140.859375,1.826316858e-13,1.737070575e-13,8.583306753e-14,2.630164432e-13,9.396956572e-14,8.80135837e-14,3.674379014e-14,1.824045666e-13,4.975726053e-14,3.354952308e-14,2.680670846e-13,4.133769359e-14,9.908617301e-14,5.275747597e-14,3.17559368e-13,4.370403959e-13,1.915313065e-13,1.535823832e-13,6.470911217e-14,5.461267112e-13,7.729998695e-14,3.445715445e-14,7.436597131e-14,8.899379299e-14,4.736503116e-14,2.863842261e-14,5.463972459e-14,9.684701345e-14,2.077344147e-13,9.394810715e-14,1.337433736e-13,1.009928361e-13
140.8671875,1.817110627e-13,1.733769462e-13,8.700932267e-14,2.564655307e-13,9.594223539e-14,8.564113562e-14,3.631885065e-14,1.821982933e-13,5.001492554e-14,3.365829906e-14,2.70945997e-13,4.092919507e-14,1.020762673e-13,5.286321707e-14,3.130915908e-13,4.338591556e-13,1.911771176e-13,1.561483576e-13,6.538958755e-14,5.457197379e-13,7.852672706e-14,3.464913834e-14,7.528670091e-14,8.844063415e-14,4.831632314e-14,2.926807008e-14,5.563468959e-14,9.656802881e-14,2.066086434e-13,9.54062364e-14,1.348363693e-13,1.017662316e-13
140.875,1.80802774e-13,1.735415798e-13,8.833869892e-14,2.49945461e-13,9.800612648e-14,8.328644549e-14,3.590878941e-14,1.820439495e-13,5.028232676e-14,3.380127606e-14,2.738783735e-13,4.056215962e-14,1.051755438e-13,5.304672683e-14,3.088382724e-13,4.310602128e-13,1.910499643e-13,1.587761968e-13,6.61045194e-14,5.451816127e-13,7.983880803e-14,3.484201839e-14,7.625934458e-14,8.795760151e-14,4.930995827e-14,2.993067924e-14,5.671807031e-14,9.643099323e-14,2.056897781e-13,9.690505497e-14,1.360488118e-13,1.025205133e-13
140.8828125,1.800333947e-13,1.736733937e-13,8.982176524e-14,2.43385424e-13,1.001839903e-13,8.100388801e-14,3.551183758e-14,1.819032664e-13,5.054193698e-14,3.397382681e-14,2.76837701e-13,4.024583789e-14,1.083674246e-13,5.327019406e-14,3.046296383e-13,4.283613939e-13,1.910571503e-13,1.61455213e-13,6.688030687e-14,5.447231294e-13,8.122534364e-14,3.503624992e-14,7.720003749e-14,8.748478437e-14,5.031790167e-14,3.06358344e-14,5.777648397e-14,9.629549332e-14,2.049039885e-13,9.842784967e-14,1.373388346e-13,1.032929928e-13
140.890625,1.791197612e-13,1.735027253e-13,9.144852749e-14,2.368926968e-13,1.024119099e-13,7.878323278e-14,3.513058443e-14,1.817701846e-13,5.079738453e-14,3.418396488e-14,2.79784213e-13,3.997560668e-14,1.116674263e-13,5.348898258e-14,3.003501186e-13,4.255501818e-13,1.909629093e-13,1.641444424e-13,6.764584166e-14,5.444416374e-13,8.264796935e-14,3.522746988e-14,7.807757382e-14,8.697405135e-14,5.132824744e-14,3.138999965e-14,5.880478929e-14,9.613626076e-14,2.04175702e-13,9.993843488e-14,1.386997029e-13,1.041047885e-13
140.8984375,1.779953339e-13,1.734580548e-13,9.314017955e-14,2.306570225e-13,1.045699501e-13,7.657642327e-14,3.476613222e-14,1.816207592e-13,5.104809839e-14,3.438097551e-14,2.826236386e-13,3.972286408e-14,1.150905237e-13,5.372105411e-14,2.961751637e-13,4.226983035e-13,1.907872452e-13,1.668497418e-13,6.83936919e-14,5.440999162e-13,8.405807047e-14,3.540187928e-14,7.894636536e-14,8.639841746e-14,5.236663017e-14,3.218056489e-14,5.989510643e-14,9.60120386e-14,2.03524357e-13,1.014374508e-13,1.401406332e-13,1.048765143e-13
140.90625,1.770746383e-13,1.736111991e-13,9.487191052e-14,2.246761819e-13,1.066911734e-13,7.440415826e-14,3.440687084e-14,1.814523775e-13,5.128726638e-14,3.453832574e-14,2.853356719e-13,3.949021408e-14,1.185899824e-13,5.40384968e-14,2.921536877e-13,4.198280809e-13,1.907140203e-13,1.696692595e-13,6.921538971e-14,5.435699349e-13,8.548011217e-14,3.558326431e-14,7.985089504e-14,8.579844819e-14,5.34405979e-14,3.297521705e-14,6.102452446e-14,9.590709126e-14,2.029972451e-13,1.029610087e-13,1.417003286e-13,1.055805378e-13
140.9140625,1.764203581e-13,1.739873759e-13,9.67215599e-14,2.188534415e-13,1.088758451e-13,7.229671779e-14,3.405467206e-14,1.813300518e-13,5.153253819e-14,3.472899093e-14,2.880906738e-13,3.931046173e-14,1.221491169e-13,5.446135887e-14,2.882670645e-13,4.171111802e-13,1.908286791e-13,1.726638294e-13,7.012079998e-14,5.430931304e-13,8.699271268e-14,3.57911793e-14,8.077727062e-14,8.525786536e-14,5.454131686e-14,3.3781203e-14,6.21923233e-14,9.587874322e-14,2.026216778e-13,1.045192427e-13,1.434094797e-13,1.062814336e-13
140.921875,1.757694889e-13,1.747767774e-13,9.875785319e-14,2.131482642e-13,1.111759546e-13,7.027397562e-14,3.37194089e-14,1.812788177e-13,5.181621063e-14,3.499267328e-14,2.909378695e-13,3.919421603e-14,1.258248414e-13,5.498029398e-14,2.846568226e-13,4.148027847e-13,1.911151232e-13,1.758151853e-13,7.107019769e-14,5.430702274e-13,8.861287996e-14,3.601950363e-14,8.168998358e-14,8.477979551e-14,5.566998704e-14,3.465814789e-14,6.347704497e-14,9.602418843e-14,2.023862881e-13,1.061031374e-13,1.452462975e-13,1.070029646e-13
140.9296875,1.751509075e-13,1.755842822e-13,1.009290879e-13,2.075596589e-13,1.136181351e-13,6.836880668e-14,3.33969868e-14,1.812642709e-13,5.212822338e-14,3.528267127e-14,2.936264772e-13,3.912154255e-14,1.296237926e-13,5.560341868e-14,2.813476207e-13,4.12872511e-13,1.915362117e-13,1.791207852e-13,7.207013289e-14,5.435261575e-13,9.030839137e-14,3.627105121e-14,8.258335424e-14,8.433287168e-14,5.682400964e-14,3.563374599e-14,6.482274161e-14,9.627664031e-14,2.022112317e-13,1.077258522e-13,1.471488666e-13,1.077492658e-13
140.9375,1.745940654e-13,1.761815231e-13,1.031340195e-13,2.021392948e-13,1.160743839e-13,6.653022056e-14,3.30868102e-14,1.81267694e-13,5.241218783e-14,3.556841197e-14,2.960323052e-13,3.907369277e-14,1.33500643e-13,5.62791082e-14,2.782115176e-13,4.112038191e-13,1.921044641e-13,1.825772236e-13,7.309950047e-14,5.439908821e-13,9.206628811e-14,3.652205169e-14,8.347192812e-14,8.392951941e-14,5.800672179e-14,3.665725761e-14,6.61365474e-14,9.654089926e-14,2.020631766e-13,1.093753269e-13,1.490883131e-13,1.08510055e-13
140.9453125,1.740063973e-13,1.770142937e-13,1.054157422e-13,1.968838077e-13,1.184049884e-13,6.469211428e-14,3.27937224e-14,1.812660289e-13,5.265349515e-14,3.587233076e-14,2.983667107e-13,3.905429684e-14,1.374636753e-13,5.696678877e-14,2.752559216e-13,4.097571219e-13,1.928529257e-13,1.861433432e-13,7.415208142e-14,5.442025354e-13,9.388157334e-14,3.674172282e-14,8.435021398e-14,8.353299918e-14,5.924238667e-14,3.767759057e-14,6.74944673e-14,9.683914254e-14,2.020492589e-13,1.110026074e-13,1.511491296e-13,1.092124133e-13
140.953125,1.735404676e-13,1.781062884e-13,1.079152553e-13,1.916766334e-13,1.207995965e-13,6.295614459e-14,3.251473612e-14,1.812641833e-13,5.291307313e-14,3.624430272e-14,3.008232936e-13,3.90937165e-14,1.415547206e-13,5.776877854e-14,2.725342996e-13,4.084330926e-13,1.937731715e-13,1.89809577e-13,7.529263543e-14,5.443144338e-13,9.576599961e-14,3.696961383e-14,8.52335304e-14,8.308909148e-14,6.055143299e-14,3.871934467e-14,6.898536353e-14,9.720617504e-14,2.022762541e-13,1.126141634e-13,1.534139566e-13,1.098511155e-13
140.9609375,1.732858125e-13,1.792145818e-13,1.106387082e-13,1.865359034e-13,1.234249374e-13,6.141937152e-14,3.224275862e-14,1.813376688e-13,5.322861884e-14,3.670203905e-14,3.033562348e-13,3.921178477e-14,1.457865423e-13,5.875025903e-14,2.700053853e-13,4.072265166e-13,1.948865768e-13,1.936228265e-13,7.651863527e-14,5.444002343e-13,9.773314123e-14,3.724106736e-14,8.616309757e-14,8.264503129e-14,6.192307253e-14,3.983178289e-14,7.055526492e-14,9.764561491e-14,2.026995952e-13,1.142570904e-13,1.558235754e-13,1.105018143e-13
140.96875,1.730574152e-13,1.804545066e-13,1.135121286e-13,1.816065783e-13,1.260699292e-13,5.997066153e-14,3.196919009e-14,1.814936695e-13,5.356591634e-14,3.71972086e-14,3.057893144e-13,3.937771575e-14,1.501373316e-13,5.981794338e-14,2.676558499e-13,4.062464661e-13,1.961828013e-13,1.976307975e-13,7.778077861e-14,5.445737449e-13,9.974145557e-14,3.751945961e-14,8.709173704e-14,8.223496544e-14,6.332264907e-14,4.100795191e-14,7.211527034e-14,9.814491328e-14,2.031996212e-13,1.159216088e-13,1.583412958e-13,1.111586828e-13
140.9765625,1.727833431e-13,1.817796892e-13,1.165612811e-13,1.768682665e-13,1.286366126e-13,5.851324509e-14,3.170694657e-14,1.816361176e-13,5.389275099e-14,3.77046014e-14,3.080406102e-13,3.957367186e-14,1.545888632e-13,6.093102049e-14,2.654725444e-13,4.054214027e-13,1.974834838e-13,2.017937237e-13,7.910120749e-14,5.450712368e-13,1.017703455e-13,3.777973115e-14,8.793181431e-14,8.180286569e-14,6.473724703e-14,4.220856047e-14,7.366662335e-14,9.869719243e-14,2.037792946e-13,1.175710746e-13,1.609990497e-13,1.117778324e-13
140.984375,1.724815333e-13,1.831794508e-13,1.198020618e-13,1.722516469e-13,1.313189985e-13,5.712233113e-14,3.14863801e-14,1.817477057e-13,5.421424497e-14,3.823618482e-14,3.102346953e-13,3.984695583e-14,1.591671147e-13,6.213131603e-14,2.633799259e-13,4.046065514e-13,1.986633683e-13,2.059824411e-13,8.046787112e-14,5.457721287e-13,1.03878781e-13,3.803370678e-14,8.873590802e-14,8.134111555e-14,6.618343575e-14,4.342759958e-14,7.52716516e-14,9.934160275e-14,2.045448099e-13,1.191998655e-13,1.637029002e-13,1.123544419e-13
140.9921875,1.721194822e-13,1.84839258e-13,1.23168976e-13,1.678132577e-13,1.341200697e-13,5.585376089e-14,3.12963897e-14,1.819235416e-13,5.455225966e-14,3.878463255e-14,3.125043903e-13,4.021621319e-14,1.638842429e-13,6.338692451e-14,2.613806963e-13,4.038574834e-13,1.998447786e-13,2.101804792e-13,8.183290751e-14,5.46447542e-13,1.061037196e-13,3.829552217e-14,8.960102256e-14,8.091934293e-14,6.765491657e-14,4.468724342e-14,7.693136022e-14,1.000694503e-13,2.054957826e-13,1.208251249e-13,1.664242621e-13,1.12878065e-13
141,1.717352244e-13,1.865043748e-13,1.266893677e-13,1.635156049e-13,1.369158077e-13,5.469620233e-14,3.111274747e-14,1.822264464e-13,5.492873181e-14,3.940054821e-14,3.148352989e-13,4.064548606e-14,1.687195061e-13,6.467996448e-14,2.595370928e-13,4.03269561e-13,2.011543408e-13,2.145414938e-13,8.324014734e-14,5.471583786e-13,1.084449032e-13,3.857924204e-14,9.04826062e-14,8.057952337e-14,6.914367047e-14,4.600215517e-14,7.860484756e-14,1.00800598e-13,2.065992495e-13,1.224914984e-13,1.693384995e-13,1.133723258e-13
141.0078125,1.712939474e-13,1.879856682e-13,1.304516433e-13,1.592207482e-13,1.39789683e-13,5.367760192e-14,3.09535105e-14,1.826147591e-13,5.532540733e-14,4.013189609e-14,3.171458246e-13,4.1143575e-14,1.737158286e-13,6.606351524e-14,2.578215199e-13,4.028353441e-13,2.025994525e-13,2.191193698e-13,8.470922274e-14,5.478817186e-13,1.108989332e-13,3.885682848e-14,9.131937822e-14,8.028990459e-14,7.069487359e-14,4.737417518e-14,8.033419339e-14,1.015169711e-13,2.079386454e-13,1.242078024e-13,1.724044304e-13,1.138718791e-13
141.015625,1.707380454e-13,1.895162744e-13,1.344535733e-13,1.549477206e-13,1.427923512e-13,5.277550963e-14,3.080716976e-14,1.830110174e-13,5.570542894e-14,4.087332084e-14,3.193647546e-13,4.172743858e-14,1.788805752e-13,6.751299371e-14,2.561876675e-13,4.025698756e-13,2.042158458e-13,2.237947336e-13,8.619676426e-14,5.485832321e-13,1.134161463e-13,3.909270518e-14,9.215487914e-14,7.997590581e-14,7.233080419e-14,4.878867815e-14,8.216147235e-14,1.022289267e-13,2.095093139e-13,1.258857097e-13,1.754440507e-13,1.143472976e-13
141.0234375,1.702214191e-13,1.910216466e-13,1.386905349e-13,1.507967049e-13,1.457955617e-13,5.188850554e-14,3.062328492e-14,1.834208338e-13,5.609279161e-14,4.157032856e-14,3.215523342e-13,4.236261543e-14,1.840752303e-13,6.896500034e-14,2.546320984e-13,4.024330926e-13,2.059539595e-13,2.284642469e-13,8.77448251e-14,5.494928434e-13,1.159798769e-13,3.933733512e-14,9.299512765e-14,7.96350393e-14,7.39816541e-14,5.022955012e-14,8.403082611e-14,1.029377232e-13,2.112071435e-13,1.274830687e-13,1.786500515e-13,1.147999013e-13
141.03125,1.697945515e-13,1.924984129e-13,1.4314378e-13,1.467996782e-13,1.487893131e-13,5.10245328e-14,3.041456704e-14,1.838922762e-13,5.652352516e-14,4.233424148e-14,3.238121236e-13,4.307081838e-14,1.892861382e-13,7.046050748e-14,2.531139497e-13,4.022356311e-13,2.075674244e-13,2.330772016e-13,8.936400358e-14,5.506500048e-13,1.186429119e-13,3.96277398e-14,9.377861925e-14,7.934982328e-14,7.558052383e-14,5.1707266e-14,8.589909812e-14,1.037144391e-13,2.130575838e-13,1.290779074e-13,1.821810687e-13,1.1525521e-13
141.0390625,1.693021659e-13,1.943139252e-13,1.47705495e-13,1.429788511e-13,1.518745668e-13,5.027667137e-14,3.022222022e-14,1.843789567e-13,5.697510611e-14,4.316973721e-14,3.259982849e-13,4.392112677e-14,1.946819265e-13,7.206393974e-14,2.515920217e-13,4.018831876e-13,2.089495924e-13,2.376505066e-13,9.095814197e-14,5.51849076e-13,1.213758069e-13,3.990605607e-14,9.451766572e-14,7.911410638e-14,7.714617762e-14,5.322356236e-14,8.775927777e-14,1.04586522e-13,2.150752587e-13,1.30702084e-13,1.857537751e-13,1.156568833e-13
141.046875,1.687577754e-13,1.964158853e-13,1.524556061e-13,1.393015486e-13,1.550024771e-13,4.963545853e-14,3.003660893e-14,1.848312981e-13,5.744003546e-14,4.400208878e-14,3.280357671e-13,4.489932418e-14,2.00232634e-13,7.377492217e-14,2.501089413e-13,4.014885105e-13,2.103038254e-13,2.423244997e-13,9.256860614e-14,5.530228777e-13,1.241492825e-13,4.016565148e-14,9.526369914e-14,7.884877655e-14,7.873432535e-14,5.476348534e-14,8.962787775e-14,1.055085361e-13,2.172762939e-13,1.323324062e-13,1.892935904e-13,1.159854634e-13
141.0546875,1.68213509e-13,1.986209749e-13,1.576326093e-13,1.356874709e-13,1.58099023e-13,4.90419758e-14,2.984167318e-14,1.853242122e-13,5.795154025e-14,4.488861484e-14,3.301980563e-13,4.597865179e-14,2.057742837e-13,7.558135278e-14,2.487682272e-13,4.012078837e-13,2.118038875e-13,2.472119121e-13,9.432489517e-14,5.54179443e-13,1.27083501e-13,4.046297695e-14,9.601803319e-14,7.858952017e-14,8.037878671e-14,5.63598236e-14,9.160259457e-14,1.065285928e-13,2.198915808e-13,1.340135622e-13,1.930956353e-13,1.16306184e-13
141.0625,1.676369418e-13,2.009574203e-13,1.631273557e-13,1.321911578e-13,1.612575115e-13,4.849624164e-14,2.963567711e-14,1.859309345e-13,5.851553862e-14,4.584591927e-14,3.324902384e-13,4.718896105e-14,2.113807984e-13,7.746022501e-14,2.476647868e-13,4.011769124e-13,2.134645435e-13,2.522920296e-13,9.618381682e-14,5.554249315e-13,1.302087577e-13,4.077496468e-14,9.679616193e-14,7.841624791e-14,8.208733578e-14,5.803695881e-14,9.368621278e-14,1.076459267e-13,2.229211563e-13,1.357522041e-13,1.971543026e-13,1.166250269e-13
141.0703125,1.671356031e-13,2.031388715e-13,1.686999014e-13,1.288692297e-13,1.645279875e-13,4.802479601e-14,2.941455059e-14,1.866307394e-13,5.911346293e-14,4.677651914e-14,3.346578581e-13,4.850265878e-14,2.171990554e-13,7.93738775e-14,2.467684541e-13,4.013967273e-13,2.152960199e-13,2.575006937e-13,9.806428263e-14,5.568171925e-13,1.333750065e-13,4.105786471e-14,9.76081247e-14,7.829031556e-14,8.384907174e-14,5.974009868e-14,9.574288139e-14,1.08701298e-13,2.26010342e-13,1.374454651e-13,2.01258986e-13,1.169241354e-13
141.078125,1.666830117e-13,2.051259295e-13,1.745075202e-13,1.255681112e-13,1.678056269e-13,4.766679662e-14,2.919101428e-14,1.873763555e-13,5.972228685e-14,4.76733454e-14,3.36849751e-13,4.986447118e-14,2.23194869e-13,8.134888846e-14,2.459682018e-13,4.017228547e-13,2.172352232e-13,2.627582398e-13,9.999540001e-14,5.580854333e-13,1.365496714e-13,4.133650746e-14,9.837376888e-14,7.814911706e-14,8.563944511e-14,6.145848349e-14,9.783154143e-14,1.096754733e-13,2.292064946e-13,1.390448976e-13,2.054418748e-13,1.172284704e-13
141.0859375,1.660828568e-13,2.073955524e-13,1.806421852e-13,1.222213038e-13,1.710591467e-13,4.743247686e-14,2.897244355e-14,1.881413509e-13,6.032732563e-14,4.858649352e-14,3.391298927e-13,5.130914698e-14,2.292946174e-13,8.344402937e-14,2.453283502e-13,4.022127532e-13,2.19182556e-13,2.680228174e-13,1.019706283e-13,5.592869125e-13,1.398122273e-13,4.162526021e-14,9.905146036e-14,7.803696802e-14,8.74395818e-14,6.324527289e-14,1.000895855e-13,1.10716974e-13,2.328037478e-13,1.405976034e-13,2.097378803e-13,1.175368629e-13
141.09375,1.655087573e-13,2.099164726e-13,1.868341737e-13,1.190355143e-13,1.7434367e-13,4.727784727e-14,2.875032897e-14,1.889516332e-13,6.096038174e-14,4.952752799e-14,3.411342229e-13,5.287523099e-14,2.354720766e-13,8.562982915e-14,2.449944052e-13,4.030367809e-13,2.21204403e-13,2.733612655e-13,1.039613607e-13,5.608976126e-13,1.431447903e-13,4.191403816e-14,9.973861008e-14,7.800989413e-14,8.925381754e-14,6.508535387e-14,1.02384379e-13,1.118706851e-13,2.366318604e-13,1.421489799e-13,2.140633016e-13,1.178523963e-13
141.1015625,1.651543712e-13,2.12357537e-13,1.931319587e-13,1.1610058e-13,1.776583865e-13,4.721416617e-14,2.853722909e-14,1.898354877e-13,6.164957305e-14,5.05167339e-14,3.429590676e-13,5.453941279e-14,2.417254615e-13,8.784073255e-14,2.448535956e-13,4.040154552e-13,2.233456572e-13,2.788054928e-13,1.060099892e-13,5.627280311e-13,1.465445098e-13,4.22158489e-14,1.005014991e-13,7.800726399e-14,9.109351565e-14,6.695921425e-14,1.046222875e-13,1.13089137e-13,2.405222997e-13,1.437234969e-13,2.184423252e-13,1.181908932e-13
141.109375,1.647341387e-13,2.147699515e-13,1.998556288e-13,1.132641388e-13,1.810316816e-13,4.726797604e-14,2.833575922e-14,1.907410675e-13,6.236462545e-14,5.15370607e-14,3.450149125e-13,5.629667405e-14,2.480895471e-13,9.009195583e-14,2.44720231e-13,4.049246132e-13,2.255152408e-13,2.843228859e-13,1.08121294e-13,5.643343378e-13,1.500730997e-13,4.252440304e-14,1.012807761e-13,7.79593125e-14,9.296062674e-14,6.890058929e-14,1.069358596e-13,1.143011204e-13,2.44670166e-13,1.452915167e-13,2.22909627e-13,1.184966341e-13
141.1171875,1.641531616e-13,2.171909037e-13,2.069284866e-13,1.10481207e-13,1.844882808e-13,4.73750322e-14,2.811540505e-14,1.916434852e-13,6.307655482e-14,5.254531136e-14,3.471432933e-13,5.815599732e-14,2.545606191e-13,9.243173056e-14,2.44678757e-13,4.059234103e-13,2.277821032e-13,2.89992084e-13,1.102717258e-13,5.659788987e-13,1.536849864e-13,4.281318186e-14,1.020194339e-13,7.79302473e-14,9.48597892e-14,7.089385886e-14,1.093423372e-13,1.154440114e-13,2.491565904e-13,1.467933417e-13,2.274571841e-13,1.187372586e-13
141.125,1.636763977e-13,2.196627888e-13,2.142215303e-13,1.078491611e-13,1.879365165e-13,4.75409718e-14,2.787323084e-14,1.925998816e-13,6.378021529e-14,5.357409709e-14,3.491537593e-13,6.011813614e-14,2.611398316e-13,9.489319823e-14,2.448502264e-13,4.071166316e-13,2.302381575e-13,2.958725105e-13,1.125144431e-13,5.677279732e-13,1.573217225e-13,4.309249679e-14,1.027230519e-13,7.797487832e-14,9.678988232e-14,7.292466125e-14,1.11804717e-13,1.166201857e-13,2.540064968e-13,1.482670376e-13,2.321747239e-13,1.189823169e-13
141.1328125,1.631736985e-13,2.222862737e-13,2.219046096e-13,1.053648789e-13,1.913691207e-13,4.785077459e-14,2.763596396e-14,1.936291537e-13,6.449163833e-14,5.465948498e-14,3.512708605e-13,6.222475645e-14,2.679085014e-13,9.750065351e-14,2.451389011e-13,4.083311347e-13,2.326596373e-13,3.018032761e-13,1.148498428e-13,5.691770936e-13,1.610801637e-13,4.337954032e-14,1.033997039e-13,7.803765972e-14,9.872907738e-14,7.502844643e-14,1.143699605e-13,1.179490777e-13,2.592645977e-13,1.497764387e-13,2.370842177e-13,1.19249456e-13
141.140625,1.623616825e-13,2.247995997e-13,2.299148066e-13,1.029473434e-13,1.949015121e-13,4.824102106e-14,2.740683844e-14,1.947499741e-13,6.527511888e-14,5.577390374e-14,3.534413836e-13,6.449334223e-14,2.7483791e-13,1.001927333e-13,2.454949972e-13,4.09618441e-13,2.348871779e-13,3.076563839e-13,1.17168668e-13,5.706292659e-13,1.65020199e-13,4.365865866e-14,1.040330622e-13,7.8137188e-14,1.006702886e-13,7.719717711e-14,1.169692692e-13,1.192902576e-13,2.646794788e-13,1.512668927e-13,2.420559497e-13,1.194822748e-13
141.1484375,1.614594866e-13,2.271159523e-13,2.380010407e-13,1.005784672e-13,1.985442724e-13,4.863047503e-14,2.717377567e-14,1.960003336e-13,6.615249068e-14,5.68948069e-14,3.554117185e-13,6.684415534e-14,2.817973962e-13,1.028850976e-13,2.460650792e-13,4.112826926e-13,2.37137983e-13,3.135621679e-13,1.194623198e-13,5.726887619e-13,1.690103309e-13,4.392396541e-14,1.046214133e-13,7.833196527e-14,1.026374675e-13,7.943949867e-14,1.195962709e-13,1.205156549e-13,2.701092727e-13,1.52689981e-13,2.470542558e-13,1.197029169e-13
141.15625,1.607436143e-13,2.296114453e-13,2.462097091e-13,9.82875962e-14,2.022610254e-13,4.908141799e-14,2.693790394e-14,1.972852864e-13,6.704379241e-14,5.801695297e-14,3.572995116e-13,6.921898925e-14,2.888058264e-13,1.056332478e-13,2.468813053e-13,4.133028912e-13,2.395498898e-13,3.196654758e-13,1.218255399e-13,5.750736817e-13,1.729415591e-13,4.419647263e-14,1.052209364e-13,7.85219771e-14,1.046379156e-13,8.17989489e-14,1.223939253e-13,1.21761497e-13,2.757679883e-13,1.540905499e-13,2.521277642e-13,1.199660339e-13
141.1640625,1.60090396e-13,2.322677251e-13,2.546273502e-13,9.605383273e-14,2.059885218e-13,4.95824853e-14,2.671024801e-14,1.984941344e-13,6.789667816e-14,5.914669529e-14,3.592642186e-13,7.165258886e-14,2.959284046e-13,1.08483699e-13,2.477747078e-13,4.153412791e-13,2.42000379e-13,3.259233666e-13,1.242399603e-13,5.771276962e-13,1.768750349e-13,4.447462888e-14,1.058873267e-13,7.864054286e-14,1.066594532e-13,8.422049549e-14,1.252614009e-13,1.230923603e-13,2.816797503e-13,1.554703607e-13,2.572844274e-13,1.202318538e-13
141.171875,1.59343239e-13,2.347726611e-13,2.632577715e-13,9.380301801e-14,2.095638675e-13,5.006748827e-14,2.649664646e-14,1.996950794e-13,6.874201966e-14,6.031743775e-14,3.612917158e-13,7.418610068e-14,3.031692935e-13,1.113695147e-13,2.48746103e-13,4.173864612e-13,2.445252277e-13,3.322948791e-13,1.266481749e-13,5.787938817e-13,1.808990229e-13,4.4733224e-14,1.065838263e-13,7.881616749e-14,1.087247414e-13,8.665059209e-14,1.280585692e-13,1.244050686e-13,2.878063079e-13,1.567883247e-13,2.626207066e-13,1.204494876e-13
141.1796875,1.585557419e-13,2.372112693e-13,2.722879248e-13,9.156888447e-14,2.130660693e-13,5.062439025e-14,2.629289963e-14,2.009580865e-13,6.962371698e-14,6.154268421e-14,3.634567511e-13,7.68539616e-14,3.105980208e-13,1.143356995e-13,2.499635842e-13,4.197425541e-13,2.47298899e-13,3.388532247e-13,1.291275327e-13,5.80491068e-13,1.85029908e-13,4.498056454e-14,1.072463321e-13,7.911302517e-14,1.108658881e-13,8.914385215e-14,1.309657831e-13,1.257434515e-13,2.943401639e-13,1.580669299e-13,2.682366584e-13,1.206538737e-13
141.1875,1.578102305e-13,2.397056553e-13,2.817654774e-13,8.950441048e-14,2.168092254e-13,5.13321213e-14,2.609574367e-14,2.022331446e-13,7.056226746e-14,6.278416956e-14,3.657423958e-13,7.969243217e-14,3.181871268e-13,1.174656405e-13,2.513426591e-13,4.22357333e-13,2.502226431e-13,3.455420503e-13,1.317241529e-13,5.823807405e-13,1.892501858e-13,4.524341397e-14,1.078811807e-13,7.94410103e-14,1.130499803e-13,9.17234778e-14,1.34040486e-13,1.271744293e-13,3.012192743e-13,1.593467588e-13,2.739860458e-13,1.208841066e-13
141.1953125,1.571271833e-13,2.421312918e-13,2.914907796e-13,8.761737844e-14,2.207593434e-13,5.214646129e-14,2.590037608e-14,2.035000324e-13,7.152438382e-14,6.399036184e-14,3.679894631e-13,8.266520816e-14,3.257922758e-13,1.206749633e-13,2.527209406e-13,4.249696059e-13,2.531057912e-13,3.521765518e-13,1.343472116e-13,5.841553712e-13,1.935235578e-13,4.550881394e-14,1.085158789e-13,7.975906031e-14,1.152271042e-13,9.436423811e-14,1.370968728e-13,1.285687116e-13,3.082154074e-13,1.606255163e-13,2.796877188e-13,1.211258122e-13
141.203125,1.565073514e-13,2.445018476e-13,3.015423715e-13,8.576868262e-14,2.246645312e-13,5.304586298e-14,2.569710848e-14,2.048040319e-13,7.247170432e-14,6.516678373e-14,3.702757963e-13,8.57145375e-14,3.335017003e-13,1.239465175e-13,2.542803893e-13,4.27749309e-13,2.560772782e-13,3.588440545e-13,1.369946793e-13,5.857988919e-13,1.978240599e-13,4.576261059e-14,1.091567182e-13,8.011276968e-14,1.174187764e-13,9.7060264e-14,1.401651666e-13,1.299129646e-13,3.154926113e-13,1.618739685e-13,2.854267727e-13,1.213734738e-13
141.2109375,1.558992362e-13,2.46960377e-13,3.120914352e-13,8.394135939e-14,2.285325424e-13,5.400614434e-14,2.54952942e-14,2.061780808e-13,7.34425327e-14,6.638741354e-14,3.727501188e-13,8.886249583e-14,3.414370674e-13,1.273545774e-13,2.561622286e-13,4.309043722e-13,2.592784872e-13,3.657760065e-13,1.397496538e-13,5.87773573e-13,2.021651598e-13,4.602695042e-14,1.098164256e-13,8.053867197e-14,1.196596433e-13,9.980374659e-14,1.433583967e-13,1.313676533e-13,3.232911431e-13,1.630685446e-13,2.913549866e-13,1.216361555e-13
141.21875,1.551901115e-13,2.494683013e-13,3.229924108e-13,8.219516706e-14,2.323828153e-13,5.499017561e-14,2.53156748e-14,2.076075397e-13,7.445581039e-14,6.768398012e-14,3.753175092e-13,9.213089851e-14,3.494434099e-13,1.308149386e-13,2.581407577e-13,4.341873414e-13,2.625556902e-13,3.728605356e-13,1.425542836e-13,5.899431126e-13,2.065660219e-13,4.629706196e-14,1.104989508e-13,8.102288636e-14,1.219428322e-13,1.026157114e-13,1.465907435e-13,1.328870145e-13,3.3153909e-13,1.642335058e-13,2.974708571e-13,1.218846008e-13
141.2265625,1.543928638e-13,2.518848727e-13,3.342562771e-13,8.050182958e-14,2.361694481e-13,5.606566524e-14,2.515052526e-14,2.0904811e-13,7.546954272e-14,6.901199732e-14,3.779457354e-13,9.551051187e-14,3.574753141e-13,1.343358034e-13,2.601409559e-13,4.374714783e-13,2.658959854e-13,3.799479366e-13,1.453476467e-13,5.916325218e-13,2.110578523e-13,4.654752537e-14,1.111891222e-13,8.153867324e-14,1.24287165e-13,1.055116137e-13,1.498227724e-13,1.343405111e-13,3.401606352e-13,1.653905957e-13,3.037604247e-13,1.220972244e-13
141.234375,1.53685521e-13,2.541625818e-13,3.461460963e-13,7.881945119e-14,2.40069038e-13,5.727832171e-14,2.496893175e-14,2.105193316e-13,7.650291508e-14,7.034312555e-14,3.807712456e-13,9.903995892e-14,3.656471741e-13,1.38090797e-13,2.623545899e-13,4.409671534e-13,2.694845716e-13,3.87197595e-13,1.482298755e-13,5.929586378e-13,2.156726611e-13,4.680230645e-14,1.118718038e-13,8.212347922e-14,1.266977555e-13,1.084596832e-13,1.531619782e-13,1.357853307e-13,3.492704309e-13,1.664991921e-13,3.102370077e-13,1.223198396e-13
141.2421875,1.530615566e-13,2.562318313e-13,3.585783221e-13,7.713749571e-14,2.441645209e-13,5.854783972e-14,2.475600582e-14,2.120692743e-13,7.757982679e-14,7.165943112e-14,3.837998305e-13,1.027255428e-13,3.738660011e-13,1.419758336e-13,2.647332542e-13,4.446533684e-13,2.731939963e-13,3.945812405e-13,1.512305504e-13,5.945286912e-13,2.203771293e-13,4.708091092e-14,1.125361974e-13,8.281038028e-14,1.290877779e-13,1.114894279e-13,1.566519438e-13,1.37242798e-13,3.589252181e-13,1.675720898e-13,3.168021308e-13,1.225797044e-13
141.25,1.523237905e-13,2.580614326e-13,3.713220036e-13,7.548057102e-14,2.482861808e-13,5.986220297e-14,2.45293024e-14,2.136406929e-13,7.864767251e-14,7.293877867e-14,3.870026192e-13,1.065127492e-13,3.821526401e-13,1.458289033e-13,2.671417391e-13,4.484189145e-13,2.768785634e-13,4.019278884e-13,1.542624951e-13,5.962422777e-13,2.251309912e-13,4.735185491e-14,1.132078015e-13,8.353177303e-14,1.314419843e-13,1.146397647e-13,1.602265184e-13,1.386716122e-13,3.689971923e-13,1.686829175e-13,3.233745373e-13,1.228231314e-13
141.2578125,1.515402768e-13,2.598924641e-13,3.844823923e-13,7.393298869e-14,2.524729927e-13,6.129865559e-14,2.430750629e-14,2.151937044e-13,7.97092093e-14,7.420205844e-14,3.904492224e-13,1.104210063e-13,3.907790926e-13,1.498520266e-13,2.697463001e-13,4.524833611e-13,2.808158217e-13,4.094988505e-13,1.573567475e-13,5.977993813e-13,2.298954682e-13,4.761311965e-14,1.139325992e-13,8.424427328e-14,1.33897998e-13,1.178664311e-13,1.638504838e-13,1.401349852e-13,3.794644399e-13,1.697798991e-13,3.30064153e-13,1.230477215e-13
141.265625,1.508929604e-13,2.618110536e-13,3.981732757e-13,7.249754384e-14,2.568391245e-13,6.283633155e-14,2.4081139e-14,2.168253916e-13,8.081784004e-14,7.546134687e-14,3.941071278e-13,1.144719013e-13,3.996582574e-13,1.541388711e-13,2.726395125e-13,4.569311888e-13,2.850733445e-13,4.174454677e-13,1.60577551e-13,5.99427334e-13,2.345394765e-13,4.789501562e-14,1.146840215e-13,8.500757508e-14,1.364881337e-13,1.211825395e-13,1.675875461e-13,1.416054472e-13,3.905104867e-13,1.707747344e-13,3.369805745e-13,1.23345527e-13
141.2734375,1.502525131e-13,2.635251617e-13,4.123219637e-13,7.108941774e-14,2.612106529e-13,6.440500776e-14,2.38562871e-14,2.185859691e-13,8.196277902e-14,7.672888246e-14,3.979086194e-13,1.186210992e-13,4.084785199e-13,1.58464703e-13,2.755734463e-13,4.614009255e-13,2.892453957e-13,4.25350937e-13,1.638615835e-13,6.011898993e-13,2.390614023e-13,4.818966294e-14,1.154033276e-13,8.586826362e-14,1.39072172e-13,1.246220065e-13,1.714569897e-13,1.43029766e-13,4.02126426e-13,1.717474869e-13,3.441011158e-13,1.237124567e-13
141.28125,1.495119369e-13,2.650962037e-13,4.269300374e-13,6.973116776e-14,2.655229449e-13,6.601073231e-14,2.366551397e-14,2.20408662e-13,8.314583413e-14,7.806326548e-14,4.01868831e-13,1.229304957e-13,4.173201526e-13,1.628157461e-13,2.783962172e-13,4.656856622e-13,2.932261638e-13,4.330829697e-13,1.671626751e-13,6.027623186e-13,2.437233428e-13,4.848048825e-14,1.161169459e-13,8.680819684e-14,1.416082661e-13,1.281104143e-13,1.753667707e-13,1.445609242e-13,4.141018542e-13,1.727620709e-13,3.513858593e-13,1.240518215e-13
141.2890625,1.4880402e-13,2.668354633e-13,4.419527262e-13,6.844284611e-14,2.699730806e-13,6.76705187e-14,2.349710783e-14,2.22249043e-13,8.439933057e-14,7.942542652e-14,4.058891797e-13,1.274723138e-13,4.263314448e-13,1.673293575e-13,2.812358055e-13,4.700342421e-13,2.972804986e-13,4.409472997e-13,1.70490441e-13,6.041578451e-13,2.485953944e-13,4.876980658e-14,1.168748618e-13,8.778041754e-14,1.441792143e-13,1.316271424e-13,1.792987306e-13,1.462012398e-13,4.26382446e-13,1.737065102e-13,3.58720293e-13,1.244021718e-13
141.296875,1.481039873e-13,2.685654582e-13,4.572357565e-13,6.713311285e-14,2.745907191e-13,6.937643183e-14,2.332431942e-14,2.240995545e-13,8.568022781e-14,8.071163873e-14,4.099051904e-13,1.321247838e-13,4.353932559e-13,1.71923915e-13,2.841715466e-13,4.746628834e-13,3.014306698e-13,4.489138682e-13,1.738097415e-13,6.056554991e-13,2.534255505e-13,4.905072133e-14,1.176659258e-13,8.876643372e-14,1.467858127e-13,1.352384447e-13,1.833320741e-13,1.477285191e-13,4.38999455e-13,1.745241488e-13,3.65962135e-13,1.248619806e-13
141.3046875,1.473077208e-13,2.701170917e-13,4.72862351e-13,6.585378956e-14,2.792796874e-13,7.115018864e-14,2.317312071e-14,2.259428476e-13,8.692498436e-14,8.197703061e-14,4.141309335e-13,1.368135986e-13,4.445353395e-13,1.765392511e-13,2.871250571e-13,4.794474713e-13,3.055477067e-13,4.568247999e-13,1.771328186e-13,6.072886694e-13,2.581217582e-13,4.933122641e-14,1.184888061e-13,8.980464685e-14,1.493794238e-13,1.389397841e-13,1.874831741e-13,1.491921001e-13,4.520437475e-13,1.752961998e-13,3.732403447e-13,1.253796022e-13
141.3125,1.465243567e-13,2.716340423e-13,4.890128432e-13,6.47558278e-14,2.840087962e-13,7.299944838e-14,2.305285324e-14,2.277509432e-13,8.813287934e-14,8.329551855e-14,4.186494643e-13,1.416363462e-13,4.539361957e-13,1.812492253e-13,2.900639549e-13,4.842154393e-13,3.096858629e-13,4.64814805e-13,1.805469951e-13,6.089346134e-13,2.62771706e-13,4.962925776e-14,1.193718916e-13,9.089208072e-14,1.519905153e-13,1.427003522e-13,1.917054884e-13,1.507579576e-13,4.656724721e-13,1.760416454e-13,3.807387101e-13,1.258844452e-13
141.3203125,1.458061237e-13,2.729870301e-13,5.05575816e-13,6.376256222e-14,2.886466906e-13,7.487097132e-14,2.293330587e-14,2.295160613e-13,8.93367651e-14,8.458980339e-14,4.232493789e-13,1.465952186e-13,4.634940769e-13,1.860097945e-13,2.93096119e-13,4.890704255e-13,3.139670008e-13,4.729451795e-13,1.840572529e-13,6.104340312e-13,2.673580782e-13,4.992175469e-14,1.202986188e-13,9.199156091e-14,1.546638909e-13,1.465060807e-13,1.959657407e-13,1.523256223e-13,4.797381576e-13,1.767194302e-13,3.883190423e-13,1.26418365e-13
141.328125,1.450766788e-13,2.741401342e-13,5.224466585e-13,6.271667918e-14,2.93134727e-13,7.674665308e-14,2.28189491e-14,2.313238503e-13,9.058926518e-14,8.582820587e-14,4.279304983e-13,1.5163455e-13,4.729832531e-13,1.907962165e-13,2.963252307e-13,4.942214365e-13,3.184344735e-13,4.811393911e-13,1.875961739e-13,6.117109194e-13,2.719069078e-13,5.019943208e-14,1.212264591e-13,9.31605636e-14,1.573800628e-13,1.503413703e-13,2.002919756e-13,1.538262036e-13,4.940224964e-13,1.773490104e-13,3.959022286e-13,1.270095752e-13
141.3359375,1.44358908e-13,2.754411795e-13,5.398028327e-13,6.166623482e-14,2.977230425e-13,7.870155227e-14,2.272123781e-14,2.332422982e-13,9.191577698e-14,8.707213321e-14,4.328593453e-13,1.568164414e-13,4.824222241e-13,1.957745094e-13,2.997094449e-13,4.996269074e-13,3.230208578e-13,4.893782156e-13,1.911519675e-13,6.129787814e-13,2.765320521e-13,5.050760622e-14,1.221482774e-13,9.442902483e-14,1.601048371e-13,1.542522066e-13,2.047229628e-13,1.553616918e-13,5.086864714e-13,1.779491383e-13,4.036843216e-13,1.276430835e-13
141.34375,1.43643172e-13,2.768400866e-13,5.577120764e-13,6.072103205e-14,3.025353216e-13,8.07775678e-14,2.262506264e-14,2.351479348e-13,9.326049e-14,8.832622782e-14,4.379553531e-13,1.621412844e-13,4.919635811e-13,2.009931923e-13,3.031919978e-13,5.051626599e-13,3.276358919e-13,4.976157672e-13,1.947539915e-13,6.143607467e-13,2.81214336e-13,5.085021537e-14,1.230807192e-13,9.570043891e-14,1.62846666e-13,1.582800175e-13,2.092071561e-13,1.56952168e-13,5.238059285e-13,1.784992717e-13,4.116290848e-13,1.283226587e-13
141.3515625,1.428797287e-13,2.779787811e-13,5.759973165e-13,5.986946625e-14,3.073393037e-13,8.289761262e-14,2.253009514e-14,2.369467368e-13,9.457878857e-14,8.956154888e-14,4.431601513e-13,1.675044737e-13,5.016343982e-13,2.062785656e-13,3.068237951e-13,5.109061126e-13,3.323394897e-13,5.05923593e-13,1.984107294e-13,6.156359431e-13,2.858564484e-13,5.118293642e-14,1.240411691e-13,9.695693578e-14,1.656405169e-13,1.623921871e-13,2.137549273e-13,1.585549511e-13,5.3931923e-13,1.79003088e-13,4.19510034e-13,1.290420944e-13
141.359375,1.42170067e-13,2.789593078e-13,5.946266912e-13,5.906035004e-14,3.120678983e-13,8.501073041e-14,2.243696991e-14,2.387744004e-13,9.591599476e-14,9.076855647e-14,4.486193441e-13,1.729339745e-13,5.113460154e-13,2.116045863e-13,3.105696922e-13,5.168253884e-13,3.371792611e-13,5.144703296e-13,2.021124729e-13,6.167526281e-13,2.904000805e-13,5.151689079e-14,1.250460913e-13,9.82804936e-14,1.68491349e-13,1.665775122e-13,2.184783001e-13,1.601572024e-13,5.555050083e-13,1.794622594e-13,4.27411383e-13,1.29797802e-13
141.3671875,1.415765373e-13,2.8017983e-13,6.137982583e-13,5.830876286e-14,3.169419553e-13,8.720451499e-14,2.234687909e-14,2.406974085e-13,9.731311217e-14,9.198695024e-14,4.542869494e-13,1.78548884e-13,5.21051333e-13,2.171373327e-13,3.143041774e-13,5.227103083e-13,3.420396458e-13,5.231606658e-13,2.058625876e-13,6.178771188e-13,2.948257099e-13,5.188547918e-14,1.261037514e-13,9.967427375e-14,1.713655652e-13,1.708482004e-13,2.233058111e-13,1.618044766e-13,5.724346957e-13,1.798662316e-13,4.355129069e-13,1.306022692e-13
141.375,1.410377052e-13,2.816946999e-13,6.336156653e-13,5.763465053e-14,3.219423485e-13,8.954335735e-14,2.228907156e-14,2.425707732e-13,9.871283303e-14,9.329643309e-14,4.600246559e-13,1.843170822e-13,5.30784018e-13,2.228603852e-13,3.180994123e-13,5.286653033e-13,3.469779513e-13,5.318922115e-13,2.096938064e-13,6.189433372e-13,2.992016193e-13,5.226489604e-14,1.272126398e-13,1.010758158e-13,1.742545023e-13,1.751986536e-13,2.281272818e-13,1.636017069e-13,5.896859776e-13,1.802579177e-13,4.437500231e-13,1.314394482e-13
141.3828125,1.405719001e-13,2.829843003e-13,6.53895526e-13,5.695276192e-14,3.268286193e-13,9.194149807e-14,2.22623215e-14,2.443477064e-13,1.000366402e-13,9.465199752e-14,4.659795244e-13,1.900971865e-13,5.405893126e-13,2.285992216e-13,3.2207619e-13,5.349077788e-13,3.522115791e-13,5.408519095e-13,2.136236679e-13,6.197621865e-13,3.035899064e-13,5.263269235e-14,1.283632577e-13,1.024261305e-13,1.771866989e-13,1.796280708e-13,2.330578063e-13,1.654753135e-13,6.071710023e-13,1.806650715e-13,4.520265026e-13,1.322995699e-13
141.390625,1.402014122e-13,2.836846802e-13,6.744326906e-13,5.618739498e-14,3.316642762e-13,9.431673818e-14,2.222875075e-14,2.46164386e-13,1.013331015e-13,9.594046327e-14,4.72287245e-13,1.958896795e-13,5.504647387e-13,2.343576203e-13,3.261002001e-13,5.412512205e-13,3.57600328e-13,5.500237777e-13,2.176120269e-13,6.203329906e-13,3.079636718e-13,5.301361443e-14,1.295427916e-13,1.037570844e-13,1.801480512e-13,1.841010564e-13,2.38116876e-13,1.672416281e-13,6.251239792e-13,1.810314331e-13,4.603439332e-13,1.331998547e-13
141.3984375,1.398935153e-13,2.843134054e-13,6.953944099e-13,5.543852075e-14,3.366867438e-13,9.67026448e-14,2.218895648e-14,2.480774996e-13,1.027172495e-13,9.722302661e-14,4.788317071e-13,2.018243189e-13,5.602930257e-13,2.402342603e-13,3.300504381e-13,5.474884618e-13,3.628070212e-13,5.590960208e-13,2.216167208e-13,6.208490646e-13,3.12329248e-13,5.342749723e-14,1.307465589e-13,1.052052066e-13,1.830708726e-13,1.885657753e-13,2.431672191e-13,1.690254497e-13,6.434392836e-13,1.813431055e-13,4.687238277e-13,1.341355962e-13
141.40625,1.396834808e-13,2.85264671e-13,7.170304098e-13,5.481078374e-14,3.418409371e-13,9.914594386e-14,2.215968591e-14,2.499538209e-13,1.041527194e-13,9.857249631e-14,4.855495627e-13,2.078843807e-13,5.699313146e-13,2.462166066e-13,3.3405624e-13,5.53754351e-13,3.678987221e-13,5.680926064e-13,2.256541083e-13,6.214065391e-13,3.166578062e-13,5.386779436e-14,1.319764057e-13,1.067338906e-13,1.859432773e-13,1.930211691e-13,2.482501129e-13,1.710104509e-13,6.619352759e-13,1.81655757e-13,4.772101262e-13,1.351062143e-13
141.4140625,1.39569246e-13,2.86047916e-13,7.391504598e-13,5.423773962e-14,3.470047305e-13,1.016435367e-13,2.213578159e-14,2.516694848e-13,1.055134904e-13,9.988787963e-14,4.924877899e-13,2.139370494e-13,5.794661226e-13,2.522909331e-13,3.382168852e-13,5.602227016e-13,3.731927803e-13,5.773603318e-13,2.297584193e-13,6.217782705e-13,3.208154688e-13,5.431723448e-14,1.332409222e-13,1.081649843e-13,1.888398208e-13,1.975023994e-13,2.534580462e-13,1.730284183e-13,6.807302774e-13,1.819639328e-13,4.857950084e-13,1.361303652e-13
141.421875,1.394956301e-13,2.864672928e-13,7.61528146e-13,5.367090509e-14,3.523164125e-13,1.041843296e-13,2.211795907e-14,2.533308102e-13,1.06828664e-13,1.011398239e-13,4.996721807e-13,2.200168093e-13,5.891401338e-13,2.584661622e-13,3.424215424e-13,5.669286587e-13,3.787462854e-13,5.869274946e-13,2.339229742e-13,6.219549678e-13,3.248177864e-13,5.476203308e-14,1.345544627e-13,1.09598503e-13,1.91804668e-13,2.02081525e-13,2.58768965e-13,1.749475233e-13,6.999729202e-13,1.822345049e-13,4.944071523e-13,1.372117805e-13
141.4296875,1.395097882e-13,2.868829055e-13,7.843484631e-13,5.319108229e-14,3.578432088e-13,1.067816398e-13,2.210732748e-14,2.551158801e-13,1.081997745e-13,1.024193338e-13,5.071593321e-13,2.262351204e-13,5.990229785e-13,2.647169692e-13,3.4650847e-13,5.737135549e-13,3.843605816e-13,5.964728904e-13,2.38116639e-13,6.22362923e-13,3.288184896e-13,5.521782666e-14,1.358977889e-13,1.112177454e-13,1.948085284e-13,2.067995772e-13,2.641547272e-13,1.768890693e-13,7.196932887e-13,1.824784525e-13,5.030721355e-13,1.383669436e-13
141.4375,1.396218968e-13,2.871964267e-13,8.076836305e-13,5.2810493e-14,3.633583715e-13,1.094535233e-13,2.210553273e-14,2.569633961e-13,1.095992753e-13,1.037049231e-13,5.149031025e-13,2.325381457e-13,6.089801578e-13,2.710605973e-13,3.504845858e-13,5.803947963e-13,3.899041709e-13,6.058850616e-13,2.423157485e-13,6.229447891e-13,3.328131063e-13,5.570183444e-14,1.372272971e-13,1.128807704e-13,1.978320669e-13,2.115944289e-13,2.695661123e-13,1.788466963e-13,7.398762138e-13,1.826874572e-13,5.118658227e-13,1.396073869e-13
141.4453125,1.397341955e-13,2.872174379e-13,8.312801455e-13,5.241628258e-14,3.686785088e-13,1.121448105e-13,2.212936187e-14,2.587438292e-13,1.109726267e-13,1.04929968e-13,5.227141555e-13,2.388057163e-13,6.188136187e-13,2.77444006e-13,3.545958081e-13,5.873011722e-13,3.955236837e-13,6.153579276e-13,2.465005847e-13,6.233403655e-13,3.366850984e-13,5.618344887e-14,1.385735985e-13,1.144462875e-13,2.008792575e-13,2.164419719e-13,2.750200886e-13,1.807320594e-13,7.603464058e-13,1.828587711e-13,5.207272941e-13,1.4090175e-13
141.453125,1.398448854e-13,2.872683813e-13,8.55113314e-13,5.197854748e-14,3.73883675e-13,1.147768378e-13,2.218106401e-14,2.605335237e-13,1.123453389e-13,1.061335997e-13,5.305887717e-13,2.450100191e-13,6.284492546e-13,2.837428594e-13,3.590357907e-13,5.948856733e-13,4.014451861e-13,6.249673607e-13,2.506809064e-13,6.238376857e-13,3.403655818e-13,5.664306133e-14,1.400188629e-13,1.160234158e-13,2.039491962e-13,2.213691868e-13,2.806154511e-13,1.826434051e-13,7.809041608e-13,1.830250077e-13,5.295862316e-13,1.422442438e-13
141.4609375,1.400235738e-13,2.875617792e-13,8.794283265e-13,5.160176534e-14,3.791842606e-13,1.174239356e-13,2.225597881e-14,2.623544425e-13,1.137158952e-13,1.073735139e-13,5.387004639e-13,2.512248613e-13,6.381470835e-13,2.901091325e-13,3.636371477e-13,6.027770577e-13,4.075243551e-13,6.346213886e-13,2.549147258e-13,6.244754767e-13,3.438442933e-13,5.712638206e-14,1.415358464e-13,1.176779944e-13,2.070619684e-13,2.263141696e-13,2.862933577e-13,1.846666999e-13,8.017645298e-13,1.831597547e-13,5.386066389e-13,1.436391815e-13
141.46875,1.402806924e-13,2.878627493e-13,9.042818559e-13,5.131381734e-14,3.846956537e-13,1.201973903e-13,2.236134651e-14,2.640331178e-13,1.15036997e-13,1.086461812e-13,5.47120953e-13,2.575418433e-13,6.481264832e-13,2.967629017e-13,3.681058646e-13,6.10362282e-13,4.134413855e-13,6.44303419e-13,2.592195393e-13,6.245921847e-13,3.472068003e-13,5.765887041e-14,1.430168517e-13,1.1936503e-13,2.102142911e-13,2.312560205e-13,2.919880208e-13,1.867263074e-13,8.231829057e-13,1.832489584e-13,5.479419379e-13,1.450416129e-13
141.4765625,1.405775134e-13,2.878762943e-13,9.294314206e-13,5.102563916e-14,3.902951901e-13,1.230096784e-13,2.248097048e-14,2.655739118e-13,1.163189543e-13,1.098860368e-13,5.558139787e-13,2.638981012e-13,6.580647287e-13,3.034799095e-13,3.724348595e-13,6.178708902e-13,4.193163239e-13,6.539813857e-13,2.635200191e-13,6.243806503e-13,3.505066174e-13,5.819583588e-14,1.444699364e-13,1.210455716e-13,2.133484541e-13,2.362812048e-13,2.977930727e-13,1.887423302e-13,8.4479365e-13,1.833805499e-13,5.573218013e-13,1.464744859e-13
141.484375,1.408475131e-13,2.87638934e-13,9.54612184e-13,5.072805131e-14,3.957977281e-13,1.257502005e-13,2.260342867e-14,2.671856205e-13,1.176185968e-13,1.110221776e-13,5.645927502e-13,2.701458349e-13,6.676172491e-13,3.099847513e-13,3.768206224e-13,6.257495346e-13,4.253989208e-13,6.635397499e-13,2.677488222e-13,6.246300921e-13,3.53623984e-13,5.870714594e-14,1.459951965e-13,1.226932934e-13,2.164663202e-13,2.413919787e-13,3.036541627e-13,1.906840993e-13,8.663038839e-13,1.83548514e-13,5.664166114e-13,1.480319907e-13
141.4921875,1.411309357e-13,2.874744807e-13,9.799037803e-13,5.047999354e-14,4.012230017e-13,1.284847997e-13,2.276216205e-14,2.68885539e-13,1.189458104e-13,1.121148933e-13,5.732652572e-13,2.763084104e-13,6.769788973e-13,3.164478254e-13,3.812999805e-13,6.337770875e-13,4.315151454e-13,6.730019285e-13,2.719275766e-13,6.251242935e-13,3.565010442e-13,5.921952712e-14,1.476065254e-13,1.243502548e-13,2.196207544e-13,2.465232903e-13,3.09424986e-13,1.925833962e-13,8.880208494e-13,1.836383982e-13,5.754313613e-13,1.496866085e-13
141.5,1.415912835e-13,2.874275603e-13,1.005707311e-12,5.028533732e-14,4.066758328e-13,1.312971404e-13,2.29671832e-14,2.705210423e-13,1.202525669e-13,1.133128538e-13,5.821247552e-13,2.824935838e-13,6.863968765e-13,3.230969747e-13,3.858156111e-13,6.417225137e-13,4.376108958e-13,6.825901423e-13,2.761569733e-13,6.253977714e-13,3.592693454e-13,5.976430873e-14,1.492413243e-13,1.260329818e-13,2.227896287e-13,2.516623808e-13,3.151845248e-13,1.946039677e-13,9.09993452e-13,1.837096823e-13,5.847231473e-13,1.513360123e-13
141.5078125,1.422352428e-13,2.873009739e-13,1.03224091e-12,5.017183777e-14,4.121613886e-13,1.342051896e-13,2.318902306e-14,2.720763355e-13,1.215252558e-13,1.146339026e-13,5.915945914e-13,2.887296492e-13,6.958384956e-13,3.299384642e-13,3.905121367e-13,6.498934498e-13,4.440056791e-13,6.92512842e-13,2.805394486e-13,6.256513262e-13,3.619985992e-13,6.034814448e-14,1.508680145e-13,1.276761938e-13,2.259587365e-13,2.568260399e-13,3.210857495e-13,1.968906232e-13,9.320927737e-13,1.839142221e-13,5.942857219e-13,1.529862561e-13
141.515625,1.429360307e-13,2.871761188e-13,1.059215238e-12,5.013684568e-14,4.176885471e-13,1.371792473e-13,2.343121153e-14,2.736347363e-13,1.22820128e-13,1.159630754e-13,6.013833874e-13,2.950199634e-13,7.052350599e-13,3.369299979e-13,3.954142267e-13,6.583166739e-13,4.505705242e-13,7.026510415e-13,2.850174007e-13,6.258958801e-13,3.646266833e-13,6.096158644e-14,1.524968557e-13,1.29356243e-13,2.291774499e-13,2.620327276e-13,3.271506381e-13,1.993123481e-13,9.545519904e-13,1.841862475e-13,6.040159333e-13,1.547021627e-13
141.5234375,1.437158989e-13,2.870176074e-13,1.086115078e-12,5.004336244e-14,4.232917679e-13,1.401045286e-13,2.371579453e-14,2.751741808e-13,1.241485647e-13,1.172333794e-13,6.109781998e-13,3.012820173e-13,7.144564118e-13,3.43959798e-13,4.001553585e-13,6.665062259e-13,4.568602109e-13,7.126061684e-13,2.894159703e-13,6.259757265e-13,3.671125328e-13,6.159178893e-14,1.54159362e-13,1.311528629e-13,2.324045771e-13,2.672306191e-13,3.332474504e-13,2.015974867e-13,9.771164294e-13,1.843575604e-13,6.137923728e-13,1.565076991e-13
141.53125,1.446241935e-13,2.865970023e-13,1.1129125e-12,4.988054194e-14,4.289173463e-13,1.429750212e-13,2.403633961e-14,2.766097597e-13,1.254430999e-13,1.184751391e-13,6.205597385e-13,3.074133573e-13,7.234210884e-13,3.509585113e-13,4.047228043e-13,6.745318518e-13,4.630831214e-13,7.223869937e-13,2.937479803e-13,6.261232085e-13,3.694553328e-13,6.224009376e-14,1.55873096e-13,1.328963713e-13,2.355724549e-13,2.723459972e-13,3.392240193e-13,2.037591997e-13,9.993459119e-13,1.844323618e-13,6.234074937e-13,1.583827776e-13
141.5390625,1.455578749e-13,2.863106592e-13,1.140168526e-12,4.979622834e-14,4.344847073e-13,1.459446683e-13,2.438231062e-14,2.779568366e-13,1.266965458e-13,1.197515366e-13,6.3050366e-13,3.135435142e-13,7.323657566e-13,3.580937132e-13,4.096449163e-13,6.82997784e-13,4.696835646e-13,7.325111798e-13,2.9819008e-13,6.263281457e-13,3.716419827e-13,6.291247416e-14,1.576263834e-13,1.345494518e-13,2.387723682e-13,2.774953551e-13,3.452413642e-13,2.060612562e-13,1.021876342e-12,1.845260111e-13,6.330318726e-13,1.602760211e-13
141.546875,1.464304271e-13,2.865980712e-13,1.167977198e-12,4.97497076e-14,4.399729519e-13,1.489481657e-13,2.47514132e-14,2.792965213e-13,1.279569022e-13,1.21084663e-13,6.407004903e-13,3.197914417e-13,7.414010265e-13,3.654026657e-13,4.14899171e-13,6.918381418e-13,4.764493718e-13,7.430232945e-13,3.027305821e-13,6.263225826e-13,3.736319125e-13,6.358708637e-14,1.594398571e-13,1.363235267e-13,2.420864616e-13,2.828358823e-13,3.515564969e-13,2.085202874e-13,1.045196161e-12,1.846804069e-13,6.430139084e-13,1.621864775e-13
141.5546875,1.472606281e-13,2.869010931e-13,1.195686435e-12,4.964691619e-14,4.453633309e-13,1.517766236e-13,2.513331867e-14,2.806283707e-13,1.291854408e-13,1.224155625e-13,6.509427458e-13,3.259559293e-13,7.501877698e-13,3.725724351e-13,4.199055367e-13,7.005175833e-13,4.829773919e-13,7.533072434e-13,3.071727444e-13,6.263145448e-13,3.754029132e-13,6.422740378e-14,1.613086375e-13,1.381804082e-13,2.454002332e-13,2.882572441e-13,3.579707749e-13,2.108668295e-13,1.068494842e-12,1.848482379e-13,6.530542014e-13,1.64165676e-13
141.5625,1.481254766e-13,2.866515e-13,1.223085179e-12,4.960701939e-14,4.506581111e-13,1.54544464e-13,2.552168009e-14,2.819055775e-13,1.303230616e-13,1.236995096e-13,6.612034909e-13,3.318777018e-13,7.585731404e-13,3.794599188e-13,4.246754556e-13,7.091320936e-13,4.893606147e-13,7.631350236e-13,3.114370497e-13,6.26560904e-13,3.770120907e-13,6.483535968e-14,1.631087864e-13,1.399287662e-13,2.485945072e-13,2.935565103e-13,3.642072486e-13,2.130335406e-13,1.091163861e-12,1.849823743e-13,6.626636372e-13,1.661701125e-13
141.5703125,1.491441923e-13,2.861991059e-13,1.250544534e-12,4.968066773e-14,4.559520085e-13,1.574428656e-13,2.59253697e-14,2.831363168e-13,1.314155964e-13,1.249965481e-13,6.7143016e-13,3.376953735e-13,7.668826078e-13,3.863140062e-13,4.296568028e-13,7.181380044e-13,4.95909247e-13,7.72947205e-13,3.156340338e-13,6.268409901e-13,3.784916388e-13,6.545401819e-14,1.648072154e-13,1.416421897e-13,2.517304898e-13,2.98746465e-13,3.704820205e-13,2.152280693e-13,1.113576488e-12,1.850930797e-13,6.72070971e-13,1.681226649e-13
141.578125,1.50348584e-13,2.859312845e-13,1.278095748e-12,4.975602178e-14,4.612768828e-13,1.603431802e-13,2.635538459e-14,2.843357559e-13,1.325156501e-13,1.263386775e-13,6.816640376e-13,3.434967278e-13,7.752703218e-13,3.932887723e-13,4.348491117e-13,7.274745957e-13,5.026304619e-13,7.829765596e-13,3.198709741e-13,6.269396467e-13,3.797472856e-13,6.61044959e-14,1.665646358e-13,1.434282175e-13,2.549150112e-13,3.039660319e-13,3.770334876e-13,2.175204768e-13,1.136149649e-12,1.852151731e-13,6.816651061e-13,1.700816789e-13
141.5859375,1.516192631e-13,2.857890333e-13,1.305509426e-12,4.982479634e-14,4.664745873e-13,1.631461603e-13,2.681434928e-14,2.854846574e-13,1.335918255e-13,1.276408958e-13,6.920574589e-13,3.491445662e-13,7.834154923e-13,4.002246417e-13,4.399663787e-13,7.367281052e-13,5.092638093e-13,7.928811688e-13,3.240910913e-13,6.2686714e-13,3.807070152e-13,6.676033998e-14,1.683986352e-13,1.451919603e-13,2.581211227e-13,3.091974895e-13,3.836232829e-13,2.197621797e-13,1.158767483e-12,1.853380597e-13,6.912294834e-13,1.721037007e-13
141.59375,1.528867692e-13,2.857696911e-13,1.332673093e-12,4.99361938e-14,4.715012186e-13,1.659900654e-13,2.729397544e-14,2.865533926e-13,1.346143555e-13,1.288992377e-13,7.025334339e-13,3.545591971e-13,7.910950799e-13,4.070234588e-13,4.449365299e-13,7.458185391e-13,5.15787637e-13,8.02448997e-13,3.282354738e-13,6.266557006e-13,3.814288812e-13,6.740818788e-14,1.701432797e-13,1.468399337e-13,2.612574062e-13,3.142707867e-13,3.899741946e-13,2.219322916e-13,1.180946499e-12,1.854226955e-13,7.0046227e-13,1.741177362e-13
141.6015625,1.542324628e-13,2.859277629e-13,1.359606463e-12,5.010710413e-14,4.76584822e-13,1.689118944e-13,2.777779222e-14,2.875035689e-13,1.356111175e-13,1.302636323e-13,7.129414927e-13,3.598937208e-13,7.985885656e-13,4.138557777e-13,4.498834585e-13,7.549787444e-13,5.224537301e-13,8.120102973e-13,3.324401589e-13,6.264186264e-13,3.819875587e-13,6.807987605e-14,1.718151056e-13,1.484088132e-13,2.643298652e-13,3.191938265e-13,3.962475467e-13,2.242311635e-13,1.20266981e-12,1.854851698e-13,7.095842678e-13,1.760823223e-13
141.609375,1.557031689e-13,2.861715178e-13,1.38654846e-12,5.037145094e-14,4.81720523e-13,1.718003788e-13,2.825912558e-14,2.883603493e-13,1.366082886e-13,1.317740829e-13,7.233594426e-13,3.652707383e-13,8.061835923e-13,4.207869197e-13,4.548846254e-13,7.641845204e-13,5.291774379e-13,8.217306334e-13,3.367336318e-13,6.262825738e-13,3.824114881e-13,6.878296577e-14,1.735460078e-13,1.500469747e-13,2.673880476e-13,3.241588407e-13,4.02696177e-13,2.267142214e-13,1.22453989e-12,1.855707657e-13,7.188737674e-13,1.780347133e-13
141.6171875,1.572161569e-13,2.864707498e-13,1.41349276e-12,5.066979475e-14,4.865640722e-13,1.746024971e-13,2.875237178e-14,2.892301771e-13,1.375824885e-13,1.332814982e-13,7.337923955e-13,3.705329568e-13,8.136917478e-13,4.275544731e-13,4.598702883e-13,7.732813982e-13,5.356504322e-13,8.312484322e-13,3.408644015e-13,6.262368691e-13,3.827161174e-13,6.94699754e-14,1.753043763e-13,1.518689862e-13,2.704105309e-13,3.291721758e-13,4.092034403e-13,2.291569193e-13,1.246543569e-12,1.856567124e-13,7.28112534e-13,1.799989285e-13
141.625,1.587318885e-13,2.868332819e-13,1.440009603e-12,5.092194991e-14,4.911757451e-13,1.773231144e-13,2.927258153e-14,2.901305502e-13,1.385117483e-13,1.347176115e-13,7.440615826e-13,3.755317081e-13,8.208637373e-13,4.340628997e-13,4.648389542e-13,7.825019936e-13,5.419931824e-13,8.404597475e-13,3.447957744e-13,6.263021779e-13,3.828678998e-13,7.012723786e-14,1.770278504e-13,1.537453469e-13,2.733823111e-13,3.341010124e-13,4.155916152e-13,2.314680315e-13,1.268059366e-12,1.857094476e-13,7.370434802e-13,1.819916896e-13
141.6328125,1.6032572e-13,2.870768453e-13,1.465969637e-12,5.119340925e-14,4.959793464e-13,1.799998076e-13,2.982006044e-14,2.909675961e-13,1.394263351e-13,1.36172355e-13,7.540964729e-13,3.803443446e-13,8.277341481e-13,4.405982729e-13,4.699004817e-13,7.920180907e-13,5.484493151e-13,8.49691132e-13,3.487621869e-13,6.265477117e-13,3.827391814e-13,7.080183719e-14,1.787366281e-13,1.554533301e-13,2.7632528e-13,3.389096977e-13,4.219432053e-13,2.338089587e-13,1.288916096e-12,1.857682114e-13,7.458342171e-13,1.839992477e-13
141.640625,1.620221422e-13,2.871164393e-13,1.491339734e-12,5.146258221e-14,5.007964076e-13,1.826421241e-13,3.038796985e-14,2.917047696e-13,1.403213114e-13,1.376818263e-13,7.638674591e-13,3.8493326e-13,8.342640386e-13,4.47182416e-13,4.749471534e-13,8.015028793e-13,5.548814091e-13,8.589177932e-13,3.527024181e-13,6.268095337e-13,3.822212117e-13,7.149674112e-14,1.804154303e-13,1.569776159e-13,2.792057437e-13,3.435488888e-13,4.282514169e-13,2.361743008e-13,1.309143512e-12,1.858428422e-13,7.545733918e-13,1.859597314e-13
141.6484375,1.637717462e-13,2.873050692e-13,1.515858524e-12,5.160242126e-14,5.050553598e-13,1.851566569e-13,3.095893808e-14,2.923691827e-13,1.411239001e-13,1.391959486e-13,7.733710827e-13,3.891590053e-13,8.403419965e-13,4.53458502e-13,4.797829762e-13,8.107720886e-13,5.611233362e-13,8.678104391e-13,3.563961651e-13,6.267852277e-13,3.814072921e-13,7.216016463e-14,1.820415812e-13,1.584688688e-13,2.819891871e-13,3.480196231e-13,4.343814412e-13,2.384222096e-13,1.3288414e-12,1.858916805e-13,7.630851482e-13,1.878625053e-13
141.65625,1.656025261e-13,2.879405872e-13,1.539875329e-12,5.17445557e-14,5.088592297e-13,1.875459691e-13,3.151668399e-14,2.929844847e-13,1.418505716e-13,1.407266683e-13,7.82829134e-13,3.93189027e-13,8.461339108e-13,4.594263805e-13,4.845322679e-13,8.200574394e-13,5.672759427e-13,8.763933585e-13,3.599420794e-13,6.265647545e-13,3.80505882e-13,7.279698375e-14,1.836340419e-13,1.600635875e-13,2.847104168e-13,3.525065989e-13,4.40460254e-13,2.406577346e-13,1.348403613e-12,1.859516266e-13,7.714415274e-13,1.897507262e-13
141.6640625,1.67568814e-13,2.88711181e-13,1.563997019e-12,5.209977856e-14,5.127409777e-13,1.899947874e-13,3.207955592e-14,2.935605927e-13,1.426002762e-13,1.423314571e-13,7.92362451e-13,3.972459091e-13,8.518410843e-13,4.654260226e-13,4.894198485e-13,8.295067334e-13,5.735182963e-13,8.849419065e-13,3.635044104e-13,6.266217703e-13,3.795707212e-13,7.345736967e-14,1.851903219e-13,1.617580459e-13,2.873919901e-13,3.570716516e-13,4.466636584e-13,2.430300815e-13,1.367713964e-12,1.860729489e-13,7.797674989e-13,1.916464489e-13
141.671875,1.696525159e-13,2.892694992e-13,1.588003952e-12,5.256246146e-14,5.167741966e-13,1.925584885e-13,3.267711204e-14,2.940301069e-13,1.433647778e-13,1.440028713e-13,8.017468656e-13,4.012282887e-13,8.574056314e-13,4.715047479e-13,4.944228953e-13,8.390180248e-13,5.798464203e-13,8.935246884e-13,3.670509519e-13,6.26987684e-13,3.785439716e-13,7.414132881e-14,1.86706237e-13,1.634013342e-13,2.900288329e-13,3.615715795e-13,4.528705848e-13,2.454569742e-13,1.3863111e-12,1.862073429e-13,7.878969201e-13,1.93558109e-13
141.6796875,1.718515736e-13,2.898860491e-13,1.611464382e-12,5.297502014e-14,5.207159441e-13,1.950835074e-13,3.330224557e-14,2.943085764e-13,1.440750444e-13,1.456783763e-13,8.108295298e-13,4.05005133e-13,8.627029577e-13,4.775252426e-13,4.994272838e-13,8.483887926e-13,5.86002117e-13,9.020161092e-13,3.705436284e-13,6.27096401e-13,3.774457638e-13,7.481996994e-14,1.881936265e-13,1.649045246e-13,2.926231626e-13,3.659469408e-13,4.589169809e-13,2.478847889e-13,1.40430361e-12,1.863230087e-13,7.957936737e-13,1.954594188e-13
141.6875,1.741598652e-13,2.908521941e-13,1.634283563e-12,5.34209246e-14,5.244400162e-13,1.974967135e-13,3.393276809e-14,2.944432942e-13,1.447229723e-13,1.473121515e-13,8.196843139e-13,4.085881692e-13,8.676989225e-13,4.8346617e-13,5.044285853e-13,8.575613328e-13,5.918697798e-13,9.103649474e-13,3.739409076e-13,6.267625533e-13,3.76267491e-13,7.547775718e-14,1.896405134e-13,1.663078426e-13,2.951437555e-13,3.7018449e-13,4.648073575e-13,2.503647089e-13,1.421719045e-12,1.864443219e-13,8.035323605e-13,1.972884459e-13
141.6953125,1.765150145e-13,2.919935648e-13,1.656402659e-12,5.395813028e-14,5.279160305e-13,1.998597322e-13,3.456864251e-14,2.945049674e-13,1.452983261e-13,1.489202785e-13,8.28397062e-13,4.119671705e-13,8.724564262e-13,4.892635705e-13,5.094673811e-13,8.667119692e-13,5.976362834e-13,9.185794811e-13,3.771680074e-13,6.263506286e-13,3.749039143e-13,7.610103061e-14,1.910320578e-13,1.676625566e-13,2.975556932e-13,3.742414808e-13,4.70608462e-13,2.528468908e-13,1.438349904e-12,1.865599228e-13,8.109967226e-13,1.990348326e-13
141.703125,1.789572785e-13,2.933119167e-13,1.677982811e-12,5.446924388e-14,5.312476658e-13,2.021756932e-13,3.52192955e-14,2.944582268e-13,1.458092441e-13,1.505501935e-13,8.370112567e-13,4.151820748e-13,8.77017127e-13,4.948923294e-13,5.145169768e-13,8.758456828e-13,6.03310466e-13,9.265590004e-13,3.802777868e-13,6.259257148e-13,3.733191291e-13,7.671272904e-14,1.923704881e-13,1.690611689e-13,2.998785109e-13,3.781770974e-13,4.763912302e-13,2.55282297e-13,1.454595964e-12,1.866594891e-13,8.182765705e-13,2.007228913e-13
141.7109375,1.815712642e-13,2.950810102e-13,1.699077454e-12,5.491663118e-14,5.345797323e-13,2.043762443e-13,3.587950574e-14,2.942779704e-13,1.463150268e-13,1.521925026e-13,8.454453334e-13,4.183015985e-13,8.812199817e-13,5.004813711e-13,5.195113684e-13,8.847727114e-13,6.087829056e-13,9.342926147e-13,3.833477333e-13,6.253308486e-13,3.715398085e-13,7.735590835e-14,1.936682318e-13,1.705358213e-13,3.02125638e-13,3.820298127e-13,4.821961384e-13,2.577076017e-13,1.470699304e-12,1.867483153e-13,8.255621834e-13,2.023489671e-13
141.71875,1.842241631e-13,2.970835987e-13,1.719263684e-12,5.541728091e-14,5.377752021e-13,2.06457396e-13,3.652837498e-14,2.939925823e-13,1.467920247e-13,1.53808076e-13,8.535434785e-13,4.212373851e-13,8.84942976e-13,5.059621322e-13,5.244195396e-13,8.935099875e-13,6.141511753e-13,9.419137112e-13,3.862971325e-13,6.247454194e-13,3.695637926e-13,7.799792132e-14,1.949158058e-13,1.719489997e-13,3.042626718e-13,3.856973237e-13,4.87980153e-13,2.60074897e-13,1.486092335e-12,1.867920642e-13,8.325860162e-13,2.039072342e-13
141.7265625,1.867539729e-13,2.988226619e-13,1.738407027e-12,5.600504551e-14,5.405977917e-13,2.084540242e-13,3.715320836e-14,2.936247458e-13,1.471890773e-13,1.554135228e-13,8.612807333e-13,4.238876502e-13,8.883168664e-13,5.110762507e-13,5.292087556e-13,9.020920326e-13,6.193462369e-13,9.49250172e-13,3.890187397e-13,6.24355021e-13,3.674200488e-13,7.858241834e-14,1.960458087e-13,1.733240801e-13,3.06256194e-13,3.891397087e-13,4.936422073e-13,2.622774112e-13,1.500439879e-12,1.867836855e-13,8.391186571e-13,2.053880127e-13
141.734375,1.893001554e-13,3.003491923e-13,1.75670237e-12,5.658527602e-14,5.431203166e-13,2.103452981e-13,3.77611214e-14,2.932214871e-13,1.475701786e-13,1.570246363e-13,8.686740106e-13,4.262834229e-13,8.913946962e-13,5.158619388e-13,5.338846428e-13,9.104591097e-13,6.242136448e-13,9.560227979e-13,3.915398959e-13,6.240403796e-13,3.651438082e-13,7.914082887e-14,1.970508873e-13,1.748333452e-13,3.081092458e-13,3.924524768e-13,4.99123564e-13,2.643298953e-13,1.513933937e-12,1.867718323e-13,8.453827608e-13,2.067878643e-13
141.7421875,1.920568419e-13,3.020720096e-13,1.774255507e-12,5.715918077e-14,5.455693577e-13,2.121651279e-13,3.835727398e-14,2.927998611e-13,1.479573151e-13,1.586360637e-13,8.757808819e-13,4.284810015e-13,8.941632686e-13,5.206144543e-13,5.385892665e-13,9.187458456e-13,6.290053714e-13,9.624893917e-13,3.939981167e-13,6.236330967e-13,3.62728051e-13,7.97227063e-14,1.980373712e-13,1.763453216e-13,3.098626008e-13,3.957068874e-13,5.044964117e-13,2.663671082e-13,1.526738066e-12,1.867848253e-13,8.51499678e-13,2.081408481e-13
141.75,1.949480969e-13,3.04099924e-13,1.791409716e-12,5.782113772e-14,5.479918728e-13,2.140143204e-13,3.894382326e-14,2.922864316e-13,1.482745298e-13,1.602809652e-13,8.827810348e-13,4.305490279e-13,8.968105767e-13,5.254434852e-13,5.434185464e-13,9.270393895e-13,6.339123037e-13,9.690505937e-13,3.96498026e-13,6.230495116e-13,3.601944602e-13,8.0319491e-14,1.990220389e-13,1.777005265e-13,3.115639224e-13,3.988830819e-13,5.098703107e-13,2.684837229e-13,1.538907408e-12,1.868324502e-13,8.574502064e-13,2.094391694e-13
141.7578125,1.978484894e-13,3.06221001e-13,1.808090936e-12,5.853541122e-14,5.502508014e-13,2.158030827e-13,3.952619894e-14,2.916588262e-13,1.48529787e-13,1.619228048e-13,8.896301969e-13,4.325039763e-13,8.993169154e-13,5.301661552e-13,5.482171909e-13,9.351862496e-13,6.387407112e-13,9.755856937e-13,3.989575887e-13,6.223029841e-13,3.575401434e-13,8.091095203e-14,1.999389163e-13,1.790668432e-13,3.132108885e-13,4.019082216e-13,5.15199403e-13,2.705873168e-13,1.550215084e-12,1.868991821e-13,8.633068038e-13,2.10626516e-13
141.765625,2.007924931e-13,3.083428626e-13,1.823372856e-12,5.919254034e-14,5.521894574e-13,2.173547916e-13,4.008963554e-14,2.909716539e-13,1.487472795e-13,1.634548509e-13,8.960307087e-13,4.341783584e-13,9.013014277e-13,5.345183513e-13,5.527614524e-13,9.431375702e-13,6.433976728e-13,9.81705004e-13,4.011786535e-13,6.214695708e-13,3.546942241e-13,8.147092027e-14,2.008160643e-13,1.804529869e-13,3.147299155e-13,4.047084883e-13,5.202981084e-13,2.72517108e-13,1.560303267e-12,1.869243989e-13,8.68838437e-13,2.117128783e-13
141.7734375,2.03725096e-13,3.106856761e-13,1.837004077e-12,5.983805422e-14,5.53779829e-13,2.187451759e-13,4.062267838e-14,2.902069693e-13,1.488753068e-13,1.649472109e-13,9.018517437e-13,4.354636794e-13,9.026327051e-13,5.384283414e-13,5.570632968e-13,9.509709929e-13,6.478370541e-13,9.871785711e-13,4.030627556e-13,6.206037377e-13,3.516853232e-13,8.196583826e-14,2.016270951e-13,1.816687748e-13,3.160259654e-13,4.072521697e-13,5.250813394e-13,2.743050561e-13,1.569291566e-12,1.86893098e-13,8.73662066e-13,2.127302443e-13
141.78125,2.064442001e-13,3.132767821e-13,1.849595868e-12,6.057464389e-14,5.550855373e-13,2.200877421e-13,4.115111852e-14,2.893518124e-13,1.489431859e-13,1.665521322e-13,9.070674766e-13,4.365009824e-13,9.034510165e-13,5.420219969e-13,5.613007666e-13,9.586178291e-13,6.518411398e-13,9.920259163e-13,4.04640349e-13,6.19776376e-13,3.48625756e-13,8.241037292e-14,2.022402649e-13,1.828361155e-13,3.170686221e-13,4.095358419e-13,5.296808028e-13,2.760510707e-13,1.577455982e-12,1.868402781e-13,8.778616402e-13,2.136434554e-13
141.7890625,2.090348503e-13,3.157409344e-13,1.86115466e-12,6.135967362e-14,5.560834121e-13,2.21304762e-13,4.168261804e-14,2.884952499e-13,1.490089933e-13,1.682075405e-13,9.116798321e-13,4.3735542e-13,9.037698035e-13,5.453025126e-13,5.654548519e-13,9.65876828e-13,6.553990132e-13,9.964560564e-13,4.059803698e-13,6.189492446e-13,3.454901536e-13,8.28396444e-14,2.026868641e-13,1.841035823e-13,3.17918092e-13,4.115647865e-13,5.341932385e-13,2.776863985e-13,1.584743005e-12,1.867547243e-13,8.816886959e-13,2.144186465e-13
141.796875,2.118790899e-13,3.181464803e-13,1.871388156e-12,6.213191177e-14,5.567089302e-13,2.224042507e-13,4.218818148e-14,2.876176141e-13,1.490012377e-13,1.698007226e-13,9.159035895e-13,4.379259487e-13,9.037008799e-13,5.482124348e-13,5.694373516e-13,9.728011954e-13,6.588142168e-13,1.000779522e-12,4.071844673e-13,6.179414565e-13,3.421575294e-13,8.324929559e-14,2.031026264e-13,1.853272896e-13,3.18671231e-13,4.133999158e-13,5.385342298e-13,2.791800072e-13,1.591267273e-12,1.866294249e-13,8.851619162e-13,2.150667343e-13
141.8046875,2.150019315e-13,3.21024864e-13,1.880550112e-12,6.295290738e-14,5.570593878e-13,2.234703926e-13,4.267222512e-14,2.865635174e-13,1.488812942e-13,1.713706183e-13,9.198596754e-13,4.382792334e-13,9.035212856e-13,5.510022614e-13,5.735208257e-13,9.798514257e-13,6.62383291e-13,1.005330345e-12,4.083670073e-13,6.167797451e-13,3.386287394e-13,8.363403836e-14,2.034952475e-13,1.86471642e-13,3.194021587e-13,4.151343404e-13,5.427173695e-13,2.80676827e-13,1.597310612e-12,1.865129292e-13,8.883779445e-13,2.156180055e-13
141.8125,2.180264295e-13,3.241873146e-13,1.888862544e-12,6.3835509e-14,5.573116306e-13,2.244346425e-13,4.316788044e-14,2.85349038e-13,1.487171737e-13,1.729419739e-13,9.23374572e-13,4.385154901e-13,9.032103492e-13,5.538919488e-13,5.778864066e-13,9.871515119e-13,6.661269127e-13,1.010028156e-12,4.09520472e-13,6.156246348e-13,3.350294875e-13,8.400323119e-14,2.038332631e-13,1.876086634e-13,3.2010508e-13,4.167540297e-13,5.468332009e-13,2.821828604e-13,1.602584967e-12,1.864138017e-13,8.914116611e-13,2.161174767e-13
141.8203125,2.209040739e-13,3.27095183e-13,1.896200637e-12,6.469197701e-14,5.573921025e-13,2.252877387e-13,4.36863871e-14,2.84106432e-13,1.484846263e-13,1.745071169e-13,9.263699915e-13,4.384694978e-13,9.025253721e-13,5.565865913e-13,5.821940069e-13,9.942445162e-13,6.69772782e-13,1.014261498e-12,4.104810334e-13,6.144835849e-13,3.314320679e-13,8.433639484e-14,2.041080106e-13,1.886288775e-13,3.20705633e-13,4.182037961e-13,5.507987808e-13,2.835233196e-13,1.606649308e-12,1.862885769e-13,8.939679213e-13,2.165859661e-13
141.828125,2.238920786e-13,3.300485813e-13,1.902587342e-12,6.557666125e-14,5.570362376e-13,2.261642075e-13,4.422781472e-14,2.827720575e-13,1.481163465e-13,1.761130429e-13,9.289467022e-13,4.381000253e-13,9.014926076e-13,5.588503703e-13,5.86367183e-13,1.001047133e-12,6.73155549e-13,1.017895713e-12,4.111705511e-13,6.133513824e-13,3.277880194e-13,8.4614446e-14,2.042663015e-13,1.895080235e-13,3.21179669e-13,4.19555115e-13,5.546098823e-13,2.847190683e-13,1.609792796e-12,1.861318754e-13,8.959131436e-13,2.169896894e-13
141.8359375,2.269325699e-13,3.333974253e-13,1.908289013e-12,6.662275536e-14,5.56351881e-13,2.270829725e-13,4.477694173e-14,2.812542959e-13,1.477022121e-13,1.777193298e-13,9.311606787e-13,4.37703924e-13,9.003012536e-13,5.610529275e-13,5.907450335e-13,1.007741976e-12,6.763347656e-13,1.021467378e-12,4.117238825e-13,6.121178437e-13,3.240702054e-13,8.487535142e-14,2.042767494e-13,1.904075088e-13,3.215465389e-13,4.208004104e-13,5.583163941e-13,2.859419256e-13,1.61235427e-12,1.859686719e-13,8.976417083e-13,2.172813139e-13
141.84375,2.299407417e-13,3.367935415e-13,1.913316121e-12,6.773534668e-14,5.557946425e-13,2.27981331e-13,4.529635164e-14,2.796698453e-13,1.473606204e-13,1.792502154e-13,9.32970102e-13,4.37345006e-13,8.98887755e-13,5.634898881e-13,5.95212131e-13,1.014012026e-12,6.792304227e-13,1.025011899e-12,4.122285495e-13,6.106390016e-13,3.203300092e-13,8.51709785e-14,2.041553623e-13,1.913498149e-13,3.217491548e-13,4.217572956e-13,5.616814137e-13,2.871500667e-13,1.613939549e-12,1.857973033e-13,8.993506069e-13,2.174504578e-13
141.8515625,2.332205224e-13,3.401802163e-13,1.917293855e-12,6.877353988e-14,5.553439776e-13,2.288609695e-13,4.578346328e-14,2.7807121e-13,1.470274394e-13,1.808070257e-13,9.342732562e-13,4.367578017e-13,8.970764179e-13,5.658523747e-13,5.994760363e-13,1.019695364e-12,6.817616534e-13,1.028177866e-12,4.126084877e-13,6.091885673e-13,3.165475593e-13,8.549380545e-14,2.039187421e-13,1.922511313e-13,3.217376013e-13,4.224546646e-13,5.646498338e-13,2.882280255e-13,1.614322444e-12,1.856012494e-13,9.007477984e-13,2.175199235e-13
141.859375,2.368141737e-13,3.438157261e-13,1.92009208e-12,6.986549023e-14,5.545026946e-13,2.297263419e-13,4.627756873e-14,2.763252547e-13,1.465611899e-13,1.824754347e-13,9.350859158e-13,4.358889106e-13,8.949532311e-13,5.678254594e-13,6.036600171e-13,1.025086897e-12,6.841118607e-13,1.031098052e-12,4.128297574e-13,6.078529576e-13,3.126475523e-13,8.578602271e-14,2.035999641e-13,1.931168063e-13,3.215893668e-13,4.230543176e-13,5.674874168e-13,2.892427202e-13,1.613910495e-12,1.853719824e-13,9.016792023e-13,2.174671955e-13
141.8671875,2.40262638e-13,3.474588921e-13,1.921809009e-12,7.113972549e-14,5.53139694e-13,2.305530115e-13,4.67882372e-14,2.744164387e-13,1.459390212e-13,1.841197275e-13,9.355117129e-13,4.348319416e-13,8.926487215e-13,5.695017686e-13,6.078477568e-13,1.030289126e-12,6.864574828e-13,1.03390407e-12,4.128975896e-13,6.061036627e-13,3.086566667e-13,8.60069333e-14,2.032081131e-13,1.939517687e-13,3.213783658e-13,4.234185051e-13,5.700916186e-13,2.901878302e-13,1.61277499e-12,1.85096635e-13,9.021983362e-13,2.172265978e-13
141.875,2.434626661e-13,3.510466682e-13,1.922181073e-12,7.247878225e-14,5.514216879e-13,2.312639888e-13,4.727886374e-14,2.724749093e-13,1.452309619e-13,1.856514466e-13,9.354508701e-13,4.335282228e-13,8.899761936e-13,5.709792742e-13,6.120111166e-13,1.035402494e-12,6.887888524e-13,1.036391212e-12,4.127366783e-13,6.039083163e-13,3.04617649e-13,8.616151654e-14,2.027096134e-13,1.947091791e-13,3.210500844e-13,4.23429374e-13,5.723200042e-13,2.909151648e-13,1.610628933e-12,1.847707783e-13,9.022054696e-13,2.168313096e-13
141.8828125,2.46797487e-13,3.550208744e-13,1.921146874e-12,7.378306648e-14,5.493571214e-13,2.31760355e-13,4.771548863e-14,2.705430681e-13,1.444905172e-13,1.871840269e-13,9.347958556e-13,4.31999173e-13,8.867577828e-13,5.721662148e-13,6.162012142e-13,1.040446291e-12,6.908713136e-13,1.038496372e-12,4.123218736e-13,6.0174375e-13,3.004966191e-13,8.627489278e-14,2.021038356e-13,1.953952082e-13,3.205085211e-13,4.23293979e-13,5.744604208e-13,2.914857439e-13,1.607582233e-12,1.844208306e-13,9.016537667e-13,2.163765648e-13
141.890625,2.504095072e-13,3.592531449e-13,1.919146821e-12,7.508867488e-14,5.471024652e-13,2.32111276e-13,4.810620187e-14,2.685421637e-13,1.437397426e-13,1.88776475e-13,9.336689567e-13,4.303640524e-13,8.831600318e-13,5.73071484e-13,6.202403597e-13,1.044980712e-12,6.924529844e-13,1.040250579e-12,4.117658311e-13,5.995142918e-13,2.96312044e-13,8.637393882e-14,2.014109815e-13,1.960570727e-13,3.197542785e-13,4.230805247e-13,5.765108636e-13,2.920788708e-13,1.603785469e-12,1.840634654e-13,9.00696372e-13,2.158375231e-13
141.8984375,2.541557448e-13,3.632875149e-13,1.916209237e-12,7.640398054e-14,5.449083148e-13,2.325078862e-13,4.849490396e-14,2.663607058e-13,1.429630445e-13,1.903655115e-13,9.321530801e-13,4.285792419e-13,8.793487998e-13,5.738296961e-13,6.240585396e-13,1.048975539e-12,6.937849048e-13,1.041748633e-12,4.111828527e-13,5.970608195e-13,2.921411994e-13,8.64759133e-14,2.006346589e-13,1.966708457e-13,3.188903694e-13,4.22632338e-13,5.781763854e-13,2.926976454e-13,1.599099857e-12,1.836805208e-13,8.9940366e-13,2.151475112e-13
141.90625,2.579420715e-13,3.673397996e-13,1.912119576e-12,7.773397388e-14,5.425784481e-13,2.329631796e-13,4.889321561e-14,2.639986461e-13,1.42104908e-13,1.919391806e-13,9.302541096e-13,4.265922301e-13,8.752774495e-13,5.743942301e-13,6.2796742e-13,1.052879273e-12,6.951724709e-13,1.04320196e-12,4.105490246e-13,5.946414731e-13,2.880036787e-13,8.656145891e-14,1.99776828e-13,1.972024677e-13,3.179660852e-13,4.219711174e-13,5.795074248e-13,2.932698744e-13,1.593528457e-12,1.832624233e-13,8.977066927e-13,2.143416821e-13
141.9140625,2.616592595e-13,3.716382934e-13,1.906952035e-12,7.912294483e-14,5.398250323e-13,2.333076882e-13,4.925602346e-14,2.616242268e-13,1.411441932e-13,1.934717569e-13,9.279593749e-13,4.244619985e-13,8.709454328e-13,5.746350681e-13,6.319821144e-13,1.056628939e-12,6.963491598e-13,1.044548397e-12,4.097286046e-13,5.922276349e-13,2.838832873e-13,8.659028291e-14,1.988220475e-13,1.977438635e-13,3.169281371e-13,4.212039157e-13,5.806012436e-13,2.936826165e-13,1.587171812e-12,1.828079632e-13,8.955626107e-13,2.134520558e-13
141.921875,2.652377446e-13,3.759235673e-13,1.900617414e-12,8.058017583e-14,5.368042534e-13,2.334894226e-13,4.957474712e-14,2.5930468e-13,1.401099041e-13,1.948607183e-13,9.251405435e-13,4.221931165e-13,8.663997237e-13,5.747524795e-13,6.359065423e-13,1.06007845e-12,6.972826741e-13,1.045705344e-12,4.086964912e-13,5.896696801e-13,2.797678043e-13,8.656294023e-14,1.977752829e-13,1.983248023e-13,3.157676999e-13,4.202757308e-13,5.814926597e-13,2.938487067e-13,1.580047342e-12,1.823056006e-13,8.930570511e-13,2.124419251e-13
141.9296875,2.688240944e-13,3.80231827e-13,1.893188389e-12,8.211500288e-14,5.336954236e-13,2.336494488e-13,4.989838352e-14,2.568927329e-13,1.390019476e-13,1.961476497e-13,9.218670018e-13,4.197594901e-13,8.615361139e-13,5.749678052e-13,6.398418808e-13,1.063328966e-12,6.983001898e-13,1.046838788e-12,4.075711313e-13,5.870283584e-13,2.756415131e-13,8.651533402e-14,1.96673326e-13,1.987616559e-13,3.144958297e-13,4.190860677e-13,5.823002755e-13,2.939582913e-13,1.57221142e-12,1.817613151e-13,8.902821562e-13,2.112958708e-13
141.9375,2.725670561e-13,3.847476883e-13,1.885047963e-12,8.372318439e-14,5.303561791e-13,2.338450858e-13,5.022627035e-14,2.543289866e-13,1.377988415e-13,1.974838405e-13,9.183806825e-13,4.171298611e-13,8.562320299e-13,5.749455631e-13,6.437422449e-13,1.066152689e-12,6.990938479e-13,1.047709279e-12,4.06327531e-13,5.842330529e-13,2.715163975e-13,8.644933956e-14,1.954713607e-13,1.990334346e-13,3.130442127e-13,4.176501659e-13,5.828405975e-13,2.941135763e-13,1.563649821e-12,1.811782771e-13,8.870458557e-13,2.100301493e-13
141.9453125,2.764272406e-13,3.892487781e-13,1.875991472e-12,8.531518989e-14,5.26713677e-13,2.339667221e-13,5.051803987e-14,2.51700067e-13,1.365246459e-13,1.988354212e-13,9.145530753e-13,4.142561242e-13,8.505756185e-13,5.744045515e-13,6.474373002e-13,1.068517195e-12,6.99342031e-13,1.047975165e-12,4.048554844e-13,5.813815499e-13,2.674430309e-13,8.634292751e-14,1.940943522e-13,1.993904701e-13,3.114144534e-13,4.160873516e-13,5.829764127e-13,2.94037859e-13,1.554404947e-12,1.805470145e-13,8.831793493e-13,2.086528585e-13
141.953125,2.803515786e-13,3.937444646e-13,1.865821792e-12,8.687175394e-14,5.22955278e-13,2.340261196e-13,5.078781194e-14,2.490383686e-13,1.352354228e-13,2.001226951e-13,9.101770199e-13,4.112767668e-13,8.447815232e-13,5.73796428e-13,6.511704451e-13,1.070817353e-12,6.99520551e-13,1.048066781e-12,4.032776527e-13,5.786956314e-13,2.634795442e-13,8.621600847e-14,1.925942979e-13,1.998704775e-13,3.097076351e-13,4.144583113e-13,5.830256878e-13,2.937835313e-13,1.54471836e-12,1.799019804e-13,8.790395232e-13,2.071689417e-13
141.9609375,2.843346715e-13,3.985480066e-13,1.855003825e-12,8.851590879e-14,5.191478697e-13,2.341556213e-13,5.106378419e-14,2.463802808e-13,1.339605677e-13,2.014616115e-13,9.053535131e-13,4.084033245e-13,8.389186593e-13,5.734649433e-13,6.551788248e-13,1.07310275e-12,6.999577533e-13,1.048459562e-12,4.017617587e-13,5.7592931e-13,2.596045796e-13,8.609589905e-14,1.910561317e-13,2.002864684e-13,3.079463355e-13,4.127343809e-13,5.830462222e-13,2.937705797e-13,1.534598596e-12,1.792722605e-13,8.749169057e-13,2.055889035e-13
141.96875,2.882571196e-13,4.03491185e-13,1.84349989e-12,9.029532094e-14,5.150797519e-13,2.34307888e-13,5.133982975e-14,2.437949944e-13,1.326654557e-13,2.029065381e-13,9.000461182e-13,4.055397835e-13,8.328428818e-13,5.730693051e-13,6.593161758e-13,1.075303567e-12,7.004526199e-13,1.04891309e-12,4.002172733e-13,5.730156321e-13,2.556670295e-13,8.594999676e-14,1.894641151e-13,2.006006468e-13,3.061052334e-13,4.109455741e-13,5.828275837e-13,2.938548424e-13,1.523889471e-12,1.78613052e-13,8.704876598e-13,2.039355279e-13
141.9765625,2.920270757e-13,4.082885387e-13,1.830786233e-12,9.212837356e-14,5.10661054e-13,2.34331571e-13,5.161036178e-14,2.412214675e-13,1.312826823e-13,2.04290223e-13,8.940977017e-13,4.024220263e-13,8.263934284e-13,5.723452816e-13,6.633031292e-13,1.077295663e-12,7.007087898e-13,1.048992719e-12,3.984580429e-13,5.702926238e-13,2.515827917e-13,8.573903191e-14,1.877724994e-13,2.008246695e-13,3.041523991e-13,4.090379921e-13,5.823779125e-13,2.935679059e-13,1.512558172e-12,1.778831519e-13,8.65458139e-13,2.022120704e-13
141.984375,2.958677236e-13,4.130690868e-13,1.816864899e-12,9.396430667e-14,5.060792126e-13,2.342192298e-13,5.185728395e-14,2.385353534e-13,1.29794871e-13,2.05502686e-13,8.876411844e-13,3.989651068e-13,8.195500432e-13,5.713412917e-13,6.668576401e-13,1.0785083e-12,7.003865202e-13,1.048494491e-12,3.96442793e-13,5.674650565e-13,2.474944804e-13,8.548365043e-14,1.859802218e-13,2.009235006e-13,3.020092532e-13,4.068017532e-13,5.815131299e-13,2.929693367e-13,1.500354086e-12,1.770755339e-13,8.598935172e-13,2.003717703e-13
141.9921875,2.99975139e-13,4.178849431e-13,1.802102307e-12,9.583640973e-14,5.014305945e-13,2.340986863e-13,5.206823257e-14,2.35722897e-13,1.28233819e-13,2.066221775e-13,8.80963399e-13,3.952947842e-13,8.124424404e-13,5.700960875e-13,6.700826355e-13,1.078960101e-12,6.996882338e-13,1.047619497e-12,3.94327521e-13,5.640940531e-13,2.435660189e-13,8.522055654e-14,1.841163124e-13,2.009504632e-13,2.997220173e-13,4.042849066e-13,5.801523035e-13,2.92379289e-13,1.487275822e-12,1.761939897e-13,8.539172892e-13,1.984028924e-13
142,3.041358287e-13,4.226741064e-13,1.787022656e-12,9.780967394e-14,4.967045396e-13,2.340890948e-13,5.228112912e-14,2.328534582e-13,1.266307809e-13,2.077735955e-13,8.742716506e-13,3.916446486e-13,8.052203516e-13,5.68821309e-13,6.734729502e-13,1.079398314e-12,6.992296168e-13,1.046812966e-12,3.922964049e-13,5.606012027e-13,2.398052739e-13,8.49590454e-14,1.821874776e-13,2.009188228e-13,2.97424678e-13,4.017597023e-13,5.788069301e-13,2.919226914e-13,1.474016466e-12,1.752949611e-13,8.477382381e-13,1.963760593e-13
142.0078125,3.08240942e-13,4.275206583e-13,1.771641852e-12,9.986367363e-14,4.920176903e-13,2.34106336e-13,5.248663913e-14,2.300099823e-13,1.25029939e-13,2.089785456e-13,8.674044647e-13,3.880870415e-13,7.978294531e-13,5.676448348e-13,6.769514633e-13,1.079688309e-12,6.987023633e-13,1.045974781e-12,3.902673081e-13,5.573230323e-13,2.361420634e-13,8.469666996e-14,1.801540938e-13,2.007995123e-13,2.950293598e-13,3.991930539e-13,5.775267401e-13,2.915644855e-13,1.46056481e-12,1.744073663e-13,8.41410346e-13,1.943118165e-13
142.015625,3.124903428e-13,4.323371739e-13,1.754979721e-12,1.018953887e-13,4.872953102e-13,2.339870013e-13,5.261930491e-14,2.272243811e-13,1.23447364e-13,2.101072381e-13,8.598943019e-13,3.84391534e-13,7.901113114e-13,5.662202444e-13,6.799889225e-13,1.079199733e-12,6.975053753e-13,1.044641264e-12,3.880298888e-13,5.539145877e-13,2.324971563e-13,8.441828067e-14,1.780067344e-13,2.006745242e-13,2.924004795e-13,3.96357871e-13,5.757031357e-13,2.911365518e-13,1.446012539e-12,1.734549616e-13,8.345970001e-13,1.921318281e-13
142.0234375,3.167351156e-13,4.370480766e-13,1.736934495e-12,1.039671189e-13,4.821458053e-13,2.338648691e-13,5.271891258e-14,2.244138184e-13,1.217962962e-13,2.110852424e-13,8.518052134e-13,3.804137741e-13,7.821374768e-13,5.643811306e-13,6.827379232e-13,1.078180553e-12,6.961012998e-13,1.042913829e-12,3.856067543e-13,5.502177387e-13,2.288381459e-13,8.409198728e-14,1.757932843e-13,2.005214441e-13,2.896549734e-13,3.932614528e-13,5.733186561e-13,2.905635214e-13,1.430481707e-12,1.724241154e-13,8.271586377e-13,1.898186827e-13
142.03125,3.207379485e-13,4.418585483e-13,1.718613407e-12,1.062359043e-13,4.765053556e-13,2.339041126e-13,5.286672412e-14,2.215002385e-13,1.199944644e-13,2.120487131e-13,8.435788503e-13,3.762926807e-13,7.740808426e-13,5.624341112e-13,6.856749235e-13,1.077075006e-12,6.949319299e-13,1.041162853e-12,3.831169491e-13,5.463891153e-13,2.252056426e-13,8.370451236e-14,1.735393973e-13,2.002294254e-13,2.869069845e-13,3.900715377e-13,5.708117023e-13,2.899379995e-13,1.414928383e-12,1.713958753e-13,8.193412408e-13,1.874529478e-13
142.0390625,3.248211397e-13,4.466973119e-13,1.700032256e-12,1.086052774e-13,4.708200225e-13,2.339409977e-13,5.302892607e-14,2.185523294e-13,1.181083052e-13,2.130919729e-13,8.351209055e-13,3.721575663e-13,7.659546805e-13,5.605596848e-13,6.88762996e-13,1.075917557e-12,6.937090985e-13,1.039500662e-12,3.806043699e-13,5.424898734e-13,2.216402241e-13,8.32902247e-14,1.712456781e-13,1.999125171e-13,2.841172265e-13,3.868794817e-13,5.682990826e-13,2.892126781e-13,1.399559781e-12,1.703577841e-13,8.113620734e-13,1.850548514e-13
142.046875,3.291685585e-13,4.513635916e-13,1.680767508e-12,1.109393826e-13,4.653954271e-13,2.339339161e-13,5.316175627e-14,2.156669668e-13,1.162590165e-13,2.141317773e-13,8.263634594e-13,3.680580694e-13,7.577631514e-13,5.587863989e-13,6.918945986e-13,1.074779261e-12,6.923901193e-13,1.03798419e-12,3.781687683e-13,5.386320731e-13,2.182021425e-13,8.290198099e-14,1.689017903e-13,1.996405699e-13,2.812929824e-13,3.836458419e-13,5.657894063e-13,2.884121035e-13,1.384172967e-12,1.692736699e-13,8.03421146e-13,1.82590088e-13
142.0546875,3.335227296e-13,4.561771991e-13,1.661315048e-12,1.133675659e-13,4.600926069e-13,2.340571337e-13,5.328042735e-14,2.12802711e-13,1.144476472e-13,2.151166721e-13,8.176924206e-13,3.640036099e-13,7.495052562e-13,5.571200629e-13,6.951287294e-13,1.073543861e-12,6.910379149e-13,1.03645325e-12,3.758361313e-13,5.348971893e-13,2.149427799e-13,8.254541609e-14,1.664637135e-13,1.992375802e-13,2.784354579e-13,3.803125609e-13,5.631946537e-13,2.878113688e-13,1.368523036e-12,1.682142876e-13,7.955060025e-13,1.801033399e-13
142.0625,3.379516258e-13,4.613617396e-13,1.641497298e-12,1.159503344e-13,4.546501246e-13,2.342124095e-13,5.338491274e-14,2.098637279e-13,1.125780468e-13,2.160466259e-13,8.09036673e-13,3.598828233e-13,7.410621296e-13,5.553528407e-13,6.983365161e-13,1.071891869e-12,6.894756003e-13,1.034589826e-12,3.734686506e-13,5.311016765e-13,2.117521029e-13,8.217199551e-14,1.639439508e-13,1.987079581e-13,2.754828854e-13,3.76920629e-13,5.602143697e-13,2.873632714e-13,1.352127364e-12,1.671854868e-13,7.872291086e-13,1.776356448e-13
142.0703125,3.425396409e-13,4.665166397e-13,1.620852993e-12,1.185700375e-13,4.490324693e-13,2.342768672e-13,5.350087634e-14,2.068725013e-13,1.106193402e-13,2.169035131e-13,8.000732387e-13,3.556741382e-13,7.324730055e-13,5.534452137e-13,7.014493186e-13,1.069870496e-12,6.878814402e-13,1.032561735e-12,3.71068884e-13,5.271049878e-13,2.08536038e-13,8.176033179e-14,1.614455805e-13,1.982126736e-13,2.724750345e-13,3.734854293e-13,5.568061988e-13,2.867727805e-13,1.335182692e-12,1.66087873e-13,7.785971007e-13,1.75118508e-13
142.078125,3.470108665e-13,4.713298378e-13,1.600133161e-12,1.212406552e-13,4.434673345e-13,2.344082025e-13,5.366591195e-14,2.0393011e-13,1.086537324e-13,2.177719139e-13,7.909538892e-13,3.515437851e-13,7.239239503e-13,5.516729854e-13,7.045765605e-13,1.067636815e-12,6.864167395e-13,1.03070256e-12,3.687565155e-13,5.2301347e-13,2.054311674e-13,8.134894836e-14,1.589978803e-13,1.977267707e-13,2.694619272e-13,3.699628176e-13,5.532452214e-13,2.861528786e-13,1.318439906e-12,1.649346552e-13,7.700834985e-13,1.725074612e-13
142.0859375,3.515160377e-13,4.759605328e-13,1.579449591e-12,1.239932246e-13,4.380901112e-13,2.346344475e-13,5.383950896e-14,2.010473219e-13,1.067426725e-13,2.187453167e-13,7.817338953e-13,3.474941971e-13,7.153411074e-13,5.500180101e-13,7.076358686e-13,1.06513239e-12,6.847811636e-13,1.028849527e-12,3.664757571e-13,5.189074146e-13,2.025105834e-13,8.096215665e-14,1.565059959e-13,1.972308459e-13,2.663769425e-13,3.664047387e-13,5.49680406e-13,2.85711055e-13,1.3018207e-12,1.638147173e-13,7.616681603e-13,1.698436705e-13
142.09375,3.563538183e-13,4.806958394e-13,1.557866272e-12,1.267727206e-13,4.326828211e-13,2.348277678e-13,5.399070724e-14,1.981475754e-13,1.048320364e-13,2.197069334e-13,7.72245014e-13,3.433330073e-13,7.065319336e-13,5.482293286e-13,7.104997339e-13,1.062368039e-12,6.829099545e-13,1.026754202e-12,3.641168069e-13,5.147146497e-13,1.996377576e-13,8.057110187e-14,1.539089839e-13,1.967430868e-13,2.6321053e-13,3.628178133e-13,5.460021237e-13,2.8532046e-13,1.284878797e-12,1.626974446e-13,7.529510093e-13,1.671444278e-13
142.1015625,3.612189255e-13,4.855863023e-13,1.53554787e-12,1.296301549e-13,4.270340705e-13,2.34990489e-13,5.413966333e-14,1.952035404e-13,1.028457304e-13,2.205283521e-13,7.62562376e-13,3.390033083e-13,6.975224493e-13,5.462812793e-13,7.131664501e-13,1.059315468e-12,6.809691167e-13,1.024470355e-12,3.616893937e-13,5.103600969e-13,1.967689664e-13,8.014473912e-14,1.512610304e-13,1.960998576e-13,2.600277748e-13,3.591079829e-13,5.420288857e-13,2.848820406e-13,1.267698838e-12,1.615143198e-13,7.438502486e-13,1.644185455e-13
142.109375,3.659722404e-13,4.9035729e-13,1.513137984e-12,1.325300649e-13,4.21263152e-13,2.351155977e-13,5.427150622e-14,1.922557253e-13,1.007980251e-13,2.213165935e-13,7.527125713e-13,3.346091698e-13,6.884397993e-13,5.442174095e-13,7.15534501e-13,1.055822741e-12,6.789188254e-13,1.02210708e-12,3.59237455e-13,5.058466096e-13,1.939858651e-13,7.968652738e-14,1.486371623e-13,1.952659494e-13,2.568324698e-13,3.553638765e-13,5.377973734e-13,2.844433294e-13,1.250393786e-12,1.602936798e-13,7.344882717e-13,1.617095137e-13
142.1171875,3.708438709e-13,4.949509782e-13,1.490611918e-12,1.353173339e-13,4.155462256e-13,2.351969959e-13,5.438952576e-14,1.893459624e-13,9.875793858e-14,2.22181495e-13,7.427212427e-13,3.30267706e-13,6.794203039e-13,5.421152497e-13,7.175775627e-13,1.051960849e-12,6.768189671e-13,1.019706129e-12,3.568221364e-13,5.012666836e-13,1.913288701e-13,7.922055911e-14,1.460250317e-13,1.944714322e-13,2.536296935e-13,3.517142641e-13,5.335082661e-13,2.840455145e-13,1.233064801e-12,1.590738742e-13,7.250470591e-13,1.590187632e-13
142.125,3.757128847e-13,4.99651607e-13,1.46805705e-12,1.381233946e-13,4.099492569e-13,2.353557403e-13,5.451999408e-14,1.864976423e-13,9.676572119e-14,2.230124884e-13,7.32810463e-13,3.260251436e-13,6.705456777e-13,5.401712542e-13,7.194208388e-13,1.047817518e-12,6.746893397e-13,1.017185114e-12,3.544794381e-13,4.967607981e-13,1.888316999e-13,7.87731118e-14,1.4336449e-13,1.937683393e-13,2.504164202e-13,3.480380178e-13,5.291305218e-13,2.837789674e-13,1.215850606e-12,1.578408186e-13,7.157065662e-13,1.563147141e-13
142.1328125,3.80575655e-13,5.043288654e-13,1.44538232e-12,1.411113649e-13,4.045249572e-13,2.356112931e-13,5.461751641e-14,1.836899716e-13,9.481316407e-14,2.236980413e-13,7.228619888e-13,3.218064074e-13,6.616512676e-13,5.3837308e-13,7.209926367e-13,1.043223111e-12,6.722807272e-13,1.014388179e-12,3.521340419e-13,4.922880306e-13,1.865037004e-13,7.835306994e-14,1.406547263e-13,1.930247224e-13,2.471053165e-13,3.442145592e-13,5.244910381e-13,2.836242484e-13,1.198432593e-12,1.565883117e-13,7.063449921e-13,1.535879393e-13
142.140625,3.856890518e-13,5.08783971e-13,1.42218769e-12,1.4410304e-13,3.991520159e-13,2.35848395e-13,5.467305028e-14,1.80850396e-13,9.285729919e-14,2.242947299e-13,7.126915468e-13,3.175450468e-13,6.52558881e-13,5.365155696e-13,7.222651814e-13,1.0381817e-12,6.696290748e-13,1.011383436e-12,3.497439278e-13,4.875812816e-13,1.843151182e-13,7.79350616e-14,1.379403674e-13,1.922425803e-13,2.43689486e-13,3.402745337e-13,5.196000537e-13,2.83450616e-13,1.180712344e-12,1.553081088e-13,6.967564869e-13,1.5081198e-13
142.1484375,3.907814872e-13,5.134418816e-13,1.398771171e-12,1.470369963e-13,3.936180063e-13,2.360378114e-13,5.475516425e-14,1.779512591e-13,9.086167677e-14,2.248570044e-13,7.026250554e-13,3.13282248e-13,6.433718731e-13,5.345148906e-13,7.234301983e-13,1.032910362e-12,6.669426392e-13,1.008322502e-12,3.473710203e-13,4.826040416e-13,1.822878245e-13,7.748469483e-14,1.352553179e-13,1.914528739e-13,2.402762325e-13,3.362436743e-13,5.145279584e-13,2.83351726e-13,1.163202413e-12,1.53967315e-13,6.869622008e-13,1.4797233e-13
142.15625,3.955987244e-13,5.182769102e-13,1.375506195e-12,1.500596305e-13,3.880333228e-13,2.362128543e-13,5.483693854e-14,1.750607039e-13,8.885573126e-14,2.253835764e-13,6.927883031e-13,3.090458176e-13,6.342083658e-13,5.32347905e-13,7.243650933e-13,1.027352495e-12,6.640700718e-13,1.005109876e-12,3.450315607e-13,4.776785965e-13,1.804094585e-13,7.70024505e-14,1.326151421e-13,1.906196755e-13,2.368625869e-13,3.321917112e-13,5.093249731e-13,2.834606707e-13,1.145874594e-12,1.525858551e-13,6.770078614e-13,1.451250872e-13
142.1640625,4.004799095e-13,5.225695867e-13,1.352225937e-12,1.531015492e-13,3.826058463e-13,2.363961386e-13,5.486622125e-14,1.722368838e-13,8.689976024e-14,2.259336614e-13,6.828575997e-13,3.048430973e-13,6.250637276e-13,5.30064693e-13,7.248365792e-13,1.021306173e-12,6.608984055e-13,1.001649722e-12,3.427328026e-13,4.72853175e-13,1.785840584e-13,7.651322746e-14,1.29990031e-13,1.897560525e-13,2.333831282e-13,3.281971247e-13,5.040813299e-13,2.836739597e-13,1.128306768e-12,1.512342288e-13,6.670239248e-13,1.423092328e-13
142.171875,4.055218978e-13,5.264576211e-13,1.328967969e-12,1.561123711e-13,3.772724862e-13,2.365991839e-13,5.491162256e-14,1.694671752e-13,8.498767792e-14,2.265317074e-13,6.727354203e-13,3.007063054e-13,6.160095041e-13,5.278500167e-13,7.25032967e-13,1.01477618e-12,6.575347477e-13,9.980436086e-13,3.405313702e-13,4.677672025e-13,1.767828035e-13,7.602705947e-14,1.273442681e-13,1.888453968e-13,2.298892841e-13,3.241882444e-13,4.987726249e-13,2.839474193e-13,1.110692243e-12,1.499107929e-13,6.572548383e-13,1.394927952e-13
142.1796875,4.105140069e-13,5.30610747e-13,1.305681923e-12,1.592344354e-13,3.72003843e-13,2.367930409e-13,5.500002789e-14,1.667383213e-13,8.307197426e-14,2.27102853e-13,6.625099617e-13,2.965957574e-13,6.070795951e-13,5.257358874e-13,7.250757575e-13,1.007897076e-12,6.539825245e-13,9.943663293e-13,3.38380882e-13,4.624019433e-13,1.750492798e-13,7.553918378e-14,1.246973536e-13,1.878044088e-13,2.264239022e-13,3.20096298e-13,4.933039263e-13,2.843695076e-13,1.093199235e-12,1.48552783e-13,6.475936101e-13,1.366545379e-13
142.1875,4.155079962e-13,5.348264994e-13,1.282136934e-12,1.6244085e-13,3.668704647e-13,2.369822672e-13,5.506644649e-14,1.640493252e-13,8.115164166e-14,2.276498397e-13,6.52345764e-13,2.924706426e-13,5.981722727e-13,5.236166963e-13,7.248824197e-13,1.000873232e-12,6.503988971e-13,9.906421198e-13,3.362025113e-13,4.571800887e-13,1.734584361e-13,7.5048648e-14,1.220436063e-13,1.86675204e-13,2.22938936e-13,3.159811435e-13,4.876881004e-13,2.849392882e-13,1.075630804e-12,1.471659277e-13,6.377433784e-13,1.33819079e-13
142.1953125,4.204807582e-13,5.387649054e-13,1.258721018e-12,1.65660593e-13,3.617870019e-13,2.372167794e-13,5.512668195e-14,1.613764914e-13,7.925422128e-14,2.282133389e-13,6.424960212e-13,2.884066349e-13,5.892877829e-13,5.215608827e-13,7.246713442e-13,9.939275967e-13,6.470616759e-13,9.869107545e-13,3.340753238e-13,4.522665009e-13,1.721028635e-13,7.456238561e-14,1.193636215e-13,1.856093246e-13,2.194549345e-13,3.119206703e-13,4.81937018e-13,2.856323839e-13,1.058215897e-12,1.457999274e-13,6.27800879e-13,1.310305048e-13
142.203125,4.253145521e-13,5.427621141e-13,1.235661587e-12,1.689761326e-13,3.567532223e-13,2.374709853e-13,5.522344401e-14,1.58730627e-13,7.738940922e-14,2.287129849e-13,6.327977614e-13,2.844422533e-13,5.805169195e-13,5.19660606e-13,7.245729365e-13,9.871274609e-13,6.438656196e-13,9.831539263e-13,3.320823501e-13,4.475285851e-13,1.709026918e-13,7.408958502e-14,1.16734678e-13,1.846079875e-13,2.16049901e-13,3.079852197e-13,4.760949916e-13,2.864459287e-13,1.041296072e-12,1.444411646e-13,6.180143961e-13,1.283263227e-13
142.2109375,4.302497792e-13,5.470151755e-13,1.212636149e-12,1.723157197e-13,3.519060808e-13,2.377232708e-13,5.532090112e-14,1.561679325e-13,7.555457419e-14,2.291385659e-13,6.23032735e-13,2.80540802e-13,5.718613227e-13,5.178409971e-13,7.243168264e-13,9.804007533e-13,6.406587135e-13,9.793871547e-13,3.302014061e-13,4.428882301e-13,1.696849113e-13,7.36302534e-14,1.14183615e-13,1.835323821e-13,2.127081042e-13,3.041931192e-13,4.703630602e-13,2.874180454e-13,1.02474085e-12,1.430661979e-13,6.08422581e-13,1.256902647e-13
142.21875,4.355175231e-13,5.511891632e-13,1.18999175e-12,1.755523177e-13,3.472217824e-13,2.380710116e-13,5.541477918e-14,1.536858588e-13,7.374924153e-14,2.296313498e-13,6.135468056e-13,2.767492475e-13,5.633331683e-13,5.160888342e-13,7.23801888e-13,9.73555891e-13,6.375606197e-13,9.756541872e-13,3.284440238e-13,4.381762895e-13,1.685343252e-13,7.31851817e-14,1.116004619e-13,1.824099982e-13,2.093759844e-13,3.004517937e-13,4.647584675e-13,2.886731268e-13,1.008394795e-12,1.417182499e-13,5.990486977e-13,1.230691862e-13
142.2265625,4.40926297e-13,5.549683605e-13,1.168100572e-12,1.788330531e-13,3.427189323e-13,2.385661853e-13,5.554636619e-14,1.512302077e-13,7.1997213e-14,2.301860198e-13,6.044111739e-13,2.731130869e-13,5.549805496e-13,5.14519374e-13,7.23120919e-13,9.663656369e-13,6.344786978e-13,9.718484282e-13,3.267974498e-13,4.333036191e-13,1.676061312e-13,7.277029174e-14,1.089860345e-13,1.813886206e-13,2.06062535e-13,2.967167244e-13,4.589550361e-13,2.901724571e-13,9.921940272e-13,1.404311637e-13,5.89884439e-13,1.204592288e-13
142.234375,4.462064878e-13,5.58510269e-13,1.146340425e-12,1.823048743e-13,3.385139851e-13,2.391176534e-13,5.570386537e-14,1.487957754e-13,7.031828815e-14,2.306697463e-13,5.952412676e-13,2.695483779e-13,5.467438652e-13,5.131513918e-13,7.222710668e-13,9.589467095e-13,6.312281738e-13,9.679151832e-13,3.251689811e-13,4.286058837e-13,1.667895716e-13,7.238240015e-14,1.064524914e-13,1.803611933e-13,2.027797277e-13,2.930609132e-13,4.52847274e-13,2.917944077e-13,9.760033861e-13,1.391904955e-13,5.807577397e-13,1.179021099e-13
142.2421875,4.513576325e-13,5.622472579e-13,1.124493013e-12,1.858424491e-13,3.344594374e-13,2.396415283e-13,5.586779034e-14,1.464021641e-13,6.866237661e-14,2.311139502e-13,5.861645193e-13,2.659828272e-13,5.385779842e-13,5.118816289e-13,7.21326703e-13,9.516015427e-13,6.27988437e-13,9.640290254e-13,3.235689975e-13,4.241540838e-13,1.659685626e-13,7.198354422e-14,1.039885923e-13,1.791482647e-13,1.995246535e-13,2.895122334e-13,4.467906443e-13,2.936623161e-13,9.599404242e-13,1.379877598e-13,5.716074581e-13,1.154150502e-13
142.25,4.565068008e-13,5.660952503e-13,1.103063592e-12,1.892939022e-13,3.304034168e-13,2.401164535e-13,5.604978463e-14,1.440496461e-13,6.698537297e-14,2.316113701e-13,5.773553874e-13,2.624562405e-13,5.306138925e-13,5.106517031e-13,7.203120592e-13,9.442249695e-13,6.248368954e-13,9.602077153e-13,3.220675121e-13,4.194408141e-13,1.652110097e-13,7.155768638e-14,1.015549045e-13,1.779498235e-13,1.96330589e-13,2.860306366e-13,4.409918665e-13,2.957374065e-13,9.442423671e-13,1.367947341e-13,5.626347138e-13,1.129776254e-13
142.2578125,4.615904372e-13,5.695106166e-13,1.081933496e-12,1.927331958e-13,3.264735956e-13,2.405422189e-13,5.624238082e-14,1.417713844e-13,6.534256748e-14,2.321277472e-13,5.685099472e-13,2.590164744e-13,5.229607167e-13,5.094326946e-13,7.19049992e-13,9.365775441e-13,6.214878546e-13,9.561644337e-13,3.206096349e-13,4.144765958e-13,1.645431389e-13,7.112885525e-14,9.918667261e-14,1.769928219e-13,1.931998283e-13,2.826045098e-13,4.352120727e-13,2.977241777e-13,9.288006407e-13,1.355584608e-13,5.539931759e-13,1.105571566e-13
142.265625,4.664701318e-13,5.725144586e-13,1.06080499e-12,1.963092317e-13,3.226712506e-13,2.409689163e-13,5.644432536e-14,1.396007753e-13,6.377457022e-14,2.326168851e-13,5.597448074e-13,2.556452369e-13,5.15528824e-13,5.081079802e-13,7.174204507e-13,9.287086884e-13,6.178503036e-13,9.517386847e-13,3.191264886e-13,4.098425488e-13,1.639221083e-13,7.071134671e-14,9.685585488e-14,1.760781484e-13,1.900686999e-13,2.792188436e-13,4.292385656e-13,2.997647851e-13,9.134285507e-13,1.342798087e-13,5.455599834e-13,1.081517262e-13
142.2734375,4.712762275e-13,5.756039142e-13,1.039943616e-12,1.999535472e-13,3.18885756e-13,2.414254322e-13,5.667118366e-14,1.374774001e-13,6.22481143e-14,2.330653889e-13,5.514110504e-13,2.523523144e-13,5.082265272e-13,5.066721067e-13,7.153477932e-13,9.205616671e-13,6.140837566e-13,9.470896415e-13,3.176688138e-13,4.054864987e-13,1.633501455e-13,7.030294758e-14,9.453521998e-14,1.750247018e-13,1.869358865e-13,2.758418911e-13,4.231175884e-13,3.021481539e-13,8.982596634e-13,1.32981419e-13,5.371950793e-13,1.058106826e-13
142.28125,4.762000218e-13,5.788754884e-13,1.019458253e-12,2.035408957e-13,3.152606946e-13,2.418390668e-13,5.690266703e-14,1.353257293e-13,6.077706803e-14,2.33453816e-13,5.432532093e-13,2.492511375e-13,5.011188583e-13,5.053955485e-13,7.128450948e-13,9.120334766e-13,6.102408787e-13,9.424585881e-13,3.163096704e-13,4.009829911e-13,1.628442754e-13,6.990986157e-14,9.22930175e-14,1.739984431e-13,1.838702618e-13,2.725299015e-13,4.16948541e-13,3.0469508e-13,8.834964399e-13,1.316626468e-13,5.290225352e-13,1.035612818e-13
142.2890625,4.812059171e-13,5.820403162e-13,9.992171542e-13,2.071239325e-13,3.118992195e-13,2.421690998e-13,5.713466057e-14,1.331696829e-13,5.939374066e-14,2.338246981e-13,5.350424187e-13,2.463545389e-13,4.942360909e-13,5.043692744e-13,7.101485467e-13,9.034418915e-13,6.063346107e-13,9.379016197e-13,3.15002004e-13,3.964249362e-13,1.624054889e-13,6.953035497e-14,9.012847753e-14,1.730968667e-13,1.808725233e-13,2.693782795e-13,4.10827601e-13,3.07280785e-13,8.690513493e-13,1.303564942e-13,5.211216219e-13,1.013686685e-13
142.296875,4.862082307e-13,5.848679517e-13,9.79273239e-13,2.106318873e-13,3.086286772e-13,2.424514207e-13,5.741730991e-14,1.310570241e-13,5.804720734e-14,2.342176595e-13,5.269472137e-13,2.434569316e-13,4.874667804e-13,5.032586856e-13,7.072679634e-13,8.950043559e-13,6.023901146e-13,9.332376738e-13,3.13620458e-13,3.919677632e-13,1.619922479e-13,6.914668878e-14,8.797337721e-14,1.722057157e-13,1.779030544e-13,2.663064963e-13,4.047471363e-13,3.10009887e-13,8.546825579e-13,1.290726926e-13,5.132823109e-13,9.921420754e-14
142.3046875,4.911264899e-13,5.874768702e-13,9.596536718e-13,2.139802809e-13,3.053536737e-13,2.427184215e-13,5.774998746e-14,1.289828417e-13,5.67056365e-14,2.346044894e-13,5.190238541e-13,2.405023142e-13,4.807855758e-13,5.019197777e-13,7.040396674e-13,8.864495251e-13,5.983885958e-13,9.283564414e-13,3.12212522e-13,3.874852762e-13,1.615917082e-13,6.87572592e-14,8.583189749e-14,1.71302297e-13,1.749689954e-13,2.631491872e-13,3.985336211e-13,3.128608788e-13,8.40418501e-13,1.277497775e-13,5.054768523e-13,9.710442874e-14
142.3125,4.958665173e-13,5.902213825e-13,9.404054261e-13,2.175022776e-13,3.02155796e-13,2.43047215e-13,5.807676605e-14,1.269481484e-13,5.541450201e-14,2.350227452e-13,5.113392415e-13,2.377079499e-13,4.743184298e-13,5.006387356e-13,7.007511782e-13,8.77694183e-13,5.943822186e-13,9.234136841e-13,3.109473835e-13,3.830031857e-13,1.613235538e-13,6.837456276e-14,8.370676833e-14,1.704762683e-13,1.720732783e-13,2.599869432e-13,3.922380102e-13,3.159333942e-13,8.265702302e-13,1.264069131e-13,4.979894532e-13,9.501441016e-14
142.3203125,5.004570799e-13,5.929986325e-13,9.216312808e-13,2.213174311e-13,2.990880424e-13,2.434357268e-13,5.840114969e-14,1.249653279e-13,5.41862939e-14,2.355032987e-13,5.039288719e-13,2.351005934e-13,4.680954721e-13,4.995661315e-13,6.976375623e-13,8.689932234e-13,5.904035625e-13,9.18499191e-13,3.097349101e-13,3.786570851e-13,1.612035402e-13,6.799248885e-14,8.160537867e-14,1.697465673e-13,1.692174807e-13,2.570330852e-13,3.861433645e-13,3.192657926e-13,8.132218465e-13,1.251386384e-13,4.908474229e-13,9.295121094e-14
142.328125,5.049349621e-13,5.953661457e-13,9.032211181e-13,2.250031668e-13,2.961703107e-13,2.436920376e-13,5.876180493e-14,1.230166403e-13,5.300068984e-14,2.359335258e-13,4.965384218e-13,2.324936551e-13,4.62009021e-13,4.985634966e-13,6.943806053e-13,8.604342296e-13,5.863789284e-13,9.134999017e-13,3.084009913e-13,3.745368427e-13,1.610429011e-13,6.760083395e-14,7.962782868e-14,1.690506372e-13,1.664389328e-13,2.542860907e-13,3.802101167e-13,3.225448058e-13,8.001079979e-13,1.2393755e-13,4.838332617e-13,9.098675735e-14
142.3359375,5.092896727e-13,5.973381437e-13,8.852372848e-13,2.285195339e-13,2.934053267e-13,2.438008514e-13,5.915587083e-14,1.210988848e-13,5.18642304e-14,2.36314481e-13,4.891977735e-13,2.299363254e-13,4.560237612e-13,4.975070208e-13,6.908641435e-13,8.519806002e-13,5.823451219e-13,9.084235367e-13,3.070839856e-13,3.707076572e-13,1.608512179e-13,6.720210956e-14,7.778325615e-14,1.683488308e-13,1.637287725e-13,2.516451818e-13,3.742439803e-13,3.258036389e-13,7.871408409e-13,1.227549915e-13,4.769620291e-13,8.913245685e-14
142.34375,5.13605406e-13,5.990779435e-13,8.680539821e-13,2.32098344e-13,2.90763283e-13,2.439652205e-13,5.957792926e-14,1.192352354e-13,5.077435674e-14,2.368427059e-13,4.822269421e-13,2.27613401e-13,4.502450793e-13,4.964075568e-13,6.872338092e-13,8.435408288e-13,5.783631418e-13,9.03385835e-13,3.059104364e-13,3.669199835e-13,1.60822489e-13,6.678880055e-14,7.592774238e-14,1.67683041e-13,1.610447437e-13,2.491057379e-13,3.683485403e-13,3.293990238e-13,7.745546844e-13,1.216093584e-13,4.703996573e-13,8.732125828e-14
142.3515625,5.178983886e-13,6.006142659e-13,8.515854135e-13,2.355428853e-13,2.882674003e-13,2.441454129e-13,6.004244301e-14,1.174166508e-13,4.973246142e-14,2.375509225e-13,4.755536721e-13,2.255082134e-13,4.447813675e-13,4.954512148e-13,6.83307672e-13,8.348692802e-13,5.743057585e-13,8.98338618e-13,3.047611656e-13,3.628717326e-13,1.609035332e-13,6.636506132e-14,7.403311939e-14,1.671007906e-13,1.584112955e-13,2.466394515e-13,3.625724643e-13,3.332932343e-13,7.624270291e-13,1.204998762e-13,4.641781675e-13,8.554280755e-14
142.359375,5.220849227e-13,6.0230445e-13,8.352905729e-13,2.388993832e-13,2.859268244e-13,2.442147856e-13,6.05431057e-14,1.156183038e-13,4.876558695e-14,2.383005641e-13,4.690106193e-13,2.234932508e-13,4.395619525e-13,4.947380965e-13,6.790550025e-13,8.259586104e-13,5.700923359e-13,8.931445724e-13,3.036171562e-13,3.588653158e-13,1.609452619e-13,6.597013266e-14,7.220132081e-14,1.665698326e-13,1.558434612e-13,2.442155172e-13,3.567673955e-13,3.373967577e-13,7.505512267e-13,1.193980439e-13,4.581600533e-13,8.384271079e-14
142.3671875,5.262252738e-13,6.042182626e-13,8.190169326e-13,2.425076761e-13,2.836554066e-13,2.442851243e-13,6.106305291e-14,1.138475631e-13,4.785185719e-14,2.390804062e-13,4.626268459e-13,2.21476706e-13,4.343878151e-13,4.939716225e-13,6.747716501e-13,8.171113289e-13,5.658006879e-13,8.877712093e-13,3.025457208e-13,3.553232161e-13,1.609716429e-13,6.561369162e-14,7.045066417e-14,1.660404421e-13,1.532934107e-13,2.418942995e-13,3.509924654e-13,3.417406885e-13,7.38767521e-13,1.183191266e-13,4.521734981e-13,8.221597589e-14
142.375,5.303411509e-13,6.057017286e-13,8.030890953e-13,2.460949077e-13,2.814796515e-13,2.443724893e-13,6.160426247e-14,1.121312547e-13,4.694731786e-14,2.399451376e-13,4.562946814e-13,2.194593267e-13,4.292561646e-13,4.92944055e-13,6.703597769e-13,8.083842096e-13,5.614774828e-13,8.823170252e-13,3.015009426e-13,3.520707843e-13,1.609876033e-13,6.525507701e-14,6.875157052e-14,1.655143798e-13,1.507630099e-13,2.396792602e-13,3.453684532e-13,3.461416965e-13,7.270668757e-13,1.172854588e-13,4.462921644e-13,8.06252566e-14
142.3828125,5.342661375e-13,6.066457661e-13,7.877383352e-13,2.493850284e-13,2.795037197e-13,2.443126878e-13,6.217043093e-14,1.104739688e-13,4.608178887e-14,2.408672128e-13,4.500226415e-13,2.175721467e-13,4.24381309e-13,4.918917551e-13,6.655622012e-13,7.995913678e-13,5.571316817e-13,8.768874902e-13,3.00463775e-13,3.487812568e-13,1.609814515e-13,6.486666391e-14,6.710479628e-14,1.650226422e-13,1.482911116e-13,2.375169683e-13,3.398268441e-13,3.506367694e-13,7.155306062e-13,1.162941067e-13,4.407360599e-13,7.906754768e-14
142.390625,5.380102161e-13,6.07706217e-13,7.728565778e-13,2.526958582e-13,2.776228671e-13,2.441018082e-13,6.275673326e-14,1.088322356e-13,4.529699508e-14,2.418423294e-13,4.440115751e-13,2.158868054e-13,4.198462131e-13,4.909567947e-13,6.605109982e-13,7.906886205e-13,5.527421638e-13,8.714383452e-13,2.994354875e-13,3.454566493e-13,1.61031689e-13,6.444830205e-14,6.548692909e-14,1.645939629e-13,1.458635499e-13,2.354325593e-13,3.343290188e-13,3.554594889e-13,7.042885947e-13,1.153265483e-13,4.354784199e-13,7.755413575e-14
142.3984375,5.417729935e-13,6.090279758e-13,7.583235149e-13,2.561203136e-13,2.757811638e-13,2.43876812e-13,6.337161652e-14,1.071814748e-13,4.458432605e-14,2.429277417e-13,4.381739332e-13,2.143247167e-13,4.155698524e-13,4.900790567e-13,6.553514465e-13,7.817720786e-13,5.482833947e-13,8.658910841e-13,2.983827739e-13,3.422464742e-13,1.611139171e-13,6.402316239e-14,6.38916493e-14,1.642198117e-13,1.434646606e-13,2.33432489e-13,3.288851934e-13,3.604967122e-13,6.933472071e-13,1.143646933e-13,4.304167219e-13,7.608664329e-14
142.40625,5.455016418e-13,6.1023243e-13,7.442534319e-13,2.595477484e-13,2.741663409e-13,2.437320524e-13,6.402823728e-14,1.055811371e-13,4.39333475e-14,2.441234592e-13,4.323759318e-13,2.128381603e-13,4.114716585e-13,4.892848396e-13,6.501018532e-13,7.729994482e-13,5.438208016e-13,8.602471283e-13,2.973210756e-13,3.393009671e-13,1.611456083e-13,6.362293617e-14,6.235463644e-14,1.638635105e-13,1.410993624e-13,2.314773698e-13,3.234829802e-13,3.656543565e-13,6.825973949e-13,1.134323125e-13,4.255668353e-13,7.467120096e-14
142.4140625,5.489858014e-13,6.111819368e-13,7.306465021e-13,2.63091014e-13,2.727484431e-13,2.436229533e-13,6.471350948e-14,1.040639475e-13,4.332666501e-14,2.453319349e-13,4.267292539e-13,2.114101793e-13,4.074578485e-13,4.884665556e-13,6.448375228e-13,7.644101684e-13,5.393199336e-13,8.544362088e-13,2.962130407e-13,3.366349475e-13,1.611805427e-13,6.322785706e-14,6.086907102e-14,1.63526937e-13,1.387584447e-13,2.295972469e-13,3.181694396e-13,3.70941351e-13,6.720439156e-13,1.125458961e-13,4.208248561e-13,7.331252504e-14
142.421875,5.523421779e-13,6.119967486e-13,7.173687105e-13,2.6663756e-13,2.713758918e-13,2.434239944e-13,6.541778379e-14,1.025830464e-13,4.27448498e-14,2.464692609e-13,4.213062782e-13,2.100351481e-13,4.035761513e-13,4.875822972e-13,6.395024846e-13,7.557881001e-13,5.346737347e-13,8.48506033e-13,2.95060575e-13,3.340158741e-13,1.612629069e-13,6.281391374e-14,5.941679232e-14,1.632417958e-13,1.364739897e-13,2.277998923e-13,3.129290611e-13,3.76206577e-13,6.61765193e-13,1.116558455e-13,4.162136389e-13,7.200587044e-14
142.4296875,5.558192716e-13,6.12877631e-13,7.045979547e-13,2.700917617e-13,2.702165069e-13,2.431927191e-13,6.616495858e-14,1.011471765e-13,4.22168669e-14,2.475610404e-13,4.161715428e-13,2.088317102e-13,4.000473523e-13,4.869715699e-13,6.340762366e-13,7.471294236e-13,5.300717613e-13,8.427825169e-13,2.940494633e-13,3.312770326e-13,1.613592249e-13,6.242110446e-14,5.801457203e-14,1.630170727e-13,1.342944735e-13,2.260253019e-13,3.077250928e-13,3.816096978e-13,6.517736655e-13,1.10755538e-13,4.120522008e-13,7.07446384e-14
142.4375,5.592980307e-13,6.139158814e-13,6.924305119e-13,2.737020522e-13,2.692393408e-13,2.430189218e-13,6.695893153e-14,9.97953744e-14,4.175065247e-14,2.486622835e-13,4.113173906e-13,2.078321605e-13,3.968109283e-13,4.866197531e-13,6.287905496e-13,7.388230609e-13,5.257314012e-13,8.372651825e-13,2.931463701e-13,3.285753502e-13,1.614534832e-13,6.204573915e-14,5.664456429e-14,1.628569758e-13,1.321760184e-13,2.243056358e-13,3.026564048e-13,3.87330481e-13,6.420627414e-13,1.099131152e-13,4.082765418e-13,6.952500071e-14
142.4453125,5.625528223e-13,6.149213018e-13,6.805419227e-13,2.773732584e-13,2.6805072e-13,2.427499765e-13,6.778025798e-14,9.848607745e-14,4.129884846e-14,2.498039565e-13,4.064624271e-13,2.068557855e-13,3.935615903e-13,4.860221284e-13,6.236930939e-13,7.310205168e-13,5.215141765e-13,8.315475788e-13,2.920640091e-13,3.261594816e-13,1.614857069e-13,6.162388829e-14,5.529310909e-14,1.627933303e-13,1.300622282e-13,2.227343841e-13,2.977099663e-13,3.930023168e-13,6.326369813e-13,1.091320509e-13,4.044857989e-13,6.836234034e-14
142.453125,5.655232033e-13,6.156376407e-13,6.689710514e-13,2.808624199e-13,2.667131157e-13,2.423475062e-13,6.865022171e-14,9.720706082e-14,4.087127017e-14,2.510688159e-13,4.015175665e-13,2.0588656e-13,3.903438029e-13,4.851551113e-13,6.185814872e-13,7.234771798e-13,5.1725932e-13,8.256101726e-13,2.90813015e-13,3.240891989e-13,1.614056609e-13,6.116971729e-14,5.401494867e-14,1.628595439e-13,1.279940606e-13,2.213042234e-13,2.927883911e-13,3.985224067e-13,6.235564934e-13,1.083564739e-13,4.008076894e-13,6.727781234e-14
142.4609375,5.680603455e-13,6.159914263e-13,6.581203638e-13,2.843645824e-13,2.655607658e-13,2.419418741e-13,6.959193591e-14,9.600582432e-14,4.051362486e-14,2.524951844e-13,3.966973447e-13,2.05103078e-13,3.874333178e-13,4.843446387e-13,6.133772459e-13,7.15986183e-13,5.129271767e-13,8.196825626e-13,2.895818624e-13,3.222067612e-13,1.612753832e-13,6.072496987e-14,5.281833861e-14,1.630237862e-13,1.26011731e-13,2.199393487e-13,2.87992716e-13,4.041691259e-13,6.14875536e-13,1.075821729e-13,3.976308714e-13,6.625036939e-14
142.46875,5.703126782e-13,6.162491979e-13,6.478712689e-13,2.878990301e-13,2.64536979e-13,2.414549752e-13,7.059032983e-14,9.48528947e-14,4.020744577e-14,2.539568987e-13,3.920184531e-13,2.045000177e-13,3.848440274e-13,4.836141626e-13,6.080988415e-13,7.085565971e-13,5.085221779e-13,8.137034153e-13,2.883765761e-13,3.203572236e-13,1.611400049e-13,6.027574063e-14,5.164196699e-14,1.632085279e-13,1.240958981e-13,2.186246429e-13,2.833314961e-13,4.098446612e-13,6.064285141e-13,1.068443642e-13,3.948791085e-13,6.525901184e-14
142.4765625,5.728533468e-13,6.1680833e-13,6.379431656e-13,2.912931446e-13,2.636335318e-13,2.408683456e-13,7.165328345e-14,9.371556162e-14,3.99366876e-14,2.553625951e-13,3.874341815e-13,2.039868089e-13,3.824323674e-13,4.829998135e-13,6.02899062e-13,7.014649222e-13,5.042882932e-13,8.077867629e-13,2.87189979e-13,3.186324616e-13,1.610000599e-13,5.983357693e-14,5.04868313e-14,1.634247313e-13,1.222467928e-13,2.174311905e-13,2.786955262e-13,4.155150646e-13,5.980614256e-13,1.061677337e-13,3.923314325e-13,6.434117001e-14
142.484375,5.754541146e-13,6.174859697e-13,6.284938348e-13,2.947732865e-13,2.629650515e-13,2.403228208e-13,7.279262933e-14,9.265346297e-14,3.97206159e-14,2.567826123e-13,3.830008126e-13,2.03599808e-13,3.800912737e-13,4.82520453e-13,5.980127873e-13,6.949816491e-13,5.003621299e-13,8.022259754e-13,2.859534723e-13,3.172112325e-13,1.608626003e-13,5.939988796e-14,4.938969597e-14,1.63746396e-13,1.20475477e-13,2.164016933e-13,2.742688273e-13,4.213024747e-13,5.899620091e-13,1.055384202e-13,3.899602127e-13,6.351149195e-14
142.4921875,5.77298044e-13,6.177343819e-13,6.195994425e-13,2.984501336e-13,2.622461167e-13,2.397058536e-13,7.397906679e-14,9.167831927e-14,3.95359781e-14,2.582619822e-13,3.786258459e-13,2.033230389e-13,3.777744556e-13,4.818701032e-13,5.932668828e-13,6.888677168e-13,4.964300924e-13,7.967644735e-13,2.844885967e-13,3.160239519e-13,1.606534618e-13,5.891213404e-14,4.834319755e-14,1.641471009e-13,1.187648019e-13,2.154729615e-13,2.701519706e-13,4.269111463e-13,5.823031154e-13,1.048983093e-13,3.877267278e-13,6.272608095e-14
142.5,5.787608859e-13,6.175977234e-13,6.111130153e-13,3.021291924e-13,2.61347888e-13,2.389669317e-13,7.520569569e-14,9.073613483e-14,3.936167002e-14,2.597553208e-13,3.742828952e-13,2.03108531e-13,3.756415807e-13,4.810460791e-13,5.883278059e-13,6.82726388e-13,4.92378857e-13,7.910597053e-13,2.829130628e-13,3.148349717e-13,1.603156847e-13,5.838351973e-14,4.734944175e-14,1.645909403e-13,1.17116482e-13,2.145881057e-13,2.660704711e-13,4.323120848e-13,5.75001258e-13,1.042247011e-13,3.856847281e-13,6.197592368e-14
142.5078125,5.807103582e-13,6.173768048e-13,6.031020201e-13,3.058268001e-13,2.607156416e-13,2.383595768e-13,7.648140546e-14,8.98393559e-14,3.923545378e-14,2.612464388e-13,3.701358434e-13,2.030543806e-13,3.738875595e-13,4.804861881e-13,5.833347968e-13,6.765953749e-13,4.884843312e-13,7.854161571e-13,2.815262801e-13,3.135608494e-13,1.599418393e-13,5.789828109e-14,4.641425984e-14,1.651625019e-13,1.155495647e-13,2.137522566e-13,2.619683652e-13,4.379394369e-13,5.680189361e-13,1.035602297e-13,3.840474642e-13,6.127438129e-14
142.515625,5.827546559e-13,6.17013966e-13,5.956921472e-13,3.095207027e-13,2.604928461e-13,2.378646424e-13,7.778039851e-14,8.900138422e-14,3.917518644e-14,2.627516263e-13,3.661977316e-13,2.032118062e-13,3.724143125e-13,4.802537786e-13,5.785236083e-13,6.706456234e-13,4.847469564e-13,7.801126314e-13,2.803022447e-13,3.123620237e-13,1.595888685e-13,5.745147012e-14,4.550241996e-14,1.658809613e-13,1.140600956e-13,2.129411015e-13,2.580045316e-13,4.437093833e-13,5.613590946e-13,1.029220482e-13,3.828240674e-13,6.060224607e-14
142.5234375,5.843331948e-13,6.166086798e-13,5.888219647e-13,3.131257718e-13,2.602929162e-13,2.372829428e-13,7.91088768e-14,8.816082251e-14,3.915409062e-14,2.642697081e-13,3.624076735e-13,2.03458697e-13,3.710421492e-13,4.800509429e-13,5.738639106e-13,6.649391145e-13,4.809847166e-13,7.748739815e-13,2.790370624e-13,3.114549795e-13,1.591944182e-13,5.699743377e-14,4.460451411e-14,1.666356535e-13,1.126313671e-13,2.121313779e-13,2.540939614e-13,4.493444628e-13,5.548949342e-13,1.022863825e-13,3.818119179e-13,5.996821296e-14
142.53125,5.859267394e-13,6.164447147e-13,5.823897525e-13,3.168521372e-13,2.599858696e-13,2.36743376e-13,8.050461488e-14,8.731401074e-14,3.915488818e-14,2.658187366e-13,3.588249251e-13,2.03728044e-13,3.697856344e-13,4.797663892e-13,5.693683222e-13,6.59612037e-13,4.772888584e-13,7.6949427e-13,2.776940932e-13,3.10874664e-13,1.587270525e-13,5.65457228e-14,4.374658808e-14,1.673800592e-13,1.112344334e-13,2.113608449e-13,2.502078064e-13,4.550668928e-13,5.485090784e-13,1.016523604e-13,3.809288348e-13,5.940368824e-14
142.5390625,5.878163143e-13,6.164187968e-13,5.763911189e-13,3.207201626e-13,2.59767166e-13,2.363483764e-13,8.195183822e-14,8.653792529e-14,3.916954185e-14,2.674403639e-13,3.554850781e-13,2.040826237e-13,3.687272407e-13,4.794486889e-13,5.650240827e-13,6.546642854e-13,4.737739101e-13,7.641544527e-13,2.763477299e-13,3.104805061e-13,1.582020833e-13,5.610233591e-14,4.2930568e-14,1.681000724e-13,1.098581501e-13,2.106664981e-13,2.465338685e-13,4.610045317e-13,5.422370642e-13,1.01043061e-13,3.802243616e-13,5.890024208e-14
142.546875,5.894836792e-13,6.162141061e-13,5.709651158e-13,3.245112673e-13,2.597061458e-13,2.359347761e-13,8.342750873e-14,8.583538379e-14,3.919844068e-14,2.691213718e-13,3.523364472e-13,2.045801812e-13,3.67913685e-13,4.79216376e-13,5.60723082e-13,6.498763251e-13,4.703398662e-13,7.590048656e-13,2.750385758e-13,3.101269637e-13,1.57623764e-13,5.565467195e-14,4.216556693e-14,1.687526583e-13,1.085562996e-13,2.100672918e-13,2.430792555e-13,4.66880479e-13,5.362731261e-13,1.004811e-13,3.797704154e-13,5.845164864e-14
142.5546875,5.90715e-13,6.156435724e-13,5.661484099e-13,3.283055387e-13,2.597730953e-13,2.35453703e-13,8.495942735e-14,8.515720231e-14,3.926096304e-14,2.708145793e-13,3.492302569e-13,2.052153962e-13,3.67311059e-13,4.791691333e-13,5.565529942e-13,6.452272694e-13,4.668835365e-13,7.539583522e-13,2.73709177e-13,3.097772897e-13,1.569768867e-13,5.520878491e-14,4.145885135e-14,1.694429696e-13,1.073587919e-13,2.09538015e-13,2.396699871e-13,4.724842502e-13,5.306453207e-13,9.996555587e-14,3.795907031e-13,5.806379591e-14
142.5625,5.918718066e-13,6.148451625e-13,5.616451893e-13,3.32102407e-13,2.599638561e-13,2.34981799e-13,8.657547432e-14,8.452240756e-14,3.936086239e-14,2.725348167e-13,3.460595174e-13,2.059231833e-13,3.667830519e-13,4.791850892e-13,5.526423954e-13,6.409679876e-13,4.634939562e-13,7.489433908e-13,2.723002957e-13,3.095958878e-13,1.562419111e-13,5.47664592e-14,4.076572343e-14,1.703181025e-13,1.062131218e-13,2.089992284e-13,2.362299808e-13,4.779464257e-13,5.250015565e-13,9.946109709e-14,3.795658871e-13,5.771964037e-14
142.5703125,5.931274934e-13,6.142205209e-13,5.573384261e-13,3.357496224e-13,2.602378662e-13,2.345245711e-13,8.827716803e-14,8.393955995e-14,3.948715094e-14,2.742776421e-13,3.429833995e-13,2.066838612e-13,3.662941825e-13,4.791861038e-13,5.490212203e-13,6.372841175e-13,4.603568537e-13,7.441148125e-13,2.708883227e-13,3.09756566e-13,1.554477919e-13,5.432412752e-14,4.007481392e-14,1.712771243e-13,1.051085665e-13,2.084833833e-13,2.328733688e-13,4.835290336e-13,5.193358582e-13,9.896215668e-14,3.796683668e-13,5.742758069e-14
142.578125,5.943129144e-13,6.136697636e-13,5.53550815e-13,3.39465083e-13,2.605642448e-13,2.340962028e-13,9.00502151e-14,8.336047513e-14,3.964490668e-14,2.759422858e-13,3.401140214e-13,2.075847918e-13,3.659170861e-13,4.793124012e-13,5.457797679e-13,6.341018664e-13,4.574615543e-13,7.396235432e-13,2.695149777e-13,3.100817082e-13,1.546161278e-13,5.388753586e-14,3.943800233e-14,1.721708243e-13,1.040919136e-13,2.081023619e-13,2.297583063e-13,4.891017491e-13,5.141565681e-13,9.850726575e-14,3.800904847e-13,5.72119163e-14
142.5859375,5.953939767e-13,6.128201153e-13,5.502769405e-13,3.433436751e-13,2.609576442e-13,2.337178768e-13,9.18688668e-14,8.281564049e-14,3.982807187e-14,2.77483794e-13,3.372653885e-13,2.086110578e-13,3.655997381e-13,4.795110418e-13,5.428202519e-13,6.312325501e-13,4.546557868e-13,7.353264408e-13,2.680626217e-13,3.103732237e-13,1.53713561e-13,5.344658913e-14,3.885337413e-14,1.730761371e-13,1.031408047e-13,2.077806636e-13,2.267761443e-13,4.94350578e-13,5.093181887e-13,9.807655722e-14,3.807587496e-13,5.704836729e-14
142.59375,5.965351344e-13,6.12087424e-13,5.471018143e-13,3.471877572e-13,2.614031282e-13,2.333563947e-13,9.371031558e-14,8.238433039e-14,4.001647698e-14,2.789507833e-13,3.343751426e-13,2.096250237e-13,3.653103003e-13,4.795921484e-13,5.399234034e-13,6.287129547e-13,4.519713878e-13,7.310171414e-13,2.664998622e-13,3.108652253e-13,1.527925216e-13,5.298799248e-14,3.828242837e-14,1.740882552e-13,1.021995392e-13,2.073711676e-13,2.23722763e-13,4.994732013e-13,5.042402776e-13,9.760469237e-14,3.813591561e-13,5.691470842e-14
142.6015625,5.976712702e-13,6.117225837e-13,5.441796365e-13,3.512013833e-13,2.618986093e-13,2.330076967e-13,9.556528705e-14,8.204462105e-14,4.022286076e-14,2.803774621e-13,3.316457085e-13,2.106828705e-13,3.651755871e-13,4.796749329e-13,5.373024923e-13,6.26759098e-13,4.495026674e-13,7.267452065e-13,2.649544416e-13,3.117278762e-13,1.519383662e-13,5.252575004e-14,3.773842823e-14,1.751696553e-13,1.012846577e-13,2.069359084e-13,2.20734405e-13,5.046812659e-13,4.992587177e-13,9.711101225e-14,3.820117844e-13,5.68220223e-14
142.609375,5.985375333e-13,6.110163335e-13,5.420833909e-13,3.5552323e-13,2.624852512e-13,2.327113007e-13,9.745925312e-14,8.173318063e-14,4.046493993e-14,2.818085127e-13,3.291771621e-13,2.119509056e-13,3.651854741e-13,4.799250629e-13,5.352669858e-13,6.253887173e-13,4.472108955e-13,7.226564012e-13,2.634701688e-13,3.127746878e-13,1.510764697e-13,5.206689286e-14,3.723089496e-14,1.762898657e-13,1.004457864e-13,2.0663065e-13,2.179964174e-13,5.096951613e-13,4.949124463e-13,9.66678001e-14,3.830076558e-13,5.677223468e-14
142.6171875,5.992254806e-13,6.100584715e-13,5.407427485e-13,3.597663623e-13,2.631413767e-13,2.324920717e-13,9.94356816e-14,8.143420714e-14,4.072412306e-14,2.832396558e-13,3.2683932e-13,2.133809063e-13,3.652088667e-13,4.802490577e-13,5.336634394e-13,6.244740645e-13,4.450933132e-13,7.187818552e-13,2.619736659e-13,3.139775361e-13,1.501325637e-13,5.159834641e-14,3.674024375e-14,1.77438536e-13,9.96961701e-14,2.065186559e-13,2.154276847e-13,5.144817342e-13,4.908774728e-13,9.627443975e-14,3.842276312e-13,5.678085872e-14
142.625,6.001196791e-13,6.097013381e-13,5.397042614e-13,3.638759746e-13,2.638658669e-13,2.323872826e-13,1.014928963e-13,8.115082715e-14,4.099397602e-14,2.845680301e-13,3.244648787e-13,2.148857801e-13,3.652992875e-13,4.806392245e-13,5.323055056e-13,6.239671465e-13,4.431979916e-13,7.151347031e-13,2.604637801e-13,3.154090964e-13,1.491577323e-13,5.113610913e-14,3.627798758e-14,1.786064325e-13,9.902005936e-14,2.065409059e-13,2.129699751e-13,5.192884202e-13,4.869242424e-13,9.588292264e-14,3.856037334e-13,5.686380166e-14
142.6328125,6.012111256e-13,6.095129717e-13,5.390190343e-13,3.681470979e-13,2.647772729e-13,2.324402727e-13,1.036205652e-13,8.091266983e-14,4.129031685e-14,2.858163549e-13,3.221310834e-13,2.165257775e-13,3.655406817e-13,4.812379469e-13,5.312933209e-13,6.238697003e-13,4.415719068e-13,7.117841325e-13,2.590316577e-13,3.169524567e-13,1.481303886e-13,5.070830255e-14,3.585830512e-14,1.798281743e-13,9.841516248e-14,2.065344374e-13,2.105833321e-13,5.240344628e-13,4.832962544e-13,9.549184546e-14,3.873124164e-13,5.698141674e-14
142.640625,6.021639754e-13,6.087939054e-13,5.38956864e-13,3.725041281e-13,2.658705348e-13,2.32613129e-13,1.05834493e-13,8.074313157e-14,4.1604917e-14,2.871107359e-13,3.200802436e-13,2.183066147e-13,3.658815051e-13,4.820216154e-13,5.307002013e-13,6.242725503e-13,4.402938506e-13,7.087223212e-13,2.577065282e-13,3.186785275e-13,1.469928697e-13,5.029856718e-14,3.546172531e-14,1.810783207e-13,9.789111765e-14,2.064481889e-13,2.081658851e-13,5.286771613e-13,4.798856444e-13,9.514127881e-14,3.892633931e-13,5.711279076e-14
142.6484375,6.030220212e-13,6.081254481e-13,5.394587306e-13,3.767597146e-13,2.669889308e-13,2.328233459e-13,1.080968566e-13,8.061248692e-14,4.193018859e-14,2.884136124e-13,3.18276915e-13,2.201752177e-13,3.66305351e-13,4.829009845e-13,5.30438307e-13,6.252286131e-13,4.392622318e-13,7.057965564e-13,2.564133452e-13,3.207199646e-13,1.458077131e-13,4.988290845e-14,3.507624468e-14,1.822778312e-13,9.741888213e-14,2.064315177e-13,2.058451385e-13,5.333274322e-13,4.765395813e-13,9.484195818e-14,3.913031576e-13,5.729800614e-14
142.65625,6.040062561e-13,6.077723237e-13,5.404193145e-13,3.809063921e-13,2.681541975e-13,2.330884309e-13,1.103683515e-13,8.052109198e-14,4.228064208e-14,2.896327172e-13,3.165124607e-13,2.221467987e-13,3.667805317e-13,4.839003334e-13,5.30342568e-13,6.265103525e-13,4.382763076e-13,7.029076758e-13,2.550958537e-13,3.228223226e-13,1.445956306e-13,4.947229928e-14,3.470738067e-14,1.834638542e-13,9.696629872e-14,2.065001313e-13,2.037686777e-13,5.377981605e-13,4.73473526e-13,9.454887434e-14,3.935476742e-13,5.753319082e-14
142.6640625,6.049013794e-13,6.07218525e-13,5.419340192e-13,3.850449281e-13,2.694617355e-13,2.335119483e-13,1.127069887e-13,8.049515283e-14,4.265137088e-14,2.907693693e-13,3.148172302e-13,2.242158392e-13,3.672224842e-13,4.850050381e-13,5.303737013e-13,6.279862089e-13,4.374411389e-13,7.00128162e-13,2.537897238e-13,3.248954056e-13,1.432892619e-13,4.907414948e-14,3.436171591e-14,1.847041642e-13,9.656133785e-14,2.064891902e-13,2.017819234e-13,5.420246637e-13,4.707061043e-13,9.422997716e-14,3.960250971e-13,5.777646104e-14
142.671875,6.056252723e-13,6.066320279e-13,5.440023345e-13,3.894451624e-13,2.708378376e-13,2.341469523e-13,1.151289909e-13,8.049680988e-14,4.30330227e-14,2.918321821e-13,3.132516505e-13,2.263686902e-13,3.677439117e-13,4.861719301e-13,5.307562661e-13,6.299223219e-13,4.36954896e-13,6.975054403e-13,2.525723886e-13,3.272532845e-13,1.419236024e-13,4.868617951e-14,3.404927883e-14,1.859736713e-13,9.62163381e-14,2.06420189e-13,1.998073891e-13,5.463309826e-13,4.680966294e-13,9.392069846e-14,3.986498269e-13,5.804767132e-14
142.6796875,6.066862637e-13,6.063080139e-13,5.464144226e-13,3.941267475e-13,2.723401041e-13,2.349741366e-13,1.175517056e-13,8.050417464e-14,4.344772831e-14,2.928699249e-13,3.117042961e-13,2.286539233e-13,3.68525052e-13,4.875263243e-13,5.316441648e-13,6.325166814e-13,4.368323581e-13,6.950722297e-13,2.514962574e-13,3.298784485e-13,1.405767154e-13,4.832316165e-14,3.377370863e-14,1.872716682e-13,9.590442726e-14,2.064393623e-13,1.979643573e-13,5.507582891e-13,4.656848591e-13,9.365352478e-14,4.014775748e-13,5.83760461e-14
142.6875,6.081803181e-13,6.059839439e-13,5.49165632e-13,3.987748555e-13,2.741933081e-13,2.359684578e-13,1.199705006e-13,8.055986979e-14,4.391071379e-14,2.939174396e-13,3.10178669e-13,2.311018627e-13,3.695031139e-13,4.892562199e-13,5.329631413e-13,6.35722644e-13,4.371622621e-13,6.930229229e-13,2.505467553e-13,3.325691378e-13,1.392369246e-13,4.79923639e-14,3.35279991e-14,1.886230277e-13,9.565060077e-14,2.065114339e-13,1.962518608e-13,5.550640812e-13,4.634239451e-13,9.340720177e-14,4.045452448e-13,5.872997375e-14
142.6953125,6.095540415e-13,6.058308269e-13,5.525839055e-13,4.034524229e-13,2.762948439e-13,2.371256483e-13,1.224501819e-13,8.067788392e-14,4.440270663e-14,2.948932059e-13,3.088287663e-13,2.337172725e-13,3.705622012e-13,4.913269478e-13,5.346723507e-13,6.394815868e-13,4.379648689e-13,6.913702924e-13,2.496495664e-13,3.354896653e-13,1.378982363e-13,4.768232841e-14,3.330367713e-14,1.899929295e-13,9.546995187e-14,2.06548145e-13,1.946523007e-13,5.592943346e-13,4.612676819e-13,9.316770625e-14,4.0779086e-13,5.908795277e-14
142.703125,6.10807862e-13,6.060648903e-13,5.566992464e-13,4.083537697e-13,2.783596912e-13,2.384565968e-13,1.249781357e-13,8.084614648e-14,4.48981435e-14,2.957909228e-13,3.076906544e-13,2.36460418e-13,3.717031875e-13,4.935285481e-13,5.366629451e-13,6.436137978e-13,4.389507287e-13,6.897508413e-13,2.487565447e-13,3.386162002e-13,1.365784384e-13,4.738685819e-14,3.309622708e-14,1.913556091e-13,9.530139023e-14,2.065764632e-13,1.931880447e-13,5.635595104e-13,4.593400037e-13,9.294427818e-14,4.111459063e-13,5.946930254e-14
142.7109375,6.124114629e-13,6.061248693e-13,5.611327235e-13,4.132581181e-13,2.804632159e-13,2.39981415e-13,1.275174514e-13,8.106364055e-14,4.539244698e-14,2.96686232e-13,3.066626802e-13,2.392230912e-13,3.72911809e-13,4.9579385e-13,5.387559912e-13,6.479643556e-13,4.400050476e-13,6.880372543e-13,2.479196368e-13,3.416675859e-13,1.352334833e-13,4.710663726e-14,3.291613315e-14,1.927243902e-13,9.51352748e-14,2.066165329e-13,1.917179058e-13,5.677246915e-13,4.57582761e-13,9.274113888e-14,4.145590776e-13,5.988095161e-14
142.71875,6.142336041e-13,6.058910679e-13,5.658807427e-13,4.181293639e-13,2.827816176e-13,2.417182304e-13,1.301036958e-13,8.133986252e-14,4.59015908e-14,2.975539279e-13,3.057370127e-13,2.420233749e-13,3.742120577e-13,4.982115194e-13,5.411179514e-13,6.527678647e-13,4.413539217e-13,6.86511877e-13,2.472188307e-13,3.449128703e-13,1.338366027e-13,4.684679821e-14,3.27719897e-14,1.94154584e-13,9.502874106e-14,2.066719009e-13,1.9015904e-13,5.717730443e-13,4.558976182e-13,9.257610871e-14,4.180918185e-13,6.03283225e-14
142.7265625,6.158941222e-13,6.059843334e-13,5.711805489e-13,4.231557824e-13,2.851945173e-13,2.436404489e-13,1.327854136e-13,8.171326278e-14,4.642728047e-14,2.983873085e-13,3.050353418e-13,2.449785967e-13,3.756735704e-13,5.007850299e-13,5.440460685e-13,6.582808959e-13,4.430784068e-13,6.85297507e-13,2.466151042e-13,3.486770208e-13,1.324358105e-13,4.660759711e-14,3.26480949e-14,1.957184907e-13,9.499178862e-14,2.068038389e-13,1.887126514e-13,5.758208414e-13,4.544726357e-13,9.244870064e-14,4.218027628e-13,6.082983903e-14
142.734375,6.174530844e-13,6.062830621e-13,5.767878143e-13,4.28136446e-13,2.876181615e-13,2.4568425e-13,1.355369539e-13,8.217541631e-14,4.695234944e-14,2.991936503e-13,3.045210243e-13,2.480426777e-13,3.772305284e-13,5.034686002e-13,5.474874416e-13,6.643870501e-13,4.450799877e-13,6.843220688e-13,2.460095858e-13,3.525220833e-13,1.3105529e-13,4.637514761e-14,3.254025005e-14,1.973304407e-13,9.50158072e-14,2.070162785e-13,1.87560686e-13,5.796984531e-13,4.534129527e-13,9.230928887e-14,4.256007207e-13,6.137164749e-14
142.7421875,6.190624286e-13,6.062503236e-13,5.825046872e-13,4.329750617e-13,2.901512384e-13,2.478586399e-13,1.382973758e-13,8.265424795e-14,4.748675172e-14,2.998905804e-13,3.040194665e-13,2.511476624e-13,3.787947075e-13,5.062480217e-13,5.512390718e-13,6.709005779e-13,4.473412598e-13,6.835419309e-13,2.454393989e-13,3.561468271e-13,1.296837422e-13,4.615141883e-14,3.246037216e-14,1.988398827e-13,9.509296759e-14,2.071920919e-13,1.866051579e-13,5.832754126e-13,4.525724754e-13,9.214818721e-14,4.294653536e-13,6.191682971e-14
142.75,6.207946251e-13,6.062677736e-13,5.88615377e-13,4.379870009e-13,2.92770808e-13,2.502514377e-13,1.41071922e-13,8.316601591e-14,4.805306052e-14,3.005204259e-13,3.035452949e-13,2.543684467e-13,3.804236743e-13,5.0909503e-13,5.552073355e-13,6.77802916e-13,4.499089774e-13,6.828296419e-13,2.449979189e-13,3.60002911e-13,1.283187495e-13,4.595736473e-14,3.238716569e-14,2.003066613e-13,9.51703257e-14,2.072436358e-13,1.856333787e-13,5.868705797e-13,4.518114784e-13,9.201011821e-14,4.334596862e-13,6.245651295e-14
142.7578125,6.227658218e-13,6.068033677e-13,5.952117407e-13,4.431930958e-13,2.954690396e-13,2.529049669e-13,1.438972451e-13,8.377153705e-14,4.864666915e-14,3.011492649e-13,3.031727721e-13,2.577327061e-13,3.821849697e-13,5.12161106e-13,5.594488975e-13,6.8519117e-13,4.528510981e-13,6.821827775e-13,2.446466187e-13,3.643132881e-13,1.269470036e-13,4.579828917e-14,3.230078291e-14,2.018061919e-13,9.523868349e-14,2.072406679e-13,1.846418912e-13,5.905836394e-13,4.510992772e-13,9.189741384e-14,4.375888156e-13,6.302081301e-14
142.765625,6.248421958e-13,6.073149779e-13,6.021762542e-13,4.48335735e-13,2.983573008e-13,2.557923976e-13,1.46757428e-13,8.443938384e-14,4.925443691e-14,3.016145476e-13,3.028825416e-13,2.612145587e-13,3.840543009e-13,5.156524511e-13,5.641657633e-13,6.931685219e-13,4.561656173e-13,6.817632796e-13,2.44307516e-13,3.687804964e-13,1.2559531e-13,4.56629472e-14,3.222963339e-14,2.032674081e-13,9.536439968e-14,2.073419116e-13,1.838135559e-13,5.93975556e-13,4.506291781e-13,9.17980824e-14,4.418827351e-13,6.366298315e-14
142.7734375,6.267488899e-13,6.072966774e-13,6.095279461e-13,4.533441528e-13,3.012704365e-13,2.588615963e-13,1.496572764e-13,8.515944836e-14,4.984713836e-14,3.018992014e-13,3.02754876e-13,2.647817474e-13,3.859402422e-13,5.193031795e-13,5.693698891e-13,7.016353699e-13,4.597308105e-13,6.813804407e-13,2.439621907e-13,3.733259013e-13,1.243167124e-13,4.552269381e-14,3.218486021e-14,2.04740816e-13,9.554793478e-14,2.075724381e-13,1.831037722e-13,5.969262236e-13,4.505564467e-13,9.173011398e-14,4.462035227e-13,6.438817424e-14
142.78125,6.28607506e-13,6.071729906e-13,6.171095594e-13,4.582334934e-13,3.040162988e-13,2.620830298e-13,1.526390346e-13,8.597014389e-14,5.039672051e-14,3.022273514e-13,3.028057747e-13,2.683157137e-13,3.877948251e-13,5.227894341e-13,5.748170626e-13,7.104007311e-13,4.63520773e-13,6.808118005e-13,2.436271341e-13,3.780518623e-13,1.230413988e-13,4.535906094e-14,3.213872578e-14,2.063089383e-13,9.573131082e-14,2.077469922e-13,1.82267826e-13,5.99820017e-13,4.505644662e-13,9.166485138e-14,4.503334638e-13,6.51139207e-14
142.7890625,6.307326687e-13,6.07332827e-13,6.248209984e-13,4.631076888e-13,3.069491615e-13,2.655084475e-13,1.556543831e-13,8.683594649e-14,5.096016788e-14,3.025562717e-13,3.029067453e-13,2.718390432e-13,3.897631193e-13,5.264256795e-13,5.804364973e-13,7.194820398e-13,4.676158678e-13,6.804347999e-13,2.434107534e-13,3.828811013e-13,1.216850334e-13,4.52257948e-14,3.209817445e-14,2.078578171e-13,9.592587967e-14,2.077461033e-13,1.813542463e-13,6.028189048e-13,4.504103471e-13,9.156463914e-14,4.545811838e-13,6.579584443e-14
142.796875,6.330576612e-13,6.075127249e-13,6.329309854e-13,4.680996546e-13,3.103656938e-13,2.691775771e-13,1.586248567e-13,8.772895803e-14,5.160081137e-14,3.027020433e-13,3.031312839e-13,2.755397041e-13,3.919477472e-13,5.304935174e-13,5.862921941e-13,7.289545141e-13,4.720160715e-13,6.805262977e-13,2.433986849e-13,3.878143952e-13,1.203400129e-13,4.517228602e-14,3.208685692e-14,2.093331476e-13,9.616210621e-14,2.076730131e-13,1.805954503e-13,6.057702744e-13,4.50338075e-13,9.148388495e-14,4.592882334e-13,6.648833939e-14
142.8046875,6.35249525e-13,6.075600365e-13,6.414525527e-13,4.730787188e-13,3.139039009e-13,2.730315174e-13,1.61595502e-13,8.866658804e-14,5.225652222e-14,3.027705366e-13,3.035622657e-13,2.793530624e-13,3.941635988e-13,5.346686583e-13,5.923464224e-13,7.387780335e-13,4.767132149e-13,6.807402667e-13,2.4347035e-13,3.929716686e-13,1.190747231e-13,4.514542666e-14,3.207982687e-14,2.10779704e-13,9.641328944e-14,2.075783007e-13,1.799642559e-13,6.085479171e-13,4.503792937e-13,9.145965042e-14,4.640556935e-13,6.721364476e-14
142.8125,6.372556061e-13,6.077668037e-13,6.501719826e-13,4.779744348e-13,3.172923585e-13,2.770550206e-13,1.646413451e-13,8.960391522e-14,5.286798098e-14,3.029248335e-13,3.04072059e-13,2.831183253e-13,3.96331081e-13,5.387702888e-13,5.986053181e-13,7.489162136e-13,4.817104815e-13,6.808955963e-13,2.435355218e-13,3.98303128e-13,1.178072874e-13,4.510396086e-14,3.205558864e-14,2.121402431e-13,9.667228908e-14,2.073688893e-13,1.793502947e-13,6.111791885e-13,4.503460802e-13,9.142023699e-14,4.686261524e-13,6.794024392e-14
142.8203125,6.394463083e-13,6.082427076e-13,6.59222184e-13,4.829636939e-13,3.207657835e-13,2.813260636e-13,1.67733049e-13,9.052647019e-14,5.348662105e-14,3.03127221e-13,3.047218631e-13,2.869531333e-13,3.986357046e-13,5.430465829e-13,6.050910565e-13,7.593275193e-13,4.869682662e-13,6.811769996e-13,2.436967119e-13,4.0370748e-13,1.16540818e-13,4.508963844e-14,3.204486724e-14,2.134565049e-13,9.696739895e-14,2.07073544e-13,1.787919741e-13,6.138327904e-13,4.504330634e-13,9.132729954e-14,4.733839027e-13,6.866859551e-14
142.828125,6.420845431e-13,6.086829762e-13,6.686326222e-13,4.879563757e-13,3.244280528e-13,2.858852805e-13,1.708001125e-13,9.150892749e-14,5.413460046e-14,3.032735302e-13,3.056465869e-13,2.909013935e-13,4.010677453e-13,5.475830221e-13,6.117575319e-13,7.699424609e-13,4.925011544e-13,6.81555708e-13,2.439656082e-13,4.091723779e-13,1.153581522e-13,4.511350282e-14,3.206462652e-14,2.148486743e-13,9.727867564e-14,2.067981231e-13,1.782553039e-13,6.165098851e-13,4.507595032e-13,9.123563242e-14,4.783086177e-13,6.940077563e-14
142.8359375,6.448798457e-13,6.088784589e-13,6.781028328e-13,4.927573354e-13,3.281661019e-13,2.906817147e-13,1.738123693e-13,9.256050576e-14,5.47714879e-14,3.033106931e-13,3.067057045e-13,2.947848838e-13,4.034705987e-13,5.52223925e-13,6.185845425e-13,7.807166296e-13,4.982474379e-13,6.81925785e-13,2.442463391e-13,4.146517828e-13,1.142263026e-13,4.515141638e-14,3.208754566e-14,2.162191245e-13,9.75688949e-14,2.064927521e-13,1.77637104e-13,6.18981443e-13,4.51067018e-13,9.116966604e-14,4.829929246e-13,7.012480202e-14
142.84375,6.474749881e-13,6.090051697e-13,6.876306505e-13,4.975103463e-13,3.320044301e-13,2.955894682e-13,1.767813152e-13,9.364273525e-14,5.539685575e-14,3.033114918e-13,3.078498735e-13,2.986328433e-13,4.058847101e-13,5.568594519e-13,6.255399136e-13,7.916929417e-13,5.040827767e-13,6.823829886e-13,2.445764048e-13,4.202253815e-13,1.130867817e-13,4.521134508e-14,3.209884111e-14,2.17513171e-13,9.785370488e-14,2.06103043e-13,1.770159911e-13,6.212439417e-13,4.513601597e-13,9.111201378e-14,4.875569099e-13,7.085732561e-14
142.8515625,6.499610454e-13,6.091896961e-13,6.974163407e-13,5.021918331e-13,3.358858901e-13,3.005352168e-13,1.797562184e-13,9.476819618e-14,5.601575635e-14,3.034164501e-13,3.0919234e-13,3.0259223e-13,4.083310086e-13,5.614835491e-13,6.32708661e-13,8.031267211e-13,5.101834932e-13,6.829495374e-13,2.450063969e-13,4.261540734e-13,1.119575964e-13,4.528399505e-14,3.211216233e-14,2.188922137e-13,9.815293295e-14,2.057236382e-13,1.765287417e-13,6.234155616e-13,4.518663013e-13,9.107874587e-14,4.922652931e-13,7.160669609e-14
142.859375,6.524077541e-13,6.092047912e-13,7.073670819e-13,5.065240211e-13,3.396455037e-13,3.055939048e-13,1.827742525e-13,9.592109611e-14,5.661355326e-14,3.035914064e-13,3.106405345e-13,3.06592654e-13,4.10744402e-13,5.661659279e-13,6.402243197e-13,8.150950925e-13,5.16679889e-13,6.834979854e-13,2.454732648e-13,4.323550857e-13,1.108706863e-13,4.534496978e-14,3.213896271e-14,2.203517284e-13,9.845527209e-14,2.053912756e-13,1.761257322e-13,6.253506398e-13,4.524774075e-13,9.107288117e-14,4.969839181e-13,7.235275015e-14
142.8671875,6.546475511e-13,6.089787987e-13,7.173033826e-13,5.106806149e-13,3.434081026e-13,3.107938205e-13,1.857760355e-13,9.704941684e-14,5.721448834e-14,3.036431351e-13,3.120732017e-13,3.10545351e-13,4.131927401e-13,5.709307119e-13,6.4774965e-13,8.270414684e-13,5.232036104e-13,6.839465956e-13,2.459566823e-13,4.383675664e-13,1.098599523e-13,4.541567034e-14,3.217801564e-14,2.217370352e-13,9.875148395e-14,2.049953729e-13,1.757003001e-13,6.269661227e-13,4.529383345e-13,9.104654932e-14,5.015803993e-13,7.307920344e-14
142.875,6.568689053e-13,6.087809437e-13,7.272069878e-13,5.149561986e-13,3.473653151e-13,3.160700207e-13,1.886778444e-13,9.813633186e-14,5.783307779e-14,3.034987957e-13,3.135424953e-13,3.14475811e-13,4.156514801e-13,5.756900349e-13,6.548615356e-13,8.385280099e-13,5.29541504e-13,6.84277571e-13,2.464927039e-13,4.440557693e-13,1.089292073e-13,4.551553168e-14,3.2215612e-14,2.230259713e-13,9.902830679e-14,2.044745182e-13,1.752680216e-13,6.284593827e-13,4.532518914e-13,9.098728558e-14,5.060509735e-13,7.377675721e-14
142.8828125,6.594172642e-13,6.086107505e-13,7.370780922e-13,5.191084145e-13,3.513583299e-13,3.214733969e-13,1.915157323e-13,9.918044189e-14,5.843941045e-14,3.032812517e-13,3.151099291e-13,3.183652681e-13,4.17940962e-13,5.803215794e-13,6.617461722e-13,8.498440905e-13,5.359175271e-13,6.844801972e-13,2.470904352e-13,4.496368115e-13,1.080348982e-13,4.563250165e-14,3.224424477e-14,2.242159777e-13,9.927330461e-14,2.038960083e-13,1.748421868e-13,6.300031329e-13,4.535995865e-13,9.094189487e-14,5.103542639e-13,7.446493219e-14
142.890625,6.620535263e-13,6.082135562e-13,7.469095739e-13,5.229409784e-13,3.552310238e-13,3.270743033e-13,1.943505528e-13,1.002349205e-13,5.903242064e-14,3.031179528e-13,3.168330127e-13,3.222122104e-13,4.200832287e-13,5.847247891e-13,6.686379546e-13,8.612674912e-13,5.423847337e-13,6.845575406e-13,2.47766175e-13,4.552077007e-13,1.071858232e-13,4.577129042e-14,3.228271921e-14,2.253149642e-13,9.950702127e-14,2.033215798e-13,1.743429043e-13,6.315853189e-13,4.540326569e-13,9.092651253e-14,5.145457746e-13,7.518054579e-14
142.8984375,6.643840086e-13,6.076220845e-13,7.568167711e-13,5.266707285e-13,3.591287521e-13,3.328456154e-13,1.971504941e-13,1.014128018e-13,5.96184826e-14,3.029879457e-13,3.187346382e-13,3.260846739e-13,4.221790834e-13,5.889958434e-13,6.755639316e-13,8.728338382e-13,5.489975897e-13,6.84608174e-13,2.485014061e-13,4.608423054e-13,1.06430534e-13,4.593146152e-14,3.234738604e-14,2.264470077e-13,9.975236129e-14,2.027300908e-13,1.737725755e-13,6.329879678e-13,4.544233035e-13,9.091156246e-14,5.186909149e-13,7.591976532e-14
142.90625,6.66584389e-13,6.070938576e-13,7.66889592e-13,5.303359101e-13,3.630759627e-13,3.387983674e-13,1.999166031e-13,1.027121328e-13,6.01650309e-14,3.028032541e-13,3.206904899e-13,3.299633786e-13,4.241804386e-13,5.93378898e-13,6.828016697e-13,8.847369839e-13,5.560693696e-13,6.847503571e-13,2.492222078e-13,4.66632802e-13,1.057624176e-13,4.608105078e-14,3.242742178e-14,2.276661401e-13,1.000004651e-13,2.020978736e-13,1.732721096e-13,6.340799077e-13,4.547858986e-13,9.089089572e-14,5.226961676e-13,7.666755556e-14
142.9140625,6.690173385e-13,6.068783887e-13,7.768805326e-13,5.337838167e-13,3.668581132e-13,3.448810915e-13,2.026597352e-13,1.040049789e-13,6.068329758e-14,3.025431013e-13,3.225660848e-13,3.337619337e-13,4.261201131e-13,5.978014782e-13,6.902728225e-13,8.968577989e-13,5.634988276e-13,6.848083676e-13,2.499285298e-13,4.724926567e-13,1.051435934e-13,4.621869526e-14,3.25014549e-14,2.28942444e-13,1.002093762e-13,2.014089867e-13,1.728827059e-13,6.351663152e-13,4.552554878e-13,9.087500694e-14,5.264964276e-13,7.741139044e-14
142.921875,6.717250006e-13,6.06940896e-13,7.864478679e-13,5.370708585e-13,3.705430256e-13,3.509560685e-13,2.052762848e-13,1.052441342e-13,6.124108923e-14,3.022289284e-13,3.244006661e-13,3.374611859e-13,4.2807221e-13,6.020400468e-13,6.973135231e-13,9.086256887e-13,5.707886175e-13,6.844811048e-13,2.506818406e-13,4.78324776e-13,1.045318272e-13,4.639157777e-14,3.25475811e-14,2.302797903e-13,1.003205312e-13,2.005763971e-13,1.724472367e-13,6.364571526e-13,4.556641443e-13,9.084189713e-14,5.30123784e-13,7.809560242e-14
142.9296875,6.745531467e-13,6.067431563e-13,7.956986622e-13,5.403355265e-13,3.744901255e-13,3.57116175e-13,2.077689731e-13,1.064845499e-13,6.185152126e-14,3.019149855e-13,3.263731384e-13,3.410986298e-13,4.299737303e-13,6.062865241e-13,7.038859957e-13,9.199140026e-13,5.7786429e-13,6.83929068e-13,2.514949637e-13,4.840314777e-13,1.039038504e-13,4.662693314e-14,3.256560778e-14,2.315538368e-13,1.003528713e-13,1.995904561e-13,1.718873436e-13,6.377022268e-13,4.557792426e-13,9.078106687e-14,5.336196688e-13,7.869894267e-14
142.9375,6.772463287e-13,6.060503355e-13,8.049491881e-13,5.436929972e-13,3.786919209e-13,3.635339211e-13,2.102985544e-13,1.077561657e-13,6.245870051e-14,3.016823091e-13,3.28562298e-13,3.447354722e-13,4.318561248e-13,6.107226596e-13,7.106213835e-13,9.312172087e-13,5.850191651e-13,6.835424949e-13,2.523709472e-13,4.895469199e-13,1.033054759e-13,4.689618408e-14,3.258909986e-14,2.326026684e-13,1.004121016e-13,1.986409479e-13,1.713761888e-13,6.388085672e-13,4.558273879e-13,9.073307427e-14,5.370669103e-13,7.928985169e-14
142.9453125,6.795412861e-13,6.054003565e-13,8.14110447e-13,5.471079959e-13,3.827366456e-13,3.700663825e-13,2.128472567e-13,1.090489187e-13,6.301887363e-14,3.014741571e-13,3.308078306e-13,3.483938839e-13,4.338027866e-13,6.150710849e-13,7.176558148e-13,9.428788889e-13,5.923704932e-13,6.832422533e-13,2.53304134e-13,4.95197325e-13,1.027700544e-13,4.715574008e-14,3.262718358e-14,2.335233397e-13,1.00518541e-13,1.97783823e-13,1.710177655e-13,6.398266135e-13,4.560744258e-13,9.070216558e-14,5.404614733e-13,7.991212339e-14
142.953125,6.816416518e-13,6.050226873e-13,8.228543029e-13,5.501644684e-13,3.865408023e-13,3.765447826e-13,2.152933735e-13,1.103377863e-13,6.353934771e-14,3.011351025e-13,3.329810475e-13,3.519687569e-13,4.356971358e-13,6.192318002e-13,7.246262879e-13,9.546927361e-13,5.998716009e-13,6.827536271e-13,2.54233167e-13,5.011393945e-13,1.022592625e-13,4.740712802e-14,3.26517179e-14,2.344558332e-13,1.005960543e-13,1.968046393e-13,1.706310159e-13,6.405763622e-13,4.562921962e-13,9.062933102e-14,5.436445549e-13,8.053877192e-14
142.9609375,6.842320005e-13,6.046187495e-13,8.311531018e-13,5.526528876e-13,3.904292555e-13,3.831416488e-13,2.176675614e-13,1.116006412e-13,6.405426175e-14,3.007046755e-13,3.351458778e-13,3.553536131e-13,4.375072691e-13,6.234578008e-13,7.313414364e-13,9.663155832e-13,6.07560704e-13,6.82210826e-13,2.551451899e-13,5.068223228e-13,1.017620647e-13,4.768688245e-14,3.265994908e-14,2.353588902e-13,1.006285648e-13,1.956529848e-13,1.701203032e-13,6.412075809e-13,4.562215957e-13,9.051681109e-14,5.465598231e-13,8.112900486e-14
142.96875,6.874756017e-13,6.042439261e-13,8.391915995e-13,5.550393338e-13,3.944123683e-13,3.900125051e-13,2.199670014e-13,1.128597315e-13,6.456162938e-14,3.003554568e-13,3.373058353e-13,3.585880149e-13,4.393709089e-13,6.276894147e-13,7.378580239e-13,9.777611116e-13,6.154963307e-13,6.817745418e-13,2.560767653e-13,5.120592325e-13,1.01296865e-13,4.79911882e-14,3.265778738e-14,2.36221033e-13,1.006246993e-13,1.944936667e-13,1.696329114e-13,6.421116496e-13,4.559944834e-13,9.042374022e-14,5.492277294e-13,8.165199452e-14
142.9765625,6.905397125e-13,6.039609561e-13,8.469337811e-13,5.576280965e-13,3.981852639e-13,3.969146605e-13,2.221251495e-13,1.141575125e-13,6.502580069e-14,3.000982761e-13,3.394081758e-13,3.617464783e-13,4.411984201e-13,6.316390196e-13,7.442297482e-13,9.89108013e-13,6.23466753e-13,6.81148538e-13,2.569874227e-13,5.173556596e-13,1.008554401e-13,4.828078347e-14,3.262783047e-14,2.370557322e-13,1.005555774e-13,1.93306772e-13,1.691721625e-13,6.430575395e-13,4.557174976e-13,9.033472747e-14,5.515626929e-13,8.212683309e-14
142.984375,6.928089082e-13,6.03437994e-13,8.542722846e-13,5.601225623e-13,4.01813274e-13,4.035593998e-13,2.24206685e-13,1.154944463e-13,6.546681428e-14,2.998522825e-13,3.41564752e-13,3.64868501e-13,4.428630947e-13,6.353053851e-13,7.503680404e-13,1.000182397e-12,6.311549143e-13,6.801107044e-13,2.57877126e-13,5.227798397e-13,1.004669472e-13,4.856549908e-14,3.257894352e-14,2.377772384e-13,1.004460184e-13,1.920034415e-13,1.685999763e-13,6.437092999e-13,4.552600398e-13,9.021443219e-14,5.536137624e-13,8.261681627e-14
142.9921875,6.948357608e-13,6.026839207e-13,8.613646145e-13,5.622986959e-13,4.055892493e-13,4.100920291e-13,2.26246999e-13,1.168214193e-13,6.593598985e-14,2.9960356e-13,3.438682173e-13,3.680007309e-13,4.445630427e-13,6.388451772e-13,7.562419382e-13,1.011024213e-12,6.386825111e-13,6.790158565e-13,2.588626471e-13,5.280551082e-13,1.001731552e-13,4.888237762e-14,3.254114638e-14,2.384025188e-13,1.003476008e-13,1.906864139e-13,1.679589888e-13,6.443251958e-13,4.546082054e-13,9.009329244e-14,5.555671162e-13,8.313260751e-14
143,6.973245736e-13,6.020139857e-13,8.682132239e-13,5.642267761e-13,4.094379087e-13,4.16803039e-13,2.281789522e-13,1.180712975e-13,6.640497047e-14,2.992881085e-13,3.461640882e-13,3.710914089e-13,4.46418368e-13,6.423553041e-13,7.620328366e-13,1.021922549e-12,6.464201195e-13,6.782337851e-13,2.59939874e-13,5.331952139e-13,9.99214223e-14,4.921177768e-14,3.252095307e-14,2.390581924e-13,1.002565502e-13,1.894091311e-13,1.673367943e-13,6.449994759e-13,4.538842795e-13,8.99594517e-14,5.573673494e-13,8.36282772e-14
143.0078125,7.000185215e-13,6.013577675e-13,8.744571736e-13,5.65996815e-13,4.131121624e-13,4.23575643e-13,2.300213661e-13,1.192379438e-13,6.681990912e-14,2.988095226e-13,3.482962991e-13,3.739871676e-13,4.482021997e-13,6.457821309e-13,7.677720089e-13,1.032822433e-12,6.543235431e-13,6.775319979e-13,2.609634184e-13,5.381785499e-13,9.964329291e-14,4.951862609e-14,3.251947654e-14,2.397390054e-13,1.001652971e-13,1.880933794e-13,1.667153632e-13,6.453899825e-13,4.531539799e-13,8.976184473e-14,5.588716361e-13,8.408126598e-14
143.015625,7.022926123e-13,6.004518726e-13,8.800792605e-13,5.675788507e-13,4.16541464e-13,4.300944988e-13,2.31803726e-13,1.203988147e-13,6.720367751e-14,2.982760517e-13,3.503964059e-13,3.766464483e-13,4.497233318e-13,6.487914939e-13,7.731276001e-13,1.043319349e-12,6.61986778e-13,6.764398287e-13,2.618772822e-13,5.429161152e-13,9.936974133e-14,4.981489902e-14,3.252591357e-14,2.403886706e-13,1.000533716e-13,1.867386229e-13,1.660763564e-13,6.454884631e-13,4.524897098e-13,8.954901236e-14,5.601172313e-13,8.449008058e-14
143.0234375,7.041270796e-13,5.99329426e-13,8.854224138e-13,5.688052098e-13,4.197298006e-13,4.363673085e-13,2.334867631e-13,1.215727e-13,6.75859323e-14,2.979039774e-13,3.526423658e-13,3.791570205e-13,4.510212536e-13,6.512050078e-13,7.778091319e-13,1.05306148e-12,6.691640455e-13,6.748861433e-13,2.62712087e-13,5.473850901e-13,9.916494833e-14,5.01127625e-14,3.251303628e-14,2.410021359e-13,9.986106687e-14,1.853600387e-13,1.65367626e-13,6.456316767e-13,4.51851901e-13,8.938620621e-14,5.611065879e-13,8.48473076e-14
143.03125,7.059122381e-13,5.982897146e-13,8.905140469e-13,5.697698927e-13,4.227772879e-13,4.426253023e-13,2.350599712e-13,1.226906133e-13,6.794131758e-14,2.97672045e-13,3.549123918e-13,3.815938227e-13,4.522390638e-13,6.533679697e-13,7.819749239e-13,1.062177737e-12,6.760497039e-13,6.73141064e-13,2.635157548e-13,5.515400208e-13,9.904620059e-14,5.040302059e-14,3.249098213e-14,2.41516303e-13,9.958859242e-14,1.839425557e-13,1.646036881e-13,6.459472293e-13,4.510644375e-13,8.923356715e-14,5.618106919e-13,8.516799406e-14
143.0390625,7.077511333e-13,5.974576889e-13,8.952533209e-13,5.70785576e-13,4.258559711e-13,4.489452778e-13,2.364962452e-13,1.237669183e-13,6.826307775e-14,2.973813483e-13,3.570371968e-13,3.839769606e-13,4.534642001e-13,6.554979976e-13,7.860327075e-13,1.071246003e-12,6.830703093e-13,6.71337017e-13,2.643482505e-13,5.556378992e-13,9.899123095e-14,5.069417197e-14,3.247487844e-14,2.419358591e-13,9.928079418e-14,1.825196075e-13,1.639541592e-13,6.462659177e-13,4.501754105e-13,8.904597223e-14,5.622922109e-13,8.548285487e-14
143.046875,7.09462731e-13,5.965404265e-13,8.996619914e-13,5.716098955e-13,4.289679098e-13,4.552309942e-13,2.377745757e-13,1.248657411e-13,6.859326075e-14,2.969905018e-13,3.590741672e-13,3.862733885e-13,4.545855674e-13,6.574095928e-13,7.900106634e-13,1.080238894e-12,6.90266707e-13,6.693564569e-13,2.651826149e-13,5.59831442e-13,9.895218054e-14,5.100386398e-14,3.243007281e-14,2.424150041e-13,9.89225276e-14,1.810260041e-13,1.633861267e-13,6.463548921e-13,4.492964199e-13,8.882826068e-14,5.62536613e-13,8.577441866e-14
143.0546875,7.109742191e-13,5.952967673e-13,9.036299269e-13,5.71938939e-13,4.320376754e-13,4.614315232e-13,2.38947949e-13,1.259401004e-13,6.895120343e-14,2.966025032e-13,3.610715987e-13,3.884788101e-13,4.55498689e-13,6.591308614e-13,7.935393331e-13,1.088415294e-12,6.972414769e-13,6.671111395e-13,2.659688164e-13,5.635612429e-13,9.890496874e-14,5.133653661e-14,3.23475881e-14,2.429411067e-13,9.849657548e-14,1.793583127e-13,1.626832374e-13,6.462347811e-13,4.483083025e-13,8.857798844e-14,5.625575528e-13,8.599295692e-14
143.0625,7.122611421e-13,5.938393907e-13,9.071185738e-13,5.722578974e-13,4.350091225e-13,4.676177173e-13,2.400023962e-13,1.26936966e-13,6.929199283e-14,2.962329538e-13,3.630424987e-13,3.906422269e-13,4.563413896e-13,6.607521661e-13,7.965479546e-13,1.09573912e-12,7.038616819e-13,6.646376234e-13,2.667598009e-13,5.666213772e-13,9.889395129e-14,5.168026211e-14,3.226721934e-14,2.433059388e-13,9.803053242e-14,1.776489498e-13,1.619027019e-13,6.461421419e-13,4.47216564e-13,8.830783088e-14,5.624554542e-13,8.614441865e-14
143.0703125,7.132752731e-13,5.923757839e-13,9.102382101e-13,5.727478227e-13,4.377188257e-13,4.738069688e-13,2.409049595e-13,1.27898788e-13,6.956402139e-14,2.958321402e-13,3.650581622e-13,3.926952858e-13,4.57171521e-13,6.620250334e-13,7.992881532e-13,1.102804197e-12,7.103588426e-13,6.619523765e-13,2.675483858e-13,5.69618346e-13,9.895272588e-14,5.20052989e-14,3.219482845e-14,2.434911683e-13,9.752735602e-14,1.760348656e-13,1.611957229e-13,6.460787231e-13,4.460837567e-13,8.805209899e-14,5.621030593e-13,8.626812199e-14
143.078125,7.141986395e-13,5.911385538e-13,9.12945726e-13,5.727839453e-13,4.40152302e-13,4.798515705e-13,2.417486476e-13,1.288509761e-13,6.97912502e-14,2.954461255e-13,3.670206443e-13,3.945399309e-13,4.578288899e-13,6.629268589e-13,8.017799175e-13,1.109646068e-12,7.168011647e-13,6.590580507e-13,2.682476658e-13,5.726761123e-13,9.904956631e-14,5.23078188e-14,3.211471827e-14,2.436702064e-13,9.697931585e-14,1.744076743e-13,1.60495223e-13,6.458907408e-13,4.447740341e-13,8.780924804e-14,5.614226245e-13,8.63593434e-14
143.0859375,7.152024589e-13,5.900254193e-13,9.151996432e-13,5.723159476e-13,4.425563386e-13,4.856511819e-13,2.425658135e-13,1.297855269e-13,7.003323515e-14,2.95175139e-13,3.688456311e-13,3.962545263e-13,4.583241982e-13,6.637362606e-13,8.038745315e-13,1.116006663e-12,7.230673334e-13,6.560320008e-13,2.688933486e-13,5.753376068e-13,9.915488898e-14,5.262445065e-14,3.203235298e-14,2.438825614e-13,9.641236294e-14,1.726899053e-13,1.59743341e-13,6.456389865e-13,4.434191397e-13,8.754964566e-14,5.60695225e-13,8.639328135e-14
143.09375,7.1601382e-13,5.884393181e-13,9.169470363e-13,5.718162604e-13,4.449775684e-13,4.913115816e-13,2.432835137e-13,1.306856529e-13,7.027442932e-14,2.949829448e-13,3.706786838e-13,3.97838794e-13,4.587953616e-13,6.644085121e-13,8.055488526e-13,1.121846165e-12,7.291149519e-13,6.529616322e-13,2.695287603e-13,5.774912474e-13,9.923612792e-14,5.29584755e-14,3.194161464e-14,2.439890422e-13,9.5847636e-14,1.708989649e-13,1.589483017e-13,6.453288234e-13,4.421528742e-13,8.724980922e-14,5.599651812e-13,8.634681467e-14
143.1015625,7.163507356e-13,5.864749426e-13,9.180250691e-13,5.712369528e-13,4.472480555e-13,4.969375979e-13,2.439139924e-13,1.314769262e-13,7.046178284e-14,2.947249277e-13,3.724514962e-13,3.991514865e-13,4.591981758e-13,6.647949164e-13,8.069112247e-13,1.127223507e-12,7.349584643e-13,6.498269988e-13,2.700891556e-13,5.793697468e-13,9.925686363e-14,5.327995326e-14,3.183103132e-14,2.438754945e-13,9.527866031e-14,1.689890349e-13,1.580997558e-13,6.448022614e-13,4.405534101e-13,8.690776974e-14,5.589725672e-13,8.620099924e-14
143.109375,7.164445279e-13,5.849276026e-13,9.186137979e-13,5.704604794e-13,4.493176981e-13,5.024598157e-13,2.444692102e-13,1.321544003e-13,7.061235241e-14,2.944185252e-13,3.739827614e-13,4.003050387e-13,4.594699054e-13,6.64922054e-13,8.080876537e-13,1.132331285e-12,7.405818808e-13,6.464941693e-13,2.705706825e-13,5.812092252e-13,9.928535219e-14,5.35953441e-14,3.170833304e-14,2.436453742e-13,9.467881115e-14,1.67012758e-13,1.572603043e-13,6.441591182e-13,4.385970329e-13,8.655539502e-14,5.577770452e-13,8.599143714e-14
143.1171875,7.165928642e-13,5.835325286e-13,9.189761771e-13,5.695515129e-13,4.51157536e-13,5.077795842e-13,2.448938496e-13,1.328608803e-13,7.076364353e-14,2.942300251e-13,3.754515719e-13,4.014855387e-13,4.59624559e-13,6.646767343e-13,8.089783402e-13,1.13714769e-12,7.459989627e-13,6.429031985e-13,2.710012009e-13,5.829575564e-13,9.939559189e-14,5.391549002e-14,3.15723179e-14,2.435484251e-13,9.402214351e-14,1.65088203e-13,1.564293575e-13,6.43567509e-13,4.369026327e-13,8.621573361e-14,5.565076992e-13,8.576036704e-14
143.125,7.165441697e-13,5.814972905e-13,9.188682399e-13,5.68315105e-13,4.527822153e-13,5.128674175e-13,2.452004471e-13,1.336541497e-13,7.089442773e-14,2.941617519e-13,3.769560696e-13,4.025558802e-13,4.596113678e-13,6.639986417e-13,8.093843445e-13,1.141373275e-12,7.512695029e-13,6.391692334e-13,2.713456283e-13,5.843463446e-13,9.95013675e-14,5.422048635e-14,3.141720102e-14,2.436063327e-13,9.333116732e-14,1.631489438e-13,1.555337724e-13,6.428818961e-13,4.354244278e-13,8.586677353e-14,5.550378011e-13,8.549814244e-14
143.1328125,7.15850646e-13,5.792420728e-13,9.180705802e-13,5.667712849e-13,4.543266936e-13,5.176614817e-13,2.45410218e-13,1.344266494e-13,7.097972351e-14,2.940750764e-13,3.783169784e-13,4.033796972e-13,4.594600803e-13,6.630396129e-13,8.093599902e-13,1.145097168e-12,7.563277863e-13,6.353095631e-13,2.716181404e-13,5.854764593e-13,9.954814164e-14,5.450972771e-14,3.125662097e-14,2.435792448e-13,9.264790781e-14,1.611309224e-13,1.54664586e-13,6.420243381e-13,4.337132329e-13,8.548642436e-14,5.533669327e-13,8.52217518e-14
143.140625,7.147293753e-13,5.773063766e-13,9.166858931e-13,5.65200833e-13,4.55739053e-13,5.221735409e-13,2.454937384e-13,1.350944458e-13,7.103472982e-14,2.939293802e-13,3.795521697e-13,4.040477806e-13,4.593200749e-13,6.618062849e-13,8.089343551e-13,1.148433347e-12,7.610233598e-13,6.312004413e-13,2.718528405e-13,5.864336911e-13,9.962516479e-14,5.479877413e-14,3.109789453e-14,2.434009248e-13,9.196186283e-14,1.591280051e-13,1.538520076e-13,6.41132087e-13,4.319730562e-13,8.507996874e-14,5.515546269e-13,8.493595584e-14
143.1484375,7.137706879e-13,5.75235314e-13,9.14849668e-13,5.63438391e-13,4.569071322e-13,5.266538813e-13,2.454910693e-13,1.356472035e-13,7.107450548e-14,2.93749903e-13,3.807008767e-13,4.046204435e-13,4.591896838e-13,6.603338408e-13,8.080200905e-13,1.15105428e-12,7.654386533e-13,6.269254503e-13,2.720388495e-13,5.867908526e-13,9.97483247e-14,5.508580858e-14,3.092948606e-14,2.431936055e-13,9.125416394e-14,1.571612403e-13,1.529298455e-13,6.40197648e-13,4.304607299e-13,8.466174558e-14,5.495261299e-13,8.456227191e-14
143.15625,7.128427883e-13,5.728730875e-13,9.128413631e-13,5.613374051e-13,4.57963065e-13,5.31243291e-13,2.454754469e-13,1.361126056e-13,7.109451018e-14,2.935878675e-13,3.816702818e-13,4.051050211e-13,4.589417095e-13,6.587622882e-13,8.068298343e-13,1.153023582e-12,7.697564759e-13,6.22624607e-13,2.721982404e-13,5.865681136e-13,9.987811339e-14,5.537230665e-14,3.074707363e-14,2.42915062e-13,9.055014129e-14,1.551779393e-13,1.519307917e-13,6.392435599e-13,4.290139811e-13,8.424077089e-14,5.473228095e-13,8.410270752e-14
143.1640625,7.115435361e-13,5.706665549e-13,9.106508032e-13,5.592023649e-13,4.589151747e-13,5.356851183e-13,2.454296651e-13,1.365421497e-13,7.108719234e-14,2.935233844e-13,3.825491379e-13,4.054835356e-13,4.585595263e-13,6.569126414e-13,8.055513201e-13,1.154800783e-12,7.739986578e-13,6.182466031e-13,2.723357842e-13,5.86288963e-13,1.00041895e-13,5.565891079e-14,3.056757793e-14,2.424706484e-13,8.986697794e-14,1.532052509e-13,1.510360743e-13,6.384528921e-13,4.275776287e-13,8.38018979e-14,5.449738634e-13,8.364903653e-14
143.171875,7.102299445e-13,5.686456704e-13,9.078330463e-13,5.570792705e-13,4.596412284e-13,5.397876222e-13,2.452565225e-13,1.36922716e-13,7.106396723e-14,2.934787859e-13,3.833760378e-13,4.057039108e-13,4.58149654e-13,6.546910171e-13,8.03981721e-13,1.156373313e-12,7.782576306e-13,6.139150146e-13,2.724482866e-13,5.858211256e-13,1.002037654e-13,5.593933397e-14,3.041439456e-14,2.419427906e-13,8.919857062e-14,1.512858128e-13,1.502406101e-13,6.377288144e-13,4.262571681e-13,8.332610382e-14,5.424622809e-13,8.318051641e-14
143.1796875,7.090874807e-13,5.665994614e-13,9.045954523e-13,5.548031321e-13,4.602779195e-13,5.437048182e-13,2.448644335e-13,1.372075288e-13,7.104982183e-14,2.932952324e-13,3.840408778e-13,4.058690643e-13,4.577793547e-13,6.523558839e-13,8.019650018e-13,1.157447019e-12,7.825124885e-13,6.097630708e-13,2.725931506e-13,5.848301762e-13,1.003135275e-13,5.622856082e-14,3.027928676e-14,2.414093419e-13,8.853706e-14,1.494365551e-13,1.494861668e-13,6.368055979e-13,4.251586897e-13,8.28324611e-14,5.400050578e-13,8.264344669e-14
143.1875,7.074769506e-13,5.644420973e-13,9.013726112e-13,5.524330139e-13,4.607898964e-13,5.475031623e-13,2.442953067e-13,1.374221871e-13,7.102930378e-14,2.930431445e-13,3.846182567e-13,4.060149455e-13,4.573033005e-13,6.497188834e-13,7.99446128e-13,1.157797448e-12,7.862563e-13,6.05372957e-13,2.726727964e-13,5.835019695e-13,1.004362192e-13,5.652632779e-14,3.012177475e-14,2.408403896e-13,8.784233878e-14,1.476228966e-13,1.487049654e-13,6.356703416e-13,4.242674419e-13,8.234229282e-14,5.37579143e-13,8.207616696e-14
143.1953125,7.052951792e-13,5.619881838e-13,8.977102617e-13,5.497830635e-13,4.608577099e-13,5.510710451e-13,2.437062479e-13,1.375865217e-13,7.095748417e-14,2.928626451e-13,3.851405839e-13,4.058875115e-13,4.565111772e-13,6.464129614e-13,7.963578472e-13,1.157305804e-12,7.892210253e-13,6.004257007e-13,2.725033214e-13,5.818175729e-13,1.005797605e-13,5.679447223e-14,2.993367987e-14,2.402368648e-13,8.708231229e-14,1.457440359e-13,1.477464894e-13,6.343379056e-13,4.23298975e-13,8.184383006e-14,5.348055512e-13,8.148038077e-14
143.203125,7.030907852e-13,5.592844521e-13,8.935077434e-13,5.466689666e-13,4.60618527e-13,5.54479256e-13,2.431482599e-13,1.376939368e-13,7.084632129e-14,2.927050966e-13,3.855310847e-13,4.05518475e-13,4.55484576e-13,6.428269901e-13,7.92970327e-13,1.156269521e-12,7.918618367e-13,5.952914821e-13,2.722238813e-13,5.796118397e-13,1.0070301e-13,5.703670569e-14,2.974826018e-14,2.396386375e-13,8.629786391e-14,1.438205413e-13,1.466489078e-13,6.328217098e-13,4.22224272e-13,8.132731009e-14,5.318111817e-13,8.081762278e-14
143.2109375,7.007780257e-13,5.567239375e-13,8.89407862e-13,5.435985274e-13,4.604188743e-13,5.578620936e-13,2.425383934e-13,1.37790715e-13,7.073325809e-14,2.925004043e-13,3.858909116e-13,4.052562208e-13,4.544149235e-13,6.39365789e-13,7.895822193e-13,1.155057272e-12,7.945227545e-13,5.901908599e-13,2.720375543e-13,5.772603654e-13,1.008772149e-13,5.729333731e-14,2.957342139e-14,2.390422967e-13,8.551124043e-14,1.419688124e-13,1.45611808e-13,6.313823929e-13,4.213861663e-13,8.078446746e-14,5.289209251e-13,8.010467494e-14
143.21875,6.981165263e-13,5.544016305e-13,8.851111086e-13,5.408669212e-13,4.601992659e-13,5.611211526e-13,2.418329595e-13,1.378646305e-13,7.06112343e-14,2.922266171e-13,3.861831597e-13,4.050173921e-13,4.532695336e-13,6.358027845e-13,7.859970874e-13,1.153556382e-12,7.971178511e-13,5.849738993e-13,2.718235478e-13,5.749754983e-13,1.010981318e-13,5.755573119e-14,2.939332856e-14,2.383824301e-13,8.468713768e-14,1.401351427e-13,1.44639712e-13,6.30116069e-13,4.206730976e-13,8.019929687e-14,5.259013453e-13,7.935260471e-14
143.2265625,6.955004782e-13,5.521214509e-13,8.800328498e-13,5.379866473e-13,4.599769087e-13,5.641321633e-13,2.410276388e-13,1.37823511e-13,7.050221021e-14,2.918299755e-13,3.862593863e-13,4.045965648e-13,4.521021158e-13,6.321262216e-13,7.81972925e-13,1.151564017e-12,7.996148715e-13,5.798847841e-13,2.71536001e-13,5.723040309e-13,1.012540297e-13,5.781334614e-14,2.921742154e-14,2.376013184e-13,8.385451313e-14,1.382407424e-13,1.436503657e-13,6.288003984e-13,4.197902953e-13,7.959239075e-14,5.227461084e-13,7.855540963e-14
143.234375,6.930819851e-13,5.49884958e-13,8.74671856e-13,5.348746486e-13,4.598664152e-13,5.669748305e-13,2.400998958e-13,1.376754735e-13,7.045315707e-14,2.913335024e-13,3.862838017e-13,4.042085422e-13,4.511300696e-13,6.285335183e-13,7.775657544e-13,1.149054756e-12,8.019423643e-13,5.751745512e-13,2.713012515e-13,5.690012668e-13,1.013849479e-13,5.809912332e-14,2.90550126e-14,2.367445283e-13,8.306027834e-14,1.36374743e-13,1.42665166e-13,6.274075553e-13,4.190403614e-13,7.899159997e-14,5.198712167e-13,7.771356027e-14
143.2421875,6.904708848e-13,5.477029736e-13,8.692247456e-13,5.319175679e-13,4.594668623e-13,5.697373722e-13,2.390922864e-13,1.374771705e-13,7.040037132e-14,2.907988441e-13,3.862329639e-13,4.038146673e-13,4.501810169e-13,6.247108489e-13,7.728534494e-13,1.146034131e-12,8.03903279e-13,5.704211315e-13,2.709372578e-13,5.653036891e-13,1.015471468e-13,5.839540764e-14,2.888086947e-14,2.358777085e-13,8.224379726e-14,1.345281911e-13,1.416421402e-13,6.259506211e-13,4.186240225e-13,7.836230123e-14,5.170622914e-13,7.678062295e-14
143.25,6.875130781e-13,5.453683833e-13,8.631139539e-13,5.289117009e-13,4.584482974e-13,5.723339135e-13,2.380946749e-13,1.372234221e-13,7.024556786e-14,2.902132813e-13,3.857555252e-13,4.030100565e-13,4.488313644e-13,6.203586091e-13,7.679048686e-13,1.142701879e-12,8.055535555e-13,5.652363509e-13,2.702077385e-13,5.613369079e-13,1.016457885e-13,5.863703529e-14,2.867430874e-14,2.349881656e-13,8.136335405e-14,1.325703667e-13,1.405100699e-13,6.241888465e-13,4.181692027e-13,7.767015852e-14,5.138429179e-13,7.574340912e-14
143.2578125,6.84291001e-13,5.428168715e-13,8.56392179e-13,5.256279296e-13,4.571616784e-13,5.746460755e-13,2.370770328e-13,1.36953013e-13,7.002289992e-14,2.896307524e-13,3.849563255e-13,4.018603975e-13,4.471096911e-13,6.156315754e-13,7.627996802e-13,1.139306943e-12,8.071045354e-13,5.598200717e-13,2.693196422e-13,5.571850231e-13,1.016865198e-13,5.882778552e-14,2.84484746e-14,2.340885902e-13,8.047418436e-14,1.305549725e-13,1.39353889e-13,6.221619304e-13,4.175297084e-13,7.695205497e-14,5.103192786e-13,7.470090512e-14
143.265625,6.808330535e-13,5.40261514e-13,8.493691268e-13,5.224498925e-13,4.558906e-13,5.767008868e-13,2.359313112e-13,1.367082518e-13,6.980488912e-14,2.891131322e-13,3.84133931e-13,4.006832165e-13,4.453462081e-13,6.106302669e-13,7.575242449e-13,1.135812329e-12,8.086136828e-13,5.544395436e-13,2.685269099e-13,5.53079668e-13,1.017843552e-13,5.90154042e-14,2.822165269e-14,2.331904925e-13,7.958643776e-14,1.285969022e-13,1.382593186e-13,6.202211497e-13,4.169092805e-13,7.624513938e-14,5.066393404e-13,7.371351305e-14
143.2734375,6.772387758e-13,5.377858502e-13,8.419249273e-13,5.19427211e-13,4.544401485e-13,5.786193236e-13,2.346972287e-13,1.364149892e-13,6.958116956e-14,2.885261664e-13,3.831567041e-13,3.994450313e-13,4.436136198e-13,6.054710008e-13,7.521031184e-13,1.132114821e-12,8.10089407e-13,5.491766225e-13,2.677362819e-13,5.48942493e-13,1.019155387e-13,5.920064565e-14,2.800048995e-14,2.322028787e-13,7.868979556e-14,1.266548897e-13,1.371634224e-13,6.183260197e-13,4.163750657e-13,7.554001016e-14,5.028550749e-13,7.271627706e-14
143.28125,6.734791261e-13,5.352020707e-13,8.34287083e-13,5.161605054e-13,4.526315331e-13,5.804249884e-13,2.335003287e-13,1.360131829e-13,6.932747389e-14,2.877890142e-13,3.819619215e-13,3.981069249e-13,4.41819129e-13,6.004147156e-13,7.465962516e-13,1.128183996e-12,8.114881479e-13,5.440584379e-13,2.668153467e-13,5.444320494e-13,1.020133437e-13,5.936018435e-14,2.779209319e-14,2.311031222e-13,7.784319178e-14,1.247294797e-13,1.360249894e-13,6.161606263e-13,4.15971842e-13,7.483210735e-14,4.992788452e-13,7.164760884e-14
143.2890625,6.693374785e-13,5.324683112e-13,8.267897358e-13,5.126694605e-13,4.505216003e-13,5.820161871e-13,2.323143459e-13,1.355375521e-13,6.904744198e-14,2.870707257e-13,3.807217825e-13,3.967681902e-13,4.399610619e-13,5.952816816e-13,7.409432381e-13,1.123961502e-12,8.126429612e-13,5.389852566e-13,2.658188111e-13,5.39559207e-13,1.021026075e-13,5.949846692e-14,2.760163825e-14,2.299643732e-13,7.705405732e-14,1.22921508e-13,1.349261785e-13,6.137697368e-13,4.158158663e-13,7.412403666e-14,4.958855895e-13,7.05405317e-14
143.296875,6.649138852e-13,5.298419133e-13,8.192262587e-13,5.091835543e-13,4.483287128e-13,5.834253604e-13,2.31066827e-13,1.350264208e-13,6.875277632e-14,2.864734349e-13,3.793791216e-13,3.953792917e-13,4.380620019e-13,5.897387309e-13,7.351257104e-13,1.119504159e-12,8.135498445e-13,5.33851086e-13,2.648346387e-13,5.345534039e-13,1.021894751e-13,5.964962229e-14,2.742246878e-14,2.287582449e-13,7.626881037e-14,1.212092988e-13,1.339329255e-13,6.114806275e-13,4.159452131e-13,7.339717758e-14,4.923134007e-13,6.945552999e-14
143.3046875,6.605242059e-13,5.274155681e-13,8.116008604e-13,5.057404462e-13,4.462281322e-13,5.848664348e-13,2.298167677e-13,1.345052638e-13,6.846057553e-14,2.858899528e-13,3.77876715e-13,3.93909607e-13,4.36124504e-13,5.840637058e-13,7.292548635e-13,1.114912593e-12,8.144110723e-13,5.287060906e-13,2.638516279e-13,5.294366451e-13,1.02256888e-13,5.983838634e-14,2.724160816e-14,2.274644497e-13,7.550235906e-14,1.194789823e-13,1.330027737e-13,6.093924576e-13,4.163669189e-13,7.263995828e-14,4.887118313e-13,6.837610517e-14
143.3125,6.560618386e-13,5.249496345e-13,8.042077851e-13,5.023319567e-13,4.440518178e-13,5.862968002e-13,2.285937515e-13,1.339581845e-13,6.8148762e-14,2.852182714e-13,3.763883571e-13,3.924089583e-13,4.341459524e-13,5.785235884e-13,7.232938166e-13,1.110043722e-12,8.152149885e-13,5.235661134e-13,2.627935287e-13,5.241417244e-13,1.023255227e-13,6.002819456e-14,2.705034369e-14,2.261470613e-13,7.477391134e-14,1.177110793e-13,1.320642753e-13,6.072552338e-13,4.170172495e-13,7.185935328e-14,4.853293726e-13,6.724598594e-14
143.3203125,6.512361246e-13,5.223236534e-13,7.968791081e-13,4.987868252e-13,4.415541628e-13,5.874064831e-13,2.273258753e-13,1.333163246e-13,6.77820941e-14,2.844542199e-13,3.749133172e-13,3.908176994e-13,4.320905432e-13,5.728221979e-13,7.17063937e-13,1.104723616e-12,8.157414702e-13,5.184044211e-13,2.616464339e-13,5.185968844e-13,1.023935659e-13,6.017037488e-14,2.68577296e-14,2.247555831e-13,7.405675722e-14,1.159744179e-13,1.311176094e-13,6.048833615e-13,4.177924042e-13,7.106294311e-14,4.819405832e-13,6.608670221e-14
143.328125,6.462228421e-13,5.197163579e-13,7.894295326e-13,4.950071284e-13,4.388285265e-13,5.882376123e-13,2.260103613e-13,1.32611515e-13,6.740396664e-14,2.836820568e-13,3.732446619e-13,3.891489822e-13,4.299853364e-13,5.668954356e-13,7.106688647e-13,1.099202456e-12,8.160694087e-13,5.133567212e-13,2.604777698e-13,5.128191163e-13,1.024383192e-13,6.029289129e-14,2.66898151e-14,2.232644476e-13,7.337822868e-14,1.143348427e-13,1.302241144e-13,6.024460554e-13,4.187672855e-13,7.027236153e-14,4.785520273e-13,6.495560006e-14
143.3359375,6.413048599e-13,5.172378424e-13,7.82037092e-13,4.913065477e-13,4.360280554e-13,5.89071571e-13,2.246902973e-13,1.319749663e-13,6.705626239e-14,2.829850278e-13,3.713550745e-13,3.875144244e-13,4.279691443e-13,5.610689594e-13,7.044734992e-13,1.093978064e-12,8.165447209e-13,5.085793227e-13,2.593188874e-13,5.070995358e-13,1.024629099e-13,6.043462453e-14,2.655063865e-14,2.218463509e-13,7.278036928e-14,1.12805297e-13,1.294181662e-13,6.000711093e-13,4.200549066e-13,6.95088214e-14,4.755236683e-13,6.385181982e-14
143.34375,6.361964803e-13,5.146525801e-13,7.746689359e-13,4.877753283e-13,4.330731874e-13,5.897756319e-13,2.233499613e-13,1.314040591e-13,6.668458941e-14,2.822542734e-13,3.693584589e-13,3.858521367e-13,4.260705514e-13,5.552964192e-13,6.984639803e-13,1.08896191e-12,8.170843419e-13,5.039738673e-13,2.581340363e-13,5.015114525e-13,1.024631716e-13,6.056260043e-14,2.640650516e-14,2.205436995e-13,7.223353643e-14,1.113460994e-13,1.286697654e-13,5.975148349e-13,4.216313865e-13,6.874895305e-14,4.728332616e-13,6.275512182e-14
143.3515625,6.304779082e-13,5.116313311e-13,7.671927133e-13,4.841129619e-13,4.299018189e-13,5.901384089e-13,2.219939033e-13,1.307626967e-13,6.626026047e-14,2.813247752e-13,3.672284241e-13,3.840753268e-13,4.24103118e-13,5.493042947e-13,6.921434592e-13,1.083328627e-12,8.17095335e-13,4.992296552e-13,2.568616055e-13,4.956349467e-13,1.024381502e-13,6.06499159e-14,2.624022581e-14,2.191925321e-13,7.169512728e-14,1.099106464e-13,1.279154815e-13,5.946165643e-13,4.234411319e-13,6.794982142e-14,4.701915808e-13,6.164783469e-14
143.359375,6.243659857e-13,5.082844298e-13,7.597295304e-13,4.803351612e-13,4.266466808e-13,5.903740326e-13,2.206721309e-13,1.300058284e-13,6.584535908e-14,2.803035749e-13,3.649009754e-13,3.82262014e-13,4.219305715e-13,5.431372663e-13,6.85300837e-13,1.076709825e-12,8.16384805e-13,4.942143553e-13,2.554856298e-13,4.893384965e-13,1.024187295e-13,6.072871392e-14,2.607767431e-14,2.177610291e-13,7.115727099e-14,1.084686351e-13,1.270983535e-13,5.916645772e-13,4.253233282e-13,6.710917661e-14,4.675139471e-13,6.051058783e-14
143.3671875,6.183257033e-13,5.050536168e-13,7.522569333e-13,4.765621104e-13,4.234119275e-13,5.905937967e-13,2.193952485e-13,1.291773723e-13,6.546988248e-14,2.793992009e-13,3.624864183e-13,3.804542387e-13,4.196484412e-13,5.369495457e-13,6.782706102e-13,1.069689808e-12,8.154094428e-13,4.892204313e-13,2.541131056e-13,4.829020165e-13,1.024133799e-13,6.082571837e-14,2.594057646e-14,2.1629325e-13,7.064935796e-14,1.070373306e-13,1.262288017e-13,5.889233253e-13,4.271517486e-13,6.626662535e-14,4.648651748e-13,5.937202069e-14
143.375,6.123778871e-13,5.019680515e-13,7.44639566e-13,4.726220431e-13,4.200732968e-13,5.906189224e-13,2.181286813e-13,1.282704878e-13,6.508921779e-14,2.785497765e-13,3.600542071e-13,3.785886301e-13,4.174066353e-13,5.30749579e-13,6.712854528e-13,1.062637871e-12,8.143727316e-13,4.844895675e-13,2.528128601e-13,4.762590944e-13,1.024062361e-13,6.093636054e-14,2.582378595e-14,2.147408255e-13,7.021157229e-14,1.056835609e-13,1.253794601e-13,5.861786706e-13,4.291348688e-13,6.545014953e-14,4.623317197e-13,5.826513549e-14
143.3828125,6.064803807e-13,4.987671304e-13,7.370436165e-13,4.685977687e-13,4.165349129e-13,5.905613943e-13,2.168444297e-13,1.273217132e-13,6.465539918e-14,2.775691855e-13,3.575206741e-13,3.766037435e-13,4.1521306e-13,5.244803762e-13,6.643081697e-13,1.05549515e-12,8.132100014e-13,4.798680248e-13,2.514759676e-13,4.692653599e-13,1.024034022e-13,6.104408164e-14,2.571699678e-14,2.131628795e-13,6.981880995e-14,1.044056039e-13,1.2456256e-13,5.831868555e-13,4.313509943e-13,6.463962478e-14,4.5986682e-13,5.717687664e-14
143.390625,6.007795108e-13,4.956489171e-13,7.2961047e-13,4.648616308e-13,4.12931616e-13,5.905968002e-13,2.155636014e-13,1.264810331e-13,6.415128289e-14,2.76460704e-13,3.549572045e-13,3.744740663e-13,4.129715689e-13,5.180370777e-13,6.574786386e-13,1.048751772e-12,8.123286786e-13,4.753394027e-13,2.500456134e-13,4.623185114e-13,1.024033472e-13,6.111832972e-14,2.561292105e-14,2.117128995e-13,6.943053307e-14,1.031475841e-13,1.237418169e-13,5.801702277e-13,4.335267067e-13,6.380774895e-14,4.572730768e-13,5.611794355e-14
143.3984375,5.949513647e-13,4.928584243e-13,7.221414267e-13,4.614454181e-13,4.092112401e-13,5.904402484e-13,2.143424778e-13,1.257491356e-13,6.360518484e-14,2.753441034e-13,3.524334617e-13,3.722683149e-13,4.106378115e-13,5.113653068e-13,6.509398925e-13,1.042763997e-12,8.118805129e-13,4.710361758e-13,2.48574057e-13,4.557504056e-13,1.024061786e-13,6.113760542e-14,2.551260574e-14,2.103518485e-13,6.907638463e-14,1.01948512e-13,1.229567239e-13,5.773054607e-13,4.357375621e-13,6.296228626e-14,4.545841379e-13,5.50946421e-14
143.40625,5.885848531e-13,4.900477653e-13,7.145155522e-13,4.580794894e-13,4.051813147e-13,5.899481461e-13,2.131954413e-13,1.24919757e-13,6.309998099e-14,2.742864208e-13,3.49684489e-13,3.70111243e-13,4.08304213e-13,5.046662746e-13,6.444419424e-13,1.036758252e-12,8.111710568e-13,4.667190518e-13,2.470472483e-13,4.492203516e-13,1.024599673e-13,6.113928704e-14,2.542970047e-14,2.089162739e-13,6.876064337e-14,1.008169254e-13,1.222218272e-13,5.743475466e-13,4.382624244e-13,6.210855875e-14,4.520736574e-13,5.405694467e-14
143.4140625,5.82228624e-13,4.868936344e-13,7.06965547e-13,4.545668068e-13,4.011842611e-13,5.895208815e-13,2.120827493e-13,1.239507527e-13,6.270007288e-14,2.732884052e-13,3.466074166e-13,3.680363833e-13,4.06079528e-13,4.982818677e-13,6.377663181e-13,1.030119934e-12,8.10010497e-13,4.623347894e-13,2.455309161e-13,4.423029857e-13,1.025797643e-13,6.119869418e-14,2.537339208e-14,2.073971307e-13,6.844808252e-14,9.962283684e-14,1.214374035e-13,5.7123679e-13,4.409030002e-13,6.12423705e-14,4.498496646e-13,5.300678877e-14
143.421875,5.763762809e-13,4.835293018e-13,6.996493525e-13,4.508312216e-13,3.975268886e-13,5.892333037e-13,2.109773299e-13,1.229808882e-13,6.233411962e-14,2.722476239e-13,3.434985554e-13,3.65944118e-13,4.038857901e-13,4.922095079e-13,6.310686988e-13,1.023257275e-12,8.088913514e-13,4.582424435e-13,2.441315757e-13,4.351366423e-13,1.026996665e-13,6.130870299e-14,2.534313248e-14,2.059072612e-13,6.817413459e-14,9.836991218e-14,1.205876292e-13,5.681073983e-13,4.43473427e-13,6.037961401e-14,4.478248133e-13,5.198421574e-14
143.4296875,5.702890161e-13,4.801406877e-13,6.922792124e-13,4.469159481e-13,3.936100779e-13,5.885694477e-13,2.099029475e-13,1.219932146e-13,6.184911849e-14,2.710221071e-13,3.404105499e-13,3.636713217e-13,4.015479794e-13,4.859712074e-13,6.244579854e-13,1.016466261e-12,8.076153009e-13,4.542313475e-13,2.426633357e-13,4.281165433e-13,1.027888314e-13,6.13539192e-14,2.533485043e-14,2.044371934e-13,6.796181916e-14,9.722658551e-14,1.197888721e-13,5.647332584e-13,4.461892245e-13,5.950847807e-14,4.458379424e-13,5.095364772e-14
143.4375,5.635011956e-13,4.768757916e-13,6.846365277e-13,4.430184649e-13,3.890362489e-13,5.874480093e-13,2.089171709e-13,1.2091344e-13,6.124308166e-14,2.696618952e-13,3.371537641e-13,3.612098958e-13,3.991021538e-13,4.793486224e-13,6.179056107e-13,1.00970337e-12,8.059121789e-13,4.499170127e-13,2.409615486e-13,4.212916593e-13,1.02892831e-13,6.129624281e-14,2.533569103e-14,2.028534639e-13,6.775960107e-14,9.619799851e-14,1.190803564e-13,5.610627824e-13,4.491356814e-13,5.859383822e-14,4.437634057e-13,4.989763951e-14
143.4453125,5.567406273e-13,4.737900191e-13,6.770841177e-13,4.393448013e-13,3.844230212e-13,5.863889419e-13,2.080402827e-13,1.198226662e-13,6.066612143e-14,2.683441755e-13,3.337872826e-13,3.587755163e-13,3.967417875e-13,4.727893057e-13,6.115209319e-13,1.003175165e-12,8.043245077e-13,4.457248822e-13,2.392390329e-13,4.144247313e-13,1.030418512e-13,6.123972423e-14,2.53385712e-14,2.011687857e-13,6.756839956e-14,9.515556811e-14,1.183970175e-13,5.575096064e-13,4.521956873e-13,5.766008095e-14,4.417334852e-13,4.886199162e-14
143.453125,5.502795799e-13,4.706861986e-13,6.699021228e-13,4.358485288e-13,3.800880608e-13,5.855020934e-13,2.072094048e-13,1.187767531e-13,6.014768452e-14,2.670665782e-13,3.303698462e-13,3.564087626e-13,3.94471531e-13,4.665345383e-13,6.05313878e-13,9.968738599e-13,8.029329784e-13,4.418704358e-13,2.376106687e-13,4.074983804e-13,1.032159671e-13,6.122328663e-14,2.535359717e-14,1.995431561e-13,6.741269316e-14,9.407425717e-14,1.17698397e-13,5.54054849e-13,4.552968223e-13,5.673454522e-14,4.398876069e-13,4.784212646e-14
143.4609375,5.435754175e-13,4.675045273e-13,6.627837272e-13,4.323113666e-13,3.756092175e-13,5.844154152e-13,2.063581986e-13,1.177231813e-13,5.959416313e-14,2.657113164e-13,3.26791799e-13,3.53897979e-13,3.921635926e-13,4.602251912e-13,5.990709775e-13,9.90456949e-13,8.01190643e-13,4.378604148e-13,2.359218305e-13,4.00729768e-13,1.03390109e-13,6.118255894e-14,2.538102542e-14,1.979675196e-13,6.725526021e-14,9.298400498e-14,1.170018539e-13,5.503683159e-13,4.584409482e-13,5.578147396e-14,4.380710221e-13,4.682902108e-14
143.46875,5.366356302e-13,4.644017527e-13,6.555728499e-13,4.286718666e-13,3.709296287e-13,5.830686049e-13,2.055005117e-13,1.166273246e-13,5.901653042e-14,2.642811344e-13,3.231220444e-13,3.512736773e-13,3.898632896e-13,4.53820532e-13,5.927328425e-13,9.838616262e-13,7.992236607e-13,4.337762309e-13,2.341964153e-13,3.941396358e-13,1.035777881e-13,6.112725411e-14,2.541236775e-14,1.963026e-13,6.710629719e-14,9.189083563e-14,1.163432395e-13,5.465999255e-13,4.618168949e-13,5.480355588e-14,4.36278348e-13,4.585056954e-14
143.4765625,5.29792169e-13,4.613015792e-13,6.485661905e-13,4.249622245e-13,3.663158272e-13,5.816743286e-13,2.046822127e-13,1.154683945e-13,5.847053595e-14,2.628326861e-13,3.19527297e-13,3.487527199e-13,3.876580361e-13,4.476893966e-13,5.864243496e-13,9.772240646e-13,7.974016252e-13,4.300875672e-13,2.325582645e-13,3.875252844e-13,1.038120648e-13,6.109899449e-14,2.545667603e-14,1.945490736e-13,6.702531811e-14,9.081927377e-14,1.157247852e-13,5.428935457e-13,4.655093499e-13,5.385225802e-14,4.347446565e-13,4.487506488e-14
143.484375,5.22873538e-13,4.580233381e-13,6.418356384e-13,4.211780924e-13,3.616700411e-13,5.802305962e-13,2.038930439e-13,1.142518735e-13,5.791300942e-14,2.613882524e-13,3.159859946e-13,3.462714387e-13,3.854257922e-13,4.417156809e-13,5.802029361e-13,9.706160136e-13,7.955215675e-13,4.265371924e-13,2.309199456e-13,3.808003871e-13,1.040782425e-13,6.105217387e-14,2.551682527e-14,1.927657749e-13,6.699069073e-14,8.979551399e-14,1.15113894e-13,5.390358549e-13,4.692154486e-13,5.291565372e-14,4.333810671e-13,4.387273125e-14
143.4921875,5.157094291e-13,4.545393899e-13,6.350675791e-13,4.173787929e-13,3.568122017e-13,5.785678607e-13,2.030844819e-13,1.130367683e-13,5.730515147e-14,2.59952721e-13,3.123308006e-13,3.436266522e-13,3.83035171e-13,4.35513535e-13,5.740458055e-13,9.640346205e-13,7.93349514e-13,4.227172045e-13,2.291535811e-13,3.741135059e-13,1.043255627e-13,6.094927925e-14,2.557743579e-14,1.909982695e-13,6.695193637e-14,8.879919237e-14,1.144800031e-13,5.349800213e-13,4.727474365e-13,5.195179372e-14,4.319522549e-13,4.288225207e-14
143.5,5.084128266e-13,4.509063531e-13,6.280249204e-13,4.135205442e-13,3.518083051e-13,5.765687615e-13,2.022657454e-13,1.118490935e-13,5.667333718e-14,2.584664849e-13,3.084099892e-13,3.407996429e-13,3.805882545e-13,4.291676745e-13,5.679039759e-13,9.573572051e-13,7.908940549e-13,4.187766032e-13,2.272784184e-13,3.676877122e-13,1.045395887e-13,6.081426957e-14,2.56448441e-14,1.893523366e-13,6.691749264e-14,8.777976158e-14,1.138161867e-13,5.307898038e-13,4.761877321e-13,5.096256534e-14,4.305427396e-13,4.190866164e-14
143.5078125,5.010140027e-13,4.472876659e-13,6.208260148e-13,4.095563154e-13,3.468125728e-13,5.743314137e-13,2.014826944e-13,1.10688472e-13,5.603666604e-14,2.568785953e-13,3.043196445e-13,3.379081447e-13,3.782602682e-13,4.229219516e-13,5.617516615e-13,9.505653525e-13,7.881934488e-13,4.149604647e-13,2.25410675e-13,3.6146792e-13,1.047514521e-13,6.066325364e-14,2.574257001e-14,1.877743223e-13,6.689937149e-14,8.675175473e-14,1.131813758e-13,5.264626629e-13,4.795338308e-13,4.995521273e-14,4.292269049e-13,4.094849857e-14
143.515625,4.936069659e-13,4.437128454e-13,6.137901176e-13,4.057740271e-13,3.419144242e-13,5.721261445e-13,2.007083881e-13,1.095496819e-13,5.540262783e-14,2.55214806e-13,3.003166976e-13,3.350659845e-13,3.760463729e-13,4.167639517e-13,5.556007879e-13,9.436862465e-13,7.852965188e-13,4.112846982e-13,2.236309938e-13,3.550574757e-13,1.050006179e-13,6.050780105e-14,2.587279095e-14,1.8604396e-13,6.68842612e-14,8.579121966e-14,1.126333812e-13,5.221066524e-13,4.82845576e-13,4.893149088e-14,4.278748892e-13,4.003188242e-14
143.5234375,4.863553762e-13,4.400436954e-13,6.069533327e-13,4.021998493e-13,3.370190364e-13,5.699177688e-13,1.999123117e-13,1.083710766e-13,5.476586592e-14,2.534690153e-13,2.96353338e-13,3.322461968e-13,3.738001972e-13,4.106777057e-13,5.494856568e-13,9.366246013e-13,7.821939199e-13,4.076368275e-13,2.218750392e-13,3.484481043e-13,1.052808704e-13,6.035201753e-14,2.60198548e-14,1.842036444e-13,6.686940619e-14,8.486728546e-14,1.120988788e-13,5.177145781e-13,4.862396763e-13,4.791394789e-14,4.265081681e-13,3.911997181e-14
143.53125,4.791102421e-13,4.363741454e-13,6.000582976e-13,3.983770522e-13,3.3202801e-13,5.674064269e-13,1.991671271e-13,1.071393858e-13,5.410901711e-14,2.516948698e-13,2.922058482e-13,3.293238674e-13,3.714936575e-13,4.047269119e-13,5.435342798e-13,9.296295027e-13,7.789738456e-13,4.03949165e-13,2.200684879e-13,3.422104018e-13,1.055374566e-13,6.01710753e-14,2.616353162e-14,1.824802063e-13,6.687441686e-14,8.388710958e-14,1.115070626e-13,5.13168634e-13,4.895821169e-13,4.691690397e-14,4.252857297e-13,3.817600982e-14
143.5390625,4.716490988e-13,4.325860979e-13,5.930750407e-13,3.943889234e-13,3.270622536e-13,5.647045414e-13,1.985178187e-13,1.059395159e-13,5.344982065e-14,2.500384633e-13,2.879181799e-13,3.262926033e-13,3.692404464e-13,3.988687942e-13,5.378002576e-13,9.229651317e-13,7.757894016e-13,4.002983025e-13,2.182309407e-13,3.364174605e-13,1.057624682e-13,5.996530151e-14,2.629765497e-14,1.80853939e-13,6.692062102e-14,8.288279712e-14,1.109057891e-13,5.085333006e-13,4.926834665e-13,4.592127787e-14,4.241988386e-13,3.726577622e-14
143.546875,4.64054903e-13,4.282969166e-13,5.861706854e-13,3.906802016e-13,3.221181425e-13,5.621129614e-13,1.979031144e-13,1.047889441e-13,5.279977926e-14,2.484069591e-13,2.836086513e-13,3.23201899e-13,3.670349479e-13,3.9303393e-13,5.321282195e-13,9.162570836e-13,7.724542133e-13,3.966964957e-13,2.163388455e-13,3.305629811e-13,1.060056083e-13,5.975818147e-14,2.645267453e-14,1.791849571e-13,6.699639071e-14,8.190005065e-14,1.103040303e-13,5.037942479e-13,4.955574352e-13,4.490211156e-14,4.231219425e-13,3.641557622e-14
143.5546875,4.564797267e-13,4.239774289e-13,5.793832814e-13,3.870382097e-13,3.170101312e-13,5.594687067e-13,1.973084664e-13,1.036459624e-13,5.213131316e-14,2.466079417e-13,2.793100517e-13,3.200516374e-13,3.647812539e-13,3.872391285e-13,5.264982417e-13,9.09414011e-13,7.688074315e-13,3.930673535e-13,2.143961176e-13,3.246812966e-13,1.062969023e-13,5.954634217e-14,2.665262568e-14,1.774928559e-13,6.707439272e-14,8.091621627e-14,1.096882712e-13,4.989034053e-13,4.984108719e-13,4.387138676e-14,4.220595439e-13,3.559577103e-14
143.5625,4.489442506e-13,4.20135893e-13,5.726542976e-13,3.831584593e-13,3.118716451e-13,5.565356173e-13,1.967887919e-13,1.025146179e-13,5.145297691e-14,2.447805127e-13,2.750953599e-13,3.168792794e-13,3.625093261e-13,3.814784749e-13,5.209581062e-13,9.02772693e-13,7.650539103e-13,3.894448079e-13,2.125155764e-13,3.190445509e-13,1.066497132e-13,5.93264207e-14,2.687830017e-14,1.758532506e-13,6.716003479e-14,7.995956311e-14,1.091046267e-13,4.940869824e-13,5.013802683e-13,4.286558513e-14,4.211073704e-13,3.483381982e-14
143.5703125,4.413718242e-13,4.160358963e-13,5.658448928e-13,3.792277766e-13,3.069467763e-13,5.53370784e-13,1.963231976e-13,1.013683347e-13,5.078650648e-14,2.430235224e-13,2.708752718e-13,3.136771238e-13,3.602705748e-13,3.757223482e-13,5.15317425e-13,8.959951234e-13,7.61169259e-13,3.858425292e-13,2.106867957e-13,3.134324232e-13,1.070318466e-13,5.909676041e-14,2.711703773e-14,1.74238931e-13,6.726506235e-14,7.902247475e-14,1.085294663e-13,4.893329677e-13,5.042098166e-13,4.187490819e-14,4.202266316e-13,3.413077627e-14
143.578125,4.336296495e-13,4.114860086e-13,5.58908844e-13,3.753539797e-13,3.020826604e-13,5.499812011e-13,1.958392513e-13,1.001599189e-13,5.01079622e-14,2.410941013e-13,2.664784231e-13,3.104087647e-13,3.580855008e-13,3.700590959e-13,5.096280787e-13,8.888727462e-13,7.570060801e-13,3.822540101e-13,2.088078063e-13,3.078649811e-13,1.073648847e-13,5.883984096e-14,2.737227097e-14,1.725603644e-13,6.737769268e-14,7.803682636e-14,1.079521678e-13,4.84300383e-13,5.068142036e-13,4.085264302e-14,4.193600444e-13,3.343518991e-14
143.5859375,4.258173508e-13,4.073650567e-13,5.520424585e-13,3.71491071e-13,2.970951825e-13,5.464183397e-13,1.953631885e-13,9.892831586e-14,4.941962813e-14,2.389639456e-13,2.620141859e-13,3.071591204e-13,3.560197133e-13,3.64575935e-13,5.041981062e-13,8.819588293e-13,7.528380889e-13,3.787931756e-13,2.069095267e-13,3.026564056e-13,1.076696273e-13,5.856636875e-14,2.762951044e-14,1.708479474e-13,6.749998683e-14,7.704541195e-14,1.074502835e-13,4.790444753e-13,5.095888638e-13,3.980127831e-14,4.18595134e-13,3.275397099e-14
143.59375,4.181915003e-13,4.03353215e-13,5.452602908e-13,3.67626185e-13,2.921083275e-13,5.42890228e-13,1.949898688e-13,9.773172293e-14,4.874767384e-14,2.368866883e-13,2.575755632e-13,3.039114277e-13,3.539818528e-13,3.591652348e-13,4.989022677e-13,8.752196274e-13,7.487881821e-13,3.754302669e-13,2.050179089e-13,2.975588022e-13,1.080190085e-13,5.829158261e-14,2.789656344e-14,1.692200268e-13,6.764766566e-14,7.6090569e-14,1.069485906e-13,4.738199814e-13,5.123468098e-13,3.876020312e-14,4.178650304e-13,3.211166166e-14
143.6015625,4.10525524e-13,3.986857858e-13,5.384559539e-13,3.636940919e-13,2.872011916e-13,5.392947192e-13,1.947068951e-13,9.65741964e-14,4.80624826e-14,2.348691041e-13,2.530781505e-13,3.005284302e-13,3.517963494e-13,3.537208144e-13,4.935750189e-13,8.682898758e-13,7.445199213e-13,3.720038354e-13,2.030714583e-13,2.923512259e-13,1.083929999e-13,5.798588716e-14,2.820032828e-14,1.676027821e-13,6.781221911e-14,7.513133528e-14,1.063431462e-13,4.685657313e-13,5.145227346e-13,3.774342911e-14,4.169621725e-13,3.150878113e-14
143.609375,4.024244689e-13,3.93992884e-13,5.318758959e-13,3.597944934e-13,2.822780167e-13,5.35365155e-13,1.944076849e-13,9.543238017e-14,4.734157728e-14,2.32807726e-13,2.486730291e-13,2.970968343e-13,3.495762119e-13,3.483060879e-13,4.884221594e-13,8.614047285e-13,7.398733143e-13,3.685632968e-13,2.010881947e-13,2.874028738e-13,1.088100771e-13,5.763885783e-14,2.851749447e-14,1.658729866e-13,6.797427723e-14,7.420936949e-14,1.057615533e-13,4.632715578e-13,5.164624607e-13,3.675188538e-14,4.15993114e-13,3.096587146e-14
143.6171875,3.941864851e-13,3.896611189e-13,5.256045182e-13,3.559794578e-13,2.772871846e-13,5.311932426e-13,1.940750263e-13,9.424671715e-14,4.662046207e-14,2.307938267e-13,2.44503224e-13,2.93720222e-13,3.474876998e-13,3.429322565e-13,4.833330884e-13,8.544101847e-13,7.349191772e-13,3.651766613e-13,1.991338443e-13,2.827885319e-13,1.093311583e-13,5.728009931e-14,2.882758631e-14,1.6416475e-13,6.812653168e-14,7.333634121e-14,1.052632913e-13,4.580721428e-13,5.185813764e-13,3.578124275e-14,4.151574249e-13,3.046522256e-14
143.625,3.862065091e-13,3.851361527e-13,5.193032284e-13,3.519648019e-13,2.722608263e-13,5.26930879e-13,1.937603382e-13,9.295973383e-14,4.591078264e-14,2.288721081e-13,2.40325551e-13,2.90269222e-13,3.454620265e-13,3.375340592e-13,4.779710865e-13,8.468484485e-13,7.296648639e-13,3.617300225e-13,1.972002217e-13,2.781796292e-13,1.098694792e-13,5.69136643e-14,2.916706788e-14,1.625622549e-13,6.826361321e-14,7.240128374e-14,1.047314697e-13,4.528661521e-13,5.205017215e-13,3.480950797e-14,4.143536193e-13,2.994685766e-14
143.6328125,3.782388148e-13,3.803935197e-13,5.129375239e-13,3.477761791e-13,2.673005749e-13,5.225091082e-13,1.934509386e-13,9.160613159e-14,4.518810857e-14,2.269304976e-13,2.360111613e-13,2.86706684e-13,3.434920068e-13,3.322003658e-13,4.724197474e-13,8.390448291e-13,7.241992842e-13,3.581821582e-13,1.952304995e-13,2.735342374e-13,1.103375459e-13,5.653138029e-14,2.953865385e-14,1.608941754e-13,6.838721918e-14,7.140225854e-14,1.041742794e-13,4.474838463e-13,5.22107527e-13,3.382729942e-14,4.135008521e-13,2.941447493e-14
143.640625,3.701428808e-13,3.755997963e-13,5.066592282e-13,3.437790003e-13,2.625226051e-13,5.179347614e-13,1.931433348e-13,9.027080548e-14,4.446189235e-14,2.24899596e-13,2.317334248e-13,2.831288743e-13,3.416541958e-13,3.270654366e-13,4.668753655e-13,8.313510227e-13,7.186581266e-13,3.546180184e-13,1.932108494e-13,2.688856626e-13,1.107999565e-13,5.614705181e-14,2.990820224e-14,1.591013233e-13,6.852560844e-14,7.041450216e-14,1.036509918e-13,4.419938407e-13,5.236121019e-13,3.284686001e-14,4.126916499e-13,2.891240854e-14
143.6484375,3.621157095e-13,3.707011672e-13,5.003481675e-13,3.39886743e-13,2.57874555e-13,5.132386907e-13,1.928791865e-13,8.897807684e-14,4.376521063e-14,2.228280337e-13,2.275264813e-13,2.795544993e-13,3.398952602e-13,3.220815332e-13,4.613795973e-13,8.236005548e-13,7.129601857e-13,3.510753453e-13,1.912101869e-13,2.641316181e-13,1.113110414e-13,5.576521006e-14,3.029236644e-14,1.572917468e-13,6.870187783e-14,6.944400193e-14,1.031443771e-13,4.365297795e-13,5.249602251e-13,3.187799233e-14,4.119684463e-13,2.845740173e-14
143.65625,3.539913283e-13,3.659151763e-13,4.940085654e-13,3.357923816e-13,2.532001235e-13,5.082795545e-13,1.926196379e-13,8.768571341e-14,4.308828862e-14,2.207977291e-13,2.233246884e-13,2.759760416e-13,3.381675709e-13,3.171102704e-13,4.559175187e-13,8.156628012e-13,7.06852268e-13,3.474795032e-13,1.892312941e-13,2.59361197e-13,1.118663657e-13,5.537002042e-14,3.070584039e-14,1.555050031e-13,6.888732001e-14,6.851964966e-14,1.026614926e-13,4.310141337e-13,5.262207872e-13,3.092864195e-14,4.113338957e-13,2.80481961e-14
143.6640625,3.456224431e-13,3.610329231e-13,4.877402813e-13,3.314920516e-13,2.484943512e-13,5.030113903e-13,1.923071807e-13,8.635680653e-14,4.238546106e-14,2.187850384e-13,2.191588652e-13,2.723096438e-13,3.364197919e-13,3.1210678e-13,4.503637668e-13,8.073928315e-13,7.002591549e-13,3.437393799e-13,1.871705142e-13,2.547460614e-13,1.124327297e-13,5.494966468e-14,3.112380618e-14,1.537406724e-13,6.904855767e-14,6.762089818e-14,1.021307548e-13,4.252771886e-13,5.273370315e-13,3.000162678e-14,4.106904265e-13,2.766283211e-14
143.671875,3.373754012e-13,3.557390854e-13,4.814340746e-13,3.270705602e-13,2.438541491e-13,4.975778584e-13,1.919990743e-13,8.500603828e-14,4.165494208e-14,2.167214079e-13,2.150513328e-13,2.684779263e-13,3.345452691e-13,3.071488072e-13,4.447596569e-13,7.988494341e-13,6.934702799e-13,3.399295215e-13,1.850645882e-13,2.502907982e-13,1.129473739e-13,5.450795761e-14,3.155904302e-14,1.519962612e-13,6.92013883e-14,6.664103621e-14,1.014537051e-13,4.194484716e-13,5.279454092e-13,2.909052909e-14,4.098938511e-13,2.728134104e-14
143.6796875,3.293816935e-13,3.506346129e-13,4.75084656e-13,3.226101242e-13,2.392948859e-13,4.920245794e-13,1.91753105e-13,8.367527383e-14,4.094232071e-14,2.146812079e-13,2.110177951e-13,2.646344328e-13,3.326086167e-13,3.022976764e-13,4.392660536e-13,7.90382338e-13,6.866916933e-13,3.361399783e-13,1.83023676e-13,2.459463935e-13,1.134417223e-13,5.405295522e-14,3.202454832e-14,1.502645422e-13,6.934670499e-14,6.561535159e-14,1.007493603e-13,4.138080423e-13,5.281587798e-13,2.819747145e-14,4.090584424e-13,2.691679285e-14
143.6875,3.213175914e-13,3.458640943e-13,4.687594996e-13,3.182087481e-13,2.348081506e-13,4.863126495e-13,1.915309401e-13,8.236430444e-14,4.026050052e-14,2.127258e-13,2.070267995e-13,2.608688481e-13,3.307317376e-13,2.975136967e-13,4.337053697e-13,7.818031418e-13,6.796997853e-13,3.322686119e-13,1.809734634e-13,2.417174329e-13,1.139785332e-13,5.358539452e-14,3.247765687e-14,1.485513365e-13,6.945013828e-14,6.46367211e-14,1.00144757e-13,4.082479837e-13,5.282177457e-13,2.732517783e-14,4.083035557e-13,2.656912092e-14
143.6953125,3.131300109e-13,3.406781475e-13,4.624711146e-13,3.138760757e-13,2.304378517e-13,4.805433159e-13,1.912988963e-13,8.102937113e-14,3.959868241e-14,2.107648372e-13,2.029954016e-13,2.570843621e-13,3.289030005e-13,2.928283758e-13,4.280058996e-13,7.728035418e-13,6.723819233e-13,3.283180164e-13,1.78870849e-13,2.376438644e-13,1.14517187e-13,5.311895297e-14,3.292512977e-14,1.468006435e-13,6.952822845e-14,6.365483123e-14,9.957878578e-14,4.025247634e-13,5.280088431e-13,2.646701541e-14,4.075065381e-13,2.622231577e-14
143.703125,3.050251668e-13,3.351707668e-13,4.563957123e-13,3.096006353e-13,2.262280751e-13,4.747623163e-13,1.910642358e-13,7.967377409e-14,3.896834894e-14,2.087962741e-13,1.990191723e-13,2.533399347e-13,3.271899714e-13,2.883543049e-13,4.224107862e-13,7.636730018e-13,6.649120897e-13,3.244329565e-13,1.768325364e-13,2.336683922e-13,1.150659612e-13,5.267147369e-14,3.342877762e-14,1.449806928e-13,6.962499444e-14,6.264135243e-14,9.902498951e-14,3.967757942e-13,5.276769784e-13,2.562779414e-14,4.067086124e-13,2.589504522e-14
143.7109375,2.969810336e-13,3.298159321e-13,4.504415508e-13,3.052758097e-13,2.221920562e-13,4.687019687e-13,1.908126062e-13,7.834694113e-14,3.835919182e-14,2.068772466e-13,1.951944923e-13,2.49640124e-13,3.256393812e-13,2.840122655e-13,4.167539766e-13,7.544018861e-13,6.571712266e-13,3.205203547e-13,1.748294548e-13,2.296174198e-13,1.15635213e-13,5.222053927e-14,3.39634978e-14,1.43174762e-13,6.972787126e-14,6.162861685e-14,9.848290608e-14,3.91141688e-13,5.272747784e-13,2.48092211e-14,4.06035039e-13,2.560736467e-14
143.71875,2.888785854e-13,3.243973662e-13,4.441893348e-13,3.007529551e-13,2.182483901e-13,4.622088832e-13,1.905278791e-13,7.703723466e-14,3.77426702e-14,2.049116248e-13,1.913570538e-13,2.457687658e-13,3.240452855e-13,2.796311527e-13,4.108220889e-13,7.447821314e-13,6.490401621e-13,3.164628266e-13,1.727257398e-13,2.255383724e-13,1.161049953e-13,5.174687246e-14,3.445615485e-14,1.414041989e-13,6.981479194e-14,6.056755555e-14,9.785786245e-14,3.854319573e-13,5.264790941e-13,2.399428445e-14,4.053246086e-13,2.53413332e-14
143.7265625,2.80776132e-13,3.189613574e-13,4.377971024e-13,2.961782963e-13,2.142288889e-13,4.55636873e-13,1.902529051e-13,7.570896174e-14,3.712498942e-14,2.028637539e-13,1.874576042e-13,2.417580386e-13,3.222738255e-13,2.752454087e-13,4.050258494e-13,7.353308216e-13,6.409398751e-13,3.12416244e-13,1.705542441e-13,2.21719656e-13,1.164993646e-13,5.127806333e-14,3.492689853e-14,1.396263428e-13,6.990564945e-14,5.944631178e-14,9.716793442e-14,3.795582696e-13,5.254674078e-13,2.318833998e-14,4.044730411e-13,2.508257587e-14
143.734375,2.727505085e-13,3.137373861e-13,4.316864627e-13,2.917516583e-13,2.101140476e-13,4.492719353e-13,1.900507937e-13,7.440025082e-14,3.65054504e-14,2.008568232e-13,1.836367913e-13,2.377923379e-13,3.204328958e-13,2.709439135e-13,3.995777839e-13,7.262958739e-13,6.330910529e-13,3.084683701e-13,1.683940781e-13,2.182014633e-13,1.169546798e-13,5.081431046e-14,3.54348846e-14,1.378531067e-13,7.001998093e-14,5.834709638e-14,9.654264299e-14,3.73702461e-13,5.244541131e-13,2.241400965e-14,4.035570557e-13,2.484982111e-14
143.7421875,2.647327925e-13,3.08382484e-13,4.256570064e-13,2.873677263e-13,2.060456973e-13,4.428830831e-13,1.89908063e-13,7.314018629e-14,3.58670706e-14,1.989000751e-13,1.798327022e-13,2.338120054e-13,3.18601705e-13,2.666942002e-13,3.941148252e-13,7.171195692e-13,6.251244962e-13,3.045204177e-13,1.662045271e-13,2.147554174e-13,1.17390085e-13,5.031927464e-14,3.597101505e-14,1.360638169e-13,7.015085879e-14,5.728167783e-14,9.594539221e-14,3.679532664e-13,5.230309561e-13,2.166199675e-14,4.025312731e-13,2.466349354e-14
143.75,2.567062787e-13,3.028194021e-13,4.194621362e-13,2.828751233e-13,2.020197802e-13,4.362317765e-13,1.897397506e-13,7.189248258e-14,3.523425698e-14,1.969040474e-13,1.759952671e-13,2.297796108e-13,3.167708674e-13,2.624605912e-13,3.884736563e-13,7.076555898e-13,6.169070333e-13,3.005305695e-13,1.639324832e-13,2.112890858e-13,1.177391581e-13,4.979874963e-14,3.650887261e-14,1.342456405e-13,7.027339814e-14,5.620984245e-14,9.524786228e-14,3.621985244e-13,5.211835674e-13,2.09186227e-14,4.013974112e-13,2.451321075e-14
143.7578125,2.487928975e-13,2.973842988e-13,4.132601458e-13,2.782270945e-13,1.979565067e-13,4.293615165e-13,1.895028155e-13,7.063157647e-14,3.463099159e-14,1.948776698e-13,1.722940475e-13,2.257762054e-13,3.1491902e-13,2.58240999e-13,3.827140933e-13,6.981079352e-13,6.086113532e-13,2.965051213e-13,1.616035236e-13,2.078259565e-13,1.181040085e-13,4.927738386e-14,3.705740524e-14,1.324536792e-13,7.036781475e-14,5.514504072e-14,9.446840133e-14,3.563708026e-13,5.192993779e-13,2.019545298e-14,4.002762138e-13,2.438318226e-14
143.765625,2.409562493e-13,2.920170986e-13,4.071882441e-13,2.734885926e-13,1.93966561e-13,4.22355289e-13,1.892521083e-13,6.933923982e-14,3.404416658e-14,1.928939067e-13,1.68745683e-13,2.217850147e-13,3.130394591e-13,2.540795846e-13,3.768384847e-13,6.88317059e-13,6.001899301e-13,2.924857483e-13,1.59272703e-13,2.04393999e-13,1.184696792e-13,4.875548137e-14,3.760415279e-14,1.306978656e-13,7.044976299e-14,5.409497965e-14,9.370121241e-14,3.505610806e-13,5.172997172e-13,1.948771745e-14,3.99182891e-13,2.428186395e-14
143.7734375,2.330131267e-13,2.865657195e-13,4.013988358e-13,2.688684024e-13,1.90152009e-13,4.153295607e-13,1.890613381e-13,6.801254737e-14,3.347245826e-14,1.910011929e-13,1.652594734e-13,2.178174049e-13,3.111888103e-13,2.500852788e-13,3.710217778e-13,6.783118577e-13,5.916498623e-13,2.885567336e-13,1.569511953e-13,2.011346571e-13,1.188136752e-13,4.823710732e-14,3.811580825e-14,1.289949996e-13,7.054896304e-14,5.302488118e-14,9.297308995e-14,3.448212846e-13,5.151061706e-13,1.878118597e-14,3.981486014e-13,2.420615253e-14
143.78125,2.249864436e-13,2.810538024e-13,3.959460556e-13,2.643339734e-13,1.864357466e-13,4.083120345e-13,1.88909635e-13,6.670806541e-14,3.291102939e-14,1.891671349e-13,1.619068014e-13,2.138816776e-13,3.093832795e-13,2.462393145e-13,3.653466471e-13,6.683374063e-13,5.830924646e-13,2.846656992e-13,1.546125664e-13,1.980789321e-13,1.192243216e-13,4.772363087e-14,3.861878188e-14,1.27359078e-13,7.067171694e-14,5.193126195e-14,9.227177037e-14,3.390403433e-13,5.128254383e-13,1.809843247e-14,3.972042886e-13,2.413406061e-14
143.7890625,2.170094156e-13,2.754224227e-13,3.904790051e-13,2.596403493e-13,1.827719613e-13,4.010677296e-13,1.88699255e-13,6.543321363e-14,3.233761898e-14,1.872968248e-13,1.586930278e-13,2.098667684e-13,3.075426522e-13,2.424007548e-13,3.595594507e-13,6.582692143e-13,5.743610502e-13,2.807009621e-13,1.522378738e-13,1.949889144e-13,1.196268275e-13,4.720371644e-14,3.916468921e-14,1.256820343e-13,7.080706808e-14,5.08635825e-14,9.158624194e-14,3.331577953e-13,5.103417744e-13,1.746250922e-14,3.962246747e-13,2.407054339e-14
143.796875,2.091030884e-13,2.698008555e-13,3.848646396e-13,2.549456753e-13,1.791991677e-13,3.935712691e-13,1.883998878e-13,6.413371597e-14,3.176743871e-14,1.853663541e-13,1.555298636e-13,2.05815569e-13,3.056637227e-13,2.386122199e-13,3.536733319e-13,6.480855181e-13,5.654985534e-13,2.767547523e-13,1.498332845e-13,1.917914556e-13,1.199056141e-13,4.668311734e-14,3.973672052e-14,1.23937527e-13,7.094021623e-14,4.985800583e-14,9.091280817e-14,3.272677324e-13,5.077144756e-13,1.685320484e-14,3.951816961e-13,2.402799591e-14
143.8046875,2.013100921e-13,2.643890117e-13,3.794665333e-13,2.504869759e-13,1.757801642e-13,3.8617139e-13,1.880765383e-13,6.284767754e-14,3.122963038e-14,1.834268059e-13,1.524768837e-13,2.018914741e-13,3.038282296e-13,2.350395278e-13,3.479920403e-13,6.380500301e-13,5.56817048e-13,2.72963159e-13,1.474585457e-13,1.886160427e-13,1.201351652e-13,4.617940722e-14,4.030251354e-14,1.222298359e-13,7.106099951e-14,4.889350291e-14,9.025895286e-14,3.2142474e-13,5.051240447e-13,1.62533923e-14,3.941678036e-13,2.400430648e-14
143.8125,1.936871599e-13,2.590226832e-13,3.743845419e-13,2.459705407e-13,1.726302858e-13,3.789101264e-13,1.877605796e-13,6.161769933e-14,3.072577238e-14,1.815404148e-13,1.495972496e-13,1.980684842e-13,3.020522883e-13,2.316709091e-13,3.423550576e-13,6.279585989e-13,5.481299507e-13,2.692215362e-13,1.451603649e-13,1.853746876e-13,1.203486123e-13,4.570533306e-14,4.088428249e-14,1.205494725e-13,7.116191473e-14,4.792547078e-14,8.959192642e-14,3.156285216e-13,5.023493204e-13,1.568819873e-14,3.931717763e-13,2.401439211e-14
143.8203125,1.862240958e-13,2.536344291e-13,3.693394403e-13,2.411952889e-13,1.697384073e-13,3.714721624e-13,1.874157135e-13,6.036266242e-14,3.025669851e-14,1.797885769e-13,1.468338008e-13,1.942629235e-13,3.00304095e-13,2.283831999e-13,3.363798883e-13,6.174059602e-13,5.391372352e-13,2.653853777e-13,1.428774381e-13,1.820405306e-13,1.205026505e-13,4.525992827e-14,4.149149249e-14,1.188771426e-13,7.123307263e-14,4.694042483e-14,8.886629108e-14,3.099572658e-13,4.991598653e-13,1.517759996e-14,3.922094174e-13,2.405514362e-14
143.828125,1.789488339e-13,2.48442629e-13,3.642324581e-13,2.365023308e-13,1.668816015e-13,3.638581434e-13,1.870190054e-13,5.904978584e-14,2.980621891e-14,1.781530159e-13,1.44152473e-13,1.904734286e-13,2.98565177e-13,2.25129534e-13,3.302444637e-13,6.066370164e-13,5.301790274e-13,2.615593045e-13,1.405721861e-13,1.788802791e-13,1.206463726e-13,4.481461572e-14,4.209752287e-14,1.172721272e-13,7.129347806e-14,4.596809618e-14,8.814101657e-14,3.044371296e-13,4.956673948e-13,1.469605885e-14,3.912784086e-13,2.408421989e-14
143.8359375,1.718027224e-13,2.43303553e-13,3.592091319e-13,2.320365123e-13,1.63912899e-13,3.563202822e-13,1.86596695e-13,5.775223132e-14,2.93441147e-14,1.764819619e-13,1.415535669e-13,1.866771054e-13,2.967829254e-13,2.219099828e-13,3.243198065e-13,5.961142444e-13,5.215329202e-13,2.578673538e-13,1.382654881e-13,1.759112558e-13,1.208005614e-13,4.434808552e-14,4.270523939e-14,1.157069265e-13,7.13786786e-14,4.503208386e-14,8.748703063e-14,2.989075409e-13,4.921055249e-13,1.421675522e-14,3.902094143e-13,2.410325275e-14
143.84375,1.646202106e-13,2.378768252e-13,3.543866823e-13,2.275173266e-13,1.608789371e-13,3.488562841e-13,1.862016085e-13,5.647513749e-14,2.88857569e-14,1.747164744e-13,1.390409923e-13,1.828641678e-13,2.948795141e-13,2.187472453e-13,3.185418894e-13,5.857907077e-13,5.129625462e-13,2.542220787e-13,1.358776204e-13,1.729260677e-13,1.209184167e-13,4.386883104e-14,4.332597742e-14,1.141386479e-13,7.147805091e-14,4.410964357e-14,8.68540613e-14,2.932730229e-13,4.886265823e-13,1.375140652e-14,3.889779504e-13,2.414913827e-14
143.8515625,1.575113938e-13,2.323419674e-13,3.497162094e-13,2.229116544e-13,1.578826396e-13,3.413594596e-13,1.858470609e-13,5.516701008e-14,2.844716813e-14,1.729143654e-13,1.366280867e-13,1.790464037e-13,2.929041062e-13,2.157160825e-13,3.127716022e-13,5.754695101e-13,5.044355149e-13,2.506222631e-13,1.333960176e-13,1.699717029e-13,1.209940054e-13,4.337773956e-14,4.394847639e-14,1.125620954e-13,7.157064017e-14,4.31865031e-14,8.622975505e-14,2.876893046e-13,4.850800194e-13,1.331184875e-14,3.877548752e-13,2.420209988e-14
143.859375,1.507218731e-13,2.270002718e-13,3.451468651e-13,2.184002647e-13,1.550242726e-13,3.339307985e-13,1.854899855e-13,5.384205542e-14,2.800473533e-14,1.711086961e-13,1.342894648e-13,1.752278957e-13,2.910279385e-13,2.128856492e-13,3.071192411e-13,5.652261188e-13,4.96191255e-13,2.472355459e-13,1.30981909e-13,1.671192454e-13,1.210267934e-13,4.288351776e-14,4.458744045e-14,1.109765393e-13,7.167755084e-14,4.228709663e-14,8.568575885e-14,2.822174734e-13,4.812688796e-13,1.28884599e-14,3.866188813e-13,2.422791965e-14
143.8671875,1.441323155e-13,2.216511521e-13,3.407945522e-13,2.138548377e-13,1.523139207e-13,3.266545019e-13,1.85137857e-13,5.254888943e-14,2.756769708e-14,1.693507094e-13,1.32008039e-13,1.714726727e-13,2.892604928e-13,2.102547428e-13,3.01634864e-13,5.551025371e-13,4.881865853e-13,2.440121676e-13,1.286286314e-13,1.643612355e-13,1.210292772e-13,4.241850545e-14,4.52542909e-14,1.094990359e-13,7.180999292e-14,4.140030703e-14,8.517825713e-14,2.766535832e-13,4.773386796e-13,1.248425771e-14,3.856265108e-13,2.424399321e-14
143.875,1.37522958e-13,2.161414323e-13,3.366896779e-13,2.09197708e-13,1.496595847e-13,3.194240274e-13,1.848452866e-13,5.130696623e-14,2.716384251e-14,1.67675989e-13,1.298029717e-13,1.678210119e-13,2.874579674e-13,2.077636006e-13,2.962477602e-13,5.450046466e-13,4.802155333e-13,2.407570165e-13,1.262011865e-13,1.61817775e-13,1.210409222e-13,4.19791139e-14,4.59015733e-14,1.081691225e-13,7.19612258e-14,4.050320987e-14,8.463574425e-14,2.710053226e-13,4.733729523e-13,1.211087314e-14,3.847926196e-13,2.427324658e-14
143.8828125,1.310302213e-13,2.107879531e-13,3.327382934e-13,2.047483525e-13,1.470582101e-13,3.122213951e-13,1.845757294e-13,5.011051929e-14,2.678004656e-14,1.660074184e-13,1.276735946e-13,1.642398275e-13,2.856483135e-13,2.053620987e-13,2.909655937e-13,5.350707473e-13,4.723373827e-13,2.375163651e-13,1.237711622e-13,1.593861567e-13,1.210398788e-13,4.153922292e-14,4.65108787e-14,1.068279811e-13,7.214089627e-14,3.964903657e-14,8.411986424e-14,2.655627698e-13,4.693089713e-13,1.176365525e-14,3.839550714e-13,2.433084918e-14
143.890625,1.248470574e-13,2.056653781e-13,3.289808692e-13,2.005619298e-13,1.44611003e-13,3.051524517e-13,1.842559806e-13,4.894089905e-14,2.640884629e-14,1.642923919e-13,1.256382846e-13,1.607195583e-13,2.839017627e-13,2.030693113e-13,2.857777789e-13,5.254819922e-13,4.647743573e-13,2.344228491e-13,1.214161769e-13,1.567636308e-13,1.209736021e-13,4.110756675e-14,4.714022439e-14,1.054989227e-13,7.233365573e-14,3.88675739e-14,8.36285285e-14,2.603124388e-13,4.652553339e-13,1.143837195e-14,3.830348729e-13,2.444375565e-14
143.8984375,1.188439032e-13,2.004311696e-13,3.253249871e-13,1.962976786e-13,1.423332669e-13,2.981204139e-13,1.838998971e-13,4.777544027e-14,2.604793147e-14,1.625814276e-13,1.236980374e-13,1.571867785e-13,2.820544994e-13,2.008916712e-13,2.805700939e-13,5.159305459e-13,4.574014702e-13,2.314180397e-13,1.190397453e-13,1.540265772e-13,1.208214458e-13,4.068366994e-14,4.781198032e-14,1.042645337e-13,7.250329582e-14,3.80820609e-14,8.303486885e-14,2.550025807e-13,4.610722418e-13,1.113671123e-14,3.820430149e-13,2.459464777e-14
143.90625,1.128219354e-13,1.950965542e-13,3.215543642e-13,1.919662512e-13,1.401084644e-13,2.909669588e-13,1.835247443e-13,4.66101421e-14,2.566904816e-14,1.609251255e-13,1.217873135e-13,1.535597278e-13,2.799989949e-13,1.987380568e-13,2.753093124e-13,5.060673753e-13,4.498145393e-13,2.284163932e-13,1.166094164e-13,1.513895868e-13,1.205961666e-13,4.024214131e-14,4.848666268e-14,1.029441456e-13,7.265408108e-14,3.726113442e-14,8.234668215e-14,2.496756816e-13,4.565191393e-13,1.085718966e-14,3.808720756e-13,2.472010194e-14
143.9140625,1.069104269e-13,1.899911399e-13,3.179297581e-13,1.878089469e-13,1.378376235e-13,2.838448181e-13,1.831120921e-13,4.546976841e-14,2.528796492e-14,1.59350742e-13,1.199470675e-13,1.49995527e-13,2.779102348e-13,1.965983039e-13,2.701545022e-13,4.962044312e-13,4.421199754e-13,2.255085663e-13,1.141911988e-13,1.488313935e-13,1.203817447e-13,3.979679345e-14,4.915295057e-14,1.015632771e-13,7.281356837e-14,3.648854863e-14,8.17347754e-14,2.445123961e-13,4.51954514e-13,1.060969032e-14,3.796170042e-13,2.481344797e-14
143.921875,1.013953339e-13,1.851380695e-13,3.147875794e-13,1.837674378e-13,1.355842599e-13,2.769634402e-13,1.826954961e-13,4.43658379e-14,2.495039339e-14,1.578433226e-13,1.1828855e-13,1.466389308e-13,2.759214564e-13,1.946351273e-13,2.652624822e-13,4.867395476e-13,4.348370973e-13,2.228347816e-13,1.118311754e-13,1.463709413e-13,1.202360927e-13,3.93811645e-14,4.981850788e-14,1.00406679e-13,7.299713261e-14,3.580441401e-14,8.126836909e-14,2.395270932e-13,4.476450392e-13,1.040227999e-14,3.785726761e-13,2.492477192e-14
143.9296875,9.621472952e-14,1.803476237e-13,3.118491536e-13,1.797822259e-13,1.334589744e-13,2.702507439e-13,1.823032665e-13,4.327561968e-14,2.463342114e-14,1.563318003e-13,1.167428215e-13,1.433376651e-13,2.738880257e-13,1.928913282e-13,2.605777026e-13,4.775520721e-13,4.27993615e-13,2.203401742e-13,1.095177024e-13,1.439991579e-13,1.200853983e-13,3.898739356e-14,5.046376364e-14,9.937618788e-14,7.320140376e-14,3.514512711e-14,8.081134222e-14,2.346445575e-13,4.432608487e-13,1.021493295e-14,3.776563369e-13,2.506057915e-14
143.9375,9.1105413e-14,1.755264356e-13,3.0888615e-13,1.759497507e-13,1.314454353e-13,2.636080951e-13,1.818969912e-13,4.219947783e-14,2.430192958e-14,1.548111974e-13,1.152160453e-13,1.399948667e-13,2.716366957e-13,1.91250616e-13,2.560087533e-13,4.685651014e-13,4.213449975e-13,2.178976482e-13,1.071630301e-13,1.415472386e-13,1.198879762e-13,3.859551022e-14,5.108800161e-14,9.822720514e-14,7.341057903e-14,3.447421208e-14,8.026865324e-14,2.297307494e-13,4.387899093e-13,1.002940782e-14,3.766153426e-13,2.519539484e-14
143.9453125,8.61925173e-14,1.707307405e-13,3.061769727e-13,1.722603098e-13,1.295676208e-13,2.571205916e-13,1.814850051e-13,4.117026904e-14,2.398411483e-14,1.533540595e-13,1.137997305e-13,1.367467508e-13,2.693267232e-13,1.897919136e-13,2.516494777e-13,4.599285975e-13,4.150032043e-13,2.156453665e-13,1.048134689e-13,1.390500885e-13,1.196949482e-13,3.822097574e-14,5.17273738e-14,9.708750425e-14,7.364784564e-14,3.383810405e-14,7.978387664e-14,2.247997214e-13,4.345389007e-13,9.85594629e-15,3.755941283e-13,2.533872617e-14
143.953125,8.174288459e-14,1.661670467e-13,3.038342798e-13,1.687204441e-13,1.279313172e-13,2.508590006e-13,1.81123018e-13,4.020246169e-14,2.370375384e-14,1.519570688e-13,1.125562921e-13,1.33657507e-13,2.672564436e-13,1.886794683e-13,2.475648903e-13,4.51575744e-13,4.09075273e-13,2.137671781e-13,1.026609941e-13,1.366593309e-13,1.194840954e-13,3.788649963e-14,5.24009739e-14,9.60834543e-14,7.395249567e-14,3.327571086e-14,7.947453736e-14,2.201301432e-13,4.30418944e-13,9.706604979e-15,3.7480269e-13,2.550572059e-14
143.9609375,7.757844786e-14,1.618907658e-13,3.01665023e-13,1.653563995e-13,1.264311227e-13,2.447496637e-13,1.807660797e-13,3.929112448e-14,2.34485068e-14,1.505347393e-13,1.114178848e-13,1.306834056e-13,2.653170902e-13,1.877948914e-13,2.436195392e-13,4.434322115e-13,4.034363635e-13,2.120996333e-13,1.006105636e-13,1.34311354e-13,1.192026089e-13,3.757322706e-14,5.309295638e-14,9.510231493e-14,7.428513704e-14,3.277776012e-14,7.920360321e-14,2.157037268e-13,4.262897999e-13,9.581656514e-15,3.741404499e-13,2.569003556e-14
143.96875,7.34894096e-14,1.576681867e-13,2.995946991e-13,1.620493428e-13,1.248975979e-13,2.386825448e-13,1.803222439e-13,3.841015843e-14,2.320926383e-14,1.490650623e-13,1.103407847e-13,1.278083675e-13,2.632073593e-13,1.869565422e-13,2.396875052e-13,4.355338597e-13,3.979859007e-13,2.104525242e-13,9.842137443e-14,1.319568608e-13,1.188980072e-13,3.724693663e-14,5.376984214e-14,9.412373138e-14,7.459883559e-14,3.233256447e-14,7.885200551e-14,2.111799314e-13,4.222163932e-13,9.484832809e-15,3.734814324e-13,2.589262919e-14
143.9765625,6.96926745e-14,1.534667646e-13,2.976668865e-13,1.588065588e-13,1.23412258e-13,2.326690667e-13,1.798299754e-13,3.75170864e-14,2.297822164e-14,1.476437346e-13,1.093121805e-13,1.249989101e-13,2.610290595e-13,1.862086764e-13,2.357948247e-13,4.277356347e-13,3.926352664e-13,2.089260616e-13,9.622234314e-14,1.296566876e-13,1.186308494e-13,3.691655421e-14,5.440537034e-14,9.324031679e-14,7.49392212e-14,3.19354198e-14,7.848928953e-14,2.066851819e-13,4.181900573e-13,9.417919156e-15,3.728204898e-13,2.611121472e-14
143.984375,6.628635928e-14,1.494743523e-13,2.959416465e-13,1.557719026e-13,1.220155687e-13,2.268095005e-13,1.793875187e-13,3.661894016e-14,2.275273966e-14,1.46341928e-13,1.083238926e-13,1.222335765e-13,2.589624e-13,1.856139503e-13,2.320322284e-13,4.200316279e-13,3.874032453e-13,2.075748785e-13,9.417363421e-14,1.273764003e-13,1.183801949e-13,3.66044117e-14,5.501631268e-14,9.245052929e-14,7.533044611e-14,3.158514226e-14,7.819133878e-14,2.02539938e-13,4.142429107e-13,9.368846368e-15,3.721709542e-13,2.633438591e-14
143.9921875,6.301841715e-14,1.456031535e-13,2.944305685e-13,1.528923394e-13,1.20551099e-13,2.210861583e-13,1.789708162e-13,3.575944437e-14,2.254231878e-14,1.450697246e-13,1.074079932e-13,1.195296024e-13,2.56828072e-13,1.851237704e-13,2.284096207e-13,4.126253075e-13,3.824231282e-13,2.062738259e-13,9.208084499e-14,1.251104079e-13,1.180864837e-13,3.629200156e-14,5.564208975e-14,9.168960084e-14,7.571404626e-14,3.128812305e-14,7.797216566e-14,1.985069328e-13,4.10361311e-13,9.332103877e-15,3.715672924e-13,2.65683577e-14
144,5.986564833e-14,1.417505398e-13,2.930820312e-13,1.501158317e-13,1.190229892e-13,2.154556465e-13,1.785048541e-13,3.495054224e-14,2.233875876e-14,1.437240461e-13,1.065938517e-13,1.168702854e-13,2.545254404e-13,1.847081975e-13,2.24865377e-13,4.054627463e-13,3.776681447e-13,2.050122691e-13,8.985897053e-14,1.229313998e-13,1.177492519e-13,3.596222329e-14,5.628592772e-14,9.094123706e-14,7.607427938e-14,3.102067728e-14,7.778358263e-14,1.94370841e-13,4.063575497e-13,9.322441885e-15,3.709829981e-13,2.681269729e-14
144.0078125,5.706197728e-14,1.381714558e-13,2.920273687e-13,1.475986775e-13,1.175924904e-13,2.10084251e-13,1.780176947e-13,3.419557486e-14,2.213600102e-14,1.423593844e-13,1.058978538e-13,1.142953559e-13,2.522387778e-13,1.844075627e-13,2.214856381e-13,3.985649771e-13,3.731984397e-13,2.039152346e-13,8.769983291e-14,1.207576268e-13,1.174725376e-13,3.564268851e-14,5.692819439e-14,9.025324334e-14,7.644898066e-14,3.07574582e-14,7.753730852e-14,1.903971322e-13,4.023718121e-13,9.344321151e-15,3.703501913e-13,2.705251968e-14
144.015625,5.462620098e-14,1.349678629e-13,2.914109849e-13,1.45386982e-13,1.163209631e-13,2.05077227e-13,1.775670489e-13,3.34990694e-14,2.196011047e-14,1.410383567e-13,1.053222277e-13,1.119111701e-13,2.500138217e-13,1.843124276e-13,2.184149304e-13,3.92203451e-13,3.692481749e-13,2.030377354e-13,8.564149765e-14,1.184762733e-13,1.17313694e-13,3.535961247e-14,5.756593619e-14,8.965213039e-14,7.684053424e-14,3.053892846e-14,7.726372269e-14,1.866342304e-13,3.98741189e-13,9.382919498e-15,3.697739387e-13,2.730296258e-14
144.0234375,5.245637963e-14,1.318942827e-13,2.909646525e-13,1.433553695e-13,1.15212464e-13,2.002633266e-13,1.771444921e-13,3.285229686e-14,2.181259242e-14,1.397316191e-13,1.047969961e-13,1.096702973e-13,2.477346188e-13,1.844614326e-13,2.155878943e-13,3.863096269e-13,3.657370881e-13,2.023612768e-13,8.357917721e-14,1.16200222e-13,1.171478953e-13,3.510389398e-14,5.819927955e-14,8.910248521e-14,7.725658705e-14,3.039192399e-14,7.70499391e-14,1.828917653e-13,3.953152563e-13,9.437611891e-15,3.694054834e-13,2.75779435e-14
144.03125,5.058553411e-14,1.288868483e-13,2.904357023e-13,1.414592268e-13,1.142229843e-13,1.955608572e-13,1.767381442e-13,3.228014294e-14,2.16520498e-14,1.384710251e-13,1.042641911e-13,1.07433363e-13,2.454157833e-13,1.847529931e-13,2.129763233e-13,3.80773188e-13,3.625203695e-13,2.01894408e-13,8.153061212e-14,1.140707442e-13,1.168631787e-13,3.485649491e-14,5.882865798e-14,8.859668469e-14,7.7742794e-14,3.028078576e-14,7.688714275e-14,1.792994155e-13,3.918517841e-13,9.514119713e-15,3.691669693e-13,2.785583538e-14
144.0390625,4.905816731e-14,1.260094407e-13,2.900289181e-13,1.397037934e-13,1.13248724e-13,1.910358229e-13,1.763431139e-13,3.17952454e-14,2.146925574e-14,1.37330283e-13,1.037662341e-13,1.052103545e-13,2.431170625e-13,1.851214059e-13,2.106965471e-13,3.757934641e-13,3.59716409e-13,2.016286574e-13,7.953006695e-14,1.120273786e-13,1.165410816e-13,3.460609101e-14,5.94664405e-14,8.814695603e-14,7.828983583e-14,3.021561809e-14,7.68003191e-14,1.759355042e-13,3.884992054e-13,9.601470392e-15,3.689016775e-13,2.814050345e-14
144.046875,4.785939384e-14,1.231396732e-13,2.898901269e-13,1.380673718e-13,1.123234068e-13,1.866284025e-13,1.759347914e-13,3.133064559e-14,2.129293952e-14,1.362717956e-13,1.03315648e-13,1.030621549e-13,2.407729236e-13,1.856601567e-13,2.086631086e-13,3.712317916e-13,3.572196148e-13,2.015006125e-13,7.753295792e-14,1.099635328e-13,1.162827356e-13,3.434858808e-14,6.010922163e-14,8.771400884e-14,7.883728463e-14,3.022627022e-14,7.680865928e-14,1.725659022e-13,3.852786541e-13,9.699116922e-15,3.686150471e-13,2.845245455e-14
144.0546875,4.695756824e-14,1.202951533e-13,2.899079217e-13,1.366257614e-13,1.115617759e-13,1.823867454e-13,1.755549654e-13,3.08607089e-14,2.113641499e-14,1.352414858e-13,1.028699829e-13,1.009808636e-13,2.383606191e-13,1.864610108e-13,2.067993016e-13,3.668425304e-13,3.548925988e-13,2.015452054e-13,7.552670698e-14,1.078735256e-13,1.160880518e-13,3.409729762e-14,6.073765982e-14,8.730690586e-14,7.940288347e-14,3.026425372e-14,7.679152021e-14,1.692117994e-13,3.820646343e-13,9.819260585e-15,3.684579874e-13,2.876183889e-14
144.0625,4.627490738e-14,1.176963706e-13,2.901385612e-13,1.354991502e-13,1.108729725e-13,1.785164216e-13,1.752846297e-13,3.044518736e-14,2.100683395e-14,1.34279305e-13,1.024673627e-13,9.899696326e-14,2.360141798e-13,1.875159947e-13,2.052660763e-13,3.628808644e-13,3.530027139e-13,2.018512924e-13,7.351786368e-14,1.057867905e-13,1.159715405e-13,3.387410896e-14,6.135323556e-14,8.700238424e-14,8.005034104e-14,3.030510837e-14,7.675317284e-14,1.661052059e-13,3.79057143e-13,9.95717693e-15,3.685558393e-13,2.904057713e-14
144.0703125,4.580664231e-14,1.153583276e-13,2.906813868e-13,1.346188455e-13,1.101124147e-13,1.749185649e-13,1.75075628e-13,3.009085157e-14,2.091196312e-14,1.333862795e-13,1.021603888e-13,9.714494627e-14,2.337575079e-13,1.88749257e-13,2.040304497e-13,3.594517181e-13,3.515967315e-13,2.02310531e-13,7.148933747e-14,1.037345657e-13,1.159269604e-13,3.367375557e-14,6.196687158e-14,8.678961014e-14,8.074261736e-14,3.040132679e-14,7.684918421e-14,1.631576417e-13,3.76395178e-13,1.010792464e-14,3.687964922e-13,2.931317677e-14
144.078125,4.566231375e-14,1.131809252e-13,2.914534896e-13,1.338147208e-13,1.093933672e-13,1.713955298e-13,1.748109916e-13,2.976855095e-14,2.083064794e-14,1.324671329e-13,1.01918819e-13,9.538471903e-14,2.31421198e-13,1.900524667e-13,2.029760198e-13,3.563729772e-13,3.504265595e-13,2.028217253e-13,6.947373303e-14,1.017264121e-13,1.158430386e-13,3.347055478e-14,6.257962638e-14,8.659666087e-14,8.140387081e-14,3.056446897e-14,7.703805757e-14,1.601820754e-13,3.738789283e-13,1.027642576e-14,3.689462072e-13,2.960018833e-14
144.0859375,4.582664546e-14,1.111308349e-13,2.924788474e-13,1.331288482e-13,1.088396391e-13,1.680996192e-13,1.744971128e-13,2.949892122e-14,2.0737613e-14,1.31474673e-13,1.01732299e-13,9.370776235e-14,2.289771476e-13,1.914034968e-13,2.02264394e-13,3.537678043e-13,3.495888679e-13,2.035313134e-13,6.750605653e-14,9.976478237e-14,1.156944979e-13,3.325999905e-14,6.319295991e-14,8.640925058e-14,8.205884483e-14,3.077517253e-14,7.722132269e-14,1.572252529e-13,3.714594272e-13,1.045611239e-14,3.690368996e-13,2.98975111e-14
144.09375,4.62099023e-14,1.091259855e-13,2.938587764e-13,1.327016789e-13,1.082938949e-13,1.651503015e-13,1.742119299e-13,2.927448734e-14,2.064335338e-14,1.304430473e-13,1.016210976e-13,9.214700386e-14,2.265540147e-13,1.929299618e-13,2.018784657e-13,3.516210121e-13,3.491690517e-13,2.044798916e-13,6.553398179e-14,9.7930278e-14,1.156071188e-13,3.305232661e-14,6.379383727e-14,8.623836028e-14,8.275978907e-14,3.104988233e-14,7.74909221e-14,1.543291201e-13,3.69249567e-13,1.064091789e-14,3.693123487e-13,3.019657972e-14
144.1015625,4.689327837e-14,1.071951003e-13,2.955057544e-13,1.324652025e-13,1.076705615e-13,1.624063549e-13,1.739728702e-13,2.90559882e-14,2.056820333e-14,1.294075083e-13,1.015558099e-13,9.06829698e-14,2.241575383e-13,1.947458072e-13,2.01575678e-13,3.496431229e-13,3.489691169e-13,2.055390901e-13,6.354626507e-14,9.622580953e-14,1.156067701e-13,3.285213524e-14,6.436784677e-14,8.611553668e-14,8.350521833e-14,3.137903014e-14,7.788780057e-14,1.51457285e-13,3.672350826e-13,1.08339404e-14,3.698447107e-13,3.048288579e-14
144.109375,4.7935445e-14,1.055293062e-13,2.973260277e-13,1.323642699e-13,1.071678289e-13,1.598404208e-13,1.737723389e-13,2.887416977e-14,2.050543297e-14,1.284271085e-13,1.015177691e-13,8.927227294e-14,2.217490897e-13,1.967836094e-13,2.014551569e-13,3.480067505e-13,3.490597248e-13,2.067723883e-13,6.163759786e-14,9.447713194e-14,1.15632371e-13,3.26670387e-14,6.494784258e-14,8.607813945e-14,8.430157052e-14,3.172407889e-14,7.832005434e-14,1.487227445e-13,3.654104723e-13,1.103163975e-14,3.704395617e-13,3.07643253e-14
144.1171875,4.926076941e-14,1.041691176e-13,2.993197208e-13,1.32573475e-13,1.068340513e-13,1.575191322e-13,1.736175541e-13,2.877583051e-14,2.042834137e-14,1.275637803e-13,1.015169871e-13,8.788670744e-14,2.193454562e-13,1.989050216e-13,2.017242549e-13,3.470279604e-13,3.496298479e-13,2.082565921e-13,5.983502468e-14,9.267876072e-14,1.157464988e-13,3.249334288e-14,6.556829541e-14,8.60620262e-14,8.515490481e-14,3.209842932e-14,7.877117823e-14,1.462936702e-13,3.637284798e-13,1.123380907e-14,3.708380321e-13,3.106864788e-14
144.125,5.094250236e-14,1.030271564e-13,3.014585914e-13,1.331570791e-13,1.065282474e-13,1.554243211e-13,1.734870712e-13,2.874433172e-14,2.032923868e-14,1.267514761e-13,1.015512162e-13,8.654069218e-14,2.169440862e-13,2.011569022e-13,2.023374876e-13,3.466068828e-13,3.505752728e-13,2.099274215e-13,5.807803355e-14,9.101669986e-14,1.159866965e-13,3.231597269e-14,6.619905018e-14,8.600217027e-14,8.604064356e-14,3.254588392e-14,7.931109763e-14,1.441143369e-13,3.621017984e-13,1.144520304e-14,3.710892783e-13,3.138234161e-14
144.1328125,5.30453205e-14,1.020184048e-13,3.038342591e-13,1.340122808e-13,1.063256432e-13,1.53571916e-13,1.733316274e-13,2.875705432e-14,2.023659954e-14,1.258535044e-13,1.016798568e-13,8.531627716e-14,2.146454033e-13,2.03686833e-13,2.03245143e-13,3.466722086e-13,3.518180186e-13,2.118762288e-13,5.636164912e-14,8.94398831e-14,1.162458808e-13,3.214203929e-14,6.679613711e-14,8.597675631e-14,8.697024688e-14,3.307190845e-14,7.999604106e-14,1.419815862e-13,3.607355737e-13,1.166006192e-14,3.715810184e-13,3.167256177e-14
144.140625,5.54036461e-14,1.010807809e-13,3.065917475e-13,1.351741321e-13,1.063308556e-13,1.519879823e-13,1.73142085e-13,2.881789379e-14,2.01712845e-14,1.248630178e-13,1.019641385e-13,8.424588836e-14,2.12543141e-13,2.064549135e-13,2.044300625e-13,3.472781188e-13,3.534204257e-13,2.141824083e-13,5.471104005e-14,8.780813041e-14,1.165164271e-13,3.198522938e-14,6.735786882e-14,8.605159317e-14,8.796395466e-14,3.364704022e-14,8.077017157e-14,1.39849664e-13,3.598094076e-13,1.187640258e-14,3.724095613e-13,3.195085118e-14
144.1484375,5.804531116e-14,1.003595995e-13,3.096286679e-13,1.365960476e-13,1.064058066e-13,1.506834619e-13,1.729824131e-13,2.892610641e-14,2.011961214e-14,1.239017856e-13,1.023000632e-13,8.327093244e-14,2.104152739e-13,2.09375e-13,2.058729024e-13,3.48317359e-13,3.553721847e-13,2.167002492e-13,5.311338855e-14,8.624647458e-14,1.168884802e-13,3.184663722e-14,6.791487227e-14,8.618464511e-14,8.89815465e-14,3.42565925e-14,8.150242269e-14,1.378103185e-13,3.591268973e-13,1.2102353e-14,3.732716945e-13,3.22423153e-14
144.15625,6.115936652e-14,9.995530314e-14,3.128404049e-13,1.380230947e-13,1.064701647e-13,1.496820768e-13,1.728997898e-13,2.907426253e-14,2.006953e-14,1.230536017e-13,1.02573348e-13,8.23894306e-14,2.080647813e-13,2.125005895e-13,2.0763867e-13,3.497364464e-13,3.576426267e-13,2.19406623e-13,5.154708161e-14,8.487071135e-14,1.173179167e-13,3.172550381e-14,6.850264484e-14,8.633185749e-14,9.000258062e-14,3.492180926e-14,8.223654527e-14,1.358591861e-13,3.586580335e-13,1.234038245e-14,3.741313399e-13,3.254576127e-14
144.1640625,6.459625012e-14,9.957395425e-14,3.163378247e-13,1.395163874e-13,1.066022813e-13,1.488903009e-13,1.728398954e-13,2.926356068e-14,2.002220156e-14,1.222672167e-13,1.028603253e-13,8.163182032e-14,2.057029964e-13,2.158105261e-13,2.096798753e-13,3.516286585e-13,3.602486587e-13,2.223842034e-13,4.999472873e-14,8.358284296e-14,1.177509148e-13,3.159948834e-14,6.910989227e-14,8.646063416e-14,9.105810727e-14,3.565263058e-14,8.312208103e-14,1.339692211e-13,3.585471875e-13,1.258594879e-14,3.751558546e-13,3.285268436e-14
144.171875,6.824749462e-14,9.910281658e-14,3.201145276e-13,1.414010284e-13,1.068614419e-13,1.482835261e-13,1.727609314e-13,2.951372022e-14,1.998148753e-14,1.214355696e-13,1.032524858e-13,8.095846992e-14,2.035491293e-13,2.19292345e-13,2.119436086e-13,3.54118892e-13,3.633139268e-13,2.255893146e-13,4.846991367e-14,8.230637256e-14,1.182622405e-13,3.145766681e-14,6.969969778e-14,8.657954971e-14,9.215416889e-14,3.642496114e-14,8.41368425e-14,1.322030992e-13,3.585730521e-13,1.282846253e-14,3.762704341e-13,3.315650463e-14
144.1796875,7.229778351e-14,9.891889365e-14,3.240763109e-13,1.437103361e-13,1.072804299e-13,1.480374021e-13,1.727208793e-13,2.983657023e-14,1.996504247e-14,1.205755567e-13,1.037139705e-13,8.036751289e-14,2.01537766e-13,2.231084634e-13,2.146008595e-13,3.572881906e-13,3.669404889e-13,2.290592793e-13,4.70045639e-14,8.108171084e-14,1.188757179e-13,3.134326753e-14,7.030104284e-14,8.67493298e-14,9.329421419e-14,3.723627941e-14,8.524282432e-14,1.305696473e-13,3.586177059e-13,1.306383826e-14,3.774588988e-13,3.345566559e-14
144.1875,7.660223232e-14,9.917289761e-14,3.282933631e-13,1.46355758e-13,1.077625003e-13,1.480849947e-13,1.727306211e-13,3.019907188e-14,1.997504331e-14,1.198087411e-13,1.042188199e-13,7.990353727e-14,1.995603769e-13,2.271583817e-13,2.176149441e-13,3.609108974e-13,3.708647947e-13,2.328188307e-13,4.556993254e-14,7.996073828e-14,1.195440557e-13,3.125618389e-14,7.094006814e-14,8.693377535e-14,9.449147568e-14,3.81050799e-14,8.648887809e-14,1.290488335e-13,3.590023302e-13,1.330658579e-14,3.788241909e-13,3.375420816e-14
144.1953125,8.096408045e-14,9.963187983e-14,3.327543017e-13,1.493126277e-13,1.081913749e-13,1.48231495e-13,1.727329146e-13,3.057609814e-14,1.998331231e-14,1.191568752e-13,1.04791153e-13,7.953266393e-14,1.97585621e-13,2.31157764e-13,2.207334187e-13,3.647055908e-13,3.748378804e-13,2.367046445e-13,4.415332289e-14,7.891502153e-14,1.202833346e-13,3.114514984e-14,7.154462732e-14,8.707930063e-14,9.571236523e-14,3.901629296e-14,8.780029222e-14,1.276809466e-13,3.597818214e-13,1.355851287e-14,3.802489556e-13,3.40361704e-14
144.203125,8.575067267e-14,1.002347437e-13,3.373442954e-13,1.523889241e-13,1.087556759e-13,1.486619507e-13,1.727635176e-13,3.099846471e-14,1.999020821e-14,1.18540539e-13,1.054096398e-13,7.922637224e-14,1.956550138e-13,2.353272144e-13,2.241016689e-13,3.688926138e-13,3.791174325e-13,2.407519466e-13,4.283533575e-14,7.785993129e-14,1.211061106e-13,3.104464836e-14,7.207959804e-14,8.727168456e-14,9.69447531e-14,3.99516267e-14,8.911761651e-14,1.26429594e-13,3.607246925e-13,1.380549614e-14,3.817031369e-13,3.428448309e-14
144.2109375,9.109614976e-14,1.010953302e-13,3.421251495e-13,1.555538909e-13,1.095702794e-13,1.494634996e-13,1.728641345e-13,3.148317147e-14,2.001547475e-14,1.179247187e-13,1.06033761e-13,7.902477233e-14,1.938542428e-13,2.39959092e-13,2.279609202e-13,3.737344745e-13,3.838055256e-13,2.451198228e-13,4.163608905e-14,7.677556863e-14,1.219937071e-13,3.10001864e-14,7.261633429e-14,8.751389935e-14,9.82391319e-14,4.093554023e-14,9.054957305e-14,1.252551093e-13,3.618948587e-13,1.406084218e-14,3.833700648e-13,3.453125844e-14
144.21875,9.655178439e-14,1.021221101e-13,3.471261784e-13,1.590734586e-13,1.103707239e-13,1.503225919e-13,1.729608412e-13,3.200047554e-14,2.004630383e-14,1.173258822e-13,1.066645687e-13,7.891165673e-14,1.921483522e-13,2.447553173e-13,2.32109457e-13,3.790199968e-13,3.885446608e-13,2.496646757e-13,4.047279997e-14,7.569084488e-14,1.229793746e-13,3.095232449e-14,7.317716331e-14,8.76646125e-14,9.95893623e-14,4.199158309e-14,9.212004369e-14,1.242294759e-13,3.633766419e-13,1.434139039e-14,3.851676291e-13,3.481266926e-14
144.2265625,1.02097484e-13,1.031086447e-13,3.52247361e-13,1.629025452e-13,1.111172429e-13,1.512507646e-13,1.730468024e-13,3.253355162e-14,2.008577624e-14,1.167642041e-13,1.073103856e-13,7.884345617e-14,1.904443103e-13,2.495226067e-13,2.363437109e-13,3.845994455e-13,3.933814978e-13,2.542951252e-13,3.930483051e-14,7.466588718e-14,1.240813471e-13,3.08786117e-14,7.371657696e-14,8.772179144e-14,1.009442281e-13,4.309527501e-14,9.376175079e-14,1.233271239e-13,3.649844139e-13,1.462490155e-14,3.869034042e-13,3.509654683e-14
144.234375,1.08104147e-13,1.041747718e-13,3.575772684e-13,1.668223444e-13,1.120170198e-13,1.525679606e-13,1.732054324e-13,3.309079821e-14,2.01623513e-14,1.162380483e-13,1.079754907e-13,7.886495883e-14,1.887748832e-13,2.545067513e-13,2.407532769e-13,3.906327709e-13,3.987525553e-13,2.591748738e-13,3.813174352e-14,7.379739234e-14,1.252640928e-13,3.082811436e-14,7.423858651e-14,8.779340001e-14,1.023175434e-13,4.421747259e-14,9.549388021e-14,1.224730079e-13,3.666876378e-13,1.489529381e-14,3.886619199e-13,3.533916492e-14
144.2421875,1.144579623e-13,1.056192231e-13,3.632290298e-13,1.709015042e-13,1.129553514e-13,1.541896812e-13,1.733968899e-13,3.367991012e-14,2.025633142e-14,1.157258708e-13,1.086801984e-13,7.902413637e-14,1.871584588e-13,2.59678223e-13,2.454214189e-13,3.972083501e-13,4.046359778e-13,2.642943479e-13,3.696214219e-14,7.301262105e-14,1.265177259e-13,3.078253186e-14,7.476995067e-14,8.791115435e-14,1.037273436e-13,4.538891838e-14,9.731420298e-14,1.217184688e-13,3.686773171e-13,1.517472485e-14,3.905311768e-13,3.556907334e-14
144.25,1.20855682e-13,1.07286549e-13,3.690683706e-13,1.751370908e-13,1.138716108e-13,1.55838008e-13,1.735557249e-13,3.430789678e-14,2.033845144e-14,1.152468216e-13,1.094141666e-13,7.928969878e-14,1.855612732e-13,2.648734115e-13,2.503850957e-13,4.043104079e-13,4.107276469e-13,2.695952897e-13,3.586716318e-14,7.219998988e-14,1.278219787e-13,3.071861736e-14,7.530259732e-14,8.807289696e-14,1.051597282e-13,4.664780504e-14,9.919303367e-14,1.210381884e-13,3.709923029e-13,1.547695334e-14,3.925022474e-13,3.583150614e-14
144.2578125,1.273617131e-13,1.088475218e-13,3.750069751e-13,1.794604609e-13,1.150141808e-13,1.57518506e-13,1.737516804e-13,3.498529935e-14,2.042433533e-14,1.148254885e-13,1.101485598e-13,7.961495519e-14,1.840806712e-13,2.702671063e-13,2.556443473e-13,4.118297652e-13,4.169486547e-13,2.751787908e-13,3.488924384e-14,7.154667395e-14,1.291375553e-13,3.067646244e-14,7.583330979e-14,8.825663483e-14,1.066478941e-13,4.796635307e-14,1.01179171e-13,1.203807755e-13,3.735611922e-13,1.578495711e-14,3.946485617e-13,3.610650723e-14
144.265625,1.341101124e-13,1.104871648e-13,3.811317577e-13,1.840183593e-13,1.163081955e-13,1.593519627e-13,1.740188123e-13,3.57182705e-14,2.051266114e-14,1.144246472e-13,1.109330728e-13,7.997898841e-14,1.827859064e-13,2.758730744e-13,2.610766281e-13,4.195496922e-13,4.232630083e-13,2.809407786e-13,3.3958836e-14,7.113180723e-14,1.30514143e-13,3.064830468e-14,7.637189422e-14,8.842912378e-14,1.082082985e-13,4.932172032e-14,1.032861276e-13,1.198623936e-13,3.763855886e-13,1.608205324e-14,3.969333315e-13,3.63569814e-14
144.2734375,1.410495433e-13,1.124550451e-13,3.874751887e-13,1.887660824e-13,1.175151659e-13,1.614031168e-13,1.743124055e-13,3.649227409e-14,2.05872314e-14,1.140430544e-13,1.11814235e-13,8.03872231e-14,1.815711848e-13,2.814612055e-13,2.666644288e-13,4.275167557e-13,4.296449134e-13,2.867081312e-13,3.303101645e-14,7.070558843e-14,1.320290739e-13,3.059920666e-14,7.690673263e-14,8.861039785e-14,1.097775968e-13,5.073390236e-14,1.054664008e-13,1.194764965e-13,3.794029761e-13,1.637009416e-14,3.992036793e-13,3.659586078e-14
144.28125,1.481453787e-13,1.146177691e-13,3.939968354e-13,1.93592432e-13,1.187962753e-13,1.636868737e-13,1.746627873e-13,3.72995297e-14,2.066535869e-14,1.137265407e-13,1.127073789e-13,8.086464402e-14,1.804195457e-13,2.871438717e-13,2.725741491e-13,4.360167237e-13,4.362612265e-13,2.926413515e-13,3.215434671e-14,7.028723782e-14,1.336635449e-13,3.055425835e-14,7.742362848e-14,8.879462388e-14,1.113445254e-13,5.21900069e-14,1.077323055e-13,1.19111105e-13,3.825190909e-13,1.665899411e-14,4.014924474e-13,3.68461194e-14
144.2890625,1.554900881e-13,1.169120833e-13,4.006495812e-13,1.987235305e-13,1.202337897e-13,1.661088193e-13,1.750810803e-13,3.817517442e-14,2.074684133e-14,1.134478833e-13,1.135453966e-13,8.141097079e-14,1.794217271e-13,2.931000543e-13,2.788245411e-13,4.450511392e-13,4.43231397e-13,2.9886592e-13,3.134491189e-14,7.008088637e-14,1.353769475e-13,3.052156579e-14,7.794163134e-14,8.893872917e-14,1.129692539e-13,5.368579936e-14,1.101280307e-13,1.188801862e-13,3.858327055e-13,1.695872389e-14,4.038928476e-13,3.70995043e-14
144.296875,1.630956076e-13,1.193689802e-13,4.074129544e-13,2.041108423e-13,1.215976427e-13,1.685580969e-13,1.754807609e-13,3.911446952e-14,2.081685414e-14,1.131637078e-13,1.143963068e-13,8.201174898e-14,1.785225175e-13,2.991471732e-13,2.852250093e-13,4.54367425e-13,4.5042691e-13,3.052189373e-13,3.055415512e-14,6.998112683e-14,1.371812579e-13,3.047273911e-14,7.847787667e-14,8.907433535e-14,1.146455149e-13,5.526071319e-14,1.126617099e-13,1.188278553e-13,3.894536839e-13,1.727315722e-14,4.063865643e-13,3.734557622e-14
144.3046875,1.708015287e-13,1.218585011e-13,4.143242772e-13,2.094172111e-13,1.229260392e-13,1.710636384e-13,1.758465227e-13,4.003764722e-14,2.090718494e-14,1.128821486e-13,1.153063226e-13,8.269557219e-14,1.776306498e-13,3.051896938e-13,2.917085072e-13,4.638929079e-13,4.577046185e-13,3.116760332e-13,2.978878967e-14,6.990887488e-14,1.390853661e-13,3.042628283e-14,7.900224033e-14,8.924308455e-14,1.163364004e-13,5.689552073e-14,1.153228944e-13,1.187707307e-13,3.933242687e-13,1.758530886e-14,4.090455465e-13,3.758022609e-14
144.3125,1.786356812e-13,1.243925709e-13,4.213165445e-13,2.148165532e-13,1.24435345e-13,1.737270455e-13,1.762401888e-13,4.094783555e-14,2.103217799e-14,1.125977738e-13,1.162291727e-13,8.347479261e-14,1.76799371e-13,3.11412561e-13,2.984488524e-13,4.738146229e-13,4.651450355e-13,3.184473944e-13,2.912508318e-14,6.995211072e-14,1.410638463e-13,3.041200937e-14,7.949713078e-14,8.941317234e-14,1.18080248e-13,5.855975991e-14,1.181147703e-13,1.187159328e-13,3.974263863e-13,1.787539796e-14,4.119435693e-13,3.77952891e-14
144.3203125,1.868657071e-13,1.271994538e-13,4.282587275e-13,2.205747152e-13,1.260767494e-13,1.765732984e-13,1.766821824e-13,4.194175686e-14,2.114982208e-14,1.12325175e-13,1.171314143e-13,8.428318746e-14,1.760990022e-13,3.178890254e-13,3.055752601e-13,4.843443477e-13,4.729435021e-13,3.255905034e-13,2.857398703e-14,7.007168233e-14,1.431034311e-13,3.041276404e-14,8.000145446e-14,8.955197631e-14,1.199240438e-13,6.029913683e-14,1.210261939e-13,1.188199752e-13,4.016977309e-13,1.81646511e-14,4.14892348e-13,3.800908797e-14
144.328125,1.954659224e-13,1.30353028e-13,4.35306001e-13,2.264857141e-13,1.277391234e-13,1.795600309e-13,1.771921201e-13,4.301801812e-14,2.125015447e-14,1.12104267e-13,1.180369844e-13,8.508829248e-14,1.755256834e-13,3.245339122e-13,3.129990663e-13,4.955024412e-13,4.811119071e-13,3.329320299e-13,2.805786438e-14,7.028086699e-14,1.452374969e-13,3.040622027e-14,8.052616828e-14,8.966997513e-14,1.218475859e-13,6.212616129e-14,1.239860861e-13,1.190919597e-13,4.05970484e-13,1.84876622e-14,4.177570651e-13,3.825906051e-14
144.3359375,2.041819107e-13,1.336237599e-13,4.426848243e-13,2.324229551e-13,1.294127012e-13,1.826775585e-13,1.777823573e-13,4.410058698e-14,2.135692326e-14,1.119030262e-13,1.189641893e-13,8.594651417e-14,1.75054077e-13,3.312842492e-13,3.206428294e-13,5.071931455e-13,4.895128114e-13,3.403729013e-13,2.754294977e-14,7.065662051e-14,1.474638059e-13,3.038887197e-14,8.104588139e-14,8.980919818e-14,1.238070519e-13,6.401901301e-14,1.270065492e-13,1.194696018e-13,4.104019255e-13,1.883101287e-14,4.207523945e-13,3.853633147e-14
144.34375,2.130179836e-13,1.367898711e-13,4.502364988e-13,2.384920877e-13,1.310902726e-13,1.859307893e-13,1.784080911e-13,4.519445008e-14,2.14692682e-14,1.116840988e-13,1.198458917e-13,8.687230133e-14,1.74699138e-13,3.381199959e-13,3.285647484e-13,5.193897721e-13,4.981445854e-13,3.479898638e-13,2.706957347e-14,7.112289221e-14,1.496981507e-13,3.036486994e-14,8.158769817e-14,9.000379982e-14,1.257865697e-13,6.599686562e-14,1.302496418e-13,1.199009378e-13,4.152153938e-13,1.916531762e-14,4.240282241e-13,3.879811969e-14
144.3515625,2.220242185e-13,1.4008545e-13,4.577871769e-13,2.446939095e-13,1.328577431e-13,1.892930142e-13,1.790616744e-13,4.633915132e-14,2.158897329e-14,1.114807981e-13,1.206355043e-13,8.782855863e-14,1.745290415e-13,3.450752313e-13,3.367924993e-13,5.320762713e-13,5.070254944e-13,3.557846615e-13,2.666324206e-14,7.166679299e-14,1.51953119e-13,3.035013119e-14,8.217600835e-14,9.022304061e-14,1.277997166e-13,6.802632052e-14,1.337117828e-13,1.204061962e-13,4.200994181e-13,1.949875227e-14,4.274237865e-13,3.904560117e-14
144.359375,2.311323437e-13,1.438214962e-13,4.65488795e-13,2.509921384e-13,1.348009255e-13,1.927798378e-13,1.797826223e-13,4.752815765e-14,2.172429748e-14,1.113105315e-13,1.214528808e-13,8.884531157e-14,1.745225911e-13,3.52187723e-13,3.453602376e-13,5.453011662e-13,5.160817132e-13,3.636800142e-13,2.631922781e-14,7.233378295e-14,1.543668032e-13,3.035513822e-14,8.275854324e-14,9.041587855e-14,1.298591823e-13,7.005997415e-14,1.371876046e-13,1.210737135e-13,4.248363538e-13,1.984321072e-14,4.308483379e-13,3.931407166e-14
144.3671875,2.404426727e-13,1.476992167e-13,4.73336665e-13,2.573444649e-13,1.367994725e-13,1.9642821e-13,1.805676812e-13,4.874950753e-14,2.186218726e-14,1.111656024e-13,1.22353855e-13,8.996014626e-14,1.745507827e-13,3.594333515e-13,3.543450776e-13,5.592479082e-13,5.254303667e-13,3.71754638e-13,2.603216442e-14,7.304920359e-14,1.569408295e-13,3.036981216e-14,8.330886369e-14,9.057677968e-14,1.31963906e-13,7.215323128e-14,1.406694051e-13,1.218545803e-13,4.297727071e-13,2.018343222e-14,4.343824262e-13,3.961175258e-14
144.375,2.499832674e-13,1.514069266e-13,4.810909582e-13,2.636704331e-13,1.387337199e-13,2.001817326e-13,1.814117361e-13,5.000235692e-14,2.199697128e-14,1.110555636e-13,1.231692201e-13,9.112053765e-14,1.746289839e-13,3.667577297e-13,3.63603132e-13,5.738174474e-13,5.351821639e-13,3.800279516e-13,2.578898659e-14,7.384916501e-14,1.595632307e-13,3.038222317e-14,8.387373939e-14,9.07220071e-14,1.341158274e-13,7.433744718e-14,1.442911634e-13,1.226577162e-13,4.349990637e-13,2.050877295e-14,4.379755353e-13,3.993428959e-14
144.3828125,2.595485005e-13,1.552061107e-13,4.887649753e-13,2.699107473e-13,1.406685067e-13,2.039769555e-13,1.823217575e-13,5.127896873e-14,2.213597179e-14,1.10979012e-13,1.238347438e-13,9.228272608e-14,1.748652424e-13,3.740964427e-13,3.728613276e-13,5.885644399e-13,5.450853004e-13,3.883036667e-13,2.557546818e-14,7.485170911e-14,1.62225518e-13,3.039020747e-14,8.447255247e-14,9.086921103e-14,1.363019905e-13,7.65714873e-14,1.480044335e-13,1.235086738e-13,4.40187786e-13,2.082910846e-14,4.414933482e-13,4.028984823e-14
144.390625,2.691901786e-13,1.59206276e-13,4.96511207e-13,2.760178309e-13,1.426809836e-13,2.078473179e-13,1.832629455e-13,5.257000122e-14,2.228298492e-14,1.109375193e-13,1.244822741e-13,9.34901833e-14,1.752034426e-13,3.814876169e-13,3.821578195e-13,6.033926376e-13,5.550419859e-13,3.966362121e-13,2.539285737e-14,7.601719746e-14,1.649274026e-13,3.040261895e-14,8.50823837e-14,9.103527782e-14,1.385003256e-13,7.885314211e-14,1.517378676e-13,1.243668764e-13,4.453185654e-13,2.115678544e-14,4.450099675e-13,4.066381583e-14
144.3984375,2.790714581e-13,1.632011276e-13,5.04408516e-13,2.821035331e-13,1.447528206e-13,2.11808838e-13,1.842313887e-13,5.387714051e-14,2.244734588e-14,1.109375222e-13,1.251568946e-13,9.478933341e-14,1.756072363e-13,3.890998613e-13,3.917936504e-13,6.18724588e-13,5.6536001e-13,4.053200664e-13,2.52487407e-14,7.728953158e-14,1.676324028e-13,3.042887026e-14,8.57051709e-14,9.121412976e-14,1.407475872e-13,8.120187702e-14,1.555899691e-13,1.252166508e-13,4.50650286e-13,2.150342174e-14,4.487515544e-13,4.103208561e-14
144.40625,2.890232399e-13,1.672853365e-13,5.126262784e-13,2.883193685e-13,1.468347876e-13,2.158093481e-13,1.852892111e-13,5.522698438e-14,2.261927174e-14,1.109668999e-13,1.258299896e-13,9.614971005e-14,1.761990314e-13,3.969396014e-13,4.019328261e-13,6.34907668e-13,5.761413745e-13,4.142992402e-13,2.514636131e-14,7.869307011e-14,1.703972978e-13,3.045436904e-14,8.635619238e-14,9.136883563e-14,1.431008467e-13,8.364886635e-14,1.59641247e-13,1.26208689e-13,4.56255402e-13,2.187965895e-14,4.527301828e-13,4.14230524e-14
144.4140625,2.990149177e-13,1.716235448e-13,5.2111594e-13,2.94502688e-13,1.489471743e-13,2.19844327e-13,1.864578282e-13,5.664108938e-14,2.277672653e-14,1.110421204e-13,1.26504595e-13,9.750159053e-14,1.769716993e-13,4.048689378e-13,4.124460233e-13,6.518191375e-13,5.87242732e-13,4.233600425e-13,2.509146026e-14,8.027271742e-14,1.732399623e-13,3.046795885e-14,8.702625507e-14,9.147387512e-14,1.455367481e-13,8.620968823e-14,1.63825123e-13,1.273387772e-13,4.619659375e-13,2.227545223e-14,4.567085257e-13,4.18691112e-14
144.421875,3.092653799e-13,1.760619115e-13,5.295004678e-13,3.00519009e-13,1.511700212e-13,2.239543188e-13,1.876739976e-13,5.809126154e-14,2.293839437e-14,1.111801954e-13,1.271719746e-13,9.885727282e-14,1.77801965e-13,4.12914233e-13,4.230881936e-13,6.690239478e-13,5.986053187e-13,4.326089656e-13,2.510127283e-14,8.204308128e-14,1.760724787e-13,3.049861991e-14,8.769928597e-14,9.157286427e-14,1.479906231e-13,8.880033804e-14,1.680703408e-13,1.284241328e-13,4.676635189e-13,2.266704652e-14,4.606747728e-13,4.232408409e-14
144.4296875,3.195867092e-13,1.803617086e-13,5.377974729e-13,3.065047508e-13,1.53449597e-13,2.281199654e-13,1.888594977e-13,5.95493358e-14,2.311859835e-14,1.113359157e-13,1.278511578e-13,1.003073308e-13,1.787078188e-13,4.210615432e-13,4.338348913e-13,6.86367864e-13,6.100960146e-13,4.421105945e-13,2.517513101e-14,8.396700907e-14,1.788931522e-13,3.055768588e-14,8.837594623e-14,9.170220811e-14,1.504265574e-13,9.139393852e-14,1.72425235e-13,1.293874901e-13,4.735148534e-13,2.305409596e-14,4.648624442e-13,4.274198745e-14
144.4375,3.29757362e-13,1.845154972e-13,5.463201447e-13,3.124696588e-13,1.556638854e-13,2.323205295e-13,1.90041118e-13,6.104010687e-14,2.329001757e-14,1.114948811e-13,1.285259772e-13,1.018368652e-13,1.797345272e-13,4.29171137e-13,4.448504554e-13,7.041656205e-13,6.216616818e-13,4.516354964e-13,2.526693514e-14,8.61427376e-14,1.817471869e-13,3.061149693e-14,8.907264339e-14,9.179716556e-14,1.528431079e-13,9.407971514e-14,1.769179414e-13,1.302716312e-13,4.795969074e-13,2.344586876e-14,4.691846687e-13,4.316596234e-14
144.4453125,3.401391608e-13,1.888603426e-13,5.548846622e-13,3.184404953e-13,1.57890229e-13,2.366199827e-13,1.913383922e-13,6.258697412e-14,2.345442177e-14,1.117132404e-13,1.291023685e-13,1.033396661e-13,1.808482747e-13,4.373652305e-13,4.561082958e-13,7.225441175e-13,6.335450159e-13,4.611037757e-13,2.534656911e-14,8.865410244e-14,1.846256538e-13,3.06517485e-14,8.979883e-14,9.184482374e-14,1.552764394e-13,9.680823724e-14,1.814349142e-13,1.312536413e-13,4.856177805e-13,2.382758304e-14,4.733881082e-13,4.363285004e-14
144.453125,3.508540899e-13,1.935318383e-13,5.631867035e-13,3.245233354e-13,1.601827049e-13,2.410000532e-13,1.927343317e-13,6.417131095e-14,2.363325529e-14,1.120183739e-13,1.29609051e-13,1.048255005e-13,1.820460591e-13,4.457509186e-13,4.674594256e-13,7.412339102e-13,6.457548721e-13,4.706436605e-13,2.544334531e-14,9.124530416e-14,1.875376804e-13,3.06868077e-14,9.0515912e-14,9.194598244e-14,1.577303008e-13,9.947555482e-14,1.859250489e-13,1.324387361e-13,4.914794593e-13,2.419782311e-14,4.775647745e-13,4.410753051e-14
144.4609375,3.614229902e-13,1.98067332e-13,5.713947545e-13,3.304004854e-13,1.623777595e-13,2.453199978e-13,1.940984615e-13,6.575458615e-14,2.381368047e-14,1.123909507e-13,1.301395652e-13,1.063632565e-13,1.833130535e-13,4.541001903e-13,4.789456367e-13,7.601132917e-13,6.579965284e-13,4.802351694e-13,2.557753404e-14,9.380569664e-14,1.904445006e-13,3.070025844e-14,9.116667849e-14,9.209635355e-14,1.601512179e-13,1.021620474e-13,1.904796542e-13,1.335692463e-13,4.974092587e-13,2.458752698e-14,4.818434433e-13,4.45805066e-14
144.46875,3.718352306e-13,2.023157799e-13,5.796898243e-13,3.358503673e-13,1.644993336e-13,2.496351011e-13,1.954823746e-13,6.731127395e-14,2.399709143e-14,1.127764511e-13,1.306484112e-13,1.079375613e-13,1.846266828e-13,4.624614535e-13,4.907117034e-13,7.793298802e-13,6.703196503e-13,4.898334946e-13,2.574191087e-14,9.657057114e-14,1.932759256e-13,3.071170936e-14,9.177234233e-14,9.222575372e-14,1.625639795e-13,1.049293065e-13,1.951153465e-13,1.345072244e-13,5.034418717e-13,2.499726938e-14,4.861873045e-13,4.508107061e-14
144.4765625,3.825193296e-13,2.067017197e-13,5.879216603e-13,3.412980982e-13,1.667588127e-13,2.541410447e-13,1.96993378e-13,6.888560041e-14,2.41992161e-14,1.131147166e-13,1.310815808e-13,1.095290178e-13,1.86048716e-13,4.71090965e-13,5.028242709e-13,7.990556661e-13,6.829517601e-13,4.995453453e-13,2.59518824e-14,9.951927787e-14,1.960999823e-13,3.07616724e-14,9.23998083e-14,9.238632016e-14,1.650344934e-13,1.077067924e-13,1.997700405e-13,1.355116537e-13,5.09476275e-13,2.538799983e-14,4.906331048e-13,4.558754471e-14
144.484375,3.933239848e-13,2.111810625e-13,5.958845842e-13,3.468958788e-13,1.691092556e-13,2.58764758e-13,1.985360375e-13,7.05601345e-14,2.44002319e-14,1.134583197e-13,1.314302596e-13,1.111294165e-13,1.8758953e-13,4.797257774e-13,5.151832429e-13,8.192624387e-13,6.957304206e-13,5.093332549e-13,2.621036517e-14,1.025693073e-13,1.989722884e-13,3.082413288e-14,9.304527996e-14,9.259932081e-14,1.675077652e-13,1.104806533e-13,2.044196311e-13,1.366324487e-13,5.154169502e-13,2.574634589e-14,4.950747875e-13,4.607488957e-14
144.4921875,4.039164184e-13,2.155171683e-13,6.036002455e-13,3.523127522e-13,1.714252178e-13,2.633300071e-13,2.000484237e-13,7.232204284e-14,2.458989705e-14,1.139007386e-13,1.316781013e-13,1.127117217e-13,1.891834002e-13,4.88137352e-13,5.276063461e-13,8.396805095e-13,7.084481956e-13,5.190039193e-13,2.648264301e-14,1.058967051e-13,2.018206187e-13,3.086691274e-14,9.367629957e-14,9.279068502e-14,1.699246338e-13,1.132786555e-13,2.090516068e-13,1.377275528e-13,5.211011459e-13,2.61008229e-14,4.993588674e-13,4.658823431e-14
144.5,4.144681126e-13,2.200327853e-13,6.112918961e-13,3.576328693e-13,1.737335988e-13,2.678818977e-13,2.016232707e-13,7.410623217e-14,2.478430109e-14,1.14389185e-13,1.319150932e-13,1.143224263e-13,1.908552341e-13,4.966265539e-13,5.402041765e-13,8.603392863e-13,7.212873747e-13,5.28568709e-13,2.676417797e-14,1.094419528e-13,2.046510769e-13,3.090663249e-14,9.430733804e-14,9.297957297e-14,1.723298685e-13,1.160971183e-13,2.136820686e-13,1.389069371e-13,5.265836027e-13,2.647657149e-14,5.036975032e-13,4.715771408e-14
144.5078125,4.251000066e-13,2.247904441e-13,6.189495356e-13,3.630500331e-13,1.759665825e-13,2.724745151e-13,2.032778752e-13,7.593676001e-14,2.49805112e-14,1.148687708e-13,1.321945055e-13,1.15995113e-13,1.926237376e-13,5.052305394e-13,5.532494329e-13,8.816200557e-13,7.344470054e-13,5.381575056e-13,2.708148503e-14,1.130157764e-13,2.074855144e-13,3.0942666e-14,9.494920034e-14,9.321162319e-14,1.747502771e-13,1.189503811e-13,2.183356588e-13,1.401904763e-13,5.320453081e-13,2.685555417e-14,5.081893345e-13,4.775282971e-14
144.515625,4.35743947e-13,2.293722432e-13,6.263533982e-13,3.682393609e-13,1.780956757e-13,2.771169345e-13,2.050009094e-13,7.785094787e-14,2.517679226e-14,1.154341342e-13,1.323784358e-13,1.17660604e-13,1.94460292e-13,5.137910206e-13,5.667114732e-13,9.035744446e-13,7.479368488e-13,5.478384094e-13,2.744457097e-14,1.166663014e-13,2.102147602e-13,3.097558803e-14,9.559744377e-14,9.345746061e-14,1.772090523e-13,1.218667671e-13,2.230508721e-13,1.413620233e-13,5.374664196e-13,2.720495176e-14,5.126571027e-13,4.836597685e-14
144.5234375,4.465651126e-13,2.338012178e-13,6.336421922e-13,3.730182276e-13,1.80302995e-13,2.819002846e-13,2.068280011e-13,7.982606858e-14,2.538035761e-14,1.161040353e-13,1.324282853e-13,1.19340168e-13,1.964764526e-13,5.225970051e-13,5.805544181e-13,9.261985256e-13,7.618848492e-13,5.577543087e-13,2.786963187e-14,1.20450863e-13,2.128142063e-13,3.103552477e-14,9.625439415e-14,9.372616395e-14,1.797537186e-13,1.248883571e-13,2.279717895e-13,1.424105455e-13,5.428917641e-13,2.754574734e-14,5.17256758e-13,4.902168972e-14
144.53125,4.575297519e-13,2.382811428e-13,6.409462931e-13,3.77723772e-13,1.825955588e-13,2.867406606e-13,2.086925413e-13,8.186293556e-14,2.55802189e-14,1.167580127e-13,1.324509195e-13,1.210997382e-13,1.987499385e-13,5.317075999e-13,5.948390113e-13,9.496187233e-13,7.762882747e-13,5.679014847e-13,2.83656404e-14,1.244542895e-13,2.15393049e-13,3.110954095e-14,9.689992883e-14,9.400784926e-14,1.823325531e-13,1.279967849e-13,2.330919449e-13,1.434815902e-13,5.48351603e-13,2.791597202e-14,5.221091322e-13,4.971509033e-14
144.5390625,4.68298996e-13,2.426695762e-13,6.479484182e-13,3.824752242e-13,1.848168473e-13,2.914449378e-13,2.105427507e-13,8.395130126e-14,2.57759491e-14,1.173873951e-13,1.324375066e-13,1.228305279e-13,2.011046552e-13,5.407038129e-13,6.092423089e-13,9.732954265e-13,7.907039742e-13,5.779489572e-13,2.888785312e-14,1.286660545e-13,2.179992002e-13,3.117212156e-14,9.753210516e-14,9.42330407e-14,1.848800343e-13,1.310397819e-13,2.381226403e-13,1.445749728e-13,5.536105079e-13,2.828760354e-14,5.26920409e-13,5.041998663e-14
144.546875,4.789531931e-13,2.470048673e-13,6.546452455e-13,3.869288488e-13,1.870070452e-13,2.961049348e-13,2.124555893e-13,8.604278614e-14,2.597977658e-14,1.180742372e-13,1.323550549e-13,1.244702086e-13,2.033924412e-13,5.495679561e-13,6.235543269e-13,9.967304122e-13,8.049625776e-13,5.877609913e-13,2.94054859e-14,1.328365711e-13,2.206283003e-13,3.124967988e-14,9.817890558e-14,9.447615415e-14,1.874245371e-13,1.339637974e-13,2.430173208e-13,1.456015068e-13,5.587020253e-13,2.862583202e-14,5.316611629e-13,5.112463341e-14
144.5546875,4.897114562e-13,2.514776331e-13,6.613897049e-13,3.910103253e-13,1.891905698e-13,3.008598114e-13,2.144281893e-13,8.816384148e-14,2.618243607e-14,1.188110237e-13,1.322236729e-13,1.261452532e-13,2.056555177e-13,5.584505998e-13,6.381066158e-13,1.020443453e-12,8.194068514e-13,5.974849019e-13,2.995001116e-14,1.370753668e-13,2.232381653e-13,3.134117641e-14,9.880672105e-14,9.485519089e-14,1.899386338e-13,1.368994884e-13,2.480185889e-13,1.465570095e-13,5.638869146e-13,2.895569116e-14,5.364625943e-13,5.183674308e-14
144.5625,5.003183436e-13,2.559134636e-13,6.680623049e-13,3.9509912e-13,1.912246607e-13,3.05631075e-13,2.16402217e-13,9.034736114e-14,2.637617253e-14,1.195940902e-13,1.319813672e-13,1.278628994e-13,2.079386142e-13,5.670926075e-13,6.528913117e-13,1.044620085e-12,8.340147503e-13,6.070463362e-13,3.052756957e-14,1.416694808e-13,2.257333545e-13,3.140101774e-14,9.937877128e-14,9.525430648e-14,1.923603691e-13,1.398684043e-13,2.530663171e-13,1.475634938e-13,5.689836295e-13,2.929547202e-14,5.410944823e-13,5.25712299e-14
144.5703125,5.106448277e-13,2.601501362e-13,6.743808551e-13,3.992345111e-13,1.931018554e-13,3.103559918e-13,2.184013728e-13,9.25383779e-14,2.65677582e-14,1.204888948e-13,1.316017587e-13,1.295053902e-13,2.102636828e-13,5.754504223e-13,6.675332163e-13,1.068681023e-12,8.485250493e-13,6.163427297e-13,3.111022278e-14,1.464689107e-13,2.281131646e-13,3.143027395e-14,9.995980422e-14,9.553956285e-14,1.947354046e-13,1.427989961e-13,2.579461576e-13,1.486352832e-13,5.737615166e-13,2.963300062e-14,5.454726492e-13,5.33270088e-14
144.578125,5.209543211e-13,2.643087118e-13,6.8038865e-13,4.029982352e-13,1.94940612e-13,3.149786785e-13,2.203989902e-13,9.473438946e-14,2.676102979e-14,1.214887152e-13,1.311899281e-13,1.310983422e-13,2.126462142e-13,5.838379339e-13,6.821578107e-13,1.092702682e-12,8.631350598e-13,6.255206281e-13,3.171816406e-14,1.514488598e-13,2.304519223e-13,3.146378507e-14,1.006040622e-13,9.582472224e-14,1.970990139e-13,1.457482309e-13,2.627745727e-13,1.495787698e-13,5.784107228e-13,2.997043024e-14,5.497983575e-13,5.409363688e-14
144.5859375,5.312176758e-13,2.684341673e-13,6.861691609e-13,4.063524754e-13,1.967559871e-13,3.194399684e-13,2.223716878e-13,9.699459478e-14,2.696281749e-14,1.225377741e-13,1.307942214e-13,1.327203418e-13,2.150461683e-13,5.92249008e-13,6.97043285e-13,1.117085473e-12,8.779451468e-13,6.345625605e-13,3.237208438e-14,1.567154351e-13,2.327375705e-13,3.150777428e-14,1.012665238e-13,9.623468967e-14,1.994208912e-13,1.487674014e-13,2.677264843e-13,1.50398141e-13,5.830862536e-13,3.030550693e-14,5.540764204e-13,5.488296018e-14
144.59375,5.412407852e-13,2.725716344e-13,6.917917771e-13,4.096643317e-13,1.984852016e-13,3.238863892e-13,2.244160804e-13,9.932243421e-14,2.716564131e-14,1.236682163e-13,1.303564658e-13,1.343429403e-13,2.174671983e-13,6.00488004e-13,7.121308425e-13,1.141676448e-12,8.92689641e-13,6.432922493e-13,3.304038851e-14,1.620095238e-13,2.349335331e-13,3.154668862e-14,1.018994342e-13,9.671220957e-14,2.01709751e-13,1.518063954e-13,2.727006149e-13,1.513412142e-13,5.876977117e-13,3.062636258e-14,5.582197695e-13,5.571958828e-14
144.6015625,5.512460045e-13,2.768835074e-13,6.972445554e-13,4.130329553e-13,2.001185424e-13,3.284095093e-13,2.265096168e-13,1.017073226e-13,2.73440328e-14,1.249063042e-13,1.298515572e-13,1.359257238e-13,2.199660763e-13,6.08637767e-13,7.27374619e-13,1.166369349e-12,9.074235218e-13,6.517956671e-13,3.373142497e-14,1.673693415e-13,2.370378542e-13,3.15748906e-14,1.025172223e-13,9.717019797e-14,2.039648602e-13,1.548471927e-13,2.775639993e-13,1.523967947e-13,5.920825956e-13,3.094736609e-14,5.621818056e-13,5.66065682e-14
144.609375,5.614585151e-13,2.81286501e-13,7.024102381e-13,4.16340557e-13,2.017575335e-13,3.328824321e-13,2.285060868e-13,1.041251533e-13,2.750348581e-14,1.261576467e-13,1.293247414e-13,1.374891146e-13,2.225501596e-13,6.168791013e-13,7.427425853e-13,1.191159326e-12,9.223047553e-13,6.60219035e-13,3.449254255e-14,1.730422648e-13,2.3902625e-13,3.1608757e-14,1.031426042e-13,9.759602878e-14,2.061486453e-13,1.578879972e-13,2.823731795e-13,1.533325448e-13,5.961159497e-13,3.128396522e-14,5.659495952e-13,5.751741616e-14
144.6171875,5.71616871e-13,2.856046512e-13,7.074032379e-13,4.195249478e-13,2.034237494e-13,3.372911422e-13,2.304282818e-13,1.065452675e-13,2.766288781e-14,1.273717352e-13,1.287972775e-13,1.390486929e-13,2.252000354e-13,6.251040255e-13,7.580996005e-13,1.215835432e-12,9.371053043e-13,6.68425371e-13,3.528769931e-14,1.787958448e-13,2.409151134e-13,3.16465421e-14,1.037433919e-13,9.804439602e-14,2.082612199e-13,1.609039208e-13,2.871525633e-13,1.54135665e-13,5.998475053e-13,3.16233741e-14,5.696579323e-13,5.842677141e-14
144.625,5.815332717e-13,2.899732303e-13,7.121680406e-13,4.225593745e-13,2.049271628e-13,3.416686897e-13,2.323601653e-13,1.090331917e-13,2.781182348e-14,1.286543494e-13,1.281950382e-13,1.405539088e-13,2.27857027e-13,6.330027868e-13,7.734159776e-13,1.240452109e-12,9.517229734e-13,6.76217072e-13,3.604853205e-14,1.84570088e-13,2.427789117e-13,3.165516637e-14,1.04289024e-13,9.858957714e-14,2.103005217e-13,1.638953198e-13,2.917305123e-13,1.550024404e-13,6.033275743e-13,3.195298939e-14,5.732655514e-13,5.935026961e-14
144.6328125,5.915526642e-13,2.945048382e-13,7.162560344e-13,4.256030176e-13,2.062306407e-13,3.459753665e-13,2.342575063e-13,1.116235218e-13,2.795455511e-14,1.300618361e-13,1.274318134e-13,1.419710862e-13,2.30468604e-13,6.406524595e-13,7.887730497e-13,1.265285622e-12,9.664133733e-13,6.836725183e-13,3.680611223e-14,1.905183443e-13,2.446245468e-13,3.164558272e-14,1.04825546e-13,9.919604412e-14,2.122378013e-13,1.668367518e-13,2.960667893e-13,1.56042841e-13,6.064712454e-13,3.227675872e-14,5.765390733e-13,6.031141065e-14
144.640625,6.017704175e-13,2.990305309e-13,7.197463952e-13,4.287934602e-13,2.074997243e-13,3.502813613e-13,2.360977817e-13,1.142339924e-13,2.811419476e-14,1.315150268e-13,1.265007485e-13,1.433769256e-13,2.331103105e-13,6.483962837e-13,8.042724792e-13,1.290367871e-12,9.812240678e-13,6.909746771e-13,3.76072098e-14,1.96440178e-13,2.463833063e-13,3.16548289e-14,1.053641268e-13,9.975898223e-14,2.140666581e-13,1.696920397e-13,3.003668251e-13,1.57120488e-13,6.093181044e-13,3.25990199e-14,5.795666471e-13,6.12909958e-14
144.6484375,6.115890754e-13,3.034172314e-13,7.230778633e-13,4.318274751e-13,2.086469841e-13,3.545298404e-13,2.379219549e-13,1.16872049e-13,2.827446109e-14,1.330013682e-13,1.254367082e-13,1.448050256e-13,2.357863364e-13,6.559673111e-13,8.198203673e-13,1.315429188e-12,9.95813002e-13,6.979932394e-13,3.839817934e-14,2.024017377e-13,2.479992849e-13,3.165869484e-14,1.058462195e-13,1.003057584e-13,2.157872044e-13,1.725072998e-13,3.04640503e-13,1.580253592e-13,6.119391546e-13,3.291069803e-14,5.82486222e-13,6.228156897e-14
144.65625,6.209055367e-13,3.077087237e-13,7.260868162e-13,4.345009419e-13,2.095315278e-13,3.585579445e-13,2.397285706e-13,1.19592776e-13,2.841356482e-14,1.345863745e-13,1.242902681e-13,1.461608104e-13,2.383558385e-13,6.62981412e-13,8.351208163e-13,1.340105843e-12,1.009999735e-12,7.045062963e-13,3.913647441e-14,2.086135907e-13,2.494778072e-13,3.163601301e-14,1.063086074e-13,1.009426556e-13,2.174080678e-13,1.75307218e-13,3.087351399e-13,1.588297661e-13,6.142727192e-13,3.320123385e-14,5.851923165e-13,6.330522462e-14
144.6640625,6.304276057e-13,3.12045694e-13,7.284830214e-13,4.371358309e-13,2.103161792e-13,3.625384086e-13,2.415118011e-13,1.223368699e-13,2.856129849e-14,1.362705697e-13,1.230934983e-13,1.474161744e-13,2.408638376e-13,6.698902819e-13,8.502707554e-13,1.364460496e-12,1.024060666e-12,7.10643943e-13,3.988359243e-14,2.148133593e-13,2.509163516e-13,3.162153202e-14,1.068076742e-13,1.016635503e-13,2.189590439e-13,1.78014051e-13,3.127279305e-13,1.597994317e-13,6.163478881e-13,3.348097098e-14,5.877521462e-13,6.433498553e-14
144.671875,6.401045977e-13,3.164317582e-13,7.303574559e-13,4.398217205e-13,2.110762881e-13,3.665709544e-13,2.432952885e-13,1.250763175e-13,2.874600165e-14,1.380419218e-13,1.218233732e-13,1.485998642e-13,2.434082699e-13,6.769818245e-13,8.655947446e-13,1.388832638e-12,1.038139078e-12,7.165235598e-13,4.067025772e-14,2.20985985e-13,2.524126757e-13,3.16164256e-14,1.072669914e-13,1.023735873e-13,2.204475144e-13,1.8060125e-13,3.166736297e-13,1.609422875e-13,6.181706415e-13,3.376194241e-14,5.902073334e-13,6.533690678e-14
144.6796875,6.491750489e-13,3.205664375e-13,7.318685018e-13,4.422792116e-13,2.117093597e-13,3.704419793e-13,2.451002259e-13,1.278295814e-13,2.893632266e-14,1.398761065e-13,1.204951702e-13,1.496777719e-13,2.458675142e-13,6.83757787e-13,8.809578091e-13,1.413092686e-12,1.051999297e-12,7.220286884e-13,4.144120264e-14,2.273799108e-13,2.538856093e-13,3.158878883e-14,1.076506214e-13,1.030087589e-13,2.218632187e-13,1.831462103e-13,3.204310584e-13,1.61994495e-13,6.196325925e-13,3.403220101e-14,5.92337591e-13,6.634141253e-14
144.6875,6.57775185e-13,3.244511065e-13,7.33218444e-13,4.446133397e-13,2.122328926e-13,3.742631205e-13,2.469329757e-13,1.305548994e-13,2.908944856e-14,1.417017677e-13,1.191547931e-13,1.507030227e-13,2.482689029e-13,6.901223725e-13,8.962386606e-13,1.43707459e-12,1.065629105e-12,7.272222086e-13,4.219894092e-14,2.338765573e-13,2.551532454e-13,3.153906934e-14,1.080094905e-13,1.035949028e-13,2.231940377e-13,1.856953492e-13,3.240200243e-13,1.628604687e-13,6.208264001e-13,3.428063782e-14,5.942093438e-13,6.736614245e-14
144.6953125,6.664431545e-13,3.285161376e-13,7.343874375e-13,4.469518457e-13,2.1261865e-13,3.781972461e-13,2.487749152e-13,1.332701878e-13,2.922077641e-14,1.435787298e-13,1.177603464e-13,1.517701608e-13,2.507796098e-13,6.963905981e-13,9.11527885e-13,1.460900603e-12,1.079104999e-12,7.321110193e-13,4.299303166e-14,2.404251254e-13,2.562058108e-13,3.147692954e-14,1.083156992e-13,1.042099783e-13,2.244182677e-13,1.882164905e-13,3.275271545e-13,1.637449751e-13,6.218524379e-13,3.451131562e-14,5.960514549e-13,6.840672676e-14
144.703125,6.749884293e-13,3.326452214e-13,7.350508563e-13,4.488993605e-13,2.128342412e-13,3.819527265e-13,2.505960109e-13,1.360213418e-13,2.937293386e-14,1.456168833e-13,1.162857745e-13,1.527912318e-13,2.532262872e-13,7.02415457e-13,9.264817257e-13,1.484205136e-12,1.09213009e-12,7.363845341e-13,4.378501004e-14,2.470754063e-13,2.571738697e-13,3.14148144e-14,1.085577322e-13,1.048746703e-13,2.255290206e-13,1.9063685e-13,3.30838392e-13,1.647467813e-13,6.225837869e-13,3.472534945e-14,5.977594554e-13,6.948471491e-14
144.7109375,6.831998292e-13,3.364700701e-13,7.3525449e-13,4.503784834e-13,2.130295709e-13,3.854215006e-13,2.523290066e-13,1.387558019e-13,2.954546333e-14,1.477045715e-13,1.14786885e-13,1.53690076e-13,2.554179602e-13,7.080147557e-13,9.407829444e-13,1.506491475e-12,1.104505887e-12,7.399800671e-13,4.452964828e-14,2.537828288e-13,2.580718372e-13,3.136818183e-14,1.087940245e-13,1.055650171e-13,2.264932601e-13,1.928911946e-13,3.338915063e-13,1.657141378e-13,6.230406904e-13,3.491989703e-14,5.992359665e-13,7.056222064e-14
144.71875,6.911928155e-13,3.402883714e-13,7.351660283e-13,4.51914252e-13,2.131600634e-13,3.888000362e-13,2.538884683e-13,1.414492974e-13,2.972096289e-14,1.497406107e-13,1.132509835e-13,1.545624712e-13,2.575110845e-13,7.132510915e-13,9.54630261e-13,1.527889646e-12,1.116285641e-12,7.430511062e-13,4.527008581e-14,2.606957139e-13,2.588411406e-13,3.131848607e-14,1.089974137e-13,1.062732157e-13,2.272474886e-13,1.949953888e-13,3.367958353e-13,1.666617296e-13,6.233464372e-13,3.509228594e-14,6.00530755e-13,7.156889051e-14
144.7265625,6.989521309e-13,3.441883386e-13,7.346301034e-13,4.536273413e-13,2.13075402e-13,3.921492143e-13,2.553532989e-13,1.441272344e-13,2.990797863e-14,1.518342632e-13,1.116360282e-13,1.554284876e-13,2.595787326e-13,7.181571792e-13,9.682269815e-13,1.548712461e-12,1.127599744e-12,7.455906586e-13,4.602754605e-14,2.676663658e-13,2.595262496e-13,3.125162642e-14,1.091375134e-13,1.069511644e-13,2.278390283e-13,1.970021926e-13,3.396117975e-13,1.677280611e-13,6.233809787e-13,3.524634918e-14,6.015838913e-13,7.25412228e-14
144.734375,7.065961929e-13,3.477643562e-13,7.337959281e-13,4.551857542e-13,2.129464133e-13,3.955843078e-13,2.568879252e-13,1.468031192e-13,3.009483902e-14,1.540174776e-13,1.09990202e-13,1.561937196e-13,2.615423171e-13,7.229012205e-13,9.818189788e-13,1.569351541e-12,1.138917364e-12,7.477538114e-13,4.677485868e-14,2.743705493e-13,2.601777832e-13,3.118155169e-14,1.092734138e-13,1.075717308e-13,2.283825999e-13,1.989006051e-13,3.422817747e-13,1.687540647e-13,6.229844006e-13,3.539989285e-14,6.023791971e-13,7.353030488e-14
144.7421875,7.142149236e-13,3.512788958e-13,7.328742943e-13,4.565779227e-13,2.128118319e-13,3.990658235e-13,2.584149008e-13,1.495540261e-13,3.024789541e-14,1.562446424e-13,1.083675688e-13,1.568381417e-13,2.634625732e-13,7.274851558e-13,9.955986909e-13,1.59010082e-12,1.150359991e-12,7.496475117e-13,4.752074607e-14,2.811628872e-13,2.607771758e-13,3.109540317e-14,1.094002653e-13,1.082246874e-13,2.288641429e-13,2.006955803e-13,3.447290068e-13,1.696156275e-13,6.221872407e-13,3.556039936e-14,6.029526803e-13,7.451346839e-14
144.75,7.214572084e-13,3.551075025e-13,7.315922203e-13,4.579912113e-13,2.124503285e-13,4.022473509e-13,2.597686804e-13,1.523900225e-13,3.0383632e-14,1.585670986e-13,1.067775239e-13,1.574151934e-13,2.653629247e-13,7.316256223e-13,1.009202505e-12,1.610398667e-12,1.161151341e-12,7.509542362e-13,4.828717222e-14,2.882624801e-13,2.61335201e-13,3.098632235e-14,1.094561711e-13,1.08948979e-13,2.292099787e-13,2.024525372e-13,3.46980468e-13,1.705225609e-13,6.212044952e-13,3.571711752e-14,6.032969593e-13,7.550665649e-14
144.7578125,7.282475998e-13,3.589137974e-13,7.299420658e-13,4.594092116e-13,2.119740452e-13,4.052333102e-13,2.610235416e-13,1.551735662e-13,3.053583124e-14,1.609429856e-13,1.051788041e-13,1.579752136e-13,2.671889932e-13,7.354718256e-13,1.02235482e-12,1.629584663e-12,1.170942651e-12,7.516145667e-13,4.908098046e-14,2.952907377e-13,2.618408333e-13,3.088557041e-14,1.094364074e-13,1.096593691e-13,2.294231572e-13,2.041421074e-13,3.490808093e-13,1.715290125e-13,6.202434872e-13,3.586209229e-14,6.03521169e-13,7.65259645e-14
144.765625,7.349350961e-13,3.625915496e-13,7.280425061e-13,4.607595141e-13,2.115116745e-13,4.083634002e-13,2.62275022e-13,1.578870691e-13,3.068594016e-14,1.63258388e-13,1.034638099e-13,1.584892504e-13,2.689666697e-13,7.391995049e-13,1.035169371e-12,1.647835583e-12,1.180199551e-12,7.518687219e-13,4.989279879e-14,3.022269122e-13,2.622160161e-13,3.079177019e-14,1.093507815e-13,1.103350692e-13,2.295033655e-13,2.056435189e-13,3.508865256e-13,1.724958463e-13,6.190747668e-13,3.597711083e-14,6.036184462e-13,7.750390212e-14
144.7734375,7.41408236e-13,3.66255978e-13,7.254745984e-13,4.620506401e-13,2.108220102e-13,4.114120237e-13,2.634395834e-13,1.606239985e-13,3.082231756e-14,1.655494535e-13,1.016178962e-13,1.588582981e-13,2.706335442e-13,7.423797504e-13,1.047490619e-12,1.665370237e-12,1.18897515e-12,7.515345429e-13,5.06695523e-14,3.091088237e-13,2.624465138e-13,3.068330954e-14,1.092117966e-13,1.110314125e-13,2.294180678e-13,2.069406471e-13,3.522976548e-13,1.734427302e-13,6.173020983e-13,3.604473994e-14,6.033429459e-13,7.842877185e-14
144.78125,7.473003423e-13,3.696612358e-13,7.222438224e-13,4.632824704e-13,2.098899587e-13,4.141393463e-13,2.644794201e-13,1.633683061e-13,3.097888301e-14,1.678735122e-13,9.975968113e-14,1.591038827e-13,2.720970114e-13,7.449081432e-13,1.059297811e-12,1.682199526e-12,1.197068254e-12,7.504884824e-13,5.138783198e-14,3.157967564e-13,2.625660053e-13,3.056784983e-14,1.090468776e-13,1.117503372e-13,2.291898989e-13,2.081492846e-13,3.535242817e-13,1.743329054e-13,6.151007977e-13,3.609094159e-14,6.027011919e-13,7.937027822e-14
144.7890625,7.527673988e-13,3.729166918e-13,7.189409001e-13,4.643826826e-13,2.089536112e-13,4.167301666e-13,2.654768826e-13,1.661060117e-13,3.11543383e-14,1.702382283e-13,9.790928913e-14,1.593449963e-13,2.734516595e-13,7.472346866e-13,1.070992676e-12,1.698626329e-12,1.204766771e-12,7.491519443e-13,5.21069415e-14,3.226024699e-13,2.625833669e-13,3.044131744e-14,1.088569144e-13,1.124580687e-13,2.288777053e-13,2.093603191e-13,3.547407821e-13,1.750660888e-13,6.128441505e-13,3.614587106e-14,6.018991028e-13,8.033163151e-14
144.796875,7.581714764e-13,3.762950818e-13,7.155263207e-13,4.653535414e-13,2.079957716e-13,4.192811572e-13,2.664729103e-13,1.688679023e-13,3.130691676e-14,1.726797567e-13,9.599157514e-14,1.59577082e-13,2.747548758e-13,7.494696216e-13,1.082645267e-12,1.714787072e-12,1.212318849e-12,7.47755836e-13,5.285426711e-14,3.295215897e-13,2.625457522e-13,3.029959496e-14,1.086438003e-13,1.131391302e-13,2.28492615e-13,2.105184886e-13,3.558264026e-13,1.757612451e-13,6.104448744e-13,3.620073431e-14,6.00917961e-13,8.126602387e-14
144.8046875,7.634561125e-13,3.795840717e-13,7.1164409e-13,4.663949402e-13,2.069181957e-13,4.216952106e-13,2.674054499e-13,1.716003909e-13,3.144535903e-14,1.751580129e-13,9.402241197e-14,1.597309767e-13,2.759384024e-13,7.514528605e-13,1.094025619e-12,1.73034845e-12,1.219400165e-12,7.459864351e-13,5.358621351e-14,3.360168255e-13,2.624706042e-13,3.016527684e-14,1.084060724e-13,1.138173104e-13,2.279830395e-13,2.115120034e-13,3.566409892e-13,1.765140703e-13,6.077741803e-13,3.624803459e-14,5.997214146e-13,8.215815095e-14
144.8125,7.68384137e-13,3.828569439e-13,7.073173729e-13,4.675464954e-13,2.056950171e-13,4.238765918e-13,2.68182347e-13,1.742650165e-13,3.161104182e-14,1.77624795e-13,9.204171421e-14,1.597811259e-13,2.770059897e-13,7.530594771e-13,1.104864595e-12,1.744859567e-12,1.225446329e-12,7.434407346e-13,5.426998658e-14,3.422325405e-13,2.622913057e-13,3.003151304e-14,1.080989958e-13,1.145278467e-13,2.272875513e-13,2.123491656e-13,3.571625103e-13,1.772835367e-13,6.049280329e-13,3.628469982e-14,5.983493619e-13,8.301131325e-14
144.8203125,7.730102015e-13,3.862883795e-13,7.025160875e-13,4.685218149e-13,2.043163727e-13,4.258643684e-13,2.688268132e-13,1.768731306e-13,3.179522751e-14,1.801552963e-13,9.004186101e-14,1.597024181e-13,2.779580019e-13,7.541909247e-13,1.114837921e-12,1.757998888e-12,1.230352818e-12,7.400778907e-13,5.491009134e-14,3.485492724e-13,2.620121674e-13,2.988375636e-14,1.077125952e-13,1.152227244e-13,2.263983583e-13,2.130642686e-13,3.57343859e-13,1.7809334e-13,6.017962874e-13,3.629288858e-14,5.96706918e-13,8.383429569e-14
144.828125,7.772955524e-13,3.894413908e-13,6.972486441e-13,4.69216342e-13,2.028908509e-13,4.277886393e-13,2.694411715e-13,1.793894906e-13,3.196917096e-14,1.827481198e-13,8.804386617e-14,1.595333492e-13,2.787417338e-13,7.549570405e-13,1.124099976e-12,1.769864077e-12,1.234517328e-12,7.362461751e-13,5.554268635e-14,3.547759998e-13,2.616660452e-13,2.973900292e-14,1.072958126e-13,1.158306961e-13,2.253656473e-13,2.136162791e-13,3.571664894e-13,1.788895025e-13,5.981724082e-13,3.628206967e-14,5.947738592e-13,8.462934207e-14
144.8359375,7.808611027e-13,3.923284041e-13,6.917252939e-13,4.697869828e-13,2.013518481e-13,4.294597261e-13,2.699897772e-13,1.818315248e-13,3.213680612e-14,1.852789908e-13,8.604516664e-14,1.593331377e-13,2.793475e-13,7.552976342e-13,1.132952766e-12,1.78076102e-12,1.238004865e-12,7.320567206e-13,5.618560518e-14,3.608447433e-13,2.611945307e-13,2.957986609e-14,1.068677666e-13,1.163967541e-13,2.242302281e-13,2.140658548e-13,3.567793579e-13,1.795697023e-13,5.941788995e-13,3.627506494e-14,5.926618879e-13,8.540127747e-14
144.84375,7.838898805e-13,3.954236392e-13,6.859043756e-13,4.702924092e-13,1.994944463e-13,4.307155813e-13,2.703861395e-13,1.842471719e-13,3.229469322e-14,1.876985309e-13,8.400125436e-14,1.590435096e-13,2.797648456e-13,7.549669885e-13,1.141142693e-12,1.790666945e-12,1.240653478e-12,7.272691941e-13,5.680517295e-14,3.668667656e-13,2.606092448e-13,2.938274181e-14,1.064045684e-13,1.169808436e-13,2.229674891e-13,2.144670408e-13,3.56295742e-13,1.802046109e-13,5.900159623e-13,3.625113618e-14,5.903646336e-13,8.61623094e-14
144.8515625,7.87068898e-13,3.983971866e-13,6.797864194e-13,4.707559135e-13,1.975996043e-13,4.319498348e-13,2.706902727e-13,1.865622125e-13,3.24246051e-14,1.900475233e-13,8.195297203e-14,1.586442597e-13,2.800397936e-13,7.54301882e-13,1.148656334e-12,1.799544398e-12,1.242778505e-12,7.220032231e-13,5.740482717e-14,3.726992544e-13,2.599834695e-13,2.918574094e-14,1.058624145e-13,1.175668286e-13,2.215391886e-13,2.146511672e-13,3.555866363e-13,1.808327546e-13,5.856161443e-13,3.619561676e-14,5.879156626e-13,8.686602794e-14
144.859375,7.903227189e-13,4.00995071e-13,6.736144408e-13,4.711229742e-13,1.959525107e-13,4.332735484e-13,2.709492719e-13,1.887274121e-13,3.254285702e-14,1.924262385e-13,7.995007561e-14,1.58205286e-13,2.802483123e-13,7.536188829e-13,1.155870176e-12,1.807573213e-12,1.244500614e-12,7.164244374e-13,5.800572531e-14,3.782645007e-13,2.592610238e-13,2.900072242e-14,1.052056028e-13,1.18183335e-13,2.199643025e-13,2.145682125e-13,3.545743361e-13,1.814310403e-13,5.809016543e-13,3.613871956e-14,5.854295611e-13,8.745980019e-14
144.8671875,7.93197553e-13,4.037704638e-13,6.672292517e-13,4.712343931e-13,1.941887139e-13,4.343292771e-13,2.711103683e-13,1.90786836e-13,3.267154464e-14,1.949155899e-13,7.793478611e-14,1.576776197e-13,2.80262296e-13,7.52526898e-13,1.162642275e-12,1.814633802e-12,1.245384802e-12,7.101664996e-13,5.855982006e-14,3.836220095e-13,2.584272281e-13,2.879669631e-14,1.044604696e-13,1.188441741e-13,2.182474019e-13,2.143793355e-13,3.53368056e-13,1.821037056e-13,5.759798246e-13,3.60839734e-14,5.827824766e-13,8.799191812e-14
144.875,7.957344872e-13,4.067223951e-13,6.603417534e-13,4.712783368e-13,1.921517437e-13,4.352652423e-13,2.711927544e-13,1.927116939e-13,3.280150682e-14,1.974423317e-13,7.590283351e-14,1.570026284e-13,2.79955527e-13,7.509543621e-13,1.168737826e-12,1.820330858e-12,1.245308869e-12,7.031302344e-13,5.906415573e-14,3.88747512e-13,2.576272545e-13,2.859308397e-14,1.036782606e-13,1.194156703e-13,2.163502798e-13,2.140243142e-13,3.518836081e-13,1.828530644e-13,5.708471364e-13,3.600320828e-14,5.797805976e-13,8.849797293e-14
144.8828125,7.978646165e-13,4.093806702e-13,6.531533885e-13,4.715694579e-13,1.901629314e-13,4.362786582e-13,2.712416849e-13,1.94541312e-13,3.293187654e-14,1.999370124e-13,7.394002613e-14,1.562484114e-13,2.794497531e-13,7.491613214e-13,1.174220828e-12,1.824599904e-12,1.244454519e-12,6.956905959e-13,5.956686282e-14,3.935399519e-13,2.568859697e-13,2.840390517e-14,1.028814906e-13,1.198648028e-13,2.143267799e-13,2.134067835e-13,3.499570407e-13,1.835615321e-13,5.653374149e-13,3.590572064e-14,5.764509952e-13,8.895379035e-14
144.890625,7.995327962e-13,4.119550127e-13,6.458379267e-13,4.719479125e-13,1.881584394e-13,4.370704916e-13,2.711999685e-13,1.964474847e-13,3.306497702e-14,2.024278554e-13,7.203032026e-14,1.55410133e-13,2.787940776e-13,7.46901905e-13,1.17901885e-12,1.827885756e-12,1.242993927e-12,6.879172573e-13,6.00301854e-14,3.979961919e-13,2.560729428e-13,2.819262661e-14,1.020790227e-13,1.203854325e-13,2.122681348e-13,2.127102637e-13,3.477682644e-13,1.84263775e-13,5.594880121e-13,3.581143704e-14,5.728635561e-13,8.939541337e-14
144.8984375,8.011349892e-13,4.146677856e-13,6.383148881e-13,4.722376878e-13,1.859899879e-13,4.376899079e-13,2.710108716e-13,1.983537191e-13,3.317639663e-14,2.048282393e-13,7.011381574e-14,1.54460544e-13,2.77946497e-13,7.441977639e-13,1.183316264e-12,1.830630348e-12,1.241234502e-12,6.798538873e-13,6.046077008e-14,4.024073956e-13,2.551552946e-13,2.796325741e-14,1.012357209e-13,1.210017709e-13,2.10121974e-13,2.119759578e-13,3.455043974e-13,1.849656664e-13,5.535273587e-13,3.570715563e-14,5.690981946e-13,8.980613124e-14
144.90625,8.026178507e-13,4.172739085e-13,6.306386039e-13,4.726301683e-13,1.838734056e-13,4.383951308e-13,2.706969927e-13,2.00016708e-13,3.326356337e-14,2.070406314e-13,6.822120018e-14,1.534972142e-13,2.770451476e-13,7.414426219e-13,1.187468665e-12,1.832677305e-12,1.239056421e-12,6.716654305e-13,6.09445041e-14,4.068651501e-13,2.542063538e-13,2.774019946e-14,1.002863708e-13,1.215040697e-13,2.078115519e-13,2.110317652e-13,3.430353759e-13,1.855854442e-13,5.47505066e-13,3.558762151e-14,5.652789454e-13,9.005430516e-14
144.9140625,8.037176343e-13,4.198799452e-13,6.227252081e-13,4.731602465e-13,1.817274038e-13,4.390313119e-13,2.703107599e-13,2.015167521e-13,3.335394346e-14,2.091873677e-13,6.635403823e-14,1.524996642e-13,2.761016337e-13,7.383540308e-13,1.191233807e-12,1.83362001e-12,1.235886713e-12,6.629631275e-13,6.142551143e-14,4.109447013e-13,2.533016415e-13,2.751105085e-14,9.923601785e-14,1.218940561e-13,2.053708897e-13,2.098943159e-13,3.40220234e-13,1.8624083e-13,5.412396216e-13,3.545542103e-14,5.613118182e-13,9.015445625e-14
144.921875,8.047414342e-13,4.227441619e-13,6.143488509e-13,4.736239081e-13,1.793496576e-13,4.395476312e-13,2.698893754e-13,2.03042821e-13,3.34509259e-14,2.113964277e-13,6.446936124e-14,1.513381443e-13,2.749079115e-13,7.34673867e-13,1.194378542e-12,1.8334936e-12,1.231661718e-12,6.534265589e-13,6.183470788e-14,4.146075496e-13,2.524713399e-13,2.728855261e-14,9.813446333e-14,1.223167248e-13,2.028216322e-13,2.086148706e-13,3.370151807e-13,1.870492623e-13,5.345916509e-13,3.52912628e-14,5.570356148e-13,9.024534241e-14
144.9296875,8.055285978e-13,4.255416867e-13,6.057766197e-13,4.73981747e-13,1.770301458e-13,4.400101578e-13,2.694169351e-13,2.044907743e-13,3.355360022e-14,2.136141768e-13,6.261232636e-14,1.500937125e-13,2.735311566e-13,7.308300853e-13,1.197121115e-12,1.832535755e-12,1.226746866e-12,6.435742502e-13,6.226016195e-14,4.182637004e-13,2.51636115e-13,2.709199933e-14,9.700505717e-14,1.226919323e-13,2.001698004e-13,2.071585072e-13,3.334868877e-13,1.878543301e-13,5.276857083e-13,3.510602498e-14,5.526077628e-13,9.032015857e-14
144.9375,8.056407841e-13,4.279339912e-13,5.974009544e-13,4.743420931e-13,1.749094885e-13,4.403039051e-13,2.688623547e-13,2.057517345e-13,3.367390174e-14,2.157402706e-13,6.083518391e-14,1.488891359e-13,2.722005413e-13,7.268930111e-13,1.199450358e-12,1.830865423e-12,1.221409893e-12,6.338163426e-13,6.270671631e-14,4.217963964e-13,2.507240871e-13,2.688807484e-14,9.588021751e-14,1.229381839e-13,1.974893892e-13,2.056476024e-13,3.299064492e-13,1.885177892e-13,5.207739091e-13,3.494300156e-14,5.482193704e-13,9.032475676e-14
144.9453125,8.056646986e-13,4.301743699e-13,5.890854554e-13,4.746919005e-13,1.726986352e-13,4.405575332e-13,2.682660187e-13,2.069025657e-13,3.379789209e-14,2.177494713e-13,5.910340532e-14,1.476411653e-13,2.708562751e-13,7.225987654e-13,1.201331304e-12,1.828624192e-12,1.215825899e-12,6.239653652e-13,6.308873617e-14,4.24891202e-13,2.498110437e-13,2.666474818e-14,9.478204179e-14,1.231738434e-13,1.948264128e-13,2.041775434e-13,3.26384399e-13,1.891348695e-13,5.139190966e-13,3.479695788e-14,5.438162285e-13,9.030257779e-14
144.953125,8.059048229e-13,4.324698272e-13,5.807130274e-13,4.748131628e-13,1.703569507e-13,4.40887735e-13,2.676926771e-13,2.079565309e-13,3.391063636e-14,2.19713822e-13,5.73856854e-14,1.463040868e-13,2.693910619e-13,7.181326091e-13,1.202999554e-12,1.825798879e-12,1.209891029e-12,6.139524886e-13,6.346209589e-14,4.27656949e-13,2.489216017e-13,2.64472046e-14,9.36598682e-14,1.234216184e-13,1.921691042e-13,2.026463227e-13,3.227524603e-13,1.898209701e-13,5.071071416e-13,3.463986702e-14,5.394088196e-13,9.025357152e-14
144.9609375,8.056522742e-13,4.345659472e-13,5.724433629e-13,4.746232353e-13,1.680497562e-13,4.410668165e-13,2.671274337e-13,2.088754645e-13,3.402074469e-14,2.216912612e-13,5.568451863e-14,1.449593626e-13,2.679021342e-13,7.136382008e-13,1.204386814e-12,1.822214064e-12,1.203430927e-12,6.038650456e-13,6.389965271e-14,4.30212985e-13,2.479249405e-13,2.62294384e-14,9.245422092e-14,1.235895138e-13,1.895124841e-13,2.010156925e-13,3.190075659e-13,1.905137908e-13,5.00446975e-13,3.447351195e-14,5.351027929e-13,9.011965157e-14
144.96875,8.049106144e-13,4.364318983e-13,5.640832892e-13,4.744189349e-13,1.657650391e-13,4.411018234e-13,2.665050529e-13,2.09694777e-13,3.411677674e-14,2.236132712e-13,5.39913443e-14,1.435918925e-13,2.664123399e-13,7.089136166e-13,1.205308494e-12,1.817928016e-12,1.196521888e-12,5.936142024e-13,6.436408332e-14,4.325309723e-13,2.46805651e-13,2.600663157e-14,9.118133705e-14,1.237008996e-13,1.868258647e-13,1.993073753e-13,3.152279575e-13,1.911036247e-13,4.938785308e-13,3.428420589e-14,5.308139383e-13,8.990920259e-14
144.9765625,8.040662968e-13,4.384256698e-13,5.553957741e-13,4.743728184e-13,1.634326546e-13,4.410956844e-13,2.657976159e-13,2.104283776e-13,3.418627799e-14,2.254182819e-13,5.229701201e-14,1.421279407e-13,2.647927609e-13,7.038386274e-13,1.20587736e-12,1.813103456e-12,1.189016291e-12,5.830783912e-13,6.481859019e-14,4.346039994e-13,2.456982034e-13,2.579132445e-14,8.989628117e-14,1.238021622e-13,1.840781011e-13,1.975050946e-13,3.113140277e-13,1.916706405e-13,4.871618777e-13,3.407137507e-14,5.263899525e-13,8.966928115e-14
144.984375,8.028164132e-13,4.405382704e-13,5.467259968e-13,4.74270859e-13,1.610489342e-13,4.409025151e-13,2.650093322e-13,2.110414764e-13,3.425488158e-14,2.271080757e-13,5.060622814e-14,1.405859077e-13,2.630178651e-13,6.984544092e-13,1.206038882e-12,1.807575624e-12,1.180701395e-12,5.72218701e-13,6.524402927e-14,4.364626062e-13,2.446201986e-13,2.557618774e-14,8.861417907e-14,1.238787537e-13,1.812825525e-13,1.956682876e-13,3.072445949e-13,1.923124965e-13,4.80310693e-13,3.389069073e-14,5.218449122e-13,8.941331533e-14
144.9921875,8.014309405e-13,4.424745041e-13,5.383108151e-13,4.739956664e-13,1.58761595e-13,4.406959219e-13,2.641462172e-13,2.114711085e-13,3.433800582e-14,2.286090213e-13,4.893489689e-14,1.390180747e-13,2.611897384e-13,6.93036972e-13,1.205527099e-12,1.800877691e-12,1.17187537e-12,5.611916138e-13,6.565958283e-14,4.381797325e-13,2.43506981e-13,2.537733497e-14,8.731770773e-14,1.239364971e-13,1.784284812e-13,1.937677466e-13,3.030425645e-13,1.9288477e-13,4.734637326e-13,3.373812226e-14,5.173139016e-13,8.910068453e-14
145,8.005530057e-13,4.443301772e-13,5.29865836e-13,4.735899187e-13,1.567043029e-13,4.407388747e-13,2.63239195e-13,2.116592896e-13,3.442703592e-14,2.298637671e-13,4.729379757e-14,1.374477787e-13,2.593335337e-13,6.878307188e-13,1.204309477e-12,1.79278835e-12,1.162734023e-12,5.502672932e-13,6.613903393e-14,4.396272168e-13,2.423908572e-13,2.522194871e-14,8.601322262e-14,1.239564191e-13,1.755035073e-13,1.916276594e-13,2.986222915e-13,1.933284348e-13,4.665765154e-13,3.354453291e-14,5.128914779e-13,8.867666221e-14
145.0078125,7.995396344e-13,4.462477301e-13,5.213348209e-13,4.730114311e-13,1.546433866e-13,4.40699948e-13,2.622902411e-13,2.11677049e-13,3.452297848e-14,2.30969081e-13,4.56792211e-14,1.358620901e-13,2.573433395e-13,6.823899797e-13,1.202465357e-12,1.783717332e-12,1.153015077e-12,5.393443098e-13,6.665990937e-14,4.406725691e-13,2.413014447e-13,2.506774289e-14,8.470456732e-14,1.238927824e-13,1.725439104e-13,1.89322741e-13,2.941019626e-13,1.938435593e-13,4.596303589e-13,3.333850575e-14,5.084571661e-13,8.817711508e-14
145.015625,7.976166245e-13,4.479596623e-13,5.129042478e-13,4.723570457e-13,1.5240053e-13,4.402852139e-13,2.612245966e-13,2.116252494e-13,3.460815368e-14,2.320105139e-13,4.410223844e-14,1.342048706e-13,2.551482915e-13,6.762103958e-13,1.200084904e-12,1.774124812e-12,1.142691704e-12,5.281309289e-13,6.712713726e-14,4.416199144e-13,2.401864589e-13,2.487008316e-14,8.336577287e-14,1.237669651e-13,1.695600867e-13,1.871157248e-13,2.896798342e-13,1.944121213e-13,4.526767603e-13,3.318836075e-14,5.03800224e-13,8.768183285e-14
145.0234375,7.952935949e-13,4.493833791e-13,5.044610227e-13,4.718938e-13,1.502048654e-13,4.397558522e-13,2.600622519e-13,2.114797103e-13,3.464364365e-14,2.329585353e-13,4.256885928e-14,1.324537172e-13,2.528172752e-13,6.696975587e-13,1.197514912e-12,1.76405992e-12,1.132105725e-12,5.167776108e-13,6.756443368e-14,4.425444767e-13,2.390354717e-13,2.465742018e-14,8.201032218e-14,1.236334214e-13,1.665661531e-13,1.849788675e-13,2.852217819e-13,1.948075085e-13,4.456770236e-13,3.304712455e-14,4.99001969e-13,8.716157857e-14
145.03125,7.930980894e-13,4.509047945e-13,4.959342298e-13,4.71599403e-13,1.480673716e-13,4.393416209e-13,2.589536972e-13,2.112534709e-13,3.463549566e-14,2.338049543e-13,4.105250514e-14,1.306524708e-13,2.504371178e-13,6.633372884e-13,1.19507853e-12,1.753652304e-12,1.121457493e-12,5.055530641e-13,6.804865651e-14,4.43057448e-13,2.378815924e-13,2.445918895e-14,8.067351445e-14,1.235162841e-13,1.636220904e-13,1.827119358e-13,2.805799425e-13,1.950908385e-13,4.386519939e-13,3.285570763e-14,4.943011315e-13,8.65564306e-14
145.0390625,7.908020354e-13,4.526562017e-13,4.874857555e-13,4.71082133e-13,1.457912088e-13,4.389644361e-13,2.579033383e-13,2.110086413e-13,3.463437742e-14,2.345931287e-13,3.955931449e-14,1.288131849e-13,2.479997011e-13,6.568648683e-13,1.192487149e-12,1.742915668e-12,1.110499856e-12,4.94315332e-13,6.854738554e-14,4.432945463e-13,2.367058181e-13,2.42761304e-14,7.931798598e-14,1.233957636e-13,1.60693856e-13,1.802987059e-13,2.758154776e-13,1.954165094e-13,4.316737369e-13,3.264702994e-14,4.896630872e-13,8.590404236e-14
145.046875,7.881998215e-13,4.542659053e-13,4.790745897e-13,4.702340496e-13,1.435510638e-13,4.385295888e-13,2.567914763e-13,2.10669383e-13,3.466930822e-14,2.353033585e-13,3.811636952e-14,1.269061273e-13,2.454791311e-13,6.500596906e-13,1.189218479e-12,1.731325268e-12,1.098834529e-12,4.828624674e-13,6.897353634e-14,4.436004421e-13,2.355048428e-13,2.410880034e-14,7.790091727e-14,1.232189673e-13,1.576916243e-13,1.777927012e-13,2.708727246e-13,1.957012275e-13,4.246722742e-13,3.245070105e-14,4.849553546e-13,8.522222365e-14
145.0546875,7.853777502e-13,4.555349911e-13,4.706103472e-13,4.695195872e-13,1.414652866e-13,4.380398768e-13,2.556366595e-13,2.101665033e-13,3.472666371e-14,2.358712569e-13,3.669812443e-14,1.249446239e-13,2.42903694e-13,6.431727523e-13,1.18542508e-12,1.718814367e-12,1.086578895e-12,4.712662443e-13,6.933803694e-14,4.436505996e-13,2.343489815e-13,2.394410492e-14,7.645801191e-14,1.229699237e-13,1.546683289e-13,1.752106731e-13,2.657776222e-13,1.959229678e-13,4.17616048e-13,3.225664658e-14,4.802515714e-13,8.446866352e-14
145.0625,7.824767711e-13,4.566905939e-13,4.622088894e-13,4.69055885e-13,1.39312711e-13,4.374807848e-13,2.544692885e-13,2.09554151e-13,3.47766463e-14,2.362975692e-13,3.529713876e-14,1.229740402e-13,2.402935361e-13,6.363079444e-13,1.181591979e-12,1.705997262e-12,1.074109843e-12,4.596932612e-13,6.975316675e-14,4.432102505e-13,2.332458978e-13,2.377599354e-14,7.501702606e-14,1.226726845e-13,1.517070873e-13,1.726408563e-13,2.60876525e-13,1.961683701e-13,4.106406784e-13,3.206313105e-14,4.756314331e-13,8.367880722e-14
145.0703125,7.79494573e-13,4.578705704e-13,4.538670903e-13,4.68277305e-13,1.370957925e-13,4.367935014e-13,2.532073922e-13,2.088396411e-13,3.480088583e-14,2.366091219e-13,3.395829863e-14,1.21020738e-13,2.376262253e-13,6.293565493e-13,1.177637912e-12,1.692939187e-12,1.061389742e-12,4.482440611e-13,7.025794435e-14,4.425104066e-13,2.32092389e-13,2.361773515e-14,7.354836368e-14,1.223445366e-13,1.487521341e-13,1.701026106e-13,2.562213698e-13,1.963584921e-13,4.037728497e-13,3.187026274e-14,4.710395682e-13,8.288600502e-14
145.078125,7.762701589e-13,4.590194676e-13,4.454988232e-13,4.671551831e-13,1.349903925e-13,4.36038579e-13,2.518810147e-13,2.080058925e-13,3.48043074e-14,2.368035841e-13,3.267853449e-14,1.190797068e-13,2.348869865e-13,6.223491465e-13,1.173312909e-12,1.679348964e-12,1.048404661e-12,4.368948572e-13,7.077267384e-14,4.414971502e-13,2.308589355e-13,2.346098101e-14,7.203431207e-14,1.220232217e-13,1.457571916e-13,1.674340128e-13,2.513834789e-13,1.964844362e-13,3.968372796e-13,3.168121003e-14,4.66391623e-13,8.200038935e-14
145.0859375,7.728791274e-13,4.601621085e-13,4.372067473e-13,4.662590961e-13,1.329778406e-13,4.353352039e-13,2.506145851e-13,2.070895903e-13,3.480776296e-14,2.369161187e-13,3.142255881e-14,1.171019205e-13,2.320861294e-13,6.153174126e-13,1.168763376e-12,1.665423088e-12,1.035405618e-12,4.2556821e-13,7.124794474e-14,4.400929817e-13,2.296484238e-13,2.330073711e-14,7.050055097e-14,1.217192473e-13,1.427834216e-13,1.645912979e-13,2.46217656e-13,1.967141881e-13,3.897349958e-13,3.150439489e-14,4.616463646e-13,8.100376523e-14
145.09375,7.695221064e-13,4.611818858e-13,4.290736393e-13,4.655213725e-13,1.309847382e-13,4.346640817e-13,2.494078768e-13,2.060728723e-13,3.482038902e-14,2.369543735e-13,3.020088488e-14,1.150430112e-13,2.292496746e-13,6.08192217e-13,1.16407131e-12,1.651287942e-12,1.022325752e-12,4.143075392e-13,7.167717881e-14,4.386332668e-13,2.285043031e-13,2.315952188e-14,6.898700796e-14,1.213690918e-13,1.398787321e-13,1.617522641e-13,2.410280867e-13,1.969517178e-13,3.826353439e-13,3.132571976e-14,4.569368077e-13,8.001560255e-14
145.1015625,7.659742252e-13,4.618632839e-13,4.210935867e-13,4.646254723e-13,1.289461674e-13,4.34026491e-13,2.481907343e-13,2.049174293e-13,3.48176175e-14,2.368200338e-13,2.903250934e-14,1.129440595e-13,2.264063488e-13,6.009475973e-13,1.159066674e-12,1.636674995e-12,1.008965598e-12,4.031981286e-13,7.206676338e-14,4.37169323e-13,2.273630288e-13,2.303379942e-14,6.750902363e-14,1.20948035e-13,1.370371581e-13,1.590018263e-13,2.360052535e-13,1.969594306e-13,3.758248071e-13,3.113429616e-14,4.524391361e-13,7.904351463e-14
145.109375,7.620839649e-13,4.624948772e-13,4.133207493e-13,4.637431344e-13,1.268828364e-13,4.334236392e-13,2.469135892e-13,2.036462841e-13,3.478201824e-14,2.364977448e-13,2.791619906e-14,1.108867495e-13,2.235488979e-13,5.935694543e-13,1.153682253e-12,1.621550425e-12,9.954097654e-13,3.922350488e-13,7.249577324e-14,4.353459155e-13,2.262315308e-13,2.290462422e-14,6.605061413e-14,1.204839707e-13,1.34236151e-13,1.56281619e-13,2.311276763e-13,1.968867463e-13,3.69376607e-13,3.094829607e-14,4.479919724e-13,7.799630337e-14
145.1171875,7.583803947e-13,4.635580396e-13,4.057259179e-13,4.628988543e-13,1.25000943e-13,4.327003156e-13,2.455648418e-13,2.022817824e-13,3.47512518e-14,2.360911982e-13,2.684746422e-14,1.088946256e-13,2.206844625e-13,5.861457438e-13,1.148102795e-12,1.60637925e-12,9.818864898e-13,3.814566713e-13,7.299930676e-14,4.331935998e-13,2.252039908e-13,2.2782914e-14,6.460241671e-14,1.199897488e-13,1.314557743e-13,1.535776752e-13,2.263503435e-13,1.9702161e-13,3.63077457e-13,3.078238687e-14,4.433887239e-13,7.688716949e-14
145.125,7.552448124e-13,4.648877553e-13,3.982255329e-13,4.620480857e-13,1.233195893e-13,4.319622302e-13,2.442302585e-13,2.008556216e-13,3.475054901e-14,2.355962068e-13,2.581431519e-14,1.069264755e-13,2.17894914e-13,5.789550894e-13,1.142732219e-12,1.591725575e-12,9.687671687e-13,3.7096218e-13,7.349639904e-14,4.31042853e-13,2.242810876e-13,2.26777439e-14,6.316703071e-14,1.195105049e-13,1.287336009e-13,1.508778534e-13,2.216052778e-13,1.973215439e-13,3.567508892e-13,3.064152392e-14,4.388467256e-13,7.575310506e-14
145.1328125,7.522303599e-13,4.659989993e-13,3.908670446e-13,4.614818795e-13,1.216174718e-13,4.315155541e-13,2.429748459e-13,1.993999976e-13,3.472814289e-14,2.349400597e-13,2.482414373e-14,1.049213536e-13,2.151913698e-13,5.720272712e-13,1.137659596e-12,1.577475308e-12,9.561526626e-13,3.607219838e-13,7.396238275e-14,4.288138487e-13,2.233578638e-13,2.258057574e-14,6.173679161e-14,1.190610967e-13,1.261280607e-13,1.481435182e-13,2.168963693e-13,1.975738e-13,3.504746712e-13,3.051638251e-14,4.345331551e-13,7.457269017e-14
145.140625,7.488209162e-13,4.667940008e-13,3.836778005e-13,4.6110092e-13,1.198967702e-13,4.311818967e-13,2.417314964e-13,1.978738593e-13,3.465671449e-14,2.341461741e-13,2.390883049e-14,1.028763633e-13,2.124842217e-13,5.650396699e-13,1.13231897e-12,1.562850443e-12,9.434437461e-13,3.506125781e-13,7.441316834e-14,4.262375076e-13,2.224297605e-13,2.248686064e-14,6.030796404e-14,1.185679104e-13,1.235998073e-13,1.453867732e-13,2.123147832e-13,1.976934045e-13,3.443871622e-13,3.037226228e-14,4.302657627e-13,7.335249446e-14
145.1484375,7.451552131e-13,4.674551172e-13,3.76659358e-13,4.605374683e-13,1.182776154e-13,4.306988544e-13,2.404660435e-13,1.962576813e-13,3.460084668e-14,2.332826832e-13,2.305782125e-14,1.008806049e-13,2.098114281e-13,5.579760829e-13,1.126432618e-12,1.547618038e-12,9.302347108e-13,3.405998252e-13,7.481676513e-14,4.234458065e-13,2.216198302e-13,2.239781858e-14,5.888222201e-14,1.180442136e-13,1.210776743e-13,1.426070713e-13,2.078487355e-13,1.97796863e-13,3.385064627e-13,3.021181766e-14,4.261032577e-13,7.209595168e-14
145.15625,7.417045746e-13,4.682031582e-13,3.699094745e-13,4.599445041e-13,1.166922308e-13,4.302993765e-13,2.392224497e-13,1.945955568e-13,3.459589642e-14,2.323792047e-13,2.222858898e-14,9.896506234e-14,2.072353562e-13,5.511262438e-13,1.120446756e-12,1.532210571e-12,9.168569253e-13,3.307180952e-13,7.521991457e-14,4.206622308e-13,2.209049636e-13,2.233492584e-14,5.746118581e-14,1.175640297e-13,1.185872544e-13,1.398162668e-13,2.034193664e-13,1.980395388e-13,3.32804234e-13,3.007728562e-14,4.222619022e-13,7.079595031e-14
145.1640625,7.386193327e-13,4.692119299e-13,3.633653704e-13,4.595002615e-13,1.150798915e-13,4.300608111e-13,2.379879351e-13,1.928765962e-13,3.45875665e-14,2.313491995e-13,2.143140181e-14,9.700957473e-14,2.045746215e-13,5.44396329e-13,1.11460909e-12,1.516789863e-12,9.036565567e-13,3.209869555e-13,7.569001197e-14,4.177994291e-13,2.200719866e-13,2.231639104e-14,5.607036612e-14,1.170640768e-13,1.161778156e-13,1.371198801e-13,1.990361865e-13,1.983333305e-13,3.272364966e-13,2.995338084e-14,4.184661348e-13,6.949970754e-14
145.171875,7.355655244e-13,4.703235148e-13,3.568771607e-13,4.590932333e-13,1.134656478e-13,4.297152997e-13,2.367447043e-13,1.910910538e-13,3.454187206e-14,2.300441464e-13,2.070375571e-14,9.49474281e-14,2.016989822e-13,5.374847918e-13,1.108863903e-12,1.501544418e-12,8.90843691e-13,3.114761747e-13,7.61653119e-14,4.148411525e-13,2.190830574e-13,2.230530942e-14,5.472633133e-14,1.164916829e-13,1.138532804e-13,1.345455704e-13,1.947820638e-13,1.985050148e-13,3.217614172e-13,2.980654061e-14,4.144041493e-13,6.820717535e-14
145.1796875,7.322028344e-13,4.711617201e-13,3.506106422e-13,4.587479009e-13,1.11833828e-13,4.292786061e-13,2.35527927e-13,1.89300716e-13,3.448678078e-14,2.28521672e-13,2.003271275e-14,9.288245975e-14,1.988107762e-13,5.304875044e-13,1.103306481e-12,1.48686537e-12,8.785625209e-13,3.023017517e-13,7.659203392e-14,4.119769778e-13,2.181270515e-13,2.226509824e-14,5.339470571e-14,1.159404405e-13,1.11637052e-13,1.320052244e-13,1.907577317e-13,1.986017033e-13,3.164959306e-13,2.967400478e-14,4.103912247e-13,6.686333615e-14
145.1875,7.286322469e-13,4.718012805e-13,3.447024561e-13,4.584403671e-13,1.102129824e-13,4.289036813e-13,2.343312574e-13,1.875065851e-13,3.443615082e-14,2.26947634e-13,1.939261061e-14,9.088997678e-14,1.960751516e-13,5.236654676e-13,1.097811848e-12,1.472473463e-12,8.664910335e-13,2.934742197e-13,7.69961947e-14,4.091689027e-13,2.172401706e-13,2.222183604e-14,5.205979514e-14,1.154615768e-13,1.095492107e-13,1.294959867e-13,1.869782139e-13,1.986820875e-13,3.11615577e-13,2.958100928e-14,4.067908167e-13,6.55037616e-14
145.1953125,7.25152085e-13,4.726915962e-13,3.389177517e-13,4.581080924e-13,1.086809131e-13,4.285599112e-13,2.33110821e-13,1.856490855e-13,3.436852742e-14,2.252474393e-13,1.879809992e-14,8.892311003e-14,1.933968966e-13,5.170035607e-13,1.092102326e-12,1.457891949e-12,8.543139803e-13,2.849084352e-13,7.739631717e-14,4.061951321e-13,2.163011967e-13,2.219907701e-14,5.075950575e-14,1.150252101e-13,1.075369942e-13,1.270247685e-13,1.833301005e-13,1.987165839e-13,3.07048598e-13,2.94913563e-14,4.034159642e-13,6.416666273e-14
145.203125,7.218188964e-13,4.737162484e-13,3.331663829e-13,4.579370535e-13,1.072042039e-13,4.282677282e-13,2.318548826e-13,1.837275844e-13,3.426836096e-14,2.232877391e-13,1.827049889e-14,8.69426004e-14,1.906959806e-13,5.103473624e-13,1.086253263e-12,1.443371898e-12,8.422671101e-13,2.76559828e-13,7.781513929e-14,4.030017039e-13,2.153119074e-13,2.218020085e-14,4.949510493e-14,1.14603567e-13,1.055378516e-13,1.245067714e-13,1.797314846e-13,1.987504709e-13,3.025939492e-13,2.93986581e-14,3.999372496e-13,6.279934753e-14
145.2109375,7.184993423e-13,4.743734684e-13,3.276255116e-13,4.579647207e-13,1.056890419e-13,4.280386887e-13,2.305692274e-13,1.817562077e-13,3.414771171e-14,2.211535999e-13,1.78225796e-14,8.495641178e-14,1.880090915e-13,5.036499332e-13,1.080368209e-12,1.429118168e-12,8.30475016e-13,2.684119165e-13,7.824845976e-14,3.997003353e-13,2.14328573e-13,2.215966363e-14,4.82247006e-14,1.141226176e-13,1.03554257e-13,1.21963875e-13,1.76179719e-13,1.987350332e-13,2.982056873e-13,2.93299646e-14,3.963102507e-13,6.139493314e-14
145.21875,7.151038263e-13,4.749339854e-13,3.222911423e-13,4.580634454e-13,1.041792387e-13,4.277302195e-13,2.29259154e-13,1.797415345e-13,3.403543973e-14,2.189470462e-13,1.746033257e-14,8.297606239e-14,1.853720521e-13,4.969551744e-13,1.074388341e-12,1.414858849e-12,8.186782885e-13,2.604517131e-13,7.864660525e-14,3.964730425e-13,2.133463094e-13,2.214575223e-14,4.696343326e-14,1.13547415e-13,1.016313176e-13,1.195194149e-13,1.727233697e-13,1.985858076e-13,2.939393223e-13,2.928040895e-14,3.926626628e-13,5.999874097e-14
145.2265625,7.116474175e-13,4.759328485e-13,3.171183794e-13,4.583359775e-13,1.028144767e-13,4.273161732e-13,2.279370216e-13,1.777408105e-13,3.394334125e-14,2.166618015e-13,1.715703888e-14,8.102642877e-14,1.828097755e-13,4.903451367e-13,1.068386813e-12,1.400564876e-12,8.068050158e-13,2.527222258e-13,7.901988179e-14,3.93364318e-13,2.123862049e-13,2.213727503e-14,4.576202207e-14,1.129695152e-13,9.980121903e-14,1.171733166e-13,1.695176036e-13,1.984741678e-13,2.89887297e-13,2.922949736e-14,3.891305935e-13,5.860990134e-14
145.234375,7.082826081e-13,4.769952712e-13,3.121733625e-13,4.588402359e-13,1.016082421e-13,4.269501673e-13,2.266243334e-13,1.757922391e-13,3.386737496e-14,2.143035895e-13,1.688570095e-14,7.913362968e-14,1.803239847e-13,4.839414976e-13,1.062404175e-12,1.386403861e-12,7.950374337e-13,2.452871353e-13,7.940965899e-14,3.901232884e-13,2.114525835e-13,2.214440185e-14,4.460460241e-14,1.124425514e-13,9.804549536e-14,1.148458905e-13,1.666255285e-13,1.985187943e-13,2.861240658e-13,2.917502105e-14,3.857787067e-13,5.721959295e-14
145.2421875,7.051418949e-13,4.777812862e-13,3.073373141e-13,4.594659409e-13,1.00460803e-13,4.266765504e-13,2.253296925e-13,1.738738417e-13,3.381586713e-14,2.118902016e-13,1.665495125e-14,7.729113886e-14,1.77866983e-13,4.777434222e-13,1.056388958e-12,1.372466386e-12,7.83561957e-13,2.381708634e-13,7.980663998e-14,3.866838533e-13,2.104991875e-13,2.217789678e-14,4.344340061e-14,1.119471427e-13,9.632900065e-14,1.125336858e-13,1.638713801e-13,1.986075019e-13,2.825178806e-13,2.913439766e-14,3.82510217e-13,5.583272601e-14
145.25,7.020403587e-13,4.787671854e-13,3.025197599e-13,4.601559603e-13,9.931190049e-14,4.263403971e-13,2.240206772e-13,1.719813863e-13,3.377316101e-14,2.094108571e-13,1.647255001e-14,7.546810619e-14,1.753926162e-13,4.715001651e-13,1.050440296e-12,1.358990782e-12,7.724844002e-13,2.313295946e-13,8.019423369e-14,3.833916272e-13,2.095305265e-13,2.221473854e-14,4.22899214e-14,1.115035539e-13,9.466437626e-14,1.103024771e-13,1.611553417e-13,1.987277168e-13,2.789143402e-13,2.912598362e-14,3.791539055e-13,5.445637359e-14
145.2578125,6.987271602e-13,4.799806004e-13,2.979178226e-13,4.608618013e-13,9.8123037e-14,4.258630657e-13,2.226867188e-13,1.701003063e-13,3.368862474e-14,2.068315366e-13,1.635140326e-14,7.363224041e-14,1.728794697e-13,4.65079416e-13,1.04464705e-12,1.346081333e-12,7.617598035e-13,2.246769819e-13,8.055236497e-14,3.803218866e-13,2.08552174e-13,2.223564823e-14,4.118372016e-14,1.110896119e-13,9.308334783e-14,1.081949595e-13,1.585580428e-13,1.98848992e-13,2.754575443e-13,2.913817972e-14,3.756890503e-13,5.310615027e-14
145.265625,6.953342317e-13,4.809322525e-13,2.935780957e-13,4.617068083e-13,9.68916305e-14,4.254379113e-13,2.213858129e-13,1.681781711e-13,3.356795738e-14,2.041157679e-13,1.631418454e-14,7.178116754e-14,1.703419742e-13,4.587390072e-13,1.038980071e-12,1.333492407e-12,7.513180687e-13,2.182415505e-13,8.08590735e-14,3.771956698e-13,2.075410035e-13,2.226177547e-14,4.013184679e-14,1.106327131e-13,9.158382211e-14,1.06149168e-13,1.561131219e-13,1.988077664e-13,2.723191674e-13,2.914718931e-14,3.722660616e-13,5.175517159e-14
145.2734375,6.920590533e-13,4.818322903e-13,2.893537795e-13,4.628614852e-13,9.567412361e-14,4.252055482e-13,2.20129612e-13,1.662435573e-13,3.34663443e-14,2.012798098e-13,1.634543636e-14,6.994828112e-14,1.678464133e-13,4.526325165e-13,1.033397009e-12,1.321072619e-12,7.411324729e-13,2.121292538e-13,8.112877745e-14,3.740670264e-13,2.06547244e-13,2.230314368e-14,3.912325807e-14,1.101714151e-13,9.014652907e-14,1.040807826e-13,1.538405783e-13,1.986643739e-13,2.694170612e-13,2.915627083e-14,3.689987918e-13,5.036592352e-14
145.28125,6.888332302e-13,4.830002976e-13,2.853141242e-13,4.640680725e-13,9.445583108e-14,4.249914477e-13,2.188495159e-13,1.643851133e-13,3.338289709e-14,1.983676955e-13,1.64274443e-14,6.814171806e-14,1.654205503e-13,4.465437964e-13,1.027765816e-12,1.308851243e-12,7.310956182e-13,2.062778475e-13,8.13643757e-14,3.71171239e-13,2.055915638e-13,2.234074016e-14,3.81391932e-14,1.097706521e-13,8.874943767e-14,1.020365987e-13,1.517653211e-13,1.985986472e-13,2.666760901e-13,2.91815748e-14,3.658477341e-13,4.897407111e-14
145.2890625,6.85691506e-13,4.841259503e-13,2.815149235e-13,4.651777372e-13,9.322941772e-14,4.246553275e-13,2.17543695e-13,1.625926293e-13,3.329560189e-14,1.954187672e-13,1.657077117e-14,6.634073611e-14,1.630158994e-13,4.404175825e-13,1.022028716e-12,1.296867484e-12,7.211849652e-13,2.005994896e-13,8.154906802e-14,3.684198232e-13,2.045878743e-13,2.238181399e-14,3.715227793e-14,1.093739706e-13,8.738896661e-14,1.001004651e-13,1.498110907e-13,1.986031845e-13,2.641566259e-13,2.922949253e-14,3.627505507e-13,4.761770085e-14
145.296875,6.827966234e-13,4.8510095e-13,2.778062965e-13,4.665861304e-13,9.209188198e-14,4.243225339e-13,2.162924e-13,1.60811274e-13,3.322222436e-14,1.924908492e-13,1.676532737e-14,6.457081359e-14,1.606563153e-13,4.345032964e-13,1.016389662e-12,1.285264208e-12,7.116121945e-13,1.95210744e-13,8.169486431e-14,3.656453794e-13,2.035454851e-13,2.244347e-14,3.616058248e-14,1.089476422e-13,8.611465368e-14,9.825759217e-14,1.479368859e-13,1.986497238e-13,2.618254571e-13,2.928998309e-14,3.597541089e-13,4.628712275e-14
145.3046875,6.800943988e-13,4.861869476e-13,2.742024045e-13,4.684138717e-13,9.098885988e-14,4.241261689e-13,2.151133995e-13,1.590673132e-13,3.315379638e-14,1.895700576e-13,1.701933791e-14,6.286263811e-14,1.58433965e-13,4.288496358e-13,1.010990284e-12,1.274191407e-12,7.025725827e-13,1.901522935e-13,8.182886538e-14,3.628354357e-13,2.025709669e-13,2.250839221e-14,3.518989472e-14,1.085695605e-13,8.495880791e-14,9.648918893e-14,1.461788263e-13,1.987489211e-13,2.595296492e-13,2.934477134e-14,3.568664104e-13,4.497792756e-14
145.3125,6.774769761e-13,4.874885068e-13,2.707979229e-13,4.703809056e-13,8.977721341e-14,4.240098367e-13,2.13926827e-13,1.573906985e-13,3.306683558e-14,1.865532402e-13,1.737235861e-14,6.115914343e-14,1.56292819e-13,4.231861676e-13,1.005713156e-12,1.263638167e-12,6.939921915e-13,1.852255197e-13,8.197544643e-14,3.600947997e-13,2.016588112e-13,2.256776146e-14,3.425362716e-14,1.082782327e-13,8.38568753e-14,9.480461406e-14,1.445226791e-13,1.988670379e-13,2.572457758e-13,2.94020035e-14,3.539282557e-13,4.368178041e-14
145.3203125,6.748357558e-13,4.890293827e-13,2.675021464e-13,4.725094169e-13,8.857168248e-14,4.237959109e-13,2.12676622e-13,1.557504252e-13,3.299325568e-14,1.834020777e-13,1.780866807e-14,5.941322382e-14,1.54097107e-13,4.173421087e-13,1.00038587e-12,1.253462924e-12,6.855332538e-13,1.803175731e-13,8.210109361e-14,3.576458358e-13,2.007314437e-13,2.263412629e-14,3.334999394e-14,1.080234121e-13,8.274664255e-14,9.316900843e-14,1.429778196e-13,1.990024923e-13,2.551695317e-13,2.948098038e-14,3.508916552e-13,4.240104227e-14
145.328125,6.719679888e-13,4.906455724e-13,2.643675365e-13,4.749900406e-13,8.752613591e-14,4.234738488e-13,2.114250236e-13,1.541244026e-13,3.294255259e-14,1.801216653e-13,1.830087751e-14,5.770680112e-14,1.518931912e-13,4.115276438e-13,9.950097068e-13,1.243535173e-12,6.770550967e-13,1.755816652e-13,8.21327604e-14,3.554632511e-13,1.997449818e-13,2.27032029e-14,3.248646548e-14,1.077496102e-13,8.168232126e-14,9.159809276e-14,1.415889714e-13,1.991353491e-13,2.534615258e-13,2.957403707e-14,3.479732513e-13,4.117462836e-14
145.3359375,6.690373579e-13,4.921044389e-13,2.615987703e-13,4.778328427e-13,8.655937223e-14,4.232787461e-13,2.102424787e-13,1.525213508e-13,3.286051631e-14,1.766949829e-13,1.885978354e-14,5.612224873e-14,1.497952821e-13,4.060355085e-13,9.898448731e-13,1.234047343e-12,6.690026387e-13,1.712519291e-13,8.213791291e-14,3.531830266e-13,1.98677586e-13,2.277941965e-14,3.167705727e-14,1.074214505e-13,8.074538846e-14,9.018349354e-14,1.403639916e-13,1.992388344e-13,2.52056128e-13,2.968462913e-14,3.452785918e-13,3.999492871e-14
145.34375,6.664698007e-13,4.936640875e-13,2.590794111e-13,4.809248105e-13,8.558642113e-14,4.232260178e-13,2.090633705e-13,1.509670079e-13,3.274024885e-14,1.731921288e-13,1.94663005e-14,5.460877396e-14,1.477685955e-13,4.007768185e-13,9.85039402e-13,1.225344251e-12,6.617033976e-13,1.673628435e-13,8.22390121e-14,3.507748591e-13,1.975873036e-13,2.287847217e-14,3.09175764e-14,1.070639568e-13,7.991591525e-14,8.889380965e-14,1.393533882e-13,1.993826906e-13,2.50855601e-13,2.982490423e-14,3.42675797e-13,3.881432814e-14
145.3515625,6.641727374e-13,4.955166723e-13,2.565968971e-13,4.841205035e-13,8.461413297e-14,4.230771101e-13,2.078221319e-13,1.495094639e-13,3.26307992e-14,1.697247138e-13,2.011795295e-14,5.309350547e-14,1.457657739e-13,3.95520523e-13,9.803708992e-13,1.217327767e-12,6.548195322e-13,1.637150527e-13,8.236836873e-14,3.485588033e-13,1.965514257e-13,2.298280028e-14,3.017951172e-14,1.067861459e-13,7.913046822e-14,8.759975784e-14,1.385784738e-13,1.995711738e-13,2.498922002e-13,2.996193342e-14,3.401398819e-13,3.764641428e-14
145.359375,6.618597912e-13,4.973247508e-13,2.542832345e-13,4.875058403e-13,8.36478886e-14,4.228951054e-13,2.066045208e-13,1.48184775e-13,3.25461723e-14,1.662996503e-13,2.087218894e-14,5.159293882e-14,1.438196554e-13,3.903416946e-13,9.758301223e-13,1.209848263e-12,6.482063264e-13,1.602204429e-13,8.242707455e-14,3.465893203e-13,1.95490884e-13,2.307814037e-14,2.944443704e-14,1.066436871e-13,7.839605416e-14,8.633574937e-14,1.379555853e-13,1.997368101e-13,2.491828436e-13,3.007490168e-14,3.377407795e-13,3.653552974e-14
145.3671875,6.596741247e-13,4.99095609e-13,2.522407354e-13,4.913272351e-13,8.271743138e-14,4.228626094e-13,2.054785756e-13,1.469988229e-13,3.247229748e-14,1.628803491e-13,2.173505295e-14,5.014812415e-14,1.419234129e-13,3.853269738e-13,9.717847608e-13,1.203284098e-12,6.422131751e-13,1.570106721e-13,8.245110557e-14,3.44814548e-13,1.943230253e-13,2.317965398e-14,2.872775433e-14,1.065604438e-13,7.774392514e-14,8.524429024e-14,1.374691876e-13,1.999537272e-13,2.486587017e-13,3.019789491e-14,3.353925226e-13,3.549578254e-14
145.375,6.576637842e-13,5.0116315e-13,2.503275023e-13,4.955794817e-13,8.181227066e-14,4.228646456e-13,2.04383493e-13,1.459279478e-13,3.239872222e-14,1.594666319e-13,2.265269529e-14,4.876906075e-14,1.400700874e-13,3.803684581e-13,9.682771332e-13,1.19783563e-12,6.368401128e-13,1.541189803e-13,8.245853421e-14,3.433421256e-13,1.931625673e-13,2.328305652e-14,2.804862267e-14,1.064805518e-13,7.715250363e-14,8.431704043e-14,1.371527372e-13,2.003333025e-13,2.483155772e-13,3.03487727e-14,3.33022789e-13,3.451334651e-14
145.3828125,6.556640188e-13,5.034360727e-13,2.48614444e-13,5.001682878e-13,8.089514177e-14,4.228560937e-13,2.032791981e-13,1.448987914e-13,3.231300842e-14,1.560649826e-13,2.360719345e-14,4.745000566e-14,1.383064215e-13,3.755125908e-13,9.650254724e-13,1.193108081e-12,6.318032048e-13,1.514637098e-13,8.245362653e-14,3.421278524e-13,1.920918237e-13,2.337812512e-14,2.740042936e-14,1.06438694e-13,7.660510764e-14,8.346082589e-14,1.369887247e-13,2.008880616e-13,2.48271288e-13,3.052097126e-14,3.307368979e-13,3.354904474e-14
145.390625,6.538908569e-13,5.058326505e-13,2.472282451e-13,5.05033413e-13,8.004945996e-14,4.22920538e-13,2.021837889e-13,1.438655408e-13,3.222763072e-14,1.526491935e-13,2.464461674e-14,4.616300814e-14,1.366165603e-13,3.708173652e-13,9.618592336e-13,1.188742151e-12,6.270331771e-13,1.490261006e-13,8.247553073e-14,3.410005697e-13,1.910077485e-13,2.347682213e-14,2.676228726e-14,1.06442021e-13,7.611217927e-14,8.266699275e-14,1.369897418e-13,2.01577237e-13,2.485337199e-13,3.070399494e-14,3.285647115e-13,3.259289534e-14
145.3984375,6.524578936e-13,5.083853138e-13,2.458500603e-13,5.099987015e-13,7.932048065e-14,4.22893542e-13,2.010967685e-13,1.428937082e-13,3.216717933e-14,1.491627685e-13,2.582704336e-14,4.487015424e-14,1.34935142e-13,3.660494237e-13,9.585677546e-13,1.184548629e-12,6.223922157e-13,1.467422897e-13,8.246626453e-14,3.398973956e-13,1.89853361e-13,2.357428933e-14,2.612977226e-14,1.064467126e-13,7.564265571e-14,8.192502409e-14,1.371090151e-13,2.022733321e-13,2.488521589e-13,3.08609521e-14,3.263505885e-13,3.168701631e-14
145.40625,6.508389417e-13,5.107055093e-13,2.443006593e-13,5.151237968e-13,7.855690842e-14,4.226767239e-13,2.000270622e-13,1.420416914e-13,3.211049082e-14,1.456256286e-13,2.712301065e-14,4.357560159e-14,1.332666849e-13,3.6110247e-13,9.549975045e-13,1.180392724e-12,6.177520093e-13,1.445379762e-13,8.235505397e-14,3.387794896e-13,1.886688748e-13,2.365704236e-14,2.552991963e-14,1.06420327e-13,7.517254683e-14,8.11960591e-14,1.37260967e-13,2.028833427e-13,2.49144444e-13,3.098944829e-14,3.24057199e-13,3.084213719e-14
145.4140625,6.487838055e-13,5.126991841e-13,2.430343484e-13,5.206314773e-13,7.767814844e-14,4.224862954e-13,1.989941757e-13,1.412621876e-13,3.203039864e-14,1.421432562e-13,2.845248118e-14,4.232791666e-14,1.316602746e-13,3.56205293e-13,9.513529384e-13,1.176474118e-12,6.133464292e-13,1.42527993e-13,8.221150916e-14,3.376987756e-13,1.874330203e-13,2.373781868e-14,2.498241733e-14,1.063576837e-13,7.475804477e-14,8.053949381e-14,1.375694141e-13,2.035329676e-13,2.497680389e-13,3.114728379e-14,3.2186961e-13,3.003854944e-14
145.421875,6.467730097e-13,5.1498315e-13,2.422448818e-13,5.263891386e-13,7.682976136e-14,4.223884979e-13,1.979832965e-13,1.405149731e-13,3.195062047e-14,1.387328049e-13,2.985087861e-14,4.116508035e-14,1.301307058e-13,3.514863205e-13,9.478685166e-13,1.173122445e-12,6.093629095e-13,1.40886061e-13,8.211281695e-14,3.368656579e-13,1.861233723e-13,2.382632727e-14,2.446316409e-14,1.063092041e-13,7.443811677e-14,8.003832266e-14,1.381420904e-13,2.043859703e-13,2.508695441e-13,3.134899725e-14,3.198356367e-13,2.928670866e-14
145.4296875,6.450945283e-13,5.177842848e-13,2.414926032e-13,5.323173628e-13,7.614781784e-14,4.222140217e-13,1.969820254e-13,1.398469691e-13,3.189277988e-14,1.353459523e-13,3.135565448e-14,4.007199769e-14,1.286542417e-13,3.468574877e-13,9.445948434e-13,1.170403421e-12,6.057103285e-13,1.396253031e-13,8.204477772e-14,3.363888961e-13,1.847806543e-13,2.391872125e-14,2.395290585e-14,1.063397664e-13,7.417116787e-14,7.96650662e-14,1.388210506e-13,2.054360318e-13,2.52107508e-13,3.1561844e-14,3.177780614e-13,2.858612854e-14
145.4375,6.436089712e-13,5.207232917e-13,2.4063049e-13,5.386418619e-13,7.560248987e-14,4.219492421e-13,1.960003265e-13,1.393306527e-13,3.184270595e-14,1.319879195e-13,3.289629185e-14,3.899908651e-14,1.272182564e-13,3.422504347e-13,9.415614548e-13,1.16826337e-12,6.023330505e-13,1.386161446e-13,8.197294469e-14,3.361730833e-13,1.834007257e-13,2.402075933e-14,2.347451968e-14,1.064416108e-13,7.392914912e-14,7.936178668e-14,1.39528886e-13,2.065756028e-13,2.534030814e-13,3.177239117e-14,3.157035032e-13,2.791282699e-14
145.4453125,6.422894411e-13,5.236883123e-13,2.399526872e-13,5.453607637e-13,7.507870265e-14,4.217174951e-13,1.950293239e-13,1.389857281e-13,3.178350363e-14,1.28614755e-13,3.44733341e-14,3.793327195e-14,1.258239895e-13,3.376790838e-13,9.38691918e-13,1.166640517e-12,5.991899598e-13,1.37743001e-13,8.188514717e-14,3.360261706e-13,1.819489077e-13,2.413256173e-14,2.304162014e-14,1.06588141e-13,7.372534746e-14,7.911539e-14,1.403953017e-13,2.077183042e-13,2.550335415e-13,3.196970038e-14,3.138123837e-13,2.727217343e-14
145.453125,6.410425305e-13,5.268703934e-13,2.395215902e-13,5.523590304e-13,7.450019282e-14,4.214631546e-13,1.940306833e-13,1.387491453e-13,3.170713959e-14,1.251750124e-13,3.613623916e-14,3.692307097e-14,1.244376916e-13,3.332033634e-13,9.358314167e-13,1.165434992e-12,5.961718866e-13,1.37044061e-13,8.179773525e-14,3.357799892e-13,1.804406112e-13,2.424183916e-14,2.263539612e-14,1.067540286e-13,7.354993842e-14,7.893420248e-14,1.41491271e-13,2.088882272e-13,2.569680196e-13,3.216582099e-14,3.121027406e-13,2.66768271e-14
145.4609375,6.396646489e-13,5.302402652e-13,2.392058907e-13,5.596043765e-13,7.39146256e-14,4.209835725e-13,1.929714005e-13,1.385524751e-13,3.163400775e-14,1.217834331e-13,3.785123132e-14,3.599840003e-14,1.230609229e-13,3.288429276e-13,9.329639449e-13,1.164597458e-12,5.932658871e-13,1.366202464e-13,8.171552654e-14,3.354720526e-13,1.788880265e-13,2.434918471e-14,2.224154594e-14,1.06856608e-13,7.338648544e-14,7.885272257e-14,1.427939328e-13,2.10186653e-13,2.590057035e-13,3.240260245e-14,3.104275303e-13,2.611895721e-14
145.46875,6.383512128e-13,5.334688553e-13,2.389648282e-13,5.668962276e-13,7.342327508e-14,4.203083711e-13,1.918815341e-13,1.384092853e-13,3.15978959e-14,1.185330159e-13,3.963876496e-14,3.511304385e-14,1.217588233e-13,3.245244184e-13,9.301805566e-13,1.164120976e-12,5.905509091e-13,1.364600511e-13,8.161653269e-14,3.352663743e-13,1.772782177e-13,2.44635837e-14,2.185902553e-14,1.068885028e-13,7.325972035e-14,7.889938126e-14,1.442185722e-13,2.115966978e-13,2.611906267e-13,3.266258036e-14,3.087421624e-13,2.560011265e-14
145.4765625,6.372731368e-13,5.364277486e-13,2.388271976e-13,5.74224913e-13,7.298550116e-14,4.196782443e-13,1.908297838e-13,1.383523375e-13,3.156783276e-14,1.153241246e-13,4.155069599e-14,3.422026943e-14,1.204809758e-13,3.201961382e-13,9.276048832e-13,1.16403759e-12,5.88078385e-13,1.364810808e-13,8.151535253e-14,3.352141888e-13,1.756264163e-13,2.458057413e-14,2.149069844e-14,1.069754174e-13,7.318945857e-14,7.905341739e-14,1.456777642e-13,2.129624038e-13,2.635709954e-13,3.290738815e-14,3.070681349e-13,2.513124626e-14
145.484375,6.360813372e-13,5.395856022e-13,2.388930852e-13,5.818753733e-13,7.245247293e-14,4.190511213e-13,1.898038525e-13,1.383698845e-13,3.149174887e-14,1.12094423e-13,4.350338467e-14,3.334147379e-14,1.191263082e-13,3.158388294e-13,9.252339437e-13,1.164388345e-12,5.857738967e-13,1.366025641e-13,8.142085443e-14,3.353554003e-13,1.739587424e-13,2.468939596e-14,2.114080047e-14,1.071501095e-13,7.313524348e-14,7.928162778e-14,1.472315692e-13,2.142669503e-13,2.660892874e-13,3.316469113e-14,3.054649174e-13,2.471562437e-14
145.4921875,6.346892765e-13,5.432620031e-13,2.391407839e-13,5.898531043e-13,7.183343223e-14,4.182178015e-13,1.887449112e-13,1.384455624e-13,3.139329069e-14,1.089241029e-13,4.543147382e-14,3.251220361e-14,1.177899076e-13,3.114090331e-13,9.228137141e-13,1.165085733e-12,5.835029108e-13,1.368143542e-13,8.129083489e-14,3.357293528e-13,1.722728838e-13,2.478715745e-14,2.08029109e-14,1.073306271e-13,7.305322425e-14,7.955726817e-14,1.489513382e-13,2.157241356e-13,2.687902978e-13,3.343601758e-14,3.039515139e-13,2.435018716e-14
145.5,6.33443113e-13,5.469706537e-13,2.393940325e-13,5.98055377e-13,7.127978465e-14,4.172903392e-13,1.876871877e-13,1.385731603e-13,3.130095444e-14,1.058631777e-13,4.741031191e-14,3.174338559e-14,1.165725896e-13,3.0696435e-13,9.202565653e-13,1.166054983e-12,5.813448057e-13,1.372683384e-13,8.11397576e-14,3.36119782e-13,1.705487883e-13,2.487110409e-14,2.046459269e-14,1.075052774e-13,7.296806059e-14,7.987409028e-14,1.507975697e-13,2.174107465e-13,2.717314032e-13,3.367653251e-14,3.024292824e-13,2.402254281e-14
145.5078125,6.322820753e-13,5.50364463e-13,2.396885134e-13,6.064907057e-13,7.081819071e-14,4.163713084e-13,1.866748894e-13,1.387728872e-13,3.120912667e-14,1.028909076e-13,4.950463857e-14,3.104351626e-14,1.153840691e-13,3.026382757e-13,9.177953397e-13,1.167381419e-12,5.794591601e-13,1.380642466e-13,8.101489966e-14,3.363132808e-13,1.687790394e-13,2.493710747e-14,2.012816509e-14,1.077050948e-13,7.292058242e-14,8.027779523e-14,1.527620035e-13,2.191264745e-13,2.748067157e-13,3.391061883e-14,3.009196802e-13,2.372761124e-14
145.515625,6.309875301e-13,5.538110801e-13,2.400827771e-13,6.150029089e-13,7.037370645e-14,4.152624495e-13,1.856481679e-13,1.390955625e-13,3.1150766e-14,9.998320641e-14,5.169078806e-14,3.038979005e-14,1.141983091e-13,2.984270335e-13,9.154607783e-13,1.169132585e-12,5.777496771e-13,1.390641892e-13,8.087345031e-14,3.365116136e-13,1.669804604e-13,2.499491035e-14,1.981043188e-14,1.079396059e-13,7.289961099e-14,8.079352117e-14,1.548227015e-13,2.208411478e-13,2.778487075e-13,3.417943144e-14,2.995630948e-13,2.348290382e-14
145.5234375,6.297539959e-13,5.576049915e-13,2.404032015e-13,6.236614147e-13,6.99579145e-14,4.140031095e-13,1.845803688e-13,1.395177175e-13,3.113175101e-14,9.711509767e-14,5.391104368e-14,2.9737365e-14,1.130957608e-13,2.942623536e-13,9.131127572e-13,1.171312102e-12,5.761252185e-13,1.401688922e-13,8.068744652e-14,3.369462767e-13,1.651646871e-13,2.5061111e-14,1.952368744e-14,1.082100388e-13,7.288418098e-14,8.13694732e-14,1.56925951e-13,2.227606339e-13,2.808729317e-13,3.445499572e-14,2.982867412e-13,2.32908056e-14
145.53125,6.287584536e-13,5.617054994e-13,2.407371825e-13,6.327655895e-13,6.961621255e-14,4.12861504e-13,1.835393626e-13,1.399521147e-13,3.108644978e-14,9.427509476e-14,5.616233994e-14,2.91082145e-14,1.120588996e-13,2.901869674e-13,9.10841094e-13,1.173875367e-12,5.746720609e-13,1.414523302e-13,8.05290801e-14,3.375088512e-13,1.633278191e-13,2.514138379e-14,1.925977453e-14,1.084662014e-13,7.288705331e-14,8.196969818e-14,1.591229998e-13,2.248453688e-13,2.840847607e-13,3.471280817e-14,2.969638838e-13,2.312546669e-14
145.5390625,6.27965596e-13,5.659781172e-13,2.413484078e-13,6.420843147e-13,6.931312883e-14,4.117626288e-13,1.825353171e-13,1.40424922e-13,3.101023844e-14,9.148185365e-14,5.850023987e-14,2.855083803e-14,1.110855088e-13,2.862643986e-13,9.087538962e-13,1.176729972e-12,5.733587687e-13,1.429550309e-13,8.041638815e-14,3.381688561e-13,1.614849949e-13,2.52322e-14,1.900436737e-14,1.086962877e-13,7.292983636e-14,8.262211199e-14,1.613991858e-13,2.269078074e-13,2.875737189e-13,3.495010957e-14,2.957281935e-13,2.298946315e-14
145.546875,6.272964123e-13,5.702118534e-13,2.421194781e-13,6.514000282e-13,6.898468504e-14,4.105423017e-13,1.8152527e-13,1.410423735e-13,3.095234326e-14,8.875263168e-14,6.091751989e-14,2.804221397e-14,1.102452494e-13,2.824706661e-13,9.068678843e-13,1.180020156e-12,5.721744868e-13,1.446547541e-13,8.028396987e-14,3.390926567e-13,1.596657146e-13,2.531977847e-14,1.8765623e-14,1.090013432e-13,7.301865275e-14,8.336225027e-14,1.636263103e-13,2.290289899e-13,2.912691544e-13,3.516249493e-14,2.947317087e-13,2.292171218e-14
145.5546875,6.265333654e-13,5.745034007e-13,2.429497638e-13,6.611713351e-13,6.863596629e-14,4.09310687e-13,1.805333012e-13,1.417910527e-13,3.089803395e-14,8.609140695e-14,6.337552836e-14,2.754807864e-14,1.094905121e-13,2.787094141e-13,9.05259084e-13,1.183975109e-12,5.712748739e-13,1.465177594e-13,8.014102453e-14,3.401675569e-13,1.578648818e-13,2.538840019e-14,1.855772503e-14,1.093866914e-13,7.313390214e-14,8.419922454e-14,1.658480442e-13,2.313567961e-13,2.951413116e-13,3.538747415e-14,2.938668254e-13,2.29253103e-14
145.5625,6.255982292e-13,5.791219297e-13,2.439700201e-13,6.715156594e-13,6.83265353e-14,4.080720775e-13,1.795813807e-13,1.425621577e-13,3.082004764e-14,8.34915578e-14,6.588355739e-14,2.708526449e-14,1.087323702e-13,2.748880804e-13,9.038087972e-13,1.188342754e-12,5.705604067e-13,1.485083576e-13,8.004614907e-14,3.410985276e-13,1.560203575e-13,2.544592793e-14,1.837338397e-14,1.097314259e-13,7.325166881e-14,8.510905341e-14,1.681849312e-13,2.338178239e-13,2.991112225e-13,3.564703732e-14,2.929458709e-13,2.295650692e-14
145.5703125,6.247210977e-13,5.838644089e-13,2.45057667e-13,6.819369799e-13,6.806951012e-14,4.066916998e-13,1.786284907e-13,1.433298098e-13,3.073649076e-14,8.092447332e-14,6.84090238e-14,2.66723815e-14,1.080077392e-13,2.710736932e-13,9.022914632e-13,1.19279466e-12,5.697873396e-13,1.506870225e-13,7.997178391e-14,3.418913993e-13,1.54076897e-13,2.551067419e-14,1.820256132e-14,1.100416578e-13,7.339231379e-14,8.607093931e-14,1.706210536e-13,2.36275134e-13,3.030894031e-13,3.588950436e-14,2.920003039e-13,2.30050293e-14
145.578125,6.239432029e-13,5.886408512e-13,2.46141139e-13,6.923693817e-13,6.783137374e-14,4.052667759e-13,1.776781944e-13,1.441851957e-13,3.06665409e-14,7.838783785e-14,7.094585707e-14,2.631343189e-14,1.073870183e-13,2.674286821e-13,9.008609311e-13,1.197570514e-12,5.690761062e-13,1.531261291e-13,7.986989927e-14,3.427595836e-13,1.520977765e-13,2.558041955e-14,1.804844604e-14,1.104235333e-13,7.359101847e-14,8.710198395e-14,1.731133893e-13,2.387637021e-13,3.07184934e-13,3.609875749e-14,2.912219201e-13,2.311170235e-14
145.5859375,6.230848432e-13,5.937924255e-13,2.474363163e-13,7.029861128e-13,6.761397596e-14,4.038833841e-13,1.767700331e-13,1.451988665e-13,3.061572204e-14,7.594013754e-14,7.358327142e-14,2.599939015e-14,1.068867817e-13,2.639097208e-13,8.997138887e-13,1.202895953e-12,5.685825363e-13,1.557638768e-13,7.977370976e-14,3.438064659e-13,1.501873121e-13,2.564288682e-14,1.791695531e-14,1.108940008e-13,7.383420445e-14,8.819216415e-14,1.755922534e-13,2.414465374e-13,3.114337846e-13,3.630779203e-14,2.90626466e-13,2.328870487e-14
145.59375,6.221387545e-13,5.990390105e-13,2.488143868e-13,7.135581892e-13,6.739585345e-14,4.023841183e-13,1.758635523e-13,1.463090483e-13,3.056170021e-14,7.358960465e-14,7.629137651e-14,2.570061812e-14,1.064700141e-13,2.603320943e-13,8.986575297e-13,1.20856998e-12,5.681718564e-13,1.585579946e-13,7.97226513e-14,3.449513748e-13,1.483002816e-13,2.569379924e-14,1.780578882e-14,1.114042213e-13,7.409231592e-14,8.929626015e-14,1.779974613e-13,2.442692156e-13,3.157146768e-13,3.650175714e-14,2.900646806e-13,2.350062578e-14
145.6015625,6.211982697e-13,6.038672326e-13,2.500140652e-13,7.239966203e-13,6.711247926e-14,4.007575245e-13,1.749001014e-13,1.474239164e-13,3.047224373e-14,7.124800538e-14,7.896642211e-14,2.541057965e-14,1.060741359e-13,2.566938769e-13,8.97660302e-13,1.21467129e-12,5.678811035e-13,1.615622531e-13,7.971338607e-14,3.460459762e-13,1.463502341e-13,2.573850343e-14,1.769648874e-14,1.118860479e-13,7.43673494e-14,9.043539686e-14,1.804488917e-13,2.469606272e-13,3.201065699e-13,3.667394123e-14,2.894991129e-13,2.373771119e-14
145.609375,6.203028932e-13,6.086814497e-13,2.512428517e-13,7.345472908e-13,6.680637021e-14,3.991678149e-13,1.739042686e-13,1.485793197e-13,3.037404481e-14,6.888499867e-14,8.165758403e-14,2.515094508e-14,1.057189182e-13,2.531116735e-13,8.970318752e-13,1.22154837e-12,5.678881096e-13,1.647661279e-13,7.974265722e-14,3.471392101e-13,1.44390941e-13,2.578438296e-14,1.757989581e-14,1.122933711e-13,7.467017258e-14,9.166906731e-14,1.830422833e-13,2.495309923e-13,3.246569597e-13,3.68654503e-14,2.889503713e-13,2.402596422e-14
145.6171875,6.19454949e-13,6.138687586e-13,2.526771869e-13,7.452477992e-13,6.65607442e-14,3.97585209e-13,1.729204138e-13,1.498536003e-13,3.029762615e-14,6.656649532e-14,8.441298048e-14,2.492849184e-14,1.054743758e-13,2.496033574e-13,8.966843781e-13,1.228878607e-12,5.679502854e-13,1.681026664e-13,7.978672462e-14,3.483283147e-13,1.424628034e-13,2.582563015e-14,1.748170185e-14,1.126875674e-13,7.499480113e-14,9.298404628e-14,1.856744045e-13,2.522064198e-13,3.291645515e-13,3.707224631e-14,2.884177664e-13,2.436478575e-14
145.625,6.186641493e-13,6.191647672e-13,2.542118549e-13,7.560527046e-13,6.62993735e-14,3.959719468e-13,1.719538961e-13,1.512180701e-13,3.020760135e-14,6.433207798e-14,8.718317303e-14,2.475136396e-14,1.053379448e-13,2.461704883e-13,8.962084088e-13,1.236019678e-12,5.677720014e-13,1.715851837e-13,7.980824872e-14,3.493631521e-13,1.405122733e-13,2.585855492e-14,1.741419974e-14,1.131307006e-13,7.532139276e-14,9.431797476e-14,1.88278696e-13,2.550139002e-13,3.336568868e-13,3.726287672e-14,2.880171837e-13,2.47364771e-14
145.6328125,6.179625881e-13,6.245491166e-13,2.558493693e-13,7.670588394e-13,6.593135303e-14,3.944812789e-13,1.710011336e-13,1.526205322e-13,3.008990494e-14,6.218876339e-14,8.995591943e-14,2.463189357e-14,1.053077016e-13,2.428830475e-13,8.957301405e-13,1.243288759e-12,5.676626157e-13,1.753239574e-13,7.982466764e-14,3.501183432e-13,1.385381095e-13,2.589829995e-14,1.734786603e-14,1.135777069e-13,7.565090202e-14,9.564485063e-14,1.908764491e-13,2.57925579e-13,3.383135028e-13,3.744376792e-14,2.878751325e-13,2.515978278e-14
145.640625,6.171936437e-13,6.300044206e-13,2.574914263e-13,7.781616211e-13,6.552560422e-14,3.930544304e-13,1.700598777e-13,1.540823241e-13,2.997406209e-14,6.011927474e-14,9.270766738e-14,2.454480169e-14,1.05380002e-13,2.397330641e-13,8.956916194e-13,1.251529562e-12,5.680377677e-13,1.79406676e-13,7.988242491e-14,3.510067546e-13,1.365438993e-13,2.594614006e-14,1.727016503e-14,1.140132973e-13,7.602978648e-14,9.701585933e-14,1.934654582e-13,2.608859827e-13,3.429701912e-13,3.762023064e-14,2.879173249e-13,2.566242115e-14
145.6484375,6.161414322e-13,6.353218184e-13,2.589499422e-13,7.89162242e-13,6.513877703e-14,3.914087055e-13,1.691126186e-13,1.556063293e-13,2.985685493e-14,5.805411026e-14,9.541960267e-14,2.44699301e-14,1.054726967e-13,2.365877302e-13,8.960469864e-13,1.260683814e-12,5.687349047e-13,1.83776447e-13,8.000242096e-14,3.521785068e-13,1.345179934e-13,2.598660525e-14,1.720590045e-14,1.144658931e-13,7.648191977e-14,9.851990011e-14,1.96080339e-13,2.637459395e-13,3.473986942e-13,3.779413065e-14,2.8796338e-13,2.622533971e-14
145.65625,6.149850472e-13,6.409141005e-13,2.604326922e-13,8.001511683e-13,6.473442523e-14,3.895690078e-13,1.681327639e-13,1.571547115e-13,2.973358524e-14,5.598954203e-14,9.816147292e-14,2.444743367e-14,1.056313638e-13,2.334294045e-13,8.965393068e-13,1.270125359e-12,5.69391116e-13,1.883442239e-13,8.01724588e-14,3.532676726e-13,1.32557679e-13,2.602301194e-14,1.71728711e-14,1.148659824e-13,7.696873906e-14,1.001556129e-13,1.987439154e-13,2.666335855e-13,3.516573931e-13,3.797714678e-14,2.879857702e-13,2.680890174e-14
145.6640625,6.139238338e-13,6.468679916e-13,2.621492268e-13,8.112138597e-13,6.432446858e-14,3.877903338e-13,1.671405771e-13,1.587532821e-13,2.962238841e-14,5.401803014e-14,1.009404931e-13,2.450105825e-14,1.060101247e-13,2.304555163e-13,8.972556001e-13,1.279787975e-12,5.700077711e-13,1.931339656e-13,8.035102122e-14,3.541750471e-13,1.306755731e-13,2.606393334e-14,1.716348265e-14,1.151556532e-13,7.74841535e-14,1.018310412e-13,2.014018359e-13,2.696865748e-13,3.55932563e-13,3.81489097e-14,2.881858953e-13,2.741875011e-14
145.671875,6.1279634e-13,6.523035301e-13,2.638781407e-13,8.222016761e-13,6.393978341e-14,3.860818433e-13,1.662071286e-13,1.604354825e-13,2.951340154e-14,5.216521468e-14,1.037074871e-13,2.457833125e-14,1.065092003e-13,2.277294774e-13,8.983082565e-13,1.289846039e-12,5.70767923e-13,1.981367963e-13,8.053964489e-14,3.550021899e-13,1.28708652e-13,2.610632381e-14,1.715661082e-14,1.154285709e-13,7.806992359e-14,1.035281622e-13,2.040424945e-13,2.726233396e-13,3.603629409e-13,3.829096039e-14,2.886666454e-13,2.809498329e-14
145.6796875,6.116285401e-13,6.573907656e-13,2.654854729e-13,8.331059316e-13,6.354392416e-14,3.842995544e-13,1.653205921e-13,1.621335551e-13,2.94035827e-14,5.040354408e-14,1.064867657e-13,2.465763285e-14,1.069634678e-13,2.250145937e-13,8.995540351e-13,1.300134349e-12,5.716286684e-13,2.032538936e-13,8.078682388e-14,3.557020001e-13,1.266956069e-13,2.614287833e-14,1.714414181e-14,1.15779222e-13,7.870683662e-14,1.05285962e-13,2.06669479e-13,2.754585591e-13,3.648234909e-13,3.84267802e-14,2.892034507e-13,2.883508631e-14
145.6875,6.105972107e-13,6.632215228e-13,2.670902027e-13,8.441073389e-13,6.312018527e-14,3.824611356e-13,1.643951847e-13,1.637968068e-13,2.932103633e-14,4.875387482e-14,1.09235786e-13,2.480469519e-14,1.075062369e-13,2.222242517e-13,9.008968664e-13,1.310590175e-12,5.724345986e-13,2.085064547e-13,8.105518567e-14,3.564498469e-13,1.248250716e-13,2.615174518e-14,1.714319139e-14,1.161835924e-13,7.934850086e-14,1.070618803e-13,2.091992168e-13,2.785969048e-13,3.689695714e-13,3.857083098e-14,2.896261387e-13,2.959883481e-14
145.6953125,6.095779576e-13,6.694883141e-13,2.687237285e-13,8.552065172e-13,6.268564272e-14,3.806790044e-13,1.634639981e-13,1.654862743e-13,2.924609605e-14,4.720457117e-14,1.118639298e-13,2.503675677e-14,1.082470361e-13,2.196092588e-13,9.02444857e-13,1.321481647e-12,5.733235973e-13,2.140293597e-13,8.128996142e-14,3.573631443e-13,1.23016175e-13,2.612648771e-14,1.716389717e-14,1.165854687e-13,8.002696832e-14,1.088150732e-13,2.116245768e-13,2.819025815e-13,3.727870752e-13,3.872456346e-14,2.900665096e-13,3.039038738e-14
145.703125,6.085629356e-13,6.754474049e-13,2.70370747e-13,8.66221312e-13,6.222018527e-14,3.789599498e-13,1.625891148e-13,1.672476317e-13,2.912842257e-14,4.568947118e-14,1.14442919e-13,2.528292658e-14,1.090651724e-13,2.172579345e-13,9.043097051e-13,1.332896601e-12,5.745114154e-13,2.198217531e-13,8.157538028e-14,3.580637563e-13,1.211433114e-13,2.610747851e-14,1.720226515e-14,1.169557756e-13,8.077172959e-14,1.105811709e-13,2.140929653e-13,2.850569056e-13,3.766419972e-13,3.88878413e-14,2.906463972e-13,3.123355802e-14
145.7109375,6.076708693e-13,6.815063968e-13,2.719795638e-13,8.770335539e-13,6.17308813e-14,3.771864593e-13,1.616766862e-13,1.690582049e-13,2.898267421e-14,4.419870773e-14,1.170864637e-13,2.551770556e-14,1.09929e-13,2.1491152e-13,9.063769469e-13,1.344501893e-12,5.757177314e-13,2.257068666e-13,8.196992146e-14,3.584442737e-13,1.193277795e-13,2.61137369e-14,1.725953882e-14,1.172753596e-13,8.152794998e-14,1.123509111e-13,2.16617785e-13,2.882363156e-13,3.806599087e-13,3.902760543e-14,2.912974886e-13,3.21057149e-14
145.71875,6.066900346e-13,6.878815946e-13,2.734478327e-13,8.87624982e-13,6.127656863e-14,3.752650532e-13,1.606788959e-13,1.708803751e-13,2.885057512e-14,4.277850204e-14,1.197884883e-13,2.576342818e-14,1.109140027e-13,2.124167929e-13,9.083945327e-13,1.355983611e-12,5.765613818e-13,2.316042126e-13,8.238725339e-14,3.588959441e-13,1.176147548e-13,2.611190618e-14,1.732612097e-14,1.175361459e-13,8.227089713e-14,1.14105691e-13,2.190356166e-13,2.915055341e-13,3.845922238e-13,3.913080104e-14,2.918778506e-13,3.299606725e-14
145.7265625,6.055514176e-13,6.942675281e-13,2.748730381e-13,8.980451694e-13,6.085496044e-14,3.732449123e-13,1.596904974e-13,1.726501374e-13,2.872361061e-14,4.144814052e-14,1.224911605e-13,2.601505742e-14,1.120250196e-13,2.098989835e-13,9.103695978e-13,1.367483223e-12,5.77254491e-13,2.376656652e-13,8.279420658e-14,3.595015635e-13,1.159019117e-13,2.608796309e-14,1.739068215e-14,1.1777112e-13,8.304994228e-14,1.159142726e-13,2.213822473e-13,2.946982448e-13,3.882809493e-13,3.923729077e-14,2.923387467e-13,3.393167422e-14
145.734375,6.045153781e-13,7.008151833e-13,2.763597043e-13,9.084226745e-13,6.040758468e-14,3.712454435e-13,1.586964833e-13,1.743549087e-13,2.858067799e-14,4.017593007e-14,1.251230765e-13,2.628499237e-14,1.13267525e-13,2.0748073e-13,9.125689185e-13,1.379360108e-12,5.781440665e-13,2.439960836e-13,8.325045761e-14,3.601525352e-13,1.142278321e-13,2.605453898e-14,1.746161997e-14,1.180575954e-13,8.38717547e-14,1.17761806e-13,2.237811469e-13,2.979454254e-13,3.918186356e-13,3.935432362e-14,2.927938524e-13,3.490943495e-14
145.7421875,6.036437605e-13,7.075508964e-13,2.777516967e-13,9.18803866e-13,5.992537847e-14,3.69329911e-13,1.576176939e-13,1.761100273e-13,2.843167959e-14,3.892856377e-14,1.276480506e-13,2.660595622e-14,1.14667841e-13,2.052143849e-13,9.151668775e-13,1.391828194e-12,5.792731102e-13,2.505817566e-13,8.377457964e-14,3.609244594e-13,1.126575268e-13,2.600972078e-14,1.752518801e-14,1.18431839e-13,8.471317273e-14,1.19530259e-13,2.260375091e-13,3.013427396e-13,3.952494806e-13,3.946116616e-14,2.9332594e-13,3.592159087e-14
145.75,6.029787249e-13,7.142456661e-13,2.790285733e-13,9.290457293e-13,5.945922072e-14,3.674910011e-13,1.565141954e-13,1.779825181e-13,2.829843142e-14,3.771004974e-14,1.300943155e-13,2.698183624e-14,1.162287097e-13,2.032014649e-13,9.182867897e-13,1.405066829e-12,5.807617319e-13,2.575681298e-13,8.436863788e-14,3.616697632e-13,1.111288519e-13,2.596120481e-14,1.755533228e-14,1.188267283e-13,8.560944538e-14,1.212669292e-13,2.280415079e-13,3.047138968e-13,3.985184739e-13,3.957729694e-14,2.939270002e-13,3.69860709e-14
145.7578125,6.025487231e-13,7.210196605e-13,2.803827123e-13,9.391369007e-13,5.903556521e-14,3.656903211e-13,1.554281693e-13,1.798924771e-13,2.818993374e-14,3.651884079e-14,1.324585645e-13,2.740852364e-14,1.179435548e-13,2.014588583e-13,9.220062941e-13,1.419125014e-12,5.826503387e-13,2.650102316e-13,8.501350559e-14,3.622154155e-13,1.096290329e-13,2.592613005e-14,1.758119244e-14,1.191595979e-13,8.658308252e-14,1.23103184e-13,2.300825238e-13,3.079906714e-13,4.01729696e-13,3.971841246e-14,2.946437862e-13,3.80819188e-14
145.765625,6.019546198e-13,7.278778685e-13,2.817803296e-13,9.492827e-13,5.858478304e-14,3.6388944e-13,1.542887552e-13,1.817793241e-13,2.808154979e-14,3.535950197e-14,1.347551787e-13,2.786170936e-14,1.197948732e-13,1.998125194e-13,9.260728862e-13,1.43366942e-12,5.845867978e-13,2.725850007e-13,8.563362892e-14,3.628085637e-13,1.082140028e-13,2.588938093e-14,1.76388011e-14,1.194315502e-13,8.759809915e-14,1.249788115e-13,2.322143042e-13,3.111716311e-13,4.049768173e-13,3.986546955e-14,2.954668668e-13,3.917680016e-14
145.7734375,6.010220121e-13,7.348055692e-13,2.830626295e-13,9.594057744e-13,5.804552418e-14,3.620639753e-13,1.530903937e-13,1.836529374e-13,2.794090455e-14,3.430205457e-14,1.370884407e-13,2.830540526e-14,1.218064755e-13,1.98125767e-13,9.301623719e-13,1.448347713e-12,5.863526317e-13,2.801445696e-13,8.623433098e-14,3.635272709e-13,1.068874205e-13,2.582917741e-14,1.770506321e-14,1.196943174e-13,8.863792661e-14,1.267817155e-13,2.34210248e-13,3.142452815e-13,4.080420417e-13,3.999914595e-14,2.963029031e-13,4.029093207e-14
145.78125,6.001614635e-13,7.42053465e-13,2.842564802e-13,9.692609696e-13,5.749076437e-14,3.60249399e-13,1.519102757e-13,1.85523151e-13,2.778704625e-14,3.33741072e-14,1.394703824e-13,2.876789555e-14,1.240072493e-13,1.964589926e-13,9.34357834e-13,1.463109122e-12,5.880533501e-13,2.879117673e-13,8.690624712e-14,3.640557805e-13,1.056397828e-13,2.575348692e-14,1.776077814e-14,1.199663242e-13,8.969940411e-14,1.285289155e-13,2.361426684e-13,3.173514925e-13,4.107508839e-13,4.010400348e-14,2.971477752e-13,4.144257493e-14
145.7890625,5.994723943e-13,7.493022668e-13,2.855002783e-13,9.789832324e-13,5.695375361e-14,3.585751479e-13,1.507861951e-13,1.874195032e-13,2.764616874e-14,3.248196584e-14,1.417730479e-13,2.929017391e-14,1.263691637e-13,1.949846111e-13,9.3899556e-13,1.478123196e-12,5.898106538e-13,2.959375547e-13,8.765317677e-14,3.643634868e-13,1.044818982e-13,2.567774008e-14,1.782864125e-14,1.20218667e-13,9.078502952e-14,1.302603748e-13,2.381041022e-13,3.205022529e-13,4.133006064e-13,4.018492848e-14,2.980743192e-13,4.262632126e-14
145.796875,5.987055323e-13,7.561148018e-13,2.868508374e-13,9.886106316e-13,5.634441023e-14,3.570806734e-13,1.496823647e-13,1.893504232e-13,2.749184116e-14,3.156198111e-14,1.439454522e-13,2.984638629e-14,1.289254922e-13,1.938114896e-13,9.4420724e-13,1.493734003e-12,5.918231268e-13,3.041299895e-13,8.842853289e-14,3.647215061e-13,1.034059676e-13,2.561286701e-14,1.791940986e-14,1.204328529e-13,9.195193041e-14,1.320067962e-13,2.399894617e-13,3.234705732e-13,4.158968635e-13,4.026367846e-14,2.992040988e-13,4.384481987e-14
145.8046875,5.978465186e-13,7.628838273e-13,2.880819036e-13,9.977694099e-13,5.571480933e-14,3.555616336e-13,1.485262832e-13,1.912519845e-13,2.732152297e-14,3.065493863e-14,1.460530561e-13,3.039435787e-14,1.316509697e-13,1.927449139e-13,9.49673494e-13,1.509973925e-12,5.941266513e-13,3.124723994e-13,8.922258623e-14,3.652314086e-13,1.02373523e-13,2.556085755e-14,1.802452779e-14,1.206058459e-13,9.321170654e-14,1.337925027e-13,2.418595309e-13,3.262427633e-13,4.184062949e-13,4.032888968e-14,3.004594205e-13,4.508754501e-14
145.8125,5.96841563e-13,7.697916894e-13,2.889513923e-13,1.006484383e-12,5.520803002e-14,3.538744716e-13,1.473099009e-13,1.930963044e-13,2.717284226e-14,2.981510951e-14,1.48134634e-13,3.091557542e-14,1.343623232e-13,1.914847974e-13,9.549851365e-13,1.526259519e-12,5.963374145e-13,3.208402557e-13,9.001137236e-14,3.657815539e-13,1.013633782e-13,2.54974671e-14,1.814862653e-14,1.206999973e-13,9.447932155e-14,1.355560884e-13,2.436980799e-13,3.28993865e-13,4.205657484e-13,4.036838156e-14,3.014425959e-13,4.634642884e-14
145.8203125,5.956605701e-13,7.765286062e-13,2.89747942e-13,1.015010779e-12,5.476136866e-14,3.521755012e-13,1.460998253e-13,1.949153236e-13,2.7027858e-14,2.906255155e-14,1.50165179e-13,3.144232945e-14,1.371434949e-13,1.901958234e-13,9.603063659e-13,1.542292593e-12,5.982956786e-13,3.292172506e-13,9.080826872e-14,3.661214858e-13,1.004512068e-13,2.540946133e-14,1.829126054e-14,1.207099115e-13,9.574253705e-14,1.372306837e-13,2.453112681e-13,3.316712322e-13,4.223907748e-13,4.040603357e-14,3.022040073e-13,4.763004112e-14
145.828125,5.946575181e-13,7.833172692e-13,2.907719855e-13,1.023020542e-12,5.42913663e-14,3.505969132e-13,1.449058093e-13,1.966939843e-13,2.685848814e-14,2.836954831e-14,1.52104762e-13,3.204293134e-14,1.402676992e-13,1.89220502e-13,9.660335373e-13,1.558443053e-12,6.003080707e-13,3.378421296e-13,9.168058503e-14,3.660961276e-13,9.970138535e-14,2.532304512e-14,1.842757292e-14,1.207170521e-13,9.70705589e-14,1.388261784e-13,2.468032956e-13,3.341514793e-13,4.24078974e-13,4.044263917e-14,3.032559785e-13,4.891407159e-14
145.8359375,5.939344819e-13,7.903467438e-13,2.91688064e-13,1.030334665e-12,5.388922149e-14,3.490630032e-13,1.436952509e-13,1.984310689e-13,2.670665278e-14,2.770110926e-14,1.539223474e-13,3.27046573e-14,1.43624838e-13,1.884238578e-13,9.720672129e-13,1.574935942e-12,6.025482524e-13,3.467649876e-13,9.261270096e-14,3.659491744e-13,9.900138588e-14,2.524532764e-14,1.854835598e-14,1.207556942e-13,9.847218984e-14,1.403707979e-13,2.482936172e-13,3.36537236e-13,4.255679597e-13,4.046557445e-14,3.04494876e-13,5.019333688e-14
145.84375,5.930635212e-13,7.971977218e-13,2.923134223e-13,1.037418578e-12,5.354223948e-14,3.475436512e-13,1.4249638e-13,2.001997453e-13,2.658642285e-14,2.708121093e-14,1.555920488e-13,3.335944638e-14,1.47013057e-13,1.875859091e-13,9.782648375e-13,1.591791842e-12,6.049950363e-13,3.558230179e-13,9.354996792e-14,3.659947007e-13,9.82463605e-14,2.515072867e-14,1.867907433e-14,1.207689684e-13,9.993636735e-14,1.419347877e-13,2.496477572e-13,3.389125574e-13,4.267937809e-13,4.050210467e-14,3.055642213e-13,5.153492543e-14
145.8515625,5.919002703e-13,8.037252897e-13,2.930075196e-13,1.044443374e-12,5.311415413e-14,3.460853041e-13,1.413263007e-13,2.019735573e-13,2.644606751e-14,2.652253302e-14,1.571280103e-13,3.400669735e-14,1.505216199e-13,1.868086876e-13,9.848421982e-13,1.609124317e-12,6.076220102e-13,3.649557645e-13,9.452037746e-14,3.661536096e-13,9.75245677e-14,2.503935762e-14,1.882783853e-14,1.207303427e-13,1.014687456e-13,1.435677501e-13,2.509654216e-13,3.411687677e-13,4.280608761e-13,4.056127923e-14,3.066477946e-13,5.294509187e-14
145.859375,5.907827614e-13,8.10242727e-13,2.937825543e-13,1.051252274e-12,5.265697156e-14,3.446688298e-13,1.401306196e-13,2.03619196e-13,2.628095244e-14,2.598119711e-14,1.586109476e-13,3.466035603e-14,1.541943653e-13,1.861475488e-13,9.918287883e-13,1.626688509e-12,6.102725637e-13,3.741833638e-13,9.556619035e-14,3.661608576e-13,9.691847328e-14,2.492465118e-14,1.897356323e-14,1.206487089e-13,1.030431718e-13,1.451392779e-13,2.523881844e-13,3.432917711e-13,4.294052298e-13,4.059848001e-14,3.078140052e-13,5.433123096e-14
145.8671875,5.899545173e-13,8.169536211e-13,2.943543192e-13,1.057894937e-12,5.231097976e-14,3.433046084e-13,1.388811743e-13,2.051680812e-13,2.613208583e-14,2.54426454e-14,1.600669943e-13,3.531716331e-14,1.580087313e-13,1.856173289e-13,9.990643599e-13,1.6440654e-12,6.128446263e-13,3.835625946e-13,9.670743462e-14,3.659563337e-13,9.639599081e-14,2.480557641e-14,1.911449049e-14,1.205345582e-13,1.046501249e-13,1.465158522e-13,2.537147657e-13,3.454164671e-13,4.303996527e-13,4.058029864e-14,3.089490928e-13,5.567307528e-14
145.875,5.893259249e-13,8.237277176e-13,2.948609917e-13,1.064178874e-12,5.201918451e-14,3.420333634e-13,1.376178375e-13,2.067726113e-13,2.599647964e-14,2.491524224e-14,1.613878154e-13,3.600201451e-14,1.619751755e-13,1.853138597e-13,1.006548334e-12,1.661382103e-12,6.15459044e-13,3.930711644e-13,9.793915908e-14,3.656904778e-13,9.593991907e-14,2.469062374e-14,1.925731461e-14,1.20421161e-13,1.062876117e-13,1.477866824e-13,2.549084415e-13,3.474829666e-13,4.31015133e-13,4.05258535e-14,3.102409082e-13,5.703765349e-14
145.8828125,5.886101917e-13,8.301232166e-13,2.954949365e-13,1.069806725e-12,5.166308864e-14,3.408041237e-13,1.363699015e-13,2.083916248e-13,2.585065262e-14,2.440024843e-14,1.625223625e-13,3.670969588e-14,1.659646869e-13,1.8513395e-13,1.014189819e-12,1.678940671e-12,6.1822789e-13,4.025345093e-13,9.917146681e-14,3.654564098e-13,9.555881846e-14,2.45771408e-14,1.939016596e-14,1.202941517e-13,1.079203262e-13,1.490781912e-13,2.561567804e-13,3.49272729e-13,4.315754013e-13,4.049847451e-14,3.116620107e-13,5.842879925e-14
145.890625,5.876567379e-13,8.359673729e-13,2.961318561e-13,1.075045481e-12,5.13050836e-14,3.395950257e-13,1.351169515e-13,2.098694299e-13,2.570406545e-14,2.394142716e-14,1.635769916e-13,3.742090276e-14,1.699898561e-13,1.849982161e-13,1.021831298e-12,1.69656611e-12,6.211412209e-13,4.119486147e-13,1.003502159e-13,3.651770395e-13,9.525598242e-14,2.444299998e-14,1.951362211e-14,1.200827707e-13,1.095699694e-13,1.503738942e-13,2.573723216e-13,3.508226383e-13,4.320561524e-13,4.05390975e-14,3.130213182e-13,5.980031004e-14
145.8984375,5.8664935e-13,8.416854512e-13,2.966895713e-13,1.08010289e-12,5.104881896e-14,3.384315952e-13,1.338412394e-13,2.112115275e-13,2.556774949e-14,2.356490428e-14,1.645956478e-13,3.81500492e-14,1.742412309e-13,1.850271226e-13,1.029521225e-12,1.713930196e-12,6.240459324e-13,4.214430985e-13,1.015485923e-13,3.648593355e-13,9.503601225e-14,2.429979175e-14,1.963828702e-14,1.197853069e-13,1.112749922e-13,1.516117108e-13,2.584370321e-13,3.52362307e-13,4.323448972e-13,4.058806151e-14,3.144058824e-13,6.115996824e-14
145.90625,5.857676021e-13,8.4754328e-13,2.971564473e-13,1.0846851e-12,5.086162446e-14,3.372208011e-13,1.325556224e-13,2.125220791e-13,2.543309251e-14,2.321847221e-14,1.655129977e-13,3.886577144e-14,1.785976636e-13,1.851053984e-13,1.037312041e-12,1.731086444e-12,6.267721271e-13,4.309403237e-13,1.028031882e-13,3.646539202e-13,9.485970403e-14,2.417437297e-14,1.97639735e-14,1.194598727e-13,1.129841753e-13,1.527610175e-13,2.595388387e-13,3.538777488e-13,4.325967873e-13,4.056489488e-14,3.157219652e-13,6.253659511e-14
145.9140625,5.849253861e-13,8.532563162e-13,2.974842039e-13,1.088778806e-12,5.0716971e-14,3.359299607e-13,1.312644917e-13,2.138490277e-13,2.530634051e-14,2.287169888e-14,1.663426308e-13,3.954046237e-14,1.828881101e-13,1.85090348e-13,1.045196209e-12,1.748267283e-12,6.294414941e-13,4.403523457e-13,1.040894389e-13,3.6448362e-13,9.468505441e-14,2.40635414e-14,1.990110721e-14,1.191145685e-13,1.146787734e-13,1.538148961e-13,2.60787299e-13,3.551647874e-13,4.328933415e-13,4.049997349e-14,3.168515717e-13,6.391973218e-14
145.921875,5.839943981e-13,8.585836907e-13,2.977501503e-13,1.092583899e-12,5.065088463e-14,3.346948437e-13,1.299675538e-13,2.151489834e-13,2.520416917e-14,2.254648157e-14,1.67107215e-13,4.023059489e-14,1.872669799e-13,1.852130714e-13,1.053165044e-12,1.765327253e-12,6.321921785e-13,4.496921418e-13,1.054128992e-13,3.640692246e-13,9.454148853e-14,2.39616379e-14,2.005385901e-14,1.186948146e-13,1.164029845e-13,1.547820873e-13,2.619453927e-13,3.562094682e-13,4.330562284e-13,4.046036339e-14,3.180295808e-13,6.529475412e-14
145.9296875,5.829257053e-13,8.63714569e-13,2.980124917e-13,1.095818606e-12,5.060632863e-14,3.334506224e-13,1.286671917e-13,2.162839403e-13,2.510862788e-14,2.224674906e-14,1.677571746e-13,4.09518001e-14,1.918220447e-13,1.855615967e-13,1.06100801e-12,1.781885325e-12,6.348029877e-13,4.589128016e-13,1.067425566e-13,3.633871307e-13,9.448027154e-14,2.385817952e-14,2.02075317e-14,1.181585052e-13,1.18125149e-13,1.556652363e-13,2.628492953e-13,3.571173036e-13,4.32912258e-13,4.04253989e-14,3.192424738e-13,6.666149223e-14
145.9375,5.817118658e-13,8.689278516e-13,2.981320818e-13,1.098301697e-12,5.052710717e-14,3.319967921e-13,1.273182093e-13,2.172093536e-13,2.498786701e-14,2.197495051e-14,1.683620306e-13,4.165566631e-14,1.964875564e-13,1.858831575e-13,1.068529867e-12,1.797947668e-12,6.37172493e-13,4.680728814e-13,1.080453611e-13,3.626588265e-13,9.452598919e-14,2.372308063e-14,2.03766579e-14,1.175717369e-13,1.198108099e-13,1.564550615e-13,2.637331349e-13,3.578604006e-13,4.325206215e-13,4.035683363e-14,3.202850474e-13,6.800825645e-14
145.9453125,5.804553526e-13,8.740688989e-13,2.980512636e-13,1.100471221e-12,5.049802666e-14,3.304817394e-13,1.258831264e-13,2.180943256e-13,2.48519903e-14,2.175334901e-14,1.690231835e-13,4.233036673e-14,2.012617735e-13,1.860989487e-13,1.075881699e-12,1.81373394e-12,6.395475494e-13,4.772478973e-13,1.093650359e-13,3.619696393e-13,9.46624803e-14,2.355680738e-14,2.057903601e-14,1.170389587e-13,1.215060157e-13,1.571362904e-13,2.647569123e-13,3.584088443e-13,4.32002369e-13,4.028517189e-14,3.212207392e-13,6.932743892e-14
145.953125,5.793092463e-13,8.787687742e-13,2.979622951e-13,1.102529563e-12,5.05742051e-14,3.291585034e-13,1.244128906e-13,2.190088605e-13,2.473603981e-14,2.157555087e-14,1.696278144e-13,4.298939992e-14,2.061132955e-13,1.8638e-13,1.083224162e-12,1.829142141e-12,6.419874138e-13,4.86307289e-13,1.107134393e-13,3.611989704e-13,9.484497685e-14,2.339423758e-14,2.07817267e-14,1.165093555e-13,1.232158799e-13,1.577072711e-13,2.656919641e-13,3.588352478e-13,4.313250975e-13,4.023293752e-14,3.221034988e-13,7.062479544e-14
145.9609375,5.783569376e-13,8.830698846e-13,2.979917635e-13,1.104114153e-12,5.073787969e-14,3.279241353e-13,1.229446608e-13,2.197835621e-13,2.465078942e-14,2.140674532e-14,1.700664356e-13,4.366529462e-14,2.110299895e-13,1.868952697e-13,1.09047996e-12,1.843993243e-12,6.443382342e-13,4.952235987e-13,1.120801738e-13,3.60258064e-13,9.50794938e-14,2.325645173e-14,2.096156537e-14,1.158620749e-13,1.248934103e-13,1.58206609e-13,2.664560198e-13,3.591686783e-13,4.305044776e-13,4.017033468e-14,3.230382649e-13,7.189101816e-14
145.96875,5.776313886e-13,8.871996957e-13,2.979608558e-13,1.105062145e-12,5.103098073e-14,3.266324555e-13,1.214557384e-13,2.203430048e-13,2.457474289e-14,2.124447891e-14,1.703953368e-13,4.437745092e-14,2.160502464e-13,1.87645524e-13,1.097576676e-12,1.858340501e-12,6.466051822e-13,5.041116151e-13,1.135151553e-13,3.591841824e-13,9.539513768e-14,2.314450663e-14,2.11411021e-14,1.151278845e-13,1.265390658e-13,1.586579305e-13,2.67217495e-13,3.594036146e-13,4.296024459e-13,4.009996792e-14,3.241350215e-13,7.310925229e-14
145.9765625,5.770051946e-13,8.911018625e-13,2.977162014e-13,1.105506809e-12,5.144667854e-14,3.253574239e-13,1.199599199e-13,2.208085895e-13,2.44750064e-14,2.111614566e-14,1.706339127e-13,4.506497113e-14,2.211221019e-13,1.884140697e-13,1.104551547e-12,1.872283001e-12,6.488660799e-13,5.12969758e-13,1.150158174e-13,3.579842892e-13,9.575546055e-14,2.303837855e-14,2.132930876e-14,1.144083988e-13,1.281925928e-13,1.590290041e-13,2.679353204e-13,3.594897344e-13,4.284774185e-13,4.00534259e-14,3.250980571e-13,7.428129317e-14
145.984375,5.761268024e-13,8.946209399e-13,2.974366626e-13,1.105453129e-12,5.186179521e-14,3.240928574e-13,1.184701667e-13,2.212938226e-13,2.434318956e-14,2.101136169e-14,1.707994491e-13,4.568705314e-14,2.261874538e-13,1.890597407e-13,1.11145164e-12,1.885855455e-12,6.511038629e-13,5.21795884e-13,1.165135405e-13,3.566531568e-13,9.613024277e-14,2.290862991e-14,2.151577467e-14,1.137289586e-13,1.29870699e-13,1.592991268e-13,2.685246951e-13,3.592588008e-13,4.270791651e-13,4.000726086e-14,3.257971524e-13,7.543318891e-14
145.9921875,5.748051581e-13,8.976744331e-13,2.972464984e-13,1.104845614e-12,5.223125006e-14,3.227042585e-13,1.16965326e-13,2.218330185e-13,2.421220979e-14,2.090454145e-14,1.709399328e-13,4.628289685e-14,2.311590756e-13,1.896546713e-13,1.118226056e-12,1.898999205e-12,6.532265224e-13,5.304884378e-13,1.17980233e-13,3.553392202e-13,9.652588896e-14,2.275543942e-14,2.170304724e-14,1.130713814e-13,1.315277127e-13,1.594684161e-13,2.690317755e-13,3.586948229e-13,4.255970388e-13,3.993459688e-14,3.265141104e-13,7.660705305e-14
146,5.732868644e-13,9.00270726e-13,2.969892844e-13,1.103691147e-12,5.266427729e-14,3.212006436e-13,1.15482605e-13,2.223365867e-13,2.411589526e-14,2.082169914e-14,1.709642718e-13,4.687282417e-14,2.359324228e-13,1.902428502e-13,1.124720651e-12,1.911539738e-12,6.551441663e-13,5.388139962e-13,1.194065575e-13,3.540747434e-13,9.691594575e-14,2.259692131e-14,2.189787284e-14,1.123822166e-13,1.331200376e-13,1.595110326e-13,2.694213705e-13,3.580055964e-13,4.240988486e-13,3.986328275e-14,3.272461656e-13,7.779865634e-14
146.0078125,5.718701016e-13,9.024835779e-13,2.966620137e-13,1.102157109e-12,5.326560923e-14,3.197351124e-13,1.140484938e-13,2.226288037e-13,2.404600495e-14,2.077885472e-14,1.708631467e-13,4.745461414e-14,2.406797453e-13,1.908450682e-13,1.130858108e-12,1.923312106e-12,6.569090488e-13,5.468680372e-13,1.208199965e-13,3.525975902e-13,9.730869605e-14,2.244294218e-14,2.210535496e-14,1.116014311e-13,1.346990836e-13,1.594245872e-13,2.697595083e-13,3.572454946e-13,4.226068251e-13,3.979889798e-14,3.279127045e-13,7.893033886e-14
146.015625,5.705189106e-13,9.042685362e-13,2.963680982e-13,1.100497424e-12,5.39752877e-14,3.183766191e-13,1.125896181e-13,2.226994606e-13,2.397407777e-14,2.075546413e-14,1.708172424e-13,4.801686039e-14,2.45571807e-13,1.915039011e-13,1.136631937e-12,1.934165578e-12,6.585898198e-13,5.548316477e-13,1.22288393e-13,3.508572705e-13,9.776383587e-14,2.230430935e-14,2.232715957e-14,1.107604743e-13,1.362957353e-13,1.592616748e-13,2.701727262e-13,3.563646457e-13,4.211369302e-13,3.972440717e-14,3.285880217e-13,7.997005445e-14
146.0234375,5.690851402e-13,9.056138144e-13,2.95957847e-13,1.098442766e-12,5.467075573e-14,3.170114862e-13,1.110682845e-13,2.226986138e-13,2.389653415e-14,2.078311793e-14,1.707920932e-13,4.852749099e-14,2.503885576e-13,1.921674385e-13,1.142000935e-12,1.944022107e-12,6.600611899e-13,5.625107518e-13,1.237941246e-13,3.490952385e-13,9.827419376e-14,2.217807508e-14,2.254865488e-14,1.099203772e-13,1.378209209e-13,1.590398934e-13,2.705138747e-13,3.554112824e-13,4.194462902e-13,3.966401907e-14,3.290706294e-13,8.097807538e-14
146.03125,5.676221749e-13,9.067273253e-13,2.9541527e-13,1.09553578e-12,5.542095968e-14,3.155286967e-13,1.095208822e-13,2.226536801e-13,2.38279428e-14,2.088140263e-14,1.706203887e-13,4.90152093e-14,2.550112099e-13,1.928299122e-13,1.147107387e-12,1.953133818e-12,6.612770178e-13,5.698855578e-13,1.252904907e-13,3.473256187e-13,9.881086837e-14,2.204565118e-14,2.275267823e-14,1.090651803e-13,1.392326949e-13,1.587035169e-13,2.70722511e-13,3.543267439e-13,4.174478435e-13,3.962193926e-14,3.293187277e-13,8.197494844e-14
146.0390625,5.662694967e-13,9.077337442e-13,2.949885447e-13,1.092151417e-12,5.635843802e-14,3.139983007e-13,1.079621318e-13,2.224879326e-13,2.377299796e-14,2.098550185e-14,1.703499242e-13,4.95315867e-14,2.59659622e-13,1.935728397e-13,1.152173707e-12,1.961835926e-12,6.624216492e-13,5.772418177e-13,1.268049449e-13,3.454411478e-13,9.939180638e-14,2.190951266e-14,2.294513676e-14,1.081722862e-13,1.406071229e-13,1.582199599e-13,2.709456966e-13,3.530597515e-13,4.153905289e-13,3.956445701e-14,3.296941061e-13,8.291721866e-14
146.046875,5.649967639e-13,9.084841546e-13,2.946225573e-13,1.088644427e-12,5.739820961e-14,3.124932869e-13,1.064287291e-13,2.222031246e-13,2.373791616e-14,2.109643561e-14,1.700346719e-13,5.004147027e-14,2.643903663e-13,1.943674479e-13,1.156979657e-12,1.969973444e-12,6.634916489e-13,5.844651596e-13,1.283135465e-13,3.434698616e-13,9.999708769e-14,2.178338971e-14,2.314874114e-14,1.07267211e-13,1.419849279e-13,1.576307287e-13,2.710632937e-13,3.517338575e-13,4.13292393e-13,3.950058095e-14,3.302057532e-13,8.380377287e-14
146.0546875,5.636185499e-13,9.087352248e-13,2.94149075e-13,1.084533595e-12,5.843814755e-14,3.109432278e-13,1.049660433e-13,2.218174286e-13,2.372199736e-14,2.128017589e-14,1.69697007e-13,5.049963254e-14,2.690451057e-13,1.951558412e-13,1.161180525e-12,1.977113744e-12,6.642341004e-13,5.912137256e-13,1.297585617e-13,3.413646106e-13,1.006076133e-13,2.166421261e-14,2.337203284e-14,1.063680906e-13,1.433317473e-13,1.569631523e-13,2.709796684e-13,3.502969372e-13,4.111171463e-13,3.944428995e-14,3.305772676e-13,8.466487471e-14
146.0625,5.619777254e-13,9.085072677e-13,2.937604172e-13,1.079862113e-12,5.952846695e-14,3.092802404e-13,1.035176264e-13,2.21314408e-13,2.36887331e-14,2.149573443e-14,1.694682496e-13,5.091579045e-14,2.735613112e-13,1.959418998e-13,1.16498593e-12,1.983247735e-12,6.645952222e-13,5.975212114e-13,1.311830343e-13,3.391614411e-13,1.012803172e-13,2.154270466e-14,2.35991063e-14,1.054755228e-13,1.446170285e-13,1.562021901e-13,2.70978886e-13,3.486003978e-13,4.091032152e-13,3.937096915e-14,3.308210735e-13,8.550378564e-14
146.0703125,5.600328593e-13,9.079663334e-13,2.935418183e-13,1.075188189e-12,6.067173474e-14,3.074924311e-13,1.020257847e-13,2.207385551e-13,2.36269504e-14,2.169238251e-14,1.69259966e-13,5.13109776e-14,2.779587805e-13,1.967151055e-13,1.168625758e-12,1.988639644e-12,6.647244209e-13,6.035619657e-13,1.325893386e-13,3.370487667e-13,1.020065304e-13,2.141125902e-14,2.381967415e-14,1.045825831e-13,1.458374753e-13,1.553712574e-13,2.711784193e-13,3.467197991e-13,4.07219738e-13,3.928989002e-14,3.310787081e-13,8.631578556e-14
146.078125,5.579404526e-13,9.067603295e-13,2.932690062e-13,1.07017398e-12,6.188315352e-14,3.05642823e-13,1.005395828e-13,2.201368341e-13,2.359311932e-14,2.193381696e-14,1.688425759e-13,5.170635802e-14,2.822517875e-13,1.975256618e-13,1.171756919e-12,1.993174113e-12,6.646605679e-13,6.093590078e-13,1.338957094e-13,3.348628329e-13,1.026859851e-13,2.127492742e-14,2.404605907e-14,1.036619808e-13,1.470048205e-13,1.544920338e-13,2.713543277e-13,3.446969203e-13,4.052027825e-13,3.92287371e-14,3.314044431e-13,8.708424229e-14
146.0859375,5.560805177e-13,9.047145132e-13,2.929476502e-13,1.06442994e-12,6.327964021e-14,3.038766478e-13,9.909760154e-14,2.194557422e-13,2.361368946e-14,2.22496226e-14,1.683067976e-13,5.210026453e-14,2.864606164e-13,1.984503604e-13,1.174225472e-12,1.996706617e-12,6.644223657e-13,6.149983686e-13,1.351596931e-13,3.323300882e-13,1.033140624e-13,2.115446239e-14,2.429094219e-14,1.027168801e-13,1.48131561e-13,1.535141488e-13,2.714060809e-13,3.425547634e-13,4.031097699e-13,3.916719087e-14,3.317824094e-13,8.777864157e-14
146.09375,5.5459197e-13,9.025299977e-13,2.927416184e-13,1.058190045e-12,6.48373757e-14,3.021166373e-13,9.768130273e-14,2.186575782e-13,2.365262572e-14,2.258678141e-14,1.677784527e-13,5.248028712e-14,2.906033565e-13,1.994452182e-13,1.176386516e-12,1.999588752e-12,6.641318544e-13,6.206208216e-13,1.364890344e-13,3.296099705e-13,1.039511829e-13,2.1046922e-14,2.455593016e-14,1.018039649e-13,1.492330077e-13,1.524343895e-13,2.714464679e-13,3.404140385e-13,4.010219675e-13,3.909113807e-14,3.321665131e-13,8.841481908e-14
146.1015625,5.529548932e-13,8.999847494e-13,2.92616856e-13,1.051344599e-12,6.644474186e-14,3.001207796e-13,9.628386763e-14,2.177754502e-13,2.369088745e-14,2.293403319e-14,1.671860378e-13,5.286110853e-14,2.946555667e-13,2.004247925e-13,1.178202531e-12,2.00183897e-12,6.637510113e-13,6.260844824e-13,1.377949132e-13,3.268064346e-13,1.045868897e-13,2.09296233e-14,2.484229555e-14,1.009268722e-13,1.503179581e-13,1.513481736e-13,2.716003998e-13,3.380849592e-13,3.988784491e-13,3.902819013e-14,3.325693756e-13,8.903524384e-14
146.109375,5.507296159e-13,8.962058886e-13,2.925597345e-13,1.044116307e-12,6.812429107e-14,2.980729338e-13,9.48973116e-14,2.167787042e-13,2.371947446e-14,2.332192727e-14,1.666282644e-13,5.323727096e-14,2.985777936e-13,2.013723068e-13,1.179386016e-12,2.00289438e-12,6.630813195e-13,6.310829054e-13,1.389921777e-13,3.238086035e-13,1.052414145e-13,2.081817155e-14,2.514792631e-14,1.000052876e-13,1.513524143e-13,1.502771356e-13,2.71883956e-13,3.354335318e-13,3.968747435e-13,3.89914158e-14,3.330039068e-13,8.961677376e-14
146.1171875,5.484045632e-13,8.923790887e-13,2.926063167e-13,1.037233651e-12,6.991190057e-14,2.963215365e-13,9.35141654e-14,2.156315493e-13,2.372522745e-14,2.375451092e-14,1.66222582e-13,5.360053355e-14,3.024170936e-13,2.023944206e-13,1.180283668e-12,2.002884086e-12,6.621703602e-13,6.356598085e-13,1.402238733e-13,3.208291046e-13,1.059828185e-13,2.074768828e-14,2.544859355e-14,9.903254295e-14,1.522996938e-13,1.491126049e-13,2.721712846e-13,3.328844465e-13,3.951344294e-13,3.896244131e-14,3.334965599e-13,9.011200456e-14
146.125,5.465513281e-13,8.895441051e-13,2.926472104e-13,1.030034948e-12,7.182297037e-14,2.946195705e-13,9.214416171e-14,2.144395632e-13,2.37447395e-14,2.419841879e-14,1.658150636e-13,5.397395426e-14,3.061654687e-13,2.036220618e-13,1.181136393e-12,2.002298203e-12,6.612016382e-13,6.400506554e-13,1.415826007e-13,3.180314835e-13,1.067420028e-13,2.07087024e-14,2.57094223e-14,9.811027006e-14,1.531639852e-13,1.477840856e-13,2.723193431e-13,3.304927307e-13,3.933147321e-13,3.89282948e-14,3.340824271e-13,9.055459853e-14
146.1328125,5.44733094e-13,8.859099664e-13,2.926762051e-13,1.021525575e-12,7.388483545e-14,2.925846964e-13,9.077432359e-14,2.132794542e-13,2.381661672e-14,2.461788912e-14,1.653442672e-13,5.432064608e-14,3.095968524e-13,2.048812524e-13,1.181300046e-12,2.000581714e-12,6.600287344e-13,6.440976816e-13,1.428956748e-13,3.151749669e-13,1.073820083e-13,2.066512194e-14,2.594128627e-14,9.724381338e-14,1.539243452e-13,1.463455401e-13,2.723303902e-13,3.277354613e-13,3.91208058e-13,3.89012011e-14,3.345540292e-13,9.099727651e-14
146.140625,5.423027344e-13,8.80575265e-13,2.928243023e-13,1.01256403e-12,7.598158182e-14,2.903983473e-13,8.940974573e-14,2.120405001e-13,2.391271709e-14,2.503430182e-14,1.649227887e-13,5.458947404e-14,3.126097602e-13,2.058738561e-13,1.180404136e-12,1.997149923e-12,6.58410773e-13,6.475277251e-13,1.440161488e-13,3.122275606e-13,1.079080293e-13,2.060751197e-14,2.619691915e-14,9.630976581e-14,1.54550945e-13,1.448558582e-13,2.723832925e-13,3.246621916e-13,3.890462245e-13,3.888924314e-14,3.347275211e-13,9.139546653e-14
146.1484375,5.395049895e-13,8.748781321e-13,2.930032588e-13,1.003852785e-12,7.805068373e-14,2.882562715e-13,8.808870668e-14,2.106071953e-13,2.400466282e-14,2.548938017e-14,1.645186183e-13,5.482090898e-14,3.154228995e-13,2.067137474e-13,1.178927642e-12,1.992527859e-12,6.564466167e-13,6.50525633e-13,1.450420359e-13,3.093120296e-13,1.084066644e-13,2.054931978e-14,2.648268363e-14,9.529659901e-14,1.550943865e-13,1.433050563e-13,2.726267872e-13,3.216171805e-13,3.86945454e-13,3.88704027e-14,3.348391609e-13,9.168052766e-14
146.15625,5.368829118e-13,8.688786775e-13,2.930632965e-13,9.945786143e-13,8.028287183e-14,2.859749329e-13,8.677889246e-14,2.090114982e-13,2.411065844e-14,2.596548407e-14,1.640526666e-13,5.503077161e-14,3.181633702e-13,2.076325764e-13,1.177061126e-12,1.987046704e-12,6.542623216e-13,6.533991551e-13,1.460828834e-13,3.062344234e-13,1.089286092e-13,2.049832583e-14,2.676615383e-14,9.433006004e-14,1.555997661e-13,1.417046058e-13,2.729121944e-13,3.184260239e-13,3.848015181e-13,3.883586422e-14,3.350132571e-13,9.188629341e-14
146.1640625,5.343875314e-13,8.620545371e-13,2.930961455e-13,9.846762129e-13,8.270108176e-14,2.835581009e-13,8.544630867e-14,2.073638757e-13,2.424815338e-14,2.644417948e-14,1.635283547e-13,5.518209529e-14,3.20719412e-13,2.08510306e-13,1.174501643e-12,1.980358991e-12,6.517394914e-13,6.560576212e-13,1.470736613e-13,3.029337604e-13,1.094779147e-13,2.045364351e-14,2.706221001e-14,9.344058831e-14,1.56026543e-13,1.400855812e-13,2.72987861e-13,3.150420236e-13,3.826294009e-13,3.880149318e-14,3.349749992e-13,9.207868126e-14
146.171875,5.31665469e-13,8.550669467e-13,2.931944009e-13,9.748705157e-13,8.50724378e-14,2.812079913e-13,8.415894617e-14,2.057307278e-13,2.441017844e-14,2.694833456e-14,1.629264434e-13,5.530735112e-14,3.23018465e-13,2.092470443e-13,1.171243944e-12,1.972472312e-12,6.488308214e-13,6.581974767e-13,1.479476959e-13,2.996091318e-13,1.099926034e-13,2.041286597e-14,2.739214084e-14,9.255651121e-14,1.563628863e-13,1.384125827e-13,2.728945552e-13,3.116920409e-13,3.804453084e-13,3.87543703e-14,3.346901843e-13,9.223412209e-14
146.1796875,5.285997691e-13,8.478812112e-13,2.932978738e-13,9.64799429e-13,8.739584437e-14,2.787971423e-13,8.291877282e-14,2.040394031e-13,2.457567808e-14,2.746767238e-14,1.622843701e-13,5.544343845e-14,3.250876071e-13,2.099705661e-13,1.167414807e-12,1.963520708e-12,6.456124606e-13,6.597365493e-13,1.487684881e-13,2.962207981e-13,1.104313681e-13,2.037236108e-14,2.772249081e-14,9.165984088e-14,1.56648805e-13,1.366824551e-13,2.72847857e-13,3.082240538e-13,3.781773716e-13,3.86864259e-14,3.344223315e-13,9.229871985e-14
146.1875,5.252843576e-13,8.400722728e-13,2.933944407e-13,9.539304647e-13,8.981065545e-14,2.761533309e-13,8.164316285e-14,2.021765388e-13,2.473005694e-14,2.79835693e-14,1.617155146e-13,5.555709373e-14,3.269507687e-13,2.106715118e-13,1.162916292e-12,1.953286211e-12,6.420426476e-13,6.608554378e-13,1.495838423e-13,2.92752182e-13,1.108509511e-13,2.032927074e-14,2.803697105e-14,9.077753214e-14,1.568611354e-13,1.349692289e-13,2.729196681e-13,3.045355079e-13,3.759088354e-13,3.863533312e-14,3.341564658e-13,9.228516998e-14
146.1953125,5.218272362e-13,8.321403167e-13,2.935779742e-13,9.427420865e-13,9.225068274e-14,2.734649195e-13,8.038103683e-14,2.001919134e-13,2.488789482e-14,2.852879973e-14,1.612412379e-13,5.563573886e-14,3.285812589e-13,2.112400336e-13,1.157790609e-12,1.941838371e-12,6.38103236e-13,6.616851147e-13,1.503402326e-13,2.894537768e-13,1.112822497e-13,2.028771322e-14,2.836342987e-14,8.995259854e-14,1.569501127e-13,1.3325275e-13,2.730500859e-13,3.008747755e-13,3.737747479e-13,3.860546354e-14,3.337400442e-13,9.223301391e-14
146.203125,5.182837881e-13,8.238927679e-13,2.939301417e-13,9.315433695e-13,9.469042855e-14,2.708171517e-13,7.920700216e-14,1.982085739e-13,2.506892301e-14,2.911499324e-14,1.60819873e-13,5.569978338e-14,3.299137413e-13,2.117288043e-13,1.152197788e-12,1.929570627e-12,6.339430681e-13,6.622019232e-13,1.50994528e-13,2.863111785e-13,1.116928042e-13,2.025509888e-14,2.870284324e-14,8.923154801e-14,1.569405179e-13,1.314540496e-13,2.731881724e-13,2.971456779e-13,3.717333457e-13,3.85604557e-14,3.333165153e-13,9.216016155e-14
146.2109375,5.146668278e-13,8.145691323e-13,2.9440395e-13,9.19947974e-13,9.727517564e-14,2.679897095e-13,7.804573313e-14,1.962164666e-13,2.526785266e-14,2.97157114e-14,1.604413489e-13,5.573356031e-14,3.30956204e-13,2.122166385e-13,1.145982242e-12,1.916489514e-12,6.296189428e-13,6.623902071e-13,1.515457999e-13,2.830246754e-13,1.12076776e-13,2.023181207e-14,2.903462736e-14,8.856720709e-14,1.568692016e-13,1.295943341e-13,2.733191475e-13,2.93038318e-13,3.697309977e-13,3.850384859e-14,3.330185004e-13,9.207163274e-14
146.21875,5.109521972e-13,8.04596857e-13,2.948904925e-13,9.079017466e-13,1.000123634e-13,2.649889473e-13,7.685975129e-14,1.941323809e-13,2.548161635e-14,3.034666528e-14,1.60101998e-13,5.571318715e-14,3.31796164e-13,2.126774829e-13,1.138911032e-12,1.902253261e-12,6.2498185e-13,6.621711157e-13,1.519819607e-13,2.795362856e-13,1.124383515e-13,2.021604399e-14,2.936512217e-14,8.787042014e-14,1.567054992e-13,1.277009649e-13,2.734268441e-13,2.887628649e-13,3.677943363e-13,3.845075441e-14,3.326622888e-13,9.193720524e-14
146.2265625,5.070830333e-13,7.946957113e-13,2.954403541e-13,8.957521925e-13,1.027585322e-13,2.620088074e-13,7.571670828e-14,1.919202456e-13,2.573402615e-14,3.104883225e-14,1.59794175e-13,5.567182033e-14,3.324287919e-13,2.130873151e-13,1.131082005e-12,1.886722138e-12,6.199100795e-13,6.613579295e-13,1.523020279e-13,2.760136699e-13,1.127842644e-13,2.021077649e-14,2.970926751e-14,8.714399241e-14,1.564050263e-13,1.257558201e-13,2.7351105e-13,2.847373804e-13,3.658689885e-13,3.839750234e-14,3.321409844e-13,9.171141493e-14
146.234375,5.03061396e-13,7.847969466e-13,2.961277579e-13,8.833764368e-13,1.054717506e-13,2.589506348e-13,7.461306794e-14,1.89611264e-13,2.604053735e-14,3.182749258e-14,1.594809326e-13,5.564468993e-14,3.32735019e-13,2.134353927e-13,1.122598113e-12,1.869996432e-12,6.144101197e-13,6.599217223e-13,1.525100374e-13,2.72528779e-13,1.131155097e-13,2.021193834e-14,3.006442595e-14,8.642994374e-14,1.559727081e-13,1.237807075e-13,2.735902306e-13,2.808911072e-13,3.638676581e-13,3.835855125e-14,3.31530792e-13,9.141117135e-14
146.2421875,4.989326352e-13,7.744797988e-13,2.968317787e-13,8.70467445e-13,1.082227051e-13,2.556987844e-13,7.351165537e-14,1.872986477e-13,2.637200631e-14,3.264233994e-14,1.591353297e-13,5.558095291e-14,3.326768673e-13,2.136623004e-13,1.113323662e-12,1.852089167e-12,6.085214865e-13,6.580189795e-13,1.52601597e-13,2.690034504e-13,1.133783928e-13,2.021377818e-14,3.041669766e-14,8.578470493e-14,1.554458613e-13,1.21773825e-13,2.736116277e-13,2.768423167e-13,3.618869893e-13,3.832728421e-14,3.307844153e-13,9.107528011e-14
146.25,4.946132199e-13,7.633093664e-13,2.975193597e-13,8.573526396e-13,1.110610093e-13,2.524322553e-13,7.243366505e-14,1.850328704e-13,2.669143478e-14,3.342213086e-14,1.588331405e-13,5.544320049e-14,3.323497327e-13,2.13750776e-13,1.103311504e-12,1.833046699e-12,6.023363378e-13,6.558077178e-13,1.526174174e-13,2.653782481e-13,1.135733481e-13,2.023029132e-14,3.075498801e-14,8.527890502e-14,1.548506258e-13,1.197061182e-13,2.735186026e-13,2.725162926e-13,3.600848057e-13,3.827182564e-14,3.299458798e-13,9.069614621e-14
146.2578125,4.900375969e-13,7.513628129e-13,2.98317873e-13,8.442882003e-13,1.139862046e-13,2.491812935e-13,7.139190544e-14,1.827664497e-13,2.701051469e-14,3.414703195e-14,1.586207531e-13,5.529314982e-14,3.317800285e-13,2.138122871e-13,1.092805942e-12,1.813155055e-12,5.959837194e-13,6.533869277e-13,1.525850125e-13,2.617507675e-13,1.137783278e-13,2.027014214e-14,3.108847852e-14,8.486863395e-14,1.541809483e-13,1.176255095e-13,2.733694824e-13,2.681603434e-13,3.583301201e-13,3.821694498e-14,3.291881126e-13,9.028587857e-14
146.265625,4.854295163e-13,7.393107315e-13,2.992002506e-13,8.308161414e-13,1.169882314e-13,2.457564855e-13,7.038924114e-14,1.804694165e-13,2.736092674e-14,3.488734342e-14,1.584503881e-13,5.514980284e-14,3.309193183e-13,2.139122223e-13,1.081822609e-12,1.792568828e-12,5.894483385e-13,6.507416828e-13,1.524852969e-13,2.582360352e-13,1.139766756e-13,2.031663366e-14,3.143891956e-14,8.447526413e-14,1.53424624e-13,1.15569463e-13,2.732121222e-13,2.638769538e-13,3.56419667e-13,3.819306491e-14,3.28400479e-13,8.987712761e-14
146.2734375,4.810515797e-13,7.275401703e-13,3.001031387e-13,8.169759087e-13,1.200547342e-13,2.422324441e-13,6.942609652e-14,1.781369946e-13,2.773850064e-14,3.567686003e-14,1.583620183e-13,5.497945541e-14,3.298648087e-13,2.139286924e-13,1.070454685e-12,1.771315836e-12,5.826602605e-13,6.478830418e-13,1.52389578e-13,2.548153889e-13,1.141157805e-13,2.03691568e-14,3.180419442e-14,8.413017509e-14,1.525985419e-13,1.135012663e-13,2.730725695e-13,2.596241568e-13,3.545157735e-13,3.816688146e-14,3.275012071e-13,8.943270499e-14
146.28125,4.768466276e-13,7.158809479e-13,3.010130475e-13,8.035263235e-13,1.231681888e-13,2.387738116e-13,6.846271959e-14,1.757548552e-13,2.813187483e-14,3.647725101e-14,1.583515386e-13,5.482922249e-14,3.28714048e-13,2.137925441e-13,1.059011666e-12,1.749682416e-12,5.757364546e-13,6.449302036e-13,1.523507712e-13,2.514788036e-13,1.142098641e-13,2.043702413e-14,3.215769273e-14,8.382962521e-14,1.517211227e-13,1.114269745e-13,2.730292285e-13,2.554751285e-13,3.527082046e-13,3.813653054e-14,3.266654143e-13,8.891803228e-14
146.2890625,4.725157397e-13,7.039309023e-13,3.017787119e-13,7.904249903e-13,1.263176288e-13,2.352618778e-13,6.749612924e-14,1.733954024e-13,2.855245647e-14,3.729884645e-14,1.582280482e-13,5.472492325e-14,3.273575043e-13,2.13608571e-13,1.047312702e-12,1.727676834e-12,5.687313631e-13,6.417650252e-13,1.522031435e-13,2.48287571e-13,1.142426077e-13,2.049872129e-14,3.248735913e-14,8.354374464e-14,1.507728958e-13,1.094048277e-13,2.730004569e-13,2.514270275e-13,3.50700938e-13,3.814240006e-14,3.257765271e-13,8.838596033e-14
146.296875,4.678176436e-13,6.914228904e-13,3.024199045e-13,7.770980708e-13,1.294830782e-13,2.316296416e-13,6.65705235e-14,1.711188797e-13,2.899344554e-14,3.817298045e-14,1.579980156e-13,5.459784454e-14,3.257185107e-13,2.133651358e-13,1.03484533e-12,1.704758598e-12,5.614158891e-13,6.381730887e-13,1.518317852e-13,2.452291684e-13,1.142257441e-13,2.055238307e-14,3.280378703e-14,8.334782806e-14,1.497202637e-13,1.074589999e-13,2.727818096e-13,2.47330273e-13,3.485122008e-13,3.816658167e-14,3.246228426e-13,8.7862563e-14
146.3046875,4.629107197e-13,6.785412384e-13,3.031800099e-13,7.636567072e-13,1.326816796e-13,2.279932865e-13,6.56659724e-14,1.688127073e-13,2.943941882e-14,3.907120725e-14,1.57878738e-13,5.442046035e-14,3.2380986e-13,2.129580152e-13,1.021594995e-12,1.680765405e-12,5.537086035e-13,6.343767601e-13,1.513742372e-13,2.422065508e-13,1.142158929e-13,2.063754293e-14,3.312145875e-14,8.325856383e-14,1.485584402e-13,1.055504139e-13,2.723963115e-13,2.431899823e-13,3.464575991e-13,3.818194142e-14,3.233741592e-13,8.729553378e-14
146.3125,4.582287243e-13,6.655373673e-13,3.039919435e-13,7.502066534e-13,1.36006094e-13,2.24279451e-13,6.47509031e-14,1.663910937e-13,2.991448862e-14,3.998290044e-14,1.578397151e-13,5.420452581e-14,3.215802254e-13,2.124929149e-13,1.007807859e-12,1.656045755e-12,5.458330523e-13,6.306613415e-13,1.509275863e-13,2.391514322e-13,1.141627106e-13,2.075248097e-14,3.345462079e-14,8.322464134e-14,1.473241635e-13,1.036011117e-13,2.720138559e-13,2.391188512e-13,3.444552964e-13,3.821173138e-14,3.221194062e-13,8.666357545e-14
146.3203125,4.537293087e-13,6.524251491e-13,3.047236526e-13,7.364342962e-13,1.394393489e-13,2.203707822e-13,6.386180683e-14,1.639194949e-13,3.041832565e-14,4.092569591e-14,1.577935117e-13,5.395122456e-14,3.190945672e-13,2.120346935e-13,9.936009742e-13,1.630759109e-12,5.378522647e-13,6.268982248e-13,1.504492428e-13,2.360848351e-13,1.140611357e-13,2.085529472e-14,3.380189619e-14,8.326344009e-14,1.460628111e-13,1.016136002e-13,2.716989461e-13,2.35135561e-13,3.424107531e-13,3.825849205e-14,3.207262401e-13,8.600097001e-14
146.328125,4.489471528e-13,6.391903185e-13,3.055656665e-13,7.224636888e-13,1.42832806e-13,2.163954132e-13,6.300998538e-14,1.614456972e-13,3.089704507e-14,4.187645676e-14,1.578583604e-13,5.369612558e-14,3.164862913e-13,2.113964773e-13,9.790867324e-13,1.604881623e-12,5.296207596e-13,6.229267842e-13,1.499132241e-13,2.330960192e-13,1.140110973e-13,2.093926661e-14,3.413489647e-14,8.334066751e-14,1.447693053e-13,9.969339793e-14,2.71401516e-13,2.311988075e-13,3.405052022e-13,3.830407921e-14,3.192081263e-13,8.533807647e-14
146.3359375,4.439126656e-13,6.25614726e-13,3.064938987e-13,7.085285729e-13,1.462057429e-13,2.124044072e-13,6.216194237e-14,1.590073861e-13,3.136884659e-14,4.281714306e-14,1.579973379e-13,5.344359067e-14,3.136898412e-13,2.105896516e-13,9.641186916e-13,1.578358755e-12,5.211490013e-13,6.187274979e-13,1.492587696e-13,2.302806922e-13,1.139282433e-13,2.101980604e-14,3.443656681e-14,8.344131281e-14,1.434002845e-13,9.785948108e-14,2.710051692e-13,2.271911777e-13,3.386309834e-13,3.834811623e-14,3.175780555e-13,8.468258369e-14
146.34375,4.389210909e-13,6.115482432e-13,3.072946901e-13,6.944855943e-13,1.496501885e-13,2.082853421e-13,6.131869609e-14,1.566458951e-13,3.190530224e-14,4.374256017e-14,1.581051253e-13,5.314707675e-14,3.106449087e-13,2.097883123e-13,9.484969369e-13,1.551251223e-12,5.126118311e-13,6.142745014e-13,1.484249435e-13,2.277337212e-13,1.137033286e-13,2.110142213e-14,3.472150926e-14,8.36769598e-14,1.419403418e-13,9.603837102e-14,2.705189036e-13,2.230479934e-13,3.366416656e-13,3.837363665e-14,3.157509908e-13,8.401467049e-14
146.3515625,4.337896857e-13,5.974554113e-13,3.082014856e-13,6.805773058e-13,1.530556669e-13,2.041291834e-13,6.050031094e-14,1.542779258e-13,3.246982749e-14,4.463050332e-14,1.583542798e-13,5.283234211e-14,3.07411505e-13,2.088416646e-13,9.326149037e-13,1.523995779e-12,5.041367813e-13,6.096957128e-13,1.475050635e-13,2.255141581e-13,1.134878085e-13,2.119332878e-14,3.500604642e-14,8.400952705e-14,1.404029556e-13,9.426251189e-14,2.701071006e-13,2.189678055e-13,3.347852273e-13,3.838469318e-14,3.137143227e-13,8.331398457e-14
146.359375,4.284707771e-13,5.837289863e-13,3.094902941e-13,6.672372645e-13,1.564155925e-13,2.001076337e-13,5.97139517e-14,1.518670503e-13,3.300432269e-14,4.551750901e-14,1.58804018e-13,5.257179024e-14,3.040114273e-13,2.076795562e-13,9.168633794e-13,1.496865888e-12,4.957136109e-13,6.051943214e-13,1.466079113e-13,2.235807802e-13,1.133810313e-13,2.131211871e-14,3.530096359e-14,8.434346164e-14,1.388086701e-13,9.261151094e-14,2.697490227e-13,2.151312103e-13,3.331452815e-13,3.843704936e-14,3.115673859e-13,8.260874571e-14
146.3671875,4.234380623e-13,5.702454827e-13,3.109126954e-13,6.541349245e-13,1.59936561e-13,1.961613253e-13,5.895693625e-14,1.495363066e-13,3.356525855e-14,4.645267809e-14,1.592399316e-13,5.236588365e-14,3.005236697e-13,2.066424919e-13,9.010315599e-13,1.469658857e-12,4.872631761e-13,6.007990348e-13,1.457080574e-13,2.218560728e-13,1.132854821e-13,2.146834127e-14,3.561040885e-14,8.480591126e-14,1.371913058e-13,9.104033169e-14,2.693113878e-13,2.114236592e-13,3.31477385e-13,3.853193146e-14,3.095082225e-13,8.193476906e-14
146.375,4.187294267e-13,5.568069321e-13,3.121339143e-13,6.407378569e-13,1.635350562e-13,1.921658177e-13,5.821619462e-14,1.472860218e-13,3.418264043e-14,4.738683257e-14,1.596255177e-13,5.214060602e-14,2.969491467e-13,2.057213672e-13,8.849578617e-13,1.44229374e-12,4.787519522e-13,5.963882271e-13,1.447419347e-13,2.202409061e-13,1.131550252e-13,2.164830442e-14,3.592133461e-14,8.54253577e-14,1.355648912e-13,8.947071431e-14,2.688787704e-13,2.07663107e-13,3.297198351e-13,3.860725582e-14,3.07503518e-13,8.125986595e-14
146.3828125,4.138571091e-13,5.431166035e-13,3.131897203e-13,6.271560233e-13,1.669424359e-13,1.881104591e-13,5.750764544e-14,1.450230159e-13,3.480448059e-14,4.828736938e-14,1.600689515e-13,5.18290864e-14,2.930658463e-13,2.044966972e-13,8.686635178e-13,1.414698188e-12,4.701268864e-13,5.917077998e-13,1.436727979e-13,2.186198196e-13,1.129787481e-13,2.182268903e-14,3.623047724e-14,8.605162682e-14,1.339010717e-13,8.790139934e-14,2.68535466e-13,2.037985718e-13,3.280598627e-13,3.864465747e-14,3.05214554e-13,8.052996631e-14
146.390625,4.088517122e-13,5.291595599e-13,3.143987947e-13,6.137133579e-13,1.702876419e-13,1.840708459e-13,5.686489624e-14,1.428003154e-13,3.542967309e-14,4.91940275e-14,1.606037877e-13,5.146899124e-14,2.889278842e-13,2.030427468e-13,8.52079222e-13,1.386721704e-12,4.61382342e-13,5.867016266e-13,1.425204755e-13,2.171146872e-13,1.127897715e-13,2.199534703e-14,3.654558852e-14,8.672161917e-14,1.321802628e-13,8.635779535e-14,2.681719932e-13,1.99941825e-13,3.266293421e-13,3.866832614e-14,3.02667504e-13,7.976947665e-14
146.3984375,4.041848481e-13,5.154858458e-13,3.159978108e-13,6.00444073e-13,1.738594453e-13,1.801536432e-13,5.626579303e-14,1.406387924e-13,3.607974509e-14,5.00996707e-14,1.61288538e-13,5.11633911e-14,2.848567453e-13,2.017434214e-13,8.35420912e-13,1.358819707e-12,4.527788411e-13,5.818373219e-13,1.413637702e-13,2.160044178e-13,1.127377194e-13,2.218706251e-14,3.685391559e-14,8.751613772e-14,1.304221483e-13,8.48884746e-14,2.677062508e-13,1.962815437e-13,3.252924391e-13,3.871332934e-14,3.00202593e-13,7.904699497e-14
146.40625,3.997640227e-13,5.020583071e-13,3.177915804e-13,5.872156398e-13,1.775418983e-13,1.76293272e-13,5.567124545e-14,1.384622801e-13,3.674331442e-14,5.099781925e-14,1.620915295e-13,5.091553405e-14,2.807391988e-13,2.004897806e-13,8.188465193e-13,1.331322498e-12,4.444107677e-13,5.772929625e-13,1.401750681e-13,2.152069204e-13,1.128002124e-13,2.2380968e-14,3.714992299e-14,8.83645178e-14,1.286439183e-13,8.354404019e-14,2.671305299e-13,1.927624424e-13,3.23885249e-13,3.880817147e-14,2.977432163e-13,7.835808186e-14
146.4140625,3.950084196e-13,4.883050748e-13,3.194364282e-13,5.740725901e-13,1.810171783e-13,1.722732402e-13,5.507893887e-14,1.36307952e-13,3.743148812e-14,5.193004284e-14,1.628596201e-13,5.063192921e-14,2.762239387e-13,1.989429735e-13,8.019162039e-13,1.303555903e-12,4.358152671e-13,5.724154554e-13,1.388167144e-13,2.144510563e-13,1.127740509e-13,2.256427826e-14,3.744219828e-14,8.924773833e-14,1.268147044e-13,8.22838001e-14,2.664404858e-13,1.89168482e-13,3.225911032e-13,3.891155515e-14,2.950064576e-13,7.764568833e-14
146.421875,3.898622389e-13,4.744629571e-13,3.209950559e-13,5.613355375e-13,1.842603186e-13,1.681370196e-13,5.448491464e-14,1.34218183e-13,3.813763381e-14,5.286320741e-14,1.635946345e-13,5.027333454e-14,2.713874611e-13,1.971066749e-13,7.845073203e-13,1.275237459e-12,4.267766127e-13,5.668952521e-13,1.373118879e-13,2.138594027e-13,1.126769394e-13,2.276426477e-14,3.771573054e-14,9.02158452e-14,1.248972029e-13,8.105630544e-14,2.65683656e-13,1.855735628e-13,3.215539574e-13,3.896934457e-14,2.920111281e-13,7.691077523e-14
146.4296875,3.849142887e-13,4.609845976e-13,3.227492647e-13,5.490412189e-13,1.874812144e-13,1.641504469e-13,5.391239651e-14,1.321497545e-13,3.883021701e-14,5.373309694e-14,1.643814361e-13,4.989465975e-14,2.665331625e-13,1.951952749e-13,7.67198879e-13,1.247069705e-12,4.177641564e-13,5.613615906e-13,1.358392723e-13,2.136344915e-13,1.126418403e-13,2.299454764e-14,3.79709568e-14,9.130498887e-14,1.229388464e-13,7.989341306e-14,2.649397641e-13,1.821511325e-13,3.205728847e-13,3.901133515e-14,2.889560149e-13,7.619163067e-14
146.4375,3.804542419e-13,4.477207987e-13,3.247242696e-13,5.367187535e-13,1.907613037e-13,1.60330437e-13,5.341182169e-14,1.301304092e-13,3.9532797e-14,5.457256618e-14,1.652263807e-13,4.955867517e-14,2.617479774e-13,1.933023477e-13,7.501743147e-13,1.219278671e-12,4.090119901e-13,5.562234962e-13,1.344437217e-13,2.136175686e-13,1.126235048e-13,2.32394201e-14,3.823529779e-14,9.251227197e-14,1.210150625e-13,7.877937388e-14,2.642686608e-13,1.788205716e-13,3.19601352e-13,3.90580473e-14,2.859866155e-13,7.547872464e-14
146.4453125,3.761959593e-13,4.346724084e-13,3.267589466e-13,5.242670082e-13,1.940348796e-13,1.565004297e-13,5.294687748e-14,1.281858793e-13,4.025079413e-14,5.544501315e-14,1.661651996e-13,4.925264468e-14,2.569634e-13,1.913668212e-13,7.331444742e-13,1.191637994e-12,4.003019427e-13,5.511933242e-13,1.33032804e-13,2.137321343e-13,1.125974254e-13,2.348383066e-14,3.849312141e-14,9.375329012e-14,1.191010736e-13,7.766054438e-14,2.636689392e-13,1.755253351e-13,3.187719016e-13,3.907946507e-14,2.830338426e-13,7.473453627e-14
146.453125,3.719481949e-13,4.21973007e-13,3.287789507e-13,5.121725704e-13,1.972689101e-13,1.526563021e-13,5.245670846e-14,1.262798892e-13,4.093587921e-14,5.636067785e-14,1.672017584e-13,4.891978537e-14,2.52158943e-13,1.893361035e-13,7.161969547e-13,1.164480976e-12,3.917097458e-13,5.460730858e-13,1.315738998e-13,2.141968002e-13,1.126456749e-13,2.372446408e-14,3.872090306e-14,9.504007701e-14,1.171527005e-13,7.661348739e-14,2.630617308e-13,1.723361758e-13,3.180512606e-13,3.909490575e-14,2.7993134e-13,7.395590065e-14
146.4609375,3.678178402e-13,4.095024834e-13,3.308286606e-13,5.005778625e-13,2.00431805e-13,1.48889261e-13,5.198634459e-14,1.24446963e-13,4.160442342e-14,5.727192112e-14,1.682755048e-13,4.855153401e-14,2.473805833e-13,1.872102085e-13,6.995512641e-13,1.138055773e-12,3.833975082e-13,5.409796415e-13,1.300904116e-13,2.150630237e-13,1.127441535e-13,2.397973283e-14,3.894549421e-14,9.647414323e-14,1.152080003e-13,7.572679052e-14,2.623965431e-13,1.69234408e-13,3.174584115e-13,3.913153784e-14,2.767182495e-13,7.319127765e-14
146.46875,3.639296329e-13,3.973554756e-13,3.329869841e-13,4.892009302e-13,2.035395266e-13,1.45171217e-13,5.156707459e-14,1.226938487e-13,4.230491025e-14,5.811647885e-14,1.694321991e-13,4.819266695e-14,2.426405886e-13,1.849944284e-13,6.830190691e-13,1.111920777e-12,3.751363268e-13,5.360020281e-13,1.286014143e-13,2.161833698e-13,1.128392647e-13,2.427256925e-14,3.917962214e-14,9.799254524e-14,1.132804601e-13,7.495728635e-14,2.617083144e-13,1.662515543e-13,3.170781189e-13,3.916974667e-14,2.734995164e-13,7.249401269e-14
146.4765625,3.603636493e-13,3.856173273e-13,3.353136596e-13,4.779377164e-13,2.067435335e-13,1.414612307e-13,5.11518499e-14,1.209434764e-13,4.303530574e-14,5.891622706e-14,1.707311682e-13,4.789494334e-14,2.379250816e-13,1.828084212e-13,6.663771132e-13,1.085782085e-12,3.668425095e-13,5.311768848e-13,1.271405927e-13,2.175313146e-13,1.129993482e-13,2.460521505e-14,3.941039728e-14,9.9567035e-14,1.11337553e-13,7.425840991e-14,2.610523209e-13,1.634769358e-13,3.168325508e-13,3.921420824e-14,2.703110859e-13,7.184144733e-14
146.484375,3.570023026e-13,3.740825237e-13,3.377633149e-13,4.66819328e-13,2.100288142e-13,1.378386836e-13,5.0752906e-14,1.19235259e-13,4.379673154e-14,5.972706744e-14,1.72108176e-13,4.765432256e-14,2.332557416e-13,1.807715213e-13,6.497772548e-13,1.060004784e-12,3.588019726e-13,5.264744287e-13,1.256951289e-13,2.191873892e-13,1.132765742e-13,2.497470939e-14,3.964532946e-14,1.013087989e-13,1.094015184e-13,7.362039447e-14,2.604476878e-13,1.608257142e-13,3.166294981e-13,3.926640568e-14,2.671944387e-13,7.11747985e-14
146.4921875,3.535755481e-13,3.628446437e-13,3.401820679e-13,4.55991002e-13,2.13156173e-13,1.343682496e-13,5.041076144e-14,1.176718696e-13,4.457963507e-14,6.051570342e-14,1.735159707e-13,4.739341026e-14,2.286140926e-13,1.787110488e-13,6.335068569e-13,1.035075223e-12,3.510971359e-13,5.217872483e-13,1.241932905e-13,2.212372646e-13,1.136269189e-13,2.536484841e-14,3.98739534e-14,1.031420897e-13,1.074899632e-13,7.302740181e-14,2.598544001e-13,1.582544819e-13,3.164266699e-13,3.92946906e-14,2.640418819e-13,7.051348205e-14
146.5,3.501799266e-13,3.520371577e-13,3.425825095e-13,4.456884335e-13,2.161421829e-13,1.309677651e-13,5.009588604e-14,1.162393209e-13,4.534494803e-14,6.126399246e-14,1.74993231e-13,4.710650696e-14,2.239566144e-13,1.764717912e-13,6.176106776e-13,1.011033621e-12,3.436030051e-13,5.171838532e-13,1.226361378e-13,2.236772665e-13,1.140117601e-13,2.574126174e-14,4.007359518e-14,1.049698338e-13,1.055761344e-13,7.252078648e-14,2.59241274e-13,1.558673457e-13,3.162755854e-13,3.931842575e-14,2.607606543e-13,6.990143146e-14
146.5078125,3.471583847e-13,3.413350646e-13,3.452070172e-13,4.357247042e-13,2.192097407e-13,1.275664371e-13,4.97981457e-14,1.148909282e-13,4.611637371e-14,6.204644998e-14,1.765761081e-13,4.688397076e-14,2.193272394e-13,1.742364732e-13,6.01921179e-13,9.875647867e-13,3.363507576e-13,5.128274471e-13,1.210833213e-13,2.263564248e-13,1.144268721e-13,2.611402273e-14,4.027110535e-14,1.069012055e-13,1.036860231e-13,7.213617581e-14,2.586248006e-13,1.535878708e-13,3.163611382e-13,3.936747118e-14,2.575046585e-13,6.931527739e-14
146.515625,3.44474395e-13,3.306941469e-13,3.480939871e-13,4.257915638e-13,2.223398679e-13,1.242616319e-13,4.955253181e-14,1.136154634e-13,4.694273137e-14,6.287926145e-14,1.782404736e-13,4.672811305e-14,2.147946443e-13,1.721171855e-13,5.864011581e-13,9.645291407e-13,3.293740609e-13,5.086670758e-13,1.195463808e-13,2.292545007e-13,1.148823727e-13,2.653796917e-14,4.049795154e-14,1.089307635e-13,1.018568781e-13,7.183220702e-14,2.580235701e-13,1.513181439e-13,3.166699511e-13,3.941261795e-14,2.543171229e-13,6.873577898e-14
146.5234375,3.418892187e-13,3.205159861e-13,3.510144162e-13,4.161560544e-13,2.254092601e-13,1.21139552e-13,4.935317224e-14,1.123826318e-13,4.778350023e-14,6.367952961e-14,1.799602011e-13,4.658737243e-14,2.103888182e-13,1.699921082e-13,5.712406544e-13,9.421098057e-13,3.226124294e-13,5.046637573e-13,1.180359374e-13,2.325302386e-13,1.15406385e-13,2.702101383e-14,4.073940915e-14,1.109552085e-13,1.000601166e-13,7.160052902e-14,2.575323023e-13,1.492126722e-13,3.170822507e-13,3.94439814e-14,2.511051823e-13,6.817932224e-14
146.53125,3.393942523e-13,3.108615004e-13,3.538795141e-13,4.070348079e-13,2.283944057e-13,1.180970029e-13,4.917375591e-14,1.111664025e-13,4.857528235e-14,6.439618674e-14,1.817986849e-13,4.645180028e-14,2.060734502e-13,1.677919975e-13,5.565445207e-13,9.204345563e-13,3.160630181e-13,5.008882181e-13,1.165472977e-13,2.361546217e-13,1.160076006e-13,2.751071426e-14,4.096889187e-14,1.130150487e-13,9.827267346e-14,7.146489251e-14,2.57201198e-13,1.47306276e-13,3.176803699e-13,3.947366028e-14,2.478331183e-13,6.763812135e-14
146.5390625,3.370894678e-13,3.015696495e-13,3.567480009e-13,3.981013259e-13,2.312815413e-13,1.150171255e-13,4.900591068e-14,1.099897454e-13,4.933233697e-14,6.505763978e-14,1.837553035e-13,4.625825973e-14,2.016963083e-13,1.654741796e-13,5.421222138e-13,8.993614308e-13,3.09661805e-13,4.971434691e-13,1.150019271e-13,2.400572986e-13,1.166573791e-13,2.797677491e-14,4.116701224e-14,1.151389719e-13,9.648324306e-14,7.141638606e-14,2.567758198e-13,1.454403779e-13,3.183347443e-13,3.948278833e-14,2.442965182e-13,6.711293321e-14
146.546875,3.350778938e-13,2.927024217e-13,3.59695254e-13,3.89222528e-13,2.341737962e-13,1.119611673e-13,4.885572124e-14,1.089032732e-13,5.009839023e-14,6.569947456e-14,1.856986982e-13,4.599905089e-14,1.972294084e-13,1.630608377e-13,5.27772274e-13,8.786607355e-13,3.033144434e-13,4.932905483e-13,1.134135593e-13,2.4438114e-13,1.173469567e-13,2.845335456e-14,4.134502533e-14,1.173346907e-13,9.467619585e-14,7.147085767e-14,2.56084411e-13,1.436636588e-13,3.188069835e-13,3.947189683e-14,2.404582726e-13,6.663790411e-14
146.5546875,3.334121761e-13,2.842692792e-13,3.628690506e-13,3.805901024e-13,2.371785632e-13,1.090460171e-13,4.875570049e-14,1.079200197e-13,5.087068639e-14,6.630767597e-14,1.87692345e-13,4.581278828e-14,1.929270791e-13,1.60722777e-13,5.136824859e-13,8.583985668e-13,2.971862844e-13,4.897360807e-13,1.119086218e-13,2.490960374e-13,1.181170581e-13,2.897736501e-14,4.155578773e-14,1.196540292e-13,9.292073052e-14,7.164004893e-14,2.553979074e-13,1.420606121e-13,3.194397917e-13,3.945495735e-14,2.367250853e-13,6.622116361e-14
146.5625,3.319567148e-13,2.760947713e-13,3.662759646e-13,3.721957384e-13,2.401056805e-13,1.06260394e-13,4.871469809e-14,1.070021614e-13,5.162178232e-14,6.688618084e-14,1.899219091e-13,4.570822361e-14,1.889211985e-13,1.584478651e-13,5.001723009e-13,8.389575145e-13,2.914756901e-13,4.867152055e-13,1.104635656e-13,2.539421167e-13,1.189976853e-13,2.95200489e-14,4.180971371e-14,1.220199274e-13,9.129117564e-14,7.187871186e-14,2.548908479e-13,1.40491103e-13,3.205977568e-13,3.942012666e-14,2.331732363e-13,6.583755969e-14
146.5703125,3.30612072e-13,2.680822586e-13,3.697282484e-13,3.639084888e-13,2.428400461e-13,1.035086834e-13,4.868972146e-14,1.061326115e-13,5.235524337e-14,6.747574103e-14,1.922755345e-13,4.555823999e-14,1.850246559e-13,1.560906935e-13,4.870474056e-13,8.20320338e-13,2.860339582e-13,4.838121635e-13,1.08953529e-13,2.588661359e-13,1.199483973e-13,3.00468392e-14,4.205426348e-14,1.243546776e-13,8.970767221e-14,7.214737895e-14,2.544002287e-13,1.389026396e-13,3.219809569e-13,3.936968446e-14,2.295023555e-13,6.545358873e-14
146.578125,3.29496902e-13,2.602968329e-13,3.732067974e-13,3.556839291e-13,2.456390402e-13,1.007618969e-13,4.867031585e-14,1.05309607e-13,5.308860066e-14,6.80221558e-14,1.945847352e-13,4.536961656e-14,1.81105588e-13,1.537461662e-13,4.738366016e-13,8.019305183e-13,2.806314681e-13,4.807453091e-13,1.073969894e-13,2.640013582e-13,1.209207181e-13,3.05916044e-14,4.227623391e-14,1.267492558e-13,8.807413015e-14,7.243533945e-14,2.53858537e-13,1.374001697e-13,3.233331829e-13,3.930238399e-14,2.257490781e-13,6.505070044e-14
146.5859375,3.286685486e-13,2.529050465e-13,3.768208609e-13,3.476851198e-13,2.485648413e-13,9.809307474e-14,4.868169123e-14,1.045175305e-13,5.382358699e-14,6.846025436e-14,1.969514298e-13,4.519769862e-14,1.772459944e-13,1.514791421e-13,4.606477441e-13,7.837512333e-13,2.752920041e-13,4.776374756e-13,1.058543274e-13,2.694992463e-13,1.21952141e-13,3.118350869e-14,4.250230792e-14,1.292236892e-13,8.643500485e-14,7.279327316e-14,2.532861199e-13,1.360247966e-13,3.248580801e-13,3.920787892e-14,2.219926064e-13,6.466431925e-14
146.59375,3.280431222e-13,2.460277733e-13,3.805090111e-13,3.402289086e-13,2.51311055e-13,9.55794573e-14,4.870862416e-14,1.037985904e-13,5.45624346e-14,6.888755829e-14,1.994358362e-13,4.503279329e-14,1.735543739e-13,1.491442322e-13,4.47990844e-13,7.664161208e-13,2.701801347e-13,4.74545779e-13,1.043108259e-13,2.7546494e-13,1.230759765e-13,3.179234131e-14,4.273074556e-14,1.316804134e-13,8.48575309e-14,7.331810562e-14,2.52653116e-13,1.348124284e-13,3.266513451e-13,3.912244474e-14,2.180917475e-13,6.433723567e-14
146.6015625,3.276009479e-13,2.396187847e-13,3.841855835e-13,3.332401369e-13,2.538117254e-13,9.320145202e-14,4.872798505e-14,1.032218422e-13,5.528959359e-14,6.935247092e-14,2.019642943e-13,4.488888177e-14,1.700664336e-13,1.467569436e-13,4.359257739e-13,7.501229817e-13,2.654329722e-13,4.715648999e-13,1.027826321e-13,2.81829945e-13,1.242205127e-13,3.239891072e-14,4.296497045e-14,1.341243242e-13,8.33520114e-14,7.39896228e-14,2.520410721e-13,1.337400477e-13,3.285823973e-13,3.905412892e-14,2.141214854e-13,6.406422445e-14
146.609375,3.273467632e-13,2.335990878e-13,3.879805646e-13,3.263691133e-13,2.563099813e-13,9.087646386e-14,4.875781459e-14,1.027891672e-13,5.598183761e-14,6.974141806e-14,2.045970619e-13,4.476634543e-14,1.667472703e-13,1.444431384e-13,4.241509421e-13,7.345446838e-13,2.610363008e-13,4.688560307e-13,1.012817988e-13,2.885666912e-13,1.253623011e-13,3.301829721e-14,4.321507982e-14,1.366445212e-13,8.190747455e-14,7.471936175e-14,2.515008687e-13,1.326583727e-13,3.306504061e-13,3.89528474e-14,2.102266722e-13,6.38462327e-14
146.6171875,3.272202278e-13,2.27950397e-13,3.92108168e-13,3.196750091e-13,2.58899454e-13,8.858695364e-14,4.881972581e-14,1.024694544e-13,5.668085367e-14,7.005817927e-14,2.074371991e-13,4.466530098e-14,1.635567209e-13,1.422085061e-13,4.125482013e-13,7.19477465e-13,2.567919347e-13,4.662556268e-13,9.976582047e-14,2.95741401e-13,1.266111822e-13,3.367034151e-14,4.344475609e-14,1.392735574e-13,8.04741575e-14,7.552249291e-14,2.509559486e-13,1.316140712e-13,3.329462857e-13,3.883890278e-14,2.063782779e-13,6.367966237e-14
146.625,3.272172609e-13,2.225798744e-13,3.965381725e-13,3.132777433e-13,2.615204712e-13,8.638430502e-14,4.890549478e-14,1.022005686e-13,5.742830707e-14,7.040063598e-14,2.104454251e-13,4.463183259e-14,1.604963178e-13,1.400829244e-13,4.011019305e-13,7.047575965e-13,2.525803785e-13,4.635479855e-13,9.825163665e-14,3.031654091e-13,1.280166173e-13,3.438000607e-14,4.36397242e-14,1.419510488e-13,7.902030163e-14,7.640958736e-14,2.504229985e-13,1.307791365e-13,3.354275037e-13,3.875308249e-14,2.026041462e-13,6.350676138e-14
146.6328125,3.274341123e-13,2.173749794e-13,4.01017628e-13,3.070458369e-13,2.6417657e-13,8.428170096e-14,4.898562836e-14,1.019019615e-13,5.81649263e-14,7.073284186e-14,2.135392342e-13,4.462749304e-14,1.575529969e-13,1.380754574e-13,3.897716132e-13,6.902655315e-13,2.48472873e-13,4.608435299e-13,9.677268269e-14,3.106608735e-13,1.295163383e-13,3.514355509e-14,4.38544021e-14,1.445910648e-13,7.759584966e-14,7.734332557e-14,2.498917906e-13,1.300237813e-13,3.380329358e-13,3.865038396e-14,1.9889992e-13,6.330918154e-14
146.640625,3.279433631e-13,2.124685957e-13,4.055412949e-13,3.010986044e-13,2.668796637e-13,8.226823295e-14,4.904301307e-14,1.015897985e-13,5.883543504e-14,7.100378331e-14,2.167126485e-13,4.460005258e-14,1.547471071e-13,1.361039651e-13,3.786597995e-13,6.761775441e-13,2.445016981e-13,4.581999982e-13,9.529520638e-14,3.183285574e-13,1.310741094e-13,3.591858989e-14,4.410006168e-14,1.471691308e-13,7.621406479e-14,7.835489937e-14,2.492251106e-13,1.292031004e-13,3.408357558e-13,3.851667752e-14,1.951621615e-13,6.313772677e-14
146.6484375,3.287472105e-13,2.081184086e-13,4.10327769e-13,2.955292963e-13,2.695705464e-13,8.036096983e-14,4.909172479e-14,1.013300929e-13,5.947081741e-14,7.124276319e-14,2.200092128e-13,4.462048489e-14,1.521800164e-13,1.341920317e-13,3.67905244e-13,6.626288991e-13,2.406528947e-13,4.554669744e-13,9.383425823e-14,3.261208732e-13,1.326709211e-13,3.669033293e-14,4.431961745e-14,1.497154152e-13,7.481924361e-14,7.944307301e-14,2.484700801e-13,1.285035977e-13,3.438199045e-13,3.83932363e-14,1.914198062e-13,6.300316303e-14
146.65625,3.298102228e-13,2.043067997e-13,4.153006496e-13,2.900842305e-13,2.721517895e-13,7.855288244e-14,4.914763833e-14,1.011357192e-13,6.009731687e-14,7.148085633e-14,2.234415372e-13,4.469405469e-14,1.498656859e-13,1.323711394e-13,3.575081007e-13,6.495922689e-13,2.370093306e-13,4.526495541e-13,9.244033001e-14,3.339686294e-13,1.342971031e-13,3.747280447e-14,4.450313199e-14,1.522979886e-13,7.342871466e-14,8.05523976e-14,2.478213616e-13,1.280263221e-13,3.468315951e-13,3.826646595e-14,1.877166612e-13,6.288551538e-14
146.6640625,3.310065197e-13,2.008628678e-13,4.202366002e-13,2.848192235e-13,2.745659847e-13,7.683748749e-14,4.921620275e-14,1.010161232e-13,6.07134863e-14,7.175374145e-14,2.270113016e-13,4.474322662e-14,1.477181221e-13,1.305585612e-13,3.47466143e-13,6.372101288e-13,2.336282835e-13,4.499299906e-13,9.108808614e-14,3.420951269e-13,1.36017298e-13,3.827184791e-14,4.470836418e-14,1.549676315e-13,7.211016345e-14,8.172234898e-14,2.473133196e-13,1.276470518e-13,3.498796091e-13,3.811843624e-14,1.84006309e-13,6.279027339e-14
146.671875,3.322065003e-13,1.97836912e-13,4.251601001e-13,2.799811784e-13,2.769404956e-13,7.52723631e-14,4.929945742e-14,1.009604446e-13,6.134262964e-14,7.202371938e-14,2.30754793e-13,4.481507232e-14,1.457575297e-13,1.288107453e-13,3.378675148e-13,6.256571414e-13,2.304795843e-13,4.474479534e-13,8.978025054e-14,3.506121903e-13,1.378582107e-13,3.911668712e-14,4.497826129e-14,1.576404852e-13,7.086401849e-14,8.299275336e-14,2.468943569e-13,1.27375676e-13,3.530643935e-13,3.796603247e-14,1.80347118e-13,6.271887329e-14
146.6796875,3.335691123e-13,1.95205231e-13,4.301990527e-13,2.75394023e-13,2.795550936e-13,7.386138744e-14,4.938296459e-14,1.009288275e-13,6.201338792e-14,7.220362419e-14,2.346678934e-13,4.497629488e-14,1.440601902e-13,1.273005647e-13,3.287588277e-13,6.148852083e-13,2.27561068e-13,4.452209702e-13,8.856260041e-14,3.594439932e-13,1.397399955e-13,4.004341087e-14,4.52936051e-14,1.602278744e-13,6.966757661e-14,8.433760877e-14,2.465414274e-13,1.272608788e-13,3.564318209e-13,3.780761032e-14,1.768393948e-13,6.268633777e-14
146.6875,3.353938285e-13,1.926901246e-13,4.355038993e-13,2.709008437e-13,2.825307722e-13,7.251694225e-14,4.946143349e-14,1.009433718e-13,6.272417868e-14,7.237008025e-14,2.387241303e-13,4.519999731e-14,1.425969906e-13,1.260443378e-13,3.200023993e-13,6.04645243e-13,2.24832225e-13,4.431081436e-13,8.738736909e-14,3.684630179e-13,1.416432456e-13,4.103289041e-14,4.560591255e-14,1.628097128e-13,6.852238598e-14,8.577705077e-14,2.461969108e-13,1.272192981e-13,3.601143433e-13,3.76515433e-14,1.734548296e-13,6.272404623e-14
146.6953125,3.376159112e-13,1.904251967e-13,4.411123799e-13,2.66669409e-13,2.856745296e-13,7.12510258e-14,4.955312738e-14,1.010145533e-13,6.343223681e-14,7.260066424e-14,2.429217081e-13,4.546412144e-14,1.413082442e-13,1.249257235e-13,3.113965118e-13,5.946213209e-13,2.22170175e-13,4.409537648e-13,8.621624646e-14,3.774422876e-13,1.436295108e-13,4.2045414e-14,4.590503483e-14,1.654323654e-13,6.741386764e-14,8.729107414e-14,2.458423176e-13,1.272556282e-13,3.640920126e-13,3.749381222e-14,1.700826727e-13,6.280228018e-14
146.703125,3.399143388e-13,1.888432251e-13,4.466830626e-13,2.627737222e-13,2.886903893e-13,7.015751956e-14,4.965092078e-14,1.010978172e-13,6.408390398e-14,7.276899513e-14,2.471749375e-13,4.573283789e-14,1.401684323e-13,1.238039329e-13,3.03017731e-13,5.848651254e-13,2.195622508e-13,4.387973556e-13,8.510085826e-14,3.865006931e-13,1.456972739e-13,4.306700525e-14,4.620239624e-14,1.679828017e-13,6.632648213e-14,8.879663378e-14,2.455456369e-13,1.274277963e-13,3.680827412e-13,3.728340327e-14,1.666342501e-13,6.285805848e-14
146.7109375,3.42203029e-13,1.876892222e-13,4.520337007e-13,2.591162595e-13,2.915332751e-13,6.920995995e-14,4.974541834e-14,1.01229291e-13,6.468529055e-14,7.283802269e-14,2.514513145e-13,4.598274257e-14,1.391629177e-13,1.226470229e-13,2.951406652e-13,5.757980285e-13,2.171621338e-13,4.367896789e-13,8.402628824e-14,3.959493702e-13,1.478324666e-13,4.409474891e-14,4.648589482e-14,1.704148666e-13,6.52807801e-14,9.03255208e-14,2.453416075e-13,1.276635882e-13,3.720901584e-13,3.703128503e-14,1.63168807e-13,6.289490619e-14
146.71875,3.446552767e-13,1.865249719e-13,4.575245844e-13,2.556343676e-13,2.945461516e-13,6.834358194e-14,4.986248993e-14,1.014641228e-13,6.528654817e-14,7.291756357e-14,2.55928242e-13,4.628385486e-14,1.383382139e-13,1.216490573e-13,2.878010662e-13,5.675383037e-13,2.151251324e-13,4.350606422e-13,8.29690958e-14,4.056078524e-13,1.500826294e-13,4.514799096e-14,4.67757369e-14,1.72815182e-13,6.430671549e-14,9.19371934e-14,2.452229166e-13,1.279366571e-13,3.763113584e-13,3.678807315e-14,1.598490271e-13,6.297759257e-14
146.7265625,3.474557561e-13,1.85762245e-13,4.632565222e-13,2.523995475e-13,2.979977462e-13,6.7584042e-14,4.998958918e-14,1.017581084e-13,6.59014823e-14,7.297718041e-14,2.606403202e-13,4.664697945e-14,1.377373213e-13,1.209202221e-13,2.808704451e-13,5.59941204e-13,2.134799825e-13,4.336772246e-13,8.201720032e-14,4.153990023e-13,1.524341757e-13,4.625627811e-14,4.711431414e-14,1.752321957e-13,6.339824159e-14,9.35927929e-14,2.45207735e-13,1.283422035e-13,3.805807158e-13,3.652832168e-14,1.566860645e-13,6.315531001e-14
146.734375,3.505696515e-13,1.857125367e-13,4.689183632e-13,2.494323474e-13,3.016084527e-13,6.691132105e-14,5.008820866e-14,1.020705707e-13,6.651549918e-14,7.297709152e-14,2.654249979e-13,4.700371696e-14,1.372835857e-13,1.202867896e-13,2.743039836e-13,5.529685126e-13,2.120897821e-13,4.324979791e-13,8.116404948e-14,4.25512282e-13,1.548042994e-13,4.74018599e-14,4.747286304e-14,1.77647043e-13,6.251691035e-14,9.529066412e-14,2.452912456e-13,1.289001e-13,3.84788205e-13,3.625474338e-14,1.535483447e-13,6.33930473e-14
146.7421875,3.536752246e-13,1.857907103e-13,4.746001613e-13,2.464506394e-13,3.050744965e-13,6.627007766e-14,5.018875503e-14,1.02392654e-13,6.712347871e-14,7.301238683e-14,2.703834397e-13,4.739836997e-14,1.369323007e-13,1.196902159e-13,2.680050563e-13,5.46387759e-13,2.107693226e-13,4.312816627e-13,8.02856166e-14,4.355294962e-13,1.57206916e-13,4.855365929e-14,4.782294397e-14,1.800545099e-13,6.165701714e-14,9.704770145e-14,2.454428352e-13,1.295366844e-13,3.892532432e-13,3.602986802e-14,1.503992168e-13,6.359847531e-14
146.75,3.566328359e-13,1.857512277e-13,4.805753214e-13,2.433527336e-13,3.086359077e-13,6.571838553e-14,5.030910719e-14,1.0271052e-13,6.771972557e-14,7.308416176e-14,2.757016852e-13,4.7891735e-14,1.367727881e-13,1.192806208e-13,2.619280894e-13,5.399589052e-13,2.094816899e-13,4.300772714e-13,7.941827076e-14,4.452320028e-13,1.59702278e-13,4.973329478e-14,4.820310799e-14,1.824282667e-13,6.085287454e-14,9.880344983e-14,2.456672421e-13,1.301859828e-13,3.94088684e-13,3.582357793e-14,1.473392166e-13,6.374807543e-14
146.7578125,3.597772775e-13,1.861229192e-13,4.866884247e-13,2.405043607e-13,3.125074652e-13,6.529351369e-14,5.038962624e-14,1.030699199e-13,6.83078409e-14,7.312036671e-14,2.812056636e-13,4.842244818e-14,1.368068958e-13,1.190504686e-13,2.562273717e-13,5.339153185e-13,2.083108976e-13,4.291101545e-13,7.867815826e-14,4.552565394e-13,1.622303805e-13,5.097127135e-14,4.860975912e-14,1.84704025e-13,6.00967753e-14,1.005627608e-13,2.459297658e-13,1.308431107e-13,3.989887272e-13,3.557707833e-14,1.444829477e-13,6.390585023e-14
146.765625,3.633136746e-13,1.870419745e-13,4.928061853e-13,2.380418243e-13,3.165456768e-13,6.494924358e-14,5.042876608e-14,1.035099616e-13,6.891298467e-14,7.315529005e-14,2.86718198e-13,4.896601037e-14,1.369183025e-13,1.189259018e-13,2.509163247e-13,5.284495802e-13,2.073101137e-13,4.283648744e-13,7.802425847e-14,4.656551001e-13,1.647337464e-13,5.226526461e-14,4.901367868e-14,1.869147096e-13,5.936208972e-14,1.024208453e-13,2.461652596e-13,1.316113204e-13,4.038379671e-13,3.532129418e-14,1.418330212e-13,6.412525534e-14
146.7734375,3.669707024e-13,1.881756208e-13,4.991013789e-13,2.358910906e-13,3.207731282e-13,6.474532979e-14,5.04940549e-14,1.039701379e-13,6.954701128e-14,7.321525945e-14,2.923795148e-13,4.957673246e-14,1.371252526e-13,1.189895257e-13,2.458642509e-13,5.234058231e-13,2.06472819e-13,4.277091606e-13,7.739414713e-14,4.758580725e-13,1.672840485e-13,5.361353069e-14,4.945455198e-14,1.891272234e-13,5.86855837e-14,1.043939813e-13,2.464567318e-13,1.325840597e-13,4.088435117e-13,3.506977051e-14,1.392778668e-13,6.442130951e-14
146.78125,3.705841356e-13,1.89528362e-13,5.054929259e-13,2.341793896e-13,3.252376979e-13,6.47275036e-14,5.057865152e-14,1.044093225e-13,7.019132267e-14,7.325054426e-14,2.982380356e-13,5.024028484e-14,1.375347141e-13,1.192427878e-13,2.411044357e-13,5.187360507e-13,2.057619491e-13,4.271322493e-13,7.681643241e-14,4.859164468e-13,1.698977597e-13,5.501310683e-14,4.99446866e-14,1.912224516e-13,5.809208317e-14,1.06417436e-13,2.469034256e-13,1.336889341e-13,4.14031014e-13,3.479069561e-14,1.367539894e-13,6.47755376e-14
146.7890625,3.74339971e-13,1.912553479e-13,5.116225846e-13,2.326585311e-13,3.296260927e-13,6.474299278e-14,5.063397829e-14,1.048656399e-13,7.081810767e-14,7.324341375e-14,3.040815583e-13,5.088912075e-14,1.381193381e-13,1.19533731e-13,2.366415306e-13,5.144791466e-13,2.051946537e-13,4.266079152e-13,7.627838133e-14,4.960478677e-13,1.725063793e-13,5.643387369e-14,5.043442868e-14,1.931073349e-13,5.753410047e-14,1.084412712e-13,2.47389084e-13,1.348059911e-13,4.191107206e-13,3.449529396e-14,1.342667763e-13,6.513514185e-14
146.796875,3.782934338e-13,1.932226841e-13,5.175098164e-13,2.30916987e-13,3.338204029e-13,6.471870707e-14,5.067428132e-14,1.053544254e-13,7.141085454e-14,7.322453574e-14,3.098531758e-13,5.151367543e-14,1.38807987e-13,1.198364656e-13,2.324060805e-13,5.105972408e-13,2.048598253e-13,4.261023945e-13,7.574459859e-14,5.061756e-13,1.751525399e-13,5.784917169e-14,5.093094721e-14,1.94945721e-13,5.699920048e-14,1.104706317e-13,2.47846624e-13,1.359263969e-13,4.239663784e-13,3.420239805e-14,1.317757464e-13,6.547821225e-14
146.8046875,3.822782442e-13,1.953154757e-13,5.235334807e-13,2.292219934e-13,3.380929031e-13,6.478936109e-14,5.072549797e-14,1.058536436e-13,7.19938821e-14,7.323016618e-14,3.15760561e-13,5.218065847e-14,1.396147222e-13,1.202840944e-13,2.284881014e-13,5.070920496e-13,2.047100542e-13,4.25654662e-13,7.525057715e-14,5.163110748e-13,1.778855979e-13,5.927426561e-14,5.147174621e-14,1.968432962e-13,5.652676241e-14,1.125631735e-13,2.484128247e-13,1.371057329e-13,4.288338228e-13,3.390922207e-14,1.293140591e-13,6.584333364e-14
146.8125,3.86294061e-13,1.976218464e-13,5.297274976e-13,2.277655657e-13,3.425207794e-13,6.498496913e-14,5.076620105e-14,1.063596537e-13,7.262694779e-14,7.325405716e-14,3.218549518e-13,5.294394887e-14,1.405279723e-13,1.209799771e-13,2.248707334e-13,5.038677325e-13,2.045870012e-13,4.252141398e-13,7.481485543e-14,5.263699638e-13,1.806226191e-13,6.074880474e-14,5.204571607e-14,1.98728235e-13,5.610125245e-14,1.147219463e-13,2.490579199e-13,1.383510879e-13,4.337914553e-13,3.361880282e-14,1.270575938e-13,6.626005423e-14
146.8203125,3.90459102e-13,2.000589217e-13,5.357717739e-13,2.262430057e-13,3.470371663e-13,6.51970401e-14,5.077016413e-14,1.068677897e-13,7.331135441e-14,7.32476706e-14,3.279372031e-13,5.376023064e-14,1.414974014e-13,1.218925943e-13,2.213636601e-13,5.007953713e-13,2.045451319e-13,4.247564209e-13,7.43982761e-14,5.362590491e-13,1.833539668e-13,6.228080385e-14,5.264247485e-14,2.005662487e-13,5.568246487e-14,1.168549884e-13,2.495938013e-13,1.395934508e-13,4.386422038e-13,3.331338491e-14,1.250310522e-13,6.670559607e-14
146.828125,3.947081975e-13,2.024551847e-13,5.417006993e-13,2.24843695e-13,3.517184328e-13,6.542858581e-14,5.074801572e-14,1.073504055e-13,7.396165923e-14,7.32113273e-14,3.339987292e-13,5.45879419e-14,1.425597418e-13,1.228987156e-13,2.180377138e-13,4.979728787e-13,2.047315548e-13,4.244871037e-13,7.399731556e-14,5.460687462e-13,1.861597842e-13,6.382946802e-14,5.327279555e-14,2.022705155e-13,5.529733876e-14,1.189370236e-13,2.50074013e-13,1.408295447e-13,4.434194115e-13,3.298000838e-14,1.230548353e-13,6.714243773e-14
146.8359375,3.989540907e-13,2.051084556e-13,5.478269463e-13,2.239237414e-13,3.565809227e-13,6.57649468e-14,5.072990975e-14,1.078230166e-13,7.454580469e-14,7.316572734e-14,3.402405449e-13,5.547844867e-14,1.437919869e-13,1.239941913e-13,2.150998897e-13,4.955457507e-13,2.050831357e-13,4.245267271e-13,7.364458985e-14,5.55756385e-13,1.889828418e-13,6.5371347e-14,5.393398264e-14,2.037551367e-13,5.498584388e-14,1.210617359e-13,2.507033112e-13,1.421716447e-13,4.48331915e-13,3.265022625e-14,1.211158338e-13,6.75822807e-14
146.84375,4.032204604e-13,2.083600458e-13,5.539705347e-13,2.231530773e-13,3.6159243e-13,6.619870897e-14,5.071905268e-14,1.083573034e-13,7.513404703e-14,7.307431074e-14,3.465859024e-13,5.643373312e-14,1.451943969e-13,1.253159695e-13,2.125266868e-13,4.935651198e-13,2.055408958e-13,4.247416217e-13,7.33315055e-14,5.654536562e-13,1.917353709e-13,6.693324062e-14,5.46163633e-14,2.051578414e-13,5.472899538e-14,1.232982933e-13,2.515474608e-13,1.435754024e-13,4.533059261e-13,3.232402468e-14,1.19373852e-13,6.807219009e-14
146.8515625,4.073769301e-13,2.117623864e-13,5.596739984e-13,2.222910562e-13,3.667528558e-13,6.666306088e-14,5.069710426e-14,1.089502187e-13,7.575821927e-14,7.295493551e-14,3.527820841e-13,5.737752688e-14,1.467111585e-13,1.268463106e-13,2.101914435e-13,4.919272593e-13,2.061489335e-13,4.250020197e-13,7.30176593e-14,5.753701949e-13,1.944716807e-13,6.853020951e-14,5.531335461e-14,2.0654812e-13,5.450025209e-14,1.256119957e-13,2.525069243e-13,1.448446959e-13,4.581608967e-13,3.196276217e-14,1.178176745e-13,6.859665707e-14
146.859375,4.11274675e-13,2.148431337e-13,5.651021805e-13,2.216272552e-13,3.719976578e-13,6.718945937e-14,5.066924096e-14,1.095091964e-13,7.63920365e-14,7.290404857e-14,3.589587106e-13,5.833421929e-14,1.482814552e-13,1.284426133e-13,2.080012904e-13,4.902728449e-13,2.067852649e-13,4.25211675e-13,7.271206407e-14,5.850905022e-13,1.972538892e-13,7.016266658e-14,5.602696195e-14,2.078070621e-13,5.430353364e-14,1.278905022e-13,2.533910553e-13,1.460499898e-13,4.629625403e-13,3.159137972e-14,1.163511861e-13,6.9094531e-14
146.8671875,4.150880146e-13,2.17986489e-13,5.707873326e-13,2.212337976e-13,3.773784219e-13,6.788361166e-14,5.063315883e-14,1.100165627e-13,7.704403281e-14,7.292045621e-14,3.654676751e-13,5.938283275e-14,1.498630216e-13,1.301315683e-13,2.059391522e-13,4.884972969e-13,2.073370105e-13,4.253609043e-13,7.248240577e-14,5.943672775e-13,2.000928688e-13,7.185488811e-14,5.677111738e-14,2.089854286e-13,5.413228706e-14,1.3005994e-13,2.542158539e-13,1.474162286e-13,4.678761662e-13,3.126365736e-14,1.150474611e-13,6.957688756e-14
146.875,4.189910791e-13,2.214893676e-13,5.766954543e-13,2.208910287e-13,3.829622656e-13,6.871693999e-14,5.055906215e-14,1.105277274e-13,7.770108409e-14,7.291237867e-14,3.722578733e-13,6.049778071e-14,1.514754008e-13,1.319892802e-13,2.041243956e-13,4.869906563e-13,2.079836503e-13,4.256765887e-13,7.235051997e-14,6.035692994e-13,2.030105394e-13,7.358755743e-14,5.755112932e-14,2.101664324e-13,5.398359649e-14,1.321921101e-13,2.553038705e-13,1.488691161e-13,4.729142857e-13,3.095503072e-14,1.1396529e-13,7.008904857e-14
146.8828125,4.229203095e-13,2.250693577e-13,5.824100514e-13,2.205573155e-13,3.885618775e-13,6.956660316e-14,5.046933832e-14,1.110329008e-13,7.829783441e-14,7.286022042e-14,3.789492504e-13,6.162212222e-14,1.53185393e-13,1.33988749e-13,2.026099913e-13,4.858391019e-13,2.088783631e-13,4.26275064e-13,7.225887245e-14,6.125767307e-13,2.059705941e-13,7.529130143e-14,5.835702734e-14,2.112195995e-13,5.388923768e-14,1.34359654e-13,2.566840385e-13,1.50236569e-13,4.779047454e-13,3.060835994e-14,1.12984275e-13,7.060992722e-14
146.890625,4.269015792e-13,2.287227481e-13,5.878555175e-13,2.203748403e-13,3.942238816e-13,7.046541434e-14,5.040935083e-14,1.114940035e-13,7.884346548e-14,7.28163896e-14,3.854596609e-13,6.276341807e-14,1.5501167e-13,1.361897641e-13,2.013086088e-13,4.847061647e-13,2.099134783e-13,4.270025205e-13,7.219119711e-14,6.211490286e-13,2.088890547e-13,7.698342883e-14,5.917483874e-14,2.121053108e-13,5.38427638e-14,1.364879665e-13,2.579605347e-13,1.515904316e-13,4.826940469e-13,3.022987295e-14,1.12030645e-13,7.111139501e-14
146.8984375,4.309642588e-13,2.326288278e-13,5.931505744e-13,2.20435979e-13,4.002912091e-13,7.150760305e-14,5.033185572e-14,1.119462856e-13,7.942243416e-14,7.281107791e-14,3.920774137e-13,6.395995811e-14,1.568748421e-13,1.386670434e-13,2.002217608e-13,4.836066272e-13,2.109669678e-13,4.278467603e-13,7.220198061e-14,6.296630485e-13,2.117660812e-13,7.875034712e-14,5.999733937e-14,2.129192985e-13,5.377962228e-14,1.385032505e-13,2.590515501e-13,1.530362224e-13,4.873364745e-13,2.986385185e-14,1.111906378e-13,7.162269658e-14
146.90625,4.349655818e-13,2.366227512e-13,5.982626992e-13,2.206650304e-13,4.066593554e-13,7.265494563e-14,5.017311336e-14,1.124605012e-13,8.007419016e-14,7.284486029e-14,3.989004809e-13,6.52289787e-14,1.586686393e-13,1.412875374e-13,1.993950358e-13,4.827974662e-13,2.120211153e-13,4.288642711e-13,7.230275945e-14,6.381018767e-13,2.146525434e-13,8.059691499e-14,6.08340621e-14,2.136455963e-13,5.368699083e-14,1.40428403e-13,2.601755529e-13,1.545570821e-13,4.918330215e-13,2.95223677e-14,1.105088666e-13,7.217083576e-14
146.9140625,4.389917115e-13,2.405709561e-13,6.031776851e-13,2.210007935e-13,4.130496707e-13,7.38840786e-14,4.996391973e-14,1.130455768e-13,8.077474192e-14,7.291862138e-14,4.056739471e-13,6.651878442e-14,1.603741416e-13,1.439031708e-13,1.987638663e-13,4.822267368e-13,2.130909201e-13,4.298994523e-13,7.245373172e-14,6.460866838e-13,2.175358612e-13,8.246520681e-14,6.168356802e-14,2.143062829e-13,5.360895097e-14,1.423026778e-13,2.612409556e-13,1.561310672e-13,4.960143335e-13,2.918394737e-14,1.098848135e-13,7.274064082e-14
146.921875,4.431763955e-13,2.444844982e-13,6.07937832e-13,2.215216219e-13,4.195323093e-13,7.520411681e-14,4.974980472e-14,1.136281606e-13,8.146507744e-14,7.300648104e-14,4.122605327e-13,6.778916289e-14,1.620761702e-13,1.465452061e-13,1.982589137e-13,4.817056672e-13,2.142201949e-13,4.308922221e-13,7.262459695e-14,6.537425182e-13,2.203718669e-13,8.432021625e-14,6.251746594e-14,2.150103297e-13,5.355276881e-14,1.441585264e-13,2.621397351e-13,1.577111293e-13,5.000329101e-13,2.882997413e-14,1.092486028e-13,7.330295996e-14
146.9296875,4.471683609e-13,2.484665094e-13,6.125256408e-13,2.221611248e-13,4.260483033e-13,7.652404902e-14,4.953276162e-14,1.14149276e-13,8.210600535e-14,7.304867378e-14,4.188152218e-13,6.912841385e-14,1.638586961e-13,1.493268677e-13,1.978778288e-13,4.812102061e-13,2.154509731e-13,4.319615634e-13,7.279064374e-14,6.610865747e-13,2.231712997e-13,8.615347046e-14,6.333690246e-14,2.156612397e-13,5.350817858e-14,1.459750107e-13,2.630876866e-13,1.592471229e-13,5.04200276e-13,2.845895439e-14,1.086928055e-13,7.384419418e-14
146.9375,4.50827781e-13,2.528449294e-13,6.169060156e-13,2.227698526e-13,4.325495841e-13,7.785834631e-14,4.930409086e-14,1.146235748e-13,8.274849205e-14,7.303959045e-14,4.253960657e-13,7.058647283e-14,1.656978131e-13,1.523263644e-13,1.97655113e-13,4.808218281e-13,2.167855813e-13,4.331437263e-13,7.296838688e-14,6.679389121e-13,2.259626786e-13,8.800309173e-14,6.418455059e-14,2.16052562e-13,5.348672319e-14,1.477046324e-13,2.641365052e-13,1.608110085e-13,5.08233216e-13,2.807929506e-14,1.082849786e-13,7.437957871e-14
146.9453125,4.546256174e-13,2.575655152e-13,6.210229001e-13,2.234789514e-13,4.393578582e-13,7.935784549e-14,4.903977224e-14,1.150518178e-13,8.344668089e-14,7.303246613e-14,4.318380419e-13,7.205171418e-14,1.674787705e-13,1.55477633e-13,1.976122211e-13,4.805320691e-13,2.181693925e-13,4.344553348e-13,7.321041219e-14,6.744777994e-13,2.286982328e-13,8.991501735e-14,6.507536125e-14,2.162344793e-13,5.347960738e-14,1.494050403e-13,2.650911432e-13,1.624444201e-13,5.117300263e-13,2.769652914e-14,1.079287641e-13,7.492749925e-14
146.953125,4.58485988e-13,2.621333334e-13,6.249025527e-13,2.243949924e-13,4.464007371e-13,8.09709393e-14,4.872947896e-14,1.154010798e-13,8.415638624e-14,7.302641963e-14,4.381009506e-13,7.348386966e-14,1.691533829e-13,1.586750642e-13,1.976857449e-13,4.801917718e-13,2.194978223e-13,4.358628532e-13,7.348763395e-14,6.806732676e-13,2.313209836e-13,9.185512957e-14,6.59820061e-14,2.164025922e-13,5.346482013e-14,1.51093858e-13,2.659494348e-13,1.639857088e-13,5.149298489e-13,2.731058438e-14,1.075954193e-13,7.547210735e-14
146.9609375,4.618393556e-13,2.665923537e-13,6.286525905e-13,2.253702597e-13,4.533442932e-13,8.257254952e-14,4.840142901e-14,1.157069382e-13,8.483477733e-14,7.300056261e-14,4.443210987e-13,7.496587863e-14,1.708287115e-13,1.620417363e-13,1.978798289e-13,4.798389531e-13,2.208042161e-13,4.372785112e-13,7.373799758e-14,6.864255637e-13,2.339032105e-13,9.37816002e-14,6.688233638e-14,2.165580763e-13,5.345143106e-14,1.52665204e-13,2.668258495e-13,1.653160107e-13,5.180728873e-13,2.69267059e-14,1.073947684e-13,7.599342956e-14
146.96875,4.650034763e-13,2.71159401e-13,6.321087489e-13,2.264492385e-13,4.604686097e-13,8.423644431e-14,4.805791109e-14,1.160518259e-13,8.55061974e-14,7.300294044e-14,4.504851724e-13,7.648427705e-14,1.7259326e-13,1.657005067e-13,1.983931593e-13,4.798077624e-13,2.223294495e-13,4.389091475e-13,7.399589321e-14,6.921082218e-13,2.365590372e-13,9.571369248e-14,6.778410173e-14,2.166150146e-13,5.346170713e-14,1.541622888e-13,2.677192625e-13,1.665494639e-13,5.210118345e-13,2.654718679e-14,1.073092392e-13,7.650601444e-14
146.9765625,4.685408239e-13,2.755532629e-13,6.350897017e-13,2.277587425e-13,4.67926935e-13,8.596409495e-14,4.768022266e-14,1.16446305e-13,8.619379689e-14,7.305498128e-14,4.564851979e-13,7.79844991e-14,1.743677979e-13,1.694756521e-13,1.992901853e-13,4.801898589e-13,2.241665424e-13,4.409841712e-13,7.429503779e-14,6.976286406e-13,2.392784904e-13,9.765672807e-14,6.871849255e-14,2.166310321e-13,5.350270954e-14,1.556839826e-13,2.685832835e-13,1.6779529e-13,5.237445197e-13,2.61573496e-14,1.072538898e-13,7.702424503e-14
146.984375,4.720630163e-13,2.798756966e-13,6.378590134e-13,2.290642741e-13,4.75329757e-13,8.766900235e-14,4.728081696e-14,1.168331602e-13,8.690747874e-14,7.309719865e-14,4.62367351e-13,7.950023535e-14,1.760670367e-13,1.732569677e-13,2.003668988e-13,4.807059498e-13,2.261033403e-13,4.432502718e-13,7.461126964e-14,7.02518088e-13,2.419796458e-13,9.961198535e-14,6.970055957e-14,2.166137374e-13,5.356627729e-14,1.57138884e-13,2.693688818e-13,1.690376245e-13,5.262361495e-13,2.575075847e-14,1.072993484e-13,7.754722758e-14
146.9921875,4.752100282e-13,2.845156425e-13,6.404759223e-13,2.302080234e-13,4.826906236e-13,8.946119979e-14,4.686973621e-14,1.171793079e-13,8.762241338e-14,7.309104961e-14,4.68120734e-13,8.102941736e-14,1.777259745e-13,1.771549393e-13,2.015694907e-13,4.812583758e-13,2.279786707e-13,4.454517158e-13,7.495205952e-14,7.070518215e-13,2.446271179e-13,1.01581344e-13,7.06892007e-14,2.163981033e-13,5.364220115e-14,1.585157551e-13,2.700940835e-13,1.702573209e-13,5.282570131e-13,2.534145074e-14,1.07460279e-13,7.807780613e-14
147,4.782111658e-13,2.890816212e-13,6.425459302e-13,2.314192903e-13,4.901494924e-13,9.134334278e-14,4.644980968e-14,1.17482847e-13,8.826501471e-14,7.304776653e-14,4.735770167e-13,8.252636531e-14,1.793743649e-13,1.811623579e-13,2.03009381e-13,4.819051465e-13,2.298425385e-13,4.476781299e-13,7.530468329e-14,7.113299286e-13,2.472277998e-13,1.034946542e-13,7.163612913e-14,2.159491893e-13,5.373014857e-14,1.598966138e-13,2.708563536e-13,1.713813971e-13,5.299536712e-13,2.493147008e-14,1.07608444e-13,7.859349098e-14
147.0078125,4.811226495e-13,2.932701413e-13,6.441321299e-13,2.328274831e-13,4.975339405e-13,9.311580107e-14,4.603107576e-14,1.17723899e-13,8.885895591e-14,7.299784443e-14,4.787339388e-13,8.403505309e-14,1.810095901e-13,1.852837461e-13,2.045960207e-13,4.825323189e-13,2.317947311e-13,4.499967083e-13,7.564832998e-14,7.148637454e-13,2.497766752e-13,1.053514046e-13,7.257334659e-14,2.15458719e-13,5.382136852e-14,1.611701779e-13,2.716360578e-13,1.723676101e-13,5.315580198e-13,2.451401164e-14,1.078032386e-13,7.907696714e-14
147.015625,4.840531408e-13,2.976474847e-13,6.455750648e-13,2.344284723e-13,5.050611052e-13,9.488996304e-14,4.560024021e-14,1.17915704e-13,8.952384186e-14,7.298666527e-14,4.836712363e-13,8.560908983e-14,1.826774511e-13,1.89642873e-13,2.063147687e-13,4.83295948e-13,2.33970891e-13,4.525321974e-13,7.606188291e-14,7.181056803e-13,2.522459689e-13,1.072711903e-13,7.357129818e-14,2.150653727e-13,5.39064607e-14,1.623168633e-13,2.723546315e-13,1.73411809e-13,5.328545738e-13,2.41030635e-14,1.081919536e-13,7.958628179e-14
147.0234375,4.872067509e-13,3.023186156e-13,6.467100866e-13,2.36292522e-13,5.128423313e-13,9.685929432e-14,4.516235329e-14,1.181367814e-13,9.024114455e-14,7.303883934e-14,4.882998956e-13,8.719479892e-14,1.843744821e-13,1.940877737e-13,2.08428842e-13,4.846209675e-13,2.364202271e-13,4.554187535e-13,7.654579287e-14,7.217288249e-13,2.546595602e-13,1.092083446e-13,7.461634707e-14,2.147081456e-13,5.401619455e-14,1.635111963e-13,2.730390996e-13,1.746051149e-13,5.337894879e-13,2.371380887e-14,1.086465006e-13,8.015443615e-14
147.03125,4.902393576e-13,3.066173923e-13,6.474190604e-13,2.382427677e-13,5.203937939e-13,9.88159663e-14,4.474518256e-14,1.183978578e-13,9.090748005e-14,7.314044855e-14,4.926348893e-13,8.87339374e-14,1.859886217e-13,1.984294435e-13,2.108341789e-13,4.862232579e-13,2.388966174e-13,4.583222675e-13,7.696998594e-14,7.249910617e-13,2.571030172e-13,1.110218847e-13,7.562542122e-14,2.14229052e-13,5.416713753e-14,1.64687872e-13,2.736752208e-13,1.757006218e-13,5.346488479e-13,2.334130708e-14,1.09043868e-13,8.07087823e-14
147.0390625,4.929236662e-13,3.105001325e-13,6.479751552e-13,2.39991827e-13,5.278124417e-13,1.006213754e-13,4.431169508e-14,1.186277372e-13,9.155642674e-14,7.325178321e-14,4.968556743e-13,9.027578352e-14,1.874717409e-13,2.029036733e-13,2.130834056e-13,4.873755572e-13,2.411886418e-13,4.609636276e-13,7.737416984e-14,7.272278443e-13,2.595576351e-13,1.127931951e-13,7.655955056e-14,2.135774619e-13,5.430071402e-14,1.656524438e-13,2.742144741e-13,1.766200318e-13,5.354380168e-13,2.297655025e-14,1.095677225e-13,8.119681761e-14
147.046875,4.95433036e-13,3.145304227e-13,6.484132765e-13,2.416471812e-13,5.354502585e-13,1.024227556e-13,4.383486718e-14,1.18822593e-13,9.223055613e-14,7.332946544e-14,5.009432472e-13,9.187958198e-14,1.888838623e-13,2.076112421e-13,2.152108964e-13,4.881268163e-13,2.434163056e-13,4.636183213e-13,7.786114857e-14,7.289567187e-13,2.618850346e-13,1.146019663e-13,7.744141784e-14,2.128771577e-13,5.438010272e-14,1.664010502e-13,2.747040692e-13,1.775195687e-13,5.360250055e-13,2.261184629e-14,1.103220314e-13,8.161970225e-14
147.0546875,4.975610405e-13,3.187273656e-13,6.48567583e-13,2.434200658e-13,5.428404241e-13,1.042190635e-13,4.336961285e-14,1.189876278e-13,9.287078197e-14,7.339657418e-14,5.047692505e-13,9.349549032e-14,1.902147304e-13,2.122473654e-13,2.174567713e-13,4.888318024e-13,2.456117083e-13,4.663263356e-13,7.832728893e-14,7.303576964e-13,2.64052158e-13,1.163486482e-13,7.831138823e-14,2.121992958e-13,5.444572707e-14,1.669973551e-13,2.751409762e-13,1.783542163e-13,5.364832411e-13,2.224772065e-14,1.111812986e-13,8.197856444e-14
147.0625,4.994110211e-13,3.227468813e-13,6.484796102e-13,2.452873973e-13,5.499585669e-13,1.060146728e-13,4.291207331e-14,1.190513659e-13,9.34903822e-14,7.35140122e-14,5.084234035e-13,9.509423388e-14,1.914057229e-13,2.168385062e-13,2.197029771e-13,4.893026106e-13,2.476256094e-13,4.688817673e-13,7.876299005e-14,7.310992982e-13,2.661579526e-13,1.180669222e-13,7.920036219e-14,2.114689082e-13,5.451205072e-14,1.675394221e-13,2.755213906e-13,1.791041344e-13,5.368712912e-13,2.190686904e-14,1.12162457e-13,8.232637356e-14
147.0703125,5.015940484e-13,3.266893342e-13,6.482816487e-13,2.472230779e-13,5.575015381e-13,1.079709554e-13,4.241138117e-14,1.190303462e-13,9.414158744e-14,7.364990429e-14,5.121025653e-13,9.678403509e-14,1.925350935e-13,2.216823189e-13,2.22010536e-13,4.895284456e-13,2.496030362e-13,4.71638363e-13,7.935808418e-14,7.313387303e-13,2.682525299e-13,1.198635526e-13,8.009949752e-14,2.10680557e-13,5.455715346e-14,1.680778483e-13,2.759479995e-13,1.799560569e-13,5.371696708e-13,2.160156596e-14,1.133678196e-13,8.269491947e-14
147.078125,5.038369029e-13,3.307405139e-13,6.479740768e-13,2.492359208e-13,5.652231887e-13,1.100192621e-13,4.190648273e-14,1.190355281e-13,9.477612031e-14,7.374185678e-14,5.157738797e-13,9.858817119e-14,1.93696191e-13,2.266506947e-13,2.245951112e-13,4.898157931e-13,2.517636689e-13,4.748554685e-13,8.008722632e-14,7.312184969e-13,2.702978216e-13,1.216466421e-13,8.097382342e-14,2.099190222e-13,5.459387578e-14,1.68455622e-13,2.763136654e-13,1.808760948e-13,5.372962483e-13,2.13135835e-14,1.147061635e-13,8.300797099e-14
147.0859375,5.056798523e-13,3.345976543e-13,6.473255053e-13,2.513122842e-13,5.725518948e-13,1.120085088e-13,4.142029366e-14,1.190512141e-13,9.536896266e-14,7.382522742e-14,5.191600668e-13,1.003438997e-13,1.947857584e-13,2.31531134e-13,2.271793037e-13,4.899374339e-13,2.53948578e-13,4.780926031e-13,8.077334186e-14,7.305375426e-13,2.722364396e-13,1.233491284e-13,8.179824252e-14,2.091784302e-13,5.461302524e-14,1.686026076e-13,2.763652505e-13,1.816650256e-13,5.370639556e-13,2.104221029e-14,1.160863699e-13,8.323950704e-14
147.09375,5.075276225e-13,3.380536744e-13,6.461923813e-13,2.534321081e-13,5.798155534e-13,1.140226175e-13,4.089488155e-14,1.189686646e-13,9.594492557e-14,7.392761878e-14,5.221791667e-13,1.019994901e-13,1.956892662e-13,2.364847426e-13,2.295272528e-13,4.895192909e-13,2.559867208e-13,4.811870397e-13,8.143750639e-14,7.292029279e-13,2.740529624e-13,1.250393291e-13,8.255858518e-14,2.083671276e-13,5.455842088e-14,1.685948505e-13,2.761758837e-13,1.823083414e-13,5.36402815e-13,2.080221162e-14,1.17562856e-13,8.342903384e-14
147.1015625,5.093821376e-13,3.415132174e-13,6.44839246e-13,2.554711961e-13,5.872249922e-13,1.160966493e-13,4.032756969e-14,1.187909739e-13,9.647957093e-14,7.399295364e-14,5.25031192e-13,1.036791397e-13,1.964691553e-13,2.416329836e-13,2.31894437e-13,4.887197342e-13,2.57944545e-13,4.844570502e-13,8.216152761e-14,7.271350408e-13,2.757911987e-13,1.267153175e-13,8.327251315e-14,2.074300132e-13,5.442997946e-14,1.683443407e-13,2.759449324e-13,1.828599623e-13,5.353624147e-13,2.057003147e-14,1.191593619e-13,8.355276909e-14
147.109375,5.110177122e-13,3.453124672e-13,6.433185232e-13,2.574548436e-13,5.945536974e-13,1.181233621e-13,3.974903321e-14,1.186209634e-13,9.699030533e-14,7.401371158e-14,5.276521216e-13,1.054066683e-13,1.971810409e-13,2.468908898e-13,2.344016904e-13,4.878481144e-13,2.59873917e-13,4.878929663e-13,8.293594561e-14,7.245118675e-13,2.774760916e-13,1.28356891e-13,8.396681501e-14,2.064089604e-13,5.427430614e-14,1.678537033e-13,2.756396415e-13,1.83369618e-13,5.339352548e-13,2.032310123e-14,1.208338713e-13,8.363300088e-14
147.1171875,5.129912742e-13,3.491710175e-13,6.412897432e-13,2.596207176e-13,6.01856202e-13,1.200810295e-13,3.914678377e-14,1.185103059e-13,9.751303486e-14,7.405708138e-14,5.298287829e-13,1.07097435e-13,1.97807849e-13,2.521977686e-13,2.370161787e-13,4.871114178e-13,2.6190394e-13,4.913843991e-13,8.37538553e-14,7.218806123e-13,2.791074686e-13,1.29971747e-13,8.461995052e-14,2.05380642e-13,5.410327384e-14,1.673660567e-13,2.752248878e-13,1.838827805e-13,5.321793234e-13,2.008476164e-14,1.225259245e-13,8.37421089e-14
147.125,5.152757744e-13,3.527809156e-13,6.38904936e-13,2.618790859e-13,6.091158641e-13,1.220571593e-13,3.853917618e-14,1.184276662e-13,9.798920145e-14,7.414534709e-14,5.317577691e-13,1.087436533e-13,1.984004616e-13,2.574819678e-13,2.398572769e-13,4.865722919e-13,2.6423077e-13,4.950775608e-13,8.458786916e-14,7.192195939e-13,2.807113608e-13,1.315198199e-13,8.524483353e-14,2.043426969e-13,5.393199103e-14,1.669171525e-13,2.747300449e-13,1.843300122e-13,5.30124612e-13,1.986217307e-14,1.241977741e-13,8.383964453e-14
147.1328125,5.171984013e-13,3.563800305e-13,6.365220901e-13,2.640499736e-13,6.161613916e-13,1.241487416e-13,3.796647682e-14,1.183547495e-13,9.842348687e-14,7.424875889e-14,5.335908023e-13,1.103923792e-13,1.9899685e-13,2.62729849e-13,2.428852162e-13,4.860491613e-13,2.66766026e-13,4.989606173e-13,8.541604595e-14,7.160609015e-13,2.822432082e-13,1.330223445e-13,8.590012296e-14,2.032832752e-13,5.379194328e-14,1.663554199e-13,2.740863797e-13,1.847322586e-13,5.276570442e-13,1.963899954e-14,1.259332745e-13,8.388318038e-14
147.140625,5.190274574e-13,3.601999653e-13,6.338493666e-13,2.663731208e-13,6.230283438e-13,1.262345518e-13,3.741818277e-14,1.183063868e-13,9.890138773e-14,7.434441713e-14,5.350904739e-13,1.120604828e-13,1.995460288e-13,2.680531527e-13,2.460056646e-13,4.855383708e-13,2.693218586e-13,5.029281732e-13,8.628655149e-14,7.123452159e-13,2.836250148e-13,1.345079571e-13,8.652324306e-14,2.022746874e-13,5.367368773e-14,1.656404193e-13,2.733043935e-13,1.85238283e-13,5.249325823e-13,1.943373013e-14,1.277973614e-13,8.390881034e-14
147.1484375,5.210370742e-13,3.638752887e-13,6.307015043e-13,2.688927959e-13,6.297268664e-13,1.28091727e-13,3.687173441e-14,1.182501295e-13,9.938555534e-14,7.440230902e-14,5.362666178e-13,1.137447412e-13,2.000319393e-13,2.734491181e-13,2.493103673e-13,4.852250482e-13,2.718857226e-13,5.070314972e-13,8.718910282e-14,7.080611694e-13,2.849585171e-13,1.358985916e-13,8.703025742e-14,2.013213121e-13,5.356016534e-14,1.647882951e-13,2.725227733e-13,1.857659538e-13,5.222808008e-13,1.925695716e-14,1.296962203e-13,8.391555199e-14
147.15625,5.227173363e-13,3.671715279e-13,6.274936199e-13,2.712986231e-13,6.364022941e-13,1.299121097e-13,3.632773152e-14,1.181399334e-13,9.980597275e-14,7.439383127e-14,5.372961262e-13,1.154256678e-13,2.004448994e-13,2.78826218e-13,2.527403813e-13,4.849234423e-13,2.743665277e-13,5.1119328e-13,8.806553025e-14,7.032901286e-13,2.86362118e-13,1.372132498e-13,8.751155924e-14,2.003003097e-13,5.345177989e-14,1.639009439e-13,2.717403096e-13,1.861457397e-13,5.195191976e-13,1.908300649e-14,1.315842666e-13,8.391707327e-14
147.1640625,5.240603286e-13,3.704950305e-13,6.242781025e-13,2.736120503e-13,6.432466651e-13,1.319171379e-13,3.580144534e-14,1.179917595e-13,1.001687444e-13,7.434898291e-14,5.37990903e-13,1.170617352e-13,2.007331403e-13,2.841539568e-13,2.561542643e-13,4.843820167e-13,2.766346461e-13,5.152799554e-13,8.894534367e-14,6.984617889e-13,2.876999828e-13,1.385162985e-13,8.801624426e-14,1.991632459e-13,5.331913462e-14,1.63054451e-13,2.708320341e-13,1.864270903e-13,5.162499037e-13,1.892316108e-14,1.335121902e-13,8.392898496e-14
147.171875,5.254218027e-13,3.738668017e-13,6.206330045e-13,2.759875215e-13,6.499063591e-13,1.33788979e-13,3.530058095e-14,1.178374082e-13,1.004826073e-13,7.432470628e-14,5.382261266e-13,1.18643723e-13,2.009573016e-13,2.894197788e-13,2.595868368e-13,4.837185745e-13,2.788465667e-13,5.194060375e-13,8.985881226e-14,6.933089627e-13,2.888215179e-13,1.397224394e-13,8.842940057e-14,1.980029808e-13,5.314621083e-14,1.620645806e-13,2.697838244e-13,1.866645135e-13,5.126262258e-13,1.880794655e-14,1.355268123e-13,8.387148556e-14
147.1796875,5.268590863e-13,3.768434026e-13,6.164586215e-13,2.784328658e-13,6.56233616e-13,1.354402958e-13,3.478967916e-14,1.177141008e-13,1.008312302e-13,7.432584349e-14,5.381528355e-13,1.202300281e-13,2.012302576e-13,2.947773098e-13,2.630394125e-13,4.830554459e-13,2.81259088e-13,5.236959021e-13,9.080707384e-14,6.873043338e-13,2.897867513e-13,1.408704718e-13,8.874437893e-14,1.969076259e-13,5.296945339e-14,1.608543908e-13,2.68696183e-13,1.868727764e-13,5.089831118e-13,1.871963024e-14,1.37744213e-13,8.375041657e-14
147.1875,5.285686465e-13,3.79807097e-13,6.119427946e-13,2.810698084e-13,6.625906321e-13,1.372596234e-13,3.425454079e-14,1.176721157e-13,1.01275393e-13,7.431764594e-14,5.377286909e-13,1.218270508e-13,2.014846388e-13,3.00382427e-13,2.665618469e-13,4.824264249e-13,2.838959941e-13,5.281004068e-13,9.183148691e-14,6.811106888e-13,2.906539627e-13,1.420975351e-13,8.905427193e-14,1.958636428e-13,5.279233106e-14,1.59625828e-13,2.676144838e-13,1.871358964e-13,5.051990186e-13,1.8639722e-14,1.401510885e-13,8.366751205e-14
147.1953125,5.304519016e-13,3.833158275e-13,6.071722372e-13,2.838504816e-13,6.686492539e-13,1.391565016e-13,3.375054882e-14,1.176743937e-13,1.016454178e-13,7.427297379e-14,5.368454078e-13,1.233304235e-13,2.016211619e-13,3.05999785e-13,2.703359816e-13,4.818761859e-13,2.866090034e-13,5.326038214e-13,9.28984205e-14,6.751497559e-13,2.913995958e-13,1.432433769e-13,8.931593288e-14,1.948022853e-13,5.258529548e-14,1.583430655e-13,2.664798868e-13,1.874028957e-13,5.010757207e-13,1.857291651e-14,1.425055461e-13,8.356439701e-14
147.203125,5.320673343e-13,3.867999971e-13,6.02150036e-13,2.8659445e-13,6.740716027e-13,1.408594223e-13,3.327958295e-14,1.176286789e-13,1.018456742e-13,7.418707896e-14,5.356388966e-13,1.247427554e-13,2.017271007e-13,3.11511168e-13,2.743109432e-13,4.81240128e-13,2.89311176e-13,5.372932358e-13,9.393586238e-14,6.685509617e-13,2.920680014e-13,1.441641172e-13,8.947051508e-14,1.937305025e-13,5.236182889e-14,1.567917389e-13,2.652419281e-13,1.875984304e-13,4.967652626e-13,1.850393185e-14,1.448174849e-13,8.33461328e-14
147.2109375,5.336231464e-13,3.897925306e-13,5.968981115e-13,2.894369791e-13,6.795384328e-13,1.426300561e-13,3.277941278e-14,1.175543318e-13,1.020448255e-13,7.409256664e-14,5.342246681e-13,1.261984022e-13,2.018275021e-13,3.17169938e-13,2.783176165e-13,4.803681884e-13,2.920030066e-13,5.421464594e-13,9.500146398e-14,6.612103935e-13,2.92718064e-13,1.450516177e-13,8.958351291e-14,1.927385925e-13,5.212143278e-14,1.550486187e-13,2.638634301e-13,1.878409008e-13,4.923538554e-13,1.843453162e-14,1.472786568e-13,8.30748397e-14
147.21875,5.353280279e-13,3.927489187e-13,5.914962697e-13,2.922858174e-13,6.85112149e-13,1.445090555e-13,3.2272381e-14,1.175317439e-13,1.022898048e-13,7.402699565e-14,5.325114236e-13,1.276546562e-13,2.017351132e-13,3.227962551e-13,2.82347688e-13,4.794334273e-13,2.946083068e-13,5.469019279e-13,9.611037815e-14,6.539529112e-13,2.933127561e-13,1.459646957e-13,8.968549785e-14,1.918134011e-13,5.182990196e-14,1.532739439e-13,2.622864681e-13,1.880695574e-13,4.876300998e-13,1.840431017e-14,1.497444672e-13,8.280906754e-14
147.2265625,5.367873146e-13,3.956447558e-13,5.859527999e-13,2.947366607e-13,6.899917754e-13,1.461390893e-13,3.182115296e-14,1.17552512e-13,1.024614415e-13,7.397058909e-14,5.303915306e-13,1.289566083e-13,2.014209533e-13,3.280067831e-13,2.86360704e-13,4.786251994e-13,2.971184974e-13,5.514454092e-13,9.715301165e-14,6.46613422e-13,2.938099961e-13,1.467330033e-13,8.972640951e-14,1.908145245e-13,5.153063127e-14,1.514526757e-13,2.606143387e-13,1.880324169e-13,4.825624532e-13,1.841581923e-14,1.520988574e-13,8.25461035e-14
147.234375,5.381020401e-13,3.980274209e-13,5.800842719e-13,2.970022056e-13,6.943709593e-13,1.476175314e-13,3.141122743e-14,1.175879238e-13,1.02566991e-13,7.388057972e-14,5.279240803e-13,1.301469588e-13,2.011063737e-13,3.33042184e-13,2.903706777e-13,4.779742124e-13,2.99800177e-13,5.561278533e-13,9.815398e-14,6.387135477e-13,2.942378022e-13,1.473660054e-13,8.970336795e-14,1.897266418e-13,5.129632216e-14,1.495708092e-13,2.590511953e-13,1.87865399e-13,4.773559388e-13,1.843509646e-14,1.545435335e-13,8.228391299e-14
147.2421875,5.395912066e-13,4.002965747e-13,5.738061523e-13,2.995740691e-13,6.987910578e-13,1.492000653e-13,3.101668137e-14,1.176877037e-13,1.026673899e-13,7.376503997e-14,5.251996993e-13,1.313329363e-13,2.008703456e-13,3.381622357e-13,2.945571796e-13,4.774964672e-13,3.027515863e-13,5.611566863e-13,9.922341057e-14,6.306866634e-13,2.945976819e-13,1.479616731e-13,8.964451934e-14,1.886934823e-13,5.109114572e-14,1.476500493e-13,2.575343039e-13,1.878820541e-13,4.719808646e-13,1.845993995e-14,1.570885231e-13,8.198311117e-14
147.25,5.408752271e-13,4.030127598e-13,5.673452981e-13,3.024312508e-13,7.028976068e-13,1.507612405e-13,3.065105059e-14,1.178685603e-13,1.02766139e-13,7.365904181e-14,5.221373423e-13,1.325153788e-13,2.006503978e-13,3.43260196e-13,2.989506873e-13,4.771985196e-13,3.05694773e-13,5.662251374e-13,1.00337102e-13,6.22827653e-13,2.948158528e-13,1.485087242e-13,8.953549238e-14,1.877366303e-13,5.085958184e-14,1.456846492e-13,2.559095271e-13,1.8799013e-13,4.663669016e-13,1.850356787e-14,1.596243646e-13,8.163793059e-14
147.2578125,5.418776254e-13,4.059021497e-13,5.60905176e-13,3.054239212e-13,7.064720215e-13,1.522443092e-13,3.031933894e-14,1.18043343e-13,1.028526669e-13,7.356150913e-14,5.18732502e-13,1.336929085e-13,2.004797619e-13,3.484178818e-13,3.035001715e-13,4.770914262e-13,3.08568407e-13,5.7118716e-13,1.01452684e-13,6.147745276e-13,2.948765551e-13,1.4900275e-13,8.936991671e-14,1.867508679e-13,5.063622061e-14,1.43695801e-13,2.542821613e-13,1.879949594e-13,4.607813277e-13,1.855953093e-14,1.622478801e-13,8.130592284e-14
147.265625,5.431072851e-13,4.085011876e-13,5.544359178e-13,3.083995707e-13,7.097552235e-13,1.537265108e-13,3.001320105e-14,1.181846419e-13,1.028836004e-13,7.345854778e-14,5.151577874e-13,1.348161371e-13,2.003176347e-13,3.535753614e-13,3.081891147e-13,4.771352416e-13,3.115143266e-13,5.761801491e-13,1.02576686e-13,6.063893378e-13,2.94866157e-13,1.494303186e-13,8.918402027e-14,1.857586152e-13,5.044428942e-14,1.416972226e-13,2.526763769e-13,1.879492159e-13,4.553268169e-13,1.8633533e-14,1.648855958e-13,8.098582801e-14
147.2734375,5.444627181e-13,4.107184845e-13,5.47891884e-13,3.110937136e-13,7.127673032e-13,1.551246405e-13,2.97202534e-14,1.183645988e-13,1.02855528e-13,7.337795816e-14,5.113755503e-13,1.358044047e-13,2.000516385e-13,3.583668366e-13,3.12731845e-13,4.770685296e-13,3.143609383e-13,5.810935699e-13,1.036736446e-13,5.978152341e-13,2.948145332e-13,1.497480733e-13,8.898948977e-14,1.848096416e-13,5.024748108e-14,1.396487501e-13,2.508972305e-13,1.878797302e-13,4.49689727e-13,1.874866353e-14,1.673495987e-13,8.064359104e-14
147.28125,5.454822138e-13,4.127020444e-13,5.413424091e-13,3.135991153e-13,7.154894721e-13,1.563821546e-13,2.942643421e-14,1.185583e-13,1.028003713e-13,7.332347829e-14,5.072974545e-13,1.367272485e-13,1.997664834e-13,3.628616551e-13,3.168511571e-13,4.765876865e-13,3.169592785e-13,5.85780552e-13,1.047350923e-13,5.88964447e-13,2.946820406e-13,1.499660028e-13,8.875264914e-14,1.838057161e-13,5.003598862e-14,1.375125178e-13,2.49000472e-13,1.877408642e-13,4.438266458e-13,1.889616924e-14,1.69796042e-13,8.026945972e-14
147.2890625,5.462408139e-13,4.146447445e-13,5.347013235e-13,3.161202849e-13,7.178311828e-13,1.574790632e-13,2.914055604e-14,1.186914783e-13,1.026661777e-13,7.322189475e-14,5.030419026e-13,1.376423411e-13,1.995215323e-13,3.672892313e-13,3.207298527e-13,4.75702969e-13,3.195017712e-13,5.903085868e-13,1.057862176e-13,5.797758584e-13,2.944763228e-13,1.500825353e-13,8.845362848e-14,1.827286606e-13,4.982298464e-14,1.353141646e-13,2.471917646e-13,1.875458376e-13,4.380369023e-13,1.904342425e-14,1.724016786e-13,7.98447116e-14
147.296875,5.469901282e-13,4.16459776e-13,5.277929777e-13,3.185430703e-13,7.196760403e-13,1.583970271e-13,2.888479865e-14,1.188393426e-13,1.024665492e-13,7.307083879e-14,4.984781116e-13,1.384672438e-13,1.991721123e-13,3.715616106e-13,3.246037263e-13,4.746890829e-13,3.221023654e-13,5.947040116e-13,1.068207591e-13,5.70588142e-13,2.941737429e-13,1.501051174e-13,8.810489981e-14,1.816927843e-13,4.9607578e-14,1.331444339e-13,2.454153487e-13,1.872557443e-13,4.323048433e-13,1.919683197e-14,1.750859101e-13,7.94001595e-14
147.3046875,5.477086473e-13,4.180165459e-13,5.207525808e-13,3.210152084e-13,7.213398978e-13,1.593506918e-13,2.866645968e-14,1.19072282e-13,1.023015466e-13,7.296547784e-14,4.934220428e-13,1.39231959e-13,1.987207049e-13,3.757809619e-13,3.284981966e-13,4.737388852e-13,3.247194336e-13,5.990556897e-13,1.078816044e-13,5.616381107e-13,2.937003224e-13,1.501121787e-13,8.773277396e-14,1.806899952e-13,4.939952102e-14,1.310302532e-13,2.435815678e-13,1.869161986e-13,4.264332106e-13,1.938650354e-14,1.778150801e-13,7.89863833e-14
147.3125,5.483080979e-13,4.196619391e-13,5.138147433e-13,3.238324263e-13,7.228799687e-13,1.604750567e-13,2.847118753e-14,1.19305359e-13,1.020996134e-13,7.288056303e-14,4.882207643e-13,1.400341332e-13,1.983158618e-13,3.80080631e-13,3.324675313e-13,4.72821942e-13,3.27365711e-13,6.035536776e-13,1.090145999e-13,5.525764825e-13,2.931105197e-13,1.500874187e-13,8.73638735e-14,1.796950997e-13,4.920249189e-14,1.288712366e-13,2.417363281e-13,1.867419317e-13,4.205113792e-13,1.960053604e-14,1.805897198e-13,7.855744829e-14
147.3203125,5.488709785e-13,4.215742608e-13,5.06880839e-13,3.266536413e-13,7.238538181e-13,1.615305135e-13,2.827039093e-14,1.194879964e-13,1.01772615e-13,7.272497767e-14,4.83083019e-13,1.40803262e-13,1.979407515e-13,3.842182686e-13,3.364458973e-13,4.718414281e-13,3.299698668e-13,6.081589813e-13,1.101641606e-13,5.43111764e-13,2.924992369e-13,1.499361201e-13,8.698486773e-14,1.787837678e-13,4.900445576e-14,1.266494898e-13,2.398722416e-13,1.86703834e-13,4.146537653e-13,1.981783811e-14,1.833269756e-13,7.808643314e-14
147.328125,5.495300756e-13,4.232774875e-13,4.99866499e-13,3.290946268e-13,7.243887811e-13,1.62376228e-13,2.806389468e-14,1.196665807e-13,1.014232853e-13,7.256806906e-14,4.776640867e-13,1.414778294e-13,1.975099196e-13,3.88100639e-13,3.402214565e-13,4.70736213e-13,3.323891877e-13,6.127110232e-13,1.112960702e-13,5.3352303e-13,2.918023737e-13,1.496767096e-13,8.653590759e-14,1.779002469e-13,4.881069222e-14,1.244615186e-13,2.379986138e-13,1.865611419e-13,4.087808667e-13,2.006687335e-14,1.860321877e-13,7.763933233e-14
147.3359375,5.501196075e-13,4.245829059e-13,4.929557403e-13,3.314515333e-13,7.247852682e-13,1.631003761e-13,2.788225189e-14,1.198843674e-13,1.010927969e-13,7.248731734e-14,4.718920177e-13,1.421376885e-13,1.970084845e-13,3.918412108e-13,3.438292643e-13,4.694772315e-13,3.346296877e-13,6.171376312e-13,1.12436504e-13,5.240068135e-13,2.90972131e-13,1.493462662e-13,8.597754342e-14,1.769637984e-13,4.861233355e-14,1.222372065e-13,2.36139632e-13,1.863561928e-13,4.028648942e-13,2.037219485e-14,1.887910933e-13,7.720998024e-14
147.34375,5.504430597e-13,4.257644294e-13,4.861535262e-13,3.340365864e-13,7.24825063e-13,1.637473415e-13,2.771742852e-14,1.201989878e-13,1.007384451e-13,7.241139337e-14,4.66041631e-13,1.428267305e-13,1.9646394e-13,3.954556975e-13,3.474520277e-13,4.681742567e-13,3.368478517e-13,6.214053251e-13,1.135980708e-13,5.144224738e-13,2.901095003e-13,1.489466552e-13,8.53349209e-14,1.760959509e-13,4.838864187e-14,1.198522424e-13,2.342041413e-13,1.862458885e-13,3.969337124e-13,2.070832853e-14,1.916515483e-13,7.673396244e-14
147.3515625,5.507727017e-13,4.267429019e-13,4.793097563e-13,3.367439943e-13,7.246715178e-13,1.644578297e-13,2.754566569e-14,1.206157254e-13,1.004017465e-13,7.229536944e-14,4.601262202e-13,1.435030723e-13,1.959546178e-13,3.99054553e-13,3.511353259e-13,4.670414842e-13,3.39208651e-13,6.255981426e-13,1.148163791e-13,5.048686277e-13,2.892501011e-13,1.485409245e-13,8.467818021e-14,1.753276357e-13,4.818004891e-14,1.174828666e-13,2.322238815e-13,1.861406685e-13,3.909398513e-13,2.105043077e-14,1.945598354e-13,7.624141763e-14
147.359375,5.512258904e-13,4.274136258e-13,4.724925884e-13,3.39407894e-13,7.245819043e-13,1.653009139e-13,2.739934542e-14,1.210410734e-13,1.000369602e-13,7.21543141e-14,4.540307611e-13,1.440993095e-13,1.954828714e-13,4.02566455e-13,3.548943463e-13,4.661450692e-13,3.417111522e-13,6.297793559e-13,1.160633119e-13,4.955786587e-13,2.883263854e-13,1.480976985e-13,8.404882017e-14,1.745131188e-13,4.803723131e-14,1.1532744e-13,2.303512436e-13,1.859219636e-13,3.848815679e-13,2.139542808e-14,1.973348077e-13,7.577961101e-14
147.3671875,5.513566643e-13,4.280142859e-13,4.657438375e-13,3.419461665e-13,7.240421328e-13,1.659981577e-13,2.73078939e-14,1.214621431e-13,9.953684763e-14,7.19795081e-14,4.477360618e-13,1.445797757e-13,1.949867136e-13,4.056936042e-13,3.587031619e-13,4.654152358e-13,3.442574311e-13,6.338510744e-13,1.172188731e-13,4.864671972e-13,2.873364569e-13,1.474803232e-13,8.340503368e-14,1.736590463e-13,4.7943216e-14,1.132291299e-13,2.285162264e-13,1.856010205e-13,3.788526007e-13,2.174587594e-14,1.999161435e-13,7.531620492e-14
147.375,5.510975949e-13,4.285374025e-13,4.589835417e-13,3.444328939e-13,7.229005633e-13,1.664833799e-13,2.724760689e-14,1.219462257e-13,9.89753823e-14,7.182968535e-14,4.412635612e-13,1.450154222e-13,1.945516447e-13,4.08636044e-13,3.624811269e-13,4.648303466e-13,3.468882507e-13,6.378609162e-13,1.183135369e-13,4.773911821e-13,2.862762749e-13,1.467392004e-13,8.271011618e-14,1.72840675e-13,4.787346514e-14,1.110490074e-13,2.266360854e-13,1.85227174e-13,3.729218856e-13,2.212810986e-14,2.024645621e-13,7.483598803e-14
147.3828125,5.508687168e-13,4.288903388e-13,4.523141006e-13,3.470398176e-13,7.216610655e-13,1.670238342e-13,2.720457719e-14,1.22471834e-13,9.845754452e-14,7.178207209e-14,4.346997957e-13,1.454744389e-13,1.942327405e-13,4.117131872e-13,3.662475475e-13,4.643435878e-13,3.495751611e-13,6.418620924e-13,1.194674551e-13,4.683889877e-13,2.850536323e-13,1.460198132e-13,8.201156359e-14,1.720181116e-13,4.782341996e-14,1.089278848e-13,2.248301843e-13,1.848716008e-13,3.670832986e-13,2.256469777e-14,2.050565017e-13,7.437792611e-14
147.390625,5.507500871e-13,4.292050104e-13,4.457924106e-13,3.496656288e-13,7.202571937e-13,1.675562229e-13,2.718631018e-14,1.230094561e-13,9.796154239e-14,7.178921937e-14,4.280202356e-13,1.459064138e-13,1.938993068e-13,4.146997707e-13,3.699300617e-13,4.637966799e-13,3.521171131e-13,6.456272408e-13,1.206386377e-13,4.594531707e-13,2.836604298e-13,1.45295617e-13,8.133414498e-14,1.712202319e-13,4.777813044e-14,1.068875805e-13,2.230634173e-13,1.845331217e-13,3.613041728e-13,2.302337677e-14,2.076506623e-13,7.394296051e-14
147.3984375,5.506721179e-13,4.293060203e-13,4.392354041e-13,3.521148646e-13,7.184355628e-13,1.679174911e-13,2.718756929e-14,1.235887791e-13,9.743716482e-14,7.179571174e-14,4.210877181e-13,1.462601358e-13,1.935226273e-13,4.174506447e-13,3.733206041e-13,4.630766406e-13,3.545749707e-13,6.491276263e-13,1.21765901e-13,4.505367159e-13,2.822273036e-13,1.444885833e-13,8.063160307e-14,1.705106349e-13,4.773537906e-14,1.047890775e-13,2.211999154e-13,1.841438336e-13,3.555922397e-13,2.347551877e-14,2.101977182e-13,7.349230543e-14
147.40625,5.505706619e-13,4.289721871e-13,4.326256785e-13,3.54474619e-13,7.163482113e-13,1.682659241e-13,2.720427931e-14,1.241837255e-13,9.682156637e-14,7.182320458e-14,4.139630922e-13,1.465384193e-13,1.931643552e-13,4.200124102e-13,3.764600423e-13,4.622466942e-13,3.571128862e-13,6.525430109e-13,1.228639215e-13,4.417777688e-13,2.808026542e-13,1.435783408e-13,7.989958625e-14,1.698152031e-13,4.769185999e-14,1.02693411e-13,2.193498963e-13,1.837324631e-13,3.499547676e-13,2.394972117e-14,2.125583042e-13,7.302496338e-14
147.4140625,5.501438934e-13,4.285045521e-13,4.261291368e-13,3.567916759e-13,7.139605567e-13,1.685971154e-13,2.723476085e-14,1.247658751e-13,9.612177585e-14,7.18608926e-14,4.067510318e-13,1.467643417e-13,1.927833618e-13,4.222432333e-13,3.794930542e-13,4.61451963e-13,3.595718789e-13,6.557694541e-13,1.239106059e-13,4.333549901e-13,2.792781655e-13,1.425623668e-13,7.917653961e-14,1.690891805e-13,4.76344878e-14,1.007203289e-13,2.176039238e-13,1.83329639e-13,3.443393247e-13,2.446129073e-14,2.147312933e-13,7.257246994e-14
147.421875,5.494830426e-13,4.281414822e-13,4.197444786e-13,3.590242658e-13,7.112248861e-13,1.687716275e-13,2.727973379e-14,1.253906314e-13,9.544956407e-14,7.187521646e-14,3.994263537e-13,1.469894159e-13,1.924193064e-13,4.242977942e-13,3.823754617e-13,4.607574855e-13,3.619231452e-13,6.588060648e-13,1.249442378e-13,4.251232323e-13,2.77590099e-13,1.415010104e-13,7.846066181e-14,1.683810114e-13,4.760133962e-14,9.880649035e-14,2.158611648e-13,1.82896306e-13,3.387677435e-13,2.498450573e-14,2.169360921e-13,7.214310644e-14
147.4296875,5.488779851e-13,4.277667588e-13,4.134300796e-13,3.613310121e-13,7.082106526e-13,1.68908385e-13,2.735607585e-14,1.260765504e-13,9.477767987e-14,7.188050915e-14,3.92101263e-13,1.471852618e-13,1.921480484e-13,4.263493084e-13,3.851469167e-13,4.601173504e-13,3.643359256e-13,6.61831553e-13,1.26010583e-13,4.167922481e-13,2.758185484e-13,1.404149036e-13,7.773754873e-14,1.676706041e-13,4.763058979e-14,9.690857796e-14,2.141447003e-13,1.824610773e-13,3.333963256e-13,2.551628947e-14,2.191472554e-13,7.171985206e-14
147.4375,5.478918605e-13,4.272440427e-13,4.073073443e-13,3.63651319e-13,7.047332424e-13,1.690158552e-13,2.746193649e-14,1.267765403e-13,9.401544797e-14,7.19031404e-14,3.849147524e-13,1.472842572e-13,1.918467715e-13,4.280027306e-13,3.878642082e-13,4.594195936e-13,3.665744019e-13,6.646182633e-13,1.270083921e-13,4.085012528e-13,2.740534854e-13,1.392354436e-13,7.700988264e-14,1.669395709e-13,4.767998411e-14,9.509313826e-14,2.125378628e-13,1.820322166e-13,3.283292276e-13,2.607640798e-14,2.212100908e-13,7.131066498e-14
147.4453125,5.464406438e-13,4.26309274e-13,4.01480669e-13,3.656731434e-13,7.010458224e-13,1.690179151e-13,2.75768084e-14,1.274820257e-13,9.327504407e-14,7.1964204e-14,3.777519118e-13,1.473967632e-13,1.914575968e-13,4.292810106e-13,3.903552312e-13,4.585298547e-13,3.684604975e-13,6.670665907e-13,1.279424894e-13,4.005334342e-13,2.722983601e-13,1.380259377e-13,7.627466681e-14,1.662493775e-13,4.772181293e-14,9.337180909e-14,2.109465172e-13,1.815233768e-13,3.235358666e-13,2.667000108e-14,2.232991668e-13,7.096728493e-14
147.453125,5.452818988e-13,4.24841775e-13,3.958473246e-13,3.674859787e-13,6.975977631e-13,1.690519768e-13,2.771387916e-14,1.281913472e-13,9.259225051e-14,7.20802129e-14,3.704515213e-13,1.475902423e-13,1.91135277e-13,4.306920734e-13,3.92573184e-13,4.573938389e-13,3.703145971e-13,6.695412847e-13,1.289337502e-13,3.925789061e-13,2.705049723e-13,1.368613931e-13,7.55387838e-14,1.655887143e-13,4.779200445e-14,9.16941962e-14,2.093274012e-13,1.808992103e-13,3.189147499e-13,2.729125409e-14,2.25502226e-13,7.069509934e-14
147.4609375,5.441973974e-13,4.232132745e-13,3.901898898e-13,3.692477328e-13,6.937536651e-13,1.689605009e-13,2.788490516e-14,1.288747217e-13,9.179102819e-14,7.223882308e-14,3.629852415e-13,1.47662083e-13,1.90894803e-13,4.319138718e-13,3.946275425e-13,4.561084142e-13,3.721011108e-13,6.718753567e-13,1.29877135e-13,3.843348778e-13,2.686182918e-13,1.355904528e-13,7.481731468e-14,1.648804619e-13,4.78903716e-14,9.004949033e-14,2.078092985e-13,1.801689105e-13,3.143547762e-13,2.792192158e-14,2.275457222e-13,7.041278044e-14
147.46875,5.424826122e-13,4.217185273e-13,3.845046861e-13,3.707717435e-13,6.890372648e-13,1.684946048e-13,2.80693089e-14,1.295543082e-13,9.091032547e-14,7.241622376e-14,3.554667451e-13,1.475688704e-13,1.906065669e-13,4.325233276e-13,3.964825408e-13,4.548447145e-13,3.734581311e-13,6.736480699e-13,1.306803638e-13,3.763138413e-13,2.666363235e-13,1.341730549e-13,7.410129814e-14,1.641497502e-13,4.798537557e-14,8.849938577e-14,2.064133178e-13,1.79398042e-13,3.098718087e-13,2.85480049e-14,2.293898459e-13,7.010734899e-14
147.4765625,5.407171773e-13,4.203105692e-13,3.790618679e-13,3.721177448e-13,6.842979659e-13,1.680152113e-13,2.82743539e-14,1.302706005e-13,9.013146126e-14,7.25937746e-14,3.481302374e-13,1.47561146e-13,1.903195075e-13,4.330594511e-13,3.981959776e-13,4.536988991e-13,3.74647033e-13,6.752697415e-13,1.315190834e-13,3.688653348e-13,2.646379696e-13,1.327943478e-13,7.337982236e-14,1.634728657e-13,4.809398259e-14,8.70924613e-14,2.050253784e-13,1.787279277e-13,3.056059787e-13,2.919256162e-14,2.312703435e-13,6.986364066e-14
147.484375,5.393245745e-13,4.188903296e-13,3.739408133e-13,3.735378329e-13,6.79780818e-13,1.677215932e-13,2.851285639e-14,1.309863879e-13,8.936115151e-14,7.275836266e-14,3.409768346e-13,1.476685551e-13,1.901655945e-13,4.337557869e-13,3.999337197e-13,4.526616353e-13,3.761156949e-13,6.771738683e-13,1.324449847e-13,3.61527359e-13,2.626607435e-13,1.314253323e-13,7.265727871e-14,1.628357206e-13,4.824850818e-14,8.576112627e-14,2.036837406e-13,1.781351753e-13,3.015765652e-13,2.98745087e-14,2.331710457e-13,6.966529776e-14
147.4921875,5.377245685e-13,4.173086831e-13,3.689089387e-13,3.750098174e-13,6.748103588e-13,1.672894178e-13,2.875439465e-14,1.316651811e-13,8.84763111e-14,7.291975719e-14,3.337056752e-13,1.477121305e-13,1.900947958e-13,4.341685702e-13,4.016821464e-13,4.517869354e-13,3.778052906e-13,6.790768358e-13,1.333355678e-13,3.542324159e-13,2.6062784e-13,1.299300735e-13,7.192330132e-14,1.621852527e-13,4.843660947e-14,8.444673709e-14,2.025579183e-13,1.77496974e-13,2.976624648e-13,3.057182249e-14,2.349512991e-13,6.943475864e-14
147.5,5.359979016e-13,4.155329869e-13,3.639301848e-13,3.764997906e-13,6.696605654e-13,1.668530228e-13,2.899904078e-14,1.323389062e-13,8.758469222e-14,7.309275253e-14,3.262947355e-13,1.477132575e-13,1.899685187e-13,4.344070488e-13,4.034000466e-13,4.511176037e-13,3.795335843e-13,6.808034144e-13,1.342132675e-13,3.474511003e-13,2.585004064e-13,1.28426403e-13,7.117422621e-14,1.615228231e-13,4.862163058e-14,8.320687969e-14,2.016342821e-13,1.768687775e-13,2.938759263e-13,3.127272012e-14,2.366192805e-13,6.922251444e-14
147.5078125,5.344628183e-13,4.136377001e-13,3.592029906e-13,3.778650832e-13,6.64751647e-13,1.666233297e-13,2.927773207e-14,1.330091807e-13,8.672152434e-14,7.32775181e-14,3.190356086e-13,1.477358219e-13,1.89765454e-13,4.347200042e-13,4.049614828e-13,4.503310156e-13,3.811000842e-13,6.823479502e-13,1.350946366e-13,3.40950398e-13,2.563464603e-13,1.269881176e-13,7.0456659e-14,1.608690928e-13,4.879497436e-14,8.205312031e-14,2.007340616e-13,1.762627625e-13,2.904119457e-13,3.199525792e-14,2.381448768e-13,6.908849226e-14
147.515625,5.327069534e-13,4.115135873e-13,3.546856325e-13,3.788232634e-13,6.594628421e-13,1.66162351e-13,2.956300927e-14,1.336500508e-13,8.579397822e-14,7.347824173e-14,3.11942404e-13,1.476920455e-13,1.895603293e-13,4.347190092e-13,4.061070763e-13,4.491009953e-13,3.822784744e-13,6.834632777e-13,1.358903169e-13,3.342772295e-13,2.541910932e-13,1.254786008e-13,6.981499275e-14,1.602248505e-13,4.898129057e-14,8.095358258e-14,1.998046535e-13,1.755842371e-13,2.873396592e-13,3.274776745e-14,2.394703421e-13,6.899462802e-14
147.5234375,5.307390111e-13,4.093019059e-13,3.502410658e-13,3.795916324e-13,6.536006958e-13,1.65382109e-13,2.983153236e-14,1.342975511e-13,8.482552816e-14,7.36963101e-14,3.048266276e-13,1.475889591e-13,1.893989898e-13,4.342305992e-13,4.069345629e-13,4.476872892e-13,3.83210724e-13,6.841722811e-13,1.366181337e-13,3.277848485e-13,2.519886963e-13,1.238816876e-13,6.922567511e-14,1.595742108e-13,4.918660739e-14,7.997676542e-14,1.988933227e-13,1.749355197e-13,2.844523691e-13,3.352223676e-14,2.406935702e-13,6.894174943e-14
147.53125,5.287583391e-13,4.073543316e-13,3.46049847e-13,3.804187074e-13,6.476693261e-13,1.647213457e-13,3.012405515e-14,1.349562924e-13,8.38741386e-14,7.39329106e-14,2.977472197e-13,1.475496406e-13,1.892673395e-13,4.33568876e-13,4.076683061e-13,4.463080845e-13,3.840764945e-13,6.846826146e-13,1.373304849e-13,3.217259781e-13,2.497325062e-13,1.222807601e-13,6.863991566e-14,1.588675798e-13,4.938969685e-14,7.912605543e-14,1.979897848e-13,1.743744155e-13,2.816061907e-13,3.430353416e-14,2.419306421e-13,6.894488405e-14
147.5390625,5.263081491e-13,4.053795818e-13,3.422520608e-13,3.809636063e-13,6.41568446e-13,1.641100623e-13,3.044840695e-14,1.355317093e-13,8.291171269e-14,7.42089866e-14,2.908419437e-13,1.47579261e-13,1.891537639e-13,4.328193758e-13,4.081464832e-13,4.446763471e-13,3.84756962e-13,6.849206059e-13,1.380191473e-13,3.156712215e-13,2.474342167e-13,1.206610408e-13,6.804591333e-14,1.580976238e-13,4.959566148e-14,7.826445679e-14,1.971264863e-13,1.737177965e-13,2.789358452e-13,3.507773186e-14,2.431745241e-13,6.89376867e-14
147.546875,5.235036648e-13,4.029896159e-13,3.38608751e-13,3.811688946e-13,6.351604317e-13,1.633399888e-13,3.078013419e-14,1.359963568e-13,8.194312282e-14,7.453204109e-14,2.840515158e-13,1.476134503e-13,1.890948634e-13,4.318913055e-13,4.083303761e-13,4.428330906e-13,3.852931969e-13,6.850062087e-13,1.387062678e-13,3.09534762e-13,2.4509255e-13,1.190264609e-13,6.746294823e-14,1.574061581e-13,4.982243939e-14,7.738284481e-14,1.963568522e-13,1.729823748e-13,2.765168456e-13,3.585270211e-14,2.443647295e-13,6.890095753e-14
147.5546875,5.209511893e-13,4.004657024e-13,3.350285645e-13,3.813507525e-13,6.288712426e-13,1.62620529e-13,3.114181437e-14,1.364656058e-13,8.101993364e-14,7.488889833e-14,2.773025113e-13,1.476613718e-13,1.890951871e-13,4.307556042e-13,4.083979667e-13,4.411443266e-13,3.857357247e-13,6.851045617e-13,1.39352321e-13,3.037672011e-13,2.427336014e-13,1.174203837e-13,6.692535091e-14,1.569149583e-13,5.004382393e-14,7.659937545e-14,1.95589975e-13,1.72347097e-13,2.742662828e-13,3.664334439e-14,2.454757129e-13,6.890850445e-14
147.5625,5.184124034e-13,3.978863458e-13,3.317373584e-13,3.814328125e-13,6.226711639e-13,1.619673976e-13,3.154499423e-14,1.37026021e-13,8.013736658e-14,7.527625936e-14,2.706149567e-13,1.477426999e-13,1.890847371e-13,4.293879634e-13,4.082511776e-13,4.39483762e-13,3.859057285e-13,6.848237883e-13,1.398803487e-13,2.9850265e-13,2.403379973e-13,1.158193406e-13,6.646077187e-14,1.565032773e-13,5.023630393e-14,7.591221442e-14,1.947767982e-13,1.717174001e-13,2.722804436e-13,3.744600757e-14,2.465717093e-13,6.899617029e-14
147.5703125,5.155372293e-13,3.949802678e-13,3.286461759e-13,3.813810397e-13,6.160859359e-13,1.611461228e-13,3.196209889e-14,1.376139209e-13,7.922478187e-14,7.567288254e-14,2.639642039e-13,1.478095867e-13,1.890658883e-13,4.278778876e-13,4.078855507e-13,4.376738986e-13,3.859462193e-13,6.840115292e-13,1.403465291e-13,2.934442985e-13,2.37829996e-13,1.14174347e-13,6.604534764e-14,1.559883589e-13,5.044612531e-14,7.526188257e-14,1.940757288e-13,1.709353332e-13,2.706973251e-13,3.825930993e-14,2.476588486e-13,6.913887503e-14
147.578125,5.124203846e-13,3.919466406e-13,3.254913882e-13,3.813155481e-13,6.091376248e-13,1.601292991e-13,3.2398308e-14,1.381308603e-13,7.821705074e-14,7.60491226e-14,2.573433347e-13,1.478072632e-13,1.891073669e-13,4.262031274e-13,4.074868851e-13,4.359229957e-13,3.860535707e-13,6.831054901e-13,1.407838431e-13,2.883707786e-13,2.352540329e-13,1.124389595e-13,6.562093843e-14,1.553799135e-13,5.071476235e-14,7.469246281e-14,1.935585923e-13,1.700563144e-13,2.693386753e-13,3.909330681e-14,2.485319257e-13,6.930296787e-14
147.5859375,5.090696247e-13,3.890006854e-13,3.224986357e-13,3.810195314e-13,6.021386777e-13,1.590412729e-13,3.286689487e-14,1.386077043e-13,7.714680965e-14,7.641978204e-14,2.508873298e-13,1.477690997e-13,1.89171282e-13,4.241822125e-13,4.069827536e-13,4.342770997e-13,3.859985882e-13,6.821634657e-13,1.411527676e-13,2.8340392e-13,2.327395923e-13,1.106199056e-13,6.517519756e-14,1.547613571e-13,5.10025828e-14,7.425397028e-14,1.930934599e-13,1.691691743e-13,2.679991455e-13,3.994413686e-14,2.490980085e-13,6.947509014e-14
147.59375,5.057736211e-13,3.859966665e-13,3.199400961e-13,3.805503851e-13,5.951730434e-13,1.580497232e-13,3.335136612e-14,1.391427989e-13,7.610705699e-14,7.680022532e-14,2.447020011e-13,1.477819463e-13,1.892568526e-13,4.220270917e-13,4.064387518e-13,4.327449562e-13,3.858743797e-13,6.810618847e-13,1.415532653e-13,2.787919932e-13,2.30283578e-13,1.088323444e-13,6.475510851e-14,1.541466545e-13,5.128353425e-14,7.390822633e-14,1.926634806e-13,1.683364982e-13,2.66830681e-13,4.079774459e-14,2.495794236e-13,6.968516921e-14
147.6015625,5.027684778e-13,3.829918139e-13,3.176085668e-13,3.802994417e-13,5.881893402e-13,1.571921836e-13,3.385146993e-14,1.39745978e-13,7.512398551e-14,7.718642024e-14,2.387083257e-13,1.478718477e-13,1.895173077e-13,4.200359146e-13,4.060892379e-13,4.315500734e-13,3.860336436e-13,6.800852574e-13,1.420610689e-13,2.745600345e-13,2.278106618e-13,1.071364464e-13,6.439503909e-14,1.535753917e-13,5.160924344e-14,7.362069755e-14,1.923887824e-13,1.676096429e-13,2.661097638e-13,4.16487685e-14,2.501197318e-13,6.995743959e-14
147.609375,4.996751737e-13,3.800416481e-13,3.153593249e-13,3.801277321e-13,5.811734481e-13,1.563072859e-13,3.437895522e-14,1.403787151e-13,7.419515986e-14,7.760595999e-14,2.327792169e-13,1.480121044e-13,1.899382847e-13,4.180005768e-13,4.057134005e-13,4.305973232e-13,3.862272443e-13,6.792236871e-13,1.425583064e-13,2.706314114e-13,2.253133875e-13,1.05474166e-13,6.408012384e-14,1.531075103e-13,5.19937028e-14,7.341172576e-14,1.922237025e-13,1.669097498e-13,2.658235283e-13,4.249227156e-14,2.506467316e-13,7.026359909e-14
147.6171875,4.9664573e-13,3.770090939e-13,3.13292949e-13,3.797619268e-13,5.741977819e-13,1.554295186e-13,3.494315072e-14,1.410235107e-13,7.332471737e-14,7.807188415e-14,2.268854474e-13,1.481810388e-13,1.903288478e-13,4.157883526e-13,4.051453954e-13,4.296556976e-13,3.862611909e-13,6.781750229e-13,1.429981867e-13,2.669862656e-13,2.22775915e-13,1.038253634e-13,6.378763844e-14,1.52680968e-13,5.238850615e-14,7.328883418e-14,1.920482398e-13,1.661414192e-13,2.656966178e-13,4.331953243e-14,2.510838094e-13,7.058196464e-14
147.625,4.941039861e-13,3.741044262e-13,3.113569323e-13,3.793059387e-13,5.671872157e-13,1.546413909e-13,3.556022935e-14,1.416342105e-13,7.242733555e-14,7.854739532e-14,2.210869211e-13,1.48343983e-13,1.907015604e-13,4.134676237e-13,4.04640344e-13,4.288601992e-13,3.864551507e-13,6.770540107e-13,1.434330202e-13,2.635027121e-13,2.201729481e-13,1.021620075e-13,6.35104104e-14,1.521751569e-13,5.279742491e-14,7.323954646e-14,1.919660765e-13,1.653866531e-13,2.656109431e-13,4.413654437e-14,2.513137763e-13,7.09322533e-14
147.6328125,4.913778725e-13,3.71467152e-13,3.095069649e-13,3.787588021e-13,5.598507373e-13,1.536739478e-13,3.619357688e-14,1.421672415e-13,7.144189925e-14,7.900970621e-14,2.154453485e-13,1.484832562e-13,1.911441397e-13,4.107519583e-13,4.040818556e-13,4.282072483e-13,3.866986045e-13,6.758817241e-13,1.438080538e-13,2.601651099e-13,2.175477704e-13,1.004056029e-13,6.323734728e-14,1.515985319e-13,5.323562487e-14,7.328181193e-14,1.92119119e-13,1.647370744e-13,2.657315297e-13,4.496169496e-14,2.512998065e-13,7.133031054e-14
147.640625,4.880259302e-13,3.686462233e-13,3.078160748e-13,3.780464795e-13,5.522525035e-13,1.524242074e-13,3.678426875e-14,1.426252847e-13,7.046809404e-14,7.945244618e-14,2.099222237e-13,1.486216619e-13,1.915424271e-13,4.075732186e-13,4.031393353e-13,4.274030692e-13,3.865816009e-13,6.743216462e-13,1.4407229e-13,2.571867908e-13,2.14927647e-13,9.860484267e-14,6.297845027e-14,1.510430062e-13,5.365202736e-14,7.343353319e-14,1.923828214e-13,1.641002335e-13,2.661312836e-13,4.580140443e-14,2.512180907e-13,7.176712445e-14
147.6484375,4.846453223e-13,3.654625533e-13,3.062333583e-13,3.772106904e-13,5.447343035e-13,1.511456316e-13,3.737904237e-14,1.430161037e-13,6.955101622e-14,7.987607663e-14,2.044479025e-13,1.487413851e-13,1.918246016e-13,4.043128073e-13,4.019528887e-13,4.264423588e-13,3.861502119e-13,6.723851739e-13,1.442485518e-13,2.545087849e-13,2.122857758e-13,9.685333155e-14,6.277797017e-14,1.504980534e-13,5.403669423e-14,7.367005745e-14,1.925737208e-13,1.633680079e-13,2.666977794e-13,4.665234459e-14,2.510606165e-13,7.222529721e-14
147.65625,4.812220424e-13,3.622769795e-13,3.047622333e-13,3.761851478e-13,5.371895723e-13,1.498543774e-13,3.804415306e-14,1.433809943e-13,6.859838593e-14,8.030821279e-14,1.990822168e-13,1.488200868e-13,1.921178403e-13,4.009191695e-13,4.006686812e-13,4.254861405e-13,3.854765699e-13,6.702832179e-13,1.443122889e-13,2.518618221e-13,2.09603341e-13,9.509413173e-14,6.263846712e-14,1.49892516e-13,5.444543561e-14,7.396133891e-14,1.927345198e-13,1.625614054e-13,2.674263138e-13,4.751373141e-14,2.506476183e-13,7.269691377e-14
147.6640625,4.774638633e-13,3.59160921e-13,3.034943861e-13,3.749962072e-13,5.294442831e-13,1.484788925e-13,3.872712268e-14,1.437671433e-13,6.760756682e-14,8.074326133e-14,1.938996225e-13,1.489163995e-13,1.925346848e-13,3.972392057e-13,3.992239173e-13,4.245618262e-13,3.845490642e-13,6.680341122e-13,1.442764854e-13,2.492960472e-13,2.068407128e-13,9.328296181e-14,6.251518192e-14,1.492713386e-13,5.488017447e-14,7.430907829e-14,1.930166417e-13,1.617110242e-13,2.683969951e-13,4.837887406e-14,2.501075451e-13,7.319006594e-14
147.671875,4.739276744e-13,3.560192155e-13,3.023396234e-13,3.737979767e-13,5.217493096e-13,1.471754426e-13,3.938569027e-14,1.44137544e-13,6.66420128e-14,8.115348381e-14,1.888365521e-13,1.4905078e-13,1.930811855e-13,3.936178866e-13,3.978096564e-13,4.237983531e-13,3.837053328e-13,6.657676627e-13,1.442487006e-13,2.469748521e-13,2.039917572e-13,9.148965614e-14,6.240840473e-14,1.48728968e-13,5.531689531e-14,7.472170558e-14,1.934783331e-13,1.608658726e-13,2.696009941e-13,4.924408809e-14,2.495789278e-13,7.370996128e-14
147.6796875,4.707471151e-13,3.530026453e-13,3.012887888e-13,3.725130663e-13,5.141110969e-13,1.459349776e-13,4.007920684e-14,1.444634613e-13,6.567453898e-14,8.158086641e-14,1.838717766e-13,1.491511115e-13,1.936895475e-13,3.900612048e-13,3.96568587e-13,4.232802923e-13,3.830986217e-13,6.635521499e-13,1.442460566e-13,2.448998439e-13,2.011773276e-13,8.972377888e-14,6.234492157e-14,1.482275972e-13,5.576997227e-14,7.516625559e-14,1.940368146e-13,1.601380285e-13,2.710304124e-13,5.011490013e-14,2.488628251e-13,7.424202922e-14
147.6875,4.673178879e-13,3.50018805e-13,3.005292153e-13,3.709866639e-13,5.062722688e-13,1.446262237e-13,4.083127786e-14,1.447618556e-13,6.468000044e-14,8.20546781e-14,1.791111895e-13,1.492084818e-13,1.942734619e-13,3.861900055e-13,3.952324681e-13,4.227367294e-13,3.823541463e-13,6.611343047e-13,1.441647477e-13,2.430620702e-13,1.984713982e-13,8.793504388e-14,6.231445398e-14,1.47672653e-13,5.622977365e-14,7.560976802e-14,1.945528617e-13,1.594691354e-13,2.727623415e-13,5.097162844e-14,2.478902567e-13,7.478217773e-14
147.6953125,4.636754696e-13,3.46827389e-13,3.000385726e-13,3.692397428e-13,4.984015324e-13,1.433423081e-13,4.15979258e-14,1.450040233e-13,6.369612432e-14,8.251799484e-14,1.74579554e-13,1.492984354e-13,1.948610016e-13,3.821278601e-13,3.936304817e-13,4.219620097e-13,3.812818035e-13,6.584146078e-13,1.439753008e-13,2.413754356e-13,1.957824184e-13,8.613579622e-14,6.231573864e-14,1.470774039e-13,5.667361861e-14,7.611308053e-14,1.950290267e-13,1.586949746e-13,2.748951921e-13,5.178712298e-14,2.468455283e-13,7.536700668e-14
147.703125,4.60230266e-13,3.436646243e-13,2.997014383e-13,3.674091341e-13,4.906750144e-13,1.421288712e-13,4.23697329e-14,1.45197995e-13,6.274923187e-14,8.295544335e-14,1.70216455e-13,1.494635514e-13,1.955412341e-13,3.781008495e-13,3.919346225e-13,4.211384535e-13,3.800836164e-13,6.555357521e-13,1.43769929e-13,2.397423068e-13,1.930584858e-13,8.436770673e-14,6.236212023e-14,1.46502417e-13,5.712058617e-14,7.673347833e-14,1.956072642e-13,1.579440319e-13,2.774231266e-13,5.259255507e-14,2.458112599e-13,7.600835301e-14
147.7109375,4.569322865e-13,3.408254563e-13,2.99572263e-13,3.655961911e-13,4.828545782e-13,1.408653598e-13,4.316729396e-14,1.453794265e-13,6.183472441e-14,8.340983176e-14,1.660297533e-13,1.496769497e-13,1.962871006e-13,3.739285468e-13,3.902172903e-13,4.203756695e-13,3.788448078e-13,6.525163715e-13,1.435746555e-13,2.382687741e-13,1.903547628e-13,8.263596315e-14,6.242791717e-14,1.459406224e-13,5.757365097e-14,7.738966096e-14,1.963259521e-13,1.574152622e-13,2.802054568e-13,5.343234792e-14,2.447780682e-13,7.664350267e-14
147.71875,4.536046072e-13,3.381874676e-13,2.996445008e-13,3.636578721e-13,4.749219836e-13,1.395653042e-13,4.399564129e-14,1.45483527e-13,6.092063318e-14,8.386718496e-14,1.620489452e-13,1.498890533e-13,1.970600382e-13,3.695593002e-13,3.883309171e-13,4.195145027e-13,3.774594788e-13,6.493439996e-13,1.432921731e-13,2.369740567e-13,1.876718107e-13,8.091165591e-14,6.249854549e-14,1.453729842e-13,5.80143761e-14,7.80214034e-14,1.971196532e-13,1.56952183e-13,2.832378522e-13,5.427880969e-14,2.437182082e-13,7.725383476e-14
147.7265625,4.501870199e-13,3.355737345e-13,2.998820931e-13,3.614682742e-13,4.671963973e-13,1.383161853e-13,4.485655566e-14,1.455128369e-13,6.001458575e-14,8.42984788e-14,1.582700622e-13,1.501372824e-13,1.979239098e-13,3.651989042e-13,3.862527928e-13,4.185406084e-13,3.758946421e-13,6.460752015e-13,1.429123658e-13,2.357074067e-13,1.849654363e-13,7.919328622e-14,6.260410417e-14,1.448480238e-13,5.846350401e-14,7.869823378e-14,1.979811291e-13,1.563612256e-13,2.867309545e-13,5.509118004e-14,2.426451596e-13,7.791297008e-14
147.734375,4.467087339e-13,3.328414279e-13,3.003509262e-13,3.591930029e-13,4.596961439e-13,1.370663007e-13,4.574814077e-14,1.455701723e-13,5.918381489e-14,8.472988886e-14,1.546835019e-13,1.504953727e-13,1.988320117e-13,3.609235325e-13,3.841248372e-13,4.176077056e-13,3.742275436e-13,6.42681038e-13,1.425092443e-13,2.345611297e-13,1.82248109e-13,7.752366394e-14,6.274048432e-14,1.443996907e-13,5.892911468e-14,7.944382482e-14,1.989140385e-13,1.557034396e-13,2.90661462e-13,5.589452999e-14,2.416695648e-13,7.862886694e-14
147.7421875,4.433094608e-13,3.298793614e-13,3.009878861e-13,3.567900268e-13,4.520722832e-13,1.357129861e-13,4.666041381e-14,1.456127926e-13,5.836745337e-14,8.51736014e-14,1.512572805e-13,1.50835561e-13,1.996136693e-13,3.565737133e-13,3.820069828e-13,4.1676532e-13,3.725527431e-13,6.391286379e-13,1.42012797e-13,2.337203109e-13,1.795637026e-13,7.585963037e-14,6.287570717e-14,1.439442084e-13,5.938040196e-14,8.022488272e-14,1.998891984e-13,1.550260621e-13,2.947218413e-13,5.671491276e-14,2.406420043e-13,7.934049719e-14
147.75,4.400616359e-13,3.269555285e-13,3.017357079e-13,3.540770182e-13,4.44168981e-13,1.342936692e-13,4.760015758e-14,1.455950632e-13,5.742149205e-14,8.55979737e-14,1.480037438e-13,1.509862655e-13,2.003338651e-13,3.519307797e-13,3.799114783e-13,4.160743042e-13,3.709531166e-13,6.355563641e-13,1.413681585e-13,2.33085495e-13,1.769362689e-13,7.409575102e-14,6.303420985e-14,1.433973996e-13,5.983252365e-14,8.105725656e-14,2.008759395e-13,1.543458842e-13,2.988857206e-13,5.752079419e-14,2.392395325e-13,8.006019448e-14
147.7578125,4.370191359e-13,3.244031939e-13,3.027748084e-13,3.513443259e-13,4.362805904e-13,1.329941778e-13,4.859205791e-14,1.456005605e-13,5.641918496e-14,8.599447686e-14,1.450006442e-13,1.510943501e-13,2.01242926e-13,3.470983663e-13,3.779016008e-13,4.155933763e-13,3.694546054e-13,6.321550748e-13,1.407427646e-13,2.325772101e-13,1.743330359e-13,7.229003248e-14,6.325148434e-14,1.428333472e-13,6.032358592e-14,8.191263738e-14,2.018052552e-13,1.538121302e-13,3.034289952e-13,5.829007611e-14,2.376627479e-13,8.080085375e-14
147.765625,4.341865818e-13,3.220839467e-13,3.041275492e-13,3.488357429e-13,4.286436857e-13,1.318838152e-13,4.963645853e-14,1.455728124e-13,5.551919053e-14,8.638696459e-14,1.422179147e-13,1.513604821e-13,2.023416071e-13,3.423879072e-13,3.75964775e-13,4.151791735e-13,3.679637082e-13,6.288488105e-13,1.402146828e-13,2.323424821e-13,1.716874781e-13,7.057999873e-14,6.349603718e-14,1.423581098e-13,6.083114429e-14,8.273487322e-14,2.026906234e-13,1.534488177e-13,3.084369068e-13,5.905017607e-14,2.363152139e-13,8.14991209e-14
147.7734375,4.313284708e-13,3.197123269e-13,3.055461567e-13,3.463587363e-13,4.211129345e-13,1.308039805e-13,5.069311099e-14,1.454361099e-13,5.467754655e-14,8.678001469e-14,1.395523027e-13,1.51698541e-13,2.034667481e-13,3.377799584e-13,3.74079131e-13,4.148081177e-13,3.664040144e-13,6.253865754e-13,1.396521252e-13,2.323725543e-13,1.690222744e-13,6.894260413e-14,6.373220993e-14,1.419353618e-13,6.133519929e-14,8.356398062e-14,2.037192505e-13,1.530331044e-13,3.138217464e-13,5.981758488e-14,2.350583943e-13,8.213750713e-14
147.78125,4.285105824e-13,3.172943864e-13,3.070165679e-13,3.439329255e-13,4.137073307e-13,1.296805452e-13,5.174180864e-14,1.453409971e-13,5.381445789e-14,8.715839767e-14,1.370374531e-13,1.520305889e-13,2.046379579e-13,3.331844211e-13,3.723860229e-13,4.14755199e-13,3.648836948e-13,6.218814452e-13,1.390538188e-13,2.324651655e-13,1.66424579e-13,6.730786511e-14,6.397495646e-14,1.414826369e-13,6.186982363e-14,8.444688466e-14,2.049568845e-13,1.525064301e-13,3.195544562e-13,6.057807854e-14,2.336604558e-13,8.276181114e-14
147.7890625,4.26179661e-13,3.15092184e-13,3.087552179e-13,3.416341927e-13,4.065738739e-13,1.286145497e-13,5.282346186e-14,1.453290139e-13,5.295257517e-14,8.751418561e-14,1.347281183e-13,1.52410194e-13,2.059074897e-13,3.287272679e-13,3.709535017e-13,4.150699163e-13,3.63496052e-13,6.186008934e-13,1.38499615e-13,2.326420409e-13,1.638836174e-13,6.568736835e-14,6.423154689e-14,1.410003807e-13,6.243855112e-14,8.539226727e-14,2.062392299e-13,1.52096491e-13,3.255462476e-13,6.133393002e-14,2.322190777e-13,8.339874494e-14
147.796875,4.240722131e-13,3.132312797e-13,3.107646693e-13,3.391258275e-13,3.993335254e-13,1.276282353e-13,5.397307695e-14,1.452359747e-13,5.208320104e-14,8.783363188e-14,1.325456892e-13,1.527571204e-13,2.071957479e-13,3.242615216e-13,3.695421833e-13,4.154134855e-13,3.620831472e-13,6.152574607e-13,1.378712349e-13,2.330809354e-13,1.613349671e-13,6.406399102e-14,6.449509251e-14,1.405120941e-13,6.30060213e-14,8.641896769e-14,2.074958936e-13,1.518261791e-13,3.31696192e-13,6.209648107e-14,2.307740375e-13,8.406380832e-14
147.8046875,4.214586369e-13,3.11316954e-13,3.129357277e-13,3.362729186e-13,3.917035537e-13,1.266835536e-13,5.517010608e-14,1.450490154e-13,5.118999294e-14,8.810105881e-14,1.304839848e-13,1.529932122e-13,2.084832403e-13,3.195442194e-13,3.679252382e-13,4.155429374e-13,3.604144748e-13,6.114595151e-13,1.370515379e-13,2.337269426e-13,1.587794737e-13,6.240835007e-14,6.479276626e-14,1.399744168e-13,6.357841794e-14,8.747902133e-14,2.087957818e-13,1.514111549e-13,3.381079825e-13,6.285086769e-14,2.292997268e-13,8.475813416e-14
147.8125,4.185158451e-13,3.090830532e-13,3.153966544e-13,3.333685819e-13,3.841117264e-13,1.257602066e-13,5.639180654e-14,1.448578994e-13,5.030064778e-14,8.832625223e-14,1.286958852e-13,1.532348398e-13,2.098069563e-13,3.147553706e-13,3.662505398e-13,4.155702205e-13,3.584787384e-13,6.074165904e-13,1.361327974e-13,2.344363041e-13,1.562205829e-13,6.075646349e-14,6.514405004e-14,1.393322626e-13,6.41782606e-14,8.85284182e-14,2.101661253e-13,1.508009453e-13,3.449288543e-13,6.358837447e-14,2.278554525e-13,8.546987271e-14
147.8203125,4.15844776e-13,3.07002674e-13,3.182684433e-13,3.305280041e-13,3.767586935e-13,1.247717611e-13,5.764493174e-14,1.446827563e-13,4.941721051e-14,8.853398086e-14,1.272127862e-13,1.535374267e-13,2.111154101e-13,3.100318803e-13,3.647860257e-13,4.157812936e-13,3.565043159e-13,6.034162918e-13,1.352029918e-13,2.35263707e-13,1.536636172e-13,5.913560768e-14,6.552208822e-14,1.386599054e-13,6.479729368e-14,8.963585867e-14,2.116585775e-13,1.502244872e-13,3.521860052e-13,6.432986636e-14,2.263960416e-13,8.619604411e-14
147.828125,4.133960485e-13,3.052356343e-13,3.213336033e-13,3.27689281e-13,3.694467808e-13,1.237319543e-13,5.893627679e-14,1.445683705e-13,4.855296147e-14,8.87623837e-14,1.258540201e-13,1.538134556e-13,2.123775255e-13,3.052649943e-13,3.635297646e-13,4.163243443e-13,3.547273195e-13,5.994660765e-13,1.342275153e-13,2.36308014e-13,1.511891124e-13,5.754068496e-14,6.589578445e-14,1.380984421e-13,6.543310918e-14,9.079332333e-14,2.133077453e-13,1.497470424e-13,3.598121941e-13,6.507884226e-14,2.248888862e-13,8.689234732e-14
147.8359375,4.110600177e-13,3.033434885e-13,3.243903312e-13,3.249005028e-13,3.623443895e-13,1.227900496e-13,6.026029278e-14,1.445120771e-13,4.773261117e-14,8.904555865e-14,1.245271166e-13,1.540391587e-13,2.136437522e-13,3.005211769e-13,3.624091554e-13,4.171569033e-13,3.531543673e-13,5.956567637e-13,1.33186864e-13,2.375834954e-13,1.488178133e-13,5.596406386e-14,6.624134305e-14,1.376321837e-13,6.608348758e-14,9.190201862e-14,2.150010941e-13,1.493627781e-13,3.675342895e-13,6.580359595e-14,2.23404715e-13,8.751086696e-14
147.84375,4.090785979e-13,3.015591353e-13,3.275360625e-13,3.221586424e-13,3.554984123e-13,1.219121102e-13,6.160560934e-14,1.444180791e-13,4.692489051e-14,8.934536873e-14,1.233478846e-13,1.542477461e-13,2.149445863e-13,2.958651485e-13,3.614774033e-13,4.182494362e-13,3.516402183e-13,5.919938223e-13,1.320968509e-13,2.390315492e-13,1.464266936e-13,5.439257587e-14,6.655219295e-14,1.371693953e-13,6.672189366e-14,9.299065466e-14,2.166864608e-13,1.491468539e-13,3.751513711e-13,6.648048318e-14,2.219174424e-13,8.809545776e-14
147.8515625,4.074028632e-13,3.002809233e-13,3.308093195e-13,3.193956013e-13,3.485532531e-13,1.210119463e-13,6.2969486e-14,1.442867406e-13,4.612269588e-14,8.960196434e-14,1.223767782e-13,1.544453295e-13,2.163055773e-13,2.912475308e-13,3.606613832e-13,4.195549636e-13,3.501625382e-13,5.882679573e-13,1.309501298e-13,2.404895101e-13,1.43952052e-13,5.285106985e-14,6.687153906e-14,1.367340308e-13,6.735794481e-14,9.41081716e-14,2.184662766e-13,1.489673465e-13,3.829758245e-13,6.71204355e-14,2.204615691e-13,8.869630127e-14
147.859375,4.057381612e-13,2.990714336e-13,3.341383123e-13,3.166901147e-13,3.415766261e-13,1.202475805e-13,6.436860378e-14,1.441671439e-13,4.535030793e-14,8.983927265e-14,1.215606583e-13,1.546370379e-13,2.177834998e-13,2.867887738e-13,3.59913107e-13,4.209982154e-13,3.488162416e-13,5.84517783e-13,1.297787507e-13,2.419487299e-13,1.414788243e-13,5.136860479e-14,6.723295753e-14,1.363084059e-13,6.804433273e-14,9.522692115e-14,2.203708358e-13,1.486500234e-13,3.912862203e-13,6.77572995e-14,2.191757615e-13,8.929687978e-14
147.8671875,4.040816653e-13,2.978735154e-13,3.376240443e-13,3.141287531e-13,3.348303673e-13,1.196889446e-13,6.580856533e-14,1.440112984e-13,4.458141122e-14,9.008478345e-14,1.209428192e-13,1.548359797e-13,2.193961199e-13,2.82540156e-13,3.594520002e-13,4.226616093e-13,3.475739527e-13,5.809486078e-13,1.286607177e-13,2.436571737e-13,1.390807136e-13,4.990583573e-14,6.761213342e-14,1.357879771e-13,6.878333358e-14,9.640491234e-14,2.223498983e-13,1.483609259e-13,3.998395166e-13,6.841453391e-14,2.179883047e-13,8.987278111e-14
147.875,4.026332455e-13,2.972010482e-13,3.413326751e-13,3.115793334e-13,3.282205772e-13,1.191495676e-13,6.726497459e-14,1.437897615e-13,4.382515484e-14,9.029768145e-14,1.205599946e-13,1.550676147e-13,2.210960653e-13,2.783735139e-13,3.592768239e-13,4.245582301e-13,3.463095177e-13,5.775476703e-13,1.275941732e-13,2.456701936e-13,1.367534569e-13,4.845110351e-14,6.798921329e-14,1.352076257e-13,6.952987447e-14,9.768517512e-14,2.243766357e-13,1.482582403e-13,4.085249606e-13,6.907644213e-14,2.16785303e-13,9.039671037e-14
147.8828125,4.015120556e-13,2.967439495e-13,3.451597499e-13,3.08899785e-13,3.218121453e-13,1.185724293e-13,6.872252218e-14,1.435527184e-13,4.311406773e-14,9.047351527e-14,1.202828121e-13,1.553182865e-13,2.228431377e-13,2.743210145e-13,3.591469956e-13,4.265299144e-13,3.45075968e-13,5.742722779e-13,1.265025031e-13,2.477843786e-13,1.344625767e-13,4.704016376e-14,6.836791005e-14,1.346375558e-13,7.029215268e-14,9.897640102e-14,2.264617029e-13,1.481835232e-13,4.175163508e-13,6.971022856e-14,2.156080707e-13,9.08699342e-14
147.890625,4.006493868e-13,2.961055406e-13,3.490684741e-13,3.061807761e-13,3.156895826e-13,1.180491619e-13,7.020033257e-14,1.433442811e-13,4.237580519e-14,9.067053575e-14,1.200460176e-13,1.55479576e-13,2.246536188e-13,2.703974307e-13,3.591996722e-13,4.287174177e-13,3.440947808e-13,5.711343268e-13,1.253596693e-13,2.499155746e-13,1.321656149e-13,4.563318339e-14,6.875612974e-14,1.340354774e-13,7.112846392e-14,1.002661829e-13,2.287221535e-13,1.480274346e-13,4.266710976e-13,7.030144762e-14,2.144077352e-13,9.13457277e-14
147.8984375,3.998918458e-13,2.957572077e-13,3.530191652e-13,3.035618088e-13,3.095180336e-13,1.175850173e-13,7.172726888e-14,1.431831976e-13,4.158090984e-14,9.092150567e-14,1.199259707e-13,1.555089705e-13,2.265434028e-13,2.664637138e-13,3.59628007e-13,4.313668548e-13,3.434144231e-13,5.680281148e-13,1.241947752e-13,2.521155523e-13,1.298595944e-13,4.420054563e-14,6.917143109e-14,1.334386015e-13,7.204153413e-14,1.016007969e-13,2.311837996e-13,1.479261239e-13,4.35766417e-13,7.084195303e-14,2.131630487e-13,9.179790261e-14
147.90625,3.992574128e-13,2.958130482e-13,3.56929719e-13,3.010587255e-13,3.032528233e-13,1.171696245e-13,7.330259205e-14,1.430462293e-13,4.082790169e-14,9.120474111e-14,1.199356156e-13,1.554987656e-13,2.284841965e-13,2.625612726e-13,3.602406623e-13,4.34286111e-13,3.428374218e-13,5.648823948e-13,1.230297573e-13,2.544812167e-13,1.275868829e-13,4.280873506e-14,6.959461937e-14,1.32905115e-13,7.296243526e-14,1.028980744e-13,2.335800426e-13,1.479864139e-13,4.449111135e-13,7.133198636e-14,2.11997034e-13,9.214576079e-14
147.9140625,3.988031973e-13,2.958657789e-13,3.608900428e-13,2.986701736e-13,2.972050047e-13,1.168146398e-13,7.48903974e-14,1.428867677e-13,4.011179281e-14,9.145893121e-14,1.200722103e-13,1.554531809e-13,2.304928558e-13,2.587823921e-13,3.609623442e-13,4.373053174e-13,3.42235106e-13,5.617580325e-13,1.218631809e-13,2.570557113e-13,1.253632055e-13,4.145883225e-14,6.998668468e-14,1.323190071e-13,7.385959564e-14,1.041243802e-13,2.358019081e-13,1.481254489e-13,4.542722961e-13,7.181122788e-14,2.108390597e-13,9.243671136e-14
147.921875,3.984540309e-13,2.960573338e-13,3.6501272e-13,2.964443761e-13,2.912835223e-13,1.165464203e-13,7.64791606e-14,1.42724448e-13,3.934716345e-14,9.164247786e-14,1.203947226e-13,1.553130021e-13,2.32664513e-13,2.550979349e-13,3.619373793e-13,4.406745083e-13,3.41744305e-13,5.587254792e-13,1.206776407e-13,2.596879277e-13,1.23184158e-13,4.009185537e-14,7.037736149e-14,1.316196791e-13,7.478024642e-14,1.053918078e-13,2.381160556e-13,1.482502749e-13,4.639254464e-13,7.231906156e-14,2.096022497e-13,9.275059243e-14
147.9296875,3.983027318e-13,2.96664654e-13,3.692544803e-13,2.944118275e-13,2.853815196e-13,1.164162223e-13,7.809688899e-14,1.426026243e-13,3.859312161e-14,9.178276534e-14,1.208884581e-13,1.551703793e-13,2.350159721e-13,2.516138124e-13,3.631725148e-13,4.445637884e-13,3.415683035e-13,5.558606954e-13,1.194778307e-13,2.624161854e-13,1.210563452e-13,3.874886822e-14,7.079667496e-14,1.309163368e-13,7.57491858e-14,1.067377945e-13,2.406473902e-13,1.484255438e-13,4.738164468e-13,7.283593239e-14,2.084895286e-13,9.304209146e-14
147.9375,3.985125356e-13,2.97545545e-13,3.735399351e-13,2.925163557e-13,2.797011152e-13,1.163284716e-13,7.972986217e-14,1.42512506e-13,3.79216946e-14,9.190188586e-14,1.214711874e-13,1.550766197e-13,2.374159415e-13,2.483721807e-13,3.646637152e-13,4.488613647e-13,3.416461755e-13,5.531455673e-13,1.182701297e-13,2.655847226e-13,1.189490046e-13,3.747291757e-14,7.121378824e-14,1.302525401e-13,7.672172507e-14,1.081096527e-13,2.432730761e-13,1.486893765e-13,4.837386965e-13,7.332299424e-14,2.075412747e-13,9.325823039e-14
147.9453125,3.989410391e-13,2.985525989e-13,3.778198747e-13,2.906936435e-13,2.741395371e-13,1.161859692e-13,8.134112786e-14,1.42470883e-13,3.725446538e-14,9.199409341e-14,1.221111186e-13,1.548846342e-13,2.397852167e-13,2.451799504e-13,3.664635425e-13,4.534853938e-13,3.417862506e-13,5.504504903e-13,1.170109741e-13,2.691356372e-13,1.168250966e-13,3.621317924e-14,7.163424822e-14,1.296106991e-13,7.767857576e-14,1.09486143e-13,2.459038817e-13,1.489122452e-13,4.936873878e-13,7.377368087e-14,2.065402377e-13,9.342250709e-14
147.953125,3.994580378e-13,2.996377512e-13,3.821430483e-13,2.88980588e-13,2.684850839e-13,1.161548068e-13,8.295802717e-14,1.42528668e-13,3.653751656e-14,9.211868984e-14,1.228631024e-13,1.545608152e-13,2.422139528e-13,2.42034326e-13,3.685655753e-13,4.584733278e-13,3.420704186e-13,5.478361752e-13,1.156972345e-13,2.726633336e-13,1.147312571e-13,3.495408686e-14,7.206777377e-14,1.290259156e-13,7.866111318e-14,1.108402587e-13,2.484489365e-13,1.490785362e-13,5.0382741e-13,7.42001705e-14,2.055112548e-13,9.355068481e-14
147.9609375,4.001136009e-13,3.008670521e-13,3.865390523e-13,2.87344654e-13,2.628637977e-13,1.162545995e-13,8.459967892e-14,1.426628291e-13,3.583703606e-14,9.234209647e-14,1.237996518e-13,1.542220363e-13,2.447395603e-13,2.390139067e-13,3.709229769e-13,4.638425481e-13,3.425827342e-13,5.454194267e-13,1.143848717e-13,2.761400231e-13,1.127346297e-13,3.372420194e-14,7.245020986e-14,1.285149307e-13,7.967331313e-14,1.121457733e-13,2.509270816e-13,1.493544933e-13,5.140480775e-13,7.462032188e-14,2.045774196e-13,9.362735734e-14
147.96875,4.008159902e-13,3.023887472e-13,3.907822865e-13,2.856962409e-13,2.573332175e-13,1.16250131e-13,8.623804125e-14,1.428044834e-13,3.518756733e-14,9.260654457e-14,1.248286163e-13,1.538162987e-13,2.472716016e-13,2.359974323e-13,3.734370757e-13,4.695253094e-13,3.430980226e-13,5.430193135e-13,1.130469527e-13,2.796823092e-13,1.108177251e-13,3.250416357e-14,7.276949356e-14,1.280536178e-13,8.067636096e-14,1.134259571e-13,2.535371443e-13,1.497306399e-13,5.241356758e-13,7.503713442e-14,2.03639848e-13,9.364573276e-14
147.9765625,4.01557015e-13,3.04025731e-13,3.948584173e-13,2.842068891e-13,2.519378318e-13,1.162607257e-13,8.7912388e-14,1.429321465e-13,3.454747848e-14,9.282369255e-14,1.258051901e-13,1.53268312e-13,2.498856486e-13,2.331558307e-13,3.761820943e-13,4.755028623e-13,3.43663404e-13,5.405730229e-13,1.116677012e-13,2.831950601e-13,1.089264525e-13,3.12910738e-14,7.310839217e-14,1.275758502e-13,8.171015697e-14,1.147092362e-13,2.563019843e-13,1.500448456e-13,5.341357624e-13,7.542178249e-14,2.026836394e-13,9.36147908e-14
147.984375,4.025241051e-13,3.056393902e-13,3.99149265e-13,2.830006032e-13,2.469048444e-13,1.165410232e-13,8.965175904e-14,1.430590802e-13,3.390828299e-14,9.301392404e-14,1.268568606e-13,1.527145671e-13,2.527360136e-13,2.308065045e-13,3.793833326e-13,4.817979629e-13,3.445940528e-13,5.383588064e-13,1.103740983e-13,2.867524215e-13,1.070592361e-13,3.013368647e-14,7.350948815e-14,1.269823068e-13,8.284630116e-14,1.16033058e-13,2.591178815e-13,1.50316966e-13,5.442449304e-13,7.577040506e-14,2.018581493e-13,9.354047891e-14
147.9921875,4.036448672e-13,3.075885185e-13,4.036081875e-13,2.81816788e-13,2.420659686e-13,1.168993871e-13,9.134140475e-14,1.432050283e-13,3.331349712e-14,9.322759221e-14,1.28135568e-13,1.522076067e-13,2.556622934e-13,2.28658729e-13,3.828684784e-13,4.883081243e-13,3.456806422e-13,5.363589419e-13,1.092060647e-13,2.905981046e-13,1.052540374e-13,2.903983666e-14,7.394117126e-14,1.263041392e-13,8.402064679e-14,1.174486045e-13,2.62018972e-13,1.506601696e-13,5.545731344e-13,7.612471367e-14,2.011243311e-13,9.342149008e-14
148,4.047955587e-13,3.099366929e-13,4.078890992e-13,2.805905896e-13,2.370547818e-13,1.171568622e-13,9.292729759e-14,1.433782594e-13,3.276835843e-14,9.344954179e-14,1.294798645e-13,1.516140643e-13,2.584611638e-13,2.263484748e-13,3.863463546e-13,4.950246079e-13,3.4663306e-13,5.342986281e-13,1.080209848e-13,2.947056952e-13,1.035195823e-13,2.796611682e-14,7.434308428e-14,1.256918176e-13,8.51335462e-14,1.189215296e-13,2.649585329e-13,1.510540286e-13,5.649813265e-13,7.649010165e-14,2.003364345e-13,9.32651209e-14
148.0078125,4.060806089e-13,3.12196891e-13,4.12173805e-13,2.795637928e-13,2.320400048e-13,1.174512855e-13,9.45339809e-14,1.435701095e-13,3.223167709e-14,9.366941422e-14,1.307692717e-13,1.509188514e-13,2.612490803e-13,2.240821374e-13,3.899549518e-13,5.020773783e-13,3.4772193e-13,5.322111291e-13,1.067428207e-13,2.988004263e-13,1.018283028e-13,2.688513748e-14,7.467940071e-14,1.251752212e-13,8.623503158e-14,1.20346006e-13,2.678474163e-13,1.514493035e-13,5.752363278e-13,7.682643336e-14,1.99561257e-13,9.306069727e-14
148.015625,4.073321416e-13,3.142859689e-13,4.166190741e-13,2.787007158e-13,2.272445915e-13,1.177931971e-13,9.620778758e-14,1.438155819e-13,3.170614491e-14,9.391642895e-14,1.321205135e-13,1.501819334e-13,2.640867437e-13,2.219540365e-13,3.937631659e-13,5.093634358e-13,3.490288177e-13,5.301192232e-13,1.054118892e-13,3.027657545e-13,1.00189672e-13,2.58028256e-14,7.498756691e-14,1.246845633e-13,8.73874491e-14,1.21704002e-13,2.707876761e-13,1.518581264e-13,5.853413089e-13,7.712584923e-14,1.989095664e-13,9.277142077e-14
148.0234375,4.083232598e-13,3.165758842e-13,4.209223334e-13,2.779080734e-13,2.225715606e-13,1.180974895e-13,9.785990479e-14,1.441604802e-13,3.123201213e-14,9.417929711e-14,1.335665112e-13,1.49381898e-13,2.668670406e-13,2.198009087e-13,3.977396632e-13,5.168665138e-13,3.503332117e-13,5.279586474e-13,1.040851e-13,3.068041765e-13,9.86502566e-14,2.474687549e-14,7.529615372e-14,1.242072456e-13,8.854598063e-14,1.23070853e-13,2.737761564e-13,1.522725241e-13,5.953907337e-13,7.741503183e-14,1.98296531e-13,9.240757241e-14
148.03125,4.09373774e-13,3.192167288e-13,4.250449635e-13,2.773229201e-13,2.181050897e-13,1.184334641e-13,9.948100475e-14,1.445472028e-13,3.079799263e-14,9.441541763e-14,1.350444673e-13,1.485511889e-13,2.696728546e-13,2.178194411e-13,4.021899283e-13,5.248767238e-13,3.518279651e-13,5.260974375e-13,1.02851261e-13,3.110118229e-13,9.719179025e-14,2.374387658e-14,7.556822338e-14,1.237041008e-13,8.971362395e-14,1.244457202e-13,2.766466359e-13,1.526992329e-13,6.052831361e-13,7.770987918e-14,1.976726638e-13,9.200070019e-14
148.0390625,4.106618483e-13,3.221292675e-13,4.290826382e-13,2.769176541e-13,2.138684518e-13,1.188713074e-13,1.011212013e-13,1.449115844e-13,3.036354592e-14,9.463090337e-14,1.365245992e-13,1.477080238e-13,2.725618114e-13,2.161887241e-13,4.070738799e-13,5.332290536e-13,3.53646461e-13,5.247073321e-13,1.017224856e-13,3.151124747e-13,9.574472652e-14,2.278686329e-14,7.580472134e-14,1.230773882e-13,9.093122954e-14,1.257347156e-13,2.79396295e-13,1.531710378e-13,6.148056712e-13,7.799720115e-14,1.971118481e-13,9.152182153e-14
148.046875,4.118632575e-13,3.251429642e-13,4.328185059e-13,2.765207143e-13,2.095576191e-13,1.19395985e-13,1.027500571e-13,1.453101169e-13,2.992450434e-14,9.4846248e-14,1.379312568e-13,1.46724976e-13,2.753523717e-13,2.146468449e-13,4.118542177e-13,5.414437129e-13,3.554519319e-13,5.232057911e-13,1.005498347e-13,3.190038767e-13,9.430531711e-14,2.183875986e-14,7.604486205e-14,1.223621188e-13,9.21311938e-14,1.269357086e-13,2.820737039e-13,1.536114374e-13,6.238791478e-13,7.823831695e-14,1.96525304e-13,9.09725129e-14
148.0546875,4.130784245e-13,3.280646071e-13,4.363192083e-13,2.760856224e-13,2.052185198e-13,1.198988637e-13,1.043080224e-13,1.457937486e-13,2.949067737e-14,9.505203798e-14,1.392644802e-13,1.455759226e-13,2.780236074e-13,2.130486111e-13,4.165154046e-13,5.49642167e-13,3.57134132e-13,5.213523434e-13,9.925118833e-14,3.229639074e-13,9.291592614e-14,2.087472098e-14,7.627952964e-14,1.217317559e-13,9.325864799e-14,1.281541604e-13,2.846804395e-13,1.539305795e-13,6.327662102e-13,7.84242851e-14,1.958064804e-13,9.042080301e-14
148.0625,4.146409844e-13,3.309563345e-13,4.399130968e-13,2.756679451e-13,2.011536663e-13,1.202804541e-13,1.05812729e-13,1.463366708e-13,2.907809028e-14,9.527957786e-14,1.406347093e-13,1.444102145e-13,2.807426881e-13,2.115549869e-13,4.214729182e-13,5.582057677e-13,3.589192954e-13,5.196223085e-13,9.793222844e-14,3.271060696e-13,9.157854741e-14,1.991748875e-14,7.649303449e-14,1.212493116e-13,9.438269276e-14,1.294177665e-13,2.873131698e-13,1.542227291e-13,6.417605412e-13,7.859914937e-14,1.95138163e-13,8.984518797e-14
148.0703125,4.161898569e-13,3.340362963e-13,4.434562744e-13,2.754468228e-13,1.972459962e-13,1.206839816e-13,1.073459066e-13,1.469240785e-13,2.872538541e-14,9.560452114e-14,1.419864417e-13,1.432827173e-13,2.835427606e-13,2.102707205e-13,4.268096465e-13,5.67180882e-13,3.609104217e-13,5.181750651e-13,9.667757133e-14,3.313031127e-13,9.029194375e-14,1.901095063e-14,7.669229038e-14,1.208079102e-13,9.555493046e-14,1.306800939e-13,2.899869198e-13,1.546126936e-13,6.506446497e-13,7.87716135e-14,1.946421971e-13,8.916296206e-14
148.078125,4.174127534e-13,3.372862286e-13,4.466332653e-13,2.754610997e-13,1.933538694e-13,1.212217846e-13,1.089160625e-13,1.475385639e-13,2.844137963e-14,9.601451391e-14,1.431979298e-13,1.421230443e-13,2.864101069e-13,2.092075756e-13,4.323556958e-13,5.764880651e-13,3.630602886e-13,5.168033719e-13,9.545274949e-14,3.354733517e-13,8.908999694e-14,1.815594495e-14,7.688127872e-14,1.203230621e-13,9.674857127e-14,1.31951718e-13,2.925808426e-13,1.550761989e-13,6.590846824e-13,7.890274807e-14,1.941317756e-13,8.841089692e-14
148.0859375,4.18728503e-13,3.40562999e-13,4.494983997e-13,2.754688851e-13,1.896252065e-13,1.217472265e-13,1.104248829e-13,1.481657978e-13,2.817954019e-14,9.640679507e-14,1.443613804e-13,1.408748001e-13,2.893338707e-13,2.08327267e-13,4.380047292e-13,5.860782362e-13,3.653023517e-13,5.154870346e-13,9.422749596e-14,3.396237065e-13,8.798000551e-14,1.732027121e-14,7.70884236e-14,1.197866294e-13,9.794297052e-14,1.332720679e-13,2.951120656e-13,1.555407966e-13,6.671440001e-13,7.9013131e-14,1.934924456e-13,8.768205342e-14
148.09375,4.203056351e-13,3.44000664e-13,4.522592936e-13,2.755314444e-13,1.860366623e-13,1.223107527e-13,1.118710658e-13,1.488535356e-13,2.790457128e-14,9.676530453e-14,1.455490175e-13,1.39533545e-13,2.922251731e-13,2.075962261e-13,4.439189443e-13,5.960859276e-13,3.677707599e-13,5.142703211e-13,9.302796426e-14,3.439350152e-13,8.692416758e-14,1.65031068e-14,7.733616181e-14,1.191848161e-13,9.915340227e-14,1.346604285e-13,2.976956823e-13,1.559764158e-13,6.748966615e-13,7.914829179e-14,1.928229206e-13,8.696468213e-14
148.1015625,4.218052937e-13,3.478630455e-13,4.550579579e-13,2.759529584e-13,1.82476027e-13,1.230895433e-13,1.133449518e-13,1.496209649e-13,2.76279729e-14,9.716453871e-14,1.466515026e-13,1.381493565e-13,2.950921425e-13,2.070573908e-13,4.50314884e-13,6.06699341e-13,3.706805395e-13,5.132154903e-13,9.186277407e-14,3.485634219e-13,8.589955054e-14,1.571734363e-14,7.758601162e-14,1.18554635e-13,1.003955738e-13,1.360924678e-13,3.00345997e-13,1.56375728e-13,6.823533328e-13,7.925523867e-14,1.922230379e-13,8.618354025e-14
148.109375,4.231516424e-13,3.519082293e-13,4.578587882e-13,2.76542846e-13,1.789511696e-13,1.238814432e-13,1.147723582e-13,1.504360966e-13,2.737367854e-14,9.759130907e-14,1.476728458e-13,1.367229473e-13,2.979640795e-13,2.06567953e-13,4.568329914e-13,6.175739381e-13,3.73748677e-13,5.122967934e-13,9.065205215e-14,3.53279331e-13,8.491090848e-14,1.494575492e-14,7.779837954e-14,1.180045262e-13,1.016217196e-13,1.374486174e-13,3.029890303e-13,1.5666577e-13,6.896396416e-13,7.925502784e-14,1.917102075e-13,8.531329845e-14
148.1171875,4.243732137e-13,3.555510848e-13,4.603667678e-13,2.769076539e-13,1.753625022e-13,1.244792994e-13,1.160406111e-13,1.513167663e-13,2.715867922e-14,9.798742406e-14,1.486997345e-13,1.351743498e-13,3.006687414e-13,2.05859643e-13,4.62936673e-13,6.282024916e-13,3.76472467e-13,5.1117238e-13,8.929965081e-14,3.578258248e-13,8.395909528e-14,1.418445778e-14,7.797460703e-14,1.175623469e-13,1.027424815e-13,1.386532295e-13,3.055389207e-13,1.56725699e-13,6.965120755e-13,7.917667908e-14,1.912030639e-13,8.43867447e-14
148.125,4.254030567e-13,3.589539428e-13,4.623596291e-13,2.771189996e-13,1.717660637e-13,1.25002796e-13,1.172224594e-13,1.522475013e-13,2.700103146e-14,9.838903757e-14,1.496303281e-13,1.335395243e-13,3.031755443e-13,2.050792998e-13,4.687502316e-13,6.386378304e-13,3.788357065e-13,5.09805139e-13,8.788314808e-14,3.622051609e-13,8.304966604e-14,1.346633882e-14,7.811032148e-14,1.171669148e-13,1.037566168e-13,1.397875028e-13,3.079825863e-13,1.566868406e-13,7.02481342e-13,7.909798465e-14,1.906657693e-13,8.341754878e-14
148.1328125,4.264563342e-13,3.628951744e-13,4.639313332e-13,2.774827992e-13,1.684747201e-13,1.255086218e-13,1.183496999e-13,1.531458906e-13,2.690291955e-14,9.881965394e-14,1.503937235e-13,1.31940378e-13,3.057858833e-13,2.046101063e-13,4.746424783e-13,6.491678854e-13,3.810937628e-13,5.087128951e-13,8.658705715e-14,3.662914424e-13,8.219625419e-14,1.279964836e-14,7.817779173e-14,1.168128753e-13,1.047371392e-13,1.408856101e-13,3.103773406e-13,1.568342999e-13,7.076484325e-13,7.903809403e-14,1.902311684e-13,8.236468784e-14
148.140625,4.276763052e-13,3.673894061e-13,4.652648887e-13,2.781142653e-13,1.654275534e-13,1.260252621e-13,1.193608645e-13,1.540524239e-13,2.683188231e-14,9.923910627e-14,1.511132473e-13,1.303602125e-13,3.086125087e-13,2.044728609e-13,4.807563375e-13,6.600840078e-13,3.835202576e-13,5.080104199e-13,8.539311513e-14,3.700140945e-13,8.138618779e-14,1.215599917e-14,7.816560206e-14,1.165296307e-13,1.05706807e-13,1.419077319e-13,3.127824652e-13,1.570660096e-13,7.125152377e-13,7.896902336e-14,1.899131078e-13,8.122606287e-14
148.1484375,4.288133822e-13,3.718097802e-13,4.664407149e-13,2.788803818e-13,1.623399325e-13,1.266880126e-13,1.203386907e-13,1.550772641e-13,2.676532658e-14,9.967432595e-14,1.517907227e-13,1.287309319e-13,3.114310098e-13,2.044716772e-13,4.872095844e-13,6.716308199e-13,3.863769926e-13,5.073439512e-13,8.415429502e-14,3.737784843e-13,8.061070161e-14,1.152418211e-14,7.81184437e-14,1.162782023e-13,1.066656108e-13,1.4294302e-13,3.152716562e-13,1.571210819e-13,7.172544654e-13,7.886658425e-14,1.89527948e-13,8.007921845e-14
148.15625,4.296852695e-13,3.760578441e-13,4.67446295e-13,2.795576172e-13,1.592968088e-13,1.273812354e-13,1.213378429e-13,1.561812477e-13,2.673006258e-14,1.001520272e-13,1.523330867e-13,1.270706466e-13,3.141425377e-13,2.045435789e-13,4.939098412e-13,6.835283612e-13,3.895084265e-13,5.067302134e-13,8.291536057e-14,3.778379471e-13,7.990797835e-14,1.091600784e-14,7.809726776e-14,1.160004732e-13,1.076484856e-13,1.440793115e-13,3.178512979e-13,1.570798022e-13,7.217638985e-13,7.873854578e-14,1.890744036e-13,7.894786656e-14
148.1640625,4.302620502e-13,3.803040358e-13,4.682657977e-13,2.800978454e-13,1.563713144e-13,1.279226291e-13,1.222460003e-13,1.572735227e-13,2.674060547e-14,1.005912991e-13,1.528187087e-13,1.253908548e-13,3.16836525e-13,2.047054562e-13,5.005779097e-13,6.953646726e-13,3.925784931e-13,5.063305228e-13,8.177069471e-14,3.818435659e-13,7.927863248e-14,1.033813228e-14,7.810336599e-14,1.157073738e-13,1.086635429e-13,1.452413961e-13,3.20387224e-13,1.56978686e-13,7.259853709e-13,7.860659366e-14,1.88708611e-13,7.776784436e-14
148.171875,4.307007465e-13,3.844625379e-13,4.689401794e-13,2.806834517e-13,1.534465281e-13,1.284978096e-13,1.23081695e-13,1.58367629e-13,2.676152489e-14,1.00941413e-13,1.532543863e-13,1.23686747e-13,3.195469582e-13,2.050301984e-13,5.072728326e-13,7.072804004e-13,3.957006438e-13,5.06033566e-13,8.065181975e-14,3.855862965e-13,7.865905459e-14,9.792003394e-15,7.810971503e-14,1.154445e-13,1.09670732e-13,1.463554483e-13,3.22792592e-13,1.566881981e-13,7.298598225e-13,7.845201926e-14,1.884075859e-13,7.652012973e-14
148.1796875,4.31450442e-13,3.887081545e-13,4.694290584e-13,2.814747117e-13,1.506522895e-13,1.292494524e-13,1.239548408e-13,1.595070532e-13,2.67876709e-14,1.012545477e-13,1.534751749e-13,1.219785573e-13,3.222868415e-13,2.056112952e-13,5.142333971e-13,7.195225431e-13,3.990720115e-13,5.058588109e-13,7.954901034e-14,3.89331931e-13,7.80665128e-14,9.278957093e-15,7.810889051e-14,1.152312947e-13,1.106472023e-13,1.474242512e-13,3.251496779e-13,1.563918466e-13,7.332985809e-13,7.824454867e-14,1.880678332e-13,7.524110368e-14
148.1875,4.324745181e-13,3.933517485e-13,4.696276402e-13,2.824195166e-13,1.480558332e-13,1.299726232e-13,1.247932696e-13,1.607284895e-13,2.686704981e-14,1.015956087e-13,1.535204285e-13,1.202573229e-13,3.250596383e-13,2.063881344e-13,5.214635973e-13,7.32160387e-13,4.025849013e-13,5.059137487e-13,7.853698751e-14,3.932149017e-13,7.758344105e-14,8.795100387e-15,7.807974411e-14,1.150907443e-13,1.116103213e-13,1.484905594e-13,3.276108682e-13,1.562835352e-13,7.36379455e-13,7.800951094e-14,1.877516177e-13,7.394513811e-14
148.1953125,4.331967252e-13,3.981617747e-13,4.696151234e-13,2.834195809e-13,1.454364244e-13,1.305731262e-13,1.25520313e-13,1.620587641e-13,2.700825903e-14,1.019869664e-13,1.535662105e-13,1.18515195e-13,3.277871571e-13,2.072154928e-13,5.288683869e-13,7.451971582e-13,4.06145512e-13,5.060191629e-13,7.75430464e-14,3.971089901e-13,7.718459186e-14,8.334766187e-15,7.800852831e-14,1.150380265e-13,1.12569546e-13,1.496323831e-13,3.302347164e-13,1.561696497e-13,7.392129061e-13,7.777133572e-14,1.875852831e-13,7.264536086e-14
148.203125,4.336117985e-13,4.027483084e-13,4.694808631e-13,2.845210795e-13,1.428437153e-13,1.31188355e-13,1.26196372e-13,1.634277836e-13,2.716660604e-14,1.023841743e-13,1.535937201e-13,1.167657837e-13,3.304264591e-13,2.080547364e-13,5.363259102e-13,7.582694101e-13,4.096990934e-13,5.060433497e-13,7.649850852e-14,4.009239683e-13,7.680801436e-14,7.89716692e-15,7.792802134e-14,1.149927603e-13,1.135026989e-13,1.508276256e-13,3.328598214e-13,1.559170815e-13,7.415456163e-13,7.750463703e-14,1.875318546e-13,7.136163728e-14
148.2109375,4.339824583e-13,4.071301202e-13,4.690941932e-13,2.856358975e-13,1.40441553e-13,1.318348186e-13,1.268328708e-13,1.647455901e-13,2.733008723e-14,1.027435967e-13,1.535308265e-13,1.149812897e-13,3.329967955e-13,2.089428019e-13,5.436258081e-13,7.709735089e-13,4.13118004e-13,5.061130696e-13,7.548663356e-14,4.044973959e-13,7.648418366e-14,7.482532799e-15,7.786204598e-14,1.148787352e-13,1.14402278e-13,1.519693786e-13,3.353239042e-13,1.55602854e-13,7.431150009e-13,7.720724621e-14,1.874528861e-13,7.009345396e-14
148.21875,4.341269276e-13,4.114539425e-13,4.684790719e-13,2.86494611e-13,1.380581731e-13,1.324337773e-13,1.27396231e-13,1.660430393e-13,2.75235238e-14,1.031056392e-13,1.534003481e-13,1.131673639e-13,3.3548467e-13,2.09930344e-13,5.506392677e-13,7.833637637e-13,4.163658939e-13,5.062437174e-13,7.452521785e-14,4.076410225e-13,7.620066883e-14,7.084229093e-15,7.779056864e-14,1.147858771e-13,1.152795045e-13,1.53053317e-13,3.377082848e-13,1.552299043e-13,7.441720446e-13,7.690364528e-14,1.873737659e-13,6.884153701e-14
148.2265625,4.341439999e-13,4.156936592e-13,4.678788149e-13,2.871864922e-13,1.356409773e-13,1.330061967e-13,1.278958587e-13,1.673708671e-13,2.77438961e-14,1.034936444e-13,1.532082327e-13,1.114018293e-13,3.378565496e-13,2.110356612e-13,5.573851389e-13,7.954870642e-13,4.194625588e-13,5.063157825e-13,7.354505623e-14,4.104609945e-13,7.58727503e-14,6.697626544e-15,7.767248108e-14,1.148172949e-13,1.161060276e-13,1.540886847e-13,3.400610673e-13,1.547980007e-13,7.449627528e-13,7.657950174e-14,1.874110886e-13,6.759847947e-14
148.234375,4.343013494e-13,4.197841304e-13,4.672455945e-13,2.879976641e-13,1.333498187e-13,1.335503251e-13,1.283067564e-13,1.687288014e-13,2.798263627e-14,1.038628651e-13,1.529547267e-13,1.096788603e-13,3.400146976e-13,2.121339004e-13,5.639489816e-13,8.0737105e-13,4.224637721e-13,5.063247176e-13,7.254351055e-14,4.132556772e-13,7.554095997e-14,6.33656964e-15,7.748403668e-14,1.149308357e-13,1.168441784e-13,1.55061281e-13,3.423009922e-13,1.543344659e-13,7.453445899e-13,7.621835931e-14,1.874972594e-13,6.634677525e-14
148.2421875,4.343003992e-13,4.238267593e-13,4.663960776e-13,2.888325119e-13,1.311223689e-13,1.34000169e-13,1.286097576e-13,1.701346757e-13,2.826350024e-14,1.042008904e-13,1.526681588e-13,1.079237863e-13,3.419229637e-13,2.131548143e-13,5.705062846e-13,8.194189274e-13,4.256043774e-13,5.06389693e-13,7.15549037e-14,4.16211357e-13,7.531005793e-14,6.015504494e-15,7.726965297e-14,1.150661543e-13,1.175278128e-13,1.560773503e-13,3.445399991e-13,1.538195114e-13,7.45265904e-13,7.584342334e-14,1.875559075e-13,6.510368515e-14
148.25,4.340612594e-13,4.27979175e-13,4.65452479e-13,2.895569863e-13,1.289297315e-13,1.344290101e-13,1.288770627e-13,1.715436679e-13,2.85788075e-14,1.045195916e-13,1.52351069e-13,1.061540254e-13,3.438576415e-13,2.143445262e-13,5.771974218e-13,8.31773471e-13,4.290748763e-13,5.066842203e-13,7.062896136e-14,4.191748141e-13,7.512902853e-14,5.721889834e-15,7.708788223e-14,1.151786152e-13,1.182314032e-13,1.571407224e-13,3.469422921e-13,1.532795929e-13,7.44840145e-13,7.547843089e-14,1.877113112e-13,6.386736635e-14
148.2578125,4.339035265e-13,4.32139092e-13,4.644515306e-13,2.902487419e-13,1.268691724e-13,1.349650574e-13,1.291477814e-13,1.728772673e-13,2.888758781e-14,1.048231654e-13,1.519835163e-13,1.044033976e-13,3.459728861e-13,2.158237971e-13,5.83872145e-13,8.440248379e-13,4.326742963e-13,5.071680022e-13,6.978286498e-14,4.217379823e-13,7.489447972e-14,5.442252536e-15,7.691343941e-14,1.152122958e-13,1.18958927e-13,1.580573944e-13,3.494187607e-13,1.526953135e-13,7.440862434e-13,7.512369027e-14,1.879768564e-13,6.258920221e-14
148.265625,4.336391687e-13,4.361398978e-13,4.631343564e-13,2.908744255e-13,1.247946385e-13,1.355258967e-13,1.293382322e-13,1.742369575e-13,2.921440572e-14,1.051233149e-13,1.515447665e-13,1.026253666e-13,3.479230055e-13,2.172565138e-13,5.902784888e-13,8.559705226e-13,4.359900865e-13,5.074550366e-13,6.891126225e-14,4.239628808e-13,7.464871307e-14,5.190818353e-15,7.669091414e-14,1.152460982e-13,1.196102748e-13,1.588451968e-13,3.5177322e-13,1.519794641e-13,7.429540774e-13,7.475838134e-14,1.881599008e-13,6.129206267e-14
148.2734375,4.331055728e-13,4.401172674e-13,4.61523654e-13,2.914737252e-13,1.226732834e-13,1.35970977e-13,1.293823216e-13,1.757245976e-13,2.960725803e-14,1.053781296e-13,1.510382384e-13,1.008369279e-13,3.495808094e-13,2.185480778e-13,5.964814774e-13,8.677298719e-13,4.389061168e-13,5.074825538e-13,6.796509824e-14,4.263758671e-13,7.449515102e-14,4.976369694e-15,7.639516698e-14,1.154146225e-13,1.201157101e-13,1.596767382e-13,3.538820961e-13,1.512033946e-13,7.412823002e-13,7.436462186e-14,1.882724598e-13,6.0040009e-14
148.28125,4.326277462e-13,4.442093112e-13,4.599037739e-13,2.921782857e-13,1.208019069e-13,1.363656941e-13,1.293448694e-13,1.772108771e-13,3.004257217e-14,1.055380595e-13,1.504680272e-13,9.915533091e-14,3.513039009e-13,2.200860973e-13,6.026968439e-13,8.793753867e-13,4.416916837e-13,5.07782718e-13,6.707670123e-14,4.28859053e-13,7.444265227e-14,4.787217639e-15,7.60062176e-14,1.156711326e-13,1.205500491e-13,1.604748437e-13,3.558477731e-13,1.504577636e-13,7.389769383e-13,7.395995386e-14,1.885597381e-13,5.8794446e-14
148.2890625,4.321702087e-13,4.483055375e-13,4.581783076e-13,2.92827573e-13,1.191704851e-13,1.368195435e-13,1.292912827e-13,1.786345952e-13,3.048956412e-14,1.056573578e-13,1.497777954e-13,9.759373351e-14,3.531308838e-13,2.219114704e-13,6.088819384e-13,8.909740459e-13,4.445490707e-13,5.085466589e-13,6.63157925e-14,4.308259888e-13,7.441048628e-14,4.623017087e-15,7.555159835e-14,1.159215245e-13,1.209947737e-13,1.611257517e-13,3.579896303e-13,1.496499778e-13,7.362374272e-13,7.354618427e-14,1.890754791e-13,5.749392265e-14
148.296875,4.315153863e-13,4.522543184e-13,4.560065029e-13,2.932860577e-13,1.175003068e-13,1.372786104e-13,1.291592952e-13,1.800974698e-13,3.094726562e-14,1.057983532e-13,1.489516515e-13,9.602513012e-14,3.547737357e-13,2.236965883e-13,6.148138913e-13,9.024139904e-13,4.473831078e-13,5.093407856e-13,6.558792393e-14,4.323215176e-13,7.433354695e-14,4.48628542e-15,7.510654121e-14,1.161893258e-13,1.214052608e-13,1.617185347e-13,3.60343579e-13,1.487424635e-13,7.331754971e-13,7.307893725e-14,1.896180362e-13,5.617567618e-14
148.3046875,4.307885947e-13,4.559366864e-13,4.534662285e-13,2.936422491e-13,1.158135844e-13,1.376494699e-13,1.289022165e-13,1.815540664e-13,3.140523491e-14,1.059429962e-13,1.48072284e-13,9.440339086e-14,3.562048286e-13,2.254208299e-13,6.203296358e-13,9.133481879e-13,4.500462996e-13,5.099232153e-13,6.481973956e-14,4.337191145e-13,7.424873407e-14,4.361974925e-15,7.469052402e-14,1.164812511e-13,1.21723429e-13,1.623015471e-13,3.626068506e-13,1.47816175e-13,7.297302564e-13,7.256595832e-14,1.900668304e-13,5.489706685e-14
148.3125,4.299563652e-13,4.594221742e-13,4.510149341e-13,2.938391114e-13,1.142180968e-13,1.379912912e-13,1.286141518e-13,1.82923569e-13,3.188536343e-14,1.060625642e-13,1.471836941e-13,9.281615688e-14,3.575011313e-13,2.271808075e-13,6.254638415e-13,9.237407087e-13,4.525061531e-13,5.103649985e-13,6.403321563e-14,4.351421083e-13,7.422625094e-14,4.248468216e-15,7.427868317e-14,1.167623395e-13,1.219617303e-13,1.628461914e-13,3.64714859e-13,1.468576768e-13,7.260056007e-13,7.207417697e-14,1.904989522e-13,5.365721461e-14
148.3203125,4.289665794e-13,4.629676729e-13,4.488064409e-13,2.938562566e-13,1.126401033e-13,1.384683664e-13,1.283726648e-13,1.842822961e-13,3.241027671e-14,1.061581709e-13,1.462771658e-13,9.127729542e-14,3.586991973e-13,2.289315464e-13,6.304223027e-13,9.337975346e-13,4.548015118e-13,5.106537945e-13,6.327101549e-14,4.36564861e-13,7.42374941e-14,4.159339306e-15,7.386375028e-14,1.170392043e-13,1.221499089e-13,1.63360248e-13,3.667535845e-13,1.458236908e-13,7.219895248e-13,7.160683267e-14,1.909555667e-13,5.242980148e-14
148.328125,4.279946395e-13,4.66571126e-13,4.464750471e-13,2.938615173e-13,1.110555074e-13,1.390778091e-13,1.281183789e-13,1.856334074e-13,3.293208517e-14,1.062583462e-13,1.453133935e-13,8.970822208e-14,3.598993367e-13,2.307371865e-13,6.351782208e-13,9.433960895e-13,4.569272879e-13,5.107969955e-13,6.252118233e-14,4.377125791e-13,7.424085175e-14,4.087114168e-15,7.342203928e-14,1.173203498e-13,1.222928127e-13,1.638018077e-13,3.68627957e-13,1.447839695e-13,7.174358405e-13,7.111909273e-14,1.913657004e-13,5.121317699e-14
148.3359375,4.268436919e-13,4.701176213e-13,4.438045618e-13,2.938119676e-13,1.094985763e-13,1.39599457e-13,1.277639997e-13,1.869101666e-13,3.344898793e-14,1.063593265e-13,1.441944562e-13,8.814650606e-14,3.609993507e-13,2.32604042e-13,6.394352659e-13,9.523674765e-13,4.587696491e-13,5.108714372e-13,6.174491987e-14,4.384083381e-13,7.42951807e-14,4.022925645e-15,7.292803871e-14,1.176234035e-13,1.223431234e-13,1.641469036e-13,3.703973335e-13,1.438063506e-13,7.123544261e-13,7.061407816e-14,1.917859825e-13,5.003001409e-14
148.34375,4.254018252e-13,4.736052798e-13,4.410858154e-13,2.935056494e-13,1.079838868e-13,1.399474578e-13,1.272986117e-13,1.881713326e-13,3.402950126e-14,1.063844085e-13,1.429487027e-13,8.668384668e-14,3.617621374e-13,2.343655792e-13,6.431281e-13,9.607802119e-13,4.602858135e-13,5.109017534e-13,6.097654902e-14,4.388882111e-13,7.439524248e-14,3.982285775e-15,7.241098419e-14,1.179781003e-13,1.222642636e-13,1.644426967e-13,3.722343744e-13,1.428102954e-13,7.068988337e-13,7.010655003e-14,1.923644995e-13,4.887121577e-14
148.3515625,4.24171918e-13,4.766854027e-13,4.384802921e-13,2.929129793e-13,1.065608798e-13,1.402574438e-13,1.267633521e-13,1.894593923e-13,3.465085574e-14,1.063241746e-13,1.417461681e-13,8.525463124e-14,3.62208971e-13,2.359943834e-13,6.46346243e-13,9.685556257e-13,4.615625094e-13,5.108934643e-13,6.025747083e-14,4.391519555e-13,7.441526764e-14,3.970910766e-15,7.190181999e-14,1.183667048e-13,1.221057241e-13,1.646338296e-13,3.739699486e-13,1.416644575e-13,7.010354239e-13,6.958501189e-14,1.930106782e-13,4.770736351e-14
148.359375,4.231869176e-13,4.79161293e-13,4.357764415e-13,2.921780842e-13,1.051980927e-13,1.405907964e-13,1.261782411e-13,1.907470191e-13,3.526293297e-14,1.062497444e-13,1.406056124e-13,8.377908168e-14,3.624761005e-13,2.375248831e-13,6.491106675e-13,9.756793853e-13,4.62606666e-13,5.107869514e-13,5.954764506e-14,4.391411292e-13,7.435816818e-14,3.975111567e-15,7.136468595e-14,1.188002509e-13,1.21887314e-13,1.646670444e-13,3.754590738e-13,1.404260495e-13,6.94869745e-13,6.906257659e-14,1.935678598e-13,4.655836709e-14
148.3671875,4.220117135e-13,4.8170744e-13,4.329342505e-13,2.914027299e-13,1.038169746e-13,1.409109157e-13,1.255346442e-13,1.920616552e-13,3.591813656e-14,1.061400171e-13,1.394377956e-13,8.233101113e-14,3.626435483e-13,2.389581239e-13,6.515554078e-13,9.824380462e-13,4.633983511e-13,5.105553141e-13,5.885171279e-14,4.392040699e-13,7.435614602e-14,3.994015863e-15,7.075101364e-14,1.19330406e-13,1.215698938e-13,1.646577578e-13,3.769499096e-13,1.392798281e-13,6.886771873e-13,6.856018116e-14,1.941786539e-13,4.545460688e-14
148.375,4.208582653e-13,4.847221454e-13,4.300894763e-13,2.904333552e-13,1.024930971e-13,1.411869111e-13,1.248344322e-13,1.933774012e-13,3.663350145e-14,1.059619554e-13,1.382530347e-13,8.097237396e-14,3.62802716e-13,2.404120026e-13,6.536138196e-13,9.887278815e-13,4.639483645e-13,5.103223479e-13,5.823004521e-14,4.392013016e-13,7.443046875e-14,4.034498242e-15,7.008692015e-14,1.199063901e-13,1.211821795e-13,1.646411397e-13,3.785738817e-13,1.382334221e-13,6.824272005e-13,6.805573136e-14,1.94985077e-13,4.438681327e-14
148.3828125,4.198893141e-13,4.876648094e-13,4.272993955e-13,2.892341165e-13,1.012992849e-13,1.413777204e-13,1.240620045e-13,1.946049699e-13,3.733837948e-14,1.057641014e-13,1.371029028e-13,7.968603086e-14,3.629046034e-13,2.419006052e-13,6.549920832e-13,9.941391237e-13,4.641412009e-13,5.100535293e-13,5.765608078e-14,4.386760286e-13,7.45399826e-14,4.09356032e-15,6.942737099e-14,1.204570371e-13,1.207324767e-13,1.644988602e-13,3.801638284e-13,1.37154487e-13,6.759007503e-13,6.753253435e-14,1.958708608e-13,4.334918886e-14
148.390625,4.186670468e-13,4.901919682e-13,4.247366463e-13,2.88191531e-13,1.001362626e-13,1.416032757e-13,1.232108774e-13,1.957737133e-13,3.80189041e-14,1.055209051e-13,1.360433097e-13,7.845478379e-14,3.628015341e-13,2.433135923e-13,6.55915138e-13,9.987829884e-13,4.63970743e-13,5.095658796e-13,5.708278102e-14,4.379386011e-13,7.469391035e-14,4.170670717e-15,6.874983904e-14,1.210326954e-13,1.201590257e-13,1.642161053e-13,3.816046298e-13,1.360115658e-13,6.691032835e-13,6.700469309e-14,1.967722572e-13,4.234303705e-14
148.3984375,4.172505006e-13,4.924492797e-13,4.224431416e-13,2.873435714e-13,9.893213705e-14,1.420520405e-13,1.223627671e-13,1.969472256e-13,3.870544055e-14,1.051980981e-13,1.350569965e-13,7.720834796e-14,3.624826745e-13,2.447124688e-13,6.567748298e-13,1.002981891e-12,4.636916928e-13,5.089108773e-13,5.651443476e-14,4.372545089e-13,7.485960043e-14,4.267340327e-15,6.80086349e-14,1.216684722e-13,1.195032635e-13,1.638504994e-13,3.828258714e-13,1.34840396e-13,6.620806495e-13,6.645626418e-14,1.976823758e-13,4.136808919e-14
148.40625,4.16013393e-13,4.945779737e-13,4.200940369e-13,2.862302721e-13,9.775797483e-14,1.42541936e-13,1.215559643e-13,1.980987677e-13,3.940590572e-14,1.048946804e-13,1.340125208e-13,7.592265491e-14,3.619702476e-13,2.461248393e-13,6.574139963e-13,1.006849171e-12,4.634012898e-13,5.081975501e-13,5.591989489e-14,4.363915412e-13,7.500611345e-14,4.377909233e-15,6.724083226e-14,1.22323975e-13,1.188237786e-13,1.63423784e-13,3.838887282e-13,1.336699869e-13,6.547664295e-13,6.586882074e-14,1.985454213e-13,4.04460652e-14
148.4140625,4.147791715e-13,4.967012544e-13,4.177001365e-13,2.848312316e-13,9.670706912e-14,1.428097803e-13,1.207065383e-13,1.992256275e-13,4.014838113e-14,1.046418363e-13,1.329628138e-13,7.474467363e-14,3.612779927e-13,2.474994009e-13,6.577141902e-13,1.010495078e-12,4.630166266e-13,5.074214776e-13,5.528504729e-14,4.355540718e-13,7.51891532e-14,4.504139945e-15,6.649955216e-14,1.230190533e-13,1.180583862e-13,1.629787869e-13,3.851046061e-13,1.325353753e-13,6.472806757e-13,6.528480145e-14,1.995557691e-13,3.957590967e-14
148.421875,4.135069421e-13,4.986697708e-13,4.156333645e-13,2.834235545e-13,9.578064556e-14,1.430657678e-13,1.198213629e-13,2.003472374e-13,4.09277593e-14,1.043439118e-13,1.320705343e-13,7.371704803e-14,3.605079331e-13,2.489875407e-13,6.577866015e-13,1.013748387e-12,4.625776914e-13,5.066849377e-13,5.467428146e-14,4.348185224e-13,7.541111306e-14,4.651812092e-15,6.577436322e-14,1.237881222e-13,1.172173505e-13,1.624799665e-13,3.864688075e-13,1.313966858e-13,6.398057989e-13,6.472668336e-14,2.008854582e-13,3.873081059e-14
148.4296875,4.124695284e-13,5.002167979e-13,4.137935365e-13,2.820062833e-13,9.487465135e-14,1.435553029e-13,1.189838541e-13,2.014083581e-13,4.166162215e-14,1.039944552e-13,1.312204482e-13,7.268312702e-14,3.596745926e-13,2.505979585e-13,6.575410473e-13,1.016331678e-12,4.62066295e-13,5.060192177e-13,5.41115133e-14,4.336903563e-13,7.560790531e-14,4.809847541e-15,6.503258414e-14,1.245584961e-13,1.163841259e-13,1.618565224e-13,3.876259487e-13,1.301928753e-13,6.322976121e-13,6.41575442e-14,2.022183538e-13,3.793672132e-14
148.4375,4.115148e-13,5.015474528e-13,4.120247455e-13,2.805806358e-13,9.393407908e-14,1.441113648e-13,1.181344457e-13,2.023973443e-13,4.234199364e-14,1.036386957e-13,1.303655109e-13,7.162333646e-14,3.586796879e-13,2.520576603e-13,6.570127482e-13,1.018438998e-12,4.613121417e-13,5.0525689e-13,5.356689153e-14,4.323087313e-13,7.579762178e-14,4.970008678e-15,6.424981482e-14,1.252611586e-13,1.155079891e-13,1.612221675e-13,3.886425483e-13,1.289740291e-13,6.247653798e-13,6.359432894e-14,2.033563777e-13,3.722688166e-14
148.4453125,4.105239133e-13,5.028903894e-13,4.10650346e-13,2.790664961e-13,9.304045475e-14,1.4459766e-13,1.17207469e-13,2.034125474e-13,4.306383021e-14,1.032435434e-13,1.297322919e-13,7.062929231e-14,3.575304216e-13,2.533525487e-13,6.56257136e-13,1.020063575e-12,4.602552295e-13,5.04370162e-13,5.305017468e-14,4.311406565e-13,7.602500942e-14,5.143959322e-15,6.342912945e-14,1.259680563e-13,1.145251955e-13,1.606288631e-13,3.896928786e-13,1.277873938e-13,6.172149628e-13,6.308058152e-14,2.04554235e-13,3.656615071e-14
148.453125,4.097495263e-13,5.041873042e-13,4.095454981e-13,2.772577132e-13,9.22332366e-14,1.451051847e-13,1.162713583e-13,2.044690332e-13,4.384571002e-14,1.027922896e-13,1.292155287e-13,6.965246997e-14,3.562893199e-13,2.546402684e-13,6.549509451e-13,1.020792444e-12,4.589708089e-13,5.034315674e-13,5.257796209e-14,4.298955654e-13,7.628199028e-14,5.336508565e-15,6.261590426e-14,1.267836482e-13,1.134851401e-13,1.598747222e-13,3.904903195e-13,1.26625779e-13,6.093700095e-13,6.255588564e-14,2.058374584e-13,3.59223271e-14
148.4609375,4.090915692e-13,5.054337481e-13,4.081161197e-13,2.753153595e-13,9.145534521e-14,1.456056932e-13,1.153397319e-13,2.05453939e-13,4.463538667e-14,1.023359592e-13,1.285205778e-13,6.865080569e-14,3.549352729e-13,2.558448732e-13,6.529642817e-13,1.020675545e-12,4.574725136e-13,5.023707766e-13,5.211571495e-14,4.282707e-13,7.656458293e-14,5.542712328e-15,6.183351046e-14,1.276701162e-13,1.124056596e-13,1.589196136e-13,3.91024288e-13,1.255248257e-13,6.012081232e-13,6.195804627e-14,2.070243346e-13,3.530958038e-14
148.46875,4.083214434e-13,5.064117346e-13,4.065259353e-13,2.733502099e-13,9.070616651e-14,1.45969599e-13,1.143517135e-13,2.063476973e-13,4.544677241e-14,1.019104078e-13,1.27827144e-13,6.768526466e-14,3.533990356e-13,2.568788339e-13,6.50434314e-13,1.019842484e-12,4.55611683e-13,5.011222283e-13,5.16142969e-14,4.264574749e-13,7.68609835e-14,5.768386413e-15,6.1057543e-14,1.285270841e-13,1.112482667e-13,1.579449214e-13,3.916360576e-13,1.244693647e-13,5.930124841e-13,6.135775137e-14,2.081943168e-13,3.473850774e-14
148.4765625,4.076884991e-13,5.069862451e-13,4.053627951e-13,2.71102603e-13,9.000954674e-14,1.462384632e-13,1.133229586e-13,2.072546884e-13,4.630993967e-14,1.014867421e-13,1.273839748e-13,6.676626234e-14,3.516437618e-13,2.578236307e-13,6.474169527e-13,1.018232243e-12,4.533420631e-13,4.99744368e-13,5.109052823e-14,4.246054118e-13,7.714367505e-14,6.014339381e-15,6.026865258e-14,1.293817128e-13,1.100094763e-13,1.569603791e-13,3.921870359e-13,1.23388884e-13,5.847101052e-13,6.082917907e-14,2.094092506e-13,3.421511628e-14
148.484375,4.073365284e-13,5.07567438e-13,4.046152095e-13,2.686797324e-13,8.934401041e-14,1.465953053e-13,1.123081006e-13,2.081972058e-13,4.719293674e-14,1.010095793e-13,1.270686102e-13,6.588460078e-14,3.497317898e-13,2.587849155e-13,6.442578861e-13,1.016261054e-12,4.509619521e-13,4.983166966e-13,5.062500194e-14,4.228084683e-13,7.740942039e-14,6.266688525e-15,5.945320315e-14,1.302934614e-13,1.087179331e-13,1.558937264e-13,3.925103948e-13,1.223169379e-13,5.763206845e-13,6.033623719e-14,2.106034358e-13,3.375086022e-14
148.4921875,4.069970182e-13,5.080712695e-13,4.040657961e-13,2.663621233e-13,8.873564104e-14,1.471111082e-13,1.11337449e-13,2.090804527e-13,4.805742443e-14,1.00495186e-13,1.268189197e-13,6.505709154e-14,3.477501894e-13,2.597679782e-13,6.410752093e-13,1.013930322e-12,4.485429925e-13,4.967850526e-13,5.021972357e-14,4.209553931e-13,7.765328125e-14,6.517492163e-15,5.859770661e-14,1.311909596e-13,1.073999055e-13,1.547570224e-13,3.928272363e-13,1.212838909e-13,5.682647021e-13,5.982419112e-14,2.117960401e-13,3.332900589e-14
148.5,4.065977552e-13,5.080609377e-13,4.037181981e-13,2.640311001e-13,8.823432693e-14,1.476565837e-13,1.104106596e-13,2.098509459e-13,4.889662304e-14,1.000120536e-13,1.267123901e-13,6.425986482e-14,3.456990693e-13,2.606501942e-13,6.372736674e-13,1.010456006e-12,4.456786497e-13,4.949865421e-13,4.979535709e-14,4.187164333e-13,7.791635136e-14,6.767304672e-15,5.771092711e-14,1.320343073e-13,1.060259655e-13,1.534864672e-13,3.930235987e-13,1.202866382e-13,5.604446521e-13,5.929243889e-14,2.129595397e-13,3.291450891e-14
148.5078125,4.063487094e-13,5.080385188e-13,4.035168546e-13,2.616520506e-13,8.781812903e-14,1.481627403e-13,1.094907555e-13,2.105771852e-13,4.973878019e-14,9.954797415e-14,1.266884551e-13,6.348837733e-14,3.435419343e-13,2.614118699e-13,6.328639773e-13,1.005984462e-12,4.423829291e-13,4.929933339e-13,4.938307054e-14,4.163466318e-13,7.828743875e-14,7.023938331e-15,5.680489333e-14,1.32929358e-13,1.045456265e-13,1.520466328e-13,3.928872167e-13,1.194378591e-13,5.524407362e-13,5.876596444e-14,2.141031357e-13,3.250484847e-14
148.515625,4.063312827e-13,5.082619725e-13,4.034075943e-13,2.5920121e-13,8.743355779e-14,1.487143258e-13,1.085810849e-13,2.113523499e-13,5.062777945e-14,9.907042566e-14,1.266956573e-13,6.275627514e-14,3.411670902e-13,2.621111253e-13,6.284030781e-13,1.001178527e-12,4.390551142e-13,4.910242426e-13,4.905667558e-14,4.142992169e-13,7.870168599e-14,7.300773648e-15,5.58991338e-14,1.339191118e-13,1.030101026e-13,1.505433293e-13,3.92653287e-13,1.18712593e-13,5.443744039e-13,5.825595771e-14,2.153120623e-13,3.213244188e-14
148.5234375,4.064005684e-13,5.079716786e-13,4.034490338e-13,2.563850223e-13,8.702593259e-14,1.49261595e-13,1.077151166e-13,2.12150195e-13,5.154935367e-14,9.863802806e-14,1.267694597e-13,6.20178082e-14,3.384308929e-13,2.625187281e-13,6.235246977e-13,9.956943806e-13,4.35517168e-13,4.889405627e-13,4.873164316e-14,4.122344493e-13,7.901064313e-14,7.588307305e-15,5.502373166e-14,1.34925449e-13,1.014831498e-13,1.490134908e-13,3.923444933e-13,1.178766601e-13,5.363976308e-13,5.775049274e-14,2.164056538e-13,3.182207537e-14
148.53125,4.063531886e-13,5.072099329e-13,4.037531121e-13,2.533755541e-13,8.656876841e-14,1.497143098e-13,1.068541081e-13,2.128827345e-13,5.245942643e-14,9.825675334e-14,1.269434673e-13,6.12707777e-14,3.354936454e-13,2.625211871e-13,6.179453316e-13,9.89377623e-13,4.315115642e-13,4.865489179e-13,4.833351681e-14,4.099170318e-13,7.928856086e-14,7.86423904e-15,5.415802193e-14,1.359112737e-13,9.991523795e-14,1.474538289e-13,3.917832298e-13,1.169776557e-13,5.284515707e-13,5.725582365e-14,2.172686886e-13,3.157204042e-14
148.5390625,4.062631238e-13,5.066046343e-13,4.045072137e-13,2.505417659e-13,8.61455955e-14,1.502248726e-13,1.059834856e-13,2.135610803e-13,5.337456635e-14,9.784249858e-14,1.273121658e-13,6.058093537e-14,3.326603438e-13,2.625464806e-13,6.123605132e-13,9.827347227e-13,4.273596222e-13,4.840654481e-13,4.796069051e-14,4.078052167e-13,7.967963912e-14,8.14167906e-15,5.326231865e-14,1.368859926e-13,9.82889841e-14,1.459120326e-13,3.912159805e-13,1.162421721e-13,5.207666344e-13,5.680068092e-14,2.182307447e-13,3.137102129e-14
148.546875,4.06534883e-13,5.05907356e-13,4.056734573e-13,2.475669267e-13,8.585619944e-14,1.508697031e-13,1.051860529e-13,2.142456352e-13,5.432101769e-14,9.74338145e-14,1.279036408e-13,5.994699862e-14,3.298507891e-13,2.628066629e-13,6.067845695e-13,9.755226941e-13,4.23157883e-13,4.816099713e-13,4.767184981e-14,4.058502369e-13,8.010978428e-14,8.44687688e-15,5.235792954e-14,1.378769166e-13,9.665800405e-14,1.442902422e-13,3.907358539e-13,1.155961509e-13,5.134120202e-13,5.635936298e-14,2.194245327e-13,3.121170275e-14
148.5546875,4.072595575e-13,5.04997395e-13,4.070161012e-13,2.442768115e-13,8.564683438e-14,1.514952521e-13,1.04477758e-13,2.149664045e-13,5.529016393e-14,9.711547484e-14,1.286141379e-13,5.933034895e-14,3.268444116e-13,2.629738342e-13,6.005824708e-13,9.674171487e-13,4.186388529e-13,4.789309211e-13,4.739509678e-14,4.036911537e-13,8.0482925e-14,8.77141216e-15,5.145885673e-14,1.389553652e-13,9.498082493e-14,1.424536168e-13,3.900166425e-13,1.149300014e-13,5.060706461e-13,5.587065134e-14,2.205957048e-13,3.10952455e-14
148.5625,4.079375892e-13,5.04196427e-13,4.086787332e-13,2.411204382e-13,8.537528361e-14,1.521087882e-13,1.037899199e-13,2.157564542e-13,5.628450093e-14,9.678536057e-14,1.294648897e-13,5.872197386e-14,3.237040312e-13,2.628771955e-13,5.940298209e-13,9.58953864e-13,4.138945439e-13,4.758880695e-13,4.709127926e-14,4.017745936e-13,8.084552798e-14,9.097316974e-15,5.053927002e-14,1.401028664e-13,9.320374165e-14,1.405357526e-13,3.890868986e-13,1.143085135e-13,4.987689705e-13,5.534590478e-14,2.217008795e-13,3.103489379e-14
148.5703125,4.082812431e-13,5.031843012e-13,4.108240427e-13,2.381027137e-13,8.501301526e-14,1.527916052e-13,1.031263606e-13,2.165648156e-13,5.729845075e-14,9.635407512e-14,1.305040766e-13,5.812035996e-14,3.204876034e-13,2.625936195e-13,5.875588512e-13,9.503958714e-13,4.091145119e-13,4.725876361e-13,4.67767703e-14,4.003545961e-13,8.121155481e-14,9.429420479e-15,4.962660543e-14,1.411736053e-13,9.141186608e-14,1.3874379e-13,3.882241498e-13,1.136924595e-13,4.917814992e-13,5.484056702e-14,2.228277205e-13,3.104011086e-14
148.578125,4.085987552e-13,5.017317379e-13,4.13137009e-13,2.348572792e-13,8.467895859e-14,1.534198016e-13,1.025234239e-13,2.172704812e-13,5.831214521e-14,9.594699376e-14,1.3160877e-13,5.756384107e-14,3.171527004e-13,2.62180059e-13,5.809420448e-13,9.415538543e-13,4.042688785e-13,4.69203752e-13,4.646047112e-14,3.988034172e-13,8.155051996e-14,9.774460892e-15,4.876278936e-14,1.4213753e-13,8.968237582e-14,1.370675699e-13,3.873985073e-13,1.130575634e-13,4.850961785e-13,5.436396331e-14,2.239414542e-13,3.109591188e-14
148.5859375,4.091077665e-13,5.001846101e-13,4.156000073e-13,2.315182502e-13,8.445056193e-14,1.539402911e-13,1.019382099e-13,2.179081192e-13,5.93270375e-14,9.563357629e-14,1.327878781e-13,5.707577536e-14,3.13809627e-13,2.6173347e-13,5.741984019e-13,9.325487206e-13,3.994177997e-13,4.658684471e-13,4.615797067e-14,3.970855951e-13,8.190660552e-14,1.012375371e-14,4.791432425e-14,1.431208837e-13,8.798055627e-14,1.353984322e-13,3.86507845e-13,1.12501114e-13,4.786513671e-13,5.390389855e-14,2.250981499e-13,3.1183091e-14
148.59375,4.098129121e-13,4.986208174e-13,4.186097719e-13,2.283508043e-13,8.427231671e-14,1.544598167e-13,1.013348481e-13,2.185863128e-13,6.032927243e-14,9.532911691e-14,1.341901273e-13,5.658351726e-14,3.105190822e-13,2.612395204e-13,5.675666674e-13,9.234632332e-13,3.945801e-13,4.625473085e-13,4.589315423e-14,3.958737962e-13,8.23284763e-14,1.046920013e-14,4.70476637e-14,1.441536261e-13,8.628283652e-14,1.33704059e-13,3.855823641e-13,1.120058509e-13,4.724644568e-13,5.345751858e-14,2.263222543e-13,3.131702242e-14
148.6015625,4.109817184e-13,4.97169516e-13,4.220726244e-13,2.252894695e-13,8.415059369e-14,1.550087756e-13,1.007839625e-13,2.192711251e-13,6.130941223e-14,9.505271803e-14,1.357511518e-13,5.606115995e-14,3.071822058e-13,2.606517298e-13,5.609500009e-13,9.142170453e-13,3.896707864e-13,4.592223593e-13,4.569820481e-14,3.951044818e-13,8.280190077e-14,1.081861515e-14,4.618347835e-14,1.451516645e-13,8.461480905e-14,1.320167697e-13,3.846702056e-13,1.115759143e-13,4.664327082e-13,5.300895325e-14,2.274956589e-13,3.152771696e-14
148.609375,4.126541081e-13,4.959725094e-13,4.257249768e-13,2.221748132e-13,8.416278153e-14,1.555988024e-13,1.003548276e-13,2.199331779e-13,6.23123526e-14,9.487193528e-14,1.374229694e-13,5.55846265e-14,3.037817705e-13,2.600892099e-13,5.542776547e-13,9.048041294e-13,3.847747622e-13,4.559669419e-13,4.558337626e-14,3.942809386e-13,8.32923826e-14,1.118202524e-14,4.533448285e-14,1.461396633e-13,8.297803346e-14,1.303582214e-13,3.837780782e-13,1.112659894e-13,4.605037158e-13,5.255507047e-14,2.286477167e-13,3.180127484e-14
148.6171875,4.142132039e-13,4.944604368e-13,4.297572291e-13,2.189122409e-13,8.419169467e-14,1.562392318e-13,9.999457144e-14,2.206227292e-13,6.33469738e-14,9.47258418e-14,1.393754592e-13,5.516266125e-14,3.002579209e-13,2.593795667e-13,5.474752181e-13,8.950178515e-13,3.798407306e-13,4.525728326e-13,4.547017006e-14,3.934265975e-13,8.377716253e-14,1.155356525e-14,4.449291369e-14,1.472257699e-13,8.133988289e-14,1.287013688e-13,3.827529805e-13,1.109172094e-13,4.547898973e-13,5.212791297e-14,2.298377906e-13,3.209402214e-14
148.625,4.153762853e-13,4.925117381e-13,4.342771826e-13,2.156578996e-13,8.411194597e-14,1.568773028e-13,9.964332147e-14,2.212867526e-13,6.43599567e-14,9.458795208e-14,1.415865649e-13,5.475389503e-14,2.965392864e-13,2.582664108e-13,5.403893887e-13,8.847799455e-13,3.74634659e-13,4.488320399e-13,4.528992437e-14,3.926583636e-13,8.428070544e-14,1.192615263e-14,4.365316603e-14,1.483676825e-13,7.967656498e-14,1.270206748e-13,3.814913739e-13,1.105050939e-13,4.493841454e-13,5.174475135e-14,2.31005629e-13,3.239238835e-14
148.6328125,4.166574276e-13,4.908239383e-13,4.391047101e-13,2.126954864e-13,8.41236481e-14,1.575523064e-13,9.934834244e-14,2.218392868e-13,6.534494302e-14,9.450704143e-14,1.438507217e-13,5.43800986e-14,2.929006394e-13,2.571876302e-13,5.332988428e-13,8.744770092e-13,3.693446544e-13,4.451014576e-13,4.51175556e-14,3.918728248e-13,8.483680508e-14,1.230515477e-14,4.281366323e-14,1.494314273e-13,7.802244368e-14,1.253409146e-13,3.802566252e-13,1.102916466e-13,4.443490248e-13,5.138786955e-14,2.322826147e-13,3.270741301e-14
148.640625,4.18332382e-13,4.891986882e-13,4.441855945e-13,2.098341757e-13,8.435733571e-14,1.58280582e-13,9.913075199e-14,2.223399385e-13,6.633926907e-14,9.443811291e-14,1.461867767e-13,5.403784681e-14,2.89496649e-13,2.564257497e-13,5.26470615e-13,8.642270349e-13,3.642615106e-13,4.416265818e-13,4.503348604e-14,3.911376249e-13,8.540034604e-14,1.269090706e-14,4.199454536e-14,1.504605925e-13,7.643209624e-14,1.236944404e-13,3.792036431e-13,1.101953707e-13,4.397064275e-13,5.104472834e-14,2.337820976e-13,3.305277065e-14
148.6484375,4.200771691e-13,4.869834544e-13,4.496100464e-13,2.066773834e-13,8.456885253e-14,1.589255365e-13,9.893762901e-14,2.228815394e-13,6.735146491e-14,9.433229731e-14,1.486889441e-13,5.367492672e-14,2.858968406e-13,2.553269859e-13,5.195349303e-13,8.536791729e-13,3.590859915e-13,4.379352483e-13,4.49787245e-14,3.906666552e-13,8.593343049e-14,1.307213675e-14,4.121398814e-14,1.515707659e-13,7.486242362e-14,1.220750107e-13,3.779816079e-13,1.099249678e-13,4.352806315e-13,5.071576934e-14,2.352083601e-13,3.344649017e-14
148.65625,4.217318304e-13,4.844865623e-13,4.554540771e-13,2.033823236e-13,8.468541339e-14,1.595347093e-13,9.87962981e-14,2.234447281e-13,6.835793439e-14,9.423742995e-14,1.512812652e-13,5.331592778e-14,2.819192475e-13,2.536902869e-13,5.122384364e-13,8.426593334e-13,3.535081464e-13,4.337672599e-13,4.488196443e-14,3.904451027e-13,8.649171662e-14,1.344328375e-14,4.044741935e-14,1.526873027e-13,7.323051929e-14,1.204462202e-13,3.763688824e-13,1.096355784e-13,4.308861271e-13,5.039033067e-14,2.364081551e-13,3.387672955e-14
148.6640625,4.235201853e-13,4.820771517e-13,4.615587213e-13,2.002725585e-13,8.49818657e-14,1.602773174e-13,9.87705705e-14,2.239693172e-13,6.933190523e-14,9.418623846e-14,1.538911849e-13,5.3023959e-14,2.780328201e-13,2.52245036e-13,5.04879033e-13,8.313487462e-13,3.478392131e-13,4.296188277e-13,4.476836665e-14,3.901508622e-13,8.708967689e-14,1.381203563e-14,3.966971126e-14,1.537349216e-13,7.157972884e-14,1.187782156e-13,3.746530118e-13,1.095683552e-13,4.266500408e-13,5.00509051e-14,2.376929404e-13,3.431228302e-14
148.671875,4.255720117e-13,4.797318864e-13,4.676619144e-13,1.972811967e-13,8.546648067e-14,1.610335236e-13,9.881933501e-14,2.244788808e-13,7.029074239e-14,9.418952557e-14,1.565806688e-13,5.277891793e-14,2.744164452e-13,2.51106743e-13,4.977041887e-13,8.201759495e-13,3.424548146e-13,4.25811155e-13,4.46819722e-14,3.896810146e-13,8.767080106e-14,1.418863112e-14,3.888857322e-14,1.54822448e-13,6.999879412e-14,1.171040897e-13,3.730772644e-13,1.096089425e-13,4.228183088e-13,4.970031599e-14,2.391716756e-13,3.477876848e-14
148.6796875,4.27696016e-13,4.775715505e-13,4.740332019e-13,1.94312008e-13,8.584595013e-14,1.616904215e-13,9.89009413e-14,2.250515893e-13,7.127025945e-14,9.424777675e-14,1.594965205e-13,5.251797632e-14,2.707383069e-13,2.496873338e-13,4.907639746e-13,8.094980748e-13,3.373140613e-13,4.220522296e-13,4.462375086e-14,3.895162089e-13,8.824436353e-14,1.456992428e-14,3.812015546e-14,1.55983444e-13,6.847856954e-14,1.155308565e-13,3.715812767e-13,1.096231405e-13,4.19453037e-13,4.936968443e-14,2.406362142e-13,3.531787666e-14
148.6875,4.297052647e-13,4.753539048e-13,4.810363676e-13,1.913632947e-13,8.60949469e-14,1.624054138e-13,9.905169257e-14,2.256763067e-13,7.223476402e-14,9.431041579e-14,1.627063832e-13,5.221997101e-14,2.669212831e-13,2.479272135e-13,4.840307196e-13,7.991328691e-13,3.322507088e-13,4.18139e-13,4.456688386e-14,3.898935002e-13,8.884118583e-14,1.49385986e-14,3.739187459e-14,1.571196079e-13,6.700494063e-14,1.141306171e-13,3.701073359e-13,1.095987981e-13,4.164725468e-13,4.908307741e-14,2.420524144e-13,3.589502751e-14
148.6953125,4.317574142e-13,4.728199975e-13,4.882702906e-13,1.883523263e-13,8.643269451e-14,1.631619446e-13,9.926171714e-14,2.262525437e-13,7.313707193e-14,9.437360393e-14,1.660500148e-13,5.191410272e-14,2.631978234e-13,2.461369053e-13,4.77331048e-13,7.887308098e-13,3.27191196e-13,4.142273777e-13,4.449731086e-14,3.903647838e-13,8.944093189e-14,1.528698418e-14,3.671420478e-14,1.582315252e-13,6.559838434e-14,1.128347543e-13,3.686661528e-13,1.095474534e-13,4.136849934e-13,4.881984621e-14,2.434425593e-13,3.646436609e-14
148.703125,4.340408297e-13,4.703549652e-13,4.953882274e-13,1.854021882e-13,8.692646423e-14,1.637655819e-13,9.946262774e-14,2.267444867e-13,7.401311761e-14,9.446620549e-14,1.693996717e-13,5.165161522e-14,2.59629958e-13,2.443562048e-13,4.706151977e-13,7.782969439e-13,3.22078926e-13,4.10382149e-13,4.445013285e-14,3.90817352e-13,9.005929479e-14,1.562964649e-14,3.603642161e-14,1.593425565e-13,6.420854042e-14,1.115334453e-13,3.672393079e-13,1.095553739e-13,4.109535941e-13,4.854826112e-14,2.447669362e-13,3.70446971e-14
148.7109375,4.363962813e-13,4.678390782e-13,5.027558482e-13,1.82710495e-13,8.748363903e-14,1.643102664e-13,9.966894922e-14,2.272107213e-13,7.489136948e-14,9.456303071e-14,1.728887772e-13,5.143797361e-14,2.560624516e-13,2.425422256e-13,4.640576936e-13,7.678935718e-13,3.169296995e-13,4.064773715e-13,4.44526492e-14,3.915254812e-13,9.071934748e-14,1.597779783e-14,3.533036435e-14,1.604101137e-13,6.27965739e-14,1.102388386e-13,3.658237084e-13,1.096215746e-13,4.084949258e-13,4.828247245e-14,2.461580762e-13,3.765401789e-14
148.71875,4.386708017e-13,4.64822687e-13,5.105672912e-13,1.800461442e-13,8.798277003e-14,1.649961943e-13,9.99873985e-14,2.277041631e-13,7.573924828e-14,9.473095719e-14,1.765767132e-13,5.122390639e-14,2.523739296e-13,2.406656175e-13,4.577575664e-13,7.576386739e-13,3.119127785e-13,4.024934494e-13,4.445752758e-14,3.922694397e-13,9.138592729e-14,1.631826135e-14,3.465000059e-14,1.614912184e-13,6.144048269e-14,1.090305592e-13,3.644230889e-13,1.096260273e-13,4.065294222e-13,4.805518971e-14,2.476898927e-13,3.827826325e-14
148.7265625,4.409553466e-13,4.61899634e-13,5.186737016e-13,1.772247878e-13,8.833991055e-14,1.65758173e-13,1.004396612e-13,2.282319577e-13,7.656341627e-14,9.503893564e-14,1.803301239e-13,5.100085664e-14,2.486360177e-13,2.386370945e-13,4.517546045e-13,7.479347734e-13,3.071626718e-13,3.985252479e-13,4.443493754e-14,3.930194762e-13,9.207706266e-14,1.664484717e-14,3.402270671e-14,1.626716753e-13,6.017968157e-14,1.079512969e-13,3.630538847e-13,1.096182656e-13,4.048714255e-13,4.786247701e-14,2.492161073e-13,3.893295431e-14
148.734375,4.432966549e-13,4.593811152e-13,5.270952378e-13,1.745636584e-13,8.860922861e-14,1.664671481e-13,1.009000284e-13,2.287676968e-13,7.740446029e-14,9.529026622e-14,1.84160032e-13,5.078094154e-14,2.449438195e-13,2.364324135e-13,4.460487154e-13,7.388452375e-13,3.025792319e-13,3.945680138e-13,4.442854391e-14,3.943630651e-13,9.284227822e-14,1.698150222e-14,3.34137694e-14,1.638876683e-13,5.894470188e-14,1.070320499e-13,3.617551871e-13,1.096789639e-13,4.034241751e-13,4.768315472e-14,2.506944418e-13,3.965230298e-14
148.7421875,4.456833437e-13,4.564601184e-13,5.35855225e-13,1.721186292e-13,8.890684352e-14,1.671347912e-13,1.013179789e-13,2.292600609e-13,7.824169681e-14,9.535240206e-14,1.881882704e-13,5.053427113e-14,2.412168612e-13,2.340553784e-13,4.404014182e-13,7.297978725e-13,2.979632306e-13,3.905315067e-13,4.443421874e-14,3.961721566e-13,9.361981148e-14,1.733560059e-14,3.282072328e-14,1.650557442e-13,5.772241984e-14,1.062485131e-13,3.604491315e-13,1.096708526e-13,4.024305939e-13,4.752408144e-14,2.521755452e-13,4.042153633e-14
148.75,4.480606239e-13,4.530875121e-13,5.448905022e-13,1.694777023e-13,8.926897361e-14,1.677610998e-13,1.017977323e-13,2.296661796e-13,7.904038036e-14,9.543708287e-14,1.923895144e-13,5.03040593e-14,2.374528889e-13,2.315660094e-13,4.345679979e-13,7.203835281e-13,2.932385893e-13,3.864031787e-13,4.440044399e-14,3.976634857e-13,9.434211318e-14,1.768244207e-14,3.226548511e-14,1.661697938e-13,5.656780987e-14,1.054979886e-13,3.59058525e-13,1.095368118e-13,4.019017521e-13,4.740790956e-14,2.5369237e-13,4.119765517e-14
148.7578125,4.501782186e-13,4.498421383e-13,5.540362605e-13,1.666525627e-13,8.968213727e-14,1.682865205e-13,1.023498728e-13,2.299913631e-13,7.981221971e-14,9.563795354e-14,1.966550478e-13,5.017768362e-14,2.338159701e-13,2.291369326e-13,4.286324232e-13,7.108023373e-13,2.884743518e-13,3.822383873e-13,4.435499257e-14,3.988180625e-13,9.504532093e-14,1.80182205e-14,3.173759347e-14,1.672107509e-13,5.547299487e-14,1.047744035e-13,3.577691354e-13,1.094104637e-13,4.016040898e-13,4.732447218e-14,2.553464778e-13,4.197052868e-14
148.765625,4.519601161e-13,4.465040512e-13,5.630626067e-13,1.640077842e-13,9.004444055e-14,1.687573067e-13,1.028992284e-13,2.302762977e-13,8.053319607e-14,9.579569995e-14,2.009402498e-13,5.00705541e-14,2.302565514e-13,2.266953605e-13,4.228231893e-13,7.014516373e-13,2.838117633e-13,3.780106671e-13,4.432754773e-14,4.000647357e-13,9.57416876e-14,1.834688546e-14,3.122989806e-14,1.681805126e-13,5.440093527e-14,1.041794241e-13,3.56708982e-13,1.092921854e-13,4.015311742e-13,4.723623251e-14,2.5706611e-13,4.274811497e-14
148.7734375,4.537487136e-13,4.429484993e-13,5.72217422e-13,1.615197656e-13,9.021975393e-14,1.693040333e-13,1.035069745e-13,2.305699522e-13,8.116478022e-14,9.59243663e-14,2.053213516e-13,4.987001995e-14,2.266044559e-13,2.239669499e-13,4.172439719e-13,6.924788603e-13,2.793367497e-13,3.736319784e-13,4.426820358e-14,4.014946629e-13,9.63921091e-14,1.865063323e-14,3.075306899e-14,1.691599289e-13,5.335898736e-14,1.037175922e-13,3.556507773e-13,1.091035844e-13,4.017238147e-13,4.714756709e-14,2.586578605e-13,4.353633401e-14
148.78125,4.557878689e-13,4.395075892e-13,5.818429648e-13,1.590452916e-13,9.033297518e-14,1.699024117e-13,1.042147781e-13,2.309159378e-13,8.178015246e-14,9.613786028e-14,2.099108398e-13,4.967440554e-14,2.229497931e-13,2.210871919e-13,4.118938924e-13,6.837697162e-13,2.750091687e-13,3.691715271e-13,4.419083712e-14,4.032053995e-13,9.701384865e-14,1.894698007e-14,3.029995175e-14,1.701924653e-13,5.235937757e-14,1.033359584e-13,3.544655512e-13,1.089277458e-13,4.020564979e-13,4.710502498e-14,2.602627141e-13,4.436420357e-14
148.7890625,4.579620937e-13,4.360605646e-13,5.916784599e-13,1.566521717e-13,9.058113016e-14,1.704014838e-13,1.049280486e-13,2.312707204e-13,8.242763743e-14,9.63651869e-14,2.146631495e-13,4.957440399e-14,2.194319415e-13,2.184003957e-13,4.067770694e-13,6.752973792e-13,2.708090069e-13,3.648354852e-13,4.415993171e-14,4.051389341e-13,9.766510531e-14,1.926325513e-14,2.986151689e-14,1.711955362e-13,5.140856757e-14,1.030754667e-13,3.533405256e-13,1.088398185e-13,4.025931985e-13,4.711969214e-14,2.620714421e-13,4.524528888e-14
148.796875,4.600323584e-13,4.326125187e-13,6.016901802e-13,1.542913751e-13,9.081813928e-14,1.708279609e-13,1.056685768e-13,2.314976704e-13,8.299032365e-14,9.654077546e-14,2.194573851e-13,4.950075797e-14,2.160266552e-13,2.158384194e-13,4.019169412e-13,6.671848834e-13,2.667659019e-13,3.606480145e-13,4.412559063e-14,4.068578077e-13,9.838017527e-14,1.955738243e-14,2.944782677e-14,1.720772457e-13,5.052245415e-14,1.029774148e-13,3.523789304e-13,1.087863563e-13,4.035953259e-13,4.717630118e-14,2.639707455e-13,4.612326468e-14
148.8046875,4.618482579e-13,4.294788733e-13,6.120776038e-13,1.519357052e-13,9.093658856e-14,1.713288412e-13,1.0652077e-13,2.315904686e-13,8.344019281e-14,9.672982143e-14,2.242651438e-13,4.942272755e-14,2.127398972e-13,2.132393678e-13,3.973350281e-13,6.594254552e-13,2.628253051e-13,3.564793094e-13,4.405040407e-14,4.084005444e-13,9.914706218e-14,1.981456218e-14,2.906268705e-14,1.728869063e-13,4.970209723e-14,1.030084135e-13,3.515215334e-13,1.087621239e-13,4.050659139e-13,4.727543954e-14,2.659185687e-13,4.69576446e-14
148.8125,4.636125623e-13,4.263532342e-13,6.222454748e-13,1.497930338e-13,9.120428562e-14,1.718415495e-13,1.073953701e-13,2.317119711e-13,8.392862669e-14,9.697044771e-14,2.290441655e-13,4.935874415e-14,2.095706182e-13,2.107265242e-13,3.930794886e-13,6.520208022e-13,2.590064735e-13,3.524023999e-13,4.40455128e-14,4.103143857e-13,9.990894672e-14,2.010503367e-14,2.869803995e-14,1.737304611e-13,4.894854451e-14,1.031530348e-13,3.507261462e-13,1.088038508e-13,4.067577563e-13,4.739793216e-14,2.679487006e-13,4.779881369e-14
148.8203125,4.656512056e-13,4.229323957e-13,6.319057297e-13,1.478520451e-13,9.169423092e-14,1.722042317e-13,1.082252747e-13,2.319118745e-13,8.446969744e-14,9.725882432e-14,2.337927729e-13,4.928180064e-14,2.064020139e-13,2.083120041e-13,3.891314989e-13,6.45136143e-13,2.555075205e-13,3.485630499e-13,4.415048897e-14,4.126181829e-13,1.006361034e-13,2.04337651e-14,2.835783765e-14,1.746074533e-13,4.826660221e-14,1.034156935e-13,3.499516072e-13,1.088602456e-13,4.084934266e-13,4.753125886e-14,2.699452564e-13,4.867813987e-14
148.828125,4.677707529e-13,4.195474218e-13,6.418154253e-13,1.458869989e-13,9.210072409e-14,1.724695404e-13,1.09087647e-13,2.321136897e-13,8.493428037e-14,9.758153005e-14,2.386585848e-13,4.920382148e-14,2.032180625e-13,2.058223028e-13,3.85335285e-13,6.387767366e-13,2.523791861e-13,3.448296912e-13,4.423154464e-14,4.148796951e-13,1.013760846e-13,2.072781255e-14,2.805510933e-14,1.754924701e-13,4.76242596e-14,1.037761205e-13,3.492334137e-13,1.088694796e-13,4.102377043e-13,4.771665952e-14,2.71949821e-13,4.953652091e-14
148.8359375,4.696293325e-13,4.162320853e-13,6.520947084e-13,1.439483311e-13,9.232465095e-14,1.727943604e-13,1.099916377e-13,2.323237334e-13,8.531323815e-14,9.787225092e-14,2.436513037e-13,4.915255838e-14,2.001634526e-13,2.033077541e-13,3.816959767e-13,6.328643432e-13,2.494860301e-13,3.410760885e-13,4.421877071e-14,4.170079512e-13,1.021823454e-13,2.098288595e-14,2.778423513e-14,1.764244445e-13,4.700346696e-14,1.042510852e-13,3.487138459e-13,1.088209059e-13,4.121700201e-13,4.795848269e-14,2.741119733e-13,5.034134198e-14
148.84375,4.714039658e-13,4.126920035e-13,6.622559077e-13,1.421583404e-13,9.252797882e-14,1.732100137e-13,1.108997326e-13,2.325718888e-13,8.566377745e-14,9.808903597e-14,2.486211585e-13,4.909588307e-14,1.972799038e-13,2.008896061e-13,3.784337438e-13,6.275351459e-13,2.468141977e-13,3.374481091e-13,4.418652221e-14,4.192518771e-13,1.030403463e-13,2.123963967e-14,2.752281462e-14,1.773847971e-13,4.644352739e-14,1.048911196e-13,3.484222422e-13,1.086957249e-13,4.145712237e-13,4.820611678e-14,2.763189997e-13,5.114883509e-14
148.8515625,4.732740885e-13,4.09000899e-13,6.725297377e-13,1.404238663e-13,9.274606619e-14,1.736331344e-13,1.118305671e-13,2.328398085e-13,8.599656772e-14,9.828503507e-14,2.536158441e-13,4.901682988e-14,1.944067945e-13,1.983980844e-13,3.755098048e-13,6.227798918e-13,2.443449593e-13,3.339407815e-13,4.417716966e-14,4.217989753e-13,1.038894425e-13,2.149846956e-14,2.726824435e-14,1.783108105e-13,4.594400447e-14,1.056921199e-13,3.482411683e-13,1.084863483e-13,4.17335855e-13,4.846723806e-14,2.783966134e-13,5.200424159e-14
148.859375,4.750589728e-13,4.053411867e-13,6.830117618e-13,1.387283818e-13,9.292432804e-14,1.739209143e-13,1.127541241e-13,2.331062264e-13,8.631782438e-14,9.850190853e-14,2.587070888e-13,4.892244402e-14,1.914245466e-13,1.956836559e-13,3.726652954e-13,6.183054264e-13,2.418953672e-13,3.303252562e-13,4.415583549e-14,4.2450546e-13,1.046981144e-13,2.175230212e-14,2.704248915e-14,1.792162845e-13,4.545607876e-14,1.066355844e-13,3.480870578e-13,1.082201541e-13,4.200907893e-13,4.878066937e-14,2.803436292e-13,5.288463034e-14
148.8671875,4.76704478e-13,4.018443792e-13,6.931077253e-13,1.371767724e-13,9.305090142e-14,1.739773899e-13,1.136337124e-13,2.332937392e-13,8.65914778e-14,9.871260414e-14,2.63689442e-13,4.881209227e-14,1.88444744e-13,1.929359967e-13,3.699114048e-13,6.140540186e-13,2.39457063e-13,3.26694501e-13,4.412000694e-14,4.26990679e-13,1.054844645e-13,2.199985747e-14,2.685786259e-14,1.800979529e-13,4.499794972e-14,1.077485341e-13,3.479975768e-13,1.079451171e-13,4.228196952e-13,4.913844173e-14,2.822572349e-13,5.374841534e-14
148.875,4.78250507e-13,3.986227959e-13,7.026850951e-13,1.357652089e-13,9.311576514e-14,1.739232336e-13,1.145219945e-13,2.333796186e-13,8.677851499e-14,9.891868724e-14,2.684276915e-13,4.872559394e-14,1.856156903e-13,1.903517421e-13,3.674598607e-13,6.102870881e-13,2.372925425e-13,3.233530097e-13,4.4097838e-14,4.29247528e-13,1.062545206e-13,2.223453544e-14,2.671044416e-14,1.809228306e-13,4.462125796e-14,1.090178772e-13,3.48111275e-13,1.07729736e-13,4.257345085e-13,4.952484644e-14,2.843005863e-13,5.45752307e-14
148.8828125,4.795371842e-13,3.954007907e-13,7.121841325e-13,1.344219764e-13,9.313028615e-14,1.739872639e-13,1.154530573e-13,2.335039153e-13,8.693167117e-14,9.915764895e-14,2.731058027e-13,4.869018356e-14,1.829069556e-13,1.878752496e-13,3.65420957e-13,6.071770411e-13,2.355279499e-13,3.20216462e-13,4.40488925e-14,4.316684213e-13,1.069944952e-13,2.246235506e-14,2.659468498e-14,1.817588849e-13,4.430850119e-14,1.103866159e-13,3.485008257e-13,1.075341995e-13,4.288584706e-13,4.99256534e-14,2.865114856e-13,5.537047175e-14
148.890625,4.804498602e-13,3.918825641e-13,7.218785548e-13,1.330634234e-13,9.309364145e-14,1.742108598e-13,1.164237076e-13,2.336771856e-13,8.70648851e-14,9.940271602e-14,2.778788829e-13,4.866228665e-14,1.80255632e-13,1.854090745e-13,3.637684661e-13,6.046286306e-13,2.340067081e-13,3.169864416e-13,4.390266374e-14,4.342170048e-13,1.077237199e-13,2.26777887e-14,2.650151841e-14,1.826250454e-13,4.402309252e-14,1.118726696e-13,3.490514147e-13,1.071968922e-13,4.32122977e-13,5.033044949e-14,2.887095389e-13,5.615371336e-14
148.8984375,4.811518977e-13,3.883578728e-13,7.3170514e-13,1.316799194e-13,9.29702006e-14,1.744500167e-13,1.174505781e-13,2.337418636e-13,8.710999144e-14,9.96027756e-14,2.826755515e-13,4.861167187e-14,1.777065298e-13,1.829653881e-13,3.624184245e-13,6.024942857e-13,2.326150713e-13,3.13709231e-13,4.369230179e-14,4.365273308e-13,1.084769941e-13,2.286157551e-14,2.642229727e-14,1.834091787e-13,4.377842518e-14,1.135217667e-13,3.4964546e-13,1.067579037e-13,4.354494039e-13,5.077026307e-14,2.908218124e-13,5.693692302e-14
148.90625,4.820345611e-13,3.851293097e-13,7.413956962e-13,1.304672632e-13,9.282048454e-14,1.746290917e-13,1.184914095e-13,2.337465975e-13,8.708236137e-14,9.977100226e-14,2.874385071e-13,4.85476177e-14,1.753194717e-13,1.806364322e-13,3.614061179e-13,6.009151938e-13,2.315139551e-13,3.106693588e-13,4.351243697e-14,4.387996629e-13,1.092620857e-13,2.302779745e-14,2.635258751e-14,1.841659947e-13,4.359469541e-14,1.152991905e-13,3.503224944e-13,1.064343471e-13,4.387863054e-13,5.125813264e-14,2.929761505e-13,5.772476878e-14
148.9140625,4.832162333e-13,3.819781442e-13,7.508176339e-13,1.295246506e-13,9.272892082e-14,1.748208256e-13,1.194750736e-13,2.33845489e-13,8.703651139e-14,9.991327438e-14,2.922211223e-13,4.847852676e-14,1.730925058e-13,1.784931114e-13,3.60766927e-13,6.000770785e-13,2.30852495e-13,3.079127249e-13,4.336935421e-14,4.414010889e-13,1.100473934e-13,2.319689145e-14,2.628577604e-14,1.85054896e-13,4.345784662e-14,1.171781401e-13,3.51203581e-13,1.061591447e-13,4.421717866e-13,5.177046713e-14,2.952470505e-13,5.851374176e-14
148.921875,4.841185194e-13,3.786276927e-13,7.599807191e-13,1.2864227e-13,9.260956098e-14,1.750591831e-13,1.204174043e-13,2.339862967e-13,8.695127823e-14,9.99913769e-14,2.969840108e-13,4.841969745e-14,1.709328255e-13,1.764136271e-13,3.602592536e-13,5.997083281e-13,2.304229234e-13,3.052028724e-13,4.320527071e-14,4.439976462e-13,1.107870501e-13,2.335517399e-14,2.623010098e-14,1.859467354e-13,4.334912977e-14,1.19214931e-13,3.523521038e-13,1.05704635e-13,4.45542518e-13,5.232665063e-14,2.975809525e-13,5.928191266e-14
148.9296875,4.844318758e-13,3.750842075e-13,7.687426601e-13,1.277521827e-13,9.238663569e-14,1.752226443e-13,1.213423285e-13,2.340881414e-13,8.682487677e-14,1.000147288e-13,3.016018639e-13,4.837709289e-14,1.687591912e-13,1.74254059e-13,3.597821061e-13,5.995568866e-13,2.300126342e-13,3.024325113e-13,4.301786653e-14,4.462388884e-13,1.11507382e-13,2.349429085e-14,2.620853774e-14,1.866507137e-13,4.327193226e-14,1.2143139e-13,3.536447608e-13,1.051662044e-13,4.488397768e-13,5.293806792e-14,2.998851729e-13,6.00227708e-14
148.9375,4.847765456e-13,3.714608095e-13,7.770876403e-13,1.27024643e-13,9.215838175e-14,1.752346467e-13,1.222189676e-13,2.341771979e-13,8.669557608e-14,1.000335311e-13,3.060913344e-13,4.834561859e-14,1.666855121e-13,1.721749557e-13,3.595971313e-13,5.998728799e-13,2.298238632e-13,2.997863626e-13,4.284280987e-14,4.484411171e-13,1.122639554e-13,2.362817179e-14,2.621941811e-14,1.873085438e-13,4.323002421e-14,1.237580573e-13,3.549458705e-13,1.047414463e-13,4.522019474e-13,5.356483748e-14,3.021546254e-13,6.075493941e-14
148.9453125,4.853068357e-13,3.678461363e-13,7.851082994e-13,1.263837594e-13,9.194239771e-14,1.752040955e-13,1.230406115e-13,2.342396554e-13,8.655530328e-14,1.000640868e-13,3.105258971e-13,4.834632758e-14,1.648276414e-13,1.703606025e-13,3.596577362e-13,6.00718175e-13,2.300302864e-13,2.973722109e-13,4.267469424e-14,4.507653884e-13,1.13005079e-13,2.376756472e-14,2.625030876e-14,1.880818285e-13,4.321682242e-14,1.261827064e-13,3.564265265e-13,1.043470267e-13,4.556069543e-13,5.422305747e-14,3.045092959e-13,6.146650518e-14
148.953125,4.85388469e-13,3.643396393e-13,7.926222772e-13,1.256428772e-13,9.164366986e-14,1.751958136e-13,1.238183939e-13,2.342633649e-13,8.639070599e-14,1.000929061e-13,3.148488199e-13,4.839722875e-14,1.630631907e-13,1.687010951e-13,3.596608203e-13,6.017261127e-13,2.304159433e-13,2.950691285e-13,4.24892537e-14,4.528922951e-13,1.136915671e-13,2.39186009e-14,2.631242323e-14,1.88891544e-13,4.323385093e-14,1.287872953e-13,3.582107475e-13,1.038868259e-13,4.588975318e-13,5.496070724e-14,3.070126368e-13,6.212765539e-14
148.9609375,4.851021062e-13,3.610504034e-13,7.996528597e-13,1.249242742e-13,9.12960021e-14,1.751382057e-13,1.245612282e-13,2.343030074e-13,8.621337441e-14,1.000990443e-13,3.190337318e-13,4.848211706e-14,1.612952797e-13,1.670864265e-13,3.597194182e-13,6.027929137e-13,2.308276947e-13,2.928111497e-13,4.229203672e-14,4.547516742e-13,1.143908706e-13,2.407645265e-14,2.639938835e-14,1.896915862e-13,4.327648983e-14,1.315317954e-13,3.599887529e-13,1.034623734e-13,4.621667305e-13,5.574828142e-14,3.096006918e-13,6.274718896e-14
148.96875,4.848322786e-13,3.578607616e-13,8.065698251e-13,1.243618967e-13,9.090846444e-14,1.7505536e-13,1.253139086e-13,2.343706561e-13,8.600965018e-14,1.000665109e-13,3.231738623e-13,4.857927798e-14,1.595825995e-13,1.655199537e-13,3.600322675e-13,6.040886958e-13,2.31356711e-13,2.905708224e-13,4.208237912e-14,4.564713688e-13,1.150737796e-13,2.422522988e-14,2.648449445e-14,1.904847709e-13,4.33339386e-14,1.342836958e-13,3.616672561e-13,1.030718341e-13,4.655327284e-13,5.655051263e-14,3.122243195e-13,6.335156971e-14
148.9765625,4.84228634e-13,3.544161266e-13,8.133767161e-13,1.238670572e-13,9.038515494e-14,1.750336012e-13,1.260822491e-13,2.344336082e-13,8.576179557e-14,9.998103423e-14,3.27303224e-13,4.867671652e-14,1.579115698e-13,1.639778111e-13,3.605050359e-13,6.056908145e-13,2.320376258e-13,2.882547487e-13,4.183633982e-14,4.580565745e-13,1.156666574e-13,2.43652678e-14,2.658728272e-14,1.911700788e-13,4.342643166e-14,1.371372759e-13,3.636779038e-13,1.025541164e-13,4.690152806e-13,5.740149416e-14,3.148880948e-13,6.396028408e-14
148.984375,4.833699009e-13,3.507530706e-13,8.197627339e-13,1.234304846e-13,8.986529058e-14,1.750134324e-13,1.268042092e-13,2.344814585e-13,8.547636839e-14,9.982500161e-14,3.313391956e-13,4.877487286e-14,1.562722352e-13,1.625538902e-13,3.611149404e-13,6.076140413e-13,2.328952256e-13,2.859667566e-13,4.157503615e-14,4.596499549e-13,1.162613541e-13,2.450151786e-14,2.673021425e-14,1.917627292e-13,4.356143859e-14,1.402520987e-13,3.660427731e-13,1.019538292e-13,4.725461555e-13,5.83287635e-14,3.175745571e-13,6.457456823e-14
148.9921875,4.828968888e-13,3.473175059e-13,8.254778511e-13,1.230927039e-13,8.953240533e-14,1.748946896e-13,1.274807633e-13,2.345120085e-13,8.515760365e-14,9.963996608e-14,3.351310523e-13,4.887772818e-14,1.547176429e-13,1.613165119e-13,3.618320709e-13,6.096851444e-13,2.3397882e-13,2.838749463e-13,4.134578465e-14,4.612658196e-13,1.168907453e-13,2.462105461e-14,2.68705539e-14,1.924117739e-13,4.368626291e-14,1.434642893e-13,3.681951922e-13,1.014900958e-13,4.756857802e-13,5.93003205e-14,3.201745407e-13,6.515058938e-14
149,4.824282323e-13,3.440085469e-13,8.304149885e-13,1.227524643e-13,8.916627566e-14,1.746599043e-13,1.281477093e-13,2.345174132e-13,8.481470699e-14,9.948958473e-14,3.385882617e-13,4.897604699e-14,1.531334427e-13,1.600451341e-13,3.624291267e-13,6.116291735e-13,2.351546903e-13,2.817920255e-13,4.111827098e-14,4.626360338e-13,1.174152677e-13,2.472836446e-14,2.698955328e-14,1.930832812e-13,4.377151719e-14,1.465902861e-13,3.700042165e-13,1.011145362e-13,4.781823404e-13,6.026843687e-14,3.225667113e-13,6.566462849e-14
149.0078125,4.812475512e-13,3.403846072e-13,8.34892599e-13,1.224009039e-13,8.855602144e-14,1.743511375e-13,1.287610195e-13,2.344690158e-13,8.446001539e-14,9.931592894e-14,3.418761899e-13,4.90782483e-14,1.51434401e-13,1.5866218e-13,3.629059213e-13,6.135501216e-13,2.363220178e-13,2.795441336e-13,4.083286666e-14,4.638759292e-13,1.178458169e-13,2.485114252e-14,2.713622457e-14,1.93650494e-13,4.385150066e-14,1.497757932e-13,3.718942541e-13,1.006004648e-13,4.804920956e-13,6.122764434e-14,3.248497007e-13,6.616204318e-14
149.015625,4.798011678e-13,3.36748933e-13,8.392258247e-13,1.221453452e-13,8.789247944e-14,1.740930462e-13,1.292966217e-13,2.343455604e-13,8.407098082e-14,9.90511407e-14,3.452240185e-13,4.922014442e-14,1.498546926e-13,1.574429532e-13,3.635599937e-13,6.158021217e-13,2.376534116e-13,2.773977084e-13,4.051496031e-14,4.652289582e-13,1.183483234e-13,2.498166577e-14,2.73115412e-14,1.941622353e-13,4.395048463e-14,1.53146987e-13,3.74076186e-13,1.000115139e-13,4.829022217e-13,6.220702285e-14,3.272366507e-13,6.665075037e-14
149.0234375,4.787549565e-13,3.334966951e-13,8.431386135e-13,1.219424101e-13,8.732510149e-14,1.739278904e-13,1.298007353e-13,2.342089125e-13,8.362997609e-14,9.87873112e-14,3.485766058e-13,4.940682882e-14,1.485723703e-13,1.564805402e-13,3.645659646e-13,6.185307626e-13,2.392610903e-13,2.755844997e-13,4.022288979e-14,4.664642142e-13,1.189487796e-13,2.508801895e-14,2.746551669e-14,1.947225893e-13,4.407404573e-14,1.566254167e-13,3.76458809e-13,9.954518071e-14,4.852881848e-13,6.322050911e-14,3.296974039e-13,6.709253388e-14
149.03125,4.780095454e-13,3.302512631e-13,8.465219374e-13,1.217516048e-13,8.678092038e-14,1.736876219e-13,1.302835053e-13,2.341288975e-13,8.318998875e-14,9.859386003e-14,3.51768432e-13,4.959832952e-14,1.474335472e-13,1.556127257e-13,3.658454356e-13,6.216468692e-13,2.41023051e-13,2.739752865e-13,3.996653652e-14,4.675954817e-13,1.195243446e-13,2.519048407e-14,2.761561962e-14,1.95323695e-13,4.423443786e-14,1.601809077e-13,3.789403373e-13,9.916049157e-14,4.876931059e-13,6.427520993e-14,3.320743689e-13,6.752548749e-14
149.0390625,4.771832848e-13,3.269335358e-13,8.496900053e-13,1.216821709e-13,8.62022949e-14,1.733317872e-13,1.307532443e-13,2.340808343e-13,8.280711989e-14,9.840223689e-14,3.547845932e-13,4.975514288e-14,1.462845212e-13,1.547735061e-13,3.671919053e-13,6.249293057e-13,2.428516851e-13,2.723918582e-13,3.971876168e-14,4.689640097e-13,1.199532428e-13,2.533248091e-14,2.781456955e-14,1.959017333e-13,4.442227903e-14,1.638120052e-13,3.814109506e-13,9.877886201e-14,4.899101153e-13,6.538029673e-14,3.343629279e-13,6.799805487e-14
149.046875,4.758646448e-13,3.239436889e-13,8.524727662e-13,1.21725013e-13,8.549905163e-14,1.730437184e-13,1.312452377e-13,2.34052175e-13,8.244956128e-14,9.82043145e-14,3.5762313e-13,4.988362312e-14,1.451606325e-13,1.539470967e-13,3.685111218e-13,6.282405124e-13,2.447710879e-13,2.707303013e-13,3.942793196e-14,4.702936406e-13,1.202343582e-13,2.549066676e-14,2.804910003e-14,1.964374022e-13,4.461910315e-14,1.674547252e-13,3.838178522e-13,9.843255759e-14,4.915531129e-13,6.65083789e-14,3.36599689e-13,6.845243496e-14
149.0546875,4.739028132e-13,3.209369971e-13,8.544914962e-13,1.217526454e-13,8.465341265e-14,1.728288794e-13,1.317300241e-13,2.340887644e-13,8.206346373e-14,9.805570527e-14,3.602377324e-13,5.004579615e-14,1.441311678e-13,1.531496976e-13,3.699317188e-13,6.317074071e-13,2.468273348e-13,2.689848201e-13,3.906648873e-14,4.71222027e-13,1.204962917e-13,2.561821483e-14,2.82801502e-14,1.96978563e-13,4.482947353e-14,1.711284885e-13,3.862515122e-13,9.80836233e-14,4.928814911e-13,6.763253022e-14,3.388308519e-13,6.884131305e-14
149.0625,4.718297642e-13,3.175633939e-13,8.559025571e-13,1.217894106e-13,8.388324396e-14,1.725355791e-13,1.321692567e-13,2.341567327e-13,8.165964601e-14,9.791093856e-14,3.626692194e-13,5.028365166e-14,1.431982621e-13,1.525161661e-13,3.715082944e-13,6.3538749e-13,2.490600886e-13,2.673617484e-13,3.868839161e-14,4.720599027e-13,1.208016816e-13,2.573679487e-14,2.850732231e-14,1.97526005e-13,4.504887747e-14,1.749103918e-13,3.888070698e-13,9.77226517e-14,4.941754933e-13,6.877770558e-14,3.412019357e-13,6.921654238e-14
149.0703125,4.701313407e-13,3.144070281e-13,8.569088878e-13,1.219483473e-13,8.326181219e-14,1.721556286e-13,1.325652084e-13,2.341822545e-13,8.1266933e-14,9.770335897e-14,3.649982879e-13,5.055299546e-14,1.423048699e-13,1.520741449e-13,3.731403429e-13,6.391449616e-13,2.514316822e-13,2.660135159e-13,3.835333953e-14,4.729511988e-13,1.21096723e-13,2.588405501e-14,2.873574678e-14,1.980149746e-13,4.5251369e-14,1.787754663e-13,3.914637534e-13,9.745296774e-14,4.951456275e-13,6.995871008e-14,3.437141136e-13,6.960502395e-14
149.078125,4.685965565e-13,3.115942829e-13,8.574493815e-13,1.222386468e-13,8.260271701e-14,1.717440527e-13,1.328808185e-13,2.342063655e-13,8.088760125e-14,9.745102218e-14,3.672322498e-13,5.079639962e-14,1.414234361e-13,1.517198757e-13,3.748693754e-13,6.430575346e-13,2.539111022e-13,2.648427412e-13,3.805475612e-14,4.736281846e-13,1.213697285e-13,2.604220299e-14,2.895354435e-14,1.984952812e-13,4.543867121e-14,1.826393229e-13,3.94113043e-13,9.72537145e-14,4.95763831e-13,7.11474134e-14,3.461459171e-13,6.996125708e-14
149.0859375,4.669424104e-13,3.085533524e-13,8.575008034e-13,1.225769205e-13,8.188320617e-14,1.713487302e-13,1.331191375e-13,2.342876586e-13,8.05184566e-14,9.71821216e-14,3.693184506e-13,5.102195922e-14,1.406037287e-13,1.514653774e-13,3.767821279e-13,6.472849089e-13,2.565965318e-13,2.637931515e-13,3.777050506e-14,4.742100814e-13,1.216222627e-13,2.619167614e-14,2.916352003e-14,1.990615833e-13,4.564703982e-14,1.864905593e-13,3.967030751e-13,9.70040103e-14,4.963202159e-13,7.233067305e-14,3.484247799e-13,7.027134556e-14
149.09375,4.65192708e-13,3.053989367e-13,8.569100556e-13,1.229122231e-13,8.121201255e-14,1.70996383e-13,1.333492726e-13,2.34389323e-13,8.015591844e-14,9.691727879e-14,3.711696378e-13,5.126249153e-14,1.398693463e-13,1.513319849e-13,3.787128943e-13,6.51598212e-13,2.594788003e-13,2.628988987e-13,3.748765861e-14,4.749820354e-13,1.217958336e-13,2.634605974e-14,2.938559354e-14,1.996677244e-13,4.588358376e-14,1.903919545e-13,3.993167509e-13,9.671879353e-14,4.967449682e-13,7.351992271e-14,3.506751418e-13,7.056420345e-14
149.1015625,4.634002387e-13,3.024112813e-13,8.55420562e-13,1.233283579e-13,8.057983493e-14,1.705597926e-13,1.335301512e-13,2.345049314e-13,7.981362204e-14,9.669290114e-14,3.727011878e-13,5.151356594e-14,1.391943877e-13,1.512171492e-13,3.804333028e-13,6.556544425e-13,2.623294783e-13,2.620775354e-13,3.718975901e-14,4.758105894e-13,1.218597844e-13,2.65115639e-14,2.962931674e-14,2.002798882e-13,4.610788777e-14,1.943559306e-13,4.019528276e-13,9.650060999e-14,4.968021567e-13,7.472196973e-14,3.528763305e-13,7.084977605e-14
149.109375,4.615956343e-13,2.993045771e-13,8.531679945e-13,1.238911249e-13,7.997446251e-14,1.700079891e-13,1.336019563e-13,2.346593017e-13,7.950369296e-14,9.648027272e-14,3.739572974e-13,5.173376833e-14,1.385660792e-13,1.510924692e-13,3.819833456e-13,6.594805512e-13,2.650370363e-13,2.612423393e-13,3.687396277e-14,4.763935901e-13,1.218478098e-13,2.668339197e-14,2.988286101e-14,2.008911033e-13,4.629511466e-14,1.98332858e-13,4.044544684e-13,9.637319593e-14,4.963756185e-13,7.594668148e-14,3.548740273e-13,7.113286057e-14
149.1171875,4.596931418e-13,2.961875354e-13,8.505217597e-13,1.244671647e-13,7.935298707e-14,1.69563644e-13,1.33647994e-13,2.347728658e-13,7.916895444e-14,9.620100716e-14,3.751064776e-13,5.191086971e-14,1.379519823e-13,1.510291969e-13,3.835924886e-13,6.633204188e-13,2.677024288e-13,2.604035644e-13,3.653328793e-14,4.765672756e-13,1.21832592e-13,2.685623243e-14,3.012036943e-14,2.013628474e-13,4.645500471e-14,2.023403051e-13,4.068654903e-13,9.626407255e-14,4.954637693e-13,7.721015062e-14,3.566607379e-13,7.141545947e-14
149.125,4.574910126e-13,2.934540917e-13,8.475866307e-13,1.249653087e-13,7.860676847e-14,1.692036357e-13,1.337037395e-13,2.348006357e-13,7.879138379e-14,9.587729337e-14,3.761826826e-13,5.21134171e-14,1.373329e-13,1.510537722e-13,3.85351965e-13,6.672614795e-13,2.704007184e-13,2.595829864e-13,3.615395861e-14,4.764336929e-13,1.218496823e-13,2.702642985e-14,3.033673735e-14,2.017069167e-13,4.659526514e-14,2.064157683e-13,4.094378425e-13,9.614286488e-14,4.943156587e-13,7.850176298e-14,3.583837614e-13,7.16775138e-14
149.1328125,4.550539584e-13,2.908494015e-13,8.442690614e-13,1.254865831e-13,7.781233368e-14,1.686957483e-13,1.33710799e-13,2.348449487e-13,7.849204653e-14,9.55918186e-14,3.770340872e-13,5.239128411e-14,1.367520251e-13,1.511651202e-13,3.871367545e-13,6.711736276e-13,2.731410798e-13,2.588082923e-13,3.575633607e-14,4.763352232e-13,1.218066402e-13,2.721613031e-14,3.057159e-14,2.021501771e-13,4.673160193e-14,2.105066747e-13,4.121725457e-13,9.609374922e-14,4.931525257e-13,7.977307256e-14,3.601315652e-13,7.193024694e-14
149.140625,4.526577249e-13,2.879547757e-13,8.403721365e-13,1.260486688e-13,7.710525983e-14,1.682025513e-13,1.337119197e-13,2.349356401e-13,7.829289505e-14,9.532461281e-14,3.775885895e-13,5.265571813e-14,1.361839657e-13,1.512859741e-13,3.888378255e-13,6.749096527e-13,2.759009047e-13,2.58023411e-13,3.535929927e-14,4.763726e-13,1.21619578e-13,2.743679421e-14,3.084831465e-14,2.026605451e-13,4.688053438e-14,2.145528688e-13,4.148255206e-13,9.610642077e-14,4.917671655e-13,8.09879732e-14,3.617929788e-13,7.220597921e-14
149.1484375,4.504348428e-13,2.847988942e-13,8.355572733e-13,1.265925585e-13,7.640951452e-14,1.67959625e-13,1.337601608e-13,2.350144006e-13,7.804277334e-14,9.502859865e-14,3.77852264e-13,5.279875173e-14,1.355389135e-13,1.51245423e-13,3.90430322e-13,6.784782502e-13,2.78608566e-13,2.57098502e-13,3.495034187e-14,4.76356281e-13,1.213273302e-13,2.76500685e-14,3.112254422e-14,2.030733173e-13,4.701175143e-14,2.185273878e-13,4.173102601e-13,9.604067466e-14,4.898453557e-13,8.215483406e-14,3.6317864e-13,7.248471265e-14
149.15625,4.484009272e-13,2.816587164e-13,8.298272725e-13,1.27195558e-13,7.569901822e-14,1.677626724e-13,1.337884652e-13,2.351325108e-13,7.775176201e-14,9.474559796e-14,3.778246236e-13,5.287816759e-14,1.34864371e-13,1.510782875e-13,3.918723472e-13,6.819636946e-13,2.812456793e-13,2.56123019e-13,3.454925131e-14,4.763697906e-13,1.209696131e-13,2.785552447e-14,3.135658041e-14,2.034954399e-13,4.709450945e-14,2.224379109e-13,4.197398161e-13,9.594020889e-14,4.874414087e-13,8.329969331e-14,3.643280448e-13,7.275951166e-14
149.1640625,4.464548151e-13,2.787688805e-13,8.237517666e-13,1.279008798e-13,7.509121594e-14,1.674300254e-13,1.337414225e-13,2.353184855e-13,7.757463152e-14,9.448826924e-14,3.777350479e-13,5.302420156e-14,1.342981624e-13,1.510638435e-13,3.93245427e-13,6.85430037e-13,2.838809153e-13,2.553173686e-13,3.419352516e-14,4.76540087e-13,1.206141139e-13,2.810599653e-14,3.157454172e-14,2.039662012e-13,4.716020258e-14,2.263797465e-13,4.222402799e-13,9.59859947e-14,4.848332096e-13,8.445681589e-14,3.654555699e-13,7.306977117e-14
149.171875,4.44444327e-13,2.759881195e-13,8.176982193e-13,1.286271214e-13,7.455110553e-14,1.670717643e-13,1.336421159e-13,2.35485575e-13,7.747680794e-14,9.421316181e-14,3.778536096e-13,5.323506369e-14,1.338613853e-13,1.512773549e-13,3.948132814e-13,6.890162986e-13,2.86603556e-13,2.54666101e-13,3.385993221e-14,4.76588681e-13,1.203663608e-13,2.838068445e-14,3.179902543e-14,2.04328357e-13,4.724572392e-14,2.303901935e-13,4.248451976e-13,9.617946122e-14,4.820744146e-13,8.564959904e-14,3.665488447e-13,7.339093757e-14
149.1796875,4.423375995e-13,2.730301409e-13,8.114691674e-13,1.293650546e-13,7.39528284e-14,1.667429706e-13,1.335434163e-13,2.356384901e-13,7.733885704e-14,9.394648467e-14,3.77963345e-13,5.342311416e-14,1.334673145e-13,1.51522449e-13,3.966441928e-13,6.927583532e-13,2.894738576e-13,2.54010849e-13,3.349306143e-14,4.764244715e-13,1.201468836e-13,2.861413313e-14,3.202651217e-14,2.046378325e-13,4.734240881e-14,2.343795364e-13,4.274161491e-13,9.64056753e-14,4.790017925e-13,8.684633828e-14,3.674527015e-13,7.367518069e-14
149.1875,4.399299253e-13,2.700056196e-13,8.048665075e-13,1.301508248e-13,7.325576802e-14,1.664384949e-13,1.334848114e-13,2.358189541e-13,7.71781375e-14,9.371799449e-14,3.777017016e-13,5.358619718e-14,1.330549735e-13,1.517397226e-13,3.984775423e-13,6.963092094e-13,2.923849964e-13,2.532420573e-13,3.306507819e-14,4.763413192e-13,1.198152113e-13,2.881988444e-14,3.226187757e-14,2.049948414e-13,4.742599545e-14,2.383545849e-13,4.29802205e-13,9.658158654e-14,4.756269081e-13,8.801633269e-14,3.682526366e-13,7.395242783e-14
149.1953125,4.370694853e-13,2.670490748e-13,7.978356493e-13,1.309865883e-13,7.248756403e-14,1.661695763e-13,1.334341291e-13,2.35989539e-13,7.704633136e-14,9.349558078e-14,3.771450338e-13,5.378391877e-14,1.326485161e-13,1.520294279e-13,4.002131468e-13,6.994916523e-13,2.951725388e-13,2.523336359e-13,3.259789384e-14,4.763734091e-13,1.1944286e-13,2.903985199e-14,3.24967057e-14,2.053049008e-13,4.748893352e-14,2.423910226e-13,4.32116736e-13,9.669916278e-14,4.720732915e-13,8.918888057e-14,3.69068546e-13,7.425428589e-14
149.203125,4.342970618e-13,2.64074878e-13,7.902589798e-13,1.319281023e-13,7.18103769e-14,1.658758932e-13,1.333419913e-13,2.362149118e-13,7.698852002e-14,9.329509892e-14,3.764593942e-13,5.401072158e-14,1.322888751e-13,1.523790326e-13,4.020928728e-13,7.027888296e-13,2.979441611e-13,2.514578772e-13,3.215959042e-14,4.765277835e-13,1.190920131e-13,2.928607598e-14,3.270411933e-14,2.056143133e-13,4.754197366e-14,2.464451338e-13,4.345100959e-13,9.690712739e-14,4.682314184e-13,9.036454882e-14,3.697614169e-13,7.459222935e-14
149.2109375,4.319210426e-13,2.612090883e-13,7.821231623e-13,1.330043647e-13,7.132334242e-14,1.656015221e-13,1.332172422e-13,2.365630485e-13,7.703951284e-14,9.313537738e-14,3.755473452e-13,5.422236788e-14,1.319408373e-13,1.527176041e-13,4.041456348e-13,7.064512578e-13,3.008497612e-13,2.507608912e-13,3.177527183e-14,4.769837956e-13,1.186661493e-13,2.957399253e-14,3.28894933e-14,2.060516476e-13,4.758160651e-14,2.504545724e-13,4.368307551e-13,9.729188249e-14,4.639299478e-13,9.148896953e-14,3.702305943e-13,7.498039246e-14
149.21875,4.293244691e-13,2.585563891e-13,7.735069984e-13,1.341061825e-13,7.082374536e-14,1.654524479e-13,1.330638819e-13,2.368857076e-13,7.71165571e-14,9.29647632e-14,3.743757319e-13,5.442143557e-14,1.315765385e-13,1.530407261e-13,4.060162701e-13,7.099539592e-13,3.037141549e-13,2.500839412e-13,3.139405946e-14,4.773291092e-13,1.181435209e-13,2.988504345e-14,3.307900302e-14,2.065155415e-13,4.758293041e-14,2.543797618e-13,4.389628346e-13,9.770021647e-14,4.592325552e-13,9.255422517e-14,3.705800711e-13,7.534729963e-14
149.2265625,4.264817468e-13,2.55947978e-13,7.643800053e-13,1.351133421e-13,7.02518826e-14,1.652997391e-13,1.328793411e-13,2.370960049e-13,7.716261037e-14,9.279962392e-14,3.730841846e-13,5.461684849e-14,1.312545151e-13,1.533370075e-13,4.075295137e-13,7.129414131e-13,3.063465591e-13,2.493619377e-13,3.102385481e-14,4.770550457e-13,1.175785967e-13,3.017634157e-14,3.327140812e-14,2.069038817e-13,4.754898817e-14,2.581346379e-13,4.410902074e-13,9.809690481e-14,4.543054147e-13,9.357894757e-14,3.708594469e-13,7.561659953e-14
149.234375,4.241458491e-13,2.533002272e-13,7.546718624e-13,1.36031766e-13,6.985530288e-14,1.65021854e-13,1.326783229e-13,2.372916933e-13,7.726871954e-14,9.269777556e-14,3.716841277e-13,5.478344153e-14,1.309899526e-13,1.53603619e-13,4.08810518e-13,7.155200856e-13,3.087681977e-13,2.48795396e-13,3.073196772e-14,4.766073833e-13,1.169734627e-13,3.047337821e-14,3.345229944e-14,2.072319001e-13,4.750309632e-14,2.61720764e-13,4.432523645e-13,9.859744139e-14,4.491892544e-13,9.453676954e-14,3.710243795e-13,7.585463124e-14
149.2421875,4.22115105e-13,2.505657129e-13,7.443819128e-13,1.370046765e-13,6.958303266e-14,1.647632741e-13,1.324358927e-13,2.374694825e-13,7.744250442e-14,9.260477746e-14,3.700240633e-13,5.49344371e-14,1.307470222e-13,1.53908517e-13,4.099943828e-13,7.177763707e-13,3.11052488e-13,2.483799692e-13,3.048283149e-14,4.764235911e-13,1.163384386e-13,3.08105058e-14,3.362706188e-14,2.074714342e-13,4.745063918e-14,2.652546324e-13,4.452700278e-13,9.909036826e-14,4.43830773e-13,9.542614974e-14,3.710861477e-13,7.61262804e-14
149.25,4.19754449e-13,2.477614413e-13,7.337462673e-13,1.381571797e-13,6.918452155e-14,1.646245382e-13,1.321761836e-13,2.376040124e-13,7.759972235e-14,9.248767801e-14,3.681001448e-13,5.512940353e-14,1.305737357e-13,1.543132723e-13,4.113345267e-13,7.200752243e-13,3.13394058e-13,2.479747558e-13,3.019772706e-14,4.762367073e-13,1.156937014e-13,3.115326252e-14,3.381588377e-14,2.076667559e-13,4.741156938e-14,2.687892819e-13,4.471949002e-13,9.950064797e-14,4.383194233e-13,9.630707488e-14,3.711207755e-13,7.640023835e-14
149.2578125,4.173410136e-13,2.451610267e-13,7.231817505e-13,1.393984673e-13,6.878564679e-14,1.645393506e-13,1.319999533e-13,2.377934852e-13,7.778382142e-14,9.242932702e-14,3.661510584e-13,5.537440458e-14,1.305038571e-13,1.548142756e-13,4.129974814e-13,7.227872451e-13,3.159308667e-13,2.476474911e-13,2.990794787e-14,4.760537116e-13,1.150469722e-13,3.148344463e-14,3.402474775e-14,2.079149117e-13,4.740869035e-14,2.722713716e-13,4.491608879e-13,1.000524651e-13,4.328499912e-13,9.719944527e-14,3.712204116e-13,7.668067322e-14
149.265625,4.151310895e-13,2.427831339e-13,7.126804265e-13,1.405813456e-13,6.855118912e-14,1.644613092e-13,1.31867075e-13,2.380092024e-13,7.804087188e-14,9.245093281e-14,3.642583446e-13,5.562402801e-14,1.304630601e-13,1.553426733e-13,4.146143679e-13,7.254236844e-13,3.183918261e-13,2.474214686e-13,2.966393894e-14,4.760209675e-13,1.144113714e-13,3.181895065e-14,3.423453529e-14,2.081699307e-13,4.741134605e-14,2.756292908e-13,4.510975346e-13,1.007843788e-13,4.273459691e-13,9.805712344e-14,3.713693372e-13,7.698829084e-14
149.2734375,4.129312631e-13,2.40419639e-13,7.017803821e-13,1.417785215e-13,6.837024978e-14,1.643592781e-13,1.316581323e-13,2.381173882e-13,7.830885544e-14,9.249080315e-14,3.621691547e-13,5.586059845e-14,1.304163984e-13,1.557957717e-13,4.158615216e-13,7.274698407e-13,3.205451102e-13,2.471937802e-13,2.944714754e-14,4.758258149e-13,1.137359296e-13,3.215757672e-14,3.443392728e-14,2.083752214e-13,4.737920881e-14,2.788718583e-13,4.529760731e-13,1.015112728e-13,4.215654921e-13,9.88592036e-14,3.713795279e-13,7.729535541e-14
149.28125,4.109645926e-13,2.382224656e-13,6.903652925e-13,1.43100767e-13,6.825148323e-14,1.642350437e-13,1.314140404e-13,2.381446645e-13,7.859378828e-14,9.252316079e-14,3.597827633e-13,5.607971599e-14,1.303857902e-13,1.561502522e-13,4.170074753e-13,7.292711664e-13,3.225615811e-13,2.470034322e-13,2.925582261e-14,4.754770891e-13,1.129784253e-13,3.251409834e-14,3.463087143e-14,2.085462908e-13,4.730935297e-14,2.820715643e-13,4.54759353e-13,1.022953154e-13,4.155185245e-13,9.962715559e-14,3.711427437e-13,7.760738617e-14
149.2890625,4.093298876e-13,2.36175087e-13,6.788121804e-13,1.444571802e-13,6.826369293e-14,1.641891311e-13,1.311816213e-13,2.381720261e-13,7.894841636e-14,9.254343768e-14,3.573333191e-13,5.627976831e-14,1.303522698e-13,1.56458128e-13,4.182507241e-13,7.310709887e-13,3.245183409e-13,2.468875079e-13,2.910260864e-14,4.753196875e-13,1.122254886e-13,3.291079289e-14,3.481585595e-14,2.087021386e-13,4.721273825e-14,2.852177855e-13,4.562541319e-13,1.032108005e-13,4.093297568e-13,1.003736255e-13,3.708233714e-13,7.794246244e-14
149.296875,4.075211688e-13,2.33854356e-13,6.674007348e-13,1.457412254e-13,6.827308432e-14,1.642707554e-13,1.309028634e-13,2.382185485e-13,7.935905081e-14,9.257207052e-14,3.549394688e-13,5.650591723e-14,1.303228702e-13,1.567299516e-13,4.194528995e-13,7.326734908e-13,3.263406255e-13,2.467641404e-13,2.894861015e-14,4.752631004e-13,1.115151192e-13,3.331804534e-14,3.497438557e-14,2.089476809e-13,4.711756408e-14,2.882556861e-13,4.57533728e-13,1.04076954e-13,4.0308155e-13,1.01098732e-13,3.706251865e-13,7.827415011e-14
149.3046875,4.054782463e-13,2.313254117e-13,6.560107335e-13,1.47010429e-13,6.827887158e-14,1.643934319e-13,1.30621084e-13,2.383269673e-13,7.982976017e-14,9.267231714e-14,3.52494552e-13,5.679092039e-14,1.303389275e-13,1.569986777e-13,4.206448832e-13,7.34180187e-13,3.281943682e-13,2.46671747e-13,2.877462362e-14,4.752117188e-13,1.107631618e-13,3.371420871e-14,3.512609852e-14,2.093348691e-13,4.705399891e-14,2.912019032e-13,4.588999576e-13,1.048891124e-13,3.969272035e-13,1.017823786e-13,3.70528259e-13,7.861021488e-14
149.3125,4.036509047e-13,2.290245853e-13,6.443711599e-13,1.483664962e-13,6.843900297e-14,1.644607231e-13,1.304110865e-13,2.38478855e-13,8.036030798e-14,9.286756932e-14,3.499260888e-13,5.709063021e-14,1.303765184e-13,1.573436453e-13,4.218884016e-13,7.357211032e-13,3.30197988e-13,2.467160923e-13,2.863284963e-14,4.752405966e-13,1.099703747e-13,3.412252822e-14,3.528531933e-14,2.097059599e-13,4.700577063e-14,2.940493561e-13,4.603238015e-13,1.058576891e-13,3.908288194e-13,1.024003985e-13,3.704051808e-13,7.89838609e-14
149.3203125,4.020889631e-13,2.270074265e-13,6.325756469e-13,1.498174221e-13,6.868824669e-14,1.644772139e-13,1.302050438e-13,2.385626746e-13,8.08854778e-14,9.312576707e-14,3.472577472e-13,5.73690269e-14,1.303987904e-13,1.577235311e-13,4.230221129e-13,7.37075539e-13,3.321527523e-13,2.468614011e-13,2.855620176e-14,4.751284541e-13,1.091896104e-13,3.455039764e-14,3.543156944e-14,2.099697781e-13,4.693973802e-14,2.967644784e-13,4.616200137e-13,1.069783042e-13,3.844867475e-13,1.030107497e-13,3.702666401e-13,7.937607338e-14
149.328125,4.006517544e-13,2.25121383e-13,6.209783987e-13,1.512790879e-13,6.892475668e-14,1.645400678e-13,1.299660798e-13,2.385704664e-13,8.140867901e-14,9.340501863e-14,3.445955385e-13,5.764354011e-14,1.304226695e-13,1.580412576e-13,4.240224099e-13,7.381611771e-13,3.339266742e-13,2.47050576e-13,2.851067987e-14,4.748751855e-13,1.083839539e-13,3.499032156e-14,3.55654229e-14,2.101739209e-13,4.685717762e-14,2.993827066e-13,4.628153346e-13,1.081218881e-13,3.778425618e-13,1.03680126e-13,3.701766858e-13,7.977692396e-14
149.3359375,3.993710186e-13,2.232504421e-13,6.094827407e-13,1.527010252e-13,6.924916161e-14,1.646889853e-13,1.297474428e-13,2.386027682e-13,8.200403769e-14,9.367402393e-14,3.419997398e-13,5.792837886e-14,1.304669301e-13,1.583194087e-13,4.250712873e-13,7.39180369e-13,3.356210354e-13,2.473196831e-13,2.846361899e-14,4.74860735e-13,1.075511938e-13,3.544042449e-14,3.57168903e-14,2.103311382e-13,4.677903252e-14,3.019174303e-13,4.639618226e-13,1.092852979e-13,3.711501913e-13,1.043220965e-13,3.700528053e-13,8.022145666e-14
149.34375,3.980888748e-13,2.213250758e-13,5.977256535e-13,1.541733619e-13,6.970121622e-14,1.648526356e-13,1.295349102e-13,2.38679709e-13,8.266958633e-14,9.396767453e-14,3.393300095e-13,5.824157166e-14,1.305496597e-13,1.585913473e-13,4.262351699e-13,7.402776585e-13,3.373118125e-13,2.476867309e-13,2.842261677e-14,4.750716211e-13,1.06757546e-13,3.588972473e-14,3.588130574e-14,2.10530241e-13,4.671361789e-14,3.043265223e-13,4.650537596e-13,1.104923641e-13,3.645835654e-13,1.048370737e-13,3.698472894e-13,8.07093169e-14
149.3515625,3.965930248e-13,2.194227759e-13,5.858042267e-13,1.557836062e-13,7.019899277e-14,1.650342391e-13,1.293186893e-13,2.387254474e-13,8.335456144e-14,9.433477925e-14,3.364892692e-13,5.859398901e-14,1.306888024e-13,1.588365498e-13,4.274510566e-13,7.414005105e-13,3.389540843e-13,2.480948625e-13,2.839116399e-14,4.753120714e-13,1.059902622e-13,3.633746156e-14,3.602751498e-14,2.108353053e-13,4.66493628e-14,3.06575442e-13,4.660506964e-13,1.117359132e-13,3.580926476e-13,1.052768578e-13,3.696596748e-13,8.120602484e-14
149.359375,3.95056829e-13,2.176041888e-13,5.739784286e-13,1.574371322e-13,7.070940353e-14,1.653097353e-13,1.291598209e-13,2.387179414e-13,8.404548181e-14,9.472521326e-14,3.335633269e-13,5.893672746e-14,1.308423801e-13,1.590715927e-13,4.286984965e-13,7.424457521e-13,3.405028182e-13,2.484952729e-13,2.835342157e-14,4.756315104e-13,1.052159385e-13,3.679177401e-14,3.615775756e-14,2.110954124e-13,4.657825707e-14,3.086216333e-13,4.668431666e-13,1.130057201e-13,3.515031474e-13,1.056702848e-13,3.694453522e-13,8.171399795e-14
149.3671875,3.93736343e-13,2.159237888e-13,5.621851366e-13,1.59022178e-13,7.123302928e-14,1.65644147e-13,1.290490872e-13,2.38723528e-13,8.47753947e-14,9.510030605e-14,3.30539457e-13,5.925198799e-14,1.309548088e-13,1.592947849e-13,4.300111449e-13,7.434251217e-13,3.41937736e-13,2.489074128e-13,2.832836259e-14,4.759174779e-13,1.044890745e-13,3.725580657e-14,3.628311131e-14,2.112756891e-13,4.650532729e-14,3.104836243e-13,4.674635852e-13,1.142820479e-13,3.448046542e-13,1.059577148e-13,3.691129132e-13,8.226152321e-14
149.375,3.92577659e-13,2.144827073e-13,5.50374607e-13,1.606153208e-13,7.181038848e-14,1.659968382e-13,1.289308032e-13,2.38722023e-13,8.557883719e-14,9.550190861e-14,3.273677959e-13,5.960567541e-14,1.31051585e-13,1.594921275e-13,4.313906667e-13,7.443277356e-13,3.43199743e-13,2.493859441e-13,2.836224372e-14,4.760656988e-13,1.038388174e-13,3.774575528e-14,3.637917167e-14,2.114763317e-13,4.642998555e-14,3.122538709e-13,4.680257112e-13,1.155899559e-13,3.382175268e-13,1.061630736e-13,3.688049868e-13,8.285393139e-14
149.3828125,3.914423009e-13,2.130969319e-13,5.387045737e-13,1.623156847e-13,7.24746528e-14,1.664379758e-13,1.288392136e-13,2.385887795e-13,8.639377314e-14,9.591499539e-14,3.241688787e-13,6.000461465e-14,1.311967482e-13,1.597311488e-13,4.328691229e-13,7.452064973e-13,3.443681778e-13,2.499943065e-13,2.845117068e-14,4.762864595e-13,1.031983104e-13,3.824419975e-14,3.644361618e-14,2.115924895e-13,4.6376449e-14,3.139584835e-13,4.684781951e-13,1.169568582e-13,3.31769805e-13,1.063508099e-13,3.685105951e-13,8.346937218e-14
149.390625,3.903336655e-13,2.11606806e-13,5.272386824e-13,1.640961651e-13,7.314158982e-14,1.669850699e-13,1.2884058e-13,2.383790292e-13,8.714736729e-14,9.632987143e-14,3.20977754e-13,6.040393522e-14,1.314049388e-13,1.600284645e-13,4.345811039e-13,7.464828693e-13,3.457728223e-13,2.507981081e-13,2.856239373e-14,4.765423915e-13,1.025172824e-13,3.86938272e-14,3.653218885e-14,2.11644358e-13,4.63951155e-14,3.155874733e-13,4.688849998e-13,1.18348746e-13,3.253275937e-13,1.065098632e-13,3.680070946e-13,8.408102869e-14
149.3984375,3.893243786e-13,2.102830116e-13,5.158718591e-13,1.659577649e-13,7.379932729e-14,1.675609255e-13,1.289027359e-13,2.38300212e-13,8.792970561e-14,9.682994218e-14,3.177005113e-13,6.084049178e-14,1.316405799e-13,1.602924047e-13,4.365241148e-13,7.483461478e-13,3.47505563e-13,2.517865873e-13,2.870495529e-14,4.766309075e-13,1.018175917e-13,3.91150819e-14,3.666349432e-14,2.118925788e-13,4.64665495e-14,3.171568256e-13,4.694356675e-13,1.197505792e-13,3.19014339e-13,1.066288196e-13,3.674696099e-13,8.469313981e-14
149.40625,3.885094288e-13,2.091613835e-13,5.045641936e-13,1.679327724e-13,7.455820444e-14,1.680807528e-13,1.288992189e-13,2.383295374e-13,8.881620954e-14,9.740471522e-14,3.143908225e-13,6.132595656e-14,1.318707276e-13,1.604950651e-13,4.38486132e-13,7.503019993e-13,3.49212639e-13,2.528570306e-13,2.888516611e-14,4.768366513e-13,1.011267813e-13,3.956924257e-14,3.678282831e-14,2.122420713e-13,4.652186822e-14,3.186665004e-13,4.700147018e-13,1.211486553e-13,3.129110885e-13,1.067235969e-13,3.671751868e-13,8.534532951e-14
149.4140625,3.878608183e-13,2.079526372e-13,4.934227068e-13,1.699163843e-13,7.537324911e-14,1.68453963e-13,1.287752411e-13,2.382838887e-13,8.971494826e-14,9.798035996e-14,3.111296757e-13,6.178691647e-14,1.321023879e-13,1.606596364e-13,4.403225775e-13,7.519730206e-13,3.507013469e-13,2.539395394e-13,2.907250839e-14,4.773956992e-13,1.004489956e-13,4.002708013e-14,3.687557476e-14,2.124419402e-13,4.656453208e-14,3.201382323e-13,4.704589589e-13,1.225280025e-13,3.067997223e-13,1.067974368e-13,3.669415121e-13,8.603707189e-14
149.421875,3.871716241e-13,2.067126612e-13,4.825019954e-13,1.718186612e-13,7.617887007e-14,1.68710774e-13,1.286396101e-13,2.381629265e-13,9.061559553e-14,9.861940001e-14,3.078899353e-13,6.225220258e-14,1.323486935e-13,1.607389542e-13,4.419217906e-13,7.533090028e-13,3.520491078e-13,2.550314335e-13,2.927459389e-14,4.77943773e-13,9.97947695e-14,4.04669862e-14,3.699119754e-14,2.126496203e-13,4.662623854e-14,3.215343166e-13,4.708500375e-13,1.239952069e-13,3.006659363e-13,1.068517779e-13,3.666988077e-13,8.671395368e-14
149.4296875,3.8647301e-13,2.055365744e-13,4.717716894e-13,1.73731118e-13,7.709275792e-14,1.690585791e-13,1.285583697e-13,2.380195121e-13,9.161274118e-14,9.934418138e-14,3.046876141e-13,6.280360798e-14,1.325801795e-13,1.606664841e-13,4.432088913e-13,7.542143137e-13,3.531703967e-13,2.561414005e-13,2.953624435e-14,4.782848984e-13,9.91682305e-14,4.094939549e-14,3.713315107e-14,2.129947035e-13,4.668391031e-14,3.227258989e-13,4.711954457e-13,1.256035182e-13,2.947208471e-13,1.068655955e-13,3.666585216e-13,8.738201227e-14
149.4375,3.86025149e-13,2.043868491e-13,4.613012834e-13,1.756753917e-13,7.809999378e-14,1.695813823e-13,1.284549134e-13,2.377671641e-13,9.265008448e-14,1.000380525e-13,3.015430181e-13,6.337971834e-14,1.327808255e-13,1.604693256e-13,4.443985288e-13,7.548969577e-13,3.540224351e-13,2.573042278e-13,2.985133068e-14,4.786513545e-13,9.853976309e-14,4.147173966e-14,3.72602371e-14,2.133044241e-13,4.672201775e-14,3.237466149e-13,4.714957371e-13,1.271954532e-13,2.889386189e-13,1.068184611e-13,3.66695685e-13,8.809593325e-14
149.4453125,3.8568878e-13,2.035086321e-13,4.511135894e-13,1.775125601e-13,7.9035162e-14,1.701171226e-13,1.283407982e-13,2.373741731e-13,9.361787107e-14,1.0070979e-13,2.984611859e-13,6.390440952e-14,1.32985053e-13,1.602794152e-13,4.455954628e-13,7.554937147e-13,3.547415409e-13,2.585323579e-13,3.016785755e-14,4.789338729e-13,9.790277799e-14,4.196220726e-14,3.736822936e-14,2.135619394e-13,4.675359892e-14,3.246701546e-13,4.718061483e-13,1.286985831e-13,2.832329917e-13,1.067450235e-13,3.666654184e-13,8.881983129e-14
149.453125,3.852486252e-13,2.028843557e-13,4.410805868e-13,1.792924786e-13,7.994486245e-14,1.705930521e-13,1.283048662e-13,2.369323063e-13,9.453966478e-14,1.014572457e-13,2.955180873e-13,6.441381204e-14,1.331787911e-13,1.601445494e-13,4.465395757e-13,7.555560766e-13,3.55252804e-13,2.597367274e-13,3.046244336e-14,4.788903931e-13,9.730850342e-14,4.241661956e-14,3.745726735e-14,2.138782565e-13,4.676836762e-14,3.253368378e-13,4.71868477e-13,1.301960575e-13,2.77670769e-13,1.066586882e-13,3.667617069e-13,8.949146225e-14
149.4609375,3.850593289e-13,2.021103227e-13,4.312167499e-13,1.812303458e-13,8.095577828e-14,1.711621299e-13,1.283008382e-13,2.364834146e-13,9.548190801e-14,1.022388514e-13,2.92668962e-13,6.493785051e-14,1.333087696e-13,1.599126048e-13,4.473240902e-13,7.55212447e-13,3.55501611e-13,2.608775244e-13,3.077589836e-14,4.788612655e-13,9.676622345e-14,4.28804048e-14,3.75074961e-14,2.142306789e-13,4.676627e-14,3.257319786e-13,4.715498321e-13,1.317043624e-13,2.721905544e-13,1.065176578e-13,3.669513431e-13,9.016281024e-14
149.46875,3.852794203e-13,2.013851861e-13,4.215779953e-13,1.832419832e-13,8.204484034e-14,1.718883447e-13,1.282825853e-13,2.3602011e-13,9.649168713e-14,1.030192265e-13,2.897507308e-13,6.548925398e-14,1.334268795e-13,1.595192445e-13,4.483393577e-13,7.552843385e-13,3.557939719e-13,2.621084828e-13,3.117450388e-14,4.791300455e-13,9.622359222e-14,4.337440253e-14,3.755452691e-14,2.146040315e-13,4.678866026e-14,3.261185634e-13,4.712760262e-13,1.332822486e-13,2.666722794e-13,1.063257096e-13,3.670595469e-13,9.090226008e-14
149.4765625,3.85437642e-13,2.010657169e-13,4.120456526e-13,1.851066552e-13,8.316955585e-14,1.7259244e-13,1.283040631e-13,2.355524611e-13,9.756331135e-14,1.038835364e-13,2.867877187e-13,6.609857359e-14,1.336215928e-13,1.591171736e-13,4.494766002e-13,7.557162765e-13,3.562646794e-13,2.635460379e-13,3.164993254e-14,4.793443291e-13,9.570025499e-14,4.388346824e-14,3.76528204e-14,2.15007954e-13,4.685563721e-14,3.265173653e-13,4.711820376e-13,1.350149698e-13,2.612376632e-13,1.061323969e-13,3.672271807e-13,9.168104277e-14
149.484375,3.85432055e-13,2.007121844e-13,4.027138059e-13,1.87016327e-13,8.428565622e-14,1.731388604e-13,1.283291672e-13,2.350467525e-13,9.859004874e-14,1.048322544e-13,2.838652083e-13,6.674061603e-14,1.338728335e-13,1.587771643e-13,4.505320391e-13,7.55951916e-13,3.566827724e-13,2.650655734e-13,3.211727303e-14,4.793151662e-13,9.525342312e-14,4.435862948e-14,3.776224304e-14,2.154298649e-13,4.694141609e-14,3.267613155e-13,4.709033128e-13,1.367392815e-13,2.560258055e-13,1.059491448e-13,3.675272709e-13,9.244814248e-14
149.4921875,3.855636484e-13,2.000749269e-13,3.938703019e-13,1.892081393e-13,8.534332437e-14,1.736458857e-13,1.282888065e-13,2.344522684e-13,9.95202828e-14,1.057432803e-13,2.809475972e-13,6.738525003e-14,1.341507559e-13,1.584702759e-13,4.517405665e-13,7.561872817e-13,3.570309153e-13,2.665747183e-13,3.25539222e-14,4.792643038e-13,9.484118554e-14,4.477770088e-14,3.782438895e-14,2.158848591e-13,4.703794465e-14,3.269047056e-13,4.70493151e-13,1.382927972e-13,2.509734434e-13,1.057474473e-13,3.678728286e-13,9.319394151e-14
149.5,3.857272498e-13,1.996538746e-13,3.85459581e-13,1.91384359e-13,8.64042785e-14,1.74259649e-13,1.282349774e-13,2.338066679e-13,1.004404637e-13,1.065797194e-13,2.780905888e-13,6.80647671e-14,1.344678048e-13,1.582247675e-13,4.531756713e-13,7.567059406e-13,3.575108131e-13,2.682053872e-13,3.301624293e-14,4.791509515e-13,9.443253671e-14,4.518094872e-14,3.78774143e-14,2.162968752e-13,4.716955684e-14,3.270230266e-13,4.702125938e-13,1.398089698e-13,2.460715236e-13,1.055066834e-13,3.683476452e-13,9.393300329e-14
149.5078125,3.857724474e-13,1.995124298e-13,3.772943849e-13,1.933083837e-13,8.751714847e-14,1.74919285e-13,1.282170081e-13,2.331626421e-13,1.013910595e-13,1.074397403e-13,2.753726242e-13,6.878454057e-14,1.347845284e-13,1.579963178e-13,4.545962744e-13,7.572947508e-13,3.580667806e-13,2.700061207e-13,3.351379681e-14,4.788910603e-13,9.410664508e-14,4.559073878e-14,3.795730236e-14,2.166142572e-13,4.733374888e-14,3.270234058e-13,4.69849835e-13,1.413933595e-13,2.414350352e-13,1.052420162e-13,3.689602478e-13,9.468546814e-14
149.515625,3.858129306e-13,1.992402901e-13,3.694160779e-13,1.953170119e-13,8.860117936e-14,1.755135321e-13,1.282362562e-13,2.324823853e-13,1.023208773e-13,1.083852712e-13,2.726688218e-13,6.950985883e-14,1.350874647e-13,1.576967216e-13,4.560316531e-13,7.578889047e-13,3.585110516e-13,2.718155007e-13,3.400977682e-14,4.787722104e-13,9.388638348e-14,4.598744487e-14,3.802144591e-14,2.169962658e-13,4.751318112e-14,3.26878691e-13,4.692855766e-13,1.429764442e-13,2.370370418e-13,1.049645935e-13,3.695848953e-13,9.545936184e-14
149.5234375,3.857635882e-13,1.989662644e-13,3.618309357e-13,1.975857567e-13,8.959320526e-14,1.761024139e-13,1.283024971e-13,2.317546922e-13,1.032147194e-13,1.093564323e-13,2.69875532e-13,7.022516006e-14,1.354167086e-13,1.573194666e-13,4.576997031e-13,7.586987141e-13,3.588861986e-13,2.735433656e-13,3.450015648e-14,4.788996329e-13,9.369897197e-14,4.63676323e-14,3.806139601e-14,2.174821891e-13,4.772254913e-14,3.266947179e-13,4.687976735e-13,1.445457792e-13,2.327505459e-13,1.046479841e-13,3.702217737e-13,9.625729645e-14
149.53125,3.856356495e-13,1.989464548e-13,3.545423737e-13,1.998045136e-13,9.052842998e-14,1.768253348e-13,1.283843251e-13,2.310412745e-13,1.040939402e-13,1.103262513e-13,2.671201169e-13,7.09316819e-14,1.357279368e-13,1.568553632e-13,4.595080509e-13,7.596779856e-13,3.592985749e-13,2.752530829e-13,3.499968968e-14,4.789664091e-13,9.353824484e-14,4.673932708e-14,3.812818128e-14,2.179255186e-13,4.795992441e-14,3.265325804e-13,4.684070274e-13,1.461221455e-13,2.285929002e-13,1.043132094e-13,3.708698437e-13,9.70854237e-14
149.5390625,3.858103441e-13,1.989519764e-13,3.477346466e-13,2.01857962e-13,9.150949313e-14,1.776827891e-13,1.284629883e-13,2.302748747e-13,1.049563254e-13,1.113776493e-13,2.645903914e-13,7.16691128e-14,1.360215227e-13,1.564039879e-13,4.611438493e-13,7.604138558e-13,3.596420498e-13,2.770583852e-13,3.551138073e-14,4.787791294e-13,9.344784787e-14,4.710848844e-14,3.821574032e-14,2.183569077e-13,4.819703326e-14,3.263213203e-13,4.679380656e-13,1.477048078e-13,2.246713317e-13,1.040326781e-13,3.716221645e-13,9.793522931e-14
149.546875,3.862990751e-13,1.989318116e-13,3.414231208e-13,2.039272811e-13,9.262113025e-14,1.785281961e-13,1.285493208e-13,2.293225372e-13,1.057999607e-13,1.125145802e-13,2.623017664e-13,7.248433089e-14,1.364466168e-13,1.561338678e-13,4.625675536e-13,7.607380454e-13,3.597932611e-13,2.790326043e-13,3.602846806e-14,4.785005865e-13,9.341577377e-14,4.749378027e-14,3.827605479e-14,2.188374331e-13,4.844420953e-14,3.259885522e-13,4.674906277e-13,1.493342735e-13,2.210407508e-13,1.037809589e-13,3.727330318e-13,9.879745652e-14
149.5546875,3.866515918e-13,1.991147299e-13,3.353798423e-13,2.060613724e-13,9.381450223e-14,1.792688714e-13,1.28575888e-13,2.282848726e-13,1.066641458e-13,1.136210571e-13,2.600452049e-13,7.334867021e-14,1.370145184e-13,1.558914405e-13,4.640464878e-13,7.610871683e-13,3.598713161e-13,2.810782291e-13,3.655032528e-14,4.784490221e-13,9.340556525e-14,4.78994396e-14,3.832983307e-14,2.193023425e-13,4.871132601e-14,3.255943909e-13,4.671251446e-13,1.509721856e-13,2.176573257e-13,1.034707762e-13,3.741058757e-13,9.967215365e-14
149.5625,3.867809674e-13,1.993487708e-13,3.294983433e-13,2.082346999e-13,9.500655909e-14,1.79988559e-13,1.28527235e-13,2.273132346e-13,1.075659154e-13,1.146640689e-13,2.576346049e-13,7.421060435e-14,1.375853095e-13,1.554812757e-13,4.65681593e-13,7.617572463e-13,3.600808487e-13,2.831098791e-13,3.710692169e-14,4.786741404e-13,9.3397023e-14,4.830103246e-14,3.842935774e-14,2.198007404e-13,4.898287298e-14,3.251933556e-13,4.667017608e-13,1.52529729e-13,2.143420796e-13,1.031190679e-13,3.754221698e-13,1.005520255e-13
149.5703125,3.870294569e-13,1.994692311e-13,3.238673069e-13,2.104860918e-13,9.619927968e-14,1.808218503e-13,1.285094456e-13,2.262797592e-13,1.084156514e-13,1.156985563e-13,2.551503848e-13,7.506358688e-14,1.381699339e-13,1.551188413e-13,4.673351866e-13,7.624821065e-13,3.604469356e-13,2.852661977e-13,3.770731529e-14,4.788034952e-13,9.340012791e-14,4.867759896e-14,3.855687344e-14,2.203479014e-13,4.928103658e-14,3.247531475e-13,4.662683119e-13,1.540543043e-13,2.110180692e-13,1.027852388e-13,3.767114848e-13,1.014474117e-13
149.578125,3.874918588e-13,1.997385785e-13,3.187236691e-13,2.128446332e-13,9.737309898e-14,1.817662272e-13,1.285157285e-13,2.25041455e-13,1.091413851e-13,1.16736544e-13,2.527998209e-13,7.593520534e-14,1.388345175e-13,1.549406706e-13,4.689327598e-13,7.630672862e-13,3.60791018e-13,2.875678251e-13,3.829688915e-14,4.786130282e-13,9.347464254e-14,4.902715494e-14,3.866612429e-14,2.208116201e-13,4.960914394e-14,3.242886936e-13,4.659311095e-13,1.55607141e-13,2.079292779e-13,1.024628351e-13,3.780878873e-13,1.023696944e-13
149.5859375,3.878716719e-13,2.00225126e-13,3.142239221e-13,2.153401707e-13,9.847816672e-14,1.826831309e-13,1.284711478e-13,2.237070543e-13,1.098066965e-13,1.177820125e-13,2.506871399e-13,7.686659782e-14,1.395286579e-13,1.547495686e-13,4.704379252e-13,7.634892566e-13,3.609153259e-13,2.898497642e-13,3.885556756e-14,4.78261555e-13,9.366325473e-14,4.935491581e-14,3.876725074e-14,2.21222183e-13,4.992021677e-14,3.237649669e-13,4.655570819e-13,1.571748208e-13,2.052003288e-13,1.021444354e-13,3.795150786e-13,1.03278006e-13
149.59375,3.880869512e-13,2.006985062e-13,3.100375636e-13,2.179288085e-13,9.951984843e-14,1.834966751e-13,1.284198189e-13,2.223934046e-13,1.104462533e-13,1.18846965e-13,2.487427326e-13,7.781695405e-14,1.402261575e-13,1.544918179e-13,4.718285856e-13,7.636484682e-13,3.608192708e-13,2.921776011e-13,3.941992215e-14,4.777936625e-13,9.391844305e-14,4.965018637e-14,3.888195545e-14,2.216511231e-13,5.022971879e-14,3.230396323e-13,4.650433704e-13,1.587746502e-13,2.025457914e-13,1.018317666e-13,3.8097313e-13,1.041564235e-13
149.6015625,3.88518427e-13,2.01136683e-13,3.058217369e-13,2.204600028e-13,1.005403981e-13,1.843290893e-13,1.283778872e-13,2.210877964e-13,1.11025794e-13,1.198994156e-13,2.46823527e-13,7.869487639e-14,1.40932929e-13,1.542121472e-13,4.731925619e-13,7.636815533e-13,3.60652219e-13,2.946640854e-13,3.998742811e-14,4.772493366e-13,9.417079093e-14,4.990545423e-14,3.898766198e-14,2.220297342e-13,5.057074368e-14,3.221666875e-13,4.64460721e-13,1.603576709e-13,1.998430281e-13,1.014905145e-13,3.823467391e-13,1.050735745e-13
149.609375,3.89319826e-13,2.015599874e-13,3.019012014e-13,2.228886932e-13,1.01609226e-13,1.853227706e-13,1.283045331e-13,2.197463811e-13,1.116016698e-13,1.20933348e-13,2.449572634e-13,7.956732368e-14,1.416214914e-13,1.538445485e-13,4.745873431e-13,7.638601044e-13,3.605065302e-13,2.971977569e-13,4.055856557e-14,4.769058809e-13,9.442900436e-14,5.016548922e-14,3.908058304e-14,2.224329126e-13,5.090689805e-14,3.213606589e-13,4.638800208e-13,1.618386916e-13,1.973620635e-13,1.011236711e-13,3.836193999e-13,1.060682976e-13
149.6171875,3.900627401e-13,2.019074714e-13,2.98535628e-13,2.252589685e-13,1.026880549e-13,1.863912811e-13,1.282373836e-13,2.182842803e-13,1.121853574e-13,1.219961227e-13,2.432408578e-13,8.052498592e-14,1.423019208e-13,1.534213121e-13,4.760101092e-13,7.641677485e-13,3.603971726e-13,2.997148477e-13,4.115464203e-14,4.766252072e-13,9.473171578e-14,5.045364451e-14,3.920110807e-14,2.22964537e-13,5.123851958e-14,3.20613814e-13,4.633558815e-13,1.632777965e-13,1.952068654e-13,1.007785726e-13,3.849980386e-13,1.070899705e-13
149.625,3.903984525e-13,2.022728938e-13,2.953564117e-13,2.275083245e-13,1.035892335e-13,1.873658019e-13,1.281807243e-13,2.166603284e-13,1.126399254e-13,1.230850135e-13,2.415730243e-13,8.143494981e-14,1.429594929e-13,1.529493646e-13,4.77360881e-13,7.643468918e-13,3.602437227e-13,3.021227406e-13,4.171553655e-14,4.75900571e-13,9.505113636e-14,5.069794706e-14,3.935245927e-14,2.234847141e-13,5.159435772e-14,3.197523787e-13,4.628479482e-13,1.646901103e-13,1.931972774e-13,1.004400786e-13,3.863665116e-13,1.080706579e-13
149.6328125,3.905337508e-13,2.027020414e-13,2.923020766e-13,2.296109673e-13,1.043683309e-13,1.883103057e-13,1.280849412e-13,2.149939143e-13,1.129765827e-13,1.241514928e-13,2.399179233e-13,8.221008898e-14,1.435524068e-13,1.523246508e-13,4.783386236e-13,7.641115736e-13,3.599051858e-13,3.042602168e-13,4.220080381e-14,4.748791067e-13,9.536952008e-14,5.088252751e-14,3.949558016e-14,2.239216938e-13,5.193280994e-14,3.187305201e-13,4.6221851e-13,1.659851512e-13,1.912368269e-13,1.000691154e-13,3.87547498e-13,1.089894199e-13
149.640625,3.908917342e-13,2.03151362e-13,2.897570004e-13,2.317188139e-13,1.05297972e-13,1.894034505e-13,1.279664575e-13,2.13379466e-13,1.133529482e-13,1.251846354e-13,2.383849532e-13,8.298739753e-14,1.441501262e-13,1.516479604e-13,4.789297503e-13,7.635312915e-13,3.594421873e-13,3.06323426e-13,4.269064625e-14,4.740749651e-13,9.576636537e-14,5.110307888e-14,3.96229594e-14,2.244045363e-13,5.223784158e-14,3.176440579e-13,4.615086495e-13,1.672132307e-13,1.893541139e-13,9.968971905e-14,3.888847635e-13,1.099070134e-13
149.6484375,3.914355138e-13,2.037333694e-13,2.875982932e-13,2.339291496e-13,1.062711425e-13,1.905774506e-13,1.278235843e-13,2.117478749e-13,1.13718334e-13,1.262059082e-13,2.368640527e-13,8.381338935e-14,1.448122669e-13,1.510308415e-13,4.795641344e-13,7.630070902e-13,3.590051887e-13,3.085586917e-13,4.320751802e-14,4.732922793e-13,9.628971553e-14,5.134521267e-14,3.975208365e-14,2.249652702e-13,5.255367005e-14,3.165754784e-13,4.608739686e-13,1.684433143e-13,1.876123239e-13,9.932474027e-14,3.904809919e-13,1.108943241e-13
149.65625,3.91599681e-13,2.04441125e-13,2.855392596e-13,2.361383365e-13,1.070061787e-13,1.915982636e-13,1.276479053e-13,2.100317545e-13,1.139318963e-13,1.27235975e-13,2.353083798e-13,8.460775104e-14,1.454994342e-13,1.503506582e-13,4.803381247e-13,7.625740892e-13,3.585378129e-13,3.108278613e-13,4.370314071e-14,4.721090203e-13,9.689757136e-14,5.14968064e-14,3.988755512e-14,2.254862406e-13,5.289289306e-14,3.154914997e-13,4.60361996e-13,1.696818202e-13,1.860471617e-13,9.897023082e-14,3.919244314e-13,1.119162243e-13
149.6640625,3.913917074e-13,2.050043567e-13,2.838062782e-13,2.382300728e-13,1.07662804e-13,1.925134546e-13,1.275063248e-13,2.082493042e-13,1.14061056e-13,1.28266012e-13,2.339565769e-13,8.537105954e-14,1.462065408e-13,1.496044988e-13,4.810154559e-13,7.620719341e-13,3.580521165e-13,3.130891407e-13,4.421366579e-14,4.708232347e-13,9.756823426e-14,5.159912814e-14,4.003811586e-14,2.258576839e-13,5.326006236e-14,3.143599074e-13,4.599747624e-13,1.709954175e-13,1.845273305e-13,9.86456009e-14,3.931822886e-13,1.129268075e-13
149.671875,3.9168188e-13,2.053334651e-13,2.824129288e-13,2.402161874e-13,1.084813427e-13,1.936441836e-13,1.27382604e-13,2.064110908e-13,1.141938427e-13,1.292453224e-13,2.327045489e-13,8.60921543e-14,1.46902474e-13,1.488821864e-13,4.816323532e-13,7.616427034e-13,3.576972157e-13,3.154407344e-13,4.475531434e-14,4.698533275e-13,9.826201385e-14,5.176208267e-14,4.021522828e-14,2.261493949e-13,5.364562293e-14,3.132726379e-13,4.595314491e-13,1.722320507e-13,1.829292659e-13,9.833401336e-14,3.944241806e-13,1.139754918e-13
149.6796875,3.926249912e-13,2.056774113e-13,2.809559162e-13,2.421761535e-13,1.093604791e-13,1.950286961e-13,1.271972882e-13,2.045027301e-13,1.142799471e-13,1.301587404e-13,2.312075494e-13,8.674756015e-14,1.475663409e-13,1.481464517e-13,4.822377424e-13,7.611904815e-13,3.573561093e-13,3.177812256e-13,4.527617739e-14,4.689517613e-13,9.891406391e-14,5.195589486e-14,4.040972224e-14,2.265831475e-13,5.400270737e-14,3.122346643e-13,4.587767927e-13,1.731426839e-13,1.814119118e-13,9.797192772e-14,3.955925223e-13,1.150628869e-13
149.6875,3.934281091e-13,2.062602682e-13,2.795595086e-13,2.442121598e-13,1.102213516e-13,1.963501638e-13,1.269853149e-13,2.025124838e-13,1.143104083e-13,1.310503959e-13,2.296158921e-13,8.74380046e-14,1.483647613e-13,1.475263955e-13,4.827601076e-13,7.604386194e-13,3.568821917e-13,3.201771845e-13,4.579903504e-14,4.677391031e-13,9.95978795e-14,5.211994277e-14,4.060982515e-14,2.271419147e-13,5.435567887e-14,3.111033694e-13,4.579745127e-13,1.739631198e-13,1.801704668e-13,9.757991292e-14,3.969025047e-13,1.161058272e-13
149.6953125,3.938882591e-13,2.069680921e-13,2.786824445e-13,2.463887579e-13,1.110902444e-13,1.975087454e-13,1.267663698e-13,2.00415781e-13,1.142973465e-13,1.319316812e-13,2.282281371e-13,8.819865514e-14,1.493430447e-13,1.471468944e-13,4.833177891e-13,7.595870038e-13,3.56398907e-13,3.227368553e-13,4.633475146e-14,4.663151968e-13,1.0041917e-13,5.225317623e-14,4.081144535e-14,2.275480988e-13,5.475477939e-14,3.09908414e-13,4.575416094e-13,1.749799583e-13,1.791599273e-13,9.723850956e-14,3.984742243e-13,1.171188075e-13
149.703125,3.942477938e-13,2.076809161e-13,2.781982685e-13,2.486067414e-13,1.118551835e-13,1.986762701e-13,1.265022721e-13,1.982173591e-13,1.141676971e-13,1.328166821e-13,2.269921347e-13,8.891438946e-14,1.502733531e-13,1.467186832e-13,4.839507481e-13,7.588450557e-13,3.559282208e-13,3.251733911e-13,4.681998519e-14,4.649460414e-13,1.013202164e-13,5.234059857e-14,4.099941374e-14,2.277511351e-13,5.514540886e-14,3.088224132e-13,4.573167575e-13,1.760197126e-13,1.783043968e-13,9.694084656e-14,3.998115815e-13,1.181842083e-13
149.7109375,3.943906836e-13,2.086591915e-13,2.778123764e-13,2.507280045e-13,1.124954072e-13,1.998623045e-13,1.262437151e-13,1.960059372e-13,1.139489746e-13,1.337697678e-13,2.258526247e-13,8.958194393e-14,1.511505348e-13,1.460719871e-13,4.845412504e-13,7.581286684e-13,3.554225325e-13,3.274567604e-13,4.728691954e-14,4.636792401e-13,1.022403737e-13,5.240508596e-14,4.116887685e-14,2.279578563e-13,5.550096203e-14,3.078566397e-13,4.570994139e-13,1.770134973e-13,1.776476096e-13,9.663277415e-14,4.00775771e-13,1.192946171e-13
149.71875,3.944674616e-13,2.098421892e-13,2.777646458e-13,2.528282789e-13,1.131853481e-13,2.010280522e-13,1.259897245e-13,1.938462613e-13,1.137601734e-13,1.347280414e-13,2.248241374e-13,9.028280604e-14,1.521720391e-13,1.454666439e-13,4.851480366e-13,7.574675487e-13,3.550277498e-13,3.299495938e-13,4.779787889e-14,4.624076818e-13,1.032130835e-13,5.250831491e-14,4.13494006e-14,2.282891957e-13,5.589472767e-14,3.069128509e-13,4.569580092e-13,1.780389575e-13,1.771855301e-13,9.631541561e-14,4.018100426e-13,1.204028262e-13
149.7265625,3.947823802e-13,2.105644101e-13,2.782337923e-13,2.54999339e-13,1.139401357e-13,2.02303548e-13,1.256362845e-13,1.916710218e-13,1.13536834e-13,1.355133265e-13,2.237805171e-13,9.09563514e-14,1.532646367e-13,1.449606001e-13,4.858008045e-13,7.56810695e-13,3.547280945e-13,3.325587341e-13,4.829835348e-14,4.610397108e-13,1.042177928e-13,5.261181985e-14,4.155201074e-14,2.287112452e-13,5.633521358e-14,3.059055475e-13,4.566696434e-13,1.788505062e-13,1.768160225e-13,9.599211037e-14,4.029006538e-13,1.215002855e-13
149.734375,3.951309534e-13,2.108519751e-13,2.788357477e-13,2.570824302e-13,1.14627009e-13,2.036940304e-13,1.252189724e-13,1.894134784e-13,1.131609079e-13,1.361596144e-13,2.226696583e-13,9.15192783e-14,1.543006825e-13,1.443710363e-13,4.863683086e-13,7.560002733e-13,3.543204605e-13,3.350553995e-13,4.876428248e-14,4.595473735e-13,1.052026873e-13,5.265682632e-14,4.173944625e-14,2.290931517e-13,5.677896267e-14,3.0478612e-13,4.561575293e-13,1.79342886e-13,1.765137068e-13,9.563490929e-14,4.038209699e-13,1.225922425e-13
149.7421875,3.95401484e-13,2.114280334e-13,2.794021328e-13,2.590239172e-13,1.152402041e-13,2.050589077e-13,1.248375589e-13,1.871148095e-13,1.127112819e-13,1.368720042e-13,2.216136761e-13,9.202749595e-14,1.553778208e-13,1.437605947e-13,4.868555764e-13,7.551401183e-13,3.538503091e-13,3.376736758e-13,4.924328772e-14,4.578960961e-13,1.061937095e-13,5.26957909e-14,4.190251582e-14,2.293418082e-13,5.725060575e-14,3.036700954e-13,4.559193061e-13,1.798168106e-13,1.76406904e-13,9.527316046e-14,4.048067471e-13,1.237004372e-13
149.75,3.956541939e-13,2.12235536e-13,2.803792095e-13,2.610912211e-13,1.158268268e-13,2.064102889e-13,1.244445926e-13,1.848003303e-13,1.122600715e-13,1.376632118e-13,2.206919262e-13,9.256462983e-14,1.565430405e-13,1.432470398e-13,4.873864753e-13,7.543783278e-13,3.534687674e-13,3.404919777e-13,4.971208492e-14,4.560820685e-13,1.072728925e-13,5.276055521e-14,4.208401214e-14,2.29531014e-13,5.777422029e-14,3.027081396e-13,4.560611947e-13,1.803917228e-13,1.765899409e-13,9.498201449e-14,4.059543646e-13,1.248375059e-13
149.7578125,3.956856439e-13,2.128690227e-13,2.819070243e-13,2.633176413e-13,1.163769764e-13,2.077906941e-13,1.239796158e-13,1.824394673e-13,1.117446334e-13,1.384072674e-13,2.198325336e-13,9.312813039e-14,1.577293949e-13,1.427463323e-13,4.880153466e-13,7.537561829e-13,3.531567189e-13,3.432696369e-13,5.013144881e-14,4.542402545e-13,1.084883037e-13,5.280783969e-14,4.229294484e-14,2.297259988e-13,5.831794248e-14,3.018345927e-13,4.561091611e-13,1.809238126e-13,1.769653134e-13,9.474306565e-14,4.069796139e-13,1.259717238e-13
149.765625,3.957091364e-13,2.135851397e-13,2.835185179e-13,2.653324335e-13,1.169053273e-13,2.091544308e-13,1.234753232e-13,1.80029272e-13,1.111584323e-13,1.39096196e-13,2.188995849e-13,9.365039374e-14,1.589211115e-13,1.422077893e-13,4.886277899e-13,7.532336443e-13,3.528780938e-13,3.460311896e-13,5.052837699e-14,4.524340361e-13,1.097447001e-13,5.284671062e-14,4.250160156e-14,2.298943553e-13,5.88624689e-14,3.009464653e-13,4.559669349e-13,1.813313252e-13,1.774152967e-13,9.446686704e-14,4.078525201e-13,1.270886623e-13
149.7734375,3.961864919e-13,2.144515546e-13,2.850841149e-13,2.670228275e-13,1.174638217e-13,2.105638093e-13,1.229720244e-13,1.775626534e-13,1.105417036e-13,1.397673409e-13,2.179377993e-13,9.409645484e-14,1.601298904e-13,1.417118451e-13,4.889969988e-13,7.525176591e-13,3.526559443e-13,3.489400935e-13,5.092851052e-14,4.50492439e-13,1.109270873e-13,5.290956231e-14,4.272005328e-14,2.300707271e-13,5.942149886e-14,3.000462065e-13,4.55872755e-13,1.816328131e-13,1.779636279e-13,9.415742738e-14,4.087834529e-13,1.281953718e-13
149.78125,3.968086762e-13,2.150752693e-13,2.869469199e-13,2.686314693e-13,1.18090793e-13,2.12109126e-13,1.224908017e-13,1.750313921e-13,1.098818916e-13,1.403913875e-13,2.171654229e-13,9.452219794e-14,1.613930723e-13,1.41312145e-13,4.89108898e-13,7.513848679e-13,3.524713322e-13,3.519162405e-13,5.132807171e-14,4.48366901e-13,1.121437031e-13,5.297763471e-14,4.296528325e-14,2.302924512e-13,5.99967749e-14,2.991024583e-13,4.55849565e-13,1.819072695e-13,1.786237474e-13,9.387784864e-14,4.097941533e-13,1.292693334e-13
149.7890625,3.971779868e-13,2.155116258e-13,2.891702335e-13,2.701729646e-13,1.187441088e-13,2.137360261e-13,1.219973722e-13,1.725062047e-13,1.091824216e-13,1.409355066e-13,2.165751799e-13,9.495717798e-14,1.62710523e-13,1.409416547e-13,4.891349298e-13,7.499804408e-13,3.522472048e-13,3.547140833e-13,5.169930557e-14,4.462693155e-13,1.135352129e-13,5.303821124e-14,4.321045035e-14,2.304928284e-13,6.055056132e-14,2.981426019e-13,4.558347202e-13,1.821397991e-13,1.79324733e-13,9.361136774e-14,4.107427594e-13,1.303218132e-13
149.796875,3.975004695e-13,2.159702456e-13,2.916261065e-13,2.715004718e-13,1.192998776e-13,2.153917249e-13,1.214191078e-13,1.700569611e-13,1.084464971e-13,1.413934366e-13,2.159363103e-13,9.532635549e-14,1.639658761e-13,1.405005318e-13,4.891448978e-13,7.48554828e-13,3.519887334e-13,3.572138348e-13,5.200785854e-14,4.442415507e-13,1.150058481e-13,5.308701091e-14,4.344045116e-14,2.30640854e-13,6.105447115e-14,2.972456485e-13,4.558076137e-13,1.82199136e-13,1.800517564e-13,9.332403135e-14,4.115464157e-13,1.313962297e-13
149.8046875,3.978132954e-13,2.162785463e-13,2.943532744e-13,2.726686496e-13,1.197323565e-13,2.170803697e-13,1.207938065e-13,1.676403117e-13,1.076289056e-13,1.417933353e-13,2.152161408e-13,9.557595781e-14,1.651348308e-13,1.400220831e-13,4.892158473e-13,7.47316319e-13,3.518536551e-13,3.596476951e-13,5.226652465e-14,4.420889106e-13,1.164376889e-13,5.310308442e-14,4.367741032e-14,2.307641275e-13,6.155762585e-14,2.9629635e-13,4.557569299e-13,1.82102639e-13,1.80841978e-13,9.303828894e-14,4.122671273e-13,1.324652763e-13
149.8125,3.979662162e-13,2.164206302e-13,2.972918681e-13,2.737282046e-13,1.201332112e-13,2.187851036e-13,1.202164061e-13,1.6515327e-13,1.067043601e-13,1.421899291e-13,2.145839946e-13,9.57293538e-14,1.663261964e-13,1.395721259e-13,4.893615853e-13,7.462088293e-13,3.51872747e-13,3.622605411e-13,5.249968563e-14,4.398115952e-13,1.178843655e-13,5.309596216e-14,4.392825115e-14,2.308453462e-13,6.211498158e-14,2.952296791e-13,4.557317636e-13,1.819339678e-13,1.816966167e-13,9.275853584e-14,4.129243722e-13,1.335006482e-13
149.8203125,3.981733931e-13,2.166229542e-13,3.003336695e-13,2.746825629e-13,1.205270161e-13,2.205245884e-13,1.196514444e-13,1.625546188e-13,1.056942569e-13,1.425942983e-13,2.141345824e-13,9.582618865e-14,1.675569483e-13,1.390890305e-13,4.893689196e-13,7.449366644e-13,3.518906339e-13,3.649039659e-13,5.27037956e-14,4.37612259e-13,1.194278227e-13,5.309291653e-14,4.418103761e-14,2.308501347e-13,6.268885648e-14,2.942528795e-13,4.557453564e-13,1.816881475e-13,1.826119955e-13,9.247163993e-14,4.133682017e-13,1.345517203e-13
149.828125,3.986418427e-13,2.168869805e-13,3.035616022e-13,2.756826964e-13,1.209476568e-13,2.2230924e-13,1.190245466e-13,1.599256621e-13,1.046659899e-13,1.429795082e-13,2.138240075e-13,9.591169604e-14,1.688241922e-13,1.385625556e-13,4.891880647e-13,7.435605185e-13,3.519059169e-13,3.674433615e-13,5.290255789e-14,4.355110871e-13,1.21075521e-13,5.310878749e-14,4.443099761e-14,2.307810056e-13,6.322855282e-14,2.934156348e-13,4.557926913e-13,1.814533597e-13,1.836028965e-13,9.218397139e-14,4.136151113e-13,1.356320324e-13
149.8359375,3.992441922e-13,2.171205479e-13,3.069597745e-13,2.767311492e-13,1.214808737e-13,2.240727401e-13,1.183625995e-13,1.573570383e-13,1.036839898e-13,1.433192768e-13,2.135367872e-13,9.599054738e-14,1.701830393e-13,1.380565639e-13,4.889600941e-13,7.422280978e-13,3.519169749e-13,3.699613741e-13,5.31114571e-14,4.333927388e-13,1.227774645e-13,5.316670986e-14,4.467484395e-14,2.30693557e-13,6.374838601e-14,2.925540111e-13,4.559235494e-13,1.81268105e-13,1.846944036e-13,9.187494838e-14,4.138944061e-13,1.367082742e-13
149.84375,3.997263785e-13,2.173456949e-13,3.104380493e-13,2.77600173e-13,1.2202097e-13,2.258442662e-13,1.176856414e-13,1.548029569e-13,1.026915013e-13,1.435750072e-13,2.132319024e-13,9.601287854e-14,1.715796399e-13,1.37487548e-13,4.886156675e-13,7.40641049e-13,3.517135564e-13,3.723455024e-13,5.328264683e-14,4.312861635e-13,1.244821428e-13,5.3260479e-14,4.49204572e-14,2.306704485e-13,6.425308949e-14,2.916929614e-13,4.560498662e-13,1.809518497e-13,1.859040204e-13,9.153429122e-14,4.141696932e-13,1.378031107e-13
149.8515625,3.999828823e-13,2.174992497e-13,3.141356769e-13,2.782501631e-13,1.224143331e-13,2.277707998e-13,1.169698556e-13,1.521957506e-13,1.016141713e-13,1.437480707e-13,2.129869434e-13,9.598010114e-14,1.729312401e-13,1.367950717e-13,4.880935847e-13,7.38687518e-13,3.51329493e-13,3.744663284e-13,5.34039724e-14,4.291581456e-13,1.261815136e-13,5.334967177e-14,4.518832529e-14,2.307242145e-13,6.472022303e-14,2.908824635e-13,4.560217343e-13,1.804445092e-13,1.871806031e-13,9.119792972e-14,4.142324542e-13,1.389352061e-13
149.859375,4.002080205e-13,2.174465132e-13,3.180791835e-13,2.787609047e-13,1.227764253e-13,2.298323185e-13,1.162482388e-13,1.495677574e-13,1.005113594e-13,1.438883168e-13,2.127977357e-13,9.593010594e-14,1.742712616e-13,1.361303018e-13,4.875704433e-13,7.366507085e-13,3.510394506e-13,3.764871445e-13,5.353327726e-14,4.268095026e-13,1.278832399e-13,5.343489698e-14,4.54674476e-14,2.307729196e-13,6.51762828e-14,2.89998018e-13,4.558963667e-13,1.79857396e-13,1.884631877e-13,9.085032699e-14,4.141324525e-13,1.400499081e-13
149.8671875,4.005009467e-13,2.172495598e-13,3.220618935e-13,2.791400185e-13,1.232141116e-13,2.31785811e-13,1.155367271e-13,1.46937219e-13,9.941097233e-14,1.440058696e-13,2.125819633e-13,9.585750655e-14,1.756421506e-13,1.355815289e-13,4.87192137e-13,7.347044198e-13,3.508763914e-13,3.785483082e-13,5.369477914e-14,4.243832901e-13,1.296434501e-13,5.352578781e-14,4.572654727e-14,2.307369319e-13,6.566653597e-14,2.890372846e-13,4.557585713e-13,1.792357325e-13,1.898017282e-13,9.045815647e-14,4.139794203e-13,1.411104714e-13
149.875,4.006489861e-13,2.171481288e-13,3.261385166e-13,2.795421676e-13,1.236147662e-13,2.335005782e-13,1.147735284e-13,1.442912163e-13,9.824317381e-14,1.441084345e-13,2.123989208e-13,9.57656661e-14,1.770625734e-13,1.350370173e-13,4.869279758e-13,7.329735906e-13,3.507902036e-13,3.806597441e-13,5.386341493e-14,4.222619086e-13,1.315447579e-13,5.359716331e-14,4.598027024e-14,2.30617458e-13,6.617632209e-14,2.881286733e-13,4.556120142e-13,1.786503716e-13,1.912716725e-13,9.008241653e-14,4.137182339e-13,1.421600032e-13
149.8828125,4.007141954e-13,2.172787657e-13,3.304867177e-13,2.800820231e-13,1.239703464e-13,2.352094345e-13,1.1398428e-13,1.416511273e-13,9.702378289e-14,1.442154882e-13,2.123242552e-13,9.564686272e-14,1.785242256e-13,1.344102696e-13,4.866359205e-13,7.314122259e-13,3.508003835e-13,3.827879297e-13,5.402341318e-14,4.202833337e-13,1.335291944e-13,5.366312335e-14,4.625775376e-14,2.30455096e-13,6.667303764e-14,2.872818765e-13,4.555614941e-13,1.781419825e-13,1.928647042e-13,8.975292768e-14,4.133225521e-13,1.432457395e-13
149.890625,4.010396348e-13,2.175225818e-13,3.349959064e-13,2.80529198e-13,1.24414627e-13,2.372574467e-13,1.132831041e-13,1.389963502e-13,9.580620652e-14,1.442532999e-13,2.122421585e-13,9.543187763e-14,1.799503187e-13,1.337780739e-13,4.863182292e-13,7.297740878e-13,3.508239693e-13,3.848155116e-13,5.418218198e-14,4.180202386e-13,1.354863751e-13,5.376336891e-14,4.653361156e-14,2.30232477e-13,6.717271723e-14,2.864097085e-13,4.556181558e-13,1.775432067e-13,1.945278457e-13,8.937473632e-14,4.128601851e-13,1.443356281e-13
149.8984375,4.016241017e-13,2.175913086e-13,3.395836295e-13,2.80697484e-13,1.249532081e-13,2.396174634e-13,1.126578596e-13,1.363085328e-13,9.456381611e-14,1.441823453e-13,2.12082082e-13,9.511909158e-14,1.813364922e-13,1.332349294e-13,4.86161462e-13,7.281638539e-13,3.508656737e-13,3.867797971e-13,5.435760153e-14,4.15580266e-13,1.374427802e-13,5.388732633e-14,4.67831272e-14,2.299349263e-13,6.770235327e-14,2.854193614e-13,4.555407783e-13,1.767429445e-13,1.961852784e-13,8.891059873e-14,4.124204721e-13,1.453794277e-13
149.90625,4.022523853e-13,2.173258193e-13,3.443819664e-13,2.806998222e-13,1.255101235e-13,2.419526189e-13,1.120102458e-13,1.336579734e-13,9.329747757e-14,1.441440049e-13,2.12023568e-13,9.480798609e-14,1.827565103e-13,1.32693509e-13,4.860339551e-13,7.26668431e-13,3.510143375e-13,3.888361069e-13,5.455362956e-14,4.13212785e-13,1.39432366e-13,5.401986355e-14,4.703502466e-14,2.296440111e-13,6.825089024e-14,2.843235164e-13,4.552554542e-13,1.758809795e-13,1.978219268e-13,8.845297793e-14,4.120490129e-13,1.464078389e-13
149.9140625,4.029312716e-13,2.169324289e-13,3.493781387e-13,2.806232048e-13,1.260878182e-13,2.441956413e-13,1.113463934e-13,1.310580691e-13,9.204770665e-14,1.44212223e-13,2.121956459e-13,9.453851004e-14,1.841991881e-13,1.32083198e-13,4.856430647e-13,7.249899111e-13,3.512344588e-13,3.90929808e-13,5.476167288e-14,4.107940735e-13,1.414219956e-13,5.417317956e-14,4.730660657e-14,2.294033579e-13,6.879756763e-14,2.832458301e-13,4.550018625e-13,1.750867373e-13,1.995647278e-13,8.803979463e-14,4.117061542e-13,1.474520736e-13
149.921875,4.037943075e-13,2.166114777e-13,3.543679692e-13,2.803691575e-13,1.267459106e-13,2.465963486e-13,1.107176407e-13,1.284666079e-13,9.080505628e-14,1.442342395e-13,2.124333937e-13,9.424247844e-14,1.856429899e-13,1.315543342e-13,4.851498754e-13,7.231887614e-13,3.515978291e-13,3.930095567e-13,5.497887018e-14,4.082918771e-13,1.433920045e-13,5.434989186e-14,4.758282415e-14,2.291811301e-13,6.933801128e-14,2.821414565e-13,4.54853251e-13,1.742419497e-13,2.014479155e-13,8.758470304e-14,4.11367944e-13,1.484767501e-13
149.9296875,4.047476579e-13,2.161928023e-13,3.592825353e-13,2.798277476e-13,1.27459797e-13,2.491709138e-13,1.10099916e-13,1.259405155e-13,8.954431334e-14,1.440997141e-13,2.125940923e-13,9.383813019e-14,1.870621392e-13,1.310418928e-13,4.847067112e-13,7.215105439e-13,3.52157965e-13,3.95005754e-13,5.518002759e-14,4.059539234e-13,1.453312652e-13,5.45415058e-14,4.786373053e-14,2.290033903e-13,6.985482769e-14,2.808748898e-13,4.545602754e-13,1.731590286e-13,2.032752041e-13,8.704218717e-14,4.109136094e-13,1.494963877e-13
149.9375,4.054893086e-13,2.156252472e-13,3.643532879e-13,2.79068747e-13,1.280737008e-13,2.517044277e-13,1.094534511e-13,1.234871225e-13,8.824015919e-14,1.4389642e-13,2.128364868e-13,9.333907211e-14,1.883502061e-13,1.302502835e-13,4.841601729e-13,7.198233627e-13,3.527005696e-13,3.966160182e-13,5.534519374e-14,4.038559857e-13,1.473339966e-13,5.472617313e-14,4.815346586e-14,2.2882876e-13,7.032601274e-14,2.79595093e-13,4.540052915e-13,1.719682818e-13,2.049826373e-13,8.650385435e-14,4.100685328e-13,1.505661964e-13
149.9453125,4.061554022e-13,2.151761096e-13,3.698161248e-13,2.782298539e-13,1.285744471e-13,2.542286705e-13,1.087980817e-13,1.209746571e-13,8.687091724e-14,1.437055345e-13,2.132813616e-13,9.283995886e-14,1.895604515e-13,1.293853624e-13,4.836561354e-13,7.181866334e-13,3.532882526e-13,3.98002837e-13,5.551903397e-14,4.018026963e-13,1.495105212e-13,5.489922015e-14,4.845133179e-14,2.285106189e-13,7.079232524e-14,2.784897667e-13,4.533798143e-13,1.709077964e-13,2.06800552e-13,8.603666883e-14,4.089655202e-13,1.516617204e-13
149.953125,4.07234738e-13,2.147935588e-13,3.755065959e-13,2.772283112e-13,1.291802455e-13,2.568765996e-13,1.081807151e-13,1.183863641e-13,8.548024758e-14,1.434653381e-13,2.137574554e-13,9.235185571e-14,1.908834136e-13,1.288594128e-13,4.833615491e-13,7.167286132e-13,3.542319551e-13,3.997759543e-13,5.572327049e-14,3.996071156e-13,1.517002997e-13,5.51126152e-14,4.876980514e-14,2.280882116e-13,7.132442504e-14,2.774329008e-13,4.527844924e-13,1.697756026e-13,2.088607932e-13,8.555867213e-14,4.080863848e-13,1.527505439e-13
149.9609375,4.084492877e-13,2.142201761e-13,3.812419409e-13,2.7600852e-13,1.299203587e-13,2.594980262e-13,1.076036377e-13,1.158466287e-13,8.412678168e-14,1.431411419e-13,2.142089616e-13,9.183151445e-14,1.922794874e-13,1.284606653e-13,4.830180645e-13,7.151113831e-13,3.552974182e-13,4.01766262e-13,5.591136379e-14,3.973071932e-13,1.537902956e-13,5.538071652e-14,4.910225311e-14,2.276939903e-13,7.189469134e-14,2.762894657e-13,4.521077492e-13,1.683613784e-13,2.110314517e-13,8.502144088e-14,4.073346607e-13,1.538519301e-13
149.96875,4.091825152e-13,2.135803381e-13,3.872734857e-13,2.748232737e-13,1.306318049e-13,2.619820676e-13,1.070334058e-13,1.134038279e-13,8.281416626e-14,1.428581582e-13,2.148311275e-13,9.133829044e-14,1.936318115e-13,1.278731661e-13,4.825655461e-13,7.132275054e-13,3.560900808e-13,4.033687024e-13,5.609652903e-14,3.951311192e-13,1.559874513e-13,5.565178031e-14,4.942635608e-14,2.272807e-13,7.241125721e-14,2.751311626e-13,4.513540116e-13,1.669991741e-13,2.132012314e-13,8.452128986e-14,4.062968484e-13,1.549533102e-13
149.9765625,4.098103347e-13,2.129770264e-13,3.936327354e-13,2.736704763e-13,1.313609014e-13,2.645543404e-13,1.064877991e-13,1.110382213e-13,8.153623181e-14,1.426912227e-13,2.155950307e-13,9.08786675e-14,1.949726102e-13,1.272445708e-13,4.82146214e-13,7.113179351e-13,3.568121759e-13,4.047069619e-13,5.631819471e-14,3.931072409e-13,1.582783327e-13,5.593103633e-14,4.975129196e-14,2.268366356e-13,7.287331176e-14,2.739905844e-13,4.505594641e-13,1.65853807e-13,2.153659189e-13,8.408518678e-14,4.051060211e-13,1.560227547e-13
149.984375,4.108024086e-13,2.122255522e-13,3.999395748e-13,2.721344815e-13,1.321473581e-13,2.673287366e-13,1.060047418e-13,1.087347551e-13,8.027130518e-14,1.425305978e-13,2.163213873e-13,9.033361474e-14,1.962504395e-13,1.266370893e-13,4.815536767e-13,7.092617469e-13,3.577204922e-13,4.060410306e-13,5.652143563e-14,3.90919693e-13,1.604239478e-13,5.623681214e-14,5.008147072e-14,2.264520648e-13,7.333199574e-14,2.727718063e-13,4.495542416e-13,1.645929261e-13,2.175044828e-13,8.361598468e-14,4.039423234e-13,1.570587348e-13
149.9921875,4.117374492e-13,2.113917494e-13,4.063150305e-13,2.702461289e-13,1.328589399e-13,2.700992843e-13,1.055356962e-13,1.064642656e-13,7.898494386e-14,1.423286189e-13,2.171442396e-13,8.974648734e-14,1.974454173e-13,1.259439738e-13,4.806893916e-13,7.069648543e-13,3.586402654e-13,4.072256897e-13,5.670544203e-14,3.884799107e-13,1.625583157e-13,5.653011554e-14,5.039083119e-14,2.260599143e-13,7.377173692e-14,2.714361615e-13,4.483418402e-13,1.632041037e-13,2.196958743e-13,8.31019404e-14,4.026624049e-13,1.580716062e-13
150,4.124634343e-13,2.106819239e-13,4.130649809e-13,2.685119867e-13,1.336086557e-13,2.72797446e-13,1.050230832e-13,1.04212668e-13,7.770376647e-14,1.421522627e-13,2.181802775e-13,8.925643834e-14,1.987821794e-13,1.252897146e-13,4.798364214e-13,7.046740028e-13,3.594261345e-13,4.083379872e-13,5.696961643e-14,3.861735698e-13,1.648700513e-13,5.684028863e-14,5.067956282e-14,2.256037554e-13,7.417846426e-14,2.700962696e-13,4.472366681e-13,1.619476571e-13,2.22136317e-13,8.258865307e-14,4.013824091e-13,1.590797271e-13
150.0078125,4.133778489e-13,2.099898323e-13,4.197277475e-13,2.669354313e-13,1.345801349e-13,2.755624422e-13,1.045046855e-13,1.019646829e-13,7.644763477e-14,1.419420725e-13,2.191859279e-13,8.877003016e-14,2.003047058e-13,1.24744499e-13,4.790108085e-13,7.023057099e-13,3.60151731e-13,4.095099823e-13,5.72755241e-14,3.841384662e-13,1.671696745e-13,5.722210791e-14,5.097684671e-14,2.25202992e-13,7.45894732e-14,2.688301884e-13,4.462872155e-13,1.607012384e-13,2.247618572e-13,8.203181225e-14,4.00208583e-13,1.600729941e-13
150.015625,4.144026211e-13,2.091590281e-13,4.258918717e-13,2.649898871e-13,1.355705104e-13,2.783612799e-13,1.0401746e-13,9.969457444e-14,7.517055661e-14,1.416169872e-13,2.200964499e-13,8.8136919e-14,2.01749513e-13,1.241157423e-13,4.778992776e-13,6.995390705e-13,3.608436259e-13,4.105202594e-13,5.750554326e-14,3.819839626e-13,1.693415355e-13,5.761429403e-14,5.130073655e-14,2.248671824e-13,7.500677671e-14,2.675088058e-13,4.452303432e-13,1.592954861e-13,2.272646009e-13,8.140247782e-14,3.98827928e-13,1.610109843e-13
150.0234375,4.153473378e-13,2.082150013e-13,4.320151211e-13,2.625147367e-13,1.364248128e-13,2.811015751e-13,1.03545474e-13,9.746439125e-14,7.388902287e-14,1.412819813e-13,2.212144693e-13,8.7413352e-14,2.030298644e-13,1.233119486e-13,4.764486538e-13,6.965296836e-13,3.61539363e-13,4.11321242e-13,5.770880451e-14,3.796044228e-13,1.714965689e-13,5.798933762e-14,5.165030376e-14,2.245012404e-13,7.540974299e-14,2.660266643e-13,4.439867718e-13,1.578429125e-13,2.296526621e-13,8.075491628e-14,3.972152333e-13,1.619183287e-13
150.03125,4.165462905e-13,2.072026902e-13,4.38523607e-13,2.598415337e-13,1.373777576e-13,2.839177242e-13,1.031002335e-13,9.535097725e-14,7.267445918e-14,1.410312134e-13,2.2263254e-13,8.669829736e-14,2.042562585e-13,1.224737797e-13,4.749068115e-13,6.936330494e-13,3.624099142e-13,4.121307991e-13,5.798048243e-14,3.773825772e-13,1.736572766e-13,5.842975476e-14,5.200147882e-14,2.241204453e-13,7.581328991e-14,2.644829679e-13,4.426026587e-13,1.564096757e-13,2.321820613e-13,8.010999363e-14,3.957251949e-13,1.62856042e-13
150.0390625,4.18197534e-13,2.06154038e-13,4.4522582e-13,2.571193309e-13,1.385803937e-13,2.868901142e-13,1.026907466e-13,9.329406473e-14,7.152313982e-14,1.408197341e-13,2.241301181e-13,8.600931526e-14,2.054514867e-13,1.217499045e-13,4.733633522e-13,6.906950152e-13,3.634514506e-13,4.129660724e-13,5.831067773e-14,3.75358776e-13,1.758308197e-13,5.894785907e-14,5.234153552e-14,2.237074021e-13,7.621010817e-14,2.629293865e-13,4.410763954e-13,1.550194933e-13,2.347863959e-13,7.945572626e-14,3.943471124e-13,1.638213292e-13
150.046875,4.199468584e-13,2.050812234e-13,4.518457705e-13,2.542510597e-13,1.398710296e-13,2.898324655e-13,1.022721117e-13,9.122886992e-14,7.041230062e-14,1.406132411e-13,2.255688659e-13,8.534959533e-14,2.066230604e-13,1.210945904e-13,4.71675835e-13,6.873437212e-13,3.643709426e-13,4.136869877e-13,5.867538999e-14,3.732041074e-13,1.780668101e-13,5.948743465e-14,5.269411955e-14,2.232075791e-13,7.655937308e-14,2.613180143e-13,4.394974678e-13,1.537288594e-13,2.372820516e-13,7.880504268e-14,3.928326566e-13,1.647858551e-13
150.0546875,4.214870691e-13,2.039643699e-13,4.584147024e-13,2.514147904e-13,1.410949247e-13,2.926533636e-13,1.018359991e-13,8.919403366e-14,6.93424803e-14,1.4039505e-13,2.270111349e-13,8.471810003e-14,2.078257849e-13,1.203654256e-13,4.699012648e-13,6.837787859e-13,3.651112541e-13,4.142163878e-13,5.905448738e-14,3.709710101e-13,1.803128388e-13,6.003260406e-14,5.305265122e-14,2.227329743e-13,7.686702228e-14,2.597265952e-13,4.378917041e-13,1.524527379e-13,2.398318112e-13,7.815753493e-14,3.911555818e-13,1.657435749e-13
150.0625,4.229664253e-13,2.027821622e-13,4.651593898e-13,2.488330434e-13,1.423069682e-13,2.954825682e-13,1.014317669e-13,8.719645482e-14,6.827715863e-14,1.401262034e-13,2.285850166e-13,8.412204191e-14,2.090890073e-13,1.196192346e-13,4.683319534e-13,6.8053913e-13,3.65961241e-13,4.146780982e-13,5.943746217e-14,3.689301371e-13,1.82508291e-13,6.057861905e-14,5.338862783e-14,2.223757111e-13,7.719090669e-14,2.582414698e-13,4.361450371e-13,1.511463657e-13,2.425976451e-13,7.751254473e-14,3.894051357e-13,1.667000249e-13
150.0703125,4.245336823e-13,2.015129006e-13,4.721096746e-13,2.462348242e-13,1.436026542e-13,2.983343865e-13,1.010719148e-13,8.521229306e-14,6.720690282e-14,1.398202988e-13,2.302550257e-13,8.356807724e-14,2.104125933e-13,1.189829994e-13,4.670089777e-13,6.776775687e-13,3.669658882e-13,4.153369353e-13,5.986679486e-14,3.669822672e-13,1.846715924e-13,6.113132021e-14,5.373930094e-14,2.220253555e-13,7.756723052e-14,2.567814315e-13,4.343110635e-13,1.499013112e-13,2.454238061e-13,7.689353599e-14,3.876928488e-13,1.676629752e-13
150.078125,4.259844335e-13,2.002614804e-13,4.790668459e-13,2.43323924e-13,1.448719674e-13,3.011402888e-13,1.007498449e-13,8.327087368e-14,6.615958727e-14,1.395038184e-13,2.318239283e-13,8.301190027e-14,2.11695865e-13,1.183437751e-13,4.657084906e-13,6.748636677e-13,3.67981276e-13,4.160926431e-13,6.031950601e-14,3.649005227e-13,1.868232117e-13,6.169659191e-14,5.413990527e-14,2.215916477e-13,7.795484654e-14,2.552567627e-13,4.324620448e-13,1.486616867e-13,2.481794866e-13,7.629084235e-14,3.860593807e-13,1.686122455e-13
150.0859375,4.273349308e-13,1.991376111e-13,4.860780667e-13,2.402503942e-13,1.460215051e-13,3.040480312e-13,1.004972958e-13,8.136314046e-14,6.510232756e-14,1.391570061e-13,2.333509692e-13,8.242396678e-14,2.128046406e-13,1.176064726e-13,4.643216372e-13,6.719752724e-13,3.691385251e-13,4.165706969e-13,6.07193937e-14,3.626907856e-13,1.88959332e-13,6.223878453e-14,5.453840083e-14,2.210926343e-13,7.828919468e-14,2.536707459e-13,4.304590303e-13,1.473377902e-13,2.509197743e-13,7.56756236e-14,3.843728085e-13,1.695275373e-13
150.09375,4.289496772e-13,1.978996009e-13,4.932685689e-13,2.371019809e-13,1.472310239e-13,3.072006459e-13,1.003217134e-13,7.942696302e-14,6.401411555e-14,1.38785579e-13,2.351241344e-13,8.183727312e-14,2.138118592e-13,1.169050607e-13,4.628594098e-13,6.690673809e-13,3.705081113e-13,4.168756936e-13,6.111437081e-14,3.604036898e-13,1.91045066e-13,6.276181407e-14,5.489768871e-14,2.205224047e-13,7.860485488e-14,2.520440654e-13,4.283543133e-13,1.460171304e-13,2.536992832e-13,7.506086394e-14,3.825968787e-13,1.704296328e-13
150.1015625,4.307850938e-13,1.963442352e-13,5.004611763e-13,2.337519882e-13,1.485611651e-13,3.104311608e-13,1.001765605e-13,7.747211507e-14,6.294698437e-14,1.384276506e-13,2.371003106e-13,8.127439954e-14,2.148611836e-13,1.162851622e-13,4.613682429e-13,6.661602173e-13,3.718553297e-13,4.173382475e-13,6.15681853e-14,3.580968114e-13,1.930622087e-13,6.331286247e-14,5.525595709e-14,2.198772185e-13,7.898257669e-14,2.504114813e-13,4.263679738e-13,1.447463488e-13,2.565530041e-13,7.447207173e-14,3.808342045e-13,1.713408774e-13
150.109375,4.326533013e-13,1.947796691e-13,5.076798854e-13,2.30330739e-13,1.498710452e-13,3.135730502e-13,1.000404497e-13,7.558345757e-14,6.193457946e-14,1.380998765e-13,2.390338724e-13,8.074189152e-14,2.159130732e-13,1.15662904e-13,4.599843021e-13,6.63336757e-13,3.731260787e-13,4.178515284e-13,6.203767542e-14,3.56019377e-13,1.950425737e-13,6.388918327e-14,5.563712054e-14,2.191969563e-13,7.93935275e-14,2.488352424e-13,4.243647437e-13,1.435168168e-13,2.595131767e-13,7.391866818e-14,3.790748314e-13,1.723017749e-13
150.1171875,4.347820292e-13,1.934484234e-13,5.152009743e-13,2.270388292e-13,1.512687681e-13,3.167022971e-13,9.99469468e-14,7.382042512e-14,6.099705043e-14,1.378130041e-13,2.41009769e-13,8.024620952e-14,2.169410569e-13,1.150735856e-13,4.587705689e-13,6.606987767e-13,3.744757754e-13,4.182650643e-13,6.252417525e-14,3.543068824e-13,1.969720072e-13,6.450008372e-14,5.60285183e-14,2.18513377e-13,7.977169465e-14,2.473324615e-13,4.221351227e-13,1.424021063e-13,2.625582014e-13,7.340622543e-14,3.773622618e-13,1.733482814e-13
150.125,4.370399103e-13,1.921620392e-13,5.228815758e-13,2.237317323e-13,1.528317877e-13,3.198377662e-13,9.992728938e-14,7.214845448e-14,6.014027316e-14,1.375719749e-13,2.432196363e-13,7.975937941e-14,2.180350529e-13,1.145574447e-13,4.575756305e-13,6.581170901e-13,3.759175087e-13,4.186316661e-13,6.305863161e-14,3.526430469e-13,1.98827312e-13,6.517306529e-14,5.643736767e-14,2.178870636e-13,8.013654764e-14,2.458238773e-13,4.197969464e-13,1.413741133e-13,2.656523445e-13,7.291890258e-14,3.758238935e-13,1.743947068e-13
150.1328125,4.388931665e-13,1.907920132e-13,5.304320249e-13,2.202234116e-13,1.542935768e-13,3.228767454e-13,9.99596514e-14,7.04934251e-14,5.930167841e-14,1.373603605e-13,2.455874654e-13,7.926445579e-14,2.19141638e-13,1.140121947e-13,4.56256066e-13,6.553807624e-13,3.774397079e-13,4.187607667e-13,6.358548348e-14,3.507724859e-13,2.006508999e-13,6.585295384e-14,5.687436881e-14,2.174036132e-13,8.049895447e-14,2.44235073e-13,4.174107049e-13,1.403106926e-13,2.687630163e-13,7.241914903e-14,3.743184223e-13,1.753605067e-13
150.140625,4.405808159e-13,1.893825053e-13,5.379082107e-13,2.166203719e-13,1.556196461e-13,3.258795684e-13,9.999887263e-14,6.886885565e-14,5.846527963e-14,1.371690685e-13,2.479906854e-13,7.878290194e-14,2.201347741e-13,1.133907368e-13,4.54881944e-13,6.525901197e-13,3.790676667e-13,4.184937987e-13,6.408542563e-14,3.489358112e-13,2.024389566e-13,6.650571461e-14,5.73085522e-14,2.170290354e-13,8.082370584e-14,2.426106367e-13,4.149130407e-13,1.392445313e-13,2.718576531e-13,7.189125938e-14,3.726887407e-13,1.763296495e-13
150.1484375,4.427870554e-13,1.879494747e-13,5.45367165e-13,2.130717063e-13,1.570694377e-13,3.289746278e-13,1.000574849e-13,6.72992497e-14,5.768284711e-14,1.369970011e-13,2.50420771e-13,7.831424095e-14,2.210808021e-13,1.128100213e-13,4.535430082e-13,6.498713475e-13,3.806844521e-13,4.181741517e-13,6.461223515e-14,3.472818595e-13,2.041726098e-13,6.718840948e-14,5.771018209e-14,2.166041475e-13,8.113183175e-14,2.410060885e-13,4.124284344e-13,1.38272085e-13,2.749657588e-13,7.136221868e-14,3.711276425e-13,1.77359461e-13
150.15625,4.454740533e-13,1.865174545e-13,5.527564702e-13,2.095094132e-13,1.586320254e-13,3.321113107e-13,1.00181622e-13,6.570134841e-14,5.691707212e-14,1.368387989e-13,2.52861708e-13,7.784087717e-14,2.220603791e-13,1.12323465e-13,4.521303249e-13,6.469708379e-13,3.821711687e-13,4.180747462e-13,6.516708316e-14,3.455723189e-13,2.058777098e-13,6.790136045e-14,5.811138764e-14,2.160347675e-13,8.146167348e-14,2.393833659e-13,4.099856499e-13,1.373717417e-13,2.781330801e-13,7.086370978e-14,3.696915171e-13,1.783857304e-13
150.1640625,4.481955468e-13,1.85044322e-13,5.600909827e-13,2.058444836e-13,1.601709314e-13,3.351900798e-13,1.003550043e-13,6.406758621e-14,5.61284788e-14,1.36705436e-13,2.553325487e-13,7.734522316e-14,2.2299973e-13,1.118011696e-13,4.505560203e-13,6.437785558e-13,3.835755641e-13,4.179665163e-13,6.572496063e-14,3.437630725e-13,2.074728599e-13,6.860068322e-14,5.854751861e-14,2.153733935e-13,8.179121414e-14,2.377189775e-13,4.073578146e-13,1.364774136e-13,2.813234217e-13,7.037910615e-14,3.680909082e-13,1.793888798e-13
150.171875,4.508953704e-13,1.834846826e-13,5.673806023e-13,2.021646646e-13,1.617262247e-13,3.382115503e-13,1.005398763e-13,6.253145641e-14,5.538720649e-14,1.365900743e-13,2.579277923e-13,7.680581664e-14,2.238800242e-13,1.111882303e-13,4.489354522e-13,6.405560173e-13,3.849601339e-13,4.17663258e-13,6.628456281e-14,3.420405712e-13,2.089075203e-13,6.930904041e-14,5.898538591e-14,2.146974491e-13,8.210771267e-14,2.360387091e-13,4.044618805e-13,1.355715492e-13,2.845033807e-13,6.987785131e-14,3.663140408e-13,1.803898587e-13
150.1796875,4.537524895e-13,1.819623907e-13,5.746970073e-13,1.984894797e-13,1.633257298e-13,3.412040007e-13,1.007504208e-13,6.111226639e-14,5.471558294e-14,1.364310469e-13,2.606772681e-13,7.627080399e-14,2.247651982e-13,1.10613956e-13,4.473211155e-13,6.373066599e-13,3.863098229e-13,4.173103994e-13,6.683929918e-14,3.404097792e-13,2.103627403e-13,7.004212726e-14,5.93951177e-14,2.140073898e-13,8.2439939e-14,2.343552585e-13,4.014015438e-13,1.34691624e-13,2.877305092e-13,6.938050859e-14,3.646508575e-13,1.813738651e-13
150.1875,4.566796688e-13,1.805009987e-13,5.820609659e-13,1.946656307e-13,1.649166203e-13,3.441632693e-13,1.00998828e-13,5.972913657e-14,5.407888892e-14,1.362231529e-13,2.635125722e-13,7.582522689e-14,2.256491933e-13,1.101046974e-13,4.456151489e-13,6.338776491e-13,3.876159274e-13,4.169898099e-13,6.740145885e-14,3.388436869e-13,2.119043355e-13,7.077364808e-14,5.980833707e-14,2.132918103e-13,8.279563168e-14,2.326980944e-13,3.982683005e-13,1.338754344e-13,2.910477079e-13,6.890367477e-14,3.6309822e-13,1.823328035e-13
150.1953125,4.594788752e-13,1.789454924e-13,5.892993355e-13,1.907202893e-13,1.664581579e-13,3.470616113e-13,1.01278202e-13,5.840970713e-14,5.350631803e-14,1.361022783e-13,2.663762216e-13,7.543675915e-14,2.265315584e-13,1.095478329e-13,4.438100509e-13,6.303742808e-13,3.888816075e-13,4.165572605e-13,6.798398274e-14,3.373468204e-13,2.133364832e-13,7.150575598e-14,6.023743547e-14,2.1261455e-13,8.314710217e-14,2.310742224e-13,3.951408762e-13,1.331147528e-13,2.943955334e-13,6.841973265e-14,3.61483223e-13,1.832789846e-13
150.203125,4.623453401e-13,1.773115764e-13,5.964812933e-13,1.868164312e-13,1.679837569e-13,3.499196773e-13,1.015997281e-13,5.719769937e-14,5.300143948e-14,1.361610514e-13,2.692991004e-13,7.501266744e-14,2.274317606e-13,1.089513085e-13,4.41975536e-13,6.268057836e-13,3.900532951e-13,4.159053871e-13,6.855771606e-14,3.357850326e-13,2.146027854e-13,7.224619928e-14,6.064469254e-14,2.120213239e-13,8.345866602e-14,2.294134654e-13,3.919910513e-13,1.324205542e-13,2.977002538e-13,6.793502787e-14,3.598639843e-13,1.842508317e-13
150.2109375,4.655531128e-13,1.756994509e-13,6.03835805e-13,1.828869047e-13,1.696243023e-13,3.528135467e-13,1.019554439e-13,5.6051896e-14,5.251392549e-14,1.362702624e-13,2.723766009e-13,7.455871303e-14,2.282939418e-13,1.084024861e-13,4.401726535e-13,6.231776108e-13,3.911304239e-13,4.151508502e-13,6.913101209e-14,3.341447238e-13,2.158202641e-13,7.298395649e-14,6.101815766e-14,2.114216071e-13,8.373608025e-14,2.27687273e-13,3.887810163e-13,1.318397656e-13,3.009814618e-13,6.747854728e-14,3.582938898e-13,1.852786642e-13
150.21875,4.689416006e-13,1.740610398e-13,6.1118181e-13,1.788812701e-13,1.714182575e-13,3.557200569e-13,1.023274769e-13,5.494828618e-14,5.205720083e-14,1.362553786e-13,2.7561017e-13,7.412355945e-14,2.291125197e-13,1.079239733e-13,4.385384187e-13,6.198899487e-13,3.92348758e-13,4.145223682e-13,6.977147423e-14,3.326067244e-13,2.170110809e-13,7.373373064e-14,6.139636711e-14,2.107239299e-13,8.405865457e-14,2.259707311e-13,3.85688748e-13,1.313691052e-13,3.043290347e-13,6.703856181e-14,3.566639658e-13,1.863242151e-13
150.2265625,4.723551385e-13,1.724236766e-13,6.183489993e-13,1.749802125e-13,1.732278991e-13,3.585565271e-13,1.027445764e-13,5.38881625e-14,5.166210642e-14,1.361317338e-13,2.788514824e-13,7.369705499e-14,2.299469094e-13,1.075080176e-13,4.371548355e-13,6.171717786e-13,3.939192471e-13,4.140707418e-13,7.047538007e-14,3.311845961e-13,2.181379781e-13,7.451655105e-14,6.181853173e-14,2.099552214e-13,8.4477404e-14,2.243453407e-13,3.827776924e-13,1.309488135e-13,3.078202639e-13,6.661766421e-14,3.549744196e-13,1.873633965e-13
150.234375,4.758083294e-13,1.709725389e-13,6.254379659e-13,1.711699719e-13,1.749133407e-13,3.613373795e-13,1.032287133e-13,5.286395982e-14,5.129683849e-14,1.360105602e-13,2.820108722e-13,7.324268239e-14,2.307476652e-13,1.070798757e-13,4.358312222e-13,6.146701562e-13,3.955828808e-13,4.135965176e-13,7.114352068e-14,3.297354398e-13,2.191484067e-13,7.530129335e-14,6.227336012e-14,2.090986573e-13,8.492308638e-14,2.228158104e-13,3.798347354e-13,1.30509293e-13,3.114861071e-13,6.622157982e-14,3.533078707e-13,1.883972555e-13
150.2421875,4.791786852e-13,1.697237508e-13,6.322430578e-13,1.672640607e-13,1.764276513e-13,3.640558854e-13,1.037572164e-13,5.189299869e-14,5.093994797e-14,1.359309198e-13,2.851532661e-13,7.275095256e-14,2.314778325e-13,1.065470896e-13,4.343037089e-13,6.120050229e-13,3.96946827e-13,4.129445514e-13,7.172756629e-14,3.282480168e-13,2.199711067e-13,7.604058314e-14,6.271151703e-14,2.081098211e-13,8.532528478e-14,2.213184874e-13,3.768543367e-13,1.300459873e-13,3.152999967e-13,6.579710784e-14,3.516499977e-13,1.893813372e-13
150.25,4.827061012e-13,1.683876467e-13,6.387371069e-13,1.633585478e-13,1.779333913e-13,3.66722227e-13,1.043228283e-13,5.098832845e-14,5.063369793e-14,1.359016323e-13,2.883811178e-13,7.226259579e-14,2.322307699e-13,1.060123529e-13,4.32648059e-13,6.092476943e-13,3.982165892e-13,4.121909608e-13,7.230351688e-14,3.268629429e-13,2.206550172e-13,7.676728156e-14,6.312871269e-14,2.071516734e-13,8.572213983e-14,2.198218736e-13,3.7396894e-13,1.29688502e-13,3.191891694e-13,6.534671551e-14,3.500452288e-13,1.903666415e-13
150.2578125,4.868489137e-13,1.666993754e-13,6.455959669e-13,1.595915111e-13,1.796930294e-13,3.695118027e-13,1.049251166e-13,5.013569962e-14,5.041592476e-14,1.359390776e-13,2.918048611e-13,7.183737877e-14,2.330465276e-13,1.056637195e-13,4.311588249e-13,6.067279338e-13,3.9989296e-13,4.114641983e-13,7.295416452e-14,3.256174572e-13,2.213025079e-13,7.755950942e-14,6.357033145e-14,2.06372569e-13,8.61645432e-14,2.183194414e-13,3.710202481e-13,1.295412084e-13,3.231132357e-13,6.496264209e-14,3.486350511e-13,1.914650172e-13
150.265625,4.912535608e-13,1.64779376e-13,6.529931255e-13,1.558366476e-13,1.816060982e-13,3.724035551e-13,1.055310557e-13,4.932122713e-14,5.024271936e-14,1.359983221e-13,2.954569918e-13,7.146986483e-14,2.339065613e-13,1.054706813e-13,4.297595525e-13,6.043861946e-13,4.018400591e-13,4.107275476e-13,7.364551831e-14,3.243292997e-13,2.21913623e-13,7.839536952e-14,6.403526791e-14,2.055875116e-13,8.663516439e-14,2.167381648e-13,3.679078879e-13,1.295228809e-13,3.270851941e-13,6.464860788e-14,3.474052716e-13,1.925829224e-13
150.2734375,4.954422956e-13,1.629841092e-13,6.602756716e-13,1.520841993e-13,1.833841728e-13,3.751513255e-13,1.061412835e-13,4.852241159e-14,5.004598992e-14,1.360131215e-13,2.991813701e-13,7.110490737e-14,2.348179284e-13,1.052713261e-13,4.281564502e-13,6.018049365e-13,4.035463744e-13,4.098330452e-13,7.430466705e-14,3.229733994e-13,2.224775909e-13,7.918749855e-14,6.448261418e-14,2.046287057e-13,8.711008796e-14,2.151071898e-13,3.648320947e-13,1.295420801e-13,3.311072579e-13,6.432654951e-14,3.461703816e-13,1.935951779e-13
150.28125,4.997684242e-13,1.614949287e-13,6.673413916e-13,1.485361404e-13,1.850876982e-13,3.778704787e-13,1.068214458e-13,4.772938328e-14,4.984360642e-14,1.360119977e-13,3.028855903e-13,7.073544375e-14,2.357190007e-13,1.050584415e-13,4.265530112e-13,5.991539887e-13,4.051403697e-13,4.088127e-13,7.495167646e-14,3.21774502e-13,2.22961497e-13,7.993925106e-14,6.49150672e-14,2.036350204e-13,8.760757436e-14,2.136127322e-13,3.618571894e-13,1.296142117e-13,3.352279099e-13,6.398971861e-14,3.448262374e-13,1.946003164e-13
150.2890625,5.04364783e-13,1.602245848e-13,6.745373771e-13,1.451971782e-13,1.868322114e-13,3.80760817e-13,1.075875028e-13,4.697700602e-14,4.968577237e-14,1.360617647e-13,3.067027414e-13,7.037680085e-14,2.365694746e-13,1.049167553e-13,4.25258326e-13,5.969455603e-13,4.070589383e-13,4.078944479e-13,7.562182577e-14,3.206825914e-13,2.232415685e-13,8.069728705e-14,6.53527575e-14,2.027082867e-13,8.815076019e-14,2.122406446e-13,3.588992113e-13,1.297057875e-13,3.395681845e-13,6.365843541e-14,3.434486905e-13,1.956852936e-13
150.296875,5.088340328e-13,1.589529944e-13,6.816058039e-13,1.418728707e-13,1.884960907e-13,3.835505725e-13,1.083641929e-13,4.629743503e-14,4.956489519e-14,1.361310957e-13,3.106793866e-13,6.99921648e-14,2.374287084e-13,1.047965115e-13,4.239837892e-13,5.949219028e-13,4.090824064e-13,4.07073373e-13,7.625856835e-14,3.195067666e-13,2.233210667e-13,8.144262369e-14,6.578496533e-14,2.017904761e-13,8.87254114e-14,2.108031026e-13,3.559945978e-13,1.297407931e-13,3.441032484e-13,6.331504096e-14,3.421363224e-13,1.968055419e-13
150.3046875,5.133035884e-13,1.575209505e-13,6.883026381e-13,1.384609157e-13,1.900804992e-13,3.86092002e-13,1.091251767e-13,4.568685381e-14,4.94664068e-14,1.361438788e-13,3.147169135e-13,6.95644008e-14,2.382659245e-13,1.046289867e-13,4.224795779e-13,5.92618304e-13,4.108315378e-13,4.061201921e-13,7.683914566e-14,3.183889096e-13,2.23346201e-13,8.215864035e-14,6.620529752e-14,2.00891079e-13,8.930882119e-14,2.093276531e-13,3.531182966e-13,1.297508461e-13,3.486633965e-13,6.29632341e-14,3.409000266e-13,1.979460251e-13
150.3125,5.18082664e-13,1.560023761e-13,6.950330276e-13,1.350269376e-13,1.916917533e-13,3.88649245e-13,1.099206814e-13,4.512421253e-14,4.939547606e-14,1.360990408e-13,3.188476876e-13,6.914431784e-14,2.390497567e-13,1.045068183e-13,4.210054556e-13,5.902740108e-13,4.125147641e-13,4.050973839e-13,7.744415247e-14,3.174225786e-13,2.233153256e-13,8.287839047e-14,6.662072963e-14,2.000117544e-13,8.992272751e-14,2.079323702e-13,3.501924949e-13,1.29809868e-13,3.532554294e-13,6.262116752e-14,3.397722136e-13,1.991083725e-13
150.3203125,5.229983089e-13,1.54571161e-13,7.020350385e-13,1.317256868e-13,1.932811259e-13,3.912449355e-13,1.107359202e-13,4.458936165e-14,4.934326763e-14,1.360319024e-13,3.231494981e-13,6.873789438e-14,2.39911114e-13,1.044895125e-13,4.197020417e-13,5.882360574e-13,4.143373185e-13,4.042310306e-13,7.808042687e-14,3.165156918e-13,2.231523526e-13,8.361671677e-14,6.702700191e-14,1.990639083e-13,9.059831968e-14,2.06615475e-13,3.473615803e-13,1.299226711e-13,3.580193492e-13,6.230262333e-14,3.388217756e-13,2.003040432e-13
150.328125,5.279232379e-13,1.532919171e-13,7.091034131e-13,1.286132961e-13,1.948058219e-13,3.937427989e-13,1.115288284e-13,4.408156019e-14,4.930492677e-14,1.359752485e-13,3.275775261e-13,6.830750034e-14,2.408723576e-13,1.045031918e-13,4.185191947e-13,5.865320908e-13,4.161436305e-13,4.03465589e-13,7.867350196e-14,3.157576424e-13,2.229074709e-13,8.43536683e-14,6.742864591e-14,1.980398568e-13,9.132038765e-14,2.054132117e-13,3.447757061e-13,1.300870603e-13,3.629712947e-13,6.204348217e-14,3.380052257e-13,2.015753361e-13
150.3359375,5.328842197e-13,1.521598561e-13,7.16116498e-13,1.256281992e-13,1.962969093e-13,3.962272108e-13,1.123535096e-13,4.360922613e-14,4.929300895e-14,1.359843246e-13,3.32110365e-13,6.790014721e-14,2.418124279e-13,1.045653862e-13,4.175511609e-13,5.851087222e-13,4.179113396e-13,4.027176433e-13,7.92527955e-14,3.151184415e-13,2.225869063e-13,8.507352677e-14,6.783865372e-14,1.970079077e-13,9.206806058e-14,2.043316818e-13,3.423227041e-13,1.303317108e-13,3.681085636e-13,6.183552148e-14,3.372490232e-13,2.028723902e-13
150.34375,5.378217173e-13,1.511048854e-13,7.2296572e-13,1.228023586e-13,1.977629716e-13,3.986476786e-13,1.132567087e-13,4.318294835e-14,4.933254194e-14,1.360428192e-13,3.367724083e-13,6.755776967e-14,2.427600453e-13,1.047459814e-13,4.167614838e-13,5.83813663e-13,4.197165729e-13,4.020942504e-13,7.986456231e-14,3.144071605e-13,2.221144051e-13,8.577847763e-14,6.824568186e-14,1.960045383e-13,9.285537671e-14,2.032453082e-13,3.398885314e-13,1.30625811e-13,3.734276619e-13,6.161395208e-14,3.365801018e-13,2.041328186e-13
150.3515625,5.428191465e-13,1.500220278e-13,7.295317456e-13,1.201282823e-13,1.992454273e-13,4.008392684e-13,1.142031173e-13,4.284209224e-14,4.944095118e-14,1.360407236e-13,3.414927821e-13,6.71930142e-14,2.437822482e-13,1.049805257e-13,4.159752039e-13,5.825618041e-13,4.215043539e-13,4.015982765e-13,8.04367183e-14,3.137877036e-13,2.215520998e-13,8.647637995e-14,6.863882174e-14,1.95054756e-13,9.37052191e-14,2.02134675e-13,3.375395626e-13,1.308730305e-13,3.787730909e-13,6.13803288e-14,3.359762994e-13,2.054317109e-13
150.359375,5.479343129e-13,1.489318156e-13,7.360380349e-13,1.174407471e-13,2.007826587e-13,4.029231343e-13,1.151731676e-13,4.260873937e-14,4.958825178e-14,1.359705771e-13,3.46193855e-13,6.675692264e-14,2.448485031e-13,1.052216152e-13,4.152141173e-13,5.814598423e-13,4.23294218e-13,4.011205279e-13,8.095097711e-14,3.134483422e-13,2.210039422e-13,8.717025404e-14,6.903364547e-14,1.941444271e-13,9.46276591e-14,2.010783998e-13,3.353137579e-13,1.310546907e-13,3.840972214e-13,6.117728917e-14,3.353726707e-13,2.068149957e-13
150.3671875,5.531005896e-13,1.478807237e-13,7.427190108e-13,1.148200039e-13,2.02339489e-13,4.05044858e-13,1.161566403e-13,4.242697824e-14,4.974657698e-14,1.359334447e-13,3.509452117e-13,6.632657191e-14,2.459799507e-13,1.055363033e-13,4.145506749e-13,5.805441721e-13,4.251334197e-13,4.006374703e-13,8.148322146e-14,3.132075117e-13,2.203850258e-13,8.786840154e-14,6.943626055e-14,1.932069297e-13,9.559802726e-14,2.000595982e-13,3.331439482e-13,1.312848955e-13,3.895684045e-13,6.098169428e-14,3.348521082e-13,2.082229555e-13
150.375,5.585351104e-13,1.468988882e-13,7.493744231e-13,1.124956537e-13,2.038599856e-13,4.071206033e-13,1.171301121e-13,4.224205493e-14,4.993063792e-14,1.359297106e-13,3.558372881e-13,6.59223554e-14,2.471645537e-13,1.059508565e-13,4.139600508e-13,5.798621239e-13,4.270063265e-13,4.002251354e-13,8.202459194e-14,3.129038012e-13,2.195419528e-13,8.857540932e-14,6.984084364e-14,1.921944457e-13,9.657715217e-14,1.990790206e-13,3.310416437e-13,1.316729135e-13,3.951851026e-13,6.078192443e-14,3.345177e-13,2.096426939e-13
150.3828125,5.644168736e-13,1.461592607e-13,7.557764782e-13,1.103038208e-13,2.05315265e-13,4.09097933e-13,1.181252441e-13,4.208321372e-14,5.012852482e-14,1.358808285e-13,3.607772046e-13,6.549463701e-14,2.483288686e-13,1.064510631e-13,4.134507075e-13,5.795429949e-13,4.290119425e-13,4.000991041e-13,8.255088971e-14,3.125259328e-13,2.184839863e-13,8.92738303e-14,7.025218029e-14,1.910840268e-13,9.760402726e-14,1.981896341e-13,3.291159002e-13,1.321934615e-13,4.008519292e-13,6.062055855e-14,3.343514528e-13,2.110901812e-13
150.390625,5.704458941e-13,1.456234432e-13,7.62047637e-13,1.080559644e-13,2.067443952e-13,4.110799021e-13,1.191699346e-13,4.199851802e-14,5.032639373e-14,1.357718644e-13,3.65665354e-13,6.50650796e-14,2.495448665e-13,1.070599914e-13,4.130843073e-13,5.79566361e-13,4.312498456e-13,4.004091089e-13,8.311331715e-14,3.121741351e-13,2.173612805e-13,8.99500847e-14,7.065267354e-14,1.898926041e-13,9.875592991e-14,1.973483564e-13,3.27366956e-13,1.327493862e-13,4.06705927e-13,6.04898064e-14,3.343355621e-13,2.125474336e-13
150.3984375,5.763633691e-13,1.448856761e-13,7.683805707e-13,1.059715212e-13,2.081604175e-13,4.13172821e-13,1.202341823e-13,4.197362909e-14,5.055636098e-14,1.356494048e-13,3.706599855e-13,6.467176933e-14,2.508584869e-13,1.077656167e-13,4.129139291e-13,5.798584604e-13,4.336833332e-13,4.009279771e-13,8.368534615e-14,3.120292206e-13,2.16231742e-13,9.05944418e-14,7.101252579e-14,1.886999393e-13,9.999319301e-14,1.964915851e-13,3.256744261e-13,1.333235764e-13,4.128320201e-13,6.035258998e-14,3.344229922e-13,2.140010646e-13
150.40625,5.822498185e-13,1.439793232e-13,7.74748499e-13,1.041430567e-13,2.094689482e-13,4.152998797e-13,1.213222878e-13,4.196572064e-14,5.081730932e-14,1.355883671e-13,3.758726358e-13,6.428254602e-14,2.521562167e-13,1.084884019e-13,4.128489213e-13,5.802850494e-13,4.362332576e-13,4.01379818e-13,8.41886729e-14,3.119515363e-13,2.149622276e-13,9.119310818e-14,7.135370069e-14,1.875886692e-13,1.012147494e-13,1.956333863e-13,3.239974104e-13,1.339526682e-13,4.190765862e-13,6.021649941e-14,3.345302501e-13,2.15423977e-13
150.4140625,5.883264615e-13,1.434211671e-13,7.810252166e-13,1.024128172e-13,2.107526633e-13,4.17294074e-13,1.224548555e-13,4.197617708e-14,5.110243662e-14,1.356063844e-13,3.810928116e-13,6.386965281e-14,2.534875748e-13,1.092294208e-13,4.127342439e-13,5.80598564e-13,4.387752146e-13,4.018570893e-13,8.467099683e-14,3.117298195e-13,2.134826644e-13,9.179245491e-14,7.171065067e-14,1.866055905e-13,1.024335629e-13,1.947873974e-13,3.223793223e-13,1.34607915e-13,4.253474757e-13,6.008037204e-14,3.347723803e-13,2.168112899e-13
150.421875,5.948552711e-13,1.431911833e-13,7.872031859e-13,1.008541954e-13,2.122585762e-13,4.192238202e-13,1.235994595e-13,4.203463547e-14,5.145162088e-14,1.356015804e-13,3.862372186e-13,6.345925428e-14,2.549806514e-13,1.101495268e-13,4.126970102e-13,5.809179377e-13,4.413007129e-13,4.025320139e-13,8.521468787e-14,3.116087855e-13,2.119171386e-13,9.245672063e-14,7.206501733e-14,1.856948442e-13,1.037215495e-13,1.939367769e-13,3.208227183e-13,1.352991753e-13,4.316500588e-13,5.993321197e-14,3.353221912e-13,2.182212204e-13
150.4296875,6.016989095e-13,1.42885605e-13,7.932672935e-13,9.956238712e-14,2.138765972e-13,4.211909004e-13,1.247444671e-13,4.214682783e-14,5.18415268e-14,1.355255328e-13,3.915094075e-13,6.306615227e-14,2.564843489e-13,1.113088252e-13,4.128988063e-13,5.815856146e-13,4.440044613e-13,4.033394161e-13,8.578954795e-14,3.116855707e-13,2.103015148e-13,9.313347252e-14,7.239669318e-14,1.846922688e-13,1.05065918e-13,1.930572484e-13,3.193086915e-13,1.361234144e-13,4.379750178e-13,5.979608491e-14,3.360511973e-13,2.196524365e-13
150.4375,6.083002694e-13,1.425812565e-13,7.990980363e-13,9.83679941e-14,2.152852867e-13,4.23000251e-13,1.259277211e-13,4.231303849e-14,5.222059742e-14,1.354510437e-13,3.968851252e-13,6.265078642e-14,2.578171437e-13,1.124990005e-13,4.131652375e-13,5.824916243e-13,4.46896145e-13,4.041794945e-13,8.632643185e-14,3.116961954e-13,2.085548044e-13,9.374213774e-14,7.272004438e-14,1.83563792e-13,1.064265496e-13,1.921417385e-13,3.178160908e-13,1.370143865e-13,4.443618977e-13,5.966292432e-14,3.367559409e-13,2.210535893e-13
150.4453125,6.145696469e-13,1.424788211e-13,8.048318882e-13,9.721870007e-14,2.165185353e-13,4.245913709e-13,1.271675976e-13,4.253284044e-14,5.261515094e-14,1.353753178e-13,4.021709592e-13,6.21941359e-14,2.590347611e-13,1.136073142e-13,4.134952994e-13,5.834983614e-13,4.498092702e-13,4.051321544e-13,8.681789526e-14,3.117623825e-13,2.067661802e-13,9.431082106e-14,7.304115616e-14,1.824113883e-13,1.07834362e-13,1.91243036e-13,3.163259955e-13,1.377949116e-13,4.508600426e-13,5.950896777e-14,3.374554404e-13,2.224654609e-13
150.453125,6.208674154e-13,1.424652801e-13,8.107610939e-13,9.629118383e-14,2.177356703e-13,4.26204957e-13,1.284414144e-13,4.276589837e-14,5.301374563e-14,1.352410076e-13,4.074619797e-13,6.176209723e-14,2.60248415e-13,1.147888079e-13,4.141801117e-13,5.848667596e-13,4.527864955e-13,4.063419775e-13,8.731644082e-14,3.120696605e-13,2.05052658e-13,9.487006319e-14,7.33529845e-14,1.811983329e-13,1.093261112e-13,1.904118087e-13,3.149183872e-13,1.38537133e-13,4.575406974e-13,5.935862485e-14,3.381952503e-13,2.239053751e-13
150.4609375,6.272858167e-13,1.425259926e-13,8.16726682e-13,9.562928203e-14,2.189000322e-13,4.278526969e-13,1.297101935e-13,4.298141991e-14,5.336978354e-14,1.350765951e-13,4.128879622e-13,6.139293398e-14,2.615602005e-13,1.161113666e-13,4.151379064e-13,5.866330819e-13,4.559099318e-13,4.078566615e-13,8.787221923e-14,3.123229226e-13,2.033226391e-13,9.540214588e-14,7.365371314e-14,1.798943427e-13,1.108830545e-13,1.896148703e-13,3.137115809e-13,1.393904247e-13,4.645149064e-13,5.92237548e-14,3.390173543e-13,2.252697027e-13
150.46875,6.339019741e-13,1.427329415e-13,8.224845593e-13,9.512603463e-14,2.20056388e-13,4.293936479e-13,1.309831219e-13,4.322569475e-14,5.37440939e-14,1.348872775e-13,4.183167204e-13,6.102368454e-14,2.63030927e-13,1.175446162e-13,4.161806497e-13,5.886284999e-13,4.591381899e-13,4.09678875e-13,8.847966348e-14,3.124612447e-13,2.015193932e-13,9.593779743e-14,7.394117299e-14,1.786226032e-13,1.125015154e-13,1.888233026e-13,3.126900356e-13,1.402583244e-13,4.717009425e-13,5.907790326e-14,3.400498422e-13,2.265582815e-13
150.4765625,6.408288806e-13,1.429988387e-13,8.282937407e-13,9.479743176e-14,2.213003169e-13,4.30879712e-13,1.323238606e-13,4.355324364e-14,5.418546161e-14,1.34639712e-13,4.236864498e-13,6.063626325e-14,2.64553646e-13,1.191607533e-13,4.175361124e-13,5.909928449e-13,4.624712368e-13,4.118066326e-13,8.910692929e-14,3.128259198e-13,1.997133862e-13,9.64961848e-14,7.421947785e-14,1.773186886e-13,1.142100852e-13,1.880960762e-13,3.117826441e-13,1.410726968e-13,4.789192043e-13,5.892879172e-14,3.412306739e-13,2.279158871e-13
150.484375,6.477206938e-13,1.43370948e-13,8.342779779e-13,9.474736708e-14,2.225209136e-13,4.323303408e-13,1.337291953e-13,4.394952514e-14,5.463870385e-14,1.343883428e-13,4.291335672e-13,6.029421272e-14,2.660465922e-13,1.20933764e-13,4.192374407e-13,5.937486466e-13,4.658603608e-13,4.141478382e-13,8.973959814e-14,3.134118511e-13,1.978770852e-13,9.702964641e-14,7.449460969e-14,1.758170666e-13,1.159915966e-13,1.874667726e-13,3.109925848e-13,1.419600037e-13,4.862253359e-13,5.878138218e-14,3.424001614e-13,2.293583656e-13
150.4921875,6.54401085e-13,1.44014766e-13,8.401541934e-13,9.490109478e-14,2.236554511e-13,4.337447106e-13,1.351336995e-13,4.438946777e-14,5.50960428e-14,1.34167066e-13,4.34698128e-13,5.998500737e-14,2.675862447e-13,1.227541577e-13,4.209719273e-13,5.966332072e-13,4.692771823e-13,4.166078269e-13,9.037146158e-14,3.13988377e-13,1.959696328e-13,9.754104439e-14,7.475679147e-14,1.742699435e-13,1.178070298e-13,1.868494332e-13,3.103308336e-13,1.429280606e-13,4.936752261e-13,5.860467052e-14,3.437252346e-13,2.307661822e-13
150.5,6.613889551e-13,1.449016969e-13,8.460239676e-13,9.512634598e-14,2.248702229e-13,4.353193209e-13,1.365573255e-13,4.489166472e-14,5.56011933e-14,1.339317622e-13,4.402723174e-13,5.965955553e-14,2.691772271e-13,1.247169646e-13,4.228685929e-13,5.997557524e-13,4.72952036e-13,4.192341044e-13,9.102693729e-14,3.146009147e-13,1.940537349e-13,9.807929366e-14,7.500226819e-14,1.728623785e-13,1.196705269e-13,1.861836814e-13,3.097970823e-13,1.438806229e-13,5.011662294e-13,5.840795459e-14,3.453811016e-13,2.321231068e-13
150.5078125,6.689820837e-13,1.459295855e-13,8.521699723e-13,9.550476736e-14,2.262779616e-13,4.371400674e-13,1.380658838e-13,4.545168549e-14,5.614827389e-14,1.337122088e-13,4.457555766e-13,5.936086331e-14,2.707455529e-13,1.269373232e-13,4.252939683e-13,6.034591438e-13,4.770831595e-13,4.221231754e-13,9.176278251e-14,3.153898301e-13,1.920969564e-13,9.863922197e-14,7.525129108e-14,1.71511315e-13,1.216099288e-13,1.855562623e-13,3.094167182e-13,1.448623507e-13,5.087987518e-13,5.821797209e-14,3.471875153e-13,2.335048392e-13
150.515625,6.768468259e-13,1.470225151e-13,8.581947395e-13,9.609858697e-14,2.277777199e-13,4.389841398e-13,1.396271617e-13,4.603154873e-14,5.672030658e-14,1.335435071e-13,4.510713958e-13,5.909634915e-14,2.722960568e-13,1.293106738e-13,4.281119957e-13,6.076701658e-13,4.815734551e-13,4.253042353e-13,9.256571566e-14,3.164036314e-13,1.899745541e-13,9.919978106e-14,7.550960595e-14,1.701786674e-13,1.23611634e-13,1.850282519e-13,3.091639745e-13,1.459019469e-13,5.167143922e-13,5.800753482e-14,3.490301479e-13,2.349287726e-13
150.5234375,6.846122327e-13,1.481142884e-13,8.635922781e-13,9.680430623e-14,2.291557235e-13,4.405903524e-13,1.411545963e-13,4.665265306e-14,5.730390979e-14,1.333527679e-13,4.561729722e-13,5.877843312e-14,2.738421011e-13,1.316902388e-13,4.309930872e-13,6.12074733e-13,4.861911973e-13,4.286838304e-13,9.333511989e-14,3.176301646e-13,1.87696807e-13,9.974591458e-14,7.574108641e-14,1.689137062e-13,1.256373593e-13,1.845187475e-13,3.089632717e-13,1.468831018e-13,5.247003295e-13,5.774888096e-14,3.50993519e-13,2.363604956e-13
150.53125,6.921355621e-13,1.493138315e-13,8.686885316e-13,9.766581569e-14,2.303050832e-13,4.419212794e-13,1.426253757e-13,4.733300307e-14,5.787062965e-14,1.331150426e-13,4.611390078e-13,5.842783114e-14,2.753938517e-13,1.340437405e-13,4.338630055e-13,6.164974602e-13,4.907025793e-13,4.320940803e-13,9.403436293e-14,3.188768524e-13,1.854004989e-13,1.002435706e-13,7.591998231e-14,1.676453749e-13,1.276582341e-13,1.839832823e-13,3.088086347e-13,1.477982214e-13,5.325700748e-13,5.745827845e-14,3.530585046e-13,2.377617259e-13
150.5390625,6.995900868e-13,1.507511191e-13,8.740289706e-13,9.879499186e-14,2.313851885e-13,4.432206448e-13,1.440697809e-13,4.798873882e-14,5.842152079e-14,1.328711235e-13,4.661550979e-13,5.815880371e-14,2.770041702e-13,1.36467343e-13,4.367496064e-13,6.209284349e-13,4.950933222e-13,4.355831585e-13,9.474532937e-14,3.199075435e-13,1.831858742e-13,1.00707204e-13,7.608013303e-14,1.663314592e-13,1.296897351e-13,1.834675213e-13,3.0874963e-13,1.488132735e-13,5.404451593e-13,5.716665699e-14,3.552435727e-13,2.391034127e-13
150.546875,7.073911482e-13,1.523556261e-13,8.794638782e-13,1.001213557e-13,2.325861671e-13,4.446509176e-13,1.455011598e-13,4.859432419e-14,5.89811621e-14,1.325816829e-13,4.71306518e-13,5.794750233e-14,2.786767311e-13,1.390970753e-13,4.397884423e-13,6.256072426e-13,4.996304788e-13,4.394146933e-13,9.553653809e-14,3.208609429e-13,1.810140706e-13,1.011910186e-13,7.625499063e-14,1.650198836e-13,1.317728754e-13,1.829682261e-13,3.088104043e-13,1.499761862e-13,5.483775128e-13,5.689976606e-14,3.57676829e-13,2.403998422e-13
150.5546875,7.15721984e-13,1.541239724e-13,8.84623495e-13,1.016051694e-13,2.339031611e-13,4.46016434e-13,1.469172307e-13,4.92535678e-14,5.957774523e-14,1.322227921e-13,4.7647614e-13,5.769969042e-14,2.803734094e-13,1.419264957e-13,4.431796643e-13,6.30824529e-13,5.044510489e-13,4.436634281e-13,9.639928117e-14,3.220857701e-13,1.78770097e-13,1.016979618e-13,7.642245247e-14,1.637122844e-13,1.339131359e-13,1.824614416e-13,3.090164225e-13,1.511662404e-13,5.562895651e-13,5.665083919e-14,3.603355826e-13,2.416961193e-13
150.5625,7.243794914e-13,1.5615373e-13,8.895856697e-13,1.032902036e-13,2.352759972e-13,4.472648819e-13,1.483262787e-13,4.99929982e-14,6.024331296e-14,1.318545895e-13,4.815256029e-13,5.743632548e-14,2.820495237e-13,1.448466237e-13,4.468410942e-13,6.364667501e-13,5.09479244e-13,4.481888521e-13,9.730646766e-14,3.235067543e-13,1.764731127e-13,1.022103829e-13,7.656019753e-14,1.624105706e-13,1.360910669e-13,1.819423069e-13,3.093718667e-13,1.523679056e-13,5.641758852e-13,5.637747598e-14,3.630748818e-13,2.430014686e-13
150.5703125,7.329693817e-13,1.583222722e-13,8.944578644e-13,1.051584965e-13,2.365803847e-13,4.486442312e-13,1.497160799e-13,5.073828026e-14,6.093932205e-14,1.314764042e-13,4.864395679e-13,5.720298887e-14,2.836139584e-13,1.47779124e-13,4.505359439e-13,6.421817175e-13,5.146439352e-13,4.528527165e-13,9.821883892e-14,3.247353293e-13,1.742312083e-13,1.027071987e-13,7.66664262e-14,1.610995749e-13,1.382750512e-13,1.813596559e-13,3.097565179e-13,1.536476626e-13,5.719787032e-13,5.605181741e-14,3.657452423e-13,2.442604221e-13
150.578125,7.413593793e-13,1.604514828e-13,8.990949352e-13,1.072203801e-13,2.376999507e-13,4.500921027e-13,1.510610567e-13,5.14568546e-14,6.157977651e-14,1.310737549e-13,4.912257118e-13,5.698697728e-14,2.850637781e-13,1.50707181e-13,4.542711213e-13,6.478915982e-13,5.198292769e-13,4.575775161e-13,9.911061339e-14,3.257914749e-13,1.719999143e-13,1.031482849e-13,7.672927945e-14,1.597026064e-13,1.404123904e-13,1.807095642e-13,3.100532405e-13,1.548956701e-13,5.796383283e-13,5.567549715e-14,3.683142666e-13,2.454128498e-13
150.5859375,7.500944282e-13,1.626518724e-13,9.034911934e-13,1.094606931e-13,2.388630038e-13,4.513973388e-13,1.523903307e-13,5.215744287e-14,6.218638712e-14,1.307162518e-13,4.958422182e-13,5.679361105e-14,2.865294035e-13,1.537740789e-13,4.582352545e-13,6.538285118e-13,5.250354065e-13,4.624939161e-13,1.000557914e-13,3.270382921e-13,1.697028431e-13,1.035787263e-13,7.676639383e-14,1.582576447e-13,1.425201236e-13,1.800717715e-13,3.103722344e-13,1.560087255e-13,5.873063369e-13,5.526081906e-14,3.710389341e-13,2.464910654e-13
150.59375,7.59352654e-13,1.65149231e-13,9.076809106e-13,1.118368346e-13,2.402104699e-13,4.526973098e-13,1.537544433e-13,5.288259286e-14,6.282984319e-14,1.303880062e-13,5.002457571e-13,5.661826307e-14,2.880201466e-13,1.570715802e-13,4.625641771e-13,6.60200973e-13,5.304153044e-13,4.677296638e-13,1.011067044e-13,3.284806896e-13,1.674215375e-13,1.040725215e-13,7.681315878e-14,1.568820377e-13,1.446840848e-13,1.794207941e-13,3.108483862e-13,1.571415157e-13,5.950755588e-13,5.482102433e-14,3.740467343e-13,2.475662952e-13
150.6015625,7.681604396e-13,1.679366583e-13,9.115476833e-13,1.144604437e-13,2.413571427e-13,4.540389419e-13,1.551534794e-13,5.367508553e-14,6.347715018e-14,1.299825753e-13,5.04412565e-13,5.642031918e-14,2.894089014e-13,1.603630478e-13,4.672182955e-13,6.669403929e-13,5.358937881e-13,4.730448323e-13,1.02144797e-13,3.298189906e-13,1.652071306e-13,1.045507041e-13,7.684726037e-14,1.555434998e-13,1.4688794e-13,1.786617405e-13,3.113586735e-13,1.583827462e-13,6.027280427e-13,5.435839568e-14,3.770131039e-13,2.486112399e-13
150.609375,7.763225923e-13,1.708256701e-13,9.152207867e-13,1.173516402e-13,2.42261182e-13,4.552469252e-13,1.565697278e-13,5.448304401e-14,6.409464747e-14,1.295303408e-13,5.083933851e-13,5.622388057e-14,2.90687801e-13,1.636038328e-13,4.720483619e-13,6.739036196e-13,5.415228747e-13,4.784018931e-13,1.031274254e-13,3.310585716e-13,1.629949704e-13,1.049512391e-13,7.684053191e-14,1.541762331e-13,1.490528536e-13,1.778286464e-13,3.118129807e-13,1.595889996e-13,6.101052804e-13,5.388264074e-14,3.798453306e-13,2.495757614e-13
150.6171875,7.850637087e-13,1.73757433e-13,9.188943215e-13,1.203367569e-13,2.433883676e-13,4.56423496e-13,1.579834677e-13,5.525288931e-14,6.472149227e-14,1.291122154e-13,5.122955401e-13,5.608560471e-14,2.91915842e-13,1.671250211e-13,4.770478903e-13,6.811793401e-13,5.477313954e-13,4.84202756e-13,1.042154985e-13,3.324188041e-13,1.607849765e-13,1.053759187e-13,7.680891689e-14,1.528438263e-13,1.511985009e-13,1.769862019e-13,3.123662288e-13,1.607637907e-13,6.173526006e-13,5.341374284e-14,3.828521213e-13,2.504865192e-13
150.625,7.944858222e-13,1.768029311e-13,9.222873518e-13,1.234609981e-13,2.446053791e-13,4.576906853e-13,1.593613227e-13,5.600972009e-14,6.535232672e-14,1.286783396e-13,5.160485723e-13,5.59802327e-14,2.930119976e-13,1.708134999e-13,4.822247357e-13,6.887301651e-13,5.543052265e-13,4.903204023e-13,1.05398427e-13,3.338155841e-13,1.586437433e-13,1.058321241e-13,7.675100522e-14,1.515531688e-13,1.533391643e-13,1.761023521e-13,3.130219873e-13,1.620529796e-13,6.245391603e-13,5.292506936e-14,3.859558034e-13,2.513488248e-13
150.6328125,8.03583346e-13,1.799234267e-13,9.25193236e-13,1.268592896e-13,2.455726377e-13,4.588953159e-13,1.607129036e-13,5.676448147e-14,6.597811046e-14,1.281977482e-13,5.194969938e-13,5.586473134e-14,2.939502803e-13,1.74308709e-13,4.873945259e-13,6.962562522e-13,5.604996531e-13,4.963026881e-13,1.064974136e-13,3.350892932e-13,1.565946023e-13,1.062426939e-13,7.666333179e-14,1.501717811e-13,1.554282197e-13,1.751818714e-13,3.136175149e-13,1.633899526e-13,6.315659783e-13,5.238064212e-14,3.889115251e-13,2.521724959e-13
150.640625,8.12577849e-13,1.83037127e-13,9.280510593e-13,1.303872712e-13,2.466637857e-13,4.600359376e-13,1.620757168e-13,5.754611226e-14,6.665352495e-14,1.277370931e-13,5.228535592e-13,5.576048284e-14,2.950000658e-13,1.778994648e-13,4.925489091e-13,7.038431719e-13,5.664913898e-13,5.024631553e-13,1.075993436e-13,3.365107304e-13,1.546090669e-13,1.067033517e-13,7.656037089e-14,1.486567353e-13,1.575174521e-13,1.743122253e-13,3.142728359e-13,1.646385186e-13,6.385996471e-13,5.18328606e-14,3.920434648e-13,2.530433424e-13
150.6484375,8.219635488e-13,1.861783295e-13,9.311701827e-13,1.339219556e-13,2.480281452e-13,4.612252124e-13,1.634311627e-13,5.840149021e-14,6.735612796e-14,1.272986639e-13,5.263957341e-13,5.568649216e-14,2.963038365e-13,1.818526429e-13,4.978548862e-13,7.117468263e-13,5.728637369e-13,5.091194157e-13,1.08846835e-13,3.382837904e-13,1.526283422e-13,1.072664196e-13,7.641316272e-14,1.471133932e-13,1.596669339e-13,1.734893003e-13,3.15138375e-13,1.658350432e-13,6.458395658e-13,5.132485991e-14,3.955931362e-13,2.539325727e-13
150.65625,8.310853964e-13,1.894538691e-13,9.341038269e-13,1.376183263e-13,2.491937533e-13,4.623938119e-13,1.647398223e-13,5.926517107e-14,6.80105724e-14,1.268185941e-13,5.297824876e-13,5.56186933e-14,2.97510633e-13,1.857760873e-13,5.032350546e-13,7.197169156e-13,5.793779411e-13,5.157984032e-13,1.100851126e-13,3.399612889e-13,1.506380938e-13,1.077752222e-13,7.621001675e-14,1.455879151e-13,1.617791636e-13,1.72566426e-13,3.159836369e-13,1.670273552e-13,6.529538578e-13,5.07658789e-14,3.990804741e-13,2.546930741e-13
150.6640625,8.397820791e-13,1.929846837e-13,9.364419724e-13,1.416107777e-13,2.501361537e-13,4.635182894e-13,1.659932898e-13,6.007341229e-14,6.864332665e-14,1.26291924e-13,5.326043011e-13,5.554461386e-14,2.984080858e-13,1.895560199e-13,5.086434655e-13,7.276055635e-13,5.858186418e-13,5.223489643e-13,1.112514783e-13,3.412107961e-13,1.487100653e-13,1.081961532e-13,7.600993463e-14,1.440483402e-13,1.63794823e-13,1.714638405e-13,3.166369794e-13,1.682035034e-13,6.596511541e-13,5.00893593e-14,4.022090641e-13,2.553333227e-13
150.671875,8.487952472e-13,1.967309005e-13,9.384868015e-13,1.457176351e-13,2.511163592e-13,4.646213941e-13,1.671869147e-13,6.087713673e-14,6.927172347e-14,1.2577105e-13,5.351523142e-13,5.548143279e-14,2.99300268e-13,1.935055559e-13,5.141900132e-13,7.35680468e-13,5.925312129e-13,5.291425925e-13,1.125132079e-13,3.424177053e-13,1.468949822e-13,1.086409497e-13,7.581982354e-14,1.425485832e-13,1.657943723e-13,1.702996605e-13,3.172665084e-13,1.694034718e-13,6.662175182e-13,4.939289553e-14,4.053519716e-13,2.559371517e-13
150.6796875,8.581704269e-13,2.00480739e-13,9.405915467e-13,1.496906779e-13,2.520571789e-13,4.657006618e-13,1.683414326e-13,6.168500568e-14,6.984727085e-14,1.25287046e-13,5.377120421e-13,5.544392227e-14,3.003015786e-13,1.975795258e-13,5.197783048e-13,7.438937468e-13,5.99505081e-13,5.360763041e-13,1.138506729e-13,3.438538301e-13,1.451432597e-13,1.09101781e-13,7.559836722e-14,1.411536028e-13,1.6778166e-13,1.691888255e-13,3.179816199e-13,1.706678126e-13,6.72771591e-13,4.875235521e-14,4.086715893e-13,2.564573317e-13
150.6875,8.674920193e-13,2.042592019e-13,9.426425042e-13,1.537777039e-13,2.530371447e-13,4.669710245e-13,1.694979541e-13,6.245265788e-14,7.041213014e-14,1.247968095e-13,5.400076455e-13,5.544650336e-14,3.012211468e-13,2.016992363e-13,5.254280353e-13,7.521039461e-13,6.064709493e-13,5.429940509e-13,1.151726018e-13,3.452980205e-13,1.433523463e-13,1.095685444e-13,7.53715803e-14,1.397993069e-13,1.696907428e-13,1.680741212e-13,3.187586684e-13,1.719651504e-13,6.791153832e-13,4.808855115e-14,4.119737458e-13,2.568817819e-13
150.6953125,8.768191917e-13,2.082274726e-13,9.444905243e-13,1.583568492e-13,2.542084026e-13,4.68469083e-13,1.70628206e-13,6.318622563e-14,7.101992372e-14,1.242349326e-13,5.41923498e-13,5.550057683e-14,3.021187079e-13,2.060363418e-13,5.313216091e-13,7.604396308e-13,6.134720883e-13,5.501664689e-13,1.165635806e-13,3.466785145e-13,1.41508037e-13,1.100960299e-13,7.515278444e-14,1.384174111e-13,1.715493881e-13,1.668837684e-13,3.195941708e-13,1.732212888e-13,6.853734321e-13,4.733817251e-14,4.153519789e-13,2.573038486e-13
150.703125,8.862994626e-13,2.122314581e-13,9.460489298e-13,1.631347145e-13,2.55337385e-13,4.697816059e-13,1.716879434e-13,6.389491158e-14,7.160445856e-14,1.236071162e-13,5.436861051e-13,5.558285154e-14,3.029994557e-13,2.104802453e-13,5.3723776e-13,7.687342408e-13,6.205315804e-13,5.575552842e-13,1.18023837e-13,3.480472626e-13,1.397755138e-13,1.106232546e-13,7.48833341e-14,1.369947728e-13,1.733991302e-13,1.656458606e-13,3.203936117e-13,1.743925761e-13,6.915502655e-13,4.656213376e-14,4.188478399e-13,2.577166673e-13
150.7109375,8.959208833e-13,2.161818814e-13,9.471978317e-13,1.677347227e-13,2.56348488e-13,4.708786055e-13,1.727365688e-13,6.458903262e-14,7.213265959e-14,1.229474312e-13,5.453460591e-13,5.565955129e-14,3.036189574e-13,2.148625806e-13,5.429777977e-13,7.767289644e-13,6.275849068e-13,5.648854639e-13,1.194727639e-13,3.492438138e-13,1.382656914e-13,1.110910885e-13,7.455196725e-14,1.354823276e-13,1.752174524e-13,1.643671538e-13,3.210502487e-13,1.755478989e-13,6.97238322e-13,4.582605347e-14,4.221509741e-13,2.580341518e-13
150.71875,9.056273288e-13,2.203361388e-13,9.481267384e-13,1.723916396e-13,2.574422582e-13,4.721378503e-13,1.738166714e-13,6.528628146e-14,7.265866001e-14,1.222735285e-13,5.468815575e-13,5.573294384e-14,3.040689388e-13,2.193150664e-13,5.487147858e-13,7.845586108e-13,6.346203337e-13,5.721777831e-13,1.209493198e-13,3.502347179e-13,1.36823543e-13,1.115715227e-13,7.420135491e-14,1.339006481e-13,1.769693174e-13,1.629956617e-13,3.215687911e-13,1.767793698e-13,7.023969399e-13,4.512321771e-14,4.253019468e-13,2.582580307e-13
150.7265625,9.152084436e-13,2.246828488e-13,9.490091329e-13,1.773171961e-13,2.585474034e-13,4.734513788e-13,1.748282424e-13,6.597182303e-14,7.319717746e-14,1.216187265e-13,5.483038691e-13,5.582819795e-14,3.0459676e-13,2.238392711e-13,5.544697786e-13,7.924598228e-13,6.416066067e-13,5.794566916e-13,1.224589697e-13,3.512373419e-13,1.353108196e-13,1.120868869e-13,7.384348211e-14,1.323666729e-13,1.786142107e-13,1.615409668e-13,3.219879934e-13,1.78035851e-13,7.072988522e-13,4.442043943e-14,4.286091768e-13,2.584414343e-13
150.734375,9.245784371e-13,2.288755566e-13,9.496187468e-13,1.824996614e-13,2.595673426e-13,4.746227939e-13,1.757085713e-13,6.666902357e-14,7.373200683e-14,1.209895841e-13,5.494732097e-13,5.597962861e-14,3.051529455e-13,2.283617952e-13,5.603645586e-13,8.008112044e-13,6.488288848e-13,5.868273906e-13,1.239879011e-13,3.524267082e-13,1.338056377e-13,1.12603182e-13,7.348243367e-14,1.308766455e-13,1.801783682e-13,1.601160566e-13,3.225170834e-13,1.792219685e-13,7.12116041e-13,4.370547063e-14,4.319849875e-13,2.585961358e-13
150.7421875,9.339782414e-13,2.328582852e-13,9.499780464e-13,1.879475764e-13,2.606278504e-13,4.75902417e-13,1.765528743e-13,6.740407949e-14,7.425393292e-14,1.203758158e-13,5.503396219e-13,5.619254563e-14,3.057354599e-13,2.330095005e-13,5.666376954e-13,8.097778911e-13,6.565890822e-13,5.945669742e-13,1.256018608e-13,3.53775881e-13,1.323714527e-13,1.131423954e-13,7.312282506e-14,1.293634655e-13,1.817726582e-13,1.587849735e-13,3.233843672e-13,1.803398074e-13,7.171221568e-13,4.299012609e-14,4.353165291e-13,2.586950399e-13
150.75,9.434876627e-13,2.368978062e-13,9.502788597e-13,1.933566727e-13,2.617147733e-13,4.772949136e-13,1.774237892e-13,6.810065463e-14,7.475070604e-14,1.198022881e-13,5.50991244e-13,5.640355491e-14,3.063546163e-13,2.377275545e-13,5.728967631e-13,8.18655944e-13,6.644651377e-13,6.024599076e-13,1.272467128e-13,3.549745983e-13,1.310077447e-13,1.136898676e-13,7.274201803e-14,1.278795806e-13,1.833893196e-13,1.574363113e-13,3.243114777e-13,1.814194071e-13,7.22201702e-13,4.227569047e-14,4.386925924e-13,2.587082874e-13
150.7578125,9.528528745e-13,2.411514346e-13,9.502464968e-13,1.984833907e-13,2.627331598e-13,4.785594946e-13,1.78263971e-13,6.871727639e-14,7.524464747e-14,1.19210449e-13,5.513881656e-13,5.658475075e-14,3.067887579e-13,2.423287047e-13,5.788069262e-13,8.269917956e-13,6.720638657e-13,6.100812793e-13,1.288351155e-13,3.558093061e-13,1.297512643e-13,1.142070421e-13,7.233905163e-14,1.264459152e-13,1.849017791e-13,1.559627525e-13,3.248874404e-13,1.824872732e-13,7.267286219e-13,4.155213931e-14,4.420004572e-13,2.586435954e-13
150.765625,9.620750326e-13,2.45474179e-13,9.497633883e-13,2.036143431e-13,2.6375663e-13,4.798253934e-13,1.790405215e-13,6.929931785e-14,7.576523809e-14,1.18503487e-13,5.515533322e-13,5.679602017e-14,3.0703686e-13,2.469120823e-13,5.846374435e-13,8.351688541e-13,6.79580852e-13,6.175408812e-13,1.304477816e-13,3.565456414e-13,1.28579624e-13,1.147433489e-13,7.194277477e-14,1.24997976e-13,1.862812031e-13,1.54405822e-13,3.25221917e-13,1.835899229e-13,7.307054804e-13,4.083169806e-14,4.451996629e-13,2.585337574e-13
150.7734375,9.715553349e-13,2.496409235e-13,9.490179232e-13,2.089080932e-13,2.64869128e-13,4.812002955e-13,1.797690414e-13,6.983803785e-14,7.629520789e-14,1.177648037e-13,5.515532285e-13,5.704130441e-14,3.072779961e-13,2.515947621e-13,5.902592782e-13,8.430800276e-13,6.869086329e-13,6.249450179e-13,1.320970838e-13,3.573319498e-13,1.274466098e-13,1.153371532e-13,7.153939237e-14,1.235769216e-13,1.875402935e-13,1.527641908e-13,3.25494252e-13,1.847077031e-13,7.345745305e-13,4.011306819e-14,4.484526973e-13,2.583732456e-13
150.78125,9.813011608e-13,2.537032465e-13,9.478121468e-13,2.143210659e-13,2.660279725e-13,4.825218031e-13,1.804421905e-13,7.033281277e-14,7.680958826e-14,1.170760216e-13,5.512185574e-13,5.727954712e-14,3.074093477e-13,2.562910876e-13,5.955036202e-13,8.505477976e-13,6.939011643e-13,6.321615874e-13,1.336859517e-13,3.579916229e-13,1.263855729e-13,1.159432149e-13,7.108911172e-14,1.222490411e-13,1.886481665e-13,1.509895046e-13,3.256457211e-13,1.857641276e-13,7.382424994e-13,3.937082387e-14,4.516883473e-13,2.581309623e-13
150.7890625,9.908099332e-13,2.578492307e-13,9.461773806e-13,2.199022781e-13,2.671320913e-13,4.837805152e-13,1.810627504e-13,7.083520196e-14,7.730702905e-14,1.163260446e-13,5.505313134e-13,5.755454779e-14,3.073871508e-13,2.610026715e-13,6.008646169e-13,8.581926741e-13,7.010508626e-13,6.39384792e-13,1.352487853e-13,3.586509496e-13,1.253918474e-13,1.165360105e-13,7.059688846e-14,1.209446308e-13,1.896637769e-13,1.49180431e-13,3.257930108e-13,1.867729706e-13,7.416315475e-13,3.862939633e-14,4.548854463e-13,2.578225256e-13
150.796875,1.000113778e-12,2.621109335e-13,9.446058025e-13,2.254013152e-13,2.682111086e-13,4.850508592e-13,1.816406783e-13,7.132063284e-14,7.781971649e-14,1.154905051e-13,5.497517966e-13,5.789149485e-14,3.073751177e-13,2.658396986e-13,6.063068392e-13,8.659241992e-13,7.084392555e-13,6.467596866e-13,1.36858103e-13,3.593952992e-13,1.244201796e-13,1.171523432e-13,7.009364361e-14,1.195911782e-13,1.906612203e-13,1.474050565e-13,3.25980651e-13,1.878272157e-13,7.449250586e-13,3.792060273e-14,4.582203663e-13,2.574893326e-13
150.8046875,1.009672973e-12,2.664529603e-13,9.429883561e-13,2.307286981e-13,2.694397465e-13,4.863601325e-13,1.821391908e-13,7.175309357e-14,7.838583496e-14,1.14669835e-13,5.488913241e-13,5.822371523e-14,3.072985601e-13,2.707721531e-13,6.112614865e-13,8.729509526e-13,7.155170938e-13,6.540042995e-13,1.385016324e-13,3.599297976e-13,1.234864726e-13,1.17832534e-13,6.959115867e-14,1.181992383e-13,1.915671687e-13,1.455731899e-13,3.259267255e-13,1.889127515e-13,7.479736888e-13,3.720607462e-14,4.615047488e-13,2.571147877e-13
150.8125,1.01928442e-12,2.707440687e-13,9.409801896e-13,2.36267091e-13,2.707860375e-13,4.877616068e-13,1.82542124e-13,7.216123902e-14,7.89558169e-14,1.138178796e-13,5.478548341e-13,5.85294766e-14,3.070151109e-13,2.75625846e-13,6.15853938e-13,8.794833928e-13,7.222676698e-13,6.609805714e-13,1.401505594e-13,3.603275197e-13,1.225922973e-13,1.185511916e-13,6.908198928e-14,1.167759378e-13,1.923145371e-13,1.436827712e-13,3.256357786e-13,1.898878818e-13,7.506744238e-13,3.647350363e-14,4.644868743e-13,2.566446959e-13
150.8203125,1.028664078e-12,2.748380978e-13,9.387997697e-13,2.418809059e-13,2.720869842e-13,4.891756838e-13,1.829029599e-13,7.252738128e-14,7.945909428e-14,1.128695826e-13,5.46706916e-13,5.885792109e-14,3.066587052e-13,2.803999952e-13,6.203667441e-13,8.859641198e-13,7.290242654e-13,6.678239027e-13,1.417860891e-13,3.607550962e-13,1.217171713e-13,1.192461228e-13,6.854860981e-14,1.153392769e-13,1.929608232e-13,1.417970405e-13,3.25380419e-13,1.907369913e-13,7.531622976e-13,3.576727228e-14,4.673904547e-13,2.560809888e-13
150.828125,1.038196895e-12,2.789216659e-13,9.365299401e-13,2.473190665e-13,2.734648014e-13,4.906090681e-13,1.832385779e-13,7.282400776e-14,7.995182542e-14,1.1190111e-13,5.453229644e-13,5.925116368e-14,3.063741386e-13,2.85345529e-13,6.247568901e-13,8.922221285e-13,7.35863467e-13,6.746087616e-13,1.434528341e-13,3.608907855e-13,1.20876516e-13,1.199379011e-13,6.798690553e-14,1.139566687e-13,1.935441693e-13,1.398751851e-13,3.250753513e-13,1.916354403e-13,7.553235547e-13,3.506972354e-14,4.70383984e-13,2.554810836e-13
150.8359375,1.047880275e-12,2.831228988e-13,9.339904904e-13,2.530060122e-13,2.749711624e-13,4.922244956e-13,1.83497206e-13,7.309669011e-14,8.050025564e-14,1.10953307e-13,5.436192406e-13,5.971112712e-14,3.060749279e-13,2.904102408e-13,6.29116274e-13,8.983476105e-13,7.427516503e-13,6.812688387e-13,1.451703387e-13,3.608321366e-13,1.200631637e-13,1.206685081e-13,6.741614333e-14,1.126821554e-13,1.94015543e-13,1.379315914e-13,3.2455474e-13,1.926407253e-13,7.571242689e-13,3.434896076e-14,4.732943542e-13,2.548834644e-13
150.84375,1.057161429e-12,2.871637637e-13,9.312718316e-13,2.588430784e-13,2.762723144e-13,4.937296912e-13,1.836791517e-13,7.336799826e-14,8.105071856e-14,1.100176773e-13,5.418764915e-13,6.017023494e-14,3.055721765e-13,2.951609697e-13,6.332757656e-13,9.043196175e-13,7.493355756e-13,6.875843219e-13,1.467868703e-13,3.610240293e-13,1.192794309e-13,1.213692345e-13,6.683438857e-14,1.114982489e-13,1.943273185e-13,1.360380687e-13,3.239568364e-13,1.936328386e-13,7.587837744e-13,3.365751735e-14,4.760189008e-13,2.542735286e-13
150.8515625,1.066056817e-12,2.910098603e-13,9.283486069e-13,2.642280094e-13,2.772721307e-13,4.947578012e-13,1.83837187e-13,7.36165419e-14,8.155543681e-14,1.091005782e-13,5.40095074e-13,6.056088661e-14,3.048714376e-13,2.995650934e-13,6.368710972e-13,9.096464981e-13,7.552378942e-13,6.93477279e-13,1.482196469e-13,3.611482597e-13,1.185721426e-13,1.21997559e-13,6.621769748e-14,1.103240395e-13,1.945098e-13,1.341202032e-13,3.233449759e-13,1.945603903e-13,7.602576073e-13,3.301625289e-14,4.78564515e-13,2.535923682e-13
150.859375,1.074861167e-12,2.948822045e-13,9.250307723e-13,2.694569865e-13,2.782984283e-13,4.956964044e-13,1.839448346e-13,7.382822173e-14,8.203063511e-14,1.081085437e-13,5.379309076e-13,6.090849281e-14,3.0422337e-13,3.03978868e-13,6.400403446e-13,9.143725622e-13,7.608286224e-13,6.992190949e-13,1.495944867e-13,3.60867153e-13,1.179375685e-13,1.226222181e-13,6.557103538e-14,1.091052825e-13,1.946434102e-13,1.320928559e-13,3.22593818e-13,1.953949252e-13,7.613723145e-13,3.235830574e-14,4.809294458e-13,2.527939845e-13
150.8671875,1.083606641e-12,2.986733833e-13,9.214574333e-13,2.749749116e-13,2.795083599e-13,4.969449703e-13,1.839381967e-13,7.396667738e-14,8.248110878e-14,1.069460967e-13,5.354989796e-13,6.127601365e-14,3.036894468e-13,3.084778756e-13,6.429912548e-13,9.188947393e-13,7.66622717e-13,7.050040875e-13,1.509942987e-13,3.605055997e-13,1.173407119e-13,1.232594032e-13,6.49079426e-14,1.07879962e-13,1.947425339e-13,1.300250432e-13,3.216913411e-13,1.961084053e-13,7.621566349e-13,3.167037282e-14,4.83199241e-13,2.519150019e-13
150.875,1.092532229e-12,3.023462125e-13,9.17789528e-13,2.805910695e-13,2.808056619e-13,4.983035006e-13,1.838564915e-13,7.402300079e-14,8.292959716e-14,1.057169467e-13,5.331464634e-13,6.171499407e-14,3.03069335e-13,3.130299743e-13,6.457404172e-13,9.233114422e-13,7.726137665e-13,7.108383972e-13,1.524436359e-13,3.600703458e-13,1.167531921e-13,1.238971834e-13,6.423152809e-14,1.066863814e-13,1.947489475e-13,1.279702603e-13,3.207227937e-13,1.968816514e-13,7.627522741e-13,3.100717721e-14,4.854931939e-13,2.510185923e-13
150.8828125,1.101759313e-12,3.060866511e-13,9.138549586e-13,2.862700795e-13,2.821517353e-13,4.996675892e-13,1.837620795e-13,7.407091458e-14,8.343917564e-14,1.045706181e-13,5.307137272e-13,6.223258039e-14,3.023525268e-13,3.177103219e-13,6.483674855e-13,9.276069174e-13,7.78634073e-13,7.166629944e-13,1.539623125e-13,3.593530864e-13,1.161466496e-13,1.246043592e-13,6.356506416e-14,1.055007237e-13,1.946316159e-13,1.258647933e-13,3.19717075e-13,1.978103672e-13,7.632817961e-13,3.036669204e-14,4.877938331e-13,2.500893116e-13
150.890625,1.110743415e-12,3.09762633e-13,9.094791704e-13,2.919563871e-13,2.835382e-13,5.010533201e-13,1.836161556e-13,7.415666149e-14,8.402504149e-14,1.034927659e-13,5.278567933e-13,6.274351992e-14,3.016085482e-13,3.223572372e-13,6.506506535e-13,9.314251444e-13,7.84259331e-13,7.220538714e-13,1.554176856e-13,3.586994307e-13,1.156094009e-13,1.253748167e-13,6.289925533e-14,1.043284023e-13,1.943644204e-13,1.236773133e-13,3.186348982e-13,1.986122138e-13,7.635672305e-13,2.971103918e-14,4.899165245e-13,2.490918636e-13
150.8984375,1.11903371e-12,3.132717296e-13,9.048092453e-13,2.973744831e-13,2.848485156e-13,5.022560901e-13,1.833763525e-13,7.423839281e-14,8.462110801e-14,1.02389274e-13,5.246406138e-13,6.320809562e-14,3.007067342e-13,3.267502679e-13,6.523938189e-13,9.344455031e-13,7.890296978e-13,7.266114817e-13,1.566950556e-13,3.583048762e-13,1.152339546e-13,1.260947697e-13,6.218042466e-14,1.032145269e-13,1.939106622e-13,1.215003514e-13,3.174392895e-13,1.991763401e-13,7.633783011e-13,2.905986912e-14,4.917550633e-13,2.480687163e-13
150.90625,1.126883099e-12,3.167995724e-13,9.00192124e-13,3.027491077e-13,2.859524871e-13,5.033263662e-13,1.830754003e-13,7.426527586e-14,8.516427756e-14,1.012410798e-13,5.213832841e-13,6.371562439e-14,2.996780776e-13,3.309859582e-13,6.539908072e-13,9.371768541e-13,7.933892765e-13,7.307236455e-13,1.579119658e-13,3.577611938e-13,1.148742138e-13,1.267675749e-13,6.143903411e-14,1.021518711e-13,1.933430993e-13,1.194335925e-13,3.162272169e-13,1.997590218e-13,7.63113192e-13,2.844800813e-14,4.935272994e-13,2.470644888e-13
150.9140625,1.134617325e-12,3.202016488e-13,8.956347843e-13,3.083383429e-13,2.869212321e-13,5.044769235e-13,1.827414e-13,7.422022609e-14,8.567058692e-14,1.000951404e-13,5.182096011e-13,6.428360245e-14,2.98762112e-13,3.352077425e-13,6.555766392e-13,9.399569894e-13,7.980126132e-13,7.349471544e-13,1.591740677e-13,3.568252042e-13,1.144089004e-13,1.27489397e-13,6.075391916e-14,1.011014093e-13,1.927960664e-13,1.174481174e-13,3.151404117e-13,2.003597727e-13,7.631921498e-13,2.786541466e-14,4.954677214e-13,2.460349737e-13
150.921875,1.14205427e-12,3.23216964e-13,8.907258075e-13,3.138481492e-13,2.879496618e-13,5.055373131e-13,1.823664481e-13,7.412133789e-14,8.618488736e-14,9.895868937e-14,5.149593297e-13,6.483003104e-14,2.979114734e-13,3.393517089e-13,6.566976868e-13,9.422601813e-13,8.026109132e-13,7.391310515e-13,1.604238236e-13,3.557121917e-13,1.139729992e-13,1.282408831e-13,6.009513713e-14,1.000593451e-13,1.922522176e-13,1.15435844e-13,3.14084653e-13,2.007620433e-13,7.632003761e-13,2.730289122e-14,4.974204831e-13,2.449239355e-13
150.9296875,1.14909346e-12,3.260251926e-13,8.854151153e-13,3.190427237e-13,2.890844806e-13,5.064077727e-13,1.819328171e-13,7.400635214e-14,8.671107566e-14,9.780912823e-14,5.11506961e-13,6.537364268e-14,2.968864132e-13,3.433655554e-13,6.571898099e-13,9.438003909e-13,8.067520211e-13,7.429258959e-13,1.616249655e-13,3.546158772e-13,1.136315025e-13,1.289584745e-13,5.941109549e-14,9.904162167e-14,1.915775951e-13,1.133628887e-13,3.128219299e-13,2.010488529e-13,7.627130231e-13,2.677490057e-14,4.991237447e-13,2.437704035e-13
150.9375,1.156285058e-12,3.287994123e-13,8.800828259e-13,3.239655179e-13,2.903308212e-13,5.0737648e-13,1.81426126e-13,7.387295477e-14,8.726322283e-14,9.66642192e-14,5.079206207e-13,6.599272161e-14,2.957177728e-13,3.473967186e-13,6.57265578e-13,9.447743691e-13,8.106483528e-13,7.464363779e-13,1.628329307e-13,3.534374494e-13,1.132901085e-13,1.296942518e-13,5.8736149e-14,9.805846766e-14,1.907452014e-13,1.113060082e-13,3.113348416e-13,2.013870725e-13,7.620542555e-13,2.627610315e-14,5.006328019e-13,2.426637296e-13
150.9453125,1.16379186e-12,3.314314337e-13,8.747249993e-13,3.288613522e-13,2.917125449e-13,5.085145126e-13,1.808553602e-13,7.367363263e-14,8.78559451e-14,9.549218252e-14,5.042222031e-13,6.667406681e-14,2.945900574e-13,3.515322613e-13,6.570409526e-13,9.452444764e-13,8.144212166e-13,7.498700295e-13,1.640680111e-13,3.520203381e-13,1.129486498e-13,1.304914555e-13,5.807364213e-14,9.710144779e-14,1.898333187e-13,1.093154787e-13,3.098153877e-13,2.017598385e-13,7.615633983e-13,2.579083952e-14,5.020993931e-13,2.416021562e-13
150.953125,1.170874512e-12,3.338462536e-13,8.690794708e-13,3.340219254e-13,2.930127488e-13,5.095720231e-13,1.802107533e-13,7.338194364e-14,8.841231791e-14,9.419870598e-14,5.00426724e-13,6.735008646e-14,2.934703267e-13,3.555092402e-13,6.563825631e-13,9.451327872e-13,8.178977175e-13,7.530849879e-13,1.652446448e-13,3.503744999e-13,1.126399541e-13,1.312585664e-13,5.738376531e-14,9.612950981e-14,1.888528766e-13,1.073229875e-13,3.083452252e-13,2.021494425e-13,7.610404218e-13,2.533596593e-14,5.033900396e-13,2.404902881e-13
150.9609375,1.177521165e-12,3.361170049e-13,8.632520723e-13,3.391686453e-13,2.940751703e-13,5.104472178e-13,1.794483278e-13,7.301520705e-14,8.889079944e-14,9.283185377e-14,4.967431513e-13,6.799560031e-14,2.922030511e-13,3.591406396e-13,6.550718759e-13,9.443248709e-13,8.210709636e-13,7.558818383e-13,1.663146411e-13,3.485620847e-13,1.12329302e-13,1.319470694e-13,5.668383579e-14,9.512541862e-14,1.877478868e-13,1.053013557e-13,3.068240627e-13,2.025260417e-13,7.602758476e-13,2.493693956e-14,5.043252121e-13,2.393124146e-13
150.96875,1.184453192e-12,3.384736885e-13,8.573357247e-13,3.439569385e-13,2.951175714e-13,5.111622188e-13,1.785915199e-13,7.260519625e-14,8.940119698e-14,9.151421287e-14,4.931545592e-13,6.864390181e-14,2.908070485e-13,3.626792991e-13,6.533377778e-13,9.429512653e-13,8.238956982e-13,7.583616963e-13,1.67354302e-13,3.467262536e-13,1.120153076e-13,1.326412374e-13,5.598430466e-14,9.416159883e-14,1.865151292e-13,1.033564544e-13,3.051803614e-13,2.028235859e-13,7.594458308e-13,2.457416083e-14,5.050519315e-13,2.381533596e-13
150.9765625,1.191134799e-12,3.410398534e-13,8.510580094e-13,3.487682008e-13,2.961626818e-13,5.116611504e-13,1.777089242e-13,7.216874847e-14,8.998368856e-14,9.019059214e-14,4.892196356e-13,6.931656298e-14,2.893740472e-13,3.662243914e-13,6.516396931e-13,9.41384605e-13,8.262136835e-13,7.605778066e-13,1.683602042e-13,3.450526735e-13,1.117098905e-13,1.333531754e-13,5.52591828e-14,9.331847098e-14,1.851925499e-13,1.014952631e-13,3.034535399e-13,2.030800893e-13,7.586359838e-13,2.419930172e-14,5.057063547e-13,2.370040949e-13
150.984375,1.196540593e-12,3.434538971e-13,8.444033542e-13,3.537194431e-13,2.969328731e-13,5.119130445e-13,1.76794772e-13,7.171223879e-14,9.052478851e-14,8.88028648e-14,4.848641163e-13,6.998061241e-14,2.878510336e-13,3.694564164e-13,6.497852669e-13,9.395152157e-13,8.281352462e-13,7.622736573e-13,1.692192705e-13,3.433804914e-13,1.114216069e-13,1.339994197e-13,5.453292871e-14,9.25717469e-14,1.837876707e-13,9.958809053e-14,3.016662189e-13,2.032681063e-13,7.575925767e-13,2.381163126e-14,5.060970269e-13,2.357666552e-13
150.9921875,1.201056303e-12,3.45314162e-13,8.37792982e-13,3.582953332e-13,2.975018617e-13,5.119428541e-13,1.758312236e-13,7.125280227e-14,9.100615607e-14,8.748689404e-14,4.806011933e-13,7.062444858e-14,2.861857206e-13,3.722566083e-13,6.473057291e-13,9.369863717e-13,8.298044436e-13,7.633230602e-13,1.699461819e-13,3.415012221e-13,1.112036326e-13,1.345884392e-13,5.383364211e-14,9.18593834e-14,1.822940515e-13,9.764085653e-14,2.998078852e-13,2.032321635e-13,7.563189037e-13,2.34612606e-14,5.061494175e-13,2.344556288e-13
151,1.205426129e-12,3.468248888e-13,8.31376795e-13,3.624544196e-13,2.981431358e-13,5.117504354e-13,1.748438004e-13,7.078004749e-14,9.152393865e-14,8.627977958e-14,4.765914026e-13,7.128165463e-14,2.844327025e-13,3.748281671e-13,6.442668032e-13,9.339221287e-13,8.310380699e-13,7.63903386e-13,1.706333908e-13,3.396485105e-13,1.11062371e-13,1.351765045e-13,5.314263649e-14,9.117371076e-14,1.807289931e-13,9.576971634e-14,2.97945035e-13,2.030258611e-13,7.551322652e-13,2.316199767e-14,5.060735597e-13,2.331714696e-13
151.0078125,1.209617602e-12,3.484577146e-13,8.249492769e-13,3.665369567e-13,2.988369108e-13,5.114052081e-13,1.738195747e-13,7.023953546e-14,9.208532433e-14,8.500272821e-14,4.724686412e-13,7.196581871e-14,2.826310789e-13,3.773567662e-13,6.409690463e-13,9.305051693e-13,8.317425679e-13,7.642054657e-13,1.713048416e-13,3.378759394e-13,1.109389899e-13,1.357592825e-13,5.246529966e-14,9.048960566e-14,1.791343838e-13,9.398238916e-14,2.961346865e-13,2.028410322e-13,7.540549675e-13,2.288334848e-14,5.059576697e-13,2.31931235e-13
151.015625,1.213594155e-12,3.502494019e-13,8.185123795e-13,3.707024934e-13,2.994899262e-13,5.111021784e-13,1.727467769e-13,6.963118623e-14,9.263538046e-14,8.35992916e-14,4.681850457e-13,7.268952464e-14,2.808649578e-13,3.80022879e-13,6.376165328e-13,9.267971364e-13,8.322338762e-13,7.644500952e-13,1.72003456e-13,3.358086507e-13,1.108084894e-13,1.363463231e-13,5.180118014e-14,8.975290015e-14,1.775475931e-13,9.220832111e-14,2.943088083e-13,2.026452681e-13,7.530242577e-13,2.262350529e-14,5.058322553e-13,2.306735214e-13
151.0234375,1.217432664e-12,3.518080815e-13,8.121980998e-13,3.750468896e-13,3.001248769e-13,5.109486244e-13,1.716660482e-13,6.902194246e-14,9.317452745e-14,8.220070634e-14,4.640324924e-13,7.347748061e-14,2.792545972e-13,3.829129152e-13,6.342976807e-13,9.230289916e-13,8.328480978e-13,7.648471784e-13,1.727598051e-13,3.334453222e-13,1.106376232e-13,1.369636164e-13,5.110087907e-14,8.900455041e-14,1.759596194e-13,9.040219546e-14,2.924795871e-13,2.023386302e-13,7.522317854e-13,2.239733625e-14,5.058728114e-13,2.29354448e-13
151.03125,1.220882217e-12,3.529686806e-13,8.05914815e-13,3.793229543e-13,3.007314099e-13,5.107977846e-13,1.705676371e-13,6.844000846e-14,9.372910937e-14,8.086423773e-14,4.599972353e-13,7.431005829e-14,2.77715268e-13,3.858076251e-13,6.308291963e-13,9.191633051e-13,8.335517887e-13,7.652166296e-13,1.734950152e-13,3.31165882e-13,1.103701106e-13,1.37585484e-13,5.036603656e-14,8.834419592e-14,1.743333061e-13,8.859408135e-14,2.90801181e-13,2.019920943e-13,7.516819374e-13,2.21876869e-14,5.060923971e-13,2.280034568e-13
151.0390625,1.223734851e-12,3.540172635e-13,7.994882772e-13,3.832371826e-13,3.012272997e-13,5.104400452e-13,1.694093553e-13,6.788654173e-14,9.430129892e-14,7.953512968e-14,4.558729054e-13,7.51307159e-14,2.760871975e-13,3.884102219e-13,6.270051903e-13,9.14892486e-13,8.340055064e-13,7.650702626e-13,1.741234534e-13,3.290960494e-13,1.100399434e-13,1.381762931e-13,4.96455459e-14,8.778388453e-14,1.726509054e-13,8.686595643e-14,2.891803612e-13,2.016511385e-13,7.511128386e-13,2.19749213e-14,5.062215554e-13,2.266979375e-13
151.046875,1.226106372e-12,3.550874341e-13,7.928973542e-13,3.871205202e-13,3.015346161e-13,5.099088029e-13,1.682185757e-13,6.736542608e-14,9.487007293e-14,7.817139803e-14,4.51685486e-13,7.590722645e-14,2.74429034e-13,3.907099176e-13,6.228426453e-13,9.101332938e-13,8.339724734e-13,7.642281709e-13,1.74640454e-13,3.270582271e-13,1.097385166e-13,1.387293819e-13,4.893613365e-14,8.727330984e-14,1.709108913e-13,8.521325344e-14,2.873151357e-13,2.012196122e-13,7.504233281e-13,2.176964696e-14,5.060608112e-13,2.254448773e-13
151.0546875,1.228127775e-12,3.559947745e-13,7.864263933e-13,3.910770279e-13,3.017424256e-13,5.094072034e-13,1.670139157e-13,6.682728405e-14,9.54299233e-14,7.678156179e-14,4.475794789e-13,7.669746894e-14,2.728325217e-13,3.92950052e-13,6.183819649e-13,9.048466833e-13,8.335541989e-13,7.63038934e-13,1.751248416e-13,3.248604235e-13,1.094805359e-13,1.392752099e-13,4.823229503e-14,8.677932768e-14,1.691324991e-13,8.358763934e-14,2.852679712e-13,2.006365721e-13,7.498425088e-13,2.159758806e-14,5.057565567e-13,2.241804275e-13
151.0625,1.229754134e-12,3.567306502e-13,7.804606979e-13,3.946491725e-13,3.020617572e-13,5.089567758e-13,1.657665181e-13,6.622893083e-14,9.602674979e-14,7.540769611e-14,4.436090034e-13,7.76166445e-14,2.712237356e-13,3.9528865e-13,6.136792506e-13,8.990316593e-13,8.328557351e-13,7.618689026e-13,1.756728875e-13,3.225648021e-13,1.092046102e-13,1.39870159e-13,4.756422303e-14,8.627867854e-14,1.673604323e-13,8.202579431e-14,2.833330665e-13,1.999760996e-13,7.497929363e-13,2.147010432e-14,5.056120796e-13,2.229046696e-13
151.0703125,1.231030149e-12,3.573977186e-13,7.748217673e-13,3.979248933e-13,3.024758661e-13,5.083887865e-13,1.644988453e-13,6.559005294e-14,9.668799869e-14,7.405815145e-14,4.397449481e-13,7.865425663e-14,2.695524957e-13,3.976673641e-13,6.087976589e-13,8.928657927e-13,8.318586095e-13,7.606942185e-13,1.762535203e-13,3.202942708e-13,1.08867607e-13,1.404972693e-13,4.69226949e-14,8.577948081e-14,1.656148389e-13,8.052113242e-14,2.814690616e-13,1.993428861e-13,7.503157855e-13,2.136651668e-14,5.055994202e-13,2.216502825e-13
151.078125,1.232103732e-12,3.579625185e-13,7.689809503e-13,4.012336958e-13,3.027924591e-13,5.076082997e-13,1.632410606e-13,6.490917343e-14,9.735623761e-14,7.268263236e-14,4.358970056e-13,7.968334434e-14,2.678758202e-13,4.000109609e-13,6.036753989e-13,8.863514656e-13,8.307334203e-13,7.59354584e-13,1.767640561e-13,3.178736475e-13,1.085015417e-13,1.410686321e-13,4.62836436e-14,8.533027727e-14,1.638787965e-13,7.9002481e-14,2.795411578e-13,1.987025002e-13,7.508589246e-13,2.126471624e-14,5.054333381e-13,2.203843452e-13
151.0859375,1.232716705e-12,3.58434306e-13,7.629609064e-13,4.044029866e-13,3.029946088e-13,5.06615992e-13,1.619599763e-13,6.419143702e-14,9.798371518e-14,7.127083011e-14,4.31993028e-13,8.068785473e-14,2.662068326e-13,4.022576232e-13,5.98314348e-13,8.794321637e-13,8.295330645e-13,7.577331859e-13,1.771906568e-13,3.15304797e-13,1.08171082e-13,1.415760128e-13,4.56613697e-14,8.494970438e-14,1.621260001e-13,7.750234733e-14,2.776509005e-13,1.979224092e-13,7.510894125e-13,2.117094656e-14,5.051155165e-13,2.19089141e-13
151.09375,1.232587139e-12,3.587663938e-13,7.570452369e-13,4.074487774e-13,3.031960241e-13,5.055002577e-13,1.606596965e-13,6.34958325e-14,9.861549536e-14,6.987038414e-14,4.280671491e-13,8.173275007e-14,2.644828891e-13,4.043365079e-13,5.928216712e-13,8.722148721e-13,8.279143062e-13,7.556562757e-13,1.775563038e-13,3.129310297e-13,1.078788197e-13,1.420892872e-13,4.505361755e-14,8.462206748e-14,1.603258085e-13,7.607959015e-14,2.757948778e-13,1.970139678e-13,7.512167779e-13,2.109484569e-14,5.047640821e-13,2.178046981e-13
151.1015625,1.232127385e-12,3.588349663e-13,7.512582964e-13,4.105303168e-13,3.034632406e-13,5.044498273e-13,1.59388008e-13,6.282290148e-14,9.929584925e-14,6.849923202e-14,4.242180532e-13,8.282227506e-14,2.626883035e-13,4.063888557e-13,5.872634007e-13,8.647131871e-13,8.259045376e-13,7.532141457e-13,1.778980141e-13,3.107054648e-13,1.075684246e-13,1.426278548e-13,4.444380564e-14,8.435802716e-14,1.584929602e-13,7.472423888e-14,2.738631536e-13,1.960885667e-13,7.515494689e-13,2.104705903e-14,5.042714846e-13,2.165357401e-13
151.109375,1.231559077e-12,3.588015662e-13,7.457925885e-13,4.133806527e-13,3.037424246e-13,5.034668859e-13,1.581170198e-13,6.214040133e-14,9.998039867e-14,6.715090426e-14,4.205162788e-13,8.397196167e-14,2.609302713e-13,4.086028377e-13,5.817574869e-13,8.570953788e-13,8.240603927e-13,7.508667948e-13,1.783036631e-13,3.083845443e-13,1.072214656e-13,1.43155272e-13,4.385205438e-14,8.416576309e-14,1.567073595e-13,7.343138166e-14,2.719858341e-13,1.951205247e-13,7.524138356e-13,2.10463239e-14,5.037286169e-13,2.152551334e-13
151.1171875,1.230474896e-12,3.588338086e-13,7.407528464e-13,4.159409535e-13,3.038750142e-13,5.023666929e-13,1.568115732e-13,6.147923587e-14,1.006173104e-13,6.58194846e-14,4.169180574e-13,8.518688153e-14,2.593116432e-13,4.108295124e-13,5.763533447e-13,8.497305446e-13,8.225262843e-13,7.487791007e-13,1.787672902e-13,3.060366047e-13,1.068703911e-13,1.436520769e-13,4.328805683e-14,8.399635343e-14,1.550063619e-13,7.217657665e-14,2.703130373e-13,1.94053551e-13,7.538432399e-13,2.107465659e-14,5.034448859e-13,2.139716344e-13
151.125,1.228984223e-12,3.587134468e-13,7.356778635e-13,4.183805164e-13,3.038674815e-13,5.011522368e-13,1.555383475e-13,6.083448086e-14,1.012316883e-13,6.447958054e-14,4.133114536e-13,8.639530161e-14,2.577544128e-13,4.128903806e-13,5.709348037e-13,8.425538017e-13,8.210189438e-13,7.466794432e-13,1.79179977e-13,3.036387782e-13,1.065219019e-13,1.4412986e-13,4.272848394e-14,8.381333355e-14,1.533518902e-13,7.094345755e-14,2.687892438e-13,1.929326375e-13,7.554006701e-13,2.109208706e-14,5.033370522e-13,2.127030826e-13
151.1328125,1.227472007e-12,3.583532833e-13,7.304241284e-13,4.205455142e-13,3.039274848e-13,4.998846073e-13,1.54344051e-13,6.01732226e-14,1.018692051e-13,6.312959859e-14,4.096978302e-13,8.761751822e-14,2.561533756e-13,4.149552656e-13,5.655612561e-13,8.353414876e-13,8.194987826e-13,7.444660276e-13,1.795422469e-13,3.012388272e-13,1.061721282e-13,1.445972405e-13,4.217541607e-14,8.367723217e-14,1.517308142e-13,6.980230512e-14,2.673657788e-13,1.917534754e-13,7.570193876e-13,2.110504812e-14,5.031407179e-13,2.114372577e-13
151.140625,1.22561522e-12,3.580536145e-13,7.254502014e-13,4.225910509e-13,3.040786299e-13,4.985025026e-13,1.531696541e-13,5.954000908e-14,1.025378675e-13,6.179815259e-14,4.061135675e-13,8.896049186e-14,2.546002088e-13,4.171843557e-13,5.603793751e-13,8.282063312e-13,8.179968508e-13,7.422534633e-13,1.799326463e-13,2.991533841e-13,1.058643362e-13,1.450530136e-13,4.164472824e-14,8.365058993e-14,1.501634418e-13,6.876362103e-14,2.66027135e-13,1.904927735e-13,7.589983978e-13,2.112906567e-14,5.029612665e-13,2.101612738e-13
151.1484375,1.222960108e-12,3.578852551e-13,7.207808569e-13,4.248918438e-13,3.041218764e-13,4.97028386e-13,1.519753335e-13,5.894382896e-14,1.032165769e-13,6.047047755e-14,4.024525351e-13,9.037519356e-14,2.531317318e-13,4.193568136e-13,5.552288113e-13,8.210756213e-13,8.162779303e-13,7.399285659e-13,1.803071338e-13,2.972197495e-13,1.056019596e-13,1.454959306e-13,4.112233048e-14,8.367796376e-14,1.486314342e-13,6.772802018e-14,2.647259833e-13,1.891976238e-13,7.61152621e-13,2.113842159e-14,5.029242451e-13,2.088846811e-13
151.15625,1.219414497e-12,3.574951034e-13,7.160563167e-13,4.270540641e-13,3.039404269e-13,4.953730635e-13,1.507897319e-13,5.83287655e-14,1.038644036e-13,5.911898499e-14,3.987108493e-13,9.173267958e-14,2.515407203e-13,4.211514431e-13,5.498532746e-13,8.136077174e-13,8.14084271e-13,7.371674843e-13,1.805566342e-13,2.951466866e-13,1.053043456e-13,1.459007588e-13,4.059229609e-14,8.37013139e-14,1.470875351e-13,6.666757641e-14,2.634770472e-13,1.87822996e-13,7.633284272e-13,2.113039434e-14,5.028155857e-13,2.076079486e-13
151.1640625,1.215264459e-12,3.567464642e-13,7.113020712e-13,4.286853385e-13,3.036275773e-13,4.933269578e-13,1.496236805e-13,5.770704167e-14,1.044813981e-13,5.776746947e-14,3.951135704e-13,9.305903186e-14,2.497889054e-13,4.2265206e-13,5.442002412e-13,8.057076995e-13,8.114801515e-13,7.339244569e-13,1.807193022e-13,2.932262592e-13,1.049650331e-13,1.462583465e-13,4.005861231e-14,8.378560247e-14,1.455142229e-13,6.563395395e-14,2.62287863e-13,1.863099645e-13,7.658375839e-13,2.114698561e-14,5.025250492e-13,2.063168668e-13
151.171875,1.211205212e-12,3.560048484e-13,7.067212858e-13,4.302293235e-13,3.033873058e-13,4.911460152e-13,1.4847577e-13,5.709013777e-14,1.051286574e-13,5.644543716e-14,3.917063732e-13,9.445224043e-14,2.481107052e-13,4.242502855e-13,5.384212703e-13,7.975266037e-13,8.088986484e-13,7.305882089e-13,1.809379367e-13,2.914672781e-13,1.046684823e-13,1.466326624e-13,3.953038059e-14,8.397400777e-14,1.439485199e-13,6.46450267e-14,2.611245352e-13,1.847762585e-13,7.686768177e-13,2.119813796e-14,5.022645962e-13,2.050300664e-13
151.1796875,1.207221688e-12,3.554072595e-13,7.024005305e-13,4.319440582e-13,3.032125588e-13,4.892295233e-13,1.47390746e-13,5.644531132e-14,1.057965224e-13,5.515953645e-14,3.882976617e-13,9.591216404e-14,2.465107202e-13,4.260350922e-13,5.328699097e-13,7.894502728e-13,8.066888643e-13,7.273965898e-13,1.811969464e-13,2.89598836e-13,1.044119625e-13,1.470343051e-13,3.902036731e-14,8.417774725e-14,1.424496168e-13,6.368428225e-14,2.600539662e-13,1.832549138e-13,7.717401656e-13,2.125695579e-14,5.021104105e-13,2.037702237e-13
151.1875,1.202461014e-12,3.54485556e-13,6.984292622e-13,4.335582921e-13,3.02849789e-13,4.874412777e-13,1.464116564e-13,5.581554511e-14,1.06409642e-13,5.39136603e-14,3.848761554e-13,9.739624687e-14,2.448085427e-13,4.277815129e-13,5.278033394e-13,7.819271049e-13,8.047369892e-13,7.241387519e-13,1.813540333e-13,2.88042671e-13,1.041213301e-13,1.473652561e-13,3.852771199e-14,8.433060614e-14,1.410294502e-13,6.273357835e-14,2.591548202e-13,1.81595473e-13,7.753811526e-13,2.131873177e-14,5.019297677e-13,2.024892007e-13
151.1953125,1.19701669e-12,3.531009926e-13,6.947605632e-13,4.34984563e-13,3.022858315e-13,4.856104009e-13,1.455092845e-13,5.52357847e-14,1.069958492e-13,5.269352473e-14,3.815579133e-13,9.892862646e-14,2.430745478e-13,4.294386308e-13,5.230152474e-13,7.747651122e-13,8.028303692e-13,7.207229148e-13,1.814372093e-13,2.86982622e-13,1.037714472e-13,1.476209991e-13,3.802909096e-14,8.447785394e-14,1.396469173e-13,6.179514514e-14,2.58374324e-13,1.798176085e-13,7.796318169e-13,2.13859077e-14,5.017809607e-13,2.011378256e-13
151.203125,1.191633406e-12,3.517969734e-13,6.91184984e-13,4.36204346e-13,3.017536396e-13,4.838398323e-13,1.446260044e-13,5.463712678e-14,1.076285489e-13,5.147567913e-14,3.782907156e-13,1.005474651e-13,2.41417836e-13,4.310975399e-13,5.181127053e-13,7.673159878e-13,8.009503967e-13,7.173251736e-13,1.815826591e-13,2.856867686e-13,1.033680498e-13,1.479022152e-13,3.753345599e-14,8.466188091e-14,1.382832648e-13,6.087605815e-14,2.57642578e-13,1.780860314e-13,7.840380129e-13,2.14407033e-14,5.017690276e-13,1.997655886e-13
151.2109375,1.186183871e-12,3.50824336e-13,6.876422524e-13,4.37159322e-13,3.012645126e-13,4.820248372e-13,1.437576955e-13,5.398901083e-14,1.082864941e-13,5.026092097e-14,3.750163673e-13,1.022133058e-13,2.39768592e-13,4.328134078e-13,5.130341714e-13,7.594995477e-13,7.990436221e-13,7.139547814e-13,1.81771747e-13,2.839119216e-13,1.029325164e-13,1.482121071e-13,3.708583721e-14,8.487490612e-14,1.369624597e-13,5.997283615e-14,2.56965283e-13,1.764195827e-13,7.885545458e-13,2.148700048e-14,5.01778547e-13,1.984330448e-13
151.21875,1.180395271e-12,3.499452992e-13,6.843110721e-13,4.380366114e-13,3.007294155e-13,4.800483544e-13,1.429317102e-13,5.332869258e-14,1.089340614e-13,4.905792034e-14,3.718194931e-13,1.038879878e-13,2.381717614e-13,4.346733638e-13,5.080567004e-13,7.517844946e-13,7.97016455e-13,7.105554737e-13,1.819298455e-13,2.821630239e-13,1.024813216e-13,1.485002878e-13,3.667849572e-14,8.512134982e-14,1.356937843e-13,5.912792958e-14,2.563911616e-13,1.747646218e-13,7.934070764e-13,2.154973844e-14,5.018236098e-13,1.971114162e-13
151.2265625,1.174450587e-12,3.490144317e-13,6.813453311e-13,4.389592384e-13,3.002237494e-13,4.781006499e-13,1.421464891e-13,5.267541159e-14,1.095837685e-13,4.786125107e-14,3.687301918e-13,1.056202206e-13,2.367185646e-13,4.366627175e-13,5.033876621e-13,7.443748599e-13,7.948754503e-13,7.071609459e-13,1.820819647e-13,2.806113425e-13,1.019763321e-13,1.487858665e-13,3.626026988e-14,8.541822696e-14,1.344672007e-13,5.838623889e-14,2.559626817e-13,1.73089378e-13,7.985470254e-13,2.161657156e-14,5.020805549e-13,1.957652619e-13
151.234375,1.168322804e-12,3.479498763e-13,6.786217894e-13,4.398071593e-13,2.997630509e-13,4.76277695e-13,1.413964285e-13,5.206319661e-14,1.102456613e-13,4.666438198e-14,3.656883937e-13,1.074348711e-13,2.352843269e-13,4.386782723e-13,4.989944707e-13,7.3720487e-13,7.927319836e-13,7.036904093e-13,1.822516204e-13,2.792229621e-13,1.014075061e-13,1.490860229e-13,3.58371214e-14,8.57488166e-14,1.332961342e-13,5.770317532e-14,2.55661867e-13,1.713392375e-13,8.039608316e-13,2.166687709e-14,5.024626336e-13,1.944335691e-13
151.2421875,1.161960877e-12,3.468030897e-13,6.759869672e-13,4.40441748e-13,2.992307719e-13,4.744747976e-13,1.406998289e-13,5.151869437e-14,1.109180536e-13,4.547868183e-14,3.62717878e-13,1.092838282e-13,2.337745766e-13,4.40753949e-13,4.948966924e-13,7.304134141e-13,7.90856316e-13,7.001271043e-13,1.82424825e-13,2.781371376e-13,1.008262021e-13,1.493803563e-13,3.543842304e-14,8.608806971e-14,1.322005359e-13,5.704144256e-14,2.554560754e-13,1.695326272e-13,8.098116547e-13,2.172769309e-14,5.028334851e-13,1.931521221e-13
151.25,1.155319404e-12,3.457912989e-13,6.736090668e-13,4.407925048e-13,2.985814486e-13,4.726524362e-13,1.400739621e-13,5.101356541e-14,1.115762899e-13,4.432539766e-14,3.598740481e-13,1.111559853e-13,2.322526697e-13,4.428732538e-13,4.912092835e-13,7.240826584e-13,7.893679857e-13,6.966173085e-13,1.82605051e-13,2.773054374e-13,1.002325195e-13,1.49652454e-13,3.504225851e-14,8.646087261e-14,1.311758242e-13,5.642362959e-14,2.553530692e-13,1.677354735e-13,8.160790312e-13,2.181545689e-14,5.03282724e-13,1.918856936e-13
151.2578125,1.148021994e-12,3.44728542e-13,6.715946394e-13,4.410965496e-13,2.978548303e-13,4.70800621e-13,1.395370783e-13,5.054278162e-14,1.12196645e-13,4.320640147e-14,3.570825837e-13,1.130666634e-13,2.307115154e-13,4.448778351e-13,4.878120952e-13,7.17865638e-13,7.878898345e-13,6.930992435e-13,1.827841971e-13,2.765170855e-13,9.961060857e-14,1.498870116e-13,3.464435971e-14,8.690261182e-14,1.302112619e-13,5.583201423e-14,2.553416362e-13,1.659029201e-13,8.22565527e-13,2.18962388e-14,5.037772036e-13,1.905965267e-13
151.265625,1.140126738e-12,3.43359949e-13,6.697605296e-13,4.415514182e-13,2.970816993e-13,4.688865845e-13,1.391008014e-13,5.012195999e-14,1.128111632e-13,4.212500854e-14,3.542733273e-13,1.150035547e-13,2.291334968e-13,4.467796298e-13,4.845271534e-13,7.116000512e-13,7.861273603e-13,6.894104481e-13,1.829547053e-13,2.757343502e-13,9.899863417e-14,1.500906372e-13,3.427773375e-14,8.738906198e-14,1.292986384e-13,5.525336788e-14,2.554188095e-13,1.639745711e-13,8.292539217e-13,2.195993658e-14,5.042088555e-13,1.89309872e-13
151.2734375,1.132199291e-12,3.420245991e-13,6.681776368e-13,4.416679275e-13,2.96247321e-13,4.669179755e-13,1.387410234e-13,4.972565276e-14,1.13436679e-13,4.109994763e-14,3.51542616e-13,1.169855636e-13,2.275951048e-13,4.48697312e-13,4.814859742e-13,7.057397976e-13,7.844053902e-13,6.856557868e-13,1.831382163e-13,2.751252139e-13,9.840078598e-14,1.502920172e-13,3.392454331e-14,8.787859436e-14,1.28439933e-13,5.474200177e-14,2.556433971e-13,1.619824436e-13,8.363479066e-13,2.203158825e-14,5.047419022e-13,1.880789572e-13
151.28125,1.124177506e-12,3.408506046e-13,6.67005034e-13,4.412094163e-13,2.953249726e-13,4.649226275e-13,1.384404321e-13,4.935054253e-14,1.140328241e-13,4.009324137e-14,3.489094234e-13,1.190296126e-13,2.260793414e-13,4.505874713e-13,4.788089326e-13,7.005430718e-13,7.830709061e-13,6.819792228e-13,1.833236217e-13,2.748634994e-13,9.779557922e-14,1.50481589e-13,3.356269777e-14,8.835655186e-14,1.276683391e-13,5.431476097e-14,2.560462217e-13,1.599331039e-13,8.438751482e-13,2.209698386e-14,5.054803909e-13,1.869240877e-13
151.2890625,1.115519812e-12,3.393674905e-13,6.659557342e-13,4.40760392e-13,2.943083925e-13,4.628758872e-13,1.382137835e-13,4.901793234e-14,1.145842749e-13,3.904332626e-14,3.462074304e-13,1.210755068e-13,2.244787099e-13,4.52332362e-13,4.762914582e-13,6.955680289e-13,7.819409864e-13,6.782773281e-13,1.834529624e-13,2.748207938e-13,9.719870984e-14,1.5061779e-13,3.323493088e-14,8.881931338e-14,1.269976871e-13,5.393943673e-14,2.565909092e-13,1.577868804e-13,8.515846817e-13,2.212618907e-14,5.062001248e-13,1.858017735e-13
151.296875,1.106248071e-12,3.375640552e-13,6.649566586e-13,4.402803287e-13,2.931983759e-13,4.606887131e-13,1.380505975e-13,4.869912719e-14,1.151058216e-13,3.800459574e-14,3.434505241e-13,1.230977972e-13,2.228196394e-13,4.539436475e-13,4.737703562e-13,6.904063836e-13,7.807130922e-13,6.744184225e-13,1.835124638e-13,2.747317342e-13,9.660469186e-14,1.506996527e-13,3.294671296e-14,8.932819733e-14,1.263834251e-13,5.361802379e-14,2.572283751e-13,1.555798014e-13,8.59423904e-13,2.214510187e-14,5.068038261e-13,1.846482671e-13
151.3046875,1.096927147e-12,3.359353441e-13,6.644142078e-13,4.392469845e-13,2.920654685e-13,4.583959564e-13,1.379179597e-13,4.837689298e-14,1.156171177e-13,3.706739688e-14,3.407892703e-13,1.251673303e-13,2.21233999e-13,4.556095645e-13,4.714447563e-13,6.852969007e-13,7.794400317e-13,6.705272588e-13,1.835683232e-13,2.747037479e-13,9.600968318e-14,1.507823316e-13,3.264526243e-14,8.997828805e-14,1.258032106e-13,5.336294623e-14,2.579630193e-13,1.534014736e-13,8.676088719e-13,2.218619776e-14,5.075346738e-13,1.834781995e-13
151.3125,1.08785103e-12,3.34565151e-13,6.642508676e-13,4.381576388e-13,2.909996067e-13,4.561977812e-13,1.378159547e-13,4.80892044e-14,1.16153938e-13,3.619521571e-14,3.381390159e-13,1.273100606e-13,2.197649496e-13,4.574613812e-13,4.696060821e-13,6.807611778e-13,7.783622341e-13,6.668383359e-13,1.836727788e-13,2.749754862e-13,9.544864621e-14,1.509005276e-13,3.233484381e-14,9.071116764e-14,1.25289473e-13,5.316729509e-14,2.589055804e-13,1.512711136e-13,8.761857169e-13,2.222039187e-14,5.085533503e-13,1.823585263e-13
151.3203125,1.078717001e-12,3.332304441e-13,6.640790109e-13,4.375339829e-13,2.899398475e-13,4.541732239e-13,1.377865079e-13,4.784461086e-14,1.16721255e-13,3.531389871e-14,3.354828871e-13,1.294887521e-13,2.183869447e-13,4.594235252e-13,4.682709176e-13,6.769465938e-13,7.775908373e-13,6.63372917e-13,1.838097396e-13,2.754262153e-13,9.489332331e-14,1.510302618e-13,3.204669742e-14,9.139091347e-14,1.24867023e-13,5.301769888e-14,2.6011759e-13,1.491664953e-13,8.85117498e-13,2.221583538e-14,5.097508798e-13,1.812832233e-13
151.328125,1.069264722e-12,3.318881914e-13,6.64127297e-13,4.369474829e-13,2.8883426e-13,4.522873302e-13,1.378828986e-13,4.762016844e-14,1.172871016e-13,3.441851978e-14,3.330722324e-13,1.317251536e-13,2.171282524e-13,4.615064563e-13,4.673364005e-13,6.736844055e-13,7.771828969e-13,6.600750457e-13,1.839778501e-13,2.759078103e-13,9.428447478e-14,1.511656014e-13,3.176282975e-14,9.205653555e-14,1.245548083e-13,5.289699942e-14,2.615007914e-13,1.4711418e-13,8.945095835e-13,2.2191794e-14,5.110773938e-13,1.801955087e-13
151.3359375,1.059708804e-12,3.305435166e-13,6.646953102e-13,4.36275439e-13,2.877718259e-13,4.505378048e-13,1.381017905e-13,4.742182307e-14,1.178271194e-13,3.352050472e-14,3.308637216e-13,1.340525712e-13,2.159857005e-13,4.637783469e-13,4.668853024e-13,6.710589222e-13,7.772515538e-13,6.570677073e-13,1.84197154e-13,2.76545165e-13,9.363845594e-14,1.513198689e-13,3.147917015e-14,9.280511702e-14,1.243744621e-13,5.281944703e-14,2.630685946e-13,1.45088975e-13,9.043383024e-13,2.216008422e-14,5.126454663e-13,1.790878426e-13
151.34375,1.050229094e-12,3.291261935e-13,6.655553985e-13,4.356559248e-13,2.867552081e-13,4.487939766e-13,1.383817849e-13,4.725785312e-14,1.183267747e-13,3.264513593e-14,3.285706483e-13,1.364301093e-13,2.148638671e-13,4.660717624e-13,4.669500998e-13,6.692174041e-13,7.77773773e-13,6.544241396e-13,1.844327298e-13,2.773745087e-13,9.296374186e-14,1.514559731e-13,3.122251543e-14,9.359521308e-14,1.243138659e-13,5.281360584e-14,2.649618048e-13,1.429835457e-13,9.144292623e-13,2.210452937e-14,5.144805509e-13,1.779826444e-13
151.3515625,1.040803906e-12,3.276686803e-13,6.665784924e-13,4.346423273e-13,2.857527161e-13,4.469515172e-13,1.387053273e-13,4.711617736e-14,1.188166157e-13,3.182839294e-14,3.262542587e-13,1.388389145e-13,2.137588254e-13,4.683496279e-13,4.673504491e-13,6.679115264e-13,7.786146377e-13,6.520729597e-13,1.846740256e-13,2.783053847e-13,9.223243549e-14,1.515680084e-13,3.098498245e-14,9.43917312e-14,1.243489218e-13,5.284474935e-14,2.671008263e-13,1.408460776e-13,9.246661108e-13,2.20365123e-14,5.165409012e-13,1.768856712e-13
151.359375,1.031443781e-12,3.263211613e-13,6.678932328e-13,4.332254293e-13,2.848178851e-13,4.451983048e-13,1.390909186e-13,4.699019726e-14,1.19348637e-13,3.104062936e-14,3.240570534e-13,1.413235099e-13,2.127417306e-13,4.708258941e-13,4.680973702e-13,6.6702246e-13,7.798148707e-13,6.500191949e-13,1.849795554e-13,2.794721057e-13,9.147473313e-14,1.517123565e-13,3.074282941e-14,9.522792138e-14,1.244616494e-13,5.286915946e-14,2.693662424e-13,1.388319223e-13,9.349650279e-13,2.197361234e-14,5.188379713e-13,1.757906458e-13
151.3671875,1.02193389e-12,3.250867051e-13,6.694806832e-13,4.32039286e-13,2.838453333e-13,4.436272382e-13,1.395346985e-13,4.687914325e-14,1.198929134e-13,3.023984918e-14,3.218862276e-13,1.43891229e-13,2.117540329e-13,4.734281777e-13,4.69381184e-13,6.667996125e-13,7.814386938e-13,6.482177098e-13,1.853429198e-13,2.809959037e-13,9.073217877e-14,1.518728332e-13,3.049836652e-14,9.606250829e-14,1.246368735e-13,5.292828618e-14,2.718983273e-13,1.368708685e-13,9.455106364e-13,2.189577756e-14,5.2133286e-13,1.746933498e-13
151.375,1.012029497e-12,3.238186095e-13,6.713569469e-13,4.310513403e-13,2.827237489e-13,4.420321329e-13,1.400662988e-13,4.679002422e-14,1.204058788e-13,2.94588104e-14,3.197716978e-13,1.465205685e-13,2.107578393e-13,4.760106099e-13,4.711282696e-13,6.671815046e-13,7.832690961e-13,6.465165463e-13,1.857163997e-13,2.8265047e-13,9.00089058e-14,1.520051893e-13,3.026431208e-14,9.683883454e-14,1.249101312e-13,5.308137399e-14,2.74746022e-13,1.348056558e-13,9.567404024e-13,2.179551526e-14,5.240212784e-13,1.736177919e-13
151.3828125,1.002029744e-12,3.225665037e-13,6.736554589e-13,4.298128913e-13,2.8165163e-13,4.403456303e-13,1.406993629e-13,4.674360872e-14,1.20926918e-13,2.872671725e-14,3.178269177e-13,1.492334284e-13,2.098882352e-13,4.787733894e-13,4.731469862e-13,6.679158941e-13,7.851233725e-13,6.449641301e-13,1.861362277e-13,2.843104262e-13,8.933116548e-14,1.521577414e-13,3.004618283e-14,9.760286199e-14,1.25321291e-13,5.331774958e-14,2.777381566e-13,1.327046677e-13,9.686196347e-13,2.169721969e-14,5.270131949e-13,1.725891795e-13
151.390625,9.923522903e-13,3.214879254e-13,6.763236187e-13,4.283536857e-13,2.807712003e-13,4.387589727e-13,1.413560687e-13,4.674067319e-14,1.214896054e-13,2.802511288e-14,3.160070504e-13,1.520454491e-13,2.092170717e-13,4.817950885e-13,4.754343979e-13,6.691243427e-13,7.872602489e-13,6.43742276e-13,1.866412766e-13,2.861784741e-13,8.870597372e-14,1.523751207e-13,2.982991904e-14,9.842271671e-14,1.258254677e-13,5.35817119e-14,2.808678126e-13,1.306963024e-13,9.807245677e-13,2.160526306e-14,5.302916266e-13,1.715768651e-13
151.3984375,9.828902739e-13,3.20444169e-13,6.792352474e-13,4.268073615e-13,2.79945618e-13,4.373779553e-13,1.420291284e-13,4.675527615e-14,1.220692761e-13,2.735643737e-14,3.143116549e-13,1.549005292e-13,2.086636628e-13,4.848518042e-13,4.780540648e-13,6.709724246e-13,7.899680422e-13,6.428567946e-13,1.871794298e-13,2.882974785e-13,8.807647581e-14,1.526250736e-13,2.959668905e-14,9.92983772e-14,1.263933659e-13,5.384437647e-14,2.842391251e-13,1.287629521e-13,9.930004132e-13,2.150644731e-14,5.337360819e-13,1.705609577e-13
151.40625,9.732079342e-13,3.191585252e-13,6.823932134e-13,4.251580193e-13,2.790893573e-13,4.360717597e-13,1.428115887e-13,4.6779367e-14,1.226215241e-13,2.672215478e-14,3.127028967e-13,1.577373704e-13,2.0813881e-13,4.878243665e-13,4.810796643e-13,6.73408658e-13,7.929580028e-13,6.421482508e-13,1.876634018e-13,2.906234984e-13,8.742668012e-14,1.52852215e-13,2.935998103e-14,1.001698613e-13,1.270658207e-13,5.415306969e-14,2.878200328e-13,1.268050362e-13,1.005520043e-12,2.138679705e-14,5.372978699e-13,1.695927017e-13
151.4140625,9.630770892e-13,3.17623571e-13,6.858078643e-13,4.23522516e-13,2.78219693e-13,4.34721611e-13,1.437007953e-13,4.68304197e-14,1.23121608e-13,2.608598222e-14,3.109741556e-13,1.606013478e-13,2.075873085e-13,4.90758062e-13,4.845969151e-13,6.763893886e-13,7.957986357e-13,6.414767576e-13,1.88070033e-13,2.933011228e-13,8.680770501e-14,1.530269938e-13,2.913982615e-14,1.009986349e-13,1.278275854e-13,5.455631277e-14,2.915904932e-13,1.24740738e-13,1.018175615e-12,2.122815286e-14,5.409204043e-13,1.686855603e-13
151.421875,9.527697727e-13,3.161321816e-13,6.894617688e-13,4.220099258e-13,2.773263436e-13,4.334614251e-13,1.446476129e-13,4.692269765e-14,1.236105906e-13,2.545910059e-14,3.091812772e-13,1.635701059e-13,2.070555703e-13,4.937521485e-13,4.885461855e-13,6.798409391e-13,7.986832175e-13,6.408817435e-13,1.884958063e-13,2.961517509e-13,8.623579554e-14,1.531994301e-13,2.893149725e-14,1.01837517e-13,1.286348848e-13,5.49925186e-14,2.955605575e-13,1.226527842e-13,1.031037878e-12,2.105559844e-14,5.446456127e-13,1.677724779e-13
151.4296875,9.426635826e-13,3.149587756e-13,6.93343234e-13,4.204746167e-13,2.763942078e-13,4.323942686e-13,1.456709611e-13,4.705085794e-14,1.241160863e-13,2.490592951e-14,3.076164925e-13,1.665697895e-13,2.066592205e-13,4.968146272e-13,4.927313905e-13,6.836445768e-13,8.019759171e-13,6.40437139e-13,1.889999633e-13,2.98798516e-13,8.568882564e-14,1.534158454e-13,2.873273892e-14,1.027387332e-13,1.295036132e-13,5.539575987e-14,2.996342847e-13,1.20695153e-13,1.044099992e-12,2.092091406e-14,5.486116848e-13,1.668348249e-13
151.4375,9.327541483e-13,3.139423246e-13,6.974742382e-13,4.186456045e-13,2.754043538e-13,4.313640412e-13,1.467616589e-13,4.718991208e-14,1.245888539e-13,2.441566676e-14,3.062624952e-13,1.695037721e-13,2.063743848e-13,4.99807937e-13,4.970386803e-13,6.87809458e-13,8.05550743e-13,6.400092543e-13,1.894710834e-13,3.015131472e-13,8.516067603e-14,1.53605569e-13,2.853681105e-14,1.036717014e-13,1.304262024e-13,5.583307884e-14,3.03817393e-13,1.187543843e-13,1.057115068e-12,2.079718016e-14,5.527390345e-13,1.65932964e-13
151.4453125,9.22960965e-13,3.127121284e-13,7.020128221e-13,4.165178346e-13,2.744215334e-13,4.30350635e-13,1.479040872e-13,4.733856893e-14,1.250404407e-13,2.391136992e-14,3.049709538e-13,1.724900111e-13,2.061056945e-13,5.028227369e-13,5.016278493e-13,6.925483434e-13,8.093842645e-13,6.395903865e-13,1.898863261e-13,3.047426285e-13,8.463673831e-14,1.537440793e-13,2.832383371e-14,1.046044697e-13,1.313938594e-13,5.638437733e-14,3.083204208e-13,1.166719332e-13,1.070278409e-12,2.06260316e-14,5.56979273e-13,1.650904874e-13
151.453125,9.132193855e-13,3.113475422e-13,7.070957965e-13,4.14487615e-13,2.735401015e-13,4.295458631e-13,1.491420418e-13,4.754068785e-14,1.255225721e-13,2.338641614e-14,3.038532453e-13,1.756442406e-13,2.05865964e-13,5.060915343e-13,5.067914641e-13,6.981613885e-13,8.138497227e-13,6.394637676e-13,1.904117084e-13,3.082516502e-13,8.409769138e-14,1.539213016e-13,2.810608757e-14,1.055310671e-13,1.324756948e-13,5.702705187e-14,3.131915238e-13,1.146441428e-13,1.08401697e-12,2.043993862e-14,5.615464354e-13,1.642527146e-13
151.4609375,9.032514544e-13,3.101035961e-13,7.126067656e-13,4.127249443e-13,2.726554879e-13,4.289361007e-13,1.504641307e-13,4.780350022e-14,1.259848747e-13,2.289919162e-14,3.029675154e-13,1.788637915e-13,2.05678596e-13,5.094674215e-13,5.124917977e-13,7.045716406e-13,8.188988894e-13,6.396410288e-13,1.910473808e-13,3.116612132e-13,8.357164798e-14,1.541343293e-13,2.790202198e-14,1.064526965e-13,1.336806107e-13,5.770746705e-14,3.18181231e-13,1.128086644e-13,1.098202763e-12,2.028426132e-14,5.664212806e-13,1.633656367e-13
151.46875,8.931439436e-13,3.088518732e-13,7.183042474e-13,4.108186389e-13,2.716980527e-13,4.283344364e-13,1.518119601e-13,4.807177789e-14,1.263988547e-13,2.247189703e-14,3.021080716e-13,1.820637837e-13,2.055375839e-13,5.127466909e-13,5.183895027e-13,7.113176297e-13,8.240423861e-13,6.398684973e-13,1.916147284e-13,3.150356217e-13,8.308169649e-14,1.543178861e-13,2.769057577e-14,1.073982881e-13,1.349266706e-13,5.839586406e-14,3.231559478e-13,1.109324503e-13,1.112455826e-12,2.012185645e-14,5.713785772e-13,1.624525795e-13
151.4765625,8.83324818e-13,3.074817001e-13,7.239875551e-13,4.086305282e-13,2.708328385e-13,4.276364677e-13,1.53184749e-13,4.832564577e-14,1.268111031e-13,2.207573657e-14,3.011506879e-13,1.852601303e-13,2.054898886e-13,5.160120497e-13,5.243987421e-13,7.183428501e-13,8.291055854e-13,6.401537848e-13,1.920956923e-13,3.185826704e-13,8.25916813e-14,1.54488325e-13,2.747672182e-14,1.083523575e-13,1.362102911e-13,5.910218217e-14,3.282725029e-13,1.089252462e-13,1.126577337e-12,1.992058418e-14,5.764358788e-13,1.615820676e-13
151.484375,8.736117347e-13,3.06147597e-13,7.296849659e-13,4.066587129e-13,2.700844227e-13,4.269115975e-13,1.545907754e-13,4.859706294e-14,1.272091812e-13,2.16735263e-14,3.002219292e-13,1.884482644e-13,2.055795456e-13,5.192636036e-13,5.30725844e-13,7.259861809e-13,8.341968917e-13,6.405936606e-13,1.925974568e-13,3.223753282e-13,8.20946747e-14,1.546633277e-13,2.729693617e-14,1.092690222e-13,1.375772193e-13,5.987106008e-14,3.336461742e-13,1.069702821e-13,1.14057021e-12,1.97031122e-14,5.816460911e-13,1.607612484e-13
151.4921875,8.636733608e-13,3.049515132e-13,7.357604881e-13,4.049374158e-13,2.693374345e-13,4.263709245e-13,1.560317998e-13,4.890794201e-14,1.276078404e-13,2.126643064e-14,2.9947549e-13,1.916955721e-13,2.057930614e-13,5.225275383e-13,5.374559894e-13,7.342359222e-13,8.39417181e-13,6.411346041e-13,1.931529145e-13,3.263208638e-13,8.163603999e-14,1.548565928e-13,2.71305961e-14,1.102003645e-13,1.390164005e-13,6.069842273e-14,3.392584192e-13,1.05097015e-13,1.154766036e-12,1.948696561e-14,5.869998608e-13,1.599373032e-13
151.5,8.537943884e-13,3.039439835e-13,7.422617617e-13,4.028654413e-13,2.686420558e-13,4.259807585e-13,1.575292155e-13,4.926012579e-14,1.280720912e-13,2.088731825e-14,2.988771692e-13,1.950437962e-13,2.060612769e-13,5.259872496e-13,5.444262538e-13,7.428482714e-13,8.448652116e-13,6.417605185e-13,1.937167041e-13,3.303033356e-13,8.12117693e-14,1.550923081e-13,2.694498844e-14,1.111698139e-13,1.405102323e-13,6.154085241e-14,3.451057061e-13,1.032495646e-13,1.169276253e-12,1.927509725e-14,5.925445523e-13,1.591006355e-13
151.5078125,8.440321269e-13,3.029862625e-13,7.486638781e-13,4.00525069e-13,2.679510563e-13,4.254504798e-13,1.590714894e-13,4.96240636e-14,1.285235862e-13,2.052586487e-14,2.982676327e-13,1.983285831e-13,2.063020271e-13,5.294263501e-13,5.514379432e-13,7.517877607e-13,8.504949059e-13,6.424251436e-13,1.941892779e-13,3.343973803e-13,8.07874153e-14,1.552857765e-13,2.676889115e-14,1.12078429e-13,1.420448905e-13,6.242335488e-14,3.510919814e-13,1.01481785e-13,1.183590987e-12,1.906678083e-14,5.981141602e-13,1.582760842e-13
151.515625,8.340213354e-13,3.016587102e-13,7.549475415e-13,3.984672884e-13,2.67053136e-13,4.248067263e-13,1.606422911e-13,4.997626525e-14,1.28855149e-13,2.015922874e-14,2.976305024e-13,2.014813972e-13,2.065348918e-13,5.324350267e-13,5.585571511e-13,7.611917962e-13,8.561913918e-13,6.429734625e-13,1.94527385e-13,3.387599505e-13,8.037786006e-14,1.553587676e-13,2.66169325e-14,1.129406301e-13,1.43595095e-13,6.340074679e-14,3.571425935e-13,9.974072045e-14,1.19758791e-12,1.885064406e-14,6.035098068e-13,1.574610476e-13
151.5234375,8.239134657e-13,2.999584775e-13,7.616391867e-13,3.963726205e-13,2.660245368e-13,4.242228517e-13,1.622525266e-13,5.036701282e-14,1.291415317e-13,1.982942012e-14,2.970927293e-13,2.046658503e-13,2.068490695e-13,5.351891611e-13,5.659892737e-13,7.712047138e-13,8.619888253e-13,6.433609431e-13,1.948485611e-13,3.433946344e-13,8.001780608e-14,1.554012834e-13,2.646381165e-14,1.138720221e-13,1.451818944e-13,6.446030113e-14,3.63458017e-13,9.79155994e-14,1.211761826e-12,1.862895692e-14,6.089100969e-13,1.5667398e-13
151.53125,8.140984748e-13,2.983982036e-13,7.68558076e-13,3.938735737e-13,2.65126862e-13,4.236453128e-13,1.638778957e-13,5.082413847e-14,1.294889223e-13,1.95395083e-14,2.966343897e-13,2.079399247e-13,2.073122566e-13,5.381432243e-13,5.737121648e-13,7.817651043e-13,8.679512477e-13,6.437980593e-13,1.95268967e-13,3.481242299e-13,7.973206643e-14,1.555042786e-13,2.631710415e-14,1.148467159e-13,1.468560173e-13,6.556084064e-14,3.701011975e-13,9.611570595e-14,1.226135739e-12,1.840729091e-14,6.145761262e-13,1.559595075e-13
151.5390625,8.044989654e-13,2.971660069e-13,7.752827753e-13,3.916484589e-13,2.643630338e-13,4.232148169e-13,1.655096456e-13,5.129515034e-14,1.298959253e-13,1.921271251e-14,2.961500383e-13,2.11241905e-13,2.079663371e-13,5.413260469e-13,5.817534228e-13,7.928465236e-13,8.742107944e-13,6.446391572e-13,1.957749786e-13,3.528407457e-13,7.950126482e-14,1.556588349e-13,2.618783523e-14,1.158071522e-13,1.486383961e-13,6.670819493e-14,3.768169959e-13,9.448476878e-14,1.240460212e-12,1.816397934e-14,6.205880304e-13,1.553022822e-13
151.546875,7.949184089e-13,2.960707414e-13,7.822116054e-13,3.899999551e-13,2.635798764e-13,4.231020855e-13,1.67214151e-13,5.178466629e-14,1.303194828e-13,1.886477332e-14,2.95716114e-13,2.145684153e-13,2.086930916e-13,5.444619642e-13,5.903404641e-13,8.047815511e-13,8.809640139e-13,6.459282893e-13,1.963036435e-13,3.577868983e-13,7.923547263e-14,1.558374749e-13,2.604700874e-14,1.167944713e-13,1.505128252e-13,6.79377218e-14,3.836501124e-13,9.294502346e-14,1.254910077e-12,1.789732505e-14,6.268378057e-13,1.546486254e-13
151.5546875,7.85383013e-13,2.94968117e-13,7.896643726e-13,3.881812549e-13,2.627657705e-13,4.229768007e-13,1.690185311e-13,5.233269479e-14,1.307204457e-13,1.859320756e-14,2.954508787e-13,2.178985028e-13,2.093067377e-13,5.474639048e-13,5.992913929e-13,8.175664076e-13,8.880944641e-13,6.473102787e-13,1.967814421e-13,3.631586845e-13,7.892188214e-14,1.559893159e-13,2.589355337e-14,1.178100335e-13,1.524360217e-13,6.923494294e-14,3.908392982e-13,9.137464393e-14,1.269528664e-12,1.764431264e-14,6.330758367e-13,1.539838576e-13
151.5625,7.760330508e-13,2.937134429e-13,7.973033503e-13,3.859578877e-13,2.62024557e-13,4.226354258e-13,1.708555736e-13,5.289735933e-14,1.311017153e-13,1.8405039e-14,2.953656306e-13,2.21221828e-13,2.099390794e-13,5.505228779e-13,6.082003565e-13,8.306630272e-13,8.95359572e-13,6.487511359e-13,1.97183734e-13,3.686359123e-13,7.867934108e-14,1.56096298e-13,2.576412229e-14,1.188143115e-13,1.543950944e-13,7.054011132e-14,3.982248571e-13,8.978082437e-14,1.28411903e-12,1.74101888e-14,6.393818495e-13,1.533327696e-13
151.5703125,7.669803342e-13,2.923067485e-13,8.049742802e-13,3.838538498e-13,2.613455156e-13,4.223624538e-13,1.726600461e-13,5.344988677e-14,1.314816081e-13,1.825074212e-14,2.954523032e-13,2.245586461e-13,2.107943545e-13,5.536628587e-13,6.17186423e-13,8.439774444e-13,9.027518291e-13,6.505108282e-13,1.97593839e-13,3.739397568e-13,7.852924483e-14,1.562136842e-13,2.56540021e-14,1.198068205e-13,1.56413252e-13,7.184763688e-14,4.056270486e-13,8.822036003e-14,1.298714067e-12,1.716312179e-14,6.459983087e-13,1.527270521e-13
151.578125,7.580973019e-13,2.909842577e-13,8.127025745e-13,3.82084511e-13,2.605596263e-13,4.22227404e-13,1.744376599e-13,5.401415857e-14,1.318137836e-13,1.810652044e-14,2.955702757e-13,2.278227581e-13,2.116962795e-13,5.565676858e-13,6.264686611e-13,8.577218818e-13,9.101302139e-13,6.523498426e-13,1.98032216e-13,3.792299359e-13,7.837286118e-14,1.563256709e-13,2.552687403e-14,1.207780697e-13,1.58457592e-13,7.319412117e-14,4.131521753e-13,8.67392206e-14,1.313134752e-12,1.690096138e-14,6.52579544e-13,1.52148967e-13
151.5859375,7.491545547e-13,2.89777632e-13,8.203717967e-13,3.805451446e-13,2.596461101e-13,4.220380321e-13,1.762235307e-13,5.459020751e-14,1.320806771e-13,1.795343233e-14,2.95557054e-13,2.309774529e-13,2.124801593e-13,5.591315079e-13,6.35864881e-13,8.717417329e-13,9.172778246e-13,6.53960644e-13,1.983803354e-13,3.846428306e-13,7.822236699e-14,1.56373553e-13,2.53861424e-14,1.217176483e-13,1.604830435e-13,7.459035402e-14,4.207962442e-13,8.535174791e-14,1.327030291e-12,1.665319612e-14,6.588158768e-13,1.515464804e-13
151.59375,7.402305756e-13,2.885428152e-13,8.281482455e-13,3.790440589e-13,2.588192222e-13,4.217799856e-13,1.779924101e-13,5.520024843e-14,1.323577088e-13,1.78149406e-14,2.95620929e-13,2.341639591e-13,2.133021677e-13,5.616073302e-13,6.452561393e-13,8.860046969e-13,9.24407306e-13,6.556387552e-13,1.986250784e-13,3.902355079e-13,7.816941916e-14,1.564074566e-13,2.526613164e-14,1.226356196e-13,1.625279916e-13,7.605467868e-14,4.28541352e-13,8.39988551e-14,1.340759935e-12,1.643150215e-14,6.651035842e-13,1.509528759e-13
151.6015625,7.31552169e-13,2.873357943e-13,8.36200521e-13,3.773244992e-13,2.581150877e-13,4.214667951e-13,1.796991236e-13,5.586705305e-14,1.326564498e-13,1.774475325e-14,2.959730361e-13,2.374041516e-13,2.142222863e-13,5.640432101e-13,6.547217698e-13,9.006982034e-13,9.317657454e-13,6.576159257e-13,1.988910298e-13,3.961102149e-13,7.821688778e-14,1.564607788e-13,2.517427104e-14,1.235387986e-13,1.646301562e-13,7.758549664e-14,4.364871032e-13,8.261494772e-14,1.354838033e-12,1.621556851e-14,6.715849888e-13,1.504343911e-13
151.609375,7.230825903e-13,2.861713394e-13,8.442063499e-13,3.754359911e-13,2.573286021e-13,4.210482755e-13,1.813849035e-13,5.654869859e-14,1.329036801e-13,1.772826842e-14,2.963901454e-13,2.405403265e-13,2.151038248e-13,5.662589079e-13,6.642507872e-13,9.157328801e-13,9.392540718e-13,6.597060356e-13,1.99175796e-13,4.021404652e-13,7.830809948e-14,1.564567252e-13,2.508467057e-14,1.244453741e-13,1.66772832e-13,7.911835836e-14,4.444778828e-13,8.123042061e-14,1.368827908e-12,1.598238693e-14,6.778883853e-13,1.499481684e-13
151.6171875,7.146285703e-13,2.848876224e-13,8.520137126e-13,3.736780107e-13,2.564723639e-13,4.206165586e-13,1.830954142e-13,5.723270844e-14,1.33100476e-13,1.772212389e-14,2.968067576e-13,2.435686136e-13,2.159328972e-13,5.683433285e-13,6.737744787e-13,9.309420606e-13,9.468347547e-13,6.618334729e-13,1.993981199e-13,4.080999536e-13,7.840633577e-14,1.563948528e-13,2.497972141e-14,1.253421399e-13,1.689451756e-13,8.062800214e-14,4.52332263e-13,7.99100874e-14,1.382197344e-12,1.573190528e-14,6.840313276e-13,1.494382938e-13
151.625,7.061630083e-13,2.835282684e-13,8.599512477e-13,3.722206359e-13,2.557558204e-13,4.203173996e-13,1.847933502e-13,5.792734075e-14,1.333125179e-13,1.772557439e-14,2.974584437e-13,2.466519748e-13,2.168441272e-13,5.705489847e-13,6.83198715e-13,9.461944768e-13,9.54506369e-13,6.640185067e-13,1.996143627e-13,4.139786824e-13,7.85327012e-14,1.563699648e-13,2.486978298e-14,1.262133238e-13,1.711300058e-13,8.213561008e-14,4.602461006e-13,7.863715895e-14,1.395423413e-12,1.547635453e-14,6.902857258e-13,1.489200595e-13
151.6328125,6.978309098e-13,2.822382168e-13,8.680824361e-13,3.709667549e-13,2.551537105e-13,4.200525789e-13,1.864391924e-13,5.860220157e-14,1.335539562e-13,1.773648086e-14,2.982058652e-13,2.497821344e-13,2.17897264e-13,5.727279274e-13,6.923985954e-13,9.613138848e-13,9.619555852e-13,6.66092367e-13,1.998430071e-13,4.199314315e-13,7.873635934e-14,1.563667397e-13,2.477209485e-14,1.27148497e-13,1.732865676e-13,8.363987094e-14,4.683348457e-13,7.736694797e-14,1.408905e-12,1.522755224e-14,6.965819138e-13,1.48403795e-13
151.640625,6.896731165e-13,2.808476141e-13,8.760924739e-13,3.695432133e-13,2.545145751e-13,4.195368336e-13,1.880094746e-13,5.9300523e-14,1.337955751e-13,1.775419394e-14,2.988605076e-13,2.527500586e-13,2.189250872e-13,5.744103698e-13,7.012977472e-13,9.763141248e-13,9.688791421e-13,6.678494478e-13,1.999280414e-13,4.261084196e-13,7.898440523e-14,1.562924897e-13,2.468993489e-14,1.281850516e-13,1.75384596e-13,8.51770868e-14,4.763513689e-13,7.61344563e-14,1.421919161e-12,1.499934946e-14,7.026642374e-13,1.479268089e-13
151.6484375,6.815234373e-13,2.791319906e-13,8.839176472e-13,3.67865987e-13,2.538761374e-13,4.188058262e-13,1.894961087e-13,6.008134802e-14,1.340179289e-13,1.781368753e-14,2.997239773e-13,2.555193869e-13,2.197602257e-13,5.755629037e-13,7.099317574e-13,9.913248392e-13,9.754729848e-13,6.692822304e-13,1.998334126e-13,4.323583725e-13,7.921540283e-14,1.561703759e-13,2.461021484e-14,1.29192655e-13,1.77422373e-13,8.676366768e-14,4.841595689e-13,7.496916914e-14,1.4339567e-12,1.478970127e-14,7.084046619e-13,1.475265104e-13
151.65625,6.732516597e-13,2.772913521e-13,8.917449236e-13,3.663864627e-13,2.532147099e-13,4.182154897e-13,1.909638108e-13,6.088071125e-14,1.341929432e-13,1.793400989e-14,3.009195766e-13,2.582739861e-13,2.205506105e-13,5.766218892e-13,7.185766383e-13,1.006549223e-12,9.822276656e-13,6.705920823e-13,1.996898213e-13,4.383552314e-13,7.946290632e-14,1.560587713e-13,2.451621193e-14,1.301084324e-13,1.794397312e-13,8.830228587e-14,4.919271356e-13,7.379862202e-14,1.445683232e-12,1.457918725e-14,7.139175127e-13,1.471126529e-13
151.6640625,6.649180512e-13,2.757229922e-13,8.996150558e-13,3.651713579e-13,2.523595427e-13,4.177816542e-13,1.924603821e-13,6.165567822e-14,1.342908052e-13,1.808447845e-14,3.021796672e-13,2.610372401e-13,2.214618066e-13,5.777307924e-13,7.274972709e-13,1.022212412e-12,9.892028985e-13,6.71901554e-13,1.995197683e-13,4.441916881e-13,7.975448252e-14,1.559028071e-13,2.44078405e-14,1.309838888e-13,1.814656466e-13,8.975958006e-14,4.997636124e-13,7.260910415e-14,1.457529925e-12,1.437090455e-14,7.193715242e-13,1.466136481e-13
151.671875,6.567132726e-13,2.744372622e-13,9.075306758e-13,3.639120034e-13,2.515218605e-13,4.173038518e-13,1.939488492e-13,6.243169309e-14,1.343837035e-13,1.822667683e-14,3.035198746e-13,2.637424477e-13,2.224064289e-13,5.788502613e-13,7.364801487e-13,1.037989504e-12,9.959740241e-13,6.731870756e-13,1.993342623e-13,4.501128127e-13,8.005751102e-14,1.556976754e-13,2.429856743e-14,1.318445185e-13,1.834762669e-13,9.122926284e-14,5.075658123e-13,7.153503011e-14,1.469133877e-12,1.418502839e-14,7.247853339e-13,1.461041408e-13
151.6796875,6.489108843e-13,2.730635203e-13,9.155183774e-13,3.627698959e-13,2.511505684e-13,4.168625116e-13,1.954012617e-13,6.318564421e-14,1.346027811e-13,1.836909459e-14,3.050552652e-13,2.665062604e-13,2.233647491e-13,5.801882605e-13,7.451555983e-13,1.053362425e-12,1.002457434e-12,6.745905761e-13,1.992394898e-13,4.559766322e-13,8.038106125e-14,1.555540653e-13,2.419343939e-14,1.327355913e-13,1.854794332e-13,9.273957442e-14,5.153022528e-13,7.060987417e-14,1.48050359e-12,1.401492179e-14,7.302118044e-13,1.456171459e-13
151.6875,6.415196955e-13,2.714247996e-13,9.233118809e-13,3.618026364e-13,2.510370963e-13,4.163561565e-13,1.967911587e-13,6.394591458e-14,1.348821929e-13,1.857138033e-14,3.065562864e-13,2.692619229e-13,2.24327042e-13,5.815011255e-13,7.535055749e-13,1.068554871e-12,1.008883633e-12,6.761295579e-13,1.991289423e-13,4.616697163e-13,8.073757514e-14,1.554151394e-13,2.408981464e-14,1.336412672e-13,1.87493696e-13,9.425261674e-14,5.230511999e-13,6.96802138e-14,1.491666675e-12,1.384190279e-14,7.355272666e-13,1.451129001e-13
151.6953125,6.339856668e-13,2.69701075e-13,9.306688067e-13,3.606798162e-13,2.505466914e-13,4.154710567e-13,1.980866459e-13,6.479826935e-14,1.350083844e-13,1.885965818e-14,3.078971488e-13,2.716876675e-13,2.25074723e-13,5.820750436e-13,7.616919548e-13,1.083985979e-12,1.015088544e-12,6.774108965e-13,1.987482923e-13,4.673365326e-13,8.112051926e-14,1.550915825e-13,2.398711863e-14,1.344208979e-13,1.894591303e-13,9.577331519e-14,5.306861039e-13,6.868494283e-14,1.501934844e-12,1.366991372e-14,7.402230986e-13,1.44601026e-13
151.703125,6.259540441e-13,2.679834544e-13,9.378968012e-13,3.596118508e-13,2.497255859e-13,4.144596223e-13,1.993408269e-13,6.569193718e-14,1.350068841e-13,1.918525448e-14,3.092826577e-13,2.738817971e-13,2.256653901e-13,5.820776625e-13,7.698463155e-13,1.099549893e-12,1.020921483e-12,6.784046505e-13,1.981574032e-13,4.729906935e-13,8.15798877e-14,1.546453902e-13,2.388458888e-14,1.350831387e-13,1.913637446e-13,9.732616101e-14,5.380842706e-13,6.771332688e-14,1.511292581e-12,1.350587746e-14,7.442930385e-13,1.440825905e-13
151.7109375,6.179613746e-13,2.662369041e-13,9.452147297e-13,3.588905453e-13,2.490962305e-13,4.136650426e-13,2.006002261e-13,6.652597968e-14,1.350890378e-13,1.95136436e-14,3.108049455e-13,2.762237583e-13,2.264432077e-13,5.823068616e-13,7.779298245e-13,1.114951875e-12,1.026579228e-12,6.795474614e-13,1.97598045e-13,4.784827864e-13,8.211989914e-14,1.542803925e-13,2.378504052e-14,1.357851828e-13,1.93281312e-13,9.892456299e-14,5.454451048e-13,6.679473403e-14,1.520642958e-12,1.333600591e-14,7.483968887e-13,1.435630093e-13
151.71875,6.104543864e-13,2.646409976e-13,9.521629871e-13,3.581145901e-13,2.486448251e-13,4.127231587e-13,2.018049188e-13,6.734255607e-14,1.352374187e-13,1.985902271e-14,3.123116547e-13,2.785786245e-13,2.272986636e-13,5.826216732e-13,7.856650377e-13,1.129965792e-12,1.031954148e-12,6.807411964e-13,1.970493146e-13,4.837694548e-13,8.264675991e-14,1.539468015e-13,2.369074966e-14,1.36539674e-13,1.951875192e-13,1.0053841e-13,5.527946487e-13,6.592669843e-14,1.529858711e-12,1.315177529e-14,7.525639184e-13,1.430986093e-13
151.7265625,6.029552786e-13,2.632259733e-13,9.583950659e-13,3.570945978e-13,2.480129425e-13,4.113348577e-13,2.029059589e-13,6.823334769e-14,1.352827135e-13,2.02309225e-14,3.136965209e-13,2.805735118e-13,2.27882848e-13,5.823660819e-13,7.929970398e-13,1.144621984e-12,1.036849604e-12,6.815543778e-13,1.963670045e-13,4.890381814e-13,8.313941707e-14,1.534793491e-13,2.359148844e-14,1.372739457e-13,1.970123163e-13,1.02110052e-13,5.598349786e-13,6.51506876e-14,1.5380724e-12,1.297699665e-14,7.561926492e-13,1.426521287e-13
151.734375,5.951154124e-13,2.61549792e-13,9.64273968e-13,3.561388522e-13,2.472381054e-13,4.09821368e-13,2.039094357e-13,6.918441359e-14,1.352447717e-13,2.064003184e-14,3.150592798e-13,2.823042096e-13,2.28327847e-13,5.81701899e-13,8.001689145e-13,1.159123417e-12,1.041465064e-12,6.820959659e-13,1.955994876e-13,4.943816984e-13,8.366689145e-14,1.529170407e-13,2.348727573e-14,1.3796761e-13,1.987975843e-13,1.036561291e-13,5.666050521e-13,6.440287308e-14,1.545531913e-12,1.282921844e-14,7.592622075e-13,1.421391976e-13
151.7421875,5.873770802e-13,2.595028127e-13,9.702784096e-13,3.552823625e-13,2.465501284e-13,4.083872123e-13,2.048258097e-13,7.010967654e-14,1.35225671e-13,2.109605929e-14,3.165514817e-13,2.840542382e-13,2.289070431e-13,5.810866455e-13,8.07159586e-13,1.173340026e-12,1.045839456e-12,6.826588142e-13,1.948376107e-13,4.994928881e-13,8.42635865e-14,1.523696296e-13,2.340564135e-14,1.3858672e-13,2.005841656e-13,1.052226769e-13,5.733828466e-13,6.357231192e-14,1.552891375e-12,1.267652909e-14,7.621601145e-13,1.416228356e-13
151.75,5.799438751e-13,2.576093014e-13,9.764333436e-13,3.544858685e-13,2.459228884e-13,4.068930824e-13,2.056839057e-13,7.099517826e-14,1.351959665e-13,2.157542e-14,3.181816859e-13,2.858075437e-13,2.295331144e-13,5.804061259e-13,8.138364947e-13,1.187248852e-12,1.049905887e-12,6.832402942e-13,1.940188917e-13,5.043053611e-13,8.492350806e-14,1.51809034e-13,2.335580251e-14,1.391015436e-13,2.023363344e-13,1.068037408e-13,5.801340778e-13,6.274355024e-14,1.559951767e-12,1.249370148e-14,7.649185746e-13,1.411775002e-13
151.7578125,5.724948518e-13,2.559800516e-13,9.824193399e-13,3.538939677e-13,2.452887431e-13,4.053184069e-13,2.065016261e-13,7.191163172e-14,1.351116261e-13,2.206784178e-14,3.198596446e-13,2.874358683e-13,2.300723089e-13,5.795026727e-13,8.203056842e-13,1.201177598e-12,1.053855555e-12,6.837713691e-13,1.93081801e-13,5.092134076e-13,8.562592394e-14,1.511883246e-13,2.329810534e-14,1.395312025e-13,2.040458912e-13,1.084079042e-13,5.867091611e-13,6.204748444e-14,1.566477016e-12,1.231389858e-14,7.674568734e-13,1.407383127e-13
151.765625,5.650487442e-13,2.541304904e-13,9.879433628e-13,3.533950128e-13,2.447225756e-13,4.036958616e-13,2.072599058e-13,7.285789037e-14,1.349995333e-13,2.259603998e-14,3.214716788e-13,2.889205451e-13,2.305586467e-13,5.785091319e-13,8.265126153e-13,1.214801902e-12,1.057496082e-12,6.841648553e-13,1.920670221e-13,5.141109049e-13,8.635408106e-14,1.505362877e-13,2.319976793e-14,1.399422074e-13,2.057243364e-13,1.100250933e-13,5.929874474e-13,6.140584907e-14,1.572549554e-12,1.215812902e-14,7.697799995e-13,1.402470936e-13
151.7734375,5.578054346e-13,2.519927819e-13,9.929205964e-13,3.527671806e-13,2.442111431e-13,4.019173138e-13,2.079440697e-13,7.377598455e-14,1.34862081e-13,2.316170258e-14,3.229485739e-13,2.902492931e-13,2.310050502e-13,5.773873923e-13,8.322821845e-13,1.227573662e-12,1.060492247e-12,6.843843689e-13,1.909978634e-13,5.185543159e-13,8.711454758e-14,1.498466483e-13,2.308362206e-14,1.404056145e-13,2.073560605e-13,1.115734028e-13,5.988068211e-13,6.070974061e-14,1.577872507e-12,1.200036385e-14,7.717423207e-13,1.397129472e-13
151.78125,5.505754747e-13,2.499330213e-13,9.973861121e-13,3.521038233e-13,2.436685765e-13,3.999783264e-13,2.085629123e-13,7.470052262e-14,1.346891717e-13,2.377015813e-14,3.244204518e-13,2.914215732e-13,2.314397355e-13,5.76035787e-13,8.378117741e-13,1.239945522e-12,1.063189378e-12,6.846084887e-13,1.898752516e-13,5.226680947e-13,8.79012942e-14,1.490923871e-13,2.298513918e-14,1.40865385e-13,2.089535128e-13,1.13033245e-13,6.043013708e-13,6.000613858e-14,1.582279135e-12,1.183768798e-14,7.73292912e-13,1.391393882e-13
151.7890625,5.4325259e-13,2.479991582e-13,1.001432499e-12,3.516424571e-13,2.431339251e-13,3.979996869e-13,2.091471299e-13,7.567272911e-14,1.345070362e-13,2.445472313e-14,3.260087133e-13,2.924963336e-13,2.319321509e-13,5.745322937e-13,8.432583432e-13,1.252350684e-12,1.065739467e-12,6.848373201e-13,1.886990753e-13,5.266365314e-13,8.868748215e-14,1.483141267e-13,2.290297718e-14,1.412290075e-13,2.105306174e-13,1.144654678e-13,6.097373818e-13,5.934499644e-14,1.586151181e-12,1.168793844e-14,7.746063571e-13,1.385458543e-13
151.796875,5.360245363e-13,2.460069851e-13,1.005188664e-12,3.51424342e-13,2.42623679e-13,3.959266152e-13,2.096636865e-13,7.663440467e-14,1.343144407e-13,2.521310858e-14,3.275686031e-13,2.934569379e-13,2.323817959e-13,5.727472558e-13,8.482259778e-13,1.264217081e-12,1.067583688e-12,6.847412131e-13,1.873874157e-13,5.303284162e-13,8.944020095e-14,1.475140558e-13,2.282139023e-14,1.415519991e-13,2.120072656e-13,1.15886494e-13,6.149380374e-13,5.869550547e-14,1.589428154e-12,1.153782108e-14,7.755854377e-13,1.37963131e-13
151.8046875,5.28868003e-13,2.439506775e-13,1.008749158e-12,3.511862404e-13,2.420901056e-13,3.936449795e-13,2.099871069e-13,7.754452475e-14,1.340945654e-13,2.60092112e-14,3.290813657e-13,2.942739669e-13,2.326319308e-13,5.705187097e-13,8.523764901e-13,1.275083794e-12,1.068590951e-12,6.842674977e-13,1.859100964e-13,5.338224214e-13,9.014300244e-14,1.466443971e-13,2.273349957e-14,1.418723571e-13,2.132945327e-13,1.172831311e-13,6.196663742e-13,5.804335726e-14,1.591743613e-12,1.137960458e-14,7.760127353e-13,1.373890586e-13
151.8125,5.216634866e-13,2.418949304e-13,1.01213706e-12,3.507382367e-13,2.416313533e-13,3.912508347e-13,2.101360065e-13,7.843312497e-14,1.338710594e-13,2.682631421e-14,3.307420832e-13,2.950557181e-13,2.327590061e-13,5.681621833e-13,8.560174857e-13,1.28521793e-12,1.069146927e-12,6.83710594e-13,1.84404108e-13,5.371685461e-13,9.083528548e-14,1.457541783e-13,2.262880924e-14,1.421245416e-13,2.144551553e-13,1.186429535e-13,6.241206162e-13,5.741397067e-14,1.593486403e-12,1.123250937e-14,7.761542295e-13,1.368135625e-13
151.8203125,5.144732053e-13,2.398026344e-13,1.015192694e-12,3.504119212e-13,2.412712058e-13,3.888170186e-13,2.102780146e-13,7.933672424e-14,1.336231153e-13,2.766361636e-14,3.3242758e-13,2.957902653e-13,2.328981754e-13,5.658731516e-13,8.595390457e-13,1.294924224e-12,1.069335104e-12,6.831054882e-13,1.829124453e-13,5.401550759e-13,9.151706574e-14,1.448662102e-13,2.250596483e-14,1.422940482e-13,2.156023613e-13,1.199366409e-13,6.284297645e-13,5.683840713e-14,1.594975931e-12,1.109736496e-14,7.762036766e-13,1.36222558e-13
151.828125,5.072762255e-13,2.376129325e-13,1.017661944e-12,3.504994405e-13,2.407835537e-13,3.862232749e-13,2.103937478e-13,8.027958332e-14,1.332800316e-13,2.85433192e-14,3.339328485e-13,2.962680075e-13,2.330007153e-13,5.632953192e-13,8.627917317e-13,1.304169202e-12,1.069089053e-12,6.822130222e-13,1.813182868e-13,5.428007245e-13,9.212582455e-14,1.438646807e-13,2.238713721e-14,1.42365524e-13,2.167093371e-13,1.211677221e-13,6.323663291e-13,5.632100075e-14,1.59568317e-12,1.096525297e-14,7.757067941e-13,1.356022452e-13
151.8359375,5.000389047e-13,2.353365207e-13,1.019609832e-12,3.506157714e-13,2.401791533e-13,3.834368446e-13,2.103766393e-13,8.12503477e-14,1.328760933e-13,2.950026317e-14,3.354374471e-13,2.965111568e-13,2.330032291e-13,5.603465307e-13,8.655145245e-13,1.312758149e-12,1.068422021e-12,6.81009302e-13,1.796312054e-13,5.452881893e-13,9.273711499e-14,1.427543068e-13,2.228741226e-14,1.423434307e-13,2.177192406e-13,1.223722621e-13,6.358401947e-13,5.581503125e-14,1.595518493e-12,1.08437736e-14,7.744946117e-13,1.349883612e-13
151.84375,4.929325279e-13,2.330743821e-13,1.021320182e-12,3.50452573e-13,2.397500749e-13,3.805750342e-13,2.103144905e-13,8.21905182e-14,1.325083301e-13,3.051285608e-14,3.370294152e-13,2.967475732e-13,2.329605624e-13,5.574296157e-13,8.678402301e-13,1.320636011e-12,1.067319203e-12,6.797361859e-13,1.779518191e-13,5.476311758e-13,9.345497838e-14,1.416910699e-13,2.219865249e-14,1.42354041e-13,2.18678167e-13,1.235633352e-13,6.390400504e-13,5.529281412e-14,1.595066065e-12,1.073177123e-14,7.731436441e-13,1.344121708e-13
151.8515625,4.859965833e-13,2.309509009e-13,1.02272748e-12,3.503522194e-13,2.394372603e-13,3.776674401e-13,2.102505615e-13,8.306550048e-14,1.321539208e-13,3.152830359e-14,3.385143835e-13,2.9694967e-13,2.328852547e-13,5.545420191e-13,8.699066626e-13,1.327909797e-12,1.065764421e-12,6.78440704e-13,1.762276452e-13,5.497900222e-13,9.416345864e-14,1.406632072e-13,2.210292736e-14,1.424165503e-13,2.195733821e-13,1.247233796e-13,6.419900337e-13,5.479963102e-14,1.594209844e-12,1.061874977e-14,7.718155814e-13,1.338283163e-13
151.859375,4.790253111e-13,2.289392416e-13,1.023412642e-12,3.504769945e-13,2.389045104e-13,3.745777625e-13,2.100568425e-13,8.392492097e-14,1.317085199e-13,3.255847223e-14,3.398473863e-13,2.968718797e-13,2.326238797e-13,5.511468765e-13,8.715114217e-13,1.33450802e-12,1.063504307e-12,6.767051417e-13,1.743204534e-13,5.517240122e-13,9.477125946e-14,1.395108918e-13,2.197973507e-14,1.423967071e-13,2.202866908e-13,1.25807529e-13,6.443906148e-13,5.437191538e-14,1.592281843e-12,1.050870798e-14,7.697980815e-13,1.332011333e-13
151.8671875,4.719050661e-13,2.268335791e-13,1.023181272e-12,3.505243061e-13,2.381648619e-13,3.711811258e-13,2.097189567e-13,8.484399725e-14,1.311555216e-13,3.365568304e-14,3.410547098e-13,2.96426822e-13,2.320530328e-13,5.47111466e-13,8.725050289e-13,1.340200252e-12,1.060232017e-12,6.742293515e-13,1.722259369e-13,5.533830045e-13,9.53575335e-14,1.38210951e-13,2.182830232e-14,1.422695705e-13,2.208092062e-13,1.268053251e-13,6.460603419e-13,5.398457848e-14,1.589179362e-12,1.040807513e-14,7.667057982e-13,1.325558996e-13
151.875,4.647172423e-13,2.245581027e-13,1.022435693e-12,3.504384653e-13,2.375667732e-13,3.676228019e-13,2.093090534e-13,8.580515429e-14,1.306151027e-13,3.482068282e-14,3.421618912e-13,2.958375966e-13,2.313658487e-13,5.430780796e-13,8.730194524e-13,1.344964305e-12,1.056201953e-12,6.714346022e-13,1.70111426e-13,5.547113683e-13,9.593932958e-14,1.369006914e-13,2.167059134e-14,1.420941494e-13,2.212466198e-13,1.277798332e-13,6.472620254e-13,5.359486888e-14,1.585396155e-12,1.031230055e-14,7.631787037e-13,1.318969058e-13
151.8828125,4.576560034e-13,2.222922302e-13,1.021632811e-12,3.503026795e-13,2.372623016e-13,3.641127989e-13,2.087937432e-13,8.672833722e-14,1.301875427e-13,3.601036187e-14,3.433402514e-13,2.953482176e-13,2.307920612e-13,5.394055578e-13,8.73080746e-13,1.348902381e-12,1.051725709e-12,6.687115962e-13,1.680692665e-13,5.556348322e-13,9.653342851e-14,1.356667139e-13,2.150798406e-14,1.419191592e-13,2.216158245e-13,1.287327014e-13,6.482553639e-13,5.319304141e-14,1.58133349e-12,1.021435486e-14,7.597605537e-13,1.312055952e-13
151.890625,4.507935681e-13,2.201135114e-13,1.02051337e-12,3.499697219e-13,2.36970261e-13,3.60481923e-13,2.081512028e-13,8.761972278e-14,1.297648883e-13,3.722506502e-14,3.445401076e-13,2.947840666e-13,2.301292959e-13,5.354622357e-13,8.724615002e-13,1.351922777e-12,1.046581515e-12,6.656773666e-13,1.659420693e-13,5.562612737e-13,9.719346081e-14,1.344101118e-13,2.132962046e-14,1.417709994e-13,2.218440967e-13,1.295733459e-13,6.48848393e-13,5.28289894e-14,1.576709445e-12,1.011312258e-14,7.559559766e-13,1.304993232e-13
151.8984375,4.43939584e-13,2.178893992e-13,1.018694156e-12,3.495431855e-13,2.364447329e-13,3.565451005e-13,2.074478484e-13,8.85465997e-14,1.291985117e-13,3.85136953e-14,3.455084482e-13,2.938555406e-13,2.291514891e-13,5.308440632e-13,8.711429731e-13,1.353921347e-12,1.040708097e-12,6.621239249e-13,1.636321944e-13,5.567512694e-13,9.781239365e-14,1.33011839e-13,2.115558816e-14,1.415401744e-13,2.219419653e-13,1.302998535e-13,6.488289058e-13,5.255172291e-14,1.570959835e-12,1.001593718e-14,7.513207979e-13,1.298085195e-13
151.90625,4.371264652e-13,2.155742968e-13,1.016402599e-12,3.492996267e-13,2.359328659e-13,3.525243115e-13,2.067316747e-13,8.94928404e-14,1.285577754e-13,3.987231989e-14,3.46341586e-13,2.927199563e-13,2.28085944e-13,5.261059942e-13,8.69417118e-13,1.355026041e-12,1.034382876e-12,6.585828764e-13,1.613025155e-13,5.568211907e-13,9.833709702e-14,1.315375591e-13,2.100178524e-14,1.411284898e-13,2.220195417e-13,1.309849101e-13,6.483376215e-13,5.232527514e-14,1.564173206e-12,9.927609046e-15,7.463343036e-13,1.291393283e-13
151.9140625,4.306138505e-13,2.131960984e-13,1.013716526e-12,3.490337426e-13,2.356314007e-13,3.484992182e-13,2.059794371e-13,9.03642699e-14,1.279263015e-13,4.124769687e-14,3.472047793e-13,2.915682018e-13,2.270844082e-13,5.214643475e-13,8.672704063e-13,1.355205857e-12,1.027518056e-12,6.551696262e-13,1.59010185e-13,5.560373683e-13,9.889389269e-14,1.300705432e-13,2.084616877e-14,1.406350873e-13,2.220888414e-13,1.31612562e-13,6.474666004e-13,5.20897546e-14,1.556685911e-12,9.846993472e-15,7.412516656e-13,1.284574804e-13
151.921875,4.241164639e-13,2.107623844e-13,1.010331637e-12,3.485079985e-13,2.352931427e-13,3.442325937e-13,2.051073272e-13,9.112349437e-14,1.272487851e-13,4.265417166e-14,3.479294134e-13,2.902475647e-13,2.25919658e-13,5.164707544e-13,8.643610829e-13,1.35418051e-12,1.019823182e-12,6.512576772e-13,1.566033342e-13,5.546506749e-13,9.944836096e-14,1.285656335e-13,2.067156373e-14,1.401483873e-13,2.219956854e-13,1.321424365e-13,6.461168622e-13,5.1857689e-14,1.548461681e-12,9.778690448e-15,7.356428028e-13,1.277090787e-13
151.9296875,4.172546682e-13,2.084037513e-13,1.00632233e-12,3.480311774e-13,2.34892899e-13,3.397639952e-13,2.040621842e-13,9.187216181e-14,1.265589481e-13,4.413360868e-14,3.484131334e-13,2.887224751e-13,2.245036741e-13,5.111492589e-13,8.608006809e-13,1.352115694e-12,1.011351028e-12,6.466528315e-13,1.540843135e-13,5.533865048e-13,9.988214124e-14,1.270289307e-13,2.047596808e-14,1.396577532e-13,2.216529904e-13,1.32606429e-13,6.443185262e-13,5.167827641e-14,1.539645667e-12,9.722143477e-15,7.294481802e-13,1.26907534e-13
151.9375,4.104775677e-13,2.062175609e-13,1.001877291e-12,3.478401626e-13,2.346523011e-13,3.353209725e-13,2.028938557e-13,9.271022607e-14,1.259078377e-13,4.565066259e-14,3.487663583e-13,2.871007984e-13,2.229797593e-13,5.058424197e-13,8.570631692e-13,1.349422746e-12,1.002378105e-12,6.418564366e-13,1.516044027e-13,5.523121709e-13,1.002543624e-13,1.255202057e-13,2.024793826e-14,1.391396249e-13,2.211594847e-13,1.330244227e-13,6.4212129e-13,5.156422284e-14,1.530440966e-12,9.665077826e-15,7.229632117e-13,1.261193647e-13
151.9453125,4.041854731e-13,2.040372371e-13,9.969610798e-13,3.476296503e-13,2.344341043e-13,3.30847661e-13,2.01653903e-13,9.353819713e-14,1.251892992e-13,4.718618259e-14,3.490701701e-13,2.85321762e-13,2.213898065e-13,5.005135716e-13,8.530919999e-13,1.345852889e-12,9.930131345e-13,6.371575402e-13,1.491609062e-13,5.507298318e-13,1.006109532e-13,1.239943491e-13,1.999656253e-14,1.385153833e-13,2.206071729e-13,1.333956886e-13,6.394098254e-13,5.1477199e-14,1.520541098e-12,9.606321558e-15,7.161686189e-13,1.253484218e-13
151.953125,3.979953408e-13,2.017054183e-13,9.915998638e-13,3.470678189e-13,2.341421077e-13,3.261363644e-13,2.003552956e-13,9.42195932e-14,1.243713969e-13,4.879891083e-14,3.493197473e-13,2.833519206e-13,2.197141361e-13,4.95045644e-13,8.484233845e-13,1.341033937e-12,9.830108538e-13,6.323469003e-13,1.466224619e-13,5.483819593e-13,1.009347341e-13,1.22386295e-13,1.97621454e-14,1.377733348e-13,2.199992194e-13,1.337520318e-13,6.361541137e-13,5.138063865e-14,1.509731894e-12,9.551243689e-15,7.089714216e-13,1.245593117e-13
151.9609375,3.917771826e-13,1.993137571e-13,9.856992208e-13,3.463084176e-13,2.339929032e-13,3.21213136e-13,1.990509056e-13,9.48280267e-14,1.235317081e-13,5.048835216e-14,3.493887253e-13,2.812454592e-13,2.180121106e-13,4.8948391e-13,8.43114425e-13,1.335361955e-12,9.72281288e-13,6.273807941e-13,1.439802477e-13,5.456735761e-13,1.012503348e-13,1.207149621e-13,1.955383072e-14,1.370138525e-13,2.193559906e-13,1.340573486e-13,6.32488036e-13,5.130167586e-14,1.498252917e-12,9.49669836e-15,7.01459586e-13,1.237480112e-13
151.96875,3.859840491e-13,1.970284165e-13,9.793231273e-13,3.457288596e-13,2.339917562e-13,3.164259084e-13,1.977632196e-13,9.548475338e-14,1.226764324e-13,5.218868205e-14,3.492682437e-13,2.790413196e-13,2.163426748e-13,4.839948138e-13,8.377396112e-13,1.329383577e-12,9.613699335e-13,6.22637905e-13,1.413838627e-13,5.427167214e-13,1.015222513e-13,1.190492694e-13,1.933412992e-14,1.362389559e-13,2.186842733e-13,1.342170455e-13,6.285181067e-13,5.129775673e-14,1.486379654e-12,9.449380154e-15,6.937961154e-13,1.22922227e-13
151.9765625,3.806766714e-13,1.948651379e-13,9.728973909e-13,3.453129417e-13,2.340506778e-13,3.119152841e-13,1.964133407e-13,9.61727492e-14,1.21823761e-13,5.390424958e-14,3.492053509e-13,2.768075184e-13,2.14620615e-13,4.786741441e-13,8.324654255e-13,1.32308043e-12,9.505558971e-13,6.181262132e-13,1.38876829e-13,5.394433228e-13,1.017371532e-13,1.174287163e-13,1.908872528e-14,1.354302884e-13,2.179077957e-13,1.342736549e-13,6.242413514e-13,5.136912479e-14,1.474150645e-12,9.41599868e-15,6.859859719e-13,1.221128162e-13
151.984375,3.753172967e-13,1.926628347e-13,9.661931343e-13,3.448385137e-13,2.341712361e-13,3.072776737e-13,1.949463986e-13,9.682695048e-14,1.20953339e-13,5.566308707e-14,3.491869855e-13,2.744456741e-13,2.126998996e-13,4.731755101e-13,8.268471223e-13,1.316093901e-12,9.393027434e-13,6.132412925e-13,1.362927823e-13,5.361086331e-13,1.019789224e-13,1.157656675e-13,1.88447303e-14,1.346289813e-13,2.16968377e-13,1.34320957e-13,6.195183903e-13,5.144015937e-14,1.461166077e-12,9.378567353e-15,6.776562382e-13,1.213327682e-13
151.9921875,3.695083607e-13,1.903263548e-13,9.587251006e-13,3.444369938e-13,2.341862754e-13,3.023956506e-13,1.934035587e-13,9.741845124e-14,1.199692964e-13,5.745239302e-14,3.489766057e-13,2.718157268e-13,2.106721299e-13,4.672847641e-13,8.206688419e-13,1.308169676e-12,9.274444272e-13,6.078357e-13,1.335601305e-13,5.327391969e-13,1.022385158e-13,1.139885289e-13,1.861310139e-14,1.337561e-13,2.159070821e-13,1.342876116e-13,6.142461134e-13,5.144163316e-14,1.447186023e-12,9.327656639e-15,6.686720832e-13,1.205058243e-13
152,3.635189115e-13,1.880248677e-13,9.509028867e-13,3.441541313e-13,2.341172237e-13,2.977045305e-13,1.918437881e-13,9.798914718e-14,1.189679331e-13,5.931426563e-14,3.486123801e-13,2.691022261e-13,2.087283545e-13,4.614435016e-13,8.141667175e-13,1.299402728e-12,9.154061081e-13,6.024208001e-13,1.308185959e-13,5.29097845e-13,1.024548955e-13,1.122141155e-13,1.838151474e-14,1.327600664e-13,2.147842155e-13,1.341093282e-13,6.08570043e-13,5.1422975e-14,1.432762149e-12,9.279163584e-15,6.5950084e-13,1.196103129e-13
152.0078125,3.578551552e-13,1.859300903e-13,9.428225251e-13,3.43701064e-13,2.342163251e-13,2.931167629e-13,1.902780824e-13,9.859616746e-14,1.180520681e-13,6.128584653e-14,3.480137269e-13,2.663898487e-13,2.06780147e-13,4.557762841e-13,8.073266702e-13,1.289891728e-12,9.03036778e-13,5.97113341e-13,1.281349837e-13,5.252331878e-13,1.026331874e-13,1.104883448e-13,1.814845846e-14,1.317512205e-13,2.135974817e-13,1.338822474e-13,6.026148283e-13,5.146491662e-14,1.418086006e-12,9.233444163e-15,6.502601712e-13,1.187462898e-13
152.015625,3.523996586e-13,1.839464112e-13,9.338809796e-13,3.431426721e-13,2.344042314e-13,2.881524797e-13,1.886537012e-13,9.917261359e-14,1.17060844e-13,6.32723159e-14,3.469516015e-13,2.634813114e-13,2.047076017e-13,4.499263579e-13,7.998458542e-13,1.27930553e-12,8.898521028e-13,5.915878911e-13,1.254272782e-13,5.211061782e-13,1.027729175e-13,1.086882562e-13,1.791404537e-14,1.307396684e-13,2.123024823e-13,1.336287763e-13,5.962562416e-13,5.149440309e-14,1.402503743e-12,9.171590093e-15,6.406211905e-13,1.179256486e-13
152.0234375,3.467821424e-13,1.81861312e-13,9.244127278e-13,3.426135302e-13,2.346117877e-13,2.829634947e-13,1.869055435e-13,9.964233919e-14,1.159714408e-13,6.522235896e-14,3.457774346e-13,2.604582536e-13,2.025894838e-13,4.440253825e-13,7.916277925e-13,1.267314004e-12,8.758765273e-13,5.857403924e-13,1.226478055e-13,5.164373108e-13,1.029173949e-13,1.068420105e-13,1.767542833e-14,1.296549724e-13,2.108591766e-13,1.332441173e-13,5.893879687e-13,5.143005613e-14,1.385927306e-12,9.089892153e-15,6.306584837e-13,1.170806997e-13
152.03125,3.412518071e-13,1.796323615e-13,9.150199823e-13,3.418235614e-13,2.349855765e-13,2.778321946e-13,1.850406196e-13,1.000589957e-13,1.149202574e-13,6.722200613e-14,3.448925089e-13,2.574462228e-13,2.003764942e-13,4.382213871e-13,7.827316486e-13,1.253996479e-12,8.612460782e-13,5.795964851e-13,1.198298367e-13,5.113057423e-13,1.031018463e-13,1.050474818e-13,1.743557802e-14,1.285324516e-13,2.092451287e-13,1.327143508e-13,5.820119727e-13,5.140458925e-14,1.368836e-12,9.007246935e-15,6.204895964e-13,1.162400482e-13
152.0390625,3.36080075e-13,1.774049053e-13,9.052666407e-13,3.409200957e-13,2.353562695e-13,2.726300564e-13,1.831128453e-13,1.004415687e-13,1.138104248e-13,6.928253523e-14,3.439513085e-13,2.542571531e-13,1.979460061e-13,4.321802773e-13,7.733276506e-13,1.239640686e-12,8.459945635e-13,5.73201622e-13,1.17030627e-13,5.059733579e-13,1.032019863e-13,1.032280797e-13,1.717837882e-14,1.273843884e-13,2.074652278e-13,1.320969497e-13,5.741199043e-13,5.153709284e-14,1.351219584e-12,8.948222868e-15,6.099296989e-13,1.154121597e-13
152.046875,3.309637468e-13,1.751901002e-13,8.948958198e-13,3.40380031e-13,2.356377264e-13,2.674059764e-13,1.811550965e-13,1.007675432e-13,1.126216815e-13,7.13784705e-14,3.42578128e-13,2.509366696e-13,1.95411858e-13,4.25968646e-13,7.637510958e-13,1.224682641e-12,8.304134176e-13,5.667412024e-13,1.142689748e-13,5.004304801e-13,1.031668907e-13,1.013569877e-13,1.689356778e-14,1.261997174e-13,2.055747408e-13,1.31410283e-13,5.657981962e-13,5.169617049e-14,1.332926886e-12,8.912679111e-15,5.990685415e-13,1.145232355e-13
152.0546875,3.257608841e-13,1.728455147e-13,8.842822219e-13,3.398693275e-13,2.361253024e-13,2.622787677e-13,1.79190294e-13,1.011199799e-13,1.115396658e-13,7.359080095e-14,3.40913751e-13,2.476919276e-13,1.928993261e-13,4.199001213e-13,7.541019577e-13,1.209497749e-12,8.148127912e-13,5.603001996e-13,1.114938704e-13,4.94714978e-13,1.031543008e-13,9.951291306e-14,1.662574754e-14,1.250631258e-13,2.036570673e-13,1.306787754e-13,5.572134481e-13,5.175125139e-14,1.314162885e-12,8.869774643e-15,5.880839277e-13,1.136141343e-13
152.0625,3.207073925e-13,1.704959446e-13,8.733750816e-13,3.388852949e-13,2.36744903e-13,2.570307688e-13,1.772117431e-13,1.01532835e-13,1.10484241e-13,7.589374753e-14,3.391431949e-13,2.443539188e-13,1.903324179e-13,4.137378612e-13,7.4416615e-13,1.193956788e-12,7.991819612e-13,5.538141757e-13,1.086641655e-13,4.89016085e-13,1.032227557e-13,9.764703754e-14,1.640136707e-14,1.240000417e-13,2.017268514e-13,1.299125858e-13,5.48422945e-13,5.179039239e-14,1.295170153e-12,8.806872445e-15,5.768489974e-13,1.127887805e-13
152.0703125,3.158677603e-13,1.68302032e-13,8.619510416e-13,3.377384346e-13,2.372257373e-13,2.516307138e-13,1.751699663e-13,1.018992814e-13,1.092978217e-13,7.813459625e-14,3.372470877e-13,2.407811799e-13,1.876346095e-13,4.073282014e-13,7.3385366e-13,1.177646142e-12,7.83283601e-13,5.473087225e-13,1.058211362e-13,4.831696954e-13,1.032473012e-13,9.571424884e-14,1.617642084e-14,1.22891947e-13,1.997105741e-13,1.290545159e-13,5.39356546e-13,5.191445464e-14,1.275822174e-12,8.747047051e-15,5.653702528e-13,1.119980047e-13
152.078125,3.111795562e-13,1.660269565e-13,8.502060265e-13,3.368838101e-13,2.377335747e-13,2.463716923e-13,1.730832669e-13,1.021789604e-13,1.08097666e-13,8.032293652e-14,3.351200539e-13,2.37157436e-13,1.848918091e-13,4.0105518e-13,7.232611942e-13,1.160465317e-12,7.669404114e-13,5.40863878e-13,1.030465347e-13,4.767722986e-13,1.031467173e-13,9.380978075e-14,1.593264004e-14,1.216640045e-13,1.975913799e-13,1.280626019e-13,5.299062624e-13,5.208427449e-14,1.255759063e-12,8.700123063e-15,5.539032477e-13,1.111409225e-13
152.0859375,3.066071218e-13,1.636349212e-13,8.383918367e-13,3.362486626e-13,2.384127876e-13,2.413113392e-13,1.710244671e-13,1.024430636e-13,1.069510575e-13,8.254354224e-14,3.328048142e-13,2.335886525e-13,1.822178365e-13,3.950916481e-13,7.124884639e-13,1.142747765e-12,7.50365532e-13,5.344871145e-13,1.003575467e-13,4.700197582e-13,1.029760096e-13,9.196851002e-14,1.569915553e-14,1.204022887e-13,1.954335286e-13,1.269963222e-13,5.201109083e-13,5.226549096e-14,1.23532878e-12,8.653151673e-15,5.425355275e-13,1.102529275e-13
152.09375,3.021023792e-13,1.615017939e-13,8.264824756e-13,3.354011092e-13,2.391194075e-13,2.362619757e-13,1.689467366e-13,1.027230318e-13,1.057809031e-13,8.476920158e-14,3.305437115e-13,2.300205367e-13,1.795170066e-13,3.891673872e-13,7.016131685e-13,1.124838523e-12,7.33904567e-13,5.281302053e-13,9.768469349e-14,4.635466952e-13,1.028331977e-13,9.012908744e-14,1.546860604e-14,1.192101154e-13,1.932129344e-13,1.259591754e-13,5.102203688e-13,5.247154717e-14,1.215334826e-12,8.606056911e-15,5.310602932e-13,1.094122089e-13
152.1015625,2.977701539e-13,1.596048337e-13,8.142511356e-13,3.341880727e-13,2.397758655e-13,2.311682862e-13,1.667668741e-13,1.029705857e-13,1.045714881e-13,8.700190265e-14,3.283242352e-13,2.263801715e-13,1.766824462e-13,3.831736347e-13,6.907177787e-13,1.106662622e-12,7.174923726e-13,5.218624577e-13,9.503256445e-14,4.572532963e-13,1.027234698e-13,8.827539055e-14,1.522051374e-14,1.180244505e-13,1.908775519e-13,1.249335196e-13,5.003444694e-13,5.266095064e-14,1.195470686e-12,8.56875043e-15,5.193349786e-13,1.085875007e-13
152.109375,2.937413487e-13,1.576945339e-13,8.016649519e-13,3.331024999e-13,2.404373875e-13,2.261513197e-13,1.64564755e-13,1.031382373e-13,1.033090095e-13,8.929565048e-14,3.258927208e-13,2.22626894e-13,1.739120565e-13,3.773696836e-13,6.798231312e-13,1.087926538e-12,7.009407303e-13,5.159048048e-13,9.249634927e-14,4.505229509e-13,1.02604966e-13,8.643368802e-14,1.497563791e-14,1.167512745e-13,1.885234357e-13,1.237720658e-13,4.902941561e-13,5.285348418e-14,1.174963936e-12,8.541829952e-15,5.0765456e-13,1.077108674e-13
152.1171875,2.898623887e-13,1.558946082e-13,7.889237938e-13,3.322671371e-13,2.41202673e-13,2.212299497e-13,1.624230779e-13,1.03229701e-13,1.020040784e-13,9.16385269e-14,3.232514358e-13,2.188147118e-13,1.712791869e-13,3.71788525e-13,6.686446296e-13,1.068536662e-12,6.842635485e-13,5.101501245e-13,9.000482985e-14,4.434318639e-13,1.025020029e-13,8.460886061e-14,1.475504148e-14,1.154806435e-13,1.8620484e-13,1.224446462e-13,4.799276538e-13,5.315888013e-14,1.153998131e-12,8.519000369e-15,4.962009717e-13,1.068038941e-13
152.125,2.859559367e-13,1.541815343e-13,7.759440771e-13,3.310195314e-13,2.420541566e-13,2.162336535e-13,1.602615081e-13,1.032456749e-13,1.007010408e-13,9.398191023e-14,3.20424796e-13,2.14928777e-13,1.684842646e-13,3.66005278e-13,6.568832831e-13,1.048641173e-12,6.674384949e-13,5.042045306e-13,8.741024819e-14,4.363854168e-13,1.024059477e-13,8.27633985e-14,1.455092303e-14,1.142866434e-13,1.838031182e-13,1.210873064e-13,4.693277046e-13,5.349981273e-14,1.132788007e-12,8.494901896e-15,4.84532256e-13,1.059148941e-13
152.1328125,2.821517398e-13,1.52290772e-13,7.627110309e-13,3.293577874e-13,2.428717803e-13,2.112240396e-13,1.580480705e-13,1.031772834e-13,9.935247253e-14,9.62824624e-14,3.173186621e-13,2.109089415e-13,1.655010949e-13,3.600224325e-13,6.449491175e-13,1.028571288e-12,6.506055305e-13,4.982438219e-13,8.483260777e-14,4.29297861e-13,1.022691788e-13,8.089164296e-14,1.434238485e-14,1.130553395e-13,1.813025459e-13,1.197456373e-13,4.586836124e-13,5.372050126e-14,1.111309785e-12,8.474715586e-15,4.726074473e-13,1.050300756e-13
152.140625,2.786236524e-13,1.503561621e-13,7.497820288e-13,3.27867011e-13,2.437487818e-13,2.065499455e-13,1.558875986e-13,1.030682968e-13,9.797214984e-14,9.854238341e-14,3.141989436e-13,2.06948007e-13,1.626241921e-13,3.544863101e-13,6.333844351e-13,1.008448219e-12,6.341128186e-13,4.927626607e-13,8.245327646e-14,4.220163218e-13,1.021378217e-13,7.908972593e-14,1.411580325e-14,1.117583473e-13,1.788145672e-13,1.183414136e-13,4.481186872e-13,5.3926109e-14,1.090107932e-12,8.467689646e-15,4.611554746e-13,1.041309046e-13
152.1484375,2.752418019e-13,1.485668474e-13,7.373067741e-13,3.263657608e-13,2.447908635e-13,2.021974992e-13,1.537994528e-13,1.029409728e-13,9.666561504e-14,1.007960182e-13,3.113416973e-13,2.032049593e-13,1.598641729e-13,3.495174667e-13,6.218713789e-13,9.878845773e-13,6.178486595e-13,4.876047439e-13,8.017459516e-14,4.145783433e-13,1.02037434e-13,7.739603865e-14,1.389123538e-14,1.105252833e-13,1.763229434e-13,1.168560288e-13,4.374900018e-13,5.42112134e-14,1.069244745e-12,8.463840586e-15,4.502443538e-13,1.032312215e-13
152.15625,2.718349714e-13,1.467807307e-13,7.246467863e-13,3.246432422e-13,2.458862449e-13,1.978234132e-13,1.516962858e-13,1.027710807e-13,9.538216597e-14,1.030172896e-13,3.084727634e-13,1.994747206e-13,1.57100708e-13,3.445887026e-13,6.100309076e-13,9.668013745e-13,6.014501451e-13,4.824533435e-13,7.786516591e-14,4.070454831e-13,1.019089989e-13,7.570031361e-14,1.36952266e-14,1.093489866e-13,1.737787336e-13,1.153367494e-13,4.265702741e-13,5.443720633e-14,1.048056887e-12,8.447937909e-15,4.392269401e-13,1.023495876e-13
152.1640625,2.685778838e-13,1.45026815e-13,7.116630291e-13,3.231381516e-13,2.470609224e-13,1.934319785e-13,1.495593621e-13,1.026089252e-13,9.403162741e-14,1.052204097e-13,3.053541022e-13,1.956218581e-13,1.543878337e-13,3.395766782e-13,5.982195918e-13,9.457517103e-13,5.850730989e-13,4.775309544e-13,7.559113022e-14,3.996195918e-13,1.017560893e-13,7.396361614e-14,1.35104106e-14,1.08118653e-13,1.712355717e-13,1.138220412e-13,4.154621126e-13,5.460003511e-14,1.026684068e-12,8.429636813e-15,4.281201881e-13,1.015099895e-13
152.171875,2.656522944e-13,1.434911334e-13,6.989228703e-13,3.218998385e-13,2.483972846e-13,1.892481619e-13,1.474257981e-13,1.024969734e-13,9.266044261e-14,1.074836505e-13,3.021752492e-13,1.917892097e-13,1.517576822e-13,3.347514922e-13,5.867451941e-13,9.249329526e-13,5.690227323e-13,4.730009183e-13,7.341947507e-14,3.923555442e-13,1.015987431e-13,7.227282264e-14,1.331001783e-14,1.068758218e-13,1.687003912e-13,1.123283637e-13,4.044350326e-13,5.482600719e-14,1.005573981e-12,8.423043517e-15,4.17352187e-13,1.007044499e-13
152.1796875,2.62872095e-13,1.421016074e-13,6.865852615e-13,3.205631484e-13,2.498186882e-13,1.852605993e-13,1.453054342e-13,1.023677541e-13,9.129672712e-14,1.097530212e-13,2.990562775e-13,1.880422767e-13,1.492047971e-13,3.302129203e-13,5.755201662e-13,9.041965266e-13,5.532726253e-13,4.686884919e-13,7.131895149e-14,3.85010216e-13,1.014179246e-13,7.064136555e-14,1.310071184e-14,1.056922876e-13,1.661426145e-13,1.108347179e-13,3.935243521e-13,5.506464997e-14,9.844570178e-13,8.422943424e-15,4.068427798e-13,9.988292134e-14
152.1875,2.601128939e-13,1.407328523e-13,6.743292928e-13,3.189829245e-13,2.513641512e-13,1.813732912e-13,1.432101348e-13,1.021925668e-13,8.993379083e-14,1.119805439e-13,2.959289761e-13,1.843321799e-13,1.467106274e-13,3.259356005e-13,5.644381893e-13,8.836068008e-13,5.377939754e-13,4.645117807e-13,6.926787572e-14,3.775107611e-13,1.012683368e-13,6.90187677e-14,1.28972586e-14,1.045044486e-13,1.635948681e-13,1.092977223e-13,3.826111212e-13,5.527801695e-14,9.632160941e-13,8.426491655e-15,3.96378745e-13,9.904234783e-14
152.1953125,2.575376913e-13,1.393737777e-13,6.620274005e-13,3.171639717e-13,2.530231461e-13,1.775766997e-13,1.411453022e-13,1.019986665e-13,8.858834028e-14,1.142421166e-13,2.927810876e-13,1.806501545e-13,1.441821544e-13,3.218343936e-13,5.533119475e-13,8.629279211e-13,5.225921907e-13,4.604678427e-13,6.72706451e-14,3.699067772e-13,1.012088527e-13,6.74065503e-14,1.270677201e-14,1.033142614e-13,1.610468058e-13,1.076887204e-13,3.716651378e-13,5.55503094e-14,9.420092345e-13,8.442695149e-15,3.860033537e-13,9.821774261e-14
152.203125,2.5517146e-13,1.3800603e-13,6.497197629e-13,3.154410633e-13,2.54603997e-13,1.738672902e-13,1.390714159e-13,1.017751723e-13,8.722103201e-14,1.164514683e-13,2.895763612e-13,1.769659955e-13,1.41657235e-13,3.178332211e-13,5.420973214e-13,8.419083676e-13,5.076020381e-13,4.565867837e-13,6.53247555e-14,3.622539468e-13,1.011774902e-13,6.581303004e-14,1.253150621e-14,1.022211929e-13,1.58450171e-13,1.060373084e-13,3.608124177e-13,5.5845436e-14,9.206884579e-13,8.469133927e-15,3.757649693e-13,9.740756837e-14
152.2109375,2.529160844e-13,1.367260911e-13,6.374029531e-13,3.141141038e-13,2.56170397e-13,1.702773557e-13,1.369761739e-13,1.015458145e-13,8.580626385e-14,1.184883327e-13,2.862604112e-13,1.732492988e-13,1.392643006e-13,3.140337709e-13,5.311674799e-13,8.211613464e-13,4.930100957e-13,4.53059682e-13,6.344156956e-14,3.548644518e-13,1.011048428e-13,6.423543042e-14,1.236555851e-14,1.011665868e-13,1.558526638e-13,1.044336242e-13,3.50205503e-13,5.608656444e-14,8.99391422e-13,8.493947847e-15,3.657003216e-13,9.66139689e-14
152.21875,2.508475443e-13,1.356639319e-13,6.252305183e-13,3.127766654e-13,2.578865055e-13,1.669045394e-13,1.349145207e-13,1.01338041e-13,8.439595138e-14,1.204935058e-13,2.829439071e-13,1.695670005e-13,1.3697027e-13,3.105397323e-13,5.207199798e-13,8.012194211e-13,4.79091026e-13,4.499807318e-13,6.164761242e-14,3.47825525e-13,1.010458779e-13,6.27013886e-14,1.220539993e-14,1.000410535e-13,1.533229197e-13,1.028787406e-13,3.397543048e-13,5.632907358e-14,8.785218973e-13,8.52078376e-15,3.558952548e-13,9.585144217e-14
152.2265625,2.489916604e-13,1.346595846e-13,6.13375539e-13,3.111737024e-13,2.59707335e-13,1.637889317e-13,1.329052465e-13,1.011034775e-13,8.301560339e-14,1.22555017e-13,2.797140434e-13,1.660000361e-13,1.347399178e-13,3.072962948e-13,5.104397762e-13,7.815789887e-13,4.656334237e-13,4.471776541e-13,5.993512291e-14,3.407567913e-13,1.010852681e-13,6.122286753e-14,1.204450255e-14,9.892338189e-14,1.508398068e-13,1.012569203e-13,3.292229974e-13,5.660909303e-14,8.579468092e-13,8.55531957e-15,3.463611677e-13,9.509444244e-14
152.234375,2.472045624e-13,1.335434599e-13,6.015904138e-13,3.095966111e-13,2.616571657e-13,1.607981843e-13,1.308995011e-13,1.008280704e-13,8.165841427e-14,1.245676821e-13,2.764063643e-13,1.625086593e-13,1.325899679e-13,3.041937621e-13,4.999815681e-13,7.616133439e-13,4.521345532e-13,4.444608349e-13,5.825921858e-14,3.336037692e-13,1.01164913e-13,5.97769456e-14,1.187197404e-14,9.787957567e-14,1.483498454e-13,9.95676858e-14,3.186131842e-13,5.687390429e-14,8.373781212e-13,8.579332193e-15,3.370483606e-13,9.43150581e-14
152.2421875,2.455421522e-13,1.325487547e-13,5.895934177e-13,3.079395014e-13,2.638164049e-13,1.578100229e-13,1.28881151e-13,1.005195213e-13,8.031940372e-14,1.264705186e-13,2.729477848e-13,1.589989027e-13,1.304233327e-13,3.01189697e-13,4.893502005e-13,7.413509228e-13,4.385174088e-13,4.418968953e-13,5.661833087e-14,3.266149158e-13,1.01202718e-13,5.836744545e-14,1.170719875e-14,9.68404165e-14,1.458314829e-13,9.789665526e-14,3.080537495e-13,5.711593595e-14,8.168703426e-13,8.582248196e-15,3.27913676e-13,9.350617274e-14
152.25,2.442581419e-13,1.318387216e-13,5.776661708e-13,3.06046779e-13,2.661908531e-13,1.549889462e-13,1.268784607e-13,1.001320689e-13,7.898071766e-14,1.281951344e-13,2.69570159e-13,1.555053743e-13,1.282453913e-13,2.984005168e-13,4.788688814e-13,7.212344791e-13,4.252521746e-13,4.398274887e-13,5.50639548e-14,3.196952294e-13,1.012946044e-13,5.701626495e-14,1.157829762e-14,9.582544784e-14,1.433057911e-13,9.617934441e-14,2.975501689e-13,5.737305545e-14,7.964553564e-13,8.58866253e-15,3.189579043e-13,9.266576466e-14
152.2578125,2.432988243e-13,1.310865804e-13,5.660652482e-13,3.042468521e-13,2.68748899e-13,1.524622529e-13,1.2490101e-13,9.97020567e-14,7.764906329e-14,1.297358993e-13,2.663205889e-13,1.521039906e-13,1.261981857e-13,2.958701379e-13,4.687369705e-13,7.016391632e-13,4.126783906e-13,4.383646082e-13,5.35983956e-14,3.127184285e-13,1.014908982e-13,5.570246269e-14,1.146886449e-14,9.492024135e-14,1.408129778e-13,9.434340357e-14,2.87186264e-13,5.760965929e-14,7.761541773e-13,8.611287269e-15,3.102476106e-13,9.182890539e-14
152.265625,2.423390063e-13,1.301274002e-13,5.544465012e-13,3.025513324e-13,2.712745264e-13,1.499560362e-13,1.229500881e-13,9.93159189e-14,7.633719345e-14,1.312979048e-13,2.629293372e-13,1.486962006e-13,1.242086615e-13,2.933711659e-13,4.586764321e-13,6.823751936e-13,4.004963965e-13,4.370588788e-13,5.216481509e-14,3.058015725e-13,1.016646431e-13,5.43882931e-14,1.135431679e-14,9.40817815e-14,1.383473379e-13,9.247526768e-14,2.770865642e-13,5.778634088e-14,7.561039046e-13,8.632059903e-15,3.017506646e-13,9.101922435e-14
152.2734375,2.413810872e-13,1.292947425e-13,5.425674379e-13,3.007568761e-13,2.736662445e-13,1.473143206e-13,1.210235422e-13,9.892116471e-14,7.502673229e-14,1.329723871e-13,2.593296749e-13,1.451916747e-13,1.221352095e-13,2.908169474e-13,4.484340287e-13,6.629850876e-13,3.883094158e-13,4.356233576e-13,5.075084326e-14,2.98964552e-13,1.018287006e-13,5.308124171e-14,1.12433503e-14,9.323496248e-14,1.358715183e-13,9.062510642e-14,2.671130494e-13,5.799137741e-14,7.362141634e-13,8.649788774e-15,2.933332652e-13,9.01949943e-14
152.28125,2.406763715e-13,1.286817322e-13,5.307060465e-13,2.990369953e-13,2.761603018e-13,1.447904644e-13,1.190945691e-13,9.846162891e-14,7.371827729e-14,1.346334175e-13,2.556514643e-13,1.4171518e-13,1.200639627e-13,2.883630129e-13,4.382411004e-13,6.43633466e-13,3.763206569e-13,4.343734415e-13,4.940281981e-14,2.922113484e-13,1.020958679e-13,5.180896598e-14,1.114692614e-14,9.240952259e-14,1.33404444e-13,8.876486502e-14,2.571539984e-13,5.825674482e-14,7.163640756e-13,8.675607447e-15,2.850810882e-13,8.935389935e-14
152.2890625,2.401301313e-13,1.280095703e-13,5.190386598e-13,2.97395632e-13,2.787469085e-13,1.424523842e-13,1.171586019e-13,9.802304148e-14,7.24208354e-14,1.362256451e-13,2.519009718e-13,1.383469157e-13,1.180526047e-13,2.8601166e-13,4.283657894e-13,6.248712112e-13,3.649180137e-13,4.334841323e-13,4.813583116e-14,2.857211698e-13,1.024118439e-13,5.056810693e-14,1.107020163e-14,9.162762591e-14,1.309943162e-13,8.692868367e-14,2.474030236e-13,5.846664471e-14,6.967562067e-13,8.704393363e-15,2.771604119e-13,8.854225726e-14
152.296875,2.395060761e-13,1.27275896e-13,5.075074832e-13,2.955858579e-13,2.812534828e-13,1.401316976e-13,1.152468161e-13,9.764392213e-14,7.113323347e-14,1.377312397e-13,2.481568142e-13,1.350120959e-13,1.160057777e-13,2.837548555e-13,4.187853305e-13,6.067587963e-13,3.540488788e-13,4.327534424e-13,4.691553625e-14,2.795742387e-13,1.027591186e-13,4.934948349e-14,1.10170429e-14,9.082929415e-14,1.286259173e-13,8.513583797e-14,2.379465344e-13,5.865482905e-14,6.774470953e-13,8.740128163e-15,2.694252091e-13,8.773427251e-14
152.3046875,2.38911805e-13,1.266531991e-13,4.96288833e-13,2.936014424e-13,2.838186669e-13,1.378991671e-13,1.133617764e-13,9.725082958e-14,6.988894732e-14,1.390983905e-13,2.446146083e-13,1.317411204e-13,1.139440592e-13,2.816770791e-13,4.094468483e-13,5.890250631e-13,3.435306971e-13,4.322024144e-13,4.574313063e-14,2.736093673e-13,1.032145026e-13,4.817126762e-14,1.096713106e-14,9.003990856e-14,1.262605208e-13,8.335536623e-14,2.286465458e-13,5.892250021e-14,6.58306521e-13,8.788193165e-15,2.617886312e-13,8.690118714e-14
152.3125,2.385223902e-13,1.261052235e-13,4.856128915e-13,2.915573723e-13,2.864478887e-13,1.358768439e-13,1.114910934e-13,9.68255146e-14,6.869190032e-14,1.403492568e-13,2.41266129e-13,1.286233926e-13,1.119934721e-13,2.796874809e-13,4.004043526e-13,5.716466285e-13,3.334232739e-13,4.320478598e-13,4.467521453e-14,2.676966207e-13,1.036958875e-13,4.704817175e-14,1.090335668e-14,8.938306672e-14,1.239209099e-13,8.161209995e-14,2.195386561e-13,5.91347683e-14,6.396122656e-13,8.829366063e-15,2.545351834e-13,8.609844719e-14
152.3203125,2.382834991e-13,1.256168416e-13,4.753034102e-13,2.896644868e-13,2.890117901e-13,1.339854685e-13,1.096670528e-13,9.639502508e-14,6.747168346e-14,1.41535507e-13,2.379346499e-13,1.255815091e-13,1.101713664e-13,2.777704846e-13,3.916933528e-13,5.547410718e-13,3.237411129e-13,4.322759041e-13,4.372497182e-14,2.61998486e-13,1.041117852e-13,4.596070375e-14,1.084544473e-14,8.880329317e-14,1.216471767e-13,7.992402566e-14,2.10742257e-13,5.9241091e-14,6.215861067e-13,8.863428186e-15,2.477194918e-13,8.533943506e-14
152.328125,2.381168558e-13,1.252847396e-13,4.650289475e-13,2.880226922e-13,2.916548394e-13,1.321653976e-13,1.079262035e-13,9.594473607e-14,6.621183999e-14,1.427061444e-13,2.345086712e-13,1.225039004e-13,1.08395424e-13,2.760452479e-13,3.83194568e-13,5.382624111e-13,3.143165793e-13,4.327068123e-13,4.282920276e-14,2.567243998e-13,1.04539594e-13,4.487988559e-14,1.081279822e-14,8.814959922e-14,1.194354795e-13,7.82423999e-14,2.021695946e-13,5.944163764e-14,6.038217087e-13,8.913820741e-15,2.410352323e-13,8.456584468e-14
152.3359375,2.380809065e-13,1.250954766e-13,4.547332055e-13,2.86213941e-13,2.94316532e-13,1.304176238e-13,1.062426321e-13,9.549095923e-14,6.496827451e-14,1.438567902e-13,2.310194926e-13,1.193974321e-13,1.065885601e-13,2.743487352e-13,3.747314644e-13,5.220803183e-13,3.051580731e-13,4.333061452e-13,4.194169744e-14,2.516623683e-13,1.050421865e-13,4.380570529e-14,1.080664519e-14,8.751648785e-14,1.172738187e-13,7.654835353e-14,1.937350734e-13,5.974853129e-14,5.860761969e-13,8.969968814e-15,2.344611924e-13,8.377485224e-14
152.34375,2.382881662e-13,1.24935899e-13,4.44567515e-13,2.84058832e-13,2.967850251e-13,1.287426487e-13,1.045610824e-13,9.508561898e-14,6.374152116e-14,1.448523059e-13,2.276195445e-13,1.1630283e-13,1.047772904e-13,2.726196775e-13,3.664318569e-13,5.062402912e-13,2.965385665e-13,4.34300495e-13,4.109280991e-14,2.464886409e-13,1.056269522e-13,4.275815705e-14,1.082553916e-14,8.702369661e-14,1.151724694e-13,7.486498019e-14,1.855206726e-13,6.000580058e-14,5.686541676e-13,9.013569041e-15,2.282108096e-13,8.299651583e-14
152.3515625,2.386939495e-13,1.246999441e-13,4.347391337e-13,2.820470202e-13,2.993323982e-13,1.272191906e-13,1.028733394e-13,9.471938594e-14,6.251647699e-14,1.456587228e-13,2.243955954e-13,1.132927308e-13,1.031157231e-13,2.712300069e-13,3.586630503e-13,4.910016349e-13,2.885772472e-13,4.358630737e-13,4.034593309e-14,2.414092387e-13,1.063168918e-13,4.175395846e-14,1.085177239e-14,8.655564743e-14,1.131522862e-13,7.322679155e-14,1.775909152e-13,6.019375598e-14,5.517161561e-13,9.061922995e-15,2.223022023e-13,8.222041244e-14
152.359375,2.390836475e-13,1.244072919e-13,4.253611288e-13,2.802928503e-13,3.021596032e-13,1.258862367e-13,1.012079715e-13,9.436856573e-14,6.134995199e-14,1.464133103e-13,2.212834701e-13,1.104589285e-13,1.016611102e-13,2.702319717e-13,3.514435467e-13,4.764933022e-13,2.810628164e-13,4.377729654e-13,3.971008984e-14,2.367789322e-13,1.070865511e-13,4.081093109e-14,1.086526108e-14,8.606736998e-14,1.112174809e-13,7.168111021e-14,1.699273564e-13,6.031140322e-14,5.351844036e-13,9.12270924e-15,2.166939805e-13,8.144847499e-14
152.3671875,2.394333918e-13,1.242196494e-13,4.162298771e-13,2.784635293e-13,3.049404396e-13,1.246513915e-13,9.956208897e-14,9.405261674e-14,6.025013451e-14,1.471438741e-13,2.182405557e-13,1.077366256e-13,1.002463697e-13,2.69209331e-13,3.44394413e-13,4.624909127e-13,2.738289237e-13,4.397384607e-13,3.911880159e-14,2.324952583e-13,1.078842403e-13,3.992428982e-14,1.087790354e-14,8.563485512e-14,1.093158908e-13,7.020345731e-14,1.625274116e-13,6.037279856e-14,5.19034633e-13,9.182780098e-15,2.113478605e-13,8.070153023e-14
152.375,2.399149659e-13,1.242033097e-13,4.071762098e-13,2.765743039e-13,3.075042759e-13,1.234791759e-13,9.792269015e-14,9.375930655e-14,5.912890961e-14,1.478095939e-13,2.152810514e-13,1.049780243e-13,9.87667836e-14,2.680678701e-13,3.373532676e-13,4.488025328e-13,2.669705486e-13,4.418151889e-13,3.853426706e-14,2.283885671e-13,1.087232409e-13,3.905435427e-14,1.091052873e-14,8.520861781e-14,1.074046438e-13,6.871274859e-14,1.554190349e-13,6.049552812e-14,5.032017131e-13,9.248659371e-15,2.061365584e-13,7.996995335e-14
152.3828125,2.405415964e-13,1.242916805e-13,3.984484667e-13,2.747040239e-13,3.100316112e-13,1.224503991e-13,9.632359484e-14,9.345682876e-14,5.798147677e-14,1.483853636e-13,2.123908279e-13,1.022244262e-13,9.734031269e-14,2.670648412e-13,3.30565468e-13,4.355762993e-13,2.605947293e-13,4.442490988e-13,3.800408646e-14,2.245242526e-13,1.09660526e-13,3.819896403e-14,1.09701277e-14,8.47610422e-14,1.055560537e-13,6.72208111e-14,1.485774886e-13,6.067787893e-14,4.876131112e-13,9.321752395e-15,2.010993583e-13,7.924848536e-14
152.390625,2.412633557e-13,1.244348286e-13,3.901283209e-13,2.728443563e-13,3.126386569e-13,1.216057507e-13,9.47890538e-14,9.316803465e-14,5.689090261e-14,1.487554207e-13,2.095305171e-13,9.960451966e-14,9.606080517e-14,2.662688478e-13,3.242454549e-13,4.229582437e-13,2.54688264e-13,4.471867586e-13,3.757023359e-14,2.208455844e-13,1.10702249e-13,3.739692961e-14,1.105544813e-14,8.436334763e-14,1.038444138e-13,6.577914122e-14,1.419184719e-13,6.080228589e-14,4.722643422e-13,9.379947097e-15,1.964325151e-13,7.854285675e-14
152.3984375,2.421138367e-13,1.245601823e-13,3.818934562e-13,2.711712642e-13,3.153139136e-13,1.208815678e-13,9.328506689e-14,9.292962845e-14,5.586617052e-14,1.489738809e-13,2.066541922e-13,9.708086297e-14,9.487860338e-14,2.655679276e-13,3.183194664e-13,4.109162206e-13,2.492298964e-13,4.505050016e-13,3.722198171e-14,2.173294731e-13,1.117814241e-13,3.664345681e-14,1.115056183e-14,8.401570752e-14,1.02215678e-13,6.437768768e-14,1.354654546e-13,6.087251347e-14,4.572348028e-13,9.42916121e-15,1.921034884e-13,7.782309295e-14
152.40625,2.430619032e-13,1.246580347e-13,3.737216849e-13,2.694958621e-13,3.180158831e-13,1.201815119e-13,9.178148899e-14,9.275808422e-14,5.489629773e-14,1.49308063e-13,2.037747377e-13,9.456282603e-14,9.372317598e-14,2.649287002e-13,3.126081672e-13,3.994696415e-13,2.441913692e-13,4.539215515e-13,3.69450639e-14,2.142724191e-13,1.128645443e-13,3.592778162e-14,1.125150479e-14,8.371113929e-14,1.006190566e-13,6.304623966e-14,1.293452125e-13,6.096387921e-14,4.427250122e-13,9.499580395e-15,1.87934038e-13,7.706673405e-14
152.4140625,2.441232039e-13,1.248800222e-13,3.657995952e-13,2.673839649e-13,3.207231374e-13,1.194731072e-13,9.027481558e-14,9.265818215e-14,5.400422864e-14,1.497251e-13,2.009396824e-13,9.207449839e-14,9.255330176e-14,2.643610896e-13,3.070112781e-13,3.885574241e-13,2.395157512e-13,4.574145259e-13,3.674018372e-14,2.11701805e-13,1.139725101e-13,3.527519496e-14,1.138228679e-14,8.344586151e-14,9.908093881e-14,6.182014365e-14,1.235194385e-13,6.110530421e-14,4.286755786e-13,9.587743745e-15,1.839458275e-13,7.629893592e-14
152.421875,2.453917323e-13,1.252932122e-13,3.579795479e-13,2.651204367e-13,3.233835156e-13,1.188136279e-13,8.876133162e-14,9.2604316e-14,5.312980475e-14,1.499707254e-13,1.981096059e-13,8.964747322e-14,9.137919785e-14,2.637806974e-13,3.015549461e-13,3.779600449e-13,2.351988346e-13,4.6115648e-13,3.661156376e-14,2.091690103e-13,1.150887252e-13,3.465280251e-14,1.153477923e-14,8.314300148e-14,9.759666456e-14,6.060507914e-14,1.178187892e-13,6.127599582e-14,4.147200949e-13,9.672769841e-15,1.802262531e-13,7.554287703e-14
152.4296875,2.467635812e-13,1.258100625e-13,3.501728202e-13,2.63179798e-13,3.258770729e-13,1.182669255e-13,8.726184094e-14,9.256441126e-14,5.219563916e-14,1.500579543e-13,1.952575586e-13,8.723750726e-14,9.02731861e-14,2.631142635e-13,2.964181391e-13,3.677693822e-13,2.313214002e-13,4.651937548e-13,3.655782155e-14,2.065557409e-13,1.162011742e-13,3.399302915e-14,1.16793086e-14,8.280734457e-14,9.617230428e-14,5.935538732e-14,1.12243424e-13,6.142110939e-14,4.008877603e-13,9.757514949e-15,1.766656871e-13,7.480280636e-14
152.4375,2.48085982e-13,1.263575703e-13,3.425567962e-13,2.613522338e-13,3.282564535e-13,1.178194248e-13,8.581655518e-14,9.251204626e-14,5.124522167e-14,1.500998255e-13,1.924320725e-13,8.482305409e-14,8.928386765e-14,2.624839437e-13,2.917661481e-13,3.583458081e-13,2.279622023e-13,4.696345467e-13,3.657443651e-14,2.041683334e-13,1.1734479e-13,3.332270106e-14,1.184471852e-14,8.24942263e-14,9.488736215e-14,5.819635274e-14,1.069504071e-13,6.152614984e-14,3.874949679e-13,9.846635559e-15,1.731744848e-13,7.406564973e-14
152.4453125,2.494413862e-13,1.268613021e-13,3.35173075e-13,2.594553477e-13,3.307254354e-13,1.174286635e-13,8.442891938e-14,9.242472592e-14,5.035481747e-14,1.500542983e-13,1.896307266e-13,8.246743197e-14,8.83941965e-14,2.620562108e-13,2.875085603e-13,3.496701762e-13,2.25041681e-13,4.745330119e-13,3.66635265e-14,2.020562048e-13,1.185563463e-13,3.271127019e-14,1.206089515e-14,8.215651252e-14,9.374620291e-14,5.716735632e-14,1.020287849e-13,6.161010525e-14,3.744911434e-13,9.934401533e-15,1.699075614e-13,7.329887905e-14
152.453125,2.509326131e-13,1.272976965e-13,3.279982362e-13,2.577227026e-13,3.332884422e-13,1.171114101e-13,8.306883202e-14,9.236121341e-14,4.954899822e-14,1.498966418e-13,1.868793486e-13,8.022889417e-14,8.755999598e-14,2.617752804e-13,2.834624241e-13,3.41434176e-13,2.223731121e-13,4.795845702e-13,3.680783691e-14,2.00134232e-13,1.19881248e-13,3.216268203e-14,1.228363777e-14,8.18117312e-14,9.265119175e-14,5.617021944e-14,9.739979324e-14,6.166336034e-14,3.617588794e-13,1.002537842e-14,1.669528417e-13,7.252211124e-14
152.4609375,2.524858886e-13,1.27762018e-13,3.210325885e-13,2.561272793e-13,3.358265731e-13,1.168662011e-13,8.1715218e-14,9.240492865e-14,4.88067514e-14,1.496657485e-13,1.842445861e-13,7.806624738e-14,8.675126426e-14,2.614361464e-13,2.796218743e-13,3.336101769e-13,2.199776455e-13,4.846480828e-13,3.698073523e-14,1.985469515e-13,1.21280899e-13,3.163993621e-14,1.248696553e-14,8.155719469e-14,9.158543266e-14,5.521225597e-14,9.291192147e-14,6.171366608e-14,3.493673803e-13,1.012433921e-14,1.641553584e-13,7.179416405e-14
152.46875,2.539896143e-13,1.283105446e-13,3.141704458e-13,2.544855716e-13,3.382772105e-13,1.166427375e-13,8.037241725e-14,9.250458287e-14,4.807188715e-14,1.493723538e-13,1.816658941e-13,7.592412355e-14,8.599912154e-14,2.609652017e-13,2.760429729e-13,3.263633589e-13,2.180801884e-13,4.899145212e-13,3.720668067e-14,1.973173838e-13,1.226218155e-13,3.112050635e-14,1.271644875e-14,8.135817941e-14,9.061815337e-14,5.436554314e-14,8.856757486e-14,6.182122594e-14,3.372450396e-13,1.022462851e-14,1.614551923e-13,7.107814577e-14
152.4765625,2.554764833e-13,1.289322878e-13,3.07419926e-13,2.528804628e-13,3.405574042e-13,1.165017869e-13,7.906343984e-14,9.258783861e-14,4.733011484e-14,1.490116307e-13,1.790954631e-13,7.383022958e-14,8.536765412e-14,2.605154663e-13,2.727415906e-13,3.196927362e-13,2.167335373e-13,4.953580893e-13,3.752081887e-14,1.962499305e-13,1.239289996e-13,3.061659996e-14,1.299346962e-14,8.115312792e-14,8.976047638e-14,5.359645028e-14,8.448519777e-14,6.195848882e-14,3.25386927e-13,1.03213404e-14,1.589440795e-13,7.029656329e-14
152.484375,2.571693335e-13,1.296452531e-13,3.00849454e-13,2.513086943e-13,3.42741415e-13,1.165424551e-13,7.780308585e-14,9.270579073e-14,4.661329679e-14,1.485651237e-13,1.765648926e-13,7.179986116e-14,8.488691632e-14,2.602535042e-13,2.697757995e-13,3.134903737e-13,2.15768522e-13,5.010044724e-13,3.792210709e-14,1.953135207e-13,1.253230618e-13,3.015663012e-14,1.328448206e-14,8.098137113e-14,8.898207183e-14,5.285306627e-14,8.06430195e-14,6.20566137e-14,3.140003716e-13,1.041374278e-14,1.566626427e-13,6.948729451e-14
152.4921875,2.592222445e-13,1.30496594e-13,2.943761053e-13,2.496294379e-13,3.451002976e-13,1.166964946e-13,7.65856899e-14,9.288383721e-14,4.592969925e-14,1.480453416e-13,1.740204133e-13,6.980555061e-14,8.455898552e-14,2.601762474e-13,2.671600114e-13,3.077383077e-13,2.15057952e-13,5.071844919e-13,3.84323752e-14,1.945643089e-13,1.267512688e-13,2.974725987e-14,1.3573644e-14,8.084978908e-14,8.830076308e-14,5.214623362e-14,7.696342458e-14,6.214216269e-14,3.030388323e-13,1.051102525e-14,1.546901121e-13,6.871628669e-14
152.5,2.614523904e-13,1.314670257e-13,2.880745893e-13,2.479482898e-13,3.476355946e-13,1.168953397e-13,7.540552711e-14,9.306625749e-14,4.530094132e-14,1.47533614e-13,1.714783264e-13,6.787929479e-14,8.434273719e-14,2.602114005e-13,2.648447788e-13,3.025296168e-13,2.146402285e-13,5.138720562e-13,3.906828907e-14,1.93929123e-13,1.281319436e-13,2.938185496e-14,1.38845898e-14,8.071435704e-14,8.775030089e-14,5.149429768e-14,7.346959529e-14,6.227593086e-14,2.922690554e-13,1.062754057e-14,1.530724945e-13,6.795634375e-14
152.5078125,2.636045171e-13,1.323368993e-13,2.820562416e-13,2.464216216e-13,3.500227194e-13,1.171709844e-13,7.426201423e-14,9.326400363e-14,4.473062689e-14,1.4707014e-13,1.690313293e-13,6.603790748e-14,8.415668653e-14,2.602495937e-13,2.628676121e-13,2.979387798e-13,2.146389663e-13,5.206904224e-13,3.978190103e-14,1.934140298e-13,1.294641404e-13,2.904676239e-14,1.423050053e-14,8.056448041e-14,8.732041175e-14,5.091973243e-14,7.017402794e-14,6.240154278e-14,2.817143546e-13,1.074794796e-14,1.516656887e-13,6.717072707e-14
152.515625,2.657356486e-13,1.330289758e-13,2.760907306e-13,2.450010319e-13,3.520989807e-13,1.174524186e-13,7.315000813e-14,9.353925476e-14,4.415318118e-14,1.465915579e-13,1.666052666e-13,6.420587204e-14,8.397396166e-14,2.601255594e-13,2.612392737e-13,2.938790576e-13,2.150186757e-13,5.274886433e-13,4.053658357e-14,1.931550264e-13,1.307282915e-13,2.871863384e-14,1.459138187e-14,8.03996981e-14,8.697305153e-14,5.044094582e-14,6.709785794e-14,6.246556503e-14,2.71508793e-13,1.084921587e-14,1.504212205e-13,6.637505539e-14
152.5234375,2.680316071e-13,1.33936095e-13,2.70133864e-13,2.436156369e-13,3.53989017e-13,1.176638134e-13,7.205380639e-14,9.389120669e-14,4.357351758e-14,1.459894123e-13,1.642092615e-13,6.236949793e-14,8.381754149e-14,2.598753995e-13,2.598390573e-13,2.902145633e-13,2.155872908e-13,5.343178051e-13,4.132531813e-14,1.931761548e-13,1.320029177e-13,2.840961295e-14,1.49602796e-14,8.021837043e-14,8.667806402e-14,5.004013334e-14,6.428981421e-14,6.258430289e-14,2.616547758e-13,1.095326877e-14,1.494343743e-13,6.559425524e-14
152.53125,2.704242342e-13,1.351330851e-13,2.644964462e-13,2.422083959e-13,3.558451056e-13,1.178975424e-13,7.09492286e-14,9.42710335e-14,4.307021331e-14,1.451790867e-13,1.619916229e-13,6.061936397e-14,8.371207974e-14,2.597309341e-13,2.586576597e-13,2.870157711e-13,2.164207064e-13,5.413904869e-13,4.214992952e-14,1.934016651e-13,1.33400951e-13,2.815352346e-14,1.536619883e-14,8.004845664e-14,8.644066069e-14,4.970402246e-14,6.168535004e-14,6.277612945e-14,2.52152397e-13,1.108056612e-14,1.486661764e-13,6.4841946e-14
152.5390625,2.727313291e-13,1.361148334e-13,2.591005326e-13,2.407424614e-13,3.577186257e-13,1.182072433e-13,6.984305497e-14,9.465046884e-14,4.263753853e-14,1.441939089e-13,1.598023679e-13,5.899009203e-14,8.371714456e-14,2.596993014e-13,2.578231503e-13,2.844526765e-13,2.177898036e-13,5.489264386e-13,4.30871433e-14,1.938373301e-13,1.348306032e-13,2.794067977e-14,1.581610072e-14,7.993196928e-14,8.631004503e-14,4.944745293e-14,5.924612841e-14,6.28395032e-14,2.430376437e-13,1.120380229e-14,1.48092574e-13,6.411010906e-14
152.546875,2.75024669e-13,1.369692625e-13,2.536654652e-13,2.393539519e-13,3.59550546e-13,1.185460502e-13,6.878391235e-14,9.504398186e-14,4.223296745e-14,1.431689521e-13,1.574531584e-13,5.742612947e-14,8.38544893e-14,2.595834952e-13,2.573483371e-13,2.824963832e-13,2.196216082e-13,5.567064522e-13,4.418864745e-14,1.945262448e-13,1.361883948e-13,2.774526107e-14,1.627715009e-14,7.987497692e-14,8.631688983e-14,4.928612415e-14,5.705570349e-14,6.279624224e-14,2.342532457e-13,1.130868643e-14,1.477779484e-13,6.337754851e-14
152.5546875,2.774575086e-13,1.382090695e-13,2.48373685e-13,2.381781182e-13,3.611887795e-13,1.189287456e-13,6.778709008e-14,9.546330798e-14,4.18373877e-14,1.421528628e-13,1.55142955e-13,5.588200178e-14,8.405621694e-14,2.593274502e-13,2.571718634e-13,2.810264659e-13,2.217160755e-13,5.644596717e-13,4.534336508e-14,1.954045754e-13,1.375343498e-13,2.755724333e-14,1.674082024e-14,7.983768726e-14,8.642483697e-14,4.922475103e-14,5.509535224e-14,6.288426269e-14,2.257150615e-13,1.141474981e-14,1.476311293e-13,6.264216681e-14
152.5625,2.799584002e-13,1.39584183e-13,2.43392697e-13,2.371266668e-13,3.62556323e-13,1.19378755e-13,6.681723794e-14,9.588304537e-14,4.142190238e-14,1.410962681e-13,1.530189616e-13,5.437345763e-14,8.430534402e-14,2.590111346e-13,2.572695788e-13,2.800113483e-13,2.241631685e-13,5.72364029e-13,4.646754035e-14,1.963819418e-13,1.389033773e-13,2.737108883e-14,1.723771392e-14,7.979762512e-14,8.659886228e-14,4.923840758e-14,5.331627211e-14,6.305705357e-14,2.174550588e-13,1.152327609e-14,1.475693622e-13,6.190408564e-14
152.5703125,2.824669623e-13,1.407385745e-13,2.38492036e-13,2.360161596e-13,3.638025166e-13,1.198595027e-13,6.586858522e-14,9.630286306e-14,4.102134778e-14,1.400530483e-13,1.509471878e-13,5.29346804e-14,8.463014057e-14,2.587274842e-13,2.575386428e-13,2.793249784e-13,2.269466876e-13,5.805198729e-13,4.763568866e-14,1.9753225e-13,1.402691246e-13,2.721231608e-14,1.778562169e-14,7.977336707e-14,8.684884731e-14,4.928668264e-14,5.177153383e-14,6.315010449e-14,2.095082501e-13,1.163128685e-14,1.476859774e-13,6.115672352e-14
152.578125,2.850373568e-13,1.418886855e-13,2.336271348e-13,2.347239044e-13,3.650993519e-13,1.203300547e-13,6.496246311e-14,9.67674882e-14,4.070784716e-14,1.391244081e-13,1.48877015e-13,5.155074918e-14,8.496861966e-14,2.585265625e-13,2.578377795e-13,2.78765423e-13,2.297878647e-13,5.887121643e-13,4.887960944e-14,1.989357493e-13,1.416379783e-13,2.710999359e-14,1.836397314e-14,7.976827777e-14,8.716720367e-14,4.935606428e-14,5.03828371e-14,6.323434062e-14,2.018297349e-13,1.17586195e-14,1.480055538e-13,6.041791126e-14
152.5859375,2.875508821e-13,1.43047765e-13,2.290202031e-13,2.333388155e-13,3.663585887e-13,1.207853706e-13,6.40854365e-14,9.72922815e-14,4.045891927e-14,1.382021083e-13,1.468702026e-13,5.019504512e-14,8.526751883e-14,2.583480995e-13,2.58227415e-13,2.784211281e-13,2.327086365e-13,5.968732991e-13,5.014425636e-14,2.004285923e-13,1.430421552e-13,2.703818071e-14,1.89407273e-14,7.975280804e-14,8.752751912e-14,4.944558755e-14,4.90162764e-14,6.336168652e-14,1.94476975e-13,1.190440932e-14,1.484614399e-13,5.97065012e-14
152.59375,2.899288385e-13,1.441752855e-13,2.246207299e-13,2.321593799e-13,3.673931991e-13,1.212746332e-13,6.321991366e-14,9.786344334e-14,4.020564937e-14,1.37094785e-13,1.449444086e-13,4.88834327e-14,8.560228131e-14,2.581082509e-13,2.589425018e-13,2.786029229e-13,2.360516473e-13,6.051207403e-13,5.145417295e-14,2.019099635e-13,1.44498965e-13,2.696278582e-14,1.951243998e-14,7.970293841e-14,8.794511379e-14,4.957458681e-14,4.776651058e-14,6.347231989e-14,1.875315106e-13,1.204142986e-14,1.490331263e-13,5.901428182e-14
152.6015625,2.924557171e-13,1.456091714e-13,2.202636842e-13,2.312635218e-13,3.682820766e-13,1.218391474e-13,6.238935998e-14,9.847007926e-14,3.991657377e-14,1.35859547e-13,1.430927159e-13,4.762714356e-14,8.607966762e-14,2.578544417e-13,2.600881255e-13,2.793934786e-13,2.399166544e-13,6.135922264e-13,5.288666659e-14,2.035666931e-13,1.459291016e-13,2.688633277e-14,2.009095981e-14,7.961898615e-14,8.845346601e-14,4.97983638e-14,4.676129103e-14,6.36212153e-14,1.80878052e-13,1.217159314e-14,1.497321684e-13,5.833295525e-14
152.609375,2.953094807e-13,1.472886029e-13,2.161081273e-13,2.304452802e-13,3.692897698e-13,1.224730882e-13,6.161788594e-14,9.907927274e-14,3.961226226e-14,1.34654168e-13,1.412854798e-13,4.643534712e-14,8.672807803e-14,2.57742887e-13,2.615371324e-13,2.805994254e-13,2.440662137e-13,6.223868223e-13,5.443318335e-14,2.054238988e-13,1.472491425e-13,2.683103509e-14,2.066854333e-14,7.95062243e-14,8.905842419e-14,5.012080905e-14,4.596249875e-14,6.386598668e-14,1.744693519e-13,1.232266355e-14,1.506250658e-13,5.765896013e-14
152.6171875,2.982508761e-13,1.488241949e-13,2.122740863e-13,2.296833203e-13,3.704309839e-13,1.231806761e-13,6.088616401e-14,9.968130973e-14,3.937257376e-14,1.334274367e-13,1.395069311e-13,4.533453945e-14,8.747804567e-14,2.578154322e-13,2.631568856e-13,2.820807348e-13,2.482982223e-13,6.31382568e-13,5.600978096e-14,2.073196186e-13,1.485301083e-13,2.682765851e-14,2.125101014e-14,7.937729053e-14,8.974695855e-14,5.048438138e-14,4.529682469e-14,6.41325542e-14,1.684265905e-13,1.249709678e-14,1.51745006e-13,5.698903271e-14
152.625,3.011228051e-13,1.502844857e-13,2.084733582e-13,2.290318761e-13,3.714265031e-13,1.23915606e-13,6.015823263e-14,1.003320674e-13,3.922735171e-14,1.321056729e-13,1.37724857e-13,4.428847141e-14,8.824372185e-14,2.578474055e-13,2.649279393e-13,2.838663599e-13,2.526504964e-13,6.403658307e-13,5.758424511e-14,2.093682041e-13,1.497918218e-13,2.687386357e-14,2.18744651e-14,7.929241228e-14,9.049759038e-14,5.088424619e-14,4.472788228e-14,6.436828877e-14,1.626536151e-13,1.267069618e-14,1.530165614e-13,5.632837091e-14
152.6328125,3.040389374e-13,1.518123077e-13,2.045521218e-13,2.283431007e-13,3.721375447e-13,1.246141203e-13,5.944026801e-14,1.010316377e-13,3.909434416e-14,1.307841334e-13,1.358502584e-13,4.323970321e-14,8.905122394e-14,2.576840306e-13,2.668502299e-13,2.859651919e-13,2.572463379e-13,6.493331083e-13,5.922729947e-14,2.116324748e-13,1.509218657e-13,2.693268245e-14,2.254427533e-14,7.92733563e-14,9.130247425e-14,5.134378972e-14,4.427174168e-14,6.459380287e-14,1.570205359e-13,1.283018929e-14,1.544276512e-13,5.567121707e-14
152.640625,3.069736428e-13,1.533003327e-13,2.008313742e-13,2.276175699e-13,3.726633032e-13,1.253583633e-13,5.87725693e-14,1.016873578e-13,3.891419031e-14,1.294793457e-13,1.339788033e-13,4.222739006e-14,8.997100143e-14,2.575399117e-13,2.689724091e-13,2.883053601e-13,2.621055992e-13,6.583822832e-13,6.097340301e-14,2.137876238e-13,1.519767448e-13,2.70010118e-14,2.322845363e-14,7.920029061e-14,9.218347964e-14,5.182506922e-14,4.395613794e-14,6.48124857e-14,1.517383306e-13,1.298733479e-14,1.559917477e-13,5.501536854e-14
152.6484375,3.097898333e-13,1.547791894e-13,1.974703815e-13,2.269649735e-13,3.730173767e-13,1.261931756e-13,5.815155828e-14,1.022839516e-13,3.871341787e-14,1.280987436e-13,1.323467006e-13,4.129652494e-14,9.094833731e-14,2.57526768e-13,2.71340135e-13,2.908536095e-13,2.671592068e-13,6.675082414e-13,6.274499454e-14,2.157301851e-13,1.530916649e-13,2.709596625e-14,2.391430742e-14,7.902274117e-14,9.314022224e-14,5.229028609e-14,4.371438953e-14,6.501938066e-14,1.468765591e-13,1.315848461e-14,1.576564686e-13,5.439209865e-14
152.65625,3.126737471e-13,1.56355513e-13,1.941956676e-13,2.262122186e-13,3.731983911e-13,1.270142063e-13,5.753079853e-14,1.028907971e-13,3.854796212e-14,1.26702007e-13,1.308728606e-13,4.042453566e-14,9.189656342e-14,2.574298844e-13,2.737977284e-13,2.935701007e-13,2.722994366e-13,6.766178404e-13,6.452753138e-14,2.177474997e-13,1.541878931e-13,2.722592506e-14,2.461710242e-14,7.889130961e-14,9.412984793e-14,5.276137105e-14,4.350659015e-14,6.525997703e-14,1.421617315e-13,1.334082115e-14,1.595208454e-13,5.380862059e-14
152.6640625,3.159142068e-13,1.580241593e-13,1.909362263e-13,2.253281861e-13,3.734018519e-13,1.278685978e-13,5.690991458e-14,1.034966474e-13,3.845311831e-14,1.253624264e-13,1.293088431e-13,3.962027981e-14,9.287985708e-14,2.572842564e-13,2.762448747e-13,2.964318553e-13,2.774948804e-13,6.856886939e-13,6.639854422e-14,2.199960778e-13,1.551852651e-13,2.741218708e-14,2.534751742e-14,7.885254867e-14,9.513594533e-14,5.327028831e-14,4.342020269e-14,6.55728664e-14,1.376139313e-13,1.352369796e-14,1.616798349e-13,5.322680626e-14
152.671875,3.192987671e-13,1.59716697e-13,1.879656311e-13,2.246401383e-13,3.736759505e-13,1.288615262e-13,5.633258001e-14,1.040639387e-13,3.838874081e-14,1.239780828e-13,1.277234652e-13,3.890526232e-14,9.399032327e-14,2.573301504e-13,2.78921755e-13,2.996217751e-13,2.829173704e-13,6.948726708e-13,6.832478419e-14,2.224607129e-13,1.561699984e-13,2.763572752e-14,2.60837617e-14,7.87842057e-14,9.618384264e-14,5.382008969e-14,4.348551662e-14,6.589598914e-14,1.334948528e-13,1.371296732e-14,1.638982531e-13,5.264297837e-14
152.6796875,3.224543067e-13,1.613167656e-13,1.853027564e-13,2.241587864e-13,3.737752479e-13,1.298707932e-13,5.580950831e-14,1.04650005e-13,3.830752553e-14,1.225460238e-13,1.262551777e-13,3.824146073e-14,9.517397504e-14,2.574603261e-13,2.819635339e-13,3.032775051e-13,2.886629701e-13,7.042426172e-13,7.023147999e-14,2.250354065e-13,1.571473489e-13,2.7848112e-14,2.679863274e-14,7.87024478e-14,9.728873261e-14,5.439619712e-14,4.363259075e-14,6.616148489e-14,1.297372189e-13,1.391262916e-14,1.660229915e-13,5.208205682e-14
152.6875,3.255752812e-13,1.628835361e-13,1.826622964e-13,2.236330413e-13,3.736416006e-13,1.308255673e-13,5.532203156e-14,1.052895498e-13,3.825333019e-14,1.212099128e-13,1.247822729e-13,3.760186576e-14,9.636514479e-14,2.575033412e-13,2.851557522e-13,3.072140028e-13,2.945479389e-13,7.136476163e-13,7.219039435e-14,2.275284959e-13,1.580136687e-13,2.807986548e-14,2.752231862e-14,7.868585371e-14,9.846144913e-14,5.500457742e-14,4.384301071e-14,6.640758757e-14,1.261766126e-13,1.410928097e-14,1.682916923e-13,5.153155761e-14
152.6953125,3.289782751e-13,1.64634059e-13,1.799515435e-13,2.231666585e-13,3.734712511e-13,1.318119417e-13,5.485910687e-14,1.05918055e-13,3.824836656e-14,1.199319924e-13,1.232254769e-13,3.69905618e-14,9.758748911e-14,2.575395341e-13,2.8835717e-13,3.112683186e-13,3.004670826e-13,7.230217118e-13,7.425231088e-14,2.299958521e-13,1.58782835e-13,2.836747283e-14,2.829437657e-14,7.865481606e-14,9.971527219e-14,5.56666737e-14,4.415642238e-14,6.667733176e-14,1.228511288e-13,1.430321933e-14,1.708284073e-13,5.097369443e-14
152.703125,3.324633357e-13,1.665554887e-13,1.772773331e-13,2.228872552e-13,3.733218714e-13,1.327772142e-13,5.440307188e-14,1.064941125e-13,3.823751041e-14,1.185998096e-13,1.216867219e-13,3.640243157e-14,9.880994065e-14,2.575442337e-13,2.915497282e-13,3.154100842e-13,3.064282955e-13,7.32411474e-13,7.632879355e-14,2.325967329e-13,1.595393137e-13,2.866797541e-14,2.908216367e-14,7.855579992e-14,1.010151251e-13,5.634966503e-14,4.458483895e-14,6.696451852e-14,1.197371812e-13,1.450674736e-14,1.734608965e-13,5.042167987e-14
152.7109375,3.358182651e-13,1.684612433e-13,1.746769153e-13,2.226352008e-13,3.731507133e-13,1.336842543e-13,5.393965472e-14,1.0705526e-13,3.821948796e-14,1.172937022e-13,1.202024754e-13,3.586897388e-14,9.999537453e-14,2.574414307e-13,2.947051422e-13,3.195518928e-13,3.123116278e-13,7.417936509e-13,7.840755439e-14,2.351843571e-13,1.602597337e-13,2.897504405e-14,2.98528685e-14,7.846649058e-14,1.023108757e-13,5.698999899e-14,4.507644476e-14,6.726769936e-14,1.167831536e-13,1.47111871e-14,1.761459778e-13,4.988899184e-14
152.71875,3.391535413e-13,1.702314151e-13,1.722347853e-13,2.224170558e-13,3.729871778e-13,1.346975304e-13,5.350453137e-14,1.076699479e-13,3.823665532e-14,1.160747497e-13,1.187692337e-13,3.543997752e-14,1.012718848e-13,2.574315915e-13,2.980524298e-13,3.238780935e-13,3.182693922e-13,7.512577706e-13,8.057887926e-14,2.377213283e-13,1.608748429e-13,2.932124312e-14,3.06304962e-14,7.842404806e-14,1.036449448e-13,5.760472032e-14,4.559915542e-14,6.755594556e-14,1.141053755e-13,1.491102142e-14,1.790364776e-13,4.937960409e-14
152.7265625,3.425417152e-13,1.718820513e-13,1.700776715e-13,2.223159124e-13,3.72798819e-13,1.358463147e-13,5.314763866e-14,1.083807222e-13,3.828876604e-14,1.148746015e-13,1.174452885e-13,3.509496961e-14,1.027332123e-13,2.576646185e-13,3.018688982e-13,3.287581856e-13,3.247330692e-13,7.609490469e-13,8.285383442e-14,2.404851615e-13,1.613788134e-13,2.968320982e-14,3.14184549e-14,7.841259346e-14,1.050984261e-13,5.827587558e-14,4.623043248e-14,6.780081574e-14,1.11770694e-13,1.512349852e-14,1.822319356e-13,4.889729668e-14
152.734375,3.460826202e-13,1.736227409e-13,1.680556533e-13,2.221208912e-13,3.724790016e-13,1.369365873e-13,5.284054792e-14,1.09130212e-13,3.836704641e-14,1.137268587e-13,1.161946129e-13,3.477965831e-14,1.04238419e-13,2.579419405e-13,3.059560016e-13,3.340196415e-13,3.31573095e-13,7.707272438e-13,8.520219344e-14,2.434594242e-13,1.618043597e-13,3.005910905e-14,3.219603805e-14,7.842544036e-14,1.066328421e-13,5.902900568e-14,4.700505941e-14,6.804637833e-14,1.09697254e-13,1.53524007e-14,1.857022133e-13,4.84449137e-14
152.7421875,3.498622643e-13,1.755470327e-13,1.659497836e-13,2.217412293e-13,3.720023844e-13,1.379055847e-13,5.250995073e-14,1.097951716e-13,3.846066352e-14,1.126986313e-13,1.149165223e-13,3.448358832e-14,1.056499017e-13,2.580548112e-13,3.099576054e-13,3.391750899e-13,3.38225579e-13,7.803071659e-13,8.762099531e-14,2.463127782e-13,1.62238568e-13,3.048476376e-14,3.297869985e-14,7.842684071e-14,1.081372374e-13,5.979369194e-14,4.782687217e-14,6.83253262e-14,1.078178072e-13,1.55871246e-14,1.892780306e-13,4.80224783e-14
152.75,3.536201493e-13,1.775048594e-13,1.639039908e-13,2.214041229e-13,3.714539253e-13,1.38906776e-13,5.21631138e-14,1.103271187e-13,3.854787033e-14,1.116940529e-13,1.13648779e-13,3.423744681e-14,1.070262099e-13,2.580911338e-13,3.13880102e-13,3.441547944e-13,3.446080683e-13,7.895968187e-13,9.008117682e-14,2.489499002e-13,1.627559277e-13,3.093738295e-14,3.378207613e-14,7.839738141e-14,1.095955436e-13,6.048987478e-14,4.8670418e-14,6.863820547e-14,1.061180491e-13,1.58278736e-14,1.928073797e-13,4.761476222e-14
152.7578125,3.572754448e-13,1.795427736e-13,1.620952548e-13,2.211885843e-13,3.709364465e-13,1.400507897e-13,5.186705731e-14,1.107823327e-13,3.864302016e-14,1.106136271e-13,1.124519626e-13,3.407882185e-14,1.084702763e-13,2.582893627e-13,3.179311389e-13,3.491755824e-13,3.51003918e-13,7.987511334e-13,9.258569295e-14,2.515645891e-13,1.632234945e-13,3.14021503e-14,3.457999974e-14,7.838487058e-14,1.110544451e-13,6.112285819e-14,4.958509559e-14,6.899442243e-14,1.046370739e-13,1.607134039e-14,1.96421486e-13,4.72111566e-14
152.765625,3.611113749e-13,1.816530892e-13,1.603856195e-13,2.210157094e-13,3.704048883e-13,1.412816168e-13,5.163308966e-14,1.11241064e-13,3.876204391e-14,1.095162253e-13,1.112643376e-13,3.399277903e-14,1.099783782e-13,2.586964779e-13,3.22230814e-13,3.543947278e-13,3.574882043e-13,8.079479413e-13,9.517419868e-14,2.543370934e-13,1.634704476e-13,3.191396154e-14,3.534486314e-14,7.841428789e-14,1.125123296e-13,6.175050442e-14,5.055132607e-14,6.934124596e-14,1.033855583e-13,1.631098282e-14,2.003068968e-13,4.683141293e-14
152.7734375,3.649201179e-13,1.834347085e-13,1.587053183e-13,2.209257136e-13,3.697233944e-13,1.425457845e-13,5.143409536e-14,1.117353273e-13,3.887933781e-14,1.085181336e-13,1.100866678e-13,3.391409508e-14,1.114815717e-13,2.591137204e-13,3.267231765e-13,3.598212248e-13,3.640016346e-13,8.17075326e-13,9.779081273e-14,2.572160528e-13,1.636056273e-13,3.245292828e-14,3.609029385e-14,7.844689266e-14,1.139642214e-13,6.239524763e-14,5.158096508e-14,6.962511678e-14,1.02248686e-13,1.655563106e-14,2.043173238e-13,4.647042112e-14
152.78125,3.684247869e-13,1.8496465e-13,1.571850766e-13,2.209459973e-13,3.689905899e-13,1.438967072e-13,5.126489263e-14,1.122337026e-13,3.899941382e-14,1.076471255e-13,1.090363027e-13,3.384733328e-14,1.129788441e-13,2.594934106e-13,3.312428832e-13,3.652648088e-13,3.705240065e-13,8.259562833e-13,1.003773604e-13,2.600318575e-13,1.63780127e-13,3.299079312e-14,3.684908464e-14,7.846767612e-14,1.154292218e-13,6.305298616e-14,5.270266897e-14,6.992750336e-14,1.012143926e-13,1.681122376e-14,2.082759089e-13,4.609307654e-14
152.7890625,3.721200022e-13,1.868592707e-13,1.557980474e-13,2.210065761e-13,3.683757513e-13,1.453322828e-13,5.111922542e-14,1.127156704e-13,3.916369589e-14,1.06805654e-13,1.081098674e-13,3.386291976e-14,1.145304513e-13,2.600261238e-13,3.35778194e-13,3.70623873e-13,3.770492508e-13,8.34711912e-13,1.030054307e-13,2.628067833e-13,1.638744391e-13,3.357262015e-14,3.761909131e-14,7.850458191e-14,1.168862262e-13,6.372814936e-14,5.383485341e-14,7.030823993e-14,1.004257689e-13,1.707108453e-14,2.123184766e-13,4.573132317e-14
152.796875,3.761094237e-13,1.889765528e-13,1.543848137e-13,2.21066035e-13,3.676484695e-13,1.467538131e-13,5.098957544e-14,1.131968622e-13,3.935677048e-14,1.059063645e-13,1.071569026e-13,3.394873833e-14,1.160951559e-13,2.606347553e-13,3.404328958e-13,3.760217725e-13,3.835587291e-13,8.433108245e-13,1.057073814e-13,2.656217646e-13,1.637317682e-13,3.420218746e-14,3.836977019e-14,7.854161047e-14,1.183099988e-13,6.442034327e-14,5.496030315e-14,7.063932139e-14,9.981385038e-14,1.733114717e-14,2.165381596e-13,4.543384869e-14
152.8046875,3.797430458e-13,1.907055022e-13,1.529280472e-13,2.211212189e-13,3.665548006e-13,1.481375757e-13,5.087155745e-14,1.136436992e-13,3.952917372e-14,1.049872448e-13,1.061380971e-13,3.404927786e-14,1.175874879e-13,2.610400104e-13,3.451154645e-13,3.814223483e-13,3.899708994e-13,8.51440708e-13,1.08425816e-13,2.684023167e-13,1.63426234e-13,3.482412172e-14,3.90893323e-14,7.853919711e-14,1.197104461e-13,6.511162292e-14,5.617451225e-14,7.084365617e-14,9.921672229e-14,1.758956556e-14,2.208185166e-13,4.513966196e-14
152.8125,3.832745254e-13,1.92336264e-13,1.515757898e-13,2.211759384e-13,3.654099097e-13,1.495440425e-13,5.073692152e-14,1.140084382e-13,3.968815334e-14,1.041027576e-13,1.052126128e-13,3.419521576e-14,1.190687091e-13,2.614304439e-13,3.49704152e-13,3.866638727e-13,3.962446684e-13,8.592755385e-13,1.111919595e-13,2.711479467e-13,1.631469337e-13,3.545656441e-14,3.977796423e-14,7.852873527e-14,1.210679381e-13,6.575581542e-14,5.744421029e-14,7.113295448e-14,9.879253227e-14,1.785423766e-14,2.251694613e-13,4.478820021e-14
152.8203125,3.874173956e-13,1.944205739e-13,1.504834961e-13,2.21224161e-13,3.645694913e-13,1.510193609e-13,5.059228106e-14,1.143404165e-13,3.986035179e-14,1.032661336e-13,1.044881755e-13,3.441628995e-14,1.206168971e-13,2.621849608e-13,3.543147611e-13,3.91815081e-13,4.024754359e-13,8.672615897e-13,1.140542182e-13,2.739066047e-13,1.629320599e-13,3.614239437e-14,4.043192667e-14,7.852993461e-14,1.223707725e-13,6.63180194e-14,5.868507905e-14,7.167801336e-14,9.872087412e-14,1.814458825e-14,2.296796884e-13,4.444419821e-14
152.828125,3.916565167e-13,1.965030667e-13,1.495880722e-13,2.212806465e-13,3.638022678e-13,1.525556414e-13,5.050115162e-14,1.147066275e-13,4.003847131e-14,1.025100115e-13,1.038280875e-13,3.466583902e-14,1.221549094e-13,2.631058039e-13,3.590152994e-13,3.969708985e-13,4.086841619e-13,8.751760183e-13,1.169510003e-13,2.765819197e-13,1.626086337e-13,3.685179179e-14,4.105305779e-14,7.848203238e-14,1.236683255e-13,6.683935461e-14,5.995221543e-14,7.223332681e-14,9.885193565e-14,1.8454e-14,2.342732428e-13,4.416002568e-14
152.8359375,3.953885814e-13,1.980055957e-13,1.486653768e-13,2.213858107e-13,3.627968927e-13,1.54056092e-13,5.046270797e-14,1.150698943e-13,4.022984388e-14,1.018164602e-13,1.03058809e-13,3.492954985e-14,1.236004594e-13,2.638467389e-13,3.636551322e-13,4.020219372e-13,4.147523775e-13,8.825438826e-13,1.19853322e-13,2.791711263e-13,1.620661797e-13,3.756763757e-14,4.164745045e-14,7.840984888e-14,1.249550616e-13,6.736837099e-14,6.12914063e-14,7.254736646e-14,9.905514633e-14,1.87514508e-14,2.388646698e-13,4.389189325e-14
152.84375,3.991637253e-13,1.993941648e-13,1.477002598e-13,2.214345301e-13,3.616676551e-13,1.55457211e-13,5.041839702e-14,1.153601029e-13,4.045104995e-14,1.011142034e-13,1.022237369e-13,3.523249327e-14,1.250008233e-13,2.645717982e-13,3.682153036e-13,4.069577101e-13,4.20668985e-13,8.895141778e-13,1.228059973e-13,2.818027078e-13,1.613911218e-13,3.831566595e-14,4.223918525e-14,7.840986223e-14,1.261786059e-13,6.789965179e-14,6.26713452e-14,7.282177745e-14,9.939403083e-14,1.903820825e-14,2.434757185e-13,4.362730319e-14
152.8515625,4.033328896e-13,2.012235155e-13,1.468517294e-13,2.213261503e-13,3.605703113e-13,1.568637255e-13,5.03770891e-14,1.156011857e-13,4.068979588e-14,1.004106789e-13,1.014474401e-13,3.557049391e-14,1.264468044e-13,2.65480335e-13,3.729092368e-13,4.120060212e-13,4.265316706e-13,8.96443104e-13,1.25815882e-13,2.845112634e-13,1.606509615e-13,3.908924705e-14,4.284217469e-14,7.842779088e-14,1.273823261e-13,6.844553881e-14,6.41053681e-14,7.326025275e-14,9.987641917e-14,1.933806131e-14,2.481533565e-13,4.341120662e-14
152.859375,4.075271584e-13,2.031433052e-13,1.46120038e-13,2.212989403e-13,3.594169468e-13,1.583530652e-13,5.036080011e-14,1.158860915e-13,4.096470489e-14,9.973990694e-14,1.007430596e-13,3.597078823e-14,1.2793417e-13,2.664607655e-13,3.777666812e-13,4.171867498e-13,4.322933391e-13,9.031732178e-13,1.288797575e-13,2.87257128e-13,1.598695856e-13,3.988395063e-14,4.33990376e-14,7.838607962e-14,1.285954326e-13,6.899074277e-14,6.558409426e-14,7.372166483e-14,1.00513516e-13,1.963761929e-14,2.529551434e-13,4.324707346e-14
152.8671875,4.116547958e-13,2.047427956e-13,1.454063889e-13,2.214797872e-13,3.581377847e-13,1.598252447e-13,5.033303097e-14,1.162180225e-13,4.129497356e-14,9.908849495e-14,1.000866211e-13,3.645847374e-14,1.293206054e-13,2.674532715e-13,3.824803191e-13,4.221016054e-13,4.37762922e-13,9.093453791e-13,1.319676443e-13,2.898317649e-13,1.591027504e-13,4.071205526e-14,4.387225486e-14,7.837686052e-14,1.297239775e-13,6.942845484e-14,6.702185079e-14,7.413637823e-14,1.013661399e-13,1.991511887e-14,2.578398563e-13,4.309936543e-14
152.875,4.157880848e-13,2.06327666e-13,1.446779039e-13,2.215585443e-13,3.567781128e-13,1.611942258e-13,5.02916684e-14,1.164820139e-13,4.160274585e-14,9.848620794e-14,9.950310516e-14,3.694618001e-14,1.305129779e-13,2.684077642e-13,3.868894815e-13,4.265706997e-13,4.429034493e-13,9.150526192e-13,1.349879222e-13,2.920453859e-13,1.583015416e-13,4.153375554e-14,4.433695195e-14,7.844031041e-14,1.307462473e-13,6.973439368e-14,6.840845145e-14,7.461409614e-14,1.023031651e-13,2.020402651e-14,2.626745283e-13,4.295076313e-14
152.8828125,4.198251012e-13,2.083283853e-13,1.439638874e-13,2.215358025e-13,3.553669211e-13,1.625209386e-13,5.027819451e-14,1.166500556e-13,4.184329237e-14,9.796803961e-14,9.904612001e-14,3.737660429e-14,1.316348162e-13,2.692389035e-13,3.912894363e-13,4.309659485e-13,4.479358738e-13,9.206240502e-13,1.379587645e-13,2.942749822e-13,1.574047386e-13,4.232911784e-14,4.483564384e-14,7.84834102e-14,1.317544624e-13,7.000876108e-14,6.982081996e-14,7.516340234e-14,1.032102482e-13,2.054289893e-14,2.675176251e-13,4.280407757e-14
152.890625,4.238879944e-13,2.106412825e-13,1.433975556e-13,2.217898787e-13,3.539455229e-13,1.639428682e-13,5.029509924e-14,1.168299571e-13,4.210562953e-14,9.748760811e-14,9.873892381e-14,3.78432816e-14,1.328192571e-13,2.702081657e-13,3.959572781e-13,4.354927673e-13,4.530068312e-13,9.259895944e-13,1.410035008e-13,2.96906394e-13,1.564827508e-13,4.316394208e-14,4.529449571e-14,7.850414309e-14,1.327497483e-13,7.02766213e-14,7.127242907e-14,7.57738796e-14,1.042712233e-13,2.090299897e-14,2.725245074e-13,4.266770943e-14
152.8984375,4.28140963e-13,2.127850339e-13,1.430499723e-13,2.222191731e-13,3.525865652e-13,1.655277179e-13,5.033109593e-14,1.170513824e-13,4.243030914e-14,9.701722273e-14,9.84710932e-14,3.840324699e-14,1.340261906e-13,2.715644275e-13,4.007456647e-13,4.399446098e-13,4.579751474e-13,9.308986428e-13,1.441227669e-13,2.995959645e-13,1.554890756e-13,4.406363995e-14,4.567005235e-14,7.854469575e-14,1.336675238e-13,7.052172908e-14,7.271898849e-14,7.646909284e-14,1.055445114e-13,2.124394295e-14,2.77626236e-13,4.254803319e-14
152.90625,4.324857709e-13,2.145375268e-13,1.42733649e-13,2.225288876e-13,3.513328333e-13,1.67152973e-13,5.038718241e-14,1.172511887e-13,4.275740341e-14,9.658642597e-14,9.80761198e-14,3.900547322e-14,1.352197669e-13,2.730147857e-13,4.054361159e-13,4.442896577e-13,4.626951517e-13,9.354633665e-13,1.472514198e-13,3.021412382e-13,1.542746704e-13,4.498021212e-14,4.599261977e-14,7.857311909e-14,1.345180543e-13,7.08026745e-14,7.415912644e-14,7.715382618e-14,1.068206741e-13,2.157798626e-14,2.827337467e-13,4.244786477e-14
152.9140625,4.368064184e-13,2.161352469e-13,1.423456599e-13,2.228855209e-13,3.501964726e-13,1.686836675e-13,5.045036713e-14,1.174269192e-13,4.306477179e-14,9.620736562e-14,9.76046273e-14,3.963619571e-14,1.364435663e-13,2.743493479e-13,4.100628177e-13,4.485859709e-13,4.672351984e-13,9.398727662e-13,1.503818103e-13,3.048583708e-13,1.529214579e-13,4.589084057e-14,4.626899068e-14,7.860147846e-14,1.3532452e-13,7.109566965e-14,7.5615058e-14,7.773324853e-14,1.081239101e-13,2.19219524e-14,2.879253869e-13,4.236453245e-14
152.921875,4.410088985e-13,2.177145813e-13,1.420854941e-13,2.233512479e-13,3.490611669e-13,1.702018601e-13,5.0516377e-14,1.175832155e-13,4.335238738e-14,9.58935492e-14,9.727429824e-14,4.029845906e-14,1.376605611e-13,2.757917862e-13,4.147071939e-13,4.526861383e-13,4.716905281e-13,9.44010715e-13,1.534715404e-13,3.075746561e-13,1.515715272e-13,4.678905987e-14,4.64904661e-14,7.866761815e-14,1.360588213e-13,7.127794047e-14,7.706879857e-14,7.825439491e-14,1.09608635e-13,2.22671979e-14,2.931870685e-13,4.228590555e-14
152.9296875,4.451370976e-13,2.19208281e-13,1.42026756e-13,2.23636405e-13,3.477032038e-13,1.71794812e-13,5.058426877e-14,1.176815982e-13,4.362086854e-14,9.564191438e-14,9.712650169e-14,4.095609964e-14,1.38779113e-13,2.773403205e-13,4.193537265e-13,4.566023684e-13,4.760083484e-13,9.477052836e-13,1.565016928e-13,3.09962345e-13,1.50145498e-13,4.768542081e-14,4.668585647e-14,7.874844481e-14,1.366921051e-13,7.137970407e-14,7.848799731e-14,7.88131755e-14,1.111751337e-13,2.261763477e-14,2.984342377e-13,4.221666996e-14
152.9375,4.494698239e-13,2.207428415e-13,1.420127769e-13,2.238034039e-13,3.461616012e-13,1.733943637e-13,5.063766519e-14,1.177453031e-13,4.392044838e-14,9.537896397e-14,9.703804178e-14,4.163533864e-14,1.398128962e-13,2.788306345e-13,4.239680369e-13,4.604587946e-13,4.800945137e-13,9.509191655e-13,1.595559379e-13,3.124360815e-13,1.485743132e-13,4.863505134e-14,4.688041439e-14,7.884275953e-14,1.372287753e-13,7.154119334e-14,7.988864803e-14,7.945263089e-14,1.127683763e-13,2.29769592e-14,3.037186087e-13,4.218134527e-14
152.9453125,4.539730782e-13,2.223834891e-13,1.420499626e-13,2.242042825e-13,3.44700732e-13,1.750272387e-13,5.070632246e-14,1.17822764e-13,4.426373286e-14,9.508952035e-14,9.700287339e-14,4.240917063e-14,1.408490865e-13,2.804362729e-13,4.285201252e-13,4.641361046e-13,4.839946199e-13,9.536528201e-13,1.626674076e-13,3.152804697e-13,1.46967608e-13,4.963383442e-14,4.704515492e-14,7.894780836e-14,1.377075128e-13,7.174127337e-14,8.132491739e-14,8.011659816e-14,1.145215943e-13,2.332083276e-14,3.090732911e-13,4.217147272e-14
152.953125,4.583434995e-13,2.240005932e-13,1.422337507e-13,2.247982974e-13,3.433369461e-13,1.767991757e-13,5.084040651e-14,1.178984817e-13,4.461189155e-14,9.487996331e-14,9.708580722e-14,4.327190023e-14,1.419142516e-13,2.822789907e-13,4.329969757e-13,4.675417873e-13,4.877885488e-13,9.559155441e-13,1.658206678e-13,3.18122782e-13,1.454149675e-13,5.062024789e-14,4.71427255e-14,7.901260508e-14,1.381597828e-13,7.185445972e-14,8.280017018e-14,8.074549615e-14,1.164144416e-13,2.364107745e-14,3.14468811e-13,4.216625659e-14
152.9609375,4.626691729e-13,2.255926233e-13,1.424815744e-13,2.253140274e-13,3.419761076e-13,1.786481646e-13,5.100668332e-14,1.17967585e-13,4.498500265e-14,9.477221298e-14,9.723235239e-14,4.416541723e-14,1.429694013e-13,2.84207783e-13,4.373995567e-13,4.707554047e-13,4.913672974e-13,9.577763312e-13,1.690303863e-13,3.208300431e-13,1.438679164e-13,5.161413652e-14,4.719519272e-14,7.904961723e-14,1.385720607e-13,7.188822135e-14,8.424191064e-14,8.138406517e-14,1.183155185e-13,2.396848474e-14,3.1994737e-13,4.218861572e-14
152.96875,4.670515704e-13,2.270482038e-13,1.427501318e-13,2.25793795e-13,3.406805063e-13,1.804901397e-13,5.115777576e-14,1.180426093e-13,4.538566438e-14,9.465978332e-14,9.738300538e-14,4.506316349e-14,1.439945367e-13,2.861740691e-13,4.417455041e-13,4.73857139e-13,4.946659487e-13,9.593636532e-13,1.722358177e-13,3.235759891e-13,1.422382686e-13,5.264537172e-14,4.723902544e-14,7.910248344e-14,1.389337508e-13,7.19432902e-14,8.563050553e-14,8.204310265e-14,1.201954963e-13,2.432103565e-14,3.254742581e-13,4.223988517e-14
152.9765625,4.712251999e-13,2.282342991e-13,1.431327045e-13,2.264090006e-13,3.393307188e-13,1.823639516e-13,5.1323077e-14,1.180806686e-13,4.574999962e-14,9.453424847e-14,9.759622243e-14,4.597010217e-14,1.449868751e-13,2.881420043e-13,4.461327614e-13,4.769646991e-13,4.978892172e-13,9.606225257e-13,1.753818589e-13,3.263564351e-13,1.405323557e-13,5.366008293e-14,4.725519175e-14,7.915433422e-14,1.392443467e-13,7.202650842e-14,8.704955171e-14,8.267051334e-14,1.220544248e-13,2.4677899e-14,3.309094451e-13,4.227091659e-14
152.984375,4.751553705e-13,2.294073322e-13,1.436268552e-13,2.270525477e-13,3.377405851e-13,1.842533675e-13,5.152418501e-14,1.180647943e-13,4.608440857e-14,9.447826551e-14,9.791463474e-14,4.689398585e-14,1.459107396e-13,2.900118885e-13,4.505919572e-13,4.799853353e-13,5.010739545e-13,9.61240434e-13,1.78538903e-13,3.291723053e-13,1.388451455e-13,5.464138536e-14,4.721143847e-14,7.920040424e-14,1.394663429e-13,7.206307172e-14,8.851148373e-14,8.329099761e-14,1.239135831e-13,2.502279648e-14,3.362520759e-13,4.228153303e-14
152.9921875,4.790630249e-13,2.305954893e-13,1.441958182e-13,2.275727884e-13,3.36161225e-13,1.860977277e-13,5.174458314e-14,1.180509833e-13,4.642053433e-14,9.447472882e-14,9.82919518e-14,4.782884429e-14,1.467776455e-13,2.91894174e-13,4.549407107e-13,4.82566888e-13,5.039650739e-13,9.612652726e-13,1.817241221e-13,3.320256308e-13,1.371803437e-13,5.562370527e-14,4.711776011e-14,7.923300777e-14,1.395939423e-13,7.204205519e-14,8.992179014e-14,8.392355291e-14,1.25829986e-13,2.537698203e-14,3.416489424e-13,4.231253238e-14
153,4.830399043e-13,2.315458295e-13,1.448669643e-13,2.280520981e-13,3.348760415e-13,1.879226018e-13,5.198623833e-14,1.180411452e-13,4.672069197e-14,9.447904167e-14,9.86658884e-14,4.877638225e-14,1.476979604e-13,2.938793341e-13,4.590945963e-13,4.84793595e-13,5.065774887e-13,9.612397486e-13,1.849054123e-13,3.348509169e-13,1.354098174e-13,5.660285718e-14,4.701458799e-14,7.921120088e-14,1.396983113e-13,7.202585881e-14,9.128950494e-14,8.455969594e-14,1.277855464e-13,2.575871329e-14,3.472457466e-13,4.236559581e-14
153.0078125,4.870937967e-13,2.324544563e-13,1.455847616e-13,2.285467383e-13,3.336901078e-13,1.897335873e-13,5.223496953e-14,1.179754345e-13,4.700333925e-14,9.451897936e-14,9.900753746e-14,4.975699145e-14,1.486914465e-13,2.958344385e-13,4.631703023e-13,4.870481167e-13,5.090898452e-13,9.611710458e-13,1.881197529e-13,3.377196172e-13,1.334931361e-13,5.758208119e-14,4.692774714e-14,7.916882741e-14,1.397985054e-13,7.20304293e-14,9.271393761e-14,8.523370943e-14,1.297211311e-13,2.614038615e-14,3.530088924e-13,4.243558453e-14
153.015625,4.909185667e-13,2.333105013e-13,1.46280882e-13,2.28991723e-13,3.32287742e-13,1.914745959e-13,5.24677085e-14,1.178709288e-13,4.733071587e-14,9.456572548e-14,9.937448673e-14,5.074846377e-14,1.495858412e-13,2.977028165e-13,4.670741172e-13,4.891189997e-13,5.112855024e-13,9.602750304e-13,1.912831601e-13,3.406109934e-13,1.315285601e-13,5.856801265e-14,4.680829446e-14,7.916680339e-14,1.398063752e-13,7.200404435e-14,9.41669816e-14,8.585208564e-14,1.316371438e-13,2.649524288e-14,3.586331152e-13,4.252221951e-14
153.0234375,4.942005978e-13,2.337280769e-13,1.469807354e-13,2.293850984e-13,3.305777874e-13,1.931545407e-13,5.27149703e-14,1.178080817e-13,4.76771669e-14,9.455450207e-14,9.986486059e-14,5.170147858e-14,1.502569375e-13,2.995063409e-13,4.706426997e-13,4.906090734e-13,5.129188674e-13,9.581601104e-13,1.942727892e-13,3.433756837e-13,1.295641097e-13,5.953105264e-14,4.65812829e-14,7.919915399e-14,1.396588789e-13,7.190804864e-14,9.553922546e-14,8.630995593e-14,1.335571006e-13,2.683836622e-14,3.640133443e-13,4.260150307e-14
153.03125,4.974753534e-13,2.341031034e-13,1.476890368e-13,2.297237696e-13,3.287380003e-13,1.948477443e-13,5.299232265e-14,1.177836292e-13,4.802687825e-14,9.454855183e-14,1.004534855e-13,5.265519169e-14,1.508058048e-13,3.013102024e-13,4.74119768e-13,4.917328336e-13,5.142153382e-13,9.553181495e-13,1.972531846e-13,3.460886664e-13,1.275993474e-13,6.04993393e-14,4.627574302e-14,7.926063678e-14,1.394024332e-13,7.173002119e-14,9.680797646e-14,8.680237005e-14,1.35485928e-13,2.717484687e-14,3.695260952e-13,4.267280575e-14
153.0390625,5.012410884e-13,2.34893692e-13,1.484370895e-13,2.300251289e-13,3.27087127e-13,1.965735044e-13,5.326087071e-14,1.176907189e-13,4.840359841e-14,9.464152657e-14,1.010329044e-13,5.36859335e-14,1.513944626e-13,3.032983256e-13,4.777363989e-13,4.927746815e-13,5.154062609e-13,9.522488613e-13,2.004071752e-13,3.487745924e-13,1.256493055e-13,6.151431522e-14,4.596072332e-14,7.930981568e-14,1.391096594e-13,7.148275732e-14,9.802375055e-14,8.747645957e-14,1.374369943e-13,2.749343659e-14,3.75307111e-13,4.274148239e-14
153.046875,5.049205257e-13,2.356664541e-13,1.492778723e-13,2.303776977e-13,3.255830586e-13,1.982216945e-13,5.351347402e-14,1.174722981e-13,4.874429428e-14,9.481295477e-14,1.015915878e-13,5.474984883e-14,1.520265469e-13,3.053420407e-13,4.812473224e-13,4.935916591e-13,5.163643343e-13,9.488572753e-13,2.03612703e-13,3.513272706e-13,1.236315451e-13,6.249796214e-14,4.561009431e-14,7.927142765e-14,1.387632449e-13,7.123146055e-14,9.926163981e-14,8.815588456e-14,1.394419769e-13,2.782546698e-14,3.809930476e-13,4.276813881e-14
153.0546875,5.081268861e-13,2.362899696e-13,1.501092067e-13,2.306947598e-13,3.23855238e-13,1.996710176e-13,5.376138413e-14,1.17220804e-13,4.900983036e-14,9.500235129e-14,1.022027981e-13,5.574678694e-14,1.525487184e-13,3.070457302e-13,4.844653537e-13,4.940912475e-13,5.170072612e-13,9.449086693e-13,2.067269774e-13,3.539698031e-13,1.214818128e-13,6.340025941e-14,4.518755429e-14,7.921248493e-14,1.382922774e-13,7.10095346e-14,1.005543007e-13,8.876774706e-14,1.414993506e-13,2.819871706e-14,3.86498678e-13,4.276154071e-14
153.0625,5.113088351e-13,2.369774243e-13,1.50855602e-13,2.308871206e-13,3.219118415e-13,2.010146074e-13,5.399164667e-14,1.170388632e-13,4.928054347e-14,9.516464177e-14,1.029219872e-13,5.667207212e-14,1.528602037e-13,3.084825641e-13,4.875746615e-13,4.94435667e-13,5.174808682e-13,9.405812173e-13,2.097560461e-13,3.569255539e-13,1.193342797e-13,6.430826169e-14,4.473295887e-14,7.92172382e-14,1.377217548e-13,7.077592693e-14,1.018193526e-13,8.940138344e-14,1.435340316e-13,2.857457689e-14,3.920539803e-13,4.279604947e-14
153.0703125,5.146178921e-13,2.373536037e-13,1.516014485e-13,2.311612645e-13,3.200528116e-13,2.024431927e-13,5.422269459e-14,1.168795326e-13,4.957955315e-14,9.528420156e-14,1.037286808e-13,5.757102054e-14,1.530847029e-13,3.099693383e-13,4.90674742e-13,4.947551947e-13,5.178544697e-13,9.361559009e-13,2.127268955e-13,3.600746315e-13,1.172269055e-13,6.525782544e-14,4.427987578e-14,7.918474872e-14,1.371588272e-13,7.055945081e-14,1.03015255e-13,9.000761639e-14,1.454574286e-13,2.892651388e-14,3.976009422e-13,4.287882771e-14
153.078125,5.179063715e-13,2.37400495e-13,1.523614353e-13,2.315879801e-13,3.182964443e-13,2.039342385e-13,5.44748746e-14,1.16668752e-13,4.986005911e-14,9.542545563e-14,1.045545151e-13,5.847032035e-14,1.534270066e-13,3.11520965e-13,4.93714366e-13,4.950777824e-13,5.181054242e-13,9.315136258e-13,2.157223987e-13,3.63343702e-13,1.149994048e-13,6.619153053e-14,4.381757461e-14,7.905905919e-14,1.366272823e-13,7.043296376e-14,1.04252849e-13,9.059335854e-14,1.472765012e-13,2.928515504e-14,4.030288584e-13,4.296630978e-14
153.0859375,5.212093345e-13,2.376384345e-13,1.531569773e-13,2.319755017e-13,3.165074657e-13,2.05338348e-13,5.471261638e-14,1.16458729e-13,5.013961944e-14,9.563363068e-14,1.054104423e-13,5.940649706e-14,1.538870427e-13,3.131385716e-13,4.967426179e-13,4.953657537e-13,5.182847611e-13,9.264775127e-13,2.187942344e-13,3.666100302e-13,1.126948695e-13,6.709442809e-14,4.332674039e-14,7.894545365e-14,1.360686179e-13,7.032946164e-14,1.055574125e-13,9.125921894e-14,1.491294171e-13,2.965605035e-14,4.08496532e-13,4.305409167e-14
153.09375,5.243130209e-13,2.378945534e-13,1.540647024e-13,2.323089907e-13,3.146552231e-13,2.065958035e-13,5.492288195e-14,1.162893032e-13,5.042891495e-14,9.583914976e-14,1.063272857e-13,6.036987208e-14,1.542695305e-13,3.147621972e-13,4.996945213e-13,4.95489924e-13,5.182984874e-13,9.211774425e-13,2.217763037e-13,3.696619511e-13,1.104859229e-13,6.796302266e-14,4.280017271e-14,7.885727701e-14,1.354630295e-13,7.016416255e-14,1.067844059e-13,9.187653571e-14,1.510955579e-13,3.000845392e-14,4.140306742e-13,4.313706835e-14
153.1015625,5.270659602e-13,2.379101678e-13,1.549352263e-13,2.325882004e-13,3.127962211e-13,2.07703161e-13,5.514051307e-14,1.160909099e-13,5.070101151e-14,9.600822355e-14,1.072061056e-13,6.127888816e-14,1.544620694e-13,3.161247131e-13,5.023345877e-13,4.953052484e-13,5.17866897e-13,9.156306052e-13,2.245157508e-13,3.727097328e-13,1.083349321e-13,6.877357354e-14,4.225897871e-14,7.871748256e-14,1.348156457e-13,6.999342438e-14,1.078923564e-13,9.231650209e-14,1.529908173e-13,3.033968488e-14,4.19421131e-13,4.32006005e-14
153.109375,5.298182839e-13,2.380344209e-13,1.556456324e-13,2.32695055e-13,3.11066005e-13,2.087370774e-13,5.53738412e-14,1.158529492e-13,5.097991947e-14,9.622062072e-14,1.080128541e-13,6.212380968e-14,1.545628691e-13,3.173327914e-13,5.047245818e-13,4.948467309e-13,5.1704802e-13,9.096413373e-13,2.271393813e-13,3.759963241e-13,1.061858298e-13,6.955869948e-14,4.170996311e-14,7.854469238e-14,1.341175627e-13,6.98529377e-14,1.089986661e-13,9.274403461e-14,1.546463259e-13,3.06656782e-14,4.246416367e-13,4.325876582e-14
153.1171875,5.327323565e-13,2.382065184e-13,1.564024001e-13,2.327442093e-13,3.094946983e-13,2.098446706e-13,5.561039495e-14,1.156561775e-13,5.128263868e-14,9.651658623e-14,1.088910953e-13,6.299501963e-14,1.547142622e-13,3.187382987e-13,5.072575591e-13,4.944312303e-13,5.163076875e-13,9.032710373e-13,2.29866689e-13,3.793328567e-13,1.040534904e-13,7.036756902e-14,4.111731503e-14,7.839679277e-14,1.333941106e-13,6.971628429e-14,1.101829189e-13,9.325186151e-14,1.562305834e-13,3.099168323e-14,4.29911553e-13,4.331818856e-14
153.125,5.356657644e-13,2.380864384e-13,1.572957921e-13,2.329088306e-13,3.079315536e-13,2.110218035e-13,5.583714051e-14,1.155019665e-13,5.15806969e-14,9.684088098e-14,1.098795356e-13,6.393453123e-14,1.54919255e-13,3.202489045e-13,5.100768336e-13,4.943010694e-13,5.158896569e-13,8.966769667e-13,2.327446837e-13,3.827219378e-13,1.018704717e-13,7.119216063e-14,4.048176066e-14,7.827529628e-14,1.326782841e-13,6.961847896e-14,1.114517247e-13,9.372304894e-14,1.578846176e-13,3.132421038e-14,4.353280322e-13,4.337627476e-14
153.1328125,5.386150983e-13,2.379590976e-13,1.58172458e-13,2.331951876e-13,3.062977829e-13,2.121501888e-13,5.603113016e-14,1.153238518e-13,5.18666011e-14,9.713601288e-14,1.109098556e-13,6.488682914e-14,1.550877648e-13,3.216419468e-13,5.128715055e-13,4.941817774e-13,5.155907549e-13,8.897242038e-13,2.356261761e-13,3.863869159e-13,9.967366668e-14,7.200078392e-14,3.984568887e-14,7.813762474e-14,1.31937461e-13,6.956633442e-14,1.127718452e-13,9.420942742e-14,1.594529322e-13,3.167007086e-14,4.406879095e-13,4.344965131e-14
153.140625,5.415198394e-13,2.380406537e-13,1.590256142e-13,2.336061918e-13,3.046443565e-13,2.132208117e-13,5.62065225e-14,1.151071554e-13,5.212743978e-14,9.739922763e-14,1.120374127e-13,6.577052709e-14,1.551874755e-13,3.229676662e-13,5.153401734e-13,4.936743018e-13,5.150935746e-13,8.823902748e-13,2.383478252e-13,3.9019191e-13,9.757925796e-14,7.277233087e-14,3.921162486e-14,7.792878532e-14,1.311291467e-13,6.951164459e-14,1.140564121e-13,9.487037916e-14,1.608682274e-13,3.203175162e-14,4.458092135e-13,4.353805428e-14
153.1484375,5.44327278e-13,2.379823379e-13,1.598880067e-13,2.339804385e-13,3.030288252e-13,2.142374056e-13,5.640704409e-14,1.148766006e-13,5.23583084e-14,9.768116403e-14,1.132791598e-13,6.6569466e-14,1.552333765e-13,3.242600162e-13,5.175426563e-13,4.928634508e-13,5.142329371e-13,8.749383622e-13,2.409351258e-13,3.939544385e-13,9.549142164e-14,7.351546526e-14,3.856664657e-14,7.76698734e-14,1.302707609e-13,6.948646414e-14,1.152530621e-13,9.55782549e-14,1.622433175e-13,3.240635841e-14,4.508509278e-13,4.362889901e-14
153.15625,5.470553066e-13,2.376200444e-13,1.606606131e-13,2.341340283e-13,3.014228375e-13,2.151325325e-13,5.662349938e-14,1.1466776e-13,5.261637948e-14,9.802684226e-14,1.144899284e-13,6.736098741e-14,1.551753082e-13,3.25436139e-13,5.196447592e-13,4.919285717e-13,5.130699758e-13,8.672373027e-13,2.435040835e-13,3.977336586e-13,9.332332586e-14,7.426128416e-14,3.791167018e-14,7.745470315e-14,1.293743105e-13,6.950693579e-14,1.163943159e-13,9.608335293e-14,1.63573282e-13,3.277373537e-14,4.559820814e-13,4.372980309e-14
153.1640625,5.493888542e-13,2.370592135e-13,1.6133303e-13,2.342818539e-13,2.996893424e-13,2.159224091e-13,5.681721681e-14,1.144990506e-13,5.290298334e-14,9.841113718e-14,1.156160735e-13,6.81743522e-14,1.54954419e-13,3.263811463e-13,5.215827024e-13,4.90679173e-13,5.116839222e-13,8.588648321e-13,2.46005386e-13,4.015297415e-13,9.118488921e-14,7.498896144e-14,3.722791152e-14,7.728738606e-14,1.28408356e-13,6.948916159e-14,1.174957403e-13,9.641536769e-14,1.647858971e-13,3.311846812e-14,4.609922031e-13,4.383389194e-14
153.171875,5.512410378e-13,2.362993567e-13,1.619518138e-13,2.345233341e-13,2.97875686e-13,2.166328393e-13,5.698443603e-14,1.143193987e-13,5.313479245e-14,9.877531048e-14,1.16754813e-13,6.891632653e-14,1.546408201e-13,3.270208029e-13,5.232283349e-13,4.890386163e-13,5.099951411e-13,8.501068152e-13,2.483230243e-13,4.053226626e-13,8.910884201e-14,7.563717744e-14,3.652060397e-14,7.708503336e-14,1.273838961e-13,6.942742565e-14,1.185390538e-13,9.673464986e-14,1.658816518e-13,3.34526753e-14,4.656450515e-13,4.392236761e-14
153.1796875,5.531489221e-13,2.354746027e-13,1.62466009e-13,2.345835482e-13,2.962208994e-13,2.171671928e-13,5.712445194e-14,1.140996241e-13,5.331156097e-14,9.909354816e-14,1.179490897e-13,6.955559475e-14,1.543236632e-13,3.27458796e-13,5.246287196e-13,4.872662373e-13,5.080285785e-13,8.415679913e-13,2.504916356e-13,4.091715923e-13,8.706127039e-14,7.620191638e-14,3.582776259e-14,7.684394541e-14,1.263547148e-13,6.939737111e-14,1.195286225e-13,9.70256793e-14,1.668749535e-13,3.378433898e-14,4.700304349e-13,4.400515985e-14
153.1875,5.551163076e-13,2.347736174e-13,1.628567668e-13,2.34534256e-13,2.946123241e-13,2.175174818e-13,5.722704516e-14,1.139089829e-13,5.349654566e-14,9.937908204e-14,1.191447877e-13,7.017579696e-14,1.539239251e-13,3.277725479e-13,5.258474617e-13,4.854174744e-13,5.059110912e-13,8.32912637e-13,2.525815949e-13,4.130836702e-13,8.508998632e-14,7.671973159e-14,3.512980556e-14,7.661335024e-14,1.253035834e-13,6.939258889e-14,1.204542219e-13,9.722430065e-14,1.677744e-13,3.410753558e-14,4.742661732e-13,4.409142815e-14
153.1953125,5.566025315e-13,2.340210144e-13,1.63191425e-13,2.34638964e-13,2.927790246e-13,2.178224858e-13,5.731348112e-14,1.137626839e-13,5.368542262e-14,9.967240418e-14,1.203013226e-13,7.079609648e-14,1.533480818e-13,3.278826984e-13,5.268817207e-13,4.833326578e-13,5.035555775e-13,8.235353005e-13,2.545826405e-13,4.170645042e-13,8.317341996e-14,7.720489892e-14,3.438825568e-14,7.637282809e-14,1.241824601e-13,6.937933107e-14,1.213154729e-13,9.737186059e-14,1.685690378e-13,3.442490515e-14,4.783377297e-13,4.417096881e-14
153.203125,5.57838207e-13,2.330502336e-13,1.635023234e-13,2.34746061e-13,2.909346052e-13,2.180812417e-13,5.740490029e-14,1.135699197e-13,5.385234394e-14,1.000129035e-13,1.214544518e-13,7.136479236e-14,1.526961314e-13,3.278442056e-13,5.278105502e-13,4.81086045e-13,5.009609494e-13,8.139034243e-13,2.565018963e-13,4.211232544e-13,8.124995253e-14,7.76609168e-14,3.363561667e-14,7.608970312e-14,1.230394065e-13,6.938025278e-14,1.221755143e-13,9.750795078e-14,1.692458567e-13,3.473456228e-14,4.822882363e-13,4.423805474e-14
153.2109375,5.592825682e-13,2.320349917e-13,1.637629929e-13,2.347548965e-13,2.893276207e-13,2.181648068e-13,5.747644632e-14,1.133058983e-13,5.399261827e-14,1.003954322e-13,1.226525972e-13,7.186483346e-14,1.52081069e-13,3.277407641e-13,5.286683464e-13,4.788390701e-13,4.983797446e-13,8.04696659e-13,2.583429477e-13,4.25221625e-13,7.935598672e-14,7.80713635e-14,3.290199198e-14,7.579290937e-14,1.219319891e-13,6.94110203e-14,1.230277631e-13,9.765628399e-14,1.698291666e-13,3.504026582e-14,4.861247502e-13,4.42810767e-14
153.21875,5.60569041e-13,2.310024009e-13,1.639654649e-13,2.348584665e-13,2.876901545e-13,2.180894383e-13,5.7509776e-14,1.130261383e-13,5.40933505e-14,1.007818327e-13,1.238846905e-13,7.229413243e-14,1.514626105e-13,3.274416841e-13,5.293368535e-13,4.765640532e-13,4.957810767e-13,7.95612805e-13,2.600469628e-13,4.293845106e-13,7.750105742e-14,7.84036431e-14,3.21681544e-14,7.550140282e-14,1.208163312e-13,6.947234235e-14,1.237904516e-13,9.787980784e-14,1.70297755e-13,3.537879387e-14,4.897446732e-13,4.42976441e-14
153.2265625,5.613348412e-13,2.298168461e-13,1.64132644e-13,2.350343663e-13,2.857739123e-13,2.17959273e-13,5.753036264e-14,1.127415081e-13,5.416379739e-14,1.011476151e-13,1.251483685e-13,7.266029659e-14,1.508014019e-13,3.268999172e-13,5.298189569e-13,4.742187748e-13,4.929618637e-13,7.861361101e-13,2.616203355e-13,4.336819614e-13,7.566028901e-14,7.867825046e-14,3.143904894e-14,7.519371675e-14,1.196637275e-13,6.95807119e-14,1.245321539e-13,9.818000343e-14,1.706071672e-13,3.575804e-14,4.931400058e-13,4.432486269e-14
153.234375,5.618288543e-13,2.285924546e-13,1.642143495e-13,2.351274905e-13,2.837402338e-13,2.177734418e-13,5.754783134e-14,1.124465472e-13,5.422597313e-14,1.014997699e-13,1.264581682e-13,7.298609142e-14,1.500969556e-13,3.26215716e-13,5.3022872e-13,4.718013205e-13,4.900213994e-13,7.763132041e-13,2.631451558e-13,4.381343281e-13,7.388965513e-14,7.894318891e-14,3.072974399e-14,7.486795343e-14,1.185173139e-13,6.973712511e-14,1.253683201e-13,9.84346382e-14,1.70789764e-13,3.61180127e-14,4.962951806e-13,4.438238493e-14
153.2421875,5.622528928e-13,2.273508471e-13,1.641297939e-13,2.351916504e-13,2.818027896e-13,2.17502029e-13,5.754081147e-14,1.121784587e-13,5.427337138e-14,1.018680165e-13,1.277476032e-13,7.325012981e-14,1.492896273e-13,3.253380458e-13,5.305016223e-13,4.692402974e-13,4.869764556e-13,7.663212674e-13,2.646112998e-13,4.426943691e-13,7.221478433e-14,7.918489498e-14,3.00139287e-14,7.453857424e-14,1.173797834e-13,6.991583114e-14,1.262027981e-13,9.851702456e-14,1.708640822e-13,3.64306225e-14,4.990931973e-13,4.444017034e-14
153.25,5.625887944e-13,2.259180098e-13,1.639979702e-13,2.352950826e-13,2.800150437e-13,2.172038153e-13,5.751736526e-14,1.119578061e-13,5.43195231e-14,1.022782964e-13,1.289682979e-13,7.344302934e-14,1.483776572e-13,3.242532898e-13,5.306041792e-13,4.66548938e-13,4.836339383e-13,7.562421569e-13,2.659627218e-13,4.472406694e-13,7.058539297e-14,7.938242895e-14,2.927969976e-14,7.420701525e-14,1.162263314e-13,7.009104307e-14,1.269333511e-13,9.847014495e-14,1.708393369e-13,3.674343841e-14,5.016867581e-13,4.449242687e-14
153.2578125,5.628746508e-13,2.244919687e-13,1.640340279e-13,2.353581322e-13,2.783535472e-13,2.169635844e-13,5.750630163e-14,1.117489166e-13,5.43982956e-14,1.027262018e-13,1.301961841e-13,7.364643756e-14,1.474719884e-13,3.232158374e-13,5.307489432e-13,4.638806072e-13,4.801287494e-13,7.461993548e-13,2.672582432e-13,4.517108878e-13,6.901107116e-14,7.957716193e-14,2.855576127e-14,7.387006844e-14,1.15077598e-13,7.025660255e-14,1.276336476e-13,9.847717995e-14,1.708083301e-13,3.70768171e-14,5.044116204e-13,4.456321714e-14
153.265625,5.630980517e-13,2.232810465e-13,1.641422907e-13,2.353267804e-13,2.767304167e-13,2.167440165e-13,5.750610077e-14,1.115068666e-13,5.448014172e-14,1.031808945e-13,1.314600949e-13,7.388464592e-14,1.465840921e-13,3.22312538e-13,5.309732547e-13,4.612724873e-13,4.767299526e-13,7.362338175e-13,2.685481039e-13,4.56158171e-13,6.752852183e-14,7.977557472e-14,2.785744068e-14,7.350863664e-14,1.139501422e-13,7.042950501e-14,1.283322954e-13,9.854768233e-14,1.707812084e-13,3.739754195e-14,5.071644598e-13,4.463578934e-14
153.2734375,5.630761596e-13,2.219069982e-13,1.639796541e-13,2.353062255e-13,2.749948683e-13,2.163437223e-13,5.750002485e-14,1.112356478e-13,5.450277355e-14,1.036137745e-13,1.326786281e-13,7.402163597e-14,1.455661563e-13,3.211518293e-13,5.309549129e-13,4.58576617e-13,4.733499516e-13,7.262292289e-13,2.696802605e-13,4.606515263e-13,6.610184057e-14,7.98955892e-14,2.718086228e-14,7.311952418e-14,1.12835715e-13,7.0623792e-14,1.290000129e-13,9.847562981e-14,1.706179287e-13,3.770595417e-14,5.094961299e-13,4.468949505e-14
153.28125,5.62581737e-13,2.200942714e-13,1.635065669e-13,2.354002082e-13,2.730679182e-13,2.156545843e-13,5.747309979e-14,1.109735971e-13,5.44707285e-14,1.040327717e-13,1.338340101e-13,7.398604361e-14,1.443341523e-13,3.194220374e-13,5.305181427e-13,4.55673438e-13,4.697588227e-13,7.160098443e-13,2.704904783e-13,4.653241457e-13,6.469597872e-14,7.989908777e-14,2.652253696e-14,7.275778383e-14,1.117164844e-13,7.083497024e-14,1.296760067e-13,9.824057537e-14,1.702556202e-13,3.802623992e-14,5.112770738e-13,4.475464946e-14
153.2890625,5.617201851e-13,2.182205122e-13,1.630983132e-13,2.355108151e-13,2.710710574e-13,2.148949552e-13,5.740597694e-14,1.107099565e-13,5.443924251e-14,1.044799506e-13,1.349940417e-13,7.393385693e-14,1.430025873e-13,3.174295646e-13,5.299103277e-13,4.526257191e-13,4.659079443e-13,7.055251557e-13,2.711367059e-13,4.702074034e-13,6.334102029e-14,7.986798392e-14,2.587321018e-14,7.24294627e-14,1.105478723e-13,7.106117246e-14,1.303465355e-13,9.803743143e-14,1.6981192e-13,3.833451744e-14,5.128788637e-13,4.483790123e-14
153.296875,5.610107179e-13,2.167315836e-13,1.629547364e-13,2.355285139e-13,2.691692279e-13,2.142930994e-13,5.730964527e-14,1.103969889e-13,5.444355566e-14,1.049812547e-13,1.361901976e-13,7.401205392e-14,1.417112438e-13,3.156238751e-13,5.294162953e-13,4.496064393e-13,4.619805409e-13,6.949463426e-13,2.719348753e-13,4.750321162e-13,6.207597305e-14,7.989320611e-14,2.523109293e-14,7.205921011e-14,1.09331218e-13,7.129692151e-14,1.3099572e-13,9.790749089e-14,1.694862545e-13,3.860195212e-14,5.147401545e-13,4.489831945e-14
153.3046875,5.605520729e-13,2.155354237e-13,1.627851632e-13,2.355075555e-13,2.673414211e-13,2.137034048e-13,5.722979893e-14,1.100619975e-13,5.448178694e-14,1.055162979e-13,1.373624812e-13,7.413174776e-14,1.404029248e-13,3.13930374e-13,5.289222348e-13,4.466056883e-13,4.581339167e-13,6.843661293e-13,2.728526011e-13,4.796946079e-13,6.090317062e-14,7.99593783e-14,2.460611017e-14,7.166510431e-14,1.081425261e-13,7.151593088e-14,1.317018625e-13,9.772969238e-14,1.693409705e-13,3.884872565e-14,5.167715433e-13,4.494059964e-14
153.3125,5.597107086e-13,2.140244883e-13,1.6233113e-13,2.354903845e-13,2.655120886e-13,2.128842512e-13,5.718343155e-14,1.097668267e-13,5.451888952e-14,1.060302703e-13,1.384177618e-13,7.41358793e-14,1.389570094e-13,3.120128147e-13,5.280709651e-13,4.433560229e-13,4.541315634e-13,6.7371464e-13,2.735328887e-13,4.844179465e-13,5.980243036e-14,7.996934999e-14,2.399826164e-14,7.132323814e-14,1.069954794e-13,7.171935708e-14,1.323988953e-13,9.741819677e-14,1.691341067e-13,3.90914299e-14,5.184249973e-13,4.499464979e-14
153.3203125,5.582495661e-13,2.118988843e-13,1.617601232e-13,2.355160846e-13,2.637291994e-13,2.118954638e-13,5.714139419e-14,1.09475604e-13,5.451326903e-14,1.064755319e-13,1.394060842e-13,7.402538402e-14,1.374334692e-13,3.098340233e-13,5.268497131e-13,4.398071131e-13,4.497649944e-13,6.631535838e-13,2.738429868e-13,4.892393741e-13,5.877620995e-14,7.986524467e-14,2.34045922e-14,7.097550681e-14,1.058350991e-13,7.196738046e-14,1.329478846e-13,9.69936154e-14,1.686266864e-13,3.932838625e-14,5.195173335e-13,4.503501875e-14
153.328125,5.566537258e-13,2.09770536e-13,1.612488234e-13,2.356551203e-13,2.620056562e-13,2.109009199e-13,5.707188291e-14,1.091317394e-13,5.44668693e-14,1.06883036e-13,1.404897462e-13,7.388262608e-14,1.359073471e-13,3.075453186e-13,5.256235125e-13,4.362933031e-13,4.453536353e-13,6.528851478e-13,2.739919529e-13,4.941066498e-13,5.785562459e-14,7.968471484e-14,2.282412978e-14,7.056402739e-14,1.046617243e-13,7.228559572e-14,1.33463697e-13,9.65826693e-14,1.679635841e-13,3.957588704e-14,5.203619712e-13,4.504631482e-14
153.3359375,5.550632892e-13,2.080668986e-13,1.606538009e-13,2.357976467e-13,2.602328873e-13,2.098619512e-13,5.696880419e-14,1.087808971e-13,5.441113416e-14,1.073372992e-13,1.416299931e-13,7.372166366e-14,1.342723603e-13,3.050952919e-13,5.244434805e-13,4.328889709e-13,4.410396089e-13,6.426459662e-13,2.74118646e-13,4.990691116e-13,5.704116523e-14,7.947621004e-14,2.224149037e-14,7.01765605e-14,1.034948079e-13,7.259189026e-14,1.340626269e-13,9.618835091e-14,1.673915285e-13,3.982508135e-14,5.210832016e-13,4.506377183e-14
153.34375,5.532303867e-13,2.062412289e-13,1.598351303e-13,2.358537425e-13,2.583836056e-13,2.086724051e-13,5.684660328e-14,1.084682448e-13,5.436826198e-14,1.078425502e-13,1.426403253e-13,7.352823966e-14,1.324582163e-13,3.023435345e-13,5.229442744e-13,4.292352293e-13,4.364436322e-13,6.321098571e-13,2.741615822e-13,5.039444992e-13,5.630665066e-14,7.924549066e-14,2.16490154e-14,6.985472939e-14,1.023133504e-13,7.28166539e-14,1.3461323e-13,9.56289264e-14,1.668527094e-13,4.003656327e-14,5.215926066e-13,4.509058546e-14
153.3515625,5.512818305e-13,2.040593864e-13,1.589061279e-13,2.359736116e-13,2.565463759e-13,2.073853932e-13,5.671111327e-14,1.081549714e-13,5.435985203e-14,1.083351439e-13,1.435547403e-13,7.332413441e-14,1.305491254e-13,2.994419055e-13,5.211038939e-13,4.252921514e-13,4.315717419e-13,6.214290412e-13,2.740959045e-13,5.086755744e-13,5.56625518e-14,7.900714504e-14,2.106868042e-14,6.953797619e-14,1.011120001e-13,7.302603202e-14,1.350654285e-13,9.495376737e-14,1.661461205e-13,4.023229035e-14,5.218998025e-13,4.511298231e-14
153.359375,5.494384677e-13,2.020454655e-13,1.580266551e-13,2.361773496e-13,2.547430758e-13,2.061454779e-13,5.655588102e-14,1.0781695e-13,5.437397245e-14,1.088054182e-13,1.44532105e-13,7.310738867e-14,1.286100645e-13,2.966646106e-13,5.193631785e-13,4.214844288e-13,4.268926762e-13,6.10935328e-13,2.739883225e-13,5.136156463e-13,5.511582668e-14,7.877161366e-14,2.051917501e-14,6.92105206e-14,9.991124603e-14,7.331681518e-14,1.355443445e-13,9.441595485e-14,1.652078962e-13,4.047028414e-14,5.219493784e-13,4.515854316e-14
153.3671875,5.475737704e-13,2.002560293e-13,1.572023685e-13,2.36373153e-13,2.529617358e-13,2.049771476e-13,5.639290408e-14,1.074789648e-13,5.435260517e-14,1.092791881e-13,1.455666779e-13,7.283854353e-14,1.266582521e-13,2.93935085e-13,5.178556272e-13,4.179757853e-13,4.224611235e-13,6.00726385e-13,2.738364475e-13,5.187361873e-13,5.463523329e-14,7.850498577e-14,1.999789314e-14,6.886753906e-14,9.873468699e-14,7.367709549e-14,1.360923432e-13,9.398914509e-14,1.641194794e-13,4.073625648e-14,5.217279666e-13,4.523029914e-14
153.375,5.455188755e-13,1.983539382e-13,1.563386734e-13,2.366652647e-13,2.512421668e-13,2.037447797e-13,5.622997437e-14,1.07164154e-13,5.430368213e-14,1.097680733e-13,1.465833643e-13,7.252347837e-14,1.246923619e-13,2.909966308e-13,5.162406341e-13,4.145266768e-13,4.179345081e-13,5.906583194e-13,2.73539874e-13,5.23636334e-13,5.422047074e-14,7.819022134e-14,1.949800638e-14,6.849493619e-14,9.759602195e-14,7.403752771e-14,1.366571761e-13,9.348151886e-14,1.630261358e-13,4.097183713e-14,5.214463842e-13,4.528977464e-14
153.3828125,5.432860346e-13,1.964013301e-13,1.553838315e-13,2.370072894e-13,2.495580487e-13,2.023715396e-13,5.604492006e-14,1.068865631e-13,5.430303165e-14,1.102699245e-13,1.475528406e-13,7.220405324e-14,1.226528731e-13,2.87873955e-13,5.143612398e-13,4.109875944e-13,4.131354102e-13,5.805671612e-13,2.73061046e-13,5.2835488e-13,5.389194068e-14,7.785180634e-14,1.901276e-14,6.813872016e-14,9.646565391e-14,7.43819337e-14,1.371825719e-13,9.286019234e-14,1.620122878e-13,4.116079054e-14,5.211359507e-13,4.533806083e-14
153.390625,5.409844697e-13,1.94449117e-13,1.54371604e-13,2.371671523e-13,2.478726058e-13,2.009563442e-13,5.583893904e-14,1.06608184e-13,5.434097471e-14,1.107321251e-13,1.484682054e-13,7.187404557e-14,1.205240599e-13,2.847254965e-13,5.123936995e-13,4.073624724e-13,4.081252443e-13,5.704856781e-13,2.724773422e-13,5.330970964e-13,5.364122637e-14,7.749791317e-14,1.854151158e-14,6.780375994e-14,9.532054125e-14,7.473985222e-14,1.376452099e-13,9.213709959e-14,1.609935073e-13,4.133255413e-14,5.205650993e-13,4.540089661e-14
153.3984375,5.385785033e-13,1.92378609e-13,1.533285915e-13,2.372592962e-13,2.462400367e-13,1.995477574e-13,5.563335263e-14,1.06265017e-13,5.435016361e-14,1.111326846e-13,1.493944287e-13,7.149477982e-14,1.183666079e-13,2.815037036e-13,5.103720695e-13,4.036274132e-13,4.030445591e-13,5.604879473e-13,2.718141951e-13,5.378373847e-13,5.346878092e-14,7.711638124e-14,1.809390184e-14,6.743566123e-14,9.418979139e-14,7.510754243e-14,1.380962213e-13,9.133129035e-14,1.59842922e-13,4.152220665e-14,5.196635137e-13,4.547196981e-14
153.40625,5.357974942e-13,1.903337256e-13,1.522147514e-13,2.375035861e-13,2.445684372e-13,1.980729214e-13,5.541334609e-14,1.059240067e-13,5.43398861e-14,1.115641283e-13,1.503759759e-13,7.104778358e-14,1.161844547e-13,2.780831083e-13,5.082107168e-13,3.998748551e-13,3.979659412e-13,5.505007724e-13,2.710206897e-13,5.425744245e-13,5.336392262e-14,7.669985252e-14,1.766897405e-14,6.706785471e-14,9.307258499e-14,7.545012706e-14,1.385641242e-13,9.052298888e-14,1.585884916e-13,4.172901849e-14,5.185275944e-13,4.553970007e-14
153.4140625,5.327459936e-13,1.884031166e-13,1.509956367e-13,2.378194316e-13,2.427336805e-13,1.965789199e-13,5.517926474e-14,1.056992676e-13,5.433741385e-14,1.120472655e-13,1.513302417e-13,7.052628695e-14,1.139604151e-13,2.745254002e-13,5.060450855e-13,3.963174783e-13,3.929214417e-13,5.405922345e-13,2.701351595e-13,5.47238185e-13,5.327953585e-14,7.624855541e-14,1.725519255e-14,6.673917313e-14,9.19455864e-14,7.578593286e-14,1.390119297e-13,8.973430635e-14,1.573311532e-13,4.192343349e-14,5.171869506e-13,4.560646725e-14
153.421875,5.299517659e-13,1.863782723e-13,1.496855648e-13,2.381816646e-13,2.409744968e-13,1.951535004e-13,5.49676643e-14,1.05511095e-13,5.430342837e-14,1.124849353e-13,1.522299751e-13,6.99298676e-14,1.117237945e-13,2.709655007e-13,5.039831817e-13,3.929605986e-13,3.880705251e-13,5.31022e-13,2.691975905e-13,5.5172265e-13,5.321879232e-14,7.575716483e-14,1.685434499e-14,6.638893195e-14,9.084320451e-14,7.61642816e-14,1.394502212e-13,8.895720107e-14,1.560432263e-13,4.210453861e-14,5.155416024e-13,4.566737742e-14
153.4296875,5.272911768e-13,1.84201468e-13,1.483075797e-13,2.386693406e-13,2.394776653e-13,1.937307548e-13,5.477217744e-14,1.052256364e-13,5.420702321e-14,1.128954957e-13,1.531393729e-13,6.927898489e-14,1.094745559e-13,2.673490792e-13,5.018505749e-13,3.896042954e-13,3.834671011e-13,5.217585122e-13,2.681104312e-13,5.560832356e-13,5.322542537e-14,7.52002142e-14,1.647116878e-14,6.599704938e-14,8.978257911e-14,7.65615377e-14,1.399015297e-13,8.820506171e-14,1.546522331e-13,4.229613928e-14,5.134689662e-13,4.571529799e-14
153.4375,5.242472962e-13,1.820675469e-13,1.469314137e-13,2.391879477e-13,2.380317214e-13,1.923376311e-13,5.458187195e-14,1.048982967e-13,5.409569793e-14,1.133489515e-13,1.540215299e-13,6.86327013e-14,1.072236365e-13,2.636392645e-13,4.995716873e-13,3.861640991e-13,3.788188697e-13,5.124887705e-13,2.668838932e-13,5.602001706e-13,5.330229834e-14,7.460227448e-14,1.60969978e-14,6.559194618e-14,8.872359472e-14,7.692841586e-14,1.403399727e-13,8.744130359e-14,1.532529972e-13,4.250437498e-14,5.111767673e-13,4.575697513e-14
153.4453125,5.211299029e-13,1.800905012e-13,1.456710917e-13,2.397456082e-13,2.366285673e-13,1.911127993e-13,5.443057032e-14,1.046218375e-13,5.40380678e-14,1.137870423e-13,1.548227907e-13,6.806378401e-14,1.05026407e-13,2.600655262e-13,4.973248777e-13,3.827106419e-13,3.739496304e-13,5.031433731e-13,2.657138182e-13,5.640274126e-13,5.344311201e-14,7.405829173e-14,1.573141122e-14,6.516294232e-14,8.766322708e-14,7.727901512e-14,1.407705471e-13,8.666334764e-14,1.519702971e-13,4.272380079e-14,5.090669697e-13,4.580659586e-14
153.453125,5.182640124e-13,1.781520411e-13,1.445191875e-13,2.405056502e-13,2.354294809e-13,1.899605809e-13,5.430598359e-14,1.043870118e-13,5.402848236e-14,1.141914887e-13,1.556161996e-13,6.754916991e-14,1.028547486e-13,2.566695292e-13,4.952119241e-13,3.793655381e-13,3.691118999e-13,4.939007564e-13,2.645891291e-13,5.680153562e-13,5.364172091e-14,7.355276042e-14,1.539191535e-14,6.475301878e-14,8.662806419e-14,7.763626059e-14,1.412193261e-13,8.591540745e-14,1.507028417e-13,4.29433486e-14,5.069976499e-13,4.586898814e-14
153.4609375,5.149771371e-13,1.761374664e-13,1.433570732e-13,2.413443394e-13,2.341243786e-13,1.887258771e-13,5.416969787e-14,1.04201578e-13,5.400744226e-14,1.146427e-13,1.564726503e-13,6.698070198e-14,1.006292294e-13,2.531037687e-13,4.93210999e-13,3.762446247e-13,3.644788903e-13,4.847734727e-13,2.632571564e-13,5.722392979e-13,5.387624241e-14,7.295006486e-14,1.508190646e-14,6.442399128e-14,8.561847066e-14,7.800505463e-14,1.416908124e-13,8.516705774e-14,1.493153256e-13,4.315902503e-14,5.044795286e-13,4.59379805e-14
153.46875,5.109128985e-13,1.741692305e-13,1.4215098e-13,2.420497648e-13,2.324427248e-13,1.874518247e-13,5.403981173e-14,1.040755771e-13,5.396320812e-14,1.151238557e-13,1.573757153e-13,6.633939031e-14,9.834121723e-14,2.492526545e-13,4.912588e-13,3.73248422e-13,3.598480535e-13,4.756129294e-13,2.616660602e-13,5.762080155e-13,5.415489515e-14,7.224560613e-14,1.478103059e-14,6.411040011e-14,8.462819315e-14,7.840082452e-14,1.421834104e-13,8.438493361e-14,1.478882791e-13,4.339315895e-14,5.015479863e-13,4.601123481e-14
153.4765625,5.067854733e-13,1.722666477e-13,1.409043138e-13,2.427878223e-13,2.307382219e-13,1.861497454e-13,5.390849506e-14,1.039507636e-13,5.391965907e-14,1.155578825e-13,1.582675394e-13,6.56869687e-14,9.601147204e-14,2.453325423e-13,4.892090665e-13,3.701390315e-13,3.550923631e-13,4.664497812e-13,2.60011747e-13,5.799356033e-13,5.448431172e-14,7.154300731e-14,1.448470971e-14,6.373916679e-14,8.364941095e-14,7.880835936e-14,1.426610233e-13,8.355934835e-14,1.464728895e-13,4.36401663e-14,4.985304027e-13,4.608998983e-14
153.484375,5.031022034e-13,1.702519773e-13,1.395965059e-13,2.43760036e-13,2.29337349e-13,1.84834499e-13,5.375153585e-14,1.038004861e-13,5.387875594e-14,1.159456425e-13,1.590884701e-13,6.504177913e-14,9.368545925e-14,2.414859407e-13,4.870568234e-13,3.669841688e-13,3.50384952e-13,4.57480705e-13,2.583886115e-13,5.836697791e-13,5.484893821e-14,7.085069902e-14,1.421546596e-14,6.334099966e-14,8.268500796e-14,7.920555261e-14,1.431161243e-13,8.267369767e-14,1.449814176e-13,4.385902578e-14,4.954530352e-13,4.617008371e-14
153.4921875,4.995522804e-13,1.683214702e-13,1.383352763e-13,2.448318915e-13,2.28105302e-13,1.836429142e-13,5.363338631e-14,1.036332915e-13,5.385140533e-14,1.16315484e-13,1.598504678e-13,6.442567813e-14,9.142139179e-14,2.378341893e-13,4.849889807e-13,3.640068306e-13,3.457915469e-13,4.487140455e-13,2.567070582e-13,5.872101753e-13,5.528008966e-14,7.014376962e-14,1.397753228e-14,6.293830542e-14,8.17536367e-14,7.961542438e-14,1.436248259e-13,8.184402779e-14,1.434814452e-13,4.406767108e-14,4.92290076e-13,4.624615887e-14
153.5,4.956277296e-13,1.667146318e-13,1.372053604e-13,2.459165163e-13,2.26776379e-13,1.825070944e-13,5.358538533e-14,1.034315808e-13,5.384198344e-14,1.166651938e-13,1.606166474e-13,6.385077353e-14,8.915541097e-14,2.343352497e-13,4.829934612e-13,3.611219783e-13,3.411270991e-13,4.39942237e-13,2.548696831e-13,5.905305627e-13,5.580238697e-14,6.942671737e-14,1.37485889e-14,6.253902154e-14,8.083745726e-14,8.002813821e-14,1.441903094e-13,8.116520991e-14,1.420860191e-13,4.431675931e-14,4.890291529e-13,4.631303843e-14
153.5078125,4.911660326e-13,1.649878692e-13,1.360323489e-13,2.471495733e-13,2.252200004e-13,1.81235269e-13,5.353498185e-14,1.032439415e-13,5.382495772e-14,1.169811269e-13,1.614017788e-13,6.322753023e-14,8.678137432e-14,2.306326621e-13,4.809101478e-13,3.581817832e-13,3.363422678e-13,4.31103141e-13,2.528694517e-13,5.938701999e-13,5.636282547e-14,6.866655398e-14,1.352462081e-14,6.218496892e-14,7.991181773e-14,8.041395716e-14,1.447133491e-13,8.045302185e-14,1.40651652e-13,4.45956439e-14,4.854311095e-13,4.637905898e-14
153.515625,4.865204654e-13,1.628345974e-13,1.347200828e-13,2.484856705e-13,2.23626407e-13,1.799149094e-13,5.34649656e-14,1.031588674e-13,5.38219717e-14,1.172819566e-13,1.6222455e-13,6.251624172e-14,8.434783369e-14,2.267181288e-13,4.78803116e-13,3.552643329e-13,3.316027119e-13,4.224096605e-13,2.507677571e-13,5.972425416e-13,5.691664562e-14,6.786642753e-14,1.331748618e-14,6.186937113e-14,7.899663521e-14,8.082491285e-14,1.451745903e-13,7.959371632e-14,1.390584473e-13,4.487873661e-14,4.814521203e-13,4.647349455e-14
153.5234375,4.820805174e-13,1.607424941e-13,1.334691064e-13,2.49752835e-13,2.223050458e-13,1.787112784e-13,5.340059268e-14,1.031537867e-13,5.387369585e-14,1.176254615e-13,1.631196072e-13,6.183118935e-14,8.196905781e-14,2.230022221e-13,4.767938909e-13,3.524245698e-13,3.269961609e-13,4.140825509e-13,2.486397115e-13,6.006317255e-13,5.747650179e-14,6.708742656e-14,1.312448545e-14,6.155595786e-14,7.809356916e-14,8.128998216e-14,1.45640465e-13,7.879061736e-14,1.374437865e-13,4.516637891e-14,4.774460714e-13,4.659638263e-14
153.53125,4.777240232e-13,1.590057867e-13,1.323400756e-13,2.510633505e-13,2.2110186e-13,1.776381206e-13,5.331364139e-14,1.031634688e-13,5.394022503e-14,1.180163259e-13,1.640101127e-13,6.122698201e-14,7.968186104e-14,2.194473024e-13,4.748211833e-13,3.496369781e-13,3.225048688e-13,4.060614738e-13,2.46525095e-13,6.038915106e-13,5.8075466e-14,6.632486021e-14,1.294709854e-14,6.126795734e-14,7.718810411e-14,8.173620205e-14,1.4614062e-13,7.813810722e-14,1.359159812e-13,4.544589161e-14,4.735132012e-13,4.670866059e-14
153.5390625,4.732432942e-13,1.574025399e-13,1.311269106e-13,2.525626757e-13,2.19649414e-13,1.766681457e-13,5.321821315e-14,1.031739669e-13,5.398713896e-14,1.183969901e-13,1.647994311e-13,6.062547045e-14,7.745703596e-14,2.157237462e-13,4.727987838e-13,3.468927523e-13,3.180730843e-13,3.980535985e-13,2.443840623e-13,6.067311737e-13,5.873309006e-14,6.554464756e-14,1.279749339e-14,6.101675362e-14,7.630123875e-14,8.213622782e-14,1.466562172e-13,7.748154942e-14,1.344486412e-13,4.571069641e-14,4.693816093e-13,4.681168349e-14
153.546875,4.687401564e-13,1.558898673e-13,1.29778846e-13,2.540465718e-13,2.180663153e-13,1.756859118e-13,5.316933467e-14,1.031502976e-13,5.40555074e-14,1.187516268e-13,1.655478734e-13,6.000280897e-14,7.521592187e-14,2.119608331e-13,4.706993528e-13,3.441039486e-13,3.135834343e-13,3.899615893e-13,2.421379549e-13,6.093004564e-13,5.943281393e-14,6.475654831e-14,1.266975203e-14,6.075817819e-14,7.543394514e-14,8.252568945e-14,1.471731423e-13,7.675399236e-14,1.330210191e-13,4.597233408e-14,4.650036659e-13,4.693588384e-14
153.5546875,4.6423301e-13,1.544660023e-13,1.284782051e-13,2.553334998e-13,2.166628404e-13,1.746104286e-13,5.315710761e-14,1.030586348e-13,5.414488806e-14,1.190885409e-13,1.663416122e-13,5.941026098e-14,7.292946463e-14,2.08422032e-13,4.68557373e-13,3.412280823e-13,3.090400403e-13,3.82062463e-13,2.398101778e-13,6.117280216e-13,6.017489686e-14,6.39541969e-14,1.255494892e-14,6.047638842e-14,7.457637408e-14,8.289505224e-14,1.476966244e-13,7.601549298e-14,1.316013971e-13,4.623701779e-14,4.605600772e-13,4.705236086e-14
153.5625,4.595674421e-13,1.529424086e-13,1.27363512e-13,2.566547431e-13,2.153686387e-13,1.735974071e-13,5.31636225e-14,1.029301305e-13,5.419366713e-14,1.193878755e-13,1.671522324e-13,5.88455454e-14,7.069653776e-14,2.050160869e-13,4.665410227e-13,3.384223551e-13,3.046197422e-13,3.745294911e-13,2.375076603e-13,6.137310597e-13,6.098286598e-14,6.312692722e-14,1.246121048e-14,6.018005726e-14,7.376152631e-14,8.324579224e-14,1.482142373e-13,7.531382225e-14,1.301756694e-13,4.652341069e-14,4.560599947e-13,4.711797908e-14
153.5703125,4.547289864e-13,1.513653166e-13,1.264098136e-13,2.583205773e-13,2.139705738e-13,1.727481064e-13,5.320006029e-14,1.027953587e-13,5.41974819e-14,1.196451884e-13,1.679584309e-13,5.826569385e-14,6.856690508e-14,2.015827857e-13,4.647700111e-13,3.358215133e-13,3.003773963e-13,3.671547588e-13,2.352362711e-13,6.155691255e-13,6.182042556e-14,6.229437387e-14,1.238399735e-14,5.985266749e-14,7.298534741e-14,8.362218348e-14,1.487288196e-13,7.470356806e-14,1.288010512e-13,4.683325968e-14,4.514032479e-13,4.715610837e-14
153.578125,4.498768803e-13,1.498632822e-13,1.254578874e-13,2.602694949e-13,2.125061133e-13,1.719838747e-13,5.326634746e-14,1.026713208e-13,5.420772716e-14,1.198896206e-13,1.687807902e-13,5.765932957e-14,6.646047533e-14,1.981263274e-13,4.630791957e-13,3.33347109e-13,2.962140127e-13,3.597915497e-13,2.329230286e-13,6.177479408e-13,6.266961145e-14,6.146051594e-14,1.230746191e-14,5.950889945e-14,7.22058489e-14,8.400648665e-14,1.492955916e-13,7.419451527e-14,1.274897072e-13,4.712356868e-14,4.465877006e-13,4.720145756e-14
153.5859375,4.452145404e-13,1.482759302e-13,1.243939506e-13,2.621986162e-13,2.111941025e-13,1.713108441e-13,5.338672256e-14,1.025870336e-13,5.424487149e-14,1.201728807e-13,1.695722404e-13,5.703015613e-14,6.435982599e-14,1.947070271e-13,4.6126129e-13,3.308455085e-13,2.921052084e-13,3.525902324e-13,2.305605326e-13,6.199629238e-13,6.359050063e-14,6.062975315e-14,1.223843347e-14,5.921962856e-14,7.144124751e-14,8.434244619e-14,1.498814864e-13,7.371253022e-14,1.26194144e-13,4.739091233e-14,4.416928394e-13,4.724910289e-14
153.59375,4.407331464e-13,1.466102315e-13,1.233501625e-13,2.640493356e-13,2.101394333e-13,1.707613371e-13,5.357162599e-14,1.025282118e-13,5.430383743e-14,1.205093004e-13,1.703118705e-13,5.640333742e-14,6.232853368e-14,1.914253238e-13,4.594613393e-13,3.283557739e-13,2.881006259e-13,3.456463087e-13,2.281647527e-13,6.218682123e-13,6.456325919e-14,5.981759291e-14,1.219138817e-14,5.900730387e-14,7.070992016e-14,8.465296906e-14,1.503923216e-13,7.326143477e-14,1.249229449e-13,4.767858696e-14,4.368138749e-13,4.728883773e-14
153.6015625,4.361247486e-13,1.452650538e-13,1.22503956e-13,2.660311681e-13,2.091589271e-13,1.7027098e-13,5.375850686e-14,1.024559512e-13,5.439359756e-14,1.208021514e-13,1.711363508e-13,5.585503921e-14,6.034176124e-14,1.883936744e-13,4.579440915e-13,3.260429361e-13,2.842188137e-13,3.388269377e-13,2.257274477e-13,6.235629779e-13,6.551752619e-14,5.900334717e-14,1.216227804e-14,5.879945032e-14,6.997665985e-14,8.500594504e-14,1.509170568e-13,7.29266481e-14,1.237429708e-13,4.798902213e-14,4.319626935e-13,4.731688628e-14
153.609375,4.312482497e-13,1.442888151e-13,1.217564437e-13,2.681177412e-13,2.080070806e-13,1.697825059e-13,5.392792414e-14,1.023701671e-13,5.450572667e-14,1.209934963e-13,1.721249441e-13,5.540262789e-14,5.831023531e-14,1.855500734e-13,4.565452233e-13,3.237646976e-13,2.804146557e-13,3.319736922e-13,2.232548112e-13,6.248894812e-13,6.649529492e-14,5.817179201e-14,1.214061652e-14,5.854959004e-14,6.923701443e-14,8.539551951e-14,1.515591831e-13,7.262744483e-14,1.226974411e-13,4.830799603e-14,4.270395678e-13,4.733323679e-14
153.6171875,4.262993547e-13,1.431213396e-13,1.209282851e-13,2.700562605e-13,2.0671911e-13,1.692723109e-13,5.414220639e-14,1.022684284e-13,5.460069702e-14,1.212043636e-13,1.730982207e-13,5.494191367e-14,5.622311095e-14,1.826809433e-13,4.54925456e-13,3.212206137e-13,2.76617188e-13,3.250922356e-13,2.207311754e-13,6.258007256e-13,6.753720442e-14,5.734225013e-14,1.212511077e-14,5.83099327e-14,6.851311644e-14,8.574325845e-14,1.521738345e-13,7.218597856e-14,1.217409929e-13,4.863923339e-14,4.220039338e-13,4.735043788e-14
153.625,4.213939123e-13,1.415264551e-13,1.200905119e-13,2.719151864e-13,2.055075006e-13,1.688105632e-13,5.441332579e-14,1.021222646e-13,5.467145699e-14,1.215018621e-13,1.739037277e-13,5.443029742e-14,5.4165749e-14,1.797659356e-13,4.532026481e-13,3.185478757e-13,2.728444124e-13,3.183552604e-13,2.181314939e-13,6.266930203e-13,6.858785948e-14,5.651000485e-14,1.212900116e-14,5.811270248e-14,6.778990302e-14,8.602644383e-14,1.526816996e-13,7.167864016e-14,1.207895143e-13,4.896911864e-14,4.16918151e-13,4.737160816e-14
153.6328125,4.16504887e-13,1.400144458e-13,1.193627042e-13,2.739859194e-13,2.044442955e-13,1.684632393e-13,5.468856035e-14,1.019255291e-13,5.474830514e-14,1.217497402e-13,1.746834451e-13,5.39501534e-14,5.221519433e-14,1.770104122e-13,4.516001589e-13,3.160219882e-13,2.691586311e-13,3.118468667e-13,2.154818108e-13,6.277173564e-13,6.962679146e-14,5.566117887e-14,1.216751278e-14,5.790498495e-14,6.70393539e-14,8.633017279e-14,1.532794952e-13,7.133216548e-14,1.198382212e-13,4.929972286e-14,4.117546244e-13,4.738713047e-14
153.640625,4.115981026e-13,1.389235306e-13,1.186424608e-13,2.762779622e-13,2.034183822e-13,1.680513891e-13,5.49354093e-14,1.017185265e-13,5.482859772e-14,1.218869132e-13,1.755733059e-13,5.351467669e-14,5.035020468e-14,1.74408631e-13,4.499267675e-13,3.135296259e-13,2.655221966e-13,3.054128855e-13,2.127990708e-13,6.28752407e-13,7.069697821e-14,5.480481269e-14,1.223211905e-14,5.767053504e-14,6.625730421e-14,8.671348758e-14,1.540744905e-13,7.114696299e-14,1.189026764e-13,4.96648549e-14,4.063874737e-13,4.740100573e-14
153.6484375,4.065773984e-13,1.379460541e-13,1.178310797e-13,2.786215201e-13,2.023420741e-13,1.675076011e-13,5.516442466e-14,1.015620689e-13,5.488831402e-14,1.220540003e-13,1.764438333e-13,5.305777837e-14,4.851049295e-14,1.717494258e-13,4.480816242e-13,3.109513065e-13,2.618921315e-13,2.990205317e-13,2.100902587e-13,6.295902884e-13,7.181278445e-14,5.39446943e-14,1.230310727e-14,5.746639791e-14,6.547178615e-14,8.711427521e-14,1.549044234e-13,7.098652613e-14,1.179271088e-13,5.005707377e-14,4.008054393e-13,4.741720227e-14
153.65625,4.014288372e-13,1.368106655e-13,1.170261805e-13,2.810079693e-13,2.012900584e-13,1.671229847e-13,5.541030487e-14,1.01463679e-13,5.494316642e-14,1.22316506e-13,1.772059477e-13,5.258641069e-14,4.670015058e-14,1.690659978e-13,4.46294074e-13,3.083700962e-13,2.583165817e-13,2.928865307e-13,2.073970218e-13,6.299964446e-13,7.293307003e-14,5.308497928e-14,1.237983137e-14,5.73103513e-14,6.471427142e-14,8.746640829e-14,1.556353059e-13,7.081712148e-14,1.168889587e-13,5.043814105e-14,3.951174104e-13,4.742958932e-14
153.6640625,3.962307058e-13,1.356191165e-13,1.163116028e-13,2.835651384e-13,2.003057712e-13,1.669358685e-13,5.568177524e-14,1.013647387e-13,5.502475566e-14,1.22575829e-13,1.780090989e-13,5.214367565e-14,4.495276457e-14,1.665136365e-13,4.445726375e-13,3.057680268e-13,2.548502427e-13,2.869914683e-13,2.046994008e-13,6.30214832e-13,7.403385424e-14,5.222279054e-14,1.247278248e-14,5.716856913e-14,6.397415018e-14,8.779709589e-14,1.563867864e-13,7.066655381e-14,1.158585047e-13,5.081080133e-14,3.893786111e-13,4.743836525e-14
153.671875,3.90924264e-13,1.344858697e-13,1.156549598e-13,2.863308757e-13,1.992349261e-13,1.66674243e-13,5.595115413e-14,1.01229041e-13,5.511754658e-14,1.227899835e-13,1.789323585e-13,5.172355124e-14,4.327178861e-14,1.64009699e-13,4.427464129e-13,3.031127893e-13,2.514880207e-13,2.810912438e-13,2.019343726e-13,6.303845177e-13,7.517297575e-14,5.133074273e-14,1.259003429e-14,5.701323434e-14,6.323256837e-14,8.813582737e-14,1.572985306e-13,7.058623511e-14,1.149033075e-13,5.119942506e-14,3.835903489e-13,4.743169002e-14
153.6796875,3.855380126e-13,1.333979683e-13,1.150345914e-13,2.891286008e-13,1.980269585e-13,1.663632152e-13,5.622024367e-14,1.010515148e-13,5.517703764e-14,1.22976459e-13,1.798678091e-13,5.130611783e-14,4.165060267e-14,1.614792683e-13,4.408083417e-13,3.004037673e-13,2.481110047e-13,2.752132949e-13,1.99128788e-13,6.299758675e-13,7.637361675e-14,5.041721972e-14,1.273672887e-14,5.68163022e-14,6.249479207e-14,8.845217644e-14,1.581958826e-13,7.05986716e-14,1.140190082e-13,5.16029024e-14,3.77778629e-13,4.739442948e-14
153.6875,3.803394438e-13,1.323096458e-13,1.14449446e-13,2.918408359e-13,1.968641254e-13,1.661378515e-13,5.651177382e-14,1.008346226e-13,5.521858341e-14,1.230967465e-13,1.807761438e-13,5.089925326e-14,4.008323968e-14,1.590625927e-13,4.387606192e-13,2.975652854e-13,2.446150774e-13,2.694555264e-13,1.963329306e-13,6.292283626e-13,7.756165509e-14,4.952720054e-14,1.290745755e-14,5.658151652e-14,6.175237697e-14,8.872613121e-14,1.588616835e-13,7.061837776e-14,1.131216701e-13,5.200343735e-14,3.719701207e-13,4.735727362e-14
153.6953125,3.754391371e-13,1.312071176e-13,1.13901488e-13,2.946252288e-13,1.958080604e-13,1.659491486e-13,5.680813875e-14,1.006393644e-13,5.531071575e-14,1.232013769e-13,1.816763026e-13,5.054018771e-14,3.858107427e-14,1.5684676e-13,4.366838625e-13,2.947294313e-13,2.411627007e-13,2.637108698e-13,1.935687229e-13,6.289904147e-13,7.875278783e-14,4.867095863e-14,1.309288611e-14,5.637398324e-14,6.100392745e-14,8.895691364e-14,1.594576305e-13,7.061918994e-14,1.121585202e-13,5.238309871e-14,3.662405104e-13,4.735269677e-14
153.703125,3.706719046e-13,1.301636137e-13,1.134317478e-13,2.975075525e-13,1.9476922e-13,1.658438387e-13,5.708873127e-14,1.005091386e-13,5.544873303e-14,1.234234095e-13,1.824863051e-13,5.024302747e-14,3.717367428e-14,1.547857285e-13,4.347798146e-13,2.921015446e-13,2.379051732e-13,2.580442714e-13,1.908625283e-13,6.287034582e-13,8.004208357e-14,4.784046238e-14,1.329023283e-14,5.622744905e-14,6.027525118e-14,8.911753021e-14,1.601651368e-13,7.069782693e-14,1.112168638e-13,5.273555169e-14,3.607326005e-13,4.734409815e-14
153.7109375,3.657849781e-13,1.292544226e-13,1.130568663e-13,3.003324931e-13,1.93700155e-13,1.658390693e-13,5.738082243e-14,1.003668529e-13,5.555486139e-14,1.237197076e-13,1.83204159e-13,4.996213237e-14,3.583968296e-14,1.528124842e-13,4.329308329e-13,2.894632746e-13,2.346378414e-13,2.526158244e-13,1.881427609e-13,6.275413943e-13,8.138913319e-14,4.702230136e-14,1.35018126e-14,5.611351722e-14,5.955520491e-14,8.921504062e-14,1.6082378e-13,7.088075192e-14,1.103794023e-13,5.309343239e-14,3.55427658e-13,4.728051816e-14
153.71875,3.606042682e-13,1.284448742e-13,1.127421574e-13,3.033007163e-13,1.925374943e-13,1.658038649e-13,5.771810526e-14,1.001484738e-13,5.560668842e-14,1.23967282e-13,1.839992633e-13,4.966400904e-14,3.453288776e-14,1.508345188e-13,4.308915827e-13,2.865639313e-13,2.312424588e-13,2.47278252e-13,1.853171066e-13,6.261713301e-13,8.269394674e-14,4.618022883e-14,1.37442237e-14,5.60255374e-14,5.88093306e-14,8.931513736e-14,1.613300589e-13,7.114894455e-14,1.095912123e-13,5.34975252e-14,3.500786068e-13,4.716859438e-14
153.7265625,3.553155817e-13,1.276533157e-13,1.124769338e-13,3.066524283e-13,1.913261191e-13,1.658352499e-13,5.808943859e-14,9.989384004e-14,5.564472866e-14,1.241787926e-13,1.849094256e-13,4.936659166e-14,3.328772226e-14,1.488724509e-13,4.288076265e-13,2.836052215e-13,2.27964688e-13,2.419372464e-13,1.824686669e-13,6.250309691e-13,8.396578399e-14,4.531970855e-14,1.403118737e-14,5.596796623e-14,5.804990497e-14,8.943264113e-14,1.618228485e-13,7.151221042e-14,1.087752645e-13,5.391333742e-14,3.445434104e-13,4.704296313e-14
153.734375,3.502244742e-13,1.268839897e-13,1.122880409e-13,3.101162778e-13,1.902426233e-13,1.66077298e-13,5.847002298e-14,9.96418485e-14,5.57234977e-14,1.243714916e-13,1.857847424e-13,4.910858147e-14,3.215240145e-14,1.471033602e-13,4.268458218e-13,2.808012986e-13,2.248862285e-13,2.367465214e-13,1.796673194e-13,6.235903913e-13,8.529149484e-14,4.448862823e-14,1.433913087e-14,5.591732532e-14,5.731140372e-14,8.952397081e-14,1.62338128e-13,7.192300058e-14,1.07920663e-13,5.428360971e-14,3.38992926e-13,4.691992562e-14
153.7421875,3.452048668e-13,1.261903097e-13,1.121977443e-13,3.13466705e-13,1.891954552e-13,1.663779083e-13,5.888346393e-14,9.940470163e-14,5.588535069e-14,1.245072689e-13,1.865793069e-13,4.892652117e-14,3.108091901e-14,1.455229669e-13,4.24908102e-13,2.780924576e-13,2.217814749e-13,2.316708991e-13,1.768329322e-13,6.219126325e-13,8.673030523e-14,4.368235676e-14,1.464365173e-14,5.587193051e-14,5.660695729e-14,8.958618019e-14,1.627712238e-13,7.231870682e-14,1.070795669e-13,5.463785003e-14,3.336460721e-13,4.679489334e-14
153.75,3.400580331e-13,1.254102476e-13,1.121836474e-13,3.16839789e-13,1.879919135e-13,1.666351309e-13,5.935300473e-14,9.91796158e-14,5.607498974e-14,1.245886296e-13,1.873567991e-13,4.878479256e-14,3.002210946e-14,1.439199932e-13,4.229513858e-13,2.753879185e-13,2.185824401e-13,2.266068141e-13,1.739700983e-13,6.202444288e-13,8.819523022e-14,4.286707547e-14,1.495735181e-14,5.585079619e-14,5.591959682e-14,8.964288476e-14,1.631241291e-13,7.263764334e-14,1.063336015e-13,5.499919008e-14,3.284103999e-13,4.665384435e-14
153.7578125,3.348887228e-13,1.243137405e-13,1.122157341e-13,3.202470926e-13,1.867699283e-13,1.669062134e-13,5.982194622e-14,9.892099342e-14,5.619248973e-14,1.246381629e-13,1.881145845e-13,4.860906553e-14,2.901266197e-14,1.422660747e-13,4.209404614e-13,2.726139838e-13,2.154259755e-13,2.216683555e-13,1.711529975e-13,6.182157008e-13,8.955967433e-14,4.204807543e-14,1.529010234e-14,5.585401708e-14,5.520937361e-14,8.970050022e-14,1.635155578e-13,7.28628495e-14,1.056646227e-13,5.53239204e-14,3.230414232e-13,4.648661147e-14
153.765625,3.297251401e-13,1.231771819e-13,1.123713694e-13,3.236788038e-13,1.856647975e-13,1.671865622e-13,6.023902603e-14,9.862075164e-14,5.627629182e-14,1.247055789e-13,1.888446074e-13,4.845345243e-14,2.811647039e-14,1.407451706e-13,4.188302296e-13,2.697534877e-13,2.123581524e-13,2.169080795e-13,1.683665669e-13,6.158529116e-13,9.090921641e-14,4.124835907e-14,1.564117671e-14,5.588330178e-14,5.446724877e-14,8.976395308e-14,1.639562278e-13,7.321285222e-14,1.049956151e-13,5.564666388e-14,3.176510594e-13,4.630197296e-14
153.7734375,3.24592948e-13,1.224290388e-13,1.12746764e-13,3.273016157e-13,1.846212158e-13,1.67528634e-13,6.063565564e-14,9.833717124e-14,5.641841256e-14,1.24815434e-13,1.895817543e-13,4.841386755e-14,2.735721689e-14,1.394918778e-13,4.168223227e-13,2.669490913e-13,2.093440838e-13,2.123095059e-13,1.65627026e-13,6.135703379e-13,9.236452953e-14,4.048455215e-14,1.602390805e-14,5.594884578e-14,5.37301178e-14,8.981672576e-14,1.642804901e-13,7.384386224e-14,1.043798582e-13,5.603403887e-14,3.125591244e-13,4.61219475e-14
153.78125,3.196210392e-13,1.21831848e-13,1.132805802e-13,3.310729189e-13,1.836755761e-13,1.679769253e-13,6.103305791e-14,9.807871626e-14,5.65892634e-14,1.248892421e-13,1.903107094e-13,4.84399418e-14,2.671970944e-14,1.384937208e-13,4.150248009e-13,2.642927387e-13,2.064162401e-13,2.079108465e-13,1.629587665e-13,6.113326746e-13,9.384611542e-14,3.974963949e-14,1.643912418e-14,5.605752345e-14,5.301752131e-14,8.984461993e-14,1.644674503e-13,7.451583186e-14,1.038706617e-13,5.642702925e-14,3.076987463e-13,4.594980751e-14
153.7890625,3.146063106e-13,1.209942056e-13,1.138966071e-13,3.3484208e-13,1.828182286e-13,1.684453688e-13,6.142174859e-14,9.780386865e-14,5.675236396e-14,1.249131433e-13,1.909964516e-13,4.847128939e-14,2.617889402e-14,1.376400708e-13,4.132408715e-13,2.617108534e-13,2.036147113e-13,2.035814213e-13,1.602843831e-13,6.090080253e-13,9.529662674e-14,3.902147688e-14,1.687701412e-14,5.620231014e-14,5.231935961e-14,8.988516841e-14,1.647328842e-13,7.509920785e-14,1.033710527e-13,5.677814379e-14,3.028637753e-13,4.577054799e-14
153.796875,3.094556089e-13,1.201258314e-13,1.146315819e-13,3.386926943e-13,1.819600906e-13,1.68993899e-13,6.183019893e-14,9.750347948e-14,5.695274649e-14,1.249400523e-13,1.91658151e-13,4.854984243e-14,2.571851028e-14,1.368862249e-13,4.11486362e-13,2.591734348e-13,2.009040296e-13,1.992393008e-13,1.576228641e-13,6.065520558e-13,9.675367562e-14,3.832242571e-14,1.734585337e-14,5.634629876e-14,5.16323664e-14,8.993408163e-14,1.650882226e-13,7.580839991e-14,1.028611865e-13,5.714000591e-14,2.981993808e-13,4.558876641e-14
153.8046875,3.045863994e-13,1.194832323e-13,1.154583405e-13,3.426787432e-13,1.811759533e-13,1.697172041e-13,6.227823479e-14,9.718727318e-14,5.719091893e-14,1.249118116e-13,1.923225834e-13,4.86705254e-14,2.531898926e-14,1.362716907e-13,4.099460854e-13,2.567370864e-13,1.982869207e-13,1.950950602e-13,1.550830589e-13,6.03873362e-13,9.818676062e-14,3.767152652e-14,1.783706419e-14,5.649371641e-14,5.096366576e-14,8.992073699e-14,1.653386524e-13,7.666604171e-14,1.024405307e-13,5.751224386e-14,2.937674833e-13,4.541256143e-14
153.8125,2.999517816e-13,1.189015364e-13,1.162936185e-13,3.467081645e-13,1.804572916e-13,1.704509825e-13,6.274894371e-14,9.686873363e-14,5.741972715e-14,1.248314727e-13,1.929828368e-13,4.877570092e-14,2.496944015e-14,1.357158727e-13,4.084911982e-13,2.544218879e-13,1.958033365e-13,1.91177728e-13,1.525918027e-13,6.011860782e-13,9.959458708e-14,3.700806558e-14,1.831880745e-14,5.671357113e-14,5.031851757e-14,8.986225526e-14,1.655156533e-13,7.752328264e-14,1.020760299e-13,5.786183429e-14,2.893186551e-13,4.522141503e-14
153.8203125,2.950979282e-13,1.1824014e-13,1.172058732e-13,3.507733332e-13,1.796635555e-13,1.711208728e-13,6.324271537e-14,9.656058259e-14,5.765387186e-14,1.248085098e-13,1.936120689e-13,4.889270228e-14,2.470416242e-14,1.351720892e-13,4.069400267e-13,2.521700095e-13,1.933344051e-13,1.873110765e-13,1.500458855e-13,5.986269799e-13,1.010381708e-13,3.631240735e-14,1.878985289e-14,5.699328748e-14,4.968966762e-14,8.982642762e-14,1.657175805e-13,7.842306199e-14,1.016904391e-13,5.820797686e-14,2.849045254e-13,4.500727418e-14
153.828125,2.903225018e-13,1.176376613e-13,1.183239705e-13,3.549496996e-13,1.788839628e-13,1.718870632e-13,6.375608633e-14,9.623935828e-14,5.79301088e-14,1.248142147e-13,1.942098113e-13,4.909296518e-14,2.455928473e-14,1.348493499e-13,4.053840319e-13,2.498422422e-13,1.907679216e-13,1.836050907e-13,1.475540548e-13,5.958114324e-13,1.02515322e-13,3.567338307e-14,1.927836053e-14,5.726342516e-14,4.90651406e-14,8.976521831e-14,1.658563442e-13,7.944452435e-14,1.013648742e-13,5.85429929e-14,2.808227943e-13,4.478683338e-14
153.8359375,2.859919449e-13,1.172335501e-13,1.195932696e-13,3.592938029e-13,1.782230112e-13,1.727630297e-13,6.427199422e-14,9.588338432e-14,5.822092198e-14,1.24810494e-13,1.948365846e-13,4.936007727e-14,2.450533868e-14,1.348331592e-13,4.03918927e-13,2.473526531e-13,1.882625578e-13,1.801883702e-13,1.451930294e-13,5.925898234e-13,1.039976647e-13,3.511680422e-14,1.980279301e-14,5.757133703e-14,4.843648466e-14,8.960967376e-14,1.659109623e-13,8.059471091e-14,1.011468152e-13,5.885009429e-14,2.769151244e-13,4.455415249e-14
153.84375,2.816152644e-13,1.168888734e-13,1.208655699e-13,3.637392308e-13,1.775681286e-13,1.736362415e-13,6.480109111e-14,9.552912089e-14,5.84907726e-14,1.248579236e-13,1.95521128e-13,4.960711306e-14,2.449634253e-14,1.349166992e-13,4.024877831e-13,2.448003815e-13,1.859062599e-13,1.768818954e-13,1.42832132e-13,5.892937342e-13,1.054434213e-13,3.455670329e-14,2.035253037e-14,5.797626783e-14,4.778041432e-14,8.941034158e-14,1.659243916e-13,8.185111052e-14,1.009257875e-13,5.915829177e-14,2.728071208e-13,4.430235374e-14
153.8515625,2.769283233e-13,1.164075959e-13,1.221831015e-13,3.681416941e-13,1.768894162e-13,1.744894362e-13,6.53407906e-14,9.522105973e-14,5.878329362e-14,1.249137468e-13,1.961928687e-13,4.982428091e-14,2.454342598e-14,1.350371224e-13,4.01049472e-13,2.422824081e-13,1.835080284e-13,1.735972055e-13,1.403941864e-13,5.861082424e-13,1.06832959e-13,3.396099942e-14,2.08990203e-14,5.842409985e-14,4.709547689e-14,8.923474524e-14,1.658212894e-13,8.310366429e-14,1.006706197e-13,5.947141219e-14,2.686235966e-13,4.405410782e-14
153.859375,2.724177176e-13,1.159333044e-13,1.237100659e-13,3.725305103e-13,1.762760014e-13,1.753721329e-13,6.586291404e-14,9.494776355e-14,5.91524318e-14,1.249325305e-13,1.968110342e-13,5.009154814e-14,2.4686189e-14,1.353325426e-13,3.996791112e-13,2.397660048e-13,1.810533887e-13,1.704543174e-13,1.380204521e-13,5.830510561e-13,1.082661811e-13,3.339595608e-14,2.145126755e-14,5.889200695e-14,4.643769019e-14,8.907395324e-14,1.656337333e-13,8.43334873e-14,1.005000366e-13,5.977961012e-14,2.647459708e-13,4.38175271e-14
153.8671875,2.682984485e-13,1.155972682e-13,1.254417337e-13,3.76908296e-13,1.757942771e-13,1.763777458e-13,6.637408694e-14,9.465446219e-14,5.955067303e-14,1.249607577e-13,1.974196274e-13,5.04211497e-14,2.494495537e-14,1.35845939e-13,3.984147566e-13,2.372414183e-13,1.787352434e-13,1.674693071e-13,1.358728589e-13,5.800645024e-13,1.097735198e-13,3.291538226e-14,2.204553402e-14,5.940643717e-14,4.582238035e-14,8.889224315e-14,1.655223171e-13,8.564986067e-14,1.004596602e-13,6.00970707e-14,2.611917545e-13,4.357481398e-14
153.875,2.642920053e-13,1.151965377e-13,1.272875297e-13,3.811376914e-13,1.754862388e-13,1.77527702e-13,6.687929107e-14,9.429273817e-14,5.989796034e-14,1.249482412e-13,1.980340997e-13,5.075811873e-14,2.531597648e-14,1.365159696e-13,3.970698595e-13,2.346919515e-13,1.76499058e-13,1.645726385e-13,1.339079806e-13,5.769059668e-13,1.112382582e-13,3.249944277e-14,2.266159749e-14,5.99209167e-14,4.518660003e-14,8.867679994e-14,1.654704557e-13,8.703053967e-14,1.004835243e-13,6.041212594e-14,2.577260798e-13,4.331438502e-14
153.8828125,2.602277992e-13,1.147741143e-13,1.292605483e-13,3.855348677e-13,1.752682267e-13,1.786873038e-13,6.734662252e-14,9.387261379e-14,6.020867096e-14,1.24857794e-13,1.98649745e-13,5.111274127e-14,2.577882233e-14,1.372769146e-13,3.954822978e-13,2.320218887e-13,1.74192105e-13,1.617631112e-13,1.319410264e-13,5.734716654e-13,1.126727361e-13,3.209410086e-14,2.326683109e-14,6.040173103e-14,4.451143383e-14,8.845145605e-14,1.654024458e-13,8.846854491e-14,1.005628881e-13,6.072193685e-14,2.542475806e-13,4.303573172e-14
153.890625,2.561760706e-13,1.146111489e-13,1.313419691e-13,3.905361792e-13,1.750509675e-13,1.798056841e-13,6.778192019e-14,9.348205306e-14,6.056794294e-14,1.247857629e-13,1.992918772e-13,5.152418125e-14,2.633186097e-14,1.38141659e-13,3.937949097e-13,2.292589924e-13,1.718879415e-13,1.590547792e-13,1.299017984e-13,5.699154784e-13,1.141634306e-13,3.169000651e-14,2.389418702e-14,6.091573973e-14,4.383398669e-14,8.823879877e-14,1.653915074e-13,9.010770053e-14,1.007313141e-13,6.105202609e-14,2.508293011e-13,4.275195808e-14
153.8984375,2.522021355e-13,1.145310983e-13,1.334524336e-13,3.956730943e-13,1.748690757e-13,1.809747073e-13,6.823945544e-14,9.319984412e-14,6.101666231e-14,1.247404426e-13,1.999089115e-13,5.196801438e-14,2.699229673e-14,1.391355969e-13,3.921550421e-13,2.265603921e-13,1.696522101e-13,1.56424799e-13,1.278711625e-13,5.662950159e-13,1.156526053e-13,3.131602798e-14,2.455509756e-14,6.150946437e-14,4.316437739e-14,8.800366317e-14,1.654080031e-13,9.188222142e-14,1.009245195e-13,6.137080066e-14,2.475877187e-13,4.24745238e-14
153.90625,2.482274979e-13,1.142392957e-13,1.356022469e-13,4.003711229e-13,1.746791668e-13,1.822287875e-13,6.874604694e-14,9.296808822e-14,6.148983474e-14,1.246483335e-13,2.00403147e-13,5.239002197e-14,2.773775959e-14,1.401286393e-13,3.905586873e-13,2.239872859e-13,1.674475577e-13,1.539109783e-13,1.258963916e-13,5.625589793e-13,1.17110499e-13,3.096061047e-14,2.520362248e-14,6.213181621e-14,4.251434425e-14,8.77071886e-14,1.652526649e-13,9.356048042e-14,1.010558913e-13,6.163292791e-14,2.444907074e-13,4.218965442e-14
153.9140625,2.443154946e-13,1.138789101e-13,1.378797803e-13,4.051097659e-13,1.744944721e-13,1.835644659e-13,6.926706512e-14,9.267295915e-14,6.191848354e-14,1.245372659e-13,2.008461228e-13,5.27998439e-14,2.8551664e-14,1.411091663e-13,3.890867536e-13,2.215309008e-13,1.653693889e-13,1.51637912e-13,1.239908817e-13,5.58852439e-13,1.186279657e-13,3.060964208e-14,2.584167789e-14,6.27431793e-14,4.190671325e-14,8.739892069e-14,1.649438023e-13,9.519106906e-14,1.011990418e-13,6.187224349e-14,2.41397953e-13,4.189760283e-14
153.921875,2.407702059e-13,1.136036939e-13,1.403921838e-13,4.103629193e-13,1.744775937e-13,1.849461191e-13,6.973556896e-14,9.235862696e-14,6.237238857e-14,1.244579917e-13,2.013767138e-13,5.329568193e-14,2.947906565e-14,1.423095865e-13,3.877120357e-13,2.191945451e-13,1.635152931e-13,1.495487651e-13,1.222043257e-13,5.554423803e-13,1.202402715e-13,3.031076053e-14,2.651349474e-14,6.341121165e-14,4.132034644e-14,8.716187405e-14,1.647246211e-13,9.694533655e-14,1.01523484e-13,6.213139603e-14,2.384374361e-13,4.163443953e-14
153.9296875,2.374645169e-13,1.13330184e-13,1.431142143e-13,4.156047889e-13,1.745347576e-13,1.862523536e-13,7.013554302e-14,9.21330598e-14,6.292773481e-14,1.243692387e-13,2.019112853e-13,5.390221275e-14,3.051461528e-14,1.436733837e-13,3.861616909e-13,2.169257876e-13,1.617820237e-13,1.473807913e-13,1.20508137e-13,5.521120355e-13,1.218839796e-13,3.007534622e-14,2.722830339e-14,6.418364046e-14,4.07367245e-14,8.698155408e-14,1.646308573e-13,9.87340019e-14,1.02060959e-13,6.238784515e-14,2.358013291e-13,4.14124428e-14
153.9375,2.338845949e-13,1.129998945e-13,1.458056775e-13,4.203152389e-13,1.745205522e-13,1.874566428e-13,7.052500291e-14,9.192616679e-14,6.348616645e-14,1.24207181e-13,2.02308144e-13,5.447803081e-14,3.158010748e-14,1.449212389e-13,3.84391052e-13,2.146371186e-13,1.601002563e-13,1.451719357e-13,1.188331695e-13,5.482259501e-13,1.234754011e-13,2.983808319e-14,2.796721785e-14,6.498183956e-14,4.018458873e-14,8.675020595e-14,1.644978566e-13,1.004001913e-13,1.026710188e-13,6.259670841e-14,2.332103373e-13,4.11965948e-14
153.9453125,2.301464755e-13,1.126232707e-13,1.484031653e-13,4.247989167e-13,1.746009159e-13,1.886713306e-13,7.093016374e-14,9.163158612e-14,6.395598897e-14,1.24005014e-13,2.026515702e-13,5.495424914e-14,3.266988221e-14,1.461103275e-13,3.826567039e-13,2.12291408e-13,1.585163218e-13,1.432327793e-13,1.172336658e-13,5.439104352e-13,1.250001457e-13,2.95824548e-14,2.869576158e-14,6.576295273e-14,3.966752532e-14,8.641663551e-14,1.642836462e-13,1.019945807e-13,1.032358443e-13,6.275252053e-14,2.304362804e-13,4.095619074e-14
153.953125,2.267728476e-13,1.122691918e-13,1.511558521e-13,4.29564099e-13,1.747561912e-13,1.899670392e-13,7.132069628e-14,9.13018569e-14,6.441069442e-14,1.238484626e-13,2.030231779e-13,5.544121183e-14,3.384107275e-14,1.473905272e-13,3.810810843e-13,2.099551199e-13,1.569497977e-13,1.415230073e-13,1.157405923e-13,5.399241974e-13,1.265251501e-13,2.935319317e-14,2.939166453e-14,6.657296669e-14,3.914518995e-14,8.604757196e-14,1.640093562e-13,1.03625348e-13,1.037768294e-13,6.289634761e-14,2.278547185e-13,4.069788192e-14
153.9609375,2.237344969e-13,1.120193858e-13,1.5415785e-13,4.345471969e-13,1.748378934e-13,1.913513848e-13,7.170295236e-14,9.09869827e-14,6.49128925e-14,1.23728289e-13,2.033202062e-13,5.600267363e-14,3.512047263e-14,1.487734658e-13,3.796019635e-13,2.077474387e-13,1.553052533e-13,1.398247939e-13,1.142615289e-13,5.361469724e-13,1.28085867e-13,2.916491805e-14,3.008553279e-14,6.740514692e-14,3.860814437e-14,8.569407631e-14,1.636578022e-13,1.053119818e-13,1.043919216e-13,6.305574683e-14,2.257083221e-13,4.043858925e-14
153.96875,2.207427974e-13,1.118132543e-13,1.57321375e-13,4.39342638e-13,1.751601413e-13,1.927918743e-13,7.210876232e-14,9.067445949e-14,6.544949031e-14,1.236004688e-13,2.035378779e-13,5.662040413e-14,3.652780324e-14,1.50393758e-13,3.781235598e-13,2.056528185e-13,1.537004193e-13,1.38270182e-13,1.127945052e-13,5.320404209e-13,1.296899259e-13,2.900977349e-14,3.07957655e-14,6.827084327e-14,3.808615085e-14,8.531623058e-14,1.633004035e-13,1.070652843e-13,1.051681316e-13,6.320748425e-14,2.237413379e-13,4.016771323e-14
153.9765625,2.177041001e-13,1.11545562e-13,1.60666206e-13,4.440369112e-13,1.759069674e-13,1.942243335e-13,7.252913299e-14,9.040477273e-14,6.60341412e-14,1.234682141e-13,2.037995823e-13,5.730971466e-14,3.806099795e-14,1.522626259e-13,3.765739324e-13,2.03560608e-13,1.52221336e-13,1.369876781e-13,1.113956021e-13,5.278628221e-13,1.313528149e-13,2.887743974e-14,3.14890752e-14,6.923817622e-14,3.758655643e-14,8.489896766e-14,1.629863523e-13,1.088772121e-13,1.061103878e-13,6.33251619e-14,2.218288401e-13,3.987210703e-14
153.984375,2.145579162e-13,1.112697791e-13,1.641711186e-13,4.489658778e-13,1.766431317e-13,1.956344089e-13,7.293299856e-14,9.017263435e-14,6.665030665e-14,1.232934061e-13,2.040816799e-13,5.80466692e-14,3.966774837e-14,1.541139773e-13,3.749926455e-13,2.014819795e-13,1.507883069e-13,1.358049795e-13,1.100401142e-13,5.237701545e-13,1.330027267e-13,2.875360545e-14,3.216030493e-14,7.025890431e-14,3.709062333e-14,8.450498875e-14,1.626572083e-13,1.106714821e-13,1.071513603e-13,6.341822618e-14,2.200123373e-13,3.957690399e-14
153.9921875,2.114311103e-13,1.111480235e-13,1.677287167e-13,4.537977184e-13,1.771104896e-13,1.970097917e-13,7.329423512e-14,8.991019432e-14,6.72245974e-14,1.230732074e-13,2.042971212e-13,5.874638618e-14,4.1304443e-14,1.558329362e-13,3.73436339e-13,1.994604959e-13,1.494213696e-13,1.346517337e-13,1.087796238e-13,5.194332e-13,1.345627457e-13,2.864888567e-14,3.283358809e-14,7.126330515e-14,3.660186137e-14,8.418252278e-14,1.623683076e-13,1.124054235e-13,1.082813349e-13,6.351825707e-14,2.182113358e-13,3.930624317e-14
154,2.085464889e-13,1.111810074e-13,1.713590467e-13,4.58204133e-13,1.775717873e-13,1.983410447e-13,7.361288252e-14,8.966961562e-14,6.777494088e-14,1.22906162e-13,2.04467058e-13,5.939956692e-14,4.29866149e-14,1.575386431e-13,3.719007276e-13,1.974849636e-13,1.481917253e-13,1.336409429e-13,1.07668901e-13,5.1508168e-13,1.360897277e-13,2.857705753e-14,3.350560471e-14,7.231916451e-14,3.613951378e-14,8.392167363e-14,1.622023595e-13,1.141232908e-13,1.095253716e-13,6.364352384e-14,2.16497122e-13,3.905107645e-14
154.0078125,2.057890612e-13,1.111021446e-13,1.751518139e-13,4.627052439e-13,1.783138538e-13,1.997533691e-13,7.393599457e-14,8.953178364e-14,6.841908749e-14,1.228072426e-13,2.045975552e-13,6.008944746e-14,4.480318464e-14,1.594393363e-13,3.704490237e-13,1.956251805e-13,1.470155888e-13,1.328096687e-13,1.0655713e-13,5.110529405e-13,1.376258842e-13,2.853983722e-14,3.417545233e-14,7.346228647e-14,3.569994904e-14,8.367972669e-14,1.620529468e-13,1.158840034e-13,1.108117042e-13,6.376196544e-14,2.150890557e-13,3.881187171e-14
154.015625,2.03053259e-13,1.108024302e-13,1.791099403e-13,4.67522836e-13,1.793930938e-13,2.013159518e-13,7.42922768e-14,8.944237625e-14,6.919206217e-14,1.227193995e-13,2.046501343e-13,6.085553004e-14,4.67956956e-14,1.616687496e-13,3.690566334e-13,1.938909787e-13,1.458256211e-13,1.321277049e-13,1.053756669e-13,5.070612345e-13,1.391173099e-13,2.855794253e-14,3.4854174e-14,7.464521765e-14,3.527141186e-14,8.34141522e-14,1.618533313e-13,1.17689344e-13,1.121270599e-13,6.383096418e-14,2.139366753e-13,3.86034348e-14
154.0234375,2.004812141e-13,1.105239016e-13,1.831195102e-13,4.720582453e-13,1.805707172e-13,2.02829464e-13,7.463815814e-14,8.934239473e-14,6.998462313e-14,1.226355897e-13,2.046405723e-13,6.161803215e-14,4.880468989e-14,1.639448705e-13,3.674755971e-13,1.921037042e-13,1.446495565e-13,1.315039256e-13,1.042843862e-13,5.028956737e-13,1.405716049e-13,2.861507286e-14,3.553946774e-14,7.585790812e-14,3.485503122e-14,8.312671976e-14,1.616592146e-13,1.194480383e-13,1.13603827e-13,6.387568678e-14,2.127860141e-13,3.841872217e-14
154.03125,1.979904536e-13,1.103217228e-13,1.870938616e-13,4.761353927e-13,1.815540726e-13,2.041403412e-13,7.49326539e-14,8.924608209e-14,7.070826422e-14,1.225323465e-13,2.045841951e-13,6.230908643e-14,5.070173233e-14,1.659319329e-13,3.656302992e-13,1.902018891e-13,1.434566215e-13,1.308300664e-13,1.033140365e-13,4.985972354e-13,1.420726894e-13,2.864970716e-14,3.624143061e-14,7.708366076e-14,3.445315748e-14,8.284270543e-14,1.614422064e-13,1.210820217e-13,1.152328085e-13,6.393887998e-14,2.115913851e-13,3.824101642e-14
154.0390625,1.954636208e-13,1.100707149e-13,1.911874788e-13,4.801371976e-13,1.824678536e-13,2.054220777e-13,7.520764013e-14,8.916282441e-14,7.14207661e-14,1.224221433e-13,2.044706739e-13,6.300736057e-14,5.264517491e-14,1.678606236e-13,3.637647033e-13,1.8834067e-13,1.422360715e-13,1.302028152e-13,1.023626579e-13,4.941710659e-13,1.436377992e-13,2.868216544e-14,3.696950301e-14,7.832038395e-14,3.407117635e-14,8.254871846e-14,1.612003591e-13,1.226803403e-13,1.169060346e-13,6.39948894e-14,2.105623742e-13,3.806503815e-14
154.046875,1.931566872e-13,1.099464086e-13,1.95588699e-13,4.842297563e-13,1.836526202e-13,2.069083966e-13,7.55235004e-14,8.910739851e-14,7.220931918e-14,1.223717754e-13,2.043503152e-13,6.380766324e-14,5.479172913e-14,1.700880122e-13,3.620525838e-13,1.866346174e-13,1.410864446e-13,1.298275553e-13,1.014600862e-13,4.89796363e-13,1.451955035e-13,2.878664746e-14,3.769807083e-14,7.96431053e-14,3.371376161e-14,8.222861411e-14,1.610095301e-13,1.243918768e-13,1.187387863e-13,6.402098462e-14,2.098387379e-13,3.78945291e-14
154.0546875,1.912098574e-13,1.099957865e-13,2.002150932e-13,4.884341831e-13,1.851732733e-13,2.085491056e-13,7.588793848e-14,8.90942431e-14,7.30539206e-14,1.223257708e-13,2.042905861e-13,6.467309365e-14,5.706421026e-14,1.725990072e-13,3.604524505e-13,1.850745709e-13,1.400848824e-13,1.297406924e-13,1.006518353e-13,4.855751717e-13,1.467035794e-13,2.89523103e-14,3.840812679e-14,8.105182086e-14,3.337525043e-14,8.191279382e-14,1.608155572e-13,1.262008128e-13,1.208204558e-13,6.406080079e-14,2.093291683e-13,3.773859639e-14
154.0625,1.893751573e-13,1.098768826e-13,2.049193215e-13,4.926399463e-13,1.868489902e-13,2.101106174e-13,7.624679285e-14,8.909832634e-14,7.389096802e-14,1.222099028e-13,2.042387437e-13,6.551999623e-14,5.936586665e-14,1.752108106e-13,3.588269477e-13,1.835492642e-13,1.391957718e-13,1.298247418e-13,9.987634027e-14,4.813749306e-13,1.482076512e-13,2.912133154e-14,3.910597104e-14,8.244590675e-14,3.306044842e-14,8.162160026e-14,1.60555916e-13,1.279252362e-13,1.229633675e-13,6.411233318e-14,2.0886162e-13,3.759584758e-14
154.0703125,1.874920534e-13,1.095839539e-13,2.096982325e-13,4.965719846e-13,1.885294865e-13,2.115908966e-13,7.656680292e-14,8.911229443e-14,7.471820188e-14,1.220968736e-13,2.040822099e-13,6.634396098e-14,6.169640644e-14,1.777598101e-13,3.570559366e-13,1.819308376e-13,1.382865236e-13,1.299484617e-13,9.91046676e-14,4.772007241e-13,1.497578877e-13,2.928498911e-14,3.979342368e-14,8.381963794e-14,3.277233705e-14,8.133124319e-14,1.602804822e-13,1.294451082e-13,1.251258055e-13,6.409794131e-14,2.083682144e-13,3.745689311e-14
154.078125,1.856883102e-13,1.094315176e-13,2.146279129e-13,5.002421558e-13,1.903127395e-13,2.132225555e-13,7.688282597e-14,8.915983476e-14,7.55708301e-14,1.220067419e-13,2.038704198e-13,6.721359219e-14,6.40788004e-14,1.803203588e-13,3.552651265e-13,1.803348696e-13,1.372898857e-13,1.301402433e-13,9.838933228e-14,4.730555633e-13,1.513315079e-13,2.947658994e-14,4.046970627e-14,8.524724345e-14,3.248509331e-14,8.103837624e-14,1.599455483e-13,1.308703773e-13,1.275077091e-13,6.402367353e-14,2.080119208e-13,3.733362259e-14
154.0859375,1.841345534e-13,1.094503941e-13,2.197755134e-13,5.038237253e-13,1.923726134e-13,2.149933234e-13,7.722675732e-14,8.923398761e-14,7.643944327e-14,1.218286532e-13,2.037532553e-13,6.813575839e-14,6.651161932e-14,1.831235549e-13,3.537677424e-13,1.790716455e-13,1.363836238e-13,1.306193075e-13,9.77776578e-14,4.688978577e-13,1.528515606e-13,2.971511851e-14,4.112553027e-14,8.670226492e-14,3.220062142e-14,8.079413255e-14,1.595119969e-13,1.323653435e-13,1.300484548e-13,6.398157902e-14,2.079982661e-13,3.724562998e-14
154.09375,1.827744891e-13,1.095896403e-13,2.250349504e-13,5.073009491e-13,1.945314127e-13,2.16636243e-13,7.757252466e-14,8.93081749e-14,7.727644953e-14,1.215497206e-13,2.036855689e-13,6.901292855e-14,6.893216535e-14,1.860096944e-13,3.52570572e-13,1.781857753e-13,1.357781749e-13,1.31418167e-13,9.725220113e-14,4.648105275e-13,1.542994277e-13,2.99611737e-14,4.174676585e-14,8.809948816e-14,3.197064253e-14,8.062440598e-14,1.591343678e-13,1.338949557e-13,1.325040328e-13,6.397103305e-14,2.081539479e-13,3.718117365e-14
154.1015625,1.813499009e-13,1.098335843e-13,2.302647396e-13,5.106044196e-13,1.965911814e-13,2.181030914e-13,7.789064212e-14,8.938526902e-14,7.809634681e-14,1.212968224e-13,2.035147012e-13,6.985098532e-14,7.132262477e-14,1.88722603e-13,3.513325102e-13,1.773666776e-13,1.354110681e-13,1.322903232e-13,9.677408083e-14,4.606515165e-13,1.557996662e-13,3.018201476e-14,4.234360362e-14,8.949113766e-14,3.180157942e-14,8.046667316e-14,1.588732904e-13,1.353138666e-13,1.34957434e-13,6.391047383e-14,2.081899382e-13,3.711265611e-14
154.109375,1.798312234e-13,1.099991986e-13,2.356142484e-13,5.136251242e-13,1.987848921e-13,2.19583668e-13,7.82037998e-14,8.949544932e-14,7.896085514e-14,1.211110256e-13,2.032658838e-13,7.076481151e-14,7.378003272e-14,1.914601144e-13,3.499236706e-13,1.764247998e-13,1.350712576e-13,1.331589304e-13,9.63517263e-14,4.563910031e-13,1.574150032e-13,3.042018006e-14,4.291921088e-14,9.099728936e-14,3.16359542e-14,8.027748494e-14,1.585784028e-13,1.365768611e-13,1.37637547e-13,6.378646041e-14,2.082138607e-13,3.704453953e-14
154.1171875,1.784832702e-13,1.101054331e-13,2.411661438e-13,5.163985371e-13,2.01155132e-13,2.211502264e-13,7.854065086e-14,8.963772778e-14,7.984633175e-14,1.208747616e-13,2.03008755e-13,7.169028494e-14,7.632528255e-14,1.943073286e-13,3.484984735e-13,1.754789964e-13,1.346281865e-13,1.340989305e-13,9.597257656e-14,4.525071812e-13,1.589758792e-13,3.06917723e-14,4.346214462e-14,9.254493738e-14,3.144854778e-14,8.012234288e-14,1.582114849e-13,1.377877365e-13,1.404787057e-13,6.364871838e-14,2.083317017e-13,3.700869443e-14
154.125,1.773582718e-13,1.103776e-13,2.466085827e-13,5.191451346e-13,2.033276984e-13,2.226471436e-13,7.886540844e-14,8.976587032e-14,8.067987136e-14,1.205503996e-13,2.026747474e-13,7.247470101e-14,7.886428154e-14,1.969869229e-13,3.469779211e-13,1.745606901e-13,1.340784605e-13,1.34981071e-13,9.558500177e-14,4.489067274e-13,1.603919275e-13,3.094790447e-14,4.400754597e-14,9.397871592e-14,3.126374503e-14,8.003541775e-14,1.578775631e-13,1.390442167e-13,1.433548353e-13,6.352384487e-14,2.083656422e-13,3.700835041e-14
154.1328125,1.762472331e-13,1.107275395e-13,2.518342336e-13,5.216718597e-13,2.053463807e-13,2.239318298e-13,7.913617081e-14,8.989436232e-14,8.148506368e-14,1.202739232e-13,2.022263244e-13,7.318752279e-14,8.13710674e-14,1.994905895e-13,3.45127512e-13,1.735348257e-13,1.33542278e-13,1.356972935e-13,9.521153799e-14,4.448649875e-13,1.618268618e-13,3.119432332e-14,4.459123974e-14,9.537538937e-14,3.109694462e-14,7.995188883e-14,1.575935047e-13,1.402317515e-13,1.463844027e-13,6.339739469e-14,2.083592116e-13,3.701472301e-14
154.140625,1.751193199e-13,1.110865961e-13,2.572171106e-13,5.238203981e-13,2.076520755e-13,2.251526046e-13,7.93978362e-14,9.010246304e-14,8.235001936e-14,1.201253066e-13,2.017591981e-13,7.399537244e-14,8.38950786e-14,2.020841563e-13,3.431334157e-13,1.725000984e-13,1.331641975e-13,1.364227452e-13,9.490468531e-14,4.405069894e-13,1.633876163e-13,3.148604894e-14,4.518352204e-14,9.690870192e-14,3.095343737e-14,7.986764723e-14,1.573070968e-13,1.412808319e-13,1.496509778e-13,6.325236252e-14,2.08531983e-13,3.702506305e-14
154.1484375,1.741232944e-13,1.116700747e-13,2.629354265e-13,5.261134543e-13,2.102740175e-13,2.264850855e-13,7.969520398e-14,9.037202139e-14,8.329195971e-14,1.200628928e-13,2.0136186e-13,7.491317487e-14,8.646596565e-14,2.04875506e-13,3.413280415e-13,1.716405058e-13,1.329560828e-13,1.373173232e-13,9.466900047e-14,4.364154724e-13,1.650118324e-13,3.183201288e-14,4.576124029e-14,9.854994605e-14,3.084600062e-14,7.983471907e-14,1.570008321e-13,1.424080989e-13,1.530507594e-13,6.310565252e-14,2.088325066e-13,3.705904609e-14
154.15625,1.732809869e-13,1.12348977e-13,2.686544853e-13,5.284875621e-13,2.128896419e-13,2.277454844e-13,7.998779954e-14,9.061550203e-14,8.423650937e-14,1.200076157e-13,2.009868934e-13,7.582694589e-14,8.905325459e-14,2.077172068e-13,3.395328837e-13,1.707875461e-13,1.327724074e-13,1.382948438e-13,9.449862298e-14,4.3239616e-13,1.665989373e-13,3.218981892e-14,4.632553575e-14,1.001572514e-13,3.076482186e-14,7.981926451e-14,1.566642225e-13,1.435732043e-13,1.565602909e-13,6.295923068e-14,2.090979183e-13,3.711779334e-14
154.1640625,1.725121411e-13,1.128354277e-13,2.741051005e-13,5.30051471e-13,2.153898364e-13,2.288196799e-13,8.026412234e-14,9.084999188e-14,8.512808567e-14,1.198589319e-13,2.005072806e-13,7.66340708e-14,9.158629857e-14,2.103568098e-13,3.374546203e-13,1.697665688e-13,1.324748059e-13,1.392045147e-13,9.433753355e-14,4.281767667e-13,1.6807529e-13,3.251025911e-14,4.684919692e-14,1.016816702e-13,3.067805528e-14,7.979043748e-14,1.56282116e-13,1.444263063e-13,1.602341949e-13,6.276244641e-14,2.092748493e-13,3.720769789e-14
154.171875,1.718218821e-13,1.133396013e-13,2.794981218e-13,5.308914104e-13,2.179846335e-13,2.299481419e-13,8.056307232e-14,9.114805332e-14,8.600305153e-14,1.196640244e-13,1.999078137e-13,7.737080151e-14,9.40682348e-14,2.12838313e-13,3.352574046e-13,1.687663604e-13,1.321520999e-13,1.400632656e-13,9.414572254e-14,4.240749044e-13,1.695120919e-13,3.280865331e-14,4.733411979e-14,1.031722037e-13,3.059105464e-14,7.98068455e-14,1.558768419e-13,1.450852725e-13,1.640490325e-13,6.25079601e-14,2.09398527e-13,3.734161833e-14
154.1796875,1.711994285e-13,1.140597389e-13,2.850816348e-13,5.318885089e-13,2.208569083e-13,2.311329511e-13,8.085724456e-14,9.151066885e-14,8.689730473e-14,1.195993197e-13,1.992537268e-13,7.814341877e-14,9.657552302e-14,2.154477156e-13,3.331195144e-13,1.67904446e-13,1.319878818e-13,1.410036771e-13,9.401379297e-14,4.202911293e-13,1.710291609e-13,3.314618238e-14,4.782569179e-14,1.046931445e-13,3.053823371e-14,7.988302705e-14,1.555066272e-13,1.458786923e-13,1.680063816e-13,6.225491628e-14,2.095832467e-13,3.74880033e-14
154.1875,1.705113619e-13,1.148392505e-13,2.907771966e-13,5.331894768e-13,2.238760855e-13,2.321648767e-13,8.113365827e-14,9.189560321e-14,8.779642287e-14,1.196348003e-13,1.985234015e-13,7.896606275e-14,9.915045335e-14,2.181787179e-13,3.309189362e-13,1.670418503e-13,1.319163978e-13,1.42045666e-13,9.39688969e-14,4.166100705e-13,1.725572123e-13,3.351394518e-14,4.831896469e-14,1.06281416e-13,3.05065266e-14,7.99694831e-14,1.552105563e-13,1.467003535e-13,1.721241076e-13,6.202195457e-14,2.099071397e-13,3.760464997e-14
154.1953125,1.697556343e-13,1.156693378e-13,2.965501785e-13,5.343582008e-13,2.268954461e-13,2.331688919e-13,8.147591511e-14,9.226970655e-14,8.870778064e-14,1.196392628e-13,1.977662742e-13,7.981813961e-14,1.017895986e-13,2.208939067e-13,3.286279567e-13,1.661637122e-13,1.317849901e-13,1.431180399e-13,9.393517481e-14,4.128153389e-13,1.739960189e-13,3.387750318e-14,4.87768621e-14,1.07935012e-13,3.046161862e-14,8.007255954e-14,1.549724209e-13,1.474370505e-13,1.763706215e-13,6.179533614e-14,2.103554989e-13,3.770538218e-14
154.203125,1.690871015e-13,1.166209116e-13,3.024547538e-13,5.349892705e-13,2.300067731e-13,2.342255841e-13,8.18909942e-14,9.263454867e-14,8.961128784e-14,1.196541678e-13,1.971596475e-13,8.068066039e-14,1.044133171e-13,2.235960558e-13,3.26342806e-13,1.653728875e-13,1.316730404e-13,1.442203904e-13,9.396764069e-14,4.08909057e-13,1.753645222e-13,3.425327644e-14,4.920633416e-14,1.095764169e-13,3.043190369e-14,8.022707998e-14,1.54772562e-13,1.481296309e-13,1.808149785e-13,6.158493169e-14,2.108240253e-13,3.782414917e-14
154.2109375,1.684723724e-13,1.176799834e-13,3.083117342e-13,5.351240599e-13,2.332020811e-13,2.351275579e-13,8.227971071e-14,9.303890736e-14,9.046156019e-14,1.196940463e-13,1.966674392e-13,8.149660172e-14,1.069461215e-13,2.262187984e-13,3.240534754e-13,1.646764371e-13,1.316819927e-13,1.453631008e-13,9.409960414e-14,4.050682562e-13,1.7668782e-13,3.462920432e-14,4.963561647e-14,1.111291898e-13,3.045576304e-14,8.041424728e-14,1.546330062e-13,1.487099598e-13,1.855265396e-13,6.137787097e-14,2.111680572e-13,3.796412597e-14
154.21875,1.678148524e-13,1.189511229e-13,3.140919731e-13,5.353928708e-13,2.36414038e-13,2.359028739e-13,8.263923004e-14,9.352300268e-14,9.134029729e-14,1.196917895e-13,1.960744833e-13,8.230522171e-14,1.095001592e-13,2.288538591e-13,3.21776156e-13,1.640817519e-13,1.317566184e-13,1.465351756e-13,9.420073467e-14,4.014263701e-13,1.780421006e-13,3.499284456e-14,5.006789121e-14,1.126846906e-13,3.05020282e-14,8.059974741e-14,1.545364765e-13,1.492749217e-13,1.903813142e-13,6.114858532e-14,2.115128242e-13,3.811661732e-14
154.2265625,1.672423926e-13,1.203659768e-13,3.200767052e-13,5.357784651e-13,2.398188681e-13,2.366955278e-13,8.304388487e-14,9.407698896e-14,9.231853289e-14,1.19689613e-13,1.953636946e-13,8.319331918e-14,1.121634923e-13,2.317392002e-13,3.195383853e-13,1.635820644e-13,1.318403782e-13,1.477709778e-13,9.428390885e-14,3.978682009e-13,1.794832101e-13,3.539492508e-14,5.047083848e-14,1.143510251e-13,3.053914765e-14,8.079653646e-14,1.544109067e-13,1.49896686e-13,1.953459935e-13,6.091740609e-14,2.121101227e-13,3.828513669e-14
154.234375,1.667939137e-13,1.217052205e-13,3.262252646e-13,5.354195975e-13,2.43427626e-13,2.374391909e-13,8.349203895e-14,9.466339728e-14,9.327337431e-14,1.197327775e-13,1.946528736e-13,8.408583765e-14,1.14794953e-13,2.346685067e-13,3.172116018e-13,1.630430753e-13,1.318887221e-13,1.490603132e-13,9.448115542e-14,3.941509657e-13,1.808876687e-13,3.583428675e-14,5.08183076e-14,1.160106337e-13,3.059091791e-14,8.104057483e-14,1.542847899e-13,1.503181924e-13,2.00605787e-13,6.069944801e-14,2.127846273e-13,3.847835559e-14
154.2421875,1.662882336e-13,1.230744833e-13,3.323108051e-13,5.344584524e-13,2.470003309e-13,2.381684498e-13,8.3965088e-14,9.525204109e-14,9.413644962e-14,1.198017909e-13,1.939628712e-13,8.490204594e-14,1.173210096e-13,2.373707449e-13,3.147108449e-13,1.623997382e-13,1.318794578e-13,1.503238085e-13,9.473817801e-14,3.902983721e-13,1.821987425e-13,3.625884904e-14,5.114738856e-14,1.175331755e-13,3.066622708e-14,8.132509413e-14,1.542463023e-13,1.505517931e-13,2.061433608e-13,6.047159184e-14,2.132744378e-13,3.869352123e-14
154.25,1.656857977e-13,1.245429485e-13,3.384556084e-13,5.337717793e-13,2.505789762e-13,2.389249871e-13,8.449651507e-14,9.586303074e-14,9.499104292e-14,1.198861719e-13,1.932638455e-13,8.568377337e-14,1.197968324e-13,2.400227168e-13,3.121516627e-13,1.617954739e-13,1.318999081e-13,1.51520924e-13,9.495703903e-14,3.866815164e-13,1.834882384e-13,3.666663645e-14,5.149683528e-14,1.189728045e-13,3.074374796e-14,8.162670074e-14,1.54229017e-13,1.508505208e-13,2.116904958e-13,6.024661494e-14,2.137274926e-13,3.891596667e-14
154.2578125,1.651161124e-13,1.260129876e-13,3.447256789e-13,5.33136496e-13,2.542367083e-13,2.395347762e-13,8.508255656e-14,9.653243367e-14,9.583082243e-14,1.199241255e-13,1.925447742e-13,8.643509641e-14,1.221949912e-13,2.426701292e-13,3.096481396e-13,1.613457233e-13,1.320049514e-13,1.52685044e-13,9.51705019e-14,3.834323871e-13,1.846869232e-13,3.705543096e-14,5.183593027e-14,1.203881177e-13,3.08324745e-14,8.198027727e-14,1.541592639e-13,1.511012672e-13,2.172439939e-13,6.006454355e-14,2.14276262e-13,3.914112507e-14
154.265625,1.64669803e-13,1.276572764e-13,3.509393743e-13,5.319928354e-13,2.577921445e-13,2.400623244e-13,8.567872358e-14,9.721692077e-14,9.661872703e-14,1.198877374e-13,1.917927584e-13,8.716827912e-14,1.245526291e-13,2.451743425e-13,3.07186226e-13,1.609787496e-13,1.321416734e-13,1.539285287e-13,9.540042329e-14,3.802179712e-13,1.857589784e-13,3.742849365e-14,5.214651354e-14,1.217922168e-13,3.094848446e-14,8.241627086e-14,1.541667811e-13,1.51184999e-13,2.231010574e-13,5.98953011e-14,2.148449312e-13,3.937757472e-14
154.2734375,1.643181174e-13,1.294926547e-13,3.571447148e-13,5.307190709e-13,2.613110759e-13,2.407582901e-13,8.630287936e-14,9.78519772e-14,9.740879074e-14,1.19884988e-13,1.909723752e-13,8.794482706e-14,1.269678807e-13,2.476756177e-13,3.047290653e-13,1.606156956e-13,1.322771743e-13,1.55268847e-13,9.563302847e-14,3.769015196e-13,1.868786255e-13,3.782675806e-14,5.246265145e-14,1.231987607e-13,3.107554737e-14,8.288206213e-14,1.543059739e-13,1.512464467e-13,2.292779883e-13,5.969119775e-14,2.15379414e-13,3.962739482e-14
154.28125,1.639232517e-13,1.313206913e-13,3.634906313e-13,5.296794682e-13,2.649583051e-13,2.415170689e-13,8.700389817e-14,9.846495861e-14,9.817668315e-14,1.199649358e-13,1.900826866e-13,8.871694576e-14,1.293607537e-13,2.502392457e-13,3.023431933e-13,1.603379429e-13,1.32431471e-13,1.564982046e-13,9.590596475e-14,3.73661567e-13,1.881200266e-13,3.822784327e-14,5.278527237e-14,1.245452712e-13,3.120917902e-14,8.334720616e-14,1.544461694e-13,1.51336322e-13,2.355002753e-13,5.950470722e-14,2.157957385e-13,3.988491497e-14
154.2890625,1.634926718e-13,1.3336732e-13,3.698839059e-13,5.286029435e-13,2.685664272e-13,2.421501823e-13,8.776722139e-14,9.911987146e-14,9.885580549e-14,1.200476837e-13,1.892244716e-13,8.944023008e-14,1.316650558e-13,2.527428587e-13,3.00110161e-13,1.602576771e-13,1.326723016e-13,1.57553714e-13,9.626389707e-14,3.704956432e-13,1.893853576e-13,3.859353719e-14,5.307991227e-14,1.258093909e-13,3.136409881e-14,8.38739898e-14,1.546254576e-13,1.51436366e-13,2.418214476e-13,5.938267589e-14,2.161354489e-13,4.014231536e-14
154.296875,1.631866426e-13,1.357038507e-13,3.761981851e-13,5.272972981e-13,2.721705261e-13,2.427085844e-13,8.856145028e-14,9.984411735e-14,9.952246649e-14,1.200864668e-13,1.884201422e-13,9.018882818e-14,1.339771693e-13,2.55278889e-13,2.978605764e-13,1.602794594e-13,1.330113379e-13,1.586325651e-13,9.666451801e-14,3.673942914e-13,1.906279096e-13,3.897112425e-14,5.333728298e-14,1.270930605e-13,3.153096144e-14,8.449701376e-14,1.549647347e-13,1.514687601e-13,2.484757624e-13,5.924766325e-14,2.165880817e-13,4.039842375e-14
154.3046875,1.629170248e-13,1.379218267e-13,3.824240957e-13,5.257626897e-13,2.760776514e-13,2.431790535e-13,8.938791248e-14,1.006179397e-13,1.00256466e-13,1.200930867e-13,1.8753416e-13,9.096056983e-14,1.363204089e-13,2.579315922e-13,2.952960535e-13,1.601522964e-13,1.332794217e-13,1.597399265e-13,9.700984417e-14,3.644270158e-13,1.918556448e-13,3.937327597e-14,5.356777263e-14,1.283972577e-13,3.169848764e-14,8.516297311e-14,1.553441963e-13,1.512935039e-13,2.552860559e-13,5.906195299e-14,2.170612554e-13,4.066916656e-14
154.3125,1.625165275e-13,1.400934508e-13,3.886368401e-13,5.239898209e-13,2.801487378e-13,2.435245323e-13,9.022940435e-14,1.01364576e-13,1.009826272e-13,1.200682271e-13,1.866171419e-13,9.169251937e-14,1.386405476e-13,2.605653657e-13,2.924916963e-13,1.598292158e-13,1.334168216e-13,1.607499805e-13,9.73413101e-14,3.614052169e-13,1.930628632e-13,3.975510859e-14,5.378927371e-14,1.296101667e-13,3.187691988e-14,8.583349883e-14,1.556822312e-13,1.510632737e-13,2.620430339e-13,5.891962179e-14,2.173827578e-13,4.095365257e-14
154.3203125,1.621218925e-13,1.425863503e-13,3.949909229e-13,5.222004233e-13,2.840652198e-13,2.438861179e-13,9.109359117e-14,1.020633277e-13,1.016052383e-13,1.200179541e-13,1.858803255e-13,9.240661945e-14,1.409161838e-13,2.630938859e-13,2.898259423e-13,1.595490488e-13,1.336408507e-13,1.617145628e-13,9.781834069e-14,3.583296014e-13,1.94246539e-13,4.012730335e-14,5.403112394e-14,1.307343689e-13,3.206954197e-14,8.654636757e-14,1.561112332e-13,1.509761392e-13,2.68926254e-13,5.885588748e-14,2.176795944e-13,4.122370834e-14
154.328125,1.618546213e-13,1.453379475e-13,4.015284049e-13,5.20500768e-13,2.879193251e-13,2.443127567e-13,9.205288573e-14,1.028131479e-13,1.021555759e-13,1.200097033e-13,1.852350072e-13,9.311706986e-14,1.431006478e-13,2.655207304e-13,2.873679552e-13,1.594175498e-13,1.340003999e-13,1.626231321e-13,9.839944659e-14,3.556114307e-13,1.954469042e-13,4.050165084e-14,5.430469406e-14,1.31845447e-13,3.227782949e-14,8.733992581e-14,1.566153421e-13,1.50866118e-13,2.76031723e-13,5.879544458e-14,2.180259213e-13,4.148920762e-14
154.3359375,1.616217992e-13,1.482372686e-13,4.080878379e-13,5.184888792e-13,2.9184235e-13,2.447024523e-13,9.30860717e-14,1.036219044e-13,1.027308256e-13,1.200933204e-13,1.844542201e-13,9.382958007e-14,1.452135099e-13,2.678954175e-13,2.848464216e-13,1.592489066e-13,1.342667392e-13,1.63403717e-13,9.890499168e-14,3.532217371e-13,1.967326662e-13,4.086011116e-14,5.456878117e-14,1.329598852e-13,3.250176744e-14,8.818224126e-14,1.570452572e-13,1.50634934e-13,2.832705062e-13,5.871185077e-14,2.183467098e-13,4.178359906e-14
154.34375,1.613515867e-13,1.512140753e-13,4.144815612e-13,5.161281993e-13,2.957597577e-13,2.450461725e-13,9.408191303e-14,1.043666356e-13,1.033371307e-13,1.201699416e-13,1.835894418e-13,9.458466826e-14,1.473811012e-13,2.702860608e-13,2.82165857e-13,1.589842513e-13,1.343956384e-13,1.641910278e-13,9.936976959e-14,3.507288204e-13,1.980428771e-13,4.122026133e-14,5.476584109e-14,1.340759845e-13,3.271524602e-14,8.903077295e-14,1.574345146e-13,1.504307451e-13,2.906547682e-13,5.865114258e-14,2.186543162e-13,4.20806829e-14
154.3515625,1.609963594e-13,1.541401878e-13,4.205892102e-13,5.139911448e-13,2.996047586e-13,2.453291085e-13,9.507242601e-14,1.050449651e-13,1.038786814e-13,1.201340469e-13,1.827416768e-13,9.530184418e-14,1.496005632e-13,2.725780419e-13,2.794764245e-13,1.58822853e-13,1.345788549e-13,1.650377322e-13,9.991534025e-14,3.481515452e-13,1.992125996e-13,4.157479493e-14,5.491578707e-14,1.351651356e-13,3.291684256e-14,8.990738677e-14,1.579004245e-13,1.502227557e-13,2.980852626e-13,5.863257802e-14,2.188800698e-13,4.234803586e-14
154.359375,1.605484628e-13,1.571589104e-13,4.264908326e-13,5.119741809e-13,3.032579609e-13,2.454489718e-13,9.615963644e-14,1.057422359e-13,1.043032707e-13,1.20038511e-13,1.818600123e-13,9.58706996e-14,1.517074686e-13,2.746068436e-13,2.768647649e-13,1.588504164e-13,1.348964888e-13,1.657613478e-13,1.005020585e-13,3.457611283e-13,2.002664785e-13,4.187657562e-14,5.509482504e-14,1.361393822e-13,3.315447659e-14,9.086228168e-14,1.584836146e-13,1.498367249e-13,3.054571507e-13,5.862649091e-14,2.189177438e-13,4.262294389e-14
154.3671875,1.600968787e-13,1.603841572e-13,4.32536636e-13,5.094692639e-13,3.067355341e-13,2.454606239e-13,9.731402537e-14,1.064587498e-13,1.046695602e-13,1.199598611e-13,1.809585351e-13,9.641821367e-14,1.536541368e-13,2.765202742e-13,2.743452954e-13,1.589700857e-13,1.352412881e-13,1.66349416e-13,1.010968285e-13,3.436153686e-13,2.01386646e-13,4.215019572e-14,5.530095192e-14,1.369919864e-13,3.34386677e-14,9.191662842e-14,1.591832123e-13,1.493049802e-13,3.130227365e-13,5.862247837e-14,2.18920843e-13,4.293046817e-14
154.375,1.596699138e-13,1.637681845e-13,4.388991159e-13,5.067510757e-13,3.104018682e-13,2.455631281e-13,9.851132711e-14,1.072061221e-13,1.050652463e-13,1.199433281e-13,1.800838984e-13,9.711638147e-14,1.555933897e-13,2.786157102e-13,2.71961817e-13,1.591297522e-13,1.355215779e-13,1.66997639e-13,1.017585986e-13,3.416777358e-13,2.026064013e-13,4.246463358e-14,5.547889887e-14,1.378526e-13,3.373455013e-14,9.304423951e-14,1.599293273e-13,1.488678901e-13,3.209474073e-13,5.866546927e-14,2.191155221e-13,4.323413634e-14
154.3828125,1.593036104e-13,1.674730255e-13,4.453112076e-13,5.043889346e-13,3.143295587e-13,2.457969588e-13,9.979870057e-14,1.07993287e-13,1.054721638e-13,1.200157731e-13,1.79187781e-13,9.787329823e-14,1.576012482e-13,2.808582684e-13,2.696833243e-13,1.593381596e-13,1.358025115e-13,1.677567151e-13,1.024884343e-13,3.398212507e-13,2.038265724e-13,4.281716165e-14,5.564458331e-14,1.387521891e-13,3.403265419e-14,9.418821502e-14,1.606446152e-13,1.486193791e-13,3.28966034e-13,5.876698696e-14,2.194719404e-13,4.351293987e-14
154.390625,1.590876421e-13,1.714294872e-13,4.516163463e-13,5.021882234e-13,3.180862535e-13,2.460490976e-13,1.011474704e-13,1.087273964e-13,1.057680968e-13,1.200667929e-13,1.783078888e-13,9.85259153e-14,1.595348843e-13,2.829219265e-13,2.67445958e-13,1.596310191e-13,1.361593641e-13,1.68501066e-13,1.032425216e-13,3.379829954e-13,2.050031398e-13,4.315255105e-14,5.582860606e-14,1.395428969e-13,3.433003055e-14,9.535247048e-14,1.613734866e-13,1.483377443e-13,3.368880189e-13,5.88722414e-14,2.197724069e-13,4.378787256e-14
154.3984375,1.589196978e-13,1.752479248e-13,4.580139842e-13,4.998441766e-13,3.216157057e-13,2.462826511e-13,1.025267876e-13,1.09414543e-13,1.059610379e-13,1.200057499e-13,1.775550211e-13,9.913086801e-14,1.613410894e-13,2.848045564e-13,2.653018974e-13,1.60052455e-13,1.365246714e-13,1.691766953e-13,1.040138279e-13,3.363464211e-13,2.061488598e-13,4.346369765e-14,5.600129056e-14,1.401906713e-13,3.461672269e-14,9.660506446e-14,1.622134775e-13,1.479023473e-13,3.448517524e-13,5.897435943e-14,2.199528418e-13,4.408070663e-14
154.40625,1.586408416e-13,1.789823363e-13,4.64538099e-13,4.974620581e-13,3.253074384e-13,2.465423485e-13,1.039654301e-13,1.101706742e-13,1.062085111e-13,1.199425817e-13,1.768508461e-13,9.982235077e-14,1.631782871e-13,2.868690466e-13,2.632746871e-13,1.605560504e-13,1.368725143e-13,1.698592972e-13,1.048151582e-13,3.349203998e-13,2.072925403e-13,4.379621054e-14,5.615423552e-14,1.408247124e-13,3.491640065e-14,9.793201758e-14,1.631917825e-13,1.474917699e-13,3.529723867e-13,5.910924421e-14,2.201714056e-13,4.439043535e-14
154.4140625,1.583030356e-13,1.829806049e-13,4.710082635e-13,4.952522365e-13,3.291595141e-13,2.468386655e-13,1.054225419e-13,1.109422522e-13,1.064974229e-13,1.199356033e-13,1.760668867e-13,1.005609083e-13,1.650500498e-13,2.890958388e-13,2.612747506e-13,1.610971879e-13,1.37301895e-13,1.705399226e-13,1.056637462e-13,3.335176481e-13,2.084914653e-13,4.415033688e-14,5.631886712e-14,1.414380764e-13,3.525029383e-14,9.926615764e-14,1.642282782e-13,1.471994258e-13,3.611759771e-13,5.927358146e-14,2.20426409e-13,4.469143745e-14
154.421875,1.580160965e-13,1.873424423e-13,4.774661329e-13,4.9319973e-13,3.328434835e-13,2.471497421e-13,1.068674955e-13,1.116195483e-13,1.066843787e-13,1.198979489e-13,1.753163643e-13,1.012320512e-13,1.667811131e-13,2.911235739e-13,2.5929305e-13,1.617201319e-13,1.378137722e-13,1.710952658e-13,1.06550263e-13,3.321645783e-13,2.097703561e-13,4.447689403e-14,5.648885025e-14,1.41924588e-13,3.559842708e-14,1.006341174e-13,1.652168876e-13,1.46968245e-13,3.694405477e-13,5.948155676e-14,2.20573382e-13,4.496839218e-14
154.4296875,1.5779927e-13,1.91942526e-13,4.839807782e-13,4.909350021e-13,3.362562845e-13,2.474378612e-13,1.083647247e-13,1.122501415e-13,1.067949492e-13,1.197877369e-13,1.747134358e-13,1.01845274e-13,1.683836619e-13,2.929349254e-13,2.573638512e-13,1.623902268e-13,1.383088018e-13,1.71512747e-13,1.074321733e-13,3.308470659e-13,2.110382286e-13,4.477259295e-14,5.663530108e-14,1.423223003e-13,3.594334507e-14,1.020705694e-13,1.661971578e-13,1.467494017e-13,3.77839037e-13,5.975019839e-14,2.206794603e-13,4.523640689e-14
154.4375,1.575523758e-13,1.965568269e-13,4.903403756e-13,4.885662895e-13,3.395006306e-13,2.476478583e-13,1.099106225e-13,1.128820094e-13,1.06889057e-13,1.196002233e-13,1.740956711e-13,1.024495853e-13,1.699902838e-13,2.946677558e-13,2.554489791e-13,1.630765983e-13,1.387695659e-13,1.718761487e-13,1.0831687e-13,3.295204183e-13,2.121836959e-13,4.506140004e-14,5.676622592e-14,1.426969362e-13,3.629081495e-14,1.035499525e-13,1.672727896e-13,1.464859121e-13,3.862265749e-13,6.002422651e-14,2.207727928e-13,4.550218254e-14
154.4453125,1.571994492e-13,2.011619707e-13,4.964443165e-13,4.868744267e-13,3.427553456e-13,2.477718084e-13,1.11448874e-13,1.135143918e-13,1.069186591e-13,1.193530561e-13,1.733490561e-13,1.030300418e-13,1.716030238e-13,2.963564001e-13,2.535990789e-13,1.639297683e-13,1.392600176e-13,1.722616971e-13,1.092546655e-13,3.285173001e-13,2.13238163e-13,4.534355654e-14,5.690785549e-14,1.429921512e-13,3.665471248e-14,1.051143603e-13,1.684034861e-13,1.462357495e-13,3.944150364e-13,6.02910622e-14,2.207565054e-13,4.576242248e-14
154.453125,1.569488133e-13,2.058506029e-13,5.025370954e-13,4.856067794e-13,3.461309721e-13,2.478806067e-13,1.130062266e-13,1.14172123e-13,1.069138423e-13,1.190963818e-13,1.726290278e-13,1.03612386e-13,1.731798392e-13,2.981831755e-13,2.518900953e-13,1.64981416e-13,1.398387861e-13,1.727446191e-13,1.102268904e-13,3.27962978e-13,2.143016997e-13,4.563506502e-14,5.705060337e-14,1.431539488e-13,3.704539539e-14,1.06814645e-13,1.695497672e-13,1.460522993e-13,4.026212857e-13,6.061490924e-14,2.208023058e-13,4.602808987e-14
154.4609375,1.569146871e-13,2.104995693e-13,5.088507843e-13,4.837462135e-13,3.495371384e-13,2.480799628e-13,1.146152659e-13,1.148186547e-13,1.069386082e-13,1.188252473e-13,1.720253589e-13,1.042706065e-13,1.747403854e-13,3.001977812e-13,2.502461086e-13,1.660626958e-13,1.404854215e-13,1.732390591e-13,1.112018406e-13,3.274243966e-13,2.153929438e-13,4.595245113e-14,5.7167089e-14,1.432222821e-13,3.745280536e-14,1.085678923e-13,1.707997157e-13,1.457927144e-13,4.111222867e-13,6.097978882e-14,2.210336785e-13,4.629429871e-14
154.46875,1.567651116e-13,2.152686863e-13,5.154023994e-13,4.816538752e-13,3.529239364e-13,2.484308602e-13,1.162665997e-13,1.154179611e-13,1.069485123e-13,1.185535466e-13,1.714674959e-13,1.050068684e-13,1.763213831e-13,3.021675921e-13,2.486804682e-13,1.672060548e-13,1.411331511e-13,1.735548458e-13,1.122533817e-13,3.267380706e-13,2.16494492e-13,4.627796809e-14,5.728101295e-14,1.432798398e-13,3.786671877e-14,1.10295323e-13,1.721579267e-13,1.45501504e-13,4.198621616e-13,6.132518072e-14,2.212489161e-13,4.654679112e-14
154.4765625,1.563717282e-13,2.204676568e-13,5.2201364e-13,4.800997983e-13,3.562410771e-13,2.488287627e-13,1.179500219e-13,1.160053571e-13,1.069004265e-13,1.183056235e-13,1.709489555e-13,1.057460951e-13,1.778751778e-13,3.039816147e-13,2.473000772e-13,1.68527457e-13,1.417964143e-13,1.737015947e-13,1.134121916e-13,3.261030408e-13,2.175846133e-13,4.659172881e-14,5.743552376e-14,1.433367147e-13,3.829527126e-14,1.120400581e-13,1.735155874e-13,1.453776226e-13,4.286373668e-13,6.167678178e-14,2.213880372e-13,4.680446753e-14
154.484375,1.56031569e-13,2.257351442e-13,5.283854517e-13,4.786487987e-13,3.592340914e-13,2.490764762e-13,1.196308959e-13,1.165506906e-13,1.067780956e-13,1.179907698e-13,1.704431268e-13,1.064039782e-13,1.792506658e-13,3.05549764e-13,2.459783762e-13,1.69911251e-13,1.425010218e-13,1.737256863e-13,1.145448942e-13,3.255520832e-13,2.186191416e-13,4.686812769e-14,5.761065361e-14,1.432928014e-13,3.872737052e-14,1.138657714e-13,1.748608412e-13,1.452671428e-13,4.371403183e-13,6.207500441e-14,2.214517094e-13,4.708178609e-14
154.4921875,1.558158154e-13,2.306996063e-13,5.344425696e-13,4.770022936e-13,3.619429701e-13,2.491912808e-13,1.212731722e-13,1.170456276e-13,1.06579342e-13,1.17612295e-13,1.698639141e-13,1.069876246e-13,1.804569338e-13,3.068371167e-13,2.446163059e-13,1.713179635e-13,1.431972281e-13,1.735807731e-13,1.156079716e-13,3.251284549e-13,2.196291883e-13,4.710361812e-14,5.776688953e-14,1.431260384e-13,3.914213792e-14,1.158024127e-13,1.762871553e-13,1.44974534e-13,4.452753195e-13,6.250539992e-14,2.213326439e-13,4.736223541e-14
154.5,1.555858816e-13,2.355388207e-13,5.404693546e-13,4.754665991e-13,3.647127278e-13,2.493961114e-13,1.228709886e-13,1.175827678e-13,1.063730625e-13,1.173040076e-13,1.692770581e-13,1.076137747e-13,1.817125258e-13,3.081558445e-13,2.434251384e-13,1.728947403e-13,1.439094545e-13,1.733998839e-13,1.167591233e-13,3.248459602e-13,2.206882843e-13,4.735647064e-14,5.79059215e-14,1.429343195e-13,3.955392987e-14,1.178325589e-13,1.778329957e-13,1.44637216e-13,4.534590009e-13,6.295263106e-14,2.212234667e-13,4.764454931e-14
154.5078125,1.553198248e-13,2.403566688e-13,5.466682856e-13,4.739986112e-13,3.674284738e-13,2.497507401e-13,1.244594601e-13,1.181165523e-13,1.061510798e-13,1.170116682e-13,1.687572907e-13,1.082889339e-13,1.83017245e-13,3.095797402e-13,2.424924094e-13,1.746234683e-13,1.447021161e-13,1.733064158e-13,1.180398883e-13,3.245128983e-13,2.217587137e-13,4.763402847e-14,5.80385231e-14,1.426948524e-13,3.997835224e-14,1.198777933e-13,1.794046141e-13,1.443922991e-13,4.618076611e-13,6.342426298e-14,2.212812913e-13,4.793502766e-14
154.515625,1.549691091e-13,2.453067493e-13,5.529032885e-13,4.726530399e-13,3.698770108e-13,2.501147601e-13,1.261252487e-13,1.185527342e-13,1.058300501e-13,1.166308259e-13,1.68206835e-13,1.088923133e-13,1.841816999e-13,3.108274313e-13,2.41638195e-13,1.764012018e-13,1.455108912e-13,1.73171237e-13,1.193093168e-13,3.241830112e-13,2.227929932e-13,4.787765265e-14,5.817754504e-14,1.423241724e-13,4.040772671e-14,1.219057961e-13,1.809168806e-13,1.442386432e-13,4.699524563e-13,6.392854258e-14,2.212815926e-13,4.821928065e-14
154.5234375,1.54532755e-13,2.505368291e-13,5.589571432e-13,4.715423897e-13,3.72286599e-13,2.504114051e-13,1.278529027e-13,1.189875343e-13,1.054789878e-13,1.162334142e-13,1.676207598e-13,1.094485394e-13,1.852535684e-13,3.119553774e-13,2.407810808e-13,1.782553306e-13,1.463067795e-13,1.729283539e-13,1.205368984e-13,3.240551275e-13,2.23842517e-13,4.810558548e-14,5.833150539e-14,1.418942831e-13,4.08493351e-14,1.239778388e-13,1.824555681e-13,1.440884619e-13,4.779626519e-13,6.445258504e-14,2.212247611e-13,4.849836327e-14
154.53125,1.541524205e-13,2.55818521e-13,5.647742495e-13,4.703492977e-13,3.745868105e-13,2.50645158e-13,1.295033678e-13,1.194448269e-13,1.051398661e-13,1.15830723e-13,1.671288244e-13,1.100235227e-13,1.863215067e-13,3.129994113e-13,2.399677863e-13,1.802333321e-13,1.472115483e-13,1.726138394e-13,1.218069596e-13,3.240639774e-13,2.249047413e-13,4.834222542e-14,5.847161269e-14,1.41438057e-13,4.131355633e-14,1.261405021e-13,1.841165563e-13,1.438559639e-13,4.859891977e-13,6.49818305e-14,2.212267161e-13,4.878577374e-14
154.5390625,1.538666411e-13,2.613391866e-13,5.705623372e-13,4.692852866e-13,3.765105894e-13,2.508564175e-13,1.310962991e-13,1.197977575e-13,1.046965893e-13,1.153671006e-13,1.667459195e-13,1.105624163e-13,1.872890575e-13,3.13820139e-13,2.39336463e-13,1.824298906e-13,1.482699713e-13,1.722689246e-13,1.231366384e-13,3.242405001e-13,2.259274207e-13,4.854486352e-14,5.85888774e-14,1.408598677e-13,4.178581145e-14,1.283844888e-13,1.858703097e-13,1.437421314e-13,4.937971562e-13,6.554984723e-14,2.211542573e-13,4.906631232e-14
154.546875,1.536506821e-13,2.673311457e-13,5.766513614e-13,4.688003735e-13,3.784969671e-13,2.512110724e-13,1.327536811e-13,1.200872281e-13,1.042238674e-13,1.148740426e-13,1.664471034e-13,1.111576177e-13,1.882248259e-13,3.148533433e-13,2.391124077e-13,1.849393343e-13,1.493924294e-13,1.721232427e-13,1.245175485e-13,3.246639302e-13,2.269693893e-13,4.876507063e-14,5.872135395e-14,1.402148267e-13,4.226407492e-14,1.306770869e-13,1.877298972e-13,1.439121708e-13,5.01551595e-13,6.619178736e-14,2.212292722e-13,4.933007888e-14
154.5546875,1.53555276e-13,2.730825098e-13,5.829665605e-13,4.683405632e-13,3.809188407e-13,2.518328034e-13,1.344255961e-13,1.204021311e-13,1.038835993e-13,1.143051186e-13,1.662166849e-13,1.119304023e-13,1.893066558e-13,3.163956821e-13,2.392138888e-13,1.875994541e-13,1.505363953e-13,1.722757341e-13,1.259588259e-13,3.25076786e-13,2.280817183e-13,4.908299579e-14,5.88601571e-14,1.396202893e-13,4.277214922e-14,1.329911907e-13,1.896873296e-13,1.440713865e-13,5.094437642e-13,6.687801161e-14,2.217578867e-13,4.960327419e-14
154.5625,1.535663212e-13,2.784050894e-13,5.88952268e-13,4.674985638e-13,3.83253332e-13,2.525488263e-13,1.360478142e-13,1.206629195e-13,1.035278716e-13,1.135966309e-13,1.65928605e-13,1.126591314e-13,1.904096227e-13,3.177672822e-13,2.392359519e-13,1.901965019e-13,1.516992475e-13,1.7241879e-13,1.274233086e-13,3.253678456e-13,2.291724526e-13,4.940600349e-14,5.895938881e-14,1.38964122e-13,4.330688568e-14,1.353538038e-13,1.915708219e-13,1.440596016e-13,5.169445294e-13,6.7582057e-14,2.223029116e-13,4.990364539e-14
154.5703125,1.535607538e-13,2.840179407e-13,5.943540719e-13,4.668130348e-13,3.850158175e-13,2.531344397e-13,1.376572786e-13,1.208402727e-13,1.029973993e-13,1.128698997e-13,1.655327907e-13,1.131640524e-13,1.913143267e-13,3.184906884e-13,2.390567403e-13,1.92767963e-13,1.528189861e-13,1.723687315e-13,1.288615155e-13,3.256893976e-13,2.301632197e-13,4.963771307e-14,5.903362895e-14,1.381083161e-13,4.382603575e-14,1.378021803e-13,1.933581912e-13,1.441352467e-13,5.238234047e-13,6.832002265e-14,2.224212084e-13,5.022431948e-14
154.578125,1.534488851e-13,2.898059428e-13,5.99509259e-13,4.664341872e-13,3.863461002e-13,2.536480486e-13,1.392240857e-13,1.210002168e-13,1.024030483e-13,1.122201045e-13,1.651384404e-13,1.136295857e-13,1.920409388e-13,3.189087069e-13,2.389179674e-13,1.954192464e-13,1.538879023e-13,1.722193522e-13,1.302947917e-13,3.259979399e-13,2.310809849e-13,4.984209728e-14,5.911712077e-14,1.37128201e-13,4.430847338e-14,1.403097245e-13,1.952800995e-13,1.443785978e-13,5.305201989e-13,6.908636402e-14,2.223194009e-13,5.055729402e-14
154.5859375,1.533154138e-13,2.954456735e-13,6.046607349e-13,4.660954643e-13,3.875614091e-13,2.542187569e-13,1.407198823e-13,1.211427802e-13,1.018197759e-13,1.116027493e-13,1.648008976e-13,1.141791727e-13,1.926900842e-13,3.193451889e-13,2.390085051e-13,1.982327578e-13,1.550407488e-13,1.720015824e-13,1.317998326e-13,3.263511658e-13,2.319849664e-13,5.007898767e-14,5.91981067e-14,1.361354868e-13,4.478312802e-14,1.4285253e-13,1.97404859e-13,1.446717454e-13,5.372119837e-13,6.986564843e-14,2.222438365e-13,5.088799302e-14
154.59375,1.533019481e-13,3.012410563e-13,6.097312728e-13,4.658605129e-13,3.889204614e-13,2.548109677e-13,1.421764619e-13,1.212741702e-13,1.012279999e-13,1.110093855e-13,1.645724775e-13,1.147609388e-13,1.933122998e-13,3.198826223e-13,2.393460374e-13,2.012953568e-13,1.563518534e-13,1.718085002e-13,1.333982361e-13,3.269465682e-13,2.329336621e-13,5.033784721e-14,5.927295122e-14,1.351440725e-13,4.528128269e-14,1.454344035e-13,1.995913122e-13,1.450046095e-13,5.438171391e-13,7.066523086e-14,2.222911167e-13,5.120745977e-14
154.6015625,1.532963566e-13,3.070060293e-13,6.147270527e-13,4.657365591e-13,3.90403195e-13,2.554055418e-13,1.435700905e-13,1.214154216e-13,1.006506081e-13,1.104380034e-13,1.644778095e-13,1.153670473e-13,1.939572052e-13,3.204808922e-13,2.398136002e-13,2.045318864e-13,1.577418816e-13,1.717879557e-13,1.350112515e-13,3.276389749e-13,2.33894116e-13,5.061668488e-14,5.937595893e-14,1.341248763e-13,4.580097439e-14,1.480366952e-13,2.018146845e-13,1.453593083e-13,5.502640139e-13,7.148168507e-14,2.225196949e-13,5.153725033e-14
154.609375,1.531625932e-13,3.12646331e-13,6.196349939e-13,4.658278967e-13,3.917054748e-13,2.560328824e-13,1.448994887e-13,1.215192214e-13,1.000342162e-13,1.098515221e-13,1.643172142e-13,1.159423776e-13,1.946219532e-13,3.209734302e-13,2.403086415e-13,2.078660246e-13,1.591934111e-13,1.718699803e-13,1.366023583e-13,3.283551508e-13,2.347348804e-13,5.090718503e-14,5.951803499e-14,1.330307374e-13,4.632854197e-14,1.506872506e-13,2.041596953e-13,1.457922025e-13,5.563909635e-13,7.232607423e-14,2.228008845e-13,5.189253328e-14
154.6171875,1.530951751e-13,3.18735673e-13,6.24304492e-13,4.66357319e-13,3.927729118e-13,2.566354656e-13,1.461802056e-13,1.21575599e-13,9.932792035e-14,1.092721712e-13,1.640419059e-13,1.164492479e-13,1.952382533e-13,3.213849206e-13,2.409673692e-13,2.114527112e-13,1.607572411e-13,1.719787826e-13,1.382408275e-13,3.293458622e-13,2.354776545e-13,5.120682357e-14,5.965824409e-14,1.318421272e-13,4.686431036e-14,1.534575556e-13,2.066443654e-13,1.464426498e-13,5.622583751e-13,7.32289652e-14,2.230963991e-13,5.226609177e-14
154.625,1.53207507e-13,3.250180424e-13,6.288546029e-13,4.668031416e-13,3.937869742e-13,2.572402837e-13,1.473296093e-13,1.216350152e-13,9.863885391e-14,1.086988402e-13,1.639599774e-13,1.170029837e-13,1.957828849e-13,3.218273604e-13,2.419369566e-13,2.153662602e-13,1.623996317e-13,1.721811832e-13,1.399479454e-13,3.305678662e-13,2.362998738e-13,5.153990046e-14,5.975746378e-14,1.305961975e-13,4.742517273e-14,1.563299936e-13,2.092487882e-13,1.47173221e-13,5.68038044e-13,7.414979948e-14,2.235462685e-13,5.267810437e-14
154.6328125,1.533366381e-13,3.308893343e-13,6.334574978e-13,4.667590932e-13,3.947064775e-13,2.57965435e-13,1.483385952e-13,1.217000479e-13,9.803432878e-14,1.08062817e-13,1.640962655e-13,1.176308479e-13,1.963210612e-13,3.222110908e-13,2.430775966e-13,2.194313602e-13,1.641289009e-13,1.724585202e-13,1.416824473e-13,3.317676589e-13,2.371954928e-13,5.189378296e-14,5.983487053e-14,1.293615167e-13,4.801957426e-14,1.592315436e-13,2.119666778e-13,1.477783147e-13,5.735868064e-13,7.502472052e-14,2.241099797e-13,5.315111112e-14
154.640625,1.534583284e-13,3.367223846e-13,6.378104958e-13,4.670271083e-13,3.953656818e-13,2.58697249e-13,1.493041038e-13,1.217461878e-13,9.744895403e-14,1.073820705e-13,1.641387537e-13,1.182283596e-13,1.968895279e-13,3.225106382e-13,2.442354856e-13,2.235101358e-13,1.660200872e-13,1.727354595e-13,1.434659346e-13,3.328886197e-13,2.380019973e-13,5.223692133e-14,5.994663863e-14,1.282298389e-13,4.862275705e-14,1.621242653e-13,2.147350801e-13,1.483990991e-13,5.787591997e-13,7.58921789e-14,2.246898822e-13,5.364098075e-14
154.6484375,1.536111024e-13,3.427081862e-13,6.417058094e-13,4.680234832e-13,3.957185194e-13,2.59277849e-13,1.502210274e-13,1.217509804e-13,9.682908523e-14,1.067301545e-13,1.640875382e-13,1.18773476e-13,1.97381891e-13,3.227537535e-13,2.454730458e-13,2.276178373e-13,1.68018833e-13,1.729854338e-13,1.453224937e-13,3.339296674e-13,2.387033602e-13,5.257629603e-14,6.010141853e-14,1.271978557e-13,4.921060031e-14,1.649950857e-13,2.174526028e-13,1.49148867e-13,5.836244407e-13,7.679919924e-14,2.252882106e-13,5.409469063e-14
154.65625,1.536729823e-13,3.484582609e-13,6.454805379e-13,4.689345456e-13,3.95821382e-13,2.598380062e-13,1.510628148e-13,1.217088489e-13,9.614464102e-14,1.060899313e-13,1.640927119e-13,1.192937878e-13,1.976814127e-13,3.227709794e-13,2.46828969e-13,2.318283848e-13,1.700291182e-13,1.731661468e-13,1.471938718e-13,3.350339121e-13,2.393843213e-13,5.290594911e-14,6.023935005e-14,1.260931771e-13,4.979185586e-14,1.678828875e-13,2.20132827e-13,1.498450267e-13,5.882282406e-13,7.769279145e-14,2.258212686e-13,5.453562915e-14
154.6640625,1.535906302e-13,3.540203383e-13,6.492377405e-13,4.693791672e-13,3.95756077e-13,2.604452227e-13,1.518480049e-13,1.216713007e-13,9.538103226e-14,1.054178038e-13,1.640663302e-13,1.198020487e-13,1.978537622e-13,3.224608008e-13,2.481917613e-13,2.361452596e-13,1.720744796e-13,1.732646819e-13,1.490404902e-13,3.363686822e-13,2.400642698e-13,5.319456124e-14,6.033004708e-14,1.248157585e-13,5.036963548e-14,1.708186708e-13,2.228538148e-13,1.504324768e-13,5.925043137e-13,7.853624057e-14,2.261942372e-13,5.500359651e-14
154.671875,1.534746968e-13,3.595126997e-13,6.526254549e-13,4.697355616e-13,3.955562997e-13,2.609776319e-13,1.525180956e-13,1.216403513e-13,9.456941666e-14,1.047285628e-13,1.640089904e-13,1.202869145e-13,1.98040573e-13,3.219996734e-13,2.494960737e-13,2.404660618e-13,1.742173404e-13,1.733232866e-13,1.509152958e-13,3.377047828e-13,2.407375319e-13,5.345879343e-14,6.040993987e-14,1.234606894e-13,5.092697168e-14,1.737290713e-13,2.255736893e-13,1.510392521e-13,5.962650308e-13,7.937131731e-14,2.264114639e-13,5.547774311e-14
154.6796875,1.535369704e-13,3.648670714e-13,6.555813423e-13,4.701078143e-13,3.953285481e-13,2.615776135e-13,1.530646188e-13,1.215378738e-13,9.375567766e-14,1.04057696e-13,1.640600486e-13,1.206846048e-13,1.982581745e-13,3.216481719e-13,2.508078722e-13,2.447987963e-13,1.764720155e-13,1.733849544e-13,1.528528459e-13,3.389119248e-13,2.413951298e-13,5.37624661e-14,6.049226612e-14,1.22100396e-13,5.14695563e-14,1.76594331e-13,2.282383103e-13,1.516807112e-13,5.994731681e-13,8.021938331e-14,2.265753909e-13,5.594173933e-14
154.6875,1.538679612e-13,3.703281034e-13,6.583335603e-13,4.705547533e-13,3.95194206e-13,2.624338265e-13,1.535807376e-13,1.21387942e-13,9.300096041e-14,1.034468843e-13,1.641647238e-13,1.210227993e-13,1.984182996e-13,3.214595243e-13,2.52183157e-13,2.492730668e-13,1.787633347e-13,1.734967867e-13,1.547638516e-13,3.402463912e-13,2.420204563e-13,5.413007948e-14,6.0577978e-14,1.207319654e-13,5.203042408e-14,1.795113649e-13,2.309287474e-13,1.524099213e-13,6.024254648e-13,8.106797141e-14,2.268907361e-13,5.644879611e-14
154.6953125,1.540874276e-13,3.759437877e-13,6.608929239e-13,4.712132877e-13,3.948623569e-13,2.63237778e-13,1.540225887e-13,1.212710748e-13,9.229114261e-14,1.029032758e-13,1.642309471e-13,1.213969869e-13,1.98455378e-13,3.211297224e-13,2.536387074e-13,2.539112714e-13,1.810258877e-13,1.736381847e-13,1.56582485e-13,3.416123239e-13,2.426428145e-13,5.448332961e-14,6.071559398e-14,1.19347898e-13,5.263163476e-14,1.824848532e-13,2.337535404e-13,1.532999833e-13,6.052142092e-13,8.191755013e-14,2.273202139e-13,5.702605145e-14
154.703125,1.538578043e-13,3.812854825e-13,6.631401799e-13,4.717373316e-13,3.939616928e-13,2.636543072e-13,1.542750356e-13,1.211414999e-13,9.147672628e-14,1.023544855e-13,1.643178549e-13,1.217527889e-13,1.984003613e-13,3.204228419e-13,2.552577402e-13,2.587243942e-13,1.833976724e-13,1.737454829e-13,1.584428483e-13,3.427422826e-13,2.432797315e-13,5.472829015e-14,6.088735104e-14,1.178873602e-13,5.325880323e-14,1.854679782e-13,2.367861341e-13,1.541274678e-13,6.076158757e-13,8.27575692e-14,2.275641971e-13,5.760100707e-14
154.7109375,1.535953259e-13,3.861963572e-13,6.650731928e-13,4.71892927e-13,3.928176477e-13,2.639540458e-13,1.543981872e-13,1.209418832e-13,9.054184238e-14,1.017818008e-13,1.644491686e-13,1.220524901e-13,1.983498495e-13,3.19605047e-13,2.57055432e-13,2.637208781e-13,1.860096943e-13,1.739101641e-13,1.604832999e-13,3.438995417e-13,2.438587198e-13,5.492691011e-14,6.099639345e-14,1.163412902e-13,5.387840616e-14,1.885076814e-13,2.399902978e-13,1.547577692e-13,6.096375352e-13,8.35718551e-14,2.277073989e-13,5.813066003e-14
154.71875,1.537837413e-13,3.908898842e-13,6.66759369e-13,4.720934775e-13,3.919746203e-13,2.645515369e-13,1.544976245e-13,1.207044059e-13,8.967302963e-14,1.012994289e-13,1.645689418e-13,1.224086777e-13,1.983452907e-13,3.189649741e-13,2.58816134e-13,2.686939649e-13,1.887145066e-13,1.742494789e-13,1.626143535e-13,3.453089822e-13,2.443261425e-13,5.522490368e-14,6.105903868e-14,1.148210923e-13,5.447720004e-14,1.915875002e-13,2.431173121e-13,1.554928717e-13,6.113463207e-13,8.437913294e-14,2.280971313e-13,5.868501168e-14
154.7265625,1.541794954e-13,3.954733455e-13,6.681953657e-13,4.725073695e-13,3.912923858e-13,2.653486927e-13,1.545175186e-13,1.204316634e-13,8.889559846e-14,1.009369461e-13,1.646475514e-13,1.227947129e-13,1.983009588e-13,3.183075098e-13,2.604045733e-13,2.735460876e-13,1.913538441e-13,1.746122346e-13,1.646808344e-13,3.467592938e-13,2.447488157e-13,5.5609482e-14,6.114588015e-14,1.133425331e-13,5.504953989e-14,1.945878817e-13,2.459977271e-13,1.564334629e-13,6.125595753e-13,8.519924735e-14,2.286375885e-13,5.930267936e-14
154.734375,1.543793793e-13,3.999910799e-13,6.692943799e-13,4.728182565e-13,3.902593351e-13,2.65999513e-13,1.543544506e-13,1.201164033e-13,8.806128879e-14,1.005441373e-13,1.647217272e-13,1.230560952e-13,1.980531697e-13,3.173072236e-13,2.62024886e-13,2.78547077e-13,1.939574079e-13,1.747842709e-13,1.666372179e-13,3.481978154e-13,2.452097774e-13,5.595989346e-14,6.120930467e-14,1.118224728e-13,5.557868237e-14,1.974699115e-13,2.487699143e-13,1.572949439e-13,6.132708933e-13,8.600807289e-14,2.290459234e-13,5.992521662e-14
154.7421875,1.544513326e-13,4.045403453e-13,6.7008703e-13,4.729822629e-13,3.887467799e-13,2.664664726e-13,1.540192671e-13,1.198254372e-13,8.716588053e-14,1.000552927e-13,1.64885454e-13,1.232084355e-13,1.975651591e-13,3.16001441e-13,2.638512327e-13,2.838179987e-13,1.965692789e-13,1.748449694e-13,1.685323796e-13,3.497162749e-13,2.45686673e-13,5.627367757e-14,6.122946641e-14,1.102810502e-13,5.608841403e-14,2.002771024e-13,2.515389211e-13,1.580634896e-13,6.13741947e-13,8.677503489e-14,2.293784051e-13,6.054237984e-14
154.75,1.546230856e-13,4.090403627e-13,6.706990095e-13,4.731768362e-13,3.870707495e-13,2.669080759e-13,1.535729241e-13,1.196011707e-13,8.630739686e-14,9.959062154e-14,1.651286939e-13,1.233816741e-13,1.971008517e-13,3.147291293e-13,2.657604866e-13,2.891322805e-13,1.992040069e-13,1.750037414e-13,1.705005532e-13,3.512116551e-13,2.460965883e-13,5.662117015e-14,6.128722167e-14,1.087762125e-13,5.663895339e-14,2.030796823e-13,2.542358253e-13,1.589626653e-13,6.140228948e-13,8.751852577e-14,2.298074645e-13,6.121535583e-14
154.7578125,1.548788837e-13,4.133075651e-13,6.711039354e-13,4.734449244e-13,3.85522033e-13,2.673415891e-13,1.530417673e-13,1.19400291e-13,8.549766491e-14,9.92256341e-14,1.653033778e-13,1.23625932e-13,1.96913101e-13,3.136739965e-13,2.676985578e-13,2.944269954e-13,2.01893352e-13,1.752970526e-13,1.726192024e-13,3.527144438e-13,2.463974427e-13,5.699342272e-14,6.13768868e-14,1.072913784e-13,5.723909402e-14,2.059529065e-13,2.569113607e-13,1.600230031e-13,6.13953495e-13,8.828210521e-14,2.303829384e-13,6.193302187e-14
154.765625,1.551310434e-13,4.174623507e-13,6.71261593e-13,4.737820346e-13,3.840043131e-13,2.677758127e-13,1.52455328e-13,1.191744026e-13,8.46984306e-14,9.892943573e-14,1.654046785e-13,1.238946691e-13,1.968282516e-13,3.126757166e-13,2.698426173e-13,2.999076371e-13,2.046702879e-13,1.756553177e-13,1.747826964e-13,3.544148633e-13,2.466278489e-13,5.735591682e-14,6.144061997e-14,1.057821806e-13,5.784247394e-14,2.088427845e-13,2.596762573e-13,1.611933461e-13,6.135552459e-13,8.905595292e-14,2.310775689e-13,6.263276189e-14
154.7734375,1.55447134e-13,4.216715102e-13,6.711824582e-13,4.740227268e-13,3.82243919e-13,2.682572574e-13,1.518085142e-13,1.189203124e-13,8.389442937e-14,9.871276659e-14,1.655723957e-13,1.241222141e-13,1.965495659e-13,3.115191369e-13,2.721119624e-13,3.05529844e-13,2.075014177e-13,1.759945223e-13,1.76883359e-13,3.562187756e-13,2.468764642e-13,5.771739047e-14,6.150503036e-14,1.042173738e-13,5.840766117e-14,2.115973368e-13,2.623949705e-13,1.62427671e-13,6.128751889e-13,8.977316697e-14,2.317596922e-13,6.33436897e-14
154.78125,1.558052327e-13,4.257121836e-13,6.707133423e-13,4.740410329e-13,3.801945822e-13,2.686482633e-13,1.510389683e-13,1.186646376e-13,8.310610228e-14,9.859451513e-14,1.657954589e-13,1.243182501e-13,1.961190315e-13,3.101091971e-13,2.741211182e-13,3.109078916e-13,2.102124088e-13,1.762387128e-13,1.78919722e-13,3.579182846e-13,2.471653755e-13,5.807539387e-14,6.159132914e-14,1.026428859e-13,5.89327702e-14,2.141969393e-13,2.648603123e-13,1.636724916e-13,6.116475607e-13,9.040749936e-14,2.323410577e-13,6.412792599e-14
154.7890625,1.56069606e-13,4.294664095e-13,6.698861731e-13,4.740947463e-13,3.780602764e-13,2.689103068e-13,1.501762003e-13,1.18424529e-13,8.235454146e-14,9.850463366e-14,1.659997955e-13,1.24532043e-13,1.957182382e-13,3.085606567e-13,2.759113085e-13,3.159741624e-13,2.127696734e-13,1.765339171e-13,1.809352026e-13,3.595557543e-13,2.4741679e-13,5.842164083e-14,6.16820045e-14,1.011406615e-13,5.947626309e-14,2.16756326e-13,2.672018584e-13,1.649757921e-13,6.098171274e-13,9.100717607e-14,2.330036306e-13,6.493823583e-14
154.796875,1.564066028e-13,4.331045933e-13,6.690499669e-13,4.741970753e-13,3.761125e-13,2.693493607e-13,1.492961118e-13,1.181816055e-13,8.162596817e-14,9.83894462e-14,1.662599133e-13,1.247758676e-13,1.954167981e-13,3.072838544e-13,2.778947154e-13,3.211110453e-13,2.154615732e-13,1.771292414e-13,1.830493397e-13,3.611837727e-13,2.476199199e-13,5.879784637e-14,6.179285535e-14,9.966762277e-14,6.008935361e-14,2.193335785e-13,2.697049663e-13,1.663209479e-13,6.078557217e-13,9.159944568e-14,2.33929768e-13,6.571192913e-14
154.8046875,1.569900658e-13,4.365691645e-13,6.681074883e-13,4.739895355e-13,3.743676984e-13,2.7001778e-13,1.483339986e-13,1.179041796e-13,8.090727041e-14,9.82901662e-14,1.666124105e-13,1.250429865e-13,1.952355084e-13,3.063671263e-13,2.799711495e-13,3.263875736e-13,2.183512343e-13,1.778695852e-13,1.853017963e-13,3.627348954e-13,2.478422198e-13,5.922437075e-14,6.19316589e-14,9.814382995e-14,6.071786067e-14,2.218709002e-13,2.723031012e-13,1.676027356e-13,6.058263566e-13,9.214804809e-14,2.348993934e-13,6.65007869e-14
154.8125,1.574771455e-13,4.398947272e-13,6.666192979e-13,4.736967983e-13,3.723914231e-13,2.7047927e-13,1.472323387e-13,1.175851074e-13,8.015575417e-14,9.824293054e-14,1.669384377e-13,1.252531294e-13,1.950724245e-13,3.051859356e-13,2.817814797e-13,3.315581022e-13,2.211408684e-13,1.78400886e-13,1.874992609e-13,3.642766207e-13,2.480213047e-13,5.961801785e-14,6.208783879e-14,9.65972478e-14,6.128314328e-14,2.242918706e-13,2.74761677e-13,1.689086073e-13,6.032271637e-13,9.264109275e-14,2.35580665e-13,6.734765135e-14
154.8203125,1.575971613e-13,4.432762151e-13,6.646657491e-13,4.73746128e-13,3.698884885e-13,2.705166412e-13,1.460627985e-13,1.172622994e-13,7.929051043e-14,9.823619535e-14,1.671638271e-13,1.25293999e-13,1.94732977e-13,3.034097486e-13,2.835001337e-13,3.367061131e-13,2.237829979e-13,1.78771593e-13,1.895441459e-13,3.658712596e-13,2.480256379e-13,5.99002931e-14,6.226164848e-14,9.504378281e-14,6.180360891e-14,2.266085855e-13,2.771289903e-13,1.703062875e-13,6.000557673e-13,9.31225513e-14,2.36060458e-13,6.81951374e-14
154.828125,1.576310233e-13,4.463493902e-13,6.624850897e-13,4.737828439e-13,3.672197679e-13,2.703691004e-13,1.448296264e-13,1.169810218e-13,7.836271648e-14,9.826336916e-14,1.673161224e-13,1.252339741e-13,1.942320814e-13,3.015118736e-13,2.853288358e-13,3.419257781e-13,2.264007058e-13,1.791901535e-13,1.915899937e-13,3.674028682e-13,2.478679214e-13,6.011981391e-14,6.24095052e-14,9.345816498e-14,6.232578878e-14,2.288901422e-13,2.794817361e-13,1.716139962e-13,5.966657165e-13,9.3604541e-14,2.366240396e-13,6.901030289e-14
154.8359375,1.577718572e-13,4.489001544e-13,6.599655964e-13,4.733873207e-13,3.647554661e-13,2.702639917e-13,1.434818251e-13,1.167125029e-13,7.752240077e-14,9.833420773e-14,1.674405102e-13,1.252208806e-13,1.937481658e-13,2.997645987e-13,2.870090419e-13,3.46963205e-13,2.288969489e-13,1.795913254e-13,1.937067529e-13,3.688995567e-13,2.476327746e-13,6.036701682e-14,6.248825884e-14,9.187459063e-14,6.283724708e-14,2.311365474e-13,2.816943986e-13,1.728200475e-13,5.930443891e-13,9.404791633e-14,2.372544622e-13,6.981982586e-14
154.84375,1.57896004e-13,4.515607179e-13,6.571281112e-13,4.72750375e-13,3.622746947e-13,2.702451427e-13,1.420605774e-13,1.163807006e-13,7.67697916e-14,9.846377588e-14,1.675995944e-13,1.252407089e-13,1.933274434e-13,2.979545065e-13,2.884151874e-13,3.51682722e-13,2.312600133e-13,1.798632737e-13,1.958260807e-13,3.704522821e-13,2.473665807e-13,6.066223101e-14,6.255227623e-14,9.032442024e-14,6.331573934e-14,2.332604951e-13,2.837330873e-13,1.741924955e-13,5.891713959e-13,9.4437764e-14,2.377968182e-13,7.063984582e-14
154.8515625,1.580176718e-13,4.544076355e-13,6.540164612e-13,4.721332273e-13,3.594554821e-13,2.702409222e-13,1.405814124e-13,1.159911759e-13,7.60265809e-14,9.864348745e-14,1.677744468e-13,1.252251319e-13,1.929126963e-13,2.961060629e-13,2.897076441e-13,3.561689669e-13,2.336270556e-13,1.800409967e-13,1.979073328e-13,3.71927587e-13,2.470876009e-13,6.098602815e-14,6.266113286e-14,8.880951628e-14,6.377104738e-14,2.352117914e-13,2.856797299e-13,1.757806568e-13,5.851196302e-13,9.479793761e-14,2.383251312e-13,7.149840624e-14
154.859375,1.58204522e-13,4.567271408e-13,6.503314658e-13,4.716296898e-13,3.563638513e-13,2.700731999e-13,1.390031323e-13,1.156368043e-13,7.530141694e-14,9.883405956e-14,1.678237701e-13,1.251726067e-13,1.924814398e-13,2.943797416e-13,2.910135237e-13,3.60638023e-13,2.360086292e-13,1.802214348e-13,1.99909944e-13,3.733725683e-13,2.467401171e-13,6.130379308e-14,6.279068051e-14,8.736110569e-14,6.421955153e-14,2.370686676e-13,2.876060633e-13,1.773622713e-13,5.807650742e-13,9.515660322e-14,2.389970246e-13,7.240000764e-14
154.8671875,1.583491209e-13,4.586261308e-13,6.460684761e-13,4.712058493e-13,3.531642418e-13,2.696508472e-13,1.373644532e-13,1.153585551e-13,7.457004691e-14,9.905144357e-14,1.677361325e-13,1.250756155e-13,1.92028181e-13,2.926413386e-13,2.924373327e-13,3.654277621e-13,2.384731031e-13,1.8051295e-13,2.018677177e-13,3.749499641e-13,2.462586428e-13,6.156480341e-14,6.291277631e-14,8.598072152e-14,6.466851098e-14,2.388969453e-13,2.895822521e-13,1.788918266e-13,5.760905184e-13,9.551947417e-14,2.397500268e-13,7.325836255e-14
154.875,1.584970745e-13,4.607254336e-13,6.416103248e-13,4.707437621e-13,3.498238641e-13,2.691474491e-13,1.357111139e-13,1.150760821e-13,7.377777941e-14,9.93567805e-14,1.676655727e-13,1.249145967e-13,1.915528754e-13,2.90808067e-13,2.938576768e-13,3.703844392e-13,2.41107727e-13,1.808910166e-13,2.038954231e-13,3.763640975e-13,2.456849745e-13,6.178229167e-14,6.30271804e-14,8.460897078e-14,6.511004119e-14,2.406018016e-13,2.914976235e-13,1.805338235e-13,5.71161327e-13,9.58345588e-14,2.403826566e-13,7.4039675e-14
154.8828125,1.588181349e-13,4.627728962e-13,6.370301446e-13,4.702724306e-13,3.46386707e-13,2.687859539e-13,1.340132476e-13,1.146961091e-13,7.299033033e-14,9.971527516e-14,1.67632939e-13,1.246893722e-13,1.910662976e-13,2.89023616e-13,2.94978804e-13,3.749412141e-13,2.436494492e-13,1.811764147e-13,2.059229813e-13,3.774700098e-13,2.450599066e-13,6.202399085e-14,6.311773824e-14,8.319049745e-14,6.552393308e-14,2.421513493e-13,2.931850465e-13,1.822314307e-13,5.659132464e-13,9.604663669e-14,2.408780852e-13,7.485564901e-14
154.890625,1.590615254e-13,4.641808495e-13,6.322909125e-13,4.696438726e-13,3.430655034e-13,2.685098721e-13,1.322763757e-13,1.14247296e-13,7.226498382e-14,1.000472304e-13,1.675449546e-13,1.244179385e-13,1.905700675e-13,2.872027484e-13,2.958723829e-13,3.79090492e-13,2.457837536e-13,1.812744391e-13,2.077759669e-13,3.786974229e-13,2.443386022e-13,6.226407304e-14,6.318745533e-14,8.172792161e-14,6.590816709e-14,2.436752696e-13,2.946980342e-13,1.837203825e-13,5.604087104e-13,9.619498473e-14,2.413717374e-13,7.576741512e-14
154.8984375,1.588913143e-13,4.651389882e-13,6.274367326e-13,4.686085617e-13,3.39726855e-13,2.680687108e-13,1.305365193e-13,1.138259984e-13,7.152482447e-14,1.003934174e-13,1.674115873e-13,1.241033314e-13,1.900449809e-13,2.85067091e-13,2.967054123e-13,3.831046569e-13,2.4762549e-13,1.812332177e-13,2.095280021e-13,3.800935843e-13,2.434747037e-13,6.242465048e-14,6.328665169e-14,8.030504628e-14,6.627291694e-14,2.451000496e-13,2.959816296e-13,1.850784994e-13,5.546203544e-13,9.633285847e-14,2.418085353e-13,7.668252182e-14
154.90625,1.586233491e-13,4.662224708e-13,6.221944299e-13,4.676578158e-13,3.359954436e-13,2.674077287e-13,1.287561206e-13,1.134558255e-13,7.073229659e-14,1.008463643e-13,1.672568024e-13,1.237079185e-13,1.894670379e-13,2.827389825e-13,2.973562264e-13,3.869045826e-13,2.494700076e-13,1.811474395e-13,2.113801067e-13,3.813146827e-13,2.424759821e-13,6.255531392e-14,6.34419383e-14,7.8980225e-14,6.660814219e-14,2.462138572e-13,2.969083403e-13,1.866593611e-13,5.483707078e-13,9.642597407e-14,2.420923338e-13,7.752047102e-14
154.9140625,1.585918963e-13,4.674135066e-13,6.165126763e-13,4.671861119e-13,3.32065072e-13,2.6668797e-13,1.269126224e-13,1.130969227e-13,6.99599798e-14,1.013975669e-13,1.670393829e-13,1.232828232e-13,1.888877627e-13,2.806314179e-13,2.979061678e-13,3.905525565e-13,2.513502302e-13,1.811245749e-13,2.133107534e-13,3.82416719e-13,2.414450095e-13,6.274102083e-14,6.361384608e-14,7.769381081e-14,6.692300999e-14,2.471129905e-13,2.977595389e-13,1.88421986e-13,5.419926375e-13,9.6444129e-14,2.424325919e-13,7.830289652e-14
154.921875,1.584334723e-13,4.683294511e-13,6.108567493e-13,4.664559145e-13,3.283546917e-13,2.659064606e-13,1.250709705e-13,1.127125343e-13,6.922050295e-14,1.01964491e-13,1.667586005e-13,1.229399212e-13,1.883925684e-13,2.786951002e-13,2.985338652e-13,3.94238469e-13,2.53104461e-13,1.811740543e-13,2.151298755e-13,3.834868091e-13,2.404853964e-13,6.2913042e-14,6.37535401e-14,7.640397287e-14,6.725704431e-14,2.479758165e-13,2.987535175e-13,1.900282684e-13,5.358733055e-13,9.640971561e-14,2.429407504e-13,7.907441883e-14
154.9296875,1.579611771e-13,4.691089546e-13,6.051387285e-13,4.651776168e-13,3.24582258e-13,2.648796077e-13,1.232221651e-13,1.122790183e-13,6.842596762e-14,1.025082226e-13,1.664424102e-13,1.225747264e-13,1.879218494e-13,2.764701435e-13,2.990311473e-13,3.978247049e-13,2.547186744e-13,1.811940444e-13,2.167978337e-13,3.844500887e-13,2.394894422e-13,6.297367855e-14,6.385722273e-14,7.513058702e-14,6.759059134e-14,2.487369707e-13,2.996320225e-13,1.914959176e-13,5.296126615e-13,9.633117893e-14,2.43317746e-13,7.985760888e-14
154.9375,1.575561206e-13,4.699700278e-13,5.988575428e-13,4.641604677e-13,3.203340041e-13,2.636481187e-13,1.212754444e-13,1.118175818e-13,6.754467098e-14,1.030667052e-13,1.66102927e-13,1.220138867e-13,1.873884192e-13,2.739035714e-13,2.992927014e-13,4.011944493e-13,2.563185695e-13,1.8115602e-13,2.184774778e-13,3.854261063e-13,2.382834817e-13,6.297167413e-14,6.395255453e-14,7.383231109e-14,6.787304132e-14,2.493547481e-13,3.002640588e-13,1.930741633e-13,5.228612435e-13,9.621507038e-14,2.43462318e-13,8.064786253e-14
154.9453125,1.572622263e-13,4.705476036e-13,5.922060943e-13,4.634833363e-13,3.158448919e-13,2.624861388e-13,1.192774441e-13,1.113846061e-13,6.665873133e-14,1.036524401e-13,1.657385887e-13,1.213298976e-13,1.868700223e-13,2.713557017e-13,2.994932997e-13,4.043625519e-13,2.578651078e-13,1.810935857e-13,2.202087083e-13,3.864030016e-13,2.369257384e-13,6.298833956e-14,6.405868218e-14,7.248656611e-14,6.813142172e-14,2.498648318e-13,3.007268926e-13,1.947275395e-13,5.159352534e-13,9.606287119e-14,2.436208782e-13,8.141402536e-14
154.953125,1.568224197e-13,4.707308659e-13,5.854859361e-13,4.624837813e-13,3.114457182e-13,2.614462443e-13,1.173409593e-13,1.110016101e-13,6.583941693e-14,1.042115772e-13,1.652939988e-13,1.206187706e-13,1.863925497e-13,2.688864954e-13,2.995947299e-13,4.072958872e-13,2.592189534e-13,1.809628149e-13,2.218142122e-13,3.873422824e-13,2.35570411e-13,6.30049173e-14,6.416964963e-14,7.117312843e-14,6.839683757e-14,2.502148241e-13,3.00954375e-13,1.962734743e-13,5.089983851e-13,9.583099634e-14,2.437504013e-13,8.215739958e-14
154.9609375,1.562998515e-13,4.709486438e-13,5.786651586e-13,4.61183871e-13,3.072082854e-13,2.603235389e-13,1.154415944e-13,1.106541559e-13,6.506804124e-14,1.0477768e-13,1.64776634e-13,1.198938464e-13,1.858855472e-13,2.66390316e-13,2.995860866e-13,4.101422832e-13,2.604579389e-13,1.807907802e-13,2.233072876e-13,3.884843735e-13,2.342421528e-13,6.298449489e-14,6.427203936e-14,6.993675173e-14,6.864240026e-14,2.503985777e-13,3.010379831e-13,1.977698816e-13,5.019830476e-13,9.550800203e-14,2.437299574e-13,8.290591656e-14
154.96875,1.558164276e-13,4.712933417e-13,5.720950477e-13,4.599133141e-13,3.032051418e-13,2.590883756e-13,1.135395935e-13,1.102968093e-13,6.429912084e-14,1.054756354e-13,1.64331324e-13,1.19270469e-13,1.854527588e-13,2.641085797e-13,2.996413479e-13,4.129740034e-13,2.617387173e-13,1.807652427e-13,2.249383143e-13,3.89683085e-13,2.32890893e-13,6.29504371e-14,6.436762408e-14,6.874645534e-14,6.887669929e-14,2.50442539e-13,3.011931166e-13,1.994011459e-13,4.951130428e-13,9.514595151e-14,2.438899287e-13,8.362221784e-14
154.9765625,1.553276968e-13,4.716457777e-13,5.657458008e-13,4.586850977e-13,2.992796117e-13,2.578352982e-13,1.116510368e-13,1.098640726e-13,6.351175269e-14,1.062881598e-13,1.639669468e-13,1.187153662e-13,1.851666644e-13,2.621122845e-13,2.996858752e-13,4.155884605e-13,2.629915394e-13,1.808895601e-13,2.266741194e-13,3.906381289e-13,2.314661071e-13,6.291422413e-14,6.446900035e-14,6.756153039e-14,6.912032158e-14,2.503489528e-13,3.013256266e-13,2.011632259e-13,4.884620421e-13,9.47805857e-14,2.443440056e-13,8.426876569e-14
154.984375,1.547723336e-13,4.719723579e-13,5.587042736e-13,4.575050717e-13,2.950912092e-13,2.564383989e-13,1.097316311e-13,1.093827741e-13,6.271397711e-14,1.070722592e-13,1.634930668e-13,1.179912021e-13,1.848542893e-13,2.599789056e-13,2.996319315e-13,4.180977246e-13,2.64115537e-13,1.809260678e-13,2.2823654e-13,3.916654715e-13,2.299584849e-13,6.28334894e-14,6.457944917e-14,6.636120407e-14,6.934941392e-14,2.502307886e-13,3.012804613e-13,2.028823365e-13,4.817598192e-13,9.44225336e-14,2.446332806e-13,8.490477656e-14
154.9921875,1.541292467e-13,4.719827481e-13,5.510559264e-13,4.563033353e-13,2.907620226e-13,2.548699217e-13,1.077843351e-13,1.089527271e-13,6.195753802e-14,1.078080845e-13,1.628714275e-13,1.171673215e-13,1.844922299e-13,2.576929258e-13,2.996242237e-13,4.207373716e-13,2.652296044e-13,1.808777928e-13,2.296762728e-13,3.928454174e-13,2.284209342e-13,6.271202396e-14,6.468062889e-14,6.520325847e-14,6.95680298e-14,2.500737925e-13,3.010829982e-13,2.044541599e-13,4.750379081e-13,9.403985464e-14,2.447150918e-13,8.554587093e-14
155,1.535144013e-13,4.716177502e-13,5.439560657e-13,4.549007898e-13,2.866659173e-13,2.534568786e-13,1.059127358e-13,1.085684895e-13,6.127836177e-14,1.085941963e-13,1.622413155e-13,1.165079374e-13,1.842434526e-13,2.557060908e-13,2.995858205e-13,4.23217504e-13,2.663765824e-13,1.808982588e-13,2.312390763e-13,3.938087601e-13,2.268696618e-13,6.262222026e-14,6.474570951e-14,6.414836644e-14,6.977326268e-14,2.496345463e-13,3.00704944e-13,2.059553855e-13,4.685391914e-13,9.35520839e-14,2.450387704e-13,8.611557989e-14
155.0078125,1.529421623e-13,4.71235005e-13,5.373348046e-13,4.533072905e-13,2.827094334e-13,2.523041263e-13,1.041176585e-13,1.081501038e-13,6.061614067e-14,1.094550351e-13,1.616014023e-13,1.159303754e-13,1.840656702e-13,2.539034545e-13,2.993384187e-13,4.25267951e-13,2.673479728e-13,1.80834343e-13,2.328447743e-13,3.947587201e-13,2.252614911e-13,6.256185519e-14,6.477704426e-14,6.312458989e-14,6.992144398e-14,2.489412378e-13,3.001511282e-13,2.075148798e-13,4.621974272e-13,9.29749655e-14,2.455163085e-13,8.662742207e-14
155.015625,1.522263209e-13,4.708115034e-13,5.302485288e-13,4.516720585e-13,2.786005557e-13,2.511177202e-13,1.023256467e-13,1.076873993e-13,5.990334387e-14,1.103246705e-13,1.608471545e-13,1.152276549e-13,1.838803548e-13,2.51910091e-13,2.989761107e-13,4.270868311e-13,2.681116907e-13,1.806194488e-13,2.343220011e-13,3.958369544e-13,2.235856989e-13,6.245746717e-14,6.481096021e-14,6.206699895e-14,7.004957373e-14,2.48226255e-13,2.995951589e-13,2.091272138e-13,4.558927862e-13,9.240235511e-14,2.458034565e-13,8.714980709e-14
155.0234375,1.514980451e-13,4.702457662e-13,5.22755311e-13,4.502337375e-13,2.744204921e-13,2.497728407e-13,1.005526101e-13,1.072081683e-13,5.91787271e-14,1.111980114e-13,1.600345207e-13,1.144577905e-13,1.837646697e-13,2.498977255e-13,2.984973792e-13,4.287580622e-13,2.688210508e-13,1.805143032e-13,2.357784072e-13,3.965893766e-13,2.218625764e-13,6.232006592e-14,6.487269395e-14,6.103310907e-14,7.020450679e-14,2.474073035e-13,2.990493921e-13,2.107376773e-13,4.496569925e-13,9.180267411e-14,2.460668697e-13,8.765591026e-14
155.03125,1.508938225e-13,4.697481992e-13,5.154013075e-13,4.491516171e-13,2.70349896e-13,2.48378429e-13,9.883783688e-14,1.067276979e-13,5.84949999e-14,1.121531286e-13,1.592931577e-13,1.137165297e-13,1.836787144e-13,2.479751148e-13,2.977820105e-13,4.30147166e-13,2.693288685e-13,1.804657377e-13,2.372641789e-13,3.971433243e-13,2.201003202e-13,6.218918594e-14,6.495092995e-14,6.004655912e-14,7.031562343e-14,2.463367887e-13,2.982526301e-13,2.1238854e-13,4.43476872e-13,9.110483355e-14,2.464287673e-13,8.811780714e-14
155.0390625,1.500421054e-13,4.690668519e-13,5.082224599e-13,4.480969716e-13,2.662726408e-13,2.470004608e-13,9.717910485e-14,1.062607139e-13,5.781369479e-14,1.131550089e-13,1.585820954e-13,1.129385263e-13,1.835285694e-13,2.458865626e-13,2.97012023e-13,4.313424106e-13,2.695156895e-13,1.802374682e-13,2.386030534e-13,3.979445913e-13,2.182948485e-13,6.201352921e-14,6.500473014e-14,5.906450622e-14,7.03644488e-14,2.451176835e-13,2.970857281e-13,2.1400545e-13,4.374469037e-13,9.036274877e-14,2.466525442e-13,8.855306636e-14
155.046875,1.489428414e-13,4.678669198e-13,5.010727404e-13,4.466501952e-13,2.620359956e-13,2.45696458e-13,9.555941957e-14,1.058093305e-13,5.709217336e-14,1.140449306e-13,1.577813596e-13,1.120656779e-13,1.833767244e-13,2.436805974e-13,2.963609916e-13,4.325392296e-13,2.697390267e-13,1.800228017e-13,2.398017712e-13,3.987511016e-13,2.164599221e-13,6.176347921e-14,6.499273025e-14,5.807651051e-14,7.043436679e-14,2.438256229e-13,2.957604158e-13,2.153890987e-13,4.317004057e-13,8.961658385e-14,2.467243626e-13,8.893844414e-14
155.0546875,1.480945048e-13,4.666307957e-13,4.938333973e-13,4.449841338e-13,2.577208329e-13,2.444415431e-13,9.396222542e-14,1.053955864e-13,5.636620546e-14,1.148379962e-13,1.568840687e-13,1.111475065e-13,1.83244476e-13,2.415495435e-13,2.95690625e-13,4.337396578e-13,2.701852224e-13,1.799562448e-13,2.410432267e-13,3.994466396e-13,2.146355844e-13,6.149085166e-14,6.493697047e-14,5.709061187e-14,7.051877888e-14,2.424385407e-13,2.94443163e-13,2.16667088e-13,4.260494343e-13,8.88296836e-14,2.467687132e-13,8.927026259e-14
155.0625,1.473684451e-13,4.657730986e-13,4.864687457e-13,4.434821411e-13,2.533993116e-13,2.431048436e-13,9.242109905e-14,1.050445774e-13,5.56684742e-14,1.157192184e-13,1.558969602e-13,1.102315547e-13,1.830799631e-13,2.394130246e-13,2.949243398e-13,4.348409405e-13,2.705462508e-13,1.797945529e-13,2.422911933e-13,4.002799119e-13,2.127665986e-13,6.120838577e-14,6.491513483e-14,5.614576691e-14,7.055875143e-14,2.409399806e-13,2.930158759e-13,2.181420352e-13,4.203290655e-13,8.800326686e-14,2.467320226e-13,8.95820646e-14
155.0703125,1.463838592e-13,4.650153261e-13,4.791772536e-13,4.421380065e-13,2.49018124e-13,2.417200665e-13,9.097704912e-14,1.046774335e-13,5.496758687e-14,1.167100703e-13,1.547881327e-13,1.092718939e-13,1.829247638e-13,2.372433503e-13,2.940895025e-13,4.357689951e-13,2.706474924e-13,1.7949981e-13,2.434046792e-13,4.010329878e-13,2.107152327e-13,6.089022186e-14,6.49427634e-14,5.529311889e-14,7.056697894e-14,2.392593367e-13,2.913587294e-13,2.197150622e-13,4.146693144e-13,8.713883485e-14,2.466421119e-13,8.985134547e-14
155.078125,1.453454067e-13,4.641496229e-13,4.720624627e-13,4.407428789e-13,2.44722171e-13,2.404395955e-13,8.958438187e-14,1.041975536e-13,5.42548033e-14,1.177005876e-13,1.536606612e-13,1.082548726e-13,1.828145139e-13,2.351415773e-13,2.931075688e-13,4.364750477e-13,2.705492137e-13,1.7922085e-13,2.44442019e-13,4.015732807e-13,2.085594357e-13,6.055813002e-14,6.495305595e-14,5.447780779e-14,7.056586782e-14,2.374169977e-13,2.895400639e-13,2.211621012e-13,4.09143225e-13,8.621811738e-14,2.466051346e-13,9.006499077e-14
155.0859375,1.443969458e-13,4.631074077e-13,4.650890692e-13,4.392077237e-13,2.407883175e-13,2.393138265e-13,8.819732387e-14,1.036745139e-13,5.358535732e-14,1.186765718e-13,1.52664563e-13,1.073066501e-13,1.827381659e-13,2.33153796e-13,2.920055085e-13,4.369691568e-13,2.702850377e-13,1.789267916e-13,2.455160907e-13,4.022275648e-13,2.065576589e-13,6.024356365e-14,6.491603771e-14,5.362008092e-14,7.055915845e-14,2.355451381e-13,2.876297981e-13,2.225412614e-13,4.038301619e-13,8.527729739e-14,2.466205824e-13,9.026472152e-14
155.09375,1.433215771e-13,4.617011074e-13,4.583730959e-13,4.375775263e-13,2.370719107e-13,2.383100223e-13,8.685703726e-14,1.032401999e-13,5.296139343e-14,1.196169195e-13,1.517171803e-13,1.06449494e-13,1.827059436e-13,2.312843465e-13,2.908964026e-13,4.373076382e-13,2.699516891e-13,1.785653969e-13,2.465689519e-13,4.028890235e-13,2.047252922e-13,5.991469111e-14,6.48660062e-14,5.276110487e-14,7.054748091e-14,2.335841886e-13,2.855984079e-13,2.238192779e-13,3.988286599e-13,8.431675134e-14,2.466509282e-13,9.043538272e-14
155.1015625,1.421139927e-13,4.601245211e-13,4.518014405e-13,4.359791824e-13,2.331471346e-13,2.3731746e-13,8.560570325e-14,1.028781155e-13,5.230950063e-14,1.204636135e-13,1.506057442e-13,1.054792001e-13,1.826777414e-13,2.294010599e-13,2.896976945e-13,4.374932911e-13,2.695725423e-13,1.781373851e-13,2.474784778e-13,4.032513838e-13,2.02837687e-13,5.951771355e-14,6.481925363e-14,5.195446769e-14,7.051064923e-14,2.314208647e-13,2.834315608e-13,2.248657059e-13,3.938958901e-13,8.327495486e-14,2.465959143e-13,9.053632013e-14
155.109375,1.40977898e-13,4.588335886e-13,4.449664127e-13,4.345294596e-13,2.290351296e-13,2.363109703e-13,8.441900945e-14,1.024752844e-13,5.163607152e-14,1.213248405e-13,1.49308868e-13,1.043400399e-13,1.826265804e-13,2.274202791e-13,2.883523033e-13,4.375467153e-13,2.690564635e-13,1.776810823e-13,2.482718653e-13,4.03579055e-13,2.007892879e-13,5.909008215e-14,6.476380222e-14,5.118911407e-14,7.045777396e-14,2.292198006e-13,2.811973638e-13,2.259256717e-13,3.888879734e-13,8.219516565e-14,2.464195941e-13,9.062227068e-14
155.1171875,1.399926827e-13,4.577407808e-13,4.37956509e-13,4.33193543e-13,2.250619899e-13,2.354934767e-13,8.325642139e-14,1.019934166e-13,5.101542137e-14,1.223283183e-13,1.4799547e-13,1.03232447e-13,1.826166178e-13,2.255203717e-13,2.870080748e-13,4.376079797e-13,2.685262663e-13,1.773228571e-13,2.490675568e-13,4.041315353e-13,1.986448234e-13,5.872086608e-14,6.46963232e-14,5.047451172e-14,7.042446775e-14,2.27137242e-13,2.789431038e-13,2.272513992e-13,3.841079077e-13,8.11662903e-14,2.462821497e-13,9.076951517e-14
155.125,1.390351085e-13,4.564653909e-13,4.312438236e-13,4.318535342e-13,2.212131473e-13,2.34861515e-13,8.212659283e-14,1.014852815e-13,5.041957774e-14,1.23358393e-13,1.46756797e-13,1.022121489e-13,1.826373466e-13,2.237241312e-13,2.857166743e-13,4.377527068e-13,2.681409927e-13,1.770731903e-13,2.498599702e-13,4.047462574e-13,1.96483226e-13,5.837393716e-14,6.460915103e-14,4.980768139e-14,7.039686513e-14,2.250199417e-13,2.765960422e-13,2.286093121e-13,3.79660137e-13,8.014090824e-14,2.462087729e-13,9.093672442e-14
155.1328125,1.379627115e-13,4.551413088e-13,4.248420097e-13,4.305435707e-13,2.17352501e-13,2.34125058e-13,8.104688591e-14,1.010069655e-13,4.978600726e-14,1.242892096e-13,1.455419602e-13,1.011636088e-13,1.826037316e-13,2.218533226e-13,2.844127843e-13,4.378842509e-13,2.678029186e-13,1.768332928e-13,2.505926373e-13,4.053437825e-13,1.943360257e-13,5.794926166e-14,6.449245624e-14,4.912260442e-14,7.035004353e-14,2.226967093e-13,2.740871932e-13,2.298043761e-13,3.753894017e-13,7.904753164e-14,2.460930796e-13,9.10155967e-14
155.140625,1.368714995e-13,4.540548602e-13,4.185119998e-13,4.293306509e-13,2.13583349e-13,2.333082791e-13,7.999191681e-14,1.005769555e-13,4.915378421e-14,1.251956215e-13,1.443525854e-13,1.00087687e-13,1.825281323e-13,2.19973685e-13,2.831220478e-13,4.379218825e-13,2.674082673e-13,1.765949587e-13,2.513067174e-13,4.059727707e-13,1.921987355e-13,5.747421261e-14,6.435970795e-14,4.839455356e-14,7.029315614e-14,2.202186217e-13,2.71439406e-13,2.309936006e-13,3.712977011e-13,7.792472362e-14,2.460164534e-13,9.099478708e-14
155.1484375,1.358430895e-13,4.52997291e-13,4.122713944e-13,4.280777215e-13,2.099031681e-13,2.32562612e-13,7.897651743e-14,1.00171814e-13,4.854788651e-14,1.261120167e-13,1.432262691e-13,9.901521373e-14,1.824721626e-13,2.181978253e-13,2.819047028e-13,4.379271311e-13,2.669516042e-13,1.763603071e-13,2.519952556e-13,4.06564557e-13,1.900682195e-13,5.700136987e-14,6.420373404e-14,4.768560876e-14,7.023282284e-14,2.177040092e-13,2.68681644e-13,2.321634707e-13,3.673612148e-13,7.681328091e-14,2.460321098e-13,9.094101947e-14
155.15625,1.347404653e-13,4.518046698e-13,4.061679849e-13,4.267543334e-13,2.061802712e-13,2.31687309e-13,7.804355489e-14,9.974809469e-14,4.793835521e-14,1.26980525e-13,1.42077238e-13,9.790554949e-14,1.824442881e-13,2.164601167e-13,2.808188557e-13,4.380677943e-13,2.664422933e-13,1.761780216e-13,2.525918231e-13,4.071250949e-13,1.879344897e-13,5.649592696e-14,6.398039447e-14,4.705048541e-14,7.017865275e-14,2.151895752e-13,2.658773775e-13,2.331500238e-13,3.635521953e-13,7.569234717e-14,2.460674153e-13,9.084516489e-14
155.1640625,1.336024164e-13,4.506765176e-13,4.002329737e-13,4.255540587e-13,2.025168031e-13,2.307286787e-13,7.715297244e-14,9.93185719e-14,4.735704339e-14,1.278330521e-13,1.408787075e-13,9.676905336e-14,1.824049628e-13,2.147171433e-13,2.798444398e-13,4.38395255e-13,2.659404473e-13,1.760905795e-13,2.531149068e-13,4.077902277e-13,1.857795228e-13,5.595952899e-14,6.370358232e-14,4.647819017e-14,7.013363078e-14,2.126235658e-13,2.630481865e-13,2.340697047e-13,3.599132191e-13,7.45298956e-14,2.461039482e-13,9.067719753e-14
155.171875,1.325987861e-13,4.494980954e-13,3.94559792e-13,4.243494989e-13,1.990201258e-13,2.301685701e-13,7.629026832e-14,9.894029595e-14,4.682092045e-14,1.286753915e-13,1.397670456e-13,9.560168727e-14,1.823076233e-13,2.128893055e-13,2.787600849e-13,4.386465783e-13,2.653971328e-13,1.758759121e-13,2.535455226e-13,4.085625689e-13,1.836360979e-13,5.542679811e-14,6.3447313e-14,4.592586627e-14,7.005981637e-14,2.099421392e-13,2.600409212e-13,2.350130603e-13,3.562803354e-13,7.329839587e-14,2.460162652e-13,9.05015705e-14
155.1796875,1.31697904e-13,4.480868298e-13,3.89016187e-13,4.228449726e-13,1.95615419e-13,2.300091442e-13,7.550882616e-14,9.859168172e-14,4.627626506e-14,1.294590242e-13,1.387523163e-13,9.437993196e-14,1.821787099e-13,2.109893548e-13,2.775168567e-13,4.386615185e-13,2.647033093e-13,1.754841763e-13,2.538718023e-13,4.09285995e-13,1.815429722e-13,5.489430473e-14,6.322317393e-14,4.537067059e-14,6.994544765e-14,2.071875247e-13,2.568801491e-13,2.358669908e-13,3.526513594e-13,7.201623108e-14,2.457616871e-13,9.035464601e-14
155.1875,1.308819813e-13,4.468725207e-13,3.834937378e-13,4.21256446e-13,1.923271235e-13,2.298148586e-13,7.476364103e-14,9.820855156e-14,4.574322644e-14,1.302812406e-13,1.377360641e-13,9.32093012e-14,1.820745205e-13,2.093195795e-13,2.764342556e-13,4.387434759e-13,2.63998285e-13,1.753189195e-13,2.542577693e-13,4.098842772e-13,1.794790799e-13,5.438932562e-14,6.298767269e-14,4.481757967e-14,6.984578054e-14,2.044632672e-13,2.538581039e-13,2.367318507e-13,3.493979855e-13,7.075312464e-14,2.456632404e-13,9.018250958e-14
155.1953125,1.301446431e-13,4.461143638e-13,3.782629394e-13,4.199584415e-13,1.891723661e-13,2.295764053e-13,7.402304581e-14,9.780488343e-14,4.526391809e-14,1.311866433e-13,1.367416689e-13,9.213887079e-14,1.819884449e-13,2.079316866e-13,2.755980204e-13,4.390739765e-13,2.634289498e-13,1.754678924e-13,2.547231611e-13,4.104819949e-13,1.774291004e-13,5.391276245e-14,6.272742938e-14,4.428387337e-14,6.978911158e-14,2.017771547e-13,2.509630919e-13,2.377198942e-13,3.465610341e-13,6.95142338e-14,2.458312619e-13,8.995840923e-14
155.203125,1.293412655e-13,4.454210206e-13,3.734019989e-13,4.189096639e-13,1.860242865e-13,2.295066363e-13,7.339781445e-14,9.739527809e-14,4.477166899e-14,1.319859853e-13,1.357725174e-13,9.104215545e-14,1.819328486e-13,2.064833973e-13,2.747466005e-13,4.394050429e-13,2.628899036e-13,1.755906348e-13,2.55070444e-13,4.112475587e-13,1.753863236e-13,5.33820008e-14,6.243535467e-14,4.378843546e-14,6.973698285e-14,1.990609375e-13,2.479819146e-13,2.386196402e-13,3.439037293e-13,6.823550183e-14,2.459825229e-13,8.968238599e-14
155.2109375,1.285257639e-13,4.446136377e-13,3.687050431e-13,4.178802077e-13,1.829572144e-13,2.295567937e-13,7.289676881e-14,9.694360099e-14,4.424480579e-14,1.326332963e-13,1.348077626e-13,8.9902391e-14,1.819169169e-13,2.049394834e-13,2.738504311e-13,4.39638001e-13,2.623192739e-13,1.756127525e-13,2.553345988e-13,4.121585934e-13,1.733309333e-13,5.280167518e-14,6.210436422e-14,4.333218848e-14,6.966107391e-14,1.962675018e-13,2.450212886e-13,2.393669089e-13,3.415116179e-13,6.690595456e-14,2.460767309e-13,8.935667588e-14
155.21875,1.278426382e-13,4.437858118e-13,3.643295236e-13,4.165858152e-13,1.801484756e-13,2.297192812e-13,7.238912264e-14,9.647398959e-14,4.377002714e-14,1.333239049e-13,1.339549213e-13,8.881019979e-14,1.818488939e-13,2.035390302e-13,2.730086559e-13,4.398667331e-13,2.616898651e-13,1.755841819e-13,2.5563384e-13,4.130119864e-13,1.713034557e-13,5.22608753e-14,6.176881349e-14,4.2911703e-14,6.957417948e-14,1.933900664e-13,2.421695896e-13,2.400874937e-13,3.394805736e-13,6.55479554e-14,2.462592764e-13,8.902681885e-14
155.2265625,1.271653526e-13,4.428343813e-13,3.604130977e-13,4.148954598e-13,1.774970799e-13,2.300667287e-13,7.185085639e-14,9.604236524e-14,4.336332893e-14,1.341260089e-13,1.33204008e-13,8.776444304e-14,1.817274333e-13,2.022570207e-13,2.721429319e-13,4.400434608e-13,2.608781932e-13,1.754638497e-13,2.558563123e-13,4.136816085e-13,1.693391192e-13,5.175704755e-14,6.145468887e-14,4.254990169e-14,6.949146658e-14,1.904935382e-13,2.392576009e-13,2.406856057e-13,3.376565841e-13,6.416345377e-14,2.465092599e-13,8.870623718e-14
155.234375,1.265031785e-13,4.418201983e-13,3.566379826e-13,4.132379938e-13,1.748710708e-13,2.304819705e-13,7.134573983e-14,9.564644125e-14,4.297486291e-14,1.349627559e-13,1.324169001e-13,8.677360518e-14,1.816885648e-13,2.010048867e-13,2.713338651e-13,4.402719004e-13,2.600588135e-13,1.754680596e-13,2.560088272e-13,4.143017432e-13,1.673774253e-13,5.125966728e-14,6.114216388e-14,4.223877171e-14,6.942843221e-14,1.876543034e-13,2.362681061e-13,2.411995775e-13,3.359977447e-13,6.279481492e-14,2.468543565e-13,8.834943847e-14
155.2421875,1.260917845e-13,4.409956967e-13,3.529639848e-13,4.119569061e-13,1.723064719e-13,2.30935876e-13,7.089656345e-14,9.52755021e-14,4.260671693e-14,1.357938848e-13,1.316868239e-13,8.584262572e-14,1.817241165e-13,1.999090526e-13,2.708065277e-13,4.408094159e-13,2.59621491e-13,1.758053724e-13,2.562305492e-13,4.151438333e-13,1.653802542e-13,5.078968556e-14,6.081300022e-14,4.191992079e-14,6.94071591e-14,1.848490312e-13,2.33296369e-13,2.419113552e-13,3.346242244e-13,6.149273731e-14,2.473797884e-13,8.79534499e-14
155.25,1.25837483e-13,4.403993132e-13,3.496235583e-13,4.107272206e-13,1.697542488e-13,2.315790896e-13,7.048494631e-14,9.489931172e-14,4.226045554e-14,1.366125379e-13,1.31127084e-13,8.488386832e-14,1.817382755e-13,1.990261541e-13,2.705008035e-13,4.415947032e-13,2.595022462e-13,1.763073342e-13,2.564456724e-13,4.162888191e-13,1.633542513e-13,5.032984557e-14,6.045874396e-14,4.159959029e-14,6.941202717e-14,1.820693543e-13,2.303485345e-13,2.427596038e-13,3.33594144e-13,6.023116194e-14,2.480433589e-13,8.753638095e-14
155.2578125,1.255335007e-13,4.399905481e-13,3.463773855e-13,4.094118315e-13,1.671511307e-13,2.323387145e-13,7.007067333e-14,9.446237334e-14,4.190013373e-14,1.374510559e-13,1.30574626e-13,8.388618881e-14,1.817607827e-13,1.981627177e-13,2.70192771e-13,4.424070223e-13,2.593280194e-13,1.768005945e-13,2.565937779e-13,4.174941177e-13,1.612718922e-13,4.984951286e-14,6.007536744e-14,4.133895117e-14,6.939188814e-14,1.793718419e-13,2.27457423e-13,2.435057716e-13,3.327777471e-13,5.897422153e-14,2.487412812e-13,8.710265559e-14
155.265625,1.25308606e-13,4.397354943e-13,3.430214832e-13,4.08250957e-13,1.646495181e-13,2.330653691e-13,6.965261116e-14,9.401197102e-14,4.152985124e-14,1.383353448e-13,1.299371474e-13,8.28979576e-14,1.817863007e-13,1.971625089e-13,2.697313042e-13,4.431130049e-13,2.589842943e-13,1.772491929e-13,2.567448573e-13,4.184929395e-13,1.591685976e-13,4.93738022e-14,5.968754826e-14,4.112299584e-14,6.932546457e-14,1.766687691e-13,2.245331187e-13,2.441931664e-13,3.319721066e-13,5.77193634e-14,2.493253059e-13,8.668903524e-14
155.2734375,1.252489126e-13,4.395654982e-13,3.399236734e-13,4.070813015e-13,1.624267468e-13,2.338877841e-13,6.926357469e-14,9.363167235e-14,4.120522071e-14,1.392348115e-13,1.293392945e-13,8.190192474e-14,1.817406662e-13,1.961779157e-13,2.690533002e-13,4.43530922e-13,2.584829073e-13,1.776001159e-13,2.568404791e-13,4.193318602e-13,1.571374004e-13,4.89275381e-14,5.932259843e-14,4.09174677e-14,6.923059978e-14,1.738198649e-13,2.214181655e-13,2.449037358e-13,3.312505455e-13,5.644076424e-14,2.497663915e-13,8.629354398e-14
155.28125,1.251940498e-13,4.395135843e-13,3.37268622e-13,4.058087701e-13,1.604305067e-13,2.349093704e-13,6.889400897e-14,9.32767739e-14,4.095290901e-14,1.401489845e-13,1.28842532e-13,8.09426957e-14,1.816891569e-13,1.954213753e-13,2.68380699e-13,4.437450922e-13,2.578424559e-13,1.779542122e-13,2.568763647e-13,4.202730548e-13,1.551689057e-13,4.851020636e-14,5.89737323e-14,4.076732542e-14,6.91426807e-14,1.709281521e-13,2.183168575e-13,2.456337393e-13,3.308449912e-13,5.513208095e-14,2.503053006e-13,8.585590707e-14
155.2890625,1.250937661e-13,4.394975322e-13,3.34766362e-13,4.048215299e-13,1.584572768e-13,2.359871149e-13,6.853974788e-14,9.290251075e-14,4.072863595e-14,1.410416509e-13,1.284274751e-13,8.006283402e-14,1.817097757e-13,1.948024558e-13,2.680397725e-13,4.442059154e-13,2.572927362e-13,1.7848619e-13,2.569785024e-13,4.214580526e-13,1.532166644e-13,4.810452966e-14,5.861333002e-14,4.069852732e-14,6.909898045e-14,1.681583708e-13,2.155069389e-13,2.463684262e-13,3.30687768e-13,5.384193297e-14,2.510379364e-13,8.538308721e-14
155.296875,1.250518411e-13,4.393657966e-13,3.322668885e-13,4.040605405e-13,1.564444726e-13,2.370114707e-13,6.820968197e-14,9.256305763e-14,4.048901508e-14,1.417998274e-13,1.280733381e-13,7.917075468e-14,1.817256123e-13,1.941602397e-13,2.679225462e-13,4.449890446e-13,2.569583402e-13,1.791442744e-13,2.570742917e-13,4.227632312e-13,1.512976865e-13,4.767546037e-14,5.821956567e-14,4.065974999e-14,6.908571962e-14,1.654581704e-13,2.128590396e-13,2.469924346e-13,3.305576111e-13,5.257622758e-14,2.517626e-13,8.491110029e-14
155.3046875,1.251646616e-13,4.394011799e-13,3.298315343e-13,4.030992929e-13,1.545530183e-13,2.380080672e-13,6.787742354e-14,9.22684788e-14,4.027287483e-14,1.424519859e-13,1.277247499e-13,7.825061396e-14,1.816750485e-13,1.93581863e-13,2.677379514e-13,4.457772361e-13,2.566078212e-13,1.798169713e-13,2.570609957e-13,4.239534646e-13,1.494019878e-13,4.724128072e-14,5.780377346e-14,4.062219023e-14,6.905329841e-14,1.627352113e-13,2.101879474e-13,2.475078371e-13,3.30453736e-13,5.129496066e-14,2.524556076e-13,8.442316295e-14
155.3125,1.254748326e-13,4.399091589e-13,3.274511109e-13,4.020142101e-13,1.528182685e-13,2.390125961e-13,6.756247364e-14,9.198834368e-14,4.013491133e-14,1.431191544e-13,1.273647798e-13,7.736927448e-14,1.81551468e-13,1.931223616e-13,2.675377028e-13,4.465839019e-13,2.561521241e-13,1.805035825e-13,2.570326303e-13,4.250077108e-13,1.4750788e-13,4.685771465e-14,5.739016695e-14,4.06122121e-14,6.899874179e-14,1.600264486e-13,2.075177247e-13,2.480880382e-13,3.30502698e-13,5.002199485e-14,2.532616899e-13,8.39325704e-14
155.3203125,1.258834365e-13,4.405898062e-13,3.251846577e-13,4.009508489e-13,1.510217585e-13,2.400354624e-13,6.72966905e-14,9.173664325e-14,4.004567163e-14,1.438097795e-13,1.270339781e-13,7.648578747e-14,1.813102036e-13,1.926367155e-13,2.674637304e-13,4.475500123e-13,2.557919304e-13,1.811905954e-13,2.569889671e-13,4.261887393e-13,1.456605652e-13,4.649132175e-14,5.695816533e-14,4.065051675e-14,6.894298677e-14,1.57375569e-13,2.048418908e-13,2.48732733e-13,3.307183887e-13,4.88206641e-14,2.541451013e-13,8.346485461e-14
155.328125,1.262963006e-13,4.41118866e-13,3.232684048e-13,3.997774636e-13,1.491237605e-13,2.411022082e-13,6.703414135e-14,9.150539004e-14,3.995071606e-14,1.445542673e-13,1.267820839e-13,7.560699834e-14,1.810031259e-13,1.92164664e-13,2.675235572e-13,4.485387102e-13,2.555774561e-13,1.818876006e-13,2.568991979e-13,4.276372307e-13,1.438833105e-13,4.609216874e-14,5.648785976e-14,4.074518034e-14,6.888744651e-14,1.547671561e-13,2.02183098e-13,2.49417376e-13,3.31018711e-13,4.769004863e-14,2.55088774e-13,8.298866827e-14
155.3359375,1.268468149e-13,4.416990916e-13,3.218816376e-13,3.98581624e-13,1.473772708e-13,2.423446047e-13,6.678364386e-14,9.128013788e-14,3.986949973e-14,1.454204609e-13,1.267022331e-13,7.483829741e-14,1.807642143e-13,1.919681736e-13,2.677887495e-13,4.495635824e-13,2.554224761e-13,1.82652033e-13,2.569358885e-13,4.291604784e-13,1.421475569e-13,4.57348378e-14,5.603106251e-14,4.091182076e-14,6.884306396e-14,1.521996886e-13,1.996894197e-13,2.502658308e-13,3.314698469e-13,4.658959904e-14,2.562323871e-13,8.251648743e-14
155.34375,1.276123362e-13,4.426566563e-13,3.209475726e-13,3.974717946e-13,1.458694677e-13,2.438540823e-13,6.660616423e-14,9.108631278e-14,3.984858409e-14,1.463174662e-13,1.268308524e-13,7.415377072e-14,1.805606118e-13,1.920645067e-13,2.682877406e-13,4.508746167e-13,2.553420974e-13,1.83493988e-13,2.571119059e-13,4.30550352e-13,1.404571993e-13,4.548434507e-14,5.563214002e-14,4.113673866e-14,6.881758897e-14,1.496924165e-13,1.973882985e-13,2.512049183e-13,3.322742723e-13,4.55127085e-14,2.575463417e-13,8.209012519e-14
155.3515625,1.284285615e-13,4.440145016e-13,3.201885963e-13,3.963784607e-13,1.444178653e-13,2.454081042e-13,6.646542075e-14,9.089825846e-14,3.988301154e-14,1.471229347e-13,1.270638076e-13,7.346265435e-14,1.802799851e-13,1.922221857e-13,2.68894663e-13,4.524910724e-13,2.553454803e-13,1.844512777e-13,2.57192371e-13,4.317565327e-13,1.388123825e-13,4.527485907e-14,5.525859673e-14,4.137648019e-14,6.880940526e-14,1.47205936e-13,1.951564642e-13,2.520813534e-13,3.333833474e-13,4.445780945e-14,2.588472699e-13,8.165944484e-14
155.359375,1.292140404e-13,4.454587868e-13,3.193933442e-13,3.954128532e-13,1.429452911e-13,2.467588879e-13,6.632691571e-14,9.067899158e-14,3.994643459e-14,1.478474363e-13,1.273480341e-13,7.27728358e-14,1.799423156e-13,1.923202185e-13,2.695286991e-13,4.541835175e-13,2.553390389e-13,1.855232707e-13,2.57153871e-13,4.328142322e-13,1.371707835e-13,4.504519774e-14,5.487280934e-14,4.164154064e-14,6.882577466e-14,1.446800674e-13,1.92902157e-13,2.529734651e-13,3.345260285e-13,4.340082726e-14,2.601246073e-13,8.119753813e-14
155.3671875,1.300077352e-13,4.467186923e-13,3.186253754e-13,3.945446458e-13,1.415560153e-13,2.480346268e-13,6.62016469e-14,9.047844851e-14,4.00221042e-14,1.485336211e-13,1.277145498e-13,7.209728003e-14,1.795694702e-13,1.923342487e-13,2.701556212e-13,4.55713672e-13,2.551964967e-13,1.865184148e-13,2.571173106e-13,4.339028055e-13,1.355206402e-13,4.480045713e-14,5.446954185e-14,4.197240142e-14,6.88345136e-14,1.421902399e-13,1.906094118e-13,2.538923437e-13,3.356285011e-13,4.235517994e-14,2.614444847e-13,8.077984718e-14
155.375,1.308508382e-13,4.480856501e-13,3.180333287e-13,3.93492642e-13,1.402644876e-13,2.494556047e-13,6.604541738e-14,9.03195858e-14,4.008921991e-14,1.492089723e-13,1.281005135e-13,7.142291885e-14,1.791301565e-13,1.923369426e-13,2.708052722e-13,4.570508981e-13,2.549587822e-13,1.873738536e-13,2.570500045e-13,4.351926963e-13,1.338748398e-13,4.455138093e-14,5.404516982e-14,4.233680558e-14,6.87988141e-14,1.398594466e-13,1.883853325e-13,2.547771067e-13,3.368117246e-13,4.136328226e-14,2.627623102e-13,8.041576806e-14
155.3828125,1.319296271e-13,4.500458645e-13,3.176162779e-13,3.924263076e-13,1.389867608e-13,2.510372683e-13,6.587208533e-14,9.016923121e-14,4.017044795e-14,1.498853271e-13,1.284654938e-13,7.078580626e-14,1.786850908e-13,1.926050083e-13,2.716881457e-13,4.585057926e-13,2.549040267e-13,1.883175673e-13,2.569548301e-13,4.365951424e-13,1.322272085e-13,4.434219203e-14,5.361179452e-14,4.27106265e-14,6.876435958e-14,1.376311469e-13,1.863729566e-13,2.558048507e-13,3.38170438e-13,4.04195553e-14,2.641315037e-13,8.004320925e-14
155.390625,1.333282534e-13,4.524501993e-13,3.174210514e-13,3.916058491e-13,1.377674213e-13,2.527018544e-13,6.576096216e-14,9.00537296e-14,4.032858427e-14,1.505195887e-13,1.289469855e-13,7.023053001e-14,1.782885089e-13,1.93197252e-13,2.728553607e-13,4.602624998e-13,2.550913462e-13,1.894201877e-13,2.569091356e-13,4.379848609e-13,1.306093085e-13,4.420844262e-14,5.318957193e-14,4.315293737e-14,6.876088816e-14,1.353998754e-13,1.845134981e-13,2.570243032e-13,3.397026725e-13,3.950577473e-14,2.657454105e-13,7.967063828e-14
155.3984375,1.348096132e-13,4.547877266e-13,3.175562349e-13,3.906974028e-13,1.367420818e-13,2.542905294e-13,6.565602758e-14,8.998684808e-14,4.055685892e-14,1.510684817e-13,1.296697279e-13,6.975422399e-14,1.778849646e-13,1.937980817e-13,2.739933718e-13,4.619608036e-13,2.552061337e-13,1.905083215e-13,2.568762108e-13,4.393749411e-13,1.290727795e-13,4.409665411e-14,5.276381886e-14,4.367059137e-14,6.873607015e-14,1.331966546e-13,1.826687501e-13,2.581738913e-13,3.412845073e-13,3.86345064e-14,2.675779754e-13,7.932065386e-14
155.40625,1.362946499e-13,4.570367684e-13,3.177857809e-13,3.895853177e-13,1.359245196e-13,2.556598119e-13,6.546261829e-14,8.99114541e-14,4.080921768e-14,1.515420892e-13,1.306186854e-13,6.932561733e-14,1.774488259e-13,1.943574026e-13,2.74903781e-13,4.632741872e-13,2.551715056e-13,1.915112016e-13,2.568524482e-13,4.407362198e-13,1.275795471e-13,4.398281442e-14,5.23214295e-14,4.42120923e-14,6.867671231e-14,1.310386113e-13,1.808729599e-13,2.592661717e-13,3.428281e-13,3.778724778e-14,2.693254331e-13,7.896884998e-14
155.4140625,1.379014785e-13,4.594972007e-13,3.177621096e-13,3.887415758e-13,1.351701539e-13,2.569227545e-13,6.522494047e-14,8.982063205e-14,4.109912132e-14,1.519869003e-13,1.317173214e-13,6.890601163e-14,1.769738655e-13,1.950791562e-13,2.757170331e-13,4.644281164e-13,2.551994794e-13,1.924515859e-13,2.568690155e-13,4.420575669e-13,1.260534394e-13,4.391752306e-14,5.189254665e-14,4.479218092e-14,6.861920326e-14,1.289023942e-13,1.792046373e-13,2.6053843e-13,3.444105016e-13,3.693432246e-14,2.708156048e-13,7.861947086e-14
155.421875,1.395038919e-13,4.621710679e-13,3.176511024e-13,3.881892704e-13,1.342805853e-13,2.582622039e-13,6.500451341e-14,8.975188403e-14,4.142885918e-14,1.524402036e-13,1.328482733e-13,6.846642938e-14,1.763940643e-13,1.95858366e-13,2.76595793e-13,4.657662734e-13,2.552878511e-13,1.933688889e-13,2.567923418e-13,4.434482564e-13,1.245132118e-13,4.38835325e-14,5.149640269e-14,4.542646866e-14,6.857022239e-14,1.268674876e-13,1.776679871e-13,2.618615649e-13,3.461320527e-13,3.611799282e-14,2.722437273e-13,7.829029955e-14
155.4296875,1.41081053e-13,4.649614889e-13,3.178333743e-13,3.874346735e-13,1.332498538e-13,2.596597971e-13,6.478750606e-14,8.971170319e-14,4.17713804e-14,1.528719632e-13,1.339716537e-13,6.803767968e-14,1.757207127e-13,1.966189967e-13,2.776278749e-13,4.672910637e-13,2.55393285e-13,1.943699087e-13,2.566188032e-13,4.449648363e-13,1.230376983e-13,4.384112156e-14,5.110584388e-14,4.608912583e-14,6.853164195e-14,1.249764435e-13,1.762573292e-13,2.630753646e-13,3.48031639e-13,3.539737662e-14,2.738881637e-13,7.79646722e-14
155.4375,1.429183553e-13,4.680443979e-13,3.183744065e-13,3.863764585e-13,1.323786144e-13,2.610354291e-13,6.455257429e-14,8.971067032e-14,4.215673902e-14,1.532523059e-13,1.352589533e-13,6.770818343e-14,1.750538179e-13,1.975861102e-13,2.788128186e-13,4.688088059e-13,2.556131721e-13,1.954619404e-13,2.566112183e-13,4.465832401e-13,1.216592516e-13,4.383377437e-14,5.069249801e-14,4.678654855e-14,6.850295157e-14,1.231257573e-13,1.74930372e-13,2.644518047e-13,3.500694226e-13,3.475973482e-14,2.757262909e-13,7.76342142e-14
155.4453125,1.449823826e-13,4.715075215e-13,3.192085598e-13,3.853151372e-13,1.317942114e-13,2.623732576e-13,6.43033108e-14,8.974631669e-14,4.260027398e-14,1.536390118e-13,1.368240862e-13,6.748210956e-14,1.7442045e-13,1.987288311e-13,2.800226376e-13,4.702328624e-13,2.558680684e-13,1.965326597e-13,2.567651799e-13,4.481923995e-13,1.203379752e-13,4.387734734e-14,5.026209072e-14,4.750581616e-14,6.846295314e-14,1.212533391e-13,1.736516132e-13,2.661043481e-13,3.521243565e-13,3.414884809e-14,2.775517891e-13,7.730657752e-14
155.453125,1.47020137e-13,4.751288511e-13,3.202473992e-13,3.844705284e-13,1.311780657e-13,2.636869728e-13,6.405713869e-14,8.979037216e-14,4.30581088e-14,1.540782667e-13,1.384949778e-13,6.724744229e-14,1.73797514e-13,1.998244376e-13,2.812038478e-13,4.71631642e-13,2.560606911e-13,1.975824364e-13,2.568044381e-13,4.496256646e-13,1.189982496e-13,4.393237051e-14,4.984460505e-14,4.822171569e-14,6.842007919e-14,1.193971189e-13,1.724627536e-13,2.677186401e-13,3.541764577e-13,3.354601091e-14,2.79357154e-13,7.699041122e-14
155.4609375,1.491553741e-13,4.787724116e-13,3.213505939e-13,3.838249987e-13,1.304364608e-13,2.650250539e-13,6.380144142e-14,8.984993758e-14,4.352878616e-14,1.545313598e-13,1.401476639e-13,6.698657465e-14,1.731867255e-13,2.009890329e-13,2.824858805e-13,4.730415924e-13,2.563558474e-13,1.986953059e-13,2.567745676e-13,4.510198343e-13,1.176139992e-13,4.401184568e-14,4.945151285e-14,4.898400547e-14,6.840215539e-14,1.175892112e-13,1.713753968e-13,2.692327249e-13,3.563402912e-13,3.299358363e-14,2.812874575e-13,7.66996256e-14
155.46875,1.515290317e-13,4.824547232e-13,3.225775202e-13,3.831214817e-13,1.299309881e-13,2.663894064e-13,6.349178975e-14,8.992076081e-14,4.402887003e-14,1.5494463e-13,1.419284225e-13,6.681118342e-14,1.725659934e-13,2.024044299e-13,2.839050979e-13,4.743152979e-13,2.567944186e-13,1.998502932e-13,2.569018292e-13,4.526113323e-13,1.162630107e-13,4.413809754e-14,4.904683634e-14,4.980035638e-14,6.839439914e-14,1.158363623e-13,1.703554346e-13,2.708768938e-13,3.586611289e-13,3.251798869e-14,2.833369774e-13,7.641291141e-14
155.4765625,1.539324124e-13,4.861461461e-13,3.240427877e-13,3.821944133e-13,1.297040058e-13,2.676746167e-13,6.314207444e-14,8.997080006e-14,4.455233809e-14,1.552933188e-13,1.439326279e-13,6.674533334e-14,1.718800411e-13,2.039770386e-13,2.852553721e-13,4.752337276e-13,2.571308267e-13,2.009120797e-13,2.571120295e-13,4.541159732e-13,1.150251998e-13,4.428924371e-14,4.860674306e-14,5.060257423e-14,6.835654225e-14,1.141181372e-13,1.693807693e-13,2.726319832e-13,3.610612613e-13,3.209164571e-14,2.853395585e-13,7.609683382e-14
155.484375,1.562921167e-13,4.89995723e-13,3.25643194e-13,3.812367437e-13,1.293956908e-13,2.688139251e-13,6.28114752e-14,9.003534877e-14,4.513506772e-14,1.555962594e-13,1.460473197e-13,6.671970825e-14,1.711085007e-13,2.05611512e-13,2.864314225e-13,4.758608863e-13,2.573232492e-13,2.018371192e-13,2.572526154e-13,4.552571333e-13,1.138476475e-13,4.446584258e-14,4.816860059e-14,5.141941294e-14,6.828491618e-14,1.124246031e-13,1.684243554e-13,2.744085231e-13,3.634425698e-13,3.171585209e-14,2.872254798e-13,7.578758722e-14
155.4921875,1.587911277e-13,4.942441051e-13,3.27378619e-13,3.804163749e-13,1.289299491e-13,2.698905366e-13,6.250483929e-14,9.015046751e-14,4.579513682e-14,1.559033631e-13,1.481850913e-13,6.672720549e-14,1.70318109e-13,2.073401175e-13,2.876676122e-13,4.766168774e-13,2.576578762e-13,2.02823432e-13,2.573657043e-13,4.56408614e-13,1.126122856e-13,4.46854844e-14,4.776048514e-14,5.232726078e-14,6.822818667e-14,1.108126327e-13,1.675554025e-13,2.762795997e-13,3.658764104e-13,3.141122283e-14,2.891968442e-13,7.55286962e-14
155.5,1.613892444e-13,4.986732869e-13,3.294079283e-13,3.796190429e-13,1.284857018e-13,2.710347078e-13,6.218968356e-14,9.027312931e-14,4.647596186e-14,1.562409937e-13,1.503749384e-13,6.679294708e-14,1.695889887e-13,2.091486578e-13,2.891142484e-13,4.776648651e-13,2.582184143e-13,2.039679518e-13,2.574765174e-13,4.578313235e-13,1.113199622e-13,4.492825619e-14,4.736588312e-14,5.33134469e-14,6.820747783e-14,1.093124795e-13,1.669073756e-13,2.781606458e-13,3.685904992e-13,3.113967117e-14,2.914499277e-13,7.528900421e-14
155.5078125,1.63948292e-13,5.029009202e-13,3.31654888e-13,3.786977619e-13,1.281600549e-13,2.722358063e-13,6.184417724e-14,9.038932493e-14,4.71459631e-14,1.565876745e-13,1.52674105e-13,6.689396633e-14,1.688843469e-13,2.11007063e-13,2.905625951e-13,4.786231311e-13,2.587382609e-13,2.050575974e-13,2.575595466e-13,4.592706925e-13,1.100732089e-13,4.517128786e-14,4.698626007e-14,5.434584906e-14,6.816884405e-14,1.078778539e-13,1.664429861e-13,2.798990235e-13,3.715203806e-13,3.088538691e-14,2.937987938e-13,7.504162896e-14
155.515625,1.666654615e-13,5.071015499e-13,3.339155435e-13,3.776579038e-13,1.280333666e-13,2.733311831e-13,6.144858355e-14,9.0511151e-14,4.781786506e-14,1.568648539e-13,1.551473267e-13,6.701215584e-14,1.681443852e-13,2.129813198e-13,2.91925284e-13,4.792956084e-13,2.591597077e-13,2.060964279e-13,2.577025413e-13,4.606197811e-13,1.088981564e-13,4.543160646e-14,4.662828015e-14,5.540618521e-14,6.809639947e-14,1.065029294e-13,1.660441575e-13,2.816363304e-13,3.743259793e-13,3.070332347e-14,2.960005791e-13,7.481000096e-14
155.5234375,1.696519763e-13,5.116242385e-13,3.36124687e-13,3.767321229e-13,1.280260411e-13,2.742329172e-13,6.100558197e-14,9.061459957e-14,4.850805435e-14,1.569997395e-13,1.578011923e-13,6.717262422e-14,1.674036868e-13,2.150809488e-13,2.933982044e-13,4.799627343e-13,2.597341856e-13,2.073429101e-13,2.579242825e-13,4.619693997e-13,1.077634679e-13,4.572497562e-14,4.625493436e-14,5.647567137e-14,6.804593875e-14,1.052231145e-13,1.657104172e-13,2.8353127e-13,3.770629202e-13,3.060785795e-14,2.981708513e-13,7.459415771e-14
155.53125,1.725470308e-13,5.163110608e-13,3.383129609e-13,3.761300173e-13,1.27848751e-13,2.750120172e-13,6.054831287e-14,9.074246764e-14,4.9248566e-14,1.570325594e-13,1.605069541e-13,6.737783172e-14,1.6663284e-13,2.171810343e-13,2.950234983e-13,4.807404002e-13,2.604672656e-13,2.086831458e-13,2.580437049e-13,4.633283715e-13,1.067135162e-13,4.601915616e-14,4.584023664e-14,5.75849724e-14,6.801399825e-14,1.040153884e-13,1.654789175e-13,2.854388053e-13,3.801039208e-13,3.057236835e-14,3.004542315e-13,7.43553081e-14
155.5390625,1.752753878e-13,5.209177919e-13,3.40633106e-13,3.755690411e-13,1.275222116e-13,2.757298907e-13,6.009110338e-14,9.095875824e-14,5.003895141e-14,1.570478581e-13,1.631634382e-13,6.758998531e-14,1.657479079e-13,2.19302237e-13,2.966775398e-13,4.814370724e-13,2.611417138e-13,2.098552992e-13,2.580291624e-13,4.647606229e-13,1.05767724e-13,4.629631299e-14,4.540843106e-14,5.875708186e-14,6.795030971e-14,1.02829482e-13,1.653651942e-13,2.872496597e-13,3.834140334e-13,3.060553489e-14,3.027708742e-13,7.40853266e-14
155.546875,1.783009823e-13,5.256508144e-13,3.432314031e-13,3.74719368e-13,1.273783009e-13,2.764068116e-13,5.961790661e-14,9.118492862e-14,5.084633839e-14,1.570912977e-13,1.658899034e-13,6.782277797e-14,1.648360975e-13,2.216162941e-13,2.982819429e-13,4.818983864e-13,2.617222071e-13,2.109395267e-13,2.58115608e-13,4.662110691e-13,1.048181567e-13,4.661414778e-14,4.498537027e-14,5.995434871e-14,6.785689098e-14,1.016546441e-13,1.653603481e-13,2.891812222e-13,3.86655432e-13,3.071049744e-14,3.050283055e-13,7.383392983e-14
155.5546875,1.816167986e-13,5.307219913e-13,3.459918074e-13,3.738496901e-13,1.274058241e-13,2.770555198e-13,5.912971187e-14,9.133252557e-14,5.167697924e-14,1.572053727e-13,1.688358989e-13,6.81227232e-14,1.639904045e-13,2.240746081e-13,2.99794457e-13,4.821226631e-13,2.622521112e-13,2.120241201e-13,2.583546327e-13,4.674871057e-13,1.038218676e-13,4.700088618e-14,4.457771462e-14,6.116163181e-14,6.774965172e-14,1.005203534e-13,1.654564948e-13,2.91390784e-13,3.898383344e-13,3.086666587e-14,3.071838594e-13,7.36345675e-14
155.5625,1.847726417e-13,5.359163078e-13,3.488026947e-13,3.731495828e-13,1.273270545e-13,2.776088859e-13,5.865409165e-14,9.146389876e-14,5.252209649e-14,1.57349306e-13,1.719229561e-13,6.844234473e-14,1.630908813e-13,2.265056729e-13,3.013217412e-13,4.823267421e-13,2.627741923e-13,2.130658869e-13,2.585195466e-13,4.686746571e-13,1.028980377e-13,4.739021076e-14,4.418423348e-14,6.238726951e-14,6.763439877e-14,9.945872102e-14,1.657082957e-13,2.936231705e-13,3.932363978e-13,3.107579374e-14,3.092898606e-13,7.344518305e-14
155.5703125,1.878636443e-13,5.409904109e-13,3.518532971e-13,3.723308249e-13,1.271747599e-13,2.780454741e-13,5.819913456e-14,9.166050221e-14,5.335023664e-14,1.574042521e-13,1.750406985e-13,6.872036502e-14,1.620649563e-13,2.289421156e-13,3.029817154e-13,4.826448394e-13,2.63372846e-13,2.141049337e-13,2.585528378e-13,4.698568849e-13,1.021108698e-13,4.775962603e-14,4.379846536e-14,6.363317435e-14,6.75255545e-14,9.844704308e-14,1.660766141e-13,2.956252841e-13,3.968589271e-13,3.135013601e-14,3.115230581e-13,7.323858713e-14
155.578125,1.911221196e-13,5.460067832e-13,3.553180837e-13,3.714640587e-13,1.271451395e-13,2.785003839e-13,5.775079786e-14,9.191551667e-14,5.4207199e-14,1.57387895e-13,1.782766793e-13,6.902809158e-14,1.61017037e-13,2.314659512e-13,3.046356941e-13,4.828153883e-13,2.639480081e-13,2.151114037e-13,2.586094828e-13,4.708309393e-13,1.013794219e-13,4.816780653e-14,4.342424565e-14,6.494674087e-14,6.741257853e-14,9.745839267e-14,1.664711106e-13,2.975660733e-13,4.005833115e-13,3.169484435e-14,3.139143522e-13,7.305686679e-14
155.5859375,1.942684453e-13,5.509922432e-13,3.590736986e-13,3.708019672e-13,1.271996704e-13,2.789587396e-13,5.730428742e-14,9.218185988e-14,5.511134847e-14,1.574059334e-13,1.816934588e-13,6.942341883e-14,1.599666775e-13,2.340165434e-13,3.062340166e-13,4.827452254e-13,2.643849784e-13,2.160118533e-13,2.587315205e-13,4.717131036e-13,1.006423674e-13,4.860094958e-14,4.306431427e-14,6.633775385e-14,6.729148786e-14,9.655691267e-14,1.670448435e-13,2.996706927e-13,4.04494903e-13,3.211394051e-14,3.162707022e-13,7.288860638e-14
155.59375,1.972478837e-13,5.558393726e-13,3.629416692e-13,3.699345553e-13,1.272335628e-13,2.791744097e-13,5.684845275e-14,9.241684516e-14,5.596025052e-14,1.574668002e-13,1.851958947e-13,6.981808562e-14,1.58837906e-13,2.36499963e-13,3.0795525e-13,4.827361762e-13,2.648725326e-13,2.168746639e-13,2.588928641e-13,4.728763797e-13,9.991415605e-14,4.898531639e-14,4.269675259e-14,6.769995036e-14,6.719666276e-14,9.579027639e-14,1.67885565e-13,3.018995539e-13,4.085687206e-13,3.259871923e-14,3.184325231e-13,7.267479649e-14
155.6015625,2.004025561e-13,5.607128353e-13,3.669871216e-13,3.685864317e-13,1.272723288e-13,2.79150741e-13,5.637586956e-14,9.263410669e-14,5.673263811e-14,1.57549935e-13,1.887449301e-13,7.015389863e-14,1.576558781e-13,2.389195607e-13,3.09782355e-13,4.828275903e-13,2.655167964e-13,2.177155565e-13,2.591271337e-13,4.741795562e-13,9.91901442e-14,4.934565211e-14,4.231650858e-14,6.90083192e-14,6.712798498e-14,9.509126211e-14,1.687478657e-13,3.041992185e-13,4.125759616e-13,3.31358463e-14,3.204273654e-13,7.246473716e-14
155.609375,2.037065608e-13,5.658901561e-13,3.713575569e-13,3.673603661e-13,1.273395777e-13,2.792043219e-13,5.591248375e-14,9.288959881e-14,5.754442428e-14,1.57641967e-13,1.923720755e-13,7.050650277e-14,1.564868511e-13,2.414151427e-13,3.116024211e-13,4.828526196e-13,2.66159306e-13,2.184860575e-13,2.593944843e-13,4.752885932e-13,9.845612554e-14,4.975884471e-14,4.195758609e-14,7.037983943e-14,6.704773781e-14,9.442305552e-14,1.69550359e-13,3.066011485e-13,4.165701619e-13,3.372321172e-14,3.22412108e-13,7.233520992e-14
155.6171875,2.070220725e-13,5.712270332e-13,3.759360897e-13,3.666584542e-13,1.274214817e-13,2.794364863e-13,5.54643402e-14,9.318017274e-14,5.843236867e-14,1.577022219e-13,1.960557435e-13,7.094613254e-14,1.553470072e-13,2.441128479e-13,3.134787963e-13,4.828505502e-13,2.668341375e-13,2.192622091e-13,2.596280283e-13,4.7633732e-13,9.775678209e-14,5.021223722e-14,4.162669317e-14,7.181660417e-14,6.694548343e-14,9.381873947e-14,1.704511665e-13,3.09103741e-13,4.207640162e-13,3.436318049e-14,3.244500963e-13,7.223217144e-14
155.625,2.105180537e-13,5.764305737e-13,3.805239875e-13,3.661184496e-13,1.275039603e-13,2.796509858e-13,5.501228915e-14,9.346350339e-14,5.933272844e-14,1.577402496e-13,1.997648386e-13,7.147368492e-14,1.542631341e-13,2.469817344e-13,3.154685317e-13,4.827824536e-13,2.677139424e-13,2.201126982e-13,2.598857338e-13,4.77526822e-13,9.712646347e-14,5.06531991e-14,4.128194506e-14,7.323099062e-14,6.683467421e-14,9.325477646e-14,1.714676962e-13,3.116785123e-13,4.251495153e-13,3.505893179e-14,3.265169168e-13,7.20755941e-14
155.6328125,2.141103342e-13,5.815297638e-13,3.852032891e-13,3.654672613e-13,1.275437683e-13,2.797213479e-13,5.45677873e-14,9.373756346e-14,6.020805219e-14,1.57783244e-13,2.03458276e-13,7.205687491e-14,1.53216475e-13,2.499123455e-13,3.175363148e-13,4.824965032e-13,2.686867903e-13,2.209868942e-13,2.601977704e-13,4.787522478e-13,9.651729751e-14,5.107584528e-14,4.090408786e-14,7.468375994e-14,6.672956599e-14,9.271550858e-14,1.725485232e-13,3.142411562e-13,4.296285187e-13,3.580958103e-14,3.286925333e-13,7.186831239e-14
155.640625,2.175019947e-13,5.866238634e-13,3.900663159e-13,3.647449367e-13,1.275805528e-13,2.796477775e-13,5.411003838e-14,9.400178367e-14,6.104759994e-14,1.578185605e-13,2.071494147e-13,7.261648262e-14,1.520877183e-13,2.527460883e-13,3.194877859e-13,4.8196725e-13,2.695172877e-13,2.217541203e-13,2.604713265e-13,4.799231109e-13,9.589725735e-14,5.148934736e-14,4.052621e-14,7.621125686e-14,6.661656387e-14,9.224258476e-14,1.736140396e-13,3.167515338e-13,4.340307451e-13,3.660718877e-14,3.308691378e-13,7.164504031e-14
155.6484375,2.208369841e-13,5.916592592e-13,3.949684883e-13,3.639114803e-13,1.27725622e-13,2.794556504e-13,5.358266677e-14,9.424830195e-14,6.187456474e-14,1.578479434e-13,2.110049848e-13,7.308238191e-14,1.508436271e-13,2.554054512e-13,3.210695502e-13,4.81195288e-13,2.702144188e-13,2.22287991e-13,2.606775483e-13,4.810217601e-13,9.530048975e-14,5.191184994e-14,4.018138921e-14,7.76872983e-14,6.645846219e-14,9.179695793e-14,1.74605625e-13,3.19308771e-13,4.382887238e-13,3.744590219e-14,3.327163944e-13,7.145623403e-14
155.65625,2.243864226e-13,5.966277263e-13,3.999072945e-13,3.630392735e-13,1.279065205e-13,2.792190049e-13,5.302272689e-14,9.449830932e-14,6.273464353e-14,1.578457175e-13,2.150409952e-13,7.350799426e-14,1.496112071e-13,2.580898975e-13,3.225083363e-13,4.803287478e-13,2.709509132e-13,2.227038288e-13,2.608870459e-13,4.819537007e-13,9.472772082e-14,5.236589262e-14,3.986542286e-14,7.912857157e-14,6.62728215e-14,9.133352895e-14,1.756829153e-13,3.218839292e-13,4.426938116e-13,3.832863817e-14,3.343614093e-13,7.132868883e-14
155.6640625,2.281038589e-13,6.016492053e-13,4.050956576e-13,3.623734161e-13,1.280098733e-13,2.7900362e-13,5.249557588e-14,9.474242438e-14,6.359383393e-14,1.577773912e-13,2.190122212e-13,7.400529277e-14,1.484681027e-13,2.609721651e-13,3.242863965e-13,4.79636697e-13,2.718089943e-13,2.232769552e-13,2.611594572e-13,4.827762073e-13,9.415460711e-14,5.282472425e-14,3.956072494e-14,8.066250571e-14,6.611594395e-14,9.093411009e-14,1.768488789e-13,3.243833098e-13,4.472401722e-13,3.927056494e-14,3.362110491e-13,7.120374515e-14
155.671875,2.319261658e-13,6.068349168e-13,4.105453521e-13,3.618748254e-13,1.28176762e-13,2.788230291e-13,5.19687377e-14,9.494645424e-14,6.440125589e-14,1.576959109e-13,2.228893521e-13,7.458313303e-14,1.473712122e-13,2.639500521e-13,3.263328254e-13,4.790197473e-13,2.727708526e-13,2.240070547e-13,2.615409898e-13,4.837093701e-13,9.360808912e-14,5.326324649e-14,3.925870026e-14,8.220957734e-14,6.599239125e-14,9.061406197e-14,1.778518064e-13,3.26992335e-13,4.514815262e-13,4.027180158e-14,3.38182772e-13,7.10344746e-14
155.6796875,2.358027003e-13,6.120392399e-13,4.160941093e-13,3.612236096e-13,1.284757947e-13,2.786464e-13,5.140848637e-14,9.513478015e-14,6.519433392e-14,1.576123411e-13,2.268581704e-13,7.515429918e-14,1.462603369e-13,2.668906318e-13,3.282653455e-13,4.781932478e-13,2.737808034e-13,2.246471971e-13,2.619930248e-13,4.847545915e-13,9.309821103e-14,5.370295629e-14,3.893980799e-14,8.369308341e-14,6.587292649e-14,9.027798191e-14,1.787769808e-13,3.297927674e-13,4.555348819e-13,4.12980294e-14,3.400093599e-13,7.085692124e-14
155.6875,2.395704937e-13,6.169467563e-13,4.21798194e-13,3.603167212e-13,1.286890049e-13,2.783870027e-13,5.083402722e-14,9.532196153e-14,6.598459517e-14,1.5746757e-13,2.309071546e-13,7.567573948e-14,1.450969286e-13,2.697220407e-13,3.300172496e-13,4.772183086e-13,2.747675702e-13,2.251168368e-13,2.623629746e-13,4.857619832e-13,9.258897966e-14,5.413373881e-14,3.857945126e-14,8.52178009e-14,6.573323071e-14,8.995712035e-14,1.798661292e-13,3.325210398e-13,4.599139078e-13,4.234786855e-14,3.417472914e-13,7.069464772e-14
155.6953125,2.432856445e-13,6.216296965e-13,4.279429333e-13,3.594092307e-13,1.287580835e-13,2.780756184e-13,5.025426397e-14,9.546559674e-14,6.673904922e-14,1.573098684e-13,2.349985677e-13,7.621396522e-14,1.439263004e-13,2.725087689e-13,3.317738401e-13,4.762953786e-13,2.758135286e-13,2.256010558e-13,2.626223162e-13,4.867513212e-13,9.209706741e-14,5.453958004e-14,3.819697373e-14,8.678234468e-14,6.55701091e-14,8.973959792e-14,1.810906357e-13,3.351376694e-13,4.646264195e-13,4.34745231e-14,3.435734324e-13,7.053336473e-14
155.703125,2.471171125e-13,6.263550825e-13,4.346172908e-13,3.586925503e-13,1.288477289e-13,2.778675202e-13,4.968976199e-14,9.558342044e-14,6.748048903e-14,1.572100953e-13,2.391723685e-13,7.682165572e-14,1.428322264e-13,2.754169094e-13,3.337079334e-13,4.754256427e-13,2.770558759e-13,2.262322158e-13,2.628931218e-13,4.877733975e-13,9.167147046e-14,5.494248619e-14,3.784262527e-14,8.831046399e-14,6.542172749e-14,8.958320075e-14,1.82423474e-13,3.377613797e-13,4.694102953e-13,4.468460553e-14,3.455411643e-13,7.036653601e-14
155.7109375,2.509870261e-13,6.309261552e-13,4.414485296e-13,3.57967036e-13,1.289740725e-13,2.776801933e-13,4.9155296e-14,9.572542033e-14,6.819545678e-14,1.571556413e-13,2.432727192e-13,7.741283935e-14,1.417465341e-13,2.782709147e-13,3.356819154e-13,4.744007546e-13,2.782808564e-13,2.268107931e-13,2.63188545e-13,4.88718421e-13,9.129568594e-14,5.532203825e-14,3.753073637e-14,8.985944588e-14,6.528341978e-14,8.94236042e-14,1.837941858e-13,3.402523552e-13,4.741098312e-13,4.591853518e-14,3.474566659e-13,7.018290692e-14
155.71875,2.548633176e-13,6.352451553e-13,4.480588665e-13,3.570215336e-13,1.290912624e-13,2.773229019e-13,4.861958822e-14,9.583897248e-14,6.883226348e-14,1.5714393e-13,2.472162453e-13,7.79181855e-14,1.405745524e-13,2.808557324e-13,3.373210432e-13,4.729564346e-13,2.792033985e-13,2.270954267e-13,2.634616236e-13,4.894283627e-13,9.092352955e-14,5.567099807e-14,3.724147912e-14,9.144465812e-14,6.508811019e-14,8.923648555e-14,1.850512149e-13,3.426654049e-13,4.787279291e-13,4.713775723e-14,3.491080207e-13,6.997884502e-14
155.7265625,2.588113322e-13,6.397186854e-13,4.546838722e-13,3.560032901e-13,1.292340373e-13,2.769170131e-13,4.809199218e-14,9.584514853e-14,6.942632382e-14,1.571073605e-13,2.512230473e-13,7.84237807e-14,1.393965732e-13,2.834430625e-13,3.386983386e-13,4.711925348e-13,2.799749304e-13,2.272018428e-13,2.637342917e-13,4.899099701e-13,9.056651158e-14,5.603977871e-14,3.696258697e-14,9.299276364e-14,6.485572451e-14,8.90241903e-14,1.863489909e-13,3.452505676e-13,4.834893847e-13,4.835788842e-14,3.506629141e-13,6.976789909e-14
155.734375,2.626683724e-13,6.442338024e-13,4.618314135e-13,3.54967964e-13,1.293608784e-13,2.766024491e-13,4.761930486e-14,9.57614219e-14,6.997795841e-14,1.569346229e-13,2.553437302e-13,7.896568191e-14,1.382632656e-13,2.861091827e-13,3.402688348e-13,4.695768015e-13,2.808021319e-13,2.273302773e-13,2.639685838e-13,4.904132009e-13,9.027586887e-14,5.638888434e-14,3.668499234e-14,9.450714025e-14,6.466693982e-14,8.888564327e-14,1.878051919e-13,3.477916744e-13,4.883799509e-13,4.962646125e-14,3.523109639e-13,6.955493949e-14
155.7421875,2.664108321e-13,6.481545555e-13,4.695056711e-13,3.537283043e-13,1.294354407e-13,2.762904119e-13,4.718563356e-14,9.566309082e-14,7.043506145e-14,1.567238588e-13,2.593929386e-13,7.946078415e-14,1.371289535e-13,2.886011697e-13,3.420677419e-13,4.682496917e-13,2.816668745e-13,2.274611115e-13,2.641413855e-13,4.909921996e-13,9.005024484e-14,5.667133467e-14,3.639875028e-14,9.601888875e-14,6.451469042e-14,8.886727145e-14,1.891732076e-13,3.500509157e-13,4.931231892e-13,5.096785423e-14,3.539416862e-13,6.936643137e-14
155.75,2.702858734e-13,6.515311798e-13,4.773384151e-13,3.524114873e-13,1.295085702e-13,2.760004034e-13,4.676114405e-14,9.560933883e-14,7.088072938e-14,1.56638098e-13,2.633795631e-13,7.991513227e-14,1.360361799e-13,2.910844343e-13,3.437945333e-13,4.668854178e-13,2.826388602e-13,2.275463385e-13,2.643464684e-13,4.913330281e-13,8.983121421e-14,5.697011712e-14,3.610839449e-14,9.753493297e-14,6.436175657e-14,8.884762256e-14,1.903801087e-13,3.523054056e-13,4.978227171e-13,5.234925071e-14,3.554988311e-13,6.922875686e-14
155.7578125,2.742005414e-13,6.548562157e-13,4.85264739e-13,3.51204816e-13,1.295503045e-13,2.758169392e-13,4.635459017e-14,9.558911983e-14,7.137015253e-14,1.566303747e-13,2.674295353e-13,8.0380984e-14,1.349997915e-13,2.936659925e-13,3.453960297e-13,4.65310074e-13,2.837512939e-13,2.276059306e-13,2.645635276e-13,4.915440222e-13,8.961508559e-14,5.72908814e-14,3.581973324e-14,9.903366084e-14,6.42109882e-14,8.878883493e-14,1.915887896e-13,3.546735423e-13,5.026875827e-13,5.375031851e-14,3.569784639e-13,6.908974501e-14
155.765625,2.779208861e-13,6.581356013e-13,4.934978055e-13,3.498456932e-13,1.295372539e-13,2.756668897e-13,4.595750711e-14,9.553107082e-14,7.178956648e-14,1.566233392e-13,2.715293812e-13,8.083583321e-14,1.339563334e-13,2.960569659e-13,3.469812171e-13,4.636406431e-13,2.848460311e-13,2.276712893e-13,2.646969431e-13,4.920179549e-13,8.944957873e-14,5.754655496e-14,3.553147647e-14,1.004403534e-13,6.406043651e-14,8.877771004e-14,1.928283934e-13,3.569274358e-13,5.076166889e-13,5.51888206e-14,3.583359363e-13,6.890068284e-14
155.7734375,2.816018587e-13,6.611641709e-13,5.020033233e-13,3.483018975e-13,1.295580056e-13,2.755198294e-13,4.555329428e-14,9.541686437e-14,7.212221221e-14,1.566290519e-13,2.755817899e-13,8.129000632e-14,1.329473727e-13,2.983120143e-13,3.485361893e-13,4.6195004e-13,2.858837363e-13,2.277524005e-13,2.648074647e-13,4.924376237e-13,8.931599212e-14,5.777235928e-14,3.525133885e-14,1.017890681e-13,6.391226119e-14,8.881938585e-14,1.940567649e-13,3.590679114e-13,5.125563807e-13,5.665555598e-14,3.596669195e-13,6.870478564e-14
155.78125,2.853485181e-13,6.640062229e-13,5.105178189e-13,3.469789643e-13,1.295624134e-13,2.753913999e-13,4.514663572e-14,9.530946994e-14,7.244412283e-14,1.566160238e-13,2.794624712e-13,8.174434862e-14,1.319812515e-13,3.005312711e-13,3.500834729e-13,4.603309011e-13,2.869774688e-13,2.27764529e-13,2.649250434e-13,4.926498611e-13,8.91701834e-14,5.798775707e-14,3.4982602e-14,1.032174098e-13,6.376976908e-14,8.89229319e-14,1.952084836e-13,3.611712159e-13,5.174727075e-13,5.814155231e-14,3.609542059e-13,6.852381835e-14
155.7890625,2.890431636e-13,6.667414986e-13,5.189503832e-13,3.457509881e-13,1.293942012e-13,2.751969376e-13,4.473380205e-14,9.525063831e-14,7.270031507e-14,1.565703292e-13,2.831085738e-13,8.209705618e-14,1.30932445e-13,3.024718938e-13,3.518241176e-13,4.58946943e-13,2.882428466e-13,2.276774724e-13,2.649798423e-13,4.934032824e-13,8.902881806e-14,5.810056438e-14,3.470751233e-14,1.046970036e-13,6.361508074e-14,8.912909665e-14,1.962764383e-13,3.631168792e-13,5.222566151e-13,5.966741946e-14,3.620388704e-13,6.830116453e-14
155.796875,2.928044689e-13,6.692070166e-13,5.273523245e-13,3.441687241e-13,1.291554632e-13,2.749015047e-13,4.431173546e-14,9.521755713e-14,7.285661229e-14,1.565389274e-13,2.866382178e-13,8.232840685e-14,1.297937611e-13,3.042619521e-13,3.537296719e-13,4.575970698e-13,2.897189965e-13,2.275804285e-13,2.650251668e-13,4.946675194e-13,8.890905624e-14,5.812602853e-14,3.441788215e-14,1.061236712e-13,6.344975342e-14,8.934695078e-14,1.974064675e-13,3.649047771e-13,5.269950505e-13,6.12158428e-14,3.629594605e-13,6.802524383e-14
155.8046875,2.96734635e-13,6.713212361e-13,5.357389159e-13,3.424589881e-13,1.290731842e-13,2.745466056e-13,4.389898743e-14,9.516397834e-14,7.300829516e-14,1.565174726e-13,2.901892486e-13,8.256141444e-14,1.286662295e-13,3.061950192e-13,3.554079947e-13,4.558775886e-13,2.912418694e-13,2.274464948e-13,2.651005495e-13,4.955478394e-13,8.882170078e-14,5.81626321e-14,3.413386733e-14,1.075407119e-13,6.328242079e-14,8.951245868e-14,1.986426728e-13,3.666820635e-13,5.317927554e-13,6.275621693e-14,3.6376208e-13,6.776782703e-14
155.8125,3.005616624e-13,6.733234317e-13,5.442254433e-13,3.409880441e-13,1.290793241e-13,2.741560033e-13,4.351154892e-14,9.50719892e-14,7.318889553e-14,1.565110466e-13,2.937120071e-13,8.286048836e-14,1.275642234e-13,3.080913918e-13,3.568246675e-13,4.539930267e-13,2.926818503e-13,2.272666089e-13,2.650973987e-13,4.961602092e-13,8.880643206e-14,5.822332509e-14,3.387392765e-14,1.089925697e-13,6.311060757e-14,8.971795016e-14,1.99928892e-13,3.684409482e-13,5.366488273e-13,6.431574356e-14,3.645168016e-13,6.757093598e-14
155.8203125,3.040810143e-13,6.751888473e-13,5.529472555e-13,3.394565773e-13,1.289537766e-13,2.737300911e-13,4.314813022e-14,9.494967837e-14,7.333686624e-14,1.565582897e-13,2.970851524e-13,8.316287221e-14,1.2644995e-13,3.097454946e-13,3.583545814e-13,4.524234395e-13,2.940979609e-13,2.271600235e-13,2.649809219e-13,4.969444982e-13,8.884371833e-14,5.827217164e-14,3.363136107e-14,1.104287671e-13,6.295921468e-14,8.999026558e-14,2.012349629e-13,3.700035204e-13,5.415713234e-13,6.592716388e-14,3.654312103e-13,6.739312707e-14
155.828125,3.074107515e-13,6.765447667e-13,5.617503422e-13,3.375951267e-13,1.287281245e-13,2.73190003e-13,4.279876371e-14,9.477094968e-14,7.340852639e-14,1.565925615e-13,3.003341715e-13,8.338617693e-14,1.252839738e-13,3.111775488e-13,3.599717844e-13,4.510090234e-13,2.954440085e-13,2.270306367e-13,2.648160914e-13,4.975200648e-13,8.88555563e-14,5.82684046e-14,3.338234129e-14,1.118188362e-13,6.283326035e-14,9.028519124e-14,2.024253349e-13,3.712815674e-13,5.464231888e-13,6.757110363e-14,3.662760177e-13,6.71901376e-14
155.8359375,3.106937845e-13,6.775873214e-13,5.703951052e-13,3.356791648e-13,1.285606023e-13,2.725354675e-13,4.245975896e-14,9.451874348e-14,7.340954726e-14,1.565457423e-13,3.035906872e-13,8.353522475e-14,1.240791314e-13,3.124809519e-13,3.614513468e-13,4.494278262e-13,2.967387894e-13,2.267676404e-13,2.646406336e-13,4.979344215e-13,8.88302689e-14,5.820594091e-14,3.311316891e-14,1.131694802e-13,6.269967653e-14,9.062395235e-14,2.035207333e-13,3.724718819e-13,5.511658288e-13,6.919817631e-14,3.66676988e-13,6.697063305e-14
155.84375,3.139410639e-13,6.786961284e-13,5.78973402e-13,3.338412393e-13,1.284171155e-13,2.71964484e-13,4.213538198e-14,9.425749111e-14,7.337296647e-14,1.564993828e-13,3.068837011e-13,8.367642613e-14,1.229272028e-13,3.138221732e-13,3.629139901e-13,4.478501764e-13,2.982080478e-13,2.265761919e-13,2.644630671e-13,4.986852373e-13,8.881929293e-14,5.8140619e-14,3.284670104e-14,1.144923376e-13,6.257043741e-14,9.098078329e-14,2.047306669e-13,3.737556202e-13,5.559749432e-13,7.079193539e-14,3.669858902e-13,6.674492076e-14
155.8515625,3.171522915e-13,6.794793964e-13,5.876897175e-13,3.318933455e-13,1.282079738e-13,2.715375104e-13,4.182054066e-14,9.401164146e-14,7.330446995e-14,1.565094347e-13,3.10115002e-13,8.380471242e-14,1.218242718e-13,3.151172999e-13,3.64368184e-13,4.463465642e-13,2.997532814e-13,2.264579947e-13,2.642367133e-13,4.994308748e-13,8.886492008e-14,5.807740145e-14,3.261741206e-14,1.157902584e-13,6.245054918e-14,9.127375081e-14,2.058692945e-13,3.749876063e-13,5.606045194e-13,7.239945494e-14,3.675338602e-13,6.650559544e-14
155.859375,3.204469417e-13,6.797209547e-13,5.963836329e-13,3.299255285e-13,1.279995364e-13,2.711356862e-13,4.150670199e-14,9.371744056e-14,7.319774974e-14,1.565045773e-13,3.13211806e-13,8.386451931e-14,1.206794302e-13,3.161303587e-13,3.655572278e-13,4.44566178e-13,3.010580906e-13,2.260832089e-13,2.639428747e-13,4.997065301e-13,8.896184933e-14,5.797435144e-14,3.241821747e-14,1.170576182e-13,6.22738342e-14,9.14910219e-14,2.066343129e-13,3.760962517e-13,5.646428209e-13,7.402269092e-14,3.678720311e-13,6.627282956e-14
155.8671875,3.238803054e-13,6.798205567e-13,6.047724365e-13,3.281287052e-13,1.278450242e-13,2.70755676e-13,4.119715406e-14,9.338979048e-14,7.307200178e-14,1.564479396e-13,3.161895352e-13,8.385776624e-14,1.195094362e-13,3.169244682e-13,3.664586626e-13,4.423807384e-13,3.021912912e-13,2.25439206e-13,2.636610495e-13,4.998107324e-13,8.903857489e-14,5.784442167e-14,3.222170352e-14,1.183170824e-13,6.203126199e-14,9.16585205e-14,2.072312287e-13,3.772133866e-13,5.683521173e-13,7.557682343e-14,3.676816088e-13,6.607114436e-14
155.875,3.27200088e-13,6.795975561e-13,6.130837185e-13,3.262787861e-13,1.276435716e-13,2.703987004e-13,4.09098877e-14,9.308294565e-14,7.287879289e-14,1.56389793e-13,3.190944378e-13,8.380461005e-14,1.183610875e-13,3.175198596e-13,3.673462504e-13,4.402486509e-13,3.034257745e-13,2.248537384e-13,2.633831624e-13,5.001028808e-13,8.905451119e-14,5.767782427e-14,3.203906341e-14,1.195622558e-13,6.181529179e-14,9.183613763e-14,2.079292597e-13,3.781894046e-13,5.721608384e-13,7.70723544e-14,3.673392312e-13,6.587687886e-14
155.8828125,3.301981658e-13,6.787590696e-13,6.217697113e-13,3.2414388e-13,1.272748253e-13,2.700101424e-13,4.067411304e-14,9.272471977e-14,7.251764931e-14,1.563953546e-13,3.219204767e-13,8.369917872e-14,1.172249621e-13,3.177781557e-13,3.684730852e-13,4.38650125e-13,3.048387944e-13,2.24463697e-13,2.630177995e-13,5.005917642e-13,8.906663787e-14,5.742693766e-14,3.189395396e-14,1.207295219e-13,6.167892361e-14,9.210504879e-14,2.086691279e-13,3.788518232e-13,5.759323544e-13,7.861228449e-14,3.672576399e-13,6.565286828e-14
155.890625,3.330378992e-13,6.778647928e-13,6.30691512e-13,3.218573847e-13,1.267364609e-13,2.696200361e-13,4.047757993e-14,9.22579521e-14,7.201953206e-14,1.564872432e-13,3.24640393e-13,8.352758531e-14,1.161016608e-13,3.178051452e-13,3.696608846e-13,4.372955065e-13,3.062394381e-13,2.240445867e-13,2.625616696e-13,5.010808876e-13,8.912530405e-14,5.712635259e-14,3.177020899e-14,1.218517054e-13,6.157568643e-14,9.242254477e-14,2.093379966e-13,3.794233937e-13,5.794554593e-13,8.017080469e-14,3.673199442e-13,6.541066682e-14
155.8984375,3.358800747e-13,6.77113721e-13,6.393818364e-13,3.19556165e-13,1.261680016e-13,2.692067918e-13,4.025843969e-14,9.177465493e-14,7.152412463e-14,1.565847922e-13,3.273012639e-13,8.329103212e-14,1.149485674e-13,3.177138757e-13,3.704552261e-13,4.355429106e-13,3.073850727e-13,2.233517292e-13,2.620191439e-13,5.012805907e-13,8.924433102e-14,5.683899064e-14,3.164397327e-14,1.230504611e-13,6.144066627e-14,9.267812554e-14,2.098858654e-13,3.799640528e-13,5.829333082e-13,8.166139187e-14,3.671093065e-13,6.519039314e-14
155.90625,3.387410794e-13,6.759123792e-13,6.477589689e-13,3.173168726e-13,1.257361342e-13,2.68737911e-13,4.002077858e-14,9.132717698e-14,7.108805171e-14,1.566040733e-13,3.298783065e-13,8.305279711e-14,1.137252666e-13,3.17504389e-13,3.709739657e-13,4.335124834e-13,3.084334527e-13,2.2253028e-13,2.614095111e-13,5.012135521e-13,8.941290758e-14,5.655316402e-14,3.152313457e-14,1.243100803e-13,6.126871336e-14,9.287652163e-14,2.103399003e-13,3.802799952e-13,5.86474241e-13,8.311471327e-14,3.665643257e-13,6.498933964e-14
155.9140625,3.416826093e-13,6.741464987e-13,6.558986701e-13,3.152507426e-13,1.254369281e-13,2.682812064e-13,3.983407957e-14,9.084326203e-14,7.064645937e-14,1.566033814e-13,3.322346825e-13,8.285409043e-14,1.124988452e-13,3.172627783e-13,3.71668483e-13,4.317161436e-13,3.096758035e-13,2.21797135e-13,2.608350372e-13,5.012654658e-13,8.954094737e-14,5.622486957e-14,3.141671895e-14,1.254840918e-13,6.109401543e-14,9.311000659e-14,2.108018588e-13,3.805314186e-13,5.897080009e-13,8.45700323e-14,3.65955174e-13,6.477592944e-14
155.921875,3.445665271e-13,6.720632666e-13,6.638077634e-13,3.131804426e-13,1.251190328e-13,2.677803586e-13,3.969797005e-14,9.030020331e-14,7.012487567e-14,1.566217335e-13,3.344716189e-13,8.26310274e-14,1.113084071e-13,3.16919595e-13,3.724693689e-13,4.301761169e-13,3.110117447e-13,2.210072824e-13,2.602848652e-13,5.015802482e-13,8.959342477e-14,5.584156213e-14,3.131353439e-14,1.265401059e-13,6.093309227e-14,9.346485735e-14,2.113444917e-13,3.808702917e-13,5.925596558e-13,8.599478338e-14,3.653350845e-13,6.456052259e-14
155.9296875,3.471909511e-13,6.696383982e-13,6.717433575e-13,3.108206338e-13,1.247397249e-13,2.672315104e-13,3.957964785e-14,8.975915693e-14,6.952912201e-14,1.565640687e-13,3.368047986e-13,8.237616519e-14,1.101499006e-13,3.164260561e-13,3.733060866e-13,4.288898068e-13,3.12428883e-13,2.201615287e-13,2.596865783e-13,5.018553981e-13,8.968268121e-14,5.544129561e-14,3.121335507e-14,1.276002041e-13,6.080197138e-14,9.394569753e-14,2.119961406e-13,3.810203235e-13,5.955959415e-13,8.738091422e-14,3.647090913e-13,6.436413519e-14
155.9375,3.498122693e-13,6.671277762e-13,6.79956699e-13,3.083242369e-13,1.244155461e-13,2.66894639e-13,3.950835548e-14,8.922679554e-14,6.890577064e-14,1.564238358e-13,3.391191769e-13,8.214963907e-14,1.090822332e-13,3.160092021e-13,3.744358193e-13,4.280372907e-13,3.141553709e-13,2.195564567e-13,2.591135398e-13,5.01930789e-13,8.983744385e-14,5.505880675e-14,3.113989311e-14,1.287060845e-13,6.072170124e-14,9.444188781e-14,2.12641509e-13,3.809301908e-13,5.989325002e-13,8.87348224e-14,3.641999905e-13,6.417057786e-14
155.9453125,3.526169035e-13,6.649108215e-13,6.882529105e-13,3.059827333e-13,1.241597069e-13,2.667697029e-13,3.950118247e-14,8.86588652e-14,6.82708786e-14,1.562837577e-13,3.413169831e-13,8.190147847e-14,1.080693684e-13,3.156006904e-13,3.757190797e-13,4.274118674e-13,3.160364281e-13,2.190716327e-13,2.585484201e-13,5.021047292e-13,8.999363167e-14,5.466626505e-14,3.11056891e-14,1.297598598e-13,6.066865121e-14,9.488662715e-14,2.131033946e-13,3.808514465e-13,6.0210614e-13,9.002821009e-14,3.636095252e-13,6.397245485e-14
155.953125,3.552527301e-13,6.626306487e-13,6.963068074e-13,3.037268184e-13,1.238342284e-13,2.665571316e-13,3.952523836e-14,8.806758163e-14,6.763770553e-14,1.56090162e-13,3.435570777e-13,8.158188793e-14,1.069707118e-13,3.149024343e-13,3.768354498e-13,4.267039884e-13,3.177835646e-13,2.183651857e-13,2.57828128e-13,5.024080459e-13,9.020125329e-14,5.424149139e-14,3.109130536e-14,1.307523773e-13,6.0601858e-14,9.531855515e-14,2.134591914e-13,3.806510144e-13,6.050792329e-13,9.125032785e-14,3.626417742e-13,6.377627695e-14
155.9609375,3.576728197e-13,6.59748789e-13,7.04019751e-13,3.013530917e-13,1.234503851e-13,2.662427583e-13,3.956376498e-14,8.748895013e-14,6.700677903e-14,1.557902053e-13,3.457028612e-13,8.124542256e-14,1.058113393e-13,3.140234134e-13,3.778645596e-13,4.259948132e-13,3.194440087e-13,2.175585119e-13,2.570103264e-13,5.023513602e-13,9.047354531e-14,5.380253485e-14,3.107804847e-14,1.317513826e-13,6.052228872e-14,9.574545261e-14,2.138301895e-13,3.800659545e-13,6.079423257e-13,9.243003496e-14,3.614442645e-13,6.358011119e-14
155.96875,3.602069073e-13,6.565249664e-13,7.114945997e-13,2.988400348e-13,1.231261992e-13,2.659468046e-13,3.962703873e-14,8.69020539e-14,6.632349194e-14,1.555084646e-13,3.474951953e-13,8.090710949e-14,1.047262269e-13,3.131304441e-13,3.789940817e-13,4.255674191e-13,3.211718584e-13,2.169051102e-13,2.56262502e-13,5.020363261e-13,9.071077702e-14,5.33392434e-14,3.107632552e-14,1.32687009e-13,6.045813304e-14,9.619419097e-14,2.141636431e-13,3.792920748e-13,6.105540207e-13,9.359783081e-14,3.603018145e-13,6.340237823e-14
155.9765625,3.62612691e-13,6.53449533e-13,7.189425973e-13,2.963107646e-13,1.227462959e-13,2.65632165e-13,3.972800547e-14,8.628766841e-14,6.557842727e-14,1.553333586e-13,3.491696795e-13,8.056359047e-14,1.037134936e-13,3.121316226e-13,3.80320405e-13,4.255911308e-13,3.231050696e-13,2.163485024e-13,2.555002259e-13,5.021936068e-13,9.093930105e-14,5.284226599e-14,3.109602247e-14,1.335072962e-13,6.042092702e-14,9.673728308e-14,2.145197024e-13,3.786011516e-13,6.131095825e-13,9.475685507e-14,3.592207346e-13,6.324536719e-14
155.984375,3.64565553e-13,6.503284932e-13,7.263839214e-13,2.938901022e-13,1.221848792e-13,2.653343724e-13,3.984495025e-14,8.567498666e-14,6.484296397e-14,1.551917407e-13,3.509566127e-13,8.024190929e-14,1.026910582e-13,3.11004798e-13,3.817487114e-13,4.25768563e-13,3.25144474e-13,2.157186231e-13,2.545696789e-13,5.027877942e-13,9.120339753e-14,5.233766909e-14,3.111994548e-14,1.343352381e-13,6.036965512e-14,9.729902e-14,2.148912072e-13,3.778833272e-13,6.156183129e-13,9.588559267e-14,3.580057441e-13,6.306864648e-14
155.9921875,3.664856935e-13,6.467613174e-13,7.334817408e-13,2.91557525e-13,1.216301126e-13,2.65080915e-13,3.991968557e-14,8.506319338e-14,6.411755352e-14,1.550099949e-13,3.526122152e-13,7.988096335e-14,1.016410978e-13,3.096971122e-13,3.82952016e-13,4.255860776e-13,3.269047003e-13,2.149489377e-13,2.535313243e-13,5.031943937e-13,9.13905272e-14,5.181132512e-14,3.113835832e-14,1.352035486e-13,6.02557717e-14,9.773912007e-14,2.14969161e-13,3.769223558e-13,6.175146184e-13,9.696930918e-14,3.564883045e-13,6.286646871e-14
156,3.686897755e-13,6.428091208e-13,7.399936363e-13,2.891680231e-13,1.212226721e-13,2.647711471e-13,3.996603314e-14,8.442056386e-14,6.332581189e-14,1.547941707e-13,3.539952732e-13,7.940184868e-14,1.005912287e-13,3.080686009e-13,3.839079919e-13,4.251394399e-13,3.284428731e-13,2.141124861e-13,2.525387467e-13,5.03403714e-13,9.149290952e-14,5.123065084e-14,3.117694249e-14,1.360161137e-13,6.011617109e-14,9.809772731e-14,2.146707533e-13,3.757345962e-13,6.187585124e-13,9.799799089e-14,3.546973413e-13,6.267118048e-14
156.0078125,3.70839467e-13,6.385755405e-13,7.460732561e-13,2.866462361e-13,1.208408435e-13,2.644223814e-13,4.007501355e-14,8.377209766e-14,6.246692351e-14,1.545675391e-13,3.552959803e-13,7.88335698e-14,9.955947934e-14,3.062166307e-13,3.848842321e-13,4.248505088e-13,3.30178998e-13,2.132677521e-13,2.51623694e-13,5.037302913e-13,9.163458548e-14,5.062739741e-14,3.126174998e-14,1.367974237e-13,6.001389375e-14,9.848619786e-14,2.142718058e-13,3.744695918e-13,6.198163228e-13,9.895658839e-14,3.527415695e-13,6.250462706e-14
156.015625,3.726972003e-13,6.340238591e-13,7.518352545e-13,2.840248626e-13,1.203693349e-13,2.640844432e-13,4.026307552e-14,8.31546555e-14,6.15953095e-14,1.543079144e-13,3.565624521e-13,7.821712747e-14,9.853405966e-14,3.042934099e-13,3.858823339e-13,4.247635665e-13,3.32073719e-13,2.123434475e-13,2.506733161e-13,5.041090495e-13,9.178841089e-14,5.002981572e-14,3.138575522e-14,1.375804508e-13,5.993954096e-14,9.891359637e-14,2.139160306e-13,3.731190317e-13,6.206776416e-13,9.986120284e-14,3.506524789e-13,6.237901799e-14
156.0234375,3.743418249e-13,6.293677461e-13,7.571241862e-13,2.813247047e-13,1.197381329e-13,2.636805859e-13,4.046858546e-14,8.253311602e-14,6.070277042e-14,1.539937422e-13,3.576210759e-13,7.756000878e-14,9.747362413e-14,3.022214555e-13,3.868141083e-13,4.24826656e-13,3.339035383e-13,2.113237893e-13,2.495828709e-13,5.043532413e-13,9.188832153e-14,4.940181765e-14,3.152800111e-14,1.382827938e-13,5.986077543e-14,9.933299335e-14,2.135620126e-13,3.715265128e-13,6.211462578e-13,1.007389113e-13,3.484613937e-13,6.22646897e-14
156.03125,3.758417108e-13,6.247662655e-13,7.619395364e-13,2.785598498e-13,1.189850321e-13,2.632077357e-13,4.066165377e-14,8.187509539e-14,5.977281284e-14,1.536987982e-13,3.58445235e-13,7.689442735e-14,9.635262277e-14,2.999483242e-13,3.876530987e-13,4.249502566e-13,3.356678982e-13,2.102472433e-13,2.48393168e-13,5.045137315e-13,9.200385794e-14,4.873641774e-14,3.168401311e-14,1.389208754e-13,5.975581321e-14,9.971183007e-14,2.131736793e-13,3.69749128e-13,6.212850796e-13,1.01572738e-13,3.46132115e-13,6.21261779e-14
156.0390625,3.77301404e-13,6.200555708e-13,7.664520123e-13,2.758116078e-13,1.183632051e-13,2.627321544e-13,4.084618673e-14,8.121391886e-14,5.886148254e-14,1.534665346e-13,3.592198487e-13,7.625738666e-14,9.521644302e-14,2.976248478e-13,3.882811791e-13,4.248597776e-13,3.373430278e-13,2.090972401e-13,2.472208143e-13,5.047300846e-13,9.214444036e-14,4.808914917e-14,3.186637877e-14,1.395798269e-13,5.961073129e-14,1.000634035e-13,2.127429332e-13,3.680476471e-13,6.21153866e-13,1.023334393e-13,3.435636308e-13,6.200386068e-14
156.046875,3.788105335e-13,6.151308982e-13,7.706256821e-13,2.731310068e-13,1.17925883e-13,2.622756293e-13,4.103990948e-14,8.056230859e-14,5.798546583e-14,1.53200556e-13,3.599915224e-13,7.564055464e-14,9.413079217e-14,2.953556861e-13,3.887809068e-13,4.24648719e-13,3.390054253e-13,2.079590202e-13,2.460815002e-13,5.048984894e-13,9.221847967e-14,4.746875483e-14,3.208124735e-14,1.402183695e-13,5.94626486e-14,1.004187143e-13,2.122595742e-13,3.663992043e-13,6.207109293e-13,1.03016482e-13,3.408485959e-13,6.192639327e-14
156.0546875,3.803102223e-13,6.098449964e-13,7.744704147e-13,2.704369519e-13,1.174167736e-13,2.618775177e-13,4.126763204e-14,7.988967229e-14,5.706899853e-14,1.528730191e-13,3.606089725e-13,7.497630205e-14,9.307840399e-14,2.929880796e-13,3.893675819e-13,4.247076297e-13,3.407814771e-13,2.069016086e-13,2.448614796e-13,5.048458995e-13,9.224240031e-14,4.682072368e-14,3.231040539e-14,1.408061458e-13,5.934586415e-14,1.007708801e-13,2.116333355e-13,3.645093497e-13,6.198707794e-13,1.036347952e-13,3.381453625e-13,6.186354468e-14
156.0625,3.816621127e-13,6.040217577e-13,7.780801548e-13,2.676714037e-13,1.167837465e-13,2.614754507e-13,4.152735552e-14,7.920603441e-14,5.610248586e-14,1.525325392e-13,3.610565844e-13,7.421199271e-14,9.199817411e-14,2.903372615e-13,3.899823347e-13,4.250312514e-13,3.425415491e-13,2.057943731e-13,2.434976782e-13,5.047390579e-13,9.230181471e-14,4.613461399e-14,3.253418604e-14,1.413741808e-13,5.923529909e-14,1.011099105e-13,2.107856488e-13,3.623069691e-13,6.186514928e-13,1.042050457e-13,3.353764492e-13,6.182047639e-14
156.0703125,3.827027927e-13,5.980387027e-13,7.811556438e-13,2.649024798e-13,1.161310928e-13,2.609207783e-13,4.181302299e-14,7.85400664e-14,5.514512806e-14,1.520917306e-13,3.614162551e-13,7.339587167e-14,9.088439526e-14,2.874926193e-13,3.905438664e-13,4.254217767e-13,3.442513975e-13,2.046085771e-13,2.420832904e-13,5.047413732e-13,9.238358818e-14,4.544432892e-14,3.276924074e-14,1.418533652e-13,5.912668713e-14,1.014483328e-13,2.097921245e-13,3.599569687e-13,6.172228879e-13,1.047101125e-13,3.323952513e-13,6.180574928e-14
156.078125,3.834692165e-13,5.92288562e-13,7.83622427e-13,2.621682873e-13,1.154206635e-13,2.603081062e-13,4.212956004e-14,7.788407672e-14,5.417895953e-14,1.515228953e-13,3.616871033e-13,7.259790681e-14,8.977302968e-14,2.846240718e-13,3.911414691e-13,4.259078147e-13,3.460196538e-13,2.034546923e-13,2.406850011e-13,5.047374608e-13,9.244702642e-14,4.474980932e-14,3.304501435e-14,1.422169626e-13,5.903871052e-14,1.01817815e-13,2.087597134e-13,3.575677947e-13,6.156112343e-13,1.051380257e-13,3.292410663e-13,6.180439952e-14
156.0859375,3.842294809e-13,5.864977769e-13,7.860498569e-13,2.594730559e-13,1.146988509e-13,2.59846343e-13,4.245650779e-14,7.724414743e-14,5.319506689e-14,1.509807892e-13,3.619327992e-13,7.182643597e-14,8.870133971e-14,2.817245437e-13,3.918037953e-13,4.265703683e-13,3.47736535e-13,2.023186324e-13,2.392455393e-13,5.047847144e-13,9.25183137e-14,4.404181461e-14,3.335508054e-14,1.425831754e-13,5.89548744e-14,1.022593498e-13,2.07719447e-13,3.551832212e-13,6.136958351e-13,1.055447229e-13,3.260322418e-13,6.184092133e-14
156.09375,3.849976648e-13,5.806177026e-13,7.883690238e-13,2.568894856e-13,1.1406171e-13,2.594594392e-13,4.27882865e-14,7.662725177e-14,5.225785302e-14,1.504623963e-13,3.621292975e-13,7.107290577e-14,8.767336438e-14,2.787567167e-13,3.924757779e-13,4.273395497e-13,3.494074273e-13,2.011938603e-13,2.377702776e-13,5.050079963e-13,9.257608112e-14,4.333617702e-14,3.367618706e-14,1.429548519e-13,5.886965189e-14,1.027067461e-13,2.065862542e-13,3.527741821e-13,6.113469482e-13,1.059251347e-13,3.22688881e-13,6.190604145e-14
156.1015625,3.855788722e-13,5.749777412e-13,7.899011925e-13,2.543951595e-13,1.134041457e-13,2.589433341e-13,4.315726656e-14,7.599209339e-14,5.133942823e-14,1.498458794e-13,3.620464558e-13,7.031904788e-14,8.663992018e-14,2.757212027e-13,3.93046418e-13,4.280020759e-13,3.512011756e-13,2.001152151e-13,2.363235053e-13,5.052445693e-13,9.254363387e-14,4.263279961e-14,3.399966314e-14,1.432586129e-13,5.878617506e-14,1.030308592e-13,2.05199846e-13,3.502004599e-13,6.084279932e-13,1.061672373e-13,3.19066968e-13,6.194346083e-14
156.109375,3.860078971e-13,5.692137422e-13,7.908390684e-13,2.518665803e-13,1.126734183e-13,2.582970484e-13,4.355235974e-14,7.534693442e-14,5.036701837e-14,1.492025461e-13,3.617644871e-13,6.95498743e-14,8.558925147e-14,2.726002623e-13,3.934498792e-13,4.284949614e-13,3.529863513e-13,1.990049187e-13,2.348568186e-13,5.053775397e-13,9.24801881e-14,4.192165507e-14,3.431903775e-14,1.435882428e-13,5.867981954e-14,1.032748994e-13,2.036246533e-13,3.474241565e-13,6.051202668e-13,1.062797743e-13,3.154085426e-13,6.196580551e-14
156.1171875,3.862920935e-13,5.628675871e-13,7.916341571e-13,2.493741539e-13,1.119855096e-13,2.576614825e-13,4.393232557e-14,7.476559401e-14,4.940016041e-14,1.486091224e-13,3.616302949e-13,6.880760716e-14,8.457474763e-14,2.69445335e-13,3.938226544e-13,4.290787734e-13,3.546564009e-13,1.978594496e-13,2.333309984e-13,5.053970564e-13,9.25155784e-14,4.122412946e-14,3.464878355e-14,1.4398783e-13,5.855955001e-14,1.035558381e-13,2.021094229e-13,3.445995664e-13,6.018070304e-13,1.063881161e-13,3.119952182e-13,6.200085791e-14
156.125,3.863082815e-13,5.564163628e-13,7.919645839e-13,2.470117169e-13,1.11361204e-13,2.570876697e-13,4.430560302e-14,7.423243573e-14,4.849204503e-14,1.479978052e-13,3.61586625e-13,6.809731015e-14,8.35839469e-14,2.662509247e-13,3.942128597e-13,4.298409495e-13,3.563606067e-13,1.967363405e-13,2.318114586e-13,5.052837748e-13,9.259762507e-14,4.05582954e-14,3.503476068e-14,1.442993014e-13,5.845416031e-14,1.038512593e-13,2.006782401e-13,3.417976549e-13,5.984303025e-13,1.06477174e-13,3.084795977e-13,6.204914728e-14
156.1328125,3.861686769e-13,5.501976558e-13,7.915850875e-13,2.445221469e-13,1.107014743e-13,2.564249134e-13,4.468048887e-14,7.366761861e-14,4.755641952e-14,1.47360367e-13,3.613338432e-13,6.730098028e-14,8.253554895e-14,2.627858984e-13,3.944317909e-13,4.304947317e-13,3.580190853e-13,1.955072806e-13,2.302708152e-13,5.052267013e-13,9.25831651e-14,3.988330088e-14,3.547715108e-14,1.444634577e-13,5.833055157e-14,1.041211346e-13,1.992085939e-13,3.388289039e-13,5.946671772e-13,1.064547507e-13,3.044449293e-13,6.214682864e-14
156.140625,3.859871126e-13,5.43742426e-13,7.906467369e-13,2.417376203e-13,1.099391486e-13,2.555566174e-13,4.502945298e-14,7.307734075e-14,4.654828368e-14,1.467060456e-13,3.608460738e-13,6.636013546e-14,8.142267623e-14,2.589670778e-13,3.944557286e-13,4.309561398e-13,3.59506938e-13,1.9412922e-13,2.286272175e-13,5.053063785e-13,9.247665735e-14,3.91508276e-14,3.591792488e-14,1.445844469e-13,5.815501489e-14,1.043705021e-13,1.976753199e-13,3.355261065e-13,5.904027213e-13,1.063553959e-13,3.001198999e-13,6.228524282e-14
156.1484375,3.85644324e-13,5.369705089e-13,7.892819933e-13,2.390238354e-13,1.091424126e-13,2.546974512e-13,4.537288973e-14,7.252102278e-14,4.55677291e-14,1.459597675e-13,3.602732601e-13,6.542479849e-14,8.034176338e-14,2.551546277e-13,3.945117607e-13,4.315053526e-13,3.610788328e-13,1.928534898e-13,2.269754586e-13,5.053065866e-13,9.236196523e-14,3.840462459e-14,3.635008292e-14,1.447159093e-13,5.797549507e-14,1.045895948e-13,1.960893052e-13,3.321043739e-13,5.857353777e-13,1.062396146e-13,2.958594265e-13,6.241151181e-14
156.15625,3.851083191e-13,5.303936353e-13,7.876981248e-13,2.365992851e-13,1.084421413e-13,2.540507446e-13,4.576562977e-14,7.202369783e-14,4.468755369e-14,1.451126502e-13,3.597079808e-13,6.463989654e-14,7.937359496e-14,2.516365688e-13,3.947440472e-13,4.323197226e-13,3.628975758e-13,1.918092262e-13,2.254484111e-13,5.052623129e-13,9.224309253e-14,3.771882803e-14,3.682469092e-14,1.44845328e-13,5.784723438e-14,1.048251789e-13,1.944931689e-13,3.28881757e-13,5.809386528e-13,1.060748929e-13,2.916558769e-13,6.25494897e-14
156.1640625,3.844103857e-13,5.240045063e-13,7.857981845e-13,2.340822055e-13,1.077537166e-13,2.53408737e-13,4.619298411e-14,7.156365919e-14,4.382829543e-14,1.442361408e-13,3.590929072e-13,6.392176191e-14,7.846386658e-14,2.481825698e-13,3.950526594e-13,4.332295742e-13,3.647038314e-13,1.908151472e-13,2.239821089e-13,5.052938729e-13,9.207939672e-14,3.705944669e-14,3.734441314e-14,1.449374593e-13,5.77359503e-14,1.050952538e-13,1.928755701e-13,3.257417562e-13,5.760664524e-13,1.058361238e-13,2.873683241e-13,6.270740969e-14
156.171875,3.835464316e-13,5.173476589e-13,7.832144819e-13,2.312756697e-13,1.069096089e-13,2.525957567e-13,4.6611042e-14,7.108664125e-14,4.290257855e-14,1.433621553e-13,3.583141529e-13,6.314046039e-14,7.750769908e-14,2.445434636e-13,3.952341396e-13,4.339658015e-13,3.662773557e-13,1.897401226e-13,2.22438543e-13,5.051570818e-13,9.18856409e-14,3.63645811e-14,3.787072011e-14,1.449533539e-13,5.757588124e-14,1.053038633e-13,1.911315986e-13,3.223848424e-13,5.70802974e-13,1.055557331e-13,2.82917367e-13,6.284122298e-14
156.1796875,3.826418365e-13,5.103841358e-13,7.801444141e-13,2.28474001e-13,1.060305095e-13,2.517876588e-13,4.703176985e-14,7.058933071e-14,4.19628299e-14,1.424735779e-13,3.574249485e-13,6.23327208e-14,7.654035234e-14,2.409122852e-13,3.95303069e-13,4.346060631e-13,3.677706722e-13,1.886931878e-13,2.207999471e-13,5.047710031e-13,9.170227643e-14,3.566763158e-14,3.840361721e-14,1.449003554e-13,5.738606522e-14,1.05441496e-13,1.893537564e-13,3.188211316e-13,5.651455453e-13,1.052410279e-13,2.78373586e-13,6.298686317e-14
156.1875,3.817348238e-13,5.033764829e-13,7.769512008e-13,2.257814472e-13,1.052677277e-13,2.510782168e-13,4.746158474e-14,7.013312338e-14,4.106699227e-14,1.415510478e-13,3.565167776e-13,6.154466495e-14,7.565424905e-14,2.374828315e-13,3.955027364e-13,4.354955904e-13,3.694619113e-13,1.877944414e-13,2.191537333e-13,5.04493233e-13,9.148480494e-14,3.499665653e-14,3.896003576e-14,1.447806061e-13,5.721909765e-14,1.05591337e-13,1.876737041e-13,3.151865911e-13,5.593198411e-13,1.048714436e-13,2.738768148e-13,6.317694484e-14
156.1953125,3.806850233e-13,4.963992873e-13,7.735272705e-13,2.230767463e-13,1.045493287e-13,2.503790401e-13,4.786692628e-14,6.971880185e-14,4.017889699e-14,1.406291575e-13,3.555827861e-13,6.073297643e-14,7.481828928e-14,2.34118329e-13,3.958702373e-13,4.366048004e-13,3.713318979e-13,1.869750445e-13,2.175731202e-13,5.045136756e-13,9.117342297e-14,3.432834376e-14,3.952657017e-14,1.446021696e-13,5.705179485e-14,1.057446827e-13,1.858931021e-13,3.115609324e-13,5.532217511e-13,1.044695059e-13,2.69385403e-13,6.335580347e-14
156.203125,3.794495326e-13,4.894424617e-13,7.696444345e-13,2.203863258e-13,1.038481748e-13,2.496716134e-13,4.824951264e-14,6.930688877e-14,3.931123926e-14,1.397261391e-13,3.546394724e-13,5.991716982e-14,7.397005603e-14,2.306776473e-13,3.96136866e-13,4.375342188e-13,3.730861718e-13,1.861044609e-13,2.160269513e-13,5.045095507e-13,9.084034065e-14,3.368001341e-14,4.008697291e-14,1.444485856e-13,5.685307139e-14,1.058442366e-13,1.839229664e-13,3.079981408e-13,5.46850613e-13,1.040482829e-13,2.647908601e-13,6.349627205e-14
156.2109375,3.7801548e-13,4.825652649e-13,7.650531382e-13,2.176751138e-13,1.031527365e-13,2.48925607e-13,4.862842066e-14,6.891837034e-14,3.850221642e-14,1.3876942e-13,3.535992046e-13,5.91435161e-14,7.311683304e-14,2.271675685e-13,3.961644656e-13,4.382421954e-13,3.746475593e-13,1.851857183e-13,2.144529423e-13,5.040957804e-13,9.054515791e-14,3.306621272e-14,4.064436262e-14,1.443308861e-13,5.664753117e-14,1.058471596e-13,1.820321569e-13,3.0436996e-13,5.403673234e-13,1.035449855e-13,2.601343824e-13,6.360108856e-14
156.21875,3.764500475e-13,4.758079953e-13,7.598848464e-13,2.148767086e-13,1.023530957e-13,2.481736771e-13,4.898973488e-14,6.855445757e-14,3.767937095e-14,1.377731156e-13,3.523740476e-13,5.838032226e-14,7.228055584e-14,2.236599116e-13,3.961915994e-13,4.390975754e-13,3.762582874e-13,1.843249405e-13,2.129056274e-13,5.03514649e-13,9.01998657e-14,3.245854789e-14,4.120439437e-14,1.44137196e-13,5.64392598e-14,1.05761067e-13,1.802552322e-13,3.006154805e-13,5.336016221e-13,1.029511172e-13,2.555024724e-13,6.367935229e-14
156.2265625,3.750154474e-13,4.691429978e-13,7.548326111e-13,2.121938771e-13,1.015184213e-13,2.476046014e-13,4.9342427e-14,6.817832844e-14,3.681571061e-14,1.368157983e-13,3.511773186e-13,5.764118774e-14,7.148332756e-14,2.202871518e-13,3.964904531e-13,4.402162147e-13,3.780629184e-13,1.836092663e-13,2.114686153e-13,5.033101353e-13,8.977081089e-14,3.186537556e-14,4.177864385e-14,1.43847698e-13,5.621478587e-14,1.057092015e-13,1.783475126e-13,2.969683217e-13,5.264406989e-13,1.023656195e-13,2.509217708e-13,6.379547911e-14
156.234375,3.736264873e-13,4.624410438e-13,7.498244498e-13,2.097295039e-13,1.007585342e-13,2.471577224e-13,4.970943917e-14,6.781972182e-14,3.601166841e-14,1.357980917e-13,3.500595572e-13,5.698251643e-14,7.072143554e-14,2.170526657e-13,3.969340115e-13,4.413466729e-13,3.799908437e-13,1.830256314e-13,2.100733182e-13,5.033157206e-13,8.933049685e-14,3.129986634e-14,4.238916289e-14,1.435400677e-13,5.599643734e-14,1.057469282e-13,1.763053633e-13,2.933743781e-13,5.190525689e-13,1.018043911e-13,2.463395889e-13,6.396552797e-14
156.2421875,3.719105586e-13,4.556067361e-13,7.441220648e-13,2.072158373e-13,9.992953017e-14,2.465631032e-13,5.006408926e-14,6.749126667e-14,3.526677794e-14,1.346494706e-13,3.487369506e-13,5.634574216e-14,6.995831553e-14,2.138129659e-13,3.97220833e-13,4.423274549e-13,3.819364015e-13,1.824640971e-13,2.086127452e-13,5.029827253e-13,8.886313541e-14,3.07327163e-14,4.303789957e-14,1.432315106e-13,5.57937058e-14,1.05744468e-13,1.742593919e-13,2.895148803e-13,5.114996131e-13,1.011788676e-13,2.416806774e-13,6.412077698e-14
156.25,3.700342689e-13,4.48812858e-13,7.378745015e-13,2.045294279e-13,9.901388534e-14,2.458654907e-13,5.038529076e-14,6.713127289e-14,3.448601115e-14,1.334973128e-13,3.472531058e-13,5.564413538e-14,6.920757388e-14,2.105692352e-13,3.973504741e-13,4.431850371e-13,3.838029541e-13,1.818591258e-13,2.071227558e-13,5.023767947e-13,8.832061355e-14,3.016250614e-14,4.369525809e-14,1.429104734e-13,5.558436363e-14,1.05637986e-13,1.721816113e-13,2.8555173e-13,5.038213028e-13,1.004749042e-13,2.369662486e-13,6.425338268e-14
156.2578125,3.683059754e-13,4.421959919e-13,7.314653531e-13,2.019238103e-13,9.822166682e-14,2.452293059e-13,5.068830945e-14,6.677477839e-14,3.369402033e-14,1.323570805e-13,3.457991616e-13,5.491119841e-14,6.848724563e-14,2.073642122e-13,3.9749574e-13,4.439885697e-13,3.855680453e-13,1.812343901e-13,2.056671325e-13,5.019121692e-13,8.775706121e-14,2.960394353e-14,4.43413441e-14,1.425931265e-13,5.535715301e-14,1.055267396e-13,1.700628113e-13,2.817464086e-13,4.960463857e-13,9.974207751e-14,2.322088205e-13,6.440765762e-14
156.265625,3.664050541e-13,4.355710978e-13,7.247571544e-13,1.995517829e-13,9.749722377e-14,2.445994987e-13,5.097522141e-14,6.652301543e-14,3.295500546e-14,1.31181225e-13,3.442759322e-13,5.422131316e-14,6.778002611e-14,2.041499726e-13,3.977485511e-13,4.448978415e-13,3.873259559e-13,1.806048169e-13,2.042210447e-13,5.017166748e-13,8.722770673e-14,2.905192283e-14,4.49898746e-14,1.422815724e-13,5.511649519e-14,1.054902727e-13,1.679808314e-13,2.779054553e-13,4.880764979e-13,9.900654552e-14,2.273956833e-13,6.458875719e-14
156.2734375,3.640715361e-13,4.288804485e-13,7.179788714e-13,1.972200597e-13,9.665343456e-14,2.439693963e-13,5.125782539e-14,6.633202741e-14,3.223236773e-14,1.300740263e-13,3.427747252e-13,5.358130807e-14,6.715063014e-14,2.010511845e-13,3.981743649e-13,4.459970496e-13,3.891520908e-13,1.800242079e-13,2.027968465e-13,5.01560084e-13,8.671952679e-14,2.852974603e-14,4.56463883e-14,1.41950909e-13,5.487983527e-14,1.054888115e-13,1.65914238e-13,2.739375282e-13,4.799814293e-13,9.827906493e-14,2.226731757e-13,6.477582018e-14
156.28125,3.61682525e-13,4.223026219e-13,7.112226843e-13,1.948053443e-13,9.578769435e-14,2.434097392e-13,5.156250532e-14,6.610965041e-14,3.150096678e-14,1.290044707e-13,3.414715217e-13,5.294801455e-14,6.664911809e-14,1.981923212e-13,3.987374231e-13,4.471066976e-13,3.910729209e-13,1.795759597e-13,2.014608765e-13,5.011316062e-13,8.620738148e-14,2.804699081e-14,4.628382282e-14,1.41601479e-13,5.465799372e-14,1.054156617e-13,1.638100775e-13,2.699905991e-13,4.718837089e-13,9.752051537e-14,2.181010478e-13,6.494180583e-14
156.2890625,3.595026397e-13,4.158351988e-13,7.039647862e-13,1.925105286e-13,9.498245328e-14,2.428631093e-13,5.187797214e-14,6.589404537e-14,3.080475e-14,1.278065365e-13,3.401303117e-13,5.229433619e-14,6.615549926e-14,1.953332199e-13,3.992950558e-13,4.48123057e-13,3.930822956e-13,1.79172327e-13,2.001665169e-13,5.006674662e-13,8.567988484e-14,2.755224454e-14,4.689181315e-14,1.413003972e-13,5.44290439e-14,1.052592715e-13,1.617005603e-13,2.660682041e-13,4.63688913e-13,9.668344166e-14,2.134421856e-13,6.509765283e-14
156.296875,3.572063504e-13,4.094232551e-13,6.963921543e-13,1.903945695e-13,9.409164003e-14,2.422882831e-13,5.21828352e-14,6.573165005e-14,3.014571837e-14,1.265407462e-13,3.38670837e-13,5.164337713e-14,6.560106783e-14,1.922498504e-13,3.998050387e-13,4.491582816e-13,3.95071719e-13,1.786711695e-13,1.988156493e-13,5.00691789e-13,8.514090712e-14,2.702315001e-14,4.748962164e-14,1.410801677e-13,5.418256867e-14,1.051170535e-13,1.595727803e-13,2.622131828e-13,4.553897163e-13,9.583256384e-14,2.086126523e-13,6.527769839e-14
156.3046875,3.545167004e-13,4.030420174e-13,6.891013638e-13,1.881853653e-13,9.311417607e-14,2.417219112e-13,5.247047119e-14,6.558553427e-14,2.948122447e-14,1.253251323e-13,3.373502705e-13,5.104398698e-14,6.509298201e-14,1.891277717e-13,4.003100457e-13,4.502198102e-13,3.969790221e-13,1.78158382e-13,1.974553481e-13,5.009323165e-13,8.457855344e-14,2.649535587e-14,4.807664556e-14,1.408582864e-13,5.393905216e-14,1.049939035e-13,1.573956081e-13,2.584543257e-13,4.470957549e-13,9.504414282e-14,2.038498652e-13,6.544274649e-14
156.3125,3.517364827e-13,3.965086655e-13,6.817323043e-13,1.8585748e-13,9.224106253e-14,2.411816491e-13,5.272103434e-14,6.544217349e-14,2.882294141e-14,1.241174266e-13,3.360642536e-13,5.052225229e-14,6.46667395e-14,1.862512265e-13,4.008441759e-13,4.512135027e-13,3.988681305e-13,1.777694897e-13,1.961719929e-13,5.008128582e-13,8.395266788e-14,2.600380694e-14,4.865213016e-14,1.40587925e-13,5.36903537e-14,1.048373703e-13,1.55229119e-13,2.546066371e-13,4.387764538e-13,9.426522684e-14,1.992619221e-13,6.557230472e-14
156.3203125,3.491440819e-13,3.89929429e-13,6.737368498e-13,1.836608469e-13,9.149957212e-14,2.406880104e-13,5.293348508e-14,6.531836583e-14,2.821325685e-14,1.229060363e-13,3.345675365e-13,5.003800635e-14,6.424464053e-14,1.836308167e-13,4.013921054e-13,4.520717268e-13,4.006798802e-13,1.774330535e-13,1.949186392e-13,5.005281811e-13,8.326970179e-14,2.556875696e-14,4.924995753e-14,1.40312304e-13,5.340136779e-14,1.046571688e-13,1.530338673e-13,2.507060947e-13,4.303362188e-13,9.342966696e-14,1.946985733e-13,6.574170559e-14
156.328125,3.464308541e-13,3.836713294e-13,6.653230454e-13,1.815700233e-13,9.075433683e-14,2.402094761e-13,5.314612698e-14,6.520679332e-14,2.763577941e-14,1.217123105e-13,3.330278896e-13,4.951894043e-14,6.38270917e-14,1.810691103e-13,4.01893602e-13,4.528087716e-13,4.023715309e-13,1.770549802e-13,1.936543455e-13,5.004207268e-13,8.258099056e-14,2.517472507e-14,4.987557305e-14,1.400322541e-13,5.307923773e-14,1.044143931e-13,1.507227486e-13,2.469622523e-13,4.217338514e-13,9.256614203e-14,1.900677455e-13,6.59409829e-14
156.3359375,3.434343511e-13,3.775903493e-13,6.569422776e-13,1.794633873e-13,8.993280357e-14,2.397060783e-13,5.338256379e-14,6.510940306e-14,2.704895695e-14,1.204988467e-13,3.316235006e-13,4.89913176e-14,6.346976532e-14,1.784718966e-13,4.024719488e-13,4.53678688e-13,4.041793503e-13,1.767010601e-13,1.924522856e-13,5.004474602e-13,8.188583296e-14,2.477512467e-14,5.049164981e-14,1.397383268e-13,5.277842418e-14,1.041110732e-13,1.484676256e-13,2.432582334e-13,4.13142289e-13,9.171801161e-14,1.854952732e-13,6.609031116e-14
156.34375,3.40498737e-13,3.714225176e-13,6.487268786e-13,1.7744381e-13,8.903755825e-14,2.392520786e-13,5.362187455e-14,6.502011785e-14,2.646157646e-14,1.192679791e-13,3.30204815e-13,4.855504541e-14,6.316888595e-14,1.759206175e-13,4.032967622e-13,4.547957056e-13,4.061565059e-13,1.764415678e-13,1.913468074e-13,5.006223286e-13,8.114283177e-14,2.435874875e-14,5.109207932e-14,1.394448837e-13,5.252443939e-14,1.038892642e-13,1.46400119e-13,2.394827839e-13,4.048248804e-13,9.088296912e-14,1.810941987e-13,6.622846774e-14
156.3515625,3.375682808e-13,3.653211912e-13,6.403515832e-13,1.754903284e-13,8.810898505e-14,2.388178021e-13,5.382724024e-14,6.491264002e-14,2.590060844e-14,1.180397373e-13,3.286111577e-13,4.818314629e-14,6.28873142e-14,1.734030527e-13,4.041189775e-13,4.557852975e-13,4.079696672e-13,1.761943655e-13,1.902748103e-13,5.008094911e-13,8.035347591e-14,2.39436953e-14,5.16924319e-14,1.391099132e-13,5.227743092e-14,1.03733036e-13,1.443107355e-13,2.357795282e-13,3.965921842e-13,9.004695731e-14,1.767408979e-13,6.640540127e-14
156.359375,3.342532964e-13,3.591857889e-13,6.315894161e-13,1.734229756e-13,8.720561941e-14,2.382427939e-13,5.400478404e-14,6.482183883e-14,2.536358923e-14,1.168011896e-13,3.269312551e-13,4.775584092e-14,6.262733536e-14,1.708139427e-13,4.046744525e-13,4.56495126e-13,4.095292675e-13,1.758568643e-13,1.891825926e-13,5.006833686e-13,7.956032614e-14,2.352960671e-14,5.229349086e-14,1.387322942e-13,5.20128233e-14,1.034850759e-13,1.421095742e-13,2.320989222e-13,3.880998879e-13,8.921828807e-14,1.723618062e-13,6.659006603e-14
156.3671875,3.307161295e-13,3.528076814e-13,6.229290212e-13,1.712823112e-13,8.630840227e-14,2.376170818e-13,5.420228701e-14,6.479509467e-14,2.483754105e-14,1.155598549e-13,3.25409865e-13,4.728279928e-14,6.244053599e-14,1.682152338e-13,4.052425808e-13,4.572741637e-13,4.110870527e-13,1.755169927e-13,1.880757149e-13,5.004376121e-13,7.878884895e-14,2.31118784e-14,5.290288545e-14,1.38386992e-13,5.176541993e-14,1.031939882e-13,1.399828766e-13,2.283082323e-13,3.795312931e-13,8.841972369e-14,1.681462408e-13,6.678835309e-14
156.375,3.272620888e-13,3.465610697e-13,6.147454302e-13,1.69206334e-13,8.536163788e-14,2.371684864e-13,5.442144987e-14,6.478441172e-14,2.431404615e-14,1.143060471e-13,3.241487047e-13,4.685109223e-14,6.233461819e-14,1.657445515e-13,4.061085841e-13,4.582335604e-13,4.127447226e-13,1.753156922e-13,1.870103598e-13,5.004760011e-13,7.803533143e-14,2.269922856e-14,5.351580602e-14,1.380607349e-13,5.15386772e-14,1.029517275e-13,1.379660435e-13,2.245875697e-13,3.711371971e-13,8.766072837e-14,1.641250224e-13,6.699968884e-14
156.3828125,3.238413458e-13,3.406978641e-13,6.066116595e-13,1.67200065e-13,8.442586793e-14,2.368837158e-13,5.46287091e-14,6.474443337e-14,2.379906794e-14,1.130183142e-13,3.230146065e-13,4.64507518e-14,6.224304026e-14,1.634693265e-13,4.071649385e-13,4.592360382e-13,4.144785071e-13,1.752083667e-13,1.8603656e-13,5.006391211e-13,7.730587472e-14,2.231684109e-14,5.411267986e-14,1.377266422e-13,5.129314089e-14,1.026768392e-13,1.359634783e-13,2.211215135e-13,3.628435813e-13,8.692718276e-14,1.600964523e-13,6.717881968e-14
156.390625,3.204694773e-13,3.349656454e-13,5.982733893e-13,1.652631845e-13,8.360231543e-14,2.366650628e-13,5.4837402e-14,6.470968793e-14,2.331619181e-14,1.117320906e-13,3.219137311e-13,4.606433736e-14,6.218366798e-14,1.614420904e-13,4.082988283e-13,4.602886121e-13,4.162981941e-13,1.751582662e-13,1.85144838e-13,5.006495739e-13,7.661624686e-14,2.198661834e-14,5.470573247e-14,1.374602566e-13,5.104150578e-14,1.023493378e-13,1.339842971e-13,2.178325459e-13,3.54678102e-13,8.619178412e-14,1.561058588e-13,6.734999095e-14
156.3984375,3.171298691e-13,3.292753499e-13,5.900218834e-13,1.634154361e-13,8.286691503e-14,2.364970577e-13,5.505399959e-14,6.468690656e-14,2.286180163e-14,1.104764837e-13,3.208570309e-13,4.575019289e-14,6.225551765e-14,1.595763762e-13,4.094352421e-13,4.612883733e-13,4.181063083e-13,1.752593776e-13,1.843107979e-13,5.006446335e-13,7.594411092e-14,2.167596077e-14,5.529537202e-14,1.372610346e-13,5.081438484e-14,1.02041386e-13,1.320421025e-13,2.146189727e-13,3.466499122e-13,8.544419656e-14,1.523137629e-13,6.752908959e-14
156.40625,3.136401903e-13,3.236033687e-13,5.817633276e-13,1.616156951e-13,8.211359751e-14,2.363141074e-13,5.524144783e-14,6.464086326e-14,2.240094823e-14,1.092318942e-13,3.197545015e-13,4.548542742e-14,6.240126461e-14,1.576472593e-13,4.104028736e-13,4.620547085e-13,4.197503508e-13,1.754248925e-13,1.834933529e-13,5.006975768e-13,7.52307054e-14,2.133329709e-14,5.584658027e-14,1.370242252e-13,5.058565008e-14,1.017216158e-13,1.301035126e-13,2.114352054e-13,3.385534368e-13,8.470021311e-14,1.486074395e-13,6.764100947e-14
156.4140625,3.101225786e-13,3.1784671e-13,5.730501898e-13,1.598353831e-13,8.129354419e-14,2.360740164e-13,5.541108813e-14,6.458359471e-14,2.193209366e-14,1.07971838e-13,3.185208516e-13,4.515756532e-14,6.247704986e-14,1.556125901e-13,4.112131105e-13,4.626783993e-13,4.212125951e-13,1.754573729e-13,1.826257318e-13,5.005822553e-13,7.443492067e-14,2.096843302e-14,5.636600626e-14,1.367277314e-13,5.033230336e-14,1.013247829e-13,1.281492766e-13,2.082203301e-13,3.304577321e-13,8.39430738e-14,1.448459529e-13,6.7678061e-14
156.421875,3.067628513e-13,3.122636717e-13,5.640103815e-13,1.581279298e-13,8.048650956e-14,2.358646336e-13,5.561006104e-14,6.456450725e-14,2.149134091e-14,1.066841844e-13,3.172883251e-13,4.478120507e-14,6.253658407e-14,1.536145369e-13,4.120946454e-13,4.633494616e-13,4.226256872e-13,1.754231527e-13,1.817408546e-13,5.003576057e-13,7.358404959e-14,2.061704769e-14,5.686904368e-14,1.36439967e-13,5.006728431e-14,1.008498351e-13,1.26188924e-13,2.050247553e-13,3.226541959e-13,8.312551352e-14,1.410705422e-13,6.771590455e-14
156.4296875,3.034375436e-13,3.07090332e-13,5.552459009e-13,1.565867209e-13,7.978972596e-14,2.357649236e-13,5.583291894e-14,6.461475236e-14,2.109599027e-14,1.054102392e-13,3.162205373e-13,4.446643143e-14,6.271653544e-14,1.517332811e-13,4.131518582e-13,4.641151376e-13,4.241287407e-13,1.75449464e-13,1.809241508e-13,5.004314317e-13,7.276773806e-14,2.02853001e-14,5.731763942e-14,1.362342571e-13,4.979141161e-14,1.003155192e-13,1.242750889e-13,2.020085113e-13,3.151435e-13,8.227466675e-14,1.373676327e-13,6.776761002e-14
156.4375,3.00172432e-13,3.020792862e-13,5.469767888e-13,1.551834656e-13,7.91343996e-14,2.357876376e-13,5.606000979e-14,6.470502309e-14,2.072720154e-14,1.042217907e-13,3.152898583e-13,4.421692824e-14,6.300570834e-14,1.500318878e-13,4.142829494e-13,4.648571071e-13,4.256596828e-13,1.754956747e-13,1.801518915e-13,5.007371562e-13,7.203259803e-14,1.997363672e-14,5.771278837e-14,1.36106144e-13,4.951405645e-14,9.974650517e-14,1.223954957e-13,1.99210302e-13,3.078184019e-13,8.147084801e-14,1.338664897e-13,6.77942616e-14
156.4453125,2.971021451e-13,2.969965392e-13,5.389603261e-13,1.537176485e-13,7.843655783e-14,2.359288067e-13,5.630777949e-14,6.47596949e-14,2.035674523e-14,1.031211813e-13,3.144109829e-13,4.398480676e-14,6.336223272e-14,1.485816907e-13,4.153641346e-13,4.6537207e-13,4.270445777e-13,1.755766309e-13,1.794152921e-13,5.007243539e-13,7.13189574e-14,1.968497578e-14,5.811418327e-14,1.359303575e-13,4.926825761e-14,9.91581258e-14,1.20458748e-13,1.965329394e-13,3.007300001e-13,8.071972992e-14,1.306253501e-13,6.776794355e-14
156.453125,2.940541754e-13,2.91900691e-13,5.310185683e-13,1.521504407e-13,7.779716526e-14,2.361358476e-13,5.657493043e-14,6.477006114e-14,1.998012815e-14,1.020296376e-13,3.135574785e-13,4.377352651e-14,6.378963607e-14,1.472469295e-13,4.163538401e-13,4.656924692e-13,4.282891868e-13,1.757042638e-13,1.787532278e-13,5.003827758e-13,7.055766647e-14,1.940737817e-14,5.852399807e-14,1.356651746e-13,4.903858456e-14,9.856063167e-14,1.185281586e-13,1.939134209e-13,2.938712263e-13,7.997250533e-14,1.274778407e-13,6.769617449e-14
156.4609375,2.909069539e-13,2.869359422e-13,5.23155331e-13,1.507483511e-13,7.725393712e-14,2.363419143e-13,5.681971097e-14,6.480003222e-14,1.961907555e-14,1.008636879e-13,3.126878749e-13,4.357999988e-14,6.424488234e-14,1.457727762e-13,4.172856707e-13,4.661055817e-13,4.29491764e-13,1.757731236e-13,1.78075749e-13,5.001604452e-13,6.974858499e-14,1.912342147e-14,5.889571549e-14,1.354494618e-13,4.877614069e-14,9.799417809e-14,1.167807663e-13,1.913307315e-13,2.871885425e-13,7.92221404e-14,1.243332583e-13,6.763627957e-14
156.46875,2.87730894e-13,2.821631179e-13,5.153703747e-13,1.496082483e-13,7.666439433e-14,2.365542537e-13,5.70384723e-14,6.486280038e-14,1.929364894e-14,9.963786374e-14,3.11807748e-13,4.340556822e-14,6.4713563e-14,1.441837914e-13,4.18247636e-13,4.667117171e-13,4.306565919e-13,1.758288742e-13,1.773303954e-13,4.99984619e-13,6.892299874e-14,1.883131046e-14,5.922896259e-14,1.35318383e-13,4.850564336e-14,9.746446916e-14,1.152079698e-13,1.887624063e-13,2.808036681e-13,7.848819817e-14,1.213182055e-13,6.761472949e-14
156.4765625,2.844963178e-13,2.774012273e-13,5.076159052e-13,1.484969658e-13,7.600181227e-14,2.368158346e-13,5.72842491e-14,6.493608574e-14,1.900163477e-14,9.845619786e-14,3.110020967e-13,4.325626798e-14,6.523537198e-14,1.427132968e-13,4.193035949e-13,4.673679791e-13,4.318035915e-13,1.759578675e-13,1.766264671e-13,4.9964528e-13,6.810205821e-14,1.854663602e-14,5.956101002e-14,1.351635894e-13,4.828089201e-14,9.691044419e-14,1.1362989e-13,1.862199002e-13,2.747824359e-13,7.776550306e-14,1.18412299e-13,6.759566289e-14
156.484375,2.813092195e-13,2.72494851e-13,4.998579796e-13,1.473279444e-13,7.534814706e-14,2.371267433e-13,5.75506974e-14,6.50243593e-14,1.871359189e-14,9.734247291e-14,3.102418422e-13,4.306953195e-14,6.577100791e-14,1.413461442e-13,4.203944712e-13,4.679900808e-13,4.329698881e-13,1.75994618e-13,1.759560456e-13,4.995402887e-13,6.728122917e-14,1.826751576e-14,5.989741945e-14,1.349994522e-13,4.806020706e-14,9.631262195e-14,1.119356518e-13,1.837470441e-13,2.688514982e-13,7.70472076e-14,1.154502639e-13,6.757228537e-14
156.4921875,2.783476922e-13,2.67652736e-13,4.92184669e-13,1.462355604e-13,7.467322408e-14,2.374415565e-13,5.776653724e-14,6.511723629e-14,1.841106675e-14,9.624635831e-14,3.094302854e-13,4.282758388e-14,6.628311137e-14,1.399083723e-13,4.214097669e-13,4.685541556e-13,4.341012014e-13,1.758477667e-13,1.752202105e-13,4.998298757e-13,6.645329986e-14,1.79721887e-14,6.019941487e-14,1.348918113e-13,4.778537619e-14,9.571293563e-14,1.101918645e-13,1.813569253e-13,2.628161145e-13,7.636372163e-14,1.124765591e-13,6.75476652e-14
156.5,2.753829535e-13,2.630512337e-13,4.847452103e-13,1.452487769e-13,7.395170755e-14,2.377396877e-13,5.794984377e-14,6.521634162e-14,1.812885448e-14,9.51753449e-14,3.086310557e-13,4.262537817e-14,6.684548062e-14,1.384737558e-13,4.223485414e-13,4.689907296e-13,4.351429472e-13,1.757034956e-13,1.744674002e-13,4.999405472e-13,6.564325567e-14,1.767133327e-14,6.044928501e-14,1.347988481e-13,4.750678066e-14,9.511665443e-14,1.085426156e-13,1.789799511e-13,2.569674893e-13,7.574032614e-14,1.096570813e-13,6.748263151e-14
156.5078125,2.722414272e-13,2.585695322e-13,4.775249545e-13,1.443614309e-13,7.327639208e-14,2.381197709e-13,5.818065239e-14,6.535485988e-14,1.788679207e-14,9.410393402e-14,3.079441729e-13,4.247496924e-14,6.749964985e-14,1.371898741e-13,4.233608769e-13,4.69354445e-13,4.361277934e-13,1.756948487e-13,1.737661985e-13,4.997558494e-13,6.485579884e-14,1.738853362e-14,6.067647046e-14,1.347139304e-13,4.728346502e-14,9.449975092e-14,1.07007731e-13,1.766072414e-13,2.515575279e-13,7.514904757e-14,1.070121108e-13,6.737306174e-14
156.515625,2.692859332e-13,2.541604363e-13,4.704094458e-13,1.436284427e-13,7.270983699e-14,2.386990355e-13,5.844441362e-14,6.550201128e-14,1.764082937e-14,9.297812671e-14,3.07335379e-13,4.229522896e-14,6.820542536e-14,1.36006248e-13,4.246375094e-13,4.699131272e-13,4.371537409e-13,1.758266398e-13,1.731292444e-13,4.998331291e-13,6.405071482e-14,1.7112678e-14,6.089479739e-14,1.346879724e-13,4.708665272e-14,9.387198656e-14,1.054845742e-13,1.744369901e-13,2.463872011e-13,7.456915355e-14,1.044598233e-13,6.725347521e-14
156.5234375,2.667179086e-13,2.498974109e-13,4.633818083e-13,1.429834319e-13,7.218030486e-14,2.393894947e-13,5.868742406e-14,6.560514741e-14,1.738347718e-14,9.187619317e-14,3.067513863e-13,4.209744913e-14,6.894209527e-14,1.348755915e-13,4.261541363e-13,4.707512334e-13,4.382847291e-13,1.760910883e-13,1.725767106e-13,5.001296482e-13,6.323172058e-14,1.684169155e-14,6.109664493e-14,1.347019305e-13,4.688744377e-14,9.323624222e-14,1.039477127e-13,1.725189361e-13,2.413559255e-13,7.401848354e-14,1.019550193e-13,6.712375547e-14
156.53125,2.642155507e-13,2.457035264e-13,4.565247671e-13,1.423368021e-13,7.15837019e-14,2.400353655e-13,5.891935517e-14,6.56916357e-14,1.715153308e-14,9.087052717e-14,3.061965073e-13,4.193747816e-14,6.97070052e-14,1.338068592e-13,4.2762326e-13,4.715325376e-13,4.393903428e-13,1.764071621e-13,1.720409472e-13,5.000975351e-13,6.24501077e-14,1.658918991e-14,6.128678843e-14,1.347127147e-13,4.669367418e-14,9.256170367e-14,1.024778336e-13,1.705700595e-13,2.36669142e-13,7.34901684e-14,9.956153911e-14,6.697320922e-14
156.5390625,2.615629302e-13,2.414430278e-13,4.499660124e-13,1.417873487e-13,7.096681954e-14,2.407165637e-13,5.915949389e-14,6.577832054e-14,1.692519679e-14,8.991648787e-14,3.05713276e-13,4.18185448e-14,7.051394925e-14,1.327545567e-13,4.289216635e-13,4.720551174e-13,4.402884126e-13,1.766984573e-13,1.714570413e-13,4.997684666e-13,6.172206476e-14,1.634111731e-14,6.144495685e-14,1.34689017e-13,4.649846618e-14,9.185189562e-14,1.011268509e-13,1.685769312e-13,2.323395276e-13,7.297390791e-14,9.738613966e-14,6.679800719e-14
156.546875,2.58879308e-13,2.371987056e-13,4.437112655e-13,1.414461395e-13,7.042654561e-14,2.415675826e-13,5.941303281e-14,6.583570633e-14,1.668829533e-14,8.901126377e-14,3.053676088e-13,4.174193481e-14,7.138724089e-14,1.317764751e-13,4.302918694e-13,4.726061756e-13,4.410871471e-13,1.770075124e-13,1.708914479e-13,4.994677777e-13,6.103046138e-14,1.609567068e-14,6.154711942e-14,1.346162201e-13,4.630304585e-14,9.114155504e-14,9.986320269e-14,1.668551688e-13,2.28258029e-13,7.249194049e-14,9.538778108e-14,6.658550259e-14
156.5546875,2.563093729e-13,2.33185463e-13,4.376212315e-13,1.412388105e-13,6.984973343e-14,2.425023469e-13,5.969388076e-14,6.58836651e-14,1.648390743e-14,8.815154346e-14,3.051637345e-13,4.170005659e-14,7.229019407e-14,1.309731927e-13,4.319391873e-13,4.734362136e-13,4.420585417e-13,1.773979469e-13,1.703618483e-13,4.992192894e-13,6.034592307e-14,1.587041613e-14,6.163135177e-14,1.345853643e-13,4.613480954e-14,9.043169868e-14,9.863848734e-14,1.653503821e-13,2.245230651e-13,7.202979158e-14,9.343828987e-14,6.634948525e-14
156.5625,2.539198427e-13,2.293605974e-13,4.317549906e-13,1.410389738e-13,6.915991881e-14,2.434479748e-13,5.999552661e-14,6.594922654e-14,1.631430335e-14,8.727197244e-14,3.050293575e-13,4.167428047e-14,7.320663808e-14,1.302617832e-13,4.338145399e-13,4.744762248e-13,4.432436844e-13,1.77875292e-13,1.698471083e-13,4.99055622e-13,5.964168324e-14,1.565424796e-14,6.173383227e-14,1.346921038e-13,4.60068045e-14,8.97277249e-14,9.748743526e-14,1.638235597e-13,2.211949766e-13,7.1559934e-14,9.156538554e-14,6.612079164e-14
156.5703125,2.517048712e-13,2.254867903e-13,4.262887046e-13,1.408859054e-13,6.859760605e-14,2.445236172e-13,6.029835799e-14,6.601676613e-14,1.614990637e-14,8.641636377e-14,3.049359932e-13,4.168116543e-14,7.421153284e-14,1.295778161e-13,4.358111685e-13,4.756143205e-13,4.444411724e-13,1.783585893e-13,1.69425501e-13,4.990009832e-13,5.895723174e-14,1.544973764e-14,6.183951216e-14,1.348736938e-13,4.59094112e-14,8.905923254e-14,9.646184233e-14,1.624032796e-13,2.181823628e-13,7.112089726e-14,8.985262027e-14,6.590369076e-14
156.578125,2.496017214e-13,2.215851903e-13,4.21071854e-13,1.409301434e-13,6.827384033e-14,2.457713956e-13,6.06037331e-14,6.609394204e-14,1.599524786e-14,8.567441112e-14,3.04960294e-13,4.170602844e-14,7.530446816e-14,1.289819908e-13,4.378278285e-13,4.767017504e-13,4.454443451e-13,1.787111579e-13,1.690987177e-13,4.988377024e-13,5.836801556e-14,1.527666615e-14,6.19341493e-14,1.350398251e-13,4.581201311e-14,8.838014069e-14,9.548250172e-14,1.612439585e-13,2.154499105e-13,7.073714816e-14,8.823351755e-14,6.567315649e-14
156.5859375,2.47589093e-13,2.178046704e-13,4.158508019e-13,1.411422169e-13,6.795748333e-14,2.470737048e-13,6.092718465e-14,6.618421886e-14,1.583298261e-14,8.500431532e-14,3.051650465e-13,4.169569243e-14,7.640695107e-14,1.28444048e-13,4.397610515e-13,4.77570923e-13,4.46216779e-13,1.789507668e-13,1.687760128e-13,4.98465287e-13,5.786450181e-14,1.510309525e-14,6.199556551e-14,1.351905345e-13,4.568221611e-14,8.758712991e-14,9.446025945e-14,1.602695649e-13,2.130217112e-13,7.036500768e-14,8.665427507e-14,6.53672341e-14
156.59375,2.456834414e-13,2.141028013e-13,4.107560905e-13,1.413628897e-13,6.758620266e-14,2.484165366e-13,6.128663204e-14,6.62535595e-14,1.564620199e-14,8.435026626e-14,3.054635157e-13,4.168278094e-14,7.756531521e-14,1.279513897e-13,4.416697991e-13,4.783493944e-13,4.46937619e-13,1.792758977e-13,1.684685461e-13,4.980050966e-13,5.737734499e-14,1.490414167e-14,6.200108776e-14,1.35336595e-13,4.555093428e-14,8.66967754e-14,9.348127497e-14,1.59423487e-13,2.110112268e-13,6.99859552e-14,8.521260052e-14,6.495896389e-14
156.6015625,2.438998173e-13,2.104905761e-13,4.061186026e-13,1.416480688e-13,6.730093155e-14,2.498984165e-13,6.168317333e-14,6.630825557e-14,1.548202121e-14,8.373126267e-14,3.05781287e-13,4.173118484e-14,7.885000589e-14,1.275953708e-13,4.437301974e-13,4.792644883e-13,4.477264177e-13,1.797345513e-13,1.681739166e-13,4.97559055e-13,5.690520687e-14,1.471561571e-14,6.199095335e-14,1.354902799e-13,4.547743283e-14,8.585130767e-14,9.264563963e-14,1.586564908e-13,2.095496399e-13,6.962533486e-14,8.393168777e-14,6.455232531e-14
156.609375,2.422758994e-13,2.070430421e-13,4.018939375e-13,1.420858848e-13,6.70206783e-14,2.514777233e-13,6.209818114e-14,6.637458543e-14,1.535729383e-14,8.314636773e-14,3.06200396e-13,4.17963894e-14,8.015233011e-14,1.273026238e-13,4.458960346e-13,4.801865463e-13,4.484018648e-13,1.801331147e-13,1.678046206e-13,4.972198391e-13,5.649504496e-14,1.454268642e-14,6.199390379e-14,1.356669966e-13,4.543774221e-14,8.509871326e-14,9.187596548e-14,1.578876834e-13,2.084896214e-13,6.928115958e-14,8.267082403e-14,6.423122921e-14
156.6171875,2.408471389e-13,2.036208114e-13,3.976843347e-13,1.425287884e-13,6.663461542e-14,2.530420106e-13,6.252928206e-14,6.643469587e-14,1.522739581e-14,8.256136126e-14,3.067037641e-13,4.183679081e-14,8.137803807e-14,1.269744177e-13,4.479957653e-13,4.809710547e-13,4.488912488e-13,1.804059959e-13,1.674049071e-13,4.9696558e-13,5.613528089e-14,1.435483048e-14,6.195065037e-14,1.358367422e-13,4.537419028e-14,8.43345487e-14,9.108829017e-14,1.571399705e-13,2.076502153e-13,6.892769304e-14,8.141459696e-14,6.390928715e-14
156.625,2.395786474e-13,2.001158066e-13,3.935596403e-13,1.430035498e-13,6.63099822e-14,2.546647815e-13,6.297988798e-14,6.648325545e-14,1.508878242e-14,8.197338455e-14,3.072256332e-13,4.193742994e-14,8.266482975e-14,1.267733341e-13,4.501903405e-13,4.818929327e-13,4.495241452e-13,1.80745523e-13,1.671302573e-13,4.966797047e-13,5.579532096e-14,1.416836327e-14,6.182986599e-14,1.35984635e-13,4.531377295e-14,8.352243873e-14,9.0377438e-14,1.565487558e-13,2.071871456e-13,6.857452319e-14,8.033972508e-14,6.3517035e-14
156.6328125,2.383589597e-13,1.966497385e-13,3.900162555e-13,1.437752446e-13,6.619719766e-14,2.56441082e-13,6.342854386e-14,6.653149971e-14,1.49750499e-14,8.142916556e-14,3.07944473e-13,4.215789923e-14,8.416471627e-14,1.267873285e-13,4.526529679e-13,4.830593413e-13,4.504000052e-13,1.812352959e-13,1.669938163e-13,4.964103511e-13,5.550486646e-14,1.401277148e-14,6.169200159e-14,1.361457339e-13,4.530521224e-14,8.275066662e-14,8.984498473e-14,1.56260471e-13,2.072027561e-13,6.825485576e-14,7.948258512e-14,6.311752629e-14
156.640625,2.371577846e-13,1.933426997e-13,3.868311828e-13,1.447563989e-13,6.619868532e-14,2.582695133e-13,6.386577175e-14,6.655537636e-14,1.488897351e-14,8.095240939e-14,3.08854132e-13,4.240376033e-14,8.579756593e-14,1.268319018e-13,4.550446062e-13,4.840404338e-13,4.511323576e-13,1.817415404e-13,1.668446611e-13,4.961099961e-13,5.526166233e-14,1.387622913e-14,6.1578344e-14,1.363328713e-13,4.532493982e-14,8.200753334e-14,8.940554804e-14,1.561874416e-13,2.075346865e-13,6.794974463e-14,7.867892621e-14,6.272824093e-14
156.6484375,2.361884609e-13,1.902428088e-13,3.834296992e-13,1.456599762e-13,6.617996231e-14,2.601116358e-13,6.431453453e-14,6.655397984e-14,1.48103388e-14,8.04915748e-14,3.096109771e-13,4.256661817e-14,8.741042786e-14,1.268431793e-13,4.57146032e-13,4.846818553e-13,4.516124095e-13,1.822260973e-13,1.665804577e-13,4.955585279e-13,5.499554486e-14,1.373980165e-14,6.145533145e-14,1.365346086e-13,4.534379151e-14,8.117920409e-14,8.892620673e-14,1.560514312e-13,2.081368328e-13,6.761481385e-14,7.786180212e-14,6.230507193e-14
156.65625,2.356145244e-13,1.873038532e-13,3.801255622e-13,1.465787773e-13,6.613369552e-14,2.620567503e-13,6.47814348e-14,6.656221342e-14,1.473247431e-14,8.002225884e-14,3.103086685e-13,4.268430082e-14,8.900844023e-14,1.269530679e-13,4.59267979e-13,4.853151054e-13,4.520857462e-13,1.827415636e-13,1.662574242e-13,4.948605319e-13,5.473114532e-14,1.360584515e-14,6.128045904e-14,1.367469187e-13,4.53734525e-14,8.027200941e-14,8.841720607e-14,1.558773386e-13,2.090838863e-13,6.727887665e-14,7.71162842e-14,6.18753073e-14
156.6640625,2.352195223e-13,1.844084297e-13,3.773383005e-13,1.477197175e-13,6.6135472e-14,2.640308963e-13,6.523773124e-14,6.656974985e-14,1.467681831e-14,7.9587928e-14,3.113026398e-13,4.288037956e-14,9.06789834e-14,1.271814884e-13,4.614541687e-13,4.85937806e-13,4.524935015e-13,1.832299538e-13,1.659564747e-13,4.942082803e-13,5.456024654e-14,1.348275816e-14,6.106287515e-14,1.369618451e-13,4.540865328e-14,7.937493738e-14,8.799717389e-14,1.558819959e-13,2.103833535e-13,6.698913354e-14,7.650185103e-14,6.146486412e-14
156.671875,2.348032709e-13,1.816069848e-13,3.747073529e-13,1.490177688e-13,6.624481306e-14,2.659528482e-13,6.567075882e-14,6.656440467e-14,1.465729901e-14,7.919559968e-14,3.123573794e-13,4.317350265e-14,9.242998883e-14,1.27444591e-13,4.634630458e-13,4.863776651e-13,4.527172532e-13,1.836677207e-13,1.656665016e-13,4.935151798e-13,5.44400721e-14,1.336833547e-14,6.085280458e-14,1.371862743e-13,4.544348263e-14,7.85060311e-14,8.774839485e-14,1.559660922e-13,2.120223475e-13,6.671421823e-14,7.600284289e-14,6.104617568e-14
156.6796875,2.345069088e-13,1.789945161e-13,3.71995308e-13,1.503644698e-13,6.641201758e-14,2.679229747e-13,6.611559931e-14,6.659228411e-14,1.465092552e-14,7.883056667e-14,3.131803801e-13,4.343726998e-14,9.420404119e-14,1.277062118e-13,4.654645565e-13,4.868919693e-13,4.529447913e-13,1.841159317e-13,1.653452738e-13,4.928557394e-13,5.429682974e-14,1.325723952e-14,6.067547057e-14,1.3744279e-13,4.551334911e-14,7.764729311e-14,8.759786034e-14,1.559812779e-13,2.139139046e-13,6.640880911e-14,7.557474546e-14,6.064286635e-14
156.6875,2.343957799e-13,1.76484091e-13,3.693809821e-13,1.518109706e-13,6.654393221e-14,2.69960309e-13,6.659774533e-14,6.666191593e-14,1.464602583e-14,7.851104217e-14,3.140382036e-13,4.361913773e-14,9.598442215e-14,1.279569647e-13,4.676450267e-13,4.876104053e-13,4.531978925e-13,1.845503735e-13,1.649776439e-13,4.923360507e-13,5.419041075e-14,1.31582867e-14,6.050470273e-14,1.377130552e-13,4.562803922e-14,7.679155798e-14,8.741295144e-14,1.560502154e-13,2.160026903e-13,6.608145622e-14,7.521485644e-14,6.028491806e-14
156.6953125,2.343769646e-13,1.740799966e-13,3.669400748e-13,1.534926147e-13,6.667249358e-14,2.720569078e-13,6.708729156e-14,6.671466035e-14,1.465910936e-14,7.822888441e-14,3.150368651e-13,4.384688148e-14,9.783208797e-14,1.282351792e-13,4.698755309e-13,4.88304093e-13,4.533550341e-13,1.849789345e-13,1.645978836e-13,4.917140904e-13,5.414507945e-14,1.308081008e-14,6.032025489e-14,1.379571578e-13,4.57542571e-14,7.595134748e-14,8.724852442e-14,1.562666508e-13,2.184470838e-13,6.576887036e-14,7.497216914e-14,5.992629039e-14
156.703125,2.345687543e-13,1.718995225e-13,3.647300433e-13,1.554197638e-13,6.687798657e-14,2.742933368e-13,6.756157262e-14,6.673661321e-14,1.469355772e-14,7.794132584e-14,3.159021624e-13,4.418777907e-14,9.977238531e-14,1.2865115e-13,4.721841215e-13,4.890161126e-13,4.53560807e-13,1.854930566e-13,1.642563976e-13,4.909844498e-13,5.409062233e-14,1.301646729e-14,6.013274262e-14,1.382078663e-13,4.589194731e-14,7.516910767e-14,8.723403424e-14,1.565603602e-13,2.213197699e-13,6.549864327e-14,7.483856157e-14,5.955544797e-14
156.7109375,2.35050028e-13,1.698774969e-13,3.626810814e-13,1.573793431e-13,6.71326248e-14,2.765326107e-13,6.804457183e-14,6.676153627e-14,1.475004161e-14,7.762362581e-14,3.166852812e-13,4.454833503e-14,1.017299709e-13,1.29248539e-13,4.745583098e-13,4.898305962e-13,4.538255866e-13,1.860384809e-13,1.638975596e-13,4.903732108e-13,5.405732532e-14,1.295810594e-14,5.993551726e-14,1.38519018e-13,4.605546036e-14,7.442748368e-14,8.731402852e-14,1.568299507e-13,2.244965015e-13,6.524173071e-14,7.478441171e-14,5.921776273e-14
156.71875,2.355800805e-13,1.679584138e-13,3.606346674e-13,1.593016582e-13,6.742458042e-14,2.786456856e-13,6.854853827e-14,6.678689859e-14,1.482944357e-14,7.729103621e-14,3.177056688e-13,4.489797668e-14,1.03703358e-13,1.299210565e-13,4.76735078e-13,4.904929219e-13,4.53878327e-13,1.865059873e-13,1.634335278e-13,4.89678742e-13,5.411816038e-14,1.290825321e-14,5.970612554e-14,1.388160289e-13,4.623031155e-14,7.364041041e-14,8.742424175e-14,1.57035101e-13,2.280008474e-13,6.49376961e-14,7.483477845e-14,5.889336195e-14
156.7265625,2.36109371e-13,1.662374464e-13,3.587823123e-13,1.614047553e-13,6.779993776e-14,2.808597877e-13,6.905983832e-14,6.680001587e-14,1.491720564e-14,7.69754472e-14,3.189601528e-13,4.528946771e-14,1.057900555e-13,1.30559757e-13,4.787724076e-13,4.909790608e-13,4.537634989e-13,1.869384681e-13,1.629169865e-13,4.887687097e-13,5.423052115e-14,1.286494428e-14,5.9456432e-14,1.390252387e-13,4.642416614e-14,7.279063011e-14,8.763646415e-14,1.57244962e-13,2.319414547e-13,6.458434431e-14,7.493315879e-14,5.853924171e-14
156.734375,2.36933487e-13,1.646119032e-13,3.571276491e-13,1.636947795e-13,6.816322193e-14,2.832081521e-13,6.957857815e-14,6.681775571e-14,1.502290497e-14,7.665206225e-14,3.201693797e-13,4.569463369e-14,1.079299695e-13,1.311914181e-13,4.808770218e-13,4.914926788e-13,4.537019728e-13,1.873627311e-13,1.623994873e-13,4.879057952e-13,5.435202572e-14,1.282470608e-14,5.921469322e-14,1.392735074e-13,4.665620223e-14,7.191894496e-14,8.795876401e-14,1.574777516e-13,2.362447968e-13,6.421136078e-14,7.498818743e-14,5.818533974e-14
156.7421875,2.380338944e-13,1.628838799e-13,3.553355112e-13,1.659795134e-13,6.839276209e-14,2.854356864e-13,7.010833579e-14,6.684158355e-14,1.51633305e-14,7.630278851e-14,3.212124771e-13,4.609285395e-14,1.099921563e-13,1.318898811e-13,4.828616555e-13,4.918736234e-13,4.535269538e-13,1.877056462e-13,1.618124226e-13,4.870183746e-13,5.45133263e-14,1.278759813e-14,5.898624913e-14,1.396439599e-13,4.689605959e-14,7.104338811e-14,8.834398694e-14,1.57702524e-13,2.408009999e-13,6.383733383e-14,7.508928452e-14,5.786409448e-14
156.75,2.390874874e-13,1.612239798e-13,3.537241805e-13,1.683505084e-13,6.862163935e-14,2.87681463e-13,7.063775066e-14,6.685768188e-14,1.530109154e-14,7.602990939e-14,3.222433413e-13,4.656038452e-14,1.12078813e-13,1.326686795e-13,4.846635955e-13,4.919925397e-13,4.530578074e-13,1.880040447e-13,1.611674899e-13,4.859197746e-13,5.471969641e-14,1.275383227e-14,5.876738451e-14,1.399724473e-13,4.711912606e-14,7.01912137e-14,8.881404294e-14,1.580848108e-13,2.456582445e-13,6.350239501e-14,7.533385886e-14,5.754997134e-14
156.7578125,2.402395771e-13,1.599000799e-13,3.527341593e-13,1.709583863e-13,6.904371954e-14,2.902216161e-13,7.116093528e-14,6.687310005e-14,1.54008338e-14,7.587975189e-14,3.2341389e-13,4.71127108e-14,1.143270495e-13,1.335362128e-13,4.866414833e-13,4.921988564e-13,4.526062191e-13,1.884275281e-13,1.606021321e-13,4.848514142e-13,5.495992411e-14,1.272643836e-14,5.854606025e-14,1.401626011e-13,4.736122202e-14,6.936984723e-14,8.93794627e-14,1.587483335e-13,2.50930333e-13,6.321063876e-14,7.562592116e-14,5.721592649e-14
156.765625,2.4191697e-13,1.587652118e-13,3.518919547e-13,1.737486359e-13,6.961518712e-14,2.929131426e-13,7.16838952e-14,6.688508882e-14,1.549251124e-14,7.57228961e-14,3.246893724e-13,4.767462447e-14,1.166598262e-13,1.34495051e-13,4.888862161e-13,4.926812576e-13,4.524784496e-13,1.890285132e-13,1.601716395e-13,4.838528661e-13,5.524640152e-14,1.271161037e-14,5.830269454e-14,1.403240121e-13,4.765430986e-14,6.852843448e-14,9.004412348e-14,1.594935011e-13,2.565750198e-13,6.289827459e-14,7.590452326e-14,5.688141766e-14
156.7734375,2.439596591e-13,1.5762607e-13,3.50863702e-13,1.767301868e-13,7.019427688e-14,2.955933458e-13,7.220442141e-14,6.688293411e-14,1.562063019e-14,7.550459459e-14,3.260209739e-13,4.824004486e-14,1.190268545e-13,1.354728755e-13,4.910481163e-13,4.931113822e-13,4.523989792e-13,1.89627115e-13,1.597797569e-13,4.826992959e-13,5.558739092e-14,1.271598987e-14,5.805107498e-14,1.405289649e-13,4.798186267e-14,6.764610129e-14,9.082499737e-14,1.601617424e-13,2.624590722e-13,6.254774011e-14,7.627320678e-14,5.659064283e-14
156.78125,2.459275822e-13,1.566571343e-13,3.500617262e-13,1.798631412e-13,7.075576628e-14,2.983183177e-13,7.271269754e-14,6.689632902e-14,1.578474548e-14,7.532794972e-14,3.274218636e-13,4.88558416e-14,1.214904507e-13,1.36435481e-13,4.929199341e-13,4.932609652e-13,4.519912146e-13,1.900672518e-13,1.593064914e-13,4.815364925e-13,5.599248164e-14,1.274049e-14,5.781575025e-14,1.407774263e-13,4.831960793e-14,6.675421831e-14,9.166518173e-14,1.608395e-13,2.686675627e-13,6.219310498e-14,7.678513873e-14,5.634571349e-14
156.7890625,2.47919788e-13,1.558878415e-13,3.495606019e-13,1.829422939e-13,7.134818072e-14,3.011070259e-13,7.322495239e-14,6.694562396e-14,1.594556485e-14,7.523625759e-14,3.288135779e-13,4.949839985e-14,1.24020794e-13,1.374884121e-13,4.946829737e-13,4.93331845e-13,4.514677824e-13,1.904658644e-13,1.587526502e-13,4.80437087e-13,5.644848337e-14,1.277557298e-14,5.758918556e-14,1.410367278e-13,4.868007482e-14,6.587915269e-14,9.254497081e-14,1.615821458e-13,2.753266516e-13,6.183061295e-14,7.73576569e-14,5.610233519e-14
156.796875,2.502004609e-13,1.550678583e-13,3.491083628e-13,1.860786439e-13,7.198384885e-14,3.040139136e-13,7.378267812e-14,6.699865282e-14,1.609525194e-14,7.517167033e-14,3.301291453e-13,5.014611132e-14,1.265906204e-13,1.387096063e-13,4.966463775e-13,4.936000747e-13,4.512550933e-13,1.9098263e-13,1.582074027e-13,4.792244155e-13,5.691568413e-14,1.281952548e-14,5.738846513e-14,1.412352918e-13,4.909935934e-14,6.504945215e-14,9.3576333e-14,1.623379088e-13,2.823289102e-13,6.144362553e-14,7.795758041e-14,5.586418278e-14
156.8046875,2.526533886e-13,1.54327898e-13,3.488106262e-13,1.895439628e-13,7.264469526e-14,3.071047502e-13,7.438381247e-14,6.705055484e-14,1.6280877e-14,7.507785072e-14,3.314668663e-13,5.085726535e-14,1.292637311e-13,1.400230869e-13,4.988923267e-13,4.941166631e-13,4.51288886e-13,1.915230326e-13,1.576901067e-13,4.781917233e-13,5.741726429e-14,1.288371255e-14,5.725555876e-14,1.414241098e-13,4.957308215e-14,6.428026852e-14,9.480758398e-14,1.630564627e-13,2.896358264e-13,6.102730682e-14,7.867127415e-14,5.568441254e-14
156.8125,2.55148567e-13,1.539375668e-13,3.487026701e-13,1.931314009e-13,7.335788748e-14,3.102285054e-13,7.495865678e-14,6.711823857e-14,1.65068611e-14,7.493054507e-14,3.32852661e-13,5.163360756e-14,1.319839009e-13,1.413323038e-13,5.011423808e-13,4.946278135e-13,4.511876943e-13,1.919255662e-13,1.571593728e-13,4.775268593e-13,5.800044945e-14,1.296400822e-14,5.717107059e-14,1.416924725e-13,5.004802752e-14,6.353907906e-14,9.613139579e-14,1.637326439e-13,2.972345801e-13,6.05786023e-14,7.950345524e-14,5.556224808e-14
156.8203125,2.577204558e-13,1.536831257e-13,3.486187388e-13,1.965787108e-13,7.414503248e-14,3.132205996e-13,7.545671856e-14,6.715270378e-14,1.67241477e-14,7.475032473e-14,3.341642292e-13,5.240536268e-14,1.346451241e-13,1.426386717e-13,5.030856759e-13,4.947906283e-13,4.507992193e-13,1.922332973e-13,1.566029835e-13,4.766450121e-13,5.86274232e-14,1.304175797e-14,5.709057032e-14,1.419334094e-13,5.05051052e-14,6.280133444e-14,9.749325022e-14,1.644312528e-13,3.049363471e-13,6.01319687e-14,8.034594551e-14,5.545875544e-14
156.828125,2.603672058e-13,1.534008373e-13,3.486598449e-13,2.001120215e-13,7.493881525e-14,3.161365234e-13,7.591274456e-14,6.712649465e-14,1.694208956e-14,7.457346781e-14,3.354337891e-13,5.321656828e-14,1.37334876e-13,1.439990821e-13,5.048029731e-13,4.947004083e-13,4.503007484e-13,1.925850771e-13,1.56011366e-13,4.753774654e-13,5.924551885e-14,1.311709432e-14,5.699728913e-14,1.420825591e-13,5.098068149e-14,6.208955618e-14,9.902521597e-14,1.6518542e-13,3.129311019e-13,5.971021768e-14,8.122057848e-14,5.537203602e-14
156.8359375,2.631752508e-13,1.533055696e-13,3.488472775e-13,2.038766414e-13,7.572417501e-14,3.190699838e-13,7.638345451e-14,6.711564015e-14,1.719921991e-14,7.439249097e-14,3.367506026e-13,5.414417682e-14,1.401424184e-13,1.4546914e-13,5.065547661e-13,4.94717739e-13,4.498725876e-13,1.929870936e-13,1.553796041e-13,4.742150583e-13,5.986145569e-14,1.320926193e-14,5.685842914e-14,1.422586194e-13,5.149008384e-14,6.141851291e-14,1.007860575e-13,1.659066455e-13,3.215932278e-13,5.925842343e-14,8.221575766e-14,5.530927997e-14
156.84375,2.662447187e-13,1.534303383e-13,3.488964157e-13,2.076700096e-13,7.659747922e-14,3.219930522e-13,7.685950726e-14,6.71508308e-14,1.747688148e-14,7.417706922e-14,3.379915222e-13,5.510954123e-14,1.429760536e-13,1.470653431e-13,5.082834545e-13,4.947055134e-13,4.493753425e-13,1.93330081e-13,1.547377268e-13,4.730033402e-13,6.051630887e-14,1.332958698e-14,5.668128883e-14,1.424502018e-13,5.201170437e-14,6.076613873e-14,1.025533595e-13,1.665611461e-13,3.305815433e-13,5.874505825e-14,8.325754469e-14,5.526934617e-14
156.8515625,2.694735922e-13,1.536367685e-13,3.488731146e-13,2.114925569e-13,7.758262331e-14,3.248840328e-13,7.730150464e-14,6.716775846e-14,1.775768364e-14,7.393335355e-14,3.391576435e-13,5.604985929e-14,1.458227554e-13,1.487388682e-13,5.09822406e-13,4.943547067e-13,4.486401922e-13,1.935907231e-13,1.541282519e-13,4.71416064e-13,6.127015545e-14,1.347363425e-14,5.655768837e-14,1.425770074e-13,5.25459037e-14,6.011644423e-14,1.042347419e-13,1.672725887e-13,3.395360715e-13,5.821717556e-14,8.428595093e-14,5.526770562e-14
156.859375,2.727944097e-13,1.539203737e-13,3.49146775e-13,2.155313604e-13,7.865289554e-14,3.2786526e-13,7.772652861e-14,6.716132143e-14,1.805932658e-14,7.370458636e-14,3.404996374e-13,5.704694783e-14,1.488211806e-13,1.504574206e-13,5.113297438e-13,4.939072939e-13,4.479097445e-13,1.938675784e-13,1.535866753e-13,4.698813869e-13,6.211494867e-14,1.3637054e-14,5.651362503e-14,1.427214711e-13,5.311750519e-14,5.948058764e-14,1.061049717e-13,1.680668415e-13,3.488660211e-13,5.76962706e-14,8.539586467e-14,5.529894856e-14
156.8671875,2.762142295e-13,1.543160767e-13,3.496670164e-13,2.197418987e-13,7.982565996e-14,3.309760934e-13,7.817193361e-14,6.717575031e-14,1.837706623e-14,7.350272519e-14,3.419795703e-13,5.812349382e-14,1.519470284e-13,1.522491827e-13,5.129726757e-13,4.93599668e-13,4.473777468e-13,1.941892103e-13,1.530743959e-13,4.685201683e-13,6.296401483e-14,1.38169756e-14,5.647752665e-14,1.428905512e-13,5.372641828e-14,5.887367072e-14,1.082464573e-13,1.687873356e-13,3.58762858e-13,5.717149001e-14,8.662797876e-14,5.533949304e-14
156.875,2.797104324e-13,1.549499632e-13,3.501690259e-13,2.23991936e-13,8.10391672e-14,3.339749086e-13,7.861897069e-14,6.719385926e-14,1.868819602e-14,7.327360649e-14,3.433457823e-13,5.921086466e-14,1.550130368e-13,1.540858113e-13,5.14648237e-13,4.932579536e-13,4.468068513e-13,1.944897367e-13,1.525118084e-13,4.669135439e-13,6.382903467e-14,1.3996833e-14,5.643918297e-14,1.429815748e-13,5.435451276e-14,5.830933748e-14,1.104208329e-13,1.694404039e-13,3.689122247e-13,5.665781493e-14,8.793042851e-14,5.541952792e-14
156.8828125,2.835023537e-13,1.558956981e-13,3.506957178e-13,2.283039151e-13,8.224246937e-14,3.367951725e-13,7.904216995e-14,6.720030018e-14,1.899696616e-14,7.297464259e-14,3.446760582e-13,6.032490295e-14,1.580369234e-13,1.559467043e-13,5.163392247e-13,4.929158406e-13,4.46170487e-13,1.948259561e-13,1.519516967e-13,4.652379655e-13,6.476533898e-14,1.417100568e-14,5.644588569e-14,1.430732226e-13,5.501709153e-14,5.778720194e-14,1.12619371e-13,1.702055066e-13,3.793828978e-13,5.613332327e-14,8.928430931e-14,5.557861326e-14
156.890625,2.877113396e-13,1.569655651e-13,3.513399231e-13,2.327777424e-13,8.352545582e-14,3.39739277e-13,7.946847966e-14,6.722109287e-14,1.933023373e-14,7.264439125e-14,3.461292014e-13,6.153196329e-14,1.612313241e-13,1.579489638e-13,5.180972119e-13,4.927155583e-13,4.457357115e-13,1.953545856e-13,1.514522671e-13,4.638078806e-13,6.567964343e-14,1.436601823e-14,5.64995897e-14,1.432483004e-13,5.574542699e-14,5.72794075e-14,1.150018415e-13,1.710323056e-13,3.904193918e-13,5.554332785e-14,9.06922666e-14,5.57871048e-14
156.8984375,2.918673952e-13,1.581418134e-13,3.520760633e-13,2.374205421e-13,8.49010807e-14,3.428151678e-13,7.99193306e-14,6.724401134e-14,1.96949522e-14,7.235864514e-14,3.476211364e-13,6.281719231e-14,1.646050511e-13,1.600876002e-13,5.197237902e-13,4.924315315e-13,4.453565782e-13,1.960497163e-13,1.508861274e-13,4.623856639e-13,6.650565257e-14,1.4587205e-14,5.65899834e-14,1.433647977e-13,5.652347811e-14,5.679374765e-14,1.175488672e-13,1.717472031e-13,4.01898371e-13,5.492389996e-14,9.217140268e-14,5.601829796e-14
156.90625,2.957705413e-13,1.595957113e-13,3.530071295e-13,2.420495634e-13,8.634904114e-14,3.457358569e-13,8.036798421e-14,6.724319165e-14,2.006965113e-14,7.214205464e-14,3.491111566e-13,6.412361833e-14,1.679728171e-13,1.621891327e-13,5.211209631e-13,4.919504377e-13,4.447809295e-13,1.96750808e-13,1.502245367e-13,4.608943993e-13,6.735860738e-14,1.480728813e-14,5.672853699e-14,1.433632625e-13,5.731462407e-14,5.6371926e-14,1.202261059e-13,1.724186534e-13,4.136247512e-13,5.435888111e-14,9.374611858e-14,5.628898703e-14
156.9140625,2.999713404e-13,1.611583355e-13,3.542561055e-13,2.46618067e-13,8.798004522e-14,3.486423103e-13,8.079607849e-14,6.722818224e-14,2.044479255e-14,7.195003216e-14,3.506355224e-13,6.545260141e-14,1.713257894e-13,1.643154022e-13,5.225754557e-13,4.914977566e-13,4.442490722e-13,1.974558441e-13,1.496744088e-13,4.594032999e-13,6.831495456e-14,1.50283709e-14,5.691172625e-14,1.43389041e-13,5.812775598e-14,5.597779756e-14,1.230345635e-13,1.732367695e-13,4.255236964e-13,5.385197831e-14,9.537333412e-14,5.658261659e-14
156.921875,3.047043541e-13,1.626297773e-13,3.557459336e-13,2.515030586e-13,8.971903464e-14,3.518112068e-13,8.122480483e-14,6.719651686e-14,2.081210338e-14,7.17570988e-14,3.521816671e-13,6.682941098e-14,1.747666665e-13,1.665957784e-13,5.242669459e-13,4.911435842e-13,4.439537151e-13,1.982156355e-13,1.493197795e-13,4.577389584e-13,6.933167878e-14,1.526427217e-14,5.712106905e-14,1.434698704e-13,5.897982313e-14,5.556168527e-14,1.259205482e-13,1.743394219e-13,4.376356127e-13,5.337116088e-14,9.696050737e-14,5.688497276e-14
156.9296875,3.09646814e-13,1.641995004e-13,3.572672478e-13,2.568322029e-13,9.134609706e-14,3.550312883e-13,8.16572054e-14,6.715533952e-14,2.115445898e-14,7.158018031e-14,3.538029649e-13,6.82156842e-14,1.782394561e-13,1.688712918e-13,5.260216173e-13,4.908224473e-13,4.437155632e-13,1.989410865e-13,1.490401622e-13,4.560972091e-13,7.036553085e-14,1.550119927e-14,5.734649895e-14,1.435148015e-13,5.985170673e-14,5.518421425e-14,1.289431795e-13,1.757057651e-13,4.501085185e-13,5.289614202e-14,9.846855885e-14,5.724586356e-14
156.9375,3.146989964e-13,1.660471267e-13,3.586294489e-13,2.620576052e-13,9.293793618e-14,3.580692943e-13,8.206124557e-14,6.715436808e-14,2.150780298e-14,7.138628469e-14,3.554478813e-13,6.957348321e-14,1.816922614e-13,1.711131502e-13,5.277124939e-13,4.905771262e-13,4.435163063e-13,1.996507284e-13,1.487482893e-13,4.548429457e-13,7.135980692e-14,1.574121737e-14,5.760451573e-14,1.435877811e-13,6.074728367e-14,5.488421781e-14,1.322070842e-13,1.770139196e-13,4.629725345e-13,5.238528601e-14,9.99471476e-14,5.767852324e-14
156.9453125,3.199196019e-13,1.680703085e-13,3.599386531e-13,2.669097431e-13,9.460898203e-14,3.611124643e-13,8.244840271e-14,6.719213951e-14,2.190605031e-14,7.113818975e-14,3.569332574e-13,7.094072856e-14,1.851994444e-13,1.735266957e-13,5.294461787e-13,4.904282751e-13,4.435043293e-13,2.005160364e-13,1.484419113e-13,4.537325603e-13,7.229888249e-14,1.600131971e-14,5.792937157e-14,1.437758978e-13,6.170466095e-14,5.460827915e-14,1.356524746e-13,1.780808464e-13,4.761928494e-13,5.184198395e-14,1.014420986e-13,5.814428434e-14
156.953125,3.252012092e-13,1.700873928e-13,3.615944415e-13,2.718989485e-13,9.628403598e-14,3.643641704e-13,8.286643622e-14,6.721167945e-14,2.229978806e-14,7.087740694e-14,3.583959115e-13,7.23660343e-14,1.887869712e-13,1.760186739e-13,5.31309099e-13,4.903363702e-13,4.435827182e-13,2.014998011e-13,1.481783002e-13,4.525004481e-13,7.329402234e-14,1.627501155e-14,5.831469668e-14,1.439594466e-13,6.271314462e-14,5.436035119e-14,1.392043365e-13,1.792172597e-13,4.897780263e-13,5.133125068e-14,1.029630841e-13,5.86610813e-14
156.9609375,3.303700732e-13,1.720909186e-13,3.63688545e-13,2.773889369e-13,9.805108889e-14,3.677220571e-13,8.329083837e-14,6.721609176e-14,2.267488844e-14,7.061511326e-14,3.601186189e-13,7.387381387e-14,1.924814891e-13,1.783556215e-13,5.331665469e-13,4.902003179e-13,4.435332041e-13,2.024211032e-13,1.479875118e-13,4.51312556e-13,7.439920225e-14,1.655495763e-14,5.872115636e-14,1.44057637e-13,6.372702861e-14,5.417663518e-14,1.428897268e-13,1.805876085e-13,5.035915906e-13,5.08520943e-14,1.045918907e-13,5.923905422e-14
156.96875,3.353762045e-13,1.742062037e-13,3.658812085e-13,2.830559272e-13,9.999137454e-14,3.709605798e-13,8.366284193e-14,6.723265878e-14,2.307038071e-14,7.032421174e-14,3.619881359e-13,7.543040398e-14,1.963294789e-13,1.805934374e-13,5.34778421e-13,4.898199264e-13,4.432861983e-13,2.032738181e-13,1.477827677e-13,4.501373594e-13,7.550868978e-14,1.683570973e-14,5.915250271e-14,1.442066905e-13,6.475186362e-14,5.40119713e-14,1.467040517e-13,1.819592298e-13,5.175723703e-13,5.035520609e-14,1.063605534e-13,5.981618019e-14
156.9765625,3.405834014e-13,1.763636017e-13,3.68009981e-13,2.884713159e-13,1.019472235e-13,3.740526647e-13,8.400581241e-14,6.72230791e-14,2.345686528e-14,7.00332845e-14,3.637827635e-13,7.693404887e-14,2.00198365e-13,1.828979055e-13,5.360823858e-13,4.89141003e-13,4.42923051e-13,2.041414126e-13,1.475505999e-13,4.487353954e-13,7.65636586e-14,1.711427488e-14,5.962619036e-14,1.44439773e-13,6.581087284e-14,5.382213409e-14,1.505824098e-13,1.832931629e-13,5.319238502e-13,4.984374736e-14,1.081006432e-13,6.038540222e-14
156.984375,3.462527294e-13,1.784847621e-13,3.701803005e-13,2.93700356e-13,1.039182224e-13,3.771504447e-13,8.436766463e-14,6.716400812e-14,2.383411352e-14,6.972894298e-14,3.655497004e-13,7.841483043e-14,2.039801972e-13,1.853412994e-13,5.372333449e-13,4.883339287e-13,4.42537181e-13,2.050432676e-13,1.473895235e-13,4.471219899e-13,7.761506774e-14,1.74209499e-14,6.011526412e-14,1.446117158e-13,6.688256107e-14,5.361939458e-14,1.545207481e-13,1.846757116e-13,5.467071124e-13,4.93231051e-14,1.097686095e-13,6.099073046e-14
156.9921875,3.518239326e-13,1.80758681e-13,3.724208617e-13,2.990988061e-13,1.059779172e-13,3.80218865e-13,8.474455824e-14,6.71055353e-14,2.426205698e-14,6.937119964e-14,3.673380061e-13,8.000265645e-14,2.07798664e-13,1.87812353e-13,5.383571957e-13,4.875164844e-13,4.421006234e-13,2.059420018e-13,1.472510109e-13,4.454612299e-13,7.867933088e-14,1.77581701e-14,6.060520449e-14,1.447397053e-13,6.795877547e-14,5.342424345e-14,1.585971059e-13,1.860081654e-13,5.618308042e-13,4.879136573e-14,1.115223647e-13,6.160961188e-14
157,3.570127803e-13,1.831485078e-13,3.747332492e-13,3.04668667e-13,1.079854939e-13,3.831292501e-13,8.513041841e-14,6.707853234e-14,2.468248008e-14,6.904132458e-14,3.690953248e-13,8.160057556e-14,2.116620999e-13,1.900704783e-13,5.394638418e-13,4.867351891e-13,4.416333985e-13,2.067853525e-13,1.470605712e-13,4.438626257e-13,7.973723436e-14,1.807070877e-14,6.111212369e-14,1.449388924e-13,6.907386037e-14,5.326574764e-14,1.627971418e-13,1.873674788e-13,5.772742961e-13,4.82938471e-14,1.132935802e-13,6.222522003e-14
157.0078125,3.624579897e-13,1.854431951e-13,3.771245148e-13,3.10138935e-13,1.099390597e-13,3.860068277e-13,8.551613811e-14,6.706460659e-14,2.502314335e-14,6.877755122e-14,3.708435428e-13,8.30558761e-14,2.154335316e-13,1.921390546e-13,5.40521014e-13,4.860554696e-13,4.41304025e-13,2.076101633e-13,1.469040437e-13,4.423516909e-13,8.079109118e-14,1.835631107e-14,6.162891341e-14,1.451418328e-13,7.022643095e-14,5.316184121e-14,1.67016564e-13,1.889294274e-13,5.928758504e-13,4.783938239e-14,1.149369548e-13,6.288545228e-14
157.015625,3.682180388e-13,1.878393253e-13,3.794643836e-13,3.15566917e-13,1.119417925e-13,3.888934807e-13,8.587265664e-14,6.706122925e-14,2.536208224e-14,6.847616043e-14,3.726007385e-13,8.448252309e-14,2.191735264e-13,1.941976975e-13,5.414405662e-13,4.85417994e-13,4.410612721e-13,2.084347015e-13,1.467668884e-13,4.409184112e-13,8.183230261e-14,1.865746194e-14,6.216502874e-14,1.452949577e-13,7.138023335e-14,5.310135745e-14,1.713212071e-13,1.905043532e-13,6.08497733e-13,4.73761331e-14,1.165741416e-13,6.360930322e-14
157.0234375,3.738072891e-13,1.904586316e-13,3.816737062e-13,3.211232206e-13,1.138908288e-13,3.915907395e-13,8.621851509e-14,6.707463374e-14,2.574092501e-14,6.814049245e-14,3.74307752e-13,8.598065009e-14,2.229734115e-13,1.962052397e-13,5.422064042e-13,4.847322404e-13,4.407323377e-13,2.091371381e-13,1.465727994e-13,4.395693575e-13,8.286066091e-14,1.896250173e-14,6.277031169e-14,1.45513737e-13,7.254592282e-14,5.308229888e-14,1.757968696e-13,1.919266717e-13,6.242934782e-13,4.690878721e-14,1.182445058e-13,6.437475196e-14
157.03125,3.795604232e-13,1.930814389e-13,3.839189133e-13,3.267188212e-13,1.158100427e-13,3.942204959e-13,8.658655602e-14,6.708933817e-14,2.608902711e-14,6.785769382e-14,3.759733344e-13,8.746732417e-14,2.267882657e-13,1.982249494e-13,5.43006227e-13,4.8410644e-13,4.405259599e-13,2.097667981e-13,1.46468351e-13,4.381703101e-13,8.391028698e-14,1.92629371e-14,6.344010796e-14,1.458216837e-13,7.3753432e-14,5.30909723e-14,1.802531162e-13,1.93448125e-13,6.403566804e-13,4.647634814e-14,1.19813173e-13,6.516018767e-14
157.0390625,3.857911488e-13,1.958033796e-13,3.8640847e-13,3.323342224e-13,1.178563374e-13,3.970629624e-13,8.693463322e-14,6.709905227e-14,2.638482647e-14,6.756950668e-14,3.777248566e-13,8.891845213e-14,2.30653088e-13,2.004310432e-13,5.439331788e-13,4.83639166e-13,4.406084964e-13,2.10554058e-13,1.465350983e-13,4.36641929e-13,8.498287362e-14,1.958716623e-14,6.412044186e-14,1.46113194e-13,7.497785144e-14,5.309560617e-14,1.845815817e-13,1.952535205e-13,6.567009911e-13,4.607564895e-14,1.213363685e-13,6.595561421e-14
157.046875,3.92071952e-13,1.988010019e-13,3.891650088e-13,3.380072199e-13,1.199247704e-13,3.999700947e-13,8.723726171e-14,6.710700585e-14,2.665636324e-14,6.72059022e-14,3.796412385e-13,9.034026938e-14,2.345807359e-13,2.02626214e-13,5.448511303e-13,4.832454486e-13,4.406626909e-13,2.114514118e-13,1.465951861e-13,4.353185431e-13,8.605804645e-14,1.992693508e-14,6.48188194e-14,1.463508637e-13,7.618898133e-14,5.311047241e-14,1.889603753e-13,1.97210039e-13,6.734405396e-13,4.571280083e-14,1.229030716e-13,6.679950659e-14
157.0546875,3.982974387e-13,2.018387062e-13,3.920432509e-13,3.43630703e-13,1.21929526e-13,4.027605922e-13,8.756301143e-14,6.710353696e-14,2.692766643e-14,6.68297327e-14,3.816043711e-13,9.1688529e-14,2.384394635e-13,2.046351733e-13,5.457507416e-13,4.828711339e-13,4.405440284e-13,2.122680607e-13,1.465884536e-13,4.34325338e-13,8.716838036e-14,2.026804168e-14,6.557827914e-14,1.465322871e-13,7.741478598e-14,5.315795602e-14,1.934098361e-13,1.991644622e-13,6.903797632e-13,4.539689566e-14,1.244357037e-13,6.771772032e-14
157.0625,4.045881091e-13,2.047201091e-13,3.948974654e-13,3.492411932e-13,1.239866395e-13,4.055022321e-13,8.794531996e-14,6.709623867e-14,2.722615404e-14,6.64922003e-14,3.834452488e-13,9.29976836e-14,2.42224112e-13,2.066349402e-13,5.466560919e-13,4.82443333e-13,4.404195859e-13,2.130286509e-13,1.466061509e-13,4.331427985e-13,8.834239089e-14,2.062069685e-14,6.638985766e-14,1.466514369e-13,7.868076187e-14,5.320935349e-14,1.978236468e-13,2.010364732e-13,7.071317454e-13,4.509345654e-14,1.259126302e-13,6.865110481e-14
157.0703125,4.107625763e-13,2.07517542e-13,3.976769233e-13,3.548584106e-13,1.260417031e-13,4.080793174e-13,8.832740019e-14,6.710519648e-14,2.753037665e-14,6.618317816e-14,3.851658239e-13,9.430733291e-14,2.460232615e-13,2.086142211e-13,5.472939356e-13,4.817494671e-13,4.401771009e-13,2.137437604e-13,1.466256838e-13,4.315578268e-13,8.954298057e-14,2.096264685e-14,6.721920044e-14,1.46768253e-13,7.995890494e-14,5.325480196e-14,2.023155882e-13,2.028630268e-13,7.238150751e-13,4.479802786e-14,1.2734995e-13,6.957649499e-14
157.078125,4.169788702e-13,2.104512503e-13,4.003600165e-13,3.603298742e-13,1.279861648e-13,4.104685798e-13,8.868424491e-14,6.711632194e-14,2.780301557e-14,6.589322028e-14,3.868361842e-13,9.559185841e-14,2.498154471e-13,2.104830792e-13,5.475738259e-13,4.80844456e-13,4.397755333e-13,2.143755473e-13,1.466358026e-13,4.299497292e-13,9.073754307e-14,2.128722496e-14,6.804896723e-14,1.469303573e-13,8.122661559e-14,5.33255723e-14,2.069444778e-13,2.048583191e-13,7.407895674e-13,4.454750825e-14,1.287275743e-13,7.053401167e-14
157.0859375,4.234980751e-13,2.137344736e-13,4.030273206e-13,3.6585771e-13,1.299415917e-13,4.130915813e-13,8.90547539e-14,6.711090849e-14,2.807001392e-14,6.559470626e-14,3.884654506e-13,9.687949861e-14,2.53647954e-13,2.124827769e-13,5.478963477e-13,4.800820049e-13,4.395765039e-13,2.151052754e-13,1.46728043e-13,4.283547454e-13,9.191323561e-14,2.164469561e-14,6.887523633e-14,1.471084737e-13,8.250500835e-14,5.341639676e-14,2.115465945e-13,2.070891016e-13,7.580070912e-13,4.432998183e-14,1.301300743e-13,7.149055555e-14
157.09375,4.301238199e-13,2.171278276e-13,4.059287044e-13,3.716065428e-13,1.320050151e-13,4.160396664e-13,8.945740374e-14,6.709494919e-14,2.834563581e-14,6.527443643e-14,3.901000122e-13,9.818574076e-14,2.576053087e-13,2.14683588e-13,5.48412794e-13,4.79447742e-13,4.396171371e-13,2.160483261e-13,1.469128907e-13,4.265287489e-13,9.303865607e-14,2.203704043e-14,6.971834607e-14,1.472747934e-13,8.381248417e-14,5.348778054e-14,2.160886573e-13,2.093119987e-13,7.752299889e-13,4.411688206e-14,1.316088855e-13,7.241941684e-14
157.1015625,4.368174034e-13,2.202978993e-13,4.090826182e-13,3.770924345e-13,1.341038655e-13,4.188043616e-13,8.986425975e-14,6.706816984e-14,2.860174202e-14,6.497255702e-14,3.917812743e-13,9.944179804e-14,2.615346778e-13,2.168084239e-13,5.487721537e-13,4.786383262e-13,4.3954254e-13,2.169748287e-13,1.471109579e-13,4.24629256e-13,9.412877514e-14,2.241038526e-14,7.060544803e-14,1.47432066e-13,8.513381307e-14,5.354014168e-14,2.206859889e-13,2.11365565e-13,7.924319157e-13,4.392690337e-14,1.330516401e-13,7.339632667e-14
157.109375,4.435958239e-13,2.235176291e-13,4.121492444e-13,3.822084324e-13,1.361684308e-13,4.211689136e-13,9.023753606e-14,6.704097466e-14,2.885671591e-14,6.470253441e-14,3.934947026e-13,1.006394111e-13,2.652820412e-13,2.187571261e-13,5.488224971e-13,4.777265537e-13,4.393227218e-13,2.176991369e-13,1.472617359e-13,4.228995232e-13,9.523988205e-14,2.276272859e-14,7.152229633e-14,1.475890653e-13,8.644181514e-14,5.362130704e-14,2.253472987e-13,2.133315595e-13,8.096839796e-13,4.377220326e-14,1.344184232e-13,7.443237468e-14
157.1171875,4.499798354e-13,2.270239353e-13,4.150860688e-13,3.87515066e-13,1.381646795e-13,4.233772193e-13,9.057483565e-14,6.703557766e-14,2.913806382e-14,6.443869388e-14,3.953406278e-13,1.018409712e-13,2.689784264e-13,2.205915342e-13,5.48734848e-13,4.7692282e-13,4.391421766e-13,2.183473962e-13,1.473644432e-13,4.212985263e-13,9.634983214e-14,2.312618469e-14,7.242763145e-14,1.477379829e-13,8.77310852e-14,5.374831806e-14,2.300239173e-13,2.152872071e-13,8.270021538e-13,4.363830546e-14,1.358191976e-13,7.544567031e-14
157.125,4.558411298e-13,2.305830137e-13,4.181822651e-13,3.929196583e-13,1.400798328e-13,4.2553251e-13,9.091237453e-14,6.702611826e-14,2.94045496e-14,6.41858268e-14,3.97359068e-13,1.030620574e-13,2.727500724e-13,2.223473272e-13,5.485611537e-13,4.761176048e-13,4.39001671e-13,2.190880181e-13,1.474941497e-13,4.197310638e-13,9.74057103e-14,2.350151073e-14,7.330868622e-14,1.478458754e-13,8.902856407e-14,5.387644484e-14,2.34712566e-13,2.172746971e-13,8.444353462e-13,4.352632979e-14,1.373476066e-13,7.643000598e-14
157.1328125,4.617716384e-13,2.341931357e-13,4.212884222e-13,3.979709674e-13,1.419327348e-13,4.275866108e-13,9.125575756e-14,6.698644736e-14,2.962370678e-14,6.394388494e-14,3.992292155e-13,1.04277695e-13,2.765201979e-13,2.241317923e-13,5.482514664e-13,4.752188278e-13,4.388642951e-13,2.199113285e-13,1.476931342e-13,4.180809675e-13,9.84296422e-14,2.387740336e-14,7.419067977e-14,1.479148669e-13,9.035238412e-14,5.399282181e-14,2.394143478e-13,2.193654833e-13,8.620152246e-13,4.343582328e-14,1.389848751e-13,7.743018257e-14
157.140625,4.679753201e-13,2.37987902e-13,4.24090938e-13,4.029975474e-13,1.436872839e-13,4.295568633e-13,9.15690969e-14,6.695819079e-14,2.981960316e-14,6.367551426e-14,4.007454014e-13,1.054565827e-13,2.802440349e-13,2.259215397e-13,5.478229303e-13,4.74328256e-13,4.387188452e-13,2.206946741e-13,1.478962257e-13,4.162546181e-13,9.943867598e-14,2.424012603e-14,7.510355171e-14,1.479814195e-13,9.16825266e-14,5.415569357e-14,2.441628196e-13,2.215192372e-13,8.795887032e-13,4.335117278e-14,1.405761719e-13,7.845409259e-14
157.1484375,4.740488342e-13,2.417703284e-13,4.269016167e-13,4.083196626e-13,1.453133731e-13,4.314769599e-13,9.186120786e-14,6.697224378e-14,2.99943015e-14,6.337743372e-14,4.022564447e-13,1.065731612e-13,2.839807344e-13,2.275523397e-13,5.473250058e-13,4.734781141e-13,4.385732451e-13,2.213827199e-13,1.480724106e-13,4.144190541e-13,1.004178014e-13,2.457773413e-14,7.605277893e-14,1.480341965e-13,9.300981257e-14,5.438054045e-14,2.490365938e-13,2.236066602e-13,8.970609763e-13,4.327445676e-14,1.420202426e-13,7.949922096e-14
157.15625,4.798254677e-13,2.454742937e-13,4.300556903e-13,4.135484996e-13,1.469294835e-13,4.334053681e-13,9.217978122e-14,6.701005857e-14,3.013866318e-14,6.308862958e-14,4.040496364e-13,1.0763823e-13,2.877215189e-13,2.291142962e-13,5.468305456e-13,4.726960079e-13,4.385487074e-13,2.220994175e-13,1.482607237e-13,4.127846359e-13,1.013948167e-13,2.491167413e-14,7.701728032e-14,1.480447703e-13,9.43564832e-14,5.461385705e-14,2.540146976e-13,2.256271938e-13,9.146187685e-13,4.322316112e-14,1.434521659e-13,8.054318094e-14
157.1640625,4.854474057e-13,2.49228505e-13,4.332346239e-13,4.184168616e-13,1.485922239e-13,4.353082536e-13,9.252060557e-14,6.705698319e-14,3.028972179e-14,6.282907754e-14,4.058971224e-13,1.086693608e-13,2.913947428e-13,2.307306323e-13,5.463285958e-13,4.720424129e-13,4.386479547e-13,2.229335698e-13,1.484504223e-13,4.113094949e-13,1.023616358e-13,2.525935725e-14,7.797560182e-14,1.480276329e-13,9.571828779e-14,5.484535296e-14,2.589443422e-13,2.276463571e-13,9.323315305e-13,4.320807534e-14,1.44949115e-13,8.15621106e-14
157.171875,4.909479624e-13,2.528641041e-13,4.36245949e-13,4.230785442e-13,1.501300389e-13,4.370071613e-13,9.284030403e-14,6.710228676e-14,3.044751549e-14,6.259313762e-14,4.076040186e-13,1.096329456e-13,2.94981077e-13,2.322029196e-13,5.45682784e-13,4.714107629e-13,4.386698849e-13,2.237008517e-13,1.486182712e-13,4.098763095e-13,1.032529244e-13,2.5595884e-14,7.894171912e-14,1.480229198e-13,9.707172788e-14,5.510559554e-14,2.637705481e-13,2.296282786e-13,9.500261273e-13,4.32298541e-14,1.46349705e-13,8.258636693e-14
157.1796875,4.962789844e-13,2.562777799e-13,4.394084562e-13,4.277154925e-13,1.515189632e-13,4.385518487e-13,9.313357905e-14,6.715204223e-14,3.056147591e-14,6.23670789e-14,4.093195325e-13,1.10495689e-13,2.985089255e-13,2.334593204e-13,5.448693832e-13,4.706674885e-13,4.385741458e-13,2.242656993e-13,1.48793481e-13,4.083987035e-13,1.041018842e-13,2.592376405e-14,7.99566416e-14,1.480617465e-13,9.843051198e-14,5.537959639e-14,2.686112531e-13,2.315940057e-13,9.67665007e-13,4.327705068e-14,1.476304243e-13,8.362942131e-14
157.1875,5.013781697e-13,2.598199178e-13,4.427432298e-13,4.323989823e-13,1.529810427e-13,4.401466372e-13,9.343536187e-14,6.722506434e-14,3.065801398e-14,6.214788047e-14,4.111501722e-13,1.11314355e-13,3.020326902e-13,2.347249614e-13,5.43941577e-13,4.698277365e-13,4.3848115e-13,2.248287092e-13,1.489768728e-13,4.067819312e-13,1.049781252e-13,2.628071448e-14,8.101302147e-14,1.480837534e-13,9.980914571e-14,5.564011991e-14,2.73536189e-13,2.336290668e-13,9.852490325e-13,4.334154734e-14,1.489723404e-13,8.465610837e-14
157.1953125,5.061965459e-13,2.636280594e-13,4.459477844e-13,4.369239789e-13,1.54493397e-13,4.41655311e-13,9.37608515e-14,6.728295146e-14,3.078599765e-14,6.196066393e-14,4.130133747e-13,1.121605846e-13,3.05614899e-13,2.360384735e-13,5.428216445e-13,4.689470955e-13,4.384188567e-13,2.25518013e-13,1.491316029e-13,4.05090541e-13,1.058397108e-13,2.664716466e-14,8.203772738e-14,1.479838607e-13,1.011836099e-13,5.590626084e-14,2.784925588e-13,2.356140414e-13,1.002683213e-12,4.343277866e-14,1.503745715e-13,8.567243937e-14
157.203125,5.109316786e-13,2.672724545e-13,4.49096274e-13,4.411029178e-13,1.558667046e-13,4.429302502e-13,9.408665348e-14,6.730101608e-14,3.090628317e-14,6.182185118e-14,4.148235215e-13,1.129919031e-13,3.092082993e-13,2.373220901e-13,5.415279567e-13,4.681097297e-13,4.384280915e-13,2.261844154e-13,1.492760135e-13,4.035125925e-13,1.066638434e-13,2.698531423e-14,8.300808342e-14,1.478002197e-13,1.025413108e-13,5.61934996e-14,2.834052621e-13,2.374620644e-13,1.020022819e-12,4.355232672e-14,1.51689985e-13,8.670540457e-14
157.2109375,5.15783015e-13,2.705088703e-13,4.523780448e-13,4.452357739e-13,1.572025557e-13,4.442152695e-13,9.441170605e-14,6.734227737e-14,3.100169439e-14,6.170756778e-14,4.165231104e-13,1.137356157e-13,3.126511968e-13,2.386617238e-13,5.402268777e-13,4.673425057e-13,4.385461108e-13,2.267698635e-13,1.494623465e-13,4.020374305e-13,1.074928588e-13,2.732617445e-14,8.399370461e-14,1.476089655e-13,1.038926139e-13,5.647177082e-14,2.88220173e-13,2.393727309e-13,1.037318884e-12,4.368395922e-14,1.529064124e-13,8.77366916e-14
157.21875,5.204677448e-13,2.736288954e-13,4.556263823e-13,4.494478026e-13,1.586098539e-13,4.455531634e-13,9.476226422e-14,6.741506468e-14,3.111149807e-14,6.157943736e-14,4.180853173e-13,1.144157515e-13,3.159172563e-13,2.400323954e-13,5.388464363e-13,4.664881282e-13,4.386353281e-13,2.273365528e-13,1.496763376e-13,4.004643836e-13,1.08290869e-13,2.769225686e-14,8.502369348e-14,1.473799599e-13,1.052298749e-13,5.670877918e-14,2.929855948e-13,2.413062363e-13,1.0544933e-12,4.38219827e-14,1.541046556e-13,8.873041516e-14
157.2265625,5.246540176e-13,2.768669174e-13,4.587402145e-13,4.532387064e-13,1.599235358e-13,4.46587521e-13,9.510635114e-14,6.746394911e-14,3.122963698e-14,6.141421469e-14,4.195848398e-13,1.150888706e-13,3.191913971e-13,2.412831571e-13,5.371955809e-13,4.65515408e-13,4.386192271e-13,2.278953747e-13,1.498411344e-13,3.987197325e-13,1.090253455e-13,2.80457273e-14,8.604170437e-14,1.471815594e-13,1.065444369e-13,5.691390373e-14,2.978206271e-13,2.429165165e-13,1.071575072e-12,4.397370157e-14,1.553537542e-13,8.965315586e-14
157.234375,5.284815964e-13,2.801461995e-13,4.618870558e-13,4.563954724e-13,1.610875267e-13,4.472603712e-13,9.539710977e-14,6.751840026e-14,3.13521035e-14,6.123564306e-14,4.21128508e-13,1.157626793e-13,3.225563805e-13,2.424477889e-13,5.353271633e-13,4.646178923e-13,4.385997989e-13,2.284836781e-13,1.499137266e-13,3.969796231e-13,1.097538905e-13,2.837523479e-14,8.701948612e-14,1.471162418e-13,1.078453225e-13,5.713642553e-14,3.027178297e-13,2.442594548e-13,1.088496614e-12,4.413814418e-14,1.566666232e-13,9.051555986e-14
157.2421875,5.321448173e-13,2.833509411e-13,4.650702339e-13,4.593386643e-13,1.622488494e-13,4.478767322e-13,9.567815461e-14,6.760636943e-14,3.150235759e-14,6.109499294e-14,4.226999724e-13,1.164068097e-13,3.258699398e-13,2.436113818e-13,5.333528012e-13,4.637857256e-13,4.385583818e-13,2.290456599e-13,1.499305933e-13,3.954292235e-13,1.10473081e-13,2.870812913e-14,8.797896398e-14,1.470389433e-13,1.091242703e-13,5.741360757e-14,3.075905089e-13,2.456514492e-13,1.105046517e-12,4.431101381e-14,1.579800433e-13,9.139223009e-14
157.25,5.35611695e-13,2.864332837e-13,4.681573398e-13,4.624793281e-13,1.634576601e-13,4.485658048e-13,9.599280881e-14,6.767623154e-14,3.165278528e-14,6.098675569e-14,4.241894355e-13,1.169994009e-13,3.290770553e-13,2.447486726e-13,5.313130805e-13,4.628745165e-13,4.383914716e-13,2.294462773e-13,1.499466083e-13,3.939383759e-13,1.111325034e-13,2.905086667e-14,8.892300501e-14,1.468234759e-13,1.1036321e-13,5.770213165e-14,3.123967455e-13,2.470956972e-13,1.121293164e-12,4.450024495e-14,1.593111114e-13,9.228426897e-14
157.2578125,5.388563746e-13,2.894365615e-13,4.711938643e-13,4.6586654e-13,1.646496994e-13,4.49231038e-13,9.630365344e-14,6.772912176e-14,3.177947433e-14,6.086935006e-14,4.255849789e-13,1.175774245e-13,3.322801522e-13,2.458555126e-13,5.292774219e-13,4.619318883e-13,4.381410487e-13,2.298339347e-13,1.499592567e-13,3.922242488e-13,1.117705765e-13,2.939807631e-14,8.984301042e-14,1.465899532e-13,1.115769804e-13,5.792878593e-14,3.170655981e-13,2.484854141e-13,1.137363639e-12,4.470978739e-14,1.607416443e-13,9.310593326e-14
157.265625,5.419294935e-13,2.923887636e-13,4.742154595e-13,4.69029874e-13,1.657716848e-13,4.497722708e-13,9.660042752e-14,6.780330021e-14,3.190672963e-14,6.074964036e-14,4.269697773e-13,1.181539455e-13,3.354250606e-13,2.469472403e-13,5.271657786e-13,4.609464997e-13,4.378428976e-13,2.303919926e-13,1.499363999e-13,3.903106149e-13,1.124268964e-13,2.974827041e-14,9.073793743e-14,1.463968794e-13,1.127840667e-13,5.81171666e-14,3.215867925e-13,2.497635054e-13,1.15317302e-12,4.491669872e-14,1.621825388e-13,9.387437768e-14
157.2734375,5.448869264e-13,2.951394169e-13,4.771335483e-13,4.714662306e-13,1.668199134e-13,4.501668863e-13,9.690591084e-14,6.78941305e-14,3.203155314e-14,6.064926175e-14,4.283482928e-13,1.186362813e-13,3.383685535e-13,2.48007937e-13,5.248115914e-13,4.598367541e-13,4.374931969e-13,2.309211749e-13,1.498763577e-13,3.884111031e-13,1.130734865e-13,3.0092053e-14,9.159211352e-14,1.46198024e-13,1.139630164e-13,5.833652378e-14,3.261073309e-13,2.508280343e-13,1.168762973e-12,4.510329313e-14,1.635292415e-13,9.466024429e-14
157.28125,5.475839528e-13,2.976778751e-13,4.799885032e-13,4.736291368e-13,1.677765173e-13,4.504810242e-13,9.717954537e-14,6.802018471e-14,3.21364237e-14,6.056411208e-14,4.296722946e-13,1.189965568e-13,3.412114744e-13,2.489964633e-13,5.222659918e-13,4.58784865e-13,4.37228186e-13,2.31274658e-13,1.497612719e-13,3.865504677e-13,1.136910212e-13,3.041912734e-14,9.240495066e-14,1.460138044e-13,1.150952711e-13,5.85675397e-14,3.306897884e-13,2.517465539e-13,1.184177308e-12,4.530110471e-14,1.648642972e-13,9.541860549e-14
157.2890625,5.497628891e-13,3.003214838e-13,4.82789994e-13,4.76198085e-13,1.685575725e-13,4.507444299e-13,9.738175225e-14,6.819080275e-14,3.223535468e-14,6.048823327e-14,4.308775045e-13,1.193350515e-13,3.440842647e-13,2.498310667e-13,5.195609491e-13,4.578704559e-13,4.370493096e-13,2.315959539e-13,1.495444403e-13,3.846913227e-13,1.142774915e-13,3.072552357e-14,9.321177182e-14,1.457991156e-13,1.161943544e-13,5.876549499e-14,3.351829943e-13,2.526687663e-13,1.199176033e-12,4.55441082e-14,1.661906574e-13,9.610235306e-14
157.296875,5.515960983e-13,3.032035784e-13,4.85246227e-13,4.787261862e-13,1.692205359e-13,4.508466207e-13,9.754300732e-14,6.835389257e-14,3.234723711e-14,6.040817986e-14,4.318045109e-13,1.196633084e-13,3.468459175e-13,2.505331372e-13,5.165780319e-13,4.568134466e-13,4.366308955e-13,2.318578544e-13,1.492684491e-13,3.828475959e-13,1.148560579e-13,3.102052645e-14,9.401716897e-14,1.454737106e-13,1.172527344e-13,5.894931989e-14,3.39412132e-13,2.535404868e-13,1.213521961e-12,4.5809267e-14,1.67405942e-13,9.67462047e-14
157.3046875,5.533726019e-13,3.061010363e-13,4.872903724e-13,4.806161736e-13,1.699819989e-13,4.507030466e-13,9.769744321e-14,6.850393957e-14,3.247968922e-14,6.032461487e-14,4.324590655e-13,1.199160888e-13,3.494213852e-13,2.512763835e-13,5.134565507e-13,4.556128763e-13,4.359095219e-13,2.319421917e-13,1.490407415e-13,3.809045411e-13,1.154848814e-13,3.132600921e-14,9.478530561e-14,1.450819372e-13,1.182555568e-13,5.913075177e-14,3.433783134e-13,2.542895896e-13,1.22720006e-12,4.607149318e-14,1.686125797e-13,9.734527536e-14
157.3125,5.548809677e-13,3.088214567e-13,4.894583986e-13,4.822423852e-13,1.708339934e-13,4.504571509e-13,9.786743099e-14,6.867355831e-14,3.261630387e-14,6.026713349e-14,4.331681554e-13,1.201303438e-13,3.520200276e-13,2.521447316e-13,5.104760239e-13,4.546313039e-13,4.353157708e-13,2.320266604e-13,1.488733764e-13,3.787587053e-13,1.161584873e-13,3.165159244e-14,9.552092845e-14,1.446600277e-13,1.192534902e-13,5.929831709e-14,3.472334563e-13,2.549196176e-13,1.240520966e-12,4.635768924e-14,1.699561602e-13,9.787929529e-14
157.3203125,5.560113267e-13,3.113106056e-13,4.920671266e-13,4.838576628e-13,1.715789958e-13,4.503452279e-13,9.808068502e-14,6.882632407e-14,3.272746844e-14,6.023165505e-14,4.340310318e-13,1.203399828e-13,3.54735903e-13,2.530716064e-13,5.076008211e-13,4.538897473e-13,4.350134616e-13,2.322634754e-13,1.487148417e-13,3.764967777e-13,1.16798256e-13,3.198825925e-14,9.62538776e-14,1.442041351e-13,1.202829734e-13,5.946219322e-14,3.509695472e-13,2.553771585e-13,1.253834438e-12,4.668524577e-14,1.713423589e-13,9.837958862e-14
157.328125,5.569530918e-13,3.13574607e-13,4.946572108e-13,4.850344546e-13,1.721672729e-13,4.503350228e-13,9.831669289e-14,6.892650745e-14,3.28192912e-14,6.019882267e-14,4.347457316e-13,1.204667286e-13,3.573874631e-13,2.539672676e-13,5.046590873e-13,4.530899969e-13,4.346546286e-13,2.324745999e-13,1.485347073e-13,3.741629459e-13,1.173772337e-13,3.231864552e-14,9.696040577e-14,1.437428014e-13,1.212697789e-13,5.959561502e-14,3.544142467e-13,2.556430404e-13,1.266732558e-12,4.702924207e-14,1.726527765e-13,9.884530821e-14
157.3359375,5.575270643e-13,3.156889179e-13,4.968370234e-13,4.857456421e-13,1.7261302e-13,4.501709919e-13,9.852018602e-14,6.901930119e-14,3.291951835e-14,6.018798897e-14,4.352668466e-13,1.204789665e-13,3.598678493e-13,2.547578006e-13,5.016167935e-13,4.521594108e-13,4.341029747e-13,2.325343031e-13,1.482903051e-13,3.717176374e-13,1.17940362e-13,3.262810717e-14,9.760931812e-14,1.432249724e-13,1.221689673e-13,5.964548069e-14,3.576710096e-13,2.557756144e-13,1.278611799e-12,4.738237977e-14,1.739308223e-13,9.926576713e-14
157.34375,5.576149712e-13,3.177201501e-13,4.98872363e-13,4.864872852e-13,1.729356176e-13,4.49829205e-13,9.868131902e-14,6.914750813e-14,3.304061196e-14,6.018333385e-14,4.358898628e-13,1.204691241e-13,3.623073556e-13,2.554776647e-13,4.985122712e-13,4.512535882e-13,4.335865304e-13,2.326188086e-13,1.479872756e-13,3.692387055e-13,1.185275417e-13,3.292983708e-14,9.822369424e-14,1.426167206e-13,1.230590876e-13,5.965162915e-14,3.609629231e-13,2.558306026e-13,1.28994682e-12,4.77544733e-14,1.75243393e-13,9.968111e-14
157.3515625,5.57524108e-13,3.196967465e-13,5.010440799e-13,4.87311575e-13,1.732837771e-13,4.494697655e-13,9.881827357e-14,6.928489582e-14,3.317920088e-14,6.012827026e-14,4.366535182e-13,1.205149003e-13,3.648463681e-13,2.562667663e-13,4.954197101e-13,4.504775242e-13,4.331507157e-13,2.328755277e-13,1.477002699e-13,3.66800999e-13,1.191351815e-13,3.32473426e-14,9.881709078e-14,1.420515169e-13,1.239700295e-13,5.970292337e-14,3.641943475e-13,2.557976208e-13,1.301373376e-12,4.812479383e-14,1.766323704e-13,1.000815084e-13
157.359375,5.572572804e-13,3.21687124e-13,5.032001514e-13,4.878114305e-13,1.737458792e-13,4.490397226e-13,9.892646331e-14,6.940913204e-14,3.333037908e-14,6.004537787e-14,4.3729866e-13,1.2058804e-13,3.67429671e-13,2.571815375e-13,4.923239724e-13,4.497736182e-13,4.326583524e-13,2.331844583e-13,1.474087893e-13,3.643579687e-13,1.19740126e-13,3.357673915e-14,9.937010256e-14,1.415817511e-13,1.24831267e-13,5.979661232e-14,3.672989273e-13,2.555747459e-13,1.31242778e-12,4.848992062e-14,1.781577934e-13,1.004145982e-13
157.3671875,5.566268289e-13,3.23770992e-13,5.051017782e-13,4.879222626e-13,1.742458908e-13,4.484752517e-13,9.900064007e-14,6.956591898e-14,3.352774555e-14,6.000852399e-14,4.376798982e-13,1.206266744e-13,3.699390383e-13,2.581904906e-13,4.89064076e-13,4.489882497e-13,4.320981878e-13,2.333835197e-13,1.470299735e-13,3.618813956e-13,1.203430542e-13,3.391927306e-14,9.989334663e-14,1.410821702e-13,1.256321295e-13,5.985778619e-14,3.70430779e-13,2.551903329e-13,1.322579759e-12,4.889729517e-14,1.798265291e-13,1.006958018e-13
157.375,5.557567587e-13,3.258118139e-13,5.067319586e-13,4.87940585e-13,1.747138543e-13,4.479452992e-13,9.904991391e-14,6.977669988e-14,3.379306058e-14,6.000648328e-14,4.378753229e-13,1.206150276e-13,3.724076149e-13,2.592367887e-13,4.85605969e-13,4.480507183e-13,4.314577215e-13,2.33478307e-13,1.465934966e-13,3.593284245e-13,1.20931817e-13,3.428834581e-14,1.003988394e-13,1.40516721e-13,1.264069823e-13,5.985510843e-14,3.735431159e-13,2.547911577e-13,1.332069714e-12,4.93571729e-14,1.815641485e-13,1.00941619e-13
157.3828125,5.54690061e-13,3.274660191e-13,5.082785965e-13,4.878406484e-13,1.750511492e-13,4.474851343e-13,9.908234452e-14,6.999453902e-14,3.405007943e-14,5.995633827e-14,4.379938622e-13,1.205394087e-13,3.748541791e-13,2.60185162e-13,4.820523128e-13,4.469871432e-13,4.30648172e-13,2.3351648e-13,1.461550961e-13,3.566318316e-13,1.214599258e-13,3.465857218e-14,1.008439368e-13,1.399646497e-13,1.271302554e-13,5.982714649e-14,3.764920397e-13,2.542619374e-13,1.341148272e-12,4.982581862e-14,1.832880832e-13,1.011224168e-13
157.390625,5.533170749e-13,3.287792809e-13,5.099107958e-13,4.874114902e-13,1.75216155e-13,4.469349933e-13,9.910691885e-14,7.023373189e-14,3.426702977e-14,5.982285894e-14,4.380387071e-13,1.203951268e-13,3.771660496e-13,2.610178753e-13,4.784519326e-13,4.458584458e-13,4.297348234e-13,2.334898634e-13,1.4570905e-13,3.539254035e-13,1.219646588e-13,3.501180208e-14,1.011941109e-13,1.394496381e-13,1.277879611e-13,5.98035099e-14,3.793024401e-13,2.534698408e-13,1.349797325e-12,5.030039497e-14,1.84969014e-13,1.01241769e-13
157.3984375,5.516382047e-13,3.302368722e-13,5.115781026e-13,4.869065961e-13,1.754600901e-13,4.463387491e-13,9.911830185e-14,7.05406287e-14,3.455513332e-14,5.963962751e-14,4.380355797e-13,1.202851386e-13,3.794311476e-13,2.619844333e-13,4.749092837e-13,4.448048213e-13,4.288852259e-13,2.33448061e-13,1.452785504e-13,3.513951934e-13,1.225448607e-13,3.539299772e-14,1.014804771e-13,1.3893491e-13,1.284121201e-13,5.976587046e-14,3.819494179e-13,2.526263489e-13,1.35804433e-12,5.080949135e-14,1.866848815e-13,1.013118244e-13
157.40625,5.496918491e-13,3.318675571e-13,5.131457847e-13,4.865731398e-13,1.759549433e-13,4.458261614e-13,9.909392503e-14,7.08616633e-14,3.495568579e-14,5.944345418e-14,4.380686111e-13,1.202888858e-13,3.818639135e-13,2.631789324e-13,4.714625383e-13,4.438460189e-13,4.280683902e-13,2.334637154e-13,1.448716718e-13,3.489389019e-13,1.231577846e-13,3.582192003e-14,1.017558874e-13,1.383993065e-13,1.290021757e-13,5.97101056e-14,3.84363591e-13,2.518254324e-13,1.365826191e-12,5.134752238e-14,1.885421082e-13,1.013240351e-13
157.4140625,5.476463645e-13,3.332781915e-13,5.145225965e-13,4.860114672e-13,1.764604691e-13,4.452903061e-13,9.905003721e-14,7.117421987e-14,3.538546279e-14,5.926603143e-14,4.38026468e-13,1.202809688e-13,3.842856325e-13,2.643498418e-13,4.678905497e-13,4.427564976e-13,4.271148831e-13,2.334411194e-13,1.444327691e-13,3.464213116e-13,1.236881064e-13,3.625044658e-14,1.0203017e-13,1.378663696e-13,1.295404242e-13,5.964796187e-14,3.865201221e-13,2.508910858e-13,1.37294497e-12,5.190778722e-14,1.904549597e-13,1.013000364e-13
157.421875,5.455628987e-13,3.344593965e-13,5.156484706e-13,4.849543096e-13,1.768706896e-13,4.446517531e-13,9.903268883e-14,7.154710728e-14,3.582774167e-14,5.912504088e-14,4.377331892e-13,1.201580071e-13,3.864081775e-13,2.65461349e-13,4.641845448e-13,4.41525062e-13,4.260652744e-13,2.332553347e-13,1.439691339e-13,3.439121935e-13,1.241672167e-13,3.666289352e-14,1.02251867e-13,1.373412633e-13,1.300236049e-13,5.95443316e-14,3.883271014e-13,2.497950952e-13,1.379380522e-12,5.249267372e-14,1.922583319e-13,1.012387884e-13
157.4296875,5.430779229e-13,3.355046309e-13,5.166903084e-13,4.838527548e-13,1.773960715e-13,4.440987323e-13,9.903074242e-14,7.195323739e-14,3.631313465e-14,5.896746685e-14,4.373099681e-13,1.20037241e-13,3.88442433e-13,2.667832074e-13,4.606680797e-13,4.404552229e-13,4.251276226e-13,2.330405439e-13,1.435232854e-13,3.413384291e-13,1.246709217e-13,3.709707462e-14,1.023785027e-13,1.36787763e-13,1.304452484e-13,5.937514607e-14,3.898280775e-13,2.485661575e-13,1.385378226e-12,5.307613541e-14,1.940551721e-13,1.010930875e-13
157.4375,5.400305711e-13,3.363223144e-13,5.178678834e-13,4.830229413e-13,1.779445801e-13,4.436909466e-13,9.899958586e-14,7.23167155e-14,3.682939133e-14,5.87443357e-14,4.368682319e-13,1.199869762e-13,3.906881634e-13,2.682368716e-13,4.572712023e-13,4.395296359e-13,4.242442031e-13,2.329799278e-13,1.430251189e-13,3.385464612e-13,1.251739642e-13,3.755702009e-14,1.024536352e-13,1.362429114e-13,1.308331722e-13,5.917747068e-14,3.911865667e-13,2.471605684e-13,1.391118931e-12,5.364641672e-14,1.96017059e-13,1.008782987e-13
157.4453125,5.366907075e-13,3.370691501e-13,5.1890891e-13,4.82130951e-13,1.782851927e-13,4.431403348e-13,9.894826905e-14,7.26678481e-14,3.739534579e-14,5.850467292e-14,4.361712954e-13,1.199019405e-13,3.929714139e-13,2.69501814e-13,4.535327247e-13,4.383463451e-13,4.23102985e-13,2.329821757e-13,1.42387347e-13,3.357411022e-13,1.256667011e-13,3.801101223e-14,1.0253046e-13,1.357676261e-13,1.312225349e-13,5.895464939e-14,3.922669588e-13,2.456205371e-13,1.396413732e-12,5.422625781e-14,1.980120325e-13,1.006458501e-13
157.453125,5.331262801e-13,3.378146441e-13,5.194447136e-13,4.808125721e-13,1.786627814e-13,4.423455912e-13,9.890347077e-14,7.304537238e-14,3.803815656e-14,5.826205916e-14,4.350686371e-13,1.197549691e-13,3.950353547e-13,2.706695279e-13,4.493913245e-13,4.367806727e-13,4.216556719e-13,2.329089486e-13,1.416566678e-13,3.331245817e-13,1.261853145e-13,3.845475642e-14,1.02573932e-13,1.352957646e-13,1.315675448e-13,5.867166709e-14,3.928818445e-13,2.439199225e-13,1.400967028e-12,5.481020112e-14,1.998889622e-13,1.003735516e-13
157.4609375,5.29306694e-13,3.383157276e-13,5.197017413e-13,4.791158658e-13,1.793466208e-13,4.41625623e-13,9.884870575e-14,7.344348943e-14,3.871034749e-14,5.794230944e-14,4.337737321e-13,1.196126146e-13,3.969669514e-13,2.719890683e-13,4.45206128e-13,4.351234157e-13,4.201656933e-13,2.327922554e-13,1.40929549e-13,3.304687192e-13,1.266963426e-13,3.890494602e-14,1.025359153e-13,1.347656909e-13,1.31814767e-13,5.834758602e-14,3.932115001e-13,2.419936448e-13,1.404776222e-12,5.537691415e-14,2.017578119e-13,1.000227088e-13
157.46875,5.253459951e-13,3.386647969e-13,5.199543611e-13,4.77300342e-13,1.801299699e-13,4.410747495e-13,9.875946161e-14,7.385749816e-14,3.937303293e-14,5.75663788e-14,4.324443445e-13,1.194571777e-13,3.989185029e-13,2.733899269e-13,4.411663744e-13,4.335760948e-13,4.187142219e-13,2.326266847e-13,1.402273443e-13,3.276138922e-13,1.271450946e-13,3.936289806e-14,1.024304633e-13,1.342307962e-13,1.319860532e-13,5.80106703e-14,3.934177971e-13,2.400008324e-13,1.407962177e-12,5.594257861e-14,2.03701023e-13,9.961026909e-14
157.4765625,5.211819384e-13,3.390535262e-13,5.199943968e-13,4.755671716e-13,1.807955994e-13,4.404172451e-13,9.863020541e-14,7.424853688e-14,4.005822655e-14,5.723381229e-14,4.309489222e-13,1.192444753e-13,4.008337173e-13,2.747376001e-13,4.37171096e-13,4.320252408e-13,4.171264753e-13,2.323429327e-13,1.395387448e-13,3.247275395e-13,1.27550914e-13,3.982335258e-14,1.022724264e-13,1.337124192e-13,1.32099023e-13,5.764054232e-14,3.933931105e-13,2.380694239e-13,1.410527374e-12,5.653110358e-14,2.056374644e-13,9.915173645e-14
157.484375,5.167913972e-13,3.392804953e-13,5.197076952e-13,4.739464022e-13,1.814031827e-13,4.397208877e-13,9.846257544e-14,7.460748878e-14,4.079834325e-14,5.694498816e-14,4.291927045e-13,1.189876746e-13,4.02627578e-13,2.760327872e-13,4.331217815e-13,4.303667035e-13,4.153596316e-13,2.31981742e-13,1.388895204e-13,3.218767399e-13,1.27951407e-13,4.029500232e-14,1.020463017e-13,1.331765236e-13,1.321478539e-13,5.723020484e-14,3.930976681e-13,2.361159066e-13,1.412430563e-12,5.714838625e-14,2.075101636e-13,9.863106956e-14
157.4921875,5.123870757e-13,3.39307176e-13,5.192729733e-13,4.722791318e-13,1.820343866e-13,4.393116402e-13,9.827695048e-14,7.499815001e-14,4.158452374e-14,5.664622662e-14,4.273005564e-13,1.187068372e-13,4.04324073e-13,2.773201412e-13,4.29074486e-13,4.287066503e-13,4.135774292e-13,2.316134944e-13,1.382741241e-13,3.189978872e-13,1.28343581e-13,4.078917401e-14,1.017529546e-13,1.326132581e-13,1.321530062e-13,5.678893774e-14,3.925685605e-13,2.341132294e-13,1.413604986e-12,5.779921304e-14,2.093306032e-13,9.804861947e-14
157.5,5.0796133e-13,3.393487417e-13,5.186758312e-13,4.703810671e-13,1.826708498e-13,4.390442429e-13,9.80971278e-14,7.542098031e-14,4.238094495e-14,5.63236884e-14,4.253283483e-13,1.184241381e-13,4.059139673e-13,2.786840428e-13,4.251008398e-13,4.271095218e-13,4.119054813e-13,2.312354205e-13,1.37608976e-13,3.161260481e-13,1.287189514e-13,4.129516985e-14,1.014208362e-13,1.320358924e-13,1.321144239e-13,5.629485583e-14,3.917132836e-13,2.320817569e-13,1.414097445e-12,5.847646835e-14,2.11141803e-13,9.742933374e-14
157.5078125,5.03354372e-13,3.394518094e-13,5.177667511e-13,4.683432661e-13,1.832455227e-13,4.386172477e-13,9.790559165e-14,7.581988739e-14,4.316446996e-14,5.596892933e-14,4.231667855e-13,1.181597116e-13,4.073734187e-13,2.801207698e-13,4.211763928e-13,4.255253784e-13,4.103295208e-13,2.308314357e-13,1.36867756e-13,3.132853247e-13,1.291098688e-13,4.179723767e-14,1.010766853e-13,1.31506476e-13,1.320101741e-13,5.575111575e-14,3.905531087e-13,2.299949756e-13,1.414225478e-12,5.915822848e-14,2.129855218e-13,9.677229743e-14
157.515625,4.986171015e-13,3.396224991e-13,5.165841979e-13,4.664091857e-13,1.838051106e-13,4.381569749e-13,9.767472485e-14,7.619153555e-14,4.396461548e-14,5.557759914e-14,4.208496001e-13,1.179014558e-13,4.088131476e-13,2.815384797e-13,4.172782667e-13,4.239596177e-13,4.08726513e-13,2.30391857e-13,1.361259776e-13,3.104230975e-13,1.29551104e-13,4.230794058e-14,1.007163027e-13,1.310598836e-13,1.31861076e-13,5.52165209e-14,3.893613525e-13,2.278648577e-13,1.414120966e-12,5.983806868e-14,2.148389655e-13,9.605380055e-14
157.5234375,4.938307648e-13,3.397252458e-13,5.152666891e-13,4.64462805e-13,1.845307259e-13,4.377908878e-13,9.743054741e-14,7.654774112e-14,4.481617945e-14,5.516116953e-14,4.185177636e-13,1.176386993e-13,4.102989687e-13,2.82986248e-13,4.133997823e-13,4.223655177e-13,4.06964708e-13,2.298998465e-13,1.354132624e-13,3.075132896e-13,1.299976366e-13,4.283929856e-14,1.003062354e-13,1.306104998e-13,1.316859663e-13,5.4708224e-14,3.881801384e-13,2.256384566e-13,1.413460645e-12,6.052973534e-14,2.166451657e-13,9.52907446e-14
157.53125,4.89048827e-13,3.395026506e-13,5.138978306e-13,4.622346346e-13,1.854542599e-13,4.374176105e-13,9.721188938e-14,7.689768955e-14,4.571198132e-14,5.472523848e-14,4.16125893e-13,1.173721046e-13,4.117280424e-13,2.845365729e-13,4.094956172e-13,4.206237872e-13,4.05025914e-13,2.293372308e-13,1.347208274e-13,3.045983709e-13,1.303947934e-13,4.338209692e-14,9.983115113e-14,1.301226589e-13,1.314569697e-13,5.41727402e-14,3.866329216e-13,2.232708488e-13,1.412104287e-12,6.123927527e-14,2.183568952e-13,9.451978822e-14
157.5390625,4.843327946e-13,3.391826334e-13,5.124332689e-13,4.599749834e-13,1.86440005e-13,4.371222359e-13,9.699987798e-14,7.725637832e-14,4.665104051e-14,5.428054902e-14,4.135537392e-13,1.17100106e-13,4.130708082e-13,2.861067141e-13,4.055627509e-13,4.187351389e-13,4.02901315e-13,2.287116181e-13,1.340806066e-13,3.01732962e-13,1.308032215e-13,4.394161109e-14,9.931864068e-14,1.296710641e-13,1.311536846e-13,5.358657373e-14,3.845328596e-13,2.209665288e-13,1.410232339e-12,6.1946777e-14,2.199644674e-13,9.372890233e-14
157.546875,4.795334532e-13,3.391417817e-13,5.107346366e-13,4.58041579e-13,1.873753477e-13,4.370059233e-13,9.676589211e-14,7.761491194e-14,4.763642778e-14,5.382584091e-14,4.107415408e-13,1.168342495e-13,4.143595693e-13,2.876194108e-13,4.016427833e-13,4.167667032e-13,4.005441692e-13,2.280632158e-13,1.334488298e-13,2.988615125e-13,1.312880798e-13,4.451234955e-14,9.880205569e-14,1.292474536e-13,1.307784849e-13,5.297827313e-14,3.821226645e-13,2.188567735e-13,1.407696601e-12,6.263270082e-14,2.215471609e-13,9.28930083e-14
157.5546875,4.745418439e-13,3.391975656e-13,5.088315503e-13,4.561190583e-13,1.882166841e-13,4.369045251e-13,9.653191563e-14,7.798978268e-14,4.86419867e-14,5.332732164e-14,4.076595357e-13,1.165658293e-13,4.1551982e-13,2.89117554e-13,3.977706766e-13,4.148390374e-13,3.981137054e-13,2.273622161e-13,1.327334149e-13,2.959209641e-13,1.317962342e-13,4.506568891e-14,9.827136091e-14,1.288079264e-13,1.303301595e-13,5.235368691e-14,3.795846981e-13,2.16718224e-13,1.404317456e-12,6.332594969e-14,2.231771982e-13,9.201062445e-14
157.5625,4.696216735e-13,3.390690049e-13,5.069346221e-13,4.537978936e-13,1.891138808e-13,4.368133416e-13,9.63203614e-14,7.839331069e-14,4.967507674e-14,5.277452404e-14,4.044693318e-13,1.162658752e-13,4.165616158e-13,2.907235788e-13,3.94018933e-13,4.130938763e-13,3.958210513e-13,2.265478296e-13,1.319960696e-13,2.929978965e-13,1.322759979e-13,4.563218906e-14,9.766433337e-14,1.2841605e-13,1.298181238e-13,5.169938909e-14,3.768998329e-13,2.144124058e-13,1.400530028e-12,6.407797779e-14,2.248338715e-13,9.107330718e-14
157.5703125,4.64897908e-13,3.387581535e-13,5.050750134e-13,4.514002555e-13,1.901968382e-13,4.369232783e-13,9.612454065e-14,7.875693231e-14,5.075227714e-14,5.220012462e-14,4.01395114e-13,1.159352044e-13,4.175928746e-13,2.924264979e-13,3.903962679e-13,4.11394041e-13,3.935377767e-13,2.257016688e-13,1.313271262e-13,2.900808409e-13,1.3273066e-13,4.624655482e-14,9.694922225e-14,1.2809649e-13,1.292789496e-13,5.102039214e-14,3.74000661e-13,2.120863982e-13,1.396636834e-12,6.487947228e-14,2.264836761e-13,9.009725296e-14
157.578125,4.600473095e-13,3.383381443e-13,5.030315509e-13,4.493831164e-13,1.912377414e-13,4.371338519e-13,9.594649199e-14,7.906087117e-14,5.180738611e-14,5.163220732e-14,3.983202164e-13,1.155503451e-13,4.185598547e-13,2.939641383e-13,3.867965539e-13,4.095841051e-13,3.911162308e-13,2.248912566e-13,1.306474355e-13,2.87057864e-13,1.331319067e-13,4.683942615e-14,9.620463672e-14,1.277405705e-13,1.287472878e-13,5.031786833e-14,3.707166841e-13,2.097961897e-13,1.392228817e-12,6.566851061e-14,2.28054469e-13,8.913203613e-14
157.5859375,4.549699648e-13,3.380253008e-13,5.005994088e-13,4.475186502e-13,1.921586324e-13,4.372526278e-13,9.577882077e-14,7.936017919e-14,5.28083795e-14,5.107663595e-14,3.949710306e-13,1.150677851e-13,4.193764779e-13,2.952927694e-13,3.832053479e-13,4.078531293e-13,3.886655847e-13,2.240050065e-13,1.298974106e-13,2.840916582e-13,1.334733337e-13,4.737281117e-14,9.550289552e-14,1.273036534e-13,1.281935271e-13,4.959200682e-14,3.670041662e-13,2.07467169e-13,1.387106569e-12,6.642211607e-14,2.294604838e-13,8.816628986e-14
157.59375,4.500405179e-13,3.379046968e-13,4.977992936e-13,4.453634144e-13,1.932489068e-13,4.374067177e-13,9.559490122e-14,7.962853221e-14,5.383765805e-14,5.051168071e-14,3.913206915e-13,1.145434345e-13,4.200764504e-13,2.967403573e-13,3.796535204e-13,4.06135742e-13,3.861306252e-13,2.230060474e-13,1.291695712e-13,2.813231514e-13,1.338317614e-13,4.792072688e-14,9.478205025e-14,1.26917354e-13,1.275454961e-13,4.885130768e-14,3.631037418e-13,2.051454221e-13,1.381549178e-12,6.717192781e-14,2.307813125e-13,8.714495363e-14
157.6015625,4.453705375e-13,3.375686577e-13,4.949257118e-13,4.430161586e-13,1.945213951e-13,4.377889213e-13,9.541399381e-14,7.98426306e-14,5.493079729e-14,4.990959879e-14,3.875317823e-13,1.140632399e-13,4.206540133e-13,2.984020402e-13,3.760475473e-13,4.040343682e-13,3.833859331e-13,2.220372638e-13,1.285188007e-13,2.785128854e-13,1.34248014e-13,4.85115218e-14,9.398804241e-14,1.266487922e-13,1.268207303e-13,4.807119691e-14,3.59067653e-13,2.029174815e-13,1.37549034e-12,6.794148923e-14,2.321145169e-13,8.607740243e-14
157.609375,4.406003245e-13,3.367974286e-13,4.922100501e-13,4.407934653e-13,1.958503454e-13,4.384025658e-13,9.528137916e-14,8.006462545e-14,5.604767729e-14,4.929488435e-14,3.837292895e-13,1.136053107e-13,4.21142809e-13,3.001262073e-13,3.723905955e-13,4.017121863e-13,3.806604892e-13,2.211974653e-13,1.278948796e-13,2.755558091e-13,1.346469315e-13,4.911305739e-14,9.31828978e-14,1.263186816e-13,1.261144313e-13,4.722673639e-14,3.546897345e-13,2.007416355e-13,1.368745583e-12,6.873054898e-14,2.333914819e-13,8.500132328e-14
157.6171875,4.35659049e-13,3.360023218e-13,4.894485092e-13,4.386460245e-13,1.973026226e-13,4.391870542e-13,9.518684841e-14,8.02993574e-14,5.718125554e-14,4.870698978e-14,3.798527765e-13,1.13121049e-13,4.217173989e-13,3.019015274e-13,3.688727672e-13,3.996781591e-13,3.781269085e-13,2.204217697e-13,1.272790369e-13,2.726785371e-13,1.349578799e-13,4.972474429e-14,9.238564987e-14,1.258325011e-13,1.254372943e-13,4.63673647e-14,3.499929211e-13,1.985516015e-13,1.361625089e-12,6.95355406e-14,2.346179891e-13,8.391814661e-14
157.625,4.3090665e-13,3.35470173e-13,4.864025284e-13,4.365044853e-13,1.987171307e-13,4.401170891e-13,9.510121347e-14,8.052794329e-14,5.833512743e-14,4.811718252e-14,3.757974637e-13,1.126340903e-13,4.224231995e-13,3.036988894e-13,3.655901572e-13,3.979569263e-13,3.756550972e-13,2.195509915e-13,1.267109628e-13,2.699690615e-13,1.352521433e-13,5.034682878e-14,9.154014137e-14,1.253924643e-13,1.247400399e-13,4.555139953e-14,3.451387253e-13,1.963775239e-13,1.354382888e-12,7.032395093e-14,2.35913337e-13,8.283402682e-14
157.6328125,4.263292582e-13,3.349194037e-13,4.832000764e-13,4.345493103e-13,1.999763283e-13,4.411695786e-13,9.502827852e-14,8.077384726e-14,5.950464763e-14,4.749766069e-14,3.716692982e-13,1.121759891e-13,4.230825749e-13,3.054774443e-13,3.624676285e-13,3.96319285e-13,3.732158602e-13,2.185629481e-13,1.261772855e-13,2.673448519e-13,1.356250541e-13,5.097609728e-14,9.066283685e-14,1.250646883e-13,1.240257415e-13,4.475065317e-14,3.401128561e-13,1.942116467e-13,1.346840998e-12,7.10445814e-14,2.372230929e-13,8.17519449e-14
157.640625,4.215807114e-13,3.340466334e-13,4.79875357e-13,4.327116427e-13,2.013814816e-13,4.422739992e-13,9.496895967e-14,8.098713052e-14,6.067330946e-14,4.68965087e-14,3.674888293e-13,1.117026111e-13,4.235349605e-13,3.073017365e-13,3.594161338e-13,3.946291048e-13,3.707704706e-13,2.176058169e-13,1.256047186e-13,2.647254692e-13,1.360031937e-13,5.160534242e-14,8.978827929e-14,1.24685657e-13,1.232781799e-13,4.391166733e-14,3.348714839e-13,1.919510893e-13,1.338820613e-12,7.172595895e-14,2.383983553e-13,8.064188285e-14
157.6484375,4.168943102e-13,3.329789926e-13,4.763053719e-13,4.307769722e-13,2.030075608e-13,4.43443367e-13,9.492940839e-14,8.111990025e-14,6.179030212e-14,4.632378946e-14,3.630408474e-13,1.111670153e-13,4.237745171e-13,3.091551269e-13,3.564888192e-13,3.927999365e-13,3.68144582e-13,2.166591366e-13,1.250233696e-13,2.620003163e-13,1.363079511e-13,5.220531675e-14,8.887228938e-14,1.243217839e-13,1.224412937e-13,4.305319984e-14,3.294315683e-13,1.896819477e-13,1.330252375e-12,7.246461283e-14,2.394755641e-13,7.95035489e-14
157.65625,4.12722381e-13,3.319912517e-13,4.727438985e-13,4.289061742e-13,2.046753903e-13,4.448893878e-13,9.494160546e-14,8.122363806e-14,6.288972051e-14,4.570799975e-14,3.584306662e-13,1.106667285e-13,4.239206471e-13,3.111481654e-13,3.538838014e-13,3.909980046e-13,3.654722087e-13,2.156583651e-13,1.245473815e-13,2.591575168e-13,1.366413266e-13,5.281664709e-14,8.78935491e-14,1.240936956e-13,1.215405995e-13,4.222451337e-14,3.238316991e-13,1.876400205e-13,1.321212844e-12,7.326847529e-14,2.406387867e-13,7.836402688e-14
157.6640625,4.086798347e-13,3.310821525e-13,4.694067196e-13,4.27168558e-13,2.063943514e-13,4.466654486e-13,9.500125843e-14,8.130759588e-14,6.407400025e-14,4.505630364e-14,3.539576457e-13,1.103040476e-13,4.240740552e-13,3.134805049e-13,3.515881512e-13,3.894810321e-13,3.630025686e-13,2.148109077e-13,1.241142243e-13,2.563252373e-13,1.370449483e-13,5.349743728e-14,8.688104393e-14,1.238055232e-13,1.206389838e-13,4.141231575e-14,3.181785605e-13,1.857136103e-13,1.312047442e-12,7.405436851e-14,2.419769832e-13,7.721030089e-14
157.671875,4.042997151e-13,3.301071135e-13,4.659896789e-13,4.253225329e-13,2.080923278e-13,4.485631802e-13,9.507701554e-14,8.135963546e-14,6.530010005e-14,4.445505219e-14,3.494855253e-13,1.099597794e-13,4.242070737e-13,3.159192029e-13,3.493092822e-13,3.881273234e-13,3.606033979e-13,2.141375523e-13,1.235770762e-13,2.53606751e-13,1.37413443e-13,5.41785122e-14,8.584323191e-14,1.233807511e-13,1.197259481e-13,4.057497321e-14,3.124955458e-13,1.836576696e-13,1.302874705e-12,7.480463254e-14,2.433694383e-13,7.603986546e-14
157.6796875,4.000854628e-13,3.290724861e-13,4.623788655e-13,4.235004948e-13,2.097437677e-13,4.505896933e-13,9.519182731e-14,8.141394426e-14,6.647195302e-14,4.388635151e-14,3.448369474e-13,1.095242015e-13,4.242605552e-13,3.182290319e-13,3.470426066e-13,3.867065282e-13,3.581275271e-13,2.133598896e-13,1.230290404e-13,2.510648779e-13,1.377626864e-13,5.481795082e-14,8.480561422e-14,1.230335851e-13,1.18787036e-13,3.974138184e-14,3.066562786e-13,1.816825506e-13,1.293383097e-12,7.557023444e-14,2.446765814e-13,7.489135588e-14
157.6875,3.964253957e-13,3.280782317e-13,4.588320126e-13,4.219193662e-13,2.115416732e-13,4.528138294e-13,9.537153792e-14,8.140901757e-14,6.75932019e-14,4.328362388e-14,3.40160171e-13,1.090828389e-13,4.241799696e-13,3.205706207e-13,3.450797271e-13,3.853170383e-13,3.556525383e-13,2.125295012e-13,1.225991493e-13,2.486716571e-13,1.38168452e-13,5.547782644e-14,8.380192896e-14,1.227446873e-13,1.178437375e-13,3.897857218e-14,3.006397418e-13,1.800004153e-13,1.283454082e-12,7.635957977e-14,2.459033715e-13,7.376719243e-14
157.6953125,3.928846408e-13,3.272429262e-13,4.552718004e-13,4.202884973e-13,2.133346357e-13,4.550419213e-13,9.55800106e-14,8.128950733e-14,6.862394143e-14,4.269094803e-14,3.354236181e-13,1.086247092e-13,4.238963169e-13,3.22869189e-13,3.434163609e-13,3.841377267e-13,3.531537132e-13,2.117966682e-13,1.221655769e-13,2.462900967e-13,1.385771711e-13,5.61234305e-14,8.280386971e-14,1.223387248e-13,1.16880951e-13,3.829499142e-14,2.945377051e-13,1.783585817e-13,1.27323883e-12,7.713919816e-14,2.470518718e-13,7.265176039e-14
157.703125,3.893380201e-13,3.265857149e-13,4.514988934e-13,4.18528856e-13,2.148830033e-13,4.573460273e-13,9.580439671e-14,8.117937793e-14,6.953841591e-14,4.214381099e-14,3.304814083e-13,1.08054694e-13,4.235022622e-13,3.249854177e-13,3.4189095e-13,3.831343739e-13,3.506319249e-13,2.109646675e-13,1.216497837e-13,2.438492736e-13,1.389569183e-13,5.669601608e-14,8.178339457e-14,1.219264481e-13,1.158798988e-13,3.764118946e-14,2.883681182e-13,1.766107511e-13,1.262783922e-12,7.78878254e-14,2.481245024e-13,7.153474951e-14
157.7109375,3.860037394e-13,3.258193191e-13,4.476595008e-13,4.169970263e-13,2.164306096e-13,4.599746698e-13,9.607167687e-14,8.113847665e-14,7.047415922e-14,4.158403387e-14,3.254972742e-13,1.074825053e-13,4.231866372e-13,3.272156396e-13,3.405306298e-13,3.821816978e-13,3.482294303e-13,2.100063679e-13,1.211705815e-13,2.413303342e-13,1.393262714e-13,5.726803143e-14,8.075563687e-14,1.216553447e-13,1.148667551e-13,3.696289615e-14,2.82135011e-13,1.748873459e-13,1.252159718e-12,7.861901481e-14,2.492517972e-13,7.035478704e-14
157.71875,3.826539958e-13,3.246977495e-13,4.439059756e-13,4.156895248e-13,2.18179194e-13,4.626943662e-13,9.636160786e-14,8.105690658e-14,7.150781086e-14,4.101956754e-14,3.206049946e-13,1.070131507e-13,4.228545682e-13,3.296649108e-13,3.393009737e-13,3.812195134e-13,3.458528712e-13,2.091368102e-13,1.207371311e-13,2.387251259e-13,1.396505672e-13,5.787846353e-14,7.971783288e-14,1.214125968e-13,1.138375702e-13,3.624920601e-14,2.758183216e-13,1.731953423e-13,1.24141912e-12,7.937668678e-14,2.504598262e-13,6.910959268e-14
157.7265625,3.792912487e-13,3.234221811e-13,4.403030455e-13,4.14347031e-13,2.200522086e-13,4.653864118e-13,9.666657777e-14,8.090033688e-14,7.256243255e-14,4.050708007e-14,3.156981127e-13,1.065613968e-13,4.222399556e-13,3.321594465e-13,3.381535112e-13,3.802532424e-13,3.433293334e-13,2.083535867e-13,1.202402942e-13,2.361617402e-13,1.399569996e-13,5.849058941e-14,7.866108422e-14,1.210862907e-13,1.127572878e-13,3.554761537e-14,2.69296443e-13,1.715606598e-13,1.230419677e-12,8.017411985e-14,2.516110708e-13,6.792721635e-14
157.734375,3.762445314e-13,3.221794137e-13,4.368908131e-13,4.128712592e-13,2.220098363e-13,4.683667114e-13,9.704711307e-14,8.07065727e-14,7.359767685e-14,3.999730719e-14,3.10732135e-13,1.060838552e-13,4.213564849e-13,3.34756741e-13,3.371973048e-13,3.792832216e-13,3.407837776e-13,2.076282424e-13,1.196750434e-13,2.337549342e-13,1.402962187e-13,5.910664384e-14,7.759249176e-14,1.207522549e-13,1.116491525e-13,3.488667179e-14,2.625805589e-13,1.700229211e-13,1.219204006e-12,8.097519983e-14,2.527209013e-13,6.682506248e-14
157.7421875,3.732953719e-13,3.209060809e-13,4.334234617e-13,4.112697671e-13,2.239738734e-13,4.715086817e-13,9.749965584e-14,8.046762489e-14,7.459489539e-14,3.944675574e-14,3.057111604e-13,1.055879447e-13,4.204270565e-13,3.374507615e-13,3.363862817e-13,3.783188976e-13,3.383424052e-13,2.0697261e-13,1.191087271e-13,2.314460427e-13,1.406274366e-13,5.971177132e-14,7.650444772e-14,1.205153463e-13,1.105556344e-13,3.423240345e-14,2.558667164e-13,1.684445238e-13,1.208004291e-12,8.176884525e-14,2.538747942e-13,6.56660934e-14
157.75,3.704432566e-13,3.19832556e-13,4.296948963e-13,4.098756229e-13,2.259421374e-13,4.745740217e-13,9.795773354e-14,8.021502614e-14,7.553149283e-14,3.89287546e-14,3.005902447e-13,1.050489438e-13,4.195336178e-13,3.402029915e-13,3.357228803e-13,3.775537665e-13,3.360230914e-13,2.062624747e-13,1.186246843e-13,2.291960137e-13,1.409867991e-13,6.028787062e-14,7.539857115e-14,1.203665597e-13,1.094636811e-13,3.357398593e-14,2.491916835e-13,1.669444312e-13,1.196772655e-12,8.256352934e-14,2.550240641e-13,6.444572991e-14
157.7578125,3.682509505e-13,3.192188607e-13,4.258945863e-13,4.08974687e-13,2.279795141e-13,4.778903304e-13,9.84476483e-14,7.999661798e-14,7.645330018e-14,3.847778204e-14,2.954153205e-13,1.045168258e-13,4.185926688e-13,3.431477425e-13,3.355306616e-13,3.772612492e-13,3.339315833e-13,2.055297109e-13,1.182568749e-13,2.270713303e-13,1.414190061e-13,6.086528288e-14,7.428544152e-14,1.202271732e-13,1.083527375e-13,3.295623481e-14,2.424528297e-13,1.657814077e-13,1.185423978e-12,8.332993516e-14,2.561672576e-13,6.328238317e-14
157.765625,3.663595492e-13,3.185613517e-13,4.221631832e-13,4.080720257e-13,2.298958247e-13,4.814272343e-13,9.901383265e-14,7.97770842e-14,7.735802504e-14,3.80345654e-14,2.903013759e-13,1.04005487e-13,4.175138703e-13,3.460306808e-13,3.357040855e-13,3.773090378e-13,3.319410859e-13,2.048723996e-13,1.178510196e-13,2.251567335e-13,1.417640748e-13,6.141217624e-14,7.314502807e-14,1.200801632e-13,1.072247524e-13,3.240322294e-14,2.35713147e-13,1.646257417e-13,1.17411141e-12,8.405265154e-14,2.573386104e-13,6.218393331e-14
157.7734375,3.639800618e-13,3.172373904e-13,4.184994581e-13,4.067167609e-13,2.316580847e-13,4.846816051e-13,9.960264918e-14,7.950443368e-14,7.817605513e-14,3.758603157e-14,2.852963267e-13,1.034240867e-13,4.162819528e-13,3.485599482e-13,3.357342808e-13,3.772868437e-13,3.297367414e-13,2.041436457e-13,1.172768024e-13,2.234455593e-13,1.419617887e-13,6.188570436e-14,7.197836185e-14,1.199693041e-13,1.060725165e-13,3.188793066e-14,2.290746388e-13,1.630684036e-13,1.162807939e-12,8.476662257e-14,2.584650811e-13,6.108283789e-14
157.78125,3.615392801e-13,3.155620964e-13,4.149509889e-13,4.053178661e-13,2.335412647e-13,4.877948631e-13,1.001935619e-13,7.91653809e-14,7.89249463e-14,3.71879361e-14,2.803402635e-13,1.027943848e-13,4.149255791e-13,3.511476676e-13,3.358314753e-13,3.772485412e-13,3.274701966e-13,2.033213561e-13,1.166931621e-13,2.217201775e-13,1.42207389e-13,6.235215625e-14,7.082719144e-14,1.19869239e-13,1.049010234e-13,3.137323232e-14,2.224783118e-13,1.614177595e-13,1.151275455e-12,8.550112391e-14,2.595321291e-13,5.996270471e-14
157.7890625,3.596970045e-13,3.141905703e-13,4.114053936e-13,4.042718059e-13,2.355309636e-13,4.912384743e-13,1.008433113e-13,7.87730789e-14,7.964816223e-14,3.68659676e-14,2.753481152e-13,1.022099513e-13,4.134750333e-13,3.541386981e-13,3.365700605e-13,3.776040919e-13,3.25565507e-13,2.025938209e-13,1.16266491e-13,2.198303199e-13,1.425588292e-13,6.284987748e-14,6.969802132e-14,1.19695273e-13,1.037404869e-13,3.086115381e-14,2.159032249e-13,1.600939347e-13,1.139484227e-12,8.625898493e-14,2.606155393e-13,5.884762339e-14
157.796875,3.581935435e-13,3.131992569e-13,4.079033765e-13,4.035375939e-13,2.375083661e-13,4.95026556e-13,1.015606395e-13,7.836747214e-14,8.03323872e-14,3.656723809e-14,2.703923299e-13,1.016807212e-13,4.120091761e-13,3.573498192e-13,3.378467567e-13,3.784324427e-13,3.240827159e-13,2.019875143e-13,1.159054688e-13,2.179808498e-13,1.429250683e-13,6.333168939e-14,6.856905709e-14,1.194433315e-13,1.026030615e-13,3.038534042e-14,2.094496479e-13,1.590226501e-13,1.127617526e-12,8.702059982e-14,2.61749782e-13,5.775622481e-14
157.8046875,3.56675702e-13,3.124040929e-13,4.048090432e-13,4.030503245e-13,2.395223328e-13,4.9897128e-13,1.023214508e-13,7.797431376e-14,8.100006272e-14,3.621482038e-14,2.65592096e-13,1.012177039e-13,4.105559682e-13,3.60634652e-13,3.393143965e-13,3.795662693e-13,3.228058274e-13,2.014422123e-13,1.154762536e-13,2.163431097e-13,1.433324072e-13,6.378909472e-14,6.743828783e-14,1.192055328e-13,1.014733616e-13,2.995246559e-14,2.031064247e-13,1.579919073e-13,1.115818716e-12,8.775824257e-14,2.629675475e-13,5.667460132e-14
157.8125,3.551385872e-13,3.117305589e-13,4.019415205e-13,4.025662237e-13,2.414832015e-13,5.028623785e-13,1.031153223e-13,7.758199954e-14,8.168138135e-14,3.581634118e-14,2.608151106e-13,1.007933713e-13,4.089395566e-13,3.638258643e-13,3.408692366e-13,3.808657167e-13,3.214708816e-13,2.008829803e-13,1.149743031e-13,2.148254972e-13,1.437698954e-13,6.423702801e-14,6.630618722e-14,1.190388632e-13,1.003242711e-13,2.955663839e-14,1.967414549e-13,1.569402567e-13,1.104002113e-12,8.847837917e-14,2.64237071e-13,5.55945474e-14
157.8203125,3.537098926e-13,3.110887741e-13,3.987218626e-13,4.018232284e-13,2.434102103e-13,5.065876413e-13,1.0391435e-13,7.715039548e-14,8.231612491e-14,3.545361326e-14,2.558912935e-13,1.002897884e-13,4.070741455e-13,3.667951547e-13,3.424064266e-13,3.82130667e-13,3.199091218e-13,2.002236619e-13,1.144642805e-13,2.133639834e-13,1.441358164e-13,6.465895316e-14,6.517667963e-14,1.188928908e-13,9.913422916e-14,2.920859826e-14,1.90343134e-13,1.558705032e-13,1.091963182e-12,8.918022098e-14,2.654173906e-13,5.454537252e-14
157.828125,3.525367515e-13,3.10471659e-13,3.953100812e-13,4.010117807e-13,2.454294363e-13,5.103022772e-13,1.047258845e-13,7.661841793e-14,8.282003101e-14,3.516003963e-14,2.5096713e-13,9.970158538e-14,4.051843732e-13,3.697868108e-13,3.440255522e-13,3.833137248e-13,3.182558331e-13,1.995702441e-13,1.14006469e-13,2.118674693e-13,1.444761988e-13,6.503487693e-14,6.40605162e-14,1.187171149e-13,9.792413298e-14,2.888457822e-14,1.840280532e-13,1.54767102e-13,1.079787021e-12,8.982762415e-14,2.66494295e-13,5.352169937e-14
157.8359375,3.514621044e-13,3.098627784e-13,3.922097801e-13,4.002753397e-13,2.473672393e-13,5.140346614e-13,1.056022411e-13,7.600228132e-14,8.320511342e-14,3.491297052e-14,2.462477041e-13,9.914423085e-14,4.033440198e-13,3.729443471e-13,3.46060626e-13,3.846170078e-13,3.166897914e-13,1.989901556e-13,1.135823488e-13,2.101588933e-13,1.449068572e-13,6.535890479e-14,6.294585657e-14,1.185535193e-13,9.673622548e-14,2.856450934e-14,1.778327407e-13,1.536307433e-13,1.067727199e-12,9.046818803e-14,2.67616236e-13,5.249010213e-14
157.84375,3.504059648e-13,3.090300092e-13,3.894131442e-13,3.99418469e-13,2.492850147e-13,5.177650704e-13,1.065442943e-13,7.540818432e-14,8.357783907e-14,3.470455702e-14,2.416803455e-13,9.865759781e-14,4.013135324e-13,3.762433356e-13,3.485427314e-13,3.861397692e-13,3.152145101e-13,1.983877686e-13,1.131401379e-13,2.082954476e-13,1.454273242e-13,6.567093182e-14,6.181991115e-14,1.184149933e-13,9.556927128e-14,2.829811373e-14,1.717006345e-13,1.525818654e-13,1.055715094e-12,9.120732113e-14,2.688571832e-13,5.146824931e-14
157.8515625,3.496986747e-13,3.080237947e-13,3.867800798e-13,3.985080018e-13,2.514731605e-13,5.217359753e-13,1.075134635e-13,7.48432449e-14,8.398715485e-14,3.452607406e-14,2.371420584e-13,9.81970151e-14,3.990453271e-13,3.797925128e-13,3.512503365e-13,3.8787514e-13,3.138728378e-13,1.978519502e-13,1.1269739e-13,2.064696497e-13,1.459846446e-13,6.601510475e-14,6.069161808e-14,1.182155045e-13,9.439079353e-14,2.810122918e-14,1.656515767e-13,1.517016789e-13,1.043545199e-12,9.199790298e-14,2.701384225e-13,5.047370574e-14
157.859375,3.492290685e-13,3.072818649e-13,3.842535592e-13,3.978062423e-13,2.536806913e-13,5.25849102e-13,1.084894139e-13,7.422330671e-14,8.435118773e-14,3.435626172e-14,2.326279144e-13,9.769129292e-14,3.966925907e-13,3.833760526e-13,3.541108088e-13,3.898691248e-13,3.126365423e-13,1.974095725e-13,1.12263282e-13,2.047333535e-13,1.465235765e-13,6.634956544e-14,5.955809679e-14,1.179391081e-13,9.318658162e-14,2.793054852e-14,1.597781727e-13,1.508427684e-13,1.031232315e-12,9.270267748e-14,2.713097154e-13,4.949339305e-14
157.8671875,3.486432614e-13,3.068288804e-13,3.816910616e-13,3.97188158e-13,2.557166063e-13,5.297696398e-13,1.094734011e-13,7.357174187e-14,8.462846143e-14,3.419486027e-14,2.281473383e-13,9.711185243e-14,3.942537302e-13,3.867228742e-13,3.571833514e-13,3.920985584e-13,3.113927906e-13,1.968736394e-13,1.11808369e-13,2.031080753e-13,1.470158473e-13,6.66338549e-14,5.841032752e-14,1.176817966e-13,9.197349456e-14,2.779861732e-14,1.54097995e-13,1.499157927e-13,1.018927821e-12,9.334084765e-14,2.723244051e-13,4.853230402e-14
157.875,3.48266618e-13,3.063650564e-13,3.791744501e-13,3.963863904e-13,2.578365841e-13,5.337531757e-13,1.104964184e-13,7.294045842e-14,8.48865292e-14,3.403932124e-14,2.236801707e-13,9.655960673e-14,3.917430746e-13,3.901521184e-13,3.605226133e-13,3.945109815e-13,3.102917772e-13,1.964206586e-13,1.113626266e-13,2.015737034e-13,1.475070109e-13,6.690249174e-14,5.726203329e-14,1.174681473e-13,9.078156207e-14,2.773037064e-14,1.485594824e-13,1.49046351e-13,1.006853702e-12,9.402286424e-14,2.733535718e-13,4.757827808e-14
157.8828125,3.482419388e-13,3.059823671e-13,3.769692713e-13,3.955317771e-13,2.599411096e-13,5.38076523e-13,1.115658114e-13,7.226940616e-14,8.51396653e-14,3.387587874e-14,2.192642809e-13,9.613277867e-14,3.892609872e-13,3.938118727e-13,3.641467197e-13,3.971488349e-13,3.094608537e-13,1.963386216e-13,1.109521007e-13,2.000515471e-13,1.480175573e-13,6.71622506e-14,5.61256228e-14,1.172512481e-13,8.960676357e-14,2.770752614e-14,1.431376722e-13,1.482715283e-13,9.950907086e-13,9.473393061e-14,2.745462982e-13,4.661148762e-14
157.890625,3.481746604e-13,3.058086231e-13,3.750773783e-13,3.949450609e-13,2.619498342e-13,5.425089664e-13,1.126414418e-13,7.154186922e-14,8.534430974e-14,3.37251717e-14,2.149366478e-13,9.577479433e-14,3.866953767e-13,3.974056585e-13,3.681126133e-13,4.001061904e-13,3.087343078e-13,1.96408451e-13,1.105594666e-13,1.985962692e-13,1.485152526e-13,6.739831026e-14,5.499596671e-14,1.17057549e-13,8.842002374e-14,2.774312056e-14,1.378113221e-13,1.475260438e-13,9.833589578e-13,9.538449579e-14,2.757945062e-13,4.566820021e-14
157.8984375,3.48254571e-13,3.057175635e-13,3.732457995e-13,3.946067306e-13,2.641136237e-13,5.469443604e-13,1.137155877e-13,7.084688049e-14,8.549440004e-14,3.362422408e-14,2.106364467e-13,9.537927356e-14,3.839032047e-13,4.009399058e-13,3.72473663e-13,4.034245353e-13,3.080773512e-13,1.963562081e-13,1.102251409e-13,1.971793988e-13,1.490291091e-13,6.762403494e-14,5.386840828e-14,1.169123688e-13,8.723417518e-14,2.783316682e-14,1.325761201e-13,1.468676454e-13,9.714924283e-13,9.596776205e-14,2.769249759e-13,4.476104928e-14
157.90625,3.487357488e-13,3.058521642e-13,3.712267994e-13,3.942449116e-13,2.661507064e-13,5.51297696e-13,1.147824588e-13,7.019126758e-14,8.556822702e-14,3.358240505e-14,2.063773856e-13,9.490627385e-14,3.810481549e-13,4.044624276e-13,3.770270561e-13,4.069375152e-13,3.075267061e-13,1.961731624e-13,1.099621467e-13,1.955892909e-13,1.495999227e-13,6.780837919e-14,5.274547846e-14,1.167366069e-13,8.606969146e-14,2.791440968e-14,1.275599519e-13,1.463427311e-13,9.597315476e-13,9.652093492e-14,2.779528195e-13,4.38437402e-14
157.9140625,3.491246203e-13,3.062732174e-13,3.690967092e-13,3.937709176e-13,2.678712249e-13,5.553308554e-13,1.158299668e-13,6.949965778e-14,8.554889711e-14,3.359246453e-14,2.023707829e-13,9.438483357e-14,3.783407335e-13,4.079160756e-13,3.815520699e-13,4.104632673e-13,3.069545329e-13,1.958712916e-13,1.096759688e-13,1.939601333e-13,1.502004382e-13,6.793615496e-14,5.163197498e-14,1.164825564e-13,8.490813723e-14,2.799126996e-14,1.229130242e-13,1.458053941e-13,9.482194729e-13,9.703356241e-14,2.790126901e-13,4.291705449e-14
157.921875,3.492581606e-13,3.064571121e-13,3.672812235e-13,3.93259189e-13,2.698690755e-13,5.592896047e-13,1.169449783e-13,6.87790226e-14,8.550283e-14,3.362868433e-14,1.987346123e-13,9.388688121e-14,3.757355964e-13,4.116110603e-13,3.862220851e-13,4.14141562e-13,3.064415393e-13,1.955890253e-13,1.093394841e-13,1.92635368e-13,1.508207072e-13,6.808843745e-14,5.052177975e-14,1.162089312e-13,8.375884775e-14,2.812408201e-14,1.185691852e-13,1.451149105e-13,9.36893176e-13,9.751331281e-14,2.801641471e-13,4.201581143e-14
157.9296875,3.495178481e-13,3.062825513e-13,3.658883902e-13,3.927983644e-13,2.721495673e-13,5.634835388e-13,1.181602616e-13,6.80759148e-14,8.54620909e-14,3.364796229e-14,1.952995417e-13,9.344453444e-14,3.730770969e-13,4.155819321e-13,3.911967636e-13,4.180717021e-13,3.061509565e-13,1.954647397e-13,1.09025377e-13,1.914666647e-13,1.51471648e-13,6.827771819e-14,4.939424363e-14,1.159613443e-13,8.264248561e-14,2.831546196e-14,1.143843552e-13,1.443580482e-13,9.25794367e-13,9.80268613e-14,2.813813211e-13,4.113312849e-14
157.9375,3.499447821e-13,3.064212005e-13,3.645827268e-13,3.92490366e-13,2.741081467e-13,5.67653351e-13,1.193323955e-13,6.736426831e-14,8.535795393e-14,3.3651581e-14,1.918940096e-13,9.302778758e-14,3.70317025e-13,4.193732891e-13,3.963266198e-13,4.220403198e-13,3.05927743e-13,1.953507527e-13,1.087646561e-13,1.901401625e-13,1.521218449e-13,6.840957205e-14,4.824828371e-14,1.15749208e-13,8.151797952e-14,2.854710933e-14,1.103956322e-13,1.436987382e-13,9.149015932e-13,9.857395009e-14,2.826441832e-13,4.025539005e-14
157.9453125,3.505962856e-13,3.071028618e-13,3.632976985e-13,3.92223808e-13,2.759477122e-13,5.717036469e-13,1.204282933e-13,6.66111876e-14,8.516677121e-14,3.369025382e-14,1.885486361e-13,9.261644532e-14,3.675120718e-13,4.230650756e-13,4.015685248e-13,4.260003114e-13,3.056824659e-13,1.951541081e-13,1.085601223e-13,1.887639831e-13,1.527730131e-13,6.847963682e-14,4.71203066e-14,1.155791023e-13,8.036554668e-14,2.880210313e-14,1.066526314e-13,1.431624852e-13,9.040823589e-13,9.907375127e-14,2.838854452e-13,3.939284598e-14
157.953125,3.517179318e-13,3.078833798e-13,3.621713447e-13,3.917530288e-13,2.780339067e-13,5.758356017e-13,1.215593106e-13,6.584357108e-14,8.494932383e-14,3.378315098e-14,1.853173694e-13,9.219815164e-14,3.646597074e-13,4.269673479e-13,4.069193295e-13,4.300703199e-13,3.055203138e-13,1.949583204e-13,1.08399979e-13,1.874652425e-13,1.53472322e-13,6.855577715e-14,4.603631211e-14,1.154042089e-13,7.922582464e-14,2.904503486e-14,1.030530891e-13,1.427335861e-13,8.934226205e-13,9.953092218e-14,2.849979064e-13,3.856126197e-14
157.9609375,3.530287568e-13,3.085325651e-13,3.611104108e-13,3.91182081e-13,2.800651537e-13,5.799133262e-13,1.226962537e-13,6.509330774e-14,8.474210676e-14,3.391053985e-14,1.82168512e-13,9.176045583e-14,3.616801058e-13,4.30808811e-13,4.121709771e-13,4.341504367e-13,3.053576547e-13,1.94753515e-13,1.082244458e-13,1.861051692e-13,1.541921387e-13,6.863102145e-14,4.497120098e-14,1.151855018e-13,7.809863318e-14,2.928775197e-14,9.956173575e-14,1.424074082e-13,8.830712206e-13,1.000215957e-13,2.860186406e-13,3.776196109e-14
157.96875,3.540588932e-13,3.090894269e-13,3.601016778e-13,3.907439759e-13,2.819108525e-13,5.837975149e-13,1.237771785e-13,6.436245316e-14,8.452578389e-14,3.406554343e-14,1.790976168e-13,9.132689094e-14,3.586108173e-13,4.343914798e-13,4.173389816e-13,4.382221856e-13,3.051244761e-13,1.94567221e-13,1.080189866e-13,1.846576003e-13,1.548640029e-13,6.866907367e-14,4.388764668e-14,1.149768693e-13,7.696655976e-14,2.958190884e-14,9.626388265e-14,1.420525288e-13,8.729023336e-13,1.005286676e-13,2.870652506e-13,3.69631038e-14
157.9765625,3.549227878e-13,3.09687251e-13,3.59262773e-13,3.903060495e-13,2.837766247e-13,5.875827249e-13,1.248669483e-13,6.363888733e-14,8.425687366e-14,3.42376688e-14,1.761613579e-13,9.09144984e-14,3.555490592e-13,4.379358021e-13,4.227206479e-13,4.425003643e-13,3.049876241e-13,1.944963792e-13,1.078289157e-13,1.832239857e-13,1.555076538e-13,6.866620606e-14,4.279413424e-14,1.148115248e-13,7.585970615e-14,2.993841183e-14,9.317646837e-14,1.415647919e-13,8.627704488e-13,1.009846073e-13,2.881409355e-13,3.613941871e-14
157.984375,3.559804774e-13,3.105330725e-13,3.585549076e-13,3.896630038e-13,2.856895318e-13,5.912526668e-13,1.259806164e-13,6.290711588e-14,8.38995098e-14,3.440773152e-14,1.734069036e-13,9.050775255e-14,3.524395641e-13,4.415435899e-13,4.283481993e-13,4.469550884e-13,3.05015314e-13,1.944998289e-13,1.076587986e-13,1.817493447e-13,1.561796996e-13,6.862292629e-14,4.172545863e-14,1.146390773e-13,7.478407072e-14,3.033328486e-14,9.028915025e-14,1.41043516e-13,8.52809129e-13,1.013983149e-13,2.892163334e-13,3.531407351e-14
157.9921875,3.571696075e-13,3.114312262e-13,3.580137154e-13,3.888556219e-13,2.875822622e-13,5.948300962e-13,1.270644126e-13,6.215542963e-14,8.345642219e-14,3.459971278e-14,1.708677841e-13,9.010235132e-14,3.492377243e-13,4.451331848e-13,4.339575023e-13,4.512739337e-13,3.050556349e-13,1.945071265e-13,1.074902837e-13,1.801295506e-13,1.56868758e-13,6.854741432e-14,4.068628863e-14,1.144229079e-13,7.3707019e-14,3.073803012e-14,8.764473098e-14,1.405432915e-13,8.431621582e-13,1.017925479e-13,2.90254701e-13,3.45138112e-14
158,3.581127658e-13,3.120250976e-13,3.576853801e-13,3.879743482e-13,2.893446203e-13,5.983027427e-13,1.280954577e-13,6.137257333e-14,8.295999049e-14,3.484644997e-14,1.685583399e-13,8.968859627e-14,3.460247688e-13,4.485353182e-13,4.393216781e-13,4.552996572e-13,3.049230441e-13,1.944392933e-13,1.072956959e-13,1.784103338e-13,1.575414101e-13,6.844724143e-14,3.966098062e-14,1.141787683e-13,7.261701478e-14,3.114711353e-14,8.524984695e-14,1.39988496e-13,8.336912734e-13,1.021417431e-13,2.91153777e-13,3.374267902e-14
158.0078125,3.587984473e-13,3.12565548e-13,3.573152495e-13,3.870713906e-13,2.909496306e-13,6.01391832e-13,1.290459681e-13,6.056033936e-14,8.24523005e-14,3.511489325e-14,1.66417137e-13,8.925381006e-14,3.427462637e-13,4.516364454e-13,4.443878355e-13,4.591195427e-13,3.045463877e-13,1.941491028e-13,1.070179273e-13,1.766953788e-13,1.581950267e-13,6.831775151e-14,3.864811217e-14,1.139651152e-13,7.150326874e-14,3.159333388e-14,8.31007258e-14,1.393982257e-13,8.242172625e-13,1.024601917e-13,2.919568821e-13,3.299933668e-14
158.015625,3.59589074e-13,3.134198519e-13,3.568029195e-13,3.862778359e-13,2.925828074e-13,6.041366921e-13,1.299400448e-13,5.974675064e-14,8.196315488e-14,3.537118852e-14,1.64359927e-13,8.883173037e-14,3.392625311e-13,4.546262842e-13,4.49328845e-13,4.628179204e-13,3.040407069e-13,1.936911281e-13,1.066731054e-13,1.749763536e-13,1.588193082e-13,6.817291048e-14,3.764693224e-14,1.138177762e-13,7.035313613e-14,3.207729448e-14,8.12451901e-14,1.388479431e-13,8.147666289e-13,1.027990289e-13,2.928542829e-13,3.226499394e-14
158.0234375,3.604551584e-13,3.144736107e-13,3.563891931e-13,3.857268767e-13,2.94204921e-13,6.068889149e-13,1.308452899e-13,5.894605178e-14,8.145604273e-14,3.566377966e-14,1.623920756e-13,8.843138725e-14,3.35647184e-13,4.576012904e-13,4.543284232e-13,4.663766599e-13,3.035119611e-13,1.932695512e-13,1.063420096e-13,1.731680705e-13,1.594103826e-13,6.801034304e-14,3.665496663e-14,1.136635444e-13,6.918681688e-14,3.255131169e-14,7.969075892e-14,1.383441236e-13,8.053094199e-13,1.031277161e-13,2.938393371e-13,3.152647784e-14
158.03125,3.611351817e-13,3.155798231e-13,3.561072543e-13,3.852008673e-13,2.956404965e-13,6.095140063e-13,1.317229125e-13,5.816393497e-14,8.0863846e-14,3.603638997e-14,1.605737913e-13,8.798186544e-14,3.320387509e-13,4.603843356e-13,4.592794062e-13,4.698279716e-13,3.029152747e-13,1.928463537e-13,1.060230062e-13,1.712980464e-13,1.600211353e-13,6.778926365e-14,3.568552367e-14,1.134545228e-13,6.802704332e-14,3.301243066e-14,7.839169767e-14,1.378667032e-13,7.957239305e-13,1.033904749e-13,2.947543558e-13,3.08138992e-14
158.0390625,3.617829132e-13,3.166905782e-13,3.558603964e-13,3.842092952e-13,2.970648534e-13,6.117366333e-13,1.325170624e-13,5.744179399e-14,8.021214765e-14,3.644454517e-14,1.589279958e-13,8.745909626e-14,3.284321029e-13,4.630508946e-13,4.640352382e-13,4.732911778e-13,3.022993241e-13,1.922948029e-13,1.056916471e-13,1.694906345e-13,1.606901764e-13,6.752810574e-14,3.473767559e-14,1.132681822e-13,6.688375617e-14,3.350166494e-14,7.732962227e-14,1.373525391e-13,7.862619075e-13,1.036303657e-13,2.955709798e-13,3.015008123e-14
158.046875,3.624489912e-13,3.177098734e-13,3.557429906e-13,3.827876179e-13,2.98569504e-13,6.13732187e-13,1.332689068e-13,5.678060852e-14,7.957763655e-14,3.685186736e-14,1.574399178e-13,8.693362178e-14,3.248180593e-13,4.657252972e-13,4.686965199e-13,4.76762379e-13,3.01795258e-13,1.917132425e-13,1.053912075e-13,1.677430563e-13,1.613503204e-13,6.729065628e-14,3.378502869e-14,1.131212951e-13,6.577091927e-14,3.402112606e-14,7.647499078e-14,1.367281332e-13,7.773302595e-13,1.038830573e-13,2.963327857e-13,2.950723057e-14
158.0546875,3.628789432e-13,3.186819969e-13,3.557842469e-13,3.814905322e-13,2.999494986e-13,6.156124802e-13,1.339909014e-13,5.611272702e-14,7.894887436e-14,3.729341061e-14,1.561066419e-13,8.645102139e-14,3.212146031e-13,4.682123487e-13,4.732972306e-13,4.800810003e-13,3.013243653e-13,1.912058955e-13,1.051217393e-13,1.659407708e-13,1.619317954e-13,6.705326252e-14,3.282842936e-14,1.129642674e-13,6.468264981e-14,3.454001064e-14,7.578671933e-14,1.360430176e-13,7.687734922e-13,1.0410341e-13,2.970780423e-13,2.88570293e-14
158.0625,3.632417125e-13,3.196666036e-13,3.559766834e-13,3.803857969e-13,3.012534144e-13,6.172637134e-13,1.346550137e-13,5.543984437e-14,7.828525317e-14,3.776305624e-14,1.54953594e-13,8.600922362e-14,3.175728093e-13,4.705331589e-13,4.77700364e-13,4.831739983e-13,3.007643447e-13,1.906943685e-13,1.048239127e-13,1.640499778e-13,1.625069349e-13,6.675773072e-14,3.189568548e-14,1.128381938e-13,6.35997536e-14,3.505453331e-14,7.532936168e-14,1.354242077e-13,7.601978234e-13,1.043129782e-13,2.979010578e-13,2.820693615e-14
158.0703125,3.637251933e-13,3.206981154e-13,3.564036807e-13,3.791149896e-13,3.026232299e-13,6.186819994e-13,1.352791376e-13,5.481920144e-14,7.761325481e-14,3.819375238e-14,1.539691285e-13,8.559809955e-14,3.138515296e-13,4.729022701e-13,4.819445233e-13,4.861240806e-13,3.001694994e-13,1.901385789e-13,1.044806677e-13,1.621085204e-13,1.631645878e-13,6.642021302e-14,3.09913545e-14,1.127547143e-13,6.252656047e-14,3.558746823e-14,7.518983044e-14,1.349024559e-13,7.516718281e-13,1.045687588e-13,2.988202544e-13,2.756810355e-14
158.078125,3.640238744e-13,3.219006254e-13,3.569117626e-13,3.776249043e-13,3.03958791e-13,6.198154201e-13,1.358708039e-13,5.422491045e-14,7.693377618e-14,3.860705373e-14,1.531002148e-13,8.51648856e-14,3.101089106e-13,4.751670765e-13,4.861037737e-13,4.889431179e-13,2.995502194e-13,1.896211371e-13,1.041265678e-13,1.601403203e-13,1.63823444e-13,6.606401327e-14,3.011303931e-14,1.126563651e-13,6.147500446e-14,3.613558394e-14,7.528680847e-14,1.343649631e-13,7.434141504e-13,1.04798908e-13,2.996628309e-13,2.693700222e-14
158.0859375,3.642038289e-13,3.231202255e-13,3.573090052e-13,3.760382396e-13,3.052533688e-13,6.207170354e-13,1.364024315e-13,5.36095334e-14,7.619231156e-14,3.90968737e-14,1.523656471e-13,8.467290689e-14,3.064795826e-13,4.771720776e-13,4.900270998e-13,4.915391224e-13,2.988598345e-13,1.891592291e-13,1.038330587e-13,1.581413309e-13,1.643801279e-13,6.569050645e-14,2.927524662e-14,1.125852821e-13,6.04438354e-14,3.667821739e-14,7.552415795e-14,1.33741522e-13,7.353870214e-13,1.049382457e-13,3.002853059e-13,2.632015161e-14
158.09375,3.646120211e-13,3.241309161e-13,3.577702968e-13,3.744957988e-13,3.065392118e-13,6.216772638e-13,1.368569853e-13,5.299445135e-14,7.538840118e-14,3.966535831e-14,1.517821239e-13,8.417658884e-14,3.029694141e-13,4.789929633e-13,4.936867327e-13,4.939854186e-13,2.981818455e-13,1.886956309e-13,1.036239352e-13,1.560615092e-13,1.648782641e-13,6.531434719e-14,2.846870008e-14,1.125769138e-13,5.942001181e-14,3.722966429e-14,7.600712401e-14,1.331564839e-13,7.274832078e-13,1.050623753e-13,3.007564943e-13,2.572620605e-14
158.1015625,3.648416384e-13,3.25161339e-13,3.583588059e-13,3.730123159e-13,3.075914827e-13,6.224490472e-13,1.372354467e-13,5.240488369e-14,7.453884245e-14,4.025415254e-14,1.512513882e-13,8.367626361e-14,2.993054522e-13,4.804246384e-13,4.971676982e-13,4.963905389e-13,2.974959155e-13,1.881915406e-13,1.033744851e-13,1.539037655e-13,1.653231613e-13,6.488919144e-14,2.765846718e-14,1.125316634e-13,5.838724935e-14,3.78022391e-14,7.683349567e-14,1.326333273e-13,7.196101481e-13,1.052081524e-13,3.011542567e-13,2.513464474e-14
158.109375,3.644587741e-13,3.262447007e-13,3.588075201e-13,3.711461501e-13,3.082860561e-13,6.224410247e-13,1.375556885e-13,5.183746902e-14,7.361003104e-14,4.085298614e-14,1.507768037e-13,8.307791348e-14,2.953581371e-13,4.812253169e-13,5.002168078e-13,4.985223754e-13,2.966132768e-13,1.875730621e-13,1.030012155e-13,1.518135656e-13,1.656111918e-13,6.435221326e-14,2.68439704e-14,1.123851191e-13,5.73619136e-14,3.837452654e-14,7.791800681e-14,1.319104444e-13,7.117902309e-13,1.053072611e-13,3.014156279e-13,2.453614247e-14
158.1171875,3.639162118e-13,3.270300978e-13,3.59033699e-13,3.688048572e-13,3.088373603e-13,6.219080195e-13,1.378034371e-13,5.128764503e-14,7.263291955e-14,4.144160173e-14,1.504740407e-13,8.241457248e-14,2.914228787e-13,4.816603186e-13,5.02632053e-13,5.001788416e-13,2.955622316e-13,1.868060107e-13,1.026231172e-13,1.498790488e-13,1.657806452e-13,6.377876289e-14,2.606008409e-14,1.121821392e-13,5.637166665e-14,3.894646154e-14,7.920535967e-14,1.309151979e-13,7.042348856e-13,1.05334866e-13,3.015517921e-13,2.39654069e-14
158.125,3.635481584e-13,3.277484939e-13,3.591047888e-13,3.666139705e-13,3.094218667e-13,6.21332841e-13,1.379216062e-13,5.076827514e-14,7.169728076e-14,4.197407295e-14,1.502672382e-13,8.180258829e-14,2.875944437e-13,4.819993919e-13,5.046919345e-13,5.015772489e-13,2.944456874e-13,1.859742641e-13,1.023092059e-13,1.480135219e-13,1.660039439e-13,6.324453454e-14,2.532330479e-14,1.119897698e-13,5.538257183e-14,3.952606484e-14,8.075540992e-14,1.299166551e-13,6.969200361e-13,1.053232958e-13,3.01671589e-13,2.34298337e-14
158.1328125,3.630096869e-13,3.288355726e-13,3.590823748e-13,3.645322762e-13,3.099690879e-13,6.204003919e-13,1.379196929e-13,5.030946338e-14,7.078022047e-14,4.248140818e-14,1.500869495e-13,8.120158686e-14,2.835964531e-13,4.820987255e-13,5.065567153e-13,5.028008942e-13,2.931077127e-13,1.850617644e-13,1.019707319e-13,1.461446501e-13,1.663202218e-13,6.266967257e-14,2.462298844e-14,1.118411698e-13,5.435465706e-14,4.010399807e-14,8.259719592e-14,1.290190056e-13,6.896079436e-13,1.052958372e-13,3.017318066e-13,2.289374938e-14
158.140625,3.622020437e-13,3.299263622e-13,3.592724008e-13,3.6201719e-13,3.103700168e-13,6.190604529e-13,1.378657921e-13,4.988226778e-14,6.981252913e-14,4.304160799e-14,1.501176736e-13,8.054746657e-14,2.7952668e-13,4.819095334e-13,5.080545266e-13,5.036225646e-13,2.915782167e-13,1.839898508e-13,1.016172466e-13,1.442446601e-13,1.66625619e-13,6.202634389e-14,2.394162866e-14,1.116937446e-13,5.333027366e-14,4.070180122e-14,8.470964425e-14,1.281110598e-13,6.82451378e-13,1.052674523e-13,3.016739542e-13,2.236054482e-14
158.1484375,3.613999641e-13,3.305283953e-13,3.598343615e-13,3.593882566e-13,3.106161504e-13,6.178743588e-13,1.377751748e-13,4.940997589e-14,6.882701585e-14,4.367304557e-14,1.503851004e-13,7.991695025e-14,2.757057061e-13,4.816178221e-13,5.092064058e-13,5.040818325e-13,2.902028099e-13,1.828915357e-13,1.013379251e-13,1.422417883e-13,1.668384925e-13,6.140486857e-14,2.32624943e-14,1.115143008e-13,5.235541559e-14,4.133193708e-14,8.703685987e-14,1.271667759e-13,6.757151507e-13,1.052363899e-13,3.016103061e-13,2.185725327e-14
158.15625,3.605579174e-13,3.308573006e-13,3.604573737e-13,3.568503187e-13,3.107507904e-13,6.16631765e-13,1.37635446e-13,4.892037014e-14,6.786007395e-14,4.434538641e-14,1.506761178e-13,7.934512227e-14,2.719456173e-13,4.812198819e-13,5.101472542e-13,5.043945685e-13,2.889747904e-13,1.818933981e-13,1.010886116e-13,1.40158068e-13,1.669802484e-13,6.078936608e-14,2.259075651e-14,1.113499767e-13,5.141000017e-14,4.196238341e-14,8.953331559e-14,1.261688472e-13,6.692290635e-13,1.051918767e-13,3.015588957e-13,2.1369946e-14
158.1640625,3.595158031e-13,3.313799064e-13,3.610824364e-13,3.538849079e-13,3.108654037e-13,6.147489e-13,1.374340504e-13,4.849188911e-14,6.690320861e-14,4.503648645e-14,1.510150798e-13,7.880356853e-14,2.679883429e-13,4.806539251e-13,5.108569285e-13,5.045586555e-13,2.876313941e-13,1.809093857e-13,1.0081855e-13,1.381082461e-13,1.671485972e-13,6.011878657e-14,2.195454353e-14,1.112015648e-13,5.046966312e-14,4.260210976e-14,9.228390557e-14,1.251263754e-13,6.628473266e-13,1.051439969e-13,3.014530804e-13,2.088272916e-14
158.171875,3.584148302e-13,3.322514659e-13,3.619744358e-13,3.508154041e-13,3.109984043e-13,6.125638678e-13,1.371264517e-13,4.809011629e-14,6.598671619e-14,4.575353752e-14,1.515609839e-13,7.834557888e-14,2.640361013e-13,4.800229653e-13,5.113468198e-13,5.045105259e-13,2.86227632e-13,1.798855258e-13,1.005912613e-13,1.361025324e-13,1.673695581e-13,5.94527632e-14,2.135580593e-14,1.110373094e-13,4.952680966e-14,4.329135055e-14,9.537414145e-14,1.241932294e-13,6.5673233e-13,1.05099879e-13,3.014048306e-13,2.041029008e-14
158.1796875,3.572863878e-13,3.332599997e-13,3.629900419e-13,3.483356579e-13,3.110057235e-13,6.105018785e-13,1.367177519e-13,4.76821576e-14,6.510972059e-14,4.651174801e-14,1.522693228e-13,7.797209876e-14,2.602246168e-13,4.792611861e-13,5.116133808e-13,5.042036456e-13,2.848547166e-13,1.788087192e-13,1.00414225e-13,1.341224806e-13,1.675668639e-13,5.882080429e-14,2.07743019e-14,1.10874033e-13,4.858117792e-14,4.40209286e-14,9.873492817e-14,1.233973033e-13,6.509067695e-13,1.050359393e-13,3.01447974e-13,1.996652701e-14
158.1875,3.559153184e-13,3.340659644e-13,3.639216131e-13,3.458814266e-13,3.108603493e-13,6.082588154e-13,1.362857726e-13,4.73378864e-14,6.420852121e-14,4.728698909e-14,1.530955436e-13,7.757494339e-14,2.563880051e-13,4.781915498e-13,5.115451268e-13,5.035977062e-13,2.834095427e-13,1.776583428e-13,1.002354405e-13,1.322023065e-13,1.677217348e-13,5.816161583e-14,2.022683905e-14,1.106564307e-13,4.76707327e-14,4.47603737e-14,1.02346088e-13,1.225709156e-13,6.452746566e-13,1.049309206e-13,3.014103694e-13,1.955747573e-14
158.1953125,3.542671074e-13,3.345700737e-13,3.649230744e-13,3.427825043e-13,3.107160882e-13,6.055302651e-13,1.358279062e-13,4.706587015e-14,6.327025585e-14,4.80495285e-14,1.540724429e-13,7.712440452e-14,2.524698293e-13,4.768303927e-13,5.111039358e-13,5.027616411e-13,2.818736429e-13,1.765389654e-13,1.000680104e-13,1.302984568e-13,1.67837843e-13,5.745878041e-14,1.973396966e-14,1.103530359e-13,4.682141924e-14,4.550259709e-14,1.062715451e-13,1.216169413e-13,6.399217507e-13,1.048101618e-13,3.012499853e-13,1.917214767e-14
158.203125,3.523629027e-13,3.349164979e-13,3.659341088e-13,3.394085782e-13,3.104033383e-13,6.022825947e-13,1.352633642e-13,4.678221699e-14,6.230699114e-14,4.88276989e-14,1.550986872e-13,7.663691604e-14,2.485429769e-13,4.7509635e-13,5.102634771e-13,5.016616437e-13,2.801919729e-13,1.754053242e-13,9.987811935e-14,1.283814607e-13,1.678502034e-13,5.670660782e-14,1.926533067e-14,1.101253986e-13,4.598898403e-14,4.6275911e-14,1.104044203e-13,1.204806618e-13,6.348828328e-13,1.04705221e-13,3.009697855e-13,1.878168057e-14
158.2109375,3.501097925e-13,3.351694431e-13,3.668361487e-13,3.360622298e-13,3.09742551e-13,5.986440752e-13,1.346126292e-13,4.647593956e-14,6.13251519e-14,4.964338819e-14,1.561118208e-13,7.611170386e-14,2.446107141e-13,4.729379205e-13,5.090172696e-13,5.001467322e-13,2.782839379e-13,1.740327442e-13,9.95902331e-14,1.26529662e-13,1.677911977e-13,5.589974504e-14,1.880499987e-14,1.100371235e-13,4.514405072e-14,4.710758144e-14,1.146062878e-13,1.191639221e-13,6.299958948e-13,1.045779671e-13,3.005037318e-13,1.839488488e-14
158.21875,3.476666479e-13,3.352838294e-13,3.679928979e-13,3.325856615e-13,3.090958328e-13,5.949560421e-13,1.339628131e-13,4.620314605e-14,6.039037785e-14,5.046109107e-14,1.573152001e-13,7.565142109e-14,2.406608839e-13,4.707359665e-13,5.07531743e-13,4.982831321e-13,2.763471179e-13,1.725551858e-13,9.929300447e-14,1.247388904e-13,1.677680787e-13,5.511815259e-14,1.83830083e-14,1.099214859e-13,4.432296273e-14,4.795764062e-14,1.18987022e-13,1.178835562e-13,6.25251789e-13,1.043901852e-13,3.000313013e-13,1.804975424e-14
158.2265625,3.452452781e-13,3.353516456e-13,3.695403958e-13,3.290194715e-13,3.085609717e-13,5.912098692e-13,1.332887836e-13,4.596409771e-14,5.951867242e-14,5.127528e-14,1.588923144e-13,7.532611394e-14,2.367311148e-13,4.685724848e-13,5.057999762e-13,4.961821354e-13,2.744875555e-13,1.712131993e-13,9.909280297e-14,1.229527366e-13,1.677330533e-13,5.439964419e-14,1.800174895e-14,1.097113195e-13,4.354586034e-14,4.879595478e-14,1.236831997e-13,1.167606879e-13,6.208610021e-13,1.041919241e-13,2.997591346e-13,1.773723074e-14
158.234375,3.427354679e-13,3.355305996e-13,3.710531174e-13,3.254767166e-13,3.076809447e-13,5.870830182e-13,1.325105385e-13,4.572479928e-14,5.861598839e-14,5.213781003e-14,1.607038858e-13,7.499969351e-14,2.328761943e-13,4.659597102e-13,5.036065501e-13,4.938510822e-13,2.725580616e-13,1.698372174e-13,9.890097097e-14,1.212170054e-13,1.676129177e-13,5.366353699e-14,1.764513636e-14,1.094791352e-13,4.279052989e-14,4.965917777e-14,1.286217108e-13,1.156340796e-13,6.168493276e-13,1.040016061e-13,2.995083674e-13,1.742210847e-14
158.2421875,3.401163045e-13,3.357213697e-13,3.724130163e-13,3.218845085e-13,3.064925482e-13,5.827279645e-13,1.316429591e-13,4.549744657e-14,5.765599881e-14,5.307999826e-14,1.625039012e-13,7.457814853e-14,2.290755417e-13,4.628734956e-13,5.010986735e-13,4.914686288e-13,2.706567097e-13,1.683323726e-13,9.866883278e-14,1.195456233e-13,1.674609509e-13,5.28764866e-14,1.73283539e-14,1.092512152e-13,4.20409916e-14,5.054224562e-14,1.33727112e-13,1.144608468e-13,6.130824906e-13,1.037533697e-13,2.990726837e-13,1.710607262e-14
158.25,3.373883741e-13,3.35679655e-13,3.739198738e-13,3.18177077e-13,3.053744419e-13,5.783199368e-13,1.307287912e-13,4.530174643e-14,5.669694415e-14,5.409347044e-14,1.643090071e-13,7.4164347e-14,2.252386026e-13,4.596465861e-13,4.985063914e-13,4.890880014e-13,2.68870709e-13,1.668674995e-13,9.849614416e-14,1.178958305e-13,1.672720841e-13,5.207682323e-14,1.705127477e-14,1.090252749e-13,4.129921938e-14,5.145112696e-14,1.390847786e-13,1.133493853e-13,6.096742051e-13,1.03458033e-13,2.985159195e-13,1.680970508e-14
158.2578125,3.341572852e-13,3.353773295e-13,3.757013466e-13,3.144178009e-13,3.042023729e-13,5.735135175e-13,1.29744301e-13,4.51056647e-14,5.576524251e-14,5.514674419e-14,1.663268483e-13,7.385608147e-14,2.213934516e-13,4.561853521e-13,4.956037374e-13,4.863682597e-13,2.669366715e-13,1.653863107e-13,9.837786268e-14,1.162796729e-13,1.670061074e-13,5.127823763e-14,1.678836255e-14,1.087629295e-13,4.058263616e-14,5.247738305e-14,1.447765483e-13,1.12252661e-13,6.067444108e-13,1.031946787e-13,2.979910555e-13,1.654116753e-14
158.265625,3.304099869e-13,3.349389436e-13,3.776504651e-13,3.10690747e-13,3.027890904e-13,5.682111122e-13,1.286753293e-13,4.48935251e-14,5.487194775e-14,5.618606868e-14,1.685834407e-13,7.363759358e-14,2.176304089e-13,4.524393447e-13,4.922970364e-13,4.832533491e-13,2.648548527e-13,1.637972423e-13,9.82297006e-14,1.146648943e-13,1.667509674e-13,5.048033906e-14,1.654224358e-14,1.08438598e-13,3.991355203e-14,5.360802578e-14,1.507252415e-13,1.111024445e-13,6.040218166e-13,1.029569117e-13,2.976387031e-13,1.629582053e-14
158.2734375,3.267971623e-13,3.344451123e-13,3.795668252e-13,3.068702479e-13,3.012307247e-13,5.627318583e-13,1.275763642e-13,4.4704806e-14,5.399016517e-14,5.717790235e-14,1.708903975e-13,7.34174979e-14,2.138911623e-13,4.485843721e-13,4.889055746e-13,4.801338522e-13,2.629102512e-13,1.622022781e-13,9.808985178e-14,1.130054651e-13,1.665427725e-13,4.966839344e-14,1.632386414e-14,1.081444991e-13,3.929106327e-14,5.473406197e-14,1.567964847e-13,1.099395137e-13,6.012989371e-13,1.026988112e-13,2.973784244e-13,1.60646022e-14
158.28125,3.234251069e-13,3.339381045e-13,3.813960416e-13,3.028217116e-13,2.995919027e-13,5.572219779e-13,1.264902517e-13,4.453019274e-14,5.306251765e-14,5.814807465e-14,1.731861602e-13,7.313407676e-14,2.101482574e-13,4.445452144e-13,4.854753497e-13,4.770780296e-13,2.610436717e-13,1.605784381e-13,9.803169478e-14,1.114118504e-13,1.662826525e-13,4.883565341e-14,1.612938339e-14,1.078938544e-13,3.869974417e-14,5.587945804e-14,1.630070678e-13,1.087915664e-13,5.987920352e-13,1.024202476e-13,2.969359383e-13,1.585184316e-14
158.2890625,3.198337828e-13,3.334386054e-13,3.833847022e-13,2.988059133e-13,2.979708638e-13,5.516828481e-13,1.25361664e-13,4.431416563e-14,5.212404251e-14,5.91537073e-14,1.756112908e-13,7.288561387e-14,2.065118819e-13,4.402987766e-13,4.817885372e-13,4.738351135e-13,2.591047191e-13,1.589374367e-13,9.804497916e-14,1.100011647e-13,1.659618974e-13,4.802287881e-14,1.596841094e-14,1.075706557e-13,3.813195007e-14,5.710808841e-14,1.694676085e-13,1.077078299e-13,5.967382893e-13,1.021174753e-13,2.963633542e-13,1.565947458e-14
158.296875,3.160826972e-13,3.330201516e-13,3.856695142e-13,2.949889652e-13,2.964112173e-13,5.460307018e-13,1.241127054e-13,4.408705706e-14,5.123104397e-14,6.023063602e-14,1.781964493e-13,7.278434385e-14,2.029622608e-13,4.360147778e-13,4.778613424e-13,4.7041196e-13,2.572019236e-13,1.574681247e-13,9.809332664e-14,1.087025625e-13,1.656584063e-13,4.722994293e-14,1.584592739e-14,1.072134876e-13,3.758574314e-14,5.837100543e-14,1.761261479e-13,1.067171267e-13,5.951817258e-13,1.017731016e-13,2.958961237e-13,1.546801616e-14
158.3046875,3.124392936e-13,3.326547343e-13,3.881360497e-13,2.910440547e-13,2.947834502e-13,5.401761755e-13,1.227997295e-13,4.391593811e-14,5.036122381e-14,6.135026173e-14,1.808017179e-13,7.277153359e-14,1.994148024e-13,4.317211063e-13,4.737745281e-13,4.668953215e-13,2.554042213e-13,1.560968429e-13,9.81747464e-14,1.073900675e-13,1.653780251e-13,4.642371235e-14,1.574413132e-14,1.069135771e-13,3.706888398e-14,5.962253377e-14,1.828624768e-13,1.057564278e-13,5.940624681e-13,1.013848053e-13,2.95442655e-13,1.528449428e-14
158.3125,3.087119106e-13,3.319960382e-13,3.906777421e-13,2.868915928e-13,2.931214435e-13,5.342900344e-13,1.215306677e-13,4.377883651e-14,4.952880206e-14,6.242892789e-14,1.833957009e-13,7.278362728e-14,1.95948705e-13,4.2741844e-13,4.694798356e-13,4.631371987e-13,2.536530464e-13,1.546144958e-13,9.83066441e-14,1.060756117e-13,1.650749175e-13,4.564462144e-14,1.565608032e-14,1.066120426e-13,3.659337492e-14,6.088270923e-14,1.89739e-13,1.048362633e-13,5.932455821e-13,1.009544342e-13,2.949251139e-13,1.514634586e-14
158.3203125,3.047262799e-13,3.309695642e-13,3.931013777e-13,2.828260106e-13,2.914542679e-13,5.283279153e-13,1.202522363e-13,4.363257034e-14,4.876268672e-14,6.342231926e-14,1.860666488e-13,7.284549419e-14,1.926079586e-13,4.229860381e-13,4.649255104e-13,4.590578229e-13,2.518544724e-13,1.530964152e-13,9.846391166e-14,1.048568509e-13,1.646906711e-13,4.490773027e-14,1.558732957e-14,1.063305623e-13,3.615925346e-14,6.219071805e-14,1.96805491e-13,1.039607239e-13,5.927151443e-13,1.005039591e-13,2.944931147e-13,1.504846901e-14
158.328125,3.005931189e-13,3.300451795e-13,3.953558583e-13,2.787593109e-13,2.895618486e-13,5.218675101e-13,1.188480054e-13,4.347688855e-14,4.800358354e-14,6.438206821e-14,1.888516424e-13,7.294131127e-14,1.893040836e-13,4.181649931e-13,4.600514602e-13,4.548088169e-13,2.499216326e-13,1.516050829e-13,9.860700225e-14,1.037020083e-13,1.642130575e-13,4.415301904e-14,1.554011269e-14,1.061552221e-13,3.576173963e-14,6.35710565e-14,2.039685628e-13,1.029881414e-13,5.925447321e-13,1.000646416e-13,2.94102596e-13,1.495890706e-14
158.3359375,2.963839511e-13,3.292903125e-13,3.978313039e-13,2.744405617e-13,2.874106468e-13,5.149941669e-13,1.173393746e-13,4.329636707e-14,4.722284843e-14,6.537607285e-14,1.918173841e-13,7.30501448e-14,1.860139225e-13,4.130986005e-13,4.548653548e-13,4.504772126e-13,2.479621841e-13,1.500223007e-13,9.876672429e-14,1.024846525e-13,1.637385872e-13,4.338804299e-14,1.55217742e-14,1.05967216e-13,3.53902847e-14,6.498613981e-14,2.112901751e-13,1.019468047e-13,5.926115992e-13,9.961449091e-14,2.936138729e-13,1.488172457e-14
158.34375,2.921342325e-13,3.283891109e-13,4.007262365e-13,2.700120447e-13,2.851520657e-13,5.082134413e-13,1.158024807e-13,4.309445061e-14,4.645886262e-14,6.640028665e-14,1.950331307e-13,7.320270683e-14,1.827755867e-13,4.080534564e-13,4.495557146e-13,4.460771828e-13,2.461811037e-13,1.483839978e-13,9.897237028e-14,1.012660401e-13,1.63311839e-13,4.264849338e-14,1.553419817e-14,1.056338597e-13,3.503732068e-14,6.639894301e-14,2.189054593e-13,1.010470022e-13,5.928446223e-13,9.911738143e-14,2.931004803e-13,1.482823193e-14
158.3515625,2.878729455e-13,3.275605263e-13,4.038369974e-13,2.65689193e-13,2.828118278e-13,5.015388984e-13,1.142564972e-13,4.293553834e-14,4.571499811e-14,6.740709337e-14,1.983786579e-13,7.342847165e-14,1.796371159e-13,4.029311784e-13,4.442806051e-13,4.41775738e-13,2.446061109e-13,1.468452387e-13,9.920358536e-14,1.002182403e-13,1.628538584e-13,4.190568749e-14,1.557089868e-14,1.052258503e-13,3.473226734e-14,6.785651049e-14,2.266865034e-13,1.002711327e-13,5.934614709e-13,9.861176261e-14,2.926891678e-13,1.47969952e-14
158.359375,2.83503305e-13,3.269100768e-13,4.071158398e-13,2.614803735e-13,2.804611045e-13,4.946717283e-13,1.126920452e-13,4.283984141e-14,4.499922586e-14,6.83778367e-14,2.017345653e-13,7.375351991e-14,1.766411487e-13,3.977211343e-13,4.389413864e-13,4.375987107e-13,2.431288186e-13,1.454082077e-13,9.946810998e-14,9.929700474e-14,1.623594078e-13,4.115461985e-14,1.563881332e-14,1.048511447e-13,3.4499597e-14,6.939872951e-14,2.345090072e-13,9.947560068e-14,5.945228396e-13,9.814535669e-14,2.924334286e-13,1.479894532e-14
158.3671875,2.789585502e-13,3.258819108e-13,4.10553545e-13,2.572488732e-13,2.781117106e-13,4.875497704e-13,1.111032821e-13,4.276492881e-14,4.43269728e-14,6.933414581e-14,2.051839871e-13,7.414650047e-14,1.736876045e-13,3.92481889e-13,4.333545599e-13,4.332648254e-13,2.416461388e-13,1.439589248e-13,9.974670188e-14,9.833984933e-14,1.618780044e-13,4.040725945e-14,1.57454964e-14,1.045427348e-13,3.430699602e-14,7.100144794e-14,2.42519606e-13,9.864085798e-14,5.958451602e-13,9.767777411e-14,2.922646875e-13,1.482683285e-14
158.375,2.743560361e-13,3.244789994e-13,4.141301908e-13,2.52764699e-13,2.756058726e-13,4.803247878e-13,1.095375189e-13,4.270904702e-14,4.365381609e-14,7.03047786e-14,2.087835066e-13,7.454318344e-14,1.706878452e-13,3.870931648e-13,4.276583259e-13,4.28870715e-13,2.402436696e-13,1.42467834e-13,1.00002267e-13,9.734957654e-14,1.613916462e-13,3.96425082e-14,1.587777584e-14,1.042486954e-13,3.414011416e-14,7.265394977e-14,2.508116166e-13,9.775526138e-14,5.97511544e-13,9.71675154e-14,2.92052558e-13,1.484625395e-14
158.3828125,2.698638233e-13,3.23362065e-13,4.181056718e-13,2.480492396e-13,2.730294279e-13,4.731979237e-13,1.080427848e-13,4.267909881e-14,4.296445783e-14,7.131421609e-14,2.124904633e-13,7.501415835e-14,1.678019043e-13,3.817515976e-13,4.22244103e-13,4.249205078e-13,2.391445446e-13,1.410804269e-13,1.003221556e-13,9.643490308e-14,1.609543454e-13,3.888685278e-14,1.601784818e-14,1.038992251e-13,3.403229619e-14,7.437702618e-14,2.592618069e-13,9.68713113e-14,5.99782092e-13,9.66604409e-14,2.919019734e-13,1.485656206e-14
158.390625,2.6551261e-13,3.225785694e-13,4.22503965e-13,2.434820052e-13,2.705758401e-13,4.661722462e-13,1.065494716e-13,4.263319934e-14,4.231299429e-14,7.237898733e-14,2.163198409e-13,7.564360221e-14,1.651346479e-13,3.767184562e-13,4.171555918e-13,4.213386498e-13,2.382458454e-13,1.399338585e-13,1.007689226e-13,9.562071738e-14,1.606498191e-13,3.818034982e-14,1.616035286e-14,1.035730339e-13,3.397569325e-14,7.617812411e-14,2.677680082e-13,9.616235904e-14,6.025593117e-13,9.619341467e-14,2.9198861e-13,1.488686664e-14
158.3984375,2.6107504e-13,3.217725009e-13,4.270531595e-13,2.392598639e-13,2.681149852e-13,4.590742423e-13,1.050065139e-13,4.256104902e-14,4.171364097e-14,7.347847187e-14,2.202973489e-13,7.635562938e-14,1.625504474e-13,3.717057035e-13,4.120944878e-13,4.176676359e-13,2.372772067e-13,1.389397807e-13,1.012445342e-13,9.486681252e-14,1.603730807e-13,3.74925642e-14,1.63110688e-14,1.033334627e-13,3.394331746e-14,7.803905979e-14,2.763510025e-13,9.564073818e-14,6.055463735e-13,9.574282234e-14,2.922096601e-13,1.494085478e-14
158.40625,2.562686661e-13,3.208934497e-13,4.318820351e-13,2.351829775e-13,2.655097549e-13,4.518859852e-13,1.034815756e-13,4.249128931e-14,4.114049259e-14,7.457321389e-14,2.244561553e-13,7.711241353e-14,1.600088199e-13,3.664653722e-13,4.069345701e-13,4.139465609e-13,2.363362346e-13,1.37927683e-13,1.017211991e-13,9.420816961e-14,1.600119425e-13,3.680853172e-14,1.647427507e-14,1.03038155e-13,3.39583978e-14,7.994517714e-14,2.850502002e-13,9.51528398e-14,6.087701803e-13,9.53091536e-14,2.924690363e-13,1.500758788e-14
158.4140625,2.512639305e-13,3.198458699e-13,4.371084905e-13,2.310222409e-13,2.628859949e-13,4.446584871e-13,1.019683192e-13,4.241435258e-14,4.059028305e-14,7.567287325e-14,2.288685529e-13,7.79756812e-14,1.575974784e-13,3.612057195e-13,4.016537306e-13,4.102617931e-13,2.355457248e-13,1.368783029e-13,1.022815339e-13,9.369700456e-14,1.596429832e-13,3.616036671e-14,1.664063058e-14,1.026474113e-13,3.402345566e-14,8.190306057e-14,2.938314898e-13,9.467026596e-14,6.123869324e-13,9.490891823e-14,2.92849471e-13,1.508990361e-14
158.421875,2.465425199e-13,3.185848864e-13,4.42437527e-13,2.267675877e-13,2.603445016e-13,4.374231314e-13,1.004157833e-13,4.231788972e-14,4.006374759e-14,7.679830153e-14,2.334478851e-13,7.893065438e-14,1.553142035e-13,3.561395923e-13,3.963305437e-13,4.065297516e-13,2.348297706e-13,1.359195261e-13,1.029199858e-13,9.323522814e-14,1.59330176e-13,3.554813558e-14,1.680388631e-14,1.022710082e-13,3.410387735e-14,8.390588429e-14,3.026134145e-13,9.429554103e-14,6.161917524e-13,9.451560032e-14,2.933492063e-13,1.518936157e-14
158.4296875,2.42112008e-13,3.17494199e-13,4.478307106e-13,2.225488335e-13,2.578445701e-13,4.303447991e-13,9.890063611e-14,4.222080995e-14,3.955896043e-14,7.790511267e-14,2.379806642e-13,7.993960053e-14,1.531497807e-13,3.513087957e-13,3.913391602e-13,4.030819881e-13,2.34310285e-13,1.351872333e-13,1.035908971e-13,9.271680082e-14,1.590429954e-13,3.495395803e-14,1.698022381e-14,1.018255768e-13,3.4220585e-14,8.593396772e-14,3.113455275e-13,9.407983279e-14,6.199797038e-13,9.410068643e-14,2.939012782e-13,1.52948874e-14
158.4375,2.376161219e-13,3.167245443e-13,4.53455669e-13,2.184083201e-13,2.553781154e-13,4.234329663e-13,9.745201669e-14,4.213209743e-14,3.908841612e-14,7.897103104e-14,2.424622547e-13,8.100703703e-14,1.511081236e-13,3.466331835e-13,3.867321811e-13,4.000356667e-13,2.340542953e-13,1.346437776e-13,1.04301063e-13,9.221297464e-14,1.587854189e-13,3.438217187e-14,1.718881219e-14,1.012620808e-13,3.440564791e-14,8.798989795e-14,3.200536849e-13,9.395932978e-14,6.241110416e-13,9.366001216e-14,2.944680758e-13,1.540210294e-14
158.4453125,2.330806465e-13,3.158853648e-13,4.592718863e-13,2.142862782e-13,2.530074642e-13,4.164371556e-13,9.597598471e-14,4.205922956e-14,3.865752742e-14,8.005322909e-14,2.470795118e-13,8.213628997e-14,1.491215668e-13,3.420169546e-13,3.820855203e-13,3.969007491e-13,2.338370172e-13,1.341012081e-13,1.050523077e-13,9.17973671e-14,1.585967378e-13,3.383670866e-14,1.742675277e-14,1.008046351e-13,3.462283776e-14,9.008549187e-14,3.288852696e-13,9.385929368e-14,6.28943115e-13,9.320198503e-14,2.950563092e-13,1.552745128e-14
158.453125,2.286462282e-13,3.148689086e-13,4.653047785e-13,2.102245965e-13,2.507212057e-13,4.09304435e-13,9.447813813e-14,4.20023548e-14,3.824597644e-14,8.115426954e-14,2.518694798e-13,8.339407072e-14,1.471826293e-13,3.375265595e-13,3.774049973e-13,3.936944435e-13,2.336019751e-13,1.335171009e-13,1.058398388e-13,9.142996386e-14,1.58522715e-13,3.330827598e-14,1.767892431e-14,1.004786694e-13,3.48498571e-14,9.22413095e-14,3.37944758e-13,9.382610528e-14,6.341224087e-13,9.275189399e-14,2.958101183e-13,1.568113691e-14
158.4609375,2.24144005e-13,3.139976226e-13,4.715257278e-13,2.062543991e-13,2.48491942e-13,4.021993649e-13,9.30260614e-14,4.192245383e-14,3.782917328e-14,8.22178013e-14,2.566400565e-13,8.482604823e-14,1.453583202e-13,3.332391295e-13,3.729831505e-13,3.908131284e-13,2.334416303e-13,1.330341824e-13,1.066761326e-13,9.107336736e-14,1.585555166e-13,3.279167029e-14,1.794376758e-14,1.000259085e-13,3.512254102e-14,9.445602183e-14,3.470512017e-13,9.390369812e-14,6.392455474e-13,9.230354343e-14,2.967460872e-13,1.584387891e-14
158.46875,2.196455706e-13,3.132767602e-13,4.778493784e-13,2.022536452e-13,2.46456892e-13,3.952819638e-13,9.161235269e-14,4.180168846e-14,3.740997323e-14,8.327212715e-14,2.613194896e-13,8.6329279e-14,1.43656809e-13,3.291836087e-13,3.687235025e-13,3.880644986e-13,2.334174708e-13,1.327305042e-13,1.075896393e-13,9.072773981e-14,1.58570139e-13,3.230537523e-14,1.822753541e-14,9.942252799e-14,3.545433168e-14,9.666600511e-14,3.560154845e-13,9.401531559e-14,6.445349248e-13,9.182871556e-14,2.976213893e-13,1.601065872e-14
158.4765625,2.15415742e-13,3.12387841e-13,4.846554658e-13,1.982212134e-13,2.446214714e-13,3.886698549e-13,9.02494335e-14,4.166575311e-14,3.700231009e-14,8.435620281e-14,2.662011543e-13,8.784023996e-14,1.420607663e-13,3.25384394e-13,3.645961642e-13,3.852686695e-13,2.337046842e-13,1.325640991e-13,1.085857278e-13,9.044902324e-14,1.585307322e-13,3.185823564e-14,1.851812276e-14,9.884186525e-14,3.582604405e-14,9.888146607e-14,3.649417867e-13,9.41783576e-14,6.501502925e-13,9.138077407e-14,2.984305972e-13,1.621313334e-14
158.484375,2.111922957e-13,3.113267746e-13,4.921074411e-13,1.943005441e-13,2.426880918e-13,3.821529387e-13,8.894116392e-14,4.152331653e-14,3.660486077e-14,8.540876707e-14,2.714833207e-13,8.941625253e-14,1.405374249e-13,3.216400382e-13,3.607237302e-13,3.826251854e-13,2.342210666e-13,1.324572901e-13,1.095698312e-13,9.030012639e-14,1.58597021e-13,3.141065567e-14,1.880374796e-14,9.829930019e-14,3.622521465e-14,1.012039048e-13,3.739124677e-13,9.452289134e-14,6.558119494e-13,9.101676153e-14,2.994112548e-13,1.645456925e-14
158.4921875,2.066940238e-13,3.104276493e-13,4.994118283e-13,1.904948056e-13,2.406020811e-13,3.753154997e-13,8.759270039e-14,4.139275976e-14,3.623863461e-14,8.641161648e-14,2.768181531e-13,9.106309241e-14,1.390327199e-13,3.177653847e-13,3.568515737e-13,3.800977044e-13,2.345696274e-13,1.32350826e-13,1.104588637e-13,9.018906452e-14,1.588135382e-13,3.094705154e-14,1.909824914e-14,9.77469128e-14,3.662957546e-14,1.035760934e-13,3.828364745e-13,9.50048707e-14,6.614526429e-13,9.065311533e-14,3.005556566e-13,1.670114938e-14
158.5,2.022469864e-13,3.098525307e-13,5.060183116e-13,1.867486784e-13,2.385917981e-13,3.682083025e-13,8.61749772e-14,4.131322002e-14,3.594089083e-14,8.744794048e-14,2.818448483e-13,9.275104247e-14,1.375792198e-13,3.139151124e-13,3.527711496e-13,3.776239887e-13,2.347376354e-13,1.322613098e-13,1.113315577e-13,8.998785708e-14,1.590183183e-13,3.051202571e-14,1.940403262e-14,9.720907445e-14,3.701944641e-14,1.058593554e-13,3.916722525e-13,9.548407345e-14,6.671454205e-13,9.020588566e-14,3.017269883e-13,1.69541303e-14
158.5078125,1.980559599e-13,3.093721823e-13,5.124625822e-13,1.830442141e-13,2.366405659e-13,3.612246208e-13,8.47997449e-14,4.126339284e-14,3.567941971e-14,8.852615619e-14,2.867040874e-13,9.447861499e-14,1.362233881e-13,3.101645959e-13,3.486992846e-13,3.752919998e-13,2.349677854e-13,1.322271058e-13,1.122720341e-13,8.975385386e-14,1.591215916e-13,3.011083494e-14,1.970055727e-14,9.669340227e-14,3.74188393e-14,1.081228483e-13,4.004025141e-13,9.596333696e-14,6.727058115e-13,8.974263818e-14,3.028417668e-13,1.723531149e-14
158.515625,1.939086045e-13,3.086353394e-13,5.192641285e-13,1.792778954e-13,2.346326262e-13,3.544687405e-13,8.353623876e-14,4.119809842e-14,3.538093956e-14,8.954920021e-14,2.915914228e-13,9.620793873e-14,1.349123582e-13,3.064212958e-13,3.44832357e-13,3.730131013e-13,2.352487965e-13,1.322437719e-13,1.132444636e-13,8.957954929e-14,1.591560542e-13,2.970490462e-14,1.998765754e-14,9.616298505e-14,3.786407209e-14,1.104669281e-13,4.090133194e-13,9.647277146e-14,6.782008637e-13,8.933766301e-14,3.037693824e-13,1.753030272e-14
158.5234375,1.897666136e-13,3.076372635e-13,5.262092718e-13,1.754296537e-13,2.325824535e-13,3.477853293e-13,8.233308022e-14,4.113797307e-14,3.505754587e-14,9.047818116e-14,2.964803186e-13,9.792966794e-14,1.336442335e-13,3.027563833e-13,3.4119758e-13,3.708554735e-13,2.355749796e-13,1.323325767e-13,1.142301321e-13,8.942604349e-14,1.591749634e-13,2.930539382e-14,2.027393958e-14,9.558318605e-14,3.835322643e-14,1.128146136e-13,4.175344825e-13,9.701184684e-14,6.839006473e-13,8.896649251e-14,3.046004318e-13,1.782636234e-14
158.53125,1.85670413e-13,3.068208761e-13,5.330660446e-13,1.717044624e-13,2.304617521e-13,3.410887774e-13,8.113128241e-14,4.110918372e-14,3.478494469e-14,9.137701399e-14,3.014269394e-13,9.971813516e-14,1.325120311e-13,2.992160993e-13,3.37774115e-13,3.690571302e-13,2.360130387e-13,1.325342581e-13,1.152455026e-13,8.923046606e-14,1.592675169e-13,2.894206211e-14,2.055442636e-14,9.497521363e-14,3.886639923e-14,1.151433587e-13,4.259289291e-13,9.766627899e-14,6.896469058e-13,8.861387383e-14,3.056632754e-13,1.814222089e-14
158.5390625,1.815428851e-13,3.064792802e-13,5.400283653e-13,1.682127747e-13,2.283415845e-13,3.344666395e-13,7.996412038e-14,4.109216067e-14,3.457616591e-14,9.229353622e-14,3.064991091e-13,1.016102142e-13,1.315363529e-13,2.957880324e-13,3.345307751e-13,3.675099042e-13,2.364998659e-13,1.328496652e-13,1.162518053e-13,8.903415628e-14,1.594782899e-13,2.85998288e-14,2.084180709e-14,9.440014649e-14,3.94017764e-14,1.175571097e-13,4.341771593e-13,9.849605942e-14,6.953428208e-13,8.82960978e-14,3.069776789e-13,1.848168427e-14
158.546875,1.775049571e-13,3.062982355e-13,5.471204122e-13,1.647596655e-13,2.263673347e-13,3.280131854e-13,7.890191843e-14,4.108554621e-14,3.438529509e-14,9.320009909e-14,3.115590301e-13,1.035641062e-13,1.306406808e-13,2.925479077e-13,3.314508628e-13,3.65988944e-13,2.369685686e-13,1.332496929e-13,1.172037477e-13,8.893474287e-14,1.597346914e-13,2.825561764e-14,2.114847836e-14,9.384643591e-14,3.995200824e-14,1.200299489e-13,4.422452548e-13,9.944206926e-14,7.01188198e-13,8.797688141e-14,3.082627243e-13,1.882210424e-14
158.5546875,1.737112013e-13,3.0588625e-13,5.539681626e-13,1.611250845e-13,2.244619772e-13,3.216247492e-13,7.792159591e-14,4.111396297e-14,3.419420659e-14,9.406990324e-14,3.164472386e-13,1.0550959e-13,1.297467659e-13,2.894029312e-13,3.283803138e-13,3.644301679e-13,2.373232791e-13,1.336372917e-13,1.181019103e-13,8.889166118e-14,1.5996175e-13,2.79103633e-14,2.144944498e-14,9.326736339e-14,4.048998668e-14,1.224061587e-13,4.499299351e-13,1.004272811e-13,7.069284887e-13,8.760376873e-14,3.093670427e-13,1.915319503e-14
158.5625,1.700701158e-13,3.053479469e-13,5.605737887e-13,1.574102406e-13,2.225700139e-13,3.152702806e-13,7.696004453e-14,4.11667325e-14,3.400427282e-14,9.491236153e-14,3.211179539e-13,1.073778519e-13,1.288595117e-13,2.862493765e-13,3.252757799e-13,3.629130948e-13,2.37553903e-13,1.339191866e-13,1.189796601e-13,8.875215267e-14,1.601375555e-13,2.757541423e-14,2.173073334e-14,9.268707878e-14,4.102847474e-14,1.246620148e-13,4.572880585e-13,1.013585446e-13,7.122460149e-13,8.71860241e-14,3.102858326e-13,1.949308833e-14
158.5703125,1.664680869e-13,3.048725491e-13,5.673934973e-13,1.538818608e-13,2.207737395e-13,3.091176225e-13,7.603703227e-14,4.121017035e-14,3.380758832e-14,9.572291046e-14,3.256991227e-13,1.091976374e-13,1.280732718e-13,2.832707094e-13,3.225100334e-13,3.617490646e-13,2.379842125e-13,1.342232701e-13,1.198902536e-13,8.854620445e-14,1.602882763e-13,2.726017081e-14,2.201435315e-14,9.210618157e-14,4.161774713e-14,1.269317294e-13,4.646975586e-13,1.022148908e-13,7.174674966e-13,8.677081436e-14,3.11140743e-13,1.986452082e-14
158.578125,1.628154025e-13,3.043418637e-13,5.744656054e-13,1.50521582e-13,2.189774137e-13,3.030332598e-13,7.516471232e-14,4.124561807e-14,3.36307153e-14,9.65052686e-14,3.305351204e-13,1.111051356e-13,1.274321727e-13,2.805073519e-13,3.201874778e-13,3.609996752e-13,2.387570177e-13,1.347684942e-13,1.208491008e-13,8.842341784e-14,1.605202668e-13,2.696309024e-14,2.230808775e-14,9.148099389e-14,4.224939025e-14,1.292929363e-13,4.721090461e-13,1.031924427e-13,7.228684781e-13,8.641152231e-14,3.121797538e-13,2.026476193e-14
158.5859375,1.590759374e-13,3.037565903e-13,5.81525027e-13,1.471206048e-13,2.170679104e-13,2.967580461e-13,7.430158363e-14,4.128768105e-14,3.350274779e-14,9.72922047e-14,3.357376993e-13,1.131311737e-13,1.268852644e-13,2.777509329e-13,3.179182674e-13,3.602857936e-13,2.395507839e-13,1.355038028e-13,1.217945275e-13,8.833686773e-14,1.608885173e-13,2.667376394e-14,2.260070778e-14,9.084327343e-14,4.287777904e-14,1.317078627e-13,4.791765448e-13,1.043960608e-13,7.282733533e-13,8.614512668e-14,3.134213747e-13,2.068304597e-14
158.59375,1.554735916e-13,3.033921804e-13,5.885605389e-13,1.437214662e-13,2.151550005e-13,2.905244746e-13,7.347572212e-14,4.131224911e-14,3.337998611e-14,9.806474738e-14,3.408734326e-13,1.151436768e-13,1.263966061e-13,2.750161598e-13,3.156328388e-13,3.594896049e-13,2.402035157e-13,1.362045815e-13,1.226630402e-13,8.81584329e-14,1.612930766e-13,2.638651644e-14,2.288924634e-14,9.021496665e-14,4.350670619e-14,1.341103252e-13,4.859151871e-13,1.056154134e-13,7.334743164e-13,8.593100322e-14,3.146011943e-13,2.11239877e-14
158.6015625,1.521251105e-13,3.0326603e-13,5.954697467e-13,1.404585373e-13,2.133903845e-13,2.845396927e-13,7.272806834e-14,4.130442234e-14,3.323743023e-14,9.876216322e-14,3.456046079e-13,1.171047706e-13,1.259615172e-13,2.724947537e-13,3.134487003e-13,3.586441355e-13,2.407969593e-13,1.36838432e-13,1.234829002e-13,8.795928811e-14,1.616779816e-13,2.61126616e-14,2.317214023e-14,8.953968386e-14,4.414255951e-14,1.364096281e-13,4.924369346e-13,1.067462173e-13,7.383250902e-13,8.569432379e-14,3.156640838e-13,2.156959138e-14
158.609375,1.487439545e-13,3.030660017e-13,6.021472429e-13,1.372494021e-13,2.118536047e-13,2.785733985e-13,7.201575359e-14,4.13097589e-14,3.313753823e-14,9.938305499e-14,3.501880701e-13,1.191343063e-13,1.256147798e-13,2.702612007e-13,3.112219117e-13,3.575756704e-13,2.413359518e-13,1.375354137e-13,1.243497434e-13,8.790671343e-14,1.621161835e-13,2.587852187e-14,2.34482861e-14,8.882414254e-14,4.477247514e-14,1.385566906e-13,4.987302964e-13,1.0795125e-13,7.428921067e-13,8.544834025e-14,3.16842746e-13,2.198635975e-14
158.6171875,1.452162547e-13,3.027007095e-13,6.088622987e-13,1.340319846e-13,2.104593139e-13,2.726584599e-13,7.133221466e-14,4.136295099e-14,3.309196971e-14,9.998589367e-14,3.54930338e-13,1.212402643e-13,1.254168984e-13,2.682475389e-13,3.090296733e-13,3.564346645e-13,2.418836022e-13,1.383010089e-13,1.252916299e-13,8.799076038e-14,1.626258193e-13,2.568920779e-14,2.37147821e-14,8.811389051e-14,4.540869106e-14,1.406327759e-13,5.048601626e-13,1.092759191e-13,7.473724892e-13,8.523774302e-14,3.181909243e-13,2.239357605e-14
158.625,1.418365103e-13,3.024018035e-13,6.155891689e-13,1.308751723e-13,2.090237906e-13,2.670698946e-13,7.071847718e-14,4.144570726e-14,3.303813457e-14,1.006428907e-13,3.597266675e-13,1.232977352e-13,1.253043408e-13,2.663239003e-13,3.070693837e-13,3.554965005e-13,2.424384137e-13,1.390233279e-13,1.262237551e-13,8.802286358e-14,1.631700887e-13,2.551453006e-14,2.395408286e-14,8.73833882e-14,4.602520165e-14,1.42690833e-13,5.1074021e-13,1.106446011e-13,7.515833803e-13,8.502607844e-14,3.19486477e-13,2.282434765e-14
158.6328125,1.387087576e-13,3.022424377e-13,6.220305253e-13,1.277457078e-13,2.076221878e-13,2.616738511e-13,7.015684674e-14,4.155010472e-14,3.298544944e-14,1.013755226e-13,3.644186316e-13,1.253190721e-13,1.251893933e-13,2.645117521e-13,3.052451383e-13,3.546385371e-13,2.42857006e-13,1.39726143e-13,1.270999549e-13,8.791555478e-14,1.637590384e-13,2.534210595e-14,2.416536198e-14,8.662163896e-14,4.65848063e-14,1.446751425e-13,5.16152767e-13,1.120811632e-13,7.553562375e-13,8.478663856e-14,3.206419667e-13,2.32584436e-14
158.640625,1.355557719e-13,3.020240401e-13,6.284942145e-13,1.245868465e-13,2.064188473e-13,2.562754719e-13,6.96428582e-14,4.168950432e-14,3.298583637e-14,1.021014484e-13,3.690819666e-13,1.274193211e-13,1.251838534e-13,2.629558231e-13,3.035968595e-13,3.538476644e-13,2.432387812e-13,1.40557786e-13,1.279942239e-13,8.775992581e-14,1.64372839e-13,2.519511641e-14,2.437994958e-14,8.586030462e-14,4.716234259e-14,1.46593904e-13,5.211644703e-13,1.135835769e-13,7.590130245e-13,8.457116392e-14,3.218312402e-13,2.367487641e-14
158.6484375,1.322305223e-13,3.017148314e-13,6.351445319e-13,1.215388653e-13,2.052720367e-13,2.509855255e-13,6.921173325e-14,4.186087401e-14,3.303123004e-14,1.027549188e-13,3.737656202e-13,1.295722688e-13,1.253601594e-13,2.615722327e-13,3.022049802e-13,3.532435142e-13,2.436729333e-13,1.415038962e-13,1.289261883e-13,8.761087172e-14,1.649666433e-13,2.507599672e-14,2.460005741e-14,8.51057225e-14,4.780468133e-14,1.484822354e-13,5.259158665e-13,1.15101486e-13,7.626711171e-13,8.439615131e-14,3.23108637e-13,2.408186066e-14
158.65625,1.290127965e-13,3.015638792e-13,6.413361682e-13,1.187805082e-13,2.040796774e-13,2.458661866e-13,6.884416546e-14,4.20535978e-14,3.310599792e-14,1.033656618e-13,3.783516708e-13,1.316668798e-13,1.255716416e-13,2.601853846e-13,3.008144662e-13,3.527114722e-13,2.439673408e-13,1.424236081e-13,1.29776058e-13,8.747441925e-14,1.655731589e-13,2.496223039e-14,2.479156206e-14,8.434979425e-14,4.842103251e-14,1.502727145e-13,5.302613446e-13,1.16696477e-13,7.659850367e-13,8.422206157e-14,3.243030503e-13,2.449039744e-14
158.6640625,1.261797042e-13,3.016609285e-13,6.469479921e-13,1.162269382e-13,2.030591319e-13,2.409308279e-13,6.85192052e-14,4.225874211e-14,3.320748906e-14,1.039233265e-13,3.827909558e-13,1.336828826e-13,1.257758362e-13,2.589017801e-13,2.994123984e-13,3.523330582e-13,2.442348383e-13,1.433694099e-13,1.305101623e-13,8.736703675e-14,1.662298605e-13,2.486045833e-14,2.496359667e-14,8.353661669e-14,4.899915096e-14,1.519375303e-13,5.340712144e-13,1.18434248e-13,7.687747396e-13,8.405179932e-14,3.253813255e-13,2.493486966e-14
158.671875,1.234772482e-13,3.017737829e-13,6.525793245e-13,1.136020663e-13,2.023300433e-13,2.362010014e-13,6.826021977e-14,4.247370074e-14,3.330071449e-14,1.043882791e-13,3.871532111e-13,1.35667332e-13,1.260849432e-13,2.578637217e-13,2.982478341e-13,3.522029777e-13,2.447389592e-13,1.444645201e-13,1.312608696e-13,8.721786755e-14,1.669089436e-13,2.478783231e-14,2.515764968e-14,8.260552123e-14,4.961771796e-14,1.535514515e-13,5.37586563e-13,1.202429554e-13,7.71150119e-13,8.391483745e-14,3.264305531e-13,2.543170238e-14
158.6796875,1.204978533e-13,3.016641e-13,6.581347576e-13,1.108350526e-13,2.017120621e-13,2.314486448e-13,6.806199128e-14,4.271544521e-14,3.33688922e-14,1.048106595e-13,3.914147902e-13,1.376461803e-13,1.264814146e-13,2.569340315e-13,2.971479059e-13,3.518897435e-13,2.451790141e-13,1.455635665e-13,1.320494704e-13,8.702599586e-14,1.675780711e-13,2.471816411e-14,2.535856652e-14,8.166051639e-14,5.023232433e-14,1.551346344e-13,5.41096699e-13,1.22002884e-13,7.732242664e-13,8.380039591e-14,3.273445836e-13,2.591653061e-14
158.6875,1.174087233e-13,3.01364385e-13,6.630671059e-13,1.080864535e-13,2.010221452e-13,2.265294455e-13,6.790884387e-14,4.299213033e-14,3.344269736e-14,1.052329842e-13,3.954560163e-13,1.395883704e-13,1.268946524e-13,2.559631573e-13,2.958560067e-13,3.511211418e-13,2.452275906e-13,1.464824933e-13,1.327392315e-13,8.696519185e-14,1.682263418e-13,2.462337184e-14,2.552035647e-14,8.083245947e-14,5.077114525e-14,1.56624264e-13,5.443859965e-13,1.236794498e-13,7.74959696e-13,8.367733491e-14,3.280426787e-13,2.634755957e-14
158.6953125,1.146501643e-13,3.012346333e-13,6.674625356e-13,1.054067034e-13,2.002778417e-13,2.217329042e-13,6.780309387e-14,4.329336934e-14,3.353663356e-14,1.056494809e-13,3.992540527e-13,1.41442442e-13,1.273527137e-13,2.550425642e-13,2.94513962e-13,3.50184645e-13,2.450890376e-13,1.47321905e-13,1.33331249e-13,8.705553351e-14,1.688900938e-13,2.453085192e-14,2.565269478e-14,8.004337325e-14,5.127756299e-14,1.579916447e-13,5.470400863e-13,1.253787502e-13,7.762532415e-13,8.354098609e-14,3.28694227e-13,2.677788819e-14
158.703125,1.122158569e-13,3.015665484e-13,6.717436911e-13,1.027957903e-13,1.996065604e-13,2.172589969e-13,6.773672496e-14,4.362658167e-14,3.363860899e-14,1.06094003e-13,4.029664509e-13,1.432259689e-13,1.278670583e-13,2.543018313e-13,2.932895689e-13,3.492915422e-13,2.449298252e-13,1.482164679e-13,1.339430313e-13,8.712519365e-14,1.696339636e-13,2.447220868e-14,2.579081018e-14,7.919686923e-14,5.17871514e-14,1.592864729e-13,5.491596752e-13,1.272235737e-13,7.771737167e-13,8.342270949e-14,3.294011909e-13,2.723974939e-14
158.7109375,1.09853978e-13,3.020439935e-13,6.760044422e-13,1.003580454e-13,1.990449468e-13,2.12921794e-13,6.772199327e-14,4.39882757e-14,3.37410302e-14,1.065490561e-13,4.067684226e-13,1.449891541e-13,1.284233406e-13,2.536912236e-13,2.921656984e-13,3.484595254e-13,2.446928078e-13,1.491211588e-13,1.345465708e-13,8.711872889e-14,1.704248741e-13,2.442950712e-14,2.592843976e-14,7.833878127e-14,5.228153719e-14,1.605229739e-13,5.510332494e-13,1.291758352e-13,7.777504953e-13,8.333849411e-14,3.300980333e-13,2.770349159e-14
158.71875,1.075623186e-13,3.022436662e-13,6.799888499e-13,9.802224041e-14,1.985110405e-13,2.08574471e-13,6.776450214e-14,4.432470105e-14,3.383972966e-14,1.069313524e-13,4.105445581e-13,1.467286512e-13,1.290539695e-13,2.530961589e-13,2.910866511e-13,3.477366126e-13,2.444441262e-13,1.50020639e-13,1.350633114e-13,8.708636327e-14,1.711805786e-13,2.437939895e-14,2.604852747e-14,7.746438344e-14,5.275788546e-14,1.616223645e-13,5.525890493e-13,1.311391992e-13,7.778411025e-13,8.324709581e-14,3.307500275e-13,2.81572023e-14
158.7265625,1.054255277e-13,3.024946499e-13,6.836369489e-13,9.561898612e-14,1.979763213e-13,2.043010415e-13,6.782023922e-14,4.461282894e-14,3.394848753e-14,1.072747521e-13,4.140544006e-13,1.484781112e-13,1.297803338e-13,2.525395739e-13,2.900435085e-13,3.47073001e-13,2.44262739e-13,1.510104329e-13,1.355558365e-13,8.706969203e-14,1.719379103e-13,2.433541443e-14,2.616581441e-14,7.651730587e-14,5.322311299e-14,1.626093308e-13,5.538054536e-13,1.331405895e-13,7.776550308e-13,8.314268144e-14,3.313611786e-13,2.860547571e-14
158.734375,1.033581045e-13,3.032150517e-13,6.874261237e-13,9.326554373e-14,1.975060091e-13,2.002072763e-13,6.788395517e-14,4.492146445e-14,3.409695552e-14,1.076782946e-13,4.174723319e-13,1.50316535e-13,1.305850194e-13,2.521205676e-13,2.890847598e-13,3.463308438e-13,2.441001856e-13,1.521247139e-13,1.36098531e-13,8.707503047e-14,1.727644677e-13,2.431854244e-14,2.629337059e-14,7.555504737e-14,5.368635533e-14,1.636208374e-13,5.548415222e-13,1.352448369e-13,7.775242358e-13,8.310877046e-14,3.320082852e-13,2.904401425e-14
158.7421875,1.012993848e-13,3.039649764e-13,6.91393893e-13,9.106088317e-14,1.970837164e-13,1.962428938e-13,6.79864504e-14,4.531937297e-14,3.427605318e-14,1.08127329e-13,4.21046837e-13,1.521453978e-13,1.314074111e-13,2.517641912e-13,2.881511435e-13,3.45425851e-13,2.438442971e-13,1.532366043e-13,1.366279174e-13,8.703529116e-14,1.736059505e-13,2.43152895e-14,2.641382851e-14,7.464068784e-14,5.413811498e-14,1.645984411e-13,5.555580434e-13,1.373942165e-13,7.771113534e-13,8.315640485e-14,3.327024928e-13,2.948243046e-14
158.75,9.938327414e-14,3.042672252e-13,6.94649183e-13,8.881124206e-14,1.965819406e-13,1.922812586e-13,6.811299846e-14,4.579283329e-14,3.444476211e-14,1.08554122e-13,4.244174313e-13,1.537448672e-13,1.321504434e-13,2.51279028e-13,2.871092498e-13,3.443623704e-13,2.433577155e-13,1.541625323e-13,1.370342641e-13,8.694064775e-14,1.743840438e-13,2.42917411e-14,2.651514585e-14,7.373826889e-14,5.453649683e-14,1.653626412e-13,5.556916065e-13,1.394522559e-13,7.759185896e-13,8.317416595e-14,3.331404289e-13,2.992373874e-14
158.7578125,9.773490827e-14,3.045513672e-13,6.969354927e-13,8.649643564e-14,1.960144506e-13,1.883921217e-13,6.826448423e-14,4.628900404e-14,3.460702005e-14,1.089528383e-13,4.272501727e-13,1.55152852e-13,1.328274373e-13,2.507424996e-13,2.860130185e-13,3.431861159e-13,2.426619994e-13,1.549216638e-13,1.373271004e-13,8.68604219e-14,1.751408104e-13,2.425457418e-14,2.661155171e-14,7.282755985e-14,5.487423183e-14,1.659377865e-13,5.552926806e-13,1.414227783e-13,7.740549085e-13,8.313355332e-14,3.332099409e-13,3.03402982e-14
158.765625,9.626453136e-14,3.053364817e-13,6.990414148e-13,8.433954943e-14,1.95589632e-13,1.847182503e-13,6.845241428e-14,4.677997199e-14,3.480144572e-14,1.093542261e-13,4.299067294e-13,1.566055938e-13,1.335902796e-13,2.504119805e-13,2.849293043e-13,3.418319873e-13,2.418884236e-13,1.55728363e-13,1.376261992e-13,8.6779065e-14,1.759709588e-13,2.424523613e-14,2.670348247e-14,7.192571735e-14,5.516970266e-14,1.664132808e-13,5.545308289e-13,1.434731618e-13,7.717731439e-13,8.311169308e-14,3.333260915e-13,3.071310897e-14
158.7734375,9.477986308e-14,3.062908797e-13,7.011730452e-13,8.233713953e-14,1.953860439e-13,1.811418181e-13,6.862825758e-14,4.727975551e-14,3.501567358e-14,1.097533693e-13,4.326350669e-13,1.580783279e-13,1.344988573e-13,2.502234168e-13,2.837384267e-13,3.401556173e-13,2.409631383e-13,1.566149835e-13,1.379658726e-13,8.668399469e-14,1.768242215e-13,2.425904991e-14,2.676944851e-14,7.101184573e-14,5.541268964e-14,1.667303398e-13,5.533420661e-13,1.456087225e-13,7.690367611e-13,8.311022693e-14,3.33591218e-13,3.105693444e-14
158.78125,9.324337817e-14,3.069205555e-13,7.028690869e-13,8.031781478e-14,1.952693302e-13,1.7757233e-13,6.879200564e-14,4.782780909e-14,3.520115811e-14,1.101253731e-13,4.351611277e-13,1.593426985e-13,1.354493894e-13,2.499347788e-13,2.823908505e-13,3.381854927e-13,2.397936509e-13,1.574282305e-13,1.38255872e-13,8.656851067e-14,1.775436363e-13,2.425849331e-14,2.681344063e-14,7.005064991e-14,5.561214744e-14,1.668597293e-13,5.515727137e-13,1.476555083e-13,7.657829319e-13,8.30965569e-14,3.335895978e-13,3.139906845e-14
158.7890625,9.180121519e-14,3.075364595e-13,7.040653054e-13,7.827109252e-14,1.951355396e-13,1.74167343e-13,6.901652122e-14,4.843674599e-14,3.535812641e-14,1.105192097e-13,4.374458993e-13,1.604077925e-13,1.363632392e-13,2.495421014e-13,2.810093074e-13,3.362230059e-13,2.385539646e-13,1.58194775e-13,1.384569911e-13,8.632275894e-14,1.781559029e-13,2.424584554e-14,2.685955385e-14,6.902833625e-14,5.579574408e-14,1.669279646e-13,5.494339384e-13,1.496601172e-13,7.620440212e-13,8.311606464e-14,3.33274159e-13,3.175798863e-14
158.796875,9.051597493e-14,3.086132774e-13,7.04875821e-13,7.629996957e-14,1.949724967e-13,1.708912862e-13,6.930388427e-14,4.907044849e-14,3.551794702e-14,1.109640419e-13,4.396958494e-13,1.614377891e-13,1.372764256e-13,2.490925672e-13,2.797252425e-13,3.345780521e-13,2.373905961e-13,1.590307312e-13,1.385939636e-13,8.601843618e-14,1.788215252e-13,2.423165829e-14,2.691632996e-14,6.794372142e-14,5.597001438e-14,1.67053849e-13,5.472780789e-13,1.51766558e-13,7.578315401e-13,8.318290371e-14,3.329213956e-13,3.213563663e-14
158.8046875,8.927091568e-14,3.0977919e-13,7.0528604e-13,7.444205517e-14,1.948350964e-13,1.675417146e-13,6.961017241e-14,4.97042039e-14,3.56803399e-14,1.113213734e-13,4.418143329e-13,1.624179844e-13,1.382491985e-13,2.485976597e-13,2.785460819e-13,3.330973421e-13,2.36233579e-13,1.598847959e-13,1.386762088e-13,8.586062271e-14,1.795087266e-13,2.42059996e-14,2.699410117e-14,6.681202848e-14,5.61535726e-14,1.671711881e-13,5.448931899e-13,1.538383291e-13,7.531109767e-13,8.32354017e-14,3.325203002e-13,3.252092061e-14
158.8125,8.804588495e-14,3.105634651e-13,7.053994993e-13,7.264107965e-14,1.948083728e-13,1.642222735e-13,6.992329776e-14,5.035510161e-14,3.584492178e-14,1.115321229e-13,4.436785367e-13,1.632885165e-13,1.392954538e-13,2.482056757e-13,2.773453649e-13,3.313659434e-13,2.350425921e-13,1.607137072e-13,1.387567933e-13,8.573469504e-14,1.80094688e-13,2.418945878e-14,2.709367324e-14,6.566554139e-14,5.633989416e-14,1.671200411e-13,5.419745676e-13,1.557908922e-13,7.47963879e-13,8.326493509e-14,3.319962324e-13,3.289508976e-14
158.8203125,8.693279294e-14,3.113188241e-13,7.053086295e-13,7.089650592e-14,1.948372169e-13,1.611218498e-13,7.023552753e-14,5.104034726e-14,3.603804735e-14,1.117940467e-13,4.454216161e-13,1.641144552e-13,1.404006646e-13,2.479202734e-13,2.760975606e-13,3.294332084e-13,2.338476193e-13,1.615500589e-13,1.38873e-13,8.551498337e-14,1.80607231e-13,2.420825416e-14,2.717108614e-14,6.454835706e-14,5.647308947e-14,1.668972394e-13,5.388691608e-13,1.578273804e-13,7.42679937e-13,8.331884437e-14,3.31421905e-13,3.323337169e-14
158.828125,8.586175165e-14,3.123457492e-13,7.050036886e-13,6.928261034e-14,1.94823153e-13,1.581534996e-13,7.056970332e-14,5.176710949e-14,3.625219154e-14,1.121876519e-13,4.470843994e-13,1.648910209e-13,1.415545602e-13,2.475597097e-13,2.748610341e-13,3.274726623e-13,2.325368577e-13,1.623026522e-13,1.389352583e-13,8.538813345e-14,1.811032166e-13,2.423562421e-14,2.720447374e-14,6.34930297e-14,5.655667628e-14,1.66591918e-13,5.35742199e-13,1.599373532e-13,7.373961358e-13,8.340895961e-14,3.307972337e-13,3.352409538e-14
158.8359375,8.475222032e-14,3.133600601e-13,7.043597752e-13,6.771011181e-14,1.948185543e-13,1.551663952e-13,7.095659887e-14,5.253794015e-14,3.644100931e-14,1.125445037e-13,4.485711934e-13,1.655239879e-13,1.427496742e-13,2.471639764e-13,2.734751182e-13,3.251993838e-13,2.30927603e-13,1.628986242e-13,1.388940357e-13,8.533904298e-14,1.81595618e-13,2.424149998e-14,2.724054735e-14,6.246436846e-14,5.663442061e-14,1.661726907e-13,5.32178016e-13,1.618667189e-13,7.318891784e-13,8.351648144e-14,3.300831149e-13,3.378449103e-14
158.84375,8.370081663e-14,3.143734008e-13,7.031549257e-13,6.60626075e-14,1.948269067e-13,1.521370152e-13,7.136222521e-14,5.333911833e-14,3.661006844e-14,1.128451655e-13,4.499451692e-13,1.660545963e-13,1.439694347e-13,2.467934608e-13,2.718230054e-13,3.225660107e-13,2.290673772e-13,1.634521148e-13,1.388227002e-13,8.517099829e-14,1.820963266e-13,2.424019849e-14,2.72979217e-14,6.140012962e-14,5.66771307e-14,1.65629124e-13,5.282565598e-13,1.636689825e-13,7.260274579e-13,8.362205328e-14,3.292764819e-13,3.403835921e-14
158.8515625,8.272886358e-14,3.156222199e-13,7.015798661e-13,6.450733744e-14,1.947728597e-13,1.491527084e-13,7.177815067e-14,5.41719086e-14,3.68219886e-14,1.13242281e-13,4.513012477e-13,1.665946921e-13,1.452031723e-13,2.463042621e-13,2.700847599e-13,3.199209459e-13,2.271549053e-13,1.639808543e-13,1.387131889e-13,8.502199858e-14,1.825395286e-13,2.425211041e-14,2.733186409e-14,6.033141156e-14,5.66442077e-14,1.65057912e-13,5.24401095e-13,1.655581965e-13,7.199645448e-13,8.371671228e-14,3.283746396e-13,3.429163794e-14
158.859375,8.180853045e-14,3.168152865e-13,7.000546e-13,6.313381904e-14,1.947204591e-13,1.463538891e-13,7.225627434e-14,5.50513155e-14,3.70788543e-14,1.13708519e-13,4.524780928e-13,1.671112073e-13,1.464754783e-13,2.457655948e-13,2.683552284e-13,3.172250827e-13,2.252234167e-13,1.643505672e-13,1.385056849e-13,8.50280196e-14,1.828740883e-13,2.427321515e-14,2.733606865e-14,5.932070667e-14,5.656559231e-14,1.644545046e-13,5.203902566e-13,1.674290973e-13,7.137789724e-13,8.381029921e-14,3.273965918e-13,3.454123231e-14
158.8671875,8.104324509e-14,3.176999634e-13,6.983868567e-13,6.17442688e-14,1.946983956e-13,1.437668213e-13,7.27898483e-14,5.594479828e-14,3.730371437e-14,1.140966616e-13,4.532886859e-13,1.67484607e-13,1.478095652e-13,2.453644249e-13,2.666310118e-13,3.143931852e-13,2.23280193e-13,1.646373032e-13,1.382770319e-13,8.501710579e-14,1.831552717e-13,2.428653521e-14,2.736115828e-14,5.830858154e-14,5.649485086e-14,1.637506851e-13,5.159132687e-13,1.691053037e-13,7.074129541e-13,8.391176577e-14,3.262929484e-13,3.478643096e-14
158.875,8.038630341e-14,3.185747129e-13,6.962916289e-13,6.03651036e-14,1.946035866e-13,1.413170759e-13,7.333712849e-14,5.681329998e-14,3.748201096e-14,1.144269676e-13,4.539150369e-13,1.676789609e-13,1.491449447e-13,2.449251429e-13,2.649710827e-13,3.116359988e-13,2.214546382e-13,1.650232009e-13,1.380661316e-13,8.495855151e-14,1.833669694e-13,2.428433407e-14,2.742293942e-14,5.720977255e-14,5.644277437e-14,1.629574422e-13,5.111427513e-13,1.706934635e-13,7.008089567e-13,8.403802623e-14,3.249911304e-13,3.502284294e-14
158.8828125,7.963975002e-14,3.195538564e-13,6.940364127e-13,5.918059315e-14,1.944476924e-13,1.389673009e-13,7.389210123e-14,5.768363492e-14,3.767964386e-14,1.148174713e-13,4.546025372e-13,1.677417672e-13,1.503937983e-13,2.442133069e-13,2.632095621e-13,3.088004209e-13,2.196672805e-13,1.654058591e-13,1.377196251e-13,8.499869417e-14,1.834603879e-13,2.426941841e-14,2.748695688e-14,5.605467883e-14,5.635752885e-14,1.620731535e-13,5.061743114e-13,1.723012766e-13,6.938559576e-13,8.421617103e-14,3.235344297e-13,3.524050102e-14
158.890625,7.88752087e-14,3.203652746e-13,6.915559375e-13,5.802721559e-14,1.942859221e-13,1.36644392e-13,7.444777156e-14,5.85904107e-14,3.789013645e-14,1.152674569e-13,4.550932331e-13,1.677013732e-13,1.515755544e-13,2.433265696e-13,2.611877968e-13,3.056523323e-13,2.176929933e-13,1.65619189e-13,1.37180094e-13,8.510625988e-14,1.835097356e-13,2.423432675e-14,2.753315513e-14,5.489137454e-14,5.62013661e-14,1.6109614e-13,5.009948807e-13,1.738154509e-13,6.865659171e-13,8.441458578e-14,3.218935634e-13,3.543602642e-14
158.8984375,7.82985467e-14,3.210490027e-13,6.883476327e-13,5.674321555e-14,1.940550893e-13,1.342933133e-13,7.501803333e-14,5.954189161e-14,3.805196498e-14,1.157196123e-13,4.550223948e-13,1.675406266e-13,1.527549863e-13,2.424121259e-13,2.591184936e-13,3.024157239e-13,2.155861858e-13,1.657539817e-13,1.366130571e-13,8.518544147e-14,1.835359056e-13,2.417765011e-14,2.75619912e-14,5.373369781e-14,5.600701839e-14,1.600681994e-13,4.957252767e-13,1.752043724e-13,6.792119653e-13,8.457826981e-14,3.200028221e-13,3.561440745e-14
158.90625,7.789919627e-14,3.219285534e-13,6.845469312e-13,5.551059269e-14,1.937482615e-13,1.320280444e-13,7.563119042e-14,6.055543537e-14,3.819000877e-14,1.162027475e-13,4.546587289e-13,1.672596644e-13,1.539156907e-13,2.414673355e-13,2.571025123e-13,2.991608316e-13,2.134963141e-13,1.659116938e-13,1.36105977e-13,8.524152229e-14,1.834667903e-13,2.412643307e-14,2.756312161e-14,5.260867811e-14,5.5785817e-14,1.589511668e-13,4.902719218e-13,1.766273851e-13,6.718792232e-13,8.474004979e-14,3.180322153e-13,3.577033883e-14
158.9140625,7.758051888e-14,3.229558381e-13,6.805938193e-13,5.441787713e-14,1.934760619e-13,1.299200077e-13,7.625132645e-14,6.161453243e-14,3.834258264e-14,1.167253933e-13,4.544340499e-13,1.668709543e-13,1.550149807e-13,2.404789249e-13,2.550079644e-13,2.957680665e-13,2.114185522e-13,1.660461649e-13,1.355793611e-13,8.52887875e-14,1.83311755e-13,2.408852982e-14,2.7549819e-14,5.147590574e-14,5.552694941e-14,1.577063948e-13,4.844688829e-13,1.780816074e-13,6.642778881e-13,8.493178088e-14,3.160356807e-13,3.589961296e-14
158.921875,7.728815357e-14,3.238398303e-13,6.763844424e-13,5.33491245e-14,1.932715341e-13,1.278518499e-13,7.685610061e-14,6.26665374e-14,3.846184336e-14,1.172085589e-13,4.541463096e-13,1.663508549e-13,1.560708762e-13,2.394108516e-13,2.529062644e-13,2.92422422e-13,2.093692532e-13,1.661328261e-13,1.349917399e-13,8.531634907e-14,1.830815082e-13,2.402868835e-14,2.756857137e-14,5.026372469e-14,5.528892416e-14,1.564279473e-13,4.785224414e-13,1.793619266e-13,6.563263784e-13,8.509010999e-14,3.13764738e-13,3.603299673e-14
158.9296875,7.697859005e-14,3.246163616e-13,6.718539756e-13,5.229062478e-14,1.930336927e-13,1.257669495e-13,7.749549609e-14,6.37209729e-14,3.852583361e-14,1.176865833e-13,4.534845228e-13,1.657160269e-13,1.57153948e-13,2.381680586e-13,2.508634524e-13,2.891741954e-13,2.073178642e-13,1.661671417e-13,1.34371736e-13,8.531174995e-14,1.827584207e-13,2.393452421e-14,2.761503913e-14,4.903080785e-14,5.508720406e-14,1.551706471e-13,4.726481728e-13,1.804647055e-13,6.483460046e-13,8.520611038e-14,3.112688917e-13,3.619503272e-14
158.9375,7.670106994e-14,3.253848476e-13,6.673026248e-13,5.126613658e-14,1.927173356e-13,1.237538668e-13,7.816061792e-14,6.482648467e-14,3.857602985e-14,1.183088213e-13,4.526877044e-13,1.650278252e-13,1.58293495e-13,2.367589745e-13,2.487382954e-13,2.85768863e-13,2.051345016e-13,1.661372581e-13,1.337441757e-13,8.533521026e-14,1.82392821e-13,2.383742227e-14,2.763877837e-14,4.784625072e-14,5.482625323e-14,1.538586443e-13,4.667173921e-13,1.816125818e-13,6.404776758e-13,8.536448416e-14,3.08831824e-13,3.634423746e-14
158.9453125,7.653813375e-14,3.259975755e-13,6.626039762e-13,5.026049037e-14,1.923912567e-13,1.218291153e-13,7.879721107e-14,6.597752558e-14,3.861546282e-14,1.190629169e-13,4.51932554e-13,1.642301539e-13,1.59399429e-13,2.352631228e-13,2.464776455e-13,2.821607987e-13,2.028554208e-13,1.660803467e-13,1.331254342e-13,8.548557263e-14,1.81963697e-13,2.374889526e-14,2.764615647e-14,4.666796255e-14,5.448835293e-14,1.524284605e-13,4.605949673e-13,1.828612721e-13,6.324996879e-13,8.556222396e-14,3.063379145e-13,3.643999489e-14
158.953125,7.641520758e-14,3.26635046e-13,6.573372228e-13,4.933809475e-14,1.919849754e-13,1.198728305e-13,7.945155706e-14,6.714909931e-14,3.862431207e-14,1.198102067e-13,4.509563604e-13,1.632462351e-13,1.604482488e-13,2.335992562e-13,2.441373219e-13,2.785047075e-13,2.005906417e-13,1.65984549e-13,1.32501043e-13,8.562280029e-14,1.813951139e-13,2.364526263e-14,2.767724521e-14,4.550649651e-14,5.416374686e-14,1.509107451e-13,4.543817572e-13,1.840665433e-13,6.24391728e-13,8.572808698e-14,3.0362739e-13,3.651744497e-14
158.9609375,7.621589516e-14,3.276697021e-13,6.51746186e-13,4.852763827e-14,1.913539188e-13,1.178466499e-13,8.018633464e-14,6.834197354e-14,3.860264291e-14,1.205567455e-13,4.497381164e-13,1.621929296e-13,1.615983779e-13,2.31704906e-13,2.418181441e-13,2.749312047e-13,1.983252276e-13,1.65799623e-13,1.318556289e-13,8.550432981e-14,1.807683323e-13,2.351901337e-14,2.772716921e-14,4.441087022e-14,5.387661447e-14,1.494208502e-13,4.482373894e-13,1.851905085e-13,6.165524018e-13,8.587837029e-14,3.009208687e-13,3.661861555e-14
158.96875,7.600668934e-14,3.287034571e-13,6.464167724e-13,4.773918615e-14,1.906571494e-13,1.159135145e-13,8.094085907e-14,6.955233793e-14,3.853754309e-14,1.214008598e-13,4.485623647e-13,1.611610282e-13,1.628585337e-13,2.298110462e-13,2.396424599e-13,2.714317518e-13,1.960858608e-13,1.65575141e-13,1.312173676e-13,8.529542162e-14,1.801662541e-13,2.339062429e-14,2.777793774e-14,4.331926954e-14,5.358664293e-14,1.48014889e-13,4.421615317e-13,1.863006201e-13,6.09162615e-13,8.605028136e-14,2.982896201e-13,3.672847866e-14
158.9765625,7.588259277e-14,3.291879517e-13,6.412959548e-13,4.695548083e-14,1.9014029e-13,1.141669266e-13,8.164275173e-14,7.078621372e-14,3.844008293e-14,1.22336706e-13,4.473989484e-13,1.60037605e-13,1.640609609e-13,2.281088328e-13,2.375086063e-13,2.677750255e-13,1.939171279e-13,1.653764798e-13,1.305912365e-13,8.532483045e-14,1.795148721e-13,2.327418331e-14,2.782230774e-14,4.21925862e-14,5.328237675e-14,1.465584853e-13,4.360176234e-13,1.873627552e-13,6.018190752e-13,8.62083978e-14,2.955799314e-13,3.681501269e-14
158.984375,7.576688737e-14,3.295631165e-13,6.359592727e-13,4.624437256e-14,1.897423587e-13,1.124780372e-13,8.234375946e-14,7.20719583e-14,3.836139955e-14,1.233255589e-13,4.460590668e-13,1.587940269e-13,1.65259866e-13,2.264687152e-13,2.352405612e-13,2.639200495e-13,1.917452299e-13,1.652115463e-13,1.299546271e-13,8.548769584e-14,1.78757268e-13,2.316700061e-14,2.784664864e-14,4.109413435e-14,5.296890763e-14,1.449733274e-13,4.297742073e-13,1.883243968e-13,5.942344817e-13,8.634177957e-14,2.92888073e-13,3.686470808e-14
158.9921875,7.559175114e-14,3.303389446e-13,6.30353634e-13,4.557897001e-14,1.892819706e-13,1.107983246e-13,8.311721885e-14,7.339343773e-14,3.828880277e-14,1.244021015e-13,4.445535472e-13,1.575094276e-13,1.665455361e-13,2.247190047e-13,2.329180891e-13,2.601593999e-13,1.895356782e-13,1.650505035e-13,1.293034981e-13,8.549931584e-14,1.778801516e-13,2.305250466e-14,2.785861565e-14,4.004165559e-14,5.264817178e-14,1.43417806e-13,4.235322025e-13,1.89230982e-13,5.866861943e-13,8.650341573e-14,2.902518947e-13,3.688906071e-14
159,7.537551699e-14,3.311841048e-13,6.246912502e-13,4.490011867e-14,1.886718994e-13,1.091968131e-13,8.392213264e-14,7.469893613e-14,3.815712964e-14,1.255651704e-13,4.428865214e-13,1.561298615e-13,1.677873649e-13,2.228121591e-13,2.306488502e-13,2.565770974e-13,1.873457046e-13,1.647964368e-13,1.28619621e-13,8.538675227e-14,1.768736346e-13,2.290515527e-14,2.788061688e-14,3.901557627e-14,5.232867588e-14,1.419739122e-13,4.173263746e-13,1.900688732e-13,5.794022374e-13,8.670984632e-14,2.874195678e-13,3.69126831e-14
159.0078125,7.508171317e-14,3.318220902e-13,6.1912759e-13,4.425502859e-14,1.879866995e-13,1.075818945e-13,8.469268378e-14,7.600159084e-14,3.797794361e-14,1.267410726e-13,4.410839917e-13,1.54656068e-13,1.690366718e-13,2.208059502e-13,2.284526904e-13,2.531231116e-13,1.852643497e-13,1.644817389e-13,1.279242648e-13,8.533636219e-14,1.758221559e-13,2.272850341e-14,2.790668522e-14,3.802208348e-14,5.202602071e-14,1.405376537e-13,4.111763719e-13,1.907894807e-13,5.723441705e-13,8.693033344e-14,2.844354683e-13,3.692993692e-14
159.015625,7.479474235e-14,3.324604318e-13,6.138133543e-13,4.369285061e-14,1.874437971e-13,1.058980101e-13,8.546921031e-14,7.735317262e-14,3.781157462e-14,1.279505364e-13,4.393511914e-13,1.532519325e-13,1.704675108e-13,2.188843099e-13,2.26458804e-13,2.499718688e-13,1.834352216e-13,1.643419577e-13,1.273021505e-13,8.537142333e-14,1.747873478e-13,2.256324504e-14,2.792293639e-14,3.703744435e-14,5.175416535e-14,1.391224717e-13,4.052015467e-13,1.915403949e-13,5.656233882e-13,8.717857678e-14,2.816350473e-13,3.692499565e-14
159.0234375,7.471237371e-14,3.331808867e-13,6.088323143e-13,4.319422518e-14,1.870106462e-13,1.0431811e-13,8.630447905e-14,7.874516526e-14,3.765278923e-14,1.292917961e-13,4.377565326e-13,1.519197032e-13,1.719151975e-13,2.171137145e-13,2.247032181e-13,2.471107057e-13,1.818316245e-13,1.643831246e-13,1.267261056e-13,8.531397938e-14,1.737122686e-13,2.242112339e-14,2.793381386e-14,3.604430845e-14,5.149783596e-14,1.378224143e-13,3.994573157e-13,1.9245444e-13,5.59241818e-13,8.750599289e-14,2.790585813e-13,3.692574923e-14
159.03125,7.47123524e-14,3.33920667e-13,6.039403834e-13,4.277430585e-14,1.864614356e-13,1.028643396e-13,8.714793941e-14,8.01667468e-14,3.747077135e-14,1.30733091e-13,4.360965316e-13,1.505267615e-13,1.732416641e-13,2.153350733e-13,2.22958976e-13,2.442261441e-13,1.80155e-13,1.643408649e-13,1.260796471e-13,8.504445845e-14,1.725999364e-13,2.227441386e-14,2.795154136e-14,3.507386782e-14,5.122611011e-14,1.365577031e-13,3.938030135e-13,1.933440666e-13,5.528596712e-13,8.789276262e-14,2.765490677e-13,3.69517744e-14
159.0390625,7.456995018e-14,3.346840057e-13,5.987516386e-13,4.244710765e-14,1.859110963e-13,1.013573479e-13,8.795102714e-14,8.166782812e-14,3.728905979e-14,1.321755373e-13,4.342360608e-13,1.490926166e-13,1.746283241e-13,2.134818615e-13,2.210729892e-13,2.412640696e-13,1.783128996e-13,1.641763503e-13,1.253892733e-13,8.473369463e-14,1.714998315e-13,2.212179277e-14,2.799032002e-14,3.413610476e-14,5.094519815e-14,1.352294624e-13,3.880471045e-13,1.940269263e-13,5.464340621e-13,8.825071887e-14,2.740410464e-13,3.6975073e-14
159.046875,7.44187796e-14,3.353912233e-13,5.933533383e-13,4.214903014e-14,1.854739433e-13,9.983898253e-14,8.877734069e-14,8.32398634e-14,3.712119636e-14,1.336356431e-13,4.322950133e-13,1.476648409e-13,1.760952652e-13,2.115995511e-13,2.191920019e-13,2.384519078e-13,1.765907611e-13,1.640248151e-13,1.247638979e-13,8.456077368e-14,1.703512051e-13,2.197911975e-14,2.804749444e-14,3.322790825e-14,5.067797615e-14,1.339206785e-13,3.822215556e-13,1.946289409e-13,5.403238007e-13,8.855554021e-14,2.714790517e-13,3.698983371e-14
159.0546875,7.436719955e-14,3.359503355e-13,5.881629316e-13,4.1857697e-14,1.849368803e-13,9.849623352e-14,8.971340955e-14,8.47806438e-14,3.692387074e-14,1.351484156e-13,4.304171665e-13,1.461710012e-13,1.774799305e-13,2.096566447e-13,2.175272736e-13,2.35857597e-13,1.751224493e-13,1.638641866e-13,1.241992971e-13,8.44912468e-14,1.690746235e-13,2.183229447e-14,2.810051068e-14,3.235775171e-14,5.042754968e-14,1.327064597e-13,3.765668804e-13,1.952707077e-13,5.345632543e-13,8.88538347e-14,2.688477198e-13,3.701611209e-14
159.0625,7.429363652e-14,3.364338271e-13,5.831148154e-13,4.160652446e-14,1.843527291e-13,9.730301136e-14,9.07419235e-14,8.627580466e-14,3.668402774e-14,1.366893238e-13,4.284904953e-13,1.445747003e-13,1.78795816e-13,2.076699743e-13,2.160463279e-13,2.333530839e-13,1.737377946e-13,1.636709036e-13,1.236296571e-13,8.453349073e-14,1.676806568e-13,2.16674605e-14,2.814117639e-14,3.14922496e-14,5.020211453e-14,1.315077798e-13,3.711147163e-13,1.958919443e-13,5.288444512e-13,8.91549339e-14,2.661986884e-13,3.704341238e-14
159.0703125,7.423448648e-14,3.36966265e-13,5.779336187e-13,4.13864619e-14,1.839036228e-13,9.612433348e-14,9.176634729e-14,8.784946123e-14,3.643226723e-14,1.38297947e-13,4.264094256e-13,1.429488905e-13,1.801071579e-13,2.05706495e-13,2.145944734e-13,2.309151842e-13,1.723845727e-13,1.63529787e-13,1.230348888e-13,8.461718329e-14,1.662486951e-13,2.149659029e-14,2.817250023e-14,3.060037062e-14,4.999910816e-14,1.302790654e-13,3.65675053e-13,1.964957717e-13,5.231967631e-13,8.945683504e-14,2.635770717e-13,3.707003773e-14
159.078125,7.424349071e-14,3.375042203e-13,5.728434481e-13,4.121627116e-14,1.833634223e-13,9.493251724e-14,9.274715985e-14,8.955992633e-14,3.615444006e-14,1.400487145e-13,4.244052533e-13,1.4135738e-13,1.814277149e-13,2.037104615e-13,2.13189099e-13,2.286378393e-13,1.711121855e-13,1.634485424e-13,1.224146231e-13,8.445024739e-14,1.648518594e-13,2.132266283e-14,2.819080548e-14,2.972181102e-14,4.978318787e-14,1.291032313e-13,3.602969032e-13,1.971484506e-13,5.179442782e-13,8.979583298e-14,2.610335844e-13,3.712682086e-14
159.0859375,7.421641665e-14,3.378423808e-13,5.679660588e-13,4.112633516e-14,1.827022048e-13,9.374751251e-14,9.374593033e-14,9.130677027e-14,3.582160966e-14,1.419169133e-13,4.225367231e-13,1.397407024e-13,1.827870317e-13,2.01625748e-13,2.118225987e-13,2.264163259e-13,1.69793291e-13,1.633708516e-13,1.21756386e-13,8.408271188e-14,1.63411643e-13,2.113280692e-14,2.820126637e-14,2.888948165e-14,4.955312421e-14,1.279849338e-13,3.551200711e-13,1.977882627e-13,5.129836939e-13,9.016196998e-14,2.585047217e-13,3.720724534e-14
159.09375,7.422224683e-14,3.380167849e-13,5.630229261e-13,4.104213398e-14,1.82274743e-13,9.258524114e-14,9.481411642e-14,9.301244991e-14,3.54605987e-14,1.438351439e-13,4.20464831e-13,1.380028847e-13,1.841342986e-13,1.995313868e-13,2.103444454e-13,2.241123027e-13,1.684256673e-13,1.632921916e-13,1.210796181e-13,8.382420209e-14,1.617940934e-13,2.092991143e-14,2.820913395e-14,2.808202213e-14,4.934814379e-14,1.268118822e-13,3.500367915e-13,1.983485105e-13,5.079438271e-13,9.05067738e-14,2.558961826e-13,3.727206612e-14
159.1015625,7.435641156e-14,3.383550022e-13,5.581513485e-13,4.091576504e-14,1.819890849e-13,9.146975012e-14,9.593116918e-14,9.472546562e-14,3.509774301e-14,1.457950322e-13,4.182100254e-13,1.362177212e-13,1.854218941e-13,1.974875716e-13,2.088647463e-13,2.219668375e-13,1.672932734e-13,1.632068879e-13,1.204339578e-13,8.353680301e-14,1.600905892e-13,2.073120575e-14,2.820628544e-14,2.729764684e-14,4.916258237e-14,1.256108235e-13,3.450218641e-13,1.98902331e-13,5.030550788e-13,9.084762503e-14,2.533838937e-13,3.732229824e-14
159.109375,7.44444884e-14,3.388317844e-13,5.536683889e-13,4.083412994e-14,1.815172645e-13,9.037997138e-14,9.706923395e-14,9.647548561e-14,3.472555209e-14,1.478177278e-13,4.161017705e-13,1.345208995e-13,1.867144891e-13,1.954402602e-13,2.076232082e-13,2.201791648e-13,1.664108089e-13,1.630751692e-13,1.198017588e-13,8.307314431e-14,1.58464298e-13,2.053983519e-14,2.819877262e-14,2.657706348e-14,4.897258093e-14,1.245318756e-13,3.402054317e-13,1.994842164e-13,4.987727272e-13,9.121903377e-14,2.510995705e-13,3.738129644e-14
159.1171875,7.4398405e-14,3.391115813e-13,5.4939251e-13,4.086560915e-14,1.810276584e-13,8.929531203e-14,9.823485085e-14,9.824174503e-14,3.434972417e-14,1.498995222e-13,4.140585955e-13,1.328667686e-13,1.880293524e-13,1.933688752e-13,2.065211567e-13,2.185395929e-13,1.654866297e-13,1.629023846e-13,1.191327328e-13,8.276062381e-14,1.568504058e-13,2.034681011e-14,2.820869543e-14,2.594443588e-14,4.881117099e-14,1.235845748e-13,3.355563945e-13,2.000135794e-13,4.94865043e-13,9.160451483e-14,2.488406404e-13,3.745204836e-14
159.125,7.436844093e-14,3.392368768e-13,5.451648566e-13,4.097245037e-14,1.807090467e-13,8.826955182e-14,9.945218972e-14,1.000594758e-13,3.397400115e-14,1.520306887e-13,4.119264186e-13,1.311666595e-13,1.893268586e-13,1.913418874e-13,2.054419485e-13,2.16985745e-13,1.645494018e-13,1.627512189e-13,1.184655865e-13,8.266666111e-14,1.551286466e-13,2.014978117e-14,2.823743535e-14,2.536872798e-14,4.870698926e-14,1.227030768e-13,3.310368909e-13,2.004925907e-13,4.909884156e-13,9.199794882e-14,2.465223573e-13,3.754211671e-14
159.1328125,7.441797207e-14,3.394192122e-13,5.41119873e-13,4.104704293e-14,1.803368912e-13,8.731075916e-14,1.007329813e-13,1.019172261e-13,3.358425086e-14,1.542345483e-13,4.098188718e-13,1.294607159e-13,1.905833356e-13,1.893514867e-13,2.045228643e-13,2.157115645e-13,1.638401116e-13,1.626498386e-13,1.178250562e-13,8.247895906e-14,1.533342027e-13,1.994782188e-14,2.826055864e-14,2.479140463e-14,4.863038045e-14,1.219017132e-13,3.266623954e-13,2.01007064e-13,4.873356311e-13,9.241692092e-14,2.442793921e-13,3.765500536e-14
159.140625,7.450581638e-14,3.396366015e-13,5.373667588e-13,4.102605754e-14,1.798569673e-13,8.636828666e-14,1.020579533e-13,1.037212601e-13,3.319898602e-14,1.565307899e-13,4.076979497e-13,1.278067551e-13,1.917473322e-13,1.873503283e-13,2.038213357e-13,2.147371774e-13,1.633571832e-13,1.62594974e-13,1.171552797e-13,8.220943146e-14,1.515408972e-13,1.974495031e-14,2.826372651e-14,2.421335794e-14,4.856538247e-14,1.211548987e-13,3.223681103e-13,2.015769758e-13,4.840788109e-13,9.286165296e-14,2.421723215e-13,3.776211278e-14
159.1484375,7.461448191e-14,3.398957536e-13,5.33980712e-13,4.102848633e-14,1.7949236e-13,8.547220927e-14,1.034158646e-13,1.055200424e-13,3.284443446e-14,1.588959113e-13,4.054790139e-13,1.262070142e-13,1.92852655e-13,1.85393618e-13,2.032762283e-13,2.140113481e-13,1.630298394e-13,1.625872399e-13,1.164719438e-13,8.201693459e-14,1.497510288e-13,1.955394928e-14,2.826750328e-14,2.371242116e-14,4.853420948e-14,1.20418558e-13,3.182275498e-13,2.022097862e-13,4.811655809e-13,9.332552246e-14,2.402291405e-13,3.786577476e-14
159.15625,7.470057684e-14,3.401426681e-13,5.307594668e-13,4.116728878e-14,1.791774635e-13,8.461116035e-14,1.04820582e-13,1.074275578e-13,3.248579205e-14,1.613270793e-13,4.032065818e-13,1.246102708e-13,1.940025233e-13,1.834409653e-13,2.02788417e-13,2.134241566e-13,1.627853463e-13,1.62524482e-13,1.158022336e-13,8.18134116e-14,1.479150425e-13,1.936120897e-14,2.829595584e-14,2.330981348e-14,4.853284906e-14,1.19770146e-13,3.142761873e-13,2.029015343e-13,4.785263754e-13,9.379982733e-14,2.383580077e-13,3.801692016e-14
159.1640625,7.473069052e-14,3.401606458e-13,5.274935533e-13,4.132625205e-14,1.787437319e-13,8.370974468e-14,1.062671201e-13,1.093855271e-13,3.208312211e-14,1.638707842e-13,4.007879041e-13,1.229788868e-13,1.951466625e-13,1.814060008e-13,2.022534291e-13,2.12786112e-13,1.624445586e-13,1.623088498e-13,1.150885659e-13,8.153680411e-14,1.460227713e-13,1.914598731e-14,2.833547964e-14,2.292038341e-14,4.853980961e-14,1.192500964e-13,3.103050679e-13,2.035572404e-13,4.760190783e-13,9.428000423e-14,2.364443532e-13,3.821428698e-14
159.171875,7.473907361e-14,3.400180952e-13,5.2469416e-13,4.141261768e-14,1.783700894e-13,8.288960742e-14,1.077655003e-13,1.11345172e-13,3.166381885e-14,1.665316142e-13,3.982612833e-13,1.214125032e-13,1.962124506e-13,1.795030516e-13,2.018868948e-13,2.123093983e-13,1.620539306e-13,1.62099039e-13,1.143748028e-13,8.122849001e-14,1.441541131e-13,1.894123521e-14,2.835826762e-14,2.251847176e-14,4.857140406e-14,1.187796792e-13,3.064223616e-13,2.041407735e-13,4.737421073e-13,9.477090874e-14,2.34724889e-13,3.841856317e-14
159.1796875,7.477373519e-14,3.399532734e-13,5.226114495e-13,4.154022389e-14,1.781746666e-13,8.224840857e-14,1.093636653e-13,1.133790287e-13,3.126684772e-14,1.692441331e-13,3.958986369e-13,1.199817173e-13,1.972614046e-13,1.778558227e-13,2.019348814e-13,2.123313345e-13,1.618361809e-13,1.620230078e-13,1.137376257e-13,8.089647637e-14,1.423360033e-13,1.87723648e-14,2.835977765e-14,2.218523753e-14,4.864699027e-14,1.183588766e-13,3.028928759e-13,2.047442706e-13,4.719202759e-13,9.52553789e-14,2.33310878e-13,3.86559685e-14
159.1875,7.488114875e-14,3.400245126e-13,5.204963899e-13,4.178521086e-14,1.779791958e-13,8.157115602e-14,1.11033453e-13,1.154579905e-13,3.088778196e-14,1.719679261e-13,3.936618151e-13,1.185666163e-13,1.982969305e-13,1.761610175e-13,2.021052506e-13,2.126686294e-13,1.617669461e-13,1.619108559e-13,1.13073122e-13,8.057653026e-14,1.404972412e-13,1.859983225e-14,2.834621133e-14,2.193549933e-14,4.874348535e-14,1.180467206e-13,2.99458092e-13,2.054215268e-13,4.702592072e-13,9.573291164e-14,2.318895341e-13,3.895212875e-14
159.1953125,7.509031635e-14,3.402766143e-13,5.182409338e-13,4.206525007e-14,1.777759932e-13,8.080699879e-14,1.126857594e-13,1.174932425e-13,3.050477125e-14,1.747260371e-13,3.913819213e-13,1.171179078e-13,1.992747096e-13,1.743761168e-13,2.022194491e-13,2.131894067e-13,1.618775508e-13,1.61753327e-13,1.12351844e-13,8.02619331e-14,1.386289561e-13,1.841245081e-14,2.832140431e-14,2.170163306e-14,4.885419029e-14,1.178074651e-13,2.95947663e-13,2.061779641e-13,4.685448749e-13,9.625443054e-14,2.304862902e-13,3.925618828e-14
159.203125,7.534752428e-14,3.405877162e-13,5.165883108e-13,4.228347596e-14,1.776466745e-13,8.021167357e-14,1.143495742e-13,1.194993313e-13,3.009951074e-14,1.775127402e-13,3.891335333e-13,1.157247285e-13,2.002261765e-13,1.728164525e-13,2.026525436e-13,2.141263907e-13,1.624065158e-13,1.617830612e-13,1.117258351e-13,7.9881676e-14,1.367493548e-13,1.824224819e-14,2.829700831e-14,2.147353121e-14,4.902397962e-14,1.176046973e-13,2.926446922e-13,2.070191882e-13,4.672382183e-13,9.681464059e-14,2.293561304e-13,3.955395679e-14
159.2109375,7.55985024e-14,3.407208746e-13,5.153681144e-13,4.24673144e-14,1.774502553e-13,7.975900522e-14,1.161246986e-13,1.215133452e-13,2.967736951e-14,1.802449436e-13,3.868486273e-13,1.143758357e-13,2.01137177e-13,1.714177402e-13,2.034532171e-13,2.15382955e-13,1.632037732e-13,1.619218419e-13,1.111687266e-13,7.949250937e-14,1.348277332e-13,1.807624964e-14,2.828743052e-14,2.128558471e-14,4.926772867e-14,1.174934995e-13,2.894901083e-13,2.078942672e-13,4.66475424e-13,9.734289101e-14,2.283256337e-13,3.990539389e-14
159.21875,7.591449731e-14,3.408803627e-13,5.140398593e-13,4.27564076e-14,1.772031887e-13,7.923507755e-14,1.179766196e-13,1.235592638e-13,2.928101882e-14,1.82881371e-13,3.843652427e-13,1.130491722e-13,2.019828106e-13,1.699675286e-13,2.043022426e-13,2.167526696e-13,1.63936774e-13,1.619568145e-13,1.105270306e-13,7.920463179e-14,1.329037735e-13,1.789834852e-14,2.828995745e-14,2.113768816e-14,4.954477774e-14,1.175257697e-13,2.862510524e-13,2.08731215e-13,4.657963504e-13,9.784857101e-14,2.273254293e-13,4.032093337e-14
159.2265625,7.633842291e-14,3.411965428e-13,5.130897611e-13,4.316285917e-14,1.771109357e-13,7.870407429e-14,1.197953214e-13,1.256458688e-13,2.892967315e-14,1.855327339e-13,3.818507465e-13,1.118148469e-13,2.028208736e-13,1.685982787e-13,2.053161227e-13,2.184863565e-13,1.647775125e-13,1.620254378e-13,1.098548458e-13,7.897888902e-14,1.310234866e-13,1.773359278e-14,2.828222306e-14,2.101499932e-14,4.984719705e-14,1.176945018e-13,2.831283328e-13,2.09520529e-13,4.652087154e-13,9.840886671e-14,2.266383421e-13,4.07544485e-14
159.234375,7.6725619e-14,3.412896662e-13,5.130189754e-13,4.351230015e-14,1.771089658e-13,7.824780876e-14,1.216061516e-13,1.27726295e-13,2.858512362e-14,1.883608575e-13,3.795094879e-13,1.10655625e-13,2.036339362e-13,1.673749047e-13,2.067101689e-13,2.207504952e-13,1.659606296e-13,1.622762507e-13,1.092692866e-13,7.872383463e-14,1.291246433e-13,1.757740268e-14,2.825197794e-14,2.091660287e-14,5.020861819e-14,1.179755162e-13,2.802991297e-13,2.103677382e-13,4.651706239e-13,9.905104257e-14,2.262691145e-13,4.119213283e-14
159.2421875,7.696178816e-14,3.411562002e-13,5.134313496e-13,4.376928752e-14,1.77093705e-13,7.781539969e-14,1.235260273e-13,1.297942349e-13,2.822086539e-14,1.913553025e-13,3.772851741e-13,1.095132363e-13,2.043569242e-13,1.66216092e-13,2.083120499e-13,2.23321821e-13,1.673140893e-13,1.625719386e-13,1.087353222e-13,7.844903889e-14,1.272005481e-13,1.741236567e-14,2.821796978e-14,2.08570658e-14,5.062807528e-14,1.18336209e-13,2.776569911e-13,2.113667123e-13,4.656299728e-13,9.974062087e-14,2.260196578e-13,4.164187565e-14
159.25,7.712165071e-14,3.410712048e-13,5.139573718e-13,4.407317494e-14,1.772003761e-13,7.750188842e-14,1.255662168e-13,1.318855251e-13,2.785529766e-14,1.943141194e-13,3.750445899e-13,1.084424025e-13,2.05027442e-13,1.652715612e-13,2.100249347e-13,2.260947373e-13,1.687672913e-13,1.628064804e-13,1.081917578e-13,7.819625192e-14,1.253202849e-13,1.726638814e-14,2.820176143e-14,2.085311624e-14,5.107993363e-14,1.187209419e-13,2.750615707e-13,2.123362424e-13,4.660754212e-13,1.004156791e-13,2.258244783e-13,4.210505225e-14
159.2578125,7.729034703e-14,3.40949765e-13,5.148238753e-13,4.444308771e-14,1.774321745e-13,7.736527402e-14,1.276614485e-13,1.339840802e-13,2.750974532e-14,1.971605649e-13,3.727444857e-13,1.074988789e-13,2.056713312e-13,1.646463247e-13,2.119827599e-13,2.292098229e-13,1.704646065e-13,1.63021703e-13,1.07640524e-13,7.793826695e-14,1.234796539e-13,1.715269077e-14,2.82001077e-14,2.089723004e-14,5.15704793e-14,1.191392376e-13,2.724210988e-13,2.131471422e-13,4.665152833e-13,1.010523737e-13,2.257039876e-13,4.260494883e-14
159.265625,7.751294014e-14,3.409750567e-13,5.162763877e-13,4.48245197e-14,1.776291826e-13,7.72245914e-14,1.2981057e-13,1.360833927e-13,2.718449659e-14,2.000679234e-13,3.704745243e-13,1.066582827e-13,2.062869127e-13,1.641675511e-13,2.142333257e-13,2.327780622e-13,1.723737694e-13,1.632632762e-13,1.071003566e-13,7.769146591e-14,1.216735223e-13,1.704226147e-14,2.820340403e-14,2.097413601e-14,5.212401622e-14,1.197277335e-13,2.699216614e-13,2.141141807e-13,4.675541398e-13,1.017031129e-13,2.258225008e-13,4.316666933e-14
159.2734375,7.783911216e-14,3.412614884e-13,5.18164761e-13,4.525147446e-14,1.778353855e-13,7.700950856e-14,1.320167717e-13,1.381810098e-13,2.686872436e-14,2.030875746e-13,3.682464291e-13,1.058999807e-13,2.069429303e-13,1.637745392e-13,2.16766659e-13,2.367805438e-13,1.744792936e-13,1.635720176e-13,1.065826602e-13,7.759762407e-14,1.199231778e-13,1.692543801e-14,2.822385634e-14,2.10779615e-14,5.27506603e-14,1.205631089e-13,2.677928241e-13,2.152981669e-13,4.692471663e-13,1.024011984e-13,2.26291752e-13,4.377137643e-14
159.28125,7.820509655e-14,3.41129736e-13,5.203221261e-13,4.573344206e-14,1.782254117e-13,7.686952573e-14,1.342299771e-13,1.402607105e-13,2.657382133e-14,2.060555368e-13,3.659263502e-13,1.052561879e-13,2.076404992e-13,1.63591161e-13,2.195957364e-13,2.411836484e-13,1.769651381e-13,1.639553207e-13,1.060837722e-13,7.764745015e-14,1.181834598e-13,1.681902645e-14,2.827816975e-14,2.120432799e-14,5.344602522e-14,1.215458947e-13,2.658033797e-13,2.162503951e-13,4.710317285e-13,1.031223361e-13,2.2700159e-13,4.439742893e-14
159.2890625,7.850774528e-14,3.405200438e-13,5.228750654e-13,4.621951651e-14,1.787983321e-13,7.68578779e-14,1.364599098e-13,1.423685603e-13,2.632552949e-14,2.089599117e-13,3.636559774e-13,1.047591415e-13,2.082878209e-13,1.635935673e-13,2.226641148e-13,2.460039296e-13,1.798369035e-13,1.643550076e-13,1.055994459e-13,7.758367586e-14,1.164284634e-13,1.672999904e-14,2.834038925e-14,2.136843214e-14,5.419395841e-14,1.22594886e-13,2.63791263e-13,2.170185946e-13,4.728866244e-13,1.038522189e-13,2.279263279e-13,4.506552833e-14
159.296875,7.879262564e-14,3.401809312e-13,5.258295045e-13,4.671392325e-14,1.793592354e-13,7.689486412e-14,1.387608907e-13,1.444779837e-13,2.610264719e-14,2.118873264e-13,3.616664313e-13,1.04355827e-13,2.088772851e-13,1.63659476e-13,2.258830376e-13,2.511452711e-13,1.82862163e-13,1.647324575e-13,1.051164007e-13,7.734649653e-14,1.146896081e-13,1.664992475e-14,2.837048184e-14,2.157993138e-14,5.497887521e-14,1.23708122e-13,2.619658341e-13,2.180187098e-13,4.751161606e-13,1.045695174e-13,2.290781115e-13,4.578385217e-14
159.3046875,7.912380421e-14,3.39938242e-13,5.289940925e-13,4.723359045e-14,1.797863267e-13,7.695316904e-14,1.411179893e-13,1.465043394e-13,2.587286284e-14,2.147840519e-13,3.597023753e-13,1.039827548e-13,2.094649787e-13,1.638162975e-13,2.292654873e-13,2.565026008e-13,1.859683102e-13,1.651202459e-13,1.046028542e-13,7.717078333e-14,1.129742034e-13,1.656790253e-14,2.83974825e-14,2.181305665e-14,5.580778271e-14,1.24860278e-13,2.602855598e-13,2.190706849e-13,4.77592391e-13,1.052544546e-13,2.303886348e-13,4.652307271e-14
159.3125,7.946592483e-14,3.39416975e-13,5.324963166e-13,4.772859272e-14,1.802218475e-13,7.704634642e-14,1.435113507e-13,1.485482642e-13,2.565870407e-14,2.176412668e-13,3.575155189e-13,1.036876774e-13,2.100876813e-13,1.641464284e-13,2.329306641e-13,2.622594922e-13,1.893097364e-13,1.655727947e-13,1.040804957e-13,7.714206834e-14,1.113046146e-13,1.648342914e-14,2.847707975e-14,2.207384773e-14,5.670056371e-14,1.260995745e-13,2.586517523e-13,2.199060132e-13,4.803067047e-13,1.059536921e-13,2.31946018e-13,4.728785812e-14
159.3203125,7.978290158e-14,3.390216107e-13,5.365827245e-13,4.81514038e-14,1.808326148e-13,7.716934269e-14,1.459731306e-13,1.506711127e-13,2.547451676e-14,2.205098907e-13,3.553250993e-13,1.035117082e-13,2.107372555e-13,1.646426879e-13,2.369296767e-13,2.685674348e-13,1.929830809e-13,1.660845762e-13,1.035927789e-13,7.718155244e-14,1.096998549e-13,1.640343746e-14,2.859656293e-14,2.240533903e-14,5.766372651e-14,1.275300118e-13,2.572364434e-13,2.207005287e-13,4.834396733e-13,1.067018888e-13,2.337854551e-13,4.811173928e-14
159.328125,8.006358717e-14,3.386172924e-13,5.411913994e-13,4.853375691e-14,1.815544648e-13,7.735987629e-14,1.485157263e-13,1.527640862e-13,2.531546391e-14,2.23364688e-13,3.532641569e-13,1.034183691e-13,2.113160066e-13,1.653232365e-13,2.411976304e-13,2.75267495e-13,1.969313445e-13,1.666307617e-13,1.030947478e-13,7.732628393e-14,1.081205419e-13,1.633751469e-14,2.873098967e-14,2.281158244e-14,5.869420824e-14,1.291075634e-13,2.55968066e-13,2.215330117e-13,4.868328403e-13,1.074688157e-13,2.358236873e-13,4.898468235e-14
159.3359375,8.035125198e-14,3.378545339e-13,5.462286577e-13,4.893232818e-14,1.822906973e-13,7.766983556e-14,1.511178072e-13,1.549025882e-13,2.521459619e-14,2.26257312e-13,3.512790493e-13,1.034164283e-13,2.117911172e-13,1.662262751e-13,2.45705298e-13,2.822687205e-13,2.010864813e-13,1.672835417e-13,1.025572211e-13,7.760742136e-14,1.06565281e-13,1.629843583e-14,2.890356967e-14,2.327250511e-14,5.978799745e-14,1.307464732e-13,2.547268863e-13,2.224011307e-13,4.904401558e-13,1.082523247e-13,2.382175619e-13,4.988375014e-14
159.34375,8.07600592e-14,3.37242477e-13,5.516455517e-13,4.93732117e-14,1.830942257e-13,7.805324879e-14,1.537379064e-13,1.571485196e-13,2.516922534e-14,2.291728205e-13,3.494218225e-13,1.035223168e-13,2.123094219e-13,1.672784012e-13,2.504183161e-13,2.895714104e-13,2.054152855e-13,1.680985059e-13,1.02053439e-13,7.793320057e-14,1.050475409e-13,1.628116152e-14,2.912051489e-14,2.37693555e-14,6.093685712e-14,1.32469531e-13,2.536974318e-13,2.233648776e-13,4.943570531e-13,1.090650028e-13,2.409897807e-13,5.081158978e-14
159.3515625,8.127739356e-14,3.368456226e-13,5.573352442e-13,4.987671184e-14,1.840023778e-13,7.844242266e-14,1.563432009e-13,1.592902171e-13,2.512905444e-14,2.318844422e-13,3.476405383e-13,1.036971509e-13,2.129432011e-13,1.684380044e-13,2.552734767e-13,2.970745471e-13,2.098694349e-13,1.68989772e-13,1.016093524e-13,7.82445573e-14,1.035290534e-13,1.626369692e-14,2.935708834e-14,2.428875281e-14,6.214957857e-14,1.342761151e-13,2.527957207e-13,2.2425271e-13,4.983783417e-13,1.098766538e-13,2.438543402e-13,5.175717492e-14
159.359375,8.172548308e-14,3.361427781e-13,5.63388168e-13,5.041682455e-14,1.849256351e-13,7.88485444e-14,1.58981291e-13,1.613364804e-13,2.511282744e-14,2.344082865e-13,3.458703558e-13,1.03951262e-13,2.135931401e-13,1.697892233e-13,2.603849384e-13,3.048788126e-13,2.144704584e-13,1.699138205e-13,1.011852173e-13,7.854177737e-14,1.020466495e-13,1.624424204e-14,2.960477051e-14,2.485281141e-14,6.345166594e-14,1.361659145e-13,2.518637251e-13,2.250522779e-13,5.025999722e-13,1.106861474e-13,2.468773042e-13,5.271426332e-14
159.3671875,8.20597168e-14,3.353576859e-13,5.699193994e-13,5.090333708e-14,1.858093002e-13,7.928020417e-14,1.617021476e-13,1.6349327e-13,2.516202835e-14,2.369724334e-13,3.442059989e-13,1.043318415e-13,2.142077888e-13,1.713744016e-13,2.658746032e-13,3.13180271e-13,2.193397815e-13,1.709454906e-13,1.007883203e-13,7.882692221e-14,1.006569373e-13,1.623542627e-14,2.986668655e-14,2.545485696e-14,6.483209952e-14,1.382326628e-13,2.512040874e-13,2.260177348e-13,5.073487692e-13,1.115358321e-13,2.502746408e-13,5.370857676e-14
159.375,8.245352138e-14,3.347307046e-13,5.768097502e-13,5.133913857e-14,1.868144494e-13,7.974001736e-14,1.644609104e-13,1.656615902e-13,2.525683578e-14,2.395049145e-13,3.425562013e-13,1.048526139e-13,2.148211069e-13,1.732076627e-13,2.715843422e-13,3.218191054e-13,2.24490226e-13,1.721239972e-13,1.004302866e-13,7.913894044e-14,9.928648645e-14,1.624358044e-14,3.015483157e-14,2.604634677e-14,6.625145745e-14,1.404788994e-13,2.508262719e-13,2.270267816e-13,5.122854833e-13,1.124322669e-13,2.538670686e-13,5.475060094e-14
159.3828125,8.299836716e-14,3.340108719e-13,5.840378819e-13,5.184223162e-14,1.881230421e-13,8.027406026e-14,1.672469553e-13,1.677190575e-13,2.537710739e-14,2.418776827e-13,3.407844587e-13,1.055095404e-13,2.154673351e-13,1.752799502e-13,2.773747381e-13,3.305751453e-13,2.297479277e-13,1.734212675e-13,1.000918351e-13,7.95121375e-14,9.790394745e-14,1.627440917e-14,3.048287529e-14,2.666565161e-14,6.770553976e-14,1.427888767e-13,2.50292573e-13,2.279047815e-13,5.17051833e-13,1.13332448e-13,2.574931599e-13,5.584464853e-14
159.390625,8.357733848e-14,3.33358016e-13,5.916317533e-13,5.243449798e-14,1.895714652e-13,8.086672956e-14,1.701210414e-13,1.697414052e-13,2.55149494e-14,2.441528387e-13,3.390099915e-13,1.062437054e-13,2.161188779e-13,1.774226761e-13,2.833389992e-13,3.395518569e-13,2.35001219e-13,1.747311643e-13,9.973290947e-14,7.994509343e-14,9.658053187e-14,1.631492625e-14,3.083562229e-14,2.736922955e-14,6.920986147e-14,1.451525066e-13,2.496824821e-13,2.288207903e-13,5.219707589e-13,1.141833325e-13,2.612196502e-13,5.700282495e-14
159.3984375,8.412873297e-14,3.329037016e-13,5.994491616e-13,5.301678578e-14,1.908974247e-13,8.14550037e-14,1.730629614e-13,1.716954326e-13,2.566851722e-14,2.46286024e-13,3.372355526e-13,1.070017238e-13,2.166387141e-13,1.795730941e-13,2.895447536e-13,3.489336024e-13,2.403745728e-13,1.759204684e-13,9.927454775e-14,8.049416237e-14,9.530479629e-14,1.634321647e-14,3.119030395e-14,2.810129253e-14,7.076189779e-14,1.476233318e-13,2.493260114e-13,2.297053257e-13,5.272489485e-13,1.14977551e-13,2.651270341e-13,5.818387549e-14
159.40625,8.475041039e-14,3.323536722e-13,6.076058832e-13,5.356228025e-14,1.922368516e-13,8.207141163e-14,1.760142523e-13,1.735573118e-13,2.587729333e-14,2.482677435e-13,3.354063225e-13,1.078589263e-13,2.170061452e-13,1.81962561e-13,2.95992459e-13,3.587572869e-13,2.460368088e-13,1.770466891e-13,9.873272948e-14,8.123098523e-14,9.406241991e-14,1.637899227e-14,3.154182333e-14,2.883496407e-14,7.236128847e-14,1.501791409e-13,2.490879838e-13,2.304127309e-13,5.327892309e-13,1.157632113e-13,2.69333409e-13,5.934683671e-14
159.4140625,8.544251179e-14,3.317034665e-13,6.164046596e-13,5.416646994e-14,1.937864309e-13,8.277577772e-14,1.790058454e-13,1.754384989e-13,2.615088955e-14,2.502393002e-13,3.33732308e-13,1.088777259e-13,2.174162537e-13,1.846736654e-13,3.027137558e-13,3.689366526e-13,2.519616483e-13,1.782383743e-13,9.823764423e-14,8.206676839e-14,9.29164772e-14,1.644787896e-14,3.189826959e-14,2.961459414e-14,7.401171898e-14,1.528307427e-13,2.488743913e-13,2.31145006e-13,5.38634253e-13,1.165666084e-13,2.7380726e-13,6.054123679e-14
159.421875,8.610986937e-14,3.310382194e-13,6.257361753e-13,5.487120687e-14,1.953530042e-13,8.355630676e-14,1.820759288e-13,1.77333206e-13,2.645293425e-14,2.52125285e-13,3.32236665e-13,1.100047338e-13,2.178920572e-13,1.875671187e-13,3.096924986e-13,3.793660092e-13,2.580667878e-13,1.794468922e-13,9.779206801e-14,8.283755356e-14,9.183455002e-14,1.653400879e-14,3.229275134e-14,3.041657414e-14,7.571674921e-14,1.556477004e-13,2.48900405e-13,2.318873572e-13,5.447234331e-13,1.173805667e-13,2.784320477e-13,6.180235295e-14
159.4296875,8.680256788e-14,3.302970623e-13,6.35400073e-13,5.556168289e-14,1.968059785e-13,8.439311736e-14,1.851906886e-13,1.791690843e-13,2.679433555e-14,2.537823942e-13,3.306894118e-13,1.112418578e-13,2.182843723e-13,1.907205849e-13,3.169188944e-13,3.900814224e-13,2.644704776e-13,1.806937225e-13,9.734268592e-14,8.356746503e-14,9.074085372e-14,1.663310064e-14,3.274629184e-14,3.122875609e-14,7.750181277e-14,1.586074986e-13,2.492139686e-13,2.32439439e-13,5.509978546e-13,1.182152864e-13,2.834086091e-13,6.30773408e-14
159.4375,8.758575028e-14,3.296012581e-13,6.455455319e-13,5.618366292e-14,1.983474898e-13,8.529998887e-14,1.883265309e-13,1.809407633e-13,2.718259592e-14,2.55310393e-13,3.291215852e-13,1.126483853e-13,2.186715979e-13,1.94267664e-13,3.244507329e-13,4.012083251e-13,2.713259496e-13,1.821585787e-13,9.697554404e-14,8.438928327e-14,8.966830643e-14,1.675854833e-14,3.323459743e-14,3.211276545e-14,7.939110145e-14,1.616435718e-13,2.497167235e-13,2.329315841e-13,5.577153479e-13,1.190656035e-13,2.888580438e-13,6.433289091e-14
159.4453125,8.843252587e-14,3.289172454e-13,6.562272267e-13,5.687055081e-14,2.000275948e-13,8.630662253e-14,1.915196073e-13,1.826519926e-13,2.758681867e-14,2.567812978e-13,3.276327625e-13,1.14182024e-13,2.191436634e-13,1.980396854e-13,3.322652942e-13,4.127298386e-13,2.785427121e-13,1.838465144e-13,9.668817547e-14,8.529401949e-14,8.864614446e-14,1.689169531e-14,3.375886235e-14,3.3052045e-14,8.137286933e-14,1.647912351e-13,2.503579e-13,2.334563169e-13,5.649018243e-13,1.199033779e-13,2.944855647e-13,6.560020766e-14
159.453125,8.939939671e-14,3.282086619e-13,6.672491585e-13,5.764654571e-14,2.016926227e-13,8.739157524e-14,1.947747299e-13,1.843590507e-13,2.803547517e-14,2.581429926e-13,3.261988052e-13,1.157700953e-13,2.195651376e-13,2.018677031e-13,3.402564062e-13,4.245071614e-13,2.859493293e-13,1.856625188e-13,9.635341861e-14,8.624662298e-14,8.766235166e-14,1.702297201e-14,3.434803017e-14,3.397565588e-14,8.341638404e-14,1.681018294e-13,2.510964282e-13,2.339608031e-13,5.721961434e-13,1.207377385e-13,3.001916391e-13,6.691738784e-14
159.4609375,9.046088613e-14,3.277554612e-13,6.785681078e-13,5.837500292e-14,2.033741552e-13,8.847738775e-14,1.980166609e-13,1.861022907e-13,2.85638229e-14,2.593913283e-13,3.249285335e-13,1.174400586e-13,2.199733344e-13,2.058776282e-13,3.48429829e-13,4.365338538e-13,2.935675633e-13,1.876102361e-13,9.602683011e-14,8.73565866e-14,8.674402193e-14,1.718012346e-14,3.497900319e-14,3.489489406e-14,8.550411661e-14,1.71532399e-13,2.520361895e-13,2.345154239e-13,5.79545011e-13,1.215941996e-13,3.062112253e-13,6.828478595e-14
159.46875,9.141280401e-14,3.273743632e-13,6.902927051e-13,5.906682671e-14,2.052050037e-13,8.960244712e-14,2.012281956e-13,1.878336722e-13,2.914188203e-14,2.605307634e-13,3.238227104e-13,1.192588598e-13,2.205506739e-13,2.102540305e-13,3.569075298e-13,4.489552153e-13,3.015289349e-13,1.896475328e-13,9.581502774e-14,8.870301346e-14,8.589385275e-14,1.737274979e-14,3.562417926e-14,3.585155234e-14,8.765308062e-14,1.750361801e-13,2.532859178e-13,2.350110425e-13,5.872318519e-13,1.224699341e-13,3.126168774e-13,6.965709851e-14
159.4765625,9.231662912e-14,3.267041495e-13,7.025252605e-13,5.978633468e-14,2.072140722e-13,9.087105382e-14,2.04486619e-13,1.89548086e-13,2.977148926e-14,2.615824573e-13,3.227100167e-13,1.212434025e-13,2.211935238e-13,2.149953973e-13,3.656867336e-13,4.617413868e-13,3.098255556e-13,1.917988718e-13,9.565916894e-14,9.021728919e-14,8.509458854e-14,1.759414098e-14,3.631296563e-14,3.685692386e-14,8.98835396e-14,1.786262333e-13,2.547015749e-13,2.353205871e-13,5.953563677e-13,1.233527514e-13,3.193353812e-13,7.101902885e-14
159.484375,9.342441578e-14,3.260944667e-13,7.153789426e-13,6.05119066e-14,2.09340138e-13,9.219746722e-14,2.077728644e-13,1.912078562e-13,3.046518999e-14,2.62565659e-13,3.21703666e-13,1.233690216e-13,2.217551883e-13,2.199726594e-13,3.745902298e-13,4.746578545e-13,3.182963924e-13,1.942208501e-13,9.552800979e-14,9.175412419e-14,8.437569437e-14,1.784416905e-14,3.706899603e-14,3.791424714e-14,9.216655622e-14,1.82322043e-13,2.562486246e-13,2.356614035e-13,6.038039682e-13,1.242473412e-13,3.263620955e-13,7.24048264e-14
159.4921875,9.465807005e-14,3.25668065e-13,7.287914067e-13,6.133763057e-14,2.114330808e-13,9.346404154e-14,2.11002356e-13,1.927342846e-13,3.11688919e-14,2.634098165e-13,3.209693943e-13,1.255910184e-13,2.223476265e-13,2.250884023e-13,3.835677902e-13,4.877094128e-13,3.268650586e-13,1.967959299e-13,9.542797413e-14,9.318778128e-14,8.372506226e-14,1.809948427e-14,3.787697257e-14,3.900549845e-14,9.447482087e-14,1.861432828e-13,2.58084637e-13,2.360642373e-13,6.124437433e-13,1.251898372e-13,3.3367341e-13,7.379586685e-14
159.5,9.585533446e-14,3.250646717e-13,7.425103112e-13,6.230896811e-14,2.134604547e-13,9.473064152e-14,2.142163138e-13,1.942510279e-13,3.188299429e-14,2.641004762e-13,3.204087758e-13,1.278667177e-13,2.230384277e-13,2.303309788e-13,3.92738536e-13,5.010873988e-13,3.355655967e-13,1.992688889e-13,9.530995657e-14,9.460996966e-14,8.310283454e-14,1.834535247e-14,3.870724124e-14,4.010666783e-14,9.68323728e-14,1.900960096e-13,2.600987706e-13,2.363653472e-13,6.212223185e-13,1.261982311e-13,3.411987453e-13,7.517106558e-14
159.5078125,9.710469332e-14,3.245433996e-13,7.564602382e-13,6.323774472e-14,2.156243937e-13,9.602007737e-14,2.174599104e-13,1.958704623e-13,3.26929103e-14,2.646725567e-13,3.200517975e-13,1.302198907e-13,2.237567522e-13,2.357633983e-13,4.020738943e-13,5.14666351e-13,3.443505509e-13,2.017819742e-13,9.52504611e-14,9.621369817e-14,8.255688018e-14,1.862102835e-14,3.953109831e-14,4.122741688e-14,9.924860908e-14,1.941090452e-13,2.621349171e-13,2.367535626e-13,6.301675865e-13,1.272069509e-13,3.489559756e-13,7.658727778e-14
159.515625,9.8418775e-14,3.243820123e-13,7.70742703e-13,6.407856292e-14,2.179534502e-13,9.731570413e-14,2.206948626e-13,1.974305816e-13,3.359974039e-14,2.650571073e-13,3.19966166e-13,1.327127225e-13,2.24502766e-13,2.415009528e-13,4.115147054e-13,5.282519245e-13,3.532609424e-13,2.045608512e-13,9.53487083e-14,9.790429354e-14,8.211547075e-14,1.894666674e-14,4.035951918e-14,4.238145553e-14,1.017118551e-13,1.981100922e-13,2.643152549e-13,2.372896657e-13,6.392608195e-13,1.281652689e-13,3.570406362e-13,7.803050552e-14
159.5234375,9.968608326e-14,3.241462121e-13,7.854351576e-13,6.494745751e-14,2.202210257e-13,9.874455243e-14,2.239596479e-13,1.988442638e-13,3.451359206e-14,2.652504058e-13,3.199123695e-13,1.353279384e-13,2.252847047e-13,2.475911098e-13,4.212739307e-13,5.420760656e-13,3.625693261e-13,2.074993352e-13,9.548484893e-14,9.952988355e-14,8.171180047e-14,1.928098224e-14,4.124092977e-14,4.355934323e-14,1.042422797e-13,2.021603078e-13,2.66694617e-13,2.376071108e-13,6.485532679e-13,1.291338307e-13,3.654438947e-13,7.942309224e-14
159.53125,1.009186536e-13,3.235977243e-13,8.006652007e-13,6.579341929e-14,2.22383961e-13,1.00342143e-13,2.272664378e-13,2.002272125e-13,3.540156967e-14,2.653200259e-13,3.197994455e-13,1.380261349e-13,2.260646406e-13,2.539348962e-13,4.314660907e-13,5.563271949e-13,3.722936783e-13,2.105213599e-13,9.557802213e-14,1.011960967e-13,8.132955491e-14,1.960060667e-14,4.21892661e-14,4.475557085e-14,1.068359848e-13,2.063479244e-13,2.692657381e-13,2.375816521e-13,6.582681219e-13,1.301622347e-13,3.740905547e-13,8.080720904e-14
159.5390625,1.021640051e-13,3.228744664e-13,8.164242099e-13,6.660520929e-14,2.245910686e-13,1.019689649e-13,2.30493704e-13,2.015875221e-13,3.630570599e-14,2.651998142e-13,3.198461968e-13,1.408472133e-13,2.268722033e-13,2.604350147e-13,4.417883933e-13,5.706792714e-13,3.820724161e-13,2.137173677e-13,9.573630996e-14,1.029337953e-13,8.100834084e-14,1.992930404e-14,4.316897953e-14,4.59710935e-14,1.0943869e-13,2.106093066e-13,2.720523836e-13,2.373934262e-13,6.683103572e-13,1.312145016e-13,3.829889743e-13,8.222129847e-14
159.546875,1.034702658e-13,3.220639657e-13,8.32462504e-13,6.750534996e-14,2.269571986e-13,1.036100819e-13,2.336506211e-13,2.028759301e-13,3.727233374e-14,2.64891992e-13,3.200761086e-13,1.437929218e-13,2.277512606e-13,2.67117378e-13,4.520137727e-13,5.848792567e-13,3.918063035e-13,2.17055109e-13,9.597424965e-14,1.047400769e-13,8.074271604e-14,2.028851876e-14,4.415544693e-14,4.719325438e-14,1.120400824e-13,2.14846655e-13,2.748502723e-13,2.371706134e-13,6.782942386e-13,1.322754984e-13,3.921161101e-13,8.359333851e-14
159.5546875,1.048680485e-13,3.213701937e-13,8.487661244e-13,6.844676525e-14,2.29529574e-13,1.053207326e-13,2.368657936e-13,2.041838783e-13,3.832611068e-14,2.645546229e-13,3.203676754e-13,1.467825538e-13,2.286582031e-13,2.740225923e-13,4.622822713e-13,5.991418021e-13,4.016845316e-13,2.20446683e-13,9.621943855e-14,1.067946119e-13,8.052747414e-14,2.068131505e-14,4.516809777e-14,4.842581602e-14,1.14684599e-13,2.19099355e-13,2.7763829e-13,2.370317581e-13,6.883178107e-13,1.333662855e-13,4.014096499e-13,8.493032209e-14
159.5625,1.062164937e-13,3.207945664e-13,8.654625355e-13,6.932715506e-14,2.321762149e-13,1.070486372e-13,2.401017906e-13,2.05584085e-13,3.944568022e-14,2.641875127e-13,3.207247053e-13,1.497782468e-13,2.29513971e-13,2.810752161e-13,4.726773328e-13,6.13563295e-13,4.116175046e-13,2.23877237e-13,9.649157562e-14,1.089699122e-13,8.036599383e-14,2.108939107e-14,4.622229873e-14,4.969731366e-14,1.173733239e-13,2.234067524e-13,2.807222762e-13,2.369352962e-13,6.986124484e-13,1.34473107e-13,4.108298449e-13,8.627548949e-14
159.5703125,1.074914594e-13,3.20056064e-13,8.823550127e-13,7.020088909e-14,2.347889494e-13,1.087763005e-13,2.432651883e-13,2.069561293e-13,4.056696687e-14,2.636764163e-13,3.211607982e-13,1.527903468e-13,2.30320391e-13,2.881728721e-13,4.830708033e-13,6.278839364e-13,4.213835244e-13,2.273695018e-13,9.680421165e-14,1.109786222e-13,8.024198032e-14,2.148361959e-14,4.728291413e-14,5.098251003e-14,1.200441227e-13,2.277107136e-13,2.839371571e-13,2.366968258e-13,7.088612617e-13,1.355847694e-13,4.202180274e-13,8.755713822e-14
159.578125,1.089337671e-13,3.192657466e-13,8.993626215e-13,7.113126507e-14,2.375556208e-13,1.105002615e-13,2.463605522e-13,2.08155042e-13,4.167108781e-14,2.630325582e-13,3.217296291e-13,1.558523457e-13,2.311844853e-13,2.95380549e-13,4.933974021e-13,6.419788519e-13,4.310106593e-13,2.310313033e-13,9.7142267e-14,1.130294644e-13,8.02026684e-14,2.187181595e-14,4.833572947e-14,5.221378465e-14,1.226643372e-13,2.320196343e-13,2.870160119e-13,2.363913132e-13,7.189787501e-13,1.367326933e-13,4.295780895e-13,8.8765571e-14
159.5859375,1.105196037e-13,3.186533197e-13,9.16713267e-13,7.21108352e-14,2.404804847e-13,1.121632815e-13,2.49384445e-13,2.092481812e-13,4.280657816e-14,2.623023384e-13,3.224887797e-13,1.590174155e-13,2.3213637e-13,3.02825571e-13,5.03676509e-13,6.559622454e-13,4.406210209e-13,2.349078181e-13,9.754044493e-14,1.152494509e-13,8.030654777e-14,2.228359948e-14,4.94294652e-14,5.341158753e-14,1.25283521e-13,2.363842334e-13,2.903621387e-13,2.361702129e-13,7.293758273e-13,1.379281811e-13,4.392271566e-13,8.999546024e-14
159.59375,1.119991473e-13,3.180460568e-13,9.343452553e-13,7.306531864e-14,2.432831861e-13,1.138669616e-13,2.523469173e-13,2.103535228e-13,4.399051994e-14,2.614726352e-13,3.233267766e-13,1.622616007e-13,2.330819601e-13,3.104371039e-13,5.138956486e-13,6.699052519e-13,4.503241293e-13,2.388783011e-13,9.799314759e-14,1.173113316e-13,8.048146377e-14,2.271916898e-14,5.056460553e-14,5.465149e-14,1.27947279e-13,2.407144431e-13,2.941481979e-13,2.359501953e-13,7.400361454e-13,1.391241039e-13,4.491010635e-13,9.122647642e-14
159.6015625,1.134531782e-13,3.173324886e-13,9.519922617e-13,7.395280274e-14,2.460672363e-13,1.157456171e-13,2.552549685e-13,2.113929095e-13,4.519472707e-14,2.60502608e-13,3.24222344e-13,1.655075195e-13,2.340386988e-13,3.180581707e-13,5.2397925e-13,6.837173565e-13,4.601620696e-13,2.429301016e-13,9.845468174e-14,1.192246534e-13,8.063526899e-14,2.317631744e-14,5.168869028e-14,5.592434759e-14,1.30613312e-13,2.448995805e-13,2.979548136e-13,2.356621096e-13,7.507106624e-13,1.402692612e-13,4.588171516e-13,9.237146382e-14
159.609375,1.150344984e-13,3.166002574e-13,9.695517142e-13,7.491217985e-14,2.48984788e-13,1.176437614e-13,2.580207809e-13,2.123313113e-13,4.640648952e-14,2.593726424e-13,3.252474376e-13,1.687185013e-13,2.350289405e-13,3.256270866e-13,5.337924051e-13,6.97198926e-13,4.699498066e-13,2.470994045e-13,9.89209273e-14,1.21241842e-13,8.077250068e-14,2.364927883e-14,5.282026818e-14,5.718463329e-14,1.332217916e-13,2.489905235e-13,3.017518313e-13,2.352765646e-13,7.614385116e-13,1.413780423e-13,4.684268121e-13,9.344813189e-14
159.6171875,1.16634345e-13,3.158311693e-13,9.870458006e-13,7.597814007e-14,2.516877487e-13,1.194073408e-13,2.606530193e-13,2.133223772e-13,4.761897501e-14,2.581710521e-13,3.262199331e-13,1.718768375e-13,2.35867424e-13,3.331353589e-13,5.433682895e-13,7.103886173e-13,4.796210189e-13,2.512566232e-13,9.936815752e-14,1.232838874e-13,8.090623693e-14,2.409166147e-14,5.399714439e-14,5.843308431e-14,1.357864686e-13,2.530954816e-13,3.057766183e-13,2.347155446e-13,7.721361297e-13,1.425253557e-13,4.780554219e-13,9.452110766e-14
159.625,1.182480069e-13,3.15014057e-13,1.004718034e-12,7.69766352e-14,2.541718829e-13,1.21162583e-13,2.632654818e-13,2.143567815e-13,4.884333548e-14,2.569729875e-13,3.271196186e-13,1.750476805e-13,2.365571291e-13,3.40706992e-13,5.528993666e-13,7.235295739e-13,4.893880271e-13,2.554424216e-13,9.979297089e-14,1.252916386e-13,8.106011545e-14,2.450059393e-14,5.519108495e-14,5.966492448e-14,1.383412161e-13,2.572264052e-13,3.09952701e-13,2.341030874e-13,7.827239519e-13,1.437486854e-13,4.876070169e-13,9.560043113e-14
159.6328125,1.200125672e-13,3.142032229e-13,1.022685107e-12,7.798641839e-14,2.569762416e-13,1.229826999e-13,2.657944878e-13,2.15269441e-13,5.012078081e-14,2.556581847e-13,3.282881662e-13,1.7834281e-13,2.373862241e-13,3.484899905e-13,5.622592904e-13,7.363627471e-13,4.990716265e-13,2.598569468e-13,1.002827137e-13,1.273155039e-13,8.128340369e-14,2.495135872e-14,5.639017528e-14,6.088120477e-14,1.408502115e-13,2.612852317e-13,3.141735982e-13,2.335959012e-13,7.933471898e-13,1.449891391e-13,4.972387554e-13,9.664376437e-14
159.640625,1.218981931e-13,3.134899856e-13,1.040586156e-12,7.915339513e-14,2.600604674e-13,1.247779528e-13,2.681625073e-13,2.160943662e-13,5.144469835e-14,2.541131478e-13,3.296521909e-13,1.816763955e-13,2.383157855e-13,3.563287293e-13,5.7119264e-13,7.48432666e-13,5.082037881e-13,2.643819227e-13,1.008513777e-13,1.292528066e-13,8.152913413e-14,2.545708268e-14,5.760425639e-14,6.212983538e-14,1.432627851e-13,2.651686283e-13,3.184110181e-13,2.330644751e-13,8.039348588e-13,1.461826494e-13,5.070595074e-13,9.761564742e-14
159.6484375,1.238055343e-13,3.129646506e-13,1.058300141e-12,8.024262614e-14,2.629639518e-13,1.265365077e-13,2.704896897e-13,2.169175142e-13,5.278061983e-14,2.524299317e-13,3.308612106e-13,1.849011873e-13,2.390560314e-13,3.640463471e-13,5.798880065e-13,7.599864609e-13,5.169061899e-13,2.688521171e-13,1.014217243e-13,1.310483956e-13,8.172579977e-14,2.596292233e-14,5.880230155e-14,6.342141433e-14,1.456203188e-13,2.688916511e-13,3.226954331e-13,2.324502106e-13,8.144285575e-13,1.473382105e-13,5.168739638e-13,9.852579754e-14
159.65625,1.257053779e-13,3.124500527e-13,1.076098725e-12,8.117302835e-14,2.657732347e-13,1.282913869e-13,2.728001092e-13,2.176613007e-13,5.414503727e-14,2.507085388e-13,3.321036736e-13,1.881074141e-13,2.396672724e-13,3.717914237e-13,5.885839983e-13,7.714216928e-13,5.255880147e-13,2.734097458e-13,1.020156486e-13,1.32725176e-13,8.194806435e-14,2.647355028e-14,5.998608883e-14,6.470782351e-14,1.479869361e-13,2.725601982e-13,3.271668263e-13,2.319035567e-13,8.250326449e-13,1.484828283e-13,5.266968207e-13,9.938543412e-14
159.6640625,1.276129402e-13,3.117098489e-13,1.093958715e-12,8.221512738e-14,2.687398835e-13,1.30073611e-13,2.749876242e-13,2.183265807e-13,5.553505005e-14,2.489203921e-13,3.336417176e-13,1.914185952e-13,2.403588569e-13,3.796811892e-13,5.972034402e-13,7.827319138e-13,5.343334329e-13,2.781256642e-13,1.026848864e-13,1.343524047e-13,8.22820484e-14,2.700881826e-14,6.120617034e-14,6.59776212e-14,1.503389848e-13,2.762596873e-13,3.31751007e-13,2.313631087e-13,8.357155469e-13,1.496379737e-13,5.365878064e-13,1.001999541e-13
159.671875,1.295897169e-13,3.108893624e-13,1.111749693e-12,8.332874173e-14,2.717917085e-13,1.319276136e-13,2.770757833e-13,2.190305623e-13,5.691705299e-14,2.470461169e-13,3.352577086e-13,1.947815872e-13,2.41093857e-13,3.876637373e-13,6.056804011e-13,7.939276877e-13,5.431855877e-13,2.82941359e-13,1.03388028e-13,1.360749831e-13,8.266477571e-14,2.754304294e-14,6.246121398e-14,6.724464312e-14,1.526493107e-13,2.799807482e-13,3.362849975e-13,2.3068536e-13,8.462495958e-13,1.508323915e-13,5.46363723e-13,1.009959294e-13
159.6796875,1.316295359e-13,3.101871812e-13,1.129487245e-12,8.433162191e-14,2.749405999e-13,1.337546573e-13,2.790819968e-13,2.197476419e-13,5.832813729e-14,2.451420972e-13,3.367904758e-13,1.981536264e-13,2.417737221e-13,3.957648796e-13,6.138963495e-13,8.048124125e-13,5.520484006e-13,2.879204623e-13,1.041109451e-13,1.37753839e-13,8.302568643e-14,2.808404122e-14,6.371440589e-14,6.849769734e-14,1.549396987e-13,2.836157142e-13,3.408673231e-13,2.299975278e-13,8.565162699e-13,1.520462802e-13,5.560272154e-13,1.017616129e-13
159.6875,1.336665011e-13,3.095565595e-13,1.147204519e-12,8.536607611e-14,2.782331527e-13,1.354874004e-13,2.809261793e-13,2.204102993e-13,5.981615054e-14,2.43246755e-13,3.383863209e-13,2.016038886e-13,2.424103354e-13,4.040194505e-13,6.217613813e-13,8.150656304e-13,5.606082283e-13,2.930587257e-13,1.04897371e-13,1.391683825e-13,8.342736074e-14,2.866365243e-14,6.494993621e-14,6.976055437e-14,1.571786831e-13,2.871045715e-13,3.455517916e-13,2.293925977e-13,8.665783544e-13,1.532458133e-13,5.657798432e-13,1.024464457e-13
159.6953125,1.357485235e-13,3.089038868e-13,1.164984599e-12,8.647778573e-14,2.814482574e-13,1.372996373e-13,2.826142385e-13,2.210967343e-13,6.13497526e-14,2.413142229e-13,3.401717165e-13,2.051540696e-13,2.43034544e-13,4.123656236e-13,6.294905232e-13,8.24930352e-13,5.689719349e-13,2.982276299e-13,1.057250114e-13,1.405144356e-13,8.394322469e-14,2.92650114e-14,6.614957812e-14,7.107458947e-14,1.593022983e-13,2.904657525e-13,3.502751192e-13,2.287057752e-13,8.766903816e-13,1.544521195e-13,5.756108659e-13,1.030396543e-13
159.703125,1.379296041e-13,3.081087986e-13,1.18239767e-12,8.75212906e-14,2.8448453e-13,1.391531974e-13,2.841650059e-13,2.21814144e-13,6.287459513e-14,2.392794488e-13,3.420672567e-13,2.086252768e-13,2.435694786e-13,4.205749206e-13,6.369557056e-13,8.344930794e-13,5.772968557e-13,3.033504951e-13,1.06491537e-13,1.419194228e-13,8.450462149e-14,2.985008415e-14,6.731247199e-14,7.237996771e-14,1.612951374e-13,2.936302769e-13,3.550118285e-13,2.278428851e-13,8.865788806e-13,1.556450938e-13,5.851876843e-13,1.035546231e-13
159.7109375,1.401715377e-13,3.072064184e-13,1.198802268e-12,8.857727201e-14,2.87540794e-13,1.4074974e-13,2.855294874e-13,2.22441907e-13,6.436147496e-14,2.37185598e-13,3.438603196e-13,2.118337453e-13,2.439030868e-13,4.283564719e-13,6.437024667e-13,8.433001598e-13,5.851814679e-13,3.084167407e-13,1.07138798e-13,1.432287108e-13,8.502244734e-14,3.039883819e-14,6.847442464e-14,7.359396981e-14,1.63151092e-13,2.965503409e-13,3.596267983e-13,2.269434803e-13,8.955657417e-13,1.567775666e-13,5.942174228e-13,1.040041456e-13
159.71875,1.424939992e-13,3.064728315e-13,1.214704338e-12,8.973785251e-14,2.907461886e-13,1.421843001e-13,2.867119448e-13,2.230404466e-13,6.583410755e-14,2.351570572e-13,3.455921837e-13,2.149451353e-13,2.441683748e-13,4.359239895e-13,6.499253599e-13,8.513693828e-13,5.925012295e-13,3.135548176e-13,1.077774016e-13,1.444670868e-13,8.555987339e-14,3.093799538e-14,6.963523528e-14,7.477448273e-14,1.648748761e-13,2.993192053e-13,3.641441741e-13,2.261647189e-13,9.040486147e-13,1.579028466e-13,6.03016319e-13,1.04399197e-13
159.7265625,1.449314698e-13,3.057975467e-13,1.230658758e-12,9.087910822e-14,2.941541469e-13,1.437318698e-13,2.877240029e-13,2.237521753e-13,6.736529812e-14,2.332007384e-13,3.474869889e-13,2.181872888e-13,2.445489193e-13,4.437456033e-13,6.559266003e-13,8.588970472e-13,5.995407171e-13,3.18860193e-13,1.085441638e-13,1.457030043e-13,8.617703505e-14,3.153514904e-14,7.074524492e-14,7.601563143e-14,1.664938939e-13,3.019351036e-13,3.687597571e-13,2.254657096e-13,9.127556653e-13,1.590267263e-13,6.119794344e-13,1.047282633e-13
159.734375,1.474384396e-13,3.048334981e-13,1.245946313e-12,9.195529245e-14,2.978426831e-13,1.45264799e-13,2.885806103e-13,2.244743653e-13,6.896703856e-14,2.311719251e-13,3.493663907e-13,2.213867986e-13,2.448628038e-13,4.51591031e-13,6.614626564e-13,8.657483436e-13,6.061955935e-13,3.241378337e-13,1.093460993e-13,1.469813509e-13,8.680115244e-14,3.218657044e-14,7.179945086e-14,7.729146038e-14,1.680103758e-13,3.043273245e-13,3.732797569e-13,2.24688071e-13,9.211012979e-13,1.600443055e-13,6.207044467e-13,1.050076339e-13
159.7421875,1.499760073e-13,3.038961779e-13,1.260345319e-12,9.303065778e-14,3.016295117e-13,1.46678791e-13,2.893694533e-13,2.250731749e-13,7.056714481e-14,2.289939553e-13,3.510537237e-13,2.243698369e-13,2.449764158e-13,4.590357704e-13,6.665547096e-13,8.721082465e-13,6.12452292e-13,3.293201327e-13,1.100508755e-13,1.483374011e-13,8.741984261e-14,3.281460309e-14,7.285007354e-14,7.85427449e-14,1.694417446e-13,3.065014809e-13,3.775020926e-13,2.238602635e-13,9.284866574e-13,1.609922134e-13,6.288755683e-13,1.052432659e-13
159.75,1.525227155e-13,3.033445892e-13,1.274427254e-12,9.410608665e-14,3.051978619e-13,1.481203969e-13,2.900384211e-13,2.255877064e-13,7.211530594e-14,2.267416988e-13,3.529160116e-13,2.272852833e-13,2.451226457e-13,4.66279201e-13,6.713226809e-13,8.779858273e-13,6.185547493e-13,3.346107771e-13,1.107397735e-13,1.494199532e-13,8.808948975e-14,3.341096261e-14,7.389964564e-14,7.975193718e-14,1.707947092e-13,3.083575599e-13,3.816750473e-13,2.231489898e-13,9.353165895e-13,1.619744792e-13,6.368506115e-13,1.053413754e-13
159.7578125,1.551600345e-13,3.027089526e-13,1.287908369e-12,9.517359622e-14,3.086589783e-13,1.495088243e-13,2.904121065e-13,2.259978926e-13,7.361071759e-14,2.244936885e-13,3.55097751e-13,2.301440859e-13,2.453089643e-13,4.733870399e-13,6.75444446e-13,8.829148779e-13,6.242054872e-13,3.399253837e-13,1.114530227e-13,1.501272386e-13,8.875562186e-14,3.40133638e-14,7.488650094e-14,8.088713616e-14,1.719700808e-13,3.098838316e-13,3.858876199e-13,2.225584498e-13,9.418237835e-13,1.629187126e-13,6.445441102e-13,1.052982557e-13
159.765625,1.580427288e-13,3.017422627e-13,1.300567783e-12,9.625387532e-14,3.123394522e-13,1.507261883e-13,2.905574212e-13,2.262582905e-13,7.50709056e-14,2.222816281e-13,3.572540208e-13,2.328107235e-13,2.453161873e-13,4.800533034e-13,6.789738777e-13,8.871164193e-13,6.291780531e-13,3.45082241e-13,1.121049062e-13,1.509959304e-13,8.93703436e-14,3.46070146e-14,7.580788573e-14,8.194693363e-14,1.729313469e-13,3.113360695e-13,3.899582873e-13,2.220181771e-13,9.479430504e-13,1.637638767e-13,6.516195083e-13,1.052522418e-13
159.7734375,1.6101343e-13,3.009210721e-13,1.312893889e-12,9.735864094e-14,3.161413684e-13,1.519636852e-13,2.906408074e-13,2.26477092e-13,7.651605924e-14,2.201177477e-13,3.592886827e-13,2.35419072e-13,2.452928738e-13,4.864801606e-13,6.822484712e-13,8.9102654e-13,6.339207866e-13,3.502844161e-13,1.127698802e-13,1.51928876e-13,8.99871543e-14,3.518727833e-14,7.672522475e-14,8.300767065e-14,1.738122325e-13,3.126854951e-13,3.938542989e-13,2.214509809e-13,9.537417321e-13,1.645804334e-13,6.585093183e-13,1.051608957e-13
159.78125,1.638027154e-13,3.002546734e-13,1.324778486e-12,9.848551136e-14,3.197985322e-13,1.532949903e-13,2.905840782e-13,2.267379563e-13,7.795956456e-14,2.179682726e-13,3.613132416e-13,2.381109373e-13,2.454226946e-13,4.930219795e-13,6.850908417e-13,8.943319639e-13,6.3853953e-13,3.556423374e-13,1.135427153e-13,1.523487364e-13,9.062362472e-14,3.57857277e-14,7.763861858e-14,8.410420997e-14,1.746575339e-13,3.136845599e-13,3.975984404e-13,2.207109132e-13,9.591329411e-13,1.653836087e-13,6.655345227e-13,1.048921453e-13
159.7890625,1.666135754e-13,2.993860338e-13,1.336032953e-12,9.963172467e-14,3.233598633e-13,1.545316565e-13,2.903077571e-13,2.270009024e-13,7.940438723e-14,2.15832663e-13,3.633336572e-13,2.407083459e-13,2.454809906e-13,4.993601555e-13,6.873597991e-13,8.968780412e-13,6.426541778e-13,3.608864829e-13,1.142815177e-13,1.525355178e-13,9.127384258e-14,3.638947065e-14,7.850961312e-14,8.516378195e-14,1.753688679e-13,3.145132085e-13,4.012268058e-13,2.199369176e-13,9.640078494e-13,1.661567513e-13,6.721652952e-13,1.045770512e-13
159.796875,1.696721393e-13,2.986058032e-13,1.346984006e-12,1.00813229e-13,3.268798743e-13,1.556220791e-13,2.899384405e-13,2.271835786e-13,8.080878198e-14,2.137554801e-13,3.653856536e-13,2.430437628e-13,2.452879247e-13,5.051522288e-13,6.891845533e-13,8.988006393e-13,6.462384078e-13,3.65879183e-13,1.14881452e-13,1.528317119e-13,9.194261946e-14,3.695839819e-14,7.934532438e-14,8.612275522e-14,1.759350272e-13,3.153344264e-13,4.047080231e-13,2.194568299e-13,9.68222672e-13,1.669048089e-13,6.780402666e-13,1.043434332e-13
159.8046875,1.727632742e-13,2.981969424e-13,1.357449634e-12,1.019707699e-13,3.302950067e-13,1.566874578e-13,2.895316419e-13,2.272040041e-13,8.214336403e-14,2.116325833e-13,3.674387892e-13,2.452475463e-13,2.449832871e-13,5.106995024e-13,6.904756204e-13,8.998576354e-13,6.494305832e-13,3.707983866e-13,1.154669207e-13,1.529315728e-13,9.2595658e-14,3.750610998e-14,8.013664215e-14,8.702192463e-14,1.763968988e-13,3.158637614e-13,4.078161662e-13,2.191261537e-13,9.717017369e-13,1.675652742e-13,6.835249528e-13,1.040411894e-13
159.8125,1.758401721e-13,2.977940281e-13,1.36707702e-12,1.030040292e-13,3.337717528e-13,1.577827473e-13,2.889479984e-13,2.271132084e-13,8.348086219e-14,2.093217867e-13,3.694434577e-13,2.474821051e-13,2.447259893e-13,5.162122576e-13,6.911336498e-13,8.999194326e-13,6.521386176e-13,3.757940833e-13,1.16123743e-13,1.528517701e-13,9.324738122e-14,3.808027571e-14,8.085572218e-14,8.79187395e-14,1.767117301e-13,3.160163182e-13,4.105597826e-13,2.186645676e-13,9.748540754e-13,1.681202377e-13,6.889438584e-13,1.035771262e-13
159.8203125,1.791190202e-13,2.971761214e-13,1.375845426e-12,1.040504072e-13,3.374550227e-13,1.588089162e-13,2.880498984e-13,2.270082267e-13,8.482967183e-14,2.069659459e-13,3.714411458e-13,2.496204585e-13,2.445298558e-13,5.213025851e-13,6.911114074e-13,8.991055328e-13,6.542604986e-13,3.807625157e-13,1.167736455e-13,1.528302056e-13,9.39192399e-14,3.867619622e-14,8.154494362e-14,8.877888107e-14,1.7684573e-13,3.159879692e-13,4.131787505e-13,2.181978329e-13,9.776567501e-13,1.686450458e-13,6.940102899e-13,1.030430591e-13
159.828125,1.825154533e-13,2.964781377e-13,1.383531948e-12,1.053026553e-13,3.411746337e-13,1.596552886e-13,2.868570822e-13,2.2681228e-13,8.607869001e-14,2.047967671e-13,3.733256555e-13,2.515029249e-13,2.443122892e-13,5.258442335e-13,6.903882893e-13,8.975108638e-13,6.558868698e-13,3.855681332e-13,1.173850519e-13,1.527364457e-13,9.452922728e-14,3.924984978e-14,8.224152413e-14,8.956930979e-14,1.768470358e-13,3.157574734e-13,4.156624673e-13,2.177636315e-13,9.795183466e-13,1.691243622e-13,6.9847824e-13,1.024581772e-13
159.8359375,1.859137865e-13,2.957746354e-13,1.390307549e-12,1.065871612e-13,3.448497487e-13,1.60434774e-13,2.855273191e-13,2.265086498e-13,8.72822162e-14,2.027855263e-13,3.751137697e-13,2.533050272e-13,2.440058508e-13,5.303253708e-13,6.892675733e-13,8.953337032e-13,6.572534909e-13,3.903258046e-13,1.180611265e-13,1.524706646e-13,9.510212516e-14,3.982124215e-14,8.289825123e-14,9.034846457e-14,1.767753338e-13,3.152584291e-13,4.179545503e-13,2.172942264e-13,9.807684579e-13,1.695013134e-13,7.027329117e-13,1.017931456e-13
159.84375,1.894259743e-13,2.951662434e-13,1.396708119e-12,1.076700115e-13,3.48502319e-13,1.612979067e-13,2.841526939e-13,2.26214412e-13,8.855548639e-14,2.008180425e-13,3.770714443e-13,2.55152964e-13,2.436305147e-13,5.347999938e-13,6.878977611e-13,8.925458213e-13,6.58408631e-13,3.950769208e-13,1.188209519e-13,1.519993272e-13,9.578171517e-14,4.042746317e-14,8.348463184e-14,9.112687725e-14,1.766333226e-13,3.145464627e-13,4.200829014e-13,2.169760963e-13,9.818630272e-13,1.698157441e-13,7.068797302e-13,1.01088313e-13
159.8515625,1.929951754e-13,2.94620065e-13,1.402407825e-12,1.086248076e-13,3.519427063e-13,1.62124246e-13,2.82645421e-13,2.258459112e-13,8.976589614e-14,1.988993575e-13,3.790124975e-13,2.567962651e-13,2.43200836e-13,5.387639144e-13,6.860881174e-13,8.891294123e-13,6.591863891e-13,3.995803938e-13,1.1950916e-13,1.513623521e-13,9.650591536e-14,4.101074114e-14,8.401676038e-14,9.182713787e-14,1.763701058e-13,3.136376917e-13,4.219654765e-13,2.167119938e-13,9.822223249e-13,1.700928939e-13,7.103515712e-13,1.003545125e-13
159.859375,1.965463876e-13,2.939359703e-13,1.406941834e-12,1.095477762e-13,3.551497315e-13,1.628016905e-13,2.809466112e-13,2.25319445e-13,9.083096041e-14,1.970241381e-13,3.80563742e-13,2.58136948e-13,2.426994142e-13,5.422226033e-13,6.839494281e-13,8.855382869e-13,6.596359869e-13,4.038380712e-13,1.200552877e-13,1.508780643e-13,9.71257825e-14,4.152965278e-14,8.448701834e-14,9.24517203e-14,1.759637861e-13,3.125770139e-13,4.236278343e-13,2.162218985e-13,9.817469932e-13,1.70291503e-13,7.130863116e-13,9.957239948e-14
159.8671875,2.002505144e-13,2.932701308e-13,1.410588514e-12,1.104639662e-13,3.583878139e-13,1.634340619e-13,2.7913963e-13,2.247969106e-13,9.190858272e-14,1.951532563e-13,3.819331376e-13,2.593980076e-13,2.421580157e-13,5.455256777e-13,6.815440598e-13,8.817124576e-13,6.598560829e-13,4.081090283e-13,1.205520529e-13,1.504883259e-13,9.770218476e-14,4.2040834e-14,8.489892799e-14,9.304903509e-14,1.75461081e-13,3.114034159e-13,4.251414037e-13,2.157742464e-13,9.809393133e-13,1.703888022e-13,7.155016481e-13,9.876115566e-14
159.875,2.041100331e-13,2.927597634e-13,1.413404865e-12,1.114583521e-13,3.616440188e-13,1.640282956e-13,2.772512451e-13,2.242954241e-13,9.301810474e-14,1.933114519e-13,3.832764134e-13,2.60603708e-13,2.416007213e-13,5.486179345e-13,6.785873473e-13,8.771123541e-13,6.597462461e-13,4.123735012e-13,1.210190269e-13,1.497775673e-13,9.831373031e-14,4.255172476e-14,8.529694563e-14,9.359174471e-14,1.74893581e-13,3.100555639e-13,4.264776035e-13,2.155560485e-13,9.796309968e-13,1.703803074e-13,7.175435303e-13,9.789926069e-14
159.8828125,2.079048229e-13,2.920725006e-13,1.415142698e-12,1.124965199e-13,3.647515334e-13,1.644714814e-13,2.752045588e-13,2.236781364e-13,9.404529728e-14,1.915353731e-13,3.843079082e-13,2.616129333e-13,2.409818381e-13,5.513273807e-13,6.750874575e-13,8.719295023e-13,6.593069444e-13,4.164853222e-13,1.214064856e-13,1.488917735e-13,9.888977297e-14,4.301604387e-14,8.569734398e-14,9.4095072e-14,1.742281102e-13,3.085099979e-13,4.277363413e-13,2.152182707e-13,9.777007587e-13,1.702652589e-13,7.190856781e-13,9.69348608e-14
159.890625,2.11623964e-13,2.911984781e-13,1.415921303e-12,1.134675511e-13,3.678439651e-13,1.647716684e-13,2.729922134e-13,2.229970744e-13,9.502576243e-14,1.898366761e-13,3.850524e-13,2.624580108e-13,2.40267918e-13,5.535958463e-13,6.711011189e-13,8.663204875e-13,6.584444306e-13,4.204342802e-13,1.217475526e-13,1.481037032e-13,9.939512271e-14,4.345908841e-14,8.606669451e-14,9.464751596e-14,1.734281106e-13,3.067421618e-13,4.287942333e-13,2.147532094e-13,9.752578786e-13,1.70052261e-13,7.202297004e-13,9.591106618e-14
159.8984375,2.154649125e-13,2.905110643e-13,1.415967108e-12,1.143939357e-13,3.710767987e-13,1.650094525e-13,2.706736264e-13,2.222892036e-13,9.600541534e-14,1.882348496e-13,3.858125364e-13,2.632186784e-13,2.395082306e-13,5.554857359e-13,6.665480234e-13,8.599418651e-13,6.569952752e-13,4.242355668e-13,1.220875174e-13,1.472407734e-13,9.989456407e-14,4.391755466e-14,8.637659546e-14,9.523035515e-14,1.725116156e-13,3.047158026e-13,4.293365754e-13,2.144671053e-13,9.720481479e-13,1.697490996e-13,7.209618034e-13,9.490240258e-14
159.90625,2.195186367e-13,2.898946989e-13,1.415409718e-12,1.152914156e-13,3.743685298e-13,1.652373134e-13,2.682474146e-13,2.214399157e-13,9.692762272e-14,1.866890964e-13,3.866011171e-13,2.638986041e-13,2.387719213e-13,5.573517408e-13,6.617948319e-13,8.531084735e-13,6.553955401e-13,4.280114887e-13,1.224325665e-13,1.463163376e-13,1.004122581e-13,4.43752943e-14,8.664787241e-14,9.573213225e-14,1.715253146e-13,3.025542733e-13,4.297401443e-13,2.142349105e-13,9.683469705e-13,1.693761746e-13,7.214035572e-13,9.388453126e-14
159.9140625,2.236206312e-13,2.890815617e-13,1.414159038e-12,1.161734117e-13,3.775900832e-13,1.654439212e-13,2.656699229e-13,2.204304132e-13,9.775070536e-14,1.850935454e-13,3.872780796e-13,2.644800833e-13,2.380377052e-13,5.592835019e-13,6.570008577e-13,8.46119763e-13,6.539984883e-13,4.318504488e-13,1.227943853e-13,1.454547806e-13,1.008868903e-13,4.481826827e-14,8.692419899e-14,9.61265973e-14,1.704783654e-13,3.003264347e-13,4.304759339e-13,2.13820006e-13,9.64647428e-13,1.689410653e-13,7.216633292e-13,9.279669538e-14
159.921875,2.275975039e-13,2.882525552e-13,1.411883909e-12,1.171356637e-13,3.806708524e-13,1.655576932e-13,2.629441951e-13,2.193283833e-13,9.847325659e-14,1.834618141e-13,3.878075161e-13,2.649355713e-13,2.372500516e-13,5.608510425e-13,6.516734691e-13,8.384388486e-13,6.522638393e-13,4.355671321e-13,1.231532027e-13,1.44460692e-13,1.012943201e-13,4.524109887e-14,8.719609103e-14,9.64882127e-14,1.693467549e-13,2.979087523e-13,4.310977115e-13,2.133219809e-13,9.604271123e-13,1.68419918e-13,7.215264964e-13,9.164753228e-14
159.9296875,2.315674755e-13,2.875722456e-13,1.408578236e-12,1.18109425e-13,3.835828712e-13,1.655452623e-13,2.601043697e-13,2.181707829e-13,9.914705551e-14,1.819287131e-13,3.88242581e-13,2.652539887e-13,2.364088208e-13,5.618605846e-13,6.457542909e-13,8.300172889e-13,6.49878828e-13,4.389894673e-13,1.234420251e-13,1.433909979e-13,1.016987785e-13,4.563414912e-14,8.742174455e-14,9.687237429e-14,1.681167241e-13,2.953242042e-13,4.312105204e-13,2.129174586e-13,9.551537852e-13,1.678148383e-13,7.209428137e-13,9.050464988e-14
159.9375,2.356395271e-13,2.869217569e-13,1.404298639e-12,1.189735141e-13,3.862568412e-13,1.6535784e-13,2.571336251e-13,2.169632334e-13,9.980704594e-14,1.80487499e-13,3.885974484e-13,2.653811016e-13,2.354658564e-13,5.623483734e-13,6.394837187e-13,8.212252432e-13,6.471599985e-13,4.420184709e-13,1.236021284e-13,1.425205302e-13,1.021063474e-13,4.598220295e-14,8.761133091e-14,9.724917305e-14,1.667582724e-13,2.92660512e-13,4.310792549e-13,2.125948092e-13,9.490375106e-13,1.671374437e-13,7.198904765e-13,8.940007399e-14
159.9453125,2.397281285e-13,2.862069921e-13,1.398812524e-12,1.198384027e-13,3.887280877e-13,1.649931107e-13,2.539810773e-13,2.156823826e-13,1.004136665e-13,1.790251634e-13,3.888202635e-13,2.652889231e-13,2.344028216e-13,5.623631566e-13,6.32596243e-13,8.116819123e-13,6.440428356e-13,4.445719371e-13,1.23689792e-13,1.416417222e-13,1.024629974e-13,4.628620868e-14,8.777407402e-14,9.757355504e-14,1.652301353e-13,2.897343446e-13,4.307492663e-13,2.122250952e-13,9.422005926e-13,1.663616743e-13,7.182064436e-13,8.824327232e-14
159.953125,2.439355073e-13,2.854432419e-13,1.392542082e-12,1.206954512e-13,3.91426733e-13,1.647297482e-13,2.506734066e-13,2.143558183e-13,1.010275254e-13,1.776217844e-13,3.890512906e-13,2.65170776e-13,2.334050343e-13,5.623351927e-13,6.250524196e-13,8.011657108e-13,6.404007728e-13,4.469604566e-13,1.238823224e-13,1.405132655e-13,1.028117862e-13,4.661958647e-14,8.786146398e-14,9.785468977e-14,1.635611155e-13,2.864186837e-13,4.300361398e-13,2.118606918e-13,9.34739478e-13,1.654889012e-13,7.162441156e-13,8.693916848e-14
159.9609375,2.483274343e-13,2.846463351e-13,1.386084919e-12,1.213763514e-13,3.944997401e-13,1.646795716e-13,2.473016183e-13,2.12984598e-13,1.016848451e-13,1.764031742e-13,3.894213207e-13,2.650913015e-13,2.325118676e-13,5.623073461e-13,6.172536745e-13,7.902576572e-13,6.365753421e-13,4.494990308e-13,1.241620655e-13,1.393980631e-13,1.031770483e-13,4.700312363e-14,8.787841955e-14,9.807878232e-14,1.618275942e-13,2.829472287e-13,4.290463746e-13,2.116574075e-13,9.269136914e-13,1.645587772e-13,7.142035264e-13,8.557701662e-14
159.96875,2.525895468e-13,2.838270244e-13,1.378736168e-12,1.220449812e-13,3.972174798e-13,1.643968983e-13,2.438855792e-13,2.114560137e-13,1.021642701e-13,1.752271459e-13,3.896175659e-13,2.647439114e-13,2.314563924e-13,5.615117529e-13,6.092297141e-13,7.79255479e-13,6.326464041e-13,4.518559651e-13,1.242623504e-13,1.384708311e-13,1.034682407e-13,4.729201544e-14,8.790351366e-14,9.819726997e-14,1.600515987e-13,2.795143247e-13,4.27907294e-13,2.114573006e-13,9.186482832e-13,1.635721869e-13,7.114351971e-13,8.427243522e-14
159.9765625,2.566588241e-13,2.830564875e-13,1.369862037e-12,1.2287902e-13,3.993079842e-13,1.637254218e-13,2.403749832e-13,2.098160694e-13,1.024267485e-13,1.739631626e-13,3.894676081e-13,2.641080414e-13,2.30252196e-13,5.599356982e-13,6.008744213e-13,7.679980469e-13,6.284525906e-13,4.537736629e-13,1.242024593e-13,1.375909966e-13,1.037194544e-13,4.745731768e-14,8.793920009e-14,9.825754669e-14,1.582001003e-13,2.760179162e-13,4.265859998e-13,2.111096522e-13,9.097246549e-13,1.625180867e-13,7.079176492e-13,8.296109505e-14
159.984375,2.608596783e-13,2.823338963e-13,1.360277217e-12,1.236280151e-13,4.01583665e-13,1.631529052e-13,2.367706493e-13,2.082112175e-13,1.0277675e-13,1.727700116e-13,3.893224331e-13,2.63547945e-13,2.292029527e-13,5.58399162e-13,5.923780683e-13,7.565628361e-13,6.241785347e-13,4.555528232e-13,1.242903961e-13,1.367971811e-13,1.040673046e-13,4.768868329e-14,8.791801657e-14,9.834949403e-14,1.562673874e-13,2.723793784e-13,4.250918209e-13,2.108607098e-13,9.002511024e-13,1.614044384e-13,7.044705198e-13,8.159485403e-14
159.9921875,2.652494402e-13,2.81506764e-13,1.350407192e-12,1.241579084e-13,4.042179809e-13,1.627925625e-13,2.331350594e-13,2.065210929e-13,1.032243952e-13,1.717421178e-13,3.892109931e-13,2.630263336e-13,2.282592992e-13,5.569316778e-13,5.838849066e-13,7.451987625e-13,6.199970284e-13,4.573117435e-13,1.24500279e-13,1.362336129e-13,1.044612186e-13,4.801026674e-14,8.784203784e-14,9.845402611e-14,1.543146922e-13,2.687126273e-13,4.235728575e-13,2.107748272e-13,8.90627052e-13,1.601912967e-13,7.010933427e-13,8.025990425e-14
160,2.697606413e-13,2.805953721e-13,1.339633366e-12,1.246745939e-13,4.065466082e-13,1.622714482e-13,2.294804499e-13,2.046260763e-13,1.03512159e-13,1.707456287e-13,3.887869143e-13,2.622574593e-13,2.272063326e-13,5.551297745e-13,5.753590268e-13,7.339479486e-13,6.158697873e-13,4.589292841e-13,1.245864383e-13,1.35816625e-13,1.047759134e-13,4.826101674e-14,8.775674432e-14,9.851052732e-14,1.52382551e-13,2.650728926e-13,4.221770475e-13,2.105423899e-13,8.810278905e-13,1.588330851e-13,6.972871644e-13,7.897081237e-14
160.0078125,2.744225359e-13,2.79698043e-13,1.327982799e-12,1.25208764e-13,4.086372517e-13,1.615769689e-13,2.257236841e-13,2.026426972e-13,1.036700591e-13,1.69746095e-13,3.881534434e-13,2.613166213e-13,2.261066117e-13,5.53001721e-13,5.666276387e-13,7.225762686e-13,6.117480298e-13,4.604225133e-13,1.245729137e-13,1.35414789e-13,1.050404459e-13,4.843875222e-14,8.765531569e-14,9.851050063e-14,1.503990545e-13,2.613652736e-13,4.207468248e-13,2.100754586e-13,8.709465526e-13,1.573953188e-13,6.930687914e-13,7.766951544e-14
160.015625,2.790254961e-13,2.787243152e-13,1.315861805e-12,1.25687458e-13,4.107768768e-13,1.608824285e-13,2.218334036e-13,2.005902043e-13,1.038044595e-13,1.688152897e-13,3.87557766e-13,2.602952503e-13,2.250052221e-13,5.504117923e-13,5.575085746e-13,7.108356682e-13,6.07403971e-13,4.616633659e-13,1.245467683e-13,1.350050503e-13,1.053170134e-13,4.861489644e-14,8.75218021e-14,9.845676142e-14,1.483107816e-13,2.575421242e-13,4.190393213e-13,2.095762223e-13,8.599957292e-13,1.559477408e-13,6.884434669e-13,7.63709514e-14
160.0234375,2.83400868e-13,2.778893788e-13,1.302945935e-12,1.262387741e-13,4.125481999e-13,1.601030644e-13,2.179339988e-13,1.984532325e-13,1.038536497e-13,1.679383764e-13,3.868313419e-13,2.591085494e-13,2.238520532e-13,5.472894677e-13,5.481667177e-13,6.988444711e-13,6.027253962e-13,4.625401513e-13,1.244581804e-13,1.34609508e-13,1.056069292e-13,4.875362304e-14,8.738394038e-14,9.837112799e-14,1.462111219e-13,2.53626689e-13,4.172288775e-13,2.092450458e-13,8.486306048e-13,1.544104655e-13,6.833813636e-13,7.509217543e-14
160.03125,2.877090444e-13,2.773776908e-13,1.289030433e-12,1.268599007e-13,4.138835066e-13,1.592055796e-13,2.140860919e-13,1.96353656e-13,1.038482214e-13,1.671457906e-13,3.85815825e-13,2.578467679e-13,2.227350654e-13,5.439755006e-13,5.388816666e-13,6.869620404e-13,5.980717155e-13,4.632667501e-13,1.243193574e-13,1.343284596e-13,1.059226122e-13,4.88494915e-14,8.725746606e-14,9.830481084e-14,1.441617374e-13,2.496331864e-13,4.155484751e-13,2.090987798e-13,8.371524246e-13,1.527154731e-13,6.781212153e-13,7.3814207e-14
160.0390625,2.92022791e-13,2.765419524e-13,1.274515034e-12,1.272929525e-13,4.152249107e-13,1.582650318e-13,2.101518046e-13,1.942506514e-13,1.038317322e-13,1.665119096e-13,3.846084322e-13,2.565533727e-13,2.216505491e-13,5.404127385e-13,5.296111058e-13,6.753023989e-13,5.935838119e-13,4.638576829e-13,1.241516597e-13,1.342588693e-13,1.062506271e-13,4.893163168e-14,8.7108418e-14,9.826056426e-14,1.420758601e-13,2.456408008e-13,4.138812978e-13,2.088602617e-13,8.253507041e-13,1.509577391e-13,6.725967183e-13,7.25522949e-14
160.046875,2.963797488e-13,2.752190117e-13,1.259635777e-12,1.275226889e-13,4.165924963e-13,1.572749604e-13,2.060754208e-13,1.920206515e-13,1.037263277e-13,1.659498995e-13,3.83326535e-13,2.550778703e-13,2.205043213e-13,5.364030472e-13,5.202770508e-13,6.636650309e-13,5.88942412e-13,4.641390216e-13,1.239374559e-13,1.344039328e-13,1.06524426e-13,4.898039336e-14,8.690660097e-14,9.818420008e-14,1.399096094e-13,2.417162698e-13,4.121497114e-13,2.083910901e-13,8.133236537e-13,1.491968668e-13,6.666743151e-13,7.131532139e-14
160.0546875,3.009516922e-13,2.743425274e-13,1.244321585e-12,1.278916611e-13,4.179083172e-13,1.56275821e-13,2.019717304e-13,1.897244241e-13,1.035530802e-13,1.653707005e-13,3.820487075e-13,2.534764509e-13,2.194203345e-13,5.323008855e-13,5.108997486e-13,6.518650569e-13,5.841336686e-13,4.642962027e-13,1.23758612e-13,1.347360436e-13,1.067187184e-13,4.901735042e-14,8.667759893e-14,9.804267758e-14,1.37726932e-13,2.377536646e-13,4.103954602e-13,2.079692774e-13,8.011544529e-13,1.473570139e-13,6.606550216e-13,7.008295167e-14
160.0625,3.055814426e-13,2.739247932e-13,1.228349726e-12,1.285391704e-13,4.191371861e-13,1.552662381e-13,1.978663703e-13,1.873757629e-13,1.033567728e-13,1.648597676e-13,3.807239735e-13,2.518546602e-13,2.184562307e-13,5.281268653e-13,5.013622908e-13,6.399269447e-13,5.793725253e-13,4.644343504e-13,1.236261503e-13,1.351211396e-13,1.068690615e-13,4.906424941e-14,8.647586428e-14,9.785090712e-14,1.355568056e-13,2.336695161e-13,4.085364882e-13,2.076789575e-13,7.885930977e-13,1.454102576e-13,6.545292075e-13,6.885488818e-14
160.0703125,3.099433406e-13,2.7313939e-13,1.211685705e-12,1.291497073e-13,4.199788094e-13,1.541628085e-13,1.937504662e-13,1.849344417e-13,1.030668893e-13,1.644635088e-13,3.792458873e-13,2.50098697e-13,2.174562279e-13,5.235168523e-13,4.917224853e-13,6.280133646e-13,5.746033349e-13,4.642947025e-13,1.234178326e-13,1.354330973e-13,1.070297473e-13,4.907021511e-14,8.631380948e-14,9.764456336e-14,1.333999439e-13,2.295691567e-13,4.065740124e-13,2.072778676e-13,7.757914466e-13,1.434006628e-13,6.48000276e-13,6.76347552e-14
160.078125,3.141877353e-13,2.721552711e-13,1.19501026e-12,1.294642734e-13,4.206320239e-13,1.531339219e-13,1.897345185e-13,1.824911649e-13,1.027188139e-13,1.641091248e-13,3.777557089e-13,2.482518642e-13,2.164723822e-13,5.188403278e-13,4.823453553e-13,6.163013906e-13,5.698947707e-13,4.638972061e-13,1.231758761e-13,1.358608981e-13,1.07266183e-13,4.905168245e-14,8.614693815e-14,9.744822732e-14,1.312840025e-13,2.255178178e-13,4.04620994e-13,2.067704374e-13,7.63089226e-13,1.413415018e-13,6.413627026e-13,6.641940059e-14
160.0859375,3.185576201e-13,2.71352147e-13,1.178683125e-12,1.296321435e-13,4.215765145e-13,1.523414142e-13,1.858324331e-13,1.80045741e-13,1.024021856e-13,1.637647487e-13,3.763676709e-13,2.464568717e-13,2.156138159e-13,5.144402707e-13,4.732730461e-13,6.048367561e-13,5.654424601e-13,4.633980386e-13,1.229982088e-13,1.365939244e-13,1.075832865e-13,4.906519893e-14,8.594250514e-14,9.724931877e-14,1.291944919e-13,2.214521085e-13,4.026715446e-13,2.063008206e-13,7.503365012e-13,1.392397383e-13,6.348739492e-13,6.522126019e-14
160.09375,3.228242976e-13,2.705008037e-13,1.161876035e-12,1.298738293e-13,4.223943971e-13,1.514953229e-13,1.819223263e-13,1.775272078e-13,1.020419761e-13,1.634516733e-13,3.74846409e-13,2.445826297e-13,2.147141477e-13,5.097376862e-13,4.641631155e-13,5.934684722e-13,5.610113203e-13,4.625828739e-13,1.227766201e-13,1.37485495e-13,1.079027945e-13,4.905049431e-14,8.572974137e-14,9.70089133e-14,1.270883325e-13,2.17388337e-13,4.007259072e-13,2.058137439e-13,7.373252738e-13,1.370918105e-13,6.281236774e-13,6.406024284e-14
160.1015625,3.26798678e-13,2.696514964e-13,1.144212985e-12,1.30218721e-13,4.227100696e-13,1.503693139e-13,1.779854315e-13,1.750183167e-13,1.015851094e-13,1.632294031e-13,3.73095857e-13,2.425657485e-13,2.137372499e-13,5.044928108e-13,4.549502796e-13,5.821252332e-13,5.564028819e-13,4.614184499e-13,1.224646755e-13,1.384709439e-13,1.082164646e-13,4.895967109e-14,8.556014261e-14,9.672823625e-14,1.249791734e-13,2.13425701e-13,3.988537076e-13,2.052652361e-13,7.241425566e-13,1.348831229e-13,6.209667148e-13,6.295050875e-14
160.109375,3.307265428e-13,2.688450092e-13,1.126283372e-12,1.306085949e-13,4.230400544e-13,1.491552001e-13,1.740535352e-13,1.725210897e-13,1.010857963e-13,1.631636049e-13,3.713197781e-13,2.405364583e-13,2.128781039e-13,4.991749192e-13,4.458294242e-13,5.709467493e-13,5.518825848e-13,4.602196055e-13,1.221859774e-13,1.396697254e-13,1.085817501e-13,4.885097533e-14,8.543754161e-14,9.646393953e-14,1.228982239e-13,2.095579606e-13,3.970512923e-13,2.046934876e-13,7.108344706e-13,1.326614509e-13,6.136876088e-13,6.187349509e-14
160.1171875,3.347072026e-13,2.678683456e-13,1.108067975e-12,1.309277173e-13,4.233924476e-13,1.479462106e-13,1.701193532e-13,1.699201926e-13,1.005347955e-13,1.631663921e-13,3.694955892e-13,2.384205381e-13,2.121000212e-13,4.937866253e-13,4.368202961e-13,5.599712339e-13,5.474995462e-13,4.58942233e-13,1.219223694e-13,1.41055419e-13,1.089473708e-13,4.873341739e-14,8.530132894e-14,9.622786891e-14,1.208428361e-13,2.056863917e-13,3.952950735e-13,2.040949633e-13,6.973844625e-13,1.304613796e-13,6.062483204e-13,6.079610639e-14
160.125,3.385071983e-13,2.669850498e-13,1.089386538e-12,1.311004355e-13,4.232337554e-13,1.466955772e-13,1.662473752e-13,1.672865064e-13,9.99472305e-14,1.630985968e-13,3.675348447e-13,2.361613196e-13,2.112427265e-13,4.880879383e-13,4.279636508e-13,5.492390778e-13,5.43119384e-13,4.57382065e-13,1.215841562e-13,1.426793625e-13,1.092722802e-13,4.858272198e-14,8.509400252e-14,9.596546207e-14,1.18811898e-13,2.017921635e-13,3.935642466e-13,2.035016165e-13,6.839263189e-13,1.282273634e-13,5.9861948e-13,5.975653088e-14
160.1328125,3.421594963e-13,2.663011607e-13,1.07075412e-12,1.312241977e-13,4.228020116e-13,1.455031927e-13,1.624714693e-13,1.647119009e-13,9.939142355e-14,1.630195639e-13,3.656599365e-13,2.339225827e-13,2.103199656e-13,4.82238037e-13,4.194299595e-13,5.390147756e-13,5.390156002e-13,4.556787666e-13,1.212189519e-13,1.447496029e-13,1.096641485e-13,4.843480123e-14,8.484432649e-14,9.566783998e-14,1.168098068e-13,1.979636617e-13,3.918113984e-13,2.02905588e-13,6.705467649e-13,1.25935045e-13,5.910158763e-13,5.881596188e-14
160.140625,3.458717237e-13,2.653582104e-13,1.052218839e-12,1.313361546e-13,4.224595411e-13,1.443390732e-13,1.58704809e-13,1.621096759e-13,9.879051698e-14,1.630323746e-13,3.63916789e-13,2.316587969e-13,2.093684656e-13,4.762881838e-13,4.111394877e-13,5.292808967e-13,5.353059083e-13,4.538825422e-13,1.208292181e-13,1.471758702e-13,1.101462266e-13,4.827746452e-14,8.463199228e-14,9.537262741e-14,1.148401676e-13,1.942691931e-13,3.90118863e-13,2.021430495e-13,6.57135328e-13,1.236291812e-13,5.8332123e-13,5.793924245e-14
160.1484375,3.495320759e-13,2.641668391e-13,1.033548518e-12,1.313136054e-13,4.21998359e-13,1.43109422e-13,1.54959381e-13,1.59453849e-13,9.80635781e-14,1.631094333e-13,3.620501027e-13,2.292579074e-13,2.084434581e-13,4.702377453e-13,4.029901293e-13,5.197701103e-13,5.317047918e-13,4.518952482e-13,1.203731164e-13,1.497018101e-13,1.106193473e-13,4.806801931e-14,8.447548162e-14,9.509155794e-14,1.129382287e-13,1.907161958e-13,3.886778275e-13,2.011908646e-13,6.438158572e-13,1.213396865e-13,5.754525048e-13,5.706689821e-14
160.15625,3.530366867e-13,2.630787913e-13,1.015059215e-12,1.31226865e-13,4.213893751e-13,1.419905018e-13,1.513334982e-13,1.568051303e-13,9.731775946e-14,1.632562547e-13,3.600758818e-13,2.268948836e-13,2.076486395e-13,4.643066588e-13,3.951647069e-13,5.105919071e-13,5.282511009e-13,4.498475345e-13,1.199451331e-13,1.523833059e-13,1.110984982e-13,4.785993897e-14,8.433239681e-14,9.481602632e-14,1.111194021e-13,1.872901549e-13,3.875147447e-13,2.003297807e-13,6.309034852e-13,1.190663216e-13,5.677095236e-13,5.621664742e-14
160.1640625,3.564498294e-13,2.62095103e-13,9.963925051e-13,1.312979911e-13,4.20670957e-13,1.409713566e-13,1.477704611e-13,1.541468482e-13,9.660539657e-14,1.635007265e-13,3.580602123e-13,2.245634849e-13,2.068803019e-13,4.58304995e-13,3.875182258e-13,5.017404634e-13,5.249946336e-13,4.47678984e-13,1.195504005e-13,1.55411301e-13,1.116176164e-13,4.767366841e-14,8.418362548e-14,9.448548532e-14,1.093108874e-13,1.839226788e-13,3.864611653e-13,1.996821544e-13,6.180826305e-13,1.167713662e-13,5.599188553e-13,5.541365997e-14
160.171875,3.596662967e-13,2.61128232e-13,9.768364862e-13,1.314257703e-13,4.196277994e-13,1.397349578e-13,1.441845799e-13,1.515011649e-13,9.5848079e-14,1.637674341e-13,3.557481962e-13,2.220163711e-13,2.059609917e-13,4.519343038e-13,3.796737391e-13,4.928678387e-13,5.215972971e-13,4.451074887e-13,1.190331439e-13,1.587726535e-13,1.121335625e-13,4.742902501e-14,8.403205385e-14,9.405114594e-14,1.074641519e-13,1.805373442e-13,3.854232567e-13,1.989665368e-13,6.048674666e-13,1.14424905e-13,5.516729952e-13,5.463610285e-14
160.1796875,3.627512704e-13,2.600281097e-13,9.570754479e-13,1.313088808e-13,4.184363448e-13,1.383686202e-13,1.406632261e-13,1.489575265e-13,9.507826506e-14,1.640574456e-13,3.531546984e-13,2.193677601e-13,2.049790542e-13,4.455998894e-13,3.719659461e-13,4.842391432e-13,5.181753124e-13,4.423329183e-13,1.184377577e-13,1.623809751e-13,1.127095746e-13,4.713844334e-14,8.386114771e-14,9.364673257e-14,1.056522994e-13,1.771899406e-13,3.845140221e-13,1.98033893e-13,5.91734297e-13,1.120697808e-13,5.433572249e-13,5.386859693e-14
160.1875,3.659980423e-13,2.586888711e-13,9.378304982e-13,1.310144098e-13,4.174244617e-13,1.371804986e-13,1.372825629e-13,1.464696381e-13,9.435724026e-14,1.644930295e-13,3.506583649e-13,2.16848676e-13,2.04071329e-13,4.395806201e-13,3.648324901e-13,4.76267056e-13,5.151395062e-13,4.396369427e-13,1.179238365e-13,1.662627727e-13,1.134142385e-13,4.688486801e-14,8.366261317e-14,9.339881434e-14,1.039253874e-13,1.739795827e-13,3.838445079e-13,1.971203826e-13,5.791628943e-13,1.097187927e-13,5.353138945e-13,5.312864632e-14
160.1953125,3.69244904e-13,2.573930746e-13,9.185482571e-13,1.308445794e-13,4.16406919e-13,1.360658152e-13,1.339662013e-13,1.439031016e-13,9.360563713e-14,1.650456699e-13,3.482945296e-13,2.143347841e-13,2.032086408e-13,4.335109512e-13,3.579283614e-13,4.685706911e-13,5.123225801e-13,4.367832582e-13,1.174419006e-13,1.704228042e-13,1.141617209e-13,4.664618825e-14,8.346350391e-14,9.315293505e-14,1.022338799e-13,1.70879983e-13,3.833910857e-13,1.9632325e-13,5.666829502e-13,1.073344918e-13,5.271468023e-13,5.243081602e-14
160.203125,3.721919741e-13,2.562702852e-13,8.991665089e-13,1.307656211e-13,4.151872818e-13,1.349000729e-13,1.306606162e-13,1.412609574e-13,9.278235919e-14,1.655590074e-13,3.45896729e-13,2.117419773e-13,2.023931869e-13,4.273311601e-13,3.51078296e-13,4.610241438e-13,5.096199743e-13,4.33691633e-13,1.169400355e-13,1.747217057e-13,1.149229088e-13,4.638249027e-14,8.329414685e-14,9.275142671e-14,1.00583595e-13,1.678621911e-13,3.831817093e-13,1.954839974e-13,5.541994394e-13,1.049682016e-13,5.188637493e-13,5.176959723e-14
160.2109375,3.749001887e-13,2.55095412e-13,8.803553477e-13,1.305501457e-13,4.138046517e-13,1.337879681e-13,1.274132721e-13,1.386465835e-13,9.194462285e-14,1.660235245e-13,3.43552089e-13,2.091976611e-13,2.016337428e-13,4.211828654e-13,3.445694064e-13,4.540135479e-13,5.072288156e-13,4.305739228e-13,1.164742482e-13,1.790868784e-13,1.157575192e-13,4.611553034e-14,8.316585506e-14,9.230417356e-14,9.903195977e-14,1.649877972e-13,3.832470679e-13,1.945852373e-13,5.422768265e-13,1.026646624e-13,5.108673944e-13,5.114088162e-14
160.21875,3.773039926e-13,2.538451041e-13,8.619441851e-13,1.30243117e-13,4.121941397e-13,1.326670414e-13,1.242410621e-13,1.36096271e-13,9.109132245e-14,1.665414661e-13,3.412656456e-13,2.066898354e-13,2.00815579e-13,4.148176576e-13,3.382001923e-13,4.472608199e-13,5.048377236e-13,4.272822305e-13,1.159745471e-13,1.836820011e-13,1.166473397e-13,4.583000369e-14,8.30847512e-14,9.194414018e-14,9.75298278e-14,1.622453967e-13,3.834213153e-13,1.936679164e-13,5.307781879e-13,1.003447669e-13,5.029120906e-13,5.053788856e-14
160.2265625,3.794583676e-13,2.524921531e-13,8.435077338e-13,1.299695826e-13,4.104876609e-13,1.315099281e-13,1.211189051e-13,1.335932796e-13,9.022062145e-14,1.671241036e-13,3.388862712e-13,2.0416402e-13,1.999194009e-13,4.083170789e-13,3.318076768e-13,4.405499259e-13,5.023402825e-13,4.237440702e-13,1.154086604e-13,1.886974805e-13,1.175849786e-13,4.551338532e-14,8.304691065e-14,9.165385599e-14,9.60174206e-14,1.595752266e-13,3.836713818e-13,1.926693475e-13,5.19290602e-13,9.799426423e-14,4.947439271e-13,4.995206669e-14
160.234375,3.819040481e-13,2.508642065e-13,8.253602136e-13,1.296683424e-13,4.090150515e-13,1.305244815e-13,1.180710416e-13,1.311334837e-13,8.939173066e-14,1.677233984e-13,3.364906198e-13,2.016929445e-13,1.990882786e-13,4.021306238e-13,3.258561689e-13,4.344859505e-13,5.004224183e-13,4.203459026e-13,1.149234822e-13,1.941322321e-13,1.185950262e-13,4.521709198e-14,8.302040552e-14,9.135480932e-14,9.456297909e-14,1.570424554e-13,3.842474362e-13,1.916256475e-13,5.081177033e-13,9.571586153e-14,4.866890058e-13,4.941646457e-14
160.2421875,3.845523221e-13,2.490711747e-13,8.077891044e-13,1.293063164e-13,4.076517288e-13,1.296785679e-13,1.151239595e-13,1.287172488e-13,8.859544569e-14,1.683541646e-13,3.341713612e-13,1.992602668e-13,1.983374602e-13,3.961122069e-13,3.203653121e-13,4.290936783e-13,4.991239867e-13,4.17098903e-13,1.144880285e-13,1.998580398e-13,1.19641887e-13,4.494187656e-14,8.29828e-14,9.097872185e-14,9.321598094e-14,1.547159617e-13,3.851546156e-13,1.905607705e-13,4.975221523e-13,9.353498296e-14,4.78826999e-13,4.895869908e-14
160.25,3.865544988e-13,2.472123641e-13,7.906295179e-13,1.289420604e-13,4.05978592e-13,1.287320576e-13,1.122432556e-13,1.263586005e-13,8.77676246e-14,1.690546843e-13,3.318054166e-13,1.967733888e-13,1.975090907e-13,3.898715248e-13,3.148353526e-13,4.237126903e-13,4.9765899e-13,4.135322818e-13,1.13913582e-13,2.057865238e-13,1.20747094e-13,4.463162448e-14,8.296915183e-14,9.055332541e-14,9.192511664e-14,1.525438749e-13,3.861748063e-13,1.893455501e-13,4.873038043e-13,9.140070603e-14,4.70968528e-13,4.852753446e-14
160.2578125,3.878662024e-13,2.452078293e-13,7.737335144e-13,1.28583989e-13,4.039252155e-13,1.27691485e-13,1.094081484e-13,1.240643421e-13,8.690550009e-14,1.698058786e-13,3.293924379e-13,1.942648762e-13,1.965329235e-13,3.835077973e-13,3.092933987e-13,4.18337731e-13,4.959002078e-13,4.095806727e-13,1.132581273e-13,2.119052089e-13,1.219806449e-13,4.42921357e-14,8.30124812e-14,9.017242545e-14,9.066922388e-14,1.504907166e-13,3.873422349e-13,1.880270282e-13,4.774465834e-13,8.929449185e-14,4.632110073e-13,4.809646965e-14
160.265625,3.892707954e-13,2.432878912e-13,7.571245101e-13,1.281954863e-13,4.01748814e-13,1.266834825e-13,1.066423217e-13,1.218105444e-13,8.605229622e-14,1.705632677e-13,3.270548945e-13,1.918092164e-13,1.955207289e-13,3.772052302e-13,3.040253129e-13,4.132742803e-13,4.942418799e-13,4.055961746e-13,1.126999605e-13,2.182120152e-13,1.233072046e-13,4.396704427e-14,8.307224909e-14,8.983125538e-14,8.946046836e-14,1.485458315e-13,3.886602911e-13,1.868081233e-13,4.680536017e-13,8.721576157e-14,4.556100277e-13,4.772138415e-14
160.2734375,3.909615007e-13,2.416414088e-13,7.408632905e-13,1.277079924e-13,3.996468655e-13,1.257343233e-13,1.039472951e-13,1.196169547e-13,8.524328245e-14,1.713039636e-13,3.247085402e-13,1.893763594e-13,1.94599869e-13,3.709445103e-13,2.990050236e-13,4.085073949e-13,4.927553738e-13,4.017090957e-13,1.122095045e-13,2.247812455e-13,1.24681889e-13,4.365468512e-14,8.311710187e-14,8.946249196e-14,8.828236336e-14,1.466493245e-13,3.899405475e-13,1.856506106e-13,4.589815321e-13,8.517792577e-14,4.480277082e-13,4.740584102e-14
160.28125,3.924587504e-13,2.399139131e-13,7.248787191e-13,1.271502242e-13,3.975248339e-13,1.248289661e-13,1.013114002e-13,1.175171876e-13,8.445312622e-14,1.720230202e-13,3.222307188e-13,1.868751483e-13,1.937483138e-13,3.647042624e-13,2.941704194e-13,4.041033492e-13,4.914592947e-13,3.977694979e-13,1.116572458e-13,2.317610543e-13,1.261220965e-13,4.331680309e-14,8.319935945e-14,8.904546254e-14,8.715351948e-14,1.44827232e-13,3.913135428e-13,1.844108064e-13,4.501288209e-13,8.320308778e-14,4.404112873e-13,4.710477195e-14
160.2890625,3.936231874e-13,2.378503047e-13,7.090762376e-13,1.267076964e-13,3.952502859e-13,1.239462031e-13,9.875485038e-14,1.154701198e-13,8.363179878e-14,1.727354605e-13,3.197192723e-13,1.843188107e-13,1.928754693e-13,3.585161077e-13,2.894997616e-13,4.000670963e-13,4.903843071e-13,3.937230382e-13,1.11049582e-13,2.390847703e-13,1.276202172e-13,4.294930658e-14,8.334431127e-14,8.858603984e-14,8.611270019e-14,1.431772063e-13,3.930320528e-13,1.831356083e-13,4.416544808e-13,8.126855493e-14,4.327786539e-13,4.68371759e-14
160.296875,3.947963212e-13,2.356503327e-13,6.93697263e-13,1.263956929e-13,3.930927228e-13,1.231726493e-13,9.629542844e-14,1.134921669e-13,8.285752863e-14,1.734685028e-13,3.173092995e-13,1.818777356e-13,1.920076357e-13,3.525395934e-13,2.849621997e-13,3.961696964e-13,4.893742574e-13,3.897296245e-13,1.10527187e-13,2.465378794e-13,1.291783651e-13,4.262754268e-14,8.349136648e-14,8.812866172e-14,8.513256651e-14,1.416525546e-13,3.949526988e-13,1.819074389e-13,4.336960812e-13,7.934047849e-14,4.253037467e-13,4.662272406e-14
160.3046875,3.959599158e-13,2.334625561e-13,6.790038023e-13,1.260516446e-13,3.912169151e-13,1.226125444e-13,9.391780055e-14,1.116763264e-13,8.221545591e-14,1.742419703e-13,3.15001696e-13,1.796081388e-13,1.911888045e-13,3.46809053e-13,2.80598858e-13,3.923934346e-13,4.883838062e-13,3.857980905e-13,1.101304504e-13,2.541422452e-13,1.308039444e-13,4.238746149e-14,8.361871238e-14,8.770969261e-14,8.417373603e-14,1.401457204e-13,3.969185631e-13,1.807027541e-13,4.261236875e-13,7.743282597e-14,4.181531725e-13,4.642913865e-14
160.3125,3.966424945e-13,2.312943818e-13,6.64726418e-13,1.256606751e-13,3.890705698e-13,1.220683627e-13,9.160231738e-14,1.099679939e-13,8.156529592e-14,1.750589489e-13,3.127127493e-13,1.773070678e-13,1.903095219e-13,3.409355127e-13,2.763302701e-13,3.888193188e-13,4.874453065e-13,3.816254443e-13,1.096850847e-13,2.619739193e-13,1.324580857e-13,4.211828363e-14,8.376910605e-14,8.727101894e-14,8.324191498e-14,1.386824699e-13,3.990232193e-13,1.794771765e-13,4.187436939e-13,7.557225453e-14,4.1104003e-13,4.624605494e-14
160.3203125,3.968373068e-13,2.291772893e-13,6.505246734e-13,1.251994471e-13,3.863142474e-13,1.213243044e-13,8.934214125e-14,1.082538526e-13,8.079731668e-14,1.758801071e-13,3.103276422e-13,1.748657496e-13,1.893093381e-13,3.347335589e-13,2.720048014e-13,3.853455044e-13,4.864552835e-13,3.771152876e-13,1.090981536e-13,2.699654139e-13,1.341685405e-13,4.1752322e-14,8.394022831e-14,8.677828709e-14,8.2337458e-14,1.37321482e-13,4.01264337e-13,1.781936031e-13,4.11610078e-13,7.37662953e-14,4.037072453e-13,4.608490792e-14
160.328125,3.969320063e-13,2.270183201e-13,6.365778282e-13,1.246003402e-13,3.834994904e-13,1.205756821e-13,8.71252321e-14,1.065973961e-13,8.006393872e-14,1.766579531e-13,3.078158022e-13,1.724360876e-13,1.883321383e-13,3.285658022e-13,2.67673073e-13,3.819276644e-13,4.853927886e-13,3.725458269e-13,1.085149325e-13,2.782685501e-13,1.359976671e-13,4.139266851e-14,8.41086596e-14,8.628680042e-14,8.145006469e-14,1.360554965e-13,4.035952988e-13,1.768371883e-13,4.048804407e-13,7.20126915e-14,3.964475477e-13,4.594656101e-14
160.3359375,3.968914961e-13,2.247478583e-13,6.231355093e-13,1.240363653e-13,3.809560228e-13,1.200233511e-13,8.493253268e-14,1.050834172e-13,7.944373961e-14,1.774030265e-13,3.052851477e-13,1.700963344e-13,1.874568033e-13,3.225809934e-13,2.634340572e-13,3.786339223e-13,4.843375032e-13,3.680422247e-13,1.08014936e-13,2.871322613e-13,1.378784011e-13,4.109528193e-14,8.430608814e-14,8.581374571e-14,8.059547556e-14,1.34878333e-13,4.06090504e-13,1.754452973e-13,3.985713277e-13,7.028714572e-14,3.894569924e-13,4.584024092e-14
160.34375,3.966697847e-13,2.225136458e-13,6.100474824e-13,1.236063297e-13,3.783480284e-13,1.195522872e-13,8.277168535e-14,1.036430539e-13,7.880551152e-14,1.781106968e-13,3.027744546e-13,1.677415188e-13,1.865871527e-13,3.165856231e-13,2.592885094e-13,3.755115621e-13,4.833217923e-13,3.635342918e-13,1.0753201e-13,2.963421393e-13,1.397361658e-13,4.079515404e-14,8.455282942e-14,8.533023736e-14,7.979876767e-14,1.337959788e-13,4.087506245e-13,1.740463079e-13,3.926801733e-13,6.855251403e-14,3.825504658e-13,4.577859481e-14
160.3515625,3.966105305e-13,2.203297412e-13,5.971865769e-13,1.231366586e-13,3.756146007e-13,1.191069869e-13,8.067835648e-14,1.021767052e-13,7.81082833e-14,1.787492216e-13,3.002254195e-13,1.653318506e-13,1.856912163e-13,3.106093399e-13,2.552357028e-13,3.725418927e-13,4.823651422e-13,3.590764551e-13,1.070728319e-13,3.054524957e-13,1.416191156e-13,4.048636272e-14,8.481107634e-14,8.481617447e-14,7.906180847e-14,1.328106048e-13,4.115051893e-13,1.726459269e-13,3.872304347e-13,6.681519135e-14,3.756885546e-13,4.576463592e-14
160.359375,3.966203623e-13,2.180085914e-13,5.847775712e-13,1.226330789e-13,3.729325094e-13,1.187634958e-13,7.866555413e-14,1.006802767e-13,7.742132505e-14,1.794090738e-13,2.977270712e-13,1.629447739e-13,1.848164498e-13,3.047200483e-13,2.512591256e-13,3.696088967e-13,4.81397539e-13,3.546505826e-13,1.066627769e-13,3.144667846e-13,1.43571322e-13,4.02047136e-14,8.505261985e-14,8.425045713e-14,7.836011711e-14,1.319176641e-13,4.143236945e-13,1.71278704e-13,3.82128796e-13,6.512504761e-14,3.689531159e-13,4.577953808e-14
160.3671875,3.962269576e-13,2.155782212e-13,5.729173258e-13,1.222246551e-13,3.701667815e-13,1.184916187e-13,7.671767788e-14,9.925046098e-14,7.676879352e-14,1.801818605e-13,2.953602331e-13,1.606166877e-13,1.839284033e-13,2.988187323e-13,2.473833038e-13,3.667660805e-13,4.804145156e-13,3.501005018e-13,1.062488266e-13,3.238233047e-13,1.45594438e-13,3.99281851e-14,8.529105369e-14,8.364577906e-14,7.768058969e-14,1.310788637e-13,4.172204162e-13,1.699610512e-13,3.772781735e-13,6.349288113e-14,3.623124936e-13,4.579172648e-14
160.375,3.955418075e-13,2.131955888e-13,5.613582228e-13,1.218551568e-13,3.673120444e-13,1.182780212e-13,7.48309568e-14,9.795926247e-14,7.616465866e-14,1.809491759e-13,2.929472467e-13,1.583089314e-13,1.829931316e-13,2.929818177e-13,2.436970657e-13,3.64282384e-13,4.796945898e-13,3.455090395e-13,1.058416248e-13,3.337035832e-13,1.477054891e-13,3.965269576e-14,8.556298729e-14,8.301330006e-14,7.705079116e-14,1.302844353e-13,4.203347372e-13,1.686609964e-13,3.72770923e-13,6.18813235e-14,3.557918396e-13,4.582019291e-14
160.3828125,3.94875209e-13,2.108172212e-13,5.50122279e-13,1.214968502e-13,3.645965779e-13,1.18176293e-13,7.300608284e-14,9.673302529e-14,7.559740617e-14,1.816464765e-13,2.904413752e-13,1.560301919e-13,1.820771013e-13,2.873339479e-13,2.401230101e-13,3.620594581e-13,4.792710858e-13,3.410894346e-13,1.055210481e-13,3.437691573e-13,1.499061042e-13,3.940500379e-14,8.590203568e-14,8.231574128e-14,7.64858278e-14,1.295955457e-13,4.237405417e-13,1.673755693e-13,3.687839944e-13,6.029735043e-14,3.49470716e-13,4.59002717e-14
160.390625,3.940560559e-13,2.083150522e-13,5.396024765e-13,1.211612975e-13,3.619532947e-13,1.181511794e-13,7.122165461e-14,9.550013287e-14,7.502154069e-14,1.824467281e-13,2.880984481e-13,1.53863329e-13,1.812184765e-13,2.817497419e-13,2.36461692e-13,3.596867473e-13,4.787268635e-13,3.367716244e-13,1.05281979e-13,3.538132304e-13,1.521967988e-13,3.917201319e-14,8.629374317e-14,8.158763411e-14,7.595304911e-14,1.290318939e-13,4.272345957e-13,1.661324339e-13,3.653214761e-13,5.87885117e-14,3.433428873e-13,4.599773317e-14
160.3984375,3.930127269e-13,2.056767205e-13,5.298414285e-13,1.207969702e-13,3.592241453e-13,1.18197821e-13,6.944833774e-14,9.43068354e-14,7.446350146e-14,1.833822028e-13,2.859400491e-13,1.518086188e-13,1.803517517e-13,2.761294595e-13,2.327260273e-13,3.571984578e-13,4.779911814e-13,3.323573345e-13,1.050605112e-13,3.639974689e-13,1.545837963e-13,3.89443048e-14,8.669293133e-14,8.09146241e-14,7.543786298e-14,1.285473377e-13,4.306824988e-13,1.64950928e-13,3.621939147e-13,5.735232788e-14,3.373517836e-13,4.609240381e-14
160.40625,3.9198515e-13,2.030497073e-13,5.20474796e-13,1.204850396e-13,3.564569226e-13,1.183790174e-13,6.767431878e-14,9.317578285e-14,7.396181388e-14,1.842373427e-13,2.837493721e-13,1.497672298e-13,1.794272597e-13,2.705454479e-13,2.290737032e-13,3.549003275e-13,4.773821208e-13,3.278424627e-13,1.048621269e-13,3.743111937e-13,1.57009693e-13,3.874522353e-14,8.708965595e-14,8.025163686e-14,7.496276141e-14,1.281308597e-13,4.341855308e-13,1.638469107e-13,3.593347622e-13,5.595404692e-14,3.31476024e-13,4.623099053e-14
160.4140625,3.908797459e-13,2.005673486e-13,5.113417934e-13,1.202468195e-13,3.536383692e-13,1.185877422e-13,6.591228429e-14,9.210276748e-14,7.348102683e-14,1.849424304e-13,2.815651823e-13,1.477228262e-13,1.784773534e-13,2.650060788e-13,2.254548563e-13,3.52694785e-13,4.768845132e-13,3.232957403e-13,1.047369526e-13,3.847482406e-13,1.594103805e-13,3.857460459e-14,8.749678968e-14,7.951129547e-14,7.452691133e-14,1.277981624e-13,4.37823715e-13,1.627530599e-13,3.569102508e-13,5.458683775e-14,3.257819049e-13,4.641035587e-14
160.421875,3.894374103e-13,1.981101756e-13,5.026297443e-13,1.199000374e-13,3.507415364e-13,1.186920866e-13,6.417588699e-14,9.112571955e-14,7.301436687e-14,1.856302251e-13,2.795233647e-13,1.457475404e-13,1.775502037e-13,2.594693665e-13,2.217037781e-13,3.504016574e-13,4.76432795e-13,3.187544984e-13,1.046869797e-13,3.955504656e-13,1.618062793e-13,3.841216764e-14,8.792636584e-14,7.873491767e-14,7.411909049e-14,1.275484003e-13,4.416866574e-13,1.615834957e-13,3.549960874e-13,5.326287753e-14,3.202894511e-13,4.658338992e-14
160.4296875,3.877510409e-13,1.955529041e-13,4.946284626e-13,1.195073647e-13,3.478698393e-13,1.188507218e-13,6.245784986e-14,9.022115612e-14,7.259206646e-14,1.86369493e-13,2.77590472e-13,1.438889382e-13,1.766917043e-13,2.539962949e-13,2.179310522e-13,3.482433455e-13,4.763125182e-13,3.143984266e-13,1.047125434e-13,4.065637879e-13,1.642269621e-13,3.825656527e-14,8.841141987e-14,7.798590258e-14,7.376729471e-14,1.273887939e-13,4.458251926e-13,1.604598694e-13,3.535322014e-13,5.201039536e-14,3.149286083e-13,4.675819467e-14
160.4375,3.859353684e-13,1.92922134e-13,4.873849178e-13,1.192525987e-13,3.450468675e-13,1.192251501e-13,6.075647676e-14,8.935043865e-14,7.219416083e-14,1.871383304e-13,2.757420974e-13,1.421529455e-13,1.759371217e-13,2.486500827e-13,2.143438869e-13,3.463788682e-13,4.765258821e-13,3.103995494e-13,1.048576952e-13,4.175473009e-13,1.666560984e-13,3.811780399e-14,8.896857175e-14,7.723805568e-14,7.349805298e-14,1.273293899e-13,4.500540902e-13,1.594856945e-13,3.525632229e-13,5.084528858e-14,3.097866199e-13,4.696380589e-14
160.4453125,3.839672974e-13,1.901139969e-13,4.805493682e-13,1.189387617e-13,3.422488414e-13,1.196343677e-13,5.908921177e-14,8.856102164e-14,7.179269798e-14,1.879264308e-13,2.739449109e-13,1.404635997e-13,1.752203987e-13,2.433781007e-13,2.10789189e-13,3.445598293e-13,4.766760715e-13,3.065636812e-13,1.050925978e-13,4.288473189e-13,1.691041544e-13,3.799345763e-14,8.95608549e-14,7.64505135e-14,7.328188283e-14,1.273587839e-13,4.542681348e-13,1.584759407e-13,3.520608762e-13,4.972569568e-14,3.049190461e-13,4.72020727e-14
160.453125,3.819890358e-13,1.871947535e-13,4.739152181e-13,1.184234815e-13,3.394957423e-13,1.199114562e-13,5.746217665e-14,8.786097454e-14,7.140010155e-14,1.887606196e-13,2.721383832e-13,1.38738891e-13,1.744506975e-13,2.381266664e-13,2.070751144e-13,3.426265617e-13,4.766851499e-13,3.026146918e-13,1.053295038e-13,4.404059602e-13,1.716329154e-13,3.787388556e-14,9.015660978e-14,7.563868412e-14,7.307052807e-14,1.274212686e-13,4.585490047e-13,1.574103713e-13,3.518064536e-13,4.862485493e-14,3.000913e-13,4.744723458e-14
160.4609375,3.799761585e-13,1.845354104e-13,4.676985252e-13,1.179951355e-13,3.36693558e-13,1.202041489e-13,5.586951048e-14,8.723437935e-14,7.105175364e-14,1.896701216e-13,2.70405429e-13,1.370631119e-13,1.736970365e-13,2.329115413e-13,2.033509175e-13,3.407011275e-13,4.767077685e-13,2.986173926e-13,1.055951123e-13,4.516423045e-13,1.74257806e-13,3.777360607e-14,9.075753545e-14,7.48518408e-14,7.285421982e-14,1.274319021e-13,4.628142381e-13,1.565680954e-13,3.517985515e-13,4.756427527e-14,2.952917893e-13,4.765439661e-14
160.46875,3.775716922e-13,1.82003998e-13,4.62009302e-13,1.177553254e-13,3.337808659e-13,1.206323656e-13,5.431348858e-14,8.673620131e-14,7.076744759e-14,1.906051793e-13,2.687991927e-13,1.355182933e-13,1.730534493e-13,2.276927287e-13,1.996420603e-13,3.387734155e-13,4.766536017e-13,2.946507898e-13,1.059420931e-13,4.629147363e-13,1.768670067e-13,3.771222446e-14,9.135194861e-14,7.409084434e-14,7.264930142e-14,1.274137619e-13,4.670579681e-13,1.558965229e-13,3.522717816e-13,4.651783058e-14,2.907998172e-13,4.783248102e-14
160.4765625,3.748637289e-13,1.792106723e-13,4.568357652e-13,1.174475778e-13,3.309132028e-13,1.211679596e-13,5.281314157e-14,8.632426118e-14,7.05011312e-14,1.914912944e-13,2.67268999e-13,1.340106108e-13,1.724606554e-13,2.22461952e-13,1.958171671e-13,3.36777838e-13,4.765026162e-13,2.906254955e-13,1.063228365e-13,4.748361852e-13,1.793610826e-13,3.766917004e-14,9.19204876e-14,7.328077966e-14,7.247087402e-14,1.275206859e-13,4.715254669e-13,1.551237975e-13,3.532050254e-13,4.546794584e-14,2.865653968e-13,4.80510386e-14
160.484375,3.72424497e-13,1.764121667e-13,4.522792809e-13,1.170545893e-13,3.281806936e-13,1.218975788e-13,5.14010537e-14,8.588309402e-14,7.021461601e-14,1.923567267e-13,2.658433957e-13,1.325031285e-13,1.718596051e-13,2.174284966e-13,1.921639239e-13,3.349863044e-13,4.765535293e-13,2.866791853e-13,1.067519242e-13,4.868862936e-13,1.818387927e-13,3.763059168e-14,9.248589791e-14,7.239564002e-14,7.234311639e-14,1.278169041e-13,4.761515576e-13,1.54330108e-13,3.543524738e-13,4.449976455e-14,2.824575083e-13,4.834054941e-14
160.4921875,3.702800768e-13,1.738112688e-13,4.482190521e-13,1.167310437e-13,3.254721928e-13,1.228481845e-13,5.006801769e-14,8.545487414e-14,6.995717723e-14,1.932233787e-13,2.644469798e-13,1.310662009e-13,1.712604168e-13,2.127061672e-13,1.889581115e-13,3.336812658e-13,4.769881685e-13,2.830241279e-13,1.073029367e-13,4.985894798e-13,1.844087557e-13,3.761733988e-14,9.308676349e-14,7.151121279e-14,7.229000957e-14,1.282119269e-13,4.806306829e-13,1.536107085e-13,3.556904482e-13,4.364289859e-14,2.786293195e-13,4.868114529e-14
160.5,3.678669696e-13,1.710697183e-13,4.44575185e-13,1.16359423e-13,3.227179723e-13,1.238283914e-13,4.875278769e-14,8.509061517e-14,6.973679594e-14,1.940271546e-13,2.629848729e-13,1.29698766e-13,1.706691072e-13,2.080852041e-13,1.858521759e-13,3.326494529e-13,4.776726637e-13,2.795866923e-13,1.079386427e-13,5.102436533e-13,1.869641735e-13,3.761886782e-14,9.370955801e-14,7.064481496e-14,7.231417632e-14,1.286270196e-13,4.850136908e-13,1.528662323e-13,3.574428935e-13,4.28096363e-14,2.750838189e-13,4.902908599e-14
160.5078125,3.650415848e-13,1.682154375e-13,4.416557537e-13,1.158534982e-13,3.199340688e-13,1.248086013e-13,4.744822134e-14,8.471375125e-14,6.949241776e-14,1.947976655e-13,2.617017896e-13,1.284230739e-13,1.701635706e-13,2.034784503e-13,1.825279878e-13,3.315102617e-13,4.784965001e-13,2.76319928e-13,1.086413523e-13,5.218700607e-13,1.894399006e-13,3.762314155e-14,9.432388274e-14,6.972655361e-14,7.241601697e-14,1.290452357e-13,4.894889205e-13,1.522255246e-13,3.597263652e-13,4.198497253e-14,2.717513757e-13,4.933613563e-14
160.515625,3.621752057e-13,1.655677181e-13,4.394418625e-13,1.154257015e-13,3.171023531e-13,1.259149524e-13,4.619836326e-14,8.434349702e-14,6.926055912e-14,1.956412663e-13,2.607108246e-13,1.27289051e-13,1.698000229e-13,1.990365116e-13,1.791415568e-13,3.302895746e-13,4.795487225e-13,2.732871532e-13,1.0947093e-13,5.334119255e-13,1.919636899e-13,3.767053844e-14,9.494934106e-14,6.876658608e-14,7.258948714e-14,1.294958613e-13,4.940406531e-13,1.517979434e-13,3.623793112e-13,4.122723534e-14,2.687691535e-13,4.96428558e-14
160.5234375,3.593737027e-13,1.630414508e-13,4.376064817e-13,1.151416966e-13,3.14285457e-13,1.271172803e-13,4.498036672e-14,8.406542019e-14,6.912220011e-14,1.965335731e-13,2.597209598e-13,1.262177176e-13,1.694628013e-13,1.94735293e-13,1.757906864e-13,3.292269422e-13,4.808290068e-13,2.703926905e-13,1.103835018e-13,5.452095866e-13,1.945337545e-13,3.777328505e-14,9.558940974e-14,6.780184161e-14,7.27961811e-14,1.300546306e-13,4.986312814e-13,1.513845955e-13,3.652402666e-13,4.052877749e-14,2.660812364e-13,5.002626732e-14
160.53125,3.564989495e-13,1.605054867e-13,4.362309172e-13,1.148086053e-13,3.116767144e-13,1.284533972e-13,4.374980479e-14,8.383491619e-14,6.904682277e-14,1.973919825e-13,2.587022567e-13,1.251543958e-13,1.690900958e-13,1.904897048e-13,1.724280698e-13,3.282939338e-13,4.820981074e-13,2.676100841e-13,1.113363485e-13,5.572069872e-13,1.969963472e-13,3.790834812e-14,9.620363072e-14,6.676163159e-14,7.300690105e-14,1.307257157e-13,5.032304254e-13,1.509811023e-13,3.684340972e-13,3.985881137e-14,2.635211456e-13,5.043656311e-14
160.5390625,3.536887529e-13,1.580416991e-13,4.353570967e-13,1.143904652e-13,3.092772297e-13,1.300347126e-13,4.253162589e-14,8.361695963e-14,6.897154238e-14,1.982136925e-13,2.578586356e-13,1.241526653e-13,1.687627878e-13,1.863984268e-13,1.691437001e-13,3.273345438e-13,4.832788189e-13,2.650541479e-13,1.12392275e-13,5.691122807e-13,1.993563965e-13,3.808284206e-14,9.681529026e-14,6.562976572e-14,7.323527437e-14,1.314169765e-13,5.077747511e-13,1.507412254e-13,3.720966974e-13,3.920978525e-14,2.611806625e-13,5.080021876e-14
160.546875,3.510392e-13,1.556895912e-13,4.34843538e-13,1.140131981e-13,3.06862931e-13,1.317244605e-13,4.135298375e-14,8.345811233e-14,6.88963925e-14,1.990096776e-13,2.57147707e-13,1.23217509e-13,1.684994191e-13,1.824866502e-13,1.65998175e-13,3.264035966e-13,4.846021368e-13,2.626976891e-13,1.135298133e-13,5.811140423e-13,2.01722481e-13,3.828453223e-14,9.746448625e-14,6.45243756e-14,7.349914792e-14,1.320978992e-13,5.122299592e-13,1.50546855e-13,3.760709468e-13,3.857547695e-14,2.591037689e-13,5.115804449e-14
160.5546875,3.483245337e-13,1.534181918e-13,4.348869696e-13,1.137142174e-13,3.044485677e-13,1.334665114e-13,4.020687948e-14,8.334251242e-14,6.884824398e-14,1.997902128e-13,2.565298054e-13,1.223544097e-13,1.682846166e-13,1.786603874e-13,1.629332156e-13,3.25608744e-13,4.861272842e-13,2.605280941e-13,1.147133626e-13,5.933059277e-13,2.041340318e-13,3.849136493e-14,9.810446589e-14,6.348816685e-14,7.380534922e-14,1.328137275e-13,5.165315883e-13,1.503452509e-13,3.801856513e-13,3.798894416e-14,2.572208513e-13,5.153974172e-14
160.5625,3.455522925e-13,1.510743825e-13,4.354518971e-13,1.134393638e-13,3.022134555e-13,1.354483389e-13,3.910066644e-14,8.325552755e-14,6.884655929e-14,2.005771589e-13,2.560068805e-13,1.215757319e-13,1.680968536e-13,1.749106368e-13,1.599254709e-13,3.249817836e-13,4.878064044e-13,2.586274918e-13,1.160171853e-13,6.054880329e-13,2.065905776e-13,3.87353226e-14,9.873384598e-14,6.247668948e-14,7.416089542e-14,1.335935776e-13,5.207476392e-13,1.50260105e-13,3.844925667e-13,3.747674977e-14,2.555371372e-13,5.192157833e-14
160.5703125,3.429141407e-13,1.48601585e-13,4.362344873e-13,1.131252387e-13,3.00047539e-13,1.376255122e-13,3.804088513e-14,8.323166768e-14,6.887383075e-14,2.01342417e-13,2.555209706e-13,1.208233225e-13,1.678814345e-13,1.712668963e-13,1.569942095e-13,3.246336201e-13,4.899284879e-13,2.569632518e-13,1.174210027e-13,6.177460507e-13,2.0903425e-13,3.901930081e-14,9.941893841e-14,6.147583309e-14,7.456605436e-14,1.344392193e-13,5.251475282e-13,1.502480989e-13,3.891132306e-13,3.698774826e-14,2.539943741e-13,5.23087723e-14
160.578125,3.402210217e-13,1.463122648e-13,4.374850411e-13,1.127836784e-13,2.978290752e-13,1.398404354e-13,3.701428811e-14,8.322711898e-14,6.889735134e-14,2.02083808e-13,2.552616645e-13,1.201437219e-13,1.677420063e-13,1.677552428e-13,1.541595773e-13,3.245331199e-13,4.925296707e-13,2.555001885e-13,1.188719242e-13,6.300890938e-13,2.114062733e-13,3.930924184e-14,1.001097975e-13,6.043648448e-14,7.501737136e-14,1.352926681e-13,5.297290246e-13,1.503439185e-13,3.941267712e-13,3.648750243e-14,2.526465762e-13,5.268210629e-14
160.5859375,3.372991555e-13,1.44288549e-13,4.393106563e-13,1.12487771e-13,2.956985413e-13,1.421311764e-13,3.601244515e-14,8.320389209e-14,6.893139111e-14,2.028822241e-13,2.552945677e-13,1.196138235e-13,1.677816901e-13,1.643714884e-13,1.513812373e-13,3.243562324e-13,4.949906083e-13,2.54174934e-13,1.204554365e-13,6.42161782e-13,2.137370431e-13,3.963169076e-14,1.007337358e-13,5.931827226e-14,7.549791298e-14,1.360892281e-13,5.342004354e-13,1.506808156e-13,3.994621272e-13,3.600544778e-14,2.516467166e-13,5.300971048e-14
160.59375,3.343517192e-13,1.421812514e-13,4.41272708e-13,1.12252217e-13,2.936473132e-13,1.444603156e-13,3.503857683e-14,8.322850943e-14,6.898732906e-14,2.037462327e-13,2.552845569e-13,1.190948244e-13,1.678170384e-13,1.610348028e-13,1.485730363e-13,3.240144618e-13,4.970931673e-13,2.528063579e-13,1.221401526e-13,6.538794436e-13,2.159990538e-13,3.99978811e-14,1.013521299e-13,5.81889481e-14,7.597055898e-14,1.368957791e-13,5.384973457e-13,1.510785459e-13,4.048707381e-13,3.555940323e-14,2.507906111e-13,5.33392799e-14
160.6015625,3.314531356e-13,1.40012852e-13,4.434419834e-13,1.120763924e-13,2.915185149e-13,1.46781219e-13,3.411243976e-14,8.330739353e-14,6.903431013e-14,2.046027256e-13,2.55262909e-13,1.185200514e-13,1.677730011e-13,1.577682512e-13,1.457814012e-13,3.237685792e-13,4.993326728e-13,2.514565985e-13,1.237833638e-13,6.654980112e-13,2.1811487e-13,4.036302077e-14,1.019896863e-13,5.708572072e-14,7.642549216e-14,1.377947905e-13,5.426871837e-13,1.514208716e-13,4.102310145e-13,3.515516707e-14,2.499068779e-13,5.370177011e-14
160.609375,3.284984057e-13,1.380814676e-13,4.460856284e-13,1.119384675e-13,2.893711378e-13,1.492321151e-13,3.325183688e-14,8.337808229e-14,6.907979789e-14,2.054656078e-13,2.555148077e-13,1.180455756e-13,1.678526633e-13,1.546966152e-13,1.431162763e-13,3.237095322e-13,5.018963576e-13,2.503536343e-13,1.254554261e-13,6.77163547e-13,2.201290478e-13,4.074316933e-14,1.025768081e-13,5.597728085e-14,7.68946332e-14,1.387291739e-13,5.467369177e-13,1.519267949e-13,4.156548687e-13,3.479258159e-14,2.492658418e-13,5.404678521e-14
160.6171875,3.256196295e-13,1.363162386e-13,4.489866126e-13,1.117267594e-13,2.873370164e-13,1.518431863e-13,3.243525464e-14,8.346942467e-14,6.917217743e-14,2.063872028e-13,2.558810174e-13,1.176922907e-13,1.680618055e-13,1.518455754e-13,1.405886367e-13,3.238291844e-13,5.046662379e-13,2.494990159e-13,1.272867994e-13,6.888079522e-13,2.220686782e-13,4.118172696e-14,1.031220521e-13,5.487479228e-14,7.740275899e-14,1.396415589e-13,5.507185765e-13,1.526102858e-13,4.212512427e-13,3.444485284e-14,2.489873806e-13,5.436317467e-14
160.625,3.230435505e-13,1.346227748e-13,4.521154399e-13,1.114765786e-13,2.854201191e-13,1.545684264e-13,3.163782519e-14,8.362516883e-14,6.931976817e-14,2.073208414e-13,2.562678446e-13,1.173672691e-13,1.682539986e-13,1.492061609e-13,1.382119756e-13,3.242071909e-13,5.077135814e-13,2.488600054e-13,1.292312732e-13,7.001621414e-13,2.238874954e-13,4.165976034e-14,1.036794603e-13,5.377640424e-14,7.794631771e-14,1.405414253e-13,5.546675557e-13,1.53340599e-13,4.2704146e-13,3.410695285e-14,2.489156853e-13,5.468429238e-14
160.6328125,3.20656735e-13,1.331176972e-13,4.554951393e-13,1.113848271e-13,2.834697251e-13,1.574392674e-13,3.08765899e-14,8.380892809e-14,6.947834091e-14,2.081983337e-13,2.568273195e-13,1.170519693e-13,1.684271273e-13,1.466866964e-13,1.359549308e-13,3.246913949e-13,5.109020218e-13,2.483707893e-13,1.311758775e-13,7.110668303e-13,2.256330318e-13,4.213882316e-14,1.042468324e-13,5.265158459e-14,7.850304724e-14,1.414041794e-13,5.584072576e-13,1.542173339e-13,4.329325545e-13,3.37928343e-14,2.489716375e-13,5.500154021e-14
160.640625,3.180642837e-13,1.317815975e-13,4.588439696e-13,1.114264209e-13,2.812931456e-13,1.603409785e-13,3.017555015e-14,8.400675251e-14,6.960524284e-14,2.090536162e-13,2.574390453e-13,1.166988846e-13,1.685802334e-13,1.441143222e-13,1.337154844e-13,3.251362958e-13,5.140708601e-13,2.478342601e-13,1.330525793e-13,7.217376663e-13,2.273132922e-13,4.259522387e-14,1.048167845e-13,5.151040417e-14,7.906491411e-14,1.422332454e-13,5.619156494e-13,1.552683068e-13,4.388058004e-13,3.349197156e-14,2.49084708e-13,5.530679472e-14
160.6484375,3.15225193e-13,1.305504915e-13,4.623248696e-13,1.114108974e-13,2.79065178e-13,1.63177596e-13,2.954133323e-14,8.42390186e-14,6.973047968e-14,2.099862778e-13,2.580905246e-13,1.163562903e-13,1.68750329e-13,1.416341881e-13,1.316143359e-13,3.258351042e-13,5.175298868e-13,2.47394105e-13,1.349468285e-13,7.323159633e-13,2.288452242e-13,4.305412819e-14,1.053768889e-13,5.035896655e-14,7.966465727e-14,1.431013699e-13,5.6532314e-13,1.563724043e-13,4.447789433e-13,3.320821061e-14,2.493582384e-13,5.562787732e-14
160.65625,3.12538111e-13,1.293539566e-13,4.662879206e-13,1.11257215e-13,2.771185301e-13,1.66078013e-13,2.897250295e-14,8.447774937e-14,6.990869827e-14,2.110390207e-13,2.589607687e-13,1.161872836e-13,1.690454866e-13,1.394800857e-13,1.29848377e-13,3.270201071e-13,5.213591759e-13,2.473425062e-13,1.369862702e-13,7.427251865e-13,2.302793028e-13,4.35746428e-14,1.058863746e-13,4.92413385e-14,8.031565968e-14,1.440266632e-13,5.685569488e-13,1.574777468e-13,4.509648997e-13,3.295206135e-14,2.500025418e-13,5.596720921e-14
160.6640625,3.10014839e-13,1.280582977e-13,4.705345415e-13,1.109866265e-13,2.752755145e-13,1.690804374e-13,2.843846533e-14,8.468390928e-14,7.009121901e-14,2.121547793e-13,2.598668316e-13,1.161138082e-13,1.693835379e-13,1.374274915e-13,1.282547654e-13,3.284332813e-13,5.251261219e-13,2.474904409e-13,1.390445708e-13,7.529378547e-13,2.316784658e-13,4.412634635e-14,1.063396351e-13,4.823525262e-14,8.097406618e-14,1.44953133e-13,5.715075362e-13,1.585425553e-13,4.571439057e-13,3.269692447e-14,2.507824826e-13,5.629174745e-14
160.671875,3.073577513e-13,1.268743575e-13,4.74868276e-13,1.107706032e-13,2.732822235e-13,1.721491848e-13,2.789405585e-14,8.487261153e-14,7.022348318e-14,2.132592184e-13,2.607102314e-13,1.159679026e-13,1.696737552e-13,1.352830448e-13,1.265383276e-13,3.296840479e-13,5.286604953e-13,2.47604182e-13,1.410216141e-13,7.627405326e-13,2.329918973e-13,4.465533738e-14,1.067698531e-13,4.725149262e-14,8.161178534e-14,1.458221751e-13,5.741738766e-13,1.596682865e-13,4.63174356e-13,3.243024651e-14,2.514152231e-13,5.660100591e-14
160.6796875,3.047450875e-13,1.260747917e-13,4.794243902e-13,1.107548807e-13,2.713411407e-13,1.75375324e-13,2.735518795e-14,8.509014128e-14,7.037505957e-14,2.143254447e-13,2.617868519e-13,1.158421359e-13,1.700216836e-13,1.332555179e-13,1.247401273e-13,3.307238744e-13,5.321514108e-13,2.478132704e-13,1.430978257e-13,7.720025425e-13,2.342412145e-13,4.521549608e-14,1.071863396e-13,4.616488545e-14,8.22448778e-14,1.4662976e-13,5.764992107e-13,1.610397178e-13,4.692153544e-13,3.217237969e-14,2.521298918e-13,5.694738516e-14
160.6875,3.023050449e-13,1.253866785e-13,4.843597116e-13,1.107544674e-13,2.694741473e-13,1.78749616e-13,2.688608731e-14,8.534880864e-14,7.056786411e-14,2.153616147e-13,2.631523316e-13,1.158247106e-13,1.704148947e-13,1.313907595e-13,1.231595964e-13,3.319718909e-13,5.358158262e-13,2.482270647e-13,1.452587365e-13,7.811106287e-13,2.35409132e-13,4.58163241e-14,1.075672893e-13,4.507944993e-14,8.289284728e-14,1.474437107e-13,5.78537214e-13,1.625221821e-13,4.753758564e-13,3.193739135e-14,2.531307429e-13,5.734850976e-14
160.6953125,2.996794034e-13,1.24668443e-13,4.896676365e-13,1.106298564e-13,2.67427517e-13,1.821460794e-13,2.649603849e-14,8.561274777e-14,7.071843957e-14,2.164063985e-13,2.646093771e-13,1.158357241e-13,1.707618531e-13,1.295541204e-13,1.218930924e-13,3.336700635e-13,5.397483437e-13,2.488474794e-13,1.473041195e-13,7.900927974e-13,2.363677069e-13,4.638184676e-14,1.078985172e-13,4.408741789e-14,8.35631533e-14,1.482635311e-13,5.804640252e-13,1.639559136e-13,4.816130589e-13,3.173299749e-14,2.543198582e-13,5.773360658e-14
160.703125,2.969214149e-13,1.24219266e-13,4.950098762e-13,1.105615926e-13,2.653603235e-13,1.855396168e-13,2.614958887e-14,8.58638358e-14,7.084607592e-14,2.175063539e-13,2.660844534e-13,1.158628849e-13,1.711404383e-13,1.278395958e-13,1.207079285e-13,3.354279744e-13,5.437622631e-13,2.496784778e-13,1.493312972e-13,7.985416794e-13,2.371968742e-13,4.694101426e-14,1.081922425e-13,4.310523573e-14,8.423717308e-14,1.489984737e-13,5.821882757e-13,1.654792096e-13,4.877297736e-13,3.154524855e-14,2.556011476e-13,5.806173806e-14
160.7109375,2.94491038e-13,1.239318026e-13,5.002446284e-13,1.10583312e-13,2.635578225e-13,1.889911912e-13,2.585301158e-14,8.611263944e-14,7.102133339e-14,2.186679567e-13,2.676197856e-13,1.159402638e-13,1.715764049e-13,1.263566136e-13,1.195640577e-13,3.371576656e-13,5.478435045e-13,2.507293018e-13,1.514500907e-13,8.067582416e-13,2.380410489e-13,4.755352364e-14,1.084592732e-13,4.213025735e-14,8.489682249e-14,1.497039195e-13,5.835526773e-13,1.671221699e-13,4.93546047e-13,3.135806194e-14,2.569195283e-13,5.840232761e-14
160.71875,2.923013544e-13,1.235610625e-13,5.057438248e-13,1.105397939e-13,2.618345956e-13,1.925840825e-13,2.561539615e-14,8.634826875e-14,7.119621129e-14,2.198592658e-13,2.693157171e-13,1.160402904e-13,1.71989274e-13,1.250197797e-13,1.187146539e-13,3.393349411e-13,5.522538333e-13,2.520366342e-13,1.535266799e-13,8.150432667e-13,2.387412232e-13,4.817450299e-14,1.087000724e-13,4.121910617e-14,8.556561981e-14,1.505121636e-13,5.847571723e-13,1.687867543e-13,4.993602132e-13,3.119910942e-14,2.58337667e-13,5.879785037e-14
160.7265625,2.899030135e-13,1.23309807e-13,5.114809622e-13,1.104393932e-13,2.598896718e-13,1.962974022e-13,2.541039773e-14,8.658174085e-14,7.132982031e-14,2.210454988e-13,2.710945431e-13,1.161474685e-13,1.723674111e-13,1.236866186e-13,1.180813713e-13,3.418413734e-13,5.566698731e-13,2.534069696e-13,1.555372029e-13,8.228544112e-13,2.391315913e-13,4.877925631e-14,1.08921159e-13,4.031168194e-14,8.624279789e-14,1.513617024e-13,5.859570727e-13,1.704954935e-13,5.054657108e-13,3.106817989e-14,2.599516907e-13,5.919038141e-14
160.734375,2.872632893e-13,1.232102347e-13,5.171535591e-13,1.103404002e-13,2.57789487e-13,2.000206736e-13,2.525378842e-14,8.685932608e-14,7.147762247e-14,2.222444974e-13,2.72816248e-13,1.162749944e-13,1.726993981e-13,1.223312733e-13,1.174336576e-13,3.442236166e-13,5.606538003e-13,2.545965643e-13,1.575590588e-13,8.300553333e-13,2.393275304e-13,4.940276608e-14,1.091022372e-13,3.938314494e-14,8.688518853e-14,1.521542939e-13,5.869388841e-13,1.722667356e-13,5.114521096e-13,3.092327976e-14,2.616662791e-13,5.955237052e-14
160.7421875,2.847384593e-13,1.231766715e-13,5.229709155e-13,1.102791548e-13,2.557835682e-13,2.038080378e-13,2.517607097e-14,8.716350932e-14,7.16715903e-14,2.235152936e-13,2.747014545e-13,1.164557032e-13,1.730293028e-13,1.211394551e-13,1.16916727e-13,3.466273802e-13,5.64600224e-13,2.558600571e-13,1.595887966e-13,8.369292897e-13,2.394668519e-13,5.005901251e-14,1.092108213e-13,3.849632365e-14,8.7500471e-14,1.529133974e-13,5.875756281e-13,1.741824848e-13,5.170229932e-13,3.078485512e-14,2.634960334e-13,5.991697731e-14
160.75,2.824257848e-13,1.234546869e-13,5.289468856e-13,1.103189678e-13,2.538474443e-13,2.077026308e-13,2.51375626e-14,8.744235251e-14,7.188104674e-14,2.248278948e-13,2.768237281e-13,1.167043619e-13,1.734644888e-13,1.201890239e-13,1.165866259e-13,3.491375186e-13,5.687080508e-13,2.573947056e-13,1.616197167e-13,8.431492985e-13,2.395470185e-13,5.074141459e-14,1.092602438e-13,3.764818159e-14,8.81088581e-14,1.535861831e-13,5.879418545e-13,1.762932248e-13,5.225039649e-13,3.06783422e-14,2.655488032e-13,6.026936773e-14
160.7578125,2.800365415e-13,1.239724662e-13,5.348081817e-13,1.103498744e-13,2.517472691e-13,2.115473099e-13,2.511231798e-14,8.769992718e-14,7.205574462e-14,2.261084174e-13,2.788743014e-13,1.169488518e-13,1.739015228e-13,1.192595623e-13,1.162797926e-13,3.515119318e-13,5.724982508e-13,2.588269124e-13,1.635959835e-13,8.487023163e-13,2.395134059e-13,5.141096967e-14,1.092448498e-13,3.68087636e-14,8.866671218e-14,1.540824619e-13,5.879205943e-13,1.783596963e-13,5.278924387e-13,3.056136391e-14,2.675977537e-13,6.057248558e-14
160.765625,2.776019712e-13,1.244025971e-13,5.40761863e-13,1.102555366e-13,2.495809486e-13,2.153634534e-13,2.513354032e-14,8.794366188e-14,7.218280504e-14,2.274069908e-13,2.809332608e-13,1.171414889e-13,1.741749024e-13,1.183025611e-13,1.16085243e-13,3.538054751e-13,5.758849309e-13,2.600153508e-13,1.654930103e-13,8.541308217e-13,2.39339418e-13,5.204402581e-14,1.091365122e-13,3.59958372e-14,8.915419948e-14,1.544791967e-13,5.873356197e-13,1.803218825e-13,5.327870664e-13,3.042925824e-14,2.694733569e-13,6.08604764e-14
160.7734375,2.753854026e-13,1.24868336e-13,5.467988679e-13,1.102186867e-13,2.476303748e-13,2.192824651e-13,2.520090096e-14,8.817348453e-14,7.232286212e-14,2.287491655e-13,2.831822469e-13,1.173228023e-13,1.743547639e-13,1.174609096e-13,1.160409204e-13,3.560854353e-13,5.790092868e-13,2.612496098e-13,1.674091878e-13,8.592607284e-13,2.39075057e-13,5.269250714e-14,1.090072494e-13,3.521888231e-14,8.961048172e-14,1.548864252e-13,5.863256251e-13,1.824004337e-13,5.371769799e-13,3.031551521e-14,2.713548313e-13,6.118401421e-14
160.78125,2.730713698e-13,1.254591804e-13,5.524981036e-13,1.103590504e-13,2.456954042e-13,2.231343931e-13,2.53039149e-14,8.842248352e-14,7.249079367e-14,2.300482081e-13,2.853247036e-13,1.174798076e-13,1.745015484e-13,1.166194576e-13,1.159751133e-13,3.582954483e-13,5.817703613e-13,2.625488356e-13,1.692652905e-13,8.636935726e-13,2.387579719e-13,5.33470161e-14,1.089281333e-13,3.446719031e-14,9.004842593e-14,1.552866869e-13,5.85150265e-13,1.844829604e-13,5.412623184e-13,3.021004865e-14,2.732219861e-13,6.152737174e-14
160.7890625,2.70395213e-13,1.259881092e-13,5.580114209e-13,1.1045929e-13,2.434173049e-13,2.268130201e-13,2.54758053e-14,8.869576611e-14,7.261326783e-14,2.313770632e-13,2.872775758e-13,1.175673447e-13,1.745492488e-13,1.156839808e-13,1.15942798e-13,3.606005338e-13,5.844153629e-13,2.637936368e-13,1.708802852e-13,8.675915144e-13,2.383150406e-13,5.392725226e-14,1.088248384e-13,3.373704931e-14,9.045784355e-14,1.556111408e-13,5.83835885e-13,1.864115106e-13,5.451000232e-13,3.011127795e-14,2.749073456e-13,6.185662015e-14
160.796875,2.678215408e-13,1.264967572e-13,5.636781252e-13,1.10357801e-13,2.40999382e-13,2.305717873e-13,2.571771641e-14,8.89721585e-14,7.269956258e-14,2.328454281e-13,2.892607061e-13,1.176324602e-13,1.745540786e-13,1.148510354e-13,1.16062609e-13,3.630647232e-13,5.87266373e-13,2.651030161e-13,1.723536331e-13,8.710728068e-13,2.376837875e-13,5.44771762e-14,1.086324349e-13,3.304472351e-14,9.084260909e-14,1.558460076e-13,5.822313323e-13,1.883635735e-13,5.487581569e-13,3.003111009e-14,2.765654759e-13,6.218670408e-14
160.8046875,2.654874593e-13,1.270992289e-13,5.694665786e-13,1.101610437e-13,2.388039126e-13,2.34528641e-13,2.59905821e-14,8.924530216e-14,7.281375126e-14,2.342702779e-13,2.912406785e-13,1.177436557e-13,1.746303441e-13,1.141716511e-13,1.16317982e-13,3.65597763e-13,5.900471867e-13,2.665341828e-13,1.738157347e-13,8.742336445e-13,2.369106477e-13,5.507531027e-14,1.083741777e-13,3.240719301e-14,9.118996927e-14,1.560622407e-13,5.802740659e-13,1.903443239e-13,5.52287546e-13,2.994362412e-14,2.78393463e-13,6.254988226e-14
160.8125,2.630065921e-13,1.278841389e-13,5.753707208e-13,1.099845465e-13,2.367357302e-13,2.384606712e-13,2.628951705e-14,8.947613723e-14,7.291224455e-14,2.355440869e-13,2.932138936e-13,1.1790237e-13,1.747657998e-13,1.134964271e-13,1.167039599e-13,3.681540073e-13,5.923421691e-13,2.679131656e-13,1.751973088e-13,8.771463277e-13,2.36046988e-13,5.566519221e-14,1.080387288e-13,3.178486801e-14,9.147141771e-14,1.562887946e-13,5.780493114e-13,1.922512692e-13,5.556845676e-13,2.983775647e-14,2.80327692e-13,6.294186982e-14
160.8203125,2.605251018e-13,1.289957369e-13,5.812402585e-13,1.09821706e-13,2.346027021e-13,2.4223935e-13,2.663422306e-14,8.966046038e-14,7.296105717e-14,2.368965204e-13,2.952508178e-13,1.180659732e-13,1.748989662e-13,1.128306906e-13,1.170987038e-13,3.705125079e-13,5.941205538e-13,2.691469097e-13,1.765057898e-13,8.794476084e-13,2.350722645e-13,5.621555223e-14,1.076238824e-13,3.115004717e-14,9.16869133e-14,1.564291261e-13,5.755602397e-13,1.942392102e-13,5.588900702e-13,2.972960217e-14,2.822539249e-13,6.334026117e-14
160.828125,2.58318291e-13,1.302196313e-13,5.868655503e-13,1.096698107e-13,2.324713509e-13,2.460495408e-13,2.704244584e-14,8.987382688e-14,7.301552747e-14,2.383881318e-13,2.972721648e-13,1.181872466e-13,1.74987148e-13,1.122304885e-13,1.174427734e-13,3.726537384e-13,5.956569982e-13,2.703830897e-13,1.777846088e-13,8.811189582e-13,2.339671166e-13,5.678626667e-14,1.072018954e-13,3.057793535e-14,9.187237399e-14,1.564684496e-13,5.726781677e-13,1.963275398e-13,5.616943381e-13,2.961738629e-14,2.841178095e-13,6.374858644e-14
160.8359375,2.560144317e-13,1.312396768e-13,5.924588867e-13,1.095897235e-13,2.303158664e-13,2.50012805e-13,2.752801729e-14,9.009270703e-14,7.305037366e-14,2.398098288e-13,2.993116119e-13,1.182481685e-13,1.750018394e-13,1.116051226e-13,1.179323047e-13,3.749092605e-13,5.971091275e-13,2.716824412e-13,1.789098036e-13,8.825590487e-13,2.327736701e-13,5.734831583e-14,1.068174595e-13,3.010894155e-14,9.205934896e-14,1.565148691e-13,5.694475034e-13,1.983026699e-13,5.64033286e-13,2.949937042e-14,2.858564597e-13,6.417867275e-14
160.84375,2.533316314e-13,1.321970802e-13,5.980633743e-13,1.095837635e-13,2.279773075e-13,2.538927642e-13,2.80725641e-14,9.023213619e-14,7.299660267e-14,2.411200601e-13,3.013392466e-13,1.18264214e-13,1.749725394e-13,1.109331744e-13,1.185881434e-13,3.772132449e-13,5.982784242e-13,2.728886851e-13,1.798174421e-13,8.835918953e-13,2.315253732e-13,5.782588908e-14,1.064500924e-13,2.966767424e-14,9.223925717e-14,1.565394034e-13,5.66042343e-13,2.000821147e-13,5.661414614e-13,2.937377198e-14,2.874662226e-13,6.461515845e-14
160.8515625,2.506070519e-13,1.333106399e-13,6.03409005e-13,1.095391877e-13,2.256041817e-13,2.57531972e-13,2.864620865e-14,9.035246223e-14,7.291323874e-14,2.423947495e-13,3.032231127e-13,1.182742921e-13,1.749677194e-13,1.103926313e-13,1.192920207e-13,3.793233005e-13,5.991110414e-13,2.740133989e-13,1.806582403e-13,8.840743777e-13,2.30217173e-13,5.82621124e-14,1.060484918e-13,2.921567035e-14,9.238735895e-14,1.564458465e-13,5.623950363e-13,2.017712514e-13,5.680930065e-13,2.923862581e-14,2.890886182e-13,6.504717229e-14
160.859375,2.480692911e-13,1.346145454e-13,6.086929653e-13,1.094119586e-13,2.234065093e-13,2.611789638e-13,2.926518219e-14,9.050198194e-14,7.286040476e-14,2.436586822e-13,3.051998878e-13,1.183132015e-13,1.749863371e-13,1.100224197e-13,1.201068498e-13,3.813600489e-13,5.99730129e-13,2.751261211e-13,1.815276508e-13,8.842339592e-13,2.288589943e-13,5.872275032e-14,1.055713068e-13,2.878198283e-14,9.249719547e-14,1.563026751e-13,5.583851441e-13,2.035758115e-13,5.697509462e-13,2.911623857e-14,2.908119219e-13,6.549646273e-14
160.8671875,2.45452933e-13,1.360972783e-13,6.142373217e-13,1.093274619e-13,2.211653215e-13,2.649959252e-13,2.995947452e-14,9.058604228e-14,7.27666709e-14,2.450093173e-13,3.074063002e-13,1.183592211e-13,1.749549151e-13,1.095982411e-13,1.210529915e-13,3.833677302e-13,5.999039775e-13,2.760585712e-13,1.822991211e-13,8.837581594e-13,2.274090482e-13,5.91683287e-14,1.050642866e-13,2.836615121e-14,9.257162092e-14,1.561842766e-13,5.541570283e-13,2.055218098e-13,5.711465644e-13,2.900088439e-14,2.925130476e-13,6.596789219e-14
160.875,2.426763805e-13,1.376237105e-13,6.198511307e-13,1.093543536e-13,2.187418279e-13,2.68839639e-13,3.071023292e-14,9.059618683e-14,7.260202111e-14,2.464580094e-13,3.095392755e-13,1.183781644e-13,1.74862945e-13,1.091152481e-13,1.221453883e-13,3.853322723e-13,5.995880187e-13,2.768864107e-13,1.829014722e-13,8.825272898e-13,2.257902774e-13,5.956516424e-14,1.045874899e-13,2.796482203e-14,9.261972436e-14,1.560197432e-13,5.497731289e-13,2.073729814e-13,5.723429836e-13,2.885523622e-14,2.941446397e-13,6.642797627e-14
160.8828125,2.401142953e-13,1.390922938e-13,6.252075367e-13,1.09384121e-13,2.164591308e-13,2.726433203e-13,3.148892247e-14,9.062550389e-14,7.246130502e-14,2.478289344e-13,3.115393063e-13,1.183687845e-13,1.747350734e-13,1.08837097e-13,1.234725928e-13,3.873656023e-13,5.991522666e-13,2.778875339e-13,1.834808438e-13,8.810520467e-13,2.240980716e-13,5.996356402e-14,1.040865703e-13,2.759872237e-14,9.26523619e-14,1.55737094e-13,5.450227341e-13,2.091173492e-13,5.731564185e-13,2.869591797e-14,2.957863461e-13,6.686781921e-14
160.890625,2.378275438e-13,1.405097234e-13,6.301906008e-13,1.093738021e-13,2.143870029e-13,2.764207003e-13,3.230502805e-14,9.067627293e-14,7.237723936e-14,2.491343316e-13,3.13476443e-13,1.182937512e-13,1.745034549e-13,1.087213085e-13,1.24905448e-13,3.893232043e-13,5.984784207e-13,2.78887399e-13,1.840651858e-13,8.790802521e-13,2.224833526e-13,6.038015568e-14,1.035060109e-13,2.728063819e-14,9.265607029e-14,1.553357353e-13,5.398183819e-13,2.108949039e-13,5.733753267e-13,2.85550721e-14,2.973289793e-13,6.73225436e-14
160.8984375,2.354384048e-13,1.418405411e-13,6.349244168e-13,1.094001943e-13,2.121635373e-13,2.801269876e-13,3.315723354e-14,9.072216824e-14,7.227504826e-14,2.505816839e-13,3.151988999e-13,1.181329382e-13,1.741546595e-13,1.085004582e-13,1.263291482e-13,3.911232237e-13,5.972931297e-13,2.796656735e-13,1.844943754e-13,8.762251127e-13,2.208688262e-13,6.077150925e-14,1.028879417e-13,2.702581382e-14,9.260821132e-14,1.548625273e-13,5.342936447e-13,2.12594809e-13,5.731005854e-13,2.841618698e-14,2.987048473e-13,6.780991214e-14
160.90625,2.328663845e-13,1.431964025e-13,6.396117504e-13,1.094161495e-13,2.097285665e-13,2.838141536e-13,3.403123474e-14,9.079043136e-14,7.213915313e-14,2.521499018e-13,3.167883544e-13,1.179514194e-13,1.737853598e-13,1.081549225e-13,1.278359343e-13,3.929929498e-13,5.958166346e-13,2.803076892e-13,1.847597646e-13,8.731852786e-13,2.191282796e-13,6.11389732e-14,1.022614448e-13,2.683206693e-14,9.250234301e-14,1.543943473e-13,5.285748207e-13,2.142204836e-13,5.726183922e-13,2.82716403e-14,3.000723199e-13,6.830884284e-14
160.9140625,2.302194162e-13,1.447071647e-13,6.441587416e-13,1.093812724e-13,2.073256395e-13,2.875588132e-13,3.496159754e-14,9.089390156e-14,7.201208033e-14,2.536661713e-13,3.183566759e-13,1.177534173e-13,1.733626966e-13,1.077874312e-13,1.294126251e-13,3.948831951e-13,5.940400655e-13,2.80718891e-13,1.849002792e-13,8.701158419e-13,2.172965105e-13,6.149762537e-14,1.016231352e-13,2.665216587e-14,9.233803015e-14,1.539230105e-13,5.227374143e-13,2.159339533e-13,5.719375617e-13,2.812722844e-14,3.013853245e-13,6.880518632e-14
160.921875,2.275050292e-13,1.462448843e-13,6.484329541e-13,1.094816345e-13,2.04992135e-13,2.913144476e-13,3.596374225e-14,9.102428232e-14,7.18761604e-14,2.551315401e-13,3.19739781e-13,1.174971732e-13,1.728401809e-13,1.074822546e-13,1.310721501e-13,3.966098233e-13,5.917990205e-13,2.808987295e-13,1.848563614e-13,8.66206798e-13,2.154026729e-13,6.182343684e-14,1.009890248e-13,2.64515931e-14,9.212929637e-14,1.533418491e-13,5.167608744e-13,2.176066576e-13,5.708545185e-13,2.796086395e-14,3.025504489e-13,6.932070523e-14
160.9296875,2.249705077e-13,1.477506814e-13,6.527225908e-13,1.097686076e-13,2.026689014e-13,2.950631701e-13,3.697919389e-14,9.115136185e-14,7.171464847e-14,2.566173947e-13,3.21048166e-13,1.172484451e-13,1.723377089e-13,1.073475324e-13,1.329056991e-13,3.982525979e-13,5.894159271e-13,2.811472855e-13,1.847331248e-13,8.616756355e-13,2.134265081e-13,6.213388963e-14,1.003417141e-13,2.625631748e-14,9.189743611e-14,1.526382843e-13,5.105611121e-13,2.191201168e-13,5.694485041e-13,2.777414609e-14,3.038047314e-13,6.988385472e-14
160.9375,2.226629052e-13,1.49207866e-13,6.57210386e-13,1.099752347e-13,2.003780949e-13,2.987953267e-13,3.800075877e-14,9.122226326e-14,7.155430605e-14,2.580947805e-13,3.224862978e-13,1.17016292e-13,1.718095873e-13,1.072731863e-13,1.347748844e-13,3.998081331e-13,5.869238213e-13,2.813489442e-13,1.846119635e-13,8.572617202e-13,2.114009567e-13,6.244944648e-14,9.965075403e-14,2.611299401e-14,9.162978472e-14,1.51914186e-13,5.041747021e-13,2.205629368e-13,5.678550333e-13,2.761046847e-14,3.051579872e-13,7.048060603e-14
160.9453125,2.200566197e-13,1.504327084e-13,6.615440771e-13,1.099750938e-13,1.980518986e-13,3.023918183e-13,3.90751297e-14,9.123699219e-14,7.135905333e-14,2.595122276e-13,3.238412013e-13,1.166769337e-13,1.710713927e-13,1.070184967e-13,1.365742168e-13,4.011222344e-13,5.837899699e-13,2.811856471e-13,1.843077441e-13,8.524693267e-13,2.093606321e-13,6.270427728e-14,9.894108407e-14,2.601220039e-14,9.13018588e-14,1.511787081e-13,4.976107134e-13,2.218774632e-13,5.658217133e-13,2.748325055e-14,3.062555557e-13,7.10625322e-14
160.953125,2.170892818e-13,1.515036088e-13,6.655443177e-13,1.099107843e-13,1.955991543e-13,3.058863669e-13,4.017565006e-14,9.123911472e-14,7.109012805e-14,2.608748182e-13,3.249832414e-13,1.162581871e-13,1.702345665e-13,1.066423266e-13,1.383961487e-13,4.021401399e-13,5.799543266e-13,2.807773453e-13,1.838378096e-13,8.466652882e-13,2.073074383e-13,6.288809282e-14,9.82241384e-14,2.589945077e-14,9.091248964e-14,1.503400526e-13,4.907372072e-13,2.230472174e-13,5.632100492e-13,2.735665158e-14,3.071462965e-13,7.161859351e-14
160.9609375,2.143179302e-13,1.526904645e-13,6.696248311e-13,1.098722492e-13,1.931098334e-13,3.095323218e-13,4.128040843e-14,9.126206517e-14,7.0830744e-14,2.622609269e-13,3.260649477e-13,1.159233944e-13,1.694673563e-13,1.063647995e-13,1.402857424e-13,4.030191471e-13,5.758723641e-13,2.802602925e-13,1.834351109e-13,8.40409355e-13,2.052101337e-13,6.309933967e-14,9.747085841e-14,2.579380007e-14,9.046498303e-14,1.494099527e-13,4.83686205e-13,2.242468508e-13,5.603837754e-13,2.720427623e-14,3.082083997e-13,7.219740777e-14
160.96875,2.11771725e-13,1.539646524e-13,6.739934932e-13,1.098741306e-13,1.907153658e-13,3.13317071e-13,4.243614779e-14,9.133446834e-14,7.064806115e-14,2.637517142e-13,3.270733395e-13,1.156773666e-13,1.686755492e-13,1.062156768e-13,1.423328991e-13,4.040889088e-13,5.71706762e-13,2.796113524e-13,1.830033624e-13,8.34264903e-13,2.030158339e-13,6.334425586e-14,9.670267598e-14,2.576967078e-14,8.998107785e-14,1.484919849e-13,4.767953095e-13,2.254607294e-13,5.575606702e-13,2.704647517e-14,3.094631861e-13,7.283917067e-14
160.9765625,2.091121431e-13,1.551431557e-13,6.78210063e-13,1.099159655e-13,1.883841424e-13,3.169084786e-13,4.363039755e-14,9.141545149e-14,7.047392284e-14,2.652658966e-13,3.279170037e-13,1.154051849e-13,1.677942477e-13,1.061004663e-13,1.44566557e-13,4.053251306e-13,5.672836454e-13,2.789193837e-13,1.823499851e-13,8.278669837e-13,2.007705223e-13,6.353688615e-14,9.596467878e-14,2.58146287e-14,8.949250176e-14,1.475836304e-13,4.699370764e-13,2.264842347e-13,5.544318922e-13,2.690903267e-14,3.106742847e-13,7.352047543e-14
160.984375,2.064200464e-13,1.560991823e-13,6.820297098e-13,1.099431904e-13,1.860354479e-13,3.202617685e-13,4.482247004e-14,9.140494079e-14,7.024239549e-14,2.666293623e-13,3.286635335e-13,1.150606382e-13,1.668429717e-13,1.059471644e-13,1.468320805e-13,4.063649509e-13,5.625066017e-13,2.781455702e-13,1.815872244e-13,8.209121368e-13,1.985554712e-13,6.36833427e-14,9.523340482e-14,2.587556687e-14,8.896783164e-14,1.466080276e-13,4.627279946e-13,2.271994524e-13,5.507301203e-13,2.677888256e-14,3.117874651e-13,7.41858408e-14
160.9921875,2.037998572e-13,1.568915758e-13,6.857498657e-13,1.099393069e-13,1.83687578e-13,3.236176847e-13,4.604504316e-14,9.132220494e-14,6.99794804e-14,2.67844675e-13,3.294053255e-13,1.146675601e-13,1.657580596e-13,1.057454734e-13,1.491669981e-13,4.072665172e-13,5.573969763e-13,2.771722939e-13,1.808274689e-13,8.136788377e-13,1.963127525e-13,6.383503299e-14,9.447434688e-14,2.594696515e-14,8.836584667e-14,1.455671407e-13,4.552797111e-13,2.277025893e-13,5.466150035e-13,2.664088819e-14,3.129171788e-13,7.482623321e-14
161,2.011092395e-13,1.577605299e-13,6.894619786e-13,1.099072093e-13,1.813607865e-13,3.269543021e-13,4.730843363e-14,9.127311356e-14,6.972954212e-14,2.690360734e-13,3.301282037e-13,1.142610259e-13,1.645512446e-13,1.05538161e-13,1.516360535e-13,4.081959373e-13,5.519091416e-13,2.760757791e-13,1.800071828e-13,8.061904872e-13,1.940017214e-13,6.397022665e-14,9.371767263e-14,2.600515975e-14,8.77377225e-14,1.444790663e-13,4.478635466e-13,2.282763789e-13,5.422740133e-13,2.650800272e-14,3.140762484e-13,7.549799099e-14
161.0078125,1.984033926e-13,1.586569875e-13,6.930750887e-13,1.097863484e-13,1.790234302e-13,3.301525772e-13,4.858843428e-14,9.125246032e-14,6.949449827e-14,2.701943224e-13,3.307465766e-13,1.13849413e-13,1.633199814e-13,1.053585639e-13,1.540742943e-13,4.089411925e-13,5.460940927e-13,2.748876968e-13,1.790806353e-13,7.981280225e-13,1.917103996e-13,6.405959246e-14,9.299434201e-14,2.604087236e-14,8.713125939e-14,1.433198763e-13,4.403612703e-13,2.289713652e-13,5.37610686e-13,2.639166091e-14,3.151736301e-13,7.623646148e-14
161.015625,1.958577488e-13,1.594426421e-13,6.968026201e-13,1.09617545e-13,1.767231099e-13,3.333708902e-13,4.991803737e-14,9.121543559e-14,6.925725169e-14,2.712609892e-13,3.312529686e-13,1.134422742e-13,1.621187719e-13,1.052516521e-13,1.56539169e-13,4.095532155e-13,5.402392955e-13,2.73617229e-13,1.780770663e-13,7.896569104e-13,1.894500566e-13,6.413332204e-14,9.229588451e-14,2.612090465e-14,8.650913043e-14,1.421197766e-13,4.327473354e-13,2.29541856e-13,5.326096626e-13,2.6290847e-14,3.163242088e-13,7.700759651e-14
161.0234375,1.934407837e-13,1.603404897e-13,7.007104315e-13,1.095851135e-13,1.745584934e-13,3.367527106e-13,5.130583258e-14,9.121341263e-14,6.904546371e-14,2.723168263e-13,3.317077751e-13,1.130977874e-13,1.610175042e-13,1.052607649e-13,1.591837796e-13,4.102857927e-13,5.343949798e-13,2.723911752e-13,1.77051764e-13,7.812477545e-13,1.87169069e-13,6.423312048e-14,9.162174808e-14,2.626754617e-14,8.585531966e-14,1.409223975e-13,4.252587258e-13,2.300308769e-13,5.275225807e-13,2.619112391e-14,3.177330517e-13,7.779198694e-14
161.03125,1.910418181e-13,1.613099277e-13,7.045735699e-13,1.097307453e-13,1.724976838e-13,3.402164838e-13,5.270224527e-14,9.127140482e-14,6.889485936e-14,2.734262808e-13,3.321016493e-13,1.128189404e-13,1.599798858e-13,1.053067604e-13,1.618798538e-13,4.109795664e-13,5.282382581e-13,2.710824308e-13,1.759815612e-13,7.728501436e-13,1.84908333e-13,6.435242503e-14,9.095269935e-14,2.642668285e-14,8.519021721e-14,1.396977356e-13,4.17803416e-13,2.306423248e-13,5.223895371e-13,2.607344397e-14,3.192368456e-13,7.862483078e-14
161.0390625,1.88583191e-13,1.620022727e-13,7.083739359e-13,1.098318491e-13,1.704311559e-13,3.43596903e-13,5.411535953e-14,9.131719419e-14,6.875949673e-14,2.744606212e-13,3.3243232e-13,1.12505744e-13,1.587995661e-13,1.052743887e-13,1.645941336e-13,4.114627526e-13,5.216216437e-13,2.694018182e-13,1.747676656e-13,7.639885977e-13,1.826901093e-13,6.444577842e-14,9.023266287e-14,2.657740362e-14,8.448286225e-14,1.384419417e-13,4.101247188e-13,2.311744125e-13,5.169129464e-13,2.595945391e-14,3.205626228e-13,7.951878258e-14
161.046875,1.860524345e-13,1.625235321e-13,7.121094657e-13,1.097281635e-13,1.683885641e-13,3.467529417e-13,5.557575639e-14,9.133142328e-14,6.860208938e-14,2.75297322e-13,3.326545038e-13,1.121333054e-13,1.574221351e-13,1.05180224e-13,1.673764089e-13,4.118052966e-13,5.145931534e-13,2.674211414e-13,1.734334796e-13,7.545249837e-13,1.804822495e-13,6.450051995e-14,8.948629306e-14,2.673324669e-14,8.371225158e-14,1.371936424e-13,4.023018792e-13,2.313623271e-13,5.109707922e-13,2.587810869e-14,3.218211422e-13,8.045165479e-14
161.0546875,1.835931477e-13,1.630024914e-13,7.157032293e-13,1.095949931e-13,1.664864469e-13,3.498097778e-13,5.705191593e-14,9.137361849e-14,6.847050621e-14,2.760282747e-13,3.325809596e-13,1.117784263e-13,1.559992728e-13,1.050779017e-13,1.701397923e-13,4.120364812e-13,5.071289667e-13,2.653707798e-13,1.720530515e-13,7.449048242e-13,1.783188069e-13,6.454875653e-14,8.881278894e-14,2.689927928e-14,8.293049322e-14,1.359158859e-13,3.944555079e-13,2.313124003e-13,5.047886173e-13,2.578825407e-14,3.231954685e-13,8.141889556e-14
161.0625,1.812870554e-13,1.632780614e-13,7.193466119e-13,1.095997171e-13,1.646638622e-13,3.530399766e-13,5.852616794e-14,9.144919353e-14,6.836353758e-14,2.767688356e-13,3.322540308e-13,1.11441975e-13,1.546228025e-13,1.049709498e-13,1.729921691e-13,4.122497062e-13,4.993982383e-13,2.632881207e-13,1.705843516e-13,7.354415191e-13,1.762336556e-13,6.459685213e-14,8.821402937e-14,2.70609142e-14,8.218083412e-14,1.345694828e-13,3.86596224e-13,2.312409839e-13,4.986200413e-13,2.56508253e-14,3.246088631e-13,8.241956837e-14
161.0703125,1.790043903e-13,1.63531442e-13,7.231727367e-13,1.095997029e-13,1.627437258e-13,3.563295683e-13,6.003056002e-14,9.15362905e-14,6.823598908e-14,2.774693403e-13,3.320070897e-13,1.110794508e-13,1.533048784e-13,1.049008283e-13,1.760707674e-13,4.125764297e-13,4.917715408e-13,2.612022352e-13,1.690569985e-13,7.258762473e-13,1.74187578e-13,6.462461018e-14,8.762949335e-14,2.720514652e-14,8.146311718e-14,1.332275791e-13,3.788460239e-13,2.312252816e-13,4.925145036e-13,2.55164282e-14,3.25982554e-13,8.344563258e-14
161.078125,1.767121011e-13,1.639046458e-13,7.271871654e-13,1.095453876e-13,1.607753424e-13,3.594541738e-13,6.157365823e-14,9.165991451e-14,6.812685371e-14,2.78100981e-13,3.319401995e-13,1.107508211e-13,1.520458111e-13,1.049077134e-13,1.792840713e-13,4.130427284e-13,4.843508226e-13,2.591795246e-13,1.675817773e-13,7.16123885e-13,1.721388917e-13,6.46332414e-14,8.708580691e-14,2.738913544e-14,8.077409569e-14,1.319542495e-13,3.712038622e-13,2.311721793e-13,4.86401614e-13,2.543559226e-14,3.273854179e-13,8.450695204e-14
161.0859375,1.745064864e-13,1.640385984e-13,7.316131176e-13,1.095643089e-13,1.589529516e-13,3.625583771e-13,6.312655285e-14,9.178933579e-14,6.805787378e-14,2.787301984e-13,3.318960079e-13,1.105435522e-13,1.50820922e-13,1.049369335e-13,1.826509645e-13,4.136281296e-13,4.76899371e-13,2.571726776e-13,1.661216868e-13,7.063232811e-13,1.700610676e-13,6.463271426e-14,8.661429936e-14,2.766067026e-14,8.010600814e-14,1.307016178e-13,3.635204887e-13,2.309370071e-13,4.80327319e-13,2.538320071e-14,3.289353456e-13,8.560862651e-14
161.09375,1.723720318e-13,1.63846618e-13,7.363330587e-13,1.095300067e-13,1.572440224e-13,3.656767204e-13,6.467273054e-14,9.185972041e-14,6.797779705e-14,2.793210963e-13,3.317935111e-13,1.104167913e-13,1.496059522e-13,1.049560462e-13,1.861569012e-13,4.141355268e-13,4.69211836e-13,2.551180901e-13,1.646297997e-13,6.960738002e-13,1.679499986e-13,6.463217928e-14,8.616011111e-14,2.794685102e-14,7.944199003e-14,1.294210645e-13,3.558608632e-13,2.305734464e-13,4.743395061e-13,2.5334295e-14,3.306830236e-13,8.674110788e-14
161.1015625,1.702920085e-13,1.636725565e-13,7.408805833e-13,1.09361519e-13,1.55525075e-13,3.686213633e-13,6.623416225e-14,9.194186224e-14,6.789740155e-14,2.798278105e-13,3.316404901e-13,1.102537799e-13,1.483512085e-13,1.050188911e-13,1.896167667e-13,4.144303291e-13,4.613110013e-13,2.529942061e-13,1.631421083e-13,6.853367665e-13,1.65852441e-13,6.463718533e-14,8.569208196e-14,2.820990878e-14,7.876046181e-14,1.281437545e-13,3.482999941e-13,2.302319307e-13,4.682115229e-13,2.531857487e-14,3.324673252e-13,8.790423635e-14
161.109375,1.682335733e-13,1.635614119e-13,7.453587564e-13,1.093357701e-13,1.538769451e-13,3.715134508e-13,6.782699948e-14,9.211207291e-14,6.784459518e-14,2.803369537e-13,3.314720339e-13,1.100259058e-13,1.46987486e-13,1.051033145e-13,1.930878055e-13,4.14733971e-13,4.532255958e-13,2.507327429e-13,1.615504325e-13,6.749957002e-13,1.638117521e-13,6.461948039e-14,8.525233671e-14,2.851317638e-14,7.804082619e-14,1.26891387e-13,3.407159804e-13,2.298724348e-13,4.617547667e-13,2.535951774e-14,3.340871475e-13,8.908396733e-14
161.1171875,1.660699451e-13,1.632865398e-13,7.499516252e-13,1.09483791e-13,1.523709248e-13,3.744627972e-13,6.942033165e-14,9.227966493e-14,6.778998353e-14,2.808038728e-13,3.312713226e-13,1.09794212e-13,1.455107848e-13,1.051229487e-13,1.966438842e-13,4.150511072e-13,4.448631647e-13,2.48297538e-13,1.597422682e-13,6.650851591e-13,1.618347477e-13,6.455696192e-14,8.487419353e-14,2.884129078e-14,7.730093923e-14,1.256231352e-13,3.330892586e-13,2.293766343e-13,4.551305634e-13,2.54219375e-14,3.35624926e-13,9.026482784e-14
161.125,1.639409883e-13,1.628898082e-13,7.544210439e-13,1.095187258e-13,1.508894094e-13,3.772182088e-13,7.101257886e-14,9.239809078e-14,6.775637755e-14,2.81077238e-13,3.309945864e-13,1.095884997e-13,1.439672379e-13,1.051104794e-13,2.001794219e-13,4.151623654e-13,4.363508113e-13,2.457630693e-13,1.578929519e-13,6.547739189e-13,1.599144166e-13,6.448437992e-14,8.453860635e-14,2.914690784e-14,7.658376879e-14,1.243301621e-13,3.255027441e-13,2.287729353e-13,4.485112573e-13,2.546900091e-14,3.372740182e-13,9.148584214e-14
161.1328125,1.620986349e-13,1.625897868e-13,7.591145604e-13,1.094309605e-13,1.49372853e-13,3.797814612e-13,7.266008844e-14,9.255862982e-14,6.777972288e-14,2.812683904e-13,3.307796515e-13,1.094297075e-13,1.424390545e-13,1.051508529e-13,2.038667279e-13,4.153317429e-13,4.28053976e-13,2.432181306e-13,1.562101271e-13,6.441806029e-13,1.580423119e-13,6.443335238e-14,8.420392261e-14,2.947755811e-14,7.589667257e-14,1.230591334e-13,3.1801535e-13,2.281656115e-13,4.419363902e-13,2.552810462e-14,3.390990083e-13,9.277665926e-14
161.140625,1.603740269e-13,1.622218387e-13,7.646188437e-13,1.093854049e-13,1.47928015e-13,3.825451305e-13,7.435595656e-14,9.277283923e-14,6.781033467e-14,2.81517968e-13,3.307250642e-13,1.093936518e-13,1.410415248e-13,1.052755631e-13,2.078902991e-13,4.158710341e-13,4.200881012e-13,2.40756159e-13,1.546356164e-13,6.337125682e-13,1.562381966e-13,6.439866966e-14,8.387503059e-14,2.985215609e-14,7.523008806e-14,1.217973883e-13,3.107422012e-13,2.275517572e-13,4.354850133e-13,2.56384481e-14,3.411999663e-13,9.408897901e-14
161.1484375,1.586043202e-13,1.614746241e-13,7.705444994e-13,1.094303236e-13,1.466324679e-13,3.856254855e-13,7.60444927e-14,9.29907146e-14,6.782808794e-14,2.816668162e-13,3.306704612e-13,1.094813298e-13,1.39787255e-13,1.055207537e-13,2.120807136e-13,4.166357824e-13,4.12298375e-13,2.38464422e-13,1.530376757e-13,6.231855188e-13,1.545145415e-13,6.437723777e-14,8.359688269e-14,3.023128899e-14,7.458851697e-14,1.205030185e-13,3.036723738e-13,2.26859417e-13,4.291590012e-13,2.579331274e-14,3.436493579e-13,9.538778131e-14
161.15625,1.569442572e-13,1.606444466e-13,7.763837226e-13,1.095636324e-13,1.454124648e-13,3.887060343e-13,7.774032566e-14,9.324136098e-14,6.787546001e-14,2.816352358e-13,3.306099e-13,1.095608676e-13,1.38561994e-13,1.058149093e-13,2.163400958e-13,4.17510535e-13,4.045034728e-13,2.36220944e-13,1.514143792e-13,6.127842688e-13,1.528133008e-13,6.435418655e-14,8.336247444e-14,3.061611915e-14,7.39607578e-14,1.192353e-13,2.966374483e-13,2.261600874e-13,4.228622002e-13,2.598299459e-14,3.462052835e-13,9.670299364e-14
161.1640625,1.552731138e-13,1.600480154e-13,7.822564485e-13,1.096984904e-13,1.441324e-13,3.914991363e-13,7.946047809e-14,9.355139232e-14,6.796335028e-14,2.81590435e-13,3.306804284e-13,1.095687532e-13,1.372843155e-13,1.059570421e-13,2.2063038e-13,4.183868894e-13,3.964794111e-13,2.337717073e-13,1.49799239e-13,6.025981333e-13,1.510982265e-13,6.430459534e-14,8.315669798e-14,3.101558644e-14,7.333606134e-14,1.180481105e-13,2.896116682e-13,2.255525385e-13,4.165251942e-13,2.621203111e-14,3.485987338e-13,9.805672947e-14
161.171875,1.534216151e-13,1.593057458e-13,7.882156788e-13,1.097859791e-13,1.428251328e-13,3.940925832e-13,8.118481885e-14,9.391213797e-14,6.810810521e-14,2.815609655e-13,3.307628929e-13,1.096028332e-13,1.359811649e-13,1.059939081e-13,2.248913892e-13,4.191140056e-13,3.882393908e-13,2.31185684e-13,1.482018143e-13,5.920973043e-13,1.49412866e-13,6.425280605e-14,8.303720643e-14,3.143417737e-14,7.274617769e-14,1.168681644e-13,2.826539434e-13,2.249088666e-13,4.101172705e-13,2.646410088e-14,3.510261531e-13,9.945768972e-14
161.1796875,1.517339402e-13,1.583260459e-13,7.943836554e-13,1.099245377e-13,1.416907084e-13,3.967335785e-13,8.294402309e-14,9.432174451e-14,6.832609538e-14,2.814363909e-13,3.308157288e-13,1.09746192e-13,1.347313159e-13,1.061955633e-13,2.293820001e-13,4.200050924e-13,3.801717602e-13,2.287897349e-13,1.466605059e-13,5.814786054e-13,1.477736442e-13,6.423946924e-14,8.302108906e-14,3.188689962e-14,7.222426912e-14,1.156683167e-13,2.758228558e-13,2.241243567e-13,4.038134831e-13,2.672583124e-14,3.538401899e-13,1.00925779e-13
161.1875,1.503688552e-13,1.575100001e-13,8.009701142e-13,1.101036498e-13,1.407230712e-13,3.993442904e-13,8.473125932e-14,9.473780456e-14,6.856367949e-14,2.812178936e-13,3.310013898e-13,1.099421672e-13,1.3353977e-13,1.065253172e-13,2.341632835e-13,4.212529289e-13,3.724087176e-13,2.265846237e-13,1.451738185e-13,5.712160139e-13,1.461493471e-13,6.424656642e-14,8.304849237e-14,3.234912573e-14,7.174757242e-14,1.145356279e-13,2.692611526e-13,2.232935161e-13,3.977983027e-13,2.701443437e-14,3.568943628e-13,1.024378523e-13
161.1953125,1.489754048e-13,1.566450634e-13,8.075797491e-13,1.102661641e-13,1.397079589e-13,4.017026832e-13,8.64571543e-14,9.51375927e-14,6.87949527e-14,2.809363125e-13,3.312207621e-13,1.101183941e-13,1.323303054e-13,1.067435061e-13,2.387619614e-13,4.223537014e-13,3.646968956e-13,2.243345047e-13,1.436676869e-13,5.60797572e-13,1.445163772e-13,6.423776001e-14,8.312230226e-14,3.281388587e-14,7.127179699e-14,1.134638175e-13,2.62942025e-13,2.224294645e-13,3.91803778e-13,2.735131934e-14,3.598037403e-13,1.039367076e-13
161.203125,1.47523994e-13,1.554806768e-13,8.140043891e-13,1.104664869e-13,1.386791403e-13,4.039172894e-13,8.813564942e-14,9.55906359e-14,6.908154323e-14,2.805796052e-13,3.314062343e-13,1.103461317e-13,1.311251599e-13,1.069180463e-13,2.431245308e-13,4.232032787e-13,3.570759654e-13,2.221273674e-13,1.421558743e-13,5.500511101e-13,1.428754715e-13,6.422521029e-14,8.327435103e-14,3.3333963e-14,7.080495612e-14,1.123730544e-13,2.566946588e-13,2.215423299e-13,3.856713081e-13,2.774695385e-14,3.626595727e-13,1.054351401e-13
161.2109375,1.462744219e-13,1.544510738e-13,8.20747777e-13,1.106446575e-13,1.377957722e-13,4.061447341e-13,8.984594621e-14,9.612458359e-14,6.943914906e-14,2.801660032e-13,3.318028525e-13,1.107087317e-13,1.299955201e-13,1.072107869e-13,2.477017755e-13,4.243902052e-13,3.498108884e-13,2.201645694e-13,1.407098283e-13,5.395966616e-13,1.412808386e-13,6.42313374e-14,8.346084334e-14,3.390484139e-14,7.038703181e-14,1.113037561e-13,2.506137784e-13,2.207686463e-13,3.798544773e-13,2.819142189e-14,3.657299658e-13,1.070091982e-13
161.21875,1.451275974e-13,1.535476086e-13,8.277947567e-13,1.107623632e-13,1.369465028e-13,4.083218011e-13,9.156479711e-14,9.666296956e-14,6.979348442e-14,2.796965004e-13,3.323318003e-13,1.111021069e-13,1.288900086e-13,1.07533147e-13,2.525318735e-13,4.259661272e-13,3.428090053e-13,2.183297818e-13,1.3927398e-13,5.293110289e-13,1.397639286e-13,6.42322778e-14,8.365042161e-14,3.445271972e-14,7.00140405e-14,1.102997557e-13,2.448246682e-13,2.200040345e-13,3.745257618e-13,2.864873703e-14,3.688498292e-13,1.086623761e-13
161.2265625,1.439506182e-13,1.523257756e-13,8.347641913e-13,1.10980751e-13,1.360937707e-13,4.104683895e-13,9.327767187e-14,9.716103596e-14,7.01047509e-14,2.79121863e-13,3.326903638e-13,1.114292961e-13,1.27799877e-13,1.078524389e-13,2.574001545e-13,4.27490832e-13,3.35847169e-13,2.165203094e-13,1.378179888e-13,5.187484278e-13,1.382744498e-13,6.420531245e-14,8.388010587e-14,3.494771795e-14,6.966603428e-14,1.092740277e-13,2.3918185e-13,2.190257712e-13,3.693116304e-13,2.910382724e-14,3.71892096e-13,1.103006465e-13
161.234375,1.42888002e-13,1.509910506e-13,8.419053671e-13,1.112814606e-13,1.354446593e-13,4.125842401e-13,9.501695113e-14,9.767775085e-14,7.043079822e-14,2.784616288e-13,3.3308638e-13,1.117973674e-13,1.267990119e-13,1.082734479e-13,2.62318384e-13,4.289811894e-13,3.289789319e-13,2.148475523e-13,1.364554834e-13,5.082588077e-13,1.368350741e-13,6.417923681e-14,8.418204218e-14,3.54326812e-14,6.935915241e-14,1.082072057e-13,2.336330968e-13,2.17970505e-13,3.642021105e-13,2.959121149e-14,3.751038927e-13,1.118797295e-13
161.2421875,1.419481328e-13,1.498181248e-13,8.493372622e-13,1.114950243e-13,1.349067989e-13,4.144996972e-13,9.674616726e-14,9.828533267e-14,7.082677556e-14,2.778555342e-13,3.338300394e-13,1.122694788e-13,1.258167789e-13,1.086955282e-13,2.6729774e-13,4.306880679e-13,3.223445412e-13,2.132991796e-13,1.351846307e-13,4.982325269e-13,1.354947547e-13,6.416694323e-14,8.455343047e-14,3.596939196e-14,6.909625937e-14,1.072071628e-13,2.282931736e-13,2.170594951e-13,3.594531029e-13,3.014410488e-14,3.784608013e-13,1.134649776e-13
161.25,1.410537596e-13,1.486613376e-13,8.567939643e-13,1.116474271e-13,1.342408874e-13,4.16349899e-13,9.847109107e-14,9.894901318e-14,7.126644514e-14,2.773680164e-13,3.347756227e-13,1.127686636e-13,1.247935552e-13,1.090089214e-13,2.723262834e-13,4.325909918e-13,3.160141392e-13,2.118153758e-13,1.339138623e-13,4.884771666e-13,1.341329721e-13,6.414862557e-14,8.496747239e-14,3.655423076e-14,6.886165185e-14,1.062793889e-13,2.231609761e-13,2.163061189e-13,3.549951153e-13,3.075549551e-14,3.817267699e-13,1.151054056e-13
161.2578125,1.403485973e-13,1.475743455e-13,8.644964967e-13,1.118012221e-13,1.336468541e-13,4.184788163e-13,1.002773175e-13,9.958118161e-14,7.174186408e-14,2.768505595e-13,3.357788924e-13,1.133294325e-13,1.238586266e-13,1.094029453e-13,2.774841586e-13,4.345914994e-13,3.099899821e-13,2.104853203e-13,1.327232987e-13,4.78624346e-13,1.326935117e-13,6.416601098e-14,8.541488596e-14,3.712603364e-14,6.867034454e-14,1.053341733e-13,2.182103704e-13,2.157303866e-13,3.507782864e-13,3.140767487e-14,3.851270915e-13,1.167728134e-13
161.265625,1.398370798e-13,1.465566033e-13,8.727026852e-13,1.119586509e-13,1.333113054e-13,4.207548342e-13,1.021521031e-13,1.001990583e-13,7.22969758e-14,2.762002258e-13,3.369187901e-13,1.140401647e-13,1.23058628e-13,1.099814586e-13,2.827809086e-13,4.367040613e-13,3.04128563e-13,2.09293168e-13,1.316752986e-13,4.68549657e-13,1.313382357e-13,6.426532065e-14,8.59311847e-14,3.768844428e-14,6.852289395e-14,1.043755589e-13,2.134453126e-13,2.152629715e-13,3.469145517e-13,3.210136911e-14,3.889073866e-13,1.184379298e-13
161.2734375,1.392550662e-13,1.453475224e-13,8.811784959e-13,1.121583765e-13,1.32979524e-13,4.22798481e-13,1.040453457e-13,1.008655144e-13,7.288786203e-14,2.755156635e-13,3.38199009e-13,1.148320217e-13,1.222958565e-13,1.105612237e-13,2.882078179e-13,4.390367301e-13,2.983453254e-13,2.081581339e-13,1.306407935e-13,4.585381217e-13,1.301028032e-13,6.437687854e-14,8.651889287e-14,3.828094205e-14,6.839085562e-14,1.034545798e-13,2.08802406e-13,2.146685719e-13,3.433405018e-13,3.2834024e-14,3.928091202e-13,1.201027128e-13
161.28125,1.386026914e-13,1.440275366e-13,8.898421844e-13,1.123874242e-13,1.325386538e-13,4.246272825e-13,1.059872978e-13,1.01557055e-13,7.342500252e-14,2.748163312e-13,3.396181534e-13,1.156222981e-13,1.215586223e-13,1.110949289e-13,2.938351495e-13,4.416969853e-13,2.928302221e-13,2.07196795e-13,1.295597434e-13,4.488299708e-13,1.288771948e-13,6.443612182e-14,8.713368564e-14,3.887285646e-14,6.829340779e-14,1.025752476e-13,2.043181552e-13,2.139264038e-13,3.400478194e-13,3.358358732e-14,3.96702194e-13,1.217815083e-13
161.2890625,1.381164227e-13,1.427444384e-13,8.988801834e-13,1.126539097e-13,1.321741519e-13,4.264959139e-13,1.079809144e-13,1.02247068e-13,7.392965503e-14,2.74010323e-13,3.412684746e-13,1.164511738e-13,1.20897734e-13,1.117454542e-13,2.996769536e-13,4.446359277e-13,2.877914355e-13,2.065218543e-13,1.285248253e-13,4.392857998e-13,1.27681282e-13,6.448973021e-14,8.776726329e-14,3.944210995e-14,6.827593582e-14,1.017301785e-13,2.001448019e-13,2.132404414e-13,3.372505665e-13,3.434036755e-14,4.00845842e-13,1.234779977e-13
161.296875,1.377702199e-13,1.414112504e-13,9.083867898e-13,1.12993682e-13,1.319008879e-13,4.284300008e-13,1.099986772e-13,1.029646707e-13,7.445395174e-14,2.731412889e-13,3.431638554e-13,1.173695843e-13,1.203090275e-13,1.125491123e-13,3.056604506e-13,4.477257264e-13,2.832209214e-13,2.060841287e-13,1.276087792e-13,4.298738488e-13,1.265299997e-13,6.456326938e-14,8.840978486e-14,4.002275442e-14,6.833341211e-14,1.008861087e-13,1.962790886e-13,2.126837938e-13,3.349650688e-13,3.512058353e-14,4.052791981e-13,1.251565509e-13
161.3046875,1.374184552e-13,1.402014579e-13,9.183627502e-13,1.133114317e-13,1.316686446e-13,4.302385264e-13,1.120434355e-13,1.037216935e-13,7.500374713e-14,2.723015328e-13,3.452880415e-13,1.183898582e-13,1.197477534e-13,1.134121602e-13,3.116775031e-13,4.509246486e-13,2.789574333e-13,2.05817252e-13,1.268223449e-13,4.206705859e-13,1.253491061e-13,6.463281885e-14,8.903204102e-14,4.061623979e-14,6.842850584e-14,1.000142571e-13,1.926010146e-13,2.122205484e-13,3.330027296e-13,3.594661673e-14,4.098188725e-13,1.268055935e-13
161.3125,1.371126637e-13,1.39218432e-13,9.287430082e-13,1.136038767e-13,1.315818884e-13,4.319349078e-13,1.140931943e-13,1.045039549e-13,7.560425586e-14,2.715210016e-13,3.477085898e-13,1.195201258e-13,1.192080305e-13,1.143111086e-13,3.176917113e-13,4.542463556e-13,2.74859092e-13,2.057115729e-13,1.261379672e-13,4.115229189e-13,1.241662783e-13,6.473466905e-14,8.969040546e-14,4.120442873e-14,6.855010283e-14,9.917307777e-14,1.891123624e-13,2.118847162e-13,3.313984759e-13,3.68385078e-14,4.145554151e-13,1.284901593e-13
161.3203125,1.368965058e-13,1.381428793e-13,9.39544099e-13,1.140090049e-13,1.316511635e-13,4.338006413e-13,1.161529832e-13,1.052779127e-13,7.623939138e-14,2.708019352e-13,3.504264703e-13,1.207394787e-13,1.187725325e-13,1.15281158e-13,3.238802726e-13,4.577734527e-13,2.710111223e-13,2.058763477e-13,1.255396861e-13,4.02459169e-13,1.230362867e-13,6.489539449e-14,9.046355585e-14,4.178881267e-14,6.873722044e-14,9.839450666e-14,1.858719471e-13,2.116823044e-13,3.302920631e-13,3.778368394e-14,4.19655488e-13,1.302307901e-13
161.328125,1.366814774e-13,1.369399829e-13,9.507334266e-13,1.144622226e-13,1.317488279e-13,4.357632045e-13,1.182780504e-13,1.060124319e-13,7.682997856e-14,2.700289622e-13,3.533232646e-13,1.219824203e-13,1.184463926e-13,1.162878535e-13,3.303541669e-13,4.61597171e-13,2.675466616e-13,2.063833432e-13,1.250359602e-13,3.93704012e-13,1.219521962e-13,6.504478329e-14,9.131171843e-14,4.23612422e-14,6.902358662e-14,9.76165697e-14,1.828200275e-13,2.114780214e-13,3.295464849e-13,3.873932114e-14,4.248826099e-13,1.319643005e-13
161.3359375,1.364639467e-13,1.358544248e-13,9.619566767e-13,1.148365065e-13,1.318425736e-13,4.374192547e-13,1.204406559e-13,1.067481633e-13,7.739555398e-14,2.691491744e-13,3.563619889e-13,1.232225947e-13,1.180929049e-13,1.172612616e-13,3.368472086e-13,4.655571058e-13,2.643286874e-13,2.070323906e-13,1.24571349e-13,3.851450939e-13,1.209424014e-13,6.514714653e-14,9.216943563e-14,4.294531959e-14,6.936545259e-14,9.684121603e-14,1.798530473e-13,2.112230562e-13,3.289608391e-13,3.97148295e-14,4.299369385e-13,1.336761948e-13
161.34375,1.36351239e-13,1.348492065e-13,9.732383785e-13,1.151885972e-13,1.320361018e-13,4.389002841e-13,1.225844969e-13,1.075385577e-13,7.803473397e-14,2.683517471e-13,3.596385378e-13,1.245523763e-13,1.177188806e-13,1.182858578e-13,3.431559093e-13,4.694129514e-13,2.612798644e-13,2.077437857e-13,1.241115311e-13,3.765692327e-13,1.199880846e-13,6.527617458e-14,9.305608119e-14,4.359768789e-14,6.970998491e-14,9.612095787e-14,1.769773172e-13,2.111077968e-13,3.286075702e-13,4.07518066e-14,4.350418317e-13,1.353940363e-13
161.3515625,1.363355892e-13,1.338759679e-13,9.850751777e-13,1.155609717e-13,1.324163074e-13,4.405536117e-13,1.247397409e-13,1.083565725e-13,7.873360351e-14,2.676475292e-13,3.632031858e-13,1.260264928e-13,1.174572854e-13,1.19499584e-13,3.494935297e-13,4.732606827e-13,2.585686972e-13,2.087896161e-13,1.237289371e-13,3.680465902e-13,1.190317559e-13,6.546291049e-14,9.399177106e-14,4.429332337e-14,7.008100447e-14,9.543528543e-14,1.74267092e-13,2.111580591e-13,3.286060204e-13,4.182806985e-14,4.404877104e-13,1.371122171e-13
161.359375,1.36280972e-13,1.329816937e-13,9.971060421e-13,1.159391912e-13,1.328794233e-13,4.420439991e-13,1.269074145e-13,1.091447031e-13,7.938848212e-14,2.668161254e-13,3.669925922e-13,1.274958978e-13,1.172660197e-13,1.207667667e-13,3.559393683e-13,4.772416514e-13,2.561165203e-13,2.101778124e-13,1.234054285e-13,3.597374174e-13,1.181331739e-13,6.562627547e-14,9.494320989e-14,4.495978411e-14,7.050402575e-14,9.477475e-14,1.717390901e-13,2.111139203e-13,3.28870366e-13,4.291657705e-14,4.459689975e-13,1.38834943e-13
161.3671875,1.361811034e-13,1.320692913e-13,1.00856863e-12,1.163518647e-13,1.332457088e-13,4.430538022e-13,1.290175137e-13,1.098928078e-13,7.99879029e-14,2.659421817e-13,3.709134601e-13,1.288568704e-13,1.17056366e-13,1.218560275e-13,3.621762106e-13,4.811798709e-13,2.53679135e-13,2.115712217e-13,1.230566062e-13,3.517093346e-13,1.173146218e-13,6.573043848e-14,9.590349758e-14,4.562883863e-14,7.094897471e-14,9.415653098e-14,1.693311423e-13,2.109910504e-13,3.292402975e-13,4.404768879e-14,4.511501222e-13,1.405615762e-13
161.375,1.361345354e-13,1.311564051e-13,1.019979012e-12,1.168225415e-13,1.33568435e-13,4.439386749e-13,1.310563231e-13,1.106767885e-13,8.06289131e-14,2.652706631e-13,3.749539054e-13,1.302657932e-13,1.16876925e-13,1.228340692e-13,3.681423953e-13,4.850426545e-13,2.513554065e-13,2.129651347e-13,1.227642239e-13,3.439165732e-13,1.164922103e-13,6.584476173e-14,9.691423216e-14,4.636546651e-14,7.139704742e-14,9.354937456e-14,1.670007525e-13,2.110906163e-13,3.296764715e-13,4.52433895e-14,4.562505543e-13,1.422615457e-13
161.3828125,1.360738973e-13,1.30385791e-13,1.032103374e-12,1.173295609e-13,1.340063713e-13,4.448647411e-13,1.330917179e-13,1.115640867e-13,8.134584707e-14,2.64762576e-13,3.792524773e-13,1.318426038e-13,1.167589707e-13,1.238703101e-13,3.741982355e-13,4.89131911e-13,2.493706986e-13,2.146501635e-13,1.226028455e-13,3.36331993e-13,1.156902002e-13,6.599109173e-14,9.796496278e-14,4.712295235e-14,7.18801712e-14,9.297580058e-14,1.648346947e-13,2.114616974e-13,3.30390486e-13,4.650236957e-14,4.614841931e-13,1.439457952e-13
161.390625,1.359627149e-13,1.297059907e-13,1.044407692e-12,1.177512619e-13,1.345557308e-13,4.456437912e-13,1.351927889e-13,1.124458425e-13,8.205508382e-14,2.642521288e-13,3.838879913e-13,1.334902386e-13,1.166886887e-13,1.24990078e-13,3.805019988e-13,4.935388774e-13,2.478008199e-13,2.167175569e-13,1.224767941e-13,3.289836819e-13,1.149505147e-13,6.612386499e-14,9.898732829e-14,4.786624213e-14,7.244259673e-14,9.249589992e-14,1.629406879e-13,2.119172896e-13,3.316111962e-13,4.779617059e-14,4.667809716e-13,1.456212066e-13
161.3984375,1.360129571e-13,1.289981023e-13,1.056377983e-12,1.180411165e-13,1.352172272e-13,4.46433981e-13,1.373458417e-13,1.131989908e-13,8.270072179e-14,2.636069276e-13,3.887101237e-13,1.351376755e-13,1.166734843e-13,1.262413636e-13,3.869399495e-13,4.981609346e-13,2.466995834e-13,2.191330024e-13,1.223591217e-13,3.217314728e-13,1.142109396e-13,6.625687991e-14,9.999258511e-14,4.865695605e-14,7.307823457e-14,9.2052631e-14,1.612570214e-13,2.122640378e-13,3.331463358e-13,4.906865551e-14,4.72189206e-13,1.472305008e-13
161.40625,1.362461379e-13,1.282866782e-13,1.068566715e-12,1.184378172e-13,1.36035755e-13,4.473759063e-13,1.394789654e-13,1.139039132e-13,8.330070615e-14,2.627946899e-13,3.936974408e-13,1.368168477e-13,1.166985007e-13,1.276500898e-13,3.93452442e-13,5.030149377e-13,2.460062889e-13,2.218949402e-13,1.223307838e-13,3.145545071e-13,1.134788227e-13,6.641438643e-14,1.010470018e-13,4.946159998e-14,7.373195459e-14,9.157719395e-14,1.596900666e-13,2.124712844e-13,3.347542193e-13,5.035246724e-14,4.777346316e-13,1.487674513e-13
161.4140625,1.364321982e-13,1.277376363e-13,1.081215668e-12,1.190710224e-13,1.368736947e-13,4.48170832e-13,1.415913718e-13,1.146133214e-13,8.38758826e-14,2.620290866e-13,3.990108165e-13,1.385217159e-13,1.167383988e-13,1.290673511e-13,3.998538823e-13,5.078786798e-13,2.455344113e-13,2.248553812e-13,1.223824507e-13,3.077683254e-13,1.1277038e-13,6.655490935e-14,1.021171583e-13,5.018462836e-14,7.437972118e-14,9.108371504e-14,1.582634072e-13,2.128570363e-13,3.366311039e-13,5.172718504e-14,4.83202346e-13,1.502882634e-13
161.421875,1.366578526e-13,1.274285893e-13,1.09372509e-12,1.197204843e-13,1.376217208e-13,4.48687066e-13,1.437235232e-13,1.152626854e-13,8.448347302e-14,2.614687129e-13,4.045262338e-13,1.40233833e-13,1.167375419e-13,1.304314321e-13,4.058922793e-13,5.123996452e-13,2.452423699e-13,2.27785713e-13,1.224634527e-13,3.01304987e-13,1.120259536e-13,6.668272062e-14,1.031394052e-13,5.092336491e-14,7.502724075e-14,9.056115303e-14,1.569302608e-13,2.136272157e-13,3.388156015e-13,5.314576916e-14,4.885345443e-13,1.518014038e-13
161.4296875,1.370851585e-13,1.271059063e-13,1.105956755e-12,1.202395909e-13,1.38450183e-13,4.491551772e-13,1.458698529e-13,1.159318407e-13,8.518530609e-14,2.609732013e-13,4.101118859e-13,1.420079023e-13,1.166732749e-13,1.318767256e-13,4.117511885e-13,5.168393741e-13,2.451857236e-13,2.30752047e-13,1.226037969e-13,2.94802756e-13,1.11323701e-13,6.685830842e-14,1.041365248e-13,5.180299484e-14,7.566677873e-14,9.002506039e-14,1.556050679e-13,2.145140058e-13,3.410338812e-13,5.45489649e-14,4.939356084e-13,1.53284205e-13
161.4375,1.374183812e-13,1.265900306e-13,1.118458589e-12,1.206395638e-13,1.394832111e-13,4.496604985e-13,1.480579402e-13,1.167012481e-13,8.590825457e-14,2.604384879e-13,4.160178329e-13,1.438989323e-13,1.16723553e-13,1.33420827e-13,4.177854646e-13,5.216818302e-13,2.453351379e-13,2.3406105e-13,1.228513497e-13,2.884857592e-13,1.107551553e-13,6.70624512e-14,1.051197358e-13,5.271082627e-14,7.633164613e-14,8.95562621e-14,1.544123722e-13,2.15358722e-13,3.434607167e-13,5.597766958e-14,4.995049423e-13,1.547051085e-13
161.4453125,1.374998044e-13,1.260902768e-13,1.131314013e-12,1.209327239e-13,1.406006377e-13,4.500862074e-13,1.503086122e-13,1.174112752e-13,8.653021148e-14,2.598951869e-13,4.222686717e-13,1.458526241e-13,1.170006739e-13,1.349665726e-13,4.239132904e-13,5.26776701e-13,2.456780802e-13,2.377694566e-13,1.231837996e-13,2.826039721e-13,1.101742391e-13,6.723909406e-14,1.060513775e-13,5.352042252e-14,7.705827622e-14,8.913631274e-14,1.535086459e-13,2.162613858e-13,3.463753281e-13,5.742055852e-14,5.051567947e-13,1.560408169e-13
161.453125,1.377337645e-13,1.257224569e-13,1.144029922e-12,1.212415044e-13,1.417026982e-13,4.504224814e-13,1.525426241e-13,1.179506181e-13,8.706274242e-14,2.593389656e-13,4.285693878e-13,1.477718509e-13,1.172755963e-13,1.365483007e-13,4.298669781e-13,5.317503644e-13,2.462783236e-13,2.416319492e-13,1.235465362e-13,2.768303736e-13,1.094907172e-13,6.741177922e-14,1.069243058e-13,5.428296958e-14,7.778211162e-14,8.868883587e-14,1.528357058e-13,2.172169532e-13,3.49489812e-13,5.88400021e-14,5.107933004e-13,1.573591235e-13
161.4609375,1.382805048e-13,1.254699329e-13,1.156434446e-12,1.216129026e-13,1.42770294e-13,4.507255365e-13,1.547472943e-13,1.184120854e-13,8.757710638e-14,2.588119463e-13,4.34976024e-13,1.496631309e-13,1.173968251e-13,1.381774975e-13,4.35626111e-13,5.36631192e-13,2.47152551e-13,2.455277161e-13,1.239474976e-13,2.710748958e-13,1.088309126e-13,6.760797994e-14,1.077438305e-13,5.504947271e-14,7.846258266e-14,8.823718323e-14,1.522919165e-13,2.183225798e-13,3.526257134e-13,6.028886588e-14,5.163732532e-13,1.587132267e-13
161.46875,1.387724321e-13,1.25430228e-13,1.168758231e-12,1.218771757e-13,1.437536187e-13,4.508723246e-13,1.569910799e-13,1.188477926e-13,8.806907826e-14,2.583577535e-13,4.416794958e-13,1.515748071e-13,1.175228385e-13,1.397067941e-13,4.412670993e-13,5.415740376e-13,2.482489724e-13,2.495690447e-13,1.244202507e-13,2.655240726e-13,1.082250136e-13,6.777527055e-14,1.085178691e-13,5.58102735e-14,7.91764448e-14,8.781674696e-14,1.518724402e-13,2.196781363e-13,3.560212463e-13,6.179283577e-14,5.218613661e-13,1.600077587e-13
161.4765625,1.391055172e-13,1.254549518e-13,1.181172863e-12,1.219760144e-13,1.447062962e-13,4.507491479e-13,1.592237341e-13,1.192397548e-13,8.852302454e-14,2.579248911e-13,4.48638394e-13,1.534900277e-13,1.177179591e-13,1.411377953e-13,4.46792566e-13,5.465421537e-13,2.49570629e-13,2.53849963e-13,1.249419259e-13,2.600487413e-13,1.075999798e-13,6.788855605e-14,1.092688928e-13,5.657998606e-14,7.994181693e-14,8.740019356e-14,1.515748977e-13,2.210772631e-13,3.596815714e-13,6.331907613e-14,5.272582292e-13,1.611878898e-13
161.484375,1.395241851e-13,1.253364115e-13,1.1937979e-12,1.220256648e-13,1.457850849e-13,4.505662454e-13,1.613940567e-13,1.196002443e-13,8.898503785e-14,2.575116081e-13,4.558459602e-13,1.554213916e-13,1.178855607e-13,1.426673153e-13,4.522166885e-13,5.514211449e-13,2.51139845e-13,2.583252092e-13,1.254891642e-13,2.546528971e-13,1.069902682e-13,6.8026856e-14,1.099866577e-13,5.736723491e-14,8.069214841e-14,8.697559516e-14,1.513630672e-13,2.224739426e-13,3.634901681e-13,6.485961408e-14,5.327357114e-13,1.623452753e-13
161.4921875,1.399858198e-13,1.252703334e-13,1.206648751e-12,1.221224975e-13,1.469781361e-13,4.50460633e-13,1.635753628e-13,1.199309326e-13,8.946912416e-14,2.571465511e-13,4.632301553e-13,1.574132824e-13,1.180278427e-13,1.443100639e-13,4.575807528e-13,5.562115313e-13,2.528525736e-13,2.629340713e-13,1.260465074e-13,2.495523801e-13,1.064377731e-13,6.822926316e-14,1.106764168e-13,5.814505461e-14,8.144473171e-14,8.65542067e-14,1.512362442e-13,2.240336245e-13,3.675343275e-13,6.640047081e-14,5.384158078e-13,1.635070629e-13
161.5,1.403472878e-13,1.253735164e-13,1.219510813e-12,1.222948905e-13,1.481795745e-13,4.502365653e-13,1.657845235e-13,1.202384302e-13,8.991572284e-14,2.568130973e-13,4.706405742e-13,1.594394602e-13,1.181956075e-13,1.459548072e-13,4.628688006e-13,5.610121543e-13,2.54685506e-13,2.677721077e-13,1.265857033e-13,2.44656976e-13,1.059005441e-13,6.841976119e-14,1.11379004e-13,5.888700031e-14,8.225148406e-14,8.613238195e-14,1.512634332e-13,2.257015212e-13,3.717851577e-13,6.79380749e-14,5.440853837e-13,1.645975537e-13
161.5078125,1.408034521e-13,1.255582888e-13,1.232259242e-12,1.224442158e-13,1.494675249e-13,4.499460169e-13,1.679849867e-13,1.205217159e-13,9.032018705e-14,2.56528156e-13,4.781724937e-13,1.61485415e-13,1.183935044e-13,1.476716081e-13,4.680212146e-13,5.65795604e-13,2.568362334e-13,2.729428987e-13,1.271598461e-13,2.39918713e-13,1.053468611e-13,6.858150915e-14,1.120415713e-13,5.960101761e-14,8.30743369e-14,8.570550234e-14,1.514773461e-13,2.274582793e-13,3.761115966e-13,6.947958829e-14,5.495914747e-13,1.656057819e-13
161.515625,1.41435353e-13,1.25939819e-13,1.244829757e-12,1.224815499e-13,1.5091584e-13,4.497690217e-13,1.701961689e-13,1.207128842e-13,9.072592281e-14,2.562723751e-13,4.858272817e-13,1.635552631e-13,1.186040778e-13,1.494885326e-13,4.730104077e-13,5.704319596e-13,2.592635742e-13,2.78276528e-13,1.278057003e-13,2.355082625e-13,1.047743618e-13,6.877691403e-14,1.125856648e-13,6.032787419e-14,8.386430862e-14,8.529525962e-14,1.51798927e-13,2.293310331e-13,3.804711005e-13,7.098624444e-14,5.550522987e-13,1.665747082e-13
161.5234375,1.420000403e-13,1.264858837e-13,1.257002815e-12,1.224654071e-13,1.523803002e-13,4.493820631e-13,1.723858656e-13,1.208069289e-13,9.109580475e-14,2.560202158e-13,4.934365727e-13,1.655824194e-13,1.187818022e-13,1.512237543e-13,4.777686191e-13,5.748770366e-13,2.61648724e-13,2.835726293e-13,1.284256305e-13,2.313237827e-13,1.041889953e-13,6.896345081e-14,1.130686329e-13,6.107032855e-14,8.463681313e-14,8.492683754e-14,1.521720462e-13,2.311579809e-13,3.847840281e-13,7.248639469e-14,5.604104263e-13,1.675015264e-13
161.53125,1.425307611e-13,1.269406598e-13,1.268990736e-12,1.223864183e-13,1.537990691e-13,4.486264649e-13,1.744888483e-13,1.208987994e-13,9.141853987e-14,2.558721754e-13,5.011876084e-13,1.67597038e-13,1.189429521e-13,1.528766843e-13,4.821890631e-13,5.790813682e-13,2.640514468e-13,2.889435762e-13,1.29052484e-13,2.271519018e-13,1.036078436e-13,6.909490937e-14,1.135453984e-13,6.179327686e-14,8.541349504e-14,8.45673304e-14,1.526189958e-13,2.330220608e-13,3.891444088e-13,7.405806653e-14,5.656434395e-13,1.683594055e-13
161.5390625,1.432587412e-13,1.273390448e-13,1.28129543e-12,1.22236784e-13,1.552958662e-13,4.479485003e-13,1.765284412e-13,1.209849289e-13,9.177226383e-14,2.558345026e-13,5.092032069e-13,1.697303659e-13,1.191688912e-13,1.546523791e-13,4.863916724e-13,5.830663136e-13,2.667920197e-13,2.945453246e-13,1.298517928e-13,2.230318971e-13,1.030340794e-13,6.926921882e-14,1.139751779e-13,6.251058664e-14,8.618725642e-14,8.418284495e-14,1.531485347e-13,2.350946428e-13,3.938632404e-13,7.562162269e-14,5.710810924e-13,1.691474508e-13
161.546875,1.440340833e-13,1.278168585e-13,1.293526803e-12,1.221874024e-13,1.568614586e-13,4.473993295e-13,1.7854435e-13,1.20995074e-13,9.210925154e-14,2.557785171e-13,5.171584942e-13,1.718918086e-13,1.19416244e-13,1.565057406e-13,4.906357539e-13,5.871022163e-13,2.698190868e-13,3.003181795e-13,1.307190055e-13,2.191397314e-13,1.024581856e-13,6.949599636e-14,1.14362626e-13,6.324972894e-14,8.695049824e-14,8.381067861e-14,1.537615743e-13,2.3711821e-13,3.98854142e-13,7.708257534e-14,5.766116043e-13,1.698665896e-13
161.5546875,1.446736638e-13,1.283692933e-13,1.305092663e-12,1.222038111e-13,1.584047024e-13,4.466254429e-13,1.805499594e-13,1.209699209e-13,9.231785689e-14,2.557345515e-13,5.250549132e-13,1.738939146e-13,1.195742193e-13,1.582427673e-13,4.948799535e-13,5.913288167e-13,2.729737222e-13,3.061838891e-13,1.314496162e-13,2.156651241e-13,1.01870257e-13,6.964335131e-14,1.147125022e-13,6.400698527e-14,8.77034837e-14,8.344068592e-14,1.544377592e-13,2.389981368e-13,4.037033617e-13,7.85216621e-14,5.816640956e-13,1.704889913e-13
161.5625,1.453569984e-13,1.290301067e-13,1.316568812e-12,1.219950072e-13,1.599747112e-13,4.457454301e-13,1.825431368e-13,1.20962295e-13,9.24940659e-14,2.557522098e-13,5.332586527e-13,1.758501171e-13,1.196842613e-13,1.599243646e-13,4.988848204e-13,5.95524721e-13,2.763377647e-13,3.121177236e-13,1.32162133e-13,2.12563101e-13,1.012647133e-13,6.974173177e-14,1.149336206e-13,6.480320717e-14,8.843027585e-14,8.301570739e-14,1.551539438e-13,2.410372286e-13,4.084302416e-13,7.999116302e-14,5.864481852e-13,1.710091699e-13
161.5703125,1.461717157e-13,1.297552698e-13,1.328406485e-12,1.21575968e-13,1.615716593e-13,4.449337459e-13,1.844642738e-13,1.20940431e-13,9.276289177e-14,2.557379837e-13,5.4171444e-13,1.779754708e-13,1.198380226e-13,1.617023248e-13,5.025835529e-13,5.994867128e-13,2.798331138e-13,3.180301545e-13,1.330328121e-13,2.095212813e-13,1.006630276e-13,6.992446421e-14,1.149911754e-13,6.562928011e-14,8.910372667e-14,8.257738366e-14,1.559871108e-13,2.432792186e-13,4.133135441e-13,8.144566386e-14,5.916579418e-13,1.714703994e-13
161.578125,1.470002296e-13,1.304886391e-13,1.33986241e-12,1.212187466e-13,1.630958495e-13,4.440241035e-13,1.862907343e-13,1.208789208e-13,9.303884977e-14,2.557262947e-13,5.501082895e-13,1.801989419e-13,1.199951325e-13,1.635447933e-13,5.059873356e-13,6.031542686e-13,2.83201636e-13,3.238488109e-13,1.33987101e-13,2.065052622e-13,1.000671763e-13,7.015260177e-14,1.149508196e-13,6.639402939e-14,8.972090012e-14,8.21374554e-14,1.569170783e-13,2.456050118e-13,4.182247629e-13,8.288598289e-14,5.971280506e-13,1.718787496e-13
161.5859375,1.478384188e-13,1.313482853e-13,1.3505014e-12,1.209193747e-13,1.64543496e-13,4.429808429e-13,1.88068946e-13,1.207441017e-13,9.323786039e-14,2.558226226e-13,5.58328863e-13,1.823162581e-13,1.200712295e-13,1.65334422e-13,5.090198549e-13,6.064704193e-13,2.864583601e-13,3.296108755e-13,1.34912278e-13,2.037442934e-13,9.941863011e-14,7.033503131e-14,1.148377346e-13,6.707697678e-14,9.0289503e-14,8.161831849e-14,1.57735967e-13,2.480266277e-13,4.229033671e-13,8.429980312e-14,6.021968921e-13,1.721959656e-13
161.59375,1.486877418e-13,1.323458467e-13,1.360573001e-12,1.204979427e-13,1.658855958e-13,4.417516122e-13,1.897636604e-13,1.204903809e-13,9.342072668e-14,2.559523594e-13,5.663309526e-13,1.842975149e-13,1.200422606e-13,1.669765928e-13,5.115878533e-13,6.094135324e-13,2.897378435e-13,3.353105198e-13,1.357790358e-13,2.011830925e-13,9.87041175e-14,7.049179468e-14,1.146494727e-13,6.778123332e-14,9.079554121e-14,8.108122649e-14,1.584628429e-13,2.505106985e-13,4.274336205e-13,8.563746641e-14,6.067470358e-13,1.724339857e-13
161.6015625,1.495423393e-13,1.334314395e-13,1.369996729e-12,1.200386762e-13,1.670633626e-13,4.401997322e-13,1.913254476e-13,1.201721722e-13,9.362420494e-14,2.560488298e-13,5.741059923e-13,1.862448466e-13,1.199200282e-13,1.684724449e-13,5.136996612e-13,6.119756097e-13,2.929800416e-13,3.408252787e-13,1.36576126e-13,1.986346349e-13,9.799017933e-14,7.065140649e-14,1.14401668e-13,6.855123426e-14,9.123337203e-14,8.060630643e-14,1.593010828e-13,2.530849544e-13,4.318915726e-13,8.691946008e-14,6.110689597e-13,1.726184026e-13
161.609375,1.505178734e-13,1.34679734e-13,1.378865586e-12,1.196665393e-13,1.682718784e-13,4.385683514e-13,1.928082594e-13,1.198535951e-13,9.380100273e-14,2.561707344e-13,5.818006498e-13,1.881984639e-13,1.197669945e-13,1.699851187e-13,5.155325269e-13,6.141993507e-13,2.961751742e-13,3.461871919e-13,1.373726235e-13,1.961407069e-13,9.72938998e-14,7.081158542e-14,1.140641781e-13,6.930819679e-14,9.163100131e-14,8.008798388e-14,1.601823945e-13,2.557926681e-13,4.361363944e-13,8.820029562e-14,6.153926752e-13,1.727103501e-13
161.6171875,1.515543082e-13,1.359509884e-13,1.387675146e-12,1.190931233e-13,1.697023724e-13,4.370458008e-13,1.942175466e-13,1.194897777e-13,9.392487617e-14,2.563292588e-13,5.895704931e-13,1.901159418e-13,1.196759468e-13,1.716112397e-13,5.17209768e-13,6.162355085e-13,2.994655605e-13,3.5164122e-13,1.382715092e-13,1.938334804e-13,9.65821379e-14,7.09768456e-14,1.136048653e-13,7.00066931e-14,9.201491907e-14,7.951874515e-14,1.610047964e-13,2.584915584e-13,4.402533529e-13,8.950459874e-14,6.197533568e-13,1.726731892e-13
161.625,1.524552802e-13,1.370496695e-13,1.396329243e-12,1.181286515e-13,1.711554835e-13,4.354379844e-13,1.955050984e-13,1.190591443e-13,9.401450716e-14,2.564671421e-13,5.973926422e-13,1.919597672e-13,1.196327132e-13,1.73218762e-13,5.186560638e-13,6.18162019e-13,3.028539367e-13,3.571992095e-13,1.392254472e-13,1.918134639e-13,9.587069156e-14,7.113405652e-14,1.130726952e-13,7.069660216e-14,9.238319508e-14,7.903594149e-14,1.619052848e-13,2.611294266e-13,4.444499305e-13,9.08100868e-14,6.239939718e-13,1.725445166e-13
161.6328125,1.533499882e-13,1.3816397e-13,1.404469598e-12,1.172176927e-13,1.724171715e-13,4.337998279e-13,1.967240317e-13,1.185926029e-13,9.406992443e-14,2.565543723e-13,6.051179307e-13,1.937101185e-13,1.195323803e-13,1.747283264e-13,5.199327988e-13,6.199968288e-13,3.062570729e-13,3.626243024e-13,1.400999214e-13,1.90132768e-13,9.517841876e-14,7.12785175e-14,1.125149544e-13,7.139753492e-14,9.271796913e-14,7.859790568e-14,1.629094768e-13,2.637508717e-13,4.485682687e-13,9.204101079e-14,6.280325336e-13,1.724067684e-13
161.640625,1.544402792e-13,1.39429987e-13,1.412244503e-12,1.166094594e-13,1.735735138e-13,4.322368081e-13,1.979105167e-13,1.180744121e-13,9.408344738e-14,2.566582657e-13,6.127526228e-13,1.953941298e-13,1.193608385e-13,1.762236417e-13,5.211422957e-13,6.217592032e-13,3.097518182e-13,3.679694331e-13,1.409165314e-13,1.887176882e-13,9.447766013e-14,7.143353779e-14,1.11908342e-13,7.208034051e-14,9.301084014e-14,7.812407499e-14,1.63914077e-13,2.663609441e-13,4.524588128e-13,9.320052175e-14,6.319877664e-13,1.723061507e-13
161.6484375,1.555975405e-13,1.407096865e-13,1.419820605e-12,1.158837984e-13,1.747092236e-13,4.304540073e-13,1.989687309e-13,1.175165817e-13,9.41115725e-14,2.568579969e-13,6.204790848e-13,1.971277933e-13,1.191890666e-13,1.777041822e-13,5.219633605e-13,6.232202735e-13,3.134296036e-13,3.734470813e-13,1.418369795e-13,1.874578184e-13,9.37613327e-14,7.160578611e-14,1.112275758e-13,7.277719444e-14,9.326989953e-14,7.769359755e-14,1.64955712e-13,2.691780164e-13,4.563447404e-13,9.439312667e-14,6.359363151e-13,1.721802105e-13
161.65625,1.56733249e-13,1.420262506e-13,1.427107016e-12,1.149066871e-13,1.758415964e-13,4.284376844e-13,1.99826294e-13,1.169610005e-13,9.419959461e-14,2.570166461e-13,6.282297233e-13,1.989451363e-13,1.190363307e-13,1.791226931e-13,5.221290483e-13,6.24118615e-13,3.172371757e-13,3.78901138e-13,1.428915701e-13,1.863338307e-13,9.305553734e-14,7.179431076e-14,1.104698995e-13,7.352556771e-14,9.348627822e-14,7.728584811e-14,1.660545082e-13,2.722769489e-13,4.602742111e-13,9.56011566e-14,6.398735761e-13,1.719078923e-13
161.6640625,1.579644241e-13,1.434421162e-13,1.433982142e-12,1.140274752e-13,1.770613306e-13,4.264991187e-13,2.005263656e-13,1.163822073e-13,9.428076334e-14,2.56990946e-13,6.356971801e-13,2.006942155e-13,1.188697407e-13,1.805486755e-13,5.219633229e-13,6.246165462e-13,3.210784701e-13,3.840666032e-13,1.439296699e-13,1.85349219e-13,9.237766893e-14,7.199635706e-14,1.09617893e-13,7.428445082e-14,9.362291887e-14,7.677245391e-14,1.671303171e-13,2.752560685e-13,4.639685727e-13,9.671752967e-14,6.437823705e-13,1.714366347e-13
161.671875,1.592445349e-13,1.448153526e-13,1.440296295e-12,1.132600611e-13,1.783233264e-13,4.245137958e-13,2.011433018e-13,1.157916875e-13,9.430911027e-14,2.570091455e-13,6.428679432e-13,2.023013038e-13,1.186437217e-13,1.819827149e-13,5.217435648e-13,6.249493405e-13,3.248466122e-13,3.889973549e-13,1.448709668e-13,1.844182695e-13,9.173025091e-14,7.218083891e-14,1.086653104e-13,7.503686486e-14,9.367299433e-14,7.619046527e-14,1.681739625e-13,2.780280472e-13,4.673171648e-13,9.778561633e-14,6.4752498e-13,1.70810397e-13
161.6796875,1.604471449e-13,1.461736741e-13,1.445965213e-12,1.123735536e-13,1.79427909e-13,4.222444917e-13,2.016801523e-13,1.152522711e-13,9.435336543e-14,2.572824006e-13,6.499213217e-13,2.038826745e-13,1.183253734e-13,1.832884213e-13,5.212792193e-13,6.250531885e-13,3.28475598e-13,3.938281883e-13,1.457918621e-13,1.835055528e-13,9.107532905e-14,7.23432977e-14,1.076334054e-13,7.580609207e-14,9.367797909e-14,7.564502486e-14,1.692219415e-13,2.809713601e-13,4.704121685e-13,9.887747331e-14,6.509995434e-13,1.701183817e-13
161.6875,1.616619421e-13,1.477937013e-13,1.450921351e-12,1.113800512e-13,1.80367474e-13,4.198209874e-13,2.020634348e-13,1.147148584e-13,9.44524399e-14,2.575989054e-13,6.56754706e-13,2.054819507e-13,1.179341776e-13,1.844562441e-13,5.203708601e-13,6.248062382e-13,3.320505042e-13,3.984915614e-13,1.467575409e-13,1.828320056e-13,9.035232592e-14,7.25299952e-14,1.065293163e-13,7.656131372e-14,9.364530552e-14,7.512410511e-14,1.702775989e-13,2.841164577e-13,4.733801639e-13,9.990600944e-14,6.543260774e-13,1.694191008e-13
161.6953125,1.629741532e-13,1.497648793e-13,1.455149908e-12,1.103609758e-13,1.812889535e-13,4.173686542e-13,2.022851584e-13,1.141052862e-13,9.456216227e-14,2.577917612e-13,6.632450273e-13,2.070166418e-13,1.174901685e-13,1.855974199e-13,5.189561544e-13,6.240440026e-13,3.356152802e-13,4.028135344e-13,1.477431725e-13,1.825470721e-13,8.956926618e-14,7.274724188e-14,1.053520748e-13,7.72712504e-14,9.352262268e-14,7.458581293e-14,1.713070282e-13,2.872805055e-13,4.762926238e-13,1.008258544e-13,6.575583064e-13,1.686748994e-13
161.703125,1.642722174e-13,1.518152656e-13,1.458951717e-12,1.092924466e-13,1.821798541e-13,4.148966255e-13,2.024140997e-13,1.134408745e-13,9.463308156e-14,2.57959812e-13,6.695421372e-13,2.084525208e-13,1.169975411e-13,1.86692296e-13,5.169907041e-13,6.225851633e-13,3.390444517e-13,4.06741753e-13,1.486885648e-13,1.823837506e-13,8.877823692e-14,7.294732066e-14,1.041206632e-13,7.795532059e-14,9.329620045e-14,7.403770903e-14,1.722644181e-13,2.904361001e-13,4.789909713e-13,1.017373923e-13,6.605695453e-13,1.678285614e-13
161.7109375,1.655065326e-13,1.535730435e-13,1.462404278e-12,1.081255014e-13,1.829563231e-13,4.123704752e-13,2.024043616e-13,1.127151886e-13,9.461803068e-14,2.580461446e-13,6.756595066e-13,2.097956325e-13,1.16517019e-13,1.87674082e-13,5.146229269e-13,6.20654107e-13,3.423449751e-13,4.104721444e-13,1.495549022e-13,1.82141008e-13,8.799087682e-14,7.31054904e-14,1.028477282e-13,7.863669741e-14,9.301709593e-14,7.350426212e-14,1.73202273e-13,2.933687214e-13,4.813906151e-13,1.026490174e-13,6.63353182e-13,1.668999793e-13
161.71875,1.667975651e-13,1.550436907e-13,1.465086259e-12,1.068627278e-13,1.836737517e-13,4.096212573e-13,2.021801267e-13,1.119392264e-13,9.451659282e-14,2.57964418e-13,6.814399445e-13,2.11042942e-13,1.160555523e-13,1.886056063e-13,5.121158277e-13,6.187015943e-13,3.456912782e-13,4.142080687e-13,1.503629238e-13,1.820307881e-13,8.721211415e-14,7.322696762e-14,1.015271078e-13,7.934546718e-14,9.270447943e-14,7.299035514e-14,1.741943071e-13,2.959716237e-13,4.836729649e-13,1.034744896e-13,6.659371923e-13,1.659126152e-13
161.7265625,1.682073584e-13,1.566518945e-13,1.466980088e-12,1.055895067e-13,1.843562914e-13,4.066838402e-13,2.018422917e-13,1.112213524e-13,9.442326876e-14,2.579199869e-13,6.869963904e-13,2.122086521e-13,1.154870422e-13,1.89504829e-13,5.094834876e-13,6.167645992e-13,3.490953287e-13,4.17872081e-13,1.511578436e-13,1.822110832e-13,8.645723241e-14,7.333012278e-14,1.001524273e-13,8.008993506e-14,9.233979531e-14,7.248096412e-14,1.75146453e-13,2.986788748e-13,4.857335597e-13,1.042502841e-13,6.681746615e-13,1.648531612e-13
161.734375,1.697048865e-13,1.585152348e-13,1.468460175e-12,1.043408894e-13,1.848973016e-13,4.038707165e-13,2.014546722e-13,1.10568579e-13,9.441180212e-14,2.579820671e-13,6.924625095e-13,2.133136281e-13,1.147888081e-13,1.902897357e-13,5.06539982e-13,6.145591815e-13,3.524762675e-13,4.213352554e-13,1.519462844e-13,1.825916599e-13,8.57150674e-14,7.346013568e-14,9.872125336e-14,8.082666384e-14,9.193175845e-14,7.198134742e-14,1.759676513e-13,3.01690685e-13,4.873958314e-13,1.050262286e-13,6.701176231e-13,1.637414738e-13
161.7421875,1.713004057e-13,1.603117504e-13,1.469658093e-12,1.030808195e-13,1.853646822e-13,4.012191202e-13,2.009176063e-13,1.098598768e-13,9.44421545e-14,2.579105271e-13,6.976779684e-13,2.144173957e-13,1.141104846e-13,1.910539228e-13,5.032651873e-13,6.119542853e-13,3.558710957e-13,4.246443674e-13,1.527259724e-13,1.830979363e-13,8.498558495e-14,7.364033498e-14,9.724358406e-14,8.153619794e-14,9.148195766e-14,7.149567351e-14,1.767588069e-13,3.04615781e-13,4.890231073e-13,1.057299144e-13,6.72124139e-13,1.626008755e-13
161.75,1.729706683e-13,1.621570296e-13,1.470715016e-12,1.018598798e-13,1.859845001e-13,3.985207652e-13,2.002647025e-13,1.090791365e-13,9.444812262e-14,2.57689834e-13,7.02557334e-13,2.15578841e-13,1.135180274e-13,1.919673006e-13,4.998158822e-13,6.089933494e-13,3.592540646e-13,4.277874082e-13,1.535139353e-13,1.83690902e-13,8.427082698e-14,7.382499239e-14,9.573303963e-14,8.221097044e-14,9.097753189e-14,7.099134501e-14,1.776006419e-13,3.073624721e-13,4.907427562e-13,1.063596316e-13,6.742418015e-13,1.614163547e-13
161.7578125,1.746433906e-13,1.64416162e-13,1.471457005e-12,1.006990227e-13,1.866679682e-13,3.95731251e-13,1.99598166e-13,1.082926548e-13,9.443929545e-14,2.575044916e-13,7.071007432e-13,2.167176554e-13,1.12933682e-13,1.929053586e-13,4.961928621e-13,6.057373923e-13,3.624833554e-13,4.306527997e-13,1.54298957e-13,1.843361487e-13,8.35310517e-14,7.397879062e-14,9.418882548e-14,8.282443344e-14,9.044734448e-14,7.047784672e-14,1.784193082e-13,3.102353721e-13,4.921152556e-13,1.069828801e-13,6.761352514e-13,1.601869837e-13
161.765625,1.763673614e-13,1.667106474e-13,1.471287629e-12,9.948230292e-14,1.87099373e-13,3.928638898e-13,1.987897756e-13,1.075215429e-13,9.446948012e-14,2.573228184e-13,7.111978324e-13,2.17744479e-13,1.122846705e-13,1.936393307e-13,4.922899737e-13,6.022951428e-13,3.655771498e-13,4.332620095e-13,1.550457827e-13,1.850639563e-13,8.27694979e-14,7.413011515e-14,9.262489966e-14,8.343878997e-14,8.990090347e-14,7.001208052e-14,1.791855985e-13,3.131847208e-13,4.93222989e-13,1.075445238e-13,6.777053755e-13,1.589201893e-13
161.7734375,1.782018262e-13,1.685957113e-13,1.470522012e-12,9.816029325e-14,1.872794504e-13,3.899386816e-13,1.97757627e-13,1.068021983e-13,9.453275336e-14,2.571090473e-13,7.149574977e-13,2.187192973e-13,1.115611501e-13,1.942010913e-13,4.88249485e-13,5.988438913e-13,3.687326366e-13,4.35698126e-13,1.557468389e-13,1.859274551e-13,8.203365207e-14,7.428554674e-14,9.10591636e-14,8.414662897e-14,8.930575107e-14,6.957347099e-14,1.799783984e-13,3.159897072e-13,4.944485984e-13,1.080136733e-13,6.791349819e-13,1.57608621e-13
161.78125,1.800386525e-13,1.7048878e-13,1.469876838e-12,9.680472294e-14,1.874299393e-13,3.870848725e-13,1.966671265e-13,1.061614152e-13,9.457490975e-14,2.569521112e-13,7.185380606e-13,2.196462388e-13,1.107975785e-13,1.947255391e-13,4.842585798e-13,5.954619436e-13,3.720562731e-13,4.380168366e-13,1.564087301e-13,1.869513684e-13,8.129783631e-14,7.44198862e-14,8.946490292e-14,8.490295402e-14,8.869642052e-14,6.910628713e-14,1.807812802e-13,3.186864172e-13,4.955454369e-13,1.084748463e-13,6.805064718e-13,1.562588792e-13
161.7890625,1.818452872e-13,1.726715658e-13,1.468816663e-12,9.547308971e-14,1.87592426e-13,3.842874732e-13,1.955387915e-13,1.055453876e-13,9.460454392e-14,2.567502222e-13,7.217806012e-13,2.204483057e-13,1.100029877e-13,1.952625195e-13,4.801693795e-13,5.920209224e-13,3.754911996e-13,4.403554412e-13,1.570326061e-13,1.881313413e-13,8.053710476e-14,7.456299591e-14,8.783343755e-14,8.563595161e-14,8.811457226e-14,6.866696259e-14,1.8151953e-13,3.212781711e-13,4.963626144e-13,1.089192606e-13,6.818145103e-13,1.548672183e-13
161.796875,1.838053523e-13,1.748409913e-13,1.466781846e-12,9.416331314e-14,1.876859185e-13,3.813452289e-13,1.942154231e-13,1.04930142e-13,9.466713256e-14,2.563730674e-13,7.247272866e-13,2.212021991e-13,1.091413026e-13,1.958295881e-13,4.757698726e-13,5.883495228e-13,3.790030384e-13,4.42749934e-13,1.576344145e-13,1.895259081e-13,7.980290336e-14,7.474081224e-14,8.621642622e-14,8.636654284e-14,8.749708711e-14,6.833996528e-14,1.823105413e-13,3.237905366e-13,4.972323831e-13,1.093077248e-13,6.830490032e-13,1.534288685e-13
161.8046875,1.85978442e-13,1.770352276e-13,1.464323615e-12,9.284366297e-14,1.87641058e-13,3.782339701e-13,1.927144095e-13,1.043399074e-13,9.474542003e-14,2.559197968e-13,7.275649528e-13,2.219711074e-13,1.082302342e-13,1.963570474e-13,4.710684316e-13,5.843685709e-13,3.826135047e-13,4.449510576e-13,1.582131145e-13,1.912015966e-13,7.908936434e-14,7.489838344e-14,8.462162935e-14,8.709691468e-14,8.680613822e-14,6.806958691e-14,1.832485062e-13,3.264291641e-13,4.980551046e-13,1.096971005e-13,6.841447253e-13,1.519909073e-13
161.8125,1.881654948e-13,1.79377248e-13,1.461731547e-12,9.152447412e-14,1.874623527e-13,3.751557763e-13,1.911285573e-13,1.03744625e-13,9.481779717e-14,2.554494694e-13,7.299850065e-13,2.226571467e-13,1.073436294e-13,1.967771696e-13,4.662004734e-13,5.801238186e-13,3.86210579e-13,4.467790847e-13,1.587420879e-13,1.929811465e-13,7.835760602e-14,7.502187543e-14,8.299590542e-14,8.780451608e-14,8.609587214e-14,6.775842224e-14,1.841262486e-13,3.290870965e-13,4.984945752e-13,1.100517775e-13,6.851207516e-13,1.505582749e-13
161.8203125,1.902935719e-13,1.815906993e-13,1.458807295e-12,9.023689512e-14,1.873169436e-13,3.722751383e-13,1.894455819e-13,1.031445054e-13,9.492768234e-14,2.549595003e-13,7.317744936e-13,2.232813944e-13,1.065093226e-13,1.972324288e-13,4.613853773e-13,5.758604364e-13,3.896688821e-13,4.483688737e-13,1.592480263e-13,1.946949e-13,7.766138922e-14,7.518422191e-14,8.132458896e-14,8.85210738e-14,8.538267834e-14,6.743624768e-14,1.848422369e-13,3.315065426e-13,4.986882269e-13,1.102864031e-13,6.860877393e-13,1.490459421e-13
161.828125,1.925734435e-13,1.837385317e-13,1.455429683e-12,8.899131509e-14,1.872598107e-13,3.69528106e-13,1.87652062e-13,1.026151068e-13,9.510175681e-14,2.545380791e-13,7.331407493e-13,2.23903075e-13,1.056808453e-13,1.9781125e-13,4.566512027e-13,5.717353701e-13,3.931131132e-13,4.498567891e-13,1.597614573e-13,1.965028195e-13,7.700419358e-14,7.538744016e-14,7.963175976e-14,8.925784052e-14,8.464079597e-14,6.715071236e-14,1.855662323e-13,3.338740736e-13,4.98728285e-13,1.104667112e-13,6.869520695e-13,1.474461044e-13
161.8359375,1.950683409e-13,1.860929192e-13,1.451061846e-12,8.785959461e-14,1.870486962e-13,3.666782836e-13,1.857374755e-13,1.02147047e-13,9.529267597e-14,2.541200695e-13,7.339430548e-13,2.243528025e-13,1.047768859e-13,1.982975226e-13,4.516883734e-13,5.675047884e-13,3.966448755e-13,4.512151171e-13,1.602082716e-13,1.984377869e-13,7.62703344e-14,7.554960163e-14,7.794444755e-14,8.997055757e-14,8.386984859e-14,6.686314392e-14,1.862727517e-13,3.363003919e-13,4.983922361e-13,1.106469621e-13,6.874506436e-13,1.458463238e-13
161.84375,1.975369778e-13,1.884340609e-13,1.445516594e-12,8.680879304e-14,1.865989105e-13,3.636753139e-13,1.837316439e-13,1.016658077e-13,9.543975807e-14,2.535635824e-13,7.3411213e-13,2.245624601e-13,1.037920189e-13,1.985651972e-13,4.464990087e-13,5.630625614e-13,4.001547858e-13,4.524671661e-13,1.605354582e-13,2.003251454e-13,7.544928923e-14,7.565005051e-14,7.629534772e-14,9.064503422e-14,8.308394912e-14,6.660254097e-14,1.868566063e-13,3.385358776e-13,4.977289305e-13,1.107891705e-13,6.87550041e-13,1.442576841e-13
161.8515625,1.999339572e-13,1.906213625e-13,1.439682704e-12,8.560171594e-14,1.861429992e-13,3.607189418e-13,1.817499252e-13,1.011697589e-13,9.553610966e-14,2.529592373e-13,7.342168648e-13,2.247331694e-13,1.028298944e-13,1.988041704e-13,4.414652392e-13,5.587329059e-13,4.036687313e-13,4.53709912e-13,1.608105079e-13,2.02276717e-13,7.465922498e-14,7.573306004e-14,7.468600587e-14,9.129654017e-14,8.232153631e-14,6.645732675e-14,1.874471453e-13,3.406666418e-13,4.970079558e-13,1.109122259e-13,6.874802094e-13,1.42645736e-13
161.859375,2.024642617e-13,1.928976292e-13,1.433940394e-12,8.429681117e-14,1.85754291e-13,3.578233323e-13,1.797495947e-13,1.00665196e-13,9.563583574e-14,2.523495661e-13,7.344147685e-13,2.249367233e-13,1.019139935e-13,1.991104061e-13,4.364983423e-13,5.545226731e-13,4.072397375e-13,4.548974125e-13,1.610775015e-13,2.043886584e-13,7.392934115e-14,7.582850255e-14,7.308868286e-14,9.191421112e-14,8.16018809e-14,6.637668329e-14,1.880317517e-13,3.429384117e-13,4.962301919e-13,1.110164601e-13,6.873910067e-13,1.410390031e-13
161.8671875,2.050474047e-13,1.952968719e-13,1.427737292e-12,8.325615138e-14,1.852554339e-13,3.548372259e-13,1.775664226e-13,1.001514023e-13,9.580106735e-14,2.51609705e-13,7.342436934e-13,2.250919532e-13,1.009630474e-13,1.993227524e-13,4.312661761e-13,5.501470826e-13,4.106965672e-13,4.558560612e-13,1.613309957e-13,2.065313225e-13,7.319192264e-14,7.595001401e-14,7.150108529e-14,9.249998531e-14,8.086961531e-14,6.626954923e-14,1.884544403e-13,3.452130013e-13,4.952389975e-13,1.110605225e-13,6.872698762e-13,1.39441729e-13
161.875,2.074814252e-13,1.976483376e-13,1.420920045e-12,8.240603858e-14,1.84563694e-13,3.518405707e-13,1.752601114e-13,9.969722651e-14,9.603636678e-14,2.50792131e-13,7.336098694e-13,2.25202786e-13,9.999234924e-14,1.993801139e-13,4.259528038e-13,5.458211077e-13,4.141156328e-13,4.565599554e-13,1.615834274e-13,2.088502306e-13,7.243360638e-14,7.609841067e-14,6.992676489e-14,9.312894854e-14,8.010357162e-14,6.616460547e-14,1.88832771e-13,3.473415133e-13,4.940892509e-13,1.110906162e-13,6.871000798e-13,1.377975545e-13
161.8828125,2.099196341e-13,1.998189232e-13,1.41367923e-12,8.136750639e-14,1.837842161e-13,3.489412699e-13,1.72958936e-13,9.931928494e-14,9.629243919e-14,2.499933297e-13,7.326253823e-13,2.252587634e-13,9.90514388e-14,1.994441721e-13,4.207791261e-13,5.417984266e-13,4.177827508e-13,4.571884539e-13,1.617911526e-13,2.114702315e-13,7.170309299e-14,7.625033664e-14,6.835318753e-14,9.385925225e-14,7.935746742e-14,6.609182451e-14,1.892919236e-13,3.492980076e-13,4.93015684e-13,1.111143558e-13,6.868391509e-13,1.361083357e-13
161.890625,2.125166861e-13,2.018192208e-13,1.406181392e-12,8.019073114e-14,1.830490341e-13,3.460204618e-13,1.706268103e-13,9.895086871e-14,9.6549204e-14,2.491565994e-13,7.312273197e-13,2.252356633e-13,9.81014009e-14,1.996194998e-13,4.156092104e-13,5.377509994e-13,4.214972849e-13,4.578320174e-13,1.619151316e-13,2.140420453e-13,7.101617382e-14,7.638999822e-14,6.679680308e-14,9.459482148e-14,7.864354041e-14,6.605155564e-14,1.897454463e-13,3.510662523e-13,4.920580124e-13,1.110618934e-13,6.864142163e-13,1.344373959e-13
161.8984375,2.151723675e-13,2.039360263e-13,1.398708844e-12,7.917100542e-14,1.823612469e-13,3.43042967e-13,1.682678672e-13,9.861385965e-14,9.684365348e-14,2.483013267e-13,7.29516503e-13,2.251958976e-13,9.714767465e-14,1.998624282e-13,4.104428129e-13,5.334778191e-13,4.249379285e-13,4.583928421e-13,1.620322704e-13,2.163330045e-13,7.034653877e-14,7.653067141e-14,6.529746696e-14,9.520531408e-14,7.794348793e-14,6.60804829e-14,1.901620246e-13,3.52866131e-13,4.909647752e-13,1.109822196e-13,6.858746369e-13,1.328073504e-13
161.90625,2.179212911e-13,2.062408181e-13,1.391105705e-12,7.834700245e-14,1.816506373e-13,3.401483109e-13,1.659064116e-13,9.834428934e-14,9.71707929e-14,2.474415952e-13,7.275538344e-13,2.251363701e-13,9.623147048e-14,2.001742091e-13,4.053710871e-13,5.291819908e-13,4.28292592e-13,4.588405342e-13,1.621653443e-13,2.18492735e-13,6.970120855e-14,7.668160719e-14,6.38644409e-14,9.574269546e-14,7.72557001e-14,6.615907791e-14,1.905205589e-13,3.547554148e-13,4.896285589e-13,1.109370551e-13,6.853093504e-13,1.311902523e-13
161.9140625,2.208402634e-13,2.08424385e-13,1.383014421e-12,7.761452068e-14,1.809080683e-13,3.373842231e-13,1.634415846e-13,9.806739311e-14,9.746793172e-14,2.464786015e-13,7.251662681e-13,2.249988412e-13,9.530581168e-14,2.005499162e-13,4.002747904e-13,5.248847102e-13,4.317550491e-13,4.592317477e-13,1.622093672e-13,2.206829453e-13,6.910833964e-14,7.682352149e-14,6.247245196e-14,9.633494917e-14,7.654770556e-14,6.622821895e-14,1.907886025e-13,3.563859156e-13,4.88247463e-13,1.108610952e-13,6.846601602e-13,1.295562807e-13
161.921875,2.237328096e-13,2.105598657e-13,1.374596655e-12,7.696642966e-14,1.800431511e-13,3.346748534e-13,1.608587102e-13,9.776615306e-14,9.774954368e-14,2.454715968e-13,7.223613345e-13,2.248040839e-13,9.432255878e-14,2.007801661e-13,3.951220134e-13,5.205949759e-13,4.352457272e-13,4.595053561e-13,1.621223184e-13,2.230486848e-13,6.852419447e-14,7.693742812e-14,6.109788013e-14,9.700135607e-14,7.580570221e-14,6.629585203e-14,1.910555405e-13,3.577714793e-13,4.868742899e-13,1.107410999e-13,6.838246785e-13,1.2789631e-13
161.9296875,2.265084846e-13,2.129425849e-13,1.365863408e-12,7.648143611e-14,1.789396956e-13,3.319509024e-13,1.582504175e-13,9.751920706e-14,9.808864532e-14,2.44514575e-13,7.192663764e-13,2.245504491e-13,9.329450522e-14,2.007420505e-13,3.900787699e-13,5.166172182e-13,4.388143593e-13,4.596261519e-13,1.619795345e-13,2.256229585e-13,6.78899828e-14,7.703992524e-14,5.974253755e-14,9.77243849e-14,7.508097662e-14,6.636575927e-14,1.913079144e-13,3.592426679e-13,4.85342265e-13,1.106165584e-13,6.828131649e-13,1.26225284e-13
161.9375,2.293782565e-13,2.15387187e-13,1.356684063e-12,7.613357204e-14,1.778020002e-13,3.292600292e-13,1.5562384e-13,9.733419811e-14,9.84749618e-14,2.435214577e-13,7.15874162e-13,2.242400678e-13,9.225976882e-14,2.007038693e-13,3.852267679e-13,5.130311737e-13,4.424856148e-13,4.597134053e-13,1.618710248e-13,2.281905996e-13,6.725780316e-14,7.71634987e-14,5.841684737e-14,9.847837846e-14,7.439637432e-14,6.643207976e-14,1.914853073e-13,3.607162604e-13,4.837076906e-13,1.104503389e-13,6.817477772e-13,1.24574019e-13
161.9453125,2.323831802e-13,2.176647092e-13,1.347489097e-12,7.575115134e-14,1.76810298e-13,3.266832551e-13,1.529906751e-13,9.716806442e-14,9.886288652e-14,2.425029938e-13,7.121776616e-13,2.239388116e-13,9.126669342e-14,2.008448249e-13,3.804567314e-13,5.094692544e-13,4.459880312e-13,4.597138289e-13,1.617656974e-13,2.306386858e-13,6.669662547e-14,7.73038952e-14,5.711825671e-14,9.917548546e-14,7.372643501e-14,6.654626965e-14,1.91722148e-13,3.620084052e-13,4.821270523e-13,1.102383918e-13,6.807097372e-13,1.229763946e-13
161.953125,2.353251234e-13,2.198252089e-13,1.338252521e-12,7.533877475e-14,1.756802091e-13,3.240618821e-13,1.503812216e-13,9.699942539e-14,9.924642837e-14,2.415292065e-13,7.081398326e-13,2.235674935e-13,9.026821686e-14,2.008955656e-13,3.75580402e-13,5.056672251e-13,4.491249497e-13,4.594075133e-13,1.614865866e-13,2.330929829e-13,6.616588391e-14,7.741254287e-14,5.585087772e-14,9.979384353e-14,7.305432645e-14,6.6706962e-14,1.919923855e-13,3.631669909e-13,4.80424063e-13,1.100234516e-13,6.795255403e-13,1.214384586e-13
161.9609375,2.381999982e-13,2.218291056e-13,1.328389011e-12,7.510491242e-14,1.743012765e-13,3.212413021e-13,1.477312712e-13,9.681868816e-14,9.961415032e-14,2.404872084e-13,7.037264814e-13,2.230077239e-13,8.915910926e-14,2.007097446e-13,3.706155299e-13,5.018399627e-13,4.520652311e-13,4.589342637e-13,1.61005369e-13,2.355696872e-13,6.563196402e-14,7.746709529e-14,5.463374843e-14,1.004243628e-13,7.237771048e-14,6.683566586e-14,1.920917392e-13,3.641578668e-13,4.783971731e-13,1.097965012e-13,6.780236767e-13,1.19914315e-13
161.96875,2.412010256e-13,2.236864588e-13,1.31830392e-12,7.506945814e-14,1.730623537e-13,3.18485163e-13,1.450279276e-13,9.664812913e-14,9.998916609e-14,2.393380521e-13,6.9911194e-13,2.223987467e-13,8.798830042e-14,2.005637864e-13,3.658178643e-13,4.983617877e-13,4.551107686e-13,4.586402268e-13,1.605314656e-13,2.379233337e-13,6.515075311e-14,7.752538357e-14,5.347508252e-14,1.01109938e-13,7.17207369e-14,6.69125764e-14,1.92113459e-13,3.649758964e-13,4.762117349e-13,1.095731742e-13,6.764528167e-13,1.183701324e-13
161.9765625,2.443482238e-13,2.256095171e-13,1.30853644e-12,7.51167714e-14,1.720095777e-13,3.160143999e-13,1.423433917e-13,9.648771354e-14,1.004257122e-13,2.381716131e-13,6.944518244e-13,2.218701893e-13,8.684966325e-14,2.005868717e-13,3.612458075e-13,4.95224469e-13,4.583072794e-13,4.583904291e-13,1.601160799e-13,2.402043812e-13,6.473539461e-14,7.764464562e-14,5.236469142e-14,1.018136094e-13,7.110208725e-14,6.697396377e-14,1.921695787e-13,3.657845637e-13,4.740688424e-13,1.093777435e-13,6.750197781e-13,1.168479387e-13
161.984375,2.474660133e-13,2.277495984e-13,1.298468352e-12,7.528142111e-14,1.707172733e-13,3.136414087e-13,1.396786197e-13,9.630083736e-14,1.008942489e-13,2.36969475e-13,6.896600562e-13,2.213096402e-13,8.570757782e-14,2.005781411e-13,3.567486673e-13,4.921773513e-13,4.614256489e-13,4.578460242e-13,1.596171754e-13,2.42642038e-13,6.433201706e-14,7.779035156e-14,5.128467335e-14,1.024951265e-13,7.04932101e-14,6.705512133e-14,1.920959222e-13,3.6666979e-13,4.720104298e-13,1.091538722e-13,6.734393033e-13,1.153885337e-13
161.9921875,2.504873958e-13,2.300805452e-13,1.287827876e-12,7.56023433e-14,1.691338657e-13,3.112545376e-13,1.370301002e-13,9.61254595e-14,1.01349368e-13,2.357350604e-13,6.845490996e-13,2.206562618e-13,8.457067425e-14,2.004658485e-13,3.523581665e-13,4.89262683e-13,4.643848053e-13,4.57187074e-13,1.590333382e-13,2.451293344e-13,6.39295681e-14,7.790915132e-14,5.023881633e-14,1.031494152e-13,6.990078861e-14,6.718883756e-14,1.919324743e-13,3.675466653e-13,4.701106214e-13,1.088769388e-13,6.715744954e-13,1.139625715e-13
162,2.534868936e-13,2.322882225e-13,1.277098507e-12,7.600644247e-14,1.675742935e-13,3.088533306e-13,1.344104992e-13,9.598097795e-14,1.018015095e-13,2.344952705e-13,6.789088754e-13,2.199468927e-13,8.350848731e-14,2.003556402e-13,3.481237604e-13,4.865790782e-13,4.672849351e-13,4.567237054e-13,1.584098676e-13,2.473173881e-13,6.352035831e-14,7.799927198e-14,4.92664192e-14,1.03812421e-13,6.93730208e-14,6.737492494e-14,1.919337577e-13,3.681390577e-13,4.683148711e-13,1.085787534e-13,6.696667293e-13,1.125515298e-13
162.0078125,2.564803395e-13,2.340549993e-13,1.266120153e-12,7.647320285e-14,1.660841849e-13,3.062905224e-13,1.317590671e-13,9.578454876e-14,1.022254853e-13,2.331716514e-13,6.727003558e-13,2.191326043e-13,8.246228169e-14,2.002431859e-13,3.439105067e-13,4.839335037e-13,4.700347304e-13,4.563005948e-13,1.576859952e-13,2.492738303e-13,6.306813558e-14,7.805677032e-14,4.837271236e-14,1.044705745e-13,6.888824806e-14,6.758703469e-14,1.920608154e-13,3.682813938e-13,4.663757333e-13,1.082539634e-13,6.676875326e-13,1.111987267e-13
162.015625,2.594835323e-13,2.356703038e-13,1.254732429e-12,7.706894673e-14,1.645364928e-13,3.036768638e-13,1.290958673e-13,9.555885538e-14,1.026285524e-13,2.318439357e-13,6.66212831e-13,2.182368343e-13,8.136687351e-14,2.000995917e-13,3.397511759e-13,4.813548794e-13,4.725795705e-13,4.557912008e-13,1.568621355e-13,2.512614489e-13,6.262327926e-14,7.808816418e-14,4.750721008e-14,1.050903399e-13,6.841352382e-14,6.780111187e-14,1.920917438e-13,3.683255426e-13,4.642732951e-13,1.079296948e-13,6.654912554e-13,1.099255192e-13
162.0234375,2.625738638e-13,2.375439599e-13,1.243551088e-12,7.781982154e-14,1.630084586e-13,3.013170252e-13,1.265330424e-13,9.538162936e-14,1.030727606e-13,2.306392086e-13,6.596502448e-13,2.173966527e-13,8.02872528e-14,2.000156396e-13,3.35872346e-13,4.791704592e-13,4.751815631e-13,4.554492124e-13,1.559844546e-13,2.532227488e-13,6.226279403e-14,7.813599421e-14,4.666718086e-14,1.057558329e-13,6.799145338e-14,6.801576329e-14,1.920263054e-13,3.685266012e-13,4.622441899e-13,1.076476538e-13,6.632488274e-13,1.086859736e-13
162.03125,2.656752096e-13,2.39425461e-13,1.232698749e-12,7.864728808e-14,1.615828976e-13,2.991127191e-13,1.240309339e-13,9.515190084e-14,1.034786929e-13,2.293304154e-13,6.528719135e-13,2.165984285e-13,7.925694908e-14,2.000265176e-13,3.322948601e-13,4.773322797e-13,4.779454796e-13,4.553328533e-13,1.550404366e-13,2.551015032e-13,6.192196862e-14,7.817658023e-14,4.589711911e-14,1.064621275e-13,6.763674141e-14,6.82921501e-14,1.92045842e-13,3.685060326e-13,4.603838261e-13,1.073495581e-13,6.609805907e-13,1.074488058e-13
162.0390625,2.686502393e-13,2.409729928e-13,1.221639838e-12,7.951475038e-14,1.601061731e-13,2.968849178e-13,1.215029644e-13,9.48046332e-14,1.037567137e-13,2.277418664e-13,6.457801698e-13,2.15714905e-13,7.821950759e-14,2.000447147e-13,3.288724761e-13,4.755966351e-13,4.806688895e-13,4.551552473e-13,1.540453756e-13,2.569275149e-13,6.151864936e-14,7.814669153e-14,4.518680756e-14,1.070112625e-13,6.729879207e-14,6.864509801e-14,1.921927271e-13,3.680580373e-13,4.585779139e-13,1.070029108e-13,6.585008289e-13,1.06259236e-13
162.046875,2.715528949e-13,2.423467815e-13,1.210357184e-12,8.052817528e-14,1.584953613e-13,2.947502732e-13,1.190069395e-13,9.446036315e-14,1.040342826e-13,2.261181077e-13,6.385187849e-13,2.1474764e-13,7.716860028e-14,2.000260374e-13,3.255441066e-13,4.740218272e-13,4.832315193e-13,4.547805858e-13,1.530244174e-13,2.585958848e-13,6.112213697e-14,7.809437521e-14,4.451168538e-14,1.074191857e-13,6.695719244e-14,6.894644467e-14,1.923022212e-13,3.675113125e-13,4.567075041e-13,1.066689573e-13,6.559852714e-13,1.051603799e-13
162.0546875,2.743520843e-13,2.437212624e-13,1.199225454e-12,8.165693881e-14,1.569602559e-13,2.926594435e-13,1.165761773e-13,9.41497631e-14,1.043948668e-13,2.246211055e-13,6.312467819e-13,2.137978513e-13,7.617759623e-14,1.999827583e-13,3.223020806e-13,4.726344105e-13,4.855290401e-13,4.542918694e-13,1.519572519e-13,2.601402365e-13,6.080689002e-14,7.80907513e-14,4.388657634e-14,1.079013585e-13,6.663907178e-14,6.914397186e-14,1.923438249e-13,3.669747565e-13,4.548284039e-13,1.063458371e-13,6.536827184e-13,1.041097332e-13
162.0625,2.76924559e-13,2.450093621e-13,1.188319246e-12,8.274492607e-14,1.556170392e-13,2.904355904e-13,1.141890252e-13,9.382459367e-14,1.047442272e-13,2.231171145e-13,6.239679992e-13,2.129055887e-13,7.526173534e-14,1.999211536e-13,3.192170122e-13,4.714222207e-13,4.874812646e-13,4.538277782e-13,1.508422892e-13,2.615770033e-13,6.051774072e-14,7.809062459e-14,4.329632022e-14,1.084519249e-13,6.638489284e-14,6.935956847e-14,1.924827096e-13,3.662139832e-13,4.530960944e-13,1.059893253e-13,6.514405379e-13,1.030642112e-13
162.0703125,2.795604162e-13,2.462038455e-13,1.177445377e-12,8.398361737e-14,1.542756437e-13,2.88235726e-13,1.119143931e-13,9.354614383e-14,1.050813709e-13,2.215386077e-13,6.16534441e-13,2.12012917e-13,7.430301769e-14,1.999095446e-13,3.16482695e-13,4.706823094e-13,4.893482554e-13,4.535820913e-13,1.496720964e-13,2.626750276e-13,6.019292757e-14,7.805346709e-14,4.271985411e-14,1.090066711e-13,6.621129138e-14,6.965090853e-14,1.926815546e-13,3.651971772e-13,4.514539785e-13,1.05622832e-13,6.49064273e-13,1.020738018e-13
162.078125,2.825289962e-13,2.474663188e-13,1.166465052e-12,8.565227689e-14,1.528299566e-13,2.862458841e-13,1.097703096e-13,9.331115549e-14,1.054693076e-13,2.1996406e-13,6.088733684e-13,2.110684543e-13,7.323580815e-14,2.000187742e-13,3.141454261e-13,4.705275208e-13,4.913650282e-13,4.536003638e-13,1.484432034e-13,2.63568186e-13,5.986567055e-14,7.802431954e-14,4.220471542e-14,1.096162387e-13,6.607679503e-14,6.998408421e-14,1.927938011e-13,3.641800307e-13,4.497773913e-13,1.052863395e-13,6.465931026e-13,1.011807987e-13
162.0859375,2.854234449e-13,2.488213744e-13,1.155499908e-12,8.753178213e-14,1.514211164e-13,2.843335731e-13,1.076543895e-13,9.30009688e-14,1.058519241e-13,2.184572938e-13,6.011191326e-13,2.1013164e-13,7.218878099e-14,2.001799798e-13,3.11996749e-13,4.706476226e-13,4.933767273e-13,4.537079352e-13,1.472279193e-13,2.64601953e-13,5.958151718e-14,7.801913072e-14,4.177424977e-14,1.101978149e-13,6.594775623e-14,7.036298049e-14,1.929575716e-13,3.633013876e-13,4.482086752e-13,1.049971878e-13,6.441225179e-13,1.003278887e-13
162.09375,2.879448859e-13,2.500661227e-13,1.144582545e-12,8.930217632e-14,1.50141436e-13,2.82324254e-13,1.055632e-13,9.261884965e-14,1.061834016e-13,2.169613142e-13,5.932548815e-13,2.092505807e-13,7.123433669e-14,2.002994758e-13,3.098699543e-13,4.708948365e-13,4.952466386e-13,4.537962659e-13,1.460227234e-13,2.655266889e-13,5.931594591e-14,7.7991813e-14,4.136652957e-14,1.106821221e-13,6.585496005e-14,7.074494789e-14,1.932924919e-13,3.623010661e-13,4.467499956e-13,1.047208173e-13,6.416324027e-13,9.946463831e-14
162.1015625,2.903846342e-13,2.510777086e-13,1.133497787e-12,9.106441735e-14,1.489294531e-13,2.802271287e-13,1.035705683e-13,9.22494875e-14,1.065052831e-13,2.153520288e-13,5.850489333e-13,2.083495091e-13,7.024994481e-14,2.004001659e-13,3.07778761e-13,4.712703222e-13,4.969165371e-13,4.538406894e-13,1.446964186e-13,2.659923146e-13,5.904425467e-14,7.791806863e-14,4.095276838e-14,1.11174988e-13,6.581588169e-14,7.106045346e-14,1.935977318e-13,3.609224607e-13,4.451013805e-13,1.043796331e-13,6.389653866e-13,9.863229275e-14
162.109375,2.92778551e-13,2.518521627e-13,1.122558535e-12,9.301907275e-14,1.477159106e-13,2.781881042e-13,1.016433197e-13,9.187645474e-14,1.068404657e-13,2.136531853e-13,5.766413662e-13,2.074376847e-13,6.922129637e-14,2.005557606e-13,3.058533148e-13,4.717056358e-13,4.981895404e-13,4.538013188e-13,1.432677071e-13,2.661030446e-13,5.881512711e-14,7.783822431e-14,4.057365437e-14,1.116392838e-13,6.580340587e-14,7.136983387e-14,1.938120717e-13,3.593271287e-13,4.43384781e-13,1.040121259e-13,6.362177192e-13,9.787851315e-14
162.1171875,2.949436721e-13,2.523034116e-13,1.112284194e-12,9.510791003e-14,1.465284139e-13,2.763193509e-13,9.974039272e-14,9.144675493e-14,1.071718168e-13,2.119474238e-13,5.684273288e-13,2.066324559e-13,6.829952516e-14,2.008230523e-13,3.042213394e-13,4.72314945e-13,4.990724816e-13,4.537460596e-13,1.418964918e-13,2.659522557e-13,5.865099184e-14,7.780772616e-14,4.023941668e-14,1.119731142e-13,6.581071718e-14,7.174177753e-14,1.941819141e-13,3.576260279e-13,4.41981233e-13,1.037102102e-13,6.338040342e-13,9.718956745e-14
162.125,2.970655242e-13,2.525989303e-13,1.102153309e-12,9.716894052e-14,1.454491569e-13,2.7450916e-13,9.791576989e-14,9.097153287e-14,1.07468753e-13,2.101862036e-13,5.602719802e-13,2.05845878e-13,6.747542845e-14,2.011631799e-13,3.027375868e-13,4.731290079e-13,4.997759844e-13,4.537233587e-13,1.405542519e-13,2.656473011e-13,5.849400534e-14,7.779743715e-14,3.992715551e-14,1.122897498e-13,6.585055054e-14,7.210831615e-14,1.947452343e-13,3.557061016e-13,4.406608073e-13,1.034017286e-13,6.316022793e-13,9.653805828e-14
162.1328125,2.991290935e-13,2.531409808e-13,1.091619983e-12,9.927720984e-14,1.444295348e-13,2.725841001e-13,9.619051747e-14,9.04829048e-14,1.077261209e-13,2.08421988e-13,5.518225079e-13,2.049340409e-13,6.661308375e-14,2.014280177e-13,3.011678046e-13,4.739673013e-13,5.003509234e-13,4.5366254e-13,1.391096058e-13,2.65457465e-13,5.833614817e-14,7.77258517e-14,3.965087574e-14,1.126561097e-13,6.592475573e-14,7.243273618e-14,1.952956073e-13,3.537564219e-13,4.391217621e-13,1.030420734e-13,6.290480159e-13,9.591903899e-14
162.140625,3.008277258e-13,2.537272121e-13,1.081426861e-12,1.016499055e-13,1.433177365e-13,2.70601669e-13,9.451353037e-14,8.996164449e-14,1.079659005e-13,2.067747724e-13,5.433029231e-13,2.040600619e-13,6.573477688e-14,2.016016358e-13,2.997434431e-13,4.750863555e-13,5.009347482e-13,4.536484519e-13,1.376447373e-13,2.652957617e-13,5.822153149e-14,7.760458146e-14,3.943426262e-14,1.129879146e-13,6.603713811e-14,7.280808951e-14,1.958720086e-13,3.519277063e-13,4.377426528e-13,1.027661767e-13,6.26345814e-13,9.533208209e-14
162.1484375,3.023617225e-13,2.53879433e-13,1.072068443e-12,1.041549333e-13,1.421355947e-13,2.687127906e-13,9.286494384e-14,8.935415273e-14,1.081567885e-13,2.050876979e-13,5.350241052e-13,2.033746502e-13,6.492581526e-14,2.018351187e-13,2.988141283e-13,4.769066898e-13,5.01725949e-13,4.53807207e-13,1.362895603e-13,2.648820725e-13,5.812823604e-14,7.749799742e-14,3.925303041e-14,1.132960498e-13,6.61891557e-14,7.328144479e-14,1.966580804e-13,3.498718661e-13,4.367566533e-13,1.025843122e-13,6.240778864e-13,9.4788101e-14
162.15625,3.040348719e-13,2.539428222e-13,1.062931745e-12,1.065729179e-13,1.410102393e-13,2.668857249e-13,9.127813568e-14,8.86778576e-14,1.082851598e-13,2.032478268e-13,5.267842116e-13,2.02725542e-13,6.414392563e-14,2.021490636e-13,2.982005389e-13,4.792024072e-13,5.024755484e-13,4.540291554e-13,1.349397043e-13,2.642884976e-13,5.803320638e-14,7.739498357e-14,3.907694584e-14,1.136421369e-13,6.63815377e-14,7.378012439e-14,1.975678465e-13,3.475108125e-13,4.357944652e-13,1.023798294e-13,6.220562657e-13,9.431886363e-14
162.1640625,3.055836388e-13,2.543549591e-13,1.05373151e-12,1.091536221e-13,1.398995928e-13,2.64956442e-13,8.97919407e-14,8.801540887e-14,1.084360196e-13,2.014504294e-13,5.183951688e-13,2.020251603e-13,6.333073371e-14,2.02441072e-13,2.97626235e-13,4.81567213e-13,5.028638769e-13,4.542586259e-13,1.334567859e-13,2.635897158e-13,5.795904945e-14,7.72672179e-14,3.89303842e-14,1.140236127e-13,6.66341161e-14,7.426566557e-14,1.984673936e-13,3.45211769e-13,4.346771879e-13,1.0219565e-13,6.199248329e-13,9.39351387e-14
162.171875,3.067781948e-13,2.546856775e-13,1.044580073e-12,1.120334678e-13,1.387429382e-13,2.628866673e-13,8.841075164e-14,8.737383767e-14,1.086082534e-13,1.996959385e-13,5.099316116e-13,2.013454228e-13,6.250622495e-14,2.026902642e-13,2.971803996e-13,4.840457371e-13,5.030539183e-13,4.545844853e-13,1.318978687e-13,2.62686903e-13,5.786822519e-14,7.712195151e-14,3.884729877e-14,1.14381263e-13,6.695282001e-14,7.478809806e-14,1.994625774e-13,3.42896541e-13,4.334959109e-13,1.020754624e-13,6.177816353e-13,9.361308428e-14
162.1796875,3.077757328e-13,2.546557057e-13,1.035290302e-12,1.148874717e-13,1.376778525e-13,2.608311853e-13,8.709587266e-14,8.669270729e-14,1.086944382e-13,1.977866165e-13,5.014005018e-13,2.006702622e-13,6.17018122e-14,2.02902026e-13,2.969658008e-13,4.868415422e-13,5.032436598e-13,4.549703658e-13,1.303683155e-13,2.61693202e-13,5.771953694e-14,7.694694337e-14,3.880299031e-14,1.146139399e-13,6.730736857e-14,7.535291121e-14,2.006227345e-13,3.402588559e-13,4.322181813e-13,1.019198591e-13,6.156305682e-13,9.333834018e-14
162.1875,3.087041545e-13,2.546612326e-13,1.026012245e-12,1.176714396e-13,1.368033991e-13,2.5883622e-13,8.582036461e-14,8.596214927e-14,1.087059846e-13,1.958032182e-13,4.928867191e-13,2.000041532e-13,6.093713487e-14,2.030705529e-13,2.969242661e-13,4.89986928e-13,5.033141933e-13,4.553730581e-13,1.288831426e-13,2.606469944e-13,5.757326574e-14,7.674125476e-14,3.875490609e-14,1.147629921e-13,6.767992124e-14,7.588796276e-14,2.018645608e-13,3.374686495e-13,4.309518485e-13,1.017207339e-13,6.134518583e-13,9.311095233e-14
162.1953125,3.095941617e-13,2.547495481e-13,1.017082875e-12,1.20553083e-13,1.359600668e-13,2.567349329e-13,8.460046788e-14,8.519810001e-14,1.086987844e-13,1.93838447e-13,4.845414652e-13,1.993824903e-13,6.020345639e-14,2.032304909e-13,2.970046932e-13,4.93340721e-13,5.031671214e-13,4.557651528e-13,1.273934564e-13,2.592961198e-13,5.747343036e-14,7.652903674e-14,3.87122284e-14,1.149827298e-13,6.807294366e-14,7.637463028e-14,2.031947698e-13,3.346620159e-13,4.298068758e-13,1.015478465e-13,6.114442163e-13,9.293340379e-14
162.203125,3.104497236e-13,2.546323481e-13,1.008336191e-12,1.234195087e-13,1.349644865e-13,2.545447348e-13,8.345649817e-14,8.439508688e-14,1.086350195e-13,1.917639272e-13,4.762384671e-13,1.987241433e-13,5.946099996e-14,2.03409933e-13,2.972563054e-13,4.969180105e-13,5.02930275e-13,4.56006389e-13,1.25839222e-13,2.577345782e-13,5.73907849e-14,7.629082712e-14,3.870357596e-14,1.152140712e-13,6.848384848e-14,7.689017382e-14,2.04696788e-13,3.31641152e-13,4.285948363e-13,1.013901722e-13,6.095567062e-13,9.283023923e-14
162.2109375,3.112128514e-13,2.544478368e-13,9.997738041e-13,1.263186359e-13,1.338934303e-13,2.524789443e-13,8.240869403e-14,8.356621615e-14,1.085381659e-13,1.896321598e-13,4.679111704e-13,1.980719e-13,5.872349228e-14,2.036579018e-13,2.978367242e-13,5.010338673e-13,5.027656519e-13,4.561894715e-13,1.242515322e-13,2.562755981e-13,5.73237911e-14,7.60145745e-14,3.872253485e-14,1.153328631e-13,6.893858528e-14,7.749100149e-14,2.063987544e-13,3.284947974e-13,4.273999316e-13,1.012583235e-13,6.076479433e-13,9.282178795e-14
162.21875,3.118742923e-13,2.543588632e-13,9.916503084e-13,1.294392985e-13,1.329298214e-13,2.505075961e-13,8.147406305e-14,8.270719523e-14,1.084734524e-13,1.875817586e-13,4.597385481e-13,1.975745472e-13,5.803375579e-14,2.0401457e-13,2.987397749e-13,5.0563359e-13,5.025721656e-13,4.565923254e-13,1.227077298e-13,2.54700805e-13,5.727198256e-14,7.574090554e-14,3.875685667e-14,1.154223379e-13,6.946914356e-14,7.814114556e-14,2.082693875e-13,3.254345786e-13,4.265146966e-13,1.011876127e-13,6.058660498e-13,9.288950053e-14
162.2265625,3.123984833e-13,2.541551924e-13,9.837612275e-13,1.326101826e-13,1.320739817e-13,2.484892247e-13,8.061377814e-14,8.176614362e-14,1.083670827e-13,1.854826818e-13,4.516248619e-13,1.971034933e-13,5.736391328e-14,2.043703132e-13,2.997312887e-13,5.102607002e-13,5.020723792e-13,4.57112516e-13,1.211505673e-13,2.527882596e-13,5.718900176e-14,7.546605884e-14,3.88178266e-14,1.155065948e-13,7.003349685e-14,7.878563529e-14,2.101889524e-13,3.221929125e-13,4.256669523e-13,1.011429035e-13,6.042426431e-13,9.301948012e-14
162.234375,3.126536483e-13,2.537873126e-13,9.759996981e-13,1.357080711e-13,1.312343988e-13,2.464546654e-13,7.97801808e-14,8.07639152e-14,1.08154645e-13,1.832743994e-13,4.434040916e-13,1.965136711e-13,5.668253079e-14,2.046219616e-13,3.007892152e-13,5.149679477e-13,5.012626304e-13,4.575055638e-13,1.195090262e-13,2.508599715e-13,5.708180853e-14,7.515790429e-14,3.890806396e-14,1.1550204e-13,7.058378349e-14,7.942196101e-14,2.120795071e-13,3.185403787e-13,4.245931037e-13,1.011117648e-13,6.02711142e-13,9.322512751e-14
162.2421875,3.127128991e-13,2.534355888e-13,9.686715414e-13,1.389116047e-13,1.304283842e-13,2.443966232e-13,7.900608119e-14,7.980084285e-14,1.07933649e-13,1.811307183e-13,4.353213818e-13,1.959929464e-13,5.601417642e-14,2.048880524e-13,3.0207097e-13,5.200609407e-13,5.003786935e-13,4.57892233e-13,1.17883806e-13,2.489272034e-13,5.700938554e-14,7.48560647e-14,3.901424045e-14,1.155062195e-13,7.1160779e-14,8.006676188e-14,2.140845479e-13,3.147954883e-13,4.236848119e-13,1.011215503e-13,6.014747268e-13,9.350940577e-14
162.25,3.128572771e-13,2.530370083e-13,9.617509107e-13,1.422619641e-13,1.297092277e-13,2.423305569e-13,7.832730127e-14,7.887506675e-14,1.07771653e-13,1.790325172e-13,4.275091517e-13,1.95652096e-13,5.536877802e-14,2.053357991e-13,3.035757307e-13,5.254322927e-13,4.995321934e-13,4.58502198e-13,1.16362333e-13,2.465585051e-13,5.695596382e-14,7.460116493e-14,3.913199298e-14,1.156015248e-13,7.180320562e-14,8.07167095e-14,2.163387758e-13,3.111884071e-13,4.230969865e-13,1.011589231e-13,6.006067078e-13,9.385687232e-14
162.2578125,3.13102705e-13,2.524895824e-13,9.55020406e-13,1.456549008e-13,1.290723376e-13,2.404179729e-13,7.770889303e-14,7.790080462e-14,1.075947277e-13,1.768207561e-13,4.197608509e-13,1.953309051e-13,5.47458444e-14,2.059334605e-13,3.052879966e-13,5.310584671e-13,4.987191713e-13,4.59315454e-13,1.148994285e-13,2.438472944e-13,5.687131495e-14,7.435452067e-14,3.925256135e-14,1.156432438e-13,7.247921128e-14,8.13555259e-14,2.187077895e-13,3.075448368e-13,4.224664659e-13,1.01215754e-13,5.99834061e-13,9.424908922e-14
162.265625,3.131552303e-13,2.520005252e-13,9.485273382e-13,1.490035567e-13,1.284832362e-13,2.385485469e-13,7.713673237e-14,7.688859975e-14,1.073411364e-13,1.745621556e-13,4.1208979e-13,1.949788723e-13,5.415313957e-14,2.064844276e-13,3.071629873e-13,5.370200312e-13,4.978188729e-13,4.600595756e-13,1.134633765e-13,2.412076794e-13,5.67874032e-14,7.406785886e-14,3.936125504e-14,1.155766926e-13,7.315811694e-14,8.197227715e-14,2.210377333e-13,3.037922055e-13,4.217632554e-13,1.013027674e-13,5.99025147e-13,9.46833487e-14
162.2734375,3.129182292e-13,2.516095173e-13,9.423383383e-13,1.522495128e-13,1.279273158e-13,2.364821181e-13,7.663839966e-14,7.588005827e-14,1.070425896e-13,1.723328768e-13,4.046081725e-13,1.94693894e-13,5.356621445e-14,2.069358007e-13,3.090599955e-13,5.430603502e-13,4.966818221e-13,4.605738568e-13,1.120510807e-13,2.386271759e-13,5.67406636e-14,7.374299588e-14,3.947662723e-14,1.155317593e-13,7.384358886e-14,8.26027485e-14,2.234507933e-13,2.999622574e-13,4.211967776e-13,1.014238359e-13,5.983467868e-13,9.518272189e-14
162.28125,3.125857977e-13,2.509355855e-13,9.364795852e-13,1.555034987e-13,1.274653089e-13,2.344077855e-13,7.619911005e-14,7.482411462e-14,1.067313684e-13,1.700060355e-13,3.971689031e-13,1.944804937e-13,5.297853706e-14,2.075048283e-13,3.111044814e-13,5.492092206e-13,4.955234527e-13,4.61174596e-13,1.10649573e-13,2.359733859e-13,5.668509579e-14,7.341180312e-14,3.9635132e-14,1.155254828e-13,7.456167993e-14,8.330622737e-14,2.261389989e-13,2.959432602e-13,4.20670156e-13,1.015985521e-13,5.979404608e-13,9.57557712e-14
162.2890625,3.121618737e-13,2.499650092e-13,9.309088981e-13,1.588581388e-13,1.270861213e-13,2.324559761e-13,7.579584942e-14,7.370775957e-14,1.063758158e-13,1.6756967e-13,3.897100214e-13,1.942657902e-13,5.242875519e-14,2.082032474e-13,3.134682323e-13,5.558758882e-13,4.945874485e-13,4.620476279e-13,1.092633302e-13,2.333136046e-13,5.660476169e-14,7.307918306e-14,3.983643277e-14,1.154652804e-13,7.53345204e-14,8.405439908e-14,2.290631562e-13,2.917959008e-13,4.200763498e-13,1.018127658e-13,5.977027129e-13,9.638584388e-14
162.296875,3.11475671e-13,2.492588162e-13,9.254963719e-13,1.621559569e-13,1.266155669e-13,2.303272078e-13,7.54533909e-14,7.261577235e-14,1.059497877e-13,1.651954575e-13,3.823779407e-13,1.94031609e-13,5.192618668e-14,2.087311946e-13,3.159357424e-13,5.629563692e-13,4.935965256e-13,4.627658433e-13,1.078698568e-13,2.306438298e-13,5.655224035e-14,7.27069635e-14,4.005050288e-14,1.15364629e-13,7.612872636e-14,8.476052462e-14,2.321013937e-13,2.877564758e-13,4.195616477e-13,1.020293946e-13,5.975187578e-13,9.707403829e-14
162.3046875,3.106508518e-13,2.489216733e-13,9.203877919e-13,1.653261285e-13,1.26103495e-13,2.280666744e-13,7.517965243e-14,7.155595607e-14,1.054979327e-13,1.628821701e-13,3.752276372e-13,1.938606149e-13,5.146872877e-14,2.09206044e-13,3.184281821e-13,5.701022144e-13,4.923658777e-13,4.632337776e-13,1.064796312e-13,2.278491904e-13,5.651309571e-14,7.230498767e-14,4.025874386e-14,1.152779376e-13,7.691516781e-14,8.542994265e-14,2.353010214e-13,2.837651373e-13,4.192622856e-13,1.022771398e-13,5.975820787e-13,9.782159541e-14
162.3125,3.098702012e-13,2.483786807e-13,9.157459821e-13,1.685175397e-13,1.258251336e-13,2.260613835e-13,7.495418384e-14,7.044470779e-14,1.050623176e-13,1.604609137e-13,3.682271238e-13,1.938286559e-13,5.107894701e-14,2.100273963e-13,3.211904222e-13,5.773951894e-13,4.911576511e-13,4.638980401e-13,1.051920312e-13,2.248916649e-13,5.641944515e-14,7.193523484e-14,4.046842368e-14,1.151502573e-13,7.774144385e-14,8.614947767e-14,2.387385167e-13,2.795879022e-13,4.191423341e-13,1.025700545e-13,5.980124081e-13,9.862018553e-14
162.3203125,3.090051617e-13,2.474182583e-13,9.113837387e-13,1.717262477e-13,1.256634048e-13,2.242121921e-13,7.480934533e-14,6.929249642e-14,1.046198479e-13,1.579169324e-13,3.613582137e-13,1.938682214e-13,5.074815738e-14,2.109897941e-13,3.24176469e-13,5.849695855e-13,4.900025546e-13,4.647278672e-13,1.039902495e-13,2.218714352e-13,5.628361005e-14,7.157482931e-14,4.069964494e-14,1.14935675e-13,7.86372316e-14,8.695694284e-14,2.423381395e-13,2.752293248e-13,4.191079354e-13,1.028653942e-13,5.985498113e-13,9.949219201e-14
162.328125,3.080168553e-13,2.464813238e-13,9.073464825e-13,1.747579551e-13,1.253473087e-13,2.222497949e-13,7.479133158e-14,6.818963003e-14,1.041517331e-13,1.553725815e-13,3.5467475e-13,1.938945447e-13,5.045141494e-14,2.117299937e-13,3.272195527e-13,5.928659468e-13,4.888199471e-13,4.655356116e-13,1.027580487e-13,2.189701142e-13,5.616626899e-14,7.116565763e-14,4.095354464e-14,1.147141496e-13,7.958158095e-14,8.780658078e-14,2.460301502e-13,2.708738696e-13,4.191839262e-13,1.031799998e-13,5.991574722e-13,1.004376193e-13
162.3359375,3.069999261e-13,2.458710887e-13,9.038829776e-13,1.776202365e-13,1.250658874e-13,2.202824679e-13,7.484599697e-14,6.712642014e-14,1.036616135e-13,1.528677127e-13,3.483514201e-13,1.939420523e-13,5.018917553e-14,2.124276595e-13,3.304614196e-13,6.013023849e-13,4.878822122e-13,4.66593151e-13,1.015461142e-13,2.163033632e-13,5.608280623e-14,7.074577976e-14,4.12116458e-14,1.145207306e-13,8.057814724e-14,8.865883761e-14,2.499097632e-13,2.666507597e-13,4.194736033e-13,1.035547131e-13,6.001082204e-13,1.013981492e-13
162.34375,3.057769059e-13,2.453891717e-13,9.007281477e-13,1.805735606e-13,1.248977592e-13,2.183250219e-13,7.48848133e-14,6.603628898e-14,1.031125145e-13,1.503663671e-13,3.423556332e-13,1.94010272e-13,4.995293647e-14,2.1312895e-13,3.339684761e-13,6.103636911e-13,4.872220936e-13,4.6783989e-13,1.004169945e-13,2.138020562e-13,5.600671306e-14,7.032336469e-14,4.146936646e-14,1.142713992e-13,8.16134441e-14,8.954833817e-14,2.540707342e-13,2.624650233e-13,4.199876173e-13,1.039710883e-13,6.013442359e-13,1.023558535e-13
162.3515625,3.043154083e-13,2.448177534e-13,8.97474113e-13,1.836490693e-13,1.245317173e-13,2.16218167e-13,7.493340277e-14,6.496341038e-14,1.024926025e-13,1.478418084e-13,3.363198255e-13,1.940378569e-13,4.973880328e-14,2.135904502e-13,3.375938727e-13,6.198354341e-13,4.865025887e-13,4.689457323e-13,9.926319904e-14,2.112655339e-13,5.590338114e-14,6.982768841e-14,4.172807797e-14,1.139741702e-13,8.265345346e-14,9.04800618e-14,2.583810841e-13,2.581049103e-13,4.206965996e-13,1.043902279e-13,6.026956517e-13,1.033450121e-13
162.359375,3.029860829e-13,2.44296716e-13,8.942058984e-13,1.865957764e-13,1.24125276e-13,2.141322843e-13,7.506811523e-14,6.397478102e-14,1.019000292e-13,1.452869706e-13,3.301437842e-13,1.941068185e-13,4.958134261e-14,2.140516288e-13,3.413210169e-13,6.295570571e-13,4.857441377e-13,4.701720157e-13,9.810057714e-14,2.086283733e-13,5.577057831e-14,6.930982245e-14,4.198531465e-14,1.137408397e-13,8.372748528e-14,9.137788927e-14,2.62654655e-13,2.536719034e-13,4.215623449e-13,1.047667995e-13,6.043078968e-13,1.043761441e-13
162.3671875,3.018237815e-13,2.439499998e-13,8.913711762e-13,1.894517922e-13,1.240786192e-13,2.123028884e-13,7.528849464e-14,6.301807632e-14,1.014050056e-13,1.427529177e-13,3.241900411e-13,1.943546349e-13,4.951110085e-14,2.148519723e-13,3.452375558e-13,6.395271188e-13,4.85180341e-13,4.717461419e-13,9.708554668e-14,2.060668274e-13,5.564242345e-14,6.888630953e-14,4.226881156e-14,1.135806052e-13,8.486456234e-14,9.226049989e-14,2.669727927e-13,2.494438062e-13,4.224774003e-13,1.051288121e-13,6.062994003e-13,1.05453135e-13
162.375,3.00458297e-13,2.435395994e-13,8.894171069e-13,1.924339254e-13,1.241373835e-13,2.106007322e-13,7.557616463e-14,6.204160883e-14,1.009177317e-13,1.403061933e-13,3.186478815e-13,1.947297969e-13,4.952069219e-14,2.157915941e-13,3.49421678e-13,6.498427511e-13,4.847992413e-13,4.733649924e-13,9.618069212e-14,2.036441201e-13,5.553217802e-14,6.851140396e-14,4.26104708e-14,1.134234827e-13,8.604275256e-14,9.322543634e-14,2.715105107e-13,2.452878808e-13,4.235058354e-13,1.056015925e-13,6.086449497e-13,1.065700515e-13
162.3828125,2.988334733e-13,2.429339702e-13,8.882623563e-13,1.954206785e-13,1.240228356e-13,2.088563461e-13,7.592486064e-14,6.107244625e-14,1.003410422e-13,1.379047463e-13,3.133294082e-13,1.951220556e-13,4.957703384e-14,2.167127943e-13,3.539073962e-13,6.60595425e-13,4.845806766e-13,4.749405586e-13,9.527565717e-14,2.012267002e-13,5.543187548e-14,6.80883249e-14,4.298285815e-14,1.132406217e-13,8.725142572e-14,9.423680564e-14,2.762484585e-13,2.409496477e-13,4.249140854e-13,1.061777513e-13,6.11320087e-13,1.076831991e-13
162.390625,2.971857994e-13,2.424175575e-13,8.87337781e-13,1.98280261e-13,1.23993455e-13,2.071207308e-13,7.62716912e-14,6.011325962e-14,9.972087044e-14,1.354861485e-13,3.081236975e-13,1.955573702e-13,4.965554198e-14,2.177251937e-13,3.585061404e-13,6.715950258e-13,4.845189738e-13,4.765912224e-13,9.44193295e-14,1.988333221e-13,5.534078996e-14,6.763806189e-14,4.333740429e-14,1.130171189e-13,8.846338037e-14,9.521937573e-14,2.811321931e-13,2.366424718e-13,4.266723174e-13,1.067354844e-13,6.141896121e-13,1.087875001e-13
162.3984375,2.956334873e-13,2.421241907e-13,8.864244849e-13,2.01078001e-13,1.240474025e-13,2.054320202e-13,7.659451965e-14,5.917035149e-14,9.912209583e-14,1.33109734e-13,3.031170103e-13,1.960301514e-13,4.976216772e-14,2.187013611e-13,3.629877226e-13,6.825546848e-13,4.844728678e-13,4.782140343e-13,9.363446507e-14,1.96496891e-13,5.524117098e-14,6.719085503e-14,4.367463815e-14,1.12769824e-13,8.965120411e-14,9.619418661e-14,2.861438706e-13,2.326057351e-13,4.284378464e-13,1.073092938e-13,6.171622996e-13,1.099304532e-13
162.40625,2.941483357e-13,2.417946073e-13,8.856883862e-13,2.03712763e-13,1.239159613e-13,2.037170055e-13,7.698387278e-14,5.829872062e-14,9.851739087e-14,1.308028212e-13,2.983171439e-13,1.964343433e-13,4.990287613e-14,2.195046256e-13,3.674902629e-13,6.936163347e-13,4.844383712e-13,4.798025908e-13,9.286388423e-14,1.941203659e-13,5.510980441e-14,6.672593452e-14,4.402176914e-14,1.125773395e-13,9.086752536e-14,9.717119888e-14,2.912424147e-13,2.286034059e-13,4.301473056e-13,1.079610429e-13,6.203388819e-13,1.111190756e-13
162.4140625,2.926221821e-13,2.413562908e-13,8.851777979e-13,2.061669742e-13,1.237702546e-13,2.019586828e-13,7.746404149e-14,5.748163307e-14,9.787757441e-14,1.284555109e-13,2.936357504e-13,1.968018731e-13,5.008480996e-14,2.203230803e-13,3.722985639e-13,7.051571044e-13,4.845953833e-13,4.814795178e-13,9.214134735e-14,1.918454823e-13,5.494364719e-14,6.62478663e-14,4.43827527e-14,1.124576467e-13,9.214002326e-14,9.816615873e-14,2.965408745e-13,2.244055094e-13,4.320709335e-13,1.086111008e-13,6.237664758e-13,1.123233889e-13
162.421875,2.910198738e-13,2.411020916e-13,8.849069135e-13,2.086715228e-13,1.237866959e-13,2.002371454e-13,7.795515204e-14,5.664007352e-14,9.721969446e-14,1.260465527e-13,2.890969943e-13,1.972502117e-13,5.032960919e-14,2.212449099e-13,3.773347419e-13,7.171670844e-13,4.850227546e-13,4.832351586e-13,9.149207261e-14,1.898469953e-13,5.475108193e-14,6.577173545e-14,4.475191982e-14,1.12316247e-13,9.341377464e-14,9.920659247e-14,3.021152553e-13,2.202065344e-13,4.343109844e-13,1.092354909e-13,6.273847027e-13,1.135363659e-13
162.4296875,2.894568182e-13,2.410791339e-13,8.848257041e-13,2.111832521e-13,1.237549072e-13,1.985888701e-13,7.845480968e-14,5.57778014e-14,9.655468792e-14,1.237062225e-13,2.847881807e-13,1.977220809e-13,5.060298935e-14,2.221251738e-13,3.822967192e-13,7.292792413e-13,4.856106041e-13,4.850240122e-13,9.0824078e-14,1.879291521e-13,5.456887833e-14,6.52936274e-14,4.514770706e-14,1.121047976e-13,9.467992822e-14,1.002134924e-13,3.077152038e-13,2.162150414e-13,4.366860187e-13,1.09875238e-13,6.310959441e-13,1.147806333e-13
162.4375,2.879378167e-13,2.409375237e-13,8.848697808e-13,2.134992889e-13,1.236650149e-13,1.969702399e-13,7.90132253e-14,5.496238896e-14,9.588350461e-14,1.214632195e-13,2.806840636e-13,1.981228524e-13,5.084707593e-14,2.229589762e-13,3.872132909e-13,7.413941257e-13,4.862126373e-13,4.8677555e-13,9.011831075e-14,1.860015258e-13,5.441843331e-14,6.481927223e-14,4.557748586e-14,1.119016381e-13,9.59653494e-14,1.011668303e-13,3.132286834e-13,2.122793108e-13,4.390835321e-13,1.105137247e-13,6.348185925e-13,1.160790019e-13
162.4453125,2.863449624e-13,2.406414163e-13,8.852120329e-13,2.156984543e-13,1.237377809e-13,1.953615095e-13,7.960484357e-14,5.421520586e-14,9.520656742e-14,1.1920199e-13,2.767473905e-13,1.985109387e-13,5.110906166e-14,2.238615607e-13,3.924132725e-13,7.538948188e-13,4.86917205e-13,4.885120194e-13,8.949419959e-14,1.842537264e-13,5.424485786e-14,6.435392999e-14,4.59984077e-14,1.117506727e-13,9.726516047e-14,1.02182163e-13,3.188936796e-13,2.082049712e-13,4.416430457e-13,1.111716006e-13,6.386996727e-13,1.174021577e-13
162.453125,2.846998696e-13,2.405189162e-13,8.857626417e-13,2.178821041e-13,1.239218575e-13,1.937675724e-13,8.020686421e-14,5.349728346e-14,9.452414143e-14,1.168786299e-13,2.730025926e-13,1.989248178e-13,5.145094823e-14,2.248202067e-13,3.978871669e-13,7.669277833e-13,4.878849589e-13,4.904411468e-13,8.897844712e-14,1.826084007e-13,5.402559688e-14,6.388986225e-14,4.639819566e-14,1.115753795e-13,9.859527765e-14,1.032265798e-13,3.24772357e-13,2.040884632e-13,4.444768161e-13,1.118526314e-13,6.428942047e-13,1.18698653e-13
162.4609375,2.830228857e-13,2.40482537e-13,8.861788568e-13,2.199763935e-13,1.240371992e-13,1.92159152e-13,8.086731745e-14,5.278369845e-14,9.385651421e-14,1.145618269e-13,2.693743224e-13,1.992993204e-13,5.182870609e-14,2.257415018e-13,4.032457725e-13,7.799586644e-13,4.88876239e-13,4.924661206e-13,8.842995909e-14,1.808575456e-13,5.381777298e-14,6.341928024e-14,4.683827094e-14,1.113512844e-13,9.996432973e-14,1.041865891e-13,3.307037632e-13,2.000548652e-13,4.47376224e-13,1.124683154e-13,6.472180689e-13,1.199797138e-13
162.46875,2.811622633e-13,2.402707924e-13,8.866800647e-13,2.218850407e-13,1.240639555e-13,1.904964184e-13,8.159630049e-14,5.210044469e-14,9.319927586e-14,1.122769127e-13,2.657976626e-13,1.996089078e-13,5.220903224e-14,2.265687655e-13,4.084173258e-13,7.926657234e-13,4.896364446e-13,4.942448998e-13,8.77859517e-14,1.791515634e-13,5.362854688e-14,6.292856423e-14,4.732549943e-14,1.111569095e-13,1.013325969e-13,1.051161848e-13,3.366207966e-13,1.960176474e-13,4.500985256e-13,1.130290592e-13,6.515358273e-13,1.212649257e-13
162.4765625,2.791154303e-13,2.40107581e-13,8.874876554e-13,2.235715693e-13,1.240620574e-13,1.887412261e-13,8.232319104e-14,5.144404724e-14,9.249920565e-14,1.099591017e-13,2.62414964e-13,1.998915047e-13,5.26121598e-14,2.272777676e-13,4.13663194e-13,8.054136906e-13,4.904085673e-13,4.958796613e-13,8.716066822e-14,1.777333545e-13,5.344146863e-14,6.241036692e-14,4.779025694e-14,1.110157306e-13,1.02682859e-13,1.060572535e-13,3.425318484e-13,1.919187553e-13,4.527934576e-13,1.13608079e-13,6.559273111e-13,1.225345787e-13
162.484375,2.772200013e-13,2.401620896e-13,8.881801347e-13,2.251624562e-13,1.24099722e-13,1.869271776e-13,8.301729601e-14,5.078052332e-14,9.175650465e-14,1.075809499e-13,2.592988176e-13,2.001705326e-13,5.301937878e-14,2.279015432e-13,4.189697674e-13,8.183215228e-13,4.914111732e-13,4.97647533e-13,8.66103776e-14,1.765412771e-13,5.328865906e-14,6.187816232e-14,4.823846949e-14,1.10904039e-13,1.040192553e-13,1.06954187e-13,3.484694144e-13,1.878663947e-13,4.556681831e-13,1.141644879e-13,6.602681817e-13,1.238007663e-13
162.4921875,2.757184323e-13,2.402726739e-13,8.886437448e-13,2.267870435e-13,1.242097972e-13,1.852307894e-13,8.372901262e-14,5.015184995e-14,9.103682502e-14,1.052185033e-13,2.563178943e-13,2.004198768e-13,5.342265988e-14,2.285524915e-13,4.241871708e-13,8.311354868e-13,4.926196288e-13,4.994821891e-13,8.6076411e-14,1.754287737e-13,5.314282915e-14,6.135078545e-14,4.873185124e-14,1.108086275e-13,1.053301251e-13,1.078168325e-13,3.544247983e-13,1.839637156e-13,4.585506968e-13,1.146847083e-13,6.644208642e-13,1.250618369e-13
162.5,2.743435186e-13,2.404384322e-13,8.892461486e-13,2.283286265e-13,1.243560602e-13,1.837322601e-13,8.446232005e-14,4.959041085e-14,9.034143914e-14,1.029250149e-13,2.534929102e-13,2.006147406e-13,5.386490038e-14,2.292850802e-13,4.294280034e-13,8.440039538e-13,4.941037309e-13,5.01261319e-13,8.558275648e-14,1.744657351e-13,5.295360673e-14,6.08451746e-14,4.924864302e-14,1.106581247e-13,1.066161772e-13,1.086728754e-13,3.603795596e-13,1.802099136e-13,4.613470609e-13,1.152320689e-13,6.685966174e-13,1.262606856e-13
162.5078125,2.727276534e-13,2.406136545e-13,8.900012292e-13,2.297059611e-13,1.24505945e-13,1.82255176e-13,8.516346943e-14,4.902256962e-14,8.960940266e-14,1.006488661e-13,2.509611112e-13,2.008059428e-13,5.435265082e-14,2.300031788e-13,4.34777641e-13,8.571167301e-13,4.957513872e-13,5.029345327e-13,8.517800521e-14,1.737327014e-13,5.277193004e-14,6.035379401e-14,4.973908114e-14,1.104248689e-13,1.078853407e-13,1.095256959e-13,3.664820863e-13,1.765157256e-13,4.642968128e-13,1.157914981e-13,6.729943637e-13,1.274139957e-13
162.515625,2.709939937e-13,2.406981648e-13,8.906497721e-13,2.310226251e-13,1.24637773e-13,1.806734015e-13,8.585924524e-14,4.842722654e-14,8.882611352e-14,9.834390563e-14,2.485968269e-13,2.00995275e-13,5.484483841e-14,2.306127825e-13,4.400803207e-13,8.701944472e-13,4.972833178e-13,5.044479749e-13,8.478102192e-14,1.73117053e-13,5.26121032e-14,5.982912672e-14,5.022586991e-14,1.1018938e-13,1.091418971e-13,1.103757389e-13,3.727185092e-13,1.72808894e-13,4.673243755e-13,1.163190689e-13,6.774366411e-13,1.28581088e-13
162.5234375,2.694021618e-13,2.409713773e-13,8.909932105e-13,2.322913983e-13,1.247210946e-13,1.790666706e-13,8.659353036e-14,4.787861194e-14,8.802805486e-14,9.604736678e-14,2.462119005e-13,2.010552373e-13,5.529969934e-14,2.311070426e-13,4.451842653e-13,8.830025767e-13,4.987673208e-13,5.058714289e-13,8.43280359e-14,1.725857799e-13,5.239404713e-14,5.925681693e-14,5.073689149e-14,1.099420614e-13,1.103735352e-13,1.111500112e-13,3.787224407e-13,1.691713946e-13,4.700863657e-13,1.168141994e-13,6.815454036e-13,1.297171198e-13
162.53125,2.678999961e-13,2.414991146e-13,8.910723526e-13,2.33477777e-13,1.247745393e-13,1.775364432e-13,8.730040666e-14,4.740246672e-14,8.725677469e-14,9.381732112e-14,2.439265358e-13,2.009923672e-13,5.571783465e-14,2.315105183e-13,4.501015604e-13,8.956227425e-13,5.003877118e-13,5.072576587e-13,8.388055683e-14,1.722225096e-13,5.212960635e-14,5.86959576e-14,5.124378661e-14,1.09658279e-13,1.115358695e-13,1.118257348e-13,3.844327415e-13,1.657240588e-13,4.727669601e-13,1.172776348e-13,6.852688819e-13,1.307623863e-13
162.5390625,2.665246606e-13,2.419662921e-13,8.912281594e-13,2.345864445e-13,1.24858107e-13,1.761506467e-13,8.796122986e-14,4.699556032e-14,8.652370316e-14,9.167097436e-14,2.418826196e-13,2.009627377e-13,5.616353128e-14,2.31915499e-13,4.550312441e-13,9.082955771e-13,5.021836418e-13,5.08630379e-13,8.349329864e-14,1.719420137e-13,5.189939241e-14,5.818153135e-14,5.172131478e-14,1.094670078e-13,1.126459379e-13,1.12497012e-13,3.90185897e-13,1.624355673e-13,4.757946833e-13,1.177128949e-13,6.890059976e-13,1.317379216e-13
162.546875,2.654133013e-13,2.424866231e-13,8.913768049e-13,2.35517195e-13,1.249853817e-13,1.748575398e-13,8.867536477e-14,4.666160419e-14,8.577465506e-14,8.957956769e-14,2.399194073e-13,2.009040135e-13,5.664983515e-14,2.323461057e-13,4.601455538e-13,9.212477176e-13,5.0417681e-13,5.101095568e-13,8.314469076e-14,1.717306147e-13,5.169903773e-14,5.766409569e-14,5.218353173e-14,1.093583773e-13,1.13778904e-13,1.131550012e-13,3.960490246e-13,1.591899156e-13,4.790868787e-13,1.180915633e-13,6.927961098e-13,1.326831934e-13
162.5546875,2.643113212e-13,2.431562528e-13,8.910789231e-13,2.362028845e-13,1.250564847e-13,1.734575421e-13,8.945079777e-14,4.634893335e-14,8.495383585e-14,8.752709269e-14,2.379183571e-13,2.006597738e-13,5.711644232e-14,2.326152669e-13,4.653186795e-13,9.343317528e-13,5.062124676e-13,5.11597489e-13,8.279190876e-14,1.717858613e-13,5.149742524e-14,5.709309526e-14,5.263889393e-14,1.091324112e-13,1.149099121e-13,1.13761469e-13,4.018586107e-13,1.559402867e-13,4.823416854e-13,1.183979598e-13,6.962115339e-13,1.336425278e-13
162.5625,2.629995308e-13,2.43626535e-13,8.906397553e-13,2.367636275e-13,1.249913808e-13,1.719858622e-13,9.021968908e-14,4.601987968e-14,8.411644267e-14,8.555798095e-14,2.360578135e-13,2.003827199e-13,5.760662806e-14,2.32736262e-13,4.704500741e-13,9.472964279e-13,5.082116975e-13,5.129033943e-13,8.24514175e-14,1.720454266e-13,5.131057705e-14,5.650428792e-14,5.308110313e-14,1.088207801e-13,1.159917992e-13,1.144128301e-13,4.07601866e-13,1.527675087e-13,4.855379111e-13,1.187147623e-13,6.994430383e-13,1.346276604e-13
162.5703125,2.617165212e-13,2.440580795e-13,8.905322794e-13,2.37318474e-13,1.249766107e-13,1.707172485e-13,9.100563791e-14,4.571517027e-14,8.336199689e-14,8.367883845e-14,2.343980077e-13,2.002707599e-13,5.818363126e-14,2.330387206e-13,4.756842414e-13,9.602712288e-13,5.103941233e-13,5.141378002e-13,8.218394086e-14,1.723123259e-13,5.115796248e-14,5.597340012e-14,5.352893375e-14,1.086073426e-13,1.170797439e-13,1.151107977e-13,4.133472874e-13,1.497737886e-13,4.887960281e-13,1.190425134e-13,7.029714338e-13,1.355812134e-13
162.578125,2.605664269e-13,2.448805654e-13,8.903832543e-13,2.377958015e-13,1.251996669e-13,1.695978324e-13,9.182096541e-14,4.545570511e-14,8.266572076e-14,8.179827941e-14,2.327364292e-13,2.001708681e-13,5.874389815e-14,2.334894442e-13,4.809130813e-13,9.732029403e-13,5.126273006e-13,5.152558536e-13,8.194591236e-14,1.726856401e-13,5.103127379e-14,5.549273033e-14,5.399938904e-14,1.084658565e-13,1.181697605e-13,1.157415981e-13,4.190924606e-13,1.468854964e-13,4.921160183e-13,1.192588245e-13,7.064288688e-13,1.364907539e-13
162.5859375,2.594132164e-13,2.458303616e-13,8.898896173e-13,2.3796594e-13,1.254220593e-13,1.683519515e-13,9.260979698e-14,4.520760808e-14,8.192113631e-14,7.986921156e-14,2.310879932e-13,1.998739757e-13,5.923052673e-14,2.337297265e-13,4.858219137e-13,9.856953312e-13,5.146235547e-13,5.1601495e-13,8.164600047e-14,1.731617664e-13,5.089084099e-14,5.498613077e-14,5.446732388e-14,1.083066388e-13,1.191919083e-13,1.163060828e-13,4.246855753e-13,1.439662571e-13,4.953522309e-13,1.193867901e-13,7.094210017e-13,1.373879722e-13
162.59375,2.583381941e-13,2.466141279e-13,8.893500471e-13,2.378188485e-13,1.25401778e-13,1.670463615e-13,9.338053653e-14,4.495279284e-14,8.112352756e-14,7.794650243e-14,2.296793933e-13,1.994530374e-13,5.974655819e-14,2.338080537e-13,4.905230018e-13,9.97848217e-13,5.166854521e-13,5.166159187e-13,8.133638063e-14,1.735400844e-13,5.07205634e-14,5.444668626e-14,5.491761175e-14,1.081356836e-13,1.201783038e-13,1.168270438e-13,4.300138618e-13,1.410728518e-13,4.984842082e-13,1.195232574e-13,7.122912758e-13,1.382419336e-13
162.6015625,2.573992496e-13,2.473999468e-13,8.888402527e-13,2.377215757e-13,1.253058108e-13,1.658813467e-13,9.415602129e-14,4.47082817e-14,8.034216248e-14,7.60760615e-14,2.284738042e-13,1.990363818e-13,6.030071918e-14,2.339304803e-13,4.95303587e-13,1.010026266e-12,5.18985425e-13,5.172936352e-13,8.106098432e-14,1.739328541e-13,5.057567733e-14,5.391567087e-14,5.536875857e-14,1.079134849e-13,1.211504349e-13,1.172937983e-13,4.352680407e-13,1.383102754e-13,5.017164823e-13,1.196396979e-13,7.151264452e-13,1.390400288e-13
162.609375,2.564510601e-13,2.481721282e-13,8.880896099e-13,2.377565142e-13,1.252185784e-13,1.647810975e-13,9.490698773e-14,4.449658447e-14,7.956809933e-14,7.427507612e-14,2.272906309e-13,1.985686159e-13,6.081000903e-14,2.339605225e-13,4.999988239e-13,1.021942413e-12,5.211148937e-13,5.178403358e-13,8.073236744e-14,1.744210908e-13,5.047742088e-14,5.337492099e-14,5.582124179e-14,1.076063679e-13,1.220476147e-13,1.177461614e-13,4.405358199e-13,1.356447399e-13,5.049716292e-13,1.197250632e-13,7.176147246e-13,1.397944595e-13
162.6171875,2.554749691e-13,2.488088446e-13,8.868863153e-13,2.375432237e-13,1.250321519e-13,1.636003981e-13,9.564102786e-14,4.432151603e-14,7.876112815e-14,7.254377974e-14,2.261374262e-13,1.979521458e-13,6.124686935e-14,2.338068351e-13,5.042039827e-13,1.032940613e-12,5.229203336e-13,5.181201527e-13,8.036360826e-14,1.747566668e-13,5.036135448e-14,5.280780077e-14,5.625657209e-14,1.073071281e-13,1.228633923e-13,1.181208683e-13,4.454878136e-13,1.33037628e-13,5.077926418e-13,1.197839378e-13,7.197129032e-13,1.404240522e-13
162.625,2.545338884e-13,2.495272484e-13,8.851665759e-13,2.370634971e-13,1.24869809e-13,1.623365403e-13,9.634045213e-14,4.417164288e-14,7.794776408e-14,7.083167804e-14,2.250588482e-13,1.972112072e-13,6.157273432e-14,2.335479702e-13,5.078119706e-13,1.042909762e-12,5.245185481e-13,5.181068464e-13,8.003330704e-14,1.75080013e-13,5.021172225e-14,5.224193773e-14,5.665194631e-14,1.070913895e-13,1.235802982e-13,1.183069239e-13,4.499551439e-13,1.305074369e-13,5.10084627e-13,1.197382049e-13,7.213457305e-13,1.408970649e-13
162.6328125,2.536398318e-13,2.505782385e-13,8.830455899e-13,2.3663296e-13,1.248195225e-13,1.610522051e-13,9.694390287e-14,4.404432039e-14,7.715915223e-14,6.911911015e-14,2.240177458e-13,1.964323431e-13,6.181107065e-14,2.331490704e-13,5.111131375e-13,1.052463187e-12,5.259131463e-13,5.177251177e-13,7.965803338e-14,1.757973634e-13,5.008802986e-14,5.166851384e-14,5.698801699e-14,1.068996018e-13,1.241428845e-13,1.18397942e-13,4.541785627e-13,1.280843139e-13,5.122333221e-13,1.196030969e-13,7.224492954e-13,1.413309584e-13
162.640625,2.528305749e-13,2.518213651e-13,8.805873274e-13,2.361721092e-13,1.247278698e-13,1.598150549e-13,9.753085547e-14,4.39447481e-14,7.638948909e-14,6.745971579e-14,2.229959517e-13,1.956265923e-13,6.209195256e-14,2.326716494e-13,5.144129721e-13,1.062088037e-12,5.272592089e-13,5.171779836e-13,7.917377566e-14,1.766920776e-13,5.000828854e-14,5.107716439e-14,5.729436417e-14,1.066445727e-13,1.24624337e-13,1.184851169e-13,4.582890891e-13,1.257876042e-13,5.14374341e-13,1.194483354e-13,7.233072008e-13,1.417597296e-13
162.6484375,2.520848221e-13,2.528743147e-13,8.776722837e-13,2.355023749e-13,1.245929327e-13,1.586254797e-13,9.819208215e-14,4.386292941e-14,7.562860969e-14,6.584818438e-14,2.220073666e-13,1.947138781e-13,6.241058279e-14,2.322670607e-13,5.176437372e-13,1.071430404e-12,5.286396835e-13,5.165857597e-13,7.867983502e-14,1.773402535e-13,4.99470102e-14,5.050769398e-14,5.7602344e-14,1.063360635e-13,1.251043004e-13,1.184827438e-13,4.621639479e-13,1.235371859e-13,5.162633511e-13,1.19213067e-13,7.239104747e-13,1.420851259e-13
162.65625,2.514434303e-13,2.537181836e-13,8.743334143e-13,2.347634431e-13,1.2446458e-13,1.574581933e-13,9.881651618e-14,4.377186433e-14,7.486416633e-14,6.422812323e-14,2.210903449e-13,1.936679494e-13,6.266881814e-14,2.318522277e-13,5.206108623e-13,1.080029068e-12,5.298482232e-13,5.156923765e-13,7.82165277e-14,1.778220158e-13,4.990012692e-14,4.996514638e-14,5.786624505e-14,1.060449837e-13,1.255045577e-13,1.183940125e-13,4.657435735e-13,1.212790166e-13,5.178136244e-13,1.188791062e-13,7.23964676e-13,1.422905859e-13
162.6640625,2.510689562e-13,2.547380016e-13,8.707921025e-13,2.340536352e-13,1.242756159e-13,1.564149243e-13,9.936114056e-14,4.365986473e-14,7.411106568e-14,6.262205904e-14,2.202449846e-13,1.925895353e-13,6.290697093e-14,2.31385123e-13,5.234214982e-13,1.088132355e-12,5.309079257e-13,5.145369805e-13,7.773568919e-14,1.783173486e-13,4.987903695e-14,4.94282849e-14,5.805791535e-14,1.057831197e-13,1.257888574e-13,1.182931989e-13,4.690794998e-13,1.191582804e-13,5.192086122e-13,1.185178897e-13,7.236530354e-13,1.424452652e-13
162.671875,2.508129968e-13,2.559633553e-13,8.671400909e-13,2.333167459e-13,1.241437224e-13,1.555364249e-13,9.996192486e-14,4.353954502e-14,7.339157408e-14,6.106368805e-14,2.194065323e-13,1.915395959e-13,6.316637574e-14,2.309965584e-13,5.262893757e-13,1.096109444e-12,5.320148165e-13,5.133631498e-13,7.725764585e-14,1.788659354e-13,4.988953367e-14,4.891228331e-14,5.822047199e-14,1.054959406e-13,1.260308653e-13,1.181129479e-13,4.72181246e-13,1.172146164e-13,5.205500751e-13,1.18092145e-13,7.231947627e-13,1.425709087e-13
162.6796875,2.503906389e-13,2.571092873e-13,8.6321678e-13,2.324494265e-13,1.24104308e-13,1.545995707e-13,1.006089561e-13,4.340195787e-14,7.263965419e-14,5.952492643e-14,2.185969955e-13,1.904233762e-13,6.339145878e-14,2.305576793e-13,5.292056752e-13,1.103913602e-12,5.330863543e-13,5.120042268e-13,7.681001776e-14,1.795373698e-13,4.99248455e-14,4.839148453e-14,5.836309085e-14,1.051625246e-13,1.262465708e-13,1.178429104e-13,4.750739694e-13,1.152566349e-13,5.217832365e-13,1.175636056e-13,7.223680438e-13,1.426496404e-13
162.6875,2.499740633e-13,2.582662599e-13,8.587194764e-13,2.313038865e-13,1.238623882e-13,1.534639341e-13,1.011961964e-13,4.322838182e-14,7.179088486e-14,5.801422965e-14,2.178348717e-13,1.891333854e-13,6.356765445e-14,2.298477689e-13,5.320148004e-13,1.111391501e-12,5.339861926e-13,5.103198961e-13,7.634133426e-14,1.802480206e-13,4.997123958e-14,4.780807568e-14,5.847878165e-14,1.048163286e-13,1.264229438e-13,1.176243321e-13,4.77838712e-13,1.133040749e-13,5.22832855e-13,1.16993141e-13,7.210492192e-13,1.426870238e-13
162.6953125,2.49786804e-13,2.596042059e-13,8.535297927e-13,2.299760767e-13,1.234470422e-13,1.522930302e-13,1.017599492e-13,4.304718023e-14,7.092273445e-14,5.656548281e-14,2.169879505e-13,1.876900215e-13,6.368988115e-14,2.29011829e-13,5.345872888e-13,1.118481909e-12,5.347736006e-13,5.084887994e-13,7.581087224e-14,1.808833627e-13,5.003170844e-14,4.719545951e-14,5.860132499e-14,1.044700682e-13,1.265628103e-13,1.174535783e-13,4.804045962e-13,1.115607468e-13,5.235453841e-13,1.163808053e-13,7.192587728e-13,1.427023762e-13
162.703125,2.496727623e-13,2.609472995e-13,8.478610012e-13,2.28684455e-13,1.232179258e-13,1.511992485e-13,1.023173122e-13,4.288617566e-14,7.01224801e-14,5.515063908e-14,2.16075598e-13,1.862148149e-13,6.373585441e-14,2.28283616e-13,5.368840366e-13,1.125153497e-12,5.355381274e-13,5.065621627e-13,7.525625396e-14,1.815394695e-13,5.011994415e-14,4.662102001e-14,5.87150569e-14,1.040980442e-13,1.266128726e-13,1.171757183e-13,4.826488993e-13,1.099641856e-13,5.238368799e-13,1.157001717e-13,7.169796365e-13,1.426724349e-13
162.7109375,2.496041594e-13,2.62168644e-13,8.419767477e-13,2.272955054e-13,1.231226846e-13,1.501212802e-13,1.028215587e-13,4.273390874e-14,6.936578645e-14,5.375724875e-14,2.152967898e-13,1.848031981e-13,6.374567764e-14,2.276412016e-13,5.388834082e-13,1.131219998e-12,5.362244102e-13,5.044759084e-13,7.471596778e-14,1.821728296e-13,5.023638248e-14,4.607595361e-14,5.876614656e-14,1.037076077e-13,1.265345462e-13,1.167575711e-13,4.846652131e-13,1.083614694e-13,5.239320235e-13,1.149865966e-13,7.14424971e-13,1.425464631e-13
162.71875,2.497874698e-13,2.633746719e-13,8.359803688e-13,2.257363916e-13,1.229038808e-13,1.490863643e-13,1.033251696e-13,4.25916551e-14,6.861560182e-14,5.242272805e-14,2.146202547e-13,1.833963906e-13,6.373946205e-14,2.269353051e-13,5.405359406e-13,1.136393179e-12,5.366571497e-13,5.021772451e-13,7.41448654e-14,1.826059008e-13,5.037248513e-14,4.552588752e-14,5.876836187e-14,1.033419601e-13,1.263574321e-13,1.162651201e-13,4.864466509e-13,1.068424644e-13,5.239449981e-13,1.142238287e-13,7.117011406e-13,1.423280042e-13
162.7265625,2.501984549e-13,2.647370341e-13,8.297571006e-13,2.243087096e-13,1.225843009e-13,1.48158114e-13,1.038433278e-13,4.244764396e-14,6.786485874e-14,5.112968798e-14,2.139161525e-13,1.818816232e-13,6.367687343e-14,2.260695283e-13,5.41905565e-13,1.14079163e-12,5.367935319e-13,4.995061012e-13,7.349566498e-14,1.829179589e-13,5.051994578e-14,4.496323928e-14,5.874525396e-14,1.029823035e-13,1.260794442e-13,1.15712825e-13,4.878106073e-13,1.055138092e-13,5.236206349e-13,1.133699657e-13,7.085082412e-13,1.420479743e-13
162.734375,2.506270748e-13,2.663304424e-13,8.23101989e-13,2.230224335e-13,1.222464676e-13,1.472644362e-13,1.042914832e-13,4.226811554e-14,6.711602177e-14,4.984952813e-14,2.132478057e-13,1.803067767e-13,6.355386359e-14,2.251237745e-13,5.430987096e-13,1.144741875e-12,5.367268859e-13,4.964297976e-13,7.283699214e-14,1.832217415e-13,5.068620713e-14,4.440039745e-14,5.867297105e-14,1.025713947e-13,1.256764626e-13,1.150927968e-13,4.888977277e-13,1.043228575e-13,5.228811711e-13,1.124683718e-13,7.047938182e-13,1.416881396e-13
162.7421875,2.509718458e-13,2.679129052e-13,8.160795404e-13,2.216085345e-13,1.219563834e-13,1.463572374e-13,1.046952984e-13,4.208896201e-14,6.639408416e-14,4.863518862e-14,2.126418765e-13,1.787564711e-13,6.339067937e-14,2.242680003e-13,5.440915746e-13,1.148185316e-12,5.364400226e-13,4.930961131e-13,7.225855749e-14,1.834999777e-13,5.089367237e-14,4.386294357e-14,5.854641842e-14,1.0212342e-13,1.251746571e-13,1.143961725e-13,4.898939009e-13,1.032070685e-13,5.218651942e-13,1.115545299e-13,7.008278855e-13,1.412293283e-13
162.75,2.513180239e-13,2.692863885e-13,8.088394433e-13,2.201093233e-13,1.217984635e-13,1.454911656e-13,1.051359723e-13,4.195208857e-14,6.56875624e-14,4.749862702e-14,2.120397177e-13,1.771521535e-13,6.319002939e-14,2.234637519e-13,5.449406871e-13,1.151122787e-12,5.359688485e-13,4.895173052e-13,7.172447984e-14,1.838170483e-13,5.112492048e-14,4.334817136e-14,5.838240514e-14,1.016642584e-13,1.246061122e-13,1.136103566e-13,4.90638698e-13,1.021616248e-13,5.205326945e-13,1.105857231e-13,6.965412674e-13,1.407037306e-13
162.7578125,2.518566842e-13,2.707192457e-13,8.011859731e-13,2.185423224e-13,1.216655007e-13,1.446454592e-13,1.055788603e-13,4.180688678e-14,6.495894177e-14,4.635256737e-14,2.114807731e-13,1.754384731e-13,6.292966211e-14,2.225511525e-13,5.457274347e-13,1.153704018e-12,5.354315774e-13,4.85683583e-13,7.114484607e-14,1.841322009e-13,5.133686711e-14,4.282751737e-14,5.81841185e-14,1.011696995e-13,1.239712019e-13,1.127798693e-13,4.911155462e-13,1.012200152e-13,5.189197554e-13,1.095249452e-13,6.917179073e-13,1.401477484e-13
162.765625,2.525998073e-13,2.723016224e-13,7.929796587e-13,2.167396343e-13,1.214254806e-13,1.437644584e-13,1.05981757e-13,4.163457135e-14,6.425360224e-14,4.518369675e-14,2.10948554e-13,1.737149427e-13,6.258225592e-14,2.215655057e-13,5.462181103e-13,1.155540827e-12,5.346633022e-13,4.817183076e-13,7.050807977e-14,1.842652624e-13,5.156847161e-14,4.23080471e-14,5.795415482e-14,1.006675442e-13,1.232583446e-13,1.119363785e-13,4.913371542e-13,1.004075533e-13,5.171251278e-13,1.083802129e-13,6.864918447e-13,1.395561659e-13
162.7734375,2.533827822e-13,2.737115368e-13,7.844872972e-13,2.149356546e-13,1.211209728e-13,1.429618355e-13,1.063903616e-13,4.148664247e-14,6.361817535e-14,4.40638256e-14,2.10315944e-13,1.720325789e-13,6.221505352e-14,2.20615428e-13,5.463350342e-13,1.156429081e-12,5.335375527e-13,4.776487337e-13,6.984841798e-14,1.842756814e-13,5.189888328e-14,4.180757519e-14,5.768988371e-14,1.002147694e-13,1.224625882e-13,1.110087251e-13,4.910009751e-13,9.969430509e-14,5.149597792e-13,1.071672983e-13,6.810740688e-13,1.388937237e-13
162.78125,2.542424041e-13,2.751116547e-13,7.758852678e-13,2.134659464e-13,1.20749354e-13,1.423753527e-13,1.068398891e-13,4.134963303e-14,6.299427901e-14,4.298131573e-14,2.095775876e-13,1.703252676e-13,6.190219858e-14,2.1965555e-13,5.465014908e-13,1.157068125e-12,5.323378728e-13,4.734036007e-13,6.915928008e-14,1.84342693e-13,5.229229272e-14,4.131179663e-14,5.738893743e-14,9.976718411e-14,1.216003023e-13,1.099703534e-13,4.902523106e-13,9.910909036e-14,5.123903221e-13,1.058937125e-13,6.754465784e-13,1.38157431e-13
162.7890625,2.553004696e-13,2.769249498e-13,7.669841934e-13,2.120556305e-13,1.203105481e-13,1.418720132e-13,1.072827195e-13,4.118300046e-14,6.234510115e-14,4.189260624e-14,2.088696574e-13,1.68539174e-13,6.155254367e-14,2.186161339e-13,5.467740765e-13,1.15773613e-12,5.311292189e-13,4.689665941e-13,6.842230211e-14,1.844698184e-13,5.266014607e-14,4.081429104e-14,5.706673846e-14,9.926279038e-14,1.206782541e-13,1.088993905e-13,4.896304911e-13,9.873216395e-14,5.096559033e-13,1.045762927e-13,6.694992469e-13,1.373904498e-13
162.796875,2.564243213e-13,2.7877998e-13,7.576035568e-13,2.102726421e-13,1.199460179e-13,1.412466246e-13,1.07660549e-13,4.101161791e-14,6.171270409e-14,4.085076474e-14,2.082885545e-13,1.666878498e-13,6.110238391e-14,2.175565607e-13,5.46677163e-13,1.157820866e-12,5.29606456e-13,4.643467145e-13,6.766841849e-14,1.845944425e-13,5.303185867e-14,4.032639272e-14,5.67240503e-14,9.874345886e-14,1.19679292e-13,1.078154756e-13,4.890079794e-13,9.846615223e-14,5.066629655e-13,1.032360415e-13,6.631809829e-13,1.366005127e-13
162.8046875,2.575451551e-13,2.801747999e-13,7.478865606e-13,2.082080406e-13,1.196846878e-13,1.406082904e-13,1.080169661e-13,4.084906697e-14,6.111338185e-14,3.989371744e-14,2.077721741e-13,1.648361388e-13,6.063907178e-14,2.165843515e-13,5.462352589e-13,1.157203776e-12,5.27818862e-13,4.595964279e-13,6.693010385e-14,1.846257059e-13,5.348590218e-14,3.985499316e-14,5.634494607e-14,9.826862669e-14,1.186203354e-13,1.066912182e-13,4.879861664e-13,9.817875968e-14,5.032826399e-13,1.018516808e-13,6.565374372e-13,1.357693002e-13
162.8125,2.588930805e-13,2.815332017e-13,7.380771573e-13,2.061939806e-13,1.194014144e-13,1.401389168e-13,1.084288842e-13,4.067003426e-14,6.052804085e-14,3.895799568e-14,2.071865272e-13,1.62995986e-13,6.015026837e-14,2.157057675e-13,5.458308787e-13,1.156275827e-12,5.260172048e-13,4.547317363e-13,6.61773806e-14,1.844741138e-13,5.400679062e-14,3.940485948e-14,5.592698623e-14,9.783173395e-14,1.175273402e-13,1.055340642e-13,4.86620457e-13,9.799895215e-14,4.997393185e-13,1.003758395e-13,6.49618648e-13,1.34916474e-13
162.8203125,2.604977596e-13,2.833515727e-13,7.281297391e-13,2.042886743e-13,1.190310094e-13,1.397127088e-13,1.088542119e-13,4.047647597e-14,5.993641196e-14,3.801210252e-14,2.065429537e-13,1.610895501e-13,5.955718077e-14,2.148339969e-13,5.453314827e-13,1.154905328e-12,5.240670296e-13,4.496035188e-13,6.537560153e-14,1.842660154e-13,5.454994283e-14,3.895918929e-14,5.544962294e-14,9.740250565e-14,1.163560777e-13,1.043068813e-13,4.849298024e-13,9.803814432e-14,4.960360986e-13,9.882726235e-14,6.423812759e-13,1.340155542e-13
162.828125,2.620613281e-13,2.853714933e-13,7.179419068e-13,2.023188145e-13,1.185912018e-13,1.392061064e-13,1.092130725e-13,4.028517762e-14,5.933740156e-14,3.711309223e-14,2.059509113e-13,1.591440252e-13,5.892621848e-14,2.139557459e-13,5.445071278e-13,1.152793573e-12,5.21804048e-13,4.441641029e-13,6.45630845e-14,1.841886903e-13,5.51240593e-14,3.850251383e-14,5.48857334e-14,9.696112271e-14,1.150603047e-13,1.029881052e-13,4.828696839e-13,9.81542059e-14,4.920100276e-13,9.72784229e-14,6.348607507e-13,1.33001714e-13
162.8359375,2.635730669e-13,2.872996515e-13,7.076414104e-13,2.00263958e-13,1.181710047e-13,1.387538508e-13,1.095295237e-13,4.009598016e-14,5.878433794e-14,3.629031891e-14,2.054253834e-13,1.572841944e-13,5.829410171e-14,2.131404169e-13,5.435048172e-13,1.150020823e-12,5.193448332e-13,4.386127221e-13,6.37951657e-14,1.841263798e-13,5.572480219e-14,3.806795761e-14,5.428131261e-14,9.649120335e-14,1.136836266e-13,1.016738768e-13,4.806617477e-13,9.831701994e-14,4.878408666e-13,9.573453229e-14,6.272216585e-13,1.319513244e-13
162.84375,2.653326008e-13,2.892225512e-13,6.972233693e-13,1.983464386e-13,1.178271353e-13,1.384008873e-13,1.098629395e-13,3.989884232e-14,5.830076908e-14,3.549781565e-14,2.049292607e-13,1.554862792e-13,5.758308232e-14,2.123879956e-13,5.423816375e-13,1.146635193e-12,5.167367159e-13,4.330450142e-13,6.304981059e-14,1.838549444e-13,5.631294713e-14,3.766680486e-14,5.370885815e-14,9.598815943e-14,1.12294539e-13,1.00417162e-13,4.783161864e-13,9.868915227e-14,4.835805273e-13,9.414570375e-14,6.194445519e-13,1.309907882e-13
162.8515625,2.673000912e-13,2.912417979e-13,6.865760604e-13,1.966048668e-13,1.174975888e-13,1.380437942e-13,1.102142437e-13,3.968529974e-14,5.783557654e-14,3.469664165e-14,2.044166655e-13,1.536809433e-13,5.681145118e-14,2.116817964e-13,5.410727976e-13,1.142583227e-12,5.139287101e-13,4.273898816e-13,6.228614058e-14,1.834454117e-13,5.688927486e-14,3.725953962e-14,5.31589798e-14,9.547464454e-14,1.108961936e-13,9.916453767e-14,4.756133299e-13,9.923452833e-14,4.789218537e-13,9.254230785e-14,6.113528597e-13,1.300658074e-13
162.859375,2.692107786e-13,2.933800139e-13,6.757770903e-13,1.947174038e-13,1.172039505e-13,1.377076599e-13,1.105494138e-13,3.948318657e-14,5.73992493e-14,3.390994837e-14,2.038381025e-13,1.519221607e-13,5.604161166e-14,2.110789555e-13,5.396269149e-13,1.137956565e-12,5.109577425e-13,4.216424576e-13,6.153864642e-14,1.83047483e-13,5.749195587e-14,3.685752092e-14,5.258716542e-14,9.497407679e-14,1.094433041e-13,9.789888694e-14,4.72634242e-13,9.97772894e-14,4.738310384e-13,9.099482665e-14,6.02977773e-13,1.290746003e-13
162.8671875,2.711726497e-13,2.955253013e-13,6.647738985e-13,1.925433401e-13,1.169731918e-13,1.3744024e-13,1.108635239e-13,3.934036083e-14,5.703360243e-14,3.316790976e-14,2.032369524e-13,1.502105078e-13,5.525394746e-14,2.105843587e-13,5.380360854e-13,1.132850791e-12,5.078461462e-13,4.157905035e-13,6.08342243e-14,1.825566082e-13,5.814281801e-14,3.649708445e-14,5.199397739e-14,9.449264381e-14,1.079223601e-13,9.663272703e-14,4.695726518e-13,1.003696588e-13,4.686324515e-13,8.945232339e-14,5.945030694e-13,1.280502385e-13
162.875,2.733842238e-13,2.975508227e-13,6.535389515e-13,1.903654816e-13,1.166443444e-13,1.372003266e-13,1.111893632e-13,3.92493115e-14,5.669221334e-14,3.245706166e-14,2.026446106e-13,1.485063182e-13,5.446809417e-14,2.101395973e-13,5.363886121e-13,1.127401065e-12,5.046085777e-13,4.098018018e-13,6.013317176e-14,1.819411826e-13,5.885311646e-14,3.615970057e-14,5.137781233e-14,9.407780753e-14,1.063728271e-13,9.536182564e-14,4.664929619e-13,1.011878097e-13,4.635586412e-13,8.781538096e-14,5.860397483e-13,1.270213137e-13
162.8828125,2.757016881e-13,2.996564885e-13,6.423832427e-13,1.883210319e-13,1.162483162e-13,1.369905976e-13,1.115181815e-13,3.917604557e-14,5.637173899e-14,3.177293622e-14,2.020000433e-13,1.468760929e-13,5.372489586e-14,2.097429965e-13,5.348397711e-13,1.121747257e-12,5.012701361e-13,4.037418455e-13,5.944197906e-14,1.813933774e-13,5.961314133e-14,3.584697292e-14,5.070967026e-14,9.378049457e-14,1.047990609e-13,9.408345034e-14,4.634014305e-13,1.021975353e-13,4.58514826e-13,8.610531451e-14,5.776057144e-13,1.259461005e-13
162.890625,2.780499848e-13,3.019029231e-13,6.312738311e-13,1.862614306e-13,1.159725969e-13,1.368271257e-13,1.118118296e-13,3.91200489e-14,5.612155236e-14,3.114393338e-14,2.013389069e-13,1.453009895e-13,5.296608808e-14,2.093817378e-13,5.331438473e-13,1.115640129e-12,4.977603387e-13,3.975837659e-13,5.879428869e-14,1.808174329e-13,6.037565392e-14,3.557646452e-14,4.999925593e-14,9.350255292e-14,1.031509816e-13,9.275436887e-14,4.600661019e-13,1.032180258e-13,4.531308052e-13,8.43886634e-14,5.690540515e-13,1.248398508e-13
162.8984375,2.806029955e-13,3.039982219e-13,6.199833905e-13,1.842658664e-13,1.156288585e-13,1.367405904e-13,1.120974058e-13,3.906083906e-14,5.587958446e-14,3.056315484e-14,2.007515054e-13,1.436994485e-13,5.215564856e-14,2.090306873e-13,5.311335287e-13,1.108809224e-12,4.940731415e-13,3.912176946e-13,5.815964981e-14,1.799312386e-13,6.114434387e-14,3.530564896e-14,4.928952351e-14,9.311174147e-14,1.014390698e-13,9.135756979e-14,4.56275969e-13,1.04251012e-13,4.473097999e-13,8.267596969e-14,5.602932537e-13,1.237415494e-13
162.90625,2.833318186e-13,3.061421671e-13,6.088613361e-13,1.82487245e-13,1.151222361e-13,1.368026204e-13,1.124044026e-13,3.897170452e-14,5.562235514e-14,3.000220879e-14,2.002363347e-13,1.421789125e-13,5.13394701e-14,2.087933842e-13,5.2917149e-13,1.101576964e-12,4.902750407e-13,3.847451094e-13,5.755461031e-14,1.789097674e-13,6.198736068e-14,3.503952974e-14,4.858682331e-14,9.268930729e-14,9.972687668e-14,8.99717476e-14,4.52331095e-13,1.054639063e-13,4.414763618e-13,8.09704418e-14,5.516084761e-13,1.226404123e-13
162.9140625,2.860420162e-13,3.086513007e-13,5.979338832e-13,1.806687037e-13,1.148411478e-13,1.369182124e-13,1.12723333e-13,3.890682972e-14,5.545127598e-14,2.947403903e-14,1.997743226e-13,1.407643421e-13,5.050562251e-14,2.087302506e-13,5.272933435e-13,1.094292822e-12,4.862957021e-13,3.782810911e-13,5.701921933e-14,1.781032817e-13,6.287794518e-14,3.484189596e-14,4.787358806e-14,9.236638906e-14,9.800953837e-14,8.861181896e-14,4.48512514e-13,1.068330292e-13,4.357567298e-13,7.924727689e-14,5.43136176e-13,1.215558908e-13
162.921875,2.887832827e-13,3.110485021e-13,5.866051908e-13,1.785530763e-13,1.147820769e-13,1.369331272e-13,1.130873511e-13,3.891033353e-14,5.533347002e-14,2.897819757e-14,1.992721227e-13,1.392449784e-13,4.962078584e-14,2.08692245e-13,5.251167849e-13,1.08676389e-12,4.821917173e-13,3.717337692e-13,5.645140871e-14,1.774270562e-13,6.371792621e-14,3.466592017e-14,4.715831236e-14,9.208333155e-14,9.625565324e-14,8.722710257e-14,4.445910192e-13,1.081763497e-13,4.297209402e-13,7.745878961e-14,5.345372205e-13,1.205156805e-13
162.9296875,2.917376166e-13,3.131062267e-13,5.750831466e-13,1.763161366e-13,1.145092185e-13,1.369647985e-13,1.134992513e-13,3.892397599e-14,5.516905361e-14,2.847991507e-14,1.986394094e-13,1.376600015e-13,4.873653627e-14,2.086561881e-13,5.227532597e-13,1.078705011e-12,4.781648284e-13,3.651381665e-13,5.580136706e-14,1.765837547e-13,6.454213488e-14,3.444744672e-14,4.6456712e-14,9.176156665e-14,9.44954379e-14,8.587385378e-14,4.40440612e-13,1.095264701e-13,4.233498791e-13,7.56519575e-14,5.258119098e-13,1.194663264e-13
162.9375,2.94880948e-13,3.153308082e-13,5.639974426e-13,1.74185351e-13,1.140961429e-13,1.371790544e-13,1.138974732e-13,3.892354479e-14,5.503965395e-14,2.799987359e-14,1.980404932e-13,1.36274882e-13,4.788647461e-14,2.088412493e-13,5.205672281e-13,1.070195638e-12,4.741087546e-13,3.586947176e-13,5.521857943e-14,1.754884017e-13,6.544852088e-14,3.426326806e-14,4.575142899e-14,9.144098463e-14,9.275353406e-14,8.459615628e-14,4.362688786e-13,1.110275988e-13,4.171579842e-13,7.389161617e-14,5.173638505e-13,1.183786363e-13
162.9453125,2.980374984e-13,3.177075388e-13,5.531394968e-13,1.721969315e-13,1.137947628e-13,1.375185107e-13,1.142978435e-13,3.897585528e-14,5.500728511e-14,2.759217503e-14,1.975890865e-13,1.350397289e-13,4.703720343e-14,2.092471563e-13,5.186265163e-13,1.061703235e-12,4.699579589e-13,3.524181392e-13,5.474282491e-14,1.743272005e-13,6.642096621e-14,3.415824897e-14,4.500836971e-14,9.115591824e-14,9.100802016e-14,8.331926796e-14,4.321206318e-13,1.126466228e-13,4.112893751e-13,7.213228658e-14,5.090961385e-13,1.173121156e-13
162.953125,3.011916434e-13,3.199128032e-13,5.422312708e-13,1.702824605e-13,1.134410735e-13,1.378885455e-13,1.14721958e-13,3.909647161e-14,5.498003194e-14,2.72380131e-14,1.971145328e-13,1.337445598e-13,4.618453038e-14,2.096198975e-13,5.168441663e-13,1.053492846e-12,4.659429358e-13,3.461853272e-13,5.424618321e-14,1.732978755e-13,6.741452408e-14,3.406118356e-14,4.423364006e-14,9.091283215e-14,8.924704374e-14,8.202397292e-14,4.279537847e-13,1.143411702e-13,4.054543413e-13,7.034642911e-14,5.006855493e-13,1.162854265e-13
162.9609375,3.045170461e-13,3.222125891e-13,5.313410275e-13,1.683098833e-13,1.130217732e-13,1.382465171e-13,1.151095348e-13,3.923498816e-14,5.494145521e-14,2.68766394e-14,1.965491704e-13,1.3241898e-13,4.533092488e-14,2.099521609e-13,5.148777765e-13,1.044917843e-12,4.618451074e-13,3.399102296e-13,5.371667804e-14,1.722838868e-13,6.842106963e-14,3.395911015e-14,4.348627668e-14,9.070653233e-14,8.747227996e-14,8.074627741e-14,4.238108867e-13,1.161708685e-13,3.994651764e-13,6.857079021e-14,4.922309918e-13,1.152671962e-13
162.96875,3.080300739e-13,3.247419952e-13,5.202450547e-13,1.663162534e-13,1.127581112e-13,1.38598304e-13,1.154885981e-13,3.937768174e-14,5.494922897e-14,2.649758865e-14,1.959007005e-13,1.31147793e-13,4.445190136e-14,2.104475042e-13,5.124309445e-13,1.035342392e-12,4.572486653e-13,3.335338974e-13,5.320951561e-14,1.710802663e-13,6.941102343e-14,3.388949244e-14,4.279886351e-14,9.048766948e-14,8.568258207e-14,7.944937504e-14,4.195257255e-13,1.180920344e-13,3.932685234e-13,6.677185873e-14,4.838014442e-13,1.142670145e-13
162.9765625,3.115407641e-13,3.27205402e-13,5.090577202e-13,1.644460479e-13,1.125646452e-13,1.390476225e-13,1.159349535e-13,3.95419456e-14,5.498315397e-14,2.614744418e-14,1.950882098e-13,1.29918372e-13,4.357497489e-14,2.111035424e-13,5.098584021e-13,1.025300144e-12,4.524457757e-13,3.271175755e-13,5.270755277e-14,1.697993546e-13,7.040160103e-14,3.383921143e-14,4.212134385e-14,9.025213345e-14,8.388960738e-14,7.811955674e-14,4.149662335e-13,1.200150293e-13,3.869210603e-13,6.49241611e-14,4.753509485e-13,1.132929497e-13
162.984375,3.150652218e-13,3.29575812e-13,4.98437937e-13,1.625725981e-13,1.123158481e-13,1.395981587e-13,1.163877867e-13,3.974502151e-14,5.502308028e-14,2.587445953e-14,1.942977979e-13,1.287554253e-13,4.274103648e-14,2.11790654e-13,5.074903124e-13,1.015385858e-12,4.477910869e-13,3.208078629e-13,5.222762829e-14,1.686083922e-13,7.144929785e-14,3.380947709e-14,4.140445107e-14,9.006345025e-14,8.210231761e-14,7.682498837e-14,4.104177438e-13,1.220092772e-13,3.806715773e-13,6.311422458e-14,4.671556187e-13,1.123381728e-13
162.9921875,3.188483413e-13,3.320306805e-13,4.883686123e-13,1.606128582e-13,1.121121978e-13,1.401275524e-13,1.167829352e-13,4.000450515e-14,5.510015469e-14,2.56582397e-14,1.937692183e-13,1.276820574e-13,4.192815648e-14,2.12515776e-13,5.050548118e-13,1.005292435e-12,4.430916562e-13,3.146157033e-13,5.179711584e-14,1.674383152e-13,7.252718491e-14,3.382094046e-14,4.068499243e-14,8.993845821e-14,8.032052343e-14,7.560557147e-14,4.060833047e-13,1.241828053e-13,3.746545309e-13,6.137963908e-14,4.593679128e-13,1.114400271e-13
163,3.228823848e-13,3.346379929e-13,4.783355046e-13,1.587765035e-13,1.119169498e-13,1.406518486e-13,1.171688963e-13,4.029463993e-14,5.522262851e-14,2.542155066e-14,1.933403933e-13,1.266504472e-13,4.113419097e-14,2.13330432e-13,5.023953488e-13,9.947411915e-13,4.382458916e-13,3.084563581e-13,5.136319373e-14,1.661804894e-13,7.361608984e-14,3.384861017e-14,4.002081833e-14,8.983585399e-14,7.855798927e-14,7.444074354e-14,4.017854566e-13,1.264839765e-13,3.687171874e-13,5.965313185e-14,4.516972772e-13,1.106173769e-13
163.0078125,3.268493373e-13,3.373423103e-13,4.683586525e-13,1.570560446e-13,1.116240937e-13,1.412282234e-13,1.175889511e-13,4.056822216e-14,5.537072611e-14,2.51477366e-14,1.928793056e-13,1.256181071e-13,4.037553309e-14,2.141938282e-13,4.996320742e-13,9.837884283e-13,4.332784629e-13,3.0229629e-13,5.090410469e-14,1.648306214e-13,7.47546857e-14,3.387785239e-14,3.941526798e-14,8.968901751e-14,7.682779559e-14,7.329066451e-14,3.974246424e-13,1.28795957e-13,3.627534323e-13,5.79143563e-14,4.439756137e-13,1.098324968e-13
163.015625,3.306664462e-13,3.400418566e-13,4.585646104e-13,1.552971988e-13,1.113382181e-13,1.417957732e-13,1.180379099e-13,4.085931411e-14,5.552929609e-14,2.489870196e-14,1.924675804e-13,1.245735528e-13,3.959399575e-14,2.15037518e-13,4.967148538e-13,9.723902714e-13,4.280770007e-13,2.961546289e-13,5.046767737e-14,1.634952427e-13,7.589051347e-14,3.393160165e-14,3.885361763e-14,8.947669383e-14,7.512382289e-14,7.212987104e-14,3.930074488e-13,1.311609852e-13,3.56800056e-13,5.619040573e-14,4.362835227e-13,1.090821343e-13
163.0234375,3.346853679e-13,3.428579655e-13,4.487871485e-13,1.53557283e-13,1.111219783e-13,1.423467491e-13,1.184831102e-13,4.123900979e-14,5.570532681e-14,2.4707316e-14,1.920421485e-13,1.235345806e-13,3.876878492e-14,2.158632776e-13,4.935956709e-13,9.606225346e-13,4.227577564e-13,2.901130379e-13,5.007153853e-14,1.622659501e-13,7.697489562e-14,3.401138608e-14,3.832403763e-14,8.932283039e-14,7.343600222e-14,7.09721587e-14,3.884229652e-13,1.337142273e-13,3.508562122e-13,5.447675216e-14,4.286692152e-13,1.083839179e-13
163.03125,3.391299006e-13,3.45858612e-13,4.391221682e-13,1.517356214e-13,1.108808491e-13,1.429271792e-13,1.18906561e-13,4.168816294e-14,5.591250789e-14,2.456817651e-14,1.915948595e-13,1.225467873e-13,3.799137408e-14,2.167634243e-13,4.903764194e-13,9.486651187e-13,4.175035829e-13,2.842640649e-13,4.971301354e-14,1.610251226e-13,7.80992977e-14,3.410827143e-14,3.779487744e-14,8.931609758e-14,7.176483038e-14,6.984585598e-14,3.837352183e-13,1.364402066e-13,3.450130791e-13,5.27795973e-14,4.212503687e-13,1.077050453e-13
163.0390625,3.438037476e-13,3.488120243e-13,4.298651961e-13,1.497688871e-13,1.106447288e-13,1.435818973e-13,1.193641159e-13,4.215881517e-14,5.615408738e-14,2.448852801e-14,1.912100952e-13,1.216531043e-13,3.728444215e-14,2.178587159e-13,4.872466327e-13,9.367326875e-13,4.123215997e-13,2.786306468e-13,4.941803908e-14,1.597109281e-13,7.929855021e-14,3.424003983e-14,3.726308516e-14,8.933818368e-14,7.012758704e-14,6.878406743e-14,3.792113232e-13,1.392919753e-13,3.394732353e-13,5.111938188e-14,4.141875588e-13,1.070402879e-13
163.046875,3.486165198e-13,3.518606371e-13,4.210400282e-13,1.481187915e-13,1.105504163e-13,1.444542166e-13,1.198742061e-13,4.267811473e-14,5.647420403e-14,2.445418899e-14,1.907323668e-13,1.209132203e-13,3.658903336e-14,2.192322981e-13,4.84449077e-13,9.252589075e-13,4.074051483e-13,2.732307366e-13,4.920479734e-14,1.585254334e-13,8.050995311e-14,3.443525325e-14,3.678023152e-14,8.932103388e-14,6.853999021e-14,6.782490867e-14,3.749083149e-13,1.423517377e-13,3.342280084e-13,4.948215216e-14,4.074994721e-13,1.064547198e-13
163.0546875,3.537189113e-13,3.552659435e-13,4.125292077e-13,1.469685722e-13,1.10556085e-13,1.455772095e-13,1.203709635e-13,4.325791186e-14,5.689643822e-14,2.442644402e-14,1.901027019e-13,1.203348548e-13,3.594427566e-14,2.208691138e-13,4.819266857e-13,9.142780052e-13,4.028430205e-13,2.680495893e-13,4.904205268e-14,1.574907906e-13,8.174755893e-14,3.4690968e-14,3.636661153e-14,8.935098207e-14,6.699631793e-14,6.694081368e-14,3.707273942e-13,1.455490919e-13,3.291091831e-13,4.785811954e-14,4.011322726e-13,1.059583005e-13
163.0625,3.589986008e-13,3.586792636e-13,4.042550736e-13,1.458356739e-13,1.104766198e-13,1.467353824e-13,1.208749671e-13,4.384193299e-14,5.730467052e-14,2.440364509e-14,1.895232054e-13,1.197634359e-13,3.539957549e-14,2.225872491e-13,4.793803656e-13,9.032738228e-13,3.982702078e-13,2.629498389e-13,4.887230282e-14,1.564042314e-13,8.300924335e-14,3.495030441e-14,3.599052174e-14,8.941523897e-14,6.549563012e-14,6.605808765e-14,3.666536854e-13,1.486845545e-13,3.240682178e-13,4.626522812e-14,3.949521945e-13,1.054782275e-13
163.0703125,3.642198144e-13,3.620561593e-13,3.961427647e-13,1.445850324e-13,1.102971689e-13,1.478294605e-13,1.214292673e-13,4.442425714e-14,5.762628885e-14,2.440181514e-14,1.88984707e-13,1.190868554e-13,3.488276984e-14,2.242017276e-13,4.767821649e-13,8.921598253e-13,3.935038962e-13,2.578522579e-13,4.868336288e-14,1.55350745e-13,8.422130089e-14,3.517774988e-14,3.564103583e-14,8.944326701e-14,6.404339442e-14,6.519305181e-14,3.626440196e-13,1.518518107e-13,3.191188461e-13,4.470928592e-14,3.888063836e-13,1.049994102e-13
163.078125,3.694214003e-13,3.658261749e-13,3.881413596e-13,1.435118945e-13,1.101703034e-13,1.48936989e-13,1.2193961e-13,4.505641741e-14,5.797856319e-14,2.441921955e-14,1.883709014e-13,1.1842801e-13,3.43649268e-14,2.257877876e-13,4.742003197e-13,8.811655067e-13,3.887112963e-13,2.528655958e-13,4.851679545e-14,1.54523169e-13,8.540555992e-14,3.542313893e-14,3.53242801e-14,8.948986259e-14,6.263189086e-14,6.441342003e-14,3.586704519e-13,1.552281331e-13,3.143320755e-13,4.31793159e-14,3.827995565e-13,1.045821489e-13
163.0859375,3.746633657e-13,3.696953852e-13,3.802191032e-13,1.425504723e-13,1.100731851e-13,1.500334041e-13,1.223752567e-13,4.573650647e-14,5.841356129e-14,2.446966912e-14,1.877596234e-13,1.178847846e-13,3.391889161e-14,2.275276001e-13,4.716104701e-13,8.702057046e-13,3.839900219e-13,2.480973511e-13,4.839316627e-14,1.537623404e-13,8.660246287e-14,3.572358017e-14,3.503897154e-14,8.960494306e-14,6.128263652e-14,6.369909823e-14,3.548693306e-13,1.587075293e-13,3.098754156e-13,4.165830186e-14,3.771134345e-13,1.042378045e-13
163.09375,3.800048949e-13,3.73300582e-13,3.724582205e-13,1.414881267e-13,1.098646971e-13,1.511361857e-13,1.228497952e-13,4.642444164e-14,5.884648422e-14,2.456530404e-14,1.872046657e-13,1.173808071e-13,3.355364882e-14,2.294397568e-13,4.691606601e-13,8.593055562e-13,3.794557676e-13,2.435583645e-13,4.830419802e-14,1.528681386e-13,8.776401901e-14,3.605131827e-14,3.479831829e-14,8.97400169e-14,6.002618092e-14,6.300345482e-14,3.512935151e-13,1.622115664e-13,3.05720417e-13,4.015045935e-14,3.716997124e-13,1.039317344e-13
163.1015625,3.856711872e-13,3.770152606e-13,3.651046946e-13,1.403833958e-13,1.096641566e-13,1.523796881e-13,1.233565956e-13,4.711268325e-14,5.929138948e-14,2.467721215e-14,1.867032193e-13,1.169219764e-13,3.32319268e-14,2.314960221e-13,4.668821787e-13,8.485667039e-13,3.751211925e-13,2.392394692e-13,4.825998699e-14,1.519640518e-13,8.892757049e-14,3.640473148e-14,3.459669549e-14,8.986507723e-14,5.881706405e-14,6.235822268e-14,3.478017626e-13,1.65800795e-13,3.016895858e-13,3.87071724e-14,3.66579657e-13,1.036687142e-13
163.109375,3.915800376e-13,3.8081761e-13,3.582204701e-13,1.393483969e-13,1.096661724e-13,1.537057321e-13,1.238090733e-13,4.78195868e-14,5.979916381e-14,2.478827165e-14,1.86254061e-13,1.166126575e-13,3.29647923e-14,2.337114861e-13,4.645458925e-13,8.377838592e-13,3.707081739e-13,2.351054739e-13,4.826761765e-14,1.511977587e-13,9.018332249e-14,3.679885642e-14,3.440193366e-14,9.000787255e-14,5.761313768e-14,6.180359554e-14,3.443754849e-13,1.694016349e-13,2.978898533e-13,3.733859147e-14,3.619240541e-13,1.03462253e-13
163.1171875,3.973819586e-13,3.843425297e-13,3.515747825e-13,1.384612366e-13,1.097608694e-13,1.549907498e-13,1.242758308e-13,4.855644395e-14,6.031113022e-14,2.492723325e-14,1.857564509e-13,1.164069313e-13,3.275097398e-14,2.360307522e-13,4.621845518e-13,8.269566741e-13,3.661956358e-13,2.311208936e-13,4.830482302e-14,1.504908433e-13,9.145671804e-14,3.720770257e-14,3.423494772e-14,9.01856804e-14,5.647024854e-14,6.131671859e-14,3.411174144e-13,1.730052012e-13,2.944812004e-13,3.597151963e-14,3.576132821e-13,1.032982012e-13
163.125,4.032047653e-13,3.879824067e-13,3.450671779e-13,1.377568549e-13,1.097960065e-13,1.563408515e-13,1.248258735e-13,4.931770621e-14,6.080802314e-14,2.511063639e-14,1.852057641e-13,1.161750099e-13,3.257143409e-14,2.384058678e-13,4.599601843e-13,8.163331487e-13,3.618812782e-13,2.27321211e-13,4.835442133e-14,1.498085362e-13,9.263357861e-14,3.762515321e-14,3.414889306e-14,9.036619507e-14,5.542317875e-14,6.086344421e-14,3.379986209e-13,1.768060833e-13,2.912547116e-13,3.459182826e-14,3.533989697e-13,1.031769999e-13
163.1328125,4.093433927e-13,3.922510702e-13,3.38813606e-13,1.37152814e-13,1.098549591e-13,1.57797363e-13,1.253648683e-13,5.012149345e-14,6.134895375e-14,2.531675903e-14,1.846807423e-13,1.159271724e-13,3.24358631e-14,2.408843439e-13,4.577996431e-13,8.059349016e-13,3.577749328e-13,2.237485457e-13,4.842916214e-14,1.493009469e-13,9.376845929e-14,3.807518652e-14,3.414336963e-14,9.052353898e-14,5.442665389e-14,6.045229385e-14,3.35004186e-13,1.808158566e-13,2.880645387e-13,3.325831438e-14,3.494026613e-13,1.031066753e-13
163.140625,4.155885277e-13,3.968866267e-13,3.329275368e-13,1.36627508e-13,1.100077088e-13,1.592172614e-13,1.258448347e-13,5.10134223e-14,6.194361242e-14,2.552641659e-14,1.84068644e-13,1.157761757e-13,3.235270254e-14,2.43508045e-13,4.557314186e-13,7.957866079e-13,3.537385549e-13,2.203987459e-13,4.855361387e-14,1.489477824e-13,9.497483708e-14,3.855783521e-14,3.419260533e-14,9.069805501e-14,5.347452137e-14,6.010942416e-14,3.322419066e-13,1.848265775e-13,2.851963232e-13,3.195762445e-14,3.458900696e-13,1.030762239e-13
163.1484375,4.217514877e-13,4.012532812e-13,3.27546206e-13,1.361896803e-13,1.102049285e-13,1.606524132e-13,1.26360517e-13,5.197407364e-14,6.257557748e-14,2.575762254e-14,1.833894037e-13,1.1576092e-13,3.234016353e-14,2.46280314e-13,4.538759746e-13,7.859516395e-13,3.498560956e-13,2.172744346e-13,4.87291309e-14,1.484983657e-13,9.625369236e-14,3.907699214e-14,3.428291711e-14,9.092285735e-14,5.260497565e-14,5.982310458e-14,3.29697521e-13,1.887642478e-13,2.828446204e-13,3.065904634e-14,3.428653699e-13,1.030846891e-13
163.15625,4.280680501e-13,4.051100736e-13,3.226846436e-13,1.356725532e-13,1.104411921e-13,1.62221036e-13,1.26950345e-13,5.294197668e-14,6.321093947e-14,2.604040671e-14,1.829416358e-13,1.157780069e-13,3.240956735e-14,2.491280577e-13,4.521296744e-13,7.763789255e-13,3.462132685e-13,2.1436902e-13,4.892631051e-14,1.479567217e-13,9.751296384e-14,3.963088509e-14,3.439821608e-14,9.117138954e-14,5.180805258e-14,5.956879711e-14,3.272812545e-13,1.92689963e-13,2.807839314e-13,2.941307004e-14,3.401448085e-13,1.031440695e-13
163.1640625,4.346517771e-13,4.089406105e-13,3.180737546e-13,1.350302383e-13,1.107179566e-13,1.637809587e-13,1.275363752e-13,5.392961589e-14,6.378018123e-14,2.636359725e-14,1.827124548e-13,1.157105273e-13,3.25116036e-14,2.518906459e-13,4.50396258e-13,7.671532023e-13,3.427356771e-13,2.116273582e-13,4.912187101e-14,1.475520508e-13,9.870704276e-14,4.017426298e-14,3.454478693e-14,9.141175051e-14,5.10488793e-14,5.938414569e-14,3.250477489e-13,1.966468054e-13,2.788230162e-13,2.823738766e-14,3.375483985e-13,1.032564143e-13
163.171875,4.41361692e-13,4.132050795e-13,3.135803183e-13,1.345103768e-13,1.10982536e-13,1.652884313e-13,1.280745574e-13,5.495920006e-14,6.431398738e-14,2.670822508e-14,1.824040567e-13,1.156115704e-13,3.264718043e-14,2.545928671e-13,4.486615896e-13,7.581452623e-13,3.392678717e-13,2.090165281e-13,4.932668427e-14,1.472130776e-13,9.98894068e-14,4.070514256e-14,3.474451663e-14,9.161335157e-14,5.033035948e-14,5.930442082e-14,3.230270031e-13,2.006885413e-13,2.770735346e-13,2.707899814e-14,3.350968173e-13,1.034120686e-13
163.1796875,4.481704776e-13,4.176859591e-13,3.094003695e-13,1.3420751e-13,1.112381172e-13,1.669410191e-13,1.286093887e-13,5.599931575e-14,6.492208469e-14,2.710611913e-14,1.819982673e-13,1.156182485e-13,3.289201026e-14,2.574957241e-13,4.468710586e-13,7.489555933e-13,3.357529464e-13,2.065817569e-13,4.957623584e-14,1.467558226e-13,1.010904428e-13,4.128852959e-14,3.498785299e-14,9.177329111e-14,4.967948763e-14,5.92641293e-14,3.211251486e-13,2.048529411e-13,2.756623699e-13,2.592845658e-14,3.330414386e-13,1.035914513e-13
163.1875,4.551220752e-13,4.222678053e-13,3.055808021e-13,1.33987486e-13,1.115709106e-13,1.686916236e-13,1.291644701e-13,5.706627546e-14,6.558326891e-14,2.756811744e-14,1.815970369e-13,1.157224097e-13,3.320059237e-14,2.606260306e-13,4.451459871e-13,7.398884726e-13,3.323937346e-13,2.043694126e-13,4.98952794e-14,1.463376538e-13,1.022792495e-13,4.193036522e-14,3.525985293e-14,9.196001725e-14,4.909731381e-14,5.922106939e-14,3.193312162e-13,2.090968313e-13,2.745900498e-13,2.481353449e-14,3.314254568e-13,1.038028039e-13
163.1953125,4.621703455e-13,4.270747916e-13,3.019634401e-13,1.338500926e-13,1.120230384e-13,1.703359349e-13,1.296812799e-13,5.821342429e-14,6.620729461e-14,2.804296224e-14,1.811257691e-13,1.15828252e-13,3.346950409e-14,2.636707456e-13,4.436301224e-13,7.315327539e-13,3.293157445e-13,2.023407239e-13,5.0260231e-14,1.460964865e-13,1.034677535e-13,4.257285883e-14,3.55672068e-14,9.22109711e-14,4.8551965e-14,5.925459399e-14,3.176933413e-13,2.133771341e-13,2.738297276e-13,2.373754351e-14,3.299429958e-13,1.040945779e-13
163.203125,4.692495776e-13,4.317406512e-13,2.986204048e-13,1.338294469e-13,1.125191829e-13,1.719637589e-13,1.301402914e-13,5.943915544e-14,6.681413638e-14,2.852096633e-14,1.805691887e-13,1.159394046e-13,3.377125921e-14,2.665453938e-13,4.42205637e-13,7.236040669e-13,3.263409389e-13,2.004569871e-13,5.063176202e-14,1.458584077e-13,1.04671385e-13,4.32043695e-14,3.591149561e-14,9.247927926e-14,4.804651406e-14,5.940416851e-14,3.16193048e-13,2.176952938e-13,2.73327598e-13,2.269961759e-14,3.285114607e-13,1.044689003e-13
163.2109375,4.76308464e-13,4.361300441e-13,2.957358349e-13,1.338703684e-13,1.129941124e-13,1.737167956e-13,1.30630031e-13,6.07128266e-14,6.743758911e-14,2.903138233e-14,1.800295803e-13,1.161079509e-13,3.422333055e-14,2.695712355e-13,4.408767013e-13,7.15773716e-13,3.234516559e-13,1.988036884e-13,5.102009398e-14,1.456015084e-13,1.058483398e-13,4.385231362e-14,3.629212432e-14,9.271714094e-14,4.763457195e-14,5.960761241e-14,3.148306053e-13,2.22009485e-13,2.730696796e-13,2.1700816e-14,3.273978566e-13,1.048719304e-13
163.21875,4.833690686e-13,4.40773919e-13,2.931869471e-13,1.340512979e-13,1.135164389e-13,1.755207323e-13,1.311710586e-13,6.200644172e-14,6.803434627e-14,2.955171959e-14,1.795229427e-13,1.163170663e-13,3.478481491e-14,2.728832354e-13,4.398041126e-13,7.083674176e-13,3.208415894e-13,1.974669454e-13,5.144996371e-14,1.455423508e-13,1.069959917e-13,4.4520179e-14,3.671208393e-14,9.290618423e-14,4.731562659e-14,5.98412412e-14,3.136123093e-13,2.262662982e-13,2.730924017e-13,2.073293987e-14,3.266346528e-13,1.052964376e-13
163.2265625,4.905986626e-13,4.457411037e-13,2.907090411e-13,1.344001083e-13,1.141255057e-13,1.773190734e-13,1.316497517e-13,6.332269564e-14,6.86018157e-14,3.007322287e-14,1.790035015e-13,1.16521035e-13,3.537884654e-14,2.7618078e-13,4.387863263e-13,7.013840214e-13,3.185006802e-13,1.963826277e-13,5.190855363e-14,1.456635519e-13,1.081360359e-13,4.520057401e-14,3.716952813e-14,9.310300819e-14,4.702675539e-14,6.012330203e-14,3.124867967e-13,2.305331917e-13,2.73282205e-13,1.979220235e-14,3.259777201e-13,1.057676692e-13
163.234375,4.980875249e-13,4.506969006e-13,2.882783907e-13,1.347091721e-13,1.14716202e-13,1.790921934e-13,1.320305929e-13,6.469887236e-14,6.919343158e-14,3.064378928e-14,1.784648012e-13,1.167075614e-13,3.600964123e-14,2.792680798e-13,4.375092271e-13,6.944295588e-13,3.163404514e-13,1.954737166e-13,5.238461096e-14,1.457662159e-13,1.092314613e-13,4.590033627e-14,3.76780798e-14,9.340972026e-14,4.677057941e-14,6.045234659e-14,3.114517917e-13,2.349122962e-13,2.735434882e-13,1.887664225e-14,3.25423009e-13,1.062734673e-13
163.2421875,5.057198579e-13,4.556952312e-13,2.860238541e-13,1.349986709e-13,1.152637784e-13,1.807893903e-13,1.323893901e-13,6.610036574e-14,6.980692342e-14,3.126153648e-14,1.779543818e-13,1.16882411e-13,3.669427359e-14,2.823030986e-13,4.360672161e-13,6.874885215e-13,3.143029908e-13,1.947517596e-13,5.288217622e-14,1.45827832e-13,1.10273302e-13,4.662334349e-14,3.824486139e-14,9.376429224e-14,4.659434065e-14,6.084987572e-14,3.105354927e-13,2.393901077e-13,2.740564774e-13,1.798993278e-14,3.25155459e-13,1.068160322e-13
163.25,5.134668315e-13,4.607399906e-13,2.840168694e-13,1.355054437e-13,1.158755756e-13,1.825251195e-13,1.327385854e-13,6.746408616e-14,7.040637403e-14,3.187580783e-14,1.775322086e-13,1.170553166e-13,3.743090808e-14,2.854066764e-13,4.346971231e-13,6.807457346e-13,3.122546188e-13,1.942076011e-13,5.339589869e-14,1.459288598e-13,1.113086644e-13,4.735686243e-14,3.882988832e-14,9.401378345e-14,4.646507568e-14,6.133216708e-14,3.096901005e-13,2.43912079e-13,2.748879043e-13,1.71485975e-14,3.251396257e-13,1.074307961e-13
163.2578125,5.213691465e-13,4.656678462e-13,2.823069278e-13,1.361514963e-13,1.16551773e-13,1.844349691e-13,1.330645411e-13,6.885407804e-14,7.100332125e-14,3.248422009e-14,1.771309781e-13,1.172487334e-13,3.821720372e-14,2.885529142e-13,4.334583695e-13,6.743297051e-13,3.102947142e-13,1.938174545e-13,5.392810046e-14,1.461250137e-13,1.123451335e-13,4.809064277e-14,3.940542004e-14,9.420204433e-14,4.633974793e-14,6.186579607e-14,3.089075453e-13,2.484363546e-13,2.758643461e-13,1.635132802e-14,3.252537569e-13,1.081048046e-13
163.265625,5.292468526e-13,4.705548364e-13,2.808465531e-13,1.368221365e-13,1.172165919e-13,1.863752939e-13,1.334150376e-13,7.033348733e-14,7.161289223e-14,3.311436719e-14,1.766023012e-13,1.174594535e-13,3.904872183e-14,2.917584636e-13,4.323386893e-13,6.683448973e-13,3.086956791e-13,1.936105462e-13,5.448189946e-14,1.464766113e-13,1.133452759e-13,4.882972435e-14,4.000146283e-14,9.444644246e-14,4.627156267e-14,6.24431428e-14,3.082783387e-13,2.529097214e-13,2.7704002e-13,1.557815419e-14,3.255558132e-13,1.087850835e-13
163.2734375,5.371209963e-13,4.75517057e-13,2.794621632e-13,1.376352364e-13,1.179095311e-13,1.882253031e-13,1.337991395e-13,7.183900637e-14,7.220452557e-14,3.377358225e-14,1.759992571e-13,1.17642859e-13,3.993292736e-14,2.950279727e-13,4.313536008e-13,6.627329119e-13,3.074092729e-13,1.936460841e-13,5.506104982e-14,1.469634686e-13,1.142533934e-13,4.958152602e-14,4.06390317e-14,9.473285298e-14,4.629998782e-14,6.308810772e-14,3.078078953e-13,2.574100565e-13,2.78547605e-13,1.483681845e-14,3.260798654e-13,1.094617227e-13
163.28125,5.454184869e-13,4.80768611e-13,2.781800392e-13,1.385050538e-13,1.186903096e-13,1.90172363e-13,1.341600098e-13,7.333927399e-14,7.276283795e-14,3.445209571e-14,1.754916335e-13,1.178133955e-13,4.088374999e-14,2.983603458e-13,4.305609939e-13,6.574602381e-13,3.062814326e-13,1.939984074e-13,5.570568216e-14,1.475008626e-13,1.150620663e-13,5.035400697e-14,4.130658703e-14,9.503199128e-14,4.637512796e-14,6.378705618e-14,3.073678036e-13,2.621147667e-13,2.802762545e-13,1.414868806e-14,3.267505204e-13,1.101622695e-13
163.2890625,5.540255703e-13,4.864436317e-13,2.771795898e-13,1.393648895e-13,1.194920398e-13,1.923204694e-13,1.344621087e-13,7.48667058e-14,7.331044403e-14,3.513321172e-14,1.750177126e-13,1.180334416e-13,4.190085876e-14,3.017990418e-13,4.299604787e-13,6.526185949e-13,3.053355193e-13,1.946338446e-13,5.641082463e-14,1.480737765e-13,1.158803169e-13,5.114781935e-14,4.200245111e-14,9.53052067e-14,4.646799703e-14,6.45312451e-14,3.069045379e-13,2.669347183e-13,2.822074637e-13,1.349743901e-14,3.275995765e-13,1.1089672e-13
163.296875,5.623111591e-13,4.919513508e-13,2.763900442e-13,1.404726437e-13,1.202315132e-13,1.944548799e-13,1.347082376e-13,7.641643553e-14,7.384030584e-14,3.581425997e-14,1.744327939e-13,1.182497693e-13,4.299593724e-14,3.052623048e-13,4.29433223e-13,6.481840729e-13,3.045468122e-13,1.953855638e-13,5.708017356e-14,1.486884594e-13,1.167558928e-13,5.193659412e-14,4.271863698e-14,9.547345749e-14,4.660397051e-14,6.534879724e-14,3.065412785e-13,2.715504756e-13,2.844197486e-13,1.285938808e-14,3.286617386e-13,1.116489237e-13
163.3046875,5.70421392e-13,4.969034586e-13,2.757496491e-13,1.417331628e-13,1.20963518e-13,1.964461209e-13,1.349162245e-13,7.799515155e-14,7.434033243e-14,3.649804553e-14,1.738154869e-13,1.184048715e-13,4.417290286e-14,3.086494995e-13,4.289176119e-13,6.440952038e-13,3.039196421e-13,1.962683419e-13,5.770861945e-14,1.493291981e-13,1.175852108e-13,5.271041401e-14,4.343402953e-14,9.560855548e-14,4.678773986e-14,6.622297861e-14,3.063501354e-13,2.759292161e-13,2.868064841e-13,1.225653002e-14,3.298741017e-13,1.123958869e-13
163.3125,5.789027094e-13,5.019552606e-13,2.754499524e-13,1.428121711e-13,1.218057459e-13,1.984572595e-13,1.350836878e-13,7.963217703e-14,7.487148094e-14,3.717879454e-14,1.73269504e-13,1.18625795e-13,4.536244802e-14,3.120389712e-13,4.283686519e-13,6.401942935e-13,3.034940111e-13,1.974454205e-13,5.840619716e-14,1.500397772e-13,1.183555413e-13,5.351301609e-14,4.416385501e-14,9.584786174e-14,4.699830741e-14,6.710016474e-14,3.061813445e-13,2.803650955e-13,2.893137799e-13,1.171515153e-14,3.313132035e-13,1.131444582e-13
163.3203125,5.875015802e-13,5.073074908e-13,2.754023133e-13,1.439551019e-13,1.227714588e-13,2.006124175e-13,1.352048383e-13,8.132729054e-14,7.547408194e-14,3.790142862e-14,1.727497598e-13,1.189454046e-13,4.651007529e-14,3.154223255e-13,4.276607755e-13,6.362237947e-13,3.031170992e-13,1.988286462e-13,5.916709084e-14,1.508825152e-13,1.191071213e-13,5.435965031e-14,4.493151683e-14,9.611665263e-14,4.722601078e-14,6.801547597e-14,3.059327274e-13,2.849849794e-13,2.919412459e-13,1.121914228e-14,3.330203496e-13,1.139506554e-13
163.328125,5.959067796e-13,5.12363801e-13,2.75298168e-13,1.454129201e-13,1.237877335e-13,2.028192382e-13,1.353389934e-13,8.306858844e-14,7.605675815e-14,3.873013286e-14,1.722490676e-13,1.19155526e-13,4.769177622e-14,3.186757776e-13,4.269243316e-13,6.324241063e-13,3.028154456e-13,2.002882904e-13,5.991000103e-14,1.518232506e-13,1.1972883e-13,5.519510516e-14,4.571022114e-14,9.628265877e-14,4.749806458e-14,6.905516513e-14,3.057175729e-13,2.896442534e-13,2.945269933e-13,1.074952155e-14,3.347212601e-13,1.148375415e-13
163.3359375,6.04443144e-13,5.173308516e-13,2.75267114e-13,1.468736567e-13,1.248043297e-13,2.049834654e-13,1.355069129e-13,8.48153031e-14,7.653762425e-14,3.960968594e-14,1.71805141e-13,1.19246343e-13,4.898783994e-14,3.218923929e-13,4.264544566e-13,6.292047426e-13,3.02855616e-13,2.019592395e-13,6.068260957e-14,1.527427711e-13,1.202274541e-13,5.599710608e-14,4.648092648e-14,9.639961049e-14,4.784873303e-14,7.018030005e-14,3.055805419e-13,2.942383716e-13,2.971199139e-13,1.030810639e-14,3.363124058e-13,1.157287667e-13
163.34375,6.131800469e-13,5.226752925e-13,2.755398539e-13,1.482350902e-13,1.258212091e-13,2.07151028e-13,1.356049827e-13,8.652642383e-14,7.698617545e-14,4.044212746e-14,1.713702851e-13,1.194582482e-13,5.035518372e-14,3.252237301e-13,4.261407663e-13,6.262730534e-13,3.031140016e-13,2.038563571e-13,6.154538905e-14,1.535953402e-13,1.208152877e-13,5.681511506e-14,4.727365509e-14,9.657128539e-14,4.823054612e-14,7.129787271e-14,3.054949919e-13,2.987502442e-13,3.000548238e-13,9.893020317e-15,3.381061681e-13,1.165593521e-13
163.3515625,6.218046425e-13,5.278994378e-13,2.75973602e-13,1.49704236e-13,1.268843191e-13,2.093707834e-13,1.356025828e-13,8.823599627e-14,7.747383516e-14,4.126325549e-14,1.708823264e-13,1.197952052e-13,5.173952415e-14,3.286214589e-13,4.257409236e-13,6.233325514e-13,3.033419149e-13,2.057983729e-13,6.24322152e-14,1.54503884e-13,1.214780969e-13,5.76716435e-14,4.809410113e-14,9.679219625e-14,4.857916939e-14,7.246214312e-14,3.055798215e-13,3.031307088e-13,3.033707779e-13,9.506607999e-15,3.402087924e-13,1.173626526e-13
163.359375,6.302806212e-13,5.327487108e-13,2.765221713e-13,1.51210736e-13,1.27999223e-13,2.115576128e-13,1.355785847e-13,8.998276083e-14,7.793776579e-14,4.213778504e-14,1.703159726e-13,1.200819041e-13,5.31546876e-14,3.319892235e-13,4.253891937e-13,6.206994009e-13,3.037203323e-13,2.078405658e-13,6.329868043e-14,1.555481021e-13,1.220442507e-13,5.852416453e-14,4.891134651e-14,9.699882921e-14,4.894724634e-14,7.374979101e-14,3.057844969e-13,3.073806226e-13,3.067455171e-13,9.157286114e-15,3.423783061e-13,1.181801007e-13
163.3671875,6.387222151e-13,5.377072255e-13,2.773281632e-13,1.526823598e-13,1.291053419e-13,2.136499158e-13,1.355295198e-13,9.178439752e-14,7.833327944e-14,4.30343671e-14,1.696952595e-13,1.203350534e-13,5.461142987e-14,3.352821019e-13,4.252071773e-13,6.184706881e-13,3.043698553e-13,2.101418801e-13,6.420190729e-14,1.566255336e-13,1.225771387e-13,5.934783332e-14,4.971694133e-14,9.717095861e-14,4.938184228e-14,7.508751296e-14,3.057823665e-13,3.115883952e-13,3.099798146e-13,8.837828238e-15,3.445481795e-13,1.19024889e-13
163.375,6.471898197e-13,5.42731922e-13,2.782886754e-13,1.542542548e-13,1.302729527e-13,2.157783475e-13,1.354497414e-13,9.368246896e-14,7.874086841e-14,4.39561261e-14,1.691327313e-13,1.206171556e-13,5.609665436e-14,3.385265901e-13,4.250488402e-13,6.164308011e-13,3.051396741e-13,2.126514573e-13,6.517597384e-14,1.577171943e-13,1.231329636e-13,6.017847317e-14,5.05166208e-14,9.735422112e-14,4.982793118e-14,7.641630491e-14,3.05572119e-13,3.158086613e-13,3.131881566e-13,8.548783637e-15,3.468390052e-13,1.199159645e-13
163.3828125,6.556496691e-13,5.475391764e-13,2.792268742e-13,1.559486403e-13,1.316144125e-13,2.179858767e-13,1.353962732e-13,9.563076597e-14,7.919082386e-14,4.49583459e-14,1.686575226e-13,1.208674269e-13,5.759477934e-14,3.417720659e-13,4.248423478e-13,6.146326493e-13,3.060478819e-13,2.152949065e-13,6.617751936e-14,1.589292505e-13,1.235641382e-13,6.102882056e-14,5.13159246e-14,9.755567868e-14,5.028552395e-14,7.777478576e-14,3.054785494e-13,3.20026455e-13,3.165160888e-13,8.306738052e-15,3.491900753e-13,1.208182077e-13
163.390625,6.639443594e-13,5.523798179e-13,2.801384486e-13,1.577122645e-13,1.329913956e-13,2.200819495e-13,1.353128653e-13,9.753445307e-14,7.95925376e-14,4.599195585e-14,1.681266932e-13,1.210855612e-13,5.908800016e-14,3.449364055e-13,4.246489298e-13,6.131518144e-13,3.071647581e-13,2.180814751e-13,6.717227901e-14,1.601809131e-13,1.238878386e-13,6.184683091e-14,5.212429416e-14,9.771729956e-14,5.079227188e-14,7.915609245e-14,3.054890238e-13,3.241775923e-13,3.198348803e-13,8.099073131e-15,3.514153882e-13,1.21676588e-13
163.3984375,6.722221163e-13,5.572738928e-13,2.810600145e-13,1.594727243e-13,1.342885377e-13,2.22079949e-13,1.351344586e-13,9.945451969e-14,7.993911393e-14,4.69750124e-14,1.675125974e-13,1.213412903e-13,6.05795493e-14,3.480060898e-13,4.245199278e-13,6.119434603e-13,3.084524908e-13,2.210071581e-13,6.819476969e-14,1.613409011e-13,1.242752928e-13,6.262728147e-14,5.292457553e-14,9.786364846e-14,5.12931284e-14,8.054989059e-14,3.053603571e-13,3.281915252e-13,3.229997517e-13,7.898623647e-15,3.535501917e-13,1.225374465e-13
163.40625,6.806860888e-13,5.619194524e-13,2.820414627e-13,1.611323903e-13,1.356325831e-13,2.241820456e-13,1.349375723e-13,1.014736427e-13,8.032548317e-14,4.794460712e-14,1.669346733e-13,1.216163144e-13,6.208324856e-14,3.510930268e-13,4.244207843e-13,6.109726484e-13,3.099371539e-13,2.2406807e-13,6.925343209e-14,1.625374627e-13,1.246827373e-13,6.343180067e-14,5.371147223e-14,9.808143145e-14,5.176787876e-14,8.201912046e-14,3.051342615e-13,3.320822068e-13,3.261728571e-13,7.712542524e-15,3.558155723e-13,1.234462409e-13
163.4140625,6.889597863e-13,5.664435226e-13,2.830598645e-13,1.628236238e-13,1.369965663e-13,2.262935315e-13,1.347241724e-13,1.035214458e-13,8.072708175e-14,4.895569568e-14,1.663291945e-13,1.218388221e-13,6.358620638e-14,3.540295336e-13,4.241986927e-13,6.100691617e-13,3.115572568e-13,2.272113475e-13,7.026525076e-14,1.638979054e-13,1.249890221e-13,6.424854064e-14,5.453423059e-14,9.834132685e-14,5.226812689e-14,8.357839995e-14,3.049351861e-13,3.359062781e-13,3.294267379e-13,7.553564033e-15,3.581629321e-13,1.243477159e-13
163.421875,6.969393647e-13,5.710186163e-13,2.840177981e-13,1.646946415e-13,1.382693386e-13,2.28313488e-13,1.344020837e-13,1.055356591e-13,8.105681063e-14,4.99934054e-14,1.655488056e-13,1.219906749e-13,6.508389667e-14,3.566744231e-13,4.23843605e-13,6.09175026e-13,3.131758841e-13,2.303610081e-13,7.122702429e-14,1.652917274e-13,1.252472757e-13,6.502518955e-14,5.539238669e-14,9.854062437e-14,5.276062519e-14,8.518004757e-14,3.04660424e-13,3.396644184e-13,3.325235732e-13,7.411782703e-15,3.603359767e-13,1.252292418e-13
163.4296875,7.051235371e-13,5.755331421e-13,2.849937077e-13,1.665512711e-13,1.396191052e-13,2.304283369e-13,1.339874715e-13,1.075225967e-13,8.137023718e-14,5.104221038e-14,1.646930159e-13,1.221318021e-13,6.660424024e-14,3.593491159e-13,4.235135319e-13,6.083987216e-13,3.148226514e-13,2.335660999e-13,7.226785753e-14,1.665809719e-13,1.255161786e-13,6.580398577e-14,5.621266467e-14,9.865590429e-14,5.319656277e-14,8.680929655e-14,3.04234816e-13,3.433186354e-13,3.353887118e-13,7.288980798e-15,3.624533068e-13,1.261282995e-13
163.4375,7.13367724e-13,5.800011261e-13,2.860201675e-13,1.682842365e-13,1.411063444e-13,2.325562574e-13,1.335226246e-13,1.094857524e-13,8.172411264e-14,5.208589747e-14,1.639043852e-13,1.223141369e-13,6.813884106e-14,3.621273346e-13,4.231431253e-13,6.07537483e-13,3.164835514e-13,2.368752138e-13,7.339930877e-14,1.678109975e-13,1.257536499e-13,6.661436261e-14,5.698736252e-14,9.87450663e-14,5.361606361e-14,8.846599341e-14,3.037594122e-13,3.46823441e-13,3.381754178e-13,7.200274036e-15,3.647689617e-13,1.27010521e-13
163.4453125,7.212749022e-13,5.843320541e-13,2.868752088e-13,1.701016699e-13,1.425202518e-13,2.344384047e-13,1.330164721e-13,1.114771265e-13,8.20286027e-14,5.311655304e-14,1.631019991e-13,1.224632741e-13,6.963309607e-14,3.646454827e-13,4.226215711e-13,6.064544317e-13,3.180993113e-13,2.402262787e-13,7.450717494e-14,1.690652829e-13,1.259312985e-13,6.7384746e-14,5.775859232e-14,9.885791008e-14,5.404495716e-14,9.015306363e-14,3.032571506e-13,3.501943623e-13,3.409257526e-13,7.138589691e-15,3.67063866e-13,1.278715868e-13
163.453125,7.292174587e-13,5.883076658e-13,2.875660986e-13,1.720621914e-13,1.438801432e-13,2.362777329e-13,1.32497641e-13,1.135337231e-13,8.226056365e-14,5.41847119e-14,1.622434057e-13,1.225022733e-13,7.10890931e-14,3.669638547e-13,4.220908752e-13,6.055166719e-13,3.198624861e-13,2.436394181e-13,7.559640889e-14,1.703635005e-13,1.260405947e-13,6.810834583e-14,5.851870475e-14,9.896717481e-14,5.447383098e-14,9.188069589e-14,3.026506638e-13,3.535308729e-13,3.43615039e-13,7.089030237e-15,3.691260299e-13,1.287688278e-13
163.4609375,7.373352428e-13,5.922086345e-13,2.883339066e-13,1.740250823e-13,1.453431995e-13,2.383145705e-13,1.319134975e-13,1.156075573e-13,8.253560645e-14,5.529205371e-14,1.614631049e-13,1.225401327e-13,7.254966839e-14,3.693880284e-13,4.215793096e-13,6.049116519e-13,3.219213818e-13,2.47221388e-13,7.672808026e-14,1.717325594e-13,1.260747227e-13,6.886635672e-14,5.926654687e-14,9.904711317e-14,5.490276467e-14,9.36292558e-14,3.019802112e-13,3.568342788e-13,3.462401438e-13,7.058936513e-15,3.71235521e-13,1.29655056e-13
163.46875,7.452974974e-13,5.963835921e-13,2.892041923e-13,1.759716957e-13,1.468506376e-13,2.403834971e-13,1.312374813e-13,1.177000827e-13,8.286393285e-14,5.636777754e-14,1.607770761e-13,1.226927572e-13,7.397182671e-14,3.718397566e-13,4.210645441e-13,6.045096879e-13,3.241894127e-13,2.509931459e-13,7.787640506e-14,1.731980691e-13,1.260727114e-13,6.96562784e-14,6.003071336e-14,9.91758029e-14,5.531800753e-14,9.541516367e-14,3.013078308e-13,3.600361344e-13,3.48796531e-13,7.06067529e-15,3.735821443e-13,1.304713735e-13
163.4765625,7.532039661e-13,6.005751052e-13,2.901691063e-13,1.779510192e-13,1.483210899e-13,2.423688062e-13,1.306114424e-13,1.198366304e-13,8.313321276e-14,5.744590575e-14,1.60048856e-13,1.228763197e-13,7.530989105e-14,3.742205929e-13,4.207864981e-13,6.043574119e-13,3.266300148e-13,2.548756839e-13,7.903058007e-14,1.746595794e-13,1.260891152e-13,7.040938539e-14,6.080688555e-14,9.935946412e-14,5.573395156e-14,9.729865548e-14,3.005528352e-13,3.631806232e-13,3.513053802e-13,7.090697861e-15,3.759639017e-13,1.312973945e-13
163.484375,7.609339343e-13,6.045285255e-13,2.911875168e-13,1.79966428e-13,1.497264112e-13,2.442697406e-13,1.300381727e-13,1.219544688e-13,8.332325901e-14,5.860582105e-14,1.592310517e-13,1.229792056e-13,7.664235294e-14,3.765200785e-13,4.206497808e-13,6.0428352e-13,3.29084483e-13,2.587032482e-13,8.019110795e-14,1.759836199e-13,1.261423284e-13,7.110806693e-14,6.158625255e-14,9.943055123e-14,5.617115402e-14,9.921425093e-14,2.996397994e-13,3.662261072e-13,3.536353561e-13,7.135943204e-15,3.781767397e-13,1.321669657e-13
163.4921875,7.681096821e-13,6.082925867e-13,2.919940947e-13,1.820112499e-13,1.510620141e-13,2.460415248e-13,1.293437222e-13,1.240477698e-13,8.35031852e-14,5.979961973e-14,1.583610987e-13,1.230180454e-13,7.800518655e-14,3.78545279e-13,4.201611532e-13,6.038800879e-13,3.312770764e-13,2.623716848e-13,8.13165259e-14,1.772346292e-13,1.261939658e-13,7.177518711e-14,6.236781264e-14,9.93590731e-14,5.656255173e-14,1.010517735e-13,2.985775317e-13,3.690264327e-13,3.555778007e-13,7.187697008e-15,3.80184734e-13,1.330080134e-13
163.5,7.751395677e-13,6.116989095e-13,2.926696143e-13,1.840025629e-13,1.524849766e-13,2.478331013e-13,1.285826761e-13,1.262016196e-13,8.369531708e-14,6.097829781e-14,1.574892578e-13,1.230509075e-13,7.93155741e-14,3.802931704e-13,4.194199485e-13,6.033498184e-13,3.333662996e-13,2.660214303e-13,8.244065784e-14,1.785430322e-13,1.261627605e-13,7.243992023e-14,6.312256522e-14,9.933905408e-14,5.687753747e-14,1.029091833e-13,2.973853123e-13,3.716796558e-13,3.572987895e-13,7.25568371e-15,3.821187836e-13,1.338287418e-13
163.5078125,7.822562036e-13,6.147075047e-13,2.935640927e-13,1.858246447e-13,1.5403745e-13,2.497327903e-13,1.278981082e-13,1.284040259e-13,8.388086076e-14,6.217275862e-14,1.566670163e-13,1.231039546e-13,8.056854317e-14,3.820024735e-13,4.188879013e-13,6.031228231e-13,3.356603413e-13,2.697771353e-13,8.361447837e-14,1.798842852e-13,1.260437009e-13,7.311057428e-14,6.384818018e-14,9.943897017e-14,5.721026608e-14,1.049031472e-13,2.96110914e-13,3.74321781e-13,3.590588212e-13,7.355736355e-15,3.841127615e-13,1.346511171e-13
163.515625,7.889951779e-13,6.178288189e-13,2.944423503e-13,1.875934348e-13,1.554930944e-13,2.515398041e-13,1.271725474e-13,1.305834385e-13,8.405074992e-14,6.336429797e-14,1.5585142e-13,1.231405101e-13,8.181694783e-14,3.836772249e-13,4.184384006e-13,6.030135211e-13,3.381051026e-13,2.735922459e-13,8.478678689e-14,1.812644497e-13,1.259282091e-13,7.375763276e-14,6.457715491e-14,9.954279217e-14,5.758214492e-14,1.069192142e-13,2.947740259e-13,3.7684704e-13,3.606641257e-13,7.485225229e-15,3.860208902e-13,1.354147825e-13
163.5234375,7.956666492e-13,6.212590971e-13,2.949995648e-13,1.895573515e-13,1.568479463e-13,2.532823451e-13,1.262911615e-13,1.327523154e-13,8.419637329e-14,6.452078713e-14,1.550099754e-13,1.230889262e-13,8.304694489e-14,3.85231398e-13,4.178316727e-13,6.028653663e-13,3.407408525e-13,2.77584348e-13,8.597019559e-14,1.827698086e-13,1.258155646e-13,7.438336219e-14,6.529607612e-14,9.958870614e-14,5.79109717e-14,1.089059622e-13,2.933576609e-13,3.792509994e-13,3.619772101e-13,7.645115045e-15,3.877353744e-13,1.361405295e-13
163.53125,8.027412656e-13,6.245150383e-13,2.955429049e-13,1.91610037e-13,1.582989244e-13,2.551337164e-13,1.253393228e-13,1.349447802e-13,8.431383643e-14,6.568588425e-14,1.542586885e-13,1.229786252e-13,8.42715234e-14,3.867093029e-13,4.172135917e-13,6.029217389e-13,3.437195348e-13,2.818975133e-13,8.723763142e-14,1.842804925e-13,1.256087352e-13,7.502481614e-14,6.597690697e-14,9.958794211e-14,5.820308766e-14,1.109987154e-13,2.91934872e-13,3.816218564e-13,3.632767318e-13,7.847426578e-15,3.894632248e-13,1.368867248e-13
163.5390625,8.096367883e-13,6.274740771e-13,2.961174219e-13,1.934209537e-13,1.597823306e-13,2.569213423e-13,1.243582375e-13,1.371431579e-13,8.442986238e-14,6.69079545e-14,1.535841201e-13,1.229044004e-13,8.549717956e-14,3.880616895e-13,4.165139677e-13,6.030198245e-13,3.467612756e-13,2.862940991e-13,8.851868305e-14,1.856496327e-13,1.252968901e-13,7.566408239e-14,6.662639177e-14,9.955605644e-14,5.850031577e-14,1.131317543e-13,2.904902052e-13,3.838749609e-13,3.645093402e-13,8.075286082e-15,3.912133842e-13,1.3757586e-13
163.546875,8.162128112e-13,6.305618049e-13,2.963059068e-13,1.951056775e-13,1.61240897e-13,2.586094016e-13,1.233211346e-13,1.393267129e-13,8.459343618e-14,6.819177334e-14,1.527831326e-13,1.228589847e-13,8.664295224e-14,3.892651177e-13,4.155556368e-13,6.028122845e-13,3.496180899e-13,2.905647198e-13,8.976839639e-14,1.870357695e-13,1.249066743e-13,7.628219262e-14,6.723869667e-14,9.951226412e-14,5.875159413e-14,1.151120321e-13,2.888095438e-13,3.860670291e-13,3.65235645e-13,8.307165126e-15,3.927836459e-13,1.381722277e-13
163.5546875,8.229937255e-13,6.336854122e-13,2.962218417e-13,1.970668372e-13,1.628599952e-13,2.605131547e-13,1.222710595e-13,1.415144444e-13,8.482515256e-14,6.948642901e-14,1.518696317e-13,1.228048824e-13,8.771693116e-14,3.904836104e-13,4.145904208e-13,6.024988888e-13,3.524906552e-13,2.948830332e-13,9.109252975e-14,1.885398266e-13,1.244231542e-13,7.692384417e-14,6.781807223e-14,9.944367448e-14,5.893725324e-14,1.170446733e-13,2.868558231e-13,3.883499251e-13,3.654836892e-13,8.5606978e-15,3.943123831e-13,1.387870404e-13
163.5625,8.295619287e-13,6.363216562e-13,2.962947005e-13,1.992438866e-13,1.646207374e-13,2.6254803e-13,1.212164676e-13,1.437366164e-13,8.507330112e-14,7.071731355e-14,1.51015014e-13,1.227688693e-13,8.880393502e-14,3.917320307e-13,4.137091516e-13,6.022075771e-13,3.554448047e-13,2.993402836e-13,9.246906544e-14,1.899783172e-13,1.239037372e-13,7.758234338e-14,6.841017928e-14,9.934243266e-14,5.912185559e-14,1.191105185e-13,2.847997894e-13,3.905008544e-13,3.655861998e-13,8.849295532e-15,3.959337395e-13,1.394331049e-13
163.5703125,8.355173988e-13,6.385628902e-13,2.964206347e-13,2.012691563e-13,1.66301541e-13,2.643487986e-13,1.200763004e-13,1.459692659e-13,8.526282502e-14,7.19075589e-14,1.501824786e-13,1.227279412e-13,8.985915981e-14,3.928236534e-13,4.125766717e-13,6.016869913e-13,3.583585792e-13,3.038313756e-13,9.378855099e-14,1.913251342e-13,1.234135753e-13,7.819390757e-14,6.901302453e-14,9.924576156e-14,5.930259681e-14,1.2122947e-13,2.826587703e-13,3.923050949e-13,3.655073314e-13,9.160910393e-15,3.974027585e-13,1.400108781e-13
163.578125,8.415269713e-13,6.408343257e-13,2.963203164e-13,2.031073501e-13,1.679357353e-13,2.660445781e-13,1.188346329e-13,1.48149547e-13,8.539756118e-14,7.312233332e-14,1.492884428e-13,1.226362187e-13,9.081831517e-14,3.93747308e-13,4.112287033e-13,6.010166497e-13,3.613025258e-13,3.083929815e-13,9.51276679e-14,1.927077037e-13,1.228899405e-13,7.878030604e-14,6.958067109e-14,9.914268587e-14,5.941732584e-14,1.233077446e-13,2.803589705e-13,3.939678036e-13,3.651003954e-13,9.491498332e-15,3.986794143e-13,1.405234121e-13
163.5859375,8.477305033e-13,6.430264731e-13,2.960955714e-13,2.049201875e-13,1.696674625e-13,2.679124781e-13,1.175662029e-13,1.502761946e-13,8.553747842e-14,7.431455919e-14,1.483995017e-13,1.225460726e-13,9.17181031e-14,3.946280895e-13,4.099826277e-13,6.003577716e-13,3.642571938e-13,3.130353546e-13,9.654433851e-14,1.940467133e-13,1.223105173e-13,7.939358709e-14,7.012571239e-14,9.898976494e-14,5.947444827e-14,1.253847816e-13,2.779108456e-13,3.956046913e-13,3.644353474e-13,9.838865609e-15,3.999999779e-13,1.410279354e-13
163.59375,8.535049751e-13,6.448640195e-13,2.958600225e-13,2.066503802e-13,1.714356824e-13,2.697788441e-13,1.162843781e-13,1.523997122e-13,8.568872203e-14,7.543173305e-14,1.475544937e-13,1.224908206e-13,9.256585227e-14,3.954011499e-13,4.087177526e-13,5.994875262e-13,3.670723646e-13,3.176051496e-13,9.791716721e-14,1.952972247e-13,1.217459796e-13,7.999189457e-14,7.067109285e-14,9.881659132e-14,5.950927151e-14,1.274701049e-13,2.753666927e-13,3.970455342e-13,3.635710669e-13,1.019811667e-14,4.01294174e-13,1.41509918e-13
163.6015625,8.588266865e-13,6.464187431e-13,2.954218597e-13,2.08190507e-13,1.731611463e-13,2.714477898e-13,1.14934429e-13,1.545149159e-13,8.582150429e-14,7.653266231e-14,1.467347481e-13,1.224115807e-13,9.332226949e-14,3.959105802e-13,4.071834379e-13,5.983575162e-13,3.698305191e-13,3.220945514e-13,9.922744418e-14,1.965810025e-13,1.211377767e-13,8.052845813e-14,7.119042159e-14,9.86479573e-14,5.950781608e-14,1.295477907e-13,2.727856815e-13,3.982515288e-13,3.624267956e-13,1.057193538e-14,4.023568891e-13,1.419332943e-13
163.609375,8.638853464e-13,6.477760209e-13,2.946840996e-13,2.097059168e-13,1.748728477e-13,2.730657594e-13,1.13525431e-13,1.56580871e-13,8.594580918e-14,7.766458706e-14,1.459351233e-13,1.222992324e-13,9.397707949e-14,3.961778161e-13,4.054256118e-13,5.970782184e-13,3.726145102e-13,3.266039236e-13,1.005749408e-13,1.978594012e-13,1.203881641e-13,8.103284443e-14,7.169022232e-14,9.844500088e-14,5.945664192e-14,1.316029621e-13,2.700863474e-13,3.993355106e-13,3.608159533e-13,1.095733745e-14,4.032294592e-13,1.422911858e-13
163.6171875,8.68535757e-13,6.489341497e-13,2.938316379e-13,2.113772169e-13,1.765461332e-13,2.747094213e-13,1.12089513e-13,1.586267549e-13,8.607153934e-14,7.879571787e-14,1.450840097e-13,1.221997096e-13,9.455259993e-14,3.962980959e-13,4.035137457e-13,5.955280516e-13,3.753150696e-13,3.310801955e-13,1.019441691e-13,1.990714095e-13,1.195892644e-13,8.152960774e-14,7.219834561e-14,9.821400919e-14,5.936533562e-14,1.336017795e-13,2.671303967e-13,4.003261902e-13,3.586808652e-13,1.135236621e-14,4.039943095e-13,1.426122353e-13
163.625,8.72930271e-13,6.500264083e-13,2.929408844e-13,2.129960774e-13,1.781542255e-13,2.762217563e-13,1.105895165e-13,1.607136815e-13,8.61879898e-14,7.989884746e-14,1.441266643e-13,1.221182427e-13,9.510143374e-14,3.963128803e-13,4.015053219e-13,5.93878402e-13,3.779797519e-13,3.354804933e-13,1.032908124e-13,2.003361811e-13,1.188352178e-13,8.200724496e-14,7.268263565e-14,9.800086306e-14,5.924836071e-14,1.355850817e-13,2.640989557e-13,4.011885788e-13,3.563783971e-13,1.175840528e-14,4.046996551e-13,1.42944643e-13
163.6328125,8.773821281e-13,6.511635662e-13,2.919664535e-13,2.143263478e-13,1.798057674e-13,2.776100694e-13,1.090302715e-13,1.628154389e-13,8.633032272e-14,8.099148723e-14,1.431580494e-13,1.220611143e-13,9.563442199e-14,3.963287015e-13,3.995426601e-13,5.92513455e-13,3.807864479e-13,3.399461014e-13,1.046560867e-13,2.016395752e-13,1.180561868e-13,8.248210251e-14,7.313067145e-14,9.779082397e-14,5.913408784e-14,1.376326948e-13,2.612349184e-13,4.019470291e-13,3.542088585e-13,1.217267519e-14,4.05453681e-13,1.433005563e-13
163.640625,8.818871509e-13,6.522722143e-13,2.91001019e-13,2.155390126e-13,1.816117175e-13,2.791207011e-13,1.074797171e-13,1.64866804e-13,8.654347665e-14,8.208210329e-14,1.422585898e-13,1.220512514e-13,9.610664928e-14,3.964457418e-13,3.976327486e-13,5.912402868e-13,3.837023963e-13,3.445978935e-13,1.060778771e-13,2.028469919e-13,1.172144543e-13,8.300009332e-14,7.358921902e-14,9.754392369e-14,5.902850739e-14,1.397365586e-13,2.58403792e-13,4.026839986e-13,3.519385852e-13,1.261068173e-14,4.062795385e-13,1.436633548e-13
163.6484375,8.863010209e-13,6.532137797e-13,2.90045077e-13,2.167542821e-13,1.835444271e-13,2.808061495e-13,1.059091683e-13,1.668722604e-13,8.679361688e-14,8.313660814e-14,1.413712172e-13,1.220755029e-13,9.653589172e-14,3.965649601e-13,3.956597714e-13,5.896583654e-13,3.865314935e-13,3.493251969e-13,1.075713272e-13,2.039837781e-13,1.163587528e-13,8.35602257e-14,7.404852796e-14,9.726150186e-14,5.889535505e-14,1.418384466e-13,2.554504175e-13,4.033781904e-13,3.49374173e-13,1.307473807e-14,4.071127935e-13,1.440152879e-13
163.65625,8.903557245e-13,6.539347166e-13,2.889737377e-13,2.178656021e-13,1.855012055e-13,2.824066455e-13,1.042555078e-13,1.688365018e-13,8.702139973e-14,8.414709917e-14,1.404438343e-13,1.221217477e-13,9.693963609e-14,3.965224912e-13,3.935419384e-13,5.877313025e-13,3.891488769e-13,3.538853422e-13,1.09113256e-13,2.050959349e-13,1.154841253e-13,8.409320576e-14,7.446400535e-14,9.696700405e-14,5.871566912e-14,1.438935201e-13,2.524426798e-13,4.038964007e-13,3.466383928e-13,1.35260092e-14,4.078958155e-13,1.443201885e-13
163.6640625,8.939601562e-13,6.545526987e-13,2.878674143e-13,2.190245992e-13,1.874272198e-13,2.838173644e-13,1.025813948e-13,1.707164881e-13,8.722449328e-14,8.514660353e-14,1.395026589e-13,1.221965006e-13,9.724295078e-14,3.963086612e-13,3.912554238e-13,5.855280635e-13,3.91646999e-13,3.582481128e-13,1.106335523e-13,2.061623157e-13,1.145562384e-13,8.45625489e-14,7.485393897e-14,9.667233297e-14,5.850052469e-14,1.459076775e-13,2.49362867e-13,4.042574845e-13,3.436691124e-13,1.396937965e-14,4.085294514e-13,1.445721304e-13
163.671875,8.976324506e-13,6.551582387e-13,2.867876702e-13,2.202980744e-13,1.893848458e-13,2.852714216e-13,1.009662335e-13,1.72531426e-13,8.742815296e-14,8.612558075e-14,1.385970426e-13,1.222706561e-13,9.744227604e-14,3.960599462e-13,3.889543432e-13,5.832256306e-13,3.942939261e-13,3.627047019e-13,1.121552994e-13,2.071874611e-13,1.135595326e-13,8.502293084e-14,7.523794574e-14,9.636985312e-14,5.82747522e-14,1.479483173e-13,2.461517381e-13,4.046219823e-13,3.404244586e-13,1.445528709e-14,4.090026281e-13,1.448159533e-13
163.6796875,9.016610534e-13,6.5563002e-13,2.856036767e-13,2.213497218e-13,1.91444392e-13,2.868694979e-13,9.936998703e-14,1.743230462e-13,8.763666562e-14,8.707263132e-14,1.377833315e-13,1.223220573e-13,9.762711574e-14,3.958945912e-13,3.867886188e-13,5.81029432e-13,3.971903734e-13,3.674424424e-13,1.137565971e-13,2.081202384e-13,1.124923532e-13,8.551287876e-14,7.561998357e-14,9.605395028e-14,5.807882991e-14,1.500354754e-13,2.428986019e-13,4.050061831e-13,3.371916021e-13,1.498564725e-14,4.094345748e-13,1.45052535e-13
163.6875,9.054880912e-13,6.559420385e-13,2.843445757e-13,2.222864587e-13,1.93533985e-13,2.884303341e-13,9.771173321e-14,1.760287139e-13,8.783578631e-14,8.800369453e-14,1.370624515e-13,1.22401651e-13,9.779545675e-14,3.957379508e-13,3.845792846e-13,5.787115319e-13,4.00109054e-13,3.722824658e-13,1.153750988e-13,2.089487097e-13,1.114239857e-13,8.599879048e-14,7.604343846e-14,9.572029345e-14,5.78989804e-14,1.521217308e-13,2.396712151e-13,4.052801297e-13,3.339895511e-13,1.554476656e-14,4.098016113e-13,1.452421132e-13
163.6953125,9.086885061e-13,6.562285888e-13,2.830943604e-13,2.235530969e-13,1.955738227e-13,2.89908137e-13,9.598336467e-14,1.776170824e-13,8.80196153e-14,8.884878354e-14,1.363599798e-13,1.225464884e-13,9.787551837e-14,3.954342791e-13,3.821773068e-13,5.760149133e-13,4.028619291e-13,3.770470851e-13,1.169188971e-13,2.09832617e-13,1.104066219e-13,8.646544776e-14,7.649655837e-14,9.5331102e-14,5.766246874e-14,1.541789298e-13,2.364183582e-13,4.053273382e-13,3.30505932e-13,1.613334258e-14,4.100201046e-13,1.453835365e-13
163.703125,9.114505238e-13,6.563843628e-13,2.817416486e-13,2.24830613e-13,1.976052562e-13,2.913708e-13,9.42390129e-14,1.792101438e-13,8.820964392e-14,8.954495946e-14,1.356650156e-13,1.227026303e-13,9.782357282e-14,3.949736882e-13,3.796932358e-13,5.731347988e-13,4.055219053e-13,3.817597798e-13,1.184223834e-13,2.108245458e-13,1.093519768e-13,8.692124696e-14,7.689959214e-14,9.487028529e-14,5.736599144e-14,1.561775304e-13,2.330538095e-13,4.051102062e-13,3.267141513e-13,1.672722908e-14,4.101887285e-13,1.454901743e-13
163.7109375,9.139880365e-13,6.562417406e-13,2.802347505e-13,2.2562244e-13,1.996474867e-13,2.927383417e-13,9.249472e-14,1.808733711e-13,8.8427948e-14,9.020705163e-14,1.349973407e-13,1.228359681e-13,9.765087035e-14,3.943788354e-13,3.770556959e-13,5.701349531e-13,4.081223399e-13,3.863962198e-13,1.199354177e-13,2.117420184e-13,1.082041362e-13,8.734363783e-14,7.726582047e-14,9.441038839e-14,5.705418124e-14,1.581111404e-13,2.295199281e-13,4.047373361e-13,3.226969725e-13,1.731944797e-14,4.103219744e-13,1.455641563e-13
163.71875,9.164746428e-13,6.560036117e-13,2.786196693e-13,2.263029099e-13,2.017226874e-13,2.940606623e-13,9.071996071e-14,1.824855831e-13,8.866597004e-14,9.095172964e-14,1.342580854e-13,1.230106877e-13,9.748625899e-14,3.936675571e-13,3.7418822e-13,5.66847968e-13,4.10589993e-13,3.909734696e-13,1.21501098e-13,2.12504004e-13,1.070300297e-13,8.774173208e-14,7.765283162e-14,9.401279626e-14,5.671912562e-14,1.600440218e-13,2.258596835e-13,4.044078821e-13,3.18388358e-13,1.793649584e-14,4.102766469e-13,1.456145841e-13
163.7265625,9.191015816e-13,6.558880501e-13,2.769087262e-13,2.272878527e-13,2.039467838e-13,2.955508697e-13,8.893564795e-14,1.839692169e-13,8.891552644e-14,9.171061856e-14,1.33406138e-13,1.232546057e-13,9.742996975e-14,3.929887671e-13,3.714222627e-13,5.635223279e-13,4.130831625e-13,3.957361254e-13,1.231730323e-13,2.132790199e-13,1.058253316e-13,8.817216295e-14,7.802380072e-14,9.363935013e-14,5.638098795e-14,1.620103735e-13,2.221874157e-13,4.041771056e-13,3.139448184e-13,1.857076264e-14,4.101389753e-13,1.456592261e-13
163.734375,9.216861895e-13,6.556302511e-13,2.751839318e-13,2.282306713e-13,2.062904138e-13,2.971137309e-13,8.716600011e-14,1.854306119e-13,8.91930441e-14,9.235942487e-14,1.325800217e-13,1.234978556e-13,9.732533578e-14,3.923340937e-13,3.688547718e-13,5.604267395e-13,4.157859021e-13,4.007138034e-13,1.248671111e-13,2.141585527e-13,1.045449755e-13,8.863586079e-14,7.834878286e-14,9.323310298e-14,5.608833225e-14,1.639987221e-13,2.185677925e-13,4.038236209e-13,3.095568848e-13,1.920362968e-14,4.101092802e-13,1.457276352e-13
163.7421875,9.238063685e-13,6.548710399e-13,2.735021175e-13,2.287255747e-13,2.086027564e-13,2.985061388e-13,8.53539962e-14,1.869268439e-13,8.950519372e-14,9.287816975e-14,1.31831465e-13,1.23747171e-13,9.700413301e-14,3.914740645e-13,3.660632088e-13,5.571665187e-13,4.183933736e-13,4.05553417e-13,1.264639921e-13,2.149496223e-13,1.032486953e-13,8.90864275e-14,7.866546644e-14,9.277469937e-14,5.577950398e-14,1.660008051e-13,2.149787877e-13,4.031042211e-13,3.050629174e-13,1.984723079e-14,4.101418601e-13,1.458118742e-13
163.75,9.254598492e-13,6.538975241e-13,2.718366366e-13,2.289276299e-13,2.109852064e-13,2.998156538e-13,8.349422843e-14,1.883256557e-13,8.983672563e-14,9.334561256e-14,1.310894615e-13,1.241146641e-13,9.660979758e-14,3.905308416e-13,3.630278873e-13,5.53395447e-13,4.205498663e-13,4.102222731e-13,1.280698235e-13,2.155251847e-13,1.019636064e-13,8.952771797e-14,7.898660318e-14,9.226361709e-14,5.539030056e-14,1.67959742e-13,2.113607489e-13,4.021980586e-13,3.004244724e-13,2.051374878e-14,4.101428036e-13,1.458527949e-13
163.7578125,9.270860522e-13,6.532528303e-13,2.702154951e-13,2.29233564e-13,2.136045195e-13,3.012401796e-13,8.168236403e-14,1.895429203e-13,9.017138063e-14,9.380662549e-14,1.30361833e-13,1.245925413e-13,9.633167391e-14,3.89865482e-13,3.602609888e-13,5.49506505e-13,4.225240732e-13,4.151212594e-13,1.298325333e-13,2.160625252e-13,1.00646351e-13,8.999289223e-14,7.931547996e-14,9.172418679e-14,5.500234082e-14,1.698169911e-13,2.076894659e-13,4.014933026e-13,2.958632295e-13,2.119795241e-14,4.10134098e-13,1.458443658e-13
163.765625,9.287662263e-13,6.526280068e-13,2.685770599e-13,2.297054541e-13,2.1627854e-13,3.027454871e-13,7.993912086e-14,1.906549922e-13,9.049002878e-14,9.419529777e-14,1.296560894e-13,1.25039995e-13,9.607474685e-14,3.893575271e-13,3.578478691e-13,5.45882901e-13,4.247314723e-13,4.202781584e-13,1.316539691e-13,2.16652709e-13,9.932785779e-14,9.046310624e-14,7.965836924e-14,9.11838947e-14,5.467484674e-14,1.715659762e-13,2.039903138e-13,4.008767701e-13,2.912885608e-13,2.187380807e-14,4.100626479e-13,1.458009403e-13
163.7734375,9.300649966e-13,6.5140025e-13,2.668146958e-13,2.300231671e-13,2.187915041e-13,3.041709808e-13,7.819509294e-14,1.916991698e-13,9.079332641e-14,9.446985043e-14,1.28951476e-13,1.254258121e-13,9.565183974e-14,3.886148399e-13,3.553429558e-13,5.422734464e-13,4.271167384e-13,4.253269202e-13,1.333808439e-13,2.171675171e-13,9.802421862e-14,9.089000534e-14,7.997225995e-14,9.06354269e-14,5.434152249e-14,1.73206289e-13,2.003052991e-13,3.999622261e-13,2.864752153e-13,2.253201286e-14,4.098618981e-13,1.456756228e-13
163.78125,9.310300583e-13,6.499220362e-13,2.650625834e-13,2.300624279e-13,2.213120683e-13,3.054287542e-13,7.642933378e-14,1.926515811e-13,9.113697691e-14,9.468228929e-14,1.282965598e-13,1.25858416e-13,9.506471203e-14,3.876337947e-13,3.525047148e-13,5.383172081e-13,4.294201892e-13,4.302072523e-13,1.35064438e-13,2.175889712e-13,9.66675593e-14,9.129028421e-14,8.023915062e-14,9.00644163e-14,5.396032376e-14,1.7480194e-13,1.966739958e-13,3.988247175e-13,2.815597218e-13,2.32174058e-14,4.09623229e-13,1.455043712e-13
163.7890625,9.321387786e-13,6.486428512e-13,2.634455028e-13,2.30020223e-13,2.240815107e-13,3.065806287e-13,7.466721578e-14,1.935529761e-13,9.15607419e-14,9.484573866e-14,1.276707853e-13,1.264033137e-13,9.443518755e-14,3.866462532e-13,3.494949018e-13,5.340047953e-13,4.314389658e-13,4.350622695e-13,1.368209063e-13,2.179347507e-13,9.52634381e-14,9.173125214e-14,8.049707835e-14,8.94715204e-14,5.354488322e-14,1.764329255e-13,1.930542966e-13,3.976844648e-13,2.767538308e-13,2.394366493e-14,4.094511136e-13,1.453944413e-13
163.796875,9.33126214e-13,6.472267133e-13,2.618489943e-13,2.2992014e-13,2.270342652e-13,3.077184762e-13,7.292012564e-14,1.944396238e-13,9.2029705e-14,9.492306765e-14,1.270167146e-13,1.270435462e-13,9.380052201e-14,3.856957627e-13,3.465164198e-13,5.295192645e-13,4.330660891e-13,4.398295687e-13,1.386338291e-13,2.181449935e-13,9.386740936e-14,9.221760272e-14,8.075048894e-14,8.885450095e-14,5.310368071e-14,1.780545586e-13,1.893746493e-13,3.964939525e-13,2.720762185e-13,2.46615219e-14,4.093357737e-13,1.453059053e-13
163.8046875,9.336525915e-13,6.457891644e-13,2.601650301e-13,2.297417109e-13,2.300305469e-13,3.088611089e-13,7.118279869e-14,1.952870642e-13,9.253339039e-14,9.492918187e-14,1.264212972e-13,1.277401562e-13,9.309248337e-14,3.847304483e-13,3.435488715e-13,5.24960427e-13,4.344680319e-13,4.444968121e-13,1.404519371e-13,2.183141459e-13,9.246399539e-14,9.271812399e-14,8.100801826e-14,8.820011474e-14,5.266804234e-14,1.796359942e-13,1.857183076e-13,3.953473683e-13,2.674434441e-13,2.535945167e-14,4.092341494e-13,1.45167766e-13
163.8125,9.342957021e-13,6.447210636e-13,2.58378231e-13,2.297188733e-13,2.331147164e-13,3.100727671e-13,6.943601043e-14,1.960602341e-13,9.30981272e-14,9.490602683e-14,1.259057035e-13,1.284311683e-13,9.228340229e-14,3.837699787e-13,3.404467689e-13,5.202215012e-13,4.358574465e-13,4.491878461e-13,1.422975943e-13,2.185653619e-13,9.104869526e-14,9.325127106e-14,8.130417658e-14,8.750024047e-14,5.224911676e-14,1.811986334e-13,1.821642805e-13,3.943483194e-13,2.626512e-13,2.605230512e-14,4.091093253e-13,1.450322191e-13
163.8203125,9.351616783e-13,6.433602809e-13,2.565896578e-13,2.298263873e-13,2.362735491e-13,3.113842868e-13,6.767201424e-14,1.967219483e-13,9.366026124e-14,9.484857107e-14,1.253668331e-13,1.290776877e-13,9.142240226e-14,3.82734681e-13,3.372313511e-13,5.152410356e-13,4.371633975e-13,4.53820504e-13,1.441617679e-13,2.188020119e-13,8.96457861e-14,9.379501733e-14,8.159536847e-14,8.678854243e-14,5.179935693e-14,1.826530206e-13,1.785979644e-13,3.931909458e-13,2.576033948e-13,2.672942134e-14,4.089021422e-13,1.448894405e-13
163.828125,9.355564584e-13,6.413062373e-13,2.5496245e-13,2.297081699e-13,2.393549722e-13,3.126572773e-13,6.591873258e-14,1.972946748e-13,9.415671685e-14,9.472001831e-14,1.248558787e-13,1.29734009e-13,9.053382138e-14,3.814774241e-13,3.340645564e-13,5.102109223e-13,4.383133017e-13,4.5829415e-13,1.460096796e-13,2.18890738e-13,8.821262914e-14,9.428175643e-14,8.182845163e-14,8.611448594e-14,5.131808263e-14,1.839668765e-13,1.749604708e-13,3.917421777e-13,2.525263729e-13,2.740779193e-14,4.085743208e-13,1.446691154e-13
163.8359375,9.356628852e-13,6.393308361e-13,2.533609391e-13,2.293728029e-13,2.424375992e-13,3.138217513e-13,6.420987268e-14,1.978411442e-13,9.46730344e-14,9.452920628e-14,1.24440773e-13,1.304597565e-13,8.961963333e-14,3.801365316e-13,3.309396013e-13,5.051844178e-13,4.393541612e-13,4.627993858e-13,1.478961245e-13,2.188610639e-13,8.6696888e-14,9.476105532e-14,8.204486348e-14,8.544801223e-14,5.084505482e-14,1.852517703e-13,1.713345652e-13,3.903005026e-13,2.476029451e-13,2.810806138e-14,4.081823435e-13,1.44409815e-13
163.84375,9.359278385e-13,6.375866536e-13,2.516010484e-13,2.290267427e-13,2.457036362e-13,3.149259058e-13,6.254334513e-14,1.983273063e-13,9.527195379e-14,9.432139826e-14,1.240540229e-13,1.312246354e-13,8.868211323e-14,3.78923234e-13,3.277266287e-13,4.99964682e-13,4.402034873e-13,4.674043054e-13,1.498120065e-13,2.188704532e-13,8.51363693e-14,9.530016636e-14,8.226427786e-14,8.473010756e-14,5.035353498e-14,1.864747598e-13,1.677630654e-13,3.888972558e-13,2.427966905e-13,2.88001552e-14,4.078372061e-13,1.441416495e-13
163.8515625,9.358378605e-13,6.356007244e-13,2.499648039e-13,2.28521688e-13,2.489594496e-13,3.159629731e-13,6.087446844e-14,1.987378972e-13,9.588335932e-14,9.406270787e-14,1.237356046e-13,1.320121468e-13,8.767346738e-14,3.776900981e-13,3.244747602e-13,4.945892813e-13,4.408733496e-13,4.718555931e-13,1.516171584e-13,2.189476546e-13,8.362741255e-14,9.581834854e-14,8.245886892e-14,8.399745998e-14,4.98210957e-14,1.875090146e-13,1.642877036e-13,3.873553523e-13,2.380900399e-13,2.947123154e-14,4.075827935e-13,1.43826919e-13
163.859375,9.353195422e-13,6.336772587e-13,2.486125786e-13,2.278067063e-13,2.52031232e-13,3.170092109e-13,5.918274984e-14,1.99157022e-13,9.649061295e-14,9.367567479e-14,1.23506716e-13,1.328852336e-13,8.661327523e-14,3.76391484e-13,3.213771245e-13,4.892830746e-13,4.416222871e-13,4.761763752e-13,1.533529726e-13,2.188973603e-13,8.2203934e-14,9.628138904e-14,8.265304116e-14,8.328754384e-14,4.930136183e-14,1.883855495e-13,1.609085718e-13,3.857899156e-13,2.3350207e-13,3.01398337e-14,4.073737362e-13,1.434814859e-13
163.8671875,9.351105202e-13,6.319443425e-13,2.471735325e-13,2.27185702e-13,2.552567371e-13,3.181825692e-13,5.753648273e-14,1.995234485e-13,9.713789674e-14,9.318614825e-14,1.231795406e-13,1.338519621e-13,8.565520892e-14,3.753606976e-13,3.185179331e-13,4.841120054e-13,4.425236364e-13,4.807570961e-13,1.552214318e-13,2.187533317e-13,8.076431242e-14,9.678792989e-14,8.28522352e-14,8.254163667e-14,4.882962388e-14,1.891973379e-13,1.575318348e-13,3.842488363e-13,2.290722225e-13,3.079088722e-14,4.071395959e-13,1.431177883e-13
163.875,9.352277535e-13,6.297663672e-13,2.455828833e-13,2.266536667e-13,2.588463559e-13,3.194239662e-13,5.599511725e-14,1.99708911e-13,9.779163741e-14,9.268365522e-14,1.227479193e-13,1.348322853e-13,8.481495962e-14,3.745799503e-13,3.15809928e-13,4.791037947e-13,4.434339129e-13,4.856520574e-13,1.572000692e-13,2.187350149e-13,7.922650911e-14,9.734244348e-14,8.300976373e-14,8.174806174e-14,4.838500073e-14,1.900099757e-13,1.542146637e-13,3.825621794e-13,2.248177091e-13,3.141426266e-14,4.0685573e-13,1.427226304e-13
163.8828125,9.352513444e-13,6.271903365e-13,2.442179864e-13,2.259230047e-13,2.62481964e-13,3.20680623e-13,5.450445061e-14,1.998162686e-13,9.84399598e-14,9.219815246e-14,1.224344177e-13,1.358059765e-13,8.391920071e-14,3.736693474e-13,3.131429186e-13,4.742897314e-13,4.443493628e-13,4.905298323e-13,1.591371465e-13,2.18676336e-13,7.768512555e-14,9.788108307e-14,8.315057097e-14,8.098432064e-14,4.794268745e-14,1.9085967e-13,1.510704779e-13,3.808126558e-13,2.206022834e-13,3.205147405e-14,4.06605112e-13,1.423460398e-13
163.890625,9.352223047e-13,6.24911115e-13,2.430671394e-13,2.250794247e-13,2.660048752e-13,3.219664413e-13,5.300690705e-14,1.999522432e-13,9.914752281e-14,9.16727294e-14,1.222376055e-13,1.368197137e-13,8.292005138e-14,3.726515586e-13,3.105473604e-13,4.696372819e-13,4.452925253e-13,4.953108017e-13,1.610502013e-13,2.184742251e-13,7.622744038e-14,9.844034385e-14,8.333255502e-14,8.026019527e-14,4.750280271e-14,1.916645126e-13,1.480002604e-13,3.791728704e-13,2.164576069e-13,3.271499015e-14,4.064828472e-13,1.420008115e-13
163.8984375,9.351160334e-13,6.22943343e-13,2.418968985e-13,2.243352582e-13,2.696146138e-13,3.2322552e-13,5.153559382e-14,2.0000238e-13,9.990833928e-14,9.104105585e-14,1.220468501e-13,1.378776733e-13,8.189609166e-14,3.717413031e-13,3.081255082e-13,4.651475329e-13,4.461723005e-13,5.001809645e-13,1.629950983e-13,2.184792096e-13,7.479540564e-14,9.904971426e-14,8.353291114e-14,7.951954179e-14,4.71013974e-14,1.923527987e-13,1.449811918e-13,3.77551225e-13,2.127237242e-13,3.335517117e-14,4.06458481e-13,1.416268175e-13
163.90625,9.347403396e-13,6.207806605e-13,2.408375759e-13,2.235566221e-13,2.733284588e-13,3.244683818e-13,5.011954261e-14,1.998987741e-13,1.006562916e-13,9.035582793e-14,1.219572531e-13,1.389658114e-13,8.085608307e-14,3.708927706e-13,3.058669195e-13,4.607577646e-13,4.46997951e-13,5.051511766e-13,1.649394956e-13,2.186673469e-13,7.33639939e-14,9.966317915e-14,8.371334485e-14,7.874824814e-14,4.675198955e-14,1.929945268e-13,1.421875344e-13,3.758580448e-13,2.09453735e-13,3.396840563e-14,4.06485115e-13,1.412241248e-13
163.9140625,9.341774589e-13,6.183052278e-13,2.399902374e-13,2.225861842e-13,2.77010747e-13,3.256842271e-13,4.874511024e-14,1.99707394e-13,1.013729626e-13,8.970319762e-14,1.220211341e-13,1.400798556e-13,7.979531119e-14,3.700891973e-13,3.036993639e-13,4.563510555e-13,4.478355931e-13,5.100949191e-13,1.668658833e-13,2.186327156e-13,7.196063062e-14,1.002639853e-13,8.388044613e-14,7.79495244e-14,4.639821777e-14,1.93590957e-13,1.39605539e-13,3.740978206e-13,2.063530572e-13,3.460475626e-14,4.065497186e-13,1.407986703e-13
163.921875,9.336552606e-13,6.157656248e-13,2.39178166e-13,2.214655243e-13,2.807148362e-13,3.267722454e-13,4.741872996e-14,1.994420338e-13,1.020735642e-13,8.902300061e-14,1.220853216e-13,1.411840599e-13,7.871312001e-14,3.693773297e-13,3.016011272e-13,4.519380668e-13,4.485897523e-13,5.149934222e-13,1.687744424e-13,2.183638707e-13,7.053168239e-14,1.008653369e-13,8.403819886e-14,7.712199409e-14,4.600722866e-14,1.940144232e-13,1.370482298e-13,3.722370893e-13,2.033145756e-13,3.524299807e-14,4.065694894e-13,1.403102538e-13
163.9296875,9.333389105e-13,6.131983544e-13,2.38398399e-13,2.202005799e-13,2.845458754e-13,3.278774599e-13,4.614776125e-14,1.990831701e-13,1.028000772e-13,8.825997563e-14,1.220651031e-13,1.422834831e-13,7.756511106e-14,3.686844265e-13,2.995379104e-13,4.474668145e-13,4.491180149e-13,5.19884246e-13,1.706663836e-13,2.17969132e-13,6.905302015e-14,1.01483855e-13,8.417660086e-14,7.629686622e-14,4.560322041e-14,1.942330239e-13,1.344614071e-13,3.703604018e-13,2.003645809e-13,3.583442842e-14,4.065758635e-13,1.397868699e-13
163.9375,9.330559548e-13,6.104790006e-13,2.377652477e-13,2.187839581e-13,2.884588769e-13,3.291256197e-13,4.490892121e-14,1.986433866e-13,1.035875422e-13,8.748159655e-14,1.220419396e-13,1.434420039e-13,7.636959483e-14,3.679860985e-13,2.974521405e-13,4.427975703e-13,4.493795329e-13,5.247290264e-13,1.725544099e-13,2.174501127e-13,6.759496403e-14,1.0213743e-13,8.429788054e-14,7.548673162e-14,4.518365911e-14,1.943179118e-13,1.319061241e-13,3.685531918e-13,1.974762648e-13,3.641274533e-14,4.067511839e-13,1.392672208e-13
163.9453125,9.323303503e-13,6.077842826e-13,2.371971243e-13,2.173852599e-13,2.92347726e-13,3.302781195e-13,4.369193956e-14,1.981300009e-13,1.043828577e-13,8.668948207e-14,1.220949481e-13,1.446315394e-13,7.519138414e-14,3.672549747e-13,2.953483989e-13,4.38015101e-13,4.493737748e-13,5.294413939e-13,1.744038631e-13,2.169991573e-13,6.617564919e-14,1.027916638e-13,8.442330447e-14,7.464105873e-14,4.474702981e-14,1.943081984e-13,1.294277969e-13,3.666846733e-13,1.947134805e-13,3.699623085e-14,4.070208897e-13,1.387168454e-13
163.953125,9.311890645e-13,6.052319873e-13,2.367009736e-13,2.162184172e-13,2.962065646e-13,3.31333615e-13,4.251410045e-14,1.975593314e-13,1.051368468e-13,8.584180589e-14,1.222392826e-13,1.457814402e-13,7.403377213e-14,3.664385381e-13,2.933444293e-13,4.333307074e-13,4.492014726e-13,5.340750077e-13,1.762062658e-13,2.166809246e-13,6.478038733e-14,1.03419898e-13,8.45571773e-14,7.37306534e-14,4.433194633e-14,1.942144953e-13,1.269994094e-13,3.647209362e-13,1.921770682e-13,3.754681294e-14,4.071850688e-13,1.381369141e-13
163.9609375,9.302067021e-13,6.025992673e-13,2.364378034e-13,2.151617236e-13,3.001679262e-13,3.32547434e-13,4.138450211e-14,1.969598276e-13,1.059009569e-13,8.498774212e-14,1.224710415e-13,1.469504291e-13,7.289524755e-14,3.657704687e-13,2.916537237e-13,4.289308927e-13,4.491743504e-13,5.389202115e-13,1.780669127e-13,2.163732647e-13,6.344311718e-14,1.040740646e-13,8.46509257e-14,7.280595941e-14,4.394392318e-14,1.940009568e-13,1.245836262e-13,3.62811273e-13,1.899379167e-13,3.8086515e-14,4.073876057e-13,1.375417457e-13
163.96875,9.295901362e-13,5.999963206e-13,2.363680361e-13,2.137992504e-13,3.043085057e-13,3.337763561e-13,4.029501306e-14,1.963230341e-13,1.067044309e-13,8.414510541e-14,1.227935779e-13,1.482101075e-13,7.178201378e-14,3.654880614e-13,2.903632148e-13,4.249735285e-13,4.495338501e-13,5.441815358e-13,1.800350015e-13,2.161342478e-13,6.215366544e-14,1.047658215e-13,8.46834064e-14,7.192349389e-14,4.356947486e-14,1.936014394e-13,1.222684051e-13,3.609756446e-13,1.880323453e-13,3.865663492e-14,4.077805734e-13,1.36887792e-13
163.9765625,9.290409438e-13,5.975974514e-13,2.364110444e-13,2.121371091e-13,3.085087905e-13,3.348984139e-13,3.925443132e-14,1.956059295e-13,1.075112027e-13,8.32722297e-14,1.232155885e-13,1.495294069e-13,7.067963887e-14,3.653583817e-13,2.892811813e-13,4.213193383e-13,4.501040748e-13,5.496503475e-13,1.820127024e-13,2.159475403e-13,6.085594555e-14,1.054434545e-13,8.471163213e-14,7.107730639e-14,4.323441826e-14,1.930850825e-13,1.201354678e-13,3.59173258e-13,1.863544669e-13,3.923039893e-14,4.08195607e-13,1.361999899e-13
163.984375,9.282379025e-13,5.949366652e-13,2.366276828e-13,2.106611871e-13,3.126627595e-13,3.360963602e-13,3.82947458e-14,1.948018288e-13,1.083276435e-13,8.236097412e-14,1.237058441e-13,1.508902564e-13,6.961110007e-14,3.651024974e-13,2.882046239e-13,4.176455093e-13,4.505299332e-13,5.549793315e-13,1.839295362e-13,2.156980039e-13,5.955746893e-14,1.061125117e-13,8.474223603e-14,7.02375472e-14,4.293897545e-14,1.92565331e-13,1.180901227e-13,3.573548097e-13,1.848587125e-13,3.97647893e-14,4.085605889e-13,1.355409055e-13
163.9921875,9.271093655e-13,5.919117307e-13,2.369038463e-13,2.093945327e-13,3.168090195e-13,3.371965795e-13,3.740313025e-14,1.939803542e-13,1.09171015e-13,8.140087425e-14,1.241916594e-13,1.522656204e-13,6.857224409e-14,3.648025632e-13,2.871256375e-13,4.13918936e-13,4.507017867e-13,5.600886344e-13,1.858124124e-13,2.154668819e-13,5.829163712e-14,1.067961311e-13,8.472498479e-14,6.939117047e-14,4.263426566e-14,1.919333088e-13,1.160691515e-13,3.553590219e-13,1.836850721e-13,4.023524385e-14,4.089598109e-13,1.34861125e-13
164,9.258822511e-13,5.890434252e-13,2.37130182e-13,2.079357906e-13,3.209814883e-13,3.380197184e-13,3.65233864e-14,1.931884288e-13,1.100167582e-13,8.041870421e-14,1.246704911e-13,1.535821769e-13,6.749245922e-14,3.645851523e-13,2.861301299e-13,4.102861698e-13,4.507146905e-13,5.650924506e-13,1.876933993e-13,2.152217292e-13,5.704465308e-14,1.074839051e-13,8.470398671e-14,6.852008346e-14,4.231174028e-14,1.911047638e-13,1.141917042e-13,3.532293021e-13,1.828219721e-13,4.067553942e-14,4.093691705e-13,1.341427438e-13
164.0078125,9.247523685e-13,5.861126321e-13,2.375858504e-13,2.063117663e-13,3.252144272e-13,3.389599646e-13,3.56645041e-14,1.92365219e-13,1.108731691e-13,7.949072957e-14,1.252295242e-13,1.548932996e-13,6.637974762e-14,3.644925228e-13,2.853295143e-13,4.068076262e-13,4.506968412e-13,5.701131718e-13,1.895818555e-13,2.148112608e-13,5.580269607e-14,1.081984633e-13,8.473008309e-14,6.762654916e-14,4.20162703e-14,1.902936091e-13,1.125631587e-13,3.51215163e-13,1.821662618e-13,4.117370958e-14,4.098577188e-13,1.334729931e-13
164.015625,9.237330539e-13,5.827762148e-13,2.38383268e-13,2.046876062e-13,3.295574122e-13,3.401331551e-13,3.486749257e-14,1.914465008e-13,1.117575514e-13,7.859057805e-14,1.25893612e-13,1.562986055e-13,6.528071426e-14,3.645763051e-13,2.847294338e-13,4.034975611e-13,4.507448888e-13,5.752503637e-13,1.914617373e-13,2.143410057e-13,5.459002394e-14,1.089470295e-13,8.471899974e-14,6.676969788e-14,4.175743162e-14,1.895432774e-13,1.111354734e-13,3.492685433e-13,1.818010926e-13,4.171305208e-14,4.105436292e-13,1.328241109e-13
164.0234375,9.228165175e-13,5.797168285e-13,2.391290262e-13,2.029277452e-13,3.338821843e-13,3.411414696e-13,3.410491251e-14,1.904457552e-13,1.126254044e-13,7.764367477e-14,1.265941755e-13,1.577101644e-13,6.415905004e-14,3.647276446e-13,2.842107209e-13,4.003541235e-13,4.507997273e-13,5.804772135e-13,1.93277457e-13,2.139345526e-13,5.341931172e-14,1.096711858e-13,8.461682548e-14,6.596249399e-14,4.148669194e-14,1.88538272e-13,1.09801014e-13,3.472222068e-13,1.817576484e-13,4.218606864e-14,4.112785293e-13,1.320891048e-13
164.03125,9.217092291e-13,5.771853447e-13,2.397469371e-13,2.010768383e-13,3.380375216e-13,3.420048617e-13,3.337659811e-14,1.894048218e-13,1.134634241e-13,7.668838315e-14,1.273096355e-13,1.590466953e-13,6.301838394e-14,3.64787162e-13,2.83829895e-13,3.974460338e-13,4.507775129e-13,5.856504293e-13,1.950062018e-13,2.135817605e-13,5.225847374e-14,1.103562404e-13,8.450652982e-14,6.512581235e-14,4.119433578e-14,1.872270267e-13,1.085303802e-13,3.451618801e-13,1.819656686e-13,4.259051971e-14,4.119472889e-13,1.312903958e-13
164.0390625,9.200443013e-13,5.744360858e-13,2.406738945e-13,1.992936807e-13,3.421591616e-13,3.42958875e-13,3.273951896e-14,1.883698215e-13,1.143292267e-13,7.577889275e-14,1.280849691e-13,1.604046774e-13,6.192549704e-14,3.648776558e-13,2.836982142e-13,3.947977745e-13,4.507737945e-13,5.907482678e-13,1.967112332e-13,2.132888281e-13,5.110029552e-14,1.110476828e-13,8.443700483e-14,6.425057376e-14,4.094017931e-14,1.85878458e-13,1.073818835e-13,3.431071588e-13,1.824920821e-13,4.29937309e-14,4.126828244e-13,1.304680426e-13
164.046875,9.181650057e-13,5.713785997e-13,2.419108141e-13,1.974468187e-13,3.463762566e-13,3.438207709e-13,3.216123565e-14,1.873486697e-13,1.152240972e-13,7.488324342e-14,1.289155257e-13,1.61795564e-13,6.086491587e-14,3.651774623e-13,2.836625782e-13,3.92197857e-13,4.508105908e-13,5.958789072e-13,1.984303432e-13,2.129563816e-13,4.999944209e-14,1.117566997e-13,8.436093296e-14,6.341518233e-14,4.073287138e-14,1.845238215e-13,1.063909922e-13,3.409555351e-13,1.833604099e-13,4.34125728e-14,4.135004007e-13,1.295828108e-13
164.0546875,9.165686254e-13,5.684341551e-13,2.430349319e-13,1.95494567e-13,3.505863886e-13,3.445211914e-13,3.159126436e-14,1.86282718e-13,1.160965229e-13,7.397094175e-14,1.29734913e-13,1.631219973e-13,5.979655718e-14,3.656261962e-13,2.836721167e-13,3.895865463e-13,4.507591275e-13,6.010640559e-13,2.001107011e-13,2.12519075e-13,4.896579235e-14,1.124748883e-13,8.424265668e-14,6.259877187e-14,4.05122629e-14,1.830393425e-13,1.055232429e-13,3.388027645e-13,1.844517655e-13,4.384144953e-14,4.143263094e-13,1.28663428e-13
164.0625,9.150741305e-13,5.653905987e-13,2.441336741e-13,1.936402605e-13,3.548154661e-13,3.453413952e-13,3.109470414e-14,1.851464162e-13,1.169596455e-13,7.307176169e-14,1.305373594e-13,1.64441024e-13,5.874947816e-14,3.661797202e-13,2.839286479e-13,3.871801987e-13,4.506761093e-13,6.062522052e-13,2.017418789e-13,2.120747568e-13,4.794704418e-14,1.132085018e-13,8.408883605e-14,6.171726048e-14,4.027881814e-14,1.814712499e-13,1.047408512e-13,3.367458826e-13,1.857466659e-13,4.426472115e-14,4.152512127e-13,1.277784176e-13
164.0703125,9.134821643e-13,5.620597715e-13,2.455288189e-13,1.919663635e-13,3.59136931e-13,3.462756693e-13,3.070233508e-14,1.839717006e-13,1.178332558e-13,7.222581015e-14,1.314048331e-13,1.658277623e-13,5.77628652e-14,3.669002089e-13,2.84425319e-13,3.850158101e-13,4.506988139e-13,6.114260589e-13,2.033734544e-13,2.115749715e-13,4.694734215e-14,1.139415774e-13,8.391952751e-14,6.079880971e-14,4.008424743e-14,1.798927895e-13,1.040737271e-13,3.346761769e-13,1.873129593e-13,4.466580315e-14,4.162792475e-13,1.268991356e-13
164.078125,9.118466321e-13,5.586937233e-13,2.469900926e-13,1.903602684e-13,3.633173419e-13,3.470005695e-13,3.034674836e-14,1.827748096e-13,1.186577377e-13,7.142743819e-14,1.323380318e-13,1.671577767e-13,5.684790288e-14,3.677053982e-13,2.850243044e-13,3.830605237e-13,4.50782688e-13,6.16548443e-13,2.049610172e-13,2.1099946e-13,4.59817248e-14,1.146387987e-13,8.374831955e-14,5.991390375e-14,3.993546338e-14,1.782971792e-13,1.035808581e-13,3.32497764e-13,1.891751198e-13,4.505356218e-14,4.172092874e-13,1.259753748e-13
164.0859375,9.09986234e-13,5.553365993e-13,2.482720808e-13,1.885610827e-13,3.672689896e-13,3.473932232e-13,3.001403382e-14,1.815892501e-13,1.194183278e-13,7.065150256e-14,1.332139789e-13,1.683541212e-13,5.597004716e-14,3.68496823e-13,2.857093534e-13,3.81346276e-13,4.508639532e-13,6.216057871e-13,2.064405639e-13,2.105816627e-13,4.499546107e-14,1.152908643e-13,8.356903097e-14,5.905560898e-14,3.981671941e-14,1.766580058e-13,1.032173199e-13,3.302158308e-13,1.913096127e-13,4.543324186e-14,4.179751662e-13,1.250140238e-13
164.09375,9.07947307e-13,5.519490793e-13,2.496430035e-13,1.864273669e-13,3.713340932e-13,3.476417395e-13,2.973015617e-14,1.804531576e-13,1.202164717e-13,6.989881568e-14,1.340215304e-13,1.695560217e-13,5.507525874e-14,3.693870765e-13,2.864253447e-13,3.797089553e-13,4.509425703e-13,6.267612156e-13,2.078909878e-13,2.103031744e-13,4.398805428e-14,1.159311853e-13,8.337314195e-14,5.820652345e-14,3.972119827e-14,1.749191709e-13,1.028938022e-13,3.278891708e-13,1.93676161e-13,4.581289134e-14,4.187736886e-13,1.240288138e-13
164.1015625,9.061546635e-13,5.486595554e-13,2.512769057e-13,1.842527042e-13,3.756601233e-13,3.4800632e-13,2.948456528e-14,1.793189719e-13,1.211074423e-13,6.916426415e-14,1.349144107e-13,1.708681835e-13,5.419569924e-14,3.705224717e-13,2.872515323e-13,3.781775015e-13,4.510859302e-13,6.322316728e-13,2.093866305e-13,2.098673551e-13,4.304031181e-14,1.166053862e-13,8.315422317e-14,5.738032784e-14,3.964574512e-14,1.730579276e-13,1.026804971e-13,3.256222331e-13,1.963665789e-13,4.619488829e-14,4.198239345e-13,1.230236657e-13
164.109375,9.046161954e-13,5.45500587e-13,2.531159648e-13,1.82271201e-13,3.800641151e-13,3.485444505e-13,2.92835205e-14,1.78142053e-13,1.220356982e-13,6.844008158e-14,1.359728612e-13,1.722466669e-13,5.339199649e-14,3.719432395e-13,2.884538913e-13,3.771024394e-13,4.514665548e-13,6.379875257e-13,2.10867627e-13,2.092703622e-13,4.217301575e-14,1.173224475e-13,8.290057168e-14,5.657400779e-14,3.960164316e-14,1.711331448e-13,1.026884459e-13,3.234858102e-13,1.995416e-13,4.655537291e-14,4.211393041e-13,1.220141737e-13
164.1171875,9.030947762e-13,5.4248806e-13,2.552417713e-13,1.803049601e-13,3.844776256e-13,3.491002542e-13,2.914327563e-14,1.769721914e-13,1.229665373e-13,6.777548846e-14,1.371450475e-13,1.736446824e-13,5.262425923e-14,3.735995641e-13,2.900000829e-13,3.764360238e-13,4.520638561e-13,6.43792221e-13,2.123021977e-13,2.087265455e-13,4.135581641e-14,1.180633589e-13,8.262145428e-14,5.577649503e-14,3.958301071e-14,1.69200942e-13,1.028684006e-13,3.214938562e-13,2.031336994e-13,4.692632486e-14,4.225913643e-13,1.210276255e-13
164.125,9.016200931e-13,5.395745892e-13,2.575670629e-13,1.783197428e-13,3.888591835e-13,3.495999314e-13,2.905419512e-14,1.758269788e-13,1.238959753e-13,6.722090927e-14,1.383772022e-13,1.750378669e-13,5.185888436e-14,3.75346822e-13,2.916849771e-13,3.759114684e-13,4.526762182e-13,6.495625563e-13,2.137533741e-13,2.083047426e-13,4.057466907e-14,1.188182013e-13,8.233853749e-14,5.498860729e-14,3.95691247e-14,1.67247551e-13,1.031693296e-13,3.196008145e-13,2.070000044e-13,4.734519115e-14,4.241243331e-13,1.200566036e-13
164.1328125,9.001338246e-13,5.365662284e-13,2.598657275e-13,1.764647062e-13,3.931171237e-13,3.50070267e-13,2.901705813e-14,1.746476226e-13,1.24775446e-13,6.672940234e-14,1.396447317e-13,1.763970438e-13,5.115673312e-14,3.771636637e-13,2.935669062e-13,3.756585262e-13,4.534084319e-13,6.55448748e-13,2.152323428e-13,2.079540807e-13,3.980478577e-14,1.195696954e-13,8.205110105e-14,5.420873778e-14,3.958353213e-14,1.652010148e-13,1.036448201e-13,3.17677052e-13,2.11194954e-13,4.773846846e-14,4.257084337e-13,1.190320979e-13
164.140625,8.985216486e-13,5.335671561e-13,2.623019233e-13,1.746184686e-13,3.973509814e-13,3.504566536e-13,2.903897949e-14,1.734538494e-13,1.255948925e-13,6.621912131e-14,1.409311591e-13,1.777288762e-13,5.053379515e-14,3.792362319e-13,2.957496873e-13,3.758172274e-13,4.544455285e-13,6.615175815e-13,2.166464791e-13,2.076346559e-13,3.903461015e-14,1.202968208e-13,8.174814853e-14,5.345379365e-14,3.964501149e-14,1.630539012e-13,1.043118744e-13,3.156518068e-13,2.157561483e-13,4.808815773e-14,4.272821008e-13,1.179494829e-13
164.1484375,8.96905764e-13,5.307958772e-13,2.650316059e-13,1.726650154e-13,4.0162442e-13,3.507643144e-13,2.91192657e-14,1.723422018e-13,1.264293651e-13,6.57100932e-14,1.422227234e-13,1.79039681e-13,4.992192163e-14,3.81543733e-13,2.982058052e-13,3.762708656e-13,4.5556095e-13,6.676324332e-13,2.179185398e-13,2.073986234e-13,3.829507217e-14,1.210152244e-13,8.14143204e-14,5.276082554e-14,3.971753865e-14,1.609186795e-13,1.051532971e-13,3.135896801e-13,2.206421903e-13,4.848887302e-14,4.289592631e-13,1.169170727e-13
164.15625,8.953120192e-13,5.28076102e-13,2.678469893e-13,1.707358848e-13,4.057799038e-13,3.511041177e-13,2.925864785e-14,1.712949688e-13,1.273073665e-13,6.52821968e-14,1.43531938e-13,1.803308873e-13,4.92968549e-14,3.838100538e-13,3.008613768e-13,3.769206802e-13,4.565264038e-13,6.736959236e-13,2.191074735e-13,2.073017734e-13,3.760879121e-14,1.217476154e-13,8.104539255e-14,5.212409166e-14,3.979407478e-14,1.588393183e-13,1.061976392e-13,3.115437517e-13,2.259380679e-13,4.891793872e-14,4.308861554e-13,1.159551009e-13
164.1640625,8.936731809e-13,5.253438278e-13,2.707431336e-13,1.688768588e-13,4.098196904e-13,3.514658289e-13,2.944024512e-14,1.702032748e-13,1.281789197e-13,6.492469326e-14,1.449154458e-13,1.816527131e-13,4.869309713e-14,3.86007745e-13,3.035972793e-13,3.777213356e-13,4.575026446e-13,6.797649571e-13,2.203429127e-13,2.072642553e-13,3.696724965e-14,1.224847326e-13,8.068654153e-14,5.148685783e-14,3.991138409e-14,1.567378328e-13,1.074633877e-13,3.09523616e-13,2.316944505e-13,4.928932604e-14,4.328871665e-13,1.149674298e-13
164.171875,8.920772828e-13,5.227855279e-13,2.738810123e-13,1.670123043e-13,4.139412158e-13,3.517836055e-13,2.965751124e-14,1.690782688e-13,1.290281536e-13,6.459059686e-14,1.463732766e-13,1.830099786e-13,4.812426026e-14,3.883590226e-13,3.064456481e-13,3.787228631e-13,4.586519662e-13,6.859166015e-13,2.216487993e-13,2.072028608e-13,3.633977807e-14,1.232224335e-13,8.036326691e-14,5.081808413e-14,4.007232276e-14,1.545760374e-13,1.088909048e-13,3.075464822e-13,2.377926192e-13,4.96400571e-14,4.347851272e-13,1.139353314e-13
164.1796875,8.90536835e-13,5.202431311e-13,2.771556579e-13,1.651205422e-13,4.181628885e-13,3.520716316e-13,2.99316954e-14,1.680077415e-13,1.298840724e-13,6.430766801e-14,1.478547758e-13,1.843331745e-13,4.758154724e-14,3.909461901e-13,3.095698718e-13,3.800323557e-13,4.599196833e-13,6.921886286e-13,2.229633039e-13,2.070981075e-13,3.570201892e-14,1.239759798e-13,8.001476715e-14,5.01461505e-14,4.026018657e-14,1.523532521e-13,1.103919838e-13,3.056114301e-13,2.441840417e-13,5.001594085e-14,4.367681101e-13,1.128889956e-13
164.1875,8.890055644e-13,5.176002489e-13,2.805328209e-13,1.631760339e-13,4.223093943e-13,3.523000544e-13,3.025106771e-14,1.66964129e-13,1.307400536e-13,6.407484918e-14,1.494133486e-13,1.856222484e-13,4.706738319e-14,3.936991023e-13,3.129102641e-13,3.815993332e-13,4.613119626e-13,6.986118587e-13,2.242545191e-13,2.069003532e-13,3.508087666e-14,1.247334406e-13,7.96054528e-14,4.951550837e-14,4.04802239e-14,1.500906971e-13,1.120165968e-13,3.037166541e-13,2.509388159e-13,5.039705869e-14,4.389462078e-13,1.118154541e-13
164.1953125,8.874797752e-13,5.150900558e-13,2.841120518e-13,1.611613914e-13,4.262502051e-13,3.524240662e-13,3.059387101e-14,1.658695989e-13,1.315480865e-13,6.384796986e-14,1.51080021e-13,1.868964042e-13,4.658456548e-14,3.965083039e-13,3.163056839e-13,3.83329412e-13,4.629102773e-13,7.051547522e-13,2.254743204e-13,2.066511905e-13,3.45040129e-14,1.254528008e-13,7.918258078e-14,4.892811145e-14,4.073457243e-14,1.478730689e-13,1.139210951e-13,3.018353169e-13,2.580733568e-13,5.077384955e-14,4.410582308e-13,1.107404419e-13
164.203125,8.858365685e-13,5.126113633e-13,2.877611906e-13,1.59161998e-13,4.300770536e-13,3.525035048e-13,3.09767695e-14,1.647406036e-13,1.323092198e-13,6.36703018e-14,1.527284875e-13,1.881147237e-13,4.613276475e-14,3.993419756e-13,3.197507976e-13,3.851973635e-13,4.646095636e-13,7.117186364e-13,2.26583208e-13,2.064997343e-13,3.394183625e-14,1.261364978e-13,7.876287348e-14,4.832792409e-14,4.10098604e-14,1.45703279e-13,1.160737045e-13,2.999147423e-13,2.655542123e-13,5.114148745e-14,4.429920097e-13,1.09708641e-13
164.2109375,8.841725845e-13,5.099374063e-13,2.914091344e-13,1.572959483e-13,4.340297198e-13,3.525941844e-13,3.140090068e-14,1.636416983e-13,1.331121224e-13,6.359577596e-14,1.54339824e-13,1.893289018e-13,4.573434547e-14,4.02413516e-13,3.233152875e-13,3.872449864e-13,4.663140233e-13,7.183147093e-13,2.276763868e-13,2.064662702e-13,3.338157205e-14,1.268571275e-13,7.830704271e-14,4.768530526e-14,4.130461593e-14,1.434895216e-13,1.183076357e-13,2.980258896e-13,2.733840097e-13,5.150951353e-14,4.450515621e-13,1.086997416e-13
164.21875,8.827457617e-13,5.073340883e-13,2.952031496e-13,1.555361982e-13,4.380821228e-13,3.52670909e-13,3.185936285e-14,1.625883235e-13,1.339823257e-13,6.360131417e-14,1.56031591e-13,1.906034624e-13,4.540449942e-14,4.058080533e-13,3.270882637e-13,3.896170723e-13,4.682060512e-13,7.250383775e-13,2.288336544e-13,2.064541393e-13,3.286184164e-14,1.276347188e-13,7.780142005e-14,4.706818924e-14,4.163347271e-14,1.412312747e-13,1.206185149e-13,2.962724594e-13,2.81591105e-13,5.189361422e-14,4.473844416e-13,1.076744711e-13
164.2265625,8.811977579e-13,5.050022707e-13,2.990866203e-13,1.53696801e-13,4.418601548e-13,3.526848776e-13,3.237310137e-14,1.615296557e-13,1.347883613e-13,6.365478167e-14,1.577714781e-13,1.917948696e-13,4.508799402e-14,4.090934241e-13,3.310219808e-13,3.922616735e-13,4.703385474e-13,7.317579581e-13,2.299259199e-13,2.064133884e-13,3.240243126e-14,1.283701288e-13,7.727648506e-14,4.653450766e-14,4.198945438e-14,1.389644896e-13,1.23057391e-13,2.945378686e-13,2.901241976e-13,5.226089769e-14,4.496690762e-13,1.066101197e-13
164.234375,8.791540581e-13,5.027819158e-13,3.029394803e-13,1.517183877e-13,4.451939271e-13,3.526249377e-13,3.29340948e-14,1.604367678e-13,1.354640266e-13,6.3716046e-14,1.595153964e-13,1.928066008e-13,4.471642634e-14,4.120266495e-13,3.349526105e-13,3.949903501e-13,4.725260629e-13,7.382768782e-13,2.308259176e-13,2.063303344e-13,3.199022239e-14,1.290168532e-13,7.677139666e-14,4.603286383e-14,4.234795572e-14,1.366912487e-13,1.256218226e-13,2.926759669e-13,2.988711106e-13,5.261845784e-14,4.517479704e-13,1.055272501e-13
164.2421875,8.771603475e-13,5.006192791e-13,3.069554968e-13,1.497558016e-13,4.484067338e-13,3.52565604e-13,3.352295639e-14,1.59362963e-13,1.36139699e-13,6.378287443e-14,1.613848077e-13,1.938326424e-13,4.433198317e-14,4.151038499e-13,3.389735867e-13,3.979018635e-13,4.748258842e-13,7.448169122e-13,2.316451755e-13,2.061500443e-13,3.159884432e-14,1.296728083e-13,7.627828889e-14,4.549663119e-14,4.272209969e-14,1.344735017e-13,1.283699467e-13,2.907993971e-13,3.079049559e-13,5.3041516e-14,4.539549745e-13,1.044944547e-13
164.25,8.756211515e-13,4.984969379e-13,3.113222323e-13,1.479059273e-13,4.518805112e-13,3.525967896e-13,3.416166267e-14,1.583177974e-13,1.368995934e-13,6.393211299e-14,1.633777708e-13,1.950185537e-13,4.404974712e-14,4.186820117e-13,3.432138642e-13,4.009514712e-13,4.772370168e-13,7.516778444e-13,2.325497433e-13,2.058216059e-13,3.118985035e-14,1.303940137e-13,7.574249991e-14,4.491770906e-14,4.313445733e-14,1.323454868e-13,1.312695784e-13,2.890880214e-13,3.17406574e-13,5.351824655e-14,4.564103089e-13,1.035014153e-13
164.2578125,8.740672651e-13,4.963058794e-13,3.159117047e-13,1.461980993e-13,4.555691551e-13,3.527396838e-13,3.486130067e-14,1.572516549e-13,1.376666966e-13,6.415956523e-14,1.653157389e-13,1.962261358e-13,4.390199662e-14,4.224290459e-13,3.475567276e-13,4.039114718e-13,4.79478669e-13,7.586750471e-13,2.335036088e-13,2.05509418e-13,3.076143205e-14,1.311160118e-13,7.51664798e-14,4.432251059e-14,4.356990399e-14,1.302653554e-13,1.342153205e-13,2.875115489e-13,3.27261568e-13,5.396821246e-14,4.587994035e-13,1.024727331e-13
164.265625,8.722184893e-13,4.940099177e-13,3.20561673e-13,1.446239476e-13,4.59160873e-13,3.529488333e-13,3.561967896e-14,1.562171386e-13,1.383840569e-13,6.438734978e-14,1.671719528e-13,1.973204632e-13,4.380586988e-14,4.260965082e-13,3.520740667e-13,4.07132226e-13,4.817735039e-13,7.655926503e-13,2.343757325e-13,2.05469485e-13,3.037157656e-14,1.317951832e-13,7.46087208e-14,4.377551073e-14,4.404201405e-14,1.282586795e-13,1.37331206e-13,2.858681141e-13,3.37225091e-13,5.43890015e-14,4.610715522e-13,1.014321708e-13
164.2734375,8.703438847e-13,4.915796228e-13,3.253375348e-13,1.429528454e-13,4.626361427e-13,3.530705996e-13,3.644178311e-14,1.552647269e-13,1.390717952e-13,6.463338698e-14,1.690792786e-13,1.983877904e-13,4.368364901e-14,4.2988304e-13,3.568876604e-13,4.108781774e-13,4.845514314e-13,7.726002085e-13,2.351964081e-13,2.055713017e-13,3.005280562e-14,1.324499927e-13,7.406474317e-14,4.331697645e-14,4.459212648e-14,1.263367596e-13,1.407015253e-13,2.840589344e-13,3.473525107e-13,5.482543698e-14,4.634817276e-13,1.004292721e-13
164.28125,8.685837294e-13,4.892242136e-13,3.303685558e-13,1.41117286e-13,4.661877701e-13,3.529960026e-13,3.729416431e-14,1.54316727e-13,1.397554084e-13,6.494086329e-14,1.711024499e-13,1.995730494e-13,4.355359739e-14,4.339188805e-13,3.618106102e-13,4.147161831e-13,4.875224599e-13,7.797995392e-13,2.360914624e-13,2.055580713e-13,2.976135498e-14,1.33106679e-13,7.349609643e-14,4.289224432e-14,4.519435568e-14,1.244125877e-13,1.44122242e-13,2.822885978e-13,3.578261624e-13,5.529323458e-14,4.660847469e-13,9.943021666e-14
164.2890625,8.66721453e-13,4.873196864e-13,3.356102973e-13,1.3950102e-13,4.696577146e-13,3.528714332e-13,3.816165023e-14,1.533516768e-13,1.404327823e-13,6.530403621e-14,1.732145846e-13,2.008544399e-13,4.347382461e-14,4.380822777e-13,3.668558271e-13,4.186114715e-13,4.904201322e-13,7.870950716e-13,2.370099935e-13,2.055874976e-13,2.946281688e-14,1.337665467e-13,7.290530702e-14,4.244838858e-14,4.580510491e-14,1.224870756e-13,1.475959208e-13,2.807270704e-13,3.687237161e-13,5.578400871e-14,4.687769526e-13,9.841264107e-14
164.296875,8.645141156e-13,4.855316969e-13,3.409174239e-13,1.381597937e-13,4.728204008e-13,3.527853375e-13,3.908252093e-14,1.523909393e-13,1.41028384e-13,6.570201191e-14,1.753545533e-13,2.020726967e-13,4.345609285e-14,4.422423748e-13,3.72114538e-13,4.228103915e-13,4.935260614e-13,7.945166952e-13,2.378086599e-13,2.056892492e-13,2.918619064e-14,1.343683112e-13,7.228096623e-14,4.199075686e-14,4.643794625e-14,1.206226375e-13,1.513584688e-13,2.791330479e-13,3.800545081e-13,5.627385131e-14,4.71379377e-13,9.736511454e-14
164.3046875,8.622605693e-13,4.833055256e-13,3.462381312e-13,1.366778806e-13,4.759374539e-13,3.525809739e-13,4.003318458e-14,1.513708277e-13,1.414858463e-13,6.606658727e-14,1.774606201e-13,2.031551512e-13,4.349628276e-14,4.464083874e-13,3.772577062e-13,4.269585755e-13,4.968204653e-13,8.020862187e-13,2.385347709e-13,2.055185821e-13,2.894544507e-14,1.348760985e-13,7.161117469e-14,4.152268313e-14,4.709728555e-14,1.1880064e-13,1.553294463e-13,2.773290073e-13,3.916438516e-13,5.675961636e-14,4.73687798e-13,9.626780247e-14
164.3125,8.604491024e-13,4.810458874e-13,3.516463898e-13,1.350962478e-13,4.792119888e-13,3.522888604e-13,4.097420629e-14,1.503470784e-13,1.419161259e-13,6.637812427e-14,1.795490011e-13,2.041773254e-13,4.360041067e-14,4.506602236e-13,3.822395102e-13,4.310150464e-13,5.000728515e-13,8.096486983e-13,2.392847843e-13,2.052295571e-13,2.872379718e-14,1.353833648e-13,7.094439599e-14,4.106964859e-14,4.776627977e-14,1.17063356e-13,1.593358425e-13,2.755615331e-13,4.033330405e-13,5.727922787e-14,4.758809548e-13,9.520192685e-14
164.3203125,8.586029607e-13,4.790203056e-13,3.572610904e-13,1.337040294e-13,4.823122341e-13,3.520642353e-13,4.19714104e-14,1.49471886e-13,1.424209953e-13,6.673055925e-14,1.816618016e-13,2.052028768e-13,4.372356632e-14,4.549238158e-13,3.874137686e-13,4.353994616e-13,5.033799274e-13,8.1706068e-13,2.399718562e-13,2.052395832e-13,2.853359261e-14,1.359419618e-13,7.030513151e-14,4.066622812e-14,4.846190748e-14,1.154827541e-13,1.635332035e-13,2.738899816e-13,4.153377275e-13,5.783751591e-14,4.782901968e-13,9.424124772e-14
164.328125,8.559541799e-13,4.766098652e-13,3.63049702e-13,1.322914658e-13,4.849907395e-13,3.517376704e-13,4.306412188e-14,1.486852158e-13,1.429105658e-13,6.716278945e-14,1.837199847e-13,2.062096797e-13,4.381521019e-14,4.590279889e-13,3.92648325e-13,4.398760163e-13,5.067447259e-13,8.242574362e-13,2.405207344e-13,2.05280854e-13,2.836449963e-14,1.364422788e-13,6.966397935e-14,4.028269069e-14,4.919683759e-14,1.139550777e-13,1.680389427e-13,2.720716475e-13,4.27792656e-13,5.838335441e-14,4.807287665e-13,9.329490978e-14
164.3359375,8.528819457e-13,4.739912588e-13,3.68812199e-13,1.30725171e-13,4.873777131e-13,3.511740524e-13,4.418420178e-14,1.478534954e-13,1.433069111e-13,6.763448373e-14,1.856805454e-13,2.071485597e-13,4.392404622e-14,4.629893941e-13,3.977005996e-13,4.441663307e-13,5.100056752e-13,8.312502755e-13,2.409701113e-13,2.050565941e-13,2.817487028e-14,1.368280992e-13,6.903827934e-14,3.989858329e-14,4.994614898e-14,1.124147531e-13,1.727099463e-13,2.701989652e-13,4.404324712e-13,5.891620127e-14,4.828886656e-13,9.230395935e-14
164.34375,8.500105081e-13,4.719201311e-13,3.746238665e-13,1.293234604e-13,4.896122728e-13,3.506177397e-13,4.530170246e-14,1.470065499e-13,1.436702334e-13,6.811475804e-14,1.877488353e-13,2.080145145e-13,4.410757656e-14,4.669343355e-13,4.027854542e-13,4.485853717e-13,5.131961954e-13,8.382245494e-13,2.413030034e-13,2.048793526e-13,2.800058947e-14,1.371882986e-13,6.846477726e-14,3.953398814e-14,5.069700196e-14,1.109816811e-13,1.774720519e-13,2.684858481e-13,4.532143536e-13,5.950458705e-14,4.849606652e-13,9.135527018e-14
164.3515625,8.472196365e-13,4.699510902e-13,3.808351758e-13,1.28143446e-13,4.91893147e-13,3.502211033e-13,4.645372286e-14,1.461908203e-13,1.440500541e-13,6.857128453e-14,1.900685036e-13,2.089020859e-13,4.433233271e-14,4.709583487e-13,4.080045214e-13,4.532019698e-13,5.164694939e-13,8.454400567e-13,2.41558279e-13,2.048646703e-13,2.78835262e-14,1.375873019e-13,6.791760489e-14,3.916965585e-14,5.147569325e-14,1.096570556e-13,1.823820411e-13,2.668077983e-13,4.663980462e-13,6.014846433e-14,4.872145167e-13,9.047669034e-14
164.359375,8.444644948e-13,4.676664505e-13,3.873997033e-13,1.269462801e-13,4.944735009e-13,3.49873521e-13,4.765783386e-14,1.453951051e-13,1.444534121e-13,6.902159927e-14,1.924626578e-13,2.099167451e-13,4.457460225e-14,4.751702828e-13,4.132998138e-13,4.579263335e-13,5.19987044e-13,8.529570092e-13,2.41912463e-13,2.048136406e-13,2.776734189e-14,1.380218985e-13,6.736094369e-14,3.881487643e-14,5.230410961e-14,1.08349598e-13,1.874680454e-13,2.651176619e-13,4.799745375e-13,6.07699879e-14,4.89606459e-13,8.961413063e-14
164.3671875,8.418809692e-13,4.657718716e-13,3.940195261e-13,1.257272667e-13,4.972350036e-13,3.495196019e-13,4.89047663e-14,1.44614096e-13,1.448810872e-13,6.950680435e-14,1.948082622e-13,2.1102567e-13,4.48568809e-14,4.795394152e-13,4.188011772e-13,4.629752268e-13,5.23767054e-13,8.60613307e-13,2.42384306e-13,2.047974225e-13,2.763311752e-14,1.384794181e-13,6.678890639e-14,3.852869835e-14,5.316078904e-14,1.071311838e-13,1.927616442e-13,2.635553127e-13,4.938119826e-13,6.136606235e-14,4.920465134e-13,8.877338714e-14
164.375,8.393092735e-13,4.642702833e-13,4.008318522e-13,1.245767983e-13,4.998696297e-13,3.491550147e-13,5.017775293e-14,1.438332726e-13,1.452926477e-13,7.00033867e-14,1.971949532e-13,2.121403803e-13,4.516549141e-14,4.839260851e-13,4.245092678e-13,4.68329337e-13,5.276727537e-13,8.683376252e-13,2.428366189e-13,2.048567292e-13,2.753334813e-14,1.389315135e-13,6.619630913e-14,3.828296718e-14,5.402977863e-14,1.06021047e-13,1.982648722e-13,2.620591314e-13,5.079325908e-13,6.199610754e-14,4.945551482e-13,8.796825939e-14
164.3828125,8.36734639e-13,4.624409711e-13,4.079834299e-13,1.234873203e-13,5.023596234e-13,3.487652067e-13,5.1484776e-14,1.430518454e-13,1.456551952e-13,7.049540942e-14,1.995924071e-13,2.13236634e-13,4.548667714e-14,4.883352276e-13,4.302198212e-13,4.736777545e-13,5.316634591e-13,8.761791169e-13,2.432407314e-13,2.04855561e-13,2.746329019e-14,1.3935282e-13,6.558842394e-14,3.80119615e-14,5.493355467e-14,1.048933915e-13,2.038495752e-13,2.60520978e-13,5.222703922e-13,6.264649393e-14,4.971207275e-13,8.717404697e-14
164.390625,8.341989998e-13,4.604609911e-13,4.151669968e-13,1.224820842e-13,5.047509323e-13,3.484084938e-13,5.285439887e-14,1.42245126e-13,1.459654668e-13,7.094982532e-14,2.019170848e-13,2.142900009e-13,4.58409868e-14,4.927240897e-13,4.357968094e-13,4.788540983e-13,5.355952818e-13,8.839465058e-13,2.435814289e-13,2.048409101e-13,2.740724392e-14,1.397338519e-13,6.498134698e-14,3.77219677e-14,5.586008799e-14,1.037790457e-13,2.094231374e-13,2.58930503e-13,5.36737216e-13,6.327087469e-14,4.996042179e-13,8.639367778e-14
164.3984375,8.314187756e-13,4.586347946e-13,4.223366712e-13,1.215620166e-13,5.069791983e-13,3.481228696e-13,5.426661261e-14,1.413520304e-13,1.462158135e-13,7.132159323e-14,2.042726922e-13,2.15318274e-13,4.621906399e-14,4.969877151e-13,4.412523809e-13,4.838856028e-13,5.393265795e-13,8.914534662e-13,2.43819824e-13,2.04782449e-13,2.738118963e-14,1.400734854e-13,6.437743161e-14,3.742245706e-14,5.678092231e-14,1.027796046e-13,2.151175636e-13,2.572686567e-13,5.514510768e-13,6.388559323e-14,5.019287995e-13,8.561962773e-14
164.40625,8.283629897e-13,4.566912631e-13,4.298693485e-13,1.206843779e-13,5.091721624e-13,3.478662625e-13,5.569300529e-14,1.40448962e-13,1.464555156e-13,7.17215875e-14,2.067477758e-13,2.164342472e-13,4.660963633e-14,5.013106115e-13,4.467951163e-13,4.890145283e-13,5.432316792e-13,8.990116087e-13,2.440589676e-13,2.044970401e-13,2.736607819e-14,1.404057189e-13,6.377626022e-14,3.713029673e-14,5.773825757e-14,1.018412205e-13,2.210851899e-13,2.556594298e-13,5.665325168e-13,6.451951097e-14,5.04278583e-13,8.481596902e-14
164.4140625,8.253003839e-13,4.546364852e-13,4.377312747e-13,1.198451391e-13,5.114681991e-13,3.475726466e-13,5.715762637e-14,1.396589248e-13,1.467217096e-13,7.220549053e-14,2.092973881e-13,2.176125967e-13,4.702259823e-14,5.057624753e-13,4.525304726e-13,4.944119076e-13,5.475342878e-13,9.068547746e-13,2.443350388e-13,2.041249832e-13,2.735834615e-14,1.407415931e-13,6.317810256e-14,3.688898045e-14,5.87554038e-14,1.009202871e-13,2.272226848e-13,2.541435679e-13,5.818799254e-13,6.515329366e-14,5.067227049e-13,8.400749245e-14
164.421875,8.222126802e-13,4.525301664e-13,4.455640243e-13,1.190136074e-13,5.136934442e-13,3.471879579e-13,5.865803515e-14,1.389015297e-13,1.469207381e-13,7.261297248e-14,2.118681544e-13,2.186832959e-13,4.742242321e-14,5.099985124e-13,4.582501544e-13,4.99956199e-13,5.518710256e-13,9.14660747e-13,2.444962215e-13,2.039196382e-13,2.737374409e-14,1.410233728e-13,6.258606553e-14,3.667017988e-14,5.977937271e-14,1.000462568e-13,2.333664818e-13,2.524415903e-13,5.97251608e-13,6.57557274e-14,5.089662676e-13,8.323799005e-14
164.4296875,8.190314662e-13,4.502836715e-13,4.534178611e-13,1.181727563e-13,5.157267317e-13,3.467704362e-13,6.016852239e-14,1.380922573e-13,1.470313674e-13,7.294819348e-14,2.143954311e-13,2.196856855e-13,4.77994656e-14,5.140073055e-13,4.639013998e-13,5.056145155e-13,5.561892316e-13,9.222550201e-13,2.445362758e-13,2.038434956e-13,2.738325501e-14,1.412504811e-13,6.202273801e-14,3.643923516e-14,6.080109076e-14,9.923421114e-14,2.396059549e-13,2.50566624e-13,6.126293443e-13,6.63435379e-14,5.109504035e-13,8.249087432e-14
164.4375,8.158393612e-13,4.481689872e-13,4.615464257e-13,1.173849596e-13,5.17674159e-13,3.464025484e-13,6.170865079e-14,1.373289104e-13,1.471843903e-13,7.333988716e-14,2.168622688e-13,2.207864485e-13,4.823032946e-14,5.181360321e-13,4.695902904e-13,5.113317375e-13,5.605922168e-13,9.297905997e-13,2.445785741e-13,2.037712945e-13,2.740307536e-14,1.414858883e-13,6.149244715e-14,3.624639958e-14,6.184138474e-14,9.853654436e-14,2.460873098e-13,2.48854262e-13,6.283253536e-13,6.696432606e-14,5.130090236e-13,8.175777468e-14
164.4453125,8.126122034e-13,4.462287128e-13,4.698793677e-13,1.166470323e-13,5.195229694e-13,3.45988775e-13,6.326978954e-14,1.366429604e-13,1.473694716e-13,7.369383588e-14,2.193481076e-13,2.219260133e-13,4.871874617e-14,5.222943871e-13,4.751876213e-13,5.16866047e-13,5.647850343e-13,9.372124751e-13,2.445963787e-13,2.036107567e-13,2.747647361e-14,1.417056816e-13,6.096767912e-14,3.608804751e-14,6.287279108e-14,9.795645755e-14,2.527171107e-13,2.472280134e-13,6.443333016e-13,6.761635937e-14,5.151753287e-13,8.105146822e-14
164.453125,8.093510086e-13,4.441762576e-13,4.782175069e-13,1.159345871e-13,5.212222839e-13,3.454826483e-13,6.481848766e-14,1.359334885e-13,1.474646626e-13,7.397328094e-14,2.218541928e-13,2.229830659e-13,4.917758457e-14,5.262194843e-13,4.806463974e-13,5.223374211e-13,5.688186219e-13,9.444599137e-13,2.445425499e-13,2.033288752e-13,2.755012688e-14,1.41864459e-13,6.045778511e-14,3.589327167e-14,6.389460609e-14,9.740265184e-14,2.593581943e-13,2.455134259e-13,6.602169536e-13,6.826033309e-14,5.171803395e-13,8.035460719e-14
164.4609375,8.060364759e-13,4.421054246e-13,4.86598534e-13,1.153590139e-13,5.228771186e-13,3.450443911e-13,6.639539554e-14,1.351784362e-13,1.475107521e-13,7.431883699e-14,2.24308373e-13,2.240169774e-13,4.961047062e-14,5.2998502e-13,4.860856248e-13,5.279635235e-13,5.729630231e-13,9.516273374e-13,2.444458357e-13,2.0304711e-13,2.759386496e-14,1.42011762e-13,5.999148643e-14,3.56695451e-14,6.493346082e-14,9.688105318e-14,2.660747169e-13,2.438759903e-13,6.760442571e-13,6.888639377e-14,5.190174913e-13,7.96722402e-14
164.46875,8.024996746e-13,4.399651385e-13,4.951634953e-13,1.149675922e-13,5.244937252e-13,3.447101485e-13,6.804216609e-14,1.344374308e-13,1.47578214e-13,7.468688198e-14,2.267057399e-13,2.250818813e-13,5.008191806e-14,5.336542903e-13,4.914235852e-13,5.335251553e-13,5.770064364e-13,9.586502178e-13,2.442874479e-13,2.028030827e-13,2.765836424e-14,1.421757834e-13,5.954301714e-14,3.54584054e-14,6.598182127e-14,9.643305453e-14,2.729746798e-13,2.422604569e-13,6.922795579e-13,6.947467695e-14,5.208410571e-13,7.902787589e-14
164.4765625,7.988725384e-13,4.375432105e-13,5.038447589e-13,1.146412276e-13,5.259719202e-13,3.443631658e-13,6.973500289e-14,1.337378494e-13,1.476052395e-13,7.495479057e-14,2.290307353e-13,2.261225724e-13,5.059812685e-14,5.372176064e-13,4.966554283e-13,5.3899229e-13,5.809112582e-13,9.655343042e-13,2.440839545e-13,2.025145105e-13,2.77321141e-14,1.423022925e-13,5.908219348e-14,3.527025599e-14,6.704635564e-14,9.600221405e-14,2.799926254e-13,2.404713669e-13,7.08764506e-13,7.000180832e-14,5.22638043e-13,7.83917783e-14
164.484375,7.954001795e-13,4.351679507e-13,5.12531086e-13,1.143718476e-13,5.273526717e-13,3.440090693e-13,7.145633171e-14,1.330710781e-13,1.475610335e-13,7.515123169e-14,2.31271245e-13,2.271040899e-13,5.116180856e-14,5.407834894e-13,5.019663359e-13,5.445822107e-13,5.848923621e-13,9.724488293e-13,2.438812933e-13,2.022172179e-13,2.780139374e-14,1.42358657e-13,5.861665354e-14,3.512641787e-14,6.812912452e-14,9.559536936e-14,2.869267104e-13,2.387073809e-13,7.250299269e-13,7.052948811e-14,5.242947531e-13,7.773290314e-14
164.4921875,7.918944745e-13,4.328589331e-13,5.214179101e-13,1.14241179e-13,5.287588784e-13,3.437307128e-13,7.320180929e-14,1.324272819e-13,1.474958145e-13,7.53132814e-14,2.335186996e-13,2.280465871e-13,5.177685324e-14,5.443345042e-13,5.073123085e-13,5.501532449e-13,5.888293049e-13,9.793691477e-13,2.436304454e-13,2.018871972e-13,2.790359496e-14,1.423740703e-13,5.813473258e-14,3.501774427e-14,6.920013121e-14,9.525751585e-14,2.936757385e-13,2.370963931e-13,7.410910887e-13,7.110708434e-14,5.257729568e-13,7.706313703e-14
164.5,7.883796148e-13,4.302680967e-13,5.306221212e-13,1.141594718e-13,5.302690677e-13,3.435886192e-13,7.496696025e-14,1.318063225e-13,1.474424994e-13,7.54685402e-14,2.357943945e-13,2.289941805e-13,5.238620558e-14,5.477772443e-13,5.125633986e-13,5.556373275e-13,5.927676989e-13,9.86272728e-13,2.433493789e-13,2.014819257e-13,2.799722175e-14,1.424043817e-13,5.762555158e-14,3.489035135e-14,7.027931525e-14,9.493131774e-14,3.003905542e-13,2.354489812e-13,7.572047715e-13,7.166191184e-14,5.271987108e-13,7.640355475e-14
164.5078125,7.851815874e-13,4.278360181e-13,5.397967278e-13,1.140698642e-13,5.317549268e-13,3.435543173e-13,7.675655945e-14,1.312072077e-13,1.473918084e-13,7.564592743e-14,2.380084803e-13,2.299569957e-13,5.295524968e-14,5.511203796e-13,5.177339986e-13,5.612191115e-13,5.968452712e-13,9.931418085e-13,2.430973568e-13,2.012312705e-13,2.804490476e-14,1.424490546e-13,5.712773734e-14,3.472818271e-14,7.137786441e-14,9.461684028e-14,3.072376322e-13,2.337751865e-13,7.735061233e-13,7.215741941e-14,5.286767594e-13,7.57837617e-14
164.515625,7.818568379e-13,4.258558526e-13,5.488224905e-13,1.141155964e-13,5.328669407e-13,3.434197883e-13,7.853880839e-14,1.306351602e-13,1.472778928e-13,7.57863792e-14,2.402176662e-13,2.308836676e-13,5.352718097e-14,5.542134871e-13,5.227872181e-13,5.667559944e-13,6.007050453e-13,9.995896765e-13,2.427299245e-13,2.011714598e-13,2.811797544e-14,1.424123514e-13,5.666851823e-14,3.455912433e-14,7.242820424e-14,9.439357289e-14,3.141427519e-13,2.321888051e-13,7.899151859e-13,7.266768366e-14,5.300502101e-13,7.52027609e-14
164.5234375,7.779269652e-13,4.237896182e-13,5.580438105e-13,1.142716105e-13,5.336428308e-13,3.430788799e-13,8.027789506e-14,1.300931558e-13,1.470639306e-13,7.587179528e-14,2.425419073e-13,2.317739197e-13,5.41357711e-14,5.56927341e-13,5.276644222e-13,5.72018885e-13,6.042128441e-13,1.005477634e-12,2.421840041e-13,2.009514145e-13,2.82410638e-14,1.422715565e-13,5.623654173e-14,3.442395266e-14,7.342588132e-14,9.422387405e-14,3.209762386e-13,2.30605382e-13,8.061202032e-13,7.31970619e-14,5.311877019e-13,7.462232789e-14
164.53125,7.741034958e-13,4.216524059e-13,5.673489498e-13,1.143538133e-13,5.34587823e-13,3.426753372e-13,8.198927762e-14,1.29532878e-13,1.468250374e-13,7.596137127e-14,2.448756356e-13,2.326656068e-13,5.478735049e-14,5.59551801e-13,5.323505767e-13,5.770522651e-13,6.076519188e-13,1.01132597e-12,2.416967513e-13,2.005549482e-13,2.837394404e-14,1.421453696e-13,5.582626416e-14,3.43481595e-14,7.442990924e-14,9.401599351e-14,3.27726323e-13,2.290035923e-13,8.220085084e-13,7.36704869e-14,5.322653416e-13,7.405513993e-14
164.5390625,7.708137682e-13,4.197736596e-13,5.763397024e-13,1.144363225e-13,5.357257042e-13,3.422550106e-13,8.368743606e-14,1.289059426e-13,1.465814828e-13,7.602482971e-14,2.470790882e-13,2.335074849e-13,5.549075132e-14,5.623048112e-13,5.368968412e-13,5.819743688e-13,6.110003257e-13,1.017391041e-12,2.413302603e-13,2.002301073e-13,2.852288652e-14,1.420604465e-13,5.54258436e-14,3.428680829e-14,7.543112239e-14,9.377291313e-14,3.344012469e-13,2.274396477e-13,8.378322256e-13,7.410170335e-14,5.334028036e-13,7.350227456e-14
164.546875,7.673150259e-13,4.178378146e-13,5.852612553e-13,1.146486002e-13,5.36621778e-13,3.418065024e-13,8.540189167e-14,1.282464704e-13,1.462486253e-13,7.599222736e-14,2.492519023e-13,2.342667403e-13,5.622114911e-14,5.649363262e-13,5.415460961e-13,5.870067093e-13,6.142735293e-13,1.023416975e-12,2.408636444e-13,1.998964225e-13,2.86911107e-14,1.419127231e-13,5.501992731e-14,3.419130421e-14,7.642826292e-14,9.356119916e-14,3.410479056e-13,2.258256862e-13,8.537249611e-13,7.454324337e-14,5.344359775e-13,7.289229263e-14
164.5546875,7.63417183e-13,4.156528774e-13,5.94393163e-13,1.148890381e-13,5.372886427e-13,3.414654987e-13,8.71819192e-14,1.27610223e-13,1.458378953e-13,7.587683806e-14,2.514784296e-13,2.349808295e-13,5.693754263e-14,5.672330442e-13,5.463482561e-13,5.922659282e-13,6.17705017e-13,1.029264592e-12,2.402372923e-13,1.995106017e-13,2.885752666e-14,1.416878192e-13,5.462821425e-14,3.410335578e-14,7.745553271e-14,9.342349369e-14,3.47720677e-13,2.240732113e-13,8.695256376e-13,7.495852721e-14,5.352294126e-13,7.225190285e-14
164.5625,7.596270449e-13,4.131876446e-13,6.03488371e-13,1.151557208e-13,5.379182031e-13,3.412023199e-13,8.898348941e-14,1.270156274e-13,1.454197539e-13,7.573778376e-14,2.536271475e-13,2.356032304e-13,5.764860951e-14,5.692402136e-13,5.509610257e-13,5.975039766e-13,6.211450918e-13,1.034809374e-12,2.395228074e-13,1.992774717e-13,2.900566502e-14,1.414403237e-13,5.426588909e-14,3.405284918e-14,7.847713223e-14,9.332646984e-14,3.543392768e-13,2.222135241e-13,8.84974219e-13,7.532187664e-14,5.358316552e-13,7.169545115e-14
164.5703125,7.557681998e-13,4.102681113e-13,6.125708304e-13,1.155821398e-13,5.383630115e-13,3.408270105e-13,9.073786748e-14,1.264488236e-13,1.449775346e-13,7.559443945e-14,2.556262471e-13,2.361094758e-13,5.839056734e-14,5.709719115e-13,5.553140129e-13,6.026209199e-13,6.243497721e-13,1.039885261e-12,2.387239679e-13,1.991864951e-13,2.910579832e-14,1.411662511e-13,5.392257671e-14,3.39896372e-14,7.946489517e-14,9.324712309e-14,3.60886857e-13,2.20318427e-13,8.999793475e-13,7.569180572e-14,5.363411892e-13,7.120911651e-14
164.578125,7.51530321e-13,4.074209024e-13,6.218344596e-13,1.161387758e-13,5.385975447e-13,3.403530534e-13,9.247202622e-14,1.258746106e-13,1.445068343e-13,7.539250006e-14,2.575624762e-13,2.366408825e-13,5.918715174e-14,5.724648831e-13,5.596409933e-13,6.077916847e-13,6.273864249e-13,1.044685106e-12,2.379095084e-13,1.991362219e-13,2.919162148e-14,1.408609255e-13,5.360953131e-14,3.390766961e-14,8.045682986e-14,9.324439638e-14,3.675114814e-13,2.184501039e-13,9.148407889e-13,7.607535801e-14,5.368357063e-13,7.070749796e-14
164.5859375,7.471324801e-13,4.051528539e-13,6.31062056e-13,1.167623221e-13,5.387948931e-13,3.398649301e-13,9.420081348e-14,1.253080587e-13,1.440358311e-13,7.512593143e-14,2.594860893e-13,2.372774254e-13,6.00424747e-14,5.738744123e-13,5.639051377e-13,6.129727652e-13,6.303442363e-13,1.049473363e-12,2.37124953e-13,1.991619285e-13,2.934439536e-14,1.405279509e-13,5.332384306e-14,3.386117076e-14,8.144767597e-14,9.330899222e-14,3.741842264e-13,2.165881791e-13,9.297910045e-13,7.641152061e-14,5.373348795e-13,7.017901409e-14
164.59375,7.426736862e-13,4.028501762e-13,6.402854279e-13,1.174217809e-13,5.389698389e-13,3.393945399e-13,9.591365557e-14,1.247836395e-13,1.435338981e-13,7.488179426e-14,2.614369176e-13,2.379410241e-13,6.092113007e-14,5.752423092e-13,5.680392498e-13,6.180139885e-13,6.332706023e-13,1.054240297e-12,2.362787224e-13,1.991955324e-13,2.953561333e-14,1.401503848e-13,5.302189098e-14,3.384087137e-14,8.24125562e-14,9.334208003e-14,3.807137492e-13,2.146820503e-13,9.446224947e-13,7.670764136e-14,5.377924522e-13,6.964789253e-14
164.6015625,7.38167026e-13,4.001634588e-13,6.497533272e-13,1.180244433e-13,5.391398801e-13,3.389959666e-13,9.765012383e-14,1.24248343e-13,1.429996111e-13,7.464860407e-14,2.634448881e-13,2.385909079e-13,6.178398321e-14,5.764397709e-13,5.721117775e-13,6.228591084e-13,6.360772657e-13,1.058923442e-12,2.353868341e-13,1.991974006e-13,2.970516743e-14,1.397571909e-13,5.271784969e-14,3.380171985e-14,8.336834615e-14,9.333156671e-14,3.870875763e-13,2.127673378e-13,9.59288031e-13,7.699967668e-14,5.381626862e-13,6.913707683e-14
164.609375,7.336016642e-13,3.975328058e-13,6.591419359e-13,1.186346593e-13,5.39315104e-13,3.38555687e-13,9.939736666e-14,1.236811473e-13,1.424746233e-13,7.435373293e-14,2.65362454e-13,2.392396765e-13,6.264879023e-14,5.773915177e-13,5.759705127e-13,6.274095651e-13,6.385092811e-13,1.06335569e-12,2.345258035e-13,1.992433606e-13,2.989043103e-14,1.393660229e-13,5.247481531e-14,3.376848517e-14,8.430597745e-14,9.331453442e-14,3.933932368e-13,2.108289579e-13,9.739365848e-13,7.725635198e-14,5.384216928e-13,6.862522712e-14
164.6171875,7.286343986e-13,3.948054874e-13,6.68288517e-13,1.193985485e-13,5.393610296e-13,3.379609495e-13,1.011174827e-13,1.231524933e-13,1.419242532e-13,7.403374907e-14,2.670558435e-13,2.398741036e-13,6.353906853e-14,5.781938148e-13,5.795411712e-13,6.316905379e-13,6.406426617e-13,1.067334826e-12,2.33597138e-13,1.991931271e-13,3.010573283e-14,1.389171212e-13,5.226951661e-14,3.377034002e-14,8.521035383e-14,9.328493191e-14,3.996196602e-13,2.087657257e-13,9.882718637e-13,7.746076462e-14,5.385591413e-13,6.805159967e-14
164.625,7.233787915e-13,3.916405235e-13,6.77626157e-13,1.202508881e-13,5.393166881e-13,3.374329813e-13,1.028500702e-13,1.226582661e-13,1.413237054e-13,7.369201466e-14,2.68659544e-13,2.404941468e-13,6.44488212e-14,5.78965133e-13,5.830644739e-13,6.358765789e-13,6.427537354e-13,1.071073448e-12,2.325608253e-13,1.989648291e-13,3.031370195e-14,1.384141338e-13,5.203062049e-14,3.376186229e-14,8.610796988e-14,9.32582903e-14,4.056957803e-13,2.066228442e-13,1.002038694e-12,7.765109611e-14,5.386112429e-13,6.745685428e-14
164.6328125,7.184859106e-13,3.884831574e-13,6.870570753e-13,1.211560134e-13,5.393153768e-13,3.37073923e-13,1.04560808e-13,1.221731068e-13,1.407328751e-13,7.328180081e-14,2.702950457e-13,2.411017035e-13,6.539822386e-14,5.796365139e-13,5.865603239e-13,6.39984686e-13,6.447348175e-13,1.074844347e-12,2.315640827e-13,1.988288956e-13,3.052520023e-14,1.379307818e-13,5.177813512e-14,3.371875237e-14,8.699846214e-14,9.325145009e-14,4.115830369e-13,2.045493787e-13,1.015594272e-12,7.783975206e-14,5.386352685e-13,6.692221495e-14
164.640625,7.138819241e-13,3.856417697e-13,6.960453138e-13,1.222178255e-13,5.392600728e-13,3.365993068e-13,1.061662652e-13,1.217431031e-13,1.401503602e-13,7.287661649e-14,2.718214745e-13,2.416685182e-13,6.639665729e-14,5.800875881e-13,5.898063999e-13,6.439032572e-13,6.463803578e-13,1.078424686e-12,2.30644544e-13,1.988023557e-13,3.075334434e-14,1.374505632e-13,5.157880207e-14,3.367783336e-14,8.785990047e-14,9.324307524e-14,4.173408942e-13,2.025791018e-13,1.029179492e-12,7.801406133e-14,5.386193506e-13,6.639865129e-14
164.6484375,7.090988406e-13,3.827958361e-13,7.046488996e-13,1.234011868e-13,5.391100961e-13,3.359225969e-13,1.077439116e-13,1.213393527e-13,1.395144371e-13,7.250010122e-14,2.731170114e-13,2.421672665e-13,6.740713417e-14,5.803950329e-13,5.928183781e-13,6.47584103e-13,6.477579971e-13,1.081599098e-12,2.297040427e-13,1.985799379e-13,3.099257817e-14,1.369255259e-13,5.142331513e-14,3.364290503e-14,8.870044216e-14,9.322721262e-14,4.229646793e-13,2.006696887e-13,1.04246373e-12,7.817651992e-14,5.384886163e-13,6.583929771e-14
164.65625,7.042271662e-13,3.797796762e-13,7.13170454e-13,1.246366889e-13,5.389356367e-13,3.352755894e-13,1.093505405e-13,1.209102767e-13,1.388365458e-13,7.203486809e-14,2.743063448e-13,2.425787767e-13,6.844477259e-14,5.806019135e-13,5.957665096e-13,6.511108018e-13,6.489954506e-13,1.084540305e-12,2.286978113e-13,1.982690331e-13,3.126140372e-14,1.363733139e-13,5.125534343e-14,3.360700456e-14,8.951264827e-14,9.320253266e-14,4.282963068e-13,1.987651453e-13,1.055100928e-12,7.832559713e-14,5.381998822e-13,6.52914904e-14
164.6640625,6.993042773e-13,3.767225455e-13,7.215557054e-13,1.25969463e-13,5.386135716e-13,3.346939221e-13,1.108780295e-13,1.205129332e-13,1.381429815e-13,7.148392621e-14,2.75507707e-13,2.429029671e-13,6.954899369e-14,5.80520166e-13,5.986585295e-13,6.546098403e-13,6.501442488e-13,1.087340844e-12,2.276250991e-13,1.98183852e-13,3.154731194e-14,1.35790408e-13,5.107709205e-14,3.36053203e-14,9.028053016e-14,9.316944846e-14,4.333874028e-13,1.967916619e-13,1.067153282e-12,7.84470823e-14,5.377380445e-13,6.474896641e-14
164.671875,6.941404102e-13,3.736793413e-13,7.29625268e-13,1.274066922e-13,5.380744445e-13,3.33977696e-13,1.123189482e-13,1.201659874e-13,1.374048908e-13,7.096118596e-14,2.766085324e-13,2.431676369e-13,7.067305218e-14,5.800910812e-13,6.013124163e-13,6.579486484e-13,6.511152252e-13,1.089860292e-12,2.265121647e-13,1.981736164e-13,3.181718973e-14,1.351493864e-13,5.094085539e-14,3.362372894e-14,9.102724854e-14,9.315599426e-14,4.384339372e-13,1.947547927e-13,1.078894962e-12,7.852902459e-14,5.370598033e-13,6.418383737e-14
164.6796875,6.888840728e-13,3.70632207e-13,7.37400009e-13,1.288962913e-13,5.374525636e-13,3.330840657e-13,1.137708788e-13,1.198317016e-13,1.366148625e-13,7.048056525e-14,2.775239463e-13,2.433963121e-13,7.178347215e-14,5.794757679e-13,6.035715633e-13,6.60856113e-13,6.517240776e-13,1.091989422e-12,2.253808695e-13,1.979745101e-13,3.208167828e-14,1.344640869e-13,5.08501826e-14,3.360333664e-14,9.175635016e-14,9.315998899e-14,4.43287171e-13,1.927137922e-13,1.090349631e-12,7.857732843e-14,5.361514616e-13,6.363705487e-14
164.6875,6.836541401e-13,3.675541812e-13,7.451083003e-13,1.303580971e-13,5.367983973e-13,3.322134014e-13,1.152038237e-13,1.195406035e-13,1.358104392e-13,6.99891567e-14,2.783560144e-13,2.436042071e-13,7.291522091e-14,5.786904137e-13,6.055136287e-13,6.633889723e-13,6.519664995e-13,1.093702452e-12,2.241806791e-13,1.976846202e-13,3.234138138e-14,1.337506909e-13,5.07553016e-14,3.356299594e-14,9.243111352e-14,9.314182616e-14,4.477528132e-13,1.906568974e-13,1.101268582e-12,7.860430925e-14,5.350618081e-13,6.311625109e-14
164.6953125,6.783556325e-13,3.643873718e-13,7.526532811e-13,1.317790169e-13,5.361072234e-13,3.314335711e-13,1.165555388e-13,1.193114934e-13,1.350232816e-13,6.946077481e-14,2.790672616e-13,2.437730539e-13,7.405768562e-14,5.776596859e-13,6.072412132e-13,6.65731353e-13,6.519355551e-13,1.095040567e-12,2.229035093e-13,1.974199028e-13,3.258545908e-14,1.330197748e-13,5.064108524e-14,3.355950015e-14,9.305005358e-14,9.307239474e-14,4.519535431e-13,1.885625228e-13,1.111543067e-12,7.859110057e-14,5.33825635e-13,6.258558541e-14
164.703125,6.730058343e-13,3.610907006e-13,7.595735658e-13,1.333260503e-13,5.352817177e-13,3.30484197e-13,1.178321975e-13,1.191090591e-13,1.342324557e-13,6.892151741e-14,2.795305916e-13,2.43820956e-13,7.521015998e-14,5.763940379e-13,6.086795693e-13,6.678287952e-13,6.515843106e-13,1.096005786e-12,2.216094983e-13,1.970871325e-13,3.284782213e-14,1.322732976e-13,5.0533704e-14,3.359217394e-14,9.364094e-14,9.295367539e-14,4.559365284e-13,1.864579018e-13,1.121219065e-12,7.853627306e-14,5.324558088e-13,6.204594239e-14
164.7109375,6.674817172e-13,3.577077379e-13,7.659934487e-13,1.350179192e-13,5.340181762e-13,3.292347538e-13,1.190087313e-13,1.189032154e-13,1.333512593e-13,6.840586254e-14,2.799177126e-13,2.436976283e-13,7.643127256e-14,5.747980359e-13,6.09849834e-13,6.696481195e-13,6.509025524e-13,1.096475945e-12,2.202632402e-13,1.966935054e-13,3.313430108e-14,1.314599548e-13,5.044819027e-14,3.362587198e-14,9.420125617e-14,9.285548628e-14,4.596300007e-13,1.843393808e-13,1.130364793e-12,7.849945473e-14,5.309343992e-13,6.150660799e-14
164.71875,6.616598697e-13,3.543318e-13,7.722978326e-13,1.36657376e-13,5.323370159e-13,3.279401102e-13,1.200783684e-13,1.186834046e-13,1.323576672e-13,6.785486244e-14,2.803534715e-13,2.434478445e-13,7.768310206e-14,5.727786657e-13,6.108451155e-13,6.712791023e-13,6.500051976e-13,1.096470733e-12,2.188138626e-13,1.964217912e-13,3.339672805e-14,1.305666362e-13,5.038563739e-14,3.36403661e-14,9.471027648e-14,9.280640517e-14,4.630384627e-13,1.821868723e-13,1.139120404e-12,7.847579901e-14,5.291779279e-13,6.096991711e-14
164.7265625,6.55891792e-13,3.509407108e-13,7.780891496e-13,1.382934819e-13,5.307127443e-13,3.267190849e-13,1.210975259e-13,1.185177492e-13,1.313809147e-13,6.722786652e-14,2.805744252e-13,2.43128068e-13,7.887657682e-14,5.705049882e-13,6.114894337e-13,6.726311963e-13,6.489019725e-13,1.09616727e-12,2.173254774e-13,1.963144672e-13,3.363238718e-14,1.296688263e-13,5.032741658e-14,3.366433874e-14,9.51582467e-14,9.267675172e-14,4.660426494e-13,1.800193806e-13,1.147364867e-12,7.836868856e-14,5.27165659e-13,6.043305804e-14
164.734375,6.50433846e-13,3.473889194e-13,7.830853123e-13,1.399992783e-13,5.292866683e-13,3.253565616e-13,1.220700092e-13,1.184532561e-13,1.304905552e-13,6.663346302e-14,2.804668682e-13,2.427543e-13,8.0046729e-14,5.681088739e-13,6.116010935e-13,6.73498313e-13,6.474975499e-13,1.095555439e-12,2.158336971e-13,1.961593797e-13,3.387603552e-14,1.287743749e-13,5.024676281e-14,3.373471577e-14,9.555211918e-14,9.241069116e-14,4.685876264e-13,1.778518938e-13,1.154691584e-12,7.817428652e-14,5.249830626e-13,5.987146306e-14
164.7421875,6.450036532e-13,3.436875294e-13,7.877466662e-13,1.41556445e-13,5.277550715e-13,3.237922371e-13,1.229705978e-13,1.183559357e-13,1.295716574e-13,6.611065004e-14,2.80217441e-13,2.42304579e-13,8.126097326e-14,5.655112009e-13,6.113569437e-13,6.739028756e-13,6.457923106e-13,1.094570795e-12,2.143097878e-13,1.957630804e-13,3.413379213e-14,1.278213094e-13,5.017425997e-14,3.380837112e-14,9.59170376e-14,9.214172469e-14,4.708287254e-13,1.756842284e-13,1.161123397e-12,7.798593004e-14,5.226854976e-13,5.929290645e-14
164.75,6.393987025e-13,3.401152614e-13,7.922226999e-13,1.430520606e-13,5.259920471e-13,3.222124619e-13,1.238219379e-13,1.181415419e-13,1.285548656e-13,6.553661002e-14,2.798801151e-13,2.417678623e-13,8.252454008e-14,5.627616548e-13,6.110295569e-13,6.740643463e-13,6.438088778e-13,1.093288785e-12,2.127862276e-13,1.951803975e-13,3.442102174e-14,1.268395903e-13,5.0156992e-14,3.383974371e-14,9.626022076e-14,9.190490463e-14,4.727076283e-13,1.735387472e-13,1.167084066e-12,7.782662865e-14,5.203899507e-13,5.872564611e-14
164.7578125,6.337827298e-13,3.368628082e-13,7.96397229e-13,1.448579618e-13,5.24133182e-13,3.206790596e-13,1.246124372e-13,1.179202308e-13,1.275177646e-13,6.48778781e-14,2.794879453e-13,2.412237228e-13,8.383500443e-14,5.6002192e-13,6.106751134e-13,6.740404347e-13,6.414404688e-13,1.091681452e-12,2.113067496e-13,1.94567056e-13,3.476682361e-14,1.258953178e-13,5.015386593e-14,3.387395871e-14,9.654720847e-14,9.161337507e-14,4.741663349e-13,1.714429271e-13,1.172668228e-12,7.765906253e-14,5.182574672e-13,5.814077214e-14
164.765625,6.283017815e-13,3.336944181e-13,8.003130249e-13,1.468511913e-13,5.22297496e-13,3.190875762e-13,1.252920981e-13,1.17727906e-13,1.264967458e-13,6.420567649e-14,2.791256737e-13,2.407073326e-13,8.516639028e-14,5.572395849e-13,6.101772198e-13,6.737203623e-13,6.386974551e-13,1.089718723e-12,2.098503531e-13,1.939630024e-13,3.513770991e-14,1.249635515e-13,5.010776549e-14,3.393784023e-14,9.6768992e-14,9.128729633e-14,4.754484238e-13,1.693937778e-13,1.17763927e-12,7.747336445e-14,5.161125754e-13,5.752592497e-14
164.7734375,6.228199451e-13,3.302837065e-13,8.036918872e-13,1.486970606e-13,5.203969895e-13,3.173670419e-13,1.258919804e-13,1.175293611e-13,1.254422883e-13,6.35319431e-14,2.786294471e-13,2.400773246e-13,8.64998726e-14,5.542370066e-13,6.094855826e-13,6.732189242e-13,6.35846248e-13,1.087520167e-12,2.083682764e-13,1.933735914e-13,3.547581068e-14,1.239783766e-13,5.004993156e-14,3.399916778e-14,9.69767378e-14,9.098099246e-14,4.764922257e-13,1.673618124e-13,1.181853163e-12,7.728257192e-14,5.136544866e-13,5.693507618e-14
164.78125,6.170761852e-13,3.267670751e-13,8.065815364e-13,1.504777518e-13,5.181895168e-13,3.155459801e-13,1.264958604e-13,1.174016238e-13,1.24340499e-13,6.286817226e-14,2.778796251e-13,2.392850589e-13,8.789050272e-14,5.509954512e-13,6.0876708e-13,6.728301596e-13,6.330128648e-13,1.085021473e-12,2.068208853e-13,1.92859529e-13,3.579505504e-14,1.229123412e-13,5.002136546e-14,3.404773325e-14,9.720416388e-14,9.068439469e-14,4.770430884e-13,1.653363215e-13,1.18542046e-12,7.710754073e-14,5.110658901e-13,5.637282727e-14
164.7890625,6.112208453e-13,3.234715042e-13,8.09613311e-13,1.523598994e-13,5.157851567e-13,3.137373741e-13,1.270967523e-13,1.173715099e-13,1.232370346e-13,6.225587997e-14,2.770887375e-13,2.385030636e-13,8.937674776e-14,5.477070483e-13,6.081104594e-13,6.725493171e-13,6.301272589e-13,1.082184852e-12,2.05253072e-13,1.923680396e-13,3.611912833e-14,1.218130873e-13,5.001182265e-14,3.407716973e-14,9.744144996e-14,9.039874507e-14,4.7736239e-13,1.633493074e-13,1.188605553e-12,7.69439066e-14,5.086703096e-13,5.579532851e-14
164.796875,6.057504022e-13,3.203480981e-13,8.124535393e-13,1.542908841e-13,5.136229374e-13,3.12014819e-13,1.275880477e-13,1.173625777e-13,1.22181156e-13,6.167555761e-14,2.763273491e-13,2.37777957e-13,9.093336271e-14,5.445333059e-13,6.072560301e-13,6.72018869e-13,6.271750088e-13,1.079331134e-12,2.037845029e-13,1.917164443e-13,3.641485981e-14,1.20769448e-13,5.001739135e-14,3.409065754e-14,9.767678696e-14,9.009373373e-14,4.776351934e-13,1.614042819e-13,1.191442647e-12,7.674114761e-14,5.063307091e-13,5.520473202e-14
164.8046875,6.005795765e-13,3.171523002e-13,8.141613096e-13,1.562101387e-13,5.116009574e-13,3.102490093e-13,1.279148855e-13,1.173887748e-13,1.21157816e-13,6.109415689e-14,2.753742352e-13,2.369443925e-13,9.252116818e-14,5.412582901e-13,6.059445392e-13,6.709137621e-13,6.239407104e-13,1.076378924e-12,2.024047503e-13,1.908822553e-13,3.669039476e-14,1.197703741e-13,5.004158492e-14,3.413024208e-14,9.787391457e-14,8.96893613e-14,4.774429882e-13,1.594243147e-13,1.193643328e-12,7.647433299e-14,5.037640537e-13,5.459900539e-14
164.8125,5.951468925e-13,3.137709583e-13,8.149347423e-13,1.581349254e-13,5.091415614e-13,3.082579341e-13,1.28143465e-13,1.175012675e-13,1.200757798e-13,6.052634183e-14,2.741625689e-13,2.359020004e-13,9.408573143e-14,5.374556737e-13,6.041944747e-13,6.692753304e-13,6.201367374e-13,1.072672251e-12,2.009454509e-13,1.900283273e-13,3.700360362e-14,1.187052634e-13,5.006928038e-14,3.418225348e-14,9.798308109e-14,8.917851456e-14,4.766124548e-13,1.573674028e-13,1.195000465e-12,7.617856301e-14,5.00873638e-13,5.394792384e-14
164.8203125,5.894848777e-13,3.102500796e-13,8.154237879e-13,1.601568132e-13,5.061926208e-13,3.060864873e-13,1.283204536e-13,1.176708052e-13,1.188907156e-13,5.998003755e-14,2.728684265e-13,2.346712466e-13,9.562845844e-14,5.331132256e-13,6.021373839e-13,6.674662225e-13,6.160028087e-13,1.068179206e-12,1.99350809e-13,1.892156477e-13,3.734367254e-14,1.175475392e-13,5.010169629e-14,3.419581229e-14,9.801783486e-14,8.862995357e-14,4.755089073e-13,1.553421537e-13,1.195572571e-12,7.588825187e-14,4.976498318e-13,5.328214369e-14
164.828125,5.839048275e-13,3.068992359e-13,8.156245489e-13,1.623627787e-13,5.031590049e-13,3.038652444e-13,1.284032629e-13,1.178612337e-13,1.176735464e-13,5.944263352e-14,2.716144025e-13,2.333408807e-13,9.722672546e-14,5.286576504e-13,5.999767122e-13,6.656912048e-13,6.118674969e-13,1.063550979e-12,1.977624906e-13,1.884024571e-13,3.76772096e-14,1.163706178e-13,5.01484409e-14,3.420555015e-14,9.802563393e-14,8.809052546e-14,4.743010335e-13,1.534628587e-13,1.195650018e-12,7.560568653e-14,4.942693523e-13,5.264452338e-14
164.8359375,5.782023743e-13,3.039472111e-13,8.153986578e-13,1.646130486e-13,5.001784116e-13,3.015749415e-13,1.284044799e-13,1.180645866e-13,1.164923592e-13,5.89090638e-14,2.703090336e-13,2.320337627e-13,9.887898903e-14,5.243608548e-13,5.978620183e-13,6.637825022e-13,6.075880844e-13,1.058977966e-12,1.962809353e-13,1.876047759e-13,3.8020892e-14,1.152130001e-13,5.019506827e-14,3.425043909e-14,9.802610065e-14,8.753793711e-14,4.727917537e-13,1.516477399e-13,1.195558024e-12,7.531582274e-14,4.909650234e-13,5.199160583e-14
164.84375,5.723737932e-13,3.010367197e-13,8.147368878e-13,1.666869482e-13,4.972360399e-13,2.992561146e-13,1.283998642e-13,1.182911402e-13,1.153391703e-13,5.839124741e-14,2.688146836e-13,2.307486876e-13,1.005375311e-13,5.201440698e-13,5.956229552e-13,6.615597649e-13,6.030748541e-13,1.05422021e-12,1.948627771e-13,1.86785541e-13,3.836002435e-14,1.140704092e-13,5.023991244e-14,3.429040366e-14,9.802791192e-14,8.691856529e-14,4.708040997e-13,1.497783156e-13,1.195162322e-12,7.501131388e-14,4.876308831e-13,5.129734196e-14
164.8515625,5.669384128e-13,2.978223527e-13,8.136335985e-13,1.686287413e-13,4.944210381e-13,2.970915699e-13,1.283583826e-13,1.185607178e-13,1.141953033e-13,5.792722398e-14,2.671761456e-13,2.293980227e-13,1.022302141e-13,5.158245679e-13,5.93071443e-13,6.590353971e-13,5.984291115e-13,1.049252791e-12,1.934912952e-13,1.858654006e-13,3.866603772e-14,1.129429307e-13,5.029946664e-14,3.431233367e-14,9.800860239e-14,8.62562844e-14,4.683493037e-13,1.479489964e-13,1.194020544e-12,7.470444717e-14,4.840861226e-13,5.062652029e-14
164.859375,5.618938389e-13,2.945482407e-13,8.120464117e-13,1.705745862e-13,4.916575739e-13,2.950377181e-13,1.281967874e-13,1.188445054e-13,1.130531872e-13,5.753746976e-14,2.65442674e-13,2.279783405e-13,1.039453621e-13,5.112722467e-13,5.903173373e-13,6.562987798e-13,5.935486241e-13,1.044051054e-12,1.922029942e-13,1.849280413e-13,3.897448455e-14,1.11815532e-13,5.0352965e-14,3.434928932e-14,9.792348407e-14,8.562190294e-14,4.655697466e-13,1.462598626e-13,1.192071824e-12,7.439462282e-14,4.804566281e-13,4.999296677e-14
164.8671875,5.567756701e-13,2.913810106e-13,8.097024233e-13,1.72482993e-13,4.887016056e-13,2.928402555e-13,1.279430217e-13,1.191137078e-13,1.118838452e-13,5.717881125e-14,2.635037687e-13,2.264602107e-13,1.05640995e-13,5.06495195e-13,5.873839857e-13,6.533621571e-13,5.88338473e-13,1.038390778e-12,1.909283643e-13,1.840091897e-13,3.930632578e-14,1.106570522e-13,5.036244774e-14,3.440108979e-14,9.779006993e-14,8.497581362e-14,4.625146693e-13,1.44588223e-13,1.189442686e-12,7.40633867e-14,4.768710647e-13,4.932412065e-14
164.875,5.516055273e-13,2.881907191e-13,8.066034036e-13,1.743450861e-13,4.854800403e-13,2.904808106e-13,1.276447934e-13,1.194106319e-13,1.106722653e-13,5.679642358e-14,2.614002354e-13,2.247883768e-13,1.073791109e-13,5.016503286e-13,5.841438402e-13,6.500712233e-13,5.828544489e-13,1.032241104e-12,1.89589312e-13,1.829047905e-13,3.964213749e-14,1.094628454e-13,5.033634105e-14,3.444698575e-14,9.763798551e-14,8.422366819e-14,4.590427321e-13,1.428874922e-13,1.186079189e-12,7.371242119e-14,4.732653968e-13,4.860694657e-14
164.8828125,5.465578086e-13,2.851413413e-13,8.033170525e-13,1.762419597e-13,4.820991643e-13,2.881394441e-13,1.272726282e-13,1.197367826e-13,1.094540166e-13,5.63787708e-14,2.593453446e-13,2.230898531e-13,1.091703827e-13,4.968374183e-13,5.807554928e-13,6.46412334e-13,5.771711403e-13,1.025884115e-12,1.882824697e-13,1.815922987e-13,3.998942825e-14,1.082703486e-13,5.03140639e-14,3.448041104e-14,9.744190534e-14,8.337860041e-14,4.551430018e-13,1.413152912e-13,1.182210329e-12,7.33505468e-14,4.696043579e-13,4.78894358e-14
164.890625,5.414654252e-13,2.823721265e-13,7.999597083e-13,1.780906491e-13,4.786157926e-13,2.858213925e-13,1.268254199e-13,1.200210323e-13,1.082436269e-13,5.594145274e-14,2.573372267e-13,2.214634306e-13,1.109054035e-13,4.919232645e-13,5.773851205e-13,6.426580751e-13,5.71433749e-13,1.019491097e-12,1.870729913e-13,1.803293607e-13,4.034400431e-14,1.07100189e-13,5.031584909e-14,3.451337387e-14,9.72144381e-14,8.252248409e-14,4.510607956e-13,1.398344309e-13,1.178228661e-12,7.297860245e-14,4.658772765e-13,4.717488199e-14
164.8984375,5.362983368e-13,2.79555937e-13,7.95992365e-13,1.798246617e-13,4.750174942e-13,2.834002427e-13,1.263304185e-13,1.202546466e-13,1.069915261e-13,5.55060801e-14,2.552157046e-13,2.19743324e-13,1.125796801e-13,4.867051921e-13,5.73753448e-13,6.387638371e-13,5.655882547e-13,1.012872694e-12,1.858421022e-13,1.791185538e-13,4.067749139e-14,1.059107816e-13,5.032868255e-14,3.455666469e-14,9.698842051e-14,8.16955863e-14,4.468809407e-13,1.382452352e-13,1.173880109e-12,7.260498567e-14,4.620038345e-13,4.644211563e-14
164.90625,5.311872746e-13,2.76589422e-13,7.91159611e-13,1.815886323e-13,4.713170532e-13,2.808591621e-13,1.257495329e-13,1.204745704e-13,1.056912778e-13,5.509410049e-14,2.528977754e-13,2.178302849e-13,1.142878423e-13,4.812346413e-13,5.696334194e-13,6.343547971e-13,5.593423964e-13,1.005859245e-12,1.845596084e-13,1.777007615e-13,4.099386901e-14,1.046798686e-13,5.032155856e-14,3.456946517e-14,9.672061204e-14,8.086468515e-14,4.42409177e-13,1.366393932e-13,1.168674125e-12,7.221601503e-14,4.579448471e-13,4.569313941e-14
164.9140625,5.260642863e-13,2.738080385e-13,7.855757202e-13,1.833514285e-13,4.675207129e-13,2.782583476e-13,1.250668151e-13,1.206907129e-13,1.044167509e-13,5.472135691e-14,2.503397331e-13,2.158649507e-13,1.160562406e-13,4.75794307e-13,5.652840758e-13,6.295232612e-13,5.527625393e-13,9.986244091e-13,1.833498303e-13,1.760367349e-13,4.131026202e-14,1.034538349e-13,5.028004677e-14,3.450978446e-14,9.640159818e-14,7.996488557e-14,4.375720485e-13,1.352049457e-13,1.162854924e-12,7.178131923e-14,4.537742108e-13,4.493622242e-14
164.921875,5.209350538e-13,2.712009526e-13,7.794695748e-13,1.849040833e-13,4.635895463e-13,2.756306981e-13,1.24349193e-13,1.209365865e-13,1.031839697e-13,5.438925059e-14,2.476231996e-13,2.139219672e-13,1.178590635e-13,4.704884247e-13,5.609910937e-13,6.246533351e-13,5.461590417e-13,9.913249313e-13,1.822375314e-13,1.743171371e-13,4.164862258e-14,1.022459733e-13,5.021863533e-14,3.443310413e-14,9.610134587e-14,7.899964274e-14,4.324508217e-13,1.338245781e-13,1.156898431e-12,7.131934568e-14,4.496086604e-13,4.417548197e-14
164.9296875,5.159590126e-13,2.685030724e-13,7.73131141e-13,1.863453674e-13,4.595133068e-13,2.730184625e-13,1.236117469e-13,1.212170951e-13,1.019250862e-13,5.408395149e-14,2.449450003e-13,2.119331726e-13,1.196489206e-13,4.651212512e-13,5.567166321e-13,6.197374149e-13,5.395630463e-13,9.838757903e-13,1.811718291e-13,1.726838719e-13,4.202567487e-14,1.010193795e-13,5.015014309e-14,3.440570294e-14,9.581896611e-14,7.802969398e-14,4.270319473e-13,1.323852479e-13,1.150623636e-12,7.086176875e-14,4.454352668e-13,4.340576601e-14
164.9375,5.11076506e-13,2.658569983e-13,7.664588146e-13,1.878598664e-13,4.553063711e-13,2.704271878e-13,1.227866971e-13,1.214475027e-13,1.006183743e-13,5.380501379e-14,2.422931138e-13,2.098571213e-13,1.213913307e-13,4.595441451e-13,5.523032493e-13,6.146216711e-13,5.32910444e-13,9.76216212e-13,1.801478325e-13,1.711338081e-13,4.239998806e-14,9.977846487e-14,5.007296596e-14,3.440306202e-14,9.549725254e-14,7.706708267e-14,4.213386725e-13,1.309977146e-13,1.143717978e-12,7.039093265e-14,4.410716205e-13,4.262983582e-14
164.9453125,5.060989963e-13,2.63391723e-13,7.591398955e-13,1.893044359e-13,4.509345058e-13,2.677485631e-13,1.218603609e-13,1.216106232e-13,9.929485958e-14,5.35589373e-14,2.395119398e-13,2.076882909e-13,1.231274997e-13,4.537963904e-13,5.476616627e-13,6.093129598e-13,5.261194736e-13,9.682555393e-13,1.791144397e-13,1.695784679e-13,4.274972797e-14,9.853596221e-14,4.998359301e-14,3.440015347e-14,9.51319387e-14,7.609613267e-14,4.154536395e-13,1.296524334e-13,1.136361803e-12,6.989937175e-14,4.364604505e-13,4.187983784e-14
164.953125,5.010509144e-13,2.608298591e-13,7.513516732e-13,1.905618716e-13,4.464187995e-13,2.649831754e-13,1.209118586e-13,1.217902872e-13,9.795738603e-14,5.331349662e-14,2.36643599e-13,2.054361473e-13,1.248808844e-13,4.479619508e-13,5.428595506e-13,6.038442175e-13,5.190731944e-13,9.59874828e-13,1.780301863e-13,1.68003362e-13,4.311974979e-14,9.727452236e-14,4.98828568e-14,3.440233443e-14,9.473914286e-14,7.510990154e-14,4.092877378e-13,1.282647804e-13,1.128699921e-12,6.941731156e-14,4.317721329e-13,4.116119525e-14
164.9609375,4.961569195e-13,2.582114781e-13,7.433733362e-13,1.917824873e-13,4.41913587e-13,2.623615074e-13,1.200003946e-13,1.21994696e-13,9.660168626e-14,5.304425805e-14,2.337962929e-13,2.031374378e-13,1.266248725e-13,4.421632543e-13,5.381038435e-13,5.983437038e-13,5.119912395e-13,9.513306484e-13,1.769890794e-13,1.664860451e-13,4.349168595e-14,9.602108929e-14,4.978709772e-14,3.437579802e-14,9.433822736e-14,7.408878747e-14,4.028349454e-13,1.269689702e-13,1.120617009e-12,6.893910495e-14,4.271026795e-13,4.04390422e-14
164.96875,4.915370588e-13,2.558947739e-13,7.351424752e-13,1.930514479e-13,4.37479751e-13,2.599403976e-13,1.190713589e-13,1.221793755e-13,9.525186426e-14,5.279621835e-14,2.309252843e-13,2.008256776e-13,1.284002869e-13,4.364948323e-13,5.334586615e-13,5.929221752e-13,5.050964609e-13,9.429153609e-13,1.760636833e-13,1.650285137e-13,4.38274173e-14,9.48197775e-14,4.97047815e-14,3.431960914e-14,9.395517809e-14,7.306687826e-14,3.963550773e-13,1.258465236e-13,1.112230893e-12,6.843333935e-14,4.224524888e-13,3.971555844e-14
164.9765625,4.870058269e-13,2.536838595e-13,7.267468096e-13,1.942702595e-13,4.329774179e-13,2.574782433e-13,1.18047891e-13,1.223503257e-13,9.391774595e-14,5.260403437e-14,2.280007497e-13,1.985377419e-13,1.302413503e-13,4.308843414e-13,5.287381138e-13,5.873792254e-13,4.981195379e-13,9.343981329e-13,1.752002705e-13,1.635382396e-13,4.419443308e-14,9.364677312e-14,4.959413705e-14,3.429431593e-14,9.35705242e-14,7.209954199e-14,3.898847469e-13,1.247588826e-13,1.103692259e-12,6.792347649e-14,4.178978592e-13,3.900642172e-14
164.984375,4.824307705e-13,2.513145466e-13,7.182996225e-13,1.953868066e-13,4.283571741e-13,2.549196625e-13,1.169848821e-13,1.225016317e-13,9.257278388e-14,5.243385512e-14,2.250833163e-13,1.962761637e-13,1.320856126e-13,4.25259223e-13,5.238175187e-13,5.81524912e-13,4.909403569e-13,9.256239242e-13,1.743598274e-13,1.619515983e-13,4.461686591e-14,9.246825361e-14,4.942335519e-14,3.42884338e-14,9.315709635e-14,7.11200979e-14,3.83183674e-13,1.23693247e-13,1.094813148e-12,6.745131685e-14,4.133955589e-13,3.828762422e-14
164.9921875,4.779773069e-13,2.491989431e-13,7.09392914e-13,1.965087691e-13,4.236956565e-13,2.524109957e-13,1.159528269e-13,1.226264705e-13,9.120686507e-14,5.226034476e-14,2.221610926e-13,1.939534275e-13,1.339080909e-13,4.196262878e-13,5.187718527e-13,5.755407182e-13,4.838229133e-13,9.168366041e-13,1.735479415e-13,1.603246204e-13,4.501054195e-14,9.129146954e-14,4.923402256e-14,3.425604804e-14,9.272861248e-14,7.00646421e-14,3.762692666e-13,1.227434244e-13,1.08556793e-12,6.697949446e-14,4.087445252e-13,3.756202904e-14
165,4.735578498e-13,2.474376014e-13,6.99712941e-13,1.976796964e-13,4.18844699e-13,2.498837912e-13,1.14865083e-13,1.227634862e-13,8.984494732e-14,5.210318625e-14,2.191759524e-13,1.91516611e-13,1.357398286e-13,4.138586498e-13,5.1364818e-13,5.696130352e-13,4.767096588e-13,9.079065805e-13,1.727224968e-13,1.587454736e-13,4.536733705e-14,9.010823814e-14,4.905585435e-14,3.422959779e-14,9.228823202e-14,6.901507518e-14,3.693383744e-13,1.218191011e-13,1.076232647e-12,6.643568267e-14,4.039467927e-13,3.685816738e-14
165.0078125,4.688935053e-13,2.45424883e-13,6.896637044e-13,1.986770084e-13,4.136508715e-13,2.472425982e-13,1.136567466e-13,1.229059992e-13,8.847461661e-14,5.197703407e-14,2.161856037e-13,1.890246846e-13,1.375824668e-13,4.07870154e-13,5.084124881e-13,5.636289702e-13,4.694147864e-13,8.984864183e-13,1.718496126e-13,1.571118608e-13,4.575124328e-14,8.889846004e-14,4.886164578e-14,3.421302875e-14,9.18351194e-14,6.800075857e-14,3.623921218e-13,1.208188314e-13,1.06677666e-12,6.583242008e-14,3.99168456e-13,3.615629239e-14
165.015625,4.643071978e-13,2.431268159e-13,6.796395424e-13,1.993557833e-13,4.084499391e-13,2.44615112e-13,1.124176854e-13,1.2300241e-13,8.704479648e-14,5.186770475e-14,2.13284701e-13,1.865038563e-13,1.394549007e-13,4.018895235e-13,5.031192436e-13,5.574735937e-13,4.621124593e-13,8.888833035e-13,1.710130788e-13,1.553183258e-13,4.617585482e-14,8.768407818e-14,4.864653047e-14,3.415224538e-14,9.139026623e-14,6.694037651e-14,3.553661232e-13,1.198247053e-13,1.056961781e-12,6.523169527e-14,3.943858125e-13,3.544493895e-14
165.0234375,4.601651436e-13,2.411288791e-13,6.694038891e-13,1.999379059e-13,4.035199851e-13,2.420095404e-13,1.111774368e-13,1.230395252e-13,8.556681825e-14,5.176481651e-14,2.103986767e-13,1.839148194e-13,1.413601865e-13,3.960571243e-13,4.978444775e-13,5.512017353e-13,4.548435516e-13,8.795348105e-13,1.703206185e-13,1.535482291e-13,4.662798187e-14,8.649666439e-14,4.842273718e-14,3.406614229e-14,9.094750172e-14,6.584737405e-14,3.482469858e-13,1.189106838e-13,1.04686101e-12,6.463208625e-14,3.894936706e-13,3.475921938e-14
165.03125,4.560489921e-13,2.394919528e-13,6.586209203e-13,2.005718263e-13,3.984709446e-13,2.392576117e-13,1.098625795e-13,1.230399832e-13,8.409277785e-14,5.17083537e-14,2.073832706e-13,1.812706281e-13,1.43231663e-13,3.901437384e-13,4.924927706e-13,5.448124268e-13,4.473979371e-13,8.701667525e-13,1.697269847e-13,1.518879735e-13,4.708402924e-14,8.531874615e-14,4.817385193e-14,3.399226118e-14,9.048519127e-14,6.478214356e-14,3.40976711e-13,1.180554637e-13,1.036573675e-12,6.401125761e-14,3.845645292e-13,3.409422649e-14
165.0390625,4.516908148e-13,2.378366909e-13,6.473551262e-13,2.010971228e-13,3.930360959e-13,2.363768428e-13,1.08487927e-13,1.230729179e-13,8.262703711e-14,5.175070509e-14,2.042943357e-13,1.786160259e-13,1.450587742e-13,3.840303599e-13,4.869303173e-13,5.382328231e-13,4.398393309e-13,8.603930095e-13,1.691222183e-13,1.501511636e-13,4.753548473e-14,8.411796836e-14,4.789772794e-14,3.390293187e-14,9.000111463e-14,6.371789711e-14,3.335506424e-13,1.172608466e-13,1.025863277e-12,6.339853001e-14,3.796833458e-13,3.341504275e-14
165.046875,4.474863624e-13,2.359800594e-13,6.358544866e-13,2.014485557e-13,3.876130094e-13,2.335368514e-13,1.071320435e-13,1.231832383e-13,8.116928127e-14,5.186107857e-14,2.012782919e-13,1.759506979e-13,1.469025145e-13,3.779483183e-13,4.812607289e-13,5.3155302e-13,4.323629518e-13,8.503922662e-13,1.685278238e-13,1.483869209e-13,4.803867865e-14,8.291352942e-14,4.760053667e-14,3.378568866e-14,8.949600628e-14,6.264317484e-14,3.260672368e-13,1.165404554e-13,1.01459665e-12,6.279353952e-14,3.747730897e-13,3.273844994e-14
165.0546875,4.435467152e-13,2.340043879e-13,6.242595599e-13,2.017498263e-13,3.824110396e-13,2.308296476e-13,1.058215149e-13,1.232740041e-13,7.972893855e-14,5.196377534e-14,1.983029096e-13,1.732501941e-13,1.487919797e-13,3.720963127e-13,4.757515918e-13,5.249921596e-13,4.250139263e-13,8.404424401e-13,1.680106683e-13,1.467954937e-13,4.859449161e-14,8.17458452e-14,4.726186662e-14,3.365820001e-14,8.899670427e-14,6.159389685e-14,3.186084525e-13,1.158508044e-13,1.00310971e-12,6.213858669e-14,3.697856742e-13,3.20953038e-14
165.0625,4.396382167e-13,2.322068749e-13,6.125638764e-13,2.020576563e-13,3.771123892e-13,2.282045004e-13,1.045223294e-13,1.232622832e-13,7.825865242e-14,5.206111158e-14,1.953110268e-13,1.704891693e-13,1.507191991e-13,3.663704039e-13,4.704786925e-13,5.186224082e-13,4.178210108e-13,8.304366194e-13,1.67556858e-13,1.453268934e-13,4.9101751e-14,8.060068302e-14,4.689320727e-14,3.354301669e-14,8.85263781e-14,6.057936697e-14,3.112241672e-13,1.15167828e-13,9.916972637e-13,6.144618899e-14,3.647825927e-13,3.147812421e-14
165.0703125,4.357175674e-13,2.307817426e-13,6.00675236e-13,2.023574303e-13,3.71523992e-13,2.254730773e-13,1.031533834e-13,1.232155342e-13,7.672502606e-14,5.221835684e-14,1.92386939e-13,1.676649876e-13,1.525855217e-13,3.604873306e-13,4.651982027e-13,5.122773765e-13,4.106946827e-13,8.201800947e-13,1.671524662e-13,1.439457647e-13,4.955013983e-14,7.943856808e-14,4.653614119e-14,3.347419985e-14,8.802959858e-14,5.961022986e-14,3.038991649e-13,1.145530447e-13,9.801149534e-13,6.078883658e-14,3.597205087e-13,3.087967e-14
165.078125,4.31771634e-13,2.295313232e-13,5.885235003e-13,2.026289838e-13,3.657804714e-13,2.225996066e-13,1.016955921e-13,1.231917462e-13,7.519488843e-14,5.246419852e-14,1.89509378e-13,1.648371122e-13,1.542676176e-13,3.543897691e-13,4.596903154e-13,5.057997576e-13,4.034907317e-13,8.09767378e-13,1.667940944e-13,1.426958629e-13,5.002732169e-14,7.82757589e-14,4.617916573e-14,3.342511488e-14,8.74695341e-14,5.86862694e-14,2.965356412e-13,1.140165306e-13,9.681028353e-13,6.014155499e-14,3.545129895e-13,3.031191336e-14
165.0859375,4.279640154e-13,2.282616802e-13,5.762035556e-13,2.027953242e-13,3.601759406e-13,2.198857025e-13,1.002575335e-13,1.232029878e-13,7.374428706e-14,5.277309827e-14,1.865469289e-13,1.620840112e-13,1.558872475e-13,3.4847675e-13,4.541241085e-13,4.992997385e-13,3.963806812e-13,7.994584789e-13,1.664885622e-13,1.414525561e-13,5.055074893e-14,7.716778434e-14,4.578503559e-14,3.333439105e-14,8.691554571e-14,5.777296927e-14,2.891492443e-13,1.134744305e-13,9.559734565e-13,5.942690855e-14,3.493238384e-13,2.977071742e-14
165.09375,4.246228403e-13,2.270051792e-13,5.640038918e-13,2.027484103e-13,3.549564261e-13,2.174902625e-13,9.89046522e-14,1.23274318e-13,7.236505231e-14,5.311168708e-14,1.83582022e-13,1.594155211e-13,1.576635504e-13,3.430754141e-13,4.488252918e-13,4.929544562e-13,3.895788694e-13,7.894110043e-13,1.663325431e-13,1.401589255e-13,5.110802512e-14,7.61331156e-14,4.535795926e-14,3.322667428e-14,8.642023206e-14,5.686740635e-14,2.818580678e-13,1.129606485e-13,9.440490019e-13,5.867759184e-14,3.44376396e-13,2.923248741e-14
165.1015625,4.215518028e-13,2.258105042e-13,5.520549497e-13,2.025325381e-13,3.499113129e-13,2.151831621e-13,9.757979068e-14,1.233416141e-13,7.098115472e-14,5.346507049e-14,1.807672996e-13,1.567604354e-13,1.595518372e-13,3.379216099e-13,4.438009574e-13,4.867214589e-13,3.829806682e-13,7.796272655e-13,1.663547073e-13,1.389207549e-13,5.171343192e-14,7.513185545e-14,4.492360013e-14,3.31424862e-14,8.595871048e-14,5.597852468e-14,2.746487456e-13,1.12590291e-13,9.320928542e-13,5.796394339e-14,3.395918722e-13,2.869473122e-14
165.109375,4.183398341e-13,2.247946626e-13,5.400553241e-13,2.023771121e-13,3.445710802e-13,2.127994507e-13,9.623005872e-14,1.233212141e-13,6.951213995e-14,5.382263713e-14,1.780235088e-13,1.540493179e-13,1.614155241e-13,3.326112424e-13,4.388442851e-13,4.805561745e-13,3.764856074e-13,7.699468543e-13,1.664075379e-13,1.377663425e-13,5.233308705e-14,7.411251717e-14,4.450031214e-14,3.306235569e-14,8.550319702e-14,5.510123449e-14,2.675334764e-13,1.122887815e-13,9.198938021e-13,5.725632098e-14,3.348086499e-13,2.818023115e-14
165.1171875,4.149969556e-13,2.240094201e-13,5.278275483e-13,2.022677286e-13,3.389237153e-13,2.103872606e-13,9.485750766e-14,1.232617601e-13,6.79661809e-14,5.419038589e-14,1.752717744e-13,1.51327227e-13,1.632129977e-13,3.271507368e-13,4.339092401e-13,4.745437745e-13,3.701385068e-13,7.601896158e-13,1.664307295e-13,1.367099442e-13,5.293789037e-14,7.307244188e-14,4.409056729e-14,3.298570642e-14,8.504112925e-14,5.426158181e-14,2.60681464e-13,1.119045532e-13,9.077420228e-13,5.650481075e-14,3.300402362e-13,2.768881944e-14
165.125,4.11576426e-13,2.232239276e-13,5.156851056e-13,2.018504843e-13,3.3333455e-13,2.079943489e-13,9.350744281e-14,1.232141535e-13,6.644489178e-14,5.461807203e-14,1.726056807e-13,1.487046953e-13,1.6486106e-13,3.217440113e-13,4.290416062e-13,4.68640957e-13,3.639504025e-13,7.504708804e-13,1.664948631e-13,1.357895621e-13,5.35772457e-14,7.205511416e-14,4.368442257e-14,3.292781568e-14,8.457953413e-14,5.344986419e-14,2.540468615e-13,1.114595145e-13,8.959028564e-13,5.572092944e-14,3.252531651e-13,2.719945975e-14
165.1328125,4.082138253e-13,2.223777518e-13,5.037106465e-13,2.011848734e-13,3.279499561e-13,2.056772327e-13,9.222177447e-14,1.231685849e-13,6.499557342e-14,5.512080083e-14,1.700464213e-13,1.461506243e-13,1.664012964e-13,3.164534462e-13,4.24198019e-13,4.627379167e-13,3.579249801e-13,7.409881579e-13,1.665899806e-13,1.349585664e-13,5.428405333e-14,7.1078793e-14,4.328758197e-14,3.287921958e-14,8.413883731e-14,5.261740613e-14,2.473760574e-13,1.110611461e-13,8.84125182e-13,5.492053446e-14,3.203605889e-13,2.672056396e-14
165.140625,4.052108749e-13,2.217537517e-13,4.91595331e-13,2.007595113e-13,3.226202276e-13,2.034195674e-13,9.094739495e-14,1.23157451e-13,6.354859444e-14,5.563235229e-14,1.675255533e-13,1.435241896e-13,1.68050687e-13,3.112097255e-13,4.193334757e-13,4.568428677e-13,3.519911198e-13,7.315729826e-13,1.667115393e-13,1.341738426e-13,5.502774892e-14,7.011242677e-14,4.290416492e-14,3.282243817e-14,8.369761763e-14,5.179913973e-14,2.406785739e-13,1.107666862e-13,8.71953788e-13,5.411449655e-14,3.154822015e-13,2.626542081e-14
165.1484375,4.023236763e-13,2.213718147e-13,4.793874951e-13,2.004772823e-13,3.172116398e-13,2.011068018e-13,8.963202809e-14,1.231901437e-13,6.206163192e-14,5.614413669e-14,1.650531959e-13,1.408302879e-13,1.697732668e-13,3.059823559e-13,4.144514507e-13,4.509618635e-13,3.460621324e-13,7.220603742e-13,1.669124315e-13,1.334422042e-13,5.577390327e-14,6.914379301e-14,4.25049189e-14,3.272452674e-14,8.323344847e-14,5.102537018e-14,2.341167089e-13,1.105307359e-13,8.594110163e-13,5.331871112e-14,3.10751869e-13,2.5814601e-14
165.15625,3.992536494e-13,2.209530575e-13,4.672871745e-13,1.99869312e-13,3.117955113e-13,1.988143242e-13,8.833267287e-14,1.232232556e-13,6.059613053e-14,5.672889536e-14,1.626516055e-13,1.381703179e-13,1.714034441e-13,3.008666489e-13,4.095737475e-13,4.451479165e-13,3.402975034e-13,7.126367701e-13,1.67142463e-13,1.327957071e-13,5.652627239e-14,6.820119136e-14,4.207357521e-14,3.259959531e-14,8.278070131e-14,5.024028819e-14,2.276766257e-13,1.10245525e-13,8.469846656e-13,5.250679925e-14,3.060762678e-13,2.536549788e-14
165.1640625,3.963738146e-13,2.204646067e-13,4.551607528e-13,1.991507301e-13,3.064641697e-13,1.96667644e-13,8.705258931e-14,1.232548968e-13,5.918040977e-14,5.737519175e-14,1.603307855e-13,1.355301109e-13,1.730755997e-13,2.958844172e-13,4.047500436e-13,4.395260665e-13,3.348040458e-13,7.033191873e-13,1.67343711e-13,1.322788434e-13,5.734566596e-14,6.727945234e-14,4.163427291e-14,3.252978699e-14,8.234706315e-14,4.946371431e-14,2.213456704e-13,1.099527298e-13,8.347682858e-13,5.165234452e-14,3.013784584e-13,2.494446712e-14
165.171875,3.937115611e-13,2.200845136e-13,4.430634552e-13,1.987210585e-13,3.011563123e-13,1.945291688e-13,8.572150091e-14,1.232764532e-13,5.775742323e-14,5.803911628e-14,1.581322356e-13,1.329013557e-13,1.748622371e-13,2.909226112e-13,4.00003073e-13,4.340563414e-13,3.294082314e-13,6.939300058e-13,1.675687164e-13,1.318449671e-13,5.826323682e-14,6.635182267e-14,4.120909483e-14,3.251475756e-14,8.18974133e-14,4.876408377e-14,2.151921721e-13,1.097509585e-13,8.224353932e-13,5.07953736e-14,2.967177974e-13,2.455616215e-14
165.1796875,3.908888771e-13,2.198643384e-13,4.312688707e-13,1.983177158e-13,2.959074241e-13,1.92337943e-13,8.440118322e-14,1.232686975e-13,5.63239439e-14,5.877260553e-14,1.560145741e-13,1.303720047e-13,1.765442308e-13,2.860406069e-13,3.953558953e-13,4.287149549e-13,3.241268674e-13,6.846381424e-13,1.678470668e-13,1.314598839e-13,5.919503154e-14,6.545704296e-14,4.080350489e-14,3.249813396e-14,8.145109126e-14,4.809749331e-14,2.091989256e-13,1.09527668e-13,8.101349017e-13,4.996527467e-14,2.92104737e-13,2.419861466e-14
165.1875,3.881426345e-13,2.197600378e-13,4.196754591e-13,1.976862378e-13,2.908253793e-13,1.902433899e-13,8.317591937e-14,1.233054319e-13,5.493639895e-14,5.95707942e-14,1.539056358e-13,1.279111255e-13,1.781098263e-13,2.813333945e-13,3.908818316e-13,4.236940168e-13,3.191368092e-13,6.755690721e-13,1.68165654e-13,1.312817172e-13,6.010059194e-14,6.462491854e-14,4.040128449e-14,3.251643387e-14,8.103713194e-14,4.742335239e-14,2.033260775e-13,1.09247157e-13,7.981252167e-13,4.9129058e-14,2.875256624e-13,2.388095985e-14
165.1953125,3.85587129e-13,2.197597221e-13,4.081257874e-13,1.970598463e-13,2.857519095e-13,1.882055457e-13,8.195541346e-14,1.234401926e-13,5.358268209e-14,6.032809401e-14,1.518809411e-13,1.254123266e-13,1.79739502e-13,2.765992138e-13,3.86541489e-13,4.190027714e-13,3.143489418e-13,6.664372749e-13,1.685229226e-13,1.314423114e-13,6.106985015e-14,6.37907243e-14,3.996047171e-14,3.258369996e-14,8.061641239e-14,4.679369355e-14,1.975719466e-13,1.091120737e-13,7.8601994e-13,4.826902738e-14,2.830304435e-13,2.358751258e-14
165.203125,3.828764316e-13,2.198582392e-13,3.967583962e-13,1.96528629e-13,2.805676465e-13,1.861550503e-13,8.067259273e-14,1.235858198e-13,5.221581647e-14,6.106604325e-14,1.500224019e-13,1.22932258e-13,1.814151541e-13,2.717893897e-13,3.822483778e-13,4.144378044e-13,3.097143345e-13,6.5725701e-13,1.689013163e-13,1.317777526e-13,6.211167788e-14,6.293367449e-14,3.947708178e-14,3.263335966e-14,8.017822191e-14,4.622439242e-14,1.919454985e-13,1.09093917e-13,7.73659237e-13,4.74112534e-14,2.786577029e-13,2.330052169e-14
165.2109375,3.802442885e-13,2.200186443e-13,3.855827441e-13,1.959313499e-13,2.754262585e-13,1.842369842e-13,7.942152924e-14,1.236871066e-13,5.083413505e-14,6.190488956e-14,1.482626598e-13,1.205331631e-13,1.830967232e-13,2.671912986e-13,3.781324991e-13,4.10021154e-13,3.053921603e-13,6.483831362e-13,1.693167631e-13,1.319928768e-13,6.313464251e-14,6.211295624e-14,3.899978751e-14,3.268395129e-14,7.978089227e-14,4.568891007e-14,1.865178207e-13,1.089874927e-13,7.614589529e-13,4.657464684e-14,2.744097199e-13,2.303942213e-14
165.21875,3.779404442e-13,2.20222176e-13,3.744515887e-13,1.952593463e-13,2.702900753e-13,1.823880144e-13,7.82414019e-14,1.238314587e-13,4.945208669e-14,6.285637313e-14,1.465381025e-13,1.181366576e-13,1.848168212e-13,2.627652287e-13,3.742645022e-13,4.058729204e-13,3.013201151e-13,6.397172569e-13,1.697961978e-13,1.320954994e-13,6.415850143e-14,6.13058614e-14,3.853204175e-14,3.277712181e-14,7.942774026e-14,4.519731108e-14,1.813258349e-13,1.088860965e-13,7.493671223e-13,4.574713867e-14,2.702439267e-13,2.281987911e-14
165.2265625,3.756138528e-13,2.205573652e-13,3.634102008e-13,1.945548449e-13,2.650530109e-13,1.803946582e-13,7.706159622e-14,1.240834669e-13,4.810086915e-14,6.387389947e-14,1.448890706e-13,1.157625907e-13,1.864988025e-13,2.582939733e-13,3.704460304e-13,4.019546539e-13,2.973370053e-13,6.310232567e-13,1.702941225e-13,1.323995311e-13,6.525828522e-14,6.047631558e-14,3.80307446e-14,3.285896021e-14,7.906365621e-14,4.475278512e-14,1.763117901e-13,1.08926169e-13,7.371674436e-13,4.490358886e-14,2.661209477e-13,2.262711302e-14
165.234375,3.732776102e-13,2.211248693e-13,3.526242599e-13,1.938250748e-13,2.599827152e-13,1.784269558e-13,7.588103093e-14,1.243816372e-13,4.681274452e-14,6.49282968e-14,1.433852077e-13,1.135246802e-13,1.881289233e-13,2.539984886e-13,3.66695093e-13,3.982647206e-13,2.935385976e-13,6.225278168e-13,1.70800258e-13,1.32956683e-13,6.641620143e-14,5.970688247e-14,3.751595037e-14,3.29395926e-14,7.869471106e-14,4.432939086e-14,1.714817859e-13,1.089830482e-13,7.252346646e-13,4.404571072e-14,2.621442167e-13,2.24516917e-14
165.2421875,3.711051568e-13,2.217900367e-13,3.42175854e-13,1.93144033e-13,2.552400652e-13,1.766999178e-13,7.475145001e-14,1.246633602e-13,4.556389426e-14,6.597873809e-14,1.420309703e-13,1.113769277e-13,1.897882544e-13,2.50006179e-13,3.632368275e-13,3.948393254e-13,2.899897581e-13,6.143338354e-13,1.713694586e-13,1.336205698e-13,6.75929403e-14,5.903367992e-14,3.70504795e-14,3.311111106e-14,7.835999049e-14,4.394497918e-14,1.668598339e-13,1.089841063e-13,7.136747395e-13,4.320062905e-14,2.583784117e-13,2.231327174e-14
165.25,3.688699304e-13,2.223196882e-13,3.32017368e-13,1.924715007e-13,2.505993655e-13,1.750475313e-13,7.367026866e-14,1.249632433e-13,4.433664719e-14,6.705778716e-14,1.407205773e-13,1.092423549e-13,1.914268908e-13,2.460382388e-13,3.599440625e-13,3.915932446e-13,2.865951503e-13,6.061905285e-13,1.719874225e-13,1.345781944e-13,6.878552083e-14,5.838167279e-14,3.663241874e-14,3.334981777e-14,7.804683369e-14,4.365244148e-14,1.623781756e-13,1.090035377e-13,7.021033592e-13,4.236213183e-14,2.546364336e-13,2.22351931e-14
165.2578125,3.666569342e-13,2.228186779e-13,3.221018696e-13,1.917199534e-13,2.459826443e-13,1.73398991e-13,7.263623599e-14,1.253229125e-13,4.31490174e-14,6.824799991e-14,1.394159427e-13,1.071905173e-13,1.930379613e-13,2.42114989e-13,3.566399825e-13,3.885486011e-13,2.834739891e-13,5.981696537e-13,1.726047873e-13,1.359000375e-13,7.001403841e-14,5.772925365e-14,3.621850241e-14,3.357076051e-14,7.773925955e-14,4.342437212e-14,1.580325209e-13,1.090726237e-13,6.90531377e-13,4.150487137e-14,2.508277457e-13,2.219590057e-14
165.265625,3.645675665e-13,2.235496751e-13,3.125000211e-13,1.910300138e-13,2.414760302e-13,1.719195621e-13,7.165715568e-14,1.257141527e-13,4.197051095e-14,6.950804876e-14,1.382876659e-13,1.052425821e-13,1.947269713e-13,2.384305271e-13,3.535506554e-13,3.859339212e-13,2.808646269e-13,5.904994237e-13,1.732129834e-13,1.372796666e-13,7.130589712e-14,5.70888798e-14,3.580336899e-14,3.378402818e-14,7.744867288e-14,4.317908835e-14,1.539010676e-13,1.092060998e-13,6.790967595e-13,4.065170567e-14,2.471287586e-13,2.21538277e-14
165.2734375,3.623461419e-13,2.244436037e-13,3.031526364e-13,1.904927504e-13,2.370132319e-13,1.705445215e-13,7.068185358e-14,1.261222877e-13,4.077525869e-14,7.075752806e-14,1.374186638e-13,1.033022307e-13,1.964529524e-13,2.348234668e-13,3.507996084e-13,3.837752685e-13,2.786822957e-13,5.830132065e-13,1.738339641e-13,1.387717902e-13,7.26157067e-14,5.644608469e-14,3.53989198e-14,3.40280036e-14,7.717153635e-14,4.293848264e-14,1.49991209e-13,1.093916777e-13,6.676676846e-13,3.983407492e-14,2.436011548e-13,2.212464804e-14
165.28125,3.603094482e-13,2.253736077e-13,2.938290122e-13,1.89944876e-13,2.325907489e-13,1.69136774e-13,6.968061557e-14,1.265922703e-13,3.961133382e-14,7.202973602e-14,1.366244492e-13,1.013470435e-13,1.981796821e-13,2.312546154e-13,3.481466543e-13,3.817714726e-13,2.766850758e-13,5.755741456e-13,1.745271158e-13,1.405485547e-13,7.388338053e-14,5.583704796e-14,3.499740417e-14,3.430481374e-14,7.691143257e-14,4.276468331e-14,1.46263971e-13,1.0954937e-13,6.56279809e-13,3.902790878e-14,2.401771032e-13,2.214127009e-14
165.2890625,3.587208468e-13,2.264019519e-13,2.845478593e-13,1.893499068e-13,2.283075036e-13,1.678113619e-13,6.869832533e-14,1.271415835e-13,3.848995187e-14,7.336682584e-14,1.357733595e-13,9.942892563e-14,1.999874783e-13,2.278687833e-13,3.454545016e-13,3.797925797e-13,2.748500325e-13,5.683080596e-13,1.752617905e-13,1.423604158e-13,7.517160236e-14,5.527659518e-14,3.459525759e-14,3.461267339e-14,7.668174001e-14,4.261701109e-14,1.426876001e-13,1.096437228e-13,6.450020443e-13,3.820314754e-14,2.368327555e-13,2.218274356e-14
165.296875,3.568928875e-13,2.273821134e-13,2.755076028e-13,1.888479915e-13,2.240326449e-13,1.665868282e-13,6.774769177e-14,1.277446602e-13,3.735870314e-14,7.47741408e-14,1.349348164e-13,9.754879406e-14,2.017897333e-13,2.244197366e-13,3.428013154e-13,3.781070431e-13,2.732349159e-13,5.611381028e-13,1.758714739e-13,1.442438657e-13,7.653455361e-14,5.468513799e-14,3.420085997e-14,3.492827521e-14,7.645462221e-14,4.247500181e-14,1.392509114e-13,1.096912026e-13,6.338102713e-13,3.737349781e-14,2.334182152e-13,2.223535759e-14
165.3046875,3.5465253e-13,2.281538234e-13,2.667226981e-13,1.884389731e-13,2.195766507e-13,1.652862733e-13,6.68091523e-14,1.284074868e-13,3.621230588e-14,7.626533297e-14,1.341827005e-13,9.567818321e-14,2.035014284e-13,2.20749919e-13,3.402779162e-13,3.769030686e-13,2.718290927e-13,5.539562694e-13,1.763418167e-13,1.464780821e-13,7.792820844e-14,5.40487885e-14,3.381410103e-14,3.523529244e-14,7.621130664e-14,4.238210313e-14,1.359862192e-13,1.097162869e-13,6.22893713e-13,3.656198421e-14,2.29878897e-13,2.231598313e-14
165.3125,3.525646532e-13,2.289553403e-13,2.582026013e-13,1.880521855e-13,2.151189759e-13,1.639441656e-13,6.590190779e-14,1.291404293e-13,3.509680459e-14,7.778231311e-14,1.335356109e-13,9.382956196e-14,2.052633964e-13,2.172495208e-13,3.379223423e-13,3.759526102e-13,2.706395835e-13,5.469553785e-13,1.768429171e-13,1.488849156e-13,7.9370972e-14,5.345072065e-14,3.343108114e-14,3.557078599e-14,7.598169936e-14,4.229543352e-14,1.328790022e-13,1.097853453e-13,6.122186452e-13,3.577480816e-14,2.265433414e-13,2.241306169e-14
165.3203125,3.505246183e-13,2.299333066e-13,2.500389904e-13,1.877019671e-13,2.109971638e-13,1.627349917e-13,6.502964678e-14,1.299024639e-13,3.404240447e-14,7.925911835e-14,1.329844544e-13,9.206050279e-14,2.070754082e-13,2.141164112e-13,3.356631172e-13,3.750186312e-13,2.696662901e-13,5.402270738e-13,1.774097455e-13,1.514029997e-13,8.088548703e-14,5.291207886e-14,3.305334716e-14,3.594628212e-14,7.576784246e-14,4.2184192e-14,1.298794704e-13,1.099314898e-13,6.014581773e-13,3.50101842e-14,2.235487313e-13,2.252404787e-14
165.328125,3.484842117e-13,2.310323166e-13,2.421640206e-13,1.873934327e-13,2.071936205e-13,1.616556862e-13,6.416782729e-14,1.306796078e-13,3.304000125e-14,8.075906029e-14,1.32494842e-13,9.040519747e-14,2.08813206e-13,2.111385547e-13,3.334575778e-13,3.742898169e-13,2.689906815e-13,5.336932675e-13,1.779676395e-13,1.542720629e-13,8.238032954e-14,5.239095867e-14,3.268436157e-14,3.634180594e-14,7.554975924e-14,4.213722618e-14,1.27047914e-13,1.101328528e-13,5.907399335e-13,3.426071348e-14,2.205848957e-13,2.267630857e-14
165.3359375,3.469719765e-13,2.323620651e-13,2.344888454e-13,1.870991941e-13,2.034371064e-13,1.606496011e-13,6.332403625e-14,1.315233806e-13,3.205676541e-14,8.232158322e-14,1.320802368e-13,8.880726057e-14,2.105988363e-13,2.082543576e-13,3.31417885e-13,3.740052328e-13,2.687424608e-13,5.274028433e-13,1.785263969e-13,1.573330365e-13,8.385390166e-14,5.187118715e-14,3.233309044e-14,3.678091064e-14,7.534703446e-14,4.21752722e-14,1.244451321e-13,1.1040481e-13,5.802864956e-13,3.352037214e-14,2.175713427e-13,2.285604212e-14
165.34375,3.45715372e-13,2.33759549e-13,2.270637547e-13,1.868209108e-13,1.996623989e-13,1.597220982e-13,6.251250907e-14,1.32443527e-13,3.108025566e-14,8.389976502e-14,1.317730542e-13,8.720415994e-14,2.12526216e-13,2.054763801e-13,3.295496074e-13,3.739531442e-13,2.68715261e-13,5.212867682e-13,1.790924961e-13,1.603752492e-13,8.541767381e-14,5.136026734e-14,3.2010962e-14,3.72533012e-14,7.517407597e-14,4.222418515e-14,1.219936124e-13,1.107163173e-13,5.698578937e-13,3.27945979e-14,2.147199403e-13,2.304086607e-14
165.3515625,3.440396397e-13,2.34894421e-13,2.198761698e-13,1.865944509e-13,1.959399942e-13,1.588028339e-13,6.172977578e-14,1.334011941e-13,3.011645665e-14,8.555257866e-14,1.315351781e-13,8.562667748e-14,2.144418705e-13,2.026871136e-13,3.277224049e-13,3.739168903e-13,2.686538854e-13,5.151667498e-13,1.796201478e-13,1.635460664e-13,8.704738232e-14,5.085888066e-14,3.171825244e-14,3.770792108e-14,7.501360209e-14,4.226981447e-14,1.19635425e-13,1.109618664e-13,5.593874493e-13,3.209207338e-14,2.119878405e-13,2.325761996e-14
165.359375,3.421428843e-13,2.360513784e-13,2.128617087e-13,1.864375659e-13,1.921995251e-13,1.57789709e-13,6.097172202e-14,1.344070953e-13,2.916256635e-14,8.736829728e-14,1.313189895e-13,8.41166405e-14,2.16297139e-13,1.998906628e-13,3.259366307e-13,3.741449132e-13,2.688064805e-13,5.091506712e-13,1.800792061e-13,1.669238406e-13,8.864465429e-14,5.034598922e-14,3.14434882e-14,3.818960452e-14,7.48508726e-14,4.232473348e-14,1.174083419e-13,1.111478749e-13,5.490567066e-13,3.141234537e-14,2.092314181e-13,2.351200949e-14
165.3671875,3.403429958e-13,2.37478717e-13,2.060699046e-13,1.86271629e-13,1.884405046e-13,1.567233979e-13,6.02245483e-14,1.354810339e-13,2.823872084e-14,8.928184018e-14,1.311243675e-13,8.266908825e-14,2.181770546e-13,1.971947021e-13,3.242053217e-13,3.747789679e-13,2.693617722e-13,5.033473721e-13,1.804357113e-13,1.70483378e-13,9.022484236e-14,4.981991374e-14,3.117622132e-14,3.875187674e-14,7.467616264e-14,4.239199224e-14,1.153451963e-13,1.113344811e-13,5.388464528e-13,3.074689234e-14,2.065285398e-13,2.376677883e-14
165.375,3.385348554e-13,2.387724498e-13,1.995550336e-13,1.86030497e-13,1.848482295e-13,1.557320966e-13,5.94835517e-14,1.365941958e-13,2.737819715e-14,9.120932262e-14,1.309699485e-13,8.129566867e-14,2.200689962e-13,1.946117583e-13,3.224646833e-13,3.755785312e-13,2.700676407e-13,4.97630912e-13,1.807005429e-13,1.741887397e-13,9.184263518e-14,4.933332337e-14,3.092041203e-14,3.934889553e-14,7.45029012e-14,4.249222199e-14,1.134701013e-13,1.114620697e-13,5.288750657e-13,3.008785359e-14,2.039323026e-13,2.401905114e-14
165.3828125,3.367431118e-13,2.398376958e-13,1.932587146e-13,1.858226259e-13,1.814506716e-13,1.548337751e-13,5.875759209e-14,1.37746687e-13,2.656879878e-14,9.314819209e-14,1.308699379e-13,7.999137598e-14,2.219420604e-13,1.92093004e-13,3.20784296e-13,3.765307384e-13,2.708659917e-13,4.920486117e-13,1.809552908e-13,1.779454037e-13,9.350350868e-14,4.889565889e-14,3.068931892e-14,3.996460687e-14,7.435811297e-14,4.260551796e-14,1.117719211e-13,1.115090323e-13,5.192526562e-13,2.94389115e-14,2.013637632e-13,2.430708871e-14
165.390625,3.350297797e-13,2.410076079e-13,1.871065469e-13,1.857566914e-13,1.781020231e-13,1.539483858e-13,5.804087375e-14,1.389809834e-13,2.578730717e-14,9.510131979e-14,1.308055216e-13,7.870355546e-14,2.238252709e-13,1.895972151e-13,3.192521848e-13,3.778287993e-13,2.718937751e-13,4.867511029e-13,1.812200789e-13,1.818258775e-13,9.518672975e-14,4.844506135e-14,3.048260945e-14,4.061290731e-14,7.422452506e-14,4.270550003e-14,1.10166097e-13,1.115823611e-13,5.096304638e-13,2.881511297e-14,1.988641437e-13,2.46470388e-14
165.3984375,3.333859987e-13,2.422256443e-13,1.811310367e-13,1.857628533e-13,1.747978964e-13,1.530918756e-13,5.734727827e-14,1.402991062e-13,2.504514901e-14,9.708819195e-14,1.307584924e-13,7.744969269e-14,2.257625668e-13,1.871616434e-13,3.178018251e-13,3.794134719e-13,2.731027574e-13,4.816540006e-13,1.814679701e-13,1.859243623e-13,9.686811109e-14,4.798929212e-14,3.028838159e-14,4.126473941e-14,7.408428812e-14,4.282651442e-14,1.086339921e-13,1.117004625e-13,4.999481015e-13,2.822354495e-14,1.965727156e-13,2.500874565e-14
165.40625,3.31882454e-13,2.43319989e-13,1.754279997e-13,1.857671076e-13,1.716092862e-13,1.523452962e-13,5.67002631e-14,1.416631701e-13,2.434991593e-14,9.911898228e-14,1.307448604e-13,7.631220329e-14,2.277748143e-13,1.848522926e-13,3.163979042e-13,3.81192476e-13,2.745400433e-13,4.766772258e-13,1.817292563e-13,1.901660108e-13,9.854459311e-14,4.758795055e-14,3.010614969e-14,4.195132471e-14,7.396650312e-14,4.297743463e-14,1.072572028e-13,1.117871987e-13,4.906679507e-13,2.765467467e-14,1.944549821e-13,2.536414205e-14
165.4140625,3.304412604e-13,2.443909799e-13,1.699869672e-13,1.858071931e-13,1.685209253e-13,1.516832855e-13,5.606966743e-14,1.430627658e-13,2.369579898e-14,1.011564198e-13,1.307570327e-13,7.528488958e-14,2.298098799e-13,1.82604157e-13,3.150821404e-13,3.83218569e-13,2.763038794e-13,4.718536804e-13,1.820120309e-13,1.945685472e-13,1.002332476e-13,4.721883411e-14,2.994542494e-14,4.272046235e-14,7.387417467e-14,4.312510628e-14,1.060342482e-13,1.118616621e-13,4.817710823e-13,2.709912587e-14,1.923586621e-13,2.573183863e-14
165.421875,3.289796385e-13,2.455849233e-13,1.647225963e-13,1.859272456e-13,1.655420005e-13,1.510538911e-13,5.543282019e-14,1.445366165e-13,2.309497401e-14,1.032336448e-13,1.308165351e-13,7.429939527e-14,2.318508971e-13,1.803707818e-13,3.138802256e-13,3.855310274e-13,2.782666451e-13,4.6710481e-13,1.822704402e-13,1.991182036e-13,1.019566689e-13,4.684745595e-14,2.980980392e-14,4.352523292e-14,7.377566086e-14,4.327892667e-14,1.048895197e-13,1.119758999e-13,4.728672686e-13,2.655473341e-14,1.903199532e-13,2.613380154e-14
165.4296875,3.275463777e-13,2.469598494e-13,1.596556004e-13,1.861429232e-13,1.626664506e-13,1.504576782e-13,5.481893296e-14,1.461025479e-13,2.255121431e-14,1.054119067e-13,1.309869168e-13,7.334222068e-14,2.339419936e-13,1.782334464e-13,3.128350259e-13,3.881577433e-13,2.803303615e-13,4.62327e-13,1.824799832e-13,2.03680419e-13,1.037081462e-13,4.649068627e-14,2.968528952e-14,4.434357482e-14,7.366440845e-14,4.346442578e-14,1.038387219e-13,1.120864386e-13,4.640220799e-13,2.601786399e-14,1.88450906e-13,2.656204286e-14
165.4375,3.26057744e-13,2.482637371e-13,1.548336441e-13,1.864559861e-13,1.598343351e-13,1.498985778e-13,5.423799271e-14,1.477025063e-13,2.203369762e-14,1.076252592e-13,1.311856953e-13,7.243371998e-14,2.360026393e-13,1.761985433e-13,3.119445159e-13,3.910027611e-13,2.824874748e-13,4.575921331e-13,1.826328586e-13,2.083032195e-13,1.05404082e-13,4.613444564e-14,2.954689705e-14,4.519761737e-14,7.355157391e-14,4.366538561e-14,1.02925289e-13,1.121540551e-13,4.554301708e-13,2.54859022e-14,1.866444552e-13,2.701618217e-14
165.4453125,3.246444488e-13,2.492350709e-13,1.502398901e-13,1.868457796e-13,1.571839547e-13,1.494822593e-13,5.368728652e-14,1.492955276e-13,2.153590003e-14,1.098331968e-13,1.313154521e-13,7.161356707e-14,2.380126544e-13,1.743048877e-13,3.11182363e-13,3.939264321e-13,2.847540875e-13,4.531059803e-13,1.827889294e-13,2.130017347e-13,1.070093463e-13,4.578666352e-14,2.940706788e-14,4.607848629e-14,7.346374448e-14,4.384323022e-14,1.021070946e-13,1.122258453e-13,4.470404861e-13,2.496172243e-14,1.848615147e-13,2.749405483e-14
165.453125,3.235784627e-13,2.502214117e-13,1.459222193e-13,1.873077041e-13,1.548815206e-13,1.492952108e-13,5.31732627e-14,1.50909431e-13,2.110285398e-14,1.121284829e-13,1.31516613e-13,7.093781098e-14,2.401682967e-13,1.726944744e-13,3.106109932e-13,3.970540261e-13,2.872557571e-13,4.489210496e-13,1.830593248e-13,2.177043632e-13,1.086306418e-13,4.552232575e-14,2.932112553e-14,4.702430888e-14,7.341592486e-14,4.39993731e-14,1.013601861e-13,1.123537531e-13,4.38888594e-13,2.445126923e-14,1.83332747e-13,2.797459594e-14
165.4609375,3.224979502e-13,2.514225946e-13,1.418865696e-13,1.878346934e-13,1.526899684e-13,1.491219935e-13,5.267012407e-14,1.525512442e-13,2.073985492e-14,1.145215494e-13,1.318424055e-13,7.036055521e-14,2.424267581e-13,1.712236628e-13,3.101802695e-13,4.004271802e-13,2.899388488e-13,4.447685222e-13,1.833767243e-13,2.226040124e-13,1.102932881e-13,4.531545395e-14,2.929545537e-14,4.805388525e-14,7.335938899e-14,4.419051248e-14,1.00733165e-13,1.125389785e-13,4.310174903e-13,2.39653105e-14,1.820401105e-13,2.84614705e-14
165.46875,3.211476529e-13,2.524280729e-13,1.379497123e-13,1.883570533e-13,1.503781728e-13,1.487911107e-13,5.216408928e-14,1.542213774e-13,2.039281843e-14,1.169244555e-13,1.320883441e-13,6.975693908e-14,2.445307629e-13,1.696440897e-13,3.097062293e-13,4.038601887e-13,2.926687734e-13,4.405454423e-13,1.835764597e-13,2.277387807e-13,1.119053682e-13,4.50586352e-14,2.926936655e-14,4.907939703e-14,7.327130416e-14,4.441063847e-14,1.00236784e-13,1.127552514e-13,4.232510348e-13,2.350674772e-14,1.806844376e-13,2.89659719e-14
165.4765625,3.200606251e-13,2.534014856e-13,1.340569528e-13,1.888837549e-13,1.481697552e-13,1.485185806e-13,5.167964845e-14,1.559376789e-13,2.005855169e-14,1.193452268e-13,1.322637677e-13,6.914395436e-14,2.465950143e-13,1.681204207e-13,3.092603642e-13,4.0753111e-13,2.956797074e-13,4.365800052e-13,1.837190481e-13,2.328135459e-13,1.13514465e-13,4.478182548e-14,2.922437434e-14,5.008391845e-14,7.320356954e-14,4.456939304e-14,9.983192022e-14,1.129900045e-13,4.155045167e-13,2.305805235e-14,1.793276024e-13,2.947913583e-14
165.484375,3.192195696e-13,2.548316867e-13,1.304244338e-13,1.896117132e-13,1.461926046e-13,1.484368997e-13,5.121625166e-14,1.576416104e-13,1.977308258e-14,1.218438798e-13,1.325792357e-13,6.865566438e-14,2.488508458e-13,1.66845737e-13,3.090841631e-13,4.117170946e-13,2.990859862e-13,4.329423842e-13,1.839187415e-13,2.378568565e-13,1.151827618e-13,4.456834782e-14,2.920515729e-14,5.112227826e-14,7.316019236e-14,4.468168562e-14,9.951571776e-14,1.13247295e-13,4.079570349e-13,2.261277445e-14,1.782283792e-13,3.001569013e-14
165.4921875,3.180266063e-13,2.561881333e-13,1.271543832e-13,1.905872029e-13,1.442550597e-13,1.483766383e-13,5.077952575e-14,1.59287072e-13,1.951293358e-14,1.24421568e-13,1.329602326e-13,6.830025583e-14,2.511815211e-13,1.656762092e-13,3.091703912e-13,4.162124902e-13,3.026139593e-13,4.293397815e-13,1.840790528e-13,2.430432368e-13,1.167785975e-13,4.437103498e-14,2.922689516e-14,5.216198263e-14,7.31212829e-14,4.485886765e-14,9.932216004e-14,1.134669063e-13,4.008023328e-13,2.219001106e-14,1.772816773e-13,3.058126971e-14
165.5,3.167742713e-13,2.569268964e-13,1.241086748e-13,1.914848435e-13,1.423649178e-13,1.48269305e-13,5.040083783e-14,1.609612933e-13,1.925143036e-14,1.270407116e-13,1.332198726e-13,6.797585132e-14,2.535028859e-13,1.645429119e-13,3.093424932e-13,4.208356189e-13,3.062419966e-13,4.258127726e-13,1.841363558e-13,2.48221981e-13,1.182405009e-13,4.413330615e-14,2.926360442e-14,5.318785113e-14,7.313201307e-14,4.510215443e-14,9.925513025e-14,1.135567538e-13,3.940061137e-13,2.179088714e-14,1.763134037e-13,3.113577562e-14
165.5078125,3.159155395e-13,2.576274345e-13,1.211457708e-13,1.921414824e-13,1.406178245e-13,1.481769876e-13,5.005551446e-14,1.627121917e-13,1.902204985e-14,1.296498604e-13,1.334098743e-13,6.76555051e-14,2.559309317e-13,1.634991999e-13,3.095068399e-13,4.25679295e-13,3.100713048e-13,4.225403282e-13,1.841722651e-13,2.53334666e-13,1.196829261e-13,4.388990146e-14,2.930694241e-14,5.425170766e-14,7.318674365e-14,4.533295432e-14,9.924774536e-14,1.135868309e-13,3.872734663e-13,2.139734824e-14,1.754080922e-13,3.167990903e-14
165.515625,3.150582631e-13,2.586795892e-13,1.182088182e-13,1.9285366e-13,1.389206329e-13,1.481142382e-13,4.97075641e-14,1.644762531e-13,1.884939814e-14,1.322462589e-13,1.335877887e-13,6.737782613e-14,2.584386188e-13,1.624827228e-13,3.09677593e-13,4.307208125e-13,3.139849823e-13,4.194389454e-13,1.841841736e-13,2.585157908e-13,1.211378843e-13,4.36641793e-14,2.937001426e-14,5.535376555e-14,7.322315141e-14,4.551940059e-14,9.923814257e-14,1.136897907e-13,3.803950612e-13,2.101135025e-14,1.746294685e-13,3.224690746e-14
165.5234375,3.140306398e-13,2.595687417e-13,1.153581383e-13,1.937304723e-13,1.373193667e-13,1.481033943e-13,4.93907432e-14,1.662259531e-13,1.872891417e-14,1.348783272e-13,1.336717179e-13,6.715709792e-14,2.609138826e-13,1.615183865e-13,3.099111017e-13,4.359135017e-13,3.180213806e-13,4.165178394e-13,1.841162797e-13,2.637273924e-13,1.225551574e-13,4.344728221e-14,2.945882573e-14,5.647672746e-14,7.326573153e-14,4.566362129e-14,9.9280625e-14,1.137657592e-13,3.735790636e-13,2.063776508e-14,1.739340247e-13,3.282345285e-14
165.53125,3.130582983e-13,2.599745853e-13,1.127292715e-13,1.945082261e-13,1.358947232e-13,1.481138005e-13,4.912294521e-14,1.679505722e-13,1.864979098e-14,1.375193014e-13,1.336467484e-13,6.69905653e-14,2.633370943e-13,1.60672071e-13,3.101708933e-13,4.412125952e-13,3.221800982e-13,4.137681965e-13,1.839776545e-13,2.688581528e-13,1.239191388e-13,4.323539625e-14,2.956855442e-14,5.760899353e-14,7.334138715e-14,4.57973299e-14,9.944363914e-14,1.13659814e-13,3.670904199e-13,2.026725754e-14,1.732967567e-13,3.340894519e-14
165.5390625,3.119908426e-13,2.60186337e-13,1.102818466e-13,1.95225491e-13,1.34465426e-13,1.480787747e-13,4.886132936e-14,1.696231866e-13,1.85819503e-14,1.401285054e-13,1.335736321e-13,6.686448068e-14,2.657449206e-13,1.598119832e-13,3.103706007e-13,4.464732138e-13,3.262322242e-13,4.109443838e-13,1.837647868e-13,2.738550414e-13,1.251998871e-13,4.301229104e-14,2.969812576e-14,5.873032896e-14,7.339784582e-14,4.593831849e-14,9.965395674e-14,1.134831443e-13,3.608068728e-13,1.990405837e-14,1.72681853e-13,3.401508248e-14
165.546875,3.108979123e-13,2.605116591e-13,1.07822549e-13,1.961545837e-13,1.33039605e-13,1.480677642e-13,4.857820428e-14,1.712724992e-13,1.852246007e-14,1.427760563e-13,1.334779173e-13,6.674560461e-14,2.682612688e-13,1.589036474e-13,3.10545247e-13,4.517564105e-13,3.303044649e-13,4.081165832e-13,1.835120186e-13,2.787313902e-13,1.263989395e-13,4.278451911e-14,2.98593406e-14,5.989116519e-14,7.343261661e-14,4.602413781e-14,9.981950665e-14,1.134164193e-13,3.544825959e-13,1.956044651e-14,1.721198625e-13,3.458561073e-14
165.5546875,3.102134178e-13,2.609364047e-13,1.053237086e-13,1.97206261e-13,1.318849848e-13,1.48150077e-13,4.828057986e-14,1.729114941e-13,1.851750299e-14,1.454917629e-13,1.333654699e-13,6.662265259e-14,2.709545125e-13,1.581276898e-13,3.107246851e-13,4.57185615e-13,3.346303532e-13,4.055342243e-13,1.833162688e-13,2.83634437e-13,1.27571839e-13,4.25916205e-14,3.006009713e-14,6.111530006e-14,7.347661958e-14,4.602712559e-14,9.997416161e-14,1.134613283e-13,3.480992284e-13,1.92372732e-14,1.717080267e-13,3.510062828e-14
165.5625,3.0977601e-13,2.612330259e-13,1.029125378e-13,1.981925997e-13,1.309388547e-13,1.482760456e-13,4.799790626e-14,1.745150866e-13,1.857526285e-14,1.482160321e-13,1.332148609e-13,6.652554907e-14,2.736957194e-13,1.575128175e-13,3.109142787e-13,4.626595369e-13,3.389956488e-13,4.030084573e-13,1.831402244e-13,2.885833603e-13,1.287194996e-13,4.24293285e-14,3.028826885e-14,6.230749614e-14,7.351214501e-14,4.600967115e-14,1.001634927e-13,1.135071061e-13,3.417928138e-13,1.893213328e-14,1.71404088e-13,3.563729695e-14
165.5703125,3.091514305e-13,2.612746515e-13,1.006487048e-13,1.99182738e-13,1.299750927e-13,1.484323059e-13,4.777125043e-14,1.761216136e-13,1.86570341e-14,1.509740841e-13,1.329884091e-13,6.648372078e-14,2.76422675e-13,1.569511128e-13,3.112690896e-13,4.682063708e-13,3.432765907e-13,4.004524995e-13,1.82860625e-13,2.933442763e-13,1.298283028e-13,4.22597497e-14,3.053325795e-14,6.344986775e-14,7.356818712e-14,4.598255552e-14,1.003554666e-13,1.134110583e-13,3.357253652e-13,1.863186344e-14,1.71109842e-13,3.621558256e-14
165.578125,3.084427837e-13,2.611453606e-13,9.850052834e-14,2.002073167e-13,1.290570628e-13,1.48614499e-13,4.759475413e-14,1.777370279e-13,1.875184078e-14,1.538155228e-13,1.326816878e-13,6.649639118e-14,2.792110025e-13,1.564244444e-13,3.117784056e-13,4.738851435e-13,3.475824655e-13,3.981755106e-13,1.825080894e-13,2.978392048e-13,1.308928358e-13,4.208138139e-14,3.080280812e-14,6.460968668e-14,7.368943568e-14,4.592098772e-14,1.005351286e-13,1.131712637e-13,3.299616624e-13,1.832665197e-14,1.708460751e-13,3.678254898e-14
165.5859375,3.078443064e-13,2.609506757e-13,9.639132631e-14,2.012342256e-13,1.282488819e-13,1.487618853e-13,4.742166872e-14,1.79259976e-13,1.886740147e-14,1.56702408e-13,1.322674972e-13,6.655037277e-14,2.820414004e-13,1.559071665e-13,3.121377339e-13,4.794587832e-13,3.517816918e-13,3.960745387e-13,1.821758331e-13,3.022429067e-13,1.318265212e-13,4.191204656e-14,3.110163054e-14,6.574424555e-14,7.380893203e-14,4.586536585e-14,1.007589119e-13,1.130036211e-13,3.24367136e-13,1.804197795e-14,1.7062102e-13,3.732908346e-14
165.59375,3.072429604e-13,2.607589222e-13,9.429895856e-14,2.02388643e-13,1.274692154e-13,1.488849551e-13,4.724649879e-14,1.806623417e-13,1.900894622e-14,1.596057307e-13,1.317221037e-13,6.665442013e-14,2.848873492e-13,1.553716756e-13,3.123449297e-13,4.848999344e-13,3.558317282e-13,3.937767486e-13,1.818335587e-13,3.066296577e-13,1.326242086e-13,4.175719163e-14,3.14223109e-14,6.681758668e-14,7.386673285e-14,4.582626537e-14,1.010682382e-13,1.129649237e-13,3.187927452e-13,1.779095909e-14,1.704200292e-13,3.787028437e-14
165.6015625,3.066053468e-13,2.605608193e-13,9.233277855e-14,2.037375844e-13,1.26784464e-13,1.490492957e-13,4.709006197e-14,1.820223249e-13,1.920051963e-14,1.624867037e-13,1.31125786e-13,6.682717456e-14,2.87799828e-13,1.549251887e-13,3.126656648e-13,4.904323708e-13,3.599647663e-13,3.914320195e-13,1.814177989e-13,3.108562586e-13,1.33452534e-13,4.162060043e-14,3.176319904e-14,6.791261498e-14,7.390248621e-14,4.574314757e-14,1.01412725e-13,1.128594662e-13,3.132694129e-13,1.7544019e-14,1.703087411e-13,3.840965697e-14
165.609375,3.06081822e-13,2.601913688e-13,9.050351299e-14,2.051201196e-13,1.262711965e-13,1.492669006e-13,4.69383963e-14,1.833465681e-13,1.944753518e-14,1.652862231e-13,1.305021196e-13,6.704009066e-14,2.907050128e-13,1.54626871e-13,3.130182304e-13,4.959014435e-13,3.641395549e-13,3.892629136e-13,1.809283241e-13,3.147479988e-13,1.342988032e-13,4.149904183e-14,3.212599568e-14,6.904879229e-14,7.392699272e-14,4.56001781e-14,1.01730861e-13,1.126468529e-13,3.079086052e-13,1.729893844e-14,1.702653874e-13,3.894772262e-14
165.6171875,3.056562508e-13,2.595873784e-13,8.862271318e-14,2.063668095e-13,1.257892809e-13,1.494724192e-13,4.678265516e-14,1.845804348e-13,1.971025524e-14,1.680821315e-13,1.297356093e-13,6.72395755e-14,2.934614121e-13,1.543290548e-13,3.13217765e-13,5.010812291e-13,3.68090743e-13,3.870147486e-13,1.803690985e-13,3.183504241e-13,1.349393079e-13,4.137456067e-14,3.250141414e-14,7.016868688e-14,7.39126917e-14,4.543272381e-14,1.020460272e-13,1.123889687e-13,3.027652803e-13,1.707775618e-14,1.701748822e-13,3.946242051e-14
165.625,3.051654092e-13,2.589683369e-13,8.667462176e-14,2.07518586e-13,1.252947927e-13,1.495861702e-13,4.665400202e-14,1.857334429e-13,1.996702977e-14,1.709585723e-13,1.288667623e-13,6.744593042e-14,2.961193403e-13,1.539607881e-13,3.133870562e-13,5.061579284e-13,3.718351067e-13,3.845380128e-13,1.797542658e-13,3.218873001e-13,1.354130261e-13,4.124270149e-14,3.288064764e-14,7.12797759e-14,7.388165955e-14,4.525650226e-14,1.02386918e-13,1.120449069e-13,2.978046703e-13,1.685702517e-14,1.701094101e-13,3.995039545e-14
165.6328125,3.0473085e-13,2.584501248e-13,8.48775949e-14,2.08777554e-13,1.249901241e-13,1.497019806e-13,4.656347088e-14,1.868165116e-13,2.022864897e-14,1.738047278e-13,1.280718188e-13,6.772545221e-14,2.988558079e-13,1.537214434e-13,3.136204772e-13,5.112459915e-13,3.755950944e-13,3.821050875e-13,1.791579939e-13,3.253262344e-13,1.359580497e-13,4.113288208e-14,3.326454498e-14,7.238096376e-14,7.385481811e-14,4.506276734e-14,1.027335273e-13,1.117228218e-13,2.929603991e-13,1.661493658e-14,1.702298097e-13,4.043612233e-14
165.640625,3.045251057e-13,2.578103358e-13,8.3269356e-14,2.101603935e-13,1.248925546e-13,1.499611863e-13,4.648524199e-14,1.877640949e-13,2.048908263e-14,1.765568883e-13,1.272888368e-13,6.806484301e-14,3.016649535e-13,1.537034159e-13,3.138282242e-13,5.161315472e-13,3.793891255e-13,3.798476221e-13,1.785993802e-13,3.283995542e-13,1.36516267e-13,4.105657059e-14,3.36539215e-14,7.341590039e-14,7.381244585e-14,4.483666803e-14,1.030968079e-13,1.115347674e-13,2.882696253e-13,1.638029406e-14,1.704526876e-13,4.08993706e-14
165.6484375,3.041844079e-13,2.568916464e-13,8.170824436e-14,2.114232876e-13,1.247182127e-13,1.50191003e-13,4.642070117e-14,1.885650106e-13,2.074872962e-14,1.793288375e-13,1.263565999e-13,6.840399057e-14,3.043232642e-13,1.536417908e-13,3.139510704e-13,5.207330262e-13,3.830000353e-13,3.775311805e-13,1.779525738e-13,3.311327547e-13,1.36882729e-13,4.096362951e-14,3.406014732e-14,7.44029045e-14,7.373725991e-14,4.458598731e-14,1.034951585e-13,1.112680255e-13,2.838035032e-13,1.61688131e-14,1.705818553e-13,4.133498046e-14
165.65625,3.034722702e-13,2.55860853e-13,8.015802956e-14,2.125203008e-13,1.243977395e-13,1.502061824e-13,4.639378721e-14,1.892971994e-13,2.10327316e-14,1.821423541e-13,1.253383948e-13,6.874644011e-14,3.068010391e-13,1.533808235e-13,3.139316774e-13,5.252048593e-13,3.863764437e-13,3.750171137e-13,1.771514412e-13,3.336900017e-13,1.371046164e-13,4.082740629e-14,3.45119538e-14,7.539454749e-14,7.362538504e-14,4.432980111e-14,1.039016947e-13,1.108357007e-13,2.794631079e-13,1.596495304e-14,1.706507343e-13,4.17949136e-14
165.6640625,3.029322254e-13,2.548141294e-13,7.861408264e-14,2.135970488e-13,1.242041677e-13,1.501929755e-13,4.638905676e-14,1.89937479e-13,2.13444633e-14,1.849172251e-13,1.243084381e-13,6.911899038e-14,3.093704685e-13,1.53165956e-13,3.137226227e-13,5.295504145e-13,3.897199318e-13,3.724894286e-13,1.763282387e-13,3.359539867e-13,1.372923245e-13,4.070801796e-14,3.501663233e-14,7.63613828e-14,7.350113372e-14,4.404511813e-14,1.043073811e-13,1.10452686e-13,2.751123625e-13,1.576245791e-14,1.708500572e-13,4.226202235e-14
165.671875,3.027694229e-13,2.535565327e-13,7.707019738e-14,2.145683311e-13,1.242383996e-13,1.502681555e-13,4.63838642e-14,1.903902231e-13,2.168065317e-14,1.876769548e-13,1.231946559e-13,6.952256391e-14,3.120750895e-13,1.531771092e-13,3.134346351e-13,5.336095436e-13,3.930668923e-13,3.701039655e-13,1.755793728e-13,3.37904903e-13,1.374154839e-13,4.064453937e-14,3.555133252e-14,7.728804147e-14,7.341059581e-14,4.371479679e-14,1.04721655e-13,1.100778041e-13,2.708256015e-13,1.555662463e-14,1.712313236e-13,4.268904553e-14
165.6796875,3.024346106e-13,2.520764023e-13,7.56422543e-14,2.154275919e-13,1.243153456e-13,1.503028432e-13,4.640206231e-14,1.906856469e-13,2.204621334e-14,1.904602234e-13,1.219873686e-13,6.998319588e-14,3.146956626e-13,1.532978039e-13,3.132366212e-13,5.374362795e-13,3.962873354e-13,3.67785419e-13,1.74841819e-13,3.397171578e-13,1.374726895e-13,4.05947748e-14,3.610408621e-14,7.819984699e-14,7.335140423e-14,4.33763411e-14,1.051472808e-13,1.095510489e-13,2.667527098e-13,1.534887887e-14,1.717219433e-13,4.312042589e-14
165.6875,3.019013419e-13,2.506147038e-13,7.434332943e-14,2.164389976e-13,1.243683885e-13,1.503206199e-13,4.644613626e-14,1.909066433e-13,2.240613976e-14,1.932025161e-13,1.207227028e-13,7.050379828e-14,3.172842821e-13,1.53447106e-13,3.131280539e-13,5.41195002e-13,3.994017031e-13,3.654618347e-13,1.740621274e-13,3.412315519e-13,1.374820575e-13,4.052039699e-14,3.666236658e-14,7.90581633e-14,7.328085421e-14,4.303379774e-14,1.055945308e-13,1.090230136e-13,2.628386687e-13,1.516131959e-14,1.723037924e-13,4.357288199e-14
165.6953125,3.015754104e-13,2.490084695e-13,7.299263537e-14,2.175109937e-13,1.245258966e-13,1.503711439e-13,4.646291498e-14,1.910887814e-13,2.27474432e-14,1.958593724e-13,1.193773422e-13,7.100418708e-14,3.199866119e-13,1.53660754e-13,3.129446938e-13,5.448034093e-13,4.02467799e-13,3.631587984e-13,1.732233187e-13,3.422981761e-13,1.373974657e-13,4.042041422e-14,3.719962083e-14,7.987100306e-14,7.319706869e-14,4.265299547e-14,1.060073509e-13,1.085462897e-13,2.58856688e-13,1.499581575e-14,1.729592323e-13,4.399629237e-14
165.703125,3.013010761e-13,2.469258383e-13,7.161499781e-14,2.183681835e-13,1.248864573e-13,1.503813102e-13,4.645393839e-14,1.912622672e-13,2.31368086e-14,1.984950984e-13,1.179814759e-13,7.147178038e-14,3.226932578e-13,1.539693791e-13,3.126505159e-13,5.482268094e-13,4.055171348e-13,3.608953593e-13,1.723324229e-13,3.432422543e-13,1.372480209e-13,4.032349491e-14,3.774029477e-14,8.073983095e-14,7.313399169e-14,4.225934173e-14,1.063354355e-13,1.079482635e-13,2.547620982e-13,1.483053851e-14,1.736455963e-13,4.441389995e-14
165.7109375,3.009109238e-13,2.447622588e-13,7.04147901e-14,2.192328501e-13,1.254071174e-13,1.504163595e-13,4.648827762e-14,1.913627667e-13,2.35865178e-14,2.012086085e-13,1.165764243e-13,7.201624237e-14,3.253791407e-13,1.544059214e-13,3.124246958e-13,5.516820354e-13,4.086346946e-13,3.586997218e-13,1.715073097e-13,3.441957696e-13,1.370681878e-13,4.028246215e-14,3.83485784e-14,8.163644883e-14,7.309603138e-14,4.188793006e-14,1.067318469e-13,1.073356431e-13,2.508435507e-13,1.466694688e-14,1.744313601e-13,4.485557575e-14
165.71875,3.006247824e-13,2.430780615e-13,6.932497722e-14,2.202446811e-13,1.25920037e-13,1.50475078e-13,4.657370347e-14,1.912729741e-13,2.402782587e-14,2.040306873e-13,1.151042715e-13,7.265192287e-14,3.281080191e-13,1.549187175e-13,3.122829936e-13,5.551152733e-13,4.117061584e-13,3.56550946e-13,1.707959048e-13,3.448840619e-13,1.367452012e-13,4.028296772e-14,3.901707476e-14,8.245564059e-14,7.303984919e-14,4.151239584e-14,1.073358097e-13,1.069081733e-13,2.472731986e-13,1.451624811e-14,1.753556596e-13,4.526866439e-14
165.7265625,3.003972374e-13,2.41529563e-13,6.816250499e-14,2.210687086e-13,1.263696376e-13,1.503782136e-13,4.665980662e-14,1.910407073e-13,2.446124909e-14,2.068896939e-13,1.135588988e-13,7.32774539e-14,3.307371237e-13,1.554226787e-13,3.120440174e-13,5.581829015e-13,4.144677716e-13,3.543363249e-13,1.700480789e-13,3.452506443e-13,1.362598609e-13,4.024867462e-14,3.968222465e-14,8.323591185e-14,7.293038786e-14,4.111450846e-14,1.07983314e-13,1.065174938e-13,2.438099669e-13,1.437249532e-14,1.762847598e-13,4.564045969e-14
165.734375,3.000869441e-13,2.395202916e-13,6.700279352e-14,2.217312333e-13,1.269395352e-13,1.5022198e-13,4.673408967e-14,1.9075814e-13,2.493102801e-14,2.096711033e-13,1.120199906e-13,7.389735416e-14,3.332347599e-13,1.56006952e-13,3.117409697e-13,5.608222164e-13,4.169210046e-13,3.520576523e-13,1.692233096e-13,3.453339694e-13,1.357777824e-13,4.019167147e-14,4.032839955e-14,8.402573813e-14,7.280038131e-14,4.070100632e-14,1.084794856e-13,1.059857928e-13,2.403153373e-13,1.423288557e-14,1.771977224e-13,4.600924377e-14
165.7421875,2.998379822e-13,2.371636655e-13,6.594732046e-14,2.225370437e-13,1.276856553e-13,1.501850456e-13,4.681023501e-14,1.903998784e-13,2.542668594e-14,2.123159874e-13,1.104540575e-13,7.45785791e-14,3.357528871e-13,1.56743273e-13,3.114703387e-13,5.632073174e-13,4.192619227e-13,3.498233949e-13,1.684360057e-13,3.450620542e-13,1.353094246e-13,4.016914865e-14,4.098136821e-14,8.479377009e-14,7.269527216e-14,4.026286242e-14,1.088682108e-13,1.053904521e-13,2.370297744e-13,1.410077516e-14,1.782212143e-13,4.637707344e-14
165.75,2.996931386e-13,2.348288624e-13,6.489731979e-14,2.233196782e-13,1.284428773e-13,1.501162857e-13,4.690511208e-14,1.89962908e-13,2.593214608e-14,2.148727724e-13,1.087586131e-13,7.528082501e-14,3.382483207e-13,1.575224814e-13,3.11089573e-13,5.654248146e-13,4.216196845e-13,3.476225188e-13,1.676521666e-13,3.446172906e-13,1.34696645e-13,4.014805542e-14,4.166400341e-14,8.554892034e-14,7.259643543e-14,3.981381661e-14,1.092477328e-13,1.048273374e-13,2.340015753e-13,1.397795908e-14,1.793084755e-13,4.67485559e-14
165.7578125,2.995417825e-13,2.325426626e-13,6.379685431e-14,2.239499885e-13,1.292214859e-13,1.499525006e-13,4.704071458e-14,1.894418814e-13,2.644131962e-14,2.174221955e-13,1.069729639e-13,7.596069871e-14,3.406670596e-13,1.583212192e-13,3.105394158e-13,5.67466812e-13,4.239812279e-13,3.454162839e-13,1.667895519e-13,3.4416132e-13,1.339452537e-13,4.009933191e-14,4.239296857e-14,8.62644943e-14,7.247911537e-14,3.93787105e-14,1.096275988e-13,1.042788455e-13,2.309388735e-13,1.386893185e-14,1.803737155e-13,4.713005614e-14
165.765625,2.99284749e-13,2.301207773e-13,6.273763746e-14,2.246730396e-13,1.301179318e-13,1.49817541e-13,4.7195141e-14,1.887630006e-13,2.69398011e-14,2.199443651e-13,1.052137249e-13,7.665654045e-14,3.430856414e-13,1.591796802e-13,3.09925749e-13,5.692350671e-13,4.261386107e-13,3.432562682e-13,1.658977488e-13,3.434649233e-13,1.331954397e-13,4.006197382e-14,4.315532558e-14,8.686999415e-14,7.236135141e-14,3.893390294e-14,1.099825616e-13,1.036741111e-13,2.277870248e-13,1.376564629e-14,1.814720121e-13,4.749448163e-14
165.7734375,2.988619645e-13,2.274606677e-13,6.175822048e-14,2.254283102e-13,1.310712545e-13,1.496208399e-13,4.7329571e-14,1.879517715e-13,2.744586244e-14,2.223893293e-13,1.034801685e-13,7.736787193e-14,3.454242849e-13,1.600488592e-13,3.092159499e-13,5.706466232e-13,4.279674626e-13,3.411617911e-13,1.649966004e-13,3.424088788e-13,1.324630234e-13,4.003972108e-14,4.392170774e-14,8.740190827e-14,7.224645636e-14,3.846029868e-14,1.103080633e-13,1.029752685e-13,2.24780637e-13,1.365528224e-14,1.825540847e-13,4.783704199e-14
165.78125,2.985543458e-13,2.247369643e-13,6.076338434e-14,2.259570343e-13,1.321350864e-13,1.493000153e-13,4.746600655e-14,1.870712461e-13,2.797496687e-14,2.248379222e-13,1.016851769e-13,7.805527607e-14,3.476313083e-13,1.610207286e-13,3.083725435e-13,5.717351093e-13,4.296421885e-13,3.391090953e-13,1.640771776e-13,3.41166345e-13,1.316449865e-13,4.001486989e-14,4.469592947e-14,8.791008123e-14,7.211497887e-14,3.798062672e-14,1.106476236e-13,1.022655556e-13,2.219708757e-13,1.355082994e-14,1.835379794e-13,4.816160816e-14
165.7890625,2.986366669e-13,2.221140229e-13,5.9676566e-14,2.262977783e-13,1.333940583e-13,1.489875641e-13,4.763080429e-14,1.860894507e-13,2.850891386e-14,2.273640941e-13,9.981192657e-14,7.873287794e-14,3.498292963e-13,1.622023958e-13,3.074685206e-13,5.72493705e-13,4.312498576e-13,3.370453236e-13,1.631730529e-13,3.397808079e-13,1.306971094e-13,3.999578192e-14,4.548559985e-14,8.840470616e-14,7.196329008e-14,3.749875099e-14,1.11000935e-13,1.016148461e-13,2.192062454e-13,1.346784864e-14,1.845310356e-13,4.845037711e-14
165.796875,2.98723557e-13,2.193720989e-13,5.857742829e-14,2.265333067e-13,1.346251827e-13,1.486533095e-13,4.779746754e-14,1.850270184e-13,2.904790754e-14,2.298631912e-13,9.79223665e-14,7.942606232e-14,3.519819093e-13,1.633870817e-13,3.065068381e-13,5.729590559e-13,4.326843439e-13,3.348902002e-13,1.62227537e-13,3.381601137e-13,1.296996557e-13,3.996357873e-14,4.627786266e-14,8.894485842e-14,7.17970819e-14,3.700987621e-14,1.112793607e-13,1.009456885e-13,2.164457585e-13,1.339790672e-14,1.855848633e-13,4.873302957e-14
165.8046875,2.984525391e-13,2.164561551e-13,5.756526538e-14,2.26761709e-13,1.35673751e-13,1.482155699e-13,4.794612154e-14,1.838956172e-13,2.956918419e-14,2.32243076e-13,9.604037104e-14,8.011450957e-14,3.540088578e-13,1.64422881e-13,3.055040902e-13,5.732944049e-13,4.339107928e-13,3.326869192e-13,1.611860932e-13,3.362852303e-13,1.287364726e-13,3.990158085e-14,4.708459653e-14,8.947172684e-14,7.162207646e-14,3.653136534e-14,1.114635861e-13,1.002227151e-13,2.137851338e-13,1.333692858e-14,1.866255911e-13,4.904043657e-14
165.8125,2.980454138e-13,2.137008942e-13,5.656056663e-14,2.27128943e-13,1.366867353e-13,1.47722152e-13,4.808861325e-14,1.825798177e-13,3.00213153e-14,2.345711984e-13,9.411753395e-14,8.074703585e-14,3.559609234e-13,1.654458242e-13,3.045044392e-13,5.734061526e-13,4.348287196e-13,3.304741178e-13,1.601141139e-13,3.341809912e-13,1.277754765e-13,3.982850075e-14,4.791677869e-14,8.981153585e-14,7.142781437e-14,3.604622886e-14,1.116059637e-13,9.949923345e-14,2.112443361e-13,1.329182671e-14,1.876509481e-13,4.932073501e-14
165.8203125,2.976028858e-13,2.109521772e-13,5.546881139e-14,2.274153417e-13,1.37728528e-13,1.471275454e-13,4.824689312e-14,1.811097713e-13,3.045005579e-14,2.368987108e-13,9.212613011e-14,8.129271276e-14,3.577517743e-13,1.665032296e-13,3.034125393e-13,5.730478376e-13,4.353571571e-13,3.280879207e-13,1.590061219e-13,3.318682721e-13,1.267661072e-13,3.974508337e-14,4.874515868e-14,9.002108497e-14,7.119246532e-14,3.552520244e-14,1.117045758e-13,9.871851225e-14,2.087382549e-13,1.325932177e-14,1.886283901e-13,4.955457285e-14
165.828125,2.971468198e-13,2.078089011e-13,5.438128905e-14,2.27382734e-13,1.388064492e-13,1.464464191e-13,4.843405757e-14,1.796516372e-13,3.092591913e-14,2.39167101e-13,9.011607561e-14,8.180036573e-14,3.593435069e-13,1.675868522e-13,3.021852348e-13,5.723510522e-13,4.357654124e-13,3.255421748e-13,1.578251577e-13,3.293792073e-13,1.257470998e-13,3.966614429e-14,4.956855525e-14,9.030746945e-14,7.093715818e-14,3.500759994e-14,1.117595304e-13,9.784735123e-14,2.062683249e-13,1.323773579e-14,1.89526452e-13,4.980058694e-14
165.8359375,2.970449183e-13,2.046647816e-13,5.338548004e-14,2.272702385e-13,1.399799378e-13,1.458755125e-13,4.86368351e-14,1.781357432e-13,3.138510925e-14,2.413246735e-13,8.813945683e-14,8.232351325e-14,3.609409949e-13,1.688033609e-13,3.009339499e-13,5.715155218e-13,4.362465962e-13,3.231274162e-13,1.566445486e-13,3.26757279e-13,1.247465663e-13,3.96183904e-14,5.042534805e-14,9.065987367e-14,7.068873674e-14,3.452792417e-14,1.117697061e-13,9.705174361e-14,2.038950792e-13,1.323306549e-14,1.904791847e-13,5.005909412e-14
165.84375,2.972171806e-13,2.019013958e-13,5.243721689e-14,2.271829479e-13,1.411252305e-13,1.453846747e-13,4.886097757e-14,1.764048942e-13,3.177186044e-14,2.434051781e-13,8.619306356e-14,8.281908679e-14,3.625423697e-13,1.701191433e-13,2.997015704e-13,5.704321486e-13,4.365930402e-13,3.207941403e-13,1.554423028e-13,3.240086747e-13,1.237261827e-13,3.955434617e-14,5.131543292e-14,9.092726679e-14,7.041919298e-14,3.404577078e-14,1.116944879e-13,9.639130547e-14,2.01525604e-13,1.32400538e-14,1.915373624e-13,5.029518051e-14
165.8515625,2.970442212e-13,1.989689405e-13,5.152187439e-14,2.269580953e-13,1.421687577e-13,1.447898034e-13,4.913323997e-14,1.745565885e-13,3.216093858e-14,2.454912099e-13,8.426741176e-14,8.327021537e-14,3.640162115e-13,1.714522266e-13,2.985214918e-13,5.691405591e-13,4.367513335e-13,3.182317997e-13,1.541357831e-13,3.21093843e-13,1.226624517e-13,3.944582165e-14,5.221782816e-14,9.109212099e-14,7.013790699e-14,3.35484787e-14,1.116093867e-13,9.567306193e-14,1.990653417e-13,1.325000512e-14,1.925841191e-13,5.054443984e-14
165.859375,2.96555907e-13,1.955319671e-13,5.065598618e-14,2.26753661e-13,1.432958024e-13,1.441555995e-13,4.941028465e-14,1.72737526e-13,3.258310587e-14,2.476012245e-13,8.234627034e-14,8.375573784e-14,3.655124638e-13,1.729050698e-13,2.974538308e-13,5.678223426e-13,4.369257069e-13,3.155486216e-13,1.528262067e-13,3.180159427e-13,1.215485091e-13,3.935745528e-14,5.313267695e-14,9.124776524e-14,6.990003442e-14,3.308382412e-14,1.116276176e-13,9.481412776e-14,1.966241915e-13,1.327129906e-14,1.936043425e-13,5.08318169e-14
165.8671875,2.962672855e-13,1.921058894e-13,4.979202265e-14,2.266365034e-13,1.445110039e-13,1.435344033e-13,4.964132989e-14,1.709038432e-13,3.297185515e-14,2.496572678e-13,8.040011917e-14,8.427681869e-14,3.670664309e-13,1.744691888e-13,2.963794067e-13,5.662866157e-13,4.370492448e-13,3.130145405e-13,1.515743072e-13,3.148064594e-13,1.203918694e-13,3.929089251e-14,5.405059884e-14,9.141396885e-14,6.96696575e-14,3.265382421e-14,1.116490103e-13,9.394398052e-14,1.942552051e-13,1.331275873e-14,1.946275085e-13,5.112189117e-14
165.875,2.961279224e-13,1.890267046e-13,4.892246352e-14,2.263013678e-13,1.45640151e-13,1.427774451e-13,4.987307918e-14,1.689870035e-13,3.331689682e-14,2.516131079e-13,7.850362863e-14,8.474900175e-14,3.684537771e-13,1.759894169e-13,2.951987073e-13,5.643387411e-13,4.368891927e-13,3.105160117e-13,1.502701895e-13,3.114791466e-13,1.192589793e-13,3.918527593e-14,5.496876757e-14,9.152670721e-14,6.93905094e-14,3.221773681e-14,1.115400358e-13,9.313027413e-14,1.918569824e-13,1.336034022e-14,1.956430238e-13,5.141541621e-14
165.8828125,2.958884485e-13,1.860720127e-13,4.811336622e-14,2.25824851e-13,1.46760608e-13,1.419190238e-13,5.013131619e-14,1.670070445e-13,3.365967484e-14,2.534884175e-13,7.677388966e-14,8.518248846e-14,3.69742202e-13,1.775299616e-13,2.940415891e-13,5.621773831e-13,4.364950673e-13,3.079316717e-13,1.489476453e-13,3.080443622e-13,1.181617208e-13,3.906760711e-14,5.590311382e-14,9.158443211e-14,6.91159192e-14,3.177240865e-14,1.113614209e-13,9.235557477e-14,1.894590836e-13,1.339993489e-14,1.967399273e-13,5.172609293e-14
165.890625,2.957188842e-13,1.82998923e-13,4.736681892e-14,2.254843813e-13,1.480325664e-13,1.411413691e-13,5.037370437e-14,1.64968014e-13,3.400181909e-14,2.552886057e-13,7.512295819e-14,8.564170905e-14,3.711349882e-13,1.792465412e-13,2.929372108e-13,5.598376527e-13,4.360546466e-13,3.054313451e-13,1.477428414e-13,3.044380402e-13,1.169880044e-13,3.898218619e-14,5.683420563e-14,9.161170154e-14,6.888170428e-14,3.133712696e-14,1.112126894e-13,9.162180176e-14,1.871360073e-13,1.344451831e-14,1.979495006e-13,5.200454528e-14
165.8984375,2.956366776e-13,1.798028049e-13,4.661683478e-14,2.250423034e-13,1.493689534e-13,1.403724978e-13,5.061973263e-14,1.628579106e-13,3.432266579e-14,2.570530576e-13,7.339237861e-14,8.609607912e-14,3.724688804e-13,1.81049548e-13,2.917431712e-13,5.571081568e-13,4.355486686e-13,3.030288878e-13,1.465897506e-13,3.006488886e-13,1.157152172e-13,3.889576738e-14,5.774924332e-14,9.155568255e-14,6.863380723e-14,3.09236776e-14,1.111263481e-13,9.088152319e-14,1.848270783e-13,1.350767151e-14,1.99103225e-13,5.224018917e-14
165.90625,2.952829561e-13,1.76633304e-13,4.584880112e-14,2.243326236e-13,1.505483997e-13,1.394489923e-13,5.090856027e-14,1.607321385e-13,3.46022643e-14,2.588653902e-13,7.16529e-14,8.647607074e-14,3.735366284e-13,1.827438291e-13,2.904854445e-13,5.541435519e-13,4.348718279e-13,3.00492885e-13,1.453211248e-13,2.968794658e-13,1.144768602e-13,3.876951475e-14,5.868658636e-14,9.143587969e-14,6.83560769e-14,3.054147669e-14,1.110693821e-13,9.007500259e-14,1.825733673e-13,1.358176886e-14,2.001026295e-13,5.250493137e-14
165.9140625,2.946673861e-13,1.734740751e-13,4.512023963e-14,2.236717288e-13,1.515168261e-13,1.384642254e-13,5.120704509e-14,1.586469325e-13,3.485006648e-14,2.607054624e-13,7.001249144e-14,8.679829461e-14,3.744606445e-13,1.843578153e-13,2.893055211e-13,5.51251871e-13,4.341231907e-13,2.978064508e-13,1.439131743e-13,2.932162741e-13,1.133142418e-13,3.860353094e-14,5.962424228e-14,9.135992423e-14,6.807761178e-14,3.01810241e-14,1.109304435e-13,8.923564749e-14,1.804744258e-13,1.366148207e-14,2.01039394e-13,5.28029428e-14
165.921875,2.941390505e-13,1.701581791e-13,4.445174474e-14,2.231031348e-13,1.524570074e-13,1.375359703e-13,5.148835399e-14,1.565745389e-13,3.511877458e-14,2.624668991e-13,6.840363673e-14,8.711462719e-14,3.753782284e-13,1.860611531e-13,2.881634503e-13,5.483332949e-13,4.334173004e-13,2.951216047e-13,1.424823026e-13,2.89566134e-13,1.121415774e-13,3.843116614e-14,6.049542023e-14,9.130410656e-14,6.779128199e-14,2.983261598e-14,1.106931283e-13,8.839557726e-14,1.784091679e-13,1.37484618e-14,2.019586599e-13,5.307696375e-14
165.9296875,2.936269417e-13,1.66859668e-13,4.376198385e-14,2.223098358e-13,1.534151657e-13,1.365196513e-13,5.175335523e-14,1.544731651e-13,3.53931843e-14,2.641387556e-13,6.681640979e-14,8.738889244e-14,3.761649743e-13,1.87776128e-13,2.868785867e-13,5.451366121e-13,4.325825694e-13,2.923874675e-13,1.411063732e-13,2.860214988e-13,1.109455855e-13,3.828158848e-14,6.135513176e-14,9.120268797e-14,6.74802364e-14,2.951692794e-14,1.104885006e-13,8.753880622e-14,1.762969336e-13,1.384186394e-14,2.027328538e-13,5.335901364e-14
165.9375,2.929250295e-13,1.637842616e-13,4.301346429e-14,2.212729933e-13,1.542159821e-13,1.353278437e-13,5.199803926e-14,1.523397913e-13,3.559303388e-14,2.657931504e-13,6.534203102e-14,8.75604824e-14,3.76718169e-13,1.893474149e-13,2.854396462e-13,5.416342061e-13,4.314804342e-13,2.895314632e-13,1.397167118e-13,2.826071184e-13,1.097606119e-13,3.81221478e-14,6.22816341e-14,9.110708607e-14,6.715268112e-14,2.923530466e-14,1.103531836e-13,8.669304334e-14,1.742600816e-13,1.395391699e-14,2.033070691e-13,5.368916729e-14
165.9453125,2.922833059e-13,1.606373146e-13,4.232150244e-14,2.202073054e-13,1.549221296e-13,1.341992801e-13,5.225937578e-14,1.501792612e-13,3.574414773e-14,2.674240765e-13,6.394286706e-14,8.766465942e-14,3.772166939e-13,1.910046287e-13,2.841213903e-13,5.379727491e-13,4.302706277e-13,2.866686072e-13,1.382557815e-13,2.791115448e-13,1.085653414e-13,3.792890201e-14,6.319691516e-14,9.102475083e-14,6.682559147e-14,2.895200437e-14,1.101907781e-13,8.588463208e-14,1.722851659e-13,1.409273481e-14,2.039047004e-13,5.399500129e-14
165.953125,2.917908796e-13,1.57316093e-13,4.174756373e-14,2.1916265e-13,1.556755982e-13,1.332601271e-13,5.256607643e-14,1.480213021e-13,3.591423052e-14,2.689744579e-13,6.255481218e-14,8.773200433e-14,3.777704398e-13,1.928961605e-13,2.830861568e-13,5.343427386e-13,4.289992856e-13,2.837885697e-13,1.367685874e-13,2.755974271e-13,1.073647313e-13,3.773665847e-14,6.402726792e-14,9.089878722e-14,6.650260172e-14,2.866456983e-14,1.099390622e-13,8.508048757e-14,1.703091452e-13,1.423409053e-14,2.046398962e-13,5.424097851e-14
165.9609375,2.910553726e-13,1.541984578e-13,4.118329032e-14,2.180765224e-13,1.563006871e-13,1.322484007e-13,5.287308072e-14,1.459141895e-13,3.605576905e-14,2.704947583e-13,6.123906541e-14,8.77156725e-14,3.781729387e-13,1.946765891e-13,2.821256167e-13,5.308065308e-13,4.275556576e-13,2.80772404e-13,1.352265898e-13,2.722532708e-13,1.062003121e-13,3.753079529e-14,6.484780852e-14,9.075795388e-14,6.617326212e-14,2.841445234e-14,1.096331277e-13,8.426580872e-14,1.684670109e-13,1.436663574e-14,2.052380815e-13,5.45104573e-14
165.96875,2.900596739e-13,1.512151465e-13,4.059902725e-14,2.16945215e-13,1.567460766e-13,1.31055093e-13,5.317004684e-14,1.438519549e-13,3.613071574e-14,2.720408331e-13,6.001451486e-14,8.762849875e-14,3.783958719e-13,1.962906619e-13,2.8116846e-13,5.273257894e-13,4.261254368e-13,2.777751039e-13,1.33578832e-13,2.690079578e-13,1.050540096e-13,3.726720142e-14,6.571104029e-14,9.061397689e-14,6.585837494e-14,2.823230544e-14,1.093812519e-13,8.344111318e-14,1.667432485e-13,1.452119946e-14,2.056038377e-13,5.484178175e-14
165.9765625,2.892097599e-13,1.479960212e-13,4.011917124e-14,2.158495879e-13,1.571858372e-13,1.299775455e-13,5.351455247e-14,1.417819101e-13,3.618242459e-14,2.734931225e-13,5.883295722e-14,8.753191116e-14,3.787146199e-13,1.98120606e-13,2.804608988e-13,5.239319134e-13,4.249110557e-13,2.749628724e-13,1.319233671e-13,2.659270599e-13,1.039030853e-13,3.697923821e-14,6.656710647e-14,9.037786925e-14,6.558975543e-14,2.811317605e-14,1.092069758e-13,8.259893525e-14,1.649076099e-13,1.47117195e-14,2.060404534e-13,5.517870094e-14
165.984375,2.885320896e-13,1.447613831e-13,3.977312723e-14,2.148264172e-13,1.57548929e-13,1.291313318e-13,5.390627408e-14,1.396801319e-13,3.62075355e-14,2.747993459e-13,5.773185006e-14,8.740632759e-14,3.791016808e-13,2.00118614e-13,2.799679119e-13,5.20522181e-13,4.236777008e-13,2.72170945e-13,1.303158848e-13,2.631268597e-13,1.027795021e-13,3.669659144e-14,6.739282067e-14,9.002166138e-14,6.532505968e-14,2.801894054e-14,1.090000966e-13,8.179542964e-14,1.630040715e-13,1.491082344e-14,2.066252479e-13,5.548411814e-14
165.9921875,2.877778295e-13,1.417911941e-13,3.947038384e-14,2.137500327e-13,1.577945978e-13,1.282472823e-13,5.428930161e-14,1.375775548e-13,3.618906999e-14,2.761416029e-13,5.675123604e-14,8.72224206e-14,3.792911032e-13,2.020077976e-13,2.794226669e-13,5.168593154e-13,4.221715404e-13,2.692869198e-13,1.286686797e-13,2.603574465e-13,1.01671884e-13,3.639666038e-14,6.820154325e-14,8.963190281e-14,6.500999094e-14,2.792252989e-14,1.087676667e-13,8.107269397e-14,1.612549725e-13,1.510149667e-14,2.071514089e-13,5.57743861e-14
166,2.868799447e-13,1.388259935e-13,3.91879826e-14,2.125517761e-13,1.58082193e-13,1.272000903e-13,5.46497762e-14,1.355179352e-13,3.616086599e-14,2.775569254e-13,5.584175974e-14,8.700129792e-14,3.793230521e-13,2.038879356e-13,2.78876638e-13,5.13032868e-13,4.204505037e-13,2.664028021e-13,1.269645335e-13,2.575198171e-13,1.005197314e-13,3.608659601e-14,6.897197143e-14,8.926758775e-14,6.467188898e-14,2.784375381e-14,1.085915781e-13,8.03549364e-14,1.596050644e-13,1.529623422e-14,2.075743207e-13,5.60813102e-14
166.0078125,2.859078556e-13,1.357646269e-13,3.895578203e-14,2.113697941e-13,1.58312148e-13,1.261457264e-13,5.500677299e-14,1.334902911e-13,3.611021166e-14,2.788711912e-13,5.498504177e-14,8.67388119e-14,3.793501642e-13,2.058421263e-13,2.784774621e-13,5.092944086e-13,4.186130683e-13,2.635075992e-13,1.252535624e-13,2.548162308e-13,9.934763585e-14,3.577148465e-14,6.968844632e-14,8.88833545e-14,6.434224569e-14,2.779523095e-14,1.083795915e-13,7.960600554e-14,1.578804534e-13,1.55058482e-14,2.079465721e-13,5.641046527e-14
166.015625,2.849739686e-13,1.328830602e-13,3.876760674e-14,2.10230666e-13,1.583352449e-13,1.251483506e-13,5.537052152e-14,1.314487174e-13,3.599271567e-14,2.80105337e-13,5.4220218e-14,8.641222843e-14,3.793290177e-13,2.077402903e-13,2.782057476e-13,5.056194006e-13,4.167278392e-13,2.6057387e-13,1.23519043e-13,2.52196432e-13,9.82586616e-14,3.542022361e-14,7.038503782e-14,8.843492499e-14,6.401589427e-14,2.777147742e-14,1.080984958e-13,7.888739515e-14,1.561258305e-13,1.572888739e-14,2.082710809e-13,5.673503974e-14
166.0234375,2.84069628e-13,1.301805954e-13,3.861653386e-14,2.089622598e-13,1.582679491e-13,1.241377698e-13,5.574587802e-14,1.294057881e-13,3.582730217e-14,2.813976412e-13,5.354888934e-14,8.600301529e-14,3.791783764e-13,2.09550388e-13,2.78113628e-13,5.019812155e-13,4.148678853e-13,2.576516261e-13,1.217365661e-13,2.496467982e-13,9.727966292e-14,3.504487823e-14,7.109847108e-14,8.798296281e-14,6.370294285e-14,2.780379976e-14,1.078922917e-13,7.818602399e-14,1.544855133e-13,1.596657124e-14,2.085215843e-13,5.705660256e-14
166.03125,2.83088902e-13,1.274364009e-13,3.851133474e-14,2.075303711e-13,1.581565748e-13,1.231395573e-13,5.613137586e-14,1.274178453e-13,3.565709444e-14,2.827203215e-13,5.294711288e-14,8.549817171e-14,3.788389181e-13,2.113475755e-13,2.782263459e-13,4.984845642e-13,4.13033748e-13,2.547126165e-13,1.199224799e-13,2.47419866e-13,9.632890284e-14,3.468484476e-14,7.182197371e-14,8.758737235e-14,6.339970863e-14,2.790056978e-14,1.077410468e-13,7.747104244e-14,1.529654558e-13,1.622267251e-14,2.086144826e-13,5.739223313e-14
166.0390625,2.821451558e-13,1.246536245e-13,3.846872942e-14,2.0605225e-13,1.579937228e-13,1.222206434e-13,5.652143353e-14,1.254947927e-13,3.549769889e-14,2.839966248e-13,5.241293175e-14,8.493930418e-14,3.783105787e-13,2.132623678e-13,2.784392355e-13,4.950889898e-13,4.112655157e-13,2.517989192e-13,1.180949276e-13,2.454684735e-13,9.535120221e-14,3.43289696e-14,7.2523526e-14,8.720350858e-14,6.3087901e-14,2.801285221e-14,1.075523032e-13,7.680182232e-14,1.514659939e-13,1.649412784e-14,2.085879373e-13,5.771043509e-14
166.046875,2.81192438e-13,1.218670135e-13,3.8530055e-14,2.046080057e-13,1.577968292e-13,1.213130655e-13,5.692605636e-14,1.235961021e-13,3.532454701e-14,2.851802537e-13,5.195614172e-14,8.435642423e-14,3.77720026e-13,2.152728039e-13,2.788028155e-13,4.917989117e-13,4.095832433e-13,2.489911018e-13,1.162285335e-13,2.436286758e-13,9.437377566e-14,3.394047162e-14,7.319168302e-14,8.679366857e-14,6.278931409e-14,2.815055603e-14,1.074212689e-13,7.614663729e-14,1.499642339e-13,1.677389873e-14,2.085741295e-13,5.800745548e-14
166.0546875,2.798828221e-13,1.190209916e-13,3.870451153e-14,2.032450575e-13,1.573760275e-13,1.203663536e-13,5.737257533e-14,1.216996427e-13,3.508784206e-14,2.862914591e-13,5.158494502e-14,8.370290812e-14,3.771257698e-13,2.171075366e-13,2.794436471e-13,4.888229751e-13,4.078944289e-13,2.461492462e-13,1.142663401e-13,2.420531111e-13,9.340786108e-14,3.351362315e-14,7.384987032e-14,8.639830509e-14,6.252494421e-14,2.836471894e-14,1.073702073e-13,7.54137019e-14,1.485187045e-13,1.705506643e-14,2.084961899e-13,5.834027884e-14
166.0625,2.785592512e-13,1.162606996e-13,3.893405253e-14,2.018924457e-13,1.567346547e-13,1.195317796e-13,5.786327506e-14,1.198431507e-13,3.480137894e-14,2.874633882e-13,5.129629056e-14,8.298057524e-14,3.765034955e-13,2.188511904e-13,2.80315699e-13,4.86209012e-13,4.063225739e-13,2.432749648e-13,1.122652623e-13,2.407415215e-13,9.243837815e-14,3.30839236e-14,7.452091773e-14,8.603857761e-14,6.228316187e-14,2.862416905e-14,1.07288351e-13,7.471716311e-14,1.471360935e-13,1.733960556e-14,2.083054845e-13,5.869276584e-14
166.0703125,2.778907933e-13,1.137681018e-13,3.919557251e-14,2.004154838e-13,1.562392036e-13,1.188949145e-13,5.835074007e-14,1.180698135e-13,3.453209296e-14,2.886483725e-13,5.109221395e-14,8.224479666e-14,3.758945521e-13,2.208889551e-13,2.813393461e-13,4.837779165e-13,4.05063016e-13,2.406372053e-13,1.103591339e-13,2.395176825e-13,9.151418656e-14,3.268330036e-14,7.518416222e-14,8.568031429e-14,6.204923294e-14,2.888172234e-14,1.071851635e-13,7.419837892e-14,1.45782738e-13,1.764557453e-14,2.081538846e-13,5.900062187e-14
166.078125,2.774123091e-13,1.113865917e-13,3.953765269e-14,1.989411701e-13,1.558321017e-13,1.182986919e-13,5.881353821e-14,1.163570244e-13,3.427462235e-14,2.896480312e-13,5.100824829e-14,8.147813434e-14,3.75263161e-13,2.230601153e-13,2.825317286e-13,4.814741872e-13,4.038689259e-13,2.381371314e-13,1.084867175e-13,2.384920288e-13,9.068336802e-14,3.228594231e-14,7.57964694e-14,8.530035183e-14,6.180378597e-14,2.915324207e-14,1.070779511e-13,7.37443451e-14,1.444276368e-13,1.797824276e-14,2.079891094e-13,5.929587742e-14
166.0859375,2.763672531e-13,1.089231397e-13,3.997344733e-14,1.976613305e-13,1.550974464e-13,1.176713884e-13,5.929931689e-14,1.146753477e-13,3.398112024e-14,2.905675295e-13,5.106570489e-14,8.06564054e-14,3.745125203e-13,2.250077423e-13,2.839598816e-13,4.794079439e-13,4.024704703e-13,2.354312013e-13,1.064847966e-13,2.377243093e-13,8.989811133e-14,3.185199375e-14,7.636068825e-14,8.491213593e-14,6.154896098e-14,2.945805535e-14,1.069353831e-13,7.321282497e-14,1.430468859e-13,1.831830494e-14,2.076683109e-13,5.963186958e-14
166.09375,2.750356578e-13,1.064765473e-13,4.045573045e-14,1.964334155e-13,1.541002825e-13,1.170775171e-13,5.982517331e-14,1.130533224e-13,3.366313647e-14,2.915605892e-13,5.122851792e-14,7.979636114e-14,3.736486475e-13,2.268358458e-13,2.856159414e-13,4.775446572e-13,4.009835684e-13,2.325467407e-13,1.043905616e-13,2.3708272e-13,8.911216703e-14,3.139247808e-14,7.691100235e-14,8.453318586e-14,6.130502462e-14,2.980616546e-14,1.068400966e-13,7.26317285e-14,1.417213578e-13,1.866579949e-14,2.072758621e-13,5.99784275e-14
166.1015625,2.737870039e-13,1.041186915e-13,4.096705678e-14,1.951284827e-13,1.531064625e-13,1.164851366e-13,6.036284166e-14,1.115213258e-13,3.334198954e-14,2.924708322e-13,5.147200792e-14,7.886655279e-14,3.726383515e-13,2.286225775e-13,2.873750319e-13,4.757167715e-13,3.994532126e-13,2.29620082e-13,1.023142811e-13,2.366780447e-13,8.832929513e-14,3.093015144e-14,7.743820442e-14,8.416719158e-14,6.104514937e-14,3.019056698e-14,1.068230012e-13,7.206417009e-14,1.405452163e-13,1.903651878e-14,2.067973635e-13,6.030764991e-14
166.109375,2.725662501e-13,1.017831902e-13,4.153459442e-14,1.939022451e-13,1.520458063e-13,1.159565321e-13,6.092388689e-14,1.100812909e-13,3.300385327e-14,2.932571205e-13,5.182107033e-14,7.785737772e-14,3.714812846e-13,2.303133565e-13,2.892547361e-13,4.740367959e-13,3.979033397e-13,2.26685605e-13,1.00251131e-13,2.365947066e-13,8.75254598e-14,3.046811205e-14,7.792213571e-14,8.382516243e-14,6.07587549e-14,3.056748731e-14,1.067954241e-13,7.156704783e-14,1.394264762e-13,1.942178752e-14,2.061349641e-13,6.063245061e-14
166.1171875,2.715131178e-13,9.956908831e-14,4.21686324e-14,1.928001644e-13,1.508931831e-13,1.156137271e-13,6.149044696e-14,1.087165673e-13,3.266203575e-14,2.940382349e-13,5.228405806e-14,7.685154119e-14,3.703529505e-13,2.32066683e-13,2.913940502e-13,4.727639309e-13,3.965832715e-13,2.238952803e-13,9.820538007e-14,2.366690736e-13,8.670987248e-14,3.00164942e-14,7.838458614e-14,8.352162985e-14,6.04946442e-14,3.094997791e-14,1.067981834e-13,7.118449518e-14,1.38287461e-13,1.982078806e-14,2.054410886e-13,6.094175269e-14
166.125,2.705490818e-13,9.76034465e-14,4.287676973e-14,1.917195468e-13,1.497735116e-13,1.152897891e-13,6.200348578e-14,1.073901694e-13,3.235327553e-14,2.947337935e-13,5.283809609e-14,7.588167052e-14,3.692197518e-13,2.338973833e-13,2.937473075e-13,4.717886001e-13,3.954458405e-13,2.212352163e-13,9.621536732e-14,2.369769782e-13,8.597368573e-14,2.957998179e-14,7.883136861e-14,8.324665281e-14,6.024041699e-14,3.140493891e-14,1.068828689e-13,7.087659583e-14,1.372156907e-13,2.025505862e-14,2.04806108e-13,6.122503932e-14
166.1328125,2.693516749e-13,9.575745153e-14,4.371732957e-14,1.906787527e-13,1.486146098e-13,1.149113016e-13,6.253332612e-14,1.061020179e-13,3.206347506e-14,2.953344403e-13,5.348555225e-14,7.489564749e-14,3.678599211e-13,2.356807781e-13,2.96333259e-13,4.709351708e-13,3.942105695e-13,2.185349046e-13,9.425170271e-14,2.376279582e-13,8.53361281e-14,2.914254409e-14,7.924748922e-14,8.297200005e-14,5.996914387e-14,3.192239592e-14,1.069239488e-13,7.060961516e-14,1.362052212e-13,2.07202943e-14,2.041289037e-13,6.151936847e-14
166.140625,2.681561021e-13,9.387847923e-14,4.473821662e-14,1.897169941e-13,1.473565414e-13,1.147510332e-13,6.318243363e-14,1.048792556e-13,3.175231691e-14,2.959673051e-13,5.425506237e-14,7.388813315e-14,3.664200839e-13,2.375713882e-13,2.993098354e-13,4.703204261e-13,3.929639572e-13,2.159412078e-13,9.226217185e-14,2.383288471e-13,8.472557211e-14,2.869020439e-14,7.965439834e-14,8.266814152e-14,5.97482156e-14,3.246681816e-14,1.068915986e-13,7.038778302e-14,1.351590104e-13,2.120316507e-14,2.034599766e-13,6.184353922e-14
166.1484375,2.671878136e-13,9.203152752e-14,4.590350862e-14,1.888777406e-13,1.461144751e-13,1.148117175e-13,6.386928542e-14,1.036871431e-13,3.142540348e-14,2.965271979e-13,5.515357491e-14,7.288250003e-14,3.651542152e-13,2.396703286e-13,3.025406335e-13,4.699401502e-13,3.918484186e-13,2.135339553e-13,9.023285711e-14,2.390175881e-13,8.414817241e-14,2.821824907e-14,8.006316378e-14,8.233307642e-14,5.957846009e-14,3.305905671e-14,1.069441983e-13,7.017897248e-14,1.341018599e-13,2.171030684e-14,2.028367974e-13,6.215365565e-14
166.15625,2.661528436e-13,9.034640189e-14,4.718020254e-14,1.882002253e-13,1.448342821e-13,1.148552565e-13,6.450549521e-14,1.025141165e-13,3.110075056e-14,2.969239009e-13,5.614994873e-14,7.183275284e-14,3.638856657e-13,2.418268656e-13,3.059276322e-13,4.697530531e-13,3.908124771e-13,2.110265593e-13,8.819075828e-14,2.401183502e-13,8.365655094e-14,2.773578567e-14,8.045111416e-14,8.201770739e-14,5.936242394e-14,3.368911567e-14,1.071346002e-13,7.001875246e-14,1.330906442e-13,2.223536106e-14,2.020973927e-13,6.243639963e-14
166.1640625,2.651009704e-13,8.881223457e-14,4.859971857e-14,1.87530021e-13,1.43422707e-13,1.149622434e-13,6.514792533e-14,1.014474731e-13,3.077334424e-14,2.972732061e-13,5.720942425e-14,7.070320561e-14,3.624125638e-13,2.440171664e-13,3.097406405e-13,4.700404552e-13,3.899763304e-13,2.08465184e-13,8.620220054e-14,2.417348897e-13,8.32118802e-14,2.726924132e-14,8.081163475e-14,8.175896296e-14,5.912185449e-14,3.43245682e-14,1.07377765e-13,6.998725462e-14,1.321548281e-13,2.277299107e-14,2.012224323e-13,6.274242109e-14
166.171875,2.643606126e-13,8.731080714e-14,5.015003763e-14,1.868671949e-13,1.420679271e-13,1.152784561e-13,6.580908796e-14,1.005007917e-13,3.046168071e-14,2.975290326e-13,5.833555653e-14,6.957071361e-14,3.609215637e-13,2.462993731e-13,3.139702474e-13,4.708835176e-13,3.894172084e-13,2.06179627e-13,8.430457336e-14,2.435632464e-13,8.276046014e-14,2.683135385e-14,8.111588e-14,8.153304035e-14,5.893355493e-14,3.499072611e-14,1.076495624e-13,7.003786134e-14,1.313236369e-13,2.333870235e-14,2.003883725e-13,6.306009801e-14
166.1796875,2.637269741e-13,8.58563451e-14,5.175997666e-14,1.864680558e-13,1.40787423e-13,1.157138517e-13,6.644174142e-14,9.956909904e-14,3.017339173e-14,2.976177336e-13,5.95579893e-14,6.849038866e-14,3.595454449e-13,2.485757684e-13,3.182940035e-13,4.719631186e-13,3.888941786e-13,2.040079151e-13,8.244395555e-14,2.455322074e-13,8.233797579e-14,2.640225448e-14,8.132699979e-14,8.133124329e-14,5.874887381e-14,3.570692926e-14,1.079732582e-13,7.012922344e-14,1.305348627e-13,2.392399647e-14,1.996348924e-13,6.332099658e-14
166.1875,2.628260838e-13,8.454767491e-14,5.344438302e-14,1.8609948e-13,1.392394501e-13,1.161461011e-13,6.708542311e-14,9.862498486e-14,2.985070129e-14,2.977078014e-13,6.088921125e-14,6.737065633e-14,3.580039739e-13,2.506898705e-13,3.226957236e-13,4.731444651e-13,3.882801553e-13,2.016193809e-13,8.053166433e-14,2.477462248e-13,8.197719873e-14,2.594845211e-14,8.150733369e-14,8.117230461e-14,5.85210128e-14,3.645713307e-14,1.083165279e-13,7.02722422e-14,1.297402414e-13,2.451280178e-14,1.988068067e-13,6.355576209e-14
166.1953125,2.61697489e-13,8.327377969e-14,5.531488503e-14,1.853885716e-13,1.374243103e-13,1.165565104e-13,6.778778665e-14,9.772703293e-14,2.947869349e-14,2.978376029e-13,6.231564495e-14,6.616022219e-14,3.560819516e-13,2.526458815e-13,3.273375693e-13,4.74531307e-13,3.877576785e-13,1.991736071e-13,7.854988616e-14,2.501657802e-13,8.16383475e-14,2.545608056e-14,8.173224061e-14,8.10379525e-14,5.830402732e-14,3.724666183e-14,1.086610198e-13,7.037126422e-14,1.290064348e-13,2.512172947e-14,1.978250993e-13,6.383006509e-14
166.203125,2.606198279e-13,8.19643592e-14,5.74168153e-14,1.84804312e-13,1.357353254e-13,1.171243168e-13,6.852201724e-14,9.688285467e-14,2.913779369e-14,2.978240496e-13,6.382151747e-14,6.497757427e-14,3.540983398e-13,2.54709677e-13,3.32291843e-13,4.762367794e-13,3.875272953e-13,1.969822295e-13,7.657840567e-14,2.527905735e-13,8.130991992e-14,2.496295365e-14,8.196094165e-14,8.091395446e-14,5.813071057e-14,3.807325134e-14,1.090837248e-13,7.044277952e-14,1.283298769e-13,2.575189944e-14,1.968551263e-13,6.409838577e-14
166.2109375,2.597128252e-13,8.084251139e-14,5.966773209e-14,1.847394039e-13,1.342127424e-13,1.179654357e-13,6.925475638e-14,9.608696024e-14,2.886287586e-14,2.976198709e-13,6.542068536e-14,6.388569332e-14,3.523724102e-13,2.570365909e-13,3.375430764e-13,4.783603061e-13,3.87561687e-13,1.950304029e-13,7.468271904e-14,2.557137758e-13,8.104048204e-14,2.451601452e-14,8.214329353e-14,8.081780944e-14,5.797760027e-14,3.890276552e-14,1.096423827e-13,7.066463053e-14,1.276372272e-13,2.638336569e-14,1.96027756e-13,6.431969646e-14
166.21875,2.587565493e-13,7.994018009e-14,6.200405252e-14,1.846548068e-13,1.325826398e-13,1.188026695e-13,6.998287482e-14,9.536069416e-14,2.859928318e-14,2.972841735e-13,6.713774063e-14,6.279268243e-14,3.506648247e-13,2.593850985e-13,3.429414039e-13,4.807983092e-13,3.875847515e-13,1.931171267e-13,7.282787893e-14,2.588585539e-13,8.082469611e-14,2.409301212e-14,8.230175292e-14,8.071364281e-14,5.783149283e-14,3.972885687e-14,1.10291976e-13,7.097117873e-14,1.269386656e-13,2.703075246e-14,1.952162143e-13,6.455072818e-14
166.2265625,2.576061433e-13,7.9063625e-14,6.448954709e-14,1.843309056e-13,1.30839064e-13,1.195444743e-13,7.073008966e-14,9.46641602e-14,2.831520519e-14,2.968476145e-13,6.894351742e-14,6.166873279e-14,3.487526909e-13,2.616415332e-13,3.484894883e-13,4.833597504e-13,3.874518698e-13,1.911823715e-13,7.098503265e-14,2.62095403e-13,8.06236459e-14,2.365655248e-14,8.245294691e-14,8.053716584e-14,5.769623593e-14,4.058936645e-14,1.109974299e-13,7.123859553e-14,1.26282241e-13,2.771758962e-14,1.943718894e-13,6.481509961e-14
166.234375,2.565110147e-13,7.82712922e-14,6.71858034e-14,1.842436873e-13,1.291706515e-13,1.205054063e-13,7.151108439e-14,9.395515189e-14,2.804156078e-14,2.963574388e-13,7.081739164e-14,6.058987095e-14,3.468172768e-13,2.640172284e-13,3.543965081e-13,4.86127249e-13,3.873973038e-13,1.893372163e-13,6.920599945e-14,2.655757339e-13,8.048163876e-14,2.32368381e-14,8.25876704e-14,8.034266921e-14,5.757012782e-14,4.151486361e-14,1.117486353e-13,7.161871325e-14,1.257030591e-13,2.843568576e-14,1.936315008e-13,6.507188816e-14
166.2421875,2.555897712e-13,7.758378527e-14,7.004187576e-14,1.84383556e-13,1.276085182e-13,1.216391672e-13,7.230045471e-14,9.331506929e-14,2.781407951e-14,2.957873085e-13,7.283866237e-14,5.957188804e-14,3.448802857e-13,2.665242362e-13,3.606302039e-13,4.892677707e-13,3.876043945e-13,1.876106458e-13,6.7514875e-14,2.69505421e-13,8.043226825e-14,2.285524463e-14,8.269891152e-14,8.025032338e-14,5.7445161e-14,4.249590657e-14,1.124857482e-13,7.210527529e-14,1.251734287e-13,2.916815127e-14,1.929697879e-13,6.531356224e-14
166.25,2.546563077e-13,7.686942082e-14,7.301897988e-14,1.844067821e-13,1.260790153e-13,1.227207913e-13,7.308965675e-14,9.279728123e-14,2.762533658e-14,2.950954354e-13,7.503625409e-14,5.85718282e-14,3.428103251e-13,2.690321067e-13,3.670177171e-13,4.92716352e-13,3.879327326e-13,1.859061074e-13,6.587049361e-14,2.736794543e-13,8.040486551e-14,2.247729055e-14,8.279083684e-14,8.0240373e-14,5.733308994e-14,4.350359969e-14,1.131990719e-13,7.25068064e-14,1.246222944e-13,2.990927497e-14,1.922886905e-13,6.555909087e-14
166.2578125,2.536764189e-13,7.63491402e-14,7.616039401e-14,1.84456735e-13,1.245581878e-13,1.239522032e-13,7.389367018e-14,9.229516272e-14,2.744329417e-14,2.943937428e-13,7.73071894e-14,5.758606736e-14,3.407517106e-13,2.715765599e-13,3.73539518e-13,4.962779424e-13,3.882691787e-13,1.842211392e-13,6.425173132e-14,2.777048469e-13,8.03817152e-14,2.210430893e-14,8.28996993e-14,8.021652079e-14,5.726022703e-14,4.451597381e-14,1.139572618e-13,7.296830135e-14,1.241456572e-13,3.066844123e-14,1.916385472e-13,6.580482294e-14
166.265625,2.527112526e-13,7.616243548e-14,7.947404044e-14,1.847604238e-13,1.23020339e-13,1.254213315e-13,7.470365584e-14,9.175271082e-14,2.72615878e-14,2.937075883e-13,7.962995969e-14,5.662275828e-14,3.387653384e-13,2.741483271e-13,3.8021632e-13,4.998922813e-13,3.887106684e-13,1.826251423e-13,6.266435858e-14,2.815988396e-13,8.043597679e-14,2.176346582e-14,8.304316738e-14,8.020302309e-14,5.721349336e-14,4.55164876e-14,1.147699831e-13,7.363614736e-14,1.238637218e-13,3.145257004e-14,1.91011699e-13,6.603428746e-14
166.2734375,2.517644658e-13,7.596875782e-14,8.291322553e-14,1.852037566e-13,1.214289157e-13,1.268982411e-13,7.552206034e-14,9.124370526e-14,2.709295565e-14,2.928677207e-13,8.207169471e-14,5.566109406e-14,3.366701966e-13,2.766991771e-13,3.871471776e-13,5.037428652e-13,3.893231161e-13,1.811240633e-13,6.111188669e-14,2.856987586e-13,8.056890124e-14,2.142987543e-14,8.317391405e-14,8.023252858e-14,5.716651966e-14,4.650967203e-14,1.156245332e-13,7.429342881e-14,1.236240139e-13,3.223960384e-14,1.903573964e-13,6.624415358e-14
166.28125,2.509220517e-13,7.573273436e-14,8.650126182e-14,1.856619592e-13,1.198786505e-13,1.284135214e-13,7.635430533e-14,9.077127066e-14,2.695068972e-14,2.918707644e-13,8.461022204e-14,5.472123253e-14,3.345012091e-13,2.793360645e-13,3.944190897e-13,5.079836246e-13,3.900498455e-13,1.79723055e-13,5.962688839e-14,2.900690102e-13,8.07518396e-14,2.109526198e-14,8.327107037e-14,8.024228431e-14,5.714377007e-14,4.752458698e-14,1.165502565e-13,7.490445654e-14,1.2328869e-13,3.301992318e-14,1.897759041e-13,6.64551352e-14
166.2890625,2.501901762e-13,7.573086613e-14,9.032741727e-14,1.862294886e-13,1.18510109e-13,1.301384172e-13,7.716259435e-14,9.029604886e-14,2.686535462e-14,2.90813859e-13,8.72396903e-14,5.388966119e-14,3.32409679e-13,2.82152036e-13,4.018734008e-13,5.1250663e-13,3.908933385e-13,1.784458424e-13,5.826378091e-14,2.944966275e-13,8.103153454e-14,2.080940876e-14,8.337111094e-14,8.025432852e-14,5.716039169e-14,4.856838802e-14,1.175308411e-13,7.567918216e-14,1.229484873e-13,3.382711674e-14,1.893282294e-13,6.667796465e-14
166.296875,2.494513401e-13,7.585240836e-14,9.436187913e-14,1.87021523e-13,1.17240466e-13,1.320099685e-13,7.792129731e-14,8.985201391e-14,2.684414826e-14,2.895597333e-13,9.000671427e-14,5.318183618e-14,3.303544953e-13,2.850827804e-13,4.093355315e-13,5.171244741e-13,3.918778232e-13,1.772703729e-13,5.702075879e-14,2.989322628e-13,8.141028909e-14,2.057297597e-14,8.34702447e-14,8.033356823e-14,5.717446213e-14,4.962562337e-14,1.18549839e-13,7.655479849e-14,1.226555583e-13,3.467235438e-14,1.889302123e-13,6.688406935e-14
166.3046875,2.486949844e-13,7.597307122e-14,9.847236696e-14,1.879086032e-13,1.158893154e-13,1.338927697e-13,7.864937607e-14,8.943203442e-14,2.684084221e-14,2.880437313e-13,9.283833041e-14,5.250066522e-14,3.282527465e-13,2.879746098e-13,4.16781286e-13,5.217264155e-13,3.928970097e-13,1.761348747e-13,5.582522776e-14,3.034390116e-13,8.180504342e-14,2.033324631e-14,8.353900433e-14,8.041286356e-14,5.717114011e-14,5.069761475e-14,1.196475969e-13,7.738006676e-14,1.224270139e-13,3.552914681e-14,1.885402801e-13,6.705751278e-14
166.3125,2.47909736e-13,7.618588573e-14,1.027017927e-13,1.887609792e-13,1.14457435e-13,1.358061808e-13,7.93893259e-14,8.900270499e-14,2.683234416e-14,2.864939786e-13,9.568230409e-14,5.180656152e-14,3.26047955e-13,2.907418552e-13,4.242866809e-13,5.263797733e-13,3.939584046e-13,1.7497641e-13,5.461831695e-14,3.079700296e-13,8.219275355e-14,2.009107736e-14,8.360218661e-14,8.047543822e-14,5.718522977e-14,5.179133241e-14,1.207897677e-13,7.822773301e-14,1.223383231e-13,3.639453022e-14,1.88147177e-13,6.723155405e-14
166.3203125,2.470137112e-13,7.638149958e-14,1.071622509e-13,1.897632738e-13,1.1300913e-13,1.378754538e-13,8.017518813e-14,8.862224574e-14,2.684051816e-14,2.84958895e-13,9.865082908e-14,5.113755023e-14,3.237149728e-13,2.93450556e-13,4.319667387e-13,5.312390832e-13,3.952068038e-13,1.738004796e-13,5.339822883e-14,3.125299905e-13,8.26293015e-14,1.987558846e-14,8.369453204e-14,8.062170368e-14,5.72259985e-14,5.29028206e-14,1.218993938e-13,7.912839813e-14,1.223571082e-13,3.727428304e-14,1.876736628e-13,6.743439641e-14
166.328125,2.460208954e-13,7.654193143e-14,1.117216923e-13,1.90949383e-13,1.115662265e-13,1.40032387e-13,8.095589948e-14,8.83215463e-14,2.687146753e-14,2.832306376e-13,1.01782485e-13,5.047817534e-14,3.213402043e-13,2.961262703e-13,4.39684963e-13,5.36119939e-13,3.964897447e-13,1.726632418e-13,5.219468343e-14,3.171419465e-13,8.315508249e-14,1.966859804e-14,8.380656126e-14,8.082306226e-14,5.728240102e-14,5.402086753e-14,1.230199052e-13,8.000661651e-14,1.223819975e-13,3.815318304e-14,1.871263128e-13,6.76531601e-14
166.3359375,2.44985972e-13,7.690159033e-14,1.163315275e-13,1.920634496e-13,1.101984271e-13,1.420783216e-13,8.166840757e-14,8.80537878e-14,2.693229875e-14,2.813239763e-13,1.049820601e-13,4.984297335e-14,3.189707735e-13,2.987798214e-13,4.473302799e-13,5.408610311e-13,3.976336251e-13,1.715728547e-13,5.106912338e-14,3.216835473e-13,8.377085354e-14,1.945758023e-14,8.392037671e-14,8.098344435e-14,5.73699752e-14,5.514787115e-14,1.242239245e-13,8.093474028e-14,1.223675009e-13,3.903963741e-14,1.86707656e-13,6.787346408e-14
166.34375,2.439342623e-13,7.744071388e-14,1.212348566e-13,1.932060447e-13,1.089212701e-13,1.441381761e-13,8.237403627e-14,8.781094048e-14,2.705358134e-14,2.794381297e-13,1.082113149e-13,4.933175459e-14,3.165900844e-13,3.015843908e-13,4.55229699e-13,5.458742249e-13,3.988902953e-13,1.705465133e-13,5.007529391e-14,3.261697786e-13,8.44513831e-14,1.92807242e-14,8.403585349e-14,8.112712832e-14,5.74987622e-14,5.632773808e-14,1.254713196e-13,8.205077634e-14,1.22330444e-13,3.996273443e-14,1.86550725e-13,6.810453551e-14
166.3515625,2.429034576e-13,7.796768776e-14,1.264246564e-13,1.946012299e-13,1.076799098e-13,1.464156049e-13,8.312131318e-14,8.758925506e-14,2.723318154e-14,2.775801673e-13,1.115026021e-13,4.893919159e-14,3.142514346e-13,3.045649542e-13,4.634014571e-13,5.512666119e-13,4.003886441e-13,1.696305288e-13,4.918320214e-14,3.307637461e-13,8.517064593e-14,1.915735872e-14,8.416553364e-14,8.128562788e-14,5.764940211e-14,5.757414553e-14,1.267010371e-13,8.328737289e-14,1.223855015e-13,4.09189999e-14,1.864846194e-13,6.834573454e-14
166.359375,2.418873809e-13,7.846497697e-14,1.31691824e-13,1.960346657e-13,1.065310598e-13,1.487848552e-13,8.386137839e-14,8.73724167e-14,2.743836585e-14,2.756191206e-13,1.149153874e-13,4.857844758e-14,3.119390826e-13,3.075780152e-13,4.714643508e-13,5.565341602e-13,4.019583065e-13,1.687937779e-13,4.834908386e-14,3.353819814e-13,8.594206142e-14,1.905645601e-14,8.433453374e-14,8.144554331e-14,5.782629851e-14,5.881778223e-14,1.279485756e-13,8.445236912e-14,1.225527873e-13,4.188779932e-14,1.863849522e-13,6.857769225e-14
166.3671875,2.408638601e-13,7.903155104e-14,1.371464102e-13,1.97436008e-13,1.055567464e-13,1.511744241e-13,8.460622169e-14,8.719566383e-14,2.767455017e-14,2.735172646e-13,1.184960059e-13,4.829158746e-14,3.096084796e-13,3.107393065e-13,4.796023553e-13,5.617099836e-13,4.03677655e-13,1.680380566e-13,4.761401933e-14,3.398703887e-13,8.680214144e-14,1.896126173e-14,8.455397858e-14,8.161804596e-14,5.807076987e-14,6.003426155e-14,1.292766002e-13,8.555340735e-14,1.226517264e-13,4.286181097e-14,1.864717028e-13,6.879812942e-14
166.375,2.398806924e-13,7.978931989e-14,1.428969056e-13,1.991319881e-13,1.047384886e-13,1.537046358e-13,8.538470816e-14,8.705308461e-14,2.797412575e-14,2.713032559e-13,1.222303749e-13,4.815644667e-14,3.073975241e-13,3.141604537e-13,4.880674179e-13,5.671346133e-13,4.056398747e-13,1.674633526e-13,4.702077581e-14,3.442727864e-13,8.775415519e-14,1.889378619e-14,8.479554217e-14,8.179905648e-14,5.838969154e-14,6.1283595e-14,1.306423442e-13,8.677332663e-14,1.226636854e-13,4.384128652e-14,1.868868482e-13,6.901283879e-14
166.3828125,2.389911232e-13,8.067274403e-14,1.488383976e-13,2.011388837e-13,1.040546941e-13,1.563911004e-13,8.613897054e-14,8.689430844e-14,2.83289752e-14,2.689634035e-13,1.261447586e-13,4.812543589e-14,3.053436555e-13,3.176843889e-13,4.965621005e-13,5.725806569e-13,4.076585607e-13,1.670402187e-13,4.653577247e-14,3.486285137e-13,8.878444271e-14,1.886628957e-14,8.503484259e-14,8.198094679e-14,5.873510782e-14,6.258832009e-14,1.319682001e-13,8.81333675e-14,1.22768807e-13,4.484531818e-14,1.87432502e-13,6.922409175e-14
166.390625,2.381350694e-13,8.147370706e-14,1.550424723e-13,2.031530237e-13,1.034723725e-13,1.591870836e-13,8.68646221e-14,8.677674575e-14,2.870754841e-14,2.665163502e-13,1.302638309e-13,4.813458208e-14,3.032325079e-13,3.212609152e-13,5.050527332e-13,5.77922947e-13,4.096853436e-13,1.666371004e-13,4.612307087e-14,3.529653507e-13,8.990835442e-14,1.886326178e-14,8.529518025e-14,8.217805106e-14,5.908561419e-14,6.393144085e-14,1.33303199e-13,8.95103997e-14,1.229789237e-13,4.589000934e-14,1.879540038e-13,6.946773515e-14
166.3984375,2.371608136e-13,8.225209962e-14,1.615601761e-13,2.050598648e-13,1.029506187e-13,1.619770506e-13,8.761446583e-14,8.677400171e-14,2.911914867e-14,2.640625073e-13,1.34466143e-13,4.820504194e-14,3.010429125e-13,3.249034007e-13,5.136800523e-13,5.833760792e-13,4.118029575e-13,1.662728846e-13,4.581142674e-14,3.572774231e-13,9.112152033e-14,1.887507726e-14,8.56009188e-14,8.237247398e-14,5.948438983e-14,6.53016424e-14,1.347252296e-13,9.088498718e-14,1.23186978e-13,4.69499526e-14,1.885345941e-13,6.977286753e-14
166.40625,2.360518615e-13,8.311367441e-14,1.682561021e-13,2.069063452e-13,1.025315804e-13,1.646608597e-13,8.834739111e-14,8.680966009e-14,2.957700937e-14,2.615563821e-13,1.387012419e-13,4.838222936e-14,2.989641318e-13,3.285346814e-13,5.222028873e-13,5.887927194e-13,4.13982138e-13,1.660220483e-13,4.564440767e-14,3.614017852e-13,9.237508906e-14,1.891012317e-14,8.593006186e-14,8.25454811e-14,5.995121607e-14,6.669088739e-14,1.361991509e-13,9.228015614e-14,1.23371263e-13,4.802250515e-14,1.893063566e-13,7.009627348e-14
166.4140625,2.349466426e-13,8.393558158e-14,1.751674196e-13,2.087755539e-13,1.022166736e-13,1.674016189e-13,8.899703736e-14,8.678200768e-14,3.004569039e-14,2.587842667e-13,1.430806501e-13,4.867103009e-14,2.96937661e-13,3.322260393e-13,5.305889973e-13,5.93939036e-13,4.162178863e-13,1.658335817e-13,4.558850192e-14,3.653763828e-13,9.366890911e-14,1.896803671e-14,8.625482456e-14,8.27001003e-14,6.043309438e-14,6.813108876e-14,1.376884029e-13,9.367243416e-14,1.235621152e-13,4.915037898e-14,1.902707656e-13,7.039368374e-14
166.421875,2.338682354e-13,8.478228207e-14,1.823160449e-13,2.107901171e-13,1.019579005e-13,1.702992144e-13,8.960615593e-14,8.672875564e-14,3.052645395e-14,2.557706755e-13,1.475889081e-13,4.905225672e-14,2.947969416e-13,3.360721456e-13,5.390278915e-13,5.989312141e-13,4.185659133e-13,1.656816233e-13,4.559184849e-14,3.693666154e-13,9.503812188e-14,1.903963574e-14,8.658676308e-14,8.284640749e-14,6.091497556e-14,6.962748465e-14,1.392141587e-13,9.509565974e-14,1.238148842e-13,5.030694008e-14,1.913028501e-13,7.06724831e-14
166.4296875,2.328191137e-13,8.581763062e-14,1.895811525e-13,2.129491972e-13,1.018378377e-13,1.732260647e-13,9.025991443e-14,8.675036828e-14,3.108590804e-14,2.527838117e-13,1.521653275e-13,4.953742243e-14,2.926609938e-13,3.400484845e-13,5.473995028e-13,6.039170181e-13,4.211511026e-13,1.656855166e-13,4.571252486e-14,3.731591237e-13,9.645542362e-14,1.913568483e-14,8.696483725e-14,8.305726275e-14,6.146813334e-14,7.109863898e-14,1.407815646e-13,9.660454988e-14,1.241526911e-13,5.142059613e-14,1.92418151e-13,7.093832413e-14
166.4375,2.318844644e-13,8.688412356e-14,1.970767356e-13,2.150709422e-13,1.018972384e-13,1.761786492e-13,9.092780246e-14,8.683638118e-14,3.170904392e-14,2.498822997e-13,1.569037979e-13,5.011692094e-14,2.906638046e-13,3.440953017e-13,5.555570792e-13,6.088405674e-13,4.240189462e-13,1.658867121e-13,4.598607217e-14,3.766667443e-13,9.790449848e-14,1.92612482e-14,8.741937362e-14,8.336079766e-14,6.2111209e-14,7.253045607e-14,1.423891069e-13,9.817170474e-14,1.245141407e-13,5.251726551e-14,1.937607997e-13,7.120965869e-14
166.4453125,2.309430704e-13,8.780650778e-14,2.049249371e-13,2.170319922e-13,1.020371687e-13,1.791598195e-13,9.150400834e-14,8.68803486e-14,3.230848466e-14,2.469245736e-13,1.618178149e-13,5.072225751e-14,2.88670881e-13,3.480638563e-13,5.635500021e-13,6.135354896e-13,4.268952518e-13,1.661563619e-13,4.632006269e-14,3.802048276e-13,9.943688216e-14,1.939172833e-14,8.793460875e-14,8.361201995e-14,6.279028046e-14,7.399957504e-14,1.440130564e-13,9.974997055e-14,1.248279586e-13,5.366176467e-14,1.952658822e-13,7.153617937e-14
166.453125,2.298912647e-13,8.868362873e-14,2.130533624e-13,2.189385701e-13,1.023100316e-13,1.82123542e-13,9.202243133e-14,8.688122025e-14,3.291629236e-14,2.438765335e-13,1.668220821e-13,5.13980066e-14,2.866596231e-13,3.520810881e-13,5.716208157e-13,6.181418203e-13,4.297427473e-13,1.665112075e-13,4.672972945e-14,3.836756005e-13,1.010727853e-13,1.953814786e-14,8.847033233e-14,8.374281435e-14,6.352221774e-14,7.552726196e-14,1.456391046e-13,1.013596318e-13,1.250855487e-13,5.484939726e-14,1.968974574e-13,7.192574464e-14
166.4609375,2.289393637e-13,8.975648456e-14,2.215086811e-13,2.209348534e-13,1.028188474e-13,1.851674385e-13,9.258043572e-14,8.694680299e-14,3.362844629e-14,2.407743541e-13,1.719641815e-13,5.228029681e-14,2.84844118e-13,3.565357262e-13,5.800437914e-13,6.231286355e-13,4.329931262e-13,1.671300573e-13,4.732647517e-14,3.868728562e-13,1.027921869e-13,1.974436916e-14,8.904153379e-14,8.390321083e-14,6.435687345e-14,7.712257212e-14,1.473771703e-13,1.030561579e-13,1.253933889e-13,5.606249013e-14,1.988719869e-13,7.234925328e-14
166.46875,2.280725318e-13,9.110451305e-14,2.3024803e-13,2.229936612e-13,1.034516523e-13,1.882213259e-13,9.311728331e-14,8.707996142e-14,3.44109371e-14,2.376026192e-13,1.773025415e-13,5.330413939e-14,2.831982071e-13,3.611676238e-13,5.884961881e-13,6.283699924e-13,4.365858892e-13,1.679281126e-13,4.803097581e-14,3.901881219e-13,1.045687962e-13,1.998640925e-14,8.969730996e-14,8.415360172e-14,6.526028587e-14,7.880320812e-14,1.492544836e-13,1.047992839e-13,1.258354463e-13,5.72982279e-14,2.01139217e-13,7.28049567e-14
166.4765625,2.27019004e-13,9.233978249e-14,2.39085737e-13,2.250582412e-13,1.041431658e-13,1.911568519e-13,9.358723413e-14,8.720541715e-14,3.518914042e-14,2.34343881e-13,1.828274655e-13,5.431094655e-14,2.81484588e-13,3.654378269e-13,5.96403687e-13,6.33136284e-13,4.400075671e-13,1.686621137e-13,4.874063675e-14,3.936399874e-13,1.063674625e-13,2.021827837e-14,9.042197895e-14,8.438634553e-14,6.619305016e-14,8.049957534e-14,1.51017242e-13,1.064805459e-13,1.262570802e-13,5.854335885e-14,2.034088595e-13,7.329390549e-14
166.484375,2.258535708e-13,9.316035318e-14,2.481442187e-13,2.271573403e-13,1.049813938e-13,1.941757239e-13,9.406566989e-14,8.733448244e-14,3.599043621e-14,2.310324714e-13,1.885840562e-13,5.535966831e-14,2.797480235e-13,3.695689145e-13,6.03859417e-13,6.372772403e-13,4.432799513e-13,1.693928323e-13,4.955647675e-14,3.96600569e-13,1.082230187e-13,2.047020218e-14,9.117458266e-14,8.458734272e-14,6.717696187e-14,8.216138366e-14,1.525378185e-13,1.081472418e-13,1.265548159e-13,5.980526205e-14,2.057295798e-13,7.379660226e-14
166.4921875,2.247264621e-13,9.396229039e-14,2.575602031e-13,2.292824466e-13,1.059584768e-13,1.97295359e-13,9.451400695e-14,8.748420833e-14,3.684388486e-14,2.277157476e-13,1.945468355e-13,5.656133554e-14,2.782003605e-13,3.738854147e-13,6.111883911e-13,6.411921135e-13,4.466306251e-13,1.70307007e-13,5.053452518e-14,3.990627858e-13,1.101960608e-13,2.076208399e-14,9.197608335e-14,8.480809858e-14,6.823249637e-14,8.384354153e-14,1.540738485e-13,1.099098879e-13,1.269409076e-13,6.109125089e-14,2.082892262e-13,7.429866129e-14
166.5,2.23568402e-13,9.502696074e-14,2.672157117e-13,2.313551528e-13,1.070576641e-13,2.002545066e-13,9.486424237e-14,8.761407705e-14,3.772326464e-14,2.2436292e-13,2.005825812e-13,5.788630782e-14,2.7683194e-13,3.782738197e-13,6.184196281e-13,6.449856509e-13,4.499535872e-13,1.713933506e-13,5.161497413e-14,4.014095399e-13,1.122431005e-13,2.105859394e-14,9.283947514e-14,8.498731861e-14,6.935795887e-14,8.556367839e-14,1.558170846e-13,1.116923113e-13,1.275208896e-13,6.237911533e-14,2.11112905e-13,7.479480201e-14
166.5078125,2.224530375e-13,9.607305132e-14,2.771537543e-13,2.332974488e-13,1.083354961e-13,2.031042344e-13,9.518845886e-14,8.775519725e-14,3.86303623e-14,2.209491604e-13,2.06703121e-13,5.930479109e-14,2.755078382e-13,3.827227137e-13,6.255429623e-13,6.485855291e-13,4.533047605e-13,1.726049444e-13,5.281241156e-14,4.034941245e-13,1.143270305e-13,2.136720597e-14,9.372278258e-14,8.509357252e-14,7.054118221e-14,8.727629076e-14,1.576610502e-13,1.134447001e-13,1.281328106e-13,6.367177566e-14,2.142094544e-13,7.530425984e-14
166.515625,2.214555103e-13,9.703166689e-14,2.874562839e-13,2.351386519e-13,1.097576346e-13,2.059653544e-13,9.549122934e-14,8.797612583e-14,3.957408472e-14,2.175705893e-13,2.130347098e-13,6.08013194e-14,2.742137603e-13,3.871596076e-13,6.324580311e-13,6.520545313e-13,4.569239193e-13,1.739566508e-13,5.412669559e-14,4.053026684e-13,1.164747093e-13,2.171135838e-14,9.463651188e-14,8.524651977e-14,7.177794884e-14,8.898711987e-14,1.595244238e-13,1.152780673e-13,1.287277672e-13,6.498702463e-14,2.174780375e-13,7.588118159e-14
166.5234375,2.204642944e-13,9.802405862e-14,2.979853682e-13,2.370470255e-13,1.112998013e-13,2.08799578e-13,9.571337714e-14,8.823390484e-14,4.053096768e-14,2.142228565e-13,2.195580252e-13,6.233958106e-14,2.730731796e-13,3.914201052e-13,6.390419292e-13,6.554169604e-13,4.60756792e-13,1.754444017e-13,5.549083143e-14,4.071637512e-13,1.186607288e-13,2.206670569e-14,9.565100017e-14,8.548485692e-14,7.30911883e-14,9.075082967e-14,1.614496703e-13,1.171505629e-13,1.293640479e-13,6.630074098e-14,2.207932125e-13,7.65530256e-14
166.53125,2.194431977e-13,9.895167165e-14,3.08673162e-13,2.39024944e-13,1.130160298e-13,2.116522993e-13,9.589987736e-14,8.84651384e-14,4.150342775e-14,2.107658872e-13,2.261774918e-13,6.396594314e-14,2.721494648e-13,3.956771358e-13,6.45323483e-13,6.585842202e-13,4.646322411e-13,1.770672256e-13,5.693018922e-14,4.088953358e-13,1.208825661e-13,2.24326092e-14,9.676802204e-14,8.569269785e-14,7.447494116e-14,9.257814566e-14,1.634158077e-13,1.189168839e-13,1.300288582e-13,6.758748538e-14,2.242787417e-13,7.728117813e-14
166.5390625,2.183021444e-13,9.983617285e-14,3.195782733e-13,2.408372004e-13,1.148726712e-13,2.144439974e-13,9.606158708e-14,8.871598061e-14,4.251231633e-14,2.072675427e-13,2.32968117e-13,6.573918446e-14,2.712856354e-13,3.999990098e-13,6.512979416e-13,6.615091217e-13,4.685884863e-13,1.787948136e-13,5.85256687e-14,4.101692646e-13,1.231986768e-13,2.283450995e-14,9.792655283e-14,8.58752597e-14,7.589813457e-14,9.440629683e-14,1.653663885e-13,1.206265485e-13,1.307502771e-13,6.886919803e-14,2.280284351e-13,7.802357851e-14
166.546875,2.169680393e-13,1.007387873e-13,3.308122855e-13,2.425064393e-13,1.168478652e-13,2.171184741e-13,9.617237056e-14,8.902616124e-14,4.355430184e-14,2.038536667e-13,2.400708446e-13,6.763880498e-14,2.703762729e-13,4.042961796e-13,6.57114164e-13,6.642793174e-13,4.727340165e-13,1.805792087e-13,6.029323326e-14,4.111843731e-13,1.255957296e-13,2.325948541e-14,9.910342315e-14,8.613396323e-14,7.738195137e-14,9.620505038e-14,1.673255754e-13,1.22377234e-13,1.315561919e-13,7.018954271e-14,2.319804638e-13,7.878725113e-14
166.5546875,2.157357327e-13,1.015167867e-13,3.424545771e-13,2.442960107e-13,1.190305874e-13,2.198961292e-13,9.627706626e-14,8.934917118e-14,4.46242624e-14,2.00381956e-13,2.474224765e-13,6.965144174e-14,2.696002393e-13,4.087306655e-13,6.629128744e-13,6.669053252e-13,4.770023862e-13,1.824664553e-13,6.219486831e-14,4.121533601e-13,1.280482189e-13,2.369363175e-14,1.003137242e-13,8.638709582e-14,7.894181295e-14,9.803825739e-14,1.693277505e-13,1.241690385e-13,1.323543537e-13,7.15555378e-14,2.361581882e-13,7.959377811e-14
166.5625,2.147192947e-13,1.022195237e-13,3.542982964e-13,2.461260405e-13,1.21427167e-13,2.226363899e-13,9.633734612e-14,8.968138542e-14,4.570661665e-14,1.967782746e-13,2.548889181e-13,7.175410924e-14,2.690447905e-13,4.131511229e-13,6.683110507e-13,6.692369351e-13,4.812601775e-13,1.845196259e-13,6.418377969e-14,4.130630623e-13,1.305634386e-13,2.413816339e-14,1.01579118e-13,8.653080466e-14,8.055424106e-14,9.994302753e-14,1.713716977e-13,1.259907163e-13,1.330945748e-13,7.291962812e-14,2.405099462e-13,8.045056096e-14
166.5703125,2.135826909e-13,1.030078418e-13,3.662340074e-13,2.477518304e-13,1.239630949e-13,2.250091539e-13,9.628021766e-14,9.007542102e-14,4.679075621e-14,1.932005075e-13,2.624910297e-13,7.390968866e-14,2.685366591e-13,4.172547693e-13,6.731918728e-13,6.713875386e-13,4.856240698e-13,1.867374333e-13,6.627591916e-14,4.139171286e-13,1.330929244e-13,2.458723664e-14,1.029174733e-13,8.667437604e-14,8.224423187e-14,1.018948716e-13,1.735214382e-13,1.277947488e-13,1.339006967e-13,7.426156918e-14,2.449393285e-13,8.136695038e-14
166.578125,2.12287516e-13,1.03807489e-13,3.785692077e-13,2.493050517e-13,1.266256614e-13,2.273209511e-13,9.617884618e-14,9.05143813e-14,4.79284828e-14,1.896747967e-13,2.702422297e-13,7.61689536e-14,2.680646014e-13,4.213775819e-13,6.780669422e-13,6.736737677e-13,4.902893659e-13,1.89139317e-13,6.851652098e-14,4.145574709e-13,1.356202991e-13,2.50623422e-14,1.043150042e-13,8.689310192e-14,8.403892658e-14,1.038925183e-13,1.758679988e-13,1.295660051e-13,1.349185431e-13,7.561681122e-14,2.496137888e-13,8.234170871e-14
166.5859375,2.110483284e-13,1.045613223e-13,3.913075325e-13,2.509205018e-13,1.294437436e-13,2.298019022e-13,9.607708035e-14,9.095793343e-14,4.914085109e-14,1.861443842e-13,2.781205138e-13,7.855878659e-14,2.678172064e-13,4.257015035e-13,6.828758751e-13,6.759938517e-13,4.951438112e-13,1.917478555e-13,7.086532782e-14,4.14816372e-13,1.381755067e-13,2.557579796e-14,1.057564004e-13,8.709636199e-14,8.591618858e-14,1.05925848e-13,1.783476647e-13,1.313674129e-13,1.361024876e-13,7.69795997e-14,2.546261216e-13,8.335020085e-14
166.59375,2.098711794e-13,1.052652326e-13,4.041183848e-13,2.523066718e-13,1.324921778e-13,2.320952673e-13,9.593039566e-14,9.143394651e-14,5.035786035e-14,1.826659369e-13,2.862383823e-13,8.101749829e-14,2.678189622e-13,4.299626816e-13,6.872032843e-13,6.780636071e-13,5.000497806e-13,1.945538538e-13,7.330204047e-14,4.148364117e-13,1.40737014e-13,2.608807984e-14,1.072614796e-13,8.725613983e-14,8.788312196e-14,1.079748696e-13,1.808297408e-13,1.331631645e-13,1.372843141e-13,7.832672202e-14,2.59800466e-13,8.438618461e-14
166.6015625,2.088597431e-13,1.058335166e-13,4.171772979e-13,2.53342906e-13,1.358315725e-13,2.342639066e-13,9.577759613e-14,9.196692532e-14,5.157995234e-14,1.792337814e-13,2.946165865e-13,8.357832541e-14,2.679736675e-13,4.344310963e-13,6.913672184e-13,6.800145781e-13,5.051378445e-13,1.975906509e-13,7.590900926e-14,4.147757907e-13,1.433379869e-13,2.6605168e-14,1.088219902e-13,8.742271366e-14,8.994104538e-14,1.100677585e-13,1.833581011e-13,1.349431e-13,1.38477395e-13,7.970201273e-14,2.651776186e-13,8.547038244e-14
166.609375,2.080314533e-13,1.063161699e-13,4.307835672e-13,2.543789148e-13,1.39385884e-13,2.366670637e-13,9.563343631e-14,9.254273218e-14,5.287122531e-14,1.758043484e-13,3.030847113e-13,8.629183507e-14,2.682825562e-13,4.392889058e-13,6.956270564e-13,6.820203955e-13,5.104183766e-13,2.008733034e-13,7.869504384e-14,4.146813988e-13,1.460184182e-13,2.717489608e-14,1.104014464e-13,8.759553621e-14,9.205535749e-14,1.121986175e-13,1.860146859e-13,1.368308773e-13,1.398428495e-13,8.111836966e-14,2.709296253e-13,8.66033184e-14
166.6171875,2.07037e-13,1.068294171e-13,4.446681886e-13,2.555620556e-13,1.430861231e-13,2.390238888e-13,9.540263284e-14,9.314644051e-14,5.418325214e-14,1.724067768e-13,3.11654051e-13,8.908143719e-14,2.688179687e-13,4.440037456e-13,6.995691906e-13,6.839074399e-13,5.157221642e-13,2.043373276e-13,8.160479895e-14,4.145373412e-13,1.486810544e-13,2.77693327e-14,1.120262599e-13,8.775622116e-14,9.425203369e-14,1.143268721e-13,1.887092996e-13,1.387742104e-13,1.413401219e-13,8.252376631e-14,2.769511198e-13,8.775985493e-14
166.625,2.059145062e-13,1.073763884e-13,4.586600798e-13,2.567628741e-13,1.469780397e-13,2.410669544e-13,9.505585348e-14,9.374563087e-14,5.546878806e-14,1.689845811e-13,3.204793318e-13,9.196411914e-14,2.696397077e-13,4.485455419e-13,7.03115006e-13,6.856507881e-13,5.211618832e-13,2.079776024e-13,8.468287018e-14,4.141512641e-13,1.513082206e-13,2.83562017e-14,1.137406397e-13,8.788730934e-14,9.656263293e-14,1.165103843e-13,1.914253105e-13,1.406834435e-13,1.428287208e-13,8.394461508e-14,2.831778723e-13,8.89335841e-14
166.6328125,2.049916256e-13,1.07958193e-13,4.730511807e-13,2.579408081e-13,1.510258711e-13,2.430488282e-13,9.464146677e-14,9.433186538e-14,5.68045138e-14,1.654969733e-13,3.295249723e-13,9.503404463e-14,2.706807374e-13,4.532768878e-13,7.066039669e-13,6.875053179e-13,5.269093432e-13,2.118182019e-13,8.794716529e-14,4.135631175e-13,1.539832317e-13,2.897398785e-14,1.155182747e-13,8.799328895e-14,9.89438845e-14,1.188296768e-13,1.943274562e-13,1.42691843e-13,1.44427599e-13,8.545039038e-14,2.897135196e-13,9.016734801e-14
166.640625,2.040262028e-13,1.084696279e-13,4.878247749e-13,2.588442782e-13,1.551427565e-13,2.449281466e-13,9.418622452e-14,9.496350236e-14,5.820452817e-14,1.620857772e-13,3.387161191e-13,9.818421433e-14,2.717357917e-13,4.578379554e-13,7.098720691e-13,6.893444968e-13,5.327154274e-13,2.157524931e-13,9.129912197e-14,4.130361309e-13,1.566413537e-13,2.961812003e-14,1.173267423e-13,8.814728192e-14,1.013812943e-13,1.212323878e-13,1.973729697e-13,1.447149142e-13,1.462855551e-13,8.700000004e-14,2.964303543e-13,9.150092738e-14
166.6484375,2.028877924e-13,1.087433661e-13,5.027809991e-13,2.593209223e-13,1.594927929e-13,2.465775365e-13,9.372653011e-14,9.566007579e-14,5.960511931e-14,1.58801983e-13,3.481569412e-13,1.013493043e-13,2.728148381e-13,4.621010009e-13,7.126563374e-13,6.908331939e-13,5.384455424e-13,2.19783348e-13,9.475564981e-14,4.122995604e-13,1.592726147e-13,3.025868697e-14,1.191773513e-13,8.836289148e-14,1.039150517e-13,1.236153268e-13,2.003700282e-13,1.465444408e-13,1.482531632e-13,8.851788284e-14,3.032901366e-13,9.288516519e-14
166.65625,2.020673251e-13,1.08956004e-13,5.182964153e-13,2.598500132e-13,1.64338868e-13,2.483923471e-13,9.328143917e-14,9.637254159e-14,6.103082152e-14,1.555327171e-13,3.579703889e-13,1.047338894e-13,2.742428313e-13,4.667890938e-13,7.154096462e-13,6.922952531e-13,5.445123155e-13,2.242002379e-13,9.846339913e-14,4.111043399e-13,1.620402688e-13,3.09412729e-14,1.210704364e-13,8.85437984e-14,1.065594773e-13,1.259895076e-13,2.034519069e-13,1.484394864e-13,1.502539229e-13,9.003003536e-14,3.107003867e-13,9.425753087e-14
166.6640625,2.016003321e-13,1.094066049e-13,5.345359769e-13,2.605024688e-13,1.695791547e-13,2.503754692e-13,9.2789489e-14,9.709681143e-14,6.249633086e-14,1.522763808e-13,3.680802211e-13,1.08382127e-13,2.760991888e-13,4.72017933e-13,7.184477973e-13,6.941825665e-13,5.51075839e-13,2.291085168e-13,1.024050839e-13,4.099327529e-13,1.649046105e-13,3.167702334e-14,1.229961297e-13,8.867822432e-14,1.092988976e-13,1.284528004e-13,2.067937161e-13,1.505911048e-13,1.524938313e-13,9.158804502e-14,3.187273177e-13,9.566874457e-14
166.671875,2.010562255e-13,1.099770482e-13,5.508521847e-13,2.607395625e-13,1.749266983e-13,2.520227355e-13,9.220905264e-14,9.786472586e-14,6.394924269e-14,1.490880474e-13,3.782822543e-13,1.120711639e-13,2.780505793e-13,4.771437885e-13,7.212219687e-13,6.961198279e-13,5.577373846e-13,2.342398675e-13,1.06429407e-13,4.088908528e-13,1.676779158e-13,3.240698837e-14,1.249761752e-13,8.883871589e-14,1.121144932e-13,1.310207151e-13,2.10164326e-13,1.527026879e-13,1.549586104e-13,9.317670119e-14,3.268528676e-13,9.718155499e-14
166.6796875,2.004768773e-13,1.103508876e-13,5.671783128e-13,2.608342812e-13,1.804374282e-13,2.535506677e-13,9.16013167e-14,9.866304374e-14,6.542369728e-14,1.459278301e-13,3.885698889e-13,1.157844958e-13,2.799687744e-13,4.820968228e-13,7.234984537e-13,6.977526411e-13,5.643756754e-13,2.394845875e-13,1.10530561e-13,4.075289752e-13,1.704020005e-13,3.314569467e-14,1.270297576e-13,8.899840981e-14,1.150111367e-13,1.336319798e-13,2.134246603e-13,1.547371736e-13,1.573956228e-13,9.478665648e-14,3.349813488e-13,9.876202215e-14
166.6875,2.000312547e-13,1.105135976e-13,5.841335493e-13,2.612376131e-13,1.862792933e-13,2.553228538e-13,9.100067539e-14,9.946527385e-14,6.696146713e-14,1.427880927e-13,3.990873033e-13,1.19670786e-13,2.821039066e-13,4.872068314e-13,7.257781134e-13,6.995027981e-13,5.712367289e-13,2.450043169e-13,1.147821755e-13,4.060421225e-13,1.731943946e-13,3.392838007e-14,1.291213975e-13,8.910621808e-14,1.179992638e-13,1.363030198e-13,2.168417098e-13,1.569127214e-13,1.598614421e-13,9.644567061e-14,3.434762729e-13,1.003689568e-13
166.6953125,1.996566452e-13,1.107233956e-13,6.014972267e-13,2.614353486e-13,1.923391144e-13,2.569082869e-13,9.03397919e-14,1.002769886e-13,6.849439592e-14,1.397252893e-13,4.097517558e-13,1.237069325e-13,2.845996075e-13,4.92460217e-13,7.28098387e-13,7.016150827e-13,5.783779576e-13,2.508809466e-13,1.191628725e-13,4.046975143e-13,1.760226233e-13,3.471555961e-14,1.312074526e-13,8.922124612e-14,1.210611996e-13,1.390497049e-13,2.205166501e-13,1.591185313e-13,1.625871423e-13,9.812416195e-14,3.523754879e-13,1.019822842e-13
166.703125,1.994293056e-13,1.11118358e-13,6.189213269e-13,2.612795229e-13,1.985832498e-13,2.582199239e-13,8.961250066e-14,1.011205091e-13,7.001247796e-14,1.367569282e-13,4.204988313e-13,1.278686405e-13,2.873649495e-13,4.978548149e-13,7.301824893e-13,7.038002695e-13,5.857483453e-13,2.571190257e-13,1.236693695e-13,4.030642696e-13,1.788720206e-13,3.550809083e-14,1.33311992e-13,8.938303647e-14,1.242154026e-13,1.417865322e-13,2.242748114e-13,1.612883301e-13,1.655683557e-13,9.976436418e-14,3.616029981e-13,1.035866843e-13
166.7109375,1.993479077e-13,1.115290132e-13,6.368781073e-13,2.612171819e-13,2.051464935e-13,2.596918576e-13,8.890322765e-14,1.020143157e-13,7.158735035e-14,1.338676083e-13,4.315655727e-13,1.322124372e-13,2.902805868e-13,5.034697128e-13,7.322093761e-13,7.059667149e-13,5.93290095e-13,2.63636086e-13,1.28330823e-13,4.010444565e-13,1.817829768e-13,3.634428606e-14,1.354699061e-13,8.953226926e-14,1.274798019e-13,1.445190568e-13,2.281298457e-13,1.635509734e-13,1.686964359e-13,1.013954716e-13,3.71167955e-13,1.05246637e-13
166.71875,1.99286989e-13,1.117712345e-13,6.553183401e-13,2.610011347e-13,2.119317719e-13,2.611321691e-13,8.820319783e-14,1.029552957e-13,7.320883894e-14,1.310312692e-13,4.429606246e-13,1.366450207e-13,2.932860203e-13,5.091515607e-13,7.342102471e-13,7.082419635e-13,6.009361287e-13,2.702560986e-13,1.330975701e-13,3.990128411e-13,1.846929823e-13,3.719341962e-14,1.376509191e-13,8.965415353e-14,1.307791e-13,1.473469789e-13,2.322059353e-13,1.658209488e-13,1.719032919e-13,1.030594477e-13,3.8086079e-13,1.070218301e-13
166.7265625,1.994273197e-13,1.119258243e-13,6.73803073e-13,2.605140109e-13,2.188980418e-13,2.623965801e-13,8.745255352e-14,1.039095003e-13,7.483042464e-14,1.282292076e-13,4.544063355e-13,1.410885306e-13,2.964678238e-13,5.14875224e-13,7.3601823e-13,7.106510666e-13,6.0884043e-13,2.7707099e-13,1.379845879e-13,3.969662233e-13,1.875261771e-13,3.80426052e-14,1.398445873e-13,8.979275149e-14,1.341011879e-13,1.50233706e-13,2.364536728e-13,1.68070193e-13,1.752050595e-13,1.047245389e-13,3.906563739e-13,1.088308132e-13
166.734375,1.998659718e-13,1.121339461e-13,6.927198693e-13,2.602779255e-13,2.262746242e-13,2.638869484e-13,8.667143632e-14,1.048363872e-13,7.644101454e-14,1.254824413e-13,4.659394958e-13,1.456747413e-13,2.999668251e-13,5.207754531e-13,7.378163741e-13,7.131862587e-13,6.170701303e-13,2.843011775e-13,1.430922412e-13,3.948706606e-13,1.903501878e-13,3.892603746e-14,1.420947439e-13,8.991259534e-14,1.375292276e-13,1.531259811e-13,2.407768837e-13,1.704711264e-13,1.787395702e-13,1.063923592e-13,4.008109822e-13,1.106044361e-13
166.7421875,2.003542137e-13,1.124018629e-13,7.12247015e-13,2.601054818e-13,2.340246735e-13,2.654170713e-13,8.586583325e-14,1.057424032e-13,7.80410658e-14,1.228147346e-13,4.776976e-13,1.504668049e-13,3.037212178e-13,5.267720105e-13,7.39621204e-13,7.15796977e-13,6.253859034e-13,2.91839957e-13,1.483860311e-13,3.928873513e-13,1.9323819e-13,3.983160135e-14,1.443882791e-13,8.996898214e-14,1.410300154e-13,1.561102211e-13,2.451565141e-13,1.729870916e-13,1.825140194e-13,1.081228551e-13,4.112430884e-13,1.124119437e-13
166.75,2.008497509e-13,1.127041731e-13,7.320237831e-13,2.594977523e-13,2.41941842e-13,2.665715232e-13,8.502527378e-14,1.066844558e-13,7.968547745e-14,1.202169303e-13,4.895718439e-13,1.553884769e-13,3.075879082e-13,5.328869655e-13,7.412673713e-13,7.184395789e-13,6.338402297e-13,2.995958101e-13,1.537998918e-13,3.908502207e-13,1.961258668e-13,4.076191855e-14,1.466850812e-13,9.004227495e-14,1.445585851e-13,1.592218682e-13,2.496144214e-13,1.755051927e-13,1.864302264e-13,1.099263688e-13,4.218414461e-13,1.143083638e-13
166.7578125,2.01454149e-13,1.129800125e-13,7.522337454e-13,2.586713946e-13,2.500829267e-13,2.67622833e-13,8.420051531e-14,1.076665394e-13,8.13972203e-14,1.176457983e-13,5.015840561e-13,1.604326161e-13,3.115814259e-13,5.39253007e-13,7.429788693e-13,7.212738219e-13,6.427315673e-13,3.077365256e-13,1.593747592e-13,3.885956485e-13,1.98930245e-13,4.173767201e-14,1.490177759e-13,9.017690983e-14,1.48193151e-13,1.624262538e-13,2.542261631e-13,1.780190674e-13,1.905703973e-13,1.117805591e-13,4.328113012e-13,1.162653035e-13
166.765625,2.021278263e-13,1.131380425e-13,7.72866335e-13,2.577722757e-13,2.58432212e-13,2.687024801e-13,8.339435203e-14,1.086157918e-13,8.307475923e-14,1.150605973e-13,5.137912406e-13,1.655808112e-13,3.157578701e-13,5.456915915e-13,7.4485746e-13,7.245316002e-13,6.520122392e-13,3.162583121e-13,1.650630572e-13,3.863710748e-13,2.016444415e-13,4.269725094e-14,1.514179686e-13,9.026701376e-14,1.519333203e-13,1.657574749e-13,2.590882401e-13,1.804605771e-13,1.949316621e-13,1.136746756e-13,4.440967757e-13,1.182614408e-13
166.7734375,2.029876126e-13,1.132472968e-13,7.934156434e-13,2.567516412e-13,2.66900845e-13,2.696294037e-13,8.257478052e-14,1.095318711e-13,8.4716146e-14,1.125131638e-13,5.259474265e-13,1.70767431e-13,3.201118913e-13,5.522075068e-13,7.466956263e-13,7.282048914e-13,6.615398143e-13,3.250172142e-13,1.707687234e-13,3.843119381e-13,2.043267414e-13,4.362749853e-14,1.538596922e-13,9.028752129e-14,1.557126763e-13,1.691814102e-13,2.641960616e-13,1.829036678e-13,1.993465994e-13,1.155732781e-13,4.554903314e-13,1.20287815e-13
166.78125,2.041061168e-13,1.134215149e-13,8.141539496e-13,2.559484084e-13,2.756890775e-13,2.706296096e-13,8.177964823e-14,1.104965034e-13,8.645924626e-14,1.100665645e-13,5.379879107e-13,1.760579755e-13,3.246415191e-13,5.591267728e-13,7.485796351e-13,7.320996444e-13,6.713184267e-13,3.340125697e-13,1.765648143e-13,3.822551476e-13,2.070812577e-13,4.46275486e-14,1.563080986e-13,9.036273351e-14,1.595439879e-13,1.725751533e-13,2.694149522e-13,1.85536069e-13,2.039040884e-13,1.174636905e-13,4.670878769e-13,1.223241288e-13
166.7890625,2.052634278e-13,1.135633532e-13,8.355456446e-13,2.553792959e-13,2.84898998e-13,2.718225618e-13,8.100479218e-14,1.11504973e-13,8.827681538e-14,1.076376771e-13,5.501775837e-13,1.815431171e-13,3.293425809e-13,5.66361561e-13,7.50675352e-13,7.362001389e-13,6.812885341e-13,3.432756338e-13,1.825658488e-13,3.801713751e-13,2.098865317e-13,4.569840268e-14,1.587350316e-13,9.050560081e-14,1.634144432e-13,1.759657501e-13,2.746323824e-13,1.882475714e-13,2.087269631e-13,1.193990127e-13,4.789546795e-13,1.243768191e-13
166.796875,2.065262727e-13,1.13628519e-13,8.572940053e-13,2.545631283e-13,2.944089071e-13,2.729581412e-13,8.021151825e-14,1.125061717e-13,9.005262065e-14,1.051775469e-13,5.625108942e-13,1.871789846e-13,3.342307858e-13,5.737666529e-13,7.529362751e-13,7.406675649e-13,6.914905926e-13,3.52877569e-13,1.887915963e-13,3.782018893e-13,2.12592109e-13,4.676918778e-14,1.611528812e-13,9.059640388e-14,1.673207026e-13,1.794669623e-13,2.798925038e-13,1.90936986e-13,2.136835894e-13,1.214058453e-13,4.910769341e-13,1.264744956e-13
166.8046875,2.081725015e-13,1.138098814e-13,8.792675647e-13,2.535046103e-13,3.042725309e-13,2.740704608e-13,7.94477178e-14,1.135406015e-13,9.18503362e-14,1.028234005e-13,5.748287152e-13,1.929319839e-13,3.393665622e-13,5.815698366e-13,7.553762787e-13,7.455154761e-13,7.020408561e-13,3.628726554e-13,1.952068649e-13,3.763896205e-13,2.15256604e-13,4.78728162e-14,1.635984559e-13,9.061755915e-14,1.713284569e-13,1.830643909e-13,2.853159847e-13,1.93821834e-13,2.187924531e-13,1.234578953e-13,5.035367168e-13,1.286156639e-13
166.8125,2.099767696e-13,1.14106191e-13,9.016807301e-13,2.526221214e-13,3.144461268e-13,2.753081095e-13,7.871888751e-14,1.146299157e-13,9.372778171e-14,1.006246096e-13,5.872674036e-13,1.988216978e-13,3.447390763e-13,5.896430721e-13,7.580328086e-13,7.507001309e-13,7.128134927e-13,3.730710081e-13,2.0171599e-13,3.746475165e-13,2.180578749e-13,4.903340104e-14,1.66035572e-13,9.066419478e-14,1.7538505e-13,1.866901004e-13,2.909368131e-13,1.969352054e-13,2.241782124e-13,1.255438639e-13,5.162418154e-13,1.307694201e-13
166.8203125,2.116799597e-13,1.143412763e-13,9.243533157e-13,2.519324848e-13,3.246815839e-13,2.765709215e-13,7.796210721e-14,1.156992742e-13,9.559265007e-14,9.845250629e-14,5.998752873e-13,2.047997198e-13,3.502329426e-13,5.977051772e-13,7.60879506e-13,7.562156498e-13,7.236779493e-13,3.833221343e-13,2.082633719e-13,3.728975161e-13,2.209047327e-13,5.019821326e-14,1.684236281e-13,9.07861291e-14,1.793936196e-13,1.903027495e-13,2.966089396e-13,2.000503561e-13,2.296935522e-13,1.276563656e-13,5.290510884e-13,1.329160328e-13
166.828125,2.136222687e-13,1.14656836e-13,9.469576634e-13,2.511044345e-13,3.350508305e-13,2.777878673e-13,7.719848622e-14,1.167287432e-13,9.741771495e-14,9.627612638e-14,6.123947134e-13,2.108065902e-13,3.557932648e-13,6.059550872e-13,7.638107795e-13,7.618334856e-13,7.346548243e-13,3.937378911e-13,2.148937385e-13,3.711366801e-13,2.236560372e-13,5.136600695e-14,1.707903611e-13,9.093644424e-14,1.833878739e-13,1.938544016e-13,3.021286706e-13,2.031669771e-13,2.35202517e-13,1.297782218e-13,5.420056245e-13,1.350387458e-13
166.8359375,2.159676091e-13,1.151370442e-13,9.693854006e-13,2.50004412e-13,3.457140571e-13,2.789205397e-13,7.644311809e-14,1.177699199e-13,9.925865728e-14,9.418081815e-14,6.247648745e-13,2.168523256e-13,3.614966195e-13,6.143316341e-13,7.665035583e-13,7.673181715e-13,7.455923301e-13,4.04313273e-13,2.215757971e-13,3.693583788e-13,2.263585442e-13,5.255784437e-14,1.730952091e-13,9.103335752e-14,1.873625608e-13,1.973627226e-13,3.07565856e-13,2.063862802e-13,2.408020672e-13,1.319143506e-13,5.550809799e-13,1.371097329e-13
166.84375,2.182463426e-13,1.15413135e-13,9.916738056e-13,2.487841146e-13,3.564510555e-13,2.798754532e-13,7.565215021e-14,1.18826712e-13,1.011163356e-13,9.218697767e-14,6.371317121e-13,2.229408892e-13,3.673561586e-13,6.223936766e-13,7.687781622e-13,7.727718605e-13,7.563008982e-13,4.148551106e-13,2.282228572e-13,3.6751946e-13,2.289729846e-13,5.375284356e-14,1.752668413e-13,9.107742539e-14,1.912651215e-13,2.008852903e-13,3.131645795e-13,2.095866947e-13,2.465455674e-13,1.34056476e-13,5.681786993e-13,1.391489991e-13
166.8515625,2.202705981e-13,1.154373282e-13,1.013906837e-12,2.475808649e-13,3.670753442e-13,2.80727487e-13,7.486250115e-14,1.198916112e-13,1.029890593e-13,9.026691591e-14,6.494267858e-13,2.290339021e-13,3.731971326e-13,6.302344008e-13,7.7093928e-13,7.783697954e-13,7.669261432e-13,4.253141956e-13,2.348697467e-13,3.657040776e-13,2.314228308e-13,5.495241565e-14,1.773760034e-13,9.115588851e-14,1.951507494e-13,2.043892214e-13,3.188465959e-13,2.12677394e-13,2.523464353e-13,1.361705261e-13,5.81203598e-13,1.41228702e-13
166.859375,2.224336422e-13,1.156894225e-13,1.036018463e-12,2.464262343e-13,3.777228682e-13,2.816586593e-13,7.41177923e-14,1.209801536e-13,1.048927943e-13,8.840169857e-14,6.615005735e-13,2.351222925e-13,3.788915508e-13,6.382196837e-13,7.733017869e-13,7.841875813e-13,7.776980168e-13,4.357943287e-13,2.41575598e-13,3.641063946e-13,2.338194172e-13,5.617250741e-14,1.794995092e-13,9.12764783e-14,1.990399495e-13,2.07845399e-13,3.243839562e-13,2.158064822e-13,2.581422092e-13,1.382659434e-13,5.940627402e-13,1.433580272e-13
166.8671875,2.248729974e-13,1.162383097e-13,1.057986642e-12,2.453255304e-13,3.885052566e-13,2.826899757e-13,7.33728979e-14,1.220710892e-13,1.068054088e-13,8.656683831e-14,6.733760426e-13,2.41261298e-13,3.845400269e-13,6.463829222e-13,7.758238438e-13,7.902310085e-13,7.885885925e-13,4.463453753e-13,2.483166877e-13,3.626889844e-13,2.362282334e-13,5.740916706e-14,1.81590059e-13,9.136246423e-14,2.028707514e-13,2.113132887e-13,3.299013662e-13,2.19078139e-13,2.640392795e-13,1.403793621e-13,6.0693172e-13,1.454583334e-13
166.875,2.273629352e-13,1.167313954e-13,1.08005811e-12,2.44193762e-13,3.993683134e-13,2.836883294e-13,7.261934512e-14,1.231445894e-13,1.087041166e-13,8.475108761e-14,6.851425811e-13,2.475014804e-13,3.902856971e-13,6.546629231e-13,7.783599468e-13,7.96349425e-13,7.995106161e-13,4.568802084e-13,2.550701135e-13,3.612473942e-13,2.385983998e-13,5.866092293e-14,1.836148634e-13,9.143237876e-14,2.066328432e-13,2.147921689e-13,3.355856531e-13,2.223893049e-13,2.70185102e-13,1.425023897e-13,6.200102661e-13,1.47473588e-13
166.8828125,2.298962623e-13,1.171180502e-13,1.10224244e-12,2.429546026e-13,4.103284592e-13,2.845757405e-13,7.189327704e-14,1.24218548e-13,1.105944862e-13,8.297227812e-14,6.968648878e-13,2.53839518e-13,3.961306313e-13,6.630269818e-13,7.808514115e-13,8.023708188e-13,8.10418784e-13,4.672842658e-13,2.618427291e-13,3.598485906e-13,2.409553931e-13,5.992400818e-14,1.85565784e-13,9.155632758e-14,2.10292458e-13,2.181942825e-13,3.412754755e-13,2.256673775e-13,2.764729007e-13,1.446051869e-13,6.33100304e-13,1.494130425e-13
166.890625,2.325301418e-13,1.175467379e-13,1.12417276e-12,2.416923585e-13,4.215446066e-13,2.85406364e-13,7.117831188e-14,1.253093042e-13,1.125263508e-13,8.126609168e-14,7.08500157e-13,2.602692486e-13,4.019238379e-13,6.714382565e-13,7.832361237e-13,8.081963806e-13,8.210756994e-13,4.775711405e-13,2.686355356e-13,3.586634255e-13,2.432882763e-13,6.121536295e-14,1.87399709e-13,9.170212132e-14,2.137968602e-13,2.215018947e-13,3.467661065e-13,2.289776714e-13,2.827270862e-13,1.466869411e-13,6.460525363e-13,1.513154269e-13
166.8984375,2.351074927e-13,1.180693893e-13,1.145696277e-12,2.404750019e-13,4.329553288e-13,2.861844057e-13,7.044315372e-14,1.264464793e-13,1.14561704e-13,7.965541656e-14,7.198864528e-13,2.667582552e-13,4.074865762e-13,6.798088898e-13,7.854587159e-13,8.138760738e-13,8.313387903e-13,4.877934331e-13,2.754125582e-13,3.576149544e-13,2.454985741e-13,6.256043425e-14,1.891502595e-13,9.182227168e-14,2.17213804e-13,2.248083172e-13,3.521338491e-13,2.323566409e-13,2.890249128e-13,1.48769329e-13,6.589122072e-13,1.532215719e-13
166.90625,2.376847539e-13,1.186834113e-13,1.166961901e-12,2.39316428e-13,4.44246886e-13,2.868819921e-13,6.970106954e-14,1.276228547e-13,1.166316422e-13,7.811114464e-14,7.310016109e-13,2.731959403e-13,4.128984255e-13,6.879351825e-13,7.876785956e-13,8.197931419e-13,8.415875991e-13,4.97936309e-13,2.821435192e-13,3.566352494e-13,2.475734296e-13,6.391264239e-14,1.908893474e-13,9.193811721e-14,2.206157842e-13,2.281750488e-13,3.575227898e-13,2.357879515e-13,2.954069853e-13,1.508559182e-13,6.715365412e-13,1.551210532e-13
166.9140625,2.405737864e-13,1.192985697e-13,1.188165359e-12,2.382741802e-13,4.55509218e-13,2.876634184e-13,6.89959082e-14,1.287430747e-13,1.186194631e-13,7.65762537e-14,7.420130615e-13,2.795809955e-13,4.184342697e-13,6.959754574e-13,7.901497066e-13,8.261427761e-13,8.521680813e-13,5.080235314e-13,2.889264357e-13,3.557634499e-13,2.495618132e-13,6.523471838e-14,1.925667702e-13,9.203854831e-14,2.239712973e-13,2.315095446e-13,3.628503555e-13,2.392968158e-13,3.017225317e-13,1.529243389e-13,6.839557715e-13,1.569513842e-13
166.921875,2.437155065e-13,1.198815927e-13,1.20943836e-12,2.372637169e-13,4.670624146e-13,2.88589253e-13,6.833197085e-14,1.298061857e-13,1.205931938e-13,7.502718779e-14,7.530045101e-13,2.860880678e-13,4.240978156e-13,7.043124222e-13,7.927636041e-13,8.325500969e-13,8.628293995e-13,5.180713846e-13,2.958430414e-13,3.549813047e-13,2.515034814e-13,6.657874883e-14,1.94115186e-13,9.209036993e-14,2.27247107e-13,2.347345971e-13,3.680078301e-13,2.428921277e-13,3.079938078e-13,1.549873914e-13,6.964494322e-13,1.587100236e-13
166.9296875,2.467419274e-13,1.204928412e-13,1.230503306e-12,2.361490904e-13,4.786302108e-13,2.893630584e-13,6.765726052e-14,1.309489094e-13,1.226547298e-13,7.350768299e-14,7.638252947e-13,2.927067998e-13,4.296630539e-13,7.12624467e-13,7.951898079e-13,8.388112448e-13,8.731938297e-13,5.279732183e-13,3.027205253e-13,3.543788057e-13,2.53408829e-13,6.794522766e-14,1.955828499e-13,9.214922825e-14,2.304279482e-13,2.379485489e-13,3.731154868e-13,2.464892174e-13,3.143548391e-13,1.570656985e-13,7.088807835e-13,1.604551108e-13
166.9375,2.49690979e-13,1.210544778e-13,1.250879133e-12,2.350521786e-13,4.899480729e-13,2.899309631e-13,6.698855615e-14,1.32181053e-13,1.247512992e-13,7.210330642e-14,7.742050873e-13,2.992019743e-13,4.35102838e-13,7.205459141e-13,7.97455983e-13,8.450803201e-13,8.832190695e-13,5.376854395e-13,3.094058336e-13,3.539899155e-13,2.552146617e-13,6.929011724e-14,1.970195764e-13,9.229012629e-14,2.335033709e-13,2.411575918e-13,3.781648314e-13,2.500171099e-13,3.207334843e-13,1.590971383e-13,7.209785132e-13,1.621776524e-13
166.9453125,2.529039687e-13,1.216121363e-13,1.270789638e-12,2.340942625e-13,5.014031026e-13,2.906785731e-13,6.639810292e-14,1.333885696e-13,1.268576742e-13,7.082820358e-14,7.841591369e-13,3.055675166e-13,4.40520538e-13,7.285758443e-13,7.998808205e-13,8.514141992e-13,8.931456289e-13,5.473432654e-13,3.160301772e-13,3.535990861e-13,2.56919102e-13,7.066374556e-14,1.984176467e-13,9.248153595e-14,2.365104101e-13,2.44223059e-13,3.829836667e-13,2.535825404e-13,3.270815577e-13,1.610582431e-13,7.328869227e-13,1.638448904e-13
166.953125,2.563156459e-13,1.224473633e-13,1.290761662e-12,2.332224123e-13,5.129985154e-13,2.916738661e-13,6.584491303e-14,1.345703764e-13,1.289982453e-13,6.960113988e-14,7.940268802e-13,3.119755267e-13,4.459118703e-13,7.368740105e-13,8.025815068e-13,8.579612203e-13,9.032489708e-13,5.570080446e-13,3.226740226e-13,3.532970861e-13,2.586123868e-13,7.208716791e-14,1.997877076e-13,9.264810877e-14,2.394702547e-13,2.472270728e-13,3.877748264e-13,2.573509268e-13,3.335345684e-13,1.630453471e-13,7.446746864e-13,1.654994678e-13
166.9609375,2.596286213e-13,1.235003446e-13,1.310482105e-12,2.32535599e-13,5.242754188e-13,2.925997205e-13,6.526807432e-14,1.357887843e-13,1.3110906e-13,6.838533083e-14,8.037523141e-13,3.183826991e-13,4.512363487e-13,7.449130719e-13,8.053661298e-13,8.647289467e-13,9.133703619e-13,5.665046243e-13,3.29223452e-13,3.533689291e-13,2.602582851e-13,7.348285623e-14,2.011212361e-13,9.27863712e-14,2.423312347e-13,2.502996506e-13,3.92658502e-13,2.612547695e-13,3.400220331e-13,1.650598746e-13,7.561413658e-13,1.671525595e-13
166.96875,2.629186537e-13,1.244662009e-13,1.329492609e-12,2.321206721e-13,5.35461052e-13,2.934122795e-13,6.471985246e-14,1.370376584e-13,1.331953267e-13,6.720274693e-14,8.128952375e-13,3.247176961e-13,4.564475986e-13,7.527920454e-13,8.079601524e-13,8.711955655e-13,9.229815789e-13,5.756264642e-13,3.356636382e-13,3.535633351e-13,2.617734115e-13,7.485227835e-14,2.023484804e-13,9.293055076e-14,2.450308387e-13,2.532826108e-13,3.971610997e-13,2.651176824e-13,3.462600859e-13,1.670028802e-13,7.672651326e-13,1.687436608e-13
166.9765625,2.663621505e-13,1.253510306e-13,1.347986064e-12,2.317514702e-13,5.4693831e-13,2.942609329e-13,6.420641125e-14,1.382869106e-13,1.353651588e-13,6.603950171e-14,8.214709325e-13,3.310635099e-13,4.614827011e-13,7.608295741e-13,8.102094793e-13,8.771084814e-13,9.319497138e-13,5.843600789e-13,3.420379203e-13,3.53624925e-13,2.631861437e-13,7.625683568e-14,2.034524673e-13,9.307272012e-14,2.475500451e-13,2.56079149e-13,4.012007817e-13,2.689621648e-13,3.522680914e-13,1.688893519e-13,7.780920204e-13,1.702597438e-13
166.984375,2.698718197e-13,1.262470344e-13,1.3659101e-12,2.313611356e-13,5.584390883e-13,2.951402368e-13,6.367328271e-14,1.3951239e-13,1.375941345e-13,6.488629025e-14,8.29723919e-13,3.373627847e-13,4.663839308e-13,7.687553508e-13,8.121841147e-13,8.827906055e-13,9.406186466e-13,5.928162032e-13,3.482894056e-13,3.538266403e-13,2.644771351e-13,7.768625714e-14,2.044934911e-13,9.31879225e-14,2.499280194e-13,2.587985409e-13,4.052481722e-13,2.728441982e-13,3.582794456e-13,1.707496269e-13,7.885300096e-13,1.717009994e-13
166.9921875,2.734093829e-13,1.271498052e-13,1.383088625e-12,2.311713646e-13,5.697762246e-13,2.960331532e-13,6.316898686e-14,1.407116272e-13,1.397809374e-13,6.37532498e-14,8.37579311e-13,3.434900571e-13,4.712435264e-13,7.76547649e-13,8.141363301e-13,8.883947503e-13,9.492106046e-13,6.010233886e-13,3.544160292e-13,3.542409025e-13,2.656110579e-13,7.911210552e-14,2.054729151e-13,9.32804723e-14,2.522123261e-13,2.61452006e-13,4.091708115e-13,2.766885355e-13,3.642286407e-13,1.725442998e-13,7.985514611e-13,1.730509415e-13
167,2.770255604e-13,1.28139545e-13,1.399915672e-12,2.310891787e-13,5.809878723e-13,2.968768091e-13,6.273462826e-14,1.419158372e-13,1.41924701e-13,6.26292281e-14,8.450279344e-13,3.49527372e-13,4.760212654e-13,7.843765942e-13,8.161503779e-13,8.938864733e-13,9.576743269e-13,6.089097716e-13,3.604608427e-13,3.546604744e-13,2.666582377e-13,8.051673703e-14,2.063415256e-13,9.335753343e-14,2.54374613e-13,2.640485017e-13,4.126461534e-13,2.804960975e-13,3.699545217e-13,1.74313982e-13,8.08163749e-13,1.743727443e-13
167.0078125,2.806799808e-13,1.291758718e-13,1.416240594e-12,2.309288534e-13,5.91947655e-13,2.975501865e-13,6.229359894e-14,1.431261386e-13,1.440610095e-13,6.155776958e-14,8.521629841e-13,3.555331941e-13,4.806491568e-13,7.91947126e-13,8.180136036e-13,8.99394178e-13,9.659617683e-13,6.165059555e-13,3.664217501e-13,3.551513558e-13,2.676041414e-13,8.189027968e-14,2.071079141e-13,9.34144747e-14,2.563705549e-13,2.666352344e-13,4.160460291e-13,2.843581643e-13,3.755780688e-13,1.76093652e-13,8.173881111e-13,1.756798448e-13
167.015625,2.844578503e-13,1.301290836e-13,1.431502834e-12,2.309637823e-13,6.028226269e-13,2.982317508e-13,6.181046855e-14,1.44330879e-13,1.462139142e-13,6.060266804e-14,8.589642616e-13,3.614436389e-13,4.85192662e-13,7.992874421e-13,8.197904785e-13,9.050272602e-13,9.741877487e-13,6.239461646e-13,3.723868618e-13,3.557915011e-13,2.683957779e-13,8.327939382e-14,2.077700434e-13,9.346490046e-14,2.582211987e-13,2.690861019e-13,4.195726871e-13,2.883296651e-13,3.811490387e-13,1.778321823e-13,8.264063212e-13,1.768364544e-13
167.0234375,2.884052658e-13,1.310243572e-13,1.446224797e-12,2.312960492e-13,6.138179522e-13,2.991264366e-13,6.133671634e-14,1.455592545e-13,1.483915679e-13,5.971318989e-14,8.655312108e-13,3.672702326e-13,4.896312485e-13,8.067539969e-13,8.217721116e-13,9.106100014e-13,9.823161054e-13,6.310830255e-13,3.783547303e-13,3.565428483e-13,2.691171553e-13,8.469654397e-14,2.082677965e-13,9.354054764e-14,2.599128467e-13,2.713312761e-13,4.228030474e-13,2.924132983e-13,3.864027465e-13,1.795600009e-13,8.351871675e-13,1.778280518e-13
167.03125,2.922181713e-13,1.318361092e-13,1.460663234e-12,2.315334235e-13,6.245183833e-13,2.999659607e-13,6.089802071e-14,1.468201364e-13,1.505505961e-13,5.883923128e-14,8.717185799e-13,3.729310556e-13,4.937189008e-13,8.139939953e-13,8.236048107e-13,9.157322055e-13,9.899256193e-13,6.375026742e-13,3.840041947e-13,3.575577059e-13,2.697409842e-13,8.60698171e-14,2.086267521e-13,9.365588698e-14,2.613729705e-13,2.734733342e-13,4.255716543e-13,2.964751781e-13,3.912070558e-13,1.813030009e-13,8.432689371e-13,1.788043998e-13
167.0390625,2.957980144e-13,1.326120699e-13,1.473840808e-12,2.316760568e-13,6.346767866e-13,3.005469778e-13,6.048613933e-14,1.481036666e-13,1.526840665e-13,5.803803497e-14,8.770641908e-13,3.782418689e-13,4.974050188e-13,8.205984817e-13,8.248298337e-13,9.203800571e-13,9.969274337e-13,6.432206528e-13,3.891773723e-13,3.589390907e-13,2.701445579e-13,8.739245891e-14,2.089560697e-13,9.377998723e-14,2.62636532e-13,2.755083094e-13,4.281448037e-13,3.004271146e-13,3.957720064e-13,1.829644362e-13,8.504683153e-13,1.797875282e-13
167.046875,2.995383251e-13,1.336203239e-13,1.485794942e-12,2.320991626e-13,6.447012768e-13,3.011482489e-13,6.009053351e-14,1.494344354e-13,1.548444288e-13,5.732043896e-14,8.817810582e-13,3.833232245e-13,5.010392304e-13,8.269561134e-13,8.259263745e-13,9.251443746e-13,1.003909562e-12,6.487499711e-13,3.941948118e-13,3.605657657e-13,2.704742827e-13,8.872138126e-14,2.092642199e-13,9.386990148e-14,2.638298871e-13,2.774395156e-13,4.306692903e-13,3.044949319e-13,4.002493226e-13,1.845452024e-13,8.571747178e-13,1.807041425e-13
167.0546875,3.036029412e-13,1.34755773e-13,1.497509352e-12,2.32699532e-13,6.547892893e-13,3.01908234e-13,5.969864395e-14,1.508072516e-13,1.570264629e-13,5.662456447e-14,8.86447003e-13,3.884295507e-13,5.048130572e-13,8.33399033e-13,8.27311547e-13,9.301935058e-13,1.011065026e-12,6.542717331e-13,3.992895548e-13,3.623830366e-13,2.70902229e-13,9.005597062e-14,2.094729687e-13,9.394453295e-14,2.649574729e-13,2.793814681e-13,4.330366519e-13,3.08801485e-13,4.045327987e-13,1.861313196e-13,8.636380069e-13,1.815648738e-13
167.0625,3.076833911e-13,1.356227495e-13,1.508677823e-12,2.332041965e-13,6.646735572e-13,3.025953342e-13,5.929753336e-14,1.521738188e-13,1.591949479e-13,5.594398854e-14,8.908557785e-13,3.93466121e-13,5.084468213e-13,8.396664006e-13,8.28477439e-13,9.350037188e-13,1.017830146e-12,6.59466311e-13,4.042716174e-13,3.643751895e-13,2.712757114e-13,9.137570813e-14,2.09572899e-13,9.405759979e-14,2.659072415e-13,2.812843559e-13,4.350781951e-13,3.13046942e-13,4.085614121e-13,1.876766942e-13,8.696487288e-13,1.823877956e-13
167.0703125,3.115755722e-13,1.36303905e-13,1.518598683e-12,2.337478795e-13,6.741299469e-13,3.031037955e-13,5.887768056e-14,1.535139385e-13,1.613532989e-13,5.529798293e-14,8.945691627e-13,3.982301801e-13,5.116854334e-13,8.454870653e-13,8.290985418e-13,9.393474811e-13,1.023948717e-12,6.64145936e-13,4.08927639e-13,3.663966377e-13,2.7142979e-13,9.26718332e-14,2.096222925e-13,9.421638958e-14,2.666465943e-13,2.830288035e-13,4.367738215e-13,3.170579456e-13,4.12438488e-13,1.891323e-13,8.749866454e-13,1.831517945e-13
167.078125,3.153897546e-13,1.370974566e-13,1.527661924e-12,2.345178598e-13,6.832253137e-13,3.035778289e-13,5.846817052e-14,1.548210966e-13,1.635049949e-13,5.469024666e-14,8.97659672e-13,4.028242378e-13,5.146568145e-13,8.509726548e-13,8.294660051e-13,9.433875693e-13,1.029737046e-12,6.684215083e-13,4.133242676e-13,3.683740506e-13,2.71407219e-13,9.393337354e-14,2.096522323e-13,9.440237263e-14,2.672364964e-13,2.846452891e-13,4.382520524e-13,3.210861801e-13,4.161994725e-13,1.905591055e-13,8.797627704e-13,1.838293888e-13
167.0859375,3.192442161e-13,1.380203569e-13,1.536272485e-12,2.354964049e-13,6.922174585e-13,3.041214962e-13,5.810914238e-14,1.560918971e-13,1.656508568e-13,5.414864009e-14,9.002657851e-13,4.074188701e-13,5.175652753e-13,8.563636496e-13,8.296822613e-13,9.471649026e-13,1.035293881e-12,6.723628003e-13,4.176317687e-13,3.704390922e-13,2.712691221e-13,9.518188654e-14,2.096277022e-13,9.458725635e-14,2.676976024e-13,2.861513852e-13,4.39606956e-13,3.253352403e-13,4.198508736e-13,1.919700633e-13,8.841829346e-13,1.84385553e-13
167.09375,3.230968395e-13,1.390246282e-13,1.544030777e-12,2.366383066e-13,7.010221681e-13,3.046533035e-13,5.77573574e-14,1.573534974e-13,1.677704174e-13,5.367687255e-14,9.024242583e-13,4.118902184e-13,5.203618888e-13,8.614924828e-13,8.296231043e-13,9.506751257e-13,1.040366134e-12,6.758679308e-13,4.218074485e-13,3.726622282e-13,2.710291006e-13,9.641673812e-14,2.094872747e-13,9.471916454e-14,2.679986933e-13,2.875252458e-13,4.408060876e-13,3.296699595e-13,4.234439025e-13,1.933058834e-13,8.880687887e-13,1.848594978e-13
167.1015625,3.268994205e-13,1.399871511e-13,1.550467685e-12,2.379338331e-13,7.09221269e-13,3.050707406e-13,5.735199247e-14,1.586278235e-13,1.698184982e-13,5.321772402e-14,9.04177662e-13,4.160178771e-13,5.229042947e-13,8.66015182e-13,8.29305424e-13,9.5390343e-13,1.044989109e-12,6.789090253e-13,4.256581393e-13,3.7495223e-13,2.706478244e-13,9.75915845e-14,2.092396302e-13,9.480891576e-14,2.681373227e-13,2.888156951e-13,4.417173423e-13,3.338473878e-13,4.267854499e-13,1.945424584e-13,8.911561752e-13,1.853312315e-13
167.109375,3.307388885e-13,1.407337208e-13,1.555869072e-12,2.393899947e-13,7.169641222e-13,3.054386264e-13,5.69287913e-14,1.599175763e-13,1.718340073e-13,5.272805009e-14,9.054860275e-13,4.198846052e-13,5.252493404e-13,8.701936576e-13,8.287980505e-13,9.568555817e-13,1.049633303e-12,6.817220961e-13,4.292399323e-13,3.773979297e-13,2.700541101e-13,9.872722515e-14,2.089694248e-13,9.493561653e-14,2.681563226e-13,2.900589413e-13,4.423111653e-13,3.378386304e-13,4.296195739e-13,1.957154547e-13,8.93772675e-13,1.857707026e-13
167.1171875,3.347177366e-13,1.41446808e-13,1.560930932e-12,2.409873776e-13,7.247355212e-13,3.058467273e-13,5.653349306e-14,1.612304125e-13,1.739004238e-13,5.222802569e-14,9.063934188e-13,4.237296092e-13,5.275221333e-13,8.744224751e-13,8.281623642e-13,9.597445809e-13,1.054501e-12,6.844533773e-13,4.327816797e-13,3.802004391e-13,2.693214438e-13,9.987743892e-14,2.087100128e-13,9.511385807e-14,2.680951867e-13,2.912547159e-13,4.427396851e-13,3.418661614e-13,4.321437827e-13,1.968745102e-13,8.962557285e-13,1.86140946e-13
167.125,3.388005983e-13,1.424164638e-13,1.565489742e-12,2.427271448e-13,7.323390344e-13,3.062745268e-13,5.614772561e-14,1.625469896e-13,1.759917455e-13,5.177578898e-14,9.069454837e-13,4.275161777e-13,5.296474764e-13,8.784284459e-13,8.274231441e-13,9.626658088e-13,1.059199661e-12,6.868433815e-13,4.362371894e-13,3.831839157e-13,2.685852806e-13,1.010209616e-13,2.084079779e-13,9.529608006e-14,2.679298172e-13,2.923894151e-13,4.430133273e-13,3.460842747e-13,4.34620854e-13,1.980011961e-13,8.982197352e-13,1.864987679e-13
167.1328125,3.42816404e-13,1.435281498e-13,1.568747689e-12,2.446534165e-13,7.393210171e-13,3.06649898e-13,5.574841319e-14,1.638035116e-13,1.780094433e-13,5.139680543e-14,9.070012688e-13,4.310070769e-13,5.314759326e-13,8.818637216e-13,8.264071944e-13,9.653080496e-13,1.063349654e-12,6.885809297e-13,4.393925466e-13,3.86070934e-13,2.677641123e-13,1.021156435e-13,2.080162781e-13,9.542482721e-14,2.67570213e-13,2.934091326e-13,4.430257568e-13,3.503573836e-13,4.368602124e-13,1.990359189e-13,8.992821781e-13,1.868354437e-13
167.140625,3.466112152e-13,1.445373786e-13,1.570671852e-12,2.466428725e-13,7.456570554e-13,3.068245151e-13,5.532025513e-14,1.649588629e-13,1.798817761e-13,5.104862718e-14,9.065518706e-13,4.341043878e-13,5.329580929e-13,8.847331923e-13,8.248574033e-13,9.673747196e-13,1.066980522e-12,6.89594956e-13,4.422024409e-13,3.889687637e-13,2.666918951e-13,1.031322161e-13,2.075211092e-13,9.543415208e-14,2.66961272e-13,2.94287332e-13,4.428722065e-13,3.544998085e-13,4.386529959e-13,1.999897049e-13,8.994816515e-13,1.870813593e-13
167.1484375,3.502740542e-13,1.454412668e-13,1.571715331e-12,2.486027824e-13,7.514758182e-13,3.067866647e-13,5.486252748e-14,1.660697479e-13,1.816317487e-13,5.071264912e-14,9.056811603e-13,4.36913898e-13,5.341137469e-13,8.870899178e-13,8.228311902e-13,9.689684172e-13,1.070332032e-12,6.900241092e-13,4.447381901e-13,3.919700846e-13,2.654027134e-13,1.0405862e-13,2.069250177e-13,9.537531495e-14,2.661484561e-13,2.950426796e-13,4.42600711e-13,3.585925682e-13,4.401022551e-13,2.009050421e-13,8.988315306e-13,1.872503675e-13
167.15625,3.540105532e-13,1.463018209e-13,1.572012518e-12,2.50754265e-13,7.570220517e-13,3.068290108e-13,5.440754071e-14,1.672433828e-13,1.83393623e-13,5.041993025e-14,9.042697325e-13,4.3963101e-13,5.350906824e-13,8.891707167e-13,8.206270525e-13,9.703049735e-13,1.073572044e-12,6.902210168e-13,4.470961103e-13,3.949750905e-13,2.640176905e-13,1.049516491e-13,2.062621949e-13,9.540379082e-14,2.651917371e-13,2.956788604e-13,4.420751993e-13,3.62795636e-13,4.41306795e-13,2.017769613e-13,8.975662359e-13,1.873587183e-13
167.1640625,3.577962649e-13,1.470597098e-13,1.571591028e-12,2.53051392e-13,7.625914178e-13,3.070081343e-13,5.395518343e-14,1.684876065e-13,1.852205041e-13,5.01396735e-14,9.022935398e-13,4.422924712e-13,5.360531516e-13,8.911731754e-13,8.181736941e-13,9.712755401e-13,1.076502449e-12,6.903477369e-13,4.49316672e-13,3.980833055e-13,2.625418326e-13,1.058527008e-13,2.055511623e-13,9.552215293e-14,2.64091638e-13,2.961780989e-13,4.412855889e-13,3.669414503e-13,4.422019274e-13,2.025798211e-13,8.961125856e-13,1.873625287e-13
167.171875,3.615078798e-13,1.477441579e-13,1.570264615e-12,2.55133106e-13,7.680557602e-13,3.069879869e-13,5.347017167e-14,1.697141161e-13,1.870234382e-13,4.984688665e-14,8.998996221e-13,4.447008471e-13,5.368773825e-13,8.928045393e-13,8.151675999e-13,9.717131869e-13,1.078783668e-12,6.900863333e-13,4.512832606e-13,4.01380263e-13,2.609515099e-13,1.067230274e-13,2.047556709e-13,9.56208029e-14,2.628469756e-13,2.965073464e-13,4.402498026e-13,3.708268808e-13,4.427351174e-13,2.032913899e-13,8.943337871e-13,1.872707231e-13
167.1796875,3.651834157e-13,1.485903441e-13,1.56774893e-12,2.572223749e-13,7.730959185e-13,3.066986311e-13,5.295922621e-14,1.708961601e-13,1.88789053e-13,4.963520412e-14,8.97115608e-13,4.46807194e-13,5.373819177e-13,8.938724173e-13,8.118279798e-13,9.718698185e-13,1.080557867e-12,6.892947069e-13,4.529470823e-13,4.047442754e-13,2.593013017e-13,1.075505537e-13,2.03879018e-13,9.570166607e-14,2.614972317e-13,2.967375531e-13,4.389410198e-13,3.747263528e-13,4.430393042e-13,2.039263316e-13,8.918686146e-13,1.871615451e-13
167.1875,3.688859618e-13,1.495800027e-13,1.564281574e-12,2.597275332e-13,7.776335303e-13,3.06354728e-13,5.244981205e-14,1.720730931e-13,1.905309942e-13,4.952224623e-14,8.939500186e-13,4.487444502e-13,5.377106279e-13,8.945713857e-13,8.085569603e-13,9.720516062e-13,1.082226237e-12,6.882450338e-13,4.544423384e-13,4.082476152e-13,2.575968958e-13,1.083332206e-13,2.030001534e-13,9.57842788e-14,2.600816167e-13,2.970526542e-13,4.374638663e-13,3.78864325e-13,4.432247504e-13,2.04528754e-13,8.887763171e-13,1.870866727e-13
167.1953125,3.726061291e-13,1.503585867e-13,1.560105467e-12,2.623750998e-13,7.816750053e-13,3.060137264e-13,5.194963197e-14,1.73268906e-13,1.921625739e-13,4.937520443e-14,8.903808608e-13,4.504199035e-13,5.380094771e-13,8.949051322e-13,8.052151041e-13,9.722147498e-13,1.083910462e-12,6.869684486e-13,4.557881593e-13,4.120099036e-13,2.557282767e-13,1.090245049e-13,2.021476838e-13,9.583324496e-14,2.58611774e-13,2.974173437e-13,4.357769159e-13,3.828980302e-13,4.430457895e-13,2.050785114e-13,8.851238795e-13,1.870119118e-13
167.203125,3.763204487e-13,1.509851265e-13,1.555031232e-12,2.649544166e-13,7.853023256e-13,3.056698389e-13,5.145059478e-14,1.745092418e-13,1.937035777e-13,4.918511138e-14,8.863107429e-13,4.517180948e-13,5.38161375e-13,8.948041128e-13,8.015543955e-13,9.722331947e-13,1.085568805e-12,6.853167619e-13,4.569039222e-13,4.15831773e-13,2.536721318e-13,1.096514561e-13,2.012506361e-13,9.587047666e-14,2.570712002e-13,2.976127817e-13,4.337223995e-13,3.866762201e-13,4.423465508e-13,2.055477349e-13,8.808970704e-13,1.868560762e-13
167.2109375,3.800199861e-13,1.517761706e-13,1.549157228e-12,2.676937107e-13,7.886801114e-13,3.053239836e-13,5.091924623e-14,1.75773447e-13,1.952492583e-13,4.906475343e-14,8.819218482e-13,4.528160319e-13,5.38177554e-13,8.944165418e-13,7.976530651e-13,9.71992925e-13,1.087041042e-12,6.834320952e-13,4.578848058e-13,4.195993342e-13,2.51547242e-13,1.102855061e-13,2.002383495e-13,9.590449709e-14,2.554308331e-13,2.976753769e-13,4.315019845e-13,3.905543756e-13,4.414998649e-13,2.060012737e-13,8.763682451e-13,1.866068001e-13
167.21875,3.837618693e-13,1.524923433e-13,1.542724351e-12,2.704780651e-13,7.918095765e-13,3.048974931e-13,5.034779787e-14,1.769666867e-13,1.967263626e-13,4.900193685e-14,8.774402752e-13,4.537962103e-13,5.382362492e-13,8.937731305e-13,7.936004533e-13,9.714757458e-13,1.088135037e-12,6.814477123e-13,4.588328109e-13,4.235084774e-13,2.493722795e-13,1.108946269e-13,1.991243014e-13,9.589028233e-14,2.536955035e-13,2.977534427e-13,4.293358577e-13,3.945523573e-13,4.407074079e-13,2.064580908e-13,8.717223537e-13,1.863204073e-13
167.2265625,3.875680358e-13,1.529875423e-13,1.535356807e-12,2.731582078e-13,7.945896299e-13,3.043554477e-13,4.977566337e-14,1.780923831e-13,1.980799172e-13,4.894098303e-14,8.726232317e-13,4.544970137e-13,5.382441929e-13,8.927553441e-13,7.893994988e-13,9.710091983e-13,1.089052535e-12,6.792546505e-13,4.596203112e-13,4.276105837e-13,2.4705645e-13,1.114288626e-13,1.980089689e-13,9.586274234e-14,2.51903813e-13,2.977805517e-13,4.270731712e-13,3.983664609e-13,4.39647492e-13,2.068284545e-13,8.666834266e-13,1.860258654e-13
167.234375,3.913783318e-13,1.537233293e-13,1.526640763e-12,2.76051774e-13,7.969214581e-13,3.037179036e-13,4.919892937e-14,1.792779455e-13,1.994098564e-13,4.890849105e-14,8.672510715e-13,4.548517193e-13,5.37995316e-13,8.912926338e-13,7.850769234e-13,9.707829441e-13,1.090075946e-12,6.767910624e-13,4.601242777e-13,4.317322375e-13,2.446099501e-13,1.119143975e-13,1.969738588e-13,9.587310013e-14,2.500724949e-13,2.977197869e-13,4.246153303e-13,4.020826843e-13,4.381717306e-13,2.070930723e-13,8.609380315e-13,1.857439139e-13
167.2421875,3.952295118e-13,1.546528906e-13,1.516947941e-12,2.791981808e-13,7.987540938e-13,3.030386385e-13,4.859819784e-14,1.805525886e-13,2.007179592e-13,4.891413835e-14,8.61518924e-13,4.548975822e-13,5.375835565e-13,8.893665367e-13,7.806873962e-13,9.704926747e-13,1.091046451e-12,6.74112039e-13,4.604545528e-13,4.358856317e-13,2.420708124e-13,1.123659987e-13,1.959557656e-13,9.587752395e-14,2.481934714e-13,2.976517865e-13,4.219720382e-13,4.059040195e-13,4.363901013e-13,2.073221104e-13,8.545791173e-13,1.854825058e-13
167.25,3.990906436e-13,1.552698441e-13,1.50681794e-12,2.823236421e-13,8.002311302e-13,3.023808127e-13,4.800894906e-14,1.818076786e-13,2.019038848e-13,4.895801219e-14,8.555257741e-13,4.546631653e-13,5.371416172e-13,8.87062278e-13,7.762743748e-13,9.699270877e-13,1.091739299e-12,6.712448986e-13,4.607237422e-13,4.40226751e-13,2.394040762e-13,1.127575716e-13,1.948505502e-13,9.581655255e-14,2.462546372e-13,2.975496735e-13,4.190581253e-13,4.097058572e-13,4.342705197e-13,2.075315398e-13,8.478507831e-13,1.851692458e-13
167.2578125,4.027747557e-13,1.557804831e-13,1.496032963e-12,2.855338292e-13,8.01364733e-13,3.01642003e-13,4.742194608e-14,1.829618156e-13,2.029599022e-13,4.905733832e-14,8.491667919e-13,4.541911676e-13,5.365674839e-13,8.84418983e-13,7.716691985e-13,9.690908986e-13,1.092103749e-12,6.681225304e-13,4.608115969e-13,4.445743125e-13,2.366464369e-13,1.1307137e-13,1.936982175e-13,9.567685794e-14,2.442288739e-13,2.973759511e-13,4.15971869e-13,4.133719386e-13,4.318217599e-13,2.076814292e-13,8.406873404e-13,1.84760061e-13
167.265625,4.063382307e-13,1.564586561e-13,1.484120452e-12,2.88904602e-13,8.01904692e-13,3.00729665e-13,4.67856044e-14,1.840298741e-13,2.039297653e-13,4.917211098e-14,8.42428316e-13,4.534567145e-13,5.357974958e-13,8.813629356e-13,7.666182517e-13,9.678691453e-13,1.09209962e-12,6.646273925e-13,4.605786575e-13,4.485763348e-13,2.338564582e-13,1.133130051e-13,1.925762001e-13,9.553001183e-14,2.421052646e-13,2.971334231e-13,4.128809216e-13,4.169543897e-13,4.291302043e-13,2.077446961e-13,8.329709174e-13,1.843105256e-13
167.2734375,4.099129642e-13,1.569307986e-13,1.471290175e-12,2.922036694e-13,8.019945164e-13,2.997530738e-13,4.612927007e-14,1.850597579e-13,2.048336364e-13,4.928556588e-14,8.353267693e-13,4.524230295e-13,5.348941358e-13,8.779943265e-13,7.611818076e-13,9.663047985e-13,1.091898212e-12,6.608256802e-13,4.600723686e-13,4.524134025e-13,2.309633009e-13,1.13503187e-13,1.914428559e-13,9.547812875e-14,2.39918663e-13,2.967430834e-13,4.09680812e-13,4.204312136e-13,4.261274909e-13,2.077318271e-13,8.24897286e-13,1.83837965e-13
167.28125,4.134048598e-13,1.571874047e-13,1.457996952e-12,2.954755508e-13,8.02065635e-13,2.98728472e-13,4.54761921e-14,1.860361209e-13,2.056682247e-13,4.943877464e-14,8.279746622e-13,4.511747658e-13,5.338694156e-13,8.74447686e-13,7.555433133e-13,9.646614029e-13,1.091779115e-12,6.570142448e-13,4.593910343e-13,4.565763786e-13,2.279431159e-13,1.136530927e-13,1.902661348e-13,9.543522168e-14,2.376897261e-13,2.96236699e-13,4.063396887e-13,4.23774524e-13,4.228203993e-13,2.076908695e-13,8.165604076e-13,1.833330323e-13
167.2890625,4.169336288e-13,1.576599458e-13,1.444295949e-12,2.98831533e-13,8.020571463e-13,2.976239823e-13,4.477228499e-14,1.869121844e-13,2.064158307e-13,4.960520131e-14,8.206262705e-13,4.497973725e-13,5.327479243e-13,8.706366278e-13,7.497521436e-13,9.629769534e-13,1.091673371e-12,6.533418888e-13,4.586353022e-13,4.610374475e-13,2.249101556e-13,1.137756499e-13,1.891048096e-13,9.524800545e-14,2.354060035e-13,2.95793873e-13,4.030438684e-13,4.271056512e-13,4.194486583e-13,2.076490285e-13,8.078396018e-13,1.828512257e-13
167.296875,4.2062899e-13,1.582810221e-13,1.430213475e-12,3.020786324e-13,8.016587065e-13,2.965416561e-13,4.402487445e-14,1.877417168e-13,2.070944253e-13,4.977236698e-14,8.133048899e-13,4.48288813e-13,5.31579915e-13,8.665239276e-13,7.438861578e-13,9.611076486e-13,1.091348953e-12,6.496644536e-13,4.578956883e-13,4.654334304e-13,2.219069175e-13,1.138909806e-13,1.879752051e-13,9.501147073e-14,2.330940743e-13,2.954263736e-13,3.997877156e-13,4.304954258e-13,4.161742086e-13,2.075850409e-13,7.988632484e-13,1.823993653e-13
167.3046875,4.241899388e-13,1.587851971e-13,1.415836148e-12,3.052526343e-13,8.009034253e-13,2.954120741e-13,4.329633837e-14,1.885953032e-13,2.077243534e-13,5.001783472e-14,8.058396511e-13,4.46623386e-13,5.303419395e-13,8.622075026e-13,7.380062698e-13,9.590757284e-13,1.09086422e-12,6.459483728e-13,4.570960394e-13,4.696904185e-13,2.188951521e-13,1.139730425e-13,1.868563313e-13,9.484343874e-14,2.308185776e-13,2.950595347e-13,3.964391031e-13,4.338496836e-13,4.128814579e-13,2.075060239e-13,7.89806207e-13,1.819321346e-13
167.3125,4.276637758e-13,1.591930853e-13,1.401144322e-12,3.085811226e-13,8.000694394e-13,2.94158366e-13,4.259194823e-14,1.894144701e-13,2.082860787e-13,5.034287876e-14,7.98239351e-13,4.447848364e-13,5.290681572e-13,8.577616876e-13,7.321506701e-13,9.571115186e-13,1.09054002e-12,6.424537512e-13,4.56142005e-13,4.73931843e-13,2.15866376e-13,1.139929473e-13,1.857860426e-13,9.46499609e-14,2.286165538e-13,2.947552747e-13,3.930356941e-13,4.371597234e-13,4.093276886e-13,2.074525478e-13,7.80600931e-13,1.814912135e-13
167.3203125,4.314146088e-13,1.595684427e-13,1.386313187e-12,3.119401755e-13,7.993066363e-13,2.929966191e-13,4.191878963e-14,1.901589778e-13,2.087897673e-13,5.069588645e-14,7.90537102e-13,4.428020623e-13,5.278683516e-13,8.532114891e-13,7.264450364e-13,9.554165938e-13,1.090547144e-12,6.392901965e-13,4.550918533e-13,4.782425967e-13,2.127836624e-13,1.139810872e-13,1.847843439e-13,9.441176763e-14,2.264922146e-13,2.945205239e-13,3.89657691e-13,4.405222009e-13,4.054611262e-13,2.074036643e-13,7.712602076e-13,1.811140996e-13
167.328125,4.351227907e-13,1.600404312e-13,1.371406997e-12,3.152322037e-13,7.983634163e-13,2.919026644e-13,4.129765591e-14,1.908850644e-13,2.092413576e-13,5.110610932e-14,7.826599148e-13,4.407041882e-13,5.267104765e-13,8.484189347e-13,7.2080582e-13,9.538559918e-13,1.090637037e-12,6.362280605e-13,4.539421636e-13,4.826215523e-13,2.096313293e-13,1.139358762e-13,1.838149465e-13,9.421454322e-14,2.244207043e-13,2.942727673e-13,3.863408785e-13,4.438692177e-13,4.014976559e-13,2.073036119e-13,7.618627735e-13,1.807544423e-13
167.3359375,4.385862765e-13,1.606683992e-13,1.356076404e-12,3.186094574e-13,7.970027266e-13,2.906049658e-13,4.068010785e-14,1.915641534e-13,2.095965077e-13,5.158049016e-14,7.746863771e-13,4.384761207e-13,5.254617081e-13,8.433130801e-13,7.149843052e-13,9.520669745e-13,1.090585766e-12,6.331992123e-13,4.527015676e-13,4.869324547e-13,2.064846322e-13,1.138283332e-13,1.828794293e-13,9.400947516e-14,2.223506099e-13,2.940438102e-13,3.830896322e-13,4.471255316e-13,3.975544262e-13,2.07171212e-13,7.523689955e-13,1.804115621e-13
167.34375,4.42331784e-13,1.611781135e-13,1.340300717e-12,3.219372193e-13,7.954663485e-13,2.892030283e-13,4.002494392e-14,1.921122032e-13,2.098452035e-13,5.208002608e-14,7.667373725e-13,4.361314526e-13,5.240710046e-13,8.381159115e-13,7.090272192e-13,9.499409425e-13,1.090572271e-12,6.303766444e-13,4.515289261e-13,4.910767027e-13,2.033590627e-13,1.13693554e-13,1.819965875e-13,9.374410502e-14,2.202719213e-13,2.938731051e-13,3.797894699e-13,4.503930974e-13,3.935124022e-13,2.070620577e-13,7.427561231e-13,1.801085064e-13
167.3515625,4.462071599e-13,1.614715317e-13,1.324311644e-12,3.249998992e-13,7.93732495e-13,2.878144704e-13,3.936520868e-14,1.925548179e-13,2.099747606e-13,5.26246832e-14,7.586751118e-13,4.336343653e-13,5.22558007e-13,8.327636434e-13,7.030400775e-13,9.476603443e-13,1.090617751e-12,6.276569865e-13,4.503402906e-13,4.950674822e-13,2.001943325e-13,1.135252755e-13,1.811428134e-13,9.344650922e-14,2.18218542e-13,2.937089483e-13,3.764057862e-13,4.535917736e-13,3.893472072e-13,2.06960194e-13,7.329437767e-13,1.797919478e-13
167.359375,4.496595418e-13,1.617625488e-13,1.307856894e-12,3.280185548e-13,7.914377031e-13,2.862655035e-13,3.871190225e-14,1.929533266e-13,2.09944135e-13,5.322403261e-14,7.502814458e-13,4.308885645e-13,5.209887545e-13,8.269911276e-13,6.969180235e-13,9.453272699e-13,1.090480018e-12,6.248591681e-13,4.489132212e-13,4.988661202e-13,1.969703307e-13,1.132613265e-13,1.803009359e-13,9.310739919e-14,2.161770078e-13,2.935293628e-13,3.731305923e-13,4.565207463e-13,3.851644914e-13,2.068070146e-13,7.22876732e-13,1.794241233e-13
167.3671875,4.532048491e-13,1.62045745e-13,1.290884168e-12,3.311949951e-13,7.889992308e-13,2.846489194e-13,3.805082738e-14,1.933133201e-13,2.098079527e-13,5.38291135e-14,7.416121949e-13,4.279637786e-13,5.194774171e-13,8.211592113e-13,6.907304368e-13,9.429133574e-13,1.090300968e-12,6.221910896e-13,4.47420438e-13,5.025187395e-13,1.936628482e-13,1.129559978e-13,1.794670495e-13,9.276538633e-14,2.141259561e-13,2.933132506e-13,3.700040195e-13,4.593590867e-13,3.809016144e-13,2.06594792e-13,7.127861123e-13,1.790350566e-13
167.375,4.571749876e-13,1.623131651e-13,1.273854895e-12,3.343388797e-13,7.868585598e-13,2.831288738e-13,3.740877442e-14,1.936128549e-13,2.096215858e-13,5.441494387e-14,7.329312746e-13,4.249412575e-13,5.180528376e-13,8.155211638e-13,6.846373677e-13,9.404488783e-13,1.090214245e-12,6.197537293e-13,4.460155134e-13,5.062392227e-13,1.902731089e-13,1.126770327e-13,1.786395757e-13,9.245687594e-14,2.121169612e-13,2.930669288e-13,3.66813973e-13,4.622912074e-13,3.764018634e-13,2.063574136e-13,7.027641743e-13,1.786595257e-13
167.3828125,4.607721286e-13,1.627969504e-13,1.256644374e-12,3.372959293e-13,7.843389193e-13,2.814273257e-13,3.678340877e-14,1.938384282e-13,2.093356052e-13,5.499832046e-14,7.242883971e-13,4.216984203e-13,5.165534321e-13,8.094127423e-13,6.784820102e-13,9.379984874e-13,1.089871204e-12,6.172724291e-13,4.44441483e-13,5.101445728e-13,1.868782685e-13,1.123466172e-13,1.778628777e-13,9.210360591e-14,2.101685989e-13,2.929446027e-13,3.63508349e-13,4.650586959e-13,3.717708515e-13,2.061135945e-13,6.925551102e-13,1.783268323e-13
167.390625,4.638998544e-13,1.634393187e-13,1.238924783e-12,3.401739855e-13,7.811497566e-13,2.794455579e-13,3.612455991e-14,1.940419079e-13,2.089770079e-13,5.563406674e-14,7.155313035e-13,4.182642216e-13,5.148540402e-13,8.025892736e-13,6.721399149e-13,9.355536158e-13,1.089330542e-12,6.147767595e-13,4.426671402e-13,5.14186137e-13,1.83483694e-13,1.119299404e-13,1.771620791e-13,9.174739734e-14,2.082224459e-13,2.930140759e-13,3.602264491e-13,4.676101976e-13,3.672964762e-13,2.05881631e-13,6.821936077e-13,1.780311404e-13
167.3984375,4.673373694e-13,1.639561805e-13,1.221246629e-12,3.431139658e-13,7.779826211e-13,2.775521664e-13,3.544621386e-14,1.942402075e-13,2.085966554e-13,5.638670049e-14,7.067896041e-13,4.14841406e-13,5.131758274e-13,7.95782508e-13,6.657999068e-13,9.330553971e-13,1.089120406e-12,6.125974282e-13,4.41000155e-13,5.18148466e-13,1.800609913e-13,1.115041295e-13,1.76485878e-13,9.147872992e-14,2.062887733e-13,2.931041332e-13,3.570686074e-13,4.703418074e-13,3.629599002e-13,2.056933764e-13,6.720048506e-13,1.777147099e-13
167.40625,4.71005567e-13,1.643221849e-13,1.20390741e-12,3.461078836e-13,7.748591358e-13,2.757746515e-13,3.48044892e-14,1.942862855e-13,2.08076852e-13,5.723802641e-14,6.982490612e-13,4.113476085e-13,5.117788478e-13,7.892022551e-13,6.594703578e-13,9.303828162e-13,1.089083823e-12,6.10710363e-13,4.394329131e-13,5.217223549e-13,1.766675092e-13,1.110574698e-13,1.758304254e-13,9.112822658e-14,2.044349721e-13,2.931172707e-13,3.540656472e-13,4.732733948e-13,3.58432486e-13,2.055232872e-13,6.619941693e-13,1.773538256e-13
167.4140625,4.744315157e-13,1.646035507e-13,1.186253311e-12,3.49018465e-13,7.714311361e-13,2.737962485e-13,3.419355254e-14,1.941327288e-13,2.073800129e-13,5.811274807e-14,6.896878203e-13,4.0762396e-13,5.104342274e-13,7.823698422e-13,6.529175029e-13,9.274088265e-13,1.088719737e-12,6.08929978e-13,4.3773676e-13,5.249681366e-13,1.732855297e-13,1.105430437e-13,1.752450715e-13,9.06082556e-14,2.026530639e-13,2.931159775e-13,3.511033489e-13,4.759858723e-13,3.536545704e-13,2.052936136e-13,6.519965992e-13,1.769763218e-13
167.421875,4.7785365e-13,1.649052817e-13,1.168274824e-12,3.518010135e-13,7.681135395e-13,2.717292765e-13,3.358603185e-14,1.939640559e-13,2.066802004e-13,5.897249144e-14,6.811107545e-13,4.038302499e-13,5.08828391e-13,7.753360126e-13,6.46306875e-13,9.242958728e-13,1.088230165e-12,6.073366978e-13,4.359611734e-13,5.282027883e-13,1.698887463e-13,1.100338068e-13,1.746864872e-13,9.011633666e-14,2.00909897e-13,2.931006944e-13,3.480421396e-13,4.784501605e-13,3.489041259e-13,2.050026033e-13,6.420489561e-13,1.76590628e-13
167.4296875,4.814984279e-13,1.65522922e-13,1.15068856e-12,3.545767015e-13,7.650679817e-13,2.69863657e-13,3.298557505e-14,1.938117514e-13,2.060034784e-13,5.980063007e-14,6.730031053e-13,4.001366252e-13,5.071929036e-13,7.6851566e-13,6.400870136e-13,9.213988862e-13,1.087981221e-12,6.060589766e-13,4.342810832e-13,5.313212908e-13,1.666461874e-13,1.095733952e-13,1.740869426e-13,8.966318782e-14,1.992133791e-13,2.930506855e-13,3.44986803e-13,4.810143197e-13,3.442922578e-13,2.047058589e-13,6.322448821e-13,1.761784509e-13
167.4375,4.851652896e-13,1.664704432e-13,1.133360732e-12,3.573533713e-13,7.618121322e-13,2.680448114e-13,3.23910829e-14,1.935328998e-13,2.051897225e-13,6.058909405e-14,6.653180524e-13,3.964515305e-13,5.057863565e-13,7.618589727e-13,6.341921194e-13,9.186604276e-13,1.087808635e-12,6.050702329e-13,4.326549961e-13,5.341077287e-13,1.635957088e-13,1.090814258e-13,1.734845521e-13,8.913365801e-14,1.975621017e-13,2.930087553e-13,3.41998503e-13,4.836811403e-13,3.397030058e-13,2.043910156e-13,6.226070268e-13,1.757416582e-13
167.4453125,4.887819608e-13,1.673325139e-13,1.115777488e-12,3.599929387e-13,7.582848525e-13,2.660563236e-13,3.180200888e-14,1.931796973e-13,2.042427786e-13,6.137963606e-14,6.57463529e-13,3.92595064e-13,5.043187233e-13,7.550352782e-13,6.281856874e-13,9.156904865e-13,1.087489334e-12,6.042157147e-13,4.309265781e-13,5.368082243e-13,1.604877329e-13,1.085270765e-13,1.729368815e-13,8.865522077e-14,1.959544365e-13,2.929974091e-13,3.389046792e-13,4.861559206e-13,3.350403112e-13,2.040443302e-13,6.130609756e-13,1.753379212e-13
167.453125,4.924243948e-13,1.679986464e-13,1.098006603e-12,3.625364293e-13,7.547074873e-13,2.640050353e-13,3.123378444e-14,1.928552211e-13,2.032878672e-13,6.223774933e-14,6.492922062e-13,3.884849803e-13,5.025717501e-13,7.479347469e-13,6.220469426e-13,9.125424798e-13,1.087129103e-12,6.033809056e-13,4.291005179e-13,5.396021563e-13,1.572490702e-13,1.079601055e-13,1.72458291e-13,8.82839681e-14,1.944139925e-13,2.930273259e-13,3.357575311e-13,4.884545301e-13,3.302223432e-13,2.037086841e-13,6.034293397e-13,1.750108855e-13
167.4609375,4.961402927e-13,1.687510773e-13,1.08010374e-12,3.651525529e-13,7.511208202e-13,2.619895246e-13,3.069441944e-14,1.924844621e-13,2.023131657e-13,6.316897253e-14,6.410255572e-13,3.842485e-13,5.008856998e-13,7.407755037e-13,6.161164205e-13,9.096705543e-13,1.086944842e-12,6.028311784e-13,4.273107137e-13,5.42310553e-13,1.540380177e-13,1.073856066e-13,1.720646374e-13,8.788103048e-14,1.929624249e-13,2.931123362e-13,3.327518449e-13,4.907925886e-13,3.252600485e-13,2.033628778e-13,5.937748193e-13,1.746911709e-13
167.46875,4.999850754e-13,1.695798515e-13,1.062260172e-12,3.678063356e-13,7.476975615e-13,2.600147054e-13,3.020480739e-14,1.920389314e-13,2.012500062e-13,6.412543772e-14,6.328256195e-13,3.800729233e-13,4.995379557e-13,7.338674548e-13,6.105472193e-13,9.071517184e-13,1.08698581e-12,6.029392377e-13,4.255820519e-13,5.449373105e-13,1.508765918e-13,1.067994422e-13,1.717460094e-13,8.746416354e-14,1.916258188e-13,2.932513082e-13,3.297591286e-13,4.930990485e-13,3.203386348e-13,2.029673945e-13,5.844852566e-13,1.74336604e-13
167.4765625,5.038806692e-13,1.70295696e-13,1.045012189e-12,3.703638254e-13,7.444235509e-13,2.581013166e-13,2.978846608e-14,1.915656104e-13,2.000889137e-13,6.51223664e-14,6.24858499e-13,3.758820011e-13,4.982948421e-13,7.271469334e-13,6.052361072e-13,9.047156762e-13,1.087121724e-12,6.035348389e-13,4.238407996e-13,5.476535864e-13,1.477022146e-13,1.062142622e-13,1.714590482e-13,8.707512152e-14,1.904099012e-13,2.934912756e-13,3.267065745e-13,4.952498301e-13,3.155488126e-13,2.025883044e-13,5.756053551e-13,1.740537462e-13
167.484375,5.076429302e-13,1.710203423e-13,1.028066331e-12,3.728468641e-13,7.408148431e-13,2.561224715e-13,2.940846384e-14,1.910346893e-13,1.988011842e-13,6.622179634e-14,6.170951456e-13,3.714918101e-13,4.968907909e-13,7.201950878e-13,6.000866648e-13,9.024479015e-13,1.087377258e-12,6.042546694e-13,4.220680282e-13,5.503995163e-13,1.445227419e-13,1.055727401e-13,1.711876528e-13,8.662544142e-14,1.892688158e-13,2.938561931e-13,3.238472345e-13,4.973885417e-13,3.107878822e-13,2.02260076e-13,5.667093821e-13,1.738645597e-13
167.4921875,5.11253997e-13,1.718593086e-13,1.010792955e-12,3.752901663e-13,7.367350454e-13,2.540113596e-13,2.902142811e-14,1.904711685e-13,1.974099563e-13,6.738137808e-14,6.093604581e-13,3.669775616e-13,4.954253975e-13,7.129428434e-13,5.951722659e-13,9.006361231e-13,1.087941489e-12,6.051836692e-13,4.202972929e-13,5.530645948e-13,1.413495296e-13,1.04850951e-13,1.709469354e-13,8.617106429e-14,1.881838869e-13,2.942551145e-13,3.212006263e-13,4.995887314e-13,3.059954874e-13,2.019250488e-13,5.577472052e-13,1.736376524e-13
167.5,5.149001861e-13,1.726810134e-13,9.936560673e-13,3.776325889e-13,7.326657772e-13,2.519889819e-13,2.865061581e-14,1.899338009e-13,1.960471287e-13,6.851547775e-14,6.017282315e-13,3.625081775e-13,4.940608882e-13,7.058048084e-13,5.905619968e-13,8.990254921e-13,1.088693942e-12,6.065138782e-13,4.185831999e-13,5.556999385e-13,1.382176311e-13,1.04159078e-13,1.707636589e-13,8.580988197e-14,1.871814712e-13,2.946435263e-13,3.185132244e-13,5.017260594e-13,3.012078873e-13,2.015883165e-13,5.491073586e-13,1.733713126e-13
167.5078125,5.186833393e-13,1.73565183e-13,9.7708628e-13,3.799347705e-13,7.288085771e-13,2.500964127e-13,2.831772272e-14,1.893315312e-13,1.94700252e-13,6.963535255e-14,5.942752798e-13,3.580485294e-13,4.927332668e-13,6.988924661e-13,5.861058838e-13,8.971558224e-13,1.089321666e-12,6.081760429e-13,4.169231911e-13,5.583167452e-13,1.351760831e-13,1.035269538e-13,1.706513088e-13,8.545213012e-14,1.862473209e-13,2.950780763e-13,3.15795079e-13,5.037796292e-13,2.965135559e-13,2.012786869e-13,5.407948884e-13,1.731613025e-13
167.515625,5.223706976e-13,1.746406328e-13,9.607027363e-13,3.823180884e-13,7.247941616e-13,2.481184555e-13,2.801958371e-14,1.885945954e-13,1.932042996e-13,7.074641405e-14,5.868978494e-13,3.534900494e-13,4.91349641e-13,6.918370945e-13,5.81703508e-13,8.951795506e-13,1.089818286e-12,6.1005402e-13,4.151854334e-13,5.607870136e-13,1.321893417e-13,1.028470998e-13,1.705795608e-13,8.505590136e-14,1.853668716e-13,2.955541985e-13,3.132280153e-13,5.057566631e-13,2.920122826e-13,2.009498878e-13,5.325404557e-13,1.729654157e-13
167.5234375,5.257686214e-13,1.756481006e-13,9.445165809e-13,3.846505534e-13,7.204808468e-13,2.460885439e-13,2.778102375e-14,1.878008396e-13,1.915786501e-13,7.181547166e-14,5.796162313e-13,3.48841456e-13,4.899581538e-13,6.845366483e-13,5.774630463e-13,8.934213878e-13,1.090337791e-12,6.120942889e-13,4.13321411e-13,5.630361922e-13,1.29189415e-13,1.021202608e-13,1.7054055e-13,8.46805864e-14,1.845879039e-13,2.96032292e-13,3.108056942e-13,5.075543766e-13,2.876297427e-13,2.005830936e-13,5.244040118e-13,1.7273335e-13
167.53125,5.291564584e-13,1.764561289e-13,9.286702492e-13,3.867048926e-13,7.162366585e-13,2.440963522e-13,2.759940696e-14,1.869747133e-13,1.899461759e-13,7.289698301e-14,5.724677703e-13,3.44169696e-13,4.885920594e-13,6.772829889e-13,5.733534765e-13,8.917248011e-13,1.09091734e-12,6.143507859e-13,4.114723325e-13,5.651326033e-13,1.261656387e-13,1.014179965e-13,1.70580432e-13,8.428948138e-14,1.839235858e-13,2.965434112e-13,3.084424418e-13,5.091685463e-13,2.832384339e-13,2.002122359e-13,5.164933568e-13,1.725282889e-13
167.5390625,5.327703312e-13,1.773359159e-13,9.128768353e-13,3.884929045e-13,7.122592171e-13,2.420074581e-13,2.742118518e-14,1.860821245e-13,1.882857576e-13,7.404002547e-14,5.654111656e-13,3.395302468e-13,4.871882149e-13,6.702122208e-13,5.692228475e-13,8.898611041e-13,1.091480704e-12,6.169601008e-13,4.09698565e-13,5.670613966e-13,1.23182504e-13,1.007152981e-13,1.706818937e-13,8.38643627e-14,1.833088195e-13,2.970982397e-13,3.061043022e-13,5.106800146e-13,2.789501431e-13,1.998392809e-13,5.087327999e-13,1.723587399e-13
167.546875,5.364435815e-13,1.783329416e-13,8.973454644e-13,3.901432658e-13,7.084107233e-13,2.398859449e-13,2.725145751e-14,1.85152132e-13,1.86609657e-13,7.519314545e-14,5.585108227e-13,3.349590904e-13,4.857415801e-13,6.63319324e-13,5.65096867e-13,8.87772469e-13,1.091806102e-12,6.198521427e-13,4.079301988e-13,5.686403266e-13,1.203268686e-13,1.000215041e-13,1.707714043e-13,8.347479633e-14,1.827112881e-13,2.97614713e-13,3.0370418e-13,5.120820285e-13,2.748084991e-13,1.994406734e-13,5.012327371e-13,1.721547938e-13
167.5546875,5.401155405e-13,1.792837682e-13,8.824433437e-13,3.917219643e-13,7.046263078e-13,2.37930127e-13,2.714531145e-14,1.841745396e-13,1.849695658e-13,7.635373122e-14,5.517569892e-13,3.304150829e-13,4.843395495e-13,6.566043645e-13,5.61061806e-13,8.854126251e-13,1.091799854e-12,6.228624626e-13,4.061501508e-13,5.698565284e-13,1.175814424e-13,9.938357233e-14,1.708642749e-13,8.311598912e-14,1.821667417e-13,2.980558171e-13,3.011962876e-13,5.133973027e-13,2.706046399e-13,1.990065692e-13,4.941249075e-13,1.718990326e-13
167.5625,5.438081468e-13,1.802390018e-13,8.679634902e-13,3.932430449e-13,7.008135012e-13,2.360042095e-13,2.709884842e-14,1.830852635e-13,1.832407033e-13,7.757755076e-14,5.451201126e-13,3.258320805e-13,4.829886157e-13,6.498591985e-13,5.571889901e-13,8.829827905e-13,1.091738786e-12,6.261310228e-13,4.043621619e-13,5.709296192e-13,1.148824707e-13,9.871461308e-14,1.710228142e-13,8.273159796e-14,1.817004903e-13,2.98547321e-13,2.987379334e-13,5.147186357e-13,2.663993443e-13,1.985898126e-13,4.872122822e-13,1.716246717e-13
167.5703125,5.473871655e-13,1.811735407e-13,8.539059072e-13,3.946179901e-13,6.96896533e-13,2.339739352e-13,2.708110461e-14,1.81907368e-13,1.813664747e-13,7.883307433e-14,5.387810412e-13,3.212611141e-13,4.816134423e-13,6.429928249e-13,5.535686387e-13,8.80741115e-13,1.091796924e-12,6.298807016e-13,4.025747562e-13,5.718816593e-13,1.122576787e-13,9.795735974e-14,1.712332149e-13,8.231576453e-14,1.81314035e-13,2.991701401e-13,2.96410196e-13,5.160002444e-13,2.624535265e-13,1.982592022e-13,4.80400706e-13,1.713602486e-13
167.578125,5.509738331e-13,1.819518298e-13,8.403410643e-13,3.957959618e-13,6.931317158e-13,2.32020057e-13,2.709999015e-14,1.807106105e-13,1.795068143e-13,8.005402358e-14,5.326779013e-13,3.167681274e-13,4.80230907e-13,6.363321948e-13,5.501343822e-13,8.785555635e-13,1.091803583e-12,6.340249974e-13,4.008380698e-13,5.725103653e-13,1.097088487e-13,9.722906407e-14,1.714544843e-13,8.190317261e-14,1.810187607e-13,2.997632989e-13,2.940259941e-13,5.170729247e-13,2.586462807e-13,1.979372046e-13,4.739318057e-13,1.711046956e-13
167.5859375,5.547523172e-13,1.827281902e-13,8.269728642e-13,3.969887613e-13,6.896533808e-13,2.302188362e-13,2.71671827e-14,1.795051209e-13,1.776934286e-13,8.125721481e-14,5.26531989e-13,3.12301589e-13,4.788914826e-13,6.299951137e-13,5.468129488e-13,8.763485392e-13,1.091694823e-12,6.383520577e-13,3.991382134e-13,5.72843768e-13,1.071990561e-13,9.658703725e-14,1.716962337e-13,8.153676517e-14,1.808100041e-13,3.002492469e-13,2.915597254e-13,5.179487788e-13,2.547995237e-13,1.975291706e-13,4.678745336e-13,1.708421572e-13
167.59375,5.585920057e-13,1.836809011e-13,8.140217915e-13,3.9835328e-13,6.862905104e-13,2.284685495e-13,2.728192133e-14,1.782615522e-13,1.758349427e-13,8.249026517e-14,5.205322866e-13,3.078392289e-13,4.775773149e-13,6.237796139e-13,5.43741677e-13,8.743060979e-13,1.091616661e-12,6.42848327e-13,3.974583738e-13,5.731104465e-13,1.048026066e-13,9.596558365e-14,1.719946246e-13,8.118795239e-14,1.806722231e-13,3.008290494e-13,2.892385625e-13,5.188752895e-13,2.510178005e-13,1.971457309e-13,4.620677759e-13,1.705892958e-13
167.6015625,5.625574765e-13,1.847005114e-13,8.017395896e-13,3.996748737e-13,6.830838846e-13,2.267855415e-13,2.744526604e-14,1.769523194e-13,1.739706878e-13,8.372601674e-14,5.149056131e-13,3.034054506e-13,4.763314968e-13,6.177625155e-13,5.409628035e-13,8.723540195e-13,1.091650663e-12,6.476223124e-13,3.958873992e-13,5.732669073e-13,1.025274652e-13,9.536078212e-14,1.723655669e-13,8.080208616e-14,1.806291195e-13,3.015355905e-13,2.870540889e-13,5.19939106e-13,2.472335317e-13,1.968509306e-13,4.565450377e-13,1.703456423e-13
167.609375,5.666988975e-13,1.857115599e-13,7.895520781e-13,4.008011055e-13,6.799047352e-13,2.251373779e-13,2.764293306e-14,1.755858449e-13,1.721129267e-13,8.488929593e-14,5.093781636e-13,2.989489884e-13,4.751803518e-13,6.119504347e-13,5.383646092e-13,8.703527145e-13,1.091723161e-12,6.526058847e-13,3.944202622e-13,5.731125791e-13,1.002301266e-13,9.478526264e-14,1.727855153e-13,8.044734314e-14,1.806770479e-13,3.022025027e-13,2.849022539e-13,5.209342118e-13,2.433709146e-13,1.965168898e-13,4.513856276e-13,1.700643052e-13
167.6171875,5.704938082e-13,1.867886295e-13,7.774130094e-13,4.019609484e-13,6.762384984e-13,2.233626536e-13,2.786551566e-14,1.741928187e-13,1.701656023e-13,8.598340147e-14,5.038707313e-13,2.944820632e-13,4.739424494e-13,6.059252131e-13,5.359306442e-13,8.683998757e-13,1.091595508e-12,6.576047551e-13,3.928910416e-13,5.727894476e-13,9.791632431e-14,9.417517509e-14,1.732239713e-13,8.016184456e-14,1.80732673e-13,3.029253028e-13,2.8290105e-13,5.21779914e-13,2.397750757e-13,1.96154458e-13,4.464068793e-13,1.697650023e-13
167.625,5.737994996e-13,1.878923608e-13,7.659206456e-13,4.032507391e-13,6.722091672e-13,2.215109215e-13,2.813388976e-14,1.727525533e-13,1.681456442e-13,8.708034867e-14,4.985710333e-13,2.900855942e-13,4.724784086e-13,5.996197224e-13,5.335589712e-13,8.663302886e-13,1.091086258e-12,6.626483976e-13,3.912177384e-13,5.724248625e-13,9.56842601e-14,9.351620268e-14,1.736841107e-13,7.983060971e-14,1.807726434e-13,3.037768678e-13,2.809548045e-13,5.225227576e-13,2.365949218e-13,1.958589343e-13,4.414564202e-13,1.694932295e-13
167.6328125,5.77209934e-13,1.888523929e-13,7.54775178e-13,4.043162502e-13,6.684604678e-13,2.19760613e-13,2.845281265e-14,1.712435188e-13,1.661527864e-13,8.819130322e-14,4.932913768e-13,2.856944494e-13,4.708954906e-13,5.934674138e-13,5.310614039e-13,8.638107633e-13,1.090347258e-12,6.678898334e-13,3.894717506e-13,5.715724023e-13,9.346371058e-14,9.288202435e-14,1.741761394e-13,7.946531847e-14,1.808778172e-13,3.044559067e-13,2.787926575e-13,5.229705207e-13,2.335178057e-13,1.955117968e-13,4.366459736e-13,1.691809742e-13
167.640625,5.808948304e-13,1.896424975e-13,7.435289376e-13,4.04985127e-13,6.650295317e-13,2.180664169e-13,2.880502914e-14,1.697089023e-13,1.641874335e-13,8.928583663e-14,4.879215672e-13,2.812488244e-13,4.693389901e-13,5.876423599e-13,5.284996472e-13,8.609432955e-13,1.089581717e-12,6.733136282e-13,3.877471651e-13,5.699551518e-13,9.121664138e-14,9.229786001e-14,1.746936003e-13,7.920517888e-14,1.810708646e-13,3.048504274e-13,2.765835121e-13,5.230811177e-13,2.304609743e-13,1.950438705e-13,4.321104189e-13,1.687704467e-13
167.6484375,5.846363561e-13,1.905108356e-13,7.325379722e-13,4.056899523e-13,6.616599443e-13,2.163283269e-13,2.920208566e-14,1.681383012e-13,1.621937991e-13,9.035700449e-14,4.827642394e-13,2.768486802e-13,4.678976399e-13,5.820131611e-13,5.259718591e-13,8.57941202e-13,1.08867989e-12,6.788886001e-13,3.860588931e-13,5.68059034e-13,8.905440817e-14,9.172480268e-14,1.752309713e-13,7.897996936e-14,1.812908252e-13,3.052088875e-13,2.745581299e-13,5.232733441e-13,2.27546333e-13,1.945831532e-13,4.278634088e-13,1.683068212e-13
167.65625,5.884358925e-13,1.916571774e-13,7.218703512e-13,4.067273022e-13,6.584153444e-13,2.145989133e-13,2.965549901e-14,1.664678098e-13,1.601894146e-13,9.136582649e-14,4.778155588e-13,2.725399571e-13,4.665585487e-13,5.764686083e-13,5.233818963e-13,8.547175853e-13,1.087367146e-12,6.845628948e-13,3.843201626e-13,5.662038355e-13,8.70105438e-14,9.116433798e-14,1.75779419e-13,7.864831566e-14,1.815059932e-13,3.055816111e-13,2.724911565e-13,5.236448579e-13,2.246832306e-13,1.941050042e-13,4.238368557e-13,1.677979026e-13
167.6640625,5.920533879e-13,1.928980259e-13,7.113206886e-13,4.076883627e-13,6.55300329e-13,2.128676647e-13,3.014454948e-14,1.647568647e-13,1.582513064e-13,9.228328665e-14,4.728188671e-13,2.682977568e-13,4.651098022e-13,5.709099612e-13,5.207682448e-13,8.512533605e-13,1.085533706e-12,6.901204902e-13,3.824858202e-13,5.64213397e-13,8.505394113e-14,9.064491885e-14,1.763423369e-13,7.829208475e-14,1.817312169e-13,3.058961814e-13,2.702220703e-13,5.237380648e-13,2.218663076e-13,1.935043307e-13,4.19900714e-13,1.672513201e-13
167.671875,5.952851016e-13,1.939300003e-13,7.011572062e-13,4.08219779e-13,6.521890375e-13,2.110653622e-13,3.067495204e-14,1.631214806e-13,1.563717531e-13,9.319006833e-14,4.678896825e-13,2.641110257e-13,4.634125262e-13,5.653362285e-13,5.183137864e-13,8.477477368e-13,1.083446369e-12,6.955835147e-13,3.806410563e-13,5.621540544e-13,8.3170625e-14,9.014194894e-14,1.769558825e-13,7.803200146e-14,1.820031587e-13,3.062614861e-13,2.678803517e-13,5.234637706e-13,2.192456552e-13,1.928882861e-13,4.159810128e-13,1.667559715e-13
167.6796875,5.986216309e-13,1.947785761e-13,6.914177047e-13,4.086517735e-13,6.490980564e-13,2.093025652e-13,3.127751439e-14,1.615572856e-13,1.54462982e-13,9.41715357e-14,4.631932767e-13,2.598946278e-13,4.616054044e-13,5.598526819e-13,5.160489631e-13,8.443084083e-13,1.081502363e-12,7.012636551e-13,3.788515157e-13,5.600706397e-13,8.127978562e-14,8.963320843e-14,1.776232406e-13,7.784789861e-14,1.823493833e-13,3.066872454e-13,2.655190293e-13,5.232256411e-13,2.167871763e-13,1.923383736e-13,4.121202167e-13,1.663052452e-13
167.6875,6.023517541e-13,1.957363065e-13,6.818883372e-13,4.093702562e-13,6.460697087e-13,2.077149079e-13,3.194203696e-14,1.600043527e-13,1.525378415e-13,9.518943327e-14,4.58642843e-13,2.556402173e-13,4.598469157e-13,5.545082036e-13,5.139609279e-13,8.408741196e-13,1.079649686e-12,7.071760206e-13,3.771168919e-13,5.576460069e-13,7.935634103e-14,8.915805415e-14,1.78298593e-13,7.767490204e-14,1.827555757e-13,3.070521027e-13,2.631886623e-13,5.231680405e-13,2.144267337e-13,1.917652261e-13,4.084045164e-13,1.658019537e-13
167.6953125,6.060372884e-13,1.968983522e-13,6.72821311e-13,4.102507538e-13,6.430678175e-13,2.062201084e-13,3.264876785e-14,1.584273747e-13,1.506535263e-13,9.613531067e-14,4.54215456e-13,2.514681666e-13,4.581810216e-13,5.492968364e-13,5.120481274e-13,8.373405639e-13,1.077523813e-12,7.13122716e-13,3.754196773e-13,5.549177302e-13,7.75132435e-14,8.871871366e-14,1.789932884e-13,7.746471668e-14,1.832114988e-13,3.073835278e-13,2.609671325e-13,5.230873892e-13,2.122433927e-13,1.911612151e-13,4.049528083e-13,1.652688063e-13
167.703125,6.094404942e-13,1.979701968e-13,6.642508103e-13,4.109404643e-13,6.400369826e-13,2.046407516e-13,3.340675246e-14,1.568021945e-13,1.487627057e-13,9.693850524e-14,4.498637959e-13,2.473205774e-13,4.565444783e-13,5.441343149e-13,5.101231438e-13,8.336126393e-13,1.07503691e-12,7.190621503e-13,3.736351574e-13,5.521210518e-13,7.576663406e-14,8.825959061e-14,1.797691343e-13,7.72403282e-14,1.837156222e-13,3.077261433e-13,2.587324579e-13,5.227492101e-13,2.102351917e-13,1.905763417e-13,4.017855377e-13,1.647531229e-13
167.7109375,6.12688062e-13,1.987743894e-13,6.557718361e-13,4.112928523e-13,6.370214585e-13,2.029183028e-13,3.420742748e-14,1.551729299e-13,1.468769323e-13,9.763499649e-14,4.454423778e-13,2.431266862e-13,4.547669118e-13,5.389496405e-13,5.080386756e-13,8.296641919e-13,1.072280769e-12,7.24929395e-13,3.716649477e-13,5.49012304e-13,7.403014228e-14,8.779506478e-14,1.806181754e-13,7.708395495e-14,1.842361121e-13,3.080431287e-13,2.563890334e-13,5.220410756e-13,2.08345428e-13,1.899660664e-13,3.987518399e-13,1.642023361e-13
167.71875,6.15770072e-13,1.996103269e-13,6.475758632e-13,4.115524529e-13,6.341927778e-13,2.011744085e-13,3.503360223e-14,1.536160648e-13,1.451177039e-13,9.831444916e-14,4.411150896e-13,2.391104616e-13,4.528480426e-13,5.338984061e-13,5.06011111e-13,8.256164771e-13,1.069300783e-12,7.307310923e-13,3.696794769e-13,5.455057493e-13,7.234384421e-14,8.738425429e-14,1.814881378e-13,7.696748164e-14,1.847851383e-13,3.083832111e-13,2.540523495e-13,5.211623104e-13,2.066618285e-13,1.893212774e-13,3.958442384e-13,1.636150527e-13
167.7265625,6.187618123e-13,2.006763911e-13,6.400754248e-13,4.120042069e-13,6.315661258e-13,1.995539448e-13,3.590200624e-14,1.521008022e-13,1.434712669e-13,9.896947964e-14,4.371242337e-13,2.353570188e-13,4.509620433e-13,5.290834184e-13,5.042609245e-13,8.215936945e-13,1.066209331e-12,7.366773345e-13,3.678214191e-13,5.419646214e-13,7.077821847e-14,8.701114717e-14,1.823780348e-13,7.678851774e-14,1.854083817e-13,3.087901313e-13,2.517954051e-13,5.20386479e-13,2.052529015e-13,1.88701006e-13,3.93193758e-13,1.630404792e-13
167.734375,6.21878071e-13,2.016852664e-13,6.329423699e-13,4.124169701e-13,6.28968854e-13,1.979892925e-13,3.682874125e-14,1.505434788e-13,1.418159727e-13,9.954004812e-14,4.332225619e-13,2.315901553e-13,4.490435455e-13,5.243335701e-13,5.026175864e-13,8.174823591e-13,1.063001664e-12,7.427044933e-13,3.659048431e-13,5.383765333e-13,6.925351027e-14,8.663258324e-14,1.833058394e-13,7.656895558e-14,1.860628788e-13,3.091811883e-13,2.49575479e-13,5.19569686e-13,2.039879599e-13,1.88097608e-13,3.906720813e-13,1.62452012e-13
167.7421875,6.251118257e-13,2.02379467e-13,6.258577267e-13,4.124849228e-13,6.263766866e-13,1.963691797e-13,3.78131836e-14,1.489416304e-13,1.401383156e-13,1.000730661e-13,4.29101942e-13,2.27692469e-13,4.469418663e-13,5.196215534e-13,5.009092124e-13,8.131464912e-13,1.059536442e-12,7.485703085e-13,3.637982311e-13,5.344764209e-13,6.767629909e-14,8.625818783e-14,1.84269236e-13,7.639930202e-14,1.86706465e-13,3.094967817e-13,2.473075703e-13,5.184657444e-13,2.027796402e-13,1.874688621e-13,3.881348221e-13,1.618348943e-13
167.75,6.28363201e-13,2.028628311e-13,6.191560061e-13,4.125529958e-13,6.238475945e-13,1.948316213e-13,3.885488739e-14,1.473364741e-13,1.384885877e-13,1.006112106e-13,4.249581386e-13,2.238038171e-13,4.447844199e-13,5.150894348e-13,4.993149346e-13,8.08759592e-13,1.055914252e-12,7.544110932e-13,3.616451302e-13,5.303894692e-13,6.60809489e-14,8.591704038e-14,1.852824142e-13,7.629182968e-14,1.873926773e-13,3.097779915e-13,2.449024461e-13,5.17217611e-13,2.017788289e-13,1.868231468e-13,3.857780015e-13,1.612239802e-13
167.7578125,6.315828476e-13,2.033813163e-13,6.13014217e-13,4.129710375e-13,6.213030022e-13,1.93473819e-13,3.993082537e-14,1.457420378e-13,1.368789669e-13,1.010791159e-13,4.210541486e-13,2.199649022e-13,4.426729238e-13,5.106311406e-13,4.979303066e-13,8.044747589e-13,1.052259226e-12,7.603539114e-13,3.594822487e-13,5.262613327e-13,6.454423818e-14,8.561179807e-14,1.863528744e-13,7.619962191e-14,1.881277553e-13,3.100799571e-13,2.424294154e-13,5.160008058e-13,2.011012409e-13,1.861928478e-13,3.836886939e-13,1.605982168e-13
167.765625,6.345897892e-13,2.04058135e-13,6.071371483e-13,4.133962049e-13,6.186579672e-13,1.920881329e-13,4.10262633e-14,1.441621139e-13,1.353099019e-13,1.014833668e-13,4.17288334e-13,2.161842124e-13,4.404858038e-13,5.060884011e-13,4.965419846e-13,8.001271665e-13,1.048347134e-12,7.661581141e-13,3.571940329e-13,5.219015914e-13,6.309251882e-14,8.531027776e-14,1.87436603e-13,7.608666058e-14,1.888565653e-13,3.103785831e-13,2.400261597e-13,5.147024709e-13,2.006810755e-13,1.855716826e-13,3.816611883e-13,1.599198451e-13
167.7734375,6.372817003e-13,2.047458108e-13,6.014306488e-13,4.135270994e-13,6.159913711e-13,1.905684453e-13,4.217908214e-14,1.426075323e-13,1.337965787e-13,1.019310643e-13,4.134962386e-13,2.125700707e-13,4.381676566e-13,5.016049998e-13,4.950909331e-13,7.956187455e-13,1.04398988e-12,7.717779695e-13,3.548389173e-13,5.171717419e-13,6.171231482e-14,8.499710664e-14,1.885110166e-13,7.597377137e-14,1.895909933e-13,3.105879011e-13,2.376223501e-13,5.132081581e-13,2.004951464e-13,1.849093973e-13,3.796922332e-13,1.592058841e-13
167.78125,6.399398214e-13,2.052975258e-13,5.961740779e-13,4.135651396e-13,6.135623525e-13,1.891034756e-13,4.340159184e-14,1.410797235e-13,1.323744189e-13,1.023649257e-13,4.097181681e-13,2.091479677e-13,4.357824301e-13,4.974215642e-13,4.937366801e-13,7.9106302e-13,1.039362008e-12,7.774413837e-13,3.525491981e-13,5.122179975e-13,6.039144307e-14,8.472786412e-14,1.896382338e-13,7.590687036e-14,1.903603154e-13,3.107463977e-13,2.351128727e-13,5.115831586e-13,2.005715603e-13,1.842265646e-13,3.779662969e-13,1.584941807e-13
167.7890625,6.428336509e-13,2.058682487e-13,5.915809891e-13,4.136066653e-13,6.114958766e-13,1.877734679e-13,4.465716671e-14,1.395609729e-13,1.310440569e-13,1.026413452e-13,4.060646582e-13,2.058316466e-13,4.333797634e-13,4.935363355e-13,4.924630199e-13,7.864978896e-13,1.034725849e-12,7.831266323e-13,3.502784282e-13,5.072579174e-13,5.91341469e-14,8.453859595e-14,1.908667444e-13,7.587736436e-14,1.911555137e-13,3.11005405e-13,2.325921505e-13,5.09970836e-13,2.00923495e-13,1.83624208e-13,3.76452717e-13,1.578241151e-13
167.796875,6.457304693e-13,2.065441354e-13,5.875622896e-13,4.135450481e-13,6.094977797e-13,1.864484371e-13,4.596339687e-14,1.380427832e-13,1.297260503e-13,1.027797564e-13,4.025500231e-13,2.025631462e-13,4.309758801e-13,4.896767623e-13,4.911530144e-13,7.818809681e-13,1.030068365e-12,7.886558829e-13,3.479052917e-13,5.023193756e-13,5.793378354e-14,8.436756811e-14,1.921496141e-13,7.584023971e-14,1.919765391e-13,3.113372342e-13,2.301344866e-13,5.083830054e-13,2.016345369e-13,1.830681019e-13,3.750093418e-13,1.571858023e-13
167.8046875,6.482940852e-13,2.071293473e-13,5.838673973e-13,4.134575329e-13,6.073596738e-13,1.850919272e-13,4.736333132e-14,1.365403406e-13,1.28375333e-13,1.02836835e-13,3.991077925e-13,1.993173561e-13,4.28532874e-13,4.856782868e-13,4.89826427e-13,7.771380465e-13,1.025069795e-12,7.940252196e-13,3.453990352e-13,4.972367471e-13,5.67745666e-14,8.417407975e-14,1.934487421e-13,7.575737845e-14,1.928179898e-13,3.115875802e-13,2.27649272e-13,5.06579431e-13,2.026878178e-13,1.824120255e-13,3.736282002e-13,1.565027807e-13
167.8125,6.507113679e-13,2.075426798e-13,5.803726359e-13,4.134135998e-13,6.053071005e-13,1.837862655e-13,4.882021319e-14,1.350431132e-13,1.270443034e-13,1.027909086e-13,3.957183896e-13,1.960964088e-13,4.260001466e-13,4.817404386e-13,4.88526168e-13,7.721676484e-13,1.019594482e-12,7.992841823e-13,3.428349648e-13,4.919023685e-13,5.567759705e-14,8.400375855e-14,1.94820375e-13,7.563289317e-14,1.936651098e-13,3.117912894e-13,2.250779532e-13,5.044580355e-13,2.039149683e-13,1.816819269e-13,3.723456131e-13,1.55769122e-13
167.8203125,6.532987745e-13,2.079006088e-13,5.771468909e-13,4.13324195e-13,6.034080211e-13,1.82539222e-13,5.027620299e-14,1.335082923e-13,1.257654077e-13,1.026812022e-13,3.924036329e-13,1.929544375e-13,4.233346947e-13,4.779889878e-13,4.872464942e-13,7.670421747e-13,1.013954163e-12,8.044016596e-13,3.403046881e-13,4.863752519e-13,5.465686175e-14,8.387548134e-14,1.963048243e-13,7.555413801e-14,1.945042134e-13,3.120647553e-13,2.224956566e-13,5.023229188e-13,2.052796667e-13,1.810192421e-13,3.711074544e-13,1.550517486e-13
167.828125,6.558803412e-13,2.083124377e-13,5.741880038e-13,4.131887315e-13,6.014652291e-13,1.812869651e-13,5.173475015e-14,1.319331834e-13,1.245141691e-13,1.025522457e-13,3.890843951e-13,1.899190555e-13,4.204794084e-13,4.742347684e-13,4.859650122e-13,7.618779505e-13,1.008287942e-12,8.093613256e-13,3.377725444e-13,4.807095595e-13,5.364737817e-14,8.37488257e-14,1.978390092e-13,7.554872282e-14,1.952993956e-13,3.123297846e-13,2.199642456e-13,5.002896877e-13,2.068131264e-13,1.804107406e-13,3.698485713e-13,1.543212456e-13
167.8359375,6.58199767e-13,2.087900185e-13,5.712970901e-13,4.129886121e-13,5.995155692e-13,1.799979122e-13,5.322637922e-14,1.303627987e-13,1.232768452e-13,1.023347816e-13,3.856283669e-13,1.86939348e-13,4.174987233e-13,4.704269643e-13,4.846008566e-13,7.565481394e-13,1.002291244e-12,8.141702634e-13,3.351262868e-13,4.748565506e-13,5.260186658e-14,8.360577804e-14,1.993602776e-13,7.550443863e-14,1.960599044e-13,3.124368652e-13,2.174269676e-13,4.979907655e-13,2.085247692e-13,1.797260451e-13,3.686345624e-13,1.535123356e-13
167.84375,6.602985954e-13,2.091753573e-13,5.683737536e-13,4.126463734e-13,5.97646877e-13,1.786781608e-13,5.477041467e-14,1.288262716e-13,1.220606381e-13,1.020083836e-13,3.820353106e-13,1.83971206e-13,4.145231142e-13,4.666709996e-13,4.831018188e-13,7.509578802e-13,9.958090739e-13,8.187195724e-13,3.323570232e-13,4.688385975e-13,5.157646541e-14,8.346940231e-14,2.008903047e-13,7.540857837e-14,1.968386163e-13,3.124288127e-13,2.148368844e-13,4.952715215e-13,2.105382666e-13,1.789187416e-13,3.675598438e-13,1.526829471e-13
167.8515625,6.622109415e-13,2.093872201e-13,5.657011902e-13,4.12391458e-13,5.957844693e-13,1.773720168e-13,5.636289519e-14,1.273161527e-13,1.208905209e-13,1.016650365e-13,3.784590696e-13,1.810537895e-13,4.115029582e-13,4.62917148e-13,4.815785099e-13,7.45280156e-13,9.890413722e-13,8.229116056e-13,3.295442335e-13,4.628798111e-13,5.060940965e-14,8.336854816e-14,2.024697237e-13,7.534779994e-14,1.976067647e-13,3.12495447e-13,2.122607785e-13,4.924831755e-13,2.12877988e-13,1.780854321e-13,3.665763145e-13,1.519078938e-13
167.859375,6.641145526e-13,2.096130902e-13,5.636335151e-13,4.123898437e-13,5.939879951e-13,1.761566929e-13,5.798534574e-14,1.258156723e-13,1.197921751e-13,1.013165655e-13,3.75057182e-13,1.782536938e-13,4.083727968e-13,4.591982482e-13,4.801923741e-13,7.396956965e-13,9.822952031e-13,8.269876186e-13,3.267629424e-13,4.570935627e-13,4.966838258e-14,8.331292571e-14,2.041162391e-13,7.527400311e-14,1.983397529e-13,3.12685093e-13,2.09751151e-13,4.898693548e-13,2.154880679e-13,1.773251102e-13,3.656465831e-13,1.511570455e-13
167.8671875,6.66336219e-13,2.099110311e-13,5.619968079e-13,4.122111789e-13,5.923329272e-13,1.75011899e-13,5.962732434e-14,1.243345901e-13,1.187517007e-13,1.008627515e-13,3.717822214e-13,1.755524504e-13,4.052176697e-13,4.556520169e-13,4.789036915e-13,7.342185159e-13,9.757573593e-13,8.311719856e-13,3.240269309e-13,4.512502987e-13,4.875935902e-14,8.328809519e-14,2.058472422e-13,7.517356716e-14,1.991029016e-13,3.12830437e-13,2.072925853e-13,4.872266464e-13,2.184673271e-13,1.765659715e-13,3.648471719e-13,1.50395679e-13
167.875,6.686130876e-13,2.10126135e-13,5.60307216e-13,4.116613728e-13,5.907165252e-13,1.738199534e-13,6.125711703e-14,1.228978389e-13,1.177491109e-13,1.002440696e-13,3.68404098e-13,1.728757415e-13,4.020484688e-13,4.522037025e-13,4.774627687e-13,7.286770184e-13,9.691629175e-13,8.350884309e-13,3.212363903e-13,4.451836864e-13,4.791431479e-14,8.32779938e-14,2.076436449e-13,7.516184801e-14,1.998650437e-13,3.128333532e-13,2.04874289e-13,4.842839372e-13,2.216517123e-13,1.757067133e-13,3.641448389e-13,1.496413424e-13
167.8828125,6.704708004e-13,2.102375753e-13,5.585861731e-13,4.112513921e-13,5.891501073e-13,1.726136534e-13,6.284251388e-14,1.214829904e-13,1.16785654e-13,9.94942515e-14,3.648700513e-13,1.702369396e-13,3.988236039e-13,4.488178321e-13,4.757732809e-13,7.228338822e-13,9.621054786e-13,8.383683098e-13,3.183174248e-13,4.389939362e-13,4.712270352e-14,8.327821748e-14,2.094365405e-13,7.517479075e-14,2.005256363e-13,3.127823378e-13,2.024232901e-13,4.811048484e-13,2.247429524e-13,1.7483865e-13,3.634215548e-13,1.488811908e-13
167.890625,6.721300061e-13,2.102992037e-13,5.572295401e-13,4.110791896e-13,5.877124317e-13,1.715174321e-13,6.443494351e-14,1.200418552e-13,1.158458008e-13,9.868693462e-14,3.613736887e-13,1.676953551e-13,3.955527925e-13,4.45579675e-13,4.740272255e-13,7.16717818e-13,9.547180066e-13,8.413039825e-13,3.153372404e-13,4.327516854e-13,4.638420804e-14,8.328911298e-14,2.112104118e-13,7.506164396e-14,2.011285472e-13,3.127487645e-13,1.998536012e-13,4.779418615e-13,2.280107254e-13,1.740627236e-13,3.626854655e-13,1.480852944e-13
167.8984375,6.737962152e-13,2.103861699e-13,5.562519406e-13,4.107210143e-13,5.863082233e-13,1.704443584e-13,6.609040793e-14,1.185790146e-13,1.149279386e-13,9.788952302e-14,3.579908318e-13,1.652261332e-13,3.921434689e-13,4.423226255e-13,4.72316246e-13,7.105406151e-13,9.472396356e-13,8.441265619e-13,3.123372702e-13,4.265507391e-13,4.571462721e-14,8.331913877e-14,2.130470669e-13,7.48793026e-14,2.017411687e-13,3.12746294e-13,1.972602204e-13,4.748552531e-13,2.316944198e-13,1.733152816e-13,3.619557658e-13,1.472956621e-13
167.90625,6.752294157e-13,2.106286725e-13,5.554122389e-13,4.103196538e-13,5.849665315e-13,1.692913995e-13,6.777153359e-14,1.171183747e-13,1.140716229e-13,9.713538467e-14,3.54643794e-13,1.628167655e-13,3.885813228e-13,4.389776301e-13,4.705414898e-13,7.043014366e-13,9.395209585e-13,8.466915728e-13,3.093033134e-13,4.205094517e-13,4.509327406e-14,8.337639132e-14,2.1501287e-13,7.470359327e-14,2.023408814e-13,3.127857547e-13,1.947483169e-13,4.717553513e-13,2.355245555e-13,1.725387435e-13,3.612221934e-13,1.4655884e-13
167.9140625,6.765938986e-13,2.109032468e-13,5.546456677e-13,4.101984952e-13,5.838617924e-13,1.681983536e-13,6.946362825e-14,1.156660976e-13,1.132751399e-13,9.638439536e-14,3.513423268e-13,1.60502549e-13,3.850144693e-13,4.358281171e-13,4.687390592e-13,6.979188391e-13,9.316039023e-13,8.491204989e-13,3.062526245e-13,4.144239087e-13,4.450260152e-14,8.345088825e-14,2.170638229e-13,7.453611292e-14,2.029450669e-13,3.127909279e-13,1.922011929e-13,4.685961019e-13,2.395297776e-13,1.717276795e-13,3.605592822e-13,1.458184489e-13
167.921875,6.781097269e-13,2.109546393e-13,5.539585685e-13,4.100330176e-13,5.828408984e-13,1.672299957e-13,7.120013452e-14,1.142612414e-13,1.124897836e-13,9.553061883e-14,3.481282914e-13,1.582202468e-13,3.813261451e-13,4.328326603e-13,4.670350614e-13,6.915419475e-13,9.237681761e-13,8.515444046e-13,3.031371621e-13,4.080721603e-13,4.395305144e-14,8.352417856e-14,2.190913816e-13,7.445410063e-14,2.035600712e-13,3.126801194e-13,1.895361747e-13,4.652621131e-13,2.439091613e-13,1.708545098e-13,3.599409778e-13,1.450197772e-13
167.9296875,6.793813207e-13,2.108332018e-13,5.534183741e-13,4.094763802e-13,5.816359175e-13,1.662521912e-13,7.293931468e-14,1.129274748e-13,1.117037762e-13,9.452584152e-14,3.449662884e-13,1.559274167e-13,3.773511142e-13,4.297067213e-13,4.654376785e-13,6.853610014e-13,9.159598624e-13,8.536893257e-13,2.99932185e-13,4.015906126e-13,4.34443132e-14,8.357910009e-14,2.210483991e-13,7.445336999e-14,2.041211953e-13,3.124873312e-13,1.868842937e-13,4.616453364e-13,2.484797721e-13,1.699560722e-13,3.59236725e-13,1.442123131e-13
167.9375,6.803058086e-13,2.106530655e-13,5.531322821e-13,4.08666357e-13,5.803815691e-13,1.652418675e-13,7.464160919e-14,1.116032084e-13,1.109264159e-13,9.344735265e-14,3.417894279e-13,1.537241643e-13,3.733443399e-13,4.26616169e-13,4.638543321e-13,6.792703677e-13,9.079873772e-13,8.55449824e-13,2.96743559e-13,3.950875769e-13,4.296342952e-14,8.36114826e-14,2.229980521e-13,7.440408114e-14,2.046242301e-13,3.122432006e-13,1.843183739e-13,4.57915141e-13,2.532312438e-13,1.691042632e-13,3.585099754e-13,1.434276492e-13
167.9453125,6.813294903e-13,2.103829416e-13,5.530009504e-13,4.078381845e-13,5.793259959e-13,1.642581174e-13,7.635580213e-14,1.102540824e-13,1.101638291e-13,9.23759548e-14,3.385395892e-13,1.516088955e-13,3.694309463e-13,4.237435679e-13,4.621178992e-13,6.729589583e-13,8.997658438e-13,8.569496895e-13,2.935476964e-13,3.885973368e-13,4.249132353e-14,8.365515454e-14,2.250019155e-13,7.430286778e-14,2.050776468e-13,3.119684355e-13,1.81751028e-13,4.542758459e-13,2.583235582e-13,1.682826634e-13,3.578533582e-13,1.426309586e-13
167.953125,6.825447573e-13,2.101168843e-13,5.529586811e-13,4.071530261e-13,5.784991168e-13,1.633138552e-13,7.808565387e-14,1.089338175e-13,1.094544954e-13,9.130336434e-14,3.352646946e-13,1.494972267e-13,3.653594168e-13,4.209324489e-13,4.601930535e-13,6.66391065e-13,8.912662186e-13,8.581427801e-13,2.902547531e-13,3.822758703e-13,4.202439727e-14,8.37486798e-14,2.270447539e-13,7.421318246e-14,2.05442966e-13,3.117128035e-13,1.791397939e-13,4.506715669e-13,2.63600399e-13,1.674537155e-13,3.571876534e-13,1.418385938e-13
167.9609375,6.837388672e-13,2.100043201e-13,5.531239397e-13,4.066954428e-13,5.778638917e-13,1.624751934e-13,7.977842116e-14,1.076693275e-13,1.088187931e-13,9.019785881e-14,3.32090978e-13,1.474824123e-13,3.611618466e-13,4.182247108e-13,4.582904048e-13,6.599077632e-13,8.827479833e-13,8.590707895e-13,2.870010294e-13,3.760654275e-13,4.15990993e-14,8.387927444e-14,2.291175221e-13,7.411596386e-14,2.057585576e-13,3.114088006e-13,1.7653475e-13,4.470606449e-13,2.689296935e-13,1.666194071e-13,3.56531866e-13,1.410853258e-13
167.96875,6.847114615e-13,2.100145708e-13,5.533735388e-13,4.064028146e-13,5.772418871e-13,1.617109667e-13,8.144155954e-14,1.064447814e-13,1.082134327e-13,8.905635842e-14,3.290225313e-13,1.456285077e-13,3.570174017e-13,4.156560533e-13,4.56440665e-13,6.536320834e-13,8.744166894e-13,8.597801597e-13,2.838354184e-13,3.69824312e-13,4.122347187e-14,8.400969462e-14,2.312160027e-13,7.401590121e-14,2.060537644e-13,3.109986376e-13,1.739791517e-13,4.435252948e-13,2.742963027e-13,1.657941982e-13,3.559138613e-13,1.403308498e-13
167.9765625,6.852322782e-13,2.099547091e-13,5.535751466e-13,4.061098746e-13,5.764470746e-13,1.608613873e-13,8.309185619e-14,1.052511161e-13,1.076027116e-13,8.787259249e-14,3.260220412e-13,1.438237713e-13,3.527833969e-13,4.129506756e-13,4.544590029e-13,6.472696093e-13,8.659436441e-13,8.600606896e-13,2.805915143e-13,3.636504806e-13,4.086006175e-14,8.41186247e-14,2.332803081e-13,7.391757167e-14,2.062567908e-13,3.106051177e-13,1.714822078e-13,4.399681032e-13,2.797240516e-13,1.650019586e-13,3.551586273e-13,1.395397618e-13
167.984375,6.854430958e-13,2.096253868e-13,5.539900864e-13,4.056242075e-13,5.757062705e-13,1.599879339e-13,8.471052896e-14,1.040488965e-13,1.069885553e-13,8.662933465e-14,3.231179216e-13,1.420644405e-13,3.48399589e-13,4.101654999e-13,4.524422051e-13,6.407050371e-13,8.571789373e-13,8.599480205e-13,2.773182757e-13,3.574927574e-13,4.052738034e-14,8.419676198e-14,2.353181946e-13,7.377630921e-14,2.063702443e-13,3.102255598e-13,1.690324151e-13,4.362096066e-13,2.854791989e-13,1.642210168e-13,3.542738613e-13,1.387317788e-13
167.9921875,6.856626501e-13,2.091234477e-13,5.54596097e-13,4.049657964e-13,5.751584139e-13,1.59220173e-13,8.630520528e-14,1.028238846e-13,1.063955504e-13,8.534831523e-14,3.202078194e-13,1.403846752e-13,3.439547055e-13,4.075344577e-13,4.505542506e-13,6.341968347e-13,8.484486462e-13,8.596222867e-13,2.741000367e-13,3.512888433e-13,4.026702998e-14,8.426502474e-14,2.374193102e-13,7.364547854e-14,2.064323043e-13,3.097158749e-13,1.666121285e-13,4.323277219e-13,2.915418682e-13,1.634085751e-13,3.534210663e-13,1.379250282e-13
168,6.8575948e-13,2.087226897e-13,5.54933817e-13,4.0438058e-13,5.744607645e-13,1.584107056e-13,8.787259579e-14,1.016527714e-13,1.058727227e-13,8.408148768e-14,3.171745105e-13,1.386782729e-13,3.393410217e-13,4.048307351e-13,4.486174372e-13,6.278750049e-13,8.39696526e-13,8.588702657e-13,2.70750152e-13,3.453153392e-13,4.004958806e-14,8.436505519e-14,2.395398632e-13,7.360397083e-14,2.063808142e-13,3.091816626e-13,1.642048198e-13,4.284824375e-13,2.975105185e-13,1.626020367e-13,3.524647303e-13,1.371384243e-13
168.0078125,6.856943381e-13,2.083357941e-13,5.550564972e-13,4.038631122e-13,5.736649848e-13,1.575072838e-13,8.937996857e-14,1.005611897e-13,1.054123255e-13,8.281429973e-14,3.141564536e-13,1.369802407e-13,3.346155234e-13,4.020217617e-13,4.465030624e-13,6.215176879e-13,8.306260858e-13,8.576667558e-13,2.672752489e-13,3.394825935e-13,3.985866153e-14,8.449238007e-14,2.415726905e-13,7.357088461e-14,2.062253787e-13,3.087593804e-13,1.617933523e-13,4.246263669e-13,3.034539378e-13,1.618174003e-13,3.513461551e-13,1.363847563e-13
168.015625,6.857624059e-13,2.077647558e-13,5.554209859e-13,4.031926696e-13,5.732200243e-13,1.567305328e-13,9.08670256e-14,9.947655426e-14,1.049375921e-13,8.149266429e-14,3.112482974e-13,1.354402749e-13,3.300251306e-13,3.994831053e-13,4.443496659e-13,6.149090738e-13,8.214150029e-13,8.563234395e-13,2.639107245e-13,3.333793282e-13,3.973256474e-14,8.460558315e-14,2.435707057e-13,7.346360825e-14,2.060517385e-13,3.082856207e-13,1.5938389e-13,4.206968403e-13,3.096010856e-13,1.60996822e-13,3.50314175e-13,1.356300382e-13
168.0234375,6.858137987e-13,2.072063716e-13,5.559860552e-13,4.023741961e-13,5.72936436e-13,1.560801304e-13,9.239863936e-14,9.839007931e-14,1.044570862e-13,8.014316706e-14,3.082894885e-13,1.339786419e-13,3.254278452e-13,3.970994006e-13,4.422080741e-13,6.081367664e-13,8.122572138e-13,8.546845623e-13,2.605942732e-13,3.272092255e-13,3.96611825e-14,8.469128787e-14,2.45593017e-13,7.334967333e-14,2.058247994e-13,3.076351568e-13,1.570059006e-13,4.167657421e-13,3.157716796e-13,1.601601327e-13,3.493148071e-13,1.348312452e-13
168.03125,6.855633344e-13,2.067882453e-13,5.564671969e-13,4.01512409e-13,5.724578742e-13,1.553585159e-13,9.391898658e-14,9.734142209e-14,1.040249353e-13,7.87858069e-14,3.052169513e-13,1.324813629e-13,3.206291095e-13,3.945837408e-13,4.400276873e-13,6.013674596e-13,8.030332285e-13,8.525620154e-13,2.571861766e-13,3.212349447e-13,3.960901464e-14,8.475193623e-14,2.475713615e-13,7.329099866e-14,2.055030062e-13,3.068792773e-13,1.54684023e-13,4.127955996e-13,3.219739258e-13,1.593475568e-13,3.481373549e-13,1.339706118e-13
168.0390625,6.85234756e-13,2.062245601e-13,5.569912639e-13,4.006872078e-13,5.720536899e-13,1.546248344e-13,9.533498526e-14,9.630277843e-14,1.035794618e-13,7.735133856e-14,3.021677021e-13,1.310327017e-13,3.158514701e-13,3.921742155e-13,4.378574206e-13,5.945961499e-13,7.937775345e-13,8.503341822e-13,2.538164206e-13,3.151819631e-13,3.959414475e-14,8.478690643e-14,2.495038855e-13,7.326760536e-14,2.051204335e-13,3.060622521e-13,1.524351982e-13,4.086676682e-13,3.283895605e-13,1.585320548e-13,3.469535255e-13,1.330615754e-13
168.046875,6.849619238e-13,2.053860606e-13,5.577483217e-13,4.000106179e-13,5.71890477e-13,1.540295969e-13,9.667046994e-14,9.526782759e-14,1.030902607e-13,7.586430325e-14,2.992350859e-13,1.29694642e-13,3.111571919e-13,3.899779936e-13,4.357151593e-13,5.878153263e-13,7.845965314e-13,8.480754654e-13,2.505540648e-13,3.09144636e-13,3.9624502e-14,8.482463819e-14,2.514666449e-13,7.326553542e-14,2.046406185e-13,3.052436879e-13,1.50234698e-13,4.045389957e-13,3.34906418e-13,1.577609457e-13,3.458346288e-13,1.32170926e-13
168.0546875,6.84603918e-13,2.04555565e-13,5.584597257e-13,3.993530826e-13,5.717661651e-13,1.534955949e-13,9.798881234e-14,9.430670466e-14,1.026695661e-13,7.44436521e-14,2.963991931e-13,1.284493298e-13,3.062840992e-13,3.877708006e-13,4.335147162e-13,5.810842141e-13,7.753945455e-13,8.454040276e-13,2.472968641e-13,3.035339764e-13,3.967336217e-14,8.489900416e-14,2.53446812e-13,7.327135698e-14,2.040406045e-13,3.044688431e-13,1.48025707e-13,4.006488226e-13,3.414401878e-13,1.57062217e-13,3.445534068e-13,1.313406009e-13
168.0625,6.841888786e-13,2.039509326e-13,5.587702195e-13,3.984885427e-13,5.717034541e-13,1.529155804e-13,9.928615062e-14,9.344288918e-14,1.023341769e-13,7.306649938e-14,2.935465029e-13,1.272788836e-13,3.012611992e-13,3.855933718e-13,4.312713246e-13,5.744134599e-13,7.660926016e-13,8.423306322e-13,2.439981684e-13,2.981292639e-13,3.974780937e-14,8.499302405e-14,2.553916691e-13,7.326540882e-14,2.033937495e-13,3.036041157e-13,1.458390689e-13,3.968461686e-13,3.479630216e-13,1.562937644e-13,3.431673014e-13,1.305083083e-13
168.0703125,6.836139954e-13,2.034257447e-13,5.587719734e-13,3.97555911e-13,5.716910562e-13,1.523199299e-13,1.00541524e-13,9.261724199e-14,1.019672783e-13,7.165028044e-14,2.9056518e-13,1.260892431e-13,2.962959703e-13,3.834684104e-13,4.290690022e-13,5.678093003e-13,7.566125296e-13,8.389518621e-13,2.406331147e-13,2.925308344e-13,3.985650656e-14,8.506800093e-14,2.572809369e-13,7.327916892e-14,2.026844856e-13,3.025445028e-13,1.437283332e-13,3.928706701e-13,3.543281862e-13,1.554089605e-13,3.418045561e-13,1.296169159e-13
168.078125,6.826135693e-13,2.027115035e-13,5.58612139e-13,3.967207149e-13,5.714695479e-13,1.517042338e-13,1.017270018e-13,9.176854421e-14,1.015457919e-13,7.022996601e-14,2.875051445e-13,1.248101716e-13,2.912986645e-13,3.811635895e-13,4.267823475e-13,5.611468139e-13,7.467932339e-13,8.350217353e-13,2.371788803e-13,2.868261951e-13,3.996842545e-14,8.511180313e-14,2.590850413e-13,7.33251779e-14,2.018268987e-13,3.013669701e-13,1.415998918e-13,3.88775856e-13,3.605346857e-13,1.545381463e-13,3.402344668e-13,1.286975666e-13
168.0859375,6.812961563e-13,2.017667453e-13,5.581689686e-13,3.958116774e-13,5.710215489e-13,1.509899645e-13,1.027880564e-13,9.089183791e-14,1.011090576e-13,6.883259468e-14,2.844683995e-13,1.235101887e-13,2.861236671e-13,3.786945906e-13,4.242459341e-13,5.541668302e-13,7.366651421e-13,8.305765086e-13,2.336723262e-13,2.81194384e-13,4.00866501e-14,8.511884653e-14,2.607901573e-13,7.33327112e-14,2.008380085e-13,3.001286224e-13,1.393904329e-13,3.846464554e-13,3.666065465e-13,1.537058821e-13,3.383377767e-13,1.277858765e-13
168.09375,6.798846419e-13,2.008344587e-13,5.574576619e-13,3.947742958e-13,5.704874607e-13,1.50197372e-13,1.03743269e-13,9.005604362e-14,1.006560373e-13,6.74471948e-14,2.81423004e-13,1.222409434e-13,2.808509799e-13,3.762267445e-13,4.215916401e-13,5.46946365e-13,7.264038263e-13,8.259202271e-13,2.30133564e-13,2.756242083e-13,4.025075599e-14,8.508554657e-14,2.624328847e-13,7.328648947e-14,1.997563537e-13,2.987867513e-13,1.372231294e-13,3.804935409e-13,3.724409309e-13,1.528641653e-13,3.362778389e-13,1.268757132e-13
168.1015625,6.783282865e-13,2.002090679e-13,5.565408895e-13,3.938770168e-13,5.698834995e-13,1.494445201e-13,1.04681752e-13,8.933121981e-14,1.002323774e-13,6.612834911e-14,2.78295636e-13,1.209970848e-13,2.755941417e-13,3.737375583e-13,4.18971513e-13,5.398209015e-13,7.160695503e-13,8.209879043e-13,2.266004274e-13,2.700682383e-13,4.046035467e-14,8.504251627e-14,2.640649476e-13,7.326977547e-14,1.98567424e-13,2.972875692e-13,1.351452449e-13,3.76521519e-13,3.780376025e-13,1.520270514e-13,3.340840846e-13,1.259490557e-13
168.109375,6.766256927e-13,1.998154552e-13,5.55270595e-13,3.931639104e-13,5.693508794e-13,1.487772603e-13,1.056019489e-13,8.86889473e-14,9.98924525e-14,6.488083694e-14,2.751191295e-13,1.198111646e-13,2.703814756e-13,3.712818763e-13,4.163334376e-13,5.328461869e-13,7.057060158e-13,8.156287584e-13,2.231485231e-13,2.646018729e-13,4.071452901e-14,8.502544883e-14,2.656940584e-13,7.329497813e-14,1.972913909e-13,2.956636358e-13,1.330732255e-13,3.727783511e-13,3.834372536e-13,1.511589502e-13,3.317513445e-13,1.249997761e-13
168.1171875,6.74953007e-13,1.991293864e-13,5.53781329e-13,3.922681342e-13,5.69108656e-13,1.481444574e-13,1.064352621e-13,8.805257406e-14,9.9612408e-14,6.36298855e-14,2.720151735e-13,1.187016718e-13,2.651885712e-13,3.690070443e-13,4.136832924e-13,5.258726607e-13,6.953031613e-13,8.099772113e-13,2.197397658e-13,2.593912584e-13,4.10383886e-14,8.504124257e-14,2.672505964e-13,7.329071933e-14,1.959529006e-13,2.940537629e-13,1.310350037e-13,3.689371997e-13,3.88716636e-13,1.502377923e-13,3.294370084e-13,1.240527809e-13
168.125,6.733989423e-13,1.979475208e-13,5.523184422e-13,3.910656969e-13,5.690863844e-13,1.47494149e-13,1.07190296e-13,8.740995394e-14,9.937272739e-14,6.238853754e-14,2.690258837e-13,1.176372494e-13,2.599309356e-13,3.668404394e-13,4.109893504e-13,5.187356999e-13,6.846585903e-13,8.040392427e-13,2.162768926e-13,2.543397098e-13,4.139291663e-14,8.509029656e-14,2.686778413e-13,7.324863284e-14,1.945152953e-13,2.924699409e-13,1.290679223e-13,3.649334796e-13,3.940044147e-13,1.493345514e-13,3.271479179e-13,1.231236708e-13
168.1328125,6.717832856e-13,1.967371176e-13,5.50639393e-13,3.898922698e-13,5.689698209e-13,1.468208689e-13,1.079040511e-13,8.68076851e-14,9.915153171e-14,6.119622702e-14,2.660223259e-13,1.165791003e-13,2.545743864e-13,3.646011837e-13,4.081241384e-13,5.113621111e-13,6.737574136e-13,7.976564331e-13,2.127735045e-13,2.492006892e-13,4.171686156e-14,8.51394573e-14,2.700081203e-13,7.323007412e-14,1.929540306e-13,2.907384762e-13,1.271054618e-13,3.609811903e-13,3.991970855e-13,1.48432603e-13,3.246803908e-13,1.221752844e-13
168.140625,6.69810822e-13,1.95736194e-13,5.486497218e-13,3.888169275e-13,5.685978404e-13,1.461716871e-13,1.085639374e-13,8.627525562e-14,9.888821357e-14,6.001133829e-14,2.629445142e-13,1.155120996e-13,2.492230579e-13,3.623080292e-13,4.052803299e-13,5.040561867e-13,6.629440952e-13,7.909514038e-13,2.09310075e-13,2.441065541e-13,4.204680774e-14,8.51206194e-14,2.712682309e-13,7.328084029e-14,1.913009714e-13,2.888371703e-13,1.251982047e-13,3.570038798e-13,4.041733343e-13,1.474740757e-13,3.220034905e-13,1.211836947e-13
168.1484375,6.676167483e-13,1.947543849e-13,5.466287216e-13,3.875611479e-13,5.682087447e-13,1.455846704e-13,1.09176716e-13,8.577347501e-14,9.860262276e-14,5.883915882e-14,2.599148525e-13,1.144850764e-13,2.439678083e-13,3.602002535e-13,4.026916812e-13,4.97057498e-13,6.523514432e-13,7.841216571e-13,2.059417962e-13,2.392503125e-13,4.243331948e-14,8.505545234e-14,2.724605859e-13,7.338047117e-14,1.895975573e-13,2.869006604e-13,1.234470344e-13,3.530039424e-13,4.089723791e-13,1.465231047e-13,3.193273535e-13,1.201758558e-13
168.15625,6.656246053e-13,1.939095674e-13,5.444549409e-13,3.861473523e-13,5.680675137e-13,1.450201848e-13,1.097798547e-13,8.522520237e-14,9.835419101e-14,5.774606899e-14,2.569414272e-13,1.135340604e-13,2.387779052e-13,3.583928128e-13,4.001284768e-13,4.900171215e-13,6.416883955e-13,7.770683244e-13,2.026388097e-13,2.344454179e-13,4.284978563e-14,8.503729828e-14,2.736224128e-13,7.34708111e-14,1.87854451e-13,2.849189057e-13,1.21763879e-13,3.492948751e-13,4.134531022e-13,1.45611376e-13,3.167771374e-13,1.19162878e-13
168.1640625,6.636962698e-13,1.932081171e-13,5.419818323e-13,3.847009083e-13,5.680486115e-13,1.44454853e-13,1.103510851e-13,8.463055795e-14,9.811097717e-14,5.673572116e-14,2.539236024e-13,1.126098273e-13,2.335852533e-13,3.566759911e-13,3.974093008e-13,4.826849484e-13,6.307330132e-13,7.697196911e-13,1.993190982e-13,2.295911852e-13,4.327839356e-14,8.505399041e-14,2.7472361e-13,7.35556534e-14,1.860276433e-13,2.828103826e-13,1.20052585e-13,3.457942697e-13,4.176054758e-13,1.446888155e-13,3.142477522e-13,1.181231242e-13
168.171875,6.614540682e-13,1.921458634e-13,5.394156963e-13,3.830951451e-13,5.680114724e-13,1.43935173e-13,1.108165992e-13,8.407486795e-14,9.786244734e-14,5.577973402e-14,2.509232453e-13,1.117184361e-13,2.283473059e-13,3.549223527e-13,3.946712715e-13,4.752591105e-13,6.195377974e-13,7.621982882e-13,1.960266783e-13,2.248312556e-13,4.372943531e-14,8.503480123e-14,2.756487105e-13,7.366434854e-14,1.840563593e-13,2.805794736e-13,1.183453717e-13,3.421600505e-13,4.217175438e-13,1.437656941e-13,3.116076523e-13,1.170422591e-13
168.1796875,6.590657768e-13,1.907390183e-13,5.365380363e-13,3.813060283e-13,5.679977892e-13,1.434270196e-13,1.111584626e-13,8.358978597e-14,9.764997302e-14,5.486288751e-14,2.479911298e-13,1.108943351e-13,2.230356363e-13,3.532214142e-13,3.918723349e-13,4.677220202e-13,6.082116995e-13,7.544087522e-13,1.928291539e-13,2.201877873e-13,4.418110332e-14,8.498683671e-14,2.763515322e-13,7.376369358e-14,1.819395053e-13,2.782323556e-13,1.166173381e-13,3.384738738e-13,4.256602459e-13,1.428438893e-13,3.088221622e-13,1.159125621e-13
168.1875,6.566662892e-13,1.895524072e-13,5.330448422e-13,3.793911175e-13,5.678512894e-13,1.428338745e-13,1.114233602e-13,8.314485022e-14,9.743756892e-14,5.395852498e-14,2.450428732e-13,1.100122695e-13,2.176128618e-13,3.514530451e-13,3.888709456e-13,4.598840598e-13,5.968164371e-13,7.460941502e-13,1.895730942e-13,2.156861538e-13,4.461701438e-14,8.492287749e-14,2.768583855e-13,7.387299156e-14,1.796961493e-13,2.757685862e-13,1.148280792e-13,3.348519277e-13,4.290840696e-13,1.41899926e-13,3.058230542e-13,1.147284222e-13
168.1953125,6.540097923e-13,1.885542159e-13,5.293384036e-13,3.773368552e-13,5.674887886e-13,1.422032398e-13,1.116176455e-13,8.274609059e-14,9.720657107e-14,5.306822396e-14,2.421267361e-13,1.08997329e-13,2.120731371e-13,3.495202589e-13,3.857471371e-13,4.518660333e-13,5.853831339e-13,7.37370225e-13,1.861555528e-13,2.114402895e-13,4.505644756e-14,8.483543169e-14,2.77213121e-13,7.404917444e-14,1.773117232e-13,2.732097501e-13,1.130821268e-13,3.3114355e-13,4.320797962e-13,1.409887369e-13,3.025919369e-13,1.135080678e-13
168.203125,6.511063882e-13,1.873595693e-13,5.257592217e-13,3.752872027e-13,5.671359412e-13,1.416558373e-13,1.117051679e-13,8.23868673e-14,9.700776795e-14,5.22158912e-14,2.393454501e-13,1.080300419e-13,2.06546859e-13,3.477167658e-13,3.826409639e-13,4.438956508e-13,5.739731021e-13,7.286445261e-13,1.827794729e-13,2.073341985e-13,4.552736514e-14,8.475101417e-14,2.774810364e-13,7.420513152e-14,1.748191776e-13,2.70537954e-13,1.114738134e-13,3.273706581e-13,4.348107421e-13,1.401247596e-13,2.993786595e-13,1.122772793e-13
168.2109375,6.480956061e-13,1.85925178e-13,5.220962543e-13,3.732449033e-13,5.667554239e-13,1.411724634e-13,1.117076791e-13,8.201164648e-14,9.679855268e-14,5.139477554e-14,2.366027048e-13,1.072128979e-13,2.01175091e-13,3.461491347e-13,3.796565267e-13,4.36033043e-13,5.626747248e-13,7.200224107e-13,1.795840551e-13,2.031154077e-13,4.605333377e-14,8.46477798e-14,2.776568031e-13,7.428734172e-14,1.722807811e-13,2.677139903e-13,1.099313507e-13,3.236328319e-13,4.372935388e-13,1.392356956e-13,2.963469761e-13,1.110226302e-13
168.21875,6.449754528e-13,1.843407239e-13,5.181543376e-13,3.709438038e-13,5.662185269e-13,1.406669655e-13,1.116779891e-13,8.162200666e-14,9.652594552e-14,5.061471742e-14,2.337821731e-13,1.064109298e-13,1.958679316e-13,3.445796228e-13,3.767960194e-13,4.282165755e-13,5.514304867e-13,7.111857651e-13,1.76452184e-13,1.988228325e-13,4.662032133e-14,8.448439855e-14,2.776750765e-13,7.444016143e-14,1.69654108e-13,2.647478052e-13,1.083574437e-13,3.199174106e-13,4.395526187e-13,1.383206477e-13,2.932091241e-13,1.097203767e-13
168.2265625,6.419384975e-13,1.828188008e-13,5.138888236e-13,3.684676915e-13,5.657732026e-13,1.401411049e-13,1.116073158e-13,8.126035156e-14,9.627415175e-14,4.990937455e-14,2.309016004e-13,1.055675545e-13,1.90494576e-13,3.430333244e-13,3.739197814e-13,4.204090062e-13,5.401076187e-13,7.019063238e-13,1.73310807e-13,1.947599561e-13,4.71870527e-14,8.432348676e-14,2.775457891e-13,7.470130069e-14,1.668876885e-13,2.617042458e-13,1.067915465e-13,3.163666239e-13,4.414432947e-13,1.374173976e-13,2.897685289e-13,1.083995831e-13
168.234375,6.390442745e-13,1.81581525e-13,5.093658961e-13,3.660939801e-13,5.654137569e-13,1.39649584e-13,1.11456293e-13,8.091929842e-14,9.609312356e-14,4.925355054e-14,2.280205621e-13,1.047600157e-13,1.851467583e-13,3.416594934e-13,3.71044044e-13,4.127112117e-13,5.287811029e-13,6.923912291e-13,1.701980585e-13,1.90999533e-13,4.77663661e-14,8.420387947e-14,2.772903637e-13,7.494457568e-14,1.640530622e-13,2.586185971e-13,1.053330486e-13,3.130665987e-13,4.428719133e-13,1.365250917e-13,2.862886047e-13,1.070952351e-13
168.2421875,6.360239316e-13,1.803741322e-13,5.047148459e-13,3.637288881e-13,5.648428562e-13,1.392421795e-13,1.112054525e-13,8.060208559e-14,9.592383568e-14,4.859425518e-14,2.252083674e-13,1.039872813e-13,1.798893347e-13,3.403894201e-13,3.683090141e-13,4.051782752e-13,5.175798456e-13,6.828980806e-13,1.671151021e-13,1.872817542e-13,4.840533554e-14,8.406745753e-14,2.768828115e-13,7.515979842e-14,1.61187643e-13,2.554319249e-13,1.039664771e-13,3.09818363e-13,4.439557618e-13,1.35652745e-13,2.828867744e-13,1.057968657e-13
168.25,6.329532829e-13,1.789099926e-13,4.998298389e-13,3.612287832e-13,5.642702606e-13,1.38938628e-13,1.108536092e-13,8.03409167e-14,9.575608163e-14,4.794752175e-14,2.224602233e-13,1.032113008e-13,1.746133561e-13,3.392480018e-13,3.656376488e-13,3.97700293e-13,5.064474615e-13,6.733586133e-13,1.640671861e-13,1.836009537e-13,4.908826361e-14,8.393087944e-14,2.763493498e-13,7.536151451e-14,1.582332692e-13,2.521263469e-13,1.026083825e-13,3.065337019e-13,4.446222814e-13,1.347805566e-13,2.793847972e-13,1.045049456e-13
168.2578125,6.300222395e-13,1.773979248e-13,4.946566243e-13,3.586203274e-13,5.639672967e-13,1.386901022e-13,1.104407454e-13,8.011783922e-14,9.562129552e-14,4.737881862e-14,2.196920089e-13,1.024586162e-13,1.693266116e-13,3.383458488e-13,3.629443204e-13,3.902227737e-13,4.953723952e-13,6.637401516e-13,1.610915512e-13,1.802430261e-13,4.974712491e-14,8.384299967e-14,2.757141052e-13,7.549231422e-14,1.552164537e-13,2.487910988e-13,1.012878993e-13,3.032968617e-13,4.448152837e-13,1.33887144e-13,2.758529601e-13,1.032123037e-13
168.265625,6.269567659e-13,1.759841303e-13,4.894303792e-13,3.5584708e-13,5.63639179e-13,1.38436887e-13,1.100177737e-13,7.991447118e-14,9.550285673e-14,4.691057441e-14,2.169348618e-13,1.017371513e-13,1.641556e-13,3.375926862e-13,3.60351253e-13,3.827652584e-13,4.844533671e-13,6.542332541e-13,1.581704508e-13,1.771038734e-13,5.03506645e-14,8.373388285e-14,2.749387879e-13,7.562897037e-14,1.522123893e-13,2.454292761e-13,1.00070946e-13,3.001120621e-13,4.44776298e-13,1.330385698e-13,2.724371361e-13,1.018605058e-13
168.2734375,6.235614631e-13,1.745215837e-13,4.84148469e-13,3.52865491e-13,5.630382416e-13,1.381827316e-13,1.095674759e-13,7.976610846e-14,9.538518886e-14,4.650128035e-14,2.142605743e-13,1.010135249e-13,1.590819167e-13,3.368732961e-13,3.57887433e-13,3.753127673e-13,4.736213979e-13,6.447575317e-13,1.552359317e-13,1.739160272e-13,5.093670489e-14,8.355360397e-14,2.740299493e-13,7.585313206e-14,1.491812133e-13,2.419709497e-13,9.889127569e-14,2.969696836e-13,4.445306509e-13,1.322518365e-13,2.68990466e-13,1.004622207e-13
168.28125,6.199621824e-13,1.729811512e-13,4.78619838e-13,3.497867313e-13,5.623070575e-13,1.379376961e-13,1.09037612e-13,7.966990626e-14,9.529513921e-14,4.613123087e-14,2.116195641e-13,1.003032715e-13,1.540276686e-13,3.362316118e-13,3.554341205e-13,3.678668024e-13,4.627234968e-13,6.350133324e-13,1.522680671e-13,1.708686286e-13,5.155012897e-14,8.337263223e-14,2.729956111e-13,7.604043807e-14,1.460565308e-13,2.384524661e-13,9.767706566e-14,2.938429027e-13,4.438325706e-13,1.314470988e-13,2.654704883e-13,9.910332072e-14
168.2890625,6.162757402e-13,1.71422109e-13,4.729148943e-13,3.467291636e-13,5.616256135e-13,1.37691808e-13,1.084260503e-13,7.955819319e-14,9.524240362e-14,4.58346282e-14,2.090143905e-13,9.964937705e-14,1.490249632e-13,3.357819599e-13,3.529999531e-13,3.604280472e-13,4.518078563e-13,6.251074633e-13,1.493241396e-13,1.680950915e-13,5.218969042e-14,8.323356145e-14,2.717838397e-13,7.61498855e-14,1.428637269e-13,2.349079338e-13,9.648798558e-14,2.907140737e-13,4.426297613e-13,1.306304743e-13,2.620505978e-13,9.77541698e-14
168.296875,6.126454118e-13,1.698749579e-13,4.67095629e-13,3.436504832e-13,5.610051104e-13,1.37449068e-13,1.077677155e-13,7.940639014e-14,9.517424953e-14,4.561001292e-14,2.065088184e-13,9.901987338e-14,1.440988509e-13,3.355074175e-13,3.506940048e-13,3.530610539e-13,4.410565445e-13,6.153425239e-13,1.464269659e-13,1.653722099e-13,5.285217567e-14,8.309636996e-14,2.704328931e-13,7.63313078e-14,1.396496055e-13,2.313018865e-13,9.536481583e-14,2.877280862e-13,4.409842648e-13,1.298663354e-13,2.586684869e-13,9.633425396e-14
168.3046875,6.089700302e-13,1.683583999e-13,4.61118869e-13,3.403860327e-13,5.602197736e-13,1.371920755e-13,1.070843744e-13,7.927735359e-14,9.506254957e-14,4.542560528e-14,2.040340502e-13,9.835323003e-14,1.392134345e-13,3.351799343e-13,3.485088918e-13,3.459192503e-13,4.305600926e-13,6.056422553e-13,1.435209125e-13,1.627481363e-13,5.354176333e-14,8.292821136e-14,2.690434154e-13,7.658379571e-14,1.36423726e-13,2.276581575e-13,9.424981594e-14,2.849076752e-13,4.38929729e-13,1.291406873e-13,2.551512518e-13,9.489559666e-14
168.3125,6.049245335e-13,1.667461067e-13,4.550724361e-13,3.369121733e-13,5.590683679e-13,1.36896141e-13,1.063822294e-13,7.922898136e-14,9.497592499e-14,4.530338503e-14,2.01525941e-13,9.768008885e-14,1.344264067e-13,3.347403839e-13,3.463338664e-13,3.389615552e-13,4.202445695e-13,5.958315532e-13,1.40619899e-13,1.60392912e-13,5.421711483e-14,8.272668313e-14,2.675828688e-13,7.678860675e-14,1.331923098e-13,2.239879568e-13,9.313369479e-14,2.82020296e-13,4.366270509e-13,1.284065808e-13,2.516117825e-13,9.350412984e-14
168.3203125,6.006718491e-13,1.649716028e-13,4.489987516e-13,3.332933374e-13,5.576332678e-13,1.365867817e-13,1.056672124e-13,7.924166272e-14,9.494354155e-14,4.525703218e-14,1.990392696e-13,9.706292179e-14,1.298500535e-13,3.344088504e-13,3.441656962e-13,3.320304672e-13,4.099887186e-13,5.859798427e-13,1.378013051e-13,1.58083563e-13,5.485583968e-14,8.248588591e-14,2.659656621e-13,7.700166208e-14,1.299716284e-13,2.20252205e-13,9.20739683e-14,2.790336681e-13,4.342606347e-13,1.276476763e-13,2.482199046e-13,9.211227273e-14
168.328125,5.964230271e-13,1.632325464e-13,4.429585549e-13,3.295002998e-13,5.560356772e-13,1.363058409e-13,1.04938429e-13,7.926934421e-14,9.490346386e-14,4.525491101e-14,1.966026286e-13,9.648958057e-14,1.25424971e-13,3.342118212e-13,3.421514584e-13,3.251965056e-13,3.997994493e-13,5.761467633e-13,1.350346078e-13,1.556967733e-13,5.551221471e-14,8.221047538e-14,2.642174796e-13,7.729359976e-14,1.267573826e-13,2.165082389e-13,9.106966224e-14,2.761283624e-13,4.31741635e-13,1.269218584e-13,2.449113312e-13,9.067985605e-14
168.3359375,5.919154029e-13,1.61601764e-13,4.371567698e-13,3.256915466e-13,5.54452033e-13,1.361122963e-13,1.041823534e-13,7.927480351e-14,9.487164478e-14,4.531303942e-14,1.94232765e-13,9.594525988e-14,1.21006453e-13,3.341143929e-13,3.403653382e-13,3.1854029e-13,3.8979316e-13,5.663384356e-13,1.322803452e-13,1.535177383e-13,5.620682959e-14,8.195305946e-14,2.623940567e-13,7.75626566e-14,1.235311846e-13,2.128122812e-13,9.008887311e-14,2.733239684e-13,4.288213916e-13,1.263081382e-13,2.416075712e-13,8.924411451e-14
168.34375,5.873349231e-13,1.598904231e-13,4.31485393e-13,3.22001921e-13,5.530974216e-13,1.360636679e-13,1.033982002e-13,7.923015148e-14,9.49040932e-14,4.544973984e-14,1.919503056e-13,9.544320673e-14,1.166043405e-13,3.342951367e-13,3.387345472e-13,3.119842661e-13,3.800349668e-13,5.566510719e-13,1.29604944e-13,1.517102541e-13,5.688778967e-14,8.174991962e-14,2.604515889e-13,7.777761962e-14,1.203011207e-13,2.090937607e-13,8.914304026e-14,2.705523227e-13,4.255626749e-13,1.25727734e-13,2.383561371e-13,8.783637012e-14
168.3515625,5.830843901e-13,1.579745396e-13,4.256475645e-13,3.180341574e-13,5.51686559e-13,1.361102536e-13,1.026073783e-13,7.919061385e-14,9.49470787e-14,4.561484689e-14,1.896804228e-13,9.494013445e-14,1.122553935e-13,3.346545841e-13,3.372321047e-13,3.055782736e-13,3.704893191e-13,5.470883971e-13,1.269816045e-13,1.501271979e-13,5.753343659e-14,8.153457207e-14,2.582927649e-13,7.803814691e-14,1.170656393e-13,2.052993907e-13,8.820899235e-14,2.67764463e-13,4.221929396e-13,1.250789962e-13,2.351193634e-13,8.641702316e-14
168.359375,5.787378847e-13,1.558609894e-13,4.197670238e-13,3.13597033e-13,5.49827763e-13,1.361923507e-13,1.018150931e-13,7.92305757e-14,9.495764475e-14,4.580246747e-14,1.873789398e-13,9.43962989e-14,1.079143897e-13,3.34934578e-13,3.359114935e-13,2.993940458e-13,3.610912677e-13,5.375687471e-13,1.243085215e-13,1.485714302e-13,5.817854007e-14,8.124053378e-14,2.559152266e-13,7.831352388e-14,1.137848163e-13,2.014217698e-13,8.721862359e-14,2.648913703e-13,4.184931972e-13,1.244716249e-13,2.318412356e-13,8.491676947e-14
168.3671875,5.740121225e-13,1.536744988e-13,4.14024191e-13,3.091899479e-13,5.47823652e-13,1.363683768e-13,1.01001794e-13,7.927533481e-14,9.497553971e-14,4.605750035e-14,1.85124348e-13,9.386492142e-14,1.03655115e-13,3.35323893e-13,3.347449422e-13,2.932933028e-13,3.518513635e-13,5.281734436e-13,1.216628925e-13,1.469952614e-13,5.885603453e-14,8.09134406e-14,2.53424417e-13,7.851020898e-14,1.104746766e-13,1.974610742e-13,8.620720077e-14,2.62008103e-13,4.141887561e-13,1.239691218e-13,2.286998576e-13,8.335857339e-14
168.375,5.69388213e-13,1.516136478e-13,4.083076105e-13,3.04999529e-13,5.460350372e-13,1.366608882e-13,1.001653579e-13,7.923921293e-14,9.501680245e-14,4.637194067e-14,1.82968895e-13,9.341410123e-14,9.958683446e-14,3.360327961e-13,3.336464945e-13,2.872061131e-13,3.428479767e-13,5.190106392e-13,1.191542415e-13,1.455590515e-13,5.955061791e-14,8.061480105e-14,2.508682612e-13,7.86834183e-14,1.072094318e-13,1.935335526e-13,8.530196816e-14,2.593146128e-13,4.095743577e-13,1.234580645e-13,2.258496525e-13,8.185175849e-14
168.3828125,5.649211483e-13,1.496707419e-13,4.026623085e-13,3.007159903e-13,5.442331966e-13,1.370143241e-13,9.932566071e-14,7.918663668e-14,9.509059212e-14,4.675338578e-14,1.808871403e-13,9.305128529e-14,9.562758353e-14,3.369163059e-13,3.326290436e-13,2.81232445e-13,3.340842493e-13,5.099975009e-13,1.167031642e-13,1.443624522e-13,6.022029611e-14,8.034239922e-14,2.482024031e-13,7.88911786e-14,1.039933063e-13,1.897439954e-13,8.453108256e-14,2.568620056e-13,4.048522449e-13,1.229699567e-13,2.231493507e-13,8.041648792e-14
168.390625,5.60319835e-13,1.477112281e-13,3.971347244e-13,2.963041743e-13,5.421456015e-13,1.374260333e-13,9.848420139e-14,7.915923534e-14,9.519591271e-14,4.724165742e-14,1.787925721e-13,9.270976107e-14,9.171183471e-14,3.378552601e-13,3.317859718e-13,2.754222912e-13,3.255438359e-13,5.010373882e-13,1.142449695e-13,1.433155705e-13,6.088347244e-14,8.007274243e-14,2.454197999e-13,7.910502874e-14,1.007847789e-13,1.859813605e-13,8.380334974e-14,2.544955651e-13,3.997496345e-13,1.225925784e-13,2.204563725e-13,7.897077441e-14
168.3984375,5.557817915e-13,1.457657963e-13,3.914674631e-13,2.918239229e-13,5.398928429e-13,1.378925442e-13,9.762045203e-14,7.912865906e-14,9.526850973e-14,4.777902625e-14,1.766035755e-13,9.229987477e-14,8.792329058e-14,3.38854549e-13,3.311806585e-13,2.698566454e-13,3.173552322e-13,4.922457678e-13,1.118557367e-13,1.424456823e-13,6.159882806e-14,7.9786954e-14,2.425455223e-13,7.933700433e-14,9.759304282e-14,1.821324277e-13,8.30691322e-14,2.520130451e-13,3.942627393e-13,1.221951385e-13,2.177963319e-13,7.749116533e-14
168.40625,5.514608698e-13,1.438358127e-13,3.857065522e-13,2.872015652e-13,5.378395667e-13,1.384052238e-13,9.673653685e-14,7.911879985e-14,9.529363706e-14,4.82801635e-14,1.744329588e-13,9.185490563e-14,8.427828587e-14,3.400494972e-13,3.308218394e-13,2.646601099e-13,3.096059631e-13,4.838174645e-13,1.095758002e-13,1.418310888e-13,6.236316291e-14,7.949440752e-14,2.395819445e-13,7.957654103e-14,9.443951455e-14,1.782676091e-13,8.236578263e-14,2.494001423e-13,3.886690858e-13,1.217092846e-13,2.152156724e-13,7.602153294e-14
168.4140625,5.471547457e-13,1.417864918e-13,3.802341432e-13,2.825426577e-13,5.360167433e-13,1.390201018e-13,9.58760821e-14,7.913263502e-14,9.533670097e-14,4.879135435e-14,1.724562257e-13,9.148231287e-14,8.073704426e-14,3.415780434e-13,3.306683975e-13,2.597736722e-13,3.022014473e-13,4.756773738e-13,1.073709022e-13,1.413821965e-13,6.314766637e-14,7.922037102e-14,2.365579746e-13,7.976757552e-14,9.132861618e-14,1.744580131e-13,8.172840259e-14,2.468834781e-13,3.829606789e-13,1.212804716e-13,2.127697173e-13,7.458433732e-14
168.421875,5.427098584e-13,1.396284868e-13,3.750217741e-13,2.778830483e-13,5.338381321e-13,1.397077122e-13,9.507636619e-14,7.9141371e-14,9.543255038e-14,4.942089571e-14,1.705912615e-13,9.1160373e-14,7.733350664e-14,3.431601029e-13,3.30656911e-13,2.550940194e-13,2.951066732e-13,4.675239826e-13,1.052187981e-13,1.411135457e-13,6.393969791e-14,7.894601722e-14,2.334973213e-13,7.994557133e-14,8.827145144e-14,1.706928272e-13,8.116449348e-14,2.445833145e-13,3.770431053e-13,1.209581114e-13,2.104504942e-13,7.318087469e-14
168.4296875,5.380997251e-13,1.37490107e-13,3.69836692e-13,2.730783778e-13,5.311422244e-13,1.403672753e-13,9.432033171e-14,7.916091438e-14,9.559176536e-14,5.020067465e-14,1.686710959e-13,9.083611175e-14,7.407894498e-14,3.445782876e-13,3.307319761e-13,2.506130041e-13,2.883386974e-13,4.593089539e-13,1.031088084e-13,1.411157534e-13,6.469925292e-14,7.86602026e-14,2.303739636e-13,8.014119997e-14,8.526478159e-14,1.669676017e-13,8.06875072e-14,2.423814901e-13,3.709494738e-13,1.20667257e-13,2.081711601e-13,7.180652683e-14
168.4375,5.335295302e-13,1.354119016e-13,3.64804001e-13,2.682405053e-13,5.28584134e-13,1.410705588e-13,9.357100628e-14,7.917363617e-14,9.57837245e-14,5.106643854e-14,1.667357223e-13,9.057485739e-14,7.094554542e-14,3.461735114e-13,3.30858532e-13,2.46249041e-13,2.81824966e-13,4.512803078e-13,1.010525038e-13,1.412868752e-13,6.543716312e-14,7.839774821e-14,2.272018435e-13,8.031784849e-14,8.2303722e-14,1.632912764e-13,8.028889442e-14,2.402311066e-13,3.647243837e-13,1.203877596e-13,2.059803185e-13,7.045257797e-14
168.4453125,5.291412366e-13,1.333060619e-13,3.601132606e-13,2.634814454e-13,5.262360002e-13,1.419278685e-13,9.283774228e-14,7.917234763e-14,9.59145355e-14,5.193435648e-14,1.648866355e-13,9.039597823e-14,6.795605087e-14,3.48039002e-13,3.311199659e-13,2.42038181e-13,2.756512986e-13,4.435686496e-13,9.908929591e-14,1.416139552e-13,6.624317943e-14,7.812769496e-14,2.240046964e-13,8.051200345e-14,7.9413849e-14,1.596942744e-13,7.991754207e-14,2.381342405e-13,3.585572695e-13,1.201325633e-13,2.039465605e-13,6.911144015e-14
168.453125,5.245141634e-13,1.309658034e-13,3.556937463e-13,2.585651184e-13,5.235229597e-13,1.428501279e-13,9.215196734e-14,7.921702542e-14,9.597256426e-14,5.280083666e-14,1.631239247e-13,9.022369124e-14,6.512179066e-14,3.498679649e-13,3.31668663e-13,2.382100408e-13,2.699812968e-13,4.361258932e-13,9.722490354e-14,1.421835603e-13,6.710967925e-14,7.777609939e-14,2.206982041e-13,8.071422801e-14,7.660620136e-14,1.561841152e-13,7.955527364e-14,2.35946902e-13,3.525843959e-13,1.199240941e-13,2.019855368e-13,6.77601199e-14
168.4609375,5.194684701e-13,1.284194521e-13,3.513557896e-13,2.534702147e-13,5.205361493e-13,1.437490695e-13,9.149379729e-14,7.926977929e-14,9.604339865e-14,5.372265682e-14,1.61419757e-13,9.004224727e-14,6.239278285e-14,3.517309776e-13,3.324601084e-13,2.347005263e-13,2.646521787e-13,4.288727943e-13,9.542236713e-14,1.428831832e-13,6.794408774e-14,7.738746351e-14,2.172281332e-13,8.082490574e-14,7.385283049e-14,1.526853225e-13,7.925004381e-14,2.336634149e-13,3.464583477e-13,1.197695451e-13,2.001141136e-13,6.639878901e-14
168.46875,5.145754694e-13,1.261027022e-13,3.470204459e-13,2.485336124e-13,5.176239628e-13,1.446687898e-13,9.082091275e-14,7.926556614e-14,9.616583086e-14,5.47237919e-14,1.597740879e-13,8.986109105e-14,5.975540715e-14,3.537820351e-13,3.33345756e-13,2.313192253e-13,2.595222135e-13,4.217337211e-13,9.365147739e-14,1.437221645e-13,6.875759036e-14,7.706468941e-14,2.137199502e-13,8.093700379e-14,7.114465586e-14,1.491998162e-13,7.902625349e-14,2.315098218e-13,3.398105777e-13,1.196181841e-13,1.984328318e-13,6.508187865e-14
168.4765625,5.099281333e-13,1.241432187e-13,3.428576503e-13,2.437447599e-13,5.145567402e-13,1.455929833e-13,9.015744786e-14,7.927701034e-14,9.632450519e-14,5.580667532e-14,1.581787634e-13,8.966321276e-14,5.726979083e-14,3.558189638e-13,3.343481517e-13,2.282420143e-13,2.547959489e-13,4.147408312e-13,9.191069122e-14,1.448850685e-13,6.961083527e-14,7.678676345e-14,2.102895102e-13,8.117261821e-14,6.852688063e-14,1.458404629e-13,7.884140429e-14,2.294929338e-13,3.329210797e-13,1.194639696e-13,1.968699409e-13,6.382122613e-14
168.484375,5.049923322e-13,1.220837357e-13,3.390474978e-13,2.387543532e-13,5.111995224e-13,1.465205414e-13,8.95653689e-14,7.933077104e-14,9.64889969e-14,5.6967948e-14,1.565813841e-13,8.948667199e-14,5.494717993e-14,3.577772804e-13,3.355372435e-13,2.255689002e-13,2.505075798e-13,4.080150426e-13,9.023401374e-14,1.46274965e-13,7.049982409e-14,7.645929385e-14,2.068694581e-13,8.135564351e-14,6.604309556e-14,1.425783761e-13,7.86711601e-14,2.274093853e-13,3.262772748e-13,1.193572177e-13,1.953662997e-13,6.256761172e-14
168.4921875,4.999338095e-13,1.19708392e-13,3.355051197e-13,2.335437622e-13,5.078332781e-13,1.476505925e-13,8.904589383e-14,7.93808142e-14,9.666104906e-14,5.815853248e-14,1.549540115e-13,8.937709479e-14,5.270870437e-14,3.598739836e-13,3.369613827e-13,2.231527178e-13,2.46497704e-13,4.016087288e-13,8.866513482e-14,1.477319275e-13,7.141796899e-14,7.609393733e-14,2.03357612e-13,8.136881015e-14,6.366183768e-14,1.393150771e-13,7.856338076e-14,2.253129924e-13,3.198668961e-13,1.192925039e-13,1.940193745e-13,6.132667168e-14
168.5,4.951989886e-13,1.172619024e-13,3.320965405e-13,2.28359199e-13,5.044702989e-13,1.490287498e-13,8.855551983e-14,7.946988129e-14,9.688889555e-14,5.934916643e-14,1.533400508e-13,8.929845937e-14,5.05429254e-14,3.621600514e-13,3.38678424e-13,2.210870202e-13,2.428697912e-13,3.95457368e-13,8.717521083e-14,1.49317751e-13,7.234831933e-14,7.575909022e-14,1.997734802e-13,8.140630476e-14,6.132249578e-14,1.361254664e-13,7.854637555e-14,2.233554316e-13,3.134024059e-13,1.192548319e-13,1.928610903e-13,6.012571194e-14
168.5078125,4.90388692e-13,1.148575747e-13,3.287897572e-13,2.232026406e-13,5.007880314e-13,1.503229877e-13,8.80957348e-14,7.958568168e-14,9.710573214e-14,6.060316688e-14,1.517387471e-13,8.918299965e-14,4.85212824e-14,3.643271304e-13,3.405213613e-13,2.193994348e-13,2.396531778e-13,3.894094585e-13,8.566885868e-14,1.510718934e-13,7.323460949e-14,7.540487746e-14,1.961942581e-13,8.157773514e-14,5.903787502e-14,1.330614188e-13,7.854992745e-14,2.213671494e-13,3.068112086e-13,1.192485195e-13,1.917836804e-13,5.893192007e-14
168.515625,4.852249612e-13,1.124490997e-13,3.255513529e-13,2.179327016e-13,4.967873346e-13,1.514086464e-13,8.770077189e-14,7.964305842e-14,9.720135261e-14,6.197117301e-14,1.501269463e-13,8.900133615e-14,4.6620939e-14,3.661328002e-13,3.422895496e-13,2.177942242e-13,2.366108804e-13,3.834597176e-13,8.413582627e-14,1.529993733e-13,7.409539371e-14,7.497063874e-14,1.926508681e-13,8.178853913e-14,5.685362779e-14,1.300099061e-13,7.852184659e-14,2.191882047e-13,3.001873886e-13,1.192394991e-13,1.907013819e-13,5.774112904e-14
168.5234375,4.802735697e-13,1.100741379e-13,3.22426692e-13,2.126473548e-13,4.927933986e-13,1.52607253e-13,8.736172029e-14,7.968370926e-14,9.728713679e-14,6.340224987e-14,1.485799918e-13,8.879204985e-14,4.477939956e-14,3.678931248e-13,3.441745402e-13,2.162836387e-13,2.337753743e-13,3.778218834e-13,8.267328984e-14,1.550479218e-13,7.500696178e-14,7.454824927e-14,1.891205131e-13,8.199308309e-14,5.475986231e-14,1.269442935e-13,7.853635286e-14,2.170516974e-13,2.936326499e-13,1.192273244e-13,1.896760473e-13,5.659434668e-14
168.53125,4.75619721e-13,1.077694595e-13,3.194879662e-13,2.075592718e-13,4.887089446e-13,1.540209153e-13,8.705618595e-14,7.974652891e-14,9.745848323e-14,6.485821087e-14,1.470973089e-13,8.860750898e-14,4.304284217e-14,3.698953288e-13,3.463921843e-13,2.151776029e-13,2.31332499e-13,3.724429873e-13,8.129541073e-14,1.570864805e-13,7.596146898e-14,7.418284e-14,1.855749427e-13,8.219729115e-14,5.274205799e-14,1.239649877e-13,7.865756055e-14,2.151337996e-13,2.87257389e-13,1.192505489e-13,1.887999032e-13,5.547684432e-14
168.5390625,4.707283446e-13,1.05521567e-13,3.166556835e-13,2.02591868e-13,4.842505777e-13,1.553900882e-13,8.681171341e-14,7.97677239e-14,9.757321412e-14,6.640275784e-14,1.455321101e-13,8.842170719e-14,4.144305235e-14,3.718446267e-13,3.488170602e-13,2.145112129e-13,2.29174842e-13,3.670469459e-13,7.992028606e-14,1.59250875e-13,7.692500946e-14,7.3774992e-14,1.820247206e-13,8.239083186e-14,5.082488142e-14,1.211216182e-13,7.884277219e-14,2.131955585e-13,2.810953887e-13,1.192855742e-13,1.880245471e-13,5.436646507e-14
168.546875,4.658048684e-13,1.032745893e-13,3.138947215e-13,1.974980584e-13,4.798301153e-13,1.566754653e-13,8.664159741e-14,7.976125284e-14,9.762338258e-14,6.806783186e-14,1.43892667e-13,8.821650365e-14,3.992862505e-14,3.737275557e-13,3.513170398e-13,2.141168857e-13,2.272299945e-13,3.617739862e-13,7.857060978e-14,1.616986663e-13,7.792411186e-14,7.334041816e-14,1.785039445e-13,8.258014008e-14,4.900745121e-14,1.183995832e-13,7.907895966e-14,2.110681943e-13,2.750729222e-13,1.193123709e-13,1.873417715e-13,5.329392424e-14
168.5546875,4.612011533e-13,1.010135754e-13,3.113890806e-13,1.923566391e-13,4.757558375e-13,1.580448974e-13,8.651342317e-14,7.978484004e-14,9.775766405e-14,6.976615851e-14,1.423433744e-13,8.806179847e-14,3.850177917e-14,3.758977612e-13,3.539191421e-13,2.138700491e-13,2.25665702e-13,3.568671915e-13,7.733941481e-14,1.64236981e-13,7.89657962e-14,7.297279361e-14,1.75025075e-13,8.275573787e-14,4.726702201e-14,1.157433583e-13,7.941236326e-14,2.089821603e-13,2.691419151e-13,1.193664307e-13,1.86849052e-13,5.2264326e-14
168.5625,4.563628554e-13,9.883242937e-14,3.093047308e-13,1.873950171e-13,4.713955049e-13,1.594908458e-13,8.644860441e-14,7.983323101e-14,9.790227941e-14,7.144462044e-14,1.409059647e-13,8.795924191e-14,3.719958011e-14,3.780484617e-13,3.566828273e-13,2.137478328e-13,2.245131921e-13,3.521295593e-13,7.621111958e-14,1.668311658e-13,8.003137622e-14,7.260019683e-14,1.715943432e-13,8.290791967e-14,4.562263283e-14,1.131166574e-13,7.98330498e-14,2.070765631e-13,2.633685665e-13,1.194445199e-13,1.864623332e-13,5.125884915e-14
168.5703125,4.510814736e-13,9.663662797e-14,3.075456668e-13,1.824933327e-13,4.665548045e-13,1.609479006e-13,8.648186283e-14,7.990128045e-14,9.794237516e-14,7.3157738e-14,1.395145253e-13,8.782811397e-14,3.599577533e-14,3.798050903e-13,3.595988757e-13,2.138046815e-13,2.236122586e-13,3.474199774e-13,7.512836896e-14,1.695951737e-13,8.112816562e-14,7.2157664e-14,1.682266059e-13,8.306330088e-14,4.40841773e-14,1.105782342e-13,8.031156156e-14,2.051177413e-13,2.578718407e-13,1.195117409e-13,1.860560841e-13,5.02964623e-14
168.578125,4.460007389e-13,9.421001716e-14,3.058587094e-13,1.775449168e-13,4.619143801e-13,1.624648701e-13,8.655187802e-14,7.996247663e-14,9.795276714e-14,7.493461138e-14,1.381888388e-13,8.769402708e-14,3.486460001e-14,3.815607263e-13,3.625167781e-13,2.139959588e-13,2.228800972e-13,3.428878092e-13,7.409309417e-14,1.723491174e-13,8.223091965e-14,7.172759458e-14,1.648953705e-13,8.322165023e-14,4.259984047e-14,1.081352519e-13,8.084671452e-14,2.030013957e-13,2.52597541e-13,1.195615698e-13,1.857104689e-13,4.938002993e-14
168.5859375,4.411273499e-13,9.181016528e-14,3.041801889e-13,1.727838781e-13,4.574385444e-13,1.640553847e-13,8.663239178e-14,7.999748518e-14,9.795750919e-14,7.675754355e-14,1.369177701e-13,8.761760693e-14,3.382692594e-14,3.835012072e-13,3.654103317e-13,2.143011823e-13,2.223563725e-13,3.385202466e-13,7.309113931e-14,1.750967089e-13,8.330563537e-14,7.13098039e-14,1.615531244e-13,8.337403797e-14,4.114872596e-14,1.0568834e-13,8.140506672e-14,2.009515204e-13,2.473173153e-13,1.195972179e-13,1.854252357e-13,4.84650898e-14
168.59375,4.359572486e-13,8.981603405e-14,3.026964146e-13,1.682441718e-13,4.525663158e-13,1.656506111e-13,8.679614983e-14,8.007544902e-14,9.792587476e-14,7.864344517e-14,1.355978935e-13,8.754789642e-14,3.289496332e-14,3.85295503e-13,3.684826474e-13,2.148681193e-13,2.220740065e-13,3.341969332e-13,7.208987541e-14,1.780726122e-13,8.44064874e-14,7.083364123e-14,1.582202467e-13,8.356005916e-14,3.978034331e-14,1.032520782e-13,8.197051054e-14,1.990229588e-13,2.420470708e-13,1.196292347e-13,1.85117988e-13,4.75380667e-14
168.6015625,4.307154158e-13,8.79617427e-14,3.01495347e-13,1.637071306e-13,4.475449277e-13,1.672343951e-13,8.701779492e-14,8.019349573e-14,9.791099603e-14,8.061292538e-14,1.342057857e-13,8.744677727e-14,3.204958582e-14,3.869573785e-13,3.717240485e-13,2.156958987e-13,2.220053981e-13,3.2996051e-13,7.11040911e-14,1.811831718e-13,8.559050256e-14,7.035538991e-14,1.549482377e-13,8.378615101e-14,3.850623313e-14,1.009373531e-13,8.257242719e-14,1.970379294e-13,2.369830726e-13,1.19665685e-13,1.848773096e-13,4.664573159e-14
168.609375,4.257641887e-13,8.586046659e-14,3.004830317e-13,1.591953263e-13,4.427541444e-13,1.688445459e-13,8.72004333e-14,8.026027623e-14,9.790036447e-14,8.26439602e-14,1.328383703e-13,8.73396395e-14,3.12665455e-14,3.886365968e-13,3.749560954e-13,2.166783643e-13,2.221487586e-13,3.258974253e-13,7.014873873e-14,1.84327507e-13,8.682430449e-14,6.992786948e-14,1.517263459e-13,8.399457602e-14,3.728754286e-14,9.873749574e-14,8.317437399e-14,1.949716542e-13,2.319967723e-13,1.196910559e-13,1.847019805e-13,4.582281081e-14
168.6171875,4.208142431e-13,8.367034945e-14,2.996218236e-13,1.547958657e-13,4.378506757e-13,1.704570152e-13,8.738021706e-14,8.033269441e-14,9.784051979e-14,8.469171916e-14,1.315362846e-13,8.720731321e-14,3.054748306e-14,3.901377519e-13,3.78201879e-13,2.178739031e-13,2.225188038e-13,3.219865172e-13,6.920541306e-14,1.875657415e-13,8.807563878e-14,6.94794348e-14,1.485176436e-13,8.416007304e-14,3.612695913e-14,9.659305972e-14,8.374674838e-14,1.928587673e-13,2.269396229e-13,1.197077996e-13,1.844518325e-13,4.503677411e-14
168.625,4.155918349e-13,8.162435847e-14,2.989294225e-13,1.504820971e-13,4.325464366e-13,1.720330158e-13,8.763067698e-14,8.049568466e-14,9.777628837e-14,8.674430951e-14,1.302396126e-13,8.704403245e-14,2.991872766e-14,3.913492463e-13,3.814624675e-13,2.192393268e-13,2.230257689e-13,3.180954249e-13,6.827649167e-14,1.908249229e-13,8.93621967e-14,6.897407068e-14,1.453244581e-13,8.430234078e-14,3.504431512e-14,9.450593127e-14,8.4381281e-14,1.906819081e-13,2.220202859e-13,1.197457311e-13,1.842080084e-13,4.424979818e-14
168.6328125,4.102467824e-13,7.970330823e-14,2.983534992e-13,1.463354119e-13,4.270817652e-13,1.736055968e-13,8.792701027e-14,8.065215966e-14,9.770884421e-14,8.886491709e-14,1.289275108e-13,8.689825626e-14,2.938529147e-14,3.924372187e-13,3.846768071e-13,2.206597903e-13,2.23600113e-13,3.14175978e-13,6.738909866e-14,1.941864669e-13,9.069483019e-14,6.846108056e-14,1.421664086e-13,8.443302434e-14,3.402303628e-14,9.245962357e-14,8.511788744e-14,1.885800859e-13,2.172624767e-13,1.198114655e-13,1.841052887e-13,4.349255604e-14
168.640625,4.049430459e-13,7.787699752e-14,2.978608396e-13,1.423690685e-13,4.216824893e-13,1.751737776e-13,8.824619631e-14,8.075781081e-14,9.757450796e-14,9.108353505e-14,1.276456374e-13,8.674967994e-14,2.892007304e-14,3.935337202e-13,3.879982025e-13,2.222800598e-13,2.24312232e-13,3.103717517e-13,6.653962252e-14,1.977284456e-13,9.207178444e-14,6.795950907e-14,1.390440746e-13,8.457502829e-14,3.305401862e-14,9.042583493e-14,8.589154816e-14,1.866084711e-13,2.125092758e-13,1.198838258e-13,1.840706189e-13,4.27944191e-14
168.6484375,3.996656985e-13,7.609220939e-14,2.975574703e-13,1.384507353e-13,4.162756998e-13,1.766951904e-13,8.859337932e-14,8.092699911e-14,9.739375638e-14,9.33258061e-14,1.264245497e-13,8.654212298e-14,2.850318843e-14,3.945820477e-13,3.914984058e-13,2.241719598e-13,2.25147094e-13,3.067107115e-13,6.568090711e-14,2.011932758e-13,9.347913086e-14,6.744556233e-14,1.359334303e-13,8.476551931e-14,3.21396142e-14,8.845265923e-14,8.671666789e-14,1.845318994e-13,2.080044909e-13,1.199469709e-13,1.840602901e-13,4.212244543e-14
168.65625,3.943944296e-13,7.426246136e-14,2.975102605e-13,1.345940943e-13,4.10779204e-13,1.782011477e-13,8.894992162e-14,8.117447828e-14,9.720362738e-14,9.558852107e-14,1.252547133e-13,8.629955379e-14,2.813365888e-14,3.954338427e-13,3.949980708e-13,2.261493507e-13,2.259728838e-13,3.030730217e-13,6.478612616e-14,2.046291669e-13,9.487904169e-14,6.691278982e-14,1.328180657e-13,8.4991015e-14,3.126333862e-14,8.658818682e-14,8.758789712e-14,1.822987472e-13,2.039027651e-13,1.199997952e-13,1.841302644e-13,4.146658163e-14
168.6640625,3.89260353e-13,7.244890762e-14,2.975239403e-13,1.308773937e-13,4.05362336e-13,1.797009604e-13,8.932711617e-14,8.143332623e-14,9.702283408e-14,9.797252429e-14,1.240923297e-13,8.60710031e-14,2.78294838e-14,3.961568753e-13,3.984603575e-13,2.281878648e-13,2.268107606e-13,2.995229238e-13,6.390640022e-14,2.083022055e-13,9.626474597e-14,6.639834068e-14,1.297373883e-13,8.521156391e-14,3.042851674e-14,8.478247696e-14,8.837008796e-14,1.801545799e-13,1.998819276e-13,1.200331833e-13,1.842911632e-13,4.085523955e-14
168.671875,3.843577638e-13,7.077033507e-14,2.97452548e-13,1.273158928e-13,4.002113145e-13,1.811524538e-13,8.976444672e-14,8.174032401e-14,9.690445249e-14,1.004918869e-13,1.229130391e-13,8.587332459e-14,2.761748204e-14,3.970091022e-13,4.019728023e-13,2.303802182e-13,2.27760207e-13,2.961277953e-13,6.309973205e-14,2.119984063e-13,9.768928326e-14,6.594314267e-14,1.267476477e-13,8.54517745e-14,2.965936474e-14,8.298755696e-14,8.90928714e-14,1.781826753e-13,1.958947751e-13,1.200372822e-13,1.845489736e-13,4.02691645e-14
168.6796875,3.794934216e-13,6.92235088e-14,2.974955289e-13,1.239313995e-13,3.951769899e-13,1.825990538e-13,9.026301255e-14,8.213298442e-14,9.679620875e-14,1.030930426e-13,1.217546421e-13,8.568216748e-14,2.747112289e-14,3.979166733e-13,4.054978752e-13,2.32653533e-13,2.287738028e-13,2.927313986e-13,6.233036461e-14,2.156077536e-13,9.920919322e-14,6.550498939e-14,1.238371771e-13,8.574688736e-14,2.895023336e-14,8.125675611e-14,8.99659022e-14,1.76230559e-13,1.921840517e-13,1.200447471e-13,1.848693173e-13,3.968413001e-14
168.6875,3.744793007e-13,6.774284488e-14,2.977744442e-13,1.206509542e-13,3.900301126e-13,1.840636495e-13,9.079663113e-14,8.257950597e-14,9.655532784e-14,1.057530893e-13,1.206334925e-13,8.542344928e-14,2.732635112e-14,3.985743563e-13,4.090410116e-13,2.349726161e-13,2.298118116e-13,2.892886481e-13,6.154031683e-14,2.193900373e-13,1.00835899e-13,6.499960923e-14,1.20960781e-13,8.605200959e-14,2.828605675e-14,7.962301925e-14,9.097308048e-14,1.741460339e-13,1.886335462e-13,1.200858478e-13,1.851384496e-13,3.91359251e-14
168.6953125,3.693545865e-13,6.632057184e-14,2.981277571e-13,1.174502111e-13,3.847976016e-13,1.854446331e-13,9.132970468e-14,8.307751888e-14,9.619211302e-14,1.08438162e-13,1.195303595e-13,8.508579005e-14,2.719656367e-14,3.989967265e-13,4.126466011e-13,2.373963626e-13,2.309208138e-13,2.858826976e-13,6.074814589e-14,2.232410865e-13,1.025210251e-13,6.443724713e-14,1.18131344e-13,8.631880658e-14,2.766857542e-14,7.800917739e-14,9.192814984e-14,1.719275473e-13,1.851167069e-13,1.201265249e-13,1.853301979e-13,3.863592329e-14
168.703125,3.640356812e-13,6.498488371e-14,2.984516084e-13,1.145120728e-13,3.794571063e-13,1.866623758e-13,9.183715495e-14,8.36147014e-14,9.580702004e-14,1.111230195e-13,1.184588276e-13,8.473334877e-14,2.712456348e-14,3.992073262e-13,4.161528769e-13,2.398470903e-13,2.319843839e-13,2.823913914e-13,5.996221913e-14,2.269345672e-13,1.042046918e-13,6.38748513e-14,1.153920072e-13,8.654991637e-14,2.708716247e-14,7.637099823e-14,9.282869808e-14,1.69683816e-13,1.818203691e-13,1.201282402e-13,1.854858822e-13,3.813475562e-14
168.7109375,3.584752854e-13,6.372357941e-14,2.987082649e-13,1.118467147e-13,3.738932246e-13,1.877427113e-13,9.2344324e-14,8.415766828e-14,9.541792579e-14,1.138036815e-13,1.174006126e-13,8.43418744e-14,2.706657934e-14,3.99007194e-13,4.194437104e-13,2.422729845e-13,2.328688243e-13,2.787437455e-13,5.913805586e-14,2.305877153e-13,1.059077664e-13,6.331162037e-14,1.12737029e-13,8.676016201e-14,2.653021183e-14,7.475860511e-14,9.374893996e-14,1.67379569e-13,1.787810252e-13,1.200714182e-13,1.855934403e-13,3.761612388e-14
168.71875,3.531652606e-13,6.255158211e-14,2.989337252e-13,1.092544253e-13,3.684088715e-13,1.88801056e-13,9.287489376e-14,8.474535652e-14,9.504271509e-14,1.164834434e-13,1.163121475e-13,8.388542436e-14,2.701642577e-14,3.986797196e-13,4.227406389e-13,2.448317521e-13,2.338119613e-13,2.752166781e-13,5.831540391e-14,2.342637177e-13,1.076742183e-13,6.27643414e-14,1.101409762e-13,8.701627538e-14,2.601981596e-14,7.318788182e-14,9.465547985e-14,1.649685093e-13,1.758936115e-13,1.199351424e-13,1.857365749e-13,3.711987595e-14
168.7265625,3.484918099e-13,6.156055585e-14,2.993084015e-13,1.067495999e-13,3.633467586e-13,1.899108902e-13,9.340753342e-14,8.540445961e-14,9.468974353e-14,1.19255423e-13,1.152215417e-13,8.346300859e-14,2.706591616e-14,3.987308889e-13,4.262124373e-13,2.475809424e-13,2.350619449e-13,2.719787804e-13,5.75826609e-14,2.379046725e-13,1.094534285e-13,6.226793566e-14,1.07615126e-13,8.738832243e-14,2.557826083e-14,7.163433586e-14,9.555706428e-14,1.626883046e-13,1.731920203e-13,1.197636547e-13,1.860470935e-13,3.6675832e-14
168.734375,3.440216006e-13,6.071564613e-14,2.997556376e-13,1.044650229e-13,3.583250694e-13,1.909879642e-13,9.395523365e-14,8.610788343e-14,9.429496182e-14,1.221983758e-13,1.14122495e-13,8.307551949e-14,2.720047394e-14,3.988383393e-13,4.297383857e-13,2.504123923e-13,2.364151471e-13,2.688176144e-13,5.688189443e-14,2.415377305e-13,1.11204467e-13,6.176581725e-14,1.051554783e-13,8.780950606e-14,2.518529821e-14,7.011587375e-14,9.653366031e-14,1.606181053e-13,1.706685567e-13,1.196208713e-13,1.863943163e-13,3.627514926e-14
168.7421875,3.393382126e-13,5.981956558e-14,3.001141919e-13,1.024032711e-13,3.529871809e-13,1.92017783e-13,9.455832013e-14,8.690088527e-14,9.387276004e-14,1.252139257e-13,1.129752115e-13,8.261302707e-14,2.732540256e-14,3.985301651e-13,4.33286882e-13,2.53375268e-13,2.376926511e-13,2.656174909e-13,5.611625347e-14,2.451962981e-13,1.129756508e-13,6.121427526e-14,1.027222447e-13,8.820214934e-14,2.48125746e-14,6.864896372e-14,9.757767115e-14,1.584661061e-13,1.68288029e-13,1.194774985e-13,1.865920683e-13,3.589134063e-14
168.75,3.346355893e-13,5.88682372e-14,3.006811102e-13,1.005427274e-13,3.477737454e-13,1.930505573e-13,9.516272857e-14,8.781845531e-14,9.348883251e-14,1.282154728e-13,1.119239224e-13,8.214319209e-14,2.748120208e-14,3.981590551e-13,4.368779344e-13,2.56474885e-13,2.390383531e-13,2.624990931e-13,5.53593673e-14,2.489175802e-13,1.147592069e-13,6.068063263e-14,1.003385194e-13,8.8620845e-14,2.447140062e-14,6.721454361e-14,9.862659287e-14,1.561910126e-13,1.661341914e-13,1.193023342e-13,1.867894235e-13,3.552250938e-14
168.7578125,3.29996728e-13,5.808203464e-14,3.015830923e-13,9.886989512e-14,3.429269104e-13,1.939037208e-13,9.566979034e-14,8.878935475e-14,9.308958765e-14,1.312451668e-13,1.111355492e-13,8.178357328e-14,2.772980652e-14,3.979757523e-13,4.402886874e-13,2.594246343e-13,2.40422337e-13,2.594362027e-13,5.469844212e-14,2.525961909e-13,1.165162302e-13,6.018881408e-14,9.805952628e-14,8.908029222e-14,2.418102253e-14,6.581033403e-14,9.968894461e-14,1.539888617e-13,1.642090229e-13,1.191154499e-13,1.8716793e-13,3.519233173e-14
168.765625,3.253614575e-13,5.751399993e-14,3.024646275e-13,9.737387323e-14,3.380706286e-13,1.945545581e-13,9.611619339e-14,8.979658514e-14,9.264514734e-14,1.343143009e-13,1.104789144e-13,8.145528904e-14,2.801483426e-14,3.976829499e-13,4.434919078e-13,2.62185726e-13,2.416868954e-13,2.563668242e-13,5.407350306e-14,2.559950889e-13,1.183136263e-13,5.969215978e-14,9.583112513e-14,8.951641782e-14,2.392480009e-14,6.445193509e-14,1.008066559e-13,1.518086306e-13,1.624372942e-13,1.188991644e-13,1.876090084e-13,3.488913075e-14
168.7734375,3.209958342e-13,5.702943015e-14,3.033648459e-13,9.609811451e-14,3.332286821e-13,1.953543039e-13,9.662505995e-14,9.08855116e-14,9.221208521e-14,1.374208576e-13,1.097452689e-13,8.107801341e-14,2.830489611e-14,3.973082519e-13,4.468638003e-13,2.651411938e-13,2.429444335e-13,2.534361295e-13,5.343680421e-14,2.592414397e-13,1.201791159e-13,5.919967467e-14,9.358807262e-14,8.995658383e-14,2.368626874e-14,6.315179501e-14,1.019637012e-13,1.495729597e-13,1.608268721e-13,1.186537487e-13,1.879963561e-13,3.458846312e-14
168.78125,3.168707031e-13,5.660569704e-14,3.045282149e-13,9.503719361e-14,3.286842804e-13,1.962334937e-13,9.718223159e-14,9.205728183e-14,9.174097852e-14,1.405990631e-13,1.089709447e-13,8.07015464e-14,2.862312035e-14,3.969767224e-13,4.504656595e-13,2.683842711e-13,2.44235675e-13,2.506673213e-13,5.281914967e-14,2.626621834e-13,1.220365368e-13,5.871601956e-14,9.140442588e-14,9.045324688e-14,2.347966016e-14,6.192277168e-14,1.031292631e-13,1.473252123e-13,1.593326771e-13,1.184257739e-13,1.884027417e-13,3.432809093e-14
168.7890625,3.124945509e-13,5.631408188e-14,3.057030991e-13,9.407373367e-14,3.241872043e-13,1.967131437e-13,9.766769019e-14,9.335167039e-14,9.118432061e-14,1.438467051e-13,1.082634845e-13,8.035845822e-14,2.895972276e-14,3.963876908e-13,4.538675425e-13,2.71570027e-13,2.453586437e-13,2.478615928e-13,5.221145685e-14,2.661641416e-13,1.238842716e-13,5.819327883e-14,8.933798991e-14,9.100646193e-14,2.330829366e-14,6.074986546e-14,1.043212081e-13,1.450312886e-13,1.579161216e-13,1.181915248e-13,1.888791194e-13,3.412468913e-14
168.796875,3.079031268e-13,5.613819069e-14,3.067905076e-13,9.312421255e-14,3.195327866e-13,1.968580411e-13,9.809527989e-14,9.479970462e-14,9.062966291e-14,1.471853155e-13,1.076062224e-13,8.004700189e-14,2.932791249e-14,3.954871708e-13,4.569088535e-13,2.745436414e-13,2.463408345e-13,2.449774023e-13,5.159122924e-14,2.695095203e-13,1.257439946e-13,5.764033023e-14,8.73318923e-14,9.165666135e-14,2.315814996e-14,5.960281121e-14,1.055266012e-13,1.426991253e-13,1.567398157e-13,1.178966481e-13,1.894008852e-13,3.391241196e-14
168.8046875,3.035653175e-13,5.603119494e-14,3.080681848e-13,9.230974706e-14,3.14972292e-13,1.970717453e-13,9.857905608e-14,9.631220097e-14,9.007714378e-14,1.506291833e-13,1.069840548e-13,7.975617093e-14,2.97493249e-14,3.945725561e-13,4.599459651e-13,2.775229514e-13,2.473726458e-13,2.42126758e-13,5.097706091e-14,2.727536449e-13,1.275835879e-13,5.710614657e-14,8.538933823e-14,9.238210754e-14,2.303566064e-14,5.850952077e-14,1.066922038e-13,1.40330772e-13,1.558917112e-13,1.175360285e-13,1.899267464e-13,3.36909178e-14
168.8125,2.994832921e-13,5.599083769e-14,3.094704659e-13,9.187032008e-14,3.105870072e-13,1.973534771e-13,9.91052069e-14,9.786306845e-14,8.945690767e-14,1.540935041e-13,1.064269917e-13,7.943552395e-14,3.018614727e-14,3.936703617e-13,4.632149157e-13,2.806516375e-13,2.483747072e-13,2.393193011e-13,5.036279981e-14,2.759887335e-13,1.294510579e-13,5.659322075e-14,8.356438668e-14,9.305339312e-14,2.294571922e-14,5.751063471e-14,1.07853909e-13,1.378516929e-13,1.552155713e-13,1.17121075e-13,1.904292472e-13,3.3536537e-14
168.8203125,2.954432576e-13,5.603896912e-14,3.10880982e-13,9.177985161e-14,3.063048475e-13,1.975279654e-13,9.957531046e-14,9.954804566e-14,8.884054015e-14,1.575805069e-13,1.05919579e-13,7.908578937e-14,3.063200131e-14,3.92732079e-13,4.664841179e-13,2.837819372e-13,2.491996283e-13,2.365354606e-13,4.973804677e-14,2.792266293e-13,1.313669765e-13,5.609303436e-14,8.180147084e-14,9.371087968e-14,2.286752619e-14,5.655334815e-14,1.090704453e-13,1.354366544e-13,1.546328219e-13,1.167177834e-13,1.9098862e-13,3.343165068e-14
168.828125,2.915486191e-13,5.623066816e-14,3.125645589e-13,9.174571504e-14,3.02298248e-13,1.975987747e-13,9.998197931e-14,1.013750763e-13,8.827630991e-14,1.611866134e-13,1.054679911e-13,7.877093497e-14,3.111899311e-14,3.919037687e-13,4.695926327e-13,2.868362592e-13,2.499664358e-13,2.338797162e-13,4.915138598e-14,2.824873589e-13,1.332238872e-13,5.56126984e-14,8.00421896e-14,9.451855422e-14,2.279552232e-14,5.558044769e-14,1.10303469e-13,1.332379198e-13,1.541868033e-13,1.164049141e-13,1.91699377e-13,3.331439167e-14
168.8359375,2.879264622e-13,5.657399909e-14,3.146040462e-13,9.174107441e-14,2.98630351e-13,1.976430626e-13,1.003711209e-13,1.032775083e-13,8.768862e-14,1.648585291e-13,1.05123806e-13,7.849574327e-14,3.161438504e-14,3.91223184e-13,4.727729983e-13,2.899482115e-13,2.508505784e-13,2.314803148e-13,4.863565518e-14,2.855650076e-13,1.350508328e-13,5.514873589e-14,7.833950868e-14,9.53997052e-14,2.274643428e-14,5.465011707e-14,1.115431728e-13,1.30987115e-13,1.538351184e-13,1.161475194e-13,1.925174226e-13,3.319751182e-14
168.84375,2.844798223e-13,5.700910338e-14,3.168239175e-13,9.199653931e-14,2.950123732e-13,1.976831769e-13,1.007532626e-13,1.052412821e-13,8.708327088e-14,1.685335884e-13,1.04857806e-13,7.824626372e-14,3.210151518e-14,3.905693536e-13,4.760613357e-13,2.93042863e-13,2.517937818e-13,2.292517844e-13,4.815428661e-14,2.882042017e-13,1.36972301e-13,5.468717414e-14,7.672654737e-14,9.61804712e-14,2.27179237e-14,5.381000848e-14,1.12810164e-13,1.28645777e-13,1.535789788e-13,1.159055202e-13,1.934352665e-13,3.30917163e-14
168.8515625,2.811246397e-13,5.75775438e-14,3.191901186e-13,9.252341394e-14,2.912799073e-13,1.976136085e-13,1.011151784e-13,1.072731917e-13,8.651373565e-14,1.722898028e-13,1.046325988e-13,7.805335846e-14,3.264822357e-14,3.898636938e-13,4.791378716e-13,2.958804463e-13,2.526243527e-13,2.26942789e-13,4.7678849e-14,2.907162119e-13,1.389167743e-13,5.422312785e-14,7.517761875e-14,9.69220807e-14,2.269536632e-14,5.300999285e-14,1.140412267e-13,1.265553343e-13,1.535194668e-13,1.156985992e-13,1.945411536e-13,3.299549603e-14
168.859375,2.779349655e-13,5.831938492e-14,3.21613641e-13,9.322084707e-14,2.876599251e-13,1.973730534e-13,1.014304946e-13,1.093908837e-13,8.594635136e-14,1.761003207e-13,1.045068774e-13,7.789599605e-14,3.32636089e-14,3.891525155e-13,4.819667466e-13,2.985014241e-13,2.533080754e-13,2.245161875e-13,4.722365722e-14,2.935271254e-13,1.407863879e-13,5.378228397e-14,7.369111939e-14,9.772710829e-14,2.26769769e-14,5.224365649e-14,1.152659982e-13,1.245975524e-13,1.53643636e-13,1.154625832e-13,1.957651482e-13,3.294162859e-14
168.8671875,2.749532204e-13,5.909263111e-14,3.240037214e-13,9.412998881e-14,2.84353319e-13,1.971086776e-13,1.016940807e-13,1.116303415e-13,8.536198071e-14,1.79868817e-13,1.044833921e-13,7.772167675e-14,3.387799223e-14,3.88549523e-13,4.847823916e-13,3.010638139e-13,2.539137894e-13,2.221677869e-13,4.679536765e-14,2.962842723e-13,1.426066713e-13,5.338369943e-14,7.22611037e-14,9.856608368e-14,2.266329514e-14,5.154904926e-14,1.166144547e-13,1.224369946e-13,1.539170575e-13,1.151514682e-13,1.969808109e-13,3.291285793e-14
168.875,2.720573543e-13,5.987265162e-14,3.266114876e-13,9.523905398e-14,2.812247411e-13,1.968539045e-13,1.019514957e-13,1.140059356e-13,8.478902391e-14,1.836946317e-13,1.045135239e-13,7.756691476e-14,3.449600176e-14,3.880359124e-13,4.876346307e-13,3.036128637e-13,2.544777249e-13,2.199568781e-13,4.638348749e-14,2.985358689e-13,1.443476228e-13,5.299267393e-14,7.087978638e-14,9.946960887e-14,2.266166748e-14,5.087331792e-14,1.180135307e-13,1.202588207e-13,1.544493894e-13,1.148714535e-13,1.982815564e-13,3.285985642e-14
168.8828125,2.691677636e-13,6.083133888e-14,3.295797803e-13,9.647774424e-14,2.781228826e-13,1.964473587e-13,1.022202681e-13,1.165166869e-13,8.423615848e-14,1.87693627e-13,1.046488092e-13,7.748256889e-14,3.517081117e-14,3.874920539e-13,4.904676238e-13,3.061701108e-13,2.550238413e-13,2.17796865e-13,4.59791855e-14,3.005541716e-13,1.460058119e-13,5.259047076e-14,6.958533923e-14,1.004921912e-13,2.269123565e-14,5.016542277e-14,1.193163482e-13,1.182727233e-13,1.552633264e-13,1.146586051e-13,1.997605789e-13,3.279393717e-14
168.890625,2.663892936e-13,6.196410033e-14,3.326012945e-13,9.791148224e-14,2.75096864e-13,1.958896386e-13,1.024519407e-13,1.191392389e-13,8.371468449e-14,1.917834891e-13,1.0488391e-13,7.742546266e-14,3.58772154e-14,3.869287555e-13,4.931916741e-13,3.086007464e-13,2.555384712e-13,2.156558987e-13,4.556733075e-14,3.025790615e-13,1.47674939e-13,5.220536462e-14,6.837326469e-14,1.015685355e-13,2.274349957e-14,4.947946239e-14,1.205774909e-13,1.1631989e-13,1.561910524e-13,1.14423216e-13,2.013230666e-13,3.272335645e-14
168.8984375,2.638135162e-13,6.315912146e-14,3.354986433e-13,9.957787937e-14,2.721687724e-13,1.952315989e-13,1.026183833e-13,1.218332512e-13,8.321504475e-14,1.958878108e-13,1.050995821e-13,7.735044903e-14,3.656922539e-14,3.864180066e-13,4.956763021e-13,3.107404819e-13,2.559363448e-13,2.135329442e-13,4.51413085e-14,3.045077513e-13,1.493163813e-13,5.183095228e-14,6.71801475e-14,1.026657295e-13,2.278421092e-14,4.885566713e-14,1.218594087e-13,1.143393628e-13,1.571536037e-13,1.141769667e-13,2.029559494e-13,3.263925162e-14
168.90625,2.613616071e-13,6.436535938e-14,3.384865091e-13,1.013551126e-13,2.693539431e-13,1.94411624e-13,1.027426684e-13,1.246033213e-13,8.26973909e-14,2.000504355e-13,1.053292296e-13,7.730600733e-14,3.726673571e-14,3.85977801e-13,4.979660153e-13,3.126973805e-13,2.562015623e-13,2.114676582e-13,4.47273463e-14,3.064010516e-13,1.508497782e-13,5.145252989e-14,6.602395421e-14,1.037860739e-13,2.281587442e-14,4.828289199e-14,1.231344877e-13,1.123809972e-13,1.582646604e-13,1.13985317e-13,2.047599579e-13,3.256736414e-14
168.9140625,2.589075972e-13,6.548916763e-14,3.417790385e-13,1.031998896e-13,2.667472079e-13,1.935326305e-13,1.028490886e-13,1.274612213e-13,8.217425489e-14,2.042654616e-13,1.056807526e-13,7.735351733e-14,3.798919024e-14,3.856182055e-13,5.001507682e-13,3.145281362e-13,2.563936578e-13,2.095399263e-13,4.43497722e-14,3.080902515e-13,1.523472799e-13,5.109341443e-14,6.497446516e-14,1.048508527e-13,2.287111908e-14,4.776269408e-14,1.244162015e-13,1.104005904e-13,1.596380032e-13,1.138180192e-13,2.067044483e-13,3.249893161e-14
168.921875,2.56509012e-13,6.665303524e-14,3.453973588e-13,1.052039859e-13,2.642584833e-13,1.926976905e-13,1.029458088e-13,1.303874889e-13,8.166826382e-14,2.084579369e-13,1.060644867e-13,7.745836548e-14,3.872372227e-14,3.852973119e-13,5.02186929e-13,3.161585471e-13,2.565232416e-13,2.077064539e-13,4.399584782e-14,3.092492911e-13,1.538219644e-13,5.073440913e-14,6.40245394e-14,1.059071365e-13,2.295366145e-14,4.727179618e-14,1.256807207e-13,1.084320633e-13,1.612690891e-13,1.136355571e-13,2.087119843e-13,3.241685881e-14
168.9296875,2.543424178e-13,6.813574784e-14,3.491870914e-13,1.073725117e-13,2.617352721e-13,1.917329457e-13,1.03026833e-13,1.334147496e-13,8.114600968e-14,2.126175816e-13,1.06384041e-13,7.754451198e-14,3.948430007e-14,3.849962052e-13,5.041264725e-13,3.177482883e-13,2.566442451e-13,2.058618579e-13,4.364937863e-14,3.101751888e-13,1.551993414e-13,5.033898758e-14,6.314554063e-14,1.071060196e-13,2.304632314e-14,4.676798557e-14,1.268964404e-13,1.064759479e-13,1.631094174e-13,1.134329971e-13,2.107971302e-13,3.23735382e-14
168.9375,2.5233625e-13,6.97657637e-14,3.529509182e-13,1.096717625e-13,2.593242205e-13,1.906012306e-13,1.030738502e-13,1.366057199e-13,8.062367319e-14,2.167812605e-13,1.06728318e-13,7.76236714e-14,4.028030498e-14,3.848057064e-13,5.060394289e-13,3.19378041e-13,2.568387485e-13,2.040406758e-13,4.331481903e-14,3.111420884e-13,1.565346644e-13,4.995002011e-14,6.234608796e-14,1.083700051e-13,2.314183057e-14,4.625269446e-14,1.281282429e-13,1.044326676e-13,1.651560114e-13,1.132047997e-13,2.129708144e-13,3.236777621e-14
168.9453125,2.503040875e-13,7.127826726e-14,3.567406787e-13,1.121926839e-13,2.571469808e-13,1.894919561e-13,1.030771984e-13,1.399502248e-13,8.018558759e-14,2.209802495e-13,1.071459065e-13,7.776461809e-14,4.107138867e-14,3.847055651e-13,5.078208864e-13,3.208468265e-13,2.57025101e-13,2.02310718e-13,4.298936368e-14,3.119504647e-13,1.57868941e-13,4.961148179e-14,6.161788916e-14,1.09583428e-13,2.324081727e-14,4.574978945e-14,1.293569386e-13,1.024405697e-13,1.673928544e-13,1.129905143e-13,2.152582175e-13,3.233302917e-14
168.953125,2.484345278e-13,7.28975405e-14,3.60786141e-13,1.149720002e-13,2.550560325e-13,1.883778773e-13,1.030415771e-13,1.434078019e-13,7.983056711e-14,2.252533744e-13,1.075843836e-13,7.798097361e-14,4.185401492e-14,3.846069082e-13,5.094792815e-13,3.2217993e-13,2.571605793e-13,2.006553651e-13,4.267615413e-14,3.127615847e-13,1.591215802e-13,4.930157247e-14,6.095587154e-14,1.108553599e-13,2.335685711e-14,4.530533384e-14,1.305307355e-13,1.006772018e-13,1.697801574e-13,1.128269557e-13,2.177344372e-13,3.230104223e-14
168.9609375,2.46970084e-13,7.470759998e-14,3.65148795e-13,1.178857765e-13,2.530679556e-13,1.871704157e-13,1.029691746e-13,1.469806448e-13,7.94687109e-14,2.295571623e-13,1.080927366e-13,7.825990347e-14,4.268653465e-14,3.84651756e-13,5.111384692e-13,3.235189172e-13,2.574084723e-13,1.991113346e-13,4.242038781e-14,3.136502764e-13,1.603181691e-13,4.900276023e-14,6.038683923e-14,1.121968183e-13,2.350127829e-14,4.49648761e-14,1.317768481e-13,9.895866252e-14,1.724000688e-13,1.126727091e-13,2.204137574e-13,3.232904139e-14
168.96875,2.456866726e-13,7.64309534e-14,3.697396448e-13,1.208866169e-13,2.513259101e-13,1.859537416e-13,1.028662753e-13,1.506880632e-13,7.909052022e-14,2.337861393e-13,1.087313626e-13,7.8605638e-14,4.357713721e-14,3.849542663e-13,5.126866577e-13,3.246975786e-13,2.577647841e-13,1.977249684e-13,4.224074506e-14,3.14091016e-13,1.615269163e-13,4.871399194e-14,5.990897458e-14,1.134675293e-13,2.365829672e-14,4.467442588e-14,1.331425492e-13,9.711986347e-14,1.753651073e-13,1.125146722e-13,2.23291114e-13,3.237963939e-14
168.9765625,2.443416525e-13,7.813346786e-14,3.745300654e-13,1.240448024e-13,2.496826098e-13,1.846992411e-13,1.027557241e-13,1.545211335e-13,7.878290536e-14,2.379936837e-13,1.093979118e-13,7.899889769e-14,4.44957236e-14,3.853546312e-13,5.139890513e-13,3.256238291e-13,2.58059588e-13,1.963970117e-13,4.207422636e-14,3.142012587e-13,1.626353687e-13,4.843103996e-14,5.949474765e-14,1.147153305e-13,2.382216817e-14,4.436352557e-14,1.344965679e-13,9.532666427e-14,1.785745486e-13,1.124142943e-13,2.264224018e-13,3.242830757e-14
168.984375,2.431050577e-13,8.006027865e-14,3.795673785e-13,1.273990894e-13,2.480458022e-13,1.833510218e-13,1.026451509e-13,1.584580437e-13,7.856002702e-14,2.422852438e-13,1.100256677e-13,7.944199584e-14,4.546271711e-14,3.8582692e-13,5.152165002e-13,3.265180399e-13,2.58361613e-13,1.950936181e-13,4.190388177e-14,3.146070965e-13,1.635684021e-13,4.816683456e-14,5.913278055e-14,1.160596302e-13,2.400949932e-14,4.407892229e-14,1.358485138e-13,9.371357369e-14,1.818879396e-13,1.123767555e-13,2.298022716e-13,3.249469519e-14
168.9921875,2.421567287e-13,8.209736161e-14,3.848913885e-13,1.309770989e-13,2.466516829e-13,1.820508469e-13,1.025100558e-13,1.625253039e-13,7.833878597e-14,2.465824632e-13,1.107244394e-13,8.000220637e-14,4.646544173e-14,3.865054666e-13,5.1654357e-13,3.274737034e-13,2.587352586e-13,1.939627347e-13,4.181492627e-14,3.150197033e-13,1.64484158e-13,4.792171421e-14,5.881487679e-14,1.174900921e-13,2.420876692e-14,4.385547274e-14,1.372423565e-13,9.219235763e-14,1.853991591e-13,1.123392288e-13,2.333413951e-13,3.257003768e-14
169,2.413843467e-13,8.403384852e-14,3.904925566e-13,1.347169943e-13,2.454787281e-13,1.807726558e-13,1.023353247e-13,1.667582519e-13,7.810240477e-14,2.508581045e-13,1.115453911e-13,8.069382171e-14,4.741713075e-14,3.872167399e-13,5.178151583e-13,3.283300721e-13,2.590265704e-13,1.929956419e-13,4.180857009e-14,3.14906992e-13,1.654860178e-13,4.767030704e-14,5.855721109e-14,1.190046044e-13,2.440239955e-14,4.364923209e-14,1.385692243e-13,9.060916925e-14,1.892287094e-13,1.122839817e-13,2.370253239e-13,3.265060153e-14
169.0078125,2.406582154e-13,8.587516726e-14,3.963433653e-13,1.384801604e-13,2.442016384e-13,1.792821727e-13,1.021160677e-13,1.711200424e-13,7.792424593e-14,2.552210544e-13,1.123877818e-13,8.143977454e-14,4.832728548e-14,3.877559561e-13,5.187688547e-13,3.289667601e-13,2.593295353e-13,1.920378682e-13,4.178005543e-14,3.145450469e-13,1.664420038e-13,4.74150114e-14,5.840328437e-14,1.205992504e-13,2.460713099e-14,4.347987661e-14,1.398526486e-13,8.892432518e-14,1.932899569e-13,1.12241718e-13,2.40952533e-13,3.274224155e-14
169.015625,2.400552488e-13,8.780394871e-14,4.024733023e-13,1.423820658e-13,2.429074828e-13,1.776787108e-13,1.018446178e-13,1.755875017e-13,7.784063943e-14,2.595712074e-13,1.131957727e-13,8.221736917e-14,4.930522205e-14,3.883678281e-13,5.194299926e-13,3.294242363e-13,2.598926863e-13,1.91184212e-13,4.174384802e-14,3.142992728e-13,1.672447745e-13,4.7181807e-14,5.835151224e-14,1.222098161e-13,2.482775279e-14,4.339428632e-14,1.412432992e-13,8.732400207e-14,1.974994263e-13,1.122385002e-13,2.452018542e-13,3.28263389e-14
169.0234375,2.396337785e-13,8.996455568e-14,4.089681849e-13,1.466094172e-13,2.418977511e-13,1.762699289e-13,1.015567589e-13,1.801730157e-13,7.781649029e-14,2.637520242e-13,1.140157937e-13,8.309114994e-14,5.035308763e-14,3.89241448e-13,5.200354401e-13,3.298007519e-13,2.605867892e-13,1.90598149e-13,4.179474057e-14,3.14091187e-13,1.679641903e-13,4.697036166e-14,5.837125024e-14,1.238349881e-13,2.505120127e-14,4.336278466e-14,1.427146071e-13,8.595088933e-14,2.019141831e-13,1.122906032e-13,2.497025868e-13,3.290180318e-14
169.03125,2.392907221e-13,9.219303915e-14,4.15757719e-13,1.509313611e-13,2.410045732e-13,1.749250358e-13,1.012726569e-13,1.848013836e-13,7.778343106e-14,2.678894982e-13,1.149018106e-13,8.406339703e-14,5.138944702e-14,3.901000266e-13,5.205139444e-13,3.300362374e-13,2.611975936e-13,1.901346993e-13,4.188881263e-14,3.137032682e-13,1.686568774e-13,4.675203378e-14,5.846178171e-14,1.255060482e-13,2.528050424e-14,4.337079438e-14,1.441514932e-13,8.461181804e-14,2.064839349e-13,1.123889846e-13,2.543070823e-13,3.297548332e-14
169.0390625,2.39125932e-13,9.428866818e-14,4.225758711e-13,1.551507704e-13,2.400425221e-13,1.733053226e-13,1.009171028e-13,1.894327934e-13,7.772319133e-14,2.720765158e-13,1.158860548e-13,8.505737358e-14,5.242260514e-14,3.90877872e-13,5.205163358e-13,3.299096559e-13,2.618093169e-13,1.896576767e-13,4.195703542e-14,3.130186602e-13,1.692761822e-13,4.651972164e-14,5.861119163e-14,1.272095719e-13,2.550808376e-14,4.343196912e-14,1.455078245e-13,8.316621953e-14,2.110677672e-13,1.125126573e-13,2.590316661e-13,3.30260422e-14
169.046875,2.39371748e-13,9.637431113e-14,4.295373367e-13,1.595971742e-13,2.393171804e-13,1.715826531e-13,1.004798955e-13,1.941838548e-13,7.774485496e-14,2.762269277e-13,1.169690299e-13,8.610032426e-14,5.348852719e-14,3.919922203e-13,5.201655025e-13,3.294644023e-13,2.625322195e-13,1.893621566e-13,4.207205202e-14,3.121839898e-13,1.698070528e-13,4.632318482e-14,5.880192497e-14,1.289447718e-13,2.573084099e-14,4.351362916e-14,1.467945642e-13,8.183166392e-14,2.157821711e-13,1.12691558e-13,2.640669225e-13,3.306013034e-14
169.0546875,2.397483491e-13,9.855236511e-14,4.371764936e-13,1.644345192e-13,2.38909293e-13,1.700972008e-13,1.000698172e-13,1.99080659e-13,7.792020404e-14,2.803998706e-13,1.18100515e-13,8.730996535e-14,5.454215838e-14,3.934632513e-13,5.19945668e-13,3.290394628e-13,2.633377535e-13,1.893792075e-13,4.227135891e-14,3.11369779e-13,1.702780668e-13,4.618632587e-14,5.906298359e-14,1.307048162e-13,2.597991525e-14,4.36189152e-14,1.481005672e-13,8.070602571e-14,2.208327241e-13,1.129592981e-13,2.6948791e-13,3.311374017e-14
169.0625,2.398416476e-13,1.007363028e-13,4.453721435e-13,1.692736656e-13,2.383897977e-13,1.686346732e-13,9.968124614e-14,2.040116606e-13,7.813093697e-14,2.846396773e-13,1.192195168e-13,8.864989132e-14,5.556496737e-14,3.94766145e-13,5.197340199e-13,3.286401452e-13,2.641591345e-13,1.894982543e-13,4.246294421e-14,3.104576243e-13,1.70670125e-13,4.603747776e-14,5.940790494e-14,1.32468825e-13,2.625388934e-14,4.380686554e-14,1.494447414e-13,7.954120006e-14,2.261398075e-13,1.132614732e-13,2.751502147e-13,3.31844865e-14
169.0703125,2.39944119e-13,1.02939629e-13,4.534668264e-13,1.739417919e-13,2.376982399e-13,1.669280879e-13,9.922331571e-14,2.089912695e-13,7.829909171e-14,2.887785612e-13,1.20343524e-13,8.99903941e-14,5.66152175e-14,3.958748873e-13,5.191027291e-13,3.279829875e-13,2.649750878e-13,1.896057976e-13,4.262417548e-14,3.093857807e-13,1.709697869e-13,4.584361113e-14,5.98193841e-14,1.342525815e-13,2.651849596e-14,4.407137639e-14,1.507071603e-13,7.824593256e-14,2.315895492e-13,1.135543043e-13,2.809495471e-13,3.325435673e-14
169.078125,2.404506131e-13,1.051908186e-13,4.616225089e-13,1.787139305e-13,2.372100012e-13,1.65215086e-13,9.873558441e-14,2.140984257e-13,7.852107646e-14,2.928386313e-13,1.21540433e-13,9.136591272e-14,5.76885226e-14,3.972628667e-13,5.182624047e-13,3.271413194e-13,2.658406219e-13,1.899018817e-13,4.283139011e-14,3.083092381e-13,1.712079452e-13,4.567443467e-14,6.032486849e-14,1.360711016e-13,2.67876013e-14,4.436563591e-14,1.519063175e-13,7.704561434e-14,2.372192924e-13,1.139013214e-13,2.869905288e-13,3.332315436e-14
169.0859375,2.411400344e-13,1.074507717e-13,4.703213694e-13,1.836867568e-13,2.369150145e-13,1.636173093e-13,9.827213045e-14,2.193045496e-13,7.883353991e-14,2.970158117e-13,1.227552138e-13,9.284954435e-14,5.872593988e-14,3.988852376e-13,5.17501551e-13,3.262992174e-13,2.66731385e-13,1.90433912e-13,4.309737004e-14,3.072752475e-13,1.713812619e-13,4.554314576e-14,6.093312442e-14,1.379369639e-13,2.708553112e-14,4.469393044e-14,1.531755518e-13,7.603200527e-14,2.430037108e-13,1.143383299e-13,2.933714849e-13,3.337457837e-14
169.09375,2.417783706e-13,1.097497966e-13,4.792082307e-13,1.887475481e-13,2.36579975e-13,1.619338226e-13,9.778239656e-14,2.245883683e-13,7.917598952e-14,3.012149883e-13,1.238759856e-13,9.439190769e-14,5.97700117e-14,4.004304171e-13,5.165786266e-13,3.253386403e-13,2.675793597e-13,1.910211603e-13,4.338825218e-14,3.062223979e-13,1.714746843e-13,4.54023531e-14,6.157662149e-14,1.398573353e-13,2.739253281e-14,4.50814771e-14,1.544816219e-13,7.504940962e-14,2.489741649e-13,1.148066787e-13,3.00006175e-13,3.338662017e-14
169.1015625,2.424216724e-13,1.120171293e-13,4.879931018e-13,1.93903969e-13,2.362919361e-13,1.601931301e-13,9.724171016e-14,2.299571412e-13,7.955479943e-14,3.052729522e-13,1.24977354e-13,9.599383415e-14,6.088155018e-14,4.02042295e-13,5.154069286e-13,3.24258264e-13,2.684837685e-13,1.916811949e-13,4.370587685e-14,3.050457614e-13,1.715040496e-13,4.526687871e-14,6.222667517e-14,1.417812289e-13,2.769059573e-14,4.553094511e-14,1.557651688e-13,7.403715699e-14,2.552296246e-13,1.152746081e-13,3.067992802e-13,3.337848233e-14
169.109375,2.43055457e-13,1.141440804e-13,4.97099855e-13,1.99129578e-13,2.361056025e-13,1.585393849e-13,9.667793576e-14,2.353384735e-13,7.998871954e-14,3.09290368e-13,1.261674565e-13,9.771475698e-14,6.199033219e-14,4.038247164e-13,5.14187637e-13,3.232055037e-13,2.694903071e-13,1.925090397e-13,4.405280823e-14,3.03592855e-13,1.714648417e-13,4.514873434e-14,6.290879696e-14,1.436836369e-13,2.798366237e-14,4.601564383e-14,1.570882927e-13,7.308338472e-14,2.616668866e-13,1.157514416e-13,3.137698924e-13,3.338551603e-14
169.1171875,2.437437071e-13,1.162532586e-13,5.067164232e-13,2.043960957e-13,2.358836826e-13,1.569774623e-13,9.612427394e-14,2.406583511e-13,8.044760482e-14,3.132845839e-13,1.273614053e-13,9.951731844e-14,6.303322348e-14,4.056278775e-13,5.129399328e-13,3.221171257e-13,2.705145352e-13,1.934411018e-13,4.442534281e-14,3.019430377e-13,1.713863997e-13,4.502361632e-14,6.362097183e-14,1.455706713e-13,2.828632973e-14,4.65024464e-14,1.584487945e-13,7.219558936e-14,2.682435633e-13,1.162473861e-13,3.209151652e-13,3.339651575e-14
169.125,2.446211312e-13,1.183961502e-13,5.165933431e-13,2.098893384e-13,2.356789088e-13,1.554998038e-13,9.56091676e-14,2.459392174e-13,8.092862428e-14,3.171076783e-13,1.284934284e-13,1.013569489e-13,6.404673659e-14,4.075278581e-13,5.116475261e-13,3.209326701e-13,2.715970922e-13,1.94486807e-13,4.482546757e-14,3.003491173e-13,1.713491786e-13,4.490973894e-14,6.439265867e-14,1.473873397e-13,2.861278309e-14,4.701098568e-14,1.597916119e-13,7.132530555e-14,2.750672692e-13,1.168136914e-13,3.281928175e-13,3.337073102e-14
169.1328125,2.455380797e-13,1.204768573e-13,5.266142158e-13,2.155956207e-13,2.355741506e-13,1.539786704e-13,9.509071924e-14,2.512614431e-13,8.144945521e-14,3.207828826e-13,1.296359511e-13,1.032549575e-13,6.503660327e-14,4.095339621e-13,5.102132711e-13,3.196169495e-13,2.727059571e-13,1.956795759e-13,4.523999133e-14,2.988323189e-13,1.713211551e-13,4.481116198e-14,6.528858026e-14,1.491664254e-13,2.894972067e-14,4.758513057e-14,1.611466071e-13,7.048677654e-14,2.82029672e-13,1.17476257e-13,3.356600738e-13,3.331219235e-14
169.140625,2.463623317e-13,1.225887627e-13,5.36928687e-13,2.212036594e-13,2.35495075e-13,1.523694323e-13,9.452411161e-14,2.566649335e-13,8.2026439e-14,3.243697908e-13,1.308443729e-13,1.052516655e-13,6.599757011e-14,4.114936209e-13,5.084566592e-13,3.180708387e-13,2.737383032e-13,1.969639476e-13,4.5683931e-14,2.972856577e-13,1.712287036e-13,4.470382861e-14,6.628526526e-14,1.510195313e-13,2.929124801e-14,4.821780776e-14,1.625536724e-13,6.969176314e-14,2.891362251e-13,1.181746631e-13,3.434480692e-13,3.325447094e-14
169.1484375,2.471989329e-13,1.246617472e-13,5.478222161e-13,2.267455349e-13,2.35474925e-13,1.509395708e-13,9.397114222e-14,2.620892813e-13,8.268396742e-14,3.278221942e-13,1.321365835e-13,1.074228097e-13,6.698548771e-14,4.135960219e-13,5.066113099e-13,3.165007252e-13,2.748908864e-13,1.984272037e-13,4.620008525e-14,2.956997435e-13,1.711342473e-13,4.461976226e-14,6.731631122e-14,1.528925965e-13,2.966390182e-14,4.888307163e-14,1.640052289e-13,6.896056303e-14,2.966541939e-13,1.188891023e-13,3.516057126e-13,3.319500562e-14
169.15625,2.481052551e-13,1.26413523e-13,5.592447686e-13,2.323903543e-13,2.35547788e-13,1.496617957e-13,9.347177224e-14,2.674841242e-13,8.340434386e-14,3.312211863e-13,1.334658368e-13,1.097706106e-13,6.801905884e-14,4.159483444e-13,5.0486967e-13,3.151126491e-13,2.763190717e-13,2.001202609e-13,4.678386601e-14,2.940468483e-13,1.710302032e-13,4.456427595e-14,6.838091621e-14,1.547315119e-13,3.006173065e-14,4.957518721e-14,1.654611748e-13,6.837159585e-14,3.044378675e-13,1.19659935e-13,3.600784905e-13,3.313569409e-14
169.1640625,2.491779827e-13,1.281168901e-13,5.707020131e-13,2.379178932e-13,2.356131849e-13,1.482272397e-13,9.298052101e-14,2.728697581e-13,8.414026551e-14,3.346068436e-13,1.347270259e-13,1.121482971e-13,6.90727919e-14,4.182787538e-13,5.028900225e-13,3.136546994e-13,2.778693492e-13,2.018977975e-13,4.741447696e-14,2.923142276e-13,1.707749706e-13,4.448349083e-14,6.94829093e-14,1.566111667e-13,3.045873897e-14,5.029422641e-14,1.668692552e-13,6.790419225e-14,3.121567389e-13,1.204622937e-13,3.687913026e-13,3.31068535e-14
169.171875,2.504635098e-13,1.301123921e-13,5.820575628e-13,2.433603793e-13,2.356945528e-13,1.467976723e-13,9.248361436e-14,2.782025446e-13,8.488509763e-14,3.377972004e-13,1.359556817e-13,1.144933103e-13,7.011967796e-14,4.205864634e-13,5.006512556e-13,3.120407768e-13,2.794615894e-13,2.037819799e-13,4.80784696e-14,2.905667873e-13,1.704348371e-13,4.439984089e-14,7.060194317e-14,1.584496242e-13,3.086564015e-14,5.106026362e-14,1.682582628e-13,6.74134892e-14,3.199389494e-13,1.212535659e-13,3.776443957e-13,3.308305402e-14
169.1796875,2.516816327e-13,1.319451421e-13,5.937148557e-13,2.491069792e-13,2.358797581e-13,1.45633479e-13,9.199641752e-14,2.834420739e-13,8.566832386e-14,3.408087545e-13,1.372762272e-13,1.169238179e-13,7.1103548e-14,4.23047555e-13,4.985118267e-13,3.104898313e-13,2.810797467e-13,2.058584887e-13,4.873551488e-14,2.888077074e-13,1.70198673e-13,4.436683167e-14,7.175713646e-14,1.601349531e-13,3.128763515e-14,5.18887688e-14,1.697197117e-13,6.68911789e-14,3.27950104e-13,1.220695927e-13,3.866043924e-13,3.301631368e-14
169.1875,2.528163969e-13,1.334012823e-13,6.058945946e-13,2.549311075e-13,2.362070111e-13,1.445652923e-13,9.152571638e-14,2.886758671e-13,8.652702401e-14,3.438424202e-13,1.386911788e-13,1.195153562e-13,7.20481499e-14,4.256684358e-13,4.963774018e-13,3.089264991e-13,2.827169719e-13,2.080419198e-13,4.940705478e-14,2.870150772e-13,1.70015459e-13,4.436793439e-14,7.296692395e-14,1.617953463e-13,3.171567082e-14,5.27413073e-14,1.712665227e-13,6.64871302e-14,3.36111088e-13,1.229586321e-13,3.958628961e-13,3.293985499e-14
169.1953125,2.541898069e-13,1.350178239e-13,6.183712278e-13,2.603904833e-13,2.367508015e-13,1.43468749e-13,9.107633381e-14,2.939162528e-13,8.746960346e-14,3.468029347e-13,1.401324784e-13,1.222097344e-13,7.304342421e-14,4.285207285e-13,4.940595354e-13,3.072265321e-13,2.844694291e-13,2.103473049e-13,5.015770697e-14,2.852192928e-13,1.697738195e-13,4.438995116e-14,7.419166525e-14,1.635045591e-13,3.215061675e-14,5.357523e-14,1.728256705e-13,6.622505177e-14,3.443430184e-13,1.23911221e-13,4.055327625e-13,3.288548017e-14
169.203125,2.556167695e-13,1.367900104e-13,6.308699975e-13,2.65761865e-13,2.37417352e-13,1.424290738e-13,9.062607739e-14,2.990803191e-13,8.846080149e-14,3.495450356e-13,1.415489326e-13,1.249487054e-13,7.403895856e-14,4.31485628e-13,4.916627299e-13,3.054766507e-13,2.862351237e-13,2.127862519e-13,5.094138271e-14,2.834244447e-13,1.695240589e-13,4.443638772e-14,7.53987382e-14,1.651979182e-13,3.257559723e-14,5.440079343e-14,1.743279297e-13,6.597687322e-14,3.525675403e-13,1.248802346e-13,4.153552938e-13,3.28083387e-14
169.2109375,2.56897193e-13,1.383452886e-13,6.435479601e-13,2.713169443e-13,2.380639605e-13,1.415382539e-13,9.018763723e-14,3.042029851e-13,8.947870403e-14,3.522040109e-13,1.42970226e-13,1.277609405e-13,7.498335782e-14,4.343329321e-13,4.892750756e-13,3.037390877e-13,2.879732234e-13,2.152515993e-13,5.172393169e-14,2.816351385e-13,1.692923126e-13,4.449639304e-14,7.662464239e-14,1.669182513e-13,3.3001881e-14,5.526730034e-14,1.757929223e-13,6.569760054e-14,3.60907299e-13,1.258408161e-13,4.25149226e-13,3.268846877e-14
169.21875,2.584302181e-13,1.399702024e-13,6.56686683e-13,2.768099129e-13,2.38820931e-13,1.408762604e-13,8.979745829e-14,3.092985658e-13,9.052481977e-14,3.54838481e-13,1.444972475e-13,1.306844006e-13,7.597278867e-14,4.372954349e-13,4.870196234e-13,3.021622109e-13,2.900025728e-13,2.178324676e-13,5.258609168e-14,2.798424793e-13,1.690635689e-13,4.458431675e-14,7.792038908e-14,1.686711015e-13,3.347571141e-14,5.622709129e-14,1.773234971e-13,6.545492508e-14,3.695931054e-13,1.268287976e-13,4.350383651e-13,3.255445441e-14
169.2265625,2.601008065e-13,1.417252905e-13,6.699726267e-13,2.82169031e-13,2.39604506e-13,1.402469908e-13,8.937752879e-14,3.142905861e-13,9.161174243e-14,3.57336873e-13,1.460341946e-13,1.336792514e-13,7.696157644e-14,4.403736105e-13,4.847304882e-13,3.007118662e-13,2.921728696e-13,2.205205826e-13,5.348756154e-14,2.780015322e-13,1.688659624e-13,4.468832176e-14,7.925894118e-14,1.703705701e-13,3.395317752e-14,5.726997371e-14,1.789306435e-13,6.530308732e-14,3.784005578e-13,1.278836791e-13,4.450620589e-13,3.241188976e-14
169.234375,2.612634207e-13,1.430657017e-13,6.830709232e-13,2.874983582e-13,2.400606653e-13,1.393533374e-13,8.887153431e-14,3.192079851e-13,9.277525348e-14,3.596654548e-13,1.473862912e-13,1.367001346e-13,7.77818093e-14,4.430487347e-13,4.818219152e-13,2.989289038e-13,2.939700077e-13,2.230218002e-13,5.428687158e-14,2.76215014e-13,1.68636373e-13,4.476207939e-14,8.05723299e-14,1.720400667e-13,3.435949327e-14,5.832361658e-14,1.805177858e-13,6.523997351e-14,3.870502249e-13,1.289887509e-13,4.552172706e-13,3.225388133e-14
169.2421875,2.621137748e-13,1.440803918e-13,6.962862576e-13,2.927635565e-13,2.403699569e-13,1.383863282e-13,8.840347864e-14,3.240555548e-13,9.3987906e-14,3.618104589e-13,1.486867298e-13,1.397525977e-13,7.85012438e-14,4.454768082e-13,4.784170131e-13,2.968088273e-13,2.956162542e-13,2.253969531e-13,5.502545319e-14,2.745579471e-13,1.683162672e-13,4.483654188e-14,8.187964982e-14,1.73677354e-13,3.474817268e-14,5.936058411e-14,1.820794691e-13,6.517684363e-14,3.957290465e-13,1.301100515e-13,4.655824957e-13,3.206921849e-14
169.25,2.632195222e-13,1.45236214e-13,7.098259663e-13,2.980296035e-13,2.409709043e-13,1.37700265e-13,8.804616329e-14,3.287770743e-13,9.519106182e-14,3.638195102e-13,1.501698977e-13,1.428714479e-13,7.929199456e-14,4.482875901e-13,4.752944813e-13,2.949306131e-13,2.975650967e-13,2.280009619e-13,5.584479957e-14,2.727760691e-13,1.680385583e-13,4.496399294e-14,8.324293567e-14,1.752255548e-13,3.519453419e-14,6.040426977e-14,1.836536674e-13,6.505764946e-14,4.045670689e-13,1.312511409e-13,4.761206931e-13,3.184735641e-14
169.2578125,2.644993543e-13,1.464346694e-13,7.23719013e-13,3.032566505e-13,2.417958594e-13,1.37300748e-13,8.773065023e-14,3.334838522e-13,9.645467018e-14,3.658672979e-13,1.518094017e-13,1.461354556e-13,8.017123218e-14,4.514843493e-13,4.72516186e-13,2.933993254e-13,2.997427472e-13,2.308953383e-13,5.677702828e-14,2.707568899e-13,1.67881108e-13,4.512104619e-14,8.463381426e-14,1.767669529e-13,3.567759277e-14,6.145823273e-14,1.85219981e-13,6.50686063e-14,4.135538169e-13,1.324645594e-13,4.868850549e-13,3.16295314e-14
169.265625,2.657045296e-13,1.475616291e-13,7.381437069e-13,3.081952757e-13,2.425740543e-13,1.370394559e-13,8.745315415e-14,3.381784189e-13,9.780357125e-14,3.67965617e-13,1.535063629e-13,1.495256538e-13,8.107486994e-14,4.547266873e-13,4.696700635e-13,2.919003692e-13,3.020226745e-13,2.339354116e-13,5.775817045e-14,2.687829654e-13,1.677188297e-13,4.527651849e-14,8.60081262e-14,1.783257775e-13,3.617160084e-14,6.254153048e-14,1.868229145e-13,6.534164128e-14,4.227892836e-13,1.3378058e-13,4.979136682e-13,3.144425157e-14
169.2734375,2.667038178e-13,1.486568413e-13,7.527040589e-13,3.129328156e-13,2.431817479e-13,1.367320021e-13,8.723217961e-14,3.426249731e-13,9.909032853e-14,3.699680721e-13,1.551532048e-13,1.528685526e-13,8.189112725e-14,4.577129416e-13,4.666583064e-13,2.903560477e-13,3.042567328e-13,2.369177531e-13,5.868770142e-14,2.668981918e-13,1.675002639e-13,4.541255444e-14,8.738992004e-14,1.797990997e-13,3.667457738e-14,6.368731017e-14,1.885024241e-13,6.559333798e-14,4.321211243e-13,1.351271963e-13,5.088127987e-13,3.123457548e-14
169.28125,2.67422884e-13,1.495337068e-13,7.668883906e-13,3.176979745e-13,2.436449153e-13,1.362854971e-13,8.699823174e-14,3.468552114e-13,1.003237219e-13,3.718101288e-13,1.566731789e-13,1.561699312e-13,8.254524562e-14,4.60301332e-13,4.633714657e-13,2.887412235e-13,3.062243036e-13,2.39712878e-13,5.954959825e-14,2.649089639e-13,1.67294271e-13,4.552497848e-14,8.876701136e-14,1.812339168e-13,3.716335139e-14,6.485647787e-14,1.901633423e-13,6.561990249e-14,4.413302674e-13,1.364371423e-13,5.194348569e-13,3.097884236e-14
169.2890625,2.681606285e-13,1.503038501e-13,7.810828362e-13,3.223862527e-13,2.442159005e-13,1.359351852e-13,8.673606087e-14,3.510347517e-13,1.016537225e-13,3.734033392e-13,1.582384355e-13,1.595891391e-13,8.314907778e-14,4.628767382e-13,4.597888907e-13,2.870040964e-13,3.08129745e-13,2.42510566e-13,6.045418573e-14,2.629160175e-13,1.670938491e-13,4.567328428e-14,9.009920603e-14,1.826571424e-13,3.76296538e-14,6.598733469e-14,1.917698672e-13,6.568894156e-14,4.505048863e-13,1.377453357e-13,5.301837545e-13,3.072990003e-14
169.296875,2.691218161e-13,1.51227614e-13,7.955135337e-13,3.269096826e-13,2.450025296e-13,1.358530388e-13,8.650937309e-14,3.550296887e-13,1.030227798e-13,3.747212835e-13,1.599580483e-13,1.630487005e-13,8.379448481e-14,4.657347257e-13,4.562500581e-13,2.852915656e-13,3.1024645e-13,2.454600399e-13,6.142709293e-14,2.610219708e-13,1.66876575e-13,4.588445819e-14,9.14273113e-14,1.839398255e-13,3.809213321e-14,6.711006805e-14,1.934225979e-13,6.596803831e-14,4.596263331e-13,1.390654359e-13,5.410395298e-13,3.048717062e-14
169.3046875,2.699501965e-13,1.520241539e-13,8.098401912e-13,3.31242459e-13,2.458253905e-13,1.358564009e-13,8.633077719e-14,3.58802549e-13,1.043514377e-13,3.759690361e-13,1.616485203e-13,1.664630023e-13,8.441117289e-14,4.685943192e-13,4.528779063e-13,2.83735401e-13,3.124334975e-13,2.48447034e-13,6.238538507e-14,2.591145499e-13,1.666927835e-13,4.609880188e-14,9.277934494e-14,1.85159414e-13,3.856595083e-14,6.829630377e-14,1.951850646e-13,6.627941724e-14,4.686813948e-13,1.403701484e-13,5.517448095e-13,3.022685902e-14
169.3125,2.704848863e-13,1.525874685e-13,8.242920682e-13,3.352184507e-13,2.467348759e-13,1.358641799e-13,8.619008216e-14,3.624804552e-13,1.057254492e-13,3.771861462e-13,1.63291046e-13,1.69986344e-13,8.499262609e-14,4.714291594e-13,4.494929477e-13,2.822687985e-13,3.145381502e-13,2.5148817e-13,6.334649856e-14,2.572126374e-13,1.665704654e-13,4.631721445e-14,9.409526769e-14,1.86470488e-13,3.906350602e-14,6.953816078e-14,1.970410623e-13,6.655158054e-14,4.77989859e-13,1.416973033e-13,5.625211021e-13,2.997657512e-14
169.3203125,2.710314593e-13,1.532871656e-13,8.391931684e-13,3.389748078e-13,2.478680906e-13,1.360396273e-13,8.60931219e-14,3.65904865e-13,1.071321522e-13,3.781686683e-13,1.650555317e-13,1.73630309e-13,8.558990417e-14,4.744813998e-13,4.460754504e-13,2.808091053e-13,3.165869896e-13,2.546655157e-13,6.438309787e-14,2.553147876e-13,1.664897079e-13,4.659810753e-14,9.535333857e-14,1.877289255e-13,3.958112904e-14,7.076548928e-14,1.989159988e-13,6.685894017e-14,4.875493381e-13,1.430795793e-13,5.734096266e-13,2.972823032e-14
169.328125,2.716841959e-13,1.540341471e-13,8.542263488e-13,3.427965657e-13,2.490449082e-13,1.364106427e-13,8.600657296e-14,3.69012769e-13,1.085027973e-13,3.789477967e-13,1.669184175e-13,1.772505085e-13,8.616360711e-14,4.775713198e-13,4.426185069e-13,2.793394987e-13,3.186697631e-13,2.57881162e-13,6.54821834e-14,2.532976939e-13,1.663973212e-13,4.692101333e-14,9.658253791e-14,1.88811724e-13,4.008768964e-14,7.195460546e-14,2.007435751e-13,6.724134359e-14,4.968798358e-13,1.445000424e-13,5.841887153e-13,2.945062882e-14
169.3359375,2.723056128e-13,1.545578227e-13,8.691109418e-13,3.465083368e-13,2.501650619e-13,1.368253349e-13,8.59113825e-14,3.720848787e-13,1.098889976e-13,3.796467798e-13,1.687796038e-13,1.808449338e-13,8.670280568e-14,4.805195307e-13,4.38981509e-13,2.777869766e-13,3.208349588e-13,2.610354776e-13,6.659096611e-14,2.512637548e-13,1.662217974e-13,4.72312175e-14,9.776736232e-14,1.898112689e-13,4.055848213e-14,7.313099367e-14,2.025781873e-13,6.773822852e-14,5.057452994e-13,1.459515912e-13,5.949652284e-13,2.918056106e-14
169.34375,2.728775406e-13,1.550470365e-13,8.83727487e-13,3.499801907e-13,2.513275009e-13,1.372014231e-13,8.585422838e-14,3.751054391e-13,1.112809807e-13,3.801657683e-13,1.705868047e-13,1.844054144e-13,8.721911685e-14,4.83442629e-13,4.35166162e-13,2.761029356e-13,3.22914395e-13,2.640809974e-13,6.766744062e-14,2.492936627e-13,1.660159296e-13,4.751783204e-14,9.889863346e-14,1.907370407e-13,4.100322807e-14,7.429803856e-14,2.044712764e-13,6.826126527e-14,5.142989744e-13,1.473924709e-13,6.056702369e-13,2.893452318e-14
169.3515625,2.733649375e-13,1.555221603e-13,8.980223203e-13,3.534181304e-13,2.524424297e-13,1.37589458e-13,8.583418893e-14,3.778186231e-13,1.126248531e-13,3.805078665e-13,1.723095059e-13,1.879182121e-13,8.764034186e-14,4.863312379e-13,4.31335119e-13,2.745211428e-13,3.248830932e-13,2.670565047e-13,6.871353632e-14,2.472146402e-13,1.659319077e-13,4.779187393e-14,1.000085915e-13,1.915972618e-13,4.145294577e-14,7.546035989e-14,2.063753839e-13,6.867563966e-14,5.228495992e-13,1.487944524e-13,6.160842161e-13,2.867112924e-14
169.359375,2.737188384e-13,1.557991865e-13,9.123055662e-13,3.566661774e-13,2.534562964e-13,1.380642617e-13,8.578584668e-14,3.802827517e-13,1.139944294e-13,3.80802556e-13,1.740820169e-13,1.915285821e-13,8.798186689e-14,4.892007376e-13,4.275801382e-13,2.732959536e-13,3.270532768e-13,2.701374387e-13,6.9796408e-14,2.45078555e-13,1.659633741e-13,4.80932742e-14,1.010992746e-13,1.925051105e-13,4.192114236e-14,7.664497005e-14,2.082991013e-13,6.912752546e-14,5.315881302e-13,1.502367024e-13,6.265362607e-13,2.839817183e-14
169.3671875,2.741034264e-13,1.560436849e-13,9.267786076e-13,3.594343192e-13,2.546506593e-13,1.38669253e-13,8.572140662e-14,3.826338246e-13,1.154477351e-13,3.80978281e-13,1.760186808e-13,1.952876099e-13,8.835557095e-14,4.922846259e-13,4.23841079e-13,2.72242826e-13,3.294299479e-13,2.733700999e-13,7.094908834e-14,2.431141569e-13,1.659919375e-13,4.847631901e-14,1.021554995e-13,1.934315369e-13,4.238915544e-14,7.783253956e-14,2.102668556e-13,6.980040981e-14,5.403022715e-13,1.517557648e-13,6.372943645e-13,2.813395072e-14
169.375,2.746231301e-13,1.56340338e-13,9.412764395e-13,3.619231888e-13,2.561567352e-13,1.393964627e-13,8.569363865e-14,3.848573449e-13,1.169518775e-13,3.809741858e-13,1.779899285e-13,1.990651132e-13,8.872824529e-14,4.95578605e-13,4.200194641e-13,2.711062034e-13,3.317047601e-13,2.766112942e-13,7.212167496e-14,2.412530947e-13,1.660167317e-13,4.893056645e-14,1.031639278e-13,1.943047449e-13,4.283435729e-14,7.897773537e-14,2.122150755e-13,7.058775913e-14,5.487548538e-13,1.532844261e-13,6.480890884e-13,2.785475025e-14
169.3828125,2.750252415e-13,1.565640029e-13,9.555018004e-13,3.643070356e-13,2.575702135e-13,1.401224502e-13,8.566313076e-14,3.869385807e-13,1.184482624e-13,3.80862135e-13,1.79903862e-13,2.027379152e-13,8.901532081e-14,4.986608829e-13,4.161001425e-13,2.69966423e-13,3.338185437e-13,2.796797469e-13,7.325443619e-14,2.393158173e-13,1.660346369e-13,4.937427072e-14,1.040772291e-13,1.951525045e-13,4.324195346e-14,8.008672604e-14,2.14153125e-13,7.135693748e-14,5.569347966e-13,1.54788016e-13,6.586159163e-13,2.758547053e-14
169.390625,2.751230365e-13,1.568266113e-13,9.688931939e-13,3.664674138e-13,2.585436432e-13,1.407358629e-13,8.559379059e-14,3.887866442e-13,1.198364268e-13,3.805886542e-13,1.81791028e-13,2.061801811e-13,8.925822213e-14,5.01226717e-13,4.120945892e-13,2.688363662e-13,3.357829747e-13,2.82391604e-13,7.431731904e-14,2.372845658e-13,1.659483453e-13,4.975428292e-14,1.048969858e-13,1.959043501e-13,4.36070546e-14,8.117189389e-14,2.161298643e-13,7.210278684e-14,5.646666069e-13,1.562406756e-13,6.685822665e-13,2.735717289e-14
169.3984375,2.75055485e-13,1.570991561e-13,9.813448552e-13,3.683892247e-13,2.593959182e-13,1.413360208e-13,8.55412267e-14,3.903798906e-13,1.211374362e-13,3.801718301e-13,1.836398842e-13,2.094248021e-13,8.948536768e-14,5.035475553e-13,4.079918714e-13,2.675748026e-13,3.375029482e-13,2.848068654e-13,7.534067993e-14,2.352351509e-13,1.657997641e-13,5.01204341e-14,1.056977059e-13,1.965401067e-13,4.395117592e-14,8.220391828e-14,2.180584771e-13,7.284153232e-14,5.719063429e-13,1.576201076e-13,6.779993112e-13,2.71274681e-14
169.40625,2.748879361e-13,1.570941553e-13,9.936723679e-13,3.700387803e-13,2.605522508e-13,1.420463077e-13,8.552129292e-14,3.918995717e-13,1.225271106e-13,3.798249656e-13,1.855125874e-13,2.127246073e-13,8.966333341e-14,5.060359074e-13,4.038335675e-13,2.662607323e-13,3.389892541e-13,2.871917575e-13,7.639226294e-14,2.332493407e-13,1.657415083e-13,5.055057816e-14,1.064477041e-13,1.972067778e-13,4.428579939e-14,8.315047349e-14,2.198724247e-13,7.364884808e-14,5.789993309e-13,1.589898738e-13,6.874333923e-13,2.68945912e-14
169.4140625,2.746193087e-13,1.569562327e-13,1.006082186e-12,3.713927872e-13,2.618571735e-13,1.427967539e-13,8.548016692e-14,3.93290065e-13,1.239852852e-13,3.794769991e-13,1.874868755e-13,2.160707496e-13,8.978339503e-14,5.085711005e-13,3.996786853e-13,2.650468016e-13,3.403140582e-13,2.89523118e-13,7.74430099e-14,2.312801367e-13,1.65746174e-13,5.103317055e-14,1.070327159e-13,1.978429738e-13,4.457594187e-14,8.400405712e-14,2.21644382e-13,7.455538023e-14,5.85856343e-13,1.603775268e-13,6.969203008e-13,2.67006696e-14
169.421875,2.743608136e-13,1.570338848e-13,1.017809848e-12,3.726899507e-13,2.63034513e-13,1.434788745e-13,8.54204326e-14,3.94333976e-13,1.253256889e-13,3.78813283e-13,1.894510449e-13,2.191706109e-13,8.98130469e-14,5.10812253e-13,3.955171138e-13,2.639334475e-13,3.415375946e-13,2.915816389e-13,7.838610623e-14,2.292851604e-13,1.656807542e-13,5.150637928e-14,1.074877595e-13,1.983042585e-13,4.480628511e-14,8.478972136e-14,2.23439587e-13,7.542165907e-14,5.919916636e-13,1.617204259e-13,7.058043745e-13,2.651213114e-14
169.4296875,2.740194798e-13,1.572249151e-13,1.028765967e-12,3.739776192e-13,2.641965989e-13,1.441191168e-13,8.539134007e-14,3.951701229e-13,1.265646831e-13,3.778266028e-13,1.913108861e-13,2.220190551e-13,8.976239409e-14,5.128317147e-13,3.913504503e-13,2.62915136e-13,3.427088702e-13,2.934055264e-13,7.923721152e-14,2.274249899e-13,1.655654522e-13,5.195954143e-14,1.079340068e-13,1.987185073e-13,4.502766796e-14,8.554970409e-14,2.252733228e-13,7.61681555e-14,5.975402912e-13,1.630083063e-13,7.140596183e-13,2.630687176e-14
169.4375,2.734997681e-13,1.573323956e-13,1.039582154e-12,3.750246631e-13,2.654953637e-13,1.448896719e-13,8.539770891e-14,3.959269249e-13,1.27818953e-13,3.767079533e-13,1.931757509e-13,2.248804385e-13,8.976163586e-14,5.149165924e-13,3.873005447e-13,2.620829324e-13,3.439405945e-13,2.952781116e-13,8.013183083e-14,2.256989861e-13,1.655207852e-13,5.242401249e-14,1.083797675e-13,1.991211395e-13,4.528682113e-14,8.632876692e-14,2.271635079e-13,7.693046646e-14,6.030539959e-13,1.642737125e-13,7.221605358e-13,2.613018271e-14
169.4453125,2.730186035e-13,1.573869939e-13,1.05041826e-12,3.758434798e-13,2.668429955e-13,1.458999143e-13,8.540839559e-14,3.964074776e-13,1.290717009e-13,3.755151404e-13,1.951589418e-13,2.278382707e-13,8.983408475e-14,5.170893774e-13,3.83485944e-13,2.615595839e-13,3.45445763e-13,2.973952109e-13,8.111147647e-14,2.239109235e-13,1.655738704e-13,5.29205869e-14,1.087809946e-13,1.993810199e-13,4.556950412e-14,8.717849337e-14,2.29123682e-13,7.785042874e-14,6.086983033e-13,1.655270321e-13,7.301526903e-13,2.597124644e-14
169.453125,2.725028462e-13,1.573368516e-13,1.060840119e-12,3.764704948e-13,2.681201058e-13,1.469132207e-13,8.540782141e-14,3.965847413e-13,1.30272861e-13,3.742751591e-13,1.971770087e-13,2.307227677e-13,8.983842227e-14,5.19116283e-13,3.797788176e-13,2.612543717e-13,3.470287421e-13,2.994929292e-13,8.208187708e-14,2.221653099e-13,1.656323109e-13,5.343904307e-14,1.091148988e-13,1.996209934e-13,4.583673456e-14,8.80749662e-14,2.311324978e-13,7.882949667e-14,6.14249581e-13,1.667472233e-13,7.378580004e-13,2.580021398e-14
169.4609375,2.716622906e-13,1.571212653e-13,1.070406268e-12,3.767736276e-13,2.693711461e-13,1.477030563e-13,8.540951192e-14,3.96575625e-13,1.314142586e-13,3.729841011e-13,1.990635134e-13,2.333754051e-13,8.9742142e-14,5.209068106e-13,3.759544833e-13,2.608803957e-13,3.481489736e-13,3.011460923e-13,8.298288986e-14,2.205799978e-13,1.656231589e-13,5.396172443e-14,1.093312109e-13,1.999475153e-13,4.607220231e-14,8.890544281e-14,2.331110711e-13,7.964882728e-14,6.194229829e-13,1.678592032e-13,7.45171382e-13,2.564852018e-14
169.46875,2.707314541e-13,1.569796308e-13,1.079346523e-12,3.768007673e-13,2.706790079e-13,1.485358566e-13,8.54155309e-14,3.963390922e-13,1.325349409e-13,3.715712e-13,2.009142785e-13,2.359159382e-13,8.962565988e-14,5.22664285e-13,3.720965299e-13,2.6048706e-13,3.489489673e-13,3.025305494e-13,8.385677722e-14,2.189077672e-13,1.656132207e-13,5.450846661e-14,1.094029565e-13,2.002215783e-13,4.627040021e-14,8.965734639e-14,2.350279581e-13,8.042671704e-14,6.242188293e-13,1.688866175e-13,7.521480508e-13,2.551643699e-14
169.4765625,2.699676059e-13,1.571224068e-13,1.088255563e-12,3.765511045e-13,2.719466588e-13,1.496394873e-13,8.53918252e-14,3.959848201e-13,1.337194155e-13,3.700970337e-13,2.029603264e-13,2.385524209e-13,8.949694393e-14,5.244524462e-13,3.684322642e-13,2.603855188e-13,3.499519561e-13,3.040034686e-13,8.474596469e-14,2.170555471e-13,1.657008468e-13,5.509670474e-14,1.093737855e-13,2.004707512e-13,4.64185915e-14,9.040133098e-14,2.369622169e-13,8.15054517e-14,6.288551639e-13,1.699807886e-13,7.590452936e-13,2.538791308e-14
169.484375,2.692071086e-13,1.572826787e-13,1.096861116e-12,3.759719964e-13,2.731419229e-13,1.507430765e-13,8.533680921e-14,3.956420986e-13,1.349242453e-13,3.686389391e-13,2.050048433e-13,2.411384121e-13,8.933697199e-14,5.261088201e-13,3.649041488e-13,2.605061596e-13,3.5100918e-13,3.053554477e-13,8.563893511e-14,2.152228938e-13,1.65832529e-13,5.568967668e-14,1.092902185e-13,2.007492164e-13,4.653035578e-14,9.108696825e-14,2.389157545e-13,8.275029982e-14,6.331562831e-13,1.710970739e-13,7.657279171e-13,2.530097431e-14
169.4921875,2.684285804e-13,1.571345869e-13,1.104559452e-12,3.754107481e-13,2.744851951e-13,1.516791872e-13,8.53087798e-14,3.950516563e-13,1.359879527e-13,3.670764005e-13,2.067318186e-13,2.43423404e-13,8.914122305e-14,5.276973427e-13,3.613181419e-13,2.605589739e-13,3.518428168e-13,3.063936935e-13,8.65075711e-14,2.13481544e-13,1.658869273e-13,5.626520651e-14,1.091663305e-13,2.008704658e-13,4.663916836e-14,9.166682541e-14,2.408003341e-13,8.375707043e-14,6.367551117e-13,1.72056637e-13,7.717314807e-13,2.524890393e-14
169.5,2.676450371e-13,1.568802215e-13,1.111755322e-12,3.749280211e-13,2.759748244e-13,1.526403931e-13,8.532582877e-14,3.940627158e-13,1.36925558e-13,3.653523711e-13,2.084150265e-13,2.455440783e-13,8.887825866e-14,5.293313325e-13,3.576332573e-13,2.60497721e-13,3.525803048e-13,3.073219998e-13,8.734275813e-14,2.117941485e-13,1.658772183e-13,5.68491427e-14,1.08974624e-13,2.008650784e-13,4.673826801e-14,9.223226805e-14,2.42647156e-13,8.464388798e-14,6.398504338e-13,1.729305006e-13,7.772053892e-13,2.51849692e-14
169.5078125,2.667190955e-13,1.567944766e-13,1.118890764e-12,3.739348058e-13,2.773883852e-13,1.537004004e-13,8.532504758e-14,3.92917895e-13,1.378862311e-13,3.635784398e-13,2.104029062e-13,2.477026796e-13,8.856721217e-14,5.308533009e-13,3.539306724e-13,2.60449355e-13,3.532258794e-13,3.082497502e-13,8.817682669e-14,2.100791473e-13,1.659146384e-13,5.745601346e-14,1.086679584e-13,2.009527489e-13,4.680764548e-14,9.280627934e-14,2.445022945e-13,8.572298391e-14,6.428568285e-13,1.738614416e-13,7.825774194e-13,2.513509948e-14
169.515625,2.658170853e-13,1.567577201e-13,1.125455239e-12,3.72460713e-13,2.7876048e-13,1.547838037e-13,8.525225491e-14,3.916962972e-13,1.38857058e-13,3.61748677e-13,2.124771331e-13,2.497766669e-13,8.827575626e-14,5.321544358e-13,3.503235216e-13,2.605700634e-13,3.53740702e-13,3.091711601e-13,8.903360626e-14,2.082484059e-13,1.660236307e-13,5.8082215e-14,1.082691182e-13,2.010403857e-13,4.685934303e-14,9.332059788e-14,2.462830306e-13,8.690001112e-14,6.457376588e-13,1.747775294e-13,7.876919081e-13,2.511643258e-14
169.5234375,2.650402138e-13,1.567571792e-13,1.131100557e-12,3.711013697e-13,2.800299284e-13,1.558499499e-13,8.511737588e-14,3.902755674e-13,1.39720017e-13,3.598049121e-13,2.143877002e-13,2.516081715e-13,8.798142371e-14,5.331486823e-13,3.467628084e-13,2.608127479e-13,3.542134998e-13,3.100083794e-13,8.985892028e-14,2.064385161e-13,1.661052711e-13,5.870122395e-14,1.078284118e-13,2.010009584e-13,4.688865248e-14,9.378791823e-14,2.479640403e-13,8.802691723e-14,6.482354427e-13,1.756154971e-13,7.922475468e-13,2.508299372e-14
169.53125,2.640755254e-13,1.569109582e-13,1.136167092e-12,3.696201298e-13,2.8094813e-13,1.568355421e-13,8.495733666e-14,3.886660363e-13,1.404740158e-13,3.578707352e-13,2.161995594e-13,2.532569675e-13,8.760610233e-14,5.336686473e-13,3.43018488e-13,2.608985763e-13,3.545401452e-13,3.105514086e-13,9.0617966e-14,2.047403341e-13,1.66099526e-13,5.926965087e-14,1.073044274e-13,2.00953078e-13,4.687922664e-14,9.422478591e-14,2.4960236e-13,8.914685227e-14,6.502816215e-13,1.764336516e-13,7.962939173e-13,2.504075059e-14
169.5390625,2.628745328e-13,1.569192297e-13,1.140849567e-12,3.675761509e-13,2.817588319e-13,1.577684246e-13,8.478389402e-14,3.868944117e-13,1.412045581e-13,3.560643816e-13,2.179273438e-13,2.548488134e-13,8.715537445e-14,5.339139742e-13,3.391015929e-13,2.608623565e-13,3.546705012e-13,3.108394726e-13,9.136603543e-14,2.029617382e-13,1.660885423e-13,5.981305469e-14,1.066466693e-13,2.009209793e-13,4.684716508e-14,9.460227029e-14,2.511674283e-13,9.025255094e-14,6.520195626e-13,1.772329693e-13,7.999817081e-13,2.503150914e-14
169.546875,2.616711488e-13,1.565933583e-13,1.144891637e-12,3.65439119e-13,2.82790884e-13,1.587474511e-13,8.457879991e-14,3.849607866e-13,1.419314652e-13,3.542759433e-13,2.195284774e-13,2.563677659e-13,8.668211455e-14,5.342022034e-13,3.3528619e-13,2.610055917e-13,3.547196715e-13,3.109836529e-13,9.21031982e-14,2.011076847e-13,1.661368386e-13,6.038899381e-14,1.058865273e-13,2.00823704e-13,4.678343048e-14,9.494517806e-14,2.526325082e-13,9.133347693e-14,6.534700217e-13,1.77959158e-13,8.033348103e-13,2.505089254e-14
169.5546875,2.604804816e-13,1.563357508e-13,1.148082198e-12,3.635047709e-13,2.838085416e-13,1.597191803e-13,8.434082996e-14,3.828716009e-13,1.425832989e-13,3.523375653e-13,2.210890977e-13,2.576579771e-13,8.618309339e-14,5.34420138e-13,3.316407681e-13,2.613061941e-13,3.546097117e-13,3.107952151e-13,9.276176099e-14,1.993585651e-13,1.661667819e-13,6.097286709e-14,1.050370892e-13,2.006611987e-13,4.665676553e-14,9.525822696e-14,2.540901331e-13,9.243832815e-14,6.543281731e-13,1.786023201e-13,8.061948905e-13,2.509530666e-14
169.5625,2.593233155e-13,1.563122959e-13,1.150733737e-12,3.612402623e-13,2.84692826e-13,1.606565643e-13,8.409265494e-14,3.805546463e-13,1.431371493e-13,3.503003196e-13,2.227074945e-13,2.587173356e-13,8.563707016e-14,5.34492093e-13,3.280306801e-13,2.61588842e-13,3.542899369e-13,3.103141064e-13,9.337469463e-14,1.975884776e-13,1.661417488e-13,6.154112742e-14,1.040675568e-13,2.004293135e-13,4.649063539e-14,9.548566475e-14,2.556141737e-13,9.358998947e-14,6.545607331e-13,1.792034008e-13,8.085447808e-13,2.516781665e-14
169.5703125,2.583284161e-13,1.562630674e-13,1.153160718e-12,3.585149391e-13,2.856689753e-13,1.616445203e-13,8.382839482e-14,3.780814425e-13,1.436800485e-13,3.483340612e-13,2.243757535e-13,2.597421875e-13,8.507571044e-14,5.345712552e-13,3.243977746e-13,2.618343828e-13,3.538961129e-13,3.098395592e-13,9.401589807e-14,1.956857012e-13,1.661500314e-13,6.213270956e-14,1.029979997e-13,2.001929052e-13,4.631039147e-14,9.563295484e-14,2.57164245e-13,9.483595092e-14,6.546176242e-13,1.797950489e-13,8.107004983e-13,2.524371658e-14
169.578125,2.575109005e-13,1.562126889e-13,1.154805816e-12,3.558233807e-13,2.866952659e-13,1.626219463e-13,8.353508012e-14,3.756258841e-13,1.442267761e-13,3.463420457e-13,2.259728156e-13,2.60703976e-13,8.454102186e-14,5.345807079e-13,3.207869804e-13,2.621023285e-13,3.535334008e-13,3.093641292e-13,9.465776635e-14,1.938392425e-13,1.661900666e-13,6.273475164e-14,1.018886416e-13,2.000533421e-13,4.611490242e-14,9.573917453e-14,2.586764308e-13,9.613578849e-14,6.544954011e-13,1.803139695e-13,8.126470683e-13,2.532102568e-14
169.5859375,2.567619791e-13,1.562588528e-13,1.155072519e-12,3.531528268e-13,2.876264182e-13,1.635252838e-13,8.324449948e-14,3.730183833e-13,1.446626487e-13,3.440551551e-13,2.273954473e-13,2.613786147e-13,8.402436244e-14,5.344183703e-13,3.172936574e-13,2.625464393e-13,3.533167093e-13,3.088134111e-13,9.524796944e-14,1.921135699e-13,1.661566037e-13,6.33003831e-14,1.007684549e-13,1.998902153e-13,4.594217759e-14,9.58058281e-14,2.601369249e-13,9.729219341e-14,6.53723051e-13,1.806686596e-13,8.139939159e-13,2.541409851e-14
169.59375,2.558342559e-13,1.562445373e-13,1.154407409e-12,3.500671006e-13,2.884229045e-13,1.644233644e-13,8.295954477e-14,3.700339167e-13,1.449549292e-13,3.415389952e-13,2.287071745e-13,2.618033052e-13,8.348212025e-14,5.34109098e-13,3.139006526e-13,2.631304544e-13,3.531351975e-13,3.081452538e-13,9.577056645e-14,1.903649844e-13,1.66053632e-13,6.384268587e-14,9.961567559e-14,1.99584772e-13,4.579430815e-14,9.584354337e-14,2.61534854e-13,9.826320615e-14,6.524119635e-13,1.808774923e-13,8.14794698e-13,2.550186874e-14
169.6015625,2.546809314e-13,1.562320435e-13,1.15329039e-12,3.466368524e-13,2.889419423e-13,1.652485219e-13,8.261111804e-14,3.668401553e-13,1.451634851e-13,3.390686234e-13,2.299806968e-13,2.621073091e-13,8.287970778e-14,5.33489773e-13,3.104316086e-13,2.635399807e-13,3.526036364e-13,3.071136409e-13,9.621443978e-14,1.885222219e-13,1.659392379e-13,6.437589705e-14,9.837635761e-14,1.992648739e-13,4.559091605e-14,9.584825916e-14,2.628393161e-13,9.919076069e-14,6.509676919e-13,1.810014767e-13,8.152196599e-13,2.558284971e-14
169.609375,2.537170548e-13,1.564304499e-13,1.151529344e-12,3.431762415e-13,2.892693402e-13,1.659214017e-13,8.217134264e-14,3.63593528e-13,1.452858241e-13,3.366778028e-13,2.311779087e-13,2.621961734e-13,8.223214365e-14,5.325327899e-13,3.068521699e-13,2.638007459e-13,3.517304852e-13,3.057604096e-13,9.661814408e-14,1.866305055e-13,1.657825398e-13,6.489483115e-14,9.702333947e-14,1.989876996e-13,4.531253119e-14,9.578944872e-14,2.640915091e-13,1.001401931e-13,6.492310137e-13,1.810758571e-13,8.150462168e-13,2.569678993e-14
169.6171875,2.531140573e-13,1.566879054e-13,1.149206625e-12,3.395388545e-13,2.897688114e-13,1.665355921e-13,8.16824619e-14,3.602803018e-13,1.45346309e-13,3.343637471e-13,2.322962349e-13,2.620788069e-13,8.158860007e-14,5.315728047e-13,3.032696785e-13,2.64132361e-13,3.507613936e-13,3.04432622e-13,9.705558427e-14,1.848123738e-13,1.65602488e-13,6.542346123e-14,9.558649505e-14,1.986939464e-13,4.500684552e-14,9.56903912e-14,2.653792642e-13,1.011727109e-13,6.470159144e-13,1.811571172e-13,8.14399165e-13,2.584373206e-14
169.625,2.525449437e-13,1.567514298e-13,1.146657174e-12,3.355424475e-13,2.904732364e-13,1.671017084e-13,8.117182642e-14,3.570218133e-13,1.454454339e-13,3.322314257e-13,2.333560657e-13,2.619678054e-13,8.095583805e-14,5.307369111e-13,2.997030975e-13,2.644047785e-13,3.495985325e-13,3.031200185e-13,9.752441749e-14,1.830791269e-13,1.655139037e-13,6.596772305e-14,9.410163982e-14,1.984640576e-13,4.467774623e-14,9.557899413e-14,2.666600952e-13,1.023454382e-13,6.446213293e-13,1.812404957e-13,8.137094578e-13,2.598638265e-14
169.6328125,2.518976548e-13,1.566884975e-13,1.143607439e-12,3.315285591e-13,2.91158795e-13,1.676164407e-13,8.066072909e-14,3.53834575e-13,1.455611153e-13,3.300991404e-13,2.343392929e-13,2.618370264e-13,8.030386708e-14,5.298180691e-13,2.962327928e-13,2.646298744e-13,3.482383875e-13,3.01671354e-13,9.794983337e-14,1.812496508e-13,1.654804434e-13,6.650125012e-14,9.259111026e-14,1.983144358e-13,4.43291526e-14,9.541534438e-14,2.678109159e-13,1.035086596e-13,6.421334951e-13,1.812077785e-13,8.127832929e-13,2.612254748e-14
169.640625,2.512308498e-13,1.567301062e-13,1.139646884e-12,3.278178729e-13,2.917738497e-13,1.681914076e-13,8.017026786e-14,3.505078389e-13,1.455581181e-13,3.276603662e-13,2.352692738e-13,2.614652823e-13,7.963320637e-14,5.286725747e-13,2.929925153e-13,2.65058781e-13,3.468877052e-13,3.001526647e-13,9.830091768e-14,1.793339145e-13,1.653175947e-13,6.701032353e-14,9.108516757e-14,1.98066595e-13,4.398891611e-14,9.518800742e-14,2.688606459e-13,1.045038204e-13,6.392017244e-13,1.810052501e-13,8.112129164e-13,2.62771211e-14
169.6484375,2.504718972e-13,1.569623109e-13,1.135093965e-12,3.241734984e-13,2.923669881e-13,1.687901769e-13,7.967211789e-14,3.470203435e-13,1.454250454e-13,3.250555081e-13,2.3614508e-13,2.608981816e-13,7.896979064e-14,5.273486166e-13,2.898983054e-13,2.655580079e-13,3.454966145e-13,2.986412126e-13,9.865898867e-14,1.775277804e-13,1.650206823e-13,6.748075774e-14,8.957660201e-14,1.976952348e-13,4.365077029e-14,9.494798365e-14,2.699560464e-13,1.054188724e-13,6.35870865e-13,1.807277939e-13,8.091983806e-13,2.645444797e-14
169.65625,2.498012373e-13,1.572563066e-13,1.130503032e-12,3.20264378e-13,2.93026551e-13,1.693202951e-13,7.913038566e-14,3.434994493e-13,1.452687779e-13,3.226170808e-13,2.369047536e-13,2.603436271e-13,7.832740427e-14,5.260231659e-13,2.867758698e-13,2.658997179e-13,3.439659732e-13,2.972216493e-13,9.911455116e-14,1.757627605e-13,1.647588353e-13,6.79210106e-14,8.800505827e-14,1.973915596e-13,4.330361523e-14,9.471403101e-14,2.711182741e-13,1.063806022e-13,6.326364468e-13,1.80455408e-13,8.071147096e-13,2.66387846e-14
169.6640625,2.493547096e-13,1.57491362e-13,1.125625955e-12,3.161616675e-13,2.937496253e-13,1.697456437e-13,7.853031844e-14,3.399392343e-13,1.451096893e-13,3.203151596e-13,2.375497025e-13,2.59749594e-13,7.767189159e-14,5.246578349e-13,2.835566118e-13,2.661513549e-13,3.422539845e-13,2.958186818e-13,9.959596479e-14,1.739290996e-13,1.64547035e-13,6.83690314e-14,8.636743075e-14,1.972349011e-13,4.29379795e-14,9.448107115e-14,2.722300832e-13,1.073582977e-13,6.294654851e-13,1.80137764e-13,8.048397403e-13,2.682260147e-14
169.671875,2.487863214e-13,1.576788172e-13,1.119740993e-12,3.120823286e-13,2.942763297e-13,1.699340568e-13,7.785967318e-14,3.36325184e-13,1.448687853e-13,3.179447922e-13,2.380886591e-13,2.58932154e-13,7.695152402e-14,5.228899207e-13,2.802687367e-13,2.664012439e-13,3.403206493e-13,2.941456058e-13,9.997798849e-14,1.721855898e-13,1.642660447e-13,6.880122157e-14,8.473977657e-14,1.970956565e-13,4.253237519e-14,9.426848939e-14,2.732608486e-13,1.082915052e-13,6.258423162e-13,1.796916684e-13,8.019811762e-13,2.701366397e-14
169.6796875,2.481008995e-13,1.577821547e-13,1.112939204e-12,3.079942288e-13,2.945887776e-13,1.700487657e-13,7.717289296e-14,3.326836628e-13,1.445420524e-13,3.154998457e-13,2.384893656e-13,2.579315812e-13,7.623497271e-14,5.20758705e-13,2.770798014e-13,2.667613679e-13,3.384592397e-13,2.923160432e-13,1.003146373e-13,1.705420293e-13,1.639094024e-13,6.91809747e-14,8.31237665e-14,1.968546455e-13,4.212060447e-14,9.406239686e-14,2.743087351e-13,1.092196007e-13,6.217611403e-13,1.791320599e-13,7.985868912e-13,2.722190946e-14
169.6875,2.477912579e-13,1.577858142e-13,1.105865687e-12,3.037166967e-13,2.950541479e-13,1.704866532e-13,7.654621708e-14,3.289988445e-13,1.441981587e-13,3.130735897e-13,2.387722524e-13,2.56843091e-13,7.563252654e-14,5.187275392e-13,2.741331907e-13,2.673145129e-13,3.368240143e-13,2.906265168e-13,1.006944013e-13,1.688050509e-13,1.635214115e-13,6.955609018e-14,8.142580346e-14,1.965692655e-13,4.174505133e-14,9.380653989e-14,2.753885956e-13,1.101682011e-13,6.175285252e-13,1.785317337e-13,7.950218585e-13,2.745602276e-14
169.6953125,2.477651736e-13,1.578686696e-13,1.098482929e-12,2.992911262e-13,2.956485183e-13,1.710495799e-13,7.592943502e-14,3.252803156e-13,1.438041153e-13,3.106890397e-13,2.389584353e-13,2.555844069e-13,7.505939598e-14,5.167393712e-13,2.714054241e-13,2.679634387e-13,3.350269836e-13,2.889021346e-13,1.010607287e-13,1.670365075e-13,1.631003738e-13,6.993733416e-14,7.962881219e-14,1.963315784e-13,4.136615882e-14,9.350121379e-14,2.763928007e-13,1.110455842e-13,6.130404077e-13,1.779166422e-13,7.911427768e-13,2.771212609e-14
169.703125,2.476689514e-13,1.580988875e-13,1.090460372e-12,2.949531771e-13,2.960303949e-13,1.713788227e-13,7.523857432e-14,3.215461652e-13,1.433065587e-13,3.083694492e-13,2.390465745e-13,2.5415053e-13,7.439869708e-14,5.144821746e-13,2.688706905e-13,2.687257487e-13,3.330800044e-13,2.870747426e-13,1.014013428e-13,1.654095807e-13,1.626958354e-13,7.026636144e-14,7.78075071e-14,1.961023304e-13,4.095809136e-14,9.320204722e-14,2.77266003e-13,1.118654042e-13,6.081858446e-13,1.772702299e-13,7.866872861e-13,2.796641352e-14
169.7109375,2.477326358e-13,1.582973157e-13,1.081832961e-12,2.906991487e-13,2.962667692e-13,1.716871657e-13,7.449240627e-14,3.177900532e-13,1.427898794e-13,3.06148193e-13,2.390455941e-13,2.526512722e-13,7.373425119e-14,5.121146887e-13,2.664127966e-13,2.696046566e-13,3.313651282e-13,2.853463166e-13,1.017591003e-13,1.638877452e-13,1.623119897e-13,7.056452731e-14,7.598924744e-14,1.958484142e-13,4.054842833e-14,9.292083346e-14,2.780568688e-13,1.127932245e-13,6.031164207e-13,1.765514645e-13,7.819844778e-13,2.82202163e-14
169.71875,2.480294538e-13,1.584265176e-13,1.072425546e-12,2.863527862e-13,2.964882884e-13,1.719989669e-13,7.371788431e-14,3.140151196e-13,1.422552892e-13,3.039364867e-13,2.388854498e-13,2.509861469e-13,7.311970833e-14,5.096741639e-13,2.638641723e-13,2.703724881e-13,3.296255518e-13,2.834675174e-13,1.020334293e-13,1.623911241e-13,1.618293996e-13,7.085860178e-14,7.416422322e-14,1.955934518e-13,4.012812268e-14,9.263721889e-14,2.788674092e-13,1.137453501e-13,5.978228776e-13,1.757025201e-13,7.770330297e-13,2.850352829e-14
169.7265625,2.482442511e-13,1.586001764e-13,1.062182183e-12,2.820237015e-13,2.965904192e-13,1.720585847e-13,7.291994822e-14,3.10183884e-13,1.415467126e-13,3.01608573e-13,2.385605318e-13,2.490477066e-13,7.248496613e-14,5.069646782e-13,2.614666563e-13,2.711127611e-13,3.275841273e-13,2.812831862e-13,1.021809368e-13,1.608966976e-13,1.612758869e-13,7.108936746e-14,7.235249291e-14,1.952722816e-13,3.969658869e-14,9.235954465e-14,2.797413939e-13,1.144936566e-13,5.923158738e-13,1.747388158e-13,7.713542118e-13,2.880211052e-14
169.734375,2.48584894e-13,1.587765505e-13,1.051866135e-12,2.778531972e-13,2.967616192e-13,1.721705442e-13,7.214220537e-14,3.063023009e-13,1.407103295e-13,2.992367664e-13,2.382611689e-13,2.470468178e-13,7.187361619e-14,5.042899948e-13,2.595340081e-13,2.721283185e-13,3.255991623e-13,2.792695108e-13,1.02372363e-13,1.593853689e-13,1.608216372e-13,7.127623712e-14,7.0549451e-14,1.948639316e-13,3.929929104e-14,9.208609295e-14,2.805497303e-13,1.151803277e-13,5.868200405e-13,1.737575376e-13,7.653247729e-13,2.908366448e-14
169.7421875,2.493599927e-13,1.589329738e-13,1.041865906e-12,2.736110812e-13,2.972204167e-13,1.726086594e-13,7.139427714e-14,3.024688116e-13,1.399359739e-13,2.969638771e-13,2.380048109e-13,2.451368431e-13,7.135850659e-14,5.018950451e-13,2.578008918e-13,2.732829854e-13,3.237914534e-13,2.775667474e-13,1.026602128e-13,1.578902379e-13,1.604294006e-13,7.14977234e-14,6.871831443e-14,1.944931412e-13,3.893166485e-14,9.179963602e-14,2.812035886e-13,1.160045766e-13,5.813648896e-13,1.727908351e-13,7.595129185e-13,2.936911882e-14
169.75,2.502613538e-13,1.59212786e-13,1.031517453e-12,2.69165421e-13,2.976730838e-13,1.730091322e-13,7.063613104e-14,2.986407497e-13,1.391673128e-13,2.947220181e-13,2.375682714e-13,2.431881161e-13,7.087568128e-14,4.994026777e-13,2.559618958e-13,2.743458152e-13,3.2189729e-13,2.757998657e-13,1.029066276e-13,1.564275993e-13,1.599603339e-13,7.170830649e-14,6.687145262e-14,1.941898248e-13,3.855656603e-14,9.154403723e-14,2.81845838e-13,1.167751191e-13,5.758663681e-13,1.717734987e-13,7.53459474e-13,2.9668039e-14
169.7578125,2.510830674e-13,1.595780935e-13,1.020534486e-12,2.647595971e-13,2.978414384e-13,1.731845667e-13,6.985638122e-14,2.947426601e-13,1.382802914e-13,2.923978518e-13,2.369466066e-13,2.411507114e-13,7.038786572e-14,4.966517125e-13,2.541895036e-13,2.754033426e-13,3.199062606e-13,2.738935736e-13,1.030877961e-13,1.549710308e-13,1.594646566e-13,7.184623796e-14,6.50513497e-14,1.939072305e-13,3.818018535e-14,9.139224378e-14,2.825467257e-13,1.173739732e-13,5.704121619e-13,1.706779429e-13,7.469087395e-13,2.9953569e-14
169.765625,2.519412761e-13,1.59790091e-13,1.009327385e-12,2.604985321e-13,2.977802933e-13,1.733157126e-13,6.903885536e-14,2.90956211e-13,1.373496688e-13,2.900881601e-13,2.362593396e-13,2.390569991e-13,6.991213063e-14,4.937789448e-13,2.525941846e-13,2.765226781e-13,3.178427978e-13,2.719095662e-13,1.032497165e-13,1.535635237e-13,1.590151495e-13,7.194839578e-14,6.325179984e-14,1.936945399e-13,3.780325353e-14,9.132630783e-14,2.83183649e-13,1.179728234e-13,5.649973361e-13,1.695442481e-13,7.402685011e-13,3.024704808e-14
169.7734375,2.527639624e-13,1.598239869e-13,9.977891481e-13,2.56233422e-13,2.975713767e-13,1.734155665e-13,6.816533547e-14,2.873724698e-13,1.364157203e-13,2.87892164e-13,2.353721819e-13,2.367880023e-13,6.939187151e-14,4.906324501e-13,2.510127912e-13,2.776382714e-13,3.155823505e-13,2.697577936e-13,1.033429439e-13,1.522406857e-13,1.585570627e-13,7.202609131e-14,6.144214251e-14,1.935165796e-13,3.740536076e-14,9.123970151e-14,2.837292349e-13,1.185697391e-13,5.594422253e-13,1.683639864e-13,7.333186152e-13,3.057384205e-14
169.78125,2.536239723e-13,1.598281323e-13,9.856207608e-13,2.519131235e-13,2.974166227e-13,1.734945453e-13,6.729696699e-14,2.837612529e-13,1.354156578e-13,2.856984776e-13,2.341939795e-13,2.343210915e-13,6.88176493e-14,4.873096484e-13,2.494289561e-13,2.787016425e-13,3.132191776e-13,2.675913747e-13,1.033801081e-13,1.509702408e-13,1.58043165e-13,7.206090547e-14,5.964197647e-14,1.9325424e-13,3.700841479e-14,9.107863554e-14,2.8423571e-13,1.190553639e-13,5.536742417e-13,1.670889186e-13,7.257727057e-13,3.089213319e-14
169.7890625,2.548217165e-13,1.598855044e-13,9.733703671e-13,2.475849481e-13,2.975232801e-13,1.736685449e-13,6.649053432e-14,2.80048024e-13,1.343868888e-13,2.834095997e-13,2.329637679e-13,2.318756379e-13,6.83014164e-14,4.843044669e-13,2.479827132e-13,2.797256506e-13,3.109775476e-13,2.656762163e-13,1.034846635e-13,1.497269721e-13,1.57469834e-13,7.209167265e-14,5.78982159e-14,1.929804618e-13,3.665174432e-14,9.092200112e-14,2.847102955e-13,1.195686965e-13,5.478517845e-13,1.657768981e-13,7.182661535e-13,3.118365324e-14
169.796875,2.563299248e-13,1.600816198e-13,9.615675244e-13,2.432371842e-13,2.97736268e-13,1.738695856e-13,6.569332451e-14,2.764034299e-13,1.333838007e-13,2.811266291e-13,2.318637597e-13,2.295466782e-13,6.78873532e-14,4.816146329e-13,2.466667843e-13,2.80729901e-13,3.088102823e-13,2.639266183e-13,1.036878453e-13,1.484506239e-13,1.568701391e-13,7.214548992e-14,5.619357763e-14,1.928145621e-13,3.632136669e-14,9.08521048e-14,2.851738295e-13,1.202128972e-13,5.421833847e-13,1.64527294e-13,7.111710911e-13,3.148470966e-14
169.8046875,2.579595385e-13,1.603810363e-13,9.497393938e-13,2.388332e-13,2.978371309e-13,1.740012975e-13,6.485894732e-14,2.728502908e-13,1.323532315e-13,2.789487492e-13,2.30755656e-13,2.271712888e-13,6.750175159e-14,4.788065624e-13,2.453757104e-13,2.816389008e-13,3.064926475e-13,2.621277649e-13,1.038964542e-13,1.471348968e-13,1.563167055e-13,7.218390811e-14,5.447076641e-14,1.926902843e-13,3.598435505e-14,9.083222725e-14,2.855763219e-13,1.208004255e-13,5.366066955e-13,1.632892505e-13,7.040058055e-13,3.17981239e-14
169.8125,2.596690203e-13,1.605316003e-13,9.37399707e-13,2.344689099e-13,2.977428166e-13,1.741854699e-13,6.403634474e-14,2.693246123e-13,1.312505811e-13,2.768120986e-13,2.294576273e-13,2.246476913e-13,6.71286531e-14,4.756890229e-13,2.442169398e-13,2.825783145e-13,3.040956388e-13,2.603528054e-13,1.040428221e-13,1.45902566e-13,1.558015279e-13,7.215758384e-14,5.275015395e-14,1.92534701e-13,3.566677102e-14,9.083826029e-14,2.858732163e-13,1.212147486e-13,5.309899873e-13,1.619643e-13,6.964822452e-13,3.21047985e-14
169.8203125,2.614449126e-13,1.604887551e-13,9.24723868e-13,2.303913452e-13,2.973718017e-13,1.745376657e-13,6.324767747e-14,2.658649345e-13,1.30089051e-13,2.746371366e-13,2.279342328e-13,2.220529989e-13,6.683169852e-14,4.722932084e-13,2.433979311e-13,2.839193649e-13,3.019004897e-13,2.587731645e-13,1.041413781e-13,1.447342841e-13,1.552707463e-13,7.205567688e-14,5.109055405e-14,1.923497056e-13,3.540041004e-14,9.092414406e-14,2.861771424e-13,1.215840951e-13,5.254709257e-13,1.60566268e-13,6.886830707e-13,3.241372993e-14
169.828125,2.633662572e-13,1.604605985e-13,9.117569691e-13,2.266483261e-13,2.969166507e-13,1.749377438e-13,6.244239699e-14,2.624820446e-13,1.288795434e-13,2.724553246e-13,2.261925119e-13,2.194154987e-13,6.657992658e-14,4.687700629e-13,2.427991335e-13,2.855730812e-13,2.997721203e-13,2.572534856e-13,1.042116459e-13,1.435265556e-13,1.54767115e-13,7.191283598e-14,4.946083962e-14,1.921079926e-13,3.513581169e-14,9.104370697e-14,2.864267217e-13,1.219314783e-13,5.199513277e-13,1.591076621e-13,6.805530645e-13,3.273242926e-14
169.8359375,2.655100845e-13,1.604120842e-13,8.984582911e-13,2.229442198e-13,2.966697792e-13,1.752443108e-13,6.162603813e-14,2.591304044e-13,1.27625716e-13,2.703315998e-13,2.242692503e-13,2.16664942e-13,6.626625391e-14,4.65313578e-13,2.421971315e-13,2.871750272e-13,2.974352882e-13,2.555841447e-13,1.042234774e-13,1.423873877e-13,1.543002842e-13,7.174994854e-14,4.781158595e-14,1.918540271e-13,3.483868171e-14,9.111518143e-14,2.863860102e-13,1.221133213e-13,5.140661314e-13,1.575797003e-13,6.720853154e-13,3.305653067e-14
169.84375,2.677864539e-13,1.60171457e-13,8.852685474e-13,2.190526934e-13,2.964957262e-13,1.755574207e-13,6.086071005e-14,2.558102194e-13,1.263385205e-13,2.682852403e-13,2.222620107e-13,2.138331255e-13,6.591127956e-14,4.619131722e-13,2.41683394e-13,2.888571187e-13,2.951859833e-13,2.539186794e-13,1.04173029e-13,1.413732008e-13,1.537779314e-13,7.154621943e-14,4.619471769e-14,1.917222638e-13,3.457166655e-14,9.123404712e-14,2.861711636e-13,1.221745759e-13,5.080468442e-13,1.560579445e-13,6.634856709e-13,3.338803291e-14
169.8515625,2.701898606e-13,1.598241524e-13,8.723868163e-13,2.150520679e-13,2.962527189e-13,1.759869698e-13,6.014129301e-14,2.525617525e-13,1.250304863e-13,2.662709619e-13,2.20194975e-13,2.110138463e-13,6.560975608e-14,4.585093779e-13,2.413208433e-13,2.90712437e-13,2.932447485e-13,2.524230131e-13,1.041195593e-13,1.403750729e-13,1.532041574e-13,7.130664289e-14,4.466492524e-14,1.916982458e-13,3.435998839e-14,9.147300982e-14,2.860121222e-13,1.222707866e-13,5.02302756e-13,1.545686755e-13,6.548601641e-13,3.372054279e-14
169.859375,2.72790679e-13,1.595419593e-13,8.593799591e-13,2.111665085e-13,2.961181213e-13,1.764136337e-13,5.942388143e-14,2.494105525e-13,1.236905773e-13,2.642134336e-13,2.179990674e-13,2.081613947e-13,6.534764332e-14,4.551652454e-13,2.409688356e-13,2.924156096e-13,2.911676938e-13,2.50924205e-13,1.040789087e-13,1.394075477e-13,1.526457553e-13,7.105597177e-14,4.318689287e-14,1.916169049e-13,3.414666454e-14,9.171095127e-14,2.857932672e-13,1.223294811e-13,4.965851146e-13,1.530169403e-13,6.461124003e-13,3.404164776e-14
169.8671875,2.755692219e-13,1.593347807e-13,8.460086952e-13,2.074941292e-13,2.961244428e-13,1.767625576e-13,5.869907428e-14,2.463130795e-13,1.22298358e-13,2.62144206e-13,2.156766053e-13,2.052135964e-13,6.509738496e-14,4.518854347e-13,2.406587414e-13,2.939590099e-13,2.888142918e-13,2.493755855e-13,1.040288946e-13,1.384650412e-13,1.520602424e-13,7.079252574e-14,4.173121044e-14,1.914282561e-13,3.392325e-14,9.190155737e-14,2.854657794e-13,1.222677733e-13,4.907154577e-13,1.513765817e-13,6.372073097e-13,3.435725828e-14
169.875,2.785683057e-13,1.590711299e-13,8.324422833e-13,2.038375762e-13,2.962090294e-13,1.771590929e-13,5.795145738e-14,2.432307575e-13,1.208907701e-13,2.602136235e-13,2.133016429e-13,2.022627055e-13,6.491437164e-14,4.48683446e-13,2.404936883e-13,2.955824141e-13,2.866897359e-13,2.4799173e-13,1.040068492e-13,1.375185741e-13,1.514256049e-13,7.05300053e-14,4.032305076e-14,1.912255416e-13,3.372338474e-14,9.213768845e-14,2.852036254e-13,1.222245675e-13,4.849576157e-13,1.497232298e-13,6.282858128e-13,3.467494898e-14
169.8828125,2.817859527e-13,1.586326905e-13,8.189034104e-13,2.001022348e-13,2.96404277e-13,1.777067094e-13,5.717381738e-14,2.40244081e-13,1.19514568e-13,2.584683095e-13,2.109015629e-13,1.993759758e-13,6.480603195e-14,4.456288385e-13,2.404471691e-13,2.972806505e-13,2.849531691e-13,2.467813687e-13,1.040239118e-13,1.367646967e-13,1.508376059e-13,7.028113461e-14,3.896795764e-14,1.910636982e-13,3.354380231e-14,9.243111056e-14,2.849482218e-13,1.222553389e-13,4.793286993e-13,1.481115577e-13,6.194112866e-13,3.498485741e-14
169.890625,2.850996268e-13,1.580884978e-13,8.055553485e-13,1.965501367e-13,2.965690875e-13,1.783889465e-13,5.641127092e-14,2.37393887e-13,1.181212498e-13,2.567530935e-13,2.084482928e-13,1.964731903e-13,6.471306153e-14,4.426126322e-13,2.405629447e-13,2.990628994e-13,2.832870478e-13,2.456044761e-13,1.04006578e-13,1.36194849e-13,1.503276212e-13,7.000668852e-14,3.764399358e-14,1.909273185e-13,3.338074079e-14,9.275870592e-14,2.845327144e-13,1.222431401e-13,4.737108347e-13,1.465416946e-13,6.104173479e-13,3.528951889e-14
169.8984375,2.885776177e-13,1.57580324e-13,7.922896624e-13,1.932071105e-13,2.966270746e-13,1.791138435e-13,5.56900071e-14,2.345825818e-13,1.166461706e-13,2.548821118e-13,2.059197764e-13,1.935053926e-13,6.462592146e-14,4.395153626e-13,2.40875198e-13,3.009639105e-13,2.81621864e-13,2.445024886e-13,1.039496405e-13,1.355420805e-13,1.498133805e-13,6.968117634e-14,3.635309202e-14,1.907758523e-13,3.324374946e-14,9.314966208e-14,2.840371752e-13,1.221567759e-13,4.681432535e-13,1.449592325e-13,6.011842444e-13,3.560792318e-14
169.90625,2.924169239e-13,1.571821733e-13,7.789323339e-13,1.898379997e-13,2.96791528e-13,1.798424513e-13,5.498946657e-14,2.318104189e-13,1.151334095e-13,2.528448915e-13,2.033711633e-13,1.905456457e-13,6.458615399e-14,4.364677493e-13,2.412902143e-13,3.029176562e-13,2.801687146e-13,2.436058451e-13,1.039344116e-13,1.349278778e-13,1.492669094e-13,6.932817598e-14,3.511455769e-14,1.905538666e-13,3.312827633e-14,9.359547466e-14,2.835718388e-13,1.220721172e-13,4.625835647e-13,1.433401088e-13,5.918623793e-13,3.593711141e-14
169.9140625,2.966562198e-13,1.569436256e-13,7.65653456e-13,1.865179916e-13,2.971031765e-13,1.806909241e-13,5.430691357e-14,2.29195206e-13,1.136719003e-13,2.50832057e-13,2.008680937e-13,1.876578286e-13,6.462286981e-14,4.335855157e-13,2.417924783e-13,3.049972163e-13,2.789666109e-13,2.429475649e-13,1.039675652e-13,1.34495955e-13,1.48758234e-13,6.897502468e-14,3.39387146e-14,1.902747268e-13,3.303647691e-14,9.408731508e-14,2.83094124e-13,1.220842668e-13,4.570695351e-13,1.417588507e-13,5.826212151e-13,3.627441261e-14
169.921875,3.011059029e-13,1.566945201e-13,7.525972199e-13,1.833292092e-13,2.974195076e-13,1.817183882e-13,5.365462921e-14,2.267235084e-13,1.122657625e-13,2.489783053e-13,1.983586619e-13,1.848090337e-13,6.47225395e-14,4.308060101e-13,2.424557326e-13,3.072570543e-13,2.778339373e-13,2.424058091e-13,1.039795456e-13,1.340087351e-13,1.483370865e-13,6.864138213e-14,3.283048043e-14,1.900267925e-13,3.297328224e-14,9.466951721e-14,2.825892005e-13,1.222148669e-13,4.517530142e-13,1.402433608e-13,5.733655118e-13,3.663953332e-14
169.9296875,3.054771858e-13,1.561800701e-13,7.39678418e-13,1.801828637e-13,2.977296435e-13,1.8282567e-13,5.302318924e-14,2.242836755e-13,1.108318904e-13,2.471691089e-13,1.958137354e-13,1.819439296e-13,6.485185945e-14,4.280704491e-13,2.433469815e-13,3.095854707e-13,2.767252493e-13,2.418336648e-13,1.039407933e-13,1.335707425e-13,1.479631653e-13,6.831020626e-14,3.178729999e-14,1.898276741e-13,3.292591374e-14,9.53515017e-14,2.821312851e-13,1.223277847e-13,4.465944598e-13,1.387369218e-13,5.639451054e-13,3.701022742e-14
169.9375,3.099156496e-13,1.555850674e-13,7.268427926e-13,1.772311612e-13,2.980246842e-13,1.839742904e-13,5.239069936e-14,2.218587031e-13,1.093233181e-13,2.452870002e-13,1.932964884e-13,1.790695713e-13,6.501451147e-14,4.253854957e-13,2.444795327e-13,3.119680149e-13,2.758325728e-13,2.413118239e-13,1.038964412e-13,1.334741424e-13,1.4756792e-13,6.793455868e-14,3.079033577e-14,1.896287018e-13,3.288458748e-14,9.610112917e-14,2.817493322e-13,1.223425843e-13,4.415609067e-13,1.372371728e-13,5.544343606e-13,3.734163451e-14
169.9453125,3.148777604e-13,1.551156601e-13,7.139595056e-13,1.745075507e-13,2.983566185e-13,1.851772289e-13,5.176200187e-14,2.19532265e-13,1.0779671e-13,2.434120715e-13,1.907371779e-13,1.762251782e-13,6.523510416e-14,4.228107549e-13,2.457260117e-13,3.144161984e-13,2.752116272e-13,2.410035529e-13,1.0392421e-13,1.334437753e-13,1.471477279e-13,6.752987455e-14,2.982885042e-14,1.894325759e-13,3.285933051e-14,9.690385946e-14,2.813924989e-13,1.223388068e-13,4.367430032e-13,1.357512493e-13,5.449310116e-13,3.766230811e-14
169.953125,3.201841377e-13,1.545428974e-13,7.010872155e-13,1.717211098e-13,2.988617382e-13,1.864430126e-13,5.119728244e-14,2.173797093e-13,1.063197148e-13,2.416382151e-13,1.880501735e-13,1.734427679e-13,6.55159973e-14,4.204170221e-13,2.470322307e-13,3.168896278e-13,2.746980616e-13,2.408509998e-13,1.040335219e-13,1.332460093e-13,1.467424132e-13,6.715091005e-14,2.892640997e-14,1.892652589e-13,3.287686069e-14,9.777339553e-14,2.810154216e-13,1.223459975e-13,4.321508004e-13,1.342627697e-13,5.354301057e-13,3.801547972e-14
169.9609375,3.254543916e-13,1.538891012e-13,6.886659239e-13,1.688871016e-13,2.993862054e-13,1.878843546e-13,5.0733416e-14,2.153677098e-13,1.048963722e-13,2.399991126e-13,1.85373561e-13,1.707471169e-13,6.585760759e-14,4.181604464e-13,2.485612727e-13,3.194869713e-13,2.742844752e-13,2.40768309e-13,1.041417494e-13,1.331269396e-13,1.463442816e-13,6.679660559e-14,2.810029286e-14,1.891199491e-13,3.29465593e-14,9.872939885e-14,2.805923514e-13,1.224378167e-13,4.277379745e-13,1.328276609e-13,5.260424613e-13,3.838058906e-14
169.96875,3.310189588e-13,1.534323449e-13,6.765856339e-13,1.662499373e-13,2.997491629e-13,1.895486882e-13,5.030149989e-14,2.133931299e-13,1.03494445e-13,2.385109966e-13,1.827441692e-13,1.681069856e-13,6.627164832e-14,4.159595615e-13,2.503680571e-13,3.223084765e-13,2.741271919e-13,2.408243422e-13,1.042243826e-13,1.33152866e-13,1.459140454e-13,6.644195443e-14,2.731661425e-14,1.889669033e-13,3.303209655e-14,9.972445388e-14,2.801253566e-13,1.22751426e-13,4.233619379e-13,1.314527505e-13,5.168069295e-13,3.874410912e-14
169.9765625,3.369786899e-13,1.529972965e-13,6.642361047e-13,1.638109934e-13,3.001312305e-13,1.912751768e-13,4.984352971e-14,2.114254704e-13,1.020606421e-13,2.370654734e-13,1.799474679e-13,1.654576944e-13,6.675727889e-14,4.138044532e-13,2.523155436e-13,3.252817538e-13,2.741862666e-13,2.409642151e-13,1.043391376e-13,1.33185145e-13,1.45465663e-13,6.60671541e-14,2.654310327e-14,1.887765788e-13,3.31096544e-14,1.006890722e-13,2.796908202e-13,1.231032046e-13,4.189254602e-13,1.300324285e-13,5.074441539e-13,3.911170859e-14
169.984375,3.427815294e-13,1.524354331e-13,6.517717793e-13,1.614545612e-13,3.005542487e-13,1.929328613e-13,4.941148853e-14,2.094984748e-13,1.005711782e-13,2.355257297e-13,1.76951488e-13,1.628169257e-13,6.72655586e-14,4.116350193e-13,2.542701834e-13,3.282347245e-13,2.742050215e-13,2.409715414e-13,1.044552819e-13,1.332500693e-13,1.450581298e-13,6.564001235e-14,2.580485939e-14,1.885685053e-13,3.319575327e-14,1.016888673e-13,2.792808957e-13,1.23221685e-13,4.146558137e-13,1.285828191e-13,4.978321125e-13,3.946299396e-14
169.9921875,3.484536092e-13,1.519728742e-13,6.397090407e-13,1.591074091e-13,3.007959518e-13,1.945447566e-13,4.904470187e-14,2.076249381e-13,9.907279773e-14,2.33934853e-13,1.739533209e-13,1.602236642e-13,6.772471497e-14,4.094041109e-13,2.561471331e-13,3.310013455e-13,2.740438546e-13,2.408443771e-13,1.044868277e-13,1.333772252e-13,1.447199068e-13,6.517544684e-14,2.513284884e-14,1.883811073e-13,3.328388447e-14,1.028257791e-13,2.787312112e-13,1.232486623e-13,4.10643152e-13,1.272236634e-13,4.882356629e-13,3.98033919e-14
170,3.545182541e-13,1.51509046e-13,6.278894464e-13,1.568118882e-13,3.01014634e-13,1.962191394e-13,4.870572303e-14,2.058137868e-13,9.757968109e-14,2.323887425e-13,1.710219351e-13,1.576138372e-13,6.816010844e-14,4.072548457e-13,2.580056423e-13,3.336157122e-13,2.73874539e-13,2.408038913e-13,1.044635066e-13,1.335406339e-13,1.444029021e-13,6.473482164e-14,2.451707451e-14,1.88193295e-13,3.336180315e-14,1.040324631e-13,2.780472566e-13,1.23357961e-13,4.066135813e-13,1.259308481e-13,4.78785095e-13,4.01617015e-14
170.0078125,3.610179913e-13,1.507914113e-13,6.160758418e-13,1.546540267e-13,3.015066466e-13,1.981012962e-13,4.838577848e-14,2.040740438e-13,9.60534428e-14,2.309066343e-13,1.681202254e-13,1.549400509e-13,6.867646159e-14,4.053334794e-13,2.599960029e-13,3.362859019e-13,2.739789465e-13,2.409394776e-13,1.044676348e-13,1.337397197e-13,1.440173913e-13,6.432927018e-14,2.394057011e-14,1.879584209e-13,3.346266437e-14,1.051747981e-13,2.774095396e-13,1.234736415e-13,4.02547285e-13,1.246143874e-13,4.69355439e-13,4.052753768e-14
170.015625,3.677477659e-13,1.500171964e-13,6.04481682e-13,1.525517976e-13,3.021789608e-13,2.002202978e-13,4.812055611e-14,2.023793702e-13,9.452230539e-14,2.295262509e-13,1.652743678e-13,1.522961124e-13,6.930159304e-14,4.036430869e-13,2.621769846e-13,3.391477887e-13,2.744354948e-13,2.412313134e-13,1.045177861e-13,1.339903648e-13,1.435774145e-13,6.393615805e-14,2.339810472e-14,1.876538479e-13,3.361134838e-14,1.062582038e-13,2.767931291e-13,1.236584588e-13,3.986660736e-13,1.233094e-13,4.599332342e-13,4.089403983e-14
170.0234375,3.74569712e-13,1.493754876e-13,5.932779079e-13,1.504984094e-13,3.028518373e-13,2.024069006e-13,4.789947244e-14,2.00682976e-13,9.30312237e-14,2.282839881e-13,1.625045156e-13,1.497818337e-13,7.000754773e-14,4.021865056e-13,2.645723722e-13,3.421906754e-13,2.750726415e-13,2.417392371e-13,1.046074093e-13,1.343793081e-13,1.432363504e-13,6.356068402e-14,2.28843569e-14,1.873161082e-13,3.379370117e-14,1.074082873e-13,2.760976066e-13,1.240003488e-13,3.950250487e-13,1.221043554e-13,4.506585187e-13,4.127821457e-14
170.03125,3.813651312e-13,1.487915637e-13,5.823588829e-13,1.486159802e-13,3.03494351e-13,2.045253325e-13,4.768215005e-14,1.989834005e-13,9.154353588e-14,2.271115141e-13,1.597634143e-13,1.473461994e-13,7.077546914e-14,4.008971496e-13,2.670905061e-13,3.451889021e-13,2.756715936e-13,2.424056582e-13,1.047085534e-13,1.349244188e-13,1.43034272e-13,6.319749432e-14,2.240541743e-14,1.870329555e-13,3.399141781e-14,1.086873011e-13,2.753991475e-13,1.243189142e-13,3.916319186e-13,1.209894864e-13,4.416074941e-13,4.167548856e-14
170.0390625,3.883212352e-13,1.4827307e-13,5.715257724e-13,1.4685659e-13,3.041325684e-13,2.067420108e-13,4.749581016e-14,1.973727079e-13,9.003287028e-14,2.258838722e-13,1.570024573e-13,1.448814105e-13,7.156254773e-14,3.996374633e-13,2.695666533e-13,3.479714168e-13,2.762635961e-13,2.430633888e-13,1.047806481e-13,1.354998241e-13,1.428146602e-13,6.282861558e-14,2.197853925e-14,1.867810147e-13,3.419112672e-14,1.100088095e-13,2.747125546e-13,1.245317707e-13,3.884157799e-13,1.198647969e-13,4.326679022e-13,4.208575256e-14
170.046875,3.957188837e-13,1.477405318e-13,5.607818411e-13,1.452244805e-13,3.049165361e-13,2.092957075e-13,4.739718269e-14,1.959157731e-13,8.853482054e-14,2.245802354e-13,1.542247966e-13,1.424210047e-13,7.236586188e-14,3.985107689e-13,2.721200668e-13,3.508026081e-13,2.770986798e-13,2.438085097e-13,1.048524871e-13,1.36046832e-13,1.425321822e-13,6.247057679e-14,2.160749568e-14,1.864582264e-13,3.439577063e-14,1.113006137e-13,2.739467597e-13,1.24788707e-13,3.852181093e-13,1.187075213e-13,4.23694616e-13,4.251812558e-14
170.0546875,4.034514557e-13,1.46976912e-13,5.50345715e-13,1.437094625e-13,3.059396876e-13,2.119874471e-13,4.735037729e-14,1.945198275e-13,8.707878201e-14,2.233179429e-13,1.514676178e-13,1.400703938e-13,7.322013444e-14,3.977112387e-13,2.748277835e-13,3.537610025e-13,2.781348172e-13,2.448200779e-13,1.04967734e-13,1.365622368e-13,1.422756105e-13,6.214166152e-14,2.128489912e-14,1.860932248e-13,3.461863357e-14,1.126041361e-13,2.731063508e-13,1.251556394e-13,3.820401506e-13,1.176214098e-13,4.147725421e-13,4.295378513e-14
170.0625,4.113257873e-13,1.461476376e-13,5.401403245e-13,1.420881221e-13,3.070433803e-13,2.144827473e-13,4.728943974e-14,1.931007294e-13,8.566232304e-14,2.221040167e-13,1.487676611e-13,1.377789605e-13,7.410504454e-14,3.971389019e-13,2.774428845e-13,3.564567512e-13,2.790709047e-13,2.459909265e-13,1.051016484e-13,1.371038915e-13,1.419720594e-13,6.183690425e-14,2.10105765e-14,1.857006439e-13,3.485035437e-14,1.1392528e-13,2.722034225e-13,1.256276649e-13,3.788804732e-13,1.166273166e-13,4.060385386e-13,4.338780962e-14
170.0703125,4.19339574e-13,1.455768365e-13,5.299529188e-13,1.405239182e-13,3.080938625e-13,2.170051932e-13,4.724928901e-14,1.9172681e-13,8.424887977e-14,2.208032941e-13,1.461607025e-13,1.354406173e-13,7.502375122e-14,3.966119997e-13,2.800167385e-13,3.589692996e-13,2.799979964e-13,2.471806474e-13,1.052244803e-13,1.378555144e-13,1.415496167e-13,6.155176595e-14,2.078076844e-14,1.852375325e-13,3.507917832e-14,1.152256023e-13,2.712074035e-13,1.2618183e-13,3.757075068e-13,1.156248743e-13,3.974249467e-13,4.383478008e-14
170.078125,4.27464738e-13,1.450156283e-13,5.20026353e-13,1.392482061e-13,3.091196454e-13,2.198713649e-13,4.727834931e-14,1.904633326e-13,8.281115902e-14,2.195105406e-13,1.436595108e-13,1.331053952e-13,7.598013179e-14,3.961079698e-13,2.827476301e-13,3.616129118e-13,2.811779461e-13,2.483608708e-13,1.053175611e-13,1.387483689e-13,1.411828679e-13,6.126654089e-14,2.057885697e-14,1.848431088e-13,3.530062226e-14,1.16525419e-13,2.70108115e-13,1.267118767e-13,3.726161127e-13,1.146165202e-13,3.888841703e-13,4.427838749e-14
170.0859375,4.356753753e-13,1.441327932e-13,5.105480539e-13,1.379005644e-13,3.10207805e-13,2.228657805e-13,4.7346231e-14,1.892947837e-13,8.139533721e-14,2.184335188e-13,1.412358672e-13,1.308567699e-13,7.690439594e-14,3.956980312e-13,2.854201646e-13,3.640874276e-13,2.824505557e-13,2.494756632e-13,1.05382405e-13,1.395238378e-13,1.409525462e-13,6.097463841e-14,2.040230432e-14,1.845490315e-13,3.54992467e-14,1.178178079e-13,2.688790838e-13,1.272347264e-13,3.695557943e-13,1.136793814e-13,3.805098347e-13,4.471927534e-14
170.09375,4.440454642e-13,1.433283873e-13,5.013227489e-13,1.365436278e-13,3.114313577e-13,2.258240105e-13,4.743676339e-14,1.881995325e-13,8.004505107e-14,2.17452199e-13,1.388687211e-13,1.287126953e-13,7.784961577e-14,3.955559786e-13,2.880565565e-13,3.663368357e-13,2.837095891e-13,2.506137192e-13,1.055013818e-13,1.403329043e-13,1.407122563e-13,6.072536632e-14,2.026516483e-14,1.841171077e-13,3.569205361e-14,1.190894902e-13,2.675968341e-13,1.278870537e-13,3.665421609e-13,1.127941356e-13,3.723541059e-13,4.519161941e-14
170.1015625,4.525623903e-13,1.429359957e-13,4.924449409e-13,1.356725653e-13,3.126236325e-13,2.289397244e-13,4.757044849e-14,1.87155387e-13,7.873049513e-14,2.164117811e-13,1.365189912e-13,1.26696285e-13,7.891539116e-14,3.95679269e-13,2.909833193e-13,3.688931806e-13,2.852342753e-13,2.519259975e-13,1.056860456e-13,1.414094614e-13,1.404667737e-13,6.052305408e-14,2.016260997e-14,1.836109648e-13,3.591757646e-14,1.2043489e-13,2.66420785e-13,1.286177965e-13,3.639246432e-13,1.119402399e-13,3.643965965e-13,4.567834035e-14
170.109375,4.611096345e-13,1.424702512e-13,4.839567706e-13,1.34920644e-13,3.135623412e-13,2.321904911e-13,4.774251812e-14,1.861602922e-13,7.741505688e-14,2.1541596e-13,1.340679922e-13,1.247268227e-13,7.996585026e-14,3.95711437e-13,2.939362772e-13,3.71676499e-13,2.870197082e-13,2.532893099e-13,1.05787853e-13,1.425408507e-13,1.402932096e-13,6.028981007e-14,2.008827142e-14,1.832596591e-13,3.615534626e-14,1.218793746e-13,2.652840682e-13,1.292712888e-13,3.616291895e-13,1.111551673e-13,3.564952183e-13,4.614170502e-14
170.1171875,4.696772369e-13,1.416476344e-13,4.753352109e-13,1.33907625e-13,3.144738927e-13,2.353487861e-13,4.795832303e-14,1.85220953e-13,7.607912133e-14,2.144371794e-13,1.315046258e-13,1.226560701e-13,8.090610871e-14,3.955942112e-13,2.965439551e-13,3.741250577e-13,2.887187265e-13,2.545613487e-13,1.05784295e-13,1.435676742e-13,1.400524533e-13,6.001950222e-14,2.006433418e-14,1.82844129e-13,3.637236261e-14,1.23286706e-13,2.640347574e-13,1.298318995e-13,3.591977281e-13,1.104115677e-13,3.484461117e-13,4.660303624e-14
170.125,4.783498362e-13,1.40845006e-13,4.666026441e-13,1.330384123e-13,3.156262204e-13,2.384464892e-13,4.823723149e-14,1.84286779e-13,7.472776667e-14,2.133686804e-13,1.290798075e-13,1.205656516e-13,8.188808577e-14,3.957428309e-13,2.990599027e-13,3.762159031e-13,2.903046833e-13,2.558103054e-13,1.05828797e-13,1.446560444e-13,1.397051429e-13,5.979193856e-14,2.008949501e-14,1.821655353e-13,3.658888361e-14,1.246004945e-13,2.627420034e-13,1.304249477e-13,3.567572998e-13,1.096743426e-13,3.403778622e-13,4.708890468e-14
170.1328125,4.871272067e-13,1.400886217e-13,4.585380056e-13,1.323202254e-13,3.168382036e-13,2.417283704e-13,4.856199385e-14,1.833386091e-13,7.343651327e-14,2.124075924e-13,1.269396079e-13,1.186487416e-13,8.296968565e-14,3.962693743e-13,3.016626257e-13,3.782228827e-13,2.91984999e-13,2.57066662e-13,1.059280445e-13,1.458648937e-13,1.394702507e-13,5.963248479e-14,2.012087968e-14,1.814591622e-13,3.681196879e-14,1.25903367e-13,2.614569259e-13,1.312236857e-13,3.545935132e-13,1.090084765e-13,3.326714127e-13,4.759272516e-14
170.140625,4.959821681e-13,1.391275818e-13,4.512512142e-13,1.314909247e-13,3.180007382e-13,2.452981528e-13,4.891869777e-14,1.824442289e-13,7.225536915e-14,2.117097153e-13,1.248587415e-13,1.168909906e-13,8.407863758e-14,3.969360005e-13,3.041366407e-13,3.802220628e-13,2.937762659e-13,2.583465623e-13,1.059797259e-13,1.471337815e-13,1.394018995e-13,5.95117249e-14,2.014398611e-14,1.808713712e-13,3.701862351e-14,1.2724518e-13,2.600921869e-13,1.322089577e-13,3.525636634e-13,1.084534893e-13,3.254007593e-13,4.810886207e-14
170.1484375,5.050166223e-13,1.382506061e-13,4.442602164e-13,1.30806483e-13,3.192342457e-13,2.489779609e-13,4.931737103e-14,1.816249281e-13,7.112489909e-14,2.111105355e-13,1.227269751e-13,1.1521846e-13,8.522403004e-14,3.977123405e-13,3.064525969e-13,3.822059763e-13,2.956903336e-13,2.5974665e-13,1.060329596e-13,1.484756153e-13,1.393545e-13,5.94118031e-14,2.017659214e-14,1.803502178e-13,3.721407738e-14,1.286002652e-13,2.586543471e-13,1.331952589e-13,3.50765236e-13,1.079530201e-13,3.183888536e-13,4.862201031e-14
170.15625,5.14243e-13,1.377390469e-13,4.37517334e-13,1.303453646e-13,3.204944674e-13,2.52623897e-13,4.97496527e-14,1.808397992e-13,6.999794489e-14,2.105014038e-13,1.207872941e-13,1.136545761e-13,8.642543465e-14,3.986648916e-13,3.087776139e-13,3.841808275e-13,2.978212242e-13,2.6124997e-13,1.061676461e-13,1.498358885e-13,1.393125524e-13,5.933265234e-14,2.022347462e-14,1.798496796e-13,3.741210834e-14,1.29919072e-13,2.571775019e-13,1.342740071e-13,3.494156259e-13,1.074920438e-13,3.116026864e-13,4.912111201e-14
170.1640625,5.233583937e-13,1.372752466e-13,4.31068591e-13,1.299502676e-13,3.217840521e-13,2.563488941e-13,5.021943549e-14,1.800812275e-13,6.889448727e-14,2.099444517e-13,1.190756451e-13,1.121769256e-13,8.768309944e-14,3.997157981e-13,3.111229873e-13,3.861684678e-13,3.000153355e-13,2.627863269e-13,1.063185557e-13,1.511049836e-13,1.392974387e-13,5.928755872e-14,2.02889075e-14,1.792257011e-13,3.761329369e-14,1.3118038e-13,2.556457707e-13,1.356113248e-13,3.48158714e-13,1.071239518e-13,3.050506628e-13,4.962975269e-14
170.171875,5.322408824e-13,1.366558936e-13,4.247898695e-13,1.297343625e-13,3.232329665e-13,2.602044657e-13,5.075672706e-14,1.793686533e-13,6.782003045e-14,2.094717581e-13,1.173644451e-13,1.107517822e-13,8.899853973e-14,4.008304369e-13,3.134347802e-13,3.882061003e-13,3.021075315e-13,2.644268198e-13,1.064315115e-13,1.523524821e-13,1.392321133e-13,5.927199764e-14,2.037680571e-14,1.784795086e-13,3.783256096e-14,1.324152789e-13,2.54113673e-13,1.36996153e-13,3.466992947e-13,1.068429361e-13,2.986585008e-13,5.015136906e-14
170.1796875,5.413135178e-13,1.361486207e-13,4.187998608e-13,1.296978993e-13,3.247124057e-13,2.64140187e-13,5.134705797e-14,1.787122792e-13,6.676868687e-14,2.090867157e-13,1.156655867e-13,1.094139062e-13,9.033010053e-14,4.020849579e-13,3.157919712e-13,3.903491269e-13,3.043672299e-13,2.662566909e-13,1.065655896e-13,1.537939902e-13,1.391345939e-13,5.92627125e-14,2.047295193e-14,1.778477173e-13,3.807305176e-14,1.336465725e-13,2.525758065e-13,1.383449789e-13,3.453242144e-13,1.065841809e-13,2.924458091e-13,5.066673367e-14
170.1875,5.506792972e-13,1.35800248e-13,4.130677075e-13,1.297407946e-13,3.259405008e-13,2.681807459e-13,5.19409445e-14,1.780985686e-13,6.574680019e-14,2.087850729e-13,1.140531886e-13,1.081204156e-13,9.165995099e-14,4.033921215e-13,3.181859284e-13,3.925852302e-13,3.069337429e-13,2.681586462e-13,1.066942193e-13,1.554955086e-13,1.390956062e-13,5.925489302e-14,2.057156967e-14,1.772952736e-13,3.829780348e-14,1.348667875e-13,2.509417676e-13,1.398932129e-13,3.441732025e-13,1.063380768e-13,2.864736944e-13,5.119860475e-14
170.1953125,5.596727449e-13,1.352979943e-13,4.07245191e-13,1.299009323e-13,3.268187268e-13,2.721600725e-13,5.252758233e-14,1.775097797e-13,6.475291825e-14,2.085580363e-13,1.124375972e-13,1.067900207e-13,9.295890896e-14,4.044292623e-13,3.203397902e-13,3.946781658e-13,3.093660551e-13,2.698545132e-13,1.066690596e-13,1.572964708e-13,1.390757233e-13,5.923641706e-14,2.067807924e-14,1.766118799e-13,3.848078659e-14,1.360816604e-13,2.492686107e-13,1.415317094e-13,3.430035903e-13,1.06140505e-13,2.806788915e-13,5.176454588e-14
170.203125,5.680995919e-13,1.346615433e-13,4.014045278e-13,1.30056021e-13,3.275391467e-13,2.758812175e-13,5.313054372e-14,1.769417504e-13,6.378542823e-14,2.084213843e-13,1.108949418e-13,1.054893214e-13,9.416511273e-14,4.052020046e-13,3.221834051e-13,3.964306657e-13,3.114605052e-13,2.712783848e-13,1.065288945e-13,1.590985246e-13,1.390060831e-13,5.920173929e-14,2.078697649e-14,1.758753701e-13,3.863807793e-14,1.372844401e-13,2.476239799e-13,1.430306832e-13,3.417764403e-13,1.059825609e-13,2.749906807e-13,5.233332142e-14
170.2109375,5.766312496e-13,1.341627943e-13,3.958802298e-13,1.301294576e-13,3.284324597e-13,2.795562999e-13,5.377669031e-14,1.763505053e-13,6.282686929e-14,2.083563892e-13,1.095117789e-13,1.043138152e-13,9.535490263e-14,4.062257604e-13,3.240556139e-13,3.979708434e-13,3.135684598e-13,2.727187228e-13,1.064877741e-13,1.610072974e-13,1.389195909e-13,5.918937107e-14,2.089842377e-14,1.752001617e-13,3.878902013e-14,1.38434279e-13,2.459583215e-13,1.445822834e-13,3.406657096e-13,1.058305199e-13,2.693926126e-13,5.289057749e-14
170.21875,5.854820042e-13,1.336549834e-13,3.906117395e-13,1.303305323e-13,3.294897467e-13,2.833861833e-13,5.44864873e-14,1.75722516e-13,6.186727359e-14,2.083718499e-13,1.081181553e-13,1.032370497e-13,9.661889866e-14,4.076444381e-13,3.260868763e-13,3.994478164e-13,3.158132608e-13,2.743219187e-13,1.065398371e-13,1.630785259e-13,1.388516487e-13,5.920566431e-14,2.101654017e-14,1.745132903e-13,3.893653158e-14,1.395197705e-13,2.443614417e-13,1.463266386e-13,3.396804158e-13,1.056955387e-13,2.638801766e-13,5.34474548e-14
170.2265625,5.942494018e-13,1.329517146e-13,3.854822414e-13,1.307397294e-13,3.304326609e-13,2.872441448e-13,5.524900865e-14,1.751680534e-13,6.09676871e-14,2.085616136e-13,1.066909485e-13,1.022307279e-13,9.788483756e-14,4.090673031e-13,3.280721382e-13,4.008657414e-13,3.180156002e-13,2.758808144e-13,1.065238398e-13,1.65164578e-13,1.387969308e-13,5.922571728e-14,2.113075261e-14,1.737911991e-13,3.908023843e-14,1.40583322e-13,2.429328694e-13,1.481548046e-13,3.387811625e-13,1.05614388e-13,2.585978334e-13,5.400648518e-14
170.234375,6.028239267e-13,1.323324354e-13,3.805855072e-13,1.312287862e-13,3.312764275e-13,2.910372891e-13,5.603755385e-14,1.747094811e-13,6.014862274e-14,2.088745168e-13,1.053731661e-13,1.013050798e-13,9.911841102e-14,4.104272295e-13,3.298890363e-13,4.02203905e-13,3.201377912e-13,2.772724908e-13,1.064502068e-13,1.671485568e-13,1.387297748e-13,5.92650524e-14,2.124150351e-14,1.730608644e-13,3.921070691e-14,1.416617365e-13,2.415054593e-13,1.500516478e-13,3.380375711e-13,1.05590898e-13,2.536932732e-13,5.457542948e-14
170.2421875,6.11312654e-13,1.319100589e-13,3.758990557e-13,1.317288478e-13,3.321275551e-13,2.947738685e-13,5.685888436e-14,1.742093247e-13,5.931763112e-14,2.091167507e-13,1.041072723e-13,1.004159751e-13,1.003459628e-13,4.118613244e-13,3.314677158e-13,4.033553185e-13,3.221998337e-13,2.785771302e-13,1.063657788e-13,1.691746585e-13,1.38597545e-13,5.931983598e-14,2.136635106e-14,1.723178944e-13,3.931739479e-14,1.427420209e-13,2.399507492e-13,1.519581353e-13,3.374279968e-13,1.055997781e-13,2.489995104e-13,5.516101644e-14
170.25,6.197723135e-13,1.314411044e-13,3.713834177e-13,1.323060031e-13,3.329098044e-13,2.984927073e-13,5.772861393e-14,1.736629749e-13,5.847253151e-14,2.093193689e-13,1.028279485e-13,9.954474948e-14,1.015469678e-13,4.132518441e-13,3.327794493e-13,4.04268702e-13,3.242230053e-13,2.798543522e-13,1.062240571e-13,1.714473765e-13,1.384302776e-13,5.937266319e-14,2.150359538e-14,1.716051861e-13,3.941444247e-14,1.437826055e-13,2.383081971e-13,1.538139703e-13,3.36861809e-13,1.05643533e-13,2.443971596e-13,5.576047782e-14
170.2578125,6.2805046e-13,1.308899897e-13,3.671444314e-13,1.33081619e-13,3.336135113e-13,3.022167528e-13,5.864302308e-14,1.731823287e-13,5.7713839e-14,2.097046135e-13,1.015839817e-13,9.875988502e-14,1.027487257e-13,4.145598491e-13,3.33951823e-13,4.050597789e-13,3.261882779e-13,2.810830421e-13,1.060230538e-13,1.739051749e-13,1.383361515e-13,5.943573633e-14,2.163512017e-14,1.709486113e-13,3.951339561e-14,1.447620614e-13,2.365518966e-13,1.557907574e-13,3.364053884e-13,1.057562253e-13,2.400669156e-13,5.635596777e-14
170.265625,6.356501578e-13,1.302795986e-13,3.63178741e-13,1.340329983e-13,3.341558285e-13,3.057862717e-13,5.961407205e-14,1.727502971e-13,5.70007969e-14,2.103012649e-13,1.003726677e-13,9.806590723e-14,1.039141105e-13,4.15769834e-13,3.350468048e-13,4.057799003e-13,3.279374104e-13,2.821605132e-13,1.057484998e-13,1.763490385e-13,1.382813866e-13,5.945737588e-14,2.175847227e-14,1.702984133e-13,3.959432539e-14,1.456938365e-13,2.347586313e-13,1.579342794e-13,3.361351832e-13,1.059278752e-13,2.359254601e-13,5.689853173e-14
170.2734375,6.428111977e-13,1.295796214e-13,3.593798708e-13,1.350474659e-13,3.344893081e-13,3.09189475e-13,6.063319879e-14,1.723050741e-13,5.625322409e-14,2.109594343e-13,9.924176831e-14,9.74087696e-14,1.049506292e-13,4.168641207e-13,3.360186078e-13,4.064270552e-13,3.295651811e-13,2.831262447e-13,1.053966234e-13,1.787475386e-13,1.381732441e-13,5.941906987e-14,2.188472167e-14,1.696220706e-13,3.96484981e-14,1.465897459e-13,2.330850856e-13,1.601188674e-13,3.359657996e-13,1.061103215e-13,2.317648961e-13,5.738814933e-14
170.28125,6.505374732e-13,1.290321345e-13,3.557562284e-13,1.361371034e-13,3.349622045e-13,3.127009065e-13,6.163148532e-14,1.718484113e-13,5.55710668e-14,2.116294979e-13,9.823889688e-14,9.684818196e-14,1.059947336e-13,4.181966215e-13,3.368087098e-13,4.069349903e-13,3.313769987e-13,2.84273991e-13,1.051044306e-13,1.812003687e-13,1.380950217e-13,5.945671145e-14,2.201639702e-14,1.689461551e-13,3.969308662e-14,1.474286146e-13,2.313709782e-13,1.624333155e-13,3.358517105e-13,1.063113513e-13,2.279417777e-13,5.790448877e-14
170.2890625,6.585755865e-13,1.287783676e-13,3.523655598e-13,1.373805576e-13,3.356310002e-13,3.163029273e-13,6.258736497e-14,1.713883273e-13,5.502364173e-14,2.123367684e-13,9.728432573e-14,9.643924829e-14,1.07146656e-13,4.197904234e-13,3.373200351e-13,4.071189506e-13,3.332478305e-13,2.856432391e-13,1.048999584e-13,1.837626209e-13,1.380939305e-13,5.960042468e-14,2.215038919e-14,1.683041166e-13,3.972552155e-14,1.481849217e-13,2.294694537e-13,1.649514721e-13,3.358812305e-13,1.065552864e-13,2.247353688e-13,5.845411027e-14
170.296875,6.659638182e-13,1.285953546e-13,3.491855762e-13,1.388790805e-13,3.360620121e-13,3.197858688e-13,6.355204019e-14,1.709537428e-13,5.449689352e-14,2.130438237e-13,9.63505718e-14,9.606242638e-14,1.082215022e-13,4.210488563e-13,3.376176558e-13,4.070827847e-13,3.348964521e-13,2.869456829e-13,1.046311197e-13,1.863540356e-13,1.380269316e-13,5.971494318e-14,2.229152713e-14,1.676459961e-13,3.972780639e-14,1.488401222e-13,2.276123241e-13,1.675276218e-13,3.360715643e-13,1.067961776e-13,2.216963696e-13,5.895568395e-14
170.3046875,6.730616828e-13,1.283607208e-13,3.4614449e-13,1.406302551e-13,3.363389869e-13,3.231902177e-13,6.453331502e-14,1.705722536e-13,5.394473527e-14,2.137739708e-13,9.542102039e-14,9.563986305e-14,1.091779165e-13,4.220084461e-13,3.378392056e-13,4.070978868e-13,3.364115815e-13,2.881872467e-13,1.043012687e-13,1.888755254e-13,1.378705335e-13,5.979476787e-14,2.243705172e-14,1.668937008e-13,3.970228845e-14,1.493561713e-13,2.258257756e-13,1.701286215e-13,3.362751009e-13,1.070114861e-13,2.185535238e-13,5.939860755e-14
170.3125,6.802931002e-13,1.280549529e-13,3.432127654e-13,1.424089127e-13,3.368189231e-13,3.265085198e-13,6.553568619e-14,1.702358971e-13,5.345614263e-14,2.146571699e-13,9.442378833e-14,9.527187356e-14,1.101353121e-13,4.231865429e-13,3.378714392e-13,4.070601704e-13,3.379252274e-13,2.895527648e-13,1.039835247e-13,1.914424633e-13,1.377453651e-13,5.990159962e-14,2.256509003e-14,1.661297945e-13,3.966149854e-14,1.497546638e-13,2.23816385e-13,1.728330424e-13,3.363664578e-13,1.072686702e-13,2.156213079e-13,5.983333955e-14
170.3203125,6.871734018e-13,1.276092895e-13,3.40438533e-13,1.442015026e-13,3.373073636e-13,3.296713035e-13,6.661105147e-14,1.699499182e-13,5.304284094e-14,2.156866081e-13,9.344769889e-14,9.50094313e-14,1.110261734e-13,4.244196736e-13,3.376615725e-13,4.068853025e-13,3.394595273e-13,2.909245469e-13,1.035966515e-13,1.941681717e-13,1.376398753e-13,5.998577384e-14,2.266384784e-14,1.654875713e-13,3.960703895e-14,1.501516208e-13,2.216611148e-13,1.75611771e-13,3.364491444e-13,1.076025281e-13,2.130004083e-13,6.02785196e-14
170.328125,6.937128013e-13,1.271728204e-13,3.378932068e-13,1.462430304e-13,3.376152436e-13,3.327444608e-13,6.77256764e-14,1.696933636e-13,5.265594e-14,2.167149335e-13,9.259182793e-14,9.480862803e-14,1.118117467e-13,4.254290819e-13,3.373434866e-13,4.067531962e-13,3.409915818e-13,2.921612222e-13,1.031212243e-13,1.969438992e-13,1.37523012e-13,6.003659793e-14,2.274525665e-14,1.649186177e-13,3.953025217e-14,1.505609273e-13,2.196619436e-13,1.784284103e-13,3.367178755e-13,1.079724302e-13,2.105348211e-13,6.072158045e-14
170.3359375,7.000439727e-13,1.269130444e-13,3.356286252e-13,1.484907057e-13,3.378497855e-13,3.356363216e-13,6.880192476e-14,1.69425217e-13,5.231047436e-14,2.177334117e-13,9.17857283e-14,9.468255918e-14,1.125840842e-13,4.263350243e-13,3.368866177e-13,4.06622818e-13,3.423137357e-13,2.932957413e-13,1.026405207e-13,1.998110361e-13,1.374784143e-13,6.010428462e-14,2.282169253e-14,1.643337463e-13,3.942699557e-14,1.508701601e-13,2.177553555e-13,1.812930359e-13,3.371835382e-13,1.083541083e-13,2.082836483e-13,6.11324499e-14
170.34375,7.05826517e-13,1.267101303e-13,3.336156263e-13,1.508438915e-13,3.379593477e-13,3.382809599e-13,6.988962564e-14,1.691680765e-13,5.201200209e-14,2.188638453e-13,9.10399502e-14,9.465187853e-14,1.133305105e-13,4.271297772e-13,3.362955135e-13,4.064069515e-13,3.434049241e-13,2.943153751e-13,1.021519556e-13,2.028927576e-13,1.375069042e-13,6.017604757e-14,2.289224754e-14,1.637516231e-13,3.931162627e-14,1.510798477e-13,2.158039388e-13,1.841892855e-13,3.377836306e-13,1.087466613e-13,2.062966173e-13,6.150639135e-14
170.3515625,7.113186665e-13,1.264599236e-13,3.317181798e-13,1.53395885e-13,3.379384921e-13,3.408909199e-13,7.103936065e-14,1.689261318e-13,5.172652862e-14,2.201653799e-13,9.040143286e-14,9.469949477e-14,1.140504474e-13,4.278517296e-13,3.356751096e-13,4.06180434e-13,3.445690259e-13,2.952699654e-13,1.016341855e-13,2.060029255e-13,1.375234629e-13,6.023535827e-14,2.294441036e-14,1.631865399e-13,3.919469744e-14,1.512582546e-13,2.139553207e-13,1.871149945e-13,3.385627605e-13,1.091369463e-13,2.044408032e-13,6.187197713e-14
170.359375,7.167415219e-13,1.262160072e-13,3.299162099e-13,1.561282732e-13,3.379362195e-13,3.434809114e-13,7.217673605e-14,1.686810413e-13,5.147701542e-14,2.216259529e-13,8.977767572e-14,9.483781445e-14,1.147978666e-13,4.286245899e-13,3.348832192e-13,4.058429575e-13,3.457746595e-13,2.962794204e-13,1.010806115e-13,2.090760539e-13,1.37528632e-13,6.028846412e-14,2.297130268e-14,1.626347113e-13,3.905592936e-14,1.513596125e-13,2.122705232e-13,1.901077682e-13,3.39515978e-13,1.095288347e-13,2.027023424e-13,6.221603133e-14
170.3671875,7.21589133e-13,1.259266192e-13,3.284141867e-13,1.590455255e-13,3.379642796e-13,3.459315478e-13,7.328384208e-14,1.684998449e-13,5.130857945e-14,2.231985726e-13,8.913667311e-14,9.505938828e-14,1.154947678e-13,4.292696852e-13,3.338714133e-13,4.053309195e-13,3.467439823e-13,2.972526247e-13,1.004574239e-13,2.122853759e-13,1.37551861e-13,6.033151513e-14,2.298653457e-14,1.621055814e-13,3.887895743e-14,1.51332853e-13,2.105302422e-13,1.931907619e-13,3.40546537e-13,1.099521667e-13,2.012190642e-13,6.252007641e-14
170.375,7.259941936e-13,1.254900934e-13,3.273021236e-13,1.622000182e-13,3.380397491e-13,3.483751422e-13,7.445078779e-14,1.68404363e-13,5.120285333e-14,2.248197653e-13,8.852889927e-14,9.532819627e-14,1.160838904e-13,4.297827111e-13,3.32889219e-13,4.047986493e-13,3.475769801e-13,2.980814048e-13,9.980739093e-14,2.155225336e-13,1.375623393e-13,6.038256583e-14,2.300114708e-14,1.615901553e-13,3.868958005e-14,1.512004512e-13,2.086662295e-13,1.96354162e-13,3.416499671e-13,1.104234114e-13,2.000006829e-13,6.281075121e-14
170.3828125,7.303962088e-13,1.250368954e-13,3.264068021e-13,1.654189709e-13,3.381294462e-13,3.507934042e-13,7.569259717e-14,1.683253232e-13,5.112919073e-14,2.264549248e-13,8.794885814e-14,9.56584702e-14,1.166151373e-13,4.303474787e-13,3.31940378e-13,4.042882841e-13,3.484556716e-13,2.988760223e-13,9.917259635e-14,2.187247095e-13,1.375067651e-13,6.043156779e-14,2.301306696e-14,1.611286746e-13,3.851247285e-14,1.510028924e-13,2.06924173e-13,1.995690787e-13,3.428875212e-13,1.109213382e-13,1.989056896e-13,6.307292065e-14
170.390625,7.34397806e-13,1.24769605e-13,3.256602094e-13,1.686662669e-13,3.380281209e-13,3.529617073e-13,7.69489525e-14,1.682832005e-13,5.109801723e-14,2.281179948e-13,8.740467029e-14,9.607841058e-14,1.170734095e-13,4.307591945e-13,3.308173595e-13,4.038093478e-13,3.492740792e-13,2.996959391e-13,9.847118639e-14,2.220849755e-13,1.373807253e-13,6.043792741e-14,2.302449242e-14,1.607691877e-13,3.832521799e-14,1.507999793e-13,2.053956641e-13,2.028201225e-13,3.44305838e-13,1.11411491e-13,1.979372665e-13,6.32713637e-14
170.3984375,7.37849833e-13,1.245695767e-13,3.252221807e-13,1.72081459e-13,3.378363492e-13,3.549445901e-13,7.822190526e-14,1.683166617e-13,5.113091146e-14,2.299072207e-13,8.689585978e-14,9.66149205e-14,1.174791855e-13,4.309992519e-13,3.295217929e-13,4.034020589e-13,3.499426479e-13,3.005183657e-13,9.768391045e-14,2.254659536e-13,1.37292439e-13,6.043565749e-14,2.302856453e-14,1.604382709e-13,3.810945399e-14,1.505850871e-13,2.038713397e-13,2.061780224e-13,3.459867646e-13,1.119013003e-13,1.972607369e-13,6.343905444e-14
170.40625,7.411953259e-13,1.241954363e-13,3.251006079e-13,1.755510703e-13,3.378425224e-13,3.569109849e-13,7.954498697e-14,1.683653928e-13,5.12224067e-14,2.319129783e-13,8.638183806e-14,9.728137503e-14,1.179286181e-13,4.314113675e-13,3.281608797e-13,4.030026066e-13,3.505113763e-13,3.014254969e-13,9.690060492e-14,2.286709903e-13,1.373494191e-13,6.046749719e-14,2.301515387e-14,1.600573879e-13,3.78979034e-14,1.502965983e-13,2.023153822e-13,2.097340514e-13,3.479250591e-13,1.124284066e-13,1.968103514e-13,6.360697084e-14
170.4140625,7.444020974e-13,1.237152145e-13,3.250712036e-13,1.790301259e-13,3.378934355e-13,3.588056707e-13,8.08947414e-14,1.684067427e-13,5.134122728e-14,2.340515957e-13,8.587336335e-14,9.798603432e-14,1.183600875e-13,4.318308527e-13,3.267955463e-13,4.026613713e-13,3.509757797e-13,3.023940945e-13,9.61201718e-14,2.319048775e-13,1.374893461e-13,6.050020827e-14,2.300141818e-14,1.596498424e-13,3.771360627e-14,1.499876377e-13,2.008995438e-13,2.133864304e-13,3.499383416e-13,1.12988127e-13,1.963675591e-13,6.376937378e-14
170.421875,7.472103705e-13,1.23277046e-13,3.250762624e-13,1.826834853e-13,3.377670463e-13,3.60556363e-13,8.224629287e-14,1.68467682e-13,5.149630806e-14,2.362338853e-13,8.53691274e-14,9.86677139e-14,1.186610749e-13,4.319627834e-13,3.254129247e-13,4.024091242e-13,3.512637043e-13,3.032763523e-13,9.529160484e-14,2.353114558e-13,1.376141257e-13,6.052143639e-14,2.299457333e-14,1.592703599e-13,3.753000969e-14,1.497043561e-13,1.99573921e-13,2.169900934e-13,3.519415862e-13,1.135551721e-13,1.960268023e-13,6.393210075e-14
170.4296875,7.496672426e-13,1.228261295e-13,3.25252766e-13,1.864707623e-13,3.375730696e-13,3.621970223e-13,8.362137301e-14,1.685298284e-13,5.173025961e-14,2.38535842e-13,8.48221202e-14,9.94221395e-14,1.188802792e-13,4.319770704e-13,3.239171503e-13,4.020383391e-13,3.513838281e-13,3.041093002e-13,9.442541145e-14,2.388729329e-13,1.377549053e-13,6.054215478e-14,2.297137127e-14,1.589938628e-13,3.732530406e-14,1.49377441e-13,1.982121472e-13,2.206785733e-13,3.540508326e-13,1.141494599e-13,1.959262833e-13,6.408433534e-14
170.4375,7.518508049e-13,1.223035276e-13,3.255907698e-13,1.902914026e-13,3.373005695e-13,3.637148274e-13,8.501476761e-14,1.685798376e-13,5.200215862e-14,2.409879069e-13,8.424143529e-14,1.002707337e-13,1.190429112e-13,4.318345314e-13,3.222515088e-13,4.01503201e-13,3.514124811e-13,3.049504353e-13,9.351609641e-14,2.42556765e-13,1.379399665e-13,6.052710388e-14,2.293491503e-14,1.58830761e-13,3.710425002e-14,1.490137012e-13,1.969217357e-13,2.245477463e-13,3.563061481e-13,1.147882164e-13,1.958726577e-13,6.420436346e-14
170.4453125,7.536931534e-13,1.217250925e-13,3.260505482e-13,1.941768668e-13,3.369120423e-13,3.649991283e-13,8.640404116e-14,1.686421949e-13,5.226746539e-14,2.435377104e-13,8.365971054e-14,1.011575835e-13,1.190978027e-13,4.313855107e-13,3.204060537e-13,4.009004132e-13,3.51289885e-13,3.057082428e-13,9.256448398e-14,2.461770949e-13,1.381171832e-13,6.048224119e-14,2.290516639e-14,1.586610262e-13,3.687704486e-14,1.486102389e-13,1.957889308e-13,2.28408763e-13,3.587044632e-13,1.154419162e-13,1.958434974e-13,6.429658125e-14
170.453125,7.550196731e-13,1.21142418e-13,3.26738611e-13,1.982122015e-13,3.366681274e-13,3.660540171e-13,8.781988044e-14,1.687600633e-13,5.261233981e-14,2.461996124e-13,8.306863021e-14,1.021528309e-13,1.191082238e-13,4.309447157e-13,3.184652695e-13,4.002346031e-13,3.509349104e-13,3.064465203e-13,9.16335697e-14,2.497653443e-13,1.382802087e-13,6.046809268e-14,2.286867734e-14,1.584630722e-13,3.665301566e-14,1.480458847e-13,1.947508825e-13,2.322761427e-13,3.613788138e-13,1.160956835e-13,1.961064736e-13,6.435970214e-14
170.4609375,7.559062315e-13,1.206418972e-13,3.275819193e-13,2.025672427e-13,3.365042056e-13,3.670418017e-13,8.925444608e-14,1.689646323e-13,5.30444732e-14,2.489610581e-13,8.245480973e-14,1.03225187e-13,1.191124738e-13,4.30537218e-13,3.166304024e-13,3.996791299e-13,3.50490541e-13,3.072615335e-13,9.070635242e-14,2.535796795e-13,1.384732824e-13,6.045510548e-14,2.281442398e-14,1.583582139e-13,3.641269748e-14,1.473586148e-13,1.938083522e-13,2.363413851e-13,3.642844467e-13,1.167596124e-13,1.965558982e-13,6.439350679e-14
170.46875,7.56648061e-13,1.202252026e-13,3.2839232e-13,2.071942984e-13,3.359784329e-13,3.67889553e-13,9.062710123e-14,1.692327295e-13,5.343184464e-14,2.518005332e-13,8.185936867e-14,1.042040394e-13,1.189948685e-13,4.297057646e-13,3.14832944e-13,3.993081642e-13,3.500242161e-13,3.079717353e-13,8.967977909e-14,2.575600162e-13,1.386870644e-13,6.036564568e-14,2.276050877e-14,1.583717302e-13,3.612410024e-14,1.466695641e-13,1.929688195e-13,2.405031409e-13,3.671416428e-13,1.174122113e-13,1.969105738e-13,6.441394371e-14
170.4765625,7.570784034e-13,1.198558768e-13,3.293000399e-13,2.118177469e-13,3.352508228e-13,3.683776699e-13,9.194140219e-14,1.695572429e-13,5.382110644e-14,2.547722397e-13,8.1356698e-14,1.051812681e-13,1.187597476e-13,4.285616601e-13,3.12830621e-13,3.988734781e-13,3.49428303e-13,3.085215233e-13,8.85784824e-14,2.616542328e-13,1.388880821e-13,6.023926769e-14,2.271384715e-14,1.584864658e-13,3.581529985e-14,1.459025657e-13,1.921915709e-13,2.446845069e-13,3.699929385e-13,1.180265969e-13,1.973498326e-13,6.442114098e-14
170.484375,7.571190908e-13,1.194612062e-13,3.304286883e-13,2.164593337e-13,3.348971513e-13,3.687295613e-13,9.328153351e-14,1.699515321e-13,5.434635231e-14,2.578254168e-13,8.090298108e-14,1.063353199e-13,1.185692388e-13,4.276489989e-13,3.108140491e-13,3.984271868e-13,3.488619265e-13,3.091669355e-13,8.75346065e-14,2.659480821e-13,1.390810046e-13,6.016296741e-14,2.265740163e-14,1.587205562e-13,3.553842058e-14,1.450269281e-13,1.915450734e-13,2.489808619e-13,3.731144723e-13,1.186238303e-13,1.980626731e-13,6.442152471e-14
170.4921875,7.574059892e-13,1.188788683e-13,3.315901098e-13,2.212214496e-13,3.349092297e-13,3.693040304e-13,9.467229732e-14,1.703447261e-13,5.491857698e-14,2.608591024e-13,8.038462641e-14,1.075624004e-13,1.184635138e-13,4.270378827e-13,3.090684305e-13,3.981981809e-13,3.485206648e-13,3.099800481e-13,8.659531173e-14,2.701496839e-13,1.392497604e-13,6.013176457e-14,2.257422793e-14,1.589965903e-13,3.5292576e-14,1.441450233e-13,1.910926152e-13,2.532507183e-13,3.764686381e-13,1.192258872e-13,1.988677848e-13,6.442187761e-14
170.5,7.579224723e-13,1.182875856e-13,3.328362356e-13,2.260259067e-13,3.349030896e-13,3.699380402e-13,9.60758551e-14,1.70704989e-13,5.546393263e-14,2.639154476e-13,7.983763233e-14,1.087867494e-13,1.183795478e-13,4.264601839e-13,3.074311072e-13,3.980807207e-13,3.481963107e-13,3.108132764e-13,8.572309539e-14,2.741213551e-13,1.393631875e-13,6.010802743e-14,2.246755561e-14,1.592836247e-13,3.505486317e-14,1.432107845e-13,1.90749336e-13,2.573990688e-13,3.800165099e-13,1.197955888e-13,1.997737389e-13,6.437858354e-14
170.5078125,7.577545346e-13,1.180714141e-13,3.344504933e-13,2.310479398e-13,3.347300869e-13,3.703167276e-13,9.742958967e-14,1.711253948e-13,5.608379734e-14,2.669920373e-13,7.931414732e-14,1.100924497e-13,1.182628141e-13,4.256772522e-13,3.057534314e-13,3.980949656e-13,3.477635641e-13,3.116287542e-13,8.485068994e-14,2.782238917e-13,1.394857092e-13,6.007413924e-14,2.235506711e-14,1.596954239e-13,3.48071391e-14,1.421430764e-13,1.90484058e-13,2.616123222e-13,3.839889059e-13,1.202869964e-13,2.009643014e-13,6.426093391e-14
170.515625,7.568011453e-13,1.179895274e-13,3.362298082e-13,2.364861295e-13,3.34409963e-13,3.704683238e-13,9.872222281e-14,1.716370859e-13,5.677409591e-14,2.700210887e-13,7.875292836e-14,1.114198391e-13,1.180263638e-13,4.245068366e-13,3.041454973e-13,3.984574748e-13,3.474206865e-13,3.124267995e-13,8.390531836e-14,2.825153582e-13,1.396827884e-13,6.0000132e-14,2.223900446e-14,1.602285283e-13,3.45402061e-14,1.409867859e-13,1.903380208e-13,2.659006195e-13,3.882612771e-13,1.207223106e-13,2.022597237e-13,6.409981837e-14
170.5234375,7.556571572e-13,1.176435708e-13,3.377935146e-13,2.421380862e-13,3.340964502e-13,3.705676837e-13,1.00060486e-13,1.722240189e-13,5.747428603e-14,2.730941759e-13,7.818528319e-14,1.127107311e-13,1.176745193e-13,4.230951987e-13,3.026665286e-13,3.991431646e-13,3.47208903e-13,3.131851272e-13,8.292506817e-14,2.868413999e-13,1.39873024e-13,5.990209603e-14,2.211560345e-14,1.607878067e-13,3.428865714e-14,1.397640882e-13,1.902307054e-13,2.701988949e-13,3.923654947e-13,1.211588773e-13,2.034586031e-13,6.391948099e-14
170.53125,7.544989451e-13,1.172697598e-13,3.393512226e-13,2.47795764e-13,3.340230083e-13,3.707170012e-13,1.01499131e-13,1.729281991e-13,5.82514023e-14,2.763124165e-13,7.766878476e-14,1.140897768e-13,1.17332445e-13,4.218811181e-13,3.013923457e-13,4.001443528e-13,3.470442956e-13,3.139552409e-13,8.202272755e-14,2.912502205e-13,1.400135758e-13,5.984711745e-14,2.199895273e-14,1.613944138e-13,3.4080024e-14,1.385035814e-13,1.901297217e-13,2.746275562e-13,3.96334942e-13,1.21613797e-13,2.047457346e-13,6.372511257e-14
170.5390625,7.533831282e-13,1.170315575e-13,3.412415749e-13,2.534350055e-13,3.342006034e-13,3.708841706e-13,1.029571941e-13,1.737064532e-13,5.911516596e-14,2.796201021e-13,7.711585049e-14,1.155815312e-13,1.170129334e-13,4.210060267e-13,3.003956253e-13,4.014644618e-13,3.469404417e-13,3.147902332e-13,8.119330453e-14,2.955803618e-13,1.402177429e-13,5.983703623e-14,2.189016643e-14,1.620608466e-13,3.388467439e-14,1.372694249e-13,1.90200577e-13,2.791553931e-13,4.006018165e-13,1.220725019e-13,2.062339517e-13,6.352486511e-14
170.546875,7.522545283e-13,1.167693828e-13,3.432707879e-13,2.591801673e-13,3.344343976e-13,3.70907604e-13,1.044027397e-13,1.744641522e-13,5.99848927e-14,2.829140363e-13,7.650036335e-14,1.170781552e-13,1.1666353e-13,4.201690202e-13,2.99518752e-13,4.02864303e-13,3.468020978e-13,3.156935173e-13,8.036175584e-14,2.997697249e-13,1.405142486e-13,5.982277089e-14,2.177693152e-14,1.627542167e-13,3.369177751e-14,1.360315758e-13,1.904917663e-13,2.836604313e-13,4.052214887e-13,1.225227664e-13,2.077509031e-13,6.330507492e-14
170.5546875,7.507119235e-13,1.16631237e-13,3.452052565e-13,2.652961737e-13,3.345253345e-13,3.707202418e-13,1.058360219e-13,1.752457226e-13,6.085794093e-14,2.8612398e-13,7.592215644e-14,1.185680789e-13,1.163194457e-13,4.190904408e-13,2.986275475e-13,4.043502324e-13,3.465454759e-13,3.165924369e-13,7.951414559e-14,3.041947041e-13,1.408242975e-13,5.978989334e-14,2.166908242e-14,1.635212631e-13,3.351280957e-14,1.347609786e-13,1.908276006e-13,2.881712211e-13,4.099280317e-13,1.229461609e-13,2.09230614e-13,6.305403889e-14
170.5625,7.487563058e-13,1.16642151e-13,3.471793526e-13,2.715922909e-13,3.343974471e-13,3.704529302e-13,1.071919574e-13,1.761434072e-13,6.175980756e-14,2.89304336e-13,7.541187418e-14,1.200665308e-13,1.159444833e-13,4.177651308e-13,2.977883283e-13,4.061686888e-13,3.463463254e-13,3.173134175e-13,7.863073141e-14,3.08822167e-13,1.411528385e-13,5.973811461e-14,2.156297028e-14,1.644144882e-13,3.331771535e-14,1.334677365e-13,1.911315375e-13,2.925873763e-13,4.14600569e-13,1.233200585e-13,2.107673466e-13,6.278904286e-14
170.5703125,7.466916643e-13,1.164776479e-13,3.491755407e-13,2.775966475e-13,3.342408696e-13,3.701815891e-13,1.084735121e-13,1.77159487e-13,6.269755561e-14,2.92532033e-13,7.492651938e-14,1.215231694e-13,1.154349969e-13,4.16263798e-13,2.969806288e-13,4.081688475e-13,3.462921895e-13,3.178168238e-13,7.768373979e-14,3.132608015e-13,1.414883171e-13,5.96706866e-14,2.143453415e-14,1.654254551e-13,3.309393809e-14,1.320760456e-13,1.914836806e-13,2.967742234e-13,4.192238123e-13,1.236302246e-13,2.123508163e-13,6.251926296e-14
170.578125,7.443377093e-13,1.162439509e-13,3.509578897e-13,2.83654967e-13,3.343079002e-13,3.697521377e-13,1.097287851e-13,1.782147913e-13,6.367192763e-14,2.956635368e-13,7.443193034e-14,1.229224631e-13,1.148296607e-13,4.145940222e-13,2.960983951e-13,4.100769225e-13,3.46162592e-13,3.182974442e-13,7.672957166e-14,3.176413431e-13,1.417574807e-13,5.960504608e-14,2.130937865e-14,1.664685804e-13,3.287368663e-14,1.305885255e-13,1.919441138e-13,3.009154668e-13,4.237556572e-13,1.238766649e-13,2.138878271e-13,6.224303043e-14
170.5859375,7.416107848e-13,1.162321777e-13,3.527379714e-13,2.902372945e-13,3.345884842e-13,3.690599926e-13,1.109325361e-13,1.792249716e-13,6.464261555e-14,2.986409626e-13,7.393848056e-14,1.243263329e-13,1.142245546e-13,4.128421479e-13,2.952413437e-13,4.1203849e-13,3.458504992e-13,3.188587972e-13,7.584572646e-14,3.221804419e-13,1.420347243e-13,5.955111583e-14,2.122367229e-14,1.67448808e-13,3.265990438e-14,1.291521944e-13,1.925745525e-13,3.051964389e-13,4.283173969e-13,1.240927304e-13,2.154086319e-13,6.197126753e-14
170.59375,7.389296788e-13,1.162745726e-13,3.549908723e-13,2.967149973e-13,3.34918653e-13,3.683186458e-13,1.121069362e-13,1.802495593e-13,6.563810031e-14,3.017587799e-13,7.349224429e-14,1.258206601e-13,1.136298223e-13,4.111166532e-13,2.946313125e-13,4.143705375e-13,3.45598028e-13,3.194060366e-13,7.503190796e-14,3.266485552e-13,1.424487754e-13,5.952156481e-14,2.114076305e-14,1.685311199e-13,3.24429916e-14,1.277573873e-13,1.934176757e-13,3.095278738e-13,4.331892452e-13,1.243131216e-13,2.170487869e-13,6.170264533e-14
170.6015625,7.362645807e-13,1.162163442e-13,3.575572347e-13,3.027091818e-13,3.351177893e-13,3.676527652e-13,1.133216551e-13,1.814065582e-13,6.673181711e-14,3.051455023e-13,7.308948534e-14,1.27391397e-13,1.130104423e-13,4.092787308e-13,2.94294094e-13,4.171495001e-13,3.455778645e-13,3.198607218e-13,7.422303956e-14,3.309308742e-13,1.429216603e-13,5.950127755e-14,2.102476628e-14,1.699138127e-13,3.224212643e-14,1.26267036e-13,1.943985039e-13,3.138430642e-13,4.383901083e-13,1.245113612e-13,2.18793897e-13,6.141097772e-14
170.609375,7.331344821e-13,1.161599874e-13,3.598310308e-13,3.090961043e-13,3.350906669e-13,3.668171534e-13,1.145461321e-13,1.826387792e-13,6.783291859e-14,3.085417743e-13,7.269791452e-14,1.288962975e-13,1.123270343e-13,4.071519504e-13,2.941140255e-13,4.202040956e-13,3.456187544e-13,3.201890662e-13,7.337105939e-14,3.352065919e-13,1.433092821e-13,5.942996029e-14,2.090697975e-14,1.713358715e-13,3.20668284e-14,1.247137703e-13,1.954430157e-13,3.181770028e-13,4.436260606e-13,1.24649804e-13,2.20467781e-13,6.108984826e-14
170.6171875,7.296644715e-13,1.16101132e-13,3.617386136e-13,3.161660548e-13,3.350416367e-13,3.657718665e-13,1.157068092e-13,1.838708127e-13,6.886922869e-14,3.117701009e-13,7.231051531e-14,1.302932507e-13,1.11606979e-13,4.04891119e-13,2.940987303e-13,4.234592362e-13,3.456047637e-13,3.203832173e-13,7.25176843e-14,3.395513096e-13,1.436402071e-13,5.932788169e-14,2.080299071e-14,1.725550851e-13,3.190702629e-14,1.232036057e-13,1.965659853e-13,3.224285368e-13,4.488075516e-13,1.247436598e-13,2.220675561e-13,6.077508137e-14
170.625,7.263475914e-13,1.16041197e-13,3.636410468e-13,3.23024375e-13,3.352011867e-13,3.647593964e-13,1.167762748e-13,1.851726057e-13,6.998351444e-14,3.148718788e-13,7.190334504e-14,1.316934976e-13,1.109289589e-13,4.026902185e-13,2.942554121e-13,4.270187764e-13,3.456697973e-13,3.205252618e-13,7.171917701e-14,3.438974649e-13,1.439934357e-13,5.928974169e-14,2.068554976e-14,1.738464594e-13,3.175485003e-14,1.217084465e-13,1.977852167e-13,3.264752621e-13,4.541243013e-13,1.247920912e-13,2.237614257e-13,6.049308039e-14
170.6328125,7.230833515e-13,1.161140833e-13,3.655507519e-13,3.29443396e-13,3.354251924e-13,3.636934139e-13,1.178011914e-13,1.865497907e-13,7.120303203e-14,3.179170887e-13,7.149984139e-14,1.330985654e-13,1.102610009e-13,4.004578416e-13,2.94471775e-13,4.308042513e-13,3.458277341e-13,3.206588097e-13,7.094013658e-14,3.481544767e-13,1.44326583e-13,5.929314588e-14,2.055875925e-14,1.753756411e-13,3.161251483e-14,1.201561063e-13,1.991298389e-13,3.304327529e-13,4.596132874e-13,1.247551138e-13,2.255042249e-13,6.021397835e-14
170.640625,7.195289612e-13,1.163279777e-13,3.673209627e-13,3.359476281e-13,3.354960516e-13,3.624776648e-13,1.188812029e-13,1.879407519e-13,7.235703571e-14,3.209438648e-13,7.117156816e-14,1.344232277e-13,1.095374076e-13,3.981242184e-13,2.948425183e-13,4.347554516e-13,3.460895859e-13,3.207291291e-13,7.014717322e-14,3.522209018e-13,1.445995577e-13,5.924264932e-14,2.045149176e-14,1.769573617e-13,3.149945233e-14,1.185408457e-13,2.006299475e-13,3.344241652e-13,4.651814606e-13,1.246476099e-13,2.271033799e-13,5.989122522e-14
170.6484375,7.158316212e-13,1.16578461e-13,3.691295673e-13,3.424936372e-13,3.354350982e-13,3.613940564e-13,1.199818369e-13,1.893772933e-13,7.343505624e-14,3.239199144e-13,7.089105454e-14,1.357196508e-13,1.088132993e-13,3.957690576e-13,2.955970263e-13,4.391896244e-13,3.467545563e-13,3.207781903e-13,6.93848438e-14,3.560501866e-13,1.44885235e-13,5.915161914e-14,2.035971974e-14,1.785993494e-13,3.142002799e-14,1.169001732e-13,2.022196908e-13,3.383257437e-13,4.70856069e-13,1.245281571e-13,2.28609548e-13,5.952488151e-14
170.65625,7.121960981e-13,1.168464028e-13,3.710903002e-13,3.489294777e-13,3.353497784e-13,3.604299947e-13,1.209719434e-13,1.908632336e-13,7.455667444e-14,3.268277287e-13,7.061997954e-14,1.370653762e-13,1.08122166e-13,3.933574602e-13,2.966168946e-13,4.441815915e-13,3.478480056e-13,3.208860992e-13,6.868461578e-14,3.597863109e-13,1.452211701e-13,5.908588567e-14,2.02611001e-14,1.804151642e-13,3.134862184e-14,1.152792188e-13,2.038315229e-13,3.420700063e-13,4.766640928e-13,1.243993202e-13,2.302206879e-13,5.915788349e-14
170.6640625,7.085028849e-13,1.171976251e-13,3.730813507e-13,3.555219131e-13,3.353755288e-13,3.592981189e-13,1.219083717e-13,1.923466125e-13,7.573839184e-14,3.297490208e-13,7.042033238e-14,1.384514057e-13,1.074364495e-13,3.90914989e-13,2.97677138e-13,4.493366799e-13,3.489667197e-13,3.209896775e-13,6.805313275e-14,3.637198293e-13,1.455795259e-13,5.906156515e-14,2.015054606e-14,1.823256966e-13,3.128587166e-14,1.136874467e-13,2.055222725e-13,3.458236538e-13,4.825614362e-13,1.242215624e-13,2.319765629e-13,5.882474458e-14
170.671875,7.047974023e-13,1.176797187e-13,3.751827578e-13,3.62224385e-13,3.355743316e-13,3.581568123e-13,1.229002347e-13,1.93846387e-13,7.695395999e-14,3.327045406e-13,7.030793659e-14,1.398949731e-13,1.067995981e-13,3.886875397e-13,2.988865641e-13,4.546024669e-13,3.501009811e-13,3.210788934e-13,6.750278105e-14,3.678332514e-13,1.460164453e-13,5.907136577e-14,2.003833196e-14,1.842637653e-13,3.125421568e-14,1.120972323e-13,2.073579883e-13,3.496653407e-13,4.885456757e-13,1.239817876e-13,2.338037084e-13,5.852139963e-14
170.6796875,7.011405821e-13,1.18212019e-13,3.774477174e-13,3.688080989e-13,3.356798183e-13,3.571725882e-13,1.238625062e-13,1.953685277e-13,7.816041244e-14,3.35629222e-13,7.022605101e-14,1.413549751e-13,1.062038409e-13,3.865716216e-13,3.003721943e-13,4.602348942e-13,3.515244434e-13,3.211953728e-13,6.697199976e-14,3.716816442e-13,1.465580417e-13,5.907472193e-14,1.99382765e-14,1.862215556e-13,3.123770485e-14,1.105140925e-13,2.09288033e-13,3.534374151e-13,4.945773659e-13,1.23683616e-13,2.355801888e-13,5.822608746e-14
170.6875,6.971335068e-13,1.186830664e-13,3.795709482e-13,3.753783719e-13,3.354013325e-13,3.560670544e-13,1.247240615e-13,1.968808888e-13,7.928806566e-14,3.384810854e-13,7.016060372e-14,1.426688338e-13,1.055291953e-13,3.840732916e-13,3.020386153e-13,4.661334523e-13,3.530483641e-13,3.211386565e-13,6.635486739e-14,3.751733909e-13,1.470776262e-13,5.901475275e-14,1.985759959e-14,1.882127525e-13,3.121087703e-14,1.089683351e-13,2.112224572e-13,3.569665757e-13,5.004784692e-13,1.2332418e-13,2.371341986e-13,5.792885909e-14
170.6953125,6.927005769e-13,1.191633587e-13,3.81435319e-13,3.819550802e-13,3.349639332e-13,3.547668008e-13,1.2552754e-13,1.98417517e-13,8.037699782e-14,3.411639007e-13,7.013064265e-14,1.438165028e-13,1.047712066e-13,3.81239301e-13,3.038112728e-13,4.721115994e-13,3.544712895e-13,3.208190968e-13,6.567274707e-14,3.787979235e-13,1.475416526e-13,5.891949549e-14,1.979155292e-14,1.903324357e-13,3.118804701e-14,1.074467867e-13,2.131889751e-13,3.602970962e-13,5.061189913e-13,1.229192145e-13,2.384933613e-13,5.76315927e-14
170.703125,6.884749946e-13,1.197560398e-13,3.832641814e-13,3.884104958e-13,3.347507797e-13,3.535285611e-13,1.262551973e-13,2.000079206e-13,8.151892417e-14,3.436094167e-13,7.01413507e-14,1.449514676e-13,1.040382259e-13,3.785940662e-13,3.056831626e-13,4.782812902e-13,3.560609762e-13,3.205746922e-13,6.50555607e-14,3.826745587e-13,1.480646911e-13,5.886774815e-14,1.973186318e-14,1.925629481e-13,3.119054298e-14,1.059391146e-13,2.152963233e-13,3.635993178e-13,5.116685829e-13,1.225029931e-13,2.39908198e-13,5.734949166e-14
170.7109375,6.84597382e-13,1.204240427e-13,3.850983655e-13,3.947599002e-13,3.346398369e-13,3.523979373e-13,1.268861083e-13,2.01643495e-13,8.269453261e-14,3.459782526e-13,7.017838592e-14,1.461174408e-13,1.033472841e-13,3.76098764e-13,3.076693976e-13,4.847793508e-13,3.579475117e-13,3.205010128e-13,6.452970067e-14,3.863800559e-13,1.486380218e-13,5.885397722e-14,1.967639771e-14,1.948161226e-13,3.121243738e-14,1.044776635e-13,2.174889022e-13,3.668355483e-13,5.173306752e-13,1.220734202e-13,2.41415883e-13,5.709921668e-14
170.71875,6.805543667e-13,1.212171339e-13,3.86876333e-13,4.010185257e-13,3.343226481e-13,3.512715313e-13,1.274603028e-13,2.033358189e-13,8.386090197e-14,3.484380161e-13,7.025156724e-14,1.472422723e-13,1.02662289e-13,3.73336792e-13,3.098682403e-13,4.916137169e-13,3.599435051e-13,3.202573654e-13,6.399002126e-14,3.898111242e-13,1.491890347e-13,5.88128512e-14,1.962985225e-14,1.971719215e-13,3.123825894e-14,1.030560286e-13,2.195906846e-13,3.699125422e-13,5.228629651e-13,1.215857272e-13,2.428159559e-13,5.686072895e-14
170.7265625,6.763780419e-13,1.222216779e-13,3.886438782e-13,4.072914601e-13,3.338287253e-13,3.501632763e-13,1.27953367e-13,2.050321896e-13,8.50156098e-14,3.508701978e-13,7.04006847e-14,1.48287954e-13,1.01991941e-13,3.703582911e-13,3.123426956e-13,4.987585846e-13,3.62055367e-13,3.19812336e-13,6.340315185e-14,3.931663087e-13,1.497862683e-13,5.874047725e-14,1.959349816e-14,1.996198533e-13,3.126198608e-14,1.016403921e-13,2.216343192e-13,3.729448428e-13,5.27999512e-13,1.210165114e-13,2.440847327e-13,5.660510662e-14
170.734375,6.725096675e-13,1.232602926e-13,3.903209051e-13,4.136660253e-13,3.332865945e-13,3.491506942e-13,1.283337184e-13,2.066532334e-13,8.61313021e-14,3.530438893e-13,7.060304472e-14,1.492394043e-13,1.013456894e-13,3.674601488e-13,3.150717986e-13,5.062312256e-13,3.644694652e-13,3.194075758e-13,6.285411614e-14,3.964212393e-13,1.504814819e-13,5.868667491e-14,1.956055749e-14,2.01989142e-13,3.129014465e-14,1.002478891e-13,2.23745482e-13,3.758480203e-13,5.329955496e-13,1.203808583e-13,2.453200484e-13,5.635296317e-14
170.7421875,6.689096949e-13,1.242297051e-13,3.918059022e-13,4.198160289e-13,3.327519639e-13,3.482210376e-13,1.286720467e-13,2.082611354e-13,8.720570028e-14,3.549046451e-13,7.083264048e-14,1.501023444e-13,1.007131707e-13,3.646996228e-13,3.180636783e-13,5.141377812e-13,3.672217968e-13,3.190158333e-13,6.236636933e-14,3.995571284e-13,1.511757964e-13,5.865380464e-14,1.953343576e-14,2.04329224e-13,3.134851417e-14,9.888673878e-14,2.258385367e-13,3.784124403e-13,5.379822145e-13,1.196995278e-13,2.464594124e-13,5.61343373e-14
170.75,6.652787374e-13,1.253952496e-13,3.931518715e-13,4.255390721e-13,3.32244351e-13,3.471686128e-13,1.290085383e-13,2.099511639e-13,8.826415862e-14,3.565752169e-13,7.116031636e-14,1.508903112e-13,1.000652355e-13,3.618869425e-13,3.212648092e-13,5.224707122e-13,3.701802961e-13,3.185348444e-13,6.187737023e-14,4.026393659e-13,1.517835609e-13,5.858470896e-14,1.952081735e-14,2.067731702e-13,3.145862931e-14,9.753824696e-14,2.278601515e-13,3.80877513e-13,5.42689875e-13,1.18993077e-13,2.473889723e-13,5.593998749e-14
170.7578125,6.615346555e-13,1.268094941e-13,3.9438146e-13,4.311359523e-13,3.315942687e-13,3.459436053e-13,1.292868421e-13,2.11712092e-13,8.928721985e-14,3.581957805e-13,7.160760855e-14,1.5158792e-13,9.937723519e-14,3.587892852e-13,3.245534648e-13,5.310117508e-13,3.732832161e-13,3.180068002e-13,6.139086907e-14,4.055537455e-13,1.52334168e-13,5.84626821e-14,1.951112071e-14,2.092768528e-13,3.159511865e-14,9.622586482e-14,2.299450523e-13,3.833915112e-13,5.471436653e-13,1.182644247e-13,2.481201393e-13,5.575612789e-14
170.765625,6.578113554e-13,1.281585255e-13,3.955486352e-13,4.367023638e-13,3.307748484e-13,3.449172032e-13,1.295012014e-13,2.13504135e-13,9.02838905e-14,3.598095455e-13,7.212109073e-14,1.522386774e-13,9.872601347e-14,3.55602331e-13,3.280009719e-13,5.397249158e-13,3.767290991e-13,3.17511416e-13,6.0969535e-14,4.082923262e-13,1.528981845e-13,5.834388562e-14,1.949266679e-14,2.118313473e-13,3.173065285e-14,9.495023856e-14,2.320713244e-13,3.856492668e-13,5.514430627e-13,1.174793911e-13,2.4878208e-13,5.557463299e-14
170.7734375,6.542085298e-13,1.294765273e-13,3.967530363e-13,4.420364001e-13,3.300538507e-13,3.441845145e-13,1.297157001e-13,2.152557001e-13,9.12840977e-14,3.613474071e-13,7.270249286e-14,1.529005059e-13,9.821162268e-14,3.527516218e-13,3.317823373e-13,5.488622847e-13,3.806408153e-13,3.171503687e-13,6.060516237e-14,4.110331598e-13,1.535080927e-13,5.824492435e-14,1.948258067e-14,2.144449993e-13,3.189851837e-14,9.369153688e-14,2.34119218e-13,3.877045957e-13,5.554328883e-13,1.16621182e-13,2.494718785e-13,5.538116752e-14
170.78125,6.50479333e-13,1.310795479e-13,3.978640098e-13,4.471215645e-13,3.292999268e-13,3.433086618e-13,1.299232026e-13,2.169006199e-13,9.223485161e-14,3.627018422e-13,7.333004248e-14,1.534944849e-13,9.775495971e-14,3.500087647e-13,3.3583979e-13,5.585024512e-13,3.847156357e-13,3.168598168e-13,6.023555008e-14,4.137229709e-13,1.541511781e-13,5.811054834e-14,1.948966068e-14,2.16996596e-13,3.211440446e-14,9.253105452e-14,2.362048563e-13,3.897870403e-13,5.592987241e-13,1.157216876e-13,2.500820602e-13,5.519434463e-14
170.7890625,6.464284571e-13,1.328791268e-13,3.987421701e-13,4.520253621e-13,3.282134215e-13,3.422261192e-13,1.300531046e-13,2.185338259e-13,9.311291764e-14,3.638318576e-13,7.397323285e-14,1.539599555e-13,9.723443846e-14,3.469274155e-13,3.400124762e-13,5.684287668e-13,3.88748281e-13,3.164438068e-13,5.986041343e-14,4.162089268e-13,1.548257233e-13,5.793198146e-14,1.949484574e-14,2.194493418e-13,3.233047208e-14,9.150499947e-14,2.384302517e-13,3.916383076e-13,5.632177479e-13,1.147967696e-13,2.504989481e-13,5.504731918e-14
170.796875,6.424218029e-13,1.346140688e-13,3.995052248e-13,4.568729006e-13,3.270337422e-13,3.412585106e-13,1.300921302e-13,2.202374364e-13,9.396538234e-14,3.647817908e-13,7.471056894e-14,1.543638604e-13,9.671376326e-14,3.437258936e-13,3.442993995e-13,5.784338332e-13,3.929800482e-13,3.159717556e-13,5.952376398e-14,4.184774291e-13,1.555377414e-13,5.77404507e-14,1.949307331e-14,2.21888708e-13,3.254311726e-14,9.046962038e-14,2.406399376e-13,3.931860242e-13,5.668279985e-13,1.138297705e-13,2.508093337e-13,5.491161009e-14
170.8046875,6.387373259e-13,1.363177813e-13,4.001851285e-13,4.618100824e-13,3.25883992e-13,3.403465292e-13,1.300866546e-13,2.218829093e-13,9.476046407e-14,3.655970963e-13,7.556520061e-14,1.547015314e-13,9.625938534e-14,3.40679088e-13,3.487430486e-13,5.884613937e-13,3.975278052e-13,3.155742542e-13,5.920637226e-14,4.205518437e-13,1.562458435e-13,5.751853722e-14,1.949962625e-14,2.243376778e-13,3.279788872e-14,8.937369622e-14,2.427265787e-13,3.947161045e-13,5.70092311e-13,1.12825853e-13,2.510285672e-13,5.474526537e-14
170.8125,6.351822058e-13,1.380417041e-13,4.007404835e-13,4.665550418e-13,3.245924826e-13,3.394079459e-13,1.300718141e-13,2.233997911e-13,9.548390676e-14,3.662667519e-13,7.645766155e-14,1.549522771e-13,9.58037253e-14,3.377626684e-13,3.533419624e-13,5.986166209e-13,4.022871546e-13,3.151726037e-13,5.887398869e-14,4.225899587e-13,1.56933611e-13,5.727378308e-14,1.951655079e-14,2.267883754e-13,3.308672807e-14,8.834781201e-14,2.4476383e-13,3.96113444e-13,5.733060277e-13,1.117953985e-13,2.510839271e-13,5.457384808e-14
170.8203125,6.316744603e-13,1.397613491e-13,4.013823939e-13,4.707031569e-13,3.233526895e-13,3.386655916e-13,1.300276838e-13,2.248799388e-13,9.621405149e-14,3.667763099e-13,7.739972373e-14,1.552246352e-13,9.535233692e-14,3.350453691e-13,3.581024005e-13,6.090354339e-13,4.073426334e-13,3.148260148e-13,5.857063998e-14,4.24594955e-13,1.576747497e-13,5.704897297e-14,1.953312197e-14,2.292414651e-13,3.337941669e-14,8.74083206e-14,2.468004883e-13,3.971845289e-13,5.762811012e-13,1.107208968e-13,2.510565457e-13,5.441544954e-14
170.828125,6.28154443e-13,1.415905977e-13,4.022070423e-13,4.744662156e-13,3.221250463e-13,3.380453044e-13,1.299091407e-13,2.263225022e-13,9.691684846e-14,3.67192144e-13,7.842921348e-14,1.555113941e-13,9.49635178e-14,3.323063429e-13,3.629631332e-13,6.19640319e-13,4.126783884e-13,3.145933041e-13,5.830536392e-14,4.261620735e-13,1.584932567e-13,5.679909013e-14,1.955139844e-14,2.316993325e-13,3.368486674e-14,8.647708922e-14,2.488069453e-13,3.981276985e-13,5.789344628e-13,1.096098335e-13,2.50933032e-13,5.424254613e-14
170.8359375,6.244514226e-13,1.435310089e-13,4.02932614e-13,4.782939294e-13,3.205549114e-13,3.373106165e-13,1.297461137e-13,2.276986158e-13,9.75280599e-14,3.675975231e-13,7.950770892e-14,1.556735042e-13,9.458499486e-14,3.292717507e-13,3.678884028e-13,6.303222316e-13,4.180510603e-13,3.14262801e-13,5.800826027e-14,4.273887427e-13,1.593038355e-13,5.648994511e-14,1.95920313e-14,2.341989721e-13,3.402028803e-14,8.560817567e-14,2.50746547e-13,3.990364114e-13,5.81567497e-13,1.085067227e-13,2.506243427e-13,5.408338262e-14
170.84375,6.208058991e-13,1.454391569e-13,4.033988951e-13,4.821696906e-13,3.189611595e-13,3.365744603e-13,1.295834994e-13,2.290780397e-13,9.814548891e-14,3.679214927e-13,8.064829604e-14,1.557578595e-13,9.421792104e-14,3.264034132e-13,3.73019406e-13,6.412294173e-13,4.235385567e-13,3.138801413e-13,5.770570635e-14,4.289045708e-13,1.60082412e-13,5.620558928e-14,1.966355142e-14,2.36708306e-13,3.439490321e-14,8.484427178e-14,2.526137347e-13,3.997860007e-13,5.840731569e-13,1.074150774e-13,2.503287604e-13,5.397727837e-14
170.8515625,6.174569613e-13,1.474125838e-13,4.037202028e-13,4.858637105e-13,3.175678222e-13,3.359479867e-13,1.293553729e-13,2.304389168e-13,9.878346291e-14,3.680111903e-13,8.191383786e-14,1.55843453e-13,9.394800611e-14,3.239696214e-13,3.784425505e-13,6.524848689e-13,4.294243676e-13,3.13725994e-13,5.747386616e-14,4.305352589e-13,1.608922091e-13,5.595343153e-14,1.974089466e-14,2.391225148e-13,3.480579268e-14,8.409295748e-14,2.544307405e-13,4.003504444e-13,5.862003247e-13,1.062961272e-13,2.501053053e-13,5.38582068e-14
170.859375,6.141708117e-13,1.495331193e-13,4.039373076e-13,4.893452138e-13,3.159060127e-13,3.354134338e-13,1.290433631e-13,2.317169553e-13,9.930394972e-14,3.678531223e-13,8.329821776e-14,1.558026042e-13,9.372497399e-14,3.214969417e-13,3.840659395e-13,6.639669741e-13,4.35690878e-13,3.137160202e-13,5.725460854e-14,4.31785329e-13,1.617315262e-13,5.563411989e-14,1.980332746e-14,2.414627122e-13,3.523694037e-14,8.333452869e-14,2.562149452e-13,4.00724607e-13,5.880414963e-13,1.051353647e-13,2.496552343e-13,5.368763841e-14
170.8671875,6.109388236e-13,1.516212559e-13,4.040090098e-13,4.926022641e-13,3.140786073e-13,3.350225553e-13,1.28745016e-13,2.329712782e-13,9.972384562e-14,3.674973165e-13,8.473314619e-14,1.555886292e-13,9.349044626e-14,3.189305103e-13,3.897878232e-13,6.75499181e-13,4.421656647e-13,3.137036583e-13,5.699457639e-14,4.330003639e-13,1.625471406e-13,5.526282686e-14,1.985873874e-14,2.438186208e-13,3.568981837e-14,8.264691943e-14,2.579665831e-13,4.00873406e-13,5.896054265e-13,1.039338646e-13,2.489965139e-13,5.355172047e-14
170.875,6.079207222e-13,1.537452573e-13,4.039292114e-13,4.955379972e-13,3.124229259e-13,3.346447375e-13,1.284399475e-13,2.34194209e-13,1.001342238e-13,3.669362813e-13,8.615571949e-14,1.553184413e-13,9.332170527e-14,3.1646837e-13,3.954688514e-13,6.869393248e-13,4.487178644e-13,3.137532045e-13,5.675557982e-14,4.343424058e-13,1.633128527e-13,5.490702627e-14,1.991467658e-14,2.461493139e-13,3.616735636e-14,8.203014204e-14,2.596141766e-13,4.0084154e-13,5.907875102e-13,1.026960102e-13,2.483317325e-13,5.348006016e-14
170.8828125,6.049640576e-13,1.560928411e-13,4.037202789e-13,4.982063075e-13,3.105442952e-13,3.342216454e-13,1.280582029e-13,2.352987957e-13,1.004797753e-13,3.662146579e-13,8.757731623e-14,1.549843154e-13,9.320573299e-14,3.138876015e-13,4.010887343e-13,6.98424933e-13,4.553663733e-13,3.137961225e-13,5.65261469e-14,4.352837789e-13,1.640098686e-13,5.45274926e-14,1.998320645e-14,2.483805957e-13,3.666182203e-14,8.146353396e-14,2.610893546e-13,4.007266006e-13,5.916106257e-13,1.014579074e-13,2.474871524e-13,5.340643809e-14
170.890625,6.022120862e-13,1.584395111e-13,4.035000693e-13,5.007474236e-13,3.084733835e-13,3.34100942e-13,1.276670091e-13,2.363357452e-13,1.007301595e-13,3.65375115e-13,8.907726384e-14,1.545322219e-13,9.307019382e-14,3.113790707e-13,4.069972376e-13,7.104562989e-13,4.62462086e-13,3.13851233e-13,5.624066908e-14,4.358194883e-13,1.646849961e-13,5.409507101e-14,2.008774207e-14,2.505540942e-13,3.719675237e-14,8.098046974e-14,2.625385837e-13,4.005935947e-13,5.920902179e-13,1.00234766e-13,2.463683702e-13,5.332969458e-14
170.8984375,5.998660625e-13,1.606869696e-13,4.033310117e-13,5.031148771e-13,3.066875453e-13,3.342742944e-13,1.272803904e-13,2.373442355e-13,1.009340963e-13,3.643293062e-13,9.069841055e-14,1.540273579e-13,9.298877755e-14,3.093140024e-13,4.133851653e-13,7.231063964e-13,4.7016282e-13,3.141199614e-13,5.59591256e-14,4.363448868e-13,1.65440378e-13,5.36474353e-14,2.021805226e-14,2.527351699e-13,3.779228495e-14,8.057024726e-14,2.640877725e-13,4.003776185e-13,5.922678976e-13,9.897964731e-14,2.451701659e-13,5.328006823e-14
170.90625,5.974484943e-13,1.63108382e-13,4.03073659e-13,5.051589919e-13,3.048293052e-13,3.342913519e-13,1.268490625e-13,2.382488905e-13,1.010687305e-13,3.629968982e-13,9.241327681e-14,1.534933472e-13,9.300095669e-14,3.073490188e-13,4.199218321e-13,7.357931316e-13,4.780442906e-13,3.144971095e-13,5.573915931e-14,4.368397465e-13,1.662406064e-13,5.319095726e-14,2.034606494e-14,2.549007872e-13,3.842791663e-14,8.020828516e-14,2.655852682e-13,3.999112941e-13,5.922662254e-13,9.767449923e-14,2.439390301e-13,5.323266888e-14
170.9140625,5.948304718e-13,1.656010861e-13,4.027340372e-13,5.06860593e-13,3.02630638e-13,3.342650957e-13,1.264460271e-13,2.39074341e-13,1.011179286e-13,3.613944143e-13,9.417320503e-14,1.529022326e-13,9.303980293e-14,3.053842868e-13,4.264304074e-13,7.482758671e-13,4.858972194e-13,3.148631356e-13,5.550954805e-14,4.372111667e-13,1.66981926e-13,5.271867795e-14,2.048286291e-14,2.56976699e-13,3.910024893e-14,7.991394772e-14,2.670325435e-13,3.991327101e-13,5.921705777e-13,9.635498796e-14,2.426939754e-13,5.318501641e-14
170.921875,5.92544171e-13,1.67910793e-13,4.025207594e-13,5.08423196e-13,3.005618513e-13,3.345765136e-13,1.260750173e-13,2.398748871e-13,1.011147685e-13,3.596015341e-13,9.594671956e-14,1.52279038e-13,9.312387871e-14,3.037609279e-13,4.330758055e-13,7.608329545e-13,4.939641412e-13,3.1540234e-13,5.522564991e-14,4.37431733e-13,1.677236617e-13,5.222789577e-14,2.064186978e-14,2.589192532e-13,3.980445395e-14,7.965215199e-14,2.685979019e-13,3.981807234e-13,5.919453248e-13,9.502344564e-14,2.414730128e-13,5.315686062e-14
170.9296875,5.904834488e-13,1.702747439e-13,4.023445199e-13,5.100798528e-13,2.985637035e-13,3.350292515e-13,1.256086437e-13,2.405827468e-13,1.010364019e-13,3.577313386e-13,9.774674979e-14,1.51593986e-13,9.325509481e-14,3.021415343e-13,4.39767621e-13,7.73489734e-13,5.021931148e-13,3.160485924e-13,5.492916222e-14,4.374416848e-13,1.685304285e-13,5.168599537e-14,2.080163086e-14,2.607656683e-13,4.049293521e-14,7.938416746e-14,2.701111842e-13,3.972379264e-13,5.914119057e-13,9.366459442e-14,2.400937757e-13,5.312415706e-14
170.9375,5.883198896e-13,1.728687446e-13,4.019278738e-13,5.116215334e-13,2.963283398e-13,3.353482578e-13,1.250464604e-13,2.411836816e-13,1.00877416e-13,3.557314913e-13,9.960580703e-14,1.50804694e-13,9.333822515e-14,3.002718064e-13,4.462830216e-13,7.859932949e-13,5.103745496e-13,3.166510424e-13,5.464665417e-14,4.37397681e-13,1.693107859e-13,5.109570874e-14,2.094965838e-14,2.626055834e-13,4.115889651e-14,7.917583789e-14,2.714762084e-13,3.962713365e-13,5.905402145e-13,9.230453079e-14,2.385178327e-13,5.307433098e-14
170.9453125,5.86263812e-13,1.754898323e-13,4.013583755e-13,5.12668145e-13,2.941723975e-13,3.355827564e-13,1.244458745e-13,2.41749976e-13,1.007039299e-13,3.534352568e-13,1.015260479e-13,1.500064845e-13,9.33887861e-14,2.986527491e-13,4.527098043e-13,7.982262679e-13,5.185293329e-13,3.17437898e-13,5.437624991e-14,4.373432969e-13,1.700427382e-13,5.050372665e-14,2.109403054e-14,2.644539069e-13,4.184491771e-14,7.905558826e-14,2.729352127e-13,3.950771715e-13,5.895308512e-13,9.097215466e-14,2.369529742e-13,5.302542042e-14
170.953125,5.840580798e-13,1.780203664e-13,4.008634743e-13,5.134859394e-13,2.921110127e-13,3.357431699e-13,1.237961349e-13,2.42322005e-13,1.005415235e-13,3.509224818e-13,1.034706311e-13,1.492546325e-13,9.347891017e-14,2.97231937e-13,4.591884377e-13,8.103138736e-13,5.265681457e-13,3.183541763e-13,5.40901904e-14,4.372055813e-13,1.707999456e-13,4.990775625e-14,2.124039431e-14,2.662677215e-13,4.255134996e-14,7.896155216e-14,2.743397576e-13,3.9360282e-13,5.883571841e-13,8.966239914e-14,2.353915967e-13,5.297353517e-14
170.9609375,5.814076086e-13,1.803905298e-13,4.003111723e-13,5.144434102e-13,2.897583761e-13,3.359028197e-13,1.231319585e-13,2.42929606e-13,1.003589714e-13,3.483142896e-13,1.053676081e-13,1.48421625e-13,9.357732848e-14,2.955240488e-13,4.65645611e-13,8.2250001e-13,5.345074349e-13,3.190396123e-13,5.373670846e-14,4.372764859e-13,1.715351797e-13,4.927937982e-14,2.139456857e-14,2.680907392e-13,4.326378775e-14,7.8883813e-14,2.754006702e-13,3.918894438e-13,5.868438886e-13,8.834260602e-14,2.336967312e-13,5.292384073e-14
170.96875,5.792196463e-13,1.826185733e-13,3.995032777e-13,5.15174994e-13,2.873136294e-13,3.362808861e-13,1.224675903e-13,2.434754223e-13,1.000836727e-13,3.454700797e-13,1.072035476e-13,1.474057899e-13,9.370810056e-14,2.938441389e-13,4.720336621e-13,8.348122553e-13,5.428037196e-13,3.197982159e-13,5.334099336e-14,4.374713385e-13,1.722061563e-13,4.861840646e-14,2.155459661e-14,2.698795257e-13,4.40080021e-14,7.884324419e-14,2.763985208e-13,3.899645769e-13,5.850112315e-13,8.698882298e-14,2.318026204e-13,5.289829679e-14
170.9765625,5.780321823e-13,1.851474147e-13,3.986600738e-13,5.155295903e-13,2.850448802e-13,3.368605134e-13,1.217666401e-13,2.437405884e-13,9.962842553e-14,3.424084665e-13,1.091229472e-13,1.462749661e-13,9.398841752e-14,2.926082311e-13,4.78535253e-13,8.471538653e-13,5.516587383e-13,3.211720394e-13,5.300313869e-14,4.371643914e-13,1.729252006e-13,4.792337267e-14,2.171406167e-14,2.713791104e-13,4.480642075e-14,7.885268863e-14,2.775192612e-13,3.881427444e-13,5.828640187e-13,8.565296945e-14,2.296762993e-13,5.287973635e-14
170.984375,5.768704754e-13,1.88223363e-13,3.981153956e-13,5.160178495e-13,2.827414957e-13,3.37450547e-13,1.210880638e-13,2.437742259e-13,9.905302159e-14,3.393591408e-13,1.11221441e-13,1.451583496e-13,9.440931944e-14,2.916052385e-13,4.853408787e-13,8.596818389e-13,5.607382477e-13,3.229536648e-13,5.273010228e-14,4.365994532e-13,1.737306488e-13,4.720518706e-14,2.188181365e-14,2.725774709e-13,4.564935739e-14,7.896038631e-14,2.785258853e-13,3.866607207e-13,5.804361031e-13,8.440372515e-14,2.275297341e-13,5.284974574e-14
170.9921875,5.751249949e-13,1.912847318e-13,3.977531333e-13,5.165539855e-13,2.80376557e-13,3.380060368e-13,1.204612998e-13,2.438459865e-13,9.850100711e-14,3.362297773e-13,1.13334972e-13,1.440769051e-13,9.483341916e-14,2.906659471e-13,4.923511813e-13,8.724756728e-13,5.698448075e-13,3.247064471e-13,5.242101485e-14,4.36434896e-13,1.74513366e-13,4.64864201e-14,2.205636976e-14,2.73789388e-13,4.651737873e-14,7.913695504e-14,2.794097859e-13,3.85016429e-13,5.778651831e-13,8.319728109e-14,2.255611956e-13,5.28299441e-14
171,5.733684913e-13,1.93812216e-13,3.972079729e-13,5.16651395e-13,2.780644294e-13,3.386404879e-13,1.197956181e-13,2.439848736e-13,9.793960044e-14,3.328300547e-13,1.153275742e-13,1.429116516e-13,9.519744225e-14,2.897974933e-13,4.994331777e-13,8.854090101e-13,5.791572691e-13,3.26482945e-13,5.204295096e-14,4.362987111e-13,1.752425892e-13,4.574369606e-14,2.221921231e-14,2.7507e-13,4.740736836e-14,7.928284109e-14,2.802632312e-13,3.82813509e-13,5.750327405e-13,8.197062017e-14,2.235206533e-13,5.282786388e-14
171.0078125,5.721204615e-13,1.960942267e-13,3.964246433e-13,5.166400432e-13,2.756720532e-13,3.395020554e-13,1.190912662e-13,2.440724651e-13,9.72782788e-14,3.293057579e-13,1.173325943e-13,1.416088659e-13,9.556993203e-14,2.890009663e-13,5.06715544e-13,8.985512085e-13,5.88857922e-13,3.285181511e-13,5.166769691e-14,4.357736564e-13,1.75974474e-13,4.495930175e-14,2.238006332e-14,2.76243257e-13,4.833574128e-14,7.945061434e-14,2.810656633e-13,3.805821658e-13,5.718056479e-13,8.077072597e-14,2.212652365e-13,5.283923683e-14
171.015625,5.713782079e-13,1.985376449e-13,3.95668321e-13,5.168491038e-13,2.732913185e-13,3.405575998e-13,1.184225304e-13,2.440963408e-13,9.657287107e-14,3.257654932e-13,1.194364004e-13,1.403005844e-13,9.603301946e-14,2.88506601e-13,5.141727704e-13,9.117347528e-13,5.987599964e-13,3.308551444e-13,5.133827094e-14,4.352137767e-13,1.767229149e-13,4.417960718e-14,2.256206589e-14,2.772850491e-13,4.930729471e-14,7.976913456e-14,2.819931237e-13,3.786511353e-13,5.683697815e-13,7.963122475e-14,2.19073011e-13,5.288608505e-14
171.0234375,5.707770398e-13,2.010826114e-13,3.951848458e-13,5.168425083e-13,2.71179956e-13,3.416211073e-13,1.17772984e-13,2.439902671e-13,9.58493268e-14,3.220791554e-13,1.215385835e-13,1.391020271e-13,9.659549174e-14,2.884150632e-13,5.21505885e-13,9.244702483e-13,6.084645908e-13,3.333804008e-13,5.102930741e-14,4.347174673e-13,1.774948772e-13,4.342398532e-14,2.276147286e-14,2.781245293e-13,5.030861913e-14,8.022235624e-14,2.830956356e-13,3.765694651e-13,5.648633819e-13,7.850368049e-14,2.17009565e-13,5.296712768e-14
171.03125,5.699013475e-13,2.036992164e-13,3.949093197e-13,5.165905874e-13,2.691361075e-13,3.426787301e-13,1.171067082e-13,2.436963962e-13,9.503622017e-14,3.1819865e-13,1.236215574e-13,1.37951654e-13,9.721684127e-14,2.883746614e-13,5.287124375e-13,9.369731875e-13,6.180386116e-13,3.35970331e-13,5.071654164e-14,4.341803889e-13,1.782829983e-13,4.264299278e-14,2.2969746e-14,2.78698433e-13,5.132712281e-14,8.073224637e-14,2.841243703e-13,3.742339786e-13,5.612668338e-13,7.738229432e-14,2.148483378e-13,5.304104127e-14
171.0390625,5.689462581e-13,2.065058317e-13,3.944907809e-13,5.165243044e-13,2.669163762e-13,3.437911079e-13,1.164246047e-13,2.433610269e-13,9.414158687e-14,3.141683031e-13,1.25698142e-13,1.367353623e-13,9.783062382e-14,2.882275978e-13,5.359878482e-13,9.49773451e-13,6.278907468e-13,3.385989608e-13,5.038288988e-14,4.337824245e-13,1.790213037e-13,4.18028716e-14,2.317846761e-14,2.792497457e-13,5.234567097e-14,8.12644226e-14,2.850589635e-13,3.719309408e-13,5.575020205e-13,7.629459211e-14,2.125074857e-13,5.309058391e-14
171.046875,5.683649853e-13,2.092428208e-13,3.938700664e-13,5.16355623e-13,2.647832795e-13,3.449117731e-13,1.157471695e-13,2.430718008e-13,9.322299032e-14,3.100387569e-13,1.27689685e-13,1.354685081e-13,9.838994992e-14,2.882930519e-13,5.432590093e-13,9.625507295e-13,6.379565479e-13,3.413472477e-13,5.000419362e-14,4.333278325e-13,1.797013021e-13,4.092470096e-14,2.336936415e-14,2.799041686e-13,5.336423364e-14,8.17954744e-14,2.860466059e-13,3.695018721e-13,5.535355721e-13,7.522357211e-14,2.100877394e-13,5.313182336e-14
171.0546875,5.679917821e-13,2.116046771e-13,3.933417686e-13,5.156794273e-13,2.628889544e-13,3.460751109e-13,1.151301188e-13,2.42704326e-13,9.229140631e-14,3.059316739e-13,1.296366878e-13,1.342486742e-13,9.893684198e-14,2.88687719e-13,5.504136197e-13,9.748420561e-13,6.478734301e-13,3.443183201e-13,4.959695742e-14,4.325197336e-13,1.803735194e-13,4.005180814e-14,2.355948057e-14,2.804356796e-13,5.441379229e-14,8.235384502e-14,2.871125333e-13,3.668720966e-13,5.496410082e-13,7.417549417e-14,2.0771762e-13,5.318145063e-14
171.0625,5.674471192e-13,2.137993498e-13,3.927628081e-13,5.148764441e-13,2.609006378e-13,3.472320119e-13,1.14568234e-13,2.421666223e-13,9.132341588e-14,3.018469689e-13,1.315822471e-13,1.330151557e-13,9.950306492e-14,2.890541207e-13,5.57408609e-13,9.86738152e-13,6.575026519e-13,3.474436901e-13,4.9194764e-14,4.316879347e-13,1.810040584e-13,3.918792532e-14,2.379049126e-14,2.807267497e-13,5.549319336e-14,8.300445038e-14,2.882834665e-13,3.64377679e-13,5.458215824e-13,7.318557728e-14,2.053047729e-13,5.324858051e-14
171.0703125,5.667847825e-13,2.160394747e-13,3.918183357e-13,5.142466046e-13,2.587362904e-13,3.481569518e-13,1.139800115e-13,2.414602575e-13,9.024985808e-14,2.976221324e-13,1.333815398e-13,1.316288e-13,1.000398488e-13,2.892358452e-13,5.64112022e-13,9.982017296e-13,6.667777279e-13,3.505493959e-13,4.878096119e-14,4.310272063e-13,1.815693801e-13,3.8282896e-14,2.404928143e-14,2.8082595e-13,5.656395274e-14,8.372720829e-14,2.894885101e-13,3.619482554e-13,5.415232079e-13,7.223596204e-14,2.026365259e-13,5.332781646e-14
171.078125,5.661750978e-13,2.182596991e-13,3.908916494e-13,5.135664594e-13,2.567850813e-13,3.489783768e-13,1.133724044e-13,2.406143341e-13,8.905666307e-14,2.932861854e-13,1.350652629e-13,1.302054331e-13,1.005748517e-13,2.895720375e-13,5.706166403e-13,1.009167581e-12,6.757682741e-13,3.537485913e-13,4.835505876e-14,4.302656382e-13,1.821462637e-13,3.733805471e-14,2.43005877e-14,2.807607279e-13,5.762738388e-14,8.445099859e-14,2.906323003e-13,3.593491249e-13,5.368560632e-13,7.130015007e-14,1.999115966e-13,5.341292108e-14
171.0859375,5.655271232e-13,2.205399987e-13,3.903623701e-13,5.12763491e-13,2.550798604e-13,3.500341499e-13,1.12804913e-13,2.396901508e-13,8.784173205e-14,2.889939522e-13,1.368402288e-13,1.289071382e-13,1.011826196e-13,2.901501137e-13,5.7718431e-13,1.01999441e-12,6.84731846e-13,3.572126151e-13,4.79622212e-14,4.294294941e-13,1.827298722e-13,3.642049865e-14,2.456973044e-14,2.805981718e-13,5.871595937e-14,8.518767173e-14,2.918875033e-13,3.568259376e-13,5.324575629e-13,7.038945512e-14,1.974089743e-13,5.351359636e-14
171.09375,5.646379172e-13,2.228369901e-13,3.89937205e-13,5.11867767e-13,2.532142811e-13,3.51210896e-13,1.122456018e-13,2.386715806e-13,8.660415487e-14,2.846527227e-13,1.386290972e-13,1.276069751e-13,1.01807079e-13,2.906248878e-13,5.837083899e-13,1.030797952e-12,6.936937763e-13,3.607173048e-13,4.758000004e-14,4.286436022e-13,1.832360683e-13,3.551917185e-14,2.488557079e-14,2.803227609e-13,5.983520392e-14,8.600054708e-14,2.933598899e-13,3.543892254e-13,5.281330241e-13,6.950376274e-14,1.949091877e-13,5.362770844e-14
171.1015625,5.635690488e-13,2.247594162e-13,3.89440256e-13,5.107248743e-13,2.511787039e-13,3.522228931e-13,1.116658709e-13,2.375040103e-13,8.524985402e-14,2.801206222e-13,1.402672431e-13,1.262272727e-13,1.023877723e-13,2.910460999e-13,5.899721778e-13,1.041257798e-12,7.02530743e-13,3.641689444e-13,4.714710066e-14,4.276651477e-13,1.836829167e-13,3.456445948e-14,2.521564887e-14,2.79865404e-13,6.097659278e-14,8.688081291e-14,2.94900143e-13,3.516204466e-13,5.236181877e-13,6.864200327e-14,1.923045241e-13,5.374106508e-14
171.109375,5.626577654e-13,2.263244937e-13,3.890023196e-13,5.093789086e-13,2.493106407e-13,3.530769092e-13,1.111221309e-13,2.362794566e-13,8.383476057e-14,2.75514562e-13,1.418252455e-13,1.249122628e-13,1.029791533e-13,2.91777162e-13,5.961529764e-13,1.051406101e-12,7.112641396e-13,3.678832108e-13,4.668491776e-14,4.264463906e-13,1.841211418e-13,3.357486579e-14,2.553742812e-14,2.793399576e-13,6.214532419e-14,8.778501958e-14,2.964980874e-13,3.485732165e-13,5.193530829e-13,6.782007513e-14,1.898704281e-13,5.386607166e-14
171.1171875,5.620839571e-13,2.280313189e-13,3.886478304e-13,5.081186891e-13,2.476978437e-13,3.539420716e-13,1.106410519e-13,2.350901658e-13,8.246999269e-14,2.709517595e-13,1.43383231e-13,1.236828856e-13,1.036367716e-13,2.928096584e-13,6.025268357e-13,1.061677323e-12,7.19939238e-13,3.719385707e-13,4.624533668e-14,4.253656472e-13,1.845537871e-13,3.262178889e-14,2.587379166e-14,2.788239897e-13,6.335168991e-14,8.874556077e-14,2.98211417e-13,3.456483777e-13,5.153493877e-13,6.703009773e-14,1.876163394e-13,5.402709346e-14
171.125,5.617801485e-13,2.299117945e-13,3.885155758e-13,5.070210222e-13,2.463113398e-13,3.550104636e-13,1.101852026e-13,2.338699191e-13,8.114876262e-14,2.663744769e-13,1.449457226e-13,1.224956192e-13,1.043953616e-13,2.940291298e-13,6.090777208e-13,1.072176904e-12,7.286451034e-13,3.762171699e-13,4.585195687e-14,4.245988014e-13,1.849860927e-13,3.172738387e-14,2.623006216e-14,2.782415456e-13,6.459964233e-14,8.979902035e-14,2.999568493e-13,3.429206668e-13,5.112471632e-13,6.625912211e-14,1.854569073e-13,5.422399215e-14
171.1328125,5.615358041e-13,2.314783226e-13,3.886212562e-13,5.058984892e-13,2.450340112e-13,3.562249053e-13,1.097383445e-13,2.325600888e-13,7.982641208e-14,2.617512183e-13,1.464547852e-13,1.213941174e-13,1.052475199e-13,2.953648165e-13,6.155407816e-13,1.082440242e-12,7.373560895e-13,3.807111891e-13,4.551140662e-14,4.238675769e-13,1.853703705e-13,3.085708238e-14,2.659544722e-14,2.77591533e-13,6.588719221e-14,9.089897649e-14,3.017966695e-13,3.402079154e-13,5.072174161e-13,6.55111185e-14,1.835175494e-13,5.443353946e-14
171.140625,5.610164527e-13,2.326717491e-13,3.886299605e-13,5.046646549e-13,2.435603005e-13,3.572904315e-13,1.093186784e-13,2.311609434e-13,7.844802204e-14,2.570791441e-13,1.477673412e-13,1.2030792e-13,1.061241325e-13,2.966119782e-13,6.217272273e-13,1.092092384e-12,7.457766804e-13,3.852406601e-13,4.517880598e-14,4.229118635e-13,1.856664459e-13,2.995382309e-14,2.697903678e-14,2.767913651e-13,6.720972914e-14,9.201894285e-14,3.038983886e-13,3.373070598e-13,5.033621987e-13,6.478199674e-14,1.817035786e-13,5.463153135e-14
171.1484375,5.602982912e-13,2.339670857e-13,3.885881465e-13,5.034647813e-13,2.41998533e-13,3.583192934e-13,1.089401887e-13,2.29691552e-13,7.699539161e-14,2.523236378e-13,1.489467974e-13,1.191832031e-13,1.07047778e-13,2.979409064e-13,6.278819604e-13,1.101533381e-12,7.53997933e-13,3.897743489e-13,4.482238869e-14,4.219394869e-13,1.859577326e-13,2.902221925e-14,2.737955523e-14,2.757302392e-13,6.856204966e-14,9.320250035e-14,3.061616721e-13,3.342546983e-13,4.994291483e-13,6.409026748e-14,1.798926237e-13,5.482949708e-14
171.15625,5.598519264e-13,2.354304348e-13,3.887718562e-13,5.023124683e-13,2.407488481e-13,3.595622903e-13,1.086043911e-13,2.282564888e-13,7.557403149e-14,2.475302668e-13,1.501601059e-13,1.181278716e-13,1.080477523e-13,2.996592919e-13,6.342939205e-13,1.111331168e-12,7.624509721e-13,3.94597388e-13,4.447887269e-14,4.213505875e-13,1.862587049e-13,2.813191756e-14,2.778193333e-14,2.74687111e-13,6.993870984e-14,9.447260804e-14,3.083996278e-13,3.313342897e-13,4.954713956e-13,6.347221753e-14,1.782366627e-13,5.506813776e-14
171.1640625,5.59522017e-13,2.365775391e-13,3.889807237e-13,5.009922881e-13,2.396454044e-13,3.607127819e-13,1.083009062e-13,2.268731181e-13,7.421577283e-14,2.427105427e-13,1.512581252e-13,1.171165257e-13,1.089855801e-13,3.013972765e-13,6.406069038e-13,1.121109692e-12,7.708799403e-13,3.995377638e-13,4.412014467e-14,4.210374284e-13,1.864587489e-13,2.727918233e-14,2.819305167e-14,2.73861527e-13,7.132277717e-14,9.579934079e-14,3.107100167e-13,3.285035705e-13,4.916545996e-13,6.291006465e-14,1.76670454e-13,5.534337652e-14
171.171875,5.588909123e-13,2.373189743e-13,3.891364128e-13,4.995647769e-13,2.384490263e-13,3.616444465e-13,1.080107633e-13,2.253413039e-13,7.278830931e-14,2.377615258e-13,1.521399902e-13,1.16065363e-13,1.098543823e-13,3.02908124e-13,6.463563559e-13,1.130099225e-12,7.787814381e-13,4.042985078e-13,4.369491811e-14,4.204660588e-13,1.865637448e-13,2.640167567e-14,2.861895068e-14,2.728411616e-13,7.268939969e-14,9.712244393e-14,3.132432216e-13,3.255230258e-13,4.878744938e-13,6.2370728e-14,1.750391882e-13,5.560502438e-14
171.1796875,5.583299534e-13,2.380203335e-13,3.895091353e-13,4.983212725e-13,2.37425258e-13,3.627495746e-13,1.077271605e-13,2.235980928e-13,7.127110266e-14,2.327444266e-13,1.530162278e-13,1.150845716e-13,1.108577682e-13,3.04636272e-13,6.517766399e-13,1.138431185e-12,7.863796169e-13,4.091899726e-13,4.329001587e-14,4.195218118e-13,1.866366242e-13,2.551463456e-14,2.9047286e-14,2.713702804e-13,7.404973847e-14,9.841945681e-14,3.158676277e-13,3.225564687e-13,4.840928561e-13,6.186595268e-14,1.735271923e-13,5.584854683e-14
171.1875,5.580940664e-13,2.386934846e-13,3.900556069e-13,4.972153781e-13,2.366250874e-13,3.639294789e-13,1.074694258e-13,2.218541101e-13,6.978143853e-14,2.27834623e-13,1.539011879e-13,1.142356901e-13,1.119682009e-13,3.066098939e-13,6.572429184e-13,1.146686057e-12,7.938642957e-13,4.143055615e-13,4.296780055e-14,4.186019757e-13,1.866682407e-13,2.466045706e-14,2.947916642e-14,2.698403747e-13,7.544353786e-14,9.976971244e-14,3.184932661e-13,3.197469985e-13,4.805103381e-13,6.140564118e-14,1.721859838e-13,5.612431313e-14
171.1953125,5.576309241e-13,2.391545512e-13,3.907198858e-13,4.960333941e-13,2.35864817e-13,3.648261678e-13,1.072608259e-13,2.20203886e-13,6.834825653e-14,2.229847931e-13,1.546513418e-13,1.134633409e-13,1.130065922e-13,3.084461173e-13,6.626960501e-13,1.154857077e-12,8.009025009e-13,4.192788614e-13,4.265450693e-14,4.178773493e-13,1.867095046e-13,2.382898695e-14,2.992584326e-14,2.685043436e-13,7.687020338e-14,1.012305012e-13,3.213643979e-13,3.168954027e-13,4.77310029e-13,6.097940621e-14,1.708514133e-13,5.645284656e-14
171.203125,5.567718095e-13,2.395555674e-13,3.915969727e-13,4.94754021e-13,2.352283397e-13,3.65653655e-13,1.070908615e-13,2.185281581e-13,6.692396251e-14,2.18096945e-13,1.553376225e-13,1.127657081e-13,1.140351229e-13,3.102434571e-13,6.680544896e-13,1.162778177e-12,8.075728309e-13,4.241752498e-13,4.233630241e-14,4.171906016e-13,1.86784178e-13,2.30107882e-14,3.039529147e-14,2.671374831e-13,7.831096265e-14,1.02736051e-13,3.246016115e-13,3.139697467e-13,4.743710436e-13,6.056753629e-14,1.695911333e-13,5.680094114e-14
171.2109375,5.559855417e-13,2.400329857e-13,3.924026353e-13,4.934004998e-13,2.346439955e-13,3.665599422e-13,1.069322164e-13,2.167529174e-13,6.545834279e-14,2.132578237e-13,1.55979076e-13,1.120707048e-13,1.151533639e-13,3.12125448e-13,6.733078347e-13,1.170520991e-12,8.142768669e-13,4.292140317e-13,4.205932851e-14,4.164902215e-13,1.867885875e-13,2.220136337e-14,3.090218876e-14,2.655868061e-13,7.97845033e-14,1.042390859e-13,3.279751802e-13,3.110919416e-13,4.713647128e-13,6.015383678e-14,1.684427371e-13,5.713841342e-14
171.21875,5.553792863e-13,2.404673841e-13,3.930421818e-13,4.920769657e-13,2.339182121e-13,3.673202671e-13,1.068052386e-13,2.148590332e-13,6.39084743e-14,2.085158114e-13,1.564684082e-13,1.11329564e-13,1.163108753e-13,3.139533312e-13,6.783267787e-13,1.177863723e-12,8.208080575e-13,4.343201123e-13,4.180494965e-14,4.157339565e-13,1.867331906e-13,2.138523706e-14,3.143812787e-14,2.638896996e-13,8.129794928e-14,1.057871258e-13,3.31414447e-13,3.082967672e-13,4.683642256e-13,5.979028727e-14,1.673433361e-13,5.746362278e-14
171.2265625,5.546135271e-13,2.408256886e-13,3.939824661e-13,4.909098762e-13,2.33208007e-13,3.679505412e-13,1.067521616e-13,2.128199883e-13,6.232450866e-14,2.038049304e-13,1.568570118e-13,1.107253975e-13,1.175124392e-13,3.157983492e-13,6.831833798e-13,1.184622619e-12,8.267939272e-13,4.395442333e-13,4.15835721e-14,4.148600744e-13,1.867016618e-13,2.058294032e-14,3.196288219e-14,2.620481725e-13,8.282791259e-14,1.074394709e-13,3.351395072e-13,3.056403367e-13,4.659406585e-13,5.952951438e-14,1.664762506e-13,5.778154361e-14
171.234375,5.534192142e-13,2.411139131e-13,3.952666661e-13,4.897015872e-13,2.326219381e-13,3.685166055e-13,1.067394724e-13,2.107239506e-13,6.081695964e-14,1.990956835e-13,1.571992455e-13,1.103563377e-13,1.187751295e-13,3.176562113e-13,6.880600916e-13,1.1912149e-12,8.323723414e-13,4.448444541e-13,4.145024485e-14,4.141745406e-13,1.86604707e-13,1.983150788e-14,3.247467462e-14,2.601566586e-13,8.437381617e-14,1.092302582e-13,3.392355699e-13,3.029905233e-13,4.64299585e-13,5.928662131e-14,1.659046298e-13,5.811583052e-14
171.2421875,5.518659655e-13,2.411699212e-13,3.965187665e-13,4.882925646e-13,2.320920482e-13,3.689286222e-13,1.067060437e-13,2.087113418e-13,5.940650314e-14,1.94377462e-13,1.574006259e-13,1.100763087e-13,1.200341026e-13,3.19325826e-13,6.927672256e-13,1.197791251e-12,8.376153485e-13,4.498939041e-13,4.13939939e-14,4.139669928e-13,1.863731724e-13,1.91320157e-14,3.301540508e-14,2.583556364e-13,8.594081571e-14,1.111349477e-13,3.435536832e-13,3.000966478e-13,4.629421377e-13,5.897747023e-14,1.654016375e-13,5.851002094e-14
171.25,5.502475944e-13,2.409348118e-13,3.977722977e-13,4.869516806e-13,2.31716255e-13,3.692873159e-13,1.066912144e-13,2.067510097e-13,5.802961974e-14,1.896859953e-13,1.574089564e-13,1.098096041e-13,1.213025533e-13,3.209054739e-13,6.971033729e-13,1.203883941e-12,8.423471111e-13,4.547234397e-13,4.136645864e-14,4.138862435e-13,1.860893299e-13,1.846044072e-14,3.359016259e-14,2.565105075e-13,8.752037266e-14,1.130648932e-13,3.479447245e-13,2.970828292e-13,4.614719964e-13,5.867467936e-14,1.649410688e-13,5.894996645e-14
171.2578125,5.485396769e-13,2.405469593e-13,3.991732089e-13,4.857615534e-13,2.314974248e-13,3.696293607e-13,1.067671596e-13,2.047273803e-13,5.663741346e-14,1.851195581e-13,1.572562875e-13,1.095977653e-13,1.226356272e-13,3.225487708e-13,7.012608955e-13,1.209413044e-12,8.467435074e-13,4.596098661e-13,4.133314441e-14,4.135479839e-13,1.857746688e-13,1.778448499e-14,3.417196681e-14,2.544351596e-13,8.912477804e-14,1.14969295e-13,3.523861236e-13,2.941450466e-13,4.600699201e-13,5.844585699e-14,1.645992108e-13,5.936563517e-14
171.265625,5.464587998e-13,2.400127413e-13,4.006401547e-13,4.844272693e-13,2.312233661e-13,3.697671101e-13,1.069009588e-13,2.026566502e-13,5.52352811e-14,1.806512744e-13,1.56983314e-13,1.094760554e-13,1.240117886e-13,3.240861659e-13,7.053431313e-13,1.214672999e-12,8.509710368e-13,4.644576488e-13,4.129278714e-14,4.131379527e-13,1.854004506e-13,1.709026533e-14,3.47669012e-14,2.522750998e-13,9.076075091e-14,1.168906939e-13,3.569567248e-13,2.911489454e-13,4.59034332e-13,5.824775395e-14,1.643385178e-13,5.975593083e-14
171.2734375,5.4414145e-13,2.392760976e-13,4.021645575e-13,4.829950631e-13,2.307663876e-13,3.697102927e-13,1.070296593e-13,2.005875017e-13,5.386102305e-14,1.762096226e-13,1.566169359e-13,1.094907906e-13,1.254203619e-13,3.253602937e-13,7.092021943e-13,1.219669946e-12,8.547610727e-13,4.690774008e-13,4.130777687e-14,4.128490751e-13,1.849609614e-13,1.640888298e-14,3.539743453e-14,2.501990217e-13,9.240967403e-14,1.189151977e-13,3.617554965e-13,2.880494969e-13,4.584487803e-13,5.804573594e-14,1.642443877e-13,6.018231508e-14
171.28125,5.418901748e-13,2.384200526e-13,4.037854484e-13,4.817517761e-13,2.301999954e-13,3.695689699e-13,1.071949543e-13,1.984744584e-13,5.252532131e-14,1.719248851e-13,1.561456102e-13,1.096157837e-13,1.268519514e-13,3.264721301e-13,7.128874645e-13,1.224420407e-12,8.581475471e-13,4.735888153e-13,4.140401291e-14,4.125989028e-13,1.843920144e-13,1.576925223e-14,3.606374369e-14,2.480909797e-13,9.408945494e-14,1.210840322e-13,3.668247193e-13,2.849863819e-13,4.582220984e-13,5.785734852e-14,1.643490025e-13,6.064505491e-14
171.2890625,5.395581264e-13,2.374348318e-13,4.055120958e-13,4.805539763e-13,2.297955021e-13,3.693299705e-13,1.074633368e-13,1.963080415e-13,5.121289459e-14,1.678755843e-13,1.555751004e-13,1.097699368e-13,1.282674913e-13,3.276738888e-13,7.165772973e-13,1.229043834e-12,8.614664622e-13,4.781682324e-13,4.15104026e-14,4.1241875e-13,1.837064191e-13,1.516292797e-14,3.675846529e-14,2.45843812e-13,9.583167361e-14,1.233489965e-13,3.721208289e-13,2.819427323e-13,4.581337812e-13,5.771145073e-14,1.645261756e-13,6.110540149e-14
171.296875,5.369313839e-13,2.363024449e-13,4.073708821e-13,4.791701793e-13,2.296015965e-13,3.690207858e-13,1.077844264e-13,1.941366191e-13,4.9921747e-14,1.638276249e-13,1.549469178e-13,1.099890137e-13,1.297035293e-13,3.290889339e-13,7.202753223e-13,1.23352639e-12,8.646128376e-13,4.827838467e-13,4.161324213e-14,4.123603888e-13,1.830393411e-13,1.458278137e-14,3.746872237e-14,2.435379413e-13,9.759351578e-14,1.256644232e-13,3.776474888e-13,2.788988254e-13,4.58180209e-13,5.762422265e-14,1.648630548e-13,6.156381294e-14
171.3046875,5.341154158e-13,2.352137609e-13,4.093711373e-13,4.778137002e-13,2.292542807e-13,3.686693389e-13,1.08092016e-13,1.919358062e-13,4.86365533e-14,1.59619617e-13,1.542533938e-13,1.103472899e-13,1.312164566e-13,3.305217651e-13,7.239413011e-13,1.237972939e-12,8.674905695e-13,4.873716856e-13,4.178333911e-14,4.122847422e-13,1.823746171e-13,1.402957065e-14,3.817609211e-14,2.412552584e-13,9.933167006e-14,1.280435643e-13,3.835361819e-13,2.759529271e-13,4.587261048e-13,5.757388487e-14,1.654952688e-13,6.202074866e-14
171.3125,5.312248825e-13,2.341111994e-13,4.116536238e-13,4.766607949e-13,2.287678947e-13,3.683340055e-13,1.084633615e-13,1.896735443e-13,4.734048803e-14,1.554325945e-13,1.534690379e-13,1.108428345e-13,1.32796844e-13,3.318423443e-13,7.275548373e-13,1.242331768e-12,8.702405693e-13,4.920085851e-13,4.2007055e-14,4.121464733e-13,1.816004121e-13,1.348893297e-14,3.888934777e-14,2.389685474e-13,1.011024591e-13,1.304727867e-13,3.897401672e-13,2.730602009e-13,4.598916668e-13,5.753617302e-14,1.663414737e-13,6.24646054e-14
171.3203125,5.283017119e-13,2.327736512e-13,4.142611232e-13,4.754832377e-13,2.285572079e-13,3.681072957e-13,1.089572893e-13,1.873912143e-13,4.60743884e-14,1.514273904e-13,1.526252196e-13,1.114810571e-13,1.344359313e-13,3.332191449e-13,7.309946152e-13,1.246177013e-12,8.725967891e-13,4.966542879e-13,4.222194148e-14,4.12041143e-13,1.80774115e-13,1.296457903e-14,3.962513473e-14,2.366119176e-13,1.029357791e-13,1.329218594e-13,3.959764773e-13,2.701072541e-13,4.614104337e-13,5.751377061e-14,1.673465027e-13,6.292380911e-14
171.328125,5.253898015e-13,2.314481728e-13,4.168243732e-13,4.740984053e-13,2.285517656e-13,3.677340091e-13,1.094567893e-13,1.851057141e-13,4.488241947e-14,1.475378701e-13,1.517319929e-13,1.122516265e-13,1.360976206e-13,3.346343528e-13,7.341387594e-13,1.249515741e-12,8.743991038e-13,5.010935358e-13,4.248341721e-14,4.11935878e-13,1.799521835e-13,1.249285939e-14,4.036770248e-14,2.342353573e-13,1.04756584e-13,1.354079513e-13,4.022140239e-13,2.671337417e-13,4.632071649e-13,5.749228095e-14,1.684346837e-13,6.343130168e-14
171.3359375,5.222840019e-13,2.302241025e-13,4.192279247e-13,4.725686316e-13,2.284697317e-13,3.669261985e-13,1.099122981e-13,1.82803703e-13,4.373760215e-14,1.436892613e-13,1.507163388e-13,1.130826379e-13,1.377368588e-13,3.358010604e-13,7.369681117e-13,1.252649553e-12,8.759778968e-13,5.053231766e-13,4.287235852e-14,4.11815095e-13,1.790231571e-13,1.20747049e-14,4.111238498e-14,2.319279132e-13,1.065585489e-13,1.379446768e-13,4.086765056e-13,2.641436134e-13,4.65331266e-13,5.745927008e-14,1.694861972e-13,6.397116158e-14
171.34375,5.18728782e-13,2.286692811e-13,4.218465397e-13,4.709943423e-13,2.283763352e-13,3.659687908e-13,1.104425827e-13,1.805100643e-13,4.259718236e-14,1.398716913e-13,1.495607327e-13,1.139706293e-13,1.394340632e-13,3.36690763e-13,7.395469538e-13,1.255384621e-12,8.772743333e-13,5.09480085e-13,4.33398771e-14,4.118631828e-13,1.779475484e-13,1.16638891e-14,4.189043093e-14,2.295631191e-13,1.084256629e-13,1.405432129e-13,4.15426916e-13,2.610371035e-13,4.677425503e-13,5.743814559e-14,1.70634523e-13,6.451950472e-14
171.3515625,5.149139395e-13,2.269127505e-13,4.247374025e-13,4.695001715e-13,2.283453339e-13,3.651340013e-13,1.110590238e-13,1.782398277e-13,4.147251305e-14,1.361063825e-13,1.483929937e-13,1.150079938e-13,1.412902007e-13,3.375657093e-13,7.420777323e-13,1.257729358e-12,8.781303384e-13,5.135719326e-13,4.384261594e-14,4.120740438e-13,1.768472572e-13,1.125756993e-14,4.271103678e-14,2.27043388e-13,1.103512457e-13,1.432421184e-13,4.224361672e-13,2.578772156e-13,4.706086203e-13,5.743573611e-14,1.720078502e-13,6.507158962e-14
171.359375,5.110335402e-13,2.254003136e-13,4.277079331e-13,4.680991767e-13,2.283484594e-13,3.6421661e-13,1.116768691e-13,1.759815505e-13,4.039697435e-14,1.324858015e-13,1.472674059e-13,1.162340723e-13,1.432834597e-13,3.385078035e-13,7.447458227e-13,1.260159702e-12,8.78909815e-13,5.176159338e-13,4.445328078e-14,4.121510371e-13,1.757746669e-13,1.089662873e-14,4.354939765e-14,2.245951468e-13,1.122865709e-13,1.460397121e-13,4.297040057e-13,2.547737746e-13,4.740577403e-13,5.74369577e-14,1.734997049e-13,6.56165189e-14
171.3671875,5.068011794e-13,2.237988999e-13,4.30752484e-13,4.666071867e-13,2.283133839e-13,3.630813146e-13,1.12310009e-13,1.737427488e-13,3.936630848e-14,1.290189322e-13,1.460422185e-13,1.175791657e-13,1.453372322e-13,3.392666756e-13,7.473853807e-13,1.262541164e-12,8.795822975e-13,5.215180262e-13,4.517805918e-14,4.121336054e-13,1.746355249e-13,1.05730375e-14,4.438740262e-14,2.223299981e-13,1.142495382e-13,1.489000679e-13,4.371976471e-13,2.515980606e-13,4.77856495e-13,5.744032128e-14,1.750913568e-13,6.61559598e-14
171.375,5.021306481e-13,2.21816201e-13,4.337770567e-13,4.650934248e-13,2.281266591e-13,3.617695775e-13,1.129541418e-13,1.715386555e-13,3.837081393e-14,1.255676039e-13,1.446612302e-13,1.189950946e-13,1.473776008e-13,3.39667461e-13,7.496911137e-13,1.264456704e-12,8.797410897e-13,5.250374502e-13,4.592842849e-14,4.124092415e-13,1.733550132e-13,1.026544659e-14,4.522462679e-14,2.200663657e-13,1.162267273e-13,1.518204695e-13,4.449487582e-13,2.482736519e-13,4.819245166e-13,5.743897529e-14,1.767861214e-13,6.672323438e-14
171.3828125,4.973531168e-13,2.199177414e-13,4.367825641e-13,4.638458273e-13,2.279271145e-13,3.602949736e-13,1.135740192e-13,1.693712727e-13,3.744335174e-14,1.221564599e-13,1.432419437e-13,1.205545571e-13,1.493966618e-13,3.398781647e-13,7.517273023e-13,1.266153242e-12,8.795748156e-13,5.282469164e-13,4.672092143e-14,4.129857756e-13,1.719784574e-13,1.000671533e-14,4.607324708e-14,2.177858482e-13,1.181829989e-13,1.548131796e-13,4.529406839e-13,2.449993907e-13,4.8642007e-13,5.742763299e-14,1.785301792e-13,6.73304546e-14
171.390625,4.924879563e-13,2.183464652e-13,4.399747726e-13,4.626794908e-13,2.278258227e-13,3.587679268e-13,1.142410955e-13,1.672001518e-13,3.658039817e-14,1.18977957e-13,1.41818585e-13,1.223011992e-13,1.514743806e-13,3.400367958e-13,7.537842863e-13,1.26792356e-12,8.793479008e-13,5.313805661e-13,4.761897301e-14,4.135817281e-13,1.705793346e-13,9.802149138e-15,4.694012703e-14,2.155612802e-13,1.201592352e-13,1.578971063e-13,4.61055578e-13,2.418693348e-13,4.912931745e-13,5.74241111e-14,1.804823352e-13,6.794609684e-14
171.3984375,4.874022846e-13,2.168254367e-13,4.432168412e-13,4.612380011e-13,2.276020569e-13,3.571624105e-13,1.149788907e-13,1.649638459e-13,3.571133571e-14,1.160221647e-13,1.403482928e-13,1.241430756e-13,1.536437111e-13,3.400913495e-13,7.559197992e-13,1.269643138e-12,8.789430397e-13,5.344486871e-13,4.859051384e-14,4.142024403e-13,1.691561302e-13,9.604643883e-15,4.78197397e-14,2.133163918e-13,1.221934668e-13,1.611060103e-13,4.693813104e-13,2.387598662e-13,4.965509575e-13,5.744632769e-14,1.827242188e-13,6.854787668e-14
171.40625,4.822321857e-13,2.151577889e-13,4.463984328e-13,4.597648303e-13,2.273240921e-13,3.552827885e-13,1.157267671e-13,1.627065556e-13,3.483960348e-14,1.131477273e-13,1.388271602e-13,1.260675024e-13,1.558999976e-13,3.401317679e-13,7.579782683e-13,1.27117189e-12,8.783206051e-13,5.374565692e-13,4.961479309e-14,4.148975877e-13,1.67666971e-13,9.418734132e-15,4.871902858e-14,2.111079349e-13,1.242697389e-13,1.644321587e-13,4.779982347e-13,2.356062396e-13,5.023887545e-13,5.749557417e-14,1.850801844e-13,6.913868693e-14
171.4140625,4.769618702e-13,2.13303903e-13,4.497828413e-13,4.585201216e-13,2.272312599e-13,3.532473254e-13,1.165317256e-13,1.60535336e-13,3.403527281e-14,1.103737856e-13,1.372029743e-13,1.281693485e-13,1.582571559e-13,3.40217828e-13,7.598397986e-13,1.272402693e-12,8.774200184e-13,5.403374811e-13,5.070341386e-14,4.15495416e-13,1.660766368e-13,9.27653525e-15,4.964279449e-14,2.090505189e-13,1.263637252e-13,1.67798097e-13,4.866777099e-13,2.323837097e-13,5.086692851e-13,5.753201991e-14,1.875448522e-13,6.971957119e-14
171.421875,4.715174162e-13,2.113475122e-13,4.532867e-13,4.571878875e-13,2.271035934e-13,3.512654029e-13,1.174250659e-13,1.584418855e-13,3.328483129e-14,1.077553602e-13,1.354490612e-13,1.3040286e-13,1.606699906e-13,3.401740787e-13,7.615510888e-13,1.273464462e-12,8.76311661e-13,5.429263395e-13,5.182358334e-14,4.160161758e-13,1.643642524e-13,9.160078958e-15,5.058462362e-14,2.070662433e-13,1.284560293e-13,1.711432324e-13,4.953689803e-13,2.290769909e-13,5.151677529e-13,5.749465544e-14,1.901788627e-13,7.029897963e-14
171.4296875,4.660681466e-13,2.094936818e-13,4.567727154e-13,4.557348001e-13,2.268843616e-13,3.492657541e-13,1.183320919e-13,1.563814668e-13,3.25630992e-14,1.052462193e-13,1.33694065e-13,1.327190564e-13,1.631460827e-13,3.400527191e-13,7.632953137e-13,1.274762951e-12,8.754339443e-13,5.454153897e-13,5.300276049e-14,4.167295027e-13,1.625746171e-13,9.065875641e-15,5.156419574e-14,2.051770274e-13,1.305718361e-13,1.745168801e-13,5.043013154e-13,2.258183301e-13,5.221497096e-13,5.74133457e-14,1.929040102e-13,7.089587824e-14
171.4375,4.605603072e-13,2.077902312e-13,4.606303038e-13,4.546429599e-13,2.268927199e-13,3.4727281e-13,1.192720524e-13,1.543838506e-13,3.191897963e-14,1.028374389e-13,1.320565327e-13,1.352566997e-13,1.657685027e-13,3.400772287e-13,7.65122953e-13,1.276196821e-12,8.748004371e-13,5.480182601e-13,5.431856571e-14,4.176486809e-13,1.60775982e-13,9.026458697e-15,5.258329507e-14,2.034726128e-13,1.327443889e-13,1.77984158e-13,5.134201765e-13,2.226956196e-13,5.298213536e-13,5.738036504e-14,1.95775888e-13,7.150854735e-14
171.4453125,4.548994889e-13,2.061043677e-13,4.648327322e-13,4.538128312e-13,2.269479127e-13,3.453675027e-13,1.202906021e-13,1.524190544e-13,3.133813161e-14,1.005795057e-13,1.305012029e-13,1.380190379e-13,1.68465057e-13,3.400891872e-13,7.668732571e-13,1.277307907e-12,8.740281071e-13,5.505189458e-13,5.573768962e-14,4.18477179e-13,1.589379813e-13,9.029177901e-15,5.359329435e-14,2.018230148e-13,1.349412172e-13,1.814928838e-13,5.224842668e-13,2.19576802e-13,5.37866333e-13,5.738352006e-14,1.988298257e-13,7.211862577e-14
171.453125,4.492852244e-13,2.043850248e-13,4.688428863e-13,4.526651498e-13,2.266224649e-13,3.433037211e-13,1.21325611e-13,1.50412856e-13,3.074692397e-14,9.847838457e-14,1.289187754e-13,1.407863059e-13,1.711385014e-13,3.397891441e-13,7.68468988e-13,1.278185455e-12,8.730757632e-13,5.527458818e-13,5.718597963e-14,4.191449895e-13,1.570234928e-13,9.036936443e-15,5.459228442e-14,2.001970304e-13,1.371514541e-13,1.850060395e-13,5.314769535e-13,2.163934123e-13,5.461072453e-13,5.735085619e-14,2.019345665e-13,7.272225106e-14
171.4609375,4.434514041e-13,2.027100335e-13,4.727889529e-13,4.513017691e-13,2.260451785e-13,3.409212389e-13,1.223677245e-13,1.484097868e-13,3.016311554e-14,9.651985976e-14,1.272579351e-13,1.435156592e-13,1.738275229e-13,3.391812267e-13,7.69966926e-13,1.27903781e-12,8.717438354e-13,5.546397859e-13,5.865457649e-14,4.199895225e-13,1.551223839e-13,9.054072858e-15,5.561733111e-14,1.986813133e-13,1.393777781e-13,1.886000077e-13,5.404708065e-13,2.132615646e-13,5.547046925e-13,5.730187675e-14,2.050753842e-13,7.333813499e-14
171.46875,4.369514167e-13,2.010774333e-13,4.771601418e-13,4.502108985e-13,2.25582935e-13,3.384799158e-13,1.234708066e-13,1.464765755e-13,2.963269718e-14,9.472716856e-14,1.255722488e-13,1.463446976e-13,1.76505369e-13,3.384688716e-13,7.714168863e-13,1.27968898e-12,8.696851192e-13,5.561035313e-13,6.013162486e-14,4.211757123e-13,1.532992417e-13,9.09906564e-15,5.665200536e-14,1.970984701e-13,1.415537004e-13,1.922761852e-13,5.494573884e-13,2.101723825e-13,5.636026403e-13,5.727546582e-14,2.082258394e-13,7.399489111e-14
171.4765625,4.302916405e-13,1.993881689e-13,4.818827363e-13,4.493017107e-13,2.253280693e-13,3.362016386e-13,1.24643099e-13,1.445957821e-13,2.914120568e-14,9.310903575e-14,1.239083614e-13,1.492961228e-13,1.791727463e-13,3.378602283e-13,7.729442215e-13,1.28022132e-12,8.673270041e-13,5.574049463e-13,6.162471227e-14,4.223857027e-13,1.514734686e-13,9.17493764e-15,5.768714958e-14,1.954122611e-13,1.436992004e-13,1.959409597e-13,5.584054084e-13,2.069738565e-13,5.726781021e-13,5.724040609e-14,2.113313481e-13,7.469008919e-14
171.484375,4.240492779e-13,1.977572451e-13,4.866302154e-13,4.482907675e-13,2.250857655e-13,3.339963277e-13,1.258999626e-13,1.427750943e-13,2.868840047e-14,9.160768928e-14,1.222561555e-13,1.523207792e-13,1.819526167e-13,3.373275502e-13,7.746877074e-13,1.280993123e-12,8.652357095e-13,5.588528155e-13,6.320472407e-14,4.233867175e-13,1.4956819e-13,9.28133812e-15,5.87476452e-14,1.939464234e-13,1.459183947e-13,1.995913697e-13,5.672637336e-13,2.03736918e-13,5.820336966e-13,5.718826866e-14,2.14580959e-13,7.5375705e-14
171.4921875,4.178567643e-13,1.963706698e-13,4.913265115e-13,4.47307614e-13,2.246048504e-13,3.317020067e-13,1.272224146e-13,1.410382158e-13,2.828881837e-14,9.01831067e-14,1.206366971e-13,1.554132356e-13,1.847992737e-13,3.366281791e-13,7.765873291e-13,1.282012435e-12,8.632431587e-13,5.603018909e-13,6.488348793e-14,4.243367813e-13,1.475988691e-13,9.413525985e-15,5.981737302e-14,1.926963437e-13,1.481785994e-13,2.03309921e-13,5.7597284e-13,2.00667337e-13,5.916449636e-13,5.715627255e-14,2.180445441e-13,7.60339986e-14
171.5,4.114609241e-13,1.950230666e-13,4.961459265e-13,4.464639761e-13,2.239653994e-13,3.293119229e-13,1.285398348e-13,1.393298969e-13,2.791996707e-14,8.887817419e-14,1.190502478e-13,1.585779222e-13,1.876276845e-13,3.358383839e-13,7.785122585e-13,1.283105027e-12,8.611490735e-13,5.61739225e-13,6.658117948e-14,4.253899757e-13,1.45619065e-13,9.563112462e-15,6.088359479e-14,1.91385927e-13,1.504314025e-13,2.071651255e-13,5.845593495e-13,1.976887477e-13,6.014385812e-13,5.714011744e-14,2.215425783e-13,7.670485549e-14
171.5078125,4.051632718e-13,1.935235699e-13,5.012757844e-13,4.456201085e-13,2.235008683e-13,3.269653221e-13,1.298857497e-13,1.376026149e-13,2.755986719e-14,8.771386615e-14,1.174676319e-13,1.618159333e-13,1.905552924e-13,3.352869471e-13,7.804986667e-13,1.284281681e-12,8.591314996e-13,5.634272339e-13,6.827704983e-14,4.265635911e-13,1.436773789e-13,9.727803829e-15,6.19603622e-14,1.900772778e-13,1.527476874e-13,2.111120374e-13,5.931415893e-13,1.946488899e-13,6.115815776e-13,5.711469253e-14,2.250850928e-13,7.739199296e-14
171.515625,3.989031597e-13,1.922043057e-13,5.065673754e-13,4.448147123e-13,2.232252694e-13,3.246876053e-13,1.313225404e-13,1.35887978e-13,2.720227504e-14,8.665833582e-14,1.159486852e-13,1.650893054e-13,1.935926065e-13,3.348462389e-13,7.826044945e-13,1.285551985e-12,8.571872208e-13,5.652025282e-13,7.003971692e-14,4.278467838e-13,1.417509611e-13,9.910127007e-15,6.302776138e-14,1.888631214e-13,1.551165316e-13,2.149903333e-13,6.017615777e-13,1.916762151e-13,6.220930675e-13,5.707458049e-14,2.28680912e-13,7.805834841e-14
171.5234375,3.923585789e-13,1.913013018e-13,5.117040325e-13,4.44149103e-13,2.227910397e-13,3.222214196e-13,1.327772935e-13,1.342269641e-13,2.685254546e-14,8.573030433e-14,1.145027941e-13,1.683475411e-13,1.965763137e-13,3.340645829e-13,7.845811268e-13,1.286645274e-12,8.549301051e-13,5.664997644e-13,7.186440753e-14,4.291506216e-13,1.397589305e-13,1.011045888e-14,6.408745438e-14,1.876389333e-13,1.57428046e-13,2.188088069e-13,6.103530458e-13,1.888156692e-13,6.327924594e-13,5.700047037e-14,2.321890644e-13,7.87257124e-14
171.53125,3.856188015e-13,1.904777098e-13,5.167991136e-13,4.433961901e-13,2.2209286e-13,3.194237769e-13,1.341962812e-13,1.326366492e-13,2.654641798e-14,8.497220729e-14,1.130282659e-13,1.716650605e-13,1.994531001e-13,3.32972102e-13,7.861419592e-13,1.287226497e-12,8.521551212e-13,5.671120498e-13,7.365641582e-14,4.304302262e-13,1.376969184e-13,1.032763142e-14,6.516888335e-14,1.865036072e-13,1.596500114e-13,2.227423836e-13,6.189159215e-13,1.85857708e-13,6.436921208e-13,5.690246454e-14,2.357260787e-13,7.943438978e-14
171.5390625,3.789389746e-13,1.894509093e-13,5.222630326e-13,4.423980957e-13,2.21459629e-13,3.166502175e-13,1.356654901e-13,1.311059583e-13,2.630053506e-14,8.438698759e-14,1.115533755e-13,1.751489792e-13,2.022728032e-13,3.320582128e-13,7.876028424e-13,1.287522391e-12,8.493580956e-13,5.675526834e-13,7.542829002e-14,4.31736721e-13,1.35613839e-13,1.057251197e-14,6.624331463e-14,1.855671096e-13,1.61836229e-13,2.267252812e-13,6.27426453e-13,1.828218321e-13,6.548206088e-13,5.684108799e-14,2.394413608e-13,8.014762687e-14
171.546875,3.723277305e-13,1.884226611e-13,5.279679136e-13,4.413345884e-13,2.209981526e-13,3.141707576e-13,1.372385818e-13,1.29588658e-13,2.607658759e-14,8.396447563e-14,1.101348201e-13,1.786928437e-13,2.050950683e-13,3.313951331e-13,7.894179671e-13,1.288127705e-12,8.469937229e-13,5.68263073e-13,7.726743149e-14,4.330302732e-13,1.335030578e-13,1.08534353e-14,6.730830157e-14,1.846670475e-13,1.640579713e-13,2.306066904e-13,6.357127504e-13,1.799265389e-13,6.660984375e-13,5.680253918e-14,2.431256567e-13,8.083421176e-14
171.5546875,3.657211763e-13,1.875803456e-13,5.333104183e-13,4.402353728e-13,2.203451062e-13,3.116043481e-13,1.388527161e-13,1.280691265e-13,2.584195769e-14,8.364921282e-14,1.086690216e-13,1.820956037e-13,2.079317223e-13,3.305063407e-13,7.913107974e-13,1.289046584e-12,8.446564593e-13,5.688067793e-13,7.911991884e-14,4.342645695e-13,1.313757723e-13,1.114148836e-14,6.842242013e-14,1.837717438e-13,1.663154038e-13,2.3451283e-13,6.437036339e-13,1.771426694e-13,6.77527775e-13,5.671086586e-14,2.465763e-13,8.154819352e-14
171.5625,3.592329982e-13,1.867602694e-13,5.383439982e-13,4.390638305e-13,2.194801466e-13,3.087231867e-13,1.404751787e-13,1.265851082e-13,2.560483831e-14,8.33628186e-14,1.071537501e-13,1.854120179e-13,2.107638224e-13,3.293671246e-13,7.929580573e-13,1.289846427e-12,8.42051716e-13,5.68830041e-13,8.091792621e-14,4.354330142e-13,1.292935643e-13,1.141647144e-14,6.955235262e-14,1.830259539e-13,1.685368451e-13,2.384997426e-13,6.514571057e-13,1.743287068e-13,6.890660784e-13,5.658236407e-14,2.499123895e-13,8.231393811e-14
171.5703125,3.529335726e-13,1.859091731e-13,5.436684768e-13,4.38073807e-13,2.187925818e-13,3.059534992e-13,1.421335424e-13,1.251537285e-13,2.539859211e-14,8.312619183e-14,1.057175102e-13,1.888723332e-13,2.136646967e-13,3.284588499e-13,7.945896978e-13,1.290391692e-12,8.394888068e-13,5.687810778e-13,8.274408473e-14,4.364460409e-13,1.272472198e-13,1.171959196e-14,7.062669354e-14,1.82408341e-13,1.70707239e-13,2.423923827e-13,6.589784335e-13,1.715056333e-13,7.006957419e-13,5.647501626e-14,2.5334136e-13,8.306670751e-14
171.578125,3.465657183e-13,1.852292295e-13,5.491314812e-13,4.372063026e-13,2.181446621e-13,3.033364703e-13,1.437801368e-13,1.237809792e-13,2.525832298e-14,8.303074655e-14,1.043300807e-13,1.924746278e-13,2.165967546e-13,3.276162301e-13,7.961000333e-13,1.290658434e-12,8.368017966e-13,5.686881177e-13,8.460983451e-14,4.3737131e-13,1.251674896e-13,1.207236978e-14,7.169796787e-14,1.818653524e-13,1.728320655e-13,2.462150526e-13,6.663238873e-13,1.687588359e-13,7.125418034e-13,5.637587907e-14,2.567974604e-13,8.378734872e-14
171.5859375,3.399604161e-13,1.846734292e-13,5.542758463e-13,4.359843264e-13,2.171957212e-13,3.004281944e-13,1.453831406e-13,1.225076882e-13,2.517743535e-14,8.313282358e-14,1.029081182e-13,1.960318571e-13,2.19362746e-13,3.263537003e-13,7.971688611e-13,1.290733742e-12,8.337266749e-13,5.68090409e-13,8.642143307e-14,4.384094603e-13,1.230327527e-13,1.243024935e-14,7.283283861e-14,1.814371261e-13,1.748993735e-13,2.501218404e-13,6.735064362e-13,1.661278748e-13,7.24509197e-13,5.626571195e-14,2.60043552e-13,8.454175897e-14
171.59375,3.334273821e-13,1.841020893e-13,5.594067735e-13,4.344654595e-13,2.162274007e-13,2.974263361e-13,1.470687172e-13,1.213389845e-13,2.511854319e-14,8.340945731e-14,1.01479946e-13,1.995426307e-13,2.22057235e-13,3.250192633e-13,7.982157148e-13,1.291048284e-12,8.308180391e-13,5.672790154e-13,8.821800822e-14,4.394659446e-13,1.208777273e-13,1.277939216e-14,7.398837386e-14,1.81116716e-13,1.769820363e-13,2.540425788e-13,6.803890735e-13,1.635643769e-13,7.364303426e-13,5.615047999e-14,2.631805773e-13,8.533944557e-14
171.6015625,3.271990775e-13,1.836544324e-13,5.646922592e-13,4.331054594e-13,2.154745027e-13,2.947193892e-13,1.488731e-13,1.202169722e-13,2.506888488e-14,8.37684803e-14,1.000583773e-13,2.030894829e-13,2.248802623e-13,3.240424181e-13,7.996778013e-13,1.291784461e-12,8.284093289e-13,5.666633235e-13,9.00621997e-14,4.404336051e-13,1.187588346e-13,1.315136367e-14,7.510984517e-14,1.808876593e-13,1.791026578e-13,2.578660595e-13,6.87030311e-13,1.609821798e-13,7.484541511e-13,5.602481898e-14,2.664450534e-13,8.610698802e-14
171.609375,3.210764327e-13,1.832829745e-13,5.697394371e-13,4.319299581e-13,2.146720266e-13,2.919973802e-13,1.506471281e-13,1.191297248e-13,2.503650483e-14,8.420871807e-14,9.864193928e-14,2.065970042e-13,2.276730971e-13,3.230984411e-13,8.013057024e-13,1.292755284e-12,8.261596662e-13,5.659607769e-13,9.189525144e-14,4.414700936e-13,1.166973223e-13,1.354666027e-14,7.620712222e-14,1.807597606e-13,1.811540469e-13,2.616237129e-13,6.935536577e-13,1.584149501e-13,7.606053364e-13,5.589495911e-14,2.696613219e-13,8.681706485e-14
171.6171875,3.149243763e-13,1.828624048e-13,5.746302788e-13,4.30826791e-13,2.137416828e-13,2.890681699e-13,1.523927934e-13,1.181366838e-13,2.5029858e-14,8.483056911e-14,9.729497719e-14,2.100444469e-13,2.30348447e-13,3.219841177e-13,8.029434778e-13,1.293945277e-12,8.23993173e-13,5.650549666e-13,9.372521315e-14,4.425156126e-13,1.146503796e-13,1.395609092e-14,7.731082458e-14,1.807408532e-13,1.831459605e-13,2.653650808e-13,6.997845857e-13,1.55960309e-13,7.726969211e-13,5.576223146e-14,2.726694398e-13,8.752210994e-14
171.625,3.087801022e-13,1.827390214e-13,5.796485819e-13,4.298563333e-13,2.12807723e-13,2.862307502e-13,1.542250955e-13,1.17263182e-13,2.50549444e-14,8.55641932e-14,9.607493843e-14,2.13538981e-13,2.330914438e-13,3.208887606e-13,8.047608853e-13,1.295388738e-12,8.220281919e-13,5.64163313e-13,9.562681691e-14,4.434776186e-13,1.126005497e-13,1.439048834e-14,7.843452192e-14,1.8085673e-13,1.851743815e-13,2.691499713e-13,7.056860389e-13,1.536190733e-13,7.848200513e-13,5.561178693e-14,2.75647464e-13,8.827834608e-14
171.6328125,3.025942104e-13,1.829776886e-13,5.846013014e-13,4.288596638e-13,2.118359611e-13,2.834938131e-13,1.56087349e-13,1.164651244e-13,2.509846142e-14,8.627291728e-14,9.495703197e-14,2.170315006e-13,2.358530778e-13,3.197744447e-13,8.067550243e-13,1.297077365e-12,8.202652785e-13,5.632793818e-13,9.755231556e-14,4.446705957e-13,1.105806886e-13,1.484001345e-14,7.957898198e-14,1.810325608e-13,1.872153727e-13,2.730150126e-13,7.114317145e-13,1.513277286e-13,7.969764755e-13,5.546076538e-14,2.785692589e-13,8.909104653e-14
171.640625,2.964749974e-13,1.830442864e-13,5.893112115e-13,4.275814839e-13,2.108305396e-13,2.806902935e-13,1.579045724e-13,1.156952516e-13,2.513972501e-14,8.705602055e-14,9.38345007e-14,2.203691048e-13,2.384190831e-13,3.185375361e-13,8.086375881e-13,1.298896265e-12,8.187140033e-13,5.622851063e-13,9.940402829e-14,4.460817788e-13,1.085867902e-13,1.528279365e-14,8.073162663e-14,1.811721964e-13,1.892035075e-13,2.768395806e-13,7.168188293e-13,1.490373767e-13,8.08820438e-13,5.531807872e-14,2.811907703e-13,8.989768186e-14
171.6484375,2.906794967e-13,1.829555957e-13,5.937430319e-13,4.260896434e-13,2.09759229e-13,2.778634544e-13,1.59682353e-13,1.149358742e-13,2.517277301e-14,8.799971006e-14,9.265617042e-14,2.235757435e-13,2.407945382e-13,3.171682563e-13,8.099840714e-13,1.300220235e-12,8.170397447e-13,5.609756783e-13,1.011649483e-13,4.471639818e-13,1.066058663e-13,1.571913517e-14,8.185424067e-14,1.814216377e-13,1.910697978e-13,2.804873371e-13,7.216106751e-13,1.467833994e-13,8.203970079e-13,5.516492823e-14,2.835104702e-13,9.06314151e-14
171.65625,2.851130616e-13,1.831427158e-13,5.979399597e-13,4.246266056e-13,2.085315581e-13,2.749671616e-13,1.613826815e-13,1.141972114e-13,2.520689923e-14,8.899997627e-14,9.15353015e-14,2.267831967e-13,2.431127964e-13,3.15603085e-13,8.108141221e-13,1.300807289e-12,8.149550074e-13,5.592425367e-13,1.028723271e-13,4.478814631e-13,1.046704088e-13,1.616332799e-14,8.292090034e-14,1.819254074e-13,1.927804939e-13,2.840079848e-13,7.260624832e-13,1.446603415e-13,8.320524193e-13,5.502373751e-14,2.857450526e-13,9.132642257e-14
171.6640625,2.794883563e-13,1.834391075e-13,6.021792533e-13,4.232902111e-13,2.073574156e-13,2.719527446e-13,1.630440764e-13,1.135412692e-13,2.527484928e-14,9.005667877e-14,9.055202738e-14,2.299929708e-13,2.454359873e-13,3.139839675e-13,8.117859884e-13,1.301612602e-12,8.129454569e-13,5.574400437e-13,1.045748737e-13,4.487178205e-13,1.027908723e-13,1.663283106e-14,8.39637484e-14,1.825625736e-13,1.944642377e-13,2.874985172e-13,7.303560679e-13,1.42636038e-13,8.435621742e-13,5.490590839e-14,2.880298161e-13,9.207474804e-14
171.671875,2.738453788e-13,1.836569662e-13,6.064529436e-13,4.21986296e-13,2.063818405e-13,2.689927439e-13,1.647609313e-13,1.130261023e-13,2.53927752e-14,9.122822684e-14,8.96462282e-14,2.331013903e-13,2.477116658e-13,3.125399017e-13,8.131824575e-13,1.303179827e-12,8.114070736e-13,5.558078188e-13,1.062958169e-13,4.497562979e-13,1.009404119e-13,1.712757797e-14,8.502120915e-14,1.832371825e-13,1.961922127e-13,2.909539693e-13,7.343075379e-13,1.406322887e-13,8.54599102e-13,5.478038633e-14,2.902068685e-13,9.288758757e-14
171.6796875,2.683622679e-13,1.840809655e-13,6.105072569e-13,4.205648188e-13,2.053272979e-13,2.661535423e-13,1.66473313e-13,1.125864969e-13,2.552331649e-14,9.244848389e-14,8.88063973e-14,2.361190982e-13,2.49913289e-13,3.112227242e-13,8.145747527e-13,1.304781098e-12,8.100261636e-13,5.541503217e-13,1.080078107e-13,4.507170724e-13,9.910993445e-14,1.762424688e-14,8.608588957e-14,1.839687504e-13,1.978452792e-13,2.943758247e-13,7.378814768e-13,1.387289353e-13,8.655360034e-13,5.466755456e-14,2.921261999e-13,9.369973618e-14
171.6875,2.630155274e-13,1.846943138e-13,6.143837771e-13,4.189287022e-13,2.041076574e-13,2.632796599e-13,1.681271482e-13,1.121170267e-13,2.564696874e-14,9.3725709e-14,8.803627931e-14,2.391105334e-13,2.521024874e-13,3.099403118e-13,8.156787946e-13,1.305918548e-12,8.085413798e-13,5.523796743e-13,1.096462724e-13,4.514974058e-13,9.730291202e-14,1.811423135e-14,8.713869845e-14,1.847100128e-13,1.994131613e-13,2.977950571e-13,7.412183265e-13,1.369486171e-13,8.76564071e-13,5.457301114e-14,2.939822352e-13,9.448021869e-14
171.6953125,2.577564671e-13,1.852190622e-13,6.179059494e-13,4.171048906e-13,2.029158316e-13,2.602775697e-13,1.698007948e-13,1.116517844e-13,2.577893228e-14,9.512467138e-14,8.723690181e-14,2.419431926e-13,2.542109284e-13,3.086345984e-13,8.165620211e-13,1.306784844e-12,8.069288841e-13,5.504060573e-13,1.111719334e-13,4.52247728e-13,9.552152242e-14,1.860083791e-14,8.817283618e-14,1.854661501e-13,2.009721199e-13,3.011574168e-13,7.443090258e-13,1.351698498e-13,8.871089924e-13,5.442621163e-14,2.957750422e-13,9.524860091e-14
171.703125,2.526189562e-13,1.857395387e-13,6.207777092e-13,4.152580148e-13,2.016878542e-13,2.572357913e-13,1.715077916e-13,1.112797749e-13,2.591077173e-14,9.65999497e-14,8.639609163e-14,2.445117172e-13,2.561718764e-13,3.072133844e-13,8.17366377e-13,1.307550819e-12,8.051830916e-13,5.48035568e-13,1.126511207e-13,4.531294105e-13,9.376099258e-14,1.908222314e-14,8.919078793e-14,1.863420766e-13,2.024658773e-13,3.043941666e-13,7.471227928e-13,1.334104474e-13,8.971010822e-13,5.424245506e-14,2.972395384e-13,9.600821421e-14
171.7109375,2.475999611e-13,1.86337427e-13,6.234029117e-13,4.133556277e-13,2.00379932e-13,2.542642661e-13,1.731978177e-13,1.110082889e-13,2.606163904e-14,9.814685237e-14,8.562482465e-14,2.470029666e-13,2.581319529e-13,3.058464072e-13,8.182195289e-13,1.308359999e-12,8.03445127e-13,5.454443607e-13,1.14142758e-13,4.540536861e-13,9.201081412e-14,1.95795419e-14,9.018901959e-14,1.873742574e-13,2.038595865e-13,3.075221642e-13,7.496806338e-13,1.317210212e-13,9.07177578e-13,5.410355093e-14,2.985739496e-13,9.675295549e-14
171.71875,2.427757748e-13,1.868805322e-13,6.261642887e-13,4.110899965e-13,1.991953549e-13,2.513219638e-13,1.748690208e-13,1.108262283e-13,2.627462062e-14,9.977410511e-14,8.493794478e-14,2.495130669e-13,2.60077282e-13,3.047503501e-13,8.190210024e-13,1.309204907e-12,8.017192791e-13,5.428594995e-13,1.155625782e-13,4.547600928e-13,9.030968436e-14,2.010838198e-14,9.113540967e-14,1.88517462e-13,2.051826082e-13,3.105504728e-13,7.518365038e-13,1.300244456e-13,9.172669299e-13,5.397634487e-14,3.000063983e-13,9.751855065e-14
171.7265625,2.383178982e-13,1.874648715e-13,6.288544243e-13,4.085467875e-13,1.981291613e-13,2.483905103e-13,1.765230649e-13,1.107073169e-13,2.65085393e-14,1.01386234e-13,8.428844957e-14,2.519013122e-13,2.618572236e-13,3.037973882e-13,8.196598738e-13,1.30985673e-12,7.998736211e-13,5.402050944e-13,1.168901479e-13,4.551407224e-13,8.87165301e-14,2.064051317e-14,9.203493302e-14,1.896771383e-13,2.064163088e-13,3.134654319e-13,7.534767312e-13,1.283957897e-13,9.268465875e-13,5.380402084e-14,3.012673247e-13,9.832373441e-14
171.734375,2.341270675e-13,1.882083968e-13,6.314179905e-13,4.061255064e-13,1.970794328e-13,2.456114102e-13,1.781712932e-13,1.105891304e-13,2.671682061e-14,1.030027241e-13,8.369747736e-14,2.541730608e-13,2.636021111e-13,3.028826666e-13,8.203144054e-13,1.310391725e-12,7.981075398e-13,5.375311121e-13,1.182506998e-13,4.553574188e-13,8.720359254e-14,2.116822446e-14,9.297125242e-14,1.90798244e-13,2.075982581e-13,3.16288052e-13,7.548009217e-13,1.26975005e-13,9.359811444e-13,5.362516581e-14,3.023153516e-13,9.911588726e-14
171.7421875,2.299196962e-13,1.889609522e-13,6.338505556e-13,4.037049788e-13,1.961572233e-13,2.429876585e-13,1.798331537e-13,1.10491034e-13,2.694183907e-14,1.047246585e-13,8.317771914e-14,2.563810137e-13,2.653774948e-13,3.020559962e-13,8.209937979e-13,1.31103528e-12,7.966393056e-13,5.348954772e-13,1.196317254e-13,4.557032916e-13,8.571108995e-14,2.171713563e-14,9.397730396e-14,1.919789795e-13,2.0876837e-13,3.189775265e-13,7.558939097e-13,1.256517273e-13,9.447098856e-13,5.347024887e-14,3.032933584e-13,9.986941828e-14
171.75,2.257888863e-13,1.897410373e-13,6.358613715e-13,4.010439104e-13,1.95319542e-13,2.40354896e-13,1.814812929e-13,1.104764644e-13,2.718934916e-14,1.064877131e-13,8.270185365e-14,2.583944554e-13,2.669913584e-13,3.012046337e-13,8.214824595e-13,1.31174463e-12,7.953910058e-13,5.321084979e-13,1.20932889e-13,4.562131158e-13,8.424133971e-14,2.22745371e-14,9.498586435e-14,1.932736088e-13,2.098485371e-13,3.214544146e-13,7.565436477e-13,1.243539909e-13,9.528235991e-13,5.333192702e-14,3.039917193e-13,1.006196186e-13
171.7578125,2.220302058e-13,1.906572593e-13,6.373901309e-13,3.983498139e-13,1.943628625e-13,2.376547414e-13,1.830933719e-13,1.105226878e-13,2.741617245e-14,1.08226202e-13,8.227528668e-14,2.601659878e-13,2.684480064e-13,3.002289147e-13,8.21792402e-13,1.312427368e-12,7.942769303e-13,5.291249912e-13,1.221952832e-13,4.565714386e-13,8.279266141e-14,2.28157162e-14,9.595667089e-14,1.945774082e-13,2.1082102e-13,3.237929515e-13,7.568388515e-13,1.232089089e-13,9.605076517e-13,5.321406496e-14,3.043959316e-13,1.013764831e-13
171.765625,2.185725239e-13,1.914917512e-13,6.385675211e-13,3.955482654e-13,1.933679452e-13,2.34843189e-13,1.846632536e-13,1.105993919e-13,2.765210435e-14,1.099734842e-13,8.191589973e-14,2.617794363e-13,2.698051943e-13,2.991754643e-13,8.21842322e-13,1.312835005e-12,7.930549026e-13,5.259744164e-13,1.234138985e-13,4.566986739e-13,8.134963436e-14,2.335219314e-14,9.690297007e-14,1.958822089e-13,2.117330048e-13,3.261432077e-13,7.570308506e-13,1.221699862e-13,9.678657103e-13,5.30941163e-14,3.047231052e-13,1.021390063e-13
171.7734375,2.152494707e-13,1.922029744e-13,6.39378156e-13,3.923054333e-13,1.92476567e-13,2.319012811e-13,1.861528746e-13,1.107202288e-13,2.793123775e-14,1.117102009e-13,8.16070196e-14,2.632492793e-13,2.709324561e-13,2.980323856e-13,8.213561694e-13,1.312622559e-12,7.914433356e-13,5.225605915e-13,1.244883922e-13,4.568166894e-13,7.995741829e-14,2.388882512e-14,9.782803205e-14,1.972762849e-13,2.125250595e-13,3.284837173e-13,7.568210161e-13,1.210890275e-13,9.74658973e-13,5.294502038e-14,3.048239154e-13,1.029092668e-13
171.78125,2.121669461e-13,1.931602462e-13,6.398257023e-13,3.889272763e-13,1.915698343e-13,2.290432591e-13,1.875557289e-13,1.109048082e-13,2.821697318e-14,1.134608606e-13,8.132944885e-14,2.64560439e-13,2.718902351e-13,2.968402773e-13,8.205796947e-13,1.312148786e-12,7.898268438e-13,5.190364496e-13,1.254771841e-13,4.56950688e-13,7.86559081e-14,2.441760781e-14,9.87285167e-14,1.987171434e-13,2.131715808e-13,3.306420533e-13,7.55831806e-13,1.200769284e-13,9.809126746e-13,5.279837479e-14,3.045412283e-13,1.036458187e-13
171.7890625,2.093127127e-13,1.944301076e-13,6.399315571e-13,3.858324036e-13,1.905580954e-13,2.263994931e-13,1.889190898e-13,1.111973766e-13,2.849018502e-14,1.153181321e-13,8.110094487e-14,2.656699308e-13,2.728908021e-13,2.957135812e-13,8.200328909e-13,1.312088303e-12,7.887335948e-13,5.156102412e-13,1.264846077e-13,4.571469868e-13,7.7414621e-14,2.495089963e-14,9.960062716e-14,2.001337482e-13,2.137705753e-13,3.325262642e-13,7.54339454e-13,1.192908571e-13,9.867074513e-13,5.268918204e-14,3.040459102e-13,1.043417346e-13
171.796875,2.064144642e-13,1.956743743e-13,6.396864257e-13,3.827216972e-13,1.895204427e-13,2.237229619e-13,1.902527162e-13,1.115825891e-13,2.876949422e-14,1.172514002e-13,8.095763396e-14,2.66531086e-13,2.738992586e-13,2.945618708e-13,8.195691024e-13,1.312212843e-12,7.878521995e-13,5.120907474e-13,1.274651334e-13,4.575320213e-13,7.620067904e-14,2.550022532e-14,1.004480113e-13,2.015619454e-13,2.143576288e-13,3.342490651e-13,7.527490734e-13,1.186199608e-13,9.919759866e-13,5.260249184e-14,3.035038201e-13,1.050548681e-13
171.8046875,2.033871981e-13,1.96656066e-13,6.390714072e-13,3.792030091e-13,1.885050817e-13,2.207953075e-13,1.915165663e-13,1.119882357e-13,2.906235463e-14,1.191729283e-13,8.088888889e-14,2.671842907e-13,2.747273446e-13,2.932268903e-13,8.1872343e-13,1.311973333e-12,7.866935301e-13,5.082958353e-13,1.283560591e-13,4.578699166e-13,7.500719825e-14,2.605840539e-14,1.012890486e-13,2.030052559e-13,2.148789997e-13,3.35960119e-13,7.5097092e-13,1.178841314e-13,9.967538055e-13,5.251945859e-14,3.02879939e-13,1.057953782e-13
171.8125,2.004873875e-13,1.974240365e-13,6.379838369e-13,3.753978644e-13,1.875367504e-13,2.177964625e-13,1.926948495e-13,1.124560072e-13,2.937085224e-14,1.210602963e-13,8.082026332e-14,2.676154481e-13,2.753088401e-13,2.91823388e-13,8.175589793e-13,1.311604161e-12,7.854390366e-13,5.043518823e-13,1.291369145e-13,4.580318844e-13,7.384988457e-14,2.661345675e-14,1.021121933e-13,2.043944675e-13,2.152966884e-13,3.37597177e-13,7.487375938e-13,1.171159169e-13,1.000911759e-12,5.24475423e-14,3.019506493e-13,1.065395662e-13
171.8203125,1.979705109e-13,1.982998941e-13,6.364736311e-13,3.71567019e-13,1.866748662e-13,2.149972608e-13,1.938111806e-13,1.13021505e-13,2.969542495e-14,1.229365046e-13,8.073011704e-14,2.678240374e-13,2.757845219e-13,2.905944782e-13,8.163422247e-13,1.311393839e-12,7.843996699e-13,5.003896617e-13,1.298179429e-13,4.582809357e-13,7.277292532e-14,2.716241417e-14,1.028953045e-13,2.05765586e-13,2.156011965e-13,3.390054376e-13,7.461220521e-13,1.16451526e-13,1.004398195e-12,5.239019407e-14,3.006898424e-13,1.072698252e-13
171.828125,1.956958964e-13,1.994341064e-13,6.347486358e-13,3.677292302e-13,1.858977939e-13,2.123204805e-13,1.948792877e-13,1.136119394e-13,3.004304047e-14,1.248719447e-13,8.072371897e-14,2.679880989e-13,2.763007373e-13,2.895139059e-13,8.150213972e-13,1.31104764e-12,7.835189082e-13,4.964287776e-13,1.304778897e-13,4.585788012e-13,7.176557309e-14,2.77241333e-14,1.036538014e-13,2.072463035e-13,2.158164514e-13,3.402255777e-13,7.433899837e-13,1.158817057e-13,1.007544167e-12,5.233024839e-14,2.994287361e-13,1.079493057e-13
171.8359375,1.933050015e-13,2.004917361e-13,6.32781181e-13,3.637175605e-13,1.850800368e-13,2.095481473e-13,1.959034513e-13,1.14274778e-13,3.042464115e-14,1.268494222e-13,8.084617701e-14,2.680924687e-13,2.767141063e-13,2.882849239e-13,8.134981971e-13,1.310431976e-12,7.825797554e-13,4.923380781e-13,1.311034085e-13,4.587821061e-13,7.076166633e-14,2.830475938e-14,1.043838879e-13,2.087869545e-13,2.159639949e-13,3.414028261e-13,7.403937532e-13,1.153274903e-13,1.01020021e-12,5.226035273e-14,2.981360311e-13,1.086218188e-13
171.84375,1.908947329e-13,2.013473754e-13,6.304308502e-13,3.594163342e-13,1.841577067e-13,2.067310527e-13,1.968857921e-13,1.15067949e-13,3.081236627e-14,1.287359857e-13,8.096011584e-14,2.678874893e-13,2.76832694e-13,2.867993134e-13,8.117602552e-13,1.309650198e-12,7.813644709e-13,4.878891073e-13,1.315689421e-13,4.590517111e-13,6.97871352e-14,2.88657411e-14,1.050664047e-13,2.102148671e-13,2.160114487e-13,3.425555094e-13,7.367699931e-13,1.148292987e-13,1.011868636e-12,5.220239747e-14,2.964570854e-13,1.093800738e-13
171.8515625,1.888277909e-13,2.022540282e-13,6.276444835e-13,3.549123601e-13,1.832282538e-13,2.039470009e-13,1.977724546e-13,1.158573428e-13,3.118445431e-14,1.305566879e-13,8.101783735e-14,2.674426744e-13,2.767794887e-13,2.852748301e-13,8.097685971e-13,1.308619654e-12,7.79900385e-13,4.831483166e-13,1.319277961e-13,4.593070723e-13,6.891701939e-14,2.939755377e-14,1.057261654e-13,2.11604291e-13,2.159412853e-13,3.436121572e-13,7.3273302e-13,1.144072739e-13,1.012829265e-12,5.217327087e-14,2.945376734e-13,1.101586216e-13
171.859375,1.869387846e-13,2.031384644e-13,6.24395816e-13,3.5040962e-13,1.824125808e-13,2.011088634e-13,1.985287524e-13,1.166260052e-13,3.158338679e-14,1.324190965e-13,8.118794861e-14,2.66982416e-13,2.767223132e-13,2.83802008e-13,8.076377549e-13,1.307486803e-12,7.785321177e-13,4.784062552e-13,1.323460592e-13,4.59435092e-13,6.811977529e-14,2.995369779e-14,1.063622903e-13,2.131397997e-13,2.157823535e-13,3.445038307e-13,7.286784275e-13,1.139821186e-13,1.013574579e-12,5.216068076e-14,2.926450675e-13,1.108490718e-13
171.8671875,1.849296245e-13,2.038767862e-13,6.208192152e-13,3.459771203e-13,1.816848321e-13,1.982879504e-13,1.992380369e-13,1.175031665e-13,3.202154518e-14,1.342609091e-13,8.151637285e-14,2.663892297e-13,2.765928247e-13,2.822197385e-13,8.054237611e-13,1.306452172e-12,7.773520789e-13,4.736744509e-13,1.327697066e-13,4.596981336e-13,6.73433249e-14,3.054475409e-14,1.069510678e-13,2.147068157e-13,2.155372491e-13,3.451917704e-13,7.24447036e-13,1.136023617e-13,1.013876085e-12,5.214947052e-14,2.906143056e-13,1.115023379e-13
171.875,1.830104093e-13,2.046952425e-13,6.169778874e-13,3.413739966e-13,1.809449028e-13,1.955634781e-13,1.999302472e-13,1.184528229e-13,3.245325618e-14,1.360804147e-13,8.184789815e-14,2.654950727e-13,2.762836569e-13,2.805078163e-13,8.02878839e-13,1.305201833e-12,7.761224907e-13,4.68796027e-13,1.330572453e-13,4.600407152e-13,6.661681601e-14,3.111993462e-14,1.075442292e-13,2.161151638e-13,2.152092958e-13,3.457245536e-13,7.199247967e-13,1.133798145e-13,1.013326154e-12,5.214018221e-14,2.883474503e-13,1.121838121e-13
171.8828125,1.813088747e-13,2.056417628e-13,6.12699033e-13,3.363536284e-13,1.801996952e-13,1.927582717e-13,2.005211862e-13,1.194470022e-13,3.289032016e-14,1.379946072e-13,8.21646086e-14,2.643912594e-13,2.758413718e-13,2.788293783e-13,8.000457642e-13,1.303632049e-12,7.748578415e-13,4.638113314e-13,1.332811126e-13,4.60214031e-13,6.595716879e-14,3.167758816e-14,1.081673292e-13,2.174465595e-13,2.148494556e-13,3.461931125e-13,7.153592324e-13,1.132307619e-13,1.011996696e-12,5.214088923e-14,2.85997225e-13,1.128747888e-13
171.890625,1.796187397e-13,2.06626906e-13,6.081132405e-13,3.311505794e-13,1.795655629e-13,1.898523185e-13,2.010197061e-13,1.205563961e-13,3.337115406e-14,1.399130825e-13,8.260040701e-14,2.632020763e-13,2.753947871e-13,2.772185454e-13,7.972413773e-13,1.302031204e-12,7.736216328e-13,4.588429025e-13,1.335837864e-13,4.60452313e-13,6.535169704e-14,3.22565428e-14,1.087487889e-13,2.188206235e-13,2.144627609e-13,3.466160549e-13,7.106557379e-13,1.130607288e-13,1.010253166e-12,5.215814027e-14,2.836668878e-13,1.135679753e-13
171.8984375,1.779782274e-13,2.076859155e-13,6.034243021e-13,3.261421893e-13,1.790822689e-13,1.869900828e-13,2.014641795e-13,1.216922059e-13,3.386702829e-14,1.417053745e-13,8.317129676e-14,2.619115248e-13,2.749535055e-13,2.75535616e-13,7.942493901e-13,1.300177681e-12,7.721824702e-13,4.538922258e-13,1.339134142e-13,4.608678685e-13,6.481725784e-14,3.284584868e-14,1.092842838e-13,2.20199652e-13,2.139859746e-13,3.469412364e-13,7.055060114e-13,1.129439465e-13,1.008019737e-12,5.218368523e-14,2.813073792e-13,1.142642993e-13
171.90625,1.765102329e-13,2.086103803e-13,5.983338253e-13,3.211890557e-13,1.786099919e-13,1.840733189e-13,2.017905996e-13,1.227753273e-13,3.435737628e-14,1.434857901e-13,8.377625194e-14,2.604105387e-13,2.744226303e-13,2.737065631e-13,7.907643915e-13,1.297874974e-12,7.706117484e-13,4.48849023e-13,1.341280787e-13,4.612272034e-13,6.435683227e-14,3.341514644e-14,1.098347974e-13,2.215688405e-13,2.134135368e-13,3.470946503e-13,6.999783143e-13,1.128774941e-13,1.004855306e-12,5.220140317e-14,2.787358701e-13,1.149414772e-13
171.9140625,1.750891058e-13,2.092554624e-13,5.927801659e-13,3.160300766e-13,1.780494469e-13,1.810906523e-13,2.020094733e-13,1.238985988e-13,3.486530648e-14,1.453167866e-13,8.436778667e-14,2.586915708e-13,2.738468202e-13,2.718781341e-13,7.871250472e-13,1.295574463e-12,7.693506491e-13,4.436814544e-13,1.34249831e-13,4.615999728e-13,6.394389509e-14,3.397119446e-14,1.103711722e-13,2.229541642e-13,2.127939878e-13,3.470388628e-13,6.942558708e-13,1.127585176e-13,1.001112556e-12,5.222544441e-14,2.760068662e-13,1.155613836e-13
171.921875,1.736870321e-13,2.099960731e-13,5.871969412e-13,3.108737433e-13,1.7752877e-13,1.782843147e-13,2.021911273e-13,1.250694204e-13,3.537739165e-14,1.470724661e-13,8.500128331e-14,2.569278811e-13,2.733182095e-13,2.702128627e-13,7.836246088e-13,1.293357399e-12,7.684043661e-13,4.386027953e-13,1.34423812e-13,4.620811415e-13,6.356488448e-14,3.452353152e-14,1.108454509e-13,2.242562353e-13,2.121122738e-13,3.468340389e-13,6.883759124e-13,1.126651085e-13,9.973454476e-13,5.22908429e-14,2.734482067e-13,1.16097508e-13
171.9296875,1.723824834e-13,2.110750971e-13,5.814939011e-13,3.058470323e-13,1.771329266e-13,1.755622556e-13,2.023000753e-13,1.262502642e-13,3.587611301e-14,1.487549877e-13,8.573182195e-14,2.551383922e-13,2.727260673e-13,2.685781982e-13,7.80009694e-13,1.290796294e-12,7.673366106e-13,4.336885337e-13,1.34675688e-13,4.624579276e-13,6.321480707e-14,3.506888032e-14,1.112875286e-13,2.253822219e-13,2.113266545e-13,3.465513678e-13,6.823652201e-13,1.127536636e-13,9.928924943e-13,5.238897887e-14,2.709721143e-13,1.166166358e-13
171.9375,1.711396877e-13,2.122400467e-13,5.752359908e-13,3.005878242e-13,1.767266176e-13,1.725826536e-13,2.02337077e-13,1.275137007e-13,3.639886047e-14,1.504855482e-13,8.651589251e-14,2.531056782e-13,2.719301807e-13,2.667214756e-13,7.760079225e-13,1.287819427e-12,7.658823263e-13,4.285549414e-13,1.348926225e-13,4.626886959e-13,6.290512688e-14,3.56209918e-14,1.117157055e-13,2.26496038e-13,2.104557705e-13,3.461805882e-13,6.762071528e-13,1.129807074e-13,9.873190445e-13,5.24723417e-14,2.682305332e-13,1.172051836e-13
171.9453125,1.699668539e-13,2.132166069e-13,5.686463645e-13,2.950167062e-13,1.762512128e-13,1.694553101e-13,2.023777654e-13,1.288657148e-13,3.695710837e-14,1.52223062e-13,8.732379904e-14,2.507998713e-13,2.709600798e-13,2.646815663e-13,7.717001962e-13,1.284615458e-12,7.641631437e-13,4.230128459e-13,1.350148911e-13,4.630021168e-13,6.266181247e-14,3.618883769e-14,1.121094454e-13,2.277306995e-13,2.095229425e-13,3.457167407e-13,6.698411063e-13,1.132199888e-13,9.813627565e-13,5.253283749e-14,2.653079654e-13,1.178186188e-13
171.953125,1.687983082e-13,2.139591885e-13,5.621412833e-13,2.895977302e-13,1.757937473e-13,1.665803303e-13,2.023936484e-13,1.302290997e-13,3.749865623e-14,1.538439196e-13,8.821700978e-14,2.48359167e-13,2.699256936e-13,2.626651813e-13,7.673958117e-13,1.281421068e-12,7.6258205e-13,4.174447068e-13,1.350919338e-13,4.635927237e-13,6.247992655e-14,3.67480379e-14,1.124800642e-13,2.288120994e-13,2.085223312e-13,3.451679276e-13,6.632440322e-13,1.13455454e-13,9.749586548e-13,5.2612865e-14,2.62364066e-13,1.183811892e-13
171.9609375,1.674443687e-13,2.14651645e-13,5.554097705e-13,2.844230274e-13,1.753516824e-13,1.639323949e-13,2.023151805e-13,1.315850217e-13,3.800857928e-14,1.55381585e-13,8.917388024e-14,2.457312344e-13,2.689001825e-13,2.606256531e-13,7.630886803e-13,1.278324415e-12,7.613162544e-13,4.120484495e-13,1.351672642e-13,4.643813237e-13,6.234353944e-14,3.728254861e-14,1.128620587e-13,2.29528763e-13,2.074705985e-13,3.44459966e-13,6.564329883e-13,1.137288005e-13,9.674455453e-13,5.273738442e-14,2.592954643e-13,1.188934875e-13
171.96875,1.660465389e-13,2.154542009e-13,5.47888057e-13,2.790407679e-13,1.749230539e-13,1.611242302e-13,2.021260979e-13,1.329429181e-13,3.854344754e-14,1.569318315e-13,9.009372416e-14,2.428449417e-13,2.678211801e-13,2.58353916e-13,7.582458863e-13,1.274804177e-12,7.599449648e-13,4.065799388e-13,1.352143529e-13,4.649445213e-13,6.225827506e-14,3.781221566e-14,1.1325289e-13,2.301496535e-13,2.063708657e-13,3.435338656e-13,6.495023721e-13,1.140698062e-13,9.593239186e-13,5.287575089e-14,2.561024744e-13,1.193603375e-13
171.9765625,1.648440836e-13,2.162413425e-13,5.396860599e-13,2.73351482e-13,1.746044838e-13,1.580539738e-13,2.018004207e-13,1.343225976e-13,3.913646456e-14,1.584509094e-13,9.101182998e-14,2.398551599e-13,2.66600354e-13,2.55886078e-13,7.526930239e-13,1.27051664e-12,7.581248552e-13,4.009477185e-13,1.352190038e-13,4.65118119e-13,6.22197354e-14,3.835345469e-14,1.1359986e-13,2.308520257e-13,2.051723279e-13,3.424424191e-13,6.425119897e-13,1.144398272e-13,9.509962497e-13,5.297268525e-14,2.528509915e-13,1.19787036e-13
171.984375,1.636037076e-13,2.169992494e-13,5.313483004e-13,2.677536506e-13,1.744024517e-13,1.549594911e-13,2.013462066e-13,1.35762603e-13,3.9770644e-14,1.598734622e-13,9.203743787e-14,2.369098269e-13,2.65356728e-13,2.534277789e-13,7.46972097e-13,1.266083074e-12,7.561820588e-13,3.952630918e-13,1.352510825e-13,4.653907149e-13,6.221228533e-14,3.890580794e-14,1.13860185e-13,2.314896839e-13,2.038713164e-13,3.412349472e-13,6.354152184e-13,1.147384779e-13,9.419585284e-13,5.302036339e-14,2.495429886e-13,1.201926284e-13
171.9921875,1.6213097e-13,2.179150826e-13,5.230441968e-13,2.624328931e-13,1.742659677e-13,1.519609332e-13,2.00816848e-13,1.373095999e-13,4.044763781e-14,1.612665576e-13,9.318561945e-14,2.339606604e-13,2.641953673e-13,2.509600736e-13,7.413917468e-13,1.262020729e-12,7.544868548e-13,3.895920054e-13,1.353409682e-13,4.66083929e-13,6.22245703e-14,3.947238688e-14,1.140533801e-13,2.32092711e-13,2.025502514e-13,3.399298815e-13,6.282762243e-13,1.14990867e-13,9.323369162e-13,5.307759417e-14,2.462759552e-13,1.205829771e-13
172,1.60724865e-13,2.188740936e-13,5.146203913e-13,2.571462326e-13,1.742201674e-13,1.490152673e-13,2.002129647e-13,1.389958118e-13,4.116705057e-14,1.626699181e-13,9.441390569e-14,2.308869282e-13,2.629523276e-13,2.483069117e-13,7.357529511e-13,1.258085774e-12,7.529210117e-13,3.840637641e-13,1.353965875e-13,4.668501625e-13,6.225031727e-14,4.004036936e-14,1.142163482e-13,2.327420744e-13,2.012478966e-13,3.385866872e-13,6.211419886e-13,1.15325245e-13,9.225569248e-13,5.31776094e-14,2.4304536e-13,1.209904186e-13
172.0078125,1.595656486e-13,2.197714554e-13,5.060572565e-13,2.516646151e-13,1.742330448e-13,1.461010409e-13,1.995167669e-13,1.407088195e-13,4.188005847e-14,1.640172744e-13,9.567379751e-14,2.276545536e-13,2.615333295e-13,2.454786597e-13,7.299504635e-13,1.254034628e-12,7.513544122e-13,3.787798812e-13,1.354028392e-13,4.674379111e-13,6.231282702e-14,4.058011228e-14,1.143676435e-13,2.332816733e-13,1.999177851e-13,3.37212559e-13,6.137907368e-13,1.157239504e-13,9.122963927e-13,5.328282652e-14,2.396816996e-13,1.214199732e-13
172.015625,1.58425234e-13,2.207940067e-13,4.974001018e-13,2.461753211e-13,1.742305796e-13,1.431900171e-13,1.987310542e-13,1.422906878e-13,4.257656862e-14,1.653211602e-13,9.696027873e-14,2.24360442e-13,2.60115954e-13,2.426144201e-13,7.240271394e-13,1.249837062e-12,7.499316321e-13,3.736342682e-13,1.354808966e-13,4.680992449e-13,6.243483608e-14,4.110158463e-14,1.145336917e-13,2.336835752e-13,1.985384003e-13,3.357180343e-13,6.062043233e-13,1.161018436e-13,9.014170863e-13,5.337502294e-14,2.362432331e-13,1.217922773e-13
172.0234375,1.57102008e-13,2.217586624e-13,4.886234886e-13,2.410443098e-13,1.742904901e-13,1.402789287e-13,1.978333477e-13,1.438240786e-13,4.331211919e-14,1.666469515e-13,9.834524566e-14,2.21111879e-13,2.588132019e-13,2.397455939e-13,7.179935163e-13,1.245400613e-12,7.486024043e-13,3.685074044e-13,1.356378513e-13,4.689619259e-13,6.259901154e-14,4.164431379e-14,1.147095696e-13,2.340527776e-13,1.971384733e-13,3.340985702e-13,5.987898644e-13,1.164693079e-13,8.901990398e-13,5.348259654e-14,2.329603071e-13,1.220893423e-13
172.03125,1.556295645e-13,2.224271704e-13,4.797093869e-13,2.361895023e-13,1.745301871e-13,1.374167964e-13,1.968299452e-13,1.45448429e-13,4.40881087e-14,1.679336198e-13,9.983458419e-14,2.178971507e-13,2.575464967e-13,2.368678032e-13,7.118896791e-13,1.240724285e-12,7.470996195e-13,3.633964874e-13,1.357822511e-13,4.698423136e-13,6.279841204e-14,4.220277509e-14,1.148262067e-13,2.343184251e-13,1.957154216e-13,3.324586095e-13,5.916282376e-13,1.168204173e-13,8.785926356e-13,5.360457646e-14,2.298472411e-13,1.223778363e-13
172.0390625,1.541663469e-13,2.232828369e-13,4.706502265e-13,2.312020348e-13,1.748971187e-13,1.345890894e-13,1.957687516e-13,1.47103412e-13,4.485836107e-14,1.691080276e-13,1.01334595e-13,2.146494692e-13,2.5625194e-13,2.340351136e-13,7.056917639e-13,1.235935145e-12,7.454677067e-13,3.582860677e-13,1.359331268e-13,4.708040884e-13,6.301614588e-14,4.273958605e-14,1.148411487e-13,2.344444363e-13,1.942206674e-13,3.30789332e-13,5.842964795e-13,1.171463216e-13,8.665733805e-13,5.371461143e-14,2.267559522e-13,1.226683286e-13
172.046875,1.527525299e-13,2.245462456e-13,4.614744439e-13,2.260279492e-13,1.752462191e-13,1.317336276e-13,1.94628501e-13,1.487397907e-13,4.562537623e-14,1.702340652e-13,1.028385911e-13,2.11311452e-13,2.548930672e-13,2.311525817e-13,6.992397264e-13,1.231030869e-12,7.437983352e-13,3.530885186e-13,1.360914816e-13,4.719966175e-13,6.318271345e-14,4.325428256e-14,1.147880588e-13,2.34476154e-13,1.926285401e-13,3.289908081e-13,5.766573563e-13,1.175011593e-13,8.542740837e-13,5.381494022e-14,2.236283095e-13,1.229523368e-13
172.0546875,1.512374411e-13,2.256137729e-13,4.521967405e-13,2.208982169e-13,1.755117703e-13,1.288029832e-13,1.933629192e-13,1.503738437e-13,4.63968806e-14,1.713655884e-13,1.04409934e-13,2.078242969e-13,2.534028553e-13,2.279643058e-13,6.925016904e-13,1.225897665e-12,7.418954801e-13,3.47779786e-13,1.361740724e-13,4.731336074e-13,6.331344702e-14,4.377027651e-14,1.147109858e-13,2.343368847e-13,1.909868881e-13,3.271069461e-13,5.689883735e-13,1.17877832e-13,8.415734031e-13,5.392547176e-14,2.205212466e-13,1.232388385e-13
172.0625,1.496148591e-13,2.263986014e-13,4.427313598e-13,2.158771972e-13,1.75737685e-13,1.258234462e-13,1.920287891e-13,1.51940404e-13,4.714985224e-14,1.724493935e-13,1.060344274e-13,2.042337752e-13,2.51839488e-13,2.24525906e-13,6.857083597e-13,1.220568971e-12,7.399061385e-13,3.425148423e-13,1.362284066e-13,4.740211206e-13,6.354405451e-14,4.428184318e-14,1.146330461e-13,2.340532945e-13,1.893672094e-13,3.252143457e-13,5.614133554e-13,1.182348561e-13,8.284576315e-13,5.405384109e-14,2.174865273e-13,1.234777051e-13
172.0703125,1.480298881e-13,2.273814113e-13,4.331210528e-13,2.109058744e-13,1.760132168e-13,1.229607118e-13,1.907057805e-13,1.534299046e-13,4.790088028e-14,1.734770862e-13,1.077027014e-13,2.00683751e-13,2.503443921e-13,2.212196697e-13,6.789119376e-13,1.215012136e-12,7.380578209e-13,3.373718633e-13,1.363222918e-13,4.748644929e-13,6.390962806e-14,4.477320758e-14,1.145663726e-13,2.33771921e-13,1.877564888e-13,3.231980077e-13,5.538493362e-13,1.185862934e-13,8.150234986e-13,5.418095172e-14,2.144764869e-13,1.236416678e-13
172.078125,1.464708319e-13,2.284397311e-13,4.23577554e-13,2.059165568e-13,1.764091214e-13,1.202654094e-13,1.893794111e-13,1.549248613e-13,4.869069053e-14,1.745179798e-13,1.094901551e-13,1.971753896e-13,2.488250815e-13,2.180480341e-13,6.717996485e-13,1.208858712e-12,7.357785107e-13,3.321625723e-13,1.363682773e-13,4.756068021e-13,6.428891886e-14,4.526372547e-14,1.144814371e-13,2.334344949e-13,1.860748498e-13,3.209621224e-13,5.462438051e-13,1.189755107e-13,8.010920553e-13,5.427724415e-14,2.114147209e-13,1.237928721e-13
172.0859375,1.449501662e-13,2.29388023e-13,4.141160655e-13,2.008838463e-13,1.769072214e-13,1.175496786e-13,1.880036004e-13,1.564319466e-13,4.950034294e-14,1.755401204e-13,1.114122263e-13,1.936040341e-13,2.471142565e-13,2.146858021e-13,6.64378624e-13,1.20211709e-12,7.328154959e-13,3.268359943e-13,1.363765811e-13,4.76132033e-13,6.460752683e-14,4.576869206e-14,1.143069814e-13,2.329511062e-13,1.843021766e-13,3.18617992e-13,5.385751453e-13,1.19479965e-13,7.868223423e-13,5.435370763e-14,2.083529033e-13,1.239409715e-13
172.09375,1.43520161e-13,2.304897529e-13,4.046261409e-13,1.959064932e-13,1.773908911e-13,1.147843751e-13,1.865549777e-13,1.579150026e-13,5.028186415e-14,1.764242974e-13,1.133427851e-13,1.900247643e-13,2.453842761e-13,2.112360819e-13,6.570403802e-13,1.195403119e-12,7.300167017e-13,3.215982431e-13,1.364745274e-13,4.767354507e-13,6.491931921e-14,4.624878365e-14,1.140225933e-13,2.323913842e-13,1.824877953e-13,3.162592524e-13,5.309048064e-13,1.200179526e-13,7.727852311e-13,5.444444433e-14,2.054056584e-13,1.24022013e-13
172.1015625,1.420101887e-13,2.315941729e-13,3.951574146e-13,1.910141112e-13,1.778437594e-13,1.120944477e-13,1.850047211e-13,1.593622982e-13,5.104314235e-14,1.771758656e-13,1.151864892e-13,1.865092853e-13,2.438449878e-13,2.079244082e-13,6.497297264e-13,1.188826883e-12,7.276371548e-13,3.165057463e-13,1.366319164e-13,4.77507016e-13,6.527386952e-14,4.667952855e-14,1.13704443e-13,2.317412102e-13,1.806758434e-13,3.138601955e-13,5.233682801e-13,1.203447475e-13,7.588958683e-13,5.454100734e-14,2.025521926e-13,1.240431093e-13
172.109375,1.40423675e-13,2.324977158e-13,3.856864002e-13,1.86121067e-13,1.784203022e-13,1.093740872e-13,1.833580339e-13,1.607705186e-13,5.18284055e-14,1.778955705e-13,1.170526929e-13,1.829268459e-13,2.423486016e-13,2.044915201e-13,6.421975893e-13,1.182081841e-12,7.251142568e-13,3.115483864e-13,1.368015801e-13,4.783667866e-13,6.563520504e-14,4.710951518e-14,1.134204984e-13,2.309763156e-13,1.788811303e-13,3.113928463e-13,5.159692411e-13,1.205999138e-13,7.446333207e-13,5.462425539e-14,1.997230421e-13,1.240673652e-13
172.1171875,1.389842228e-13,2.336382676e-13,3.761041252e-13,1.812539147e-13,1.791407918e-13,1.065288036e-13,1.816811942e-13,1.621547123e-13,5.265394416e-14,1.786148081e-13,1.191087909e-13,1.792357675e-13,2.407363985e-13,2.008129659e-13,6.346002743e-13,1.175310933e-12,7.225631921e-13,3.067651616e-13,1.370314752e-13,4.795477269e-13,6.599003111e-14,4.757852162e-14,1.13154178e-13,2.302546555e-13,1.770676321e-13,3.08824207e-13,5.086080708e-13,1.21129269e-13,7.300703204e-13,5.470731472e-14,1.969840474e-13,1.240903251e-13
172.125,1.37476679e-13,2.350263921e-13,3.666838449e-13,1.764393743e-13,1.798574338e-13,1.037605197e-13,1.800300888e-13,1.634813943e-13,5.35067485e-14,1.793291877e-13,1.213010447e-13,1.756417042e-13,2.390847551e-13,1.97256145e-13,6.269185954e-13,1.168354008e-12,7.201343605e-13,3.019636565e-13,1.372423039e-13,4.808918162e-13,6.641043041e-14,4.80622534e-14,1.128719682e-13,2.295850965e-13,1.751927332e-13,3.061606281e-13,5.01255277e-13,1.217120875e-13,7.155318461e-13,5.478268552e-14,1.944112681e-13,1.240555343e-13
172.1328125,1.356450727e-13,2.361004442e-13,3.57802866e-13,1.716721452e-13,1.805489975e-13,1.012073228e-13,1.784221991e-13,1.646873503e-13,5.433947043e-14,1.799958139e-13,1.234464445e-13,1.722198876e-13,2.375148278e-13,1.939750724e-13,6.18994992e-13,1.160740023e-12,7.173603618e-13,2.970628488e-13,1.373671032e-13,4.818581778e-13,6.691175517e-14,4.851837392e-14,1.125587223e-13,2.287204606e-13,1.73320875e-13,3.034955355e-13,4.939525242e-13,1.220178714e-13,7.010716657e-13,5.48229475e-14,1.920120623e-13,1.239510381e-13
172.140625,1.338042465e-13,2.370339558e-13,3.492196586e-13,1.671325994e-13,1.812236324e-13,9.874176347e-14,1.768501049e-13,1.658312375e-13,5.510052428e-14,1.804956436e-13,1.25540838e-13,1.688397017e-13,2.361263773e-13,1.908149349e-13,6.112087752e-13,1.152994322e-12,7.144662352e-13,2.923879773e-13,1.375476834e-13,4.825288141e-13,6.741712648e-14,4.892847205e-14,1.121919883e-13,2.276391536e-13,1.715432815e-13,3.008494047e-13,4.867833059e-13,1.223047737e-13,6.867674459e-13,5.485090834e-14,1.898422088e-13,1.23820322e-13
172.1484375,1.321280302e-13,2.382826739e-13,3.404763766e-13,1.628366126e-13,1.818219808e-13,9.622637478e-14,1.752680849e-13,1.670055301e-13,5.584494178e-14,1.808525669e-13,1.276858949e-13,1.654890887e-13,2.348576759e-13,1.877305572e-13,6.037258273e-13,1.145663654e-12,7.120134252e-13,2.879972749e-13,1.378436796e-13,4.831551441e-13,6.790668292e-14,4.932364256e-14,1.117786436e-13,2.265756238e-13,1.69799335e-13,2.981214014e-13,4.797463356e-13,1.227899125e-13,6.725638846e-13,5.489652643e-14,1.878583792e-13,1.236934467e-13
172.15625,1.303870009e-13,2.396271052e-13,3.317175481e-13,1.58441683e-13,1.824601446e-13,9.369538283e-14,1.736431187e-13,1.681596955e-13,5.665977043e-14,1.812586502e-13,1.298530907e-13,1.62220274e-13,2.334699722e-13,1.846559646e-13,5.96030245e-13,1.138052726e-12,7.094900848e-13,2.835712838e-13,1.3815396e-13,4.835574768e-13,6.840360176e-14,4.974738046e-14,1.11349856e-13,2.255342204e-13,1.679726948e-13,2.952182432e-13,4.726516417e-13,1.232797375e-13,6.58162861e-13,5.491540835e-14,1.858714754e-13,1.235374319e-13
172.1640625,1.285704273e-13,2.409327333e-13,3.233384814e-13,1.539223578e-13,1.832400237e-13,9.127478322e-14,1.720136884e-13,1.692134878e-13,5.749165991e-14,1.817397819e-13,1.320023283e-13,1.589881767e-13,2.319978218e-13,1.815168522e-13,5.880051302e-13,1.129750073e-12,7.06293653e-13,2.790356692e-13,1.384531436e-13,4.83789803e-13,6.889447862e-14,5.017407899e-14,1.108942737e-13,2.243569851e-13,1.660875829e-13,2.921417217e-13,4.654146851e-13,1.237091272e-13,6.437322463e-13,5.485640923e-14,1.839175023e-13,1.233073265e-13
172.171875,1.267352803e-13,2.423929384e-13,3.153755132e-13,1.496707545e-13,1.840330909e-13,8.89795167e-14,1.704196509e-13,1.702001518e-13,5.828939064e-14,1.821813931e-13,1.342017067e-13,1.55835657e-13,2.306843129e-13,1.784485785e-13,5.800416254e-13,1.121292363e-12,7.027539392e-13,2.744562379e-13,1.38747816e-13,4.841201501e-13,6.940723522e-14,5.057230497e-14,1.103894203e-13,2.230891925e-13,1.642285192e-13,2.890597615e-13,4.582253009e-13,1.241529295e-13,6.297497923e-13,5.47546178e-14,1.821830744e-13,1.23040938e-13
172.1796875,1.247507007e-13,2.43791205e-13,3.076794526e-13,1.457718178e-13,1.848640247e-13,8.669727417e-14,1.688177256e-13,1.711508536e-13,5.912265898e-14,1.825693558e-13,1.36438416e-13,1.528488904e-13,2.294178751e-13,1.754849367e-13,5.721150621e-13,1.112726998e-12,6.991418733e-13,2.698073385e-13,1.390191748e-13,4.84551498e-13,6.999351191e-14,5.098143773e-14,1.098407378e-13,2.217968542e-13,1.623634991e-13,2.86120684e-13,4.512018856e-13,1.245459297e-13,6.160009993e-13,5.466720685e-14,1.805749928e-13,1.228027225e-13
172.1875,1.226385428e-13,2.448955723e-13,3.000793686e-13,1.419742252e-13,1.858474975e-13,8.440113237e-14,1.67141217e-13,1.719759371e-13,5.998748285e-14,1.828778144e-13,1.386098089e-13,1.499307002e-13,2.27978504e-13,1.72448266e-13,5.63916874e-13,1.103589172e-12,6.952229226e-13,2.65168354e-13,1.392909085e-13,4.850662215e-13,7.062532657e-14,5.140785519e-14,1.092404952e-13,2.204262575e-13,1.604032371e-13,2.831519788e-13,4.44202532e-13,1.248576643e-13,6.019494809e-13,5.457825967e-14,1.789456286e-13,1.225467966e-13
172.1953125,1.205117289e-13,2.460619945e-13,2.924213564e-13,1.381863717e-13,1.867616209e-13,8.216157678e-14,1.654308765e-13,1.726178087e-13,6.081505849e-14,1.830584319e-13,1.407501324e-13,1.470169125e-13,2.265133996e-13,1.693512691e-13,5.554209838e-13,1.093864894e-12,6.909615596e-13,2.605833078e-13,1.395450176e-13,4.855222358e-13,7.125666854e-14,5.179827336e-14,1.085824541e-13,2.190339959e-13,1.583637278e-13,2.799510989e-13,4.37052274e-13,1.251787504e-13,5.877488514e-13,5.444210906e-14,1.77415467e-13,1.221849896e-13
172.203125,1.183847204e-13,2.476796828e-13,2.848334586e-13,1.345059436e-13,1.874607853e-13,8.000261459e-14,1.637903936e-13,1.731849224e-13,6.162276321e-14,1.831906081e-13,1.429792839e-13,1.442243986e-13,2.251953052e-13,1.663854727e-13,5.468592771e-13,1.083914174e-12,6.866713686e-13,2.56019766e-13,1.397644465e-13,4.856071188e-13,7.187924285e-14,5.214884176e-14,1.07890833e-13,2.176265571e-13,1.563370304e-13,2.766878746e-13,4.298416399e-13,1.255769054e-13,5.738477118e-13,5.427265626e-14,1.760838627e-13,1.217310196e-13
172.2109375,1.163090173e-13,2.496401076e-13,2.775321352e-13,1.310094101e-13,1.882232852e-13,7.790290454e-14,1.621876883e-13,1.737396684e-13,6.24100005e-14,1.832915455e-13,1.453120082e-13,1.415714186e-13,2.239494169e-13,1.636058734e-13,5.384504518e-13,1.074077294e-12,6.82586061e-13,2.516162634e-13,1.400467169e-13,4.854879954e-13,7.248346605e-14,5.249211798e-14,1.071856405e-13,2.160382758e-13,1.543579405e-13,2.73586484e-13,4.229167693e-13,1.260235692e-13,5.602906873e-13,5.412220518e-14,1.749011887e-13,1.212480188e-13
172.21875,1.143130577e-13,2.515520529e-13,2.704682376e-13,1.276724642e-13,1.891950253e-13,7.581781057e-14,1.605212336e-13,1.74171021e-13,6.315131086e-14,1.832632594e-13,1.47699279e-13,1.389670472e-13,2.22711844e-13,1.609104654e-13,5.301155669e-13,1.064343838e-12,6.786054726e-13,2.474314323e-13,1.404353111e-13,4.854881122e-13,7.307529804e-14,5.284596685e-14,1.064802444e-13,2.143446872e-13,1.524040928e-13,2.705742769e-13,4.163262987e-13,1.264500726e-13,5.469649757e-13,5.399262891e-14,1.738694581e-13,1.207663776e-13
172.2265625,1.123741681e-13,2.532553239e-13,2.635981891e-13,1.244225021e-13,1.90166187e-13,7.371759769e-14,1.588576248e-13,1.74432915e-13,6.387960905e-14,1.831474403e-13,1.500942641e-13,1.364096643e-13,2.214725597e-13,1.581631386e-13,5.216203589e-13,1.054308777e-12,6.744844058e-13,2.432824612e-13,1.408510601e-13,4.853510175e-13,7.367433976e-14,5.321522493e-14,1.057761913e-13,2.127193815e-13,1.504543002e-13,2.67478468e-13,4.096580684e-13,1.268927204e-13,5.337715881e-13,5.382778839e-14,1.729756607e-13,1.202967199e-13
172.234375,1.104839829e-13,2.550102431e-13,2.570233313e-13,1.212609357e-13,1.910320364e-13,7.168850845e-14,1.572887579e-13,1.746225603e-13,6.457901432e-14,1.830113775e-13,1.524551004e-13,1.339158322e-13,2.201759614e-13,1.553661361e-13,5.130615148e-13,1.043919639e-12,6.702014067e-13,2.391356377e-13,1.412505612e-13,4.849533394e-13,7.428359742e-14,5.356784099e-14,1.050373004e-13,2.10982436e-13,1.48494225e-13,2.642582688e-13,4.02822696e-13,1.273963572e-13,5.205779374e-13,5.361061114e-14,1.721536945e-13,1.198248532e-13
172.2421875,1.08521109e-13,2.570056952e-13,2.507145352e-13,1.182139105e-13,1.919437459e-13,6.982998543e-14,1.557315767e-13,1.748025307e-13,6.524128301e-14,1.82781298e-13,1.548191881e-13,1.314954613e-13,2.18840316e-13,1.526903087e-13,5.046955873e-13,1.033643334e-12,6.65884985e-13,2.351377318e-13,1.41641631e-13,4.847510788e-13,7.490916629e-14,5.389119487e-14,1.042468915e-13,2.090591309e-13,1.465363096e-13,2.610258109e-13,3.96187562e-13,1.278574216e-13,5.074909727e-13,5.340914302e-14,1.714558899e-13,1.193377081e-13
172.25,1.06456172e-13,2.591517497e-13,2.445638961e-13,1.152789258e-13,1.929745405e-13,6.808069014e-14,1.541519107e-13,1.749617575e-13,6.594511189e-14,1.824432011e-13,1.572584542e-13,1.29196077e-13,2.175633712e-13,1.50179014e-13,4.96461064e-13,1.023575708e-12,6.615144197e-13,2.312875083e-13,1.420621525e-13,4.84778231e-13,7.553920483e-14,5.423375355e-14,1.034305937e-13,2.0720497e-13,1.446002775e-13,2.579057191e-13,3.897792507e-13,1.28281153e-13,4.947066868e-13,5.326891035e-14,1.709393919e-13,1.188522472e-13
172.2578125,1.045059643e-13,2.614859039e-13,2.385678281e-13,1.12539289e-13,1.939384042e-13,6.63393748e-14,1.526367008e-13,1.750391404e-13,6.665670333e-14,1.820334187e-13,1.597305735e-13,1.270101619e-13,2.163696851e-13,1.477235842e-13,4.881726073e-13,1.013312867e-12,6.569654196e-13,2.274086365e-13,1.425518336e-13,4.844978688e-13,7.614551015e-14,5.458952196e-14,1.025818679e-13,2.053592555e-13,1.426488819e-13,2.548465302e-13,3.833506348e-13,1.288057324e-13,4.821514004e-13,5.312191168e-14,1.705203187e-13,1.183475121e-13
172.265625,1.026245575e-13,2.639133887e-13,2.32795497e-13,1.100476804e-13,1.94710584e-13,6.461916982e-14,1.511467575e-13,1.749607535e-13,6.728385202e-14,1.815012045e-13,1.621485497e-13,1.249192049e-13,2.152123423e-13,1.453456915e-13,4.798432876e-13,1.002694629e-12,6.521923026e-13,2.233718986e-13,1.430390649e-13,4.838241241e-13,7.674941821e-14,5.490452681e-14,1.016826925e-13,2.032843871e-13,1.406496888e-13,2.517258877e-13,3.769218136e-13,1.29304207e-13,4.698133792e-13,5.288965687e-14,1.701760665e-13,1.177753125e-13
172.2734375,1.005726664e-13,2.660611659e-13,2.273375976e-13,1.076796333e-13,1.95467978e-13,6.296018124e-14,1.496156988e-13,1.747551333e-13,6.788184772e-14,1.808605638e-13,1.645304239e-13,1.229419219e-13,2.140589311e-13,1.431032507e-13,4.715843802e-13,9.919537089e-13,6.47317528e-13,2.193109915e-13,1.434748969e-13,4.831267361e-13,7.738078757e-14,5.520009802e-14,1.007626922e-13,2.011615113e-13,1.386510292e-13,2.485696575e-13,3.705578337e-13,1.296001679e-13,4.578356989e-13,5.260873412e-14,1.699788218e-13,1.171613017e-13
172.28125,9.858015826e-14,2.681628844e-13,2.221856789e-13,1.053876359e-13,1.963365207e-13,6.1378357e-14,1.481506578e-13,1.744975844e-13,6.848862732e-14,1.801740162e-13,1.669236643e-13,1.21016287e-13,2.128855554e-13,1.409530176e-13,4.634679791e-13,9.812734625e-13,6.425263686e-13,2.154593352e-13,1.439700242e-13,4.825138093e-13,7.802278715e-14,5.550631355e-14,9.983767883e-14,1.991647785e-13,1.366845788e-13,2.454614667e-13,3.642098247e-13,1.299012206e-13,4.460840347e-13,5.235571344e-14,1.698659953e-13,1.165607204e-13
172.2890625,9.691553681e-14,2.70752049e-13,2.172343041e-13,1.032514245e-13,1.972238378e-13,5.991230434e-14,1.46815156e-13,1.741871914e-13,6.905942091e-14,1.793919737e-13,1.693010313e-13,1.190947866e-13,2.116650248e-13,1.389064953e-13,4.554529129e-13,9.705483934e-13,6.377427029e-13,2.11730293e-13,1.445280506e-13,4.819220423e-13,7.866192757e-14,5.579590493e-14,9.88810567e-14,1.971110431e-13,1.347032185e-13,2.423841628e-13,3.579009825e-13,1.304083056e-13,4.344078662e-13,5.21193388e-14,1.697321889e-13,1.159611343e-13
172.296875,9.527332499e-14,2.734628442e-13,2.124922655e-13,1.012097716e-13,1.981191735e-13,5.854012234e-14,1.455182871e-13,1.738079277e-13,6.962554344e-14,1.785034373e-13,1.716485319e-13,1.172655862e-13,2.104070299e-13,1.36961918e-13,4.473796037e-13,9.595714976e-13,6.3269285e-13,2.078638102e-13,1.449900077e-13,4.813631458e-13,7.929149606e-14,5.606880146e-14,9.788486909e-14,1.949487154e-13,1.326774255e-13,2.392673134e-13,3.516358672e-13,1.309683363e-13,4.230043268e-13,5.184223314e-14,1.696380395e-13,1.153214521e-13
172.3046875,9.346580408e-14,2.758513546e-13,2.080213751e-13,9.920157704e-14,1.990430599e-13,5.717113835e-14,1.44232049e-13,1.733419148e-13,7.021065215e-14,1.775871258e-13,1.740185906e-13,1.155952069e-13,2.091578483e-13,1.350486507e-13,4.391829976e-13,9.483159146e-13,6.273536647e-13,2.038862593e-13,1.453626744e-13,4.806451604e-13,7.990931525e-14,5.63500467e-14,9.686415677e-14,1.9282751e-13,1.306386606e-13,2.360972312e-13,3.454073092e-13,1.314533506e-13,4.12031871e-13,5.15245128e-14,1.696722076e-13,1.146410374e-13
172.3125,9.180505854e-14,2.783302636e-13,2.037548991e-13,9.732482741e-14,1.998654544e-13,5.582891509e-14,1.429988272e-13,1.727346654e-13,7.075703735e-14,1.766204921e-13,1.764076475e-13,1.140641093e-13,2.079447877e-13,1.332549752e-13,4.30953261e-13,9.367939711e-13,6.218707993e-13,2.000115637e-13,1.457765059e-13,4.79398461e-13,8.055371872e-14,5.663067266e-14,9.582764406e-14,1.907265495e-13,1.286186844e-13,2.329121827e-13,3.392390238e-13,1.319454354e-13,4.01433638e-13,5.120903721e-14,1.698362783e-13,1.139399539e-13
172.3203125,9.038284575e-14,2.810586569e-13,1.996174282e-13,9.560362679e-14,2.004955992e-13,5.460915031e-14,1.418064285e-13,1.720014636e-13,7.122626898e-14,1.755593225e-13,1.787459815e-13,1.126089698e-13,2.067560653e-13,1.316883234e-13,4.227416953e-13,9.249078917e-13,6.162381225e-13,1.963223527e-13,1.46215329e-13,4.775770483e-13,8.122629032e-14,5.688475073e-14,9.477491225e-14,1.885402761e-13,1.266202341e-13,2.29687045e-13,3.330129327e-13,1.325213773e-13,3.91073175e-13,5.091280456e-14,1.701322404e-13,1.132087385e-13
172.328125,8.899415155e-14,2.837210775e-13,1.956433147e-13,9.404224379e-14,2.00995331e-13,5.348323955e-14,1.406602949e-13,1.7121968e-13,7.161833767e-14,1.74474788e-13,1.810458804e-13,1.111373828e-13,2.05574207e-13,1.302168668e-13,4.14612342e-13,9.12836414e-13,6.104962653e-13,1.927788092e-13,1.466219864e-13,4.756166055e-13,8.184603514e-14,5.709996839e-14,9.369073253e-14,1.862873902e-13,1.246333238e-13,2.263843384e-13,3.267123994e-13,1.331993713e-13,3.807658253e-13,5.062134768e-14,1.705283032e-13,1.124291248e-13
172.3359375,8.763847479e-14,2.864597279e-13,1.918941094e-13,9.275084072e-14,2.015332403e-13,5.238502186e-14,1.395876887e-13,1.703673024e-13,7.197814974e-14,1.73389696e-13,1.833570956e-13,1.096808015e-13,2.044080253e-13,1.28726114e-13,4.067085922e-13,9.009759998e-13,6.048016374e-13,1.893678174e-13,1.470658593e-13,4.739348806e-13,8.237421764e-14,5.73066674e-14,9.25698243e-14,1.840296164e-13,1.226453029e-13,2.231098572e-13,3.206148111e-13,1.339191927e-13,3.706028768e-13,5.031861307e-14,1.709627939e-13,1.116199663e-13
172.34375,8.6365768e-14,2.894102806e-13,1.883369265e-13,9.167352011e-14,2.022381318e-13,5.131794187e-14,1.385346357e-13,1.693568494e-13,7.235715166e-14,1.722145844e-13,1.856400311e-13,1.083702364e-13,2.03288421e-13,1.272863505e-13,3.989710609e-13,8.892377679e-13,5.99109905e-13,1.861175057e-13,1.476085543e-13,4.723976914e-13,8.287719613e-14,5.754871902e-14,9.144947665e-14,1.817865352e-13,1.206473396e-13,2.199394931e-13,3.147987745e-13,1.345671688e-13,3.608926529e-13,4.999679083e-14,1.714765299e-13,1.10803196e-13
172.3515625,8.514132978e-14,2.923297311e-13,1.848681432e-13,9.066558637e-14,2.029338262e-13,5.02707605e-14,1.374681128e-13,1.68213909e-13,7.272608445e-14,1.709394355e-13,1.878606018e-13,1.071964525e-13,2.022331267e-13,1.259833709e-13,3.91213912e-13,8.773225741e-13,5.933278486e-13,1.829397748e-13,1.481661202e-13,4.706257789e-13,8.343534366e-14,5.779913826e-14,9.036574005e-14,1.795621592e-13,1.18654314e-13,2.167662321e-13,3.090528611e-13,1.351987771e-13,3.51554849e-13,4.965177816e-14,1.721107774e-13,1.099784391e-13
172.359375,8.405718889e-14,2.952492482e-13,1.815622066e-13,8.982555373e-14,2.033556351e-13,4.926671591e-14,1.364768346e-13,1.670504668e-13,7.304564954e-14,1.696723275e-13,1.900409037e-13,1.060850893e-13,2.012289244e-13,1.248838179e-13,3.835775038e-13,8.654939194e-13,5.876416475e-13,1.79684715e-13,1.486346214e-13,4.68616538e-13,8.403265999e-14,5.799857073e-14,8.93060771e-14,1.773543046e-13,1.167052346e-13,2.135618982e-13,3.03315779e-13,1.359464227e-13,3.42393072e-13,4.92840901e-14,1.727876181e-13,1.091517863e-13
172.3671875,8.312793925e-14,2.983241095e-13,1.786561241e-13,8.927964545e-14,2.035589154e-13,4.840079491e-14,1.356187763e-13,1.658693426e-13,7.329856752e-14,1.684581858e-13,1.92196207e-13,1.050461258e-13,2.002613245e-13,1.239964062e-13,3.763294331e-13,8.540292024e-13,5.821941127e-13,1.764566398e-13,1.490731096e-13,4.664914181e-13,8.456527898e-14,5.81519286e-14,8.824347979e-14,1.751151089e-13,1.148169051e-13,2.104343349e-13,2.976193701e-13,1.367443685e-13,3.335767312e-13,4.890586921e-14,1.735070078e-13,1.083172204e-13
172.375,8.220490859e-14,3.015234711e-13,1.761205109e-13,8.900345936e-14,2.037053775e-13,4.767236267e-14,1.348352103e-13,1.645762213e-13,7.345842492e-14,1.672013408e-13,1.943949539e-13,1.040772114e-13,1.993463177e-13,1.232422882e-13,3.693757086e-13,8.426099006e-13,5.767643588e-13,1.734506358e-13,1.49597934e-13,4.641648004e-13,8.500000593e-14,5.830687227e-14,8.716888241e-14,1.727982182e-13,1.129556158e-13,2.073845937e-13,2.919418525e-13,1.375314609e-13,3.25103832e-13,4.853744987e-14,1.743829766e-13,1.074694578e-13
172.3828125,8.131239563e-14,3.048484496e-13,1.736585869e-13,8.89913427e-14,2.038315297e-13,4.698708275e-14,1.340705955e-13,1.631578601e-13,7.35800623e-14,1.657926424e-13,1.966764137e-13,1.031554752e-13,1.985032847e-13,1.226124824e-13,3.624685238e-13,8.31025698e-13,5.711181888e-13,1.705420478e-13,1.501641073e-13,4.617330125e-13,8.540996945e-14,5.848415308e-14,8.607122738e-14,1.704635057e-13,1.11076227e-13,2.043593568e-13,2.863181632e-13,1.383973452e-13,3.167066396e-13,4.818835868e-14,1.753762725e-13,1.066369507e-13
172.390625,8.053288111e-14,3.081440636e-13,1.7121475e-13,8.916403825e-14,2.0391518e-13,4.632205071e-14,1.333303545e-13,1.616345319e-13,7.371038218e-14,1.642512739e-13,1.989092781e-13,1.02274687e-13,1.976756567e-13,1.221040848e-13,3.555777904e-13,8.194751096e-13,5.653168417e-13,1.675603821e-13,1.506787229e-13,4.593611587e-13,8.581652216e-14,5.865066024e-14,8.494362719e-14,1.681610665e-13,1.091723686e-13,2.013559402e-13,2.807244058e-13,1.39317681e-13,3.08465322e-13,4.784844991e-14,1.763365495e-13,1.057956968e-13
172.3984375,7.980849768e-14,3.113096929e-13,1.690423766e-13,8.937190847e-14,2.037997136e-13,4.573612541e-14,1.32647531e-13,1.599732263e-13,7.375799887e-14,1.627054179e-13,2.010487674e-13,1.014193253e-13,1.967678753e-13,1.215996605e-13,3.487949921e-13,8.079599808e-13,5.595149575e-13,1.646502105e-13,1.512004349e-13,4.568173734e-13,8.618833316e-14,5.877102084e-14,8.381509439e-14,1.658016915e-13,1.072764335e-13,1.983261996e-13,2.751307978e-13,1.402260853e-13,3.005663068e-13,4.750126097e-14,1.773030224e-13,1.048814997e-13
172.40625,7.918303095e-14,3.146375292e-13,1.672219699e-13,8.964817265e-14,2.033878422e-13,4.527629427e-14,1.320472245e-13,1.582134662e-13,7.36977495e-14,1.612213787e-13,2.032207414e-13,1.006283961e-13,1.958209228e-13,1.211019461e-13,3.421429466e-13,7.9632683e-13,5.537626799e-13,1.61946343e-13,1.517922695e-13,4.538891905e-13,8.655147656e-14,5.887891291e-14,8.272193736e-14,1.633740111e-13,1.054155696e-13,1.952450249e-13,2.69678529e-13,1.411846848e-13,2.929235209e-13,4.714111038e-14,1.784153913e-13,1.039377296e-13
172.4140625,7.872731384e-14,3.180907287e-13,1.654809765e-13,9.008255119e-14,2.029164541e-13,4.489341056e-14,1.314944134e-13,1.564332118e-13,7.363339077e-14,1.597121969e-13,2.053449795e-13,9.994656758e-14,1.94957107e-13,1.207701209e-13,3.35576016e-13,7.846838086e-13,5.480525424e-13,1.593091911e-13,1.523684731e-13,4.507792269e-13,8.693869872e-14,5.901505113e-14,8.166823762e-14,1.610412536e-13,1.035895182e-13,1.922078475e-13,2.643425391e-13,1.421512369e-13,2.8552451e-13,4.677588486e-14,1.795964176e-13,1.030508831e-13
172.421875,7.83203928e-14,3.213106631e-13,1.636840932e-13,9.066457565e-14,2.025922126e-13,4.448811825e-14,1.309386705e-13,1.546195895e-13,7.360164711e-14,1.580954052e-13,2.072488173e-13,9.933083106e-14,1.941307227e-13,1.206105381e-13,3.29137222e-13,7.732903705e-13,5.42377523e-13,1.565888659e-13,1.528531955e-13,4.478185937e-13,8.733034967e-14,5.916146626e-14,8.064963453e-14,1.588434418e-13,1.017965229e-13,1.89311522e-13,2.589076895e-13,1.430424398e-13,2.784255886e-13,4.641826146e-14,1.80658929e-13,1.022306699e-13
172.4296875,7.788786815e-14,3.24474436e-13,1.621258213e-13,9.143228034e-14,2.023323347e-13,4.408132145e-14,1.304109075e-13,1.527856279e-13,7.359042508e-14,1.564139832e-13,2.090856375e-13,9.876845121e-14,1.932418393e-13,1.204801598e-13,3.229733631e-13,7.622932997e-13,5.367514952e-13,1.538350209e-13,1.533017965e-13,4.452101022e-13,8.768577821e-14,5.931544518e-14,7.965628372e-14,1.566371459e-13,1.000321327e-13,1.865576461e-13,2.534941632e-13,1.439831069e-13,2.715162671e-13,4.60783298e-14,1.816371618e-13,1.014704562e-13
172.4375,7.752059146e-14,3.278087427e-13,1.609055788e-13,9.243530379e-14,2.020480602e-13,4.375329905e-14,1.299452201e-13,1.509580127e-13,7.358961261e-14,1.547010918e-13,2.110297011e-13,9.827498467e-14,1.923546777e-13,1.203333178e-13,3.170021645e-13,7.515083177e-13,5.311725845e-13,1.511546583e-13,1.537898554e-13,4.427446417e-13,8.796323034e-14,5.949558688e-14,7.865601757e-14,1.543771056e-13,9.826589042e-14,1.838434254e-13,2.483269804e-13,1.450505087e-13,2.64779188e-13,4.574984647e-14,1.826764744e-13,1.007356951e-13
172.4453125,7.734573295e-14,3.311276671e-13,1.595932447e-13,9.365541704e-14,2.017534542e-13,4.347146759e-14,1.294935883e-13,1.490342805e-13,7.355436347e-14,1.529402646e-13,2.129298848e-13,9.779603571e-14,1.914877547e-13,1.202296009e-13,3.10924278e-13,7.405196921e-13,5.255399804e-13,1.485696279e-13,1.543328676e-13,4.399036035e-13,8.815499014e-14,5.968302427e-14,7.764808773e-14,1.521478839e-13,9.647870634e-14,1.810368084e-13,2.432625813e-13,1.461835475e-13,2.58303347e-13,4.540164256e-14,1.837494328e-13,9.995223237e-14
172.453125,7.746102567e-14,3.345229974e-13,1.58015446e-13,9.505522876e-14,2.014206772e-13,4.319356951e-14,1.290336508e-13,1.469553434e-13,7.346401484e-14,1.511750283e-13,2.146858725e-13,9.731331092e-14,1.905479775e-13,1.201808194e-13,3.047498256e-13,7.29269718e-13,5.197731557e-13,1.461041596e-13,1.549188122e-13,4.366470826e-13,8.829384952e-14,5.985753287e-14,7.666606144e-14,1.499596349e-13,9.469339004e-14,1.781366728e-13,2.381958996e-13,1.47436422e-13,2.519989813e-13,4.50201589e-14,1.848039877e-13,9.913098248e-14
172.4609375,7.777673145e-14,3.382145287e-13,1.565454939e-13,9.65457281e-14,2.009036435e-13,4.295084518e-14,1.286120257e-13,1.448102086e-13,7.331387181e-14,1.494212189e-13,2.164259065e-13,9.686557011e-14,1.896212688e-13,1.201746194e-13,2.987760937e-13,7.180985084e-13,5.139840661e-13,1.437915729e-13,1.55502554e-13,4.333454705e-13,8.841678715e-14,6.000857378e-14,7.568663467e-14,1.477585564e-13,9.29289938e-14,1.752331355e-13,2.332663641e-13,1.488226972e-13,2.458197341e-13,4.4642745e-14,1.859375151e-13,9.831361265e-14
172.46875,7.806680326e-14,3.419092308e-13,1.553465529e-13,9.811582528e-14,2.001175905e-13,4.273920042e-14,1.282404524e-13,1.426617172e-13,7.311307925e-14,1.476138695e-13,2.181663282e-13,9.645334475e-14,1.888071054e-13,1.202477146e-13,2.930650274e-13,7.071157201e-13,5.082261716e-13,1.415211097e-13,1.560069558e-13,4.300374609e-13,8.854894707e-14,6.012855795e-14,7.466219818e-14,1.455850056e-13,9.117208788e-14,1.723498706e-13,2.284413453e-13,1.501794653e-13,2.399465794e-13,4.429172451e-14,1.871238042e-13,9.747654371e-14
172.4765625,7.832059493e-14,3.452192084e-13,1.542484794e-13,9.989352433e-14,1.992980219e-13,4.253914783e-14,1.278903991e-13,1.405359579e-13,7.29373103e-14,1.457787021e-13,2.198107452e-13,9.60707793e-14,1.879505193e-13,1.203300641e-13,2.874766059e-13,6.961906744e-13,5.0231154e-13,1.392271476e-13,1.564484935e-13,4.266586295e-13,8.865225372e-14,6.025829963e-14,7.362018679e-14,1.435116015e-13,8.941730395e-14,1.694969342e-13,2.236200111e-13,1.514782196e-13,2.34411587e-13,4.393879407e-14,1.881509677e-13,9.665695305e-14
172.484375,7.87342204e-14,3.482139361e-13,1.532365575e-13,1.01843023e-13,1.986283757e-13,4.236725383e-14,1.27562274e-13,1.384365171e-13,7.27883222e-14,1.439991387e-13,2.214006005e-13,9.570496482e-14,1.870244694e-13,1.203159365e-13,2.820059636e-13,6.853506922e-13,4.962466752e-13,1.370950395e-13,1.569561695e-13,4.232938108e-13,8.865700169e-14,6.042664464e-14,7.26048339e-14,1.414918935e-13,8.769905112e-14,1.66711713e-13,2.189062119e-13,1.528661596e-13,2.290193182e-13,4.358086949e-14,1.890480021e-13,9.591069405e-14
172.4921875,7.941794022e-14,3.513127801e-13,1.523560382e-13,1.038860648e-13,1.978635787e-13,4.223480622e-14,1.272792086e-13,1.36276467e-13,7.258448528e-14,1.422548752e-13,2.23020323e-13,9.535829827e-14,1.862578923e-13,1.204178532e-13,2.767468691e-13,6.747089442e-13,4.903621814e-13,1.351742203e-13,1.575598824e-13,4.198354849e-13,8.859930088e-14,6.059521111e-14,7.161406782e-14,1.394811634e-13,8.60421689e-14,1.639742739e-13,2.14349144e-13,1.544011433e-13,2.237591677e-13,4.324293212e-14,1.900815989e-13,9.515270352e-14
172.5,8.030392249e-14,3.548195675e-13,1.5153972e-13,1.062115623e-13,1.969170036e-13,4.216376674e-14,1.270513788e-13,1.340350273e-13,7.235158815e-14,1.404971717e-13,2.246565367e-13,9.510602492e-14,1.856573734e-13,1.208345492e-13,2.717543184e-13,6.643541814e-13,4.847668973e-13,1.332606787e-13,1.581729434e-13,4.162401696e-13,8.854119244e-14,6.075841704e-14,7.0653659e-14,1.375424799e-13,8.441195749e-14,1.61270348e-13,2.098996848e-13,1.560283895e-13,2.188116455e-13,4.290666877e-14,1.91266486e-13,9.432898411e-14
172.5078125,8.126407595e-14,3.585270287e-13,1.507933224e-13,1.088700722e-13,1.96053017e-13,4.215507715e-14,1.268673646e-13,1.318109458e-13,7.210958035e-14,1.387200622e-13,2.262624589e-13,9.492943292e-14,1.850307248e-13,1.212791875e-13,2.670240167e-13,6.543630756e-13,4.792943185e-13,1.313847054e-13,1.588044882e-13,4.126819863e-13,8.844261208e-14,6.09415742e-14,6.973245572e-14,1.356452397e-13,8.278672771e-14,1.586464823e-13,2.056098845e-13,1.576893387e-13,2.141543194e-13,4.255298262e-14,1.923787656e-13,9.353478599e-14
172.515625,8.228179995e-14,3.620219513e-13,1.501214823e-13,1.115993661e-13,1.9520306e-13,4.215709797e-14,1.26714953e-13,1.296123509e-13,7.179119012e-14,1.369321219e-13,2.277647168e-13,9.468507662e-14,1.843353634e-13,1.215471943e-13,2.624565024e-13,6.446093434e-13,4.738804589e-13,1.296926327e-13,1.594727555e-13,4.090841745e-13,8.830023914e-14,6.110822657e-14,6.882965283e-14,1.336659887e-13,8.120809163e-14,1.560880714e-13,2.014602253e-13,1.593546577e-13,2.095845198e-13,4.22070694e-14,1.933319984e-13,9.279656543e-14
172.5234375,8.340851355e-14,3.652623688e-13,1.494446326e-13,1.143460153e-13,1.941455149e-13,4.218944477e-14,1.265995661e-13,1.273849524e-13,7.144237605e-14,1.351747257e-13,2.291146038e-13,9.437961523e-14,1.835765093e-13,1.218742632e-13,2.579178965e-13,6.348361541e-13,4.684530184e-13,1.280258135e-13,1.6005998e-13,4.053546544e-13,8.818351556e-14,6.123537497e-14,6.794533198e-14,1.316623109e-13,7.96803389e-14,1.535218237e-13,1.97331882e-13,1.610528822e-13,2.050785243e-13,4.186929511e-14,1.941987658e-13,9.204199892e-14
172.53125,8.464596337e-14,3.685000856e-13,1.488171933e-13,1.172372281e-13,1.93077164e-13,4.231095318e-14,1.265116158e-13,1.251288022e-13,7.11312192e-14,1.334336522e-13,2.303962325e-13,9.414618267e-14,1.827750679e-13,1.223540783e-13,2.533836197e-13,6.2500706e-13,4.628600265e-13,1.262911902e-13,1.605683648e-13,4.016757603e-13,8.807880059e-14,6.137987677e-14,6.7092376e-14,1.297681204e-13,7.815088839e-14,1.50938389e-13,1.932781567e-13,1.62854051e-13,2.008055358e-13,4.151294916e-14,1.951072731e-13,9.127761899e-14
172.5390625,8.603979522e-14,3.718362968e-13,1.483165567e-13,1.2023343e-13,1.92156314e-13,4.246267212e-14,1.264185972e-13,1.228050472e-13,7.078753749e-14,1.315971979e-13,2.316411713e-13,9.399365096e-14,1.82051666e-13,1.228755782e-13,2.48907592e-13,6.151987999e-13,4.571020571e-13,1.246682928e-13,1.611651343e-13,3.979422157e-13,8.791477761e-14,6.157450301e-14,6.6241865e-14,1.279269448e-13,7.660500894e-14,1.483604992e-13,1.89387325e-13,1.647205079e-13,1.968167225e-13,4.114819588e-14,1.96138573e-13,9.054762084e-14
172.546875,8.757559278e-14,3.750548272e-13,1.478206219e-13,1.233531047e-13,1.911776137e-13,4.259770701e-14,1.263338035e-13,1.203868041e-13,7.038095633e-14,1.296603506e-13,2.327368064e-13,9.38275818e-14,1.813769489e-13,1.234384105e-13,2.445148733e-13,6.053587418e-13,4.512340055e-13,1.231532216e-13,1.618154145e-13,3.938756094e-13,8.764972724e-14,6.177344156e-14,6.538278829e-14,1.260415e-13,7.505169551e-14,1.457835332e-13,1.855548938e-13,1.664761649e-13,1.929312327e-13,4.0791029e-14,1.971238249e-13,8.983661661e-14
172.5546875,8.907329454e-14,3.779799107e-13,1.473084925e-13,1.267183448e-13,1.900354308e-13,4.280000835e-14,1.263215668e-13,1.179736797e-13,6.996243746e-14,1.277525699e-13,2.33763576e-13,9.358807652e-14,1.806080068e-13,1.239758888e-13,2.402529849e-13,5.955223209e-13,4.452737368e-13,1.216388843e-13,1.623569993e-13,3.896916874e-13,8.727362621e-14,6.19384707e-14,6.456096883e-14,1.2415541e-13,7.350582595e-14,1.432237862e-13,1.817290576e-13,1.681335833e-13,1.889923183e-13,4.042854293e-14,1.978588633e-13,8.913261803e-14
172.5625,9.052750745e-14,3.808202491e-13,1.469748128e-13,1.302423879e-13,1.888472952e-13,4.310166554e-14,1.26400091e-13,1.156379927e-13,6.954409128e-14,1.259203431e-13,2.349476509e-13,9.330933475e-14,1.798054354e-13,1.24412173e-13,2.362083466e-13,5.858872431e-13,4.392921517e-13,1.202615574e-13,1.62858051e-13,3.857061608e-13,8.682932623e-14,6.21047175e-14,6.379305197e-14,1.223242736e-13,7.201782644e-14,1.407181912e-13,1.780455903e-13,1.699593132e-13,1.851137653e-13,4.00576838e-14,1.984784855e-13,8.846206799e-14
172.5703125,9.209110554e-14,3.836954833e-13,1.467763422e-13,1.337992877e-13,1.877156988e-13,4.343373197e-14,1.265057858e-13,1.133311423e-13,6.914107984e-14,1.241015806e-13,2.361724157e-13,9.30706014e-14,1.790437402e-13,1.248390099e-13,2.323563981e-13,5.764950042e-13,4.332537973e-13,1.190931718e-13,1.634439724e-13,3.818666728e-13,8.634965146e-14,6.231892644e-14,6.305019742e-14,1.205268683e-13,7.058772295e-14,1.382831332e-13,1.74548096e-13,1.71954376e-13,1.814825385e-13,3.969145549e-14,1.991368061e-13,8.784704502e-14
172.578125,9.3752834e-14,3.863247091e-13,1.464306285e-13,1.374832803e-13,1.866757629e-13,4.377053309e-14,1.265722549e-13,1.110072188e-13,6.876426552e-14,1.222432437e-13,2.371379874e-13,9.284639857e-14,1.782460075e-13,1.252583702e-13,2.285620699e-13,5.672134061e-13,4.271021001e-13,1.179695525e-13,1.640455435e-13,3.781309316e-13,8.580880583e-14,6.255792216e-14,6.233665762e-14,1.187460319e-13,6.915553423e-14,1.359206741e-13,1.710991002e-13,1.738435539e-13,1.780280823e-13,3.933367616e-14,1.996722177e-13,8.728121232e-14
172.5859375,9.554477969e-14,3.886635824e-13,1.45912963e-13,1.413898564e-13,1.856773156e-13,4.410842563e-14,1.266029669e-13,1.086624365e-13,6.837561457e-14,1.203655027e-13,2.37898277e-13,9.254710242e-14,1.774322018e-13,1.255916935e-13,2.247729852e-13,5.579753522e-13,4.209938488e-13,1.168379109e-13,1.645973274e-13,3.745125463e-13,8.522472432e-14,6.278067098e-14,6.168331963e-14,1.170165806e-13,6.77365717e-14,1.335958782e-13,1.676305868e-13,1.756732383e-13,1.745741183e-13,3.897806674e-14,1.999822156e-13,8.672879386e-14
172.59375,9.751828193e-14,3.910027378e-13,1.45421447e-13,1.454670405e-13,1.846143922e-13,4.442143311e-14,1.266518426e-13,1.063108732e-13,6.795208801e-14,1.185618683e-13,2.387018052e-13,9.218492433e-14,1.766577238e-13,1.258512007e-13,2.210988393e-13,5.488208303e-13,4.149560432e-13,1.158059368e-13,1.651513605e-13,3.708314795e-13,8.463244976e-14,6.299656362e-14,6.108099987e-14,1.153592524e-13,6.638055139e-14,1.312488855e-13,1.642561545e-13,1.776693686e-13,1.711457192e-13,3.861371554e-14,2.002250517e-13,8.616301889e-14
172.6015625,9.943575414e-14,3.933631436e-13,1.450626197e-13,1.496575069e-13,1.834597785e-13,4.474637877e-14,1.267503747e-13,1.039938924e-13,6.749145468e-14,1.168485153e-13,2.395723546e-13,9.181940593e-14,1.758623117e-13,1.260272211e-13,2.176999913e-13,5.398674759e-13,4.08814175e-13,1.149190662e-13,1.65727811e-13,3.670040948e-13,8.399268559e-14,6.321835095e-14,6.048703126e-14,1.137179169e-13,6.506209497e-14,1.289044577e-13,1.610842296e-13,1.797311612e-13,1.678571398e-13,3.824334342e-14,2.005165044e-13,8.560280747e-14
172.609375,1.012167358e-13,3.955889091e-13,1.448875638e-13,1.539304015e-13,1.822969753e-13,4.514467417e-14,1.268780964e-13,1.017158204e-13,6.701199538e-14,1.150977336e-13,2.40400944e-13,9.147462709e-14,1.75039516e-13,1.261809414e-13,2.14554608e-13,5.311877899e-13,4.026579079e-13,1.141362804e-13,1.663054111e-13,3.631695458e-13,8.329811965e-14,6.344600612e-14,5.988733793e-14,1.120581428e-13,6.375048563e-14,1.266428144e-13,1.580592358e-13,1.816960379e-13,1.647331834e-13,3.788808332e-14,2.00815756e-13,8.507601863e-14
172.6171875,1.03151194e-13,3.976690446e-13,1.448382215e-13,1.582622001e-13,1.812274708e-13,4.558705031e-14,1.27013381e-13,9.942511496e-14,6.65717826e-14,1.132739644e-13,2.411412877e-13,9.115939095e-14,1.741907039e-13,1.26432417e-13,2.114359756e-13,5.226957609e-13,3.966464645e-13,1.133995103e-13,1.66887425e-13,3.593938136e-13,8.260084019e-14,6.370164197e-14,5.931871542e-14,1.104449817e-13,6.245688451e-14,1.244539052e-13,1.550651685e-13,1.836549199e-13,1.617584911e-13,3.754779724e-14,2.01021707e-13,8.459018135e-14
172.625,1.053192418e-13,3.995686781e-13,1.446810992e-13,1.62731024e-13,1.802807437e-13,4.603068366e-14,1.271748712e-13,9.712982987e-14,6.61862995e-14,1.114985236e-13,2.417520038e-13,9.083860538e-14,1.732594277e-13,1.266971952e-13,2.082953536e-13,5.143814507e-13,3.906796941e-13,1.126880088e-13,1.674701564e-13,3.557101916e-13,8.188718909e-14,6.399438893e-14,5.880861609e-14,1.089146724e-13,6.119054698e-14,1.222902312e-13,1.520818508e-13,1.857066792e-13,1.588842654e-13,3.719722651e-14,2.010536977e-13,8.414712944e-14
172.6328125,1.076071549e-13,4.01258993e-13,1.443756798e-13,1.67452618e-13,1.794250781e-13,4.650461936e-14,1.273644088e-13,9.489958468e-14,6.582441559e-14,1.097929035e-13,2.422275254e-13,9.049028076e-14,1.723554213e-13,1.269179584e-13,2.052936697e-13,5.06329625e-13,3.847237262e-13,1.12013712e-13,1.680500029e-13,3.522170042e-13,8.112021879e-14,6.430691531e-14,5.832184921e-14,1.074457387e-13,5.994811648e-14,1.201653317e-13,1.491711006e-13,1.878152909e-13,1.560695755e-13,3.683441091e-14,2.009535874e-13,8.372917791e-14
172.640625,1.100083053e-13,4.029266677e-13,1.441354369e-13,1.723531693e-13,1.786244728e-13,4.700118383e-14,1.275296172e-13,9.274628249e-14,6.547167935e-14,1.080737297e-13,2.426864474e-13,9.015656903e-14,1.715957215e-13,1.27181776e-13,2.023600137e-13,4.983906746e-13,3.788256628e-13,1.113785223e-13,1.686458394e-13,3.488728129e-13,8.033350207e-14,6.463098628e-14,5.782737585e-14,1.060570829e-13,5.871044487e-14,1.180707503e-13,1.464006289e-13,1.899338673e-13,1.533775728e-13,3.648121313e-14,2.008147225e-13,8.331358984e-14
172.6484375,1.12435108e-13,4.047389994e-13,1.439859306e-13,1.772407017e-13,1.77847833e-13,4.746578359e-14,1.276695099e-13,9.063319118e-14,6.509308171e-14,1.063767231e-13,2.431774733e-13,8.981307227e-14,1.708267357e-13,1.273679839e-13,1.993500299e-13,4.904100153e-13,3.728665775e-13,1.108160545e-13,1.692475074e-13,3.45554254e-13,7.955618877e-14,6.495657875e-14,5.736242812e-14,1.047225213e-13,5.747084001e-14,1.159676724e-13,1.437750891e-13,1.920902623e-13,1.508376978e-13,3.613784352e-14,2.006136695e-13,8.292636342e-14
172.65625,1.148367784e-13,4.065053125e-13,1.438075434e-13,1.821270701e-13,1.771031037e-13,4.792788937e-14,1.278657732e-13,8.853208541e-14,6.468196156e-14,1.047890933e-13,2.435699204e-13,8.940697411e-14,1.699366412e-13,1.273689552e-13,1.963880876e-13,4.824786942e-13,3.667569469e-13,1.103379843e-13,1.698122837e-13,3.422404487e-13,7.873960571e-14,6.528243241e-14,5.695078695e-14,1.033580622e-13,5.624696197e-14,1.138763429e-13,1.412110116e-13,1.943512423e-13,1.483750801e-13,3.578227655e-14,2.002882913e-13,8.259592303e-14
172.6640625,1.173398448e-13,4.079197403e-13,1.43626935e-13,1.871971995e-13,1.763990539e-13,4.841397124e-14,1.281160813e-13,8.640700364e-14,6.430506661e-14,1.032659121e-13,2.438407267e-13,8.899695472e-14,1.690334163e-13,1.273344714e-13,1.935026716e-13,4.74571823e-13,3.605296247e-13,1.098666493e-13,1.703320623e-13,3.389063053e-13,7.782976191e-14,6.56265394e-14,5.655443361e-14,1.020006228e-13,5.502634265e-14,1.118303119e-13,1.386750112e-13,1.96690011e-13,1.459741957e-13,3.541563947e-14,1.998675828e-13,8.228464685e-14
172.671875,1.199048887e-13,4.089947807e-13,1.434592671e-13,1.924386274e-13,1.756278609e-13,4.884910525e-14,1.283309252e-13,8.426661792e-14,6.394790968e-14,1.017243402e-13,2.440968659e-13,8.85886046e-14,1.681200583e-13,1.27216047e-13,1.905838266e-13,4.666695454e-13,3.542628941e-13,1.09420329e-13,1.708238297e-13,3.355293275e-13,7.686203189e-14,6.595880949e-14,5.616255401e-14,1.007180069e-13,5.381381551e-14,1.098299675e-13,1.362379279e-13,1.989780954e-13,1.436271168e-13,3.506046504e-14,1.993610741e-13,8.195807039e-14
172.6796875,1.224491682e-13,4.099016131e-13,1.432332468e-13,1.976272747e-13,1.747718129e-13,4.925866022e-14,1.285374771e-13,8.218500914e-14,6.354289955e-14,1.001883282e-13,2.442601565e-13,8.808241365e-14,1.670704848e-13,1.268394814e-13,1.877519994e-13,4.589684496e-13,3.480350075e-13,1.09103771e-13,1.712939173e-13,3.32192202e-13,7.58961467e-14,6.624705867e-14,5.580896384e-14,9.944179947e-14,5.266211341e-14,1.078524204e-13,1.338811804e-13,2.011669986e-13,1.412736152e-13,3.469970785e-14,1.986839739e-13,8.164941933e-14
172.6875,1.251319923e-13,4.106995165e-13,1.429278113e-13,2.027479329e-13,1.740875461e-13,4.977586164e-14,1.288237823e-13,8.016917558e-14,6.315978783e-14,9.871138325e-14,2.442309412e-13,8.752207168e-14,1.659008663e-13,1.263635704e-13,1.850142815e-13,4.512939221e-13,3.416702473e-13,1.088476386e-13,1.717822881e-13,3.289346234e-13,7.48952244e-14,6.656924665e-14,5.549717816e-14,9.815186295e-14,5.154098073e-14,1.058165191e-13,1.315309496e-13,2.033641152e-13,1.389770682e-13,3.428734187e-14,1.97829265e-13,8.139612214e-14
172.6953125,1.279786423e-13,4.11496249e-13,1.425236159e-13,2.080628609e-13,1.736611769e-13,5.035441249e-14,1.291428577e-13,7.81723885e-14,6.286323671e-14,9.728001849e-14,2.441374606e-13,8.701422509e-14,1.647607315e-13,1.259046098e-13,1.821478558e-13,4.433272846e-13,3.34966749e-13,1.085567781e-13,1.723313425e-13,3.257126124e-13,7.381830326e-14,6.697640086e-14,5.520027683e-14,9.694860608e-14,5.038746571e-14,1.036877968e-13,1.292832072e-13,2.056865545e-13,1.367962221e-13,3.383497073e-14,1.96910384e-13,8.118705502e-14
172.703125,1.307933186e-13,4.123518284e-13,1.420456619e-13,2.13638703e-13,1.732034741e-13,5.08598078e-14,1.29420509e-13,7.622401067e-14,6.255899113e-14,9.587174316e-14,2.440272078e-13,8.648893649e-14,1.637269026e-13,1.252509213e-13,1.792599658e-13,4.354292294e-13,3.281990256e-13,1.083272311e-13,1.728816114e-13,3.225039135e-13,7.274834634e-14,6.736966018e-14,5.490305427e-14,9.582432429e-14,4.926500767e-14,1.016033205e-13,1.272421387e-13,2.080814047e-13,1.346295143e-13,3.339419989e-14,1.959430596e-13,8.099015823e-14
172.7109375,1.335972312e-13,4.131230238e-13,1.415809976e-13,2.192715095e-13,1.726381883e-13,5.134360622e-14,1.296819732e-13,7.43400986e-14,6.221565564e-14,9.451588611e-14,2.43811951e-13,8.588606373e-14,1.627311837e-13,1.243622995e-13,1.765480506e-13,4.279481323e-13,3.216330786e-13,1.082301299e-13,1.733803889e-13,3.192785395e-13,7.175474548e-14,6.771632812e-14,5.462590951e-14,9.470177954e-14,4.823197845e-14,9.966662434e-14,1.253266714e-13,2.104298808e-13,1.32531443e-13,3.296389435e-14,1.948760643e-13,8.079718265e-14
172.71875,1.365662453e-13,4.137796118e-13,1.410735051e-13,2.249686263e-13,1.722173044e-13,5.188985156e-14,1.299377974e-13,7.246457625e-14,6.193408706e-14,9.324907199e-14,2.43582262e-13,8.528740273e-14,1.617180898e-13,1.2345483e-13,1.73853499e-13,4.20596146e-13,3.151292845e-13,1.082214683e-13,1.739150451e-13,3.160791334e-13,7.076303226e-14,6.812870191e-14,5.442149549e-14,9.363739504e-14,4.723832463e-14,9.777628373e-14,1.234767104e-13,2.128001796e-13,1.306651148e-13,3.250966331e-14,1.937741133e-13,8.063941369e-14
172.7265625,1.396993868e-13,4.143471823e-13,1.404840537e-13,2.308924446e-13,1.719548003e-13,5.24519266e-14,1.301751989e-13,7.061296412e-14,6.171064328e-14,9.205989867e-14,2.434283427e-13,8.468090841e-14,1.6073785e-13,1.225418629e-13,1.711278016e-13,4.132991591e-13,3.086792037e-13,1.0829024e-13,1.745247335e-13,3.130590402e-13,6.968515096e-14,6.860651191e-14,5.429566434e-14,9.269116406e-14,4.626572331e-14,9.584226324e-14,1.217148388e-13,2.152688078e-13,1.288841929e-13,3.203371797e-14,1.926216575e-13,8.053942516e-14
172.734375,1.428687621e-13,4.147343451e-13,1.399950918e-13,2.368957846e-13,1.716772527e-13,5.300807761e-14,1.304368845e-13,6.884176275e-14,6.145068082e-14,9.089840384e-14,2.432394119e-13,8.398266964e-14,1.597682925e-13,1.214664101e-13,1.685420406e-13,4.062796665e-13,3.023406046e-13,1.084526003e-13,1.750949166e-13,3.102214766e-13,6.854007121e-14,6.903475518e-14,5.418419876e-14,9.177480394e-14,4.533276741e-14,9.393943677e-14,1.200150051e-13,2.176837703e-13,1.270321975e-13,3.156017931e-14,1.912802067e-13,8.046627875e-14
172.7421875,1.460255218e-13,4.150836368e-13,1.396493454e-13,2.428036522e-13,1.714193519e-13,5.361446773e-14,1.307303939e-13,6.713516706e-14,6.116436716e-14,8.972764366e-14,2.429673665e-13,8.326249621e-14,1.587200628e-13,1.202752863e-13,1.66062123e-13,3.994216751e-13,2.959475178e-13,1.087094695e-13,1.755848923e-13,3.074249216e-13,6.738675903e-14,6.942764117e-14,5.406563006e-14,9.082143162e-14,4.441930695e-14,9.214089281e-14,1.184038958e-13,2.19995954e-13,1.253069827e-13,3.109417854e-14,1.898466724e-13,8.039123638e-14
172.75,1.492649044e-13,4.154593629e-13,1.392638565e-13,2.488180015e-13,1.712240017e-13,5.430677689e-14,1.310045059e-13,6.547236193e-14,6.090590816e-14,8.855928027e-14,2.426428153e-13,8.258578337e-14,1.576469641e-13,1.191389902e-13,1.635821749e-13,3.92592332e-13,2.895828456e-13,1.090031898e-13,1.760569802e-13,3.046273534e-13,6.623952941e-14,6.986377579e-14,5.397909691e-14,8.9880925e-14,4.352220423e-14,9.039414041e-14,1.16951948e-13,2.223593986e-13,1.237910735e-13,3.061656694e-14,1.884841126e-13,8.033384135e-14
172.7578125,1.526333556e-13,4.15381718e-13,1.3878076e-13,2.550462226e-13,1.7099238e-13,5.505315914e-14,1.312586793e-13,6.382130591e-14,6.065095868e-14,8.742351444e-14,2.422021705e-13,8.183472968e-14,1.565951584e-13,1.179989742e-13,1.610744942e-13,3.85806137e-13,2.833846516e-13,1.092281284e-13,1.764890146e-13,3.017930227e-13,6.508878283e-14,7.030936169e-14,5.393195925e-14,8.896128037e-14,4.266193178e-14,8.862331732e-14,1.156071524e-13,2.247087072e-13,1.222505634e-13,3.010472729e-14,1.870310463e-13,8.030331178e-14
172.765625,1.560367825e-13,4.147613838e-13,1.382106146e-13,2.612453044e-13,1.707654253e-13,5.577743913e-14,1.315142831e-13,6.212355273e-14,6.037898636e-14,8.632210228e-14,2.416319293e-13,8.095709489e-14,1.554778732e-13,1.167036268e-13,1.584916971e-13,3.789773398e-13,2.771017319e-13,1.094447633e-13,1.768567395e-13,2.988636606e-13,6.39458442e-14,7.072457758e-14,5.390966014e-14,8.801359069e-14,4.184337854e-14,8.684531178e-14,1.14336988e-13,2.268980475e-13,1.206439327e-13,2.956351465e-14,1.853797187e-13,8.027841255e-14
172.7734375,1.595503931e-13,4.142228649e-13,1.375684212e-13,2.673448973e-13,1.706850181e-13,5.648803228e-14,1.317585086e-13,6.044036999e-14,6.013303834e-14,8.524842888e-14,2.410249229e-13,8.010219844e-14,1.543311831e-13,1.153745992e-13,1.558966641e-13,3.722266468e-13,2.70762924e-13,1.098281657e-13,1.772379243e-13,2.959663012e-13,6.280400268e-14,7.116251532e-14,5.390984312e-14,8.707296814e-14,4.106241408e-14,8.511266033e-14,1.132068367e-13,2.290807377e-13,1.191738716e-13,2.902068467e-14,1.837602907e-13,8.027218705e-14
172.78125,1.633085711e-13,4.1381232e-13,1.370450437e-13,2.734507636e-13,1.707331197e-13,5.727928064e-14,1.319974491e-13,5.886308363e-14,5.992255722e-14,8.421220287e-14,2.404221117e-13,7.933595791e-14,1.532275218e-13,1.141200768e-13,1.533496221e-13,3.657258149e-13,2.646840214e-13,1.103517486e-13,1.776380385e-13,2.932434669e-13,6.161469598e-14,7.164425056e-14,5.392413364e-14,8.618929172e-14,4.029457496e-14,8.340804845e-14,1.121616574e-13,2.313319701e-13,1.178665959e-13,2.8491027e-14,1.822552095e-13,8.031480877e-14
172.7890625,1.670393084e-13,4.129874467e-13,1.367469404e-13,2.793919995e-13,1.70806891e-13,5.813712102e-14,1.322421996e-13,5.731183331e-14,5.969205038e-14,8.321007524e-14,2.398261829e-13,7.853182633e-14,1.520258562e-13,1.126886188e-13,1.50736407e-13,3.592377485e-13,2.586712715e-13,1.108851859e-13,1.779580601e-13,2.905762176e-13,6.038068398e-14,7.210312236e-14,5.396026266e-14,8.531594421e-14,3.953210411e-14,8.169150453e-14,1.111066107e-13,2.334118469e-13,1.166168284e-13,2.79677546e-14,1.806487122e-13,8.037517208e-14
172.796875,1.705363717e-13,4.118414141e-13,1.364959516e-13,2.850425762e-13,1.708954554e-13,5.898827976e-14,1.324702245e-13,5.572129751e-14,5.944036974e-14,8.223722574e-14,2.392738295e-13,7.765434293e-14,1.506932256e-13,1.109921076e-13,1.4805507e-13,3.526553699e-13,2.525210279e-13,1.114107069e-13,1.782027672e-13,2.878199331e-13,5.916637995e-14,7.251913943e-14,5.403025025e-14,8.443383017e-14,3.880652056e-14,7.99838331e-14,1.101305977e-13,2.35278717e-13,1.154680526e-13,2.74361494e-14,1.788781599e-13,8.041129284e-14
172.8046875,1.741414956e-13,4.108074813e-13,1.361573503e-13,2.90715952e-13,1.710793716e-13,5.985177667e-14,1.326739282e-13,5.417585473e-14,5.923475584e-14,8.131045405e-14,2.387656008e-13,7.682349261e-14,1.494411976e-13,1.093736232e-13,1.454185903e-13,3.462673253e-13,2.464965303e-13,1.119247656e-13,1.784772176e-13,2.851062108e-13,5.797243323e-14,7.296549084e-14,5.410499797e-14,8.359718979e-14,3.810366975e-14,7.832782231e-14,1.093401139e-13,2.371583693e-13,1.145075493e-13,2.688848092e-14,1.771301938e-13,8.045611234e-14
172.8125,1.779988143e-13,4.097703212e-13,1.357521836e-13,2.966312185e-13,1.713860995e-13,6.073210612e-14,1.328658516e-13,5.268712862e-14,5.905620763e-14,8.041109518e-14,2.38205369e-13,7.603344648e-14,1.48276923e-13,1.079236714e-13,1.428128071e-13,3.401429473e-13,2.40651096e-13,1.124421449e-13,1.787961551e-13,2.826125818e-13,5.67614359e-14,7.346148275e-14,5.416663402e-14,8.279506685e-14,3.739113544e-14,7.673172388e-14,1.086998206e-13,2.390489276e-13,1.136878499e-13,2.63348434e-14,1.75502525e-13,8.054664835e-14
172.8203125,1.818376976e-13,4.084720202e-13,1.353347425e-13,3.025307573e-13,1.717256832e-13,6.161784362e-14,1.33046385e-13,5.118882613e-14,5.883982629e-14,7.95143781e-14,2.375269383e-13,7.517402912e-14,1.470294936e-13,1.063744339e-13,1.402442109e-13,3.341513206e-13,2.348757366e-13,1.13042407e-13,1.790935896e-13,2.802651424e-13,5.556767479e-14,7.39436375e-14,5.4241402e-14,8.199716697e-14,3.671004299e-14,7.517921225e-14,1.081661763e-13,2.408204019e-13,1.129183851e-13,2.578744043e-14,1.739020383e-13,8.066275125e-14
172.828125,1.856853786e-13,4.069504619e-13,1.349983509e-13,3.081477894e-13,1.720967941e-13,6.255846738e-14,1.332209293e-13,4.971976445e-14,5.86559552e-14,7.868900215e-14,2.368634581e-13,7.42964193e-14,1.457582746e-13,1.047227738e-13,1.377211669e-13,3.283052676e-13,2.292844335e-13,1.137056006e-13,1.793616511e-13,2.779848593e-13,5.440897713e-14,7.44176251e-14,5.433936979e-14,8.1257993e-14,3.60875153e-14,7.366472526e-14,1.077459321e-13,2.425460733e-13,1.121666424e-13,2.524606734e-14,1.722698995e-13,8.079644523e-14
172.8359375,1.896392723e-13,4.052424201e-13,1.347295404e-13,3.135747519e-13,1.725746212e-13,6.352142632e-14,1.333941869e-13,4.833005359e-14,5.855666555e-14,7.797155824e-14,2.363605122e-13,7.34691089e-14,1.445720165e-13,1.031092066e-13,1.351586242e-13,3.226188755e-13,2.238479886e-13,1.143528214e-13,1.796349029e-13,2.758475967e-13,5.323162451e-14,7.492692556e-14,5.445383605e-14,8.059095139e-14,3.5488491e-14,7.219400427e-14,1.074452806e-13,2.442569271e-13,1.11466996e-13,2.47085693e-14,1.706345001e-13,8.094633317e-14
172.84375,1.935324455e-13,4.034466577e-13,1.343997153e-13,3.1911613e-13,1.730452735e-13,6.445947806e-14,1.335592459e-13,4.697969754e-14,5.842352501e-14,7.725332165e-14,2.358786983e-13,7.259338302e-14,1.433631459e-13,1.014603614e-13,1.326594524e-13,3.171353156e-13,2.185215497e-13,1.150436348e-13,1.799114152e-13,2.737295684e-13,5.205284375e-14,7.543512153e-14,5.459822952e-14,7.992480755e-14,3.491981207e-14,7.074826444e-14,1.072837601e-13,2.45865388e-13,1.109118077e-13,2.416734151e-14,1.689729001e-13,8.10822783e-14
172.8515625,1.975091606e-13,4.017942254e-13,1.340485457e-13,3.248864075e-13,1.734866752e-13,6.547914789e-14,1.33719875e-13,4.564599483e-14,5.825539854e-14,7.649775122e-14,2.352167428e-13,7.16734012e-14,1.420764623e-13,9.977977313e-14,1.303494301e-13,3.119679676e-13,2.134778804e-13,1.158647507e-13,1.801764385e-13,2.714854551e-13,5.094453734e-14,7.594047032e-14,5.477648006e-14,7.926447103e-14,3.441344733e-14,6.932324306e-14,1.072694409e-13,2.47440486e-13,1.105263144e-13,2.36088813e-14,1.673199442e-13,8.123377536e-14
172.859375,2.018122926e-13,4.000556743e-13,1.337692104e-13,3.304843949e-13,1.741632688e-13,6.659424032e-14,1.338751404e-13,4.435176226e-14,5.820419978e-14,7.581399236e-14,2.344296892e-13,7.083998434e-14,1.408221087e-13,9.816524145e-14,1.28027814e-13,3.070721154e-13,2.086504761e-13,1.16758583e-13,1.804157031e-13,2.694286562e-13,4.987802053e-14,7.649523455e-14,5.494936672e-14,7.867418171e-14,3.394765709e-14,6.796428999e-14,1.073297627e-13,2.489709771e-13,1.102312649e-13,2.303667877e-14,1.65798913e-13,8.145661738e-14
172.8671875,2.061888509e-13,3.977631977e-13,1.334875777e-13,3.355544328e-13,1.750389546e-13,6.765528251e-14,1.34018508e-13,4.310703703e-14,5.82117273e-14,7.522013827e-14,2.336596721e-13,7.002557899e-14,1.396162279e-13,9.654227227e-14,1.256252276e-13,3.023817744e-13,2.039409321e-13,1.176624986e-13,1.806120125e-13,2.677148607e-13,4.87999001e-14,7.704705303e-14,5.507328928e-14,7.812253552e-14,3.350557096e-14,6.66630146e-14,1.073625486e-13,2.502731307e-13,1.10045776e-13,2.246372114e-14,1.643499555e-13,8.169341757e-14
172.875,2.105184846e-13,3.953259316e-13,1.332251396e-13,3.405608615e-13,1.758413505e-13,6.870224882e-14,1.341697056e-13,4.190042132e-14,5.814151849e-14,7.465454014e-14,2.329675198e-13,6.914037183e-14,1.384033067e-13,9.491887721e-14,1.233961998e-13,2.979588699e-13,1.995530782e-13,1.186700431e-13,1.808157482e-13,2.65911376e-13,4.774706175e-14,7.756381552e-14,5.518062771e-14,7.753463349e-14,3.31074043e-14,6.536769979e-14,1.07390106e-13,2.515381754e-13,1.100849921e-13,2.189322327e-14,1.629071062e-13,8.188280926e-14
172.8828125,2.15093276e-13,3.935228323e-13,1.331396604e-13,3.459689375e-13,1.767350046e-13,6.991978664e-14,1.343424037e-13,4.070441478e-14,5.809113319e-14,7.413327765e-14,2.32356791e-13,6.832847392e-14,1.372247332e-13,9.344164751e-14,1.213470816e-13,2.937844887e-13,1.954264818e-13,1.198567444e-13,1.8108922e-13,2.639422529e-13,4.675186796e-14,7.815208985e-14,5.535355418e-14,7.694183983e-14,3.274263277e-14,6.412081577e-14,1.075702588e-13,2.530692155e-13,1.103210561e-13,2.133103126e-14,1.616750156e-13,8.208674449e-14
172.890625,2.198499348e-13,3.919861052e-13,1.331743742e-13,3.513190028e-13,1.778861944e-13,7.128586298e-14,1.345303421e-13,3.952479543e-14,5.812802074e-14,7.366000986e-14,2.317036929e-13,6.76252524e-14,1.360738272e-13,9.202652223e-14,1.192990284e-13,2.898557286e-13,1.913616622e-13,1.210889e-13,1.813475924e-13,2.622356815e-13,4.579021354e-14,7.880909769e-14,5.558347777e-14,7.642440097e-14,3.23921822e-14,6.296487183e-14,1.079627964e-13,2.545609693e-13,1.106322167e-13,2.077850686e-14,1.60653246e-13,8.234730266e-14
172.8984375,2.244450183e-13,3.89822837e-13,1.331348419e-13,3.562938844e-13,1.790077676e-13,7.261734071e-14,1.347287787e-13,3.842343586e-14,5.813835595e-14,7.319289015e-14,2.309131613e-13,6.685250752e-14,1.348470679e-13,9.050530245e-14,1.173155827e-13,2.862968604e-13,1.875380166e-13,1.222492812e-13,1.81489761e-13,2.60768723e-13,4.483465249e-14,7.940836475e-14,5.578759789e-14,7.596009643e-14,3.208859221e-14,6.184028581e-14,1.084107423e-13,2.556985081e-13,1.110332088e-13,2.021667252e-14,1.595142409e-13,8.262803575e-14
172.90625,2.289139786e-13,3.871567089e-13,1.330264436e-13,3.613414127e-13,1.800373582e-13,7.385715045e-14,1.348910456e-13,3.741517668e-14,5.811148862e-14,7.274862563e-14,2.301406375e-13,6.600870969e-14,1.335717875e-13,8.89250449e-14,1.154590249e-13,2.830691098e-13,1.840025399e-13,1.234546082e-13,1.816002972e-13,2.592651248e-13,4.387146818e-14,7.997078969e-14,5.596580565e-14,7.548369966e-14,3.184638647e-14,6.072676911e-14,1.088098775e-13,2.567614637e-13,1.116331645e-13,1.963803314e-14,1.582759197e-13,8.292160671e-14
172.9140625,2.335370489e-13,3.845124869e-13,1.32986443e-13,3.664216377e-13,1.812035196e-13,7.514390854e-14,1.34983301e-13,3.643978783e-14,5.811838455e-14,7.235686153e-14,2.294410654e-13,6.521722534e-14,1.32330255e-13,8.738735802e-14,1.136580865e-13,2.800635855e-13,1.806245736e-13,1.248148134e-13,1.817555772e-13,2.578138489e-13,4.292890642e-14,8.056840138e-14,5.616983692e-14,7.50135883e-14,3.162981768e-14,5.965495818e-14,1.092870316e-13,2.578607012e-13,1.123988806e-13,1.905807915e-14,1.572039669e-13,8.323092773e-14
172.921875,2.384892828e-13,3.81784498e-13,1.330228608e-13,3.709877356e-13,1.824539026e-13,7.65930154e-14,1.350894362e-13,3.547664272e-14,5.813652518e-14,7.201876815e-14,2.285944367e-13,6.444414104e-14,1.310563033e-13,8.596148594e-14,1.119660735e-13,2.773955623e-13,1.776375949e-13,1.262791993e-13,1.818871366e-13,2.564868229e-13,4.20503179e-14,8.115840645e-14,5.638537512e-14,7.456576005e-14,3.144613e-14,5.861348835e-14,1.099290047e-13,2.587448556e-13,1.131917914e-13,1.847616931e-14,1.562346769e-13,8.354151993e-14
172.9296875,2.437739015e-13,3.789685609e-13,1.33012846e-13,3.752747322e-13,1.837175749e-13,7.812181444e-14,1.352570343e-13,3.455432328e-14,5.816111589e-14,7.174474019e-14,2.276395135e-13,6.365358596e-14,1.297402509e-13,8.468454537e-14,1.104109746e-13,2.750816816e-13,1.751275345e-13,1.278120078e-13,1.820131478e-13,2.551548626e-13,4.12117738e-14,8.17471245e-14,5.658827095e-14,7.410012304e-14,3.131548323e-14,5.761274232e-14,1.106343311e-13,2.595409422e-13,1.1405291e-13,1.787960329e-14,1.552496839e-13,8.386678678e-14
172.9375,2.491803753e-13,3.764058398e-13,1.329554377e-13,3.797657364e-13,1.850621595e-13,7.962475666e-14,1.353817154e-13,3.366091358e-14,5.822096805e-14,7.150918868e-14,2.268489223e-13,6.291211219e-14,1.285030072e-13,8.346980497e-14,1.08861088e-13,2.728925408e-13,1.72763303e-13,1.29384706e-13,1.822007282e-13,2.538106317e-13,4.03882095e-14,8.238934503e-14,5.680296555e-14,7.364976805e-14,3.119000477e-14,5.666409115e-14,1.113771797e-13,2.60457786e-13,1.150763293e-13,1.728272708e-14,1.543714044e-13,8.419637412e-14
172.9453125,2.544923316e-13,3.738349178e-13,1.330325514e-13,3.841442499e-13,1.863495528e-13,8.113559121e-14,1.354216726e-13,3.276107169e-14,5.828963666e-14,7.125911258e-14,2.261319701e-13,6.221617435e-14,1.272971179e-13,8.22791339e-14,1.073083587e-13,2.708176813e-13,1.70493378e-13,1.309125706e-13,1.823324317e-13,2.525514938e-13,3.960504193e-14,8.302790978e-14,5.702974762e-14,7.328719775e-14,3.105367202e-14,5.572454109e-14,1.12256845e-13,2.612148331e-13,1.16132703e-13,1.671238881e-14,1.536715076e-13,8.448646562e-14
172.953125,2.597977108e-13,3.708231591e-13,1.332604621e-13,3.881774165e-13,1.875507909e-13,8.269130038e-14,1.354571672e-13,3.186533063e-14,5.837328778e-14,7.099565601e-14,2.253021587e-13,6.152169058e-14,1.260105458e-13,8.120238786e-14,1.058527287e-13,2.690355576e-13,1.684711759e-13,1.324437037e-13,1.823622515e-13,2.514475783e-13,3.883338101e-14,8.362791512e-14,5.722705396e-14,7.298670929e-14,3.095604622e-14,5.480528848e-14,1.132609218e-13,2.61692575e-13,1.172070652e-13,1.616950275e-14,1.531051541e-13,8.475896978e-14
172.9609375,2.653077729e-13,3.677326169e-13,1.334029369e-13,3.922851739e-13,1.889138806e-13,8.427368949e-14,1.354968384e-13,3.100705141e-14,5.850450033e-14,7.074434025e-14,2.245194133e-13,6.084532308e-14,1.247546647e-13,8.020641054e-14,1.044895183e-13,2.675301534e-13,1.666619836e-13,1.341229331e-13,1.824851746e-13,2.504578714e-13,3.803644392e-14,8.426482362e-14,5.73932444e-14,7.269566263e-14,3.089718169e-14,5.394671357e-14,1.143445186e-13,2.622281606e-13,1.185010119e-13,1.563396781e-14,1.526180841e-13,8.507262722e-14
172.96875,2.70974815e-13,3.649277243e-13,1.334346274e-13,3.964462784e-13,1.90375054e-13,8.589106616e-14,1.355122106e-13,3.019213272e-14,5.863993638e-14,7.049773264e-14,2.238546599e-13,6.018473401e-14,1.23597125e-13,7.921466506e-14,1.032470342e-13,2.663315846e-13,1.651373931e-13,1.359001193e-13,1.827018635e-13,2.494595553e-13,3.727778709e-14,8.493681908e-14,5.757327329e-14,7.240273184e-14,3.085486508e-14,5.312080395e-14,1.155809035e-13,2.628180323e-13,1.19913832e-13,1.509483595e-14,1.521419234e-13,8.542718961e-14
172.9765625,2.766166704e-13,3.621621687e-13,1.335853299e-13,4.001282439e-13,1.916785781e-13,8.755605682e-14,1.355511073e-13,2.941520812e-14,5.874644506e-14,7.023827773e-14,2.231653748e-13,5.951242222e-14,1.223893652e-13,7.831499274e-14,1.022158393e-13,2.656226332e-13,1.640062787e-13,1.376244607e-13,1.827792717e-13,2.485049936e-13,3.658602769e-14,8.55750515e-14,5.777044932e-14,7.209846699e-14,3.083944547e-14,5.232507102e-14,1.169461648e-13,2.631406203e-13,1.212631933e-13,1.455908999e-14,1.516892275e-13,8.578992605e-14
172.984375,2.822806872e-13,3.593123411e-13,1.338144429e-13,4.034757215e-13,1.929677662e-13,8.925276536e-14,1.356083468e-13,2.867412187e-14,5.886398803e-14,6.998545968e-14,2.224877265e-13,5.884709952e-14,1.211127725e-13,7.754699601e-14,1.013315925e-13,2.652605514e-13,1.631069397e-13,1.393148128e-13,1.827503855e-13,2.477063736e-13,3.589163651e-14,8.620750337e-14,5.794949045e-14,7.180985002e-14,3.083477568e-14,5.158895253e-14,1.183059605e-13,2.632990937e-13,1.227423442e-13,1.402874655e-14,1.512908668e-13,8.61475672e-14
172.9921875,2.88145928e-13,3.564195928e-13,1.338459926e-13,4.069510299e-13,1.94477789e-13,9.095712162e-14,1.355739209e-13,2.795426589e-14,5.901816558e-14,6.976815047e-14,2.218383671e-13,5.822107195e-14,1.198974598e-13,7.682931476e-14,1.004791774e-13,2.649724833e-13,1.6232292e-13,1.410506919e-13,1.828110782e-13,2.470519592e-13,3.517673652e-14,8.687686193e-14,5.811913226e-14,7.15624804e-14,3.08238124e-14,5.089517121e-14,1.197446571e-13,2.634971798e-13,1.244151056e-13,1.349087607e-14,1.508922819e-13,8.650180257e-14
173,2.942185481e-13,3.534088323e-13,1.33696428e-13,4.102315874e-13,1.961116245e-13,9.267715816e-14,1.354286568e-13,2.72605052e-14,5.919981932e-14,6.955177653e-14,2.210843228e-13,5.764399316e-14,1.187227432e-13,7.617728727e-14,9.971691128e-14,2.649579183e-13,1.618020617e-13,1.428345499e-13,1.829135163e-13,2.466384905e-13,3.448049023e-14,8.754456592e-14,5.82937632e-14,7.130747276e-14,3.082534485e-14,5.025432854e-14,1.214556565e-13,2.635594865e-13,1.260781602e-13,1.295345006e-14,1.505353694e-13,8.685072119e-14
173.0078125,3.003441038e-13,3.504756261e-13,1.336018015e-13,4.129813254e-13,1.976986866e-13,9.444324531e-14,1.352893839e-13,2.662036374e-14,5.938530496e-14,6.932209617e-14,2.202820518e-13,5.709973198e-14,1.175302635e-13,7.563181904e-14,9.913750498e-14,2.654689082e-13,1.616827463e-13,1.4466121e-13,1.829563726e-13,2.464426768e-13,3.381642881e-14,8.818927901e-14,5.844561614e-14,7.103924132e-14,3.084321061e-14,4.969259853e-14,1.233803322e-13,2.63495613e-13,1.277865967e-13,1.245239366e-14,1.502904282e-13,8.719062699e-14
173.015625,3.063595823e-13,3.478154965e-13,1.335699253e-13,4.15702459e-13,1.991909848e-13,9.618923022e-14,1.351805799e-13,2.601237718e-14,5.954254218e-14,6.915728597e-14,2.195179927e-13,5.656141464e-14,1.163923493e-13,7.513949622e-14,9.869392098e-14,2.663107151e-13,1.619024428e-13,1.464663269e-13,1.829839856e-13,2.461341345e-13,3.320121334e-14,8.883123571e-14,5.85921401e-14,7.08308585e-14,3.087604366e-14,4.916861322e-14,1.253671113e-13,2.635833535e-13,1.296540151e-13,1.199115651e-14,1.500520135e-13,8.75420831e-14
173.0234375,3.122591941e-13,3.452335643e-13,1.334782287e-13,4.18639159e-13,2.006235819e-13,9.785208889e-14,1.350044277e-13,2.540393014e-14,5.968823326e-14,6.904500222e-14,2.187314004e-13,5.605953021e-14,1.153171385e-13,7.470949735e-14,9.83180954e-14,2.673472785e-13,1.623067562e-13,1.481551845e-13,1.830170963e-13,2.457359338e-13,3.263794291e-14,8.947297845e-14,5.877990548e-14,7.06766169e-14,3.092386895e-14,4.865607552e-14,1.274271394e-13,2.637157483e-13,1.31604752e-13,1.153063921e-14,1.498079858e-13,8.792344105e-14
173.03125,3.182323118e-13,3.426424713e-13,1.334114366e-13,4.213038695e-13,2.02110725e-13,9.958246173e-14,1.347910578e-13,2.483066939e-14,5.986770744e-14,6.888146556e-14,2.180025753e-13,5.564722057e-14,1.142084524e-13,7.442301307e-14,9.803328937e-14,2.686757441e-13,1.6287718e-13,1.498091534e-13,1.830573518e-13,2.45503941e-13,3.208749382e-14,9.011820572e-14,5.897100529e-14,7.049768079e-14,3.096601121e-14,4.816784171e-14,1.295613644e-13,2.636633695e-13,1.336637848e-13,1.10576925e-14,1.497167471e-13,8.830203571e-14
173.0390625,3.243100762e-13,3.400634178e-13,1.334779549e-13,4.235967096e-13,2.036773534e-13,1.01463527e-13,1.346384175e-13,2.430814618e-14,6.006262932e-14,6.869256401e-14,2.174031369e-13,5.528342063e-14,1.130813447e-13,7.426292243e-14,9.78715475e-14,2.702071661e-13,1.636960278e-13,1.515406791e-13,1.8312027e-13,2.452413718e-13,3.155576254e-14,9.07648538e-14,5.911110816e-14,7.027686466e-14,3.100603628e-14,4.769461969e-14,1.317011885e-13,2.635240045e-13,1.358479395e-13,1.059554368e-14,1.497460986e-13,8.865607533e-14
173.046875,3.302677416e-13,3.373424156e-13,1.335119531e-13,4.257845035e-13,2.052018819e-13,1.032996234e-13,1.344624968e-13,2.379774159e-14,6.023885562e-14,6.852438088e-14,2.167779068e-13,5.490133262e-14,1.12020884e-13,7.416094889e-14,9.782947059e-14,2.719207531e-13,1.647527903e-13,1.532764825e-13,1.831230325e-13,2.449084402e-13,3.109290366e-14,9.138408494e-14,5.921589489e-14,7.00904139e-14,3.105773904e-14,4.725027854e-14,1.339101749e-13,2.632769548e-13,1.380479767e-13,1.015424848e-14,1.497673823e-13,8.902442433e-14
173.0546875,3.360862509e-13,3.345184945e-13,1.3337005e-13,4.277020774e-13,2.067155914e-13,1.050376596e-13,1.341860808e-13,2.331557118e-14,6.043904792e-14,6.834570393e-14,2.160485449e-13,5.454365942e-14,1.109982188e-13,7.414177222e-14,9.790452964e-14,2.740624576e-13,1.660234911e-13,1.549660077e-13,1.830416532e-13,2.449221229e-13,3.068051368e-14,9.199178779e-14,5.931065767e-14,7.003233872e-14,3.111317795e-14,4.686246574e-14,1.362778526e-13,2.627952231e-13,1.402766296e-13,9.728172312e-15,1.498685706e-13,8.942669344e-14
173.0625,3.419871104e-13,3.317103972e-13,1.332096321e-13,4.292507969e-13,2.083957805e-13,1.068536703e-13,1.338952775e-13,2.288568452e-14,6.071728631e-14,6.821951425e-14,2.152388391e-13,5.428760932e-14,1.099562158e-13,7.425934497e-14,9.80620672e-14,2.765865233e-13,1.675126206e-13,1.566543569e-13,1.83026018e-13,2.452369949e-13,3.025825071e-14,9.264710818e-14,5.941739279e-14,7.008050778e-14,3.118939803e-14,4.651873814e-14,1.387139099e-13,2.622968128e-13,1.425548548e-13,9.312923428e-15,1.501474349e-13,8.983764406e-14
173.0703125,3.480216658e-13,3.288620061e-13,1.331140936e-13,4.307543782e-13,2.101762783e-13,1.087394734e-13,1.335885865e-13,2.247116316e-14,6.103305755e-14,6.817370311e-14,2.143531983e-13,5.409632821e-14,1.089444977e-13,7.446946051e-14,9.828700452e-14,2.792622898e-13,1.692121256e-13,1.583354494e-13,1.83106287e-13,2.455080223e-13,2.983913693e-14,9.333223181e-14,5.955583199e-14,7.011966509e-14,3.129227311e-14,4.621131698e-14,1.411619133e-13,2.619207049e-13,1.448033325e-13,8.903796591e-15,1.504676801e-13,9.024485459e-14
173.078125,3.540457919e-13,3.261650208e-13,1.329387482e-13,4.322754966e-13,2.117972016e-13,1.10566561e-13,1.332206671e-13,2.20825673e-14,6.128999484e-14,6.808838027e-14,2.135146247e-13,5.385295547e-14,1.080122289e-13,7.468767091e-14,9.867925654e-14,2.82243403e-13,1.71242008e-13,1.600520807e-13,1.831254186e-13,2.458045729e-13,2.94890839e-14,9.396184553e-14,5.969623475e-14,7.013074971e-14,3.139968861e-14,4.593451115e-14,1.43751426e-13,2.614611157e-13,1.47064426e-13,8.507403511e-15,1.50672025e-13,9.064471518e-14
173.0859375,3.599450614e-13,3.237999997e-13,1.32714266e-13,4.335830772e-13,2.132317436e-13,1.123455248e-13,1.328716686e-13,2.175410078e-14,6.148197722e-14,6.797317946e-14,2.127785797e-13,5.35537432e-14,1.071144216e-13,7.49366693e-14,9.927974524e-14,2.856557076e-13,1.736436377e-13,1.618679155e-13,1.830528206e-13,2.46178831e-13,2.922046636e-14,9.452710972e-14,5.981420626e-14,7.017128081e-14,3.153640366e-14,4.566696097e-14,1.465139212e-13,2.609041324e-13,1.494476724e-13,8.136051786e-15,1.508611422e-13,9.102975019e-14
173.09375,3.657903725e-13,3.215101296e-13,1.325844695e-13,4.346408706e-13,2.146844857e-13,1.141260031e-13,1.32515803e-13,2.143102305e-14,6.171246197e-14,6.791756526e-14,2.120244916e-13,5.334134038e-14,1.06210662e-13,7.533651098e-14,9.999691837e-14,2.89274607e-13,1.761937895e-13,1.637259278e-13,1.830134326e-13,2.465164799e-13,2.89791428e-14,9.510712919e-14,5.99309342e-14,7.023879914e-14,3.170724433e-14,4.543009805e-14,1.493363754e-13,2.603947365e-13,1.51976539e-13,7.784249961e-15,1.512721943e-13,9.140028215e-14
173.1015625,3.717609614e-13,3.192268676e-13,1.324602675e-13,4.355314241e-13,2.162309305e-13,1.159253728e-13,1.320545208e-13,2.107537172e-14,6.201364914e-14,6.786265954e-14,2.112566884e-13,5.325923175e-14,1.053197068e-13,7.595160067e-14,1.008479492e-13,2.930448466e-13,1.788991986e-13,1.656305634e-13,1.830411466e-13,2.469526167e-13,2.873105658e-14,9.572927325e-14,6.004578911e-14,7.030937756e-14,3.186988639e-14,4.5256989e-14,1.522402333e-13,2.598541451e-13,1.546083536e-13,7.446818439e-15,1.51920454e-13,9.175052724e-14
173.109375,3.778142759e-13,3.170980499e-13,1.32234905e-13,4.362770178e-13,2.178012123e-13,1.177400086e-13,1.315636302e-13,2.073192549e-14,6.23043486e-14,6.778525986e-14,2.104968161e-13,5.318433599e-14,1.044512688e-13,7.671166616e-14,1.018562967e-13,2.970264824e-13,1.819536785e-13,1.676280672e-13,1.830526175e-13,2.47619035e-13,2.850422795e-14,9.634019151e-14,6.015029571e-14,7.03682277e-14,3.204818367e-14,4.5138397e-14,1.552575992e-13,2.592021675e-13,1.572300483e-13,7.133249484e-15,1.526082364e-13,9.209011163e-14
173.1171875,3.837587402e-13,3.148887894e-13,1.319244219e-13,4.368594733e-13,2.194319666e-13,1.195182945e-13,1.310581091e-13,2.042113217e-14,6.256836774e-14,6.77378049e-14,2.096424013e-13,5.30624872e-14,1.036085707e-13,7.749746834e-14,1.028669938e-13,3.010867171e-13,1.851744121e-13,1.695901653e-13,1.830082099e-13,2.484660671e-13,2.832480324e-14,9.692346772e-14,6.025950306e-14,7.041351717e-14,3.225242208e-14,4.506848635e-14,1.582834383e-13,2.584812585e-13,1.597520174e-13,6.841427122e-15,1.532264817e-13,9.245279664e-14
173.125,3.895663756e-13,3.125456721e-13,1.314655143e-13,4.372879093e-13,2.211423296e-13,1.212273716e-13,1.304259872e-13,2.013628639e-14,6.283782596e-14,6.768808217e-14,2.087486682e-13,5.292792352e-14,1.028402234e-13,7.826695795e-14,1.03882757e-13,3.052749846e-13,1.883955118e-13,1.714125912e-13,1.829448643e-13,2.494219623e-13,2.817578002e-14,9.74992692e-14,6.036500366e-14,7.049947262e-14,3.241485327e-14,4.503651297e-14,1.614192273e-13,2.577047406e-13,1.621576037e-13,6.562000603e-15,1.537436865e-13,9.282015318e-14
173.1328125,3.951856321e-13,3.104664873e-13,1.308856749e-13,4.376174906e-13,2.227124916e-13,1.22850664e-13,1.297226511e-13,1.987669702e-14,6.305769357e-14,6.763194626e-14,2.079151377e-13,5.276849655e-14,1.021597682e-13,7.905630097e-14,1.05073009e-13,3.097255733e-13,1.917577952e-13,1.731107012e-13,1.828561748e-13,2.50288647e-13,2.804275694e-14,9.80275687e-14,6.046091385e-14,7.062580656e-14,3.253684547e-14,4.50076179e-14,1.648786649e-13,2.569029126e-13,1.644132099e-13,6.300643003e-15,1.541131437e-13,9.313253215e-14
173.140625,4.005206885e-13,3.08527506e-13,1.303914257e-13,4.377320914e-13,2.240420741e-13,1.24388225e-13,1.290133148e-13,1.96204212e-14,6.32191417e-14,6.758794986e-14,2.070975589e-13,5.262242198e-14,1.014705659e-13,7.990865032e-14,1.063724794e-13,3.142597253e-13,1.951830267e-13,1.746679335e-13,1.826808704e-13,2.510178838e-13,2.793694962e-14,9.848619637e-14,6.056876764e-14,7.071409792e-14,3.265836854e-14,4.499527425e-14,1.68479247e-13,2.560337691e-13,1.665829162e-13,6.06083254e-15,1.544354301e-13,9.340212116e-14
173.1484375,4.056887547e-13,3.062491412e-13,1.299895427e-13,4.37481988e-13,2.253793787e-13,1.259411628e-13,1.282242125e-13,1.937012815e-14,6.342235308e-14,6.749495296e-14,2.063429064e-13,5.257489427e-14,1.007076261e-13,8.08612378e-14,1.077120676e-13,3.188716085e-13,1.986105453e-13,1.761709887e-13,1.824318493e-13,2.519317809e-13,2.786595599e-14,9.894910889e-14,6.067637399e-14,7.079832725e-14,3.277056196e-14,4.504450486e-14,1.719667872e-13,2.549600023e-13,1.688398829e-13,5.834120499e-15,1.548885804e-13,9.368618916e-14
173.15625,4.107281966e-13,3.038477413e-13,1.295175815e-13,4.37098093e-13,2.2679344e-13,1.275404042e-13,1.273989643e-13,1.91542484e-14,6.366310812e-14,6.738581238e-14,2.056581017e-13,5.258151295e-14,9.994280739e-14,8.193256729e-14,1.092461893e-13,3.2381958e-13,2.023213352e-13,1.77731376e-13,1.821747799e-13,2.531051732e-13,2.782463881e-14,9.943758054e-14,6.076601101e-14,7.09494414e-14,3.290179076e-14,4.51416273e-14,1.754700377e-13,2.537471616e-13,1.711883012e-13,5.616826516e-15,1.554513098e-13,9.397959364e-14
173.1640625,4.155468729e-13,3.017046945e-13,1.289703366e-13,4.367244372e-13,2.280688769e-13,1.29069433e-13,1.266078825e-13,1.895807549e-14,6.38607386e-14,6.734202295e-14,2.048621263e-13,5.257059083e-14,9.923385365e-14,8.310357542e-14,1.109519116e-13,3.289592762e-13,2.062705259e-13,1.792172522e-13,1.819127983e-13,2.542870438e-13,2.779481809e-14,9.988359351e-14,6.086093475e-14,7.110837127e-14,3.305877303e-14,4.525192405e-14,1.790980398e-13,2.525457025e-13,1.734764543e-13,5.410029957e-15,1.559851566e-13,9.424990069e-14
173.171875,4.203680146e-13,2.996719897e-13,1.283701072e-13,4.361247156e-13,2.292916694e-13,1.305578296e-13,1.257666103e-13,1.87756751e-14,6.405678017e-14,6.728770333e-14,2.039779277e-13,5.259554407e-14,9.857744186e-14,8.437444877e-14,1.126598311e-13,3.340498808e-13,2.101448457e-13,1.805505114e-13,1.816603763e-13,2.554827076e-13,2.776515857e-14,1.003012503e-13,6.095533179e-14,7.125881345e-14,3.316966261e-14,4.538513422e-14,1.828212927e-13,2.513724927e-13,1.756409372e-13,5.214637219e-15,1.564573017e-13,9.451072234e-14
173.1796875,4.253490178e-13,2.978765727e-13,1.276369221e-13,4.354945119e-13,2.306934825e-13,1.320951902e-13,1.248644569e-13,1.863593028e-14,6.429997233e-14,6.718106526e-14,2.031615057e-13,5.269550173e-14,9.804181494e-14,8.575139504e-14,1.14415075e-13,3.392706911e-13,2.140536469e-13,1.818850361e-13,1.81490229e-13,2.567451952e-13,2.777188752e-14,1.007509415e-13,6.101501509e-14,7.147348841e-14,3.324561458e-14,4.554007661e-14,1.867548482e-13,2.503551184e-13,1.777189587e-13,5.032227812e-15,1.568947518e-13,9.477580961e-14
173.1875,4.300950428e-13,2.965846885e-13,1.267648507e-13,4.351783878e-13,2.321173344e-13,1.335510707e-13,1.239547121e-13,1.852007914e-14,6.452414043e-14,6.709447989e-14,2.02322886e-13,5.281596211e-14,9.765547425e-14,8.71600696e-14,1.162785142e-13,3.446602803e-13,2.181415469e-13,1.832444621e-13,1.813652394e-13,2.579545456e-13,2.785102839e-14,1.011844265e-13,6.105183697e-14,7.171813909e-14,3.3348418e-14,4.567638156e-14,1.908443658e-13,2.49501323e-13,1.797536186e-13,4.859353388e-15,1.57273395e-13,9.501466643e-14
173.1953125,4.343013031e-13,2.951170782e-13,1.258291763e-13,4.34581573e-13,2.333826903e-13,1.34849272e-13,1.229539905e-13,1.840425828e-14,6.46974148e-14,6.697132461e-14,2.014010374e-13,5.291511123e-14,9.726086823e-14,8.852234142e-14,1.18122563e-13,3.499123782e-13,2.221854275e-13,1.845018843e-13,1.811271256e-13,2.59228548e-13,2.796725095e-14,1.015357593e-13,6.108510686e-14,7.192100175e-14,3.343809065e-14,4.580817613e-14,1.948221557e-13,2.483605636e-13,1.817720811e-13,4.694237733e-15,1.57541604e-13,9.521369835e-14
173.203125,4.382061752e-13,2.929076119e-13,1.248586661e-13,4.33134852e-13,2.346443737e-13,1.361128525e-13,1.218252143e-13,1.83208199e-14,6.487368442e-14,6.67282262e-14,2.005334377e-13,5.300132411e-14,9.676097559e-14,8.986546227e-14,1.198295638e-13,3.549253959e-13,2.260512635e-13,1.856025737e-13,1.80739086e-13,2.607343538e-13,2.807874021e-14,1.018419476e-13,6.110499367e-14,7.211214754e-14,3.347371598e-14,4.600734755e-14,1.98727969e-13,2.467778287e-13,1.837744261e-13,4.546408581e-15,1.576961281e-13,9.541888889e-14
173.2109375,4.420331485e-13,2.906478578e-13,1.238304114e-13,4.314473091e-13,2.359836072e-13,1.373534434e-13,1.206750276e-13,1.826476521e-14,6.508679806e-14,6.647234519e-14,1.997242555e-13,5.31026872e-14,9.627087397e-14,9.124313975e-14,1.214240552e-13,3.597995861e-13,2.297972862e-13,1.865171608e-13,1.80328535e-13,2.623009055e-13,2.819679207e-14,1.021571789e-13,6.112933126e-14,7.233718605e-14,3.348715973e-14,4.626818456e-14,2.027257218e-13,2.452350284e-13,1.85681307e-13,4.421914792e-15,1.577838436e-13,9.566293049e-14
173.21875,4.456521551e-13,2.887618235e-13,1.227358318e-13,4.300282339e-13,2.372529565e-13,1.384870391e-13,1.195283465e-13,1.81834943e-14,6.532112901e-14,6.629778279e-14,1.988668185e-13,5.322798072e-14,9.584767737e-14,9.265858909e-14,1.229960104e-13,3.645140342e-13,2.334195337e-13,1.872288733e-13,1.799506434e-13,2.637983953e-13,2.832928581e-14,1.024684299e-13,6.119014425e-14,7.259919019e-14,3.34903082e-14,4.651824935e-14,2.067420941e-13,2.438909854e-13,1.874074527e-13,4.313441787e-15,1.578137791e-13,9.589950251e-14
173.2265625,4.48994146e-13,2.868219667e-13,1.216229358e-13,4.284298085e-13,2.383745471e-13,1.395149391e-13,1.183258749e-13,1.808353404e-14,6.553596273e-14,6.613691826e-14,1.979623263e-13,5.33538092e-14,9.541511e-14,9.411115133e-14,1.245577306e-13,3.6900293e-13,2.369251586e-13,1.877899991e-13,1.795337287e-13,2.653077111e-13,2.847076429e-14,1.027326933e-13,6.127094021e-14,7.286207999e-14,3.347257116e-14,4.67462997e-14,2.107300026e-13,2.424454955e-13,1.890387986e-13,4.211747736e-15,1.577653675e-13,9.607199392e-14
173.234375,4.522930493e-13,2.849190146e-13,1.205125866e-13,4.264167307e-13,2.394183158e-13,1.404771761e-13,1.170856319e-13,1.800684416e-14,6.571702258e-14,6.59481804e-14,1.970302026e-13,5.348307218e-14,9.499563642e-14,9.562889093e-14,1.261036796e-13,3.733579733e-13,2.404081236e-13,1.883045006e-13,1.790797432e-13,2.668282345e-13,2.863742082e-14,1.029469975e-13,6.134680903e-14,7.307328718e-14,3.344194082e-14,4.697915189e-14,2.147312465e-13,2.409291186e-13,1.906648753e-13,4.112773165e-15,1.576844537e-13,9.621039877e-14
173.2421875,4.555992608e-13,2.833096726e-13,1.193623033e-13,4.243352851e-13,2.405079496e-13,1.414752174e-13,1.158527677e-13,1.79562833e-14,6.589987779e-14,6.57611742e-14,1.960644906e-13,5.362980258e-14,9.467364493e-14,9.721891539e-14,1.277339043e-13,3.777854229e-13,2.439389313e-13,1.888370777e-13,1.786575055e-13,2.68386733e-13,2.88441487e-14,1.031556099e-13,6.143546388e-14,7.326703446e-14,3.340425521e-14,4.723838366e-14,2.187772059e-13,2.395280447e-13,1.921487141e-13,4.019483834e-15,1.575799747e-13,9.638798056e-14
173.25,4.585151067e-13,2.816218985e-13,1.181853143e-13,4.222425408e-13,2.416403498e-13,1.425475153e-13,1.146059113e-13,1.792192577e-14,6.607008046e-14,6.554509935e-14,1.951023721e-13,5.373819681e-14,9.439595184e-14,9.878736269e-14,1.294043273e-13,3.822936996e-13,2.474650454e-13,1.892395129e-13,1.78192809e-13,2.700935924e-13,2.908709066e-14,1.033478911e-13,6.155249876e-14,7.351628022e-14,3.334837549e-14,4.756302609e-14,2.229566906e-13,2.381086438e-13,1.934078468e-13,3.940523273e-15,1.572862812e-13,9.659950132e-14
173.2578125,4.608143782e-13,2.797735846e-13,1.169773363e-13,4.198964319e-13,2.425859288e-13,1.434440477e-13,1.133108799e-13,1.789708603e-14,6.616506274e-14,6.528251653e-14,1.941424509e-13,5.376857478e-14,9.406627589e-14,1.002110985e-13,1.309166566e-13,3.86667742e-13,2.508812081e-13,1.893377012e-13,1.775665402e-13,2.718515087e-13,2.934443648e-14,1.034374463e-13,6.167869366e-14,7.378408458e-14,3.325968787e-14,4.79362053e-14,2.27220885e-13,2.365404838e-13,1.945556857e-13,3.878253313e-15,1.567067823e-13,9.676720721e-14
173.265625,4.627275075e-13,2.780220654e-13,1.156349389e-13,4.173067063e-13,2.432615928e-13,1.439876371e-13,1.119701526e-13,1.786023722e-14,6.623040126e-14,6.505380096e-14,1.930915953e-13,5.379277898e-14,9.371769298e-14,1.015283469e-13,1.323398213e-13,3.908583908e-13,2.541579555e-13,1.892540189e-13,1.768571495e-13,2.735528893e-13,2.959079356e-14,1.034328791e-13,6.179219609e-14,7.402302585e-14,3.314590902e-14,4.830222708e-14,2.314394931e-13,2.349040769e-13,1.956367104e-13,3.828501992e-15,1.560339887e-13,9.688207908e-14
173.2734375,4.644167763e-13,2.762225275e-13,1.141732563e-13,4.146411915e-13,2.439381293e-13,1.444034619e-13,1.105902742e-13,1.780623191e-14,6.636266925e-14,6.487314285e-14,1.918906911e-13,5.385309671e-14,9.343906539e-14,1.02875035e-13,1.338153164e-13,3.949460152e-13,2.572123974e-13,1.890544671e-13,1.761859196e-13,2.754153247e-13,2.98553722e-14,1.034501115e-13,6.189030841e-14,7.428764872e-14,3.301321279e-14,4.870494456e-14,2.357181374e-13,2.332803852e-13,1.966075556e-13,3.793019089e-15,1.554117398e-13,9.703299744e-14
173.28125,4.658551551e-13,2.743346735e-13,1.126952057e-13,4.119696493e-13,2.447737644e-13,1.448723702e-13,1.091736802e-13,1.775962832e-14,6.654288497e-14,6.466338505e-14,1.906267784e-13,5.390001171e-14,9.324853712e-14,1.04288814e-13,1.35228288e-13,3.98889099e-13,2.59955108e-13,1.885656224e-13,1.75499373e-13,2.775581208e-13,3.019220387e-14,1.035061457e-13,6.19956828e-14,7.460806474e-14,3.283125991e-14,4.919461504e-14,2.401157642e-13,2.316911211e-13,1.973854678e-13,3.773467464e-15,1.547169959e-13,9.725340306e-14
173.2890625,4.670541146e-13,2.725669839e-13,1.111833765e-13,4.092851782e-13,2.456380624e-13,1.45314744e-13,1.077365493e-13,1.773241361e-14,6.671766103e-14,6.444308776e-14,1.894422643e-13,5.395221751e-14,9.310264354e-14,1.05752572e-13,1.365506834e-13,4.026749449e-13,2.62591694e-13,1.879127388e-13,1.747258057e-13,2.796217133e-13,3.057554044e-14,1.035277436e-13,6.214429879e-14,7.492982484e-14,3.260232149e-14,4.970813397e-14,2.444963878e-13,2.301022888e-13,1.979108483e-13,3.761801021e-15,1.539112944e-13,9.746996734e-14
173.296875,4.679789698e-13,2.708172875e-13,1.09669775e-13,4.064738259e-13,2.464711375e-13,1.457355909e-13,1.062865368e-13,1.771618915e-14,6.687682695e-14,6.426277806e-14,1.883216359e-13,5.405225685e-14,9.296473418e-14,1.072394401e-13,1.378354964e-13,4.062744455e-13,2.652676019e-13,1.873599192e-13,1.73889877e-13,2.813129119e-13,3.095153202e-14,1.034970974e-13,6.233177028e-14,7.519522148e-14,3.238180448e-14,5.020900401e-14,2.488606204e-13,2.284656975e-13,1.983551591e-13,3.753146128e-15,1.530710697e-13,9.7640166e-14
173.3046875,4.686106968e-13,2.690056907e-13,1.082106486e-13,4.033868742e-13,2.472984322e-13,1.461448051e-13,1.048079875e-13,1.770602963e-14,6.69798939e-14,6.405573728e-14,1.870969519e-13,5.411581165e-14,9.285552582e-14,1.086769925e-13,1.389577661e-13,4.095758761e-13,2.677370403e-13,1.867297864e-13,1.730023539e-13,2.829179359e-13,3.134075725e-14,1.034078925e-13,6.250870401e-14,7.539611088e-14,3.217121269e-14,5.072333333e-14,2.532473521e-13,2.267938528e-13,1.988103372e-13,3.754852141e-15,1.520836494e-13,9.779072552e-14
173.3125,4.690173704e-13,2.672476011e-13,1.066454603e-13,4.001038109e-13,2.480854002e-13,1.463946764e-13,1.032765706e-13,1.770318426e-14,6.70284009e-14,6.375759356e-14,1.857388359e-13,5.411774859e-14,9.281925574e-14,1.100749897e-13,1.399364635e-13,4.126881991e-13,2.699623646e-13,1.858537121e-13,1.720708437e-13,2.848401572e-13,3.17697045e-14,1.032534591e-13,6.264760031e-14,7.562363227e-14,3.192314843e-14,5.122007823e-14,2.576456904e-13,2.250576939e-13,1.990719255e-13,3.77160533e-15,1.509184403e-13,9.792060201e-14
173.3203125,4.691076359e-13,2.654486576e-13,1.049347778e-13,3.968388096e-13,2.488366148e-13,1.465071414e-13,1.016849177e-13,1.771621489e-14,6.710520694e-14,6.339328433e-14,1.844512693e-13,5.417537606e-14,9.283484794e-14,1.114997131e-13,1.408950887e-13,4.156852241e-13,2.721619379e-13,1.849360058e-13,1.711261697e-13,2.869677916e-13,3.221232661e-14,1.030891142e-13,6.276230537e-14,7.598871486e-14,3.163689304e-14,5.16647212e-14,2.620667498e-13,2.232351837e-13,1.991955571e-13,3.795188076e-15,1.497994077e-13,9.800974541e-14
173.328125,4.687167569e-13,2.63585961e-13,1.033050365e-13,3.936325322e-13,2.495349759e-13,1.466063204e-13,1.000642561e-13,1.775351114e-14,6.719174608e-14,6.300971668e-14,1.833608685e-13,5.4256732e-14,9.285008549e-14,1.128592979e-13,1.417107548e-13,4.182974163e-13,2.741649025e-13,1.840140269e-13,1.701327213e-13,2.88898323e-13,3.266332282e-14,1.029164363e-13,6.287877529e-14,7.640901792e-14,3.133907653e-14,5.209238561e-14,2.662991754e-13,2.214611275e-13,1.994013836e-13,3.819086651e-15,1.486963247e-13,9.807979544e-14
173.3359375,4.679028169e-13,2.618220392e-13,1.017207532e-13,3.903877645e-13,2.501312857e-13,1.465785103e-13,9.842520719e-14,1.779648898e-14,6.720726381e-14,6.265017028e-14,1.82335126e-13,5.424224985e-14,9.289019808e-14,1.140800094e-13,1.423332421e-13,4.20448978e-13,2.757331025e-13,1.829303086e-13,1.690511125e-13,2.905646534e-13,3.314264618e-14,1.026631294e-13,6.300987687e-14,7.668597044e-14,3.103226885e-14,5.254020042e-14,2.702242331e-13,2.197611999e-13,1.995275802e-13,3.85290439e-15,1.473808863e-13,9.815224057e-14
173.34375,4.668693748e-13,2.599572149e-13,9.998676645e-14,3.869774207e-13,2.507809908e-13,1.46428463e-13,9.673225498e-14,1.781041653e-14,6.721652773e-14,6.231516277e-14,1.812137238e-13,5.423095862e-14,9.302789879e-14,1.153785631e-13,1.428638471e-13,4.22237727e-13,2.769866361e-13,1.817330806e-13,1.67940224e-13,2.922392526e-13,3.363263584e-14,1.023624822e-13,6.313500621e-14,7.681497125e-14,3.07076372e-14,5.30123098e-14,2.741568778e-13,2.179459013e-13,1.994536286e-13,3.907714477e-15,1.459910667e-13,9.821317689e-14
173.3515625,4.65774665e-13,2.577695941e-13,9.82460017e-14,3.83313771e-13,2.516305879e-13,1.464150192e-13,9.501938714e-14,1.779148266e-14,6.729573984e-14,6.197590194e-14,1.799993104e-13,5.432134717e-14,9.326623486e-14,1.169421947e-13,1.432074741e-13,4.234701881e-13,2.779799004e-13,1.80459776e-13,1.668509095e-13,2.940185792e-13,3.410926945e-14,1.020882844e-13,6.324293239e-14,7.696945567e-14,3.03636142e-14,5.349238179e-14,2.781447527e-13,2.16052039e-13,1.993020838e-13,3.976408423e-15,1.447266069e-13,9.824570883e-14
173.359375,4.645390728e-13,2.556464732e-13,9.665424194e-14,3.795379466e-13,2.524805229e-13,1.464411805e-13,9.335552263e-14,1.778064182e-14,6.736654489e-14,6.165136393e-14,1.787886603e-13,5.439315227e-14,9.350502277e-14,1.185507941e-13,1.433214483e-13,4.242138747e-13,2.787065839e-13,1.789976684e-13,1.657432329e-13,2.957179937e-13,3.458125758e-14,1.017918658e-13,6.336839814e-14,7.723292396e-14,3.000673229e-14,5.395477087e-14,2.819350056e-13,2.143000331e-13,1.990190999e-13,4.046531456e-15,1.433999714e-13,9.824411805e-14
173.3671875,4.628585367e-13,2.538355559e-13,9.508837519e-14,3.758289296e-13,2.531606009e-13,1.461939243e-13,9.169841278e-14,1.782452059e-14,6.737319286e-14,6.13303101e-14,1.776699446e-13,5.439054362e-14,9.365645106e-14,1.199323787e-13,1.43350401e-13,4.249113234e-13,2.793160194e-13,1.773521875e-13,1.645565008e-13,2.973089609e-13,3.505409642e-14,1.014277241e-13,6.351192199e-14,7.755282435e-14,2.963722766e-14,5.439026751e-14,2.856408362e-13,2.125936304e-13,1.986197444e-13,4.119346563e-15,1.41887111e-13,9.821440755e-14
173.375,4.607045136e-13,2.518646818e-13,9.350047648e-14,3.721006405e-13,2.538265661e-13,1.45831705e-13,9.00124053e-14,1.792106992e-14,6.738219796e-14,6.09472012e-14,1.766158539e-13,5.440632626e-14,9.377299422e-14,1.212321928e-13,1.4329292e-13,4.255240479e-13,2.797690244e-13,1.756001277e-13,1.632827528e-13,2.990215734e-13,3.55279189e-14,1.010452529e-13,6.36313303e-14,7.78749633e-14,2.924704481e-14,5.480715389e-14,2.893202404e-13,2.107445409e-13,1.982641817e-13,4.19882493e-15,1.403835617e-13,9.817471073e-14
173.3828125,4.583444121e-13,2.495678444e-13,9.198018324e-14,3.682888298e-13,2.545842633e-13,1.456340435e-13,8.836010966e-14,1.802430245e-14,6.743487843e-14,6.053270562e-14,1.754963003e-13,5.447333431e-14,9.393599898e-14,1.226719531e-13,1.431064434e-13,4.257704911e-13,2.799295243e-13,1.737552495e-13,1.619704768e-13,3.008878474e-13,3.602120483e-14,1.006642377e-13,6.374853323e-14,7.819625027e-14,2.883856777e-14,5.522293204e-14,2.928011988e-13,2.088938745e-13,1.978542789e-13,4.281013633e-15,1.389711323e-13,9.813014087e-14
173.390625,4.557139438e-13,2.473990493e-13,9.05489646e-14,3.644601048e-13,2.5534143e-13,1.454340785e-13,8.673493311e-14,1.811065065e-14,6.748287784e-14,6.015765137e-14,1.743060798e-13,5.455889902e-14,9.410446625e-14,1.24109975e-13,1.428051325e-13,4.257080539e-13,2.798836174e-13,1.718398599e-13,1.606247519e-13,3.026440039e-13,3.654031502e-14,1.002411586e-13,6.39024072e-14,7.852694141e-14,2.841243257e-14,5.564631575e-14,2.962268961e-13,2.071433484e-13,1.97317218e-13,4.366971485e-15,1.375131178e-13,9.806519975e-14
173.3984375,4.526366292e-13,2.452996998e-13,8.918417482e-14,3.605430683e-13,2.560653391e-13,1.450348131e-13,8.507753618e-14,1.819912755e-14,6.747449507e-14,5.980186448e-14,1.731571642e-13,5.461730697e-14,9.425592739e-14,1.254131127e-13,1.422934281e-13,4.252940568e-13,2.796512542e-13,1.698401272e-13,1.591824511e-13,3.042063548e-13,3.706939433e-14,9.975179288e-14,6.405764872e-14,7.885945035e-14,2.796074952e-14,5.605536002e-14,2.996472837e-13,2.053178255e-13,1.967523191e-13,4.463145966e-15,1.359508636e-13,9.797969631e-14
173.40625,4.494819331e-13,2.428883503e-13,8.7873062e-14,3.565127391e-13,2.568439567e-13,1.445985561e-13,8.341653431e-14,1.831023612e-14,6.744458927e-14,5.94544933e-14,1.720459815e-13,5.461970817e-14,9.445986757e-14,1.26740691e-13,1.416013252e-13,4.244405608e-13,2.79195538e-13,1.677558311e-13,1.576841446e-13,3.057716107e-13,3.759934185e-14,9.924344145e-14,6.420150265e-14,7.918163999e-14,2.749735557e-14,5.645961434e-14,3.028184818e-13,2.03397576e-13,1.961021071e-13,4.568745263e-15,1.343587782e-13,9.79141165e-14
173.4140625,4.465883281e-13,2.40433649e-13,8.667424729e-14,3.524198857e-13,2.577455356e-13,1.442858256e-13,8.178392242e-14,1.844886811e-14,6.745994422e-14,5.913823108e-14,1.709252643e-13,5.461477247e-14,9.470223812e-14,1.281473337e-13,1.409011305e-13,4.234049033e-13,2.786646804e-13,1.656993129e-13,1.562315538e-13,3.074084816e-13,3.812783207e-14,9.878368621e-14,6.438072684e-14,7.950011848e-14,2.704531145e-14,5.690475967e-14,3.057774571e-13,2.015334616e-13,1.953859239e-13,4.681926923e-15,1.328072589e-13,9.78958087e-14
173.421875,4.434691218e-13,2.38148122e-13,8.564771896e-14,3.481610578e-13,2.586614205e-13,1.439518802e-13,8.016918193e-14,1.86181503e-14,6.747816427e-14,5.882285497e-14,1.697998249e-13,5.462680622e-14,9.491716255e-14,1.294933997e-13,1.401181475e-13,4.222367437e-13,2.780120836e-13,1.636449108e-13,1.547408345e-13,3.090089944e-13,3.865960735e-14,9.832013918e-14,6.458827879e-14,7.984086064e-14,2.65998805e-14,5.734847424e-14,3.085942345e-13,1.996702648e-13,1.946966199e-13,4.804126279e-15,1.312691141e-13,9.785276603e-14
173.4296875,4.395422933e-13,2.356719504e-13,8.465298287e-14,3.43863321e-13,2.594137101e-13,1.434143615e-13,7.85874042e-14,1.882950216e-14,6.743624808e-14,5.84901226e-14,1.686237418e-13,5.462322893e-14,9.512016332e-14,1.307393893e-13,1.391322396e-13,4.206826287e-13,2.769550361e-13,1.614333127e-13,1.530966008e-13,3.105619309e-13,3.919326409e-14,9.774580192e-14,6.477776407e-14,8.023793125e-14,2.614437561e-14,5.771644313e-14,3.112069432e-13,1.977237277e-13,1.938551387e-13,4.927620073e-15,1.296718031e-13,9.769190153e-14
173.4375,4.351128435e-13,2.329418113e-13,8.358935765e-14,3.397691015e-13,2.601123821e-13,1.427701168e-13,7.703490611e-14,1.90891179e-14,6.740861904e-14,5.815888306e-14,1.674258553e-13,5.464879494e-14,9.532159146e-14,1.319258814e-13,1.380531813e-13,4.188182736e-13,2.755184442e-13,1.591623129e-13,1.514012432e-13,3.120982761e-13,3.969666295e-14,9.711758205e-14,6.494977993e-14,8.069428099e-14,2.567683084e-14,5.80556468e-14,3.13744862e-13,1.957808244e-13,1.928785284e-13,5.042653504e-15,1.280656158e-13,9.747820516e-14
173.4453125,4.308183056e-13,2.301741626e-13,8.26027422e-14,3.35578486e-13,2.610111332e-13,1.422026711e-13,7.548010585e-14,1.9371435e-14,6.744939531e-14,5.781924036e-14,1.663355654e-13,5.472879788e-14,9.552734171e-14,1.331312911e-13,1.369170009e-13,4.168344139e-13,2.7395084e-13,1.569971654e-13,1.497448407e-13,3.135819491e-13,4.017143639e-14,9.654759342e-14,6.512367513e-14,8.116020448e-14,2.520586026e-14,5.842980613e-14,3.161311145e-13,1.938431281e-13,1.92053264e-13,5.155806822e-15,1.265518042e-13,9.735209475e-14
173.453125,4.26713938e-13,2.274524753e-13,8.169909119e-14,3.311747087e-13,2.620911788e-13,1.417225413e-13,7.392401619e-14,1.964967979e-14,6.749464886e-14,5.747831419e-14,1.652933951e-13,5.478971517e-14,9.582801343e-14,1.344663411e-13,1.356583704e-13,4.147216691e-13,2.723485467e-13,1.548190957e-13,1.480632887e-13,3.150951585e-13,4.067957443e-14,9.600759108e-14,6.531021384e-14,8.162199337e-14,2.473951692e-14,5.881425812e-14,3.182218906e-13,1.919039158e-13,1.91201545e-13,5.279392902e-15,1.250720032e-13,9.730389092e-14
173.4609375,4.225164019e-13,2.250138612e-13,8.074539256e-14,3.270904117e-13,2.632242403e-13,1.412633223e-13,7.236576989e-14,1.994965761e-14,6.754774718e-14,5.716713539e-14,1.641791694e-13,5.483750284e-14,9.626013383e-14,1.358400355e-13,1.343125491e-13,4.125376006e-13,2.706789351e-13,1.525527031e-13,1.463523496e-13,3.167955828e-13,4.122409413e-14,9.54568831e-14,6.551874434e-14,8.214223745e-14,2.4279719e-14,5.920082471e-14,3.203408129e-13,1.901276855e-13,1.90043675e-13,5.416066143e-15,1.235388442e-13,9.723817378e-14
173.46875,4.180191503e-13,2.22722892e-13,7.981643822e-14,3.231460633e-13,2.643163007e-13,1.406593731e-13,7.079111628e-14,2.030627692e-14,6.762695636e-14,5.686264226e-14,1.630758017e-13,5.489186849e-14,9.669128267e-14,1.370163997e-13,1.328611935e-13,4.102266452e-13,2.687929895e-13,1.502881652e-13,1.446153253e-13,3.186047253e-13,4.17426961e-14,9.487984286e-14,6.571531186e-14,8.270963749e-14,2.382274248e-14,5.960138487e-14,3.224970578e-13,1.884268621e-13,1.888534544e-13,5.562650595e-15,1.219570024e-13,9.713595425e-14
173.4765625,4.130696863e-13,2.199033484e-13,7.893618669e-14,3.185918798e-13,2.65215591e-13,1.397436786e-13,6.921627697e-14,2.070060653e-14,6.763405895e-14,5.654070497e-14,1.620012418e-13,5.487339926e-14,9.700213265e-14,1.380001231e-13,1.312738156e-13,4.075696132e-13,2.666137727e-13,1.479856503e-13,1.427452308e-13,3.202999381e-13,4.223852943e-14,9.419352759e-14,6.584119145e-14,8.321757245e-14,2.336294642e-14,5.997686195e-14,3.243098488e-13,1.86446444e-13,1.877922619e-13,5.71174654e-15,1.202964767e-13,9.6995065e-14
173.484375,4.079184894e-13,2.167356939e-13,7.797091321e-14,3.138554384e-13,2.660800419e-13,1.388192586e-13,6.766244216e-14,2.110576542e-14,6.760542484e-14,5.624192709e-14,1.608313957e-13,5.485752799e-14,9.729680037e-14,1.390942198e-13,1.29691621e-13,4.046653858e-13,2.644034663e-13,1.45676478e-13,1.407945844e-13,3.218290774e-13,4.276228849e-14,9.343751777e-14,6.591680618e-14,8.367922995e-14,2.290083176e-14,6.030794282e-14,3.260298201e-13,1.843015172e-13,1.865682184e-13,5.854776502e-15,1.186498102e-13,9.680237326e-14
173.4921875,4.031295199e-13,2.140310435e-13,7.698297125e-14,3.097802888e-13,2.673230452e-13,1.38288196e-13,6.612881016e-14,2.15330754e-14,6.774000386e-14,5.59984477e-14,1.596061011e-13,5.50311714e-14,9.775531609e-14,1.405390318e-13,1.281394205e-13,4.016194198e-13,2.622851559e-13,1.435554359e-13,1.389879068e-13,3.232539212e-13,4.331720145e-14,9.279711728e-14,6.602560635e-14,8.420295145e-14,2.24449783e-14,6.061927706e-14,3.278737934e-13,1.824516014e-13,1.851588493e-13,5.995616581e-15,1.17269883e-13,9.660589151e-14
173.5,3.985729372e-13,2.1157834e-13,7.60931873e-14,3.059486702e-13,2.688615938e-13,1.378702443e-13,6.461043434e-14,2.197915348e-14,6.799592532e-14,5.580084533e-14,1.584408796e-13,5.531952791e-14,9.831265695e-14,1.421769815e-13,1.263974713e-13,3.981572684e-13,2.598860992e-13,1.415329126e-13,1.372956163e-13,3.245895414e-13,4.387317966e-14,9.225472681e-14,6.618586775e-14,8.474983711e-14,2.19967086e-14,6.089820263e-14,3.293755261e-13,1.808416095e-13,1.838439874e-13,6.145128423e-15,1.160978025e-13,9.642439262e-14
173.5078125,3.935870598e-13,2.087858363e-13,7.528779056e-14,3.016831466e-13,2.702848218e-13,1.371767342e-13,6.310860109e-14,2.241415567e-14,6.814516807e-14,5.56301949e-14,1.573153353e-13,5.554505869e-14,9.878471904e-14,1.436873987e-13,1.244043782e-13,3.942983885e-13,2.570347995e-13,1.393660458e-13,1.354669696e-13,3.258159814e-13,4.440480036e-14,9.162140905e-14,6.634321158e-14,8.522797455e-14,2.155147366e-14,6.110839919e-14,3.305317967e-13,1.790953403e-13,1.826400622e-13,6.300427333e-15,1.148415058e-13,9.617633899e-14
173.515625,3.881893763e-13,2.059052391e-13,7.459666972e-14,2.972284501e-13,2.715222352e-13,1.363952665e-13,6.163048833e-14,2.286344872e-14,6.818091419e-14,5.54297796e-14,1.561795351e-13,5.574276773e-14,9.919560665e-14,1.450570535e-13,1.223570276e-13,3.904553115e-13,2.54072522e-13,1.371179573e-13,1.33478768e-13,3.268873358e-13,4.490508198e-14,9.087526678e-14,6.646120185e-14,8.569314822e-14,2.111176487e-14,6.12573384e-14,3.317798315e-13,1.7722388e-13,1.814402982e-13,6.449321777e-15,1.13509302e-13,9.583128549e-14
173.5234375,3.828489117e-13,2.031534074e-13,7.39917726e-14,2.928903794e-13,2.726901535e-13,1.357052271e-13,6.017618545e-14,2.338722281e-14,6.823498678e-14,5.514724313e-14,1.550154586e-13,5.596769189e-14,9.963046801e-14,1.464038718e-13,1.203987808e-13,3.866766418e-13,2.511696851e-13,1.349281339e-13,1.315069741e-13,3.278681538e-13,4.538452262e-14,9.011733773e-14,6.653001727e-14,8.62068564e-14,2.067527714e-14,6.1392441e-14,3.329229798e-13,1.75381899e-13,1.802960239e-13,6.592107871e-15,1.122295358e-13,9.547542859e-14
173.53125,3.775653677e-13,2.002016221e-13,7.336703492e-14,2.885068325e-13,2.739622608e-13,1.350371315e-13,5.874370441e-14,2.397501808e-14,6.834514981e-14,5.487590066e-14,1.538293625e-13,5.618596876e-14,1.000885973e-13,1.477396085e-13,1.185037125e-13,3.827803182e-13,2.481286017e-13,1.327613105e-13,1.295895986e-13,3.290149224e-13,4.585942722e-14,8.939309905e-14,6.655777185e-14,8.676635151e-14,2.023824246e-14,6.154734759e-14,3.336584806e-13,1.735267388e-13,1.791680534e-13,6.739965795e-15,1.109888127e-13,9.517490672e-14
173.5390625,3.721355955e-13,1.970086976e-13,7.277745412e-14,2.840164417e-13,2.755529325e-13,1.344402323e-13,5.735064168e-14,2.458974514e-14,6.85274768e-14,5.477013812e-14,1.526679431e-13,5.643240698e-14,1.00620755e-13,1.491781376e-13,1.165616593e-13,3.787948806e-13,2.448492494e-13,1.305753756e-13,1.276515832e-13,3.303796767e-13,4.635315283e-14,8.871118273e-14,6.660165462e-14,8.742284887e-14,1.980949779e-14,6.170385589e-14,3.342235781e-13,1.717262743e-13,1.779049065e-13,6.896739022e-15,1.098301999e-13,9.491396997e-14
173.546875,3.666316801e-13,1.937952555e-13,7.226417075e-14,2.795265495e-13,2.772666567e-13,1.338889476e-13,5.600924423e-14,2.524339872e-14,6.87698975e-14,5.47837467e-14,1.515391827e-13,5.672646184e-14,1.011835053e-13,1.507303108e-13,1.145252644e-13,3.747440367e-13,2.414600519e-13,1.283715232e-13,1.256719796e-13,3.317012357e-13,4.685425786e-14,8.804185549e-14,6.670245973e-14,8.814894766e-14,1.939178778e-14,6.183637456e-14,3.34796736e-13,1.700878278e-13,1.765900347e-13,7.062649548e-15,1.087570117e-13,9.466056667e-14
173.5546875,3.611940677e-13,1.905797537e-13,7.174540314e-14,2.750270278e-13,2.787609282e-13,1.332269344e-13,5.47072415e-14,2.592843701e-14,6.899537704e-14,5.473730809e-14,1.504131087e-13,5.70139684e-14,1.016015288e-13,1.52165535e-13,1.125297591e-13,3.706748301e-13,2.381279663e-13,1.261982264e-13,1.236462733e-13,3.32997738e-13,4.730859849e-14,8.734109925e-14,6.681362958e-14,8.880226888e-14,1.898485237e-14,6.196634327e-14,3.352860341e-13,1.684020559e-13,1.754525051e-13,7.242069869e-15,1.076615349e-13,9.440564155e-14
173.5625,3.558092005e-13,1.874298444e-13,7.12538528e-14,2.705350842e-13,2.801698089e-13,1.324939398e-13,5.343108998e-14,2.661950435e-14,6.920213839e-14,5.462121922e-14,1.492742883e-13,5.731684153e-14,1.019265127e-13,1.535131096e-13,1.107061792e-13,3.667675716e-13,2.348819322e-13,1.241149914e-13,1.21578715e-13,3.345090215e-13,4.773646937e-14,8.662821409e-14,6.689652294e-14,8.940594368e-14,1.859828677e-14,6.210650271e-14,3.357163042e-13,1.665204661e-13,1.744839415e-13,7.426056914e-15,1.065654453e-13,9.414630305e-14
173.5703125,3.504042808e-13,1.844147076e-13,7.082638215e-14,2.662197411e-13,2.816914845e-13,1.318050014e-13,5.217119802e-14,2.734781005e-14,6.944216272e-14,5.455774865e-14,1.480928121e-13,5.768050565e-14,1.023579403e-13,1.549681771e-13,1.089667346e-13,3.629923039e-13,2.316189972e-13,1.220575697e-13,1.195486044e-13,3.359905307e-13,4.821021557e-14,8.593433052e-14,6.698313551e-14,9.007971219e-14,1.822531896e-14,6.22247326e-14,3.36194611e-13,1.646935429e-13,1.735040166e-13,7.595023566e-15,1.055335442e-13,9.38653108e-14
173.578125,3.450265325e-13,1.813745971e-13,7.042136244e-14,2.621238612e-13,2.832592148e-13,1.311760058e-13,5.093396637e-14,2.813705324e-14,6.970952767e-14,5.455569635e-14,1.469071863e-13,5.809080878e-14,1.028954424e-13,1.564647603e-13,1.0721179e-13,3.592265472e-13,2.283823167e-13,1.200265422e-13,1.176148091e-13,3.370682801e-13,4.869062863e-14,8.526190116e-14,6.708708703e-14,9.078352998e-14,1.786063763e-14,6.231764699e-14,3.366753327e-13,1.630687927e-13,1.72513883e-13,7.753297002e-15,1.045986099e-13,9.354845131e-14
173.5859375,3.397355422e-13,1.783239405e-13,7.009771995e-14,2.580188673e-13,2.848593013e-13,1.305766089e-13,4.974023332e-14,2.896857933e-14,6.999151583e-14,5.453392803e-14,1.458095649e-13,5.854311787e-14,1.034142389e-13,1.579456644e-13,1.05510022e-13,3.556232498e-13,2.253440752e-13,1.181515947e-13,1.157093071e-13,3.380057275e-13,4.910991247e-14,8.46090292e-14,6.718126948e-14,9.147073189e-14,1.752796355e-14,6.241463589e-14,3.370175598e-13,1.614421369e-13,1.716709098e-13,7.919350424e-15,1.038256677e-13,9.32138182e-14
173.59375,3.34410519e-13,1.75429175e-13,6.985488798e-14,2.537836706e-13,2.86488068e-13,1.299234567e-13,4.856911878e-14,2.984438521e-14,7.027605213e-14,5.446320844e-14,1.447356173e-13,5.899964587e-14,1.038444098e-13,1.594431779e-13,1.038983575e-13,3.522800362e-13,2.224374428e-13,1.163556633e-13,1.137498207e-13,3.392301048e-13,4.951822497e-14,8.394187593e-14,6.725731186e-14,9.219895983e-14,1.722471906e-14,6.251076846e-14,3.371599452e-13,1.596988975e-13,1.70924958e-13,8.090574967e-15,1.031114106e-13,9.28921129e-14
173.6015625,3.290110868e-13,1.724879501e-13,6.958846782e-14,2.496153219e-13,2.882065788e-13,1.292299953e-13,4.73842596e-14,3.077757431e-14,7.057481823e-14,5.436485626e-14,1.435812235e-13,5.943606441e-14,1.042405676e-13,1.609097958e-13,1.022988511e-13,3.490112383e-13,2.194859556e-13,1.145565946e-13,1.117621062e-13,3.407348057e-13,4.995328475e-14,8.325635613e-14,6.731817167e-14,9.29965417e-14,1.692147719e-14,6.258997777e-14,3.370848784e-13,1.57922593e-13,1.700800411e-13,8.261854114e-15,1.023573564e-13,9.259232691e-14
173.609375,3.236859543e-13,1.692659603e-13,6.936498376e-14,2.456007937e-13,2.902186229e-13,1.285972835e-13,4.621715189e-14,3.178496544e-14,7.096289256e-14,5.427612691e-14,1.424239709e-13,5.99507488e-14,1.046959509e-13,1.624084165e-13,1.006898323e-13,3.457054629e-13,2.165509526e-13,1.129644177e-13,1.098026841e-13,3.423447705e-13,5.03481342e-14,8.261570755e-14,6.736184649e-14,9.385783838e-14,1.663141805e-14,6.265332496e-14,3.367526848e-13,1.561294539e-13,1.69254625e-13,8.445669453e-15,1.017415753e-13,9.22997003e-14
173.6171875,3.1848598e-13,1.65992825e-13,6.92483809e-14,2.416073171e-13,2.923644608e-13,1.279591805e-13,4.511373634e-14,3.286821318e-14,7.14071408e-14,5.422724361e-14,1.413231479e-13,6.055705215e-14,1.051333597e-13,1.640148572e-13,9.913649902e-14,3.424144666e-13,2.137325376e-13,1.115802954e-13,1.078763778e-13,3.43831111e-13,5.066557325e-14,8.20049271e-14,6.740049159e-14,9.471558748e-14,1.637597449e-14,6.269155601e-14,3.362383932e-13,1.543471746e-13,1.68666289e-13,8.643467099e-15,1.012907323e-13,9.19898201e-14
173.625,3.134315147e-13,1.629133972e-13,6.91043735e-14,2.376921682e-13,2.942977937e-13,1.272715168e-13,4.406135749e-14,3.395853292e-14,7.178741064e-14,5.420560709e-14,1.40175688e-13,6.112973287e-14,1.054942741e-13,1.656673749e-13,9.769420258e-14,3.392060191e-13,2.109870985e-13,1.10098103e-13,1.059849972e-13,3.449979178e-13,5.096022109e-14,8.135340534e-14,6.744888457e-14,9.546825258e-14,1.613725228e-14,6.271134124e-14,3.356788906e-13,1.527064223e-13,1.680798339e-13,8.83820698e-15,1.008146931e-13,9.165601472e-14
173.6328125,3.084838763e-13,1.599364461e-13,6.888648594e-14,2.339416662e-13,2.961246586e-13,1.266319831e-13,4.303654798e-14,3.503017367e-14,7.213673744e-14,5.418500552e-14,1.389248723e-13,6.166321563e-14,1.058967169e-13,1.673205738e-13,9.637132538e-14,3.361960353e-13,2.083085326e-13,1.084967996e-13,1.041306088e-13,3.461185659e-13,5.128228708e-14,8.068199258e-14,6.74972837e-14,9.619822541e-14,1.590591611e-14,6.274147188e-14,3.350577676e-13,1.511769942e-13,1.672521061e-13,9.024420275e-15,1.003165412e-13,9.131288756e-14
173.640625,3.033581716e-13,1.569190312e-13,6.869035065e-14,2.301677702e-13,2.980097217e-13,1.259673176e-13,4.202759872e-14,3.615621112e-14,7.24997502e-14,5.417196004e-14,1.376632025e-13,6.219206298e-14,1.062880646e-13,1.688321533e-13,9.512082867e-14,3.33429744e-13,2.057131686e-13,1.069485326e-13,1.022694365e-13,3.475684658e-13,5.160443207e-14,8.001419595e-14,6.751757576e-14,9.703353019e-14,1.569077361e-14,6.276515242e-14,3.343023476e-13,1.495675145e-13,1.66448802e-13,9.216185361e-15,9.980225878e-14,9.096016168e-14
173.6484375,2.980747318e-13,1.538381778e-13,6.856277051e-14,2.263087406e-13,2.998875846e-13,1.252036897e-13,4.102129767e-14,3.734323634e-14,7.282214956e-14,5.418182796e-14,1.364780933e-13,6.267703461e-14,1.06555738e-13,1.701413902e-13,9.387834182e-14,3.307170852e-13,2.031081648e-13,1.054476453e-13,1.003820063e-13,3.491243952e-13,5.18828027e-14,7.932889345e-14,6.750153926e-14,9.788998799e-14,1.548837516e-14,6.275151648e-14,3.333984431e-13,1.478725235e-13,1.658562363e-13,9.424255454e-15,9.923834825e-14,9.059747227e-14
173.65625,2.930350806e-13,1.507482054e-13,6.852676725e-14,2.225517982e-13,3.017765459e-13,1.244914161e-13,4.0036902e-14,3.856612265e-14,7.316357586e-14,5.420516005e-14,1.353046087e-13,6.318234326e-14,1.068545236e-13,1.715362646e-13,9.26584367e-14,3.278851752e-13,2.00397074e-13,1.039755597e-13,9.850886758e-14,3.504853975e-13,5.214085662e-14,7.865055476e-14,6.746613883e-14,9.869428286e-14,1.529570752e-14,6.272407676e-14,3.323375773e-13,1.462145793e-13,1.652828208e-13,9.637877885e-15,9.88142926e-14,9.025195568e-14
173.6640625,2.881723806e-13,1.476936214e-13,6.856548408e-14,2.189376022e-13,3.036304523e-13,1.238275263e-13,3.909934281e-14,3.986932412e-14,7.35777972e-14,5.421048137e-14,1.340467359e-13,6.376567877e-14,1.072322424e-13,1.730792146e-13,9.155211796e-14,3.250669968e-13,1.97597019e-13,1.02556423e-13,9.665068266e-14,3.518818981e-13,5.239904539e-14,7.798120363e-14,6.7400939e-14,9.949632589e-14,1.510911712e-14,6.269826194e-14,3.311756006e-13,1.445525248e-13,1.646809972e-13,9.8403647e-15,9.858685698e-14,8.992020293e-14
173.671875,2.832342499e-13,1.446405859e-13,6.857912559e-14,2.154199889e-13,3.054565951e-13,1.230896921e-13,3.818986457e-14,4.122706213e-14,7.398608312e-14,5.41853264e-14,1.327760177e-13,6.435126422e-14,1.075590824e-13,1.745745187e-13,9.058879774e-14,3.224716507e-13,1.948122851e-13,1.011871648e-13,9.479023146e-14,3.535255693e-13,5.26222632e-14,7.729688129e-14,6.728561457e-14,1.002927956e-13,1.492307361e-14,6.265183961e-14,3.299997513e-13,1.428462073e-13,1.641565121e-13,1.003411799e-14,9.838854368e-14,8.955903849e-14
173.6796875,2.784638204e-13,1.416003885e-13,6.851989569e-14,2.120266117e-13,3.075347233e-13,1.223765296e-13,3.730661437e-14,4.257739186e-14,7.44314434e-14,5.418567877e-14,1.315676055e-13,6.496355533e-14,1.079009653e-13,1.761708417e-13,8.971095649e-14,3.20080035e-13,1.921634548e-13,9.993247466e-14,9.298822367e-14,3.552270947e-13,5.282893193e-14,7.665044817e-14,6.716148691e-14,1.011138079e-13,1.475615896e-14,6.258059969e-14,3.288031834e-13,1.41248911e-13,1.636796567e-13,1.022695146e-14,9.825454867e-14,8.916777856e-14
173.6875,2.739735117e-13,1.386466077e-13,6.845193163e-14,2.087629666e-13,3.09799189e-13,1.217462184e-13,3.647550161e-14,4.39684592e-14,7.498833697e-14,5.4270368e-14,1.303567871e-13,6.567598114e-14,1.082861692e-13,1.779058098e-13,8.892506814e-14,3.17836945e-13,1.897276014e-13,9.882499377e-14,9.128528638e-14,3.568404145e-13,5.306736896e-14,7.606171106e-14,6.707478392e-14,1.020346493e-13,1.462532331e-14,6.247853275e-14,3.275306419e-13,1.398318009e-13,1.632455706e-13,1.041482065e-14,9.826038153e-14,8.877458877e-14
173.6953125,2.694916944e-13,1.357565177e-13,6.846593898e-14,2.056576038e-13,3.119011644e-13,1.21094151e-13,3.567051341e-14,4.54406163e-14,7.555288115e-14,5.438356395e-14,1.291604242e-13,6.641335689e-14,1.085836553e-13,1.794706772e-13,8.829490724e-14,3.158344312e-13,1.874757804e-13,9.779862585e-14,8.96057434e-14,3.584913696e-13,5.329905662e-14,7.54637898e-14,6.70058698e-14,1.029857238e-13,1.451347705e-14,6.23452549e-14,3.261451045e-13,1.384272424e-13,1.629051422e-13,1.05970624e-14,9.831863278e-14,8.838224205e-14
173.703125,2.649653317e-13,1.329176283e-13,6.859202912e-14,2.026537601e-13,3.138817007e-13,1.204375397e-13,3.486926321e-14,4.698112078e-14,7.607778306e-14,5.444186875e-14,1.280310044e-13,6.712421316e-14,1.088122269e-13,1.808842674e-13,8.781168557e-14,3.141211779e-13,1.852862548e-13,9.682078225e-14,8.787435527e-14,3.602954938e-13,5.350868997e-14,7.484386328e-14,6.693164573e-14,1.038777934e-13,1.441135335e-14,6.223375259e-14,3.247098946e-13,1.369178951e-13,1.626181121e-13,1.077634294e-14,9.840503145e-14,8.800544635e-14
173.7109375,2.60521389e-13,1.302028478e-13,6.876658231e-14,1.995663452e-13,3.158216725e-13,1.197920047e-13,3.412034223e-14,4.858646629e-14,7.6620362e-14,5.449222483e-14,1.268562027e-13,6.784537421e-14,1.090279819e-13,1.823142674e-13,8.746993229e-14,3.126757669e-13,1.831609266e-13,9.588212257e-14,8.613113297e-14,3.621674159e-13,5.375872268e-14,7.422848157e-14,6.684257887e-14,1.047420662e-13,1.433839354e-14,6.21498323e-14,3.233348696e-13,1.354080554e-13,1.623610089e-13,1.094587058e-14,9.854090299e-14,8.766091078e-14
173.71875,2.562884556e-13,1.275406291e-13,6.893477841e-14,1.964741034e-13,3.177247368e-13,1.190767924e-13,3.343540471e-14,5.020939233e-14,7.717395082e-14,5.461320839e-14,1.255987972e-13,6.85839334e-14,1.092234656e-13,1.837474599e-13,8.729604817e-14,3.114828126e-13,1.812566924e-13,9.502551776e-14,8.447460927e-14,3.640218029e-13,5.401859048e-14,7.36253317e-14,6.671171922e-14,1.055877074e-13,1.429859146e-14,6.202691037e-14,3.218985986e-13,1.340148502e-13,1.621775877e-13,1.110399116e-14,9.874537202e-14,8.731909803e-14
173.7265625,2.523599988e-13,1.248179286e-13,6.91217127e-14,1.935994113e-13,3.198168614e-13,1.183845253e-13,3.276964946e-14,5.184224455e-14,7.774228822e-14,5.477830189e-14,1.243692416e-13,6.935518657e-14,1.094348509e-13,1.852617225e-13,8.721476006e-14,3.104341646e-13,1.795380139e-13,9.43354935e-14,8.291999264e-14,3.659286548e-13,5.421082163e-14,7.305408481e-14,6.655084804e-14,1.063810984e-13,1.427142709e-14,6.18940904e-14,3.20291764e-13,1.327004559e-13,1.620833442e-13,1.126001077e-14,9.906087936e-14,8.696536249e-14
173.734375,2.484906337e-13,1.221758763e-13,6.932259577e-14,1.908553738e-13,3.219527067e-13,1.178135275e-13,3.21275984e-14,5.356014394e-14,7.832059645e-14,5.494964736e-14,1.231603585e-13,7.015036168e-14,1.096074037e-13,1.867728086e-13,8.717735844e-14,3.094953929e-13,1.778487736e-13,9.371787183e-14,8.138214357e-14,3.678735626e-13,5.438636387e-14,7.249284834e-14,6.639558591e-14,1.071465646e-13,1.424998588e-14,6.182496964e-14,3.187810632e-13,1.313961755e-13,1.620488594e-13,1.141751793e-14,9.941835926e-14,8.662467212e-14
173.7421875,2.444559948e-13,1.197184958e-13,6.949521835e-14,1.881419488e-13,3.23784252e-13,1.171891771e-13,3.151487916e-14,5.53498307e-14,7.886377861e-14,5.511972336e-14,1.219483236e-13,7.092363773e-14,1.097023583e-13,1.880771653e-13,8.727913215e-14,3.0879115e-13,1.762889962e-13,9.306474102e-14,7.98350819e-14,3.697771466e-13,5.459674952e-14,7.189942046e-14,6.622919186e-14,1.079392535e-13,1.424472574e-14,6.176046316e-14,3.174289895e-13,1.300915737e-13,1.620289476e-13,1.157654833e-14,9.977493694e-14,8.628344216e-14
173.75,2.40510419e-13,1.172258674e-13,6.969840366e-14,1.855542178e-13,3.256182146e-13,1.164146965e-13,3.089877008e-14,5.716242532e-14,7.941819797e-14,5.523685458e-14,1.20797007e-13,7.171084756e-14,1.098240512e-13,1.893781693e-13,8.753190331e-14,3.082709766e-13,1.749308211e-13,9.250954049e-14,7.833269927e-14,3.718204586e-13,5.477546819e-14,7.129911922e-14,6.604412456e-14,1.08735973e-13,1.425935506e-14,6.164923203e-14,3.159008738e-13,1.287437514e-13,1.620716001e-13,1.174115659e-14,1.002286892e-13,8.591289141e-14
173.7578125,2.368159337e-13,1.146197563e-13,7.004291931e-14,1.830756653e-13,3.276822802e-13,1.156619649e-13,3.031252381e-14,5.902037988e-14,8.001298331e-14,5.530170157e-14,1.196664526e-13,7.253854079e-14,1.09944264e-13,1.908118707e-13,8.787589316e-14,3.078934397e-13,1.736160865e-13,9.211127273e-14,7.686083065e-14,3.741489566e-13,5.490279914e-14,7.070958992e-14,6.587178752e-14,1.094341009e-13,1.429779324e-14,6.157948625e-14,3.143158113e-13,1.273585539e-13,1.623152971e-13,1.190935756e-14,1.007803874e-13,8.554634932e-14
173.765625,2.332478778e-13,1.12156823e-13,7.051937152e-14,1.806979752e-13,3.296191408e-13,1.149960075e-13,2.980658888e-14,6.089928311e-14,8.059254463e-14,5.542038905e-14,1.185126598e-13,7.335262137e-14,1.099869581e-13,1.921137002e-13,8.839390856e-14,3.0792117e-13,1.724081094e-13,9.176000639e-14,7.539526894e-14,3.765308457e-13,5.504016425e-14,7.01235924e-14,6.569798274e-14,1.100469315e-13,1.437190186e-14,6.159393758e-14,3.130795408e-13,1.260858019e-13,1.627353867e-13,1.206837012e-14,1.013826742e-13,8.523121349e-14
173.7734375,2.298180255e-13,1.098652603e-13,7.103984381e-14,1.785169817e-13,3.313572632e-13,1.143091654e-13,2.934454522e-14,6.277142612e-14,8.117034209e-14,5.560731266e-14,1.174232504e-13,7.415282772e-14,1.09994873e-13,1.931791832e-13,8.915100742e-14,3.083724557e-13,1.714859527e-13,9.148389309e-14,7.398674495e-14,3.787797627e-13,5.517704716e-14,6.956117902e-14,6.550345384e-14,1.106854128e-13,1.447909306e-14,6.162659283e-14,3.120146589e-13,1.249541648e-13,1.631757215e-13,1.220691084e-14,1.020609048e-13,8.496093923e-14
173.78125,2.264598737e-13,1.075781684e-13,7.158437103e-14,1.764409952e-13,3.330023053e-13,1.135604917e-13,2.890158164e-14,6.467844326e-14,8.173227258e-14,5.576657603e-14,1.164181429e-13,7.495071856e-14,1.099016161e-13,1.940582517e-13,9.006202147e-14,3.089475336e-13,1.70724956e-13,9.133216561e-14,7.261087404e-14,3.809497658e-13,5.527365505e-14,6.898625317e-14,6.532584834e-14,1.112814966e-13,1.460664404e-14,6.165609697e-14,3.108225469e-13,1.237956301e-13,1.636905937e-13,1.232902048e-14,1.027652139e-13,8.469728504e-14
173.7890625,2.230134356e-13,1.054183491e-13,7.215836863e-14,1.743349415e-13,3.344746189e-13,1.127492884e-13,2.849572446e-14,6.661212615e-14,8.221441874e-14,5.590597454e-14,1.154259687e-13,7.571032737e-14,1.096904106e-13,1.948035758e-13,9.105106891e-14,3.096688706e-13,1.700064067e-13,9.123080193e-14,7.120034657e-14,3.831425904e-13,5.536397973e-14,6.835959146e-14,6.516841328e-14,1.117421552e-13,1.475226695e-14,6.170202777e-14,3.096506499e-13,1.225824798e-13,1.644243916e-13,1.245019103e-14,1.034709076e-13,8.441473651e-14
173.796875,2.196218757e-13,1.034178902e-13,7.274185139e-14,1.722792915e-13,3.360094577e-13,1.11914843e-13,2.809612083e-14,6.855463666e-14,8.268625515e-14,5.610581902e-14,1.144292171e-13,7.645793058e-14,1.095164974e-13,1.955963246e-13,9.208954902e-14,3.106539673e-13,1.693868658e-13,9.11751739e-14,6.983037747e-14,3.855562055e-13,5.546772246e-14,6.775945192e-14,6.498484381e-14,1.121837672e-13,1.491094102e-14,6.174596577e-14,3.085435706e-13,1.214243279e-13,1.652439351e-13,1.257864019e-14,1.042570188e-13,8.412331562e-14
173.8046875,2.16357147e-13,1.013226918e-13,7.339020278e-14,1.703507967e-13,3.377162645e-13,1.111565438e-13,2.768661933e-14,7.052774941e-14,8.318743087e-14,5.635105622e-14,1.134363547e-13,7.723678426e-14,1.09327962e-13,1.963554407e-13,9.31740332e-14,3.117318349e-13,1.688219433e-13,9.117681934e-14,6.855786101e-14,3.8814334e-13,5.555098697e-14,6.721281275e-14,6.477666788e-14,1.126249656e-13,1.507756469e-14,6.177461192e-14,3.073226455e-13,1.202937197e-13,1.659675594e-13,1.270921049e-14,1.051087071e-13,8.384787911e-14
173.8125,2.13018906e-13,9.921285389e-14,7.416954844e-14,1.684865318e-13,3.391775915e-13,1.104056689e-13,2.731147281e-14,7.249805653e-14,8.364142511e-14,5.659558798e-14,1.124649325e-13,7.802529242e-14,1.090328763e-13,1.968294734e-13,9.431531742e-14,3.127990225e-13,1.682604308e-13,9.117113747e-14,6.728413836e-14,3.904340276e-13,5.561038959e-14,6.662826722e-14,6.457782236e-14,1.129563799e-13,1.525869312e-14,6.179208588e-14,3.060163815e-13,1.191230962e-13,1.667180595e-13,1.283603643e-14,1.05970508e-13,8.358195938e-14
173.8203125,2.097453532e-13,9.727314504e-14,7.501540277e-14,1.66666959e-13,3.404270434e-13,1.095690479e-13,2.697028671e-14,7.444884842e-14,8.408273174e-14,5.685507095e-14,1.115466425e-13,7.880905119e-14,1.087900338e-13,1.972404694e-13,9.546692947e-14,3.138475686e-13,1.677526774e-13,9.120213616e-14,6.600463231e-14,3.924360013e-13,5.566070678e-14,6.601891763e-14,6.439270026e-14,1.132722583e-13,1.544624657e-14,6.17863651e-14,3.046709454e-13,1.179861115e-13,1.676104073e-13,1.296035151e-14,1.06868983e-13,8.330740266e-14
173.828125,2.068865926e-13,9.531068069e-14,7.585324042e-14,1.649898272e-13,3.418874018e-13,1.088488656e-13,2.663111483e-14,7.640365581e-14,8.455337823e-14,5.713803068e-14,1.106727719e-13,7.958639904e-14,1.086136419e-13,1.978489372e-13,9.663834907e-14,3.14862013e-13,1.673486539e-13,9.138020105e-14,6.484322145e-14,3.947082614e-13,5.570421544e-14,6.548315442e-14,6.421538279e-14,1.136447261e-13,1.562994166e-14,6.176903324e-14,3.032098659e-13,1.169724537e-13,1.684837174e-13,1.308075159e-14,1.078296675e-13,8.304455487e-14
173.8359375,2.042743677e-13,9.333628182e-14,7.666283864e-14,1.634369065e-13,3.433321243e-13,1.083011518e-13,2.630331948e-14,7.832373061e-14,8.496832593e-14,5.742100047e-14,1.098132715e-13,8.032033575e-14,1.083212143e-13,1.98378491e-13,9.795638278e-14,3.160681984e-13,1.671314419e-13,9.164036235e-14,6.376969662e-14,3.972267e-13,5.575599664e-14,6.499038047e-14,6.404435361e-14,1.1392356e-13,1.582815695e-14,6.178359564e-14,3.017442237e-13,1.160122019e-13,1.692454247e-13,1.319163009e-14,1.088170449e-13,8.281757424e-14
173.84375,2.014334102e-13,9.153855359e-14,7.741649325e-14,1.618122934e-13,3.443420762e-13,1.075902911e-13,2.598855031e-14,8.021951613e-14,8.530642733e-14,5.770656944e-14,1.089568384e-13,8.096084806e-14,1.078976659e-13,1.985637692e-13,9.946061913e-14,3.176926534e-13,1.671212561e-13,9.183073187e-14,6.265539673e-14,3.995854724e-13,5.580105144e-14,6.443310188e-14,6.386209936e-14,1.140964354e-13,1.604521686e-14,6.183604444e-14,3.003951492e-13,1.149460494e-13,1.699910281e-13,1.330089003e-14,1.097164339e-13,8.260321262e-14
173.8515625,1.983306966e-13,8.97022384e-14,7.820987609e-14,1.601660768e-13,3.451038797e-13,1.066930985e-13,2.56792796e-14,8.216927992e-14,8.56102614e-14,5.80080071e-14,1.081387405e-13,8.152081378e-14,1.074452467e-13,1.985674303e-13,1.010901838e-13,3.196399539e-13,1.672590817e-13,9.200570369e-14,6.153083013e-14,4.018692931e-13,5.581625968e-14,6.38093006e-14,6.364500291e-14,1.143069998e-13,1.626545497e-14,6.189648052e-14,2.990104641e-13,1.137782561e-13,1.707520012e-13,1.341562009e-14,1.105138674e-13,8.237399141e-14
173.859375,1.953367428e-13,8.778472214e-14,7.918005649e-14,1.587500234e-13,3.459343748e-13,1.059573661e-13,2.540066362e-14,8.413489988e-14,8.588789212e-14,5.830836487e-14,1.074259045e-13,8.210473335e-14,1.070499513e-13,1.986281688e-13,1.027571677e-13,3.216943487e-13,1.675577382e-13,9.234991902e-14,6.047786829e-14,4.041588483e-13,5.586832101e-14,6.320492033e-14,6.340427698e-14,1.145267077e-13,1.650291298e-14,6.196387805e-14,2.975424217e-13,1.12660449e-13,1.715519942e-13,1.351015276e-14,1.114057915e-13,8.21457172e-14
173.8671875,1.925891604e-13,8.613633473e-14,8.019934662e-14,1.574585393e-13,3.468078801e-13,1.053466343e-13,2.515209832e-14,8.603069049e-14,8.616055476e-14,5.859729837e-14,1.067954291e-13,8.274145026e-14,1.067129549e-13,1.98742213e-13,1.043145596e-13,3.236439265e-13,1.679101685e-13,9.280770852e-14,5.944698599e-14,4.062494634e-13,5.600840608e-14,6.264249384e-14,6.318394576e-14,1.146200904e-13,1.676569007e-14,6.205190303e-14,2.961778872e-13,1.11609268e-13,1.724263536e-13,1.356509352e-14,1.123936883e-13,8.193315881e-14
173.875,1.899294376e-13,8.47438774e-14,8.108818367e-14,1.561323193e-13,3.476481596e-13,1.045827088e-13,2.490138303e-14,8.786683515e-14,8.641860201e-14,5.889221171e-14,1.061811123e-13,8.332065359e-14,1.063181642e-13,1.987953132e-13,1.05764159e-13,3.254619789e-13,1.681595108e-13,9.319896531e-14,5.840498545e-14,4.083327757e-13,5.615902149e-14,6.207420767e-14,6.299399894e-14,1.145675136e-13,1.702711184e-14,6.214390669e-14,2.948821907e-13,1.105571124e-13,1.732434725e-13,1.360766154e-14,1.132566708e-13,8.172213497e-14
173.8828125,1.873322209e-13,8.338567417e-14,8.195765195e-14,1.549554828e-13,3.48521951e-13,1.0373686e-13,2.465806454e-14,8.968567172e-14,8.663657116e-14,5.920220464e-14,1.056109204e-13,8.383541066e-14,1.058619588e-13,1.988138653e-13,1.072980611e-13,3.274220386e-13,1.684741886e-13,9.361963249e-14,5.743114514e-14,4.107303388e-13,5.624765501e-14,6.15078225e-14,6.28057874e-14,1.144634115e-13,1.728544501e-14,6.224620049e-14,2.935046216e-13,1.095163018e-13,1.739542844e-13,1.366022309e-14,1.140782506e-13,8.152232755e-14
173.890625,1.848004055e-13,8.199352815e-14,8.297943523e-14,1.538777361e-13,3.493645171e-13,1.029852275e-13,2.444124006e-14,9.149705634e-14,8.685019537e-14,5.9544109e-14,1.050727643e-13,8.439071618e-14,1.054252926e-13,1.988090921e-13,1.089559622e-13,3.296094115e-13,1.689783233e-13,9.419334475e-14,5.654019756e-14,4.13193377e-13,5.627639881e-14,6.097044595e-14,6.262250795e-14,1.143883306e-13,1.756070146e-14,6.242550581e-14,2.922157942e-13,1.084371242e-13,1.74760305e-13,1.371561891e-14,1.150651202e-13,8.136360568e-14
173.8984375,1.821888201e-13,8.043717969e-14,8.413853808e-14,1.526197548e-13,3.499518191e-13,1.022419353e-13,2.423602646e-14,9.327606303e-14,8.706026733e-14,5.994103032e-14,1.045119441e-13,8.49765217e-14,1.04952086e-13,1.986562584e-13,1.10659295e-13,3.318378351e-13,1.695174661e-13,9.478835777e-14,5.565439803e-14,4.153805169e-13,5.627415203e-14,6.041076707e-14,6.245499207e-14,1.143102801e-13,1.785140655e-14,6.268580675e-14,2.911485521e-13,1.072677593e-13,1.757085701e-13,1.377211176e-14,1.161171068e-13,8.12284271e-14
173.90625,1.795957883e-13,7.885795444e-14,8.533750395e-14,1.512909232e-13,3.503473139e-13,1.013834364e-13,2.404578956e-14,9.502442205e-14,8.723289317e-14,6.033452299e-14,1.040541142e-13,8.552613466e-14,1.04432099e-13,1.984112602e-13,1.124223595e-13,3.341160161e-13,1.701478445e-13,9.538375663e-14,5.476718174e-14,4.174306115e-13,5.631890468e-14,5.980684123e-14,6.227522244e-14,1.141469649e-13,1.81576957e-14,6.291949394e-14,2.900666796e-13,1.061317161e-13,1.766351101e-13,1.382157132e-14,1.171198934e-13,8.108496718e-14
173.9140625,1.772071434e-13,7.758016451e-14,8.65367911e-14,1.500686569e-13,3.507548191e-13,1.004901894e-13,2.388887838e-14,9.680389255e-14,8.737003817e-14,6.064693372e-14,1.038211292e-13,8.601451862e-14,1.039061067e-13,1.981570941e-13,1.142545208e-13,3.365450912e-13,1.709827876e-13,9.61036421e-14,5.39154562e-14,4.195840222e-13,5.643436172e-14,5.920944904e-14,6.208584891e-14,1.138835427e-13,1.848685803e-14,6.310156851e-14,2.889153386e-13,1.050762089e-13,1.775337576e-13,1.38535575e-14,1.181219494e-13,8.094947005e-14
173.921875,1.747526512e-13,7.636454418e-14,8.782452647e-14,1.488701058e-13,3.509558908e-13,9.967321417e-14,2.374528753e-14,9.860149595e-14,8.743540497e-14,6.09406387e-14,1.037125117e-13,8.64342034e-14,1.032860712e-13,1.976733547e-13,1.161913681e-13,3.391582835e-13,1.718941846e-13,9.689882933e-14,5.308020098e-14,4.217615263e-13,5.651576856e-14,5.860711561e-14,6.192522005e-14,1.135721829e-13,1.883451051e-14,6.33412822e-14,2.879702768e-13,1.03969194e-13,1.785171702e-13,1.389160204e-14,1.191388481e-13,8.083297845e-14
173.9296875,1.720837072e-13,7.4991784e-14,8.92770119e-14,1.47716661e-13,3.507770536e-13,9.885217427e-14,2.359256336e-14,1.003332676e-13,8.741598579e-14,6.130322681e-14,1.036686623e-13,8.685474862e-14,1.026289755e-13,1.969573499e-13,1.182655198e-13,3.419865765e-13,1.72904422e-13,9.774357198e-14,5.226117963e-14,4.237368598e-13,5.656129458e-14,5.796590419e-14,6.178082694e-14,1.13244915e-13,1.919491147e-14,6.365877537e-14,2.872254697e-13,1.028215603e-13,1.795779994e-13,1.394685233e-14,1.201770979e-13,8.072110422e-14
173.9375,1.696545322e-13,7.38601746e-14,9.078644114e-14,1.467164589e-13,3.505824281e-13,9.794652474e-14,2.344406949e-14,1.02004264e-13,8.738626189e-14,6.168738148e-14,1.037412254e-13,8.732826828e-14,1.021192379e-13,1.963677546e-13,1.202791696e-13,3.44816769e-13,1.740380094e-13,9.871757415e-14,5.149373282e-14,4.254682076e-13,5.668612307e-14,5.732975449e-14,6.162878812e-14,1.128365513e-13,1.95547408e-14,6.397366648e-14,2.864525328e-13,1.017785927e-13,1.806103962e-13,1.398888673e-14,1.212538499e-13,8.06322313e-14
173.9453125,1.675879083e-13,7.301569039e-14,9.230433143e-14,1.458150083e-13,3.505048321e-13,9.708312672e-14,2.330545149e-14,1.036371782e-13,8.734430053e-14,6.204978198e-14,1.038697528e-13,8.778349052e-14,1.01667414e-13,1.958865214e-13,1.220840236e-13,3.47418407e-13,1.750632864e-13,9.974387485e-14,5.074857771e-14,4.270600961e-13,5.683588638e-14,5.67139924e-14,6.149286706e-14,1.122995598e-13,1.990036173e-14,6.429517143e-14,2.857148651e-13,1.00813177e-13,1.815890353e-13,1.401024511e-14,1.22389773e-13,8.057238529e-14
173.953125,1.653937114e-13,7.204959779e-14,9.398845425e-14,1.448780647e-13,3.501838766e-13,9.630638172e-14,2.316496122e-14,1.051935226e-13,8.722163046e-14,6.242657106e-14,1.039965015e-13,8.820718232e-14,1.011239382e-13,1.952110253e-13,1.238576228e-13,3.499523558e-13,1.76020098e-13,1.007566917e-13,4.998174661e-14,4.284939163e-13,5.690390243e-14,5.60702894e-14,6.137759841e-14,1.117301861e-13,2.024656894e-14,6.465249367e-14,2.851271363e-13,9.977115008e-14,1.826677839e-13,1.403122858e-14,1.236571982e-13,8.049206167e-14
173.9609375,1.630173582e-13,7.109108469e-14,9.582027139e-14,1.439150913e-13,3.495805516e-13,9.546795411e-14,2.303555288e-14,1.066648056e-13,8.70254099e-14,6.281217572e-14,1.041985661e-13,8.862987114e-14,1.005608143e-13,1.944035832e-13,1.256938785e-13,3.524768763e-13,1.77084203e-13,1.018156623e-13,4.923870675e-14,4.297212086e-13,5.698306836e-14,5.541096355e-14,6.126043283e-14,1.111423951e-13,2.060451329e-14,6.499058647e-14,2.845343836e-13,9.868564209e-14,1.839231201e-13,1.405714944e-14,1.249915684e-13,8.03911546e-14
173.96875,1.60898638e-13,7.045541891e-14,9.755952655e-14,1.431828829e-13,3.489660244e-13,9.457212322e-14,2.293752456e-14,1.08056215e-13,8.679204465e-14,6.319797256e-14,1.045012919e-13,8.897604452e-14,1.000216164e-13,1.936707461e-13,1.274414889e-13,3.548002106e-13,1.780547577e-13,1.028549928e-13,4.857177511e-14,4.309077047e-13,5.715905327e-14,5.479264067e-14,6.116282587e-14,1.104139985e-13,2.095911348e-14,6.532223718e-14,2.838535363e-13,9.777614008e-14,1.851768791e-13,1.408966105e-14,1.262157987e-13,8.033945912e-14
173.9765625,1.590331403e-13,6.99416112e-14,9.921206283e-14,1.427266623e-13,3.483136048e-13,9.371028343e-14,2.285767831e-14,1.093832002e-13,8.655639676e-14,6.362581707e-14,1.048456997e-13,8.924987644e-14,9.944956579e-14,1.929509668e-13,1.290495169e-13,3.57046894e-13,1.788766702e-13,1.038044271e-13,4.793649413e-14,4.321910364e-13,5.736377098e-14,5.420444904e-14,6.111712913e-14,1.096324759e-13,2.131191873e-14,6.573142892e-14,2.832527266e-13,9.704901149e-14,1.863839012e-13,1.412289226e-14,1.273834135e-13,8.035184658e-14
173.984375,1.570612053e-13,6.93197285e-14,1.00994188e-13,1.421099315e-13,3.474882615e-13,9.281390993e-14,2.277864227e-14,1.107122645e-13,8.634337862e-14,6.406369886e-14,1.052549785e-13,8.955123583e-14,9.881412903e-14,1.920827769e-13,1.306211627e-13,3.594136072e-13,1.798202355e-13,1.047609086e-13,4.72767109e-14,4.33443058e-13,5.756246826e-14,5.359368977e-14,6.109455264e-14,1.089555689e-13,2.168126036e-14,6.618496919e-14,2.828472255e-13,9.624004647e-14,1.877020911e-13,1.413823427e-14,1.286433663e-13,8.038873392e-14
173.9921875,1.549649022e-13,6.868364728e-14,1.029162484e-13,1.412110755e-13,3.465526986e-13,9.189380601e-14,2.270630028e-14,1.120508324e-13,8.610605372e-14,6.443864697e-14,1.058211915e-13,8.98382293e-14,9.809588326e-14,1.910391222e-13,1.322537265e-13,3.61770941e-13,1.808481053e-13,1.057738121e-13,4.662913882e-14,4.345579815e-13,5.778120069e-14,5.296021432e-14,6.1045368e-14,1.082439309e-13,2.206500785e-14,6.659710585e-14,2.825472217e-13,9.527180144e-14,1.890302742e-13,1.414273889e-14,1.299636406e-13,8.044767363e-14
174,1.529120017e-13,6.813302722e-14,1.048800961e-13,1.404108682e-13,3.455016672e-13,9.106345739e-14,2.263801477e-14,1.133426603e-13,8.579837147e-14,6.478375185e-14,1.065529143e-13,9.004943306e-14,9.732030416e-14,1.898879085e-13,1.339574278e-13,3.640463703e-13,1.817789399e-13,1.068152224e-13,4.603631244e-14,4.35590627e-13,5.800998405e-14,5.233572693e-14,6.097759797e-14,1.07371087e-13,2.244663644e-14,6.698814975e-14,2.822102701e-13,9.427860019e-14,1.901795929e-13,1.415629168e-14,1.313133898e-13,8.053237175e-14
174.0078125,1.508692684e-13,6.765417535e-14,1.069308349e-13,1.397465289e-13,3.441799681e-13,9.023687112e-14,2.256661756e-14,1.145641663e-13,8.542222744e-14,6.515369084e-14,1.073405612e-13,9.022765616e-14,9.652617361e-14,1.886213647e-13,1.356421678e-13,3.663405862e-13,1.827330497e-13,1.078857152e-13,4.545078656e-14,4.365475229e-13,5.823685218e-14,5.170239471e-14,6.092855527e-14,1.064647281e-13,2.28213375e-14,6.741444503e-14,2.81846219e-13,9.328227869e-14,1.912786979e-13,1.417787521e-14,1.327044215e-13,8.061217403e-14
174.015625,1.488543751e-13,6.720676641e-14,1.090846404e-13,1.390283594e-13,3.426039867e-13,8.932271209e-14,2.251060431e-14,1.156710563e-13,8.497353477e-14,6.552399969e-14,1.08112341e-13,9.035269015e-14,9.570459564e-14,1.872028655e-13,1.372750813e-13,3.686981791e-13,1.838534479e-13,1.089639267e-13,4.484653253e-14,4.374622168e-13,5.846401098e-14,5.104001853e-14,6.08877017e-14,1.055860798e-13,2.320732223e-14,6.78905585e-14,2.816009325e-13,9.23144433e-14,1.924293127e-13,1.42094819e-14,1.340559472e-13,8.069360383e-14
174.0234375,1.470302604e-13,6.67877213e-14,1.112743566e-13,1.383136693e-13,3.409797424e-13,8.844598289e-14,2.247301265e-14,1.166464311e-13,8.449586335e-14,6.588305825e-14,1.089516874e-13,9.041092892e-14,9.490277678e-14,1.857657728e-13,1.389231499e-13,3.711392062e-13,1.851093901e-13,1.100827686e-13,4.429043569e-14,4.384742673e-13,5.869849095e-14,5.039922753e-14,6.083526527e-14,1.046903192e-13,2.361920841e-14,6.842648867e-14,2.814986079e-13,9.144873339e-14,1.935343223e-13,1.425503819e-14,1.353746755e-13,8.083232102e-14
174.03125,1.452966442e-13,6.642900542e-14,1.135562707e-13,1.375219926e-13,3.393327124e-13,8.763895834e-14,2.24240548e-14,1.175771557e-13,8.404225293e-14,6.626227212e-14,1.099356187e-13,9.050268507e-14,9.414313852e-14,1.844006533e-13,1.40585652e-13,3.736264664e-13,1.864024104e-13,1.113280022e-13,4.379374836e-14,4.394732742e-13,5.895587732e-14,4.979743768e-14,6.080729694e-14,1.037826744e-13,2.404069859e-14,6.902520645e-14,2.814493875e-13,9.055487175e-14,1.946766787e-13,1.430232474e-14,1.368007313e-13,8.103159719e-14
174.0390625,1.434243796e-13,6.607063171e-14,1.159791147e-13,1.365058987e-13,3.374948e-13,8.676627626e-14,2.236509654e-14,1.184795263e-13,8.35549404e-14,6.665915441e-14,1.109894319e-13,9.063966922e-14,9.332112557e-14,1.829524494e-13,1.4225177e-13,3.760620442e-13,1.876150288e-13,1.126588439e-13,4.328960078e-14,4.401000515e-13,5.920586963e-14,4.916769082e-14,6.082680645e-14,1.028097614e-13,2.446824082e-14,6.966465021e-14,2.814976288e-13,8.953752448e-14,1.960115773e-13,1.435449488e-14,1.38355741e-13,8.123794426e-14
174.046875,1.415848456e-13,6.563305183e-14,1.184245449e-13,1.354594715e-13,3.354886815e-13,8.583985701e-14,2.231626819e-14,1.192840525e-13,8.299648651e-14,6.705445815e-14,1.120601066e-13,9.073664149e-14,9.246536271e-14,1.81404664e-13,1.439719309e-13,3.784597929e-13,1.887709284e-13,1.140281555e-13,4.279997549e-14,4.403480428e-13,5.940880429e-14,4.851157876e-14,6.086060034e-14,1.017248255e-13,2.492741152e-14,7.033036071e-14,2.817069921e-13,8.853413022e-14,1.974415902e-13,1.442842752e-14,1.399559046e-13,8.14488839e-14
174.0546875,1.400361829e-13,6.521457076e-14,1.208536494e-13,1.345181091e-13,3.334645227e-13,8.497583089e-14,2.226011292e-14,1.200232107e-13,8.242906677e-14,6.745884396e-14,1.132222404e-13,9.0802058e-14,9.172626647e-14,1.799422702e-13,1.457106415e-13,3.809349701e-13,1.90056436e-13,1.155214409e-13,4.238649988e-14,4.406008176e-13,5.960710176e-14,4.789839342e-14,6.089521029e-14,1.006288163e-13,2.541074971e-14,7.104559643e-14,2.820081587e-13,8.758480771e-14,1.988427617e-13,1.45154261e-14,1.415635317e-13,8.17053721e-14
174.0625,1.385987614e-13,6.489612785e-14,1.233567904e-13,1.33559156e-13,3.3132875e-13,8.412683943e-14,2.219300034e-14,1.207419253e-13,8.184522662e-14,6.7874162e-14,1.144894155e-13,9.085486743e-14,9.101832459e-14,1.784870576e-13,1.473995659e-13,3.83555744e-13,1.915381534e-13,1.171355255e-13,4.199566286e-14,4.409536261e-13,5.984102892e-14,4.730141225e-14,6.094705243e-14,9.957533317e-14,2.589077878e-14,7.183910144e-14,2.823673338e-13,8.66304629e-14,2.002415384e-13,1.460160248e-14,1.431413043e-13,8.199833937e-14
174.0703125,1.370647792e-13,6.460707813e-14,1.259389371e-13,1.325922799e-13,3.289242475e-13,8.318444198e-14,2.214523368e-14,1.213714807e-13,8.11762538e-14,6.827432681e-14,1.157977722e-13,9.08426677e-14,9.018811185e-14,1.768484894e-13,1.490517865e-13,3.861717535e-13,1.930626869e-13,1.187445212e-13,4.157086278e-14,4.411322246e-13,6.008491405e-14,4.665990197e-14,6.101936733e-14,9.848079798e-14,2.637256931e-14,7.267879776e-14,2.827482767e-13,8.573184011e-14,2.016316575e-13,1.469926065e-14,1.446634996e-13,8.229848871e-14
174.078125,1.355491539e-13,6.442701709e-14,1.285794465e-13,1.317327675e-13,3.263587799e-13,8.219910104e-14,2.210618224e-14,1.2186717e-13,8.043517156e-14,6.865587854e-14,1.172063282e-13,9.079046021e-14,8.935235514e-14,1.751453941e-13,1.506350212e-13,3.884819941e-13,1.944553139e-13,1.203376007e-13,4.116293167e-14,4.410617725e-13,6.034197284e-14,4.601094435e-14,6.11187539e-14,9.730006794e-14,2.685890407e-14,7.351161499e-14,2.83067861e-13,8.489007959e-14,2.02988904e-13,1.481964651e-14,1.462002208e-13,8.261701585e-14
174.0859375,1.340762155e-13,6.449860035e-14,1.312836492e-13,1.309455333e-13,3.237514426e-13,8.125340671e-14,2.204823233e-14,1.222710535e-13,7.966812484e-14,6.905122856e-14,1.187942668e-13,9.078570328e-14,8.861604217e-14,1.735068832e-13,1.520998443e-13,3.905341828e-13,1.957199286e-13,1.219604678e-13,4.079306379e-14,4.408622175e-13,6.064239939e-14,4.538987725e-14,6.125136852e-14,9.605647348e-14,2.733943101e-14,7.436007104e-14,2.834270617e-13,8.401233074e-14,2.043801074e-13,1.494634555e-14,1.478001579e-13,8.295332707e-14
174.09375,1.325182349e-13,6.463594752e-14,1.340092201e-13,1.301196315e-13,3.210194603e-13,8.03008741e-14,2.199163522e-14,1.226255361e-13,7.889126104e-14,6.94802394e-14,1.204599926e-13,9.082478218e-14,8.785545575e-14,1.718481761e-13,1.535316609e-13,3.926948019e-13,1.97004288e-13,1.235687315e-13,4.042631482e-14,4.404606807e-13,6.0980315e-14,4.476455398e-14,6.14035333e-14,9.479403345e-14,2.782488083e-14,7.52564921e-14,2.839077349e-13,8.313469675e-14,2.058235069e-13,1.506486526e-14,1.494020603e-13,8.327759959e-14
174.1015625,1.309765834e-13,6.464028951e-14,1.36783424e-13,1.292339513e-13,3.181873963e-13,7.930878243e-14,2.195105005e-14,1.229604085e-13,7.813689937e-14,6.991875551e-14,1.221154156e-13,9.086644154e-14,8.704571084e-14,1.702299471e-13,1.550305976e-13,3.950199529e-13,1.983775186e-13,1.25180958e-13,4.01010645e-14,4.398370787e-13,6.135094896e-14,4.413896201e-14,6.155976047e-14,9.358874157e-14,2.832014804e-14,7.618290918e-14,2.843745132e-13,8.233610402e-14,2.072380385e-13,1.520176729e-14,1.509937661e-13,8.36065384e-14
174.109375,1.296188646e-13,6.469493865e-14,1.396701086e-13,1.283528507e-13,3.154493276e-13,7.83319544e-14,2.190763792e-14,1.232984771e-13,7.744345935e-14,7.033235372e-14,1.238519627e-13,9.091500082e-14,8.632388828e-14,1.687974687e-13,1.566017636e-13,3.974064886e-13,1.997970204e-13,1.268892717e-13,3.985378217e-14,4.393181389e-13,6.174886722e-14,4.355102656e-14,6.17045942e-14,9.247169896e-14,2.881743327e-14,7.718325679e-14,2.849270239e-13,8.158669237e-14,2.086070506e-13,1.539052186e-14,1.526397107e-13,8.400714428e-14
174.1171875,1.283617519e-13,6.494003337e-14,1.425920409e-13,1.274839143e-13,3.127404676e-13,7.737208259e-14,2.185994093e-14,1.236117045e-13,7.678395192e-14,7.074670249e-14,1.257276377e-13,9.094564113e-14,8.567497267e-14,1.673699076e-13,1.582361286e-13,3.999811452e-13,2.012443005e-13,1.286162214e-13,3.960795008e-14,4.390649908e-13,6.213802208e-14,4.298495872e-14,6.183956421e-14,9.13730048e-14,2.932689406e-14,7.831455563e-14,2.857623875e-13,8.083206398e-14,2.099670733e-13,1.561272041e-14,1.542907759e-13,8.45080416e-14
174.125,1.271034171e-13,6.522006957e-14,1.455108869e-13,1.266006472e-13,3.097699687e-13,7.641291912e-14,2.181161294e-14,1.238186041e-13,7.60637811e-14,7.122484515e-14,1.27689745e-13,9.092039025e-14,8.499477317e-14,1.657200886e-13,1.598991879e-13,4.026625165e-13,2.027073471e-13,1.302571084e-13,3.932923103e-14,4.387248837e-13,6.25053424e-14,4.241011634e-14,6.199826909e-14,9.02183396e-14,2.984961369e-14,7.948301612e-14,2.866232508e-13,8.007540822e-14,2.113067202e-13,1.583606799e-14,1.558857256e-13,8.505042712e-14
174.1328125,1.259289189e-13,6.549779231e-14,1.485660997e-13,1.257952635e-13,3.065653378e-13,7.552051333e-14,2.175252204e-14,1.238629714e-13,7.522429642e-14,7.174812373e-14,1.297433126e-13,9.08887707e-14,8.434035172e-14,1.640137004e-13,1.615346902e-13,4.051435977e-13,2.041703276e-13,1.31982236e-13,3.911169287e-14,4.379971517e-13,6.287566558e-14,4.18394836e-14,6.218583325e-14,8.899501199e-14,3.03747024e-14,8.060308333e-14,2.873582135e-13,7.937228205e-14,2.126714677e-13,1.607455377e-14,1.575701572e-13,8.55547032e-14
174.140625,1.248870476e-13,6.591325824e-14,1.518686502e-13,1.251444894e-13,3.033884452e-13,7.471899316e-14,2.16943011e-14,1.237976376e-13,7.431636579e-14,7.224648937e-14,1.319396653e-13,9.091430258e-14,8.380273313e-14,1.624557184e-13,1.631828897e-13,4.075220913e-13,2.056701605e-13,1.339473801e-13,3.898946343e-14,4.369929921e-13,6.328614504e-14,4.128519603e-14,6.237778773e-14,8.77177449e-14,3.091786941e-14,8.176904344e-14,2.882886441e-13,7.875950904e-14,2.141610799e-13,1.63495917e-14,1.594418401e-13,8.603034114e-14
174.1484375,1.238886834e-13,6.644491742e-14,1.553901299e-13,1.245042475e-13,3.001897897e-13,7.391409758e-14,2.164774623e-14,1.237368379e-13,7.342067848e-14,7.274292135e-14,1.342815943e-13,9.097246326e-14,8.333182474e-14,1.609237577e-13,1.649063365e-13,4.100724368e-13,2.07240166e-13,1.360021112e-13,3.888240064e-14,4.35835563e-13,6.379129146e-14,4.07316347e-14,6.258412346e-14,8.641359701e-14,3.149226404e-14,8.305070027e-14,2.894416927e-13,7.818568157e-14,2.157167512e-13,1.665477244e-14,1.613465401e-13,8.655341149e-14
174.15625,1.229160466e-13,6.695949101e-14,1.589742089e-13,1.236630888e-13,2.967872848e-13,7.300272143e-14,2.158214117e-14,1.236964712e-13,7.254775644e-14,7.327251029e-14,1.367466812e-13,9.101531063e-14,8.282846244e-14,1.592969335e-13,1.666561129e-13,4.12723924e-13,2.089023214e-13,1.380435577e-13,3.875946839e-14,4.345481975e-13,6.439899659e-14,4.017355008e-14,6.280392099e-14,8.510697574e-14,3.208124304e-14,8.438786398e-14,2.905856873e-13,7.757466679e-14,2.172078269e-13,1.698959067e-14,1.632045033e-13,8.714638192e-14
174.1640625,1.22050201e-13,6.745421579e-14,1.624517364e-13,1.226592368e-13,2.932909844e-13,7.197850955e-14,2.147954143e-14,1.235733261e-13,7.165530432e-14,7.375093146e-14,1.392746459e-13,9.102786994e-14,8.225428908e-14,1.576529142e-13,1.68395526e-13,4.153566303e-13,2.106729996e-13,1.401772454e-13,3.865294882e-14,4.333403946e-13,6.502332708e-14,3.9618246e-14,6.299849967e-14,8.378147517e-14,3.266952146e-14,8.576607759e-14,2.918181355e-13,7.691292858e-14,2.186697614e-13,1.736293355e-14,1.650827087e-13,8.777327213e-14
174.171875,1.212722388e-13,6.801136916e-14,1.658641701e-13,1.217895544e-13,2.89819501e-13,7.095180954e-14,2.13710192e-14,1.23311999e-13,7.071388242e-14,7.413827757e-14,1.417655163e-13,9.101590453e-14,8.165907465e-14,1.560250156e-13,1.7013078e-13,4.17957957e-13,2.124377012e-13,1.424037951e-13,3.856510836e-14,4.323338996e-13,6.559550281e-14,3.905888258e-14,6.317241576e-14,8.242575498e-14,3.324785986e-14,8.72149495e-14,2.931838216e-13,7.626370728e-14,2.201750628e-13,1.777436938e-14,1.669566594e-13,8.840683548e-14
174.1796875,1.205210896e-13,6.86353648e-14,1.693606872e-13,1.211472816e-13,2.863027679e-13,7.000070471e-14,2.127141753e-14,1.229541328e-13,6.974444443e-14,7.454287524e-14,1.442208606e-13,9.103611069e-14,8.114495188e-14,1.544310404e-13,1.717695041e-13,4.203447237e-13,2.140499438e-13,1.446664096e-13,3.85022311e-14,4.311843551e-13,6.614770052e-14,3.849779596e-14,6.336164568e-14,8.108250683e-14,3.381211831e-14,8.869136621e-14,2.945482614e-13,7.57090061e-14,2.21717749e-13,1.822311928e-14,1.688875935e-13,8.902719084e-14
174.1875,1.198826714e-13,6.930347767e-14,1.729969127e-13,1.204528901e-13,2.827910783e-13,6.906012752e-14,2.115761376e-14,1.225206253e-13,6.879122918e-14,7.501275177e-14,1.468020132e-13,9.115893366e-14,8.074461804e-14,1.529836505e-13,1.732902105e-13,4.224318151e-13,2.155779527e-13,1.470343815e-13,3.848957266e-14,4.296170592e-13,6.675493183e-14,3.796560618e-14,6.357457579e-14,7.975896224e-14,3.43751691e-14,9.016737664e-14,2.95988574e-13,7.522564875e-14,2.233193184e-13,1.870303166e-14,1.710372956e-13,8.963277789e-14
174.1953125,1.194200436e-13,7.008756074e-14,1.768022314e-13,1.196273345e-13,2.793527184e-13,6.810929447e-14,2.103279948e-14,1.220193638e-13,6.785489803e-14,7.547142693e-14,1.496065096e-13,9.133515456e-14,8.037756707e-14,1.516331347e-13,1.748764812e-13,4.245112233e-13,2.171544191e-13,1.494624092e-13,3.849832426e-14,4.279559476e-13,6.745205321e-14,3.747173638e-14,6.381448211e-14,7.841753213e-14,3.493971197e-14,9.170499027e-14,2.974583921e-13,7.4734335e-14,2.249175949e-13,1.920551356e-14,1.732576948e-13,9.026237512e-14
174.203125,1.189835333e-13,7.098360766e-14,1.806747173e-13,1.188722219e-13,2.758266529e-13,6.7193275e-14,2.092455182e-14,1.215003247e-13,6.690246976e-14,7.589840676e-14,1.524892717e-13,9.144412603e-14,7.995256296e-14,1.501884579e-13,1.76579929e-13,4.267321296e-13,2.187254926e-13,1.517713769e-13,3.848733059e-14,4.265272247e-13,6.81864738e-14,3.698463489e-14,6.407009752e-14,7.709882277e-14,3.549775105e-14,9.334752494e-14,2.987723912e-13,7.425517747e-14,2.263950193e-13,1.974277599e-14,1.753257579e-13,9.093398338e-14
174.2109375,1.184513588e-13,7.179034674e-14,1.844256723e-13,1.18098922e-13,2.721645247e-13,6.621483911e-14,2.08254737e-14,1.209491309e-13,6.592165178e-14,7.633993167e-14,1.553171975e-13,9.150241784e-14,7.947474399e-14,1.487051348e-13,1.782795124e-13,4.288924444e-13,2.202291011e-13,1.540220112e-13,3.848827705e-14,4.251073003e-13,6.887872235e-14,3.648647609e-14,6.431301261e-14,7.582644133e-14,3.606903978e-14,9.50582983e-14,3.001570212e-13,7.379834301e-14,2.278800816e-13,2.032722959e-14,1.773960733e-13,9.161380681e-14
174.21875,1.179291645e-13,7.24687295e-14,1.882162173e-13,1.171865346e-13,2.685221992e-13,6.515738295e-14,2.071842202e-14,1.202868362e-13,6.491275649e-14,7.678550409e-14,1.58213589e-13,9.162400772e-14,7.905560473e-14,1.473554621e-13,1.80050846e-13,4.31001507e-13,2.218020367e-13,1.564424147e-13,3.854122074e-14,4.234193761e-13,6.95478578e-14,3.59903157e-14,6.456664026e-14,7.449448761e-14,3.667486136e-14,9.680536436e-14,3.017844761e-13,7.32932016e-14,2.294713904e-13,2.095074457e-14,1.79604097e-13,9.227660649e-14
174.2265625,1.175466284e-13,7.328627275e-14,1.922682867e-13,1.163647126e-13,2.648275177e-13,6.423879726e-14,2.061504444e-14,1.195284516e-13,6.388722119e-14,7.719286994e-14,1.612629328e-13,9.179265796e-14,7.877254194e-14,1.460631369e-13,1.819763367e-13,4.332464494e-13,2.235568419e-13,1.590077543e-13,3.862000211e-14,4.215093425e-13,7.027157992e-14,3.550375517e-14,6.486865469e-14,7.310448669e-14,3.72999684e-14,9.862694547e-14,3.033651446e-13,7.279219097e-14,2.309353316e-13,2.16128228e-14,1.817931223e-13,9.292882736e-14
174.234375,1.172687259e-13,7.437342422e-14,1.963230984e-13,1.156269743e-13,2.609114818e-13,6.343330747e-14,2.05094123e-14,1.187436632e-13,6.287895519e-14,7.756038115e-14,1.643314386e-13,9.191713997e-14,7.855925989e-14,1.44719896e-13,1.838366721e-13,4.35478808e-13,2.253527568e-13,1.614954449e-13,3.86861357e-14,4.194544645e-13,7.106604453e-14,3.50220418e-14,6.517535441e-14,7.181446684e-14,3.792419172e-14,1.005566611e-13,3.048848692e-13,7.240020196e-14,2.322673988e-13,2.232074846e-14,1.839232798e-13,9.358773185e-14
174.2421875,1.170037478e-13,7.553804614e-14,2.002169438e-13,1.147087747e-13,2.569143486e-13,6.248563929e-14,2.037494445e-14,1.179385474e-13,6.188911026e-14,7.790732271e-14,1.674170908e-13,9.202067079e-14,7.835556817e-14,1.434370685e-13,1.855510582e-13,4.375583165e-13,2.270453034e-13,1.638706088e-13,3.874817076e-14,4.173285812e-13,7.190753363e-14,3.454578246e-14,6.542780283e-14,7.061486955e-14,3.854671075e-14,1.025370635e-13,3.06630491e-13,7.204093368e-14,2.337840191e-13,2.307040348e-14,1.861091221e-13,9.427159725e-14
174.25,1.167567855e-13,7.658266455e-14,2.042412705e-13,1.137763104e-13,2.52991815e-13,6.151493704e-14,2.022234055e-14,1.171026533e-13,6.088168189e-14,7.825245365e-14,1.706645982e-13,9.215160594e-14,7.822391846e-14,1.423026521e-13,1.874065631e-13,4.397752577e-13,2.287691459e-13,1.663081931e-13,3.884184762e-14,4.152903056e-13,7.277204399e-14,3.408916139e-14,6.565867038e-14,6.93903136e-14,3.917436687e-14,1.045152703e-13,3.08497067e-13,7.164708689e-14,2.354002032e-13,2.386357265e-14,1.883476653e-13,9.497739102e-14
174.2578125,1.16573166e-13,7.757203873e-14,2.084376983e-13,1.130811136e-13,2.490137258e-13,6.076510542e-14,2.007431738e-14,1.16235725e-13,5.986369901e-14,7.861396699e-14,1.740029063e-13,9.228116951e-14,7.818806326e-14,1.412416039e-13,1.895514729e-13,4.423580542e-13,2.307137792e-13,1.689051242e-13,3.897695294e-14,4.133364652e-13,7.363139885e-14,3.366493137e-14,6.59455804e-14,6.820133064e-14,3.981652253e-14,1.065555246e-13,3.103010754e-13,7.132124199e-14,2.368447786e-13,2.470565365e-14,1.905951632e-13,9.568377615e-14
174.265625,1.164480003e-13,7.873743516e-14,2.125918501e-13,1.123990545e-13,2.449143289e-13,6.006073152e-14,1.992362958e-14,1.153421068e-13,5.887275079e-14,7.898203283e-14,1.772889453e-13,9.241673457e-14,7.817676359e-14,1.401995765e-13,1.918552043e-13,4.451929442e-13,2.328337765e-13,1.716018568e-13,3.912316947e-14,4.113777239e-13,7.449400397e-14,3.326000674e-14,6.630924885e-14,6.709209003e-14,4.047808976e-14,1.087339964e-13,3.122063104e-13,7.108250238e-14,2.38302568e-13,2.559154916e-14,1.928671829e-13,9.639490286e-14
174.2734375,1.164326625e-13,8.009540831e-14,2.168055107e-13,1.115247205e-13,2.408963504e-13,5.922029068e-14,1.976867701e-14,1.14462316e-13,5.791821772e-14,7.933172956e-14,1.805959747e-13,9.261541254e-14,7.820346289e-14,1.392246922e-13,1.942298267e-13,4.48142914e-13,2.3497966e-13,1.743476012e-13,3.92703892e-14,4.095061115e-13,7.538700205e-14,3.286548402e-14,6.671027331e-14,6.595286414e-14,4.115602608e-14,1.110339667e-13,3.142932584e-13,7.082275919e-14,2.399649556e-13,2.652861278e-14,1.952042054e-13,9.713755589e-14
174.28125,1.166232961e-13,8.14344534e-14,2.211950004e-13,1.105788456e-13,2.370976428e-13,5.83858724e-14,1.96179796e-14,1.135993219e-13,5.699961704e-14,7.96757957e-14,1.840174228e-13,9.288846938e-14,7.835810023e-14,1.383962664e-13,1.96636463e-13,4.510659526e-13,2.370904447e-13,1.771467284e-13,3.945195376e-14,4.077473013e-13,7.631387028e-14,3.250469454e-14,6.710939417e-14,6.479275436e-14,4.18409206e-14,1.134184485e-13,3.164117195e-13,7.056879473e-14,2.416298078e-13,2.753195481e-14,1.976251715e-13,9.791810728e-14
174.2890625,1.169416887e-13,8.276765058e-14,2.256408478e-13,1.096622e-13,2.333634588e-13,5.761773318e-14,1.945899385e-14,1.126641206e-13,5.60927763e-14,8.002494118e-14,1.875323461e-13,9.321435698e-14,7.861583255e-14,1.377407367e-13,1.99034674e-13,4.537976994e-13,2.391775688e-13,1.799607196e-13,3.96709543e-14,4.059252217e-13,7.73055975e-14,3.21749446e-14,6.74899552e-14,6.371918799e-14,4.251398904e-14,1.158730857e-13,3.185296353e-13,7.043875695e-14,2.431678692e-13,2.859609571e-14,2.000628417e-13,9.871549531e-14
174.296875,1.172506018e-13,8.421989026e-14,2.301981905e-13,1.088235919e-13,2.294985055e-13,5.683681938e-14,1.928344175e-14,1.115822861e-13,5.513884721e-14,8.033193724e-14,1.911451517e-13,9.357556204e-14,7.889670252e-14,1.371977889e-13,2.015012769e-13,4.564041261e-13,2.412931018e-13,1.827630741e-13,3.989623766e-14,4.03962743e-13,7.839097497e-14,3.18382808e-14,6.786009923e-14,6.267913676e-14,4.317308994e-14,1.183827792e-13,3.2074303e-13,7.039761745e-14,2.446797675e-13,2.971599816e-14,2.025240225e-13,9.949174861e-14
174.3046875,1.175791637e-13,8.565331476e-14,2.349669556e-13,1.081387801e-13,2.255735632e-13,5.606718563e-14,1.910535771e-14,1.103877043e-13,5.415544544e-14,8.058112081e-14,1.948322812e-13,9.397099614e-14,7.923424794e-14,1.366896934e-13,2.041339567e-13,4.591244532e-13,2.435056366e-13,1.856482721e-13,4.013342229e-14,4.019158018e-13,7.951059035e-14,3.149534659e-14,6.825437241e-14,6.157889683e-14,4.384498009e-14,1.20954713e-13,3.230634006e-13,7.032553848e-14,2.46176973e-13,3.089601665e-14,2.051517035e-13,1.002092912e-13
174.3125,1.179150643e-13,8.704147579e-14,2.397209634e-13,1.075235678e-13,2.217667691e-13,5.531339923e-14,1.89356238e-14,1.092196377e-13,5.324308656e-14,8.084507428e-14,1.984735988e-13,9.440013846e-14,7.963199986e-14,1.361803309e-13,2.069452435e-13,4.621366139e-13,2.458441513e-13,1.886544492e-13,4.039374859e-14,3.998835131e-13,8.060389042e-14,3.116965093e-14,6.867953448e-14,6.047845824e-14,4.453450439e-14,1.236070872e-13,3.254246603e-13,7.023277146e-14,2.475662507e-13,3.212543824e-14,2.078580431e-13,1.008869272e-13
174.3203125,1.181736084e-13,8.858504442e-14,2.442823462e-13,1.068297545e-13,2.180766291e-13,5.453888621e-14,1.877843822e-14,1.081870849e-13,5.241637884e-14,8.116505589e-14,2.020625347e-13,9.481216845e-14,7.995469736e-14,1.356752259e-13,2.099498645e-13,4.65473295e-13,2.482989127e-13,1.916291369e-13,4.065781775e-14,3.980089044e-13,8.168599092e-14,3.086214193e-14,6.909885197e-14,5.946645442e-14,4.522360071e-14,1.263476729e-13,3.278412955e-13,7.020992761e-14,2.488764307e-13,3.34054181e-14,2.103892822e-13,1.016110602e-13
174.328125,1.184590251e-13,9.019452872e-14,2.488519789e-13,1.061358099e-13,2.144154255e-13,5.379847906e-14,1.863231679e-14,1.07211182e-13,5.159961043e-14,8.150351139e-14,2.057631853e-13,9.519441072e-14,8.0187318e-14,1.352232146e-13,2.131152559e-13,4.689813531e-13,2.508607074e-13,1.945214367e-13,4.093325622e-14,3.962372543e-13,8.27789146e-14,3.058054583e-14,6.952205264e-14,5.852120277e-14,4.592463072e-14,1.292048667e-13,3.303846176e-13,7.027355945e-14,2.502741279e-13,3.476906863e-14,2.128346408e-13,1.024245554e-13
174.3359375,1.188472745e-13,9.171587559e-14,2.536452478e-13,1.056160701e-13,2.107127086e-13,5.310169204e-14,1.848450961e-14,1.061794494e-13,5.077165864e-14,8.182738807e-14,2.096150575e-13,9.563482368e-14,8.04694628e-14,1.348352863e-13,2.163265584e-13,4.725153625e-13,2.535082573e-13,1.974743006e-13,4.123042146e-14,3.943841586e-13,8.389558826e-14,3.032569782e-14,6.999398454e-14,5.757758995e-14,4.66461714e-14,1.321934796e-13,3.329805213e-13,7.039142902e-14,2.518081649e-13,3.621931709e-14,2.154187268e-13,1.032668841e-13
174.34375,1.192444197e-13,9.331744921e-14,2.585835649e-13,1.052655861e-13,2.069173009e-13,5.241659628e-14,1.833270086e-14,1.051410651e-13,4.995924663e-14,8.211239896e-14,2.134328237e-13,9.613900268e-14,8.081490824e-14,1.344654177e-13,2.195658354e-13,4.760988884e-13,2.561789682e-13,2.004870359e-13,4.151899636e-14,3.925644918e-13,8.503451248e-14,3.007543477e-14,7.04886518e-14,5.664226518e-14,4.736174194e-14,1.352728114e-13,3.355229744e-13,7.056517854e-14,2.533411255e-13,3.771261196e-14,2.180695424e-13,1.040849481e-13
174.3515625,1.197569951e-13,9.501896943e-14,2.634583992e-13,1.049776177e-13,2.031745864e-13,5.182248431e-14,1.818857097e-14,1.041304323e-13,4.916460916e-14,8.233056594e-14,2.170802062e-13,9.66119906e-14,8.117774827e-14,1.341611567e-13,2.229090182e-13,4.796889329e-13,2.588424383e-13,2.034660179e-13,4.181713185e-14,3.90954316e-13,8.613808395e-14,2.983799838e-14,7.095796468e-14,5.575844871e-14,4.807522206e-14,1.384004652e-13,3.380877626e-13,7.081208039e-14,2.547693924e-13,3.923422383e-14,2.206966263e-13,1.048861526e-13
174.359375,1.204824396e-13,9.66054448e-14,2.682168034e-13,1.047007368e-13,1.99628158e-13,5.132216539e-14,1.805307615e-14,1.030853134e-13,4.837917962e-14,8.250771067e-14,2.206208651e-13,9.704965078e-14,8.159602356e-14,1.339772627e-13,2.263786694e-13,4.83208258e-13,2.615702719e-13,2.064707439e-13,4.217013928e-14,3.894014539e-13,8.718730351e-14,2.962523763e-14,7.141329747e-14,5.489790967e-14,4.881315517e-14,1.41545875e-13,3.406688961e-13,7.110814043e-14,2.560352503e-13,4.080574669e-14,2.233575493e-13,1.056565081e-13
174.3671875,1.211045435e-13,9.813152599e-14,2.730296911e-13,1.043984663e-13,1.960371346e-13,5.076740284e-14,1.792127775e-14,1.020452078e-13,4.75986535e-14,8.269318284e-14,2.242243687e-13,9.748223608e-14,8.202987101e-14,1.337805008e-13,2.300016184e-13,4.868435619e-13,2.643929367e-13,2.094769333e-13,4.252010799e-14,3.877813737e-13,8.828305148e-14,2.940629046e-14,7.186943927e-14,5.403069283e-14,4.95594317e-14,1.447016819e-13,3.431404292e-13,7.13825118e-14,2.571639164e-13,4.242775709e-14,2.260039388e-13,1.063916926e-13
174.375,1.215113761e-13,9.977752017e-14,2.780572607e-13,1.040685113e-13,1.92252495e-13,5.015567272e-14,1.779294092e-14,1.010796112e-13,4.683252437e-14,8.288753183e-14,2.280246826e-13,9.790089957e-14,8.24322372e-14,1.33514307e-13,2.338357691e-13,4.907940984e-13,2.672353176e-13,2.12360763e-13,4.281724473e-14,3.86163957e-13,8.95075834e-14,2.918465217e-14,7.233305806e-14,5.321156125e-14,5.029810916e-14,1.479379621e-13,3.456801005e-13,7.162447932e-14,2.58408337e-13,4.409821902e-14,2.286001077e-13,1.07159065e-13
174.3828125,1.221168286e-13,1.015294021e-13,2.832384262e-13,1.03827155e-13,1.886016002e-13,4.962676257e-14,1.76625545e-14,1.000995376e-13,4.610280494e-14,8.30836069e-14,2.319566004e-13,9.836237799e-14,8.291345198e-14,1.333947022e-13,2.378639468e-13,4.949530036e-13,2.701304079e-13,2.152605905e-13,4.315367324e-14,3.845546416e-13,9.081183077e-14,2.901095025e-14,7.283716394e-14,5.245311627e-14,5.104289206e-14,1.512948618e-13,3.485016823e-13,7.195172932e-14,2.598378561e-13,4.584049614e-14,2.312849819e-13,1.079706032e-13
174.390625,1.230251117e-13,1.033355945e-13,2.884590639e-13,1.037506475e-13,1.852102101e-13,4.919096732e-14,1.752577724e-14,9.901907784e-14,4.539531601e-14,8.329324697e-14,2.358654003e-13,9.890026919e-14,8.352172272e-14,1.335196259e-13,2.420220945e-13,4.991449286e-13,2.731888521e-13,2.183567446e-13,4.358474654e-14,3.830301202e-13,9.210908936e-14,2.888674984e-14,7.338191424e-14,5.169620237e-14,5.179118629e-14,1.547102728e-13,3.513781212e-13,7.243793634e-14,2.611717976e-13,4.766529403e-14,2.340976348e-13,1.087520937e-13
174.3984375,1.239100929e-13,1.051736664e-13,2.937868924e-13,1.037342885e-13,1.818330393e-13,4.877624866e-14,1.73897513e-14,9.791952973e-14,4.468664192e-14,8.349820838e-14,2.398275782e-13,9.944284154e-14,8.418762102e-14,1.337443737e-13,2.463086979e-13,5.033802201e-13,2.763792712e-13,2.215535235e-13,4.404127234e-14,3.817487633e-13,9.339651399e-14,2.87798042e-14,7.392756384e-14,5.094729091e-14,5.255096469e-14,1.581935824e-13,3.541445559e-13,7.30067628e-14,2.6242476e-13,4.957079688e-14,2.369281319e-13,1.095206299e-13
174.40625,1.247744582e-13,1.070270078e-13,2.992975214e-13,1.037225781e-13,1.784831951e-13,4.840741674e-14,1.72640534e-14,9.690509925e-14,4.401343075e-14,8.367326966e-14,2.43945416e-13,9.997996959e-14,8.491050989e-14,1.340392317e-13,2.507970878e-13,5.077938009e-13,2.796519654e-13,2.247588546e-13,4.451434118e-14,3.805933801e-13,9.472838013e-14,2.869531517e-14,7.447713132e-14,5.024343005e-14,5.335157769e-14,1.618203e-13,3.570331465e-13,7.361151284e-14,2.638140997e-13,5.155777291e-14,2.397643912e-13,1.103584494e-13
174.4140625,1.257903937e-13,1.089482265e-13,3.048681507e-13,1.03827652e-13,1.752798792e-13,4.813579256e-14,1.715118973e-14,9.596301744e-14,4.340119461e-14,8.383656778e-14,2.480363314e-13,1.005709355e-13,8.566563523e-14,1.344665016e-13,2.555349047e-13,5.124191347e-13,2.830001291e-13,2.279682751e-13,4.505557886e-14,3.793393205e-13,9.609957184e-14,2.864924781e-14,7.507001086e-14,4.957022176e-14,5.417294269e-14,1.655532079e-13,3.601291324e-13,7.427037709e-14,2.652012715e-13,5.359214479e-14,2.426610795e-13,1.11240841e-13
174.421875,1.267814744e-13,1.109096871e-13,3.10435476e-13,1.040389287e-13,1.720765387e-13,4.790069666e-14,1.704101507e-14,9.502990769e-14,4.280196149e-14,8.400162639e-14,2.520302143e-13,1.012189248e-13,8.640150072e-14,1.349679492e-13,2.604547181e-13,5.170960884e-13,2.863258199e-13,2.311066271e-13,4.56270235e-14,3.78013653e-13,9.74560369e-14,2.863097484e-14,7.571461019e-14,4.892478349e-14,5.498245515e-14,1.693337778e-13,3.632710518e-13,7.49147379e-14,2.665212968e-13,5.563882294e-14,2.456488188e-13,1.120961616e-13
174.4296875,1.276381261e-13,1.127432563e-13,3.161459867e-13,1.041947949e-13,1.688400041e-13,4.762399356e-14,1.692557127e-14,9.409733834e-14,4.220269866e-14,8.4133409e-14,2.561129475e-13,1.019066366e-13,8.719988111e-14,1.355185472e-13,2.654917133e-13,5.217696541e-13,2.896678411e-13,2.342074248e-13,4.617577658e-14,3.767685122e-13,9.879928508e-14,2.862733065e-14,7.637757578e-14,4.832246548e-14,5.580896154e-14,1.731711227e-13,3.664164201e-13,7.548132448e-14,2.679410232e-13,5.772267542e-14,2.487758572e-13,1.129127606e-13
174.4375,1.286159527e-13,1.144527199e-13,3.219803704e-13,1.04331136e-13,1.657393496e-13,4.737048857e-14,1.682185005e-14,9.319010108e-14,4.166639779e-14,8.420468839e-14,2.60234412e-13,1.026094227e-13,8.808849042e-14,1.361690625e-13,2.70688542e-13,5.266066346e-13,2.932412394e-13,2.373893013e-13,4.673175256e-14,3.757708552e-13,1.001386882e-13,2.864346456e-14,7.702721316e-14,4.775277915e-14,5.667366741e-14,1.770646396e-13,3.696088333e-13,7.605178171e-14,2.693414233e-13,5.986718485e-14,2.520021934e-13,1.137010572e-13
174.4453125,1.298144524e-13,1.1630902e-13,3.277168563e-13,1.046397806e-13,1.627853812e-13,4.721767575e-14,1.674334258e-14,9.229176493e-14,4.120489228e-14,8.425403593e-14,2.642367423e-13,1.032840286e-13,8.895721281e-14,1.368988067e-13,2.760817282e-13,5.316711056e-13,2.969814593e-13,2.405929157e-13,4.732003932e-14,3.751484787e-13,1.014374605e-13,2.868839656e-14,7.768449582e-14,4.720834618e-14,5.754557012e-14,1.810634912e-13,3.729157344e-13,7.674225287e-14,2.706331712e-13,6.207259378e-14,2.552045545e-13,1.144817824e-13
174.453125,1.310159495e-13,1.184660874e-13,3.334223115e-13,1.05146928e-13,1.599157907e-13,4.711075636e-14,1.667593447e-14,9.136791484e-14,4.074857275e-14,8.434201981e-14,2.682546375e-13,1.039550922e-13,8.982350822e-14,1.377209313e-13,2.816980981e-13,5.369175942e-13,3.006888469e-13,2.437647902e-13,4.792926127e-14,3.747518284e-13,1.027335271e-13,2.875911601e-14,7.839140213e-14,4.669746598e-14,5.840583511e-14,1.852002315e-13,3.764015617e-13,7.759523347e-14,2.720092596e-13,6.437642596e-14,2.584068411e-13,1.152639956e-13
174.4609375,1.321325336e-13,1.20722399e-13,3.393467884e-13,1.057465417e-13,1.571590951e-13,4.701508077e-14,1.66146813e-14,9.042881874e-14,4.027035493e-14,8.44600605e-14,2.723755368e-13,1.046902151e-13,9.077665869e-14,1.386906145e-13,2.875400244e-13,5.423295776e-13,3.044999992e-13,2.470277236e-13,4.856379639e-14,3.743257377e-13,1.041116542e-13,2.884478869e-14,7.913388001e-14,4.623019388e-14,5.926095123e-14,1.893356832e-13,3.79929377e-13,7.855820008e-14,2.734022041e-13,6.678846641e-14,2.616886663e-13,1.160060996e-13
174.46875,1.332671702e-13,1.228462759e-13,3.454008927e-13,1.063434795e-13,1.544991726e-13,4.692827653e-14,1.655860798e-14,8.952110911e-14,3.982076493e-14,8.453822934e-14,2.764543916e-13,1.054905402e-13,9.176442935e-14,1.397205818e-13,2.934256203e-13,5.477767516e-13,3.085255359e-13,2.503799874e-13,4.921767435e-14,3.739314048e-13,1.055174827e-13,2.893186204e-14,7.987274405e-14,4.581139662e-14,6.011134873e-14,1.93428055e-13,3.833556111e-13,7.951304939e-14,2.746381037e-13,6.924011165e-14,2.64950141e-13,1.167092717e-13
174.4765625,1.344189732e-13,1.248795692e-13,3.513732297e-13,1.068867292e-13,1.518624548e-13,4.677740802e-14,1.648422104e-14,8.868561124e-14,3.942925044e-14,8.455825244e-14,2.804639509e-13,1.062981308e-13,9.272796076e-14,1.407405236e-13,2.992785833e-13,5.532091084e-13,3.125292126e-13,2.536069172e-13,4.986327615e-14,3.737171227e-13,1.068510462e-13,2.901555206e-14,8.061081001e-14,4.543328804e-14,6.095608688e-14,1.976434124e-13,3.868051437e-13,8.043582811e-14,2.758640437e-13,7.170226862e-14,2.680960821e-13,1.174359895e-13
174.484375,1.35541906e-13,1.268634537e-13,3.573570632e-13,1.074708326e-13,1.49206452e-13,4.66260163e-14,1.640518458e-14,8.793127611e-14,3.906741763e-14,8.457933722e-14,2.844979485e-13,1.07053208e-13,9.37052218e-14,1.418431421e-13,3.053915237e-13,5.588413902e-13,3.164432218e-13,2.566438633e-13,5.049629136e-14,3.735166341e-13,1.081571369e-13,2.911285768e-14,8.137455719e-14,4.50957313e-14,6.181106119e-14,2.019607244e-13,3.903492927e-13,8.141097366e-14,2.77168345e-13,7.421377567e-14,2.712018921e-13,1.181796833e-13
174.4921875,1.367229261e-13,1.286922514e-13,3.63489058e-13,1.082604294e-13,1.465550538e-13,4.663888099e-14,1.637486854e-14,8.723539324e-14,3.871720254e-14,8.462896049e-14,2.885881883e-13,1.077537053e-13,9.47322746e-14,1.430478361e-13,3.118932703e-13,5.647235609e-13,3.205237037e-13,2.597005e-13,5.113230595e-14,3.731752623e-13,1.09504298e-13,2.923256223e-14,8.218505822e-14,4.479516917e-14,6.270689664e-14,2.062205234e-13,3.938464897e-13,8.243899947e-14,2.784418543e-13,7.677951473e-14,2.743163928e-13,1.189007771e-13
174.5,1.379966491e-13,1.304938385e-13,3.696966653e-13,1.092732477e-13,1.440024763e-13,4.672806716e-14,1.638813435e-14,8.655855141e-14,3.839620346e-14,8.4669341e-14,2.92729412e-13,1.084702602e-13,9.582246571e-14,1.443140841e-13,3.185879321e-13,5.707097344e-13,3.248332481e-13,2.629023301e-13,5.17921247e-14,3.72912097e-13,1.108529981e-13,2.936277679e-14,8.30409512e-14,4.450815711e-14,6.363988624e-14,2.104699623e-13,3.973042487e-13,8.348163395e-14,2.796986748e-13,7.937118502e-14,2.774281472e-13,1.196145145e-13
174.5078125,1.392085117e-13,1.325416726e-13,3.759289443e-13,1.104322192e-13,1.415549696e-13,4.676005404e-14,1.641060713e-14,8.586256988e-14,3.810095989e-14,8.469568275e-14,2.968666253e-13,1.092417196e-13,9.697562596e-14,1.457088308e-13,3.254744811e-13,5.768779187e-13,3.292223322e-13,2.661290169e-13,5.249172518e-14,3.729295644e-13,1.121750119e-13,2.951235683e-14,8.391474383e-14,4.424787956e-14,6.45695403e-14,2.147726133e-13,4.00902708e-13,8.460684359e-14,2.810352364e-13,8.199012224e-14,2.806246662e-13,1.203056031e-13
174.515625,1.403294361e-13,1.347377092e-13,3.822989328e-13,1.116579255e-13,1.390952759e-13,4.684498112e-14,1.646280132e-14,8.515554503e-14,3.779650028e-14,8.474225413e-14,3.009763774e-13,1.100382816e-13,9.81798474e-14,1.472280467e-13,3.326076423e-13,5.833273621e-13,3.337508447e-13,2.69350736e-13,5.321353549e-14,3.730927381e-13,1.1352086e-13,2.96924648e-14,8.480813505e-14,4.403347575e-14,6.551414304e-14,2.190903758e-13,4.046682643e-13,8.584875323e-14,2.824847623e-13,8.465909694e-14,2.839884859e-13,1.209418343e-13
174.5234375,1.415919075e-13,1.368365608e-13,3.889523396e-13,1.128859968e-13,1.366554139e-13,4.702339355e-14,1.655029997e-14,8.449626223e-14,3.749260767e-14,8.477447669e-14,3.051512575e-13,1.108557033e-13,9.944605161e-14,1.48830634e-13,3.398668224e-13,5.899369508e-13,3.385392211e-13,2.726838468e-13,5.39471931e-14,3.732894347e-13,1.149171516e-13,2.988708919e-14,8.574535465e-14,4.382127768e-14,6.651872336e-14,2.235008097e-13,4.084849806e-13,8.711286949e-14,2.840125138e-13,8.737405043e-14,2.874406955e-13,1.21584074e-13
174.53125,1.430454744e-13,1.388948902e-13,3.958647249e-13,1.142017838e-13,1.343752439e-13,4.720572655e-14,1.663149999e-14,8.391130523e-14,3.724738574e-14,8.473766512e-14,3.09398126e-13,1.117036027e-13,1.007732633e-13,1.50638804e-13,3.473315756e-13,5.966407092e-13,3.434185402e-13,2.760426156e-13,5.472892814e-14,3.735823042e-13,1.163183339e-13,3.010727723e-14,8.67021825e-14,4.360901586e-14,6.753456112e-14,2.280395174e-13,4.123723658e-13,8.835545169e-14,2.85569723e-13,9.010439861e-14,2.90871704e-13,1.222860831e-13
174.5390625,1.44414733e-13,1.409578183e-13,4.027786982e-13,1.157250401e-13,1.321577261e-13,4.742151061e-14,1.671435342e-14,8.336776823e-14,3.705799816e-14,8.470033779e-14,3.135935144e-13,1.12522241e-13,1.021309741e-13,1.526205368e-13,3.550851197e-13,6.034636951e-13,3.482667608e-13,2.792662082e-13,5.555403137e-14,3.738793929e-13,1.176708951e-13,3.037011801e-14,8.76666736e-14,4.345126291e-14,6.852469702e-14,2.325378991e-13,4.164671542e-13,8.966811638e-14,2.87157522e-13,9.285970027e-14,2.942722112e-13,1.229842517e-13
174.546875,1.456498316e-13,1.428763735e-13,4.095118184e-13,1.173810665e-13,1.298390214e-13,4.768419484e-14,1.683643578e-14,8.28351091e-14,3.686680251e-14,8.473010401e-14,3.177047483e-13,1.13249014e-13,1.035149614e-13,1.545179475e-13,3.628998159e-13,6.103891424e-13,3.53289543e-13,2.824329015e-13,5.635999548e-14,3.74059061e-13,1.189731826e-13,3.063697584e-14,8.869476924e-14,4.333052869e-14,6.955749827e-14,2.369147472e-13,4.206732263e-13,9.111574334e-14,2.886877903e-13,9.566827499e-14,2.976503701e-13,1.236157457e-13
174.5546875,1.470322023e-13,1.447578234e-13,4.162201777e-13,1.191174729e-13,1.275454123e-13,4.797874245e-14,1.698525594e-14,8.230666369e-14,3.668554777e-14,8.471627822e-14,3.218321886e-13,1.13935597e-13,1.049329404e-13,1.563690061e-13,3.707818121e-13,6.174433483e-13,3.585360023e-13,2.856327483e-13,5.715000234e-14,3.743535937e-13,1.202710328e-13,3.090175345e-14,8.979472307e-14,4.32348888e-14,7.063424486e-14,2.412814144e-13,4.247307343e-13,9.26170094e-14,2.900716574e-13,9.848684709e-14,3.010097663e-13,1.242132344e-13
174.5625,1.48587515e-13,1.469324117e-13,4.231138003e-13,1.210051749e-13,1.254099295e-13,4.83853155e-14,1.714559866e-14,8.17835169e-14,3.654994925e-14,8.458215142e-14,3.261081897e-13,1.146880616e-13,1.063863281e-13,1.583778298e-13,3.789654209e-13,6.246481293e-13,3.637921691e-13,2.888292597e-13,5.797948145e-14,3.750081175e-13,1.216031171e-13,3.120817431e-14,9.090507778e-14,4.32083603e-14,7.16749629e-14,2.457287261e-13,4.287545072e-13,9.409774011e-14,2.915522315e-13,1.012875368e-13,3.044032956e-13,1.248091489e-13
174.5703125,1.50069151e-13,1.493467004e-13,4.301291422e-13,1.229931522e-13,1.232839554e-13,4.883029875e-14,1.732741035e-14,8.126761266e-14,3.641274176e-14,8.446726878e-14,3.305197748e-13,1.155067831e-13,1.078953257e-13,1.604350762e-13,3.872758044e-13,6.319029494e-13,3.690668552e-13,2.920377162e-13,5.883827477e-14,3.757677845e-13,1.229500639e-13,3.15196623e-14,9.201973562e-14,4.318816547e-14,7.270781625e-14,2.502360145e-13,4.330707738e-13,9.564256578e-14,2.933296653e-13,1.041322916e-13,3.07802916e-13,1.25358173e-13
174.578125,1.514917055e-13,1.515908376e-13,4.370877654e-13,1.250319228e-13,1.211349446e-13,4.919281304e-14,1.752543088e-14,8.076466834e-14,3.625368764e-14,8.445009907e-14,3.348255038e-13,1.162983017e-13,1.094391454e-13,1.624644194e-13,3.954597183e-13,6.390613678e-13,3.744117993e-13,2.952114484e-13,5.969001103e-14,3.762707681e-13,1.242520979e-13,3.179573096e-14,9.317185122e-14,4.309809071e-14,7.379165381e-14,2.547137401e-13,4.375494833e-13,9.728390284e-14,2.951279574e-13,1.070149155e-13,3.11075127e-13,1.258396251e-13
174.5859375,1.530305e-13,1.53554509e-13,4.440064669e-13,1.272306872e-13,1.192123117e-13,4.965556195e-14,1.774580014e-14,8.029227736e-14,3.614707389e-14,8.440311557e-14,3.389309211e-13,1.170409609e-13,1.10971261e-13,1.646765258e-13,4.036895319e-13,6.461138339e-13,3.796555567e-13,2.982260627e-13,6.055119491e-14,3.766798881e-13,1.254883596e-13,3.212128124e-14,9.434974925e-14,4.303401603e-14,7.487663974e-14,2.591151728e-13,4.41887491e-13,9.887958483e-14,2.967436479e-13,1.098583626e-13,3.142826881e-13,1.263261053e-13
174.59375,1.546337729e-13,1.555244778e-13,4.510706835e-13,1.296219183e-13,1.175314992e-13,5.030947749e-14,1.800971016e-14,7.984390347e-14,3.610149653e-14,8.426987348e-14,3.43064425e-13,1.178005638e-13,1.125712757e-13,1.67109917e-13,4.121719466e-13,6.533009434e-13,3.849081414e-13,3.012044604e-13,6.144523325e-14,3.773185781e-13,1.266997134e-13,3.253263343e-14,9.554853416e-14,4.306328207e-14,7.594570239e-14,2.634817822e-13,4.46229979e-13,1.004319267e-13,2.983953935e-13,1.126904945e-13,3.17654887e-13,1.268319828e-13
174.6015625,1.562211891e-13,1.576270235e-13,4.583099113e-13,1.321157421e-13,1.158030864e-13,5.091431183e-14,1.830126803e-14,7.938717228e-14,3.60422534e-14,8.413674125e-14,3.473011116e-13,1.185886358e-13,1.143452124e-13,1.695959099e-13,4.208607292e-13,6.608273314e-13,3.905179712e-13,3.043703625e-13,6.236105269e-14,3.780323888e-13,1.279116282e-13,3.292451844e-14,9.67976598e-14,4.31111397e-14,7.70690583e-14,2.678308267e-13,4.508042805e-13,1.021066229e-13,3.002625715e-13,1.155669437e-13,3.211349657e-13,1.272766388e-13
174.609375,1.578904788e-13,1.597189176e-13,4.655470883e-13,1.346071118e-13,1.140032521e-13,5.142169602e-14,1.860323856e-14,7.894836417e-14,3.59784032e-14,8.403147333e-14,3.514652176e-13,1.193564877e-13,1.161912067e-13,1.721162419e-13,4.296585915e-13,6.685714845e-13,3.964341906e-13,3.076482572e-13,6.32857605e-14,3.78640926e-13,1.291069269e-13,3.326858779e-14,9.808044165e-14,4.317069592e-14,7.824876893e-14,2.721739515e-13,4.554844914e-13,1.03862032e-13,3.022721523e-13,1.184689987e-13,3.244554696e-13,1.276849518e-13
174.6171875,1.596633623e-13,1.618307273e-13,4.727460773e-13,1.370541263e-13,1.123785796e-13,5.200714934e-14,1.893598652e-14,7.857126216e-14,3.597090643e-14,8.394569161e-14,3.555221596e-13,1.201093787e-13,1.17981017e-13,1.747076805e-13,4.385736014e-13,6.76457052e-13,4.024345714e-13,3.108613522e-13,6.422798926e-14,3.794448693e-13,1.302953958e-13,3.364745828e-14,9.935049198e-14,4.328961682e-14,7.943391291e-14,2.765736819e-13,4.601343277e-13,1.056040143e-13,3.042791251e-13,1.214161543e-13,3.276409918e-13,1.281380905e-13
174.625,1.614231098e-13,1.641367369e-13,4.800260678e-13,1.396956511e-13,1.109162216e-13,5.268510746e-14,1.930267795e-14,7.822319744e-14,3.599480257e-14,8.392816298e-14,3.595166508e-13,1.20877639e-13,1.198133929e-13,1.773400545e-13,4.477080409e-13,6.846343738e-13,4.08538257e-13,3.140263048e-13,6.519816838e-14,3.805324334e-13,1.315150624e-13,3.406572507e-14,1.00634613e-13,4.343049789e-14,8.063580964e-14,2.809926983e-13,4.648113522e-13,1.075022951e-13,3.062319312e-13,1.244403639e-13,3.309102346e-13,1.285778914e-13
174.6328125,1.631688309e-13,1.665117758e-13,4.873734119e-13,1.427853484e-13,1.094073502e-13,5.342449195e-14,1.968428066e-14,7.78988748e-14,3.600853757e-14,8.396326307e-14,3.63414034e-13,1.216227444e-13,1.21789711e-13,1.800552581e-13,4.57061227e-13,6.930410346e-13,4.147521241e-13,3.171772652e-13,6.617866144e-14,3.815104974e-13,1.327546984e-13,3.448284297e-14,1.019893407e-13,4.35824669e-14,8.187154645e-14,2.85318919e-13,4.695243203e-13,1.096263831e-13,3.082594539e-13,1.274824506e-13,3.342517538e-13,1.28966809e-13
174.640625,1.649604573e-13,1.68646379e-13,4.947553888e-13,1.460742361e-13,1.078911869e-13,5.423750483e-14,2.008746915e-14,7.764988763e-14,3.604271258e-14,8.394049509e-14,3.6726115e-13,1.223147595e-13,1.238392621e-13,1.829113142e-13,4.664757811e-13,7.014797203e-13,4.210186879e-13,3.202489273e-13,6.713472067e-14,3.823584255e-13,1.339585185e-13,3.492149671e-14,1.033834892e-13,4.379324773e-14,8.311250251e-14,2.895554722e-13,4.742146309e-13,1.11681014e-13,3.104845884e-13,1.304727456e-13,3.375293013e-13,1.29393865e-13
174.6484375,1.666809786e-13,1.705554681e-13,5.022376979e-13,1.492317466e-13,1.06544338e-13,5.503964127e-14,2.052669307e-14,7.743374265e-14,3.610720435e-14,8.383166032e-14,3.711331626e-13,1.230103702e-13,1.259322852e-13,1.858710751e-13,4.759021545e-13,7.099898846e-13,4.273426756e-13,3.232199268e-13,6.805584255e-14,3.833873611e-13,1.351141967e-13,3.538534636e-14,1.047551567e-13,4.403061224e-14,8.435961454e-14,2.937409384e-13,4.789321255e-13,1.134767865e-13,3.12862001e-13,1.333808091e-13,3.407596391e-13,1.29840999e-13
174.65625,1.682378201e-13,1.726172922e-13,5.097883798e-13,1.524035939e-13,1.05328797e-13,5.577386949e-14,2.099646911e-14,7.718573803e-14,3.615647401e-14,8.371743533e-14,3.750226077e-13,1.237428186e-13,1.28107079e-13,1.888848828e-13,4.854454397e-13,7.186844825e-13,4.337102669e-13,3.261613447e-13,6.896795389e-14,3.84543049e-13,1.362738007e-13,3.583226349e-14,1.061288528e-13,4.423849621e-14,8.564502549e-14,2.978846167e-13,4.837719612e-13,1.152420145e-13,3.153443119e-13,1.362201472e-13,3.44007739e-13,1.302142699e-13
174.6640625,1.698619396e-13,1.750843295e-13,5.173577375e-13,1.55848842e-13,1.0409509e-13,5.650479976e-14,2.148817643e-14,7.697669968e-14,3.61999534e-14,8.363491629e-14,3.789105719e-13,1.244744398e-13,1.303193601e-13,1.919302628e-13,4.952194226e-13,7.277126636e-13,4.402659674e-13,3.291993633e-13,6.991595036e-14,3.857258339e-13,1.374488818e-13,3.626281482e-14,1.075723247e-13,4.444400597e-14,8.696872213e-14,3.020659134e-13,4.886960897e-13,1.172641212e-13,3.179437603e-13,1.390820138e-13,3.472532949e-13,1.305744317e-13
174.671875,1.717447171e-13,1.777260197e-13,5.249710562e-13,1.59581283e-13,1.028223864e-13,5.730722738e-14,2.200967594e-14,7.687987364e-14,3.629218719e-14,8.355507862e-14,3.827066383e-13,1.251881558e-13,1.325376075e-13,1.949812575e-13,5.052697268e-13,7.372343405e-13,4.472607801e-13,3.323960158e-13,7.091673207e-14,3.870211933e-13,1.385527447e-13,3.670197812e-14,1.091044666e-13,4.468152982e-14,8.832766698e-14,3.063024047e-13,4.936021572e-13,1.194910022e-13,3.206663815e-13,1.419813603e-13,3.504803212e-13,1.310004827e-13
174.6796875,1.736483134e-13,1.801754758e-13,5.32560875e-13,1.634420181e-13,1.015609151e-13,5.819324402e-14,2.257917726e-14,7.684439057e-14,3.642010536e-14,8.345656179e-14,3.863598499e-13,1.258839337e-13,1.348098328e-13,1.980494878e-13,5.154189655e-13,7.469936785e-13,4.545527702e-13,3.355793619e-13,7.192146784e-14,3.882844291e-13,1.395498907e-13,3.714845259e-14,1.10682899e-13,4.49479707e-14,8.973064862e-14,3.104366627e-13,4.985094025e-13,1.216568585e-13,3.235464591e-13,1.447866349e-13,3.537107392e-13,1.314329295e-13
174.6875,1.753968776e-13,1.824910571e-13,5.401424742e-13,1.672769413e-13,1.003191654e-13,5.907726273e-14,2.318932952e-14,7.68069965e-14,3.653569716e-14,8.333280718e-14,3.900530265e-13,1.26551981e-13,1.371552067e-13,2.01204952e-13,5.254064938e-13,7.56586708e-13,4.618146676e-13,3.385439484e-13,7.28919213e-14,3.89376595e-13,1.405489097e-13,3.759453054e-14,1.122505472e-13,4.524209727e-14,9.114103059e-14,3.143464591e-13,5.034674158e-13,1.237306554e-13,3.265655392e-13,1.474909833e-13,3.569604104e-13,1.31824869e-13
174.6953125,1.7724639e-13,1.849056096e-13,5.478454426e-13,1.712046603e-13,9.910781976e-14,5.991961019e-14,2.381782567e-14,7.677158572e-14,3.66407023e-14,8.321476618e-14,3.938315293e-13,1.271927384e-13,1.39555062e-13,2.044644898e-13,5.3522434e-13,7.660522022e-13,4.690517477e-13,3.413564677e-13,7.386764022e-14,3.90403982e-13,1.416095963e-13,3.803620728e-14,1.13819139e-13,4.555778672e-14,9.25229597e-14,3.180632677e-13,5.083941332e-13,1.259134918e-13,3.296196602e-13,1.502286899e-13,3.602131248e-13,1.32198719e-13
174.703125,1.792827934e-13,1.873323028e-13,5.555351977e-13,1.753855095e-13,9.797686238e-14,6.08337268e-14,2.448472216e-14,7.676327604e-14,3.67495771e-14,8.315522769e-14,3.974543234e-13,1.277801088e-13,1.419843264e-13,2.077483515e-13,5.449854839e-13,7.75545213e-13,4.763449659e-13,3.441374791e-13,7.487081003e-14,3.913194051e-13,1.426639342e-13,3.848280025e-14,1.154537699e-13,4.588150231e-14,9.392684469e-14,3.216915615e-13,5.132550713e-13,1.281733338e-13,3.32743353e-13,1.529723967e-13,3.633952564e-13,1.325568589e-13
174.7109375,1.811914688e-13,1.897012997e-13,5.631903717e-13,1.796654194e-13,9.692677648e-14,6.181430132e-14,2.520803611e-14,7.679159889e-14,3.684858473e-14,8.310840192e-14,4.009725698e-13,1.28322018e-13,1.444465931e-13,2.1109614e-13,5.548780161e-13,7.852234928e-13,4.837427492e-13,3.468880464e-13,7.587419643e-14,3.920624895e-13,1.43717312e-13,3.894652333e-14,1.171542502e-13,4.621078853e-14,9.541415564e-14,3.253499989e-13,5.182129305e-13,1.30333285e-13,3.361353105e-13,1.556243323e-13,3.665270911e-13,1.32900946e-13
174.71875,1.829112862e-13,1.922515987e-13,5.712125994e-13,1.840275907e-13,9.585296008e-14,6.272404182e-14,2.595206488e-14,7.685552747e-14,3.692823607e-14,8.29810475e-14,4.046679906e-13,1.289241163e-13,1.47019367e-13,2.146824158e-13,5.652073895e-13,7.954859842e-13,4.915392655e-13,3.497293675e-13,7.690307372e-14,3.928395563e-13,1.448153103e-13,3.939612019e-14,1.188768243e-13,4.655559631e-14,9.696955995e-14,3.290510835e-13,5.233574124e-13,1.325347488e-13,3.398512718e-13,1.582581589e-13,3.698080547e-13,1.332497588e-13
174.7265625,1.847029264e-13,1.950383307e-13,5.794940764e-13,1.88595687e-13,9.472449817e-14,6.362082773e-14,2.671467806e-14,7.695149908e-14,3.700512539e-14,8.279915781e-14,4.08383217e-13,1.295884816e-13,1.497176191e-13,2.184147923e-13,5.757817632e-13,8.062636139e-13,4.998621181e-13,3.527739624e-13,7.798307147e-14,3.937714156e-13,1.458419018e-13,3.980445269e-14,1.206188864e-13,4.694375782e-14,9.856113205e-14,3.326626135e-13,5.284939536e-13,1.349305775e-13,3.437111577e-13,1.609232187e-13,3.732346108e-13,1.335990644e-13
174.734375,1.866060267e-13,1.977952449e-13,5.874562022e-13,1.930814937e-13,9.371065824e-14,6.460009213e-14,2.753462164e-14,7.706265241e-14,3.710737257e-14,8.262970483e-14,4.117918244e-13,1.301883762e-13,1.524548245e-13,2.220185595e-13,5.860450474e-13,8.169880946e-13,5.084058825e-13,3.558825519e-13,7.905283489e-14,3.948526435e-13,1.467052444e-13,4.021016015e-14,1.223795202e-13,4.73959872e-14,1.001977826e-13,3.361401045e-13,5.334467816e-13,1.372638073e-13,3.476645329e-13,1.635013281e-13,3.765360755e-13,1.339440078e-13
174.7421875,1.885327281e-13,2.004497765e-13,5.953592359e-13,1.974283706e-13,9.291353735e-14,6.558216582e-14,2.839370469e-14,7.718675467e-14,3.724362158e-14,8.247207943e-14,4.150379599e-13,1.307625852e-13,1.552732638e-13,2.256304657e-13,5.962237136e-13,8.278447009e-13,5.171050866e-13,3.589982292e-13,8.010777118e-14,3.961145776e-13,1.475409445e-13,4.064453757e-14,1.241621674e-13,4.790303202e-14,1.018994295e-13,3.396096574e-13,5.383824637e-13,1.393718684e-13,3.519332152e-13,1.65955041e-13,3.797762143e-13,1.343000239e-13
174.75,1.905673528e-13,2.031736297e-13,6.037434898e-13,2.021199998e-13,9.220634672e-14,6.655108361e-14,2.927001828e-14,7.736868009e-14,3.739479676e-14,8.234008507e-14,4.183968761e-13,1.314377323e-13,1.58283678e-13,2.295634507e-13,6.068433044e-13,8.393563342e-13,5.261910183e-13,3.6224079e-13,8.124374271e-14,3.973972041e-13,1.484397553e-13,4.108798736e-14,1.259940702e-13,4.844954496e-14,1.036646305e-13,3.431128215e-13,5.435153849e-13,1.415116744e-13,3.564880595e-13,1.68400646e-13,3.832680122e-13,1.346655229e-13
174.7578125,1.926914231e-13,2.059701762e-13,6.121062302e-13,2.070607058e-13,9.15010029e-14,6.753408604e-14,3.019291238e-14,7.761858506e-14,3.754290735e-14,8.225125973e-14,4.217256232e-13,1.321315999e-13,1.614093743e-13,2.336346409e-13,6.174858491e-13,8.510980574e-13,5.354819467e-13,3.655179415e-13,8.244299999e-14,3.984522712e-13,1.492787013e-13,4.151896234e-14,1.278423367e-13,4.90006118e-14,1.054691385e-13,3.465125838e-13,5.487471549e-13,1.43810358e-13,3.609522876e-13,1.708685145e-13,3.868995098e-13,1.350084329e-13
174.765625,1.947104951e-13,2.087330541e-13,6.19882471e-13,2.118409496e-13,9.082205342e-14,6.847657529e-14,3.115522777e-14,7.787773659e-14,3.768169408e-14,8.216424119e-14,4.247472539e-13,1.327055332e-13,1.645323062e-13,2.375521415e-13,6.276911363e-13,8.626516137e-13,5.446917829e-13,3.686494375e-13,8.358328035e-14,3.992581496e-13,1.499903479e-13,4.193023397e-14,1.296631082e-13,4.951649475e-14,1.072921545e-13,3.49704631e-13,5.539883248e-13,1.461156077e-13,3.653292354e-13,1.732381458e-13,3.904030312e-13,1.353048293e-13
174.7734375,1.966760702e-13,2.116297834e-13,6.274871613e-13,2.168043361e-13,9.015036673e-14,6.946391046e-14,3.213571611e-14,7.815030498e-14,3.781220906e-14,8.205096416e-14,4.275659967e-13,1.331959173e-13,1.676991343e-13,2.415286399e-13,6.379395188e-13,8.745941561e-13,5.541894422e-13,3.717403261e-13,8.46860841e-14,3.999841514e-13,1.506706881e-13,4.233888047e-14,1.315031844e-13,5.001992649e-14,1.091463682e-13,3.527376022e-13,5.593920138e-13,1.484423873e-13,3.699909817e-13,1.754382526e-13,3.938767966e-13,1.35579441e-13
174.78125,1.988342019e-13,2.148787952e-13,6.353488995e-13,2.222107129e-13,8.953726214e-14,7.060090494e-14,3.31760411e-14,7.849993189e-14,3.794661601e-14,8.191257247e-14,4.305096074e-13,1.337057851e-13,1.709904686e-13,2.45807389e-13,6.485667857e-13,8.872661265e-13,5.644284455e-13,3.749885559e-13,8.586754296e-14,4.009191357e-13,1.513787298e-13,4.276406452e-14,1.333888329e-13,5.053322203e-14,1.110596353e-13,3.557159971e-13,5.649372981e-13,1.50909281e-13,3.749521082e-13,1.775567052e-13,3.974345601e-13,1.358810992e-13
174.7890625,2.011309962e-13,2.182436753e-13,6.433737881e-13,2.276413776e-13,8.909718296e-14,7.1730328e-14,3.429603783e-14,7.888999122e-14,3.808204076e-14,8.174673399e-14,4.336003266e-13,1.342651712e-13,1.743832501e-13,2.501831102e-13,6.591706126e-13,9.001061887e-13,5.750548915e-13,3.783320707e-13,8.709277781e-14,4.021207752e-13,1.520882651e-13,4.316715417e-14,1.35279842e-13,5.104189868e-14,1.13020833e-13,3.586554339e-13,5.703853032e-13,1.534096368e-13,3.799865973e-13,1.7968629e-13,4.009631971e-13,1.362042739e-13
174.796875,2.033108996e-13,2.213746359e-13,6.515212755e-13,2.329315814e-13,8.875757215e-14,7.274807843e-14,3.545392558e-14,7.924176226e-14,3.819633573e-14,8.158402871e-14,4.365905967e-13,1.348201815e-13,1.778042853e-13,2.544874109e-13,6.695186153e-13,9.127173568e-13,5.855031368e-13,3.815417115e-13,8.824768766e-14,4.031492511e-13,1.52794218e-13,4.351947677e-14,1.371820835e-13,5.160233078e-14,1.14983066e-13,3.614650473e-13,5.756859199e-13,1.55793857e-13,3.850587286e-13,1.817783479e-13,4.043994385e-13,1.364955144e-13
174.8046875,2.053924715e-13,2.244114251e-13,6.5981105e-13,2.382600531e-13,8.840881821e-14,7.379347306e-14,3.663887538e-14,7.960963492e-14,3.829913816e-14,8.14506923e-14,4.394349315e-13,1.353289815e-13,1.812799085e-13,2.589346394e-13,6.798772461e-13,9.254443395e-13,5.960151487e-13,3.846473166e-13,8.936335623e-14,4.038264057e-13,1.535053083e-13,4.386926382e-14,1.391222493e-13,5.225458199e-14,1.169660992e-13,3.641507841e-13,5.809179606e-13,1.581120488e-13,3.902043154e-13,1.837593938e-13,4.078256927e-13,1.367632272e-13
174.8125,2.075590983e-13,2.276559392e-13,6.681128953e-13,2.436692395e-13,8.813815032e-14,7.491203204e-14,3.788156465e-14,8.010194898e-14,3.84187844e-14,8.131703338e-14,4.422546764e-13,1.358703664e-13,1.849468173e-13,2.636761557e-13,6.905019091e-13,9.388256971e-13,6.072017799e-13,3.880012037e-13,9.055126302e-14,4.045843887e-13,1.541874799e-13,4.423372953e-14,1.410838719e-13,5.291027585e-14,1.190744658e-13,3.668930995e-13,5.861503769e-13,1.604566119e-13,3.955116406e-13,1.856481209e-13,4.114063149e-13,1.37082631e-13
174.8203125,2.098033625e-13,2.311415777e-13,6.763628992e-13,2.49188919e-13,8.803130124e-14,7.600653947e-14,3.91972224e-14,8.070087223e-14,3.854324238e-14,8.115927927e-14,4.449995555e-13,1.365189385e-13,1.888127635e-13,2.685682583e-13,7.013418777e-13,9.529234802e-13,6.190829859e-13,3.917178312e-13,9.182245783e-14,4.055946291e-13,1.54806303e-13,4.456880467e-14,1.4304596e-13,5.356273615e-14,1.213224241e-13,3.697178217e-13,5.915020453e-13,1.628302183e-13,4.011163319e-13,1.874663931e-13,4.152093972e-13,1.374602872e-13
174.828125,2.120340941e-13,2.348049135e-13,6.846043775e-13,2.547967545e-13,8.804505921e-14,7.705238777e-14,4.057093768e-14,8.130257944e-14,3.864846868e-14,8.099394307e-14,4.47566132e-13,1.371889958e-13,1.927245668e-13,2.735035106e-13,7.12127636e-13,9.673408247e-13,6.313291536e-13,3.954961826e-13,9.310826842e-14,4.067104995e-13,1.553843382e-13,4.487469047e-14,1.450145969e-13,5.43052797e-14,1.235975777e-13,3.72397951e-13,5.96943211e-13,1.65232566e-13,4.069882393e-13,1.892015282e-13,4.190578867e-13,1.378251204e-13
174.8359375,2.142583937e-13,2.384779352e-13,6.928476213e-13,2.604465877e-13,8.811529426e-14,7.809096354e-14,4.19704678e-14,8.186729529e-14,3.875624643e-14,8.084849943e-14,4.499746917e-13,1.377776696e-13,1.966468373e-13,2.784590378e-13,7.226323888e-13,9.818158852e-13,6.438158248e-13,3.991478589e-13,9.435482425e-14,4.080324556e-13,1.559411527e-13,4.519031618e-14,1.470355392e-13,5.508622271e-14,1.25867955e-13,3.748804943e-13,6.023183447e-13,1.676378112e-13,4.130670176e-13,1.908503681e-13,4.228566313e-13,1.381752723e-13
174.84375,2.165154671e-13,2.419283296e-13,7.010699321e-13,2.661554504e-13,8.821648617e-14,7.91804143e-14,4.339158016e-14,8.244225722e-14,3.890013802e-14,8.072872454e-14,4.522297481e-13,1.383296927e-13,2.006721023e-13,2.833792066e-13,7.327894587e-13,9.962889047e-13,6.564585965e-13,4.0277812e-13,9.556364929e-14,4.094478661e-13,1.564370823e-13,4.55258175e-14,1.491217142e-13,5.584307469e-14,1.281982757e-13,3.773335529e-13,6.076000183e-13,1.699369566e-13,4.193674104e-13,1.923952475e-13,4.267406424e-13,1.385697195e-13
174.8515625,2.187925682e-13,2.453222014e-13,7.093528658e-13,2.717655415e-13,8.841848284e-14,8.034280902e-14,4.487423588e-14,8.308685744e-14,3.905311171e-14,8.05925345e-14,4.543699272e-13,1.389718473e-13,2.048528828e-13,2.884335497e-13,7.427414256e-13,1.010743437e-12,6.69263582e-13,4.065550001e-13,9.680692845e-14,4.105483215e-13,1.568849697e-13,4.58523149e-14,1.511812372e-13,5.665597269e-14,1.305942886e-13,3.797625618e-13,6.127465067e-13,1.721363752e-13,4.258530395e-13,1.938501212e-13,4.307007792e-13,1.389898702e-13
174.859375,2.209738246e-13,2.490236305e-13,7.179330617e-13,2.773227529e-13,8.876439448e-14,8.148550276e-14,4.643450355e-14,8.381460216e-14,3.915322758e-14,8.040285379e-14,4.565741292e-13,1.397566109e-13,2.092225913e-13,2.938537962e-13,7.528993293e-13,1.025582831e-12,6.824830312e-13,4.105504444e-13,9.812363437e-14,4.11448496e-13,1.573966176e-13,4.611993468e-14,1.531679763e-13,5.749870254e-14,1.330416746e-13,3.821122802e-13,6.177797825e-13,1.744132289e-13,4.326195883e-13,1.95290314e-13,4.346363104e-13,1.393798285e-13
174.8671875,2.230094101e-13,2.529226288e-13,7.268065342e-13,2.83157974e-13,8.911137468e-14,8.25391518e-14,4.80404317e-14,8.457863706e-14,3.920478688e-14,8.018645246e-14,4.588496001e-13,1.405656442e-13,2.137394534e-13,2.993785647e-13,7.634255624e-13,1.041184079e-12,6.961025758e-13,4.145481777e-13,9.941366242e-14,4.12543561e-13,1.579799312e-13,4.632369351e-14,1.55157729e-13,5.826423799e-14,1.355549704e-13,3.844757178e-13,6.22951597e-13,1.767604451e-13,4.397854348e-13,1.967075142e-13,4.386061367e-13,1.397600387e-13
174.875,2.251244606e-13,2.566854692e-13,7.355876504e-13,2.890007385e-13,8.941832718e-14,8.358955285e-14,4.967576513e-14,8.533222274e-14,3.927244238e-14,7.998537675e-14,4.60909199e-13,1.412554932e-13,2.182536607e-13,3.046777962e-13,7.738403244e-13,1.057043358e-12,7.098378309e-13,4.182961056e-13,1.00592886e-13,4.137985475e-13,1.584857578e-13,4.65205905e-14,1.571931288e-13,5.903212975e-14,1.381076061e-13,3.868411822e-13,6.282020881e-13,1.789528326e-13,4.47069339e-13,1.980137453e-13,4.426008207e-13,1.401858076e-13
174.8828125,2.274191037e-13,2.603770856e-13,7.441525201e-13,2.944960066e-13,8.985464373e-14,8.471578288e-14,5.135156998e-14,8.610167062e-14,3.937066104e-14,7.981036155e-14,4.626096253e-13,1.418992517e-13,2.227597582e-13,3.099648333e-13,7.838090097e-13,1.072675896e-12,7.237378166e-13,4.219896151e-13,1.017356147e-13,4.150523445e-13,1.588614211e-13,4.673234382e-14,1.592758053e-13,5.989365685e-14,1.406723756e-13,3.890931331e-13,6.33173709e-13,1.809761861e-13,4.54196128e-13,1.991956512e-13,4.465441565e-13,1.406782509e-13
174.890625,2.296178325e-13,2.642667036e-13,7.526857168e-13,3.001226469e-13,9.038314239e-14,8.586769585e-14,5.30565243e-14,8.693554716e-14,3.945850779e-14,7.963823954e-14,4.640925552e-13,1.42637724e-13,2.273993006e-13,3.154149051e-13,7.935586386e-13,1.088399318e-12,7.378917538e-13,4.258374547e-13,1.029070722e-13,4.162685532e-13,1.591974722e-13,4.693111322e-14,1.614117692e-13,6.0770447e-14,1.432544856e-13,3.912627032e-13,6.379648056e-13,1.830119985e-13,4.61336412e-13,2.002553774e-13,4.505175619e-13,1.412193992e-13
174.8984375,2.317223382e-13,2.683194426e-13,7.610786684e-13,3.060345487e-13,9.086473637e-14,8.699813295e-14,5.477061528e-14,8.782341606e-14,3.952964531e-14,7.942636611e-14,4.654332528e-13,1.434001314e-13,2.321446543e-13,3.208460833e-13,8.031554732e-13,1.104334531e-12,7.521626249e-13,4.29652964e-13,1.040771753e-13,4.173824813e-13,1.595011548e-13,4.711969303e-14,1.635541537e-13,6.16312471e-14,1.458452128e-13,3.93378921e-13,6.428160111e-13,1.850748508e-13,4.68625334e-13,2.011692488e-13,4.545458055e-13,1.417742658e-13
174.90625,2.340561474e-13,2.722456244e-13,7.692736607e-13,3.116213674e-13,9.142523996e-14,8.814118665e-14,5.650909965e-14,8.873002005e-14,3.960436602e-14,7.916963292e-14,4.666085945e-13,1.440811166e-13,2.368853309e-13,3.2628749e-13,8.125084209e-13,1.120324334e-12,7.66756254e-13,4.334364778e-13,1.052614449e-13,4.184885883e-13,1.597074556e-13,4.730189486e-14,1.656948208e-13,6.253571819e-14,1.484749952e-13,3.954156803e-13,6.476096823e-13,1.870619144e-13,4.76009435e-13,2.020102596e-13,4.585362012e-13,1.42343529e-13
174.9140625,2.364926902e-13,2.759551926e-13,7.776257474e-13,3.167931169e-13,9.209763516e-14,8.928864876e-14,5.829093653e-14,8.964277799e-14,3.965830088e-14,7.890698404e-14,4.67705102e-13,1.447604115e-13,2.417118319e-13,3.318617633e-13,8.217880084e-13,1.136651186e-12,7.819819614e-13,4.374249825e-13,1.064847123e-13,4.197317575e-13,1.598601669e-13,4.743129966e-14,1.678790615e-13,6.346307021e-14,1.511935657e-13,3.974629211e-13,6.523726258e-13,1.889387062e-13,4.835938389e-13,2.028541065e-13,4.62527672e-13,1.429322862e-13
174.921875,2.387277587e-13,2.796646888e-13,7.861946489e-13,3.218820678e-13,9.270545471e-14,9.036516868e-14,6.011405971e-14,9.057186753e-14,3.966566788e-14,7.865554321e-14,4.687698722e-13,1.454888698e-13,2.467112141e-13,3.374116609e-13,8.309120055e-13,1.153277994e-12,7.975930934e-13,4.414997072e-13,1.076720793e-13,4.209828996e-13,1.600257459e-13,4.749752355e-14,1.700630615e-13,6.437739292e-14,1.539644871e-13,3.99527559e-13,6.571981093e-13,1.906859947e-13,4.914108313e-13,2.0362341e-13,4.665478042e-13,1.434946177e-13
174.9296875,2.409183365e-13,2.834983713e-13,7.946527661e-13,3.269530314e-13,9.336619526e-14,9.140440223e-14,6.198855484e-14,9.155411497e-14,3.968528321e-14,7.839199114e-14,4.696717893e-13,1.461614736e-13,2.517243739e-13,3.428606929e-13,8.395816651e-13,1.169716543e-12,8.132543149e-13,4.454311253e-13,1.087803414e-13,4.221966473e-13,1.60130199e-13,4.757696214e-14,1.722412556e-13,6.533133034e-14,1.567557461e-13,4.014904322e-13,6.618359056e-13,1.922915638e-13,4.992443619e-13,2.042247876e-13,4.704743967e-13,1.440582295e-13
174.9375,2.432375653e-13,2.873466903e-13,8.029765926e-13,3.321094534e-13,9.427830484e-14,9.253377319e-14,6.390826255e-14,9.260837256e-14,3.977899692e-14,7.808497177e-14,4.703455543e-13,1.467419147e-13,2.566294085e-13,3.48297323e-13,8.480444099e-13,1.186209478e-12,8.290171726e-13,4.492819538e-13,1.09874238e-13,4.235932403e-13,1.600933377e-13,4.771252818e-14,1.744979379e-13,6.636081737e-14,1.595966798e-13,4.034143211e-13,6.662730829e-13,1.938249615e-13,5.070494924e-13,2.046812977e-13,4.742997525e-13,1.447382731e-13
174.9453125,2.456008466e-13,2.911354703e-13,8.113448577e-13,3.373260332e-13,9.526519599e-14,9.373615146e-14,6.582627303e-14,9.368762091e-14,3.989684047e-14,7.772784647e-14,4.709242785e-13,1.473236162e-13,2.615597466e-13,3.537473854e-13,8.566124957e-13,1.203190617e-12,8.450450417e-13,4.531551767e-13,1.109886931e-13,4.251962744e-13,1.600074197e-13,4.78468836e-14,1.767489869e-13,6.742728602e-14,1.624566602e-13,4.053640633e-13,6.707929672e-13,1.953692454e-13,5.149866119e-13,2.050609367e-13,4.781775666e-13,1.454982338e-13
174.953125,2.479864822e-13,2.948675876e-13,8.198216857e-13,3.422597258e-13,9.620551745e-14,9.489422844e-14,6.77359145e-14,9.474723762e-14,3.997874332e-14,7.733719942e-14,4.71540514e-13,1.479560246e-13,2.666452426e-13,3.593183499e-13,8.650278924e-13,1.220308025e-12,8.614195415e-13,4.570822379e-13,1.120983237e-13,4.268347074e-13,1.600043777e-13,4.793859664e-14,1.788607565e-13,6.849974552e-14,1.652951166e-13,4.072073738e-13,6.753116629e-13,1.968611862e-13,5.230842688e-13,2.053993319e-13,4.822042008e-13,1.46195731e-13
174.9609375,2.503386262e-13,2.985278346e-13,8.284933882e-13,3.46892956e-13,9.72563574e-14,9.603923497e-14,6.967776193e-14,9.581898031e-14,4.005041283e-14,7.693500518e-14,4.721805489e-13,1.486172965e-13,2.718420348e-13,3.650660091e-13,8.732085029e-13,1.237475523e-12,8.781171775e-13,4.610942789e-13,1.132017101e-13,4.28448015e-13,1.600555109e-13,4.80149193e-14,1.809251988e-13,6.958294146e-14,1.681653368e-13,4.089561538e-13,6.797469503e-13,1.981660231e-13,5.313246041e-13,2.056734682e-13,4.86362149e-13,1.468594807e-13
174.96875,2.525833909e-13,3.021461277e-13,8.37307939e-13,3.514942011e-13,9.840332125e-14,9.725745282e-14,7.166519158e-14,9.696264881e-14,4.011947238e-14,7.658448847e-14,4.727303541e-13,1.492779555e-13,2.770545048e-13,3.708046534e-13,8.814818734e-13,1.255227382e-12,8.951493001e-13,4.651542015e-13,1.143089667e-13,4.299979765e-13,1.600485776e-13,4.808315813e-14,1.83039294e-13,7.068160765e-14,1.711046313e-13,4.107215702e-13,6.843527237e-13,1.993515738e-13,5.397464198e-13,2.058398847e-13,4.905254516e-13,1.475929895e-13
174.9765625,2.548670396e-13,3.05716093e-13,8.459670318e-13,3.559823863e-13,9.95485365e-14,9.847111923e-14,7.369626608e-14,9.81793263e-14,4.016864178e-14,7.633747129e-14,4.730765333e-13,1.498939235e-13,2.822317854e-13,3.764826136e-13,8.897534701e-13,1.27339801e-12,9.125783842e-13,4.692303393e-13,1.154097732e-13,4.315154499e-13,1.599535617e-13,4.812966821e-14,1.851554459e-13,7.180886212e-14,1.740828102e-13,4.124273041e-13,6.890603927e-13,2.00527364e-13,5.48231089e-13,2.059059481e-13,4.945277291e-13,1.483708687e-13
174.984375,2.572398918e-13,3.091415194e-13,8.543516372e-13,3.600569492e-13,1.008237514e-13,9.958524816e-14,7.575512739e-14,9.941086168e-14,4.024172375e-14,7.610366109e-14,4.731937793e-13,1.504545053e-13,2.874368532e-13,3.822191788e-13,8.976655549e-13,1.291332344e-12,9.301279892e-13,4.733428391e-13,1.165087183e-13,4.331884146e-13,1.598035573e-13,4.817069952e-14,1.872698966e-13,7.298406656e-14,1.770873007e-13,4.140883129e-13,6.935568727e-13,2.015137136e-13,5.566085278e-13,2.058948873e-13,4.984058707e-13,1.491490133e-13
174.9921875,2.595486503e-13,3.125026869e-13,8.626770392e-13,3.63781401e-13,1.022879656e-13,1.006800995e-13,7.78020084e-14,1.006348079e-13,4.035466895e-14,7.578048784e-14,4.731685517e-13,1.51036192e-13,2.92797697e-13,3.879798487e-13,9.053707872e-13,1.309215843e-12,9.47579261e-13,4.774995031e-13,1.176377212e-13,4.350831583e-13,1.596139023e-13,4.821337526e-14,1.893961854e-13,7.418935891e-14,1.801228858e-13,4.158592731e-13,6.979290291e-13,2.022534648e-13,5.649546098e-13,2.058097784e-13,5.02400697e-13,1.499416399e-13
175,2.617847718e-13,3.159699851e-13,8.711044675e-13,3.675010614e-13,1.037839365e-13,1.018217198e-13,7.983914984e-14,1.018925855e-13,4.045443676e-14,7.540973922e-14,4.730996916e-13,1.516904942e-13,2.982629707e-13,3.936794272e-13,9.131249562e-13,1.327590567e-12,9.653450895e-13,4.817140093e-13,1.187898996e-13,4.371226835e-13,1.593776709e-13,4.82432406e-14,1.914695416e-13,7.539164154e-14,1.831671626e-13,4.176748536e-13,7.023355965e-13,2.03030785e-13,5.73363158e-13,2.056869959e-13,5.065291151e-13,1.507481372e-13
175.0078125,2.639875712e-13,3.193967991e-13,8.794519059e-13,3.71125575e-13,1.052415549e-13,1.029022423e-13,8.187410518e-14,1.031870187e-13,4.053445257e-14,7.500334394e-14,4.72960137e-13,1.523481077e-13,3.036440035e-13,3.992418354e-13,9.206397908e-13,1.346178346e-12,9.834855814e-13,4.859078793e-13,1.198861153e-13,4.392628832e-13,1.590913735e-13,4.824597951e-14,1.934524179e-13,7.659246739e-14,1.86170928e-13,4.194158324e-13,7.065932691e-13,2.037930187e-13,5.816816444e-13,2.055551702e-13,5.104664961e-13,1.515714388e-13
175.015625,2.661449517e-13,3.22610612e-13,8.874861897e-13,3.743371923e-13,1.067097957e-13,1.03889741e-13,8.387262703e-14,1.044716133e-13,4.061200038e-14,7.45185038e-14,4.7265215e-13,1.529485642e-13,3.089327237e-13,4.046209434e-13,9.276485119e-13,1.364413974e-12,1.001391751e-12,4.899509732e-13,1.209000474e-13,4.413539646e-13,1.587817057e-13,4.820279837e-14,1.953703128e-13,7.779515658e-14,1.891182715e-13,4.211103545e-13,7.105652229e-13,2.042548222e-13,5.898234269e-13,2.053556964e-13,5.141130027e-13,1.524221802e-13
175.0234375,2.683281598e-13,3.257455367e-13,8.954028532e-13,3.774311773e-13,1.082510386e-13,1.049263654e-13,8.587587012e-14,1.057627749e-13,4.067032497e-14,7.40655902e-14,4.721952686e-13,1.53548693e-13,3.142550526e-13,4.100477592e-13,9.344900026e-13,1.382480155e-12,1.019189765e-12,4.939847991e-13,1.219364549e-13,4.432999728e-13,1.584664695e-13,4.81398818e-14,1.972806618e-13,7.898654995e-14,1.920940928e-13,4.227191393e-13,7.144086881e-13,2.04633168e-13,5.979200149e-13,2.05035317e-13,5.178168065e-13,1.53280571e-13
175.03125,2.705138173e-13,3.286971561e-13,9.035048481e-13,3.806185589e-13,1.099680627e-13,1.060163085e-13,8.795614044e-14,1.071228672e-13,4.073334144e-14,7.375261881e-14,4.716762532e-13,1.541851018e-13,3.196162786e-13,4.157147088e-13,9.414891945e-13,1.400847396e-12,1.037488435e-12,4.982417013e-13,1.230546057e-13,4.453228276e-13,1.580924999e-13,4.811832849e-14,1.992466933e-13,8.018391176e-14,1.951723564e-13,4.242349572e-13,7.182963691e-13,2.051415269e-13,6.05954774e-13,2.046537177e-13,5.217365283e-13,1.541540832e-13
175.0390625,2.726716924e-13,3.312018729e-13,9.11624273e-13,3.833939781e-13,1.118840893e-13,1.070415271e-13,9.005054279e-14,1.085433907e-13,4.08441278e-14,7.346323697e-14,4.710801769e-13,1.547931216e-13,3.249465197e-13,4.214020688e-13,9.484047105e-13,1.419377619e-12,1.055987725e-12,5.025902399e-13,1.241730802e-13,4.475084565e-13,1.576377281e-13,4.812418585e-14,2.012286201e-13,8.141452841e-14,1.982676084e-13,4.258028416e-13,7.222047094e-13,2.054931437e-13,6.137437358e-13,2.042970315e-13,5.256454007e-13,1.550819328e-13
175.046875,2.74966641e-13,3.336612636e-13,9.195521875e-13,3.856898342e-13,1.138769654e-13,1.080772311e-13,9.208183639e-14,1.099542059e-13,4.09790967e-14,7.307628616e-14,4.703728883e-13,1.553595018e-13,3.302382771e-13,4.269501668e-13,9.549513234e-13,1.437725269e-12,1.07415977e-12,5.068011079e-13,1.252349226e-13,4.496984977e-13,1.571852392e-13,4.811722028e-14,2.031038617e-13,8.266920512e-14,2.012702197e-13,4.274241218e-13,7.260457432e-13,2.056076395e-13,6.213441812e-13,2.039308327e-13,5.295322632e-13,1.560498511e-13
175.0546875,2.773187859e-13,3.365180922e-13,9.274306684e-13,3.878423414e-13,1.15848842e-13,1.092057307e-13,9.409109622e-14,1.11328809e-13,4.109172108e-14,7.264486563e-14,4.695720796e-13,1.55938323e-13,3.354996804e-13,4.324761051e-13,9.61218012e-13,1.45606694e-12,1.092316447e-12,5.109671459e-13,1.262514952e-13,4.520916211e-13,1.567439072e-13,4.812252592e-14,2.048418802e-13,8.394321712e-14,2.042188877e-13,4.289804436e-13,7.298672257e-13,2.056908299e-13,6.290032948e-13,2.034228185e-13,5.33540276e-13,1.570079494e-13
175.0625,2.794273572e-13,3.393442374e-13,9.352436911e-13,3.895876429e-13,1.177808814e-13,1.102798649e-13,9.612153113e-14,1.127127786e-13,4.116344715e-14,7.223557919e-14,4.686409127e-13,1.565008516e-13,3.406760995e-13,4.38025057e-13,9.673451783e-13,1.47468879e-12,1.110968225e-12,5.152549107e-13,1.272179424e-13,4.549330943e-13,1.562083058e-13,4.813430476e-14,2.065104457e-13,8.524734665e-14,2.071961832e-13,4.304995499e-13,7.337548348e-13,2.056747283e-13,6.367489946e-13,2.02738911e-13,5.374664467e-13,1.579451867e-13
175.0703125,2.813972619e-13,3.417883398e-13,9.428125344e-13,3.909699543e-13,1.197332124e-13,1.112491848e-13,9.816357551e-14,1.141460134e-13,4.121436171e-14,7.183374772e-14,4.675740405e-13,1.570062271e-13,3.457153856e-13,4.435658367e-13,9.733394952e-13,1.493382454e-12,1.12996443e-12,5.195890777e-13,1.281662971e-13,4.579082901e-13,1.555905126e-13,4.810819665e-14,2.081519981e-13,8.655031783e-14,2.101896394e-13,4.320472171e-13,7.376303315e-13,2.055020492e-13,6.444169202e-13,2.020284516e-13,5.411576248e-13,1.58898458e-13
175.078125,2.834522547e-13,3.441260593e-13,9.502831304e-13,3.925701786e-13,1.218740468e-13,1.122758593e-13,1.001912993e-13,1.156133306e-13,4.130707479e-14,7.141952362e-14,4.664925537e-13,1.575086975e-13,3.506575267e-13,4.490095088e-13,9.791559986e-13,1.511752826e-12,1.148651216e-12,5.237866507e-13,1.291459302e-13,4.607833777e-13,1.550051037e-13,4.807853222e-14,2.09754867e-13,8.78243111e-14,2.131250968e-13,4.336022175e-13,7.412975907e-13,2.053116638e-13,6.519037207e-13,2.014030364e-13,5.44829939e-13,1.599062427e-13
175.0859375,2.854742108e-13,3.46330992e-13,9.578304015e-13,3.940600794e-13,1.242386914e-13,1.134046432e-13,1.021772164e-13,1.170775758e-13,4.146685748e-14,7.100123136e-14,4.65403479e-13,1.580290907e-13,3.555418437e-13,4.542267594e-13,9.846226786e-13,1.529592031e-12,1.16675688e-12,5.277634127e-13,1.301134452e-13,4.637404129e-13,1.544438178e-13,4.809017172e-14,2.112989355e-13,8.912706015e-14,2.159517374e-13,4.350886513e-13,7.446178406e-13,2.050521038e-13,6.590999185e-13,2.007586757e-13,5.484966889e-13,1.609483203e-13
175.09375,2.874101838e-13,3.481392011e-13,9.652563175e-13,3.947815902e-13,1.266008926e-13,1.145124139e-13,1.041284845e-13,1.184968575e-13,4.164653552e-14,7.058110739e-14,4.641340418e-13,1.585163084e-13,3.603222852e-13,4.593042545e-13,9.895564413e-13,1.546843615e-12,1.184669083e-12,5.315311109e-13,1.310313449e-13,4.667333815e-13,1.538146493e-13,4.81093627e-14,2.127987387e-13,9.05123365e-14,2.186787457e-13,4.364236385e-13,7.476852711e-13,2.046286854e-13,6.659157169e-13,1.999951678e-13,5.51936974e-13,1.619832686e-13
175.1015625,2.893943325e-13,3.496698675e-13,9.723100628e-13,3.950595774e-13,1.288562125e-13,1.154993023e-13,1.060397588e-13,1.198640881e-13,4.181937732e-14,7.013302311e-14,4.626572296e-13,1.589514578e-13,3.64954044e-13,4.642890322e-13,9.941334546e-13,1.563819159e-12,1.202610704e-12,5.3515482e-13,1.31940382e-13,4.697585608e-13,1.530890934e-13,4.810565946e-14,2.142805415e-13,9.19326728e-14,2.213414901e-13,4.377169165e-13,7.50775807e-13,2.041085182e-13,6.725222677e-13,1.992150326e-13,5.552006503e-13,1.630455543e-13
175.109375,2.914286347e-13,3.510689933e-13,9.790634395e-13,3.953697771e-13,1.311720886e-13,1.163981614e-13,1.078719533e-13,1.212542362e-13,4.200061274e-14,6.964230982e-14,4.61131623e-13,1.593325681e-13,3.694091175e-13,4.690288277e-13,9.988002562e-13,1.581141667e-12,1.220532076e-12,5.387571425e-13,1.328325708e-13,4.732906712e-13,1.522812053e-13,4.809378583e-14,2.157148098e-13,9.334188789e-14,2.239490202e-13,4.392141864e-13,7.539759571e-13,2.034724449e-13,6.79128074e-13,1.98507673e-13,5.583831019e-13,1.641882677e-13
175.1171875,2.934306751e-13,3.523860181e-13,9.857144824e-13,3.956097544e-13,1.336308227e-13,1.173479746e-13,1.096636069e-13,1.226914111e-13,4.220581722e-14,6.916648241e-14,4.59576727e-13,1.596725792e-13,3.736976322e-13,4.736911301e-13,1.003636826e-12,1.598781724e-12,1.23850259e-12,5.423565114e-13,1.336725236e-13,4.773822961e-13,1.514214372e-13,4.810473814e-14,2.170556559e-13,9.476894657e-14,2.264908357e-13,4.40878798e-13,7.571745568e-13,2.027190235e-13,6.856541139e-13,1.978112907e-13,5.614025499e-13,1.653702155e-13
175.125,2.952807382e-13,3.536392116e-13,9.921529012e-13,3.955616046e-13,1.361614479e-13,1.183536316e-13,1.114645015e-13,1.240662251e-13,4.245063568e-14,6.878568611e-14,4.578743185e-13,1.600222174e-13,3.779381241e-13,4.784609228e-13,1.008166021e-12,1.615852773e-12,1.256146398e-12,5.457323117e-13,1.344912733e-13,4.813832914e-13,1.505677701e-13,4.816164928e-14,2.183319893e-13,9.622203522e-14,2.289508321e-13,4.424272906e-13,7.60342286e-13,2.020143567e-13,6.919700968e-13,1.971075195e-13,5.642994809e-13,1.665043898e-13
175.1328125,2.968716094e-13,3.54574923e-13,9.982269754e-13,3.951495091e-13,1.387631724e-13,1.192831386e-13,1.132085162e-13,1.253586162e-13,4.271662914e-14,6.847551594e-14,4.56071156e-13,1.6037652e-13,3.821273715e-13,4.829816899e-13,1.012074355e-12,1.631941584e-12,1.272971961e-12,5.487488382e-13,1.352957367e-13,4.850188967e-13,1.497533023e-13,4.823943537e-14,2.195946319e-13,9.766485788e-14,2.312971974e-13,4.437420603e-13,7.633299623e-13,2.013639125e-13,6.979977792e-13,1.964207801e-13,5.67122226e-13,1.675615365e-13
175.140625,2.984159108e-13,3.552302415e-13,1.004214484e-12,3.945146201e-13,1.414888894e-13,1.201828914e-13,1.148534041e-13,1.26701797e-13,4.297352545e-14,6.811948348e-14,4.543131911e-13,1.606889024e-13,3.860610462e-13,4.871209066e-13,1.015637358e-12,1.647600361e-12,1.289430067e-12,5.516262045e-13,1.360634271e-13,4.886644002e-13,1.489457582e-13,4.832089287e-14,2.208176525e-13,9.909776679e-14,2.335204153e-13,4.44935324e-13,7.659268678e-13,2.005887828e-13,7.035609525e-13,1.956678924e-13,5.697516133e-13,1.686033491e-13
175.1484375,3.002732307e-13,3.560567586e-13,1.010156886e-12,3.937603268e-13,1.443510407e-13,1.211404934e-13,1.164523376e-13,1.281208467e-13,4.326259004e-14,6.764871181e-14,4.525339857e-13,1.609701598e-13,3.897573172e-13,4.912364887e-13,1.019123313e-12,1.663264567e-12,1.306011596e-12,5.545749466e-13,1.368407029e-13,4.926710634e-13,1.480800634e-13,4.844855589e-14,2.219400701e-13,1.005622417e-13,2.356641583e-13,4.461701174e-13,7.683921273e-13,1.996404265e-13,7.086837771e-13,1.948093893e-13,5.72178261e-13,1.697223388e-13
175.15625,3.023946894e-13,3.568156526e-13,1.01554683e-12,3.926627763e-13,1.472914927e-13,1.220436719e-13,1.180198237e-13,1.295060717e-13,4.360148863e-14,6.708519627e-14,4.505815795e-13,1.612183564e-13,3.934080988e-13,4.952883882e-13,1.022413636e-12,1.678733869e-12,1.322371388e-12,5.574485273e-13,1.3764288e-13,4.970053438e-13,1.471371431e-13,4.86003137e-14,2.229511513e-13,1.020787775e-13,2.377433754e-13,4.474721204e-13,7.709916352e-13,1.985625508e-13,7.136003228e-13,1.939454128e-13,5.744309382e-13,1.709015147e-13
175.1640625,3.044054027e-13,3.569772533e-13,1.020369428e-12,3.913063286e-13,1.502123228e-13,1.228756294e-13,1.195177105e-13,1.308143459e-13,4.391239789e-14,6.65034808e-14,4.485019767e-13,1.613867423e-13,3.968972365e-13,4.989914505e-13,1.025327788e-12,1.693558642e-12,1.338152967e-12,5.59964747e-13,1.383854678e-13,5.012895815e-13,1.461782078e-13,4.870330774e-14,2.238791403e-13,1.035995143e-13,2.3967879e-13,4.486632539e-13,7.733286208e-13,1.973951712e-13,7.181754759e-13,1.931182309e-13,5.763684404e-13,1.720242768e-13
175.171875,3.061722376e-13,3.568882725e-13,1.024956505e-12,3.901223292e-13,1.531850259e-13,1.23749498e-13,1.209146246e-13,1.320742758e-13,4.418994509e-14,6.598362056e-14,4.463520301e-13,1.614846188e-13,4.000603168e-13,5.02448965e-13,1.027765228e-12,1.707421372e-12,1.35318594e-12,5.620710189e-13,1.390454631e-13,5.052864734e-13,1.452492121e-13,4.880533137e-14,2.24724726e-13,1.050427482e-13,2.414089028e-13,4.496357142e-13,7.750894904e-13,1.962325171e-13,7.221243014e-13,1.922895857e-13,5.779780865e-13,1.730543732e-13
175.1796875,3.079166695e-13,3.568213976e-13,1.029129571e-12,3.8879484e-13,1.563864957e-13,1.246310921e-13,1.222187989e-13,1.333115859e-13,4.45057566e-14,6.551263537e-14,4.440644878e-13,1.615716828e-13,4.030683821e-13,5.058428686e-13,1.029750496e-12,1.720515352e-12,1.367466012e-12,5.63997903e-13,1.396998477e-13,5.09196952e-13,1.443176834e-13,4.896598304e-14,2.254274112e-13,1.064214339e-13,2.429997127e-13,4.504855363e-13,7.765946209e-13,1.950853397e-13,7.256823283e-13,1.914562266e-13,5.79478596e-13,1.740294645e-13
175.1875,3.097466127e-13,3.563219022e-13,1.032978697e-12,3.86642685e-13,1.597281124e-13,1.254834742e-13,1.234937665e-13,1.345450727e-13,4.48484048e-14,6.501440974e-14,4.417136375e-13,1.61674065e-13,4.0600073e-13,5.091883085e-13,1.031472664e-12,1.733216409e-12,1.381451681e-12,5.659055575e-13,1.403682668e-13,5.131119122e-13,1.433677786e-13,4.912717892e-14,2.259343381e-13,1.078577399e-13,2.445271192e-13,4.512545917e-13,7.780887705e-13,1.938254832e-13,7.291726326e-13,1.906123283e-13,5.8097944e-13,1.7495561e-13
175.1953125,3.114812147e-13,3.554363839e-13,1.036923898e-12,3.839775243e-13,1.630441918e-13,1.263139441e-13,1.247413682e-13,1.357573148e-13,4.521277709e-14,6.451507493e-14,4.394364534e-13,1.617497099e-13,4.086455986e-13,5.12388575e-13,1.032937502e-12,1.745342461e-12,1.39512778e-12,5.676331397e-13,1.410010143e-13,5.169665993e-13,1.424469294e-13,4.928937075e-14,2.263066196e-13,1.094096118e-13,2.459465587e-13,4.519309447e-13,7.794502234e-13,1.924400604e-13,7.323508353e-13,1.897688768e-13,5.823566206e-13,1.758733044e-13
175.203125,3.131126718e-13,3.546804569e-13,1.040574795e-12,3.815037931e-13,1.664288347e-13,1.270381614e-13,1.258747252e-13,1.369047079e-13,4.564113162e-14,6.407669091e-14,4.371307343e-13,1.617421102e-13,4.109753943e-13,5.152552595e-13,1.03401089e-12,1.756669013e-12,1.407959673e-12,5.690676861e-13,1.416031422e-13,5.210332871e-13,1.415794313e-13,4.951313732e-14,2.266411354e-13,1.109832123e-13,2.471919905e-13,4.525820699e-13,7.805864295e-13,1.910674084e-13,7.348745302e-13,1.889793277e-13,5.83451325e-13,1.76819099e-13
175.2109375,3.148973151e-13,3.539650058e-13,1.043528176e-12,3.790899116e-13,1.699158708e-13,1.27716791e-13,1.268959396e-13,1.379751803e-13,4.606191708e-14,6.366191313e-14,4.346801083e-13,1.616794318e-13,4.131678769e-13,5.17863624e-13,1.034809339e-12,1.767385522e-12,1.420216069e-12,5.703636988e-13,1.422308471e-13,5.253607329e-13,1.407184129e-13,4.974862289e-14,2.269105243e-13,1.124637735e-13,2.482774785e-13,4.531516074e-13,7.815038962e-13,1.897562928e-13,7.368477525e-13,1.882068383e-13,5.842921469e-13,1.776964278e-13
175.21875,3.168316602e-13,3.530290954e-13,1.046174159e-12,3.763485061e-13,1.734458061e-13,1.284847357e-13,1.27864907e-13,1.389882702e-13,4.641490071e-14,6.325087294e-14,4.321692806e-13,1.616185585e-13,4.152078941e-13,5.204800725e-13,1.035375683e-12,1.777339973e-12,1.432207244e-12,5.715306966e-13,1.428967656e-13,5.295327131e-13,1.398040057e-13,4.996746822e-14,2.270487484e-13,1.138769114e-13,2.492270562e-13,4.535144419e-13,7.822184836e-13,1.884240144e-13,7.384906516e-13,1.873751851e-13,5.85017808e-13,1.784544533e-13
175.2265625,3.186371737e-13,3.519488184e-13,1.048540419e-12,3.73418778e-13,1.771801884e-13,1.292040916e-13,1.287548524e-13,1.399687172e-13,4.67972776e-14,6.287048386e-14,4.296507134e-13,1.615438718e-13,4.170190829e-13,5.230468602e-13,1.035595176e-12,1.78634499e-12,1.44341397e-12,5.723994962e-13,1.435646151e-13,5.336283385e-13,1.388612726e-13,5.023878074e-14,2.27084808e-13,1.153311386e-13,2.500376988e-13,4.537837278e-13,7.82744753e-13,1.870059254e-13,7.398300707e-13,1.865470701e-13,5.85610755e-13,1.792130893e-13
175.234375,3.201980004e-13,3.506121983e-13,1.050306901e-12,3.705108599e-13,1.810856051e-13,1.297897037e-13,1.295617837e-13,1.40921112e-13,4.722290186e-14,6.248501947e-14,4.270919792e-13,1.614351076e-13,4.186893999e-13,5.254281492e-13,1.035661664e-12,1.79476829e-12,1.453755141e-12,5.729615125e-13,1.441952013e-13,5.379177871e-13,1.379691136e-13,5.053479329e-14,2.270397387e-13,1.167977971e-13,2.507154893e-13,4.540442854e-13,7.830698459e-13,1.855357235e-13,7.408093086e-13,1.857894259e-13,5.859742551e-13,1.799943859e-13
175.2421875,3.215303002e-13,3.488247135e-13,1.051602762e-12,3.676115514e-13,1.848369543e-13,1.304049464e-13,1.303382257e-13,1.418341652e-13,4.759979383e-14,6.207949011e-14,4.244681091e-13,1.612729435e-13,4.201775074e-13,5.276357186e-13,1.035577369e-12,1.802413843e-12,1.463440802e-12,5.731736659e-13,1.447584493e-13,5.420146174e-13,1.370971701e-13,5.079225757e-14,2.268724237e-13,1.181657118e-13,2.5124049e-13,4.540844866e-13,7.831649189e-13,1.840775129e-13,7.412700656e-13,1.850179858e-13,5.860816849e-13,1.806696134e-13
175.25,3.225988656e-13,3.46765593e-13,1.052386132e-12,3.646529936e-13,1.88559266e-13,1.310186559e-13,1.310325578e-13,1.427213685e-13,4.798593229e-14,6.168467545e-14,4.216988963e-13,1.610131632e-13,4.213018256e-13,5.294941709e-13,1.034871437e-12,1.808695111e-12,1.472063672e-12,5.728763606e-13,1.452577229e-13,5.458634176e-13,1.36157871e-13,5.107545579e-14,2.265723913e-13,1.195041005e-13,2.515585731e-13,4.538329866e-13,7.829927926e-13,1.825900132e-13,7.411180295e-13,1.84173686e-13,5.858905998e-13,1.812369863e-13
175.2578125,3.23491492e-13,3.446577971e-13,1.052472521e-12,3.61410621e-13,1.925677112e-13,1.314882917e-13,1.3155733e-13,1.435804385e-13,4.845701402e-14,6.126208285e-14,4.187854952e-13,1.607072959e-13,4.221478793e-13,5.308954368e-13,1.033595312e-12,1.814138783e-12,1.479667496e-12,5.722056611e-13,1.457384478e-13,5.50076033e-13,1.352019757e-13,5.142110216e-14,2.261469938e-13,1.209354413e-13,2.516659744e-13,4.53496529e-13,7.826012436e-13,1.810000721e-13,7.406177785e-13,1.833238803e-13,5.854532964e-13,1.817839363e-13
175.265625,3.244944083e-13,3.425086843e-13,1.052100125e-12,3.577776644e-13,1.966409587e-13,1.318996119e-13,1.319452651e-13,1.44352598e-13,4.892673544e-14,6.079594563e-14,4.158863081e-13,1.604082452e-13,4.228411707e-13,5.320158647e-13,1.032143395e-12,1.819167982e-12,1.486708166e-12,5.714205293e-13,1.462221849e-13,5.545217404e-13,1.343043248e-13,5.176916718e-14,2.256088353e-13,1.223790618e-13,2.515983487e-13,4.530583724e-13,7.820333703e-13,1.793914614e-13,7.398190957e-13,1.825034588e-13,5.848633083e-13,1.822825313e-13
175.2734375,3.257135828e-13,3.402190655e-13,1.051228479e-12,3.541250475e-13,2.005751792e-13,1.322806744e-13,1.322432933e-13,1.45020171e-13,4.935344231e-14,6.035966468e-14,4.130094333e-13,1.60003482e-13,4.231724841e-13,5.328317579e-13,1.030213576e-12,1.822874292e-12,1.492770557e-12,5.704000287e-13,1.466765926e-13,5.585771889e-13,1.33407795e-13,5.211809507e-14,2.250085392e-13,1.23735946e-13,2.513414524e-13,4.523125138e-13,7.80977132e-13,1.778738847e-13,7.381627434e-13,1.816770688e-13,5.839175067e-13,1.826933387e-13
175.28125,3.268495545e-13,3.375591558e-13,1.049619307e-12,3.507194419e-13,2.045941968e-13,1.325285152e-13,1.324413028e-13,1.456344486e-13,4.979481814e-14,5.996566109e-14,4.100258161e-13,1.594637361e-13,4.230785547e-13,5.332702134e-13,1.027571108e-12,1.825020076e-12,1.497533584e-12,5.689610874e-13,1.470879108e-13,5.623778462e-13,1.32486598e-13,5.249916238e-14,2.24334573e-13,1.250438363e-13,2.50896742e-13,4.513570621e-13,7.791589156e-13,1.764002848e-13,7.355659001e-13,1.808519644e-13,5.82481479e-13,1.830590271e-13
175.2890625,3.277117957e-13,3.345122279e-13,1.047728475e-12,3.47338264e-13,2.087706299e-13,1.327534728e-13,1.326007639e-13,1.462108919e-13,5.023088363e-14,5.956658881e-14,4.070161401e-13,1.589600359e-13,4.228609101e-13,5.336198999e-13,1.024801627e-12,1.826666966e-12,1.501728334e-12,5.673078458e-13,1.475111044e-13,5.662298371e-13,1.316048166e-13,5.288270937e-14,2.234994571e-13,1.263024533e-13,2.503646396e-13,4.504536167e-13,7.770080409e-13,1.749406862e-13,7.327862221e-13,1.800702313e-13,5.808770799e-13,1.833801411e-13
175.296875,3.285813815e-13,3.314918833e-13,1.045920726e-12,3.438038149e-13,2.130032778e-13,1.331067273e-13,1.327824923e-13,1.467288911e-13,5.062064005e-14,5.916907142e-14,4.041382735e-13,1.585395116e-13,4.225605192e-13,5.339872654e-13,1.022157258e-12,1.82810115e-12,1.505847843e-12,5.656136286e-13,1.480030727e-13,5.700152045e-13,1.307689446e-13,5.325357865e-14,2.22503406e-13,1.275023708e-13,2.497718407e-13,4.495704111e-13,7.74987362e-13,1.735664479e-13,7.300579915e-13,1.793386266e-13,5.79251362e-13,1.836064841e-13
175.3046875,3.296310941e-13,3.285215932e-13,1.043594344e-12,3.40144665e-13,2.173428056e-13,1.334642938e-13,1.328484522e-13,1.471947149e-13,5.101299603e-14,5.879138112e-14,4.012618063e-13,1.580614864e-13,4.219136023e-13,5.340011873e-13,1.019036819e-12,1.828586877e-12,1.509436569e-12,5.636262911e-13,1.48510635e-13,5.737672116e-13,1.299395287e-13,5.365061992e-14,2.214193888e-13,1.287446737e-13,2.489596719e-13,4.48454963e-13,7.728072757e-13,1.722253299e-13,7.268132521e-13,1.786171336e-13,5.77316296e-13,1.837379577e-13
175.3125,3.30613297e-13,3.250926543e-13,1.040105133e-12,3.363599655e-13,2.217775319e-13,1.336790453e-13,1.326731268e-13,1.476280153e-13,5.144650253e-14,5.841439365e-14,3.981021364e-13,1.574332607e-13,4.209044219e-13,5.334494233e-13,1.015104489e-12,1.827803225e-12,1.511906172e-12,5.611505321e-13,1.489057419e-13,5.775983002e-13,1.290850933e-13,5.408670922e-14,2.202464197e-13,1.300442563e-13,2.478550475e-13,4.470066512e-13,7.700473298e-13,1.707343573e-13,7.228295875e-13,1.778275739e-13,5.749592341e-13,1.838118233e-13
175.3203125,3.313731822e-13,3.21367703e-13,1.035710729e-12,3.32497973e-13,2.261660582e-13,1.338034005e-13,1.324115812e-13,1.480303841e-13,5.187817891e-14,5.80285764e-14,3.94680561e-13,1.566795292e-13,4.196918647e-13,5.325197423e-13,1.010753854e-12,1.826047512e-12,1.513192685e-12,5.583798017e-13,1.491730954e-13,5.813882326e-13,1.281951154e-13,5.451639723e-14,2.18933098e-13,1.312538275e-13,2.466068777e-13,4.453855271e-13,7.667649673e-13,1.690894055e-13,7.183977182e-13,1.769450129e-13,5.723230452e-13,1.838486717e-13
175.328125,3.319834462e-13,3.180142606e-13,1.031109636e-12,3.286563014e-13,2.304524423e-13,1.338769466e-13,1.321955472e-13,1.483518111e-13,5.226648319e-14,5.766178358e-14,3.913628175e-13,1.558955978e-13,4.182873148e-13,5.313832654e-13,1.006275175e-12,1.823448791e-12,1.513552505e-12,5.553978233e-13,1.494347675e-13,5.84996817e-13,1.273435864e-13,5.491822557e-14,2.174857289e-13,1.323164717e-13,2.452865845e-13,4.437353911e-13,7.632153301e-13,1.675523476e-13,7.136562837e-13,1.760769788e-13,5.695054827e-13,1.838261964e-13
175.3359375,3.325390211e-13,3.148579875e-13,1.026392659e-12,3.249149974e-13,2.347409839e-13,1.338659856e-13,1.318880355e-13,1.485250902e-13,5.263480931e-14,5.733653196e-14,3.882700578e-13,1.551337557e-13,4.166715461e-13,5.300399698e-13,1.00140051e-12,1.819603332e-12,1.512929152e-12,5.520333264e-13,1.49767204e-13,5.882224005e-13,1.265761351e-13,5.535455034e-14,2.159686876e-13,1.333256567e-13,2.437957903e-13,4.419278338e-13,7.595138648e-13,1.662851063e-13,7.084351004e-13,1.752992101e-13,5.665615744e-13,1.836834877e-13
175.34375,3.331633892e-13,3.113377958e-13,1.021055851e-12,3.213231814e-13,2.391945746e-13,1.338257332e-13,1.31397162e-13,1.485959428e-13,5.301572539e-14,5.702100597e-14,3.850858323e-13,1.543261561e-13,4.148955281e-13,5.284595052e-13,9.959319604e-13,1.814287227e-12,1.511091204e-12,5.483050297e-13,1.501361712e-13,5.91013493e-13,1.258000387e-13,5.586444877e-14,2.14380266e-13,1.343387006e-13,2.421074075e-13,4.398110105e-13,7.555666825e-13,1.65088829e-13,7.025990769e-13,1.745241307e-13,5.634510436e-13,1.834047042e-13
175.3515625,3.337962588e-13,3.075671996e-13,1.015029628e-12,3.177211002e-13,2.437264341e-13,1.337785598e-13,1.307850042e-13,1.486780883e-13,5.339678213e-14,5.669043197e-14,3.817363876e-13,1.534342555e-13,4.129471443e-13,5.265628665e-13,9.900305034e-13,1.807920324e-12,1.508176992e-12,5.442862329e-13,1.50475033e-13,5.936775369e-13,1.249909915e-13,5.638761155e-14,2.126194434e-13,1.353326388e-13,2.402500751e-13,4.374816891e-13,7.512603441e-13,1.637430371e-13,6.96334865e-13,1.736766475e-13,5.600736491e-13,1.830464599e-13
175.359375,3.342586155e-13,3.038119957e-13,1.008622403e-12,3.139462684e-13,2.481282462e-13,1.336316682e-13,1.300603349e-13,1.487575439e-13,5.376515344e-14,5.637632207e-14,3.784903233e-13,1.525056561e-13,4.107493689e-13,5.242770293e-13,9.836595255e-13,1.800600561e-12,1.504341598e-12,5.398766185e-13,1.507567647e-13,5.961864123e-13,1.242284309e-13,5.689047958e-14,2.106810781e-13,1.362676404e-13,2.382016125e-13,4.350041414e-13,7.465896626e-13,1.623364316e-13,6.89788129e-13,1.727915751e-13,5.564352814e-13,1.826251283e-13
175.3671875,3.346860789e-13,3.001083856e-13,1.001692063e-12,3.102618994e-13,2.525599175e-13,1.334334759e-13,1.292499223e-13,1.487314979e-13,5.412243428e-14,5.606080459e-14,3.752409554e-13,1.515326731e-13,4.083185334e-13,5.2173058e-13,9.767245608e-13,1.792008454e-12,1.499573484e-12,5.351368223e-13,1.510332432e-13,5.98349338e-13,1.234777277e-13,5.740497541e-14,2.086904319e-13,1.370990972e-13,2.360030162e-13,4.32288427e-13,7.415195477e-13,1.610173309e-13,6.827027842e-13,1.718963778e-13,5.525246137e-13,1.821013427e-13
175.375,3.351786555e-13,2.965647955e-13,9.940280016e-13,3.069544652e-13,2.571513224e-13,1.33264752e-13,1.284079354e-13,1.485681681e-13,5.44524339e-14,5.568735966e-14,3.717022974e-13,1.504919155e-13,4.057487326e-13,5.190152232e-13,9.695021055e-13,1.78241262e-12,1.493990482e-12,5.301356445e-13,1.513498118e-13,6.005884117e-13,1.226997397e-13,5.79238231e-14,2.066718787e-13,1.378399986e-13,2.336973291e-13,4.29400212e-13,7.361498898e-13,1.597823131e-13,6.750177877e-13,1.710018907e-13,5.483168611e-13,1.814917361e-13
175.3828125,3.354959592e-13,2.929737442e-13,9.858755935e-13,3.037433305e-13,2.616216298e-13,1.329687846e-13,1.274601343e-13,1.482878e-13,5.477095852e-14,5.531245261e-14,3.680804819e-13,1.494391619e-13,4.030478866e-13,5.159711508e-13,9.620247977e-13,1.772020099e-12,1.487491053e-12,5.246842923e-13,1.516628566e-13,6.029432452e-13,1.219949882e-13,5.843993366e-14,2.045700454e-13,1.38598998e-13,2.312165794e-13,4.264534303e-13,7.307259928e-13,1.586097344e-13,6.670865521e-13,1.70133193e-13,5.439712713e-13,1.808427672e-13
175.390625,3.356762803e-13,2.889206201e-13,9.775126667e-13,3.00234968e-13,2.660074211e-13,1.325328436e-13,1.264042182e-13,1.479302235e-13,5.512393581e-14,5.502345386e-14,3.646514696e-13,1.484221611e-13,4.002049596e-13,5.126858396e-13,9.54071654e-13,1.760533271e-12,1.480029725e-12,5.188927644e-13,1.519619575e-13,6.04756718e-13,1.213996321e-13,5.89894757e-14,2.024066909e-13,1.394163815e-13,2.285901947e-13,4.233563143e-13,7.251165481e-13,1.574800797e-13,6.589563858e-13,1.692778296e-13,5.396197653e-13,1.80135939e-13
175.3984375,3.359845477e-13,2.846635283e-13,9.690049513e-13,2.966325439e-13,2.706647936e-13,1.322180296e-13,1.253827244e-13,1.475526133e-13,5.548627109e-14,5.47853823e-14,3.61285021e-13,1.474299558e-13,3.972876401e-13,5.094791437e-13,9.45960842e-13,1.748348227e-12,1.472205643e-12,5.13140978e-13,1.522941709e-13,6.062954057e-13,1.208407077e-13,5.955541004e-14,2.001727721e-13,1.401712939e-13,2.259490509e-13,4.200893497e-13,7.190972737e-13,1.563529434e-13,6.504866027e-13,1.683968594e-13,5.351572199e-13,1.793492372e-13
175.40625,3.363125686e-13,2.806525173e-13,9.601242222e-13,2.933456022e-13,2.754595323e-13,1.319782768e-13,1.243499573e-13,1.471305496e-13,5.581239562e-14,5.453948702e-14,3.578351103e-13,1.464074314e-13,3.94236276e-13,5.061192522e-13,9.378446917e-13,1.735875939e-12,1.464065299e-12,5.073286692e-13,1.526214556e-13,6.081665524e-13,1.202937263e-13,6.010521454e-14,1.978306842e-13,1.407919894e-13,2.232477654e-13,4.167772178e-13,7.128928758e-13,1.552285334e-13,6.418557298e-13,1.674502384e-13,5.304450455e-13,1.785191637e-13
175.4140625,3.364989241e-13,2.766764115e-13,9.503844347e-13,2.902468287e-13,2.801083761e-13,1.315441375e-13,1.231677641e-13,1.465874709e-13,5.61412302e-14,5.429156843e-14,3.543099585e-13,1.452656105e-13,3.908794439e-13,5.02146991e-13,9.291016423e-13,1.72233982e-12,1.454726379e-12,5.011328105e-13,1.528922151e-13,6.097654209e-13,1.197506914e-13,6.068743506e-14,1.954565473e-13,1.413771295e-13,2.203810047e-13,4.133293947e-13,7.065031851e-13,1.541074635e-13,6.330839203e-13,1.664223991e-13,5.254517363e-13,1.776451668e-13
175.421875,3.366323664e-13,2.725165918e-13,9.398258511e-13,2.871127811e-13,2.846689076e-13,1.309857392e-13,1.219088145e-13,1.459442872e-13,5.649912004e-14,5.404931281e-14,3.50714429e-13,1.440040547e-13,3.872859146e-13,4.977624456e-13,9.196156366e-13,1.707396297e-12,1.444222009e-12,4.945892293e-13,1.531526473e-13,6.10661244e-13,1.192146127e-13,6.132481513e-14,1.930724226e-13,1.420056425e-13,2.173923373e-13,4.095463506e-13,6.995337362e-13,1.530324025e-13,6.239224291e-13,1.653809339e-13,5.202615399e-13,1.766386954e-13
175.4296875,3.367975963e-13,2.684107052e-13,9.290832803e-13,2.842353932e-13,2.891616593e-13,1.304793415e-13,1.206241452e-13,1.452468411e-13,5.682547032e-14,5.381737693e-14,3.47127106e-13,1.427615763e-13,3.836850688e-13,4.933623769e-13,9.099685844e-13,1.691727623e-12,1.433318859e-12,4.87870158e-13,1.534528125e-13,6.11354601e-13,1.187725021e-13,6.195090804e-14,1.905585833e-13,1.426185225e-13,2.143018042e-13,4.054706858e-13,6.921055386e-13,1.521336072e-13,6.144300148e-13,1.64376997e-13,5.150363262e-13,1.754515502e-13
175.4375,3.370553898e-13,2.644262816e-13,9.182219488e-13,2.817160125e-13,2.936161021e-13,1.299472084e-13,1.192130396e-13,1.444663565e-13,5.709700169e-14,5.360819925e-14,3.436035931e-13,1.415996698e-13,3.800576274e-13,4.888392285e-13,9.001508573e-13,1.675331869e-12,1.421757431e-12,4.810430844e-13,1.537980836e-13,6.117789263e-13,1.18463628e-13,6.254246606e-14,1.879130984e-13,1.431554993e-13,2.110659941e-13,4.012537597e-13,6.845872953e-13,1.51387945e-13,6.047196736e-13,1.633434348e-13,5.097678781e-13,1.741740097e-13
175.4453125,3.373098932e-13,2.603426122e-13,9.067288622e-13,2.791205448e-13,2.981818947e-13,1.292853441e-13,1.177116227e-13,1.43623495e-13,5.737838106e-14,5.341050255e-14,3.40042571e-13,1.403893682e-13,3.761706742e-13,4.839552249e-13,8.898511006e-13,1.657926801e-12,1.409096425e-12,4.740333619e-13,1.541356524e-13,6.116556841e-13,1.181932055e-13,6.315138637e-14,1.852411521e-13,1.436646374e-13,2.077377467e-13,3.969100776e-13,6.768578981e-13,1.505862783e-13,5.946445347e-13,1.622366121e-13,5.042528306e-13,1.729094536e-13
175.453125,3.373032636e-13,2.560947254e-13,8.946802424e-13,2.763888919e-13,3.027530929e-13,1.285648382e-13,1.162668489e-13,1.427922341e-13,5.769941704e-14,5.322160796e-14,3.36424653e-13,1.390544221e-13,3.719942489e-13,4.788115398e-13,8.793153929e-13,1.640026815e-12,1.395868067e-12,4.667188536e-13,1.543732296e-13,6.113846022e-13,1.178913252e-13,6.379645054e-14,1.825115147e-13,1.441806934e-13,2.043824561e-13,3.923727779e-13,6.687798262e-13,1.496884713e-13,5.843224353e-13,1.610903256e-13,4.984850861e-13,1.716205353e-13
175.4609375,3.371166414e-13,2.518444236e-13,8.825983264e-13,2.738358124e-13,3.071969891e-13,1.279191192e-13,1.148788806e-13,1.419459418e-13,5.799817182e-14,5.305206026e-14,3.328584483e-13,1.377070897e-13,3.678012035e-13,4.736618348e-13,8.687530188e-13,1.621749412e-12,1.382308966e-12,4.592394988e-13,1.545538548e-13,6.110339923e-13,1.175953045e-13,6.444372832e-14,1.796462542e-13,1.44588182e-13,2.00981587e-13,3.876470058e-13,6.604547535e-13,1.488427961e-13,5.74099016e-13,1.599073981e-13,4.926759825e-13,1.702255063e-13
175.46875,3.369046598e-13,2.477358396e-13,8.70424677e-13,2.714298454e-13,3.11611456e-13,1.272882794e-13,1.134331283e-13,1.410136292e-13,5.822006235e-14,5.287809371e-14,3.293457695e-13,1.364020291e-13,3.637183002e-13,4.684317166e-13,8.579309688e-13,1.602517727e-12,1.367820325e-12,4.517168683e-13,1.547780977e-13,6.10373351e-13,1.173662682e-13,6.506185404e-14,1.766935697e-13,1.447966491e-13,1.975038003e-13,3.828510512e-13,6.518614484e-13,1.480755556e-13,5.639062512e-13,1.586958728e-13,4.86812681e-13,1.687543697e-13
175.4765625,3.364294728e-13,2.436467506e-13,8.577505919e-13,2.691392854e-13,3.159212217e-13,1.264432006e-13,1.118568158e-13,1.400115806e-13,5.840559472e-14,5.270822953e-14,3.258374727e-13,1.350342081e-13,3.595294851e-13,4.627683252e-13,8.467511081e-13,1.582384937e-12,1.352237772e-12,4.438911836e-13,1.5496741e-13,6.096418679e-13,1.172171114e-13,6.565318104e-14,1.737294313e-13,1.449518488e-13,1.939328771e-13,3.780507507e-13,6.430518021e-13,1.473049725e-13,5.534670356e-13,1.574836197e-13,4.807170573e-13,1.672683281e-13
175.484375,3.357845194e-13,2.393756083e-13,8.446184725e-13,2.671777214e-13,3.200481194e-13,1.254366616e-13,1.101950099e-13,1.389831195e-13,5.863529118e-14,5.261062343e-14,3.223721231e-13,1.335743319e-13,3.551719717e-13,4.567122446e-13,8.353576041e-13,1.561770976e-12,1.336010022e-12,4.357219962e-13,1.550860462e-13,6.088157096e-13,1.170879573e-13,6.626369645e-14,1.707521583e-13,1.452041967e-13,1.902966048e-13,3.731252423e-13,6.341947771e-13,1.46553564e-13,5.428299469e-13,1.56231347e-13,4.744767351e-13,1.657541671e-13
175.4921875,3.354901679e-13,2.351377778e-13,8.3124743e-13,2.654562242e-13,3.24218218e-13,1.245143698e-13,1.085530365e-13,1.379130938e-13,5.891420595e-14,5.257695183e-14,3.189572451e-13,1.320998209e-13,3.508304093e-13,4.506109242e-13,8.237175882e-13,1.540521757e-12,1.319248164e-12,4.275521023e-13,1.552792711e-13,6.075929931e-13,1.169215261e-13,6.692412401e-14,1.677391054e-13,1.454533649e-13,1.866453721e-13,3.679705852e-13,6.251676767e-13,1.459136727e-13,5.321504812e-13,1.549035518e-13,4.682197176e-13,1.641900982e-13
175.5,3.354248836e-13,2.312760596e-13,8.175960946e-13,2.637180513e-13,3.284029542e-13,1.235759313e-13,1.069189441e-13,1.367646861e-13,5.917486704e-14,5.252594122e-14,3.15506492e-13,1.306182219e-13,3.464277551e-13,4.444208936e-13,8.117079016e-13,1.518444488e-12,1.30174468e-12,4.193639234e-13,1.555303831e-13,6.061427087e-13,1.167748685e-13,6.758866913e-14,1.647075228e-13,1.455715241e-13,1.829353703e-13,3.626626216e-13,6.157780145e-13,1.453811513e-13,5.213810928e-13,1.535310683e-13,4.617658417e-13,1.625737371e-13
175.5078125,3.350627568e-13,2.275971002e-13,8.037386724e-13,2.620142929e-13,3.323278921e-13,1.224804753e-13,1.052020472e-13,1.35557024e-13,5.939546872e-14,5.245103215e-14,3.120190087e-13,1.291128273e-13,3.418039392e-13,4.380325522e-13,7.99489145e-13,1.495834016e-12,1.283585992e-12,4.108909429e-13,1.557068382e-13,6.045558716e-13,1.167298963e-13,6.823179318e-14,1.616699934e-13,1.456091149e-13,1.791176672e-13,3.57286816e-13,6.06147522e-13,1.448619414e-13,5.104616225e-13,1.521358417e-13,4.551013335e-13,1.608945795e-13
175.515625,3.344469218e-13,2.23710912e-13,7.899144355e-13,2.604756909e-13,3.361508424e-13,1.214467303e-13,1.034503054e-13,1.343395423e-13,5.961762561e-14,5.238424769e-14,3.086388711e-13,1.276213581e-13,3.371565345e-13,4.316901228e-13,7.872701914e-13,1.472898554e-12,1.265009466e-12,4.022391457e-13,1.558783701e-13,6.026472023e-13,1.167412161e-13,6.890872008e-14,1.585814225e-13,1.45624947e-13,1.752811899e-13,3.518492754e-13,5.964510744e-13,1.443102715e-13,4.994761936e-13,1.507375466e-13,4.485642482e-13,1.591688698e-13
175.5234375,3.338552343e-13,2.196438345e-13,7.760967349e-13,2.59092526e-13,3.401101106e-13,1.205611938e-13,1.017714705e-13,1.330725133e-13,5.983858774e-14,5.231656314e-14,3.053704209e-13,1.261615486e-13,3.326573994e-13,4.254328991e-13,7.749042956e-13,1.449444794e-12,1.246028333e-12,3.936602236e-13,1.561252046e-13,6.004015337e-13,1.167411053e-13,6.961125313e-14,1.554224422e-13,1.455831599e-13,1.715056312e-13,3.463444815e-13,5.866994945e-13,1.437636822e-13,4.88502443e-13,1.493477726e-13,4.421821681e-13,1.57408635e-13
175.53125,3.333342542e-13,2.156347651e-13,7.621032103e-13,2.578647154e-13,3.440234281e-13,1.196261993e-13,1.001271064e-13,1.316887794e-13,6.002921461e-14,5.227295106e-14,3.019972741e-13,1.247254532e-13,3.282002232e-13,4.190693298e-13,7.622365348e-13,1.42536929e-12,1.226605543e-12,3.851637073e-13,1.56387386e-13,5.97647153e-13,1.16775065e-13,7.02733858e-14,1.522712164e-13,1.454772136e-13,1.677530144e-13,3.407261395e-13,5.768770051e-13,1.43283292e-13,4.77477739e-13,1.479020508e-13,4.357269902e-13,1.555865239e-13
175.5390625,3.329333328e-13,2.117927855e-13,7.478333427e-13,2.568379693e-13,3.478087532e-13,1.185797225e-13,9.842174223e-14,1.302587568e-13,6.023537495e-14,5.229312806e-14,2.984907624e-13,1.233016497e-13,3.237578267e-13,4.126516998e-13,7.493782541e-13,1.400855518e-12,1.206787079e-12,3.766171515e-13,1.566632495e-13,5.943380294e-13,1.168834278e-13,7.094445057e-14,1.491883025e-13,1.45357866e-13,1.639792835e-13,3.34971636e-13,5.669743874e-13,1.429132535e-13,4.663433243e-13,1.463656393e-13,4.292948045e-13,1.537293328e-13
175.546875,3.325575077e-13,2.080978488e-13,7.3330645e-13,2.560325529e-13,3.51562449e-13,1.174471132e-13,9.666055839e-14,1.288582399e-13,6.048203392e-14,5.233774975e-14,2.950793787e-13,1.2186031e-13,3.193688483e-13,4.061477707e-13,7.363233065e-13,1.376000279e-12,1.18657205e-12,3.679256756e-13,1.569529247e-13,5.90997083e-13,1.170292891e-13,7.167206033e-14,1.461437273e-13,1.452256303e-13,1.601750756e-13,3.291957268e-13,5.569757309e-13,1.426320927e-13,4.552262635e-13,1.448260838e-13,4.229260362e-13,1.518987461e-13
175.5546875,3.318797874e-13,2.044562703e-13,7.188294515e-13,2.553846099e-13,3.551007671e-13,1.162316683e-13,9.491274182e-14,1.274368283e-13,6.069030236e-14,5.238349491e-14,2.918371926e-13,1.204001912e-13,3.149370842e-13,3.993272507e-13,7.230722388e-13,1.350846384e-12,1.166039495e-12,3.591275176e-13,1.571807057e-13,5.878090095e-13,1.17210186e-13,7.236016962e-14,1.431087511e-13,1.450417746e-13,1.563635181e-13,3.234783415e-13,5.469144271e-13,1.423592118e-13,4.442345072e-13,1.433423793e-13,4.163472811e-13,1.500720346e-13
175.5625,3.309424574e-13,2.008156838e-13,7.046312063e-13,2.547896577e-13,3.584161308e-13,1.150451768e-13,9.321589768e-14,1.260131758e-13,6.084750344e-14,5.248504719e-14,2.887011992e-13,1.189370489e-13,3.104202927e-13,3.923191564e-13,7.09956234e-13,1.325658642e-12,1.145390963e-12,3.503766937e-13,1.573930185e-13,5.844793557e-13,1.174445951e-13,7.299321213e-14,1.400780706e-13,1.448355124e-13,1.526110364e-13,3.177314426e-13,5.368026173e-13,1.420631802e-13,4.332569765e-13,1.418604803e-13,4.096042657e-13,1.48215222e-13
175.5703125,3.302006157e-13,1.972313121e-13,6.904167391e-13,2.543056013e-13,3.618558485e-13,1.139362532e-13,9.153499238e-14,1.246524157e-13,6.101910303e-14,5.262645922e-14,2.856928925e-13,1.174476617e-13,3.059061927e-13,3.854305057e-13,6.97075322e-13,1.300563483e-12,1.124672481e-12,3.418049896e-13,1.577087756e-13,5.809163828e-13,1.177028403e-13,7.367407624e-14,1.370197068e-13,1.446116929e-13,1.489328981e-13,3.118845029e-13,5.266029813e-13,1.417860365e-13,4.222422425e-13,1.403362791e-13,4.029946971e-13,1.463429876e-13
175.578125,3.297292811e-13,1.937614203e-13,6.760085092e-13,2.540881399e-13,3.652046922e-13,1.127966453e-13,8.981266332e-14,1.232409145e-13,6.114786926e-14,5.271925733e-14,2.827497758e-13,1.159241719e-13,3.014314326e-13,3.785530394e-13,6.841083794e-13,1.275323975e-12,1.10377602e-12,3.333908095e-13,1.580871054e-13,5.768519558e-13,1.179908767e-13,7.435547775e-14,1.339125519e-13,1.442399744e-13,1.452755917e-13,3.059606086e-13,5.164135858e-13,1.415582564e-13,4.112953444e-13,1.387837937e-13,3.964925923e-13,1.444220115e-13
175.5859375,3.290864996e-13,1.9042075e-13,6.616398457e-13,2.540363346e-13,3.679373306e-13,1.115683249e-13,8.806914879e-14,1.217040569e-13,6.117576286e-14,5.277825271e-14,2.797201377e-13,1.143943547e-13,2.969475925e-13,3.713977082e-13,6.709991848e-13,1.249892979e-12,1.082614062e-12,3.249792385e-13,1.584026774e-13,5.721447786e-13,1.183421295e-13,7.494426595e-14,1.307925447e-13,1.437239587e-13,1.416314317e-13,2.999775306e-13,5.063970525e-13,1.413645935e-13,4.004180761e-13,1.37192773e-13,3.89992396e-13,1.424412833e-13
175.59375,3.28089535e-13,1.871845356e-13,6.472534447e-13,2.539458382e-13,3.703557149e-13,1.102541598e-13,8.636857306e-14,1.2020333e-13,6.122697835e-14,5.286157792e-14,2.766081872e-13,1.128780048e-13,2.924391814e-13,3.640179714e-13,6.579394239e-13,1.2245443e-12,1.061156956e-12,3.165587105e-13,1.586390728e-13,5.675008214e-13,1.187191401e-13,7.553748266e-14,1.277223634e-13,1.433199756e-13,1.380327313e-13,2.939886657e-13,4.964517025e-13,1.411770653e-13,3.896303317e-13,1.355340928e-13,3.835691346e-13,1.405106205e-13
175.6015625,3.270946672e-13,1.840289393e-13,6.32780915e-13,2.540077227e-13,3.729694554e-13,1.089040464e-13,8.470235332e-14,1.188067187e-13,6.135642587e-14,5.291129535e-14,2.735427572e-13,1.114077163e-13,2.880049772e-13,3.567237217e-13,6.449335841e-13,1.199356372e-12,1.039580197e-12,3.083611464e-13,1.588942983e-13,5.632873693e-13,1.19114422e-13,7.621762815e-14,1.247263666e-13,1.430801498e-13,1.344858996e-13,2.88083477e-13,4.864070637e-13,1.410069244e-13,3.791030933e-13,1.33848941e-13,3.772644732e-13,1.386856553e-13
175.609375,3.263742562e-13,1.809907193e-13,6.18689208e-13,2.544997537e-13,3.755679492e-13,1.076582158e-13,8.304531195e-14,1.173866388e-13,6.143603571e-14,5.290291724e-14,2.706369422e-13,1.100021e-13,2.837359183e-13,3.496526123e-13,6.320068185e-13,1.174224585e-12,1.01818236e-12,3.004768234e-13,1.592451775e-13,5.590271466e-13,1.196030966e-13,7.690497023e-14,1.217637407e-13,1.42744345e-13,1.31001026e-13,2.822483702e-13,4.763926417e-13,1.408887755e-13,3.688485456e-13,1.32194381e-13,3.710816111e-13,1.368900625e-13
175.6171875,3.257628139e-13,1.780194139e-13,6.050321533e-13,2.551811909e-13,3.779504085e-13,1.065314311e-13,8.146323362e-14,1.159172506e-13,6.144873328e-14,5.296898376e-14,2.678603715e-13,1.086059272e-13,2.795365423e-13,3.426412979e-13,6.192144593e-13,1.149127691e-12,9.969200606e-13,2.926924829e-13,1.596408111e-13,5.546054505e-13,1.201667211e-13,7.756321672e-14,1.188057266e-13,1.422465307e-13,1.276005286e-13,2.76386945e-13,4.664852826e-13,1.407879855e-13,3.586977122e-13,1.305139152e-13,3.649579751e-13,1.350877387e-13
175.625,3.250697253e-13,1.749809482e-13,5.911747127e-13,2.557391112e-13,3.80264822e-13,1.053653522e-13,7.999273464e-14,1.144532457e-13,6.149315987e-14,5.315978196e-14,2.650219596e-13,1.071687845e-13,2.75310022e-13,3.355264935e-13,6.063439539e-13,1.123931522e-12,9.75423877e-13,2.848530433e-13,1.600031771e-13,5.499834441e-13,1.207127337e-13,7.824058204e-14,1.158879734e-13,1.417382587e-13,1.242835024e-13,2.704602737e-13,4.564936781e-13,1.406704368e-13,3.485962689e-13,1.287381334e-13,3.587872313e-13,1.332994215e-13
175.6328125,3.243607778e-13,1.719701711e-13,5.770766791e-13,2.563141468e-13,3.824048699e-13,1.041122392e-13,7.853430568e-14,1.129772349e-13,6.154888562e-14,5.335821921e-14,2.62113712e-13,1.057172668e-13,2.711828066e-13,3.2837645e-13,5.932746136e-13,1.098509063e-12,9.535744924e-13,2.770509405e-13,1.603620144e-13,5.447467686e-13,1.212713368e-13,7.892650462e-14,1.130254813e-13,1.41205454e-13,1.210377876e-13,2.645309023e-13,4.464556551e-13,1.40635027e-13,3.386121887e-13,1.269506198e-13,3.527234489e-13,1.315122843e-13
175.640625,3.237104686e-13,1.691460193e-13,5.632758166e-13,2.570597743e-13,3.842023642e-13,1.028514411e-13,7.703751212e-14,1.115202852e-13,6.156093177e-14,5.352752959e-14,2.59338763e-13,1.042829016e-13,2.672425725e-13,3.213175795e-13,5.803287514e-13,1.07321757e-12,9.317310002e-13,2.694395904e-13,1.607603522e-13,5.392035222e-13,1.219124519e-13,7.957859465e-14,1.101890182e-13,1.405854202e-13,1.178691734e-13,2.587002887e-13,4.365746783e-13,1.407464025e-13,3.288053788e-13,1.252498701e-13,3.469285319e-13,1.297383992e-13
175.6484375,3.230539574e-13,1.663994594e-13,5.498132393e-13,2.580050686e-13,3.857410813e-13,1.016159024e-13,7.559763411e-14,1.101539523e-13,6.15535351e-14,5.371654333e-14,2.56675596e-13,1.028554901e-13,2.633545251e-13,3.143321824e-13,5.677735072e-13,1.048496587e-12,9.102863908e-13,2.620605302e-13,1.611654103e-13,5.339925507e-13,1.225940972e-13,8.020527948e-14,1.073819727e-13,1.399589684e-13,1.147890379e-13,2.529718213e-13,4.267308824e-13,1.408916404e-13,3.191577796e-13,1.235678886e-13,3.411883564e-13,1.280289108e-13
175.65625,3.223141885e-13,1.636665878e-13,5.365202103e-13,2.592888295e-13,3.870821485e-13,1.004085645e-13,7.423982088e-14,1.088234486e-13,6.153693227e-14,5.388786584e-14,2.540224035e-13,1.014416644e-13,2.594677231e-13,3.073600168e-13,5.554274099e-13,1.024174392e-12,8.891583881e-13,2.548712097e-13,1.61552104e-13,5.28856874e-13,1.2328314e-13,8.084061336e-14,1.046189174e-13,1.393656362e-13,1.117792116e-13,2.472451906e-13,4.168249667e-13,1.409828525e-13,3.096425002e-13,1.218120981e-13,3.353892146e-13,1.263834782e-13
175.6640625,3.214638966e-13,1.610505582e-13,5.235302686e-13,2.607508e-13,3.882777551e-13,9.92067797e-14,7.288451744e-14,1.07436174e-13,6.150225358e-14,5.401973905e-14,2.515270901e-13,1.000723609e-13,2.556860118e-13,3.004300084e-13,5.431087466e-13,9.99977782e-13,8.680739528e-13,2.478749546e-13,1.619268746e-13,5.234497646e-13,1.24025632e-13,8.148924207e-14,1.01895978e-13,1.387699839e-13,1.088245092e-13,2.415166192e-13,4.070891164e-13,1.410472712e-13,3.00380001e-13,1.20038313e-13,3.297434041e-13,1.247579859e-13
175.671875,3.20587786e-13,1.584917376e-13,5.108418805e-13,2.620143643e-13,3.893870906e-13,9.796609514e-14,7.155791967e-14,1.060273718e-13,6.145190845e-14,5.41758191e-14,2.492513864e-13,9.872903753e-14,2.519851832e-13,2.936074765e-13,5.310164901e-13,9.761842673e-13,8.472026208e-13,2.411196616e-13,1.623035039e-13,5.179851733e-13,1.248379719e-13,8.212124214e-14,9.923076798e-14,1.381753979e-13,1.059762891e-13,2.358941801e-13,3.976287516e-13,1.411155359e-13,2.91472366e-13,1.183390387e-13,3.243374422e-13,1.231366958e-13
175.6796875,3.198772057e-13,1.55981068e-13,4.983084947e-13,2.632466501e-13,3.903363419e-13,9.673433998e-14,7.033222214e-14,1.046933611e-13,6.138181991e-14,5.43641396e-14,2.470425653e-13,9.73793e-14,2.483144855e-13,2.869414867e-13,5.193289204e-13,9.530325481e-13,8.267711969e-13,2.345987336e-13,1.627375536e-13,5.125337479e-13,1.257253365e-13,8.273557579e-14,9.661510425e-14,1.37571735e-13,1.032734922e-13,2.304059108e-13,3.883224642e-13,1.412577781e-13,2.82840317e-13,1.166920249e-13,3.19145117e-13,1.215609767e-13
175.6875,3.192877721e-13,1.537176664e-13,4.859432538e-13,2.648060895e-13,3.911116841e-13,9.558671842e-14,6.91649693e-14,1.034386278e-13,6.131221875e-14,5.454527084e-14,2.448501804e-13,9.605623832e-14,2.447998372e-13,2.804367829e-13,5.079144238e-13,9.302767373e-13,8.064474427e-13,2.283012809e-13,1.632524438e-13,5.069438589e-13,1.267069792e-13,8.33669951e-14,9.39999461e-14,1.369260342e-13,1.00669262e-13,2.250062306e-13,3.791191633e-13,1.415136066e-13,2.744371445e-13,1.150181449e-13,3.141544727e-13,1.200820593e-13
175.6953125,3.185073745e-13,1.51655932e-13,4.737870242e-13,2.665823337e-13,3.917464928e-13,9.450098213e-14,6.802988929e-14,1.021722113e-13,6.124329185e-14,5.471660546e-14,2.427070727e-13,9.477662092e-14,2.414870644e-13,2.74025079e-13,4.967364816e-13,9.077921138e-13,7.859927651e-13,2.223240589e-13,1.637645891e-13,5.010920328e-13,1.277146143e-13,8.40081819e-14,9.140589779e-14,1.362268783e-13,9.816363119e-14,2.196790863e-13,3.700024604e-13,1.417449129e-13,2.663034461e-13,1.132988833e-13,3.092401086e-13,1.186638197e-13
175.703125,3.175883159e-13,1.495797974e-13,4.619432654e-13,2.684272255e-13,3.922242374e-13,9.346054613e-14,6.697355907e-14,1.008706046e-13,6.114354915e-14,5.487921752e-14,2.40628935e-13,9.350661546e-14,2.382515851e-13,2.676880021e-13,4.858973819e-13,8.857348894e-13,7.657434069e-13,2.167761039e-13,1.642373967e-13,4.949903564e-13,1.286819735e-13,8.464473143e-14,8.888996186e-14,1.354889677e-13,9.581742272e-14,2.144083466e-13,3.609765113e-13,1.418896405e-13,2.584663727e-13,1.11570626e-13,3.043905258e-13,1.17237797e-13
175.7109375,3.169475377e-13,1.475050399e-13,4.504508893e-13,2.703669345e-13,3.926553661e-13,9.245780105e-14,6.596135452e-14,9.96278533e-14,6.105820641e-14,5.504059549e-14,2.386188521e-13,9.22533487e-14,2.350641951e-13,2.614858351e-13,4.752048074e-13,8.640389812e-13,7.458379782e-13,2.115430305e-13,1.64742632e-13,4.889846458e-13,1.29676132e-13,8.530354668e-14,8.643122518e-14,1.347808804e-13,9.357089714e-14,2.091734194e-13,3.52094821e-13,1.421016527e-13,2.509013295e-13,1.09860827e-13,2.996893808e-13,1.158515636e-13
175.71875,3.165320095e-13,1.45471456e-13,4.390228258e-13,2.723089e-13,3.929817251e-13,9.139553634e-14,6.493958866e-14,9.846682366e-14,6.099290988e-14,5.520753483e-14,2.365995456e-13,9.099983588e-14,2.319303799e-13,2.553598111e-13,4.644982221e-13,8.425904441e-13,7.260609283e-13,2.063770881e-13,1.652610492e-13,4.83115944e-13,1.307262032e-13,8.594717439e-14,8.40005922e-14,1.340968462e-13,9.133420017e-14,2.039893603e-13,3.43343688e-13,1.423844334e-13,2.434371649e-13,1.081753217e-13,2.949908946e-13,1.14569798e-13
175.7265625,3.159307921e-13,1.43455671e-13,4.276590104e-13,2.742843963e-13,3.929138332e-13,9.028350307e-14,6.396696421e-14,9.731333817e-14,6.082940922e-14,5.533865709e-14,2.345980017e-13,8.968366321e-14,2.287977755e-13,2.492284656e-13,4.54099646e-13,8.216311671e-13,7.06542563e-13,2.013221546e-13,1.657019525e-13,4.769407969e-13,1.317675146e-13,8.651517101e-14,8.161920747e-14,1.333161671e-13,8.918422753e-14,1.988936288e-13,3.347280904e-13,1.42584825e-13,2.360533023e-13,1.06507811e-13,2.902778871e-13,1.133363294e-13
175.734375,3.152084884e-13,1.415453735e-13,4.16780441e-13,2.764857432e-13,3.926025617e-13,8.929528555e-14,6.308366418e-14,9.619112481e-14,6.060091562e-14,5.542781737e-14,2.327615448e-13,8.836169201e-14,2.257460148e-13,2.431875087e-13,4.442035334e-13,8.013703772e-13,6.875487121e-13,1.966481234e-13,1.66124547e-13,4.706518684e-13,1.328306769e-13,8.708572665e-14,7.928984407e-14,1.325150648e-13,8.720263777e-14,1.93914953e-13,3.262459052e-13,1.427527475e-13,2.290469297e-13,1.048314224e-13,2.858070553e-13,1.121202e-13
175.7421875,3.146375178e-13,1.397223676e-13,4.062357422e-13,2.788285049e-13,3.922978699e-13,8.840737441e-14,6.22397312e-14,9.516277005e-14,6.04461544e-14,5.553274747e-14,2.30970321e-13,8.710912408e-14,2.228382934e-13,2.372661732e-13,4.345165335e-13,7.816519057e-13,6.68962966e-13,1.923721031e-13,1.666135456e-13,4.64629863e-13,1.339512545e-13,8.771492448e-14,7.700989615e-14,1.318742454e-13,8.533652836e-14,1.89031396e-13,3.177593936e-13,1.429808936e-13,2.223882122e-13,1.031139978e-13,2.815196629e-13,1.10979684e-13
175.75,3.141081052e-13,1.378627525e-13,3.956243728e-13,2.81098541e-13,3.916903978e-13,8.741771768e-14,6.142634341e-14,9.417632107e-14,6.027981209e-14,5.564770974e-14,2.29058254e-13,8.584517064e-14,2.199510086e-13,2.313790392e-13,4.249367983e-13,7.623935581e-13,6.506996355e-13,1.883724017e-13,1.670776046e-13,4.584004115e-13,1.350384993e-13,8.828452044e-14,7.48016038e-14,1.312411557e-13,8.356355849e-14,1.842222607e-13,3.093990538e-13,1.431829685e-13,2.15787032e-13,1.013793468e-13,2.772220571e-13,1.09915202e-13
175.7578125,3.135204251e-13,1.360132495e-13,3.853346219e-13,2.832822884e-13,3.907533486e-13,8.636643117e-14,6.06807507e-14,9.321887835e-14,6.001470577e-14,5.574378725e-14,2.272359949e-13,8.453538166e-14,2.170852855e-13,2.256534172e-13,4.157264708e-13,7.438534775e-13,6.329843462e-13,1.846930682e-13,1.674598677e-13,4.519570748e-13,1.360876103e-13,8.877113874e-14,7.26625976e-14,1.304364293e-13,8.192520907e-14,1.795752597e-13,3.015846591e-13,1.433557207e-13,2.094253555e-13,9.971007173e-14,2.731327426e-13,1.089019242e-13
175.765625,3.129747007e-13,1.342483871e-13,3.757495722e-13,2.854506181e-13,3.899778031e-13,8.545363016e-14,5.999125848e-14,9.237869853e-14,5.978470262e-14,5.588388091e-14,2.256334603e-13,8.327520109e-14,2.143567393e-13,2.202416691e-13,4.069585979e-13,7.261682587e-13,6.158660507e-13,1.813397045e-13,1.678722476e-13,4.46063351e-13,1.372117626e-13,8.932127736e-14,7.057553543e-14,1.296307369e-13,8.041128357e-14,1.751479265e-13,2.942380306e-13,1.436089632e-13,2.03487141e-13,9.812211241e-14,2.694283243e-13,1.079653696e-13
175.7734375,3.124065413e-13,1.325858792e-13,3.664672043e-13,2.87758231e-13,3.892449217e-13,8.468631428e-14,5.933537491e-14,9.162920721e-14,5.961036726e-14,5.610308725e-14,2.240332791e-13,8.207723723e-14,2.117105459e-13,2.150120243e-13,3.984957837e-13,7.090524455e-13,5.990736855e-13,1.782635753e-13,1.683546103e-13,4.403790402e-13,1.384064463e-13,8.993475831e-14,6.853435001e-14,1.288887056e-13,7.900423914e-14,1.708124276e-13,2.868942671e-13,1.439114614e-13,1.977455965e-13,9.652420046e-14,2.658981013e-13,1.070784109e-13
175.78125,3.11809108e-13,1.310608669e-13,3.572086852e-13,2.903222815e-13,3.880953073e-13,8.394891359e-14,5.87384368e-14,9.08626013e-14,5.936368898e-14,5.631737921e-14,2.223939598e-13,8.089113039e-14,2.091214992e-13,2.09846932e-13,3.902986499e-13,6.92264283e-13,5.825040065e-13,1.755717581e-13,1.688311732e-13,4.341177067e-13,1.395799261e-13,9.049145378e-14,6.652954404e-14,1.280313806e-13,7.772143071e-14,1.664829204e-13,2.795571459e-13,1.44176693e-13,1.922087683e-13,9.488376733e-14,2.624355687e-13,1.061982312e-13
175.7890625,3.113705738e-13,1.295596642e-13,3.48215744e-13,2.92880049e-13,3.867034822e-13,8.318743445e-14,5.821771704e-14,9.011223644e-14,5.906656499e-14,5.646870068e-14,2.209046633e-13,7.972068713e-14,2.066560976e-13,2.047990566e-13,3.823864176e-13,6.759724935e-13,5.663171131e-13,1.733138422e-13,1.692998918e-13,4.277210979e-13,1.407098442e-13,9.101567057e-14,6.458877807e-14,1.270806586e-13,7.655555554e-14,1.622664919e-13,2.72501316e-13,1.44403113e-13,1.870153254e-13,9.326361461e-14,2.591700073e-13,1.053841032e-13
175.796875,3.109768863e-13,1.280273192e-13,3.396229959e-13,2.952429564e-13,3.853255905e-13,8.242594147e-14,5.774186923e-14,8.946292066e-14,5.877651121e-14,5.659938032e-14,2.195864519e-13,7.857564209e-14,2.042372493e-13,1.998701959e-13,3.747716911e-13,6.603495801e-13,5.505031528e-13,1.713646686e-13,1.697999806e-13,4.215809785e-13,1.418313968e-13,9.156229232e-14,6.275819008e-14,1.261475635e-13,7.54838672e-14,1.582140343e-13,2.65724137e-13,1.446077209e-13,1.820577945e-13,9.165915196e-14,2.561272134e-13,1.046745164e-13
175.8046875,3.104436152e-13,1.266755427e-13,3.313706289e-13,2.977711154e-13,3.83827809e-13,8.175712999e-14,5.729703355e-14,8.889087886e-14,5.844578802e-14,5.675027465e-14,2.183548999e-13,7.747103156e-14,2.018550583e-13,1.950772467e-13,3.675223353e-13,6.453072854e-13,5.349418512e-13,1.696906101e-13,1.703226956e-13,4.15285036e-13,1.42988111e-13,9.207929774e-14,6.099293846e-14,1.251837464e-13,7.450895375e-14,1.542357036e-13,2.591796875e-13,1.448440761e-13,1.77383854e-13,9.003178224e-14,2.5322981e-13,1.040148396e-13
175.8125,3.100406577e-13,1.254764412e-13,3.234167138e-13,3.005694951e-13,3.822209071e-13,8.120609142e-14,5.692170933e-14,8.836578106e-14,5.808477593e-14,5.691790819e-14,2.172003502e-13,7.640488473e-14,1.996489738e-13,1.905162057e-13,3.60653927e-13,6.308012317e-13,5.197965569e-13,1.683661899e-13,1.708613946e-13,4.089475838e-13,1.441889963e-13,9.256107205e-14,5.921548086e-14,1.242076406e-13,7.36548269e-14,1.503150289e-13,2.52886488e-13,1.451769886e-13,1.730493881e-13,8.842981441e-14,2.504542574e-13,1.034029105e-13
175.8203125,3.09863205e-13,1.241830978e-13,3.157027962e-13,3.031824471e-13,3.805998015e-13,8.06489651e-14,5.662693848e-14,8.788752691e-14,5.77496922e-14,5.710406748e-14,2.161323172e-13,7.532041145e-14,1.975719616e-13,1.861387624e-13,3.540380909e-13,6.168258827e-13,5.051888795e-13,1.67377312e-13,1.714031803e-13,4.029256005e-13,1.454214913e-13,9.306207261e-14,5.745969147e-14,1.233011267e-13,7.293544038e-14,1.465262792e-13,2.467230528e-13,1.455510803e-13,1.688511933e-13,8.688286828e-14,2.478022342e-13,1.028896754e-13
175.828125,3.095162683e-13,1.228994131e-13,3.082649948e-13,3.056014465e-13,3.788359593e-13,8.006090282e-14,5.637541497e-14,8.738276428e-14,5.741838976e-14,5.730806588e-14,2.152015953e-13,7.42387634e-14,1.955379319e-13,1.818334148e-13,3.47665346e-13,6.033520921e-13,4.909505688e-13,1.666731013e-13,1.719290097e-13,3.969116603e-13,1.467021765e-13,9.357816154e-14,5.581087732e-14,1.224172976e-13,7.232341494e-14,1.428853702e-13,2.406814098e-13,1.458714349e-13,1.648402844e-13,8.535539434e-14,2.453016342e-13,1.024552456e-13
175.8359375,3.090214631e-13,1.217746701e-13,3.012325055e-13,3.08208817e-13,3.769418799e-13,7.958300241e-14,5.616671134e-14,8.681759352e-14,5.705472575e-14,5.748845858e-14,2.144609692e-13,7.323801747e-14,1.936621997e-13,1.776931308e-13,3.417713965e-13,5.90652489e-13,4.771879812e-13,1.663431552e-13,1.724756907e-13,3.907818443e-13,1.480004134e-13,9.409409397e-14,5.427944253e-14,1.215095871e-13,7.180693501e-14,1.393630646e-13,2.350221167e-13,1.461432383e-13,1.612363106e-13,8.385033225e-14,2.430250813e-13,1.020503242e-13
175.84375,3.087960877e-13,1.207382018e-13,2.945107814e-13,3.108940693e-13,3.751151609e-13,7.92218189e-14,5.601932335e-14,8.63240305e-14,5.666615518e-14,5.762055427e-14,2.137690553e-13,7.227366712e-14,1.919552912e-13,1.738168258e-13,3.363461741e-13,5.788991014e-13,4.64111302e-13,1.665011731e-13,1.730603106e-13,3.848776962e-13,1.492382978e-13,9.461260099e-14,5.281400438e-14,1.20600413e-13,7.142075317e-14,1.359566642e-13,2.297742558e-13,1.464219899e-13,1.579375346e-13,8.23660823e-14,2.409290793e-13,1.016823584e-13
175.8515625,3.087260884e-13,1.198852266e-13,2.87879277e-13,3.134161234e-13,3.733422944e-13,7.886247911e-14,5.589989412e-14,8.598704895e-14,5.62729498e-14,5.775451598e-14,2.129587909e-13,7.130152296e-14,1.902698909e-13,1.700972741e-13,3.309914059e-13,5.675583329e-13,4.513341817e-13,1.670331383e-13,1.736259462e-13,3.791184361e-13,1.504125306e-13,9.511710891e-14,5.137098879e-14,1.196590904e-13,7.11389884e-14,1.326562898e-13,2.245891895e-13,1.467428446e-13,1.548026435e-13,8.086278145e-14,2.388709531e-13,1.013755022e-13
175.859375,3.085052253e-13,1.192184725e-13,2.814486844e-13,3.158158311e-13,3.714812413e-13,7.851950636e-14,5.579470607e-14,8.569908594e-14,5.588312165e-14,5.792956285e-14,2.121933322e-13,7.039359597e-14,1.885897018e-13,1.665152118e-13,3.25642765e-13,5.562320073e-13,4.385556614e-13,1.677979401e-13,1.741631844e-13,3.731609381e-13,1.515232217e-13,9.561566551e-14,4.996037762e-14,1.186290233e-13,7.090181321e-14,1.294354009e-13,2.193925502e-13,1.470939233e-13,1.518708243e-13,7.935003366e-14,2.3693308e-13,1.011172783e-13
175.8671875,3.083030025e-13,1.184513974e-13,2.754573488e-13,3.180969189e-13,3.694943696e-13,7.822689964e-14,5.575100505e-14,8.536927097e-14,5.547990744e-14,5.81095808e-14,2.116755646e-13,6.954753908e-14,1.869702867e-13,1.632026535e-13,3.206548987e-13,5.452913337e-13,4.261737475e-13,1.688594604e-13,1.747079934e-13,3.671011274e-13,1.525687224e-13,9.612085663e-14,4.863288166e-14,1.175411158e-13,7.074135066e-14,1.263130524e-13,2.144865247e-13,1.474204237e-13,1.491693854e-13,7.784833714e-14,2.352876183e-13,1.008895565e-13
175.875,3.082370167e-13,1.176232422e-13,2.698313294e-13,3.204002729e-13,3.673912128e-13,7.793127721e-14,5.577730432e-14,8.503197469e-14,5.505447799e-14,5.827836847e-14,2.112436186e-13,6.869228714e-14,1.854167818e-13,1.600946924e-13,3.160798173e-13,5.349681076e-13,4.143825035e-13,1.70191381e-13,1.752267959e-13,3.612830185e-13,1.536853031e-13,9.659763522e-14,4.740104046e-14,1.165045937e-13,7.067700781e-14,1.233355425e-13,2.098531407e-13,1.477216275e-13,1.46685668e-13,7.635946795e-14,2.337779119e-13,1.007057698e-13
175.8828125,3.081060782e-13,1.169422418e-13,2.644989327e-13,3.228522397e-13,3.651966016e-13,7.766595448e-14,5.584406665e-14,8.471985522e-14,5.461504244e-14,5.846821536e-14,2.107780609e-13,6.784626318e-14,1.839280769e-13,1.570706868e-13,3.117676179e-13,5.251080878e-13,4.029554454e-13,1.716866785e-13,1.756822188e-13,3.557539089e-13,1.549176211e-13,9.704026451e-14,4.622434675e-14,1.155316047e-13,7.065269806e-14,1.205042046e-13,2.052781779e-13,1.480486743e-13,1.443653424e-13,7.494011094e-14,2.322555888e-13,1.005731958e-13
175.890625,3.079102229e-13,1.162667434e-13,2.595014461e-13,3.250903127e-13,3.629477745e-13,7.748458848e-14,5.596713607e-14,8.444641488e-14,5.414839783e-14,5.866092612e-14,2.10437194e-13,6.701042582e-14,1.824541181e-13,1.542273029e-13,3.077851103e-13,5.158037131e-13,3.91936408e-13,1.734671553e-13,1.7610745e-13,3.502554758e-13,1.560628485e-13,9.748432656e-14,4.508506311e-14,1.144878727e-13,7.069247997e-14,1.178045553e-13,2.009573475e-13,1.483778548e-13,1.421811111e-13,7.361131499e-14,2.309271298e-13,1.004730194e-13
175.8984375,3.077739237e-13,1.155459193e-13,2.545599858e-13,3.270531201e-13,3.606647493e-13,7.730101181e-14,5.615307978e-14,8.424736058e-14,5.365743604e-14,5.880471186e-14,2.101497112e-13,6.613621539e-14,1.809556621e-13,1.515464017e-13,3.040894045e-13,5.071354594e-13,3.813517969e-13,1.755401718e-13,1.765105342e-13,3.44718921e-13,1.570717177e-13,9.792298608e-14,4.400114799e-14,1.1337558e-13,7.085091839e-14,1.152471794e-13,1.96987868e-13,1.486529449e-13,1.401989246e-13,7.22834693e-14,2.29836044e-13,1.004181654e-13
175.90625,3.076254804e-13,1.149286955e-13,2.49539186e-13,3.292401435e-13,3.583878558e-13,7.709018094e-14,5.634995405e-14,8.412087001e-14,5.31784321e-14,5.891371497e-14,2.09715614e-13,6.527996669e-14,1.795177753e-13,1.488741065e-13,3.005413689e-13,4.989473567e-13,3.709887972e-13,1.776759291e-13,1.768693885e-13,3.39342499e-13,1.581244096e-13,9.833701898e-14,4.297421232e-14,1.123372186e-13,7.107167132e-14,1.128223243e-13,1.930487253e-13,1.489208047e-13,1.384068622e-13,7.091445988e-14,2.287711162e-13,1.004347148e-13
175.9140625,3.074761632e-13,1.143588234e-13,2.44896548e-13,3.315634479e-13,3.561300767e-13,7.697760861e-14,5.654908323e-14,8.401988852e-14,5.270487055e-14,5.903579792e-14,2.092981661e-13,6.450465869e-14,1.781939078e-13,1.463536105e-13,2.973033308e-13,4.912623857e-13,3.60935256e-13,1.799616521e-13,1.772427936e-13,3.340382239e-13,1.59241327e-13,9.87370644e-14,4.199205605e-14,1.11282822e-13,7.132213767e-14,1.104993085e-13,1.892366816e-13,1.492751457e-13,1.367538988e-13,6.955241865e-14,2.277955707e-13,1.004903189e-13
175.921875,3.074745445e-13,1.138401383e-13,2.407458807e-13,3.33594291e-13,3.538610792e-13,7.699449241e-14,5.681391167e-14,8.391314319e-14,5.220652972e-14,5.916220271e-14,2.09034381e-13,6.374738723e-14,1.769040044e-13,1.44158422e-13,2.945164758e-13,4.841424334e-13,3.513665193e-13,1.826292282e-13,1.776951968e-13,3.285241223e-13,1.603395688e-13,9.912982037e-14,4.105838211e-14,1.100363239e-13,7.166025464e-14,1.082687574e-13,1.859325328e-13,1.497061526e-13,1.352856127e-13,6.821004553e-14,2.270264446e-13,1.005535894e-13
175.9296875,3.075447549e-13,1.134753589e-13,2.366525251e-13,3.355205674e-13,3.516059858e-13,7.705809399e-14,5.71665974e-14,8.379900972e-14,5.169704451e-14,5.924869227e-14,2.087604467e-13,6.297340966e-14,1.756028753e-13,1.421143623e-13,2.920434973e-13,4.775063154e-13,3.421359222e-13,1.855391169e-13,1.781475332e-13,3.229847277e-13,1.614416706e-13,9.951613011e-14,4.017567533e-14,1.087187273e-13,7.208681669e-14,1.061288804e-13,1.829171748e-13,1.501065211e-13,1.339968461e-13,6.687609477e-14,2.263036415e-13,1.006442393e-13
175.9375,3.074712361e-13,1.131494606e-13,2.326656596e-13,3.375443513e-13,3.493500417e-13,7.714386733e-14,5.757365155e-14,8.370038413e-14,5.119398566e-14,5.93165395e-14,2.084754007e-13,6.222814276e-14,1.743360113e-13,1.400711053e-13,2.897967441e-13,4.713638569e-13,3.331167086e-13,1.885072121e-13,1.784907424e-13,3.177985194e-13,1.62527385e-13,9.988595811e-14,3.93235098e-14,1.07502861e-13,7.255483834e-14,1.040894553e-13,1.799001757e-13,1.504407644e-13,1.32849632e-13,6.557351141e-14,2.255956628e-13,1.007653348e-13
175.9453125,3.072316844e-13,1.128741034e-13,2.290836013e-13,3.395117416e-13,3.469770409e-13,7.724990249e-14,5.803164634e-14,8.364369484e-14,5.06919831e-14,5.944842769e-14,2.082823883e-13,6.150594749e-14,1.731294254e-13,1.380772723e-13,2.877618115e-13,4.656642339e-13,3.242784783e-13,1.91580838e-13,1.787552151e-13,3.128537234e-13,1.635454158e-13,1.00211041e-13,3.848124826e-14,1.063477549e-13,7.30626632e-14,1.021788495e-13,1.770825657e-13,1.508062325e-13,1.31865398e-13,6.431757898e-14,2.25030683e-13,1.009152438e-13
175.953125,3.069477188e-13,1.127572581e-13,2.257032851e-13,3.414045851e-13,3.444717135e-13,7.734411546e-14,5.85376227e-14,8.361275016e-14,5.017678604e-14,5.962740866e-14,2.080775714e-13,6.078950432e-14,1.719734071e-13,1.361522191e-13,2.859195597e-13,4.602980266e-13,3.155982322e-13,1.948075751e-13,1.790071537e-13,3.078095507e-13,1.645524103e-13,1.004855545e-13,3.765416885e-14,1.051865858e-13,7.361344546e-14,1.003913508e-13,1.745266955e-13,1.512205385e-13,1.310132922e-13,6.309392919e-14,2.245469853e-13,1.0111452e-13
175.9609375,3.067160618e-13,1.125677678e-13,2.223701699e-13,3.431770015e-13,3.419568874e-13,7.746220183e-14,5.903742794e-14,8.355879386e-14,4.961929625e-14,5.972150901e-14,2.07825777e-13,6.011833311e-14,1.708594974e-13,1.343559586e-13,2.8434663e-13,4.553504446e-13,3.072629506e-13,1.982020686e-13,1.792381464e-13,3.026575259e-13,1.655728266e-13,1.007274422e-13,3.686405541e-14,1.040000592e-13,7.419356691e-14,9.869806226e-14,1.720861496e-13,1.515370432e-13,1.302641061e-13,6.188154561e-14,2.240889835e-13,1.013267592e-13
175.96875,3.065569521e-13,1.122899785e-13,2.192683131e-13,3.447220341e-13,3.395448755e-13,7.76804551e-14,5.95231891e-14,8.346328401e-14,4.902813288e-14,5.972647304e-14,2.076181793e-13,5.94971414e-14,1.697757322e-13,1.327760801e-13,2.830073993e-13,4.507631511e-13,2.993632604e-13,2.017476616e-13,1.794447754e-13,2.975961566e-13,1.665515617e-13,1.00955995e-13,3.613013074e-14,1.027806663e-13,7.479575667e-14,9.710122228e-14,1.697864154e-13,1.517426799e-13,1.296162901e-13,6.066839892e-14,2.237003772e-13,1.015044544e-13
175.9765625,3.063621225e-13,1.122961785e-13,2.163640479e-13,3.461680759e-13,3.372448267e-13,7.79622639e-14,6.006310832e-14,8.335790947e-14,4.846801839e-14,5.979144673e-14,2.074225649e-13,5.888461373e-14,1.687266656e-13,1.313277757e-13,2.81748036e-13,4.463443575e-13,2.916645429e-13,2.05341673e-13,1.796364523e-13,2.926864723e-13,1.674727621e-13,1.011945099e-13,3.546058828e-14,1.015979678e-13,7.540611124e-14,9.559690145e-14,1.675926162e-13,1.520260211e-13,1.290068906e-13,5.946167879e-14,2.233002079e-13,1.016917873e-13
175.984375,3.059974504e-13,1.124927621e-13,2.135088514e-13,3.475334227e-13,3.349199882e-13,7.822331838e-14,6.066683868e-14,8.326305931e-14,4.794617254e-14,5.994371945e-14,2.072050137e-13,5.827706956e-14,1.677309262e-13,1.299062351e-13,2.806324244e-13,4.422348029e-13,2.841205266e-13,2.089539615e-13,1.797857725e-13,2.879213636e-13,1.683081626e-13,1.014369028e-13,3.484831251e-14,1.005185164e-13,7.603073334e-14,9.415718767e-14,1.654592139e-13,1.524116321e-13,1.28463663e-13,5.827484395e-14,2.229077688e-13,1.019119945e-13
175.9921875,3.0548961e-13,1.12569257e-13,2.107792052e-13,3.486772602e-13,3.324777305e-13,7.849196614e-14,6.128907121e-14,8.313506761e-14,4.73917542e-14,6.007010274e-14,2.069960968e-13,5.768295147e-14,1.667492963e-13,1.285431325e-13,2.797451436e-13,4.384868374e-13,2.768827738e-13,2.126431117e-13,1.798776045e-13,2.833413196e-13,1.690305399e-13,1.016430846e-13,3.427691958e-14,9.949904211e-14,7.670651938e-14,9.277585434e-14,1.635179474e-13,1.527314823e-13,1.28069344e-13,5.71000785e-14,2.22713829e-13,1.021029406e-13
176,3.049838942e-13,1.126833086e-13,2.082299246e-13,3.496767183e-13,3.300305823e-13,7.880609738e-14,6.194072498e-14,8.2943749e-14,4.67823539e-14,6.014436804e-14,2.067812332e-13,5.708505811e-14,1.657271168e-13,1.2728773e-13,2.789703717e-13,4.348772635e-13,2.699234861e-13,2.164346698e-13,1.799223332e-13,2.788562823e-13,1.697110259e-13,1.0179844e-13,3.373592161e-14,9.843028918e-14,7.742682688e-14,9.145962128e-14,1.617814945e-13,1.529798635e-13,1.277797664e-13,5.591995197e-14,2.226484849e-13,1.022620215e-13
176.0078125,3.04650466e-13,1.128920732e-13,2.057970398e-13,3.505721093e-13,3.276864312e-13,7.912510041e-14,6.263097166e-14,8.276868878e-14,4.618222323e-14,6.023030183e-14,2.066062643e-13,5.648307419e-14,1.647163101e-13,1.261845041e-13,2.783019334e-13,4.315685405e-13,2.632726141e-13,2.203545184e-13,1.799440575e-13,2.743622831e-13,1.7037834e-13,1.019291295e-13,3.32328806e-14,9.723919833e-14,7.813530595e-14,9.022163736e-14,1.602162823e-13,1.532931193e-13,1.27599004e-13,5.475403776e-14,2.225033995e-13,1.024565679e-13
176.015625,3.045679736e-13,1.130139724e-13,2.034896652e-13,3.512028014e-13,3.254826301e-13,7.947029675e-14,6.332121305e-14,8.269201783e-14,4.565313665e-14,6.034098998e-14,2.065450922e-13,5.589557212e-14,1.637709526e-13,1.252472012e-13,2.777772109e-13,4.287421802e-13,2.569730025e-13,2.243556114e-13,1.799664885e-13,2.700554249e-13,1.709766673e-13,1.020657405e-13,3.278463873e-14,9.602328661e-14,7.881041525e-14,8.91021795e-14,1.588706779e-13,1.536907174e-13,1.275522126e-13,5.364683148e-14,2.223115564e-13,1.027098309e-13
176.0234375,3.044543951e-13,1.132325644e-13,2.013664754e-13,3.515561856e-13,3.234105889e-13,7.98836226e-14,6.402439634e-14,8.264194746e-14,4.517184211e-14,6.04333326e-14,2.065590479e-13,5.53296637e-14,1.628144749e-13,1.243581858e-13,2.772559252e-13,4.260565006e-13,2.507749239e-13,2.282763556e-13,1.79923521e-13,2.660370799e-13,1.715573437e-13,1.021885215e-13,3.238394777e-14,9.493446784e-14,7.948135441e-14,8.810929122e-14,1.576072565e-13,1.541206525e-13,1.275288022e-13,5.258493551e-14,2.221153967e-13,1.030056126e-13
176.03125,3.039762451e-13,1.136739627e-13,1.99437446e-13,3.517914913e-13,3.212873554e-13,8.032276389e-14,6.478224169e-14,8.250804433e-14,4.466984365e-14,6.04903022e-14,2.066466475e-13,5.478989204e-14,1.618165537e-13,1.234519663e-13,2.767801007e-13,4.234609935e-13,2.446684925e-13,2.321111924e-13,1.797667535e-13,2.620443739e-13,1.721819274e-13,1.022458158e-13,3.200593642e-14,9.388734211e-14,8.017611894e-14,8.717908323e-14,1.563968786e-13,1.545690866e-13,1.275819676e-13,5.151033759e-14,2.218979073e-13,1.033049268e-13
176.0390625,3.033945229e-13,1.140654571e-13,1.97630128e-13,3.5202982e-13,3.190569609e-13,8.078620833e-14,6.557348614e-14,8.233102365e-14,4.415168641e-14,6.055972243e-14,2.068484104e-13,5.426592259e-14,1.608716742e-13,1.2265989e-13,2.765436222e-13,4.212693606e-13,2.390281413e-13,2.360124074e-13,1.796278504e-13,2.581011171e-13,1.727404486e-13,1.022680398e-13,3.165805042e-14,9.275342936e-14,8.089006872e-14,8.626125338e-14,1.554567906e-13,1.550100439e-13,1.278476948e-13,5.042811029e-14,2.217735669e-13,1.035529404e-13
176.046875,3.030394895e-13,1.143850496e-13,1.958310558e-13,3.522186233e-13,3.169240694e-13,8.127379939e-14,6.637457599e-14,8.218463544e-14,4.365498657e-14,6.067306066e-14,2.07054578e-13,5.372657741e-14,1.599644809e-13,1.220210637e-13,2.76414256e-13,4.192749366e-13,2.337895729e-13,2.399446102e-13,1.795533637e-13,2.544828802e-13,1.73164236e-13,1.023078514e-13,3.135389815e-14,9.16448206e-14,8.159204202e-14,8.537060408e-14,1.546570295e-13,1.554145528e-13,1.281453984e-13,4.938288045e-14,2.217053836e-13,1.03752117e-13
176.0546875,3.025990427e-13,1.14811077e-13,1.940761702e-13,3.52160708e-13,3.148339695e-13,8.174428182e-14,6.720055456e-14,8.201406572e-14,4.314420304e-14,6.076867643e-14,2.071833037e-13,5.31838043e-14,1.589978088e-13,1.213999178e-13,2.762727551e-13,4.172684221e-13,2.286055541e-13,2.437945224e-13,1.793916239e-13,2.510270114e-13,1.735677811e-13,1.023098089e-13,3.106085521e-14,9.061665167e-14,8.227345579e-14,8.454172325e-14,1.53832072e-13,1.557863413e-13,1.283800139e-13,4.836296372e-14,2.215432317e-13,1.039384321e-13
176.0625,3.018869194e-13,1.152401474e-13,1.924864389e-13,3.518575002e-13,3.126453972e-13,8.2305733e-14,6.803732655e-14,8.178533839e-14,4.261576867e-14,6.079946597e-14,2.073337147e-13,5.268198889e-14,1.580456425e-13,1.208200377e-13,2.763506962e-13,4.156230536e-13,2.236219736e-13,2.476393706e-13,1.791702229e-13,2.475936408e-13,1.740265295e-13,1.022586216e-13,3.076280863e-14,8.955203425e-14,8.296481434e-14,8.380765894e-14,1.533041556e-13,1.561103663e-13,1.287932223e-13,4.733812832e-14,2.214307571e-13,1.041137041e-13
176.0703125,3.012598442e-13,1.156181484e-13,1.909400441e-13,3.514895598e-13,3.105844946e-13,8.29949154e-14,6.884092034e-14,8.156445088e-14,4.213859513e-14,6.081087197e-14,2.075103339e-13,5.220189099e-14,1.572162628e-13,1.204008054e-13,2.766360663e-13,4.143955573e-13,2.190344944e-13,2.514777675e-13,1.790347986e-13,2.444931153e-13,1.744667772e-13,1.0223078e-13,3.050179018e-14,8.847541352e-14,8.366361823e-14,8.319363214e-14,1.531156989e-13,1.563519131e-13,1.293602065e-13,4.632244293e-14,2.214198479e-13,1.043022084e-13
176.078125,3.007462247e-13,1.160749251e-13,1.893103357e-13,3.509748092e-13,3.087552708e-13,8.36044726e-14,6.960792502e-14,8.13326444e-14,4.168596431e-14,6.083011434e-14,2.076203323e-13,5.170722289e-14,1.564182318e-13,1.200627306e-13,2.768476967e-13,4.131991922e-13,2.146121309e-13,2.551666478e-13,1.788990406e-13,2.417658039e-13,1.747889793e-13,1.021938877e-13,3.02991487e-14,8.745273925e-14,8.432436299e-14,8.268103936e-14,1.528672326e-13,1.565217089e-13,1.298096774e-13,4.534387009e-14,2.212647213e-13,1.045366246e-13
176.0859375,3.000810833e-13,1.165946508e-13,1.878770196e-13,3.50162674e-13,3.070191665e-13,8.416618695e-14,7.03978658e-14,8.102213492e-14,4.119353244e-14,6.083719187e-14,2.077941263e-13,5.12367505e-14,1.5554374e-13,1.197328074e-13,2.770837383e-13,4.120508886e-13,2.102286926e-13,2.587753838e-13,1.786776315e-13,2.391536074e-13,1.749770525e-13,1.020923505e-13,3.01329112e-14,8.639846419e-14,8.493687495e-14,8.221965899e-14,1.525575925e-13,1.566972521e-13,1.301802455e-13,4.441061912e-14,2.21029676e-13,1.047672716e-13
176.09375,2.993852547e-13,1.171316148e-13,1.8680749e-13,3.492540772e-13,3.053930565e-13,8.488260274e-14,7.125438492e-14,8.069045713e-14,4.071425406e-14,6.08288993e-14,2.08187296e-13,5.081614334e-14,1.546528519e-13,1.194800119e-13,2.775131709e-13,4.110890914e-13,2.05987244e-13,2.623686426e-13,1.784632754e-13,2.366160625e-13,1.751008656e-13,1.01983579e-13,2.998332108e-14,8.531181029e-14,8.551327978e-14,8.178209494e-14,1.523607082e-13,1.569522748e-13,1.306039947e-13,4.350545867e-14,2.208949817e-13,1.0494573e-13
176.1015625,2.988098616e-13,1.177331167e-13,1.85732972e-13,3.484002065e-13,3.037862738e-13,8.561713437e-14,7.212840132e-14,8.038445153e-14,4.028065668e-14,6.078973516e-14,2.086065318e-13,5.040661646e-14,1.53812963e-13,1.192731615e-13,2.779017685e-13,4.101097149e-13,2.018846795e-13,2.65763817e-13,1.782513273e-13,2.3406689e-13,1.75195208e-13,1.01862831e-13,2.983648031e-14,8.430287699e-14,8.604927145e-14,8.137650773e-14,1.521855206e-13,1.572514243e-13,1.310246743e-13,4.260126943e-14,2.206804757e-13,1.05106193e-13
176.109375,2.982390027e-13,1.184006494e-13,1.844464434e-13,3.473191186e-13,3.020820805e-13,8.625879819e-14,7.29709659e-14,8.003616251e-14,3.984426368e-14,6.071581136e-14,2.088265643e-13,5.000389539e-14,1.529918771e-13,1.190827018e-13,2.781141194e-13,4.090633453e-13,1.979459907e-13,2.68966523e-13,1.779754606e-13,2.314783014e-13,1.75219461e-13,1.016880139e-13,2.969916738e-14,8.337590736e-14,8.656176085e-14,8.103521938e-14,1.520743346e-13,1.575236691e-13,1.314508923e-13,4.17041778e-14,2.203890378e-13,1.052681395e-13
176.1171875,2.976186511e-13,1.191227684e-13,1.831734215e-13,3.458443465e-13,3.004780922e-13,8.695268721e-14,7.381764838e-14,7.962452578e-14,3.942566375e-14,6.067691938e-14,2.089602058e-13,4.963631048e-14,1.521899486e-13,1.190151488e-13,2.783419235e-13,4.081664315e-13,1.942640617e-13,2.721268918e-13,1.776984152e-13,2.292037446e-13,1.751837412e-13,1.01520146e-13,2.95949837e-14,8.249941701e-14,8.705871543e-14,8.078349474e-14,1.52111971e-13,1.578273686e-13,1.319195084e-13,4.084937227e-14,2.20272476e-13,1.054064844e-13
176.125,2.969454204e-13,1.198521036e-13,1.819487064e-13,3.442995006e-13,2.989673805e-13,8.765131783e-14,7.46747713e-14,7.918893923e-14,3.906638252e-14,6.070297111e-14,2.091518911e-13,4.929732958e-14,1.514646994e-13,1.190511943e-13,2.786926649e-13,4.074836429e-13,1.908182118e-13,2.751387656e-13,1.774727521e-13,2.272944923e-13,1.75130321e-13,1.013603128e-13,2.950999352e-14,8.168305603e-14,8.750596054e-14,8.058459581e-14,1.521668867e-13,1.582209525e-13,1.323406312e-13,4.003792725e-14,2.202154261e-13,1.055199462e-13
176.1328125,2.962073039e-13,1.205626138e-13,1.80676071e-13,3.428072454e-13,2.973376766e-13,8.828343237e-14,7.550368808e-14,7.873186054e-14,3.872417861e-14,6.070546284e-14,2.093493405e-13,4.895874175e-14,1.507758537e-13,1.190809763e-13,2.791351603e-13,4.069331565e-13,1.875744606e-13,2.779504438e-13,1.772471864e-13,2.253753027e-13,1.750446738e-13,1.011264901e-13,2.941999752e-14,8.088534018e-14,8.790890796e-14,8.038275081e-14,1.522423745e-13,1.585926376e-13,1.326848922e-13,3.922929077e-14,2.199960727e-13,1.056221034e-13
176.140625,2.954083973e-13,1.214583023e-13,1.795063524e-13,3.409901052e-13,2.957020153e-13,8.897479282e-14,7.634064772e-14,7.825523378e-14,3.835112285e-14,6.062547548e-14,2.095426542e-13,4.858318772e-14,1.500166133e-13,1.191048892e-13,2.796231429e-13,4.064606714e-13,1.844967719e-13,2.806358087e-13,1.76938886e-13,2.234783579e-13,1.749334107e-13,1.008078568e-13,2.933496325e-14,8.004250421e-14,8.830066479e-14,8.020081205e-14,1.524097179e-13,1.5887658e-13,1.329739313e-13,3.841471797e-14,2.196349676e-13,1.057163186e-13
176.1484375,2.944324977e-13,1.226296426e-13,1.784861635e-13,3.387960581e-13,2.941046373e-13,8.966699939e-14,7.721811055e-14,7.77603987e-14,3.794415698e-14,6.051129826e-14,2.097802544e-13,4.816527333e-14,1.492152109e-13,1.191066501e-13,2.800875368e-13,4.060831851e-13,1.815146535e-13,2.830598426e-13,1.765059288e-13,2.21892803e-13,1.748103227e-13,1.004031223e-13,2.925611316e-14,7.916630862e-14,8.86580179e-14,8.0086204e-14,1.525631964e-13,1.591705194e-13,1.331653646e-13,3.763682137e-14,2.191491608e-13,1.058001534e-13
176.15625,2.933021172e-13,1.237961506e-13,1.774173893e-13,3.365633452e-13,2.924399309e-13,9.025059801e-14,7.807856739e-14,7.72259831e-14,3.753665656e-14,6.041221574e-14,2.099927399e-13,4.776035281e-14,1.484619158e-13,1.19090015e-13,2.804875727e-13,4.057936142e-13,1.786885872e-13,2.851997686e-13,1.760129253e-13,2.206051044e-13,1.746414946e-13,9.992454225e-14,2.918816665e-14,7.834733786e-14,8.895688324e-14,8.002359979e-14,1.526948939e-13,1.595007245e-13,1.332900964e-13,3.690758402e-14,2.185836925e-13,1.058606965e-13
176.1640625,2.922978541e-13,1.248489851e-13,1.762286359e-13,3.342411828e-13,2.908742866e-13,9.084695813e-14,7.88990797e-14,7.666157227e-14,3.717172667e-14,6.033302669e-14,2.101288751e-13,4.737639183e-14,1.477122371e-13,1.191507994e-13,2.807590633e-13,4.054067886e-13,1.76097814e-13,2.87229475e-13,1.755332828e-13,2.194880216e-13,1.74464595e-13,9.945325129e-14,2.916608774e-14,7.763069993e-14,8.920856394e-14,7.998636933e-14,1.528743022e-13,1.598413449e-13,1.334100436e-13,3.618803698e-14,2.1798571e-13,1.058901167e-13
176.171875,2.914558117e-13,1.259713497e-13,1.74951085e-13,3.317077688e-13,2.893934188e-13,9.148439821e-14,7.971270586e-14,7.608985865e-14,3.683088244e-14,6.026582864e-14,2.102868223e-13,4.696064459e-14,1.469323925e-13,1.192718129e-13,2.80828843e-13,4.047921059e-13,1.737175645e-13,2.890804884e-13,1.750569779e-13,2.184076014e-13,1.743227826e-13,9.898856712e-14,2.918231866e-14,7.692282747e-14,8.940575367e-14,7.995643606e-14,1.531072458e-13,1.602829782e-13,1.335364193e-13,3.546637388e-14,2.172414492e-13,1.05884556e-13
176.1796875,2.905793314e-13,1.271684401e-13,1.73560747e-13,3.291840667e-13,2.877342108e-13,9.205758066e-14,8.051675035e-14,7.551129067e-14,3.647592725e-14,6.017707531e-14,2.105356544e-13,4.652011123e-14,1.461954401e-13,1.193812597e-13,2.80761336e-13,4.040692316e-13,1.715749674e-13,2.906580925e-13,1.745707685e-13,2.172847284e-13,1.741219996e-13,9.84618203e-14,2.919844006e-14,7.617419231e-14,8.953609946e-14,7.989526493e-14,1.535171528e-13,1.60816469e-13,1.337583445e-13,3.475878357e-14,2.163500546e-13,1.058303858e-13
176.1875,2.895910503e-13,1.283396903e-13,1.721433462e-13,3.26576625e-13,2.860179052e-13,9.257037066e-14,8.131056021e-14,7.492461938e-14,3.612073123e-14,6.002586598e-14,2.108074461e-13,4.608062304e-14,1.45427404e-13,1.194678645e-13,2.806559216e-13,4.033259046e-13,1.695758019e-13,2.92038631e-13,1.740054099e-13,2.163156108e-13,1.738250141e-13,9.788033887e-14,2.922915551e-14,7.547654199e-14,8.959516588e-14,7.981635316e-14,1.540898348e-13,1.612216901e-13,1.340763009e-13,3.405818778e-14,2.153898495e-13,1.05740447e-13
176.1953125,2.884070482e-13,1.294745208e-13,1.708798157e-13,3.236240652e-13,2.844670436e-13,9.308344964e-14,8.212141068e-14,7.430623044e-14,3.577282224e-14,5.982879771e-14,2.110583223e-13,4.563267798e-14,1.445009526e-13,1.194769415e-13,2.805716588e-13,4.026190854e-13,1.674476471e-13,2.932139077e-13,1.732686934e-13,2.156426802e-13,1.73497788e-13,9.726701434e-14,2.92897379e-14,7.483087178e-14,8.958913074e-14,7.978939672e-14,1.545421848e-13,1.614092176e-13,1.343097618e-13,3.335998496e-14,2.142773615e-13,1.05644067e-13
176.203125,2.87033451e-13,1.306050361e-13,1.697364982e-13,3.206134805e-13,2.829901236e-13,9.365911735e-14,8.294243769e-14,7.363529606e-14,3.544184141e-14,5.963710217e-14,2.113644757e-13,4.519444326e-14,1.435875112e-13,1.194566061e-13,2.805483689e-13,4.020844907e-13,1.652526313e-13,2.942260285e-13,1.724972674e-13,2.151412757e-13,1.731068702e-13,9.664284137e-14,2.934628527e-14,7.417581949e-14,8.956216217e-14,7.981405147e-14,1.54914979e-13,1.615431818e-13,1.344641394e-13,3.267979819e-14,2.130770524e-13,1.055252617e-13
176.2109375,2.857059271e-13,1.318642773e-13,1.684496378e-13,3.177638034e-13,2.814392325e-13,9.426198775e-14,8.372403051e-14,7.294995265e-14,3.516700848e-14,5.946173776e-14,2.117532893e-13,4.476379131e-14,1.428632398e-13,1.195299752e-13,2.804574733e-13,4.016563899e-13,1.6335452e-13,2.951290048e-13,1.718686031e-13,2.148055928e-13,1.726659087e-13,9.603481309e-14,2.938602877e-14,7.358511407e-14,8.950858515e-14,7.983542548e-14,1.554999781e-13,1.617487513e-13,1.346451903e-13,3.202997378e-14,2.119375948e-13,1.053561222e-13
176.21875,2.844967053e-13,1.332653296e-13,1.669577641e-13,3.147223537e-13,2.797573159e-13,9.475478825e-14,8.443012729e-14,7.228600002e-14,3.492140906e-14,5.928103989e-14,2.121268244e-13,4.430534521e-14,1.421559449e-13,1.195906774e-13,2.802111436e-13,4.012374954e-13,1.618553598e-13,2.957729306e-13,1.712883248e-13,2.147170302e-13,1.723310063e-13,9.538821411e-14,2.943858354e-14,7.307975047e-14,8.935588123e-14,7.986550184e-14,1.562199733e-13,1.619829037e-13,1.347426029e-13,3.141744529e-14,2.107146043e-13,1.051533443e-13
176.2265625,2.833027581e-13,1.34642216e-13,1.655120631e-13,3.113063261e-13,2.780542191e-13,9.520767854e-14,8.511940193e-14,7.163773249e-14,3.465337542e-14,5.908858543e-14,2.12467345e-13,4.384981502e-14,1.413476194e-13,1.195472198e-13,2.80024565e-13,4.009639663e-13,1.606297051e-13,2.961582539e-13,1.706685512e-13,2.14777938e-13,1.720883162e-13,9.467175587e-14,2.95217707e-14,7.256573484e-14,8.913768999e-14,7.995036181e-14,1.568885771e-13,1.622122512e-13,1.347234397e-13,3.082912681e-14,2.093103107e-13,1.049472921e-13
176.234375,2.821429871e-13,1.360994544e-13,1.641520556e-13,3.077814535e-13,2.764362635e-13,9.577857841e-14,8.589273332e-14,7.099462771e-14,3.439866348e-14,5.890048798e-14,2.12861867e-13,4.341957687e-14,1.405829177e-13,1.195222385e-13,2.7996306e-13,4.007813592e-13,1.595767052e-13,2.963714062e-13,1.700761933e-13,2.149188049e-13,1.717786758e-13,9.394154873e-14,2.961398103e-14,7.207586279e-14,8.893846422e-14,8.007119251e-14,1.575589484e-13,1.625084332e-13,1.346917558e-13,3.024215071e-14,2.078174073e-13,1.04743889e-13
176.2421875,2.810140229e-13,1.37730943e-13,1.625527619e-13,3.043322515e-13,2.747039902e-13,9.636090155e-14,8.66906618e-14,7.033295031e-14,3.418829263e-14,5.873134276e-14,2.132900006e-13,4.296537759e-14,1.398978308e-13,1.195114778e-13,2.797685234e-13,4.004893907e-13,1.585986152e-13,2.962492276e-13,1.694668125e-13,2.152198646e-13,1.714078535e-13,9.318268312e-14,2.968921232e-14,7.167076375e-14,8.870894139e-14,8.018671022e-14,1.582407866e-13,1.628932249e-13,1.345841e-13,2.96647992e-14,2.061764883e-13,1.045173435e-13
176.25,2.798923667e-13,1.392421738e-13,1.605768743e-13,3.008247119e-13,2.728096539e-13,9.684796913e-14,8.737479726e-14,6.963445993e-14,3.399267813e-14,5.856386977e-14,2.136877301e-13,4.248394755e-14,1.392343144e-13,1.194457662e-13,2.793444962e-13,4.001629631e-13,1.576949865e-13,2.958389254e-13,1.687954418e-13,2.157398149e-13,1.710488931e-13,9.237294941e-14,2.977342838e-14,7.128954891e-14,8.840545974e-14,8.031490743e-14,1.588989253e-13,1.632791226e-13,1.343895765e-13,2.910016261e-14,2.043846956e-13,1.042371649e-13
176.2578125,2.788755047e-13,1.407084982e-13,1.585069691e-13,2.971008494e-13,2.710361894e-13,9.736296464e-14,8.801463543e-14,6.890719265e-14,3.380869981e-14,5.837006466e-14,2.14118408e-13,4.20160872e-14,1.38650503e-13,1.194266606e-13,2.788042908e-13,3.998054775e-13,1.56973805e-13,2.953804503e-13,1.682067201e-13,2.164473739e-13,1.706852615e-13,9.158037936e-14,2.989609158e-14,7.092221348e-14,8.80942429e-14,8.047050997e-14,1.595972722e-13,1.636889796e-13,1.342273897e-13,2.853224636e-14,2.026494219e-13,1.039174386e-13
176.265625,2.780112843e-13,1.425688144e-13,1.566473371e-13,2.933476425e-13,2.694196624e-13,9.801978067e-14,8.874039399e-14,6.813814007e-14,3.365870237e-14,5.8165237e-14,2.146813061e-13,4.158896206e-14,1.38139553e-13,1.195416951e-13,2.782632284e-13,3.992569954e-13,1.56441376e-13,2.947351158e-13,1.677875688e-13,2.172744826e-13,1.703212844e-13,9.081584324e-14,3.001542512e-14,7.061073188e-14,8.776963437e-14,8.059513272e-14,1.603167639e-13,1.642532223e-13,1.340591411e-13,2.798495077e-14,2.010238137e-13,1.035858978e-13
176.2734375,2.773120578e-13,1.446318265e-13,1.549585056e-13,2.897634997e-13,2.678742434e-13,9.878628773e-14,8.946661201e-14,6.732723663e-14,3.35435677e-14,5.797775645e-14,2.154123905e-13,4.122440116e-14,1.376163426e-13,1.197973105e-13,2.777575682e-13,3.985597842e-13,1.560158881e-13,2.93752633e-13,1.674496666e-13,2.181958162e-13,1.699730673e-13,9.004585313e-14,3.009848349e-14,7.034393972e-14,8.735689069e-14,8.065188822e-14,1.609774836e-13,1.649116018e-13,1.338616973e-13,2.747675762e-14,1.99381522e-13,1.032327201e-13
176.28125,2.767576577e-13,1.46489437e-13,1.532013273e-13,2.8604643e-13,2.66394621e-13,9.953347969e-14,9.009833193e-14,6.652172473e-14,3.344026348e-14,5.778983843e-14,2.162463397e-13,4.086824628e-14,1.370947788e-13,1.201085713e-13,2.770943701e-13,3.976727853e-13,1.556626919e-13,2.92543067e-13,1.670871218e-13,2.191695569e-13,1.696023901e-13,8.926116962e-14,3.017368006e-14,7.01300952e-14,8.686586611e-14,8.068081208e-14,1.615660808e-13,1.654736352e-13,1.336708411e-13,2.697411061e-14,1.976062604e-13,1.028500012e-13
176.2890625,2.761287192e-13,1.482923155e-13,1.513716411e-13,2.81974825e-13,2.647835183e-13,1.002183456e-13,9.071076393e-14,6.571914377e-14,3.332769682e-14,5.757678949e-14,2.170166101e-13,4.045119043e-14,1.365880941e-13,1.203104452e-13,2.761988323e-13,3.965112003e-13,1.554255804e-13,2.911303661e-13,1.666673176e-13,2.201133396e-13,1.692016482e-13,8.840839068e-14,3.024605106e-14,6.995023978e-14,8.633851651e-14,8.071232472e-14,1.620948063e-13,1.659297822e-13,1.333616273e-13,2.647710872e-14,1.95666157e-13,1.024394762e-13
176.296875,2.753765943e-13,1.502184768e-13,1.496016637e-13,2.778620618e-13,2.630653728e-13,1.009598665e-13,9.134356841e-14,6.487518426e-14,3.323787383e-14,5.735371101e-14,2.176922962e-13,4.003526955e-14,1.360920867e-13,1.204934033e-13,2.753784152e-13,3.954177743e-13,1.554396054e-13,2.896352719e-13,1.662759696e-13,2.211580955e-13,1.688104901e-13,8.750847874e-14,3.030605942e-14,6.972983066e-14,8.57846302e-14,8.075917842e-14,1.62667611e-13,1.664071497e-13,1.329478023e-13,2.601679454e-14,1.937192068e-13,1.019853532e-13
176.3046875,2.747298739e-13,1.522202685e-13,1.47761309e-13,2.738449079e-13,2.615406477e-13,1.01740819e-13,9.195197547e-14,6.400466751e-14,3.320524448e-14,5.713986001e-14,2.184282266e-13,3.96624878e-14,1.356448198e-13,1.20845581e-13,2.746142632e-13,3.945415186e-13,1.557387937e-13,2.88196483e-13,1.659655076e-13,2.225341438e-13,1.68458133e-13,8.666817766e-14,3.038068904e-14,6.950433772e-14,8.521510337e-14,8.084252678e-14,1.633437819e-13,1.669436143e-13,1.325776868e-13,2.557750743e-14,1.918635042e-13,1.015061212e-13
176.3125,2.740512279e-13,1.543097424e-13,1.457669182e-13,2.697618234e-13,2.600665039e-13,1.024218948e-13,9.25378599e-14,6.31236995e-14,3.318889953e-14,5.692120516e-14,2.19240615e-13,3.926378156e-14,1.351797824e-13,1.211960342e-13,2.735160891e-13,3.934499229e-13,1.560802855e-13,2.865404946e-13,1.655823291e-13,2.241363667e-13,1.68141216e-13,8.583197134e-14,3.047822407e-14,6.935829997e-14,8.461099447e-14,8.093581595e-14,1.639406698e-13,1.674386008e-13,1.321326267e-13,2.51528432e-14,1.899132252e-13,1.010397255e-13
176.3203125,2.731041272e-13,1.564073771e-13,1.438221295e-13,2.657146702e-13,2.584156635e-13,1.030773181e-13,9.310526687e-14,6.219937173e-14,3.316321783e-14,5.667613803e-14,2.200589633e-13,3.88487855e-14,1.346436452e-13,1.214292489e-13,2.722369941e-13,3.920867886e-13,1.563244681e-13,2.845276871e-13,1.650978976e-13,2.257205762e-13,1.677854001e-13,8.490164775e-14,3.058152244e-14,6.925146059e-14,8.393543205e-14,8.099624531e-14,1.644319457e-13,1.678277787e-13,1.315787167e-13,2.477569185e-14,1.878218475e-13,1.005486395e-13
176.328125,2.722820662e-13,1.584850199e-13,1.41912408e-13,2.617963868e-13,2.567440156e-13,1.038223828e-13,9.364384088e-14,6.123841216e-14,3.316087806e-14,5.642799429e-14,2.209815433e-13,3.84682233e-14,1.341871555e-13,1.217681619e-13,2.711838874e-13,3.908375463e-13,1.566994447e-13,2.824264065e-13,1.647972883e-13,2.272426129e-13,1.673280904e-13,8.396153658e-14,3.068475669e-14,6.912500013e-14,8.321004358e-14,8.102713686e-14,1.650547337e-13,1.682877051e-13,1.311152392e-13,2.443589422e-14,1.857999869e-13,9.998271689e-14
176.3359375,2.718784937e-13,1.607174749e-13,1.39841751e-13,2.578652881e-13,2.550570852e-13,1.046114528e-13,9.418594272e-14,6.029260621e-14,3.317738626e-14,5.621591083e-14,2.220232688e-13,3.807973608e-14,1.338582584e-13,1.222281201e-13,2.702142851e-13,3.896210352e-13,1.572807397e-13,2.802006968e-13,1.647473657e-13,2.287354089e-13,1.668655735e-13,8.306625069e-14,3.077166513e-14,6.901321392e-14,8.247016719e-14,8.102916824e-14,1.6572136e-13,1.689744018e-13,1.306259063e-13,2.409297146e-14,1.838223986e-13,9.938394012e-14
176.34375,2.714581455e-13,1.630442778e-13,1.376988659e-13,2.539554413e-13,2.532977767e-13,1.054124397e-13,9.473324984e-14,5.939035291e-14,3.319217421e-14,5.600815448e-14,2.230015479e-13,3.767099978e-14,1.334899847e-13,1.226183144e-13,2.69096604e-13,3.881922401e-13,1.578043756e-13,2.776555492e-13,1.646486475e-13,2.303208814e-13,1.66515359e-13,8.214560223e-14,3.083192882e-14,6.89588127e-14,8.170420351e-14,8.100396343e-14,1.661845775e-13,1.696664078e-13,1.299421647e-13,2.374229115e-14,1.816794075e-13,9.880915054e-14
176.3515625,2.708046685e-13,1.653378346e-13,1.355592263e-13,2.501473306e-13,2.51587174e-13,1.061892935e-13,9.52614989e-14,5.854037493e-14,3.321817632e-14,5.576229998e-14,2.238903216e-13,3.727891302e-14,1.330632146e-13,1.229663748e-13,2.679511367e-13,3.867587677e-13,1.583015524e-13,2.749932144e-13,1.644242407e-13,2.321207582e-13,1.662150809e-13,8.119146144e-14,3.087044927e-14,6.893573278e-14,8.091583802e-14,8.097750404e-14,1.666218182e-13,1.701824241e-13,1.292734134e-13,2.339415054e-14,1.794167391e-13,9.824593143e-14
176.359375,2.702822201e-13,1.677675953e-13,1.332879629e-13,2.463260014e-13,2.497898191e-13,1.069153542e-13,9.580229689e-14,5.772799712e-14,3.326219673e-14,5.553577829e-14,2.248241929e-13,3.689128289e-14,1.327164109e-13,1.233896015e-13,2.668561293e-13,3.854996358e-13,1.591136067e-13,2.723617943e-13,1.643045857e-13,2.339458951e-13,1.658563561e-13,8.024470371e-14,3.087161611e-14,6.889017145e-14,8.013983231e-14,8.093481796e-14,1.671985214e-13,1.707631606e-13,1.286860845e-13,2.305824377e-14,1.772245809e-13,9.765989247e-14
176.3671875,2.699958994e-13,1.703278407e-13,1.309601733e-13,2.4251426e-13,2.478549672e-13,1.077210319e-13,9.635070705e-14,5.690682398e-14,3.334105987e-14,5.537343302e-14,2.25854403e-13,3.651705061e-14,1.324746899e-13,1.239337736e-13,2.657605918e-13,3.842854181e-13,1.60209293e-13,2.696179932e-13,1.643559212e-13,2.356429702e-13,1.654461119e-13,7.932068929e-14,3.084660383e-14,6.884596895e-14,7.936630483e-14,8.084766041e-14,1.676681249e-13,1.715579442e-13,1.279949517e-13,2.275231003e-14,1.75121229e-13,9.704048647e-14
176.375,2.6973457e-13,1.728169658e-13,1.287888568e-13,2.38819096e-13,2.461692502e-13,1.086771782e-13,9.68511541e-14,5.606599752e-14,3.347170353e-14,5.519871605e-14,2.269601453e-13,3.618085306e-14,1.322461829e-13,1.245705969e-13,2.646581373e-13,3.83046662e-13,1.612669384e-13,2.667728003e-13,1.644295411e-13,2.374280299e-13,1.650323806e-13,7.842250892e-14,3.084454722e-14,6.887366623e-14,7.855545308e-14,8.074396435e-14,1.679101943e-13,1.723550885e-13,1.272276101e-13,2.246984112e-14,1.729887857e-13,9.640070888e-14
176.3828125,2.69482836e-13,1.752953241e-13,1.266996553e-13,2.350754879e-13,2.447375863e-13,1.096350946e-13,9.73219847e-14,5.524383064e-14,3.361125398e-14,5.496151871e-14,2.280460651e-13,3.583919154e-14,1.319535615e-13,1.251402715e-13,2.634821334e-13,3.817561515e-13,1.622301581e-13,2.639067182e-13,1.644305742e-13,2.393654622e-13,1.646493624e-13,7.750802621e-14,3.086072153e-14,6.895203739e-14,7.771137571e-14,8.065257181e-14,1.681031073e-13,1.73012218e-13,1.264893274e-13,2.21843068e-14,1.707577691e-13,9.576195492e-14
176.390625,2.693048224e-13,1.778086233e-13,1.244529527e-13,2.311728062e-13,2.431068984e-13,1.104794471e-13,9.777765182e-14,5.445091151e-14,3.373257411e-14,5.472078084e-14,2.290266976e-13,3.547528199e-14,1.31650416e-13,1.255957612e-13,2.621672595e-13,3.803557318e-13,1.632982509e-13,2.609173081e-13,1.644230334e-13,2.412105847e-13,1.64304628e-13,7.655546717e-14,3.086019587e-14,6.902970216e-14,7.685999065e-14,8.056847966e-14,1.683327304e-13,1.736084713e-13,1.257750266e-13,2.190072699e-14,1.684962111e-13,9.511808475e-14
176.3984375,2.692419354e-13,1.803238547e-13,1.220485362e-13,2.273665511e-13,2.412930063e-13,1.112882503e-13,9.817369997e-14,5.367179543e-14,3.388384696e-14,5.451289018e-14,2.300387939e-13,3.513575177e-14,1.314584178e-13,1.261529687e-13,2.608096529e-13,3.789574226e-13,1.646437689e-13,2.578185769e-13,1.645473418e-13,2.429394646e-13,1.639425418e-13,7.563228438e-14,3.084415347e-14,6.912375429e-14,7.600389194e-14,8.046579674e-14,1.685813847e-13,1.742975611e-13,1.250801192e-13,2.164728727e-14,1.663322462e-13,9.444231438e-14
176.40625,2.694190814e-13,1.830292682e-13,1.197229796e-13,2.238346331e-13,2.39713459e-13,1.122059743e-13,9.854035596e-14,5.290920307e-14,3.40944239e-14,5.430803111e-14,2.312066938e-13,3.482813148e-14,1.313430583e-13,1.269495903e-13,2.594822253e-13,3.776284812e-13,1.662330458e-13,2.548151843e-13,1.648159915e-13,2.447572769e-13,1.635375097e-13,7.477413176e-14,3.080610446e-14,6.923821712e-14,7.514187524e-14,8.029911004e-14,1.688471906e-13,1.751805916e-13,1.24339179e-13,2.142975964e-14,1.642874666e-13,9.373492266e-14
176.4140625,2.698393541e-13,1.85890452e-13,1.175066156e-13,2.2038189e-13,2.384023389e-13,1.132286711e-13,9.892104177e-14,5.215492883e-14,3.433975406e-14,5.409177176e-14,2.323571241e-13,3.453521765e-14,1.312073193e-13,1.278791872e-13,2.581166762e-13,3.762047816e-13,1.678717235e-13,2.519216406e-13,1.651044018e-13,2.466536476e-13,1.631359151e-13,7.394135289e-14,3.073983044e-14,6.937585262e-14,7.427210877e-14,8.007575072e-14,1.690833049e-13,1.761260745e-13,1.23522433e-13,2.123363985e-14,1.622787995e-13,9.301277942e-14
176.421875,2.703761028e-13,1.885748467e-13,1.151905568e-13,2.168216113e-13,2.370066415e-13,1.142511419e-13,9.928004289e-14,5.139771243e-14,3.460504469e-14,5.388014739e-14,2.33343077e-13,3.426025527e-14,1.310916148e-13,1.288093159e-13,2.56730563e-13,3.746764862e-13,1.694963764e-13,2.489747296e-13,1.653877396e-13,2.48386979e-13,1.627108452e-13,7.310682029e-14,3.067855835e-14,6.956326251e-14,7.338783878e-14,7.986455317e-14,1.692518611e-13,1.769503091e-13,1.227231959e-13,2.104781447e-14,1.602764621e-13,9.22831501e-14
176.4296875,2.709988283e-13,1.911487004e-13,1.128349264e-13,2.131985825e-13,2.354334531e-13,1.153019313e-13,9.963360167e-14,5.06723118e-14,3.490268382e-14,5.368171152e-14,2.343111407e-13,3.399398873e-14,1.310070475e-13,1.297395985e-13,2.554289192e-13,3.731923932e-13,1.711376378e-13,2.459677632e-13,1.657212014e-13,2.498998959e-13,1.622079484e-13,7.226459273e-14,3.06342829e-14,6.972976849e-14,7.25074574e-14,7.967231202e-14,1.693630894e-13,1.777419465e-13,1.219052475e-13,2.086670258e-14,1.583050919e-13,9.155845011e-14
176.4375,2.716708861e-13,1.938411165e-13,1.106177351e-13,2.095414383e-13,2.339235945e-13,1.163928809e-13,1.000084024e-13,5.000721113e-14,3.523654891e-14,5.34882864e-14,2.354504217e-13,3.372066087e-14,1.308676987e-13,1.307357975e-13,2.541036786e-13,3.716334887e-13,1.727143813e-13,2.429570916e-13,1.660842076e-13,2.514178629e-13,1.617028201e-13,7.142852553e-14,3.058158286e-14,6.980874635e-14,7.163754592e-14,7.943529891e-14,1.694071498e-13,1.78604423e-13,1.209889186e-13,2.068462991e-14,1.563415808e-13,9.082806717e-14
176.4453125,2.723234072e-13,1.964976018e-13,1.083578243e-13,2.058433303e-13,2.324475138e-13,1.173997471e-13,1.003302471e-13,4.937524505e-14,3.558105149e-14,5.330294547e-14,2.367456934e-13,3.34346274e-14,1.306655176e-13,1.317537706e-13,2.525234008e-13,3.697617502e-13,1.742100964e-13,2.398342261e-13,1.664607639e-13,2.52973113e-13,1.61250146e-13,7.06194738e-14,3.050840359e-14,6.989847736e-14,7.072411926e-14,7.911427687e-14,1.693395917e-13,1.794307888e-13,1.200520151e-13,2.050139705e-14,1.543684468e-13,9.003667521e-14
176.453125,2.730130124e-13,1.990367022e-13,1.059512436e-13,2.022781806e-13,2.308057144e-13,1.183877611e-13,1.005813101e-13,4.875271311e-14,3.592697155e-14,5.314417662e-14,2.380310968e-13,3.313728418e-14,1.304598731e-13,1.327203597e-13,2.507277989e-13,3.676023676e-13,1.756775418e-13,2.365509662e-13,1.668551997e-13,2.543480152e-13,1.607714601e-13,6.981259979e-14,3.041221096e-14,7.006643905e-14,6.974627982e-14,7.871789726e-14,1.691079758e-13,1.801965437e-13,1.190926991e-13,2.032792674e-14,1.524186771e-13,8.917479808e-14
176.4609375,2.73807688e-13,2.016508903e-13,1.036462405e-13,1.990270934e-13,2.291932106e-13,1.195145143e-13,1.008149266e-13,4.814001673e-14,3.631042118e-14,5.29926614e-14,2.392364929e-13,3.285811724e-14,1.303335598e-13,1.337550081e-13,2.489592162e-13,3.653693311e-13,1.770797764e-13,2.332694059e-13,1.672474858e-13,2.556102833e-13,1.60250147e-13,6.900369518e-14,3.03006112e-14,7.024648289e-14,6.876826154e-14,7.829768706e-14,1.687562721e-13,1.809990893e-13,1.180675582e-13,2.016787371e-14,1.505031197e-13,8.831345852e-14
176.46875,2.747435237e-13,2.043848725e-13,1.014814661e-13,1.959780472e-13,2.277972249e-13,1.206929987e-13,1.010149062e-13,4.753096126e-14,3.674010115e-14,5.280628981e-14,2.404553147e-13,3.263236059e-14,1.303398009e-13,1.349720272e-13,2.473078527e-13,3.632213918e-13,1.784816918e-13,2.300779543e-13,1.676926707e-13,2.569592512e-13,1.597549341e-13,6.825044869e-14,3.01945351e-14,7.041585498e-14,6.781114068e-14,7.790615614e-14,1.684368329e-13,1.818268237e-13,1.170924181e-13,2.000756851e-14,1.486490996e-13,8.748620123e-14
176.4765625,2.758966993e-13,2.071906786e-13,9.933030768e-14,1.929001265e-13,2.26450537e-13,1.218627801e-13,1.012130544e-13,4.694302411e-14,3.718682379e-14,5.260419654e-14,2.416839369e-13,3.245813247e-14,1.303553011e-13,1.362880304e-13,2.45745404e-13,3.611609263e-13,1.799722327e-13,2.269231354e-13,1.682324823e-13,2.582695821e-13,1.592844234e-13,6.754964542e-14,3.008410392e-14,7.059152942e-14,6.683357637e-14,7.752111676e-14,1.681468753e-13,1.826272727e-13,1.161678042e-13,1.984350171e-14,1.469317183e-13,8.665169702e-14
176.484375,2.772092316e-13,2.100470757e-13,9.729193726e-14,1.898015118e-13,2.251712133e-13,1.231405296e-13,1.014983731e-13,4.641732558e-14,3.76670085e-14,5.243039409e-14,2.428373398e-13,3.232466379e-14,1.302753799e-13,1.376796264e-13,2.443033407e-13,3.591294665e-13,1.81436186e-13,2.238374861e-13,1.687902619e-13,2.594521123e-13,1.588189491e-13,6.684569607e-14,2.994312399e-14,7.076778685e-14,6.586063276e-14,7.708206717e-14,1.677082803e-13,1.834254932e-13,1.151752534e-13,1.968417801e-14,1.45344615e-13,8.579026045e-14
176.4921875,2.785299682e-13,2.12839286e-13,9.535168887e-14,1.868951321e-13,2.240949234e-13,1.245441604e-13,1.018078143e-13,4.59406513e-14,3.821470505e-14,5.228115023e-14,2.439965997e-13,3.223839275e-14,1.302355065e-13,1.392186948e-13,2.429798008e-13,3.571214317e-13,1.828175289e-13,2.209042765e-13,1.693629152e-13,2.606458599e-13,1.5837576e-13,6.615923338e-14,2.978108407e-14,7.097502422e-14,6.493738033e-14,7.659452462e-14,1.671294102e-13,1.84264462e-13,1.141970405e-13,1.952450138e-14,1.438279096e-13,8.492510802e-14
176.5,2.798613691e-13,2.155378659e-13,9.332356911e-14,1.842592448e-13,2.230487624e-13,1.25991332e-13,1.02039821e-13,4.545751136e-14,3.880937774e-14,5.214954337e-14,2.451914508e-13,3.219962169e-14,1.302972227e-13,1.408424561e-13,2.417156875e-13,3.551184455e-13,1.841261762e-13,2.181050259e-13,1.699989802e-13,2.618195986e-13,1.579466169e-13,6.552522151e-14,2.961149492e-14,7.121078882e-14,6.402276252e-14,7.61181366e-14,1.665829532e-13,1.851316546e-13,1.132913513e-13,1.936266332e-14,1.424103286e-13,8.406688455e-14
176.5078125,2.812706192e-13,2.182457071e-13,9.131266843e-14,1.817609777e-13,2.219462665e-13,1.27415228e-13,1.022479023e-13,4.497935429e-14,3.941821799e-14,5.203418987e-14,2.462924941e-13,3.219609812e-14,1.303355467e-13,1.424746274e-13,2.405618014e-13,3.531124662e-13,1.852816472e-13,2.153858366e-13,1.706369705e-13,2.628528849e-13,1.575611899e-13,6.490651469e-14,2.94187646e-14,7.141461857e-14,6.309447976e-14,7.564816307e-14,1.660526499e-13,1.859655638e-13,1.123137107e-13,1.920717595e-14,1.411273692e-13,8.320962505e-14
176.515625,2.828064857e-13,2.210252924e-13,8.949224116e-14,1.793065833e-13,2.209508485e-13,1.28805431e-13,1.024922161e-13,4.457371904e-14,4.005060225e-14,5.189770112e-14,2.474121984e-13,3.221701585e-14,1.303808462e-13,1.441920177e-13,2.395610203e-13,3.51092657e-13,1.863916987e-13,2.127106639e-13,1.712836989e-13,2.637399162e-13,1.572841198e-13,6.428876163e-14,2.919475144e-14,7.16022115e-14,6.220069979e-14,7.509827551e-14,1.654149516e-13,1.867965508e-13,1.112577482e-13,1.904642885e-14,1.399391017e-13,8.23542016e-14
176.5234375,2.845109752e-13,2.239727501e-13,8.769370449e-14,1.768835974e-13,2.200439877e-13,1.3023175e-13,1.027414925e-13,4.424170684e-14,4.073317981e-14,5.171819381e-14,2.487576501e-13,3.225242242e-14,1.305491359e-13,1.460624186e-13,2.385305293e-13,3.488719934e-13,1.875690494e-13,2.100070096e-13,1.720051839e-13,2.64435191e-13,1.570292673e-13,6.371035391e-14,2.895283261e-14,7.182717908e-14,6.132654577e-14,7.444859324e-14,1.647017644e-13,1.877355171e-13,1.102603981e-13,1.886547879e-14,1.387960572e-13,8.14951004e-14
176.53125,2.862913478e-13,2.270400041e-13,8.573775792e-14,1.744881559e-13,2.191053536e-13,1.316948457e-13,1.029741362e-13,4.39294763e-14,4.145798026e-14,5.151721406e-14,2.50137249e-13,3.229182938e-14,1.307724032e-13,1.48022347e-13,2.373377131e-13,3.463697227e-13,1.885935837e-13,2.072182409e-13,1.726978678e-13,2.650000922e-13,1.566227316e-13,6.316813848e-14,2.869903055e-14,7.207926093e-14,6.040938024e-14,7.378488862e-14,1.639697986e-13,1.887124076e-13,1.093048807e-13,1.867149847e-14,1.376474856e-13,8.060918325e-14
176.5390625,2.880558321e-13,2.29907624e-13,8.375251204e-14,1.722582756e-13,2.182054649e-13,1.331699218e-13,1.031843334e-13,4.363788584e-14,4.219498416e-14,5.132016219e-14,2.512985231e-13,3.234136353e-14,1.309772494e-13,1.500137309e-13,2.361484801e-13,3.438356423e-13,1.89384023e-13,2.044081282e-13,1.733181283e-13,2.656370938e-13,1.560591746e-13,6.264193146e-14,2.842827768e-14,7.233610327e-14,5.946578955e-14,7.314002348e-14,1.631405477e-13,1.895801426e-13,1.082978472e-13,1.847640926e-14,1.365000449e-13,7.969610295e-14
176.546875,2.898936382e-13,2.32577897e-13,8.192523189e-14,1.702907837e-13,2.174566005e-13,1.347439008e-13,1.033476347e-13,4.339764587e-14,4.297032401e-14,5.116362461e-14,2.523788632e-13,3.242879496e-14,1.312375361e-13,1.521190233e-13,2.35074759e-13,3.413286618e-13,1.901249107e-13,2.017129924e-13,1.74040823e-13,2.662504255e-13,1.554538873e-13,6.217263356e-14,2.814619985e-14,7.257844513e-14,5.854279609e-14,7.246860888e-14,1.621685511e-13,1.904536479e-13,1.072621128e-13,1.829538035e-14,1.354807235e-13,7.880025998e-14
176.5546875,2.918567486e-13,2.354275204e-13,8.025158036e-14,1.683448857e-13,2.168306781e-13,1.363779146e-13,1.034631084e-13,4.320039406e-14,4.38314705e-14,5.10667251e-14,2.535602302e-13,3.256623646e-14,1.315957208e-13,1.54399508e-13,2.339988344e-13,3.386828586e-13,1.90817006e-13,1.991787093e-13,1.748938093e-13,2.665932681e-13,1.548581344e-13,6.178798622e-14,2.786598105e-14,7.279402593e-14,5.763953522e-14,7.176962798e-14,1.611438571e-13,1.914844128e-13,1.062965542e-13,1.813005468e-14,1.346403154e-13,7.794307948e-14
176.5625,2.938698155e-13,2.38476051e-13,7.862633439e-14,1.66303539e-13,2.162292242e-13,1.379385016e-13,1.035686851e-13,4.303733599e-14,4.473792292e-14,5.098763032e-14,2.547720946e-13,3.273854427e-14,1.319904014e-13,1.567169204e-13,2.328876297e-13,3.360049309e-13,1.913974664e-13,1.967044404e-13,1.756975752e-13,2.667909125e-13,1.542990319e-13,6.143042182e-14,2.758210512e-14,7.301387165e-14,5.674418422e-14,7.105733136e-14,1.600996006e-13,1.925369079e-13,1.054286326e-13,1.794588737e-14,1.33862822e-13,7.708310572e-14
176.5703125,2.958664627e-13,2.415077328e-13,7.701648539e-14,1.644573447e-13,2.156063843e-13,1.394640887e-13,1.036860476e-13,4.291528068e-14,4.562856382e-14,5.088734083e-14,2.559199062e-13,3.293890391e-14,1.323737731e-13,1.589652854e-13,2.318107162e-13,3.333690711e-13,1.91902618e-13,1.942027953e-13,1.764141726e-13,2.67040465e-13,1.538151513e-13,6.105383148e-14,2.727749095e-14,7.322688171e-14,5.585194302e-14,7.028754098e-14,1.589348927e-13,1.934763989e-13,1.045643747e-13,1.772864511e-14,1.330964983e-13,7.618310401e-14
176.578125,2.978770971e-13,2.44549828e-13,7.547210113e-14,1.628556703e-13,2.149735038e-13,1.409992357e-13,1.037860244e-13,4.282729934e-14,4.652354433e-14,5.07526381e-14,2.570210385e-13,3.316895175e-14,1.32771948e-13,1.612572672e-13,2.307600442e-13,3.305997709e-13,1.923379657e-13,1.917557564e-13,1.771726251e-13,2.671752456e-13,1.533692361e-13,6.069630623e-14,2.695984783e-14,7.338620189e-14,5.496555737e-14,6.944527318e-14,1.576541972e-13,1.944193822e-13,1.036690041e-13,1.750410241e-14,1.324140523e-13,7.525831914e-14
176.5859375,3.001294713e-13,2.475679082e-13,7.403589876e-14,1.612219635e-13,2.144105209e-13,1.426023906e-13,1.038541382e-13,4.278052872e-14,4.746245553e-14,5.057018396e-14,2.580612002e-13,3.343033583e-14,1.332266998e-13,1.637122823e-13,2.297354271e-13,3.277265073e-13,1.927564969e-13,1.894792253e-13,1.780349764e-13,2.670969186e-13,1.528821287e-13,6.040453891e-14,2.665537043e-14,7.355928629e-14,5.409881285e-14,6.860977096e-14,1.564209721e-13,1.954693481e-13,1.028417695e-13,1.727499041e-14,1.318630141e-13,7.435334009e-14
176.59375,3.02746937e-13,2.503707228e-13,7.268441924e-14,1.596076006e-13,2.140790559e-13,1.444110567e-13,1.039203025e-13,4.279614439e-14,4.846120082e-14,5.038639875e-14,2.589191886e-13,3.373968989e-14,1.33720041e-13,1.663495492e-13,2.287583856e-13,3.248571508e-13,1.931385132e-13,1.873314439e-13,1.789263675e-13,2.670854087e-13,1.523226627e-13,6.017186888e-14,2.636622101e-14,7.382747644e-14,5.323948223e-14,6.783978498e-14,1.552167356e-13,1.965282749e-13,1.020552952e-13,1.703161133e-14,1.314341567e-13,7.349339412e-14
176.6015625,3.054288214e-13,2.529854659e-13,7.134005131e-14,1.582046832e-13,2.139658569e-13,1.462494461e-13,1.039705825e-13,4.286447206e-14,4.951789713e-14,5.026451197e-14,2.595537693e-13,3.409018406e-14,1.341996733e-13,1.691306192e-13,2.278158975e-13,3.219142126e-13,1.933335677e-13,1.852503488e-13,1.797629824e-13,2.672232108e-13,1.516916062e-13,5.996590414e-14,2.606572307e-14,7.411109308e-14,5.237183357e-14,6.707401627e-14,1.538058213e-13,1.974944596e-13,1.011542076e-13,1.678491724e-14,1.310653252e-13,7.264108072e-14
176.609375,3.079937957e-13,2.556369395e-13,6.997631755e-14,1.568705216e-13,2.138400152e-13,1.478748856e-13,1.03974554e-13,4.296916041e-14,5.059277712e-14,5.016372203e-14,2.601759112e-13,3.444026999e-14,1.346536045e-13,1.719354332e-13,2.269129126e-13,3.189051728e-13,1.933937389e-13,1.832854994e-13,1.805742966e-13,2.671837738e-13,1.510145349e-13,5.977257417e-14,2.573636858e-14,7.432182701e-14,5.151775985e-14,6.624578405e-14,1.521944039e-13,1.984325727e-13,1.001955891e-13,1.65349242e-14,1.306905057e-13,7.175245863e-14
176.6171875,3.106721323e-13,2.585139581e-13,6.864714223e-14,1.555347959e-13,2.13707139e-13,1.495057012e-13,1.039743915e-13,4.311787336e-14,5.167554849e-14,5.003685056e-14,2.609768192e-13,3.479450936e-14,1.351163675e-13,1.747235883e-13,2.259830827e-13,3.158354455e-13,1.934078834e-13,1.814128841e-13,1.814177491e-13,2.669055797e-13,1.50325125e-13,5.961367205e-14,2.538942442e-14,7.450800652e-14,5.06728736e-14,6.540349316e-14,1.506557564e-13,1.994489475e-13,9.936682648e-14,1.627917951e-14,1.303508055e-13,7.086117393e-14
176.625,3.135206194e-13,2.615634304e-13,6.734838464e-14,1.544172636e-13,2.137442732e-13,1.512980903e-13,1.03978569e-13,4.330691048e-14,5.28117924e-14,4.992431718e-14,2.618025546e-13,3.519168072e-14,1.356266144e-13,1.775979324e-13,2.249158997e-13,3.125761213e-13,1.932502643e-13,1.795234472e-13,1.822649569e-13,2.666454366e-13,1.495948709e-13,5.951039244e-14,2.504558114e-14,7.471229613e-14,4.980336004e-14,6.459654164e-14,1.492338747e-13,2.005262371e-13,9.86250395e-14,1.60275563e-14,1.300855277e-13,7.00039253e-14
176.6328125,3.163972373e-13,2.644891002e-13,6.604500367e-14,1.534733142e-13,2.138452106e-13,1.530500988e-13,1.039254756e-13,4.351346562e-14,5.398795386e-14,4.983115843e-14,2.624304942e-13,3.561664096e-14,1.361697491e-13,1.805442773e-13,2.237928733e-13,3.091459928e-13,1.929301543e-13,1.7763411e-13,1.830794561e-13,2.663071666e-13,1.487970175e-13,5.944084326e-14,2.471725126e-14,7.488681529e-14,4.892610856e-14,6.378469894e-14,1.47722398e-13,2.01576909e-13,9.779511532e-14,1.576957457e-14,1.298175033e-13,6.915049066e-14
176.640625,3.193106032e-13,2.672356078e-13,6.482267262e-14,1.523484478e-13,2.138930586e-13,1.54728552e-13,1.038363015e-13,4.373773371e-14,5.515211066e-14,4.970451098e-14,2.629304682e-13,3.603897655e-14,1.366764152e-13,1.834726372e-13,2.227410753e-13,3.055971114e-13,1.925213107e-13,1.757839482e-13,1.838614493e-13,2.656536357e-13,1.479967564e-13,5.937868604e-14,2.440433018e-14,7.501008838e-14,4.806118221e-14,6.293817014e-14,1.460485342e-13,2.025424132e-13,9.687294085e-14,1.549202078e-14,1.29539578e-13,6.828367314e-14
176.6484375,3.222150349e-13,2.700418791e-13,6.374039813e-14,1.510175203e-13,2.140412662e-13,1.564156629e-13,1.03779069e-13,4.400213307e-14,5.633118262e-14,4.953331217e-14,2.634513313e-13,3.64800391e-14,1.371349656e-13,1.864496801e-13,2.216823885e-13,3.018123358e-13,1.918274992e-13,1.73902846e-13,1.845982988e-13,2.648814697e-13,1.472358214e-13,5.934101878e-14,2.408528442e-14,7.513432114e-14,4.717944047e-14,6.206007512e-14,1.442784939e-13,2.033992717e-13,9.597617804e-14,1.519940604e-14,1.293556247e-13,6.74165143e-14
176.65625,3.250338117e-13,2.728945401e-13,6.270495581e-14,1.498189019e-13,2.143570556e-13,1.580559896e-13,1.037384202e-13,4.430446647e-14,5.757668616e-14,4.933200129e-14,2.639749672e-13,3.697678767e-14,1.376194419e-13,1.895461595e-13,2.205285359e-13,2.977382767e-13,1.907248984e-13,1.719950598e-13,1.852967415e-13,2.641845798e-13,1.464701022e-13,5.935378296e-14,2.373102596e-14,7.528802113e-14,4.627595978e-14,6.11404935e-14,1.424348399e-13,2.041956422e-13,9.514162314e-14,1.489050883e-14,1.292848288e-13,6.654397039e-14
176.6640625,3.278546621e-13,2.756569124e-13,6.168350269e-14,1.488629386e-13,2.147467783e-13,1.59659341e-13,1.036816078e-13,4.462199503e-14,5.888018099e-14,4.911388228e-14,2.644484445e-13,3.753046599e-14,1.381470876e-13,1.927006963e-13,2.193463736e-13,2.934768624e-13,1.893928452e-13,1.701406562e-13,1.85987857e-13,2.633918888e-13,1.456802417e-13,5.940737799e-14,2.334473072e-14,7.544697051e-14,4.537815506e-14,6.019822502e-14,1.405126007e-13,2.05020992e-13,9.433188789e-14,1.457537865e-14,1.292897156e-13,6.567006009e-14
176.671875,3.307236499e-13,2.784237481e-13,6.073663478e-14,1.480079706e-13,2.151897503e-13,1.612744936e-13,1.036138843e-13,4.495714658e-14,6.020144308e-14,4.890336826e-14,2.648656985e-13,3.80987778e-14,1.386733844e-13,1.958776177e-13,2.182576981e-13,2.892494288e-13,1.880621474e-13,1.683616049e-13,1.866904014e-13,2.624795511e-13,1.448621784e-13,5.947755262e-14,2.295974466e-14,7.561090779e-14,4.450118402e-14,5.926078521e-14,1.385417184e-13,2.058786798e-13,9.355100631e-14,1.42696217e-14,1.293684352e-13,6.480193309e-14
176.6796875,3.337198674e-13,2.812416713e-13,5.98333559e-14,1.47270963e-13,2.157131867e-13,1.629068579e-13,1.035403234e-13,4.533703518e-14,6.152651634e-14,4.87096772e-14,2.652404057e-13,3.865699594e-14,1.392430166e-13,1.991287509e-13,2.173416946e-13,2.852702356e-13,1.868881166e-13,1.667411276e-13,1.874499015e-13,2.616597054e-13,1.439844882e-13,5.956764776e-14,2.259651542e-14,7.580640878e-14,4.366680061e-14,5.831500777e-14,1.366015972e-13,2.067687562e-13,9.281998654e-14,1.395913785e-14,1.295127473e-13,6.392943182e-14
176.6875,3.370366014e-13,2.840578827e-13,5.894323028e-14,1.466785384e-13,2.163050551e-13,1.645897157e-13,1.034570364e-13,4.579128955e-14,6.289296441e-14,4.854825278e-14,2.656353849e-13,3.925444545e-14,1.399194665e-13,2.024994548e-13,2.165417624e-13,2.814145669e-13,1.858496423e-13,1.65371006e-13,1.88304516e-13,2.609099718e-13,1.430734453e-13,5.969573116e-14,2.224833429e-14,7.602373073e-14,4.286887185e-14,5.735422882e-14,1.347261799e-13,2.078173075e-13,9.210639808e-14,1.364817172e-14,1.297573685e-13,6.306861117e-14
176.6953125,3.405590483e-13,2.868833662e-13,5.81606507e-14,1.460283174e-13,2.168978116e-13,1.662711316e-13,1.033277604e-13,4.632634566e-14,6.431004273e-14,4.844604245e-14,2.660453251e-13,3.992254318e-14,1.406201789e-13,2.059585086e-13,2.157508257e-13,2.774370895e-13,1.847450723e-13,1.641189157e-13,1.891895752e-13,2.600768432e-13,1.421803168e-13,5.984884235e-14,2.189972853e-14,7.623372867e-14,4.204574449e-14,5.638188498e-14,1.328358821e-13,2.090565889e-13,9.141682676e-14,1.336876677e-14,1.30148823e-13,6.223410681e-14
176.703125,3.439308304e-13,2.896716308e-13,5.754963695e-14,1.45238366e-13,2.174751928e-13,1.678749763e-13,1.031257956e-13,4.689997645e-14,6.571391661e-14,4.83605628e-14,2.663354023e-13,4.061221654e-14,1.412724546e-13,2.094478682e-13,2.150228942e-13,2.734141688e-13,1.834412588e-13,1.62816369e-13,1.900057435e-13,2.592074797e-13,1.412884242e-13,6.000479943e-14,2.154184189e-14,7.64400382e-14,4.118996757e-14,5.538576225e-14,1.309244939e-13,2.102587077e-13,9.082942719e-14,1.309786867e-14,1.306183868e-13,6.140250097e-14
176.7109375,3.470776902e-13,2.924568593e-13,5.704386832e-14,1.444969178e-13,2.181537697e-13,1.69430047e-13,1.029163199e-13,4.749014457e-14,6.71068655e-14,4.821515758e-14,2.664873581e-13,4.13051641e-14,1.419763911e-13,2.129695102e-13,2.144275951e-13,2.694217946e-13,1.819318357e-13,1.615178861e-13,1.907419627e-13,2.583450606e-13,1.40388323e-13,6.017894651e-14,2.117600649e-14,7.667769398e-14,4.037075658e-14,5.43704059e-14,1.290673312e-13,2.112419994e-13,9.032712832e-14,1.278469315e-14,1.31122173e-13,6.057538942e-14
176.71875,3.501766404e-13,2.953112078e-13,5.654308942e-14,1.439319384e-13,2.189350658e-13,1.709394069e-13,1.027518106e-13,4.813898654e-14,6.856396337e-14,4.80191057e-14,2.66641192e-13,4.202652555e-14,1.427741011e-13,2.164871568e-13,2.138391347e-13,2.6531711e-13,1.802420504e-13,1.603143642e-13,1.914433871e-13,2.573926009e-13,1.39500384e-13,6.038704546e-14,2.081042994e-14,7.696421886e-14,3.959620584e-14,5.335239547e-14,1.27187924e-13,2.121237312e-13,8.980157475e-14,1.243791511e-14,1.317127626e-13,5.977114913e-14
176.7265625,3.533348669e-13,2.979810893e-13,5.603013513e-14,1.435155448e-13,2.197162513e-13,1.724415598e-13,1.025906175e-13,4.884065456e-14,7.006723525e-14,4.783238432e-14,2.668442772e-13,4.276096084e-14,1.435298382e-13,2.199216188e-13,2.13142621e-13,2.610826797e-13,1.784200217e-13,1.591610087e-13,1.921179153e-13,2.563981624e-13,1.386081434e-13,6.06165929e-14,2.045586772e-14,7.725838289e-14,3.880887508e-14,5.234576092e-14,1.252212323e-13,2.130694633e-13,8.92207866e-14,1.208829127e-14,1.323537343e-13,5.8974025e-14
176.734375,3.564877509e-13,3.003514527e-13,5.560129608e-14,1.431300735e-13,2.206017168e-13,1.740200333e-13,1.024196446e-13,4.953812319e-14,7.15654467e-14,4.766350216e-14,2.670517069e-13,4.351545179e-14,1.442079012e-13,2.233846558e-13,2.124108102e-13,2.567512038e-13,1.764996806e-13,1.580125958e-13,1.927613087e-13,2.554634663e-13,1.377121102e-13,6.08688489e-14,2.011483797e-14,7.751455591e-14,3.800676815e-14,5.134718756e-14,1.232722753e-13,2.140115957e-13,8.860994213e-14,1.17370176e-14,1.330290818e-13,5.817045029e-14
176.7421875,3.595776571e-13,3.027561934e-13,5.531733543e-14,1.4260916e-13,2.216515466e-13,1.755726505e-13,1.022516152e-13,5.023933618e-14,7.30798857e-14,4.748021124e-14,2.672342362e-13,4.432874829e-14,1.449271323e-13,2.27042629e-13,2.117344835e-13,2.522090666e-13,1.745123007e-13,1.568977502e-13,1.934339998e-13,2.544000699e-13,1.368205687e-13,6.11539106e-14,1.977521671e-14,7.77459273e-14,3.722492951e-14,5.030569609e-14,1.213416126e-13,2.14820943e-13,8.801253832e-14,1.138370499e-14,1.338677883e-13,5.734981342e-14
176.75,3.62776501e-13,3.052272857e-13,5.510332776e-14,1.41969687e-13,2.227202804e-13,1.770008693e-13,1.020351962e-13,5.097022951e-14,7.460980591e-14,4.728031177e-14,2.673772037e-13,4.516889264e-14,1.457193852e-13,2.307875378e-13,2.110784435e-13,2.474601322e-13,1.724672711e-13,1.558157176e-13,1.941831553e-13,2.531004512e-13,1.358774995e-13,6.146545024e-14,1.943444715e-14,7.796657037e-14,3.645183188e-14,4.92229025e-14,1.193726341e-13,2.156040807e-13,8.751748447e-14,1.103955118e-14,1.348736272e-13,5.650851723e-14
176.7578125,3.661868095e-13,3.075925977e-13,5.493947844e-14,1.41424239e-13,2.238592971e-13,1.783954893e-13,1.017599478e-13,5.173415631e-14,7.614346876e-14,4.70975999e-14,2.675527617e-13,4.601197063e-14,1.46551785e-13,2.344401458e-13,2.103918284e-13,2.426844065e-13,1.70299309e-13,1.5473217e-13,1.949421791e-13,2.51880926e-13,1.348857161e-13,6.181065538e-14,1.911402852e-14,7.816656049e-14,3.566779762e-14,4.819526181e-14,1.174453372e-13,2.165720518e-13,8.712820378e-14,1.070826353e-14,1.359488675e-13,5.570399333e-14
176.765625,3.695676369e-13,3.100910933e-13,5.493185806e-14,1.410666742e-13,2.251370391e-13,1.797878966e-13,1.014855571e-13,5.255519761e-14,7.771778774e-14,4.693341203e-14,2.67786891e-13,4.691427053e-14,1.474365007e-13,2.380214018e-13,2.097467416e-13,2.379994444e-13,1.680476179e-13,1.537095001e-13,1.956472053e-13,2.508130158e-13,1.33935539e-13,6.219807797e-14,1.882399531e-14,7.837182581e-14,3.489314733e-14,4.721628716e-14,1.155166197e-13,2.176796004e-13,8.674592893e-14,1.037915139e-14,1.371519284e-13,5.49546878e-14
176.7734375,3.727791035e-13,3.127445805e-13,5.507954146e-14,1.408333814e-13,2.263477933e-13,1.811722941e-13,1.011998194e-13,5.340603105e-14,7.932285699e-14,4.674896213e-14,2.678881946e-13,4.786916928e-14,1.483470638e-13,2.416304802e-13,2.092144989e-13,2.33394154e-13,1.658537457e-13,1.528260196e-13,1.963249667e-13,2.495170884e-13,1.330252882e-13,6.260579561e-14,1.85435064e-14,7.862386992e-14,3.414119889e-14,4.618175632e-14,1.134729552e-13,2.187048918e-13,8.637049129e-14,1.003894995e-14,1.384894124e-13,5.41662718e-14
176.78125,3.759987424e-13,3.152533755e-13,5.524658343e-14,1.406416681e-13,2.275353295e-13,1.825978261e-13,1.008614435e-13,5.425061832e-14,8.092728867e-14,4.653984998e-14,2.677840018e-13,4.87966596e-14,1.492608685e-13,2.453605989e-13,2.087195584e-13,2.287811039e-13,1.636792454e-13,1.519548879e-13,1.969895202e-13,2.480777671e-13,1.321044014e-13,6.302710614e-14,1.825686881e-14,7.894154987e-14,3.339508927e-14,4.512175873e-14,1.114426504e-13,2.196517314e-13,8.604231545e-14,9.694836219e-15,1.398196446e-13,5.332271286e-14
176.7890625,3.793636462e-13,3.17788898e-13,5.536334669e-14,1.403972744e-13,2.289969819e-13,1.839722593e-13,1.005025922e-13,5.516192993e-14,8.255794911e-14,4.633010409e-14,2.676001477e-13,4.968680564e-14,1.502244987e-13,2.492458473e-13,2.082062152e-13,2.241212906e-13,1.614388619e-13,1.509394381e-13,1.976200998e-13,2.470350962e-13,1.311749311e-13,6.347654628e-14,1.797625588e-14,7.931832505e-14,3.264416735e-14,4.412576381e-14,1.094872346e-13,2.206710941e-13,8.567171183e-14,9.368987649e-15,1.411370254e-13,5.253009513e-14
176.796875,3.827621221e-13,3.203881402e-13,5.545984303e-14,1.400707506e-13,2.30612107e-13,1.851649618e-13,1.001316231e-13,5.61531614e-14,8.420174979e-14,4.610774514e-14,2.672481042e-13,5.05748762e-14,1.512119082e-13,2.531186341e-13,2.077188106e-13,2.194926479e-13,1.591946688e-13,1.498884972e-13,1.981962616e-13,2.463832954e-13,1.301836845e-13,6.393344597e-14,1.771540857e-14,7.970721413e-14,3.189323704e-14,4.316539848e-14,1.074499237e-13,2.216425683e-13,8.52019761e-14,9.057179731e-15,1.424839421e-13,5.179318271e-14
176.8046875,3.858933498e-13,3.225608279e-13,5.560270101e-14,1.397519968e-13,2.320546852e-13,1.862084526e-13,9.970836692e-14,5.712182219e-14,8.58170391e-14,4.58486077e-14,2.666850301e-13,5.147471599e-14,1.521648781e-13,2.567594234e-13,2.072310944e-13,2.149081271e-13,1.569176382e-13,1.489416782e-13,1.986821199e-13,2.456820198e-13,1.291025613e-13,6.4378319e-14,1.746353794e-14,8.008693966e-14,3.115030118e-14,4.219354142e-14,1.053604682e-13,2.223650247e-13,8.474584037e-14,8.729231897e-15,1.438055213e-13,5.103309627e-14
176.8125,3.887472878e-13,3.24516836e-13,5.583477809e-14,1.3950255e-13,2.333816677e-13,1.871928352e-13,9.925069158e-14,5.807842841e-14,8.743140316e-14,4.556036927e-14,2.662205333e-13,5.240159536e-14,1.531388309e-13,2.601956729e-13,2.067070533e-13,2.102495141e-13,1.544951839e-13,1.479978404e-13,1.991141099e-13,2.448673725e-13,1.280536065e-13,6.483880296e-14,1.719873614e-14,8.049377801e-14,3.041459263e-14,4.122093963e-14,1.03338419e-13,2.230203629e-13,8.438942032e-14,8.379638302e-15,1.451573758e-13,5.027737738e-14
176.8203125,3.91812888e-13,3.268613929e-13,5.610670046e-14,1.392202937e-13,2.348236659e-13,1.881815116e-13,9.878513324e-14,5.908679449e-14,8.904953542e-14,4.526708368e-14,2.658643901e-13,5.334727541e-14,1.541476891e-13,2.636525531e-13,2.062002374e-13,2.054809089e-13,1.519612195e-13,1.469609586e-13,1.995861123e-13,2.441599655e-13,1.270722788e-13,6.532237217e-14,1.692380765e-14,8.090702136e-14,2.966922326e-14,4.026262565e-14,1.013063886e-13,2.238366691e-13,8.406553036e-14,8.033983279e-15,1.466207018e-13,4.958081143e-14
176.828125,3.950871228e-13,3.292344192e-13,5.637735388e-14,1.387760758e-13,2.363691726e-13,1.891244539e-13,9.827889836e-14,6.010349849e-14,9.063193809e-14,4.498623054e-14,2.652485764e-13,5.429094777e-14,1.551347528e-13,2.672426515e-13,2.056811373e-13,2.006997556e-13,1.493949758e-13,1.459311687e-13,2.000444615e-13,2.435658274e-13,1.260480077e-13,6.579512743e-14,1.667073469e-14,8.127301473e-14,2.892247228e-14,3.933911074e-14,9.926001701e-14,2.246305721e-13,8.373967814e-14,7.705014292e-15,1.481295073e-13,4.889274784e-14
176.8359375,3.979040569e-13,3.312220941e-13,5.669034553e-14,1.383337565e-13,2.37818759e-13,1.898707389e-13,9.772370504e-14,6.111137761e-14,9.219831563e-14,4.472462067e-14,2.644261222e-13,5.526010106e-14,1.5617548e-13,2.708057747e-13,2.050442096e-13,1.959492561e-13,1.468293472e-13,1.450145936e-13,2.003721233e-13,2.428874913e-13,1.249894851e-13,6.625084133e-14,1.64608171e-14,8.160702618e-14,2.821813376e-14,3.845022842e-14,9.732112736e-14,2.252712718e-13,8.351964818e-14,7.386277208e-15,1.496822859e-13,4.816707513e-14
176.84375,4.003562571e-13,3.332857569e-13,5.702295696e-14,1.381920328e-13,2.391014273e-13,1.904537012e-13,9.713289398e-14,6.214050204e-14,9.375787651e-14,4.448114435e-14,2.637217449e-13,5.626418157e-14,1.57322643e-13,2.74116405e-13,2.042830537e-13,1.911575672e-13,1.442748992e-13,1.441983452e-13,2.006291377e-13,2.420467074e-13,1.239639624e-13,6.669999412e-14,1.628142982e-14,8.191560358e-14,2.754940738e-14,3.755168931e-14,9.543700787e-14,2.260097248e-13,8.342515523e-14,7.075388118e-15,1.513142619e-13,4.745227066e-14
176.8515625,4.031112306e-13,3.355935641e-13,5.734016916e-14,1.381956494e-13,2.403852074e-13,1.910444028e-13,9.64825797e-14,6.316507518e-14,9.526081425e-14,4.42294376e-14,2.63142872e-13,5.725243443e-14,1.584497315e-13,2.771967228e-13,2.034809363e-13,1.863028439e-13,1.416814146e-13,1.434327058e-13,2.009296981e-13,2.412097853e-13,1.229334339e-13,6.712966947e-14,1.611250812e-14,8.219833086e-14,2.686685067e-14,3.663203136e-14,9.352387144e-14,2.26905796e-13,8.331274692e-14,6.767087026e-15,1.529283803e-13,4.679553827e-14
176.859375,4.059874089e-13,3.377515824e-13,5.778016406e-14,1.379374687e-13,2.418065305e-13,1.916486875e-13,9.579652778e-14,6.417957749e-14,9.670802236e-14,4.392111768e-14,2.626023656e-13,5.821648343e-14,1.595326348e-13,2.802671156e-13,2.027981267e-13,1.814936347e-13,1.390583481e-13,1.426982071e-13,2.012736116e-13,2.405235091e-13,1.218984654e-13,6.754931574e-14,1.594855893e-14,8.252449749e-14,2.618965573e-14,3.57137496e-14,9.166000826e-14,2.27668515e-13,8.317843927e-14,6.451718428e-15,1.545350795e-13,4.617403582e-14
176.8671875,4.085161215e-13,3.397441826e-13,5.841425245e-14,1.374676466e-13,2.432932261e-13,1.921995872e-13,9.513928251e-14,6.519921008e-14,9.813077801e-14,4.356199911e-14,2.620489651e-13,5.919139574e-14,1.606693717e-13,2.834255453e-13,2.023723682e-13,1.768008529e-13,1.364900665e-13,1.419675265e-13,2.016274061e-13,2.399294327e-13,1.20895942e-13,6.798897888e-14,1.57871948e-14,8.290438026e-14,2.555745953e-14,3.478899889e-14,8.983943977e-14,2.282305245e-13,8.314146469e-14,6.136233948e-15,1.562471835e-13,4.55454442e-14
176.875,4.108701336e-13,3.417517e-13,5.905633622e-14,1.370419469e-13,2.447137625e-13,1.926914848e-13,9.447798736e-14,6.61859951e-14,9.94998755e-14,4.320729937e-14,2.61322131e-13,6.016597946e-14,1.61802221e-13,2.865233562e-13,2.020707225e-13,1.721693283e-13,1.339401354e-13,1.411821106e-13,2.019517467e-13,2.393327363e-13,1.198778857e-13,6.842907794e-14,1.562771341e-14,8.32632367e-14,2.493310282e-14,3.385721362e-14,8.793900153e-14,2.287810716e-13,8.313697278e-14,5.831872563e-15,1.57984085e-13,4.49006677e-14
176.8828125,4.13176046e-13,3.437436384e-13,5.959975611e-14,1.366330249e-13,2.460024713e-13,1.93115454e-13,9.374987306e-14,6.71385291e-14,1.007891061e-13,4.285344214e-14,2.604289307e-13,6.112042043e-14,1.628734746e-13,2.893859839e-13,2.016381156e-13,1.675413495e-13,1.31364594e-13,1.403498922e-13,2.022047531e-13,2.386531167e-13,1.188503965e-13,6.883785869e-14,1.547877976e-14,8.359142526e-14,2.429092157e-14,3.294315465e-14,8.601604411e-14,2.293596141e-13,8.307977658e-14,5.535075504e-15,1.596832029e-13,4.425259699e-14
176.890625,4.152872919e-13,3.457289708e-13,6.015664001e-14,1.362471106e-13,2.472183672e-13,1.934855558e-13,9.298451885e-14,6.811671275e-14,1.020489787e-13,4.24760284e-14,2.59571251e-13,6.207986589e-14,1.64005448e-13,2.921023555e-13,2.010623995e-13,1.628890614e-13,1.288304351e-13,1.395584463e-13,2.024205732e-13,2.378202397e-13,1.178783128e-13,6.923918398e-14,1.534098122e-14,8.389617657e-14,2.366654267e-14,3.203613841e-14,8.424441432e-14,2.299202704e-13,8.307523434e-14,5.245038059e-15,1.614928439e-13,4.36027544e-14
176.8984375,4.173181228e-13,3.477424452e-13,6.078460217e-14,1.360155562e-13,2.485058807e-13,1.938151837e-13,9.221870404e-14,6.914325391e-14,1.033440399e-13,4.211214828e-14,2.587717464e-13,6.307634384e-14,1.652415935e-13,2.949407943e-13,2.00497227e-13,1.581919086e-13,1.263015368e-13,1.388204177e-13,2.026469051e-13,2.369452741e-13,1.169029082e-13,6.965358171e-14,1.52038359e-14,8.416055903e-14,2.306223198e-14,3.111493945e-14,8.261382752e-14,2.305118554e-13,8.316603229e-14,4.96810995e-15,1.634518916e-13,4.295182344e-14
176.90625,4.194451167e-13,3.498421619e-13,6.147837255e-14,1.358818909e-13,2.498926366e-13,1.941150617e-13,9.145110181e-14,7.019195553e-14,1.046586724e-13,4.17785703e-14,2.579532947e-13,6.412760894e-14,1.664993874e-13,2.979753001e-13,2.000275234e-13,1.535189022e-13,1.237300656e-13,1.380817779e-13,2.028806429e-13,2.361995473e-13,1.158722875e-13,7.006497548e-14,1.50712802e-14,8.444579401e-14,2.245915189e-14,3.02130749e-14,8.09997865e-14,2.311906889e-13,8.328478322e-14,4.705076722e-15,1.654457156e-13,4.232980327e-14
176.9140625,4.216304815e-13,3.52073449e-13,6.228941238e-14,1.357728181e-13,2.51304109e-13,1.944864364e-13,9.068206002e-14,7.121549327e-14,1.059195505e-13,4.144756948e-14,2.571560679e-13,6.522018877e-14,1.677983048e-13,3.010228843e-13,1.996544522e-13,1.489846321e-13,1.212804537e-13,1.373482356e-13,2.031377032e-13,2.356091248e-13,1.148709173e-13,7.048289367e-14,1.495183885e-14,8.479392751e-14,2.187807332e-14,2.937256845e-14,7.938232604e-14,2.319565513e-13,8.343589412e-14,4.457929683e-15,1.674600804e-13,4.175666436e-14
176.921875,4.237552189e-13,3.541171601e-13,6.31847265e-14,1.35717097e-13,2.527093364e-13,1.949544727e-13,8.986991995e-14,7.217398853e-14,1.070935953e-13,4.110664514e-14,2.563768508e-13,6.629022416e-14,1.691643829e-13,3.039082364e-13,1.993405555e-13,1.446003547e-13,1.190437836e-13,1.366257793e-13,2.034050904e-13,2.351981256e-13,1.139122395e-13,7.091871194e-14,1.483784437e-14,8.512487112e-14,2.132086855e-14,2.857616396e-14,7.779739431e-14,2.327049504e-13,8.360523997e-14,4.227259145e-15,1.695017941e-13,4.118894318e-14
176.9296875,4.25685222e-13,3.55772884e-13,6.404888404e-14,1.355799154e-13,2.540421087e-13,1.95366749e-13,8.898223945e-14,7.307831586e-14,1.081936389e-13,4.071648007e-14,2.554883456e-13,6.729673207e-14,1.704893835e-13,3.066095492e-13,1.990955708e-13,1.403144652e-13,1.168685544e-13,1.358795183e-13,2.036039377e-13,2.34919753e-13,1.129121353e-13,7.133280086e-14,1.472868186e-14,8.540032767e-14,2.076245068e-14,2.778227663e-14,7.623361432e-14,2.332594935e-13,8.374946127e-14,4.003523647e-15,1.714985934e-13,4.058002146e-14
176.9375,4.274287966e-13,3.57474239e-13,6.489609274e-14,1.351974176e-13,2.552713458e-13,1.956562683e-13,8.80880994e-14,7.397418783e-14,1.092405662e-13,4.02541521e-14,2.54450024e-13,6.827531031e-14,1.717288063e-13,3.092342387e-13,1.989783396e-13,1.361117335e-13,1.146705882e-13,1.351218919e-13,2.037490428e-13,2.345388502e-13,1.118883537e-13,7.171164664e-14,1.463577056e-14,8.569681334e-14,2.021703293e-14,2.698459683e-14,7.465924141e-14,2.336340537e-13,8.389045382e-14,3.78481638e-15,1.734515665e-13,3.996001067e-14
176.9453125,4.291170014e-13,3.594084589e-13,6.582450627e-14,1.347083376e-13,2.565575221e-13,1.958884652e-13,8.722387808e-14,7.489046293e-14,1.102757854e-13,3.980492932e-14,2.534472331e-13,6.926533972e-14,1.730046938e-13,3.118803121e-13,1.98920419e-13,1.319752283e-13,1.125023644e-13,1.3438019e-13,2.039407905e-13,2.340327695e-13,1.108909728e-13,7.210590384e-14,1.45534487e-14,8.606209163e-14,1.970329244e-14,2.619937736e-14,7.30720379e-14,2.340490818e-13,8.401265406e-14,3.582798472e-15,1.75468467e-13,3.937514007e-14
176.953125,4.307061809e-13,3.612857663e-13,6.684476203e-14,1.343577109e-13,2.579727502e-13,1.960876047e-13,8.631692558e-14,7.579621349e-14,1.113050428e-13,3.941912849e-14,2.526629048e-13,7.026612347e-14,1.74397e-13,3.144720219e-13,1.987773033e-13,1.278800507e-13,1.103753208e-13,1.336473706e-13,2.04187911e-13,2.336566306e-13,1.098671625e-13,7.252922263e-14,1.446953922e-14,8.644259124e-14,1.920401608e-14,2.542833426e-14,7.152124716e-14,2.345912785e-13,8.411381912e-14,3.402379828e-15,1.776283842e-13,3.880696758e-14
176.9609375,4.321244378e-13,3.631763289e-13,6.792558527e-14,1.341132495e-13,2.593499891e-13,1.962620374e-13,8.535317642e-14,7.662031344e-14,1.122538882e-13,3.902386002e-14,2.519556998e-13,7.126877133e-14,1.758208119e-13,3.16875609e-13,1.985831329e-13,1.238662009e-13,1.083012369e-13,1.329559883e-13,2.044449912e-13,2.334301797e-13,1.087846523e-13,7.293516346e-14,1.438961768e-14,8.674879622e-14,1.871819067e-14,2.466634575e-14,7.002598481e-14,2.351448493e-13,8.427361847e-14,3.238977856e-15,1.798891249e-13,3.822998229e-14
176.96875,4.334523431e-13,3.65070954e-13,6.905751846e-14,1.337452896e-13,2.606241078e-13,1.964184215e-13,8.440442443e-14,7.7367239e-14,1.130918965e-13,3.858503852e-14,2.510584056e-13,7.225436723e-14,1.771552852e-13,3.191091183e-13,1.984804815e-13,1.199995624e-13,1.06311665e-13,1.323440148e-13,2.046760653e-13,2.331467384e-13,1.076998531e-13,7.330276669e-14,1.43226106e-14,8.696272999e-14,1.826543636e-14,2.392867218e-14,6.851193373e-14,2.355955486e-13,8.443884775e-14,3.087681164e-15,1.820983063e-13,3.767471457e-14
176.9765625,4.346576724e-13,3.665164325e-13,7.02047998e-14,1.332082928e-13,2.618837611e-13,1.965406467e-13,8.348487979e-14,7.812366719e-14,1.138864706e-13,3.813935457e-14,2.4998592e-13,7.320375667e-14,1.783804129e-13,3.212321406e-13,1.984737469e-13,1.162586382e-13,1.04350146e-13,1.317421802e-13,2.048043811e-13,2.327697846e-13,1.066437503e-13,7.36482617e-14,1.426567228e-14,8.715988863e-14,1.78365989e-14,2.324560886e-14,6.697217794e-14,2.359039939e-13,8.450545342e-14,2.944948664e-15,1.841477401e-13,3.716680316e-14
176.984375,4.357102179e-13,3.676913768e-13,7.134298052e-14,1.326479232e-13,2.631525324e-13,1.966684304e-13,8.255561328e-14,7.891581141e-14,1.146797149e-13,3.76973735e-14,2.489182576e-13,7.414148635e-14,1.79568423e-13,3.232427451e-13,1.984670864e-13,1.125786496e-13,1.023624984e-13,1.310722003e-13,2.048405761e-13,2.32424174e-13,1.056134748e-13,7.398766991e-14,1.420844463e-14,8.739890749e-14,1.740926488e-14,2.262290288e-14,6.551841444e-14,2.361481272e-13,8.459022978e-14,2.814231993e-15,1.861240177e-13,3.667796786e-14
176.9921875,4.367704569e-13,3.691750844e-13,7.255490614e-14,1.321116708e-13,2.644598259e-13,1.968400613e-13,8.160843669e-14,7.968943123e-14,1.154414363e-13,3.72784912e-14,2.479264318e-13,7.510604903e-14,1.808004546e-13,3.25222744e-13,1.984588087e-13,1.089841585e-13,1.004224477e-13,1.304095106e-13,2.049297821e-13,2.321693066e-13,1.046342287e-13,7.433175852e-14,1.414442774e-14,8.765558487e-14,1.698670652e-14,2.201707003e-14,6.415490388e-14,2.364997309e-13,8.481859808e-14,2.706806721e-15,1.881848192e-13,3.617478371e-14
177,4.377196779e-13,3.707365574e-13,7.393976856e-14,1.316041565e-13,2.65827403e-13,1.969992335e-13,8.065945148e-14,8.040768824e-14,1.161247058e-13,3.69139108e-14,2.469932928e-13,7.609310046e-14,1.821028934e-13,3.272585806e-13,1.985509491e-13,1.055479595e-13,9.860684166e-14,1.298642e-13,2.050757655e-13,2.319214297e-13,1.036897095e-13,7.466659677e-14,1.408337687e-14,8.788927194e-14,1.658584784e-14,2.138438348e-14,6.277660933e-14,2.369843025e-13,8.511509755e-14,2.626351539e-15,1.903277192e-13,3.565591856e-14
177.0078125,4.382768338e-13,3.719673517e-13,7.54180176e-14,1.31188759e-13,2.671366908e-13,1.970992846e-13,7.97104529e-14,8.108540664e-14,1.167145163e-13,3.657009302e-14,2.460445209e-13,7.707016661e-14,1.834419031e-13,3.292226565e-13,1.987629886e-13,1.022670193e-13,9.689517648e-14,1.293833639e-13,2.051415631e-13,2.316380673e-13,1.026812708e-13,7.496179092e-14,1.403814121e-14,8.810423927e-14,1.621043575e-14,2.075618856e-14,6.137886559e-14,2.374297996e-13,8.537635758e-14,2.562878276e-15,1.924481772e-13,3.514227631e-14
177.015625,4.387495745e-13,3.730435979e-13,7.680553384e-14,1.307891069e-13,2.683234024e-13,1.97157542e-13,7.87365078e-14,8.175568119e-14,1.172487392e-13,3.61957759e-14,2.449908308e-13,7.800140086e-14,1.847583646e-13,3.309668477e-13,1.989646838e-13,9.908769724e-14,9.527179562e-14,1.288742695e-13,2.051346104e-13,2.314373137e-13,1.015599617e-13,7.522346177e-14,1.400197508e-14,8.831713769e-14,1.585137485e-14,2.02027278e-14,6.003568908e-14,2.377200911e-13,8.556966939e-14,2.509891874e-15,1.945221095e-13,3.465715034e-14
177.0234375,4.394796045e-13,3.740403268e-13,7.809204913e-14,1.302611214e-13,2.694334864e-13,1.971779057e-13,7.771988447e-14,8.240828984e-14,1.177453546e-13,3.580095327e-14,2.438426578e-13,7.886004156e-14,1.859988742e-13,3.325373898e-13,1.990681363e-13,9.597994477e-14,9.374674034e-14,1.283662433e-13,2.051008305e-13,2.31270007e-13,1.004020488e-13,7.546691698e-14,1.396287934e-14,8.849721511e-14,1.550259492e-14,1.971794135e-14,5.878885062e-14,2.378769292e-13,8.57425691e-14,2.472624841e-15,1.96538246e-13,3.419133072e-14
177.03125,4.40033147e-13,3.748897185e-13,7.944066139e-14,1.296536636e-13,2.704469465e-13,1.971723594e-13,7.669326519e-14,8.300188382e-14,1.181605997e-13,3.54222926e-14,2.427089389e-13,7.967134689e-14,1.871736208e-13,3.339951876e-13,1.991435774e-13,9.293920677e-14,9.227272863e-14,1.278607804e-13,2.049918189e-13,2.309444467e-13,9.930382855e-14,7.568033923e-14,1.392575735e-14,8.861091734e-14,1.516690887e-14,1.923146839e-14,5.76350337e-14,2.380044832e-13,8.598904464e-14,2.455440207e-15,1.984593844e-13,3.371170423e-14
177.0390625,4.401692393e-13,3.758422436e-13,8.092931633e-14,1.290774204e-13,2.714834453e-13,1.972073718e-13,7.569701491e-14,8.354945041e-14,1.185024766e-13,3.507089611e-14,2.417309766e-13,8.050960363e-14,1.883926624e-13,3.354063279e-13,1.99286483e-13,8.998302625e-14,9.082318036e-14,1.272864428e-13,2.049036511e-13,2.306228179e-13,9.828911107e-14,7.588990342e-14,1.390193461e-14,8.870487165e-14,1.485232099e-14,1.872777889e-14,5.653066132e-14,2.382798858e-13,8.62731654e-14,2.461255918e-15,2.003946105e-13,3.32186263e-14
177.046875,4.403646178e-13,3.76971503e-13,8.24798381e-14,1.285569127e-13,2.72763499e-13,1.972936332e-13,7.471535704e-14,8.408294682e-14,1.188305089e-13,3.473487841e-14,2.408988248e-13,8.140460652e-14,1.897193842e-13,3.369167213e-13,1.994838046e-13,8.71238056e-14,8.946054367e-14,1.266747841e-13,2.049656727e-13,2.304700118e-13,9.731541082e-14,7.613044267e-14,1.389321319e-14,8.882239529e-14,1.456444437e-14,1.82474909e-14,5.54625336e-14,2.387303328e-13,8.649792911e-14,2.493733957e-15,2.024569685e-13,3.273473166e-14
177.0546875,4.406058196e-13,3.780402083e-13,8.399411036e-14,1.281036493e-13,2.740444044e-13,1.973060573e-13,7.371709738e-14,8.458026729e-14,1.191124566e-13,3.440022461e-14,2.399568798e-13,8.22966625e-14,1.91049414e-13,3.384034002e-13,1.99630459e-13,8.433655379e-14,8.818113147e-14,1.260786533e-13,2.050145123e-13,2.301789781e-13,9.631405961e-14,7.63378132e-14,1.389418622e-14,8.889469151e-14,1.429489569e-14,1.780145872e-14,5.446922354e-14,2.391300015e-13,8.671769216e-14,2.542278842e-15,2.044962746e-13,3.226692423e-14
177.0625,4.404423091e-13,3.790662155e-13,8.5458485e-14,1.27669352e-13,2.749375719e-13,1.971676765e-13,7.271519256e-14,8.502260992e-14,1.192805182e-13,3.405366972e-14,2.388251941e-13,8.3119863e-14,1.922879397e-13,3.395504373e-13,1.996796072e-13,8.160941327e-14,8.688409344e-14,1.254447188e-13,2.048986122e-13,2.296474771e-13,9.526026491e-14,7.645418394e-14,1.39002195e-14,8.884537559e-14,1.402835223e-14,1.737746367e-14,5.352822645e-14,2.394019581e-13,8.697038434e-14,2.596702512e-15,2.063795091e-13,3.182210594e-14
177.0703125,4.401751513e-13,3.801124643e-13,8.695432357e-14,1.271599317e-13,2.757302274e-13,1.970218756e-13,7.172499833e-14,8.542799832e-14,1.193759557e-13,3.369953279e-14,2.377633036e-13,8.389442436e-14,1.934843827e-13,3.405072098e-13,1.997408135e-13,7.89676905e-14,8.557303689e-14,1.247794202e-13,2.047705344e-13,2.291894877e-13,9.419715399e-14,7.655709944e-14,1.390579372e-14,8.872774644e-14,1.376272826e-14,1.698392792e-14,5.258297112e-14,2.397255439e-13,8.715112364e-14,2.673121662e-15,2.082374158e-13,3.139005527e-14
177.078125,4.402424773e-13,3.809508801e-13,8.855682828e-14,1.266209037e-13,2.768765752e-13,1.97050928e-13,7.072467674e-14,8.581620498e-14,1.194783394e-13,3.338195667e-14,2.368059058e-13,8.469230177e-14,1.946933424e-13,3.416439338e-13,1.99894876e-13,7.642572706e-14,8.436248466e-14,1.241704045e-13,2.047378073e-13,2.287868846e-13,9.315243068e-14,7.671678926e-14,1.390250268e-14,8.86613964e-14,1.350572751e-14,1.663485326e-14,5.165874822e-14,2.401170645e-13,8.724986777e-14,2.781543876e-15,2.101549677e-13,3.093978383e-14
177.0859375,4.403079618e-13,3.815755635e-13,9.024802966e-14,1.261713957e-13,2.781707544e-13,1.972279816e-13,6.971652151e-14,8.620078047e-14,1.195775929e-13,3.311182773e-14,2.357498226e-13,8.552160198e-14,1.959128557e-13,3.428315314e-13,2.000713443e-13,7.400701144e-14,8.329905993e-14,1.236183688e-13,2.047179515e-13,2.282495639e-13,9.211331076e-14,7.688467053e-14,1.389586348e-14,8.866336912e-14,1.326728552e-14,1.632871576e-14,5.079925393e-14,2.404587426e-13,8.737209255e-14,2.907290609e-15,2.120530086e-13,3.049319509e-14
177.09375,4.400523964e-13,3.823328163e-13,9.199314526e-14,1.257512675e-13,2.792490525e-13,1.973892671e-13,6.874354824e-14,8.6564097e-14,1.195939591e-13,3.282441916e-14,2.346865447e-13,8.631628229e-14,1.971369355e-13,3.438125764e-13,2.002884691e-13,7.177178042e-14,8.236231662e-14,1.230843774e-13,2.046835962e-13,2.27704964e-13,9.108650552e-14,7.700946645e-14,1.391037212e-14,8.861201288e-14,1.305998022e-14,1.604548796e-14,4.999907296e-14,2.408078134e-13,8.75312577e-14,3.052337643e-15,2.138964776e-13,3.009509343e-14
177.1015625,4.396876128e-13,3.832463014e-13,9.377777583e-14,1.252160409e-13,2.801874212e-13,1.974704623e-13,6.780371261e-14,8.687353975e-14,1.194914406e-13,3.251573526e-14,2.337444266e-13,8.70584852e-14,1.983421786e-13,3.446955326e-13,2.006695804e-13,6.9737859e-14,8.154424378e-14,1.225740441e-13,2.046563977e-13,2.272025389e-13,9.006484288e-14,7.710531059e-14,1.395313176e-14,8.843482548e-14,1.288313425e-14,1.577146182e-14,4.925206239e-14,2.412091398e-13,8.768224628e-14,3.227921527e-15,2.157088668e-13,2.972411713e-14
177.109375,4.394637936e-13,3.840159848e-13,9.552727552e-14,1.246638992e-13,2.811842731e-13,1.975628351e-13,6.685711502e-14,8.714828104e-14,1.193481581e-13,3.22668452e-14,2.327489596e-13,8.781807393e-14,1.995379921e-13,3.455897168e-13,2.011266143e-13,6.783482318e-14,8.082165875e-14,1.221100338e-13,2.046371354e-13,2.265995178e-13,8.900645752e-14,7.720501743e-14,1.399775124e-14,8.822678914e-14,1.272506262e-14,1.553181181e-14,4.854276522e-14,2.415857553e-13,8.782001399e-14,3.417424385e-15,2.175658679e-13,2.935319852e-14
177.1171875,4.394425503e-13,3.84691062e-13,9.719213349e-14,1.242762023e-13,2.822755009e-13,1.977302072e-13,6.590669553e-14,8.741779368e-14,1.19247782e-13,3.206969349e-14,2.316639543e-13,8.863296557e-14,2.007809181e-13,3.464701098e-13,2.014865009e-13,6.599977321e-14,8.015603254e-14,1.217307695e-13,2.046529584e-13,2.25929987e-13,8.793414059e-14,7.732029555e-14,1.402457231e-14,8.806829362e-14,1.2584595e-14,1.53515669e-14,4.783779747e-14,2.419778725e-13,8.794634848e-14,3.61021455e-15,2.195318382e-13,2.899651945e-14
177.125,4.394413054e-13,3.854978325e-13,9.888024366e-14,1.238943415e-13,2.834180082e-13,1.979159174e-13,6.496328665e-14,8.766207159e-14,1.191285157e-13,3.184740746e-14,2.30681762e-13,8.94438175e-14,2.020536699e-13,3.473624785e-13,2.018281099e-13,6.42561676e-14,7.952550154e-14,1.214189725e-13,2.046794079e-13,2.252897622e-13,8.691499676e-14,7.741915616e-14,1.404416925e-14,8.789343268e-14,1.245787302e-14,1.521158766e-14,4.715283201e-14,2.424326899e-13,8.806765101e-14,3.822465365e-15,2.214391321e-13,2.864280088e-14
177.1328125,4.392128493e-13,3.862760979e-13,1.007024814e-13,1.233150271e-13,2.845488477e-13,1.98116002e-13,6.401406828e-14,8.7858639e-14,1.188835731e-13,3.160029279e-14,2.297963188e-13,9.019729364e-14,2.033164103e-13,3.482040224e-13,2.022722001e-13,6.264752116e-14,7.891831677e-14,1.210960492e-13,2.046672085e-13,2.246503526e-13,8.594371026e-14,7.747528443e-14,1.407155316e-14,8.76313562e-14,1.233712038e-14,1.509427248e-14,4.653824006e-14,2.428397094e-13,8.819931922e-14,4.05982909e-15,2.231255128e-13,2.827572198e-14
177.140625,4.388678816e-13,3.868542514e-13,1.025854742e-13,1.227431672e-13,2.856312215e-13,1.983985877e-13,6.307811479e-14,8.802444865e-14,1.185460401e-13,3.13543363e-14,2.28876323e-13,9.093388969e-14,2.046095418e-13,3.4890711e-13,2.027421872e-13,6.116484338e-14,7.835863852e-14,1.207848828e-13,2.046640772e-13,2.239377915e-13,8.498071691e-14,7.752119265e-14,1.410474993e-14,8.73107045e-14,1.223545564e-14,1.500699589e-14,4.599774006e-14,2.431671996e-13,8.832704595e-14,4.318488552e-15,2.247698118e-13,2.792178664e-14
177.1484375,4.385746098e-13,3.873882495e-13,1.044000425e-13,1.223641405e-13,2.866780409e-13,1.987379283e-13,6.21775258e-14,8.82068356e-14,1.182152417e-13,3.111308548e-14,2.279419953e-13,9.170667667e-14,2.059287866e-13,3.495541371e-13,2.032052625e-13,5.980770683e-14,7.791755528e-14,1.205475095e-13,2.046951356e-13,2.231170778e-13,8.400225035e-14,7.757329651e-14,1.413054929e-14,8.699642297e-14,1.215926154e-14,1.494627659e-14,4.549859714e-14,2.434952425e-13,8.843161102e-14,4.600424229e-15,2.264758652e-13,2.759407685e-14
177.15625,4.381765666e-13,3.879103181e-13,1.06192086e-13,1.220469986e-13,2.877110609e-13,1.991194105e-13,6.12943221e-14,8.841658938e-14,1.178845833e-13,3.090587126e-14,2.270807176e-13,9.248120441e-14,2.072131197e-13,3.501696796e-13,2.037581478e-13,5.86220024e-14,7.763966652e-14,1.203250918e-13,2.047075474e-13,2.223143164e-13,8.297416623e-14,7.760002506e-14,1.413950868e-14,8.670629457e-14,1.208951966e-14,1.489929417e-14,4.502487989e-14,2.438211429e-13,8.852273927e-14,4.901542796e-15,2.280370286e-13,2.727197317e-14
177.1640625,4.37591945e-13,3.883226094e-13,1.081339383e-13,1.217741927e-13,2.887153781e-13,1.996181778e-13,6.042527436e-14,8.857353477e-14,1.174631877e-13,3.073512669e-14,2.263094216e-13,9.320133576e-14,2.084755369e-13,3.506378204e-13,2.043911097e-13,5.760285142e-14,7.750879298e-14,1.200877813e-13,2.047117875e-13,2.216309635e-13,8.191605972e-14,7.759768674e-14,1.413664391e-14,8.639423094e-14,1.202816575e-14,1.485355632e-14,4.457666387e-14,2.441448969e-13,8.860004797e-14,5.224545324e-15,2.294587277e-13,2.694044033e-14
177.171875,4.369743966e-13,3.886839714e-13,1.10271457e-13,1.216359953e-13,2.89680355e-13,2.002174021e-13,5.957460669e-14,8.8645503e-14,1.169371757e-13,3.057187842e-14,2.25600465e-13,9.389964958e-14,2.097447122e-13,3.509824891e-13,2.050236018e-13,5.668657888e-14,7.749913554e-14,1.199209091e-13,2.047592111e-13,2.208934871e-13,8.089904386e-14,7.758841569e-14,1.413249323e-14,8.604509343e-14,1.199425655e-14,1.480399568e-14,4.416572575e-14,2.445514265e-13,8.864757726e-14,5.583277894e-15,2.309898305e-13,2.660230015e-14
177.1796875,4.36470676e-13,3.890006221e-13,1.124897741e-13,1.215400354e-13,2.907292382e-13,2.008646316e-13,5.872850668e-14,8.874432187e-14,1.164289789e-13,3.044779348e-14,2.249864279e-13,9.464826787e-14,2.110263268e-13,3.513834311e-13,2.057039059e-13,5.587312372e-14,7.759781706e-14,1.198526165e-13,2.048729809e-13,2.200504049e-13,7.99248115e-14,7.75961976e-14,1.412698412e-14,8.572461486e-14,1.198223899e-14,1.477913976e-14,4.380043504e-14,2.450866868e-13,8.868869784e-14,5.974814758e-15,2.326374491e-13,2.628306759e-14
177.1875,4.361408167e-13,3.892995588e-13,1.147152151e-13,1.21408952e-13,2.919536195e-13,2.0156244e-13,5.791754958e-14,8.892679255e-14,1.160147464e-13,3.039268937e-14,2.244904954e-13,9.544316678e-14,2.123414153e-13,3.519305467e-13,2.06509738e-13,5.520633159e-14,7.776619629e-14,1.198355248e-13,2.05047443e-13,2.193415251e-13,7.897349446e-14,7.764655671e-14,1.411811157e-14,8.543602054e-14,1.198521495e-14,1.480239398e-14,4.346755047e-14,2.456676582e-13,8.877054034e-14,6.387535788e-15,2.342837514e-13,2.599858959e-14
177.1953125,4.358196599e-13,3.896630973e-13,1.169385198e-13,1.212116858e-13,2.931402207e-13,2.022118006e-13,5.717765973e-14,8.910851803e-14,1.155687826e-13,3.034816564e-14,2.239272166e-13,9.621524482e-14,2.136246851e-13,3.525334252e-13,2.073870925e-13,5.465478983e-14,7.793269214e-14,1.198391087e-13,2.051947104e-13,2.187687468e-13,7.806410682e-14,7.769642781e-14,1.411320191e-14,8.506680545e-14,1.201255908e-14,1.485812262e-14,4.319460652e-14,2.460912534e-13,8.888140561e-14,6.817738834e-15,2.359521801e-13,2.572231471e-14
177.203125,4.353580742e-13,3.898200929e-13,1.191441474e-13,1.208361738e-13,2.941599342e-13,2.027812575e-13,5.647355623e-14,8.92392482e-14,1.149717047e-13,3.026903898e-14,2.231457831e-13,9.693651055e-14,2.147836831e-13,3.531244937e-13,2.082580906e-13,5.41583752e-14,7.809422984e-14,1.198531834e-13,2.052704252e-13,2.180844096e-13,7.714945325e-14,7.767938735e-14,1.411266881e-14,8.455311941e-14,1.206567442e-14,1.495317016e-14,4.303764751e-14,2.462939855e-13,8.894556205e-14,7.25853639e-15,2.376428069e-13,2.543817663e-14
177.2109375,4.349703084e-13,3.896903154e-13,1.213896061e-13,1.203602096e-13,2.952343491e-13,2.034419818e-13,5.579083983e-14,8.932988202e-14,1.143084145e-13,3.020397001e-14,2.223599402e-13,9.765077894e-14,2.158728967e-13,3.537823707e-13,2.091314864e-13,5.373504833e-14,7.835038356e-14,1.1990411e-13,2.053881166e-13,2.171752944e-13,7.618446486e-14,7.763854743e-14,1.410854901e-14,8.394239304e-14,1.213963355e-14,1.509996021e-14,4.294852962e-14,2.465681847e-13,8.892600475e-14,7.714430644e-15,2.393209561e-13,2.515500617e-14
177.21875,4.346478904e-13,3.898281325e-13,1.237255684e-13,1.200327517e-13,2.963353308e-13,2.041510223e-13,5.51657584e-14,8.937910035e-14,1.136529178e-13,3.02135626e-14,2.217692357e-13,9.837047175e-14,2.169351971e-13,3.544257915e-13,2.100268739e-13,5.345591782e-14,7.874208768e-14,1.20035028e-13,2.055542654e-13,2.160273176e-13,7.525227603e-14,7.761705145e-14,1.410840655e-14,8.330091592e-14,1.222938944e-14,1.524950802e-14,4.287048592e-14,2.471227511e-13,8.890738794e-14,8.207921109e-15,2.409868911e-13,2.486264173e-14
177.2265625,4.339982316e-13,3.902206113e-13,1.260762618e-13,1.198921767e-13,2.972103205e-13,2.047313778e-13,5.458121232e-14,8.941513098e-14,1.129404128e-13,3.028240967e-14,2.212576673e-13,9.90359134e-14,2.179145178e-13,3.548145989e-13,2.10967503e-13,5.337854316e-14,7.922277429e-14,1.202600448e-13,2.056280305e-13,2.147298496e-13,7.438878882e-14,7.756180153e-14,1.412184691e-14,8.266463292e-14,1.233085722e-14,1.538355747e-14,4.289762716e-14,2.477163075e-13,8.900962362e-14,8.744098584e-15,2.425451028e-13,2.457599449e-14
177.234375,4.331274967e-13,3.901720888e-13,1.284152605e-13,1.19814254e-13,2.980652889e-13,2.053569702e-13,5.400694714e-14,8.947741311e-14,1.121772313e-13,3.03486578e-14,2.207477296e-13,9.9635662e-14,2.188587492e-13,3.550385671e-13,2.119901883e-13,5.348157084e-14,7.97960887e-14,1.205673925e-13,2.056399874e-13,2.134879224e-13,7.348828676e-14,7.748740748e-14,1.413718355e-14,8.203632531e-14,1.245187556e-14,1.557128062e-14,4.306063094e-14,2.481122582e-13,8.918486939e-14,9.304819666e-15,2.43943939e-13,2.434745058e-14
177.2421875,4.323866441e-13,3.897332607e-13,1.307517094e-13,1.197078224e-13,2.991244881e-13,2.061264658e-13,5.346758277e-14,8.957264514e-14,1.114255457e-13,3.039601342e-14,2.202794218e-13,1.002102211e-13,2.198041735e-13,3.552879169e-13,2.129808121e-13,5.363012478e-14,8.042242863e-14,1.208716752e-13,2.056697034e-13,2.12366997e-13,7.25000496e-14,7.745252957e-14,1.415729739e-14,8.139861222e-14,1.258944361e-14,1.5843358e-14,4.321499006e-14,2.483672066e-13,8.923520749e-14,9.874168317e-15,2.452881894e-13,2.416818049e-14
177.25,4.315806114e-13,3.893760981e-13,1.329840469e-13,1.195486145e-13,3.001174839e-13,2.067310819e-13,5.296157663e-14,8.971301431e-14,1.106250645e-13,3.046744696e-14,2.198110685e-13,1.00733271e-13,2.206234575e-13,3.553881198e-13,2.137570366e-13,5.372598787e-14,8.097255533e-14,1.210864513e-13,2.056313223e-13,2.113303259e-13,7.148615366e-14,7.738950621e-14,1.421005697e-14,8.073114407e-14,1.272075282e-14,1.615675671e-14,4.333729319e-14,2.485896965e-13,8.911091102e-14,1.045309699e-14,2.465260179e-13,2.398193099e-14
177.2578125,4.306249304e-13,3.890530241e-13,1.351927942e-13,1.19442105e-13,3.009729968e-13,2.071919952e-13,5.245946558e-14,8.987815331e-14,1.09739095e-13,3.06090204e-14,2.193490843e-13,1.012083272e-13,2.213412836e-13,3.553021465e-13,2.144588733e-13,5.38841065e-14,8.151976711e-14,1.213221749e-13,2.055651672e-13,2.103420696e-13,7.050749066e-14,7.725362042e-14,1.42834194e-14,8.000841788e-14,1.284994908e-14,1.648451464e-14,4.356178347e-14,2.489485352e-13,8.898805467e-14,1.106301247e-14,2.475463898e-13,2.379236876e-14
177.265625,4.298708081e-13,3.887043661e-13,1.376279687e-13,1.194498439e-13,3.019252732e-13,2.07925351e-13,5.198461316e-14,9.000792549e-14,1.088534097e-13,3.08460626e-14,2.189240644e-13,1.017346054e-13,2.221486423e-13,3.553135361e-13,2.153879721e-13,5.426545014e-14,8.227741475e-14,1.217129046e-13,2.056388647e-13,2.092434836e-13,6.956831499e-14,7.713227071e-14,1.432915033e-14,7.923304134e-14,1.300048109e-14,1.682607008e-14,4.392160251e-14,2.495720616e-13,8.897224078e-14,1.171285044e-14,2.485414378e-13,2.363836058e-14
177.2734375,4.292670687e-13,3.883009454e-13,1.402008828e-13,1.194506649e-13,3.028889059e-13,2.089167007e-13,5.156961695e-14,9.012350304e-14,1.079802527e-13,3.116057139e-14,2.184675034e-13,1.022978547e-13,2.230122948e-13,3.553995032e-13,2.164584723e-13,5.480669451e-14,8.318603474e-14,1.221532892e-13,2.057728456e-13,2.079791159e-13,6.86142935e-14,7.704691841e-14,1.435081059e-14,7.844270349e-14,1.316779494e-14,1.718783108e-14,4.435001965e-14,2.502247179e-13,8.898095267e-14,1.237631537e-14,2.496492827e-13,2.352068781e-14
177.28125,4.285740157e-13,3.876665198e-13,1.426837556e-13,1.194462255e-13,3.037878547e-13,2.098681121e-13,5.120778716e-14,9.029222278e-14,1.070806609e-13,3.149478427e-14,2.180523073e-13,1.028097853e-13,2.238257506e-13,3.554160718e-13,2.17408995e-13,5.536136483e-14,8.407835541e-14,1.225689892e-13,2.05834494e-13,2.067258627e-13,6.763263638e-14,7.69539485e-14,1.439620357e-14,7.76385947e-14,1.334587855e-14,1.758485414e-14,4.479897495e-14,2.506863488e-13,8.89709408e-14,1.304045665e-14,2.507129542e-13,2.342981887e-14
177.2890625,4.2805417e-13,3.871217103e-13,1.451224427e-13,1.1956023e-13,3.048284042e-13,2.10800229e-13,5.088877493e-14,9.050653371e-14,1.062177772e-13,3.183455608e-14,2.178166603e-13,1.033394246e-13,2.246874548e-13,3.555211581e-13,2.183230609e-13,5.596638995e-14,8.503201623e-14,1.231016832e-13,2.059383576e-13,2.055316301e-13,6.670239174e-14,7.688823298e-14,1.447128807e-14,7.680677262e-14,1.354916284e-14,1.801451962e-14,4.526976089e-14,2.511654121e-13,8.900631251e-14,1.371903738e-14,2.517276934e-13,2.337487903e-14
177.296875,4.278122711e-13,3.868833167e-13,1.475279021e-13,1.19666214e-13,3.059230143e-13,2.11784935e-13,5.060157242e-14,9.074255484e-14,1.054053754e-13,3.221512736e-14,2.176108521e-13,1.039287645e-13,2.255958824e-13,3.556662075e-13,2.193240612e-13,5.669570751e-14,8.609680841e-14,1.237472266e-13,2.061173831e-13,2.043471459e-13,6.582360081e-14,7.684383908e-14,1.454442998e-14,7.597811476e-14,1.377548234e-14,1.84659693e-14,4.581054458e-14,2.517742443e-13,8.905996323e-14,1.440814095e-14,2.52786865e-13,2.3348139e-14
177.3046875,4.274093353e-13,3.863322478e-13,1.498865589e-13,1.19597283e-13,3.068451432e-13,2.127299441e-13,5.033182499e-14,9.100161155e-14,1.045395185e-13,3.263774297e-14,2.172946728e-13,1.044687291e-13,2.263977843e-13,3.555781565e-13,2.202252691e-13,5.745530836e-14,8.711429021e-14,1.243197212e-13,2.06208021e-13,2.031839128e-13,6.491628694e-14,7.67433926e-14,1.461104817e-14,7.514179195e-14,1.400838526e-14,1.894672776e-14,4.641281913e-14,2.523011677e-13,8.902442642e-14,1.510518006e-14,2.537952387e-13,2.332375165e-14
177.3125,4.268029765e-13,3.85377181e-13,1.524041792e-13,1.195275218e-13,3.07796983e-13,2.13674541e-13,5.007247831e-14,9.126219425e-14,1.036213273e-13,3.307315808e-14,2.170393991e-13,1.049906752e-13,2.271676657e-13,3.55425352e-13,2.209532396e-13,5.817050408e-14,8.80640079e-14,1.248776448e-13,2.062590252e-13,2.01851897e-13,6.402851093e-14,7.662790537e-14,1.46899101e-14,7.42261067e-14,1.42442133e-14,1.945189614e-14,4.703634368e-14,2.527661073e-13,8.895881423e-14,1.582636052e-14,2.548201091e-13,2.329925127e-14
177.3203125,4.265309075e-13,3.847642284e-13,1.550348972e-13,1.196796848e-13,3.089945822e-13,2.147172159e-13,4.979362591e-14,9.151943072e-14,1.027451743e-13,3.350544997e-14,2.169537778e-13,1.056074614e-13,2.280474523e-13,3.555222783e-13,2.21713683e-13,5.893055974e-14,8.911995062e-14,1.256577625e-13,2.064852225e-13,2.002021473e-13,6.323264832e-14,7.658706272e-14,1.477942356e-14,7.324330402e-14,1.448187267e-14,1.996479203e-14,4.776822512e-14,2.534148457e-13,8.902157794e-14,1.656484157e-14,2.560204852e-13,2.328247183e-14
177.328125,4.266964748e-13,3.844817111e-13,1.575017031e-13,1.199951771e-13,3.102618798e-13,2.158005342e-13,4.947601204e-14,9.179568214e-14,1.018986332e-13,3.394411144e-14,2.169518372e-13,1.062287105e-13,2.289222448e-13,3.557260433e-13,2.225460404e-13,5.980909297e-14,9.034861577e-14,1.26645433e-13,2.068394468e-13,1.985394424e-13,6.244412156e-14,7.657401317e-14,1.486126862e-14,7.227545517e-14,1.472305806e-14,2.049350344e-14,4.867458039e-14,2.542368289e-13,8.916915139e-14,1.73127715e-14,2.571822385e-13,2.326304972e-14
177.3359375,4.268293148e-13,3.839557363e-13,1.599401873e-13,1.202970261e-13,3.114271791e-13,2.168702175e-13,4.918360559e-14,9.210257571e-14,1.010349699e-13,3.443576641e-14,2.170179054e-13,1.067705115e-13,2.296873738e-13,3.557915026e-13,2.233323327e-13,6.079117183e-14,9.167742788e-14,1.27640593e-13,2.071119708e-13,1.971045263e-13,6.160199984e-14,7.651585194e-14,1.493441552e-14,7.132302362e-14,1.498227875e-14,2.105398711e-14,4.964779998e-14,2.550149776e-13,8.926591553e-14,1.809241082e-14,2.581359818e-13,2.32530689e-14
177.34375,4.267788291e-13,3.832051422e-13,1.625648766e-13,1.204977718e-13,3.125465766e-13,2.179862643e-13,4.898610998e-14,9.248889216e-14,1.001961719e-13,3.500856702e-14,2.171725223e-13,1.073203236e-13,2.304220554e-13,3.557583819e-13,2.241675469e-13,6.189626988e-14,9.30574125e-14,1.285863602e-13,2.072984889e-13,1.95755566e-13,6.077385131e-14,7.643681449e-14,1.501439499e-14,7.033039572e-14,1.526592334e-14,2.165882586e-14,5.062815635e-14,2.556420931e-13,8.934863462e-14,1.889817155e-14,2.590782669e-13,2.329533857e-14
177.3515625,4.268109401e-13,3.824303444e-13,1.652438146e-13,1.206619284e-13,3.136878905e-13,2.192085834e-13,4.886041583e-14,9.300553014e-14,9.940628635e-14,3.563590537e-14,2.174070059e-13,1.078949397e-13,2.311548717e-13,3.557158657e-13,2.251950732e-13,6.316409084e-14,9.450169346e-14,1.295426812e-13,2.07521633e-13,1.944935726e-13,5.998077941e-14,7.63674857e-14,1.510381516e-14,6.930032669e-14,1.556369961e-14,2.231452522e-14,5.166822198e-14,2.562271407e-13,8.945288372e-14,1.970118188e-14,2.600467034e-13,2.33912593e-14
177.359375,4.269266027e-13,3.816317288e-13,1.67935111e-13,1.209425408e-13,3.148125504e-13,2.204693485e-13,4.875483536e-14,9.359742147e-14,9.860607034e-14,3.632094395e-14,2.177664411e-13,1.084255607e-13,2.318493059e-13,3.556491695e-13,2.263059072e-13,6.455364865e-14,9.600833963e-14,1.305371659e-13,2.07784501e-13,1.934418635e-13,5.91834368e-14,7.629738044e-14,1.519053682e-14,6.827318994e-14,1.586974267e-14,2.299056404e-14,5.278130836e-14,2.569650747e-13,8.950375852e-14,2.052072293e-14,2.609115353e-13,2.350344842e-14
177.3671875,4.269010797e-13,3.808460922e-13,1.706635602e-13,1.213501863e-13,3.158676795e-13,2.216211723e-13,4.865336732e-14,9.416829706e-14,9.77503484e-14,3.708896546e-14,2.182348716e-13,1.08922164e-13,2.325130016e-13,3.555646087e-13,2.273534437e-13,6.598274669e-14,9.753097073e-14,1.315898848e-13,2.080283279e-13,1.923978657e-13,5.83841889e-14,7.622462734e-14,1.527034801e-14,6.724650825e-14,1.618563975e-14,2.366855243e-14,5.401489656e-14,2.578279863e-13,8.957118243e-14,2.138296904e-14,2.617290399e-13,2.362338501e-14
177.375,4.26792785e-13,3.799815884e-13,1.732986186e-13,1.217417303e-13,3.169102644e-13,2.227030583e-13,4.855692927e-14,9.468958573e-14,9.68703798e-14,3.789792469e-14,2.187225163e-13,1.094294017e-13,2.331347204e-13,3.5551019e-13,2.283866368e-13,6.744682912e-14,9.909699334e-14,1.327175895e-13,2.082585686e-13,1.911287843e-13,5.758853335e-14,7.615884495e-14,1.535052236e-14,6.618836928e-14,1.650742209e-14,2.438717441e-14,5.544274566e-14,2.586037563e-13,8.97782604e-14,2.226685943e-14,2.625160008e-13,2.375885801e-14
177.3828125,4.268538361e-13,3.790192977e-13,1.759353302e-13,1.220976736e-13,3.180337687e-13,2.238842443e-13,4.848631209e-14,9.52036451e-14,9.60326623e-14,3.870848811e-14,2.192584292e-13,1.099740526e-13,2.337109193e-13,3.554977431e-13,2.294881761e-13,6.902895359e-14,1.008085738e-13,1.339296537e-13,2.08507396e-13,1.89746849e-13,5.679628541e-14,7.610533367e-14,1.543957461e-14,6.510503937e-14,1.683203276e-14,2.513733797e-14,5.69956667e-14,2.593203199e-13,9.003931462e-14,2.316407136e-14,2.632247944e-13,2.390671702e-14
177.390625,4.271853115e-13,3.782196697e-13,1.787373625e-13,1.225010756e-13,3.192174065e-13,2.251189318e-13,4.846500947e-14,9.578601286e-14,9.524746744e-14,3.954139969e-14,2.199061484e-13,1.105314549e-13,2.342808261e-13,3.555201486e-13,2.306442906e-13,7.076528323e-14,1.026519067e-13,1.352813414e-13,2.087965873e-13,1.884085382e-13,5.603542053e-14,7.606561321e-14,1.554081217e-14,6.402440827e-14,1.716774175e-14,2.585148319e-14,5.857967625e-14,2.601543357e-13,9.029741577e-14,2.409813719e-14,2.639502073e-13,2.40710169e-14
177.3984375,4.276633073e-13,3.774393632e-13,1.815357921e-13,1.229102276e-13,3.203907219e-13,2.263294594e-13,4.848318575e-14,9.643143793e-14,9.44398811e-14,4.038940354e-14,2.206227363e-13,1.110094826e-13,2.348120223e-13,3.55560876e-13,2.318395363e-13,7.259397303e-14,1.045419997e-13,1.367585735e-13,2.091178405e-13,1.870877527e-13,5.52933016e-14,7.603017842e-14,1.564838568e-14,6.293443245e-14,1.751932729e-14,2.655617185e-14,6.022803608e-14,2.609907002e-13,9.064057276e-14,2.506656184e-14,2.646892548e-13,2.42503591e-14
177.40625,4.280510418e-13,3.762598522e-13,1.842409048e-13,1.232610005e-13,3.215042848e-13,2.27590457e-13,4.852946146e-14,9.705027066e-14,9.357132742e-14,4.124672032e-14,2.213957122e-13,1.114190231e-13,2.352221527e-13,3.555313398e-13,2.330626494e-13,7.447722625e-14,1.064826973e-13,1.382149117e-13,2.093965461e-13,1.857650301e-13,5.452505457e-14,7.598572516e-14,1.575915963e-14,6.182086691e-14,1.787688558e-14,2.732721959e-14,6.19724753e-14,2.616468941e-13,9.100341724e-14,2.604671611e-14,2.653514211e-13,2.443666581e-14
177.4140625,4.283053372e-13,3.749842467e-13,1.869937462e-13,1.236112022e-13,3.225092694e-13,2.287743543e-13,4.859774628e-14,9.768988177e-14,9.272167923e-14,4.2195573e-14,2.222813115e-13,1.118881949e-13,2.355073888e-13,3.55373815e-13,2.342498568e-13,7.643342969e-14,1.084754203e-13,1.396363338e-13,2.095941186e-13,1.84498499e-13,5.376289725e-14,7.593506473e-14,1.588301515e-14,6.07131393e-14,1.823526907e-14,2.813456059e-14,6.381250821e-14,2.623112615e-13,9.130412897e-14,2.703244591e-14,2.660122231e-13,2.465021964e-14
177.421875,4.286493991e-13,3.741296284e-13,1.898068013e-13,1.240315138e-13,3.234541879e-13,2.297647707e-13,4.866364146e-14,9.84836596e-14,9.196056965e-14,4.329032106e-14,2.232832722e-13,1.124259248e-13,2.357365311e-13,3.552026615e-13,2.35383007e-13,7.844497382e-14,1.105014131e-13,1.411738395e-13,2.097985837e-13,1.83313245e-13,5.30572752e-14,7.58963906e-14,1.601984047e-14,5.962514405e-14,1.859932364e-14,2.892575293e-14,6.580504357e-14,2.632309576e-13,9.17149106e-14,2.802495657e-14,2.666784168e-13,2.490633609e-14
177.4296875,4.291591997e-13,3.734151223e-13,1.926608675e-13,1.245258817e-13,3.244581474e-13,2.308587174e-13,4.874087001e-14,9.935860161e-14,9.123899174e-14,4.445500015e-14,2.243723606e-13,1.129544539e-13,2.359930141e-13,3.551264337e-13,2.365509801e-13,8.049294549e-14,1.126162844e-13,1.428374469e-13,2.100815502e-13,1.821839674e-13,5.236868513e-14,7.588177918e-14,1.615228662e-14,5.853820764e-14,1.896839751e-14,2.972476197e-14,6.794529767e-14,2.642681637e-13,9.230493875e-14,2.902840933e-14,2.672758443e-13,2.517956768e-14
177.4375,4.297289281e-13,3.724251981e-13,1.956035947e-13,1.250384017e-13,3.255716966e-13,2.321497245e-13,4.887584179e-14,1.001821379e-13,9.048812392e-14,4.562053954e-14,2.255335946e-13,1.134807796e-13,2.362959392e-13,3.551163234e-13,2.378015625e-13,8.260252042e-14,1.148060306e-13,1.445567274e-13,2.104164142e-13,1.810594935e-13,5.166735444e-14,7.588515128e-14,1.628504806e-14,5.744909381e-14,1.93474896e-14,3.05480221e-14,7.009500472e-14,2.651945663e-13,9.285530804e-14,3.005161847e-14,2.679456106e-13,2.545975459e-14
177.4453125,4.303744895e-13,3.713432975e-13,1.986012249e-13,1.254796662e-13,3.268063084e-13,2.332986835e-13,4.905309857e-14,1.010396096e-13,8.972026122e-14,4.68285536e-14,2.26745151e-13,1.140071823e-13,2.365359157e-13,3.551425288e-13,2.390398023e-13,8.475277971e-14,1.169264762e-13,1.46347516e-13,2.107637343e-13,1.798918185e-13,5.100889455e-14,7.589248393e-14,1.644311118e-14,5.634385372e-14,1.974814493e-14,3.139401431e-14,7.219948167e-14,2.660621985e-13,9.327614262e-14,3.108672744e-14,2.687411504e-13,2.57704107e-14
177.453125,4.310086119e-13,3.703723713e-13,2.015816937e-13,1.258343047e-13,3.280492249e-13,2.342517094e-13,4.923764171e-14,1.02022857e-13,8.898322383e-14,4.811198331e-14,2.279951815e-13,1.14490985e-13,2.366116838e-13,3.55121695e-13,2.401281537e-13,8.688475333e-14,1.1888983e-13,1.481189513e-13,2.110482075e-13,1.787369616e-13,5.041155584e-14,7.588960131e-14,1.661672806e-14,5.519172917e-14,2.015709712e-14,3.22932032e-14,7.437039965e-14,2.669485379e-13,9.369283505e-14,3.211477806e-14,2.694654783e-13,2.611258638e-14
177.4609375,4.314188113e-13,3.693837078e-13,2.044230958e-13,1.261694183e-13,3.290622599e-13,2.351521451e-13,4.94419951e-14,1.030527176e-13,8.828755213e-14,4.942480321e-14,2.292710688e-13,1.149509886e-13,2.365813517e-13,3.549144026e-13,2.410538776e-13,8.902352623e-14,1.207441176e-13,1.497757905e-13,2.11196291e-13,1.777002936e-13,4.981275663e-14,7.586319271e-14,1.677063635e-14,5.402020144e-14,2.055656857e-14,3.324682236e-14,7.666601463e-14,2.677642918e-13,9.41563335e-14,3.313968659e-14,2.701281291e-13,2.646571426e-14
177.46875,4.317601675e-13,3.682271956e-13,2.071085235e-13,1.265458606e-13,3.298848893e-13,2.359575057e-13,4.965738696e-14,1.040814264e-13,8.759915131e-14,5.075804145e-14,2.305440383e-13,1.154126195e-13,2.365413015e-13,3.546196307e-13,2.419992891e-13,9.127160473e-14,1.226809862e-13,1.515076421e-13,2.112934581e-13,1.767476917e-13,4.917771395e-14,7.581033109e-14,1.690878996e-14,5.289032987e-14,2.096537256e-14,3.421016546e-14,7.902919141e-14,2.685284131e-13,9.465197118e-14,3.418107471e-14,2.708626975e-13,2.682680758e-14
177.4765625,4.323087327e-13,3.668652068e-13,2.099678837e-13,1.27024823e-13,3.30787359e-13,2.368015981e-13,4.986872907e-14,1.051466981e-13,8.688652229e-14,5.216936939e-14,2.318599704e-13,1.158524642e-13,2.364795579e-13,3.54449362e-13,2.43148415e-13,9.368706726e-14,1.248970597e-13,1.534620263e-13,2.114501432e-13,1.758160105e-13,4.85377759e-14,7.574659448e-14,1.707027548e-14,5.179337611e-14,2.140010223e-14,3.515527358e-14,8.143984951e-14,2.693906232e-13,9.518990313e-14,3.524243847e-14,2.715652828e-13,2.720311392e-14
177.484375,4.329904185e-13,3.6546166e-13,2.131516907e-13,1.27594342e-13,3.317876104e-13,2.37811932e-13,5.011604359e-14,1.062448421e-13,8.616584798e-14,5.365681482e-14,2.333566519e-13,1.162766805e-13,2.363610285e-13,3.543594891e-13,2.444260951e-13,9.622785097e-14,1.272865088e-13,1.554974692e-13,2.116183517e-13,1.749706102e-13,4.794218639e-14,7.570526651e-14,1.726953451e-14,5.066813525e-14,2.184129197e-14,3.608049886e-14,8.391137209e-14,2.703372644e-13,9.574858908e-14,3.632613341e-14,2.722039813e-13,2.759354292e-14
177.4921875,4.33757846e-13,3.642754833e-13,2.163086289e-13,1.281343276e-13,3.32790541e-13,2.38730992e-13,5.039765499e-14,1.073574558e-13,8.546643292e-14,5.51506709e-14,2.350896068e-13,1.166960474e-13,2.362192046e-13,3.54230545e-13,2.456606003e-13,9.883968792e-14,1.296170526e-13,1.575469077e-13,2.117580612e-13,1.741873942e-13,4.740659804e-14,7.570952917e-14,1.748244832e-14,4.950141278e-14,2.227772873e-14,3.701796553e-14,8.643882754e-14,2.71247525e-13,9.631176708e-14,3.745317091e-14,2.729383412e-13,2.799436611e-14
177.5,4.346842159e-13,3.632481982e-13,2.193037459e-13,1.28651019e-13,3.338122762e-13,2.394957332e-13,5.065082711e-14,1.084954112e-13,8.478478332e-14,5.663817233e-14,2.369481298e-13,1.170877213e-13,2.360865168e-13,3.540809459e-13,2.468866429e-13,1.015398065e-13,1.319469498e-13,1.596779614e-13,2.11913612e-13,1.733351529e-13,4.689293652e-14,7.573365437e-14,1.768157799e-14,4.835189227e-14,2.272152668e-14,3.800567142e-14,8.907855462e-14,2.72135277e-13,9.693169066e-14,3.861825082e-14,2.737290887e-13,2.841218818e-14
177.5078125,4.356393707e-13,3.621662885e-13,2.223427197e-13,1.29258193e-13,3.347939899e-13,2.403158569e-13,5.087835102e-14,1.096752977e-13,8.41296473e-14,5.818478432e-14,2.388301724e-13,1.17479889e-13,2.359396142e-13,3.539366543e-13,2.481625949e-13,1.043147401e-13,1.344003493e-13,1.618718051e-13,2.120863862e-13,1.724842601e-13,4.636975574e-14,7.574764468e-14,1.786930315e-14,4.726373002e-14,2.317191725e-14,3.900731287e-14,9.189089942e-14,2.73111251e-13,9.766712586e-14,3.977727431e-14,2.744373884e-13,2.886151523e-14
177.515625,4.366204903e-13,3.610675785e-13,2.253620545e-13,1.298788998e-13,3.357334043e-13,2.410878031e-13,5.112355082e-14,1.109234508e-13,8.35234549e-14,5.984171043e-14,2.407564332e-13,1.179096073e-13,2.357361181e-13,3.538233396e-13,2.493893522e-13,1.070959913e-13,1.369040036e-13,1.641361854e-13,2.122756117e-13,1.717535072e-13,4.58492444e-14,7.576961188e-14,1.807211997e-14,4.618738893e-14,2.361925666e-14,3.998026921e-14,9.480742526e-14,2.742077062e-13,9.847149122e-14,4.092478518e-14,2.751030781e-13,2.934153467e-14
177.5234375,4.377819319e-13,3.599886478e-13,2.282294434e-13,1.304094163e-13,3.366933617e-13,2.417094657e-13,5.138990264e-14,1.122491175e-13,8.292807527e-14,6.159221776e-14,2.427188877e-13,1.183156282e-13,2.354295835e-13,3.537096663e-13,2.505996408e-13,1.099510466e-13,1.394302391e-13,1.664792229e-13,2.124692384e-13,1.710658783e-13,4.532712836e-14,7.57928734e-14,1.829846039e-14,4.505563293e-14,2.406973084e-14,4.096958507e-14,9.773806587e-14,2.753068792e-13,9.921732061e-14,4.209131742e-14,2.757346559e-13,2.984183418e-14
177.53125,4.389335624e-13,3.588275024e-13,2.310960311e-13,1.30963641e-13,3.374916975e-13,2.423333819e-13,5.168353424e-14,1.136376883e-13,8.230969788e-14,6.339531031e-14,2.446501969e-13,1.186510654e-13,2.349896248e-13,3.534367806e-13,2.519538663e-13,1.129823977e-13,1.419946139e-13,1.687800998e-13,2.125710764e-13,1.704667022e-13,4.479014195e-14,7.577844764e-14,1.852786762e-14,4.390963892e-14,2.453264388e-14,4.200186327e-14,1.006963392e-13,2.76292525e-13,9.992803252e-14,4.326483133e-14,2.762743434e-13,3.037839218e-14
177.5390625,4.399282523e-13,3.57626782e-13,2.340525528e-13,1.315913938e-13,3.380559495e-13,2.428824538e-13,5.200864806e-14,1.150856572e-13,8.171531215e-14,6.523426167e-14,2.466299972e-13,1.189591965e-13,2.344499719e-13,3.530074012e-13,2.533658545e-13,1.160579183e-13,1.445097444e-13,1.710295172e-13,2.12580558e-13,1.701498005e-13,4.426824283e-14,7.575867801e-14,1.874924712e-14,4.283367392e-14,2.50011954e-14,4.304320474e-14,1.037224624e-13,2.772385926e-13,1.007451647e-13,4.443911218e-14,2.76811735e-13,3.096956747e-14
177.546875,4.410309315e-13,3.564476918e-13,2.370060589e-13,1.321886145e-13,3.386637985e-13,2.432472512e-13,5.233313941e-14,1.165544118e-13,8.114225582e-14,6.708467226e-14,2.48796631e-13,1.192389246e-13,2.33863854e-13,3.525996326e-13,2.546754718e-13,1.190643272e-13,1.469968831e-13,1.73338831e-13,2.126161273e-13,1.700056081e-13,4.377521622e-14,7.577181894e-14,1.897284441e-14,4.181097866e-14,2.54628099e-14,4.409990535e-14,1.068231837e-13,2.782419617e-13,1.015776371e-13,4.56540686e-14,2.773885684e-13,3.158217872e-14
177.5546875,4.422939604e-13,3.551917907e-13,2.399279816e-13,1.327804652e-13,3.39380168e-13,2.436464442e-13,5.263732798e-14,1.179875421e-13,8.052170863e-14,6.890493448e-14,2.510440863e-13,1.194655622e-13,2.332254648e-13,3.522134562e-13,2.559738938e-13,1.221531725e-13,1.495643424e-13,1.756876217e-13,2.126727117e-13,1.697717802e-13,4.327614932e-14,7.577477686e-14,1.92052525e-14,4.076119181e-14,2.591756996e-14,4.517300444e-14,1.099884166e-13,2.792120708e-13,1.022761544e-13,4.688582236e-14,2.778853007e-13,3.217043328e-14
177.5625,4.434944786e-13,3.538492907e-13,2.42844642e-13,1.334185061e-13,3.400236526e-13,2.441183188e-13,5.292658555e-14,1.194369123e-13,7.989553696e-14,7.069811659e-14,2.531784424e-13,1.196960371e-13,2.32485585e-13,3.517550096e-13,2.573312607e-13,1.253894069e-13,1.521676621e-13,1.780777564e-13,2.126800366e-13,1.695038331e-13,4.275926013e-14,7.575426611e-14,1.943980378e-14,3.966437209e-14,2.637359494e-14,4.621079023e-14,1.131972749e-13,2.800556578e-13,1.030149081e-13,4.807357553e-14,2.78322853e-13,3.275187766e-14
177.5703125,4.446304789e-13,3.525059543e-13,2.45745118e-13,1.339841314e-13,3.405335034e-13,2.444107979e-13,5.321914286e-14,1.209996519e-13,7.93378642e-14,7.251100944e-14,2.55269745e-13,1.199455847e-13,2.316043163e-13,3.512137978e-13,2.586933329e-13,1.286833636e-13,1.547854314e-13,1.805873227e-13,2.126493831e-13,1.693954203e-13,4.224495302e-14,7.572892239e-14,1.96687475e-14,3.85695507e-14,2.6840404e-14,4.722176783e-14,1.164477035e-13,2.808072475e-13,1.039186814e-13,4.926590428e-14,2.787986967e-13,3.33748972e-14
177.578125,4.458099369e-13,3.510977583e-13,2.486385502e-13,1.344265698e-13,3.408931898e-13,2.445529196e-13,5.35563932e-14,1.226608796e-13,7.879304176e-14,7.437776257e-14,2.575030684e-13,1.201543989e-13,2.306133885e-13,3.505851677e-13,2.601731161e-13,1.321321972e-13,1.575391061e-13,1.831218998e-13,2.125858156e-13,1.694089035e-13,4.173875324e-14,7.566907453e-14,1.989680505e-14,3.752246514e-14,2.733682456e-14,4.826962366e-14,1.197554977e-13,2.81507522e-13,1.047864186e-13,5.052180136e-14,2.792426606e-13,3.403623402e-14
177.5859375,4.47157503e-13,3.49561741e-13,2.515570868e-13,1.348848151e-13,3.412082152e-13,2.447953827e-13,5.393559986e-14,1.243318855e-13,7.822631667e-14,7.630392354e-14,2.598567052e-13,1.203392546e-13,2.296144127e-13,3.49971127e-13,2.618510095e-13,1.358192514e-13,1.604430916e-13,1.855832069e-13,2.125112468e-13,1.694030857e-13,4.12289364e-14,7.560712304e-14,2.01297107e-14,3.652011999e-14,2.786790054e-14,4.936142288e-14,1.231078988e-13,2.822108888e-13,1.055414906e-13,5.178076212e-14,2.796715306e-13,3.469977466e-14
177.59375,4.487420452e-13,3.480943657e-13,2.54431963e-13,1.354550669e-13,3.416073891e-13,2.451142512e-13,5.429972253e-14,1.259555745e-13,7.768648179e-14,7.826726737e-14,2.621815177e-13,1.205316218e-13,2.286313555e-13,3.494708585e-13,2.635171217e-13,1.395493721e-13,1.633567026e-13,1.88046246e-13,2.124633699e-13,1.694317743e-13,4.070449234e-14,7.561287493e-14,2.0354939e-14,3.553289056e-14,2.840108876e-14,5.04629976e-14,1.264725186e-13,2.82951803e-13,1.063004325e-13,5.300031518e-14,2.802308504e-13,3.536470268e-14
177.6015625,4.502758209e-13,3.468423688e-13,2.57104141e-13,1.360736691e-13,3.418607194e-13,2.45250493e-13,5.4657379e-14,1.275617361e-13,7.713706133e-14,8.024595268e-14,2.644231643e-13,1.206803104e-13,2.275768646e-13,3.488834044e-13,2.650459614e-13,1.432073031e-13,1.661488545e-13,1.905201409e-13,2.12345564e-13,1.696705487e-13,4.017283092e-14,7.561565933e-14,2.057648211e-14,3.455355491e-14,2.891788884e-14,5.154684353e-14,1.298142359e-13,2.836097877e-13,1.070372709e-13,5.421836325e-14,2.808028438e-13,3.604633286e-14
177.609375,4.516105492e-13,3.455379833e-13,2.595636729e-13,1.366203295e-13,3.418521689e-13,2.451332501e-13,5.505483251e-14,1.292544104e-13,7.6532375e-14,8.223963896e-14,2.665961975e-13,1.207628544e-13,2.264135371e-13,3.480526751e-13,2.665449308e-13,1.469045487e-13,1.687888242e-13,1.929619824e-13,2.120829977e-13,1.700646894e-13,3.965129013e-14,7.554197387e-14,2.08354716e-14,3.358751167e-14,2.944537002e-14,5.260916847e-14,1.330990923e-13,2.84093021e-13,1.077062771e-13,5.542920092e-14,2.811983132e-13,3.673729034e-14
177.6171875,4.531260687e-13,3.439906721e-13,2.619678071e-13,1.370814807e-13,3.418654968e-13,2.449804605e-13,5.544624066e-14,1.310591481e-13,7.59528402e-14,8.423448929e-14,2.686944116e-13,1.208021522e-13,2.251693023e-13,3.471601584e-13,2.680437513e-13,1.507045606e-13,1.714115806e-13,1.954257694e-13,2.117887505e-13,1.703651025e-13,3.914244469e-14,7.546539258e-14,2.113716908e-14,3.262684336e-14,2.999165081e-14,5.367614106e-14,1.36341147e-13,2.845408398e-13,1.083812568e-13,5.661457726e-14,2.815447389e-13,3.743724817e-14
177.625,4.548849713e-13,3.42517291e-13,2.644198324e-13,1.375985859e-13,3.418919746e-13,2.449353433e-13,5.577119377e-14,1.328714889e-13,7.54416755e-14,8.623812747e-14,2.707648402e-13,1.208173198e-13,2.238609005e-13,3.463241526e-13,2.695649411e-13,1.546399968e-13,1.741957277e-13,1.979263944e-13,2.115270514e-13,1.705645071e-13,3.8657868e-14,7.542380662e-14,2.143322685e-14,3.168371162e-14,3.053229855e-14,5.47381223e-14,1.395908053e-13,2.850903102e-13,1.091038588e-13,5.783007197e-14,2.819800069e-13,3.815089842e-14
177.6328125,4.565050802e-13,3.412435744e-13,2.669529128e-13,1.382406475e-13,3.417327371e-13,2.448758926e-13,5.608209794e-14,1.346200362e-13,7.492362228e-14,8.831674568e-14,2.729109054e-13,1.208443856e-13,2.225305288e-13,3.454906942e-13,2.71265947e-13,1.587827126e-13,1.771166811e-13,2.0044355e-13,2.112366002e-13,1.708640249e-13,3.822157254e-14,7.53659301e-14,2.171029459e-14,3.078857197e-14,3.107400451e-14,5.575391098e-14,1.428576143e-13,2.85663399e-13,1.09853846e-13,5.911329413e-14,2.824571672e-13,3.885224106e-14
177.640625,4.579851364e-13,3.397911014e-13,2.695400686e-13,1.38858675e-13,3.414767125e-13,2.446798736e-13,5.645364706e-14,1.363098395e-13,7.434666627e-14,9.048986487e-14,2.751304149e-13,1.208569277e-13,2.211969296e-13,3.446477284e-13,2.731682822e-13,1.631034531e-13,1.800517704e-13,2.030057797e-13,2.109093004e-13,1.712770707e-13,3.782327903e-14,7.528234172e-14,2.199056512e-14,2.993030001e-14,3.16406198e-14,5.67368052e-14,1.461226943e-13,2.861415706e-13,1.105802914e-13,6.042686184e-14,2.829857827e-13,3.95243334e-14
177.6484375,4.595214705e-13,3.380865719e-13,2.720785802e-13,1.393447074e-13,3.411055527e-13,2.443662798e-13,5.685587112e-14,1.379780016e-13,7.373251181e-14,9.271520996e-14,2.773436665e-13,1.208023406e-13,2.197954439e-13,3.437497073e-13,2.751141006e-13,1.675183879e-13,1.830292423e-13,2.056163304e-13,2.105651436e-13,1.717386573e-13,3.74376812e-14,7.517861838e-14,2.226809006e-14,2.907782526e-14,3.222381147e-14,5.769825643e-14,1.493943713e-13,2.865511433e-13,1.112701608e-13,6.173005824e-14,2.835458386e-13,4.019614093e-14
177.65625,4.611785733e-13,3.364930488e-13,2.745575599e-13,1.398123286e-13,3.405746179e-13,2.439698007e-13,5.72192711e-14,1.397230309e-13,7.314369818e-14,9.49694523e-14,2.795611419e-13,1.207622004e-13,2.183057386e-13,3.427869399e-13,2.770422405e-13,1.719981028e-13,1.861028818e-13,2.083109726e-13,2.102118468e-13,1.723638152e-13,3.705867779e-14,7.505763753e-14,2.254062217e-14,2.824815299e-14,3.280940539e-14,5.861685211e-14,1.526943598e-13,2.869838602e-13,1.120065086e-13,6.300179372e-14,2.84030713e-13,4.090153286e-14
177.6640625,4.631869837e-13,3.35120818e-13,2.770061867e-13,1.403565715e-13,3.401415227e-13,2.435406912e-13,5.756068436e-14,1.415728698e-13,7.261827494e-14,9.719910888e-14,2.818165837e-13,1.207843694e-13,2.167738298e-13,3.418922713e-13,2.79019338e-13,1.76551046e-13,1.892107468e-13,2.111389375e-13,2.098826065e-13,1.73206171e-13,3.66729687e-14,7.495711001e-14,2.283092615e-14,2.747322735e-14,3.340486531e-14,5.954005513e-14,1.560182377e-13,2.874407293e-13,1.127664693e-13,6.423802102e-14,2.844892633e-13,4.164314786e-14
177.671875,4.655632295e-13,3.337063772e-13,2.793981075e-13,1.409012732e-13,3.398100048e-13,2.431466006e-13,5.79364168e-14,1.433869999e-13,7.209544327e-14,9.938630174e-14,2.840843299e-13,1.207564959e-13,2.151929128e-13,3.410939778e-13,2.811306913e-13,1.812576998e-13,1.923656815e-13,2.140044958e-13,2.095631841e-13,1.74103934e-13,3.627513833e-14,7.48782488e-14,2.313508016e-14,2.673798888e-14,3.402137568e-14,6.051341364e-14,1.593250815e-13,2.878445022e-13,1.13429393e-13,6.547133344e-14,2.849926251e-13,4.239132802e-14
177.6796875,4.679180615e-13,3.320768487e-13,2.818753004e-13,1.414071175e-13,3.393419459e-13,2.427699302e-13,5.832931116e-14,1.45103046e-13,7.15291637e-14,1.016750196e-13,2.863750701e-13,1.206847275e-13,2.135648022e-13,3.403293691e-13,2.834463655e-13,1.861930781e-13,1.956720522e-13,2.168540716e-13,2.092379848e-13,1.74996533e-13,3.589558413e-14,7.479817014e-14,2.342793231e-14,2.60177611e-14,3.466381812e-14,6.148274609e-14,1.625919702e-13,2.882006562e-13,1.14084023e-13,6.672086139e-14,2.855129163e-13,4.312145137e-14
177.6875,4.702410359e-13,3.305466086e-13,2.84532063e-13,1.419794376e-13,3.388177585e-13,2.42367632e-13,5.870951317e-14,1.468272751e-13,7.099100946e-14,1.041233001e-13,2.886833593e-13,1.207099332e-13,2.119687599e-13,3.396594668e-13,2.859474728e-13,1.912691996e-13,1.990674591e-13,2.197951833e-13,2.089728275e-13,1.760055002e-13,3.555798458e-14,7.474264632e-14,2.370091566e-14,2.533611469e-14,3.532748857e-14,6.242458218e-14,1.658533976e-13,2.886352831e-13,1.148650404e-13,6.795040379e-14,2.861553912e-13,4.385438869e-14
177.6953125,4.728145535e-13,3.294927919e-13,2.870950034e-13,1.426780912e-13,3.383037366e-13,2.419652046e-13,5.910613633e-14,1.485794952e-13,7.050850936e-14,1.065409024e-13,2.909095401e-13,1.208327066e-13,2.104329251e-13,3.390988121e-13,2.885131135e-13,1.963638845e-13,2.02396365e-13,2.228138605e-13,2.087564648e-13,1.771365205e-13,3.525805986e-14,7.471198362e-14,2.395863613e-14,2.471597476e-14,3.599969281e-14,6.337570179e-14,1.690999433e-13,2.891847735e-13,1.156726179e-13,6.913652518e-14,2.869749948e-13,4.460009379e-14
177.703125,4.755162872e-13,3.285256985e-13,2.89430522e-13,1.43428428e-13,3.376452151e-13,2.415392698e-13,5.951609997e-14,1.502730628e-13,7.000288814e-14,1.088189156e-13,2.930424351e-13,1.209555863e-13,2.088711802e-13,3.385019788e-13,2.91037457e-13,2.015134913e-13,2.056850594e-13,2.25796261e-13,2.084633499e-13,1.782770677e-13,3.497635201e-14,7.466399042e-14,2.421715702e-14,2.411188578e-14,3.668147724e-14,6.432291362e-14,1.722591821e-13,2.896609411e-13,1.164125884e-13,7.030350155e-14,2.877744924e-13,4.532183016e-14
177.7109375,4.781752424e-13,3.271163185e-13,2.916913258e-13,1.441215606e-13,3.367960834e-13,2.409424377e-13,5.989707706e-14,1.519071477e-13,6.944742048e-14,1.110591714e-13,2.951931959e-13,1.209911485e-13,2.071718379e-13,3.377245965e-13,2.934918547e-13,2.068225117e-13,2.090273713e-13,2.287392191e-13,2.080380788e-13,1.793981347e-13,3.468409543e-14,7.45898726e-14,2.448496677e-14,2.348579038e-14,3.738278562e-14,6.525195198e-14,1.753757747e-13,2.899140499e-13,1.171251558e-13,7.147195571e-14,2.884820346e-13,4.602202099e-14
177.71875,4.809527267e-13,3.25564349e-13,2.93844011e-13,1.44658614e-13,3.357623276e-13,2.401261213e-13,6.026574683e-14,1.535287983e-13,6.887868527e-14,1.133268574e-13,2.973464645e-13,1.208710568e-13,2.053141924e-13,3.367420894e-13,2.959309914e-13,2.12316684e-13,2.124082787e-13,2.316301518e-13,2.07533346e-13,1.804698871e-13,3.438860715e-14,7.448328607e-14,2.473997236e-14,2.288823466e-14,3.809389141e-14,6.61801931e-14,1.785692165e-13,2.900790052e-13,1.178048302e-13,7.265227102e-14,2.892245153e-13,4.673094432e-14
177.7265625,4.83980429e-13,3.241436058e-13,2.959300772e-13,1.450632353e-13,3.346518677e-13,2.393033857e-13,6.065135285e-14,1.55127835e-13,6.83162412e-14,1.156182003e-13,2.993383439e-13,1.20697205e-13,2.034487778e-13,3.357552756e-13,2.985217472e-13,2.179961463e-13,2.158606854e-13,2.344765542e-13,2.070639732e-13,1.814545127e-13,3.412564544e-14,7.434754494e-14,2.497806675e-14,2.235311944e-14,3.881182196e-14,6.70919665e-14,1.818026256e-13,2.903014983e-13,1.184238819e-13,7.385238138e-14,2.900804051e-13,4.742114726e-14
177.734375,4.872413549e-13,3.226591117e-13,2.981201861e-13,1.455597177e-13,3.336424142e-13,2.386450246e-13,6.105051291e-14,1.566941628e-13,6.777583115e-14,1.179668858e-13,3.010851834e-13,1.206388796e-13,2.017255143e-13,3.349886259e-13,3.01425558e-13,2.239402023e-13,2.194902818e-13,2.374311344e-13,2.067179836e-13,1.824782701e-13,3.387958475e-14,7.423735674e-14,2.523287947e-14,2.183133278e-14,3.957176394e-14,6.798134206e-14,1.849737169e-13,2.905334576e-13,1.189939577e-13,7.50475178e-14,2.911235053e-13,4.807810474e-14
177.7421875,4.906983263e-13,3.213210805e-13,3.001137431e-13,1.462113671e-13,3.325034485e-13,2.380097796e-13,6.149053323e-14,1.582648224e-13,6.724694952e-14,1.204008687e-13,3.026620873e-13,1.206022797e-13,2.000158195e-13,3.342784496e-13,3.045403753e-13,2.301694814e-13,2.232473427e-13,2.404881035e-13,2.063931332e-13,1.836304061e-13,3.36233623e-14,7.415214104e-14,2.550626861e-14,2.131892114e-14,4.03831391e-14,6.886566315e-14,1.880706822e-13,2.908069627e-13,1.195020283e-13,7.621679067e-14,2.922821048e-13,4.874687715e-14
177.75,4.943406407e-13,3.203174084e-13,3.017053357e-13,1.467541508e-13,3.309762915e-13,2.372526432e-13,6.197429965e-14,1.598606904e-13,6.668609975e-14,1.228941129e-13,3.042124544e-13,1.204170979e-13,1.981298305e-13,3.333709165e-13,3.075990014e-13,2.365038511e-13,2.269921888e-13,2.43426642e-13,2.059543662e-13,1.848274795e-13,3.339138889e-14,7.402971597e-14,2.576853123e-14,2.088323524e-14,4.119405415e-14,6.972843811e-14,1.910650118e-13,2.912091697e-13,1.199410108e-13,7.739498663e-14,2.933247013e-13,4.94385491e-14
177.7578125,4.98225593e-13,3.192713118e-13,3.034403487e-13,1.47143113e-13,3.293813318e-13,2.364832906e-13,6.242632479e-14,1.614353132e-13,6.61040541e-14,1.253870453e-13,3.058376294e-13,1.201978427e-13,1.96199569e-13,3.324324364e-13,3.106315165e-13,2.428630926e-13,2.307697036e-13,2.462856579e-13,2.055153852e-13,1.861166937e-13,3.32090445e-14,7.389597623e-14,2.602784271e-14,2.052850868e-14,4.199037769e-14,7.057273591e-14,1.939666666e-13,2.91635716e-13,1.203696275e-13,7.861364263e-14,2.943612295e-13,5.012713738e-14
177.765625,5.023273691e-13,3.182246093e-13,3.055584328e-13,1.476680359e-13,3.279745083e-13,2.358183727e-13,6.282600181e-14,1.629400924e-13,6.556216712e-14,1.278609862e-13,3.074818035e-13,1.201063261e-13,1.943902291e-13,3.316906291e-13,3.13930902e-13,2.494599624e-13,2.347147053e-13,2.493349481e-13,2.052157124e-13,1.875641711e-13,3.305974162e-14,7.38136394e-14,2.631019826e-14,2.019503238e-14,4.282521501e-14,7.142721857e-14,1.969182107e-13,2.920848746e-13,1.208583303e-13,7.98487927e-14,2.956645539e-13,5.080236341e-14
177.7734375,5.065505084e-13,3.174784022e-13,3.075117633e-13,1.483322973e-13,3.265439053e-13,2.352092753e-13,6.323153706e-14,1.644106603e-13,6.507521057e-14,1.303608118e-13,3.089354983e-13,1.200247872e-13,1.925363272e-13,3.310144613e-13,3.175087282e-13,2.563794478e-13,2.387520305e-13,2.525676326e-13,2.049467033e-13,1.890058776e-13,3.294140612e-14,7.375056097e-14,2.659811034e-14,1.986274919e-14,4.370817901e-14,7.227650482e-14,1.999094408e-13,2.926886367e-13,1.213521347e-13,8.106287308e-14,2.970753059e-13,5.146652367e-14
177.78125,5.109838088e-13,3.165988181e-13,3.091204355e-13,1.488692578e-13,3.249783025e-13,2.345390138e-13,6.363668991e-14,1.658961161e-13,6.459302912e-14,1.328710736e-13,3.100960152e-13,1.197940662e-13,1.905119949e-13,3.302276264e-13,3.211015318e-13,2.634106699e-13,2.427079024e-13,2.557774887e-13,2.045944395e-13,1.904166855e-13,3.28485997e-14,7.365703734e-14,2.68537973e-14,1.955699865e-14,4.460151227e-14,7.311820114e-14,2.02746788e-13,2.932181323e-13,1.217016607e-13,8.224985346e-14,2.983771373e-13,5.214870898e-14
177.7890625,5.156926253e-13,3.153255394e-13,3.108285154e-13,1.493221588e-13,3.233655109e-13,2.337467678e-13,6.399909228e-14,1.673308252e-13,6.406850246e-14,1.353416213e-13,3.111549274e-13,1.195272262e-13,1.885074143e-13,3.294113406e-13,3.246535716e-13,2.704654524e-13,2.466532661e-13,2.589805264e-13,2.042483438e-13,1.918873198e-13,3.278119142e-14,7.355220377e-14,2.708163494e-14,1.930136265e-14,4.550518216e-14,7.396206789e-14,2.0546171e-13,2.934819855e-13,1.219532504e-13,8.345027309e-14,2.997237818e-13,5.284660117e-14
177.796875,5.205762089e-13,3.142748251e-13,3.127702988e-13,1.499443207e-13,3.217441517e-13,2.329566855e-13,6.435607504e-14,1.686010645e-13,6.351767058e-14,1.37835557e-13,3.122890027e-13,1.194065665e-13,1.866568101e-13,3.2874855e-13,3.282980905e-13,2.776685872e-13,2.507959015e-13,2.623116435e-13,2.040045124e-13,1.932161855e-13,3.278887179e-14,7.347323826e-14,2.732546557e-14,1.909155325e-14,4.642357977e-14,7.474808098e-14,2.08237016e-13,2.938957696e-13,1.22304792e-13,8.47058544e-14,3.012649119e-13,5.347293547e-14
177.8046875,5.257504975e-13,3.136928042e-13,3.146239891e-13,1.507221227e-13,3.201274465e-13,2.323412834e-13,6.475518076e-14,1.697248518e-13,6.29889932e-14,1.403933341e-13,3.133303212e-13,1.193556419e-13,1.848434295e-13,3.28232244e-13,3.320401921e-13,2.850873178e-13,2.551476097e-13,2.657300661e-13,2.037969765e-13,1.943626932e-13,3.287221118e-14,7.341843146e-14,2.759887502e-14,1.890911088e-14,4.733496529e-14,7.546629114e-14,2.110262581e-13,2.946803066e-13,1.226985151e-13,8.598018846e-14,3.029276664e-13,5.401710442e-14
177.8125,5.313730678e-13,3.130415505e-13,3.162645719e-13,1.51420314e-13,3.184533503e-13,2.318250041e-13,6.516920921e-14,1.708451623e-13,6.249063079e-14,1.429357784e-13,3.140840664e-13,1.19204531e-13,1.829459309e-13,3.276670645e-13,3.358487186e-13,2.927389439e-13,2.596325839e-13,2.691390447e-13,2.035265181e-13,1.956624373e-13,3.295123561e-14,7.334474637e-14,2.786141919e-14,1.876953005e-14,4.825504961e-14,7.621411828e-14,2.13711381e-13,2.954168866e-13,1.229419068e-13,8.72163443e-14,3.045727271e-13,5.458808806e-14
177.8203125,5.371680989e-13,3.1212554e-13,3.179465104e-13,1.519699996e-13,3.166536766e-13,2.312529022e-13,6.556841608e-14,1.720459903e-13,6.200473644e-14,1.454636256e-13,3.146983984e-13,1.190025653e-13,1.810084406e-13,3.270574466e-13,3.398665597e-13,3.006876845e-13,2.642742987e-13,2.725667928e-13,2.032510717e-13,1.971200516e-13,3.303057181e-14,7.323247273e-14,2.809047498e-14,1.870246871e-14,4.92219385e-14,7.70033973e-14,2.163454908e-13,2.959856966e-13,1.231088424e-13,8.84399684e-14,3.062049319e-13,5.519248975e-14
177.828125,5.428632741e-13,3.11323543e-13,3.198154636e-13,1.525651024e-13,3.14786795e-13,2.306716232e-13,6.596712154e-14,1.732843786e-13,6.152716122e-14,1.480257621e-13,3.15354196e-13,1.188608121e-13,1.791516822e-13,3.266117821e-13,3.442178348e-13,3.089491986e-13,2.69028616e-13,2.760528534e-13,2.030804686e-13,1.98544778e-13,3.318586653e-14,7.312405718e-14,2.831163612e-14,1.869157811e-14,5.023080569e-14,7.777263762e-14,2.189779755e-13,2.966752968e-13,1.233340524e-13,8.968140888e-14,3.080376033e-13,5.575442696e-14
177.8359375,5.486756963e-13,3.107564961e-13,3.216522594e-13,1.53305561e-13,3.128866837e-13,2.301599125e-13,6.637165729e-14,1.744878621e-13,6.105961222e-14,1.505652719e-13,3.159429696e-13,1.187156317e-13,1.773551505e-13,3.262700033e-13,3.487337015e-13,3.174032102e-13,2.737758453e-13,2.795640067e-13,2.029534786e-13,2.000941543e-13,3.339586593e-14,7.304275448e-14,2.853377662e-14,1.869880013e-14,5.125420414e-14,7.855170261e-14,2.215538552e-13,2.974108428e-13,1.23526742e-13,9.09030347e-14,3.100555975e-13,5.630621471e-14
177.84375,5.549005181e-13,3.101630683e-13,3.232735419e-13,1.540438151e-13,3.109723229e-13,2.296919832e-13,6.678108892e-14,1.75607188e-13,6.061379356e-14,1.53080976e-13,3.163329675e-13,1.185019823e-13,1.754961291e-13,3.258719593e-13,3.531681016e-13,3.258583459e-13,2.785131328e-13,2.830896084e-13,2.027938222e-13,2.017770813e-13,3.361182603e-14,7.297265101e-14,2.874111225e-14,1.87033634e-14,5.227950212e-14,7.935048449e-14,2.240387445e-13,2.980411973e-13,1.235883705e-13,9.208545375e-14,3.11966668e-13,5.688525775e-14
177.8515625,5.615170152e-13,3.09524868e-13,3.247663471e-13,1.547430499e-13,3.091026403e-13,2.292149478e-13,6.721186562e-14,1.766150855e-13,6.018260065e-14,1.556588372e-13,3.165884017e-13,1.182828798e-13,1.736403722e-13,3.255618193e-13,3.575688032e-13,3.342580817e-13,2.832748693e-13,2.866599971e-13,2.027050608e-13,2.033065357e-13,3.387054026e-14,7.292962177e-14,2.894884535e-14,1.870849388e-14,5.331165909e-14,8.008022008e-14,2.264532481e-13,2.98781944e-13,1.235838551e-13,9.324595158e-14,3.138782453e-13,5.742556425e-14
177.859375,5.683950087e-13,3.090800909e-13,3.262118026e-13,1.555284831e-13,3.071942506e-13,2.286952619e-13,6.765919612e-14,1.775391843e-13,5.972467111e-14,1.582715647e-13,3.167684104e-13,1.180794723e-13,1.719179668e-13,3.25405462e-13,3.621231081e-13,3.427848228e-13,2.880814478e-13,2.902707433e-13,2.027352369e-13,2.046798946e-13,3.418915774e-14,7.291818726e-14,2.918351533e-14,1.87635863e-14,5.436345906e-14,8.07347066e-14,2.28799263e-13,2.99701375e-13,1.235887781e-13,9.438428027e-14,3.160700449e-13,5.789683496e-14
177.8671875,5.755197459e-13,3.087912372e-13,3.275785979e-13,1.563371078e-13,3.051741069e-13,2.282230563e-13,6.810932813e-14,1.784302194e-13,5.925507152e-14,1.608500344e-13,3.168056332e-13,1.178337967e-13,1.702395028e-13,3.252356786e-13,3.668629944e-13,3.516095175e-13,2.930328747e-13,2.938872783e-13,2.027892403e-13,2.060098037e-13,3.452562293e-14,7.28980914e-14,2.943295136e-14,1.890890848e-14,5.54348576e-14,8.138726062e-14,2.310291264e-13,3.005898039e-13,1.235463365e-13,9.551455534e-14,3.183362564e-13,5.83361505e-14
177.875,5.829193449e-13,3.084473117e-13,3.288664609e-13,1.570659175e-13,3.031625791e-13,2.279087122e-13,6.857897447e-14,1.792902204e-13,5.882913082e-14,1.63423172e-13,3.166546296e-13,1.175486596e-13,1.685309718e-13,3.251055317e-13,3.717692719e-13,3.606692109e-13,2.981618089e-13,2.97519274e-13,2.028763428e-13,2.072733631e-13,3.488266599e-14,7.287334003e-14,2.966863441e-14,1.910675797e-14,5.652327434e-14,8.202804641e-14,2.331865113e-13,3.014586235e-13,1.233764979e-13,9.666682349e-14,3.205235903e-13,5.875643619e-14
177.8828125,5.905824184e-13,3.081432461e-13,3.301477361e-13,1.578379131e-13,3.011882858e-13,2.276212102e-13,6.905437455e-14,1.801109045e-13,5.842038339e-14,1.660443138e-13,3.163750081e-13,1.172888243e-13,1.668619872e-13,3.251224816e-13,3.76828217e-13,3.698674025e-13,3.033895053e-13,3.012329641e-13,2.030509537e-13,2.085811572e-13,3.529677819e-14,7.287441507e-14,2.988445175e-14,1.932722403e-14,5.763832783e-14,8.263994289e-14,2.35463449e-13,3.024973836e-13,1.23194075e-13,9.783376196e-14,3.228378895e-13,5.916605245e-14
177.890625,5.984724695e-13,3.081335496e-13,3.315145795e-13,1.587185034e-13,2.991739455e-13,2.272336755e-13,6.949510986e-14,1.809088877e-13,5.799487914e-14,1.687278668e-13,3.160193843e-13,1.17084946e-13,1.652009823e-13,3.251358874e-13,3.819342573e-13,3.792178398e-13,3.086924639e-13,3.050466117e-13,2.032525795e-13,2.09952689e-13,3.576964578e-14,7.288320477e-14,3.009442592e-14,1.958539506e-14,5.877140692e-14,8.327392304e-14,2.378525769e-13,3.037185189e-13,1.231636694e-13,9.89888527e-14,3.252400332e-13,5.957917148e-14
177.8984375,6.064859198e-13,3.083883289e-13,3.329288501e-13,1.596244503e-13,2.971345605e-13,2.268725555e-13,6.992956478e-14,1.816673534e-13,5.759626992e-14,1.714202089e-13,3.155193397e-13,1.169056739e-13,1.635115601e-13,3.251055034e-13,3.870338648e-13,3.886271275e-13,3.139785941e-13,3.08857546e-13,2.034600293e-13,2.112107796e-13,3.628658557e-14,7.289112773e-14,3.031384658e-14,1.984992283e-14,5.990184638e-14,8.390550971e-14,2.400712676e-13,3.049793277e-13,1.231635345e-13,1.001039696e-13,3.276113512e-13,5.998058282e-14
177.90625,6.145522546e-13,3.086395e-13,3.342073218e-13,1.60587772e-13,2.950055336e-13,2.265924153e-13,7.038584816e-14,1.823516986e-13,5.722497437e-14,1.740271876e-13,3.147719502e-13,1.166990382e-13,1.618830816e-13,3.251617937e-13,3.922053071e-13,3.979404559e-13,3.191251029e-13,3.125850994e-13,2.037191731e-13,2.124758136e-13,3.682128703e-14,7.291867149e-14,3.054511435e-14,2.009760602e-14,6.103688426e-14,8.445143515e-14,2.420995414e-13,3.061568105e-13,1.229862154e-13,1.011496082e-13,3.30107137e-13,6.035680167e-14
177.9140625,6.228244883e-13,3.088258501e-13,3.353215541e-13,1.616323227e-13,2.927525568e-13,2.263331211e-13,7.081511231e-14,1.829710572e-13,5.683740813e-14,1.7654866e-13,3.138347594e-13,1.164666386e-13,1.603243393e-13,3.252906253e-13,3.97490341e-13,4.072827596e-13,3.243268111e-13,3.163361543e-13,2.040198978e-13,2.139125942e-13,3.733657351e-14,7.296002151e-14,3.078258703e-14,2.039424093e-14,6.2188925e-14,8.496494414e-14,2.441926532e-13,3.072468452e-13,1.227260805e-13,1.021511287e-13,3.327224968e-13,6.07064373e-14
177.921875,6.313882433e-13,3.091786618e-13,3.364744049e-13,1.626226594e-13,2.905953162e-13,2.261691674e-13,7.121517615e-14,1.835190117e-13,5.644777575e-14,1.790461974e-13,3.12881295e-13,1.162533824e-13,1.587798424e-13,3.254616073e-13,4.028770605e-13,4.168949189e-13,3.298216034e-13,3.202350748e-13,2.043624986e-13,2.152469771e-13,3.785222377e-14,7.300421143e-14,3.102376766e-14,2.077095593e-14,6.334461985e-14,8.556049549e-14,2.463282681e-13,3.083682614e-13,1.225627821e-13,1.03180069e-13,3.353134541e-13,6.101393858e-14
177.9296875,6.400032782e-13,3.097193942e-13,3.378328898e-13,1.63521071e-13,2.885534404e-13,2.261226431e-13,7.164144174e-14,1.83948481e-13,5.605272156e-14,1.815502564e-13,3.119305216e-13,1.160513119e-13,1.572485426e-13,3.257111274e-13,4.083856928e-13,4.267792363e-13,3.355174358e-13,3.24188171e-13,2.047599706e-13,2.163101373e-13,3.843415519e-14,7.304027516e-14,3.126213847e-14,2.118064555e-14,6.449156644e-14,8.619556556e-14,2.483768919e-13,3.096387436e-13,1.224633538e-13,1.042673877e-13,3.379626975e-13,6.12686519e-14
177.9375,6.486078293e-13,3.101557645e-13,3.393833277e-13,1.644302984e-13,2.86385698e-13,2.261186725e-13,7.207960972e-14,1.84279676e-13,5.562374806e-14,1.841215086e-13,3.108023158e-13,1.158311697e-13,1.557108055e-13,3.260239685e-13,4.140446788e-13,4.368702571e-13,3.413734973e-13,3.281068586e-13,2.051883878e-13,2.172908158e-13,3.908468237e-14,7.305100842e-14,3.148743141e-14,2.161585017e-14,6.564857207e-14,8.675980102e-14,2.504893659e-13,3.110372836e-13,1.22364454e-13,1.053821218e-13,3.407321976e-13,6.147355877e-14
177.9453125,6.575474975e-13,3.10490041e-13,3.409618124e-13,1.653632451e-13,2.842549321e-13,2.262316067e-13,7.249893502e-14,1.845696781e-13,5.521733268e-14,1.867402733e-13,3.093860958e-13,1.156516713e-13,1.542022387e-13,3.26494242e-13,4.198596612e-13,4.471098594e-13,3.474543642e-13,3.321803696e-13,2.057153798e-13,2.181877459e-13,3.97456998e-14,7.30798897e-14,3.169783433e-14,2.209991524e-14,6.684336144e-14,8.727205814e-14,2.527095947e-13,3.124126504e-13,1.222997355e-13,1.064484541e-13,3.435864095e-13,6.164173396e-14
177.953125,6.669287595e-13,3.110339995e-13,3.424425122e-13,1.663066845e-13,2.824342219e-13,2.264974495e-13,7.292261307e-14,1.847773626e-13,5.486834383e-14,1.892201567e-13,3.077794673e-13,1.155697068e-13,1.528099361e-13,3.272230816e-13,4.25798795e-13,4.572896176e-13,3.535410989e-13,3.365395136e-13,2.064113115e-13,2.189490765e-13,4.039798398e-14,7.317308698e-14,3.189604992e-14,2.262467003e-14,6.805939553e-14,8.779649728e-14,2.548125306e-13,3.136769858e-13,1.222615697e-13,1.074006977e-13,3.465750171e-13,6.180312715e-14
177.9609375,6.76394272e-13,3.118018642e-13,3.438950968e-13,1.673330151e-13,2.8057752e-13,2.267578537e-13,7.335653164e-14,1.848682398e-13,5.450691269e-14,1.915424228e-13,3.061061954e-13,1.155125144e-13,1.514623239e-13,3.279843224e-13,4.318091839e-13,4.673892875e-13,3.594718569e-13,3.409305027e-13,2.071161092e-13,2.198400233e-13,4.107989129e-14,7.326933889e-14,3.209297752e-14,2.318339173e-14,6.925915416e-14,8.831196699e-14,2.567744926e-13,3.149400203e-13,1.222135186e-13,1.082780511e-13,3.496362516e-13,6.196584e-14
177.96875,6.857641561e-13,3.126633598e-13,3.453705466e-13,1.684356525e-13,2.783703948e-13,2.269453255e-13,7.379745436e-14,1.849310523e-13,5.413199891e-14,1.939285262e-13,3.043591e-13,1.154119843e-13,1.500507745e-13,3.285657963e-13,4.378543266e-13,4.776856114e-13,3.654329345e-13,3.451289073e-13,2.076877099e-13,2.209560893e-13,4.183996558e-14,7.332705487e-14,3.231201524e-14,2.376945584e-14,7.045851034e-14,8.87997884e-14,2.587602817e-13,3.163395437e-13,1.221769816e-13,1.091576327e-13,3.526563634e-13,6.210735471e-14
177.9765625,6.953340187e-13,3.137508847e-13,3.468195952e-13,1.695138703e-13,2.761733479e-13,2.271534559e-13,7.426546324e-14,1.849968121e-13,5.381440948e-14,1.964189998e-13,3.025069225e-13,1.153217928e-13,1.486353499e-13,3.291580458e-13,4.439097225e-13,4.881797741e-13,3.715003478e-13,3.492841131e-13,2.082847555e-13,2.220141056e-13,4.267751734e-14,7.341000269e-14,3.255488687e-14,2.436597273e-14,7.168072547e-14,8.930108603e-14,2.607807012e-13,3.178770563e-13,1.221414346e-13,1.100234631e-13,3.55747225e-13,6.223191762e-14
177.984375,7.05273708e-13,3.150283046e-13,3.483237707e-13,1.705820421e-13,2.742205983e-13,2.274775043e-13,7.47475356e-14,1.849904092e-13,5.352941375e-14,1.988635849e-13,3.005770366e-13,1.152647874e-13,1.473008599e-13,3.299409024e-13,4.499988997e-13,4.986330476e-13,3.775816716e-13,3.535309954e-13,2.090504575e-13,2.228669933e-13,4.352745268e-14,7.35270617e-14,3.279098781e-14,2.498049328e-14,7.289457574e-14,8.982405993e-14,2.628098061e-13,3.195044831e-13,1.220380585e-13,1.108496617e-13,3.589755727e-13,6.235253582e-14
177.9921875,7.15239431e-13,3.161622874e-13,3.499399902e-13,1.717281878e-13,2.722660809e-13,2.279548263e-13,7.522332157e-14,1.849299236e-13,5.324279192e-14,2.012595542e-13,2.98544104e-13,1.151866536e-13,1.460758249e-13,3.308176194e-13,4.561647208e-13,5.090557499e-13,3.836989461e-13,3.577734334e-13,2.098845824e-13,2.235681528e-13,4.436629442e-14,7.363273344e-14,3.300320679e-14,2.561992035e-14,7.409794122e-14,9.032891683e-14,2.649038654e-13,3.211842263e-13,1.21904387e-13,1.116712005e-13,3.622308467e-13,6.244437831e-14
178,7.249389523e-13,3.172007235e-13,3.515593446e-13,1.729159777e-13,2.702777735e-13,2.284949471e-13,7.571560114e-14,1.848719357e-13,5.299825276e-14,2.036798521e-13,2.963601853e-13,1.151162295e-13,1.449678824e-13,3.31728906e-13,4.623299211e-13,5.194929467e-13,3.89824122e-13,3.620217822e-13,2.107035691e-13,2.2413352e-13,4.524989522e-14,7.37580281e-14,3.320377422e-14,2.627909529e-14,7.533057767e-14,9.079780939e-14,2.670551539e-13,3.228625647e-13,1.218897828e-13,1.124788488e-13,3.655413327e-13,6.248732659e-14
178.0078125,7.344677206e-13,3.184832652e-13,3.532003961e-13,1.740902812e-13,2.683210535e-13,2.289616181e-13,7.622446475e-14,1.847806067e-13,5.276568033e-14,2.060726548e-13,2.940906659e-13,1.151026893e-13,1.439002247e-13,3.326387915e-13,4.683992908e-13,5.298393286e-13,3.958755524e-13,3.664073384e-13,2.115110624e-13,2.246537995e-13,4.617755658e-14,7.390055245e-14,3.34132634e-14,2.698273439e-14,7.656916043e-14,9.124288066e-14,2.692197833e-13,3.24498861e-13,1.220255968e-13,1.132303072e-13,3.689347292e-13,6.248982076e-14
178.015625,7.439865288e-13,3.199408473e-13,3.549498071e-13,1.7534705e-13,2.661605724e-13,2.294067245e-13,7.671348491e-14,1.846521375e-13,5.246938751e-14,2.08365869e-13,2.917669731e-13,1.150699318e-13,1.428232737e-13,3.334146155e-13,4.744475833e-13,5.401482142e-13,4.019697505e-13,3.709112221e-13,2.122867583e-13,2.252128641e-13,4.709227868e-14,7.39816287e-14,3.365455539e-14,2.773427148e-14,7.777311489e-14,9.168003736e-14,2.713956345e-13,3.260778756e-13,1.222137682e-13,1.139377479e-13,3.722513104e-13,6.246435326e-14
178.0234375,7.537576717e-13,3.214048334e-13,3.567704293e-13,1.76749049e-13,2.638703771e-13,2.30004591e-13,7.718215633e-14,1.845172798e-13,5.217228632e-14,2.105860289e-13,2.893161662e-13,1.14991106e-13,1.418524612e-13,3.341920933e-13,4.805593832e-13,5.505488341e-13,4.082516587e-13,3.755152686e-13,2.131247415e-13,2.256988404e-13,4.801524112e-14,7.404540028e-14,3.393377282e-14,2.848678837e-14,7.897988339e-14,9.212155609e-14,2.735651763e-13,3.276648886e-13,1.224762655e-13,1.146211256e-13,3.75554755e-13,6.243195872e-14
178.03125,7.638971079e-13,3.230545133e-13,3.58724711e-13,1.781588533e-13,2.618867505e-13,2.307828361e-13,7.76599921e-14,1.843249996e-13,5.196134771e-14,2.12769389e-13,2.86818416e-13,1.149805254e-13,1.410348786e-13,3.352679532e-13,4.866490694e-13,5.609289094e-13,4.145908874e-13,3.802615264e-13,2.141432294e-13,2.260574616e-13,4.899244909e-14,7.41966789e-14,3.4227255e-14,2.92376719e-14,8.021403941e-14,9.257970298e-14,2.757132724e-13,3.294101799e-13,1.228962083e-13,1.152802052e-13,3.790947512e-13,6.24036873e-14
178.0390625,7.738622588e-13,3.249142629e-13,3.608182507e-13,1.794877529e-13,2.60121799e-13,2.3159796e-13,7.814821677e-14,1.840431422e-13,5.177396895e-14,2.148323258e-13,2.843883901e-13,1.150338548e-13,1.402466257e-13,3.364806741e-13,4.92617949e-13,5.710851009e-13,4.207117118e-13,3.849655198e-13,2.152057845e-13,2.263665862e-13,4.999094035e-14,7.43758845e-14,3.451698916e-14,3.002171887e-14,8.142391088e-14,9.306691749e-14,2.778656969e-13,3.312735113e-13,1.233770187e-13,1.159033029e-13,3.827348861e-13,6.235796479e-14
178.046875,7.833693804e-13,3.267174919e-13,3.62858047e-13,1.808490435e-13,2.582116852e-13,2.32403059e-13,7.863076185e-14,1.837046247e-13,5.153964203e-14,2.16704723e-13,2.818506447e-13,1.150377772e-13,1.394880004e-13,3.375623367e-13,4.985664409e-13,5.810567747e-13,4.266464315e-13,3.894789721e-13,2.161963827e-13,2.265672582e-13,5.096222802e-14,7.44957537e-14,3.480797858e-14,3.08268101e-14,8.259558896e-14,9.355375774e-14,2.800515432e-13,3.330126086e-13,1.238355734e-13,1.164505621e-13,3.862167885e-13,6.227512556e-14
178.0546875,7.929725392e-13,3.285062268e-13,3.650226037e-13,1.823112729e-13,2.56327843e-13,2.333621819e-13,7.91274298e-14,1.833330514e-13,5.13209482e-14,2.185920563e-13,2.790902605e-13,1.150780742e-13,1.388732789e-13,3.387650245e-13,5.04701948e-13,5.910855077e-13,4.327584842e-13,3.940702595e-13,2.172768234e-13,2.26602178e-13,5.192781415e-14,7.462215336e-14,3.51056273e-14,3.163415444e-14,8.378341204e-14,9.398417409e-14,2.823130686e-13,3.347159966e-13,1.244189308e-13,1.169407635e-13,3.897260728e-13,6.215361637e-14
178.0625,8.028131631e-13,3.305695652e-13,3.676589702e-13,1.837887029e-13,2.547203209e-13,2.345234258e-13,7.967401788e-14,1.829751036e-13,5.118602977e-14,2.207064188e-13,2.763305083e-13,1.15295362e-13,1.383356682e-13,3.402800573e-13,5.110094601e-13,6.012110714e-13,4.390912207e-13,3.989492625e-13,2.185046447e-13,2.265814967e-13,5.295815062e-14,7.48145955e-14,3.541155788e-14,3.245475366e-14,8.499701023e-14,9.439140813e-14,2.846554851e-13,3.367282738e-13,1.252128809e-13,1.174522083e-13,3.934850115e-13,6.200502944e-14
178.0703125,8.125296172e-13,3.328394393e-13,3.704719073e-13,1.851998424e-13,2.531898502e-13,2.356729065e-13,8.025731969e-14,1.826313193e-13,5.107322813e-14,2.227987233e-13,2.73634182e-13,1.155646005e-13,1.3778198e-13,3.418320704e-13,5.172851676e-13,6.112597994e-13,4.453391911e-13,4.039977412e-13,2.197191903e-13,2.265486074e-13,5.403953434e-14,7.501065121e-14,3.572612303e-14,3.329859355e-14,8.621463456e-14,9.486603364e-14,2.869693296e-13,3.388259182e-13,1.260922559e-13,1.179484294e-13,3.973720792e-13,6.185778872e-14
178.078125,8.221094278e-13,3.349769253e-13,3.731380751e-13,1.865562626e-13,2.515697473e-13,2.36736196e-13,8.084225434e-14,1.821899816e-13,5.088753318e-14,2.245485576e-13,2.70817524e-13,1.157582208e-13,1.373264988e-13,3.433328398e-13,5.235340589e-13,6.2129666e-13,4.515535041e-13,4.091991572e-13,2.208749006e-13,2.265023451e-13,5.504416215e-14,7.515469396e-14,3.604833448e-14,3.41835708e-14,8.746609383e-14,9.540001948e-14,2.892191254e-13,3.404486508e-13,1.270096088e-13,1.183477642e-13,4.013482598e-13,6.171499834e-14
178.0859375,8.313638189e-13,3.36973504e-13,3.760407856e-13,1.880030063e-13,2.500028752e-13,2.378994082e-13,8.142656673e-14,1.816175651e-13,5.06656336e-14,2.261292851e-13,2.679452966e-13,1.160193518e-13,1.370491102e-13,3.449936691e-13,5.298628825e-13,6.314327445e-13,4.578834204e-13,4.145207954e-13,2.220193545e-13,2.264820906e-13,5.595542365e-14,7.528708348e-14,3.638909026e-14,3.510777766e-14,8.874168572e-14,9.593604239e-14,2.915768531e-13,3.417747566e-13,1.28048157e-13,1.187078387e-13,4.055488876e-13,6.154769897e-14
178.09375,8.401111613e-13,3.391103011e-13,3.793963639e-13,1.896626503e-13,2.486186117e-13,2.392279528e-13,8.201212256e-14,1.809970413e-13,5.049649812e-14,2.277812648e-13,2.651701234e-13,1.164118817e-13,1.368759299e-13,3.468074677e-13,5.36166054e-13,6.414231122e-13,4.640575543e-13,4.197120216e-13,2.231583396e-13,2.26333491e-13,5.688678725e-14,7.546811865e-14,3.675543478e-14,3.602205116e-14,8.99610144e-14,9.6484952e-14,2.94116945e-13,3.433374137e-13,1.292135267e-13,1.190792635e-13,4.098912929e-13,6.136521411e-14
178.1015625,8.488369754e-13,3.413633861e-13,3.828526783e-13,1.913475789e-13,2.47337626e-13,2.40583291e-13,8.259802688e-14,1.803866118e-13,5.035852774e-14,2.294032066e-13,2.623928004e-13,1.167640522e-13,1.367633199e-13,3.485917867e-13,5.423718063e-13,6.511442741e-13,4.699822842e-13,4.248058113e-13,2.243087169e-13,2.259367142e-13,5.782461465e-14,7.566386607e-14,3.712682801e-14,3.692530797e-14,9.113948311e-14,9.705450292e-14,2.966737264e-13,3.449917304e-13,1.30446792e-13,1.194047925e-13,4.141839051e-13,6.119744623e-14
178.109375,8.576095023e-13,3.435708609e-13,3.863423615e-13,1.928352116e-13,2.459983082e-13,2.418950465e-13,8.320182832e-14,1.798526146e-13,5.023395685e-14,2.309592134e-13,2.595806785e-13,1.170604841e-13,1.3667599e-13,3.502924933e-13,5.485124118e-13,6.607458084e-13,4.758966473e-13,4.300328599e-13,2.254418339e-13,2.255315588e-13,5.872405921e-14,7.580082121e-14,3.748766832e-14,3.786830324e-14,9.234318755e-14,9.761301222e-14,2.991913521e-13,3.465081461e-13,1.317517644e-13,1.197032739e-13,4.184626209e-13,6.103044647e-14
178.1171875,8.660571917e-13,3.459271366e-13,3.90086362e-13,1.942567861e-13,2.44611834e-13,2.432421314e-13,8.382341814e-14,1.794029863e-13,5.018741217e-14,2.325629105e-13,2.568484627e-13,1.174466384e-13,1.365687548e-13,3.520332771e-13,5.54455055e-13,6.700930512e-13,4.817620639e-13,4.352909963e-13,2.265191435e-13,2.252135783e-13,5.967900177e-14,7.591510113e-14,3.785280579e-14,3.884280117e-14,9.35159339e-14,9.815710857e-14,3.017941932e-13,3.481856047e-13,1.331818427e-13,1.200453906e-13,4.228407194e-13,6.085089158e-14
178.125,8.744881419e-13,3.484569723e-13,3.939968295e-13,1.956914003e-13,2.433107514e-13,2.446508101e-13,8.444820929e-14,1.788835504e-13,5.01737742e-14,2.341224923e-13,2.541358163e-13,1.178790888e-13,1.364900531e-13,3.539286043e-13,5.601196622e-13,6.789846064e-13,4.874408698e-13,4.404548595e-13,2.275825007e-13,2.247667223e-13,6.068897084e-14,7.606707495e-14,3.823486625e-14,3.982040885e-14,9.461309082e-14,9.868437091e-14,3.044480619e-13,3.499840902e-13,1.3473474e-13,1.203713391e-13,4.272372727e-13,6.06807437e-14
178.1328125,8.829296943e-13,3.507844447e-13,3.979925284e-13,1.96970028e-13,2.420717326e-13,2.459947431e-13,8.508365617e-14,1.782193213e-13,5.008881889e-14,2.355269122e-13,2.513724491e-13,1.182730467e-13,1.364758623e-13,3.558565559e-13,5.656044115e-13,6.874798186e-13,4.928973894e-13,4.455630452e-13,2.286123764e-13,2.242785952e-13,6.163926602e-14,7.621163299e-14,3.862759128e-14,4.079688439e-14,9.569547793e-14,9.918715746e-14,3.070090848e-13,3.514572006e-13,1.363603861e-13,1.205895869e-13,4.315355836e-13,6.052959627e-14
178.140625,8.907652203e-13,3.529590758e-13,4.022827136e-13,1.981746343e-13,2.408399735e-13,2.472499735e-13,8.574327052e-14,1.775198861e-13,4.99862621e-14,2.368863433e-13,2.486713334e-13,1.187183915e-13,1.364919768e-13,3.576778651e-13,5.708922243e-13,6.955549278e-13,4.979866166e-13,4.505213578e-13,2.295540698e-13,2.239754133e-13,6.253709135e-14,7.632612649e-14,3.90324235e-14,4.175086068e-14,9.675956105e-14,9.970831759e-14,3.095193534e-13,3.526720807e-13,1.381115133e-13,1.207236049e-13,4.357986903e-13,6.038615151e-14
178.1484375,8.980568594e-13,3.552236562e-13,4.069167168e-13,1.994892776e-13,2.396477856e-13,2.485743221e-13,8.645282382e-14,1.768429971e-13,4.991260749e-14,2.382620111e-13,2.460559188e-13,1.192285888e-13,1.365203703e-13,3.594291322e-13,5.7598171e-13,7.032758884e-13,5.02822727e-13,4.553524601e-13,2.304407107e-13,2.236631453e-13,6.341258546e-14,7.643568489e-14,3.946737704e-14,4.272337429e-14,9.776964636e-14,1.002532655e-13,3.12074822e-13,3.538574934e-13,1.400763219e-13,1.208200551e-13,4.400209779e-13,6.02336709e-14
178.15625,9.050093347e-13,3.572975632e-13,4.117390791e-13,2.007993932e-13,2.384275675e-13,2.499796733e-13,8.723274357e-14,1.761663824e-13,4.979048853e-14,2.395813548e-13,2.434709945e-13,1.19712896e-13,1.365468572e-13,3.610480129e-13,5.809713512e-13,7.108636514e-13,5.076752523e-13,4.602190378e-13,2.312519311e-13,2.231314056e-13,6.425061903e-14,7.649446407e-14,3.993549917e-14,4.379251766e-14,9.876468911e-14,1.007347757e-13,3.14605929e-13,3.548774477e-13,1.421743529e-13,1.208660849e-13,4.440351491e-13,6.0048398e-14
178.1640625,9.113312196e-13,3.591463074e-13,4.167517247e-13,2.021210795e-13,2.371973429e-13,2.513735301e-13,8.803641382e-14,1.754826868e-13,4.963704565e-14,2.407983329e-13,2.409848937e-13,1.20235307e-13,1.36636703e-13,3.625351661e-13,5.857491542e-13,7.180284826e-13,5.122672496e-13,4.649953402e-13,2.31962681e-13,2.225261484e-13,6.509706061e-14,7.649876866e-14,4.041186016e-14,4.48806204e-14,9.972927621e-14,1.011356151e-13,3.170337837e-13,3.557837581e-13,1.443126363e-13,1.208543647e-13,4.479428421e-13,5.983918081e-14
178.171875,9.171625029e-13,3.612581275e-13,4.220307025e-13,2.036383144e-13,2.361300281e-13,2.528039291e-13,8.881981523e-14,1.74778605e-13,4.952986704e-14,2.418625491e-13,2.385971129e-13,1.208872519e-13,1.369055767e-13,3.641656362e-13,5.902459149e-13,7.244343904e-13,5.163117167e-13,4.695787377e-13,2.326748084e-13,2.220075169e-13,6.593560459e-14,7.652735959e-14,4.08854211e-14,4.58898503e-14,1.006173892e-13,1.015580626e-13,3.194276418e-13,3.567561333e-13,1.465658212e-13,1.20815352e-13,4.520199999e-13,5.96574852e-14
178.1796875,9.226915092e-13,3.63612357e-13,4.276213598e-13,2.051347963e-13,2.35104034e-13,2.5420968e-13,8.960580599e-14,1.740862114e-13,4.943633823e-14,2.427668942e-13,2.362313367e-13,1.216118617e-13,1.372662168e-13,3.659239684e-13,5.947010654e-13,7.30550673e-13,5.201435276e-13,4.741180694e-13,2.333954589e-13,2.216155176e-13,6.670958064e-14,7.655706696e-14,4.137138926e-14,4.691152691e-14,1.01489554e-13,1.020549485e-13,3.219000133e-13,3.57631011e-13,1.489929677e-13,1.207654649e-13,4.561949437e-13,5.952188264e-14
178.1875,9.276959069e-13,3.657901148e-13,4.335985917e-13,2.063724219e-13,2.339131072e-13,2.554224491e-13,9.039731059e-14,1.734487434e-13,4.932809657e-14,2.435918332e-13,2.339571065e-13,1.223511364e-13,1.375811729e-13,3.675287706e-13,5.991981258e-13,7.367713302e-13,5.239888717e-13,4.786009065e-13,2.340274621e-13,2.213186811e-13,6.749013402e-14,7.652402025e-14,4.186784215e-14,4.800507549e-14,1.023835694e-13,1.025898661e-13,3.244748388e-13,3.582693603e-13,1.515703341e-13,1.206939362e-13,4.603176109e-13,5.94035631e-14
178.1953125,9.323838557e-13,3.677850477e-13,4.398307685e-13,2.076186096e-13,2.327348482e-13,2.565832435e-13,9.120361677e-14,1.728216074e-13,4.922289307e-14,2.443079113e-13,2.317573064e-13,1.230849378e-13,1.379256663e-13,3.690971999e-13,6.036321451e-13,7.427678831e-13,5.276735935e-13,4.830214838e-13,2.345777095e-13,2.209942162e-13,6.827879324e-14,7.645869528e-14,4.236913064e-14,4.909369284e-14,1.032526607e-13,1.03146002e-13,3.270724378e-13,3.586781643e-13,1.543112685e-13,1.205890909e-13,4.645039795e-13,5.929585253e-14
178.203125,9.370024203e-13,3.697207946e-13,4.460847787e-13,2.090929165e-13,2.317099317e-13,2.580083911e-13,9.211840889e-14,1.722155131e-13,4.910751869e-14,2.448399197e-13,2.294322057e-13,1.237991393e-13,1.383936482e-13,3.708283752e-13,6.08035045e-13,7.484014518e-13,5.312079403e-13,4.875688871e-13,2.350459154e-13,2.205723798e-13,6.896463878e-14,7.637770323e-14,4.289502288e-14,5.01752693e-14,1.041047003e-13,1.037211856e-13,3.295988354e-13,3.588219018e-13,1.57235806e-13,1.204302378e-13,4.687460831e-13,5.920765306e-14
178.2109375,9.410271475e-13,3.71743978e-13,4.524396822e-13,2.105188028e-13,2.306397973e-13,2.594307499e-13,9.311575139e-14,1.716443131e-13,4.900464651e-14,2.453855406e-13,2.270792565e-13,1.245479453e-13,1.389219385e-13,3.725524761e-13,6.123330266e-13,7.536918728e-13,5.345218015e-13,4.920806124e-13,2.354080469e-13,2.201952809e-13,6.958758047e-14,7.626522485e-14,4.344731089e-14,5.12651657e-14,1.049344725e-13,1.04311108e-13,3.320648931e-13,3.588991936e-13,1.603281279e-13,1.202186129e-13,4.7297725e-13,5.913367912e-14
178.21875,9.4454608e-13,3.736647684e-13,4.592349474e-13,2.118736026e-13,2.29605095e-13,2.607863767e-13,9.412162839e-14,1.710547067e-13,4.892869716e-14,2.46095332e-13,2.249664669e-13,1.253690236e-13,1.395592095e-13,3.742887151e-13,6.164611844e-13,7.587661676e-13,5.377200413e-13,4.964554499e-13,2.357593686e-13,2.198250304e-13,7.020551486e-14,7.615652114e-14,4.399703939e-14,5.232426237e-14,1.057310782e-13,1.049127834e-13,3.345866495e-13,3.59137978e-13,1.635550003e-13,1.200086259e-13,4.773365837e-13,5.906395362e-14
178.2265625,9.478839309e-13,3.753311274e-13,4.664951428e-13,2.133377075e-13,2.287142225e-13,2.621905833e-13,9.513660741e-14,1.704104253e-13,4.882105424e-14,2.468048984e-13,2.230549043e-13,1.262012326e-13,1.402807387e-13,3.760660701e-13,6.204974736e-13,7.636662174e-13,5.408644206e-13,5.008349644e-13,2.361052397e-13,2.194459909e-13,7.074720202e-14,7.604109171e-14,4.455188159e-14,5.340106954e-14,1.065161756e-13,1.055443104e-13,3.371590141e-13,3.59322214e-13,1.668434722e-13,1.198229514e-13,4.817873855e-13,5.90211398e-14
178.234375,9.508844412e-13,3.770714183e-13,4.741830029e-13,2.148224282e-13,2.278641665e-13,2.636319671e-13,9.618877584e-14,1.697781483e-13,4.868787355e-14,2.473426481e-13,2.212487846e-13,1.270769741e-13,1.410348957e-13,3.778391559e-13,6.244782055e-13,7.683142373e-13,5.437747453e-13,5.052417384e-13,2.363339046e-13,2.191676803e-13,7.125082663e-14,7.590095603e-14,4.513042496e-14,5.453725008e-14,1.072928049e-13,1.062209754e-13,3.396505152e-13,3.592768609e-13,1.702841891e-13,1.196059928e-13,4.862818832e-13,5.902230239e-14
178.2421875,9.532759258e-13,3.789584572e-13,4.822469579e-13,2.161826184e-13,2.269688363e-13,2.649667144e-13,9.724832943e-14,1.691933218e-13,4.855778003e-14,2.477329479e-13,2.196273684e-13,1.280078338e-13,1.418123536e-13,3.795569071e-13,6.282343009e-13,7.724779147e-13,5.462076064e-13,5.095257434e-13,2.364141358e-13,2.189747692e-13,7.180064496e-14,7.574640994e-14,4.571561557e-14,5.564642568e-14,1.080198718e-13,1.069366176e-13,3.420466814e-13,3.590613494e-13,1.74019256e-13,1.193304133e-13,4.908689698e-13,5.905332209e-14
178.25,9.548309351e-13,3.80588578e-13,4.904864988e-13,2.174924034e-13,2.260234591e-13,2.661055784e-13,9.832821679e-14,1.686028673e-13,4.837076376e-14,2.480288514e-13,2.181683168e-13,1.288992479e-13,1.425105986e-13,3.8109684e-13,6.316697026e-13,7.760672877e-13,5.481505677e-13,5.136771458e-13,2.363220337e-13,2.187305495e-13,7.231619585e-14,7.553246481e-14,4.631662199e-14,5.671578201e-14,1.086925818e-13,1.076532699e-13,3.443956738e-13,3.585568453e-13,1.779466839e-13,1.190301293e-13,4.953786817e-13,5.908491176e-14
178.2578125,9.554764685e-13,3.820433759e-13,4.989306831e-13,2.187460652e-13,2.249704195e-13,2.670603381e-13,9.948422826e-14,1.67960845e-13,4.812094058e-14,2.482492445e-13,2.167664612e-13,1.297657007e-13,1.431230211e-13,3.824072325e-13,6.348501066e-13,7.791932086e-13,5.497233309e-13,5.177116164e-13,2.360159529e-13,2.185114385e-13,7.274173584e-14,7.522408352e-14,4.697214891e-14,5.780799277e-14,1.093435226e-13,1.083685016e-13,3.466385268e-13,3.576895048e-13,1.81987638e-13,1.187141295e-13,4.996323819e-13,5.912581235e-14
178.265625,9.557114508e-13,3.835450833e-13,5.076808742e-13,2.19874972e-13,2.238324521e-13,2.679649833e-13,1.00692071e-13,1.672477985e-13,4.788315615e-14,2.483830022e-13,2.154232311e-13,1.306778104e-13,1.438244342e-13,3.83622251e-13,6.377802659e-13,7.818659889e-13,5.510152784e-13,5.215732114e-13,2.355925465e-13,2.184963089e-13,7.312774012e-14,7.487868856e-14,4.766234664e-14,5.888393054e-14,1.099754226e-13,1.091298049e-13,3.487570115e-13,3.566747037e-13,1.862408764e-13,1.183604434e-13,5.037677863e-13,5.921431793e-14
178.2734375,9.559882618e-13,3.84874747e-13,5.165793463e-13,2.211213172e-13,2.228351139e-13,2.690325338e-13,1.019107253e-13,1.664719761e-13,4.766584163e-14,2.484114064e-13,2.141921252e-13,1.316317931e-13,1.446399171e-13,3.849118916e-13,6.404759338e-13,7.839938404e-13,5.520818278e-13,5.253045672e-13,2.352190223e-13,2.185290197e-13,7.34564089e-14,7.455881356e-14,4.833971976e-14,5.991366948e-14,1.105543029e-13,1.099033182e-13,3.508649416e-13,3.556935626e-13,1.906643385e-13,1.179689893e-13,5.080137727e-13,5.932474788e-14
178.28125,9.560540368e-13,3.861852639e-13,5.257350405e-13,2.226826478e-13,2.2211411e-13,2.703001712e-13,1.031727831e-13,1.656932179e-13,4.745027398e-14,2.484105523e-13,2.131525369e-13,1.326589735e-13,1.454866598e-13,3.86426665e-13,6.430793855e-13,7.856046451e-13,5.529693933e-13,5.289605247e-13,2.349434914e-13,2.183287564e-13,7.369960826e-14,7.427799759e-14,4.901934816e-14,6.092315862e-14,1.110640243e-13,1.106214918e-13,3.530384646e-13,3.547847252e-13,1.951705251e-13,1.175755332e-13,5.124826143e-13,5.941896886e-14
178.2890625,9.554994959e-13,3.876660386e-13,5.354031592e-13,2.241934895e-13,2.214258796e-13,2.715007759e-13,1.044981987e-13,1.649673762e-13,4.72420066e-14,2.484456877e-13,2.123165938e-13,1.337529476e-13,1.463627142e-13,3.880935071e-13,6.456522064e-13,7.869385574e-13,5.537584298e-13,5.32483798e-13,2.346309064e-13,2.180694613e-13,7.391678203e-14,7.398705958e-14,4.972611863e-14,6.189384495e-14,1.115606715e-13,1.113546472e-13,3.55265905e-13,3.538181307e-13,1.998527787e-13,1.172145625e-13,5.170652626e-13,5.954553431e-14
178.296875,9.541699401e-13,3.887655462e-13,5.454118044e-13,2.252974107e-13,2.205583973e-13,2.724626292e-13,1.058707796e-13,1.642947457e-13,4.701913345e-14,2.484330837e-13,2.115953604e-13,1.348290492e-13,1.472345297e-13,3.89608607e-13,6.481723436e-13,7.883141787e-13,5.544916434e-13,5.358803497e-13,2.341023018e-13,2.180851683e-13,7.414380331e-14,7.360804581e-14,5.042393028e-14,6.285349504e-14,1.121208062e-13,1.121755446e-13,3.574878259e-13,3.524987606e-13,2.047649002e-13,1.168583787e-13,5.215276014e-13,5.971644083e-14
178.3046875,9.52123243e-13,3.893902355e-13,5.557596686e-13,2.262786417e-13,2.19738974e-13,2.73406492e-13,1.073002756e-13,1.636573237e-13,4.67831079e-14,2.483247826e-13,2.110470182e-13,1.359364809e-13,1.480981082e-13,3.909943307e-13,6.507047418e-13,7.897289733e-13,5.550456461e-13,5.392787163e-13,2.333741232e-13,2.182984868e-13,7.434858502e-14,7.317174239e-14,5.108425936e-14,6.384599813e-14,1.127220693e-13,1.130310241e-13,3.595907364e-13,3.508221316e-13,2.098524653e-13,1.164670016e-13,5.259186357e-13,5.989161164e-14
178.3125,9.49652797e-13,3.902126579e-13,5.666497741e-13,2.274799591e-13,2.190709389e-13,2.744676258e-13,1.087704571e-13,1.630490525e-13,4.65667895e-14,2.481846226e-13,2.107631421e-13,1.371480902e-13,1.49015514e-13,3.924605379e-13,6.5318716e-13,7.907820582e-13,5.552420674e-13,5.426997167e-13,2.325823817e-13,2.18593909e-13,7.45009127e-14,7.27571863e-14,5.173402279e-14,6.479904048e-14,1.132706585e-13,1.139259446e-13,3.615602287e-13,3.491092031e-13,2.151080684e-13,1.160799738e-13,5.304224157e-13,6.01366108e-14
178.3203125,9.468959328e-13,3.912724022e-13,5.777056984e-13,2.287731058e-13,2.182643495e-13,2.754207097e-13,1.10232982e-13,1.624315372e-13,4.633772259e-14,2.47993966e-13,2.105908779e-13,1.383691404e-13,1.499848592e-13,3.938616074e-13,6.553823586e-13,7.912569104e-13,5.550689296e-13,5.460246678e-13,2.317482894e-13,2.190472326e-13,7.459434055e-14,7.232442924e-14,5.239845017e-14,6.567367075e-14,1.137513882e-13,1.149115577e-13,3.63560817e-13,3.474177576e-13,2.205517786e-13,1.157305264e-13,5.349721047e-13,6.047867031e-14
178.328125,9.436351328e-13,3.921339331e-13,5.887083771e-13,2.300405779e-13,2.173486912e-13,2.762176184e-13,1.117152192e-13,1.617341013e-13,4.605060182e-14,2.476866405e-13,2.104412933e-13,1.395557728e-13,1.510362651e-13,3.951519178e-13,6.573149698e-13,7.913579469e-13,5.54662343e-13,5.492535428e-13,2.308535309e-13,2.195072195e-13,7.46264377e-14,7.183681128e-14,5.308579973e-14,6.651441318e-14,1.142339053e-13,1.159072262e-13,3.656475499e-13,3.45559801e-13,2.262026228e-13,1.153786791e-13,5.395415774e-13,6.080600356e-14
178.3359375,9.398497112e-13,3.927838497e-13,6.000904902e-13,2.313744452e-13,2.165826832e-13,2.770855192e-13,1.132740767e-13,1.609767151e-13,4.574146199e-14,2.473009768e-13,2.104328906e-13,1.407719729e-13,1.521685977e-13,3.9655818e-13,6.591929595e-13,7.91174825e-13,5.540598194e-13,5.524677144e-13,2.299009966e-13,2.199070707e-13,7.458591666e-14,7.134708843e-14,5.380305961e-14,6.731858018e-14,1.147303669e-13,1.168472535e-13,3.676384175e-13,3.43527211e-13,2.320399129e-13,1.150224188e-13,5.442295653e-13,6.113953222e-14
178.34375,9.358053229e-13,3.933588993e-13,6.117481985e-13,2.326504405e-13,2.158037699e-13,2.780078732e-13,1.148857959e-13,1.602525051e-13,4.544164184e-14,2.468751432e-13,2.105783087e-13,1.419820495e-13,1.532449921e-13,3.979697634e-13,6.609343294e-13,7.905092649e-13,5.531305507e-13,5.555757076e-13,2.28833763e-13,2.205490523e-13,7.446405104e-14,7.084548283e-14,5.452830745e-14,6.810957335e-14,1.151789844e-13,1.17785798e-13,3.694385252e-13,3.414003035e-13,2.379427534e-13,1.146817185e-13,5.489171077e-13,6.158305419e-14
178.3515625,9.315524242e-13,3.93890629e-13,6.231448308e-13,2.337080332e-13,2.148927052e-13,2.788203857e-13,1.165204447e-13,1.595176075e-13,4.510436593e-14,2.46354358e-13,2.108442783e-13,1.43111014e-13,1.542976785e-13,3.991950165e-13,6.62432063e-13,7.894199537e-13,5.519120089e-13,5.584913692e-13,2.276572796e-13,2.214059193e-13,7.42602843e-14,7.029364842e-14,5.523298614e-14,6.891170978e-14,1.155769148e-13,1.187198193e-13,3.71174164e-13,3.391455188e-13,2.438319188e-13,1.142917382e-13,5.534423188e-13,6.205433438e-14
178.359375,9.269371484e-13,3.943203972e-13,6.344944209e-13,2.347584411e-13,2.140765819e-13,2.795818314e-13,1.182006882e-13,1.586742183e-13,4.470369621e-14,2.457218618e-13,2.112552249e-13,1.441862954e-13,1.554382453e-13,4.003585971e-13,6.638977559e-13,7.882854292e-13,5.506839263e-13,5.613585197e-13,2.264536854e-13,2.222012001e-13,7.397316783e-14,6.972976631e-14,5.592818443e-14,6.964161239e-14,1.159882585e-13,1.19635376e-13,3.729240844e-13,3.367001175e-13,2.498347379e-13,1.138290582e-13,5.5786368e-13,6.249212815e-14
178.3671875,9.218094257e-13,3.945537349e-13,6.463452513e-13,2.359692326e-13,2.132875813e-13,2.803660129e-13,1.199258432e-13,1.578233036e-13,4.4299511e-14,2.450885745e-13,2.117731239e-13,1.453002241e-13,1.56500079e-13,4.014393651e-13,6.653842027e-13,7.871181733e-13,5.494172343e-13,5.642697732e-13,2.2517653e-13,2.230941305e-13,7.363570787e-14,6.915946441e-14,5.663137811e-14,7.029846807e-14,1.164215746e-13,1.206408144e-13,3.746282824e-13,3.340862851e-13,2.561680752e-13,1.13418962e-13,5.623213235e-13,6.299723148e-14
178.375,9.159777622e-13,3.94775353e-13,6.587324959e-13,2.371495382e-13,2.122954142e-13,2.810921343e-13,1.216736483e-13,1.570687154e-13,4.393594464e-14,2.44551251e-13,2.124326652e-13,1.465110245e-13,1.573761577e-13,4.022903521e-13,6.666106023e-13,7.855396335e-13,5.477353191e-13,5.670856543e-13,2.237367516e-13,2.242347105e-13,7.332076656e-14,6.854547447e-14,5.733562218e-14,7.096256216e-14,1.168276293e-13,1.217583558e-13,3.762383025e-13,3.314166882e-13,2.628082995e-13,1.131294137e-13,5.668369336e-13,6.357685365e-14
178.3828125,9.094712486e-13,3.950945782e-13,6.714009523e-13,2.382137235e-13,2.112699896e-13,2.817581766e-13,1.234498364e-13,1.563007989e-13,4.35765853e-14,2.44029281e-13,2.132823508e-13,1.47760972e-13,1.58257243e-13,4.030800584e-13,6.67577326e-13,7.835738474e-13,5.456597197e-13,5.697052941e-13,2.221918539e-13,2.25458132e-13,7.30439049e-14,6.791341101e-14,5.802407962e-14,7.156115722e-14,1.171927719e-13,1.228363376e-13,3.777173708e-13,3.287149443e-13,2.694896032e-13,1.128450542e-13,5.712527081e-13,6.41575217e-14
178.390625,9.026439269e-13,3.951618251e-13,6.842955333e-13,2.393000824e-13,2.104154007e-13,2.824797843e-13,1.252707347e-13,1.554594118e-13,4.318579445e-14,2.434104337e-13,2.142115522e-13,1.489799213e-13,1.59271132e-13,4.040369645e-13,6.686145837e-13,7.815770266e-13,5.43565927e-13,5.722409987e-13,2.206256758e-13,2.267828764e-13,7.273701922e-14,6.728827471e-14,5.868730613e-14,7.203164577e-14,1.175579199e-13,1.238451834e-13,3.790240112e-13,3.258413415e-13,2.76189538e-13,1.124988091e-13,5.755738227e-13,6.476103362e-14
178.3984375,8.957020609e-13,3.949633381e-13,6.975622202e-13,2.404000546e-13,2.096639887e-13,2.83300294e-13,1.271679164e-13,1.546128684e-13,4.277602221e-14,2.427466637e-13,2.152946864e-13,1.502153616e-13,1.603900988e-13,4.051499221e-13,6.697588125e-13,7.794310823e-13,5.414223999e-13,5.748531488e-13,2.190466126e-13,2.282605097e-13,7.236377741e-14,6.665461611e-14,5.934916592e-14,7.245997115e-14,1.179695789e-13,1.249281038e-13,3.801758899e-13,3.228396854e-13,2.830966964e-13,1.121909222e-13,5.801035765e-13,6.542812111e-14
178.40625,8.887692974e-13,3.950513277e-13,7.110386745e-13,2.414306273e-13,2.089678387e-13,2.841769504e-13,1.291626528e-13,1.537308391e-13,4.236238015e-14,2.420510321e-13,2.167401488e-13,1.514827969e-13,1.615512764e-13,4.063335905e-13,6.707582095e-13,7.767656336e-13,5.389858206e-13,5.775173638e-13,2.174777154e-13,2.29729014e-13,7.194961529e-14,6.603434573e-14,6.003610586e-14,7.288344269e-14,1.184149972e-13,1.261052028e-13,3.811624478e-13,3.199810557e-13,2.900951985e-13,1.119425003e-13,5.848155766e-13,6.615669663e-14
178.4140625,8.819723594e-13,3.955216855e-13,7.243397521e-13,2.423814578e-13,2.082900731e-13,2.850195762e-13,1.311950069e-13,1.527885371e-13,4.193664849e-14,2.411841598e-13,2.183753084e-13,1.527164035e-13,1.626710489e-13,4.074962329e-13,6.715461898e-13,7.736510075e-13,5.363356173e-13,5.800456351e-13,2.159093517e-13,2.311579332e-13,7.147998396e-14,6.542949863e-14,6.07242876e-14,7.331039628e-14,1.188293245e-13,1.272720415e-13,3.819845929e-13,3.171691656e-13,2.970640935e-13,1.116313043e-13,5.893435754e-13,6.6920454e-14
178.421875,8.74717087e-13,3.957627522e-13,7.375993139e-13,2.431638558e-13,2.075178452e-13,2.857041983e-13,1.33206007e-13,1.518699535e-13,4.148064259e-14,2.401815418e-13,2.199785585e-13,1.539366326e-13,1.63735512e-13,4.085093646e-13,6.722138903e-13,7.703508672e-13,5.335299286e-13,5.823490038e-13,2.142046682e-13,2.326890141e-13,7.091869737e-14,6.47679259e-14,6.139220235e-14,7.374728374e-14,1.192024923e-13,1.284374289e-13,3.828351032e-13,3.139689907e-13,3.042162255e-13,1.112548954e-13,5.936699403e-13,6.76774968e-14
178.4296875,8.663948433e-13,3.95356984e-13,7.510934325e-13,2.43779047e-13,2.067223624e-13,2.86297077e-13,1.352423037e-13,1.509461079e-13,4.099864222e-14,2.392415997e-13,2.217170024e-13,1.551862952e-13,1.64786915e-13,4.093940157e-13,6.728144858e-13,7.669323898e-13,5.304919422e-13,5.845624158e-13,2.123302838e-13,2.344700367e-13,7.032092235e-14,6.405195304e-14,6.204434342e-14,7.407184635e-14,1.195921607e-13,1.29653573e-13,3.837822218e-13,3.104440619e-13,3.115512275e-13,1.10917039e-13,5.97966794e-13,6.843607227e-14
178.4375,8.57765458e-13,3.946721177e-13,7.646386459e-13,2.444513224e-13,2.060665652e-13,2.870293921e-13,1.3733954e-13,1.499221277e-13,4.051042842e-14,2.383353574e-13,2.237184525e-13,1.564300841e-13,1.658608083e-13,4.103380826e-13,6.734133738e-13,7.633733585e-13,5.273585182e-13,5.868575374e-13,2.104880367e-13,2.36482452e-13,6.974148446e-14,6.337530958e-14,6.26547186e-14,7.426192964e-14,1.200090093e-13,1.308662864e-13,3.845169198e-13,3.070601486e-13,3.188633013e-13,1.105988373e-13,6.022475507e-13,6.922512056e-14
178.4453125,8.493804002e-13,3.942606561e-13,7.781826858e-13,2.45213145e-13,2.053869158e-13,2.877987752e-13,1.394533831e-13,1.488538686e-13,3.999689828e-14,2.373247271e-13,2.258759403e-13,1.576560764e-13,1.669698263e-13,4.11278488e-13,6.739660396e-13,7.595555152e-13,5.24106912e-13,5.891631173e-13,2.086941875e-13,2.38410933e-13,6.910175538e-14,6.271594352e-14,6.321318508e-14,7.449409997e-14,1.204009511e-13,1.320409116e-13,3.849205863e-13,3.037733543e-13,3.26208222e-13,1.102407377e-13,6.065140276e-13,7.00246918e-14
178.453125,8.40326444e-13,3.939724935e-13,7.91785169e-13,2.458550463e-13,2.044468798e-13,2.883359379e-13,1.415942146e-13,1.478027031e-13,3.94447264e-14,2.36268297e-13,2.281275533e-13,1.588747098e-13,1.680096139e-13,4.11950554e-13,6.742670486e-13,7.553240413e-13,5.20412773e-13,5.912277111e-13,2.066925078e-13,2.401978585e-13,6.834444631e-14,6.197828192e-14,6.375812719e-14,7.474679001e-14,1.207438173e-13,1.332117601e-13,3.852498575e-13,3.002524636e-13,3.335901579e-13,1.098689345e-13,6.106558825e-13,7.082807297e-14
178.4609375,8.304337324e-13,3.934242261e-13,8.052135286e-13,2.463590358e-13,2.034479412e-13,2.888409017e-13,1.438164878e-13,1.467152838e-13,3.890245589e-14,2.352371161e-13,2.304529418e-13,1.600893253e-13,1.689255206e-13,4.124985592e-13,6.743339843e-13,7.507810628e-13,5.163779932e-13,5.930624333e-13,2.045162478e-13,2.422160541e-13,6.754458219e-14,6.121096813e-14,6.428611223e-14,7.484031653e-14,1.210690498e-13,1.343699535e-13,3.855175461e-13,2.966051019e-13,3.409254678e-13,1.09494914e-13,6.145771706e-13,7.163862131e-14
178.46875,8.206319698e-13,3.928246143e-13,8.185782846e-13,2.46833433e-13,2.026206434e-13,2.895478416e-13,1.460778995e-13,1.455807864e-13,3.837735025e-14,2.341482944e-13,2.32823003e-13,1.61334247e-13,1.698464749e-13,4.131749923e-13,6.744643639e-13,7.462267079e-13,5.124027562e-13,5.949441942e-13,2.024090703e-13,2.44476529e-13,6.672958303e-14,6.04865225e-14,6.475732002e-14,7.483756784e-14,1.214113611e-13,1.355132468e-13,3.855348508e-13,2.929379911e-13,3.484001639e-13,1.091006598e-13,6.184415735e-13,7.243163207e-14
178.4765625,8.10896466e-13,3.924070949e-13,8.321341716e-13,2.472751837e-13,2.017756391e-13,2.902435645e-13,1.483224985e-13,1.444529757e-13,3.781906063e-14,2.329366503e-13,2.35243711e-13,1.625867885e-13,1.707508484e-13,4.137459603e-13,6.747733049e-13,7.418124578e-13,5.084870438e-13,5.969257216e-13,2.003102659e-13,2.467522285e-13,6.585512766e-14,5.974208686e-14,6.51688985e-14,7.488387669e-14,1.217722441e-13,1.36684964e-13,3.853533604e-13,2.890224346e-13,3.560393679e-13,1.086955467e-13,6.222569955e-13,7.321679322e-14
178.484375,8.008849357e-13,3.918728057e-13,8.454611582e-13,2.477073292e-13,2.008242437e-13,2.909014311e-13,1.505970123e-13,1.433370765e-13,3.724184261e-14,2.316664439e-13,2.377045817e-13,1.637627456e-13,1.715165139e-13,4.140959252e-13,6.750731252e-13,7.373515353e-13,5.044822625e-13,5.988318108e-13,1.981289222e-13,2.49132245e-13,6.496782271e-14,5.89654586e-14,6.554046586e-14,7.492599369e-14,1.221423292e-13,1.378706845e-13,3.850238322e-13,2.849224646e-13,3.635502909e-13,1.082849861e-13,6.258758665e-13,7.401380983e-14
178.4921875,7.907839928e-13,3.908810501e-13,8.581440976e-13,2.481712444e-13,1.999322625e-13,2.916605201e-13,1.529209426e-13,1.422019712e-13,3.667887104e-14,2.304630315e-13,2.401865826e-13,1.648485866e-13,1.722434716e-13,4.144458442e-13,6.751288312e-13,7.325165274e-13,5.003165693e-13,6.004996949e-13,1.959461653e-13,2.515210214e-13,6.412474247e-14,5.822722655e-14,6.589717589e-14,7.487280253e-14,1.225072803e-13,1.390239952e-13,3.844856641e-13,2.80890615e-13,3.708638981e-13,1.078729359e-13,6.293588434e-13,7.481042283e-14
178.5,7.802831447e-13,3.894542782e-13,8.703277633e-13,2.486019157e-13,1.990303276e-13,2.922602775e-13,1.552185783e-13,1.410428148e-13,3.611466282e-14,2.293412866e-13,2.426584972e-13,1.658779237e-13,1.72966728e-13,4.14698283e-13,6.748594179e-13,7.273456072e-13,4.958485243e-13,6.018197842e-13,1.936615088e-13,2.536864923e-13,6.327480787e-14,5.748688681e-14,6.625014093e-14,7.473735916e-14,1.228348128e-13,1.401486124e-13,3.838274095e-13,2.767839014e-13,3.78076431e-13,1.074603033e-13,6.326656024e-13,7.561183204e-14
178.5078125,7.693442822e-13,3.880157974e-13,8.822994746e-13,2.489354512e-13,1.980683586e-13,2.926521156e-13,1.574624947e-13,1.398787694e-13,3.556574217e-14,2.281643028e-13,2.451163497e-13,1.668991024e-13,1.735906439e-13,4.148322523e-13,6.744922906e-13,7.222617157e-13,4.9128358e-13,6.030687588e-13,1.912361726e-13,2.558843095e-13,6.237704553e-14,5.670515484e-14,6.65701791e-14,7.456668409e-14,1.231432879e-13,1.41279119e-13,3.83118596e-13,2.725087198e-13,3.852535976e-13,1.070434759e-13,6.357676625e-13,7.641154024e-14
178.515625,7.586885807e-13,3.868924636e-13,8.943969509e-13,2.491107843e-13,1.972682195e-13,2.932344821e-13,1.597082305e-13,1.387039377e-13,3.505027077e-14,2.269168811e-13,2.477054738e-13,1.679831601e-13,1.74219209e-13,4.15224243e-13,6.743704415e-13,7.174433331e-13,4.870404436e-13,6.047410702e-13,1.889207095e-13,2.583436902e-13,6.145805345e-14,5.596447857e-14,6.683572335e-14,7.436740312e-14,1.235058422e-13,1.424606832e-13,3.823118359e-13,2.683129873e-13,3.925232101e-13,1.066713289e-13,6.389682891e-13,7.718375232e-14
178.5234375,7.480873069e-13,3.857648761e-13,9.066285083e-13,2.490706857e-13,1.96600731e-13,2.93980296e-13,1.619872147e-13,1.374796568e-13,3.452573271e-14,2.257524948e-13,2.505144236e-13,1.691080592e-13,1.749133963e-13,4.15814923e-13,6.744761571e-13,7.126693336e-13,4.829233856e-13,6.066778261e-13,1.867294776e-13,2.609037047e-13,6.053805988e-14,5.527729772e-14,6.704822192e-14,7.407866313e-14,1.239171743e-13,1.437030744e-13,3.814333466e-13,2.642394688e-13,3.998195528e-13,1.063664517e-13,6.422643421e-13,7.79419026e-14
178.53125,7.369631865e-13,3.845006226e-13,9.18501063e-13,2.48938853e-13,1.958640662e-13,2.946127494e-13,1.642884436e-13,1.361869183e-13,3.398258758e-14,2.246615143e-13,2.534083214e-13,1.701952828e-13,1.755606973e-13,4.162576883e-13,6.745026332e-13,7.077257258e-13,4.784774728e-13,6.08375345e-13,1.844742346e-13,2.635092112e-13,5.962683697e-14,5.458423685e-14,6.720643658e-14,7.366005005e-14,1.243106407e-13,1.449546111e-13,3.80438541e-13,2.6017405e-13,4.069359066e-13,1.060519644e-13,6.453276782e-13,7.869546005e-14
178.5390625,7.258232206e-13,3.83569426e-13,9.298684812e-13,2.488347612e-13,1.951305367e-13,2.952201966e-13,1.665904818e-13,1.348312739e-13,3.344846569e-14,2.235090794e-13,2.563061384e-13,1.712527715e-13,1.761594701e-13,4.166235156e-13,6.743099357e-13,7.025244907e-13,4.737466341e-13,6.098489154e-13,1.822155009e-13,2.661193143e-13,5.873057707e-14,5.390752126e-14,6.732734047e-14,7.316838516e-14,1.246752874e-13,1.461748336e-13,3.791862379e-13,2.561703008e-13,4.138939646e-13,1.057029571e-13,6.481709557e-13,7.943741842e-14
178.546875,7.148901897e-13,3.827450264e-13,9.408747516e-13,2.486218885e-13,1.944527383e-13,2.958510144e-13,1.688540033e-13,1.33433725e-13,3.290924825e-14,2.223150869e-13,2.591971051e-13,1.722699281e-13,1.766566574e-13,4.169702967e-13,6.739490012e-13,6.970691231e-13,4.689090808e-13,6.111927218e-13,1.800013443e-13,2.685815246e-13,5.784023788e-14,5.325718914e-14,6.741005429e-14,7.265459279e-14,1.250058851e-13,1.473521719e-13,3.77696684e-13,2.521762157e-13,4.207168948e-13,1.053743347e-13,6.508189162e-13,8.017394319e-14
178.5546875,7.037534733e-13,3.813959335e-13,9.514251367e-13,2.482374821e-13,1.93733615e-13,2.964303675e-13,1.71045752e-13,1.32041292e-13,3.235482818e-14,2.211369446e-13,2.620123552e-13,1.731845547e-13,1.76968617e-13,4.171926724e-13,6.735063538e-13,6.915267158e-13,4.639930735e-13,6.122984363e-13,1.777407931e-13,2.709997249e-13,5.694996644e-14,5.259311171e-14,6.742639516e-14,7.210384219e-14,1.252953941e-13,1.485044227e-13,3.760519302e-13,2.480902138e-13,4.273589942e-13,1.050745594e-13,6.532070281e-13,8.088563497e-14
178.5625,6.924941379e-13,3.798939856e-13,9.616748749e-13,2.47839302e-13,1.92979127e-13,2.970713335e-13,1.731900705e-13,1.306586186e-13,3.180251399e-14,2.199354933e-13,2.648704108e-13,1.74038384e-13,1.773137013e-13,4.173771114e-13,6.730899352e-13,6.860912595e-13,4.591033532e-13,6.133505179e-13,1.754787261e-13,2.735225283e-13,5.604216678e-14,5.19312938e-14,6.740624125e-14,7.150265441e-14,1.256105923e-13,1.496916774e-13,3.742865571e-13,2.440270559e-13,4.33952628e-13,1.047964911e-13,6.5559467e-13,8.157126001e-14
178.5703125,6.810843477e-13,3.785848698e-13,9.717752504e-13,2.473819457e-13,1.921889202e-13,2.977716569e-13,1.753399825e-13,1.292482364e-13,3.125787244e-14,2.187025593e-13,2.679380355e-13,1.748912556e-13,1.778118295e-13,4.175137835e-13,6.726715782e-13,6.807609213e-13,4.542625982e-13,6.144864971e-13,1.732206255e-13,2.760381288e-13,5.509918461e-14,5.128424285e-14,6.736896292e-14,7.085228347e-14,1.259737996e-13,1.508954295e-13,3.724691996e-13,2.399844555e-13,4.404926909e-13,1.045306425e-13,6.579950999e-13,8.224735715e-14
178.578125,6.693944701e-13,3.770054207e-13,9.813114493e-13,2.46650896e-13,1.913464531e-13,2.983777325e-13,1.774886766e-13,1.27835602e-13,3.072259149e-14,2.174677894e-13,2.710375595e-13,1.756902107e-13,1.782131767e-13,4.174997052e-13,6.720818994e-13,6.754174097e-13,4.493920799e-13,6.155101365e-13,1.708731611e-13,2.78449927e-13,5.414975251e-14,5.062392945e-14,6.725269871e-14,7.01678708e-14,1.263027698e-13,1.520392106e-13,3.70560288e-13,2.358101039e-13,4.467983125e-13,1.042439593e-13,6.600406759e-13,8.285283173e-14
178.5859375,6.579482779e-13,3.752961384e-13,9.901659725e-13,2.457521353e-13,1.905129706e-13,2.988962251e-13,1.795891693e-13,1.26432847e-13,3.017729588e-14,2.162441414e-13,2.739799017e-13,1.76400181e-13,1.784180234e-13,4.174487443e-13,6.713568692e-13,6.700631193e-13,4.445666036e-13,6.16494471e-13,1.685121976e-13,2.807801815e-13,5.320492011e-14,4.996126276e-14,6.706866286e-14,6.947251566e-14,1.265909537e-13,1.53191918e-13,3.684535859e-13,2.315973984e-13,4.529657591e-13,1.039775109e-13,6.618066831e-13,8.337840597e-14
178.59375,6.467992103e-13,3.739708215e-13,9.986661357e-13,2.44961059e-13,1.89679591e-13,2.993815386e-13,1.816414189e-13,1.24966828e-13,2.96041944e-14,2.150657662e-13,2.768864217e-13,1.770662053e-13,1.785511845e-13,4.174142943e-13,6.706989226e-13,6.647799007e-13,4.398073895e-13,6.17677032e-13,1.662180791e-13,2.830866973e-13,5.222433747e-14,4.93181432e-14,6.689025706e-14,6.872599882e-14,1.269100686e-13,1.544411978e-13,3.661847451e-13,2.274866633e-13,4.590789373e-13,1.037818775e-13,6.635479816e-13,8.39239123e-14
178.6015625,6.354280244e-13,3.726064698e-13,1.006685065e-12,2.441934434e-13,1.888761728e-13,2.998958578e-13,1.836388782e-13,1.234437336e-13,2.906121095e-14,2.139518387e-13,2.798614623e-13,1.777137828e-13,1.786526836e-13,4.173618039e-13,6.700592145e-13,6.594929425e-13,4.349637051e-13,6.189162901e-13,1.639475186e-13,2.854389985e-13,5.123133746e-14,4.870905358e-14,6.666677828e-14,6.787302025e-14,1.272392953e-13,1.556814894e-13,3.637310072e-13,2.234181014e-13,4.648979097e-13,1.035903992e-13,6.651282787e-13,8.445994289e-14
178.609375,6.241164756e-13,3.707809806e-13,1.014030385e-12,2.431429572e-13,1.881797608e-13,3.004865385e-13,1.855343762e-13,1.219346664e-13,2.85862144e-14,2.128652173e-13,2.828541009e-13,1.783241701e-13,1.787287759e-13,4.173617973e-13,6.692313665e-13,6.540402404e-13,4.299977179e-13,6.199782537e-13,1.617175076e-13,2.877548965e-13,5.030391226e-14,4.815247152e-14,6.632053395e-14,6.697104401e-14,1.275139124e-13,1.568121639e-13,3.609950859e-13,2.193651426e-13,4.703832223e-13,1.033581862e-13,6.664357276e-13,8.488233442e-14
178.6171875,6.131106853e-13,3.689231989e-13,1.02094556e-12,2.417978702e-13,1.874245347e-13,3.009908051e-13,1.873641885e-13,1.203951025e-13,2.810539017e-14,2.117539212e-13,2.858164931e-13,1.788737906e-13,1.787454097e-13,4.173311714e-13,6.682357593e-13,6.484317882e-13,4.249411768e-13,6.208364735e-13,1.595024866e-13,2.89909378e-13,4.943482263e-14,4.760316224e-14,6.590803569e-14,6.609690528e-14,1.277492384e-13,1.579031901e-13,3.581387276e-13,2.153297422e-13,4.757949292e-13,1.031265117e-13,6.675211038e-13,8.524524609e-14
178.625,6.018874155e-13,3.672840863e-13,1.027425551e-12,2.404102619e-13,1.865026976e-13,3.013329353e-13,1.891843282e-13,1.187792324e-13,2.758208679e-14,2.106067766e-13,2.887323199e-13,1.793656545e-13,1.786586027e-13,4.171229438e-13,6.672271741e-13,6.428631625e-13,4.197979014e-13,6.215506079e-13,1.57235779e-13,2.920185322e-13,4.856105824e-14,4.702272575e-14,6.551294575e-14,6.520874972e-14,1.279897763e-13,1.590404936e-13,3.553890062e-13,2.112575661e-13,4.811651904e-13,1.028958793e-13,6.683870737e-13,8.561825292e-14
178.6328125,5.904991965e-13,3.655693766e-13,1.033000826e-12,2.390963039e-13,1.856193877e-13,3.01690453e-13,1.909089481e-13,1.171596915e-13,2.70753038e-14,2.094837484e-13,2.916252495e-13,1.79810477e-13,1.785753778e-13,4.168009805e-13,6.662198468e-13,6.375065181e-13,4.147151126e-13,6.222192303e-13,1.550227737e-13,2.941844453e-13,4.766479451e-14,4.647079588e-14,6.513080024e-14,6.425644219e-14,1.282346831e-13,1.601945861e-13,3.526599475e-13,2.072015656e-13,4.862872813e-13,1.02637501e-13,6.690636761e-13,8.594857098e-14
178.640625,5.794168462e-13,3.636078831e-13,1.037407318e-12,2.377952715e-13,1.848143425e-13,3.020870891e-13,1.924883271e-13,1.155612418e-13,2.659570822e-14,2.084072256e-13,2.94467498e-13,1.801729636e-13,1.785051981e-13,4.163763599e-13,6.65106341e-13,6.322396756e-13,4.097797916e-13,6.228387847e-13,1.529086449e-13,2.961906863e-13,4.674594248e-14,4.596028566e-14,6.470291001e-14,6.327835618e-14,1.284549844e-13,1.612567341e-13,3.497033066e-13,2.031912132e-13,4.910221538e-13,1.023382211e-13,6.694872188e-13,8.619298523e-14
178.6484375,5.684753336e-13,3.615060778e-13,1.040958871e-12,2.364652983e-13,1.839508726e-13,3.024852709e-13,1.940326971e-13,1.139277789e-13,2.610921564e-14,2.072809427e-13,2.971239616e-13,1.804287644e-13,1.782664036e-13,4.157830531e-13,6.638411527e-13,6.267813479e-13,4.048064341e-13,6.232645407e-13,1.507684954e-13,2.978503611e-13,4.581277783e-14,4.543764366e-14,6.419002645e-14,6.230198914e-14,1.286326387e-13,1.621969112e-13,3.464079975e-13,1.991154418e-13,4.953449497e-13,1.019926288e-13,6.695649669e-13,8.636482052e-14
178.65625,5.575607486e-13,3.59453631e-13,1.044124301e-12,2.350551916e-13,1.830787611e-13,3.02989554e-13,1.955777322e-13,1.122677462e-13,2.563343319e-14,2.060890448e-13,2.996041821e-13,1.806341226e-13,1.778760747e-13,4.151189805e-13,6.62555476e-13,6.212691903e-13,3.997278167e-13,6.2348654e-13,1.486455612e-13,2.993558515e-13,4.491160742e-14,4.493290522e-14,6.360957115e-14,6.131033237e-14,1.287738409e-13,1.631265189e-13,3.429366803e-13,1.950113166e-13,4.993733102e-13,1.016492983e-13,6.694645685e-13,8.648938217e-14
178.6640625,5.468345045e-13,3.575735994e-13,1.046924779e-12,2.334383359e-13,1.822074115e-13,3.034825926e-13,1.970524065e-13,1.106281928e-13,2.518610152e-14,2.049668944e-13,3.0207783e-13,1.80831588e-13,1.774968461e-13,4.144493763e-13,6.613698321e-13,6.160702221e-13,3.947016463e-13,6.236186505e-13,1.466363691e-13,3.009614457e-13,4.405306245e-14,4.447184133e-14,6.29849946e-14,6.030920433e-14,1.288918058e-13,1.640938606e-13,3.39545465e-13,1.910107066e-13,5.033111378e-13,1.013508343e-13,6.69268298e-13,8.657863285e-14
178.671875,5.360887141e-13,3.558037549e-13,1.04911239e-12,2.316092329e-13,1.812469889e-13,3.037609056e-13,1.984440693e-13,1.090072854e-13,2.474163874e-14,2.039529448e-13,3.045605222e-13,1.809890153e-13,1.771349556e-13,4.137055006e-13,6.60160217e-13,6.11067562e-13,3.897512618e-13,6.23672283e-13,1.446401094e-13,3.025963693e-13,4.317963287e-14,4.400052367e-14,6.231219992e-14,5.930389838e-14,1.289883056e-13,1.65017782e-13,3.361532401e-13,1.870631803e-13,5.071540328e-13,1.010527314e-13,6.687870573e-13,8.660470746e-14
178.6796875,5.252569176e-13,3.540620444e-13,1.050622511e-12,2.297699166e-13,1.802648396e-13,3.03939667e-13,1.997407846e-13,1.07387501e-13,2.429382895e-14,2.029735222e-13,3.069533742e-13,1.810866536e-13,1.767564303e-13,4.128770951e-13,6.58823029e-13,6.060251855e-13,3.848543023e-13,6.236292583e-13,1.426419429e-13,3.040954664e-13,4.227998371e-14,4.352755727e-14,6.160826747e-14,5.827022318e-14,1.290672637e-13,1.6589597e-13,3.325113726e-13,1.83140554e-13,5.106795091e-13,1.007328475e-13,6.680394723e-13,8.656319385e-14
178.6875,5.146879128e-13,3.523347802e-13,1.051459334e-12,2.280050795e-13,1.793139439e-13,3.042135391e-13,2.009292621e-13,1.057643142e-13,2.386538805e-14,2.020048652e-13,3.092274241e-13,1.811466746e-13,1.763362786e-13,4.119717121e-13,6.57465209e-13,6.011557889e-13,3.801338914e-13,6.235500555e-13,1.407473009e-13,3.055232311e-13,4.141188372e-14,4.309125245e-14,6.089183339e-14,5.721226084e-14,1.291545806e-13,1.667958593e-13,3.287551168e-13,1.793005472e-13,5.137932834e-13,1.004308736e-13,6.671577009e-13,8.651036097e-14
178.6953125,5.041205917e-13,3.505197448e-13,1.051553282e-12,2.260459237e-13,1.783300549e-13,3.043988996e-13,2.02014415e-13,1.040937632e-13,2.345882733e-14,2.010449799e-13,3.113405076e-13,1.811745968e-13,1.757672121e-13,4.109489374e-13,6.56080871e-13,5.963481189e-13,3.753602795e-13,6.234006008e-13,1.388844918e-13,3.069099487e-13,4.059502538e-14,4.265344519e-14,6.014728529e-14,5.615300869e-14,1.292261526e-13,1.677013608e-13,3.250544077e-13,1.753949634e-13,5.165740903e-13,1.001303771e-13,6.660262521e-13,8.644098494e-14
178.703125,4.934190267e-13,3.483673842e-13,1.050799509e-12,2.239050083e-13,1.773617176e-13,3.04587702e-13,2.029896595e-13,1.023726139e-13,2.305798203e-14,2.000108102e-13,3.132665918e-13,1.811391654e-13,1.750727731e-13,4.098529372e-13,6.546100849e-13,5.914972772e-13,3.70518062e-13,6.231741298e-13,1.369790521e-13,3.081593109e-13,3.979900885e-14,4.221277634e-14,5.936972008e-14,5.507737154e-14,1.292597269e-13,1.685569875e-13,3.212055557e-13,1.712717859e-13,5.190783287e-13,9.97824577e-14,6.645852647e-13,8.631074713e-14
178.7109375,4.82939299e-13,3.459329847e-13,1.049107345e-12,2.21792238e-13,1.764073919e-13,3.04779804e-13,2.038182668e-13,1.006565372e-13,2.265923187e-14,1.989426651e-13,3.151085455e-13,1.810071343e-13,1.743468278e-13,4.086848942e-13,6.530458448e-13,5.866850733e-13,3.657758138e-13,6.22775667e-13,1.351268111e-13,3.092373468e-13,3.902872563e-14,4.180652648e-14,5.856193771e-14,5.397355595e-14,1.292370757e-13,1.69372797e-13,3.171314137e-13,1.671224099e-13,5.212208507e-13,9.941215181e-14,6.629306073e-13,8.611225683e-14
178.71875,4.72898482e-13,3.4352877e-13,1.046710683e-12,2.195742604e-13,1.753958431e-13,3.048151634e-13,2.045630997e-13,9.900999273e-14,2.228054899e-14,1.980389418e-13,3.169575792e-13,1.808021488e-13,1.736069952e-13,4.074189591e-13,6.513815642e-13,5.820365279e-13,3.611869127e-13,6.221556548e-13,1.333861993e-13,3.10210866e-13,3.83003625e-14,4.142072157e-14,5.770134371e-14,5.288663397e-14,1.291828108e-13,1.701780737e-13,3.131001594e-13,1.632047208e-13,5.22983146e-13,9.908227498e-14,6.611222036e-13,8.587079065e-14
178.7265625,4.629878657e-13,3.412861464e-13,1.043880536e-12,2.171700582e-13,1.743617739e-13,3.04700704e-13,2.052352699e-13,9.744886271e-14,2.194491612e-14,1.973496377e-13,3.187633521e-13,1.80591811e-13,1.728945793e-13,4.06073652e-13,6.495804273e-13,5.775426195e-13,3.566263455e-13,6.21380514e-13,1.317193749e-13,3.11144808e-13,3.76101172e-14,4.104362815e-14,5.679701761e-14,5.183257709e-14,1.291255089e-13,1.709703631e-13,3.09203594e-13,1.595190507e-13,5.245136541e-13,9.879070942e-14,6.592130615e-13,8.558269433e-14
178.734375,4.530472946e-13,3.391654735e-13,1.040402745e-12,2.149319031e-13,1.733714617e-13,3.045021326e-13,2.05708703e-13,9.592650575e-14,2.164533861e-14,1.966867679e-13,3.204274279e-13,1.803923755e-13,1.722247085e-13,4.046979245e-13,6.476735353e-13,5.731449631e-13,3.520377585e-13,6.205164492e-13,1.300998702e-13,3.120202443e-13,3.696366886e-14,4.069571813e-14,5.588454761e-14,5.075425013e-14,1.290304757e-13,1.717246035e-13,3.052671723e-13,1.558809792e-13,5.258730102e-13,9.848853475e-14,6.572112618e-13,8.5226104e-14
178.7421875,4.432565188e-13,3.370107516e-13,1.036234462e-12,2.128155784e-13,1.724712514e-13,3.042469427e-13,2.059851038e-13,9.440743817e-14,2.136374969e-14,1.959693626e-13,3.219209389e-13,1.801735986e-13,1.715174308e-13,4.033382648e-13,6.456952309e-13,5.687765934e-13,3.474740408e-13,6.195850313e-13,1.285121517e-13,3.12700226e-13,3.637741743e-14,4.036767928e-14,5.494596774e-14,4.964958562e-14,1.288746404e-13,1.724284434e-13,3.012137794e-13,1.521444079e-13,5.268817252e-13,9.817875998e-14,6.549901657e-13,8.480757966e-14
178.75,4.337489316e-13,3.346133662e-13,1.031761957e-12,2.103463495e-13,1.716886243e-13,3.040581672e-13,2.061933528e-13,9.291696675e-14,2.110872909e-14,1.953084383e-13,3.233112156e-13,1.799370139e-13,1.707957011e-13,4.019890203e-13,6.436333277e-13,5.644141107e-13,3.430109194e-13,6.185854087e-13,1.269936657e-13,3.131879362e-13,3.585805525e-14,4.005673256e-14,5.395680437e-14,4.860415692e-14,1.286990334e-13,1.731010795e-13,2.970649088e-13,1.484119818e-13,5.274764472e-13,9.789853499e-14,6.525423843e-13,8.435621732e-14
178.7578125,4.245391307e-13,3.322005392e-13,1.02688574e-12,2.076649155e-13,1.708961609e-13,3.039177956e-13,2.063338878e-13,9.147383279e-14,2.087961765e-14,1.947180458e-13,3.246818152e-13,1.796914146e-13,1.701202246e-13,4.005774577e-13,6.415104331e-13,5.601292708e-13,3.387227854e-13,6.174949724e-13,1.256072569e-13,3.137167538e-13,3.538677498e-14,3.978370957e-14,5.296268052e-14,4.762544796e-14,1.285121757e-13,1.737692463e-13,2.928115267e-13,1.448780884e-13,5.279040806e-13,9.763359738e-14,6.500146089e-13,8.387184711e-14
178.765625,4.15501235e-13,3.301483141e-13,1.021162175e-12,2.051957451e-13,1.699775482e-13,3.036169559e-13,2.063464142e-13,9.00608027e-14,2.065441582e-14,1.941711426e-13,3.260019442e-13,1.794087819e-13,1.694092362e-13,3.99047589e-13,6.393218287e-13,5.560320924e-13,3.34635522e-13,6.163170117e-13,1.243084352e-13,3.143382162e-13,3.492439649e-14,3.952419206e-14,5.200836901e-14,4.662509434e-14,1.282861719e-13,1.744300745e-13,2.885147083e-13,1.414670819e-13,5.282217093e-13,9.734824319e-14,6.4734973e-13,8.333399598e-14
178.7734375,4.06465181e-13,3.281546691e-13,1.014579821e-12,2.028137919e-13,1.69052679e-13,3.031248608e-13,2.062506239e-13,8.869095567e-14,2.044350607e-14,1.937655389e-13,3.271711389e-13,1.790720045e-13,1.686512382e-13,3.97437307e-13,6.369889616e-13,5.521443388e-13,3.30693846e-13,6.150574961e-13,1.230385036e-13,3.148479443e-13,3.447388722e-14,3.925030433e-14,5.106531659e-14,4.559454365e-14,1.280397356e-13,1.75051883e-13,2.843127885e-13,1.380291242e-13,5.281917784e-13,9.703935583e-14,6.444285575e-13,8.274448527e-14
178.78125,3.975750535e-13,3.259280134e-13,1.007292594e-12,2.003729162e-13,1.681947054e-13,3.02515828e-13,2.060390799e-13,8.737817052e-14,2.026291825e-14,1.934841866e-13,3.282211959e-13,1.786928116e-13,1.679440553e-13,3.958123173e-13,6.344796492e-13,5.48285402e-13,3.267684488e-13,6.136314411e-13,1.218454055e-13,3.151953285e-13,3.407873797e-14,3.899382124e-14,5.00897754e-14,4.459936631e-14,1.277772149e-13,1.756331015e-13,2.802560309e-13,1.346713103e-13,5.278472328e-13,9.671582376e-14,6.413804079e-13,8.211336511e-14
178.7890625,3.89070758e-13,3.239075851e-13,9.99321414e-13,1.980152753e-13,1.672782742e-13,3.017825574e-13,2.056525663e-13,8.607079246e-14,2.008487064e-14,1.931547674e-13,3.292592614e-13,1.782540661e-13,1.672357191e-13,3.941006401e-13,6.318189081e-13,5.442952932e-13,3.227569059e-13,6.119209843e-13,1.207475801e-13,3.155142281e-13,3.372445192e-14,3.877240594e-14,4.907905098e-14,4.363645242e-14,1.274367157e-13,1.761973417e-13,2.762128572e-13,1.31468346e-13,5.272812983e-13,9.637988146e-14,6.381914924e-13,8.14493167e-14
178.796875,3.807701154e-13,3.221829943e-13,9.906010761e-13,1.956970261e-13,1.662400725e-13,3.009792558e-13,2.050949101e-13,8.474778145e-14,1.990035703e-14,1.927538751e-13,3.301720555e-13,1.777221265e-13,1.66440786e-13,3.921447948e-13,6.290130868e-13,5.402647457e-13,3.186954028e-13,6.09885293e-13,1.196777737e-13,3.158197833e-13,3.335888054e-14,3.854970974e-14,4.805091148e-14,4.267340016e-14,1.270009485e-13,1.767261217e-13,2.72003255e-13,1.282671357e-13,5.262120817e-13,9.602198463e-14,6.34596969e-13,8.075539211e-14
178.8046875,3.724473788e-13,3.202621513e-13,9.81060584e-13,1.93348337e-13,1.651321629e-13,3.001459331e-13,2.044296661e-13,8.346227297e-14,1.97449453e-14,1.923688101e-13,3.307345427e-13,1.77134501e-13,1.656164622e-13,3.899936126e-13,6.260691593e-13,5.362454003e-13,3.146521308e-13,6.075574273e-13,1.186133983e-13,3.159981413e-13,3.299720877e-14,3.831164365e-14,4.702706127e-14,4.173219662e-14,1.265253535e-13,1.772261496e-13,2.676686873e-13,1.25008311e-13,5.24578842e-13,9.56426928e-14,6.30716634e-13,8.000644271e-14
178.8125,3.64323615e-13,3.181751081e-13,9.709653278e-13,1.910796426e-13,1.640419298e-13,2.992497666e-13,2.036924701e-13,8.220806502e-14,1.962471088e-14,1.92024831e-13,3.310337038e-13,1.765702143e-13,1.648193916e-13,3.878910139e-13,6.230231959e-13,5.322019061e-13,3.106876734e-13,6.050383358e-13,1.17613361e-13,3.160406559e-13,3.268539063e-14,3.809516854e-14,4.602282524e-14,4.082803182e-14,1.260327046e-13,1.777488055e-13,2.634256851e-13,1.218064515e-13,5.227209095e-13,9.527208626e-14,6.269289374e-13,7.919746597e-14
178.8203125,3.565221987e-13,3.161706632e-13,9.606485925e-13,1.888614289e-13,1.630387638e-13,2.983371285e-13,2.028592379e-13,8.09457943e-14,1.951239861e-14,1.917730122e-13,3.313606439e-13,1.760200314e-13,1.640628556e-13,3.859214764e-13,6.199109746e-13,5.282681816e-13,3.069322294e-13,6.024181497e-13,1.167229356e-13,3.160561194e-13,3.243051181e-14,3.791804163e-14,4.502784237e-14,3.992832348e-14,1.255066562e-13,1.782351908e-13,2.593152553e-13,1.187226214e-13,5.20669313e-13,9.491105816e-14,6.231801478e-13,7.836833956e-14
178.828125,3.487736099e-13,3.141392806e-13,9.499536144e-13,1.865972535e-13,1.620157969e-13,2.973685416e-13,2.019041903e-13,7.972590687e-14,1.939995646e-14,1.916730759e-13,3.317645384e-13,1.7541684e-13,1.633281561e-13,3.839476201e-13,6.167523944e-13,5.244838554e-13,3.033849055e-13,5.996270546e-13,1.158918116e-13,3.160587265e-13,3.22289925e-14,3.7743507e-14,4.403469111e-14,3.901553299e-14,1.249466809e-13,1.786235321e-13,2.552496798e-13,1.157295661e-13,5.182731576e-13,9.453614338e-14,6.192562097e-13,7.752666226e-14
178.8359375,3.410823722e-13,3.121884159e-13,9.386730498e-13,1.843468159e-13,1.608459064e-13,2.962009181e-13,2.008666875e-13,7.857361291e-14,1.93001342e-14,1.916543687e-13,3.320838455e-13,1.747847923e-13,1.625112975e-13,3.819010129e-13,6.136035745e-13,5.20759585e-13,2.998962294e-13,5.965835745e-13,1.150486933e-13,3.160035167e-13,3.207732587e-14,3.754887604e-14,4.305690087e-14,3.812652252e-14,1.243562228e-13,1.790465961e-13,2.512723028e-13,1.127732505e-13,5.156197701e-13,9.417251105e-14,6.152434481e-13,7.665379403e-14
178.84375,3.336949584e-13,3.104272732e-13,9.267930235e-13,1.821907167e-13,1.596550963e-13,2.948965772e-13,1.997746125e-13,7.741768413e-14,1.922879195e-14,1.915877356e-13,3.322220937e-13,1.741914707e-13,1.615876122e-13,3.79848943e-13,6.105189108e-13,5.171942696e-13,2.964605906e-13,5.933935434e-13,1.142300935e-13,3.159538693e-13,3.196361781e-14,3.736220749e-14,4.209132076e-14,3.729133158e-14,1.237392009e-13,1.795938204e-13,2.473851627e-13,1.098078952e-13,5.126882801e-13,9.382895035e-14,6.112045067e-13,7.576433282e-14
178.8515625,3.264590822e-13,3.085098414e-13,9.141700216e-13,1.801332012e-13,1.585291417e-13,2.93558471e-13,1.985521201e-13,7.624985754e-14,1.918175967e-14,1.914575684e-13,3.322002036e-13,1.735988424e-13,1.606838674e-13,3.77741847e-13,6.073729689e-13,5.137232027e-13,2.930454725e-13,5.900579924e-13,1.134956332e-13,3.159671482e-13,3.189502465e-14,3.719528397e-14,4.112966898e-14,3.647609764e-14,1.230961618e-13,1.801666153e-13,2.434860259e-13,1.068554484e-13,5.093778013e-13,9.345755184e-14,6.070262508e-13,7.486371688e-14
178.859375,3.192217359e-13,3.064052417e-13,9.008915108e-13,1.780541015e-13,1.573254345e-13,2.921538799e-13,1.97143204e-13,7.512859238e-14,1.913484539e-14,1.913648443e-13,3.320980214e-13,1.729445232e-13,1.598588036e-13,3.754257792e-13,6.039880583e-13,5.100838124e-13,2.894882018e-13,5.863314585e-13,1.128271649e-13,3.160337085e-13,3.189408402e-14,3.70326367e-14,4.018106516e-14,3.566420882e-14,1.223931931e-13,1.807187545e-13,2.39654206e-13,1.039649e-13,5.058350493e-13,9.30539364e-14,6.026869192e-13,7.393169759e-14
178.8671875,3.122069009e-13,3.044880952e-13,8.872632579e-13,1.758405078e-13,1.560305269e-13,2.907246925e-13,1.956120349e-13,7.405060303e-14,1.909236042e-14,1.91357701e-13,3.319169283e-13,1.722619829e-13,1.590766884e-13,3.729762609e-13,6.004591099e-13,5.063994557e-13,2.859078021e-13,5.822021199e-13,1.122236882e-13,3.161395603e-13,3.196336949e-14,3.68832238e-14,3.923528262e-14,3.489574398e-14,1.216184794e-13,1.812391903e-13,2.359955693e-13,1.011379398e-13,5.021245221e-13,9.26352863e-14,5.982627975e-13,7.296481079e-14
178.875,3.054243587e-13,3.027524706e-13,8.732124171e-13,1.736873054e-13,1.547782915e-13,2.892430509e-13,1.940076814e-13,7.299432263e-14,1.907348839e-14,1.913972082e-13,3.315512681e-13,1.715650071e-13,1.583202146e-13,3.706191671e-13,5.969599041e-13,5.028552146e-13,2.82556399e-13,5.7797591e-13,1.117065762e-13,3.161825292e-13,3.207249152e-14,3.675076285e-14,3.828947167e-14,3.414753912e-14,1.208348632e-13,1.816463068e-13,2.323864879e-13,9.837031207e-14,4.981371835e-13,9.217796356e-14,5.938021189e-13,7.196588395e-14
178.8828125,2.987878131e-13,3.010644206e-13,8.587483289e-13,1.718116776e-13,1.535889586e-13,2.875874892e-13,1.923137158e-13,7.198077637e-14,1.90656833e-14,1.915058479e-13,3.31014591e-13,1.70816224e-13,1.575700036e-13,3.683562438e-13,5.934377876e-13,4.993120027e-13,2.794171026e-13,5.737602593e-13,1.112579591e-13,3.161573024e-13,3.219488242e-14,3.661672335e-14,3.738596421e-14,3.338309925e-14,1.200759731e-13,1.819872206e-13,2.287968837e-13,9.568410891e-14,4.93936104e-13,9.16996591e-14,5.89293817e-13,7.094605293e-14
178.890625,2.925228809e-13,2.995198482e-13,8.442615215e-13,1.700394384e-13,1.524486059e-13,2.859035051e-13,1.905571942e-13,7.103010968e-14,1.907494161e-14,1.916915812e-13,3.303847401e-13,1.700906707e-13,1.568400273e-13,3.660985054e-13,5.898441699e-13,4.95780454e-13,2.764534964e-13,5.694171952e-13,1.108800387e-13,3.162864474e-13,3.23558389e-14,3.648502399e-14,3.653470368e-14,3.268684196e-14,1.19293797e-13,1.823875842e-13,2.254038469e-13,9.306334081e-14,4.89575794e-13,9.124785145e-14,5.847292854e-13,6.99278392e-14
178.8984375,2.864927002e-13,2.97993734e-13,8.297330394e-13,1.681734669e-13,1.513516642e-13,2.843019474e-13,1.887612375e-13,7.013440664e-14,1.91341659e-14,1.918489571e-13,3.295582206e-13,1.694830497e-13,1.5617524e-13,3.639090657e-13,5.862662015e-13,4.923760648e-13,2.736743448e-13,5.648836048e-13,1.105646665e-13,3.165353944e-13,3.257671175e-14,3.635661015e-14,3.569917567e-14,3.208179155e-14,1.184670006e-13,1.828030137e-13,2.222050616e-13,9.042564133e-14,4.849372905e-13,9.079882658e-14,5.802078095e-13,6.889162718e-14
178.90625,2.802854692e-13,2.962337873e-13,8.1489798e-13,1.663169862e-13,1.502531414e-13,2.825802487e-13,1.868669821e-13,6.925084872e-14,1.922155279e-14,1.920223361e-13,3.285031882e-13,1.689081402e-13,1.555552445e-13,3.618087591e-13,5.82698654e-13,4.890015984e-13,2.70926231e-13,5.601865842e-13,1.102742361e-13,3.166190578e-13,3.282636779e-14,3.622130826e-14,3.488286571e-14,3.144430278e-14,1.176247747e-13,1.831747018e-13,2.190237763e-13,8.774603386e-14,4.800849768e-13,9.032415924e-14,5.758141567e-13,6.781112219e-14
178.9140625,2.741433925e-13,2.943732797e-13,7.999755885e-13,1.645964631e-13,1.491638361e-13,2.807088675e-13,1.848490845e-13,6.835307885e-14,1.929878348e-14,1.924243529e-13,3.274422577e-13,1.682860861e-13,1.549759652e-13,3.597163114e-13,5.790420666e-13,4.856225288e-13,2.681522415e-13,5.55380505e-13,1.100556765e-13,3.166165287e-13,3.312330513e-14,3.61038587e-14,3.411279936e-14,3.078606772e-14,1.167720227e-13,1.835789073e-13,2.158595206e-13,8.515069986e-14,4.75278011e-13,8.9869058e-14,5.715188177e-13,6.673672371e-14
178.921875,2.683281995e-13,2.927069737e-13,7.850778041e-13,1.630233508e-13,1.480412346e-13,2.787475662e-13,1.827534429e-13,6.749603696e-14,1.93879154e-14,1.930457617e-13,3.264231751e-13,1.67690547e-13,1.544733056e-13,3.575880636e-13,5.752421464e-13,4.822745298e-13,2.65457573e-13,5.504803613e-13,1.099236335e-13,3.16766358e-13,3.352599639e-14,3.599731825e-14,3.339324948e-14,3.023632019e-14,1.159006878e-13,1.840358163e-13,2.128873091e-13,8.272548755e-14,4.705313377e-13,8.946200168e-14,5.67301087e-13,6.572075989e-14
178.9296875,2.624744198e-13,2.912250366e-13,7.697554292e-13,1.615740098e-13,1.467701641e-13,2.765213916e-13,1.805910259e-13,6.671236416e-14,1.950820257e-14,1.936646535e-13,3.252018724e-13,1.671278628e-13,1.539801326e-13,3.554022025e-13,5.713240175e-13,4.789166412e-13,2.628358024e-13,5.453744022e-13,1.097524387e-13,3.170145356e-13,3.39852673e-14,3.584074712e-14,3.273223854e-14,2.974789418e-14,1.150159209e-13,1.844886252e-13,2.101800926e-13,8.034173821e-14,4.655717771e-13,8.9059846e-14,5.630724632e-13,6.47280605e-14
178.9375,2.565587674e-13,2.897050513e-13,7.539075683e-13,1.601772463e-13,1.454745304e-13,2.741436231e-13,1.783647055e-13,6.593941105e-14,1.963877527e-14,1.941906425e-13,3.23694111e-13,1.66528263e-13,1.534524153e-13,3.532473252e-13,5.674137109e-13,4.755917874e-13,2.60268361e-13,5.400274628e-13,1.0953912e-13,3.172427088e-13,3.442854585e-14,3.56562479e-14,3.212706967e-14,2.921510906e-14,1.141143344e-13,1.849460996e-13,2.076330163e-13,7.788360899e-14,4.602860789e-13,8.863937281e-14,5.587438809e-13,6.371038686e-14
178.9453125,2.509957334e-13,2.880767971e-13,7.380799779e-13,1.587577103e-13,1.443560843e-13,2.71944183e-13,1.761119506e-13,6.516935205e-14,1.977449036e-14,1.94716433e-13,3.220931141e-13,1.65935206e-13,1.53010858e-13,3.512922032e-13,5.635862766e-13,4.722998497e-13,2.577997556e-13,5.345710479e-13,1.094296154e-13,3.173891675e-13,3.490079673e-14,3.552220756e-14,3.154282402e-14,2.870099776e-14,1.132013761e-13,1.854281651e-13,2.051787638e-13,7.544361376e-14,4.548795583e-13,8.823371445e-14,5.545315575e-13,6.267318331e-14
178.953125,2.457675853e-13,2.864600367e-13,7.225173826e-13,1.57355548e-13,1.433228863e-13,2.697645607e-13,1.738188609e-13,6.447523603e-14,1.992455283e-14,1.953549262e-13,3.20572732e-13,1.653893835e-13,1.527137574e-13,3.494894437e-13,5.597324749e-13,4.689276798e-13,2.5539859e-13,5.290326422e-13,1.094328867e-13,3.174575701e-13,3.544967218e-14,3.542581771e-14,3.096052339e-14,2.827803394e-14,1.122965905e-13,1.859166344e-13,2.028417048e-13,7.312625485e-14,4.494780145e-13,8.784849838e-14,5.505935698e-13,6.163939712e-14
178.9609375,2.406798295e-13,2.849147928e-13,7.070146062e-13,1.561269029e-13,1.422701463e-13,2.674099882e-13,1.71453083e-13,6.384512477e-14,2.008730754e-14,1.961331646e-13,3.191268522e-13,1.648551267e-13,1.524782796e-13,3.477291858e-13,5.558133843e-13,4.655137787e-13,2.530795797e-13,5.233755087e-13,1.094866702e-13,3.17624899e-13,3.60560879e-14,3.532617653e-14,3.040221673e-14,2.789004916e-14,1.113998134e-13,1.864164792e-13,2.005485251e-13,7.092600862e-14,4.439954635e-13,8.74568941e-14,5.466940497e-13,6.062580607e-14
178.96875,2.356922822e-13,2.834799238e-13,6.916258303e-13,1.551047417e-13,1.412754162e-13,2.651167286e-13,1.69078528e-13,6.321106999e-14,2.026149759e-14,1.970281612e-13,3.176856882e-13,1.643613879e-13,1.522577621e-13,3.461076724e-13,5.5200436e-13,4.621857888e-13,2.509227571e-13,5.176799064e-13,1.09602485e-13,3.180206078e-13,3.671056823e-14,3.523146196e-14,2.989710903e-14,2.749189863e-14,1.105111601e-13,1.869357863e-13,1.98307986e-13,6.883866848e-14,4.384564549e-13,8.706236767e-14,5.427838147e-13,5.964140707e-14
178.9765625,2.307258941e-13,2.820345923e-13,6.764555425e-13,1.541656983e-13,1.403260137e-13,2.629021798e-13,1.667134043e-13,6.258900107e-14,2.044454424e-14,1.980532145e-13,3.160986922e-13,1.639285198e-13,1.521694526e-13,3.446267668e-13,5.48384097e-13,4.590201323e-13,2.489546036e-13,5.119115025e-13,1.097527914e-13,3.184844843e-13,3.740761365e-14,3.512742115e-14,2.944947181e-14,2.712462908e-14,1.096442276e-13,1.874731826e-13,1.963136247e-13,6.68740076e-14,4.329312499e-13,8.665865848e-14,5.389945489e-13,5.867391543e-14
178.984375,2.258517888e-13,2.805601474e-13,6.611918604e-13,1.532534684e-13,1.393763517e-13,2.604875838e-13,1.643098661e-13,6.199124413e-14,2.064081021e-14,1.991601351e-13,3.142750582e-13,1.635144932e-13,1.521629385e-13,3.431626333e-13,5.448174304e-13,4.559985124e-13,2.470677513e-13,5.059545424e-13,1.099153223e-13,3.190259432e-13,3.813421869e-14,3.499928913e-14,2.90300217e-14,2.681828027e-14,1.087836463e-13,1.88062864e-13,1.946222797e-13,6.497124523e-14,4.273923203e-13,8.623426119e-14,5.352248021e-13,5.772216915e-14
178.9921875,2.212479331e-13,2.79245535e-13,6.458137984e-13,1.524664867e-13,1.385015416e-13,2.579365332e-13,1.618443583e-13,6.138648112e-14,2.08628344e-14,2.002657382e-13,3.123202497e-13,1.631617458e-13,1.522294798e-13,3.417958929e-13,5.412141889e-13,4.529447343e-13,2.452615957e-13,4.998540987e-13,1.101697141e-13,3.195713075e-13,3.890136906e-14,3.488829193e-14,2.862570856e-14,2.654585581e-14,1.079143854e-13,1.886980207e-13,1.930521313e-13,6.310594861e-14,4.218845058e-13,8.58220795e-14,5.315188084e-13,5.678526338e-14
179,2.167872208e-13,2.781986349e-13,6.306038066e-13,1.517870473e-13,1.376859407e-13,2.553957484e-13,1.593652736e-13,6.080183812e-14,2.110232226e-14,2.014073293e-13,3.103870295e-13,1.628897982e-13,1.523664359e-13,3.405677495e-13,5.375875668e-13,4.497410137e-13,2.435402721e-13,4.937167983e-13,1.10515919e-13,3.199532762e-13,3.97048621e-14,3.48002241e-14,2.825198655e-14,2.628872774e-14,1.070523107e-13,1.893216785e-13,1.915042146e-13,6.129683162e-14,4.164540248e-13,8.543022056e-14,5.28037951e-13,5.584777229e-14
179.0078125,2.123625982e-13,2.771852357e-13,6.155350222e-13,1.511500362e-13,1.368485948e-13,2.528062773e-13,1.569150493e-13,6.027258858e-14,2.133680585e-14,2.026466484e-13,3.084577279e-13,1.626173334e-13,1.525135518e-13,3.393710752e-13,5.339737446e-13,4.46546526e-13,2.418829909e-13,4.875780261e-13,1.108682202e-13,3.202939494e-13,4.052351313e-14,3.469899323e-14,2.791277719e-14,2.605510753e-14,1.06216181e-13,1.899442715e-13,1.900610811e-13,5.953929147e-14,4.110322483e-13,8.501680754e-14,5.246805121e-13,5.491517334e-14
179.015625,2.08037541e-13,2.7595939e-13,6.005982736e-13,1.506086517e-13,1.360240383e-13,2.501971385e-13,1.544783638e-13,5.976313875e-14,2.156631255e-14,2.039770201e-13,3.064553622e-13,1.623629074e-13,1.526818456e-13,3.38267949e-13,5.304682883e-13,4.435212078e-13,2.403691213e-13,4.815033526e-13,1.112272452e-13,3.207868552e-13,4.136142349e-14,3.458727062e-14,2.76102023e-14,2.584782342e-14,1.054151656e-13,1.906095279e-13,1.887954986e-13,5.781711558e-14,4.056556491e-13,8.458737126e-14,5.213977925e-13,5.401156134e-14
179.0234375,2.037807974e-13,2.746452583e-13,5.859727081e-13,1.501963546e-13,1.352514634e-13,2.476148075e-13,1.520058289e-13,5.925450032e-14,2.1800018e-14,2.053876916e-13,3.044186052e-13,1.622017132e-13,1.529550892e-13,3.373691177e-13,5.271186473e-13,4.406062895e-13,2.39079091e-13,4.754781438e-13,1.116389938e-13,3.213908848e-13,4.223297202e-14,3.448120555e-14,2.735559547e-14,2.567050179e-14,1.046444857e-13,1.913117453e-13,1.877038043e-13,5.616817016e-14,4.004348911e-13,8.416987998e-14,5.183343751e-13,5.312981796e-14
179.03125,1.996737279e-13,2.734844195e-13,5.715357841e-13,1.498963946e-13,1.345268008e-13,2.4498668e-13,1.49477738e-13,5.876575686e-14,2.203693732e-14,2.068191829e-13,3.023649874e-13,1.62084379e-13,1.533304979e-13,3.366009957e-13,5.237796489e-13,4.376416873e-13,2.379439306e-13,4.693525725e-13,1.12115946e-13,3.220570913e-13,4.314710654e-14,3.437510095e-14,2.714149057e-14,2.552643185e-14,1.038794368e-13,1.920517467e-13,1.867490038e-13,5.462892349e-14,3.952487914e-13,8.375865602e-14,5.154112433e-13,5.225395914e-14
179.0390625,1.957940648e-13,2.72426894e-13,5.572051767e-13,1.496533422e-13,1.338838935e-13,2.42370701e-13,1.469492193e-13,5.828505895e-14,2.228392453e-14,2.082573723e-13,3.002268514e-13,1.61971579e-13,1.53744485e-13,3.359445411e-13,5.203754456e-13,4.345813549e-13,2.368733965e-13,4.631357034e-13,1.126439577e-13,3.226823536e-13,4.41139557e-14,3.426890215e-14,2.69646869e-14,2.540142322e-14,1.031244064e-13,1.92826783e-13,1.859156681e-13,5.316588784e-14,3.899110961e-13,8.336232899e-14,5.125227698e-13,5.138635321e-14
179.046875,1.919048979e-13,2.712606388e-13,5.431920029e-13,1.493589049e-13,1.332868238e-13,2.398428555e-13,1.444748852e-13,5.781165067e-14,2.254227104e-14,2.098254346e-13,2.980262042e-13,1.618874673e-13,1.541838111e-13,3.354347336e-13,5.170602017e-13,4.315830375e-13,2.358603003e-13,4.569377948e-13,1.131613794e-13,3.231371368e-13,4.512602423e-14,3.415658202e-14,2.683839413e-14,2.528863805e-14,1.024095191e-13,1.935953618e-13,1.852187062e-13,5.175091553e-14,3.844726085e-13,8.298283954e-14,5.097658016e-13,5.053306336e-14
179.0546875,1.880113754e-13,2.699783032e-13,5.293977324e-13,1.490769467e-13,1.326555013e-13,2.372653182e-13,1.420289705e-13,5.737008727e-14,2.279672184e-14,2.114923961e-13,2.958348825e-13,1.618163177e-13,1.546590789e-13,3.349787417e-13,5.138682845e-13,4.2869097e-13,2.348892908e-13,4.506772471e-13,1.136392704e-13,3.236016745e-13,4.616251676e-14,3.402161783e-14,2.67447648e-14,2.51968348e-14,1.017146313e-13,1.943506128e-13,1.846376007e-13,5.038843733e-14,3.790933256e-13,8.258380337e-14,5.071233477e-13,4.97121376e-14
179.0625,1.844400934e-13,2.687826884e-13,5.156297441e-13,1.489635511e-13,1.32075808e-13,2.34575921e-13,1.395970347e-13,5.692798438e-14,2.306069716e-14,2.130689402e-13,2.936312866e-13,1.618144055e-13,1.551893523e-13,3.346508053e-13,5.107092082e-13,4.257428485e-13,2.340024888e-13,4.443309142e-13,1.141592227e-13,3.242133467e-13,4.721992998e-14,3.388107031e-14,2.666538147e-14,2.513038069e-14,1.010226081e-13,1.951258209e-13,1.841634304e-13,4.906076215e-14,3.738767502e-13,8.214698984e-14,5.046234989e-13,4.892702716e-14
179.0703125,1.810749587e-13,2.678048218e-13,5.020742072e-13,1.489351775e-13,1.316385027e-13,2.318921307e-13,1.372204368e-13,5.644809541e-14,2.336151902e-14,2.145792434e-13,2.913844932e-13,1.619714809e-13,1.558143058e-13,3.346753104e-13,5.077388902e-13,4.228741302e-13,2.33355234e-13,4.380998145e-13,1.147676679e-13,3.248008206e-13,4.831601493e-14,3.376504884e-14,2.662971827e-14,2.51055567e-14,1.003901855e-13,1.959887117e-13,1.838509078e-13,4.777712907e-14,3.688260099e-13,8.169586162e-14,5.024543018e-13,4.815515794e-14
179.078125,1.776023684e-13,2.669733768e-13,4.887957557e-13,1.489195581e-13,1.311921712e-13,2.292105922e-13,1.348805315e-13,5.597904285e-14,2.367133117e-14,2.16150151e-13,2.890903855e-13,1.621926314e-13,1.56517074e-13,3.349152078e-13,5.051243e-13,4.203973629e-13,2.329781175e-13,4.320269845e-13,1.153935032e-13,3.25370068e-13,4.945523754e-14,3.365856408e-14,2.664813111e-14,2.51353223e-14,9.983825848e-14,1.970349947e-13,1.836847418e-13,4.657121749e-14,3.638564635e-13,8.128759817e-14,5.004917216e-13,4.741471059e-14
179.0859375,1.741192786e-13,2.661361975e-13,4.757060708e-13,1.490138423e-13,1.306130141e-13,2.264284365e-13,1.325332259e-13,5.555681383e-14,2.395027399e-14,2.177499115e-13,2.867098836e-13,1.62376027e-13,1.572228921e-13,3.351248476e-13,5.026959813e-13,4.181636687e-13,2.327482397e-13,4.259957791e-13,1.159852858e-13,3.260240324e-13,5.059114892e-14,3.352659763e-14,2.66901869e-14,2.518706032e-14,9.931866124e-14,1.982030846e-13,1.835911849e-13,4.54010026e-14,3.589882891e-13,8.09469776e-14,4.98529564e-13,4.672287685e-14
179.09375,1.707676642e-13,2.652310895e-13,4.629800229e-13,1.491069688e-13,1.300646071e-13,2.235706106e-13,1.302315626e-13,5.513518449e-14,2.422153926e-14,2.193317906e-13,2.842511634e-13,1.626096954e-13,1.579267315e-13,3.354835016e-13,5.0026985e-13,4.158290598e-13,2.326039946e-13,4.200241489e-13,1.165736783e-13,3.266338624e-13,5.168993384e-14,3.337082125e-14,2.675793898e-14,2.523101094e-14,9.883245023e-14,1.993079933e-13,1.835871505e-13,4.423827016e-14,3.543072356e-13,8.059095182e-14,4.967367073e-13,4.603010019e-14
179.1015625,1.675413875e-13,2.643456631e-13,4.506630927e-13,1.49067548e-13,1.297174908e-13,2.207905868e-13,1.280287769e-13,5.469354698e-14,2.451595348e-14,2.209410026e-13,2.81797929e-13,1.629425274e-13,1.587152689e-13,3.361856381e-13,4.978944102e-13,4.133735296e-13,2.325073776e-13,4.14099845e-13,1.172134921e-13,3.27167618e-13,5.281587296e-14,3.322638128e-14,2.687063258e-14,2.529093965e-14,9.840317362e-14,2.003653812e-13,1.836667113e-13,4.317792327e-14,3.497079316e-13,8.016505158e-14,4.951850725e-13,4.533449369e-14
179.109375,1.644952567e-13,2.635787023e-13,4.38571667e-13,1.490848557e-13,1.295096243e-13,2.182047439e-13,1.258825057e-13,5.426720133e-14,2.482050812e-14,2.226603667e-13,2.793867878e-13,1.633058072e-13,1.596404112e-13,3.37094448e-13,4.956566089e-13,4.108762869e-13,2.324095285e-13,4.081275404e-13,1.179342869e-13,3.277037346e-13,5.402611699e-14,3.311827331e-14,2.70081219e-14,2.539323843e-14,9.799975871e-14,2.014917991e-13,1.837213201e-13,4.227268642e-14,3.45138495e-13,7.973142e-14,4.937156547e-13,4.46887492e-14
179.1171875,1.615477168e-13,2.628329325e-13,4.268106072e-13,1.492321191e-13,1.293376217e-13,2.157147801e-13,1.237520883e-13,5.386181526e-14,2.513239342e-14,2.245339568e-13,2.769814472e-13,1.637077555e-13,1.60632189e-13,3.381541209e-13,4.935512677e-13,4.083049655e-13,2.323327924e-13,4.021806086e-13,1.186841063e-13,3.28196983e-13,5.526813761e-14,3.302825006e-14,2.714939934e-14,2.55381853e-14,9.760399809e-14,2.026255943e-13,1.837493627e-13,4.144126719e-14,3.408346076e-13,7.929118507e-14,4.924199141e-13,4.406290629e-14
179.125,1.585547429e-13,2.619326389e-13,4.155600042e-13,1.493387719e-13,1.291986596e-13,2.131337149e-13,1.216477226e-13,5.345945524e-14,2.546569372e-14,2.264425853e-13,2.745297648e-13,1.641992925e-13,1.615858665e-13,3.394358337e-13,4.91470328e-13,4.05635025e-13,2.322721579e-13,3.963513911e-13,1.193648686e-13,3.286578221e-13,5.649957198e-14,3.291422552e-14,2.730978512e-14,2.572432278e-14,9.72297356e-14,2.037188305e-13,1.838750329e-13,4.063319968e-14,3.368765824e-13,7.879438156e-14,4.914043911e-13,4.342576598e-14
179.1328125,1.556333543e-13,2.60948896e-13,4.046822465e-13,1.494486698e-13,1.29076477e-13,2.104891268e-13,1.195849775e-13,5.306348067e-14,2.580436961e-14,2.28225619e-13,2.719835309e-13,1.647491495e-13,1.625106977e-13,3.408319679e-13,4.893151901e-13,4.028731874e-13,2.321989917e-13,3.905626462e-13,1.199646896e-13,3.290715599e-13,5.774911884e-14,3.276679474e-14,2.750805536e-14,2.594051646e-14,9.686997451e-14,2.048611665e-13,1.841140044e-13,3.987015784e-14,3.330209798e-13,7.830132404e-14,4.904633019e-13,4.283435322e-14
179.140625,1.528907822e-13,2.600833394e-13,3.940299962e-13,1.496619833e-13,1.289377882e-13,2.078858012e-13,1.175726487e-13,5.266990509e-14,2.61324836e-14,2.299347126e-13,2.693342219e-13,1.653142322e-13,1.634836759e-13,3.422520058e-13,4.871619e-13,4.000386506e-13,2.321665196e-13,3.847645652e-13,1.205493514e-13,3.293311882e-13,5.902266518e-14,3.261239111e-14,2.774112178e-14,2.616932545e-14,9.652614697e-14,2.060583008e-13,1.843454517e-13,3.914667177e-14,3.291534474e-13,7.785217757e-14,4.894599456e-13,4.229294611e-14
179.1484375,1.502537641e-13,2.593174292e-13,3.836404021e-13,1.498373673e-13,1.288452955e-13,2.052914673e-13,1.156103931e-13,5.226370244e-14,2.64654428e-14,2.317290437e-13,2.666452546e-13,1.659006052e-13,1.645169238e-13,3.438219323e-13,4.851400956e-13,3.971594615e-13,2.322074018e-13,3.789915392e-13,1.211531683e-13,3.295251615e-13,6.030493096e-14,3.246622116e-14,2.799822449e-14,2.641637788e-14,9.622279704e-14,2.072421129e-13,1.845050263e-13,3.845989296e-14,3.254074769e-13,7.737163566e-14,4.884967754e-13,4.174422585e-14
179.15625,1.477249889e-13,2.585511689e-13,3.735757253e-13,1.499507499e-13,1.288642391e-13,2.027362149e-13,1.136961271e-13,5.186134007e-14,2.680652835e-14,2.3363886e-13,2.639922391e-13,1.665240395e-13,1.656054443e-13,3.456498394e-13,4.833001549e-13,3.942850236e-13,2.323435668e-13,3.732765757e-13,1.217753231e-13,3.296989615e-13,6.159991423e-14,3.232412084e-14,2.827255746e-14,2.669371605e-14,9.596580222e-14,2.084258278e-13,1.846766246e-13,3.783097415e-14,3.218960888e-13,7.684667168e-14,4.876870862e-13,4.119951457e-14
179.1640625,1.452901457e-13,2.578343026e-13,3.639079863e-13,1.502347959e-13,1.289433926e-13,2.002589689e-13,1.11844956e-13,5.149331454e-14,2.714405614e-14,2.355340778e-13,2.613963618e-13,1.671987411e-13,1.667719253e-13,3.47697111e-13,4.816776237e-13,3.915817166e-13,2.327005516e-13,3.676791596e-13,1.224006955e-13,3.296701874e-13,6.290000617e-14,3.218013865e-14,2.855678622e-14,2.699761057e-14,9.574912004e-14,2.096268939e-13,1.849295631e-13,3.723963601e-14,3.186125517e-13,7.634556249e-14,4.870680299e-13,4.069066943e-14
179.171875,1.428472422e-13,2.571885835e-13,3.547197448e-13,1.506017316e-13,1.290446755e-13,1.978532275e-13,1.100616822e-13,5.11491362e-14,2.748953395e-14,2.37410866e-13,2.588240404e-13,1.67933041e-13,1.679550002e-13,3.4987664e-13,4.802163843e-13,3.890091295e-13,2.331405661e-13,3.622240155e-13,1.229855835e-13,3.296002876e-13,6.419165569e-14,3.203112671e-14,2.884660364e-14,2.732695511e-14,9.555889456e-14,2.10868018e-13,1.852984056e-13,3.668173922e-14,3.154947813e-13,7.588179106e-14,4.866275246e-13,4.020411468e-14
179.1796875,1.404047422e-13,2.564280898e-13,3.459534653e-13,1.508324257e-13,1.291883862e-13,1.954692399e-13,1.083514169e-13,5.080064573e-14,2.785292577e-14,2.39317739e-13,2.562658211e-13,1.687115004e-13,1.691028049e-13,3.521599548e-13,4.788033684e-13,3.865084509e-13,2.335542892e-13,3.568947616e-13,1.23505128e-13,3.296890496e-13,6.54631892e-14,3.1875386e-14,2.916055959e-14,2.769479297e-14,9.539343728e-14,2.121288977e-13,1.857611156e-13,3.621025298e-14,3.125254612e-13,7.541583236e-14,4.863458449e-13,3.973513846e-14
179.1875,1.380612506e-13,2.555245875e-13,3.375560679e-13,1.508917012e-13,1.293553034e-13,1.931516915e-13,1.067041149e-13,5.043061341e-14,2.82146817e-14,2.412432674e-13,2.537217442e-13,1.695050641e-13,1.702354105e-13,3.54538468e-13,4.773573717e-13,3.839261269e-13,2.33913541e-13,3.516868228e-13,1.239868981e-13,3.296622255e-13,6.670466229e-14,3.172138512e-14,2.950100628e-14,2.809125261e-14,9.525035582e-14,2.133603306e-13,1.861863184e-13,3.583122478e-14,3.09767901e-13,7.493457005e-14,4.861847447e-13,3.929064732e-14
179.1953125,1.358110974e-13,2.546346242e-13,3.294850407e-13,1.508899544e-13,1.295271345e-13,1.908202956e-13,1.050961239e-13,5.004923695e-14,2.856016203e-14,2.431430626e-13,2.51118176e-13,1.703152164e-13,1.713648153e-13,3.570346064e-13,4.759281451e-13,3.81236964e-13,2.342673478e-13,3.465426315e-13,1.244515451e-13,3.293111002e-13,6.794201246e-14,3.155712159e-14,2.984130764e-14,2.849310244e-14,9.512491455e-14,2.145616001e-13,1.865685208e-13,3.547981004e-14,3.071144764e-13,7.445601849e-14,4.861178573e-13,3.886093935e-14
179.203125,1.336115388e-13,2.53782861e-13,3.216660875e-13,1.508577605e-13,1.297370502e-13,1.884315833e-13,1.035368041e-13,4.967286947e-14,2.890085465e-14,2.450392757e-13,2.484136224e-13,1.711361643e-13,1.724615215e-13,3.596240103e-13,4.745432697e-13,3.785126154e-13,2.346295185e-13,3.414008464e-13,1.248802341e-13,3.288768941e-13,6.921589977e-14,3.137961535e-14,3.018003022e-14,2.891329459e-14,9.501739896e-14,2.157952009e-13,1.870006966e-13,3.514992863e-14,3.044821616e-13,7.398405959e-14,4.860909217e-13,3.84391264e-14
179.2109375,1.314183289e-13,2.528934692e-13,3.141464318e-13,1.507723114e-13,1.299521846e-13,1.861365802e-13,1.02051121e-13,4.929987378e-14,2.924221787e-14,2.469484702e-13,2.456837778e-13,1.719572525e-13,1.735172171e-13,3.622562144e-13,4.731733887e-13,3.757141376e-13,2.349849784e-13,3.363185471e-13,1.252505089e-13,3.284152199e-13,7.049318415e-14,3.120527314e-14,3.053953995e-14,2.937392277e-14,9.492936894e-14,2.170575176e-13,1.873825937e-13,3.48707382e-14,3.020388743e-13,7.350762676e-14,4.860902917e-13,3.802437784e-14
179.21875,1.291975242e-13,2.519638524e-13,3.070211669e-13,1.506560115e-13,1.300934047e-13,1.839326984e-13,1.006337107e-13,4.893191058e-14,2.957086708e-14,2.488752709e-13,2.429536466e-13,1.727961063e-13,1.745201754e-13,3.649236041e-13,4.718919536e-13,3.728956134e-13,2.353898247e-13,3.313618442e-13,1.255540532e-13,3.27722146e-13,7.170744548e-14,3.101460861e-14,3.091980571e-14,2.985640499e-14,9.486107167e-14,2.183109706e-13,1.87660168e-13,3.462542011e-14,2.998026537e-13,7.303562862e-14,4.861874816e-13,3.762087252e-14
179.2265625,1.270499135e-13,2.510309571e-13,3.001198555e-13,1.505216766e-13,1.301865713e-13,1.816380188e-13,9.927442176e-14,4.857504666e-14,2.988216227e-14,2.508357972e-13,2.401569268e-13,1.736474872e-13,1.75454908e-13,3.676099493e-13,4.706929519e-13,3.701529007e-13,2.358396408e-13,3.264847188e-13,1.258056708e-13,3.268342371e-13,7.28751973e-14,3.078874494e-14,3.131050287e-14,3.034452826e-14,9.481448607e-14,2.195810323e-13,1.879790011e-13,3.441085288e-14,2.976248646e-13,7.25654511e-14,4.863749091e-13,3.724133121e-14
179.234375,1.250728356e-13,2.500569124e-13,2.932876664e-13,1.503098587e-13,1.303337093e-13,1.793145222e-13,9.797575854e-14,4.821259352e-14,3.019245242e-14,2.527589997e-13,2.373011673e-13,1.744844631e-13,1.76351473e-13,3.70341268e-13,4.693792507e-13,3.673100857e-13,2.361923598e-13,3.216513498e-13,1.260378233e-13,3.258921908e-13,7.405449971e-14,3.057516858e-14,3.170968297e-14,3.087165598e-14,9.47833212e-14,2.208731227e-13,1.882649889e-13,3.424880489e-14,2.956169522e-13,7.206742658e-14,4.865200865e-13,3.688409868e-14
179.2421875,1.231860393e-13,2.489649493e-13,2.868278427e-13,1.500034328e-13,1.305918603e-13,1.77194884e-13,9.673913003e-14,4.782763791e-14,3.051667889e-14,2.545799097e-13,2.344366908e-13,1.753365478e-13,1.772384153e-13,3.73240361e-13,4.680035097e-13,3.643289195e-13,2.364768347e-13,3.169485212e-13,1.262553524e-13,3.248681951e-13,7.525610921e-14,3.041074482e-14,3.210691334e-14,3.146420746e-14,9.475821197e-14,2.221474627e-13,1.88357214e-13,3.412932426e-14,2.939128841e-13,7.155870627e-14,4.866089843e-13,3.653775489e-14
179.25,1.213225295e-13,2.478361054e-13,2.809814708e-13,1.496798346e-13,1.309118384e-13,1.75250462e-13,9.556232802e-14,4.743566913e-14,3.084599533e-14,2.56378745e-13,2.315551772e-13,1.762368196e-13,1.781134876e-13,3.762959651e-13,4.668353979e-13,3.614876651e-13,2.368626148e-13,3.124545669e-13,1.264308599e-13,3.236666551e-13,7.645705791e-14,3.025316197e-14,3.249386247e-14,3.209019896e-14,9.474637509e-14,2.234070157e-13,1.884430284e-13,3.404396217e-14,2.923934943e-13,7.107747456e-14,4.868144181e-13,3.620067921e-14
179.2578125,1.195110959e-13,2.468198035e-13,2.754422271e-13,1.493225202e-13,1.311785751e-13,1.7325925e-13,9.442169073e-14,4.70667568e-14,3.115697025e-14,2.582048698e-13,2.286709651e-13,1.771331789e-13,1.789737122e-13,3.793030364e-13,4.657547848e-13,3.586917945e-13,2.37235353e-13,3.080674896e-13,1.265485887e-13,3.22200911e-13,7.760922581e-14,3.005501334e-14,3.288757342e-14,3.270834825e-14,9.475510439e-14,2.246679621e-13,1.886612181e-13,3.400448018e-14,2.909896751e-13,7.059952243e-14,4.871691736e-13,3.587357603e-14
179.265625,1.177514594e-13,2.458366588e-13,2.699742636e-13,1.488467311e-13,1.314004309e-13,1.711960436e-13,9.328910301e-14,4.672909841e-14,3.144584472e-14,2.599848804e-13,2.258398115e-13,1.779849135e-13,1.798086852e-13,3.822329879e-13,4.644794697e-13,3.555955622e-13,2.374320572e-13,3.03658707e-13,1.266236744e-13,3.204762923e-13,7.867211394e-14,2.982896923e-14,3.330422422e-14,3.331514675e-14,9.477457031e-14,2.259080504e-13,1.887962055e-13,3.400271111e-14,2.897016677e-13,7.009930811e-14,4.874507708e-13,3.55655733e-14
179.2734375,1.160801516e-13,2.448178876e-13,2.647514416e-13,1.483672251e-13,1.317253348e-13,1.692101879e-13,9.217839758e-14,4.639345308e-14,3.173538129e-14,2.616656736e-13,2.230754577e-13,1.788535382e-13,1.806219026e-13,3.852995604e-13,4.631674144e-13,3.523496625e-13,2.376591821e-13,2.993321717e-13,1.267019546e-13,3.186175478e-13,7.969643434e-14,2.961464382e-14,3.372264434e-14,3.392616825e-14,9.479910065e-14,2.271080509e-13,1.887282107e-13,3.403927267e-14,2.884521394e-13,6.958921224e-14,4.875839257e-13,3.528065196e-14
179.28125,1.145362277e-13,2.439613881e-13,2.598311173e-13,1.480167199e-13,1.321446358e-13,1.673112468e-13,9.111255819e-14,4.60349724e-14,3.203305497e-14,2.632486772e-13,2.203465341e-13,1.797707987e-13,1.814056776e-13,3.885166409e-13,4.620608848e-13,3.492727083e-13,2.380652009e-13,2.952185532e-13,1.267999906e-13,3.166847729e-13,8.074487965e-14,2.942082429e-14,3.411504607e-14,3.456103784e-14,9.483096169e-14,2.282785985e-13,1.885723437e-13,3.413055565e-14,2.872764235e-13,6.906396078e-14,4.877685741e-13,3.499308501e-14
179.2890625,1.129943518e-13,2.432465047e-13,2.551008043e-13,1.476027426e-13,1.32467562e-13,1.653902062e-13,9.008460619e-14,4.567971988e-14,3.231699436e-14,2.648004534e-13,2.175891502e-13,1.806450178e-13,1.820503121e-13,3.916251844e-13,4.610202067e-13,3.462938586e-13,2.384225092e-13,2.912034738e-13,1.268226775e-13,3.146491766e-13,8.176387752e-14,2.921804192e-14,3.450021911e-14,3.523207663e-14,9.485894462e-14,2.294369749e-13,1.883950856e-13,3.42372188e-14,2.862574316e-13,6.853503329e-14,4.880382202e-13,3.470058491e-14
179.296875,1.113546256e-13,2.423234309e-13,2.506360317e-13,1.469320844e-13,1.326735796e-13,1.634476862e-13,8.909288899e-14,4.534732498e-14,3.258731422e-14,2.664034094e-13,2.147613377e-13,1.814448938e-13,1.824798995e-13,3.945823735e-13,4.5985241e-13,3.432375453e-13,2.385899798e-13,2.872333248e-13,1.266774059e-13,3.124880752e-13,8.269486984e-14,2.899289017e-14,3.490442201e-14,3.592174686e-14,9.486766854e-14,2.305622671e-13,1.881745429e-13,3.429615297e-14,2.853410369e-13,6.80454843e-14,4.882514173e-13,3.443711816e-14
179.3046875,1.0971286e-13,2.411771476e-13,2.465245212e-13,1.461706678e-13,1.3292149e-13,1.61545931e-13,8.815008051e-14,4.500676226e-14,3.287562691e-14,2.679824295e-13,2.11917763e-13,1.822935305e-13,1.828075658e-13,3.976089908e-13,4.585995637e-13,3.400755712e-13,2.386859039e-13,2.834873755e-13,1.264344276e-13,3.101589867e-13,8.35818764e-14,2.876508116e-14,3.530076617e-14,3.662315101e-14,9.486331429e-14,2.316167132e-13,1.878630299e-13,3.432439403e-14,2.84521562e-13,6.758942916e-14,4.884974002e-13,3.419247478e-14
179.3125,1.081368293e-13,2.400824838e-13,2.426350728e-13,1.454489279e-13,1.332040192e-13,1.59704276e-13,8.725873764e-14,4.465723959e-14,3.317803069e-14,2.694490508e-13,2.090939763e-13,1.832103844e-13,1.831094329e-13,4.006400633e-13,4.573441884e-13,3.368566612e-13,2.38748346e-13,2.799522034e-13,1.261857749e-13,3.076960065e-13,8.446152752e-14,2.853683887e-14,3.566833141e-14,3.737576738e-14,9.486020191e-14,2.326406898e-13,1.874317808e-13,3.439195102e-14,2.838428104e-13,6.71320524e-14,4.888262443e-13,3.393840661e-14
179.3203125,1.065948453e-13,2.390145779e-13,2.388250393e-13,1.445854304e-13,1.333703694e-13,1.579491712e-13,8.641671955e-14,4.43404489e-14,3.345338832e-14,2.709128742e-13,2.062215544e-13,1.840285519e-13,1.832821794e-13,4.033676866e-13,4.560551271e-13,3.336783434e-13,2.387143418e-13,2.764089527e-13,1.258824362e-13,3.052169821e-13,8.531064652e-14,2.829630321e-14,3.604247858e-14,3.818274733e-14,9.485266784e-14,2.336856604e-13,1.869021302e-13,3.452426054e-14,2.832393216e-13,6.666426235e-14,4.8894806e-13,3.370010347e-14
179.328125,1.05089907e-13,2.378333333e-13,2.351355297e-13,1.434968393e-13,1.334357415e-13,1.562503266e-13,8.561709747e-14,4.404841675e-14,3.36993538e-14,2.72430324e-13,2.032902206e-13,1.847041735e-13,1.832866619e-13,4.058544803e-13,4.546651601e-13,3.305561135e-13,2.38617497e-13,2.729139715e-13,1.254717841e-13,3.026743349e-13,8.611009002e-14,2.805398705e-14,3.643533271e-14,3.898106308e-14,9.483696231e-14,2.346812817e-13,1.862550187e-13,3.468400492e-14,2.827036312e-13,6.617442467e-14,4.887912117e-13,3.348865302e-14
179.3359375,1.036312778e-13,2.366096225e-13,2.316862286e-13,1.423480747e-13,1.33534865e-13,1.545192694e-13,8.484201493e-14,4.374768148e-14,3.395138597e-14,2.738888648e-13,2.003797371e-13,1.853634398e-13,1.832068586e-13,4.083971556e-13,4.531534516e-13,3.273675572e-13,2.385013585e-13,2.696541859e-13,1.249920775e-13,2.999400701e-13,8.6859744e-14,2.78152875e-14,3.680932458e-14,3.975733131e-14,9.482792715e-14,2.355637517e-13,1.854614474e-13,3.483221408e-14,2.823058893e-13,6.566092055e-14,4.886405374e-13,3.326936742e-14
179.34375,1.022180401e-13,2.353643611e-13,2.284671095e-13,1.411804231e-13,1.336564336e-13,1.528162723e-13,8.407758455e-14,4.34500582e-14,3.421767537e-14,2.752660734e-13,1.975119398e-13,1.860246518e-13,1.830683489e-13,4.109620969e-13,4.515152831e-13,3.240272406e-13,2.383040573e-13,2.665133797e-13,1.244681762e-13,2.97009734e-13,8.757677371e-14,2.756938432e-14,3.715300667e-14,4.056030566e-14,9.481039277e-14,2.363733395e-13,1.845792668e-13,3.498752802e-14,2.820182962e-13,6.514538169e-14,4.88509121e-13,3.304108723e-14
179.3515625,1.008369748e-13,2.340290016e-13,2.253706786e-13,1.39886571e-13,1.336666087e-13,1.512460166e-13,8.332117598e-14,4.316477428e-14,3.447583036e-14,2.765965866e-13,1.946655409e-13,1.866180527e-13,1.828581537e-13,4.133426996e-13,4.497496259e-13,3.205515636e-13,2.37978568e-13,2.632954506e-13,1.238872708e-13,2.938172677e-13,8.826088081e-14,2.73177268e-14,3.74798985e-14,4.139278304e-14,9.474332075e-14,2.371120925e-13,1.836556821e-13,3.518558459e-14,2.818278263e-13,6.462687159e-14,4.882260916e-13,3.282558009e-14
179.359375,9.942074136e-14,2.326883474e-13,2.223769265e-13,1.384947092e-13,1.334987568e-13,1.496991214e-13,8.257492669e-14,4.287140051e-14,3.470711633e-14,2.778135624e-13,1.918250049e-13,1.87155459e-13,1.825828465e-13,4.154826533e-13,4.47886267e-13,3.170035889e-13,2.375463723e-13,2.600214143e-13,1.232389577e-13,2.903391008e-13,8.886159118e-14,2.706097607e-14,3.778584154e-14,4.223652989e-14,9.463014546e-14,2.377679347e-13,1.827043116e-13,3.540596441e-14,2.817451876e-13,6.410284979e-14,4.878792105e-13,3.26222467e-14
179.3671875,9.798334502e-14,2.31430408e-13,2.195022466e-13,1.371065521e-13,1.332083941e-13,1.48062534e-13,8.18422293e-14,4.25707289e-14,3.490739767e-14,2.788803074e-13,1.889618385e-13,1.876588785e-13,1.822206929e-13,4.173929672e-13,4.459155719e-13,3.134418664e-13,2.370018926e-13,2.567674773e-13,1.225150079e-13,2.868556945e-13,8.937223149e-14,2.67934515e-14,3.806985835e-14,4.311874951e-14,9.449591862e-14,2.383926763e-13,1.817404691e-13,3.562583596e-14,2.816614609e-13,6.358917669e-14,4.875541418e-13,3.243712196e-14
179.375,9.659212613e-14,2.301746591e-13,2.167361769e-13,1.357243073e-13,1.328967793e-13,1.464195274e-13,8.113129884e-14,4.2277662e-14,3.508585924e-14,2.798640945e-13,1.861003684e-13,1.881136311e-13,1.817698365e-13,4.191418597e-13,4.438002769e-13,3.098588869e-13,2.363521619e-13,2.535772954e-13,1.217256925e-13,2.834901378e-13,8.983202349e-14,2.652081724e-14,3.83398388e-14,4.403996586e-14,9.433879224e-14,2.389524384e-13,1.807011353e-13,3.586966729e-14,2.815574432e-13,6.30663554e-14,4.871889255e-13,3.226786508e-14
179.3828125,9.515093639e-14,2.288452244e-13,2.141279391e-13,1.34311599e-13,1.325742221e-13,1.448229679e-13,8.045434492e-14,4.199120893e-14,3.524948524e-14,2.808601683e-13,1.832774586e-13,1.885166918e-13,1.812445652e-13,4.207872659e-13,4.415874579e-13,3.062334446e-13,2.356497737e-13,2.504847199e-13,1.208726693e-13,2.799696625e-13,9.018737032e-14,2.62417829e-14,3.859397665e-14,4.494724239e-14,9.416463933e-14,2.393723154e-13,1.795558761e-13,3.61321694e-14,2.815657763e-13,6.250884927e-14,4.867805336e-13,3.208900626e-14
179.390625,9.363507381e-14,2.274789816e-13,2.116749127e-13,1.328236034e-13,1.321656737e-13,1.432291807e-13,7.980845614e-14,4.171163325e-14,3.539735844e-14,2.819318769e-13,1.80433551e-13,1.888497588e-13,1.805910631e-13,4.222474781e-13,4.393009061e-13,3.025923171e-13,2.348735497e-13,2.474392792e-13,1.199393136e-13,2.762239998e-13,9.039305554e-14,2.595212552e-14,3.883180151e-14,4.582803193e-14,9.397718722e-14,2.397112504e-13,1.783923115e-13,3.638439787e-14,2.816552101e-13,6.194323813e-14,4.862779678e-13,3.191207416e-14
179.3984375,9.224249054e-14,2.261773102e-13,2.092873986e-13,1.31208472e-13,1.317036497e-13,1.416218152e-13,7.917566606e-14,4.14410865e-14,3.554942475e-14,2.830059721e-13,1.775592928e-13,1.891322476e-13,1.79808192e-13,4.235736974e-13,4.36883859e-13,2.989398777e-13,2.33972453e-13,2.444134059e-13,1.189788958e-13,2.724517244e-13,9.057238891e-14,2.566990248e-14,3.90547108e-14,4.672076749e-14,9.375227414e-14,2.400142018e-13,1.772080529e-13,3.664976158e-14,2.81712229e-13,6.139317419e-14,4.856402968e-13,3.176343949e-14
179.40625,9.096016874e-14,2.249973947e-13,2.069950502e-13,1.295188427e-13,1.312932371e-13,1.39976692e-13,7.855265915e-14,4.117734999e-14,3.573352495e-14,2.839329307e-13,1.747552733e-13,1.894526207e-13,1.790213972e-13,4.249618565e-13,4.343877218e-13,2.95262499e-13,2.329751877e-13,2.414849404e-13,1.180576223e-13,2.686559418e-13,9.081572682e-14,2.540248148e-14,3.926476069e-14,4.765488639e-14,9.350104268e-14,2.402433047e-13,1.759457359e-13,3.693822135e-14,2.818096029e-13,6.084788557e-14,4.850411846e-13,3.162081666e-14
179.4140625,8.958123151e-14,2.23799478e-13,2.048235716e-13,1.278345013e-13,1.308767419e-13,1.383195635e-13,7.794694035e-14,4.092854855e-14,3.592752139e-14,2.847270013e-13,1.719969191e-13,1.897947394e-13,1.782388533e-13,4.26278825e-13,4.318694074e-13,2.915724292e-13,2.318908379e-13,2.386537041e-13,1.170987786e-13,2.647510423e-13,9.101511263e-14,2.512853477e-14,3.94773891e-14,4.864447885e-14,9.325695884e-14,2.404255008e-13,1.74637113e-13,3.720562348e-14,2.82020936e-13,6.030221984e-14,4.845171988e-13,3.146948347e-14
179.421875,8.812423093e-14,2.224226028e-13,2.026530321e-13,1.26058802e-13,1.302954623e-13,1.367522128e-13,7.735220083e-14,4.069581787e-14,3.608221947e-14,2.855053716e-13,1.691812438e-13,1.900273457e-13,1.772637887e-13,4.27194911e-13,4.291818345e-13,2.878417994e-13,2.306804921e-13,2.358434307e-13,1.15982326e-13,2.607417248e-13,9.107056501e-14,2.48346002e-14,3.969652605e-14,4.967038296e-14,9.299082628e-14,2.405661773e-13,1.732278105e-13,3.744631949e-14,2.822785498e-13,5.975258894e-14,4.837964384e-13,3.133312846e-14
179.4296875,8.666641493e-14,2.209831707e-13,2.005296787e-13,1.240824563e-13,1.295167134e-13,1.352435531e-13,7.675917107e-14,4.046304054e-14,3.619665617e-14,2.862431804e-13,1.66384797e-13,1.901306341e-13,1.760019153e-13,4.276972073e-13,4.262550189e-13,2.840546503e-13,2.293592062e-13,2.330576131e-13,1.147285014e-13,2.566357248e-13,9.102637407e-14,2.452251585e-14,3.989364541e-14,5.067403942e-14,9.266743917e-14,2.406161539e-13,1.716707065e-13,3.769103951e-14,2.825496615e-13,5.919333774e-14,4.827884499e-13,3.121097937e-14
179.4375,8.519166604e-14,2.196229347e-13,1.986705282e-13,1.220634914e-13,1.286541122e-13,1.336996523e-13,7.617187266e-14,4.023328714e-14,3.630635334e-14,2.868628255e-13,1.637302607e-13,1.90206812e-13,1.746259552e-13,4.280203814e-13,4.232865235e-13,2.803109032e-13,2.279885211e-13,2.303205431e-13,1.134445384e-13,2.525209633e-13,9.094633002e-14,2.420524373e-14,4.003754654e-14,5.164786041e-14,9.231763389e-14,2.406135275e-13,1.701499757e-13,3.794614829e-14,2.828767819e-13,5.863869865e-14,4.817306542e-13,3.10864189e-14
179.4453125,8.377726119e-14,2.182676362e-13,1.970693298e-13,1.202059065e-13,1.2783327e-13,1.321705728e-13,7.559830179e-14,4.002765157e-14,3.642411348e-14,2.874357396e-13,1.61163907e-13,1.903039471e-13,1.732993555e-13,4.283327554e-13,4.203855598e-13,2.766682801e-13,2.26629755e-13,2.27636495e-13,1.12186598e-13,2.484390793e-13,9.083705991e-14,2.390438562e-14,4.011918063e-14,5.26527798e-14,9.196446113e-14,2.40544678e-13,1.687174295e-13,3.822356362e-14,2.832920745e-13,5.810410339e-14,4.807882324e-13,3.09640877e-14
179.453125,8.242132912e-14,2.168929228e-13,1.955245252e-13,1.18411691e-13,1.27039598e-13,1.30674577e-13,7.503544459e-14,3.985580619e-14,3.653707025e-14,2.88056124e-13,1.585626912e-13,1.903743362e-13,1.719327029e-13,4.285711848e-13,4.174174656e-13,2.730404706e-13,2.252698014e-13,2.250119866e-13,1.109196861e-13,2.442410264e-13,9.068209677e-14,2.361214335e-14,4.016134125e-14,5.369452924e-14,9.158306067e-14,2.40300849e-13,1.671425374e-13,3.852691384e-14,2.83754312e-13,5.758977774e-14,4.79832105e-13,3.084440174e-14
179.4609375,8.100261546e-14,2.155121071e-13,1.93877367e-13,1.16478458e-13,1.26154199e-13,1.29138907e-13,7.447345601e-14,3.971961904e-14,3.663317164e-14,2.886589221e-13,1.558660263e-13,1.903421819e-13,1.703782369e-13,4.284899886e-13,4.14286637e-13,2.693980229e-13,2.237865906e-13,2.223939432e-13,1.095757249e-13,2.399329489e-13,9.046464129e-14,2.3300497e-14,4.020478979e-14,5.471816625e-14,9.115915041e-14,2.399349599e-13,1.653973688e-13,3.881247511e-14,2.841306789e-13,5.707937524e-14,4.786164804e-13,3.072516645e-14
179.46875,7.959974021e-14,2.139998387e-13,1.920744086e-13,1.14437578e-13,1.251688548e-13,1.276086087e-13,7.391617156e-14,3.959511319e-14,3.671313384e-14,2.891430833e-13,1.531109464e-13,1.901903402e-13,1.686796997e-13,4.280418146e-13,4.110180409e-13,2.657813765e-13,2.22123059e-13,2.197477303e-13,1.081535331e-13,2.356677115e-13,9.017999929e-14,2.298165106e-14,4.025005507e-14,5.572687587e-14,9.07007963e-14,2.395548265e-13,1.636570493e-13,3.906010343e-14,2.844047461e-13,5.653632051e-14,4.771297555e-13,3.061477467e-14
179.4765625,7.832251601e-14,2.123981221e-13,1.902525903e-13,1.124123595e-13,1.241531174e-13,1.261557016e-13,7.336841725e-14,3.943406663e-14,3.678426392e-14,2.895247093e-13,1.504454719e-13,1.899870029e-13,1.669406392e-13,4.274319413e-13,4.076103913e-13,2.621165738e-13,2.203539929e-13,2.171283707e-13,1.067128349e-13,2.313701822e-13,8.983596526e-14,2.268479277e-14,4.026087692e-14,5.67554981e-14,9.021055238e-14,2.391126915e-13,1.61904633e-13,3.930615077e-14,2.847653639e-13,5.595957415e-14,4.755855843e-13,3.051001056e-14
179.484375,7.706480952e-14,2.109527827e-13,1.886085488e-13,1.103901314e-13,1.230872779e-13,1.2475219e-13,7.280992576e-14,3.924479489e-14,3.684640581e-14,2.898427569e-13,1.47961215e-13,1.897819662e-13,1.651576526e-13,4.267167531e-13,4.040813163e-13,2.583621286e-13,2.185343489e-13,2.145536386e-13,1.052832994e-13,2.269841929e-13,8.943655653e-14,2.240500565e-14,4.023977167e-14,5.77836653e-14,8.968930148e-14,2.385842414e-13,1.600817353e-13,3.95669192e-14,2.852682298e-13,5.540277894e-14,4.740458597e-13,3.04039369e-14
179.4921875,7.575580571e-14,2.096899299e-13,1.870993521e-13,1.083213502e-13,1.219482258e-13,1.233722937e-13,7.223125684e-14,3.908186262e-14,3.690290994e-14,2.900779266e-13,1.455484872e-13,1.895537431e-13,1.633191423e-13,4.258346768e-13,4.005039426e-13,2.546317338e-13,2.166606687e-13,2.120089699e-13,1.038530728e-13,2.226563904e-13,8.898665481e-14,2.213222474e-14,4.021437968e-14,5.879506553e-14,8.913988194e-14,2.379921782e-13,1.582913193e-13,3.982308704e-14,2.857571782e-13,5.487432556e-14,4.724497646e-13,3.029497718e-14
179.5,7.442283006e-14,2.084339489e-13,1.85577835e-13,1.061993161e-13,1.207510358e-13,1.219659918e-13,7.166013141e-14,3.89388892e-14,3.696456799e-14,2.902362562e-13,1.430773527e-13,1.892777691e-13,1.614402371e-13,4.247902714e-13,3.968352237e-13,2.509261644e-13,2.146880783e-13,2.095034958e-13,1.023922229e-13,2.183472376e-13,8.849167726e-14,2.186431669e-14,4.017796734e-14,5.981479511e-14,8.856235902e-14,2.372806402e-13,1.565754858e-13,4.006958509e-14,2.861928661e-13,5.432996876e-14,4.708428052e-13,3.017436258e-14
179.5078125,7.306026565e-14,2.070734434e-13,1.840266898e-13,1.040262607e-13,1.194529912e-13,1.204772494e-13,7.110634283e-14,3.878094329e-14,3.701369491e-14,2.903669515e-13,1.405633759e-13,1.889257907e-13,1.594885206e-13,4.23474981e-13,3.929422975e-13,2.471248629e-13,2.125626126e-13,2.069806909e-13,1.008655722e-13,2.13904735e-13,8.793698862e-14,2.15816825e-14,4.01209877e-14,6.08358722e-14,8.795948186e-14,2.364593667e-13,1.548520751e-13,4.032458485e-14,2.866265551e-13,5.377086948e-14,4.69163092e-13,3.005120606e-14
179.515625,7.172431655e-14,2.056301302e-13,1.824120255e-13,1.01880914e-13,1.180430538e-13,1.189980332e-13,7.053912136e-14,3.862732856e-14,3.702434795e-14,2.904695761e-13,1.380539761e-13,1.88463548e-13,1.574604145e-13,4.217992387e-13,3.888277495e-13,2.432546062e-13,2.103331446e-13,2.04399523e-13,9.929377037e-14,2.094115665e-13,8.730532411e-14,2.127995003e-14,4.005545429e-14,6.183822806e-14,8.732672833e-14,2.355842656e-13,1.530893023e-13,4.060264007e-14,2.870016985e-13,5.320943411e-14,4.672461998e-13,2.994289222e-14
179.5234375,7.048975381e-14,2.042683348e-13,1.80696748e-13,9.985311365e-14,1.165892625e-13,1.176384099e-13,6.994236453e-14,3.849883869e-14,3.702590654e-14,2.904742918e-13,1.35550161e-13,1.879388843e-13,1.554184979e-13,4.19945015e-13,3.846014573e-13,2.393995565e-13,2.080635742e-13,2.018346548e-13,9.774802049e-14,2.049994627e-13,8.660861389e-14,2.099094349e-14,3.99753025e-14,6.285534264e-14,8.66471233e-14,2.346004051e-13,1.513189175e-13,4.089276305e-14,2.873129974e-13,5.261957328e-14,4.652027209e-13,2.983223477e-14
179.53125,6.932458138e-14,2.030535194e-13,1.790385741e-13,9.784521071e-14,1.151145399e-13,1.163442598e-13,6.933795569e-14,3.839660592e-14,3.705413377e-14,2.903421614e-13,1.330796866e-13,1.874251271e-13,1.533681993e-13,4.180486927e-13,3.80362852e-13,2.356022473e-13,2.057356828e-13,1.993215739e-13,9.624488538e-14,2.006927136e-13,8.586715402e-14,2.072511877e-14,3.986373994e-14,6.391365005e-14,8.593168118e-14,2.335112191e-13,1.495721942e-13,4.117224458e-14,2.876718657e-13,5.201807527e-14,4.632210695e-13,2.971800341e-14
179.5390625,6.818354642e-14,2.01810837e-13,1.775907076e-13,9.570510964e-14,1.136248529e-13,1.150262896e-13,6.874709902e-14,3.83426704e-14,3.708037857e-14,2.901340137e-13,1.306986898e-13,1.868941968e-13,1.512675248e-13,4.160324637e-13,3.761980075e-13,2.31949564e-13,2.033949984e-13,1.968392597e-13,9.474607859e-14,1.964908939e-13,8.509471399e-14,2.046188507e-14,3.97266045e-14,6.497646192e-14,8.522413379e-14,2.324192985e-13,1.478848442e-13,4.143294222e-14,2.881163111e-13,5.145686434e-14,4.61214941e-13,2.963586932e-14
179.546875,6.704230693e-14,2.005154147e-13,1.762698926e-13,9.348622992e-14,1.121491647e-13,1.136866654e-13,6.815996893e-14,3.831940203e-14,3.70753187e-14,2.899151031e-13,1.284081295e-13,1.863104638e-13,1.491265357e-13,4.138730682e-13,3.720574302e-13,2.283755009e-13,2.010663203e-13,1.94411169e-13,9.323734652e-14,1.922972732e-13,8.430845898e-14,2.020236729e-14,3.957241948e-14,6.599807329e-14,8.452338888e-14,2.312952667e-13,1.462685511e-13,4.166764289e-14,2.885974471e-13,5.092637006e-14,4.591022102e-13,2.956930357e-14
179.5546875,6.587081078e-14,1.993545098e-13,1.749185219e-13,9.13121893e-14,1.106342555e-13,1.12360586e-13,6.755743753e-14,3.826123395e-14,3.705668978e-14,2.896706836e-13,1.26142196e-13,1.857076624e-13,1.469500904e-13,4.115688116e-13,3.677645296e-13,2.246680791e-13,1.986053543e-13,1.920078134e-13,9.170660851e-14,1.879968495e-13,8.34948632e-14,1.995679526e-14,3.939271438e-14,6.695828138e-14,8.377387328e-14,2.300436653e-13,1.44656316e-13,4.185901753e-14,2.890534072e-13,5.038758129e-14,4.569480512e-13,2.947141458e-14
179.5625,6.469086162e-14,1.983372736e-13,1.734762924e-13,8.917307843e-14,1.090113246e-13,1.110415634e-13,6.694678436e-14,3.817692432e-14,3.703655004e-14,2.893874501e-13,1.238636279e-13,1.850826442e-13,1.447088708e-13,4.090454996e-13,3.633134667e-13,2.209010238e-13,1.959715691e-13,1.89566456e-13,9.013098195e-14,1.836491162e-13,8.261603457e-14,1.971446077e-14,3.917729397e-14,6.786154391e-14,8.296093553e-14,2.286685958e-13,1.429757945e-13,4.201018159e-14,2.894421355e-13,4.983209962e-14,4.547190867e-13,2.935958494e-14
179.5703125,6.353786495e-14,1.973605638e-13,1.72006809e-13,8.705616279e-14,1.073348979e-13,1.097115975e-13,6.634491214e-14,3.813563284e-14,3.700991758e-14,2.890709357e-13,1.216263934e-13,1.84412539e-13,1.424395228e-13,4.063277475e-13,3.588541626e-13,2.173027958e-13,1.933127478e-13,1.871381004e-13,8.854189282e-14,1.793729739e-13,8.168890717e-14,1.947483608e-14,3.892915441e-14,6.874902143e-14,8.212523264e-14,2.272107914e-13,1.412953092e-13,4.21541049e-14,2.898261168e-13,4.926304933e-14,4.523767809e-13,2.926290759e-14
179.578125,6.240434472e-14,1.963894873e-13,1.706226298e-13,8.503826684e-14,1.056534767e-13,1.084094734e-13,6.574482252e-14,3.814185799e-14,3.696965673e-14,2.887034226e-13,1.194810769e-13,1.83713229e-13,1.401941456e-13,4.034441614e-13,3.543968785e-13,2.138151106e-13,1.906741493e-13,1.847685061e-13,8.697238018e-14,1.752143112e-13,8.075655183e-14,1.92447397e-14,3.866473181e-14,6.965011893e-14,8.128540746e-14,2.257135555e-13,1.397216507e-13,4.232333769e-14,2.902766333e-13,4.869228091e-14,4.499793418e-13,2.916710568e-14
179.5859375,6.127292655e-14,1.953528866e-13,1.692710674e-13,8.312535233e-14,1.039018164e-13,1.071380943e-13,6.513387855e-14,3.815623162e-14,3.689878307e-14,2.883433829e-13,1.173746415e-13,1.829448831e-13,1.379171038e-13,4.003045689e-13,3.498564223e-13,2.103213767e-13,1.880143019e-13,1.823960345e-13,8.537291702e-14,1.711735101e-13,7.97978412e-14,1.900763429e-14,3.839521479e-14,7.052664691e-14,8.043017515e-14,2.241808746e-13,1.381734728e-13,4.252632417e-14,2.907048102e-13,4.812730248e-14,4.474702536e-13,2.906638538e-14
179.59375,6.013291963e-14,1.942379034e-13,1.678021237e-13,8.122739556e-14,1.020761413e-13,1.058218069e-13,6.452022718e-14,3.817668094e-14,3.681083205e-14,2.880738464e-13,1.152350432e-13,1.8207427e-13,1.355602057e-13,3.969681556e-13,3.45241836e-13,2.06899693e-13,1.853589445e-13,1.800113053e-13,8.373012213e-14,1.671900107e-13,7.877435926e-14,1.87623696e-14,3.811502335e-14,7.134684671e-14,7.956153159e-14,2.225268972e-13,1.365526376e-13,4.273828054e-14,2.910240177e-13,4.75436238e-14,4.448038029e-13,2.896112064e-14
179.6015625,5.900497222e-14,1.93154483e-13,1.662785512e-13,7.933022723e-14,1.002814592e-13,1.044918012e-13,6.391690257e-14,3.821880069e-14,3.675172207e-14,2.877967332e-13,1.130873027e-13,1.812063605e-13,1.331993025e-13,3.936109874e-13,3.406124174e-13,2.035703111e-13,1.827078124e-13,1.776762834e-13,8.212911232e-14,1.632251999e-13,7.770205829e-14,1.853616731e-14,3.782068749e-14,7.215988083e-14,7.868857627e-14,2.207466457e-13,1.349946983e-13,4.291941975e-14,2.913094581e-13,4.693018925e-14,4.421444823e-13,2.883816084e-14
179.609375,5.791238154e-14,1.921452273e-13,1.648368599e-13,7.748544799e-14,9.850502902e-14,1.032125927e-13,6.331956487e-14,3.828066235e-14,3.671396287e-14,2.873827339e-13,1.110036169e-13,1.803945327e-13,1.308919626e-13,3.901652775e-13,3.359876592e-13,2.002707058e-13,1.800128798e-13,1.753769252e-13,8.057952654e-14,1.593404648e-13,7.661714612e-14,1.832404914e-14,3.751197915e-14,7.300788854e-14,7.780138941e-14,2.189419709e-13,1.335813992e-13,4.306209309e-14,2.916312357e-13,4.63098057e-14,4.395275082e-13,2.871069074e-14
179.6171875,5.680133721e-14,1.911741437e-13,1.634378375e-13,7.566757954e-14,9.662369327e-14,1.018821921e-13,6.271692741e-14,3.835840504e-14,3.664880669e-14,2.86888137e-13,1.090000153e-13,1.795179443e-13,1.286012805e-13,3.864828758e-13,3.313367781e-13,1.970401282e-13,1.772786421e-13,1.73063106e-13,7.899675241e-14,1.555294317e-13,7.553532808e-14,1.809852214e-14,3.717565033e-14,7.3851485e-14,7.688132403e-14,2.170789356e-13,1.321328627e-13,4.319412475e-14,2.919626406e-13,4.568689144e-14,4.367319471e-13,2.859334909e-14
179.625,5.564255308e-14,1.901898009e-13,1.620560371e-13,7.383538454e-14,9.465425902e-14,1.004903828e-13,6.211209196e-14,3.845494011e-14,3.655575339e-14,2.863774763e-13,1.070399984e-13,1.78517533e-13,1.263141588e-13,3.826366078e-13,3.266106579e-13,1.938969815e-13,1.745376326e-13,1.707470312e-13,7.737706265e-14,1.517219686e-13,7.444429653e-14,1.786714726e-14,3.680908978e-14,7.465775837e-14,7.592990225e-14,2.150714217e-13,1.305939125e-13,4.333709306e-14,2.922721355e-13,4.505603524e-14,4.336968506e-13,2.846600469e-14
179.6328125,5.453757199e-14,1.891194549e-13,1.607317599e-13,7.201808651e-14,9.271788648e-14,9.921740658e-14,6.150729009e-14,3.855974629e-14,3.646053018e-14,2.858260683e-13,1.051033924e-13,1.774769599e-13,1.240506825e-13,3.787168256e-13,3.217996998e-13,1.907584527e-13,1.717742266e-13,1.684516282e-13,7.577202921e-14,1.480088126e-13,7.332336777e-14,1.765059177e-14,3.643377351e-14,7.545264838e-14,7.496611405e-14,2.130163676e-13,1.291534274e-13,4.349808432e-14,2.925343778e-13,4.4433193e-14,4.305869347e-13,2.833044914e-14
179.640625,5.355967618e-14,1.879882393e-13,1.594021385e-13,7.019906145e-14,9.084087569e-14,9.803954162e-14,6.088343324e-14,3.864930066e-14,3.636328733e-14,2.852400991e-13,1.032127785e-13,1.76447553e-13,1.21796258e-13,3.747027321e-13,3.169372462e-13,1.875981344e-13,1.689382494e-13,1.661766044e-13,7.418767851e-14,1.44499412e-13,7.219079734e-14,1.744670665e-14,3.605723027e-14,7.623991769e-14,7.399728986e-14,2.110111331e-13,1.278472638e-13,4.367449434e-14,2.927289938e-13,4.382263686e-14,4.274864428e-13,2.821302486e-14
179.6484375,5.263845598e-14,1.869127141e-13,1.58025837e-13,6.833208158e-14,8.898941768e-14,9.678706623e-14,6.02346567e-14,3.872781254e-14,3.626353411e-14,2.84595189e-13,1.014003311e-13,1.754176149e-13,1.195502031e-13,3.706136421e-13,3.120784711e-13,1.844562088e-13,1.660436239e-13,1.639254327e-13,7.264935609e-14,1.410814337e-13,7.108756794e-14,1.724874481e-14,3.566675847e-14,7.698286583e-14,7.302067734e-14,2.089778946e-13,1.265286846e-13,4.384388304e-14,2.928857992e-13,4.320745546e-14,4.243721856e-13,2.810076653e-14
179.65625,5.169423449e-14,1.859189708e-13,1.566452719e-13,6.653939887e-14,8.715250271e-14,9.55205802e-14,5.958562259e-14,3.882834385e-14,3.616647254e-14,2.838393967e-13,9.966690296e-14,1.743773158e-13,1.173573205e-13,3.664799831e-13,3.07296914e-13,1.813500778e-13,1.63189384e-13,1.616886352e-13,7.119978157e-14,1.376411603e-13,7.001072698e-14,1.705877948e-14,3.525824399e-14,7.767131757e-14,7.204235444e-14,2.068453902e-13,1.251681534e-13,4.399291929e-14,2.930500275e-13,4.257513984e-14,4.212217589e-13,2.796921102e-14
179.6640625,5.07378852e-14,1.849579325e-13,1.552312181e-13,6.49744437e-14,8.531436785e-14,9.432317566e-14,5.894255269e-14,3.8952507e-14,3.606241661e-14,2.830480875e-13,9.796588555e-14,1.733127774e-13,1.152343093e-13,3.622831373e-13,3.026190542e-13,1.783119328e-13,1.604112062e-13,1.594545764e-13,6.980285306e-14,1.342534449e-13,6.891439145e-14,1.687795037e-14,3.483076169e-14,7.831965699e-14,7.106610831e-14,2.046444407e-13,1.238401111e-13,4.412733468e-14,2.932216961e-13,4.192003525e-14,4.180212002e-13,2.782901411e-14
179.671875,4.980202796e-14,1.840277676e-13,1.537526842e-13,6.352494044e-14,8.345345069e-14,9.305462358e-14,5.828489987e-14,3.906681673e-14,3.594199782e-14,2.822974388e-13,9.624098552e-14,1.722098871e-13,1.131316943e-13,3.579968294e-13,2.979800139e-13,1.753835014e-13,1.576241137e-13,1.572290991e-13,6.839463896e-14,1.309918576e-13,6.776874981e-14,1.670078508e-14,3.438405928e-14,7.893373959e-14,7.0085851e-14,2.024250669e-13,1.225817069e-13,4.422389893e-14,2.933559902e-13,4.125326274e-14,4.147720069e-13,2.769335976e-14
179.6796875,4.889805616e-14,1.831453416e-13,1.522587743e-13,6.201499268e-14,8.156720261e-14,9.165568231e-14,5.760751201e-14,3.916364526e-14,3.580644361e-14,2.815190136e-13,9.451031651e-14,1.710665472e-13,1.110104588e-13,3.535924127e-13,2.933247206e-13,1.725450187e-13,1.547858167e-13,1.5499849e-13,6.698733307e-14,1.278497855e-13,6.660233458e-14,1.652506789e-14,3.393080917e-14,7.951089392e-14,6.910066164e-14,2.002240184e-13,1.213899873e-13,4.427164934e-14,2.933923127e-13,4.060136213e-14,4.114563512e-13,2.756103477e-14
179.6875,4.803348878e-14,1.822601163e-13,1.507827824e-13,6.052933669e-14,7.968811335e-14,9.026824876e-14,5.691690561e-14,3.92646394e-14,3.565906522e-14,2.806654313e-13,9.285980351e-14,1.69887935e-13,1.089247863e-13,3.491389172e-13,2.886836821e-13,1.697554558e-13,1.519621114e-13,1.527541196e-13,6.563435236e-14,1.248130781e-13,6.547215899e-14,1.636098449e-14,3.347240859e-14,8.003315863e-14,6.811208549e-14,1.980204179e-13,1.202324635e-13,4.433050954e-14,2.933031356e-13,3.997078885e-14,4.080540965e-13,2.743192395e-14
179.6953125,4.718210687e-14,1.813175664e-13,1.493441163e-13,5.91828687e-14,7.785058779e-14,8.892313222e-14,5.621215374e-14,3.938268386e-14,3.550971317e-14,2.797643812e-13,9.131575165e-14,1.686917025e-13,1.06936304e-13,3.447638909e-13,2.840684072e-13,1.669928869e-13,1.491630751e-13,1.505144935e-13,6.433222581e-14,1.218395043e-13,6.438244613e-14,1.621139666e-14,3.299256107e-14,8.050275432e-14,6.711230236e-14,1.957498066e-13,1.190947081e-13,4.442632614e-14,2.931622263e-13,3.934505546e-14,4.046376315e-13,2.730203304e-14
179.703125,4.631816866e-14,1.803883268e-13,1.479214396e-13,5.787274241e-14,7.602517274e-14,8.752646605e-14,5.549769038e-14,3.951972314e-14,3.536557605e-14,2.788128059e-13,8.981395888e-14,1.674828576e-13,1.049740371e-13,3.40360743e-13,2.793980513e-13,1.642276267e-13,1.462980207e-13,1.482670073e-13,6.302191731e-14,1.189231453e-13,6.328929764e-14,1.606259539e-14,3.24940884e-14,8.09719852e-14,6.609477862e-14,1.93418226e-13,1.17989977e-13,4.449976096e-14,2.930958752e-13,3.87079704e-14,4.012356315e-13,2.716676114e-14
179.7109375,4.54974548e-14,1.795350447e-13,1.464057622e-13,5.653715563e-14,7.417064059e-14,8.612804097e-14,5.47803925e-14,3.966361663e-14,3.520660326e-14,2.778225886e-13,8.831068907e-14,1.662254786e-13,1.02930266e-13,3.3568324e-13,2.746278615e-13,1.614704289e-13,1.433639605e-13,1.4601842e-13,6.168476564e-14,1.161277847e-13,6.218256548e-14,1.590951139e-14,3.199060925e-14,8.144033448e-14,6.506489147e-14,1.910647541e-13,1.168655787e-13,4.45292779e-14,2.93078179e-13,3.805144536e-14,3.976796023e-13,2.702886658e-14
179.71875,4.474800289e-14,1.786545225e-13,1.447987762e-13,5.528975092e-14,7.230366016e-14,8.481948812e-14,5.405665943e-14,3.978213002e-14,3.500652707e-14,2.768221363e-13,8.682333958e-14,1.64898643e-13,1.00842667e-13,3.307485863e-13,2.698312218e-13,1.587817076e-13,1.40469713e-13,1.438369038e-13,6.035717226e-14,1.134290595e-13,6.109072029e-14,1.57552691e-14,3.147704206e-14,8.182580904e-14,6.402994113e-14,1.886802072e-13,1.156866264e-13,4.454751395e-14,2.929652438e-13,3.739123782e-14,3.93882706e-13,2.688986737e-14
179.7265625,4.398086175e-14,1.776915262e-13,1.432837747e-13,5.414376404e-14,7.045702236e-14,8.349755356e-14,5.332661026e-14,3.986329776e-14,3.478615132e-14,2.757759919e-13,8.537577952e-14,1.635669713e-13,9.883709622e-14,3.258153158e-13,2.650827034e-13,1.561562256e-13,1.376302815e-13,1.417177395e-13,5.905718783e-14,1.107449496e-13,6.003710108e-14,1.56004641e-14,3.095077016e-14,8.213899637e-14,6.299511203e-14,1.862928777e-13,1.145683501e-13,4.455600033e-14,2.928389232e-13,3.675931871e-14,3.900591305e-13,2.674943521e-14
179.734375,4.316816834e-14,1.767525799e-13,1.419385369e-13,5.297862508e-14,6.8674603e-14,8.205191657e-14,5.259596453e-14,3.993715312e-14,3.459603619e-14,2.746631444e-13,8.397091093e-14,1.623070344e-13,9.695867431e-14,3.210536765e-13,2.603977768e-13,1.535444031e-13,1.347664114e-13,1.39582504e-13,5.778980318e-14,1.081053916e-13,5.903127808e-14,1.545820508e-14,3.042136438e-14,8.248163674e-14,6.196769155e-14,1.83955487e-13,1.136014377e-13,4.454994478e-14,2.928910631e-13,3.615730504e-14,3.863715768e-13,2.660462292e-14
179.7421875,4.238641855e-14,1.758593921e-13,1.406184182e-13,5.179681482e-14,6.696807589e-14,8.056145937e-14,5.185664067e-14,4.002460937e-14,3.442976359e-14,2.73523229e-13,8.259196483e-14,1.610582051e-13,9.514000143e-14,3.163427197e-13,2.557733846e-13,1.509723413e-13,1.31866097e-13,1.374009185e-13,5.656003719e-14,1.055799518e-13,5.806104558e-14,1.533237227e-14,2.988847851e-14,8.282064779e-14,6.093872608e-14,1.816144536e-13,1.12721001e-13,4.454201369e-14,2.929277296e-13,3.555651691e-14,3.826435506e-13,2.644977887e-14
179.75,4.164699527e-14,1.748944133e-13,1.392117094e-13,5.069429982e-14,6.524862588e-14,7.911462075e-14,5.110556951e-14,4.011098621e-14,3.42235487e-14,2.723777183e-13,8.122495335e-14,1.596834762e-13,9.330385166e-14,3.114161135e-13,2.511740899e-13,1.484898496e-13,1.289648433e-13,1.351567922e-13,5.53335546e-14,1.031938911e-13,5.70993214e-14,1.519562493e-14,2.934993737e-14,8.302979567e-14,5.988381249e-14,1.791833892e-13,1.118598939e-13,4.454212697e-14,2.926201347e-13,3.494181701e-14,3.786639498e-13,2.629160671e-14
179.7578125,4.091551696e-14,1.737597151e-13,1.378156034e-13,4.966450138e-14,6.349230265e-14,7.770689411e-14,5.037300209e-14,4.018833139e-14,3.396592946e-14,2.712407259e-13,7.987942952e-14,1.581918449e-13,9.14683381e-14,3.06316647e-13,2.465836523e-13,1.460981081e-13,1.261033215e-13,1.328644042e-13,5.408913333e-14,1.009550751e-13,5.614010566e-14,1.504070288e-14,2.881081245e-14,8.313638819e-14,5.881530921e-14,1.766807285e-13,1.109959268e-13,4.456945244e-14,2.920980236e-13,3.432009853e-14,3.745131764e-13,2.613625997e-14
179.765625,4.019311837e-14,1.724759594e-13,1.365613854e-13,4.865960886e-14,6.180255665e-14,7.632851891e-14,4.968442489e-14,4.026970161e-14,3.371414058e-14,2.701195873e-13,7.856263714e-14,1.567212652e-13,8.970058573e-14,3.013780442e-13,2.420908357e-13,1.438086545e-13,1.233686867e-13,1.306409035e-13,5.286656612e-14,9.880356128e-14,5.520675795e-14,1.48953496e-14,2.82698873e-14,8.325653207e-14,5.777919463e-14,1.741862595e-13,1.100939749e-13,4.461165687e-14,2.916706911e-13,3.370471278e-14,3.704004253e-13,2.597087996e-14
179.7734375,3.949994313e-14,1.712131734e-13,1.354203548e-13,4.770433039e-14,6.018932338e-14,7.496592447e-14,4.902079897e-14,4.035909308e-14,3.348274627e-14,2.689625675e-13,7.727970959e-14,1.553152019e-13,8.800060952e-14,2.966622555e-13,2.377908017e-13,1.416543557e-13,1.20827548e-13,1.285762361e-13,5.169794058e-14,9.666314455e-14,5.432204813e-14,1.476627869e-14,2.772844209e-14,8.337091653e-14,5.678270866e-14,1.717487502e-13,1.091739866e-13,4.461833832e-14,2.91354206e-13,3.310513451e-14,3.663583977e-13,2.579649414e-14
179.78125,3.888224039e-14,1.700695967e-13,1.342998144e-13,4.682008702e-14,5.859127099e-14,7.36078553e-14,4.834506777e-14,4.04516649e-14,3.32302958e-14,2.677254299e-13,7.605861531e-14,1.538900596e-13,8.633614379e-14,2.919475353e-13,2.33631155e-13,1.395984444e-13,1.184137937e-13,1.266093539e-13,5.058653807e-14,9.453840865e-14,5.347805714e-14,1.463882334e-14,2.719582274e-14,8.340292111e-14,5.57934239e-14,1.693433055e-13,1.082887533e-13,4.460356472e-14,2.910489971e-13,3.251862406e-14,3.622450198e-13,2.562941099e-14
179.7890625,3.833647968e-14,1.688966018e-13,1.331699277e-13,4.598305645e-14,5.703129889e-14,7.226411482e-14,4.763002133e-14,4.054501867e-14,3.29583381e-14,2.664072303e-13,7.490296738e-14,1.523870351e-13,8.47230275e-14,2.871504644e-13,2.294365653e-13,1.375141556e-13,1.15951407e-13,1.245950433e-13,4.952065418e-14,9.241972817e-14,5.265029121e-14,1.451436565e-14,2.666822047e-14,8.338965881e-14,5.479080021e-14,1.668934036e-13,1.074272139e-13,4.461555377e-14,2.907017556e-13,3.193799005e-14,3.579931049e-13,2.545146529e-14
179.796875,3.777551479e-14,1.676009916e-13,1.320289645e-13,4.518948147e-14,5.552121568e-14,7.091189708e-14,4.687448068e-14,4.062961934e-14,3.270545954e-14,2.650115988e-13,7.377399358e-14,1.508348405e-13,8.317705113e-14,2.823040672e-13,2.251060094e-13,1.353339624e-13,1.133443976e-13,1.224539638e-13,4.845467404e-14,9.030918491e-14,5.183712746e-14,1.440094795e-14,2.613530624e-14,8.337981186e-14,5.377110913e-14,1.643667007e-13,1.065858204e-13,4.462335343e-14,2.902505271e-13,3.136220082e-14,3.537051483e-13,2.523907546e-14
179.8046875,3.718423084e-14,1.662914504e-13,1.30897831e-13,4.443425872e-14,5.404018126e-14,6.952020542e-14,4.611832811e-14,4.069917589e-14,3.246562176e-14,2.63597639e-13,7.266362421e-14,1.492831329e-13,8.16704487e-14,2.774371105e-13,2.207546455e-13,1.33157213e-13,1.107190224e-13,1.202813419e-13,4.737571279e-14,8.832879912e-14,5.104800128e-14,1.429746299e-14,2.560263225e-14,8.331320574e-14,5.27440871e-14,1.617990092e-13,1.057986252e-13,4.457925882e-14,2.897129721e-13,3.079038182e-14,3.494497577e-13,2.501926641e-14
179.8125,3.660478561e-14,1.649846938e-13,1.298054103e-13,4.367816242e-14,5.260809974e-14,6.809207421e-14,4.539056878e-14,4.075827641e-14,3.221232111e-14,2.622146926e-13,7.159467335e-14,1.477460714e-13,8.018269163e-14,2.726321049e-13,2.165375326e-13,1.310807193e-13,1.08216208e-13,1.182084805e-13,4.633736086e-14,8.651894871e-14,5.028560726e-14,1.419872982e-14,2.507921103e-14,8.314527508e-14,5.172641246e-14,1.592351292e-13,1.050414901e-13,4.449468998e-14,2.891526283e-13,3.022264604e-14,3.451725557e-13,2.481854279e-14
179.8203125,3.60207194e-14,1.635973333e-13,1.287253069e-13,4.292582929e-14,5.121399163e-14,6.663630576e-14,4.467176226e-14,4.080182741e-14,3.195279243e-14,2.607755313e-13,7.055766152e-14,1.462230344e-13,7.873026223e-14,2.67915091e-13,2.124361495e-13,1.290687742e-13,1.057890757e-13,1.162145151e-13,4.535392424e-14,8.475289816e-14,4.956253626e-14,1.409943138e-14,2.456412596e-14,8.292614829e-14,5.071980421e-14,1.567159744e-13,1.042723872e-13,4.43918806e-14,2.885567073e-13,2.966453386e-14,3.40864334e-13,2.46193615e-14
179.828125,3.544701865e-14,1.62177584e-13,1.276428408e-13,4.222820827e-14,4.983623864e-14,6.51843212e-14,4.395761162e-14,4.082977677e-14,3.169355804e-14,2.592416928e-13,6.952597524e-14,1.447065932e-13,7.732867205e-14,2.632230561e-13,2.084024906e-13,1.27113e-13,1.033940934e-13,1.142441814e-13,4.439192087e-14,8.299627e-14,4.887311117e-14,1.399962305e-14,2.405590835e-14,8.268066649e-14,4.972816815e-14,1.542481008e-13,1.035086524e-13,4.428591198e-14,2.87906548e-13,2.911790116e-14,3.365524155e-13,2.441326502e-14
179.8359375,3.49185905e-14,1.608319619e-13,1.265932444e-13,4.157347557e-14,4.849917695e-14,6.376450258e-14,4.326414873e-14,4.086576922e-14,3.1418456e-14,2.577206182e-13,6.849266868e-14,1.43149029e-13,7.595823433e-14,2.585289001e-13,2.044641975e-13,1.252586001e-13,1.010558356e-13,1.122973661e-13,4.34495855e-14,8.131896533e-14,4.818274522e-14,1.390232888e-14,2.355154945e-14,8.238350114e-14,4.87618437e-14,1.517752622e-13,1.027558912e-13,4.41828148e-14,2.871987352e-13,2.85767071e-14,3.321697961e-13,2.421428616e-14
179.84375,3.43930632e-14,1.595342183e-13,1.255545842e-13,4.090719244e-14,4.718406904e-14,6.235952963e-14,4.256848567e-14,4.090858532e-14,3.112094132e-14,2.561987728e-13,6.74701898e-14,1.415026275e-13,7.458374636e-14,2.537709223e-13,2.005770676e-13,1.234617789e-13,9.870413458e-14,1.103514632e-13,4.253173513e-14,7.971038856e-14,4.74936216e-14,1.380606742e-14,2.304294019e-14,8.204603786e-14,4.780755304e-14,1.492756811e-13,1.019676039e-13,4.407290983e-14,2.864189319e-13,2.803132955e-14,3.276577206e-13,2.40173833e-14
179.8515625,3.385777036e-14,1.581339634e-13,1.24470815e-13,4.024107805e-14,4.585828034e-14,6.098602451e-14,4.18576898e-14,4.092672557e-14,3.080277124e-14,2.545828722e-13,6.648214944e-14,1.397763982e-13,7.319521537e-14,2.488758957e-13,1.966924392e-13,1.216978149e-13,9.632650657e-14,1.08424763e-13,4.162719759e-14,7.814191203e-14,4.683562356e-14,1.371015384e-14,2.252986046e-14,8.167851403e-14,4.685776629e-14,1.467991198e-13,1.011094369e-13,4.397736445e-14,2.855979301e-13,2.74777866e-14,3.230330908e-13,2.38159143e-14
179.859375,3.334624131e-14,1.565621491e-13,1.233892223e-13,3.962147035e-14,4.457035605e-14,5.966569027e-14,4.116594181e-14,4.093298391e-14,3.046943433e-14,2.529896805e-13,6.55357706e-14,1.38011643e-13,7.182796394e-14,2.439847658e-13,1.928880167e-13,1.200289238e-13,9.40625969e-14,1.065556018e-13,4.074234608e-14,7.663041233e-14,4.621027597e-14,1.361646411e-14,2.202257981e-14,8.125481264e-14,4.592994206e-14,1.44346064e-13,1.002056954e-13,4.392716055e-14,2.84768869e-13,2.693094258e-14,3.18325412e-13,2.362181631e-14
179.8671875,3.285333837e-14,1.549551157e-13,1.224338145e-13,3.903831938e-14,4.337176906e-14,5.833209494e-14,4.049921771e-14,4.096378088e-14,3.014332236e-14,2.515503023e-13,6.461435195e-14,1.36257727e-13,7.053220216e-14,2.392968106e-13,1.892099901e-13,1.184149913e-13,9.192682925e-14,1.046868026e-13,3.988981282e-14,7.516260762e-14,4.561786583e-14,1.352468714e-14,2.152640867e-14,8.078821183e-14,4.501880763e-14,1.418588885e-13,9.932412153e-14,4.38848795e-14,2.839269971e-13,2.640618016e-14,3.136210201e-13,2.342537951e-14
179.875,3.240688306e-14,1.534368441e-13,1.216115566e-13,3.845665243e-14,4.224193085e-14,5.695393189e-14,3.983286225e-14,4.099523163e-14,2.982816606e-14,2.501374991e-13,6.370695888e-14,1.345330721e-13,6.927974034e-14,2.347253505e-13,1.856205339e-13,1.16772364e-13,8.981384792e-14,1.028069974e-13,3.907459194e-14,7.371674994e-14,4.506128331e-14,1.343435239e-14,2.103733758e-14,8.02999791e-14,4.41094291e-14,1.393373491e-13,9.847831476e-14,4.379225974e-14,2.830265679e-13,2.589016741e-14,3.089666962e-13,2.319826114e-14
179.8828125,3.202654313e-14,1.519313035e-13,1.207643912e-13,3.789296774e-14,4.112820177e-14,5.558629545e-14,3.916998052e-14,4.099145482e-14,2.949714315e-14,2.485929747e-13,6.281215986e-14,1.327954251e-13,6.798235211e-14,2.300911306e-13,1.821275846e-13,1.15171344e-13,8.774121222e-14,1.009865328e-13,3.829534368e-14,7.23010747e-14,4.452089775e-14,1.334400658e-14,2.055511004e-14,7.974783238e-14,4.321483511e-14,1.368344545e-13,9.758608891e-14,4.365657603e-14,2.81956487e-13,2.536824283e-14,3.042455269e-13,2.294798634e-14
179.890625,3.162612203e-14,1.503408137e-13,1.198449892e-13,3.738985275e-14,4.002281106e-14,5.424651971e-14,3.851780735e-14,4.097720146e-14,2.915258113e-14,2.469260735e-13,6.194414985e-14,1.31039226e-13,6.667938621e-14,2.254777924e-13,1.78741593e-13,1.136770718e-13,8.576898362e-14,9.919714719e-14,3.753841533e-14,7.09143112e-14,4.400024506e-14,1.325371613e-14,2.009057267e-14,7.912180117e-14,4.234260029e-14,1.343865888e-13,9.663358932e-14,4.352395544e-14,2.807734878e-13,2.485641083e-14,2.994369663e-13,2.270544584e-14
179.8984375,3.115910549e-14,1.486922639e-13,1.190084973e-13,3.692588307e-14,3.897028927e-14,5.29304761e-14,3.786582408e-14,4.097040569e-14,2.881930577e-14,2.451837509e-13,6.113556935e-14,1.293056784e-13,6.550565417e-14,2.210249963e-13,1.754125969e-13,1.122041775e-13,8.386140665e-14,9.738347559e-14,3.680102014e-14,6.955171336e-14,4.352112713e-14,1.317064607e-14,1.965208157e-14,7.847971587e-14,4.148642444e-14,1.320029051e-13,9.573469467e-14,4.341654649e-14,2.797375105e-13,2.436808942e-14,2.946734083e-13,2.247318137e-14
179.90625,3.067917306e-14,1.470234535e-13,1.182629368e-13,3.642646032e-14,3.796737065e-14,5.164523568e-14,3.721000576e-14,4.094047309e-14,2.848925636e-14,2.43383209e-13,6.037870496e-14,1.275477747e-13,6.443355573e-14,2.166484113e-13,1.720927633e-13,1.106982463e-13,8.196254305e-14,9.556544142e-14,3.609017467e-14,6.822788484e-14,4.305793836e-14,1.309760024e-14,1.923288811e-14,7.781919148e-14,4.064738056e-14,1.296505542e-13,9.491239043e-14,4.331486741e-14,2.787815628e-13,2.389042121e-14,2.898991499e-13,2.223432073e-14
179.9140625,3.021436476e-14,1.4529667e-13,1.174522179e-13,3.589281104e-14,3.697525931e-14,5.036606431e-14,3.6552766e-14,4.088851162e-14,2.814837468e-14,2.415650665e-13,5.962707332e-14,1.25702384e-13,6.333140287e-14,2.122483473e-13,1.687675174e-13,1.092142999e-13,8.0065004e-14,9.37423078e-14,3.539110477e-14,6.69608155e-14,4.257543482e-14,1.302561395e-14,1.882509121e-14,7.709897352e-14,3.981951389e-14,1.272741866e-13,9.406235618e-14,4.319047241e-14,2.775974455e-13,2.341081703e-14,2.84982285e-13,2.198473874e-14
179.921875,2.979156556e-14,1.434735439e-13,1.166092184e-13,3.542037645e-14,3.600604991e-14,4.910140102e-14,3.589840486e-14,4.085801921e-14,2.780250666e-14,2.397772902e-13,5.887431942e-14,1.238234816e-13,6.220099886e-14,2.07846142e-13,1.654754549e-13,1.077978426e-13,7.820767251e-14,9.190474844e-14,3.469527722e-14,6.575196514e-14,4.208907934e-14,1.294648664e-14,1.842914067e-14,7.637551267e-14,3.89975999e-14,1.248875267e-13,9.316748949e-14,4.305327244e-14,2.763079835e-13,2.292738462e-14,2.800132366e-13,2.173238114e-14
179.9296875,2.945927833e-14,1.41585023e-13,1.158300434e-13,3.503570734e-14,3.50465516e-14,4.788953582e-14,3.525188974e-14,4.085377713e-14,2.744852055e-14,2.380086827e-13,5.811988349e-14,1.219587416e-13,6.109609919e-14,2.034249491e-13,1.622807271e-13,1.06467992e-13,7.643134908e-14,9.00621132e-14,3.401677575e-14,6.456992898e-14,4.1627266e-14,1.285813187e-14,1.803470078e-14,7.572966096e-14,3.818738302e-14,1.225503191e-13,9.226829273e-14,4.292195133e-14,2.751196599e-13,2.244278712e-14,2.750838501e-13,2.148570286e-14
179.9375,2.917096784e-14,1.396732999e-13,1.150209203e-13,3.465713077e-14,3.407596235e-14,4.669675851e-14,3.460787024e-14,4.084472947e-14,2.708922549e-14,2.361868422e-13,5.731831984e-14,1.200797332e-13,5.999278003e-14,1.989901817e-13,1.591682269e-13,1.052390111e-13,7.472760825e-14,8.820365943e-14,3.335206756e-14,6.33871438e-14,4.119731901e-14,1.276526561e-14,1.762549229e-14,7.511049394e-14,3.738141417e-14,1.202386684e-13,9.131554667e-14,4.277447244e-14,2.737583631e-13,2.197015145e-14,2.701453466e-13,2.124051882e-14
179.9453125,2.882805157e-14,1.377268889e-13,1.141151526e-13,3.425255902e-14,3.317746575e-14,4.547485311e-14,3.396320344e-14,4.082076081e-14,2.674423802e-14,2.342794182e-13,5.647290613e-14,1.181832387e-13,5.888119669e-14,1.946518858e-13,1.560827413e-13,1.040763001e-13,7.307154649e-14,8.636626235e-14,3.269200127e-14,6.223823151e-14,4.0799691e-14,1.26790303e-14,1.721351109e-14,7.44061858e-14,3.657603408e-14,1.178894565e-13,9.029529808e-14,4.259302481e-14,2.720826871e-13,2.152175203e-14,2.652069969e-13,2.098091043e-14
179.953125,2.84450514e-14,1.357436396e-13,1.131935148e-13,3.386651387e-14,3.238043126e-14,4.422750971e-14,3.332480838e-14,4.078307993e-14,2.640692899e-14,2.323276453e-13,5.566176381e-14,1.162855789e-13,5.779800463e-14,1.904335619e-13,1.530410653e-13,1.029187388e-13,7.145513671e-14,8.459951939e-14,3.205206247e-14,6.11675183e-14,4.042843867e-14,1.259907712e-14,1.682393456e-14,7.3613033e-14,3.578990169e-14,1.155382084e-13,8.93043064e-14,4.239807762e-14,2.703928311e-13,2.109176665e-14,2.603182437e-13,2.071044045e-14
179.9609375,2.80978139e-14,1.337665435e-13,1.12317335e-13,3.349724719e-14,3.158570074e-14,4.296839124e-14,3.269236852e-14,4.072236575e-14,2.605632135e-14,2.303460193e-13,5.491727564e-14,1.143906431e-13,5.67599592e-14,1.862524265e-13,1.500724158e-13,1.017482958e-13,6.986764843e-14,8.28618228e-14,3.143952191e-14,6.013797882e-14,4.006452699e-14,1.251205236e-14,1.645242667e-14,7.280729394e-14,3.502691546e-14,1.132449078e-13,8.836439243e-14,4.219554975e-14,2.687606878e-13,2.066735231e-14,2.554581994e-13,2.045024594e-14
179.96875,2.776554869e-14,1.318115652e-13,1.114765283e-13,3.311125275e-14,3.077192327e-14,4.173018666e-14,3.20624828e-14,4.063544018e-14,2.569690676e-14,2.283258662e-13,5.419651949e-14,1.125043178e-13,5.574268074e-14,1.820555288e-13,1.471449594e-13,1.005867861e-13,6.83053258e-14,8.112183121e-14,3.083142334e-14,5.908345059e-14,3.969093511e-14,1.241781909e-14,1.60821586e-14,7.199841756e-14,3.427212235e-14,1.109747478e-13,8.738744959e-14,4.197103879e-14,2.669913152e-13,2.024182715e-14,2.505697338e-13,2.019690641e-14
179.9765625,2.740134881e-14,1.298268288e-13,1.106125798e-13,3.271997074e-14,2.998318637e-14,4.054299702e-14,3.143949925e-14,4.052999244e-14,2.53313107e-14,2.262955298e-13,5.346120419e-14,1.105928168e-13,5.469497792e-14,1.77810965e-13,1.442373633e-13,9.945763095e-14,6.678252471e-14,7.941119826e-14,3.020869874e-14,5.802232866e-14,3.931525461e-14,1.232470174e-14,1.571676828e-14,7.113813572e-14,3.352173615e-14,1.086861244e-13,8.633560871e-14,4.173767039e-14,2.650990887e-13,1.981586326e-14,2.45594318e-13,1.993293252e-14
179.984375,2.706312545e-14,1.277439012e-13,1.096857903e-13,3.233578534e-14,2.921204861e-14,3.93770561e-14,3.082443825e-14,4.041500067e-14,2.494974339e-14,2.242493847e-13,5.271092176e-14,1.086199764e-13,5.361834849e-14,1.735616446e-13,1.413816072e-13,9.836263375e-14,6.530370697e-14,7.771683378e-14,2.958762785e-14,5.702482994e-14,3.896394267e-14,1.222758225e-14,1.536310617e-14,7.02361904e-14,3.278016916e-14,1.064087196e-13,8.523895742e-14,4.151676071e-14,2.631773788e-13,1.939925309e-14,2.40557167e-13,1.966376927e-14
179.9921875,2.679515336e-14,1.256116727e-13,1.087343855e-13,3.195449194e-14,2.847096913e-14,3.821010891e-14,3.021244621e-14,4.029538734e-14,2.456083129e-14,2.221584005e-13,5.195660848e-14,1.066161295e-13,5.258392609e-14,1.694182413e-13,1.385910882e-13,9.727893522e-14,6.38487064e-14,7.599344142e-14,2.899653007e-14,5.608141692e-14,3.864313941e-14,1.212239725e-14,1.501664248e-14,6.93383985e-14,3.205233746e-14,1.041662159e-13,8.411663226e-14,4.130424681e-14,2.612013136e-13,1.899948753e-14,2.355456675e-13,1.939638525e-14
180,2.653562106e-14,1.235715727e-13,1.077664734e-13,3.159695347e-14,2.777303e-14,3.707337531e-14,2.960682564e-14,4.016354861e-14,2.417762401e-14,2.200497418e-13,5.119323469e-14,1.046070027e-13,5.160006748e-14,1.653709982e-13,1.358333205e-13,9.619296799e-14,6.240515226e-14,7.424418931e-14,2.843354363e-14,5.511327922e-14,3.832575127e-14,1.201962683e-14,1.467695151e-14,6.844396382e-14,3.134109288e-14,1.019402588e-13,8.296269557e-14,4.109108292e-14,2.591588524e-13,1.861009699e-14,2.305395675e-13,1.912138118e-14
180.0078125,2.625810304e-14,1.215923398e-13,1.067538488e-13,3.125881795e-14,2.708517463e-14,3.59761966e-14,2.902126284e-14,4.001173875e-14,2.379771975e-14,2.179085092e-13,5.041981418e-14,1.025946744e-13,5.061026695e-14,1.61354734e-13,1.331163388e-13,9.511682223e-14,6.100521141e-14,7.251491433e-14,2.788759239e-14,5.411577161e-14,3.799250159e-14,1.192616872e-14,1.434571912e-14,6.75382183e-14,3.064168731e-14,9.971454586e-14,8.175125902e-14,4.086233694e-14,2.570497589e-13,1.822276768e-14,2.255109156e-13,1.883764902e-14
180.015625,2.599433761e-14,1.19529447e-13,1.057473536e-13,3.089222964e-14,2.641202188e-14,3.48923626e-14,2.845796355e-14,3.985049987e-14,2.341877586e-14,2.156760021e-13,4.967259136e-14,1.006096562e-13,4.961955747e-14,1.574066557e-13,1.305205684e-13,9.407972146e-14,5.969586613e-14,7.085191144e-14,2.737305805e-14,5.317172558e-14,3.765625787e-14,1.18375738e-14,1.401560255e-14,6.662310508e-14,2.995742995e-14,9.749464586e-14,8.047879542e-14,4.059284707e-14,2.548729398e-13,1.783417815e-14,2.205612372e-13,1.85520505e-14
180.0234375,2.572877675e-14,1.174464594e-13,1.047839528e-13,3.049931594e-14,2.5768922e-14,3.381693576e-14,2.790020907e-14,3.968860731e-14,2.303597967e-14,2.134192039e-13,4.897954063e-14,9.864588748e-14,4.865903439e-14,1.535479106e-13,1.280939994e-13,9.31409767e-14,5.850009071e-14,6.926829405e-14,2.689135476e-14,5.23300055e-14,3.732703569e-14,1.174772209e-14,1.368535114e-14,6.567437358e-14,2.930477316e-14,9.53155229e-14,7.920750803e-14,4.029273697e-14,2.526729005e-13,1.744316894e-14,2.157116506e-13,1.826990852e-14
180.03125,2.545021075e-14,1.154393905e-13,1.038232525e-13,3.012207008e-14,2.513979011e-14,3.27625195e-14,2.734231635e-14,3.951904509e-14,2.264230393e-14,2.112293007e-13,4.831828039e-14,9.66608973e-14,4.771633631e-14,1.497553681e-13,1.25783729e-13,9.232881424e-14,5.742489279e-14,6.77499246e-14,2.641495096e-14,5.156537565e-14,3.699614751e-14,1.165353417e-14,1.337053686e-14,6.46661939e-14,2.868580224e-14,9.32143883e-14,7.798606101e-14,3.999902425e-14,2.504326896e-13,1.706342247e-14,2.108555405e-13,1.800027882e-14
180.0390625,2.518904679e-14,1.134012605e-13,1.028614909e-13,2.975742721e-14,2.45372897e-14,3.172929974e-14,2.678937679e-14,3.933467024e-14,2.224655383e-14,2.090321695e-13,4.766857737e-14,9.466996225e-14,4.677840294e-14,1.460439021e-13,1.234890727e-13,9.15553191e-14,5.642701007e-14,6.62640095e-14,2.593406026e-14,5.082657121e-14,3.666898652e-14,1.15575126e-14,1.307977146e-14,6.36242561e-14,2.807711913e-14,9.116582482e-14,7.678176256e-14,3.970410694e-14,2.480795017e-13,1.671425986e-14,2.059650926e-13,1.773447584e-14
180.046875,2.494898099e-14,1.113068525e-13,1.019151259e-13,2.938110338e-14,2.396267351e-14,3.07157429e-14,2.62296935e-14,3.912745291e-14,2.185680878e-14,2.067416204e-13,4.702858966e-14,9.26886041e-14,4.583627739e-14,1.42382655e-13,1.211408212e-13,9.072401425e-14,5.540813753e-14,6.476316272e-14,2.545218219e-14,5.007776603e-14,3.635253485e-14,1.146270834e-14,1.279532964e-14,6.25838917e-14,2.745544509e-14,8.910458406e-14,7.554740397e-14,3.93830217e-14,2.456259676e-13,1.638417754e-14,2.010546058e-13,1.74505215e-14
180.0546875,2.471935723e-14,1.09231495e-13,1.009513735e-13,2.898801722e-14,2.33853304e-14,2.973315296e-14,2.566718028e-14,3.889848919e-14,2.146537023e-14,2.044242243e-13,4.637252252e-14,9.06808824e-14,4.487957087e-14,1.387164076e-13,1.187589372e-13,8.985135882e-14,5.433257759e-14,6.324100603e-14,2.495825839e-14,4.931798269e-14,3.602558731e-14,1.136385318e-14,1.249854116e-14,6.155341618e-14,2.682724594e-14,8.701648884e-14,7.425793756e-14,3.907229061e-14,2.431199502e-13,1.604366729e-14,1.961084164e-13,1.716237355e-14
180.0625,2.449405101e-14,1.070880201e-13,9.991624889e-14,2.859020191e-14,2.281326029e-14,2.878464452e-14,2.51352397e-14,3.867642138e-14,2.107072731e-14,2.021773512e-13,4.568145605e-14,8.864748932e-14,4.392420156e-14,1.350637002e-13,1.164249129e-13,8.897126466e-14,5.324959288e-14,6.172210731e-14,2.445274907e-14,4.856160363e-14,3.568602678e-14,1.125629608e-14,1.219844031e-14,6.053663469e-14,2.621659614e-14,8.494143871e-14,7.289390427e-14,3.881708691e-14,2.405562782e-13,1.569139732e-14,1.911655702e-13,1.689568913e-14
180.0703125,2.426037854e-14,1.048674468e-13,9.878730287e-14,2.821854338e-14,2.225477365e-14,2.785632079e-14,2.462927662e-14,3.846907204e-14,2.067804159e-14,1.999909256e-13,4.497770532e-14,8.662274904e-14,4.297882372e-14,1.314452795e-13,1.141659636e-13,8.808300629e-14,5.219461989e-14,6.020420965e-14,2.395830971e-14,4.781854757e-14,3.535990754e-14,1.114564644e-14,1.190955623e-14,5.952885879e-14,2.562560427e-14,8.290745317e-14,7.147877781e-14,3.858022011e-14,2.379011906e-13,1.53463385e-14,1.862721367e-13,1.66322423e-14
180.078125,2.403363632e-14,1.027505824e-13,9.764842773e-14,2.787410514e-14,2.17004944e-14,2.69446271e-14,2.411135397e-14,3.823543717e-14,2.028620336e-14,1.977801201e-13,4.428258502e-14,8.461397007e-14,4.203276656e-14,1.278810435e-13,1.119306682e-13,8.721098545e-14,5.117801905e-14,5.871298663e-14,2.348743247e-14,4.709826684e-14,3.503189573e-14,1.103687823e-14,1.162701788e-14,5.85163213e-14,2.504135962e-14,8.091244135e-14,7.006599929e-14,3.830134631e-14,2.35136495e-13,1.501514905e-14,1.814284093e-13,1.635322961e-14
180.0859375,2.382818727e-14,1.007108558e-13,9.661001298e-14,2.752308358e-14,2.116993783e-14,2.605953079e-14,2.358207586e-14,3.796212491e-14,1.989858515e-14,1.955089555e-13,4.360162857e-14,8.262349139e-14,4.109447964e-14,1.244023692e-13,1.096665074e-13,8.633154447e-14,5.018393482e-14,5.72859647e-14,2.302560894e-14,4.638361982e-14,3.467515521e-14,1.092770472e-14,1.134943576e-14,5.750481736e-14,2.446281389e-14,7.894625749e-14,6.866283395e-14,3.799807978e-14,2.323564777e-13,1.46963452e-14,1.766356015e-13,1.607678428e-14
180.09375,2.36191688e-14,9.857790301e-14,9.56339647e-14,2.718701932e-14,2.065291602e-14,2.520775314e-14,2.305821145e-14,3.7682355e-14,1.951435776e-14,1.932135618e-13,4.293916947e-14,8.063517802e-14,4.017158042e-14,1.209444749e-13,1.073470955e-13,8.534146739e-14,4.914980989e-14,5.586072638e-14,2.254984819e-14,4.563748778e-14,3.431292748e-14,1.081504334e-14,1.108709907e-14,5.649724893e-14,2.388310271e-14,7.699125249e-14,6.724955454e-14,3.771894969e-14,2.296900402e-13,1.43873957e-14,1.718482747e-13,1.580739148e-14
180.1015625,2.339091549e-14,9.638085501e-14,9.463612405e-14,2.689676565e-14,2.011658645e-14,2.438795182e-14,2.25332501e-14,3.740195297e-14,1.912118882e-14,1.908930067e-13,4.228055811e-14,7.860819363e-14,3.926183114e-14,1.174455867e-13,1.049779274e-13,8.422015559e-14,4.804676703e-14,5.435898724e-14,2.206021986e-14,4.487454541e-14,3.395280318e-14,1.06975717e-14,1.083338118e-14,5.547359702e-14,2.329080546e-14,7.50172839e-14,6.581848675e-14,3.745991433e-14,2.270305485e-13,1.407733455e-14,1.670114007e-13,1.552806476e-14
180.109375,2.313797353e-14,9.417736899e-14,9.361266318e-14,2.658919506e-14,1.959303934e-14,2.359172852e-14,2.201121754e-14,3.710772807e-14,1.872788831e-14,1.885317811e-13,4.160741638e-14,7.655605067e-14,3.836908009e-14,1.139712961e-13,1.026042677e-13,8.305470974e-14,4.691840268e-14,5.281302958e-14,2.157519489e-14,4.414236238e-14,3.356434563e-14,1.057874888e-14,1.057526936e-14,5.444094334e-14,2.270046723e-14,7.301593527e-14,6.434828527e-14,3.720538912e-14,2.241827465e-13,1.375915751e-14,1.621838412e-13,1.524122933e-14
